timestep,x_cm,y_cm,z_cm,yaw_deg,basis_xx,basis_xy,basis_xz,basis_yx,basis_yy,basis_yz,basis_zx,basis_zy,basis_zz,teleport_flag,throttle_cmd,steering_cmd,cmd_move_cm,cmd_turn_deg,lidar_cm_0,lidar_cm_1,lidar_cm_2,lidar_cm_3,lidar_cm_4,lidar_cm_5,lidar_cm_6,lidar_cm_7,lidar_cm_8,lidar_cm_9,lidar_cm_10,lidar_cm_11,lidar_cm_12,lidar_cm_13,lidar_cm_14,lidar_cm_15,lidar_cm_16,lidar_class_0,lidar_class_1,lidar_class_2,lidar_class_3,lidar_class_4,lidar_class_5,lidar_class_6,lidar_class_7,lidar_class_8,lidar_class_9,lidar_class_10,lidar_class_11,lidar_class_12,lidar_class_13,lidar_class_14,lidar_class_15,lidar_class_16
0,8858.292,-3611.199,27.746,-48.077,0.668133,0.744041,0.001138,-0.744041,0.668134,-0.000331,-0.001007,-0.000625,0.999999,1,0.08000,-0.12000,4.800,-0.240,525.000,400.000,875.000,400.000,-1,325.000,325.000,300.000,300.000,-1,850.000,700.000,-1,525.000,800.000,500.000,-1,1,0,1,0,2,0,0,0,0,2,1,1,2,1,0,1,2
1,8864.646,-3618.395,27.745,-48.557,0.661876,0.749612,0.001295,-0.749612,0.661877,-0.000501,-0.001233,-0.000639,0.999999,0,0.16000,-0.24000,9.600,-0.480,525.000,400.000,875.000,400.000,-1,325.000,325.000,300.000,300.000,-1,875.000,725.000,-1,525.000,800.000,500.000,-1,1,0,1,0,2,0,0,0,0,2,1,1,2,1,0,1,2
2,8874.040,-3629.308,27.710,-49.277,0.652404,0.757870,0.001558,-0.757870,0.652405,-0.000596,-0.001468,-0.000792,0.999999,0,0.24000,-0.36000,14.400,-0.720,500.000,400.000,875.000,400.000,-1,325.000,325.000,300.000,300.000,-1,900.000,750.000,-1,525.000,800.000,475.000,-1,1,0,1,0,2,0,0,0,0,2,1,1,2,1,0,1,2
3,8886.321,-3644.067,27.663,-50.237,0.639614,0.768694,0.001907,-0.768694,0.639616,-0.000729,-0.001781,-0.001000,0.999998,0,0.32000,-0.48000,19.200,-0.960,475.000,400.000,875.000,400.000,-1,325.000,325.000,300.000,300.000,-1,950.000,800.000,-1,500.000,800.000,475.000,-1,1,0,1,0,2,0,0,0,0,2,1,1,2,1,0,1,2
4,8901.282,-3662.833,27.601,-51.437,0.623374,0.781920,0.002343,-0.781921,0.623377,-0.000905,-0.002169,-0.001268,0.999997,0,0.40000,-0.60000,24.000,-1.200,425.000,400.000,875.000,400.000,-1,325.000,325.000,300.000,300.000,-1,-1,850.000,-1,500.000,800.000,450.000,-1,1,0,1,0,2,0,0,0,0,2,2,1,2,1,0,1,2
5,8918.664,-3685.797,27.523,-52.877,0.603526,0.797339,0.002863,-0.797339,0.603530,-0.001131,-0.002630,-0.001600,0.999995,0,0.48000,-0.72000,28.800,-1.440,400.000,400.000,875.000,400.000,1000.000,325.000,325.000,300.000,300.000,-1,-1,925.000,-1,500.000,800.000,425.000,-1,1,0,1,0,1,0,0,0,0,2,2,1,2,1,0,1,2
6,8938.175,-3713.151,27.428,-54.501,0.580688,0.814119,0.003463,-0.814120,0.580695,-0.001415,-0.003163,-0.001998,0.999993,0,0.56000,-0.81186,33.600,-1.624,375.000,400.000,900.000,400.000,950.000,325.000,325.000,300.000,300.000,-1,-1,1000.000,-1,475.000,800.000,400.000,-1,1,0,1,0,1,0,0,0,0,2,2,1,2,1,0,1,2
7,8959.586,-3745.028,27.302,-56.111,0.557570,0.830120,0.004088,-0.830121,0.557580,-0.001766,-0.003746,-0.002409,0.999990,0,0.64000,-0.80538,38.400,-1.611,325.000,400.000,900.000,400.000,925.000,325.000,325.000,300.000,300.000,-1,-1,-1,-1,475.000,800.000,375.000,-1,1,0,1,0,1,0,0,0,0,2,2,2,2,1,0,1,2
8,8982.666,-3781.546,27.132,-57.707,0.534230,0.845326,0.004678,-0.845328,0.534243,-0.002177,-0.004339,-0.002791,0.999987,0,0.72000,-0.79800,43.200,-1.596,300.000,400.000,900.000,400.000,875.000,325.000,325.000,300.000,300.000,-1,-1,-1,-1,450.000,800.000,350.000,1000.000,1,1,1,0,1,0,0,0,0,2,2,2,2,1,0,1,1
9,9007.182,-3822.813,26.929,-59.286,0.510726,0.859727,0.005296,-0.859729,0.510744,-0.002649,-0.004982,-0.003200,0.999982,0,0.80000,-0.78959,48.000,-1.579,275.000,400.000,925.000,400.000,850.000,325.000,325.000,300.000,300.000,-1,-1,-1,-1,450.000,800.000,300.000,950.000,1,1,1,0,1,0,0,0,0,2,2,2,2,1,0,1,1
10,9031.525,-3866.454,26.693,-60.846,0.487126,0.873312,0.005889,-0.873313,0.487148,-0.003187,-0.005652,-0.003591,0.999978,0,0.83285,-0.78001,49.971,-1.560,250.000,375.000,950.000,400.000,800.000,325.000,325.000,300.000,300.000,-1,-1,-1,-1,425.000,775.000,275.000,875.000,1,1,1,0,1,0,0,1,0,2,2,2,2,1,1,1,1
11,9054.670,-3910.698,26.394,-62.386,0.463488,0.886080,0.006352,-0.886080,0.463516,-0.003942,-0.006438,-0.003801,0.999972,0,0.83220,-0.76953,49.932,-1.539,200.000,375.000,-1,400.000,750.000,325.000,325.000,300.000,300.000,-1,-1,-1,-1,425.000,750.000,250.000,825.000,1,1,2,0,1,0,0,1,0,2,2,2,2,1,1,1,1
12,9076.591,-3955.449,26.083,-63.902,0.439865,0.898039,0.006768,-0.898035,0.439898,-0.004692,-0.007190,-0.004014,0.999966,0,0.83052,-0.75842,49.831,-1.517,175.000,350.000,-1,400.000,725.000,325.000,325.000,275.000,300.000,-1,-1,-1,-1,425.000,700.000,225.000,775.000,1,1,2,0,1,0,0,1,0,2,2,2,2,1,1,1,1
13,9097.269,-4000.605,25.761,-65.396,0.416305,0.909197,0.007135,-0.909191,0.416344,-0.005431,-0.007909,-0.004226,0.999960,0,0.82776,-0.74669,49.666,-1.493,150.000,350.000,-1,400.000,675.000,325.000,325.000,250.000,300.000,-1,-1,-1,-1,400.000,675.000,200.000,725.000,1,1,2,0,1,0,0,1,0,2,2,2,2,1,1,1,1
14,9116.691,-4046.062,25.379,-66.865,0.392856,0.919569,0.007578,-0.919561,0.392902,-0.005927,-0.008427,-0.004640,0.999954,0,0.82387,-0.73441,49.432,-1.469,125.000,350.000,-1,400.000,625.000,325.000,325.000,225.000,300.000,-1,-1,-1,-1,400.000,625.000,175.000,675.000,1,1,2,0,1,0,0,1,0,2,2,2,2,1,1,1,1
15,9134.850,-4091.711,24.949,-68.308,0.369561,0.929171,0.008157,-0.929163,0.369614,-0.006385,-0.008948,-0.005220,0.999946,0,0.81881,-0.72164,49.128,-1.443,125.000,350.000,-1,400.000,600.000,325.000,325.000,200.000,300.000,-1,-1,-1,-1,400.000,600.000,150.000,625.000,1,1,2,0,1,0,0,1,0,2,2,2,2,1,1,1,1
16,9151.745,-4137.446,26.098,-69.725,0.346530,0.938039,0.000779,-0.938030,0.346530,-0.004208,-0.004217,0.000727,0.999991,0,0.81259,-0.70847,48.756,-1.417,100.000,350.000,-1,400.000,550.000,325.000,325.000,200.000,300.000,-1,-1,-1,-1,400.000,575.000,150.000,575.000,1,1,2,0,1,0,0,1,0,2,2,2,2,1,1,1,1
17,9167.384,-4183.160,28.203,-71.115,0.323634,0.946116,-0.011259,-0.946175,0.323655,0.000069,0.003710,0.010630,0.999937,0,0.80526,-0.69501,48.316,-1.390,100.000,350.000,-1,425.000,525.000,350.000,350.000,175.000,300.000,-1,-1,-1,-1,400.000,550.000,150.000,525.000,1,1,2,0,1,0,0,1,0,2,2,2,2,1,1,1,1
18,9181.782,-4228.754,30.022,-72.478,0.300863,0.953420,-0.021715,-0.953607,0.301023,0.004416,0.010747,0.019379,0.999754,0,0.79689,-0.68138,47.813,-1.363,100.000,350.000,-1,425.000,475.000,375.000,375.000,175.000,275.000,-1,975.000,675.000,-1,425.000,525.000,125.000,500.000,1,1,2,1,1,0,0,1,0,2,0,0,2,1,1,1,1
19,9195.126,-4274.082,31.793,-73.600,0.281811,0.958935,-0.032027,-0.959305,0.282224,0.009109,0.017773,0.028157,0.999446,0,0.78752,-0.56138,47.251,-1.123,100.000,350.000,-1,400.000,450.000,400.000,375.000,150.000,275.000,-1,575.000,350.000,-1,425.000,500.000,125.000,450.000,1,1,2,1,1,0,1,1,0,2,0,0,2,1,1,1,1
20,9207.619,-4319.062,33.604,-74.483,0.266546,0.962885,-0.042491,-0.963499,0.267338,0.014110,0.024945,0.037179,0.998997,0,0.77803,-0.44138,46.682,-0.883,100.000,375.000,-1,375.000,400.000,400.000,375.000,150.000,275.000,-1,425.000,250.000,-1,450.000,475.000,125.000,425.000,1,1,2,1,1,1,1,1,0,2,0,0,2,1,1,1,1
21,9219.463,-4363.630,35.526,-75.126,0.255095,0.965437,-0.053461,-0.966371,0.256417,0.019420,0.032457,0.046709,0.998381,0,0.76857,-0.32138,46.114,-0.643,100.000,375.000,-1,375.000,375.000,425.000,350.000,150.000,275.000,-1,350.000,175.000,-1,475.000,450.000,125.000,375.000,1,1,2,1,1,1,1,1,0,2,0,0,2,1,1,1,1
22,9230.857,-4407.745,37.621,-75.529,0.247452,0.966697,-0.065298,-0.968053,0.249491,0.025046,0.040504,0.057015,0.997551,0,0.75936,-0.20138,45.561,-0.403,100.000,375.000,-1,350.000,325.000,450.000,350.000,125.000,275.000,-1,325.000,150.000,850.000,525.000,450.000,125.000,350.000,1,1,2,1,1,1,1,1,0,2,0,0,0,1,1,1,1
23,9241.998,-4451.379,39.946,-75.691,0.243574,0.966712,-0.078355,-0.968630,0.246568,0.030977,0.049266,0.068352,0.996444,0,0.75056,-0.08138,45.033,-0.163,100.000,400.000,-1,350.000,300.000,500.000,350.000,125.000,250.000,-1,275.000,100.000,675.000,625.000,425.000,125.000,325.000,1,1,2,1,1,1,1,1,0,2,0,0,0,1,1,1,1
24,9253.079,-4494.519,42.556,-75.614,0.243383,0.965464,-0.092971,-0.968140,0.247636,0.037167,0.058906,0.080963,0.994975,0,0.74232,0.03862,44.539,0.077,100.000,400.000,-1,325.000,250.000,500.000,350.000,125.000,250.000,-1,250.000,75.000,525.000,-1,425.000,125.000,275.000,1,1,2,1,1,1,1,1,0,2,0,0,0,2,1,1,1
25,9264.289,-4537.158,45.462,-75.297,0.246744,0.962860,-0.109627,-0.966573,0.252658,0.043589,0.069669,0.095208,0.993017,0,0.73476,0.15862,44.086,0.317,75.000,425.000,-1,325.000,225.000,525.000,375.000,125.000,250.000,-1,225.000,50.000,425.000,-1,425.000,125.000,250.000,1,1,2,1,1,1,1,1,0,2,0,0,0,2,1,1,1
26,9275.790,-4579.299,53.419,-74.740,0.253345,0.960522,-0.114954,-0.962647,0.262056,0.068102,0.095537,0.093407,0.991034,0,0.72796,0.27862,43.678,0.557,100.000,525.000,-1,350.000,225.000,600.000,450.000,125.000,275.000,-1,175.000,50.000,400.000,-1,450.000,125.000,250.000,1,1,2,1,1,1,1,1,0,2,0,0,0,2,1,1,1
27,9287.779,-4620.932,62.057,-73.942,0.263480,0.956872,-0.122370,-0.956753,0.275421,0.093633,0.123298,0.092407,0.988058,0,0.72197,0.39862,43.318,0.797,100.000,-1,-1,400.000,225.000,775.000,625.000,125.000,300.000,-1,150.000,50.000,350.000,-1,525.000,125.000,275.000,1,2,2,1,1,1,1,1,0,2,0,0,0,2,1,1,1
28,-984.042,2296.213,286.125,17.846,0.949483,-0.294456,-0.108526,0.312911,0.914604,0.256097,0.023849,-0.277118,0.960540,1,0.00000,0.00000,48.118,1.037,300.000,400.000,-1,800.000,-1,400.000,500.000,175.000,125.000,525.000,-1,-1,-1,625.000,-1,475.000,-1,0,0,2,1,2,0,0,0,1,0,2,2,2,0,2,0,2
29,4259.887,8851.993,395.585,-140.086,-0.767253,0.640920,0.023325,-0.641279,-0.766145,-0.042232,-0.009197,-0.047360,0.998836,1,0.08000,-0.12000,4.800,-0.240,-1,400.000,-1,400.000,-1,325.000,325.000,300.000,300.000,-1,-1,-1,-1,750.000,625.000,-1,875.000,2,0,2,0,2,0,0,0,0,2,2,2,2,0,1,2,1
30,4252.473,8845.895,395.489,-140.566,-0.772592,0.634477,0.023269,-0.634841,-0.771484,-0.042297,-0.008885,-0.047450,0.998834,0,0.16000,-0.24000,9.600,-0.480,-1,400.000,-1,400.000,-1,325.000,325.000,300.000,300.000,-1,-1,-1,-1,750.000,625.000,-1,875.000,2,0,2,1,2,0,0,0,0,2,2,2,2,0,1,2,1
31,4241.237,8836.889,395.355,-141.286,-0.780498,0.624729,0.023181,-0.625102,-0.779391,-0.042391,-0.008416,-0.047576,0.998832,0,0.24000,-0.36000,14.400,-0.720,-1,400.000,-1,400.000,-1,325.000,325.000,300.000,325.000,-1,-1,-1,-1,750.000,625.000,-1,875.000,2,0,2,1,2,0,0,0,0,2,2,2,2,0,1,2,1
32,4226.056,8825.133,395.194,-142.246,-0.790848,0.611578,0.023054,-0.611963,-0.789743,-0.042510,-0.007792,-0.047727,0.998830,0,0.32000,-0.48000,19.200,-0.960,-1,400.000,-1,400.000,-1,325.000,325.000,300.000,325.000,-1,-1,-1,-1,750.000,625.000,-1,875.000,2,0,2,1,2,0,0,0,0,2,2,2,2,0,1,2,1
33,4206.777,8810.839,395.020,-143.446,-0.803474,0.594900,0.022880,-0.595299,-0.802372,-0.042649,-0.007014,-0.047888,0.998828,0,0.40000,-0.60000,24.000,-1.200,-1,400.000,-1,375.000,-1,325.000,325.000,300.000,325.000,-1,-1,-1,-1,750.000,600.000,-1,875.000,2,0,2,1,2,0,0,0,0,2,2,2,2,1,1,2,1
34,4183.218,8794.273,394.852,-144.886,-0.818160,0.574545,0.022652,-0.574959,-0.817062,-0.042800,-0.006083,-0.048041,0.998827,0,0.48000,-0.72000,28.800,-1.440,-1,400.000,-1,375.000,-1,325.000,325.000,300.000,325.000,950.000,-1,-1,-1,700.000,600.000,-1,850.000,2,0,2,1,2,0,0,0,0,1,2,2,2,1,1,2,1
35,4155.236,8775.671,394.708,-146.385,-0.832901,0.552970,0.022359,-0.553398,-0.831808,-0.042956,-0.005155,-0.048152,0.998827,0,0.56000,-0.74952,33.600,-1.499,-1,400.000,-1,375.000,-1,325.000,325.000,300.000,325.000,900.000,-1,-1,-1,675.000,575.000,1000.000,850.000,2,0,2,1,2,0,1,0,0,1,2,2,2,1,1,1,1
36,4122.710,8755.259,394.604,-147.890,-0.847130,0.530930,0.021997,-0.531369,-0.846043,-0.043112,-0.004279,-0.048210,0.998828,0,0.64000,-0.75254,38.400,-1.505,-1,400.000,975.000,375.000,-1,325.000,325.000,300.000,325.000,875.000,-1,-1,-1,625.000,575.000,925.000,825.000,2,0,1,1,2,0,1,0,0,1,2,2,2,1,1,1,1
37,4085.524,8733.271,394.464,-149.403,-0.860841,0.508415,0.021621,-0.508864,-0.859780,-0.042841,-0.003192,-0.047882,0.998848,0,0.72000,-0.75649,43.200,-1.513,-1,400.000,925.000,350.000,-1,325.000,300.000,300.000,325.000,850.000,-1,-1,-1,600.000,550.000,850.000,825.000,2,1,1,1,2,1,1,0,0,1,2,2,2,1,1,1,1
38,4043.572,8709.946,394.382,-150.926,-0.874036,0.485398,0.021202,-0.485856,-0.873005,-0.042495,-0.002118,-0.047443,0.998872,0,0.80000,-0.76139,48.000,-1.523,-1,375.000,875.000,350.000,-1,300.000,300.000,300.000,300.000,875.000,-1,-1,-1,550.000,525.000,750.000,800.000,2,1,1,1,2,1,1,0,0,1,2,2,2,1,1,1,1
39,3996.755,8685.533,394.476,-152.460,-0.886705,0.461849,0.021195,-0.462335,-0.885698,-0.042268,-0.000749,-0.047278,0.998881,0,0.88000,-0.76725,52.800,-1.534,850.000,350.000,825.000,325.000,-1,300.000,275.000,300.000,325.000,875.000,-1,-1,-1,500.000,525.000,675.000,825.000,1,1,1,1,2,1,1,0,0,1,2,2,2,1,1,1,1
40,3944.980,8660.289,395.048,-154.008,-0.898818,0.437728,0.022817,-0.438319,-0.897801,-0.042777,0.001760,-0.048450,0.998824,0,0.96000,-0.77405,57.600,-1.548,750.000,325.000,775.000,325.000,-1,275.000,275.000,300.000,325.000,925.000,-1,-1,-1,475.000,500.000,575.000,900.000,1,1,1,1,2,1,1,0,0,1,2,2,2,1,1,1,1
41,3890.352,8635.475,395.859,-155.572,-0.910373,0.413036,0.024957,-0.413763,-0.909338,-0.043640,0.004669,-0.050055,0.998736,0,1.00000,-0.78174,60.000,-1.563,625.000,300.000,725.000,300.000,-1,250.000,250.000,300.000,325.000,950.000,-1,-1,-1,425.000,500.000,500.000,-1,1,1,1,1,2,1,1,0,0,1,2,2,2,1,1,1,2
42,3835.059,8612.176,396.794,-157.151,-0.921338,0.387770,0.027770,-0.388678,-0.920273,-0.045017,0.008099,-0.052270,0.998600,0,1.00000,-0.78976,60.000,-1.580,525.000,275.000,775.000,300.000,-1,250.000,250.000,300.000,325.000,1000.000,-1,-1,-1,400.000,475.000,425.000,-1,1,1,1,1,2,1,1,0,1,1,2,2,2,1,1,1,2
43,3779.139,8590.429,399.402,-158.746,-0.931544,0.362072,0.033616,-0.363225,-0.930883,-0.039044,0.017156,-0.048582,0.998672,0,1.00000,-0.79748,60.000,-1.595,450.000,275.000,-1,300.000,-1,225.000,250.000,325.000,300.000,-1,-1,-1,-1,375.000,475.000,375.000,-1,1,1,2,1,2,1,1,0,1,2,2,2,2,1,1,1,2
44,3722.627,8570.264,403.833,-160.356,-0.940909,0.335935,0.042867,-0.337157,-0.941110,-0.025257,0.031858,-0.038217,0.998761,0,1.00000,-0.80476,60.000,-1.610,450.000,275.000,-1,325.000,-1,225.000,250.000,350.000,275.000,-1,450.000,350.000,-1,375.000,550.000,375.000,-1,1,1,2,1,2,1,1,0,1,2,0,0,2,1,1,1,2
45,3665.568,8551.706,408.501,-161.979,-0.949488,0.309257,0.053219,-0.310261,-0.950581,-0.011569,0.047011,-0.027496,0.998516,0,1.00000,-0.81142,60.000,-1.623,450.000,275.000,-1,325.000,-1,225.000,250.000,375.000,275.000,-1,275.000,225.000,-1,375.000,650.000,375.000,-1,1,1,2,1,2,1,1,0,1,2,0,0,2,1,1,1,2
46,3608.002,8534.780,413.307,-163.613,-0.957223,0.282085,0.064445,-0.282571,-0.959245,0.001622,0.062276,-0.016658,0.997920,0,1.00000,-0.81725,60.000,-1.634,425.000,275.000,-1,350.000,-1,250.000,250.000,425.000,275.000,-1,225.000,150.000,-1,375.000,775.000,375.000,-1,1,1,2,1,2,1,1,0,1,2,0,0,2,1,1,1,2
47,3549.975,8519.510,418.218,-165.257,-0.964046,0.254480,0.076518,-0.254126,-0.967063,0.014493,0.077686,-0.005473,0.996963,0,1.00000,-0.82200,60.000,-1.644,425.000,275.000,-1,375.000,-1,250.000,275.000,450.000,250.000,-1,200.000,125.000,875.000,400.000,950.000,375.000,-1,1,1,2,1,2,1,1,0,1,2,0,0,0,1,1,1,2
48,-2295.761,4919.503,222.008,-8.903,0.987881,0.154632,-0.013453,-0.155048,0.987125,-0.039294,0.007204,0.040904,0.999137,1,0.00000,0.00000,60.000,-1.651,-1,400.000,-1,400.000,-1,325.000,325.000,300.000,300.000,-1,-1,-1,-1,750.000,750.000,-1,-1,2,0,2,0,2,0,0,0,0,2,2,2,2,0,0,2,2
49,-2291.016,4918.780,222.043,-8.663,0.988518,0.150495,-0.013518,-0.150918,0.987764,-0.039315,0.007436,0.040904,0.999135,0,0.08000,0.12000,4.800,0.240,-1,400.000,-1,400.000,-1,325.000,325.000,300.000,300.000,-1,-1,-1,-1,750.000,750.000,-1,-1,2,0,2,0,2,0,0,0,0,2,2,2,2,0,0,2,2
50,-2281.514,4917.413,222.116,-8.183,0.989742,0.142215,-0.013647,-0.142650,0.988990,-0.039358,0.007900,0.040901,0.999132,0,0.16000,0.24000,9.600,0.480,-1,400.000,-1,400.000,-1,325.000,325.000,300.000,300.000,-1,-1,-1,-1,750.000,750.000,-1,-1,2,0,2,0,2,0,0,0,0,2,2,2,2,0,0,2,2
51,-2267.236,4915.543,222.234,-7.463,0.991447,0.129776,-0.013839,-0.130229,0.990700,-0.039426,0.008594,0.040891,0.999127,0,0.24000,0.36000,14.400,0.720,-1,400.000,-1,400.000,-1,325.000,325.000,300.000,300.000,-1,-1,-1,-1,750.000,750.000,-1,-1,2,0,2,0,2,0,0,0,0,2,2,2,2,0,0,2,2
52,-2248.159,4913.369,222.405,-6.503,0.993477,0.113160,-0.014091,-0.113636,0.992736,-0.039522,0.009517,0.040866,0.999119,0,0.32000,0.48000,19.200,0.960,-1,400.000,-1,400.000,-1,325.000,325.000,300.000,300.000,-1,-1,-1,-1,750.000,750.000,-1,-1,2,0,2,0,2,0,0,0,0,2,2,2,2,0,0,2,2
53,-2224.262,4911.151,222.640,-5.303,0.995623,0.092345,-0.014402,-0.092850,0.994890,-0.039653,0.010666,0.040816,0.999110,0,0.40000,0.60000,24.000,1.200,-1,400.000,-1,400.000,-1,325.000,325.000,300.000,300.000,-1,-1,1000.000,-1,750.000,750.000,-1,-1,2,0,2,0,2,0,0,0,0,2,2,0,2,0,0,2,2
54,-2195.528,4909.211,222.952,-3.863,0.997623,0.067314,-0.014766,-0.067855,0.996900,-0.039827,0.012039,0.040734,0.999097,0,0.48000,0.72000,28.800,1.440,-1,400.000,-1,400.000,-1,325.000,325.000,300.000,300.000,-1,-1,950.000,-1,725.000,750.000,-1,-1,2,0,2,0,2,0,0,0,0,2,2,0,2,0,0,2,2
55,-2161.953,4907.931,223.358,-2.183,0.999160,0.038059,-0.015179,-0.038640,0.998450,-0.040056,0.013631,0.040609,0.999082,0,0.56000,0.84000,33.600,1.680,-1,400.000,-1,400.000,-1,325.000,325.000,300.000,300.000,-1,-1,950.000,-1,725.000,750.000,-1,-1,2,0,2,0,2,0,0,0,0,2,2,0,2,0,0,2,2
56,-2123.553,4907.755,223.874,-0.263,0.999867,0.004585,-0.015634,-0.005213,0.999172,-0.040358,0.015436,0.040434,0.999063,0,0.64000,0.96000,38.400,1.920,-1,400.000,-1,400.000,-1,325.000,325.000,300.000,300.000,-1,975.000,975.000,-1,725.000,750.000,-1,-1,2,0,2,0,2,0,0,0,0,2,0,0,2,0,0,2,2
57,-2083.891,4908.958,224.462,1.737,0.999412,-0.030288,-0.016081,0.029612,0.998732,-0.040721,0.017294,0.040221,0.999041,0,0.66135,1.00000,39.681,2.000,-1,400.000,-1,400.000,-1,325.000,325.000,300.000,300.000,-1,925.000,1000.000,-1,725.000,750.000,-1,-1,2,0,2,0,2,0,0,0,0,2,0,0,2,0,0,2,2
58,-2044.253,4911.546,225.105,3.736,0.997742,-0.065103,-0.016501,0.064379,0.997077,-0.041139,0.019131,0.039984,0.999017,0,0.66204,0.99934,39.722,1.999,-1,400.000,-1,400.000,-1,325.000,325.000,300.000,300.000,-1,900.000,-1,-1,725.000,750.000,-1,-1,2,0,2,0,2,0,0,0,0,2,0,2,2,0,0,2,2
59,-2004.689,4915.518,225.801,5.733,0.994863,-0.099815,-0.016891,0.099043,0.994213,-0.041617,0.020947,0.039730,0.998991,0,0.66272,0.99865,39.763,1.997,-1,400.000,-1,400.000,-1,325.000,325.000,300.000,300.000,-1,925.000,-1,-1,725.000,750.000,-1,-1,2,0,2,0,2,0,0,0,0,2,0,2,2,0,0,2,2
60,-1965.247,4920.871,226.648,7.729,0.990781,-0.134385,-0.017129,0.133579,0.990157,-0.041773,0.022574,0.039100,0.998980,0,0.66339,0.99799,39.804,1.996,-1,375.000,-1,400.000,-1,325.000,325.000,300.000,300.000,-1,975.000,-1,-1,725.000,750.000,-1,-1,2,0,2,0,2,0,0,0,0,2,0,2,2,0,0,2,2
61,-1922.801,4928.139,227.660,9.718,0.985521,-0.168667,-0.017320,0.167826,0.984921,-0.042014,0.024145,0.038499,0.998967,0,0.71774,0.99428,43.064,1.989,-1,375.000,-1,400.000,-1,325.000,325.000,300.000,300.000,-1,-1,-1,-1,725.000,775.000,-1,-1,2,0,2,0,2,0,0,0,0,2,2,2,2,0,0,2,2
62,-1880.554,4936.896,228.794,11.710,0.979064,-0.202814,-0.017345,0.201937,0.978472,-0.042582,0.025608,0.038188,0.998942,0,0.71909,0.99633,43.145,1.993,-1,375.000,-1,400.000,-1,325.000,325.000,300.000,300.000,-1,-1,-1,-1,700.000,775.000,-1,-1,2,0,2,0,2,0,0,0,0,2,2,2,2,0,0,2,2
63,-1838.559,4947.139,229.988,13.707,0.971407,-0.236788,-0.017338,0.235873,0.970821,-0.043253,0.027074,0.037927,0.998914,0,0.72044,0.99842,43.226,1.997,-1,375.000,-1,400.000,-1,325.000,325.000,300.000,300.000,-1,-1,-1,-1,700.000,775.000,-1,-1,2,0,2,0,2,0,0,0,0,2,2,2,2,0,0,2,2
64,-1796.870,4958.863,231.233,15.707,0.962557,-0.270527,-0.017271,0.269574,0.961974,-0.043995,0.028516,0.037692,0.998882,0,0.72179,1.00000,43.307,2.000,-1,375.000,-1,400.000,-1,325.000,325.000,300.000,300.000,-1,-1,-1,-1,700.000,775.000,-1,-1,2,0,2,0,2,0,0,0,0,2,2,2,2,0,0,2,2
65,-1755.538,4972.059,232.527,17.707,0.952538,-0.303937,-0.017133,0.302944,0.951954,-0.044812,0.029930,0.037494,0.998849,0,0.72312,1.00000,43.387,2.000,-1,375.000,-1,400.000,-1,325.000,325.000,300.000,300.000,-1,-1,-1,-1,700.000,775.000,-1,-1,2,0,2,0,2,0,0,0,0,2,2,2,2,0,0,2,2
66,-1714.618,4986.717,233.868,19.707,0.941361,-0.336976,-0.016915,0.335944,0.940772,-0.045704,0.031315,0.037341,0.998812,0,0.72444,1.00000,43.466,2.000,675.000,375.000,-1,400.000,-1,325.000,325.000,300.000,300.000,-1,-1,-1,-1,700.000,750.000,-1,-1,1,0,2,0,2,0,0,0,0,2,2,2,2,0,0,2,2
67,-1674.163,5002.822,235.254,21.707,0.929041,-0.369605,-0.016606,0.368533,0.928442,-0.046672,0.032668,0.037240,0.998772,0,0.72572,1.00000,43.543,2.000,575.000,375.000,-1,400.000,-1,300.000,325.000,300.000,300.000,-1,-1,-1,-1,675.000,750.000,-1,-1,1,0,2,0,2,0,0,0,0,2,2,2,2,0,0,2,2
68,-1634.225,5020.359,236.741,23.707,0.915586,-0.401786,-0.016430,0.400668,0.914986,-0.047591,0.034154,0.036991,0.998732,0,0.72698,1.00000,43.619,2.000,500.000,375.000,-1,400.000,-1,300.000,325.000,300.000,300.000,-1,-1,-1,-1,675.000,750.000,-1,-1,1,0,2,0,2,0,0,0,0,2,2,2,2,0,0,2,2
69,-1594.858,5039.311,238.482,25.707,0.900997,-0.433489,-0.017063,0.432308,0.900439,-0.048158,0.036240,0.036014,0.998694,0,0.72819,1.00000,43.692,2.000,475.000,375.000,-1,375.000,-1,300.000,325.000,300.000,300.000,-1,-1,-1,-1,675.000,750.000,-1,-1,1,0,2,0,2,0,0,0,0,2,2,2,2,0,0,2,2
70,-1556.115,5059.657,240.296,27.707,0.885308,-0.464667,-0.017757,0.463419,0.884794,-0.048808,0.038391,0.034981,0.998650,0,0.72936,1.00000,43.762,2.000,425.000,375.000,-1,375.000,-1,300.000,325.000,300.000,300.000,-1,-1,-1,-1,675.000,725.000,-1,-1,1,0,2,0,2,0,0,0,0,2,2,2,2,0,0,2,2
71,-1518.046,5081.377,242.184,29.707,0.868536,-0.495281,-0.018505,0.493961,0.868071,-0.049552,0.040606,0.033897,0.998600,0,0.73047,1.00000,43.828,2.000,400.000,375.000,-1,375.000,-1,300.000,325.000,300.000,300.000,-1,-1,-1,-1,675.000,725.000,-1,1000.000,1,0,2,0,2,0,0,1,0,2,2,2,2,0,0,2,1
72,-1480.706,5104.445,244.152,31.707,0.850701,-0.525295,-0.019291,0.523900,0.850291,-0.050347,0.042849,0.032724,0.998545,0,0.73153,1.00000,43.892,2.000,350.000,375.000,-1,375.000,-1,300.000,325.000,300.000,300.000,-1,-1,-1,-1,675.000,725.000,-1,950.000,1,1,2,0,2,0,0,1,0,2,2,2,2,0,0,2,1
73,-1444.144,5128.835,246.214,33.707,0.831825,-0.554673,-0.020102,0.553204,0.831475,-0.051138,0.045079,0.031417,0.998489,0,0.73251,1.00000,43.951,2.000,325.000,375.000,-1,375.000,975.000,300.000,325.000,275.000,300.000,-1,1000.000,975.000,-1,675.000,725.000,-1,900.000,1,1,2,0,1,0,0,1,0,2,0,0,2,0,0,2,1
74,-1408.411,5154.518,248.340,35.707,0.811931,-0.583377,-0.020945,0.581829,0.811644,-0.052051,0.047365,0.030075,0.998425,0,0.73341,1.00000,44.005,2.000,300.000,375.000,-1,375.000,875.000,300.000,325.000,275.000,300.000,-1,925.000,875.000,-1,675.000,725.000,-1,875.000,1,1,2,0,1,0,0,1,0,2,0,0,2,0,0,2,1
75,-1373.559,5181.464,251.692,37.707,0.791112,-0.611281,-0.021869,0.609328,0.790703,-0.059232,0.053499,0.033533,0.998005,0,0.73423,1.00000,44.054,2.000,300.000,375.000,-1,400.000,825.000,325.000,325.000,275.000,300.000,-1,700.000,575.000,-1,700.000,750.000,-1,850.000,1,0,2,0,1,0,0,1,0,2,0,0,2,0,0,2,1
76,-1339.636,5209.640,255.709,39.707,0.769413,-0.638364,-0.022259,0.635771,0.768720,-0.069755,0.061640,0.039519,0.997316,0,0.73495,1.00000,44.097,2.000,325.000,400.000,-1,400.000,775.000,325.000,325.000,275.000,300.000,-1,500.000,400.000,-1,750.000,775.000,-1,800.000,1,0,2,0,1,0,0,1,0,2,0,0,2,0,1,2,1
77,-1306.691,5239.007,259.588,41.707,0.746824,-0.664657,-0.022019,0.661413,0.745809,-0.079384,0.069185,0.044722,0.996601,0,0.73557,1.00000,44.134,2.000,375.000,425.000,-1,425.000,750.000,350.000,350.000,250.000,300.000,-1,425.000,325.000,-1,775.000,775.000,1000.000,775.000,1,0,2,0,1,0,0,1,0,2,0,0,2,0,1,1,1
78,-1274.768,5269.527,263.338,43.707,0.723369,-0.690135,-0.021235,0.686248,0.722007,-0.088152,0.076168,0.049194,0.995881,0,0.73606,1.00000,44.164,2.000,450.000,425.000,-1,425.000,700.000,350.000,350.000,250.000,300.000,-1,375.000,275.000,-1,800.000,750.000,975.000,775.000,1,0,2,0,1,0,0,1,0,2,0,0,2,1,1,1,1
79,-1243.915,5301.157,266.969,45.707,0.699071,-0.714773,-0.019981,0.710262,0.697346,-0.096108,0.082629,0.052995,0.995170,0,0.73643,1.00000,44.186,2.000,625.000,450.000,-1,425.000,675.000,350.000,350.000,250.000,300.000,-1,350.000,225.000,975.000,800.000,750.000,950.000,750.000,1,0,2,0,1,0,0,1,0,2,0,0,0,1,1,1,1
80,-1214.175,5333.855,270.600,47.707,0.673939,-0.738559,-0.018345,0.733491,0.671870,-0.102866,0.088298,0.055869,0.994526,0,0.73666,1.00000,44.200,2.000,600.000,475.000,-1,425.000,650.000,375.000,350.000,225.000,300.000,-1,325.000,225.000,900.000,775.000,725.000,925.000,725.000,1,0,2,0,1,0,0,1,0,2,0,0,0,1,1,1,1
81,-1187.989,5364.482,273.972,49.467,0.651138,-0.758775,-0.016698,0.753302,0.648810,-0.107618,0.092492,0.057496,0.994052,0,0.67159,0.88000,40.295,1.760,550.000,475.000,-1,425.000,625.000,375.000,375.000,225.000,300.000,-1,300.000,200.000,850.000,750.000,725.000,875.000,700.000,1,0,2,0,1,0,0,1,0,2,0,0,0,1,1,1,1
82,-1162.634,5395.782,277.197,50.987,0.630950,-0.775674,-0.015234,0.769874,0.628418,-0.111288,0.095897,0.058489,0.993671,0,0.67135,0.76000,40.281,1.520,525.000,475.000,-1,450.000,600.000,375.000,375.000,225.000,275.000,-1,300.000,175.000,850.000,750.000,725.000,825.000,700.000,1,0,2,0,1,0,0,1,0,2,0,0,0,1,1,1,1
83,-1138.022,5427.589,280.240,52.267,0.613582,-0.789505,-0.014106,0.783470,0.610924,-0.113781,0.098449,0.058763,0.993406,0,0.67030,0.64000,40.218,1.280,500.000,475.000,-1,450.000,575.000,375.000,375.000,200.000,275.000,-1,300.000,175.000,825.000,725.000,700.000,800.000,675.000,1,0,2,0,1,0,0,1,0,2,0,0,0,1,1,1,1
84,-1114.059,5459.747,283.066,53.307,0.599196,-0.800490,-0.013454,0.794324,0.596513,-0.114989,0.100073,0.058214,0.993276,0,0.66841,0.52000,40.104,1.040,475.000,475.000,-1,450.000,550.000,375.000,375.000,200.000,275.000,-1,300.000,175.000,825.000,700.000,700.000,750.000,650.000,1,0,2,0,1,0,0,1,0,2,0,0,0,1,1,1,1
85,-1090.644,5492.099,285.801,54.107,0.587860,-0.808838,-0.014196,0.802611,0.585349,-0.114815,0.101177,0.056101,0.993285,0,0.66561,0.40000,39.937,0.800,450.000,475.000,-1,425.000,525.000,375.000,375.000,175.000,275.000,-1,300.000,175.000,850.000,675.000,675.000,700.000,625.000,1,0,2,0,1,0,0,1,0,2,0,0,0,1,1,1,1
86,-1067.674,5524.495,288.240,54.667,0.579724,-0.814663,-0.015652,0.808507,0.577516,-0.113098,0.101176,0.052911,0.993461,0,0.66188,0.28000,39.713,0.560,425.000,475.000,-1,425.000,525.000,375.000,350.000,175.000,300.000,-1,300.000,175.000,875.000,650.000,650.000,650.000,600.000,1,1,2,0,1,0,0,1,0,2,0,0,0,1,1,1,1
87,-1045.048,5556.787,290.330,54.987,0.574859,-0.818057,-0.017855,0.812126,0.573085,-0.109656,0.099938,0.048536,0.993809,0,0.65718,0.16000,39.431,0.320,400.000,450.000,-1,425.000,500.000,375.000,350.000,150.000,300.000,-1,300.000,200.000,950.000,625.000,625.000,600.000,575.000,1,1,2,0,1,0,0,1,0,2,0,0,0,1,1,1,1
88,-1022.661,5588.830,292.026,55.067,0.573314,-0.819070,-0.020839,0.813533,0.572091,-0.104288,0.097341,0.042837,0.994329,0,0.65149,0.04000,39.090,0.080,375.000,425.000,-1,425.000,475.000,350.000,350.000,150.000,300.000,-1,325.000,225.000,-1,575.000,600.000,550.000,550.000,1,1,2,0,1,0,0,1,0,2,0,0,2,1,1,1,1
89,-1000.414,5620.483,293.280,54.907,0.575119,-0.817700,-0.024588,0.812737,0.574538,-0.096769,0.093255,0.035670,0.995003,0,0.64483,-0.08000,38.690,-0.160,350.000,400.000,-1,400.000,450.000,350.000,350.000,125.000,300.000,-1,350.000,275.000,-1,550.000,575.000,475.000,525.000,1,1,2,0,1,0,0,1,0,2,0,0,2,1,1,1,1
90,-975.441,5656.086,294.543,54.962,0.573807,-0.818479,-0.028952,0.814231,0.573921,-0.087417,0.088165,0.026587,0.995751,0,0.72483,0.02730,43.490,0.055,325.000,375.000,-1,400.000,400.000,325.000,325.000,125.000,300.000,-1,400.000,350.000,-1,500.000,550.000,425.000,475.000,1,1,2,0,1,0,0,1,0,2,0,0,2,1,1,1,1
91,-947.754,5695.647,296.730,55.018,0.572806,-0.819177,-0.029022,0.815937,0.573210,-0.075347,0.078358,0.019479,0.996735,0,0.80482,0.02818,48.289,0.056,300.000,325.000,-1,375.000,375.000,300.000,300.000,100.000,325.000,-1,650.000,625.000,-1,450.000,525.000,350.000,425.000,1,1,2,0,1,0,0,1,0,2,0,0,2,1,1,1,1
92,-920.433,5734.784,303.306,55.076,0.572807,-0.819532,-0.016116,0.816576,0.572233,-0.075855,0.071387,0.030290,0.996989,0,0.79551,0.02877,47.731,0.058,275.000,325.000,-1,350.000,325.000,300.000,300.000,125.000,300.000,-1,-1,925.000,-1,450.000,475.000,325.000,400.000,1,1,2,0,1,1,0,1,0,2,2,0,2,1,1,1,1
93,-893.471,5773.489,309.427,55.133,0.572547,-0.819853,-0.005547,0.817221,0.571226,-0.076492,0.065881,0.039262,0.997055,0,0.78620,0.02894,47.172,0.058,250.000,300.000,-1,350.000,300.000,275.000,300.000,125.000,300.000,-1,-1,-1,-1,425.000,450.000,275.000,350.000,1,1,2,0,1,1,0,1,0,2,2,2,2,1,1,1,1
94,-866.863,5811.770,315.227,55.191,0.572136,-0.820153,0.002938,0.817799,0.570215,-0.077849,0.062172,0.046943,0.996961,0,0.77701,0.02870,46.620,0.057,225.000,300.000,-1,350.000,275.000,275.000,300.000,150.000,300.000,-1,-1,-1,-1,425.000,425.000,250.000,325.000,1,1,2,0,1,1,1,1,0,2,2,2,2,1,1,1,1
95,-840.606,5849.643,323.585,55.247,0.572378,-0.819876,0.013691,0.817047,0.568831,-0.094157,0.069409,0.065080,0.995463,0,0.76806,0.02807,46.084,0.056,250.000,300.000,-1,350.000,250.000,275.000,300.000,175.000,275.000,-1,-1,-1,-1,450.000,400.000,275.000,275.000,1,1,2,1,1,1,1,1,0,2,2,2,2,1,1,1,1
96,-814.680,5887.119,331.212,55.301,0.572652,-0.819508,0.021847,0.816189,0.567429,-0.108906,0.076853,0.080196,0.993812,0,0.75947,0.02707,45.568,0.054,250.000,325.000,-1,350.000,225.000,300.000,300.000,200.000,275.000,-1,-1,-1,-1,500.000,400.000,300.000,250.000,1,1,2,1,1,1,1,1,0,2,2,2,2,1,1,1,1
97,-789.065,5924.216,338.134,55.353,0.572926,-0.819145,0.027504,0.815238,0.566091,-0.122177,0.084511,0.092420,0.992127,0,0.75133,0.02571,45.080,0.051,275.000,325.000,-1,325.000,200.000,300.000,325.000,225.000,275.000,-1,-1,-1,-1,550.000,375.000,325.000,225.000,1,1,2,1,1,1,1,1,0,2,2,2,2,1,1,1,1
98,-763.739,5960.956,344.374,55.401,0.573168,-0.818860,0.030756,0.814212,0.564880,-0.134048,0.092393,0.101874,0.990498,0,0.74369,0.02403,44.622,0.048,275.000,350.000,-1,300.000,175.000,325.000,350.000,225.000,250.000,-1,-1,950.000,950.000,650.000,375.000,375.000,200.000,1,1,2,1,1,1,1,1,0,2,2,0,0,1,1,1,1
99,-738.679,5997.364,350.045,55.445,0.573308,-0.818731,0.031568,0.813182,0.563862,-0.144200,0.100261,0.108342,0.989045,0,0.73662,0.02203,44.197,0.044,300.000,375.000,-1,300.000,150.000,350.000,350.000,225.000,250.000,-1,-1,800.000,875.000,-1,350.000,475.000,175.000,1,1,2,1,1,1,1,1,1,2,2,0,0,2,1,1,1
100,-710.836,6037.686,356.547,55.369,0.574799,-0.817888,0.025794,0.810687,0.564884,-0.153926,0.111324,0.109387,0.987746,0,0.81662,-0.03804,48.997,-0.076,325.000,400.000,-1,300.000,125.000,375.000,325.000,225.000,225.000,450.000,875.000,625.000,825.000,-1,350.000,-1,150.000,1,1,2,1,1,1,1,1,1,1,0,0,0,2,1,2,1
101,-680.355,6081.674,369.037,55.315,0.573056,-0.819408,-0.013294,0.807036,0.567075,-0.164678,0.142477,0.083641,0.986258,0,0.89177,-0.02699,53.506,-0.054,375.000,500.000,-1,325.000,125.000,475.000,375.000,225.000,225.000,300.000,500.000,375.000,850.000,-1,400.000,-1,150.000,1,1,2,1,1,1,1,1,1,1,0,0,0,2,1,2,1
102,4263.562,1639.831,229.379,-55.786,0.561634,0.826859,0.029533,-0.826780,0.562231,-0.018216,-0.031667,-0.014186,0.999398,1,0.00000,0.00000,53.229,-0.029,-1,400.000,-1,400.000,-1,325.000,325.000,300.000,300.000,-1,500.000,575.000,800.000,875.000,775.000,-1,-1,2,0,2,0,2,0,0,0,0,2,1,1,1,0,0,2,2
103,4266.251,1635.855,229.223,-55.933,0.559506,0.828296,0.029637,-0.828220,0.560107,-0.018222,-0.031693,-0.014351,0.999395,0,0.08000,-0.07348,4.800,-0.147,-1,400.000,-1,400.000,-1,325.000,325.000,300.000,300.000,-1,500.000,575.000,800.000,875.000,775.000,-1,-1,2,0,2,0,2,0,0,0,0,2,1,1,1,0,0,2,2
104,4271.575,1627.866,228.911,-56.320,0.553889,0.832055,0.029847,-0.831986,0.554497,-0.018235,-0.031722,-0.014732,0.999388,0,0.16000,-0.19348,9.600,-0.387,-1,400.000,-1,400.000,-1,325.000,325.000,300.000,300.000,-1,500.000,575.000,800.000,875.000,775.000,-1,-1,2,0,2,0,2,0,0,0,0,2,1,1,1,0,0,2,2
105,4279.429,1615.797,228.444,-56.944,0.544772,0.838042,0.030161,-0.837983,0.545391,-0.018261,-0.031753,-0.015326,0.999378,0,0.24000,-0.31223,14.400,-0.624,-1,400.000,-1,400.000,-1,325.000,325.000,300.000,300.000,-1,525.000,600.000,825.000,850.000,775.000,-1,-1,2,0,2,0,2,0,0,0,0,2,1,1,1,0,0,2,2
106,4289.725,1599.591,227.826,-57.572,0.535534,0.843960,0.030575,-0.843913,0.536168,-0.018301,-0.031839,-0.016002,0.999365,0,0.32000,-0.31397,19.200,-0.628,-1,400.000,-1,400.000,-1,325.000,325.000,300.000,300.000,-1,525.000,600.000,825.000,850.000,775.000,-1,-1,2,0,2,0,2,0,0,0,0,2,1,1,1,0,0,2,2
107,4302.371,1579.192,227.051,-58.205,0.526159,0.849818,0.031079,-0.849784,0.526811,-0.018388,-0.031999,-0.016735,0.999348,0,0.40000,-0.31631,24.000,-0.633,-1,400.000,-1,400.000,-1,325.000,325.000,300.000,300.000,-1,550.000,625.000,850.000,850.000,775.000,-1,-1,2,0,2,0,2,0,0,0,0,2,1,1,1,0,0,2,2
108,4317.271,1554.547,226.094,-58.843,0.516628,0.855625,0.031630,-0.855600,0.517302,-0.018638,-0.032309,-0.017434,0.999326,0,0.48000,-0.31925,28.800,-0.638,-1,400.000,-1,400.000,-1,325.000,325.000,300.000,300.000,-1,575.000,650.000,875.000,850.000,775.000,-1,-1,2,0,2,0,2,0,0,0,0,2,1,1,1,0,0,2,2
109,4334.331,1525.599,224.978,-59.489,0.506922,0.861388,0.032263,-0.861372,0.507622,-0.018945,-0.032697,-0.018186,0.999300,0,0.56000,-0.32278,33.600,-0.646,-1,400.000,-1,400.000,-1,325.000,325.000,300.000,300.000,-1,625.000,675.000,925.000,850.000,775.000,-1,-1,2,0,2,0,2,0,0,0,0,2,1,1,1,0,0,2,2
110,4353.448,1492.296,223.701,-60.143,0.497021,0.867112,0.032977,-0.867105,0.497752,-0.019313,-0.033161,-0.018996,0.999269,0,0.64000,-0.32692,38.400,-0.654,-1,400.000,-1,400.000,-1,325.000,325.000,300.000,300.000,-1,650.000,700.000,975.000,850.000,775.000,-1,-1,2,0,2,0,2,0,0,0,0,2,1,1,1,0,0,2,2
111,4373.268,1456.824,222.324,-60.806,0.486914,0.872803,0.033608,-0.872804,0.487673,-0.019695,-0.033579,-0.019743,0.999241,0,0.67724,-0.33165,40.634,-0.663,-1,400.000,-1,400.000,-1,325.000,325.000,300.000,300.000,-1,700.000,750.000,1000.000,850.000,775.000,-1,-1,2,0,2,0,2,0,0,0,0,2,1,1,1,0,0,2,2
112,4392.981,1420.549,220.915,-61.479,0.476589,0.878461,0.034197,-0.878470,0.477375,-0.020083,-0.033967,-0.020470,0.999213,0,0.68808,-0.33667,41.285,-0.673,-1,400.000,-1,400.000,-1,325.000,325.000,300.000,300.000,-1,725.000,775.000,-1,850.000,775.000,-1,-1,2,0,2,0,2,0,0,0,0,2,1,1,2,0,0,2,2
113,4412.570,1383.455,219.483,-62.163,0.466040,0.884080,0.034787,-0.884097,0.466855,-0.020479,-0.034345,-0.021212,0.999185,0,0.69914,-0.34176,41.948,-0.684,-1,400.000,-1,400.000,-1,325.000,325.000,300.000,300.000,-1,775.000,825.000,-1,850.000,775.000,-1,-1,2,0,2,0,2,0,0,0,0,2,1,1,2,0,0,2,2
114,4432.016,1345.525,218.043,-62.857,0.455263,0.889653,0.035406,-0.889682,0.456106,-0.020822,-0.034673,-0.022021,0.999156,0,0.71040,-0.34694,42.624,-0.694,-1,400.000,-1,400.000,-1,325.000,325.000,300.000,300.000,-1,825.000,875.000,-1,850.000,775.000,-1,-1,2,0,2,0,2,0,0,0,0,2,1,1,2,0,0,2,2
115,4451.145,1306.666,216.589,-63.791,0.440663,0.896949,0.036041,-0.896994,0.441536,-0.021166,-0.034898,-0.023001,0.999126,0,0.72188,-0.46694,43.313,-0.934,-1,400.000,-1,400.000,-1,325.000,325.000,300.000,300.000,-1,875.000,900.000,-1,850.000,750.000,-1,-1,2,0,2,0,2,0,0,0,0,2,1,1,2,0,0,2,2
116,4469.836,1266.812,215.121,-64.875,0.423572,0.905119,0.036682,-0.905184,0.424475,-0.021518,-0.035047,-0.024089,0.999095,0,0.73365,-0.54208,44.019,-1.084,-1,400.000,-1,400.000,-1,325.000,325.000,300.000,300.000,-1,925.000,950.000,-1,850.000,750.000,-1,-1,2,0,2,0,2,0,0,0,0,2,1,1,2,0,0,2,2
117,4488.088,1225.965,213.624,-65.924,0.406892,0.912712,0.037348,-0.912800,0.407824,-0.021816,-0.035143,-0.025215,0.999064,0,0.74565,-0.52444,44.739,-1.049,-1,400.000,-1,400.000,-1,325.000,325.000,300.000,300.000,-1,975.000,975.000,-1,850.000,750.000,-1,-1,2,0,2,0,2,0,0,0,0,2,1,1,2,0,0,2,2
118,4505.900,1184.132,212.071,-66.937,0.390650,0.919750,0.038107,-0.919870,0.391610,-0.021943,-0.035105,-0.026481,0.999033,0,0.75779,-0.50654,45.467,-1.013,-1,400.000,-1,400.000,-1,325.000,325.000,300.000,300.000,-1,-1,-1,-1,850.000,750.000,-1,-1,2,0,2,0,2,0,0,0,0,2,2,2,2,0,0,2,2
119,4523.273,1141.319,210.532,-67.913,0.374882,0.926264,0.038710,-0.926413,0.375863,-0.022027,-0.034953,-0.027603,0.999008,0,0.77005,-0.48837,46.203,-0.977,-1,400.000,-1,400.000,-1,325.000,325.000,325.000,300.000,-1,-1,-1,-1,825.000,750.000,-1,-1,2,0,2,0,2,0,0,0,0,2,2,2,2,0,0,2,2
120,4540.210,1097.534,208.983,-68.853,0.359607,0.932277,0.039285,-0.932456,0.360607,-0.022100,-0.034770,-0.028684,0.998984,0,0.78244,-0.46995,46.947,-0.940,-1,400.000,-1,400.000,-1,325.000,325.000,325.000,300.000,-1,-1,-1,-1,825.000,750.000,-1,-1,2,0,2,0,2,0,0,0,0,2,2,2,2,0,0,2,2
121,4556.715,1052.783,207.398,-69.756,0.344843,0.937810,0.039953,-0.938021,0.345867,-0.022199,-0.034637,-0.029822,0.998955,0,0.79496,-0.45125,47.698,-0.903,-1,400.000,-1,400.000,-1,325.000,325.000,325.000,300.000,-1,-1,-1,-1,825.000,750.000,-1,-1,2,0,2,0,2,0,0,0,0,2,2,2,2,0,0,2,2
122,4572.795,1007.072,205.735,-70.620,0.330602,0.942882,0.040931,-0.943132,0.331663,-0.022403,-0.034699,-0.031197,0.998911,0,0.80761,-0.43229,48.457,-0.865,-1,400.000,-1,400.000,-1,325.000,325.000,325.000,300.000,-1,-1,-1,-1,800.000,725.000,-1,-1,2,0,2,0,2,0,0,0,0,2,2,2,2,0,0,2,2
123,4588.458,960.406,204.057,-71.447,0.316923,0.947525,0.041897,-0.947814,0.318020,-0.022609,-0.034747,-0.032545,0.998866,0,0.82040,-0.41306,49.224,-0.826,-1,400.000,-1,400.000,-1,325.000,325.000,325.000,300.000,-1,-1,-1,-1,800.000,725.000,-1,-1,2,0,2,0,2,0,0,0,0,2,2,2,2,0,0,2,2
124,4603.645,912.980,202.337,-72.244,0.303664,0.951822,0.042697,-0.952148,0.304789,-0.022758,-0.034675,-0.033743,0.998829,0,0.82997,-0.39873,49.798,-0.797,-1,400.000,-1,375.000,-1,325.000,325.000,325.000,300.000,-1,-1,-1,-1,800.000,725.000,-1,-1,2,0,2,0,2,0,0,0,0,2,2,2,2,0,0,2,2
125,4618.523,864.286,200.558,-73.010,0.290878,0.955778,0.043347,-0.956138,0.292024,-0.022845,-0.034493,-0.034801,0.998799,0,0.84860,-0.38309,50.916,-0.766,-1,400.000,-1,375.000,-1,325.000,325.000,325.000,300.000,-1,-1,-1,-1,800.000,725.000,-1,-1,2,0,2,0,2,0,0,0,0,2,2,2,2,0,0,2,2
126,4632.365,817.450,198.852,-73.536,0.282058,0.958388,0.043989,-0.958779,0.283225,-0.022927,-0.034432,-0.035708,0.998769,0,0.81398,-0.26309,48.839,-0.526,-1,400.000,-1,375.000,-1,325.000,325.000,325.000,300.000,-1,-1,-1,-1,775.000,725.000,-1,-1,2,0,2,0,2,0,0,0,0,2,2,2,2,0,0,2,2
127,4646.075,770.191,197.125,-73.823,0.277235,0.959763,0.044664,-0.960182,0.278427,-0.023011,-0.034521,-0.036506,0.998737,0,0.82012,-0.14309,49.207,-0.286,-1,400.000,-1,375.000,-1,325.000,325.000,325.000,300.000,-1,-1,-1,-1,775.000,725.000,-1,-1,2,0,2,0,2,0,0,0,0,2,2,2,2,0,0,2,2
128,4659.850,722.567,195.379,-73.869,0.276425,0.959962,0.045418,-0.960405,0.277646,-0.023114,-0.034799,-0.037231,0.998701,0,0.82627,-0.02309,49.576,-0.046,-1,400.000,-1,375.000,-1,325.000,300.000,325.000,300.000,-1,-1,-1,-1,775.000,725.000,-1,-1,2,0,2,0,2,0,0,0,0,2,2,2,2,0,0,2,2
129,4673.890,674.633,193.681,-73.675,0.279628,0.958983,0.046472,-0.959468,0.280882,-0.022953,-0.035065,-0.038170,0.998656,0,0.83247,0.09691,49.948,0.194,-1,400.000,-1,375.000,-1,300.000,300.000,325.000,300.000,-1,-1,-1,-1,775.000,700.000,-1,-1,2,0,2,0,2,0,0,0,0,2,2,2,2,0,0,2,2
130,4688.401,626.447,191.973,-73.241,0.286836,0.956793,0.047679,-0.957325,0.288124,-0.022648,-0.035407,-0.039148,0.998606,0,0.83872,0.21691,50.323,0.434,-1,400.000,-1,375.000,-1,300.000,300.000,325.000,300.000,-1,-1,-1,-1,775.000,700.000,-1,-1,2,0,2,0,2,0,0,0,0,2,2,2,2,0,0,2,2
131,4703.592,578.072,190.233,-72.567,0.298018,0.953306,0.048916,-0.953882,0.299346,-0.022368,-0.035966,-0.039994,0.998552,0,0.84506,0.33691,50.704,0.674,-1,400.000,-1,375.000,-1,300.000,300.000,325.000,300.000,-1,-1,-1,-1,775.000,700.000,-1,-1,2,0,2,0,2,0,0,0,0,2,2,2,2,0,0,2,2
132,4719.673,529.579,188.524,-71.653,0.313150,0.948395,0.049844,-0.949000,0.314507,-0.022003,-0.036543,-0.040412,0.998515,0,0.85151,0.45691,51.090,0.914,-1,400.000,-1,375.000,-1,300.000,300.000,325.000,300.000,-1,-1,-1,-1,775.000,700.000,-1,-1,2,0,2,0,2,0,0,0,0,2,2,2,2,1,0,2,2
