timestep,x_cm,y_cm,z_cm,yaw_deg,basis_xx,basis_xy,basis_xz,basis_yx,basis_yy,basis_yz,basis_zx,basis_zy,basis_zz,teleport_flag,throttle_cmd,steering_cmd,cmd_move_cm,cmd_turn_deg,lidar_cm_0,lidar_cm_1,lidar_cm_2,lidar_cm_3,lidar_cm_4,lidar_cm_5,lidar_cm_6,lidar_cm_7,lidar_cm_8,lidar_cm_9,lidar_cm_10,lidar_cm_11,lidar_cm_12,lidar_cm_13,lidar_cm_14,lidar_cm_15,lidar_cm_16,lidar_class_0,lidar_class_1,lidar_class_2,lidar_class_3,lidar_class_4,lidar_class_5,lidar_class_6,lidar_class_7,lidar_class_8,lidar_class_9,lidar_class_10,lidar_class_11,lidar_class_12,lidar_class_13,lidar_class_14,lidar_class_15,lidar_class_16
0,-1878.949,-5156.039,-292.318,79.048,0.189983,-0.981785,-0.002212,0.981784,0.189988,-0.002394,0.002770,-0.001717,0.999995,0,0.42247,0.66630,0.344,0.000,-1,670.308,-1,675.106,-1,536.213,537.807,494.995,582.268,-1,606.242,618.880,-1,-1,-1,-1,-1,2,0,2,0,2,0,0,0,0,2,0,0,2,2,2,2,2
1,-1878.664,-5155.098,-292.089,79.045,0.190040,-0.981773,-0.002719,0.981762,0.190051,-0.004812,0.005241,-0.001755,0.999985,0,0.42247,0.66630,0.984,-0.003,-1,678.609,-1,683.379,-1,541.722,543.297,495.743,583.504,-1,596.021,605.050,-1,-1,-1,-1,-1,2,0,2,0,2,0,0,0,0,2,0,0,2,2,2,2,2
2,-1878.247,-5153.563,-292.900,79.025,0.190380,-0.981698,-0.004882,0.981672,0.190414,-0.007921,0.008705,-0.003285,0.999957,0,0.42247,0.66630,1.590,-0.020,-1,685.261,-1,692.957,-1,546.487,548.596,491.195,585.376,-1,576.890,579.561,-1,-1,-1,-1,-1,2,0,2,0,2,0,0,0,0,2,0,0,2,2,2,2,2
3,-1877.724,-5151.470,-294.526,78.983,0.191090,-0.981534,-0.008656,0.981491,0.191181,-0.011213,0.012661,-0.006354,0.999900,0,0.42247,0.66630,2.157,-0.042,-1,689.396,-1,703.211,-1,550.048,553.274,481.902,588.809,-1,552.212,554.714,-1,-1,-1,-1,-1,2,0,2,0,2,0,0,0,0,2,0,0,2,2,2,2,2
4,-1877.074,-5149.002,-296.478,78.909,0.192341,-0.981254,-0.012043,0.981210,0.192494,-0.013149,0.015220,-0.009287,0.999841,0,0.42247,0.66630,2.553,-0.073,16.986,688.242,-1,708.087,-1,549.998,554.315,471.989,590.459,-1,533.146,536.452,-1,-1,-1,22.178,-1,1,0,2,0,2,0,0,0,0,2,0,0,2,2,2,1,2
5,-1876.204,-5146.302,-298.355,78.806,0.194101,-0.980888,-0.013559,0.980863,0.194274,-0.012833,0.015222,-0.010809,0.999826,0,0.42247,0.66630,2.836,-0.103,17.431,680.727,-1,703.746,-1,545.109,549.995,464.527,588.096,-1,526.174,529.854,-1,-1,-1,22.211,-1,1,0,2,0,2,0,0,0,0,2,0,0,2,2,2,1,2
6,-1875.073,-5143.384,-299.933,78.684,0.196196,-0.980486,-0.012457,0.980481,0.196329,-0.010603,0.012842,-0.010134,0.999866,0,0.42247,0.66630,3.130,-0.122,17.639,669.052,-1,690.603,-1,536.525,541.152,461.330,579.994,-1,531.682,534.826,-1,-1,-1,22.243,-1,1,0,2,0,2,0,0,0,0,2,0,0,2,2,2,1,2
7,-1873.645,-5140.212,-301.118,78.546,0.198568,-0.980047,-0.008910,0.980046,0.198635,-0.007291,0.008915,-0.007284,0.999934,0,0.42247,0.66630,3.478,-0.138,17.666,656.259,-1,672.162,-1,526.336,529.897,462.661,567.444,-1,547.178,548.718,-1,-1,-1,22.248,-1,1,0,2,0,2,0,0,0,0,2,0,0,2,2,2,1,2
8,-1871.881,-5136.638,-301.735,78.389,0.201256,-0.979525,-0.005223,0.979523,0.201280,-0.004664,0.005620,-0.004177,0.999976,0,0.42247,0.66630,3.986,-0.157,17.590,647.689,-1,657.801,19.979,519.019,521.422,465.986,557.090,-1,563.947,563.630,-1,-1,-1,22.234,20.301,1,0,2,0,1,0,0,0,0,2,0,0,2,2,2,1,1
9,-1869.836,-5132.564,-301.758,78.211,0.204314,-0.978902,-0.002776,0.978897,0.204323,-0.003663,0.004153,-0.001969,0.999989,0,0.42247,0.66630,4.558,-0.179,17.509,645.753,-1,651.945,19.311,516.644,518.220,469.516,551.421,-1,576.052,574.187,-1,-1,-1,22.221,24.513,1,0,2,0,1,0,0,0,0,2,0,0,2,2,2,1,1
10,-1867.561,-5127.997,-301.308,78.011,0.207723,-0.978186,-0.001731,0.978178,0.207729,-0.004020,0.004291,-0.000858,0.999990,0,0.42247,0.66630,5.102,-0.200,17.424,649.134,-1,653.442,18.295,518.370,519.505,472.537,550.340,-1,583.281,580.432,-1,-1,-1,22.210,23.516,1,0,2,0,1,0,0,0,0,2,0,0,2,2,2,1,1
11,-1865.118,-5122.979,-300.584,77.792,0.211459,-0.977385,-0.001703,0.977372,0.211465,-0.005055,0.005301,-0.000596,0.999986,0,0.42247,0.66630,5.581,-0.219,17.334,655.271,-1,659.243,17.445,522.332,523.322,474.857,552.410,-1,588.016,584.600,-1,-1,-1,22.199,18.465,1,0,2,0,1,0,0,0,0,2,0,0,2,2,2,1,1
12,-1862.580,-5117.671,-299.800,77.559,0.215428,-0.976518,-0.002061,0.976501,0.215436,-0.005786,0.006094,-0.000766,0.999981,0,0.24729,0.75094,5.884,-0.233,17.226,660.605,-1,665.071,-1,525.963,526.963,476.518,555.732,-1,594.162,590.528,-1,-1,-1,22.189,-1,1,0,2,0,2,0,0,0,0,2,0,0,2,2,2,1,2
13,-1860.085,-5112.258,-299.111,77.317,0.219552,-0.975598,-0.002202,0.975583,0.219561,-0.005510,0.005859,-0.000938,0.999982,0,0.24729,0.75094,5.961,-0.242,17.140,662.552,-1,667.555,-1,527.362,528.360,477.813,558.498,-1,604.699,601.071,-1,-1,-1,22.183,-1,1,0,2,0,2,0,0,0,0,2,0,0,2,2,2,1,2
14,-1857.609,-5106.769,-298.609,77.068,0.223793,-0.974634,-0.002245,0.974625,0.223801,-0.004396,0.004787,-0.001204,0.999988,0,0.24729,0.75094,6.021,-0.249,17.071,661.284,-1,667.033,-1,526.630,527.677,478.369,560.740,-1,618.365,614.797,-1,-1,-1,22.180,-1,1,0,2,0,2,0,0,0,0,2,0,0,2,2,2,1,2
15,-1855.093,-5101.201,-298.341,76.823,0.227960,-0.973668,-0.002227,0.973664,0.227966,-0.003045,0.003472,-0.001475,0.999993,0,0.24729,0.75094,6.110,-0.245,17.001,658.532,-1,665.041,-1,524.848,525.953,478.286,562.170,-1,632.260,628.617,-1,-1,-1,22.179,-1,1,0,2,0,2,0,0,0,0,2,0,0,2,2,2,1,2
16,-1852.472,-5095.502,-298.324,76.584,0.232018,-0.972709,-0.002272,0.972708,0.232022,-0.001975,0.002448,-0.001751,0.999995,0,0.24729,0.75094,6.273,-0.239,16.917,655.852,-1,663.125,-1,523.035,524.199,477.585,562.803,-1,643.755,639.951,-1,-1,-1,22.179,-1,1,0,2,0,2,0,0,0,0,2,0,0,2,2,2,1,2
17,-1849.726,-5089.682,-298.519,76.349,0.236000,-0.971750,-0.002357,0.971751,0.236003,-0.001419,0.001936,-0.001956,0.999996,0,0.24729,0.75094,6.436,-0.235,16.829,654.091,-1,661.989,-1,521.732,522.925,477.043,562.601,-1,651.878,647.730,-1,-1,-1,22.181,-1,1,0,2,0,2,0,0,0,0,2,0,0,2,2,2,1,2
18,-1846.890,-5083.724,-298.861,76.111,0.240041,-0.970760,-0.002315,0.970761,0.240044,-0.001378,0.001894,-0.001917,0.999996,0,0.24729,0.75094,6.598,-0.238,16.732,653.474,-1,661.549,-1,521.035,522.163,476.842,561.329,-1,657.164,652.378,-1,-1,-1,22.188,-1,1,0,2,0,2,0,0,0,0,2,0,0,2,2,2,1,2
19,-1844.011,-5077.605,-299.269,75.868,0.244148,-0.969736,-0.002040,0.969736,0.244152,-0.001675,0.002123,-0.001569,0.999997,0,0.24729,0.75094,6.762,-0.243,16.649,653.749,-1,661.420,-1,520.766,521.714,477.063,559.064,-1,661.053,655.340,-1,-1,-1,22.197,-1,1,0,2,0,2,0,0,0,0,2,0,0,2,2,2,1,2
20,-1841.092,-5071.338,-299.651,75.624,0.248278,-0.968688,-0.001582,0.968686,0.248281,-0.002004,0.002334,-0.001035,0.999997,0,0.24729,0.75094,6.913,-0.244,16.566,654.273,-1,661.161,-1,520.567,521.269,477.698,556.400,-1,665.413,658.655,-1,-1,-1,22.208,-1,1,0,2,0,2,0,0,0,0,2,0,0,2,2,2,1,2
21,-1838.132,-5064.948,-299.921,75.381,0.252390,-0.967625,-0.000964,0.967623,0.252391,-0.002082,0.002257,-0.000407,0.999997,0,0.24729,0.75094,7.043,-0.243,16.492,654.410,-1,660.339,13.989,520.098,520.531,478.772,553.832,-1,671.996,664.206,-1,-1,-1,22.221,17.304,1,0,2,0,1,0,0,0,0,2,0,0,2,2,2,1,1
22,-1835.121,-5058.414,-300.074,75.137,0.256507,-0.966542,-0.000526,0.966540,0.256508,-0.001887,0.001959,-0.000024,0.999998,0,0.24729,0.75094,7.194,-0.244,16.417,654.060,-1,659.485,13.869,519.445,519.697,479.707,552.251,-1,680.418,671.824,-1,-1,1002.567,22.237,19.502,1,0,2,0,1,0,0,0,0,2,0,0,2,2,1,1,1
23,-1832.100,-5051.727,-300.118,74.898,0.260544,-0.965462,-0.000121,0.965461,0.260544,-0.001463,0.001444,0.000264,0.999999,0,0.24729,0.75094,7.337,-0.239,16.353,653.352,-1,659.169,13.781,518.622,518.767,480.738,551.224,-1,690.682,681.418,-1,-1,991.133,22.251,20.280,1,0,2,0,1,0,0,0,0,2,0,0,2,2,1,1,1
24,-1829.027,-5044.890,-300.085,74.656,0.264614,-0.964354,0.000094,0.964354,0.264614,-0.000940,0.000882,0.000340,1.000000,0,0.24729,0.75094,7.496,-0.242,16.280,652.576,-1,659.260,13.687,517.864,518.031,481.597,550.867,-1,701.752,691.983,-1,-1,979.618,22.272,20.420,1,0,2,0,1,0,0,0,0,2,0,0,2,2,1,1,1
25,-1825.912,-5037.902,-300.010,74.413,0.268706,-0.963222,0.000103,0.963222,0.268705,-0.000402,0.000359,0.000207,1.000000,0,0.24729,0.75094,7.651,-0.243,16.203,651.877,-1,659.852,13.603,517.254,517.518,482.207,551.097,-1,712.992,702.858,-1,-1,968.041,22.296,20.134,1,0,2,0,1,0,0,0,0,2,0,0,2,2,1,1,1
26,-1822.790,-5030.750,-299.960,74.181,0.272591,-0.962130,0.000059,0.962130,0.272591,0.000234,-0.000241,-0.000007,1.000000,0,0.24729,0.75094,7.804,-0.231,16.109,650.890,-1,660.171,13.518,516.423,516.813,482.545,551.406,-1,724.712,714.308,-1,-1,956.779,22.331,19.818,1,0,2,0,1,0,0,0,0,2,0,0,2,2,1,1,1
27,-1819.637,-5023.440,-299.982,73.962,0.276283,-0.961076,0.000182,0.961076,0.276283,0.000845,-0.000862,-0.000059,1.000000,0,0.24729,0.75094,7.961,-0.220,15.865,650.065,-1,659.997,13.361,515.414,515.866,482.957,551.069,-1,736.468,725.695,-1,-1,948.063,22.449,18.901,1,0,2,0,1,0,0,0,0,2,0,0,2,2,1,1,1
28,-1816.459,-5015.948,-300.072,73.758,0.279698,-0.960088,0.000642,0.960087,0.279698,0.001209,-0.001340,0.000278,0.999999,0,0.24729,0.75094,8.138,-0.204,15.369,649.860,-1,659.615,13.269,514.578,514.961,483.917,549.572,-1,747.452,736.037,-1,-1,942.489,22.853,20.809,1,0,2,0,1,0,0,0,0,2,0,0,2,2,1,1,1
29,-1813.312,-5008.235,-300.202,73.587,0.282551,-0.959251,0.001443,0.959251,0.282552,0.001296,-0.001651,0.001018,0.999998,0,0.24729,0.75094,8.330,-0.170,15.007,650.469,-1,659.127,13.342,514.033,514.204,486.025,546.952,-1,757.627,745.324,-1,-1,935.846,23.348,23.147,1,0,2,0,1,0,0,0,0,2,0,0,2,2,1,1,1
30,-1810.159,-5000.274,-300.344,73.444,0.284946,-0.958541,0.002087,0.958542,0.284948,0.001003,-0.001556,0.001714,0.999997,0,0.33236,0.34884,8.563,-0.143,15.126,652.294,-1,659.851,13.307,514.237,514.205,488.620,544.403,-1,765.598,752.427,-1,-1,928.204,23.161,23.863,1,0,2,0,1,0,0,0,0,2,0,0,2,2,1,1,1
31,-1806.913,-4992.063,-300.455,73.292,0.287496,-0.957779,0.002392,0.957781,0.287498,0.000162,-0.000843,0.002244,0.999997,0,0.33236,0.34884,8.829,-0.153,15.353,656.026,-1,662.901,13.270,515.684,515.511,491.330,542.414,-1,770.390,756.348,-1,-1,920.340,22.870,23.169,1,0,2,0,1,0,0,0,0,2,0,0,2,2,1,1,1
32,-1803.513,-4983.653,-300.536,73.118,0.290404,-0.956902,0.002171,0.956904,0.290403,-0.000523,-0.000130,0.002230,0.999997,0,0.33236,0.34884,9.071,-0.174,15.217,659.361,-1,667.100,13.287,517.151,517.000,493.115,541.803,-1,775.380,760.805,-1,-1,912.650,23.035,22.353,1,0,2,0,1,0,0,0,0,2,0,0,2,2,1,1,1
33,-1800.040,-4975.024,-300.578,72.943,0.293329,-0.956010,0.001789,0.956011,0.293328,-0.000860,0.000298,0.001962,0.999998,0,0.33236,0.34884,9.302,-0.175,15.181,661.740,-1,670.839,13.294,518.303,518.095,494.513,541.861,-1,782.332,767.454,-1,-1,904.680,23.083,23.536,1,0,2,0,1,0,0,0,0,2,0,0,2,2,1,1,1
34,-1796.498,-4966.180,-300.602,72.775,0.296131,-0.955146,0.001357,0.955147,0.296130,-0.000772,0.000335,0.001525,0.999999,0,0.33236,0.34884,9.528,-0.168,15.134,662.828,-1,673.566,13.305,518.707,518.515,495.588,542.298,-1,791.758,776.779,-1,-1,896.254,23.149,23.079,1,0,2,0,1,0,0,0,0,2,0,0,2,2,1,1,1
35,-1792.888,-4957.136,-300.659,72.614,0.298799,-0.954315,0.001234,0.954316,0.298799,-0.000268,-0.000113,0.001257,0.999999,0,0.33236,0.34884,9.738,-0.160,15.128,662.484,-1,674.413,13.307,518.113,517.889,496.870,542.149,-1,804.147,789.038,-1,-1,887.385,23.158,22.956,1,0,2,0,1,0,0,0,0,2,0,0,2,2,1,1,1
36,-1789.215,-4947.935,-300.698,72.454,0.301477,-0.953472,0.001739,0.953473,0.301479,0.000733,-0.001223,0.001437,0.999998,0,0.33236,0.34884,9.907,-0.161,15.096,660.607,-1,672.705,13.315,516.355,515.957,499.064,540.918,-1,821.044,805.619,-1,-1,878.325,23.207,23.994,1,0,2,0,1,0,0,0,0,2,0,0,2,2,1,1,1
37,-1785.428,-4938.535,-300.758,72.289,0.304208,-0.952603,0.002443,0.952602,0.304213,0.001805,-0.002463,0.001778,0.999995,0,0.33236,0.34884,10.134,-0.164,15.237,658.411,-1,670.398,13.284,514.343,513.715,501.562,539.217,-1,839.155,823.312,-1,-1,869.036,23.009,24.215,1,0,2,0,1,0,0,0,0,2,0,0,2,2,1,1,1
38,-1781.468,-4928.960,-300.848,72.107,0.307235,-0.951630,0.002786,0.951627,0.307242,0.002774,-0.003496,0.001798,0.999992,0,0.33236,0.34884,10.362,-0.182,15.399,656.367,-1,669.106,13.268,512.616,511.936,503.422,537.735,-1,856.202,840.403,-1,-1,859.843,22.821,24.788,1,0,2,0,1,0,0,0,0,2,0,0,2,2,1,1,1
39,-1777.335,-4919.301,-300.868,71.903,0.310629,-0.950526,0.003066,0.950520,0.310639,0.003882,-0.004642,0.001708,0.999988,0,0.33236,0.34884,10.506,-0.205,15.455,654.118,-1,667.919,13.267,510.834,510.249,505.339,536.729,-1,874.733,860.609,-1,-1,850.988,22.764,25.464,1,0,2,0,1,0,0,0,0,2,0,0,2,2,1,1,1
40,-1773.000,-4909.543,-300.775,71.672,0.314456,-0.949266,0.003264,0.949257,0.314468,0.004453,-0.005254,0.001698,0.999985,0,0.33236,0.34884,10.677,-0.231,15.440,653.964,-1,668.890,13.268,510.384,509.872,507.945,535.997,-1,890.901,877.503,-1,-1,842.486,22.778,25.383,1,0,2,0,1,0,0,0,0,2,0,0,2,2,1,1,1
41,-1768.499,-4899.604,-300.654,71.428,0.318494,-0.947919,0.003469,0.947910,0.318507,0.004446,-0.005320,0.001872,0.999984,0,0.33236,0.34884,10.911,-0.244,15.401,655.772,-1,672.315,13.268,511.104,510.601,511.163,534.987,-1,904.102,890.179,-1,-1,833.934,22.818,24.756,1,0,2,0,1,0,0,0,0,2,0,0,2,2,1,1,1
42,-1763.866,-4889.482,-300.550,71.183,0.322538,-0.946549,0.003714,0.946543,0.322552,0.004060,-0.005041,0.002206,0.999985,0,0.33236,0.34884,11.132,-0.245,15.354,658.757,-1,676.790,13.270,512.486,512.016,514.761,533.553,-1,915.333,899.909,-1,-1,825.072,22.869,25.729,1,0,2,0,1,0,0,0,0,2,0,0,2,2,1,1,1
43,-1759.125,-4879.194,-300.458,70.942,0.326518,-0.945183,0.003804,0.945180,0.326531,0.003528,-0.004577,0.002444,0.999987,0,0.33236,0.34884,11.328,-0.241,15.309,662.211,-1,682.018,13.274,514.192,514.344,518.760,532.379,-1,925.410,908.148,-1,-1,815.839,22.919,25.292,1,0,2,0,1,0,0,0,0,2,0,0,2,2,1,1,1
44,-1754.287,-4868.752,-300.411,70.703,0.330461,-0.943811,0.003912,0.943810,0.330474,0.003205,-0.004317,0.002633,0.999987,0,0.33236,0.34884,11.508,-0.239,15.262,664.898,-1,686.446,13.280,515.401,516.177,522.527,531.380,-1,936.738,918.031,-1,-1,806.313,22.977,24.467,1,0,2,0,1,0,0,0,0,2,0,0,2,2,1,1,1
45,-1749.391,-4858.144,-300.425,70.473,0.334248,-0.942477,0.004063,0.942475,0.334261,0.003225,-0.004397,0.002752,0.999987,0,0.33236,0.34884,11.684,-0.230,15.218,666.341,-1,689.267,13.288,515.888,517.202,525.921,530.292,-1,950.074,930.704,-1,-1,796.312,23.033,25.282,1,0,2,0,1,0,0,0,0,2,0,0,2,2,1,1,1
46,-1744.458,-4847.391,-300.484,70.254,0.337842,-0.941192,0.004402,0.941189,0.337859,0.003741,-0.005009,0.002879,0.999983,0,0.33236,0.34884,11.831,-0.219,15.174,665.982,-1,690.095,13.295,515.520,517.048,529.131,528.968,-1,966.924,948.065,-1,-1,785.826,23.094,26.021,1,0,2,0,1,0,0,0,0,2,0,0,2,2,1,1,1
47,-1739.465,-4836.483,-300.555,70.043,0.341306,-0.939940,0.004715,0.939934,0.341327,0.004539,-0.005876,0.002882,0.999979,0,0.33236,0.34884,11.996,-0.211,15.130,664.679,-1,690.145,13.306,514.605,516.380,531.941,527.822,-1,985.719,968.052,-1,-1,774.894,23.156,27.910,1,0,2,0,1,0,0,0,0,2,0,0,2,2,1,1,1
48,-1733.374,-4823.137,-300.693,69.796,0.345364,-0.938458,0.004513,0.938446,0.345385,0.005352,-0.006581,0.002387,0.999976,0,0.33236,0.34884,14.670,-0.248,15.077,663.551,-1,691.724,13.319,513.981,516.232,533.397,527.374,-1,1005.922,989.035,-1,-1,761.158,23.235,28.151,1,0,2,0,1,0,0,0,0,2,0,0,2,2,1,1,1
49,-1729.256,-4814.086,-300.822,69.631,0.348049,-0.937467,0.004254,0.937451,0.348070,0.005727,-0.006850,0.001994,0.999975,0,0.33236,0.34884,9.943,-0.164,15.032,663.270,-1,693.413,13.333,513.876,516.462,534.162,527.105,-1,-1,1001.180,-1,-1,751.680,23.307,27.573,1,0,2,0,1,0,0,0,0,2,2,0,2,2,1,1,1
50,-1724.047,-4802.624,-301.036,69.429,0.351365,-0.936230,0.004115,0.936212,0.351384,0.006065,-0.007124,0.001721,0.999973,0,0.33236,0.34884,12.590,-0.203,14.979,662.963,-1,695.330,13.351,513.796,516.756,535.484,526.128,-1,-1,-1,-1,-1,739.494,23.398,27.461,1,0,2,0,1,0,0,0,0,2,2,2,2,2,1,1,1
51,-1718.779,-4791.025,-301.261,69.238,0.354475,-0.935057,0.004093,0.935033,0.354496,0.006762,-0.007774,0.001430,0.999969,0,0.33236,0.34884,12.739,-0.191,14.922,661.339,-1,695.935,13.372,512.950,516.441,536.678,525.087,-1,-1,-1,-1,-1,726.787,23.499,28.156,1,0,2,0,1,0,0,0,0,2,2,2,2,2,1,1,1
52,-1713.445,-4779.292,-301.439,69.057,0.357424,-0.933932,0.004327,0.933902,0.357447,0.007592,-0.008637,0.001327,0.999962,0,0.33236,0.34884,12.888,-0.181,14.879,659.351,-1,695.773,13.389,511.852,515.785,538.419,523.470,-1,-1,-1,-1,-1,713.607,23.584,29.111,1,0,2,0,1,0,0,0,0,2,2,2,2,2,1,1,1
53,-1708.034,-4767.487,-301.522,68.893,0.360103,-0.932898,0.005266,0.932870,0.360135,0.007543,-0.008933,0.002196,0.999958,0,0.33236,0.34884,12.986,-0.165,14.793,660.383,-1,696.756,13.426,512.319,516.320,542.732,519.975,-1,-1,-1,-1,-1,699.898,23.766,30.055,1,0,2,0,1,0,0,0,0,2,2,2,2,2,1,1,1
54,-1702.640,-4755.974,-301.233,68.776,0.362011,-0.932139,0.008064,0.932141,0.362057,0.005248,-0.007812,0.005617,0.999954,0,0.33236,0.34884,12.714,-0.117,14.769,669.546,-1,700.848,13.439,517.030,520.105,555.410,512.246,-1,-1,-1,-1,-1,685.582,23.819,30.392,1,0,2,0,1,0,0,0,0,2,2,2,2,2,1,1,1
55,-1697.163,-4744.902,-300.611,68.635,0.364300,-0.931213,0.011307,0.931262,0.364344,0.002007,-0.005989,0.009798,0.999934,0,-0.11521,0.97396,12.353,-0.141,14.672,682.826,-1,707.592,13.488,524.125,526.050,571.103,504.220,-1,-1,-1,-1,-1,672.377,24.056,29.758,1,0,2,0,1,0,0,0,0,2,2,2,2,2,1,1,1
56,-1691.910,-4734.515,-299.865,68.477,0.366862,-0.930162,0.014519,0.930257,0.366908,0.000533,-0.005823,0.013311,0.999894,0,-0.11521,0.97396,11.640,-0.158,14.503,690.645,-1,697.503,13.589,527.952,529.015,584.953,498.045,-1,-1,-1,-1,-1,660.518,24.548,28.233,1,0,2,1,1,0,0,0,0,2,2,2,2,2,1,1,1
57,-1686.993,-4724.597,-299.312,68.336,0.369156,-0.929219,0.016646,0.929338,0.369227,0.001339,-0.007390,0.014975,0.999861,0,-0.11521,0.97396,11.070,-0.142,13.963,690.357,-1,685.409,14.036,527.372,528.410,593.114,495.017,-1,-1,-1,-1,-1,648.954,27.330,26.785,1,0,2,1,1,0,0,0,0,2,2,2,2,2,1,1,1
58,-1681.775,-4713.033,-299.335,68.231,0.370847,-0.928542,0.016779,0.928626,0.370978,0.005403,-0.011242,0.013578,0.999845,0,-0.11521,0.97396,12.686,-0.105,-1,678.181,-1,670.531,14.098,520.360,522.595,591.093,496.059,-1,-1,-1,-1,-1,634.096,-1,26.383,2,0,2,1,1,0,0,0,0,2,2,2,2,2,1,2,1
59,-1678.760,-4705.438,-299.752,68.219,0.371021,-0.928490,0.015828,0.928520,0.371181,0.008697,-0.013950,0.011470,0.999837,0,-0.11521,0.97396,8.171,-0.011,-1,667.439,-1,659.536,14.110,514.264,517.478,585.153,497.918,-1,-1,-1,-1,-1,623.061,-1,26.308,2,0,2,1,1,0,0,0,0,2,2,2,2,2,1,2,1
60,-1675.293,-4696.313,-300.449,68.186,0.371550,-0.928326,0.012712,0.928273,0.371697,0.012257,-0.016103,0.007247,0.999844,0,-0.11521,0.97396,9.762,-0.033,13.882,655.827,-1,646.512,14.125,508.365,513.504,573.343,503.283,-1,-1,-1,-1,-1,610.023,28.050,26.218,1,0,2,1,1,0,0,0,0,2,2,2,2,2,1,1,1
61,-1672.191,-4688.149,-300.841,68.061,0.373572,-0.927581,0.006210,0.927472,0.373623,0.014193,-0.015485,0.000457,0.999880,0,-0.11521,0.97396,8.733,-0.125,13.667,650.900,-1,636.378,14.391,508.027,516.557,556.906,515.815,-1,-1,-1,-1,-1,599.928,30.777,24.948,1,0,2,1,1,0,0,0,0,2,2,2,2,2,1,1,1
62,-1669.629,-4680.792,-300.672,67.962,0.375199,-0.926942,-0.001965,0.926874,0.375143,0.013154,-0.011456,-0.006757,0.999912,0,-0.11521,0.97396,7.790,-0.099,13.520,657.247,-1,626.265,14.617,515.629,527.938,541.294,531.722,-1,-1,-1,-1,-1,590.357,34.082,24.203,1,0,2,1,1,0,0,0,0,2,2,2,2,2,1,1,1
63,-1667.597,-4674.129,-299.897,67.925,0.375822,-0.926633,-0.010420,0.926680,0.375735,0.009341,-0.004741,-0.013166,0.999902,0,-0.11521,0.97396,6.965,-0.037,13.410,674.211,-1,615.448,14.830,530.923,546.325,530.430,548.061,-1,-1,-1,-1,-1,580.611,34.048,23.684,1,0,2,1,1,0,0,0,0,2,2,2,2,2,1,1,1
64,-1666.015,-4668.106,-298.655,67.926,0.375809,-0.926519,-0.018146,0.926693,0.375794,0.004382,0.002760,-0.018463,0.999826,0,-0.11521,0.97396,6.228,0.001,13.340,696.687,-1,604.760,15.014,549.905,568.093,524.021,563.970,-1,-1,-1,-1,-1,571.189,26.282,23.337,1,0,2,1,1,0,0,0,0,2,2,2,2,2,1,1,1
65,-1664.731,-4662.732,-297.148,67.951,0.375390,-0.926538,-0.024682,0.926824,0.375497,0.000324,0.008968,-0.022997,0.999695,0,-0.11521,0.97396,5.525,0.025,-1,717.418,-1,594.882,15.287,567.408,588.175,520.079,579.279,-1,-1,-1,-1,-1,562.386,-1,22.947,2,0,2,1,1,0,0,0,0,2,2,2,2,2,1,2,1
66,-1663.577,-4657.992,-295.554,67.969,0.375084,-0.926512,-0.029789,0.926904,0.375295,-0.001625,0.012685,-0.027002,0.999555,0,-0.11521,0.97396,4.879,0.018,-1,731.683,-1,586.539,15.783,579.672,602.911,517.273,593.779,-1,-1,-1,-1,-1,554.703,-1,22.499,2,0,2,1,1,0,0,0,0,2,2,2,2,2,1,2,1
67,-1662.493,-4653.789,-294.014,67.968,0.375083,-0.926399,-0.033123,0.926890,0.375330,-0.001359,0.013691,-0.030192,0.999450,0,-0.11521,0.97396,4.341,-0.000,-1,737.548,-1,579.729,16.486,585.883,610.897,515.733,606.170,-1,-1,-1,-1,-1,548.142,-1,22.222,2,0,2,1,1,0,0,0,0,2,2,2,2,2,1,2,1
68,-1661.511,-4650.035,-292.652,67.969,0.375076,-0.926346,-0.034655,0.926913,0.375275,0.000832,0.012235,-0.032434,0.999399,0,-0.11521,0.97396,3.881,0.001,-1,735.473,-1,573.852,17.334,586.118,612.100,515.348,615.530,-1,-1,-1,-1,-1,545.356,-1,22.199,2,0,2,1,1,0,0,0,0,2,2,2,2,2,1,2,1
69,-1660.690,-4646.634,-291.566,68.004,0.374530,-0.926561,-0.034819,0.927172,0.374611,0.004427,0.008942,-0.033941,0.999384,0,-0.11521,0.97396,3.498,0.035,-1,727.255,-1,568.673,18.070,581.528,607.791,515.381,622.153,-1,-1,-1,-1,-1,544.292,-1,22.339,2,0,2,1,1,0,0,0,0,2,2,2,2,2,1,2,1
70,-1660.014,-4643.547,-290.815,68.059,0.373651,-0.926922,-0.034660,0.927558,0.373570,0.009032,0.004576,-0.035524,0.999358,0,-0.11521,0.97396,3.160,0.055,-1,714.606,-1,567.947,18.672,573.694,600.033,514.014,627.923,-1,-1,-1,-1,-1,541.236,-1,22.524,2,0,2,1,1,0,0,0,0,2,2,2,2,2,1,2,1
71,-1659.544,-4640.744,-290.423,68.138,0.372366,-0.927433,-0.034801,0.928086,0.372094,0.014234,-0.000252,-0.037598,0.999293,0,-0.11521,0.97396,2.843,0.080,-1,699.264,-1,567.954,18.657,563.958,590.425,510.393,633.875,-1,-1,-1,-1,-1,536.868,-1,22.519,2,0,2,1,1,0,0,0,0,2,2,2,2,2,1,2,1
72,-1659.230,-4638.129,-290.296,68.237,0.370767,-0.928047,-0.035514,0.928716,0.370312,0.018882,-0.004372,-0.039983,0.999191,0,-0.11521,0.97396,2.633,0.098,-1,685.633,-1,568.371,18.653,555.179,581.946,505.412,639.978,-1,-1,-1,-1,-1,534.338,-1,22.518,2,0,2,1,1,0,0,0,0,2,2,2,2,2,1,2,1
73,-1659.023,-4635.631,-290.329,68.349,0.368945,-0.928730,-0.036610,0.929425,0.368355,0.021978,-0.006926,-0.042134,0.999088,0,-0.11521,0.97396,2.507,0.112,16.693,676.613,-1,568.955,18.652,549.453,576.613,500.691,645.103,-1,-1,-1,-1,-1,534.925,17.445,22.518,1,0,2,1,1,0,0,0,0,2,2,2,2,2,1,1,1
74,-1658.879,-4633.241,-290.460,68.470,0.366970,-0.929467,-0.037745,0.930200,0.366314,0.023283,-0.007814,-0.043654,0.999016,0,-0.11521,0.97396,2.394,0.122,20.354,672.774,-1,569.601,18.652,547.100,574.610,497.236,648.232,-1,-1,-1,-1,-1,535.627,21.271,22.518,1,0,2,1,1,0,0,0,0,2,2,2,2,2,1,1,1
75,-1658.758,-4630.967,-290.661,68.600,0.364860,-0.930265,-0.038511,0.931033,0.364211,0.022957,-0.007330,-0.044231,0.998994,0,-0.11521,0.97396,2.278,0.130,21.120,673.521,-1,570.317,18.652,547.638,575.249,495.701,648.434,-1,-1,-1,-1,-1,540.341,22.072,22.518,1,0,2,1,1,0,0,0,0,2,2,2,2,2,1,1,1
76,-1658.625,-4628.819,-290.931,68.736,0.362659,-0.931122,-0.038595,0.931903,0.362076,0.021393,-0.005945,-0.043726,0.999026,0,-0.11521,0.97396,2.152,0.136,20.027,677.663,-1,571.109,18.635,550.137,577.466,496.291,645.235,-1,-1,-1,-1,-1,546.453,20.920,22.512,1,0,2,1,1,0,0,0,0,2,2,2,2,2,1,1,1
77,-1658.449,-4626.807,-291.282,68.873,0.360434,-0.932016,-0.037861,0.932775,0.359953,0.019079,-0.004154,-0.042192,0.999101,0,-0.11521,0.97396,2.020,0.137,17.369,683.928,-1,571.960,18.586,553.486,580.161,498.807,639.239,-1,-1,-1,-1,-1,552.440,18.121,22.495,1,0,2,1,1,0,0,0,0,2,2,2,2,2,1,1,1
78,-1658.214,-4624.929,-291.730,69.007,0.358255,-0.932917,-0.036333,0.933621,0.357884,0.016461,-0.002354,-0.039819,0.999204,0,-0.11521,0.97396,1.892,0.134,12.402,690.774,-1,572.836,18.517,556.776,582.431,502.804,631.588,-1,-1,-1,-1,-1,557.365,12.916,22.472,1,0,2,1,1,0,0,0,0,2,2,2,2,2,1,1,1
79,-1657.870,-4622.791,-292.314,69.159,0.355777,-0.933950,-0.034056,0.934571,0.355550,0.012698,0.000249,-0.036345,0.999339,0,0.46005,0.95677,2.166,0.152,-1,700.936,-1,573.743,18.173,561.718,585.848,508.921,621.041,-1,-1,-1,-1,-1,563.408,-1,22.367,2,0,2,1,1,0,0,0,0,2,2,2,2,2,1,2,1
80,-1657.312,-4619.883,-293.110,69.361,0.352480,-0.935308,-0.030932,0.935809,0.352437,0.006993,0.004361,-0.031411,0.999497,0,0.46005,0.95677,2.961,0.202,-1,716.777,-1,574.755,17.589,569.853,591.844,517.968,606.596,-1,-1,-1,-1,-1,572.735,-1,22.235,2,0,2,1,1,0,0,0,0,2,2,2,2,2,1,2,1
81,-1656.543,-4616.187,-294.140,69.607,0.348450,-0.936957,-0.026351,0.937281,0.348575,-0.000189,0.009363,-0.024632,0.999653,0,0.46005,0.95677,3.776,0.246,-1,737.158,-1,575.948,17.249,579.979,598.981,530.930,587.565,-1,-1,-1,-1,-1,583.554,-1,22.190,2,0,2,1,1,0,0,0,0,2,2,2,2,2,1,2,1
82,-1655.620,-4611.712,-295.429,69.907,0.343509,-0.938948,-0.019453,0.939034,0.343717,-0.008547,0.014712,-0.015331,0.999774,0,0.46005,0.95677,4.569,0.300,-1,761.875,-1,577.730,17.112,591.041,605.830,549.525,562.905,-1,-1,-1,-1,-1,594.362,-1,22.181,2,0,2,1,1,0,0,0,0,2,2,2,2,2,1,2,1
83,-1654.646,-4606.619,-296.890,70.282,0.337337,-0.941329,-0.010216,0.941198,0.337466,-0.016218,0.018714,-0.004145,0.999816,0,0.46005,0.95677,5.186,0.375,-1,785.535,-1,580.785,17.121,599.146,608.914,573.628,535.369,-1,-1,-1,-1,-1,602.203,-1,22.182,2,0,2,1,1,0,0,0,0,2,2,2,2,2,1,2,1
84,-1653.703,-4601.113,-298.317,70.711,0.330268,-0.943887,0.000008,0.943702,0.330203,-0.019804,0.018690,0.006548,0.999804,0,0.46005,0.95677,5.585,0.430,-1,795.131,-1,585.216,10.971,597.788,602.372,597.368,510.017,-1,-1,-1,-1,-1,602.064,-1,8.353,2,0,2,1,1,0,0,0,0,2,2,2,2,2,1,2,1
85,-1652.766,-4595.330,-299.798,71.140,0.323224,-0.946272,0.009787,0.946225,0.323025,-0.017713,0.013600,0.014986,0.999795,0,0.46005,0.95677,5.859,0.429,-1,783.239,-1,590.285,-1,584.649,584.224,615.282,489.469,-1,-1,-1,-1,-1,590.802,-1,568.055,2,0,2,1,2,0,0,0,0,2,2,2,2,2,1,2,1
86,-1651.845,-4589.520,-301.556,71.515,0.317063,-0.948228,0.018272,0.948399,0.316939,-0.009381,0.003104,0.020303,0.999789,0,0.46005,0.95677,5.883,0.374,-1,747.747,-1,595.337,-1,558.813,554.528,623.146,476.051,-1,-1,-1,-1,-1,566.797,-1,554.253,2,0,2,1,2,0,0,0,0,2,2,2,2,2,1,2,1
87,-1650.778,-4583.455,-303.431,71.794,0.312422,-0.949694,0.021745,0.949900,0.312546,0.002442,-0.009115,0.019893,0.999761,0,0.46005,0.95677,6.158,0.279,-1,701.922,-1,598.451,17.097,529.294,524.404,613.860,471.977,-1,-1,-1,-1,-1,554.633,-1,22.181,2,0,2,1,1,0,0,0,0,2,2,2,2,2,1,2,1
88,-1649.864,-4576.710,-304.952,72.067,0.307852,-0.951206,0.020840,0.951267,0.308135,0.011983,-0.017820,0.016135,0.999711,0,0.46005,0.95677,6.807,0.273,25.149,668.039,-1,600.438,17.791,508.394,504.546,597.077,474.931,-1,-1,-1,-1,-1,556.215,29.945,22.273,1,0,2,1,1,0,0,0,0,2,2,2,2,2,1,1,1
89,-1649.223,-4569.139,-305.905,72.392,0.302442,-0.953001,0.017813,0.952935,0.302728,0.016439,-0.021059,0.012003,0.999706,0,0.46005,0.95677,7.598,0.324,19.068,653.270,-1,602.235,17.485,499.930,497.193,582.599,480.857,-1,-1,-1,-1,-1,558.089,36.610,22.217,1,0,2,1,1,0,0,0,0,2,2,2,2,2,1,1,1
90,-1648.678,-4560.789,-306.241,72.757,0.296364,-0.954976,0.013744,0.954876,0.296566,0.016130,-0.019479,0.008343,0.999775,0,0.46005,0.95677,8.367,0.366,16.659,655.076,-1,603.677,17.229,502.343,500.514,572.678,488.545,-1,-1,-1,-1,-1,559.942,38.217,22.189,1,0,2,1,1,0,0,0,0,2,2,2,2,2,1,1,1
91,-1648.095,-4551.846,-305.995,73.146,0.289894,-0.957003,0.010298,0.956940,0.290010,0.012625,-0.015068,0.006195,0.999867,0,0.46005,0.95677,8.962,0.389,16.169,668.915,-1,604.907,17.153,512.425,510.543,569.403,495.784,-1,-1,-1,-1,-1,579.279,36.727,22.184,1,0,2,1,1,0,0,0,0,2,2,2,2,2,1,1,1
92,-1647.471,-4542.506,-305.297,73.548,0.283192,-0.959030,0.007963,0.959009,0.283255,0.008277,-0.010193,0.005293,0.999934,0,0.46005,0.95677,9.361,0.402,15.776,687.332,-1,606.257,17.080,525.116,522.617,571.078,502.107,-1,-1,-1,-1,-1,610.014,32.197,22.180,1,0,2,1,1,0,0,0,0,2,2,2,2,2,1,1,1
93,-1646.775,-4532.885,-304.394,73.957,0.276359,-0.961030,0.006896,0.961029,0.276397,0.005328,-0.007027,0.005155,0.999962,0,0.46005,0.95677,9.647,0.408,15.359,702.311,-1,607.985,16.988,535.084,531.849,575.222,507.423,-1,-1,-1,-1,-1,-1,26.453,22.178,1,0,2,1,1,0,0,0,0,2,2,2,2,2,2,1,1
94,-1645.952,-4522.974,-303.559,74.351,0.269738,-0.962909,0.006884,0.962916,0.269769,0.004151,-0.005854,0.005509,0.999968,0,0.46005,0.95677,9.945,0.395,15.127,711.449,-1,609.727,-1,540.823,537.104,580.206,511.407,-1,-1,-1,-1,-1,-1,21.423,15.114,1,0,2,1,2,0,0,0,0,2,2,2,2,2,2,1,1
95,-1645.030,-4512.759,-302.983,74.743,0.263149,-0.964726,0.007565,0.964734,0.263187,0.004590,-0.006419,0.006090,0.999961,0,0.46005,0.95677,10.256,0.392,9.489,714.541,-1,705.919,-1,542.431,538.219,584.714,514.260,-1,-1,-1,-1,-1,-1,9.485,18.673,1,0,2,0,2,0,0,0,0,2,2,2,2,2,2,1,1
96,-1644.226,-4502.218,-302.780,75.177,0.255829,-0.966680,0.008981,0.966687,0.255888,0.006141,-0.008234,0.007110,0.999941,0,0.46005,0.95677,10.572,0.434,-1,712.449,-1,699.130,510.509,540.730,535.607,588.933,516.909,-1,-1,-1,-1,-1,-1,-1,14.225,2,0,2,0,1,0,0,0,0,2,2,2,2,2,2,2,1
97,-1643.406,-4491.284,-302.987,75.622,0.248313,-0.968627,0.010084,0.968624,0.248396,0.008124,-0.010374,0.007750,0.999916,0,0.46005,0.95677,10.964,0.445,-1,707.797,-1,690.468,12.829,537.598,531.335,590.758,519.307,-1,-1,-1,-1,-1,-1,-1,10.032,2,0,2,0,1,0,0,0,0,2,2,2,2,2,2,2,1
98,-1642.579,-4479.913,-303.528,76.067,0.240778,-0.970522,0.010622,0.970505,0.240881,0.009865,-0.012133,0.007934,0.999895,0,0.46005,0.95677,11.401,0.445,14.191,702.862,-1,682.921,16.598,534.383,527.149,590.359,521.862,-1,-1,-1,-1,-1,-1,16.253,22.204,1,0,2,0,1,0,0,0,0,2,2,2,2,2,2,1,1
99,-1641.785,-4468.109,-304.273,76.511,0.233238,-0.972360,0.010808,0.972329,0.233353,0.011072,-0.013288,0.007927,0.999880,0,0.46005,0.95677,11.831,0.445,14.045,698.955,-1,676.871,16.523,531.908,523.751,588.935,523.727,-1,-1,-1,-1,-1,-1,21.144,22.215,1,0,2,0,1,0,0,0,0,2,2,2,2,2,2,1,1
100,-1641.030,-4455.895,-305.046,76.963,0.225559,-0.974172,0.010568,0.974132,0.225677,0.011731,-0.013813,0.007648,0.999875,0,0.46005,0.95677,12.237,0.452,14.586,696.621,-1,672.898,16.762,530.644,521.618,586.929,526.214,-1,-1,-1,-1,-1,-1,23.575,22.185,1,0,2,0,1,0,0,0,0,2,2,2,2,2,2,1,1
101,-1640.498,-4443.278,-305.742,77.453,0.217215,-0.976069,0.010375,0.976030,0.217329,0.011518,-0.013497,0.007625,0.999880,0,0.46005,0.95677,12.628,0.490,14.429,697.371,-1,670.866,16.702,531.417,521.617,586.247,528.715,-1,-1,-1,-1,-1,-1,25.774,22.191,1,0,2,0,1,0,0,0,0,2,2,2,2,2,2,1,1
102,-1640.054,-4430.319,-306.307,77.953,0.208696,-0.977930,0.009940,0.977899,0.208799,0.010792,-0.012629,0.007469,0.999892,0,0.38293,1.00000,12.967,0.500,14.259,699.684,-1,670.937,16.630,533.595,523.177,585.807,532.341,-1,-1,-1,-1,-1,-1,26.817,22.199,1,0,2,0,1,0,0,0,0,2,2,2,2,2,2,1,1
103,-1639.684,-4417.143,-306.693,78.452,0.200175,-0.979718,0.009132,0.979688,0.200265,0.010236,-0.011857,0.006898,0.999906,0,0.38293,1.00000,13.181,0.499,14.381,701.823,-1,672.123,16.684,535.954,525.093,584.889,538.435,-1,-1,-1,-1,-1,-1,26.708,22.192,1,0,2,0,1,0,0,0,0,2,2,2,2,2,2,1,1
104,-1639.456,-4403.811,-306.850,78.960,0.191486,-0.981462,0.008151,0.981427,0.191564,0.010232,-0.011604,0.006040,0.999914,0,0.38293,1.00000,13.333,0.508,14.296,702.926,-1,673.083,16.646,537.938,526.596,583.922,545.825,-1,-1,-1,-1,-1,-1,26.023,22.197,1,0,2,0,1,0,0,0,0,2,2,2,2,2,2,1,1
105,-1639.266,-4390.341,-306.844,79.456,0.182968,-0.983093,0.007156,0.983041,0.183040,0.011232,-0.012352,0.004980,0.999911,0,0.38293,1.00000,13.472,0.497,14.204,701.431,-1,671.815,16.604,538.305,526.330,582.886,554.042,-1,-1,-1,-1,-1,-1,26.754,22.202,1,0,2,0,1,0,0,0,0,2,2,2,2,2,2,1,1
106,-1639.171,-4376.721,-306.740,79.947,0.174540,-0.984627,0.006706,0.984550,0.174615,0.013099,-0.014069,0.004316,0.999892,0,0.38293,1.00000,13.620,0.491,14.254,697.820,-1,667.638,16.628,537.035,524.464,583.083,561.644,-1,-1,-1,-1,-1,-1,25.102,22.199,1,0,2,0,1,0,0,0,0,2,2,2,2,2,2,1,1
107,-1639.204,-4362.929,-306.634,80.456,0.165776,-0.986141,0.006592,0.986032,0.165860,0.015245,-0.016127,0.003973,0.999862,0,0.38293,1.00000,13.793,0.509,15.873,693.262,-1,662.169,17.099,535.206,522.052,583.893,568.694,-1,-1,-1,-1,-1,-1,22.623,22.181,1,0,2,0,1,0,0,0,0,2,2,2,2,2,2,1,1
108,-1639.612,-4348.988,-306.601,81.035,0.155812,-0.987759,0.007412,0.987620,0.155919,0.017217,-0.018162,0.004638,0.999824,0,0.38293,1.00000,13.947,0.578,15.502,688.625,-1,655.776,17.021,533.650,519.518,587.107,573.273,-1,-1,-1,-1,-1,-1,21.150,22.179,1,0,2,0,1,0,0,0,0,2,2,2,2,2,2,1,1
109,-1640.231,-4334.822,-306.751,81.642,0.145335,-0.989349,0.008185,0.989190,0.145465,0.018505,-0.019499,0.005407,0.999795,0,0.38293,1.00000,14.180,0.607,15.326,685.821,-1,650.852,16.980,533.333,518.378,590.079,578.032,-1,-1,-1,-1,-1,-1,20.199,22.178,1,0,2,0,1,0,0,0,0,2,2,2,2,2,2,1,1
110,-1640.892,-4320.410,-307.029,82.229,0.135190,-0.990787,0.008063,0.990622,0.135321,0.018884,-0.019801,0.005434,0.999789,0,0.38293,1.00000,14.427,0.587,15.114,684.638,-1,649.112,16.933,534.538,519.067,590.811,584.385,-1,-1,-1,-1,-1,-1,20.229,22.178,1,0,2,0,1,0,0,0,0,2,2,2,2,2,2,1,1
111,-1641.755,-4305.833,-307.360,82.818,0.125001,-0.992129,0.007421,0.991963,0.125121,0.018801,-0.019582,0.005011,0.999796,0,0.38293,1.00000,14.602,0.589,14.791,684.272,-1,649.017,16.833,536.189,520.943,590.248,591.854,-1,-1,-1,-1,-1,-1,18.529,22.181,1,0,2,0,1,0,0,0,0,2,2,2,2,2,2,1,1
112,-1642.755,-4291.079,-307.814,83.406,0.114815,-0.993366,0.006384,0.993196,0.114917,0.018885,-0.019493,0.004172,0.999801,0,0.38293,1.00000,14.788,0.588,14.506,682.908,-1,649.098,16.992,537.230,522.455,588.157,600.060,-1,-1,-1,-1,-1,-1,14.496,22.178,1,0,2,0,1,0,0,0,0,2,2,2,2,2,2,1,1
113,-1644.113,-4276.267,-308.322,84.038,0.103852,-0.994577,0.005528,0.994392,0.103941,0.019504,-0.019973,0.003471,0.999794,0,0.38293,1.00000,14.874,0.632,-1,679.615,-1,647.851,17.682,536.908,522.647,586.133,607.929,-1,-1,-1,-1,-1,-1,-1,22.251,2,0,2,0,1,0,0,0,0,2,2,2,2,2,2,2,1
114,-1645.942,-4261.476,-308.836,84.732,0.091788,-0.995765,0.005247,0.995551,0.091879,0.020909,-0.021302,0.003305,0.999768,0,0.38293,1.00000,14.904,0.695,16.799,674.231,-1,643.636,17.348,534.956,521.163,585.319,614.730,-1,-1,-1,-1,-1,-1,16.955,22.200,1,0,2,0,1,0,0,0,0,2,2,2,2,2,2,1,1
115,-1647.861,-4246.538,-309.347,85.409,0.080027,-0.996783,0.004302,0.996536,0.080103,0.022345,-0.022617,0.002499,0.999741,0,0.38293,1.00000,15.061,0.676,18.157,668.428,-1,639.490,17.413,532.918,519.761,583.020,622.936,-1,-1,-1,-1,-1,-1,18.360,22.208,1,0,2,0,1,0,0,0,0,2,2,2,2,2,2,1,1
116,-1649.910,-4231.425,-309.863,86.076,0.068417,-0.997652,0.003177,0.997374,0.068473,0.023611,-0.023773,0.001553,0.999716,0,0.38293,1.00000,15.250,0.667,17.337,662.901,-1,636.737,17.323,531.160,518.506,580.438,631.244,-1,-1,-1,-1,-1,-1,19.156,22.198,1,0,2,0,1,0,0,0,0,2,2,2,2,2,2,1,1
117,-1652.214,-4216.212,-310.290,86.752,0.056646,-0.998392,0.002160,0.998092,0.056682,0.024473,-0.024556,0.000769,0.999698,0,0.38293,1.00000,15.386,0.676,17.081,658.611,-1,635.941,17.293,530.598,518.179,578.704,639.575,-1,-1,-1,-1,-1,-1,20.043,22.194,1,0,2,0,1,0,0,0,0,2,2,2,2,2,2,1,1
118,-1654.813,-4200.956,-310.613,87.456,0.044380,-0.999014,0.001376,0.998695,0.044400,0.025253,-0.025289,0.000253,0.999680,0,0.38293,1.00000,15.477,0.704,16.128,654.946,-1,635.667,17.848,529.976,518.191,578.021,647.427,-1,-1,-1,-1,-1,-1,16.502,22.285,1,0,2,0,1,0,0,0,0,2,2,2,2,2,2,1,1
119,-1657.825,-4186.110,-310.901,88.206,0.031296,-0.999509,0.001311,0.999128,0.031320,0.027614,-0.027642,0.000446,0.999618,0,-0.11999,1.00000,15.148,0.750,14.687,648.456,-1,630.567,17.663,526.229,515.187,578.937,651.016,-1,-1,-1,-1,-1,-1,14.952,22.247,1,0,2,0,1,0,0,0,0,2,2,2,2,2,2,1,1
120,-1660.775,-4171.972,-311.164,88.888,0.019400,-0.999812,0.000118,0.999318,0.019394,0.031416,-0.031412,-0.000492,0.999506,0,-0.11999,1.00000,14.442,0.682,19.864,638.075,-1,622.718,17.683,519.768,509.579,576.715,657.368,-1,-1,-1,-1,-1,-1,20.230,22.251,1,0,2,0,1,0,0,0,0,2,2,2,2,2,2,1,1
121,-1663.806,-4158.506,-311.373,89.528,0.008225,-0.999965,-0.001728,0.999355,0.008160,0.034985,-0.034970,-0.002015,0.999386,0,-0.11999,1.00000,13.803,0.641,22.839,628.101,-1,616.086,17.711,513.748,504.567,573.160,665.149,-1,-1,-1,-1,997.843,-1,23.352,22.256,1,0,2,0,1,0,0,0,0,2,2,2,2,0,2,1,1
122,-1666.984,-4145.593,-311.641,90.149,-0.002601,-0.999991,-0.003374,0.999297,-0.002725,0.037380,-0.037389,-0.003274,0.999295,0,-0.11999,1.00000,13.299,0.621,22.258,620.707,-1,611.988,17.684,509.672,501.434,570.249,671.871,-1,-1,-1,-1,982.366,-1,24.948,22.251,1,0,2,0,1,0,0,0,0,2,2,2,2,0,2,1,1
123,-1670.273,-4133.219,-311.974,90.744,-0.012967,-0.999905,-0.004728,0.999177,-0.013139,0.038384,-0.038443,-0.004227,0.999252,0,-0.11999,1.00000,12.803,0.594,22.195,616.258,-1,610.915,17.680,507.195,500.511,568.106,677.093,-1,-1,-1,-1,973.395,-1,25.722,22.250,1,0,2,0,1,0,0,0,0,2,2,2,2,0,2,1,1
124,-1673.762,-4121.542,-312.299,91.302,-0.022703,-0.999726,-0.005704,0.999003,-0.022905,0.038321,-0.038441,-0.004828,0.999249,0,-0.11999,1.00000,12.187,0.558,21.706,614.280,-1,612.160,17.656,506.269,501.373,567.029,678.027,-1,-1,-1,-1,969.730,-1,25.571,22.246,1,0,2,0,1,0,0,0,0,2,2,2,2,0,2,1,1
125,-1677.114,-4110.437,-312.657,91.794,-0.031276,-0.999484,-0.007296,0.998792,-0.031530,0.037691,-0.037902,-0.006108,0.999263,0,-0.11999,1.00000,11.600,0.492,20.191,612.877,-1,615.108,17.570,506.046,502.080,564.237,680.990,-1,-1,-1,-1,967.089,-1,24.263,22.231,1,0,2,0,1,0,0,0,0,2,2,2,2,0,2,1,1
126,-1680.323,-4099.846,-313.093,92.283,-0.039813,-0.999169,-0.008747,0.998498,-0.040113,0.037328,-0.037648,-0.007248,0.999265,0,-0.11999,1.00000,11.066,0.490,19.870,610.798,-1,616.953,17.549,505.241,502.068,561.395,683.211,-1,-1,-1,-1,963.286,-1,23.145,22.227,1,0,2,0,1,0,0,0,0,2,2,2,2,0,2,1,1
127,-1683.404,-4089.750,-313.605,92.762,-0.048150,-0.998794,-0.009573,0.998113,-0.048478,0.037686,-0.038105,-0.007740,0.999244,0,-0.11999,1.00000,10.555,0.478,19.244,607.016,-1,616.372,17.502,503.631,500.549,559.747,683.197,-1,-1,-1,-1,958.708,-1,22.211,22.220,1,0,2,0,1,0,0,0,0,2,2,2,2,0,2,1,1
128,-1686.404,-4080.172,-314.198,93.242,-0.056511,-0.998357,-0.009442,0.997616,-0.056840,0.039138,-0.039610,-0.007207,0.999189,0,-0.11999,1.00000,10.037,0.480,19.972,601.801,-1,611.984,18.849,500.318,496.895,560.079,679.522,-1,-1,-1,-1,951.444,-1,20.978,22.588,1,0,2,0,1,0,0,0,0,2,2,2,2,0,2,1,1
129,-1689.505,-4071.216,-314.776,93.760,-0.065514,-0.997816,-0.008423,0.996972,-0.065808,0.041430,-0.041893,-0.005683,0.999106,0,-0.11999,1.00000,9.478,0.518,20.776,595.917,-1,604.657,18.707,495.820,491.826,562.600,672.685,-1,-1,-1,-1,942.726,-1,21.742,22.537,1,0,2,0,1,0,0,0,0,2,2,2,2,0,2,1,1
130,-1692.652,-4062.937,-315.190,94.283,-0.074602,-0.997182,-0.007959,0.996242,-0.074879,0.043541,-0.044014,-0.004681,0.999020,0,-0.11999,1.00000,8.856,0.523,21.445,590.796,-1,597.877,18.661,491.536,487.719,564.225,667.284,-1,-1,-1,-1,934.916,-1,22.419,22.521,1,0,2,0,1,0,0,0,0,2,2,2,2,0,2,1,1
131,-1695.807,-4055.167,-315.452,94.786,-0.083351,-0.996485,-0.008350,0.995496,-0.083642,0.044623,-0.045165,-0.004593,0.998969,0,-0.11999,1.00000,8.387,0.504,22.005,587.727,-1,594.544,18.371,488.966,485.684,564.118,377.178,-1,-1,-1,-1,930.722,-1,22.830,22.426,1,0,2,0,1,0,0,0,1,2,2,2,2,0,2,1,1
132,-1698.873,-4047.467,-315.639,95.253,-0.091469,-0.995763,-0.009446,0.994814,-0.091798,0.043792,-0.044474,-0.005391,0.998996,0,0.25604,1.00000,8.288,0.467,23.478,587.732,-1,596.465,17.878,489.229,486.464,562.343,378.201,-1,-1,-1,-1,933.457,-1,24.042,22.292,1,0,2,0,1,0,0,0,1,2,2,2,2,0,2,1,1
133,-1701.903,-4039.544,-315.765,95.697,-0.099171,-0.995015,-0.010465,0.994182,-0.099522,0.041193,-0.042029,-0.006319,0.999096,0,0.25604,1.00000,8.482,0.443,20.342,591.058,-1,603.125,18.250,492.274,490.478,560.798,379.156,-1,-1,-1,-1,944.408,-1,21.037,22.389,1,0,2,0,1,0,0,0,1,2,2,2,2,0,2,1,1
134,-1705.120,-4031.697,-315.845,96.186,-0.107677,-0.994130,-0.010576,0.993376,-0.108012,0.039219,-0.040131,-0.006283,0.999175,0,0.25604,1.00000,8.481,0.490,12.101,594.179,-1,608.478,18.675,494.882,493.586,561.601,380.433,-1,-1,-1,-1,955.684,-1,12.654,22.525,1,0,2,0,1,0,0,0,1,2,2,2,2,0,2,1,1
135,-1708.484,-4023.982,-315.949,96.704,-0.116645,-0.993121,-0.010203,0.992379,-0.116957,0.038805,-0.039731,-0.005599,0.999195,0,0.25604,1.00000,8.417,0.517,820.218,594.777,-1,608.605,18.594,495.230,494.076,563.606,382.009,-1,-1,-1,-1,961.122,-1,-1,22.498,1,0,2,0,1,0,0,0,1,2,2,2,2,0,2,2,1
136,-1711.937,-4016.305,-316.128,97.227,-0.125698,-0.992017,-0.010069,0.991244,-0.126001,0.039481,-0.040434,-0.005018,0.999170,0,0.25604,1.00000,8.418,0.523,864.875,592.998,-1,605.382,18.494,493.591,492.588,564.939,383.746,-1,-1,-1,-1,961.189,-1,-1,22.465,1,0,2,0,1,0,0,0,1,2,2,2,2,0,2,2,1
137,-1715.440,-4008.585,-316.432,97.734,-0.134463,-0.990862,-0.010564,0.990042,-0.134785,0.040625,-0.041678,-0.004996,0.999119,0,0.25604,1.00000,8.478,0.507,-1,589.553,-1,601.386,18.351,490.156,489.976,564.462,385.544,-1,-1,-1,-1,957.046,-1,-1,22.419,2,0,2,0,1,0,0,0,1,2,2,2,2,0,2,2,1
138,-1719.030,-4000.835,-316.809,98.233,-0.143066,-0.989645,-0.011587,0.988779,-0.143430,0.041769,-0.042999,-0.005482,0.999060,0,0.25604,1.00000,8.541,0.499,-1,585.496,-1,597.559,18.579,486.491,486.416,562.527,387.437,-1,-1,-1,-1,951.365,-1,-1,22.493,2,0,2,0,1,0,0,0,1,2,2,2,2,0,2,2,1
139,-1722.792,-3993.092,-317.241,98.745,-0.151878,-0.988318,-0.012685,0.987400,-0.152289,0.043005,-0.044434,-0.005993,0.998994,0,0.25604,1.00000,8.609,0.512,-1,581.141,-1,593.330,18.357,483.046,482.583,560.332,389.567,-1,-1,-1,-1,945.062,-1,-1,22.421,2,0,2,0,1,0,0,0,1,2,2,2,2,0,2,2,1
140,-1726.606,-3985.240,-317.748,99.247,-0.160531,-0.986934,-0.013794,0.985974,-0.160990,0.044010,-0.045656,-0.006536,0.998936,0,0.25604,1.00000,8.730,0.503,11.232,576.988,-1,589.447,18.405,479.764,478.946,557.907,391.776,-1,-1,-1,-1,939.812,-1,11.663,22.436,1,0,2,0,1,0,0,0,1,2,2,2,2,0,2,1,1
141,-1730.458,-3977.333,-318.202,99.726,-0.168763,-0.985546,-0.014806,0.984560,-0.169264,0.044624,-0.046485,-0.007046,0.998894,0,0.25604,1.00000,8.795,0.479,16.254,573.672,-1,586.396,18.370,477.159,476.033,555.870,394.052,-1,-1,-1,-1,936.711,-1,16.863,22.425,1,0,2,0,1,0,0,0,1,2,2,2,2,0,2,1,1
142,-1734.394,-3969.379,-318.608,100.202,-0.176917,-0.984104,-0.015459,0.983098,-0.177444,0.045081,-0.047107,-0.007222,0.998864,0,0.25604,1.00000,8.875,0.475,16.465,571.139,-1,582.684,18.312,475.002,473.906,554.852,396.475,-1,-1,-1,-1,935.450,-1,17.056,22.407,1,0,2,0,1,0,0,0,1,2,2,2,2,0,2,1,1
143,-1738.415,-3961.339,-319.007,100.647,-0.184554,-0.982695,-0.015796,0.981682,-0.185090,0.045183,-0.047325,-0.007168,0.998854,0,0.25604,1.00000,8.990,0.446,16.053,569.587,-1,579.772,18.258,473.457,472.488,554.567,399.023,-1,-1,-1,-1,936.426,-1,16.605,22.391,1,0,2,0,1,0,0,0,1,2,2,2,2,0,2,1,1
144,-1742.500,-3953.242,-319.413,101.068,-0.191763,-0.981310,-0.016059,0.980302,-0.192303,0.045038,-0.047284,-0.007106,0.998856,0,0.25604,1.00000,9.069,0.421,14.704,568.447,-1,577.438,18.226,472.254,471.437,554.391,401.654,-1,-1,-1,-1,938.503,-1,15.197,22.382,1,0,2,0,1,0,0,0,1,2,2,2,2,0,2,1,1
145,-1746.674,-3945.241,-319.780,101.511,-0.199322,-0.979800,-0.016226,0.978769,-0.199864,0.045441,-0.047766,-0.006824,0.998835,0,0.25604,1.00000,9.024,0.442,11.460,566.783,-1,573.881,18.267,470.135,469.393,554.729,404.469,-1,-1,-1,-1,938.410,-1,11.856,22.394,1,0,2,0,1,0,0,0,1,2,2,2,2,0,2,1,1
146,-1750.945,-3937.436,-320.055,101.976,-0.207246,-0.978152,-0.016388,0.977061,-0.207796,0.046615,-0.049002,-0.006351,0.998778,0,0.25604,1.00000,8.898,0.465,-1,564.227,-1,568.780,18.054,466.984,465.930,555.626,407.501,-1,-1,-1,-1,935.166,-1,690.731,22.335,2,0,2,0,1,0,0,0,1,2,2,2,2,0,2,1,1
147,-1755.155,-3929.557,-320.321,102.433,-0.215026,-0.976460,-0.017034,0.975306,-0.215607,0.047864,-0.050410,-0.006321,0.998709,0,0.25604,1.00000,8.933,0.457,-1,561.073,-1,564.427,17.998,463.559,462.323,555.484,410.443,-1,-1,-1,-1,930.261,-1,683.071,22.321,2,0,2,0,1,0,0,0,1,2,2,2,2,0,2,1,1
148,-1759.393,-3921.591,-320.621,102.903,-0.223000,-0.974655,-0.017833,0.973433,-0.223621,0.049217,-0.051957,-0.006384,0.998629,0,0.25604,1.00000,9.023,0.470,-1,557.553,-1,559.526,17.948,459.882,458.477,554.980,413.438,-1,-1,-1,-1,924.475,-1,675.406,22.308,2,0,2,0,1,0,0,0,1,2,2,2,2,0,2,1,1
149,-1763.737,-3913.530,-321.003,103.392,-0.231285,-0.972713,-0.018365,0.971422,-0.231931,0.050474,-0.053356,-0.006166,0.998556,0,0.25604,1.00000,9.157,0.489,-1,554.348,-1,553.788,17.983,456.312,454.651,554.886,436.150,-1,-1,-1,-1,920.257,889.221,667.755,22.317,2,0,2,0,1,0,0,0,1,2,2,2,2,0,0,1,1
150,-1768.174,-3905.334,-321.488,103.887,-0.239660,-0.970678,-0.018656,0.969330,-0.240316,0.051455,-0.054429,-0.005752,0.998501,0,0.25604,1.00000,9.320,0.495,-1,551.645,-1,548.333,18.404,453.042,451.057,554.994,479.119,-1,-1,-1,-1,917.800,860.991,660.057,22.435,2,0,2,0,1,0,0,0,1,2,2,2,2,0,0,1,1
151,-1772.810,-3897.156,-322.035,104.410,-0.248470,-0.968463,-0.018519,0.967048,-0.249112,0.052549,-0.055505,-0.004852,0.998447,0,0.25604,1.00000,9.401,0.522,-1,549.174,-1,542.409,18.656,450.278,447.281,556.010,515.145,-1,-1,-1,-1,916.245,850.222,652.458,22.519,2,0,2,0,1,0,0,0,1,2,2,2,2,0,0,1,1
152,-1777.752,-3889.038,-322.523,104.968,-0.257865,-0.966006,-0.018378,0.964547,-0.258488,0.053231,-0.056172,-0.004000,0.998413,0,0.54676,0.34210,9.504,0.558,-1,547.711,-1,537.400,18.653,448.246,444.196,557.083,598.609,-1,-1,-1,-1,917.563,844.101,645.025,22.518,2,0,2,0,1,0,0,0,1,2,2,2,2,0,0,1,1
153,-1782.963,-3880.548,-322.964,105.538,-0.267455,-0.963390,-0.018614,0.961962,-0.268075,0.052586,-0.055651,-0.003842,0.998443,0,0.54676,0.34210,9.962,0.570,-1,548.164,-1,535.288,17.713,447.776,442.927,556.862,604.869,-1,-1,-1,-1,924.473,843.015,637.946,22.257,2,0,2,0,1,0,0,0,0,2,2,2,2,0,0,1,1
154,-1788.174,-3871.380,-323.452,106.049,-0.276051,-0.960948,-0.019374,0.959611,-0.276692,0.050875,-0.054249,-0.004547,0.998517,0,0.54676,0.34210,10.545,0.511,-1,549.482,-1,535.763,17.554,447.966,442.942,554.832,603.764,-1,-1,-1,-1,932.767,845.577,639.654,22.229,2,0,2,0,1,0,0,0,0,2,2,2,2,0,0,1,1
155,-1793.564,-3861.700,-324.046,106.558,-0.284589,-0.958443,-0.019903,0.957176,-0.285241,0.049505,-0.053125,-0.004962,0.998576,0,0.54676,0.34210,11.079,0.509,-1,550.194,-1,533.927,17.215,447.562,442.280,553.259,601.161,-1,-1,-1,-1,940.524,930.843,640.605,22.187,2,0,2,0,1,0,0,0,0,2,2,2,2,0,0,1,1
156,-1799.105,-3851.573,-324.716,107.065,-0.293050,-0.955872,-0.020752,0.954633,-0.293733,0.048963,-0.052898,-0.005462,0.998585,0,0.54676,0.34210,11.544,0.507,-1,548.904,-1,530.740,16.984,445.737,440.204,551.249,598.373,-1,-1,-1,-1,942.861,862.563,640.502,22.178,2,0,2,0,1,0,0,0,0,2,2,2,2,0,0,1,1
157,-1804.941,-3841.125,-325.385,107.585,-0.301683,-0.953169,-0.021353,0.951908,-0.302389,0.049319,-0.053466,-0.005447,0.998555,0,0.54676,0.34210,11.967,0.519,-1,546.424,-1,525.857,16.902,442.902,436.937,550.409,594.779,-1,-1,-1,-1,941.708,831.496,640.137,22.179,2,0,2,0,1,0,0,0,0,2,2,2,2,0,0,1,1
158,-1811.030,-3830.384,-325.998,108.131,-0.310724,-0.950255,-0.021563,0.948916,-0.311436,0.050653,-0.054849,-0.004722,0.998484,0,0.54676,0.34210,12.347,0.546,-1,543.019,-1,519.120,16.777,439.196,432.555,551.283,589.366,-1,-1,-1,-1,517.966,818.147,639.937,22.185,2,0,2,0,1,0,0,0,0,2,2,2,2,1,0,1,1
159,-1817.272,-3819.223,-326.532,108.653,-0.319329,-0.947390,-0.021925,0.945968,-0.320054,0.052060,-0.056338,-0.004116,0.998403,0,0.54676,0.34210,12.788,0.522,-1,539.410,-1,512.491,16.643,435.417,428.118,552.211,584.559,-1,-1,-1,-1,514.592,804.863,594.044,22.197,2,0,2,0,1,0,0,0,0,2,2,2,2,1,0,1,1
160,-1823.702,-3807.585,-327.063,109.154,-0.327566,-0.944560,-0.022541,0.943074,-0.328317,0.053089,-0.057547,-0.003867,0.998335,0,0.54676,0.34210,13.296,0.501,-1,536.006,-1,506.614,16.719,431.854,423.433,552.503,580.692,-1,-1,-1,-1,510.779,792.651,603.378,22.189,2,0,2,0,1,0,0,0,0,2,2,2,2,1,0,1,1
161,-1830.408,-3795.570,-327.652,109.657,-0.335800,-0.941646,-0.023251,0.940098,-0.336584,0.054105,-0.058774,-0.003689,0.998264,0,0.54676,0.34210,13.761,0.503,-1,532.378,-1,499.440,16.620,428.413,418.585,552.543,576.746,-1,-1,-1,-1,506.409,780.237,651.292,22.200,2,0,2,0,1,0,0,0,0,2,2,2,2,1,0,1,1
162,-1837.351,-3783.122,-328.349,110.153,-0.343923,-0.938687,-0.024162,0.937102,-0.344749,0.054661,-0.059640,-0.003843,0.998213,0,0.54676,0.34210,14.252,0.497,-1,527.113,-1,492.753,16.582,425.282,413.991,551.642,573.085,-1,-1,-1,-1,501.093,768.705,-1,22.206,2,1,2,0,1,0,0,0,0,2,2,2,2,1,0,2,1
163,-1844.645,-3770.384,-329.096,110.676,-0.352441,-0.935505,-0.024826,0.933903,-0.353293,0.054860,-0.060093,-0.003851,0.998185,0,0.54676,0.34210,14.680,0.522,-1,512.768,-1,486.466,16.729,422.647,410.017,551.007,568.806,-1,-1,-1,-1,492.857,760.908,-1,22.188,2,1,2,0,1,0,0,0,0,2,2,2,2,1,0,2,1
164,-1852.359,-3757.469,-329.839,111.248,-0.361739,-0.931946,-0.024944,0.930309,-0.362584,0.055306,-0.060587,-0.003199,0.998158,0,0.54676,0.34210,15.043,0.572,-1,498.204,-1,480.386,16.373,420.153,406.703,551.849,563.099,-1,-1,-1,-1,478.826,749.716,-1,22.247,2,1,2,0,1,0,0,0,0,2,2,2,2,1,0,2,1
165,-1860.238,-3744.160,-330.573,111.795,-0.370586,-0.928441,-0.025735,0.926789,-0.371464,0.055467,-0.061057,-0.003296,0.998129,0,0.54798,0.34210,15.466,0.547,-1,483.106,-1,475.392,16.247,417.508,403.438,551.144,560.832,-1,-1,-1,-1,464.279,738.229,-1,22.282,2,1,2,0,1,0,0,0,0,2,2,2,2,1,0,2,1
166,-1868.420,-3730.552,-331.254,112.337,-0.379346,-0.924875,-0.026505,0.923237,-0.380254,0.055143,-0.061079,-0.003552,0.998127,0,0.54946,0.34210,15.878,0.543,-1,467.557,-1,470.673,16.208,415.678,400.663,550.383,559.175,-1,-1,-1,-1,449.338,728.598,-1,22.295,2,1,2,0,1,0,0,0,0,2,2,2,2,1,0,2,1
167,-1876.875,-3716.587,-331.948,112.870,-0.387926,-0.921290,-0.027169,0.919688,-0.388857,0.054445,-0.060724,-0.003866,0.998147,0,0.55088,0.34210,16.325,0.533,-1,451.488,-1,466.013,15.999,414.483,398.289,549.622,556.941,-1,-1,-1,-1,433.930,720.202,-1,22.380,2,1,2,0,1,0,0,0,0,2,2,2,2,1,0,2,1
168,-1885.557,-3702.500,-332.631,113.386,-0.396205,-0.917726,-0.028303,0.916177,-0.397187,0.053502,-0.060341,-0.004732,0.998167,0,0.24129,0.93947,16.547,0.516,-1,435.122,-1,461.666,16.237,413.237,396.059,547.704,556.943,-1,-1,-1,-1,418.235,712.639,-1,22.285,2,1,2,0,1,0,0,0,0,2,2,2,2,1,0,2,1
169,-1896.245,-3685.937,-333.428,114.049,-0.406772,-0.913048,-0.029660,0.911509,-0.407817,0.053260,-0.060725,-0.005371,0.998140,0,0.24183,0.93947,19.712,0.663,-1,415.793,-1,455.138,16.326,410.880,392.480,545.766,556.492,-1,-1,-1,-1,399.634,701.052,-1,22.259,2,1,2,0,1,0,0,0,0,2,2,2,2,1,0,2,1
170,-1903.494,-3675.018,-333.912,114.497,-0.413873,-0.909817,-0.030678,0.908300,-0.414966,0.052866,-0.060829,-0.005985,0.998130,0,0.24258,0.93947,13.106,0.447,-1,402.969,-1,451.453,17.019,409.550,390.364,543.976,556.579,-1,-1,-1,-1,387.307,696.101,-1,22.178,2,1,2,0,1,0,0,0,0,2,2,2,2,1,0,2,1
171,-1913.022,-3661.845,-334.544,115.140,-0.424038,-0.905122,-0.030751,0.903580,-0.425119,0.053085,-0.061121,-0.005276,0.998116,0,0.24309,0.93947,16.257,0.643,-1,387.440,-1,445.574,16.847,408.450,387.305,544.527,553.304,-1,-1,-1,-1,372.375,690.041,-1,22.181,2,1,2,0,1,0,0,0,0,2,2,2,2,1,0,2,1
172,-1922.678,-3648.902,-335.133,115.780,-0.434123,-0.900300,-0.031583,0.898815,-0.435231,0.052013,-0.060574,-0.005807,0.998147,0,0.24392,0.93947,16.148,0.640,-1,372.058,-1,443.751,17.118,408.736,386.768,542.693,554.962,-1,-1,-1,-1,357.641,688.449,-1,22.182,2,1,2,0,1,0,0,0,0,2,2,2,2,1,0,2,1
173,-1932.482,-3636.305,-335.624,116.433,-0.444371,-0.895246,-0.032694,0.893873,-0.445517,0.050063,-0.059384,-0.006978,0.998211,0,0.24475,0.93947,15.962,0.653,-1,357.000,-1,443.502,17.275,410.009,387.434,539.837,557.561,-1,-1,-1,611.340,343.259,690.342,-1,22.192,2,1,2,0,1,0,0,0,0,2,2,2,1,1,0,2,1
174,-1942.575,-3624.278,-336.001,117.149,-0.455542,-0.889592,-0.033275,0.888319,-0.456692,0.048187,-0.058063,-0.007608,0.998284,0,0.24562,0.93947,15.701,0.716,-1,342.596,-1,443.607,18.712,411.869,388.656,538.267,558.895,-1,-1,-1,624.241,329.511,692.769,-1,22.539,2,1,2,0,1,0,0,0,0,2,2,2,1,1,0,2,1
175,-1953.219,-3613.607,-336.346,118.018,-0.468955,-0.882631,-0.032320,0.881317,-0.470032,0.048488,-0.057988,-0.005745,0.998301,0,0.24663,0.93947,15.072,0.868,-1,329.789,-1,440.894,18.673,413.173,389.035,541.335,556.309,-1,-1,-1,636.354,323.411,689.358,-1,22.525,2,1,2,0,1,0,0,0,0,2,2,2,1,1,0,2,1
176,-1964.021,-3603.824,-336.606,118.940,-0.483110,-0.874960,-0.032400,0.873698,-0.484165,0.047292,-0.057066,-0.005461,0.998356,0,0.24801,0.93947,14.574,0.923,-1,318.052,-1,440.537,18.642,272.886,391.210,541.297,558.133,-1,-1,-1,649.162,334.473,697.468,-1,22.514,2,1,2,0,1,1,0,0,0,2,2,2,1,1,0,2,1
177,-1974.920,-3594.636,-336.814,119.851,-0.497005,-0.867096,-0.033625,0.866024,-0.498086,0.043722,-0.054659,-0.007390,0.998478,0,0.24954,0.93947,14.255,0.911,-1,319.054,-1,444.994,18.669,280.634,395.911,537.000,565.302,-1,-1,-1,662.631,348.662,714.673,-1,22.524,2,1,2,0,1,1,0,0,0,2,2,2,1,1,0,2,1
178,-1986.013,-3586.095,-336.985,120.809,-0.511503,-0.858556,-0.035302,0.857732,-0.512615,0.039008,-0.051587,-0.010327,0.998615,0,0.25106,0.93947,14.001,0.958,-1,334.091,-1,452.960,18.515,281.220,402.271,530.783,574.914,-1,-1,-1,676.602,367.759,737.324,-1,22.471,2,1,2,0,1,1,0,0,0,2,2,2,1,1,0,2,1
179,-1997.130,-3577.758,-337.241,121.791,-0.526208,-0.849527,-0.037542,0.848975,-0.527356,0.033717,-0.048442,-0.014130,0.998726,0,0.25269,0.93947,13.896,0.982,-1,351.313,-1,462.229,18.531,270.048,409.665,522.720,586.692,-1,-1,-1,691.428,860.402,763.476,-1,22.477,2,1,2,0,1,1,0,0,0,2,2,2,1,0,0,2,1
180,-2008.265,-3569.769,-337.466,122.776,-0.540782,-0.840218,-0.039850,0.839905,-0.541957,0.029014,-0.045975,-0.017780,0.998784,0,0.25438,0.93947,13.704,0.985,-1,551.772,-1,470.647,18.739,259.365,416.303,515.112,598.348,-1,-1,-1,707.080,854.121,789.936,-1,22.548,2,0,2,0,1,1,0,0,0,2,2,2,1,0,0,2,1
181,-2019.448,-3562.272,-337.645,123.817,-0.555974,-0.830156,-0.041636,0.829958,-0.557184,0.026768,-0.045420,-0.019674,0.998774,0,0.25609,0.93947,13.463,1.042,-1,552.765,-1,475.422,18.635,249.352,420.226,510.741,605.460,-1,-1,-1,723.513,843.524,806.896,-1,22.512,2,0,2,0,1,1,0,0,0,2,2,2,1,0,0,2,1
182,-2030.530,-3554.750,-337.764,124.802,-0.570157,-0.820363,-0.043876,0.820273,-0.571429,0.024940,-0.045532,-0.021770,0.998726,0,0.25793,0.93947,13.395,0.985,995.777,552.632,-1,480.343,18.676,239.332,423.307,506.234,613.204,-1,-1,-1,-1,830.788,821.168,-1,22.526,0,0,2,0,1,1,0,0,0,2,2,2,2,0,0,2,1
183,-2041.685,-3547.421,-337.847,125.774,-0.583974,-0.810463,-0.046093,0.810460,-0.585317,0.023659,-0.046153,-0.023540,0.998657,0,0.25965,0.93947,13.347,0.972,971.683,549.305,192.033,484.405,18.658,233.357,425.689,502.437,614.891,-1,-1,-1,-1,816.923,833.179,-1,22.520,0,0,1,0,1,1,0,0,0,2,2,2,2,0,0,2,1
184,-2052.868,-3540.485,-337.786,126.711,-0.597130,-0.800661,-0.048764,0.800801,-0.598545,0.021513,-0.046412,-0.026205,0.998579,0,0.26135,0.93947,13.158,0.936,948.067,544.668,192.242,489.984,18.656,242.107,429.045,497.489,617.162,-1,-1,-1,-1,804.131,849.046,-1,22.519,0,0,1,0,1,1,0,0,0,2,2,2,2,0,0,2,1
185,-2064.105,-3534.078,-337.606,127.631,-0.609917,-0.790777,-0.051705,0.791097,-0.611399,0.018874,-0.046537,-0.029392,0.998484,0,0.26298,0.93947,12.936,0.921,924.795,540.332,182.910,496.827,18.464,251.962,432.998,491.978,625.730,-1,-1,-1,-1,791.901,867.414,-1,22.455,0,0,1,0,1,1,0,0,0,2,2,2,2,0,0,2,1
186,-2075.138,-3527.395,-337.373,128.338,-0.619658,-0.782923,-0.055280,0.783546,-0.621168,0.014391,-0.045605,-0.034397,0.998367,0,0.26459,0.93947,12.899,0.707,902.668,537.154,184.726,506.440,18.315,215.581,438.550,483.969,638.514,-1,-1,-1,-1,782.316,892.488,1001.706,22.408,0,0,1,0,1,1,0,0,0,2,2,2,2,0,0,0,1
187,-2086.054,-3520.827,-337.158,128.904,-0.627373,-0.776549,-0.058088,0.777413,-0.628895,0.011007,-0.045079,-0.038253,0.998251,0,0.26573,0.93947,12.740,0.565,883.301,534.024,190.219,513.866,18.509,250.186,443.317,478.212,646.344,-1,-1,-1,-1,773.360,912.289,982.178,22.469,0,0,1,0,1,1,0,0,0,2,2,2,2,0,0,0,1
188,-2096.702,-3514.531,-336.975,129.472,-0.635024,-0.770121,-0.060476,0.771124,-0.636611,0.009688,-0.045961,-0.040483,0.998123,0,0.26656,0.93947,12.370,0.568,9.750,529.344,194.170,517.487,18.664,454.868,444.970,475.038,652.081,-1,-1,-1,-1,762.190,921.629,10.191,22.522,1,0,1,0,1,0,0,0,0,2,2,2,2,0,0,1,1
189,-2107.022,-3508.596,-336.811,130.078,-0.643086,-0.763216,-0.062785,0.764286,-0.644802,0.009902,-0.048041,-0.041618,0.997978,0,0.26742,0.93947,11.906,0.606,12.304,523.247,196.888,518.419,18.658,452.516,111.864,473.472,-1,-1,-1,-1,-1,748.917,922.641,12.859,22.520,1,0,1,0,1,0,1,0,2,2,2,2,2,0,0,1,1
190,-2116.951,-3502.863,-336.568,130.729,-0.651664,-0.755692,-0.065299,0.756842,-0.653521,0.010005,-0.050235,-0.042901,0.997816,0,0.26837,0.93947,11.465,0.651,16.290,517.171,200.565,519.704,18.505,450.197,123.725,471.744,-1,-1,-1,-1,-1,735.668,923.927,16.958,22.468,1,0,1,0,1,0,1,0,2,2,2,2,2,0,0,1,1
191,-2126.510,-3496.993,-336.283,131.340,-0.659646,-0.748532,-0.067583,0.749804,-0.661596,0.009181,-0.051585,-0.044617,0.997671,0,0.26943,0.93947,11.217,0.611,20.869,512.516,216.339,522.825,17.801,449.344,116.271,469.528,-1,-1,-1,-1,-1,724.871,926.045,21.325,22.274,1,0,1,0,1,0,1,0,2,2,2,2,2,0,0,1,1
192,-2135.871,-3490.904,-335.973,131.876,-0.666640,-0.742164,-0.069165,0.743611,-0.668578,0.006859,-0.051333,-0.046860,0.997582,0,0.27040,0.93947,11.167,0.536,18.166,509.609,-1,77.022,18.666,450.989,106.121,466.790,-1,-1,-1,-1,-1,718.226,936.970,18.989,22.523,1,0,2,1,1,0,1,0,2,2,2,2,2,0,0,1,1
193,-2145.364,-3485.571,-335.865,132.482,-0.674464,-0.735107,-0.068672,0.736522,-0.676381,0.006631,-0.051323,-0.046106,0.997617,0,0.27121,0.93947,10.888,0.606,15.269,506.247,-1,77.059,18.153,452.423,96.571,468.305,-1,-1,-1,-1,-1,712.653,74.966,15.749,22.361,1,0,2,1,1,0,1,0,2,2,2,2,2,0,1,1,1
194,-2154.749,-3480.091,-336.062,133.046,-0.681736,-0.728446,-0.067840,0.729900,-0.683537,0.004741,-0.049825,-0.046285,0.997685,0,0.27219,0.93619,10.868,0.564,10.699,504.151,-1,76.893,18.282,455.098,87.081,467.753,647.875,-1,-1,-1,-1,709.485,74.842,11.073,22.399,1,0,2,1,1,0,1,0,0,2,2,2,2,0,1,1,1
195,-2164.332,-3474.748,-336.609,133.599,-0.688844,-0.721955,-0.065387,0.723375,-0.690449,0.002762,-0.047141,-0.045397,0.997856,0,0.59847,0.99106,10.971,0.553,781.912,503.558,-1,72.615,18.722,455.905,77.704,468.213,637.052,-1,-1,-1,-1,709.123,70.139,858.617,22.542,0,0,2,1,1,0,1,0,0,2,2,2,2,0,1,0,1
196,-2174.229,-3469.873,-337.443,134.145,-0.695815,-0.715606,-0.061225,0.716900,-0.697175,0.001197,-0.043541,-0.043059,0.998123,0,0.60036,0.98709,11.032,0.546,790.177,504.324,-1,63.990,18.647,457.636,78.820,470.412,623.777,-1,-1,-1,-1,711.415,61.845,866.714,22.516,0,0,2,1,1,0,1,0,0,2,2,2,2,0,1,0,1
197,-2184.188,-3464.816,-338.524,134.705,-0.702922,-0.708972,-0.057085,0.710198,-0.704000,-0.001696,-0.038985,-0.041734,0.998368,0,0.60223,0.98317,11.169,0.560,798.311,505.553,-1,56.790,17.633,460.111,83.291,470.450,617.297,-1,-1,-1,-1,714.676,58.943,876.474,22.242,0,0,2,1,1,0,1,0,0,2,2,2,2,0,1,0,1
198,-2194.228,-3459.044,-339.809,135.262,-0.709935,-0.702258,-0.053168,0.703472,-0.710696,-0.006171,-0.033452,-0.041783,0.998567,0,0.60415,0.97914,11.581,0.557,805.994,507.217,-1,59.040,18.371,463.586,87.174,467.898,613.421,-1,-1,-1,-1,718.840,61.372,887.564,22.425,0,0,2,1,1,0,1,0,0,2,2,2,2,0,1,0,1
199,-2204.697,-3453.453,-341.286,135.951,-0.718449,-0.693942,-0.047705,0.694975,-0.718993,-0.007637,-0.029000,-0.038641,0.998832,0,0.60599,0.97526,11.868,0.690,817.386,508.069,-1,61.851,18.734,465.515,92.249,469.901,600.864,-1,-1,-1,-1,721.885,64.356,898.890,22.547,0,0,2,1,1,0,1,0,0,2,2,2,2,0,1,0,1
200,-2215.406,-3448.274,-342.698,136.801,-0.728738,-0.683539,-0.041421,0.684301,-0.729173,-0.006228,-0.025946,-0.032883,0.999122,0,0.60847,0.97007,11.896,0.850,831.076,507.767,-1,65.828,18.674,465.776,97.724,475.858,574.917,-1,-1,-1,-1,723.180,67.579,908.612,22.525,0,0,2,1,1,0,1,0,0,2,2,2,2,0,1,0,1
201,-2226.460,-3443.455,-343.851,137.780,-0.740380,-0.671316,-0.034230,0.671800,-0.740723,-0.003744,-0.022842,-0.025768,0.999407,0,0.61172,0.96324,12.058,0.979,850.283,507.782,-1,70.265,18.509,465.778,97.200,483.314,549.106,-1,-1,-1,-1,726.094,71.409,923.186,22.470,0,0,2,1,1,0,1,0,0,2,2,2,2,0,1,0,1
202,-2237.956,-3438.750,-344.706,138.820,-0.752518,-0.658057,-0.026036,0.658315,-0.752741,-0.001838,-0.018388,-0.018523,0.999659,0,0.61559,0.95509,12.422,1.040,876.119,510.257,-1,62.159,18.658,465.910,484.462,492.003,525.061,-1,-1,-1,-1,733.470,69.960,946.909,22.520,0,0,2,1,1,0,0,0,0,2,2,2,2,0,1,0,1
203,-2245.704,-3434.414,-344.590,139.010,-0.754734,-0.655527,-0.025698,0.655850,-0.754866,-0.006103,-0.015397,-0.021460,0.999651,0,0.61974,0.94637,8.879,0.190,873.830,510.556,-1,70.357,18.684,467.174,488.452,487.041,529.941,-1,-1,-1,-1,734.947,79.391,949.493,22.529,0,0,2,1,1,0,0,0,0,2,2,2,2,0,1,0,1
204,-2249.500,-3430.582,-343.648,138.544,-0.749369,-0.661294,-0.033698,0.661969,-0.749388,-0.014650,-0.015565,-0.033286,0.999325,0,0.62002,0.94578,5.394,-0.466,838.842,506.198,-1,67.190,18.695,466.880,491.793,470.592,562.009,-1,-1,-1,-1,725.984,75.921,921.652,22.533,0,0,2,1,1,0,0,0,0,2,2,2,2,0,1,0,1
205,-2252.051,-3427.207,-342.758,138.040,-0.743458,-0.667320,-0.044207,0.668472,-0.743502,-0.018710,-0.020382,-0.043462,0.998847,0,0.61737,0.95135,4.231,-0.504,22.534,496.349,-1,60.770,18.635,460.919,487.771,456.962,587.551,-1,-1,-1,-1,706.915,68.661,23.536,22.512,1,0,2,1,1,0,0,0,0,2,2,2,2,0,1,1,1
206,-2254.900,-3425.099,-342.356,137.820,-0.740700,-0.669775,-0.052582,0.671161,-0.741193,-0.013250,-0.030098,-0.045105,0.998529,0,0.61463,0.95712,3.544,-0.220,745.855,482.130,-1,56.189,18.562,448.277,473.878,454.283,591.105,-1,-1,-1,-1,681.017,63.354,818.237,22.487,0,0,2,1,1,0,0,0,0,2,2,2,2,0,1,0,1
207,-2258.208,-3423.408,-342.083,137.872,-0.741101,-0.668908,-0.057717,0.670303,-0.742056,-0.006845,-0.038251,-0.043761,0.998309,0,0.61331,0.95988,3.715,0.052,18.087,470.888,-1,55.898,18.673,437.525,461.728,455.728,587.120,-1,-1,-1,-1,661.119,62.946,18.912,22.525,1,0,2,1,1,0,0,0,0,2,2,2,2,0,1,1,1
