timestep,x_cm,y_cm,z_cm,yaw_deg,basis_xx,basis_xy,basis_xz,basis_yx,basis_yy,basis_yz,basis_zx,basis_zy,basis_zz,teleport_flag,throttle_cmd,steering_cmd,cmd_move_cm,cmd_turn_deg,lidar_cm_0,lidar_cm_1,lidar_cm_2,lidar_cm_3,lidar_cm_4,lidar_cm_5,lidar_cm_6,lidar_cm_7,lidar_cm_8,lidar_cm_9,lidar_cm_10,lidar_cm_11,lidar_cm_12,lidar_cm_13,lidar_cm_14,lidar_cm_15,lidar_cm_16,lidar_class_0,lidar_class_1,lidar_class_2,lidar_class_3,lidar_class_4,lidar_class_5,lidar_class_6,lidar_class_7,lidar_class_8,lidar_class_9,lidar_class_10,lidar_class_11,lidar_class_12,lidar_class_13,lidar_class_14,lidar_class_15,lidar_class_16
0,-2948.724,-7539.447,-228.768,51.472,0.624266,-0.781036,-0.016545,0.779931,0.621891,0.070430,-0.044719,-0.056871,0.997379,1,0.08000,0.12000,4.800,0.240,-1,375.000,-1,350.000,-1,300.000,300.000,300.000,300.000,-1,350.000,400.000,-1,600.000,600.000,950.000,1000.000,2,0,2,0,2,0,0,0,0,2,0,0,2,0,0,0,0
1,-2942.808,-7531.887,-229.194,51.952,0.617707,-0.786220,-0.017194,0.785144,0.615327,0.070153,-0.044576,-0.056834,0.997388,0,0.16000,0.24000,9.600,0.480,-1,375.000,-1,350.000,-1,300.000,300.000,300.000,300.000,-1,350.000,400.000,-1,600.000,600.000,950.000,1000.000,2,0,2,0,2,0,0,0,0,2,0,0,2,0,0,0,0
2,-2934.076,-7520.437,-229.786,52.672,0.607795,-0.793884,-0.018224,0.792845,0.605394,0.069959,-0.044506,-0.056969,0.997383,0,0.24000,0.36000,14.400,0.720,1000.000,375.000,-1,350.000,-1,300.000,300.000,300.000,300.000,-1,350.000,400.000,-1,600.000,600.000,950.000,1000.000,0,0,2,0,2,0,0,0,0,2,0,0,2,0,0,0,0
3,-2922.691,-7504.977,-230.536,53.632,0.594420,-0.803917,-0.019531,0.802937,0.592009,0.069412,-0.044239,-0.056942,0.997397,0,0.32000,0.48000,19.200,0.960,1000.000,375.000,-1,350.000,-1,300.000,300.000,300.000,300.000,-1,350.000,400.000,-1,600.000,600.000,950.000,1000.000,0,0,2,0,2,0,0,0,0,2,0,0,2,0,0,0,0
4,-2908.868,-7485.358,-231.493,54.832,0.577467,-0.816140,-0.021159,0.815233,0.575044,0.068695,-0.043897,-0.056919,0.997413,0,0.40000,0.60000,24.000,1.200,1000.000,375.000,-1,350.000,-1,300.000,300.000,300.000,300.000,-1,350.000,400.000,-1,600.000,625.000,975.000,975.000,0,0,2,0,2,0,0,0,0,2,0,0,2,0,0,0,0
5,-2892.877,-7461.406,-232.671,56.272,0.556787,-0.830334,-0.023101,0.829516,0.554353,0.067789,-0.043481,-0.056907,0.997432,0,0.48000,0.72000,28.800,1.440,1000.000,375.000,-1,350.000,-1,300.000,300.000,300.000,300.000,-1,350.000,400.000,-1,600.000,625.000,950.000,975.000,0,0,2,0,2,0,0,0,0,2,0,0,2,0,0,0,0
6,-2875.049,-7432.928,-234.084,57.952,0.532216,-0.846229,-0.025345,0.845516,0.529771,0.066669,-0.042990,-0.056913,0.997453,0,0.56000,0.84000,33.600,1.680,1000.000,350.000,-1,350.000,-1,300.000,300.000,300.000,300.000,-1,325.000,400.000,-1,600.000,600.000,950.000,950.000,0,0,2,0,2,0,0,0,0,2,0,0,2,0,0,0,0
7,-2855.775,-7399.716,-235.736,59.872,0.503574,-0.863504,-0.027809,0.862907,0.501122,0.065323,-0.042471,-0.056891,0.997477,0,0.64000,0.96000,38.400,1.920,975.000,350.000,-1,350.000,-1,300.000,300.000,300.000,325.000,-1,325.000,425.000,-1,600.000,600.000,925.000,950.000,0,0,2,0,2,0,0,0,0,2,0,0,2,0,0,0,0
8,-2835.408,-7361.619,-237.523,61.872,0.473127,-0.880488,-0.029875,0.879987,0.470692,0.063813,-0.042125,-0.056481,0.997515,0,0.72000,1.00000,43.200,2.000,950.000,350.000,-1,350.000,-1,300.000,300.000,300.000,325.000,-1,350.000,425.000,-1,600.000,600.000,925.000,925.000,0,0,2,0,2,0,0,0,0,2,0,0,2,0,0,0,0
9,-2815.163,-7320.346,-239.471,63.872,0.442099,-0.896397,-0.031953,0.895998,0.439686,0.062161,-0.041672,-0.056112,0.997554,0,0.76620,1.00000,45.972,2.000,925.000,350.000,-1,350.000,975.000,300.000,300.000,300.000,325.000,-1,350.000,450.000,-1,600.000,600.000,900.000,900.000,0,0,2,0,0,0,0,0,0,2,0,0,2,0,0,0,0
10,-2796.371,-7278.391,-241.291,65.872,0.410485,-0.911251,-0.033518,0.910959,0.408159,0.059661,-0.040685,-0.055024,0.997656,0,0.76620,1.00000,45.972,2.000,925.000,350.000,-1,350.000,950.000,300.000,300.000,300.000,325.000,-1,375.000,450.000,-1,600.000,600.000,900.000,900.000,0,0,2,0,0,0,0,0,0,2,0,0,2,0,0,0,0
11,-2779.052,-7235.807,-242.914,67.872,0.378303,-0.925046,-0.034286,0.924863,0.376152,0.056030,-0.038933,-0.052906,0.997840,0,0.76620,1.00000,45.972,2.000,925.000,350.000,-1,350.000,925.000,300.000,300.000,300.000,300.000,-1,375.000,450.000,-1,600.000,575.000,900.000,875.000,0,0,2,0,0,0,0,0,0,2,0,0,2,0,0,0,0
12,-2763.231,-7192.644,-244.593,69.872,0.345659,-0.937714,-0.034816,0.937621,0.343677,0.052475,-0.037242,-0.050783,0.998015,0,0.76620,1.00000,45.972,2.000,925.000,350.000,-1,350.000,925.000,300.000,300.000,300.000,300.000,-1,375.000,475.000,-1,625.000,575.000,925.000,875.000,0,0,2,0,0,0,0,0,0,2,0,0,2,0,0,0,0
13,-2748.926,-7148.954,-246.245,71.872,0.312613,-0.949224,-0.035323,0.949203,0.310770,0.049349,-0.035866,-0.048956,0.998157,0,0.76620,1.00000,45.972,2.000,925.000,350.000,-1,350.000,900.000,300.000,300.000,300.000,300.000,-1,400.000,475.000,-1,625.000,575.000,925.000,875.000,0,0,2,0,0,0,0,0,0,2,0,0,2,0,0,0,0
14,-2736.156,-7104.792,-247.467,73.872,0.279239,-0.959493,-0.037409,0.959606,0.277454,0.046636,-0.034368,-0.048921,0.998211,0,0.76620,1.00000,45.972,2.000,900.000,350.000,-1,350.000,900.000,300.000,300.000,300.000,300.000,-1,400.000,475.000,-1,625.000,600.000,950.000,875.000,0,0,2,0,0,0,0,0,0,2,0,0,2,0,0,0,0
15,-2724.935,-7060.211,-248.446,75.872,0.245522,-0.968540,-0.040619,0.968860,0.243786,0.043334,-0.032069,-0.049993,0.998235,0,0.76620,1.00000,45.972,2.000,900.000,350.000,-1,350.000,950.000,300.000,300.000,300.000,300.000,-1,425.000,450.000,-1,625.000,600.000,950.000,875.000,0,0,2,0,0,0,0,0,0,2,0,0,2,0,0,0,0
16,-2715.277,-7015.266,-249.486,77.872,0.211497,-0.976406,-0.043593,0.976922,0.209825,0.039962,-0.029872,-0.051039,0.998250,0,0.76620,1.00000,45.972,2.000,900.000,375.000,-1,350.000,950.000,300.000,300.000,300.000,300.000,-1,425.000,450.000,-1,625.000,600.000,950.000,900.000,0,0,2,0,0,0,0,0,0,2,0,0,2,0,0,0,0
17,-2707.194,-6970.011,-250.591,79.872,0.177207,-0.983083,-0.046326,0.983781,0.175612,0.036535,-0.027781,-0.052049,0.998258,0,0.76620,1.00000,45.972,2.000,875.000,375.000,-1,350.000,950.000,300.000,300.000,300.000,300.000,-1,400.000,425.000,-1,625.000,600.000,950.000,900.000,0,0,2,0,0,0,0,0,0,2,0,0,2,0,0,0,0
18,-2700.694,-6924.501,-251.764,81.872,0.142696,-0.988562,-0.048808,0.989430,0.141188,0.033068,-0.025799,-0.053011,0.998261,0,0.76620,1.00000,45.972,2.000,875.000,375.000,-1,350.000,950.000,300.000,300.000,300.000,325.000,-1,400.000,425.000,-1,625.000,600.000,925.000,900.000,0,0,2,0,0,0,0,0,0,2,0,0,2,0,0,0,0
19,-2695.787,-6878.792,-253.006,83.872,0.108006,-0.992840,-0.051033,0.993862,0.106597,0.029578,-0.023927,-0.053914,0.998259,0,0.76620,1.00000,45.972,2.000,850.000,375.000,-1,375.000,950.000,300.000,300.000,275.000,325.000,-1,400.000,425.000,-1,625.000,600.000,925.000,925.000,0,0,2,0,0,0,0,0,0,2,0,0,2,0,0,0,0
20,-2692.478,-6832.940,-254.322,85.872,0.073182,-0.995910,-0.052994,0.997072,0.071879,0.026082,-0.022166,-0.054748,0.998254,0,0.76620,1.00000,45.972,2.000,850.000,375.000,-1,375.000,975.000,300.000,300.000,275.000,325.000,-1,375.000,425.000,-1,625.000,600.000,900.000,925.000,0,0,2,0,0,0,0,0,0,2,0,0,2,0,0,0,0
21,-2690.771,-6787.001,-255.714,87.872,0.038266,-0.997770,-0.054687,0.999057,0.037077,0.022595,-0.020517,-0.055500,0.998248,0,0.76620,1.00000,45.972,2.000,825.000,375.000,-1,350.000,975.000,300.000,300.000,275.000,300.000,1000.000,325.000,400.000,-1,625.000,600.000,900.000,950.000,0,0,2,0,0,0,0,0,0,0,0,0,2,0,0,0,0
22,-2690.669,-6741.029,-257.067,89.872,0.003273,-0.998446,-0.055625,0.999822,0.002233,0.018750,-0.018596,-0.055677,0.998276,0,0.76620,1.00000,45.972,2.000,825.000,375.000,-1,350.000,975.000,300.000,300.000,275.000,300.000,1000.000,300.000,350.000,-1,625.000,600.000,875.000,975.000,0,0,2,0,0,0,0,0,0,0,0,0,2,0,0,0,0
23,-2692.170,-6695.082,-258.433,91.872,-0.031740,-0.997928,-0.055974,0.999359,-0.032614,0.014780,-0.016575,-0.055469,0.998323,0,0.76620,1.00000,45.972,2.000,825.000,375.000,-1,350.000,1000.000,300.000,300.000,275.000,300.000,975.000,275.000,325.000,-1,625.000,600.000,875.000,975.000,0,0,2,0,0,0,0,0,0,0,0,0,2,0,0,0,0
24,-2695.273,-6649.216,-259.758,93.872,-0.066703,-0.996227,-0.055515,0.997661,-0.067425,0.011231,-0.014932,-0.054636,0.998395,0,0.76620,1.00000,45.972,2.000,825.000,375.000,-1,350.000,1000.000,300.000,300.000,275.000,300.000,975.000,250.000,300.000,-1,600.000,600.000,875.000,1000.000,0,0,2,0,0,0,0,0,0,0,0,0,2,0,0,0,0
25,-2699.975,-6603.486,-261.161,95.872,-0.101585,-0.993321,-0.054713,0.994738,-0.102157,0.007748,-0.013286,-0.053638,0.998472,0,0.76620,1.00000,45.972,2.000,825.000,375.000,-1,350.000,1000.000,300.000,300.000,275.000,300.000,975.000,250.000,275.000,-1,600.000,600.000,875.000,1000.000,0,0,2,0,0,0,0,0,0,0,0,0,2,0,0,0,0
26,-2706.273,-6557.947,-261.794,97.872,-0.136289,-0.989044,-0.056721,0.990597,-0.136746,0.004249,-0.011958,-0.055608,0.998381,0,0.76620,1.00000,45.972,2.000,800.000,350.000,-1,350.000,-1,300.000,300.000,275.000,300.000,950.000,250.000,300.000,-1,600.000,600.000,850.000,-1,0,0,2,0,2,0,0,0,0,0,0,0,2,0,0,0,2
27,-2714.156,-6512.657,-261.958,99.872,-0.170832,-0.983519,-0.059218,0.985244,-0.171154,0.000367,-0.010496,-0.058281,0.998245,0,0.76620,1.00000,45.972,2.000,775.000,350.000,-1,350.000,-1,300.000,300.000,275.000,300.000,925.000,250.000,300.000,-1,600.000,600.000,850.000,-1,0,0,2,0,2,0,0,0,0,0,0,0,2,0,0,0,2
28,-2723.929,-6465.181,-261.533,101.632,-0.201142,-0.977804,-0.058668,0.979527,-0.201281,-0.003589,-0.008299,-0.058189,0.998271,0,0.80787,0.88000,48.472,1.760,800.000,350.000,-1,350.000,-1,300.000,300.000,275.000,300.000,925.000,275.000,325.000,-1,600.000,625.000,875.000,-1,0,0,2,0,2,0,0,0,0,0,0,0,2,0,0,0,2
29,-2734.957,-6417.981,-261.084,103.152,-0.227219,-0.972154,-0.057346,0.973828,-0.227155,-0.007715,-0.005526,-0.057598,0.998325,0,0.80787,0.76000,48.472,1.520,825.000,350.000,-1,350.000,-1,300.000,300.000,275.000,300.000,950.000,300.000,350.000,-1,600.000,625.000,900.000,-1,0,0,2,0,2,0,0,0,0,0,0,0,2,0,0,0,2
30,-2747.036,-6371.038,-260.704,104.432,-0.249090,-0.966873,-0.055780,0.968477,-0.248824,-0.011770,-0.002499,-0.056953,0.998374,0,0.80787,0.64000,48.472,1.280,850.000,350.000,-1,375.000,-1,300.000,300.000,275.000,300.000,950.000,325.000,350.000,-1,600.000,650.000,950.000,-1,0,0,2,0,2,0,0,0,0,0,0,0,2,0,0,0,2
31,-2759.966,-6324.323,-260.381,105.472,-0.266808,-0.962234,-0.054027,0.963749,-0.266342,-0.015777,0.000791,-0.056278,0.998415,0,0.80787,0.52000,48.472,1.040,850.000,375.000,-1,375.000,-1,300.000,300.000,275.000,300.000,950.000,325.000,375.000,-1,625.000,650.000,1000.000,-1,0,0,2,0,2,0,0,0,0,0,0,0,2,0,0,0,2
32,-2773.547,-6277.792,-260.104,106.272,-0.280425,-0.958458,-0.052145,0.959866,-0.279762,-0.019761,0.004352,-0.055594,0.998444,0,0.80787,0.40000,48.472,0.800,875.000,375.000,-1,375.000,-1,300.000,325.000,275.000,300.000,950.000,350.000,375.000,-1,625.000,675.000,-1,-1,0,0,2,0,2,0,0,0,0,0,0,0,2,0,0,2,2
33,-2787.581,-6231.397,-259.841,106.832,-0.289981,-0.955719,-0.050126,0.956998,-0.289129,-0.023656,0.008116,-0.054830,0.998463,0,0.80787,0.28000,48.472,0.560,875.000,375.000,-1,375.000,-1,325.000,325.000,275.000,300.000,950.000,350.000,350.000,-1,625.000,700.000,-1,-1,0,0,2,0,2,0,0,0,0,0,0,0,2,0,0,2,2
34,-2801.875,-6185.080,-259.455,107.152,-0.295483,-0.954158,-0.047668,0.955276,-0.294483,-0.026956,0.011683,-0.053501,0.998499,0,0.80787,0.16000,48.472,0.320,900.000,375.000,-1,375.000,-1,325.000,325.000,300.000,300.000,950.000,325.000,325.000,-1,650.000,700.000,-1,-1,0,0,2,0,2,0,0,0,0,0,0,0,2,0,0,2,2
35,-2816.233,-6138.783,-259.057,107.232,-0.296974,-0.953816,-0.045183,0.954761,-0.295837,-0.030205,0.015444,-0.052109,0.998522,0,0.80787,0.04000,48.472,0.080,950.000,375.000,-1,375.000,-1,325.000,325.000,300.000,300.000,950.000,300.000,300.000,-1,650.000,700.000,-1,-1,0,0,2,0,2,0,0,0,0,0,0,0,2,0,0,2,2
36,-2830.462,-6092.446,-258.641,107.072,-0.294457,-0.954709,-0.042732,0.955468,-0.293194,-0.033448,0.019404,-0.050678,0.998527,0,0.80787,-0.08000,48.472,-0.160,975.000,375.000,-1,400.000,-1,325.000,325.000,300.000,300.000,975.000,275.000,275.000,-1,650.000,725.000,-1,-1,0,0,2,0,2,0,0,0,0,0,0,0,2,0,0,2,2
37,-2844.392,-6045.925,-258.198,106.672,-0.287923,-0.956802,-0.040372,0.957363,-0.286542,-0.036732,0.023577,-0.049227,0.998509,0,0.80936,-0.20000,48.562,-0.400,-1,375.000,-1,400.000,-1,325.000,325.000,300.000,300.000,975.000,275.000,250.000,-1,675.000,725.000,-1,-1,2,0,2,0,2,0,0,0,0,0,0,0,2,0,0,2,2
38,-2857.845,-5999.103,-257.722,106.032,-0.277349,-0.960011,-0.038165,0.960362,-0.275857,-0.040102,0.027970,-0.047774,0.998466,0,0.81192,-0.32000,48.715,-0.640,-1,375.000,-1,400.000,-1,325.000,325.000,300.000,275.000,975.000,275.000,250.000,-1,675.000,750.000,-1,-1,2,0,2,0,2,0,0,0,0,0,0,0,2,0,0,2,2
39,-2870.618,-5951.935,-256.753,105.152,-0.262701,-0.964123,-0.038137,0.964371,-0.261077,-0.042747,0.031257,-0.048008,0.998358,0,0.81444,-0.44000,48.867,-0.880,-1,375.000,-1,400.000,-1,325.000,325.000,275.000,275.000,1000.000,275.000,250.000,-1,700.000,775.000,-1,-1,2,0,2,0,2,0,0,0,0,0,0,0,2,0,0,2,2
40,-2882.612,-5904.407,-255.613,104.164,-0.246180,-0.968445,-0.038854,0.968611,-0.244400,-0.045398,0.034470,-0.048811,0.998213,0,0.81696,-0.49412,49.018,-0.988,-1,375.000,-1,400.000,-1,325.000,325.000,275.000,275.000,1000.000,300.000,275.000,-1,700.000,800.000,-1,-1,2,0,2,0,2,0,0,0,0,0,0,0,2,0,0,2,2
41,-2893.813,-5856.530,-254.412,103.168,-0.229466,-0.972506,-0.039713,0.972589,-0.227527,-0.047977,0.037622,-0.049633,0.998059,0,0.81950,-0.49780,49.170,-0.996,-1,375.000,-1,400.000,-1,325.000,325.000,275.000,300.000,1000.000,300.000,300.000,-1,700.000,825.000,-1,-1,2,0,2,0,2,0,0,0,0,0,0,0,2,0,0,2,2
42,-2904.206,-5808.315,-252.456,102.165,-0.212371,-0.976434,-0.038419,0.976426,-0.210488,-0.047812,0.038599,-0.047667,0.998117,0,0.82202,-0.50151,49.321,-1.003,-1,375.000,-1,400.000,-1,325.000,325.000,275.000,300.000,-1,375.000,350.000,-1,700.000,825.000,-1,-1,2,0,2,0,2,0,0,0,0,2,0,0,2,0,0,2,2
43,-2913.775,-5759.777,-250.439,101.155,-0.195083,-0.980083,-0.037147,0.979986,-0.193254,-0.047748,0.039618,-0.045718,0.998168,0,0.82454,-0.50524,49.472,-1.010,-1,375.000,-1,400.000,-1,325.000,325.000,275.000,275.000,-1,425.000,375.000,-1,725.000,850.000,-1,-1,2,0,2,0,2,0,0,0,0,2,0,0,2,0,0,2,2
44,-2922.508,-5710.929,-248.378,100.137,-0.177605,-0.983444,-0.035976,0.983263,-0.175825,-0.047742,0.040626,-0.043853,0.998212,0,0.82704,-0.50899,49.623,-1.018,-1,375.000,-1,400.000,-1,325.000,325.000,275.000,275.000,-1,475.000,425.000,-1,750.000,850.000,-1,-1,2,0,2,0,2,0,0,0,0,2,0,0,2,0,0,2,2
45,-2930.388,-5661.784,-246.274,99.111,-0.159941,-0.986509,-0.034910,0.986249,-0.158207,-0.047789,0.041622,-0.042074,0.998247,0,0.82953,-0.51277,49.772,-1.026,-1,400.000,-1,400.000,-1,325.000,325.000,275.000,275.000,-1,525.000,475.000,-1,775.000,850.000,-1,-1,2,0,2,0,2,0,0,0,0,2,0,0,2,0,0,2,2
46,-2937.402,-5612.360,-244.128,98.078,-0.142095,-0.989271,-0.033953,0.988936,-0.140404,-0.047885,0.042604,-0.040381,0.998276,0,0.83200,-0.51658,49.920,-1.033,-1,400.000,-1,400.000,-1,325.000,325.000,275.000,275.000,-1,575.000,525.000,-1,800.000,875.000,-1,-1,2,0,2,0,2,0,0,0,0,2,0,0,2,0,0,2,2
47,-2943.535,-5562.670,-241.938,97.037,-0.124072,-0.991721,-0.033105,0.991316,-0.122418,-0.048023,0.043573,-0.038776,0.998297,0,0.83444,-0.52043,50.066,-1.041,-1,400.000,-1,400.000,-1,325.000,325.000,275.000,275.000,-1,625.000,575.000,-1,825.000,875.000,-1,-1,2,0,2,0,2,0,0,0,0,2,0,0,2,0,0,2,2
48,-2948.772,-5512.733,-239.707,95.988,-0.105874,-0.993853,-0.032371,0.993382,-0.104254,-0.048199,0.044528,-0.037259,0.998313,0,0.83685,-0.52430,50.211,-1.049,-1,400.000,-1,425.000,-1,325.000,350.000,275.000,275.000,-1,700.000,650.000,-1,850.000,875.000,-1,-1,2,0,2,0,2,0,0,0,0,2,0,0,2,0,0,2,2
49,-2953.101,-5462.566,-237.435,94.932,-0.087507,-0.995658,-0.031751,0.995126,-0.085917,-0.048407,0.045469,-0.035832,0.998323,0,0.83922,-0.52822,50.353,-1.056,-1,400.000,-1,425.000,-1,325.000,350.000,275.000,275.000,-1,750.000,700.000,-1,875.000,900.000,-1,-1,2,0,2,0,2,0,0,0,0,2,0,0,2,0,0,2,2
50,-2956.506,-5412.188,-235.122,93.868,-0.068976,-0.997129,-0.031248,0.996539,-0.067411,-0.048641,0.046395,-0.034495,0.998327,0,0.84155,-0.53218,50.493,-1.064,-1,425.000,-1,425.000,-1,350.000,350.000,275.000,275.000,-1,800.000,750.000,-1,900.000,875.000,-1,-1,2,0,2,0,2,0,0,0,0,2,0,0,2,0,1,2,2
51,-2958.975,-5361.618,-232.770,92.795,-0.050284,-0.998258,-0.030864,0.997614,-0.048739,-0.048895,0.047306,-0.033249,0.998327,0,0.84384,-0.53618,50.630,-1.072,-1,425.000,-1,425.000,-1,350.000,350.000,275.000,275.000,-1,825.000,800.000,-1,875.000,875.000,-1,-1,2,0,2,0,2,0,0,0,0,2,0,0,2,1,1,2,2
52,-2960.493,-5310.876,-230.379,91.715,-0.031436,-0.999037,-0.030600,0.998343,-0.029908,-0.049164,0.048201,-0.032095,0.998322,0,0.84607,-0.54023,50.764,-1.080,-1,425.000,-1,425.000,-1,350.000,350.000,275.000,275.000,-1,850.000,850.000,-1,850.000,850.000,-1,-1,2,0,2,0,2,0,0,0,0,2,0,0,2,1,1,2,2
53,-2961.049,-5259.984,-227.949,90.626,-0.012438,-0.999459,-0.030457,0.998717,-0.010922,-0.049439,0.049080,-0.031033,0.998313,0,0.84824,-0.54433,50.895,-1.089,-1,450.000,-1,450.000,-1,375.000,375.000,275.000,275.000,-1,900.000,900.000,-1,800.000,825.000,1000.000,-1,2,0,2,0,2,0,0,0,0,2,0,0,2,1,1,1,2
54,-2960.737,-5207.199,-226.105,89.662,0.004456,-0.999516,-0.030788,0.998874,0.005903,-0.047072,0.047231,-0.030544,0.998417,0,0.87977,-0.48223,52.786,-0.964,-1,450.000,-1,425.000,-1,375.000,350.000,275.000,275.000,-1,975.000,1000.000,-1,750.000,800.000,950.000,-1,2,0,2,0,2,0,0,0,0,2,0,0,2,1,1,1,2
55,-2959.530,-5154.011,-224.534,88.700,0.021321,-0.999278,-0.031441,0.998791,0.022683,-0.043623,0.044305,-0.030473,0.998553,0,0.88671,-0.48101,53.203,-0.962,950.000,450.000,-1,425.000,-1,350.000,350.000,275.000,275.000,-1,-1,-1,-1,700.000,750.000,875.000,-1,1,0,2,0,2,0,0,0,0,2,2,2,2,1,1,1,2
56,-2957.416,-5100.432,-222.917,87.741,0.038128,-0.998758,-0.032086,0.998417,0.039405,-0.040142,0.041356,-0.030505,0.998679,0,0.89368,-0.47950,53.621,-0.959,850.000,450.000,-1,425.000,-1,350.000,350.000,275.000,275.000,-1,-1,-1,-1,675.000,725.000,800.000,-1,1,0,2,0,2,0,0,0,0,2,2,2,2,1,1,1,2
57,-2954.386,-5046.477,-221.251,86.785,0.054863,-0.997958,-0.032724,0.997756,0.056053,-0.036629,0.038389,-0.030641,0.998793,0,0.90067,-0.47769,54.040,-0.955,775.000,425.000,975.000,425.000,-1,350.000,350.000,275.000,275.000,-1,-1,-1,-1,625.000,675.000,725.000,-1,1,0,1,0,2,0,0,0,0,2,2,2,2,1,1,1,2
58,-2950.812,-4994.934,-219.630,86.033,0.068039,-0.997127,-0.033293,0.997052,0.069144,-0.033271,0.035478,-0.030931,0.998892,0,0.86111,-0.37599,51.667,-0.752,700.000,425.000,925.000,425.000,-1,350.000,350.000,275.000,275.000,-1,-1,-1,-1,575.000,650.000,650.000,-1,1,0,1,0,2,0,0,0,0,2,2,2,2,1,1,1,2
59,-2946.533,-4943.045,-217.969,85.285,0.081133,-0.996128,-0.033859,0.996171,0.082153,-0.029888,0.032554,-0.031304,0.998980,0,0.86776,-0.37394,52.066,-0.748,625.000,425.000,875.000,400.000,975.000,350.000,350.000,275.000,275.000,-1,-1,-1,-1,525.000,625.000,600.000,-1,1,1,1,0,1,0,0,0,0,2,2,2,2,1,1,1,2
60,-2941.543,-4890.818,-216.267,84.542,0.094134,-0.994964,-0.034421,0.995119,0.095065,-0.026481,0.029620,-0.031760,0.999057,0,0.87442,-0.37160,52.465,-0.743,550.000,375.000,800.000,400.000,925.000,350.000,350.000,275.000,275.000,-1,-1,-1,-1,500.000,600.000,525.000,-1,1,1,1,1,1,1,1,0,0,2,2,2,2,1,1,1,2
61,-2935.838,-4838.263,-214.524,83.804,0.107029,-0.993640,-0.034981,0.993898,0.107868,-0.023052,0.026679,-0.032300,0.999122,0,0.88105,-0.36894,52.863,-0.738,475.000,350.000,750.000,375.000,900.000,325.000,325.000,275.000,275.000,-1,-1,-1,-1,450.000,550.000,475.000,-1,1,1,1,1,1,1,1,0,0,2,2,2,2,1,1,1,2
62,-2929.415,-4785.393,-212.740,83.072,0.119804,-0.992161,-0.035539,0.992514,0.120549,-0.019602,0.023733,-0.032925,0.999176,0,0.88765,-0.36593,53.259,-0.732,425.000,325.000,700.000,350.000,850.000,300.000,300.000,275.000,275.000,-1,-1,-1,-1,400.000,525.000,400.000,-1,1,1,1,1,1,1,1,0,0,2,2,2,2,1,1,1,2
63,-2922.271,-4732.219,-210.914,82.347,0.132445,-0.990533,-0.036097,0.990972,0.133092,-0.016134,0.020785,-0.033634,0.999218,0,0.89420,-0.36255,53.652,-0.725,350.000,300.000,650.000,325.000,825.000,275.000,275.000,275.000,275.000,-1,-1,-1,-1,375.000,500.000,350.000,-1,1,1,1,1,1,1,1,0,0,2,2,2,2,1,1,1,2
64,-2914.405,-4678.754,-209.045,81.630,0.144936,-0.988762,-0.036656,0.989280,0.145481,-0.012648,0.017839,-0.034430,0.999248,0,0.90068,-0.35874,54.041,-0.717,300.000,250.000,600.000,300.000,825.000,250.000,250.000,275.000,275.000,-1,-1,-1,-1,325.000,475.000,275.000,-1,1,1,1,1,1,1,1,0,0,2,2,2,2,1,1,1,2
65,-2905.818,-4625.013,-207.178,80.921,0.157207,-0.986850,-0.037587,0.987432,0.157698,-0.010455,0.016245,-0.035471,0.999239,0,0.90704,-0.35445,54.422,-0.709,225.000,225.000,550.000,275.000,-1,225.000,225.000,275.000,275.000,-1,-1,-1,-1,300.000,450.000,225.000,-1,1,1,1,1,2,1,1,0,0,2,2,2,2,1,1,1,2
66,-2896.506,-4571.013,-200.801,80.222,0.169177,-0.985309,-0.023359,0.985068,0.169808,-0.028376,0.031926,-0.018210,0.999324,0,0.91326,-0.34964,54.796,-0.699,225.000,225.000,625.000,300.000,-1,200.000,225.000,325.000,275.000,-1,-1,-1,-1,300.000,500.000,225.000,-1,1,1,1,1,2,1,1,0,0,2,2,2,2,1,1,1,2
67,-2886.484,-4516.772,-193.938,79.533,0.181281,-0.983357,-0.012119,0.982080,0.181664,-0.050171,0.051537,-0.002807,0.998667,0,0.91929,-0.34422,55.157,-0.688,225.000,225.000,-1,300.000,-1,225.000,250.000,375.000,275.000,-1,-1,-1,-1,300.000,650.000,225.000,-1,1,1,2,1,2,1,1,0,0,2,2,2,2,1,1,1,2
68,-2875.759,-4462.310,-186.095,78.857,0.193371,-0.981109,-0.005677,0.978301,0.193250,-0.074706,0.074392,0.008892,0.997189,0,0.92507,-0.33811,55.504,-0.676,225.000,225.000,-1,350.000,-1,225.000,250.000,425.000,275.000,-1,475.000,450.000,-1,300.000,-1,225.000,-1,1,1,2,1,2,1,1,0,0,2,0,0,2,1,2,1,2
69,-3607.621,-327.966,-0.873,-78.208,0.205561,0.978155,-0.030941,-0.978022,0.204200,-0.042127,-0.034889,0.038920,0.998633,1,0.00000,0.00000,55.831,-0.662,-1,425.000,-1,450.000,-1,350.000,350.000,275.000,300.000,-1,875.000,575.000,675.000,950.000,-1,-1,-1,2,0,2,0,2,0,0,0,0,2,1,1,1,0,2,2,2
70,-3606.635,-332.664,-1.042,-78.142,0.206709,0.977915,-0.030884,-0.977766,0.205333,-0.042577,-0.035296,0.038999,0.998616,0,0.08000,0.03319,4.800,0.066,-1,425.000,-1,450.000,-1,350.000,350.000,275.000,300.000,-1,875.000,575.000,675.000,950.000,-1,-1,-1,2,0,2,0,2,0,0,0,0,2,1,1,1,0,2,2,2
71,-3604.650,-342.057,-1.383,-78.072,0.207930,0.977660,-0.030765,-0.977475,0.206523,-0.043479,-0.036154,0.039112,0.998581,0,0.16000,0.03489,9.600,0.070,-1,425.000,-1,450.000,-1,350.000,350.000,275.000,300.000,-1,875.000,600.000,675.000,950.000,1000.000,-1,-1,2,0,2,0,2,0,0,0,0,2,1,1,1,0,1,2,2
72,-3601.655,-356.142,-1.894,-77.995,0.209283,0.977377,-0.030582,-0.977137,0.207829,-0.044832,-0.037462,0.039265,0.998526,0,0.24000,0.03831,14.400,0.077,-1,425.000,-1,425.000,-1,350.000,350.000,275.000,300.000,-1,900.000,625.000,675.000,925.000,1000.000,-1,-1,2,0,2,0,2,0,0,0,0,2,1,1,1,0,1,2,2
73,-3597.634,-374.916,-2.574,-77.909,0.210825,0.977053,-0.030333,-0.976737,0.209309,-0.046640,-0.039221,0.039461,0.998451,0,0.32000,0.04344,19.200,0.087,-1,425.000,-1,425.000,-1,350.000,350.000,275.000,300.000,-1,950.000,650.000,700.000,925.000,975.000,-1,-1,2,0,2,0,2,0,0,0,0,2,1,1,1,0,1,2,2
74,-3592.565,-398.375,-3.421,-77.808,0.212617,0.976674,-0.030019,-0.976257,0.211023,-0.048904,-0.041429,0.039704,0.998352,0,0.40000,0.05032,24.000,0.101,-1,425.000,-1,425.000,-1,325.000,350.000,275.000,300.000,-1,975.000,700.000,700.000,925.000,950.000,-1,-1,2,0,2,0,2,0,0,0,0,2,1,1,1,0,1,2,2
75,-3586.425,-426.513,-4.433,-77.690,0.214717,0.976227,-0.029635,-0.975681,0.213030,-0.051627,-0.044087,0.040000,0.998227,0,0.48000,0.05896,28.800,0.118,-1,425.000,-1,425.000,-1,325.000,350.000,275.000,300.000,-1,-1,750.000,725.000,900.000,925.000,-1,-1,2,0,2,0,2,0,0,0,0,2,2,1,1,0,1,2,2
76,-3579.182,-459.324,-5.607,-77.551,0.217187,0.975694,-0.029179,-0.974988,0.215391,-0.054814,-0.047197,0.040354,0.998070,0,0.56000,0.06940,33.600,0.139,-1,425.000,-1,425.000,-1,325.000,350.000,275.000,300.000,-1,-1,800.000,750.000,900.000,900.000,-1,-1,2,0,2,0,2,0,0,0,0,2,2,1,1,0,1,2,2
77,-3571.259,-494.736,-6.868,-77.388,0.220082,0.975060,-0.028674,-0.974170,0.218168,-0.058265,-0.050556,0.040757,0.997889,0,0.60478,0.08165,36.287,0.163,-1,400.000,-1,425.000,-1,325.000,350.000,275.000,300.000,-1,-1,850.000,775.000,875.000,875.000,-1,-1,2,0,2,0,2,0,0,0,0,2,2,1,1,0,1,2,2
78,-3563.128,-530.521,-8.133,-77.198,0.223429,0.974314,-0.028145,-0.973226,0.221396,-0.061765,-0.053947,0.041192,0.997694,0,0.61161,0.09499,36.697,0.190,-1,400.000,-1,425.000,-1,325.000,350.000,275.000,300.000,-1,-1,925.000,800.000,875.000,850.000,-1,-1,2,0,2,0,2,0,0,0,0,2,2,1,1,0,1,2,2
79,-3554.764,-566.691,-9.402,-76.981,0.227237,0.973449,-0.027587,-0.972148,0.225083,-0.065313,-0.057370,0.041660,0.997483,0,0.61873,0.10858,37.124,0.217,-1,400.000,-1,425.000,-1,325.000,350.000,300.000,300.000,-1,-1,975.000,850.000,850.000,825.000,-1,-1,2,0,2,0,2,0,0,0,0,2,2,1,1,0,1,2,2
80,-3546.144,-603.257,-10.989,-76.736,0.231555,0.972409,-0.028321,-0.970976,0.229225,-0.068282,-0.059906,0.043310,0.997264,0,0.62614,0.12243,37.568,0.245,-1,400.000,-1,425.000,-1,325.000,350.000,300.000,300.000,-1,-1,-1,875.000,850.000,775.000,-1,1000.000,2,0,2,0,2,0,0,0,0,2,2,2,1,0,1,2,1
81,-3537.241,-640.232,-13.016,-76.463,0.236439,0.971162,-0.030682,-0.969663,0.233822,-0.071281,-0.062051,0.046605,0.996984,0,0.63385,0.13655,38.031,0.273,-1,400.000,-1,425.000,-1,325.000,325.000,300.000,300.000,-1,-1,-1,900.000,850.000,750.000,-1,950.000,2,0,2,0,2,0,0,0,0,2,2,2,1,0,1,2,1
82,-3526.903,-681.797,-15.341,-76.035,0.243993,0.969199,-0.033461,-0.967630,0.241014,-0.074857,-0.064487,0.050642,0.996633,0,0.71385,0.21373,42.831,0.427,-1,400.000,-1,425.000,-1,325.000,325.000,300.000,300.000,-1,-1,-1,925.000,825.000,725.000,-1,875.000,2,0,2,0,2,0,0,0,0,2,2,2,1,0,1,2,1
83,-3517.604,-718.674,-17.629,-75.848,0.247368,0.968282,-0.035193,-0.966666,0.244153,-0.077117,-0.066079,0.053096,0.996401,0,0.63385,0.09373,38.031,0.187,-1,400.000,-1,425.000,1000.000,325.000,325.000,300.000,300.000,-1,-1,-1,950.000,825.000,700.000,-1,825.000,2,0,2,0,1,0,0,0,0,2,2,2,1,0,1,2,1
84,-3509.508,-750.904,-20.036,-75.900,0.246528,0.968493,-0.035299,-0.966822,0.243261,-0.077969,-0.066925,0.053349,0.996331,0,0.55385,-0.02627,33.231,-0.053,-1,400.000,-1,425.000,925.000,325.000,325.000,300.000,300.000,-1,-1,-1,975.000,825.000,675.000,-1,800.000,2,0,2,0,1,0,0,0,0,2,2,2,1,0,1,2,1
85,-3502.707,-778.510,-22.181,-76.159,0.242178,0.969600,-0.035012,-0.967840,0.238891,-0.078851,-0.068089,0.052982,0.996271,0,0.47385,-0.12934,28.431,-0.259,-1,400.000,-1,425.000,875.000,325.000,325.000,300.000,300.000,-1,-1,-1,1000.000,825.000,650.000,-1,750.000,2,0,2,0,1,0,0,0,0,2,2,2,1,0,1,2,1
86,-3497.153,-801.479,-23.970,-76.405,0.238027,0.970636,-0.034784,-0.968798,0.234724,-0.079588,-0.069086,0.052643,0.996221,0,0.39385,-0.12318,23.631,-0.246,-1,400.000,-1,425.000,850.000,325.000,325.000,300.000,300.000,-1,-1,-1,-1,825.000,625.000,-1,725.000,2,0,2,0,1,0,0,0,0,2,2,2,2,0,1,2,1
87,-3492.802,-819.801,-25.401,-76.642,0.234040,0.971611,-0.034606,-0.969710,0.230727,-0.080177,-0.069917,0.052322,0.996180,0,0.31385,-0.11803,18.831,-0.236,-1,400.000,-1,400.000,825.000,325.000,325.000,300.000,300.000,-1,-1,-1,-1,825.000,625.000,-1,700.000,2,0,2,0,1,0,0,0,0,2,2,2,2,0,1,2,1
88,-3489.615,-833.465,-26.470,-76.869,0.230186,0.972536,-0.034471,-0.970584,0.226866,-0.080615,-0.070581,0.052014,0.996149,0,0.23385,-0.11387,14.031,-0.228,-1,400.000,-1,400.000,800.000,325.000,325.000,300.000,300.000,-1,-1,-1,-1,825.000,600.000,-1,700.000,2,0,2,0,1,0,0,0,0,2,2,2,2,0,1,2,1
89,-3487.553,-842.463,-27.176,-77.091,0.226430,0.973421,-0.034375,-0.971430,0.223111,-0.080899,-0.071080,0.051711,0.996129,0,0.15385,-0.11069,9.231,-0.221,-1,400.000,-1,400.000,800.000,325.000,325.000,300.000,300.000,-1,-1,-1,-1,800.000,600.000,-1,700.000,2,0,2,0,1,0,0,0,0,2,2,2,2,0,1,2,1
90,-3486.579,-846.786,-27.516,-77.308,0.222741,0.974273,-0.034315,-0.972258,0.219427,-0.081028,-0.071414,0.051411,0.996121,0,0.07385,-0.10847,4.431,-0.217,-1,400.000,-1,400.000,800.000,325.000,325.000,300.000,300.000,-1,-1,-1,-1,800.000,600.000,-1,675.000,2,0,2,0,1,0,0,0,0,2,2,2,2,0,1,2,1
91,-3486.659,-846.426,-27.488,-77.522,0.219086,0.975103,-0.034287,-0.973076,0.215782,-0.081001,-0.071586,0.051110,0.996124,0,-0.00615,-0.10721,-0.369,-0.214,-1,400.000,-1,400.000,800.000,325.000,325.000,300.000,300.000,-1,-1,-1,-1,825.000,600.000,-1,675.000,2,0,2,0,1,0,0,0,0,2,2,2,2,0,1,2,1
92,-3485.700,-850.752,-27.828,-77.496,0.219527,0.975005,-0.034262,-0.972967,0.216217,-0.081147,-0.071711,0.051150,0.996113,0,0.07385,0.01279,4.431,0.026,-1,400.000,-1,400.000,800.000,325.000,325.000,300.000,300.000,-1,-1,-1,-1,800.000,600.000,-1,675.000,2,0,2,0,1,0,0,0,0,2,2,2,2,0,1,2,1
93,-3483.659,-859.755,-28.534,-77.231,0.224064,0.973973,-0.034239,-0.971927,0.220730,-0.081468,-0.071790,0.051532,0.996088,0,0.15385,0.13279,9.231,0.266,-1,400.000,-1,400.000,775.000,325.000,325.000,300.000,300.000,-1,-1,-1,-1,800.000,575.000,-1,675.000,2,0,2,0,1,0,0,0,0,2,2,2,2,0,1,2,1
94,-3480.437,-873.411,-29.601,-76.725,0.232684,0.971950,-0.034216,-0.969897,0.229307,-0.081965,-0.071820,0.052258,0.996048,0,0.23385,0.25279,14.031,0.506,-1,400.000,-1,400.000,750.000,325.000,325.000,300.000,300.000,-1,-1,-1,-1,800.000,575.000,-1,650.000,2,0,2,0,1,0,0,0,0,2,2,2,2,0,1,2,1
95,-3475.888,-891.684,-31.023,-76.022,0.244643,0.969010,-0.034182,-0.966949,0.241208,-0.082639,-0.071833,0.053270,0.995993,0,0.31385,0.35167,18.831,0.703,-1,400.000,-1,400.000,700.000,325.000,325.000,300.000,300.000,-1,-1,-1,-1,800.000,575.000,-1,625.000,2,0,2,0,1,0,0,0,0,2,2,2,2,0,1,2,1
96,-3469.896,-914.543,-32.797,-75.314,0.256653,0.965901,-0.034112,-0.963818,0.253151,-0.083481,-0.071999,0.054304,0.995925,0,0.39385,0.35407,23.631,0.708,-1,400.000,-1,400.000,650.000,325.000,325.000,300.000,300.000,-1,-1,-1,-1,800.000,550.000,-1,600.000,2,0,2,0,1,0,0,0,0,2,2,2,2,0,1,2,1
97,-3462.345,-941.953,-34.916,-74.599,0.268738,0.962613,-0.034008,-0.960495,0.265161,-0.084494,-0.072317,0.055371,0.995844,0,0.47385,0.35727,28.431,0.715,-1,400.000,-1,400.000,600.000,325.000,325.000,300.000,300.000,-1,-1,-1,-1,775.000,525.000,-1,550.000,2,0,2,1,1,0,0,0,0,2,2,2,2,0,1,2,1
98,-3453.117,-973.877,-37.342,-73.877,0.280908,0.959140,-0.033780,-0.956978,0.277262,-0.085554,-0.072692,0.056359,0.995761,0,0.55385,0.36121,33.231,0.722,-1,400.000,-1,400.000,550.000,325.000,325.000,300.000,300.000,-1,-1,-1,-1,775.000,525.000,-1,525.000,2,0,2,1,1,0,0,0,0,2,2,2,2,0,1,2,1
99,-3442.089,-1010.274,-40.077,-73.145,0.293186,0.955470,-0.033451,-0.953254,0.289471,-0.086683,-0.073140,0.057302,0.995674,0,0.63385,0.36582,38.031,0.732,-1,400.000,-1,375.000,500.000,325.000,325.000,300.000,300.000,-1,-1,-1,-1,775.000,500.000,-1,475.000,2,0,2,1,1,0,0,0,0,2,2,2,2,0,1,2,1
100,-3429.140,-1051.101,-43.128,-72.403,0.305592,0.951588,-0.033065,-0.949306,0.301804,-0.087939,-0.073702,0.058262,0.995577,0,0.71385,0.37101,42.831,0.742,-1,400.000,-1,350.000,450.000,325.000,325.000,300.000,300.000,-1,-1,-1,-1,750.000,475.000,-1,450.000,2,0,2,1,1,0,1,0,0,2,2,2,2,0,1,2,1
101,-3414.144,-1096.310,-46.487,-71.650,0.318138,0.947483,-0.032623,-0.945123,0.314270,-0.089316,-0.074373,0.059248,0.995469,0,0.79385,0.37665,47.631,0.753,-1,400.000,-1,325.000,400.000,325.000,300.000,300.000,300.000,-1,-1,-1,-1,750.000,450.000,-1,400.000,2,1,2,1,1,1,1,0,0,2,2,2,2,0,1,2,1
102,-3397.065,-1145.656,-50.134,-70.909,0.330422,0.943286,-0.032133,-0.940835,0.326471,-0.090808,-0.075167,0.060237,0.995350,0,0.87030,0.37028,52.218,0.741,-1,400.000,-1,325.000,325.000,300.000,300.000,300.000,300.000,-1,-1,-1,-1,725.000,425.000,-1,350.000,2,1,2,1,1,1,1,0,0,2,2,2,2,0,1,2,1
103,-3379.299,-1194.958,-53.757,-70.184,0.342403,0.939020,-0.031635,-0.936478,0.338367,-0.092284,-0.075952,0.061224,0.995230,0,0.87343,0.36273,52.406,0.725,-1,400.000,-1,300.000,275.000,300.000,275.000,300.000,300.000,-1,-1,-1,-1,725.000,400.000,-1,300.000,2,1,2,1,1,1,1,0,0,2,2,2,2,0,1,2,1
104,-3360.869,-1244.180,-57.585,-69.475,0.354100,0.934654,-0.032164,-0.932110,0.349922,-0.093409,-0.076050,0.063056,0.995108,0,0.87599,0.35454,52.559,0.709,-1,400.000,-1,275.000,250.000,300.000,275.000,300.000,300.000,-1,-1,-1,-1,725.000,400.000,-1,250.000,2,0,2,1,1,1,1,0,0,2,2,2,2,0,1,2,1
105,-3341.812,-1293.283,-58.014,-68.783,0.364332,0.930940,-0.024769,-0.928921,0.361397,-0.080610,-0.066092,0.052377,0.996438,0,0.87788,0.34565,52.673,0.691,-1,400.000,-1,300.000,225.000,325.000,275.000,300.000,325.000,-1,-1,-1,-1,750.000,425.000,-1,250.000,2,0,2,1,1,1,1,0,0,2,2,2,2,0,1,2,1
106,-3322.154,-1342.221,-58.372,-68.111,0.374378,0.927108,-0.017657,-0.925587,0.372480,-0.067429,-0.055937,0.041587,0.997568,0,0.87902,0.33602,52.741,0.672,-1,425.000,-1,300.000,225.000,350.000,300.000,275.000,350.000,-1,-1,-1,-1,800.000,450.000,-1,250.000,2,0,2,1,1,1,1,0,0,2,2,2,2,0,1,2,1
107,-3301.933,-1390.948,-59.041,-67.460,0.384307,0.923125,-0.012195,-0.922038,0.383123,-0.055349,-0.046422,0.032515,0.998393,0,0.87929,0.32562,52.757,0.651,-1,450.000,-1,325.000,225.000,375.000,300.000,275.000,375.000,-1,575.000,-1,-1,850.000,500.000,-1,275.000,2,0,2,1,1,1,1,0,1,2,0,2,2,0,1,2,1
108,-3281.195,-1439.411,-60.285,-66.831,0.393993,0.919083,-0.007492,-0.918356,0.393324,-0.043806,-0.037315,0.024140,0.999012,0,0.87857,0.31441,52.714,0.629,-1,475.000,-1,325.000,225.000,400.000,325.000,275.000,375.000,-1,250.000,500.000,-1,875.000,550.000,-1,300.000,2,0,2,1,1,0,1,0,1,2,0,0,2,0,1,2,1
109,-3259.990,-1487.552,-61.886,-66.227,0.403413,0.915009,-0.004066,-0.914548,0.403059,-0.033835,-0.029321,0.017368,0.999419,0,0.87675,0.30236,52.605,0.605,-1,475.000,-1,350.000,225.000,425.000,350.000,275.000,350.000,-1,150.000,350.000,-1,900.000,675.000,-1,325.000,2,0,2,1,1,0,1,0,1,2,0,0,2,0,1,2,1
110,-3238.374,-1535.310,-63.798,-65.648,0.412488,0.910962,-0.001613,-0.910682,0.412316,-0.025563,-0.022622,0.012013,0.999672,0,0.87371,0.28945,52.423,0.579,-1,500.000,-1,375.000,225.000,425.000,400.000,275.000,300.000,-1,125.000,275.000,-1,925.000,800.000,-1,375.000,2,0,2,1,1,0,1,0,1,2,0,0,2,0,1,2,1
111,-3216.410,-1582.619,-66.034,-65.096,0.421158,0.906987,-0.000148,-0.906825,0.421080,-0.019007,-0.017177,0.008139,0.999819,0,0.86932,0.27569,52.159,0.551,-1,500.000,-1,425.000,250.000,425.000,450.000,250.000,250.000,900.000,125.000,275.000,-1,950.000,1000.000,-1,-1,2,0,2,1,1,0,1,0,1,0,0,0,2,0,1,2,2
112,-3194.166,-1629.411,-68.606,-64.574,0.429374,0.903127,0.000313,-0.903034,0.429335,-0.014170,-0.012932,0.005801,0.999900,0,0.86350,0.26110,51.810,0.522,-1,500.000,-1,450.000,250.000,450.000,475.000,250.000,225.000,800.000,100.000,250.000,-1,950.000,-1,-1,-1,2,0,2,1,1,0,0,0,1,0,0,0,2,0,2,2,2
113,-3171.714,-1675.615,-71.501,-64.083,0.437096,0.899415,-0.000156,-0.899361,0.437068,-0.011051,-0.009872,0.004971,0.999939,0,0.85617,0.24573,51.370,0.491,-1,500.000,-1,500.000,250.000,450.000,475.000,250.000,200.000,750.000,100.000,250.000,-1,950.000,-1,-1,-1,2,0,2,1,1,0,0,0,1,0,0,0,2,0,2,2,2
114,6887.290,-5575.423,34.758,-38.220,0.785175,0.618635,-0.028121,-0.618734,0.785577,0.006069,0.025846,0.012635,0.999586,1,0.00000,0.00000,50.839,0.459,-1,375.000,-1,375.000,-1,300.000,325.000,300.000,300.000,-1,850.000,725.000,-1,675.000,800.000,-1,-1,2,0,2,0,2,0,0,0,0,2,0,0,2,0,0,2,2
115,6891.073,-5578.377,34.909,-37.980,0.787756,0.615340,-0.028236,-0.615436,0.788162,0.006178,0.026055,0.012511,0.999582,0,0.08000,0.12000,4.800,0.240,-1,375.000,-1,375.000,-1,300.000,325.000,300.000,300.000,-1,850.000,725.000,-1,675.000,800.000,-1,-1,2,0,2,0,2,0,0,0,0,2,0,0,2,0,0,2,2
116,6898.665,-5584.252,35.178,-37.738,0.790335,0.612007,-0.028591,-0.612101,0.790754,0.006354,0.026497,0.012479,0.999571,0,0.16000,0.12096,9.600,0.242,-1,375.000,-1,375.000,-1,300.000,325.000,300.000,300.000,-1,825.000,700.000,-1,675.000,800.000,-1,-1,2,0,2,0,2,0,0,0,0,2,0,0,2,0,0,2,2
117,6910.090,-5593.018,35.573,-37.497,0.792888,0.608671,-0.029136,-0.608763,0.793324,0.006612,0.027139,0.012495,0.999554,0,0.24000,0.12067,14.400,0.241,-1,375.000,-1,375.000,-1,300.000,325.000,300.000,300.000,-1,825.000,675.000,-1,675.000,800.000,-1,-1,2,0,2,0,2,0,0,0,0,2,0,0,2,0,0,2,2
118,6925.372,-5604.641,36.084,-37.256,0.795413,0.605335,-0.029786,-0.605424,0.795873,0.006977,0.027929,0.012484,0.999532,0,0.32000,0.12026,19.200,0.241,-1,375.000,-1,375.000,-1,300.000,325.000,300.000,300.000,-1,800.000,675.000,-1,675.000,800.000,-1,-1,2,0,2,0,2,0,0,0,0,2,0,0,2,0,0,2,2
119,6944.535,-5619.091,36.726,-37.017,0.797907,0.602003,-0.030604,-0.602087,0.798396,0.007437,0.028912,0.012492,0.999504,0,0.40000,0.11976,24.000,0.240,-1,375.000,-1,375.000,-1,300.000,325.000,300.000,325.000,-1,775.000,650.000,-1,675.000,800.000,-1,-1,2,0,2,0,2,0,0,0,0,2,0,0,2,0,0,2,2
120,6967.603,-5636.334,37.501,-36.778,0.800368,0.598675,-0.031597,-0.598753,0.800894,0.007999,0.030095,0.012516,0.999469,0,0.48000,0.11921,28.800,0.238,-1,375.000,-1,375.000,-1,300.000,325.000,300.000,325.000,-1,775.000,650.000,-1,675.000,825.000,-1,-1,2,0,2,0,2,0,0,0,0,2,0,0,2,0,0,2,2
121,6994.598,-5656.339,38.474,-36.541,0.802798,0.595351,-0.032759,-0.595430,0.803364,0.008354,0.031291,0.012799,0.999428,0,0.56000,0.11866,33.600,0.237,-1,375.000,-1,375.000,-1,300.000,325.000,300.000,325.000,-1,750.000,625.000,-1,675.000,825.000,-1,-1,2,0,2,0,2,0,0,0,0,2,0,0,2,0,0,2,2
122,7025.544,-5679.075,39.692,-36.305,0.805197,0.592027,-0.034085,-0.592123,0.805805,0.008283,0.032370,0.013513,0.999385,0,0.64000,0.11814,38.400,0.236,-1,375.000,-1,375.000,-1,300.000,325.000,300.000,325.000,-1,750.000,650.000,-1,675.000,825.000,-1,-1,2,0,2,0,2,0,0,0,0,2,0,0,2,0,0,2,2
123,7060.463,-5704.509,41.083,-36.069,0.807565,0.588704,-0.035596,-0.588821,0.808222,0.008190,0.033591,0.014346,0.999333,0,0.72000,0.11774,43.200,0.235,-1,375.000,-1,400.000,-1,300.000,325.000,300.000,325.000,-1,725.000,600.000,-1,700.000,850.000,-1,-1,2,0,2,0,2,0,0,0,0,2,0,0,2,0,0,2,2
124,7098.716,-5732.133,42.628,-35.834,0.809905,0.585375,-0.037269,-0.585519,0.810618,0.008075,0.034938,0.015282,0.999273,0,0.78639,0.11751,47.184,0.235,-1,375.000,-1,400.000,-1,300.000,325.000,300.000,325.000,-1,675.000,575.000,-1,700.000,850.000,-1,-1,2,0,2,0,2,0,0,0,0,2,0,0,2,0,0,2,2
125,7136.903,-5759.471,44.229,-35.599,0.812221,0.582035,-0.039140,-0.582212,0.812999,0.007899,0.036418,0.016373,0.999203,0,0.78275,0.11753,46.965,0.235,-1,375.000,-1,400.000,-1,300.000,325.000,300.000,325.000,-1,650.000,525.000,-1,700.000,850.000,-1,-1,2,0,2,0,2,0,0,0,0,2,0,0,2,0,0,2,2
126,7175.027,-5786.527,45.900,-35.364,0.814513,0.578673,-0.041293,-0.578893,0.815368,0.007634,0.038087,0.017686,0.999118,0,0.77913,0.11782,46.748,0.236,-1,375.000,-1,400.000,-1,300.000,325.000,300.000,325.000,-1,625.000,500.000,-1,700.000,875.000,-1,-1,2,0,2,0,2,0,0,0,0,2,0,0,2,0,0,2,2
127,7213.088,-5813.303,47.586,-35.127,0.816798,0.575285,-0.043448,-0.575552,0.817732,0.007360,0.039763,0.018995,0.999029,0,0.77559,0.11839,46.536,0.237,-1,375.000,-1,400.000,-1,300.000,325.000,300.000,325.000,-1,600.000,475.000,-1,700.000,875.000,-1,-1,2,0,2,0,2,0,0,0,0,2,0,0,2,0,0,2,2
128,7251.091,-5839.802,49.289,-34.888,0.819081,0.571862,-0.045606,-0.572179,0.820098,0.007074,0.041447,0.020300,0.998934,0,0.77216,0.11923,46.329,0.238,-1,375.000,-1,400.000,-1,325.000,325.000,325.000,325.000,-1,575.000,450.000,-1,725.000,900.000,-1,-1,2,0,2,0,2,0,0,0,0,2,0,0,2,0,0,2,2
129,7289.042,-5866.028,50.710,-34.648,0.821382,0.568383,-0.047669,-0.568811,0.822451,0.005369,0.042257,0.022704,0.998849,0,0.76886,0.12033,46.132,0.241,-1,375.000,-1,400.000,-1,300.000,325.000,325.000,325.000,-1,575.000,450.000,-1,725.000,900.000,-1,-1,2,0,2,0,2,0,0,0,0,2,0,0,2,0,0,2,2
130,7326.949,-5891.987,52.388,-34.404,0.823768,0.564865,-0.048315,-0.565371,0.824828,0.003752,0.041971,0.024225,0.998825,0,0.76573,0.12168,45.944,0.243,-1,375.000,-1,400.000,-1,300.000,325.000,325.000,325.000,-1,625.000,500.000,-1,725.000,900.000,-1,-1,2,0,2,0,2,0,0,0,0,2,0,0,2,0,0,2,2
131,7364.821,-5917.684,54.090,-34.158,0.826174,0.561289,-0.048897,-0.561873,0.827221,0.002139,0.041649,0.025706,0.998802,0,0.76278,0.12329,45.767,0.247,-1,375.000,-1,400.000,-1,300.000,325.000,325.000,325.000,-1,675.000,525.000,-1,700.000,875.000,-1,-1,2,0,2,0,2,0,0,0,0,2,0,0,2,0,0,2,2
