timestep,x_cm,y_cm,z_cm,yaw_deg,basis_xx,basis_xy,basis_xz,basis_yx,basis_yy,basis_yz,basis_zx,basis_zy,basis_zz,teleport_flag,throttle_cmd,steering_cmd,cmd_move_cm,cmd_turn_deg,lidar_cm_0,lidar_cm_1,lidar_cm_2,lidar_cm_3,lidar_cm_4,lidar_cm_5,lidar_cm_6,lidar_cm_7,lidar_cm_8,lidar_cm_9,lidar_cm_10,lidar_cm_11,lidar_cm_12,lidar_cm_13,lidar_cm_14,lidar_cm_15,lidar_cm_16,lidar_class_0,lidar_class_1,lidar_class_2,lidar_class_3,lidar_class_4,lidar_class_5,lidar_class_6,lidar_class_7,lidar_class_8,lidar_class_9,lidar_class_10,lidar_class_11,lidar_class_12,lidar_class_13,lidar_class_14,lidar_class_15,lidar_class_16
0,4264.232,2946.934,-508.922,-82.048,0.136051,0.990127,0.033741,-0.987344,0.138313,-0.077603,-0.081504,-0.022756,0.996413,1,0.08000,-0.12000,4.800,-0.240,800.000,400.000,-1,400.000,-1,325.000,325.000,300.000,275.000,-1,-1,-1,-1,750.000,725.000,-1,-1,1,0,2,0,2,0,0,0,0,2,2,2,2,0,0,2,2
1,4265.481,2937.415,-509.688,-82.528,0.127701,0.991230,0.034000,-0.988460,0.130010,-0.077738,-0.081477,-0.023680,0.996394,0,0.16000,-0.24000,9.600,-0.480,825.000,400.000,-1,400.000,-1,325.000,325.000,300.000,275.000,-1,-1,-1,-1,750.000,725.000,-1,-1,1,0,2,0,2,0,0,0,0,2,2,2,2,0,0,2,2
2,4267.175,2923.115,-510.834,-83.248,0.115159,0.992752,0.034391,-0.990005,0.117540,-0.077936,-0.081413,-0.025072,0.996365,0,0.24000,-0.36000,14.400,-0.720,850.000,400.000,-1,400.000,-1,325.000,325.000,300.000,275.000,-1,-1,-1,-1,750.000,725.000,-1,-1,1,0,2,0,2,0,0,0,0,2,2,2,2,0,0,2,2
3,4269.113,2904.013,-512.356,-84.208,0.098409,0.994533,0.034916,-0.991821,0.100886,-0.078192,-0.081287,-0.026935,0.996327,0,0.32000,-0.48000,19.200,-0.960,925.000,400.000,-1,400.000,-1,325.000,325.000,300.000,275.000,-1,-1,-1,-1,750.000,725.000,-1,-1,1,0,2,0,2,0,0,0,0,2,2,2,2,0,0,2,2
4,4271.077,2880.094,-514.251,-85.311,0.079125,0.996230,0.035571,-0.993559,0.081716,-0.078506,-0.081117,-0.029130,0.996279,0,0.40000,-0.55154,24.000,-1.103,-1,400.000,-1,400.000,-1,325.000,325.000,300.000,300.000,-1,-1,-1,-1,750.000,725.000,-1,-1,2,0,2,0,2,0,0,0,0,2,2,2,2,0,0,2,2
5,4272.892,2851.351,-516.516,-86.387,0.060265,0.997520,0.036348,-0.994892,0.062980,-0.078885,-0.080979,-0.031409,0.996221,0,0.48000,-0.53827,28.800,-1.077,-1,400.000,-1,400.000,-1,325.000,325.000,300.000,300.000,-1,-1,-1,-1,750.000,700.000,-1,-1,2,0,2,0,2,0,0,0,0,2,2,2,2,0,0,2,2
6,4274.398,2817.784,-519.148,-87.434,0.041893,0.998428,0.037249,-0.995844,0.044744,-0.079322,-0.080864,-0.033771,0.996153,0,0.56000,-0.52337,33.600,-1.047,-1,400.000,-1,375.000,-1,325.000,325.000,300.000,300.000,-1,-1,-1,-1,725.000,700.000,-1,-1,2,0,2,0,2,0,0,0,0,2,2,2,2,0,0,2,2
7,4275.440,2779.398,-522.138,-88.448,0.024073,0.998977,0.038276,-0.996442,0.027070,-0.079815,-0.080769,-0.036218,0.996075,0,0.64000,-0.50686,38.400,-1.014,-1,400.000,-1,375.000,-1,325.000,325.000,300.000,300.000,-1,-1,-1,-1,725.000,700.000,-1,-1,2,0,2,0,2,0,0,0,0,2,2,2,2,0,0,2,2
8,4275.874,2736.200,-525.481,-89.425,0.006866,0.999199,0.039435,-0.996716,0.010021,-0.080358,-0.080689,-0.038754,0.995986,0,0.72000,-0.48881,43.200,-0.978,-1,400.000,-1,375.000,-1,325.000,325.000,300.000,300.000,-1,-1,-1,-1,725.000,700.000,-1,-1,2,0,2,0,2,0,0,0,0,2,2,2,2,0,0,2,2
9,4275.570,2688.996,-529.107,-90.371,-0.009793,0.999123,0.040712,-0.996698,-0.006471,-0.080941,-0.080607,-0.041370,0.995887,0,0.78675,-0.47285,47.205,-0.946,-1,375.000,-1,375.000,-1,325.000,325.000,300.000,300.000,-1,-1,-1,-1,700.000,675.000,-1,-1,2,0,2,0,2,0,0,0,0,2,2,2,2,0,0,2,2
10,4274.512,2642.439,-532.652,-91.305,-0.026238,0.998773,0.041991,-0.996413,-0.022749,-0.081503,-0.080447,-0.043978,0.995788,0,0.77614,-0.46686,46.569,-0.934,-1,375.000,-1,375.000,-1,325.000,325.000,300.000,300.000,-1,-1,-1,-1,700.000,675.000,-1,-1,2,0,2,0,2,0,0,0,0,2,2,2,2,0,0,2,2
11,4272.728,2596.589,-536.005,-92.229,-0.042390,0.998191,0.042631,-0.995973,-0.038845,-0.080798,-0.078996,-0.045885,0.995818,0,0.76475,-0.46188,45.885,-0.924,-1,375.000,-1,375.000,-1,325.000,325.000,300.000,300.000,-1,-1,-1,-1,700.000,675.000,-1,-1,2,0,2,0,2,0,0,0,0,2,2,2,2,0,0,2,2
12,4270.252,2551.492,-539.158,-93.144,-0.058344,0.997364,0.043136,-0.995336,-0.054791,-0.079401,-0.076829,-0.047567,0.995909,0,0.75274,-0.45793,45.164,-0.916,-1,375.000,-1,375.000,-1,325.000,325.000,300.000,300.000,-1,-1,-1,-1,700.000,675.000,-1,-1,2,0,2,0,2,0,0,0,0,2,2,2,2,0,0,2,2
13,4267.113,2507.187,-542.228,-94.054,-0.074177,0.996287,0.043706,-0.994447,-0.070617,-0.078033,-0.074657,-0.049251,0.995992,0,0.74027,-0.45496,44.416,-0.910,-1,375.000,-1,375.000,-1,325.000,325.000,300.000,300.000,-1,-1,-1,-1,700.000,700.000,-1,-1,2,0,2,0,2,0,0,0,0,2,2,2,2,0,0,2,2
14,4263.339,2463.699,-545.216,-94.960,-0.089921,0.994961,0.044339,-0.993308,-0.086353,-0.076701,-0.072485,-0.050939,0.996068,0,0.72753,-0.45296,43.652,-0.906,-1,375.000,-1,375.000,-1,325.000,325.000,300.000,300.000,-1,-1,-1,-1,700.000,700.000,-1,-1,2,0,2,0,2,0,0,0,0,2,2,2,2,0,0,2,2
15,4258.959,2421.043,-548.119,-95.864,-0.105602,0.993388,0.045033,-0.991919,-0.102028,-0.075409,-0.070316,-0.052632,0.996135,0,0.71467,-0.45191,42.880,-0.904,-1,400.000,-1,375.000,-1,325.000,325.000,300.000,300.000,-1,-1,-1,-1,700.000,700.000,-1,-1,2,0,2,0,2,0,0,0,0,2,2,2,2,0,0,2,2
16,4253.998,2379.224,-550.939,-96.768,-0.121250,0.991566,0.045785,-0.990280,-0.117668,-0.074163,-0.068150,-0.054332,0.996195,0,0.70186,-0.45175,42.112,-0.903,-1,400.000,-1,375.000,-1,325.000,325.000,300.000,300.000,-1,-1,-1,-1,700.000,700.000,-1,-1,2,0,2,0,2,0,0,0,0,2,2,2,2,0,0,2,2
17,4248.477,2338.240,-553.676,-97.672,-0.136889,0.989490,0.046593,-0.988386,-0.133301,-0.072967,-0.065989,-0.056040,0.996245,0,0.68925,-0.45245,41.355,-0.905,-1,400.000,-1,375.000,-1,325.000,325.000,300.000,300.000,-1,-1,-1,-1,700.000,700.000,-1,-1,2,0,2,0,2,0,0,0,0,2,2,2,2,0,0,2,2
18,4242.419,2298.077,-556.330,-98.580,-0.152544,0.987157,0.047454,-0.986233,-0.148948,-0.071826,-0.063835,-0.057757,0.996288,0,0.67696,-0.45396,40.617,-0.908,-1,400.000,-1,375.000,-1,325.000,325.000,300.000,300.000,-1,875.000,-1,-1,700.000,700.000,-1,-1,2,0,2,0,2,0,0,0,0,2,0,2,2,0,0,2,2
19,4235.838,2258.716,-558.904,-99.493,-0.168236,0.984560,0.048366,-0.983815,-0.164633,-0.070742,-0.061687,-0.059484,0.996321,0,0.66510,-0.45624,39.906,-0.912,-1,400.000,-1,375.000,-1,325.000,325.000,300.000,300.000,-1,775.000,-1,-1,700.000,700.000,-1,-1,2,0,2,0,2,0,0,0,0,2,0,2,2,0,0,2,2
20,4228.750,2220.135,-561.400,-100.411,-0.183985,0.981691,0.049326,-0.981124,-0.180376,-0.069720,-0.059546,-0.061223,0.996346,0,0.65379,-0.45925,39.227,-0.919,-1,400.000,-1,375.000,-1,325.000,325.000,300.000,300.000,-1,675.000,925.000,-1,700.000,700.000,-1,-1,2,0,2,0,2,0,0,0,0,2,0,0,2,0,0,2,2
21,4221.166,2182.302,-563.820,-101.337,-0.199810,0.978541,0.050334,-0.978151,-0.196194,-0.068761,-0.057410,-0.062974,0.996363,0,0.64309,-0.46294,38.585,-0.926,-1,400.000,-1,375.000,-1,325.000,325.000,300.000,300.000,-1,625.000,825.000,-1,700.000,700.000,-1,-1,2,0,2,0,2,0,0,0,0,2,0,0,2,0,0,2,2
22,4213.094,2145.185,-566.166,-102.272,-0.215728,0.975100,0.051387,-0.974888,-0.212104,-0.067869,-0.055280,-0.064738,0.996370,0,0.63307,-0.46727,37.984,-0.935,-1,400.000,-1,375.000,-1,325.000,325.000,300.000,300.000,-1,575.000,750.000,-1,700.000,725.000,-1,-1,2,0,2,0,2,0,0,0,0,2,0,0,2,0,0,2,2
23,4204.538,2108.749,-568.440,-103.216,-0.231752,0.971358,0.052484,-0.971322,-0.228120,-0.067047,-0.053154,-0.066517,0.996368,0,0.62378,-0.47220,37.427,-0.944,-1,375.000,-1,375.000,-1,325.000,325.000,300.000,300.000,825.000,525.000,700.000,-1,700.000,725.000,-1,-1,2,0,2,0,2,0,0,0,0,1,0,0,2,0,0,2,2
24,4195.502,2072.957,-570.646,-104.172,-0.247895,0.967302,0.053622,-0.967442,-0.244256,-0.066296,-0.051031,-0.068311,0.996358,0,0.61526,-0.47770,36.915,-0.955,-1,375.000,-1,375.000,-1,325.000,325.000,300.000,300.000,750.000,525.000,625.000,-1,700.000,725.000,-1,-1,2,0,2,0,2,0,0,0,0,1,0,0,2,0,0,2,2
25,4185.983,2037.769,-572.667,-105.139,-0.264166,0.962951,0.054241,-0.963217,-0.260529,-0.065865,-0.049293,-0.069645,0.996353,0,0.60753,-0.48373,36.452,-0.967,-1,375.000,-1,375.000,-1,325.000,325.000,300.000,300.000,700.000,525.000,625.000,-1,700.000,725.000,-1,-1,2,0,2,0,2,0,0,0,0,1,0,0,2,0,0,2,2
26,4175.977,2003.149,-574.392,-106.120,-0.280540,0.958324,0.053973,-0.958660,-0.276961,-0.065290,-0.047621,-0.070058,0.996406,0,0.60062,-0.49026,36.037,-0.981,-1,375.000,-1,375.000,-1,325.000,325.000,300.000,300.000,700.000,525.000,625.000,-1,700.000,725.000,-1,-1,2,0,2,0,2,0,0,0,0,1,0,0,2,0,0,2,2
27,4165.480,1969.056,-576.002,-107.114,-0.297047,0.953358,0.053592,-0.953766,-0.293549,-0.064489,-0.045749,-0.070270,0.996478,0,0.59452,-0.49727,35.671,-0.995,-1,375.000,-1,375.000,-1,325.000,325.000,300.000,300.000,675.000,550.000,625.000,-1,700.000,725.000,-1,-1,2,0,2,0,2,0,0,0,0,1,0,0,2,0,0,2,2
28,4154.481,1935.455,-577.560,-108.124,-0.313716,0.948021,0.053284,-0.948503,-0.310294,-0.063720,-0.043874,-0.070530,0.996544,0,0.58926,-0.50473,35.356,-1.009,-1,375.000,-1,375.000,-1,325.000,325.000,300.000,300.000,675.000,550.000,625.000,-1,700.000,725.000,-1,-1,2,0,2,0,2,0,0,0,0,1,0,0,2,0,0,2,2
29,4142.971,1902.306,-579.034,-109.149,-0.330560,0.942288,0.053131,-0.942846,-0.327197,-0.063116,-0.042089,-0.070958,0.996591,0,0.58482,-0.51263,35.089,-1.025,-1,375.000,-1,375.000,-1,325.000,325.000,300.000,300.000,675.000,575.000,625.000,-1,700.000,725.000,-1,-1,2,0,2,0,2,0,0,0,0,1,0,0,2,0,0,2,2
30,4130.935,1869.577,-580.401,-110.191,-0.347591,0.936137,0.053183,-0.936773,-0.344260,-0.062782,-0.040464,-0.071642,0.996609,0,0.58120,-0.52094,34.872,-1.042,-1,375.000,-1,375.000,-1,300.000,325.000,300.000,300.000,675.000,575.000,650.000,-1,700.000,725.000,-1,-1,2,0,2,0,2,0,0,0,0,1,0,0,2,0,0,2,2
31,4118.358,1837.232,-581.599,-111.250,-0.364765,0.929570,0.053348,-0.930306,-0.361491,-0.062081,-0.038424,-0.072275,0.996644,0,0.57839,-0.52965,34.703,-1.059,-1,375.000,-1,375.000,-1,325.000,325.000,300.000,300.000,675.000,600.000,650.000,-1,700.000,725.000,-1,-1,2,0,2,0,2,0,0,0,0,1,0,0,2,0,0,2,2
32,4106.281,1808.148,-582.566,-112.549,-0.385654,0.921092,0.053489,-0.921945,-0.382459,-0.061177,-0.035892,-0.072907,0.996693,0,0.52485,-0.64965,31.491,-1.299,-1,375.000,-1,375.000,-1,325.000,325.000,300.000,300.000,700.000,600.000,650.000,-1,700.000,725.000,-1,-1,2,0,2,0,2,0,0,0,0,1,0,0,2,0,0,2,2
33,4093.522,1779.484,-583.486,-113.996,-0.408687,0.911095,0.053677,-0.912071,-0.405572,-0.060306,-0.033175,-0.073603,0.996736,0,0.52291,-0.72338,31.375,-1.447,-1,375.000,-1,375.000,-1,325.000,325.000,300.000,300.000,700.000,625.000,650.000,-1,700.000,750.000,-1,-1,2,0,2,0,2,0,0,0,0,1,0,0,2,0,0,2,2
34,4080.071,1751.235,-584.358,-115.461,-0.431744,0.900382,0.053937,-0.901482,-0.428708,-0.059493,-0.030444,-0.074309,0.996770,0,0.52146,-0.73243,31.288,-1.465,-1,375.000,-1,400.000,-1,325.000,325.000,300.000,300.000,725.000,625.000,650.000,-1,700.000,750.000,-1,-1,2,0,2,0,2,0,0,0,0,1,0,0,2,0,0,2,2
35,4065.910,1723.376,-585.185,-116.945,-0.454812,0.888932,0.054268,-0.890157,-0.451852,-0.058742,-0.027697,-0.075024,0.996797,0,0.52084,-0.74182,31.251,-1.484,-1,375.000,-1,400.000,-1,325.000,325.000,300.000,300.000,725.000,625.000,650.000,-1,700.000,750.000,-1,-1,2,0,2,0,2,0,0,0,0,1,0,0,2,0,0,2,2
36,4051.018,1695.887,-585.966,-118.448,-0.477874,0.876726,0.054668,-0.878074,-0.474989,-0.058057,-0.024933,-0.075747,0.996815,0,0.52104,-0.75157,31.262,-1.503,-1,375.000,-1,400.000,-1,325.000,325.000,300.000,300.000,750.000,650.000,675.000,-1,700.000,750.000,-1,-1,2,0,2,0,2,0,0,0,0,1,0,0,2,0,0,2,2
37,4035.370,1668.753,-586.701,-119.971,-0.500912,0.863740,0.055135,-0.865215,-0.498100,-0.057443,-0.022153,-0.076477,0.996825,0,0.52203,-0.76167,31.322,-1.523,-1,400.000,-1,400.000,-1,325.000,325.000,300.000,300.000,775.000,650.000,675.000,-1,700.000,750.000,-1,-1,2,0,2,0,2,0,0,0,0,1,0,0,2,0,0,2,2
38,4018.941,1641.959,-587.390,-121.515,-0.523906,0.849955,0.055666,-0.851556,-0.521166,-0.056904,-0.019355,-0.077215,0.996827,0,0.52382,-0.77211,31.429,-1.544,-1,400.000,-1,400.000,-1,325.000,325.000,300.000,300.000,800.000,650.000,675.000,-1,700.000,750.000,-1,-1,2,0,2,0,2,0,0,0,0,1,0,0,2,0,0,2,2
39,4001.703,1615.495,-588.033,-123.081,-0.546834,0.835349,0.056258,-0.837077,-0.544165,-0.056446,-0.016538,-0.077959,0.996819,0,0.52637,-0.78289,31.582,-1.566,-1,400.000,-1,400.000,-1,325.000,325.000,300.000,300.000,850.000,675.000,675.000,-1,700.000,750.000,-1,-1,2,0,2,0,2,0,0,0,0,1,0,0,2,0,0,2,2
40,3983.624,1589.356,-588.590,-124.669,-0.569668,0.819890,0.057090,-0.821762,-0.567066,-0.056059,-0.013589,-0.078850,0.996794,0,0.52968,-0.79402,31.781,-1.588,-1,400.000,-1,400.000,-1,325.000,325.000,300.000,300.000,900.000,675.000,675.000,-1,700.000,775.000,-1,-1,2,0,2,0,2,0,0,0,0,1,0,0,2,0,0,2,2
41,3964.675,1563.540,-589.057,-126.280,-0.592379,0.803556,0.058179,-0.805591,-0.589842,-0.055765,-0.010494,-0.079902,0.996747,0,0.53372,-0.80550,32.023,-1.611,-1,400.000,-1,400.000,-1,325.000,325.000,300.000,300.000,950.000,675.000,700.000,-1,725.000,775.000,-1,-1,2,0,2,0,2,0,0,0,0,1,0,0,2,0,0,2,2
42,3944.821,1538.049,-589.405,-127.915,-0.614956,0.786353,0.058965,-0.788524,-0.612486,-0.055594,-0.007601,-0.080683,0.996711,0,0.53848,-0.81732,32.309,-1.635,-1,400.000,-1,400.000,-1,325.000,325.000,300.000,300.000,-1,675.000,700.000,-1,725.000,775.000,-1,-1,2,0,2,0,2,0,0,0,0,2,0,0,2,0,0,2,2
43,3924.028,1512.892,-589.602,-129.574,-0.637377,0.768268,0.059294,-0.770536,-0.634974,-0.055518,-0.005003,-0.081074,0.996696,0,0.54394,-0.82949,32.636,-1.659,-1,400.000,-1,400.000,-1,325.000,325.000,300.000,300.000,-1,675.000,725.000,-1,725.000,775.000,-1,-1,2,0,2,0,2,0,0,0,0,2,0,0,2,0,0,2,2
44,3899.470,1484.635,-589.790,-130.993,-0.656127,0.752281,0.059750,-0.754646,-0.653781,-0.055506,-0.002693,-0.081509,0.996669,0,0.62394,-0.70949,37.436,-1.419,-1,400.000,-1,400.000,-1,325.000,325.000,300.000,300.000,-1,675.000,750.000,-1,725.000,775.000,-1,-1,2,0,2,0,2,0,0,0,0,2,0,0,2,0,0,2,2
45,3873.763,1456.255,-589.949,-132.172,-0.671399,0.738643,0.060253,-0.741096,-0.669096,-0.055562,-0.000726,-0.081958,0.996636,0,0.63818,-0.58949,38.291,-1.179,-1,400.000,-1,400.000,-1,325.000,325.000,300.000,300.000,-1,700.000,775.000,-1,725.000,775.000,-1,-1,2,0,2,0,2,0,0,0,0,2,0,0,2,0,0,2,2
46,3847.229,1427.910,-590.088,-133.111,-0.683357,0.727552,0.060760,-0.730084,-0.681085,-0.055675,0.000876,-0.082406,0.996598,0,0.64710,-0.46949,38.826,-0.939,-1,400.000,-1,400.000,-1,325.000,325.000,300.000,300.000,-1,700.000,800.000,-1,725.000,775.000,-1,-1,2,0,2,0,2,0,0,0,0,2,0,0,2,0,0,2,2
47,3819.952,1399.477,-590.019,-133.810,-0.692163,0.719210,0.060397,-0.721739,-0.689930,-0.055576,0.001698,-0.082059,0.996626,0,0.65668,-0.34949,39.401,-0.699,-1,375.000,-1,400.000,-1,325.000,325.000,300.000,300.000,-1,750.000,825.000,-1,725.000,775.000,-1,-1,2,0,2,0,2,0,0,0,0,2,0,0,2,0,0,2,2
48,3792.024,1370.828,-589.823,-134.269,-0.697869,0.713712,0.059946,-0.716221,-0.695720,-0.054785,0.002605,-0.081167,0.996697,0,0.66681,-0.22949,40.009,-0.459,-1,400.000,-1,400.000,-1,325.000,325.000,300.000,300.000,-1,775.000,850.000,-1,725.000,775.000,-1,-1,2,0,2,0,2,0,0,0,0,2,0,0,2,0,0,2,2
49,3763.542,1341.833,-589.643,-134.488,-0.700569,0.711101,0.059480,-0.713577,-0.698494,-0.053969,0.003169,-0.080253,0.996769,0,0.67741,-0.10949,40.644,-0.219,-1,400.000,-1,400.000,-1,325.000,325.000,300.000,300.000,-1,800.000,875.000,-1,725.000,775.000,-1,-1,2,0,2,0,2,0,0,0,0,2,0,0,2,0,0,2,2
50,3734.608,1312.357,-589.496,-134.467,-0.700296,0.711412,0.058974,-0.713844,-0.698287,-0.053122,0.003389,-0.079299,0.996845,0,0.68839,0.01051,41.303,0.021,-1,400.000,-1,400.000,-1,325.000,325.000,300.000,300.000,-1,850.000,900.000,-1,725.000,775.000,-1,-1,2,0,2,0,2,0,0,0,0,2,0,0,2,0,0,2,2
51,3705.337,1282.264,-589.396,-134.206,-0.697047,0.714643,0.058399,-0.717018,-0.695094,-0.052237,0.003261,-0.078285,0.996926,0,0.69969,0.13051,41.981,0.261,-1,400.000,-1,400.000,-1,325.000,325.000,300.000,300.000,-1,875.000,925.000,-1,725.000,775.000,-1,-1,2,0,2,0,2,0,0,0,0,2,0,0,2,0,0,2,2
52,3675.850,1251.414,-589.361,-133.704,-0.690781,0.720756,0.057727,-0.723059,-0.688878,-0.051310,0.002785,-0.077184,0.997013,0,0.71126,0.25051,42.675,0.501,-1,375.000,-1,400.000,-1,325.000,325.000,300.000,275.000,-1,900.000,975.000,-1,725.000,775.000,-1,-1,2,0,2,0,2,0,0,0,0,2,0,0,2,0,0,2,2
53,3643.222,1216.928,-589.311,-133.413,-0.687116,0.724310,0.056989,-0.726544,-0.685253,-0.050611,0.002394,-0.076181,0.997091,0,0.79126,0.14583,47.475,0.292,-1,375.000,-1,400.000,-1,325.000,325.000,300.000,275.000,-1,950.000,1000.000,-1,725.000,775.000,-1,-1,2,0,2,0,2,0,0,0,0,2,0,0,2,0,0,2,2
54,3608.787,1180.193,-589.256,-133.149,-0.683780,0.727524,0.056148,-0.729685,-0.681963,-0.049860,0.002017,-0.075064,0.997177,0,0.83919,0.13214,50.351,0.264,-1,375.000,-1,400.000,-1,325.000,325.000,300.000,275.000,-1,-1,-1,-1,725.000,775.000,-1,-1,2,0,2,0,2,0,0,0,0,2,2,2,2,0,0,2,2
55,3574.521,1143.300,-589.269,-132.884,-0.680429,0.730729,0.055233,-0.732812,-0.678662,-0.049035,0.001653,-0.073841,0.997269,0,0.83919,0.13214,50.351,0.264,-1,375.000,-1,400.000,-1,325.000,325.000,300.000,275.000,-1,-1,-1,-1,700.000,750.000,-1,-1,2,0,2,0,2,0,0,0,0,2,2,2,2,0,0,2,2
56,3540.426,1106.249,-589.241,-132.620,-0.677084,0.733897,0.054337,-0.735906,-0.675327,-0.048755,0.000913,-0.072998,0.997332,0,0.83919,0.13214,50.351,0.264,-1,375.000,-1,400.000,-1,325.000,325.000,300.000,275.000,-1,-1,-1,-1,700.000,750.000,-1,-1,2,0,2,0,2,0,0,0,0,2,2,2,2,0,0,2,2
57,3506.502,1069.041,-589.281,-132.356,-0.673725,0.737051,0.053387,-0.738982,-0.671977,-0.048512,0.000119,-0.072136,0.997395,0,0.83919,0.13214,50.351,0.264,-1,375.000,-1,400.000,-1,325.000,325.000,300.000,275.000,-1,-1,-1,-1,700.000,750.000,-1,-1,2,0,2,0,2,0,0,0,0,2,2,2,2,0,0,2,2
58,3472.751,1031.676,-589.148,-132.091,-0.670310,0.740142,0.053619,-0.742081,-0.668569,-0.048282,0.000112,-0.072154,0.997394,0,0.83919,0.13214,50.351,0.264,-1,375.000,-1,400.000,-1,325.000,325.000,300.000,275.000,-1,-1,-1,-1,700.000,750.000,-1,-1,2,0,2,0,2,0,0,0,0,2,2,2,2,0,0,2,2
59,3439.172,994.156,-589.002,-131.827,-0.666864,0.743201,0.054263,-0.745180,-0.665134,-0.048008,0.000412,-0.072451,0.997372,0,0.83919,0.13214,50.351,0.264,-1,375.000,-1,400.000,-1,325.000,325.000,300.000,275.000,-1,-1,-1,-1,675.000,750.000,-1,-1,2,0,2,0,2,0,0,0,0,2,2,2,2,0,0,2,2
60,3405.767,956.482,-588.934,-131.563,-0.663401,0.746248,0.054893,-0.748264,-0.661687,-0.047664,0.000753,-0.072694,0.997354,0,0.83919,0.13214,50.351,0.264,-1,375.000,-1,400.000,-1,325.000,325.000,300.000,300.000,-1,-1,-1,-1,675.000,750.000,-1,-1,2,0,2,0,2,0,0,0,0,2,2,2,2,0,0,2,2
61,3372.536,918.654,-588.925,-131.299,-0.659924,0.749286,0.055413,-0.751331,-0.658232,-0.047245,0.001075,-0.072812,0.997345,0,0.83919,0.13214,50.351,0.264,-1,375.000,-1,400.000,-1,325.000,325.000,300.000,300.000,-1,-1,-1,-1,675.000,750.000,-1,-1,2,0,2,0,2,0,0,0,0,2,2,2,2,0,0,2,2
62,3339.480,880.674,-588.777,-131.034,-0.656466,0.752352,0.054942,-0.754355,-0.654802,-0.046717,0.000828,-0.072114,0.997396,0,0.83919,0.13214,50.351,0.264,-1,375.000,-1,400.000,-1,325.000,325.000,300.000,300.000,-1,-1,-1,-1,675.000,750.000,-1,-1,2,0,2,0,2,0,0,0,0,2,2,2,2,0,0,2,2
63,3306.598,842.541,-588.663,-130.770,-0.652986,0.755399,0.054599,-0.757369,-0.651355,-0.046134,0.000713,-0.071477,0.997442,0,0.83919,0.13214,50.351,0.264,-1,375.000,-1,400.000,-1,325.000,325.000,300.000,300.000,-1,-1,-1,-1,675.000,750.000,-1,-1,2,0,2,0,2,0,0,0,0,2,2,2,2,0,0,2,2
64,3273.894,804.257,-588.610,-130.506,-0.649490,0.758432,0.054255,-0.760370,-0.647895,-0.045491,0.000650,-0.070800,0.997490,0,0.83919,0.13214,50.351,0.264,1000.000,375.000,-1,400.000,-1,325.000,325.000,300.000,300.000,-1,-1,-1,-1,650.000,750.000,-1,-1,0,0,2,0,2,0,0,0,0,2,2,2,2,0,0,2,2
65,3241.366,765.823,-588.617,-130.242,-0.645977,0.761451,0.053910,-0.763357,-0.644423,-0.044787,0.000638,-0.070083,0.997541,0,0.83919,0.13214,50.351,0.264,975.000,375.000,-1,400.000,-1,325.000,325.000,300.000,300.000,-1,-1,-1,-1,650.000,725.000,-1,-1,0,0,2,0,2,0,0,0,0,2,2,2,2,0,0,2,2
66,3209.015,727.240,-588.460,-129.977,-0.642408,0.764504,0.053332,-0.766361,-0.640978,-0.042866,0.001413,-0.068409,0.997656,0,0.83919,0.13214,50.351,0.264,975.000,375.000,-1,400.000,-1,325.000,325.000,300.000,300.000,-1,-1,-1,-1,650.000,725.000,-1,-1,0,0,2,0,2,0,0,0,0,2,2,2,2,0,0,2,2
67,3176.841,688.509,-588.184,-129.713,-0.638804,0.767580,0.052446,-0.769365,-0.637550,-0.040095,0.002661,-0.065963,0.997819,0,0.83919,0.13214,50.351,0.264,1000.000,375.000,-1,400.000,-1,325.000,325.000,300.000,300.000,-1,-1,-1,-1,650.000,725.000,-1,-1,0,0,2,0,2,0,0,0,0,2,2,2,2,0,0,2,2
68,3144.847,649.629,-587.948,-129.449,-0.635189,0.770641,0.051452,-0.772347,-0.634109,-0.037237,0.003930,-0.063391,0.997981,0,0.83919,0.13214,50.351,0.264,1000.000,375.000,-1,400.000,-1,300.000,325.000,300.000,300.000,-1,-1,-1,-1,650.000,725.000,-1,-1,0,0,2,0,2,0,0,0,0,2,2,2,2,0,0,2,2
69,3113.032,610.602,-587.771,-129.184,-0.631560,0.773684,0.050453,-0.775309,-0.630651,-0.034293,0.005286,-0.060775,0.998137,0,0.83919,0.13214,50.351,0.264,-1,375.000,-1,400.000,-1,300.000,325.000,300.000,300.000,-1,-1,-1,-1,650.000,700.000,-1,-1,2,0,2,0,2,0,0,0,0,2,2,2,2,0,0,2,2
70,3081.398,571.429,-587.566,-128.920,-0.627929,0.776693,0.049536,-0.778244,-0.627163,-0.031665,0.006473,-0.058434,0.998270,0,0.83919,0.13214,50.351,0.264,-1,375.000,-1,375.000,-1,300.000,325.000,300.000,300.000,-1,-1,875.000,-1,675.000,700.000,-1,-1,2,0,2,0,2,0,0,0,0,2,2,0,2,0,0,2,2
71,3049.946,532.110,-587.143,-128.656,-0.624317,0.779639,0.048900,-0.781141,-0.623623,-0.030220,0.006934,-0.057064,0.998346,0,0.83919,0.13214,50.351,0.264,-1,375.000,-1,375.000,-1,300.000,325.000,300.000,300.000,-1,-1,850.000,-1,650.000,700.000,-1,-1,2,0,2,0,2,0,0,0,0,2,2,0,2,0,0,2,2
72,3018.675,492.646,-586.768,-128.392,-0.620690,0.782568,0.048283,-0.784021,-0.620069,-0.028741,0.007447,-0.055694,0.998420,0,0.83919,0.13214,50.351,0.264,-1,375.000,-1,375.000,-1,300.000,300.000,300.000,300.000,-1,-1,825.000,-1,650.000,675.000,-1,-1,2,0,2,0,2,0,0,0,0,2,2,0,2,0,0,2,2
73,2987.587,453.038,-586.440,-128.127,-0.617048,0.785479,0.047685,-0.786885,-0.616499,-0.027228,0.008011,-0.054323,0.998491,0,0.83919,0.13214,50.351,0.264,-1,375.000,-1,375.000,-1,300.000,300.000,300.000,300.000,-1,1000.000,800.000,-1,650.000,675.000,-1,-1,2,0,2,0,2,0,0,0,0,2,0,0,2,0,0,2,2
74,2956.682,413.287,-585.924,-127.863,-0.613352,0.788336,0.048228,-0.789754,-0.612886,-0.025663,0.009327,-0.053829,0.998507,0,0.83919,0.13214,50.351,0.264,-1,375.000,-1,375.000,-1,300.000,300.000,300.000,300.000,-1,925.000,725.000,-1,650.000,675.000,-1,-1,2,0,2,0,2,0,0,0,0,2,0,0,2,0,0,2,2
75,2925.961,373.393,-585.144,-127.599,-0.609597,0.791139,0.049903,-0.792629,-0.609232,-0.024003,0.011412,-0.054187,0.998466,0,0.83919,0.13214,50.351,0.264,-1,375.000,-1,375.000,-1,300.000,300.000,300.000,300.000,-1,850.000,675.000,-1,625.000,675.000,-1,-1,2,0,2,0,2,0,0,0,0,2,0,0,2,0,0,2,2
76,2895.425,333.358,-584.315,-127.334,-0.605815,0.793934,0.051536,-0.795487,-0.605571,-0.022012,0.013733,-0.054332,0.998428,0,0.83919,0.13214,50.351,0.264,-1,375.000,-1,375.000,-1,300.000,300.000,300.000,300.000,-1,775.000,625.000,-1,625.000,675.000,-1,-1,2,0,2,0,2,0,0,0,0,2,0,0,2,0,0,2,2
77,2865.073,293.183,-583.516,-127.070,-0.602014,0.796711,0.053200,-0.798323,-0.601897,-0.019992,0.016093,-0.054506,0.998384,0,0.83919,0.13214,50.351,0.264,1000.000,375.000,-1,375.000,-1,300.000,300.000,300.000,300.000,-1,725.000,600.000,-1,625.000,675.000,-1,-1,0,0,2,0,2,0,0,0,0,2,0,0,2,0,0,2,2
78,2834.907,252.868,-582.748,-126.806,-0.598192,0.799470,0.054893,-0.801139,-0.598209,-0.017943,0.018493,-0.054710,0.998331,0,0.83919,0.13214,50.351,0.264,1000.000,375.000,-1,375.000,-1,300.000,325.000,300.000,300.000,-1,675.000,575.000,-1,625.000,675.000,-1,-1,0,0,2,0,2,0,0,0,0,2,0,0,2,0,0,2,2
79,2804.927,212.415,-581.821,-126.542,-0.594397,0.802244,0.055641,-0.803914,-0.594532,-0.015900,0.020325,-0.054182,0.998324,0,0.83919,0.13214,50.351,0.264,1000.000,375.000,-1,375.000,-1,300.000,325.000,300.000,300.000,-1,575.000,500.000,-1,625.000,675.000,-1,-1,0,0,2,0,2,0,0,0,0,2,0,0,2,0,0,2,2
80,2775.133,171.824,-580.728,-126.277,-0.590636,0.805033,0.055413,-0.806650,-0.590866,-0.013878,0.021569,-0.052895,0.998367,0,0.83919,0.13214,50.351,0.264,1000.000,375.000,-1,375.000,-1,300.000,325.000,300.000,300.000,-1,575.000,475.000,-1,625.000,650.000,-1,-1,0,0,2,0,2,0,0,0,0,2,0,0,2,0,0,2,2
81,2745.293,131.134,-579.645,-126.253,-0.590239,0.805343,0.055132,-0.806900,-0.590569,-0.011848,0.023018,-0.051479,0.998409,0,0.84098,0.01214,50.459,0.024,1000.000,375.000,-1,375.000,-1,300.000,325.000,300.000,300.000,-1,550.000,475.000,-1,625.000,650.000,-1,-1,0,0,2,0,2,0,0,0,0,2,0,0,2,0,0,2,2
82,2715.301,90.557,-578.534,-126.469,-0.593209,0.803182,0.054795,-0.804668,-0.593647,-0.009670,0.024762,-0.049828,0.998451,0,0.84098,-0.10786,50.459,-0.216,1000.000,375.000,-1,375.000,-1,300.000,325.000,300.000,300.000,-1,550.000,475.000,-1,625.000,650.000,-1,-1,0,0,2,0,2,0,0,0,0,2,0,0,2,0,0,2,2
83,2684.985,50.220,-577.071,-126.925,-0.599488,0.798552,0.054123,-0.799900,-0.600105,-0.005825,0.027828,-0.046785,0.998517,0,0.84098,-0.22786,50.459,-0.456,-1,375.000,-1,375.000,-1,300.000,325.000,300.000,300.000,-1,525.000,450.000,-1,650.000,650.000,-1,-1,2,0,2,0,2,0,0,0,0,2,0,0,2,0,0,2,2
84,2654.182,10.253,-575.330,-127.620,-0.608987,0.791284,0.054816,-0.792540,-0.609816,-0.001994,0.031849,-0.044658,0.998494,0,0.84098,-0.34786,50.459,-0.696,-1,375.000,-1,375.000,-1,300.000,300.000,300.000,300.000,-1,500.000,425.000,-1,650.000,650.000,-1,-1,2,0,2,0,2,0,0,0,0,2,0,0,2,0,0,2,2
85,2622.731,-29.205,-573.550,-128.556,-0.621670,0.781291,0.055770,-0.782447,-0.622714,0.001744,0.036092,-0.042553,0.998442,0,0.84098,-0.46786,50.459,-0.936,-1,375.000,-1,375.000,-1,325.000,300.000,300.000,300.000,-1,475.000,425.000,-1,675.000,650.000,-1,-1,2,0,2,0,2,0,0,0,0,2,0,0,2,0,0,2,2
86,2590.550,-68.070,-571.731,-129.624,-0.635957,0.769615,0.057019,-0.770663,-0.637220,0.005360,0.040459,-0.040534,0.998359,0,0.84098,-0.53392,50.459,-1.068,-1,375.000,-1,375.000,-1,325.000,300.000,300.000,300.000,-1,475.000,400.000,-1,675.000,650.000,-1,-1,2,0,2,0,2,0,0,0,0,2,0,0,2,0,0,2,2
87,2557.651,-106.329,-569.510,-130.692,-0.650033,0.757622,0.058874,-0.758644,-0.651466,0.007147,0.043769,-0.040019,0.998240,0,0.84098,-0.53392,50.459,-1.068,-1,375.000,-1,375.000,-1,300.000,300.000,300.000,300.000,-1,475.000,425.000,-1,675.000,650.000,-1,-1,2,0,2,0,2,0,0,0,0,2,0,0,2,0,0,2,2
88,2524.044,-143.969,-567.131,-131.760,-0.663892,0.745358,0.060737,-0.746368,-0.665480,0.008452,0.046719,-0.039721,0.998118,0,0.84098,-0.53392,50.459,-1.068,-1,375.000,-1,375.000,-1,300.000,300.000,300.000,300.000,-1,500.000,450.000,-1,675.000,650.000,-1,-1,2,0,2,0,2,0,0,0,0,2,0,0,2,0,0,2,2
89,2489.742,-180.976,-564.641,-132.827,-0.677536,0.732841,0.062366,-0.733827,-0.679268,0.009648,0.049433,-0.039229,0.998007,0,0.84098,-0.53392,50.459,-1.068,-1,375.000,-1,375.000,-1,300.000,300.000,300.000,300.000,-1,525.000,475.000,-1,650.000,650.000,-1,-1,2,0,2,0,2,0,0,0,0,2,0,0,2,0,0,2,2
90,2454.620,-217.470,-562.105,-133.902,-0.691019,0.719985,0.064142,-0.720953,-0.692902,0.010715,0.052158,-0.038839,0.997883,0,0.84416,-0.53724,50.649,-1.074,-1,375.000,-1,375.000,-1,300.000,300.000,300.000,300.000,-1,550.000,500.000,-1,650.000,650.000,-1,-1,2,0,2,0,2,0,0,0,0,2,0,0,2,0,0,2,2
91,2418.663,-253.446,-559.520,-134.984,-0.704340,0.706782,0.066060,-0.707737,-0.706380,0.011645,0.054894,-0.038551,0.997748,0,0.84773,-0.54094,50.864,-1.082,-1,375.000,-1,375.000,-1,300.000,300.000,300.000,300.000,-1,550.000,525.000,-1,650.000,650.000,-1,-1,2,0,2,0,2,0,0,0,0,2,0,0,2,0,0,2,2
92,2381.873,-288.884,-556.812,-136.073,-0.717462,0.693223,0.068477,-0.694190,-0.719686,0.012383,0.057866,-0.038652,0.997576,0,0.85135,-0.54463,51.081,-1.089,-1,375.000,-1,375.000,-1,300.000,300.000,275.000,300.000,-1,500.000,550.000,-1,650.000,650.000,-1,-1,2,0,2,0,2,0,0,0,0,2,0,0,2,0,0,2,2
93,2344.250,-323.759,-553.863,-137.170,-0.730349,0.679311,0.071596,-0.680305,-0.732810,0.013209,0.061439,-0.039060,0.997346,0,0.85501,-0.54833,51.301,-1.097,-1,375.000,-1,375.000,-1,300.000,300.000,275.000,300.000,-1,475.000,475.000,-1,650.000,650.000,-1,-1,2,0,2,0,2,0,0,0,0,2,0,0,2,0,0,2,2
94,2305.796,-358.051,-550.288,-138.274,-0.743084,0.665115,0.073809,-0.665951,-0.745819,0.016233,0.065845,-0.037090,0.997140,0,0.85870,-0.55204,51.522,-1.104,-1,375.000,-1,375.000,-1,300.000,300.000,275.000,300.000,-1,425.000,425.000,-1,675.000,650.000,-1,-1,2,0,2,0,2,0,0,0,0,2,0,0,2,0,0,2,2
95,2266.514,-391.736,-546.457,-139.385,-0.755705,0.650588,0.075132,-0.651201,-0.758657,0.019399,0.069620,-0.034266,0.996985,0,0.86243,-0.55575,51.746,-1.111,-1,375.000,-1,375.000,1000.000,300.000,300.000,300.000,300.000,-1,400.000,400.000,-1,675.000,675.000,-1,-1,2,0,2,0,1,0,0,0,0,2,0,0,2,0,0,2,2
96,2226.408,-424.790,-542.587,-140.504,-0.768114,0.635708,0.076661,-0.636087,-0.771289,0.022530,0.073450,-0.031457,0.996803,0,0.86619,-0.55947,51.971,-1.119,-1,375.000,-1,375.000,975.000,300.000,300.000,300.000,300.000,-1,400.000,375.000,-1,700.000,675.000,-1,-1,2,0,2,0,1,0,0,0,0,2,0,0,2,0,0,2,2
97,2185.482,-457.191,-538.579,-141.631,-0.780304,0.620468,0.078394,-0.620638,-0.783694,0.025147,0.077040,-0.029032,0.996605,0,0.86997,-0.56321,52.198,-1.126,-1,375.000,-1,375.000,925.000,300.000,300.000,300.000,300.000,-1,400.000,375.000,-1,700.000,675.000,-1,-1,2,0,2,0,1,0,0,0,0,2,0,0,2,0,0,2,2
98,2143.741,-488.914,-534.328,-142.764,-0.792269,0.604866,0.080294,-0.604894,-0.795857,0.026745,0.080080,-0.027380,0.996412,0,0.87378,-0.56697,52.427,-1.134,-1,375.000,-1,375.000,900.000,300.000,300.000,300.000,300.000,-1,400.000,375.000,-1,725.000,700.000,-1,-1,2,0,2,0,1,0,0,0,0,2,0,0,2,0,0,2,2
99,2101.192,-519.934,-530.021,-143.906,-0.803989,0.588915,0.082340,-0.588807,-0.807782,0.028180,0.083109,-0.025826,0.996206,0,0.87760,-0.57075,52.656,-1.141,-1,375.000,-1,375.000,850.000,300.000,300.000,300.000,300.000,-1,400.000,400.000,-1,725.000,700.000,-1,1000.000,2,0,2,0,1,0,0,0,0,2,0,0,2,0,0,2,1
100,2057.840,-550.227,-525.658,-145.055,-0.815453,0.572618,0.084524,-0.572380,-0.819460,0.029443,0.086124,-0.024371,0.995986,0,0.88144,-0.57456,52.886,-1.149,-1,375.000,-1,375.000,825.000,300.000,300.000,300.000,300.000,-1,425.000,400.000,-1,725.000,700.000,-1,950.000,2,0,2,0,1,0,0,0,0,2,0,0,2,0,0,2,1
101,2013.694,-579.766,-521.215,-146.212,-0.826639,0.555974,0.086955,-0.555618,-0.830878,0.030492,0.089202,-0.023108,0.995745,0,0.88528,-0.57841,53.117,-1.157,-1,375.000,-1,375.000,775.000,325.000,325.000,300.000,300.000,-1,425.000,400.000,-1,750.000,725.000,-1,900.000,2,0,2,0,1,0,0,0,0,2,0,0,2,0,0,2,1
102,1968.762,-608.527,-516.696,-147.377,-0.837541,0.538986,0.089551,-0.538516,-0.842029,0.031415,0.092337,-0.021913,0.995487,0,0.88912,-0.58230,53.347,-1.165,-1,400.000,-1,375.000,725.000,325.000,325.000,300.000,300.000,-1,425.000,400.000,-1,750.000,725.000,-1,850.000,2,0,2,0,1,0,0,0,0,2,0,0,2,0,1,2,1
103,1923.055,-636.482,-512.153,-148.549,-0.848156,0.521655,0.092241,-0.521093,-0.852900,0.031995,0.095362,-0.020929,0.995223,0,0.89295,-0.58624,53.577,-1.172,-1,400.000,-1,375.000,700.000,325.000,325.000,300.000,300.000,-1,450.000,425.000,-1,775.000,700.000,-1,800.000,2,0,2,0,1,0,0,0,0,2,0,0,2,0,1,2,1
104,1876.584,-663.604,-507.517,-149.729,-0.858510,0.503984,0.094666,-0.503336,-0.863485,0.032363,0.098053,-0.019865,0.994983,0,0.89677,-0.59024,53.806,-1.180,-1,400.000,-1,400.000,650.000,325.000,325.000,300.000,300.000,-1,425.000,425.000,-1,775.000,700.000,-1,750.000,2,0,2,0,1,0,0,0,0,2,0,0,2,0,1,2,1
105,1829.363,-689.868,-502.406,-150.918,-0.868786,0.485988,0.095009,-0.485150,-0.873797,0.033295,0.099199,-0.017167,0.994920,0,0.90056,-0.59431,54.034,-1.189,-1,400.000,-1,400.000,600.000,325.000,325.000,300.000,300.000,-1,450.000,475.000,-1,800.000,675.000,-1,700.000,2,0,2,0,1,0,0,0,0,2,0,0,2,0,1,2,1
106,1781.404,-715.244,-497.073,-152.115,-0.878773,0.467645,0.095218,-0.466698,-0.883787,0.033367,0.099756,-0.015116,0.994897,0,0.90431,-0.59845,54.259,-1.197,-1,400.000,-1,400.000,575.000,325.000,325.000,300.000,300.000,-1,500.000,525.000,-1,800.000,650.000,-1,650.000,2,0,2,0,1,0,0,0,0,2,0,0,2,0,1,2,1
107,1735.722,-738.448,-491.944,-153.072,-0.886482,0.452830,0.095370,-0.451813,-0.891493,0.033252,0.100079,-0.013613,0.994886,0,0.85394,-0.47845,51.236,-0.957,-1,400.000,-1,400.000,525.000,325.000,325.000,300.000,300.000,-1,525.000,575.000,-1,800.000,625.000,-1,600.000,2,0,2,0,1,0,0,0,0,2,0,0,2,0,1,2,1
108,1689.582,-761.163,-486.792,-153.789,-0.892092,0.441646,0.095502,-0.440585,-0.897101,0.033079,0.100284,-0.012567,0.994879,0,0.85715,-0.35845,51.429,-0.717,-1,400.000,-1,400.000,475.000,325.000,325.000,300.000,300.000,-1,575.000,625.000,-1,825.000,625.000,-1,550.000,2,0,2,0,1,0,0,0,0,2,0,0,2,0,1,2,1
109,1643.104,-783.565,-481.622,-154.266,-0.895744,0.434167,0.095614,-0.433088,-0.900753,0.032850,0.100387,-0.011984,0.994876,0,0.85992,-0.23845,51.595,-0.477,-1,400.000,-1,375.000,450.000,325.000,325.000,300.000,300.000,-1,625.000,675.000,-1,825.000,625.000,-1,500.000,2,0,2,1,1,0,0,0,0,2,0,0,2,0,1,2,1
110,1596.413,-805.833,-476.442,-154.503,-0.897531,0.430439,0.095709,-0.429370,-0.902541,0.032564,0.100398,-0.011868,0.994877,0,0.86215,-0.11845,51.729,-0.237,-1,400.000,-1,375.000,400.000,325.000,325.000,300.000,300.000,-1,675.000,725.000,-1,850.000,675.000,-1,475.000,2,0,2,1,1,0,0,0,0,2,0,0,2,0,1,2,1
111,1549.637,-828.144,-471.257,-154.500,-0.897499,0.430486,0.095793,-0.429453,-0.902514,0.032219,0.100324,-0.012222,0.994880,0,0.86374,0.00155,51.825,0.003,-1,400.000,-1,375.000,375.000,325.000,325.000,300.000,300.000,-1,725.000,775.000,-1,850.000,800.000,-1,425.000,2,0,2,1,1,0,0,0,0,2,0,0,2,0,1,2,1
112,1502.912,-850.676,-466.076,-154.256,-0.895649,0.434307,0.095869,-0.433337,-0.900670,0.031812,0.100163,-0.013051,0.994885,0,0.86457,0.12155,51.874,0.243,-1,400.000,-1,375.000,325.000,325.000,325.000,300.000,300.000,-1,775.000,825.000,-1,850.000,875.000,-1,400.000,2,0,2,1,1,0,0,0,0,2,0,0,2,0,0,2,1
113,1456.383,-873.598,-460.902,-153.773,-0.891930,0.441878,0.095942,-0.441000,-0.896960,0.031325,0.099898,-0.014371,0.994894,0,0.86449,0.24155,51.869,0.483,-1,400.000,-1,400.000,300.000,325.000,325.000,300.000,300.000,-1,850.000,900.000,-1,875.000,900.000,-1,400.000,2,0,2,0,1,0,0,0,0,2,0,0,2,0,0,2,1
114,1410.110,-896.887,-455.705,-153.284,-0.888107,0.449510,0.095950,-0.448747,-0.893134,0.030616,0.099459,-0.015867,0.994915,0,0.86338,0.24461,51.803,0.489,-1,400.000,-1,425.000,275.000,325.000,325.000,300.000,300.000,-1,900.000,950.000,-1,875.000,925.000,-1,-1,2,0,2,0,1,0,0,0,0,2,0,0,2,0,0,2,2
115,1364.129,-920.504,-449.528,-152.813,-0.883897,0.456791,0.100341,-0.456433,-0.889322,0.027851,0.101958,-0.021182,0.994563,0,0.86153,0.23546,51.692,0.471,-1,425.000,-1,425.000,275.000,350.000,350.000,300.000,325.000,-1,900.000,950.000,-1,925.000,-1,-1,-1,2,0,2,0,1,0,0,0,0,2,0,0,2,0,2,2,2
116,1318.470,-944.414,-442.942,-152.361,-0.879527,0.463711,0.106794,-0.463942,-0.885535,0.024189,0.105787,-0.028271,0.993987,0,0.85897,0.22600,51.538,0.452,-1,425.000,-1,450.000,275.000,350.000,350.000,300.000,325.000,-1,850.000,950.000,-1,950.000,-1,-1,-1,2,0,2,0,1,0,0,0,0,2,0,0,2,0,2,2,2
117,1273.168,-968.574,-437.500,-151.929,-0.875773,0.470340,0.108637,-0.470842,-0.881928,0.022598,0.106439,-0.031360,0.993825,0,0.85570,0.21629,51.342,0.433,-1,450.000,-1,475.000,325.000,350.000,375.000,300.000,325.000,-1,875.000,975.000,-1,975.000,-1,-1,-1,2,0,2,0,1,0,0,0,1,2,0,0,2,0,2,2,2
118,1228.252,-992.946,-433.196,-151.516,-0.872671,0.476694,0.105865,-0.477116,-0.878541,0.022954,0.103948,-0.030479,0.994116,0,0.85171,0.20637,51.103,0.413,-1,450.000,-1,450.000,375.000,350.000,375.000,300.000,275.000,-1,975.000,-1,-1,975.000,-1,-1,-1,2,0,2,0,1,0,0,0,1,2,0,2,2,0,2,2,2
119,1183.751,-1017.488,-429.982,-151.123,-0.870211,0.482770,0.098322,-0.482787,-0.875375,0.025205,0.098237,-0.025535,0.994835,0,0.84703,0.19630,50.822,0.393,-1,425.000,-1,450.000,475.000,350.000,350.000,300.000,225.000,-1,-1,-1,-1,950.000,-1,-1,-1,2,0,2,0,1,0,0,0,1,2,2,2,2,0,2,2,2
120,1139.690,-1042.162,-427.539,-150.751,-0.868135,0.488528,0.087649,-0.488023,-0.872363,0.028567,0.090418,-0.017974,0.995742,0,0.84168,0.18615,50.501,0.372,-1,425.000,-1,425.000,-1,325.000,325.000,300.000,200.000,-1,-1,-1,-1,900.000,-1,-1,-1,2,0,2,0,2,0,0,0,1,2,2,2,2,0,2,2,2
121,1096.093,-1066.933,-423.343,-150.396,-0.865290,0.493918,0.085547,-0.493516,-0.869309,0.027273,0.087837,-0.018619,0.995961,0,0.83572,0.17751,50.143,0.355,-1,400.000,-1,425.000,-1,325.000,325.000,300.000,175.000,-1,-1,-1,-1,900.000,1000.000,-1,-1,2,0,2,0,2,0,0,0,1,2,2,2,2,0,0,2,2
122,1052.987,-1091.775,-419.208,-150.046,-0.862444,0.499213,0.083525,-0.498920,-0.866263,0.025842,0.085255,-0.019385,0.996171,0,0.82921,0.17504,49.753,0.350,-1,400.000,-1,400.000,-1,325.000,325.000,300.000,150.000,-1,-1,-1,-1,900.000,1000.000,-1,-1,2,0,2,0,2,0,0,0,1,2,2,2,2,0,0,2,2
123,1010.394,-1116.664,-415.114,-149.700,-0.859590,0.504426,0.081601,-0.504241,-0.863219,0.024383,0.082739,-0.020187,0.996367,0,0.82220,0.17297,49.332,0.346,-1,400.000,-1,400.000,-1,325.000,325.000,300.000,150.000,-1,-1,-1,-1,900.000,1000.000,-1,-1,2,0,2,0,2,0,0,0,1,2,2,2,2,0,0,2,2
124,968.335,-1141.581,-411.065,-149.357,-0.856723,0.509571,0.079775,-0.509490,-0.860172,0.022900,0.080289,-0.021025,0.996550,0,0.81477,0.17133,48.886,0.343,-1,400.000,-1,425.000,-1,325.000,325.000,300.000,150.000,-1,-1,-1,-1,900.000,1000.000,-1,-1,2,0,2,0,2,0,0,0,1,2,2,2,2,0,0,2,2
125,926.823,-1166.508,-407.062,-149.017,-0.853835,0.514660,0.078046,-0.514681,-0.857115,0.021396,0.077907,-0.021900,0.996720,0,0.80703,0.17011,48.422,0.340,-1,400.000,-1,425.000,-1,325.000,325.000,300.000,150.000,-1,-1,-1,-1,900.000,-1,-1,-1,2,0,2,0,2,0,0,0,1,2,2,2,2,0,2,2,2
126,885.865,-1191.432,-403.106,-148.678,-0.850921,0.519706,0.076415,-0.519826,-0.854041,0.019873,0.075590,-0.022812,0.996878,0,0.79909,0.16931,47.945,0.339,-1,400.000,-1,425.000,-1,325.000,325.000,300.000,150.000,-1,-1,-1,-1,900.000,-1,-1,-1,2,0,2,0,2,0,0,0,1,2,2,2,2,0,2,2,2
127,845.466,-1216.344,-399.197,-148.341,-0.847975,0.524721,0.074880,-0.524938,-0.850943,0.018334,0.073339,-0.023761,0.997024,0,0.79106,0.16892,47.463,0.338,-1,400.000,-1,425.000,-1,325.000,325.000,300.000,175.000,-1,-1,-1,-1,900.000,-1,-1,-1,2,0,2,0,2,0,0,0,1,2,2,2,2,0,2,2,2
128,805.623,-1241.239,-393.739,-148.003,-0.845118,0.529629,0.072584,-0.530438,-0.847674,0.009236,0.066419,-0.030696,0.997320,0,0.78304,0.16893,46.983,0.338,-1,400.000,-1,425.000,-1,325.000,325.000,300.000,175.000,-1,-1,-1,-1,850.000,-1,-1,-1,2,0,2,0,2,0,0,0,1,2,2,2,2,0,2,2,2
129,766.327,-1266.118,-389.041,-147.664,-0.842180,0.534539,0.070716,-0.535733,-0.844384,0.002433,0.061012,-0.035836,0.997493,0,0.77516,0.16934,46.510,0.339,-1,375.000,-1,425.000,-1,325.000,325.000,300.000,200.000,-1,-1,-1,-1,825.000,-1,-1,-1,2,0,2,0,2,0,0,0,1,2,2,2,2,0,2,2,2
130,727.566,-1290.980,-385.350,-147.324,-0.839139,0.539511,0.069089,-0.540813,-0.841143,-0.000158,0.058029,-0.037497,0.997610,0,0.76750,0.17013,46.050,0.340,-1,375.000,-1,425.000,-1,325.000,325.000,300.000,225.000,-1,-1,-1,-1,825.000,-1,-1,-1,2,0,2,0,2,0,0,0,1,2,2,2,2,0,2,2,2
131,689.324,-1315.832,-382.959,-146.981,-0.836086,0.544588,0.066221,-0.545681,-0.837991,0.001857,0.056504,-0.034583,0.997803,0,0.76015,0.17128,45.609,0.343,-1,400.000,-1,425.000,-1,325.000,325.000,300.000,250.000,-1,-1,-1,-1,825.000,-1,-1,-1,2,0,2,0,2,0,0,0,1,2,2,2,2,0,2,2,2
132,651.580,-1340.684,-381.462,-146.636,-0.832901,0.549736,0.063770,-0.550423,-0.834849,0.007814,0.057534,-0.028592,0.997934,0,0.75318,0.17277,45.191,0.346,-1,400.000,-1,425.000,-1,325.000,325.000,300.000,250.000,-1,-1,-1,300.000,850.000,-1,-1,-1,2,0,2,0,2,0,0,0,1,2,2,2,1,0,2,2,2
133,609.877,-1368.253,-380.509,-146.530,-0.831988,0.551397,0.061289,-0.551446,-0.834024,0.017653,0.060850,-0.019111,0.997964,0,0.83318,0.05277,49.991,0.106,-1,425.000,-1,425.000,-1,325.000,325.000,325.000,275.000,-1,-1,-1,250.000,925.000,-1,-1,-1,2,0,2,0,2,0,0,0,1,2,2,2,1,0,2,2,2
134,564.102,-1398.362,-377.334,-146.665,-0.833515,0.549464,0.057812,-0.549405,-0.835355,0.018346,0.058374,-0.016471,0.998159,0,0.91318,-0.06723,54.791,-0.134,-1,425.000,-1,425.000,-1,325.000,325.000,325.000,300.000,-1,-1,-1,250.000,950.000,-1,-1,-1,2,0,2,0,2,0,0,0,1,2,2,2,1,0,2,2,2
