timestep,x_cm,y_cm,z_cm,yaw_deg,basis_xx,basis_xy,basis_xz,basis_yx,basis_yy,basis_yz,basis_zx,basis_zy,basis_zz,teleport_flag,throttle_cmd,steering_cmd,cmd_move_cm,cmd_turn_deg,lidar_cm_0,lidar_cm_1,lidar_cm_2,lidar_cm_3,lidar_cm_4,lidar_cm_5,lidar_cm_6,lidar_cm_7,lidar_cm_8,lidar_cm_9,lidar_cm_10,lidar_cm_11,lidar_cm_12,lidar_cm_13,lidar_cm_14,lidar_cm_15,lidar_cm_16,lidar_class_0,lidar_class_1,lidar_class_2,lidar_class_3,lidar_class_4,lidar_class_5,lidar_class_6,lidar_class_7,lidar_class_8,lidar_class_9,lidar_class_10,lidar_class_11,lidar_class_12,lidar_class_13,lidar_class_14,lidar_class_15,lidar_class_16
0,1635.038,-4263.296,-39.122,176.836,-0.998473,-0.055193,0.002382,0.055220,-0.998388,0.013109,0.001654,0.013221,0.999911,1,0.08000,0.12000,4.800,0.240,-1,400.000,-1,400.000,-1,325.000,325.000,300.000,300.000,-1,-1,-1,950.000,725.000,750.000,-1,-1,2,0,2,0,2,0,0,0,0,2,2,2,1,0,0,2,2
1,1625.448,-4262.846,-39.104,177.316,-0.998900,-0.046827,0.002437,0.046855,-0.998815,0.013129,0.001819,0.013228,0.999911,0,0.16000,0.24000,9.600,0.480,-1,400.000,-1,400.000,-1,325.000,325.000,300.000,300.000,-1,-1,-1,925.000,725.000,750.000,-1,-1,2,0,2,0,2,0,0,0,0,2,2,2,1,0,0,2,2
2,1611.057,-4262.338,-39.075,177.979,-0.999375,-0.035260,0.002520,0.035290,-0.999290,0.013162,0.002054,0.013243,0.999910,0,0.24000,0.33168,14.400,0.663,-1,400.000,-1,400.000,-1,325.000,325.000,300.000,300.000,-1,-1,-1,925.000,725.000,750.000,-1,-1,2,0,2,0,2,0,0,0,0,2,2,2,1,0,0,2,2
3,1591.863,-4261.884,-39.036,178.644,-0.999717,-0.023654,0.002632,0.023687,-0.999632,0.013210,0.002319,0.013269,0.999909,0,0.32000,0.33267,19.200,0.665,-1,400.000,-1,400.000,-1,325.000,325.000,300.000,300.000,-1,-1,-1,900.000,725.000,725.000,-1,-1,2,0,2,0,2,0,0,0,0,2,2,2,1,0,0,2,2
4,1567.864,-4261.596,-38.984,179.313,-0.999924,-0.011996,0.002773,0.012032,-0.999839,0.013277,0.002613,0.013309,0.999908,0,0.40000,0.33406,24.000,0.668,-1,400.000,-1,400.000,-1,325.000,325.000,300.000,300.000,-1,-1,-1,875.000,725.000,725.000,-1,-1,2,0,2,0,2,0,0,0,0,2,2,2,1,0,0,2,2
5,1539.064,-4261.588,-38.917,179.984,-0.999996,-0.000273,0.002942,0.000312,-0.999911,0.013365,0.002938,0.013366,0.999906,0,0.48000,0.33588,28.800,0.672,-1,400.000,-1,400.000,-1,325.000,325.000,300.000,300.000,-1,-1,-1,850.000,725.000,725.000,-1,-1,2,0,2,0,2,0,0,0,0,2,2,2,1,0,0,2,2
6,1505.467,-4261.976,-38.835,180.661,-0.999929,0.011530,0.003140,-0.011487,-0.999843,0.013481,0.003295,0.013444,0.999904,0,0.56000,0.33817,33.600,0.676,-1,400.000,-1,400.000,-1,325.000,325.000,300.000,300.000,-1,-1,-1,850.000,725.000,725.000,-1,-1,2,0,2,0,2,0,0,0,0,2,2,2,1,0,0,2,2
7,1467.077,-4262.876,-38.736,181.343,-0.999720,0.023430,0.003366,-0.023382,-0.999634,0.013628,0.003684,0.013545,0.999901,0,0.64000,0.34099,38.400,0.682,-1,400.000,-1,400.000,-1,325.000,325.000,300.000,300.000,-1,-1,-1,825.000,725.000,725.000,-1,-1,2,0,2,0,2,0,0,0,0,2,2,2,1,0,0,2,2
8,1423.904,-4264.407,-38.618,182.031,-0.999365,0.035445,0.003620,-0.035391,-0.999278,0.013811,0.004107,0.013674,0.999898,0,0.72000,0.34437,43.200,0.689,-1,400.000,-1,400.000,-1,325.000,325.000,300.000,300.000,-1,-1,-1,825.000,725.000,725.000,-1,-1,2,0,2,0,2,0,0,0,0,2,2,2,1,0,0,2,2
9,1376.829,-4266.650,-38.483,182.728,-0.998859,0.047593,0.003895,-0.047534,-0.998771,0.014033,0.004558,0.013832,0.999894,0,0.78548,0.34837,47.129,0.697,-1,375.000,-1,400.000,-1,325.000,325.000,300.000,300.000,-1,-1,-1,850.000,725.000,725.000,-1,-1,2,0,2,0,2,0,0,0,0,2,2,2,1,0,0,2,2
10,1329.789,-4269.473,-38.334,183.434,-0.998196,0.059895,0.004151,-0.059830,-0.998107,0.014258,0.004997,0.013984,0.999890,0,0.78540,0.35296,47.124,0.706,-1,375.000,-1,400.000,-1,325.000,325.000,300.000,300.000,-1,-1,-1,850.000,725.000,725.000,-1,-1,2,0,2,0,2,0,0,0,0,2,2,2,1,0,1,2,2
11,1282.768,-4272.884,-38.013,184.150,-0.997369,0.072354,0.004537,-0.072284,-0.997284,0.014112,0.005546,0.013747,0.999890,0,0.78576,0.35775,47.145,0.716,-1,375.000,-1,400.000,975.000,325.000,325.000,300.000,300.000,-1,-1,-1,875.000,725.000,725.000,-1,1000.000,2,0,2,0,1,0,0,0,0,2,2,2,1,0,1,2,1
12,1235.746,-4276.895,-37.579,184.875,-0.996370,0.084976,0.005095,-0.084896,-0.996287,0.014325,0.006294,0.013840,0.999884,0,0.78653,0.36275,47.192,0.726,-1,375.000,-1,400.000,925.000,325.000,325.000,300.000,300.000,-1,-1,-1,875.000,725.000,700.000,-1,975.000,2,0,2,0,1,0,0,0,0,2,2,2,1,0,1,2,1
13,1184.024,-4282.186,-37.091,185.841,-0.994793,0.101752,0.005701,-0.101660,-0.994712,0.014594,0.007156,0.013938,0.999877,0,0.86653,0.48275,51.992,0.966,-1,375.000,-1,400.000,900.000,325.000,325.000,300.000,300.000,-1,-1,-1,900.000,725.000,700.000,-1,950.000,2,0,2,0,1,0,0,0,0,2,2,2,1,0,1,2,1
14,1127.661,-4289.153,-36.543,187.046,-0.992429,0.122656,0.006349,-0.122551,-0.992350,0.014940,0.008133,0.014048,0.999868,0,0.94653,0.60275,56.792,1.206,-1,375.000,-1,400.000,850.000,325.000,325.000,300.000,300.000,-1,-1,-1,950.000,725.000,675.000,-1,925.000,2,0,2,0,1,0,0,0,0,2,2,2,1,0,1,2,1
15,1068.319,-4298.013,-35.946,188.492,-0.989015,0.147650,0.007010,-0.147530,-0.988938,0.015373,0.009203,0.014170,0.999857,0,1.00000,0.72275,60.000,1.446,-1,375.000,-1,400.000,800.000,325.000,325.000,300.000,300.000,-1,-1,-1,1000.000,725.000,675.000,-1,900.000,2,0,2,0,1,0,0,0,0,2,2,2,1,0,1,2,1
16,1009.263,-4308.614,-35.331,190.177,-0.984240,0.176674,0.007638,-0.176538,-0.984166,0.015885,0.010324,0.014286,0.999845,0,1.00000,0.84275,60.000,1.686,-1,375.000,-1,400.000,750.000,325.000,325.000,300.000,300.000,-1,-1,-1,-1,725.000,675.000,-1,925.000,2,0,2,1,1,0,0,0,0,2,2,2,2,0,1,2,1
17,950.545,-4320.951,-34.694,191.865,-0.978604,0.205586,0.008231,-0.205432,-0.978533,0.016481,0.011443,0.014437,0.999830,0,1.00000,0.84395,60.000,1.688,-1,375.000,-1,400.000,725.000,325.000,325.000,300.000,300.000,-1,-1,-1,-1,725.000,700.000,-1,975.000,2,0,2,1,1,0,0,0,0,2,2,2,2,0,1,2,1
18,892.211,-4334.992,-34.037,193.534,-0.972197,0.233999,0.008784,-0.233827,-0.972127,0.017157,0.012554,0.014626,0.999814,0,1.00000,0.83454,60.000,1.669,-1,375.000,-1,400.000,700.000,325.000,325.000,300.000,300.000,-1,-1,-1,-1,725.000,725.000,-1,-1,2,0,2,0,1,0,0,0,0,2,2,2,2,0,1,2,2
19,834.305,-4350.707,-33.359,195.183,-0.965057,0.261875,0.009291,-0.261683,-0.964988,0.017910,0.013656,0.014853,0.999796,0,1.00000,0.82446,60.000,1.649,-1,375.000,-1,375.000,700.000,325.000,325.000,300.000,300.000,-1,-1,-1,-1,725.000,725.000,-1,-1,2,0,2,0,1,0,0,0,0,2,2,2,2,0,0,2,2
20,776.869,-4368.059,-32.661,196.811,-0.957227,0.289175,0.009748,-0.288963,-0.957157,0.018737,0.014749,0.015118,0.999777,0,1.00000,0.81374,60.000,1.627,-1,375.000,-1,375.000,725.000,325.000,325.000,300.000,300.000,-1,-1,-1,-1,725.000,725.000,-1,-1,2,0,2,0,1,0,0,0,0,2,2,2,2,0,0,2,2
21,719.942,-4387.013,-31.863,198.415,-0.948750,0.315868,0.010022,-0.315642,-0.948683,0.019281,0.015597,0.015129,0.999764,0,1.00000,0.80243,60.000,1.605,-1,375.000,-1,375.000,750.000,325.000,325.000,300.000,300.000,-1,-1,-1,-1,725.000,725.000,-1,-1,2,0,2,0,1,0,0,0,0,2,2,2,2,0,0,2,2
22,663.559,-4407.531,-30.723,199.997,-0.939658,0.341931,0.011236,-0.341691,-0.939621,0.018962,0.017041,0.013979,0.999757,0,1.00000,0.79060,60.000,1.581,-1,375.000,-1,375.000,850.000,325.000,325.000,300.000,300.000,-1,-1,1000.000,-1,725.000,725.000,-1,-1,2,0,2,0,1,0,0,0,0,2,2,0,2,0,0,2,2
23,607.755,-4429.573,-29.529,201.553,-0.930003,0.367336,0.012600,-0.367083,-0.930001,0.018667,0.018575,0.012735,0.999746,0,1.00000,0.77833,60.000,1.557,-1,375.000,-1,375.000,-1,325.000,325.000,300.000,300.000,-1,1000.000,950.000,-1,725.000,725.000,-1,-1,2,0,2,0,2,0,0,0,0,2,0,0,2,0,0,2,2
24,552.559,-4453.098,-28.269,203.085,-0.919836,0.392065,0.013663,-0.391799,-0.919862,0.018646,0.019879,0.011798,0.999733,0,1.00000,0.76573,60.000,1.531,-1,375.000,-1,375.000,-1,325.000,325.000,300.000,300.000,-1,975.000,925.000,-1,725.000,725.000,-1,-1,2,0,2,0,2,0,0,0,1,2,0,0,2,0,0,2,2
25,498.001,-4478.066,-26.947,204.591,-0.909200,0.416106,0.014519,-0.415826,-0.909248,0.018914,0.021072,0.011159,0.999716,0,1.00000,0.75294,60.000,1.506,-1,400.000,-1,375.000,-1,325.000,325.000,300.000,275.000,-1,975.000,925.000,-1,725.000,725.000,-1,-1,2,0,2,0,2,0,0,0,1,2,0,0,2,0,0,2,2
26,444.108,-4504.440,-25.583,206.076,-0.898094,0.439535,0.015347,-0.439235,-0.898161,0.019467,0.022340,0.010742,0.999693,0,1.00000,0.74262,60.000,1.485,-1,375.000,-1,375.000,-1,325.000,325.000,300.000,275.000,-1,950.000,900.000,-1,725.000,750.000,-1,-1,2,0,2,0,2,0,0,0,1,2,0,0,2,0,0,2,2
27,390.914,-4532.196,-24.211,207.556,-0.886428,0.462586,0.016091,-0.462265,-0.886513,0.020132,0.023578,0.010407,0.999668,0,1.00000,0.73994,60.000,1.480,-1,375.000,-1,400.000,-1,325.000,325.000,300.000,275.000,-1,925.000,875.000,-1,725.000,750.000,-1,-1,2,0,2,0,2,0,0,0,1,2,0,0,2,0,0,2,2
28,338.798,-4561.122,-22.700,209.032,-0.874204,0.485265,0.016861,-0.484902,-0.874301,0.021624,0.025235,0.010728,0.999624,0,0.99341,0.73797,59.605,1.476,-1,400.000,-1,400.000,-1,325.000,325.000,300.000,275.000,-1,900.000,825.000,-1,725.000,750.000,-1,-1,2,0,2,0,2,0,0,0,1,2,0,0,2,0,0,2,2
29,287.967,-4591.071,-21.206,210.505,-0.861425,0.507584,0.017482,-0.507177,-0.861531,0.023167,0.026820,0.011090,0.999579,0,0.98330,0.73673,58.998,1.473,-1,400.000,-1,400.000,-1,325.000,325.000,300.000,275.000,-1,850.000,800.000,-1,750.000,775.000,-1,-1,2,0,2,0,2,0,0,0,1,2,0,0,2,0,0,2,2
30,238.449,-4621.986,-19.729,211.978,-0.848087,0.529553,0.017952,-0.529099,-0.848199,0.024748,0.028333,0.011490,0.999533,0,0.97294,0.73623,58.376,1.472,-1,400.000,-1,400.000,-1,325.000,325.000,300.000,275.000,-1,825.000,775.000,-1,750.000,775.000,-1,-1,2,0,2,0,2,0,0,0,1,2,0,0,2,0,0,2,2
31,190.261,-4653.822,-18.214,213.451,-0.834188,0.551179,0.018247,-0.550685,-0.834305,0.026095,0.029606,0.011720,0.999493,0,0.96258,0.73645,57.755,1.473,-1,400.000,-1,400.000,-1,325.000,325.000,300.000,300.000,-1,825.000,775.000,-1,750.000,800.000,-1,-1,2,0,2,0,2,0,0,0,1,2,0,0,2,0,0,2,2
32,143.404,-4686.540,-16.483,214.925,-0.819719,0.572472,0.018331,-0.571973,-0.819849,0.026358,0.030118,0.011122,0.999484,0,0.95248,0.73738,57.149,1.475,-1,400.000,-1,400.000,-1,325.000,325.000,300.000,300.000,-1,850.000,825.000,-1,750.000,800.000,-1,-1,2,0,2,0,2,0,0,0,0,2,0,0,2,0,0,2,2
33,97.872,-4720.113,-14.782,216.403,-0.804676,0.593431,0.018336,-0.592925,-0.804815,0.026680,0.030590,0.010597,0.999476,0,0.94286,0.73897,56.572,1.478,-1,400.000,-1,400.000,-1,325.000,325.000,300.000,300.000,-1,900.000,850.000,-1,750.000,800.000,-1,-1,2,0,2,0,2,0,0,0,0,2,0,0,2,0,0,2,2
34,53.647,-4754.524,-13.124,217.886,-0.789053,0.614055,0.018193,-0.613543,-0.789197,0.027072,0.030981,0.010199,0.999468,0,0.93393,0.74121,56.036,1.482,-1,400.000,-1,400.000,950.000,325.000,325.000,300.000,300.000,-1,925.000,875.000,-1,750.000,800.000,-1,-1,2,0,2,0,1,0,0,0,0,2,0,0,2,0,1,2,2
35,10.706,-4789.763,-11.514,219.374,-0.772844,0.634344,0.017874,-0.633825,-0.772987,0.027528,0.031279,0.009946,0.999461,0,0.92582,0.74404,55.549,1.488,-1,400.000,-1,400.000,900.000,325.000,325.000,300.000,300.000,-1,975.000,900.000,-1,750.000,775.000,-1,1000.000,2,0,2,0,1,0,0,0,0,2,0,0,2,0,1,2,1
36,-30.976,-4825.829,-9.945,220.869,-0.756039,0.654294,0.017412,-0.653767,-0.756176,0.028031,0.031507,0.009809,0.999455,0,0.91866,0.74743,55.119,1.495,-1,400.000,-1,400.000,850.000,325.000,325.000,300.000,300.000,-1,1000.000,925.000,-1,750.000,750.000,-1,975.000,2,0,2,0,1,0,0,0,0,2,0,0,2,0,1,2,1
37,-71.426,-4862.727,-8.413,222.371,-0.738632,0.673899,0.016806,-0.673364,-0.738758,0.028572,0.031670,0.009788,0.999450,0,0.91251,0.75134,54.750,1.503,-1,400.000,-1,400.000,825.000,325.000,325.000,300.000,300.000,-1,-1,950.000,850.000,750.000,750.000,-1,950.000,2,0,2,0,1,0,0,0,0,2,2,0,1,0,1,2,1
38,-110.667,-4900.467,-6.724,223.883,-0.720596,0.693154,0.016704,-0.692608,-0.720729,0.029054,0.032178,0.009367,0.999438,0,0.90741,0.75573,54.445,1.511,-1,400.000,-1,400.000,800.000,325.000,325.000,300.000,300.000,-1,-1,975.000,775.000,750.000,725.000,-1,925.000,2,0,2,0,1,0,0,0,0,2,2,0,1,0,1,2,1
39,-148.723,-4939.063,-4.935,225.404,-0.701929,0.712046,0.016905,-0.711486,-0.702079,0.029544,0.032905,0.008710,0.999421,0,0.90338,0.76056,54.203,1.521,-1,400.000,-1,400.000,775.000,325.000,325.000,300.000,300.000,-1,-1,975.000,750.000,750.000,725.000,-1,900.000,2,0,2,0,1,0,0,0,0,2,2,0,1,0,1,2,1
40,-184.839,-4977.368,-3.180,226.685,-0.685832,0.727567,0.016780,-0.726993,-0.685985,0.030097,0.033409,0.008443,0.999406,0,0.87744,0.64056,52.646,1.281,-1,400.000,-1,400.000,750.000,325.000,325.000,300.000,300.000,-1,-1,1000.000,725.000,750.000,700.000,-1,900.000,2,0,2,0,1,0,0,0,0,2,2,0,1,0,1,2,1
41,-220.187,-5016.250,-1.358,227.726,-0.672515,0.739909,0.016064,-0.739323,-0.672650,0.030719,0.033535,0.008782,0.999399,0,0.87579,0.52056,52.548,1.041,-1,400.000,-1,400.000,725.000,325.000,325.000,300.000,300.000,-1,-1,-1,750.000,750.000,700.000,-1,875.000,2,0,2,0,1,0,0,0,0,2,2,2,1,0,1,2,1
42,-254.968,-5055.601,0.437,228.527,-0.662125,0.749238,0.015259,-0.748640,-0.662236,0.031350,0.033594,0.009334,0.999392,0,0.87531,0.40056,52.519,0.801,-1,400.000,-1,400.000,700.000,325.000,325.000,300.000,300.000,-1,-1,-1,750.000,750.000,675.000,-1,850.000,2,0,2,0,1,0,0,0,0,2,2,2,1,0,1,2,1
43,-292.506,-5098.918,2.362,229.088,-0.654784,0.755681,0.014292,-0.755070,-0.654861,0.032049,0.033578,0.010193,0.999384,0,0.95531,0.28056,57.319,0.561,-1,400.000,-1,400.000,650.000,325.000,325.000,300.000,300.000,-1,-1,-1,775.000,775.000,675.000,-1,825.000,2,0,2,0,1,0,0,0,0,2,2,2,1,0,1,2,1
44,-331.544,-5144.481,4.319,229.409,-0.650570,0.759331,0.013228,-0.758710,-0.650608,0.032692,0.033431,0.011232,0.999378,0,1.00000,0.16056,60.000,0.321,-1,400.000,-1,400.000,625.000,325.000,325.000,300.000,300.000,-1,-1,-1,800.000,775.000,650.000,-1,800.000,2,0,2,0,1,0,0,0,0,2,2,2,1,0,1,2,1
45,-370.518,-5190.099,6.209,229.491,-0.649529,0.760240,0.012113,-0.759611,-0.649523,0.033344,0.033218,0.012456,0.999371,0,1.00000,0.04056,60.000,0.081,-1,400.000,-1,400.000,575.000,325.000,325.000,300.000,300.000,-1,-1,-1,825.000,775.000,650.000,-1,775.000,2,0,2,0,1,0,0,0,0,2,2,2,1,0,1,2,1
46,-409.619,-5235.609,8.036,229.332,-0.651672,0.758422,0.010947,-0.757783,-0.651615,0.034095,0.032991,0.013923,0.999359,0,1.00000,-0.07944,60.000,-0.159,-1,400.000,-1,400.000,550.000,325.000,325.000,300.000,300.000,-1,-1,-1,875.000,775.000,625.000,-1,750.000,2,0,2,1,1,0,0,0,0,2,2,2,1,0,1,2,1
47,-449.035,-5280.846,9.795,228.933,-0.656975,0.753849,0.009765,-0.753204,-0.656864,0.034846,0.032683,0.015538,0.999345,0,1.00000,-0.19944,60.000,-0.399,-1,400.000,-1,375.000,500.000,325.000,325.000,300.000,300.000,-1,-1,-1,900.000,800.000,625.000,-1,700.000,2,0,2,1,1,0,0,0,0,2,2,2,1,0,1,2,1
48,-488.953,-5325.640,11.507,228.294,-0.665377,0.746458,0.008606,-0.745812,-0.665211,0.035484,0.032212,0.017191,0.999333,0,1.00000,-0.31944,60.000,-0.639,-1,400.000,-1,375.000,450.000,325.000,325.000,300.000,300.000,-1,-1,-1,925.000,800.000,600.000,-1,650.000,2,0,2,1,1,0,0,0,0,2,2,2,1,0,1,2,1
49,-529.554,-5369.817,13.376,227.415,-0.676770,0.736155,0.007633,-0.735543,-0.676571,0.035045,0.030962,0.018103,0.999357,0,1.00000,-0.43944,60.000,-0.879,-1,400.000,-1,350.000,400.000,325.000,325.000,300.000,300.000,-1,-1,-1,975.000,800.000,600.000,-1,575.000,2,0,2,1,1,0,1,0,0,2,2,2,1,0,1,2,1
50,-571.010,-5413.192,15.168,226.296,-0.691036,0.722790,0.006653,-0.722215,-0.690804,0.034584,0.029593,0.019093,0.999380,0,1.00000,-0.55944,60.000,-1.119,-1,400.000,-1,350.000,375.000,325.000,300.000,300.000,300.000,-1,-1,-1,-1,800.000,575.000,-1,500.000,2,0,2,1,1,0,1,0,0,2,2,2,2,0,1,2,1
51,-613.484,-5455.572,18.495,224.937,-0.707824,0.706263,0.013339,-0.705622,-0.707809,0.033233,0.032912,0.014111,0.999359,0,1.00000,-0.67944,60.000,-1.359,-1,400.000,-1,350.000,350.000,325.000,300.000,300.000,300.000,-1,-1,-1,-1,850.000,600.000,-1,550.000,2,0,2,1,1,1,1,0,1,2,2,2,2,0,1,2,1
52,-657.124,-5496.749,22.281,223.338,-0.726979,0.686290,0.022542,-0.685623,-0.727293,0.031071,0.037718,0.007133,0.999263,0,1.00000,-0.79944,60.000,-1.599,-1,425.000,-1,350.000,375.000,350.000,325.000,275.000,300.000,-1,-1,-1,-1,900.000,650.000,-1,-1,2,1,2,1,1,1,1,0,1,2,2,2,2,0,1,2,2
53,-702.062,-5536.506,25.962,221.500,-0.748294,0.662615,0.031576,-0.662014,-0.748960,0.028219,0.042347,0.000212,0.999103,0,1.00000,-0.91944,60.000,-1.839,-1,450.000,-1,350.000,375.000,350.000,325.000,275.000,300.000,-1,-1,-1,-1,950.000,700.000,-1,-1,2,1,2,1,1,1,1,0,1,2,2,2,2,0,1,2,2
54,-748.361,-5574.670,29.412,219.500,-0.770612,0.636061,0.039798,-0.635610,-0.771614,0.024743,0.046447,-0.006229,0.998901,0,1.00000,-1.00000,60.000,-2.000,-1,450.000,-1,375.000,400.000,350.000,325.000,275.000,300.000,-1,775.000,875.000,-1,1000.000,825.000,-1,-1,2,1,2,1,1,1,1,0,1,2,0,0,2,0,1,2,2
55,-795.963,-5611.195,32.581,217.500,-0.791982,0.608710,0.047300,-0.608481,-0.793297,0.020751,0.050154,-0.012347,0.998665,0,1.00000,-1.00000,60.000,-2.000,-1,475.000,-1,375.000,400.000,375.000,325.000,275.000,275.000,-1,425.000,750.000,-1,-1,975.000,-1,-1,2,0,2,1,1,1,1,0,1,2,0,0,2,2,1,2,2
56,-844.810,-5646.038,35.537,215.500,-0.812383,0.580601,0.054187,-0.580659,-0.813984,0.016279,0.053558,-0.018240,0.998398,0,1.00000,-1.00000,60.000,-2.000,-1,500.000,-1,375.000,425.000,375.000,350.000,275.000,275.000,-1,300.000,550.000,-1,-1,-1,-1,-1,2,0,2,1,1,1,1,0,1,2,0,0,2,2,2,2,2
57,-894.844,-5679.154,38.525,213.500,-0.831781,0.551785,0.060606,-0.552122,-0.833669,0.012560,0.057456,-0.023014,0.998083,0,1.00000,-1.00000,60.000,-2.000,-1,525.000,-1,400.000,-1,400.000,350.000,275.000,275.000,-1,225.000,450.000,-1,-1,-1,-1,-1,2,0,2,1,2,1,1,0,1,2,0,0,2,2,2,2,2
58,-946.003,-5710.504,41.368,211.500,-0.850159,0.522295,0.066614,-0.522949,-0.852321,0.008606,0.061271,-0.027519,0.997742,0,1.00000,-1.00000,60.000,-2.000,-1,550.000,-1,400.000,-1,400.000,350.000,275.000,275.000,925.000,200.000,375.000,-1,-1,-1,-1,-1,2,0,2,1,2,1,1,0,1,0,0,0,2,2,2,2,2
59,-998.224,-5740.050,43.827,209.500,-0.867520,0.492152,0.072081,-0.493239,-0.869889,0.003092,0.064224,-0.032871,0.997394,0,1.00000,-1.00000,60.000,-2.000,-1,550.000,-1,400.000,-1,425.000,375.000,275.000,250.000,800.000,175.000,350.000,-1,-1,-1,-1,-1,2,0,2,1,2,1,1,0,1,0,0,0,2,2,2,2,2
60,-1051.328,-5767.979,45.875,207.740,-0.881918,0.465102,0.076815,-0.466713,-0.884402,-0.003461,0.066326,-0.038902,0.997039,0,1.00000,-0.88000,60.000,-1.760,-1,575.000,-1,425.000,-1,450.000,375.000,275.000,250.000,700.000,150.000,325.000,-1,-1,-1,-1,-1,2,0,2,1,2,1,1,0,1,0,0,0,2,2,2,2,2
61,-1105.154,-5794.490,47.525,206.220,-0.893691,0.441356,0.080749,-0.443561,-0.896179,-0.010804,0.067597,-0.045472,0.996676,0,1.00000,-0.76000,60.000,-1.520,-1,575.000,-1,450.000,-1,475.000,400.000,250.000,250.000,625.000,125.000,325.000,-1,-1,-1,-1,-1,2,0,2,1,2,1,1,0,1,0,0,0,2,2,2,2,2
62,327.960,-5575.431,13.395,144.066,-0.810018,-0.586297,0.011266,0.586147,-0.808941,0.045223,-0.017400,0.043235,0.998913,1,0.00000,0.00000,60.000,-1.280,-1,400.000,-1,375.000,-1,325.000,325.000,300.000,300.000,-1,-1,-1,-1,750.000,700.000,-1,-1,2,0,2,0,2,0,0,0,0,2,2,2,2,0,0,2,2
63,324.062,-5572.631,13.320,144.306,-0.812464,-0.582903,0.011259,0.582757,-0.811389,0.045189,-0.017205,0.043275,0.998915,0,0.08000,0.12000,4.800,0.240,-1,400.000,-1,375.000,-1,325.000,325.000,300.000,300.000,-1,-1,-1,-1,750.000,700.000,-1,-1,2,0,2,0,2,0,0,0,0,2,2,2,2,0,0,2,2
64,316.218,-5567.095,13.173,144.786,-0.817314,-0.576083,0.011245,0.575947,-0.816241,0.045119,-0.016814,0.043353,0.998918,0,0.16000,0.24000,9.600,0.480,-1,400.000,-1,375.000,-1,325.000,325.000,300.000,300.000,-1,-1,-1,-1,750.000,700.000,-1,-1,2,0,2,0,2,0,0,0,0,2,2,2,2,0,0,2,2
65,304.350,-5558.941,12.961,145.506,-0.824481,-0.565778,0.011227,0.565657,-0.823412,0.045012,-0.016222,0.043463,0.998923,0,0.24000,0.36000,14.400,0.720,-1,400.000,-1,375.000,-1,325.000,325.000,300.000,300.000,-1,-1,-1,-1,750.000,700.000,-1,-1,2,0,2,0,2,0,0,0,0,2,2,2,2,0,0,2,2
66,288.346,-5548.334,12.694,146.466,-0.833835,-0.551899,0.011207,0.551798,-0.832770,0.044865,-0.015428,0.043594,0.998930,0,0.32000,0.48000,19.200,0.960,-1,400.000,-1,375.000,-1,325.000,325.000,300.000,300.000,-1,-1,-1,-1,750.000,700.000,-1,-1,2,0,2,0,2,0,0,0,0,2,2,2,2,0,0,2,2
67,268.113,-5535.427,12.380,147.464,-0.843304,-0.537320,0.011190,0.537239,-0.842246,0.044685,-0.014585,0.043695,0.998938,0,0.40000,0.49860,24.000,0.997,-1,400.000,-1,375.000,-1,325.000,325.000,300.000,300.000,-1,-1,-1,-1,750.000,700.000,-1,-1,2,0,2,0,2,0,0,0,0,2,2,2,2,0,0,2,2
68,243.565,-5520.365,12.029,148.467,-0.852574,-0.522487,0.011180,0.522427,-0.851524,0.044470,-0.013715,0.043755,0.998948,0,0.48000,0.50170,28.800,1.003,-1,400.000,-1,375.000,-1,325.000,325.000,300.000,300.000,-1,-1,-1,-1,750.000,700.000,-1,-1,2,0,2,0,2,0,0,0,0,2,2,2,2,0,0,2,2
69,214.621,-5503.301,11.654,149.478,-0.861652,-0.507377,0.011207,0.507339,-0.860611,0.044225,-0.012794,0.043792,0.998959,0,0.56000,0.50563,33.600,1.011,-1,400.000,-1,375.000,-1,325.000,325.000,300.000,300.000,-1,-1,-1,-1,750.000,700.000,-1,-1,2,0,2,0,2,0,0,0,0,2,2,2,2,0,0,2,2
70,181.200,-5484.391,11.266,150.499,-0.870542,-0.491964,0.011289,0.491952,-0.869513,0.043940,-0.011801,0.043806,0.998970,0,0.64000,0.51038,38.400,1.021,-1,400.000,-1,375.000,-1,325.000,325.000,300.000,300.000,-1,-1,-1,-1,775.000,700.000,-1,-1,2,0,2,0,2,0,0,0,0,2,2,2,2,0,0,2,2
71,143.224,-5463.799,10.831,151.531,-0.879247,-0.476229,0.011441,0.476248,-0.878239,0.043409,-0.010625,0.043616,0.998992,0,0.72000,0.51596,43.200,1.032,-1,400.000,-1,375.000,-1,325.000,325.000,300.000,300.000,-1,-1,-1,-1,775.000,700.000,-1,-1,2,0,2,0,2,0,0,0,0,2,2,2,2,0,0,2,2
72,101.842,-5442.327,10.411,152.576,-0.887770,-0.460141,0.011632,0.460192,-0.886785,0.042843,-0.009399,0.043388,0.999014,0,0.77702,0.52239,46.621,1.045,-1,400.000,-1,375.000,-1,325.000,325.000,300.000,300.000,-1,-1,-1,-1,775.000,700.000,-1,-1,2,0,2,0,2,0,0,0,0,2,2,2,2,0,0,2,2
73,59.504,-5421.341,9.993,153.635,-0.896108,-0.443684,0.011653,0.443759,-0.895152,0.042186,-0.008286,0.042974,0.999042,0,0.78757,0.52941,47.254,1.059,-1,400.000,-1,375.000,-1,325.000,325.000,300.000,300.000,-1,-1,-1,-1,750.000,700.000,1000.000,-1,2,0,2,0,2,0,0,0,0,2,2,2,2,1,0,1,2
74,16.197,-5400.877,9.590,154.708,-0.904246,-0.426854,0.011564,0.426949,-0.903325,0.041455,-0.007249,0.042422,0.999073,0,0.79832,0.53646,47.899,1.073,-1,400.000,-1,375.000,-1,325.000,325.000,300.000,300.000,-1,-1,-1,-1,725.000,700.000,950.000,-1,2,0,2,0,2,0,0,0,0,2,2,2,2,1,0,1,2
75,-28.091,-5380.968,9.235,155.795,-0.912171,-0.409649,0.011507,0.409764,-0.911283,0.040715,-0.006193,0.041854,0.999105,0,0.80929,0.54355,48.557,1.087,1000.000,400.000,-1,375.000,-1,325.000,325.000,300.000,300.000,-1,-1,-1,-1,700.000,700.000,900.000,-1,1,0,2,0,2,0,0,0,0,2,2,2,2,1,0,1,2
76,-73.370,-5361.651,8.932,156.896,-0.919865,-0.392067,0.011461,0.392201,-0.919011,0.039956,-0.005133,0.041250,0.999136,0,0.82046,0.55069,49.227,1.101,950.000,400.000,-1,375.000,-1,325.000,325.000,300.000,300.000,-1,-1,-1,-1,675.000,700.000,875.000,-1,1,0,2,0,2,0,0,0,0,2,2,2,2,1,0,1,2
77,-119.649,-5342.964,8.698,158.012,-0.927316,-0.374107,0.011360,0.374257,-0.926498,0.039151,-0.004122,0.040557,0.999169,0,0.83183,0.55790,49.910,1.116,900.000,400.000,-1,375.000,-1,325.000,325.000,300.000,300.000,-1,-1,-1,-1,650.000,700.000,825.000,-1,1,0,2,0,2,0,0,0,0,2,2,2,2,1,0,1,2
78,-161.730,-5326.715,8.480,158.888,-0.932921,-0.359908,0.011196,0.360066,-0.932126,0.038656,-0.003476,0.040094,0.999190,0,0.75183,0.43790,45.110,0.876,850.000,400.000,-1,375.000,-1,325.000,325.000,300.000,300.000,-1,-1,-1,-1,625.000,700.000,775.000,-1,1,0,2,0,2,0,0,0,0,2,2,2,2,1,0,1,2
79,-199.493,-5312.614,8.320,159.523,-0.936853,-0.349549,0.011051,0.349710,-0.936079,0.038201,-0.003009,0.039653,0.999209,0,0.67183,0.31790,40.310,0.636,825.000,400.000,-1,375.000,-1,325.000,325.000,300.000,300.000,-1,-1,-1,-1,600.000,700.000,750.000,-1,1,0,2,0,2,0,0,0,0,2,2,2,2,1,1,1,2
80,-232.843,-5300.422,8.202,159.919,-0.939243,-0.343079,0.010925,0.343242,-0.938486,0.037795,-0.002714,0.039248,0.999226,0,0.59183,0.19790,35.510,0.396,775.000,400.000,-1,375.000,-1,325.000,325.000,300.000,300.000,-1,-1,-1,-1,575.000,675.000,700.000,-1,1,0,2,0,2,0,0,0,0,2,2,2,2,1,1,1,2
81,-261.715,-5289.956,8.115,160.075,-0.940171,-0.340531,0.010819,0.340693,-0.939429,0.037442,-0.002587,0.038888,0.999240,0,0.51183,0.07790,30.710,0.156,725.000,400.000,-1,375.000,-1,325.000,325.000,300.000,300.000,-1,-1,-1,-1,575.000,650.000,675.000,-1,1,0,2,0,2,0,0,0,0,2,2,2,2,1,1,1,2
82,-286.060,-5281.091,8.050,159.991,-0.939670,-0.341915,0.010733,0.342073,-0.938939,0.037149,-0.002624,0.038580,0.999252,0,0.43183,-0.04210,25.910,-0.084,700.000,400.000,-1,375.000,1000.000,325.000,325.000,300.000,300.000,-1,-1,-1,-1,550.000,650.000,650.000,-1,1,1,2,0,1,0,0,0,0,2,2,2,2,1,1,1,2
83,-305.854,-5273.755,8.001,159.667,-0.937721,-0.347225,0.010668,0.347378,-0.936998,0.036919,-0.002823,0.038326,0.999261,0,0.35183,-0.16210,21.110,-0.324,675.000,400.000,-1,375.000,1000.000,325.000,325.000,300.000,300.000,-1,-1,-1,-1,550.000,625.000,625.000,-1,1,1,2,0,1,0,0,0,0,2,2,2,2,1,1,1,2
84,-321.091,-5267.938,7.965,159.103,-0.934259,-0.356438,0.010622,0.356582,-0.933541,0.036754,-0.003184,0.038125,0.999268,0,0.27183,-0.28210,16.310,-0.564,650.000,375.000,-1,375.000,975.000,325.000,325.000,300.000,300.000,-1,-1,-1,-1,525.000,625.000,600.000,-1,1,1,2,0,1,0,0,0,0,2,2,2,2,1,1,1,2
85,-331.791,-5263.696,7.960,158.374,-0.929651,-0.368288,0.010620,0.368423,-0.928939,0.036566,-0.003601,0.037906,0.999275,0,0.19183,-0.36444,11.510,-0.729,625.000,375.000,-1,375.000,950.000,325.000,325.000,300.000,300.000,-1,-1,-1,-1,525.000,625.000,600.000,-1,1,1,2,0,1,0,0,0,0,2,2,2,2,1,1,1,2
86,-337.996,-5261.145,7.977,157.659,-0.924988,-0.379847,0.010645,0.379975,-0.924281,0.036385,-0.003982,0.037700,0.999281,0,0.11183,-0.35727,6.710,-0.715,625.000,375.000,-1,375.000,950.000,325.000,325.000,300.000,300.000,-1,-1,-1,-1,525.000,625.000,575.000,-1,1,1,2,0,1,0,0,0,0,2,2,2,2,1,1,1,2
87,-343.744,-5258.700,7.993,156.956,-0.920260,-0.391162,0.010669,0.391283,-0.919558,0.036214,-0.004355,0.037501,0.999287,0,0.10409,-0.35151,6.245,-0.703,600.000,375.000,-1,375.000,925.000,325.000,325.000,300.000,300.000,-1,-1,-1,-1,525.000,625.000,575.000,-1,1,1,2,0,1,0,0,0,0,2,2,2,2,1,1,1,2
88,-349.400,-5256.213,8.005,156.264,-0.915472,-0.402239,0.010692,0.402353,-0.914775,0.036045,-0.004718,0.037300,0.999293,0,0.10298,-0.34590,6.179,-0.692,600.000,375.000,-1,375.000,925.000,325.000,325.000,300.000,300.000,-1,-1,-1,-1,525.000,625.000,575.000,-1,1,1,2,0,1,0,0,0,0,2,2,2,2,1,1,1,2
89,-354.961,-5253.688,8.015,155.584,-0.910632,-0.413080,0.010714,0.413187,-0.909939,0.035877,-0.005071,0.037098,0.999299,0,0.10179,-0.34030,6.107,-0.681,575.000,375.000,-1,375.000,900.000,325.000,325.000,300.000,300.000,-1,-1,-1,-1,525.000,625.000,550.000,-1,1,1,2,0,1,0,0,0,0,2,2,2,2,1,1,1,2
90,-360.423,-5251.131,8.023,154.914,-0.905745,-0.423686,0.010736,0.423788,-0.905057,0.035712,-0.005414,0.036896,0.999304,0,0.10053,-0.33473,6.032,-0.669,575.000,375.000,-1,375.000,900.000,325.000,325.000,300.000,300.000,-1,-1,-1,-1,500.000,625.000,550.000,-1,1,1,2,0,1,0,0,0,0,2,2,2,2,1,1,1,2
91,-365.784,-5248.546,8.029,154.256,-0.900819,-0.434061,0.010757,0.434156,-0.900136,0.035548,-0.005747,0.036693,0.999310,0,0.09920,-0.32918,5.952,-0.658,550.000,375.000,-1,375.000,875.000,325.000,325.000,300.000,300.000,-1,-1,-1,-1,500.000,625.000,550.000,-1,1,1,2,0,1,0,0,0,0,2,2,2,2,1,1,1,2
92,-371.041,-5245.937,8.032,153.608,-0.895860,-0.444206,0.010777,0.444296,-0.895181,0.035386,-0.006071,0.036489,0.999316,0,0.09780,-0.32368,5.868,-0.647,550.000,375.000,-1,375.000,875.000,325.000,325.000,300.000,300.000,-1,-1,-1,-1,500.000,625.000,525.000,-1,1,1,2,0,1,0,0,0,0,2,2,2,2,1,1,1,2
93,-377.579,-5242.584,8.031,152.853,-0.889928,-0.455973,0.010802,0.456056,-0.889255,0.035185,-0.006438,0.036238,0.999322,0,0.12247,-0.37769,7.348,-0.755,550.000,375.000,-1,375.000,875.000,325.000,325.000,300.000,300.000,-1,-1,-1,-1,500.000,650.000,525.000,-1,1,1,2,0,1,0,0,0,0,2,2,2,2,1,1,1,2
94,-384.050,-5239.160,8.027,152.110,-0.883939,-0.467476,0.010825,0.467552,-0.883273,0.034984,-0.006793,0.035985,0.999329,0,0.12201,-0.37168,7.321,-0.743,525.000,350.000,-1,375.000,850.000,325.000,325.000,300.000,300.000,-1,-1,-1,-1,500.000,650.000,525.000,-1,1,1,2,0,1,0,0,0,0,2,2,2,2,1,1,1,2
95,-390.448,-5235.668,8.020,151.378,-0.877902,-0.478717,0.010848,0.478786,-0.877242,0.034784,-0.007136,0.035731,0.999336,0,0.12147,-0.36567,7.288,-0.731,525.000,350.000,-1,375.000,850.000,325.000,325.000,300.000,300.000,-1,-1,-1,-1,500.000,650.000,500.000,-1,1,1,2,0,1,0,0,0,0,2,2,2,2,1,1,1,2
96,-396.769,-5232.115,8.010,150.659,-0.871825,-0.489696,0.010870,0.489760,-0.871171,0.034585,-0.007467,0.035476,0.999343,0,0.12085,-0.35965,7.251,-0.719,500.000,350.000,-1,375.000,825.000,325.000,325.000,300.000,300.000,-1,-1,-1,-1,500.000,650.000,500.000,1000.000,1,1,2,0,1,0,0,0,0,2,2,2,2,1,1,1,1
97,-403.009,-5228.505,7.997,149.952,-0.865716,-0.500417,0.010891,0.500475,-0.865068,0.034387,-0.007786,0.035220,0.999349,0,0.12015,-0.35364,7.209,-0.707,500.000,350.000,-1,375.000,825.000,325.000,325.000,300.000,300.000,-1,-1,-1,-1,475.000,650.000,500.000,1000.000,1,1,2,0,1,0,0,0,0,2,2,2,2,1,1,1,1
98,-413.354,-5222.407,7.951,149.485,-0.861606,-0.507461,0.010927,0.507517,-0.860968,0.034073,-0.007883,0.034903,0.999360,0,0.20015,-0.23364,12.009,-0.467,475.000,350.000,-1,375.000,825.000,325.000,325.000,300.000,300.000,-1,-1,-1,-1,475.000,650.000,475.000,975.000,1,1,2,0,1,1,0,0,0,2,2,2,2,1,1,1,1
99,-427.801,-5213.815,7.874,149.257,-0.859583,-0.510879,0.010979,0.510938,-0.858959,0.033642,-0.007756,0.034528,0.999374,0,0.28015,-0.11364,16.809,-0.227,475.000,350.000,-1,375.000,800.000,325.000,325.000,300.000,300.000,-1,-1,-1,-1,475.000,650.000,475.000,950.000,1,1,2,0,1,1,0,0,0,2,2,2,2,1,1,1,1
100,-446.375,-5202.773,7.770,149.270,-0.859691,-0.510696,0.011052,0.510761,-0.859085,0.033090,-0.007404,0.034092,0.999391,0,0.36015,0.00636,21.609,0.013,450.000,325.000,-1,375.000,800.000,300.000,325.000,300.000,300.000,-1,-1,-1,-1,450.000,625.000,450.000,950.000,1,1,2,0,1,1,0,0,0,2,2,2,2,1,1,1,1
101,-469.135,-5189.378,7.644,149.523,-0.861927,-0.506910,0.011151,0.506987,-0.861345,0.032393,-0.006815,0.033574,0.999413,0,0.44015,0.12636,26.409,0.253,425.000,325.000,-1,375.000,775.000,300.000,325.000,300.000,300.000,-1,-1,-1,-1,450.000,625.000,425.000,925.000,1,1,2,0,1,1,0,0,0,2,2,2,2,1,1,1,1
102,-496.166,-5173.781,7.480,150.015,-0.866243,-0.499496,0.011303,0.499589,-0.865693,0.031420,-0.005910,0.032864,0.999442,0,0.52015,0.24636,31.209,0.493,400.000,325.000,-1,375.000,775.000,300.000,325.000,300.000,300.000,-1,-1,-1,-1,425.000,625.000,400.000,925.000,1,1,2,0,1,1,1,0,0,2,2,2,2,1,1,1,1
103,-527.583,-5156.185,7.330,150.748,-0.872546,-0.488396,0.011483,0.488508,-0.872031,0.030378,-0.004823,0.032116,0.999473,0,0.60015,0.36636,36.009,0.733,375.000,300.000,-1,375.000,750.000,275.000,300.000,300.000,300.000,-1,-1,-1,-1,400.000,600.000,350.000,900.000,1,1,2,1,1,1,1,0,0,2,2,2,2,1,1,1,1
104,-563.521,-5136.851,7.198,151.721,-0.880697,-0.473535,0.011708,0.473666,-0.880220,0.029217,-0.003529,0.031277,0.999505,0,0.68015,0.48636,40.809,0.973,325.000,275.000,-1,350.000,750.000,250.000,300.000,300.000,300.000,-1,-1,-1,-1,400.000,600.000,325.000,900.000,1,1,2,1,1,1,1,0,0,2,2,2,2,1,1,1,1
105,-604.136,-5116.101,8.812,152.934,-0.890414,-0.454704,0.020183,0.455138,-0.889859,0.031642,0.003573,0.037361,0.999295,0,0.76015,0.60636,45.609,1.213,325.000,275.000,-1,350.000,750.000,250.000,275.000,325.000,300.000,-1,750.000,850.000,-1,375.000,600.000,325.000,925.000,1,1,2,1,1,1,1,0,0,2,0,0,2,1,1,1,1
106,-649.546,-5094.216,11.064,154.262,-0.900465,-0.433801,0.031301,0.434743,-0.899848,0.035653,0.012700,0.045712,0.998874,0,0.84015,0.66421,50.409,1.328,325.000,275.000,-1,350.000,725.000,250.000,275.000,350.000,300.000,-1,525.000,525.000,-1,375.000,625.000,325.000,925.000,1,1,2,1,1,1,1,0,0,2,0,0,2,1,1,1,1
107,-699.831,-5071.424,13.661,155.609,-0.909991,-0.412340,0.043495,0.414002,-0.909366,0.040706,0.022768,0.055049,0.998224,0,0.92015,0.67331,55.209,1.347,350.000,275.000,-1,325.000,725.000,225.000,275.000,375.000,275.000,-1,400.000,325.000,-1,375.000,650.000,325.000,950.000,1,1,2,1,1,1,1,1,0,2,0,0,2,1,1,1,1
108,-754.202,-5048.330,16.537,156.978,-0.918961,-0.390255,0.056670,0.392903,-0.918382,0.046921,0.033734,0.065385,0.997290,0,0.98454,0.68440,59.072,1.369,350.000,250.000,-1,325.000,725.000,225.000,250.000,375.000,275.000,-1,300.000,225.000,-1,350.000,750.000,325.000,975.000,1,1,2,1,1,1,1,1,0,2,0,0,2,1,1,1,1
109,-809.566,-5026.387,21.066,158.372,-0.927176,-0.367663,0.071887,0.371359,-0.927296,0.047064,0.049357,0.070332,0.996302,0,0.99256,0.69734,59.553,1.395,375.000,250.000,-1,350.000,750.000,225.000,275.000,375.000,275.000,-1,225.000,150.000,-1,350.000,850.000,325.000,1000.000,1,1,2,1,1,1,1,1,0,2,0,0,2,1,1,1,1
110,983.905,9511.018,114.583,-70.806,0.327689,0.944078,0.036550,-0.944147,0.328645,-0.024080,-0.034746,-0.026618,0.999042,1,0.00000,0.00000,59.997,1.422,-1,400.000,-1,400.000,-1,325.000,325.000,300.000,300.000,-1,-1,-1,-1,775.000,775.000,-1,-1,2,0,2,0,2,0,0,0,0,2,2,2,2,0,0,2,2
111,982.308,9515.544,114.754,-70.566,0.331641,0.942697,0.036559,-0.942761,0.332598,-0.024079,-0.034859,-0.026481,0.999041,0,-0.08000,0.12000,-4.800,0.240,-1,400.000,-1,400.000,-1,325.000,325.000,300.000,300.000,-1,-1,-1,-1,775.000,775.000,-1,-1,2,0,2,0,2,0,0,0,0,2,2,2,2,0,0,2,2
112,979.042,9524.572,115.098,-70.113,0.339086,0.940044,0.036575,-0.940102,0.340043,-0.024080,-0.035073,-0.026219,0.999041,0,-0.16000,0.22650,-9.600,0.453,-1,400.000,-1,400.000,-1,325.000,325.000,300.000,300.000,-1,-1,-1,-1,775.000,775.000,-1,-1,2,0,2,0,2,0,0,0,0,2,2,2,2,0,0,2,2
113,975.186,9534.976,115.497,-69.663,0.346462,0.937350,0.036592,-0.937400,0.347421,-0.024086,-0.035290,-0.025957,0.999040,0,-0.18493,0.22510,-11.096,0.450,-1,400.000,-1,400.000,-1,325.000,325.000,300.000,300.000,-1,-1,-1,-1,775.000,775.000,-1,-1,2,0,2,0,2,0,0,0,0,2,2,2,2,0,0,2,2
114,971.221,9545.423,115.902,-69.216,0.353765,0.934618,0.036609,-0.934660,0.354725,-0.024094,-0.035505,-0.025693,0.999039,0,-0.18624,0.22347,-11.174,0.447,-1,400.000,-1,400.000,-1,325.000,325.000,300.000,300.000,-1,-1,-1,-1,775.000,775.000,-1,-1,2,0,2,0,2,0,0,0,0,2,2,2,2,0,0,2,2
115,967.146,9555.913,116.312,-68.773,0.360993,0.931849,0.036625,-0.931884,0.361954,-0.024105,-0.035719,-0.025429,0.999038,0,-0.18755,0.22183,-11.253,0.444,-1,400.000,-1,400.000,-1,325.000,325.000,300.000,300.000,-1,-1,-1,-1,775.000,775.000,-1,-1,2,0,2,0,2,0,0,0,0,2,2,2,2,0,0,2,2
116,962.962,9566.445,116.727,-68.332,0.368145,0.929046,0.036642,-0.929074,0.369107,-0.024118,-0.035932,-0.025164,0.999037,0,-0.18889,0.22017,-11.333,0.440,-1,400.000,-1,400.000,-1,325.000,325.000,300.000,300.000,-1,-1,-1,-1,775.000,775.000,-1,-1,2,0,2,0,2,0,0,0,0,2,2,2,2,0,0,2,2
117,958.667,9577.020,117.148,-67.895,0.375221,0.926210,0.036658,-0.926230,0.376185,-0.024134,-0.036143,-0.024899,0.999036,0,-0.19024,0.21850,-11.414,0.437,-1,400.000,-1,400.000,-1,325.000,325.000,300.000,300.000,-1,-1,-1,-1,775.000,775.000,-1,-1,2,0,2,0,2,0,0,0,0,2,2,2,2,0,0,2,2
118,954.260,9587.638,117.574,-67.462,0.382221,0.923343,0.036675,-0.923355,0.383186,-0.024151,-0.036353,-0.024633,0.999035,0,-0.19160,0.21681,-11.496,0.434,-1,400.000,-1,400.000,-1,325.000,325.000,300.000,300.000,-1,-1,-1,-1,775.000,775.000,-1,-1,2,0,2,0,2,0,0,0,0,2,2,2,2,0,0,2,2
119,949.742,9598.299,118.006,-67.031,0.389145,0.920445,0.036693,-0.920451,0.390111,-0.024171,-0.036563,-0.024368,0.999034,0,-0.19298,0.21511,-11.579,0.430,-1,400.000,-1,400.000,-1,325.000,325.000,300.000,300.000,-1,-1,-1,-1,775.000,775.000,-1,-1,2,0,2,0,2,0,0,0,0,2,2,2,2,0,0,2,2
120,945.111,9609.002,118.444,-66.605,0.395992,0.917520,0.036710,-0.917518,0.396958,-0.024194,-0.036771,-0.024102,0.999033,0,-0.19437,0.21339,-11.662,0.427,-1,400.000,-1,400.000,-1,325.000,325.000,300.000,300.000,-1,-1,-1,-1,775.000,775.000,-1,-1,2,0,2,0,2,0,0,0,0,2,2,2,2,0,0,2,2
121,940.367,9619.748,118.887,-66.181,0.402761,0.914568,0.036729,-0.914558,0.403729,-0.024218,-0.036977,-0.023837,0.999032,0,-0.19578,0.21165,-11.747,0.423,-1,400.000,-1,400.000,-1,325.000,325.000,300.000,300.000,-1,-1,-1,-1,775.000,775.000,-1,-1,2,0,2,0,2,0,0,0,0,2,2,2,2,0,0,2,2
122,935.510,9630.537,119.336,-65.762,0.409452,0.911591,0.036748,-0.911574,0.410421,-0.024245,-0.037183,-0.023571,0.999030,0,-0.19720,0.20990,-11.832,0.420,-1,400.000,-1,400.000,-1,325.000,325.000,300.000,300.000,-1,-1,-1,-1,775.000,775.000,-1,-1,2,0,2,0,2,0,0,0,0,2,2,2,2,0,0,2,2
123,930.538,9641.368,119.791,-65.345,0.416065,0.908591,0.036768,-0.908566,0.417036,-0.024273,-0.037388,-0.023307,0.999029,0,-0.19863,0.20813,-11.918,0.416,-1,400.000,-1,400.000,-1,325.000,325.000,300.000,300.000,-1,-1,-1,-1,775.000,775.000,-1,-1,2,0,2,0,2,0,0,0,0,2,2,2,2,0,0,2,2
124,927.495,9647.803,120.070,-64.689,0.426448,0.903764,0.036779,-0.903727,0.427419,-0.024283,-0.037666,-0.022883,0.999028,0,-0.11863,0.32813,-7.118,0.656,-1,400.000,-1,400.000,-1,325.000,325.000,300.000,300.000,-1,-1,-1,-1,775.000,750.000,-1,-1,2,0,2,0,2,0,0,0,0,2,2,2,2,0,0,2,2
125,926.471,9649.883,120.172,-63.793,0.440540,0.896979,0.036780,-0.896928,0.441510,-0.024273,-0.038011,-0.022296,0.999029,0,-0.03863,0.44813,-2.318,0.896,-1,400.000,-1,400.000,-1,325.000,325.000,300.000,300.000,-1,-1,1000.000,-1,775.000,775.000,-1,-1,2,0,2,0,2,0,0,0,0,2,2,1,2,0,0,2,2
126,927.611,9647.678,120.092,-62.656,0.458250,0.888062,0.036772,-0.887993,0.459218,-0.024238,-0.038411,-0.021546,0.999030,0,0.04137,0.56813,2.482,1.136,-1,400.000,-1,400.000,-1,325.000,325.000,300.000,300.000,-1,-1,975.000,-1,775.000,775.000,-1,-1,2,0,2,0,2,0,0,0,0,2,2,1,2,0,0,2,2
127,931.110,9641.292,119.828,-61.280,0.479460,0.876794,0.036754,-0.876703,0.480424,-0.024174,-0.038853,-0.020632,0.999032,0,0.12137,0.68813,7.282,1.376,-1,400.000,-1,400.000,-1,325.000,325.000,300.000,300.000,-1,-1,925.000,-1,775.000,775.000,-1,-1,2,0,2,0,2,0,0,0,0,2,2,1,2,0,0,2,2
128,937.193,9630.853,119.373,-59.766,0.502481,0.863808,0.036729,-0.863695,0.503439,-0.024073,-0.039285,-0.019626,0.999035,0,0.20137,0.75722,12.082,1.514,-1,400.000,-1,400.000,-1,325.000,325.000,300.000,300.000,-1,-1,900.000,-1,775.000,775.000,-1,-1,2,0,2,0,2,0,0,0,0,2,2,1,2,0,0,2,2
129,946.077,9616.498,118.724,-58.248,0.525207,0.850183,0.036700,-0.850050,0.526158,-0.023930,-0.039655,-0.018628,0.999040,0,0.28137,0.75910,16.882,1.518,-1,400.000,-1,400.000,-1,325.000,325.000,300.000,300.000,-1,-1,875.000,-1,775.000,775.000,-1,-1,2,0,2,0,2,0,0,0,0,2,2,1,2,0,0,2,2
130,957.973,9598.371,117.877,-56.724,0.547643,0.835908,0.036671,-0.835758,0.548585,-0.023736,-0.039958,-0.017649,0.999045,0,0.36137,0.76173,21.682,1.523,-1,400.000,-1,400.000,-1,325.000,325.000,300.000,300.000,-1,-1,850.000,-1,775.000,775.000,-1,-1,2,0,2,0,2,0,0,0,0,2,2,1,2,0,0,2,2
131,973.089,9576.626,116.834,-55.194,0.569789,0.820973,0.036644,-0.820807,0.570722,-0.023478,-0.040189,-0.016700,0.999053,0,0.44137,0.76514,26.482,1.530,-1,400.000,-1,400.000,-1,325.000,325.000,300.000,300.000,-1,1000.000,850.000,-1,775.000,775.000,-1,-1,2,0,2,0,2,0,0,0,0,2,1,1,2,0,0,2,2
132,991.628,9551.430,115.586,-53.655,0.591648,0.805365,0.036614,-0.805185,0.592570,-0.023180,-0.040364,-0.015767,0.999061,0,0.52137,0.76934,31.282,1.539,-1,400.000,-1,400.000,-1,325.000,325.000,300.000,325.000,-1,975.000,850.000,-1,775.000,775.000,-1,-1,2,0,2,0,2,0,0,0,0,2,1,1,2,0,0,2,2
133,1013.789,9522.955,114.063,-52.107,0.613218,0.789070,0.036506,-0.788865,0.614130,-0.023157,-0.040692,-0.014598,0.999065,0,0.60137,0.77432,36.082,1.549,-1,400.000,-1,400.000,-1,325.000,325.000,300.000,325.000,-1,975.000,850.000,-1,800.000,775.000,-1,-1,2,0,2,0,2,0,0,0,0,2,1,1,2,0,0,2,2
134,1039.767,9491.389,112.323,-50.546,0.634495,0.772069,0.036407,-0.771839,0.635397,-0.023149,-0.041006,-0.013413,0.999069,0,0.68137,0.78009,40.882,1.560,-1,400.000,-1,400.000,-1,325.000,325.000,300.000,300.000,-1,975.000,875.000,-1,800.000,775.000,-1,-1,2,0,2,0,2,0,0,0,0,2,1,1,2,0,0,2,2
135,1069.753,9456.926,110.364,-48.973,0.655473,0.754344,0.036325,-0.754088,0.656365,-0.023161,-0.041314,-0.012211,0.999072,0,0.76137,0.78666,45.682,1.573,-1,400.000,-1,400.000,-1,325.000,325.000,300.000,300.000,-1,975.000,900.000,-1,800.000,775.000,-1,-1,2,0,2,0,2,0,0,0,0,2,1,1,2,0,0,2,2
