timestep,x_cm,y_cm,z_cm,yaw_deg,basis_xx,basis_xy,basis_xz,basis_yx,basis_yy,basis_yz,basis_zx,basis_zy,basis_zz,teleport_flag,throttle_cmd,steering_cmd,cmd_move_cm,cmd_turn_deg,lidar_cm_0,lidar_cm_1,lidar_cm_2,lidar_cm_3,lidar_cm_4,lidar_cm_5,lidar_cm_6,lidar_cm_7,lidar_cm_8,lidar_cm_9,lidar_cm_10,lidar_cm_11,lidar_cm_12,lidar_cm_13,lidar_cm_14,lidar_cm_15,lidar_cm_16,lidar_class_0,lidar_class_1,lidar_class_2,lidar_class_3,lidar_class_4,lidar_class_5,lidar_class_6,lidar_class_7,lidar_class_8,lidar_class_9,lidar_class_10,lidar_class_11,lidar_class_12,lidar_class_13,lidar_class_14,lidar_class_15,lidar_class_16
0,-7543.412,-6882.492,312.735,92.294,-0.040032,-0.999198,0.000814,0.999142,-0.040021,0.010698,-0.010657,0.001241,0.999942,1,0.08000,0.12000,4.800,0.240,-1,375.000,-1,375.000,-1,300.000,300.000,325.000,325.000,-1,450.000,425.000,-1,675.000,625.000,-1,-1,2,0,2,0,2,0,0,0,0,2,0,0,2,0,0,2,2
1,-7543.877,-6872.903,312.625,92.774,-0.048402,-0.998827,0.000934,0.998776,-0.048390,0.010196,-0.010139,0.001426,0.999948,0,0.16000,0.24000,9.600,0.480,-1,375.000,-1,375.000,-1,300.000,300.000,325.000,325.000,-1,450.000,400.000,-1,675.000,625.000,-1,-1,2,0,2,0,2,0,0,0,0,2,0,0,2,0,0,2,2
2,-7544.754,-6858.530,312.459,93.494,-0.060951,-0.998140,0.001127,0.998097,-0.060938,0.009446,-0.009360,0.001701,0.999955,0,0.24000,0.36000,14.400,0.720,-1,375.000,-1,375.000,-1,300.000,300.000,325.000,325.000,-1,425.000,400.000,-1,675.000,625.000,-1,-1,2,0,2,0,2,0,0,0,0,2,0,0,2,0,0,2,2
3,-7546.245,-6839.388,312.235,94.454,-0.077667,-0.996978,0.001410,0.996945,-0.077652,0.008450,-0.008315,0.002062,0.999963,0,0.32000,0.48000,19.200,0.960,-1,375.000,-1,375.000,-1,300.000,300.000,325.000,325.000,-1,400.000,400.000,-1,675.000,625.000,-1,-1,2,0,2,0,2,0,0,0,0,2,0,0,2,0,0,2,2
4,-7548.610,-6815.505,311.951,95.654,-0.098530,-0.995132,0.001804,0.995109,-0.098514,0.007216,-0.007003,0.002506,0.999972,0,0.40000,0.60000,24.000,1.200,-1,375.000,-1,375.000,-1,300.000,300.000,325.000,325.000,-1,375.000,375.000,-1,675.000,625.000,-1,-1,2,0,2,0,2,0,0,0,0,2,0,0,2,0,0,2,2
5,-7552.153,-6786.923,311.606,97.066,-0.123027,-0.992401,0.002332,0.992388,-0.123012,0.005754,-0.005423,0.003022,0.999981,0,0.48000,0.70618,28.800,1.412,-1,375.000,-1,375.000,-1,300.000,300.000,325.000,325.000,-1,350.000,375.000,-1,675.000,625.000,-1,-1,2,0,2,0,2,0,0,0,0,2,0,0,2,0,0,2,2
6,-7557.109,-6753.691,311.201,98.482,-0.147519,-0.989055,0.002985,0.989053,-0.147506,0.004081,-0.003596,0.003555,0.999987,0,0.56000,0.70824,33.600,1.416,-1,375.000,-1,375.000,1000.000,300.000,300.000,325.000,325.000,-1,325.000,350.000,-1,675.000,625.000,-1,-1,2,0,2,0,0,0,0,0,0,2,0,0,2,0,0,2,2
7,-7563.770,-6715.873,310.736,99.989,-0.173470,-0.984832,0.003795,0.984838,-0.173462,0.002213,-0.001521,0.004122,0.999990,0,0.64000,0.75339,38.400,1.507,-1,375.000,-1,375.000,975.000,300.000,300.000,325.000,300.000,-1,300.000,325.000,-1,700.000,625.000,-1,1000.000,2,0,2,0,0,0,0,0,0,2,0,0,2,0,0,2,0
8,-7571.477,-6677.982,310.265,101.497,-0.199309,-0.979925,0.004695,0.979937,-0.199309,0.000387,0.000556,0.004678,0.999989,0,0.64445,0.75372,38.667,1.507,-1,375.000,-1,350.000,950.000,300.000,300.000,325.000,300.000,-1,275.000,325.000,-1,700.000,625.000,-1,1000.000,2,0,2,0,0,0,0,0,0,2,0,0,2,0,0,2,0
9,-7580.180,-6640.298,309.793,103.005,-0.225019,-0.974338,0.005679,0.974351,-0.225030,-0.001374,0.002617,0.005224,0.999983,0,0.64460,0.75407,38.676,1.508,-1,375.000,-1,350.000,925.000,300.000,300.000,325.000,300.000,-1,275.000,300.000,-1,700.000,625.000,-1,975.000,2,0,2,0,0,0,0,0,0,2,0,0,2,0,0,2,0
10,-7589.875,-6602.848,309.748,104.514,-0.250596,-0.968079,0.004970,0.968085,-0.250610,-0.002523,0.003688,0.004179,0.999984,0,0.64474,0.75445,38.685,1.509,-1,375.000,-1,350.000,925.000,300.000,300.000,325.000,300.000,-1,275.000,325.000,-1,700.000,625.000,-1,975.000,2,0,2,0,0,0,0,0,0,2,0,0,2,0,0,2,0
11,-7600.555,-6565.657,310.195,106.023,-0.276019,-0.961148,0.002799,0.961136,-0.276030,-0.005029,0.005607,0.001302,0.999983,0,0.64490,0.75485,38.694,1.510,-1,375.000,-1,350.000,925.000,300.000,300.000,300.000,300.000,-1,300.000,350.000,-1,725.000,625.000,-1,1000.000,2,0,2,0,0,0,0,0,0,2,0,0,2,0,0,2,0
12,-7612.216,-6528.752,310.619,107.534,-0.301273,-0.953537,0.000819,0.953509,-0.301271,-0.007550,0.007446,-0.001493,0.999971,0,0.64506,0.75527,38.703,1.511,-1,375.000,-1,350.000,950.000,300.000,300.000,300.000,325.000,-1,300.000,375.000,-1,725.000,650.000,-1,-1,2,0,2,0,0,0,0,0,0,2,0,0,2,0,0,2,2
13,-7624.849,-6492.158,311.047,109.045,-0.326339,-0.945253,-0.000883,0.945209,-0.326314,-0.009938,0.009106,-0.004078,0.999950,0,0.64522,0.75571,38.713,1.511,-1,375.000,-1,375.000,975.000,300.000,300.000,300.000,325.000,-1,325.000,400.000,-1,725.000,650.000,-1,-1,2,0,2,0,0,0,0,0,0,2,0,0,2,0,0,2,2
14,-7638.447,-6455.900,311.629,110.558,-0.351188,-0.936303,-0.001921,0.936250,-0.351145,-0.011511,0.010103,-0.005841,0.999932,0,0.64540,0.75618,38.724,1.512,-1,375.000,-1,375.000,975.000,300.000,300.000,300.000,325.000,-1,350.000,425.000,-1,750.000,650.000,-1,-1,2,0,2,0,0,0,0,0,0,2,0,0,2,0,0,2,2
15,-7653.001,-6420.004,312.244,112.071,-0.375808,-0.926694,-0.002478,0.926630,-0.375747,-0.013116,0.011223,-0.007225,0.999911,0,0.64557,0.75666,38.734,1.513,-1,375.000,-1,375.000,975.000,300.000,300.000,300.000,325.000,-1,375.000,475.000,-1,750.000,650.000,-1,-1,2,0,2,0,0,0,0,0,0,2,0,0,2,0,0,2,2
16,-7668.504,-6384.495,312.905,113.585,-0.400178,-0.916434,-0.002465,0.916352,-0.400103,-0.014720,0.012504,-0.008150,0.999889,0,0.64576,0.75718,38.746,1.514,-1,400.000,-1,375.000,1000.000,325.000,300.000,300.000,300.000,-1,400.000,500.000,-1,775.000,650.000,-1,-1,2,0,2,0,0,0,0,0,0,2,0,0,2,0,0,2,2
17,-7684.945,-6349.398,313.529,115.101,-0.424285,-0.905526,-0.002371,0.905425,-0.424195,-0.016218,0.013680,-0.009028,0.999866,0,0.64595,0.75771,38.757,1.515,-1,400.000,-1,375.000,-1,325.000,300.000,300.000,300.000,-1,425.000,525.000,-1,775.000,650.000,-1,-1,2,0,2,0,2,0,0,0,0,2,0,0,2,0,0,2,2
18,-7702.315,-6314.737,314.117,116.617,-0.448111,-0.893975,-0.002203,0.893856,-0.448008,-0.017604,0.014750,-0.009857,0.999843,0,0.64615,0.75826,38.769,1.517,-1,400.000,-1,375.000,-1,325.000,300.000,300.000,300.000,-1,450.000,550.000,-1,775.000,675.000,-1,-1,2,0,2,0,2,0,0,0,0,2,0,0,2,0,0,2,2
19,-7720.603,-6280.538,314.666,118.135,-0.471640,-0.881789,-0.001966,0.881651,-0.471525,-0.018873,0.015715,-0.010634,0.999820,0,0.64636,0.75884,38.782,1.518,-1,400.000,-1,375.000,-1,325.000,325.000,300.000,300.000,-1,475.000,575.000,-1,800.000,675.000,-1,-1,2,0,2,0,2,0,0,0,0,2,0,0,2,0,0,2,2
20,-7742.006,-6242.574,315.261,119.413,-0.491194,-0.871048,-0.001674,0.870889,-0.491065,-0.020189,0.016764,-0.011375,0.999795,0,0.72636,0.63884,43.582,1.278,-1,400.000,-1,375.000,-1,325.000,325.000,300.000,300.000,-1,500.000,625.000,-1,800.000,675.000,-1,-1,2,0,2,0,2,0,0,0,0,2,0,0,2,0,0,2,2
21,-7766.429,-6201.095,315.887,120.490,-0.507487,-0.861658,-0.001342,0.861474,-0.507345,-0.021526,0.017867,-0.012080,0.999767,0,0.80225,0.53846,48.135,1.077,-1,400.000,-1,375.000,-1,325.000,325.000,300.000,300.000,-1,525.000,650.000,-1,825.000,675.000,-1,-1,2,0,2,0,2,0,0,0,0,2,0,0,2,0,0,2,2
22,-7791.627,-6160.085,316.463,121.568,-0.523621,-0.851951,-0.000974,0.851743,-0.523468,-0.022724,0.018849,-0.012728,0.999741,0,0.80220,0.53918,48.132,1.078,-1,400.000,-1,375.000,-1,325.000,325.000,300.000,300.000,-1,550.000,675.000,-1,825.000,675.000,-1,-1,2,0,2,0,2,0,0,0,0,2,0,0,2,0,0,2,2
23,-7817.590,-6119.561,316.983,122.648,-0.539589,-0.841928,-0.000602,0.841698,-0.539425,-0.023777,0.019694,-0.013337,0.999717,0,0.80213,0.53988,48.128,1.080,-1,400.000,-1,375.000,-1,325.000,325.000,300.000,275.000,-1,575.000,700.000,-1,825.000,700.000,-1,-1,2,0,2,0,2,0,0,0,0,2,0,0,2,0,0,2,2
24,-7844.312,-6079.539,317.682,123.729,-0.555397,-0.831584,-0.001335,0.831352,-0.555202,-0.024592,0.019709,-0.014768,0.999697,0,0.80205,0.54054,48.123,1.081,-1,400.000,-1,375.000,-1,325.000,325.000,300.000,275.000,-1,625.000,775.000,-1,850.000,700.000,-1,-1,2,0,2,0,2,0,0,0,0,2,0,0,2,0,0,2,2
25,-7871.781,-6040.033,318.581,124.811,-0.571037,-0.820918,-0.003282,0.820708,-0.570791,-0.025224,0.018834,-0.017097,0.999676,0,0.80196,0.54119,48.118,1.082,-1,400.000,-1,375.000,-1,325.000,325.000,300.000,275.000,-1,700.000,850.000,-1,825.000,700.000,-1,-1,2,0,2,0,2,0,0,0,0,2,0,0,2,0,0,2,2
26,-7899.989,-6001.058,319.399,125.895,-0.586484,-0.809944,-0.005128,0.809763,-0.586190,-0.025805,0.017895,-0.019287,0.999654,0,0.80185,0.54180,48.111,1.084,-1,400.000,-1,375.000,-1,325.000,325.000,300.000,300.000,-1,800.000,950.000,-1,825.000,700.000,-1,-1,2,0,2,0,2,0,0,0,0,2,0,0,2,0,0,2,2
27,-7928.925,-5962.631,320.282,126.980,-0.601743,-0.798659,-0.007052,0.798502,-0.601386,-0.027019,0.017338,-0.021889,0.999610,0,0.80173,0.54238,48.104,1.085,-1,400.000,-1,375.000,-1,325.000,325.000,300.000,300.000,-1,875.000,-1,-1,825.000,725.000,-1,-1,2,0,2,0,2,0,0,0,0,2,0,2,2,0,0,2,2
28,-7958.580,-5924.765,321.194,128.065,-0.616804,-0.787066,-0.008931,0.786930,-0.616372,-0.028751,0.017124,-0.024762,0.999547,0,0.80160,0.54293,48.096,1.086,-1,400.000,-1,375.000,-1,325.000,325.000,300.000,300.000,-1,925.000,-1,-1,825.000,725.000,-1,-1,2,0,2,0,2,0,0,0,0,2,0,2,2,0,0,2,2
29,-7988.942,-5887.475,322.005,129.152,-0.631652,-0.775178,-0.010673,0.775070,-0.631147,-0.030327,0.016773,-0.027428,0.999483,0,0.80146,0.54345,48.088,1.087,-1,400.000,-1,375.000,-1,325.000,325.000,300.000,300.000,-1,1000.000,-1,-1,825.000,750.000,-1,-1,2,0,2,0,2,0,0,0,0,2,0,2,2,0,0,2,2
30,-8020.001,-5850.775,322.719,130.240,-0.646279,-0.763002,-0.012292,0.762927,-0.645705,-0.031741,0.016281,-0.029891,0.999421,0,0.80131,0.54394,48.078,1.088,-1,400.000,-1,400.000,-1,325.000,325.000,300.000,300.000,-1,-1,-1,-1,825.000,750.000,-1,-1,2,0,2,0,2,0,0,0,0,2,2,2,2,0,0,2,2
31,-8051.746,-5814.680,323.332,131.329,-0.660679,-0.750542,-0.013797,0.750505,-0.660041,-0.032987,0.015651,-0.032148,0.999361,0,0.80114,0.54440,48.069,1.089,-1,400.000,-1,400.000,-1,325.000,325.000,300.000,300.000,-1,-1,-1,-1,825.000,750.000,-1,-1,2,0,2,0,2,0,0,0,0,2,2,2,2,0,0,2,2
32,-8086.713,-5776.731,324.081,132.658,-0.677898,-0.735001,-0.015102,0.735021,-0.677238,-0.033062,0.014073,-0.033513,0.999339,0,0.86005,0.66440,51.603,1.329,-1,400.000,-1,400.000,-1,325.000,325.000,275.000,300.000,-1,-1,-1,-1,825.000,750.000,-1,-1,2,0,2,0,2,0,0,0,0,2,2,2,2,0,0,2,2
33,-8122.701,-5739.758,324.694,134.227,-0.697750,-0.716156,-0.016291,0.716237,-0.697079,-0.032933,0.012229,-0.034647,0.999325,0,0.85993,0.78440,51.596,1.569,-1,400.000,-1,400.000,-1,325.000,325.000,275.000,275.000,-1,-1,-1,-1,825.000,750.000,-1,-1,2,0,2,0,2,0,0,0,0,2,2,2,2,0,0,2,2
34,-8159.792,-5703.893,325.160,135.962,-0.719089,-0.694701,-0.017380,0.694843,-0.718419,-0.032664,0.010206,-0.035565,0.999315,0,0.85993,0.86748,51.596,1.735,-1,400.000,-1,400.000,-1,325.000,325.000,275.000,275.000,-1,-1,-1,-1,800.000,750.000,-1,-1,2,0,2,0,2,0,0,0,0,2,2,2,2,0,0,2,2
35,-8197.956,-5669.164,325.492,137.697,-0.739775,-0.672602,-0.018405,0.672805,-0.739114,-0.032317,0.008134,-0.036290,0.999308,0,0.86001,0.86792,51.601,1.736,-1,400.000,-1,400.000,-1,325.000,325.000,275.000,275.000,-1,-1,-1,-1,800.000,750.000,-1,-1,2,0,2,0,2,0,0,0,0,2,2,2,2,0,0,2,2
36,-8237.159,-5635.604,325.691,139.434,-0.759790,-0.649880,-0.019368,0.650141,-0.759144,-0.031892,0.006023,-0.036823,0.999304,0,0.86009,0.86838,51.605,1.737,-1,400.000,-1,400.000,-1,325.000,325.000,275.000,275.000,-1,-1,-1,-1,800.000,750.000,-1,-1,2,0,2,0,2,0,0,0,0,2,2,2,2,0,0,2,2
37,-8277.364,-5603.246,325.758,141.172,-0.779115,-0.626553,-0.020273,0.626869,-0.778492,-0.031389,0.003885,-0.037164,0.999302,0,0.86017,0.86884,51.610,1.738,-1,400.000,-1,400.000,-1,325.000,325.000,275.000,275.000,-1,-1,-1,-1,775.000,775.000,-1,-1,2,0,2,0,2,0,0,0,0,2,2,2,2,0,0,2,2
38,-8318.537,-5572.119,325.734,142.910,-0.797730,-0.602638,-0.021324,0.603013,-0.797133,-0.030894,0.001620,-0.037504,0.999295,0,0.86025,0.86930,51.615,1.739,-1,400.000,-1,400.000,-1,325.000,325.000,275.000,275.000,-1,-1,-1,-1,775.000,750.000,-1,-1,2,0,2,0,2,0,0,0,0,2,2,2,2,0,0,2,2
39,-8360.640,-5542.255,325.852,144.650,-0.815601,-0.578138,-0.023496,0.578613,-0.815024,-0.030696,-0.001404,-0.038631,0.999253,0,0.86032,0.86978,51.619,1.740,-1,400.000,-1,400.000,-1,325.000,325.000,275.000,275.000,-1,-1,-1,-1,750.000,750.000,-1,-1,2,0,2,0,2,0,0,0,0,2,2,2,2,0,0,2,2
40,-8403.634,-5513.680,325.903,146.391,-0.832736,-0.553106,-0.024990,0.553656,-0.832193,-0.030335,-0.004018,-0.039097,0.999227,0,0.86040,0.87026,51.624,1.741,-1,400.000,-1,400.000,-1,325.000,325.000,275.000,275.000,-1,-1,-1,-1,750.000,750.000,1000.000,-1,2,0,2,0,2,0,0,0,0,2,2,2,2,0,0,1,2
41,-8447.481,-5486.422,325.817,148.132,-0.849116,-0.527558,-0.026181,0.528168,-0.848614,-0.029885,-0.006452,-0.039203,0.999210,0,0.86048,0.87075,51.629,1.741,-1,400.000,-1,400.000,-1,325.000,325.000,275.000,275.000,-1,-1,-1,-1,750.000,750.000,950.000,-1,2,0,2,0,2,0,0,0,0,2,2,2,2,0,0,1,2
42,-8492.140,-5460.508,325.652,149.875,-0.864731,-0.501519,-0.026818,0.502163,-0.864279,-0.029224,-0.008522,-0.038738,0.999213,0,0.86056,0.87124,51.633,1.742,-1,400.000,-1,400.000,-1,325.000,325.000,275.000,300.000,-1,-1,-1,-1,725.000,750.000,925.000,-1,2,0,2,0,2,0,0,0,0,2,2,2,2,1,0,1,2
43,-8537.571,-5435.962,325.336,151.618,-0.879561,-0.475005,-0.027275,0.475672,-0.879162,-0.028461,-0.010460,-0.038007,0.999223,0,0.86063,0.87174,51.638,1.743,-1,375.000,-1,400.000,-1,325.000,325.000,275.000,300.000,-1,-1,-1,-1,700.000,750.000,875.000,-1,2,0,2,0,2,0,0,0,0,2,2,2,2,1,0,1,2
44,-8585.403,-5411.899,324.861,153.295,-0.893066,-0.449082,-0.027554,0.449760,-0.892725,-0.027541,-0.012229,-0.036989,0.999241,0,0.89241,0.83875,53.544,1.678,-1,375.000,1000.000,400.000,-1,325.000,325.000,275.000,300.000,-1,-1,-1,-1,675.000,750.000,850.000,-1,2,0,1,0,2,0,0,0,0,2,2,2,2,1,0,1,2
45,-8634.133,-5389.147,324.244,154.973,-0.905808,-0.422782,-0.027696,0.423461,-0.905526,-0.026509,-0.013872,-0.035740,0.999265,0,0.89632,0.83852,53.779,1.677,-1,375.000,925.000,400.000,-1,325.000,325.000,275.000,300.000,-1,-1,-1,-1,625.000,725.000,825.000,-1,2,0,1,0,2,0,0,0,0,2,2,2,2,1,0,1,2
46,-8683.725,-5367.737,323.653,156.649,-0.917782,-0.396126,-0.027560,0.396802,-0.917533,-0.026089,-0.014953,-0.034880,0.999280,0,0.90028,0.83808,54.017,1.676,-1,375.000,850.000,400.000,-1,325.000,325.000,275.000,300.000,-1,-1,-1,-1,600.000,750.000,800.000,-1,2,0,1,0,2,0,0,0,0,2,2,2,2,1,0,1,2
47,-8734.144,-5347.696,323.102,158.324,-0.928977,-0.369145,-0.027079,0.369815,-0.928733,-0.026311,-0.015436,-0.034456,0.999287,0,0.90427,0.83743,54.256,1.675,-1,375.000,800.000,400.000,-1,325.000,325.000,275.000,300.000,-1,-1,-1,-1,575.000,700.000,775.000,925.000,2,0,1,0,2,0,0,0,0,2,2,2,2,1,1,1,1
48,-8785.353,-5329.054,322.442,159.997,-0.939372,-0.341879,-0.026429,0.342536,-0.939132,-0.026456,-0.015776,-0.033905,0.999301,0,0.90828,0.83653,54.497,1.673,-1,375.000,750.000,400.000,-1,325.000,325.000,275.000,300.000,-1,-1,-1,-1,550.000,650.000,750.000,850.000,2,0,1,0,2,0,0,0,0,2,2,2,2,1,1,1,1
49,-8837.313,-5311.837,321.676,161.667,-0.948959,-0.314359,-0.025620,0.314996,-0.948723,-0.026511,-0.015972,-0.033228,0.999320,0,0.91231,0.83539,54.738,1.671,-1,375.000,700.000,400.000,950.000,325.000,325.000,300.000,300.000,-1,-1,-1,-1,525.000,600.000,725.000,750.000,2,1,1,0,1,0,0,0,0,2,2,2,2,1,1,1,1
50,-8889.983,-5296.070,320.808,163.335,-0.957727,-0.286618,-0.024660,0.287230,-0.957496,-0.026468,-0.016025,-0.032432,0.999345,0,0.91633,0.83398,54.980,1.668,-1,350.000,650.000,400.000,825.000,325.000,325.000,300.000,300.000,-1,-1,-1,-1,500.000,525.000,725.000,675.000,2,1,1,0,1,0,0,0,0,2,2,2,2,1,1,1,1
51,-8943.321,-5281.778,319.842,165.000,-0.965673,-0.258691,-0.023560,0.259272,-0.965446,-0.026315,-0.015938,-0.031520,0.999376,0,0.92033,0.83229,55.220,1.665,-1,350.000,600.000,375.000,725.000,300.000,325.000,300.000,300.000,-1,-1,-1,-1,475.000,475.000,750.000,575.000,2,1,1,1,1,1,1,0,0,2,2,2,2,1,1,1,1
52,-8997.282,-5268.982,318.784,166.661,-0.972789,-0.230613,-0.022332,0.231159,-0.972567,-0.026044,-0.015714,-0.030498,0.999411,0,0.92429,0.83028,55.458,1.661,1000.000,325.000,550.000,350.000,625.000,275.000,300.000,300.000,300.000,-1,-1,-1,-1,450.000,425.000,775.000,500.000,1,1,1,1,1,1,1,0,0,2,2,2,2,1,1,1,1
53,-9051.820,-5257.704,317.638,168.316,-0.979074,-0.202420,-0.020990,0.202926,-0.978858,-0.025648,-0.015355,-0.029371,0.999451,0,0.92820,0.82793,55.692,1.656,950.000,300.000,500.000,300.000,500.000,250.000,250.000,300.000,300.000,-1,-1,-1,-1,425.000,375.000,850.000,425.000,1,1,1,1,1,1,1,0,0,2,2,2,2,1,1,1,1
54,-9106.885,-5247.961,316.448,169.967,-0.984523,-0.174151,-0.019639,0.174613,-0.984321,-0.024951,-0.014986,-0.027994,0.999496,0,0.93202,0.82521,55.921,1.650,925.000,275.000,450.000,250.000,425.000,225.000,225.000,300.000,300.000,-1,-1,-1,-1,400.000,325.000,825.000,350.000,1,1,1,1,1,1,1,0,0,2,2,2,2,1,1,1,1
55,-9162.427,-5239.769,315.625,171.611,-0.989154,-0.145849,-0.017397,0.146221,-0.988998,-0.022413,-0.013936,-0.024714,0.999597,0,0.93571,0.82208,56.143,1.644,900.000,250.000,425.000,225.000,325.000,225.000,200.000,300.000,300.000,-1,-1,900.000,-1,375.000,275.000,800.000,275.000,1,1,1,1,1,1,1,0,0,2,2,0,2,1,1,1,1
56,-9218.390,-5233.141,315.906,173.248,-0.992996,-0.117553,-0.011863,0.117746,-0.992894,-0.017225,-0.009753,-0.018501,0.999781,0,0.93925,0.81851,56.355,1.637,900.000,250.000,400.000,200.000,225.000,200.000,175.000,300.000,300.000,-1,825.000,550.000,-1,375.000,250.000,775.000,200.000,1,1,1,1,1,1,1,0,0,2,0,0,2,1,1,1,1
57,-9274.720,-5228.098,324.206,174.877,-0.995924,-0.089215,0.013244,0.088550,-0.995084,-0.044351,0.017136,-0.042997,0.998928,0,0.94257,0.81442,56.554,1.629,975.000,275.000,450.000,200.000,225.000,225.000,175.000,300.000,350.000,-1,250.000,275.000,-1,450.000,250.000,800.000,200.000,1,1,1,1,1,1,1,0,0,2,0,0,2,1,1,1,1
58,-9331.353,-5224.642,332.208,176.496,-0.997374,-0.060973,0.039084,0.058138,-0.995853,-0.069970,0.043188,-0.067514,0.996783,0,0.94562,0.80977,56.737,1.620,-1,300.000,525.000,200.000,225.000,225.000,200.000,275.000,450.000,800.000,125.000,200.000,-1,575.000,250.000,825.000,175.000,2,1,1,1,1,1,1,0,0,0,0,0,2,1,1,1,1
59,-9388.224,-5222.777,339.807,178.105,-0.997328,-0.032923,0.065210,0.026709,-0.995217,-0.093968,0.067991,-0.091976,0.993437,0,0.94831,0.80448,56.899,1.609,-1,350.000,725.000,200.000,200.000,250.000,200.000,275.000,525.000,525.000,75.000,175.000,-1,625.000,275.000,875.000,175.000,2,1,1,1,1,1,1,0,0,0,0,0,2,1,1,1,1
60,-9445.260,-5222.501,346.900,179.702,-0.995821,-0.005162,0.091179,-0.005498,-0.993201,-0.116284,0.091159,-0.116299,0.989022,0,0.95054,0.79845,57.033,1.597,-1,425.000,975.000,225.000,175.000,275.000,200.000,275.000,650.000,400.000,50.000,150.000,-1,675.000,275.000,950.000,175.000,2,1,1,1,1,1,1,0,0,0,0,0,2,1,1,1,1
61,-327.983,-2951.679,3.735,50.552,0.633094,-0.770381,0.075532,0.773263,0.633880,-0.016138,-0.035446,0.068623,0.997013,1,0.00000,0.00000,57.131,1.583,-1,375.000,-1,375.000,-1,300.000,300.000,325.000,300.000,-1,-1,-1,-1,700.000,725.000,-1,-1,2,0,2,0,2,0,0,0,0,2,2,2,2,0,0,2,2
62,-324.918,-2947.985,3.567,50.312,0.636318,-0.767725,0.075478,0.770604,0.637107,-0.016246,-0.035615,0.068502,0.997015,0,0.08000,-0.12000,4.800,-0.240,-1,375.000,-1,375.000,-1,300.000,300.000,325.000,300.000,-1,-1,-1,-1,700.000,725.000,-1,-1,2,0,2,0,2,0,0,0,0,2,2,2,2,0,0,2,2
63,-318.725,-2940.649,3.214,49.832,0.642731,-0.762376,0.075359,0.765246,0.643529,-0.016402,-0.035991,0.068210,0.997022,0,0.16000,-0.24000,9.600,-0.480,-1,375.000,-1,375.000,-1,300.000,300.000,325.000,300.000,-1,-1,-1,-1,700.000,725.000,-1,-1,2,0,2,0,2,0,0,0,0,2,2,2,2,0,0,2,2
64,-309.298,-2929.763,2.676,49.112,0.652267,-0.754252,0.075180,0.757108,0.653078,-0.016639,-0.036549,0.067772,0.997031,0,0.24000,-0.36000,14.400,-0.720,-1,375.000,-1,375.000,-1,300.000,300.000,325.000,300.000,-1,-1,-1,-1,700.000,725.000,-1,-1,2,0,2,0,2,0,0,0,0,2,2,2,2,0,0,2,2
65,-296.488,-2915.461,1.940,48.152,0.664821,-0.743234,0.074943,0.746072,0.665650,-0.016960,-0.037281,0.067188,0.997044,0,0.32000,-0.48000,19.200,-0.960,-1,375.000,-1,375.000,-1,300.000,300.000,325.000,300.000,-1,1000.000,-1,-1,700.000,725.000,-1,-1,2,0,2,0,2,0,0,0,0,2,0,2,2,0,0,2,2
66,-280.105,-2897.922,0.991,46.952,0.680253,-0.729164,0.074672,0.731983,0.681100,-0.017405,-0.038169,0.066499,0.997056,0,0.40000,-0.60000,24.000,-1.200,-1,375.000,-1,375.000,-1,300.000,325.000,325.000,300.000,-1,950.000,-1,-1,700.000,725.000,-1,-1,2,0,2,0,2,0,0,0,0,2,0,2,2,0,0,2,2
67,-259.935,-2877.364,-0.156,45.548,0.697926,-0.712285,0.074493,0.715093,0.698798,-0.017973,-0.039253,0.065813,0.997060,0,0.48000,-0.70218,28.800,-1.404,-1,375.000,-1,375.000,-1,300.000,325.000,325.000,300.000,-1,925.000,-1,-1,700.000,725.000,-1,-1,2,0,2,0,2,0,0,0,0,2,0,2,2,0,0,2,2
68,-235.823,-2853.962,-1.522,44.146,0.715157,-0.695004,0.074295,0.697805,0.716044,-0.018673,-0.040220,0.065198,0.997061,0,0.56000,-0.70094,33.600,-1.402,-1,375.000,-1,375.000,-1,300.000,325.000,325.000,300.000,-1,900.000,975.000,-1,700.000,725.000,-1,-1,2,0,2,0,2,0,0,0,0,2,0,0,2,0,0,2,2
69,-207.623,-2827.897,-3.113,42.747,0.731933,-0.677337,0.074089,0.680138,0.732824,-0.019525,-0.041069,0.064681,0.997060,0,0.64000,-0.69951,38.400,-1.399,-1,375.000,-1,375.000,-1,300.000,325.000,325.000,300.000,-1,875.000,950.000,-1,700.000,725.000,-1,-1,2,0,2,0,2,0,0,0,0,2,0,0,2,0,0,2,2
70,-175.193,-2799.357,-4.933,41.351,0.748240,-0.659301,0.073884,0.662110,0.749125,-0.020552,-0.041799,0.064297,0.997055,0,0.72000,-0.69791,43.200,-1.396,-1,375.000,-1,375.000,-1,300.000,325.000,325.000,300.000,-1,900.000,900.000,-1,700.000,725.000,-1,-1,2,0,2,0,2,0,0,0,0,2,0,0,2,0,0,2,2
71,-138.400,-2768.529,-6.987,39.959,0.764068,-0.640914,0.073688,0.643741,0.764934,-0.021781,-0.042407,0.064078,0.997043,0,0.80000,-0.69614,48.000,-1.392,-1,375.000,-1,400.000,-1,300.000,325.000,325.000,300.000,-1,900.000,900.000,-1,700.000,750.000,-1,-1,2,0,2,0,2,0,0,0,0,2,0,0,2,0,0,2,2
72,-99.307,-2737.356,-9.157,38.570,0.779405,-0.622192,0.073523,0.625047,0.780243,-0.023165,-0.042953,0.064010,0.997024,0,0.83333,-0.69428,50.000,-1.389,-1,375.000,-1,400.000,-1,300.000,325.000,300.000,300.000,-1,925.000,900.000,-1,700.000,750.000,-1,-1,2,0,2,0,2,0,0,0,0,2,0,0,2,0,0,2,2
73,-59.471,-2707.138,-11.378,37.181,0.794276,-0.603097,0.073482,0.605995,0.795085,-0.024680,-0.043540,0.064132,0.996991,0,0.83333,-0.69428,50.000,-1.389,-1,375.000,-1,400.000,-1,300.000,325.000,300.000,300.000,-1,950.000,900.000,-1,725.000,750.000,-1,-1,2,0,2,0,2,0,0,0,0,2,0,0,2,0,0,2,2
74,-18.914,-2677.895,-13.666,35.793,0.808670,-0.583643,0.073578,0.586598,0.809452,-0.026276,-0.044222,0.064410,0.996943,0,0.83333,-0.69428,50.000,-1.389,-1,375.000,-1,400.000,-1,300.000,325.000,300.000,300.000,-1,950.000,900.000,-1,725.000,750.000,-1,-1,2,0,2,0,2,0,0,0,0,2,0,0,2,0,0,2,2
75,22.340,-2649.644,-15.995,34.404,0.822586,-0.563843,0.073718,0.566864,0.823337,-0.027964,-0.044928,0.064791,0.996887,0,0.83333,-0.69428,50.000,-1.389,-1,375.000,-1,400.000,-1,325.000,325.000,300.000,300.000,-1,1000.000,900.000,-1,725.000,750.000,-1,-1,2,0,2,0,2,0,0,0,0,2,0,0,2,0,0,2,2
76,64.266,-2622.400,-18.365,33.016,0.836015,-0.543709,0.073896,0.546804,0.836732,-0.029746,-0.045658,0.065275,0.996822,0,0.83333,-0.69428,50.000,-1.389,-1,375.000,-1,400.000,-1,325.000,325.000,300.000,300.000,-1,-1,900.000,-1,725.000,750.000,-1,-1,2,0,2,0,2,0,0,0,0,2,2,0,2,0,0,2,2
77,106.840,-2596.180,-20.838,31.627,0.848970,-0.523261,0.073807,0.526416,0.849643,-0.031517,-0.046218,0.065610,0.996774,0,0.83333,-0.69428,50.000,-1.389,-1,375.000,-1,400.000,-1,325.000,325.000,325.000,300.000,-1,-1,900.000,-1,750.000,750.000,-1,-1,2,0,2,0,2,0,0,0,0,2,2,0,2,0,0,2,2
78,150.037,-2571.000,-23.381,30.239,0.861443,-0.502520,0.073418,0.505703,0.862076,-0.033014,-0.046702,0.065568,0.996755,0,0.83333,-0.69428,50.000,-1.389,-1,375.000,-1,400.000,-1,325.000,325.000,325.000,300.000,-1,-1,875.000,-1,750.000,775.000,-1,-1,2,0,2,0,2,0,0,0,0,2,2,0,2,0,0,2,2
79,193.832,-2546.874,-25.880,28.850,0.873385,-0.481502,0.073175,0.484689,0.874034,-0.033771,-0.047697,0.064963,0.996747,0,0.83333,-0.69428,50.000,-1.389,-1,400.000,-1,400.000,-1,325.000,325.000,325.000,300.000,-1,-1,925.000,-1,750.000,775.000,-1,-1,2,0,2,0,2,0,0,0,0,2,2,0,2,0,0,2,2
80,238.199,-2523.817,-28.480,27.462,0.884802,-0.460205,0.073051,0.463390,0.885494,-0.034206,-0.048945,0.064116,0.996741,0,0.83333,-0.69428,50.000,-1.389,-1,400.000,-1,400.000,-1,325.000,325.000,300.000,300.000,-1,-1,975.000,-1,750.000,775.000,-1,-1,2,0,2,0,2,0,0,0,0,2,2,0,2,0,0,2,2
81,283.111,-2501.842,-31.121,26.073,0.895695,-0.438636,0.072999,0.441821,0.896434,-0.034637,-0.050246,0.063277,0.996730,0,0.83333,-0.69428,50.000,-1.389,-1,400.000,-1,400.000,-1,325.000,325.000,300.000,325.000,-1,-1,-1,-1,750.000,775.000,-1,-1,2,0,2,0,2,0,0,0,0,2,2,2,2,0,0,2,2
82,328.543,-2480.961,-33.803,24.685,0.906058,-0.416806,0.073019,0.419996,0.906848,-0.035071,-0.051599,0.062444,0.996714,0,0.83333,-0.69428,50.000,-1.389,-1,400.000,-1,400.000,-1,325.000,325.000,300.000,325.000,-1,-1,-1,-1,750.000,775.000,-1,-1,2,0,2,0,2,0,0,0,0,2,2,2,2,0,0,2,2
83,374.467,-2461.188,-36.526,23.296,0.915884,-0.394729,0.073110,0.397928,0.916729,-0.035514,-0.053004,0.061619,0.996691,0,0.83333,-0.69428,50.000,-1.389,-1,400.000,-1,400.000,-1,325.000,325.000,300.000,325.000,-1,-1,-1,-1,750.000,775.000,-1,-1,2,0,2,0,2,0,0,0,0,2,2,2,2,0,0,2,2
84,420.857,-2442.533,-39.290,21.907,0.925168,-0.372417,0.073271,0.375630,0.926071,-0.035970,-0.054459,0.060802,0.996663,0,0.83333,-0.69428,50.000,-1.389,-1,400.000,-1,400.000,-1,325.000,325.000,300.000,325.000,-1,-1,-1,-1,750.000,775.000,-1,-1,2,0,2,0,2,0,0,0,0,2,2,2,2,0,0,2,2
85,467.686,-2425.008,-42.101,20.519,0.933907,-0.349885,0.073480,0.353113,0.934871,-0.036434,-0.055946,0.059973,0.996631,0,0.83333,-0.69428,50.000,-1.389,-1,400.000,-1,400.000,-1,325.000,325.000,300.000,325.000,-1,-1,-1,-1,750.000,775.000,-1,-1,2,0,2,0,2,0,0,0,0,2,2,2,2,0,0,2,2
86,514.925,-2408.623,-44.964,19.130,0.942095,-0.327145,0.073705,0.330388,0.943124,-0.036892,-0.057444,0.059107,0.996597,0,0.83333,-0.69428,50.000,-1.389,-1,400.000,-1,400.000,-1,325.000,325.000,300.000,325.000,-1,-1,-1,-1,775.000,775.000,-1,-1,2,0,2,0,2,0,0,0,0,2,2,2,2,0,0,2,2
87,562.548,-2393.387,-47.880,17.742,0.949729,-0.304210,0.073961,0.307471,0.950823,-0.037378,-0.058953,0.058240,0.996560,0,0.83333,-0.69428,50.000,-1.389,-1,400.000,-1,400.000,-1,325.000,325.000,300.000,325.000,-1,-1,-1,-1,775.000,775.000,-1,-1,2,0,2,0,2,0,0,0,0,2,2,2,2,0,0,2,2
88,610.525,-2379.310,-50.888,16.353,0.956807,-0.281092,0.074221,0.284381,0.957956,-0.038053,-0.060404,0.057516,0.996516,0,0.83333,-0.69428,50.000,-1.389,-1,400.000,-1,400.000,-1,325.000,325.000,300.000,300.000,-1,-1,-1,-1,775.000,800.000,-1,-1,2,0,2,0,2,0,0,0,0,2,2,2,2,0,0,2,2
89,658.830,-2366.399,-53.989,14.965,0.963309,-0.257804,0.074654,0.261140,0.964518,-0.038874,-0.061983,0.056942,0.996452,0,0.83333,-0.69428,50.000,-1.389,-1,400.000,-1,400.000,-1,325.000,325.000,300.000,300.000,-1,-1,-1,-1,775.000,800.000,-1,-1,2,0,2,0,2,0,0,0,0,2,2,2,2,0,0,2,2
90,707.433,-2354.663,-57.153,13.576,0.969247,-0.234364,0.075065,0.237746,0.970515,-0.039709,-0.063545,0.056334,0.996388,0,0.83333,-0.69428,50.000,-1.389,-1,400.000,-1,400.000,-1,325.000,325.000,300.000,300.000,-1,-1,-1,-1,775.000,825.000,-1,-1,2,0,2,0,2,0,0,0,0,2,2,2,2,0,0,2,2
91,751.575,-2344.937,-60.182,12.428,0.973740,-0.214875,0.075229,0.218259,0.975071,-0.039998,-0.064759,0.055367,0.996364,0,0.75333,-0.57428,45.200,-1.149,-1,400.000,-1,400.000,-1,325.000,325.000,300.000,300.000,-1,-1,-1,-1,775.000,825.000,-1,-1,2,0,2,0,2,0,0,0,0,2,2,2,2,0,0,2,2
92,791.161,-2336.870,-62.955,11.519,0.977008,-0.199396,0.075478,0.202778,0.978404,-0.040088,-0.065855,0.054472,0.996341,0,0.67333,-0.45428,40.400,-0.909,-1,400.000,-1,400.000,-1,325.000,325.000,300.000,300.000,-1,-1,-1,-1,800.000,825.000,-1,-1,2,0,2,0,2,0,0,0,0,2,2,2,2,0,0,2,2
93,826.125,-2330.169,-65.415,10.850,0.979252,-0.187973,0.075708,0.191357,0.980698,-0.040178,-0.066695,0.053831,0.996320,0,0.59333,-0.33428,35.600,-0.669,-1,400.000,-1,400.000,-1,325.000,325.000,300.000,300.000,-1,-1,-1,-1,800.000,825.000,-1,-1,2,0,2,0,2,0,0,0,0,2,2,2,2,0,0,2,2
94,856.417,-2324.597,-67.550,10.422,0.980616,-0.180636,0.075913,0.184026,0.982096,-0.040262,-0.067281,0.053451,0.996301,0,0.51333,-0.21428,30.800,-0.429,-1,400.000,-1,400.000,-1,325.000,325.000,300.000,300.000,-1,-1,-1,-1,825.000,850.000,-1,-1,2,0,2,0,2,0,0,0,0,2,2,2,2,0,0,2,2
95,882.003,-2319.978,-69.354,10.233,0.981192,-0.177405,0.076087,0.180804,0.982692,-0.040337,-0.067614,0.053335,0.996285,0,0.43333,-0.09428,26.000,-0.189,-1,400.000,-1,400.000,-1,325.000,325.000,300.000,300.000,-1,-1,-1,-1,825.000,850.000,-1,-1,2,0,2,0,2,0,0,0,0,2,2,2,2,0,0,2,2
96,902.862,-2316.193,-70.820,10.285,0.981022,-0.178286,0.076228,0.181698,0.982524,-0.040399,-0.067693,0.053483,0.996272,0,0.35333,0.02572,21.200,0.051,-1,400.000,-1,400.000,-1,325.000,325.000,300.000,300.000,-1,-1,-1,-1,825.000,850.000,-1,-1,2,0,2,0,2,0,0,0,0,2,2,2,2,0,0,2,2
97,918.983,-2313.183,-71.946,10.576,0.980093,-0.183277,0.076333,0.186706,0.981583,-0.040449,-0.067513,0.053896,0.996262,0,0.27333,0.14572,16.400,0.291,-1,400.000,-1,400.000,-1,325.000,325.000,300.000,300.000,-1,-1,-1,-1,825.000,850.000,-1,-1,2,0,2,0,2,0,0,0,0,2,2,2,2,0,0,2,2
98,930.374,-2310.994,-72.738,10.875,0.979118,-0.188387,0.076405,0.191830,0.980593,-0.040484,-0.067295,0.054295,0.996255,0,0.19333,0.14933,11.600,0.299,-1,400.000,-1,400.000,-1,325.000,325.000,300.000,300.000,-1,-1,-1,-1,825.000,850.000,-1,-1,2,0,2,0,2,0,0,0,0,2,2,2,2,0,0,2,2
99,937.045,-2309.676,-73.199,11.174,0.978119,-0.193492,0.076445,0.196946,0.979577,-0.040505,-0.067046,0.054674,0.996251,0,0.11333,0.14933,6.800,0.299,-1,400.000,-1,400.000,-1,325.000,325.000,300.000,300.000,-1,-1,-1,-1,850.000,850.000,-1,-1,2,0,2,0,2,0,0,0,0,2,2,2,2,0,0,2,2
100,939.005,-2309.278,-73.332,11.472,0.977096,-0.198591,0.076453,0.202054,0.978536,-0.040514,-0.066766,0.055034,0.996250,0,0.03333,0.14933,2.000,0.299,-1,400.000,-1,400.000,-1,325.000,325.000,300.000,300.000,-1,-1,-1,-1,850.000,850.000,-1,-1,2,0,2,0,2,0,0,0,0,2,2,2,2,0,0,2,2
101,936.263,-2309.849,-73.140,11.771,0.976049,-0.203685,0.076429,0.207154,0.977469,-0.040512,-0.066456,0.055374,0.996252,0,-0.04667,0.14933,-2.800,0.299,-1,400.000,-1,400.000,-1,325.000,325.000,300.000,300.000,-1,-1,-1,-1,825.000,850.000,-1,-1,2,0,2,0,2,0,0,0,0,2,2,2,2,0,0,2,2
102,928.831,-2311.438,-72.625,12.069,0.974977,-0.208773,0.076375,0.212246,0.976377,-0.040500,-0.066116,0.055696,0.996256,0,-0.12667,0.14933,-7.600,0.299,-1,400.000,-1,400.000,-1,325.000,325.000,300.000,300.000,-1,-1,-1,-1,825.000,850.000,-1,-1,2,0,2,0,2,0,0,0,0,2,2,2,2,0,0,2,2
103,916.718,-2314.094,-71.789,12.368,0.973881,-0.213856,0.076292,0.217330,0.975259,-0.040478,-0.065748,0.056001,0.996264,0,-0.20667,0.14933,-12.400,0.299,-1,400.000,-1,400.000,-1,325.000,325.000,300.000,300.000,-1,-1,-1,-1,825.000,850.000,-1,-1,2,0,2,0,2,0,0,0,0,2,2,2,2,0,0,2,2
104,899.937,-2317.866,-70.636,12.667,0.972761,-0.218933,0.076181,0.222405,0.974115,-0.040448,-0.065353,0.056289,0.996273,0,-0.28667,0.14933,-17.200,0.299,-1,400.000,-1,400.000,-1,325.000,325.000,300.000,300.000,-1,-1,-1,-1,825.000,850.000,-1,-1,2,0,2,0,2,0,0,0,0,2,2,2,2,0,0,2,2
105,878.497,-2322.801,-69.166,12.965,0.971617,-0.224004,0.076044,0.227473,0.972946,-0.040410,-0.064935,0.056561,0.996285,0,-0.36667,0.14933,-22.000,0.299,-1,400.000,-1,400.000,-1,325.000,325.000,300.000,300.000,-1,-1,-1,-1,825.000,850.000,-1,-1,2,0,2,0,2,0,0,0,0,2,2,2,2,0,0,2,2
106,856.526,-2327.980,-67.663,13.264,0.970446,-0.229069,0.075908,0.232535,0.971750,-0.040372,-0.064515,0.056830,0.996297,0,-0.37622,0.14933,-22.573,0.299,-1,400.000,-1,400.000,-1,325.000,325.000,300.000,300.000,-1,-1,-1,-1,800.000,850.000,-1,-1,2,0,2,0,2,0,0,0,0,2,2,2,2,0,0,2,2
107,834.582,-2333.274,-66.165,13.563,0.969248,-0.234128,0.075776,0.237590,0.970528,-0.040335,-0.064099,0.057098,0.996309,0,-0.37622,0.14933,-22.573,0.299,-1,400.000,-1,400.000,-1,325.000,325.000,300.000,300.000,-1,-1,-1,-1,800.000,850.000,-1,-1,2,0,2,0,2,0,0,0,0,2,2,2,2,0,0,2,2
108,812.666,-2338.682,-64.672,13.861,0.968024,-0.239180,0.075649,0.242639,0.969279,-0.040299,-0.063686,0.057366,0.996320,0,-0.37622,0.14933,-22.573,0.299,-1,400.000,-1,400.000,-1,325.000,325.000,300.000,300.000,-1,-1,-1,-1,800.000,825.000,-1,-1,2,0,2,0,2,0,0,0,0,2,2,2,2,0,0,2,2
109,790.779,-2344.203,-63.184,14.160,0.966773,-0.244225,0.075527,0.247681,0.968004,-0.040265,-0.063277,0.057633,0.996331,0,-0.37622,0.14933,-22.573,0.299,-1,400.000,-1,400.000,-1,325.000,325.000,300.000,300.000,-1,-1,-1,-1,800.000,825.000,-1,-1,2,0,2,0,2,0,0,0,0,2,2,2,2,0,0,2,2
110,768.921,-2349.839,-61.701,14.459,0.965495,-0.249263,0.075409,0.252717,0.966703,-0.040231,-0.062870,0.057900,0.996341,0,-0.37622,0.14933,-22.573,0.299,-1,400.000,-1,400.000,-1,325.000,325.000,300.000,300.000,-1,-1,-1,-1,775.000,825.000,-1,-1,2,0,2,0,2,0,0,0,0,2,2,2,2,0,0,2,2
111,747.092,-2355.589,-60.222,14.757,0.964191,-0.254295,0.075296,0.257747,0.965376,-0.040199,-0.062467,0.058167,0.996351,0,-0.37622,0.14933,-22.573,0.299,-1,400.000,-1,400.000,-1,325.000,325.000,300.000,300.000,-1,-1,-1,-1,775.000,825.000,-1,-1,2,0,2,0,2,0,0,0,0,2,2,2,2,0,0,2,2
112,725.294,-2361.453,-58.776,15.056,0.962856,-0.259321,0.075244,0.262766,0.964029,-0.040038,-0.062155,0.058323,0.996361,0,-0.37622,0.14933,-22.573,0.299,-1,400.000,-1,400.000,-1,325.000,325.000,300.000,300.000,-1,-1,-1,-1,775.000,825.000,-1,-1,2,0,2,0,2,0,0,0,0,2,2,2,2,0,0,2,2
113,703.527,-2367.430,-57.358,15.355,0.961493,-0.264341,0.075194,0.267773,0.962661,-0.039777,-0.061872,0.058381,0.996375,0,-0.37622,0.14933,-22.573,0.299,-1,400.000,-1,400.000,-1,325.000,325.000,300.000,300.000,-1,-1,-1,-1,775.000,825.000,-1,-1,2,0,2,0,2,0,0,0,0,2,2,2,2,0,0,2,2
114,681.791,-2373.520,-55.978,15.653,0.960115,-0.269357,0.075010,0.272762,0.961274,-0.039418,-0.061488,0.058306,0.996403,0,-0.37622,0.14933,-22.573,0.299,-1,400.000,-1,400.000,-1,325.000,325.000,300.000,300.000,-1,-1,-1,-1,775.000,800.000,-1,-1,2,0,2,0,2,0,0,0,0,2,2,2,2,0,0,2,2
115,660.087,-2379.724,-54.602,15.952,0.958710,-0.274365,0.074831,0.277743,0.959861,-0.039063,-0.061110,0.058234,0.996431,0,-0.37622,0.14933,-22.573,0.299,-1,400.000,-1,400.000,-1,325.000,325.000,300.000,300.000,-1,-1,-1,-1,775.000,800.000,-1,-1,2,0,2,0,2,0,0,0,0,2,2,2,2,0,0,2,2
116,638.416,-2386.041,-53.230,16.251,0.957278,-0.279365,0.074656,0.282718,0.958422,-0.038711,-0.060738,0.058164,0.996458,0,-0.37622,0.14933,-22.573,0.299,-1,400.000,-1,400.000,-1,325.000,325.000,300.000,300.000,-1,-1,-1,-1,775.000,800.000,-1,-1,2,0,2,0,2,0,0,0,0,2,2,2,2,0,0,2,2
117,616.777,-2392.470,-51.863,16.549,0.955820,-0.284358,0.074486,0.287686,0.956956,-0.038363,-0.060371,0.058097,0.996484,0,-0.37622,0.14933,-22.573,0.299,-1,400.000,-1,400.000,-1,325.000,325.000,300.000,300.000,-1,-1,-1,-1,775.000,800.000,-1,-1,2,0,2,0,2,0,0,0,0,2,2,2,2,0,0,2,2
118,599.746,-2397.550,-50.789,16.608,0.955536,-0.285342,0.074371,0.288648,0.956677,-0.038101,-0.060277,0.057874,0.996503,0,-0.29622,0.02933,-17.773,0.059,-1,400.000,-1,400.000,-1,325.000,325.000,300.000,300.000,-1,-1,-1,-1,775.000,800.000,-1,-1,2,0,2,0,2,0,0,0,0,2,2,2,2,0,0,2,2
119,587.303,-2401.219,-50.012,16.427,0.956436,-0.282318,0.074336,0.285609,0.957595,-0.037941,-0.060472,0.057519,0.996511,0,-0.21622,-0.09067,-12.973,-0.181,-1,400.000,-1,400.000,-1,325.000,325.000,300.000,300.000,-1,-1,-1,-1,775.000,800.000,-1,-1,2,0,2,0,2,0,0,0,0,2,2,2,2,0,0,2,2
120,579.447,-2403.473,-49.521,16.005,0.958488,-0.275277,0.074326,0.278553,0.959675,-0.037846,-0.060911,0.056979,0.996516,0,-0.13622,-0.21067,-8.173,-0.421,-1,400.000,-1,400.000,-1,325.000,325.000,300.000,300.000,-1,-1,-1,-1,775.000,800.000,-1,-1,2,0,2,0,2,0,0,0,0,2,2,2,2,0,0,2,2
121,576.197,-2404.378,-49.317,15.548,0.960655,-0.267611,0.074333,0.270876,0.961871,-0.037813,-0.061379,0.056461,0.996516,0,-0.05622,-0.22880,-3.373,-0.458,-1,400.000,-1,400.000,-1,325.000,325.000,300.000,300.000,-1,-1,-1,-1,775.000,800.000,-1,-1,2,0,2,0,2,0,0,0,0,2,2,2,2,0,0,2,2
122,577.575,-2404.006,-49.407,15.090,0.962761,-0.259928,0.074357,0.263186,0.964003,-0.037845,-0.061843,0.056005,0.996513,0,0.02378,-0.22880,1.427,-0.458,-1,400.000,-1,400.000,-1,325.000,325.000,300.000,300.000,-1,-1,-1,-1,775.000,800.000,-1,-1,2,0,2,0,2,0,0,0,0,2,2,2,2,0,0,2,2
123,583.601,-2402.434,-49.794,14.632,0.964804,-0.252226,0.074399,0.255482,0.966069,-0.037943,-0.062304,0.055615,0.996507,0,0.10378,-0.22880,6.227,-0.458,-1,400.000,-1,400.000,-1,325.000,325.000,300.000,300.000,-1,-1,-1,-1,775.000,800.000,-1,-1,2,0,2,0,2,0,0,0,0,2,2,2,2,0,0,2,2
124,594.292,-2399.733,-50.481,14.175,0.966785,-0.244506,0.074460,0.247767,0.968070,-0.038109,-0.062764,0.055292,0.996496,0,0.18378,-0.22880,11.027,-0.458,-1,400.000,-1,400.000,-1,325.000,325.000,300.000,300.000,-1,-1,-1,-1,775.000,800.000,-1,-1,2,0,2,0,2,0,0,0,0,2,2,2,2,0,0,2,2
125,609.668,-2395.981,-51.472,13.717,0.968702,-0.236770,0.074541,0.240040,0.970006,-0.038344,-0.063227,0.055037,0.996480,0,0.26378,-0.22880,15.827,-0.458,-1,400.000,-1,400.000,-1,325.000,325.000,300.000,300.000,-1,-1,-1,-1,775.000,800.000,-1,-1,2,0,2,0,2,0,0,0,0,2,2,2,2,0,0,2,2
126,629.745,-2391.250,-52.788,13.260,0.970551,-0.229017,0.074708,0.232308,0.971872,-0.038700,-0.063744,0.054916,0.996454,0,0.34378,-0.22880,20.627,-0.458,-1,400.000,-1,400.000,-1,325.000,325.000,300.000,300.000,-1,-1,-1,-1,775.000,800.000,-1,-1,2,0,2,0,2,0,0,0,0,2,2,2,2,0,0,2,2
127,654.540,-2385.616,-54.418,12.802,0.972336,-0.221249,0.074916,0.224568,0.973672,-0.039143,-0.064283,0.054884,0.996421,0,0.42378,-0.22880,25.427,-0.458,-1,400.000,-1,400.000,-1,325.000,325.000,300.000,300.000,-1,-1,-1,-1,775.000,800.000,-1,-1,2,0,2,0,2,0,0,0,0,2,2,2,2,0,0,2,2
128,684.069,-2379.153,-56.365,12.344,0.974055,-0.213465,0.075166,0.216822,0.975405,-0.039675,-0.064848,0.054943,0.996381,0,0.50378,-0.22880,30.227,-0.458,-1,400.000,-1,400.000,-1,325.000,325.000,300.000,300.000,-1,-1,-1,-1,775.000,800.000,-1,-1,2,0,2,0,2,0,0,0,0,2,2,2,2,0,0,2,2
129,718.345,-2371.939,-58.672,11.887,0.975720,-0.205668,0.075303,0.209054,0.977079,-0.040165,-0.065316,0.054932,0.996351,0,0.58378,-0.22880,35.027,-0.458,-1,400.000,-1,400.000,-1,325.000,325.000,300.000,300.000,-1,-1,-1,-1,775.000,825.000,-1,-1,2,0,2,0,2,0,0,0,0,2,2,2,2,0,0,2,2
130,757.382,-2364.047,-61.406,11.429,0.977317,-0.197861,0.075514,0.201257,0.978709,-0.040301,-0.065932,0.054585,0.996330,0,0.66378,-0.22880,39.827,-0.458,-1,400.000,-1,400.000,-1,325.000,325.000,300.000,300.000,-1,-1,-1,-1,800.000,825.000,-1,-1,2,0,2,0,2,0,0,0,0,2,2,2,2,0,0,2,2
131,801.194,-2355.554,-64.489,10.972,0.978847,-0.190042,0.075777,0.193450,0.980277,-0.040429,-0.066600,0.054233,0.996305,0,0.74378,-0.22880,44.627,-0.458,-1,400.000,-1,400.000,-1,325.000,325.000,300.000,300.000,-1,-1,-1,-1,800.000,825.000,-1,-1,2,0,2,0,2,0,0,0,0,2,2,2,2,0,0,2,2
132,849.791,-2346.535,-67.918,10.514,0.980311,-0.182210,0.076084,0.185633,0.981781,-0.040575,-0.067305,0.053899,0.996275,0,0.82378,-0.22880,49.427,-0.458,-1,400.000,-1,400.000,-1,325.000,325.000,300.000,300.000,-1,-1,-1,-1,825.000,850.000,-1,-1,2,0,2,0,2,0,0,0,0,2,2,2,2,0,0,2,2
133,902.783,-2337.137,-71.667,10.056,0.981710,-0.174366,0.076435,0.177807,0.983222,-0.040738,-0.068050,0.053584,0.996242,0,0.89698,-0.22880,53.819,-0.458,-1,400.000,-1,400.000,-1,325.000,325.000,300.000,300.000,-1,-1,-1,-1,825.000,850.000,-1,-1,2,0,2,0,2,0,0,0,0,2,2,2,2,0,0,2,2
134,955.849,-2328.164,-75.431,9.599,0.983044,-0.166511,0.076803,0.169971,0.984600,-0.040906,-0.068809,0.053266,0.996207,0,0.89698,-0.22880,53.819,-0.458,-1,400.000,-1,400.000,-1,325.000,325.000,300.000,300.000,-1,-1,-1,-1,850.000,850.000,-1,-1,2,0,2,0,2,0,0,0,0,2,2,2,2,0,0,2,2
135,1008.984,-2319.614,-79.210,9.141,0.984314,-0.158645,0.077187,0.162124,0.985915,-0.041079,-0.069583,0.052948,0.996170,0,0.89698,-0.22880,53.819,-0.458,-1,400.000,-1,400.000,-1,325.000,325.000,300.000,300.000,-1,-1,-1,-1,850.000,850.000,-1,-1,2,0,2,0,2,0,0,0,0,2,2,2,2,0,0,2,2
136,1062.186,-2311.489,-83.005,8.684,0.985520,-0.150768,0.077586,0.154268,0.987167,-0.041257,-0.070370,0.052629,0.996132,0,0.89698,-0.22880,53.819,-0.458,-1,400.000,-1,400.000,-1,325.000,325.000,300.000,300.000,-1,-1,-1,-1,875.000,875.000,-1,-1,2,0,2,0,2,0,0,0,0,2,2,2,2,0,0,2,2
