timestep,x_cm,y_cm,z_cm,yaw_deg,basis_xx,basis_xy,basis_xz,basis_yx,basis_yy,basis_yz,basis_zx,basis_zy,basis_zz,teleport_flag,throttle_cmd,steering_cmd,cmd_move_cm,cmd_turn_deg,lidar_cm_0,lidar_cm_1,lidar_cm_2,lidar_cm_3,lidar_cm_4,lidar_cm_5,lidar_cm_6,lidar_cm_7,lidar_cm_8,lidar_cm_9,lidar_cm_10,lidar_cm_11,lidar_cm_12,lidar_cm_13,lidar_cm_14,lidar_cm_15,lidar_cm_16,lidar_class_0,lidar_class_1,lidar_class_2,lidar_class_3,lidar_class_4,lidar_class_5,lidar_class_6,lidar_class_7,lidar_class_8,lidar_class_9,lidar_class_10,lidar_class_11,lidar_class_12,lidar_class_13,lidar_class_14,lidar_class_15,lidar_class_16
0,8853.197,-1644.263,-119.617,-113.025,-0.386366,0.920179,0.063173,-0.914690,-0.391066,0.102026,0.118587,-0.018365,0.992774,1,0.08000,-0.01937,4.800,-0.039,-1,425.000,-1,425.000,-1,350.000,350.000,300.000,300.000,-1,-1,-1,-1,-1,1000.000,-1,-1,2,0,2,0,2,0,0,0,0,2,2,2,2,2,0,2,2
1,8849.437,-1653.096,-118.458,-113.062,-0.387033,0.919929,0.062746,-0.914511,-0.391665,0.101334,0.117796,-0.018162,0.992872,0,0.16000,-0.01862,9.600,-0.037,-1,425.000,-1,425.000,-1,350.000,350.000,300.000,300.000,-1,-1,-1,-1,-1,1000.000,-1,-1,2,0,2,0,2,0,0,0,0,2,2,2,2,2,0,2,2
2,8843.788,-1666.341,-116.721,-113.097,-0.387684,0.919698,0.062101,-0.914388,-0.392218,0.100297,0.116600,-0.017900,0.993018,0,0.24000,-0.01716,14.400,-0.034,-1,425.000,-1,425.000,-1,350.000,350.000,300.000,300.000,-1,-1,-1,-1,1000.000,1000.000,-1,-1,2,0,2,0,2,0,0,0,0,2,2,2,2,1,0,2,2
3,8836.247,-1683.998,-114.409,-113.126,-0.388297,0.919498,0.061230,-0.914331,-0.392701,0.098918,0.115000,-0.017575,0.993210,0,0.32000,-0.01499,19.200,-0.030,-1,425.000,-1,425.000,-1,350.000,350.000,300.000,300.000,-1,-1,-1,-1,1000.000,1000.000,-1,-1,2,0,2,0,2,0,0,0,0,2,2,2,2,1,0,2,2
4,8826.812,-1706.065,-111.524,-113.151,-0.388845,0.919339,0.060127,-0.914348,-0.393091,0.097198,0.112993,-0.017182,0.993447,0,0.40000,-0.01205,24.000,-0.024,-1,425.000,-1,425.000,-1,325.000,325.000,300.000,275.000,-1,-1,-1,-1,975.000,975.000,-1,-1,2,0,2,0,2,0,0,0,0,2,2,2,2,1,0,2,2
5,8815.482,-1732.542,-108.068,-113.167,-0.389304,0.919232,0.058781,-0.914448,-0.393362,0.095142,0.110580,-0.016713,0.993727,0,0.48000,-0.00833,28.800,-0.017,-1,425.000,-1,425.000,-1,350.000,325.000,300.000,275.000,-1,-1,-1,-1,950.000,975.000,-1,-1,2,0,2,0,2,0,0,0,0,2,2,2,2,1,0,2,2
6,8802.260,-1763.430,-104.046,-113.175,-0.389645,0.919188,0.057181,-0.914639,-0.393486,0.092754,0.107759,-0.016159,0.994046,0,0.56000,-0.00378,33.600,-0.008,-1,425.000,-1,425.000,-1,350.000,325.000,325.000,275.000,-1,-1,-1,-1,925.000,975.000,-1,-1,2,0,2,0,2,0,0,0,0,2,2,2,2,1,0,2,2
7,8787.150,-1798.731,-99.462,-113.171,-0.389837,0.919221,0.055314,-0.914932,-0.393436,0.090038,0.104528,-0.015509,0.994401,0,0.64000,0.00168,38.400,0.003,-1,425.000,-1,425.000,-1,350.000,325.000,325.000,275.000,-1,-1,-1,-1,900.000,950.000,-1,-1,2,0,2,0,2,0,0,0,0,2,2,2,2,1,0,2,2
8,8770.164,-1838.451,-94.456,-113.155,-0.389774,0.919335,0.053843,-0.915320,-0.393178,0.087182,0.101319,-0.015302,0.994736,0,0.72000,0.00811,43.200,0.016,-1,425.000,-1,425.000,-1,350.000,325.000,325.000,275.000,-1,-1,-1,-1,875.000,950.000,-1,-1,2,0,2,0,2,0,0,0,0,2,2,2,2,1,0,2,2
9,8751.313,-1882.594,-89.333,-113.124,-0.389266,0.919528,0.054224,-0.915782,-0.392668,0.084592,0.099077,-0.016728,0.994939,0,0.80000,0.01560,48.000,0.031,-1,425.000,-1,425.000,-1,350.000,350.000,325.000,275.000,-1,-1,-1,-1,825.000,950.000,-1,-1,2,0,2,0,2,0,0,0,0,2,2,2,2,1,0,2,2
10,8730.619,-1931.168,-84.063,-113.076,-0.388424,0.919811,0.055441,-0.916517,-0.391868,0.080220,0.095513,-0.019653,0.995234,0,0.88000,0.02425,52.800,0.049,-1,425.000,-1,425.000,-1,350.000,350.000,325.000,300.000,-1,-1,-1,-1,800.000,950.000,975.000,-1,2,0,2,0,2,0,0,0,0,2,2,2,2,1,0,1,2
11,8709.668,-1980.509,-78.892,-113.007,-0.387255,0.920209,0.057002,-0.917430,-0.390740,0.075134,0.091412,-0.023200,0.995543,0,0.89342,0.03421,53.605,0.068,1000.000,425.000,-1,425.000,-1,350.000,350.000,300.000,300.000,-1,-1,-1,-1,750.000,950.000,900.000,-1,1,0,2,0,2,0,0,0,0,2,2,2,2,1,0,1,2
12,8688.522,-2030.527,-73.690,-112.918,-0.385769,0.920737,0.058522,-0.918457,-0.389267,0.070058,0.087286,-0.026724,0.995825,0,0.90509,0.04479,54.306,0.090,900.000,425.000,-1,425.000,-1,350.000,350.000,300.000,300.000,-1,-1,-1,-1,700.000,925.000,825.000,-1,1,0,2,0,2,0,0,0,0,2,2,2,2,1,1,1,2
13,8667.207,-2081.221,-69.162,-112.805,-0.384022,0.921474,0.058422,-0.919386,-0.387456,0.067881,0.085186,-0.027645,0.995981,0,0.91656,0.05602,54.994,0.112,800.000,425.000,-1,425.000,-1,350.000,350.000,300.000,300.000,-1,-1,-1,-1,675.000,900.000,775.000,-1,1,0,2,0,2,0,0,0,0,2,2,2,2,1,1,1,2
14,8645.753,-2132.586,-64.901,-112.670,-0.382029,0.922395,0.056935,-0.920489,-0.385271,0.065322,0.082189,-0.027453,0.996239,0,0.92777,0.06795,55.666,0.136,725.000,425.000,-1,425.000,-1,350.000,350.000,300.000,300.000,-1,-1,-1,-1,625.000,850.000,700.000,-1,1,0,2,0,2,0,0,0,0,2,2,2,2,1,1,1,2
15,8624.193,-2184.615,-60.683,-112.508,-0.379652,0.923487,0.055100,-0.921754,-0.382679,0.062668,0.078959,-0.026997,0.996512,0,0.93866,0.08062,56.320,0.161,650.000,425.000,975.000,425.000,-1,325.000,325.000,300.000,300.000,-1,-1,-1,-1,575.000,800.000,650.000,-1,1,0,1,0,2,0,0,0,0,2,2,2,2,1,1,1,2
16,8601.613,-2240.204,-56.222,-112.107,-0.373395,0.926150,0.053128,-0.924600,-0.376204,0.059873,0.075439,-0.026766,0.996791,0,1.00000,0.20062,60.000,0.401,575.000,425.000,875.000,425.000,-1,325.000,325.000,300.000,300.000,-1,-1,-1,-1,550.000,750.000,575.000,-1,1,1,1,0,2,0,0,0,0,2,2,2,2,1,1,1,2
17,8579.657,-2296.041,-51.802,-111.466,-0.363209,0.930302,0.051171,-0.928935,-0.365815,0.057093,0.071833,-0.026798,0.997057,0,1.00000,0.32062,60.000,0.641,525.000,375.000,775.000,400.000,-1,325.000,325.000,300.000,300.000,-1,-1,-1,-1,500.000,675.000,525.000,-1,1,1,1,0,2,0,0,0,0,2,2,2,2,1,1,1,2
18,8558.562,-2352.210,-47.430,-110.585,-0.349044,0.935810,0.049262,-0.934626,-0.351461,0.054311,0.068138,-0.027085,0.997308,0,1.00000,0.44062,60.000,0.881,475.000,350.000,700.000,400.000,-1,325.000,325.000,300.000,300.000,-1,-1,-1,-1,450.000,625.000,450.000,-1,1,1,1,0,2,1,0,0,0,2,2,2,2,1,1,1,2
19,8538.571,-2408.781,-43.116,-109.463,-0.330837,0.942495,0.047435,-0.941492,-0.333077,0.051508,0.064346,-0.027619,0.997545,0,1.00000,0.56062,60.000,1.121,400.000,325.000,625.000,400.000,-1,300.000,325.000,325.000,300.000,-1,-1,-1,-1,400.000,550.000,400.000,-1,1,1,1,1,2,1,1,0,0,2,2,2,2,1,1,1,2
20,8519.929,-2465.811,-38.898,-108.102,-0.308523,0.950124,0.045579,-0.949301,-0.310588,0.048615,0.060346,-0.028269,0.997777,0,1.00000,0.68062,60.000,1.361,350.000,300.000,550.000,350.000,-1,275.000,300.000,325.000,300.000,-1,-1,-1,-1,375.000,475.000,325.000,-1,1,1,1,1,2,1,1,0,0,2,2,2,2,1,1,1,2
21,8502.887,-2523.339,-34.771,-106.501,-0.282006,0.958407,0.043913,-0.957762,-0.283909,0.045679,0.056246,-0.029177,0.997991,0,1.00000,0.80062,60.000,1.601,300.000,250.000,475.000,300.000,-1,225.000,250.000,325.000,300.000,-1,-1,-1,-1,325.000,425.000,275.000,700.000,1,1,1,1,2,1,1,0,0,2,2,2,2,1,1,1,1
22,8487.703,-2581.386,-30.188,-104.660,-0.251127,0.967065,0.041472,-0.966288,-0.252977,0.047850,0.056765,-0.028057,0.997993,0,1.00000,0.92062,60.000,1.841,250.000,225.000,425.000,250.000,-1,200.000,225.000,325.000,300.000,-1,-1,-1,-1,300.000,350.000,225.000,500.000,1,1,1,1,2,1,1,0,0,2,2,2,2,1,1,1,1
23,8474.551,-2639.929,-22.517,-102.660,-0.217729,0.975593,0.028499,-0.973659,-0.219138,0.062983,0.067691,-0.014035,0.997608,0,1.00000,1.00000,60.000,2.000,250.000,225.000,400.000,225.000,-1,200.000,200.000,375.000,300.000,-1,-1,-1,-1,275.000,300.000,225.000,400.000,1,1,1,1,2,1,1,0,0,2,2,2,2,1,1,1,1
24,8463.452,-2698.897,-13.076,-100.660,-0.183704,0.982719,0.022700,-0.979227,-0.184970,0.083068,0.085831,-0.006968,0.996285,0,1.00000,1.00000,60.000,2.000,275.000,225.000,400.000,225.000,-1,200.000,200.000,425.000,300.000,-1,-1,-1,-1,275.000,275.000,250.000,350.000,1,1,1,1,2,1,1,0,0,2,2,2,2,1,1,1,1
25,3607.625,-327.976,49.365,170.896,-0.987396,-0.158069,0.007916,0.157547,-0.986440,-0.045988,0.015078,-0.044161,0.998911,1,0.00000,0.00000,60.000,2.000,-1,350.000,-1,375.000,-1,275.000,300.000,300.000,350.000,-1,-1,-1,350.000,625.000,725.000,-1,-1,2,0,2,0,2,0,0,0,1,2,2,2,1,0,0,2,2
26,3602.883,-327.237,49.537,171.136,-0.988047,-0.153934,0.008171,0.153402,-0.987085,-0.046164,0.015172,-0.044359,0.998900,0,0.08000,0.12000,4.800,0.240,-1,350.000,-1,375.000,-1,275.000,300.000,300.000,375.000,-1,-1,-1,350.000,625.000,725.000,-1,-1,2,0,2,0,2,0,0,0,1,2,2,2,1,0,0,2,2
27,3593.385,-325.837,49.863,171.616,-0.989297,-0.145657,0.008737,0.145104,-0.988325,-0.046460,0.015402,-0.044695,0.998882,0,0.16000,0.24000,9.600,0.480,-1,350.000,-1,375.000,-1,275.000,300.000,300.000,375.000,-1,-1,-1,350.000,650.000,725.000,-1,-1,2,0,2,0,2,0,0,0,1,2,2,2,1,0,0,2,2
28,3579.114,-323.917,50.311,172.336,-0.991038,-0.133224,0.009715,0.132634,-0.990061,-0.046764,0.015848,-0.045057,0.998859,0,0.24000,0.36000,14.400,0.720,-1,350.000,-1,375.000,-1,275.000,300.000,300.000,400.000,-1,-1,-1,350.000,650.000,725.000,-1,-1,2,0,2,0,2,0,0,0,1,2,2,2,1,0,0,2,2
29,3560.045,-321.676,50.836,173.296,-0.993113,-0.116616,0.011239,0.115972,-0.992144,-0.046909,0.016621,-0.045282,0.998836,0,0.32000,0.48000,19.200,0.960,-1,350.000,-1,375.000,-1,275.000,300.000,300.000,425.000,-1,-1,-1,375.000,650.000,725.000,-1,-1,2,0,2,0,2,0,0,0,0,2,2,2,1,0,0,2,2
30,3536.156,-319.374,51.381,174.496,-0.995308,-0.095813,0.013456,0.095092,-0.994374,-0.046675,0.017853,-0.045177,0.998819,0,0.40000,0.60000,24.000,1.200,-1,350.000,-1,375.000,-1,275.000,300.000,300.000,400.000,-1,-1,-1,375.000,675.000,725.000,-1,-1,2,0,2,0,2,0,0,0,0,2,2,2,1,0,0,2,2
31,3507.429,-317.332,51.881,175.936,-0.997354,-0.070797,0.016505,0.069978,-0.996497,-0.045797,0.019690,-0.044521,0.998814,0,0.48000,0.72000,28.800,1.440,-1,350.000,-1,375.000,-1,300.000,300.000,300.000,400.000,-1,-1,-1,375.000,675.000,725.000,-1,-1,2,0,2,0,2,0,0,0,0,2,2,2,1,0,0,2,2
32,3473.860,-315.893,52.268,177.546,-0.998876,-0.042770,0.020455,0.041840,-0.998158,-0.043931,0.022296,-0.043026,0.998825,0,0.56000,0.80510,33.600,1.610,-1,375.000,-1,375.000,-1,300.000,300.000,300.000,400.000,-1,-1,-1,400.000,700.000,750.000,-1,-1,2,0,2,0,2,0,0,0,0,2,2,2,1,0,0,2,2
33,3436.440,-315.346,52.495,179.165,-0.999578,-0.014567,0.025123,0.013532,-0.999073,-0.040874,0.025695,-0.040517,0.998848,0,0.62373,0.80912,37.424,1.618,-1,375.000,-1,375.000,-1,300.000,300.000,300.000,375.000,-1,-1,-1,425.000,750.000,750.000,-1,-1,2,0,2,0,2,0,0,0,0,2,2,2,1,0,0,2,2
34,3399.150,-315.860,52.540,180.792,-0.999455,0.013817,0.029972,-0.014924,-0.999203,-0.037034,0.029436,-0.037461,0.998864,0,0.62157,0.81379,37.294,1.628,-1,375.000,-1,375.000,-1,300.000,300.000,300.000,350.000,-1,-1,-1,425.000,775.000,775.000,-1,-1,2,0,2,0,2,0,0,0,0,2,2,2,1,0,0,2,2
35,3361.969,-317.436,52.423,182.430,-0.998493,0.042366,0.034876,-0.043502,-0.998525,-0.032479,0.033449,-0.033947,0.998864,0,0.62024,0.81864,37.214,1.637,-1,400.000,-1,375.000,-1,300.000,300.000,325.000,350.000,-1,-1,350.000,450.000,825.000,775.000,-1,-1,2,0,2,0,2,0,0,0,0,2,2,1,1,0,0,2,2
36,3324.882,-320.078,52.166,184.077,-0.996681,0.071061,0.039721,-0.072173,-0.997019,-0.027288,0.037663,-0.030065,0.998838,0,0.61968,0.82364,37.181,1.647,-1,400.000,-1,400.000,-1,325.000,300.000,325.000,325.000,-1,-1,225.000,475.000,875.000,800.000,-1,-1,2,0,2,0,2,0,0,0,0,2,2,1,1,0,0,2,2
37,3287.879,-323.793,52.814,185.734,-0.994137,0.099873,0.041439,-0.100983,-0.994558,-0.025620,0.038655,-0.029655,0.998812,0,0.61982,0.82879,37.189,1.658,-1,425.000,-1,400.000,-1,325.000,300.000,325.000,325.000,-1,900.000,200.000,525.000,925.000,800.000,-1,-1,2,0,2,0,2,0,0,0,0,2,1,1,1,0,0,2,2
38,3250.953,-328.592,54.051,187.403,-0.990844,0.128775,0.040552,-0.129906,-0.991170,-0.026598,0.036768,-0.031622,0.998823,0,0.62060,0.83408,37.236,1.668,-1,425.000,-1,400.000,-1,325.000,300.000,325.000,325.000,-1,675.000,225.000,625.000,925.000,800.000,-1,-1,2,0,2,0,2,0,0,0,0,2,1,1,1,0,0,2,2
39,3214.104,-334.483,55.202,189.082,-0.986679,0.157749,0.039749,-0.158910,-0.986897,-0.027975,0.034815,-0.033919,0.998818,0,0.62197,0.83949,37.318,1.679,-1,425.000,-1,375.000,-1,325.000,325.000,325.000,325.000,-1,575.000,250.000,725.000,925.000,800.000,-1,-1,2,0,2,0,2,0,0,0,0,2,1,1,1,0,0,2,2
40,3177.332,-341.479,56.313,190.772,-0.981631,0.186770,0.038952,-0.187962,-0.981731,-0.029573,0.032717,-0.036351,0.998803,0,0.62387,0.84502,37.432,1.690,925.000,425.000,-1,375.000,-1,325.000,325.000,325.000,325.000,-1,525.000,300.000,825.000,925.000,800.000,-1,-1,1,0,2,0,2,0,0,0,0,2,1,1,1,0,0,2,2
41,3140.644,-349.596,57.396,192.473,-0.975686,0.215814,0.038223,-0.217035,-0.975661,-0.031316,0.030534,-0.038850,0.998778,0,0.62625,0.85066,37.575,1.701,875.000,425.000,-1,375.000,-1,325.000,325.000,325.000,325.000,-1,500.000,325.000,950.000,925.000,800.000,-1,-1,1,0,2,0,2,0,0,0,0,2,1,1,1,0,0,2,2
42,3104.052,-358.847,58.450,194.186,-0.968831,0.244855,0.037576,-0.246103,-0.968675,-0.033202,0.028270,-0.041414,0.998742,0,0.62907,0.85640,37.744,1.713,825.000,425.000,-1,375.000,-1,325.000,325.000,325.000,325.000,-1,500.000,375.000,-1,900.000,800.000,-1,-1,1,0,2,0,2,0,0,0,0,2,1,1,2,1,0,2,2
43,3067.569,-369.248,59.470,195.910,-0.961055,0.273864,0.037030,-0.275137,-0.960760,-0.035227,0.025929,-0.044043,0.998693,0,0.63228,0.86225,37.937,1.724,775.000,425.000,-1,375.000,-1,325.000,325.000,325.000,325.000,-1,500.000,425.000,-1,850.000,800.000,-1,-1,1,0,2,0,2,0,0,0,0,2,1,1,2,1,0,2,2
44,3031.214,-380.815,60.454,197.647,-0.952347,0.302812,0.036601,-0.304108,-0.951904,-0.037387,0.023519,-0.046736,0.998630,0,0.63585,0.86818,38.151,1.736,750.000,425.000,-1,400.000,-1,325.000,325.000,300.000,325.000,-1,525.000,475.000,-1,825.000,825.000,-1,-1,1,0,2,0,2,0,0,0,0,2,1,1,2,1,0,2,2
45,2995.008,-393.563,61.398,199.395,-0.942696,0.331671,0.036306,-0.332987,-0.942096,-0.039676,0.021044,-0.049492,0.998553,0,0.63974,0.87420,38.385,1.748,700.000,425.000,-1,400.000,-1,325.000,325.000,300.000,325.000,-1,550.000,525.000,-1,775.000,825.000,-1,-1,1,0,2,0,2,0,0,0,0,2,1,1,2,1,0,2,2
46,2954.798,-409.310,62.398,201.383,-0.930658,0.364100,0.036162,-0.365439,-0.929870,-0.042383,0.018195,-0.052659,0.998447,0,0.71974,0.99420,43.185,1.988,650.000,425.000,-1,400.000,-1,325.000,325.000,300.000,325.000,-1,575.000,575.000,-1,750.000,850.000,-1,-1,1,0,2,0,2,0,0,0,0,2,1,1,2,1,0,2,2
47,2910.756,-428.356,63.356,203.383,-0.917435,0.396260,0.035922,-0.397604,-0.916435,-0.045364,0.014944,-0.055901,0.998324,0,0.79974,1.00000,47.985,2.000,600.000,425.000,-1,400.000,-1,325.000,325.000,300.000,325.000,-1,625.000,625.000,-1,700.000,850.000,725.000,-1,1,0,2,0,2,0,0,0,0,2,1,1,2,1,0,1,2
48,2866.056,-449.567,63.801,205.383,-0.903158,0.427961,0.033989,-0.429185,-0.901960,-0.047624,0.010275,-0.057600,0.998287,0,0.82462,1.00000,49.477,2.000,550.000,425.000,-1,400.000,-1,325.000,325.000,300.000,325.000,-1,700.000,700.000,-1,650.000,850.000,600.000,-1,1,0,2,0,2,0,0,0,0,2,1,1,2,1,0,1,2
49,2821.503,-472.411,64.150,207.143,-0.889697,0.455415,0.032182,-0.456515,-0.888302,-0.050129,0.005758,-0.059291,0.998224,0,0.83448,0.88000,50.069,1.760,500.000,425.000,-1,400.000,-1,325.000,325.000,300.000,325.000,-1,750.000,775.000,-1,625.000,850.000,550.000,-1,1,0,2,0,2,0,0,0,0,2,1,1,2,1,0,1,2
50,2777.331,-496.560,64.344,208.663,-0.877405,0.478775,0.030575,-0.479748,-0.875831,-0.052561,0.001613,-0.060785,0.998150,0,0.83904,0.76000,50.343,1.520,450.000,400.000,-1,400.000,-1,325.000,325.000,300.000,325.000,-1,825.000,850.000,-1,575.000,825.000,475.000,-1,1,1,2,0,2,0,0,0,0,2,1,1,2,1,0,1,2
51,2733.491,-521.820,64.240,209.949,-0.866524,0.498277,0.029259,-0.499133,-0.864829,-0.054194,-0.001700,-0.061565,0.998102,0,0.84329,0.64269,50.597,1.285,400.000,375.000,-1,400.000,-1,325.000,325.000,300.000,325.000,-1,900.000,925.000,-1,550.000,825.000,425.000,-1,1,1,2,0,2,0,0,0,0,2,1,1,2,1,0,1,2
52,2690.035,-548.183,63.990,211.242,-0.855141,0.517649,0.027809,-0.518369,-0.853328,-0.055901,-0.005207,-0.062219,0.998049,0,0.84714,0.64664,50.828,1.293,350.000,350.000,-1,400.000,-1,325.000,325.000,300.000,325.000,-1,950.000,1000.000,-1,525.000,825.000,375.000,-1,1,1,2,0,2,0,0,1,0,2,1,1,2,1,0,1,2
53,2646.999,-575.647,63.513,212.543,-0.843256,0.536889,0.025875,-0.537435,-0.841338,-0.057572,-0.009140,-0.062454,0.998006,0,0.85089,0.65076,51.054,1.302,300.000,350.000,-1,400.000,-1,325.000,325.000,300.000,300.000,-1,-1,-1,-1,500.000,800.000,325.000,-1,1,1,2,0,2,0,0,1,0,2,2,2,2,1,0,1,2
54,2604.417,-604.205,64.385,213.854,-0.830701,0.556166,0.024808,-0.556656,-0.829111,-0.052048,-0.008379,-0.057046,0.998336,0,0.85453,0.65508,51.272,1.310,275.000,325.000,-1,400.000,-1,325.000,325.000,300.000,300.000,-1,-1,-1,-1,500.000,800.000,300.000,-1,1,1,2,0,2,1,0,1,0,2,2,2,2,1,0,1,2
55,2562.333,-633.855,65.784,215.173,-0.817564,0.575343,0.023855,-0.575811,-0.816421,-0.043578,-0.005596,-0.049364,0.998765,0,0.85801,0.65963,51.481,1.319,275.000,325.000,-1,425.000,-1,325.000,350.000,325.000,300.000,-1,-1,-1,-1,500.000,825.000,275.000,-1,1,1,2,0,2,1,0,1,0,2,2,2,2,1,0,1,2
56,2520.789,-664.592,67.394,216.502,-0.803879,0.594355,0.022821,-0.594791,-0.803173,-0.033727,-0.001717,-0.040687,0.999170,0,0.86132,0.66444,51.679,1.329,250.000,325.000,-1,425.000,-1,325.000,350.000,325.000,300.000,-1,-1,-1,-1,525.000,850.000,250.000,-1,1,1,2,0,2,1,1,1,0,2,2,2,2,1,0,1,2
57,2479.828,-696.405,69.211,217.841,-0.789651,0.613175,0.021632,-0.613548,-0.789337,-0.022485,0.003288,-0.031028,0.999513,0,0.86441,0.66955,51.864,1.339,225.000,325.000,-1,450.000,-1,325.000,350.000,350.000,275.000,-1,-1,-1,-1,550.000,875.000,225.000,-1,1,1,2,0,2,1,1,1,0,2,2,2,2,1,0,1,2
58,2439.497,-729.283,71.127,219.191,-0.774887,0.631783,0.020010,-0.632025,-0.774894,-0.009152,0.009723,-0.019739,0.999758,0,0.86723,0.67502,52.034,1.350,225.000,325.000,-1,475.000,-1,325.000,375.000,350.000,275.000,-1,-1,250.000,-1,600.000,900.000,225.000,-1,1,1,2,1,2,1,1,1,0,2,2,0,2,1,0,1,2
59,2399.846,-763.208,72.936,220.553,-0.759611,0.650135,0.017758,-0.650123,-0.759795,0.007217,0.018184,-0.006063,0.999816,0,0.86973,0.68088,52.184,1.362,200.000,350.000,-1,475.000,-1,325.000,375.000,375.000,275.000,-1,375.000,175.000,-1,-1,950.000,250.000,-1,1,1,2,1,2,1,1,1,0,2,0,0,2,2,0,1,2
60,2360.927,-798.163,74.950,221.927,-0.743873,0.668158,0.014732,-0.667745,-0.743967,0.025085,0.027721,0.008823,0.999577,0,0.87185,0.68720,52.311,1.374,200.000,375.000,-1,525.000,-1,350.000,400.000,400.000,275.000,-1,300.000,125.000,-1,-1,1000.000,-1,-1,1,1,2,0,2,1,1,1,0,2,0,0,2,2,0,2,2
61,2322.795,-834.120,75.689,223.315,-0.727615,0.685890,0.011456,-0.685170,-0.727463,0.036593,0.033433,0.018776,0.999265,0,0.87351,0.69404,52.411,1.388,200.000,400.000,-1,525.000,-1,350.000,400.000,425.000,250.000,-1,275.000,100.000,-1,-1,-1,-1,-1,1,1,2,0,2,1,1,1,0,2,0,0,2,2,2,2,2
62,2285.508,-871.047,76.007,224.718,-0.710794,0.703356,0.007902,-0.702366,-0.710312,0.046244,0.038139,0.027320,0.998899,0,0.87464,0.70146,52.478,1.403,225.000,400.000,-1,525.000,-1,375.000,425.000,425.000,250.000,-1,250.000,75.000,725.000,-1,-1,-1,-1,1,1,2,0,2,1,1,1,0,2,0,0,0,2,2,2,2
63,2249.127,-908.908,76.101,226.137,-0.693390,0.720551,0.004046,-0.719306,-0.692501,0.055138,0.042532,0.035322,0.998471,0,0.87512,0.70956,52.507,1.419,225.000,425.000,-1,550.000,-1,400.000,450.000,400.000,250.000,-1,250.000,75.000,575.000,-1,-1,-1,-1,1,1,2,0,2,1,1,1,0,2,0,0,0,2,2,2,2
64,2213.717,-947.656,76.765,227.574,-0.675263,0.737564,0.004388,-0.735883,-0.674102,0.063741,0.049971,0.039813,0.997957,0,0.87484,0.71841,52.490,1.437,225.000,450.000,-1,575.000,-1,425.000,500.000,400.000,250.000,-1,225.000,50.000,500.000,-1,-1,-1,-1,1,1,2,0,2,1,0,1,0,2,0,0,0,2,2,2,2
65,8199.177,-327.886,-211.643,-11.147,0.976468,0.192349,0.097535,-0.200592,0.976137,0.083180,-0.079207,-0.100788,0.991750,1,0.00000,0.00000,52.421,1.456,-1,400.000,-1,375.000,-1,325.000,325.000,300.000,300.000,-1,675.000,850.000,-1,725.000,650.000,-1,-1,2,0,2,0,2,0,0,0,0,2,0,0,2,0,0,2,2
66,8203.882,-328.833,-212.030,-11.387,0.975664,0.196426,0.097452,-0.204676,0.975271,0.083390,-0.078662,-0.101307,0.991740,0,0.08000,-0.12000,4.800,-0.240,-1,400.000,-1,375.000,-1,325.000,325.000,300.000,300.000,-1,650.000,850.000,-1,725.000,650.000,-1,-1,2,0,2,0,2,0,0,0,0,2,0,0,2,0,0,2,2
67,8213.278,-330.806,-212.797,-11.867,0.974005,0.204567,0.097291,-0.212831,0.973487,0.083821,-0.077565,-0.102349,0.991720,0,0.16000,-0.24000,9.600,-0.480,-1,400.000,-1,375.000,-1,325.000,325.000,300.000,300.000,-1,650.000,825.000,-1,725.000,650.000,-1,-1,2,0,2,0,2,0,0,0,0,2,0,0,2,0,0,2,2
68,8227.333,-333.942,-213.928,-12.587,0.971390,0.216748,0.097063,-0.225033,0.970681,0.084492,-0.075904,-0.103917,0.991685,0,0.24000,-0.36000,14.400,-0.720,-1,400.000,-1,375.000,-1,325.000,325.000,300.000,300.000,-1,625.000,800.000,-1,725.000,650.000,-1,-1,2,0,2,0,2,0,0,0,0,2,0,0,2,0,0,2,2
69,8246.000,-338.438,-215.402,-13.547,0.967666,0.232929,0.096783,-0.241241,0.966698,0.085429,-0.073661,-0.106015,0.991632,0,0.32000,-0.48000,19.200,-0.960,-1,400.000,-1,375.000,-1,325.000,325.000,300.000,300.000,-1,600.000,775.000,-1,725.000,650.000,-1,-1,2,0,2,0,2,0,0,0,0,2,0,0,2,0,0,2,2
70,8269.212,-344.545,-217.192,-14.747,0.962631,0.253051,0.096477,-0.261396,0.961333,0.086668,-0.070815,-0.108648,0.991555,0,0.40000,-0.60000,24.000,-1.200,-1,400.000,-1,375.000,-1,325.000,325.000,300.000,300.000,-1,600.000,750.000,-1,725.000,650.000,-1,-1,2,0,2,0,2,0,0,0,0,2,0,0,2,0,0,2,2
71,8296.873,-352.570,-219.260,-16.187,0.956035,0.277031,0.096179,-0.285416,0.954332,0.088247,-0.067339,-0.111818,0.991444,0,0.48000,-0.72000,28.800,-1.440,-1,400.000,-1,375.000,-1,325.000,300.000,300.000,300.000,-1,575.000,725.000,-1,725.000,650.000,-1,-1,2,0,2,0,2,0,0,0,0,2,0,0,2,0,0,2,2
72,8328.856,-362.875,-221.561,-17.867,0.947585,0.304760,0.095937,-0.313190,0.945397,0.090209,-0.063206,-0.115527,0.991291,0,0.56000,-0.84000,33.600,-1.680,-1,400.000,-1,375.000,-1,325.000,300.000,275.000,300.000,-1,550.000,700.000,-1,725.000,625.000,-1,-1,2,0,2,0,2,0,0,0,0,2,0,0,2,0,0,2,2
73,8364.993,-375.871,-224.043,-19.787,0.936942,0.336094,0.095815,-0.344573,0.934182,0.092594,-0.058388,-0.119771,0.991083,0,0.64000,-0.96000,38.400,-1.920,-1,400.000,-1,375.000,-1,325.000,300.000,275.000,300.000,-1,500.000,650.000,-1,700.000,625.000,-1,-1,2,0,2,0,2,0,0,0,0,2,0,0,2,0,0,2,2
74,8405.112,-391.901,-226.618,-21.787,0.924753,0.368287,0.095903,-0.376822,0.921372,0.095285,-0.053270,-0.124254,0.990820,0,0.72000,-1.00000,43.200,-2.000,-1,375.000,-1,350.000,-1,300.000,300.000,275.000,300.000,1000.000,475.000,650.000,-1,700.000,625.000,-1,-1,2,0,2,0,2,0,0,0,0,0,0,0,2,0,0,2,2
75,8449.040,-411.257,-229.111,-23.787,0.911431,0.400003,0.096390,-0.408598,0.907470,0.097707,-0.048388,-0.128438,0.990536,0,0.80000,-1.00000,48.000,-2.000,-1,375.000,-1,350.000,-1,300.000,300.000,275.000,300.000,975.000,475.000,625.000,-1,675.000,625.000,-1,-1,2,0,2,0,2,0,0,0,0,0,0,0,2,0,0,2,2
76,8494.310,-433.126,-231.202,-25.787,0.897139,0.431250,0.095734,-0.439706,0.892584,0.099761,-0.042429,-0.131594,0.990395,0,0.83788,-1.00000,50.273,-2.000,-1,375.000,-1,350.000,-1,300.000,300.000,275.000,300.000,975.000,450.000,600.000,-1,675.000,625.000,-1,-1,2,0,2,0,2,0,0,0,0,0,0,0,2,0,0,2,2
77,8538.789,-456.565,-232.525,-27.787,0.881981,0.462074,0.092718,-0.470009,0.876870,0.100952,-0.034654,-0.132616,0.990561,0,0.83788,-1.00000,50.273,-2.000,-1,375.000,-1,350.000,-1,300.000,300.000,300.000,300.000,975.000,425.000,550.000,-1,675.000,625.000,-1,-1,2,0,2,0,2,0,0,0,0,0,0,0,2,0,0,2,2
78,8582.422,-481.542,-233.593,-29.787,0.865771,0.492330,0.089732,-0.499727,0.860097,0.102502,-0.026714,-0.133584,0.990677,0,0.83788,-1.00000,50.273,-2.000,-1,375.000,-1,350.000,-1,300.000,300.000,300.000,300.000,975.000,400.000,500.000,-1,675.000,625.000,-1,-1,2,0,2,0,2,0,0,0,0,0,0,0,2,0,0,2,2
79,8625.157,-508.027,-234.322,-31.787,0.848504,0.521961,0.087168,-0.528854,0.842251,0.104529,-0.018857,-0.134792,0.990694,0,0.83788,-1.00000,50.273,-2.000,-1,375.000,-1,350.000,-1,300.000,300.000,300.000,300.000,950.000,400.000,475.000,-1,675.000,650.000,-1,-1,2,0,2,0,2,0,0,0,0,0,0,0,2,0,0,2,2
80,8666.942,-535.986,-234.736,-33.787,0.830213,0.550935,0.084953,-0.557337,0.823369,0.106953,-0.011024,-0.136141,0.990628,0,0.83788,-1.00000,50.273,-2.000,-1,375.000,-1,375.000,-1,300.000,300.000,300.000,300.000,950.000,375.000,475.000,-1,675.000,650.000,-1,-1,2,0,2,0,2,0,0,0,0,0,0,0,2,0,0,2,2
81,8707.726,-565.388,-234.888,-35.787,0.810939,0.579229,0.082893,-0.585122,0.803494,0.109677,-0.003076,-0.137444,0.990505,0,0.83788,-1.00000,50.273,-2.000,-1,375.000,-1,375.000,-1,300.000,300.000,300.000,300.000,950.000,375.000,450.000,-1,675.000,675.000,-1,-1,2,0,2,0,2,0,0,0,0,0,0,0,2,0,0,2,2
82,8743.782,-593.102,-234.812,-37.547,0.793190,0.603536,0.081199,-0.608960,0.785198,0.112391,0.004075,-0.138594,0.990341,0,0.75788,-0.88000,45.473,-1.760,-1,375.000,-1,375.000,-1,300.000,300.000,300.000,300.000,925.000,350.000,450.000,-1,675.000,675.000,-1,-1,2,0,2,0,2,0,0,0,0,0,0,0,2,0,0,2,2
83,8775.363,-618.737,-234.513,-39.067,0.777303,0.624041,0.079836,-0.629038,0.768776,0.115306,0.010580,-0.139847,0.990117,0,0.67788,-0.76000,40.673,-1.520,-1,375.000,-1,375.000,-1,300.000,300.000,300.000,300.000,925.000,350.000,425.000,-1,675.000,675.000,-1,-1,2,0,2,0,2,0,0,0,0,0,0,0,2,0,0,2,2
84,8805.672,-644.485,-234.087,-40.347,0.763546,0.640942,0.078679,-0.645544,0.754507,0.118288,0.016452,-0.141109,0.989857,0,0.66277,-0.64000,39.766,-1.280,-1,375.000,-1,375.000,-1,300.000,300.000,300.000,300.000,925.000,325.000,425.000,-1,675.000,700.000,-1,-1,2,0,2,0,2,0,0,0,0,0,0,0,2,0,0,2,2
85,8835.509,-670.777,-233.554,-41.387,0.752142,0.654406,0.077679,-0.658643,0.742608,0.121339,0.021720,-0.142427,0.989567,0,0.66277,-0.52000,39.766,-1.040,-1,375.000,-1,375.000,-1,300.000,300.000,300.000,300.000,925.000,325.000,400.000,-1,700.000,700.000,-1,-1,2,0,2,0,2,0,0,0,0,0,0,0,2,0,0,2,2
86,8864.975,-697.483,-232.933,-42.187,0.743264,0.664575,0.076808,-0.668479,0.733249,0.124430,0.026374,-0.143829,0.989251,0,0.66277,-0.40000,39.766,-0.800,-1,375.000,-1,375.000,-1,325.000,325.000,300.000,300.000,925.000,325.000,400.000,-1,700.000,725.000,-1,-1,2,0,2,0,2,0,0,0,0,0,0,0,2,0,0,2,2
87,8894.179,-724.475,-232.245,-42.747,0.737038,0.671560,0.076034,-0.675167,0.726556,0.127537,0.030406,-0.145336,0.988915,0,0.66277,-0.28000,39.766,-0.560,-1,375.000,-1,375.000,-1,325.000,325.000,300.000,325.000,925.000,325.000,400.000,-1,700.000,750.000,-1,-1,2,0,2,0,2,0,0,0,0,0,0,0,2,0,0,2,2
88,8923.231,-751.630,-231.291,-43.067,0.733482,0.675531,0.075248,-0.678902,0.722713,0.129535,0.033122,-0.146097,0.988716,0,0.66277,-0.16000,39.766,-0.320,-1,375.000,-1,400.000,-1,325.000,325.000,300.000,325.000,925.000,325.000,400.000,-1,700.000,750.000,-1,-1,2,0,2,0,2,0,0,0,0,0,0,0,2,0,0,2,2
89,8952.244,-778.826,-229.949,-43.147,0.732593,0.676593,0.074360,-0.679814,0.721826,0.129691,0.034073,-0.145562,0.988762,0,0.66277,-0.04000,39.766,-0.080,-1,375.000,-1,400.000,-1,325.000,325.000,300.000,325.000,950.000,350.000,425.000,-1,700.000,775.000,-1,-1,2,0,2,0,2,0,0,0,0,0,0,0,2,0,0,2,2
90,8981.281,-805.996,-228.599,-43.096,0.733234,0.675992,0.073498,-0.679092,0.722480,0.129834,0.034666,-0.145110,0.988808,0,0.66277,0.02565,39.766,0.051,-1,375.000,-1,400.000,-1,325.000,325.000,300.000,300.000,975.000,400.000,475.000,-1,700.000,775.000,-1,-1,2,0,2,0,2,0,0,0,0,0,0,0,2,0,0,2,2
91,9010.342,-833.139,-227.237,-43.045,0.733872,0.675389,0.072669,-0.678374,0.723132,0.129955,0.035221,-0.144667,0.988853,0,0.66277,0.02565,39.766,0.051,-1,375.000,-1,400.000,-1,325.000,325.000,300.000,300.000,1000.000,425.000,500.000,-1,700.000,800.000,-1,-1,2,0,2,0,2,0,0,0,0,0,0,0,2,0,0,2,2
92,9039.427,-860.257,-225.864,-42.993,0.734506,0.674785,0.071876,-0.677661,0.723783,0.130054,0.035736,-0.144233,0.988898,0,0.66277,0.02565,39.766,0.051,-1,375.000,-1,400.000,-1,325.000,325.000,300.000,300.000,-1,450.000,525.000,-1,700.000,800.000,-1,-1,2,0,2,0,2,0,0,0,0,2,0,0,2,0,0,2,2
93,9068.537,-887.349,-224.480,-42.942,0.735136,0.674179,0.071116,-0.676952,0.724433,0.130131,0.036213,-0.143806,0.988943,0,0.66277,0.02565,39.766,0.051,-1,375.000,-1,400.000,-1,325.000,325.000,300.000,300.000,-1,475.000,550.000,-1,700.000,800.000,-1,-1,2,0,2,0,2,0,0,0,0,2,0,0,2,0,0,2,2
94,9097.671,-914.414,-223.051,-42.891,0.735767,0.673585,0.070217,-0.676236,0.725095,0.130162,0.036761,-0.143252,0.989003,0,0.66277,0.02565,39.766,0.051,-1,375.000,-1,400.000,-1,325.000,325.000,300.000,300.000,-1,525.000,550.000,-1,700.000,825.000,-1,-1,2,0,2,0,2,0,0,0,0,2,0,0,2,0,0,2,2
95,9129.039,-943.751,-221.376,-43.080,0.733609,0.676077,0.068831,-0.678497,0.722988,0.130115,0.038204,-0.142155,0.989107,0,0.71581,-0.09435,42.948,-0.189,-1,375.000,-1,400.000,-1,325.000,325.000,300.000,300.000,-1,550.000,575.000,-1,700.000,825.000,-1,-1,2,0,2,0,2,0,0,0,0,2,0,0,2,0,0,2,2
96,9160.188,-973.322,-219.650,-43.508,0.728613,0.681584,0.067572,-0.683748,0.718031,0.130075,0.040138,-0.140977,0.989199,0,0.71581,-0.21435,42.948,-0.429,-1,375.000,-1,400.000,-1,325.000,325.000,300.000,300.000,-1,575.000,575.000,-1,700.000,850.000,-1,-1,2,0,2,0,2,0,0,0,0,2,0,0,2,0,0,2,2
97,9190.989,-1003.255,-217.848,-44.177,0.720713,0.690044,0.066428,-0.691926,0.710158,0.130053,0.042568,-0.139694,0.989279,0,0.71581,-0.33435,42.948,-0.669,-1,375.000,-1,400.000,-1,325.000,325.000,300.000,300.000,-1,600.000,600.000,-1,700.000,850.000,-1,-1,2,0,2,0,2,0,0,0,0,2,0,0,2,0,0,2,2
98,9221.312,-1033.673,-215.930,-45.086,0.709802,0.701366,0.065320,-0.702927,0.699271,0.130051,0.045537,-0.138226,0.989353,0,0.71581,-0.45435,42.948,-0.909,-1,375.000,-1,400.000,-1,325.000,325.000,300.000,300.000,-1,625.000,600.000,-1,700.000,875.000,-1,-1,2,0,2,0,2,0,0,0,0,2,0,0,2,0,0,2,2
99,9251.018,-1064.694,-213.847,-46.234,0.695741,0.715404,0.064353,-0.716621,0.685223,0.130088,0.048969,-0.136625,0.989412,0,0.71581,-0.57435,42.948,-1.149,-1,375.000,-1,400.000,-1,325.000,325.000,300.000,300.000,-1,675.000,625.000,-1,700.000,900.000,-1,-1,2,0,2,0,2,0,0,0,0,2,0,0,2,0,0,2,2
100,9279.968,-1096.423,-211.547,-47.617,0.678435,0.731896,0.063676,-0.732765,0.667915,0.130175,0.052744,-0.134975,0.989444,0,0.71581,-0.69129,42.948,-1.383,-1,375.000,-1,400.000,-1,325.000,325.000,300.000,300.000,-1,700.000,675.000,-1,700.000,900.000,-1,-1,2,0,2,0,2,0,0,0,0,2,0,0,2,0,0,2,2
101,9308.144,-1128.841,-209.092,-49.000,0.660727,0.747978,0.062998,-0.748499,0.650217,0.130259,0.056469,-0.133219,0.989477,0,0.71581,-0.69129,42.948,-1.383,-1,375.000,-1,425.000,-1,325.000,325.000,300.000,300.000,-1,725.000,700.000,-1,700.000,925.000,-1,-1,2,0,2,0,2,0,0,0,0,2,0,0,2,0,0,2,2
102,9335.529,-1161.930,-206.488,-50.382,0.642628,0.763641,0.062296,-0.763813,0.632140,0.130342,0.060155,-0.131344,0.989510,0,0.71581,-0.69129,42.948,-1.383,-1,375.000,-1,425.000,-1,325.000,325.000,300.000,300.000,-1,750.000,725.000,-1,725.000,975.000,-1,-1,2,0,2,0,2,0,0,0,0,2,0,0,2,0,0,2,2
103,9362.108,-1195.670,-203.737,-51.765,0.624146,0.778878,0.061570,-0.778698,0.613692,0.130425,0.063800,-0.129349,0.989545,0,0.71581,-0.69129,42.948,-1.383,-1,375.000,-1,425.000,-1,325.000,325.000,300.000,300.000,-1,775.000,775.000,-1,725.000,1000.000,-1,-1,2,0,2,0,2,0,0,0,0,2,0,0,2,0,0,2,2
104,9387.865,-1230.041,-200.842,-53.147,0.605291,0.793677,0.060822,-0.793145,0.594885,0.130510,0.067400,-0.127237,0.989580,0,0.71581,-0.69129,42.948,-1.383,-1,375.000,-1,425.000,-1,325.000,325.000,300.000,300.000,-1,825.000,800.000,-1,750.000,-1,-1,-1,2,0,2,0,2,0,0,0,0,2,0,0,2,0,2,2,2
105,9412.783,-1265.025,-198.234,-54.530,0.585908,0.808190,0.059514,-0.807372,0.575839,0.128682,0.069729,-0.123445,0.989899,0,0.71581,-0.69129,42.948,-1.383,-1,375.000,-1,425.000,-1,325.000,325.000,300.000,300.000,-1,875.000,875.000,-1,775.000,-1,-1,-1,2,0,2,0,2,0,0,0,0,2,0,0,2,0,2,2,2
106,9436.857,-1300.609,-195.523,-55.912,0.566147,0.822259,0.058036,-0.821163,0.556449,0.126712,0.071896,-0.119394,0.990240,0,0.71601,-0.69128,42.960,-1.383,-1,375.000,-1,450.000,-1,325.000,350.000,300.000,300.000,-1,925.000,925.000,-1,775.000,-1,-1,-1,2,0,2,0,2,0,0,0,0,2,0,0,2,0,2,2,2
107,9460.247,-1337.045,-192.640,-57.294,0.546044,0.835856,0.056398,-0.834486,0.536736,0.124687,0.073949,-0.115148,0.990592,0,0.72159,-0.69069,43.295,-1.381,-1,400.000,-1,450.000,-1,325.000,350.000,300.000,275.000,-1,975.000,975.000,-1,800.000,-1,-1,-1,2,0,2,0,2,0,0,0,0,2,0,0,2,0,2,2,2
108,9482.926,-1374.319,-189.478,-58.673,0.525572,0.849007,0.054413,-0.847387,0.516743,0.122114,0.075558,-0.110289,0.991023,0,0.72716,-0.68979,43.630,-1.380,-1,400.000,-1,450.000,-1,325.000,350.000,300.000,275.000,-1,-1,-1,-1,800.000,-1,-1,-1,2,0,2,0,2,0,0,0,0,2,2,2,2,0,2,2,2
109,9504.869,-1412.416,-186.178,-60.051,0.504813,0.861643,0.052296,-0.859774,0.496455,0.119666,0.077147,-0.105372,0.991436,0,0.73271,-0.68858,43.962,-1.377,-1,400.000,-1,450.000,-1,325.000,350.000,300.000,275.000,-1,-1,-1,-1,825.000,-1,-1,-1,2,0,2,0,2,0,0,0,0,2,2,2,2,0,2,2,2
110,9526.050,-1451.317,-182.745,-61.425,0.483792,0.873750,0.050067,-0.871635,0.475895,0.117374,0.078729,-0.100425,0.991825,0,0.73820,-0.68704,44.292,-1.374,-1,400.000,-1,450.000,-1,350.000,350.000,300.000,275.000,-1,-1,-1,-1,825.000,-1,-1,-1,2,0,2,0,2,0,0,0,0,2,2,2,2,0,2,2,2
111,9546.444,-1491.002,-179.391,-62.795,0.462554,0.885243,0.048873,-0.883023,0.455051,0.114889,0.079465,-0.096299,0.992175,0,0.74363,-0.68516,44.618,-1.370,-1,425.000,-1,450.000,-1,350.000,350.000,300.000,275.000,-1,-1,-1,-1,850.000,-1,-1,-1,2,0,2,0,2,0,0,0,0,2,2,2,2,1,2,2,2
112,9566.028,-1531.449,-176.344,-64.161,0.441160,0.896043,0.049856,-0.893980,0.433920,0.111868,0.078605,-0.093921,0.992472,0,0.74896,-0.68292,44.938,-1.366,-1,400.000,-1,425.000,-1,350.000,350.000,300.000,275.000,-1,-1,-1,-1,825.000,-1,-1,-1,2,0,2,0,2,0,0,0,0,2,2,2,2,1,2,2,2
113,9584.776,-1572.634,-173.162,-65.521,0.419582,0.906298,0.050736,-0.904394,0.412614,0.108730,0.077607,-0.091506,0.992776,0,0.75418,-0.68032,45.251,-1.361,-1,400.000,-1,425.000,-1,325.000,350.000,300.000,275.000,-1,-1,-1,-1,800.000,-1,-1,-1,2,0,2,0,2,0,0,0,0,2,2,2,2,1,2,2,2
114,9602.665,-1614.530,-169.847,-66.876,0.397849,0.916004,0.051508,-0.914258,0.391159,0.105480,0.076472,-0.089057,0.993087,0,0.75924,-0.67734,45.554,-1.355,-1,400.000,-1,425.000,-1,325.000,350.000,300.000,275.000,-1,-1,-1,-1,800.000,-1,-1,-1,2,0,2,0,2,0,0,0,0,2,2,2,2,1,2,2,2
115,9619.671,-1657.107,-166.388,-68.224,0.375992,0.925152,0.052190,-0.923564,0.369583,0.102168,0.075232,-0.086616,0.993397,0,0.76412,-0.67396,45.847,-1.348,-1,400.000,-1,425.000,-1,325.000,325.000,275.000,300.000,-1,-1,-1,-1,775.000,-1,-1,-1,2,0,2,0,2,0,0,0,0,2,2,2,2,1,2,2,2
116,9635.775,-1700.333,-162.768,-69.564,0.354051,0.933733,0.052834,-0.932298,0.347911,0.098887,0.073952,-0.084268,0.993695,0,0.76879,-0.67019,46.128,-1.340,-1,400.000,-1,425.000,-1,325.000,325.000,275.000,300.000,-1,-1,-1,-1,775.000,-1,-1,-1,2,0,2,0,2,0,0,0,0,2,2,2,2,1,2,2,2
117,9650.957,-1744.172,-159.028,-70.896,0.332038,0.941756,0.053344,-0.940474,0.326177,0.095482,0.072521,-0.081872,0.994001,0,0.77322,-0.66600,46.393,-1.332,-1,400.000,-1,425.000,-1,325.000,350.000,275.000,300.000,-1,-1,-1,-1,750.000,1000.000,-1,-1,2,0,2,0,2,0,0,0,0,2,2,2,2,1,1,2,2
118,9665.198,-1788.585,-155.170,-72.219,0.309984,0.949223,0.053716,-0.948091,0.304410,0.091963,0.070942,-0.079435,0.994313,0,0.77735,-0.66139,46.641,-1.323,950.000,400.000,-1,425.000,-1,325.000,350.000,275.000,300.000,-1,-1,-1,-1,750.000,1000.000,-1,-1,1,0,2,0,2,0,0,0,0,2,2,2,2,1,1,2,2
119,9678.483,-1833.533,-151.198,-73.532,0.287921,0.956134,0.053944,-0.955149,0.282640,0.088341,0.069219,-0.076959,0.994629,0,0.78115,-0.65634,46.869,-1.313,900.000,400.000,-1,425.000,-1,325.000,350.000,275.000,300.000,-1,-1,-1,-1,750.000,975.000,975.000,-1,1,0,2,0,2,0,0,0,0,2,2,2,2,1,1,1,2
120,9690.797,-1878.969,-147.116,-74.834,0.265879,0.962491,0.054024,-0.961651,0.260897,0.084624,0.067355,-0.074452,0.994947,0,0.78459,-0.65085,47.075,-1.302,850.000,400.000,-1,450.000,-1,325.000,350.000,275.000,300.000,-1,-1,-1,-1,750.000,975.000,950.000,-1,1,0,2,0,2,0,0,0,0,2,2,2,2,1,1,1,2
121,9702.128,-1924.847,-143.416,-76.123,0.243841,0.968424,0.051930,-0.967527,0.239240,0.081580,0.066580,-0.070136,0.995313,0,0.78760,-0.64490,47.256,-1.290,800.000,425.000,-1,450.000,-1,350.000,350.000,300.000,300.000,-1,-1,-1,-1,750.000,950.000,950.000,-1,1,0,2,0,2,0,0,0,0,2,2,2,2,1,1,1,2
122,9712.466,-1971.115,-140.109,-77.400,0.221725,0.973919,0.048155,-0.972959,0.217689,0.077212,0.064715,-0.063973,0.995851,0,0.79015,-0.63850,47.409,-1.277,775.000,425.000,-1,425.000,-1,350.000,350.000,300.000,300.000,-1,-1,-1,-1,750.000,925.000,925.000,-1,1,0,2,0,2,0,0,0,0,2,2,2,2,1,1,1,2
123,9721.806,-2017.720,-136.867,-78.664,0.199798,0.978818,0.044687,-0.977796,0.196231,0.073547,0.063220,-0.058390,0.996290,0,0.79219,-0.63165,47.531,-1.263,750.000,425.000,-1,425.000,-1,350.000,350.000,300.000,275.000,-1,-1,-1,-1,750.000,925.000,900.000,-1,1,0,2,0,2,0,0,0,0,2,2,2,2,1,1,1,2
124,9730.145,-2064.605,-134.431,-79.912,0.178279,0.982975,0.044464,-0.982002,0.174875,0.071350,0.062360,-0.056384,0.996460,0,0.79367,-0.62433,47.620,-1.249,725.000,425.000,-1,425.000,-1,350.000,350.000,300.000,275.000,-1,-1,-1,-1,750.000,925.000,875.000,-1,1,0,2,0,2,0,0,0,0,2,2,2,2,1,1,1,2
125,9736.902,-2106.888,-132.276,-80.921,0.160829,0.985974,0.044604,-0.985086,0.157556,0.069144,0.061147,-0.055060,0.996609,0,0.71367,-0.50433,42.820,-1.009,700.000,425.000,-1,425.000,-1,350.000,350.000,300.000,275.000,-1,-1,-1,-1,725.000,925.000,825.000,-1,1,0,2,0,2,0,0,0,0,2,2,2,2,1,1,1,2
126,9742.396,-2144.509,-130.326,-81.690,0.147481,0.988055,0.044687,-0.987248,0.144323,0.067168,0.059916,-0.054023,0.996740,0,0.63367,-0.38433,38.020,-0.769,675.000,425.000,-1,425.000,-1,325.000,350.000,300.000,275.000,-1,-1,-1,-1,700.000,925.000,800.000,-1,1,0,2,0,2,0,0,0,0,2,2,2,2,1,1,1,2
127,9746.894,-2177.423,-128.596,-82.218,0.138266,0.989384,0.044737,-0.988655,0.135206,0.065425,0.058682,-0.053275,0.996854,0,0.55367,-0.26433,33.220,-0.529,650.000,425.000,-1,425.000,1000.000,325.000,325.000,300.000,275.000,-1,-1,-1,-1,675.000,925.000,750.000,-1,1,0,2,0,1,0,0,0,0,2,2,2,2,1,1,1,2
128,9750.600,-2205.601,-127.101,-82.507,0.133201,0.990077,0.044773,-0.989422,0.130223,0.063920,0.057455,-0.052813,0.996950,0,0.47367,-0.14433,28.420,-0.289,625.000,400.000,-1,425.000,975.000,325.000,325.000,300.000,275.000,-1,-1,-1,-1,650.000,925.000,725.000,-1,1,0,2,0,1,0,0,0,0,2,2,2,2,1,1,1,2
129,9753.595,-2229.030,-125.851,-82.714,0.129556,0.990560,0.044799,-0.989967,0.126645,0.062666,0.056401,-0.052468,0.997029,0,0.39367,-0.10357,23.620,-0.207,600.000,400.000,-1,425.000,950.000,325.000,325.000,300.000,275.000,-1,-1,-1,-1,650.000,925.000,700.000,-1,1,0,2,0,1,0,0,0,0,2,2,2,2,1,1,1,2
130,9755.917,-2247.706,-124.852,-82.914,0.126054,0.991011,0.044811,-0.990464,0.123196,0.061668,0.055594,-0.052158,0.997090,0,0.31367,-0.09977,18.820,-0.200,600.000,400.000,-1,425.000,925.000,325.000,325.000,275.000,275.000,-1,-1,-1,-1,625.000,925.000,700.000,-1,1,0,2,1,1,0,0,0,0,2,2,2,2,1,1,1,2
131,9757.600,-2261.625,-124.108,-83.107,0.122673,0.991435,0.044813,-0.990920,0.119855,0.060929,0.055036,-0.051880,0.997136,0,0.23367,-0.09661,14.020,-0.193,600.000,400.000,-1,425.000,925.000,325.000,325.000,275.000,275.000,-1,-1,-1,-1,625.000,925.000,675.000,-1,1,0,2,1,1,0,0,0,0,2,2,2,2,1,1,1,2
132,9758.676,-2270.782,-123.619,-83.295,0.119389,0.991836,0.044803,-0.991338,0.116599,0.060446,0.054729,-0.051632,0.997165,0,0.15367,-0.09413,9.220,-0.188,575.000,400.000,-1,425.000,900.000,325.000,325.000,275.000,275.000,-1,-1,-1,-1,600.000,925.000,675.000,-1,1,0,2,1,1,0,0,0,0,2,2,2,2,1,1,1,2
133,9759.178,-2275.173,-123.388,-83.480,0.116178,0.992218,0.044785,-0.991722,0.113402,0.060223,0.054675,-0.051411,0.997180,0,0.07367,-0.09234,4.420,-0.185,575.000,400.000,-1,425.000,900.000,325.000,325.000,275.000,275.000,-1,-1,-1,-1,600.000,925.000,650.000,-1,1,0,2,1,1,0,0,0,0,2,2,2,2,1,1,1,2
134,9759.136,-2274.796,-123.417,-83.662,0.113016,0.992584,0.044759,-0.992077,0.110241,0.060258,0.054877,-0.051214,0.997179,0,-0.00633,-0.09128,-0.380,-0.183,600.000,400.000,-1,425.000,900.000,325.000,325.000,275.000,275.000,-1,-1,-1,-1,600.000,925.000,675.000,-1,1,0,2,1,1,0,0,0,0,2,2,2,2,1,1,1,2
135,9758.580,-2269.646,-123.708,-83.844,0.109878,0.992938,0.044726,-0.992404,0.107091,0.060554,0.055337,-0.051040,0.997162,0,-0.08633,-0.09094,-5.180,-0.182,600.000,400.000,-1,425.000,900.000,325.000,325.000,275.000,275.000,-1,-1,-1,-1,600.000,925.000,675.000,-1,1,0,2,1,1,0,0,0,0,2,2,2,2,1,1,1,2
