timestep,x_cm,y_cm,z_cm,yaw_deg,basis_xx,basis_xy,basis_xz,basis_yx,basis_yy,basis_yz,basis_zx,basis_zy,basis_zz,teleport_flag,throttle_cmd,steering_cmd,cmd_move_cm,cmd_turn_deg,lidar_cm_0,lidar_cm_1,lidar_cm_2,lidar_cm_3,lidar_cm_4,lidar_cm_5,lidar_cm_6,lidar_cm_7,lidar_cm_8,lidar_cm_9,lidar_cm_10,lidar_cm_11,lidar_cm_12,lidar_cm_13,lidar_cm_14,lidar_cm_15,lidar_cm_16,lidar_class_0,lidar_class_1,lidar_class_2,lidar_class_3,lidar_class_4,lidar_class_5,lidar_class_6,lidar_class_7,lidar_class_8,lidar_class_9,lidar_class_10,lidar_class_11,lidar_class_12,lidar_class_13,lidar_class_14,lidar_class_15,lidar_class_16
0,9506.620,-1637.896,75.596,156.245,-0.914472,-0.402681,0.039852,0.400872,-0.914958,-0.046411,0.055152,-0.026466,0.998127,1,0.08000,-0.12000,4.800,-0.240,-1,400.000,-1,400.000,-1,325.000,325.000,300.000,300.000,-1,525.000,425.000,525.000,825.000,950.000,-1,-1,2,0,2,0,2,0,0,0,0,2,1,1,1,0,0,2,2
1,9497.866,-1633.955,76.125,155.765,-0.911066,-0.410339,0.039761,0.408547,-0.911567,-0.046211,0.055207,-0.025857,0.998140,0,0.16000,-0.24000,9.600,-0.480,-1,400.000,-1,400.000,-1,325.000,325.000,300.000,300.000,-1,550.000,450.000,525.000,850.000,950.000,-1,-1,2,0,2,0,2,0,0,0,0,2,1,1,1,0,0,2,2
2,9484.810,-1627.880,76.923,155.045,-0.905836,-0.421771,0.039626,0.420006,-0.906359,-0.045908,0.055278,-0.024943,0.998159,0,0.24000,-0.36000,14.400,-0.720,-1,400.000,-1,400.000,-1,325.000,325.000,300.000,300.000,-1,575.000,475.000,550.000,850.000,950.000,-1,-1,2,0,2,0,2,0,0,0,0,2,1,1,1,0,0,2,2
3,9467.541,-1619.489,77.991,154.085,-0.898640,-0.436910,0.039447,0.435181,-0.899192,-0.045500,0.055350,-0.023721,0.998185,0,0.32000,-0.48000,19.200,-0.960,-1,400.000,-1,400.000,-1,325.000,325.000,300.000,300.000,-1,600.000,500.000,550.000,850.000,975.000,-1,-1,2,0,2,0,2,0,0,0,0,2,1,1,1,0,0,2,2
4,9446.179,-1608.550,79.332,152.885,-0.889288,-0.455661,0.039228,0.453979,-0.889876,-0.044982,0.055405,-0.022193,0.998217,0,0.40000,-0.60000,24.000,-1.200,-1,400.000,-1,400.000,-1,325.000,325.000,300.000,300.000,-1,675.000,525.000,575.000,850.000,975.000,-1,-1,2,0,2,0,2,0,0,0,0,2,1,1,1,0,0,2,2
5,9420.852,-1594.839,80.948,151.572,-0.878604,-0.475958,0.038969,0.474330,-0.879230,-0.044348,0.055371,-0.020480,0.998256,0,0.48000,-0.65676,28.800,-1.314,-1,400.000,-1,400.000,-1,325.000,325.000,300.000,300.000,-1,-1,575.000,600.000,875.000,1000.000,-1,-1,2,0,2,0,2,0,0,0,0,2,2,1,1,0,0,2,2
6,9391.677,-1578.172,82.835,150.263,-0.867498,-0.495936,0.038671,0.494370,-0.868158,-0.043594,0.055193,-0.018700,0.998301,0,0.56000,-0.65447,33.600,-1.309,-1,400.000,-1,400.000,-1,325.000,325.000,300.000,300.000,-1,-1,625.000,625.000,875.000,-1,-1,-1,2,0,2,0,2,0,0,0,0,2,2,1,1,0,2,2,2
7,9361.359,-1559.926,84.775,148.959,-0.855993,-0.515574,0.038199,0.514069,-0.856675,-0.042914,0.054850,-0.017098,0.998348,0,0.58976,-0.65183,35.385,-1.304,-1,400.000,-1,400.000,-1,325.000,325.000,300.000,300.000,-1,-1,700.000,650.000,900.000,-1,-1,-1,2,0,2,0,2,0,0,0,0,2,2,1,1,0,2,2,2
8,9331.347,-1540.924,86.672,147.661,-0.844103,-0.534861,0.037599,0.533412,-0.844794,-0.042370,0.054425,-0.015709,0.998394,0,0.59203,-0.64906,35.522,-1.298,-1,425.000,-1,400.000,-1,325.000,325.000,300.000,300.000,-1,-1,775.000,675.000,900.000,-1,-1,-1,2,0,2,0,2,0,0,0,0,2,2,1,1,0,2,2,2
9,9301.658,-1521.175,88.569,146.368,-0.831833,-0.553793,0.036976,0.552399,-0.832531,-0.041807,0.053936,-0.014350,0.998441,0,0.59428,-0.64629,35.657,-1.293,-1,425.000,-1,400.000,-1,325.000,325.000,300.000,300.000,-1,-1,875.000,700.000,925.000,-1,-1,-1,2,0,2,0,2,0,0,0,0,2,2,1,1,0,2,2,2
10,9272.311,-1500.688,90.447,145.081,-0.819199,-0.572363,0.036247,0.571025,-0.819896,-0.041250,0.053329,-0.013094,0.998491,0,0.59651,-0.64353,35.791,-1.287,-1,425.000,-1,425.000,-1,325.000,325.000,300.000,300.000,-1,-1,-1,725.000,925.000,-1,-1,-1,2,0,2,0,2,0,0,0,0,2,2,2,1,0,2,2,2
11,9243.323,-1479.472,92.202,143.800,-0.806237,-0.590563,0.034886,0.589279,-0.806897,-0.040837,0.052266,-0.012367,0.998557,0,0.59871,-0.64078,35.923,-1.282,-1,425.000,-1,425.000,-1,325.000,325.000,300.000,300.000,-1,-1,-1,750.000,950.000,-1,-1,-1,2,0,2,0,2,0,0,0,0,2,2,2,1,0,2,2,2
12,9214.712,-1457.537,93.951,142.524,-0.792931,-0.608391,0.033487,0.607162,-0.793552,-0.040376,0.051138,-0.011683,0.998623,0,0.60088,-0.63804,36.053,-1.276,-1,425.000,-1,425.000,1000.000,325.000,325.000,300.000,300.000,-1,-1,-1,775.000,950.000,-1,-1,-1,2,0,2,0,1,0,0,0,0,2,2,2,1,0,2,2,2
13,9186.493,-1434.891,95.691,141.253,-0.779291,-0.625842,0.032054,0.624669,-0.779871,-0.039865,0.049948,-0.011043,0.998691,0,0.60303,-0.63530,36.182,-1.271,-1,425.000,-1,425.000,950.000,325.000,325.000,300.000,300.000,-1,-1,-1,800.000,950.000,-1,-1,-1,2,0,2,0,1,0,0,0,0,2,2,2,1,0,2,2,2
14,9158.684,-1411.547,97.422,139.988,-0.765328,-0.642913,0.030589,0.641795,-0.765868,-0.039304,0.048696,-0.010449,0.998759,0,0.60514,-0.63257,36.309,-1.265,-1,425.000,-1,425.000,900.000,325.000,325.000,300.000,300.000,-1,-1,-1,850.000,975.000,1000.000,-1,-1,2,0,2,0,1,0,0,0,0,2,2,2,1,0,1,2,2
15,9131.301,-1387.514,99.142,138.728,-0.751055,-0.659598,0.029094,0.658537,-0.751553,-0.038692,0.047386,-0.009901,0.998828,0,0.60723,-0.62985,36.434,-1.260,-1,425.000,-1,425.000,875.000,325.000,350.000,300.000,300.000,-1,-1,-1,875.000,1000.000,975.000,-1,-1,2,0,2,0,1,0,0,0,0,2,2,2,1,0,1,2,2
16,9104.360,-1362.804,100.663,137.474,-0.736475,-0.675899,0.027672,0.674931,-0.736943,-0.037177,0.045521,-0.008703,0.998925,0,0.60929,-0.62714,36.557,-1.254,-1,425.000,-1,425.000,825.000,325.000,350.000,300.000,300.000,-1,-1,-1,900.000,1000.000,925.000,-1,-1,2,0,2,0,1,0,0,0,0,2,2,2,1,0,1,2,2
17,9075.467,-1335.153,102.213,136.258,-0.721998,-0.691393,0.026363,0.690534,-0.722443,-0.035211,0.043390,-0.007218,0.999032,0,0.66654,-0.60798,39.993,-1.216,-1,425.000,-1,425.000,800.000,325.000,350.000,300.000,300.000,-1,-1,-1,925.000,-1,900.000,-1,-1,2,0,2,0,1,0,0,0,0,2,2,2,1,2,1,2,2
18,9047.087,-1306.812,103.734,135.040,-0.707161,-0.706607,0.025091,0.705852,-0.707583,-0.033167,0.041190,-0.005744,0.999135,0,0.66846,-0.60928,40.108,-1.219,-1,425.000,-1,425.000,750.000,350.000,350.000,300.000,300.000,-1,-1,-1,975.000,-1,850.000,-1,975.000,2,0,2,0,1,0,0,0,0,2,2,2,1,2,1,2,1
19,9019.237,-1277.789,105.226,133.818,-0.691970,-0.721532,0.023862,0.720876,-0.692368,-0.031048,0.038924,-0.004283,0.999233,0,0.67040,-0.61058,40.224,-1.221,-1,425.000,-1,425.000,725.000,350.000,350.000,300.000,300.000,-1,-1,-1,1000.000,-1,825.000,-1,900.000,2,0,2,0,1,0,0,0,0,2,2,2,1,2,1,2,1
20,8991.933,-1248.091,106.689,132.595,-0.676430,-0.736157,0.022683,0.735597,-0.676804,-0.028856,0.036594,-0.002834,0.999326,0,0.67237,-0.61186,40.342,-1.224,-1,425.000,-1,425.000,675.000,350.000,350.000,300.000,300.000,-1,-1,-1,-1,-1,775.000,-1,825.000,2,0,2,0,1,0,0,0,0,2,2,2,2,2,1,2,1
21,8965.191,-1217.725,108.114,131.368,-0.660547,-0.750475,0.021551,0.750004,-0.660897,-0.026632,0.034230,-0.001429,0.999413,0,0.67437,-0.61314,40.462,-1.226,-1,425.000,-1,425.000,650.000,350.000,350.000,300.000,300.000,-1,-1,-1,-1,-1,750.000,-1,775.000,2,0,2,0,1,0,0,0,0,2,2,2,2,2,1,2,1
22,8939.029,-1186.700,109.447,130.140,-0.644328,-0.764477,0.020415,0.764079,-0.644651,-0.024653,0.032008,-0.000286,0.999488,0,0.67639,-0.61441,40.584,-1.229,-1,425.000,-1,425.000,600.000,350.000,350.000,300.000,300.000,-1,-1,-1,-1,-1,725.000,-1,725.000,2,0,2,0,1,0,0,0,0,2,2,2,2,2,1,2,1
23,8913.463,-1155.025,110.745,128.908,-0.627777,-0.778153,0.019326,0.777824,-0.628074,-0.022632,0.029749,0.000824,0.999557,0,0.67844,-0.61567,40.706,-1.231,-1,450.000,-1,425.000,575.000,350.000,350.000,300.000,300.000,-1,-1,-1,-1,-1,675.000,-1,675.000,2,0,2,0,1,0,0,0,0,2,2,2,2,2,1,2,1
24,8888.509,-1122.708,112.007,127.674,-0.610901,-0.791496,0.018286,0.791231,-0.611172,-0.020571,0.027458,0.001902,0.999621,0,0.68050,-0.61693,40.830,-1.234,-1,450.000,-1,425.000,525.000,350.000,350.000,300.000,300.000,-1,-1,-1,-1,-1,650.000,-1,625.000,2,0,2,0,1,0,0,0,0,2,2,2,2,2,1,2,1
25,8864.183,-1089.760,113.149,126.438,-0.593707,-0.804497,0.017188,0.804280,-0.593950,-0.018898,0.025412,0.002604,0.999674,0,0.68259,-0.61818,40.955,-1.236,-1,450.000,-1,450.000,500.000,350.000,350.000,300.000,300.000,-1,-1,-1,-1,-1,600.000,-1,575.000,2,0,2,0,1,0,0,0,0,2,2,2,2,2,1,2,1
26,8838.766,-1054.049,113.882,125.442,-0.579701,-0.814706,0.014177,0.814526,-0.579872,-0.017182,0.022219,0.001587,0.999752,0,0.73054,-0.49818,43.833,-0.996,-1,450.000,-1,425.000,475.000,350.000,350.000,300.000,300.000,-1,-1,-1,-1,-1,575.000,-1,525.000,2,0,2,0,1,0,0,0,0,2,2,2,2,2,1,2,1
27,8813.752,-1017.905,114.430,124.685,-0.568960,-0.822290,0.011107,0.822156,-0.569068,-0.014874,0.018552,0.000669,0.999828,0,0.73260,-0.37818,43.956,-0.756,-1,450.000,-1,425.000,425.000,350.000,350.000,300.000,300.000,-1,-1,-1,-1,-1,550.000,-1,475.000,2,0,2,1,1,0,0,0,0,2,2,2,2,2,1,2,1
28,8789.003,-981.444,114.928,124.169,-0.561576,-0.827386,0.008066,0.827292,-0.561634,-0.012456,0.014836,-0.000322,0.999890,0,0.73447,-0.25818,44.068,-0.516,-1,450.000,-1,400.000,400.000,350.000,350.000,300.000,300.000,-1,-1,-1,-1,-1,525.000,-1,425.000,2,0,2,1,1,0,0,0,0,2,2,2,2,2,1,2,1
29,8764.374,-944.782,115.375,123.893,-0.557615,-0.830084,0.005039,0.830026,-0.557636,-0.009949,0.011068,-0.001365,0.999938,0,0.73611,-0.13818,44.167,-0.276,-1,450.000,-1,375.000,350.000,350.000,350.000,300.000,300.000,-1,-1,-1,-1,-1,475.000,-1,400.000,2,0,2,1,1,0,0,0,0,2,2,2,2,2,1,2,1
30,8739.801,-907.982,115.768,123.733,-0.555329,-0.831629,0.001995,0.831599,-0.555327,-0.007387,0.007251,-0.002443,0.999971,0,0.73749,-0.07960,44.249,-0.159,-1,425.000,-1,350.000,325.000,350.000,350.000,300.000,300.000,-1,-1,-1,-1,-1,475.000,-1,350.000,2,0,2,1,1,0,0,0,0,2,2,2,2,2,1,2,1
31,8715.296,-871.055,116.103,123.568,-0.552935,-0.833224,-0.001083,0.833217,-0.552925,-0.004791,0.003394,-0.003552,0.999988,0,0.73864,-0.08260,44.318,-0.165,-1,425.000,-1,325.000,275.000,350.000,325.000,300.000,300.000,-1,-1,-1,-1,1000.000,450.000,-1,325.000,2,0,2,1,1,0,1,0,0,2,2,2,2,0,1,2,1
32,8690.869,-834.005,116.233,123.397,-0.550431,-0.834873,-0.003507,0.834880,-0.550427,-0.002225,-0.000073,-0.004152,0.999991,0,0.73963,-0.08575,44.378,-0.172,-1,425.000,-1,325.000,250.000,350.000,325.000,275.000,300.000,-1,-1,-1,-1,975.000,425.000,-1,275.000,2,0,2,1,1,0,1,0,0,2,2,2,2,0,1,2,1
33,8666.530,-796.838,116.149,123.219,-0.547820,-0.836580,-0.005228,0.836591,-0.547829,0.000303,-0.003118,-0.004208,0.999986,0,0.74045,-0.08906,44.427,-0.178,-1,425.000,-1,300.000,200.000,350.000,300.000,275.000,300.000,-1,-1,-1,-1,975.000,400.000,-1,225.000,2,0,2,1,1,1,1,0,0,2,2,2,2,0,1,2,1
34,8642.291,-759.560,116.001,123.033,-0.545096,-0.838345,-0.006955,0.838351,-0.545123,0.002853,-0.006184,-0.004276,0.999972,0,0.74108,-0.09254,44.465,-0.185,-1,425.000,-1,275.000,175.000,350.000,275.000,275.000,300.000,-1,-1,-1,-1,975.000,375.000,-1,200.000,2,0,2,1,1,1,1,0,0,2,2,2,2,0,1,2,1
35,8618.163,-722.181,117.547,122.841,-0.542269,-0.840128,-0.011357,0.840195,-0.542278,-0.002525,-0.004038,-0.010912,0.999932,0,0.74150,-0.09620,44.490,-0.192,-1,450.000,-1,275.000,150.000,350.000,275.000,275.000,325.000,-1,-1,-1,-1,1000.000,400.000,-1,175.000,2,0,2,1,1,1,1,0,0,2,2,2,2,0,1,2,1
36,8594.156,-684.710,122.483,122.641,-0.539569,-0.841675,-0.021170,0.841900,-0.539122,-0.023505,0.008371,-0.030506,0.999500,0,0.74170,-0.10003,44.502,-0.200,-1,475.000,-1,300.000,150.000,400.000,325.000,275.000,375.000,-1,-1,-1,-1,-1,475.000,-1,175.000,2,0,2,1,1,0,1,0,0,2,2,2,2,2,1,2,1
37,8570.285,-647.156,126.776,122.433,-0.536985,-0.843048,-0.030297,0.843378,-0.535692,-0.041809,0.019017,-0.048002,0.998666,0,0.74164,-0.10407,44.498,-0.208,-1,525.000,-1,325.000,150.000,425.000,375.000,275.000,350.000,-1,-1,-1,-1,-1,-1,-1,175.000,2,0,2,1,1,0,1,0,1,2,2,2,2,2,2,2,1
38,8546.565,-609.529,130.450,122.216,-0.534409,-0.844343,-0.038634,0.844763,-0.532045,-0.057476,0.027975,-0.063352,0.997599,0,0.74131,-0.10830,44.479,-0.217,-1,550.000,-1,375.000,150.000,475.000,500.000,250.000,325.000,-1,-1,-1,-1,-1,-1,-1,175.000,2,0,2,1,1,0,0,0,1,2,2,2,2,2,2,2,1
39,8523.013,-571.841,133.512,121.991,-0.531749,-0.845643,-0.046166,0.846168,-0.528227,-0.070543,0.035268,-0.076575,0.996440,0,0.74069,-0.11273,44.441,-0.225,-1,575.000,-1,425.000,150.000,500.000,550.000,250.000,300.000,925.000,125.000,-1,-1,-1,-1,-1,175.000,2,0,2,1,1,0,0,0,1,0,0,2,2,2,2,2,1
40,8499.644,-534.106,135.653,121.756,-0.529021,-0.846926,-0.053409,0.847572,-0.524217,-0.082568,0.041931,-0.088949,0.995153,0,0.73975,-0.11737,44.385,-0.235,-1,600.000,-1,500.000,125.000,525.000,575.000,250.000,275.000,650.000,100.000,-1,-1,-1,-1,-1,200.000,2,0,2,1,1,0,0,0,1,0,0,2,2,2,2,2,1
41,8476.476,-496.335,137.156,121.512,-0.526092,-0.848324,-0.059774,0.849121,-0.520090,-0.092194,0.047123,-0.099258,0.993945,0,0.73848,-0.12222,44.309,-0.244,-1,625.000,-1,1000.000,125.000,550.000,600.000,250.000,250.000,550.000,75.000,425.000,-1,-1,-1,-1,225.000,2,0,2,0,1,0,0,0,1,0,0,0,2,2,2,2,1
42,8453.529,-458.545,137.862,121.257,-0.522899,-0.849929,-0.064789,0.850862,-0.515892,-0.099446,0.051098,-0.107126,0.992931,0,0.73685,-0.12728,44.211,-0.255,-1,650.000,-1,-1,125.000,575.000,625.000,250.000,225.000,475.000,75.000,300.000,-1,-1,-1,-1,-1,2,0,2,2,1,0,0,0,1,0,0,0,2,2,2,2,2
43,8430.818,-420.752,137.788,120.992,-0.519383,-0.851668,-0.070023,0.852902,-0.511570,-0.104183,0.052908,-0.113834,0.992090,0,0.73486,-0.13255,44.091,-0.265,-1,650.000,-1,-1,125.000,575.000,650.000,250.000,200.000,400.000,75.000,300.000,-1,-1,-1,-1,-1,2,0,2,2,1,0,0,0,1,0,0,0,2,2,2,2,2
44,8408.364,-382.972,137.159,120.716,-0.515516,-0.853649,-0.074348,0.855221,-0.507181,-0.106606,0.053296,-0.118541,0.991518,0,0.73248,-0.13800,43.949,-0.276,-1,650.000,-1,-1,125.000,600.000,675.000,225.000,175.000,375.000,50.000,275.000,-1,-1,-1,-1,-1,2,0,2,2,1,0,0,0,1,0,0,0,2,2,2,2,2
45,-4263.560,7543.224,-63.939,6.955,0.992631,-0.121063,-0.005272,0.121153,0.992369,0.022925,0.002456,-0.023395,0.999723,1,0.00000,0.00000,43.782,-0.287,-1,450.000,-1,375.000,250.000,375.000,375.000,300.000,325.000,725.000,250.000,375.000,-1,750.000,500.000,-1,350.000,2,1,2,1,1,0,1,0,1,0,0,0,2,1,1,2,1
46,-4258.794,7543.800,-63.950,6.901,0.992742,-0.120124,-0.005795,0.120227,0.992470,0.023423,0.002937,-0.023950,0.999709,0,0.08000,-0.02708,4.800,-0.054,-1,450.000,-1,375.000,250.000,375.000,375.000,300.000,300.000,725.000,250.000,375.000,-1,750.000,500.000,-1,350.000,2,1,2,1,1,1,1,0,1,0,0,0,2,1,1,2,1
47,-4249.263,7544.945,-63.985,6.846,0.992851,-0.119166,-0.006833,0.119298,0.992560,0.024357,0.003880,-0.024998,0.999680,0,0.16000,-0.02756,9.600,-0.055,-1,450.000,-1,375.000,250.000,375.000,375.000,300.000,300.000,725.000,225.000,375.000,-1,750.000,500.000,-1,350.000,2,1,2,1,1,1,1,0,1,0,0,0,2,1,1,2,1
48,-4234.964,7546.648,-64.049,6.789,0.992958,-0.118169,-0.008375,0.118348,0.992639,0.025720,0.005274,-0.026530,0.999634,0,0.24000,-0.02863,14.400,-0.057,-1,450.000,-1,350.000,250.000,375.000,375.000,275.000,300.000,700.000,225.000,375.000,-1,750.000,500.000,-1,350.000,2,1,2,1,1,1,1,0,1,0,0,0,2,1,1,2,1
49,-4215.896,7548.898,-64.146,6.728,0.993064,-0.117113,-0.010404,0.117359,0.992709,0.027502,0.007107,-0.028532,0.999568,0,0.32000,-0.03030,19.200,-0.061,-1,450.000,-1,350.000,250.000,375.000,375.000,275.000,300.000,700.000,200.000,375.000,-1,750.000,475.000,-1,350.000,2,1,2,1,1,1,1,0,1,0,0,0,2,1,1,2,1
50,-4192.058,7551.683,-64.286,6.663,0.993168,-0.115975,-0.012895,0.116314,0.992769,0.029684,0.009359,-0.030982,0.999476,0,0.40000,-0.03258,24.000,-0.065,-1,425.000,-1,350.000,250.000,375.000,350.000,275.000,275.000,700.000,200.000,350.000,-1,750.000,475.000,-1,325.000,2,1,2,1,1,1,1,0,1,0,0,0,2,1,1,2,1
51,-4163.449,7554.990,-64.479,6.592,0.993270,-0.114733,-0.015819,0.115194,0.992819,0.032248,0.012006,-0.033853,0.999355,0,0.48000,-0.03553,28.800,-0.071,-1,425.000,-1,350.000,250.000,350.000,350.000,275.000,275.000,675.000,175.000,325.000,-1,750.000,475.000,-1,325.000,2,1,2,1,1,1,1,0,1,0,0,0,2,1,1,2,1
52,-4130.066,7558.803,-64.736,6.514,0.993369,-0.113362,-0.019141,0.113981,0.992860,0.035168,0.015018,-0.037117,0.999198,0,0.56000,-0.03918,33.600,-0.078,-1,425.000,-1,350.000,225.000,350.000,350.000,275.000,250.000,675.000,150.000,300.000,-1,750.000,475.000,-1,325.000,2,1,2,1,1,1,1,0,1,0,0,0,2,1,1,2,1
53,-4091.907,7563.102,-65.071,6.426,0.993465,-0.111835,-0.022824,0.112654,0.992891,0.038417,0.018365,-0.040737,0.999001,0,0.64000,-0.04358,38.400,-0.087,-1,400.000,-1,325.000,225.000,350.000,325.000,275.000,250.000,625.000,150.000,300.000,-1,750.000,450.000,-1,300.000,2,1,2,1,1,1,1,0,1,0,0,0,2,1,1,2,1
54,-4048.970,7567.866,-65.499,6.329,0.993556,-0.110125,-0.026824,0.111187,0.992913,0.041966,0.022013,-0.044678,0.998759,0,0.72000,-0.04880,43.200,-0.098,-1,400.000,-1,325.000,225.000,325.000,325.000,275.000,225.000,600.000,125.000,275.000,-1,750.000,450.000,-1,275.000,2,1,2,1,1,1,1,0,1,0,0,0,2,1,1,2,1
55,-4005.303,7572.451,-65.869,5.991,0.994070,-0.104251,-0.030920,0.105608,0.993339,0.046087,0.025909,-0.049079,0.998459,0,0.73178,-0.16880,43.907,-0.338,-1,400.000,-1,300.000,200.000,325.000,300.000,275.000,225.000,575.000,100.000,250.000,-1,750.000,425.000,-1,275.000,2,1,2,1,1,1,1,0,1,0,0,0,2,1,1,2,1
56,-3961.794,7576.577,-65.877,5.414,0.994955,-0.094204,-0.034490,0.095916,0.994036,0.051900,0.029395,-0.054946,0.998057,0,0.72840,-0.28880,43.704,-0.578,-1,375.000,-1,300.000,200.000,300.000,275.000,275.000,200.000,550.000,100.000,250.000,-1,725.000,400.000,-1,250.000,2,1,2,1,1,1,1,0,1,0,0,0,2,1,1,2,1
57,-3918.434,7580.072,-63.542,4.596,0.996086,-0.079938,-0.037729,0.082322,0.994381,0.066554,0.032197,-0.069399,0.997069,0,0.72501,-0.40880,43.500,-0.818,-1,350.000,-1,300.000,200.000,300.000,275.000,250.000,200.000,500.000,125.000,300.000,-1,675.000,400.000,-1,250.000,2,1,2,1,1,1,1,0,1,0,0,0,2,1,1,2,1
58,-2295.763,-2951.695,-334.661,-99.269,-0.161055,0.986944,-0.001438,-0.986901,-0.161062,-0.009268,-0.009378,-0.000073,0.999956,1,0.00000,0.00000,43.300,-1.058,700.000,375.000,-1,375.000,1000.000,300.000,300.000,325.000,325.000,-1,275.000,275.000,-1,575.000,600.000,700.000,975.000,0,0,2,0,0,0,0,0,0,2,0,0,2,0,0,0,0
59,-2295.009,-2946.955,-334.598,-99.029,-0.156918,0.987610,-0.001600,-0.987561,-0.156926,-0.009827,-0.009956,0.000038,0.999950,0,-0.08000,0.12000,-4.800,0.240,700.000,375.000,-1,375.000,975.000,300.000,300.000,325.000,325.000,-1,275.000,275.000,-1,575.000,600.000,700.000,975.000,0,0,2,0,0,0,0,0,0,2,0,0,2,0,0,0,0
60,-2293.551,-2937.466,-334.482,-98.740,-0.151945,0.988387,-0.001883,-0.988327,-0.151957,-0.010948,-0.011107,0.000197,0.999938,0,-0.16000,0.14409,-9.600,0.288,700.000,375.000,-1,350.000,975.000,300.000,300.000,325.000,325.000,-1,275.000,275.000,-1,575.000,600.000,700.000,950.000,0,0,2,0,0,0,0,0,0,2,0,0,2,0,0,0,0
61,-2291.434,-2923.222,-334.312,-98.452,-0.146966,0.989139,-0.002267,-0.989058,-0.146983,-0.012635,-0.012831,0.000385,0.999918,0,-0.24000,0.14409,-14.400,0.288,700.000,350.000,-1,350.000,950.000,300.000,300.000,325.000,325.000,-1,275.000,275.000,-1,575.000,600.000,700.000,950.000,0,0,2,0,0,0,0,0,0,2,0,0,2,0,0,0,0
62,-2289.383,-2908.928,-334.143,-98.164,-0.141983,0.989866,-0.002630,-0.989762,-0.142006,-0.014335,-0.014563,0.000568,0.999894,0,-0.24069,0.14409,-14.441,0.288,725.000,350.000,-1,350.000,950.000,300.000,300.000,325.000,325.000,-1,300.000,300.000,-1,575.000,600.000,700.000,925.000,0,0,2,0,0,0,0,0,0,2,0,0,2,0,0,0,0
63,-2287.405,-2894.623,-333.975,-97.876,-0.136996,0.990567,-0.002972,-0.990438,-0.137026,-0.016042,-0.016298,0.000746,0.999867,0,-0.24069,0.14409,-14.441,0.288,725.000,350.000,-1,350.000,925.000,300.000,300.000,325.000,325.000,-1,300.000,300.000,-1,575.000,600.000,700.000,900.000,0,0,2,0,0,0,0,0,0,2,0,0,2,0,0,0,0
64,-2285.498,-2880.308,-333.808,-97.588,-0.132004,0.991244,-0.003291,-0.991085,-0.132042,-0.017755,-0.018034,0.000918,0.999837,0,-0.24069,0.14409,-14.441,0.288,725.000,350.000,-1,350.000,925.000,300.000,300.000,325.000,325.000,-1,325.000,300.000,-1,575.000,600.000,700.000,900.000,0,0,2,0,0,0,0,0,0,2,0,0,2,0,0,0,0
65,-2283.663,-2865.984,-333.643,-97.299,-0.127008,0.991895,-0.003589,-0.991705,-0.127055,-0.019475,-0.019773,0.001085,0.999804,0,-0.24069,0.14409,-14.441,0.288,725.000,350.000,-1,350.000,925.000,300.000,300.000,325.000,325.000,-1,325.000,325.000,-1,575.000,600.000,700.000,875.000,0,0,2,0,0,0,0,0,0,2,0,0,2,0,0,0,0
66,-2281.900,-2851.650,-333.478,-97.011,-0.122009,0.992521,-0.003864,-0.992296,-0.122064,-0.021201,-0.021514,0.001248,0.999768,0,-0.24069,0.14409,-14.441,0.288,725.000,350.000,-1,350.000,900.000,300.000,300.000,325.000,300.000,-1,325.000,325.000,-1,575.000,600.000,700.000,875.000,0,0,2,0,0,0,0,0,0,2,0,0,2,0,0,0,0
67,-2280.210,-2837.308,-333.314,-96.723,-0.117006,0.993123,-0.004119,-0.992859,-0.117070,-0.022932,-0.023257,0.001406,0.999729,0,-0.24069,0.14409,-14.441,0.288,725.000,350.000,-1,350.000,900.000,300.000,300.000,325.000,300.000,-1,350.000,325.000,-1,575.000,600.000,700.000,850.000,0,0,2,0,0,0,0,0,0,2,0,0,2,0,0,0,0
68,-2278.591,-2822.958,-333.151,-96.435,-0.112000,0.993699,-0.004351,-0.993394,-0.112074,-0.024669,-0.025001,0.001560,0.999686,0,-0.24069,0.14409,-14.441,0.288,725.000,350.000,-1,350.000,900.000,300.000,300.000,325.000,300.000,-1,350.000,350.000,-1,575.000,600.000,700.000,850.000,0,0,2,0,0,0,0,0,0,2,0,0,2,0,0,0,0
69,-2277.045,-2808.600,-332.989,-96.147,-0.106991,0.994250,-0.004563,-0.993900,-0.107074,-0.026410,-0.026746,0.001709,0.999641,0,-0.24069,0.14409,-14.441,0.288,725.000,350.000,-1,350.000,875.000,300.000,300.000,325.000,300.000,-1,350.000,350.000,-1,575.000,600.000,700.000,825.000,0,0,2,0,0,0,0,0,0,2,0,0,2,0,0,0,0
70,-2275.571,-2794.234,-332.828,-95.859,-0.101978,0.994775,-0.004752,-0.994378,-0.102072,-0.028155,-0.028493,0.001855,0.999592,0,-0.24069,0.14409,-14.441,0.288,725.000,350.000,-1,350.000,875.000,300.000,300.000,325.000,300.000,-1,375.000,375.000,-1,575.000,575.000,700.000,825.000,0,0,2,0,0,0,0,0,0,2,0,0,2,0,0,0,0
71,-2274.169,-2779.861,-332.668,-95.570,-0.096963,0.995276,-0.004921,-0.994828,-0.097067,-0.029905,-0.030242,0.001996,0.999541,0,-0.24069,0.14409,-14.441,0.288,750.000,350.000,-1,350.000,875.000,300.000,300.000,325.000,300.000,-1,375.000,375.000,-1,575.000,575.000,725.000,825.000,0,0,2,0,0,0,0,0,0,2,0,0,2,0,0,0,0
72,-2272.840,-2765.481,-332.509,-95.282,-0.091945,0.995751,-0.005069,-0.995250,-0.092060,-0.031658,-0.031991,0.002134,0.999486,0,-0.24069,0.14409,-14.441,0.288,750.000,350.000,-1,350.000,850.000,300.000,300.000,325.000,300.000,-1,400.000,400.000,-1,575.000,575.000,725.000,800.000,0,0,2,0,0,0,0,0,0,2,0,0,2,0,0,0,0
73,-2271.582,-2751.095,-332.352,-94.994,-0.086925,0.996201,-0.005195,-0.995643,-0.087051,-0.033415,-0.033740,0.002268,0.999428,0,-0.24069,0.14409,-14.441,0.288,750.000,350.000,-1,350.000,850.000,300.000,300.000,325.000,300.000,-1,400.000,425.000,-1,575.000,575.000,725.000,800.000,0,0,2,0,0,0,0,0,0,2,0,0,2,0,0,0,0
74,-2270.398,-2736.703,-332.195,-94.706,-0.081903,0.996626,-0.005301,-0.996008,-0.082039,-0.035175,-0.035491,0.002399,0.999367,0,-0.24069,0.14409,-14.441,0.288,750.000,350.000,-1,350.000,850.000,300.000,300.000,325.000,300.000,-1,425.000,450.000,-1,575.000,575.000,725.000,800.000,0,0,2,0,0,0,0,0,0,2,0,0,2,0,0,0,0
75,-2269.285,-2722.304,-332.039,-94.418,-0.076878,0.997026,-0.005386,-0.996345,-0.077025,-0.036937,-0.037242,0.002527,0.999303,0,-0.24069,0.14409,-14.441,0.288,750.000,350.000,-1,350.000,850.000,300.000,300.000,325.000,300.000,-1,450.000,475.000,-1,575.000,575.000,725.000,800.000,0,0,2,0,0,0,0,0,0,2,0,0,2,0,0,0,0
76,-2268.244,-2707.881,-331.885,-94.131,-0.071871,0.997399,-0.005451,-0.996651,-0.072028,-0.038704,-0.038996,0.002651,0.999236,0,-0.24102,0.14355,-14.461,0.287,750.000,350.000,-1,350.000,825.000,300.000,300.000,325.000,300.000,-1,475.000,500.000,-1,550.000,575.000,725.000,775.000,0,0,2,0,0,0,0,0,0,2,0,0,2,0,0,0,0
77,-2267.272,-2693.418,-331.730,-93.845,-0.066895,0.997745,-0.005496,-0.996927,-0.067063,-0.040476,-0.040754,0.002772,0.999165,0,-0.24159,0.14259,-14.496,0.285,750.000,350.000,-1,350.000,825.000,275.000,275.000,300.000,300.000,-1,500.000,525.000,-1,550.000,550.000,725.000,775.000,0,0,2,0,0,0,0,0,0,2,0,0,2,0,0,0,0
78,-2266.369,-2678.916,-331.577,-93.562,-0.061951,0.998064,-0.005523,-0.997173,-0.062129,-0.042254,-0.042516,0.002890,0.999092,0,-0.24218,0.14163,-14.531,0.283,750.000,325.000,-1,325.000,800.000,275.000,275.000,300.000,300.000,-1,525.000,575.000,-1,550.000,550.000,725.000,775.000,0,0,2,0,0,0,0,0,0,2,0,0,2,0,0,0,0
79,-2265.535,-2664.375,-331.424,-93.281,-0.057039,0.998357,-0.005530,-0.997389,-0.057228,-0.044038,-0.044282,0.003004,0.999015,0,-0.24276,0.14067,-14.565,0.281,750.000,325.000,-1,325.000,800.000,275.000,275.000,300.000,300.000,-1,575.000,600.000,-1,550.000,550.000,725.000,775.000,0,0,2,0,0,0,0,0,0,2,0,0,2,0,0,0,0
80,-2264.984,-2654.625,-331.320,-93.239,-0.056312,0.998398,-0.005588,-0.997378,-0.056508,-0.045220,-0.045464,0.003027,0.998961,0,-0.16276,0.02067,-9.765,0.041,750.000,325.000,-1,325.000,800.000,275.000,275.000,300.000,300.000,-1,600.000,650.000,-1,550.000,550.000,725.000,750.000,0,0,2,0,0,0,0,0,0,2,0,0,2,0,0,0,0
81,-2264.686,-2649.668,-331.264,-93.438,-0.059764,0.998196,-0.005714,-0.997149,-0.059964,-0.045801,-0.046061,0.002960,0.998934,0,-0.08276,-0.09918,-4.965,-0.198,750.000,325.000,-1,325.000,775.000,275.000,275.000,300.000,300.000,-1,600.000,675.000,-1,550.000,550.000,725.000,750.000,0,0,2,0,0,0,0,0,0,2,0,0,2,0,0,0,0
82,-2264.675,-2649.503,-331.259,-93.637,-0.063231,0.997982,-0.005802,-0.996935,-0.063431,-0.045803,-0.046079,0.002888,0.998934,0,-0.00276,-0.09951,-0.165,-0.199,725.000,325.000,-1,325.000,775.000,275.000,275.000,300.000,300.000,-1,600.000,650.000,-1,550.000,550.000,725.000,750.000,0,0,2,0,0,0,0,0,0,2,0,0,2,0,0,0,0
83,-2264.985,-2654.127,-331.307,-93.836,-0.066701,0.997756,-0.005846,-0.996734,-0.066897,-0.045225,-0.045514,0.002810,0.998960,0,0.07724,-0.09952,4.635,-0.199,750.000,325.000,-1,325.000,800.000,275.000,275.000,300.000,300.000,-1,600.000,650.000,-1,550.000,550.000,725.000,750.000,0,0,2,0,0,0,0,0,0,2,0,0,2,0,0,0,0
84,-2265.649,-2663.538,-331.406,-94.034,-0.070163,0.997518,-0.005839,-0.996548,-0.070352,-0.044068,-0.044369,0.002727,0.999011,0,0.15724,-0.09922,9.435,-0.198,750.000,325.000,-1,325.000,800.000,275.000,275.000,300.000,300.000,-1,575.000,600.000,-1,550.000,550.000,725.000,775.000,0,0,2,0,0,0,0,0,0,2,0,0,2,0,0,0,0
85,-2266.699,-2677.734,-331.559,-94.231,-0.073606,0.997271,-0.005773,-0.996375,-0.073785,-0.042332,-0.042643,0.002636,0.999087,0,0.23724,-0.09860,14.235,-0.197,750.000,350.000,-1,325.000,800.000,275.000,275.000,300.000,300.000,-1,525.000,575.000,-1,550.000,550.000,725.000,775.000,0,0,2,0,0,0,0,0,0,2,0,0,2,0,0,0,0
86,-2268.169,-2696.711,-331.763,-94.427,-0.077020,0.997014,-0.005640,-0.996213,-0.077185,-0.040020,-0.040336,0.002536,0.999183,0,0.31724,-0.09767,19.035,-0.195,750.000,350.000,-1,350.000,825.000,300.000,275.000,300.000,300.000,-1,500.000,525.000,-1,550.000,550.000,725.000,775.000,0,0,2,0,0,0,0,0,0,2,0,0,2,0,0,0,0
87,-2270.088,-2720.468,-332.021,-94.620,-0.080394,0.996748,-0.005430,-0.996059,-0.080540,-0.037133,-0.037450,0.002423,0.999296,0,0.39724,-0.09643,23.835,-0.193,750.000,350.000,-1,350.000,850.000,300.000,300.000,325.000,300.000,-1,450.000,475.000,-1,575.000,575.000,725.000,800.000,0,0,2,0,0,0,0,0,0,2,0,0,2,0,0,0,0
88,-2272.489,-2749.002,-332.331,-94.809,-0.083715,0.996477,-0.005134,-0.995910,-0.083840,-0.033674,-0.033986,0.002294,0.999420,0,0.47724,-0.09486,28.635,-0.190,750.000,350.000,-1,350.000,850.000,300.000,300.000,325.000,300.000,-1,400.000,425.000,-1,575.000,575.000,725.000,800.000,0,0,2,0,0,0,0,0,0,2,0,0,2,0,0,0,0
89,-2275.402,-2782.309,-332.695,-94.998,-0.087012,0.996196,-0.004743,-0.995757,-0.087115,-0.029647,-0.029947,0.002143,0.999549,0,0.55724,-0.09415,33.435,-0.188,750.000,350.000,-1,350.000,875.000,300.000,300.000,325.000,300.000,-1,375.000,375.000,-1,575.000,575.000,725.000,825.000,0,0,2,0,0,0,0,0,0,2,0,0,2,0,0,0,0
90,-2278.857,-2820.386,-333.111,-95.186,-0.090310,0.995905,-0.004245,-0.995591,-0.090388,-0.025055,-0.025336,0.001963,0.999677,0,0.63724,-0.09415,38.235,-0.188,750.000,350.000,-1,350.000,875.000,300.000,300.000,325.000,300.000,-1,350.000,350.000,-1,575.000,575.000,725.000,825.000,0,0,2,0,0,0,0,0,0,2,0,0,2,0,0,0,0
91,-2282.888,-2863.232,-333.580,-95.374,-0.093607,0.995603,-0.003627,-0.995405,-0.093661,-0.019905,-0.020157,0.001748,0.999795,0,0.71724,-0.09415,43.035,-0.188,725.000,350.000,-1,350.000,900.000,300.000,300.000,325.000,325.000,-1,325.000,325.000,-1,575.000,600.000,725.000,850.000,0,0,2,0,0,0,0,0,0,2,0,0,2,0,0,0,0
92,-2287.525,-2910.841,-334.102,-95.563,-0.096901,0.995290,-0.002877,-0.995190,-0.096932,-0.014203,-0.014415,0.001487,0.999895,0,0.79724,-0.09415,47.835,-0.188,725.000,350.000,-1,350.000,925.000,300.000,300.000,325.000,325.000,-1,300.000,300.000,-1,575.000,600.000,725.000,900.000,0,0,2,0,0,0,0,0,0,2,0,0,2,0,0,0,0
93,-2292.799,-2963.210,-334.677,-95.751,-0.100190,0.994966,-0.001980,-0.994935,-0.100203,-0.007959,-0.008117,0.001173,0.999966,0,0.87724,-0.09415,52.635,-0.188,725.000,375.000,-1,375.000,975.000,300.000,300.000,325.000,325.000,-1,250.000,275.000,-1,575.000,600.000,725.000,950.000,0,0,2,0,0,0,0,0,0,2,0,0,2,0,0,0,0
94,-2298.275,-3015.851,-335.255,-95.939,-0.103470,0.994632,-0.001001,-0.994631,-0.103472,-0.001711,-0.001806,0.000819,0.999998,0,0.88208,-0.09415,52.925,-0.188,725.000,350.000,-1,375.000,-1,300.000,300.000,325.000,325.000,-1,225.000,250.000,-1,575.000,600.000,700.000,1000.000,0,0,2,0,2,0,0,0,0,2,0,0,2,0,0,0,0
95,-2303.924,-3068.473,-335.833,-96.127,-0.106741,0.994287,0.000055,-0.994277,-0.106740,0.004501,0.004481,0.000426,0.999990,0,0.88208,-0.09415,52.925,-0.188,700.000,350.000,-1,375.000,-1,300.000,300.000,300.000,325.000,-1,225.000,225.000,-1,575.000,600.000,700.000,-1,0,0,2,0,2,0,0,0,0,2,0,0,2,0,0,0,2
96,-2309.746,-3121.077,-336.411,-96.316,-0.110001,0.993931,0.001189,-0.993873,-0.110007,0.010677,0.010743,-0.000008,0.999942,0,0.88208,-0.09415,52.925,-0.188,700.000,350.000,-1,350.000,-1,300.000,300.000,300.000,300.000,-1,200.000,200.000,-1,550.000,600.000,700.000,-1,0,0,2,0,2,0,0,0,0,2,0,0,2,0,0,0,2
97,-2315.741,-3173.662,-336.989,-96.504,-0.113249,0.993564,0.002403,-0.993422,-0.113273,0.016813,0.016977,-0.000484,0.999856,0,0.88208,-0.09415,52.925,-0.188,700.000,350.000,-1,350.000,-1,300.000,300.000,300.000,300.000,-1,200.000,200.000,-1,550.000,600.000,700.000,-1,0,0,2,0,2,0,0,0,0,2,0,0,2,0,0,0,2
98,-2321.909,-3226.226,-337.568,-96.692,-0.116483,0.993186,0.003698,-0.992922,-0.116538,0.022907,0.023181,-0.001003,0.999731,0,0.88208,-0.09415,52.925,-0.188,675.000,350.000,-1,350.000,-1,300.000,300.000,275.000,300.000,-1,175.000,175.000,-1,550.000,625.000,700.000,-1,0,0,2,0,2,0,0,0,0,2,0,0,2,0,0,0,2
99,-2328.249,-3278.770,-336.884,-96.881,-0.119853,0.992792,-0.000180,-0.992395,-0.119800,0.028291,0.028065,0.003569,0.999600,0,0.88208,-0.09415,52.925,-0.188,700.000,350.000,-1,350.000,-1,300.000,300.000,300.000,300.000,-1,200.000,200.000,-1,550.000,625.000,725.000,-1,0,0,2,0,2,0,0,0,0,2,0,0,2,0,0,0,2
100,-2334.762,-3331.293,-334.692,-97.069,-0.123250,0.992369,-0.003747,-0.991841,-0.123059,0.033275,0.032560,0.007818,0.999439,0,0.88208,-0.09415,52.925,-0.188,750.000,350.000,-1,350.000,-1,300.000,300.000,300.000,300.000,-1,225.000,225.000,-1,575.000,625.000,775.000,-1,0,0,2,0,2,0,0,0,0,2,0,0,2,0,0,0,2
101,-2341.447,-3383.795,-331.625,-97.257,-0.126561,0.991951,-0.003956,-0.991251,-0.126319,0.038272,0.037464,0.008765,0.999260,0,0.88208,-0.09415,52.925,-0.188,800.000,350.000,-1,350.000,-1,300.000,300.000,300.000,300.000,-1,275.000,250.000,-1,575.000,650.000,825.000,-1,0,0,2,0,2,0,0,0,0,2,0,0,2,0,0,0,2
102,-2348.687,-3441.064,-328.290,-97.206,-0.125720,0.992057,-0.004115,-0.991141,-0.125423,0.043678,0.042815,0.009569,0.999037,0,0.96208,0.02585,57.725,0.052,850.000,350.000,-1,375.000,-1,300.000,300.000,300.000,300.000,-1,300.000,300.000,-1,600.000,650.000,900.000,-1,0,0,2,0,2,0,0,0,0,2,0,0,2,0,0,0,2
103,-2355.796,-3499.690,-324.884,-96.914,-0.120724,0.992677,-0.004293,-0.991510,-0.120370,0.049183,0.048306,0.010194,0.998781,0,0.98423,0.14585,59.054,0.292,900.000,350.000,-1,375.000,-1,300.000,300.000,325.000,300.000,-1,350.000,325.000,-1,600.000,675.000,975.000,-1,0,0,2,0,2,0,0,0,0,2,0,0,2,0,0,0,2
104,-2362.458,-3558.384,-321.483,-96.476,-0.113189,0.993563,-0.004561,-0.992115,-0.112773,0.054682,0.053816,0.010715,0.998493,0,0.98451,0.21912,59.071,0.438,975.000,350.000,-1,375.000,-1,300.000,300.000,325.000,300.000,-1,375.000,350.000,-1,625.000,700.000,-1,-1,0,0,2,0,2,0,0,0,0,2,0,0,2,0,0,2,2
105,-2368.688,-3617.334,-318.078,-96.034,-0.105595,0.994397,-0.004956,-0.992637,-0.105108,0.060200,0.059342,0.011277,0.998174,0,0.98795,0.22089,59.277,0.442,-1,350.000,-1,375.000,-1,300.000,300.000,300.000,325.000,-1,400.000,375.000,-1,625.000,725.000,-1,-1,2,0,2,0,2,0,0,0,0,2,0,0,2,0,0,2,2
106,-2374.480,-3676.535,-314.667,-95.588,-0.097943,0.995177,-0.005477,-0.993074,-0.097374,0.065738,0.064888,0.011877,0.997822,0,0.99139,0.22270,59.483,0.445,-1,375.000,-1,375.000,-1,300.000,300.000,300.000,300.000,-1,400.000,350.000,-1,650.000,750.000,-1,-1,2,0,2,0,2,0,0,0,0,2,0,0,2,0,0,2,2
107,-2379.827,-3735.985,-311.251,-95.139,-0.090233,0.995902,-0.006121,-0.993425,-0.089571,0.071295,0.070454,0.012514,0.997437,0,0.99481,0.22455,59.688,0.449,-1,375.000,-1,400.000,-1,300.000,325.000,300.000,300.000,-1,350.000,300.000,-1,650.000,775.000,-1,-1,2,0,2,0,2,0,0,0,0,2,0,0,2,0,0,2,2
108,-2384.720,-3795.678,-307.826,-94.686,-0.082465,0.996570,-0.006888,-0.993688,-0.081695,0.076871,0.076044,0.013184,0.997017,0,0.99821,0.22644,59.893,0.453,-1,375.000,-1,400.000,-1,325.000,325.000,300.000,300.000,-1,325.000,275.000,1000.000,675.000,800.000,-1,-1,2,0,2,0,2,0,0,0,0,2,0,0,0,0,0,2,2
109,-2389.145,-3855.516,-304.396,-94.230,-0.074638,0.997180,-0.007776,-0.993862,-0.073747,0.082457,0.081651,0.013883,0.996564,0,1.00000,0.22840,60.000,0.457,975.000,375.000,-1,400.000,-1,325.000,325.000,300.000,300.000,-1,275.000,250.000,1000.000,700.000,825.000,-1,-1,1,0,2,0,2,0,0,0,0,2,0,0,0,0,0,2,2
110,-2393.088,-3915.387,-300.864,-93.769,-0.066785,0.997725,-0.009218,-0.993973,-0.065723,0.087742,0.086936,0.015022,0.996101,0,1.00000,0.23040,60.000,0.461,950.000,375.000,-1,400.000,-1,325.000,325.000,300.000,300.000,-1,275.000,225.000,975.000,700.000,900.000,1000.000,-1,1,0,2,0,2,0,0,0,0,2,0,0,0,0,0,1,2
111,-2396.545,-3975.288,-295.981,-93.304,-0.058970,0.998180,-0.012604,-0.994370,-0.057622,0.088926,0.088038,0.017777,0.995958,0,1.00000,0.23247,60.000,0.465,900.000,375.000,-1,400.000,-1,325.000,325.000,300.000,300.000,-1,325.000,250.000,975.000,700.000,925.000,950.000,-1,1,0,2,0,2,0,0,0,0,2,0,0,0,1,0,1,2
112,-2399.511,-4035.214,-290.690,-92.835,-0.050939,0.998595,-0.014618,-0.994816,-0.049445,0.088861,0.088013,0.019069,0.995937,0,1.00000,0.23460,60.000,0.469,850.000,375.000,-1,400.000,-1,325.000,325.000,300.000,300.000,-1,375.000,325.000,1000.000,700.000,925.000,900.000,-1,1,0,2,0,2,0,0,0,0,2,0,0,0,1,0,1,2
113,-2401.982,-4095.163,-285.400,-92.361,-0.042831,0.998943,-0.016678,-0.995197,-0.041188,0.088811,0.088030,0.020401,0.995909,0,1.00000,0.23681,60.000,0.474,800.000,375.000,-1,400.000,-1,325.000,325.000,300.000,300.000,-1,450.000,375.000,-1,675.000,950.000,850.000,-1,1,0,2,0,2,0,0,0,0,2,0,0,2,1,0,1,2
114,-2404.031,-4150.325,-280.539,-92.127,-0.038913,0.999069,-0.018629,-0.995361,-0.037113,0.088761,0.087987,0.021996,0.995879,0,0.92000,0.11681,55.200,0.234,750.000,375.000,-1,400.000,-1,325.000,325.000,300.000,300.000,-1,500.000,425.000,-1,675.000,975.000,825.000,-1,1,0,2,0,2,0,0,0,0,2,0,0,2,1,0,1,2
115,-2405.906,-4200.690,-276.111,-92.134,-0.039183,0.999023,-0.020457,-0.995362,-0.037223,0.088706,0.087858,0.023837,0.995848,0,0.84000,-0.00319,50.400,-0.006,725.000,375.000,-1,400.000,-1,325.000,325.000,300.000,300.000,-1,550.000,475.000,-1,675.000,1000.000,775.000,-1,1,0,2,0,2,0,0,0,0,2,0,0,2,1,0,1,2
116,-2407.902,-4248.727,-271.902,-92.380,-0.043648,0.998799,-0.022243,-0.995198,-0.041517,0.088641,0.087611,0.026005,0.995815,0,0.80130,-0.12319,48.078,-0.246,675.000,375.000,-1,400.000,-1,325.000,325.000,300.000,300.000,-1,625.000,525.000,-1,675.000,1000.000,750.000,-1,1,0,2,0,2,0,0,0,0,2,0,0,2,1,0,1,2
117,-2410.191,-4296.870,-267.697,-92.724,-0.049819,0.998468,-0.024057,-0.994936,-0.047509,0.088569,0.087290,0.028347,0.995779,0,0.80329,-0.17199,48.197,-0.344,650.000,375.000,-1,425.000,-1,325.000,325.000,300.000,300.000,-1,675.000,575.000,-1,675.000,-1,725.000,-1,1,1,2,0,2,0,0,0,0,2,0,0,2,1,2,1,2
118,-2412.771,-4345.106,-263.498,-93.062,-0.055887,0.998102,-0.025884,-0.994644,-0.053399,0.088495,0.086945,0.030691,0.995740,0,0.80509,-0.16912,48.305,-0.338,600.000,375.000,-1,425.000,-1,325.000,325.000,300.000,300.000,-1,725.000,625.000,-1,675.000,-1,700.000,-1,1,1,2,0,2,0,0,0,0,2,0,0,2,1,2,1,2
119,-2415.635,-4393.425,-259.308,-93.395,-0.061846,0.997700,-0.027729,-0.994324,-0.059180,0.088419,0.086574,0.033040,0.995697,0,0.80672,-0.16608,48.403,-0.332,575.000,400.000,-1,425.000,-1,325.000,325.000,300.000,300.000,-1,775.000,700.000,-1,675.000,-1,675.000,-1,1,1,2,0,2,0,0,0,0,2,0,0,2,1,2,1,2
120,-2418.780,-4441.813,-255.127,-93.720,-0.067690,0.997267,-0.029594,-0.993977,-0.064845,0.088341,0.086181,0.035395,0.995651,0,0.80817,-0.16286,48.490,-0.326,550.000,400.000,-1,450.000,-1,325.000,350.000,300.000,300.000,-1,825.000,750.000,-1,675.000,-1,675.000,-1,1,1,2,0,2,0,0,0,0,2,0,0,2,1,2,1,2
121,-2422.200,-4490.258,-250.960,-94.039,-0.073412,0.996805,-0.031481,-0.993607,-0.070389,0.088263,0.085765,0.037759,0.995600,0,0.80943,-0.15946,48.566,-0.319,525.000,400.000,-1,450.000,-1,350.000,350.000,300.000,300.000,-1,900.000,800.000,-1,700.000,-1,650.000,-1,1,1,2,0,2,0,0,0,0,2,0,0,2,1,2,1,2
122,-2425.887,-4538.745,-246.806,-94.351,-0.079005,0.996315,-0.033392,-0.993216,-0.075804,0.088185,0.085329,0.040133,0.995544,0,0.81046,-0.15586,48.627,-0.312,500.000,425.000,-1,450.000,-1,350.000,350.000,300.000,300.000,-1,950.000,850.000,-1,700.000,-1,650.000,-1,1,1,2,0,2,0,0,0,0,2,0,0,2,1,2,1,2
123,-2429.836,-4587.260,-242.645,-94.655,-0.084476,0.995796,-0.035425,-0.992796,-0.081083,0.088218,0.084974,0.042622,0.995471,0,0.81125,-0.15207,48.675,-0.304,475.000,425.000,-1,450.000,-1,350.000,350.000,300.000,300.000,-1,1000.000,900.000,-1,700.000,-1,625.000,-1,1,1,2,0,2,0,0,0,0,2,0,0,2,1,2,1,2
124,-2434.037,-4635.785,-238.683,-94.951,-0.089854,0.995216,-0.038348,-0.992400,-0.086216,0.087802,0.084076,0.045946,0.995400,0,0.81178,-0.14807,48.707,-0.296,450.000,425.000,-1,475.000,-1,350.000,375.000,300.000,300.000,-1,-1,975.000,-1,750.000,-1,625.000,-1,1,1,2,0,2,0,0,0,0,2,2,0,2,1,2,1,2
125,-2438.483,-4684.303,-235.125,-95.239,-0.095091,0.994576,-0.042155,-0.992086,-0.091195,0.086308,0.081995,0.050028,0.995376,0,0.81202,-0.14387,48.721,-0.288,425.000,450.000,-1,475.000,-1,350.000,375.000,300.000,300.000,-1,-1,-1,-1,775.000,-1,625.000,-1,1,1,2,0,2,0,0,0,0,2,2,2,2,1,2,1,2
126,-2443.164,-4732.794,-231.675,-95.518,-0.100114,0.993928,-0.045647,-0.991785,-0.096017,0.084517,0.079621,0.053733,0.995376,0,0.81196,-0.13945,48.718,-0.279,400.000,450.000,-1,475.000,-1,375.000,375.000,300.000,300.000,-1,-1,-1,-1,800.000,-1,-1,-1,1,0,2,0,2,0,0,0,0,2,2,2,2,1,2,2,2
127,-2448.072,-4781.240,-228.341,-95.787,-0.104913,0.993283,-0.048816,-0.991500,-0.100675,0.082414,0.076946,0.057047,0.995402,0,0.81157,-0.13482,48.694,-0.270,400.000,450.000,-1,450.000,-1,375.000,375.000,300.000,300.000,-1,-1,-1,-1,825.000,-1,-1,-1,1,0,2,0,2,0,0,0,0,2,2,2,2,1,2,2,2
128,-2453.195,-4829.618,-225.126,-96.047,-0.109480,0.992646,-0.051654,-0.991233,-0.105162,0.079984,0.073963,0.059958,0.995457,0,0.81082,-0.12998,48.649,-0.260,375.000,450.000,-1,450.000,-1,375.000,375.000,300.000,275.000,-1,-1,-1,-1,850.000,-1,-1,-1,1,0,2,0,2,0,0,1,0,2,2,2,2,1,2,2,2
129,-2458.522,-4877.907,-222.034,-96.297,-0.113808,0.992026,-0.054156,-0.990986,-0.109474,0.077213,0.070669,0.062456,0.995543,0,0.80971,-0.12494,48.582,-0.250,350.000,450.000,-1,450.000,-1,375.000,375.000,275.000,275.000,-1,-1,-1,-1,875.000,-1,-1,-1,1,0,2,0,2,0,0,1,0,2,2,2,2,1,2,2,2
130,-2464.041,-4926.084,-219.070,-96.537,-0.117891,0.991428,-0.056318,-0.990760,-0.113603,0.074093,0.067060,0.064533,0.995660,0,0.80820,-0.11970,48.492,-0.239,350.000,450.000,-1,450.000,-1,350.000,350.000,250.000,275.000,-1,-1,-1,-1,900.000,-1,-1,-1,1,0,2,0,2,0,0,1,0,2,2,2,2,1,2,2,2
