timestep,x_cm,y_cm,z_cm,yaw_deg,basis_xx,basis_xy,basis_xz,basis_yx,basis_yy,basis_yz,basis_zx,basis_zy,basis_zz,teleport_flag,throttle_cmd,steering_cmd,cmd_move_cm,cmd_turn_deg,lidar_cm_0,lidar_cm_1,lidar_cm_2,lidar_cm_3,lidar_cm_4,lidar_cm_5,lidar_cm_6,lidar_cm_7,lidar_cm_8,lidar_cm_9,lidar_cm_10,lidar_cm_11,lidar_cm_12,lidar_cm_13,lidar_cm_14,lidar_cm_15,lidar_cm_16,lidar_class_0,lidar_class_1,lidar_class_2,lidar_class_3,lidar_class_4,lidar_class_5,lidar_class_6,lidar_class_7,lidar_class_8,lidar_class_9,lidar_class_10,lidar_class_11,lidar_class_12,lidar_class_13,lidar_class_14,lidar_class_15,lidar_class_16
0,-5571.367,-4922.061,-165.336,-32.396,0.844429,0.535457,0.015044,-0.534219,0.843876,-0.049839,-0.039382,0.034049,0.998644,1,0.08000,-0.12000,4.800,-0.240,950.000,350.000,-1,350.000,-1,300.000,300.000,325.000,375.000,-1,500.000,-1,-1,575.000,625.000,825.000,925.000,0,0,2,0,2,0,0,0,0,2,0,2,2,0,0,0,0
1,-5563.305,-4927.272,-165.729,-32.876,0.839922,0.542513,0.014512,-0.541298,0.839368,-0.049568,-0.039072,0.033778,0.998665,0,0.16000,-0.24000,9.600,-0.480,950.000,350.000,-1,350.000,-1,300.000,300.000,325.000,375.000,-1,500.000,450.000,-1,575.000,625.000,825.000,925.000,0,0,2,0,2,0,0,0,0,2,0,0,2,0,0,0,0
2,-5551.310,-4935.240,-166.321,-33.596,0.833052,0.553025,0.013709,-0.551847,0.832496,-0.049154,-0.038596,0.033383,0.998697,0,0.24000,-0.36000,14.400,-0.720,925.000,350.000,-1,350.000,-1,300.000,300.000,325.000,375.000,-1,475.000,425.000,-1,575.000,625.000,825.000,925.000,0,0,2,0,2,0,0,0,0,2,0,0,2,0,0,0,0
3,-5535.497,-4946.131,-167.112,-34.556,0.823687,0.566905,0.012635,-0.565774,0.823127,-0.048587,-0.037944,0.032872,0.998739,0,0.32000,-0.48000,19.200,-0.960,900.000,350.000,-1,350.000,-1,300.000,300.000,325.000,375.000,-1,475.000,400.000,-1,575.000,600.000,800.000,925.000,0,0,2,0,2,0,0,0,0,2,0,0,2,0,0,0,0
4,-5515.991,-4960.112,-168.113,-35.631,0.812924,0.582260,0.011274,-0.581192,0.812359,-0.047842,-0.037016,0.032340,0.998791,0,0.40000,-0.53758,24.000,-1.075,875.000,350.000,-1,350.000,-1,300.000,300.000,325.000,375.000,-1,450.000,375.000,-1,575.000,600.000,775.000,925.000,0,0,2,0,2,0,0,0,0,2,0,0,2,0,0,0,0
5,-5492.899,-4977.323,-169.306,-36.696,0.801985,0.597267,0.009550,-0.596278,0.801407,-0.046908,-0.035670,0.031925,0.998854,0,0.48000,-0.53252,28.800,-1.065,850.000,350.000,-1,350.000,-1,300.000,300.000,325.000,375.000,-1,425.000,350.000,-1,575.000,600.000,775.000,925.000,0,0,2,0,2,0,0,0,0,2,0,0,2,0,0,0,0
6,-5466.331,-4997.892,-170.552,-37.749,0.790908,0.611890,0.007424,-0.610978,0.790291,-0.046318,-0.034209,0.032098,0.998899,0,0.56000,-0.52648,33.600,-1.053,825.000,350.000,-1,350.000,-1,300.000,300.000,325.000,375.000,-1,400.000,325.000,-1,550.000,600.000,750.000,925.000,0,0,2,0,2,0,0,0,0,2,0,0,2,0,0,0,0
7,-5436.399,-5021.948,-171.847,-38.788,0.779723,0.626106,0.004879,-0.625279,0.779051,-0.045889,-0.032532,0.032730,0.998935,0,0.64000,-0.51945,38.400,-1.039,800.000,350.000,-1,350.000,-1,300.000,300.000,325.000,375.000,-1,400.000,300.000,-1,550.000,600.000,725.000,925.000,0,0,2,0,2,0,0,0,0,2,0,0,2,0,0,0,0
8,-5405.329,-5047.844,-173.131,-39.811,0.768459,0.639896,0.002129,-0.639167,0.767733,-0.045296,-0.030619,0.033447,0.998971,0,0.67412,-0.51137,40.447,-1.023,775.000,350.000,-1,350.000,-1,300.000,300.000,325.000,375.000,-1,400.000,275.000,-1,550.000,600.000,725.000,900.000,0,0,2,0,2,0,0,0,0,2,0,0,2,0,0,0,0
9,-5374.612,-5074.373,-174.331,-40.816,0.757137,0.653255,-0.000665,-0.652629,0.756366,-0.044560,-0.028606,0.034172,0.999006,0,0.67646,-0.50280,40.588,-1.006,750.000,350.000,-1,350.000,-1,300.000,300.000,325.000,375.000,-1,375.000,275.000,-1,550.000,600.000,700.000,900.000,0,0,2,0,2,0,0,0,0,2,0,0,2,0,0,0,0
10,-5344.248,-5101.525,-175.444,-41.805,0.745777,0.666187,-0.003488,-0.665669,0.744968,-0.043681,-0.026501,0.034898,0.999039,0,0.67889,-0.49414,40.733,-0.988,750.000,325.000,-1,350.000,-1,300.000,300.000,325.000,375.000,-1,375.000,250.000,-1,550.000,575.000,675.000,900.000,0,0,2,0,2,0,0,0,0,2,0,0,2,0,0,0,0
11,-5314.238,-5129.289,-176.079,-42.775,0.734409,0.678656,-0.008343,-0.678316,0.733513,-0.042960,-0.023035,0.037210,0.999042,0,0.68140,-0.48536,40.884,-0.971,750.000,325.000,-1,350.000,-1,275.000,300.000,325.000,350.000,-1,350.000,225.000,-1,550.000,575.000,700.000,900.000,0,0,2,0,2,0,0,0,0,2,0,0,2,0,0,0,0
12,-5284.581,-5157.656,-176.608,-43.728,0.723020,0.690699,-0.013278,-0.690553,0.722059,-0.042034,-0.019446,0.039561,0.999028,0,0.68399,-0.47649,41.039,-0.953,750.000,325.000,-1,350.000,-1,300.000,300.000,325.000,350.000,-1,350.000,200.000,-1,550.000,575.000,700.000,925.000,0,0,2,0,2,0,0,0,0,2,0,0,2,0,0,0,0
13,-5255.277,-5186.616,-177.044,-44.663,0.711624,0.702328,-0.018076,-0.702383,0.710630,-0.040783,-0.015798,0.041718,0.999005,0,0.68666,-0.46751,41.200,-0.935,775.000,325.000,-1,350.000,-1,300.000,300.000,325.000,350.000,-1,325.000,200.000,-1,550.000,600.000,725.000,925.000,0,0,2,0,2,0,0,0,0,2,0,0,2,0,0,0,0
14,-5226.323,-5216.160,-177.367,-45.580,0.700234,0.713552,-0.022706,-0.713811,0.699244,-0.039130,-0.012044,0.043608,0.998976,0,0.68943,-0.45842,41.366,-0.917,775.000,350.000,-1,350.000,-1,300.000,300.000,325.000,350.000,-1,325.000,175.000,-1,550.000,600.000,725.000,950.000,0,0,2,0,2,0,0,0,0,2,0,0,2,0,0,1,0
15,-5197.719,-5246.278,-177.593,-46.479,0.688872,0.724374,-0.027159,-0.724836,0.687918,-0.037176,-0.008247,0.045295,0.998940,0,0.69228,-0.44922,41.537,-0.898,775.000,350.000,-1,350.000,-1,300.000,300.000,325.000,350.000,-1,300.000,175.000,-1,550.000,600.000,725.000,975.000,0,0,2,0,2,0,0,0,0,2,0,0,2,0,0,1,0
16,-5169.461,-5276.962,-177.714,-47.358,0.677555,0.734802,-0.031389,-0.735459,0.676668,-0.034929,-0.004425,0.046752,0.998897,0,0.69522,-0.43991,41.713,-0.880,800.000,350.000,-1,350.000,-1,300.000,300.000,325.000,350.000,-1,275.000,175.000,-1,550.000,600.000,725.000,1000.000,0,0,2,0,2,0,0,0,0,2,0,0,2,0,0,1,0
17,-5141.546,-5308.203,-177.734,-48.219,0.666300,0.744843,-0.035415,-0.745684,0.665512,-0.032400,-0.000564,0.047997,0.998847,0,0.69825,-0.43048,41.895,-0.861,800.000,350.000,-1,350.000,-1,300.000,300.000,325.000,350.000,-1,250.000,175.000,-1,575.000,600.000,725.000,-1,0,0,2,0,2,0,0,0,0,2,0,0,2,0,0,1,2
18,-5113.970,-5339.992,-177.675,-49.061,0.655121,0.754500,-0.039318,-0.755516,0.654461,-0.029596,0.003401,0.049094,0.998788,0,0.70138,-0.42092,42.083,-0.842,775.000,350.000,-1,350.000,-1,300.000,300.000,325.000,350.000,-1,225.000,175.000,-1,575.000,625.000,700.000,-1,1,0,2,0,2,0,0,0,0,2,0,0,2,0,0,1,2
19,-5083.654,-5375.754,-177.499,-49.713,0.646288,0.761852,-0.043520,-0.763050,0.645810,-0.026161,0.008175,0.050116,0.998710,0,0.78138,-0.32565,46.883,-0.651,750.000,350.000,-1,350.000,-1,300.000,300.000,325.000,350.000,-1,200.000,150.000,-1,575.000,625.000,700.000,-1,1,0,2,0,2,0,0,0,0,2,0,0,2,0,0,1,2
20,-5053.124,-5412.582,-177.159,-50.344,0.637610,0.768884,-0.047660,-0.770249,0.637345,-0.022541,0.013045,0.051082,0.998609,0,0.79727,-0.31567,47.836,-0.631,700.000,350.000,-1,350.000,-1,300.000,300.000,325.000,350.000,-1,200.000,150.000,-1,600.000,625.000,675.000,-1,1,0,2,0,2,0,0,0,0,2,0,0,2,0,0,1,2
21,-5022.723,-5450.062,-176.650,-50.954,0.629114,0.775593,-0.051681,-0.777105,0.629090,-0.018776,0.017950,0.051974,0.998487,0,0.80432,-0.30513,48.259,-0.610,675.000,350.000,-1,375.000,-1,300.000,300.000,300.000,350.000,-1,200.000,150.000,-1,600.000,650.000,650.000,-1,1,0,2,0,2,0,0,0,0,2,0,0,2,1,0,1,2
22,-4992.444,-5488.184,-175.967,-51.542,0.620824,0.781977,-0.055580,-0.783615,0.621068,-0.014870,0.022891,0.052785,0.998344,0,0.81139,-0.29411,48.683,-0.588,650.000,350.000,-1,375.000,-1,300.000,300.000,300.000,350.000,-1,200.000,150.000,-1,600.000,650.000,625.000,-1,1,0,2,0,2,0,0,0,0,2,0,0,2,1,0,1,2
23,-4962.282,-5526.937,-175.077,-52.108,0.612754,0.788030,-0.059507,-0.789779,0.613296,-0.010823,0.027966,0.053629,0.998169,0,0.81845,-0.28261,49.107,-0.565,600.000,350.000,-1,375.000,-1,300.000,300.000,300.000,350.000,-1,200.000,150.000,-1,575.000,650.000,600.000,-1,1,0,2,0,2,0,0,0,0,2,0,0,2,1,0,1,2
24,-4932.230,-5566.310,-173.917,-52.649,0.604953,0.793741,-0.063300,-0.795593,0.605789,-0.007205,0.032628,0.054719,0.997969,0,0.82550,-0.27061,49.530,-0.541,575.000,350.000,-1,375.000,-1,300.000,300.000,300.000,350.000,-1,200.000,150.000,-1,575.000,675.000,575.000,-1,1,0,2,0,2,0,0,0,0,2,0,0,2,1,0,1,2
25,-4902.282,-5606.288,-172.283,-53.165,0.597476,0.799053,-0.067350,-0.801082,0.598529,-0.005509,0.035910,0.057244,0.997714,0,0.83252,-0.25809,49.951,-0.516,550.000,375.000,-1,375.000,-1,300.000,300.000,300.000,350.000,-1,200.000,150.000,-1,575.000,675.000,550.000,-1,1,0,2,0,2,0,0,0,0,2,0,0,2,1,0,1,2
26,-4872.429,-5646.857,-170.603,-53.655,0.590315,0.804023,-0.071239,-0.806233,0.591585,-0.003970,0.038952,0.059778,0.997451,0,0.83946,-0.24502,50.368,-0.490,500.000,375.000,-1,375.000,-1,300.000,300.000,300.000,350.000,-1,225.000,175.000,-1,550.000,675.000,525.000,-1,1,0,2,0,2,0,0,0,0,2,0,0,2,1,0,1,2
27,-4843.304,-5686.981,-168.894,-54.028,0.584763,0.807742,-0.074873,-0.810124,0.586252,-0.002535,0.041847,0.062139,0.997190,0,0.82634,-0.18655,49.580,-0.373,475.000,375.000,-1,375.000,-1,300.000,300.000,300.000,350.000,-1,250.000,200.000,-1,525.000,675.000,500.000,-1,1,0,2,0,2,0,0,0,0,2,0,0,2,1,0,1,2
28,-4814.189,-5727.605,-167.064,-54.374,0.579593,0.811155,-0.078098,-0.813695,0.581291,-0.001208,0.044418,0.064248,0.996945,0,0.83298,-0.17282,49.979,-0.346,450.000,375.000,-1,375.000,-1,300.000,325.000,300.000,350.000,-1,275.000,200.000,-1,500.000,675.000,475.000,-1,1,0,2,0,2,0,0,0,0,2,0,0,2,1,0,1,2
29,-4785.074,-5768.709,-165.123,-54.691,0.574828,0.814257,-0.080978,-0.816940,0.576722,0.000000,0.046702,0.066154,0.996716,0,0.83952,-0.15851,50.371,-0.317,400.000,375.000,975.000,375.000,-1,325.000,300.000,300.000,350.000,-1,300.000,225.000,-1,500.000,675.000,425.000,-1,1,1,1,0,2,0,0,0,0,2,0,0,2,1,0,1,2
30,-4755.944,-5810.273,-163.071,-54.978,0.570494,0.817044,-0.083525,-0.819857,0.572568,0.001080,0.048706,0.067862,0.996505,0,0.84591,-0.14360,50.755,-0.287,375.000,350.000,950.000,375.000,-1,325.000,300.000,300.000,350.000,-1,325.000,250.000,-1,475.000,675.000,400.000,-1,1,1,1,0,2,0,0,0,0,2,0,0,2,1,0,1,2
31,-4726.788,-5852.273,-160.814,-55.234,0.566606,0.819529,-0.085611,-0.822428,0.568864,0.002438,0.050699,0.069028,0.996326,0,0.85213,-0.12805,51.128,-0.256,325.000,350.000,900.000,375.000,-1,325.000,300.000,300.000,350.000,-1,350.000,275.000,-1,450.000,675.000,350.000,-1,1,1,1,0,2,0,0,0,0,2,0,0,2,1,0,1,2
32,-4697.594,-5894.683,-158.378,-55.458,0.563195,0.821703,-0.087268,-0.824649,0.565632,0.003928,0.052589,0.069753,0.996177,0,0.85811,-0.11186,51.487,-0.224,300.000,325.000,875.000,375.000,-1,300.000,300.000,300.000,350.000,-1,375.000,300.000,-1,425.000,675.000,325.000,-1,1,1,1,0,2,0,0,1,0,2,0,0,2,1,0,1,2
33,-4668.402,-5937.402,-155.720,-55.655,0.560155,0.823592,-0.089009,-0.826592,0.562775,0.005371,0.054515,0.070565,0.996016,0,0.86233,-0.09834,51.740,-0.197,250.000,325.000,825.000,375.000,-1,300.000,300.000,300.000,325.000,-1,400.000,325.000,-1,400.000,675.000,275.000,-1,1,1,1,0,2,0,0,1,0,2,0,0,2,1,0,1,2
34,-4639.298,-5980.264,-151.038,-55.835,0.556412,0.824844,-0.100190,-0.828570,0.559835,0.007488,0.062267,0.078848,0.994940,0,0.86347,-0.09005,51.808,-0.180,250.000,300.000,825.000,400.000,-1,300.000,325.000,300.000,325.000,-1,400.000,325.000,-1,400.000,700.000,275.000,-1,1,1,1,0,2,1,0,1,0,2,0,0,2,1,0,1,2
35,-4610.297,-6023.232,-145.887,-55.997,0.552641,0.825774,-0.112627,-0.830421,0.557054,0.009553,0.070628,0.088248,0.993591,0,0.86396,-0.08120,51.838,-0.162,225.000,300.000,825.000,400.000,-1,300.000,325.000,300.000,300.000,-1,400.000,300.000,-1,400.000,725.000,250.000,-1,1,1,1,0,2,1,0,1,0,2,0,0,2,1,0,1,2
36,-4581.408,-6066.259,-140.314,-56.141,0.548809,0.826362,-0.126232,-0.832138,0.554443,0.011772,0.079717,0.098581,0.991931,0,0.86373,-0.07179,51.824,-0.144,225.000,300.000,825.000,425.000,-1,300.000,350.000,300.000,300.000,-1,375.000,275.000,-1,375.000,775.000,250.000,-1,1,1,1,0,2,1,0,1,0,2,0,0,2,1,0,1,2
37,-4552.644,-6109.296,-134.339,-56.264,0.544881,0.826580,-0.140959,-0.833718,0.552008,0.014203,0.089550,0.109781,0.989914,0,0.86270,-0.06178,51.762,-0.124,225.000,300.000,825.000,425.000,-1,300.000,375.000,325.000,300.000,-1,325.000,225.000,1000.000,375.000,800.000,225.000,-1,1,1,1,0,2,1,1,1,0,2,0,0,0,1,1,1,2
38,-4524.017,-6152.288,-128.206,-56.366,0.540947,0.826455,-0.156040,-0.835133,0.549792,0.016764,0.099644,0.121246,0.987608,0,0.86080,-0.05117,51.648,-0.102,200.000,300.000,850.000,450.000,-1,300.000,350.000,325.000,275.000,-1,300.000,175.000,875.000,375.000,800.000,225.000,-1,1,1,1,0,2,1,1,1,0,2,0,0,0,1,1,1,2
39,-4495.541,-6195.175,-121.981,-56.446,0.536951,0.825941,-0.171772,-0.836389,0.547790,0.019459,0.110167,0.133219,0.984945,0,0.85795,-0.03996,51.477,-0.080,200.000,275.000,875.000,475.000,-1,275.000,350.000,325.000,275.000,-1,250.000,125.000,775.000,375.000,775.000,225.000,-1,1,1,1,0,2,1,1,1,0,2,0,0,0,1,1,1,2
40,-4467.233,-6237.896,-115.639,-56.503,0.532902,0.825026,-0.188012,-0.837479,0.546016,0.022252,0.121016,0.145598,0.981915,0,0.85409,-0.02815,51.245,-0.056,200.000,275.000,900.000,475.000,-1,275.000,350.000,325.000,275.000,-1,225.000,100.000,650.000,375.000,775.000,225.000,-1,1,1,1,1,2,1,1,1,0,2,0,0,0,1,1,1,2
41,-4439.108,-6280.384,-109.186,-56.534,0.528794,0.823688,-0.204730,-0.838398,0.544479,0.025111,0.132155,0.158367,0.978496,0,0.84916,-0.01579,50.950,-0.032,200.000,275.000,925.000,475.000,-1,275.000,325.000,300.000,250.000,-1,225.000,75.000,575.000,375.000,775.000,200.000,-1,1,1,1,1,2,1,1,1,0,2,0,0,0,1,1,1,2
42,-4411.182,-6322.572,-102.631,-56.540,0.524622,0.821910,-0.221891,-0.839147,0.543184,0.028003,0.143543,0.171508,0.974669,0,0.84314,-0.00290,50.589,-0.006,200.000,275.000,975.000,450.000,-1,275.000,325.000,300.000,250.000,-1,200.000,75.000,475.000,350.000,750.000,200.000,-1,1,1,1,1,2,1,1,1,0,2,0,0,0,1,1,1,2
43,-4383.474,-6364.391,-95.977,-56.519,0.520387,0.819676,-0.239434,-0.839723,0.542136,0.030886,0.155122,0.184986,0.970421,0,0.83603,0.01042,50.162,0.021,175.000,275.000,-1,450.000,-1,250.000,325.000,300.000,250.000,-1,200.000,50.000,400.000,350.000,750.000,200.000,-1,1,1,2,1,2,1,1,1,0,2,0,0,0,1,1,1,2
44,4263.506,-5575.422,15.710,88.728,0.023456,-0.995778,0.088748,0.999627,0.022116,-0.016051,0.014021,0.089091,0.995925,1,0.00000,0.00000,49.671,0.048,-1,375.000,-1,350.000,825.000,300.000,300.000,325.000,325.000,-1,325.000,425.000,800.000,700.000,625.000,-1,-1,2,0,2,0,1,0,0,0,0,2,0,0,1,0,0,2,2
45,4263.380,-5580.220,15.647,88.488,0.027577,-0.995660,0.088890,0.999532,0.026287,-0.015655,0.013251,0.089280,0.995918,0,-0.08000,-0.12000,-4.800,-0.240,-1,375.000,-1,350.000,825.000,300.000,300.000,325.000,325.000,-1,325.000,450.000,800.000,700.000,625.000,-1,-1,2,0,2,0,1,0,0,0,0,2,0,0,1,0,0,2,2
46,4263.046,-5589.814,15.528,88.008,0.035816,-0.995371,0.089185,0.999290,0.034626,-0.014862,0.011705,0.089654,0.995904,0,-0.16000,-0.24000,-9.600,-0.480,-1,375.000,-1,350.000,825.000,300.000,300.000,325.000,325.000,-1,325.000,525.000,800.000,700.000,600.000,-1,-1,2,0,2,0,1,0,0,0,0,2,0,0,1,0,0,2,2
47,4262.364,-5604.197,15.364,87.288,0.048167,-0.994808,0.089651,0.998795,0.047129,-0.013666,0.009370,0.090201,0.995879,0,-0.24000,-0.36000,-14.400,-0.720,-1,375.000,-1,350.000,800.000,300.000,300.000,325.000,325.000,-1,-1,775.000,825.000,700.000,600.000,-1,-1,2,0,2,0,1,0,0,0,0,2,2,0,1,0,0,2,2
48,4261.135,-5623.357,15.169,86.328,0.064617,-0.993815,0.090316,0.997891,0.063785,-0.012066,0.006231,0.090905,0.995840,0,-0.32000,-0.48000,-19.200,-0.960,-1,375.000,-1,350.000,775.000,300.000,300.000,325.000,325.000,-1,-1,-1,850.000,700.000,600.000,-1,-1,2,0,2,0,1,0,0,0,0,2,2,2,1,0,0,2,2
49,4259.101,-5647.210,14.966,85.128,0.085144,-0.992185,0.091214,0.996366,0.084578,-0.010065,0.002272,0.091740,0.995780,0,-0.39901,-0.60000,-23.940,-1.200,-1,375.000,-1,350.000,750.000,300.000,300.000,325.000,325.000,-1,-1,-1,875.000,675.000,600.000,-1,1000.000,2,0,2,0,1,0,0,0,0,2,2,2,1,0,0,2,0
50,4256.489,-5670.822,14.814,83.688,0.109753,-0.989673,0.092205,0.993957,0.109477,-0.008061,-0.002116,0.092533,0.995707,0,-0.39596,-0.72000,-23.757,-1.440,-1,375.000,-1,350.000,725.000,300.000,300.000,325.000,325.000,-1,-1,-1,925.000,675.000,600.000,-1,950.000,2,0,2,0,1,0,0,0,0,2,2,2,1,0,0,2,0
51,4253.217,-5694.132,14.718,82.008,0.138394,-0.985972,0.093313,0.990353,0.138435,-0.006064,-0.006939,0.093252,0.995618,0,-0.39233,-0.84000,-23.540,-1.680,-1,375.000,-1,350.000,700.000,300.000,300.000,325.000,325.000,-1,-1,-1,975.000,650.000,575.000,-1,925.000,2,0,2,0,1,0,0,0,0,2,2,2,1,0,0,2,0
52,4249.209,-5717.070,14.684,80.088,0.170995,-0.980724,0.094561,0.985196,0.171381,-0.004086,-0.012198,0.093860,0.995511,0,-0.38813,-0.96000,-23.288,-1.920,-1,350.000,-1,350.000,675.000,300.000,300.000,325.000,325.000,-1,-1,-1,-1,650.000,575.000,-1,875.000,2,0,2,0,1,0,0,0,0,2,2,2,2,0,0,2,0
53,4244.462,-5739.574,14.715,78.088,0.204749,-0.974102,0.095934,0.978656,0.205495,-0.002153,-0.017616,0.094327,0.995385,0,-0.38335,-1.00000,-23.001,-2.000,-1,350.000,-1,350.000,650.000,300.000,300.000,325.000,325.000,-1,-1,-1,-1,625.000,575.000,-1,850.000,2,0,2,0,1,0,0,0,0,2,2,2,2,0,0,2,1
54,4239.006,-5761.605,14.810,76.088,0.238246,-0.966307,0.097410,0.970931,0.239358,-0.000282,-0.023044,0.094645,0.995244,0,-0.37830,-1.00000,-22.698,-2.000,-1,350.000,-1,350.000,650.000,300.000,300.000,325.000,325.000,-1,-1,-1,-1,625.000,575.000,-1,800.000,2,0,2,0,1,0,0,0,0,2,2,2,2,0,0,2,1
55,4232.870,-5783.134,14.970,74.088,0.271447,-0.957350,0.098981,0.962032,0.272931,0.001518,-0.028469,0.094811,0.995088,0,-0.37315,-1.00000,-22.389,-2.000,-1,350.000,-1,350.000,650.000,300.000,300.000,325.000,300.000,-1,-1,-1,-1,625.000,575.000,-1,775.000,2,0,2,0,1,0,0,0,0,2,2,2,2,0,0,2,1
56,4227.462,-5799.869,15.132,72.088,0.304355,-0.947249,0.100437,0.951970,0.306178,0.002894,-0.033493,0.094732,0.994939,0,-0.29315,-1.00000,-17.589,-2.000,-1,350.000,-1,350.000,650.000,300.000,275.000,325.000,300.000,-1,-1,-1,-1,600.000,575.000,-1,750.000,2,0,2,0,1,0,0,0,0,2,2,2,2,0,0,2,1
57,4223.109,-5811.892,15.500,70.088,0.337036,-0.936091,0.100698,0.940748,0.339088,0.003490,-0.037413,0.093555,0.994911,0,-0.21315,-1.00000,-12.789,-2.000,-1,350.000,-1,350.000,650.000,300.000,275.000,325.000,300.000,-1,-1,-1,-1,600.000,575.000,-1,725.000,2,0,2,0,1,0,0,0,0,2,2,2,2,0,0,2,1
58,4220.130,-5819.303,15.889,68.088,0.369396,-0.923833,0.100393,0.928382,0.371610,0.003635,-0.040666,0.091860,0.994941,0,-0.13315,-1.00000,-7.989,-2.000,-1,350.000,-1,350.000,650.000,300.000,300.000,325.000,300.000,-1,-1,-1,-1,600.000,575.000,-1,700.000,2,0,2,0,1,0,0,0,0,2,2,2,2,0,0,2,1
59,4218.841,-5822.218,16.111,66.088,0.401329,-0.910437,0.100195,0.914891,0.403685,0.003564,-0.043692,0.090237,0.994961,0,-0.05315,-1.00000,-3.189,-2.000,-1,350.000,-1,350.000,650.000,300.000,300.000,325.000,300.000,-1,-1,-1,-1,600.000,575.000,-1,700.000,2,0,2,0,1,0,0,0,0,2,2,2,2,0,0,2,1
60,4219.547,-5820.768,16.136,64.088,0.432797,-0.895918,0.100088,0.900293,0.435273,0.003250,-0.046477,0.088702,0.994973,0,0.02685,-1.00000,1.611,-2.000,-1,350.000,-1,350.000,675.000,300.000,300.000,325.000,300.000,-1,-1,-1,-1,600.000,575.000,975.000,675.000,2,0,2,0,1,0,0,0,0,2,2,2,2,0,0,0,1
61,4222.551,-5815.103,15.937,62.088,0.463760,-0.880293,0.100053,0.884605,0.466334,0.002667,-0.049006,0.087271,0.994979,0,0.10685,-1.00000,6.411,-2.000,-1,350.000,-1,350.000,675.000,300.000,300.000,325.000,300.000,-1,-1,-1,-1,600.000,600.000,975.000,675.000,2,0,2,0,1,0,0,0,0,2,2,2,2,0,0,0,1
62,4228.144,-5805.385,15.486,60.088,0.494180,-0.863581,0.100067,0.867847,0.496829,0.001792,-0.051264,0.085958,0.994979,0,0.18685,-1.00000,11.211,-2.000,-1,350.000,-1,350.000,675.000,300.000,300.000,325.000,300.000,-1,-1,-1,-1,600.000,600.000,950.000,675.000,2,0,2,0,1,0,0,0,0,2,2,2,2,0,0,0,1
63,4236.610,-5791.794,14.761,58.088,0.524022,-0.845802,0.100102,0.850040,0.526718,0.000599,-0.053232,0.084777,0.994977,0,0.26685,-1.00000,16.011,-2.000,-1,350.000,-1,350.000,675.000,300.000,300.000,325.000,300.000,-1,-1,-1,-1,575.000,600.000,950.000,650.000,2,0,2,0,1,0,0,0,0,2,2,2,2,0,1,0,1
64,4248.223,-5774.522,13.739,56.088,0.553248,-0.826977,0.100126,0.831206,0.555964,-0.000933,-0.054895,0.083742,0.994974,0,0.34685,-1.00000,20.811,-2.000,-1,350.000,-1,350.000,700.000,300.000,300.000,325.000,300.000,-1,-1,-1,-1,575.000,575.000,925.000,650.000,2,0,2,0,1,0,0,0,0,2,2,2,2,0,1,0,1
65,4263.247,-5753.779,12.400,54.088,0.581825,-0.807130,0.100103,0.811367,0.584530,-0.002823,-0.056234,0.082863,0.994973,0,0.42685,-1.00000,25.611,-2.000,-1,350.000,-1,350.000,700.000,300.000,300.000,325.000,300.000,-1,-1,-1,-1,575.000,575.000,925.000,625.000,2,0,2,0,1,0,0,0,0,2,2,2,2,0,1,0,1
66,4281.882,-5729.746,10.734,52.211,0.608032,-0.787587,0.100020,0.791859,0.610683,-0.005099,-0.057064,0.082302,0.994972,0,0.50685,-0.93857,30.411,-1.877,-1,350.000,975.000,350.000,675.000,275.000,300.000,325.000,300.000,-1,-1,-1,-1,575.000,550.000,925.000,600.000,2,0,1,0,1,0,0,0,0,2,2,2,2,0,1,0,1
67,4304.361,-5702.642,8.760,50.330,0.633657,-0.767144,0.099844,0.771479,0.636206,-0.007931,-0.057437,0.082053,0.994972,0,0.58685,-0.94002,35.211,-1.880,-1,350.000,925.000,350.000,675.000,275.000,300.000,325.000,300.000,-1,-1,-1,-1,575.000,525.000,925.000,575.000,2,0,1,0,1,0,0,0,0,2,2,2,2,0,1,0,1
68,4330.901,-5672.700,6.440,48.447,0.658675,-0.745822,0.099486,0.750233,0.661079,-0.011190,-0.057422,0.082008,0.994976,0,0.66685,-0.94176,40.011,-1.884,-1,350.000,850.000,350.000,675.000,275.000,300.000,325.000,300.000,-1,-1,-1,-1,575.000,500.000,950.000,550.000,2,0,1,0,1,0,0,0,0,2,2,2,2,0,1,0,1
69,4361.714,-5640.163,3.817,46.559,0.683086,-0.723643,0.098657,0.728121,0.685287,-0.014863,-0.056853,0.081987,0.995010,0,0.74685,-0.94377,44.811,-1.888,-1,350.000,775.000,350.000,650.000,275.000,300.000,325.000,300.000,-1,-1,-1,-1,575.000,475.000,975.000,525.000,2,0,1,1,1,0,0,0,0,2,2,2,2,0,1,0,1
70,4396.998,-5605.287,1.181,44.667,0.706995,-0.700685,0.095910,0.705089,0.708870,-0.018764,-0.054841,0.080891,0.995213,0,0.82685,-0.94606,49.611,-1.892,-1,350.000,725.000,350.000,650.000,275.000,300.000,325.000,300.000,-1,550.000,400.000,-1,575.000,475.000,-1,525.000,2,0,1,1,1,0,0,0,0,2,0,0,2,0,1,2,1
71,4435.344,-5569.816,-1.659,42.770,0.730216,-0.676893,0.092736,0.681201,0.731742,-0.022778,-0.052441,0.079805,0.995430,0,0.87058,-0.94858,52.235,-1.897,-1,350.000,650.000,325.000,625.000,300.000,300.000,300.000,300.000,-1,450.000,325.000,-1,600.000,450.000,950.000,500.000,2,0,1,1,1,0,1,0,0,2,0,0,2,0,1,1,1
72,4478.306,-5532.337,-4.392,41.099,0.749945,-0.655236,0.090814,0.659585,0.751132,-0.027348,-0.050294,0.080409,0.995492,0,0.95020,-0.83546,57.012,-1.671,-1,350.000,600.000,300.000,600.000,300.000,275.000,300.000,300.000,-1,425.000,300.000,-1,575.000,425.000,850.000,450.000,2,0,1,1,1,0,1,0,0,2,0,0,2,1,1,1,1
73,4522.698,-5495.833,-6.809,39.430,0.769036,-0.633049,0.088499,0.637407,0.769866,-0.031930,-0.047919,0.080965,0.995564,0,0.95788,-0.83462,57.473,-1.669,-1,350.000,550.000,300.000,575.000,300.000,250.000,325.000,300.000,-1,400.000,300.000,-1,500.000,375.000,750.000,425.000,2,0,1,1,1,1,1,0,0,2,0,0,2,1,1,1,1
74,4568.504,-5460.352,-8.292,37.763,0.787774,-0.610524,0.081687,0.614482,0.788131,-0.035499,-0.042707,0.078160,0.996026,0,0.96567,-0.83345,57.940,-1.667,-1,325.000,500.000,275.000,550.000,275.000,250.000,300.000,325.000,-1,375.000,275.000,-1,450.000,375.000,650.000,400.000,2,1,1,1,1,1,1,0,1,2,0,0,2,1,1,1,1
75,4615.704,-5425.937,-9.460,36.099,0.805856,-0.587557,0.073298,0.590987,0.805765,-0.038436,-0.036478,0.074292,0.996569,0,0.97357,-0.83192,58.414,-1.664,825.000,300.000,450.000,250.000,575.000,250.000,225.000,300.000,300.000,-1,350.000,275.000,-1,400.000,350.000,575.000,375.000,1,1,1,1,1,1,1,0,1,2,0,0,2,1,1,1,1
76,4664.276,-5392.633,-10.327,34.439,0.823219,-0.564168,0.063440,0.566969,0.822737,-0.040619,-0.029278,0.069407,0.997159,0,0.98155,-0.82999,58.893,-1.660,700.000,275.000,425.000,250.000,575.000,225.000,225.000,300.000,300.000,-1,325.000,250.000,-1,350.000,325.000,475.000,375.000,1,1,1,1,1,1,1,0,1,2,0,0,2,1,1,1,1
77,4714.197,-5360.485,-10.875,32.784,0.839792,-0.540373,0.052407,0.542492,0.839011,-0.042000,-0.021275,0.063701,0.997742,0,0.98960,-0.82764,59.376,-1.655,550.000,225.000,375.000,225.000,775.000,200.000,200.000,300.000,300.000,-1,300.000,250.000,-1,300.000,300.000,400.000,350.000,1,1,1,1,1,1,1,0,1,2,0,0,2,1,1,1,1
78,4765.439,-5329.535,-11.140,31.134,0.855521,-0.516201,0.040250,0.517618,0.854557,-0.042467,-0.012475,0.057166,0.998287,0,0.99772,-0.82481,59.863,-1.650,425.000,200.000,350.000,225.000,-1,175.000,175.000,300.000,300.000,-1,275.000,250.000,-1,250.000,300.000,325.000,350.000,1,1,1,1,2,1,1,0,1,2,0,0,2,1,1,1,1
79,4817.659,-5299.987,-6.674,29.491,0.870763,-0.491147,0.023352,0.491563,0.868403,-0.065130,0.011709,0.068192,0.997603,0,1.00000,-0.82146,60.000,-1.643,425.000,200.000,350.000,225.000,-1,175.000,175.000,325.000,300.000,-1,175.000,200.000,925.000,250.000,300.000,300.000,375.000,1,1,1,1,2,1,1,0,1,2,0,0,0,1,1,1,1
80,-6887.292,-327.949,-128.218,12.729,0.975482,-0.220065,0.002561,0.219647,0.974227,0.051342,-0.013794,-0.049520,0.998678,1,0.00000,0.00000,60.000,-1.635,-1,425.000,-1,400.000,-1,325.000,325.000,300.000,300.000,-1,-1,-1,-1,950.000,825.000,-1,-1,2,0,2,0,2,0,0,0,0,2,2,2,2,0,0,2,2
81,-6882.605,-326.911,-128.272,12.489,0.976394,-0.215979,0.002729,0.215554,0.975126,0.051626,-0.013812,-0.049819,0.998663,0,0.08000,-0.12000,4.800,-0.240,-1,425.000,-1,400.000,-1,325.000,325.000,300.000,300.000,-1,-1,-1,-1,950.000,825.000,-1,-1,2,0,2,0,2,0,0,0,0,2,2,2,2,0,0,2,2
82,-6873.215,-324.913,-128.377,12.009,0.978167,-0.207796,0.003063,0.207357,0.976872,0.052191,-0.013837,-0.050416,0.998632,0,0.16000,-0.24000,9.600,-0.480,-1,425.000,-1,400.000,-1,325.000,325.000,300.000,300.000,-1,-1,-1,-1,950.000,825.000,-1,-1,2,0,2,0,2,0,0,0,0,2,2,2,2,0,0,2,2
83,-6859.094,-322.094,-128.529,11.289,0.980698,-0.195495,0.003558,0.195036,0.979362,0.053026,-0.013851,-0.051309,0.998587,0,0.24000,-0.36000,14.400,-0.720,-1,425.000,-1,400.000,-1,325.000,325.000,300.000,300.000,-1,-1,-1,-1,925.000,825.000,-1,-1,2,0,2,0,2,0,0,0,0,2,2,2,2,0,0,2,2
84,-6840.205,-318.651,-128.722,10.329,0.983831,-0.179048,0.004208,0.178563,0.982439,0.054120,-0.013824,-0.052493,0.998526,0,0.32000,-0.48000,19.200,-0.960,-1,425.000,-1,400.000,-1,325.000,325.000,300.000,300.000,-1,-1,-1,-1,925.000,825.000,-1,-1,2,0,2,0,2,0,0,0,0,2,2,2,2,0,0,2,2
85,-6816.508,-314.842,-128.946,9.129,0.987359,-0.158422,0.005003,0.157906,0.985896,0.055453,-0.013718,-0.053962,0.998449,0,0.40000,-0.60000,24.000,-1.200,-1,425.000,-1,400.000,-1,325.000,325.000,300.000,300.000,-1,-1,-1,-1,925.000,825.000,-1,-1,2,0,2,0,2,0,0,0,0,2,2,2,2,0,0,2,2
86,-6787.967,-310.987,-129.188,7.689,0.991020,-0.133583,0.005931,0.133033,0.989471,0.057002,-0.013483,-0.055701,0.998356,0,0.48000,-0.72000,28.800,-1.440,-1,425.000,-1,400.000,-1,325.000,325.000,300.000,300.000,-1,-1,-1,-1,900.000,825.000,-1,-1,2,0,2,0,2,0,0,0,0,2,2,2,2,0,0,2,2
87,-6754.551,-307.469,-129.431,6.009,0.994500,-0.104505,0.006977,0.103920,0.992850,0.058739,-0.013066,-0.057691,0.998249,0,0.56000,-0.84000,33.600,-1.680,-1,425.000,-1,400.000,-1,325.000,325.000,300.000,300.000,-1,-1,-1,-1,900.000,850.000,-1,-1,2,0,2,0,2,0,0,0,0,2,2,2,2,0,0,2,2
88,-6716.255,-304.641,-129.658,4.221,0.997264,-0.073472,0.008124,0.072847,0.995498,0.060644,-0.012543,-0.059886,0.998126,0,0.64000,-0.89386,38.400,-1.788,-1,425.000,-1,400.000,-1,325.000,325.000,300.000,300.000,-1,-1,-1,-1,875.000,850.000,-1,-1,2,0,2,0,2,0,0,0,0,2,2,2,2,0,0,2,2
89,-6673.093,-302.795,-129.852,2.447,0.999048,-0.042606,0.009359,0.041937,0.997151,0.062703,-0.012004,-0.062251,0.997988,0,0.72000,-0.88719,43.200,-1.774,-1,425.000,-1,400.000,-1,325.000,325.000,300.000,300.000,-1,-1,-1,-1,875.000,850.000,-1,-1,2,0,2,0,2,0,0,0,0,2,2,2,2,1,0,2,2
90,-6628.017,-302.251,-129.982,0.689,0.999872,-0.011994,0.010587,0.011284,0.997838,0.064747,-0.011340,-0.064619,0.997846,0,0.75132,-0.87899,45.079,-1.758,-1,425.000,-1,400.000,-1,325.000,325.000,300.000,300.000,-1,-1,-1,-1,825.000,875.000,-1,-1,2,0,2,0,2,0,0,0,0,2,2,2,2,1,0,2,2
91,-6582.290,-303.087,-130.032,-1.050,0.999764,0.018287,0.011770,-0.019033,0.997591,0.066706,-0.010521,-0.066914,0.997703,0,0.76222,-0.86941,45.733,-1.739,-1,400.000,-1,400.000,-1,325.000,325.000,325.000,300.000,-1,-1,-1,-1,800.000,900.000,1000.000,-1,2,0,2,0,2,0,0,0,0,2,2,2,2,1,0,1,2
92,-6535.989,-305.324,-130.347,-2.767,0.998761,0.048165,0.012495,-0.048910,0.996451,0.068510,-0.009151,-0.069036,0.997572,0,0.77257,-0.85856,46.354,-1.717,1000.000,400.000,-1,400.000,-1,325.000,325.000,325.000,300.000,-1,-1,-1,-1,750.000,925.000,950.000,-1,1,0,2,0,2,0,0,0,0,2,2,2,2,1,0,1,2
93,-6489.194,-308.973,-131.046,-4.460,0.996893,0.077576,0.013635,-0.078335,0.994544,0.068892,-0.008216,-0.069746,0.997531,0,0.78227,-0.84641,46.936,-1.693,900.000,400.000,-1,400.000,-1,325.000,325.000,325.000,300.000,-1,-1,-1,-1,725.000,925.000,900.000,-1,1,0,2,0,2,0,0,0,0,2,2,2,2,1,0,1,2
94,-6441.993,-314.039,-131.679,-6.126,0.994208,0.106451,0.014764,-0.107223,0.991829,0.069127,-0.007284,-0.070310,0.997499,0,0.79118,-0.83293,47.471,-1.666,850.000,400.000,-1,400.000,-1,325.000,325.000,325.000,300.000,-1,-1,-1,-1,700.000,950.000,850.000,-1,1,0,2,0,2,0,0,0,0,2,2,2,2,1,0,1,2
95,-6394.481,-320.515,-132.242,-7.762,0.990756,0.134724,0.015886,-0.135507,0.988357,0.069203,-0.006377,-0.070716,0.997476,0,0.79918,-0.81811,47.951,-1.636,775.000,400.000,-1,425.000,-1,325.000,325.000,325.000,300.000,-1,-1,-1,-1,700.000,975.000,825.000,-1,1,0,2,0,2,0,0,0,0,2,2,2,2,1,0,1,2
96,-6346.757,-328.387,-132.732,-9.366,0.986590,0.162332,0.017006,-0.163127,0.984182,0.069110,-0.005518,-0.070957,0.997464,0,0.80614,-0.80195,48.368,-1.604,725.000,400.000,-1,425.000,-1,325.000,325.000,325.000,300.000,-1,-1,-1,-1,700.000,975.000,800.000,-1,1,0,2,0,2,0,0,0,0,2,2,2,2,1,0,1,2
97,-6298.925,-337.628,-133.144,-10.935,0.981768,0.189217,0.018127,-0.190025,0.979363,0.068834,-0.004729,-0.071024,0.997463,0,0.81193,-0.78447,48.716,-1.569,675.000,400.000,-1,425.000,-1,325.000,325.000,325.000,300.000,-1,-1,-1,-1,700.000,1000.000,775.000,-1,1,0,2,0,2,0,0,0,0,2,2,2,2,1,0,1,2
98,-6246.630,-348.996,-133.535,-12.264,0.977102,0.211883,0.019411,-0.212724,0.974723,0.068292,-0.004451,-0.070857,0.997477,0,0.89193,-0.66447,53.516,-1.329,650.000,400.000,-1,425.000,-1,325.000,325.000,325.000,300.000,-1,-1,-1,-1,700.000,975.000,775.000,-1,1,1,2,0,2,0,0,0,0,2,2,2,2,1,1,1,2
99,-6192.731,-361.790,-133.881,-13.353,0.972879,0.230375,0.020808,-0.231266,0.970546,0.067500,-0.004645,-0.070482,0.997502,0,0.92326,-0.54447,55.396,-1.089,600.000,400.000,-1,425.000,-1,325.000,325.000,325.000,300.000,-1,-1,-1,-1,725.000,950.000,775.000,-1,1,1,2,0,2,0,0,0,0,2,2,2,2,1,1,1,2
100,-6138.836,-375.430,-134.179,-14.202,0.969333,0.244739,0.022299,-0.245696,0.967064,0.066491,-0.005291,-0.069931,0.997538,0,0.92657,-0.42447,55.594,-0.849,575.000,400.000,-1,425.000,-1,325.000,325.000,325.000,275.000,-1,-1,-1,-1,775.000,925.000,800.000,-1,1,0,2,0,2,0,0,0,0,2,2,2,2,1,1,1,2
101,-6084.954,-389.678,-134.441,-14.811,0.966641,0.255016,0.023908,-0.256054,0.964455,0.065286,-0.006409,-0.069230,0.997580,0,0.92889,-0.30447,55.733,-0.609,525.000,400.000,-1,425.000,-1,325.000,325.000,325.000,300.000,-1,-1,-1,-1,800.000,900.000,850.000,-1,1,0,2,0,2,0,0,0,0,2,2,2,2,0,1,1,2
102,-6031.082,-404.294,-134.680,-15.180,0.964934,0.261236,0.025663,-0.262371,0.962848,0.063911,-0.008013,-0.068404,0.997626,0,0.93032,-0.18447,55.819,-0.369,500.000,400.000,-1,425.000,-1,325.000,350.000,325.000,300.000,-1,-1,-1,-1,800.000,875.000,825.000,-1,1,0,2,0,2,0,0,0,0,2,2,2,2,1,1,1,2
103,-5977.205,-419.043,-134.929,-15.309,0.964289,0.263417,0.027544,-0.264663,0.962313,0.062510,-0.010040,-0.067567,0.997664,0,0.93098,-0.06447,55.859,-0.129,475.000,400.000,-1,425.000,975.000,325.000,350.000,325.000,300.000,-1,-1,-1,-1,775.000,850.000,800.000,-1,1,0,2,0,1,0,0,0,0,2,2,2,2,1,1,1,2
104,-5923.299,-433.688,-134.958,-15.198,0.964765,0.261583,0.028316,-0.262862,0.962939,0.060439,-0.011456,-0.065752,0.997770,0,0.93101,0.05553,55.861,0.111,450.000,400.000,-1,450.000,925.000,325.000,350.000,325.000,300.000,-1,-1,-1,-1,725.000,850.000,750.000,-1,1,0,2,0,1,0,0,0,0,2,2,2,2,1,1,1,2
105,-5869.330,-447.995,-135.064,-14.847,0.966305,0.255705,0.029492,-0.257047,0.964624,0.058540,-0.013480,-0.064148,0.997849,0,0.93054,0.17553,55.832,0.351,450.000,400.000,-1,450.000,875.000,350.000,350.000,325.000,300.000,-1,-1,-1,-1,700.000,825.000,700.000,-1,1,0,2,0,1,0,0,0,0,2,2,2,2,1,1,1,2
106,-5811.179,-462.772,-136.013,-14.256,0.968862,0.245790,0.029906,-0.247127,0.967402,0.055324,-0.015333,-0.060991,0.998021,0,1.00000,0.29553,60.000,0.591,425.000,400.000,-1,450.000,800.000,350.000,350.000,325.000,300.000,-1,-1,-1,-1,650.000,825.000,650.000,1000.000,1,0,2,0,1,0,0,0,0,2,2,2,2,1,1,1,1
107,-5752.819,-476.705,-137.473,-13.425,0.972277,0.231785,0.030859,-0.233132,0.971086,0.051392,-0.018055,-0.057161,0.998202,0,1.00000,0.41553,60.000,0.831,400.000,400.000,-1,450.000,750.000,350.000,350.000,325.000,300.000,-1,-1,-1,-1,600.000,800.000,600.000,975.000,1,0,2,0,1,0,0,0,0,2,2,2,2,1,1,1,1
108,-5694.209,-489.543,-139.113,-12.354,0.976384,0.213638,0.032128,-0.215000,0.975455,0.047559,-0.021179,-0.053343,0.998352,0,1.00000,0.53553,60.000,1.071,375.000,400.000,-1,450.000,700.000,350.000,350.000,300.000,300.000,-1,-1,-1,-1,575.000,800.000,550.000,950.000,1,0,2,0,1,0,0,1,0,2,2,2,2,1,1,1,1
109,-5635.321,-501.038,-140.863,-11.042,0.980962,0.191304,0.033403,-0.192659,0.980296,0.043608,-0.024402,-0.049213,0.998490,0,1.00000,0.65553,60.000,1.311,350.000,400.000,-1,450.000,650.000,350.000,350.000,275.000,300.000,-1,-1,-1,-1,525.000,775.000,475.000,925.000,1,0,2,0,1,0,0,1,0,2,2,2,2,1,1,1,1
110,-5576.143,-510.935,-142.643,-9.491,0.985738,0.164737,0.034377,-0.166040,0.985336,0.039282,-0.027401,-0.044430,0.998637,0,1.00000,0.77553,60.000,1.551,300.000,375.000,-1,450.000,650.000,350.000,350.000,275.000,300.000,-1,-1,-1,-1,475.000,775.000,425.000,950.000,1,1,2,1,1,0,0,1,0,2,2,2,2,1,1,1,1
111,-5516.685,-518.977,-144.369,-7.700,0.990386,0.133892,0.034766,-0.135076,0.990242,0.034280,-0.029837,-0.038646,0.998807,0,1.00000,0.89553,60.000,1.791,275.000,350.000,-1,425.000,650.000,325.000,350.000,250.000,300.000,-1,-1,-1,-1,450.000,800.000,375.000,950.000,1,1,2,1,1,1,1,1,1,2,2,2,2,1,1,1,1
112,-5456.982,-524.940,-145.963,-5.700,0.994466,0.099277,0.034372,-0.100264,0.994558,0.028302,-0.031376,-0.031591,0.999008,0,1.00000,1.00000,60.000,2.000,250.000,325.000,800.000,400.000,650.000,300.000,325.000,250.000,300.000,-1,-1,-1,-1,400.000,725.000,325.000,1000.000,1,1,1,1,1,1,1,1,1,2,2,2,2,1,1,1,1
113,-5397.108,-528.816,-147.438,-3.700,0.997360,0.064521,0.033313,-0.065254,0.997639,0.021407,-0.031853,-0.023525,0.999216,0,1.00000,1.00000,60.000,2.000,225.000,300.000,675.000,350.000,675.000,275.000,300.000,225.000,275.000,-1,-1,-1,-1,375.000,625.000,275.000,-1,1,1,1,1,1,1,1,1,1,2,2,2,2,1,1,1,2
114,-5337.134,-530.599,-148.736,-1.700,0.999062,0.029670,0.031535,-0.030104,0.999457,0.013377,-0.031121,-0.014314,0.999413,0,1.00000,1.00000,60.000,2.000,200.000,275.000,575.000,325.000,700.000,250.000,275.000,225.000,275.000,-1,-1,-1,-1,325.000,525.000,225.000,-1,1,1,1,1,1,1,1,1,1,2,2,2,2,1,1,1,2
115,-5277.135,-530.287,-149.801,0.300,0.999565,-0.005230,0.029016,0.005116,0.999979,0.003981,-0.029036,-0.003831,0.999571,0,1.00000,1.00000,60.000,2.000,175.000,250.000,500.000,300.000,725.000,225.000,250.000,225.000,275.000,-1,-1,625.000,-1,300.000,450.000,175.000,-1,1,1,1,1,1,1,1,1,1,2,2,0,2,1,1,1,2
116,-5217.184,-527.880,-147.427,2.300,0.999069,-0.040124,0.015824,0.040241,0.999165,-0.007134,-0.015524,0.007765,0.999849,0,1.00000,1.00000,60.000,2.000,150.000,225.000,475.000,275.000,850.000,200.000,225.000,225.000,275.000,-1,575.000,250.000,-1,275.000,425.000,150.000,-1,1,1,1,1,1,1,1,1,1,2,0,0,2,1,1,1,2
117,-5157.354,-523.377,-140.521,4.300,0.997124,-0.074950,-0.011218,0.074647,0.996888,-0.025329,0.013082,0.024419,0.999616,0,1.00000,1.00000,60.000,2.000,150.000,225.000,475.000,300.000,-1,200.000,225.000,250.000,300.000,-1,250.000,100.000,950.000,275.000,450.000,175.000,-1,1,1,1,1,2,1,1,1,1,2,0,0,0,1,1,1,2
118,4919.493,6231.356,356.920,-74.648,0.264700,0.964217,-0.014806,-0.964324,0.264723,-0.000448,0.003487,0.014396,0.999890,1,0.00000,0.00000,60.000,2.000,650.000,400.000,625.000,375.000,425.000,325.000,325.000,300.000,300.000,-1,825.000,800.000,-1,650.000,400.000,-1,425.000,1,0,1,1,1,0,0,0,0,2,0,0,2,1,1,2,1
119,4920.744,6226.722,356.936,-74.888,0.260659,0.965318,-0.014760,-0.965425,0.260682,-0.000420,0.003442,0.014359,0.999891,0,0.08000,-0.12000,4.800,-0.240,650.000,400.000,625.000,375.000,425.000,325.000,325.000,300.000,300.000,-1,825.000,800.000,-1,650.000,400.000,-1,400.000,1,0,1,1,1,0,0,0,0,2,0,0,2,1,1,2,1
120,4923.169,6217.434,356.967,-75.368,0.252564,0.967469,-0.014666,-0.967574,0.252586,-0.000363,0.003353,0.014282,0.999892,0,0.16000,-0.24000,9.600,-0.480,650.000,400.000,600.000,350.000,425.000,325.000,325.000,300.000,300.000,-1,850.000,800.000,-1,625.000,400.000,-1,400.000,1,0,1,1,1,0,0,0,0,2,0,0,2,1,1,2,1
121,4926.632,6203.456,357.010,-76.088,0.240388,0.970568,-0.014518,-0.970672,0.240409,-0.000274,0.003224,0.014158,0.999895,0,0.24000,-0.36000,14.400,-0.720,675.000,400.000,575.000,350.000,400.000,325.000,325.000,300.000,300.000,-1,850.000,825.000,-1,600.000,375.000,-1,400.000,1,0,1,1,1,0,0,0,0,2,0,0,2,1,1,2,1
122,4930.935,6184.744,357.062,-77.048,0.224094,0.974462,-0.014311,-0.974563,0.224115,-0.000149,0.003062,0.013981,0.999898,0,0.32000,-0.48000,19.200,-0.960,725.000,400.000,550.000,325.000,400.000,325.000,325.000,300.000,300.000,-1,875.000,850.000,-1,575.000,375.000,-1,375.000,1,1,1,1,1,0,1,0,0,2,0,0,2,1,1,2,1
123,4935.823,6161.248,357.118,-78.248,0.203638,0.978946,-0.014036,-0.979042,0.203659,0.000017,0.002875,0.013738,0.999901,0,0.40000,-0.60000,24.000,-1.200,-1,375.000,500.000,325.000,375.000,325.000,300.000,300.000,300.000,-1,900.000,875.000,-1,525.000,350.000,-1,350.000,2,1,1,1,1,1,1,0,0,2,0,0,2,1,1,2,1
124,4940.979,6132.913,357.175,-79.688,0.178974,0.983759,-0.013679,-0.983850,0.178994,0.000229,0.002674,0.013417,0.999906,0,0.48000,-0.72000,28.800,-1.440,-1,350.000,450.000,300.000,350.000,300.000,275.000,300.000,300.000,-1,950.000,900.000,-1,475.000,325.000,-1,325.000,2,1,1,1,1,1,1,0,0,2,0,0,2,1,1,2,1
125,4946.022,6099.693,357.228,-81.368,0.150057,0.988589,-0.013230,-0.988674,0.150077,0.000495,0.002475,0.013006,0.999912,0,0.56000,-0.84000,33.600,-1.680,-1,325.000,400.000,275.000,325.000,275.000,250.000,300.000,300.000,-1,1000.000,925.000,-1,425.000,300.000,-1,300.000,2,1,1,1,1,1,1,0,0,2,0,0,2,1,1,2,1
126,4950.510,6061.556,357.271,-83.288,0.116852,0.993069,-0.012671,-0.993147,0.116872,0.000822,0.002297,0.012488,0.999919,0,0.64000,-0.96000,38.400,-1.920,-1,300.000,350.000,250.000,300.000,250.000,225.000,300.000,300.000,-1,-1,975.000,-1,375.000,275.000,-1,275.000,2,1,1,1,1,1,1,0,0,2,2,0,2,1,1,2,1
127,4954.058,6018.502,357.300,-85.288,0.082123,0.996550,-0.012000,-0.996620,0.082143,0.001217,0.002199,0.011860,0.999927,0,0.72000,-1.00000,43.200,-2.000,-1,250.000,300.000,225.000,275.000,225.000,200.000,300.000,300.000,850.000,-1,1000.000,-1,325.000,250.000,-1,250.000,2,1,1,1,1,1,1,0,0,1,2,0,2,1,1,2,1
128,4956.330,5970.556,357.310,-87.288,0.047293,0.998818,-0.011213,-0.998879,0.047315,0.001686,0.002215,0.011120,0.999936,0,0.80000,-1.00000,48.000,-2.000,-1,225.000,250.000,175.000,225.000,175.000,175.000,300.000,300.000,775.000,-1,-1,-1,275.000,200.000,375.000,200.000,2,1,1,1,1,1,1,0,0,1,2,2,2,1,1,1,1
129,4956.986,5917.760,357.303,-89.288,0.012404,0.999870,-0.010295,-0.999920,0.012428,0.002237,0.002364,0.010267,0.999944,0,0.88000,-1.00000,52.800,-2.000,-1,175.000,200.000,150.000,175.000,150.000,125.000,300.000,300.000,725.000,975.000,-1,-1,200.000,150.000,275.000,150.000,2,1,1,1,1,1,1,0,0,1,0,2,2,1,1,1,1
130,4955.690,5860.172,370.274,-91.288,-0.022487,0.999747,0.000198,-0.998871,-0.022476,0.041842,0.041836,0.000743,0.999124,0,0.96000,-1.00000,57.600,-2.000,-1,150.000,175.000,125.000,175.000,125.000,125.000,325.000,350.000,625.000,200.000,250.000,-1,200.000,150.000,275.000,150.000,2,1,1,1,1,1,1,0,0,1,0,0,2,1,1,1,1
