timestep,x_cm,y_cm,z_cm,yaw_deg,basis_xx,basis_xy,basis_xz,basis_yx,basis_yy,basis_yz,basis_zx,basis_zy,basis_zz,teleport_flag,throttle_cmd,steering_cmd,cmd_move_cm,cmd_turn_deg,lidar_cm_0,lidar_cm_1,lidar_cm_2,lidar_cm_3,lidar_cm_4,lidar_cm_5,lidar_cm_6,lidar_cm_7,lidar_cm_8,lidar_cm_9,lidar_cm_10,lidar_cm_11,lidar_cm_12,lidar_cm_13,lidar_cm_14,lidar_cm_15,lidar_cm_16,lidar_class_0,lidar_class_1,lidar_class_2,lidar_class_3,lidar_class_4,lidar_class_5,lidar_class_6,lidar_class_7,lidar_class_8,lidar_class_9,lidar_class_10,lidar_class_11,lidar_class_12,lidar_class_13,lidar_class_14,lidar_class_15,lidar_class_16
0,4266.824,7546.742,117.425,47.112,0.680578,-0.732543,-0.013955,0.731487,0.680435,-0.043979,0.041712,0.019723,0.998935,1,0.08000,0.00303,4.800,0.006,-1,400.000,-1,425.000,-1,325.000,325.000,300.000,300.000,-1,-1,-1,-1,800.000,925.000,-1,-1,2,0,2,0,2,0,0,0,0,2,2,2,2,0,0,2,2
1,4273.357,7553.776,117.799,47.118,0.680502,-0.732616,-0.013814,0.731569,0.680356,-0.043842,0.041518,0.019728,0.998943,0,0.16000,0.00311,9.600,0.006,-1,400.000,-1,425.000,-1,325.000,325.000,300.000,300.000,-1,-1,-1,-1,800.000,925.000,-1,-1,2,0,2,0,2,0,0,0,0,2,2,2,2,0,0,2,2
2,4283.155,7564.329,118.358,47.125,0.680422,-0.732694,-0.013600,0.731660,0.680272,-0.043633,0.041221,0.019738,0.998955,0,0.24000,0.00328,14.400,0.007,-1,400.000,-1,425.000,-1,325.000,325.000,300.000,300.000,-1,-1,-1,-1,800.000,925.000,-1,-1,2,0,2,0,2,0,0,0,0,2,2,2,2,0,0,2,2
3,4296.217,7578.401,119.098,47.132,0.680337,-0.732779,-0.013308,0.731762,0.680180,-0.043347,0.040815,0.019752,0.998971,0,0.32000,0.00358,19.200,0.007,-1,400.000,-1,425.000,-1,325.000,325.000,300.000,300.000,-1,-1,-1,-1,800.000,925.000,-1,-1,2,0,2,0,2,0,0,0,0,2,2,2,2,0,0,2,2
4,4312.542,7595.994,119.985,47.140,0.680245,-0.732872,-0.012871,0.731872,0.680074,-0.043163,0.040387,0.019942,0.998985,0,0.40000,0.00405,24.000,0.008,-1,400.000,-1,425.000,-1,325.000,325.000,300.000,300.000,-1,-1,-1,-1,800.000,925.000,-1,-1,2,0,2,0,2,0,0,0,0,2,2,2,2,0,0,2,2
5,4332.128,7617.108,121.077,47.150,0.680148,-0.732976,-0.011990,0.731998,0.679945,-0.043063,0.039717,0.020513,0.999000,0,0.48000,0.00476,28.800,0.010,-1,400.000,-1,425.000,-1,325.000,325.000,300.000,300.000,-1,-1,-1,-1,800.000,925.000,-1,-1,2,0,2,0,2,0,0,0,0,2,2,2,2,0,0,2,2
6,4354.974,7641.746,122.333,47.161,0.680028,-0.733104,-0.010965,0.732152,0.679788,-0.042924,0.038922,0.021162,0.999018,0,0.56000,0.00578,33.600,0.012,-1,400.000,-1,425.000,-1,325.000,325.000,300.000,300.000,-1,-1,-1,-1,800.000,925.000,-1,-1,2,0,2,0,2,0,0,0,0,2,2,2,2,0,0,2,2
7,4381.076,7669.910,123.743,47.175,0.679874,-0.733264,-0.009798,0.732344,0.679592,-0.042737,0.037996,0.021880,0.999038,0,0.64000,0.00721,38.400,0.014,-1,400.000,-1,425.000,-1,325.000,325.000,300.000,300.000,-1,-1,-1,-1,800.000,900.000,-1,-1,2,0,2,0,2,0,0,0,0,2,2,2,2,0,0,2,2
8,4408.435,7699.449,125.193,47.194,0.679669,-0.733469,-0.008580,0.732585,0.679347,-0.042508,0.037007,0.022606,0.999059,0,0.67104,0.00917,40.262,0.018,-1,400.000,-1,425.000,-1,325.000,325.000,300.000,300.000,-1,-1,-1,-1,800.000,900.000,-1,-1,2,0,2,0,2,0,0,0,0,2,2,2,2,0,0,2,2
9,4438.906,7732.647,126.785,47.452,0.676384,-0.736514,-0.007225,0.735669,0.676023,-0.042241,0.035995,0.023256,0.999081,0,0.75104,0.12917,45.062,0.258,-1,400.000,-1,425.000,-1,325.000,325.000,300.000,300.000,-1,-1,-1,-1,800.000,900.000,-1,-1,2,0,2,0,2,0,0,0,0,2,2,2,2,0,0,2,2
10,4472.303,7769.673,128.515,47.951,0.669982,-0.742356,-0.005729,0.741554,0.669582,-0.041915,0.034952,0.023834,0.999105,0,0.83104,0.24917,49.862,0.498,-1,400.000,-1,425.000,-1,325.000,325.000,300.000,300.000,-1,-1,-1,-1,800.000,900.000,-1,-1,2,0,2,0,2,0,0,0,0,2,2,2,2,0,0,2,2
11,4508.209,7810.529,130.371,48.689,0.660388,-0.750913,-0.004097,0.750160,0.659952,-0.041514,0.033878,0.024342,0.999130,0,0.90653,0.36917,54.392,0.738,-1,400.000,-1,425.000,-1,325.000,325.000,300.000,300.000,-1,-1,-1,-1,800.000,875.000,-1,-1,2,0,2,0,2,0,0,0,0,2,2,2,2,0,0,2,2
12,4543.308,7851.869,132.052,49.667,0.647511,-0.762054,-0.001748,0.761364,0.647020,-0.041122,0.032468,0.025295,0.999153,0,0.90385,0.48917,54.231,0.978,-1,400.000,-1,425.000,-1,325.000,325.000,300.000,300.000,-1,-1,-1,-1,800.000,875.000,-1,-1,2,0,2,0,2,0,0,0,0,2,2,2,2,0,0,2,2
13,4577.496,7893.778,133.653,50.794,0.632444,-0.774606,0.000892,0.773988,0.631892,-0.040676,0.030944,0.026416,0.999172,0,0.90142,0.56332,54.085,1.127,-1,400.000,-1,425.000,-1,325.000,325.000,300.000,300.000,-1,-1,-1,-1,775.000,850.000,-1,-1,2,0,2,0,2,0,0,0,0,2,2,2,2,0,0,2,2
14,4610.772,7936.272,135.268,51.935,0.616918,-0.787021,0.003374,0.786474,0.616317,-0.040153,0.029522,0.027424,0.999188,0,0.89954,0.57082,53.972,1.142,-1,400.000,-1,400.000,-1,325.000,325.000,300.000,300.000,-1,-1,-1,-1,775.000,825.000,-1,-1,2,0,2,0,2,0,0,0,0,2,2,2,2,0,0,2,2
15,4643.144,7979.379,136.906,53.094,0.600903,-0.799302,0.005691,0.798825,0.600263,-0.039532,0.028182,0.028301,0.999202,0,0.89848,0.57928,53.909,1.159,-1,400.000,-1,400.000,-1,325.000,325.000,300.000,300.000,-1,-1,-1,-1,775.000,825.000,-1,-1,2,0,2,0,2,0,0,0,0,2,2,2,2,0,0,2,2
16,4674.618,8023.133,138.531,54.271,0.584370,-0.811450,0.007775,0.811037,0.583700,-0.038907,0.027033,0.029042,0.999213,0,0.89830,0.58870,53.898,1.177,-1,400.000,-1,400.000,-1,325.000,325.000,300.000,300.000,-1,-1,-1,-1,775.000,800.000,-1,-1,2,0,2,0,2,0,0,0,0,2,2,2,2,0,0,2,2
17,4705.195,8067.573,140.064,55.469,0.567285,-0.823470,0.009226,0.823100,0.566601,-0.038335,0.026340,0.029341,0.999222,0,0.89907,0.59904,53.944,1.198,-1,400.000,-1,400.000,-1,325.000,325.000,300.000,300.000,-1,-1,-1,-1,750.000,775.000,-1,-1,2,0,2,0,2,0,0,0,0,2,2,2,2,0,0,2,2
18,4732.372,8108.519,141.545,56.428,0.553440,-0.832829,0.010047,0.832483,0.552753,-0.037903,0.026013,0.029341,0.999231,0,0.81907,0.47904,49.144,0.958,-1,375.000,-1,400.000,-1,325.000,325.000,300.000,300.000,-1,-1,-1,-1,750.000,775.000,-1,-1,2,0,2,0,2,0,0,0,0,2,2,2,2,0,0,2,2
19,4757.716,8147.764,142.951,57.146,0.542961,-0.839689,0.010740,0.839364,0.542271,-0.037567,0.025720,0.029412,0.999236,0,0.77862,0.35904,46.717,0.718,-1,375.000,-1,400.000,-1,325.000,325.000,300.000,325.000,-1,-1,-1,-1,750.000,775.000,-1,-1,2,0,2,0,2,0,0,0,0,2,2,2,2,0,0,2,2
20,4782.836,8187.384,144.347,57.624,0.535939,-0.844180,0.011391,0.843874,0.535242,-0.037305,0.025395,0.029606,0.999239,0,0.78186,0.23904,46.912,0.478,-1,375.000,-1,400.000,-1,325.000,325.000,300.000,325.000,-1,-1,-1,-1,750.000,775.000,-1,-1,2,0,2,0,2,0,0,0,0,2,2,2,2,0,0,2,2
21,4807.918,8227.309,145.731,57.862,0.532431,-0.846389,0.012003,0.846103,0.531725,-0.037117,0.025033,0.029918,0.999239,0,0.78584,0.11904,47.150,0.238,-1,375.000,-1,400.000,-1,325.000,325.000,300.000,325.000,-1,-1,-1,-1,750.000,750.000,-1,-1,2,0,2,0,2,0,0,0,0,2,2,2,2,0,0,2,2
22,4833.148,8267.467,147.097,57.860,0.532463,-0.846360,0.012579,0.846095,0.531746,-0.036999,0.024626,0.030344,0.999236,0,0.79043,-0.00096,47.426,-0.002,-1,375.000,-1,400.000,-1,325.000,325.000,300.000,325.000,-1,-1,-1,-1,750.000,750.000,-1,-1,2,0,2,0,2,0,0,0,0,2,2,2,2,0,0,2,2
23,4858.711,8307.776,148.440,57.618,0.536036,-0.844093,0.013118,0.843849,0.535307,-0.036949,0.024167,0.030876,0.999231,0,0.79552,-0.12096,47.731,-0.242,-1,400.000,-1,400.000,-1,325.000,325.000,300.000,325.000,-1,-1,-1,-1,750.000,750.000,-1,-1,2,0,2,0,2,0,0,0,0,2,2,2,2,0,0,2,2
24,4884.790,8348.143,149.751,57.136,0.543120,-0.839545,0.013603,0.839322,0.542377,-0.036966,0.023657,0.031494,0.999224,0,0.80098,-0.24096,48.059,-0.482,-1,400.000,-1,400.000,-1,325.000,325.000,300.000,325.000,-1,-1,-1,-1,750.000,750.000,-1,-1,2,0,2,0,2,0,0,0,0,2,2,2,2,0,0,2,2
25,4911.396,8388.211,150.893,56.414,0.553673,-0.832612,0.014252,0.832404,0.552890,-0.037624,0.023446,0.032695,0.999190,0,0.80161,-0.36096,48.097,-0.722,-1,400.000,-1,400.000,-1,325.000,325.000,300.000,325.000,-1,-1,-1,-1,750.000,750.000,-1,-1,2,0,2,0,2,0,0,0,0,2,2,2,2,0,0,2,2
26,4938.671,8427.827,151.995,55.452,0.567589,-0.823177,0.014870,0.822987,0.566766,-0.038329,0.023123,0.033993,0.999155,0,0.80161,-0.48096,48.097,-0.962,-1,400.000,-1,400.000,-1,325.000,325.000,300.000,325.000,-1,-1,-1,-1,750.000,725.000,-1,-1,2,0,2,0,2,0,0,0,0,2,2,2,2,0,0,2,2
27,4966.771,8466.861,153.012,54.250,0.584738,-0.811077,0.015352,0.810911,0.583886,-0.038734,0.022453,0.035098,0.999132,0,0.80161,-0.60096,48.097,-1.202,-1,400.000,-1,400.000,-1,325.000,325.000,300.000,325.000,-1,-1,-1,-1,750.000,725.000,-1,-1,2,0,2,0,2,0,0,0,0,2,2,2,2,0,0,2,2
28,4995.815,8505.199,153.976,52.852,0.604362,-0.796554,0.015763,0.796417,0.603486,-0.039050,0.021592,0.036154,0.999113,0,0.80161,-0.69930,48.097,-1.399,-1,400.000,-1,400.000,-1,325.000,325.000,300.000,325.000,-1,-1,-1,-1,750.000,725.000,-1,-1,2,0,2,0,2,0,0,0,0,2,2,2,2,0,0,2,2
29,5025.787,8542.816,154.912,51.453,0.623626,-0.781557,0.016133,0.781447,0.622724,-0.039442,0.020780,0.037204,0.999092,0,0.80161,-0.69930,48.097,-1.399,-1,400.000,-1,400.000,-1,325.000,325.000,300.000,325.000,-1,-1,-1,-1,750.000,725.000,-1,-1,2,0,2,0,2,0,0,0,0,2,2,2,2,0,0,2,2
30,5056.668,8579.690,155.821,50.054,0.642517,-0.766094,0.016454,0.766010,0.641589,-0.039907,0.020016,0.038245,0.999068,0,0.80161,-0.69930,48.097,-1.399,-1,400.000,-1,375.000,-1,325.000,325.000,300.000,325.000,-1,-1,-1,-1,750.000,725.000,-1,-1,2,0,2,0,2,0,0,0,0,2,2,2,2,0,0,2,2
31,5088.440,8615.799,156.729,48.656,0.661024,-0.750179,0.016699,0.750119,0.660073,-0.040312,0.019219,0.039173,0.999048,0,0.80161,-0.69930,48.097,-1.399,-1,400.000,-1,375.000,-1,325.000,325.000,300.000,325.000,-1,-1,-1,-1,750.000,700.000,-1,-1,2,0,2,0,2,0,0,0,0,2,2,2,2,0,0,2,2
32,5121.083,8651.122,157.651,47.257,0.679132,-0.733823,0.016861,0.733787,0.678166,-0.040579,0.018343,0.039931,0.999034,0,0.80161,-0.69930,48.097,-1.399,-1,400.000,-1,375.000,-1,325.000,325.000,300.000,325.000,-1,-1,-1,-1,750.000,700.000,-1,-1,2,0,2,0,2,0,0,0,0,2,2,2,2,0,0,2,2
33,5154.579,8685.638,158.544,45.859,0.696835,-0.717030,0.016976,0.717018,0.695855,-0.040894,0.017509,0.040668,0.999019,0,0.80161,-0.69930,48.097,-1.399,-1,400.000,-1,375.000,-1,325.000,325.000,300.000,325.000,-1,-1,-1,-1,750.000,700.000,-1,-1,2,0,2,0,2,0,0,0,0,2,2,2,2,0,0,2,2
34,5188.908,8719.326,159.465,44.460,0.714124,-0.699818,0.016773,0.699815,0.713134,-0.041219,0.016884,0.041173,0.999009,0,0.80161,-0.69930,48.097,-1.399,-1,400.000,-1,375.000,-1,325.000,325.000,300.000,325.000,-1,-1,-1,-1,750.000,700.000,-1,-1,2,0,2,0,2,0,0,0,0,2,2,2,2,0,0,2,2
35,5224.049,8752.166,160.422,43.061,0.730989,-0.682197,0.016200,0.682190,0.729995,-0.041522,0.016500,0.041403,0.999006,0,0.80161,-0.69930,48.097,-1.399,-1,400.000,-1,375.000,-1,325.000,325.000,300.000,325.000,-1,-1,-1,-1,750.000,700.000,-1,-1,2,0,2,0,2,0,0,0,0,2,2,2,2,0,0,2,2
36,5259.981,8784.139,161.355,41.663,0.747419,-0.664171,0.015544,0.664156,0.746423,-0.041823,0.016175,0.041583,0.999004,0,0.80161,-0.69930,48.097,-1.399,-1,375.000,-1,375.000,-1,325.000,300.000,300.000,325.000,-1,-1,-1,-1,750.000,700.000,-1,-1,2,0,2,0,2,0,0,0,0,2,2,2,2,0,0,2,2
37,5296.682,8815.225,162.262,40.264,0.763404,-0.645751,0.014809,0.645725,0.762408,-0.042114,0.015905,0.041712,0.999003,0,0.80161,-0.69930,48.097,-1.399,-1,375.000,-1,375.000,-1,325.000,300.000,300.000,325.000,-1,-1,-1,-1,750.000,700.000,-1,-1,2,0,2,0,2,0,0,0,0,2,2,2,2,0,0,2,2
38,5334.132,8845.405,163.137,38.866,0.778935,-0.626948,0.014020,0.626908,0.777939,-0.042393,0.015671,0.041811,0.999003,0,0.80161,-0.69930,48.097,-1.399,-1,375.000,-1,375.000,-1,325.000,300.000,300.000,325.000,-1,-1,-1,-1,750.000,700.000,-1,-1,2,0,2,0,2,0,0,0,0,2,2,2,2,0,0,2,2
39,5372.307,8874.663,163.879,37.467,0.794003,-0.607777,0.012907,0.607712,0.793014,-0.042587,0.015648,0.041659,0.999009,0,0.80161,-0.69930,48.097,-1.399,-1,375.000,-1,375.000,-1,300.000,300.000,300.000,325.000,-1,-1,-1,-1,750.000,700.000,-1,-1,2,0,2,0,2,0,0,0,0,2,2,2,2,0,0,2,2
40,5411.332,8903.083,164.604,36.063,0.808650,-0.588172,0.011792,0.588083,0.807670,-0.042759,0.015626,0.041512,0.999016,0,0.80462,-0.70185,48.277,-1.404,-1,375.000,-1,375.000,-1,300.000,300.000,300.000,325.000,-1,-1,-1,-1,750.000,675.000,-1,-1,2,0,2,0,2,0,0,0,0,2,2,2,2,0,0,2,2
41,5451.246,8930.672,165.316,34.653,0.822877,-0.568119,0.010698,0.568006,0.821905,-0.042914,0.015587,0.041389,0.999022,0,0.80867,-0.70513,48.520,-1.410,-1,375.000,-1,375.000,-1,300.000,300.000,300.000,325.000,-1,-1,-1,-1,750.000,675.000,-1,-1,2,0,2,0,2,0,0,0,0,2,2,2,2,0,0,2,2
42,5492.038,8957.403,166.147,33.236,0.836676,-0.547615,0.009561,0.547465,0.835684,-0.043755,0.015971,0.041842,0.998997,0,0.81284,-0.70835,48.771,-1.417,-1,375.000,-1,375.000,-1,300.000,300.000,300.000,325.000,-1,-1,-1,-1,750.000,675.000,-1,-1,2,0,2,0,2,0,0,0,0,2,2,2,2,0,0,2,2
43,5533.701,8983.249,167.000,31.813,0.850023,-0.526679,0.008390,0.526489,0.849003,-0.044770,0.016457,0.042473,0.998962,0,0.81714,-0.71149,49.028,-1.423,-1,375.000,-1,375.000,-1,300.000,300.000,300.000,325.000,-1,-1,-1,-1,750.000,675.000,-1,-1,2,0,2,0,2,0,0,0,0,2,2,2,2,0,0,2,2
44,5576.224,9008.182,167.837,30.384,0.862898,-0.505326,0.007199,0.505094,0.861849,-0.045778,0.016928,0.043138,0.998926,0,0.82155,-0.71456,49.293,-1.429,-1,375.000,-1,375.000,-1,300.000,300.000,325.000,325.000,-1,-1,-1,-1,750.000,675.000,-1,-1,2,0,2,0,2,0,0,0,0,2,2,2,2,0,0,2,2
45,5619.596,9032.174,168.657,28.949,0.875286,-0.483568,0.005990,0.483293,0.874208,-0.046776,0.017383,0.043837,0.998887,0,0.82609,-0.71756,49.565,-1.435,-1,375.000,-1,375.000,-1,300.000,300.000,325.000,325.000,-1,950.000,875.000,-1,750.000,675.000,-1,-1,2,0,2,0,2,0,0,0,0,2,0,0,2,0,0,2,2
46,5663.806,9055.196,169.457,27.508,0.887171,-0.461416,0.004762,0.461097,0.886064,-0.047760,0.017818,0.044567,0.998847,0,0.83075,-0.72049,49.845,-1.441,-1,375.000,-1,375.000,1000.000,300.000,325.000,325.000,325.000,-1,750.000,700.000,-1,750.000,675.000,-1,-1,2,0,2,0,1,0,0,0,0,2,0,0,2,0,0,2,2
47,5708.840,9077.221,170.235,26.062,0.898537,-0.438884,0.003517,0.438519,0.897400,-0.048729,0.018230,0.045328,0.998806,0,0.83552,-0.72334,50.131,-1.447,-1,375.000,-1,375.000,975.000,325.000,300.000,325.000,325.000,-1,650.000,600.000,-1,750.000,675.000,-1,-1,2,0,2,0,1,0,0,0,0,2,0,0,2,0,0,2,2
48,5754.685,9098.221,170.988,24.609,0.909369,-0.415985,0.002257,0.415574,0.908201,-0.049681,0.018616,0.046116,0.998763,0,0.84042,-0.72611,50.425,-1.452,-1,375.000,-1,375.000,925.000,300.000,300.000,325.000,325.000,-1,575.000,575.000,-1,750.000,675.000,-1,1000.000,2,0,2,0,1,0,0,0,0,2,0,0,2,0,0,2,1
49,5800.534,9118.059,171.805,23.397,0.917960,-0.396671,0.001129,0.396224,0.916782,-0.050181,0.018870,0.046511,0.998740,0,0.83260,-0.60611,49.956,-1.212,-1,375.000,-1,375.000,900.000,300.000,300.000,325.000,325.000,-1,575.000,550.000,-1,750.000,675.000,-1,950.000,2,0,2,0,1,0,0,0,0,2,0,0,2,0,0,2,1
50,5846.986,9137.228,172.709,22.425,0.924551,-0.381058,-0.000156,0.380567,0.923380,-0.050368,0.019337,0.046508,0.998731,0,0.83753,-0.48611,50.252,-0.972,-1,375.000,-1,375.000,850.000,300.000,300.000,325.000,325.000,-1,575.000,550.000,-1,750.000,675.000,-1,900.000,2,0,2,0,1,0,0,0,0,2,0,0,2,0,0,2,1
51,5893.949,9155.909,173.680,21.693,0.929327,-0.369252,-0.002028,0.368710,0.928236,-0.049295,0.020085,0.045063,0.998782,0,0.84237,-0.36611,50.542,-0.732,-1,375.000,-1,375.000,825.000,300.000,300.000,325.000,325.000,-1,575.000,550.000,-1,750.000,675.000,-1,875.000,2,0,2,0,1,0,0,0,0,2,0,0,2,0,1,2,1
52,5941.334,9174.288,174.663,21.200,0.932446,-0.361289,-0.003848,0.360700,0.931439,-0.048133,0.020974,0.043494,0.998834,0,0.84706,-0.24611,50.824,-0.492,-1,375.000,-1,375.000,800.000,300.000,300.000,325.000,325.000,-1,550.000,550.000,-1,750.000,675.000,-1,850.000,2,0,2,0,1,0,0,0,0,2,0,0,2,0,1,2,1
53,5989.050,9192.554,175.729,20.948,0.934010,-0.357207,-0.005359,0.356581,0.933078,-0.047065,0.021812,0.042048,0.998877,0,0.85156,-0.12611,51.093,-0.252,-1,375.000,-1,375.000,750.000,300.000,300.000,325.000,325.000,-1,550.000,550.000,-1,750.000,650.000,-1,800.000,2,0,2,0,1,0,0,0,0,2,0,0,2,0,1,2,1
54,6037.007,9210.901,176.954,20.936,0.934074,-0.357021,-0.006524,0.356357,0.933188,-0.046573,0.022715,0.041178,0.998894,0,0.85577,-0.00611,51.346,-0.012,-1,375.000,-1,375.000,725.000,300.000,300.000,325.000,325.000,-1,575.000,575.000,-1,750.000,625.000,-1,775.000,2,0,2,0,1,0,0,0,0,2,0,0,2,0,1,2,1
55,6085.105,9229.522,178.341,21.164,0.932635,-0.360734,-0.007930,0.360004,0.931777,-0.046784,0.024265,0.040778,0.998874,0,0.85961,0.11389,51.577,0.228,-1,375.000,-1,375.000,675.000,300.000,300.000,325.000,325.000,-1,575.000,600.000,-1,725.000,625.000,975.000,750.000,2,0,2,0,1,0,0,0,0,2,0,0,2,1,1,1,1
56,6133.237,9248.609,179.759,21.632,0.929645,-0.368338,-0.009329,0.367541,0.928823,-0.046920,0.025947,0.040190,0.998855,0,0.86298,0.23389,51.779,0.468,-1,375.000,-1,375.000,650.000,300.000,300.000,325.000,325.000,-1,600.000,600.000,-1,700.000,600.000,925.000,725.000,2,0,2,0,1,0,0,0,0,2,0,0,2,1,1,1,1
57,6181.284,9268.353,181.214,22.339,0.925008,-0.379795,-0.010725,0.378932,0.924231,-0.046982,0.027756,0.039394,0.998838,0,0.86575,0.35389,51.945,0.708,-1,375.000,-1,375.000,600.000,300.000,300.000,325.000,325.000,-1,600.000,625.000,-1,675.000,600.000,875.000,700.000,2,0,2,0,1,0,0,0,0,2,0,0,2,1,1,1,1
58,6229.110,9288.937,182.715,23.287,0.918581,-0.395047,-0.012123,0.394117,0.917859,-0.046974,0.029684,0.038372,0.998823,0,0.86780,0.47389,52.068,0.948,-1,400.000,1000.000,375.000,575.000,300.000,300.000,325.000,325.000,-1,600.000,625.000,-1,650.000,600.000,850.000,700.000,2,0,1,1,1,0,0,0,0,2,0,0,2,1,1,1,1
59,6276.568,9310.528,184.268,24.463,0.910256,-0.413824,-0.013528,0.412829,0.909600,-0.046903,0.031715,0.037109,0.998808,0,0.86898,0.58809,52.139,1.176,-1,400.000,950.000,375.000,550.000,300.000,300.000,325.000,325.000,-1,600.000,650.000,-1,625.000,625.000,800.000,725.000,2,0,1,1,1,0,0,0,0,2,0,0,2,1,1,1,1
60,6323.588,9333.077,185.882,25.622,0.901679,-0.432149,-0.014922,0.431093,0.901092,-0.046813,0.033676,0.035777,0.998792,0,0.86912,0.57917,52.147,1.158,-1,400.000,875.000,350.000,550.000,325.000,300.000,325.000,325.000,-1,625.000,650.000,-1,600.000,650.000,775.000,850.000,2,0,1,1,1,0,1,0,0,2,0,0,2,1,1,1,1
61,6370.115,9356.539,187.558,26.761,0.892877,-0.450006,-0.016305,0.448894,0.892364,-0.046700,0.035565,0.034378,0.998776,0,0.86846,0.56977,52.108,1.140,-1,400.000,825.000,350.000,525.000,325.000,300.000,325.000,325.000,-1,625.000,675.000,-1,575.000,675.000,725.000,-1,2,0,1,1,1,1,1,0,0,2,0,0,2,1,1,1,2
62,6416.094,9380.864,189.387,27.881,0.883877,-0.467388,-0.017592,0.466245,0.883452,-0.046121,0.037098,0.032564,0.998781,0,0.86695,0.55991,52.017,1.120,-1,375.000,750.000,375.000,525.000,300.000,300.000,325.000,300.000,-1,650.000,700.000,-1,525.000,625.000,700.000,-1,2,1,1,1,1,1,1,0,0,2,0,0,2,1,1,1,2
63,6461.472,9405.995,191.480,28.980,0.874707,-0.484290,-0.018721,0.483164,0.874395,-0.044558,0.037948,0.029930,0.998831,0,0.86455,0.54963,51.873,1.099,-1,375.000,700.000,350.000,550.000,300.000,300.000,325.000,325.000,-1,700.000,775.000,-1,500.000,575.000,650.000,-1,2,1,1,1,1,1,1,0,0,2,0,0,2,1,1,1,2
64,6506.198,9431.877,193.979,30.058,0.865348,-0.500710,-0.021504,0.499587,0.865227,-0.042372,0.039822,0.025923,0.998870,0,0.86125,0.53898,51.675,1.078,1000.000,350.000,650.000,350.000,650.000,275.000,275.000,325.000,325.000,-1,725.000,825.000,-1,475.000,525.000,625.000,1000.000,1,1,1,1,1,1,1,0,0,2,0,0,2,1,1,1,1
65,6550.224,9458.448,196.468,31.114,0.855835,-0.516630,-0.025286,0.515520,0.855948,-0.039906,0.042260,0.021118,0.998883,0,0.85704,0.52803,51.422,1.056,950.000,325.000,600.000,325.000,-1,275.000,275.000,325.000,325.000,-1,675.000,800.000,-1,450.000,500.000,575.000,850.000,1,1,1,1,2,1,1,0,0,2,0,0,2,1,1,1,1
66,6593.504,9485.646,198.556,32.148,0.846273,-0.532026,-0.027755,0.530952,0.846549,-0.038023,0.043725,0.017441,0.998891,0,0.85194,0.51685,51.116,1.034,875.000,300.000,550.000,300.000,-1,250.000,250.000,325.000,325.000,-1,675.000,825.000,-1,400.000,450.000,525.000,700.000,1,1,1,1,2,1,1,0,1,2,0,0,2,1,1,1,1
67,6635.998,9513.409,200.299,33.159,0.836707,-0.546902,-0.028633,0.545876,0.837061,-0.036732,0.044056,0.015103,0.998915,0,0.84600,0.50553,50.760,1.011,825.000,275.000,500.000,275.000,-1,225.000,225.000,325.000,300.000,-1,725.000,875.000,-1,375.000,400.000,500.000,575.000,1,1,1,1,2,1,1,0,1,2,0,0,2,1,1,1,1
68,6681.836,9544.806,202.745,34.410,0.824476,-0.565073,-0.030535,0.564107,0.824958,-0.035032,0.044985,0.011658,0.998920,0,0.92600,0.62553,55.560,1.251,750.000,250.000,425.000,250.000,-1,225.000,200.000,325.000,275.000,-1,750.000,950.000,-1,325.000,350.000,450.000,475.000,1,1,1,1,2,1,1,0,1,2,0,0,2,1,1,1,1
69,6727.518,9577.690,207.050,35.750,0.810569,-0.584254,-0.040321,0.583425,0.811569,-0.031152,0.050923,0.001726,0.998701,0,0.93810,0.67015,56.286,1.340,725.000,225.000,375.000,225.000,-1,200.000,200.000,300.000,275.000,-1,600.000,825.000,-1,300.000,325.000,400.000,400.000,1,1,1,1,2,1,1,0,1,2,0,0,2,1,1,1,1
70,6772.778,9611.898,212.219,37.084,0.795952,-0.602942,-0.054053,0.602458,0.797705,-0.026676,0.059202,-0.011332,0.998182,0,0.94553,0.66666,56.732,1.333,675.000,225.000,350.000,200.000,-1,175.000,175.000,300.000,275.000,-1,425.000,700.000,-1,275.000,275.000,375.000,350.000,1,1,1,1,2,1,1,0,1,2,0,0,2,1,1,1,1
71,6817.583,9647.422,219.931,38.409,0.780405,-0.621136,-0.071828,0.620728,0.783429,-0.030589,0.075272,-0.020714,0.996948,0,0.95294,0.66260,57.176,1.325,775.000,200.000,325.000,200.000,925.000,175.000,175.000,300.000,300.000,-1,175.000,475.000,-1,250.000,275.000,375.000,300.000,1,1,1,1,1,1,1,0,1,2,0,0,2,1,1,1,1
72,4919.490,8855.087,168.533,103.215,-0.228208,-0.973507,0.014309,0.972756,-0.228599,-0.038587,0.040836,0.005113,0.999153,1,0.00000,0.00000,57.617,1.316,-1,400.000,-1,400.000,-1,325.000,325.000,300.000,300.000,-1,-1,-1,-1,825.000,875.000,-1,-1,2,0,2,0,2,0,0,0,0,2,2,2,2,0,0,2,2
73,4918.413,8859.764,168.727,102.975,-0.224128,-0.974456,0.014238,0.973707,-0.224519,-0.038549,0.040761,0.005224,0.999155,0,0.08000,-0.12000,4.800,-0.240,-1,400.000,-1,400.000,-1,325.000,325.000,300.000,300.000,-1,-1,-1,-1,825.000,875.000,-1,-1,2,0,2,0,2,0,0,0,0,2,2,2,2,0,0,2,2
74,4916.336,8869.137,169.116,102.495,-0.215956,-0.976301,0.014098,0.975558,-0.216347,-0.038470,0.040608,0.005445,0.999160,0,0.16000,-0.24000,9.600,-0.480,-1,400.000,-1,400.000,-1,325.000,325.000,300.000,300.000,-1,-1,-1,-1,850.000,875.000,-1,-1,2,0,2,0,2,0,0,0,0,2,2,2,2,0,0,2,2
75,4913.397,8883.234,169.698,101.775,-0.203670,-0.978941,0.013895,0.978207,-0.204062,-0.038347,0.040375,0.005782,0.999168,0,0.24000,-0.36000,14.400,-0.720,-1,400.000,-1,400.000,-1,325.000,325.000,300.000,300.000,-1,-1,-1,-1,850.000,875.000,-1,-1,2,0,2,0,2,0,0,0,0,2,2,2,2,0,0,2,2
76,4909.795,8902.093,170.473,100.815,-0.187239,-0.982220,0.013636,0.981497,-0.187631,-0.038176,0.040056,0.006236,0.999178,0,0.32000,-0.48000,19.200,-0.960,-1,400.000,-1,400.000,-1,325.000,325.000,300.000,300.000,-1,-1,-1,-1,850.000,875.000,-1,-1,2,0,2,0,2,0,0,0,0,2,2,2,2,0,0,2,2
77,4905.786,8925.755,171.439,99.615,-0.166625,-0.985930,0.013333,0.985223,-0.167019,-0.037953,0.039645,0.006812,0.999191,0,0.40000,-0.60000,24.000,-1.200,-1,400.000,-1,400.000,-1,325.000,325.000,300.000,300.000,-1,-1,-1,-1,850.000,875.000,-1,-1,2,0,2,0,2,0,0,0,0,2,2,2,2,0,0,2,2
78,4901.691,8954.263,172.596,98.175,-0.141793,-0.989811,0.012999,0.989122,-0.142189,-0.037671,0.039135,0.007516,0.999206,0,0.48000,-0.72000,28.800,-1.440,-1,400.000,-1,400.000,-1,325.000,325.000,300.000,300.000,-1,-1,-1,-1,850.000,875.000,-1,-1,2,0,2,0,2,0,0,0,0,2,2,2,2,0,0,2,2
79,4897.890,8987.647,173.940,96.495,-0.112709,-0.993548,0.012647,0.992881,-0.113109,-0.037329,0.038519,0.008350,0.999223,0,0.56000,-0.84000,33.600,-1.680,-1,400.000,-1,400.000,-1,325.000,325.000,300.000,300.000,-1,-1,-1,-1,850.000,875.000,-1,-1,2,0,2,0,2,0,0,0,0,2,2,2,2,0,0,2,2
80,4894.827,9025.925,175.469,94.575,-0.079352,-0.996771,0.012296,0.996130,-0.079757,-0.036926,0.037788,0.009318,0.999242,0,0.64000,-0.96000,38.400,-1.920,-1,400.000,-1,400.000,-1,325.000,325.000,300.000,300.000,-1,-1,-1,-1,875.000,875.000,-1,-1,2,0,2,0,2,0,0,0,0,2,2,2,2,0,0,2,2
81,4892.886,9069.081,177.177,92.575,-0.044511,-0.998937,0.011963,0.998325,-0.044921,-0.036467,0.036965,0.010320,0.999263,0,0.72000,-1.00000,43.200,-2.000,-1,425.000,-1,425.000,-1,325.000,325.000,300.000,300.000,-1,-1,-1,-1,875.000,875.000,-1,-1,2,0,2,0,2,0,0,0,0,2,2,2,2,0,0,2,2
82,4892.405,9117.079,179.059,90.575,-0.009617,-0.999886,0.011657,0.999303,-0.010031,-0.035959,0.036072,0.011303,0.999285,0,0.80000,-1.00000,48.000,-2.000,-1,425.000,-1,425.000,-1,350.000,350.000,300.000,300.000,-1,-1,-1,-1,900.000,900.000,-1,-1,2,0,2,0,2,0,0,0,0,2,2,2,2,0,0,2,2
83,4893.718,9169.862,181.108,88.575,0.025287,-0.999616,0.011366,0.999063,0.024871,-0.035424,0.035128,0.012251,0.999308,0,0.88000,-1.00000,52.800,-2.000,-1,425.000,-1,425.000,-1,350.000,350.000,300.000,300.000,-1,-1,-1,-1,925.000,900.000,-1,-1,2,0,2,0,2,0,0,0,0,2,2,2,2,0,0,2,2
84,4896.955,9223.945,182.493,86.575,0.060115,-0.998139,0.010199,0.997645,0.059742,-0.033686,0.033014,0.012200,0.999380,0,0.90299,-1.00000,54.180,-2.000,-1,425.000,-1,425.000,-1,350.000,350.000,300.000,300.000,-1,-1,-1,-1,925.000,900.000,-1,-1,2,0,2,0,2,0,0,0,0,2,2,2,2,0,0,2,2
85,4902.077,9277.882,183.587,84.575,0.094883,-0.995441,0.009714,0.995031,0.094539,-0.031234,0.030173,0.012630,0.999465,0,0.90299,-1.00000,54.180,-2.000,-1,425.000,-1,425.000,-1,350.000,350.000,300.000,300.000,-1,-1,-1,-1,925.000,875.000,-1,-1,2,0,2,0,2,0,0,0,0,2,2,2,2,0,0,2,2
86,4909.079,9331.607,184.655,82.575,0.129536,-0.991530,0.009362,0.991198,0.129221,-0.028779,0.027325,0.013008,0.999542,0,0.90299,-1.00000,54.180,-2.000,-1,425.000,-1,425.000,-1,350.000,325.000,300.000,300.000,-1,-1,-1,-1,925.000,875.000,-1,-1,2,0,2,0,2,0,0,0,0,2,2,2,2,0,0,2,2
87,4917.952,9385.055,185.696,80.575,0.164033,-0.986413,0.009136,0.986151,0.163746,-0.026320,0.024466,0.013327,0.999612,0,0.90299,-1.00000,54.180,-2.000,-1,425.000,-1,400.000,-1,350.000,325.000,300.000,300.000,-1,-1,-1,-1,925.000,850.000,-1,-1,2,0,2,0,2,0,0,0,0,2,2,2,2,0,0,2,2
88,4928.684,9438.161,186.709,78.575,0.198330,-0.980094,0.009029,0.979897,0.198071,-0.023858,0.021595,0.013579,0.999675,0,0.90299,-1.00000,54.180,-2.000,-1,425.000,-1,400.000,-1,325.000,325.000,300.000,300.000,-1,-1,-1,-1,925.000,850.000,-1,-1,2,0,2,0,2,0,0,0,0,2,2,2,2,0,0,2,2
89,4941.263,9490.860,187.694,76.575,0.232386,-0.972582,0.009035,0.972444,0.232154,-0.021391,0.018707,0.013757,0.999730,0,0.90299,-1.00000,54.180,-2.000,-1,425.000,-1,400.000,-1,325.000,325.000,300.000,300.000,-1,-1,-1,-1,900.000,825.000,-1,-1,2,0,2,0,2,0,0,0,0,2,2,2,2,0,0,2,2
90,4955.674,9543.088,188.650,74.575,0.266158,-0.963886,0.009152,0.963800,0.265955,-0.018917,0.015800,0.013856,0.999779,0,0.90299,-1.00000,54.180,-2.000,-1,425.000,-1,400.000,-1,325.000,325.000,300.000,300.000,-1,-1,-1,-1,900.000,825.000,-1,-1,2,0,2,0,2,0,0,0,0,2,2,2,2,0,0,2,2
91,4971.899,9594.781,189.576,72.575,0.299606,-0.954017,0.009375,0.953976,0.299432,-0.016435,0.012872,0.013867,0.999821,0,0.90299,-1.00000,54.180,-2.000,-1,425.000,-1,400.000,-1,325.000,325.000,300.000,300.000,-1,-1,-1,-1,900.000,800.000,-1,-1,2,0,2,0,2,0,0,0,0,2,2,2,2,0,0,2,2
92,4989.918,9645.877,190.474,70.575,0.332689,-0.942987,0.009702,0.942984,0.332545,-0.013941,0.009920,0.013787,0.999856,0,0.90299,-1.00000,54.180,-2.000,-1,425.000,-1,400.000,-1,325.000,325.000,300.000,300.000,-1,-1,-1,-1,900.000,800.000,-1,-1,2,0,2,0,2,0,0,0,0,2,2,2,2,0,0,2,2
93,5009.709,9696.313,191.341,68.575,0.365366,-0.930809,0.010132,0.930838,0.365253,-0.011434,0.006942,0.013609,0.999883,0,0.90299,-1.00000,54.180,-2.000,-1,425.000,-1,400.000,-1,325.000,325.000,300.000,300.000,-1,-1,-1,-1,875.000,775.000,-1,-1,2,0,2,0,2,0,0,0,0,2,2,2,2,0,0,2,2
94,5031.249,9746.027,191.867,66.575,0.397602,-0.917513,0.009105,0.917545,0.397523,-0.009335,0.004946,0.012066,0.999915,0,0.90299,-1.00000,54.180,-2.000,-1,425.000,-1,400.000,-1,325.000,325.000,300.000,300.000,-1,-1,-1,-1,850.000,775.000,-1,-1,2,0,2,0,2,0,0,0,0,2,2,2,2,0,0,2,2
95,5054.510,9794.959,192.226,64.575,0.429358,-0.903102,0.007584,0.903129,0.429312,-0.007014,0.003079,0.009860,0.999947,0,0.90299,-1.00000,54.180,-2.000,-1,400.000,-1,400.000,-1,325.000,325.000,300.000,300.000,-1,-1,-1,-1,850.000,750.000,-1,-1,2,0,2,0,2,0,0,0,0,2,2,2,2,0,0,2,2
96,5077.071,9838.883,192.511,62.815,0.456877,-0.889508,0.006222,0.889529,0.456855,-0.004695,0.001334,0.007680,0.999970,0,0.82299,-0.88000,49.380,-1.760,-1,400.000,-1,400.000,-1,325.000,325.000,300.000,300.000,-1,-1,-1,-1,825.000,750.000,-1,-1,2,0,2,0,2,0,0,0,0,2,2,2,2,0,0,2,2
97,5100.337,9881.370,192.790,61.295,0.480302,-0.877089,0.004970,0.877103,0.480296,-0.002401,-0.000282,0.005512,0.999985,0,0.80733,-0.76000,48.440,-1.520,-1,400.000,-1,400.000,-1,325.000,325.000,300.000,300.000,-1,-1,-1,-1,825.000,750.000,-1,-1,2,0,2,0,2,0,0,0,0,2,2,2,2,0,0,2,2
98,5124.546,9923.327,192.957,60.015,0.499771,-0.866148,0.003956,0.866156,0.499773,-0.000578,-0.001476,0.003715,0.999992,0,0.80733,-0.64000,48.440,-1.280,-1,400.000,-1,400.000,-1,325.000,325.000,300.000,300.000,-1,-1,-1,-1,800.000,725.000,-1,-1,2,0,2,0,2,0,0,0,0,2,2,2,2,0,0,2,2
99,5149.513,9964.837,192.878,58.975,0.515410,-0.856937,0.003340,0.856942,0.515413,0.000161,-0.001859,0.002780,0.999994,0,0.80733,-0.52000,48.440,-1.040,-1,400.000,-1,400.000,-1,325.000,325.000,300.000,300.000,-1,-1,-1,-1,800.000,725.000,-1,-1,2,0,2,0,2,0,0,0,0,2,2,2,2,0,0,2,2
100,5175.275,10005.991,192.798,57.953,0.530607,-0.847614,0.002696,0.847615,0.530611,0.000887,-0.002182,0.001814,0.999996,0,0.80921,-0.51078,48.553,-1.022,-1,400.000,-1,400.000,-1,325.000,325.000,300.000,300.000,-1,-1,-1,-1,800.000,725.000,-1,-1,2,0,2,0,2,0,0,0,0,2,2,2,2,0,0,2,2
101,5201.888,10046.875,192.668,56.939,0.545533,-0.838086,0.002258,0.838085,0.545537,0.001628,-0.002596,0.001004,0.999996,0,0.81305,-0.50730,48.783,-1.015,-1,400.000,-1,375.000,-1,325.000,325.000,300.000,300.000,-1,-1,-1,-1,775.000,725.000,-1,-1,2,0,2,0,2,0,0,0,0,2,2,2,2,0,0,2,2
102,5229.335,10087.462,192.558,55.932,0.560181,-0.828368,0.001689,0.828365,0.560184,0.002346,-0.002889,0.000085,0.999996,0,0.81659,-0.50355,48.996,-1.007,-1,400.000,-1,375.000,-1,325.000,325.000,300.000,300.000,-1,-1,-1,-1,775.000,725.000,-1,-1,2,0,2,0,2,0,0,0,0,2,2,2,2,0,0,2,2
103,5257.597,10127.722,192.454,54.932,0.574543,-0.818474,0.001048,0.818469,0.574543,0.003052,-0.003100,-0.000895,0.999995,0,0.81983,-0.49957,49.190,-0.999,-1,400.000,-1,375.000,-1,325.000,325.000,300.000,300.000,-1,-1,-1,-1,775.000,700.000,-1,-1,2,0,2,0,2,0,0,0,0,2,2,2,2,0,0,2,2
104,5286.652,10167.628,192.357,53.942,0.588611,-0.808417,0.000333,0.808410,0.588607,0.003750,-0.003228,-0.001938,0.999993,0,0.82272,-0.49535,49.363,-0.991,-1,400.000,-1,375.000,-1,325.000,325.000,300.000,300.000,-1,-1,-1,-1,750.000,700.000,-1,-1,2,0,2,0,2,0,0,0,0,2,2,2,2,0,0,2,2
105,5316.479,10207.153,192.267,52.960,0.602379,-0.798210,-0.000460,0.798203,0.602372,0.004445,-0.003271,-0.003045,0.999990,0,0.82527,-0.49090,49.516,-0.982,-1,400.000,-1,375.000,-1,325.000,325.000,300.000,300.000,-1,-1,-1,-1,750.000,700.000,-1,-1,2,0,2,0,2,0,0,0,0,2,2,2,2,0,0,2,2
106,5347.054,10246.268,192.253,51.987,0.615842,-0.787869,-0.000979,0.787862,0.615830,0.005144,-0.003450,-0.003939,0.999986,0,0.82744,-0.48625,49.647,-0.973,-1,400.000,-1,375.000,-1,325.000,325.000,300.000,300.000,-1,-1,-1,-1,750.000,700.000,-1,-1,2,0,2,0,2,0,0,0,0,2,2,2,2,0,0,2,2
107,5378.348,10284.948,192.127,51.025,0.628997,-0.777404,-0.002196,0.777401,0.628978,0.005840,-0.003159,-0.005380,0.999981,0,0.82924,-0.48141,49.754,-0.963,-1,400.000,-1,375.000,-1,325.000,325.000,300.000,300.000,-1,-1,-1,-1,725.000,700.000,-1,-1,2,0,2,0,2,0,0,0,0,2,2,2,2,0,0,2,2
108,5410.335,10323.166,191.997,50.072,0.641840,-0.766831,-0.003552,0.766834,0.641812,0.006555,-0.002747,-0.006931,0.999972,0,0.83063,-0.47639,49.838,-0.953,-1,400.000,-1,375.000,-1,325.000,325.000,300.000,300.000,-1,-1,-1,-1,725.000,700.000,-1,-1,2,0,2,0,2,0,0,0,0,2,2,2,2,0,0,2,2
109,5442.985,10360.898,191.894,49.129,0.654367,-0.756161,-0.004894,0.756174,0.654330,0.007291,-0.002311,-0.008471,0.999961,0,0.83162,-0.47122,49.897,-0.942,-1,375.000,-1,375.000,-1,325.000,325.000,300.000,300.000,-1,-1,-1,-1,700.000,700.000,-1,-1,2,0,2,0,2,0,0,0,0,2,2,2,2,0,0,2,2
110,5476.268,10398.119,191.816,48.197,0.666578,-0.745409,-0.006220,0.745433,0.666532,0.008045,-0.001851,-0.010000,0.999948,0,0.83219,-0.46594,49.931,-0.932,-1,375.000,-1,375.000,-1,325.000,300.000,300.000,300.000,-1,-1,-1,-1,700.000,675.000,-1,-1,2,0,2,0,2,0,0,0,0,2,2,2,2,0,0,2,2
111,5510.151,10434.808,191.874,47.276,0.678471,-0.734589,-0.007445,0.734627,0.678422,0.008253,-0.001012,-0.011068,0.999938,0,0.83235,-0.46056,49.941,-0.921,-1,375.000,-1,375.000,-1,300.000,300.000,300.000,300.000,-1,-1,-1,-1,700.000,675.000,-1,-1,2,0,2,0,2,0,0,0,0,2,2,2,2,0,0,2,2
112,5544.603,10470.943,191.973,46.366,0.690049,-0.723711,-0.008660,0.723763,0.689998,0.008396,-0.000101,-0.012062,0.999927,0,0.83211,-0.45511,49.927,-0.910,-1,375.000,-1,375.000,-1,300.000,300.000,300.000,300.000,-1,-1,-1,-1,700.000,675.000,-1,-1,2,0,2,0,2,0,0,0,0,2,2,2,2,0,0,2,2
113,5579.590,10506.505,192.284,45.467,0.701309,-0.712791,-0.009761,0.712856,0.701269,0.007582,0.001441,-0.012275,0.999924,0,0.83147,-0.44965,49.888,-0.899,-1,375.000,-1,375.000,-1,300.000,300.000,300.000,300.000,-1,-1,-1,-1,700.000,675.000,-1,-1,2,0,2,0,2,0,0,0,0,2,2,2,2,0,0,2,2
114,5617.079,10543.743,192.643,44.808,0.709448,-0.704673,-0.010938,0.704751,0.709423,0.006659,0.003067,-0.012433,0.999918,0,0.88067,-0.32965,52.840,-0.659,-1,375.000,-1,375.000,-1,300.000,300.000,300.000,300.000,-1,-1,-1,-1,700.000,675.000,-1,-1,2,0,2,0,2,0,0,0,0,2,2,2,2,0,0,2,2
115,5654.788,10580.655,193.050,44.388,0.714568,-0.699460,-0.012138,0.699551,0.714559,0.005846,0.004584,-0.012669,0.999909,0,0.87947,-0.20965,52.768,-0.419,-1,375.000,-1,375.000,1000.000,300.000,300.000,300.000,300.000,-1,950.000,-1,-1,700.000,700.000,-1,-1,2,0,2,0,1,0,0,0,0,2,0,2,2,0,0,2,2
116,5692.557,10617.395,193.434,44.209,0.716733,-0.697220,-0.013320,0.697320,0.716744,0.004817,0.006188,-0.012740,0.999900,0,0.87818,-0.08965,52.691,-0.179,-1,375.000,-1,375.000,975.000,300.000,300.000,300.000,300.000,-1,850.000,-1,-1,700.000,700.000,-1,-1,2,0,2,0,1,0,0,0,0,2,0,2,2,0,0,2,2
117,5730.231,10654.121,193.846,44.270,0.715972,-0.697978,-0.014500,0.698086,0.716004,0.003815,0.007719,-0.012854,0.999888,0,0.87687,0.03035,52.612,0.061,-1,375.000,-1,375.000,950.000,300.000,300.000,300.000,300.000,-1,775.000,1000.000,-1,700.000,700.000,-1,-1,2,0,2,0,1,0,0,0,0,2,0,0,2,0,0,2,2
118,5767.657,10690.990,194.283,44.570,0.712276,-0.701725,-0.015668,0.701840,0.712329,0.002831,0.009174,-0.013013,0.999873,0,0.87560,0.15035,52.536,0.301,-1,375.000,-1,375.000,925.000,300.000,300.000,300.000,300.000,-1,675.000,925.000,-1,700.000,700.000,-1,-1,2,0,2,0,1,0,0,0,0,2,0,0,2,0,0,2,2
119,5804.684,10728.160,194.741,45.111,0.705597,-0.708414,-0.016814,0.708535,0.705673,0.001855,0.010551,-0.013222,0.999857,0,0.87442,0.27035,52.465,0.541,-1,375.000,-1,375.000,900.000,300.000,300.000,300.000,300.000,-1,575.000,825.000,-1,700.000,700.000,-1,-1,2,0,2,0,1,0,0,0,0,2,0,0,2,0,0,2,2
120,5841.284,10765.662,195.268,45.697,0.698288,-0.715586,-0.018181,0.715715,0.698392,0.000886,0.012064,-0.013631,0.999834,0,0.87337,0.29282,52.402,0.586,-1,375.000,-1,375.000,875.000,300.000,300.000,300.000,300.000,-1,550.000,725.000,-1,700.000,700.000,-1,-1,2,0,2,0,1,0,0,0,0,2,0,0,2,0,0,2,2
121,5877.451,10803.489,196.017,46.286,0.690837,-0.722720,-0.020498,0.722871,0.690983,-0.000022,0.014180,-0.014802,0.999790,0,0.87225,0.29467,52.335,0.589,-1,375.000,-1,375.000,875.000,300.000,300.000,300.000,300.000,-1,525.000,600.000,-1,700.000,700.000,-1,-1,2,0,2,0,1,0,0,0,0,2,0,0,2,0,0,2,2
122,5913.174,10841.635,196.773,46.879,0.683265,-0.729816,-0.022744,0.729989,0.683458,-0.000979,0.016259,-0.015934,0.999741,0,0.87102,0.29635,52.261,0.593,-1,375.000,-1,375.000,875.000,300.000,325.000,300.000,300.000,-1,500.000,550.000,-1,700.000,725.000,-1,-1,2,0,2,0,1,0,0,0,0,2,0,0,2,0,0,2,2
123,5950.171,10881.633,197.592,47.231,0.678695,-0.733998,-0.024897,0.734189,0.678942,-0.002033,0.018396,-0.016899,0.999688,0,0.90808,0.17635,54.485,0.353,-1,375.000,-1,375.000,875.000,325.000,325.000,300.000,300.000,-1,475.000,525.000,-1,700.000,725.000,-1,-1,2,0,2,0,1,0,0,0,0,2,0,0,2,0,0,2,2
124,5987.030,10921.865,198.531,47.505,0.675128,-0.737226,-0.026439,0.737424,0.675423,-0.003155,0.020183,-0.017367,0.999645,0,0.90940,0.13684,54.564,0.274,-1,375.000,-1,375.000,925.000,325.000,325.000,300.000,300.000,-1,475.000,525.000,-1,725.000,725.000,-1,-1,2,0,2,0,1,0,0,0,0,2,0,0,2,0,1,2,2
125,6023.744,10962.306,199.649,47.766,0.671740,-0.740292,-0.027072,0.740477,0.672068,-0.004352,0.021416,-0.017123,0.999624,0,0.91034,0.13021,54.620,0.260,-1,375.000,-1,400.000,-1,325.000,325.000,300.000,300.000,-1,500.000,550.000,-1,725.000,750.000,-1,-1,2,0,2,0,2,0,0,0,0,2,0,0,2,0,0,2,2
126,6060.303,11002.926,200.804,48.012,0.668521,-0.743184,-0.027533,0.743351,0.668878,-0.005567,0.022554,-0.016745,0.999605,0,0.91083,0.12336,54.650,0.247,-1,375.000,-1,400.000,-1,325.000,325.000,300.000,300.000,-1,525.000,575.000,-1,725.000,750.000,-1,-1,2,0,2,0,2,0,0,0,0,2,0,0,2,0,0,2,2
127,6096.698,11043.695,201.977,48.245,0.665475,-0.745898,-0.027911,0.746045,0.665860,-0.006793,0.023651,-0.016302,0.999587,0,0.91084,0.11629,54.650,0.233,-1,375.000,-1,400.000,-1,325.000,325.000,300.000,300.000,-1,550.000,575.000,-1,725.000,775.000,-1,-1,2,0,2,0,2,0,0,0,0,2,0,0,2,0,0,2,2
128,6132.918,11084.581,203.225,48.463,0.662609,-0.748436,-0.028154,0.748551,0.663025,-0.008326,0.024898,-0.015558,0.999569,0,0.91036,0.10904,54.621,0.218,-1,375.000,-1,400.000,-1,325.000,325.000,300.000,300.000,-1,575.000,600.000,-1,750.000,775.000,-1,-1,2,0,2,0,2,0,0,0,0,2,0,0,2,0,0,2,2
129,6171.690,11129.059,204.609,48.921,0.656583,-0.753723,-0.028293,0.753798,0.657028,-0.010102,0.026203,-0.014695,0.999549,0,0.98342,0.22904,59.005,0.458,-1,400.000,-1,400.000,-1,325.000,325.000,300.000,300.000,-1,600.000,600.000,-1,750.000,775.000,-1,-1,2,0,2,0,2,0,0,0,0,2,0,0,2,0,0,2,2
130,6209.839,11173.913,205.992,49.619,0.647334,-0.761680,-0.028313,0.761715,0.647804,-0.011838,0.027358,-0.013903,0.999529,0,0.98138,0.34904,58.883,0.698,-1,400.000,-1,400.000,-1,325.000,325.000,300.000,300.000,-1,625.000,600.000,-1,750.000,800.000,-1,-1,2,0,2,0,2,0,0,0,0,2,0,0,2,0,0,2,2
131,6247.272,11219.122,207.352,50.374,0.637223,-0.770162,-0.028237,0.770159,0.637711,-0.013409,0.028334,-0.013202,0.999511,0,0.97825,0.37772,58.695,0.755,-1,400.000,-1,400.000,-1,325.000,325.000,300.000,300.000,-1,625.000,575.000,-1,775.000,800.000,-1,-1,2,0,2,0,2,0,0,0,0,2,0,0,2,0,0,2,2
132,6283.972,11264.622,208.936,51.111,0.627259,-0.778294,-0.028351,0.778294,0.627754,-0.013580,0.028367,-0.013547,0.999506,0,0.97428,0.36834,58.457,0.737,-1,400.000,-1,400.000,-1,325.000,325.000,300.000,300.000,-1,675.000,625.000,-1,775.000,825.000,-1,-1,2,0,2,0,2,0,0,0,0,2,0,0,2,0,0,2,2
133,6319.925,11310.362,210.514,51.831,0.617427,-0.786114,-0.028417,0.786120,0.617924,-0.013612,0.028260,-0.013935,0.999503,0,0.96965,0.35988,58.179,0.720,-1,400.000,-1,400.000,-1,325.000,325.000,300.000,300.000,-1,725.000,675.000,-1,800.000,825.000,-1,-1,2,0,2,0,2,0,0,0,0,2,0,0,2,0,0,2,2
134,6355.115,11356.297,212.057,52.545,0.607580,-0.793750,-0.028411,0.793762,0.608076,-0.013623,0.028089,-0.014274,0.999504,0,0.96442,0.35703,57.865,0.714,-1,400.000,-1,400.000,-1,325.000,325.000,300.000,300.000,-1,775.000,725.000,-1,800.000,850.000,-1,-1,2,0,2,0,2,0,0,0,0,2,0,0,2,0,0,2,2
135,6389.528,11402.388,213.580,53.254,0.597704,-0.801214,-0.028400,0.801232,0.598199,-0.013614,0.027896,-0.014618,0.999504,0,0.95867,0.35469,57.520,0.709,-1,400.000,-1,400.000,-1,325.000,325.000,300.000,300.000,-1,825.000,775.000,-1,800.000,850.000,-1,-1,2,0,2,0,2,0,0,0,0,2,0,0,2,0,0,2,2
136,6423.151,11448.599,215.065,53.960,0.587791,-0.808518,-0.028305,0.808541,0.588283,-0.013582,0.027633,-0.014903,0.999507,0,0.95248,0.35286,57.149,0.706,-1,400.000,-1,400.000,-1,325.000,325.000,300.000,300.000,-1,875.000,825.000,-1,800.000,850.000,-1,-1,2,0,2,0,2,0,0,0,0,2,0,0,2,0,0,2,2
137,6455.978,11494.900,216.506,54.663,0.577830,-0.815673,-0.028103,0.815701,0.578315,-0.013525,0.027284,-0.015108,0.999514,0,0.94596,0.35156,56.758,0.703,-1,400.000,-1,400.000,-1,325.000,325.000,300.000,300.000,-1,925.000,900.000,-1,825.000,875.000,-1,-1,2,0,2,0,2,0,0,0,1,2,0,0,2,0,0,2,2
