timestep,x_cm,y_cm,z_cm,yaw_deg,basis_xx,basis_xy,basis_xz,basis_yx,basis_yy,basis_yz,basis_zx,basis_zy,basis_zz,teleport_flag,throttle_cmd,steering_cmd,cmd_move_cm,cmd_turn_deg,lidar_cm_0,lidar_cm_1,lidar_cm_2,lidar_cm_3,lidar_cm_4,lidar_cm_5,lidar_cm_6,lidar_cm_7,lidar_cm_8,lidar_cm_9,lidar_cm_10,lidar_cm_11,lidar_cm_12,lidar_cm_13,lidar_cm_14,lidar_cm_15,lidar_cm_16,lidar_class_0,lidar_class_1,lidar_class_2,lidar_class_3,lidar_class_4,lidar_class_5,lidar_class_6,lidar_class_7,lidar_class_8,lidar_class_9,lidar_class_10,lidar_class_11,lidar_class_12,lidar_class_13,lidar_class_14,lidar_class_15,lidar_class_16
0,-5576.825,7538.627,-2.670,-107.113,-0.295496,0.955093,-0.021898,-0.954351,-0.294066,0.052344,0.043554,0.036366,0.998389,1,0.08000,-0.12000,4.800,-0.240,150.000,700.000,-1,525.000,-1,500.000,450.000,200.000,250.000,-1,250.000,100.000,500.000,-1,-1,325.000,-1,1,1,2,0,2,0,0,1,0,2,0,0,1,2,2,1,2
1,-5579.728,7529.476,-3.052,-107.593,-0.303418,0.952639,-0.020399,-0.951883,-0.302071,0.051685,0.043075,0.035099,0.998455,0,0.16000,-0.24000,9.600,-0.480,150.000,700.000,-1,525.000,-1,475.000,450.000,200.000,250.000,-1,250.000,100.000,500.000,-1,-1,-1,-1,1,0,2,0,2,0,0,1,0,2,0,0,1,2,2,2,2
2,-5584.254,7515.806,-3.715,-108.313,-0.315243,0.948842,-0.017895,-0.948079,-0.314042,0.050232,0.042042,0.032801,0.998577,0,0.24000,-0.36000,14.400,-0.720,150.000,675.000,-1,525.000,-1,475.000,450.000,175.000,250.000,-1,250.000,100.000,500.000,-1,-1,-1,-1,1,0,2,0,2,0,0,1,0,2,0,0,1,2,2,2,2
3,-5590.574,7497.676,-4.719,-109.214,-0.329947,0.943891,-0.014324,-0.943143,-0.328964,0.047575,0.040194,0.029207,0.998765,0,0.32000,-0.45060,19.200,-0.901,150.000,675.000,-1,500.000,-1,475.000,425.000,175.000,275.000,675.000,250.000,125.000,525.000,-1,-1,-1,-1,1,0,2,0,2,0,0,1,0,1,0,0,1,2,2,2,2
4,6887.332,9510.964,-28.611,-137.489,-0.739486,0.672666,0.026112,-0.671200,-0.733798,-0.105030,-0.051489,-0.095194,0.994126,1,0.00000,0.00000,24.000,-0.893,425.000,325.000,-1,400.000,-1,275.000,300.000,250.000,500.000,-1,150.000,50.000,-1,525.000,700.000,500.000,-1,0,0,2,0,2,0,0,0,1,2,1,1,2,0,0,0,2
5,327.383,-323.200,-467.279,96.964,-0.121019,-0.992610,0.008959,0.992103,-0.121247,-0.032113,0.032962,0.005002,0.999444,1,0.08000,0.12000,4.800,0.240,-1,375.000,-1,375.000,-1,325.000,325.000,300.000,300.000,-1,700.000,625.000,-1,675.000,700.000,-1,-1,2,0,2,0,2,0,0,0,0,2,0,0,2,0,0,2,2
6,326.140,-313.681,-466.973,97.444,-0.129330,-0.991560,0.009076,0.991042,-0.129559,-0.032414,0.033316,0.004802,0.999433,0,0.16000,0.24000,9.600,0.480,-1,375.000,-1,375.000,-1,325.000,325.000,300.000,300.000,-1,700.000,625.000,-1,675.000,700.000,-1,-1,2,0,2,0,2,0,0,0,0,2,0,0,2,0,0,2,2
7,324.095,-299.427,-466.514,98.164,-0.141777,-0.989855,0.009271,0.989320,-0.142009,-0.032861,0.033844,0.004513,0.999417,0,0.24000,0.36000,14.400,0.720,-1,375.000,-1,375.000,-1,325.000,325.000,300.000,300.000,-1,700.000,625.000,-1,675.000,700.000,-1,-1,2,0,2,0,2,0,0,0,0,2,0,0,2,0,0,2,2
8,321.050,-280.470,-465.903,99.124,-0.158339,-0.987339,0.009568,0.986781,-0.158573,-0.033445,0.034539,0.004146,0.999395,0,0.32000,0.48000,19.200,0.960,-1,375.000,-1,375.000,-1,325.000,325.000,300.000,300.000,-1,675.000,625.000,-1,675.000,700.000,-1,-1,2,0,2,0,2,0,0,0,0,2,0,0,2,0,0,2,2
9,316.749,-256.858,-465.140,100.324,-0.178976,-0.983803,0.009997,0.983217,-0.179216,-0.034157,0.035395,0.003716,0.999366,0,0.40000,0.60000,24.000,1.200,-1,375.000,-1,375.000,-1,325.000,325.000,300.000,300.000,-1,675.000,600.000,-1,675.000,700.000,-1,-1,2,0,2,0,2,0,0,0,0,2,0,0,2,0,0,2,2
10,310.877,-228.663,-464.227,101.764,-0.203633,-0.978990,0.010594,0.978370,-0.203883,-0.034978,0.036403,0.003242,0.999332,0,0.48000,0.72000,28.800,1.440,-1,375.000,-1,375.000,-1,325.000,325.000,300.000,300.000,-1,650.000,600.000,-1,675.000,700.000,-1,-1,2,0,2,0,2,0,0,0,0,2,0,0,2,0,0,2,2
11,303.065,-195.984,-463.167,103.444,-0.232234,-0.972593,0.011399,0.971935,-0.232497,-0.035885,0.037552,0.002745,0.999291,0,0.56000,0.84000,33.600,1.680,-1,375.000,-1,375.000,-1,325.000,325.000,300.000,300.000,-1,650.000,600.000,-1,675.000,700.000,-1,-1,2,0,2,0,2,0,0,0,0,2,0,0,2,0,0,2,2
12,292.891,-158.956,-461.963,105.364,-0.264669,-0.964259,0.012456,0.963557,-0.264953,-0.036846,0.038829,0.002250,0.999243,0,0.64000,0.96000,38.400,1.920,-1,375.000,-1,375.000,-1,325.000,325.000,300.000,300.000,-1,625.000,600.000,-1,675.000,700.000,-1,-1,2,0,2,0,2,0,0,0,0,2,0,0,2,0,0,2,2
13,279.998,-117.725,-460.612,107.364,-0.298130,-0.954425,0.013793,0.953677,-0.298443,-0.037835,0.040227,0.001874,0.999189,0,0.72000,1.00000,43.200,2.000,-1,375.000,-1,375.000,-1,300.000,325.000,300.000,300.000,-1,625.000,575.000,-1,675.000,700.000,-1,-1,2,0,2,0,2,0,0,0,0,2,0,0,2,0,0,2,2
14,264.083,-72.440,-458.923,109.364,-0.331252,-0.943430,0.014575,0.942643,-0.331571,-0.038526,0.041179,0.000977,0.999151,0,0.80000,1.00000,48.000,2.000,-1,375.000,-1,375.000,-1,300.000,300.000,300.000,300.000,-1,650.000,550.000,-1,675.000,700.000,-1,-1,2,0,2,0,2,0,0,0,0,2,0,0,2,0,0,2,2
15,244.848,-23.268,-456.761,111.364,-0.364004,-0.931283,0.014561,0.930434,-0.364294,-0.039781,0.042351,-0.000932,0.999102,0,0.88000,1.00000,52.800,2.000,-1,375.000,-1,375.000,-1,300.000,300.000,300.000,300.000,-1,625.000,550.000,-1,675.000,675.000,-1,-1,2,0,2,0,2,0,0,0,0,2,0,0,2,0,0,2,2
16,223.206,26.829,-454.408,113.364,-0.396323,-0.917998,0.014428,0.917060,-0.396572,-0.041608,0.043918,-0.003259,0.999030,0,0.90952,1.00000,54.571,2.000,-1,375.000,-1,375.000,-1,300.000,300.000,300.000,300.000,-1,600.000,525.000,-1,675.000,700.000,-1,-1,2,0,2,0,2,0,0,0,0,2,0,0,2,0,0,2,2
17,199.830,76.139,-451.850,115.364,-0.428178,-0.903585,0.014038,0.902518,-0.428362,-0.044349,0.046086,-0.006319,0.998917,0,0.90952,1.00000,54.571,2.000,-1,375.000,-1,375.000,-1,300.000,300.000,300.000,300.000,-1,575.000,525.000,-1,675.000,700.000,-1,-1,2,0,2,0,2,0,0,0,0,2,0,0,2,0,0,2,2
18,174.746,124.604,-449.063,117.364,-0.459478,-0.888072,0.014421,0.886922,-0.459629,-0.045936,0.047423,-0.008316,0.998840,0,0.90952,1.00000,54.571,2.000,-1,375.000,-1,375.000,-1,300.000,300.000,300.000,300.000,-1,575.000,525.000,-1,675.000,700.000,-1,-1,2,0,2,0,2,0,0,0,0,2,0,0,2,0,0,2,2
19,147.987,172.164,-446.293,119.364,-0.490211,-0.871475,0.014979,0.870242,-0.490333,-0.047459,0.048704,-0.010230,0.998761,0,0.90952,1.00000,54.571,2.000,-1,375.000,-1,375.000,-1,300.000,300.000,300.000,300.000,-1,575.000,550.000,-1,675.000,700.000,-1,-1,2,0,2,0,2,0,0,0,0,2,0,0,2,0,0,2,2
20,119.584,218.761,-443.415,121.364,-0.520311,-0.853820,0.016385,0.852490,-0.520441,-0.049011,0.050374,-0.011533,0.998664,0,0.90952,1.00000,54.571,2.000,-1,375.000,-1,375.000,-1,300.000,300.000,300.000,300.000,-1,575.000,550.000,-1,675.000,700.000,-1,-1,2,0,2,0,2,0,0,0,0,2,0,0,2,0,0,2,2
21,89.572,264.339,-440.543,123.364,-0.549764,-0.835125,0.018051,0.833696,-0.549914,-0.050453,0.052061,-0.012688,0.998563,0,0.90952,1.00000,54.571,2.000,-1,375.000,-1,375.000,-1,300.000,300.000,300.000,300.000,-1,575.000,550.000,-1,675.000,700.000,-1,-1,2,0,2,0,2,0,0,0,0,2,0,0,2,0,0,2,2
22,57.987,308.841,-437.515,125.364,-0.578494,-0.815421,0.020833,0.813877,-0.578722,-0.051811,0.054304,-0.013017,0.998440,0,0.90952,1.00000,54.571,2.000,-1,375.000,-1,375.000,-1,325.000,325.000,300.000,300.000,-1,575.000,550.000,-1,675.000,725.000,-1,-1,2,0,2,0,2,0,0,0,0,2,0,0,2,0,0,2,2
23,24.869,352.214,-434.411,127.364,-0.606477,-0.794729,0.024316,0.793066,-0.606829,-0.052964,0.056848,-0.012837,0.998300,0,0.90952,1.00000,54.571,2.000,-1,375.000,-1,375.000,-1,325.000,325.000,300.000,300.000,-1,575.000,525.000,-1,675.000,725.000,-1,-1,2,0,2,0,2,0,0,0,0,2,0,0,2,0,0,2,2
24,-9.743,394.405,-431.348,129.364,-0.633709,-0.773069,0.027883,0.771294,-0.634197,-0.053852,0.059315,-0.012621,0.998160,0,0.90952,1.00000,54.571,2.000,-1,375.000,-1,400.000,-1,325.000,325.000,300.000,300.000,-1,575.000,475.000,-1,700.000,725.000,-1,-1,2,0,2,0,2,0,0,0,0,2,0,0,2,0,0,2,2
25,-45.806,435.362,-428.200,131.364,-0.660190,-0.750462,0.030897,0.748591,-0.660788,-0.054501,0.061317,-0.012851,0.998036,0,0.90952,1.00000,54.571,2.000,-1,375.000,-1,400.000,-1,325.000,325.000,300.000,300.000,-1,550.000,450.000,-1,700.000,725.000,-1,-1,2,0,2,0,2,0,0,0,0,2,0,0,2,0,0,2,2
26,-83.277,475.036,-424.870,133.364,-0.685919,-0.726934,0.032891,0.724983,-0.686567,-0.055009,0.062570,-0.013886,0.997944,0,0.90952,1.00000,54.571,2.000,-1,375.000,-1,400.000,-1,325.000,325.000,300.000,300.000,-1,525.000,450.000,-1,700.000,725.000,-1,-1,2,0,2,0,2,0,0,0,0,2,0,0,2,0,0,2,2
27,-122.109,513.377,-421.408,135.364,-0.710855,-0.702513,0.034072,0.700493,-0.711501,-0.055462,0.063205,-0.015558,0.997879,0,0.90952,1.00000,54.571,2.000,-1,375.000,-1,400.000,-1,325.000,325.000,300.000,300.000,-1,550.000,475.000,-1,700.000,725.000,-1,-1,2,0,2,0,2,0,0,0,0,2,0,0,2,0,0,2,2
28,-162.256,550.340,-417.998,137.364,-0.734920,-0.677236,0.035281,0.675151,-0.735565,-0.055815,0.063751,-0.017200,0.997818,0,0.90952,1.00000,54.571,2.000,-1,375.000,-1,375.000,-1,325.000,325.000,300.000,300.000,-1,550.000,500.000,-1,700.000,725.000,-1,-1,2,0,2,0,2,0,0,0,0,2,0,0,2,0,0,2,2
29,-203.668,585.880,-414.644,139.364,-0.758084,-0.651134,0.036513,0.648988,-0.758730,-0.056067,0.064211,-0.018807,0.997759,0,0.90952,1.00000,54.571,2.000,-1,375.000,-1,375.000,-1,325.000,325.000,300.000,300.000,-1,575.000,500.000,-1,700.000,725.000,-1,-1,2,0,2,0,2,0,0,0,0,2,0,0,2,0,0,2,2
30,-246.296,619.952,-411.210,141.364,-0.780326,-0.624232,0.037763,0.621987,-0.780960,-0.056872,0.064993,-0.020890,0.997667,0,0.90952,1.00000,54.571,2.000,-1,375.000,-1,375.000,-1,325.000,325.000,300.000,300.000,-1,575.000,525.000,-1,700.000,725.000,-1,-1,2,0,2,0,2,0,0,0,0,2,0,0,2,0,0,2,2
31,-290.086,652.516,-407.612,143.364,-0.801616,-0.596558,0.039109,0.594145,-0.802218,-0.058641,0.066357,-0.023772,0.997513,0,0.90952,1.00000,54.571,2.000,-1,375.000,-1,400.000,-1,325.000,325.000,300.000,300.000,-1,575.000,525.000,-1,700.000,725.000,-1,-1,2,0,2,0,2,0,0,0,0,2,0,0,2,0,0,2,2
32,-334.987,683.531,-404.076,145.364,-0.821919,-0.568157,0.040588,0.565573,-0.822490,-0.060312,0.067650,-0.026616,0.997354,0,0.90952,1.00000,54.571,2.000,-1,375.000,-1,400.000,-1,325.000,325.000,300.000,300.000,-1,575.000,550.000,-1,700.000,750.000,-1,-1,2,0,2,0,2,0,0,0,0,2,0,0,2,0,0,2,2
33,-380.943,712.961,-400.605,147.364,-0.841207,-0.539064,0.042197,0.536309,-0.841751,-0.061873,0.068873,-0.029417,0.997192,0,0.90952,1.00000,54.571,2.000,-1,375.000,-1,400.000,-1,325.000,325.000,300.000,300.000,-1,575.000,550.000,-1,700.000,750.000,-1,-1,2,0,2,0,2,0,0,0,0,2,0,0,2,0,0,2,2
34,-427.897,740.769,-397.118,149.364,-0.859457,-0.509321,0.043875,0.506426,-0.859988,-0.062883,0.069760,-0.031826,0.997056,0,0.90952,1.00000,54.571,2.000,-1,375.000,-1,400.000,-1,325.000,325.000,300.000,300.000,-1,550.000,550.000,-1,700.000,750.000,-1,-1,2,0,2,0,2,0,0,0,0,2,0,0,2,0,0,2,2
35,-475.794,766.921,-393.634,151.364,-0.876649,-0.478965,0.045587,0.475957,-0.877179,-0.063417,0.070362,-0.033897,0.996945,0,0.90952,1.00000,54.571,2.000,-1,375.000,-1,400.000,-1,325.000,325.000,300.000,300.000,-1,525.000,500.000,-1,700.000,750.000,-1,-1,2,0,2,0,2,0,0,0,0,2,0,0,2,0,0,2,2
36,-524.574,791.386,-389.954,153.364,-0.892770,-0.448046,0.047079,0.445035,-0.893332,-0.062463,0.070043,-0.034813,0.996936,0,0.90952,1.00000,54.571,2.000,-1,375.000,-1,400.000,-1,325.000,325.000,300.000,300.000,-1,575.000,500.000,-1,700.000,750.000,-1,-1,2,0,2,0,2,0,0,0,0,2,0,0,2,0,0,2,2
37,-569.727,812.322,-386.636,155.124,-0.906054,-0.420389,0.048368,0.417391,-0.906652,-0.061372,0.069653,-0.035418,0.996942,0,0.82952,0.88000,49.771,1.760,-1,375.000,-1,400.000,-1,325.000,325.000,300.000,300.000,-1,575.000,500.000,-1,700.000,725.000,-1,-1,2,0,2,0,2,0,0,0,0,2,0,0,2,0,0,2,2
38,-611.013,830.150,-383.574,156.644,-0.916803,-0.396192,0.050044,0.393210,-0.917486,-0.060039,0.069702,-0.035366,0.996941,0,0.74952,0.76000,44.971,1.520,-1,375.000,-1,400.000,-1,325.000,325.000,300.000,300.000,-1,575.000,500.000,-1,700.000,725.000,-1,-1,2,0,2,0,2,0,0,0,0,2,0,0,2,0,0,2,2
39,-648.239,845.247,-380.859,157.924,-0.925344,-0.375601,0.051591,0.372640,-0.926115,-0.058735,0.069841,-0.035125,0.996940,0,0.66952,0.64000,40.171,1.280,-1,375.000,-1,400.000,-1,325.000,325.000,300.000,300.000,-1,575.000,500.000,-1,700.000,725.000,-1,-1,2,0,2,0,2,0,0,0,0,2,0,0,2,0,0,2,2
40,-685.329,859.512,-378.205,158.964,-0.931929,-0.358737,0.053077,0.355802,-0.932797,-0.057401,0.070102,-0.034609,0.996939,0,0.66231,0.52000,39.738,1.040,-1,375.000,-1,375.000,-1,325.000,325.000,300.000,300.000,-1,575.000,500.000,-1,700.000,725.000,-1,-1,2,0,2,0,2,0,0,0,0,2,0,0,2,0,0,2,2
41,-722.615,873.257,-375.508,159.764,-0.936780,-0.345684,0.054265,0.342780,-0.937733,-0.056209,0.070317,-0.034055,0.996943,0,0.66231,0.40000,39.738,0.800,-1,375.000,-1,375.000,-1,325.000,325.000,300.000,300.000,-1,575.000,500.000,-1,700.000,725.000,-1,-1,2,0,2,0,2,0,0,0,0,2,0,0,2,0,0,2,2
42,-760.033,886.636,-372.647,160.324,-0.940091,-0.336504,0.054707,0.333627,-0.941071,-0.055479,0.070152,-0.033904,0.996960,0,0.66231,0.28000,39.738,0.560,-1,375.000,-1,375.000,-1,325.000,325.000,300.000,300.000,-1,600.000,525.000,-1,700.000,725.000,-1,-1,2,0,2,0,2,0,0,0,0,2,0,0,2,0,0,2,2
43,-797.526,899.807,-369.620,160.644,-0.941917,-0.331240,0.055435,0.328325,-0.942928,-0.055584,0.070682,-0.034155,0.996914,0,0.66231,0.16000,39.738,0.320,-1,375.000,-1,375.000,-1,325.000,325.000,300.000,300.000,-1,625.000,550.000,-1,700.000,725.000,-1,-1,2,0,2,0,2,0,0,0,0,2,0,0,2,0,0,2,2
44,-835.036,912.925,-366.609,160.724,-0.942335,-0.329924,0.056166,0.326974,-0.943391,-0.055699,0.071363,-0.034122,0.996867,0,0.66231,0.04000,39.738,0.080,-1,375.000,-1,375.000,-1,325.000,325.000,300.000,300.000,-1,650.000,575.000,-1,700.000,725.000,-1,-1,2,0,2,0,2,0,0,0,0,2,0,0,2,0,0,2,2
45,-872.510,926.149,-363.608,160.564,-0.941364,-0.332561,0.056891,0.329579,-0.942476,-0.055831,0.072186,-0.033807,0.996818,0,0.66231,-0.08000,39.738,-0.160,-1,375.000,-1,375.000,-1,325.000,325.000,300.000,300.000,-1,675.000,600.000,-1,700.000,725.000,-1,-1,2,0,2,0,2,0,0,0,0,2,0,0,2,0,0,2,2
46,-909.891,939.633,-360.614,160.164,-0.938971,-0.339139,0.057601,0.336130,-0.940150,-0.055992,0.073143,-0.033214,0.996768,0,0.66231,-0.20000,39.738,-0.400,-1,400.000,-1,375.000,-1,325.000,325.000,300.000,300.000,-1,700.000,625.000,-1,725.000,725.000,-1,-1,2,0,2,0,2,0,0,0,0,2,0,0,2,0,0,2,2
47,-947.119,953.535,-357.621,159.524,-0.935073,-0.349629,0.058286,0.346596,-0.936330,-0.056196,0.074223,-0.032346,0.996717,0,0.66231,-0.32000,39.738,-0.640,-1,400.000,-1,375.000,-1,325.000,325.000,300.000,300.000,-1,725.000,650.000,-1,725.000,725.000,-1,-1,2,0,2,0,2,0,0,0,0,2,0,0,2,0,0,2,2
48,-984.129,968.006,-354.625,158.644,-0.929540,-0.363982,0.058936,0.360928,-0.930883,-0.056455,0.075411,-0.031206,0.996664,0,0.66231,-0.44000,39.738,-0.880,-1,400.000,-1,400.000,-1,325.000,325.000,300.000,300.000,-1,750.000,675.000,-1,725.000,725.000,-1,-1,2,0,2,0,2,0,0,0,0,2,0,0,2,0,0,2,2
49,-1020.849,983.198,-351.624,157.524,-0.922191,-0.382124,0.059537,0.379055,-0.923631,-0.056781,0.076688,-0.029795,0.996610,0,0.66231,-0.56000,39.738,-1.120,-1,375.000,-1,400.000,-1,325.000,325.000,300.000,300.000,-1,775.000,700.000,-1,725.000,725.000,-1,-1,2,0,2,0,2,0,0,0,0,2,0,0,2,0,0,2,2
50,-1057.198,999.258,-348.616,156.164,-0.912803,-0.403958,0.060075,0.400877,-0.914346,-0.057185,0.078030,-0.028116,0.996554,0,0.66231,-0.68000,39.738,-1.360,-1,375.000,-1,400.000,-1,325.000,325.000,300.000,300.000,-1,800.000,725.000,-1,725.000,750.000,-1,-1,2,0,2,0,2,0,0,0,0,2,0,0,2,0,0,2,2
51,-1093.084,1016.326,-345.602,154.564,-0.901106,-0.429353,0.060534,0.426265,-0.902758,-0.057678,0.079411,-0.026170,0.996498,0,0.66231,-0.80000,39.738,-1.600,-1,375.000,-1,400.000,-1,325.000,325.000,300.000,300.000,-1,825.000,750.000,-1,725.000,750.000,-1,-1,2,0,2,0,2,0,0,0,0,2,0,0,2,0,0,2,2
52,-1128.404,1034.538,-342.582,152.724,-0.886790,-0.458143,0.060893,0.455054,-0.888555,-0.058267,0.080801,-0.023961,0.996442,0,0.66231,-0.92000,39.738,-1.840,-1,375.000,-1,400.000,-1,325.000,325.000,300.000,300.000,-1,875.000,775.000,-1,725.000,750.000,-1,-1,2,0,2,0,2,0,0,0,0,2,0,0,2,0,0,2,2
53,-1163.066,1053.971,-339.443,150.724,-0.870198,-0.488905,0.061047,0.485867,-0.872081,-0.058379,0.081780,-0.021140,0.996426,0,0.66231,-1.00000,39.738,-2.000,-1,375.000,-1,400.000,-1,325.000,325.000,300.000,300.000,-1,925.000,825.000,-1,725.000,750.000,-1,-1,2,0,2,0,2,0,0,0,0,2,0,0,2,0,0,2,2
54,-1197.030,1074.602,-336.119,148.724,-0.852498,-0.519078,0.061685,0.516123,-0.854545,-0.058051,0.082845,-0.017651,0.996406,0,0.66231,-1.00000,39.738,-2.000,-1,375.000,-1,400.000,-1,325.000,325.000,300.000,300.000,-1,975.000,875.000,-1,725.000,750.000,-1,-1,2,0,2,0,2,0,0,0,0,2,0,0,2,0,0,2,2
55,-1230.253,1096.406,-332.729,146.724,-0.833728,-0.548617,0.062587,0.545750,-0.835957,-0.057723,0.083988,-0.013968,0.996369,0,0.66231,-1.00000,39.738,-2.000,-1,375.000,-1,400.000,-1,325.000,325.000,300.000,300.000,-1,-1,925.000,-1,725.000,750.000,-1,-1,2,0,2,0,2,0,0,0,0,2,2,0,2,0,0,2,2
56,-1262.694,1119.356,-329.269,144.724,-0.813905,-0.577484,0.063798,0.574711,-0.816340,-0.057413,0.085236,-0.010064,0.996310,0,0.66231,-1.00000,39.738,-2.000,-1,375.000,-1,400.000,-1,325.000,325.000,300.000,300.000,-1,-1,975.000,-1,725.000,775.000,-1,-1,2,0,2,0,2,0,0,0,0,2,2,0,2,0,0,2,2
57,-1294.316,1143.423,-325.816,142.724,-0.793083,-0.605641,0.064950,0.602962,-0.795714,-0.057248,0.086353,-0.006240,0.996245,0,0.66231,-1.00000,39.738,-2.000,-1,375.000,-1,400.000,-1,325.000,325.000,300.000,300.000,-1,-1,-1,-1,725.000,775.000,-1,-1,2,0,2,0,2,0,0,0,0,2,2,2,2,0,0,2,2
58,-1325.078,1168.580,-322.373,140.724,-0.771288,-0.633052,0.066032,0.630466,-0.774105,-0.057222,0.087340,-0.002504,0.996175,0,0.66231,-1.00000,39.738,-2.000,-1,400.000,-1,400.000,-1,325.000,325.000,300.000,300.000,-1,-1,-1,-1,750.000,775.000,-1,-1,2,0,2,0,2,0,0,0,0,2,2,2,2,0,0,2,2
59,-1354.943,1194.794,-318.945,138.724,-0.748547,-0.659684,0.067034,0.657189,-0.751542,-0.057329,0.088198,0.001140,0.996102,0,0.66231,-1.00000,39.738,-2.000,-1,400.000,-1,400.000,-1,325.000,325.000,300.000,300.000,-1,-1,-1,-1,750.000,775.000,-1,-1,2,0,2,0,2,0,0,0,0,2,2,2,2,0,0,2,2
60,-1383.876,1222.035,-315.537,136.724,-0.724892,-0.685504,0.067945,0.683099,-0.728054,-0.057563,0.088928,0.004686,0.996027,0,0.66231,-1.00000,39.738,-2.000,-1,400.000,-1,400.000,-1,325.000,325.000,300.000,300.000,-1,-1,-1,-1,750.000,800.000,-1,-1,2,0,2,0,2,0,0,0,0,2,2,2,2,0,0,2,2
61,-1411.840,1250.269,-312.024,134.724,-0.700410,-0.710482,0.068132,0.708157,-0.703674,-0.057944,0.089110,0.007664,0.995992,0,0.66231,-1.00000,39.738,-2.000,-1,400.000,-1,400.000,-1,325.000,325.000,300.000,300.000,-1,-1,-1,-1,775.000,800.000,-1,-1,2,0,2,0,2,0,0,0,0,2,2,2,2,0,0,2,2
62,-1438.802,1279.462,-308.550,132.724,-0.675076,-0.734587,0.068217,0.732344,-0.678432,-0.058333,0.089132,0.010579,0.995964,0,0.66231,-1.00000,39.738,-2.000,-1,400.000,-1,400.000,-1,325.000,325.000,300.000,300.000,-1,-1,-1,-1,775.000,800.000,-1,-1,2,0,2,0,2,0,0,0,0,2,2,2,2,0,0,2,2
63,-1464.728,1309.577,-305.113,130.724,-0.648922,-0.757791,0.068216,0.755627,-0.652360,-0.058774,0.089040,0.013406,0.995938,0,0.66231,-1.00000,39.738,-2.000,-1,400.000,-1,400.000,-1,325.000,325.000,300.000,300.000,-1,-1,-1,-1,775.000,825.000,-1,-1,2,0,2,0,2,0,0,0,0,2,2,2,2,0,0,2,2
64,-1489.588,1340.579,-301.716,128.724,-0.621979,-0.780065,0.068125,0.777978,-0.625490,-0.059260,0.088838,0.016141,0.995915,0,0.66231,-1.00000,39.738,-2.000,-1,400.000,-1,400.000,-1,325.000,325.000,300.000,300.000,-1,-1,-1,-1,800.000,825.000,-1,-1,2,0,2,0,2,0,0,0,0,2,2,2,2,0,0,2,2
65,-1513.351,1372.430,-298.362,126.724,-0.594281,-0.801382,0.067944,0.799370,-0.597858,-0.059785,0.088531,0.018783,0.995896,0,0.66231,-1.00000,39.738,-2.000,-1,400.000,-1,400.000,-1,325.000,325.000,300.000,300.000,-1,1000.000,-1,-1,800.000,850.000,-1,-1,2,0,2,0,2,0,0,0,0,2,0,2,2,0,0,2,2
66,-1535.988,1405.091,-295.036,124.724,-0.565863,-0.821716,0.067698,0.819783,-0.569496,-0.060250,0.088062,0.021404,0.995885,0,0.66231,-1.00000,39.738,-2.000,-1,400.000,-1,400.000,-1,325.000,325.000,300.000,300.000,-1,1000.000,-1,-1,825.000,875.000,-1,-1,2,0,2,0,2,0,0,0,0,2,0,2,2,0,0,2,2
67,-1557.471,1438.522,-291.630,122.724,-0.536749,-0.841031,0.067583,0.839237,-0.540434,-0.060106,0.087075,0.024457,0.995901,0,0.66231,-1.00000,39.738,-2.000,-1,400.000,-1,400.000,-1,325.000,325.000,300.000,300.000,-1,-1,-1,-1,825.000,900.000,-1,-1,2,0,2,0,2,0,0,0,0,2,2,2,2,0,0,2,2
68,-1577.775,1472.682,-288.253,120.724,-0.506983,-0.859312,0.067471,0.857664,-0.510712,-0.059882,0.085916,0.027508,0.995923,0,0.66231,-1.00000,39.738,-2.000,-1,400.000,-1,400.000,-1,325.000,325.000,300.000,300.000,-1,-1,-1,-1,825.000,900.000,-1,-1,2,0,2,0,2,0,0,0,0,2,2,2,2,0,0,2,2
69,-1594.695,1503.249,-285.291,118.964,-0.480293,-0.874522,0.067303,0.873031,-0.484041,-0.059347,0.084478,0.030254,0.995966,0,0.58231,-0.88000,34.938,-1.760,-1,400.000,-1,400.000,-1,325.000,325.000,300.000,300.000,-1,-1,-1,-1,850.000,900.000,-1,-1,2,0,2,0,2,0,0,0,0,2,2,2,2,0,0,2,2
70,-1608.586,1529.996,-282.821,117.444,-0.456905,-0.886996,0.066905,0.885632,-0.460643,-0.058862,0.083030,0.032359,0.996022,0,0.50231,-0.76000,30.138,-1.520,-1,400.000,-1,400.000,-1,325.000,325.000,300.000,300.000,-1,-1,-1,-1,850.000,925.000,-1,-1,2,0,2,0,2,0,0,0,0,2,2,2,2,0,0,2,2
71,-1619.760,1552.737,-280.771,116.164,-0.436964,-0.897013,0.066557,0.895754,-0.440689,-0.058460,0.081771,0.034074,0.996069,0,0.42231,-0.64000,25.338,-1.280,-1,400.000,-1,400.000,-1,325.000,325.000,300.000,300.000,-1,-1,-1,-1,875.000,925.000,-1,-1,2,0,2,0,2,0,0,0,0,2,2,2,2,0,0,2,2
72,-1628.481,1571.332,-279.129,115.124,-0.420603,-0.904821,0.066268,0.903646,-0.424315,-0.058137,0.080722,0.035430,0.996107,0,0.34231,-0.52000,20.538,-1.040,-1,400.000,-1,400.000,-1,325.000,325.000,300.000,300.000,-1,-1,-1,-1,900.000,925.000,-1,-1,2,0,2,0,2,0,0,0,0,2,2,2,2,0,0,2,2
73,-1634.964,1585.674,-277.882,114.324,-0.407924,-0.910624,0.066042,0.909513,-0.411625,-0.057891,0.079902,0.036450,0.996136,0,0.26231,-0.40000,15.738,-0.800,-1,400.000,-1,400.000,-1,325.000,325.000,300.000,300.000,-1,-1,-1,-1,900.000,925.000,-1,-1,2,0,2,0,2,0,0,0,0,2,2,2,2,0,0,2,2
74,-1639.357,1595.691,-277.021,113.677,-0.397606,-0.915188,0.065878,0.914126,-0.401300,-0.057718,0.079260,0.037272,0.996157,0,0.18231,-0.32362,10.938,-0.647,-1,400.000,-1,400.000,-1,325.000,325.000,300.000,300.000,-1,-1,-1,-1,925.000,925.000,-1,-1,2,0,2,0,2,0,0,0,0,2,2,2,2,0,0,2,2
75,-1641.759,1601.340,-276.540,113.030,-0.387231,-0.919634,0.065774,0.918618,-0.390924,-0.057611,0.078694,0.038113,0.996170,0,0.10231,-0.32362,6.138,-0.647,-1,400.000,-1,400.000,-1,325.000,325.000,300.000,300.000,-1,-1,-1,-1,925.000,925.000,-1,-1,2,0,2,0,2,0,0,0,0,2,2,2,2,0,0,2,2
76,-1642.269,1602.578,-276.433,112.382,-0.376798,-0.923960,0.065732,0.922988,-0.380498,-0.057569,0.078202,0.038977,0.996175,0,0.02231,-0.32362,1.338,-0.647,-1,400.000,-1,400.000,-1,325.000,325.000,300.000,300.000,-1,-1,-1,-1,925.000,925.000,-1,-1,2,0,2,0,2,0,0,0,0,2,2,2,2,0,0,2,2
77,-1640.987,1599.362,-276.696,111.735,-0.366311,-0.928167,0.065752,0.927236,-0.370023,-0.057591,0.077783,0.039871,0.996173,0,-0.05769,-0.32362,-3.462,-0.647,-1,400.000,-1,400.000,-1,325.000,325.000,300.000,300.000,-1,-1,-1,-1,925.000,900.000,-1,-1,2,0,2,0,2,0,0,0,0,2,2,2,2,0,0,2,2
78,-1638.053,1591.750,-277.317,111.088,-0.355769,-0.932252,0.065833,0.931361,-0.359501,-0.057673,0.077433,0.040796,0.996163,0,-0.13597,-0.32362,-8.158,-0.647,-1,400.000,-1,400.000,-1,325.000,325.000,300.000,300.000,-1,-1,-1,-1,925.000,900.000,-1,-1,2,0,2,0,2,0,0,0,0,2,2,2,2,0,0,2,2
79,-1635.204,1584.106,-277.935,110.441,-0.345182,-0.936218,0.065915,0.935366,-0.348934,-0.057752,0.077069,0.041720,0.996153,0,-0.13597,-0.32362,-8.158,-0.647,-1,400.000,-1,400.000,-1,325.000,325.000,300.000,300.000,-1,-1,-1,-1,925.000,900.000,-1,-1,2,0,2,0,2,0,0,0,0,2,2,2,2,0,0,2,2
80,-1632.442,1576.429,-278.550,109.793,-0.334551,-0.940064,0.065998,0.939252,-0.338322,-0.057830,0.076693,0.042641,0.996143,0,-0.13597,-0.32362,-8.158,-0.647,-1,400.000,-1,400.000,-1,325.000,325.000,300.000,300.000,-1,-1,-1,-1,925.000,900.000,-1,-1,2,0,2,0,2,0,0,0,0,2,2,2,2,0,0,2,2
81,-1629.767,1568.723,-279.161,109.146,-0.323879,-0.943788,0.066081,0.943017,-0.327669,-0.057906,0.076304,0.043561,0.996133,0,-0.13597,-0.32362,-8.158,-0.647,-1,400.000,-1,400.000,-1,325.000,325.000,300.000,300.000,-1,-1,-1,-1,925.000,875.000,-1,-1,2,0,2,0,2,0,0,0,0,2,2,2,2,0,0,2,2
82,-1627.179,1560.986,-279.769,108.499,-0.313166,-0.947391,0.066164,0.946660,-0.316974,-0.057980,0.075902,0.044478,0.996123,0,-0.13597,-0.32362,-8.158,-0.647,-1,400.000,-1,400.000,-1,325.000,325.000,300.000,300.000,-1,-1,-1,-1,925.000,875.000,-1,-1,2,0,2,0,2,0,0,0,0,2,2,2,2,0,0,2,2
83,-1624.679,1553.221,-280.374,107.852,-0.302413,-0.950872,0.066248,0.950183,-0.306239,-0.058052,0.075488,0.045392,0.996113,0,-0.13597,-0.32362,-8.158,-0.647,-1,400.000,-1,400.000,-1,325.000,325.000,300.000,300.000,-1,-1,-1,-1,925.000,875.000,-1,-1,2,0,2,0,2,0,0,0,0,2,2,2,2,0,0,2,2
84,-1622.266,1545.427,-280.974,107.204,-0.291623,-0.954231,0.066333,0.953584,-0.295465,-0.058122,0.075061,0.046304,0.996103,0,-0.13597,-0.32362,-8.158,-0.647,-1,400.000,-1,400.000,-1,325.000,325.000,300.000,300.000,-1,-1,-1,-1,925.000,875.000,-1,-1,2,0,2,0,2,0,0,0,0,2,2,2,2,0,0,2,2
85,-1619.942,1537.608,-281.571,106.557,-0.280796,-0.957467,0.066418,0.956862,-0.284655,-0.058190,0.074622,0.047214,0.996094,0,-0.13597,-0.32362,-8.158,-0.647,-1,400.000,-1,400.000,-1,325.000,325.000,300.000,300.000,-1,-1,-1,-1,925.000,875.000,-1,-1,2,0,2,0,2,0,0,0,0,2,2,2,2,0,0,2,2
86,-1617.706,1529.762,-282.164,105.910,-0.269934,-0.960579,0.066504,0.960018,-0.273809,-0.058257,0.074170,0.048120,0.996084,0,-0.13597,-0.32362,-8.158,-0.647,-1,400.000,-1,400.000,-1,325.000,325.000,300.000,300.000,-1,-1,-1,-1,925.000,850.000,-1,-1,2,0,2,0,2,0,0,0,0,2,2,2,2,0,0,2,2
87,-1615.559,1521.892,-282.753,105.263,-0.259038,-0.963569,0.066591,0.963051,-0.262929,-0.058321,0.073705,0.049023,0.996074,0,-0.13597,-0.32362,-8.158,-0.647,-1,400.000,-1,400.000,-1,325.000,325.000,300.000,300.000,-1,-1,-1,-1,925.000,850.000,-1,-1,2,0,2,0,2,0,0,0,0,2,2,2,2,0,0,2,2
88,-1613.501,1513.998,-283.338,104.615,-0.248110,-0.966434,0.066679,0.965960,-0.252016,-0.058384,0.073228,0.049923,0.996065,0,-0.13597,-0.32362,-8.158,-0.647,-1,400.000,-1,400.000,-1,325.000,325.000,300.000,300.000,-1,1000.000,-1,-1,925.000,850.000,-1,-1,2,0,2,0,2,0,0,0,0,2,0,2,2,0,0,2,2
89,-1611.533,1506.081,-283.919,103.968,-0.237151,-0.969176,0.066767,0.968746,-0.241072,-0.058445,0.072739,0.050820,0.996055,0,-0.13597,-0.32362,-8.158,-0.647,-1,400.000,-1,400.000,-1,325.000,325.000,300.000,300.000,-1,1000.000,-1,-1,925.000,850.000,-1,-1,2,0,2,0,2,0,0,0,0,2,0,2,2,0,0,2,2
90,-1609.654,1498.142,-284.496,103.321,-0.226163,-0.971792,0.066856,0.971407,-0.230098,-0.058504,0.072237,0.051713,0.996046,0,-0.13597,-0.32362,-8.158,-0.647,-1,400.000,-1,400.000,-1,325.000,325.000,300.000,300.000,-1,975.000,-1,-1,925.000,850.000,-1,-1,2,0,2,0,2,0,0,0,0,2,0,2,2,0,0,2,2
91,-1607.864,1490.183,-285.068,102.674,-0.215147,-0.974284,0.066946,0.973944,-0.219096,-0.058562,0.071723,0.052602,0.996037,0,-0.13597,-0.32362,-8.158,-0.647,-1,400.000,-1,400.000,-1,325.000,325.000,300.000,300.000,-1,950.000,-1,-1,925.000,825.000,-1,-1,2,0,2,0,2,0,0,0,0,2,0,2,2,0,0,2,2
92,-1606.165,1482.204,-285.636,102.027,-0.204104,-0.976651,0.067036,0.976357,-0.208066,-0.058618,0.071197,0.053487,0.996027,0,-0.13597,-0.32362,-8.158,-0.647,-1,400.000,-1,400.000,-1,325.000,325.000,300.000,300.000,-1,925.000,1000.000,-1,925.000,825.000,-1,-1,2,0,2,0,2,0,0,0,0,2,0,0,2,0,0,2,2
93,-1604.556,1474.206,-286.200,101.379,-0.193036,-0.978893,0.067128,0.978644,-0.197011,-0.058672,0.070659,0.054368,0.996018,0,-0.13597,-0.32362,-8.158,-0.647,-1,400.000,-1,400.000,-1,325.000,325.000,300.000,300.000,-1,925.000,975.000,-1,900.000,825.000,-1,-1,2,0,2,0,2,0,0,0,0,2,0,0,2,0,0,2,2
94,-1603.038,1466.191,-286.759,100.732,-0.181945,-0.981008,0.067220,0.980806,-0.185931,-0.058725,0.070108,0.055245,0.996008,0,-0.13597,-0.32362,-8.158,-0.647,-1,400.000,-1,400.000,-1,325.000,325.000,300.000,300.000,-1,900.000,950.000,-1,900.000,825.000,-1,-1,2,0,2,0,2,0,0,0,0,2,0,0,2,0,0,2,2
95,-1601.610,1458.159,-287.313,100.085,-0.170831,-0.982998,0.067314,0.982843,-0.174829,-0.058776,0.069545,0.056118,0.995999,0,-0.13597,-0.32362,-8.158,-0.647,-1,400.000,-1,400.000,-1,325.000,325.000,300.000,300.000,-1,875.000,950.000,-1,900.000,825.000,-1,-1,2,0,2,0,2,0,0,0,0,2,0,0,2,0,0,2,2
96,-1601.045,1454.849,-287.539,99.678,-0.163831,-0.984187,0.067349,0.984061,-0.167833,-0.058791,0.069165,0.056644,0.995996,0,-0.05597,-0.20362,-3.358,-0.407,-1,400.000,-1,400.000,-1,325.000,325.000,300.000,300.000,-1,875.000,925.000,-1,900.000,825.000,-1,-1,2,0,2,0,2,0,0,0,0,2,0,0,2,0,0,2,2
97,-1601.284,1456.271,-287.440,99.510,-0.160958,-0.984662,0.067326,0.984548,-0.164958,-0.058772,0.068976,0.056825,0.995999,0,0.02403,-0.08362,1.442,-0.167,-1,400.000,-1,400.000,-1,325.000,325.000,300.000,300.000,-1,875.000,925.000,-1,900.000,825.000,-1,-1,2,0,2,0,2,0,0,0,0,2,0,0,2,0,0,2,2
98,-1602.323,1462.425,-287.017,99.583,-0.162219,-0.984461,0.067243,0.984341,-0.166210,-0.058717,0.068981,0.056665,0.996007,0,0.10403,0.03638,6.242,0.073,-1,400.000,-1,400.000,-1,325.000,325.000,300.000,300.000,-1,900.000,950.000,-1,900.000,825.000,-1,-1,2,0,2,0,2,0,0,0,0,2,0,0,2,0,0,2,2
99,-1604.181,1473.310,-286.267,99.690,-0.164067,-0.984165,0.067097,0.984035,-0.168042,-0.058619,0.068966,0.056408,0.996023,0,0.18403,0.05325,11.042,0.106,-1,400.000,-1,400.000,-1,325.000,325.000,300.000,300.000,-1,900.000,950.000,-1,925.000,825.000,-1,-1,2,0,2,0,2,0,0,0,0,2,0,0,2,0,0,2,2
100,-1606.876,1488.921,-285.191,99.796,-0.165922,-0.983868,0.066884,0.983729,-0.169874,-0.058475,0.068894,0.056093,0.996046,0,0.26403,0.05325,15.842,0.106,-1,400.000,-1,400.000,-1,325.000,325.000,300.000,300.000,-1,925.000,1000.000,-1,925.000,825.000,-1,-1,2,0,2,0,2,0,0,0,0,2,0,0,2,0,0,2,2
101,-1610.426,1509.255,-283.788,99.903,-0.167784,-0.983571,0.066604,0.983423,-0.171706,-0.058285,0.068763,0.055720,0.996076,0,0.34403,0.05325,20.642,0.106,-1,400.000,-1,400.000,-1,325.000,325.000,300.000,300.000,-1,975.000,-1,-1,925.000,825.000,-1,-1,2,0,2,0,2,0,0,0,0,2,0,2,2,0,0,2,2
102,-1614.847,1534.310,-282.059,100.009,-0.169654,-0.983274,0.066253,0.983115,-0.173538,-0.058046,0.068572,0.055287,0.996113,0,0.42403,0.05325,25.442,0.106,-1,400.000,-1,400.000,-1,325.000,325.000,300.000,300.000,-1,1000.000,-1,-1,950.000,825.000,-1,-1,2,0,2,0,2,0,0,0,0,2,0,2,2,0,0,2,2
103,-1620.158,1564.081,-280.006,100.116,-0.171531,-0.982977,0.065829,0.982807,-0.175370,-0.057756,0.068317,0.054791,0.996158,0,0.50403,0.05325,30.242,0.106,-1,400.000,-1,400.000,-1,325.000,325.000,300.000,300.000,-1,-1,-1,-1,950.000,850.000,-1,-1,2,0,2,0,2,0,0,0,0,2,2,2,2,0,0,2,2
104,-1626.376,1598.567,-277.629,100.222,-0.173417,-0.982679,0.065329,0.982498,-0.177202,-0.057414,0.067996,0.054230,0.996211,0,0.58403,0.05325,35.042,0.106,-1,400.000,-1,400.000,-1,325.000,325.000,300.000,300.000,-1,-1,-1,-1,975.000,850.000,-1,-1,2,0,2,0,2,0,0,0,0,2,2,2,2,0,0,2,2
105,-1633.181,1635.907,-275.058,100.329,-0.175307,-0.982380,0.064777,0.982188,-0.179034,-0.057036,0.067629,0.053624,0.996268,0,0.63258,0.05325,37.955,0.106,-1,400.000,-1,400.000,-1,325.000,325.000,300.000,300.000,-1,-1,-1,-1,1000.000,850.000,-1,-1,2,0,2,0,2,0,0,0,0,2,2,2,2,0,0,2,2
106,-1640.054,1673.233,-272.491,100.435,-0.177198,-0.982078,0.064213,0.981875,-0.180866,-0.056651,0.067250,0.053010,0.996327,0,0.63258,0.05325,37.955,0.106,-1,400.000,-1,400.000,-1,325.000,325.000,300.000,300.000,-1,-1,-1,-1,1000.000,875.000,-1,-1,2,0,2,0,2,0,0,0,0,2,2,2,2,0,0,2,2
107,-1646.998,1710.547,-269.929,100.542,-0.179089,-0.981773,0.063636,0.981558,-0.182697,-0.056259,0.066859,0.052387,0.996386,0,0.63258,0.05325,37.955,0.106,-1,400.000,-1,400.000,-1,325.000,325.000,300.000,300.000,-1,-1,-1,-1,-1,875.000,-1,-1,2,0,2,0,2,0,0,0,0,2,2,2,2,2,0,2,2
108,-1654.010,1747.848,-267.371,100.648,-0.180980,-0.981464,0.063048,0.981239,-0.184527,-0.055859,0.066457,0.051756,0.996446,0,0.63258,0.05325,37.955,0.106,-1,425.000,-1,400.000,-1,325.000,325.000,300.000,300.000,-1,-1,-1,-1,-1,875.000,-1,-1,2,0,2,0,2,0,0,0,0,2,2,2,2,2,0,2,2
109,-1661.092,1785.136,-264.818,100.755,-0.182872,-0.981151,0.062447,0.980916,-0.186357,-0.055452,0.066044,0.051115,0.996507,0,0.63258,0.05325,37.955,0.106,-1,425.000,-1,425.000,-1,325.000,325.000,300.000,300.000,-1,-1,-1,-1,-1,900.000,-1,-1,2,0,2,0,2,0,0,0,0,2,2,2,2,2,0,2,2
110,-1668.243,1822.411,-262.269,100.861,-0.184764,-0.980836,0.061834,0.980590,-0.188187,-0.055037,0.065618,0.050465,0.996568,0,0.63258,0.05325,37.955,0.106,-1,425.000,-1,425.000,-1,350.000,325.000,300.000,300.000,-1,-1,-1,-1,-1,900.000,-1,-1,2,0,2,0,2,0,0,0,0,2,2,2,2,2,0,2,2
111,-1675.463,1859.672,-259.726,100.967,-0.186655,-0.980517,0.061207,0.980261,-0.190016,-0.054615,0.065181,0.049805,0.996630,0,0.63258,0.05325,37.955,0.106,-1,425.000,-1,425.000,-1,350.000,350.000,300.000,300.000,-1,-1,-1,-1,-1,925.000,-1,-1,2,0,2,0,2,0,0,0,0,2,2,2,2,2,0,2,2
112,-1682.753,1896.920,-257.187,101.074,-0.188547,-0.980195,0.060568,0.979928,-0.191844,-0.054185,0.064732,0.049136,0.996692,0,0.63258,0.05325,37.955,0.106,-1,450.000,-1,425.000,-1,350.000,350.000,300.000,300.000,-1,-1,-1,-1,-1,925.000,-1,-1,2,0,2,0,2,0,0,0,0,2,2,2,2,2,0,2,2
113,-1691.218,1938.828,-254.450,101.420,-0.194542,-0.979044,0.060214,0.978794,-0.197774,-0.053363,0.064154,0.048556,0.996758,0,0.71258,0.17325,42.755,0.346,-1,450.000,-1,425.000,-1,350.000,350.000,300.000,300.000,-1,-1,-1,-1,-1,950.000,-1,-1,2,0,2,0,2,0,0,0,0,2,2,2,2,2,0,2,2
114,-1701.111,1985.342,-251.788,102.007,-0.204615,-0.976942,0.060965,0.976843,-0.207780,-0.051044,0.062534,0.049109,0.996834,0,0.79258,0.29325,47.555,0.586,-1,450.000,-1,425.000,-1,350.000,350.000,300.000,300.000,-1,-1,-1,-1,-1,950.000,-1,-1,2,0,2,0,2,0,0,0,0,2,2,2,2,2,0,2,2
115,-1712.540,2035.511,-248.953,102.833,-0.218765,-0.973832,0.061593,0.973870,-0.221848,-0.048596,0.060989,0.049352,0.996918,0,0.85758,0.41325,51.455,0.826,-1,450.000,-1,425.000,-1,350.000,350.000,300.000,300.000,-1,-1,-1,-1,-1,950.000,-1,-1,2,0,2,0,2,0,0,0,0,2,2,2,2,2,0,2,2
116,-1724.899,2085.459,-246.604,103.900,-0.237139,-0.969627,0.059913,0.969730,-0.239958,-0.045218,0.058222,0.047377,0.997179,0,0.85758,0.53325,51.455,1.066,-1,450.000,-1,425.000,-1,350.000,350.000,300.000,275.000,-1,-1,-1,-1,-1,950.000,-1,-1,2,0,2,0,2,0,0,0,0,2,2,2,2,2,0,2,2
117,-1738.394,2135.112,-244.272,105.206,-0.259480,-0.964005,0.057997,0.964157,-0.262031,-0.041734,0.055429,0.045089,0.997444,0,0.85758,0.65325,51.455,1.306,-1,450.000,-1,425.000,-1,350.000,350.000,300.000,275.000,-1,-1,-1,-1,-1,950.000,-1,-1,2,0,2,0,2,0,0,0,0,2,2,2,2,2,0,2,2
118,-1753.223,2184.382,-241.914,106.753,-0.285690,-0.956685,0.055984,0.956872,-0.287984,-0.038234,0.052700,0.042646,0.997699,0,0.85758,0.77325,51.455,1.546,-1,450.000,-1,425.000,-1,350.000,350.000,300.000,275.000,-1,-1,-1,-1,-1,950.000,-1,-1,2,0,2,0,2,0,0,0,0,2,2,2,2,2,0,2,2
119,-1769.582,2233.167,-239.528,108.539,-0.315659,-0.947344,0.053844,0.947554,-0.317702,-0.034725,0.050003,0.040059,0.997945,0,0.85758,0.89325,51.455,1.786,-1,450.000,-1,425.000,-1,350.000,350.000,300.000,300.000,-1,-1,-1,-1,-1,950.000,-1,-1,2,0,2,0,2,0,0,0,0,2,2,2,2,2,0,2,2
120,-1787.633,2281.351,-237.124,110.539,-0.348804,-0.935776,0.051575,0.936004,-0.350607,-0.031173,0.047253,0.037401,0.998182,0,0.85758,1.00000,51.455,2.000,-1,425.000,-1,425.000,-1,350.000,350.000,275.000,300.000,-1,-1,-1,-1,1000.000,950.000,-1,-1,2,0,2,0,2,0,0,0,0,2,2,2,2,0,0,2,2
121,-1807.355,2328.875,-234.706,112.539,-0.381517,-0.923056,0.049113,0.923299,-0.383087,-0.027627,0.044315,0.034806,0.998411,0,0.85758,1.00000,51.455,2.000,-1,425.000,-1,425.000,-1,350.000,350.000,275.000,300.000,-1,-1,-1,-1,975.000,950.000,-1,-1,2,0,2,0,2,0,0,0,0,2,2,2,2,0,0,2,2
122,-1828.723,2375.683,-232.279,114.539,-0.413757,-0.909201,0.046456,0.909455,-0.415103,-0.024099,0.041195,0.032279,0.998630,0,0.85758,1.00000,51.455,2.000,-1,425.000,-1,425.000,-1,350.000,350.000,275.000,300.000,-1,-1,-1,-1,925.000,950.000,-1,-1,2,0,2,0,2,0,0,0,0,2,2,2,2,0,0,2,2
123,-1851.713,2421.716,-229.851,116.539,-0.445481,-0.894229,0.043605,0.894489,-0.446615,-0.020602,0.037897,0.029826,0.998836,0,0.85758,1.00000,51.455,2.000,-1,425.000,-1,425.000,-1,350.000,350.000,275.000,300.000,-1,-1,-1,-1,900.000,925.000,-1,-1,2,0,2,0,2,0,0,0,0,2,2,2,2,0,0,2,2
124,-1876.295,2466.918,-227.503,118.539,-0.476633,-0.878151,0.040898,0.878420,-0.477580,-0.017209,0.034644,0.027723,0.999015,0,0.85758,1.00000,51.455,2.000,-1,425.000,-1,425.000,-1,350.000,350.000,275.000,300.000,-1,-1,-1,-1,875.000,925.000,-1,-1,2,0,2,0,2,0,0,0,0,2,2,2,2,0,0,2,2
125,-1902.440,2511.235,-225.677,120.539,-0.507075,-0.860949,0.040513,0.861277,-0.507937,-0.014208,0.032810,0.027689,0.999078,0,0.85758,1.00000,51.455,2.000,-1,425.000,-1,425.000,-1,350.000,350.000,275.000,300.000,-1,-1,-1,-1,850.000,925.000,-1,-1,2,0,2,0,2,0,0,0,0,2,2,2,2,0,0,2,2
126,-1930.117,2554.612,-223.813,122.539,-0.536879,-0.842684,0.040562,0.843087,-0.537665,-0.010998,0.031077,0.028293,0.999116,0,0.85758,1.00000,51.455,2.000,-1,400.000,-1,425.000,-1,350.000,350.000,275.000,300.000,-1,-1,-1,-1,850.000,925.000,-1,-1,2,0,2,0,2,0,0,0,0,2,2,2,2,0,0,2,2
127,-1959.291,2596.997,-222.090,124.539,-0.566032,-0.823376,0.040751,0.823876,-0.566726,-0.007070,0.028916,0.029572,0.999144,0,0.85758,1.00000,51.455,2.000,-1,400.000,-1,425.000,-1,350.000,350.000,275.000,300.000,-1,-1,-1,-1,825.000,900.000,-1,-1,2,0,2,0,2,0,0,0,0,2,2,2,2,0,0,2,2
128,-1989.926,2638.338,-220.385,126.539,-0.594496,-0.803060,0.040856,0.803654,-0.595089,-0.003001,0.026723,0.031050,0.999161,0,0.85758,1.00000,51.455,2.000,-1,400.000,-1,425.000,-1,325.000,350.000,275.000,275.000,-1,-1,-1,-1,800.000,875.000,-1,-1,2,0,2,0,2,0,0,0,0,2,2,2,2,0,0,2,2
129,-2020.291,2676.786,-218.787,128.299,-0.618955,-0.784363,0.040871,0.785043,-0.619440,0.000995,0.024537,0.032701,0.999164,0,0.81656,0.88000,48.994,1.760,-1,400.000,-1,425.000,-1,325.000,350.000,300.000,275.000,-1,-1,-1,-1,800.000,850.000,-1,-1,2,0,2,0,2,0,0,0,0,2,2,2,2,0,0,2,2
130,-2051.665,2714.416,-217.229,129.819,-0.639619,-0.767605,0.040862,0.768370,-0.639986,0.005088,0.022245,0.034652,0.999152,0,0.81656,0.76000,48.994,1.520,-1,400.000,-1,425.000,-1,325.000,325.000,300.000,275.000,-1,-1,-1,-1,775.000,825.000,-1,-1,2,0,2,0,2,0,0,0,0,2,2,2,2,0,0,2,2
131,-2083.872,2751.336,-216.130,131.099,-0.656657,-0.753102,0.040473,0.753891,-0.656961,0.007152,0.021203,0.035209,0.999155,0,0.81656,0.64000,48.994,1.280,-1,400.000,-1,425.000,-1,325.000,325.000,300.000,275.000,-1,-1,-1,-1,775.000,825.000,-1,-1,2,0,2,0,2,0,0,0,0,2,2,2,2,0,0,2,2
132,-2116.744,2787.665,-215.080,132.139,-0.670266,-0.741033,0.040180,0.741850,-0.670502,0.009268,0.020074,0.036020,0.999149,0,0.81656,0.52000,48.994,1.040,-1,400.000,-1,425.000,-1,325.000,325.000,300.000,275.000,-1,-1,-1,-1,750.000,800.000,-1,-1,2,0,2,0,2,0,0,0,0,2,2,2,2,0,0,2,2
133,-2150.120,2823.531,-214.084,132.939,-0.680591,-0.731571,0.039995,0.732420,-0.680757,0.011423,0.018870,0.037068,0.999135,0,0.81656,0.40000,48.994,0.800,-1,400.000,-1,400.000,-1,325.000,325.000,300.000,275.000,-1,-1,-1,-1,750.000,800.000,-1,-1,2,0,2,0,2,0,0,0,0,2,2,2,2,0,0,2,2
134,-2183.845,2859.070,-213.150,133.499,-0.687751,-0.724848,0.039928,0.725733,-0.687842,0.013605,0.017602,0.038334,0.999110,0,0.81656,0.28000,48.994,0.560,-1,400.000,-1,400.000,-1,325.000,325.000,300.000,275.000,-1,-1,-1,-1,750.000,775.000,-1,-1,2,0,2,0,2,0,0,0,0,2,2,2,2,0,0,2,2
135,-2217.768,2894.419,-212.282,133.819,-0.691829,-0.720954,0.039988,0.721878,-0.691840,0.015797,0.016277,0.039795,0.999075,0,0.81656,0.16000,48.994,0.320,-1,400.000,-1,400.000,-1,325.000,325.000,300.000,275.000,-1,-1,-1,-1,725.000,775.000,-1,-1,2,0,2,0,2,0,0,0,0,2,2,2,2,0,0,2,2
136,-2251.740,2929.722,-211.517,133.899,-0.692883,-0.719954,0.039740,0.720899,-0.692814,0.017713,0.014780,0.040922,0.999053,0,0.81656,0.04000,48.994,0.080,-1,375.000,-1,400.000,-1,325.000,325.000,300.000,275.000,-1,-1,-1,-1,725.000,750.000,-1,-1,2,0,2,0,2,0,0,0,0,2,2,2,2,0,0,2,2
137,-2285.613,2965.119,-210.569,133.739,-0.690898,-0.721885,0.039270,0.722817,-0.690800,0.018187,0.013999,0.040951,0.999063,0,0.81656,-0.08000,48.994,-0.160,-1,375.000,-1,400.000,-1,325.000,325.000,300.000,275.000,-1,-1,-1,-1,725.000,750.000,-1,-1,2,0,2,0,2,0,0,0,0,2,2,2,2,0,0,2,2
