timestep,x_cm,y_cm,z_cm,yaw_deg,basis_xx,basis_xy,basis_xz,basis_yx,basis_yy,basis_yz,basis_zx,basis_zy,basis_zz,teleport_flag,throttle_cmd,steering_cmd,cmd_move_cm,cmd_turn_deg,lidar_cm_0,lidar_cm_1,lidar_cm_2,lidar_cm_3,lidar_cm_4,lidar_cm_5,lidar_cm_6,lidar_cm_7,lidar_cm_8,lidar_cm_9,lidar_cm_10,lidar_cm_11,lidar_cm_12,lidar_cm_13,lidar_cm_14,lidar_cm_15,lidar_cm_16,lidar_class_0,lidar_class_1,lidar_class_2,lidar_class_3,lidar_class_4,lidar_class_5,lidar_class_6,lidar_class_7,lidar_class_8,lidar_class_9,lidar_class_10,lidar_class_11,lidar_class_12,lidar_class_13,lidar_class_14,lidar_class_15,lidar_class_16
0,-6886.330,2291.056,389.004,-78.507,0.198770,0.979933,-0.014882,-0.978937,0.199244,0.044546,0.046618,0.005714,0.998896,1,0.08000,-0.11344,4.800,-0.227,-1,400.000,-1,400.000,-1,325.000,325.000,300.000,300.000,550.000,375.000,400.000,-1,875.000,775.000,-1,-1,2,0,2,0,2,0,0,0,0,1,1,1,2,0,0,2,2
1,-6884.455,2281.641,389.449,-78.735,0.194881,0.980717,-0.014653,-0.979729,0.195348,0.044385,0.046391,0.005706,0.998907,0,0.16000,-0.11385,9.600,-0.228,-1,400.000,-1,400.000,-1,325.000,325.000,300.000,300.000,550.000,375.000,400.000,-1,875.000,775.000,-1,-1,2,0,2,0,2,0,0,0,0,1,1,1,2,0,0,2,2
2,-6881.699,2267.508,390.115,-78.964,0.190967,0.981492,-0.014319,-0.980515,0.191420,0.044141,0.046064,0.005611,0.998923,0,0.24000,-0.11469,14.400,-0.229,-1,400.000,-1,400.000,-1,325.000,325.000,300.000,300.000,575.000,400.000,425.000,-1,875.000,775.000,-1,-1,2,0,2,0,2,0,0,0,0,1,1,1,2,0,0,2,2
3,-6878.100,2248.648,391.001,-79.196,0.187011,0.982260,-0.013883,-0.981297,0.187447,0.043811,0.045637,0.005430,0.998943,0,0.32000,-0.11595,19.200,-0.232,-1,400.000,-1,400.000,-1,325.000,325.000,300.000,300.000,600.000,400.000,425.000,-1,875.000,775.000,-1,-1,2,0,2,0,2,0,0,0,0,1,1,1,2,0,0,2,2
4,-6873.698,2225.055,392.105,-79.431,0.182999,0.983023,-0.013349,-0.982078,0.183412,0.043396,0.045107,0.005168,0.998969,0,0.40000,-0.11763,24.000,-0.235,-1,400.000,-1,400.000,-1,325.000,325.000,300.000,300.000,625.000,425.000,450.000,-1,875.000,775.000,-1,-1,2,0,2,0,2,0,0,0,0,1,1,1,2,0,0,2,2
5,-6868.534,2196.722,393.425,-79.671,0.178916,0.983782,-0.012718,-0.982859,0.179303,0.042891,0.044476,0.004826,0.998999,0,0.48000,-0.11973,28.800,-0.239,-1,400.000,-1,400.000,-1,325.000,325.000,300.000,300.000,650.000,450.000,500.000,-1,875.000,775.000,-1,-1,2,0,2,0,2,0,0,0,0,1,1,1,2,0,0,2,2
6,-6862.650,2163.641,394.957,-79.915,0.174747,0.984540,-0.011996,-0.983641,0.175103,0.042294,0.043741,0.004409,0.999033,0,0.56000,-0.12225,33.600,-0.245,-1,400.000,-1,400.000,-1,325.000,325.000,300.000,300.000,700.000,500.000,525.000,-1,875.000,775.000,-1,-1,2,0,2,0,2,0,0,0,0,1,1,1,2,0,0,2,2
7,-6856.246,2125.779,396.702,-80.400,0.166447,0.985987,-0.011182,-0.985117,0.166772,0.041603,0.042885,0.004090,0.999072,0,0.64000,-0.24225,38.400,-0.485,-1,400.000,-1,400.000,-1,325.000,325.000,300.000,300.000,750.000,525.000,550.000,-1,850.000,775.000,-1,-1,2,0,2,0,2,0,0,0,0,1,1,1,2,0,0,2,2
8,-6849.430,2083.120,398.655,-80.922,0.157491,0.987467,-0.010291,-0.986630,0.157783,0.040816,0.041928,0.003725,0.999114,0,0.72000,-0.26099,43.200,-0.522,-1,400.000,-1,400.000,-1,325.000,325.000,300.000,300.000,800.000,575.000,600.000,-1,850.000,750.000,-1,-1,2,0,2,0,2,0,0,0,0,1,1,1,2,0,0,2,2
9,-6842.290,2035.655,400.812,-81.445,0.148501,0.988868,-0.009330,-0.988067,0.148757,0.039931,0.040874,0.003288,0.999159,0,0.80000,-0.26166,48.000,-0.523,-1,400.000,-1,400.000,-1,325.000,325.000,300.000,300.000,875.000,625.000,650.000,-1,850.000,750.000,-1,-1,2,0,2,0,2,0,0,0,0,1,1,1,2,0,0,2,2
10,-6834.914,1983.372,403.112,-81.970,0.139468,0.990190,-0.008539,-0.989425,0.139697,0.039016,0.039826,0.003007,0.999202,0,0.88000,-0.26230,52.800,-0.525,-1,400.000,-1,400.000,-1,325.000,325.000,300.000,300.000,950.000,675.000,700.000,-1,850.000,750.000,-1,-1,2,0,2,0,2,0,0,0,0,1,1,1,2,0,0,2,2
11,-6827.585,1927.739,405.414,-82.495,0.130399,0.991431,-0.007848,-0.990700,0.130605,0.038158,0.038856,0.002799,0.999241,0,0.93523,-0.26289,56.114,-0.526,-1,400.000,-1,400.000,-1,325.000,325.000,300.000,300.000,-1,725.000,750.000,-1,850.000,750.000,-1,-1,2,0,2,0,2,0,0,0,0,2,1,1,2,0,0,2,2
12,-6820.781,1872.143,407.474,-83.022,0.121333,0.992592,-0.006328,-0.991882,0.121486,0.037556,0.038047,0.001720,0.999274,0,0.93352,-0.26336,56.011,-0.527,-1,400.000,-1,400.000,-1,325.000,325.000,300.000,300.000,-1,800.000,800.000,-1,850.000,750.000,-1,-1,2,0,2,0,2,0,0,0,0,2,1,1,2,0,0,2,2
13,-6814.500,1816.592,409.509,-83.550,0.112243,0.993669,-0.004826,-0.992982,0.112345,0.036957,0.037265,0.000644,0.999305,0,0.93176,-0.26369,55.905,-0.527,-1,400.000,-1,400.000,-1,325.000,325.000,300.000,300.000,-1,850.000,875.000,-1,850.000,750.000,-1,-1,2,0,2,0,2,0,0,0,0,2,1,1,2,0,0,2,2
14,-6808.743,1761.091,411.523,-84.077,0.103134,0.994662,-0.003346,-0.993997,0.103188,0.036365,0.036516,-0.000424,0.999333,0,0.92998,-0.26386,55.799,-0.528,-1,400.000,-1,400.000,-1,325.000,325.000,300.000,300.000,-1,900.000,925.000,-1,850.000,750.000,-1,-1,2,0,2,0,2,0,0,0,0,2,1,1,2,0,0,2,2
15,-6803.507,1705.646,413.519,-84.605,0.094014,0.995569,-0.001888,-0.994927,0.094022,0.035781,0.035800,-0.001485,0.999358,0,0.92819,-0.26388,55.691,-0.528,-1,400.000,-1,400.000,-1,325.000,325.000,300.000,300.000,-1,950.000,975.000,-1,850.000,750.000,-1,-1,2,0,2,0,2,0,0,0,0,2,1,1,2,0,0,2,2
16,-6798.790,1650.262,415.497,-85.132,0.084889,0.996390,-0.000450,-0.995771,0.084852,0.035206,0.035118,-0.002540,0.999380,0,0.92641,-0.26374,55.585,-0.527,-1,400.000,-1,400.000,-1,325.000,325.000,300.000,300.000,-1,-1,-1,-1,850.000,750.000,-1,-1,2,0,2,0,2,0,0,0,0,2,2,2,2,0,0,2,2
17,-6794.591,1594.941,417.462,-85.659,0.075764,0.997125,0.000968,-0.996530,0.075685,0.034643,0.034470,-0.003590,0.999399,0,0.92467,-0.26346,55.480,-0.527,-1,400.000,-1,400.000,-1,325.000,325.000,300.000,300.000,-1,-1,-1,-1,850.000,750.000,-1,-1,2,0,2,0,2,0,0,0,0,2,2,2,2,0,0,2,2
18,-6790.907,1539.686,419.413,-86.185,0.066646,0.997774,0.002370,-0.997202,0.066527,0.034091,0.033858,-0.004636,0.999416,0,0.92297,-0.26302,55.378,-0.526,-1,400.000,-1,400.000,-1,325.000,325.000,300.000,300.000,-1,-1,-1,-1,850.000,750.000,-1,-1,2,0,2,0,2,0,0,0,0,2,2,2,2,0,0,2,2
19,-6787.735,1484.497,421.355,-86.710,0.057541,0.998336,0.003757,-0.997788,0.057383,0.033553,0.033281,-0.005679,0.999430,0,0.92133,-0.26244,55.280,-0.525,-1,400.000,-1,400.000,-1,325.000,325.000,300.000,300.000,-1,-1,-1,-1,850.000,750.000,-1,-1,2,0,2,0,2,0,0,0,0,2,2,2,2,0,0,2,2
20,-6785.072,1429.375,423.289,-87.234,0.048455,0.998812,0.005129,-0.998289,0.048260,0.033028,0.032741,-0.006720,0.999441,0,0.91977,-0.26172,55.186,-0.523,-1,400.000,-1,400.000,-1,325.000,325.000,300.000,300.000,-1,-1,-1,-1,850.000,750.000,-1,-1,2,0,2,0,2,0,0,0,0,2,2,2,2,0,0,2,2
21,-6783.311,1379.019,425.061,-87.997,0.035173,0.999361,0.006376,-0.998858,0.034947,0.032570,0.032326,-0.007515,0.999449,0,0.83977,-0.38172,50.386,-0.763,-1,400.000,-1,400.000,-1,325.000,325.000,300.000,300.000,-1,-1,-1,-1,850.000,750.000,-1,-1,2,0,2,0,2,0,0,0,0,2,2,2,2,0,0,2,2
22,-6782.446,1329.433,426.817,-89.001,0.017694,0.999815,0.007597,-0.999331,0.017441,0.032147,0.032009,-0.008160,0.999454,0,0.82656,-0.50172,49.594,-1.003,-1,400.000,-1,400.000,-1,325.000,325.000,300.000,300.000,-1,-1,-1,-1,875.000,750.000,-1,-1,2,0,2,0,2,0,0,0,0,2,2,2,2,0,0,2,2
23,-6782.657,1279.880,428.350,-90.244,-0.003981,0.999953,0.008854,-0.999489,-0.004260,0.031684,0.031720,-0.008723,0.999459,0,0.82588,-0.62172,49.553,-1.243,-1,400.000,-1,400.000,-1,325.000,325.000,300.000,300.000,-1,-1,-1,-1,875.000,750.000,-1,-1,2,0,2,0,2,0,0,0,0,2,2,2,2,0,0,2,2
24,-6784.194,1228.919,429.826,-91.728,-0.029840,0.999502,0.010250,-0.999063,-0.030145,0.031050,0.031344,-0.009314,0.999465,0,0.84974,-0.74172,50.984,-1.483,-1,400.000,-1,400.000,-1,325.000,325.000,300.000,300.000,-1,-1,-1,-1,875.000,750.000,-1,-1,2,0,2,0,2,0,0,0,0,2,2,2,2,0,0,2,2
25,-6787.087,1178.035,431.319,-93.254,-0.056435,0.998339,0.011631,-0.997923,-0.056767,0.030453,0.031062,-0.009889,0.999469,0,0.84944,-0.76344,50.966,-1.527,-1,400.000,-1,400.000,-1,325.000,325.000,300.000,300.000,-1,-1,-1,-1,875.000,750.000,-1,-1,2,0,2,0,2,0,0,0,0,2,2,2,2,0,0,2,2
26,-6791.335,1127.264,432.834,-94.783,-0.083023,0.996463,0.012995,-0.996069,-0.083380,0.029888,0.030866,-0.010463,0.999469,0,0.84915,-0.76439,50.949,-1.529,-1,400.000,-1,400.000,-1,325.000,325.000,300.000,300.000,-1,-1,-1,-1,875.000,750.000,-1,-1,2,0,2,0,2,0,0,0,0,2,2,2,2,0,0,2,2
27,-6796.936,1076.643,434.373,-96.314,-0.109584,0.993874,0.014344,-0.993502,-0.109966,0.029355,0.030752,-0.011034,0.999466,0,0.84882,-0.76530,50.929,-1.531,-1,400.000,-1,375.000,-1,325.000,325.000,300.000,300.000,-1,-1,-1,-1,875.000,750.000,-1,-1,2,0,2,0,2,0,0,0,0,2,2,2,2,0,0,2,2
28,-6803.886,1026.213,435.942,-97.846,-0.136095,0.990572,0.015680,-0.990219,-0.136504,0.028850,0.030719,-0.011600,0.999461,0,0.84845,-0.76617,50.907,-1.532,-1,400.000,-1,375.000,-1,325.000,325.000,300.000,300.000,-1,-1,-1,-1,875.000,775.000,-1,-1,2,0,2,0,2,0,0,0,0,2,2,2,2,0,0,2,2
29,-6812.179,976.010,437.544,-99.380,-0.162537,0.986556,0.017004,-0.986223,-0.162971,0.028372,0.030762,-0.012158,0.999453,0,0.84806,-0.76700,50.884,-1.534,-1,400.000,-1,375.000,-1,325.000,325.000,300.000,300.000,-1,-1,-1,-1,875.000,775.000,-1,-1,2,0,2,0,2,0,0,0,0,2,2,2,2,0,0,2,2
30,-6821.810,926.072,439.182,-100.916,-0.188889,0.981828,0.018317,-0.981513,-0.189349,0.027917,0.030879,-0.012706,0.999442,0,0.84763,-0.76780,50.858,-1.536,-1,400.000,-1,375.000,-1,325.000,325.000,300.000,300.000,-1,-1,-1,-1,875.000,775.000,-1,-1,2,0,2,0,2,0,0,0,0,2,2,2,2,0,0,2,2
31,-6832.770,876.437,440.860,-102.453,-0.215129,0.976388,0.019622,-0.976091,-0.215616,0.027483,0.031065,-0.013240,0.999430,0,0.84717,-0.76855,50.830,-1.537,-1,425.000,-1,375.000,-1,325.000,325.000,300.000,300.000,-1,-1,-1,-1,900.000,775.000,-1,-1,2,0,2,0,2,0,0,0,0,2,2,2,2,0,0,2,2
32,-6845.053,827.144,442.582,-103.991,-0.241238,0.970241,0.020918,-0.969961,-0.241752,0.027065,0.031316,-0.013760,0.999415,0,0.84668,-0.76925,50.801,-1.539,-1,425.000,-1,375.000,-1,325.000,325.000,300.000,300.000,-1,-1,-1,-1,900.000,775.000,-1,-1,2,0,2,0,2,0,0,0,0,2,2,2,2,0,0,2,2
33,-6858.647,778.228,444.352,-105.531,-0.267193,0.963387,0.022204,-0.963124,-0.267735,0.026660,0.031629,-0.014262,0.999398,0,0.84616,-0.76992,50.770,-1.540,-1,425.000,-1,400.000,-1,325.000,325.000,300.000,300.000,-1,-1,-1,-1,925.000,775.000,-1,-1,2,0,2,0,2,0,0,0,0,2,2,2,2,0,0,2,2
34,-6873.542,729.726,446.120,-107.072,-0.292965,0.955829,0.023728,-0.955582,-0.293544,0.026361,0.032162,-0.014951,0.999371,0,0.84562,-0.77053,50.737,-1.541,-1,425.000,-1,400.000,-1,325.000,325.000,300.000,300.000,-1,-1,-1,-1,925.000,775.000,-1,-1,2,0,2,0,2,0,0,0,0,2,2,2,2,0,0,2,2
35,-6889.726,681.676,447.654,-108.614,-0.318520,0.947554,0.026181,-0.947370,-0.319153,0.025135,0.032172,-0.016797,0.999341,0,0.84504,-0.77111,50.703,-1.542,-1,425.000,-1,400.000,-1,325.000,325.000,300.000,300.000,-1,-1,-1,-1,950.000,775.000,-1,-1,2,0,2,0,2,0,0,0,0,2,2,2,2,0,0,2,2
36,-6907.186,634.113,449.170,-110.158,-0.343860,0.938580,0.028781,-0.938476,-0.344543,0.023522,0.031994,-0.018922,0.999309,0,0.84444,-0.77163,50.667,-1.543,-1,425.000,-1,400.000,-1,325.000,325.000,300.000,300.000,-1,-1,-1,-1,950.000,775.000,-1,-1,2,0,2,0,2,0,0,0,0,2,2,2,2,0,0,2,2
37,-6925.907,587.072,450.712,-111.702,-0.368967,0.928916,0.031268,-0.928894,-0.369696,0.021907,0.031910,-0.020962,0.999271,0,0.84382,-0.77211,50.629,-1.544,-1,425.000,-1,400.000,-1,325.000,325.000,300.000,300.000,-1,-1,-1,-1,950.000,775.000,-1,-1,2,0,2,0,2,0,0,0,0,2,2,2,2,0,0,2,2
38,-6945.875,540.588,452.208,-113.247,-0.393823,0.918576,0.033486,-0.918625,-0.394594,0.020591,0.032128,-0.022652,0.999227,0,0.84318,-0.77254,50.591,-1.545,-1,425.000,-1,400.000,-1,325.000,325.000,300.000,325.000,-1,-1,-1,-1,950.000,775.000,-1,-1,2,0,2,0,2,0,0,0,0,2,2,2,2,0,0,2,2
39,-6967.073,494.696,453.519,-114.793,-0.418454,0.907580,0.034557,-0.907686,-0.419223,0.018910,0.031650,-0.023454,0.999224,0,0.84252,-0.77292,50.551,-1.546,-1,425.000,-1,400.000,-1,325.000,325.000,300.000,325.000,-1,-1,-1,-1,950.000,775.000,-1,-1,2,0,2,0,2,0,0,0,0,2,2,2,2,0,0,2,2
40,-6987.200,453.609,454.656,-116.099,-0.439045,0.897782,0.035024,-0.897933,-0.439793,0.017277,0.030914,-0.023864,0.999237,0,0.76252,-0.65292,45.751,-1.306,-1,425.000,-1,400.000,-1,325.000,325.000,300.000,300.000,-1,-1,-1,-1,925.000,750.000,-1,-1,2,0,2,0,2,0,0,0,0,2,2,2,2,0,0,2,2
41,-7007.364,414.315,455.875,-117.164,-0.455687,0.889444,0.035187,-0.889620,-0.456416,0.016144,0.030419,-0.023946,0.999250,0,0.73610,-0.53292,44.166,-1.066,-1,400.000,-1,400.000,-1,325.000,325.000,300.000,300.000,-1,-1,-1,-1,925.000,750.000,-1,-1,2,0,2,0,2,0,0,0,0,2,2,2,2,0,0,2,2
42,-7028.065,375.364,457.114,-117.990,-0.468478,0.882770,0.035287,-0.882972,-0.469186,0.015011,0.029808,-0.024125,0.999264,0,0.73517,-0.41292,44.110,-0.826,-1,400.000,-1,400.000,-1,325.000,325.000,300.000,300.000,-1,-1,-1,-1,950.000,750.000,-1,-1,2,0,2,0,2,0,0,0,0,2,2,2,2,0,0,2,2
43,-7049.130,336.691,458.370,-118.576,-0.477501,0.877920,0.035339,-0.878150,-0.478184,0.013865,0.029071,-0.024412,0.999279,0,0.73397,-0.29292,44.038,-0.586,-1,400.000,-1,400.000,-1,325.000,325.000,300.000,300.000,-1,-1,-1,-1,950.000,750.000,-1,-1,2,0,2,0,2,0,0,0,0,2,2,2,2,0,0,2,2
44,-7070.385,298.222,459.640,-118.922,-0.482813,0.875009,0.035356,-0.875269,-0.483469,0.012692,0.028199,-0.024818,0.999294,0,0.73250,-0.17292,43.950,-0.346,-1,425.000,-1,400.000,-1,325.000,325.000,300.000,300.000,-1,-1,-1,-1,950.000,750.000,-1,-1,2,0,2,0,2,0,0,0,1,2,2,2,2,0,0,2,2
45,-7091.660,259.884,460.919,-119.028,-0.484452,0.874103,0.035353,-0.874395,-0.485078,0.011478,0.027182,-0.025352,0.999309,0,0.73077,-0.05292,43.846,-0.106,-1,425.000,-1,400.000,-1,325.000,325.000,300.000,300.000,-1,-1,-1,-1,950.000,750.000,-1,-1,2,0,2,0,2,0,0,0,1,2,2,2,2,1,0,2,2
46,-7112.789,221.599,462.203,-118.894,-0.482429,0.875222,0.035345,-0.875549,-0.483022,0.010210,0.026008,-0.026021,0.999323,0,0.72880,0.06708,43.728,0.134,-1,425.000,-1,375.000,-1,325.000,325.000,300.000,300.000,-1,-1,-1,-1,-1,775.000,-1,-1,2,0,2,0,2,0,0,0,1,2,2,2,2,2,0,2,2
47,-7133.604,183.293,463.489,-118.519,-0.476731,0.878338,0.035352,-0.878703,-0.477286,0.008873,0.024667,-0.026834,0.999336,0,0.72661,0.18708,43.597,0.374,-1,425.000,-1,375.000,-1,325.000,325.000,300.000,300.000,-1,-1,-1,-1,-1,775.000,-1,-1,2,0,2,0,2,0,0,0,1,2,2,2,2,2,0,2,2
48,-7153.940,144.892,464.613,-117.905,-0.467287,0.883365,0.036191,-0.883789,-0.467823,0.007607,0.023651,-0.028431,0.999316,0,0.72423,0.30708,43.454,0.614,-1,425.000,-1,375.000,-1,325.000,325.000,300.000,300.000,-1,-1,-1,-1,-1,775.000,-1,-1,2,0,2,0,2,0,0,0,1,2,2,2,2,2,0,2,2
49,-7173.632,106.327,465.689,-117.051,-0.454060,0.890191,0.037291,-0.890685,-0.454577,0.006316,0.022574,-0.030347,0.999284,0,0.72169,0.42708,43.301,0.854,-1,425.000,-1,400.000,-1,325.000,325.000,300.000,300.000,-1,-1,-1,-1,-1,800.000,-1,-1,2,0,2,0,2,0,0,0,0,2,2,2,2,2,0,2,2
50,-7192.515,67.537,466.696,-115.957,-0.436973,0.898632,0.038926,-0.899228,-0.437458,0.004497,0.021070,-0.033038,0.999232,0,0.71904,0.54708,43.142,1.094,-1,425.000,-1,400.000,-1,350.000,325.000,300.000,300.000,-1,-1,-1,-1,-1,825.000,-1,-1,2,0,2,0,2,0,0,0,0,2,2,2,2,2,0,2,2
51,-7210.420,28.465,467.536,-114.623,-0.415943,0.908462,0.041082,-0.909196,-0.416365,0.001897,0.018829,-0.036563,0.999154,0,0.71632,0.66708,42.979,1.334,-1,425.000,-1,400.000,-1,350.000,325.000,300.000,300.000,-1,-1,-1,-1,-1,825.000,-1,-1,2,0,2,0,2,0,0,0,0,2,2,2,2,2,0,2,2
52,-7227.181,-10.933,468.348,-113.049,-0.390857,0.919429,0.043376,-0.920307,-0.391197,-0.000708,0.016317,-0.040196,0.999059,0,0.71359,0.78708,42.815,1.574,-1,425.000,-1,400.000,-1,350.000,325.000,300.000,300.000,-1,-1,-1,-1,-1,850.000,-1,-1,2,0,2,0,2,0,0,0,0,2,2,2,2,2,0,2,2
53,-7242.628,-50.692,469.129,-111.235,-0.361599,0.931206,0.045834,-0.932236,-0.361837,-0.003287,0.013524,-0.043917,0.998944,0,0.71090,0.90708,42.654,1.814,-1,425.000,-1,425.000,-1,350.000,350.000,300.000,300.000,-1,-1,-1,-1,-1,875.000,-1,-1,2,0,2,0,2,0,0,0,0,2,2,2,2,2,0,2,2
54,-7256.752,-90.775,469.558,-109.413,-0.331854,0.942135,0.047470,-0.943260,-0.332025,-0.004485,0.011536,-0.046265,0.998863,0,0.70832,0.91060,42.499,1.821,-1,425.000,-1,425.000,-1,350.000,350.000,300.000,300.000,-1,-1,-1,-1,-1,-1,-1,-1,2,0,2,0,2,0,0,0,0,2,2,2,2,2,2,2,2
55,-7269.554,-131.160,469.463,-107.589,-0.301799,0.952220,0.046853,-0.953335,-0.301852,-0.006101,0.008333,-0.046508,0.998883,0,0.70611,0.91240,42.366,1.825,-1,425.000,-1,425.000,-1,350.000,350.000,300.000,300.000,-1,-1,-1,-1,-1,-1,-1,-1,2,0,2,0,2,0,0,0,0,2,2,2,2,2,2,2,2
56,-7281.030,-171.828,469.176,-105.760,-0.271393,0.961382,0.045718,-0.962457,-0.271314,-0.008038,0.004676,-0.046183,0.998922,0,0.70427,0.91439,42.256,1.829,-1,425.000,-1,425.000,-1,350.000,350.000,300.000,300.000,-1,-1,-1,-1,-1,-1,-1,-1,2,0,2,0,2,0,0,0,0,2,2,2,2,2,2,2,2
57,-7291.179,-212.756,468.831,-103.927,-0.240636,0.969587,0.044671,-0.970615,-0.240427,-0.010081,0.000966,-0.045784,0.998951,0,0.70281,0.91655,42.169,1.833,-1,425.000,-1,425.000,-1,350.000,350.000,300.000,300.000,-1,-1,-1,-1,-1,-1,-1,-1,2,0,2,0,2,0,0,0,0,2,2,2,2,2,2,2,2
58,-7300.910,-258.705,468.381,-101.957,-0.207323,0.977299,0.043637,-0.978268,-0.206971,-0.012472,-0.003158,-0.045274,0.998970,0,0.78281,0.98464,46.969,1.969,-1,425.000,-1,425.000,-1,350.000,350.000,300.000,275.000,-1,-1,-1,-1,-1,-1,-1,-1,2,1,2,0,2,0,0,0,0,2,2,2,2,2,2,2,2
59,-7309.144,-305.443,467.861,-99.991,-0.173821,0.983850,0.042730,-0.984750,-0.173329,-0.014993,-0.007345,-0.044685,0.998974,0,0.79096,0.98294,47.458,1.966,-1,475.000,-1,425.000,-1,325.000,325.000,300.000,275.000,-1,-1,-1,-1,-1,-1,-1,-1,2,1,2,0,2,0,0,0,0,2,2,2,2,2,2,2,2
60,-7315.802,-352.640,467.275,-98.030,-0.140180,0.989236,0.041968,-0.990058,-0.139549,-0.017615,-0.011569,-0.044020,0.998964,0,0.79442,0.98095,47.665,1.962,-1,525.000,-1,650.000,-1,325.000,325.000,300.000,275.000,-1,-1,-1,-1,-1,-1,-1,-1,2,1,2,1,2,0,0,0,0,2,2,2,2,2,2,2,2
61,-7320.865,-400.241,466.624,-96.072,-0.106451,0.993457,0.041360,-0.994192,-0.105684,-0.020319,-0.015815,-0.043283,0.998938,0,0.79782,0.97865,47.869,1.957,-1,525.000,-1,925.000,-1,400.000,500.000,300.000,275.000,-1,-1,-1,-1,-1,-1,-1,-1,2,1,2,1,2,1,1,0,0,2,2,2,2,2,2,2,2
62,-7324.319,-448.185,465.920,-94.120,-0.072689,0.996514,0.040953,-0.997152,-0.071785,-0.023121,-0.020101,-0.042517,0.998894,0,0.80114,0.97601,48.068,1.952,-1,550.000,-1,-1,-1,475.000,-1,300.000,275.000,-1,-1,-1,-1,-1,-1,-1,-1,2,1,2,2,2,1,2,0,0,2,2,2,2,2,2,2,2
63,-7326.150,-496.410,465.201,-92.174,-0.038953,0.998404,0.040881,-0.998940,-0.037905,-0.026106,-0.024515,-0.041855,0.998823,0,0.80433,0.97301,48.260,1.946,-1,550.000,-1,-1,-1,525.000,-1,300.000,275.000,-1,-1,-1,-1,-1,-1,-1,-1,2,1,2,2,2,1,2,0,0,2,2,2,2,2,2,2,2
64,-7326.348,-544.852,464.416,-90.235,-0.005288,0.999146,0.040970,-0.999569,-0.004098,-0.029080,-0.028887,-0.041106,0.998737,0,0.80738,0.96962,48.443,1.939,-1,550.000,-1,-1,-1,550.000,-1,300.000,300.000,-1,-1,-1,-1,-1,-1,-1,-1,2,1,2,2,2,1,2,0,0,2,2,2,2,2,2,2,2
65,-7324.909,-593.444,463.567,-88.303,0.028254,0.998751,0.041219,-0.999049,0.029584,-0.032024,-0.033204,-0.040275,0.998637,0,0.81022,0.96581,48.613,1.932,-1,525.000,-1,-1,-1,550.000,-1,300.000,300.000,-1,-1,-1,-1,-1,-1,-1,-1,2,1,2,2,2,1,2,0,0,2,2,2,2,2,2,2,2
66,-7321.830,-642.115,462.543,-86.380,0.061647,0.997248,0.041189,-0.997408,0.063086,-0.034615,-0.037118,-0.038948,0.998552,0,0.81282,0.96154,48.769,1.923,-1,525.000,-1,-1,-1,550.000,-1,300.000,300.000,-1,-1,-1,-1,-1,-1,-1,-1,2,1,2,2,2,1,2,0,0,2,2,2,2,2,2,2,2
67,-7317.124,-690.797,454.648,-84.467,0.095466,0.995243,0.019450,-0.993780,0.096415,-0.055730,-0.057340,-0.014009,0.998256,0,0.81511,0.95678,48.906,1.914,-1,475.000,-1,-1,-1,475.000,700.000,325.000,250.000,-1,-1,-1,-1,725.000,-1,-1,-1,2,1,2,2,2,1,1,0,0,2,2,2,2,1,2,2,2
68,-7310.783,-739.410,446.046,-82.564,0.129566,0.991565,0.003259,-0.988462,0.129419,-0.078703,-0.078461,0.006976,0.996893,0,0.81702,0.95147,49.021,1.903,-1,400.000,-1,-1,-1,400.000,575.000,325.000,200.000,-1,-1,-1,-1,625.000,-1,-1,-1,2,1,2,2,2,1,1,0,0,2,2,2,2,1,2,2,2
69,-7302.824,-787.873,438.057,-80.673,0.163923,0.986412,-0.010992,-0.981663,0.162015,-0.100440,-0.097295,0.027255,0.994882,0,0.81848,0.94557,49.109,1.891,-1,375.000,-1,-1,-1,350.000,500.000,350.000,175.000,-1,-1,-1,-1,550.000,-1,-1,-1,2,1,2,2,2,1,1,0,0,2,2,2,2,1,2,2,2
70,-7292.554,-840.800,430.029,-79.021,0.194590,0.980572,-0.024783,-0.974115,0.190222,-0.122130,-0.115043,0.047907,0.992205,0,0.89848,0.82557,53.909,1.651,750.000,325.000,-1,-1,-1,325.000,425.000,350.000,150.000,-1,-1,-1,-1,475.000,-1,500.000,-1,0,1,2,2,2,1,1,0,0,2,2,2,2,1,2,0,2
71,-7279.950,-898.145,422.090,-77.610,0.221564,0.974383,-0.038567,-0.966262,0.214047,-0.143251,-0.131326,0.069005,0.988935,0,0.97848,0.70557,58.709,1.411,600.000,300.000,-1,-1,-1,300.000,375.000,375.000,150.000,-1,-1,-1,-1,425.000,-1,375.000,-1,0,1,2,2,2,1,1,0,1,2,2,2,2,1,2,0,2
72,-7265.869,-956.474,414.806,-76.439,0.244651,0.968217,-0.051984,-0.958708,0.233535,-0.162299,-0.145000,0.089544,0.985371,0,1.00000,0.58557,60.000,1.171,500.000,275.000,-1,-1,-1,250.000,350.000,400.000,175.000,-1,-1,-1,-1,375.000,-1,300.000,-1,0,1,2,2,2,1,1,0,1,2,2,2,2,1,2,0,2
73,-7250.839,-1014.565,408.321,-75.508,0.263744,0.962383,-0.065261,-0.951910,0.248744,-0.178868,-0.155907,0.109298,0.981706,0,1.00000,0.46557,60.000,0.931,450.000,250.000,-1,-1,-1,250.000,325.000,425.000,225.000,-1,-1,-1,950.000,325.000,-1,250.000,-1,0,1,2,2,2,1,1,0,1,2,2,2,0,1,2,0,2
74,-6887.292,-327.961,452.997,40.720,0.757346,-0.651937,0.037484,0.652756,0.757412,-0.015407,-0.018346,0.036136,0.999178,1,0.00000,0.00000,60.000,0.691,-1,400.000,-1,375.000,425.000,325.000,325.000,325.000,300.000,-1,-1,-1,-1,825.000,550.000,-1,500.000,2,0,2,0,1,0,0,0,0,2,2,2,2,0,1,2,1
75,-6883.641,-324.845,452.937,40.480,0.760067,-0.648761,0.037517,0.649580,0.760138,-0.015372,-0.018546,0.036054,0.999178,0,0.08000,-0.12000,4.800,-0.240,-1,400.000,-1,375.000,425.000,325.000,325.000,325.000,300.000,-1,-1,-1,-1,825.000,550.000,-1,475.000,2,0,2,0,1,0,0,0,0,2,2,2,2,0,1,2,1
76,-6876.287,-318.674,452.745,40.000,0.765481,-0.642380,0.037229,0.643186,0.765559,-0.015234,-0.018715,0.035607,0.999191,0,0.16000,-0.24000,9.600,-0.480,-1,400.000,-1,375.000,400.000,325.000,325.000,325.000,300.000,-1,-1,-1,-1,825.000,550.000,-1,475.000,2,0,2,0,1,0,0,0,0,2,2,2,2,0,1,2,1
77,-6865.140,-309.558,452.451,39.280,0.773502,-0.632724,0.036802,0.633510,0.773589,-0.015029,-0.018960,0.034939,0.999210,0,0.24000,-0.36000,14.400,-0.720,-1,400.000,-1,375.000,400.000,325.000,325.000,325.000,300.000,-1,-1,-1,-1,825.000,525.000,-1,450.000,2,0,2,0,1,0,0,0,0,2,2,2,2,0,1,2,1
78,-6850.076,-297.653,452.050,38.320,0.784007,-0.619693,0.036241,0.620453,0.784105,-0.014754,-0.019273,0.034053,0.999234,0,0.32000,-0.48000,19.200,-0.960,-1,400.000,-1,375.000,375.000,325.000,325.000,325.000,300.000,-1,-1,-1,-1,825.000,525.000,-1,425.000,2,0,2,1,1,0,0,0,0,2,2,2,2,0,1,2,1
79,-6830.939,-283.169,451.536,37.120,0.796828,-0.603159,0.035554,0.603886,0.796940,-0.014412,-0.019642,0.032954,0.999264,0,0.40000,-0.60000,24.000,-1.200,-1,400.000,-1,375.000,350.000,325.000,325.000,325.000,300.000,-1,-1,-1,-1,825.000,500.000,-1,400.000,2,0,2,1,1,0,0,0,0,2,2,2,2,0,1,2,1
80,-6807.545,-266.372,450.900,35.680,0.811753,-0.582966,0.034749,0.583656,0.811880,-0.014001,-0.020050,0.031647,0.999298,0,0.48000,-0.72000,28.800,-1.440,-1,400.000,-1,350.000,350.000,325.000,325.000,325.000,300.000,-1,-1,-1,-1,800.000,475.000,-1,375.000,2,0,2,1,1,0,0,0,0,2,2,2,2,0,1,2,1
81,-6779.688,-247.583,450.132,34.000,0.828518,-0.558939,0.033837,0.559588,0.828661,-0.013524,-0.020481,0.030140,0.999336,0,0.56000,-0.84000,33.600,-1.680,-1,400.000,-1,325.000,300.000,325.000,325.000,325.000,300.000,-1,-1,-1,-1,800.000,450.000,-1,350.000,2,0,2,1,1,0,1,0,0,2,2,2,2,0,1,2,1
82,-6747.151,-227.189,449.222,32.080,0.846806,-0.530888,0.032829,0.531491,0.846965,-0.012983,-0.020912,0.028443,0.999377,0,0.64000,-0.96000,38.400,-1.920,-1,400.000,-1,325.000,275.000,325.000,300.000,325.000,300.000,-1,-1,-1,-1,800.000,425.000,-1,300.000,2,0,2,1,1,0,1,0,0,2,2,2,2,0,1,2,1
83,-6709.769,-205.538,448.246,30.080,0.864842,-0.501035,0.031826,0.501583,0.865026,-0.011986,-0.021525,0.026329,0.999422,0,0.72000,-1.00000,43.200,-2.000,-1,400.000,-1,300.000,250.000,325.000,275.000,325.000,300.000,-1,-1,-1,-1,800.000,400.000,-1,275.000,2,1,2,1,1,1,1,0,0,2,2,2,2,0,1,2,1
84,-6668.531,-183.538,447.157,28.080,0.881825,-0.470567,0.030849,0.471060,0.882034,-0.010892,-0.022085,0.024136,0.999465,0,0.77897,-1.00000,46.738,-2.000,-1,400.000,-1,275.000,225.000,300.000,275.000,325.000,300.000,-1,-1,-1,-1,800.000,375.000,-1,225.000,2,1,2,1,1,1,1,0,0,2,2,2,2,0,1,2,1
85,-6626.403,-162.919,446.550,26.080,0.897797,-0.439537,0.027707,0.439907,0.898001,-0.008741,-0.021038,0.020036,0.999578,0,0.78172,-1.00000,46.903,-2.000,-1,400.000,-1,250.000,175.000,300.000,250.000,325.000,325.000,-1,925.000,-1,-1,800.000,350.000,-1,200.000,2,1,2,1,1,1,1,0,0,2,0,2,2,0,1,2,1
86,-6583.430,-143.716,449.886,24.080,0.912943,-0.408012,0.007829,0.408007,0.912976,0.002280,-0.008078,0.001113,0.999967,0,0.78449,-1.00000,47.070,-2.000,-1,425.000,-1,250.000,175.000,300.000,250.000,300.000,350.000,-1,250.000,525.000,-1,875.000,350.000,-1,200.000,2,0,2,1,1,1,1,0,0,2,0,0,2,0,1,2,1
87,-6539.657,-125.957,453.159,22.080,0.926616,-0.375842,-0.011186,0.375977,0.926515,0.014571,0.004888,-0.017707,0.999831,0,0.78729,-1.00000,47.237,-2.000,-1,450.000,-1,250.000,175.000,325.000,250.000,300.000,400.000,-1,175.000,325.000,-1,950.000,350.000,-1,175.000,2,0,2,1,1,1,1,0,0,2,0,0,2,0,1,2,1
88,-6495.135,-109.677,456.397,20.080,0.938838,-0.343103,-0.029377,0.343892,0.938587,0.028148,0.017915,-0.036529,0.999172,0,0.79010,-1.00000,47.406,-2.000,-1,500.000,-1,250.000,175.000,325.000,250.000,275.000,450.000,850.000,125.000,250.000,-1,-1,350.000,-1,175.000,2,0,2,1,1,1,1,0,1,1,0,0,2,2,1,2,1
89,-6449.910,-94.905,459.876,18.080,0.949650,-0.309884,-0.046216,0.311794,0.949214,0.042170,0.030801,-0.054456,0.998041,0,0.79291,-1.00000,47.575,-2.000,-1,525.000,-1,250.000,150.000,325.000,250.000,275.000,475.000,625.000,100.000,225.000,-1,-1,350.000,-1,175.000,2,0,2,1,1,1,1,0,1,0,0,0,2,2,1,2,1
90,-6404.036,-81.672,463.964,16.080,0.958973,-0.276296,-0.063496,0.279781,0.958507,0.054657,0.045760,-0.070180,0.996484,0,0.79572,-1.00000,47.743,-2.000,-1,575.000,-1,250.000,150.000,350.000,250.000,275.000,475.000,500.000,50.000,200.000,-1,-1,350.000,-1,175.000,2,0,2,1,1,1,1,0,1,0,0,0,2,2,1,2,1
91,-6357.564,-70.005,468.046,14.080,0.966868,-0.242365,-0.080158,0.247940,0.966323,0.068890,0.060762,-0.086482,0.994399,0,0.79851,-1.00000,47.911,-2.000,-1,625.000,-1,250.000,150.000,350.000,250.000,250.000,500.000,425.000,50.000,175.000,-1,-1,350.000,-1,175.000,2,0,2,1,1,1,1,0,1,0,0,0,2,2,1,2,1
92,-6310.551,-59.930,472.215,12.080,0.973340,-0.208159,-0.096323,0.216384,0.972633,0.084638,0.076069,-0.103224,0.991745,0,0.80128,-1.00000,48.077,-2.000,-1,675.000,-1,250.000,150.000,375.000,275.000,250.000,500.000,350.000,25.000,175.000,-1,-1,350.000,-1,150.000,2,0,2,1,1,1,1,0,1,0,0,0,2,2,1,2,1
93,4919.493,8199.150,360.702,-101.960,-0.207521,0.978225,0.003217,-0.977406,-0.207210,-0.041737,-0.040162,-0.011806,0.999123,1,0.00000,0.00000,48.240,-2.000,250.000,400.000,-1,475.000,800.000,375.000,375.000,150.000,175.000,-1,-1,225.000,-1,650.000,775.000,-1,-1,1,1,2,0,1,0,1,1,1,2,2,1,2,1,0,2,2
94,-4919.490,4263.576,299.167,-6.256,0.994053,0.108817,0.004261,-0.108891,0.992685,0.052148,0.001444,-0.052302,0.998630,1,0.00000,0.00000,4.800,0.240,-1,400.000,-1,400.000,-1,325.000,325.000,300.000,300.000,-1,-1,-1,600.000,775.000,825.000,-1,-1,2,0,2,0,2,0,0,0,0,2,2,2,1,0,0,2,2
95,-4924.263,4264.079,299.165,-6.016,0.994499,0.104657,0.004201,-0.104734,0.993130,0.052189,0.001290,-0.052342,0.998628,0,-0.08000,0.12000,-4.800,0.240,-1,400.000,-1,400.000,-1,325.000,325.000,300.000,300.000,-1,-1,-1,600.000,775.000,825.000,-1,-1,2,0,2,0,2,0,0,0,0,2,2,2,1,0,0,2,2
96,-4932.746,4264.937,299.161,-5.773,0.994934,0.100445,0.004090,-0.100521,0.993561,0.052268,0.001186,-0.052414,0.998625,0,-0.14209,0.12147,-8.526,0.243,-1,400.000,-1,400.000,-1,325.000,325.000,300.000,300.000,-1,-1,-1,600.000,775.000,825.000,-1,-1,2,0,2,0,2,0,0,0,0,2,2,2,1,0,0,2,2
97,-4941.260,4265.761,299.160,-5.531,0.995349,0.096253,0.003980,-0.096329,0.993972,0.052347,0.001082,-0.052487,0.998621,0,-0.14256,0.12083,-8.554,0.242,-1,400.000,-1,400.000,-1,325.000,325.000,300.000,300.000,-1,-1,1000.000,600.000,775.000,825.000,-1,-1,2,0,2,0,2,0,0,0,0,2,2,1,1,0,0,2,2
98,-4949.805,4266.553,299.160,-5.291,0.995744,0.092082,0.003871,-0.092158,0.994363,0.052426,0.000979,-0.052560,0.998617,0,-0.14303,0.12019,-8.582,0.240,-1,400.000,-1,400.000,-1,325.000,325.000,300.000,300.000,-1,-1,1000.000,575.000,775.000,825.000,-1,-1,2,0,2,0,2,0,0,0,0,2,2,1,1,0,0,2,2
99,-4958.382,4267.311,299.161,-5.052,0.996119,0.087931,0.003761,-0.088007,0.994735,0.052506,0.000875,-0.052633,0.998614,0,-0.14350,0.11955,-8.610,0.239,-1,400.000,-1,400.000,-1,325.000,325.000,300.000,300.000,-1,1000.000,975.000,575.000,775.000,825.000,-1,-1,2,0,2,0,2,0,0,0,0,2,1,1,1,0,0,2,2
100,-4966.990,4268.036,299.164,-4.814,0.996476,0.083802,0.003653,-0.083878,0.995088,0.052586,0.000772,-0.052707,0.998610,0,-0.14397,0.11890,-8.638,0.238,-1,400.000,-1,400.000,-1,325.000,325.000,300.000,300.000,-1,1000.000,975.000,575.000,775.000,825.000,-1,-1,2,0,2,0,2,0,0,0,0,2,1,1,1,0,0,2,2
101,-4975.629,4268.728,299.169,-4.577,0.996813,0.079693,0.003544,-0.079769,0.995421,0.052667,0.000669,-0.052782,0.998606,0,-0.14445,0.11825,-8.667,0.237,-1,400.000,-1,400.000,-1,325.000,325.000,300.000,300.000,-1,975.000,975.000,550.000,775.000,825.000,-1,-1,2,0,2,0,2,0,0,0,0,2,1,1,1,0,0,2,2
102,-4984.300,4269.386,299.175,-4.342,0.997132,0.075606,0.003436,-0.075682,0.995736,0.052748,0.000566,-0.052857,0.998602,0,-0.14492,0.11760,-8.695,0.235,-1,400.000,-1,400.000,-1,325.000,325.000,300.000,300.000,-1,975.000,950.000,550.000,775.000,825.000,-1,-1,2,0,2,0,2,0,0,0,0,2,1,1,1,0,0,2,2
103,-4993.001,4270.011,299.183,-4.108,0.997432,0.071540,0.003329,-0.071616,0.996032,0.052830,0.000464,-0.052933,0.998598,0,-0.14539,0.11695,-8.724,0.234,-1,400.000,-1,400.000,-1,325.000,325.000,300.000,300.000,-1,975.000,950.000,550.000,775.000,825.000,-1,-1,2,0,2,0,2,0,0,0,0,2,1,1,1,0,0,2,2
104,-5001.733,4270.603,299.192,-3.876,0.997714,0.067496,0.003222,-0.067572,0.996310,0.052912,0.000362,-0.053009,0.998594,0,-0.14587,0.11629,-8.752,0.233,-1,400.000,-1,400.000,-1,325.000,325.000,300.000,300.000,-1,950.000,950.000,550.000,775.000,825.000,-1,-1,2,0,2,0,2,0,0,0,0,2,1,1,1,0,0,2,2
105,-5010.496,4271.161,299.203,-3.644,0.997979,0.063474,0.003115,-0.063550,0.996571,0.052995,0.000260,-0.053085,0.998590,0,-0.14635,0.11563,-8.781,0.231,-1,400.000,-1,400.000,-1,325.000,325.000,300.000,300.000,-1,950.000,925.000,525.000,775.000,825.000,-1,-1,2,0,2,0,2,0,0,0,0,2,1,1,1,0,0,2,2
106,-5019.290,4271.686,299.216,-3.414,0.998225,0.059474,0.003008,-0.059550,0.996813,0.053077,0.000158,-0.053162,0.998586,0,-0.14682,0.11497,-8.809,0.230,-1,400.000,-1,400.000,-1,325.000,325.000,300.000,300.000,-1,925.000,925.000,525.000,775.000,825.000,-1,-1,2,0,2,0,2,0,0,0,0,2,1,1,1,0,0,2,2
107,-5028.114,4272.177,299.230,-3.186,0.998455,0.055496,0.002902,-0.055572,0.997038,0.053161,0.000057,-0.053240,0.998582,0,-0.14730,0.11431,-8.838,0.229,-1,400.000,-1,400.000,-1,325.000,325.000,300.000,300.000,-1,925.000,900.000,525.000,750.000,825.000,-1,-1,2,0,2,0,2,0,0,0,0,2,1,1,1,0,0,2,2
108,-5036.969,4272.635,299.246,-2.959,0.998667,0.051540,0.002796,-0.051616,0.997247,0.053245,-0.000044,-0.053318,0.998578,0,-0.14778,0.11364,-8.867,0.227,-1,400.000,-1,400.000,-1,325.000,325.000,300.000,300.000,-1,925.000,900.000,500.000,750.000,825.000,-1,-1,2,0,2,0,2,0,0,0,0,2,1,1,1,0,0,2,2
109,-5045.854,4273.059,299.264,-2.733,0.998863,0.047607,0.002690,-0.047683,0.997438,0.053329,-0.000144,-0.053396,0.998573,0,-0.14825,0.11297,-8.895,0.226,-1,400.000,-1,400.000,-1,325.000,325.000,300.000,300.000,-1,900.000,900.000,500.000,750.000,825.000,-1,-1,2,0,2,0,2,0,0,0,0,2,1,1,1,0,0,2,2
110,-5054.769,4273.449,299.284,-2.508,0.999042,0.043697,0.002584,-0.043772,0.997613,0.053413,-0.000244,-0.053475,0.998569,0,-0.14873,0.11230,-8.924,0.225,-1,400.000,-1,400.000,-1,325.000,325.000,300.000,300.000,-1,900.000,875.000,500.000,750.000,825.000,-1,-1,2,0,2,0,2,0,0,0,0,2,1,1,1,0,0,2,2
111,-5063.715,4273.806,299.305,-2.285,0.999204,0.039809,0.002478,-0.039885,0.997771,0.053499,-0.000343,-0.053555,0.998565,0,-0.14921,0.11163,-8.953,0.223,-1,400.000,-1,400.000,-1,325.000,325.000,300.000,300.000,-1,875.000,875.000,475.000,750.000,825.000,-1,-1,2,0,2,0,2,0,0,0,0,2,1,1,1,0,0,2,2
112,-5067.865,4273.938,299.316,-1.822,0.999493,0.031741,0.002440,-0.031826,0.998060,0.053520,-0.000737,-0.053570,0.998564,0,-0.06921,0.23163,-4.153,0.463,-1,400.000,-1,400.000,-1,325.000,325.000,300.000,300.000,-1,875.000,875.000,475.000,750.000,825.000,-1,-1,2,0,2,0,2,0,0,0,0,2,1,1,1,0,0,2,2
113,-5067.218,4273.926,299.314,-1.118,0.999807,0.019488,0.002470,-0.019593,0.998377,0.053477,-0.001424,-0.053515,0.998566,0,0.01079,0.35163,0.647,0.703,-1,400.000,-1,400.000,-1,325.000,325.000,300.000,300.000,-1,875.000,600.000,500.000,750.000,825.000,-1,-1,2,0,2,0,2,0,0,0,0,2,1,1,1,0,0,2,2
114,-5061.771,4273.909,299.292,-0.175,0.999992,0.003050,0.002567,-0.003183,0.998570,0.053372,-0.002401,-0.053379,0.998571,0,0.09079,0.47163,5.447,0.943,-1,400.000,-1,400.000,-1,325.000,325.000,300.000,300.000,-1,875.000,425.000,500.000,750.000,825.000,-1,-1,2,0,2,0,2,0,0,0,0,2,1,1,1,0,0,2,2
115,-5051.526,4274.090,299.238,1.008,0.999842,-0.017571,0.002732,0.017401,0.998432,0.053206,-0.003662,-0.053150,0.998580,0,0.17079,0.59163,10.247,1.183,-1,400.000,-1,400.000,-1,325.000,325.000,300.000,300.000,-1,900.000,375.000,525.000,750.000,825.000,-1,-1,2,0,2,0,2,0,0,0,0,2,1,1,1,0,0,2,2
116,-5036.491,4274.696,299.143,2.311,0.999184,-0.040273,0.002957,0.040060,0.997791,0.052987,-0.005085,-0.052826,0.998591,0,0.25079,0.65155,15.047,1.303,-1,400.000,-1,400.000,-1,325.000,325.000,300.000,300.000,-1,900.000,350.000,550.000,750.000,825.000,-1,-1,2,0,2,0,2,0,0,0,0,2,1,1,1,0,0,2,2
117,-5016.683,4275.948,298.994,3.617,0.998008,-0.062997,0.003238,0.062739,0.996637,0.052721,-0.006549,-0.052413,0.998604,0,0.33079,0.65274,19.847,1.305,-1,400.000,-1,400.000,-1,325.000,325.000,300.000,300.000,-1,925.000,350.000,600.000,750.000,825.000,-1,-1,2,0,2,0,2,0,0,0,0,2,1,1,1,0,0,2,2
118,-4992.127,4278.064,298.782,4.925,0.996311,-0.085744,0.003571,0.085441,0.994964,0.052406,-0.008047,-0.051908,0.998619,0,0.41079,0.65434,24.647,1.309,-1,400.000,-1,400.000,-1,325.000,325.000,300.000,300.000,-1,925.000,375.000,650.000,750.000,825.000,-1,-1,2,0,2,0,2,0,0,0,0,2,1,1,1,0,0,2,2
119,-4962.854,4281.264,298.498,6.238,0.994087,-0.108518,0.003951,0.108168,0.992769,0.052043,-0.009570,-0.051308,0.998637,0,0.49079,0.65634,29.447,1.313,-1,400.000,-1,400.000,-1,325.000,325.000,300.000,300.000,-1,775.000,375.000,750.000,725.000,825.000,-1,-1,2,0,2,0,2,0,0,0,0,2,1,1,1,0,0,2,2
120,-4928.905,4285.767,298.131,7.556,0.991330,-0.131322,0.004374,0.130924,0.990047,0.051629,-0.011111,-0.050609,0.998657,0,0.57079,0.65877,34.247,1.318,-1,400.000,-1,400.000,-1,325.000,325.000,300.000,300.000,-1,675.000,425.000,825.000,725.000,825.000,-1,-1,2,0,2,0,2,0,0,0,0,2,1,1,1,0,0,2,2
121,-4890.325,4291.793,297.673,8.879,0.988035,-0.154156,0.004833,0.153712,0.986790,0.051163,-0.012656,-0.049808,0.998679,0,0.65079,0.66163,39.047,1.323,-1,375.000,-1,400.000,-1,325.000,325.000,300.000,300.000,-1,625.000,450.000,975.000,725.000,825.000,-1,-1,2,0,2,0,2,0,0,0,0,2,1,1,1,0,0,2,2
122,-4847.172,4299.564,297.117,10.209,0.984192,-0.177024,0.005320,0.176534,0.982991,0.050640,-0.014194,-0.048901,0.998703,0,0.73079,0.66492,43.847,1.330,-1,375.000,-1,400.000,-1,325.000,325.000,300.000,300.000,-1,600.000,500.000,-1,725.000,800.000,-1,-1,2,0,2,0,2,0,0,0,0,2,1,1,2,0,0,2,2
123,-4801.378,4308.919,296.482,11.546,0.979794,-0.199927,0.005809,0.199394,0.978639,0.050082,-0.015697,-0.047912,0.998728,0,0.77901,0.66866,46.740,1.337,-1,375.000,-1,400.000,-1,325.000,325.000,300.000,300.000,-1,625.000,550.000,-1,725.000,800.000,-1,-1,2,0,2,0,2,0,0,0,0,2,1,1,2,0,0,2,2
124,-4755.654,4319.384,295.804,12.891,0.974830,-0.222859,0.006269,0.222288,0.973723,0.049522,-0.017141,-0.046882,0.998753,0,0.78178,0.67267,46.907,1.345,-1,375.000,-1,400.000,-1,325.000,325.000,300.000,300.000,-1,650.000,575.000,-1,700.000,800.000,-1,-1,2,0,2,0,2,0,0,0,0,2,1,1,2,0,0,2,2
125,-4710.021,4330.968,295.084,14.245,0.969295,-0.245809,0.006699,0.245202,0.968235,0.048956,-0.018520,-0.045810,0.998778,0,0.78468,0.67673,47.081,1.353,-1,375.000,-1,400.000,-1,325.000,325.000,300.000,300.000,-1,675.000,625.000,-1,700.000,800.000,-1,-1,2,0,2,0,2,0,0,0,0,2,1,1,2,0,0,2,2
126,-4660.569,4344.910,294.197,15.745,0.962529,-0.271088,0.007029,0.270456,0.961530,0.048091,-0.019795,-0.044388,0.998818,0,0.85632,0.75001,51.379,1.500,-1,375.000,-1,400.000,-1,325.000,325.000,300.000,300.000,-1,700.000,700.000,-1,700.000,800.000,-1,-1,2,0,2,0,2,0,0,0,0,2,1,1,2,0,0,2,2
127,-4611.341,4360.192,293.098,17.248,0.955085,-0.296242,0.007279,0.295605,0.954175,0.046550,-0.020735,-0.042307,0.998889,0,0.85910,0.75150,51.546,1.503,-1,375.000,-1,400.000,-1,325.000,325.000,300.000,300.000,-1,750.000,750.000,-1,-1,775.000,-1,-1,2,0,2,0,2,0,0,0,0,2,1,1,2,2,0,2,2
128,-4562.371,4376.818,291.945,18.754,0.946966,-0.321244,0.007601,0.320605,0.946145,0.044971,-0.021638,-0.040149,0.998959,0,0.86193,0.75296,51.716,1.506,-1,375.000,-1,400.000,-1,325.000,325.000,300.000,300.000,-1,800.000,800.000,-1,-1,775.000,-1,-1,2,0,2,0,2,0,0,0,0,2,1,1,2,2,0,2,2
129,-4513.694,4394.787,290.801,20.263,0.938177,-0.346071,0.007660,0.345439,0.937429,0.043566,-0.022257,-0.038227,0.999021,0,0.86480,0.75438,51.888,1.509,-1,375.000,-1,400.000,-1,300.000,325.000,300.000,300.000,-1,850.000,875.000,-1,-1,775.000,-1,-1,2,0,2,0,2,0,0,0,0,2,1,1,2,2,0,2,2
130,-4465.346,4414.099,289.657,21.774,0.928723,-0.370701,0.007334,0.370089,0.928029,0.042378,-0.022516,-0.036643,0.999075,0,0.86771,0.75579,52.063,1.512,-1,375.000,-1,400.000,-1,300.000,325.000,300.000,300.000,-1,900.000,925.000,-1,-1,750.000,-1,-1,2,0,2,0,2,0,0,0,0,2,1,1,2,2,0,2,2
131,-4417.363,4434.751,288.498,23.289,0.918604,-0.395118,0.006964,0.394529,0.917959,0.041204,-0.022673,-0.035103,0.999126,0,0.87066,0.75717,52.239,1.514,-1,375.000,-1,400.000,-1,300.000,325.000,300.000,300.000,-1,950.000,975.000,-1,-1,750.000,-1,-1,2,0,2,0,2,0,0,0,0,2,1,1,2,2,0,2,2
132,-4369.780,4456.742,287.332,24.806,0.907822,-0.419305,0.006539,0.418740,0.907224,0.040011,-0.022709,-0.033585,0.999178,0,0.87364,0.75854,52.419,1.517,-1,375.000,-1,400.000,-1,300.000,325.000,300.000,300.000,-1,1000.000,-1,-1,-1,750.000,-1,-1,2,0,2,0,2,0,0,0,0,2,1,2,2,2,0,2,2
133,-4322.636,4480.068,286.164,26.325,0.896382,-0.443241,0.006060,0.442704,0.895828,0.038797,-0.022626,-0.032094,0.999229,0,0.87666,0.75990,52.600,1.520,-1,400.000,-1,400.000,-1,300.000,325.000,300.000,300.000,-1,-1,-1,-1,-1,750.000,-1,-1,2,1,2,0,2,0,0,0,0,2,2,2,2,2,0,2,2
134,-4275.966,4504.723,284.998,27.848,0.884289,-0.466907,0.005530,0.466401,0.883776,0.037559,-0.022423,-0.030634,0.999279,0,0.87971,0.76125,52.782,1.522,-1,450.000,-1,400.000,-1,300.000,325.000,300.000,300.000,-1,-1,-1,-1,-1,750.000,-1,-1,2,1,2,0,2,0,0,0,0,2,2,2,2,2,0,2,2
135,-4229.808,4530.703,283.732,29.373,0.871551,-0.490279,0.005036,0.489791,0.871061,0.036836,-0.022447,-0.029638,0.999309,0,0.88278,0.76260,52.967,1.525,-1,600.000,-1,375.000,-1,300.000,325.000,300.000,325.000,-1,-1,950.000,-1,-1,725.000,-1,-1,2,1,2,0,2,0,0,0,0,2,2,0,2,2,0,2,2
136,-4184.202,4558.000,281.860,30.901,0.858191,-0.513307,0.004898,0.512751,0.857638,0.039286,-0.024367,-0.031204,0.999216,0,0.88587,0.76396,53.152,1.528,-1,700.000,-1,375.000,-1,300.000,300.000,300.000,325.000,-1,-1,-1,-1,-1,725.000,-1,-1,2,1,2,0,2,1,0,0,0,2,2,2,2,2,0,2,2
137,-4139.183,4586.606,279.698,32.432,0.844216,-0.535983,0.004683,0.535315,0.843542,0.043305,-0.027161,-0.034052,0.999051,0,0.88897,0.76534,53.338,1.531,-1,775.000,-1,375.000,-1,350.000,300.000,275.000,325.000,-1,-1,-1,-1,-1,700.000,-1,-1,2,1,2,0,2,1,0,0,0,2,2,2,2,2,0,2,2
