timestep,x_cm,y_cm,z_cm,yaw_deg,basis_xx,basis_xy,basis_xz,basis_yx,basis_yy,basis_yz,basis_zx,basis_zy,basis_zz,teleport_flag,throttle_cmd,steering_cmd,cmd_move_cm,cmd_turn_deg,lidar_cm_0,lidar_cm_1,lidar_cm_2,lidar_cm_3,lidar_cm_4,lidar_cm_5,lidar_cm_6,lidar_cm_7,lidar_cm_8,lidar_cm_9,lidar_cm_10,lidar_cm_11,lidar_cm_12,lidar_cm_13,lidar_cm_14,lidar_cm_15,lidar_cm_16,lidar_class_0,lidar_class_1,lidar_class_2,lidar_class_3,lidar_class_4,lidar_class_5,lidar_class_6,lidar_class_7,lidar_class_8,lidar_class_9,lidar_class_10,lidar_class_11,lidar_class_12,lidar_class_13,lidar_class_14,lidar_class_15,lidar_class_16
0,3580.896,4413.628,83.860,-130.422,-0.648401,0.761298,0.001588,-0.761273,-0.648394,0.006890,0.006275,0.003259,0.999975,0,0.59049,-0.22494,0.324,-0.007,-1,823.088,-1,709.842,-1,609.953,588.326,648.377,529.049,-1,-1,-1,-1,-1,-1,-1,-1,2,0,2,0,2,0,0,0,0,2,2,2,2,2,2,2,2
1,3580.218,4412.649,84.570,-130.436,-0.648571,0.761152,0.001712,-0.761108,-0.648555,0.009574,0.008398,0.004906,0.999953,0,0.59051,-0.22488,1.191,-0.014,-1,833.479,-1,716.915,-1,617.643,595.182,655.486,527.641,-1,-1,-1,-1,-1,-1,-1,-1,2,0,2,0,2,0,0,0,0,2,2,2,2,2,2,2,2
2,3579.005,4410.966,84.153,-130.447,-0.648685,0.761051,0.003034,-0.760945,-0.648653,0.014562,0.013050,0.007138,0.999889,0,0.59055,-0.22477,2.074,-0.011,-1,849.557,-1,727.744,-1,628.911,605.192,661.200,521.944,-1,-1,-1,-1,-1,-1,-1,-1,2,0,2,0,2,0,0,0,0,2,2,2,2,2,2,2,2
3,3577.265,4408.700,82.768,-130.456,-0.648740,0.760995,0.004714,-0.760766,-0.648677,0.021305,0.019271,0.010235,0.999762,0,0.59057,-0.22471,2.858,-0.009,-1,869.388,-1,739.628,-1,641.888,616.630,666.756,511.783,-1,-1,-1,-1,-1,-1,-1,-1,2,0,2,0,2,0,0,0,0,2,2,2,2,2,2,2,2
4,3575.041,4405.937,80.868,-130.459,-0.648704,0.761015,0.006210,-0.760628,-0.648600,0.027615,0.025043,0.013191,0.999599,0,0.59058,-0.22468,3.547,-0.004,-1,886.666,-1,748.324,-1,652.659,625.971,670.286,500.342,-1,-1,-1,-1,-1,-1,-1,13.336,2,0,2,0,2,0,0,0,0,2,2,2,2,2,2,2,1
5,3572.494,4402.756,78.987,-130.448,-0.648503,0.761182,0.006772,-0.760698,-0.648366,0.030996,0.027984,0.014949,0.999497,0,0.59057,-0.22471,4.075,0.011,-1,893.052,-1,749.993,14.284,656.111,628.423,670.031,491.018,-1,-1,-1,-1,-1,-1,-1,25.393,2,0,2,0,1,0,0,0,0,2,2,2,2,2,2,2,1
6,3569.706,4399.163,77.450,-130.424,-0.648191,0.761452,0.006235,-0.760984,-0.648044,0.030693,0.027412,0.015150,0.999509,0,0.59051,-0.22491,4.548,0.024,-1,886.198,-1,743.758,14.317,651.015,623.273,666.150,485.232,-1,-1,-1,-1,-1,-1,-1,25.244,2,0,2,0,1,0,0,0,0,2,2,2,2,2,2,2,1
7,3566.689,4395.089,76.395,-130.392,-0.647831,0.761766,0.005238,-0.761408,-0.647712,0.026966,0.023934,0.013481,0.999623,0,0.59040,-0.22524,5.069,0.031,-1,868.567,-1,732.250,14.349,639.430,612.626,658.250,483.958,-1,-1,-1,-1,-1,-1,-1,25.112,2,0,2,0,1,0,0,0,0,2,2,2,2,2,2,2,1
8,3563.436,4390.448,75.801,-130.349,-0.647325,0.762202,0.004333,-0.761985,-0.647259,0.020844,0.018692,0.010192,0.999773,0,0.59026,-0.22567,5.668,0.044,-1,845.092,-1,718.669,14.384,624.680,599.449,647.330,486.782,-1,-1,-1,-1,-1,-1,-1,24.973,2,0,2,0,1,0,0,0,0,2,2,2,2,2,2,2,1
9,3559.965,4385.249,75.564,-130.299,-0.646716,0.762722,0.003675,-0.762621,-0.646697,0.013846,0.012937,0.006152,0.999897,0,0.59007,-0.22623,6.251,0.050,-1,821.130,-1,705.268,14.367,610.031,586.672,635.801,491.968,-1,-1,-1,-1,-1,-1,-1,25.044,2,0,2,0,1,0,0,0,0,2,2,2,2,2,2,2,1
10,3556.045,4379.481,75.699,-130.256,-0.646183,0.763170,0.004408,-0.763130,-0.646196,0.008030,0.008977,0.001825,0.999958,0,0.58985,-0.22689,6.973,0.042,10.337,804.465,-1,698.821,14.316,601.077,579.674,624.997,498.960,-1,-1,-1,-1,-1,-1,9.416,25.249,1,0,2,0,1,0,0,0,0,2,2,2,2,2,2,1,1
11,3551.587,4373.081,76.095,-130.215,-0.645641,0.763615,0.006353,-0.763605,-0.645669,0.004455,0.007504,-0.001975,0.999970,0,0.58966,-0.22747,7.800,0.041,13.725,797.153,-1,700.053,14.310,599.073,579.375,616.731,505.857,-1,-1,-1,-1,-1,-1,23.091,25.279,1,0,2,0,1,0,0,0,0,2,2,2,2,2,2,1,1
12,3546.788,4366.467,76.587,-130.171,-0.645051,0.764095,0.008222,-0.764109,-0.645084,0.001964,0.006805,-0.005015,0.999964,0,-0.01518,-0.18703,8.171,0.044,13.741,793.261,-1,703.085,14.292,599.365,581.059,611.214,511.556,-1,-1,-1,-1,-1,-1,22.568,25.355,1,0,2,0,1,0,0,0,0,2,2,2,2,2,2,1,1
13,3541.996,4360.124,77.004,-130.133,-0.644557,0.764506,0.008750,-0.764537,-0.644580,-0.000350,0.005373,-0.006915,0.999962,0,-0.01518,-0.18766,7.950,0.037,8.138,788.099,-1,702.427,14.267,597.917,580.442,608.477,514.697,-1,-1,-1,-1,-1,-1,22.401,25.473,1,0,2,0,1,0,0,0,0,2,2,2,2,2,2,1,1
14,3537.232,4354.009,77.256,-130.100,-0.644123,0.764878,0.008201,-0.764913,-0.644130,-0.002087,0.003686,-0.007618,0.999964,0,-0.01517,-0.18821,7.752,0.033,8.686,782.901,-1,699.549,14.250,595.652,578.459,608.368,514.855,-1,-1,-1,-1,-1,-1,21.988,25.556,1,0,2,0,1,0,0,0,0,2,2,2,2,2,2,1,1
15,3532.504,4348.107,77.340,-130.070,-0.643723,0.765225,0.007155,-0.765256,-0.643718,-0.003257,0.002114,-0.007572,0.999969,0,-0.01517,-0.18870,7.561,0.030,9.331,778.307,-1,695.858,14.233,593.337,576.124,609.696,513.119,-1,-1,-1,-1,-1,-1,8.465,25.637,1,0,2,0,1,0,0,0,0,2,2,2,2,2,2,1,1
16,3527.839,4342.409,77.294,-130.038,-0.643297,0.765595,0.005853,-0.765617,-0.643285,-0.003935,0.000753,-0.007012,0.999975,0,-0.01517,-0.18915,7.364,0.032,10.247,774.475,-1,691.949,14.215,591.256,573.814,611.968,511.200,-1,-1,-1,-1,-1,-1,9.288,25.724,1,0,2,0,1,0,0,0,0,2,2,2,2,2,2,1,1
17,3523.258,4336.891,77.160,-130.010,-0.642918,0.765922,0.004492,-0.765935,-0.642904,-0.004168,-0.000305,-0.006120,0.999981,0,-0.01516,-0.18962,7.173,0.028,12.100,771.597,-1,688.324,14.193,589.682,571.758,614.881,508.472,-1,-1,-1,-1,-1,-1,10.956,25.833,1,0,2,0,1,0,0,0,0,2,2,2,2,2,2,1,1
18,3518.740,4331.504,76.953,-129.985,-0.642587,0.766204,0.003497,-0.766212,-0.642576,-0.003905,-0.000745,-0.005189,0.999986,0,-0.01516,-0.19004,7.030,0.025,-1,770.328,-1,686.091,14.160,589.175,570.814,617.743,505.563,-1,-1,-1,-1,-1,-1,12.967,26.012,2,0,2,0,1,0,0,0,0,2,2,2,2,2,2,1,1
19,3514.284,4326.232,76.696,-129.964,-0.642306,0.766442,0.003037,-0.766448,-0.642298,-0.003112,-0.000435,-0.004326,0.999991,0,-0.01516,-0.19042,6.903,0.021,-1,771.016,-1,685.745,14.106,590.037,571.369,620.366,502.750,-1,-1,-1,-1,-1,-1,-1,26.334,2,0,2,0,1,0,0,0,0,2,2,2,2,2,2,2,1
20,3509.910,4321.089,76.421,-129.953,-0.642163,0.766562,0.003057,-0.766568,-0.642159,-0.002377,0.000141,-0.003870,0.999992,0,-0.01515,-0.19076,6.752,0.011,-1,772.022,-1,686.339,14.041,591.323,572.495,621.714,500.693,-1,-1,-1,-1,-1,-1,-1,26.755,2,0,2,0,1,0,0,0,0,2,2,2,2,2,2,2,1
21,3505.662,4316.088,76.184,-129.954,-0.642170,0.766555,0.003279,-0.766562,-0.642166,-0.002296,0.000346,-0.003988,0.999992,0,-0.01515,-0.19099,6.561,-0.000,-1,771.511,-1,686.492,13.949,591.732,572.979,621.618,499.789,-1,-1,-1,-1,-1,-1,-1,27.446,2,0,2,0,1,0,0,0,0,2,2,2,2,2,2,2,1
22,3501.522,4311.243,76.019,-129.966,-0.642334,0.766417,0.003570,-0.766425,-0.642328,-0.002860,0.000101,-0.004573,0.999990,0,-0.01515,-0.19111,6.374,-0.012,-1,769.454,-1,685.998,13.845,591.194,572.713,620.508,499.997,-1,-1,-1,-1,-1,-1,-1,28.415,2,0,2,0,1,0,0,0,0,2,2,2,2,2,2,2,1
23,3497.466,4306.553,75.895,-129.992,-0.642687,0.766120,0.003684,-0.766128,-0.642675,-0.004035,-0.000724,-0.005416,0.999985,0,-0.01515,-0.19111,6.200,-0.026,-1,765.587,-1,684.243,13.793,589.382,571.292,618.784,500.881,-1,-1,-1,-1,-1,-1,-1,28.993,2,0,2,0,1,0,0,0,0,2,2,2,2,2,2,2,1
24,3493.510,4301.999,75.762,-130.022,-0.643081,0.765791,0.003282,-0.765795,-0.643061,-0.005524,-0.002120,-0.006065,0.999979,0,-0.01515,-0.19096,6.032,-0.030,-1,760.274,-1,680.794,13.804,586.321,568.562,617.350,501.322,-1,-1,-1,-1,-1,-1,-1,28.869,2,0,2,0,1,0,0,0,0,2,2,2,2,2,2,2,1
25,3489.628,4297.561,75.600,-130.050,-0.643450,0.765483,0.002675,-0.765479,-0.643422,-0.007026,-0.003658,-0.006569,0.999972,0,-0.01515,-0.19078,5.897,-0.028,-1,754.666,-1,676.795,13.775,582.917,565.434,616.224,501.391,-1,-1,-1,-1,-1,-1,-1,29.218,2,0,2,0,1,0,0,0,0,2,2,2,2,2,2,2,1
26,3485.793,4293.211,75.402,-130.078,-0.643819,0.765174,0.002449,-0.765163,-0.643783,-0.008325,-0.004793,-0.007233,0.999962,0,-0.01515,-0.19061,5.798,-0.028,-1,749.986,-1,673.888,13.741,580.274,563.114,614.763,501.723,-1,-1,-1,-1,-1,-1,-1,29.651,2,0,2,0,1,0,0,0,0,2,2,2,2,2,2,2,1
27,3482.028,4288.945,75.187,-130.107,-0.644208,0.764846,0.002587,-0.764831,-0.644164,-0.009315,-0.005458,-0.007979,0.999953,0,-0.01516,-0.19043,5.690,-0.029,-1,746.522,-1,672.215,13.721,578.584,561.763,613.100,502.219,-1,-1,-1,-1,-1,-1,-1,29.946,2,0,2,0,1,0,0,0,0,2,2,2,2,2,2,2,1
28,3478.371,4284.815,75.021,-130.135,-0.644579,0.764534,0.002401,-0.764513,-0.644530,-0.010055,-0.006140,-0.008317,0.999947,0,-0.01516,-0.19024,5.517,-0.028,-1,743.545,-1,670.314,13.717,577.057,560.417,612.679,502.068,-1,-1,-1,-1,-1,-1,-1,29.991,2,0,2,0,1,0,0,0,0,2,2,2,2,2,2,2,1
29,3474.799,4280.829,74.925,-130.163,-0.644950,0.764222,0.001928,-0.764194,-0.644899,-0.010637,-0.006886,-0.008333,0.999942,0,-0.01516,-0.19006,5.352,-0.028,-1,740.893,-1,668.186,13.711,575.621,559.042,613.322,501.485,-1,-1,-1,-1,-1,-1,-1,30.087,2,0,2,0,1,0,0,0,0,2,2,2,2,2,2,2,1
30,3471.299,4276.961,74.893,-130.195,-0.645373,0.763867,0.001438,-0.763831,-0.645321,-0.011102,-0.007553,-0.008263,0.999937,0,-0.01516,-0.18988,5.216,-0.032,-1,738.721,-1,666.356,13.719,574.514,557.961,614.406,500.925,-1,-1,-1,-1,-1,-1,-1,29.975,2,0,2,0,1,0,0,0,0,2,2,2,2,2,2,2,1
31,3467.905,4273.200,74.941,-130.229,-0.645825,0.763484,0.001349,-0.763445,-0.645771,-0.011509,-0.007916,-0.008463,0.999933,0,-0.01516,-0.18965,5.066,-0.034,-1,737.378,-1,665.736,13.758,574.191,557.758,615.046,501.152,-1,-1,-1,-1,-1,-1,-1,29.430,2,0,2,0,1,0,0,0,0,2,2,2,2,2,2,2,1
32,3464.636,4269.532,75.048,-130.259,-0.646228,0.763142,0.001673,-0.763102,-0.646168,-0.011939,-0.008030,-0.008992,0.999927,0,-0.01516,-0.18940,4.913,-0.030,-1,736.607,-1,666.189,13.787,574.476,558.281,614.983,502.215,-1,-1,-1,-1,-1,-1,-1,29.075,2,0,2,0,1,0,0,0,0,2,2,2,2,2,2,2,1
33,3461.199,4265.422,75.161,-130.289,-0.646625,0.762802,0.002952,-0.762780,-0.646564,-0.010978,-0.006465,-0.009351,0.999935,0,0.87057,-0.34636,5.357,-0.029,-1,740.602,-1,670.870,13.765,578.462,562.396,615.778,503.131,-1,-1,-1,-1,-1,-1,-1,29.346,2,0,2,0,1,0,0,0,0,2,2,2,2,2,2,2,1
34,3457.190,4260.500,75.350,-130.345,-0.647388,0.762134,0.006317,-0.762157,-0.647338,-0.008359,-0.002282,-0.010226,0.999945,0,0.87066,-0.34617,6.349,-0.056,-1,751.597,-1,683.037,13.785,588.328,572.528,616.067,505.522,-1,-1,-1,-1,-1,-1,-1,29.093,2,0,2,0,1,0,0,0,0,2,2,2,2,2,2,2,1
35,3452.714,4255.012,75.860,-130.425,-0.648452,0.761165,0.011733,-0.761247,-0.648439,-0.005434,0.003472,-0.012456,0.999916,0,0.87087,-0.34574,7.081,-0.080,-1,766.753,-1,701.704,13.914,602.489,587.463,614.310,511.644,-1,-1,-1,-1,-1,-1,-1,27.754,2,0,2,0,1,0,0,0,0,2,2,2,2,2,2,2,1
36,3447.805,4248.885,76.812,-130.502,-0.649440,0.760195,0.018231,-0.760343,-0.649518,-0.002013,0.010311,-0.015169,0.999832,0,0.87119,-0.34508,7.851,-0.077,-1,784.984,-1,725.713,14.103,620.345,606.579,613.029,520.146,-1,-1,-1,-1,-1,-1,-1,26.349,2,0,2,0,1,0,0,0,0,2,2,2,2,2,2,2,1
37,3442.503,4242.051,78.183,-130.539,-0.649862,0.759647,0.024809,-0.759844,-0.650101,0.002182,0.017786,-0.017433,0.999690,0,0.87149,-0.34447,8.650,-0.037,-1,807.335,-1,753.247,14.340,640.729,627.543,614.443,529.054,-1,-1,-1,-1,-1,-1,-1,25.146,2,0,2,0,1,0,0,0,0,2,2,2,2,2,2,2,1
38,3436.841,4234.506,79.916,-130.524,-0.649555,0.759709,0.030328,-0.759899,-0.650002,0.007124,0.025125,-0.018419,0.999515,0,0.87158,-0.34429,9.434,0.015,-1,832.442,-1,781.710,14.541,661.718,649.683,620.178,536.364,-1,-1,-1,-1,-1,-1,-1,24.423,2,0,2,0,1,0,0,0,0,2,2,2,2,2,2,2,1
39,3429.682,4224.770,82.325,-130.418,-0.648030,0.760849,0.034128,-0.760939,-0.648692,0.013058,0.032074,-0.017507,0.999332,0,0.87140,-0.34465,12.084,0.105,-1,861.196,-1,810.753,14.348,684.779,673.516,633.074,541.430,-1,-1,-1,-1,-1,-1,-1,25.116,2,0,2,0,1,0,0,0,0,2,2,2,2,2,2,2,1
40,3424.783,4218.001,83.812,-130.312,-0.646568,0.762131,0.033249,-0.762090,-0.647258,0.016606,0.034177,-0.014602,0.999309,0,0.87076,-0.34598,8.356,0.107,-1,874.411,-1,819.877,13.004,694.555,682.855,646.940,539.347,-1,-1,-1,-1,-1,-1,-1,11.626,2,0,2,0,1,0,0,0,0,2,2,2,2,2,2,2,1
41,3418.481,4209.412,85.202,-130.146,-0.644384,0.764180,0.028247,-0.763976,-0.644942,0.019743,0.033305,-0.008858,0.999406,0,0.87014,-0.34724,10.653,0.165,-1,880.834,-1,816.488,-1,697.576,684.256,668.294,532.134,-1,-1,-1,-1,-1,-1,-1,-1,2,0,2,0,2,0,0,0,0,2,2,2,2,2,2,2,2
42,3411.955,4200.689,85.964,-129.946,-0.641793,0.766603,0.020507,-0.766316,-0.642117,0.021107,0.029349,-0.002168,0.999567,0,0.86922,-0.34913,10.894,0.200,-1,876.647,-1,800.731,-1,691.782,676.250,690.501,521.567,-1,-1,-1,-1,-1,-1,-1,-1,2,0,2,0,2,0,0,0,0,2,2,2,2,2,2,2,2
43,3405.159,4191.775,85.966,-129.744,-0.639181,0.768967,0.011680,-0.768699,-0.639274,0.020760,0.023431,0.004291,0.999716,0,0.86813,-0.35138,11.209,0.202,-1,863.880,-1,777.552,-1,679.466,661.737,709.109,509.626,-1,-1,-1,-1,-1,-1,-1,-1,2,0,2,0,2,0,0,0,0,2,2,2,2,2,2,2,2
44,3397.970,4182.683,85.114,-129.616,-0.637554,0.770396,0.003782,-0.770229,-0.637505,0.018309,0.016516,0.008760,0.999825,0,0.86702,-0.35365,11.591,0.128,-1,843.651,-1,751.490,-1,662.513,643.278,719.978,499.242,-1,-1,-1,-1,-1,-1,-1,-1,2,0,2,0,2,0,0,0,0,2,2,2,2,2,2,2,2
45,3390.421,4173.339,83.383,-129.559,-0.636849,0.770983,-0.002878,-0.770937,-0.636760,0.013890,0.008876,0.011064,0.999899,0,0.86628,-0.35517,12.013,0.057,-1,817.069,-1,723.643,-1,641.766,621.782,722.067,490.499,-1,-1,-1,-1,-1,-1,-1,-1,2,0,2,0,2,0,0,0,0,2,2,2,2,2,2,2,2
46,3382.579,4163.538,80.839,-129.523,-0.636384,0.771323,-0.008733,-0.771372,-0.636335,0.007936,0.000564,0.011787,0.999930,0,0.86588,-0.35599,12.553,0.036,-1,785.701,-1,694.180,-1,618.016,597.842,716.980,482.463,-1,-1,-1,-1,-1,-1,-1,-1,2,0,2,0,2,0,0,0,0,2,2,2,2,2,2,2,2
47,3374.590,4153.013,77.864,-129.437,-0.635206,0.772238,-0.012703,-0.772307,-0.635250,0.000785,-0.007463,0.010309,0.999919,0,0.86557,-0.35662,13.214,0.086,-1,752.844,-1,667.377,14.765,594.390,574.862,704.175,477.203,-1,-1,-1,-1,-1,-1,-1,23.827,2,0,2,0,1,0,0,0,0,2,2,2,2,2,2,2,1
48,3366.512,4141.530,74.936,-129.284,-0.633103,0.773943,-0.013917,-0.773936,-0.633224,-0.007064,-0.014280,0.006299,0.999878,0,0.86501,-0.35777,14.039,0.152,-1,722.564,-1,646.723,14.791,573.735,555.825,684.736,477.082,-1,-1,-1,-1,-1,-1,-1,23.770,2,0,2,0,1,0,0,0,0,2,2,2,2,2,2,2,1
49,3356.751,4126.333,71.868,-128.991,-0.629060,0.777257,-0.012449,-0.777068,-0.629182,-0.017161,-0.021171,-0.001121,0.999775,0,0.86410,-0.35964,18.061,0.293,-1,690.211,-1,629.085,15.634,552.948,537.987,655.688,483.329,-1,-1,-1,-1,-1,-1,-1,22.607,2,0,2,0,1,0,0,0,0,2,2,2,2,2,2,2,1
50,3350.300,4115.352,70.183,-128.710,-0.625172,0.780416,-0.010582,-0.780074,-0.625224,-0.024050,-0.025386,-0.006780,0.999655,0,0.86245,-0.36304,12.737,0.282,-1,670.887,-1,620.142,15.606,541.006,528.311,636.187,490.141,-1,-1,-1,-1,-1,-1,-1,22.628,2,0,2,0,1,0,0,0,0,2,2,2,2,2,2,2,1
51,3342.097,4101.009,68.646,-128.358,-0.620294,0.784344,-0.006245,-0.783791,-0.620123,-0.033444,-0.030104,-0.015851,0.999421,0,0.86090,-0.36621,16.523,0.351,-1,648.710,-1,613.318,15.419,528.313,519.155,609.581,504.453,-1,-1,-1,-1,-1,-1,-1,22.799,2,0,2,0,1,0,0,0,0,2,2,2,2,2,2,2,1
52,3333.861,4086.355,68.236,-128.077,-0.616389,0.787436,0.003194,-0.786774,-0.615693,-0.043695,-0.032440,-0.029446,0.999040,0,0.85896,-0.37020,16.810,0.282,-1,632.066,-1,618.080,15.768,521.719,517.627,577.573,532.107,-1,-1,-1,-1,-1,-1,-1,22.509,2,0,2,0,1,0,0,0,0,2,2,2,2,2,2,2,1
53,3325.875,4071.036,68.874,-127.718,-0.611444,0.791162,0.014108,-0.790615,-0.610092,-0.052112,-0.032622,-0.043017,0.998542,0,0.72947,-0.49826,17.275,0.359,-1,623.369,-1,631.150,16.579,521.535,521.620,550.700,565.340,-1,-1,-1,-1,-1,-1,-1,22.206,2,0,2,0,1,0,0,0,0,2,2,2,2,2,2,2,1
54,3318.420,4055.038,70.320,-127.196,-0.604209,0.796516,0.022197,-0.796139,-0.602298,-0.058317,-0.033081,-0.052907,0.998051,0,0.72776,-0.50238,17.650,0.522,-1,619.105,-1,643.886,16.251,522.105,526.607,535.715,595.193,-1,-1,-1,-1,-1,-1,-1,22.281,2,0,2,0,1,0,0,0,0,2,2,2,2,2,2,2,1
55,3311.046,4038.615,72.210,-126.592,-0.595742,0.802722,0.027002,-0.802407,-0.593364,-0.063732,-0.035137,-0.059634,0.997602,0,0.72536,-0.50817,18.002,0.604,-1,614.903,-1,651.869,16.049,521.403,529.404,529.023,620.652,-1,-1,-1,-1,-1,-1,-1,22.357,2,0,2,0,1,0,0,0,0,2,2,2,2,2,2,2,1
56,3302.159,4018.710,74.332,-125.804,-0.584488,0.810998,0.025626,-0.810305,-0.581764,-0.070400,-0.042186,-0.061913,0.997190,0,0.72261,-0.51481,21.798,0.788,-1,604.036,-1,645.506,11.991,513.884,523.569,532.037,635.970,-1,-1,-1,-1,990.562,-1,-1,9.688,2,0,2,0,1,0,0,0,0,2,2,2,2,0,2,2,1
57,3296.197,4005.443,75.229,-125.250,-0.576432,0.816894,0.020255,-0.815621,-0.573667,-0.075298,-0.049891,-0.059924,0.996955,0,0.71904,-0.52343,14.545,0.553,-1,591.968,-1,629.816,-1,503.702,513.019,539.404,634.903,-1,-1,-1,-1,961.276,-1,-1,-1,2,0,2,0,2,0,0,0,0,2,2,2,2,0,2,2,2
58,3288.401,3988.943,75.512,-124.621,-0.567096,0.823558,0.012407,-0.821404,-0.564373,-0.082329,-0.060801,-0.056880,0.996528,0,0.71655,-0.52945,18.249,0.629,-1,573.086,-1,605.452,-1,487.715,496.222,547.485,628.921,-1,-1,-1,-1,917.990,-1,-1,-1,2,0,2,0,2,0,0,0,0,2,2,2,2,0,2,2,2
59,3280.215,3972.439,74.625,-124.085,-0.558999,0.829150,0.005551,-0.826092,-0.556336,-0.089787,-0.071358,-0.054776,0.995946,0,0.71369,-0.53634,18.423,0.536,-1,552.187,-1,580.608,-1,470.287,478.037,550.440,621.493,-1,-1,-1,-1,873.472,-1,-1,-1,2,0,2,0,2,0,0,0,0,2,2,2,2,0,2,2,2
60,3271.397,3956.051,72.523,-123.735,-0.553543,0.832819,0.001637,-0.828900,-0.550746,-0.097996,-0.080712,-0.055602,0.995185,0,0.71123,-0.54228,18.610,0.350,-1,529.493,-1,557.997,-1,452.186,459.957,544.454,617.768,-1,-1,-1,-1,827.698,996.921,-1,-1,2,0,2,0,2,0,0,0,0,2,2,2,2,0,0,2,2
61,3261.853,3939.790,69.394,-123.597,-0.551197,0.834375,0.000494,-0.829724,-0.548062,-0.105765,-0.087977,-0.058707,0.994391,0,0.70954,-0.54636,18.855,0.139,14.183,507.245,-1,538.585,-1,434.963,443.506,531.727,616.509,-1,-1,-1,-1,784.918,943.627,25.890,-1,1,0,2,0,2,0,0,0,0,2,2,2,2,0,0,1,2
62,3251.276,3923.411,65.905,-123.690,-0.552467,0.833530,0.002712,-0.828700,-0.548909,-0.109341,-0.089650,-0.062654,0.994001,0,0.70874,-0.54829,19.497,-0.093,14.748,493.209,-1,529.231,13.450,424.541,434.263,517.188,616.509,-1,-1,-1,-1,759.828,929.200,23.869,26.333,1,0,2,0,1,0,0,0,0,2,2,2,2,0,0,1,1
63,3239.640,3906.861,62.530,-123.948,-0.556399,0.830890,0.006538,-0.826516,-0.552627,-0.107124,-0.085395,-0.065007,0.994224,0,0.70891,-0.54788,20.232,-0.258,14.774,489.568,-1,530.109,13.435,422.351,432.972,507.074,613.214,-1,-1,-1,-1,756.452,951.965,23.808,29.264,1,0,2,0,1,0,0,0,0,2,2,2,2,0,0,1,1
64,3227.163,3890.025,59.436,-124.241,-0.560989,0.827777,0.008806,-0.824195,-0.557503,-0.099460,-0.077421,-0.063053,0.995003,0,0.70977,-0.54582,20.955,-0.293,14.777,494.655,-1,536.911,13.435,425.796,436.672,506.294,600.142,-1,-1,-1,-1,772.048,1002.713,23.801,30.792,1,0,2,0,1,0,0,0,0,2,2,2,2,0,0,1,1
65,3213.882,3873.059,56.748,-124.530,-0.565517,0.824693,0.008430,-0.821896,-0.562693,-0.088682,-0.068392,-0.057079,0.996024,0,0.71077,-0.54339,21.546,-0.289,14.779,504.681,-1,544.670,13.434,431.993,442.135,514.397,578.379,-1,-1,-1,-1,799.471,-1,23.796,32.998,1,0,2,0,1,0,0,0,0,2,2,2,2,0,2,1,1
66,3199.975,3855.975,54.603,-124.824,-0.570021,0.821604,0.006586,-0.819414,-0.567876,-0.077956,-0.060309,-0.049833,0.996935,0,0.71177,-0.54099,22.029,-0.294,14.800,515.340,-1,551.082,13.423,438.256,447.249,526.303,556.712,-1,-1,-1,-1,829.577,-1,23.749,37.895,1,0,2,0,1,0,0,0,0,2,2,2,2,0,2,1,1
67,3186.110,3839.078,53.693,-125.138,-0.574690,0.818336,0.007643,-0.816554,-0.572766,-0.071965,-0.054514,-0.047599,0.997378,0,0.31375,0.13005,21.858,-0.314,9.348,522.321,-1,559.229,13.429,443.144,452.571,531.137,550.047,-1,-1,-1,-1,849.508,-1,8.054,37.595,1,0,2,0,1,0,0,0,0,2,2,2,2,0,2,1,1
68,3172.896,3822.517,54.253,-125.388,-0.578373,0.815714,0.009743,-0.814225,-0.576500,-0.068458,-0.050225,-0.047527,0.997606,0,0.31423,0.13271,21.186,-0.250,14.783,529.050,-1,569.787,13.432,449.063,460.026,533.981,552.141,-1,-1,-1,-1,868.073,-1,23.786,37.507,1,0,2,0,1,0,0,0,0,2,2,2,2,0,2,1,1
69,3160.276,3806.338,56.323,-125.521,-0.580457,0.814222,0.010589,-0.813147,-0.578903,-0.060533,-0.043157,-0.043747,0.998110,0,0.31460,0.13473,20.519,-0.133,14.697,547.071,-1,590.170,13.474,463.336,474.864,547.856,550.962,-1,-1,-1,-1,923.631,-1,23.991,35.628,1,0,2,0,1,0,0,0,0,2,2,2,2,0,2,1,1
70,3147.830,3790.405,58.106,-125.648,-0.582332,0.812906,0.008502,-0.811957,-0.581072,-0.055500,-0.040176,-0.039223,0.998423,0,0.31475,0.13558,20.217,-0.127,-1,557.582,-1,601.044,-1,471.312,482.592,562.293,546.971,-1,-1,-1,-1,959.792,-1,-1,-1,2,0,2,0,2,0,0,0,0,2,2,2,2,0,2,2,2
71,3135.469,3774.638,59.056,-125.772,-0.584077,0.811683,0.004983,-0.810685,-0.583032,-0.053510,-0.040528,-0.035293,0.998555,0,0.31490,0.13638,20.035,-0.124,-1,559.324,-1,601.718,-1,472.313,483.149,573.445,541.523,-1,-1,-1,-1,972.544,-1,-1,-1,2,0,2,0,2,0,0,0,0,2,2,2,2,0,2,2,2
72,3123.219,3758.903,58.971,-125.872,-0.585440,0.810715,0.001019,-0.809592,-0.584562,-0.053371,-0.042673,-0.032070,0.998574,0,0.31504,0.13714,19.942,-0.100,-1,554.675,-1,595.636,-1,468.283,478.655,580.462,534.617,-1,-1,-1,-1,967.599,-1,-1,-1,2,0,2,0,2,0,0,0,0,2,2,2,2,0,2,2,2
73,3111.116,3743.143,57.805,-125.939,-0.586292,0.810094,-0.003125,-0.808780,-0.585553,-0.054800,-0.046223,-0.029601,0.998492,0,0.31513,0.13767,19.871,-0.067,-1,544.360,-1,583.898,-1,459.813,469.777,582.856,526.268,-1,-1,-1,-1,947.346,-1,-1,-1,2,0,2,0,2,0,0,0,0,2,2,2,2,0,2,2,2
74,3099.174,3727.300,55.699,-125.972,-0.586633,0.809828,-0.006429,-0.808273,-0.585965,-0.057784,-0.050562,-0.028702,0.998308,0,0.31517,0.13786,19.839,-0.033,-1,529.589,-1,569.200,13.952,448.135,458.057,579.702,518.507,-1,-1,-1,-1,915.486,-1,-1,25.124,2,0,2,0,1,0,0,0,0,2,2,2,2,0,2,2,1
75,3087.359,3711.239,52.900,-125.999,-0.586918,0.809621,-0.006316,-0.807863,-0.586126,-0.061754,-0.053699,-0.031143,0.998071,0,0.31514,0.13770,19.939,-0.027,-1,513.778,-1,557.710,13.981,436.479,447.436,568.342,515.572,-1,-1,-1,-1,882.078,-1,-1,27.193,2,0,2,0,1,0,0,0,0,2,2,2,2,0,2,2,1
76,3075.745,3694.864,49.574,-126.003,-0.586936,0.809630,-0.002379,-0.807771,-0.585782,-0.066073,-0.054888,-0.036859,0.997812,0,0.31510,0.13747,20.075,-0.004,14.019,499.154,-1,551.583,13.980,426.196,439.725,549.583,517.727,-1,-1,-1,-1,852.042,-1,24.955,27.196,1,0,2,0,1,0,0,0,0,2,2,2,2,0,2,1,1
77,3064.172,3678.213,46.403,-125.999,-0.586954,0.809609,0.004262,-0.807897,-0.585354,-0.068289,-0.052792,-0.043526,0.997656,0,0.31501,0.13698,20.278,0.003,14.071,490.838,-1,554.201,13.931,420.807,438.400,530.284,522.801,-1,-1,-1,-1,838.911,-1,26.552,27.599,1,0,2,0,1,0,0,0,0,2,2,2,2,0,2,1,1
78,3052.462,3661.468,43.892,-126.009,-0.587223,0.809347,0.011250,-0.807977,-0.585284,-0.067937,-0.048401,-0.048984,0.997626,0,0.31490,0.13641,20.433,-0.010,14.109,489.119,-1,564.661,13.896,421.142,442.121,515.716,527.687,-1,-1,-1,-1,849.875,-1,26.315,27.910,1,0,2,0,1,0,0,0,0,2,2,2,2,0,2,1,1
79,3040.657,3644.964,42.367,-126.005,-0.587317,0.809193,0.016275,-0.808211,-0.585297,-0.064990,-0.043064,-0.051324,0.997753,0,0.31482,0.13596,20.291,0.004,14.064,493.336,-1,580.657,13.935,426.698,449.186,509.364,529.114,-1,-1,-1,-1,879.028,-1,26.589,27.567,1,0,2,0,1,0,0,0,0,2,2,2,2,0,2,1,1
80,3029.444,3629.710,42.559,-125.933,-0.586489,0.809772,0.017323,-0.809208,-0.584892,-0.055533,-0.034837,-0.046587,0.998307,0,0.31472,0.13539,18.932,0.072,13.905,511.512,-1,604.612,14.097,441.823,463.970,519.706,521.215,-1,-1,-1,-1,958.607,-1,27.827,26.390,1,0,2,0,1,0,0,0,0,2,2,2,2,0,2,1,1
81,3018.498,3616.106,45.270,-126.048,-0.588356,0.808294,0.022294,-0.808365,-0.587294,-0.040389,-0.019553,-0.041785,0.998935,0,0.31450,0.13418,17.461,-0.115,13.439,552.033,-1,659.341,14.766,475.837,499.355,537.784,520.790,-1,-1,-1,-1,-1,-1,37.158,23.825,1,0,2,0,1,0,0,0,0,2,2,2,2,2,2,1,1
82,3007.604,3603.179,49.936,-126.236,-0.591113,0.805961,0.031817,-0.806587,-0.590733,-0.021255,0.001665,-0.038227,0.999268,0,0.31463,0.13492,16.905,-0.188,14.241,617.278,-1,760.006,16.617,530.115,558.633,559.567,528.656,-1,-1,-1,-1,-1,-1,51.869,22.200,1,0,2,0,1,0,0,0,0,2,2,2,2,2,2,1,1
83,2997.813,3590.106,55.359,-126.187,-0.590266,0.806226,0.039830,-0.806890,-0.590701,-0.001049,0.022682,-0.032758,0.999206,0,0.46948,-0.74639,16.333,0.049,34.987,705.194,-1,886.971,18.749,598.444,629.189,586.498,534.994,-1,-1,-1,-1,-1,-1,36.653,22.552,1,0,2,0,1,0,0,0,0,2,2,2,2,2,2,1,1
84,2990.449,3576.864,60.543,-125.687,-0.582937,0.811440,0.041840,-0.811635,-0.583930,0.016554,0.037864,-0.024309,0.998987,0,0.46923,-0.74731,15.152,0.500,-1,789.621,-1,1000.018,18.679,659.928,691.872,618.371,534.720,-1,-1,-1,-1,-1,-1,-1,22.527,2,0,2,0,1,0,0,0,0,2,2,2,2,2,2,2,1
85,2984.145,3563.760,65.177,-125.075,-0.573983,0.817763,0.042513,-0.817463,-0.575265,0.028722,0.047944,-0.018267,0.998683,0,0.46774,-0.75279,14.541,0.612,-1,856.735,-1,-1,-1,709.773,745.185,643.783,537.536,-1,-1,-1,-1,-1,-1,-1,-1,2,0,2,2,2,0,0,0,0,2,2,2,2,2,2,2,2
86,2978.004,3550.676,68.999,-124.482,-0.565275,0.823730,0.043964,-0.823045,-0.566776,0.036911,0.055322,-0.015320,0.998351,0,0.46593,-0.75942,14.454,0.593,-1,911.863,-1,-1,-1,752.826,790.661,660.752,543.797,-1,-1,-1,-1,-1,-1,-1,-1,2,0,2,2,2,0,0,0,0,2,2,2,2,2,2,2,2
87,2971.866,3537.507,71.835,-123.946,-0.557355,0.828986,0.046235,-0.828004,-0.559084,0.042824,0.061349,-0.014415,0.998012,0,0.46418,-0.76587,14.529,0.536,-1,954.313,-1,-1,-1,790.057,832.404,670.874,551.206,-1,-1,-1,-1,-1,-1,-1,-1,2,0,2,2,2,0,0,0,0,2,2,2,2,2,2,2,2
88,2965.709,3524.220,73.579,-123.457,-0.550085,0.833663,0.049116,-0.832440,-0.552076,0.047499,0.066714,-0.014758,0.997663,0,0.46258,-0.77175,14.644,0.489,-1,991.132,-1,-1,-1,822.494,870.932,675.502,558.137,-1,981.944,-1,-1,-1,-1,-1,-1,2,0,2,2,2,0,0,0,0,2,0,2,2,2,2,2,2
89,2959.515,3510.813,74.197,-123.007,-0.543335,0.837869,0.052566,-0.836454,-0.545634,0.051272,0.071641,-0.016111,0.997300,0,0.46111,-0.77716,14.770,0.451,-1,-1,-1,-1,-1,852.133,903.455,675.060,564.124,-1,891.050,966.627,-1,-1,-1,-1,-1,2,2,2,2,2,0,0,0,0,2,0,0,2,2,2,2,2
90,2953.274,3497.303,73.714,-122.592,-0.537103,0.841609,0.056697,-0.840089,-0.539764,0.053894,0.075961,-0.018684,0.996936,0,0.45974,-0.78220,14.882,0.414,-1,-1,-1,-1,-1,874.287,932.351,669.195,569.652,-1,795.787,866.922,-1,-1,-1,-1,-1,2,2,2,2,2,0,0,0,0,2,0,0,2,2,2,2,2
91,2946.991,3483.701,72.164,-122.216,-0.531421,0.844861,0.061652,-0.843372,-0.534502,0.055051,0.079463,-0.022740,0.996578,0,0.45847,-0.78688,14.983,0.377,-1,-1,-1,-1,-1,887.835,954.117,657.556,575.348,-1,691.196,763.935,-1,-1,-1,-1,-1,2,2,2,2,2,0,0,0,0,2,0,0,2,2,2,2,2
92,2940.669,3470.051,69.626,-121.881,-0.526392,0.847548,0.067629,-0.846315,-0.529936,0.054022,0.081625,-0.028799,0.996247,0,0.45730,-0.79119,15.043,0.335,-1,-1,-1,-1,-1,892.073,965.201,639.495,582.538,-1,604.478,675.191,-1,-1,-1,-1,-1,2,2,2,2,2,0,0,0,0,2,0,0,2,2,2,2,2
93,2934.323,3456.358,66.169,-121.592,-0.522105,0.849603,0.074704,-0.848928,-0.526111,0.050279,0.082019,-0.037167,0.995937,0,0.45624,-0.79508,15.091,0.289,-1,-1,-1,-1,-1,882.801,963.989,615.044,592.659,-1,560.286,620.167,-1,-1,-1,-1,-1,2,2,2,2,2,0,0,0,0,2,0,0,2,2,2,2,2
94,2928.025,3442.664,62.000,-121.346,-0.518568,0.851176,0.081157,-0.851370,-0.522794,0.043072,0.079091,-0.046759,0.995770,0,0.47309,-0.45208,15.073,0.247,-1,966.766,-1,-1,-1,853.234,939.893,587.210,603.681,-1,539.189,606.602,-1,-1,-1,-1,-1,2,0,2,2,2,0,0,0,0,2,0,0,2,2,2,2,2
95,2921.824,3429.024,57.352,-121.121,-0.515546,0.852681,0.084540,-0.853909,-0.519447,0.031853,0.071075,-0.055767,0.995911,0,0.47223,-0.45510,14.984,0.224,-1,895.442,-1,-1,-1,798.983,886.791,559.138,611.773,-1,558.660,655.720,-1,-1,-1,-1,-1,2,0,2,2,2,0,0,0,0,2,0,0,2,2,2,2,2
96,2915.603,3415.634,52.315,-120.933,-0.513199,0.854152,0.083972,-0.856367,-0.516116,0.016136,0.057122,-0.063630,0.996337,0,0.47144,-0.45789,14.764,0.188,-1,805.260,-1,-1,-1,724.372,808.633,532.609,615.424,-1,647.008,916.510,-1,-1,-1,-1,-1,2,0,2,2,2,0,0,0,0,2,0,0,2,2,2,2,2
97,2908.579,3403.534,46.987,-121.077,-0.515855,0.852770,0.081713,-0.855906,-0.517085,-0.006960,0.036317,-0.073529,0.996632,0,0.47076,-0.46031,13.991,-0.144,-1,703.310,-1,-1,-1,636.171,714.042,500.591,621.899,-1,-1,-1,-1,-1,-1,-1,-1,2,0,2,2,2,0,0,0,0,2,2,2,2,2,2,2,2
98,2901.252,3391.790,41.423,-121.311,-0.519636,0.851227,0.073432,-0.854297,-0.518912,-0.030122,0.012463,-0.078385,0.996845,0,0.47104,-0.45932,13.842,-0.233,15.993,610.412,-1,-1,-1,555.453,623.650,477.045,614.585,-1,-1,-1,-1,-1,-1,22.383,-1,1,0,2,2,2,0,0,0,0,2,2,2,2,2,2,1,2
99,2892.767,3380.778,36.668,-121.761,-0.526361,0.848046,0.061340,-0.850238,-0.524445,-0.045299,-0.006246,-0.075997,0.997088,0,0.47158,-0.45742,13.902,-0.450,16.030,553.196,-1,887.049,-1,500.777,562.460,468.149,591.782,-1,-1,-1,-1,-1,-1,22.365,-1,1,0,2,0,2,0,0,0,0,2,2,2,2,2,2,1,2
100,2883.488,3369.977,33.495,-122.235,-0.533349,0.844425,0.049854,-0.845795,-0.531448,-0.046837,-0.013055,-0.067147,0.997658,0,0.47275,-0.45328,14.239,-0.474,16.013,538.185,-1,827.036,13.444,483.254,539.869,475.055,560.429,-1,-1,-1,-1,-1,-1,22.373,48.224,1,0,2,0,1,0,0,0,0,2,2,2,2,2,2,1,1
101,2873.691,3359.147,32.834,-122.673,-0.539832,0.840473,0.046758,-0.841755,-0.538621,-0.036557,-0.005540,-0.059093,0.998237,0,0.47399,-0.44887,14.604,-0.438,15.981,567.420,-1,856.881,13.420,505.871,559.908,488.571,541.519,-1,-1,-1,-1,-1,-1,22.388,55.355,1,0,2,0,1,0,0,0,0,2,2,2,2,2,2,1,1
102,2863.560,3348.095,34.534,-123.125,-0.546438,0.835877,0.052105,-0.837426,-0.546154,-0.020797,0.011074,-0.054999,0.998425,0,0.47514,-0.44481,14.993,-0.453,15.658,629.154,-1,960.367,13.290,560.032,619.629,502.661,539.775,-1,-1,-1,-1,-1,-1,22.587,55.209,1,0,2,0,1,0,0,0,0,2,2,2,2,2,2,1,1
103,2853.533,3336.625,37.846,-123.524,-0.552038,0.831578,0.061079,-0.833287,-0.552820,-0.004793,0.029780,-0.053543,0.998121,0,0.47632,-0.44061,15.235,-0.399,15.273,714.706,-1,-1,13.279,636.963,700.847,516.952,548.840,-1,-1,-1,-1,-1,-1,22.963,49.553,1,0,2,2,1,0,0,0,0,2,2,2,2,2,2,1,1
104,2844.265,3325.290,42.291,-123.731,-0.554669,0.829376,0.066911,-0.830728,-0.556547,0.012064,0.047245,-0.048893,0.997686,0,0.47735,-0.43698,14.641,-0.207,15.099,822.421,-1,-1,13.315,726.817,797.508,540.167,554.348,-1,702.824,827.495,-1,-1,-1,23.200,36.668,1,0,2,2,1,0,0,0,0,2,0,0,2,2,2,1,1
105,2835.342,3314.323,47.414,-123.888,-0.556473,0.828018,0.068730,-0.828489,-0.559232,0.029427,0.062802,-0.040567,0.997201,0,0.47783,-0.43528,14.139,-0.157,15.078,961.346,-1,-1,-1,830.710,904.593,572.787,553.698,-1,615.158,637.787,-1,-1,-1,23.234,-1,1,0,2,2,2,0,0,0,0,2,0,0,2,2,2,1,2
106,2826.442,3303.487,52.658,-124.043,-0.558173,0.826777,0.069876,-0.826178,-0.561591,0.045218,0.076627,-0.032491,0.996530,0,0.47818,-0.43406,14.022,-0.155,15.311,-1,-1,-1,-1,948.365,-1,606.676,553.770,-1,574.393,573.946,-1,-1,-1,22.919,-1,1,2,2,2,2,0,2,0,0,2,0,0,2,2,2,1,2
107,2817.436,3292.704,57.521,-124.253,-0.560655,0.824832,0.072928,-0.823336,-0.564681,0.057043,0.088232,-0.028063,0.995705,0,0.47852,-0.43285,14.049,-0.210,11.075,-1,-1,-1,-1,-1,-1,633.447,559.948,-1,551.312,546.288,-1,-1,-1,8.844,-1,1,2,2,2,2,2,2,0,0,2,0,0,2,2,2,1,2
108,2808.268,3282.146,61.700,-124.585,-0.564955,0.821376,0.078533,-0.819421,-0.569673,0.063418,0.096828,-0.028524,0.994892,0,0.47901,-0.43110,13.983,-0.331,-1,-1,-1,-1,-1,-1,-1,647.114,573.726,-1,541.208,534.420,-1,-1,-1,-1,-1,2,2,2,2,2,2,2,0,0,2,0,0,2,2,2,2,2
109,2799.093,3271.540,64.968,-124.957,-0.569880,0.817291,0.085275,-0.815166,-0.575365,0.066777,0.103640,-0.031458,0.994117,0,0.47986,-0.42811,14.024,-0.373,-1,-1,-1,-1,-1,-1,-1,652.199,591.305,-1,534.533,527.716,-1,-1,-1,-1,-1,2,2,2,2,2,2,2,0,0,2,0,0,2,2,2,2,2
110,2789.852,3260.848,67.185,-125.350,-0.575081,0.812803,0.092916,-0.810718,-0.581426,0.068414,0.109631,-0.035985,0.993321,0,0.48081,-0.42472,14.132,-0.393,-1,-1,-1,-1,-1,-1,-1,650.531,611.372,-1,526.251,520.147,-1,-1,-1,-1,-1,2,2,2,2,2,2,2,0,0,2,0,0,2,2,2,2,2
111,2780.503,3250.044,68.252,-125.747,-0.580304,0.808079,0.101266,-0.806173,-0.587613,0.069251,0.115466,-0.041451,0.992446,0,0.48183,-0.42113,14.287,-0.397,-1,-1,-1,-1,-1,-1,-1,643.640,630.785,-1,513.177,508.911,-1,-1,-1,-1,-1,2,2,2,2,2,2,2,0,0,2,0,0,2,2,2,2,2
112,2771.086,3239.153,68.256,-126.141,-0.585483,0.803314,0.109071,-0.801690,-0.593709,0.069302,0.120428,-0.046866,0.991615,0,0.48286,-0.41750,14.398,-0.394,-1,-1,-1,-1,-1,-1,-1,634.108,647.152,-1,498.874,496.585,-1,-1,-1,-1,-1,2,2,2,2,2,2,2,0,0,2,0,0,2,2,2,2,2
113,2761.661,3228.248,67.393,-126.517,-0.590546,0.798873,0.114270,-0.797585,-0.599344,0.068160,0.122939,-0.050888,0.991109,0,0.48387,-0.41390,14.414,-0.376,-1,-1,-1,-1,-1,-1,-1,622.109,657.029,-1,490.471,489.797,-1,-1,-1,-1,-1,2,2,2,2,2,2,2,0,0,2,0,0,2,2,2,2,2
