timestep,x_cm,y_cm,z_cm,yaw_deg,basis_xx,basis_xy,basis_xz,basis_yx,basis_yy,basis_yz,basis_zx,basis_zy,basis_zz,teleport_flag,throttle_cmd,steering_cmd,cmd_move_cm,cmd_turn_deg,lidar_cm_0,lidar_cm_1,lidar_cm_2,lidar_cm_3,lidar_cm_4,lidar_cm_5,lidar_cm_6,lidar_cm_7,lidar_cm_8,lidar_cm_9,lidar_cm_10,lidar_cm_11,lidar_cm_12,lidar_cm_13,lidar_cm_14,lidar_cm_15,lidar_cm_16,lidar_class_0,lidar_class_1,lidar_class_2,lidar_class_3,lidar_class_4,lidar_class_5,lidar_class_6,lidar_class_7,lidar_class_8,lidar_class_9,lidar_class_10,lidar_class_11,lidar_class_12,lidar_class_13,lidar_class_14,lidar_class_15,lidar_class_16
0,6227.105,5577.654,236.962,152.301,-0.885427,-0.464772,0.002346,0.464659,-0.885304,-0.018132,0.010504,-0.014964,0.999833,1,0.08000,0.12000,4.800,0.240,-1,400.000,-1,375.000,-1,325.000,300.000,325.000,325.000,500.000,725.000,850.000,-1,750.000,-1,-1,-1,2,0,2,0,2,0,0,0,0,1,0,0,2,0,2,2,2
1,6218.568,5582.045,237.067,152.781,-0.889290,-0.457337,0.002370,0.457222,-0.889162,-0.018401,0.010523,-0.015280,0.999828,0,0.16000,0.24000,9.600,0.480,-1,400.000,-1,375.000,-1,325.000,300.000,325.000,325.000,500.000,725.000,875.000,-1,775.000,-1,-1,-1,2,0,2,0,2,0,0,0,0,1,0,0,2,0,2,2,2
2,6205.681,5588.470,237.227,153.501,-0.894968,-0.446124,0.002400,0.446006,-0.894832,-0.018811,0.010540,-0.015765,0.999820,0,0.24000,0.36000,14.400,0.720,-1,400.000,-1,375.000,-1,325.000,300.000,325.000,325.000,500.000,750.000,875.000,-1,775.000,-1,-1,-1,2,0,2,0,2,0,0,0,0,1,0,0,2,0,2,2,2
3,6188.357,5596.747,237.443,154.461,-0.902318,-0.431065,0.002433,0.430943,-0.902171,-0.019371,0.010545,-0.016430,0.999809,0,0.32000,0.48000,19.200,0.960,-1,400.000,-1,375.000,-1,325.000,300.000,325.000,325.000,525.000,750.000,900.000,-1,775.000,-1,-1,-1,2,0,2,0,2,0,0,0,0,1,0,0,2,0,2,2,2
4,6166.492,5606.643,237.718,155.648,-0.911053,-0.412282,0.002460,0.412155,-0.910892,-0.020088,0.010523,-0.017287,0.999795,0,0.40000,0.59335,24.000,1.187,-1,400.000,-1,375.000,-1,325.000,300.000,325.000,325.000,550.000,775.000,950.000,-1,775.000,1000.000,-1,-1,2,0,2,0,2,0,0,0,0,1,0,0,2,0,1,2,2
5,6140.016,5617.976,238.062,156.828,-0.919352,-0.393427,0.002478,0.393294,-0.919174,-0.020961,0.010524,-0.018296,0.999777,0,0.48000,0.59006,28.800,1.180,-1,400.000,-1,375.000,-1,325.000,300.000,325.000,325.000,550.000,825.000,975.000,-1,775.000,950.000,-1,-1,2,0,2,0,2,0,0,0,0,1,0,0,2,0,1,2,2
6,6108.862,5630.561,238.480,158.003,-0.927229,-0.374488,0.002483,0.374347,-0.927028,-0.021996,0.010539,-0.019466,0.999755,0,0.56000,0.58750,33.600,1.175,-1,400.000,-1,375.000,-1,325.000,300.000,325.000,325.000,575.000,850.000,-1,-1,775.000,875.000,-1,-1,2,0,2,0,2,0,0,0,0,1,0,2,2,0,1,2,2
7,6072.970,5644.211,238.977,159.176,-0.934704,-0.355418,0.002470,0.355270,-0.934476,-0.023201,0.010554,-0.020809,0.999728,0,0.64000,0.58662,38.400,1.173,-1,400.000,-1,375.000,-1,325.000,300.000,325.000,325.000,600.000,900.000,-1,-1,800.000,825.000,-1,-1,2,0,2,0,2,0,0,0,0,1,0,2,2,0,1,2,2
8,6032.286,5658.740,239.559,160.348,-0.941778,-0.336227,0.002438,0.336069,-0.941516,-0.024584,0.010561,-0.022333,0.999695,0,0.72000,0.58577,43.200,1.172,-1,400.000,-1,375.000,-1,325.000,300.000,325.000,325.000,625.000,925.000,-1,-1,800.000,775.000,-1,-1,2,0,2,0,2,0,0,0,0,1,0,2,2,0,1,2,2
9,5986.762,5673.956,240.153,161.518,-0.948450,-0.316916,0.002524,0.316742,-0.948140,-0.026533,0.010802,-0.024366,0.999645,0,0.80000,0.58501,48.000,1.170,-1,400.000,-1,375.000,-1,325.000,300.000,325.000,325.000,650.000,975.000,-1,-1,800.000,750.000,-1,-1,2,0,2,0,2,0,0,0,0,1,0,2,2,0,1,2,2
10,5938.346,5689.047,240.721,162.687,-0.954722,-0.297491,0.002468,0.297299,-0.954346,-0.028940,0.010965,-0.026896,0.999578,0,0.84523,0.58440,50.714,1.169,-1,400.000,-1,375.000,-1,325.000,300.000,325.000,325.000,675.000,1000.000,-1,-1,800.000,725.000,-1,-1,2,0,2,0,2,0,0,0,0,1,0,2,2,0,1,2,2
11,5889.875,5703.078,241.275,163.855,-0.960592,-0.277953,0.002282,0.277748,-0.960139,-0.031463,0.010936,-0.029589,0.999502,0,0.84101,0.58403,50.461,1.168,-1,400.000,-1,375.000,-1,325.000,325.000,325.000,325.000,700.000,-1,-1,-1,800.000,725.000,-1,-1,2,0,2,0,2,0,0,0,1,1,2,2,2,0,1,2,2
12,5839.272,5716.590,241.831,165.049,-0.966178,-0.257867,0.002219,0.257645,-0.965640,-0.034027,0.010918,-0.032304,0.999418,0,0.87294,0.59693,52.376,1.194,-1,400.000,-1,375.000,-1,325.000,325.000,300.000,-1,725.000,-1,-1,-1,825.000,700.000,-1,-1,2,0,2,0,2,0,0,0,2,1,2,2,2,0,1,2,2
13,5788.562,5729.017,242.198,166.230,-0.971291,-0.237884,0.002060,0.237660,-0.970687,-0.035828,0.010522,-0.034310,0.999356,0,0.87018,0.59077,52.211,1.182,-1,400.000,-1,375.000,-1,325.000,325.000,300.000,-1,750.000,-1,-1,-1,825.000,700.000,-1,-1,2,0,2,0,2,0,0,0,2,1,2,2,2,0,0,2,2
14,5737.799,5740.364,242.531,167.399,-0.975944,-0.218016,0.001752,0.217799,-0.975274,-0.037477,0.009880,-0.036194,0.999296,0,0.86692,0.58452,52.015,1.169,-1,400.000,-1,375.000,-1,325.000,325.000,300.000,-1,775.000,-1,-1,-1,825.000,700.000,-1,-1,2,0,2,0,2,0,0,0,2,1,2,2,2,0,0,2,2
15,5687.037,5750.639,242.869,168.556,-0.980146,-0.198274,0.001385,0.198069,-0.979405,-0.039161,0.009121,-0.038109,0.999232,0,0.86320,0.57822,51.792,1.156,-1,400.000,-1,375.000,-1,325.000,325.000,300.000,-1,800.000,-1,-1,-1,825.000,725.000,-1,-1,2,0,2,0,2,0,0,0,2,1,2,2,2,0,0,2,2
16,5636.322,5759.848,243.206,169.707,-0.983933,-0.178533,0.000962,0.178345,-0.983119,-0.040876,0.008244,-0.040047,0.999164,0,0.85907,0.57590,51.544,1.152,-1,400.000,-1,375.000,-1,325.000,325.000,300.000,-1,825.000,-1,-1,-1,825.000,725.000,-1,-1,2,0,2,0,2,0,0,0,2,1,2,2,2,0,0,2,2
17,5585.700,5767.994,243.535,170.857,-0.987317,-0.158762,0.000491,0.158597,-0.986423,-0.042618,0.007250,-0.042000,0.999091,0,0.85456,0.57474,51.274,1.149,-1,400.000,-1,375.000,-1,325.000,325.000,300.000,-1,850.000,-1,-1,-1,825.000,725.000,-1,-1,2,0,2,0,2,0,0,0,2,1,2,2,2,0,0,2,2
18,5535.210,5775.085,243.853,172.005,-0.990298,-0.138960,-0.000025,0.138824,-0.989322,-0.044386,0.006143,-0.043959,0.999014,0,0.84977,0.57388,50.986,1.148,-1,400.000,-1,375.000,-1,325.000,325.000,300.000,-1,875.000,-1,-1,-1,825.000,750.000,-1,-1,2,0,2,0,2,0,0,0,2,1,2,2,2,0,0,2,2
19,5484.886,5781.128,244.153,173.151,-0.992879,-0.119124,-0.000581,0.119024,-0.991817,-0.046175,0.004925,-0.045916,0.998933,0,0.84476,0.57331,50.686,1.147,-1,400.000,-1,375.000,-1,325.000,325.000,300.000,-1,900.000,-1,-1,-1,825.000,750.000,-1,-1,2,0,2,0,2,0,0,0,2,1,2,2,2,0,0,2,2
20,5434.757,5786.133,244.430,174.297,-0.995061,-0.099254,-0.001172,0.099195,-0.993910,-0.047984,0.003598,-0.047863,0.998847,0,0.83964,0.57304,50.378,1.146,-1,400.000,-1,375.000,-1,325.000,325.000,300.000,-1,925.000,-1,-1,-1,800.000,750.000,-1,-1,2,0,2,0,2,0,0,0,2,1,2,2,2,0,0,2,2
21,5384.845,5790.109,244.680,175.443,-0.996846,-0.079346,-0.001793,0.079337,-0.995603,-0.049809,0.002167,-0.049794,0.998757,0,0.83449,0.57306,50.070,1.146,-1,400.000,-1,400.000,-1,325.000,325.000,300.000,-1,950.000,-1,-1,-1,800.000,775.000,-1,-1,2,0,2,0,2,0,0,0,2,1,2,2,2,0,0,2,2
22,5335.169,5793.068,244.897,176.590,-0.998231,-0.059399,-0.002442,0.059446,-0.996895,-0.051647,0.000633,-0.051701,0.998662,0,0.82942,0.57337,49.765,1.147,-1,400.000,-1,400.000,-1,325.000,325.000,300.000,-1,975.000,-1,-1,-1,800.000,775.000,-1,-1,2,0,2,0,2,0,0,0,2,1,2,2,2,0,0,2,2
23,5285.738,5795.019,245.077,177.738,-0.999218,-0.039412,-0.003115,0.039522,-0.997786,-0.053495,-0.001000,-0.053576,0.998563,0,0.82450,0.57396,49.470,1.148,-1,400.000,-1,400.000,-1,325.000,325.000,300.000,-1,1000.000,-1,-1,-1,800.000,775.000,-1,-1,2,0,2,0,2,0,0,0,2,1,2,2,2,0,0,2,2
24,5236.559,5795.972,245.119,178.888,-0.999806,-0.019383,-0.003540,0.019549,-0.998281,-0.055250,-0.002463,-0.055308,0.998466,0,0.81981,0.57483,49.189,1.150,-1,400.000,-1,400.000,-1,325.000,325.000,300.000,575.000,-1,-1,-1,-1,800.000,800.000,-1,-1,2,0,2,0,2,0,0,0,1,2,2,2,2,0,0,2,2
25,5187.633,5795.938,244.720,180.040,-0.999991,0.000690,-0.004148,-0.000458,-0.998454,-0.055580,-0.004180,-0.055578,0.998446,0,0.81544,0.57596,48.926,1.152,-1,400.000,-1,400.000,-1,325.000,325.000,300.000,425.000,-1,-1,-1,-1,775.000,800.000,-1,-1,2,0,2,0,2,0,0,0,1,2,2,2,2,0,0,2,2
26,5138.959,5794.923,244.284,181.194,-0.999772,0.020810,-0.004773,-0.020510,-0.998224,-0.055931,-0.005928,-0.055820,0.998423,0,0.81142,0.57733,48.685,1.155,-1,400.000,-1,400.000,-1,325.000,325.000,300.000,350.000,-1,-1,-1,-1,775.000,825.000,-1,-1,2,0,2,0,2,0,0,0,1,2,2,2,2,0,0,2,2
27,5090.532,5792.933,243.811,182.352,-0.999145,0.040977,-0.005405,-0.040608,-0.997588,-0.056300,-0.007699,-0.056032,0.998399,0,0.80780,0.57894,48.468,1.158,-1,400.000,-1,400.000,-1,325.000,325.000,300.000,325.000,-1,-1,-1,-1,775.000,825.000,-1,-1,2,0,2,0,2,0,0,0,1,2,2,2,2,0,0,2,2
28,5042.346,5789.974,243.299,183.514,-0.998108,0.061190,-0.006035,-0.060752,-0.996542,-0.056686,-0.009483,-0.056212,0.998374,0,0.80462,0.58078,48.277,1.162,-1,400.000,-1,400.000,-1,325.000,325.000,300.000,300.000,-1,-1,-1,-1,775.000,825.000,-1,-1,2,0,2,0,2,0,0,0,1,2,2,2,2,0,0,2,2
29,4994.393,5786.049,242.748,184.679,-0.996655,0.081449,-0.006653,-0.080940,-0.995083,-0.057087,-0.011270,-0.056358,0.998347,0,0.80189,0.58282,48.113,1.166,-1,400.000,-1,400.000,-1,325.000,325.000,300.000,300.000,-1,-1,-1,-1,750.000,825.000,-1,-1,2,0,2,0,2,0,0,0,0,2,2,2,2,0,0,2,2
30,4946.208,5781.320,242.164,185.605,-0.995208,0.097513,-0.007251,-0.096939,-0.993628,-0.057504,-0.012812,-0.056525,0.998319,0,0.80695,0.46282,48.417,0.926,-1,400.000,-1,400.000,-1,325.000,325.000,300.000,300.000,-1,-1,-1,-1,750.000,825.000,-1,-1,2,0,2,0,2,0,0,0,0,2,2,2,2,0,0,2,2
31,4898.179,5776.025,241.556,186.291,-0.993968,0.109395,-0.007817,-0.108765,-0.992379,-0.057919,-0.014093,-0.056720,0.998291,0,0.80534,0.34282,48.320,0.686,-1,400.000,-1,400.000,-1,325.000,325.000,300.000,300.000,-1,-1,-1,-1,750.000,825.000,-1,-1,2,0,2,0,2,0,0,0,0,2,2,2,2,0,0,2,2
32,4850.251,5770.364,240.931,186.736,-0.993084,0.117109,-0.008347,-0.116430,-0.991485,-0.058325,-0.015106,-0.056950,0.998263,0,0.80435,0.22282,48.261,0.446,-1,400.000,-1,400.000,-1,325.000,325.000,300.000,300.000,-1,-1,-1,-1,725.000,825.000,-1,-1,2,0,2,0,2,0,0,0,0,2,2,2,2,0,0,2,2
33,4802.370,5764.534,240.295,186.942,-0.992654,0.120665,-0.008839,-0.119946,-0.991043,-0.058713,-0.015845,-0.057221,0.998236,0,0.80391,0.10282,48.235,0.206,-1,400.000,-1,400.000,-1,325.000,325.000,300.000,300.000,-1,-1,-1,-1,725.000,850.000,-1,-1,2,0,2,0,2,0,0,0,0,2,2,2,2,0,0,2,2
34,4754.483,5758.732,239.655,186.908,-0.992722,0.120068,-0.009295,-0.119318,-0.991097,-0.059079,-0.016306,-0.057540,0.998210,0,0.80396,-0.01718,48.237,-0.034,-1,400.000,-1,400.000,-1,325.000,325.000,300.000,300.000,-1,-1,-1,-1,725.000,850.000,-1,-1,2,0,2,0,2,0,0,0,0,2,2,2,2,0,0,2,2
35,4706.541,5753.156,239.017,186.633,-0.993281,0.115319,-0.009717,-0.114547,-0.991639,-0.059422,-0.016488,-0.057910,0.998186,0,0.80442,-0.13718,48.265,-0.274,-1,400.000,-1,400.000,-1,325.000,325.000,300.000,300.000,-1,-1,-1,-1,725.000,850.000,-1,-1,2,0,2,0,2,0,0,0,0,2,2,2,2,0,0,2,2
36,4658.502,5748.006,238.389,186.119,-0.994271,0.106409,-0.010107,-0.105624,-0.992610,-0.059744,-0.016390,-0.058334,0.998163,0,0.80524,-0.25718,48.314,-0.514,-1,400.000,-1,400.000,-1,325.000,325.000,300.000,300.000,-1,-1,-1,-1,725.000,850.000,-1,-1,2,0,2,0,2,0,0,0,0,2,2,2,2,0,0,2,2
37,4610.331,5743.483,237.712,185.364,-0.995582,0.093330,-0.010305,-0.092555,-0.993911,-0.059793,-0.015823,-0.058575,0.998158,0,0.80637,-0.37718,48.382,-0.754,-1,400.000,-1,400.000,-1,325.000,325.000,300.000,300.000,-1,-1,-1,-1,725.000,875.000,-1,-1,2,0,2,0,2,0,0,0,0,2,2,2,2,0,0,2,2
38,4562.007,5739.791,236.771,184.370,-0.997044,0.076072,-0.010745,-0.075318,-0.995436,-0.058611,-0.015155,-0.057628,0.998223,0,0.80775,-0.49718,48.465,-0.994,-1,400.000,-1,400.000,-1,325.000,325.000,300.000,300.000,-1,-1,-1,-1,725.000,875.000,-1,-1,2,0,2,0,2,0,0,0,0,2,2,2,2,0,0,2,2
39,4513.519,5737.135,235.928,183.136,-0.998443,0.054614,-0.011317,-0.053881,-0.996904,-0.057266,-0.014410,-0.056567,0.998295,0,0.80934,-0.61718,48.561,-1.234,-1,400.000,-1,400.000,-1,325.000,325.000,300.000,300.000,-1,-1,-1,-1,725.000,900.000,-1,-1,2,0,2,0,2,0,0,0,0,2,2,2,2,0,0,2,2
40,4464.872,5735.725,235.146,181.661,-0.999510,0.028948,-0.011904,-0.028239,-0.998035,-0.055931,-0.013500,-0.055568,0.998364,0,0.81111,-0.73718,48.667,-1.474,-1,400.000,-1,400.000,-1,325.000,325.000,300.000,300.000,-1,-1,-1,-1,725.000,900.000,-1,-1,2,0,2,0,2,0,0,0,0,2,2,2,2,0,0,2,2
41,4416.090,5735.771,234.427,179.947,-0.999921,-0.000923,-0.012521,0.001606,-0.998506,-0.054612,-0.012451,-0.054627,0.998429,0,0.81302,-0.85718,48.781,-1.714,-1,400.000,-1,425.000,-1,325.000,325.000,300.000,300.000,-1,-1,-1,-1,725.000,925.000,-1,-1,2,0,2,0,2,0,0,0,0,2,2,2,2,0,0,2,2
42,4367.212,5737.286,233.767,178.225,-0.999435,-0.030927,-0.013176,0.031588,-0.998079,-0.053301,-0.011503,-0.053687,0.998492,0,0.81502,-0.86093,48.901,-1.722,-1,400.000,-1,425.000,-1,325.000,325.000,300.000,300.000,-1,-1,-1,-1,725.000,925.000,-1,-1,2,0,2,0,2,0,0,0,0,2,2,2,2,0,0,2,2
43,4318.282,5740.272,233.159,176.509,-0.998053,-0.060801,-0.013884,0.061445,-0.996755,-0.052000,-0.010677,-0.052752,0.998551,0,0.81700,-0.85791,49.020,-1.716,-1,400.000,-1,425.000,-1,325.000,325.000,300.000,300.000,-1,-1,-1,-1,725.000,950.000,-1,-1,2,0,2,0,2,0,0,0,0,2,2,2,2,0,0,2,2
44,4269.347,5744.726,232.599,174.800,-0.995787,-0.090519,-0.014653,0.091153,-0.994545,-0.050709,-0.009983,-0.051831,0.998606,0,0.81894,-0.85491,49.137,-1.710,-1,400.000,-1,425.000,-1,325.000,325.000,300.000,300.000,-1,-1,-1,-1,750.000,975.000,-1,-1,2,0,2,0,2,0,0,0,0,2,2,2,2,0,0,2,2
45,4220.454,5750.647,232.082,173.096,-0.992646,-0.120056,-0.015497,0.120684,-0.991460,-0.049425,-0.009431,-0.050932,0.998658,0,0.82084,-0.85193,49.251,-1.704,-1,400.000,-1,425.000,-1,325.000,325.000,300.000,300.000,-1,-1,-1,-1,750.000,975.000,-1,-1,2,0,2,0,2,0,0,0,0,2,2,2,2,0,0,2,2
46,4171.646,5758.032,231.602,171.398,-0.988642,-0.149387,-0.016426,0.150016,-0.987511,-0.048146,-0.009029,-0.050063,0.998705,0,0.82271,-0.84897,49.362,-1.698,-1,400.000,-1,425.000,-1,325.000,325.000,300.000,300.000,-1,-1,-1,-1,750.000,1000.000,-1,-1,2,0,2,0,2,0,0,0,0,2,2,2,2,0,0,2,2
47,4122.970,5766.873,231.155,169.706,-0.983787,-0.178489,-0.017451,0.179125,-0.982709,-0.046866,-0.008784,-0.049232,0.998749,0,0.82453,-0.84604,49.472,-1.692,-1,400.000,-1,425.000,-1,325.000,325.000,300.000,300.000,-1,-1,-1,-1,775.000,-1,-1,-1,2,0,2,0,2,0,0,0,0,2,2,2,2,0,2,2,2
48,4074.471,5777.165,230.750,168.019,-0.978094,-0.207338,-0.018523,0.207983,-0.977072,-0.045535,-0.008657,-0.048390,0.998791,0,0.82631,-0.84312,49.578,-1.686,-1,400.000,-1,425.000,-1,325.000,325.000,300.000,300.000,-1,-1,-1,-1,775.000,-1,-1,-1,2,0,2,0,2,0,0,0,0,2,2,2,2,0,2,2,2
49,4026.194,5788.900,230.416,166.339,-0.971578,-0.235913,-0.019506,0.236564,-0.970617,-0.044041,-0.008543,-0.047403,0.998839,0,0.82805,-0.84024,49.683,-1.680,-1,400.000,-1,425.000,-1,325.000,350.000,300.000,300.000,-1,-1,-1,-1,775.000,-1,-1,-1,2,0,2,0,2,0,0,0,0,2,2,2,2,0,2,2,2
50,3978.182,5802.067,230.072,164.664,-0.964248,-0.264189,-0.020721,0.264858,-0.963345,-0.042625,-0.008701,-0.046589,0.998876,0,0.82974,-0.83737,49.784,-1.675,-1,400.000,-1,425.000,-1,325.000,350.000,275.000,300.000,-1,-1,-1,-1,800.000,-1,-1,-1,2,0,2,0,2,0,0,0,0,2,2,2,2,0,2,2,2
51,3930.479,5816.656,229.650,162.995,-0.956112,-0.292141,-0.022429,0.292853,-0.955258,-0.041475,-0.009309,-0.046223,0.998888,0,0.83139,-0.83453,49.883,-1.669,-1,400.000,-1,425.000,-1,325.000,350.000,275.000,300.000,-1,-1,-1,-1,800.000,-1,-1,-1,2,0,2,0,2,0,0,0,0,2,2,2,2,0,2,2,2
52,3883.129,5832.654,229.225,161.332,-0.947190,-0.319751,-0.024290,0.320513,-0.946385,-0.040328,-0.010092,-0.045984,0.998891,0,0.83299,-0.83172,49.980,-1.663,-1,400.000,-1,450.000,-1,325.000,350.000,275.000,300.000,-1,-1,-1,-1,800.000,-1,-1,-1,2,0,2,0,2,0,0,0,0,2,2,2,2,0,2,2,2
53,3836.173,5850.048,228.619,159.674,-0.937512,-0.347009,-0.025627,0.347794,-0.936769,-0.038773,-0.010552,-0.045263,0.998919,0,0.83455,-0.82893,50.073,-1.658,-1,400.000,-1,450.000,-1,350.000,350.000,275.000,300.000,-1,-1,-1,-1,800.000,-1,-1,-1,2,0,2,0,2,0,0,0,0,2,2,2,2,0,2,2,2
54,3789.377,5868.938,227.854,158.019,-0.927053,-0.373937,-0.027258,0.374751,-0.926401,-0.036638,-0.011552,-0.044180,0.998957,0,0.84108,-0.82751,50.465,-1.655,-1,400.000,-1,450.000,-1,350.000,350.000,275.000,300.000,-1,-1,-1,-1,800.000,-1,-1,-1,2,0,2,0,2,0,0,0,0,2,2,2,2,0,2,2,2
55,3743.133,5889.175,226.965,156.366,-0.915821,-0.400531,-0.029103,0.401377,-0.915279,-0.034079,-0.012988,-0.042891,0.998995,0,0.84129,-0.82663,50.477,-1.653,-1,400.000,-1,450.000,-1,350.000,350.000,275.000,300.000,-1,-1,-1,-1,800.000,1000.000,-1,-1,2,0,2,0,2,0,0,0,0,2,2,2,2,0,0,2,2
56,3697.481,5910.742,225.989,154.714,-0.903827,-0.426768,-0.031077,0.427644,-0.903406,-0.031286,-0.014723,-0.041567,0.999027,0,0.84149,-0.82576,50.489,-1.652,-1,425.000,-1,450.000,-1,350.000,350.000,275.000,300.000,-1,-1,-1,-1,800.000,1000.000,-1,-1,2,0,2,0,2,0,0,0,0,2,2,2,2,0,0,2,2
57,3656.663,5931.269,225.074,153.302,-0.892970,-0.448911,-0.032900,0.449815,-0.892657,-0.028800,-0.016440,-0.040516,0.999044,0,0.76149,-0.70576,45.689,-1.412,-1,425.000,-1,450.000,-1,350.000,350.000,275.000,300.000,-1,-1,-1,-1,800.000,975.000,-1,-1,2,0,2,0,2,0,0,0,0,2,2,2,2,0,0,2,2
58,3620.516,5950.384,224.225,152.131,-0.883537,-0.467084,-0.034561,0.468011,-0.883322,-0.026611,-0.018099,-0.039687,0.999048,0,0.68149,-0.58576,40.889,-1.172,-1,400.000,-1,425.000,-1,350.000,350.000,275.000,300.000,-1,-1,-1,-1,800.000,975.000,-1,-1,2,0,2,0,2,0,0,0,0,2,2,2,2,0,0,2,2
59,3588.891,5967.770,223.452,151.199,-0.875762,-0.481396,-0.036055,0.482342,-0.875635,-0.024688,-0.019686,-0.039011,0.999045,0,0.60149,-0.46576,36.089,-0.932,-1,400.000,-1,425.000,-1,350.000,350.000,275.000,300.000,-1,-1,-1,-1,800.000,950.000,-1,-1,2,0,2,0,2,0,0,0,0,2,2,2,2,0,0,2,2
60,3561.656,5983.174,222.792,150.508,-0.869825,-0.491942,-0.037395,0.492902,-0.869784,-0.022872,-0.021274,-0.038327,0.999039,0,0.52149,-0.34576,31.289,-0.692,-1,400.000,-1,425.000,-1,350.000,350.000,275.000,300.000,-1,-1,-1,-1,800.000,950.000,-1,-1,2,0,2,0,2,0,0,0,0,2,2,2,2,0,0,2,2
61,3538.703,5996.397,222.214,150.056,-0.865865,-0.498792,-0.038540,0.499762,-0.865899,-0.021352,-0.022721,-0.037748,0.999029,0,0.44149,-0.22576,26.489,-0.452,-1,400.000,-1,425.000,-1,350.000,350.000,275.000,300.000,-1,-1,-1,-1,775.000,925.000,-1,-1,2,0,2,0,2,0,0,0,0,2,2,2,2,0,0,2,2
62,3519.949,6007.292,221.727,149.845,-0.863969,-0.501995,-0.039483,0.502972,-0.864068,-0.020124,-0.024014,-0.037245,0.999018,0,0.36149,-0.10576,21.689,-0.212,-1,400.000,-1,425.000,-1,350.000,350.000,275.000,300.000,-1,-1,-1,-1,775.000,925.000,-1,-1,2,0,2,0,2,0,0,0,0,2,2,2,2,0,0,2,2
63,3505.341,6015.769,221.338,149.873,-0.864179,-0.501574,-0.040223,0.502555,-0.864332,-0.019186,-0.025143,-0.036795,0.999007,0,0.28149,0.01424,16.889,0.028,-1,400.000,-1,425.000,-1,325.000,350.000,275.000,300.000,-1,-1,-1,-1,775.000,925.000,-1,-1,2,0,2,0,2,0,0,0,0,2,2,2,2,0,0,2,2
64,3494.867,6021.805,221.054,150.048,-0.865673,-0.498947,-0.040756,0.499931,-0.865867,-0.018530,-0.026044,-0.036416,0.998997,0,0.20149,0.08720,12.089,0.174,-1,400.000,-1,425.000,-1,325.000,350.000,275.000,300.000,-1,-1,-1,-1,775.000,925.000,-1,-1,2,0,2,0,2,0,0,0,0,2,2,2,2,0,0,2,2
65,3488.540,6025.425,220.880,150.223,-0.867175,-0.496307,-0.041078,0.497291,-0.867394,-0.018141,-0.026627,-0.036159,0.998991,0,0.12149,0.08744,7.289,0.175,-1,400.000,-1,425.000,-1,325.000,350.000,275.000,300.000,-1,-1,-1,-1,775.000,900.000,-1,-1,2,0,2,0,2,0,0,0,0,2,2,2,2,0,0,2,2
66,3486.376,6026.655,220.822,150.398,-0.868682,-0.493655,-0.041190,0.494640,-0.868911,-0.018017,-0.026896,-0.036025,0.998989,0,0.04149,0.08759,2.489,0.175,-1,400.000,-1,425.000,-1,325.000,350.000,275.000,300.000,-1,-1,-1,-1,775.000,900.000,-1,-1,2,0,2,0,2,0,0,0,0,2,2,2,2,0,0,2,2
67,3488.389,6025.519,220.882,150.573,-0.870193,-0.490994,-0.041092,0.491979,-0.870418,-0.018157,-0.026852,-0.036017,0.998990,0,-0.03851,0.08764,-2.311,0.175,-1,400.000,-1,425.000,-1,325.000,350.000,275.000,300.000,-1,-1,-1,-1,775.000,900.000,-1,-1,2,0,2,0,2,0,0,0,0,2,2,2,2,0,0,2,2
68,3494.593,6022.045,221.059,150.748,-0.871706,-0.488329,-0.040785,0.489312,-0.871911,-0.018561,-0.026497,-0.036136,0.998996,0,-0.11851,0.08759,-7.111,0.175,-1,400.000,-1,425.000,-1,325.000,350.000,275.000,300.000,-1,-1,-1,-1,775.000,900.000,-1,-1,2,0,2,0,2,0,0,0,0,2,2,2,2,0,0,2,2
69,3505.002,6016.256,221.350,150.923,-0.873219,-0.485661,-0.040270,0.486642,-0.873390,-0.019231,-0.025831,-0.036390,0.999004,0,-0.19851,0.08744,-11.911,0.175,-1,400.000,-1,425.000,-1,325.000,350.000,275.000,300.000,-1,-1,-1,-1,775.000,925.000,-1,-1,2,0,2,0,2,0,0,0,0,2,2,2,2,0,0,2,2
70,3519.632,6008.179,221.752,151.098,-0.874730,-0.482993,-0.039550,0.483972,-0.874851,-0.020170,-0.024858,-0.036785,0.999014,0,-0.27851,0.08719,-16.711,0.174,-1,400.000,-1,425.000,-1,325.000,350.000,275.000,300.000,-1,-1,-1,-1,775.000,925.000,-1,-1,2,0,2,0,2,0,0,0,0,2,2,2,2,0,0,2,2
71,3538.495,5997.840,222.255,151.271,-0.876237,-0.480330,-0.038629,0.481303,-0.876293,-0.021385,-0.023578,-0.037330,0.999025,0,-0.35851,0.08684,-21.511,0.174,-1,400.000,-1,425.000,-1,350.000,350.000,275.000,300.000,-1,-1,-1,-1,775.000,925.000,-1,-1,2,0,2,0,2,0,0,0,0,2,2,2,2,0,0,2,2
72,3561.510,5985.314,222.847,151.444,-0.877737,-0.477672,-0.037514,0.478638,-0.877715,-0.022874,-0.022000,-0.038033,0.999034,0,-0.43671,0.08639,-26.202,0.173,-1,400.000,-1,425.000,-1,350.000,350.000,275.000,300.000,-1,-1,-1,-1,775.000,950.000,-1,-1,2,0,2,0,2,0,0,0,0,2,2,2,2,0,0,2,2
73,3584.563,5972.857,223.417,151.616,-0.879219,-0.475026,-0.036407,0.475981,-0.879118,-0.024378,-0.020426,-0.038763,0.999040,0,-0.43672,0.08588,-26.203,0.172,-1,400.000,-1,425.000,-1,350.000,350.000,275.000,300.000,-1,-1,-1,-1,775.000,950.000,-1,-1,2,0,2,0,2,0,0,0,0,2,2,2,2,0,0,2,2
74,3607.652,5960.470,223.978,151.786,-0.880681,-0.472390,-0.035320,0.473332,-0.880505,-0.025835,-0.018895,-0.039471,0.999042,0,-0.43671,0.08538,-26.203,0.171,-1,400.000,-1,425.000,-1,350.000,350.000,275.000,300.000,-1,-1,-1,-1,800.000,950.000,-1,-1,2,0,2,0,2,0,0,0,0,2,2,2,2,0,0,2,2
75,3630.777,5948.151,224.538,151.956,-0.882125,-0.469767,-0.034262,0.470692,-0.881879,-0.027195,-0.017440,-0.040117,0.999043,0,-0.43669,0.08490,-26.202,0.170,-1,425.000,-1,425.000,-1,350.000,350.000,275.000,300.000,-1,-1,-1,-1,800.000,975.000,-1,-1,2,0,2,0,2,0,0,0,0,2,2,2,2,0,0,2,2
76,3653.937,5935.901,225.078,152.125,-0.883553,-0.467152,-0.033213,0.468059,-0.883236,-0.028569,-0.015989,-0.040788,0.999040,0,-0.43667,0.08445,-26.200,0.169,-1,425.000,-1,450.000,-1,350.000,350.000,275.000,300.000,-1,-1,-1,-1,800.000,975.000,-1,-1,2,0,2,0,2,0,0,0,0,2,2,2,2,0,0,2,2
77,3677.131,5923.720,225.595,152.293,-0.884964,-0.464547,-0.032173,0.465432,-0.884576,-0.029956,-0.014544,-0.041485,0.999033,0,-0.43663,0.08401,-26.198,0.168,-1,425.000,-1,450.000,-1,350.000,350.000,275.000,300.000,-1,-1,-1,-1,800.000,1000.000,-1,-1,2,0,2,0,2,0,0,0,0,2,2,2,2,0,0,2,2
78,3700.358,5911.609,226.092,152.460,-0.886359,-0.461949,-0.031142,0.462812,-0.885901,-0.031358,-0.013103,-0.042207,0.999023,0,-0.43658,0.08360,-26.195,0.167,-1,425.000,-1,450.000,-1,350.000,350.000,275.000,300.000,-1,-1,-1,-1,800.000,1000.000,-1,-1,2,0,2,0,2,0,0,0,0,2,2,2,2,0,0,2,2
79,3723.616,5899.566,226.567,152.627,-0.887740,-0.459359,-0.030120,0.460198,-0.887211,-0.032772,-0.011668,-0.042954,0.999009,0,-0.43652,0.08322,-26.191,0.166,-1,425.000,-1,450.000,-1,350.000,350.000,275.000,300.000,-1,-1,-1,-1,825.000,-1,-1,-1,2,0,2,0,2,0,0,0,0,2,2,2,2,0,2,2,2
80,3746.906,5887.593,227.022,152.793,-0.889105,-0.456776,-0.029106,0.457588,-0.888506,-0.034201,-0.010238,-0.043726,0.998991,0,-0.43645,0.08285,-26.187,0.166,-1,425.000,-1,450.000,-1,350.000,350.000,275.000,300.000,-1,-1,-1,-1,825.000,-1,-1,-1,2,0,2,0,2,0,0,0,0,2,2,2,2,0,2,2,2
81,3770.225,5875.689,227.455,152.958,-0.890457,-0.454200,-0.028100,0.454983,-0.889787,-0.035642,-0.008814,-0.044523,0.998969,0,-0.43637,0.08251,-26.182,0.165,-1,425.000,-1,450.000,-1,350.000,350.000,275.000,300.000,-1,-1,-1,-1,825.000,-1,-1,-1,2,0,2,0,2,0,0,0,0,2,2,2,2,0,2,2,2
82,3793.574,5863.854,227.826,153.122,-0.891792,-0.451631,-0.027143,0.452384,-0.891059,-0.036903,-0.007519,-0.045189,0.998950,0,-0.43628,0.08219,-26.177,0.164,-1,425.000,-1,450.000,-1,350.000,350.000,275.000,300.000,-1,-1,-1,-1,825.000,-1,-1,-1,2,0,2,0,2,0,0,0,0,2,2,2,2,0,2,2,2
83,3816.952,5852.089,228.054,153.286,-0.893105,-0.449078,-0.026317,0.449800,-0.892337,-0.037605,-0.006596,-0.045423,0.998946,0,-0.43619,0.08189,-26.171,0.164,-1,425.000,-1,450.000,-1,350.000,350.000,275.000,300.000,-1,-1,-1,-1,825.000,-1,-1,-1,2,0,2,0,2,0,0,0,0,2,2,2,2,0,2,2,2
84,3840.358,5840.393,228.259,153.449,-0.894406,-0.446529,-0.025505,0.447220,-0.893603,-0.038311,-0.005684,-0.045672,0.998940,0,-0.43608,0.08162,-26.165,0.163,-1,425.000,-1,450.000,-1,350.000,350.000,275.000,300.000,-1,-1,-1,-1,825.000,-1,-1,-1,2,0,2,0,2,0,0,0,0,2,2,2,2,0,2,2,2
85,3863.790,5828.767,228.441,153.612,-0.895694,-0.443983,-0.024708,0.444644,-0.894857,-0.039021,-0.004785,-0.045937,0.998933,0,-0.43597,0.08137,-26.158,0.163,-1,425.000,-1,450.000,-1,350.000,350.000,275.000,300.000,-1,-1,-1,-1,825.000,-1,-1,-1,2,0,2,0,2,0,0,0,0,2,2,2,2,0,2,2,2
86,3887.569,5817.053,228.536,153.774,-0.896975,-0.441449,-0.023632,0.442065,-0.896108,-0.039611,-0.003690,-0.045977,0.998936,0,-0.44178,0.08106,-26.507,0.162,-1,425.000,-1,425.000,-1,350.000,350.000,275.000,300.000,-1,-1,-1,-1,850.000,-1,-1,-1,2,0,2,0,2,0,0,0,0,2,2,2,2,0,2,2,2
87,3907.108,5807.598,228.598,154.176,-0.900072,-0.435148,-0.022723,0.435731,-0.899183,-0.040097,-0.002984,-0.045992,0.998937,0,-0.36178,0.20106,-21.707,0.402,-1,425.000,-1,425.000,-1,350.000,350.000,275.000,300.000,-1,-1,-1,-1,850.000,-1,-1,-1,2,0,2,0,2,0,0,0,0,2,2,2,2,0,2,2,2
88,3922.408,5800.404,228.649,154.818,-0.904905,-0.425043,-0.022035,0.425606,-0.904002,-0.040500,-0.002706,-0.046027,0.998937,0,-0.28178,0.32106,-16.907,0.642,-1,425.000,-1,425.000,-1,350.000,350.000,275.000,300.000,-1,-1,-1,-1,850.000,-1,-1,-1,2,0,2,0,2,0,0,0,0,2,2,2,2,0,2,2,2
89,3933.442,5795.422,228.696,155.700,-0.911347,-0.411075,-0.021557,0.411630,-0.910437,-0.040812,-0.002850,-0.046067,0.998934,0,-0.20178,0.44106,-12.107,0.882,-1,425.000,-1,425.000,-1,350.000,350.000,275.000,300.000,-1,-1,-1,-1,825.000,-1,-1,-1,2,0,2,0,2,0,0,0,0,2,2,2,2,0,2,2,2
90,3940.159,5792.546,228.740,156.822,-0.919221,-0.393166,-0.021278,0.393727,-0.918311,-0.041032,-0.003407,-0.046095,0.998931,0,-0.12178,0.56106,-7.307,1.122,-1,400.000,-1,425.000,-1,350.000,350.000,275.000,300.000,-1,-1,-1,-1,825.000,-1,-1,-1,2,0,2,0,2,0,0,0,0,2,2,2,2,0,2,2,2
91,3942.487,5791.614,228.777,158.184,-0.928301,-0.371226,-0.021187,0.371804,-0.927398,-0.041159,-0.004370,-0.046086,0.998928,0,-0.04178,0.68106,-2.507,1.362,-1,400.000,-1,425.000,-1,325.000,350.000,275.000,300.000,-1,-1,-1,-1,825.000,-1,-1,-1,2,0,2,0,2,0,0,0,0,2,2,2,2,0,2,2,2
92,3940.335,5792.406,228.801,159.787,-0.938305,-0.345153,-0.021274,0.345761,-0.937418,-0.041198,-0.005723,-0.046012,0.998924,0,0.03822,0.80106,2.293,1.602,-1,400.000,-1,425.000,-1,325.000,350.000,275.000,300.000,-1,-1,-1,-1,800.000,-1,-1,-1,2,0,2,0,2,0,0,0,0,2,2,2,2,0,2,2,2
93,3933.608,5794.652,228.798,161.536,-0.948387,-0.316383,-0.021525,0.317029,-0.947523,-0.041150,-0.007377,-0.045851,0.998921,0,0.11822,0.87452,7.093,1.749,-1,400.000,-1,425.000,-1,325.000,350.000,275.000,300.000,-1,-1,-1,-1,800.000,-1,-1,-1,2,0,2,0,2,0,0,0,0,2,2,2,2,0,2,2,2
94,3922.217,5798.073,228.753,163.285,-0.957588,-0.287306,-0.021930,0.287995,-0.956753,-0.041015,-0.009198,-0.045591,0.998918,0,0.19822,0.87491,11.893,1.750,-1,400.000,-1,425.000,-1,325.000,350.000,275.000,300.000,-1,-1,-1,-1,775.000,-1,-1,-1,2,0,2,0,2,0,0,0,0,2,2,2,2,0,2,2,2
95,3906.090,5802.383,228.652,165.037,-0.965900,-0.257939,-0.022475,0.258675,-0.965102,-0.040801,-0.011166,-0.045224,0.998914,0,0.27822,0.87559,16.693,1.751,-1,400.000,-1,425.000,-1,325.000,350.000,275.000,300.000,-1,-1,-1,-1,775.000,-1,-1,-1,2,0,2,0,2,0,0,0,0,2,2,2,2,0,2,2,2
96,3885.166,5807.295,228.436,166.790,-0.973320,-0.228299,-0.022984,0.229077,-0.972570,-0.040391,-0.013133,-0.044578,0.998920,0,0.35822,0.87658,21.493,1.753,-1,400.000,-1,425.000,-1,325.000,350.000,275.000,300.000,-1,-1,-1,-1,775.000,1000.000,-1,-1,2,0,2,0,2,0,0,0,0,2,2,2,2,0,0,2,2
97,3859.397,5812.517,227.970,168.546,-0.979839,-0.198404,-0.023468,0.199210,-0.979168,-0.039321,-0.015178,-0.043203,0.998951,0,0.43822,0.87790,26.293,1.756,-1,400.000,-1,425.000,-1,325.000,350.000,275.000,300.000,-1,-1,-1,-1,750.000,1000.000,-1,-1,2,0,2,0,2,0,0,0,0,2,2,2,2,0,0,2,2
98,3828.749,5817.754,227.283,170.305,-0.985445,-0.168265,-0.024197,0.169094,-0.984878,-0.037704,-0.017487,-0.041247,0.998996,0,0.51822,0.87959,31.093,1.759,-1,400.000,-1,425.000,-1,325.000,350.000,275.000,300.000,-1,-1,-1,-1,750.000,975.000,-1,-1,2,0,2,0,2,0,0,0,0,2,2,2,2,0,0,2,2
99,3793.199,5822.709,226.435,172.067,-0.990128,-0.137913,-0.025012,0.138756,-0.989677,-0.035859,-0.019808,-0.038976,0.999044,0,0.59822,0.88106,35.893,1.762,-1,400.000,-1,425.000,-1,325.000,350.000,275.000,300.000,-1,-1,-1,-1,725.000,950.000,-1,-1,2,0,2,0,2,0,0,0,0,2,2,2,2,0,0,2,2
100,3752.742,5827.082,225.414,173.832,-0.993881,-0.107380,-0.025902,0.108225,-0.993552,-0.033790,-0.022106,-0.036386,0.999093,0,0.67822,0.88240,40.693,1.765,-1,400.000,-1,425.000,-1,325.000,325.000,300.000,300.000,-1,-1,-1,-1,700.000,925.000,-1,-1,2,0,2,0,2,0,0,0,0,2,2,2,2,0,0,2,2
101,3707.383,5830.574,224.214,175.600,-0.996694,-0.076681,-0.026852,0.077514,-0.996493,-0.031502,-0.024343,-0.033480,0.999143,0,0.75822,0.88407,45.493,1.768,-1,375.000,-1,425.000,-1,325.000,325.000,300.000,300.000,-1,-1,-1,-1,700.000,900.000,-1,-1,2,0,2,0,2,0,0,0,0,2,2,2,2,0,0,2,2
102,3657.143,5832.881,222.832,177.372,-0.998561,-0.045831,-0.027849,0.046636,-0.998491,-0.029003,-0.026478,-0.030260,0.999191,0,0.83822,0.88611,50.293,1.772,1000.000,375.000,-1,425.000,-1,325.000,325.000,300.000,300.000,-1,-1,-1,-1,675.000,875.000,-1,-1,0,0,2,0,2,0,0,0,0,2,2,2,2,0,0,2,2
103,3606.447,5833.635,221.419,179.149,-0.999477,-0.014845,-0.028715,0.015606,-0.999529,-0.026435,-0.028309,-0.026869,0.999238,0,0.84503,0.88856,50.702,1.777,950.000,375.000,-1,425.000,-1,325.000,325.000,300.000,300.000,-1,-1,-1,-1,675.000,850.000,-1,-1,0,0,2,0,2,0,0,0,0,2,2,2,2,0,0,2,2
104,3555.688,5832.811,219.989,180.932,-0.999434,0.016253,-0.029469,-0.015553,-0.999595,-0.023846,-0.029845,-0.023374,0.999281,0,0.84610,0.89122,50.766,1.782,925.000,375.000,-1,425.000,-1,325.000,325.000,300.000,300.000,-1,-1,-1,-1,650.000,825.000,-1,-1,0,0,2,0,2,0,0,0,0,2,2,2,2,0,0,2,2
105,3504.898,5830.400,218.549,182.720,-0.998419,0.047440,-0.030139,-0.046810,-0.998677,-0.021266,-0.031108,-0.019822,0.999319,0,0.84744,0.89406,50.847,1.788,900.000,375.000,-1,400.000,-1,325.000,325.000,300.000,300.000,-1,-1,-1,-1,650.000,800.000,-1,-1,0,0,2,0,2,0,0,0,0,2,2,2,2,0,0,2,2
106,3454.175,5826.400,217.129,184.510,-0.996429,0.078622,-0.030774,-0.078074,-0.996773,-0.018638,-0.032140,-0.016169,0.999353,0,0.84801,0.89516,50.881,1.790,875.000,375.000,-1,400.000,-1,300.000,325.000,300.000,300.000,-1,-1,-1,-1,625.000,800.000,1000.000,-1,0,0,2,0,2,0,0,0,0,2,2,2,2,0,0,0,2
107,3403.601,5820.817,215.722,186.300,-0.993469,0.109731,-0.031296,-0.109271,-0.993882,-0.016046,-0.032866,-0.012522,0.999381,0,0.84801,0.89516,50.881,1.790,850.000,375.000,-1,400.000,-1,300.000,325.000,300.000,325.000,-1,-1,-1,-1,625.000,775.000,950.000,-1,0,0,2,0,2,0,0,0,0,2,2,2,2,0,0,0,2
108,3353.227,5813.657,214.342,188.091,-0.989540,0.140734,-0.031701,-0.140368,-0.990007,-0.013490,-0.033283,-0.008899,0.999406,0,0.84801,0.89516,50.881,1.790,825.000,350.000,-1,400.000,-1,300.000,325.000,300.000,325.000,-1,-1,-1,-1,600.000,750.000,900.000,-1,0,0,2,0,2,0,0,0,0,2,2,2,2,0,0,0,2
109,3303.100,5804.926,212.936,189.881,-0.984665,0.171599,-0.031435,-0.171345,-0.985154,-0.010629,-0.032793,-0.005079,0.999449,0,0.84801,0.89516,50.881,1.790,825.000,350.000,-1,375.000,-1,300.000,300.000,300.000,325.000,-1,-1,-1,-1,600.000,725.000,900.000,-1,0,0,2,0,2,0,0,0,0,2,2,2,2,0,0,0,2
110,3253.272,5794.634,211.741,191.671,-0.978871,0.202296,-0.029795,-0.202143,-0.979323,-0.008108,-0.030819,-0.001914,0.999523,0,0.84801,0.89516,50.881,1.790,825.000,350.000,-1,375.000,-1,300.000,300.000,300.000,325.000,-1,-1,-1,-1,600.000,700.000,875.000,-1,0,0,2,0,2,0,0,0,0,2,2,2,2,0,0,0,2
111,3208.496,5783.743,210.674,193.671,-0.971265,0.236351,-0.027973,-0.236280,-0.971667,-0.005867,-0.028567,0.000911,0.999591,0,0.76801,1.00000,46.081,2.000,850.000,350.000,-1,375.000,-1,300.000,300.000,300.000,325.000,-1,-1,700.000,-1,600.000,700.000,875.000,-1,0,0,2,0,2,0,0,0,0,2,2,0,2,0,0,0,2
112,3168.750,5772.592,209.833,195.671,-0.962477,0.270116,-0.025983,-0.270121,-0.962820,-0.003402,-0.025936,0.003744,0.999657,0,0.68801,1.00000,41.281,2.000,850.000,350.000,-1,375.000,-1,300.000,300.000,300.000,325.000,-1,-1,550.000,-1,600.000,700.000,900.000,-1,0,0,2,0,2,0,0,0,0,2,2,0,2,0,0,0,2
113,3133.991,5761.518,209.149,197.671,-0.952510,0.303547,-0.024181,-0.303611,-0.952796,-0.001064,-0.023363,0.006328,0.999707,0,0.60801,0.99992,36.481,2.000,875.000,350.000,-1,375.000,-1,300.000,300.000,300.000,325.000,-1,700.000,425.000,-1,600.000,675.000,900.000,-1,0,0,2,0,2,0,0,0,0,2,0,0,2,0,0,0,2
114,3104.159,5750.854,208.593,199.670,-0.941381,0.336586,-0.022622,-0.336694,-0.941614,0.001038,-0.020952,0.008594,0.999744,0,0.52801,0.99932,31.681,1.999,900.000,350.000,-1,375.000,-1,300.000,300.000,300.000,325.000,-1,575.000,350.000,-1,600.000,675.000,925.000,-1,0,0,2,0,2,0,0,0,0,2,0,0,2,0,0,0,2
115,3079.177,5740.929,208.154,201.667,-0.929109,0.369191,-0.021316,-0.369331,-0.929294,0.002885,-0.018744,0.010553,0.999769,0,0.44801,0.99862,26.881,1.997,925.000,350.000,-1,375.000,-1,300.000,300.000,325.000,325.000,-1,475.000,300.000,-1,600.000,675.000,925.000,-1,0,0,2,0,2,0,0,0,0,2,0,0,2,0,0,0,2
116,3058.953,5732.067,207.818,203.663,-0.915713,0.401322,-0.020270,-0.401483,-0.915855,0.004458,-0.016776,0.012220,0.999785,0,0.36801,0.99786,22.081,1.996,950.000,350.000,-1,375.000,-1,300.000,300.000,325.000,325.000,-1,425.000,275.000,-1,600.000,650.000,950.000,-1,0,0,2,0,2,0,0,0,0,2,0,0,2,0,0,0,2
117,3043.376,5724.584,207.574,205.657,-0.901212,0.432941,-0.019489,-0.433117,-0.901320,0.005741,-0.015080,0.013614,0.999794,0,0.28801,0.99708,17.281,1.994,975.000,350.000,-1,375.000,-1,300.000,300.000,325.000,325.000,-1,375.000,275.000,-1,600.000,650.000,950.000,-1,0,0,2,0,2,0,0,0,0,2,0,0,2,0,0,0,2
118,3032.321,5718.792,207.409,207.650,-0.885626,0.464011,-0.018975,-0.464197,-0.885706,0.006720,-0.013688,0.014759,0.999797,0,0.20801,0.99631,12.481,1.993,1000.000,350.000,-1,375.000,-1,300.000,300.000,325.000,325.000,-1,325.000,250.000,-1,600.000,650.000,975.000,-1,0,0,2,0,2,0,0,0,0,2,0,0,2,0,0,0,2
119,3025.645,5714.994,207.312,209.641,-0.868977,0.494499,-0.018730,-0.494692,-0.869037,0.007383,-0.012626,0.015681,0.999797,0,0.12801,0.99560,7.681,1.991,1000.000,350.000,-1,375.000,-1,300.000,300.000,325.000,325.000,-1,300.000,250.000,-1,600.000,650.000,975.000,-1,0,0,2,0,2,0,0,0,0,2,0,0,2,0,0,0,2
120,3023.192,5713.483,207.273,211.631,-0.851283,0.524371,-0.018753,-0.524571,-0.851332,0.007719,-0.011917,0.016409,0.999794,0,0.04801,0.99499,2.881,1.990,-1,350.000,-1,375.000,-1,300.000,300.000,325.000,325.000,-1,300.000,250.000,-1,600.000,625.000,1000.000,-1,2,0,2,0,2,0,0,0,0,2,0,0,2,0,0,0,2
121,3024.790,5714.545,207.287,213.620,-0.832566,0.553598,-0.019042,-0.553804,-0.832611,0.007722,-0.011580,0.016975,0.999789,0,-0.03199,0.99450,-1.919,1.989,-1,350.000,-1,375.000,-1,300.000,300.000,325.000,325.000,-1,275.000,250.000,-1,600.000,625.000,1000.000,-1,2,0,2,0,2,0,0,0,0,2,0,0,2,0,0,0,2
122,3030.253,5718.457,207.348,215.608,-0.812846,0.582149,-0.019595,-0.582362,-0.812896,0.007383,-0.011630,0.017413,0.999781,0,-0.11199,0.99417,-6.719,1.988,-1,350.000,-1,375.000,-1,300.000,300.000,325.000,325.000,-1,275.000,250.000,-1,600.000,625.000,1000.000,-1,2,0,2,0,2,0,0,0,0,2,0,0,2,0,0,0,2
123,3039.380,5725.485,207.457,217.596,-0.792143,0.609995,-0.020407,-0.610217,-0.792206,0.006698,-0.012081,0.017758,0.999769,0,-0.19199,0.99403,-11.519,1.988,-1,350.000,-1,375.000,-1,300.000,300.000,325.000,325.000,-1,275.000,250.000,-1,600.000,625.000,1000.000,-1,2,0,2,0,2,0,0,0,0,2,0,0,2,0,0,0,2
124,3051.957,5735.884,207.682,219.584,-0.770477,0.637106,-0.021479,-0.637341,-0.770559,0.006014,-0.012719,0.018323,0.999751,0,-0.27199,0.99410,-16.319,1.988,-1,350.000,-1,375.000,-1,300.000,300.000,325.000,325.000,-1,275.000,250.000,-1,625.000,625.000,-1,-1,2,0,2,0,2,0,0,0,0,2,0,0,2,0,0,2,2
125,3066.693,5748.954,207.969,221.573,-0.747870,0.663455,-0.022755,-0.663706,-0.747975,0.005205,-0.013567,0.018995,0.999728,0,-0.32828,0.99439,-19.697,1.989,-1,350.000,-1,350.000,-1,300.000,300.000,325.000,325.000,-1,275.000,250.000,-1,625.000,625.000,-1,-1,2,0,2,0,2,0,0,0,0,2,0,0,2,0,0,2,2
126,3081.012,5762.572,208.257,223.563,-0.724348,0.689015,-0.024056,-0.689284,-0.724478,0.004376,-0.014413,0.019751,0.999701,0,-0.32935,0.99486,-19.761,1.990,-1,350.000,-1,350.000,-1,300.000,300.000,325.000,325.000,-1,250.000,250.000,-1,625.000,625.000,-1,1000.000,2,0,2,0,2,0,0,0,0,2,0,0,2,0,0,2,0
127,3094.892,5776.723,208.545,225.554,-0.699937,0.713754,-0.025379,-0.714042,-0.700094,0.003530,-0.015248,0.020592,0.999672,0,-0.33036,0.99538,-19.822,1.991,-1,350.000,-1,350.000,-1,300.000,300.000,325.000,325.000,-1,250.000,275.000,-1,625.000,625.000,-1,975.000,2,0,2,0,2,0,0,0,0,2,0,0,2,0,0,2,0
128,3108.311,5791.390,208.834,227.545,-0.674663,0.737642,-0.026719,-0.737951,-0.674849,0.002669,-0.016062,0.021518,0.999639,0,-0.33132,0.99595,-19.879,1.992,-1,350.000,-1,350.000,1000.000,300.000,300.000,325.000,325.000,-1,250.000,275.000,-1,625.000,625.000,-1,950.000,2,0,2,0,0,0,0,0,0,2,0,0,2,0,0,2,0
129,3121.247,5806.556,209.123,229.539,-0.648555,0.760650,-0.028073,-0.760982,-0.648771,0.001797,-0.016846,0.022528,0.999604,0,-0.33223,0.99657,-19.934,1.993,-1,350.000,-1,350.000,975.000,300.000,300.000,325.000,325.000,-1,250.000,300.000,-1,625.000,600.000,-1,950.000,2,0,2,0,0,0,0,0,0,2,0,0,2,0,0,2,0
130,3133.679,5822.203,209.411,231.533,-0.621641,0.782749,-0.029437,-0.783105,-0.621889,0.000917,-0.017589,0.023622,0.999566,0,-0.33307,0.99724,-19.984,1.994,-1,375.000,-1,350.000,975.000,300.000,300.000,325.000,325.000,-1,250.000,350.000,-1,625.000,600.000,-1,925.000,2,0,2,0,0,0,0,0,0,2,0,0,2,0,0,2,0
131,3148.174,5841.641,209.770,233.288,-0.597325,0.801399,-0.031025,-0.801783,-0.597616,-0.000136,-0.018649,0.024794,0.999519,0,-0.40412,0.87724,-24.247,1.754,-1,375.000,-1,350.000,950.000,300.000,300.000,325.000,325.000,-1,275.000,375.000,-1,650.000,600.000,-1,925.000,2,0,2,0,0,0,0,0,0,2,0,0,2,0,0,2,0
132,3162.181,5861.498,210.141,234.802,-0.575872,0.816890,-0.032597,-0.817301,-0.576209,-0.001166,-0.019735,0.025970,0.999468,0,-0.40500,0.75724,-24.300,1.514,-1,375.000,-1,350.000,925.000,300.000,300.000,325.000,325.000,-1,300.000,400.000,-1,650.000,600.000,-1,900.000,2,0,2,0,0,0,0,0,0,2,0,0,2,0,0,2,0
133,3175.770,5881.702,210.532,236.076,-0.557494,0.829478,-0.034148,-0.829918,-0.557880,-0.002192,-0.020869,0.027118,0.999414,0,-0.40582,0.63724,-24.349,1.274,-1,375.000,-1,350.000,925.000,300.000,300.000,325.000,325.000,-1,325.000,450.000,-1,650.000,600.000,-1,900.000,2,0,2,0,0,0,0,0,0,2,0,0,2,0,0,2,0
134,3188.997,5902.156,210.947,237.111,-0.542359,0.839389,-0.035677,-0.839858,-0.542797,-0.003205,-0.022055,0.028226,0.999358,0,-0.40596,0.51724,-24.358,1.034,-1,375.000,-1,350.000,900.000,300.000,300.000,325.000,325.000,-1,375.000,475.000,-1,650.000,600.000,-1,900.000,2,0,2,0,0,0,0,0,0,2,0,0,2,0,0,2,0
135,3201.939,5922.791,211.387,237.905,-0.530596,0.846809,-0.037187,-0.847305,-0.531090,-0.004198,-0.023305,0.029281,0.999300,0,-0.40596,0.39724,-24.358,0.794,-1,375.000,-1,350.000,900.000,300.000,300.000,325.000,325.000,-1,425.000,525.000,-1,650.000,600.000,-1,900.000,2,0,2,0,0,0,0,0,0,2,0,0,2,0,0,2,0
136,3214.680,5943.550,211.837,238.460,-0.522304,0.851886,-0.038591,-0.852405,-0.522857,-0.005159,-0.024572,0.030201,0.999242,0,-0.40596,0.27724,-24.358,0.554,-1,375.000,-1,350.000,900.000,300.000,300.000,325.000,325.000,-1,475.000,575.000,-1,650.000,600.000,-1,900.000,2,0,2,0,0,0,0,0,0,2,0,0,2,0,0,2,0
