timestep,x_cm,y_cm,z_cm,yaw_deg,basis_xx,basis_xy,basis_xz,basis_yx,basis_yy,basis_yz,basis_zx,basis_zy,basis_zz,teleport_flag,throttle_cmd,steering_cmd,cmd_move_cm,cmd_turn_deg,lidar_cm_0,lidar_cm_1,lidar_cm_2,lidar_cm_3,lidar_cm_4,lidar_cm_5,lidar_cm_6,lidar_cm_7,lidar_cm_8,lidar_cm_9,lidar_cm_10,lidar_cm_11,lidar_cm_12,lidar_cm_13,lidar_cm_14,lidar_cm_15,lidar_cm_16,lidar_class_0,lidar_class_1,lidar_class_2,lidar_class_3,lidar_class_4,lidar_class_5,lidar_class_6,lidar_class_7,lidar_class_8,lidar_class_9,lidar_class_10,lidar_class_11,lidar_class_12,lidar_class_13,lidar_class_14,lidar_class_15,lidar_class_16
0,2947.138,-329.473,16.347,-161.718,-0.949525,0.313671,-0.003516,-0.313690,-0.949434,0.013212,0.000806,0.013648,0.999907,1,0.08000,-0.12000,4.800,-0.240,-1,400.000,-1,400.000,-1,325.000,325.000,300.000,300.000,-1,-1,-1,-1,850.000,800.000,-1,-1,2,0,2,0,2,0,0,0,0,2,2,2,2,0,0,2,2
1,2937.997,-332.408,16.340,-162.198,-0.952119,0.305707,-0.003581,-0.305727,-0.952029,0.013141,0.000609,0.013607,0.999907,0,0.16000,-0.24000,9.600,-0.480,-1,400.000,-1,400.000,-1,325.000,325.000,300.000,300.000,-1,-1,-1,-1,850.000,800.000,-1,-1,2,0,2,0,2,0,0,0,0,2,2,2,2,0,0,2,2
2,2924.233,-336.638,16.327,-162.918,-0.955885,0.293719,-0.003678,-0.293742,-0.955796,0.013032,0.000312,0.013538,0.999908,0,0.24000,-0.36000,14.400,-0.720,-1,400.000,-1,400.000,-1,325.000,325.000,300.000,300.000,-1,-1,-1,-1,850.000,800.000,-1,-1,2,0,2,0,2,0,0,0,0,2,2,2,2,0,0,2,2
3,2905.804,-342.026,16.304,-163.702,-0.959815,0.280609,-0.003802,-0.280635,-0.959728,0.012892,-0.000032,0.013441,0.999910,0,0.32000,-0.39215,19.200,-0.784,-1,400.000,-1,400.000,-1,325.000,325.000,300.000,300.000,-1,-1,-1,-1,850.000,800.000,-1,-1,2,0,2,0,2,0,0,0,0,2,2,2,2,0,0,2,2
4,2882.679,-348.446,16.269,-164.485,-0.963560,0.267461,-0.003954,-0.267490,-0.963477,0.012721,-0.000407,0.013315,0.999911,0,0.40000,-0.39170,24.000,-0.783,-1,400.000,-1,400.000,-1,325.000,325.000,300.000,300.000,-1,-1,-1,-1,850.000,800.000,-1,-1,2,0,2,0,2,0,0,0,0,2,2,2,2,0,0,2,2
5,2854.825,-355.770,16.219,-165.268,-0.967122,0.254281,-0.004135,-0.254313,-0.967041,0.012513,-0.000817,0.013153,0.999913,0,0.48000,-0.39120,28.800,-0.782,-1,400.000,-1,400.000,-1,325.000,325.000,300.000,300.000,-1,-1,-1,-1,850.000,800.000,-1,-1,2,0,2,0,2,0,0,0,0,2,2,2,2,0,0,2,2
6,2822.216,-363.870,16.152,-166.049,-0.970498,0.241071,-0.004350,-0.241107,-0.970421,0.012263,-0.001265,0.012950,0.999915,0,0.56000,-0.39065,33.600,-0.781,-1,400.000,-1,400.000,-1,325.000,325.000,300.000,300.000,-1,-1,-1,-1,850.000,800.000,-1,-1,2,0,2,0,2,0,0,0,0,2,2,2,2,0,0,2,2
7,2784.826,-372.620,16.065,-166.829,-0.973689,0.227836,-0.004603,-0.227876,-0.973617,0.011966,-0.001756,0.012700,0.999918,0,0.64000,-0.39010,38.400,-0.780,-1,400.000,-1,400.000,-1,325.000,325.000,300.000,300.000,-1,-1,-1,-1,875.000,800.000,-1,-1,2,0,2,0,2,0,0,0,0,2,2,2,2,0,0,2,2
8,2742.633,-381.890,15.957,-167.608,-0.976695,0.214576,-0.004900,-0.214620,-0.976629,0.011617,-0.002292,0.012398,0.999921,0,0.72000,-0.38958,43.200,-0.779,-1,400.000,-1,400.000,-1,325.000,325.000,300.000,300.000,-1,-1,-1,-1,875.000,800.000,-1,-1,2,0,2,0,2,0,0,0,0,2,2,2,2,0,0,2,2
9,2698.347,-390.991,15.833,-168.387,-0.979517,0.201292,-0.005225,-0.201339,-0.979457,0.011237,-0.002856,0.012059,0.999923,0,0.75353,-0.38913,45.212,-0.778,-1,400.000,-1,400.000,-1,325.000,325.000,300.000,300.000,-1,-1,-1,-1,875.000,825.000,-1,-1,2,0,2,0,2,0,0,0,0,2,2,2,2,0,0,2,2
10,2653.983,-399.483,15.710,-169.164,-0.982156,0.187982,-0.005747,-0.188035,-0.982103,0.010768,-0.003620,0.011657,0.999926,0,0.75282,-0.38880,45.169,-0.778,-1,425.000,-1,400.000,-1,325.000,325.000,300.000,300.000,-1,-1,-1,-1,875.000,825.000,-1,-1,2,0,2,0,2,0,0,0,0,2,2,2,2,0,0,2,2
11,2609.552,-407.364,15.457,-169.941,-0.984609,0.174642,-0.006786,-0.174708,-0.984562,0.010672,-0.004817,0.011693,0.999920,0,0.75208,-0.38861,45.125,-0.777,-1,425.000,-1,400.000,-1,325.000,325.000,300.000,300.000,-1,-1,-1,-1,875.000,825.000,-1,-1,2,0,2,0,2,0,0,0,0,2,2,2,2,0,0,2,2
12,2564.651,-414.703,15.114,-170.718,-0.986877,0.161287,-0.007692,-0.161362,-0.986841,0.010321,-0.005926,0.011426,0.999917,0,0.75828,-0.38815,45.497,-0.776,-1,425.000,-1,400.000,-1,325.000,325.000,300.000,300.000,-1,-1,-1,-1,875.000,850.000,-1,-1,2,0,2,0,2,0,0,0,0,2,2,2,2,0,0,2,2
13,2519.678,-421.430,14.606,-171.492,-0.988957,0.147947,-0.008730,-0.148027,-0.988939,0.009331,-0.007253,0.010520,0.999918,0,0.75788,-0.38690,45.473,-0.774,-1,425.000,-1,400.000,-1,325.000,325.000,300.000,300.000,-1,-1,-1,-1,875.000,850.000,-1,-1,2,0,2,0,2,0,0,0,0,2,2,2,2,0,0,2,2
14,2474.650,-427.548,14.080,-172.263,-0.990850,0.134618,-0.009756,-0.134700,-0.990851,0.008348,-0.008543,0.009585,0.999918,0,0.75736,-0.38578,45.442,-0.772,-1,400.000,-1,400.000,-1,325.000,325.000,300.000,300.000,-1,-1,-1,-1,875.000,850.000,-1,-1,2,0,2,0,2,0,0,0,0,2,2,2,2,0,0,2,2
15,2429.582,-433.055,13.540,-173.033,-0.992558,0.121298,-0.010769,-0.121380,-0.992579,0.007372,-0.009795,0.008624,0.999915,0,0.75673,-0.38481,45.404,-0.770,-1,400.000,-1,400.000,-1,325.000,325.000,300.000,300.000,-1,-1,-1,-1,875.000,850.000,-1,-1,2,0,2,0,2,0,0,0,0,2,2,2,2,0,0,2,2
16,2384.486,-437.954,12.986,-173.801,-0.994083,0.107984,-0.011771,-0.108064,-0.994123,0.006405,-0.011010,0.007639,0.999910,0,0.75601,-0.38399,45.361,-0.768,-1,400.000,-1,400.000,-1,325.000,325.000,300.000,300.000,-1,-1,-1,-1,875.000,850.000,-1,-1,2,0,2,0,2,0,0,0,0,2,2,2,2,0,0,2,2
17,2339.377,-442.243,12.421,-174.567,-0.995427,0.094673,-0.012761,-0.094749,-0.995486,0.005449,-0.012187,0.006633,0.999904,0,0.75521,-0.38332,45.313,-0.767,-1,400.000,-1,400.000,-1,325.000,325.000,300.000,300.000,-1,-1,-1,-1,875.000,875.000,-1,-1,2,0,2,0,2,0,0,0,0,2,2,2,2,0,0,2,2
18,2294.266,-445.926,11.846,-175.333,-0.996590,0.081364,-0.013739,-0.081433,-0.996669,0.004506,-0.013327,0.005609,0.999895,0,0.75435,-0.38279,45.261,-0.766,-1,400.000,-1,400.000,-1,325.000,325.000,300.000,300.000,-1,-1,-1,-1,875.000,875.000,-1,-1,2,0,2,0,2,0,0,0,0,2,2,2,2,0,0,2,2
19,2249.164,-449.003,11.262,-176.098,-0.997573,0.068053,-0.014708,-0.068112,-0.997671,0.003576,-0.014430,0.004569,0.999885,0,0.75344,-0.38242,45.206,-0.765,-1,400.000,-1,400.000,-1,325.000,325.000,300.000,300.000,-1,-1,-1,-1,875.000,875.000,-1,-1,2,0,2,0,2,0,0,0,0,2,2,2,2,0,0,2,2
20,2204.083,-451.474,10.671,-176.862,-0.998378,0.054737,-0.015666,-0.054785,-0.998495,0.002663,-0.015497,0.003517,0.999874,0,0.75249,-0.38220,45.149,-0.764,-1,400.000,-1,400.000,-1,325.000,325.000,300.000,300.000,-1,-1,-1,-1,875.000,875.000,-1,-1,2,0,2,0,2,0,0,0,0,2,2,2,2,0,0,2,2
21,2159.030,-453.341,10.076,-177.626,-0.999004,0.041414,-0.016614,-0.041449,-0.999139,0.001767,-0.016527,0.002454,0.999860,0,0.75153,-0.38213,45.092,-0.764,-1,425.000,-1,400.000,-1,325.000,325.000,300.000,300.000,-1,-1,-1,-1,875.000,875.000,-1,-1,2,0,2,0,2,0,0,0,0,2,2,2,2,0,0,2,2
22,2114.013,-454.606,9.476,-178.391,-0.999452,0.028081,-0.017553,-0.028101,-0.999605,0.000890,-0.017521,0.001383,0.999846,0,0.75057,-0.38221,45.034,-0.764,-1,425.000,-1,400.000,-1,325.000,325.000,300.000,300.000,-1,-1,-1,-1,875.000,900.000,-1,-1,2,0,2,0,2,0,0,0,0,2,2,2,2,0,0,2,2
23,2069.041,-455.269,8.875,-179.156,-0.999721,0.014734,-0.018482,-0.014737,-0.999891,0.000035,-0.018479,0.000307,0.999829,0,0.74962,-0.38245,44.977,-0.765,-1,425.000,-1,425.000,-1,325.000,325.000,300.000,300.000,-1,-1,-1,-1,875.000,900.000,-1,-1,2,0,2,0,2,0,0,0,0,2,2,2,2,0,0,2,2
24,2024.118,-455.330,8.273,-179.921,-0.999811,0.001371,-0.019401,-0.001356,-0.999999,-0.000798,-0.019402,-0.000772,0.999811,0,0.74871,-0.38283,44.923,-0.766,-1,425.000,-1,425.000,-1,350.000,325.000,300.000,300.000,-1,-1,-1,-1,875.000,900.000,-1,-1,2,0,2,0,2,0,0,0,0,2,2,2,2,0,0,2,2
25,1979.250,-454.791,7.672,-180.688,-0.999722,-0.012010,-0.020311,0.012045,-0.999926,-0.001606,-0.020290,-0.001850,0.999792,0,0.74785,-0.38336,44.871,-0.767,-1,425.000,-1,425.000,-1,350.000,350.000,300.000,300.000,-1,-1,-1,-1,875.000,925.000,-1,-1,2,0,2,0,2,0,0,0,0,2,2,2,2,0,0,2,2
26,1934.441,-453.652,6.379,-181.456,-0.999442,-0.025413,-0.021686,0.025467,-0.999673,-0.002242,-0.021622,-0.002793,0.999762,0,0.74705,-0.38403,44.823,-0.768,-1,425.000,-1,425.000,-1,350.000,350.000,300.000,300.000,-1,-1,-1,-1,875.000,925.000,-1,-1,2,0,2,0,2,0,0,0,0,2,2,2,2,0,0,2,2
27,1889.695,-451.913,4.829,-182.226,-0.998965,-0.038840,-0.023674,0.038905,-0.999240,-0.002303,-0.023567,-0.003222,0.999717,0,0.74633,-0.38485,44.780,-0.770,-1,425.000,-1,425.000,-1,350.000,350.000,300.000,300.000,-1,-1,-1,-1,850.000,900.000,-1,-1,2,0,2,0,2,0,0,0,0,2,2,2,2,0,0,2,2
28,1845.014,-449.574,3.278,-182.998,-0.998302,-0.052293,-0.025658,0.052370,-0.998625,-0.002327,-0.025501,-0.003667,0.999668,0,0.74570,-0.38582,44.742,-0.772,-1,425.000,-1,425.000,-1,350.000,350.000,300.000,300.000,-1,-1,-1,-1,850.000,900.000,-1,-1,2,0,2,0,2,0,0,0,0,2,2,2,2,0,0,2,2
29,1795.566,-446.524,1.550,-183.529,-0.997714,-0.061557,-0.027872,0.061643,-0.998096,-0.002263,-0.027680,-0.003976,0.999609,0,0.82570,-0.26582,49.542,-0.532,-1,425.000,-1,425.000,-1,325.000,350.000,300.000,300.000,-1,-1,-1,-1,850.000,900.000,-1,-1,2,0,2,0,2,0,0,0,0,2,2,2,2,0,0,2,2
30,1745.267,-443.165,-0.214,-183.821,-0.997322,-0.066636,-0.030145,0.066730,-0.997769,-0.002140,-0.029935,-0.004146,0.999543,0,0.84018,-0.14582,50.411,-0.292,-1,425.000,-1,425.000,-1,325.000,325.000,300.000,300.000,-1,-1,-1,-1,825.000,875.000,-1,-1,2,0,2,0,2,0,0,0,0,2,2,2,2,0,0,2,2
31,1694.979,-439.761,-1.983,-183.872,-0.997189,-0.067535,-0.032441,0.067635,-0.997708,-0.001982,-0.032233,-0.004170,0.999472,0,0.84003,-0.02582,50.402,-0.052,-1,400.000,-1,425.000,-1,325.000,325.000,300.000,300.000,-1,-1,-1,-1,825.000,875.000,-1,-1,2,0,2,0,2,0,0,0,0,2,2,2,2,0,0,2,2
32,1644.679,-436.522,-3.754,-183.684,-0.997328,-0.064255,-0.034764,0.064356,-0.997925,-0.001811,-0.034576,-0.004044,0.999394,0,0.84007,0.09418,50.404,0.188,-1,400.000,-1,425.000,-1,325.000,325.000,300.000,275.000,-1,-1,-1,-1,800.000,850.000,-1,-1,2,0,2,0,2,0,0,0,0,2,2,2,2,0,0,2,2
33,1594.351,-433.548,-5.525,-183.382,-0.997569,-0.058990,-0.037109,0.059092,-0.998251,-0.001654,-0.036947,-0.003843,0.999310,0,0.84027,0.15110,50.416,0.302,-1,400.000,-1,400.000,-1,325.000,325.000,300.000,300.000,-1,-1,-1,-1,800.000,850.000,-1,-1,2,0,2,0,2,0,0,0,0,2,2,2,2,0,0,2,2
34,1543.354,-430.806,-7.316,-183.078,-0.997776,-0.053693,-0.039500,0.053795,-0.998551,-0.001520,-0.039361,-0.003642,0.999218,0,0.85118,0.15201,51.071,0.304,-1,400.000,-1,400.000,-1,325.000,325.000,300.000,300.000,-1,-1,-1,-1,775.000,850.000,-1,-1,2,0,2,0,2,0,0,0,0,2,2,2,2,0,0,2,2
35,1492.350,-428.337,-9.106,-182.772,-0.997951,-0.048355,-0.041903,0.048456,-0.998824,-0.001410,-0.041785,-0.003438,0.999121,0,0.85106,0.15313,51.063,0.306,-1,400.000,-1,400.000,-1,325.000,325.000,300.000,300.000,-1,-1,-1,-1,775.000,825.000,-1,-1,2,0,2,0,2,0,0,0,0,2,2,2,2,0,0,2,2
36,1441.344,-426.142,-10.893,-182.463,-0.998093,-0.042979,-0.044316,0.043080,-0.999071,-0.001324,-0.044218,-0.003231,0.999017,0,0.85088,0.15417,51.053,0.308,-1,400.000,-1,400.000,-1,325.000,325.000,300.000,300.000,-1,-1,-1,-1,750.000,825.000,-1,-1,2,0,2,0,2,0,0,0,0,2,2,2,2,0,0,2,2
37,1390.341,-424.225,-12.677,-182.153,-0.998201,-0.037569,-0.046737,0.037669,-0.999289,-0.001262,-0.046656,-0.003020,0.998906,0,0.85064,0.15511,51.039,0.310,-1,400.000,-1,400.000,-1,325.000,325.000,300.000,300.000,-1,-1,-1,-1,750.000,825.000,-1,-1,2,0,2,0,2,0,0,0,0,2,2,2,2,0,0,2,2
38,1341.071,-422.433,-14.402,-182.083,-0.998134,-0.036344,-0.049069,0.036446,-0.999335,-0.001190,-0.048993,-0.002977,0.998795,0,0.82171,0.03511,49.302,0.070,-1,400.000,-1,400.000,-1,325.000,325.000,300.000,300.000,-1,-1,-1,-1,750.000,800.000,-1,-1,2,0,2,0,2,0,0,0,0,2,2,2,2,0,0,2,2
39,1291.831,-420.496,-16.532,-182.253,-0.997963,-0.039305,-0.050247,0.039415,-0.999222,-0.001193,-0.050161,-0.003171,0.998736,0,0.82130,-0.08489,49.278,-0.170,-1,400.000,-1,400.000,-1,325.000,325.000,300.000,300.000,-1,-1,-1,-1,725.000,800.000,-1,-1,2,0,2,0,2,0,0,0,0,2,2,2,2,0,0,2,2
40,1242.638,-418.209,-19.084,-182.662,-0.997645,-0.046450,-0.050465,0.046518,-0.998917,-0.000179,-0.050402,-0.002526,0.998726,0,0.82076,-0.20489,49.246,-0.410,-1,400.000,-1,400.000,-1,325.000,325.000,300.000,300.000,-1,-1,-1,-1,725.000,775.000,-1,-1,2,0,2,0,2,0,0,0,0,2,2,2,2,0,0,2,2
41,1193.508,-415.497,-21.637,-183.160,-0.997193,-0.055116,-0.050688,0.055146,-0.998478,0.000807,-0.050655,-0.001991,0.998714,0,0.82009,-0.24859,49.205,-0.497,-1,400.000,-1,400.000,-1,325.000,325.000,300.000,300.000,-1,-1,-1,-1,725.000,775.000,-1,-1,2,0,2,0,2,0,0,0,0,2,2,2,2,0,0,2,2
42,1144.447,-412.362,-24.193,-183.656,-0.996665,-0.063768,-0.050918,0.063761,-0.997964,0.001769,-0.050928,-0.001483,0.998701,0,0.81934,-0.24829,49.161,-0.497,-1,400.000,-1,400.000,-1,325.000,325.000,300.000,300.000,-1,-1,-1,-1,700.000,750.000,-1,-1,2,0,2,0,2,0,0,0,0,2,2,2,2,0,0,2,2
43,1095.462,-408.805,-26.751,-184.152,-0.996062,-0.072409,-0.051159,0.072366,-0.997374,0.002706,-0.051220,-0.001007,0.998687,0,0.81857,-0.24814,49.114,-0.496,-1,400.000,-1,400.000,-1,325.000,325.000,300.000,300.000,-1,-1,-1,-1,700.000,750.000,-1,-1,2,0,2,0,2,0,0,0,0,2,2,2,2,0,0,2,2
44,1046.555,-404.828,-29.312,-184.649,-0.995384,-0.081046,-0.051410,0.080967,-0.996710,0.003614,-0.051534,-0.000565,0.998671,0,0.81780,-0.24814,49.068,-0.496,-1,400.000,-1,400.000,-1,325.000,325.000,300.000,300.000,-1,-1,-1,-1,700.000,750.000,-1,-1,2,0,2,0,2,0,0,0,0,2,2,2,2,0,0,2,2
45,997.731,-400.432,-31.878,-185.145,-0.994629,-0.089681,-0.051674,0.089569,-0.995971,0.004489,-0.051868,-0.000164,0.998654,0,0.81703,-0.24829,49.022,-0.497,-1,400.000,-1,400.000,-1,325.000,325.000,300.000,300.000,-1,-1,-1,-1,700.000,725.000,-1,-1,2,0,2,0,2,0,0,0,0,2,2,2,2,0,0,2,2
46,948.991,-395.616,-34.449,-185.642,-0.993798,-0.098320,-0.051952,0.098176,-0.995155,0.005328,-0.052224,0.000195,0.998635,0,0.81629,-0.24860,48.977,-0.497,-1,400.000,-1,400.000,-1,325.000,325.000,300.000,300.000,-1,-1,-1,-1,675.000,725.000,-1,-1,2,0,2,0,2,0,0,0,0,2,2,2,2,0,0,2,2
47,900.337,-390.382,-37.027,-186.141,-0.992889,-0.106968,-0.052247,0.106793,-0.994262,0.006129,-0.052603,0.000505,0.998615,0,0.81558,-0.24905,48.935,-0.498,-1,375.000,-1,400.000,-1,325.000,325.000,300.000,300.000,-1,-1,-1,-1,675.000,700.000,-1,-1,2,0,2,0,2,0,0,0,0,2,2,2,2,0,0,2,2
48,851.770,-384.728,-39.611,-186.640,-0.991901,-0.115628,-0.052561,0.115425,-0.993292,0.006887,-0.053004,0.000765,0.998594,0,0.81492,-0.24965,48.895,-0.499,-1,375.000,-1,400.000,-1,325.000,325.000,300.000,300.000,-1,-1,-1,-1,675.000,700.000,975.000,-1,2,0,2,0,2,0,0,0,0,2,2,2,2,0,0,1,2
49,803.289,-378.655,-42.204,-187.141,-0.990833,-0.124305,-0.052895,0.124076,-0.992244,0.007601,-0.053430,0.000968,0.998571,0,0.81432,-0.25039,48.859,-0.501,950.000,375.000,-1,375.000,-1,325.000,325.000,300.000,300.000,-1,-1,-1,-1,675.000,700.000,925.000,-1,1,0,2,0,2,0,0,0,0,2,2,2,2,0,0,1,2
50,753.433,-371.939,-44.886,-187.671,-0.989618,-0.133491,-0.053264,0.133239,-0.991049,0.008285,-0.053893,0.001102,0.998546,0,0.83845,-0.26539,50.307,-0.531,900.000,375.000,-1,375.000,-1,325.000,325.000,300.000,300.000,-1,-1,-1,-1,650.000,675.000,875.000,-1,1,0,2,0,2,0,0,0,0,2,2,2,2,0,0,1,2
51,703.481,-364.743,-47.588,-188.198,-0.988325,-0.142596,-0.053662,0.142322,-0.989780,0.008916,-0.054384,0.001174,0.998519,0,0.84112,-0.26336,50.467,-0.527,850.000,375.000,-1,375.000,-1,300.000,300.000,300.000,300.000,-1,-1,-1,-1,650.000,675.000,825.000,-1,1,0,2,0,2,0,0,0,0,2,2,2,2,0,0,1,2
52,653.445,-357.067,-50.061,-188.720,-0.987014,-0.151614,-0.053062,0.151274,-0.988437,0.010382,-0.054023,0.002220,0.998537,0,0.84369,-0.26118,50.621,-0.522,800.000,375.000,-1,375.000,-1,300.000,300.000,300.000,300.000,-1,-1,-1,-1,650.000,650.000,775.000,-1,1,0,2,0,2,0,0,0,0,2,2,2,2,0,0,1,2
53,603.335,-348.917,-52.413,-189.238,-0.985671,-0.160538,-0.051770,0.160126,-0.987023,0.012023,-0.053028,0.003561,0.998587,0,0.84614,-0.25884,50.768,-0.518,750.000,375.000,-1,375.000,-1,300.000,300.000,300.000,300.000,-1,-1,-1,-1,650.000,650.000,750.000,-1,1,0,2,0,2,0,0,0,0,2,2,2,2,1,0,1,2
54,553.164,-340.295,-54.391,-189.751,-0.984315,-0.169363,-0.049388,0.168976,-0.985548,0.011937,-0.050696,0.003404,0.998708,0,0.84845,-0.25634,50.907,-0.513,700.000,375.000,-1,375.000,-1,300.000,300.000,300.000,300.000,-1,-1,-1,-1,625.000,650.000,700.000,-1,1,0,2,0,2,0,0,0,0,2,2,2,2,1,0,1,2
55,502.943,-331.207,-56.384,-190.258,-0.982892,-0.178083,-0.047008,0.177724,-0.984010,0.011752,-0.048349,0.003196,0.998825,0,0.85061,-0.25367,51.037,-0.507,650.000,375.000,-1,375.000,-1,325.000,300.000,300.000,300.000,-1,-1,-1,-1,625.000,650.000,675.000,-1,1,0,2,0,2,0,0,0,0,2,2,2,2,1,0,1,2
56,452.686,-321.656,-58.392,-190.760,-0.981404,-0.186692,-0.044631,0.186363,-0.982414,0.011464,-0.045986,0.002934,0.998938,0,0.85262,-0.25083,51.157,-0.502,600.000,375.000,-1,375.000,-1,325.000,300.000,300.000,300.000,-1,-1,-1,-1,600.000,650.000,625.000,-1,1,0,2,0,2,0,0,0,0,2,2,2,2,1,0,1,2
57,402.406,-311.650,-60.415,-191.255,-0.979856,-0.195183,-0.042258,0.194886,-0.980763,0.011072,-0.043606,0.002614,0.999045,0,0.85444,-0.24780,51.266,-0.496,575.000,375.000,-1,375.000,-1,325.000,300.000,300.000,300.000,-1,-1,-1,-1,600.000,650.000,600.000,-1,1,0,2,0,2,0,0,0,0,2,2,2,2,1,0,1,2
58,352.118,-301.195,-62.454,-191.745,-0.978252,-0.203549,-0.039889,0.203287,-0.979062,0.010573,-0.041206,0.002234,0.999148,0,0.85606,-0.24459,51.364,-0.489,525.000,375.000,-1,375.000,-1,325.000,300.000,300.000,300.000,-1,-1,-1,-1,600.000,650.000,575.000,-1,1,1,2,0,2,0,0,0,0,2,2,2,2,1,0,1,2
59,306.653,-291.137,-64.324,-192.474,-0.975664,-0.215993,-0.037786,0.215767,-0.976394,0.010004,-0.039054,0.001608,0.999236,0,0.77606,-0.36459,46.564,-0.729,500.000,375.000,-1,375.000,-1,325.000,325.000,300.000,300.000,-1,-1,825.000,-1,600.000,650.000,550.000,-1,1,1,2,0,2,0,0,0,0,2,2,0,2,1,0,1,2
60,266.034,-281.428,-66.024,-193.443,-0.971937,-0.232478,-0.035966,0.232290,-0.972601,0.009357,-0.037155,0.000740,0.999309,0,0.69606,-0.48459,41.764,-0.969,450.000,375.000,-1,375.000,-1,325.000,325.000,300.000,300.000,-1,850.000,700.000,-1,625.000,650.000,525.000,-1,1,0,2,0,2,0,0,0,0,2,0,0,2,1,0,1,2
61,230.272,-272.078,-67.554,-194.652,-0.966866,-0.252950,-0.034446,0.252803,-0.967479,0.008634,-0.035509,-0.000360,0.999369,0,0.61606,-0.60459,36.964,-1.209,425.000,375.000,-1,375.000,-1,325.000,325.000,300.000,325.000,-1,725.000,625.000,-1,650.000,650.000,525.000,-1,1,0,2,0,2,0,0,0,0,2,0,0,2,0,0,1,2
62,199.370,-263.158,-68.913,-196.101,-0.960198,-0.277337,-0.033240,0.277231,-0.960771,0.007846,-0.034112,-0.001682,0.999417,0,0.53606,-0.72459,32.164,-1.449,425.000,375.000,-1,375.000,-1,300.000,300.000,275.000,300.000,-1,625.000,575.000,-1,650.000,650.000,550.000,-1,1,0,2,0,2,0,0,0,0,2,0,0,2,0,0,1,2
63,173.315,-254.798,-70.101,-197.791,-0.951630,-0.305536,-0.032358,0.305473,-0.952175,0.007016,-0.032954,-0.003208,0.999452,0,0.45606,-0.84459,27.364,-1.689,400.000,375.000,-1,375.000,-1,300.000,300.000,275.000,300.000,-1,575.000,550.000,-1,625.000,650.000,600.000,-1,1,0,2,0,2,0,0,0,0,2,0,0,2,0,0,1,2
64,152.070,-247.197,-71.116,-199.685,-0.941024,-0.336842,-0.031798,0.336821,-0.941548,0.006183,-0.032022,-0.004892,0.999475,0,0.37606,-0.94715,22.564,-1.894,425.000,375.000,-1,375.000,-1,300.000,300.000,275.000,300.000,-1,550.000,525.000,-1,625.000,650.000,825.000,-1,1,0,2,0,2,0,0,0,0,2,0,0,2,0,0,1,2
65,135.550,-240.666,-71.948,-201.572,-0.929427,-0.367658,-0.031504,0.367676,-0.929938,0.005416,-0.031288,-0.006549,0.999489,0,0.29606,-0.94344,17.764,-1.887,425.000,375.000,-1,375.000,-1,300.000,300.000,275.000,300.000,-1,525.000,525.000,-1,625.000,650.000,825.000,-1,1,0,2,0,2,0,0,0,0,2,0,0,2,0,0,1,2
66,123.657,-235.507,-72.466,-203.452,-0.916855,-0.397965,-0.031624,0.398002,-0.917369,0.005397,-0.031159,-0.007638,0.999485,0,0.21606,-0.94003,12.964,-1.880,475.000,350.000,-1,375.000,-1,300.000,300.000,275.000,300.000,-1,550.000,525.000,-1,625.000,625.000,825.000,-1,1,0,2,0,2,0,0,0,0,2,0,0,2,0,0,1,2
67,116.278,-232.015,-72.788,-205.326,-0.903334,-0.427748,-0.031926,0.427797,-0.903857,0.005596,-0.031250,-0.008603,0.999475,0,0.13606,-0.93697,8.164,-1.874,525.000,350.000,-1,375.000,-1,300.000,300.000,275.000,300.000,-1,575.000,550.000,-1,625.000,625.000,800.000,-1,1,0,2,0,2,0,0,0,0,2,0,0,2,0,0,1,2
68,104.723,-226.138,-73.197,-206.960,-0.890773,-0.453344,-0.031678,0.453397,-0.891289,0.005885,-0.030902,-0.009120,0.999481,0,0.21606,-0.81697,12.964,-1.634,600.000,350.000,-1,375.000,-1,300.000,300.000,275.000,300.000,-1,575.000,575.000,-1,600.000,625.000,800.000,-1,1,0,2,0,2,0,0,0,0,2,0,0,2,0,0,1,2
69,89.090,-217.701,-73.678,-208.354,-0.879505,-0.474891,-0.030820,0.474939,-0.879997,0.006236,-0.030083,-0.009153,0.999505,0,0.29606,-0.69697,17.764,-1.394,750.000,350.000,-1,375.000,-1,300.000,300.000,275.000,300.000,-1,575.000,550.000,-1,600.000,625.000,775.000,1000.000,1,0,2,0,2,0,0,0,0,2,0,0,2,0,0,1,0
70,69.453,-206.588,-74.140,-209.507,-0.869820,-0.492520,-0.028931,0.492545,-0.870261,0.006777,-0.028515,-0.008355,0.999558,0,0.37606,-0.57697,22.564,-1.154,750.000,350.000,-1,375.000,1000.000,300.000,300.000,275.000,300.000,-1,550.000,525.000,-1,625.000,625.000,775.000,1000.000,1,0,2,0,1,0,0,0,0,2,0,0,2,0,0,1,0
71,45.857,-192.732,-74.692,-210.421,-0.861923,-0.506343,-0.026552,0.506342,-0.862302,0.007254,-0.026569,-0.007192,0.999621,0,0.45606,-0.45697,27.364,-0.914,725.000,350.000,-1,375.000,975.000,300.000,300.000,300.000,300.000,-1,525.000,500.000,-1,625.000,625.000,750.000,1000.000,1,0,2,0,1,0,0,0,0,2,0,0,2,0,0,1,0
72,18.315,-176.120,-75.356,-211.095,-0.855983,-0.516455,-0.023813,0.516431,-0.856295,0.007624,-0.024329,-0.005772,0.999687,0,0.53606,-0.33697,32.164,-0.674,700.000,350.000,-1,375.000,950.000,300.000,300.000,300.000,300.000,-1,500.000,475.000,-1,625.000,625.000,725.000,1000.000,1,0,2,0,1,0,0,0,0,2,0,0,2,0,0,1,0
73,-13.192,-156.790,-76.133,-211.529,-0.852124,-0.522930,-0.020715,0.522886,-0.852366,0.007909,-0.021793,-0.004093,0.999754,0,0.61606,-0.21697,36.964,-0.434,675.000,350.000,-1,375.000,925.000,300.000,300.000,300.000,300.000,-1,475.000,450.000,-1,625.000,625.000,725.000,1000.000,1,0,2,0,1,0,0,1,0,2,0,0,2,0,0,1,0
74,-48.634,-134.698,-77.013,-211.937,-0.848454,-0.528990,-0.017214,0.528932,-0.848625,0.008144,-0.018917,-0.002195,0.999819,0,0.69606,-0.20401,41.764,-0.408,650.000,350.000,-1,375.000,900.000,300.000,300.000,275.000,300.000,-1,450.000,425.000,-1,625.000,625.000,675.000,1000.000,1,0,2,0,1,0,0,1,0,2,0,0,2,0,0,1,0
75,-87.974,-109.786,-77.846,-212.343,-0.844743,-0.534989,-0.013959,0.534929,-0.844859,0.008092,-0.016122,-0.000632,0.999870,0,0.77606,-0.20294,46.564,-0.406,600.000,350.000,-1,375.000,875.000,300.000,300.000,275.000,300.000,-1,450.000,425.000,-1,625.000,600.000,650.000,1000.000,1,0,2,0,1,0,0,1,0,2,0,0,2,1,0,1,0
76,-131.174,-82.002,-78.485,-212.747,-0.840987,-0.540931,-0.011593,0.540878,-0.841067,0.007531,-0.013824,0.000063,0.999904,0,0.85606,-0.20191,51.364,-0.404,575.000,350.000,-1,350.000,850.000,300.000,300.000,250.000,300.000,-1,450.000,450.000,-1,600.000,600.000,625.000,1000.000,1,0,2,0,1,0,0,1,0,2,0,0,2,1,0,1,1
77,-175.142,-53.286,-79.119,-213.149,-0.837202,-0.546818,-0.009160,0.546776,-0.837251,0.006804,-0.011390,0.000688,0.999935,0,0.87524,-0.20098,52.514,-0.402,525.000,350.000,-1,350.000,825.000,300.000,300.000,250.000,300.000,-1,475.000,450.000,-1,600.000,600.000,600.000,975.000,1,0,2,0,1,0,0,1,0,2,0,0,2,1,0,1,1
78,-218.744,-24.372,-79.145,-213.549,-0.833384,-0.552656,-0.006476,0.552648,-0.833409,0.003151,-0.007139,-0.000953,0.999974,0,0.87198,-0.20024,52.319,-0.400,500.000,375.000,-1,350.000,800.000,300.000,300.000,250.000,300.000,-1,475.000,450.000,-1,600.000,600.000,575.000,-1,1,0,2,0,1,0,0,1,0,2,0,0,2,1,0,1,2
79,-261.976,4.732,-79.008,-213.949,-0.829529,-0.558451,-0.003774,0.558459,-0.829531,-0.001324,-0.002391,-0.003206,0.999992,0,0.86859,-0.19974,52.116,-0.399,475.000,375.000,-1,350.000,800.000,300.000,300.000,275.000,300.000,-1,450.000,450.000,-1,600.000,625.000,550.000,-1,1,0,2,0,1,0,0,1,0,2,0,0,2,1,0,1,2
80,-304.833,34.019,-78.872,-214.348,-0.825632,-0.564208,-0.001130,0.564204,-0.825615,-0.005833,0.002358,-0.005454,0.999982,0,0.86514,-0.19946,51.908,-0.399,450.000,375.000,-1,375.000,775.000,300.000,300.000,275.000,300.000,-1,400.000,450.000,-1,650.000,625.000,525.000,-1,1,0,2,0,1,0,0,1,0,2,0,0,2,1,0,1,2
81,-347.313,63.485,-78.738,-214.747,-0.821690,-0.569933,0.001455,0.569890,-0.821655,-0.010375,0.007109,-0.007696,0.999945,0,0.86166,-0.19942,51.699,-0.399,400.000,375.000,-1,375.000,775.000,300.000,300.000,275.000,300.000,-1,375.000,425.000,-1,675.000,650.000,525.000,-1,1,1,2,0,1,0,0,1,0,2,0,0,2,0,0,1,2
82,-389.418,93.127,-78.454,-215.146,-0.817697,-0.575636,0.003934,0.575537,-0.817653,-0.014166,0.011371,-0.009319,0.999892,0,0.85820,-0.19960,51.492,-0.399,375.000,375.000,-1,375.000,775.000,325.000,300.000,300.000,300.000,-1,350.000,350.000,-1,675.000,675.000,575.000,-1,1,1,2,0,1,0,0,1,0,2,0,0,2,0,0,1,2
83,-431.150,122.945,-78.045,-215.546,-0.813648,-0.581323,0.006329,0.581159,-0.813606,-0.017332,0.015225,-0.010424,0.999830,0,0.85482,-0.20000,51.289,-0.400,375.000,375.000,-1,375.000,800.000,325.000,300.000,300.000,300.000,-1,350.000,325.000,-1,675.000,675.000,-1,-1,1,0,2,0,1,0,0,0,0,2,0,0,2,0,0,2,2
84,-472.513,152.939,-77.212,-215.947,-0.809534,-0.587011,0.008582,0.586806,-0.809520,-0.018328,0.017706,-0.009801,0.999795,0,0.85156,-0.20062,51.093,-0.401,350.000,375.000,-1,375.000,875.000,325.000,300.000,300.000,300.000,-1,350.000,325.000,-1,700.000,675.000,-1,-1,1,0,2,0,1,0,0,0,0,2,0,0,2,0,0,2,2
85,-513.514,183.112,-76.370,-216.350,-0.805356,-0.592692,0.010823,0.592448,-0.805377,-0.019301,0.020156,-0.009132,0.999755,0,0.84845,-0.20146,50.907,-0.403,350.000,375.000,-1,375.000,-1,325.000,300.000,300.000,300.000,-1,350.000,325.000,-1,700.000,675.000,-1,-1,1,0,2,0,2,0,0,0,0,2,0,0,2,0,0,2,2
86,-556.596,215.312,-75.470,-216.774,-0.800912,-0.598637,0.013190,0.598351,-0.800976,-0.020321,0.022730,-0.008383,0.999706,0,0.89643,-0.21190,53.786,-0.424,375.000,375.000,-1,375.000,-1,325.000,300.000,300.000,300.000,-1,350.000,325.000,-1,700.000,675.000,-1,-1,1,0,2,0,2,0,0,0,0,2,0,0,2,0,0,2,2
87,-599.348,247.747,-73.513,-217.187,-0.796394,-0.604417,0.020909,0.604096,-0.796661,-0.019971,0.028728,-0.003274,0.999582,0,0.89439,-0.20664,53.663,-0.413,-1,400.000,-1,375.000,-1,325.000,325.000,300.000,300.000,700.000,350.000,300.000,-1,725.000,700.000,-1,-1,2,0,2,0,2,0,0,0,0,1,0,0,2,0,0,2,2
88,-644.039,281.867,-72.068,-217.360,-0.794410,-0.606827,0.025970,0.606485,-0.794834,-0.020379,0.033009,-0.000439,0.999455,0,0.93711,-0.08664,56.226,-0.173,-1,400.000,-1,375.000,-1,325.000,325.000,300.000,300.000,600.000,325.000,300.000,-1,750.000,700.000,-1,-1,2,0,2,0,2,0,0,1,0,1,0,0,2,0,0,2,2
89,-688.645,315.839,-71.389,-217.294,-0.795075,-0.605901,0.027205,0.605514,-0.795540,-0.021662,0.034768,-0.000749,0.999395,0,0.93449,0.03336,56.069,0.067,-1,400.000,-1,375.000,-1,325.000,325.000,250.000,300.000,575.000,350.000,300.000,-1,750.000,700.000,-1,-1,2,0,2,0,2,0,0,1,0,1,0,0,2,0,0,2,2
90,-733.303,349.476,-71.030,-216.987,-0.798415,-0.601627,0.024046,0.601168,-0.798764,-0.023961,0.033623,-0.004675,0.999424,0,0.93182,0.15336,55.909,0.307,-1,375.000,-1,375.000,-1,325.000,300.000,225.000,300.000,575.000,375.000,350.000,-1,750.000,700.000,-1,-1,2,0,2,0,2,0,0,1,0,1,0,0,2,0,0,2,2
91,-778.054,382.724,-68.890,-216.611,-0.802347,-0.596367,0.024211,0.595857,-0.802690,-0.025342,0.034547,-0.005907,0.999386,0,0.92916,0.18805,55.750,0.376,-1,400.000,-1,375.000,-1,325.000,325.000,200.000,300.000,575.000,425.000,400.000,-1,750.000,700.000,-1,-1,2,0,2,0,2,0,0,1,0,1,0,0,2,0,0,2,2
92,-822.886,415.575,-66.775,-216.232,-0.806271,-0.591044,0.024386,0.590485,-0.806608,-0.026648,0.035420,-0.007086,0.999347,0,0.92634,0.18935,55.580,0.379,-1,400.000,-1,375.000,-1,325.000,325.000,200.000,300.000,600.000,450.000,450.000,-1,750.000,700.000,-1,-1,2,0,2,0,2,0,0,1,0,1,0,0,2,0,0,2,2
93,-867.788,448.021,-64.677,-215.851,-0.810182,-0.585663,0.024571,0.585056,-0.810512,-0.027913,0.036263,-0.008239,0.999308,0,0.92330,0.19045,55.398,0.381,-1,400.000,-1,375.000,-1,325.000,325.000,200.000,300.000,625.000,500.000,475.000,-1,750.000,725.000,-1,-1,2,0,2,0,2,0,0,1,0,1,0,0,2,0,0,2,2
94,-912.749,480.054,-62.526,-215.469,-0.814076,-0.580230,0.024785,0.579560,-0.814396,-0.029482,0.037291,-0.009636,0.999258,0,0.92007,0.19134,55.204,0.383,-1,400.000,-1,375.000,-1,325.000,325.000,175.000,300.000,625.000,550.000,525.000,-1,750.000,725.000,-1,-1,2,0,2,0,2,0,0,1,0,1,0,0,2,0,0,2,2
95,-957.757,511.668,-60.403,-215.085,-0.817947,-0.574750,0.025011,0.574020,-0.818255,-0.030963,0.038261,-0.010970,0.999208,0,0.91670,0.19202,55.002,0.384,-1,400.000,-1,375.000,-1,325.000,325.000,175.000,300.000,650.000,575.000,575.000,-1,775.000,725.000,-1,-1,2,0,2,0,2,0,0,1,0,1,0,0,2,0,0,2,2
96,-1002.805,542.860,-58.308,-214.700,-0.821790,-0.569231,0.025246,0.568442,-0.822087,-0.032358,0.039174,-0.012240,0.999157,0,0.91322,0.19248,54.793,0.385,-1,400.000,-1,375.000,-1,325.000,325.000,200.000,300.000,675.000,600.000,600.000,-1,775.000,750.000,-1,-1,2,0,2,0,2,0,0,1,1,1,0,0,2,0,0,2,2
97,-1047.887,573.629,-56.241,-214.314,-0.825601,-0.563679,0.025491,0.562833,-0.825885,-0.033666,0.040030,-0.013448,0.999108,0,0.90968,0.19273,54.581,0.385,-1,400.000,-1,400.000,-1,325.000,325.000,200.000,275.000,700.000,650.000,650.000,-1,775.000,750.000,-1,-1,2,0,2,0,2,0,0,1,1,1,0,0,2,0,0,2,2
98,-1092.998,603.975,-54.189,-213.929,-0.829375,-0.558099,0.025749,0.557196,-0.829645,-0.034952,0.040869,-0.014641,0.999057,0,0.90613,0.19277,54.368,0.386,-1,400.000,-1,400.000,-1,325.000,325.000,200.000,275.000,725.000,675.000,675.000,-1,775.000,750.000,1000.000,-1,2,0,2,0,2,0,0,1,1,1,0,0,2,0,0,1,2
99,-1138.135,633.900,-51.087,-213.543,-0.833101,-0.552529,0.025582,0.551774,-0.833409,-0.031232,0.038577,-0.011904,0.999185,0,0.90261,0.19259,54.156,0.385,975.000,400.000,-1,375.000,-1,325.000,325.000,225.000,275.000,775.000,800.000,800.000,-1,775.000,750.000,950.000,-1,1,0,2,0,2,0,0,1,1,1,0,0,2,0,0,1,2
100,-1183.299,663.408,-48.495,-213.159,-0.836787,-0.546931,0.025584,0.546226,-0.837105,-0.029867,0.037752,-0.011017,0.999226,0,0.89916,0.19221,53.950,0.384,925.000,400.000,-1,375.000,-1,325.000,325.000,225.000,275.000,800.000,875.000,875.000,-1,800.000,750.000,900.000,-1,1,0,2,0,2,0,0,1,1,1,0,0,2,0,0,1,2
101,-1228.492,692.506,-46.620,-212.776,-0.840428,-0.541307,0.025823,0.540521,-0.840727,-0.031868,0.038960,-0.012825,0.999158,0,0.89584,0.19162,53.750,0.383,875.000,400.000,-1,400.000,-1,325.000,325.000,250.000,300.000,825.000,900.000,900.000,-1,800.000,775.000,850.000,-1,1,0,2,0,2,0,0,1,1,1,0,0,2,1,0,1,2
102,-1273.718,721.200,-45.507,-212.394,-0.844033,-0.535657,0.026075,0.534646,-0.844254,-0.037266,0.041976,-0.017512,0.998965,0,0.89267,0.19084,53.560,0.382,825.000,400.000,-1,400.000,-1,325.000,325.000,275.000,300.000,825.000,850.000,875.000,-1,750.000,800.000,800.000,-1,1,0,2,0,2,0,0,1,0,1,0,0,2,1,0,1,2
103,-1317.234,748.659,-43.730,-212.252,-0.845368,-0.533554,0.025947,0.532487,-0.845555,-0.038652,0.042562,-0.018859,0.998916,0,0.85759,0.07084,51.455,0.142,775.000,400.000,-1,400.000,-1,325.000,325.000,275.000,300.000,450.000,850.000,900.000,-1,725.000,800.000,750.000,-1,1,0,2,0,2,0,0,1,0,1,0,0,2,1,0,1,2
104,-1360.553,776.098,-41.672,-212.351,-0.844460,-0.535006,0.025633,0.533954,-0.844640,-0.038427,0.042210,-0.018763,0.998933,0,0.85463,-0.04916,51.278,-0.098,725.000,400.000,-1,400.000,-1,325.000,325.000,300.000,300.000,375.000,925.000,950.000,-1,675.000,800.000,700.000,-1,1,0,2,0,2,0,0,0,0,1,0,0,2,1,0,1,2
105,-1403.640,803.563,-39.609,-212.515,-0.842937,-0.537423,0.025164,0.536388,-0.843105,-0.038239,0.041766,-0.018736,0.998952,0,0.85161,-0.08206,51.097,-0.164,650.000,400.000,-1,400.000,-1,325.000,325.000,300.000,300.000,375.000,1000.000,-1,-1,650.000,800.000,650.000,-1,1,0,2,0,2,0,0,0,0,1,0,2,2,1,0,1,2
106,-1446.506,831.063,-37.530,-212.682,-0.841386,-0.539879,0.024495,0.538863,-0.841531,-0.038103,0.041184,-0.018860,0.998974,0,0.84881,-0.08357,50.928,-0.167,600.000,400.000,-1,400.000,-1,325.000,325.000,300.000,300.000,375.000,-1,-1,-1,625.000,825.000,625.000,-1,1,0,2,0,2,0,0,0,0,1,2,2,2,1,0,1,2
107,-1489.163,858.609,-35.483,-212.852,-0.839795,-0.542380,0.023836,0.541384,-0.839919,-0.037944,0.040601,-0.018961,0.998996,0,0.84631,-0.08527,50.779,-0.171,550.000,400.000,-1,400.000,-1,325.000,325.000,300.000,300.000,375.000,-1,-1,-1,575.000,825.000,575.000,-1,1,0,2,0,2,0,0,0,0,1,2,2,2,1,0,1,2
108,-1531.628,886.214,-33.525,-213.027,-0.838159,-0.544934,0.023160,0.543970,-0.838268,-0.037480,0.039838,-0.018815,0.999029,0,0.84414,-0.08715,50.649,-0.174,500.000,400.000,-1,400.000,-1,325.000,325.000,300.000,300.000,400.000,-1,-1,-1,550.000,825.000,525.000,-1,1,0,2,0,2,0,0,0,0,1,2,2,2,1,0,1,2
109,-1573.914,913.891,-31.617,-213.205,-0.836475,-0.547544,0.022487,0.546615,-0.836571,-0.036893,0.039013,-0.018569,0.999066,0,0.84230,-0.08918,50.538,-0.178,475.000,400.000,-1,400.000,-1,325.000,325.000,300.000,300.000,400.000,-1,-1,925.000,525.000,825.000,475.000,-1,1,0,2,0,2,0,0,0,0,1,2,2,1,1,0,1,2
110,-1616.035,941.652,-29.738,-213.388,-0.834740,-0.550212,0.021826,0.549319,-0.834825,-0.036283,0.038184,-0.018297,0.999103,0,0.84078,-0.09137,50.447,-0.183,425.000,400.000,-1,400.000,-1,325.000,325.000,300.000,300.000,425.000,-1,-1,875.000,500.000,825.000,425.000,-1,1,0,2,0,2,0,0,0,0,1,2,2,1,1,0,1,2
111,-1658.005,969.511,-27.851,-213.575,-0.832955,-0.552941,0.021022,0.552085,-0.833023,-0.035698,0.037250,-0.018129,0.999142,0,0.83958,-0.09370,50.375,-0.187,375.000,375.000,-1,400.000,-1,325.000,325.000,300.000,300.000,450.000,-1,-1,850.000,450.000,825.000,375.000,-1,1,1,2,0,2,0,0,0,0,1,2,2,1,1,0,1,2
112,-1703.826,1000.246,-25.775,-213.852,-0.830297,-0.556962,0.019986,0.556148,-0.830342,-0.035082,0.036134,-0.018014,0.999185,0,0.91958,-0.13848,55.175,-0.277,325.000,350.000,-1,400.000,-1,325.000,325.000,300.000,300.000,475.000,-1,-1,850.000,425.000,850.000,325.000,-1,1,1,2,0,2,0,0,0,0,1,2,2,1,1,0,1,2
113,-1750.124,1031.617,-23.701,-214.121,-0.827695,-0.560858,0.018978,0.560085,-0.827720,-0.034416,0.035011,-0.017856,0.999227,0,0.93208,-0.13455,55.925,-0.269,275.000,325.000,-1,400.000,-1,325.000,325.000,300.000,300.000,500.000,-1,-1,850.000,400.000,850.000,275.000,-1,1,1,2,0,2,1,0,0,0,1,2,2,1,1,0,1,2
114,-1796.347,1063.245,-21.747,-214.382,-0.825157,-0.564614,0.018057,0.563867,-0.825158,-0.034175,0.034195,-0.018018,0.999253,0,0.93348,-0.13028,56.009,-0.261,225.000,300.000,-1,400.000,-1,300.000,325.000,300.000,300.000,525.000,-1,-1,850.000,375.000,850.000,250.000,-1,1,1,2,0,2,1,0,0,0,1,2,2,1,1,0,1,2
115,-1842.484,1095.112,-19.838,-214.633,-0.822693,-0.568228,0.017119,0.567506,-0.822670,-0.033924,0.033360,-0.018194,0.999278,0,0.93454,-0.12569,56.072,-0.251,175.000,275.000,-1,400.000,-1,275.000,325.000,300.000,300.000,550.000,-1,-1,850.000,350.000,850.000,200.000,-1,1,1,2,0,2,1,1,0,0,1,2,2,1,1,0,1,2
116,-1888.519,1127.197,-15.835,-214.875,-0.819980,-0.571759,0.026926,0.571029,-0.820366,-0.030435,0.039491,-0.009580,0.999174,0,0.93521,-0.12076,56.113,-0.242,150.000,275.000,-1,425.000,-1,275.000,325.000,325.000,300.000,575.000,-1,-1,850.000,350.000,925.000,150.000,-1,1,1,2,0,2,1,1,0,0,1,2,2,1,1,0,1,2
117,-1934.441,1159.473,-7.444,-215.106,-0.816015,-0.575001,0.059101,0.574898,-0.817970,-0.020439,0.060095,0.017299,0.998043,0,0.93546,-0.11547,56.128,-0.231,150.000,300.000,-1,475.000,-1,300.000,375.000,375.000,275.000,625.000,750.000,450.000,750.000,425.000,-1,150.000,-1,1,1,2,0,2,1,1,1,0,1,0,0,1,1,2,1,2
118,-1980.234,1191.910,-0.002,-215.325,-0.811596,-0.577744,0.086743,0.579040,-0.815211,-0.011947,0.077616,0.040532,0.996159,0,0.93523,-0.10981,56.114,-0.220,150.000,325.000,-1,525.000,-1,350.000,425.000,350.000,250.000,675.000,400.000,200.000,725.000,550.000,-1,150.000,-1,1,1,2,0,2,1,0,1,0,1,0,0,1,1,2,1,2
119,-2025.874,1224.481,6.488,-215.533,-0.807092,-0.580118,0.109842,0.583205,-0.812311,-0.004885,0.092060,0.060118,0.993937,0,0.93446,-0.10374,56.067,-0.207,125.000,375.000,-1,575.000,-1,425.000,475.000,350.000,250.000,725.000,300.000,125.000,600.000,725.000,-1,175.000,-1,1,1,2,0,2,1,0,1,0,1,0,0,0,1,2,1,2
120,-2071.337,1257.159,11.956,-215.727,-0.802784,-0.582227,0.128644,0.587205,-0.809437,0.000956,0.103573,0.076308,0.991690,0,0.93309,-0.09728,55.985,-0.195,125.000,450.000,-1,600.000,-1,550.000,525.000,300.000,250.000,775.000,275.000,75.000,475.000,750.000,-1,175.000,-1,1,1,2,0,2,0,0,1,0,1,0,0,0,1,2,1,2
121,-2116.598,1289.909,16.361,-215.908,-0.798942,-0.584147,0.143051,0.590898,-0.806725,0.005919,0.111945,0.089258,0.989698,0,0.93108,-0.09040,55.865,-0.181,125.000,600.000,-1,650.000,-1,600.000,550.000,250.000,250.000,800.000,250.000,75.000,400.000,750.000,-1,200.000,-1,1,1,2,0,2,0,0,1,0,1,0,0,0,1,2,1,2
122,-2161.629,1322.697,19.809,-216.074,-0.795767,-0.585967,0.152961,0.594125,-0.804314,0.009703,0.117343,0.098600,0.988185,0,0.92837,-0.08313,55.702,-0.166,125.000,600.000,-1,675.000,-1,625.000,575.000,200.000,225.000,850.000,250.000,50.000,350.000,725.000,-1,600.000,-1,1,1,2,0,2,0,0,1,0,1,0,0,0,1,2,1,2
123,-2206.404,1355.486,22.315,-216.225,-0.793389,-0.587738,0.158424,0.596800,-0.802295,0.012341,0.119849,0.104339,0.987294,0,0.92493,-0.07548,55.496,-0.151,125.000,600.000,-1,675.000,-1,625.000,600.000,175.000,225.000,900.000,225.000,50.000,325.000,700.000,-1,600.000,-1,1,1,2,0,2,1,0,1,0,1,0,0,0,1,2,1,2
124,7543.230,-4919.480,-133.104,-31.952,0.849028,0.528312,0.006175,-0.526552,0.847046,-0.072502,-0.043534,0.058305,0.997349,1,0.00000,0.00000,55.244,-0.135,-1,375.000,-1,400.000,-1,325.000,325.000,325.000,325.000,-1,-1,-1,-1,700.000,750.000,-1,-1,2,0,2,0,2,0,0,0,0,2,2,2,2,0,0,2,2
125,7547.293,-4922.037,-133.310,-32.181,0.846920,0.531687,0.006043,-0.529924,0.844937,-0.072539,-0.043674,0.058233,0.997347,0,0.08000,-0.11420,4.800,-0.228,-1,375.000,-1,400.000,-1,325.000,325.000,325.000,325.000,-1,-1,-1,-1,700.000,750.000,-1,-1,2,0,2,0,2,0,0,0,0,2,2,2,2,0,0,2,2
126,7555.398,-4927.182,-133.729,-32.409,0.844798,0.535054,0.005778,-0.533296,0.842807,-0.072610,-0.043721,0.058260,0.997344,0,0.16000,-0.11433,9.600,-0.229,-1,375.000,-1,400.000,-1,325.000,325.000,325.000,325.000,-1,-1,-1,-1,700.000,750.000,-1,-1,2,0,2,0,2,0,0,0,0,2,2,2,2,0,0,2,2
127,7567.524,-4934.948,-134.361,-32.639,0.842657,0.538424,0.005379,-0.536677,0.840649,-0.072716,-0.043674,0.058387,0.997338,0,0.24000,-0.11485,14.400,-0.230,-1,375.000,-1,400.000,-1,325.000,325.000,325.000,325.000,-1,-1,-1,-1,700.000,750.000,-1,-1,2,0,2,0,2,0,0,0,0,2,2,2,2,0,0,2,2
128,7583.650,-4945.369,-135.206,-32.871,0.840487,0.541810,0.004842,-0.540080,0.838454,-0.072855,-0.043533,0.058619,0.997331,0,0.32000,-0.11577,19.200,-0.232,-1,375.000,-1,400.000,-1,325.000,325.000,325.000,325.000,-1,-1,-1,-1,700.000,750.000,-1,-1,2,0,2,0,2,0,0,0,0,2,2,2,2,0,0,2,2
129,7603.754,-4958.477,-136.263,-33.105,0.838282,0.545221,0.004163,-0.543515,0.836216,-0.073030,-0.043298,0.058957,0.997321,0,0.40000,-0.11709,24.000,-0.234,-1,375.000,-1,400.000,-1,325.000,325.000,325.000,325.000,-1,-1,-1,-1,700.000,750.000,-1,-1,2,0,2,0,2,0,0,0,0,2,2,2,2,0,0,2,2
130,7627.814,-4974.307,-137.578,-33.342,0.836027,0.548677,0.003577,-0.546991,0.833935,-0.073162,-0.043126,0.059209,0.997314,0,0.48000,-0.11882,28.800,-0.238,-1,375.000,-1,400.000,-1,325.000,325.000,325.000,325.000,-1,-1,-1,-1,700.000,750.000,-1,-1,2,0,2,0,2,0,0,0,0,2,2,2,2,0,0,2,2
131,7655.805,-4992.893,-139.176,-33.584,0.833711,0.552191,0.003215,-0.550516,0.831608,-0.073212,-0.043101,0.059268,0.997311,0,0.56000,-0.12097,33.600,-0.242,-1,375.000,-1,400.000,-1,325.000,325.000,325.000,325.000,-1,-1,-1,-1,700.000,725.000,-1,-1,2,0,2,0,2,0,0,0,0,2,2,2,2,0,0,2,2
132,7687.703,-5014.272,-140.952,-33.831,0.831336,0.555763,0.002798,-0.554092,0.829205,-0.073497,-0.043167,0.059551,0.997291,0,0.64000,-0.12356,38.400,-0.247,-1,375.000,-1,400.000,-1,325.000,325.000,325.000,325.000,-1,-1,-1,-1,675.000,725.000,-1,-1,2,0,2,0,2,0,0,0,0,2,2,2,2,0,0,2,2
133,7723.482,-5038.482,-142.933,-34.085,0.828888,0.559410,0.002303,-0.557742,0.826721,-0.073861,-0.043222,0.059938,0.997266,0,0.72000,-0.12661,43.200,-0.253,-1,375.000,-1,400.000,1000.000,325.000,325.000,325.000,325.000,-1,-1,-1,-1,675.000,725.000,-1,-1,2,0,2,1,1,0,0,0,0,2,2,2,2,0,0,2,2
