timestep,x_cm,y_cm,z_cm,yaw_deg,basis_xx,basis_xy,basis_xz,basis_yx,basis_yy,basis_yz,basis_zx,basis_zy,basis_zz,teleport_flag,throttle_cmd,steering_cmd,cmd_move_cm,cmd_turn_deg,lidar_cm_0,lidar_cm_1,lidar_cm_2,lidar_cm_3,lidar_cm_4,lidar_cm_5,lidar_cm_6,lidar_cm_7,lidar_cm_8,lidar_cm_9,lidar_cm_10,lidar_cm_11,lidar_cm_12,lidar_cm_13,lidar_cm_14,lidar_cm_15,lidar_cm_16,lidar_class_0,lidar_class_1,lidar_class_2,lidar_class_3,lidar_class_4,lidar_class_5,lidar_class_6,lidar_class_7,lidar_class_8,lidar_class_9,lidar_class_10,lidar_class_11,lidar_class_12,lidar_class_13,lidar_class_14,lidar_class_15,lidar_class_16
0,-8858.511,-8202.515,188.098,-135.539,-0.713244,0.700342,0.028362,-0.700472,-0.713648,0.006702,0.024934,-0.015087,0.999575,1,0.08000,-0.12000,4.800,-0.240,-1,375.000,-1,375.000,975.000,300.000,300.000,325.000,300.000,-1,-1,-1,-1,700.000,625.000,-1,-1,2,0,2,0,0,0,0,0,0,2,2,2,2,0,0,2,2
1,-8865.419,-8209.182,188.439,-136.019,-0.719089,0.694343,0.028264,-0.694465,-0.719494,0.006847,0.025090,-0.014705,0.999577,0,0.16000,-0.24000,9.600,-0.480,-1,375.000,-1,375.000,950.000,300.000,300.000,325.000,300.000,-1,-1,-1,-1,700.000,625.000,-1,1000.000,2,0,2,0,0,0,0,0,0,2,2,2,2,0,0,2,0
2,-8875.906,-8219.050,188.952,-136.739,-0.727762,0.685252,0.028135,-0.685361,-0.728169,0.007083,0.025341,-0.014128,0.999579,0,0.24000,-0.36000,14.400,-0.720,-1,375.000,-1,375.000,950.000,300.000,300.000,325.000,300.000,-1,-1,-1,-1,700.000,625.000,-1,1000.000,2,0,2,0,0,0,0,0,0,2,2,2,2,0,0,2,0
3,-8890.089,-8231.992,189.521,-137.620,-0.738200,0.673974,0.028623,-0.674078,-0.738624,0.007312,0.026069,-0.013897,0.999564,0,0.32000,-0.44061,19.200,-0.881,-1,375.000,-1,375.000,950.000,300.000,300.000,325.000,300.000,-1,-1,-1,-1,675.000,625.000,-1,975.000,2,0,2,0,0,0,0,0,0,2,2,2,2,0,0,2,0
4,-8908.063,-8247.895,190.233,-138.499,-0.748427,0.662567,0.029340,-0.662668,-0.748875,0.007560,0.026981,-0.013784,0.999541,0,0.40000,-0.43941,24.000,-0.879,-1,375.000,-1,375.000,950.000,300.000,300.000,325.000,300.000,-1,-1,-1,-1,675.000,625.000,-1,975.000,2,0,2,0,0,0,0,0,0,2,2,2,2,0,0,2,0
5,-8929.922,-8266.647,191.115,-139.375,-0.758441,0.651043,0.030176,-0.651139,-0.758917,0.007870,0.028025,-0.013679,0.999514,0,0.48000,-0.43795,28.800,-0.876,-1,375.000,-1,375.000,925.000,300.000,300.000,325.000,300.000,-1,-1,-1,-1,675.000,625.000,-1,975.000,2,0,2,0,0,0,0,0,0,2,2,2,2,0,0,2,0
6,-8955.755,-8288.133,192.189,-140.248,-0.768233,0.639413,0.031129,-0.639504,-0.768743,0.008230,0.029192,-0.013585,0.999481,0,0.56000,-0.43621,33.600,-0.872,-1,375.000,-1,375.000,900.000,300.000,300.000,325.000,300.000,-1,-1,-1,-1,675.000,600.000,-1,950.000,2,0,2,0,0,0,0,0,0,2,2,2,2,0,0,2,0
7,-8985.646,-8312.239,193.466,-141.116,-0.777798,0.627690,0.032196,-0.627774,-0.778347,0.008667,0.030500,-0.013471,0.999444,0,0.64000,-0.43420,38.400,-0.868,-1,375.000,-1,375.000,900.000,300.000,300.000,325.000,300.000,-1,-1,-1,-1,675.000,600.000,-1,950.000,2,0,2,0,0,0,0,0,0,2,2,2,2,0,0,2,0
8,-9019.679,-8338.847,194.954,-141.980,-0.787128,0.615886,0.033377,-0.615959,-0.787724,0.009255,0.031992,-0.013275,0.999400,0,0.72000,-0.43191,43.200,-0.864,-1,375.000,-1,350.000,875.000,300.000,300.000,325.000,300.000,-1,-1,-1,-1,650.000,600.000,-1,925.000,2,0,2,0,0,0,0,0,0,2,2,2,2,0,0,2,0
9,-9056.966,-8367.110,196.619,-142.838,-0.796220,0.604014,0.034644,-0.604070,-0.796868,0.010018,0.033658,-0.012950,0.999350,0,0.77980,-0.42933,46.788,-0.859,-1,375.000,-1,350.000,850.000,300.000,300.000,325.000,300.000,-1,-1,-1,-1,650.000,600.000,-1,900.000,2,0,2,0,0,0,0,0,0,2,2,2,2,0,0,2,0
10,-9094.673,-8394.817,198.337,-143.691,-0.805073,0.592088,0.035904,-0.592118,-0.805777,0.010928,0.035401,-0.012462,0.999295,0,0.77987,-0.42651,46.792,-0.853,-1,375.000,-1,350.000,825.000,300.000,300.000,325.000,300.000,-1,-1,-1,-1,650.000,575.000,-1,875.000,2,0,2,0,0,0,0,0,0,2,2,2,2,0,0,2,0
11,-9132.780,-8421.960,200.570,-144.539,-0.813598,0.580099,0.039295,-0.580145,-0.814434,0.011370,0.038599,-0.013546,0.999163,0,0.77975,-0.42367,46.785,-0.847,-1,375.000,-1,350.000,825.000,300.000,300.000,325.000,300.000,-1,-1,-1,-1,650.000,600.000,-1,875.000,2,0,2,0,0,0,0,0,0,2,2,2,2,0,0,2,0
12,-9171.265,-8448.528,202.993,-145.380,-0.821846,0.568062,0.043306,-0.568139,-0.822849,0.011698,0.042280,-0.014990,0.998993,0,0.77942,-0.42080,46.765,-0.842,-1,375.000,-1,350.000,850.000,300.000,300.000,325.000,325.000,-1,-1,-1,-1,650.000,600.000,-1,900.000,2,0,2,0,0,0,0,0,0,2,2,2,2,0,0,2,0
13,-9210.109,-8474.516,205.435,-146.216,-0.829849,0.555986,0.047227,-0.556094,-0.831032,0.012044,0.045943,-0.016268,0.998812,0,0.77891,-0.41793,46.734,-0.836,-1,375.000,-1,350.000,875.000,300.000,300.000,325.000,325.000,-1,500.000,-1,-1,650.000,600.000,-1,925.000,2,0,2,0,0,0,0,0,0,2,0,2,2,0,0,2,0
14,-9249.873,-8500.268,207.949,-147.071,-0.837843,0.543512,0.051123,-0.543644,-0.839223,0.012503,0.049699,-0.017317,0.998614,0,0.78958,-0.42759,47.375,-0.855,-1,375.000,-1,350.000,900.000,300.000,300.000,325.000,325.000,-1,375.000,500.000,-1,650.000,600.000,-1,950.000,2,0,2,0,0,0,0,0,0,2,0,0,2,0,0,2,0
15,-9290.047,-8525.450,210.540,-147.920,-0.845591,0.531014,0.054772,-0.531156,-0.847172,0.013136,0.053377,-0.017985,0.998412,0,0.79022,-0.42439,47.413,-0.849,-1,375.000,-1,350.000,900.000,300.000,300.000,325.000,325.000,-1,350.000,400.000,-1,650.000,625.000,-1,975.000,2,0,2,0,0,0,0,0,0,2,0,0,2,0,0,2,0
16,-9330.607,-8550.050,213.210,-148.762,-0.853096,0.518503,0.058160,-0.518636,-0.854881,0.013958,0.056957,-0.018257,0.998210,0,0.79061,-0.42107,47.437,-0.842,-1,375.000,-1,350.000,925.000,300.000,300.000,325.000,325.000,-1,325.000,375.000,-1,675.000,625.000,-1,1000.000,2,0,2,0,0,0,0,0,0,2,0,0,2,0,0,2,0
17,-9371.529,-8574.061,215.962,-149.598,-0.860347,0.505986,0.061490,-0.506089,-0.862350,0.015045,0.060639,-0.018175,0.997994,0,0.79076,-0.41764,47.446,-0.835,-1,375.000,-1,350.000,950.000,300.000,300.000,300.000,325.000,-1,325.000,350.000,-1,675.000,625.000,-1,-1,2,0,2,0,0,0,0,0,0,2,0,0,2,0,0,2,2
18,-9412.789,-8597.475,219.201,-150.426,-0.867331,0.493479,0.064924,-0.493466,-0.869592,0.017346,0.065017,-0.016993,0.997739,0,0.79065,-0.41410,47.439,-0.828,-1,375.000,-1,350.000,975.000,300.000,300.000,325.000,325.000,-1,300.000,325.000,-1,675.000,625.000,-1,-1,2,0,2,0,0,0,0,0,0,2,0,0,2,0,0,2,2
19,-9458.570,-8622.636,222.805,-151.206,-0.873702,0.481599,0.068614,-0.481455,-0.876249,0.019717,0.069619,-0.015808,0.997448,0,0.87065,-0.39018,52.239,-0.780,-1,375.000,-1,375.000,1000.000,300.000,300.000,325.000,300.000,-1,275.000,300.000,-1,700.000,625.000,-1,-1,2,0,2,0,0,0,0,0,0,2,0,0,2,0,0,2,2
20,-9507.115,-8648.471,226.644,-151.979,-0.879826,0.469752,0.072388,-0.469461,-0.882678,0.022042,0.074249,-0.014590,0.997133,0,0.91651,-0.38619,54.991,-0.772,-1,375.000,-1,375.000,-1,300.000,300.000,325.000,300.000,-1,275.000,275.000,-1,725.000,625.000,-1,-1,2,0,2,0,2,0,0,0,0,2,0,0,2,0,0,2,2
21,-9555.950,-8673.631,230.527,-152.742,-0.885720,0.457950,0.076041,-0.457505,-0.888878,0.024195,0.078671,-0.013359,0.996811,0,0.91557,-0.38196,54.934,-0.764,-1,375.000,-1,375.000,-1,325.000,300.000,325.000,300.000,-1,250.000,275.000,-1,725.000,650.000,-1,-1,2,0,2,0,2,0,0,0,0,2,0,0,2,0,0,2,2
22,-9605.045,-8698.111,234.451,-153.498,-0.891389,0.446199,0.079572,-0.445595,-0.894852,0.026184,0.082889,-0.012117,0.996485,0,0.91432,-0.37767,54.859,-0.755,-1,400.000,-1,375.000,-1,325.000,300.000,325.000,300.000,-1,250.000,250.000,-1,750.000,650.000,-1,-1,2,0,2,0,2,0,0,0,0,2,0,0,2,0,0,2,2
23,-9654.370,-8721.908,238.412,-154.245,-0.896839,0.434505,0.082980,-0.433737,-0.900604,0.028017,0.086906,-0.010864,0.996157,0,0.91275,-0.37337,54.765,-0.747,-1,400.000,-1,375.000,-1,325.000,300.000,325.000,300.000,-1,225.000,250.000,-1,775.000,650.000,-1,-1,2,0,2,0,2,0,0,0,0,2,0,0,2,0,0,2,2
24,-9703.897,-8745.021,242.517,-154.983,-0.902086,0.422870,0.086145,-0.421979,-0.906135,0.029208,0.090410,-0.010003,0.995854,0,0.91089,-0.36908,54.653,-0.738,-1,400.000,-1,375.000,-1,325.000,300.000,325.000,300.000,-1,225.000,250.000,-1,775.000,650.000,-1,-1,2,0,2,0,2,0,0,0,0,2,0,0,2,0,0,2,2
25,-9753.599,-8767.443,247.275,-155.718,-0.907235,0.411206,0.088508,-0.410456,-0.911470,0.027366,0.091926,-0.011501,0.995699,0,0.90876,-0.36746,54.526,-0.735,-1,400.000,-1,375.000,-1,325.000,300.000,325.000,300.000,-1,250.000,275.000,-1,800.000,650.000,-1,-1,2,0,2,0,2,0,0,0,0,2,0,0,2,0,0,2,2
26,-9803.454,-8789.172,252.294,-156.450,-0.912129,0.399511,0.091710,-0.398968,-0.916624,0.024987,0.094046,-0.013798,0.995472,0,0.90639,-0.36617,54.383,-0.732,-1,400.000,-1,375.000,-1,325.000,300.000,300.000,300.000,-1,275.000,300.000,-1,800.000,675.000,-1,-1,2,0,2,0,2,0,0,0,0,2,0,0,2,0,0,2,2
27,-9853.438,-8810.203,257.441,-157.180,-0.916823,0.387782,0.095188,-0.387486,-0.921605,0.022335,0.096387,-0.016407,0.995209,0,0.90380,-0.36511,54.228,-0.730,-1,400.000,-1,375.000,-1,325.000,300.000,300.000,300.000,-1,300.000,325.000,-1,800.000,675.000,-1,-1,2,0,2,0,2,0,0,0,0,2,0,0,2,0,0,2,2
28,-9903.532,-8830.535,262.587,-157.909,-0.921373,0.376015,0.098413,-0.375972,-0.926422,0.019698,0.098579,-0.018851,0.994951,0,0.90104,-0.36429,54.062,-0.729,-1,400.000,-1,375.000,-1,325.000,325.000,300.000,300.000,-1,300.000,350.000,-1,825.000,700.000,-1,-1,2,0,2,0,2,0,0,0,0,2,0,0,2,0,0,2,2
29,-9953.719,-8850.166,268.092,-158.636,-0.925952,0.364217,0.099793,-0.364303,-0.931106,0.018019,0.099480,-0.019670,0.994845,0,0.89815,-0.36372,53.889,-0.727,-1,400.000,-1,375.000,-1,325.000,325.000,300.000,300.000,-1,350.000,400.000,-1,825.000,700.000,-1,-1,2,0,2,0,2,0,0,0,0,2,0,0,2,0,0,2,2
30,-10003.983,-8869.096,273.740,-159.363,-0.930377,0.352377,0.101143,-0.352514,-0.935650,0.017111,0.100664,-0.019735,0.994725,0,0.89518,-0.36340,53.711,-0.727,-1,400.000,-1,375.000,-1,325.000,325.000,300.000,300.000,-1,400.000,450.000,-1,850.000,700.000,-1,-1,2,0,2,0,2,0,0,0,0,2,0,0,2,0,0,2,2
31,-10054.314,-8887.326,279.362,-160.090,-0.934648,0.340483,0.102490,-0.340667,-0.940044,0.016242,0.101875,-0.019735,0.994601,0,0.89217,-0.36332,53.530,-0.727,-1,400.000,-1,375.000,-1,325.000,325.000,300.000,300.000,-1,425.000,475.000,-1,850.000,700.000,-1,-1,2,0,2,0,2,0,0,0,0,2,0,0,2,0,0,2,2
32,-10104.703,-8904.857,284.933,-160.817,-0.938774,0.328528,0.103793,-0.328768,-0.944287,0.015278,0.103030,-0.019781,0.994482,0,0.88918,-0.36348,53.351,-0.727,-1,400.000,-1,375.000,-1,325.000,325.000,300.000,300.000,-1,475.000,525.000,-1,850.000,700.000,-1,-1,2,0,2,0,2,0,0,0,0,2,0,0,2,0,0,2,2
33,-10155.144,-8921.690,290.455,-161.544,-0.942755,0.316507,0.105053,-0.316811,-0.948382,0.014225,0.104133,-0.019871,0.994365,0,0.88625,-0.36389,53.175,-0.728,-1,400.000,-1,375.000,-1,325.000,325.000,300.000,300.000,-1,500.000,550.000,-1,850.000,700.000,-1,-1,2,0,2,0,2,0,0,0,0,2,0,0,2,0,0,2,2
34,-10205.633,-8937.829,295.931,-162.273,-0.946593,0.304413,0.106271,-0.304788,-0.952330,0.013090,0.105190,-0.020000,0.994251,0,0.88343,-0.36453,53.006,-0.729,-1,425.000,-1,375.000,-1,325.000,325.000,300.000,300.000,-1,525.000,600.000,-1,875.000,725.000,-1,-1,2,0,2,0,2,0,0,0,0,2,0,0,2,0,0,2,2
35,-10256.170,-8953.275,301.364,-163.004,-0.950289,0.292241,0.107449,-0.292695,-0.956132,0.011876,0.106206,-0.020164,0.994140,0,0.88075,-0.36541,52.845,-0.731,-1,425.000,-1,375.000,-1,325.000,325.000,300.000,300.000,-1,550.000,625.000,-1,875.000,725.000,-1,-1,2,0,2,0,2,0,0,0,0,2,0,0,2,0,0,2,2
36,-10306.758,-8968.032,306.757,-163.737,-0.953843,0.279984,0.108590,-0.280523,-0.959789,0.010589,0.107188,-0.020361,0.994030,0,0.87826,-0.36650,52.696,-0.733,-1,425.000,-1,375.000,-1,325.000,325.000,300.000,300.000,-1,575.000,650.000,-1,875.000,725.000,-1,-1,2,0,2,0,2,0,0,0,0,2,0,0,2,0,0,2,2
37,-10357.399,-8982.101,312.114,-164.473,-0.957255,0.267637,0.109694,-0.268269,-0.963300,0.009235,0.108140,-0.020587,0.993922,0,0.87598,-0.36782,52.559,-0.736,-1,425.000,-1,375.000,-1,325.000,325.000,300.000,300.000,-1,600.000,675.000,-1,875.000,725.000,-1,-1,2,0,2,0,2,0,0,0,0,2,0,0,2,0,0,2,2
38,-10408.099,-8995.486,317.437,-165.212,-0.960524,0.255194,0.110765,-0.255924,-0.966665,0.007817,0.109068,-0.020839,0.993816,0,0.87395,-0.36934,52.437,-0.739,-1,425.000,-1,375.000,-1,325.000,325.000,300.000,300.000,-1,625.000,725.000,-1,875.000,725.000,-1,-1,2,0,2,0,2,0,0,0,0,2,0,0,2,0,0,2,2
39,-10458.865,-9008.187,323.051,-165.954,-0.963723,0.242645,0.111180,-0.243616,-0.969859,0.004975,0.109037,-0.022290,0.993788,0,0.87218,-0.37107,52.331,-0.742,-1,425.000,-1,375.000,-1,325.000,325.000,300.000,300.000,-1,675.000,775.000,-1,875.000,725.000,-1,-1,2,0,2,0,2,0,0,0,0,2,0,0,2,0,0,2,2
40,-10509.706,-9020.205,328.669,-166.700,-0.966793,0.229989,0.111432,-0.231216,-0.972901,0.001962,0.108863,-0.023868,0.993770,0,0.87069,-0.37298,52.242,-0.746,-1,400.000,-1,375.000,-1,325.000,325.000,300.000,300.000,-1,725.000,825.000,-1,875.000,725.000,-1,-1,2,0,2,0,2,0,0,0,0,2,0,0,2,0,0,2,2
41,-10560.629,-9031.541,334.315,-167.450,-0.969754,0.217225,0.111311,-0.218669,-0.975799,-0.000783,0.108447,-0.025100,0.993785,0,0.86949,-0.37508,52.170,-0.750,-1,400.000,-1,375.000,-1,325.000,325.000,300.000,300.000,-1,775.000,875.000,-1,850.000,725.000,-1,-1,2,0,2,0,2,0,0,0,0,2,0,0,2,0,0,2,2
42,-10611.643,-9042.194,340.158,-168.205,-0.972569,0.204352,0.111134,-0.205911,-0.978567,-0.002620,0.108216,-0.025431,0.993802,0,0.86859,-0.37735,52.115,-0.755,-1,400.000,-1,375.000,-1,325.000,325.000,300.000,300.000,-1,825.000,925.000,-1,850.000,725.000,-1,-1,2,0,2,0,2,0,0,0,0,2,0,0,2,0,0,2,2
43,-10662.759,-9052.163,345.983,-168.964,-0.975219,0.191359,0.111038,-0.193034,-0.981182,-0.004430,0.108101,-0.025754,0.993806,0,0.86798,-0.37979,52.079,-0.760,-1,400.000,-1,375.000,-1,325.000,325.000,300.000,300.000,-1,900.000,1000.000,-1,825.000,725.000,-1,-1,2,0,2,0,2,0,0,0,0,2,0,0,2,0,0,2,2
44,-10713.984,-9061.445,351.787,-169.729,-0.977706,0.178244,0.110999,-0.180037,-0.983640,-0.006259,0.108068,-0.026103,0.993801,0,0.86767,-0.38239,52.060,-0.765,-1,400.000,-1,375.000,-1,325.000,325.000,300.000,300.000,-1,950.000,-1,-1,825.000,725.000,-1,-1,2,0,2,0,2,0,0,0,0,2,0,2,2,0,0,2,2
45,-10763.517,-9069.953,357.358,-170.254,-0.979307,0.169224,0.111001,-0.171156,-0.985211,-0.008043,0.107998,-0.026875,0.993788,0,0.83763,-0.26239,50.258,-0.525,-1,400.000,-1,375.000,-1,325.000,325.000,300.000,300.000,-1,1000.000,-1,-1,825.000,750.000,-1,-1,2,0,2,0,2,0,0,0,0,2,0,2,2,0,0,2,2
46,-10813.112,-9078.218,362.900,-170.539,-0.980139,0.164319,0.111029,-0.166418,-0.986006,-0.009841,0.107858,-0.028123,0.993768,0,0.83799,-0.14239,50.279,-0.285,-1,400.000,-1,375.000,-1,325.000,325.000,300.000,300.000,-1,-1,-1,-1,800.000,750.000,-1,-1,2,0,2,0,2,0,0,0,0,2,2,2,2,0,0,2,2
47,-10862.755,-9086.451,368.409,-170.583,-0.980264,0.163541,0.111075,-0.165832,-0.986085,-0.011646,0.107624,-0.029836,0.993744,0,0.83868,-0.02239,50.321,-0.045,-1,400.000,-1,375.000,-1,325.000,325.000,325.000,300.000,-1,-1,-1,-1,800.000,750.000,-1,-1,2,0,2,0,2,0,0,0,0,2,2,2,2,0,0,2,2
48,-10912.427,-9094.864,373.884,-170.388,-0.979693,0.166888,0.111130,-0.169396,-0.985456,-0.013454,0.107269,-0.032006,0.993715,0,0.83966,0.09761,50.380,0.195,-1,400.000,-1,375.000,-1,325.000,325.000,325.000,300.000,-1,-1,-1,-1,800.000,750.000,-1,-1,2,0,2,0,2,0,0,0,0,2,2,2,2,0,0,2,2
49,-10962.141,-9103.467,379.333,-170.182,-0.979077,0.170419,0.111200,-0.173145,-0.984778,-0.015267,0.106906,-0.034201,0.993681,0,0.84088,0.10302,50.453,0.206,-1,400.000,-1,400.000,-1,325.000,325.000,300.000,300.000,-1,-1,-1,-1,800.000,750.000,-1,-1,2,0,2,0,2,0,0,0,0,2,2,2,2,0,0,2,2
50,-11011.904,-9112.258,384.756,-169.982,-0.978466,0.173840,0.111285,-0.176784,-0.984101,-0.017086,0.106546,-0.036392,0.993642,0,0.84223,0.09994,50.534,0.200,-1,400.000,-1,400.000,-1,325.000,325.000,300.000,300.000,-1,-1,-1,-1,800.000,750.000,-1,-1,2,0,2,0,2,0,0,0,0,2,2,2,2,0,0,2,2
51,-11061.724,-9121.233,390.154,-169.789,-0.977860,0.177150,0.111387,-0.180312,-0.983428,-0.018912,0.106191,-0.038578,0.993597,0,0.84369,0.09680,50.622,0.194,-1,400.000,-1,400.000,-1,325.000,325.000,300.000,300.000,-1,-1,-1,-1,775.000,750.000,-1,-1,2,0,2,0,2,0,0,0,0,2,2,2,2,0,0,2,2
52,-11111.606,-9130.388,395.522,-169.601,-0.977261,0.180347,0.111516,-0.183726,-0.982759,-0.020727,0.105855,-0.040744,0.993546,0,0.84526,0.09361,50.716,0.187,-1,400.000,-1,400.000,-1,325.000,325.000,300.000,300.000,-1,-1,-1,-1,775.000,775.000,-1,-1,2,0,2,0,2,0,0,0,0,2,2,2,2,0,0,2,2
53,-11161.558,-9139.718,400.742,-169.421,-0.976716,0.183432,0.111260,-0.186972,-0.982115,-0.022169,0.105203,-0.042455,0.993544,0,0.84693,0.09036,50.816,0.181,-1,400.000,-1,400.000,-1,325.000,325.000,300.000,300.000,-1,-1,-1,-1,775.000,800.000,-1,-1,2,0,2,0,2,0,0,0,0,2,2,2,2,0,0,2,2
54,-11211.585,-9149.220,406.009,-169.246,-0.976205,0.186404,0.110805,-0.190072,-0.981491,-0.023425,0.104388,-0.043929,0.993566,0,0.84869,0.08705,50.922,0.174,-1,400.000,-1,400.000,-1,325.000,325.000,300.000,300.000,-1,-1,-1,-1,775.000,800.000,-1,-1,2,0,2,0,2,0,0,0,0,2,2,2,2,0,0,2,2
55,-11258.118,-9158.002,411.105,-169.312,-0.976446,0.185274,0.110572,-0.188957,-0.981699,-0.023719,0.104154,-0.044053,0.993585,0,0.78925,-0.03295,47.355,-0.066,-1,400.000,-1,400.000,-1,325.000,325.000,300.000,300.000,-1,-1,-1,-1,775.000,825.000,-1,-1,2,0,2,0,2,0,0,0,0,2,2,2,2,0,0,2,2
56,-11304.787,-9166.639,416.201,-169.515,-0.977112,0.181809,0.110446,-0.185487,-0.982356,-0.023908,0.104150,-0.043847,0.993595,0,0.79103,-0.10114,47.462,-0.202,-1,400.000,-1,400.000,-1,325.000,325.000,300.000,300.000,-1,-1,-1,-1,800.000,825.000,-1,-1,2,0,2,0,2,0,0,0,0,2,2,2,2,0,0,2,2
57,-11351.597,-9175.126,421.310,-169.723,-0.977779,0.178231,0.110377,-0.181905,-0.983021,-0.024087,0.104209,-0.043630,0.993598,0,0.79289,-0.10437,47.573,-0.209,-1,400.000,-1,400.000,-1,325.000,325.000,325.000,300.000,-1,-1,-1,-1,800.000,850.000,-1,-1,2,0,2,0,2,0,0,0,0,2,2,2,2,0,0,2,2
58,-11398.555,-9183.458,426.434,-169.939,-0.978446,0.174537,0.110363,-0.178209,-0.983694,-0.024256,0.104330,-0.043401,0.993595,0,0.79486,-0.10765,47.691,-0.215,-1,400.000,-1,400.000,-1,325.000,325.000,325.000,300.000,-1,-1,-1,-1,800.000,850.000,-1,-1,2,0,2,0,2,0,0,0,0,2,2,2,2,0,0,2,2
59,-11445.668,-9191.628,431.566,-170.161,-0.979116,0.170726,0.110386,-0.174399,-0.984372,-0.024449,0.104487,-0.043189,0.993588,0,0.79692,-0.11099,47.815,-0.222,-1,375.000,-1,400.000,-1,325.000,325.000,325.000,300.000,-1,-1,-1,-1,825.000,875.000,-1,-1,2,0,2,0,2,0,0,0,0,2,2,2,2,0,0,2,2
60,-11492.940,-9199.633,436.696,-170.389,-0.979790,0.166795,0.110416,-0.170477,-0.985052,-0.024718,0.104643,-0.043042,0.993578,0,0.79908,-0.11439,47.945,-0.229,-1,375.000,-1,400.000,-1,325.000,325.000,325.000,300.000,-1,-1,-1,-1,825.000,900.000,-1,-1,2,0,2,0,2,0,0,0,0,2,2,2,2,0,0,2,2
61,-11540.359,-9207.462,441.838,-170.624,-0.980460,0.162760,0.110488,-0.166452,-0.985733,-0.024996,0.104843,-0.042899,0.993563,0,0.80102,-0.11736,48.061,-0.235,-1,375.000,-1,400.000,-1,325.000,325.000,325.000,300.000,-1,-1,-1,-1,850.000,900.000,-1,-1,2,0,2,0,2,0,0,0,0,2,2,2,2,0,0,2,2
62,-11587.810,-9215.097,446.979,-170.859,-0.981109,0.158721,0.110600,-0.162426,-0.986397,-0.025284,0.105082,-0.042771,0.993543,0,0.80102,-0.11736,48.061,-0.235,-1,400.000,-1,400.000,-1,325.000,325.000,325.000,300.000,-1,-1,-1,-1,850.000,925.000,-1,-1,2,0,2,0,2,0,0,0,0,2,2,2,2,0,0,2,2
63,-11635.292,-9222.538,452.119,-171.094,-0.981738,0.154679,0.110750,-0.158401,-0.987043,-0.025581,0.105358,-0.042657,0.993519,0,0.80102,-0.11736,48.061,-0.235,-1,400.000,-1,425.000,-1,325.000,325.000,325.000,300.000,-1,-1,-1,-1,875.000,-1,-1,-1,2,0,2,0,2,0,0,0,0,2,2,2,2,0,2,2,2
64,-11682.804,-9229.784,457.258,-171.328,-0.982345,0.150635,0.110937,-0.154376,-0.987673,-0.025887,0.105670,-0.042556,0.993490,0,0.80102,-0.11736,48.061,-0.235,-1,400.000,-1,425.000,-1,325.000,325.000,325.000,325.000,-1,-1,-1,-1,875.000,-1,-1,-1,2,0,2,0,2,0,0,0,0,2,2,2,2,0,2,2,2
65,-11730.345,-9236.836,462.397,-171.563,-0.982932,0.146588,0.111160,-0.150350,-0.988286,-0.026202,0.106017,-0.042468,0.993457,0,0.80102,-0.11736,48.061,-0.235,-1,400.000,-1,425.000,-1,325.000,325.000,325.000,325.000,-1,-1,-1,-1,900.000,-1,-1,-1,2,0,2,0,2,0,0,0,0,2,2,2,2,0,2,2,2
66,-11777.915,-9243.692,467.492,-171.798,-0.983486,0.142540,0.111521,-0.146310,-0.988888,-0.026348,0.106526,-0.042229,0.993413,0,0.80102,-0.11736,48.061,-0.235,-1,400.000,-1,425.000,-1,325.000,350.000,325.000,325.000,-1,-1,-1,-1,-1,-1,-1,-1,2,0,2,0,2,0,0,0,0,2,2,2,2,2,2,2,2
67,-11825.512,-9250.354,472.043,-172.033,-0.984183,0.138500,0.110464,-0.142027,-0.989555,-0.024683,0.105891,-0.039981,0.993574,0,0.80102,-0.11736,48.061,-0.235,-1,425.000,-1,425.000,-1,325.000,350.000,325.000,300.000,-1,-1,-1,-1,-1,-1,-1,-1,2,0,2,0,2,0,0,0,0,2,2,2,2,2,2,2,2
68,-11873.136,-9256.820,476.535,-172.267,-0.984974,0.134456,0.108391,-0.137750,-0.990189,-0.023465,0.104173,-0.038043,0.993831,0,0.80102,-0.11736,48.061,-0.235,-1,425.000,-1,425.000,-1,325.000,350.000,325.000,300.000,-1,-1,-1,-1,-1,-1,-1,-1,2,0,2,0,2,0,0,0,0,2,2,2,2,2,2,2,2
69,-11920.785,-9263.092,480.863,-172.502,-0.985814,0.130404,0.105666,-0.133534,-0.990775,-0.023079,0.101681,-0.036862,0.994134,0,0.80102,-0.11736,48.061,-0.235,-1,400.000,-1,425.000,-1,325.000,350.000,325.000,300.000,-1,-1,-1,-1,-1,-1,-1,-1,2,0,2,0,2,0,0,0,0,2,2,2,2,2,2,2,2
70,-11968.460,-9269.168,485.208,-172.737,-0.986631,0.126349,0.102929,-0.129319,-0.991344,-0.022677,0.099173,-0.035684,0.994430,0,0.80102,-0.11736,48.061,-0.235,-1,400.000,-1,425.000,-1,325.000,325.000,325.000,300.000,-1,-1,-1,-1,-1,-1,-1,-1,2,0,2,0,2,0,0,0,0,2,2,2,2,2,2,2,2
71,-12016.160,-9275.049,489.571,-172.971,-0.987425,0.122292,0.100181,-0.125104,-0.991894,-0.022257,0.096647,-0.034510,0.994720,0,0.80102,-0.11736,48.061,-0.235,-1,400.000,-1,425.000,-1,325.000,325.000,325.000,300.000,-1,-1,-1,-1,-1,-1,-1,-1,2,0,2,0,2,0,0,0,0,2,2,2,2,2,2,2,2
72,-12063.883,-9280.734,493.950,-173.206,-0.988195,0.118232,0.097423,-0.120890,-0.992426,-0.021819,0.094105,-0.033339,0.995004,0,0.80102,-0.11736,48.061,-0.235,-1,400.000,-1,425.000,-1,325.000,325.000,300.000,300.000,-1,-1,-1,-1,-1,-1,-1,-1,2,0,2,0,2,0,0,0,0,2,2,2,2,2,2,2,2
73,-12111.629,-9286.224,498.320,-173.441,-0.988933,0.114170,0.094744,-0.116687,-0.992937,-0.021452,0.091626,-0.032270,0.995270,0,0.80102,-0.11736,48.061,-0.235,-1,400.000,-1,425.000,-1,325.000,325.000,300.000,300.000,-1,-1,-1,-1,-1,-1,-1,-1,2,0,2,0,2,0,0,0,0,2,2,2,2,2,2,2,2
74,-12159.397,-9291.518,502.701,-173.676,-0.989646,0.110105,0.092070,-0.112487,-0.993430,-0.021081,0.089144,-0.031219,0.995529,0,0.80102,-0.11736,48.061,-0.235,-1,400.000,-1,450.000,-1,325.000,325.000,300.000,300.000,-1,-1,-1,-1,-1,-1,-1,-1,2,0,2,0,2,0,0,0,0,2,2,2,2,2,2,2,2
75,-12207.187,-9296.617,507.094,-173.910,-0.990335,0.106038,0.089398,-0.108289,-0.993904,-0.020703,0.086658,-0.030184,0.995781,0,0.80102,-0.11736,48.061,-0.235,-1,425.000,-1,450.000,-1,325.000,325.000,300.000,300.000,-1,-1,-1,-1,-1,-1,-1,-1,2,0,2,0,2,0,0,0,0,2,2,2,2,2,2,2,2
76,-12255.031,-9301.522,511.502,-174.146,-0.991002,0.101952,0.086727,-0.104076,-0.994362,-0.020316,0.084167,-0.029160,0.996025,0,0.80159,-0.11781,48.096,-0.236,-1,425.000,-1,475.000,-1,325.000,350.000,325.000,300.000,-1,-1,-1,-1,-1,-1,-1,-1,2,0,2,0,2,0,0,0,0,2,2,2,2,2,2,2,2
77,-12303.029,-9306.241,515.933,-174.385,-0.991650,0.097802,0.084051,-0.099802,-0.994808,-0.019917,0.081667,-0.028140,0.996262,0,0.80384,-0.11962,48.230,-0.239,-1,450.000,-1,500.000,-1,350.000,350.000,325.000,300.000,-1,-1,-1,-1,-1,-1,-1,-1,2,0,2,0,2,0,0,0,0,2,2,2,2,2,2,2,2
78,-12351.179,-9310.769,520.387,-174.628,-0.992281,0.093586,0.081370,-0.095464,-0.995242,-0.019505,0.079157,-0.027122,0.996493,0,0.80604,-0.12148,48.362,-0.243,-1,475.000,-1,500.000,-1,350.000,375.000,325.000,325.000,-1,-1,-1,-1,-1,-1,-1,-1,2,0,2,0,2,0,0,0,0,2,2,2,2,2,2,2,2
79,-12399.476,-9315.101,524.863,-174.875,-0.992892,0.089301,0.078683,-0.091062,-0.995663,-0.019076,0.076638,-0.026106,0.996717,0,0.80819,-0.12339,48.492,-0.247,-1,475.000,-1,525.000,-1,375.000,375.000,325.000,325.000,-1,-1,-1,-1,-1,-1,-1,-1,2,0,2,0,2,0,0,0,0,2,2,2,2,2,2,2,2
80,-12447.918,-9319.232,529.157,-175.126,-0.993464,0.084947,0.076243,-0.086542,-0.996088,-0.017852,0.074428,-0.024333,0.996929,0,0.81030,-0.12534,48.618,-0.251,-1,500.000,-1,525.000,-1,375.000,400.000,325.000,325.000,-1,-1,-1,-1,-1,-1,-1,-1,2,0,2,0,2,0,0,0,0,2,2,2,2,2,2,2,2
81,-12496.500,-9323.157,531.601,-175.380,-0.994223,0.080529,0.070967,-0.081636,-0.996580,-0.012835,0.069690,-0.018555,0.997396,0,0.81236,-0.12735,48.741,-0.255,-1,500.000,-1,525.000,-1,400.000,400.000,325.000,300.000,-1,-1,-1,-1,-1,-1,-1,-1,2,0,2,0,2,0,0,0,0,2,2,2,2,2,2,2,2
82,-12545.219,-9326.873,532.771,-175.639,-0.995084,0.076026,0.063470,-0.077012,-0.996942,-0.013226,0.062270,-0.018049,0.997896,0,0.81436,-0.12942,48.862,-0.259,-1,500.000,-1,500.000,-1,375.000,400.000,325.000,300.000,-1,-1,-1,-1,-1,-1,-1,-1,2,0,2,0,2,0,0,0,0,2,2,2,2,2,2,2,2
83,-12594.070,-9330.373,533.953,-175.902,-0.995875,0.071449,0.055931,-0.072311,-0.997290,-0.013548,0.054812,-0.017536,0.998343,0,0.81630,-0.13154,48.978,-0.263,-1,475.000,-1,500.000,-1,375.000,375.000,325.000,300.000,-1,-1,-1,-1,-1,-1,-1,-1,2,0,2,0,2,0,0,0,0,2,2,2,2,2,2,2,2
84,-12643.050,-9333.652,535.148,-176.170,-0.996594,0.066794,0.048353,-0.067532,-0.997622,-0.013796,0.047317,-0.017014,0.998735,0,0.81817,-0.13372,49.090,-0.267,-1,475.000,-1,475.000,-1,375.000,375.000,300.000,275.000,-1,-1,-1,-1,-1,-1,-1,-1,2,0,2,0,2,0,0,0,0,2,2,2,2,2,2,2,2
85,-12687.265,-9336.220,536.233,-176.677,-0.997455,0.057956,0.041532,-0.058582,-0.998185,-0.013996,0.040646,-0.016394,0.999039,0,0.73817,-0.25372,44.290,-0.507,-1,450.000,-1,475.000,-1,350.000,375.000,300.000,275.000,-1,-1,-1,-1,-1,-1,-1,-1,2,0,2,0,2,0,0,0,0,2,2,2,2,2,2,2,2
86,-12726.715,-9337.994,537.212,-177.424,-0.998360,0.044931,0.035470,-0.045454,-0.998867,-0.014077,0.034797,-0.015667,0.999272,0,0.65817,-0.37372,39.490,-0.747,-1,450.000,-1,475.000,975.000,350.000,350.000,300.000,275.000,-1,-1,-1,-1,-1,-1,-1,-1,2,0,2,0,1,0,0,0,0,2,2,2,2,2,2,2,2
87,-12761.392,-9338.956,538.088,-178.412,-0.999161,0.027711,0.030172,-0.028143,-0.999506,-0.013989,0.029769,-0.014827,0.999447,0,0.57817,-0.49372,34.690,-0.987,-1,450.000,-1,475.000,925.000,350.000,350.000,275.000,275.000,-1,-1,-1,-1,-1,-1,-1,-1,2,0,2,0,1,0,0,0,0,2,2,2,2,2,2,2,2
88,-12791.281,-9339.144,538.864,-179.639,-0.999651,0.006294,0.025650,-0.006647,-0.999884,-0.013705,0.025561,-0.013871,0.999577,0,0.49817,-0.61372,29.890,-1.227,-1,450.000,-1,475.000,875.000,350.000,350.000,275.000,275.000,-1,-1,-1,-1,-1,-1,-1,-1,2,0,2,0,1,0,0,0,0,2,2,2,2,2,2,2,2
89,-12816.366,-9338.659,539.540,-181.107,-0.999573,-0.019314,0.021920,0.019027,-0.999732,-0.013221,0.022170,-0.012798,0.999672,0,0.41817,-0.73372,25.090,-1.467,-1,450.000,-1,475.000,850.000,350.000,350.000,300.000,275.000,-1,-1,-1,-1,-1,-1,-1,-1,2,0,2,0,1,0,0,0,0,2,2,2,2,2,2,2,2
90,-12836.636,-9337.747,540.114,-182.578,-0.998808,-0.044978,0.018962,0.044743,-0.998919,-0.012604,0.019509,-0.011740,0.999741,0,0.33817,-0.73564,20.290,-1.471,-1,450.000,-1,475.000,800.000,350.000,350.000,300.000,275.000,-1,-1,-1,-1,-1,-1,-1,-1,2,0,2,0,1,0,0,0,0,2,2,2,2,2,2,2,2
91,-12852.088,-9336.653,540.578,-184.050,-0.997362,-0.070617,0.016782,0.070422,-0.997446,-0.011927,0.017582,-0.010714,0.999788,0,0.25817,-0.73579,15.490,-1.472,-1,450.000,-1,475.000,775.000,350.000,350.000,300.000,275.000,-1,-1,-1,-1,-1,-1,-1,-1,2,0,2,0,1,0,0,0,0,2,2,2,2,2,2,2,2
92,-12862.728,-9335.624,540.928,-185.521,-0.995243,-0.096205,0.015381,0.096038,-0.995314,-0.011266,0.016393,-0.009735,0.999818,0,0.17817,-0.73566,10.690,-1.471,-1,475.000,-1,450.000,750.000,350.000,350.000,300.000,275.000,-1,-1,-1,-1,-1,975.000,-1,1000.000,2,0,2,0,1,0,0,0,0,2,2,2,2,2,1,2,1
93,-12868.575,-9334.907,541.156,-186.991,-0.992455,-0.121717,0.014752,0.121566,-0.992526,-0.010694,0.015943,-0.008820,0.999834,0,0.09817,-0.73525,5.890,-1.470,-1,475.000,-1,450.000,750.000,350.000,350.000,300.000,275.000,-1,-1,-1,-1,-1,925.000,-1,925.000,2,0,2,0,1,0,0,0,0,2,2,2,2,2,1,2,1
94,-12869.653,-9334.747,541.258,-188.461,-0.989006,-0.147125,0.014884,0.146982,-0.989086,-0.010284,0.016235,-0.007983,0.999836,0,0.01817,-0.73457,1.090,-1.469,-1,475.000,-1,450.000,750.000,350.000,350.000,300.000,275.000,-1,-1,-1,-1,-1,875.000,-1,900.000,2,0,2,0,1,0,0,0,0,2,2,2,2,2,1,2,1
95,-12865.999,-9335.386,541.227,-189.928,-0.984900,-0.172404,0.015760,0.172260,-0.985000,-0.010107,0.017266,-0.007240,0.999825,0,-0.06183,-0.73365,-3.710,-1.467,-1,475.000,-1,450.000,750.000,350.000,350.000,300.000,275.000,-1,-1,-1,-1,-1,850.000,-1,850.000,2,0,2,0,1,0,0,0,0,2,2,2,2,2,1,2,1
96,-12857.657,-9337.067,541.058,-191.393,-0.980143,-0.197532,0.017358,0.197377,-0.980274,-0.010232,0.019037,-0.006603,0.999797,0,-0.14183,-0.73250,-8.510,-1.465,-1,475.000,-1,450.000,775.000,350.000,350.000,325.000,275.000,-1,-1,-1,-1,-1,825.000,-1,850.000,2,0,2,0,1,0,0,0,0,2,2,2,2,2,1,2,1
97,-12844.681,-9340.028,540.746,-192.855,-0.974738,-0.222484,0.019650,0.222308,-0.974917,-0.010725,0.021543,-0.006085,0.999749,0,-0.22183,-0.73114,-13.310,-1.462,-1,475.000,-1,450.000,800.000,350.000,350.000,325.000,275.000,-1,-1,-1,-1,-1,800.000,-1,825.000,2,0,2,0,1,0,0,0,0,2,2,2,2,2,1,2,1
98,-12827.134,-9344.505,540.285,-194.314,-0.968691,-0.247239,0.022605,0.247030,-0.968938,-0.011647,0.024782,-0.005698,0.999677,0,-0.30183,-0.72961,-18.110,-1.459,-1,475.000,-1,450.000,825.000,350.000,350.000,325.000,275.000,-1,-1,-1,-1,-1,775.000,-1,850.000,2,0,2,0,1,0,0,0,0,2,2,2,2,2,1,2,1
99,-12807.547,-9350.037,539.752,-195.770,-0.962014,-0.271778,0.025821,0.271526,-0.962345,-0.012879,0.028349,-0.005378,0.999584,0,-0.33923,-0.72794,-20.354,-1.456,-1,475.000,-1,450.000,875.000,350.000,350.000,300.000,275.000,-1,-1,-1,-1,-1,775.000,-1,850.000,2,0,2,0,1,0,0,0,0,2,2,2,2,2,1,2,1
100,-12788.065,-9356.076,539.217,-197.223,-0.954722,-0.296085,0.028968,0.295784,-0.955148,-0.014280,0.031897,-0.005065,0.999478,0,-0.33993,-0.72626,-20.396,-1.453,-1,475.000,-1,450.000,925.000,350.000,350.000,300.000,275.000,-1,-1,-1,-1,-1,775.000,-1,875.000,2,0,2,0,1,0,0,0,0,2,2,2,2,2,1,2,1
101,-12768.698,-9362.621,538.682,-198.672,-0.946825,-0.320149,0.032039,0.319792,-0.947355,-0.015847,0.035425,-0.004758,0.999361,0,-0.34073,-0.72467,-20.444,-1.449,-1,475.000,-1,450.000,975.000,375.000,375.000,300.000,275.000,-1,-1,-1,-1,-1,800.000,-1,900.000,2,0,2,0,1,0,0,0,0,2,2,2,2,2,1,2,1
102,-12749.452,-9369.671,538.145,-200.118,-0.938331,-0.343959,0.035025,0.343539,-0.938974,-0.017574,0.038932,-0.004458,0.999232,0,-0.34161,-0.72316,-20.496,-1.446,-1,475.000,-1,450.000,-1,375.000,375.000,300.000,300.000,-1,-1,-1,-1,-1,800.000,-1,925.000,2,0,2,0,2,0,0,0,0,2,2,2,2,2,1,2,1
103,-12730.337,-9377.224,537.585,-201.562,-0.929253,-0.367503,0.037823,0.367010,-0.930012,-0.019513,0.042347,-0.004251,0.999094,0,-0.34257,-0.72173,-20.554,-1.443,-1,500.000,-1,475.000,-1,375.000,375.000,300.000,300.000,-1,-1,-1,-1,-1,825.000,-1,975.000,2,0,2,0,2,0,0,0,0,2,2,2,2,2,1,2,1
104,-12711.361,-9385.280,537.024,-203.003,-0.919595,-0.390772,0.040522,0.390196,-0.920479,-0.021597,0.045739,-0.004049,0.998945,0,-0.34360,-0.72040,-20.616,-1.441,-1,500.000,-1,475.000,-1,375.000,375.000,300.000,300.000,-1,-1,-1,-1,-1,825.000,-1,1000.000,2,0,2,0,2,0,0,0,0,2,2,2,2,2,1,2,1
105,-12692.533,-9393.837,536.466,-204.441,-0.909367,-0.413753,0.043134,0.413085,-0.910381,-0.023811,0.049120,-0.003835,0.998786,0,-0.34470,-0.71915,-20.682,-1.438,-1,500.000,-1,475.000,-1,375.000,375.000,300.000,300.000,-1,-1,-1,-1,-1,850.000,-1,-1,2,0,2,0,2,0,0,0,0,2,2,2,2,2,1,2,2
106,-12673.862,-9402.894,535.910,-205.877,-0.898576,-0.436438,0.045653,0.435669,-0.899727,-0.026151,0.052488,-0.003609,0.998615,0,-0.34586,-0.71799,-20.752,-1.436,-1,500.000,-1,475.000,-1,375.000,375.000,300.000,300.000,-1,-1,-1,-1,-1,900.000,-1,-1,2,0,2,0,2,0,0,0,0,2,2,2,2,2,1,2,2
107,-12659.658,-9410.154,535.495,-207.073,-0.889162,-0.455122,0.047484,0.454268,-0.890423,-0.028069,0.055056,-0.003387,0.998478,0,-0.26586,-0.59799,-15.952,-1.196,-1,500.000,-1,475.000,-1,375.000,375.000,300.000,325.000,-1,-1,-1,-1,-1,925.000,-1,-1,2,0,2,0,2,0,0,0,0,2,2,2,2,2,1,2,2
108,-12649.814,-9415.394,535.217,-208.029,-0.881368,-0.469915,0.048677,0.468999,-0.882706,-0.029505,0.056833,-0.003176,0.998379,0,-0.18586,-0.47799,-11.152,-0.956,-1,500.000,-1,475.000,-1,375.000,375.000,300.000,325.000,-1,-1,-1,-1,-1,950.000,-1,-1,2,0,2,0,2,0,0,0,0,2,2,2,2,2,1,2,2
109,-12644.245,-9418.449,535.076,-208.745,-0.875385,-0.480909,0.049272,0.479955,-0.876766,-0.030418,0.057828,-0.002979,0.998322,0,-0.10586,-0.35799,-6.352,-0.716,-1,500.000,-1,475.000,-1,375.000,375.000,300.000,325.000,-1,-1,-1,-1,-1,950.000,-1,-1,2,0,2,0,2,0,0,0,0,2,2,2,2,2,1,2,2
110,-12642.891,-9419.206,535.070,-209.221,-0.871352,-0.488176,0.049298,0.487213,-0.872741,-0.030780,0.058050,-0.002802,0.998310,0,-0.02586,-0.23799,-1.552,-0.476,-1,500.000,-1,475.000,-1,375.000,375.000,300.000,325.000,-1,-1,-1,-1,-1,975.000,-1,-1,2,0,2,0,2,0,0,0,0,2,2,2,2,2,1,2,2
111,-12645.719,-9417.609,535.198,-209.457,-0.869360,-0.491766,0.048772,0.490822,-0.870723,-0.030577,0.057503,-0.002644,0.998342,0,0.05414,-0.11799,3.248,-0.236,-1,500.000,-1,475.000,-1,375.000,375.000,300.000,325.000,-1,-1,-1,-1,-1,975.000,-1,-1,2,0,2,0,2,0,0,0,0,2,2,2,2,2,1,2,2
112,-12652.727,-9413.652,535.458,-209.453,-0.869454,-0.491705,0.047698,0.490807,-0.870758,-0.029808,0.056190,-0.002506,0.998417,0,0.13414,0.00201,8.048,0.004,-1,500.000,-1,475.000,-1,375.000,375.000,300.000,325.000,-1,-1,-1,-1,-1,950.000,-1,-1,2,0,2,0,2,0,0,0,0,2,2,2,2,2,1,2,2
113,-12663.941,-9407.382,535.850,-209.209,-0.871631,-0.487992,0.046067,0.487166,-0.872845,-0.028483,0.054109,-0.002385,0.998532,0,0.21414,0.12201,12.848,0.244,-1,500.000,-1,475.000,-1,375.000,375.000,300.000,325.000,-1,-1,-1,-1,-1,950.000,-1,-1,2,0,2,0,2,0,0,0,0,2,2,2,2,2,1,2,2
114,-12679.417,-9398.901,536.373,-208.725,-0.875842,-0.480601,0.043858,0.479869,-0.876936,-0.026628,0.051258,-0.002276,0.998683,0,0.29414,0.24201,17.648,0.484,-1,500.000,-1,475.000,-1,375.000,375.000,300.000,325.000,-1,-1,-1,-1,-1,900.000,-1,-1,2,0,2,0,2,0,0,0,0,2,2,2,2,2,1,2,2
115,-12699.237,-9388.362,537.026,-208.001,-0.881988,-0.469482,0.041036,0.468859,-0.882939,-0.024278,0.047631,-0.002173,0.998863,0,0.37414,0.36201,22.448,0.724,-1,500.000,-1,475.000,-1,375.000,375.000,300.000,300.000,-1,-1,-1,-1,-1,875.000,-1,-1,2,0,2,0,2,0,0,0,0,2,2,2,2,2,1,2,2
116,-12723.507,-9375.976,537.808,-207.037,-0.889924,-0.454560,0.037559,0.454057,-0.890714,-0.021488,0.043222,-0.002069,0.999063,0,0.45414,0.48201,27.248,0.964,-1,475.000,-1,450.000,-1,375.000,375.000,300.000,300.000,-1,-1,-1,-1,-1,825.000,-1,-1,2,0,2,0,2,0,0,0,0,2,2,2,2,2,1,2,2
117,-12752.352,-9362.012,538.720,-205.833,-0.899452,-0.435744,0.033372,0.435363,-0.900069,-0.018327,0.038023,-0.001955,0.999275,0,0.53414,0.60201,32.048,1.204,-1,475.000,-1,450.000,-1,375.000,375.000,325.000,300.000,-1,-1,-1,-1,-1,800.000,-1,975.000,2,0,2,0,2,0,0,0,0,2,2,2,2,2,1,2,1
118,-12785.908,-9346.789,539.760,-204.402,-0.910228,-0.413131,0.028415,0.412867,-0.910670,-0.014884,0.032026,-0.001816,0.999485,0,0.61414,0.71547,36.848,1.431,-1,475.000,-1,450.000,-1,375.000,350.000,325.000,300.000,-1,-1,-1,-1,-1,750.000,-1,900.000,2,0,2,0,2,0,0,0,0,2,2,2,2,2,1,2,1
119,-12824.253,-9330.533,540.946,-202.974,-0.920403,-0.390316,0.022616,0.390156,-0.920680,-0.011271,0.025222,-0.001550,0.999681,0,0.69414,0.71378,41.648,1.428,-1,475.000,-1,450.000,975.000,350.000,350.000,325.000,275.000,-1,-1,-1,-1,-1,700.000,-1,825.000,2,0,2,0,1,0,0,0,0,2,2,2,2,2,1,2,1
120,-12867.453,-9313.472,542.271,-201.551,-0.929957,-0.367323,0.015963,0.367247,-0.930093,-0.007541,0.017617,-0.001151,0.999844,0,0.77414,0.71178,46.448,1.424,-1,475.000,-1,425.000,875.000,350.000,350.000,325.000,275.000,-1,-1,-1,-1,-1,675.000,-1,750.000,2,0,2,0,1,0,0,0,0,2,2,2,2,2,1,2,1
121,-12915.570,-9295.833,543.730,-200.132,-0.938865,-0.344181,0.008446,0.344161,-0.938903,-0.003747,0.009220,-0.000611,0.999957,0,0.85414,0.70941,51.248,1.419,-1,475.000,-1,425.000,750.000,350.000,350.000,325.000,275.000,-1,-1,-1,-1,-1,650.000,-1,700.000,2,0,2,0,1,0,0,0,0,2,2,2,2,2,1,2,1
122,-12968.653,-9277.847,545.319,-198.719,-0.947106,-0.320920,0.000063,0.320920,-0.947106,0.000057,0.000041,0.000075,1.000000,0,0.93414,0.70662,56.048,1.413,-1,475.000,-1,425.000,650.000,350.000,350.000,350.000,275.000,-1,-1,-1,-1,-1,600.000,-1,625.000,2,0,2,1,1,0,0,0,0,2,2,2,2,2,1,2,1
123,-13024.959,-9260.297,546.746,-197.312,-0.954662,-0.297573,-0.008472,0.297561,-0.954699,0.002572,-0.008853,-0.000066,0.999961,0,0.98295,0.70334,58.977,1.407,-1,475.000,-1,425.000,575.000,375.000,350.000,350.000,275.000,-1,-1,-1,-1,-1,575.000,-1,550.000,2,0,2,1,1,0,0,0,0,2,2,2,2,2,1,2,1
124,-13081.823,-9244.085,546.831,-195.913,-0.961540,-0.274168,-0.016542,0.274222,-0.961666,-0.001065,-0.015616,-0.005561,0.999863,0,0.98549,0.69959,59.130,1.399,-1,475.000,-1,425.000,500.000,375.000,350.000,325.000,300.000,-1,-1,-1,-1,-1,575.000,-1,500.000,2,0,2,1,1,0,0,0,0,2,2,2,2,2,1,2,1
125,-13139.192,-9229.227,546.404,-194.522,-0.967699,-0.250727,-0.026375,0.250978,-0.967970,-0.006659,-0.023861,-0.013064,0.999630,0,0.98769,0.69545,59.261,1.391,-1,475.000,-1,425.000,425.000,350.000,350.000,325.000,300.000,-1,-1,-1,-1,-1,550.000,-1,475.000,2,0,2,1,1,0,0,0,0,2,2,2,2,2,1,2,1
126,-13197.008,-9215.731,544.780,-193.140,-0.973279,-0.227301,-0.032581,0.227703,-0.973687,-0.009179,-0.029637,-0.016353,0.999427,0,0.98949,0.69090,59.370,1.382,-1,450.000,-1,425.000,375.000,350.000,350.000,300.000,325.000,-1,-1,-1,-1,-1,550.000,-1,425.000,2,0,2,1,1,0,0,0,0,2,2,2,2,2,1,2,1
127,-13255.210,-9203.606,541.716,-191.768,-0.978236,-0.203930,-0.038312,0.204331,-0.978878,-0.006812,-0.036114,-0.014492,0.999243,0,0.99085,0.68594,59.451,1.372,-1,450.000,-1,425.000,325.000,350.000,350.000,300.000,300.000,-1,-1,-1,-1,-1,550.000,-1,375.000,2,0,2,1,1,0,0,0,0,2,2,2,2,2,1,2,1
128,-13313.733,-9192.857,538.621,-190.407,-0.982562,-0.180625,-0.044115,0.181008,-0.983470,-0.004797,-0.042519,-0.012699,0.999015,0,0.99170,0.68054,59.502,1.361,-1,450.000,-1,425.000,275.000,350.000,350.000,300.000,300.000,-1,-1,-1,-1,-1,525.000,-1,350.000,2,0,2,0,1,0,0,0,0,2,2,2,2,2,1,2,1
129,-13372.511,-9183.487,535.391,-189.058,-0.986281,-0.157417,-0.049698,0.157788,-0.987466,-0.003614,-0.048506,-0.011406,0.998758,0,0.99198,0.67472,59.519,1.349,-1,425.000,-1,425.000,250.000,350.000,350.000,300.000,300.000,-1,-1,-1,-1,-1,550.000,-1,325.000,2,0,2,0,1,0,0,0,0,2,2,2,2,2,1,2,1
130,-13431.471,-9175.494,532.098,-187.721,-0.989398,-0.134336,-0.055193,0.134701,-0.990882,-0.002932,-0.054295,-0.010336,0.998471,0,0.99164,0.66847,59.498,1.337,-1,425.000,-1,425.000,225.000,350.000,350.000,300.000,300.000,-1,-1,-1,-1,-1,575.000,-1,300.000,2,0,2,0,1,0,0,0,0,2,2,2,2,2,1,2,1
131,-13485.805,-9169.184,529.067,-186.624,-0.991495,-0.115343,-0.060276,0.115704,-0.993281,-0.002521,-0.059580,-0.009474,0.998179,0,0.91164,0.54847,54.698,1.097,-1,425.000,-1,425.000,200.000,350.000,325.000,300.000,275.000,-1,-1,-1,-1,-1,600.000,-1,300.000,2,0,2,0,1,0,0,0,1,2,2,2,2,2,1,2,1
132,-13536.954,-9164.018,526.216,-185.767,-0.992809,-0.100476,-0.065072,0.100837,-0.994900,-0.002283,-0.064511,-0.008828,0.997878,0,0.85681,0.42847,51.409,0.857,-1,425.000,-1,425.000,200.000,350.000,325.000,300.000,225.000,-1,-1,-1,-1,-1,650.000,-1,275.000,2,0,2,0,1,0,0,0,1,2,2,2,2,2,1,2,1
133,-13588.051,-9159.413,523.373,-185.150,-0.993510,-0.089758,-0.069870,0.090126,-0.995928,-0.002128,-0.069394,-0.008411,0.997554,0,0.85506,0.30847,51.304,0.617,-1,425.000,-1,425.000,175.000,350.000,325.000,325.000,200.000,-1,-1,-1,-1,1000.000,675.000,-1,275.000,2,0,2,0,1,0,0,0,1,2,2,2,2,0,1,2,1
134,-13639.059,-9155.154,520.541,-184.773,-0.993732,-0.083204,-0.074659,0.083586,-0.996499,-0.001996,-0.074232,-0.008224,0.997207,0,0.85306,0.18847,51.184,0.377,-1,425.000,-1,425.000,175.000,350.000,325.000,325.000,175.000,-1,-1,-1,-1,975.000,700.000,-1,250.000,2,0,2,0,1,0,0,0,1,2,2,2,2,0,1,2,1
135,-13689.953,-9151.145,517.716,-184.504,-0.993742,-0.078531,-0.079432,0.078929,-0.996878,-0.001883,-0.079036,-0.008141,0.996839,0,0.85086,0.13434,51.052,0.269,-1,425.000,-1,425.000,150.000,350.000,325.000,325.000,175.000,-1,-1,-1,-1,975.000,875.000,-1,250.000,2,0,2,0,1,0,0,0,1,2,2,2,2,0,0,2,1
136,-13740.714,-9147.376,514.900,-184.247,-0.993694,-0.074059,-0.084184,0.074475,-0.997221,-0.001810,-0.083816,-0.008068,0.996449,0,0.84832,0.12848,50.899,0.257,-1,425.000,-1,425.000,150.000,350.000,325.000,325.000,150.000,-1,-1,-1,-1,950.000,875.000,-1,275.000,2,0,2,0,1,0,0,0,1,2,2,2,2,0,0,2,1
