timestep,x_cm,y_cm,z_cm,yaw_deg,basis_xx,basis_xy,basis_xz,basis_yx,basis_yy,basis_yz,basis_zx,basis_zy,basis_zz,teleport_flag,throttle_cmd,steering_cmd,cmd_move_cm,cmd_turn_deg,lidar_cm_0,lidar_cm_1,lidar_cm_2,lidar_cm_3,lidar_cm_4,lidar_cm_5,lidar_cm_6,lidar_cm_7,lidar_cm_8,lidar_cm_9,lidar_cm_10,lidar_cm_11,lidar_cm_12,lidar_cm_13,lidar_cm_14,lidar_cm_15,lidar_cm_16,lidar_class_0,lidar_class_1,lidar_class_2,lidar_class_3,lidar_class_4,lidar_class_5,lidar_class_6,lidar_class_7,lidar_class_8,lidar_class_9,lidar_class_10,lidar_class_11,lidar_class_12,lidar_class_13,lidar_class_14,lidar_class_15,lidar_class_16
0,-8855.170,-4263.635,58.824,132.545,-0.679571,-0.729250,0.079861,0.732705,-0.669293,0.123247,-0.036427,0.142270,0.989157,1,0.00000,0.00000,4.800,0.240,475.000,375.000,-1,375.000,800.000,325.000,325.000,300.000,75.000,-1,625.000,650.000,-1,650.000,650.000,650.000,-1,1,0,2,0,0,0,0,0,1,2,0,0,2,1,0,1,2
1,-8858.401,-4260.085,58.633,132.305,-0.676517,-0.732067,0.080021,0.735510,-0.666251,0.123025,-0.036749,0.142085,0.989172,0,0.08000,-0.12000,4.800,-0.240,475.000,375.000,-1,375.000,800.000,325.000,325.000,300.000,75.000,-1,600.000,650.000,-1,650.000,650.000,650.000,1000.000,1,0,2,0,0,0,0,0,1,2,0,0,2,1,0,1,0
2,-8864.818,-4252.944,58.240,131.948,-0.671933,-0.736242,0.080338,0.739683,-0.661697,0.122583,-0.037092,0.141792,0.989201,0,0.16000,-0.17879,9.600,-0.358,475.000,400.000,-1,375.000,775.000,325.000,325.000,300.000,75.000,-1,600.000,650.000,-1,650.000,650.000,700.000,1000.000,1,0,2,0,0,0,0,0,1,2,0,0,2,1,0,1,0
3,-8874.377,-4242.173,57.667,131.590,-0.667310,-0.740380,0.080839,0.743846,-0.657101,0.122111,-0.037289,0.141618,0.989219,0,0.24000,-0.17897,14.400,-0.358,450.000,400.000,-1,375.000,775.000,325.000,325.000,300.000,75.000,-1,600.000,675.000,-1,675.000,650.000,-1,1000.000,1,0,2,0,0,0,0,0,1,2,0,0,2,1,0,2,0
4,-8887.032,-4227.733,56.896,131.231,-0.662645,-0.744484,0.081514,0.748003,-0.652465,0.121579,-0.037329,0.141537,0.989229,0,0.32000,-0.17919,19.200,-0.358,450.000,400.000,-1,375.000,775.000,325.000,325.000,300.000,75.000,-1,600.000,675.000,-1,675.000,650.000,-1,1000.000,1,0,2,0,0,0,0,0,1,2,0,0,2,1,0,2,0
5,-8902.737,-4209.584,55.897,130.873,-0.657935,-0.748559,0.082345,0.752156,-0.647794,0.120930,-0.037181,0.141501,0.989240,0,0.40000,-0.17939,24.000,-0.359,450.000,400.000,-1,375.000,775.000,325.000,325.000,300.000,100.000,-1,600.000,675.000,-1,725.000,625.000,-1,1000.000,1,0,2,0,0,0,0,0,1,2,0,0,2,1,0,2,0
6,-8921.447,-4187.688,54.654,130.514,-0.653185,-0.752600,0.083326,0.756301,-0.643090,0.120185,-0.036865,0.141522,0.989248,0,0.48000,-0.17946,28.800,-0.359,450.000,400.000,-1,375.000,750.000,325.000,325.000,300.000,100.000,-1,575.000,600.000,-1,800.000,625.000,-1,1000.000,1,1,2,0,0,0,0,0,1,2,0,0,2,0,0,2,0
7,-8943.105,-4161.999,55.068,130.155,-0.648644,-0.757330,0.075580,0.759933,-0.638976,0.119216,-0.041992,0.134765,0.989987,0,0.56000,-0.17928,33.600,-0.359,425.000,400.000,-1,375.000,750.000,325.000,325.000,300.000,100.000,-1,750.000,825.000,-1,775.000,625.000,-1,950.000,1,1,2,0,0,0,0,0,1,2,0,0,2,0,0,2,0
8,-8967.671,-4132.482,56.334,129.798,-0.644088,-0.762376,0.062718,0.763294,-0.635135,0.118260,-0.050324,0.124042,0.991000,0,0.64000,-0.17867,38.400,-0.357,375.000,375.000,-1,375.000,750.000,325.000,325.000,275.000,125.000,-1,1000.000,1000.000,-1,725.000,600.000,-1,925.000,1,1,2,0,0,0,0,0,1,2,0,0,2,0,0,2,0
9,-8995.105,-4099.109,57.128,129.443,-0.639369,-0.767221,0.050775,0.766703,-0.631163,0.117476,-0.058083,0.114040,0.991777,0,0.72000,-0.17746,43.200,-0.355,350.000,350.000,-1,375.000,750.000,300.000,325.000,275.000,125.000,-1,-1,-1,-1,675.000,600.000,-1,875.000,1,1,2,0,0,0,0,0,1,2,2,2,2,0,0,2,0
10,-9025.363,-4061.846,57.212,129.092,-0.634560,-0.771797,0.040774,0.770165,-0.627043,0.116886,-0.064645,0.105574,0.992308,0,0.80000,-0.17540,48.000,-0.351,300.000,350.000,-1,350.000,750.000,300.000,300.000,275.000,150.000,-1,-1,-1,-1,650.000,600.000,-1,850.000,1,1,2,0,0,0,0,0,1,2,2,2,2,0,0,2,0
11,-9058.405,-4020.661,56.320,128.747,-0.629777,-0.776038,0.033860,0.773677,-0.622779,0.116491,-0.069314,0.099560,0.992614,0,0.88000,-0.17227,52.800,-0.345,300.000,350.000,-1,350.000,750.000,300.000,300.000,275.000,175.000,-1,-1,-1,275.000,625.000,575.000,-1,800.000,1,1,2,0,0,0,0,0,1,2,2,2,1,0,0,2,0
12,-9091.493,-3978.922,55.132,128.412,-0.624933,-0.780081,0.030535,0.777619,-0.618547,0.112733,-0.069054,0.094195,0.993156,0,0.88772,-0.16780,53.263,-0.336,300.000,375.000,-1,350.000,750.000,300.000,300.000,250.000,200.000,-1,-1,-1,250.000,625.000,575.000,-1,800.000,1,0,2,0,0,0,0,0,1,2,2,2,1,0,0,2,0
13,-9123.743,-3937.779,53.964,128.087,-0.620388,-0.783454,0.036315,0.781779,-0.614028,0.108591,-0.062777,0.095759,0.993423,0,0.87127,-0.16222,52.276,-0.324,-1,375.000,-1,350.000,750.000,300.000,300.000,250.000,225.000,-1,-1,-1,225.000,650.000,600.000,-1,825.000,2,0,2,0,0,0,0,1,1,2,2,2,1,0,0,2,0
14,-9155.225,-3897.168,51.629,127.776,-0.615992,-0.786448,0.045310,0.785855,-0.609502,0.104596,-0.054643,0.100038,0.993482,0,0.85642,-0.15575,51.385,-0.312,-1,375.000,-1,375.000,750.000,325.000,300.000,225.000,250.000,-1,-1,-1,200.000,675.000,625.000,-1,825.000,2,0,2,0,0,0,0,1,1,2,2,2,1,0,0,2,0
15,-9186.014,-3857.027,47.943,127.479,-0.611681,-0.789113,0.056098,0.789793,-0.605048,0.100722,-0.045539,0.105915,0.993332,0,0.84317,-0.14846,50.590,-0.297,-1,400.000,-1,375.000,725.000,325.000,325.000,225.000,275.000,-1,-1,-1,200.000,725.000,650.000,-1,850.000,2,0,2,0,0,0,0,1,1,2,2,2,1,0,0,2,0
16,-9216.186,-3817.296,43.092,127.198,-0.607456,-0.791369,0.068791,0.793542,-0.600641,0.097581,-0.035904,0.113865,0.992847,0,0.83150,-0.14043,49.890,-0.281,-1,400.000,-1,375.000,700.000,325.000,325.000,225.000,275.000,-1,800.000,950.000,200.000,775.000,650.000,-1,825.000,2,0,2,0,0,0,0,1,1,2,0,0,1,0,0,2,0
17,-9245.810,-3777.913,37.399,126.935,-0.603298,-0.793343,0.081471,0.797074,-0.596410,0.094703,-0.026542,0.122073,0.992166,0,0.82135,-0.13173,49.281,-0.263,-1,425.000,-1,375.000,675.000,325.000,325.000,200.000,275.000,-1,525.000,550.000,200.000,850.000,650.000,-1,825.000,2,0,2,0,0,0,0,1,0,2,0,0,1,0,0,2,0
18,-9278.282,-3734.665,34.808,126.911,-0.603007,-0.794279,0.074185,0.797206,-0.596605,0.092334,-0.029080,0.114818,0.992961,0,0.90135,-0.01173,54.081,-0.023,-1,400.000,-1,375.000,650.000,325.000,300.000,200.000,275.000,-1,575.000,650.000,225.000,800.000,625.000,-1,775.000,2,0,2,0,0,0,0,1,0,2,0,0,1,0,0,2,0
19,-9310.630,-3691.922,32.358,127.128,-0.605963,-0.792556,0.068288,0.794913,-0.600009,0.090014,-0.030368,0.108828,0.993597,0,0.89341,0.10827,53.604,0.217,-1,400.000,-1,350.000,625.000,325.000,300.000,200.000,275.000,-1,650.000,725.000,250.000,775.000,600.000,-1,750.000,2,0,2,0,0,0,0,1,0,2,0,0,1,0,0,2,0
20,-9342.884,-3650.016,31.135,127.584,-0.612035,-0.787788,0.069303,0.790370,-0.606335,0.087595,-0.026986,0.108386,0.993742,0,0.88136,0.22827,52.881,0.457,-1,400.000,-1,375.000,600.000,325.000,300.000,200.000,275.000,-1,650.000,750.000,275.000,800.000,600.000,-1,725.000,2,0,2,0,0,0,0,1,0,2,0,0,1,0,0,2,0
21,-9375.133,-3608.934,29.843,128.131,-0.619305,-0.781990,0.070383,0.784797,-0.613843,0.085382,-0.023564,0.108114,0.993859,0,0.87048,0.27338,52.229,0.547,-1,400.000,-1,375.000,600.000,325.000,300.000,200.000,275.000,-1,650.000,750.000,300.000,825.000,600.000,-1,725.000,2,0,2,0,0,0,0,1,0,2,0,0,1,0,0,2,0
22,-9407.424,-3568.622,28.494,128.694,-0.626752,-0.775928,0.071536,0.778956,-0.621511,0.083378,-0.020235,0.107980,0.993947,0,0.86085,0.28165,51.651,0.563,-1,400.000,-1,375.000,600.000,325.000,325.000,200.000,275.000,-1,675.000,750.000,325.000,825.000,600.000,-1,725.000,2,0,2,0,0,0,0,1,0,2,0,0,1,1,0,2,0
23,-9436.919,-3532.222,27.225,129.018,-0.630947,-0.772419,0.072634,0.775626,-0.625887,0.081674,-0.017626,0.107869,0.994009,0,0.78085,0.16165,46.851,0.323,-1,400.000,-1,375.000,575.000,325.000,325.000,200.000,275.000,-1,650.000,750.000,350.000,800.000,575.000,-1,700.000,2,0,2,0,0,0,0,1,0,2,0,0,1,1,0,2,0
24,-9463.439,-3499.588,26.360,129.101,-0.631984,-0.771617,0.072143,0.774803,-0.627097,0.080181,-0.016628,0.106569,0.994166,0,0.70085,0.04165,42.051,0.083,-1,425.000,-1,350.000,575.000,325.000,325.000,225.000,250.000,-1,650.000,775.000,375.000,775.000,575.000,-1,700.000,2,0,2,0,0,0,0,1,0,2,0,0,1,1,0,2,0
25,-9486.851,-3470.614,25.891,128.944,-0.629867,-0.773531,0.070122,0.776514,-0.625148,0.078842,-0.017151,0.104111,0.994418,0,0.62085,-0.07835,37.251,-0.157,-1,425.000,-1,350.000,550.000,325.000,325.000,225.000,275.000,800.000,700.000,825.000,400.000,750.000,575.000,-1,675.000,2,0,2,0,0,0,0,1,0,1,0,0,1,1,0,2,0
26,-9508.064,-3443.988,25.740,128.548,-0.624589,-0.777918,0.068781,0.780723,-0.619839,0.079192,-0.018972,0.103161,0.994484,0,0.56737,-0.19835,34.042,-0.397,-1,425.000,-1,350.000,550.000,325.000,325.000,225.000,275.000,650.000,775.000,875.000,425.000,725.000,550.000,-1,650.000,2,0,2,0,0,0,0,1,0,1,0,0,1,1,0,2,0
27,-9528.840,-3417.311,26.029,127.911,-0.616142,-0.784681,0.068152,0.787311,-0.611096,0.081872,-0.022596,0.104102,0.994310,0,0.56353,-0.31835,33.812,-0.637,-1,400.000,-1,350.000,500.000,325.000,300.000,250.000,275.000,525.000,900.000,975.000,450.000,700.000,550.000,950.000,600.000,2,0,2,0,0,0,0,1,0,1,0,0,1,1,0,1,0
28,-9549.075,-3390.491,26.043,127.034,-0.604255,-0.793927,0.067498,0.796369,-0.599009,0.083569,-0.025916,0.104250,0.994213,0,0.55992,-0.43835,33.595,-0.877,-1,400.000,1000.000,325.000,475.000,325.000,300.000,275.000,275.000,475.000,975.000,-1,475.000,650.000,525.000,900.000,550.000,2,0,1,0,0,0,0,1,0,1,0,2,1,1,0,1,0
29,-9568.726,-3363.491,25.732,126.052,-0.590677,-0.804152,0.066642,0.806402,-0.585363,0.084064,-0.028590,0.103395,0.994229,0,0.55655,-0.49115,33.393,-0.982,-1,400.000,975.000,325.000,450.000,325.000,300.000,300.000,275.000,425.000,-1,-1,500.000,625.000,525.000,850.000,525.000,2,0,1,0,0,0,0,1,0,1,2,2,1,1,0,1,0
30,-9587.810,-3336.309,25.593,125.078,-0.576820,-0.814300,0.064763,0.816360,-0.571843,0.080940,-0.028875,0.099557,0.994613,0,0.55352,-0.48668,33.211,-0.973,-1,400.000,950.000,325.000,450.000,325.000,300.000,325.000,275.000,400.000,1000.000,-1,525.000,600.000,525.000,775.000,525.000,2,0,1,0,0,0,0,1,0,1,0,2,1,1,0,1,0
31,-9606.345,-3308.935,25.231,124.114,-0.562804,-0.824245,0.062227,0.826117,-0.558340,0.076066,-0.027953,0.094217,0.995159,0,0.55096,-0.48246,33.058,-0.965,950.000,400.000,950.000,325.000,475.000,325.000,300.000,325.000,275.000,375.000,900.000,-1,550.000,575.000,525.000,725.000,525.000,1,0,1,0,0,0,0,0,0,1,0,2,1,1,0,1,0
32,-9624.352,-3281.361,24.540,123.157,-0.548671,-0.833946,0.059114,0.835629,-0.544817,0.069988,-0.026160,0.087798,0.995795,0,0.54887,-0.47848,32.932,-0.957,875.000,400.000,950.000,325.000,500.000,300.000,300.000,325.000,275.000,350.000,750.000,-1,575.000,575.000,525.000,700.000,550.000,1,0,1,0,0,0,0,0,0,1,0,2,1,1,0,1,0
33,-9641.847,-3253.573,23.527,122.207,-0.534436,-0.843393,0.055369,0.844882,-0.531260,0.062746,-0.023504,0.080314,0.996492,0,0.54727,-0.47474,32.836,-0.949,800.000,375.000,950.000,325.000,525.000,300.000,300.000,300.000,300.000,325.000,525.000,875.000,600.000,550.000,525.000,650.000,600.000,1,0,1,0,0,0,0,0,0,1,0,0,1,1,0,1,0
34,-9658.849,-3225.559,22.197,121.265,-0.520119,-0.852574,0.050940,0.853860,-0.517654,0.054377,-0.019991,0.071778,0.997220,0,0.54615,-0.47120,32.769,-0.942,725.000,375.000,950.000,325.000,575.000,300.000,300.000,300.000,300.000,325.000,400.000,625.000,625.000,525.000,550.000,600.000,650.000,1,0,1,0,0,0,0,0,0,1,0,0,1,1,0,1,0
35,-9675.371,-3197.303,20.555,120.329,-0.505743,-0.861469,0.045776,0.862542,-0.503987,0.044920,-0.015626,0.062202,0.997941,0,0.54552,-0.46787,32.731,-0.936,650.000,375.000,975.000,325.000,675.000,300.000,300.000,275.000,300.000,300.000,300.000,500.000,650.000,525.000,550.000,550.000,725.000,1,1,1,0,0,0,0,0,0,1,0,0,1,1,0,1,0
36,-9691.432,-3168.793,20.221,119.400,-0.491629,-0.869744,0.042957,0.870664,-0.490067,0.042161,-0.015618,0.058129,0.998187,0,0.54538,-0.46472,32.723,-0.929,575.000,375.000,975.000,325.000,675.000,300.000,300.000,275.000,300.000,325.000,300.000,500.000,675.000,500.000,550.000,525.000,725.000,1,1,1,0,0,0,0,0,0,1,0,0,1,1,0,1,0
37,-9707.041,-3140.011,19.937,118.476,-0.477495,-0.877711,0.040278,0.878490,-0.476084,0.039991,-0.015924,0.054479,0.998388,0,0.54570,-0.46175,32.742,-0.923,525.000,350.000,950.000,325.000,700.000,300.000,275.000,275.000,300.000,325.000,325.000,500.000,700.000,475.000,550.000,475.000,750.000,1,1,1,0,0,0,0,0,0,1,0,0,1,1,0,1,0
38,-9722.209,-3110.940,19.672,117.558,-0.463310,-0.885382,0.037978,0.886054,-0.462044,0.037728,-0.015856,0.051130,0.998566,0,0.54649,-0.45894,32.789,-0.918,475.000,350.000,950.000,325.000,725.000,300.000,275.000,275.000,300.000,350.000,325.000,500.000,725.000,475.000,550.000,450.000,750.000,1,1,1,0,0,0,0,0,0,1,0,0,1,1,0,1,0
39,-9736.948,-3081.567,20.055,116.646,-0.449035,-0.892650,0.039274,0.893414,-0.447895,0.034658,-0.013347,0.050651,0.998627,0,0.54773,-0.45629,32.864,-0.913,425.000,350.000,975.000,325.000,750.000,300.000,275.000,275.000,300.000,375.000,325.000,500.000,750.000,475.000,550.000,425.000,775.000,1,1,1,0,0,0,0,0,0,1,1,0,1,1,0,1,0
40,-9753.443,-3047.707,20.383,115.973,-0.438379,-0.897875,0.040545,0.898734,-0.437400,0.030965,-0.010068,0.050014,0.998698,0,0.62773,-0.33629,37.664,-0.673,400.000,350.000,975.000,325.000,800.000,300.000,300.000,300.000,300.000,400.000,325.000,475.000,775.000,450.000,575.000,400.000,825.000,1,1,1,0,0,0,0,0,0,1,1,0,1,1,0,1,0
41,-9770.778,-3011.428,20.636,115.540,-0.431417,-0.901185,0.041776,0.902131,-0.430624,0.026894,-0.006247,0.049290,0.998765,0,0.67014,-0.21629,40.208,-0.433,375.000,350.000,975.000,350.000,850.000,300.000,300.000,300.000,300.000,425.000,350.000,475.000,800.000,450.000,575.000,375.000,875.000,1,1,1,0,0,0,0,0,0,1,1,0,1,1,0,1,0
42,-9790.048,-2970.753,21.019,115.348,-0.428157,-0.902628,0.044099,0.903704,-0.427592,0.022004,-0.001005,0.049273,0.998785,0,0.75014,-0.09629,45.008,-0.193,325.000,325.000,950.000,350.000,950.000,300.000,300.000,300.000,300.000,450.000,350.000,475.000,825.000,425.000,600.000,325.000,975.000,1,1,1,0,0,0,0,0,0,1,1,0,1,1,0,1,0
43,-9811.411,-2925.759,22.051,115.395,-0.428500,-0.902141,0.050285,0.903512,-0.428276,0.015691,0.007380,0.052157,0.998612,0,0.83014,0.02371,49.808,0.047,300.000,325.000,950.000,350.000,-1,325.000,300.000,325.000,275.000,500.000,275.000,400.000,850.000,425.000,625.000,325.000,-1,1,1,1,0,2,0,0,0,0,1,0,0,1,1,0,1,2
44,-9834.214,-2878.352,23.483,115.683,-0.432396,-0.899741,0.059157,0.901507,-0.432681,0.008562,0.017892,0.057033,0.998212,0,0.87676,0.14371,52.606,0.287,275.000,325.000,950.000,375.000,-1,325.000,325.000,350.000,275.000,525.000,200.000,275.000,850.000,400.000,650.000,300.000,-1,1,1,1,0,2,1,0,0,0,1,0,0,1,1,0,1,2
45,-9857.650,-2830.762,25.303,116.210,-0.439726,-0.895347,0.070676,0.897624,-0.440761,0.001069,0.030194,0.063911,0.997499,0,0.88412,0.26371,53.047,0.527,275.000,300.000,925.000,375.000,-1,325.000,325.000,375.000,275.000,575.000,175.000,200.000,875.000,375.000,700.000,275.000,-1,1,1,1,0,2,1,0,0,0,1,0,0,1,1,0,1,2
46,-9881.934,-2783.080,27.561,116.977,-0.450315,-0.888819,0.084956,0.891773,-0.452436,-0.006533,0.044244,0.072820,0.996363,0,0.89180,0.38371,53.508,0.767,250.000,300.000,925.000,400.000,-1,300.000,350.000,400.000,250.000,600.000,150.000,150.000,850.000,375.000,750.000,250.000,-1,1,1,1,0,2,1,0,0,0,1,0,0,1,1,0,1,2
47,-9907.278,-2735.405,31.462,117.985,-0.464485,-0.880271,0.096837,0.883766,-0.467751,-0.012922,0.056671,0.079580,0.995216,0,0.89988,0.50371,53.993,1.007,225.000,275.000,900.000,425.000,-1,300.000,375.000,425.000,250.000,650.000,175.000,150.000,850.000,350.000,800.000,225.000,-1,1,1,1,0,2,1,0,0,0,1,0,0,1,1,0,1,2
48,-9933.910,-2687.843,36.034,119.232,-0.481695,-0.869266,0.111115,0.873498,-0.486460,-0.018926,0.070505,0.087942,0.993627,0,0.90849,0.62371,54.509,1.247,200.000,275.000,850.000,450.000,-1,275.000,375.000,475.000,250.000,700.000,175.000,150.000,850.000,350.000,875.000,225.000,-1,1,1,1,0,2,1,1,0,0,1,0,0,1,1,0,1,2
49,-9962.054,-2640.515,41.241,120.720,-0.501590,-0.855522,0.128412,0.860787,-0.508370,-0.024605,0.086331,0.098194,0.991416,0,0.91771,0.74371,55.063,1.487,200.000,250.000,825.000,500.000,-1,275.000,350.000,500.000,250.000,725.000,175.000,150.000,675.000,325.000,850.000,200.000,-1,1,1,1,0,2,1,1,0,0,1,0,0,0,1,1,1,2
50,-9991.937,-2593.558,47.044,122.447,-0.523813,-0.838711,0.148943,0.845463,-0.533230,-0.029277,0.103976,0.110590,0.988412,0,0.92762,0.86371,55.657,1.727,175.000,250.000,800.000,475.000,-1,250.000,325.000,575.000,250.000,775.000,175.000,150.000,500.000,325.000,800.000,175.000,-1,1,1,1,1,2,1,1,0,0,1,0,0,0,1,1,1,2
51,-10023.783,-2547.130,53.441,124.415,-0.547949,-0.818482,0.172742,0.827364,-0.560731,-0.032387,0.123370,0.125174,0.984435,0,0.93829,0.98371,56.298,1.967,175.000,250.000,775.000,450.000,-1,250.000,325.000,625.000,250.000,825.000,200.000,75.000,375.000,325.000,750.000,175.000,-1,1,1,1,1,2,1,1,0,0,1,0,0,0,1,1,1,2
52,-10057.651,-2501.298,61.196,126.415,-0.570733,-0.796225,0.200721,0.808777,-0.587340,-0.030184,0.141925,0.145112,0.979183,0,0.94977,1.00000,56.986,2.000,150.000,225.000,750.000,400.000,-1,225.000,300.000,725.000,225.000,875.000,200.000,50.000,300.000,300.000,700.000,150.000,-1,1,1,1,1,2,1,1,0,0,1,0,0,0,1,1,1,2
53,-10093.551,-2456.130,69.841,128.415,-0.591401,-0.772314,0.231897,0.790126,-0.612448,-0.024669,0.161077,0.168639,0.972427,0,0.96160,1.00000,57.696,2.000,150.000,225.000,-1,375.000,-1,225.000,275.000,850.000,225.000,925.000,200.000,25.000,225.000,300.000,625.000,150.000,-1,1,1,2,1,2,1,1,0,0,1,0,0,0,1,1,1,2
54,3607.626,6887.288,187.753,177.394,-0.998399,-0.045465,-0.033657,0.045027,-0.998893,0.013647,-0.034240,0.012109,0.999340,1,0.00000,0.00000,58.250,2.000,-1,375.000,-1,375.000,950.000,300.000,325.000,325.000,325.000,-1,-1,-1,1000.000,700.000,675.000,-1,-1,2,0,2,0,1,0,0,0,0,2,2,2,1,0,0,2,2
55,3602.831,6887.513,187.587,177.313,-0.998338,-0.046876,-0.033521,0.046439,-0.998827,0.013689,-0.034123,0.012109,0.999344,0,0.08000,-0.04047,4.800,-0.081,-1,375.000,-1,375.000,950.000,300.000,325.000,325.000,325.000,-1,-1,-1,1000.000,700.000,675.000,-1,-1,2,0,2,0,1,0,0,0,0,2,2,2,1,0,0,2,2
56,3593.242,6887.977,187.256,177.233,-0.998281,-0.048276,-0.033246,0.047840,-0.998760,0.013775,-0.033869,0.012161,0.999352,0,0.16000,-0.04015,9.600,-0.080,-1,375.000,-1,375.000,925.000,300.000,325.000,325.000,325.000,-1,-1,-1,1000.000,700.000,675.000,-1,-1,2,0,2,0,1,0,0,0,0,2,2,2,1,0,0,2,2
57,3578.860,6888.692,186.758,177.154,-0.998227,-0.049653,-0.032832,0.049219,-0.998691,0.013906,-0.033480,0.012265,0.999364,0,0.24000,-0.03952,14.400,-0.079,-1,375.000,-1,375.000,925.000,300.000,325.000,325.000,325.000,-1,-1,-1,1000.000,700.000,675.000,-1,-1,2,0,2,0,1,0,0,0,0,2,2,2,1,0,0,2,2
58,3559.685,6889.671,186.094,177.077,-0.998177,-0.050997,-0.032281,0.050565,-0.998622,0.014079,-0.032954,0.012421,0.999380,0,0.32000,-0.03856,19.200,-0.077,-1,375.000,-1,375.000,925.000,300.000,325.000,325.000,325.000,-1,-1,-1,1000.000,700.000,675.000,-1,-1,2,0,2,0,1,0,0,0,0,2,2,2,1,0,0,2,2
59,3535.718,6890.926,185.264,177.002,-0.998132,-0.052295,-0.031590,0.051865,-0.998552,0.014296,-0.032292,0.012630,0.999399,0,0.40000,-0.03724,24.000,-0.074,-1,375.000,-1,375.000,900.000,300.000,325.000,325.000,325.000,-1,-1,-1,1000.000,700.000,675.000,-1,-1,2,0,2,0,1,0,0,0,0,2,2,2,1,0,0,2,2
60,3506.959,6892.468,184.266,176.931,-0.998092,-0.053535,-0.030760,0.053107,-0.998483,0.014554,-0.031493,0.012892,0.999421,0,0.48000,-0.03556,28.800,-0.071,-1,375.000,-1,375.000,900.000,300.000,325.000,325.000,325.000,-1,-1,-1,1000.000,700.000,650.000,-1,-1,2,0,2,0,1,0,0,0,0,2,2,2,1,0,0,2,2
61,3473.410,6894.306,183.100,176.864,-0.998058,-0.054702,-0.029790,0.054278,-0.998415,0.014852,-0.030556,0.013206,0.999446,0,0.56000,-0.03349,33.600,-0.067,-1,375.000,-1,375.000,875.000,300.000,300.000,325.000,325.000,-1,-1,-1,975.000,700.000,650.000,-1,-1,2,0,2,0,1,0,0,0,0,2,2,2,1,0,0,2,2
62,3435.070,6896.448,181.767,176.802,-0.998031,-0.055781,-0.028680,0.055362,-0.998351,0.015190,-0.029480,0.013572,0.999473,0,0.64000,-0.03098,38.400,-0.062,-1,375.000,-1,375.000,850.000,300.000,300.000,300.000,325.000,-1,-1,500.000,975.000,700.000,650.000,-1,-1,2,0,2,0,1,0,0,0,0,2,2,0,1,0,0,2,2
63,3393.603,6898.806,180.322,176.746,-0.998010,-0.056757,-0.027478,0.056344,-0.998290,0.015551,-0.028313,0.013972,0.999501,0,0.69223,-0.02800,41.534,-0.056,-1,375.000,-1,375.000,850.000,300.000,300.000,300.000,325.000,-1,850.000,450.000,950.000,700.000,650.000,-1,-1,2,0,2,0,1,0,0,0,0,2,0,0,1,0,0,2,2
64,3352.155,6901.198,178.876,176.697,-0.997993,-0.057616,-0.026273,0.057211,-0.998235,0.015908,-0.027143,0.014373,0.999528,0,0.69195,-0.02466,41.517,-0.049,-1,375.000,-1,375.000,825.000,300.000,300.000,300.000,325.000,-1,575.000,425.000,950.000,700.000,650.000,-1,-1,2,0,2,0,1,0,0,0,0,2,0,0,1,0,0,2,2
65,3310.712,6903.621,177.428,176.654,-0.997981,-0.058354,-0.025066,0.057957,-0.998187,0.016260,-0.025969,0.014774,0.999554,0,0.69189,-0.02119,41.513,-0.042,-1,375.000,-1,375.000,800.000,300.000,300.000,300.000,325.000,-1,525.000,400.000,925.000,700.000,625.000,-1,-1,2,0,2,0,1,0,0,0,0,2,0,0,1,0,0,2,2
66,3269.263,6906.069,176.237,176.619,-0.997971,-0.058966,-0.024021,0.058554,-0.998131,0.017484,-0.025007,0.016042,0.999559,0,0.69203,-0.01760,41.522,-0.035,-1,375.000,-1,350.000,800.000,300.000,300.000,300.000,300.000,-1,525.000,400.000,925.000,700.000,625.000,-1,-1,2,0,2,0,1,0,0,0,0,2,0,0,1,0,0,2,2
67,3223.020,6908.782,175.668,176.642,-0.998036,-0.058569,-0.022208,0.058200,-0.998162,0.016907,-0.023157,0.015581,0.999610,0,0.77203,0.01140,46.322,0.023,-1,375.000,-1,350.000,775.000,300.000,300.000,300.000,325.000,-1,500.000,425.000,950.000,700.000,625.000,-1,-1,2,0,2,0,1,0,0,0,0,2,0,0,1,0,0,2,2
68,3176.007,6911.531,175.177,176.654,-0.998093,-0.058355,-0.020120,0.058038,-0.998186,0.015994,-0.021017,0.014795,0.999670,0,0.78490,0.00618,47.094,0.012,-1,375.000,-1,350.000,775.000,300.000,300.000,300.000,325.000,-1,500.000,425.000,950.000,700.000,625.000,-1,-1,2,0,2,0,1,0,0,0,0,2,0,0,1,0,0,2,2
69,3128.941,6914.281,174.689,176.656,-0.998135,-0.058330,-0.018013,0.058061,-0.998199,0.015073,-0.018860,0.013999,0.999724,0,0.78576,0.00074,47.146,0.001,-1,375.000,-1,375.000,775.000,300.000,300.000,300.000,325.000,-1,475.000,425.000,975.000,700.000,625.000,-1,-1,2,0,2,0,1,0,0,0,0,2,0,0,1,0,0,2,2
70,3081.843,6917.041,174.206,176.646,-0.998161,-0.058499,-0.015887,0.058276,-0.998200,0.014145,-0.016686,0.013193,0.999774,0,0.78633,-0.00485,47.180,-0.010,-1,375.000,-1,375.000,775.000,300.000,300.000,300.000,325.000,-1,475.000,425.000,1000.000,700.000,625.000,-1,-1,2,0,2,0,1,0,0,0,0,2,0,0,1,0,0,2,2
71,3034.729,6919.820,173.727,176.625,-0.998171,-0.058868,-0.013743,0.058687,-0.998189,0.013209,-0.014496,0.012378,0.999818,0,0.78660,-0.01056,47.196,-0.021,-1,375.000,-1,375.000,775.000,300.000,300.000,325.000,325.000,-1,475.000,425.000,1000.000,700.000,625.000,-1,-1,2,0,2,0,1,0,0,0,0,2,0,0,1,0,0,2,2
72,2987.619,6922.625,173.253,176.592,-0.998165,-0.059440,-0.011581,0.059298,-0.998165,0.012263,-0.012289,0.011554,0.999858,0,0.78656,-0.01641,47.193,-0.033,-1,375.000,-1,375.000,775.000,300.000,300.000,325.000,325.000,-1,450.000,450.000,-1,700.000,625.000,-1,-1,2,0,2,0,1,0,0,0,0,2,0,0,2,0,0,2,2
73,2940.533,6925.466,172.784,176.547,-0.998141,-0.060220,-0.009401,0.060113,-0.998128,0.011308,-0.010065,0.010722,0.999892,0,0.78620,-0.02236,47.172,-0.045,-1,375.000,-1,375.000,775.000,300.000,300.000,300.000,325.000,-1,450.000,450.000,-1,700.000,625.000,-1,-1,2,0,2,0,1,0,0,0,0,2,0,0,2,0,0,2,2
74,2893.490,6928.351,172.320,176.491,-0.998099,-0.061211,-0.007205,0.061134,-0.998076,0.010342,-0.007824,0.009881,0.999921,0,0.78552,-0.02842,47.131,-0.057,-1,375.000,-1,375.000,775.000,325.000,300.000,300.000,325.000,-1,450.000,450.000,-1,700.000,625.000,-1,-1,2,0,2,0,1,0,0,0,0,2,0,0,2,0,0,2,2
75,2846.511,6931.289,171.863,176.421,-0.998038,-0.062415,-0.004993,0.062367,-0.998009,0.009363,-0.005567,0.009033,0.999944,0,0.78451,-0.03457,47.071,-0.069,-1,375.000,-1,375.000,800.000,300.000,300.000,300.000,325.000,-1,425.000,425.000,-1,700.000,625.000,-1,-1,2,0,2,0,1,0,0,0,0,2,0,0,2,0,0,2,2
76,2799.616,6934.289,171.411,176.340,-0.997957,-0.063836,-0.002764,0.063811,-0.997927,0.008372,-0.003293,0.008178,0.999961,0,0.78319,-0.04078,46.991,-0.082,-1,375.000,-1,375.000,825.000,300.000,300.000,300.000,325.000,-1,375.000,400.000,-1,725.000,625.000,-1,-1,2,0,2,0,1,0,0,0,0,2,0,0,2,0,0,2,2
77,2752.824,6937.360,170.967,176.246,-0.997854,-0.065476,-0.000520,0.065470,-0.997827,0.007366,-0.001001,0.007316,0.999973,0,0.78153,-0.04705,46.892,-0.094,-1,375.000,-1,350.000,875.000,300.000,300.000,300.000,325.000,-1,350.000,375.000,-1,725.000,625.000,-1,-1,2,0,2,0,1,0,0,0,0,2,0,0,2,0,0,2,2
78,2706.156,6940.509,170.530,176.139,-0.997729,-0.067335,0.001740,0.067344,-0.997710,0.006345,0.001308,0.006448,0.999978,0,0.77957,-0.05336,46.774,-0.107,-1,375.000,-1,350.000,-1,300.000,300.000,300.000,325.000,-1,300.000,350.000,-1,725.000,625.000,-1,-1,2,0,2,0,2,0,0,0,0,2,0,0,2,0,0,2,2
79,2659.631,6943.747,170.101,176.020,-0.997580,-0.069413,0.004015,0.069434,-0.997572,0.005308,0.003637,0.005574,0.999978,0,0.77729,-0.05967,46.637,-0.119,-1,375.000,-1,350.000,-1,300.000,300.000,300.000,300.000,-1,275.000,325.000,-1,725.000,625.000,-1,-1,2,0,2,0,2,0,0,0,0,2,0,0,2,0,0,2,2
80,2613.268,6947.080,170.007,175.888,-0.997406,-0.071710,0.006293,0.071745,-0.997408,0.005447,0.005886,0.005884,0.999965,0,0.77472,-0.06597,46.483,-0.132,-1,375.000,-1,350.000,-1,300.000,300.000,325.000,300.000,-1,275.000,325.000,-1,725.000,625.000,-1,-1,2,0,2,0,2,0,0,0,0,2,0,0,2,1,0,2,2
81,2567.083,6950.512,170.739,175.750,-0.997219,-0.074104,0.007878,0.074136,-0.997241,0.003799,0.007575,0.004373,0.999962,0,0.77187,-0.06875,46.312,-0.138,1000.000,375.000,-1,350.000,1000.000,300.000,300.000,325.000,300.000,-1,300.000,350.000,-1,700.000,625.000,1000.000,-1,1,0,2,0,1,0,0,0,0,2,0,0,2,1,0,1,2
82,2521.093,6954.044,171.540,175.608,-0.997017,-0.076576,0.009620,0.076598,-0.997060,0.001926,0.009444,0.002657,0.999952,0,0.76876,-0.07100,46.125,-0.142,950.000,375.000,-1,350.000,975.000,300.000,300.000,325.000,300.000,-1,325.000,375.000,-1,700.000,625.000,950.000,-1,1,0,2,0,1,0,0,0,0,2,0,0,2,1,0,1,2
83,2475.314,6957.678,172.351,175.462,-0.996801,-0.079117,0.011358,0.079123,-0.996865,0.000059,0.011318,0.000958,0.999935,0,0.76538,-0.07302,45.923,-0.146,900.000,375.000,-1,350.000,975.000,300.000,300.000,325.000,300.000,-1,350.000,400.000,-1,675.000,650.000,925.000,-1,1,0,2,0,1,0,0,0,0,2,0,0,2,1,0,1,2
84,2429.759,6961.413,173.171,175.313,-0.996569,-0.081719,0.013093,0.081703,-0.996655,-0.001801,0.013196,-0.000725,0.999913,0,0.76178,-0.07478,45.707,-0.150,875.000,375.000,-1,350.000,950.000,300.000,300.000,325.000,300.000,-1,350.000,425.000,-1,675.000,650.000,900.000,-1,1,0,2,0,1,0,0,0,0,2,0,0,2,1,0,1,2
85,2384.442,6965.250,174.001,175.160,-0.996324,-0.084374,0.014823,0.084328,-0.996431,-0.003654,0.015079,-0.002391,0.999883,0,0.75798,-0.07631,45.479,-0.153,825.000,375.000,-1,375.000,925.000,300.000,300.000,325.000,325.000,-1,375.000,425.000,-1,675.000,675.000,875.000,-1,1,0,2,0,1,0,0,0,0,2,0,0,2,1,0,1,2
86,2339.373,6969.189,174.841,175.005,-0.996065,-0.087071,0.016549,0.086991,-0.996194,-0.005500,0.016964,-0.004038,0.999848,0,0.75402,-0.07758,45.241,-0.155,800.000,375.000,-1,375.000,925.000,300.000,300.000,325.000,325.000,-1,400.000,450.000,-1,675.000,700.000,850.000,-1,1,0,2,0,1,0,0,0,0,2,0,0,2,1,0,1,2
87,2289.546,6973.806,175.791,174.706,-0.995564,-0.092261,0.018471,0.092135,-0.995718,-0.007542,0.019088,-0.005807,0.999801,0,0.83402,-0.14930,50.041,-0.299,750.000,375.000,-1,375.000,900.000,300.000,300.000,325.000,325.000,-1,400.000,475.000,-1,675.000,700.000,825.000,-1,1,1,2,0,1,0,0,0,0,2,0,0,2,1,0,1,2
88,2238.292,6978.826,176.790,174.406,-0.995027,-0.097478,0.020460,0.097297,-0.995209,-0.009651,0.021302,-0.007612,0.999744,0,0.85831,-0.15017,51.499,-0.300,700.000,375.000,-1,375.000,875.000,300.000,300.000,325.000,325.000,-1,425.000,475.000,-1,650.000,725.000,800.000,-1,1,1,2,0,1,0,0,0,0,2,0,0,2,1,0,1,2
89,2187.344,6984.087,177.807,174.104,-0.994458,-0.102713,0.022447,0.102469,-0.994667,-0.011754,0.023535,-0.009389,0.999679,0,0.85364,-0.15077,51.219,-0.302,675.000,375.000,-1,375.000,850.000,325.000,300.000,325.000,325.000,-1,375.000,500.000,-1,650.000,750.000,775.000,-1,1,1,2,0,1,0,0,0,0,2,0,0,2,1,0,1,2
90,2136.706,6989.586,178.843,173.802,-0.993856,-0.107954,0.024433,0.107639,-0.994094,-0.013852,0.025784,-0.011137,0.999605,0,0.84894,-0.15106,50.936,-0.302,625.000,400.000,-1,375.000,825.000,325.000,325.000,325.000,325.000,-1,350.000,500.000,-1,675.000,775.000,750.000,-1,1,1,2,0,1,0,0,0,0,2,0,0,2,1,0,1,2
91,2086.376,6995.321,179.899,173.500,-0.993222,-0.113191,0.026418,0.112798,-0.993490,-0.015943,0.028050,-0.012855,0.999524,0,0.84424,-0.15104,50.655,-0.302,600.000,400.000,-1,400.000,825.000,325.000,325.000,325.000,300.000,-1,350.000,475.000,-1,675.000,800.000,725.000,-1,1,1,2,0,1,0,0,0,0,2,0,0,2,1,0,1,2
92,2036.354,7001.286,180.976,173.199,-0.992558,-0.118414,0.028401,0.117934,-0.992858,-0.018028,0.030333,-0.014544,0.999434,0,0.83961,-0.15073,50.376,-0.301,575.000,400.000,-1,400.000,800.000,325.000,325.000,325.000,300.000,-1,325.000,425.000,-1,675.000,825.000,700.000,-1,1,1,2,0,1,0,0,0,0,2,0,0,2,1,0,1,2
93,1986.634,7007.481,182.324,172.898,-0.991865,-0.123614,0.030397,0.123073,-0.992214,-0.019090,0.032520,-0.015194,0.999356,0,0.83507,-0.15013,50.104,-0.300,550.000,400.000,-1,400.000,775.000,325.000,325.000,325.000,300.000,-1,325.000,425.000,-1,700.000,850.000,700.000,-1,1,0,2,0,1,0,0,0,0,2,0,0,2,1,0,1,2
94,1937.209,7013.900,184.324,172.600,-0.991109,-0.128784,0.033434,0.128235,-0.991579,-0.018097,0.035483,-0.013648,0.999277,0,0.83067,-0.14924,49.840,-0.298,525.000,400.000,-1,400.000,750.000,325.000,325.000,325.000,300.000,-1,325.000,400.000,-1,725.000,900.000,-1,-1,1,0,2,0,1,0,0,0,0,2,0,0,2,1,0,2,2
95,1883.031,7020.993,186.281,172.541,-0.990935,-0.129799,0.034631,0.129291,-0.991469,-0.016541,0.036482,-0.011913,0.999263,0,0.91067,-0.02924,54.640,-0.058,500.000,425.000,-1,425.000,725.000,325.000,325.000,325.000,300.000,-1,375.000,425.000,-1,750.000,925.000,-1,-1,1,0,2,0,1,0,0,0,1,2,0,0,2,1,1,2,2
96,1827.441,7028.092,188.157,172.723,-0.991317,-0.126660,0.035337,0.126204,-0.991893,-0.014870,0.036934,-0.010281,0.999265,0,0.93402,0.09076,56.041,0.182,475.000,425.000,-1,425.000,700.000,350.000,350.000,350.000,300.000,-1,400.000,475.000,-1,775.000,925.000,-1,-1,1,0,2,0,1,0,0,0,1,2,0,0,2,1,1,2,2
97,1771.837,7034.938,189.981,172.981,-0.991862,-0.122197,0.035731,0.121791,-0.992466,-0.013337,0.037092,-0.008877,0.999272,0,0.93373,0.12891,56.024,0.258,450.000,425.000,-1,425.000,675.000,350.000,350.000,350.000,300.000,-1,450.000,500.000,-1,775.000,925.000,-1,-1,1,0,2,0,1,0,0,0,1,2,0,0,2,1,1,2,2
98,1716.251,7041.511,191.760,173.256,-0.992435,-0.117423,0.035846,0.117065,-0.993052,-0.011943,0.036999,-0.007656,0.999286,0,0.93289,0.13780,55.973,0.276,425.000,425.000,-1,425.000,650.000,350.000,350.000,325.000,275.000,-1,500.000,550.000,-1,800.000,925.000,-1,-1,1,0,2,0,1,0,0,1,1,2,0,0,2,1,1,2,2
99,1660.723,7047.788,193.499,173.551,-0.993030,-0.112324,0.035713,0.112010,-0.993650,-0.010670,0.036685,-0.006595,0.999305,0,0.93136,0.14709,55.882,0.294,425.000,425.000,-1,425.000,650.000,350.000,350.000,300.000,275.000,-1,575.000,600.000,-1,800.000,950.000,-1,-1,1,0,2,0,1,0,0,1,1,2,0,0,2,1,1,2,2
100,1605.296,7053.746,195.204,173.864,-0.993642,-0.106886,0.035365,0.106614,-0.994255,-0.009495,0.036177,-0.005664,0.999329,0,0.92910,0.15676,55.746,0.314,400.000,425.000,-1,425.000,675.000,350.000,350.000,300.000,275.000,-1,625.000,675.000,-1,800.000,950.000,-1,-1,1,0,2,0,1,0,0,1,1,2,0,0,2,1,1,2,2
101,1550.016,7059.364,196.883,174.198,-0.994266,-0.101096,0.034840,0.100863,-0.994865,-0.008396,0.035510,-0.004834,0.999358,0,0.92609,0.16678,55.565,0.334,400.000,425.000,-1,450.000,675.000,350.000,350.000,275.000,275.000,-1,700.000,750.000,875.000,825.000,950.000,-1,-1,1,0,2,0,1,0,0,1,1,2,0,0,1,1,1,2,2
102,1494.929,7064.618,198.542,174.552,-0.994896,-0.094943,0.034174,0.094745,-0.995474,-0.007347,0.034717,-0.004072,0.999389,0,0.92229,0.17714,55.337,0.354,425.000,425.000,-1,450.000,700.000,350.000,350.000,250.000,275.000,-1,775.000,825.000,750.000,825.000,975.000,-1,-1,1,0,2,0,1,0,0,1,1,2,0,0,1,1,1,2,2
103,1440.082,7069.486,200.189,174.928,-0.995523,-0.088416,0.033407,0.088253,-0.996078,-0.006320,0.033835,-0.003344,0.999422,0,0.91770,0.18778,55.062,0.376,450.000,450.000,-1,450.000,725.000,350.000,350.000,250.000,275.000,-1,850.000,900.000,725.000,825.000,1000.000,-1,-1,1,0,2,0,1,0,0,1,1,2,0,0,1,1,1,2,2
104,1385.524,7073.948,201.833,175.325,-0.996140,-0.081507,0.032581,0.081377,-0.996669,-0.005287,0.032904,-0.002615,0.999455,0,0.91234,0.19865,54.741,0.397,450.000,450.000,-1,450.000,725.000,350.000,350.000,225.000,275.000,-1,950.000,1000.000,725.000,875.000,-1,-1,-1,1,0,2,0,1,0,0,1,1,2,0,0,1,1,2,2,2
105,1331.300,7077.983,203.586,175.744,-0.996747,-0.074210,0.031427,0.074128,-0.997242,-0.003761,0.031620,-0.001420,0.999499,0,0.90624,0.20968,54.374,0.419,475.000,450.000,-1,450.000,750.000,350.000,375.000,225.000,275.000,-1,-1,-1,725.000,975.000,-1,-1,-1,1,0,2,0,1,0,0,1,1,2,2,2,1,1,2,2,2
106,1277.454,7081.583,204.941,176.174,-0.997390,-0.066724,0.027593,0.066713,-0.997771,-0.001318,0.027619,0.000526,0.999618,0,0.89944,0.21500,53.966,0.430,475.000,450.000,-1,450.000,750.000,350.000,375.000,200.000,275.000,-1,-1,-1,750.000,-1,-1,-1,-1,1,0,2,0,1,0,0,1,1,2,2,2,1,2,2,2,2
107,1224.028,7084.748,205.728,176.609,-0.997961,-0.059145,0.024013,0.059223,-0.998242,0.002539,0.023821,0.003955,0.999708,0,0.89199,0.21753,53.519,0.435,450.000,450.000,-1,450.000,750.000,350.000,350.000,200.000,275.000,-1,-1,-1,775.000,-1,-1,-1,-1,1,0,2,0,1,0,0,1,1,2,2,2,1,2,2,2,2
108,1171.061,7087.479,206.468,177.048,-0.998459,-0.051490,0.020692,0.051628,-0.998647,0.006207,0.020344,0.007266,0.999767,0,0.88397,0.21962,53.038,0.439,450.000,425.000,-1,450.000,-1,350.000,350.000,200.000,275.000,-1,-1,-1,800.000,-1,-1,-1,-1,1,0,2,0,2,0,0,1,1,2,2,2,1,2,2,2,2
109,1118.583,7089.778,207.170,177.491,-0.998886,-0.043774,0.017609,0.043949,-0.998987,0.009715,0.017166,0.010479,0.999798,0,0.87548,0.22127,52.529,0.443,450.000,425.000,-1,450.000,-1,350.000,350.000,175.000,250.000,-1,-1,-1,800.000,-1,-1,-1,-1,1,0,2,0,2,0,0,1,1,2,2,2,1,2,2,2,2
110,1066.617,7091.650,207.842,177.936,-0.999243,-0.036013,0.014747,0.036207,-0.999259,0.013089,0.014264,0.013613,0.999806,0,0.86666,0.22247,51.999,0.445,450.000,425.000,-1,425.000,-1,350.000,350.000,175.000,250.000,-1,-1,-1,850.000,-1,-1,-1,-1,1,0,2,0,2,0,0,1,1,2,2,2,1,2,2,2,2
111,1019.439,7093.075,208.418,178.270,-0.999470,-0.030193,0.012183,0.030386,-0.999410,0.016006,0.011692,0.016368,0.999798,0,0.78666,0.16682,47.199,0.334,425.000,425.000,-1,425.000,-1,350.000,350.000,175.000,250.000,-1,-1,-1,875.000,-1,-1,-1,-1,1,0,2,0,2,0,0,1,1,2,2,2,1,2,2,2,2
112,977.053,7094.108,208.933,178.604,-0.999653,-0.024361,0.010024,0.024545,-0.999526,0.018607,0.009566,0.018846,0.999777,0,0.70666,0.16711,42.399,0.334,425.000,450.000,-1,450.000,-1,350.000,350.000,175.000,250.000,-1,-1,-1,900.000,-1,-1,-1,-1,1,0,2,0,2,0,0,1,1,2,2,2,1,2,2,2,2
113,939.460,7094.804,209.391,178.938,-0.999794,-0.018531,0.008239,0.018700,-0.999606,0.020911,0.007848,0.021061,0.999747,0,0.62666,0.16706,37.599,0.334,-1,450.000,-1,450.000,-1,350.000,350.000,175.000,250.000,-1,-1,-1,925.000,-1,-1,-1,-1,2,0,2,0,2,0,0,1,1,2,2,2,1,2,2,2,2
114,906.663,7095.221,209.797,179.271,-0.999896,-0.012711,0.006799,0.012864,-0.999654,0.022931,0.006505,0.023016,0.999714,0,0.54666,0.16677,32.799,0.334,-1,475.000,-1,450.000,-1,350.000,350.000,175.000,250.000,-1,-1,-1,950.000,-1,-1,-1,-1,2,1,2,0,2,0,0,1,1,2,2,2,1,2,2,2,2
115,878.664,7095.414,210.151,179.604,-0.999960,-0.006907,0.005682,0.007045,-0.999671,0.024673,0.005510,0.024712,0.999679,0,0.46666,0.16633,27.999,0.333,-1,475.000,-1,450.000,-1,375.000,350.000,175.000,250.000,-1,-1,-1,975.000,-1,-1,-1,-1,2,1,2,0,2,0,0,1,1,2,2,2,1,2,2,2,2
116,855.465,7095.439,210.454,179.936,-0.999988,-0.001120,0.004870,0.001247,-0.999658,0.026139,0.004839,0.026145,0.999646,0,0.38666,0.16582,23.199,0.332,-1,475.000,-1,475.000,-1,375.000,375.000,175.000,250.000,-1,-1,-1,1000.000,-1,-1,-1,-1,2,1,2,0,2,0,0,1,1,2,2,2,1,2,2,2,2
117,837.066,7095.353,210.704,180.266,-0.999980,0.004648,0.004349,-0.004528,-0.999616,0.027327,0.004474,0.027306,0.999617,0,0.30666,0.16532,18.399,0.331,-1,475.000,-1,475.000,-1,375.000,375.000,175.000,250.000,-1,-1,-1,1000.000,-1,-1,-1,-1,2,1,2,0,2,0,0,1,1,2,2,2,1,2,2,2,2
118,823.467,7095.212,210.898,180.596,-0.999937,0.010400,0.004106,-0.010280,-0.999549,0.028230,0.004398,0.028186,0.999593,0,0.22666,0.16486,13.599,0.330,-1,475.000,-1,475.000,-1,375.000,375.000,175.000,250.000,-1,-1,-1,-1,-1,-1,-1,-1,2,1,2,0,2,0,0,1,1,2,2,2,2,2,2,2,2
119,814.669,7095.069,211.033,180.925,-0.999861,0.016139,0.004133,-0.016014,-0.999456,0.028841,0.004596,0.028771,0.999575,0,0.14666,0.16450,8.799,0.329,-1,475.000,-1,475.000,-1,375.000,375.000,175.000,250.000,-1,-1,-1,-1,-1,-1,-1,-1,2,1,2,0,2,0,0,1,1,2,2,2,2,2,2,2,2
120,810.670,7094.982,211.106,181.254,-0.999751,0.021869,0.004421,-0.021731,-0.999339,0.029152,0.005055,0.029049,0.999565,0,0.06666,0.16426,3.999,0.329,-1,475.000,-1,475.000,-1,375.000,375.000,200.000,250.000,-1,-1,-1,-1,-1,-1,-1,-1,2,1,2,0,2,0,0,1,1,2,2,2,2,2,2,2,2
121,811.471,7095.004,211.114,181.582,-0.999607,0.027595,0.004960,-0.027439,-0.999198,0.029156,0.005761,0.029008,0.999563,0,-0.01334,0.16414,-0.801,0.328,-1,475.000,-1,475.000,-1,375.000,375.000,200.000,250.000,-1,-1,-1,-1,-1,-1,-1,-1,2,1,2,0,2,0,0,1,1,2,2,2,2,2,2,2,2
122,817.068,7095.190,211.054,181.910,-0.999428,0.033321,0.005742,-0.033142,-0.999034,0.028844,0.006698,0.028637,0.999567,0,-0.09334,0.16417,-5.601,0.328,-1,475.000,-1,475.000,-1,375.000,375.000,175.000,250.000,-1,-1,-1,-1,-1,-1,-1,-1,2,1,2,0,2,0,0,1,1,2,2,2,2,2,2,2,2
123,827.461,7095.597,210.924,182.239,-0.999214,0.039051,0.006755,-0.038846,-0.998847,0.028212,0.007849,0.027927,0.999579,0,-0.17334,0.16431,-10.401,0.329,-1,475.000,-1,475.000,-1,375.000,375.000,175.000,250.000,-1,-1,-1,-1,-1,-1,-1,-1,2,1,2,0,2,0,0,1,1,2,2,2,2,2,2,2,2
124,842.646,7096.278,210.723,182.568,-0.998965,0.044789,0.007984,-0.044556,-0.998635,0.027257,0.009194,0.026873,0.999597,0,-0.25334,0.16455,-15.201,0.329,-1,475.000,-1,475.000,-1,375.000,375.000,175.000,250.000,-1,-1,-1,1000.000,-1,-1,-1,-1,2,1,2,0,2,0,0,1,1,2,2,2,1,2,2,2,2
125,862.621,7097.290,210.451,182.898,-0.998678,0.050537,0.009411,-0.050278,-0.998397,0.025980,0.010708,0.025472,0.999618,0,-0.33334,0.16486,-20.001,0.330,-1,450.000,-1,475.000,-1,375.000,375.000,175.000,250.000,-1,-1,-1,1000.000,-1,-1,-1,-1,2,1,2,0,2,0,0,1,1,2,2,2,1,2,2,2,2
126,887.382,7098.687,210.111,183.228,-0.998353,0.056295,0.011011,-0.056014,-0.998132,0.024387,0.012364,0.023730,0.999642,0,-0.41334,0.16518,-24.801,0.330,375.000,450.000,-1,475.000,-1,375.000,375.000,175.000,250.000,-1,-1,-1,975.000,-1,-1,-1,-1,1,1,2,0,2,0,0,1,1,2,2,2,1,2,2,2,2
127,912.935,7100.276,209.765,183.559,-0.997993,0.062061,0.012583,-0.061764,-0.997831,0.022767,0.013969,0.021944,0.999662,0,-0.42670,0.16546,-25.602,0.331,375.000,450.000,-1,475.000,-1,375.000,375.000,175.000,250.000,-1,-1,-1,950.000,-1,-1,-1,-1,1,1,2,0,2,0,0,1,1,2,2,2,1,2,2,2,2
128,938.111,7101.989,209.433,183.890,-0.997598,0.067831,0.014068,-0.067525,-0.997492,0.021204,0.015471,0.020203,0.999676,0,-0.42058,0.16560,-25.235,0.331,375.000,425.000,-1,475.000,-1,350.000,375.000,175.000,250.000,-1,-1,-1,925.000,-1,-1,-1,-1,1,1,2,0,2,0,0,1,1,2,2,2,1,2,2,2,2
129,962.916,7103.820,209.115,184.221,-0.997168,0.073598,0.015462,-0.073289,-0.997116,0.019701,0.016868,0.018512,0.999686,0,-0.41453,0.16560,-24.872,0.331,375.000,425.000,-1,475.000,-1,350.000,350.000,175.000,250.000,-1,-1,-1,900.000,-1,-1,-1,-1,1,1,2,0,2,0,0,1,1,2,2,2,1,2,2,2,2
130,987.352,7105.766,208.813,184.552,-0.996705,0.079358,0.016765,-0.079051,-0.996703,0.018259,0.018158,0.016874,0.999693,0,-0.40856,0.16545,-24.513,0.331,375.000,425.000,-1,475.000,-1,350.000,350.000,175.000,250.000,-1,-1,-1,875.000,-1,-1,-1,-1,1,1,2,0,2,0,0,1,1,2,2,2,1,2,2,2,2
