timestep,x_cm,y_cm,z_cm,yaw_deg,basis_xx,basis_xy,basis_xz,basis_yx,basis_yy,basis_yz,basis_zx,basis_zy,basis_zz,teleport_flag,throttle_cmd,steering_cmd,cmd_move_cm,cmd_turn_deg,lidar_cm_0,lidar_cm_1,lidar_cm_2,lidar_cm_3,lidar_cm_4,lidar_cm_5,lidar_cm_6,lidar_cm_7,lidar_cm_8,lidar_cm_9,lidar_cm_10,lidar_cm_11,lidar_cm_12,lidar_cm_13,lidar_cm_14,lidar_cm_15,lidar_cm_16,lidar_class_0,lidar_class_1,lidar_class_2,lidar_class_3,lidar_class_4,lidar_class_5,lidar_class_6,lidar_class_7,lidar_class_8,lidar_class_9,lidar_class_10,lidar_class_11,lidar_class_12,lidar_class_13,lidar_class_14,lidar_class_15,lidar_class_16
0,-331.150,8202.745,-188.035,131.540,-0.663028,-0.748478,-0.013193,0.748475,-0.663135,0.006189,-0.013381,-0.005771,0.999894,1,0.08000,0.12000,4.800,0.240,725.000,375.000,-1,375.000,-1,300.000,300.000,-1,300.000,-1,825.000,650.000,475.000,575.000,675.000,650.000,-1,1,0,2,0,2,0,0,2,0,2,1,1,1,1,0,1,2
1,-337.576,8209.877,-188.143,132.020,-0.669278,-0.742896,-0.013129,0.742894,-0.669382,0.006021,-0.013261,-0.005724,0.999896,0,0.16000,0.24000,9.600,0.480,725.000,375.000,-1,375.000,-1,300.000,300.000,-1,300.000,-1,825.000,650.000,500.000,575.000,675.000,650.000,-1,1,0,2,0,2,0,0,2,0,2,1,1,1,1,0,1,2
2,-347.349,8220.453,-188.348,132.740,-0.678563,-0.734426,-0.013066,0.734428,-0.678664,0.005533,-0.012931,-0.005842,0.999899,0,0.24000,0.36000,14.400,0.720,725.000,375.000,-1,375.000,-1,300.000,300.000,-1,300.000,-1,800.000,650.000,500.000,575.000,675.000,625.000,-1,1,0,2,0,2,0,0,2,0,2,1,1,1,1,0,1,2
3,-360.614,8234.334,-189.096,133.700,-0.690781,-0.722942,-0.013296,0.722981,-0.690863,0.002425,-0.010939,-0.007938,0.999909,0,0.32000,0.48000,19.200,0.960,725.000,375.000,-1,375.000,-1,300.000,300.000,-1,300.000,-1,800.000,650.000,500.000,550.000,675.000,625.000,-1,1,0,2,0,2,0,0,2,0,2,1,1,1,1,0,1,2
4,-377.555,8251.334,-190.004,134.900,-0.705786,-0.708298,-0.013427,0.708374,-0.705836,-0.001366,-0.008509,-0.010476,0.999909,0,0.40000,0.60000,24.000,1.200,700.000,375.000,1000.000,375.000,-1,300.000,300.000,-1,325.000,-1,775.000,650.000,525.000,550.000,700.000,600.000,-1,1,0,1,0,2,0,0,2,0,2,1,1,1,1,0,1,2
5,-398.391,8271.216,-190.994,136.340,-0.723385,-0.690311,-0.013612,0.690420,-0.723385,-0.005773,-0.005861,-0.013574,0.999891,0,0.48000,0.72000,28.800,1.440,700.000,375.000,950.000,375.000,-1,325.000,325.000,-1,325.000,-1,625.000,650.000,550.000,525.000,700.000,600.000,-1,1,1,1,0,2,0,0,2,0,2,0,1,1,1,0,1,2
6,-423.369,8293.689,-192.069,138.020,-0.743344,-0.668772,-0.013576,0.668903,-0.743274,-0.010634,-0.002979,-0.016986,0.999851,0,0.56000,0.84000,33.600,1.680,675.000,375.000,900.000,375.000,-1,325.000,325.000,-1,325.000,-1,300.000,525.000,600.000,500.000,725.000,575.000,-1,1,1,1,0,2,0,0,2,0,2,0,0,1,1,0,1,2
7,-452.700,8318.472,-193.243,139.804,-0.763842,-0.645267,-0.013248,0.645403,-0.763674,-0.016042,0.000235,-0.020804,0.999784,0,0.64000,0.89180,38.400,1.784,675.000,350.000,850.000,400.000,-1,325.000,325.000,-1,325.000,-1,100.000,325.000,650.000,500.000,700.000,550.000,-1,1,1,1,0,2,0,0,2,0,2,0,0,1,1,1,1,2
8,-486.549,8345.314,-194.474,141.585,-0.783581,-0.621163,-0.012587,0.621279,-0.783285,-0.021820,0.003695,-0.024918,0.999683,0,0.72000,0.89049,43.200,1.781,650.000,325.000,800.000,400.000,-1,300.000,325.000,-1,325.000,-1,0.000,175.000,700.000,475.000,675.000,525.000,975.000,1,1,1,0,2,1,0,2,0,2,0,0,1,1,1,1,1
9,-525.066,8373.957,-195.647,143.362,-0.802528,-0.596502,-0.011585,0.596573,-0.802091,-0.027411,0.007059,-0.028910,0.999557,0,0.80000,0.88880,48.000,1.778,625.000,325.000,750.000,400.000,-1,300.000,325.000,-1,325.000,-1,0.000,100.000,775.000,450.000,600.000,475.000,900.000,1,1,1,0,2,1,0,2,0,2,0,0,1,1,1,1,1
10,-565.648,8402.229,-196.490,145.136,-0.820645,-0.571349,-0.010064,0.571353,-0.820093,-0.031668,0.009840,-0.031738,0.999448,0,0.82431,0.88657,49.459,1.773,600.000,300.000,675.000,400.000,-1,275.000,300.000,1000.000,325.000,-1,0.000,25.000,900.000,425.000,550.000,450.000,800.000,1,1,1,1,2,1,1,1,0,2,1,0,1,1,1,1,1
11,-606.709,8428.994,-196.136,146.903,-0.837898,-0.545811,-0.004257,0.545638,-0.837376,-0.032870,0.014376,-0.029865,0.999451,0,0.81690,0.88386,49.014,1.768,625.000,300.000,650.000,350.000,-1,250.000,300.000,950.000,325.000,-1,0.000,0.000,-1,400.000,525.000,450.000,700.000,1,1,1,1,2,1,1,1,0,2,1,0,2,1,1,1,1
12,-648.217,8454.268,-195.340,148.665,-0.854247,-0.519864,0.001880,0.519547,-0.853842,-0.032007,0.018244,-0.026366,0.999486,0,0.80996,0.88075,48.598,1.762,-1,275.000,600.000,325.000,950.000,250.000,275.000,925.000,325.000,-1,0.000,0.000,-1,400.000,475.000,425.000,625.000,2,1,1,1,1,1,1,1,0,2,0,0,2,1,1,1,1
13,-690.143,8478.069,-194.131,150.419,-0.869688,-0.493536,0.008090,0.493138,-0.869463,-0.029129,0.021410,-0.021344,0.999543,0,0.80351,0.87728,48.210,1.755,-1,275.000,550.000,300.000,725.000,225.000,250.000,900.000,325.000,-1,0.000,0.000,-1,375.000,425.000,425.000,550.000,2,1,1,1,1,1,1,1,0,2,0,0,2,1,1,1,1
14,-732.459,8500.412,-192.531,152.166,-0.884220,-0.466856,0.014175,0.466458,-0.884207,-0.024374,0.023913,-0.014940,0.999602,0,0.79753,0.87347,47.852,1.747,-1,250.000,500.000,275.000,600.000,225.000,225.000,900.000,325.000,-1,25.000,25.000,-1,350.000,375.000,425.000,450.000,2,1,1,1,1,1,1,1,0,2,0,0,2,1,1,1,1
15,-779.650,8523.763,-190.378,153.673,-0.896035,-0.443482,0.021083,0.443186,-0.896262,-0.017341,0.026586,-0.006194,0.999627,0,0.87753,0.75347,52.652,1.507,-1,250.000,450.000,250.000,475.000,200.000,200.000,900.000,300.000,-1,75.000,75.000,-1,350.000,325.000,425.000,375.000,2,1,1,1,1,1,1,1,0,2,0,0,2,1,1,1,1
16,-831.739,8548.003,-184.246,155.045,-0.906078,-0.421891,0.032099,0.421363,-0.906623,-0.022073,0.038414,-0.006474,0.999241,0,0.95753,0.68612,57.452,1.372,-1,250.000,450.000,225.000,425.000,200.000,200.000,850.000,325.000,-1,125.000,125.000,-1,350.000,325.000,475.000,350.000,2,1,1,1,1,1,1,1,0,2,0,0,2,1,1,1,1
17,-881.233,8569.362,-176.087,156.658,-0.917092,-0.396196,0.044403,0.395068,-0.918088,-0.032188,0.053518,-0.011977,0.998495,0,0.89842,0.80612,53.905,1.612,-1,250.000,450.000,225.000,400.000,200.000,200.000,800.000,350.000,-1,150.000,150.000,-1,350.000,325.000,-1,325.000,2,1,1,1,1,1,1,1,0,2,0,0,2,1,1,2,1
18,-931.603,8589.194,-169.092,158.510,-0.928615,-0.366235,0.059552,0.363710,-0.930212,-0.049193,0.073412,-0.024022,0.997012,0,0.90216,0.92612,54.130,1.852,-1,250.000,-1,225.000,400.000,200.000,200.000,750.000,400.000,-1,125.000,150.000,-1,375.000,325.000,-1,325.000,2,1,2,1,1,1,1,1,0,2,0,0,2,1,1,2,1
19,-4919.491,5575.417,-196.195,-159.279,-0.934933,0.353693,0.028307,-0.352548,-0.934996,0.038628,0.040129,0.026135,0.998853,1,0.00000,0.00000,54.420,2.000,-1,375.000,-1,375.000,-1,300.000,300.000,300.000,325.000,-1,525.000,600.000,-1,700.000,700.000,-1,-1,2,0,2,0,2,0,0,0,0,2,0,0,2,0,0,2,2
20,-4923.973,5573.700,-195.993,-159.039,-0.933435,0.357608,0.028552,-0.356455,-0.933512,0.038676,0.040485,0.025924,0.998844,0,0.08000,0.12000,4.800,0.240,-1,375.000,-1,375.000,-1,300.000,300.000,300.000,325.000,-1,525.000,600.000,-1,700.000,700.000,-1,-1,2,0,2,0,2,0,0,0,0,2,0,0,2,0,0,2,2
21,-4932.909,5570.191,-195.587,-158.560,-0.930393,0.365412,0.029045,-0.364242,-0.930497,0.038778,0.041196,0.025500,0.998826,0,0.16000,0.23975,9.600,0.479,-1,375.000,-1,375.000,-1,300.000,300.000,300.000,325.000,-1,525.000,600.000,-1,700.000,725.000,-1,-1,2,0,2,0,2,0,0,0,0,2,0,0,2,0,0,2,2
22,-4946.268,5564.816,-194.965,-158.083,-0.927296,0.373144,0.029768,-0.371948,-0.927435,0.038977,0.042152,0.025071,0.998797,0,0.24000,0.23830,14.400,0.477,-1,375.000,-1,375.000,-1,300.000,300.000,325.000,325.000,-1,525.000,600.000,-1,700.000,725.000,-1,-1,2,0,2,0,2,0,0,0,0,2,0,0,2,0,0,2,2
23,-4964.021,5557.503,-194.124,-157.611,-0.924155,0.380780,0.030729,-0.379549,-0.924338,0.039276,0.043360,0.024634,0.998756,0,0.32000,0.23614,19.200,0.472,-1,375.000,-1,375.000,-1,300.000,300.000,325.000,325.000,-1,525.000,600.000,-1,700.000,725.000,-1,-1,2,0,2,0,2,0,0,0,0,2,0,0,2,0,0,2,2
24,-4986.137,5548.181,-193.061,-157.144,-0.920980,0.388297,0.031938,-0.387021,-0.921217,0.039676,0.044828,0.024180,0.998702,0,0.40000,0.23326,24.000,0.467,-1,375.000,-1,375.000,-1,300.000,300.000,325.000,325.000,-1,525.000,575.000,-1,725.000,725.000,-1,-1,2,0,2,0,2,0,0,0,0,2,0,0,2,0,0,2,2
25,-5012.585,5536.782,-191.773,-156.685,-0.917783,0.395675,0.033410,-0.394343,-0.918085,0.040176,0.046570,0.023698,0.998634,0,0.48000,0.22967,28.800,0.459,-1,375.000,-1,375.000,-1,300.000,300.000,325.000,325.000,-1,525.000,575.000,-1,725.000,750.000,-1,-1,2,0,2,0,2,0,0,0,0,2,0,0,2,0,0,2,2
26,-5043.336,5523.241,-190.256,-156.234,-0.914573,0.402890,0.035165,-0.401490,-0.914955,0.040777,0.048603,0.023175,0.998549,0,0.56000,0.22537,33.600,0.451,-1,375.000,-1,375.000,-1,300.000,300.000,325.000,325.000,-1,525.000,575.000,-1,750.000,750.000,-1,-1,2,0,2,0,2,0,0,0,0,2,0,0,2,0,0,2,2
27,-5078.360,5507.496,-188.508,-155.794,-0.911361,0.409921,0.037226,-0.408442,-0.911841,0.041477,0.050947,0.022596,0.998446,0,0.64000,0.22035,38.400,0.441,-1,375.000,-1,375.000,-1,325.000,325.000,325.000,300.000,-1,475.000,525.000,-1,750.000,750.000,-1,-1,2,0,2,0,2,0,0,0,0,2,0,0,2,0,0,2,2
28,-5117.628,5489.489,-186.466,-155.364,-0.908161,0.416748,0.039556,-0.415195,-0.908762,0.042010,0.053455,0.021729,0.998334,0,0.72000,0.21462,43.200,0.429,-1,400.000,-1,400.000,-1,325.000,325.000,325.000,325.000,-1,425.000,475.000,-1,775.000,775.000,-1,-1,2,0,2,0,2,0,0,0,0,2,0,0,2,0,0,2,2
29,-5160.334,5469.528,-184.080,-154.948,-0.905009,0.423354,0.041590,-0.421777,-0.905738,0.041746,0.055343,0.020239,0.998262,0,0.78567,0.20817,47.140,0.416,-1,400.000,-1,400.000,-1,325.000,325.000,325.000,325.000,-1,425.000,450.000,-1,775.000,800.000,-1,-1,2,0,2,0,2,0,0,0,0,2,0,0,2,0,0,2,2
30,-5203.110,5449.164,-181.792,-154.542,-0.901908,0.429769,0.043127,-0.428169,-0.902736,0.041702,0.056855,0.019146,0.998199,0,0.78960,0.20294,47.376,0.406,-1,400.000,-1,400.000,-1,325.000,325.000,325.000,325.000,-1,425.000,450.000,-1,800.000,825.000,-1,-1,2,0,2,0,2,0,0,0,0,2,0,0,2,0,0,2,2
31,-5245.741,5428.497,-179.562,-154.136,-0.898774,0.436161,0.044378,-0.434540,-0.899684,0.041758,0.058139,0.018247,0.998142,0,0.78960,0.20294,47.376,0.406,-1,400.000,-1,400.000,-1,325.000,325.000,325.000,325.000,-1,425.000,450.000,-1,800.000,850.000,-1,-1,2,0,2,0,2,0,0,0,0,2,0,0,2,0,0,2,2
32,-5288.224,5407.529,-177.310,-153.730,-0.895589,0.442531,0.045688,-0.440895,-0.896588,0.041743,0.059436,0.017242,0.998083,0,0.78960,0.20294,47.376,0.406,-1,400.000,-1,400.000,-1,325.000,325.000,325.000,325.000,-1,425.000,450.000,-1,800.000,900.000,-1,-1,2,0,2,0,2,0,0,0,0,2,0,0,2,0,0,2,2
33,-5330.558,5386.260,-174.994,-153.324,-0.892363,0.448878,0.046865,-0.447230,-0.893444,0.041748,0.060611,0.016295,0.998028,0,0.78960,0.20294,47.376,0.406,-1,400.000,-1,400.000,-1,325.000,325.000,300.000,325.000,-1,425.000,450.000,-1,825.000,925.000,-1,-1,2,0,2,0,2,0,0,0,0,2,0,0,2,0,0,2,2
34,-5372.739,5364.691,-172.250,-152.919,-0.889194,0.455192,0.046197,-0.453513,-0.890233,0.042543,0.060491,0.016878,0.998026,0,0.78960,0.20294,47.376,0.406,-1,400.000,-1,400.000,-1,325.000,325.000,300.000,325.000,-1,475.000,500.000,-1,825.000,925.000,-1,-1,2,0,2,0,2,0,0,0,0,2,0,0,2,0,0,2,2
35,-5414.767,5342.825,-169.482,-152.513,-0.885981,0.461483,0.045514,-0.459784,-0.886979,0.043202,0.060307,0.017349,0.998029,0,0.78960,0.20294,47.376,0.406,-1,400.000,-1,400.000,-1,325.000,325.000,300.000,325.000,-1,525.000,550.000,-1,825.000,950.000,-1,-1,2,0,2,0,2,0,0,0,0,2,0,0,2,0,0,2,2
36,-5456.639,5320.661,-166.817,-152.107,-0.882727,0.467756,0.044697,-0.466086,-0.883690,0.043072,0.059645,0.017188,0.998072,0,0.78960,0.20294,47.376,0.406,-1,400.000,-1,400.000,-1,325.000,325.000,300.000,325.000,-1,600.000,625.000,-1,850.000,950.000,-1,-1,2,0,2,0,2,0,0,0,0,2,0,0,2,0,0,2,2
37,-5498.353,5298.202,-164.151,-151.701,-0.879428,0.474007,0.043857,-0.472381,-0.880360,0.042680,0.058840,0.016817,0.998126,0,0.78960,0.20294,47.376,0.406,-1,400.000,-1,400.000,-1,325.000,325.000,300.000,325.000,-1,675.000,700.000,-1,850.000,975.000,-1,-1,2,0,2,0,2,0,0,0,0,2,0,0,2,0,0,2,2
38,-5539.906,5275.447,-161.489,-151.295,-0.876085,0.480237,0.042997,-0.478671,-0.876989,0.042004,0.057879,0.016218,0.998192,0,0.78960,0.20294,47.376,0.406,-1,400.000,-1,400.000,-1,325.000,325.000,300.000,325.000,-1,750.000,800.000,-1,875.000,975.000,-1,-1,2,0,2,0,2,0,0,0,0,2,0,0,2,0,0,2,2
39,-5581.298,5252.399,-158.803,-150.889,-0.872695,0.486443,0.042144,-0.484944,-0.873575,0.041182,0.056849,0.015502,0.998262,0,0.78960,0.20294,47.376,0.406,-1,400.000,-1,400.000,-1,325.000,325.000,300.000,325.000,-1,850.000,900.000,-1,875.000,1000.000,-1,-1,2,0,2,0,2,0,0,0,0,2,0,0,2,0,0,2,2
40,-5622.525,5229.058,-156.092,-150.483,-0.869261,0.492625,0.041303,-0.491200,-0.870118,0.040213,0.055749,0.014667,0.998337,0,0.78960,0.20294,47.376,0.406,-1,400.000,-1,400.000,-1,325.000,325.000,300.000,325.000,-1,950.000,-1,-1,900.000,1000.000,-1,-1,2,0,2,0,2,0,0,0,0,2,0,2,2,0,0,2,2
41,-5663.585,5205.426,-153.356,-150.077,-0.865781,0.498783,0.040476,-0.497438,-0.866618,0.039094,0.054577,0.013713,0.998415,0,0.78960,0.20294,47.376,0.406,-1,400.000,-1,425.000,-1,325.000,325.000,300.000,325.000,-1,-1,-1,-1,900.000,1000.000,-1,-1,2,0,2,0,2,0,0,0,0,2,2,2,2,0,0,2,2
42,-5704.478,5181.504,-150.679,-149.671,-0.862255,0.504915,0.039721,-0.503633,-0.863072,0.038211,0.053576,0.012943,0.998480,0,0.78960,0.20294,47.376,0.406,-1,400.000,-1,425.000,-1,325.000,325.000,300.000,325.000,-1,-1,-1,-1,900.000,-1,-1,-1,2,0,2,0,2,0,0,0,0,2,2,2,2,0,2,2,2
43,-5745.199,5157.292,-148.095,-149.266,-0.858682,0.511019,0.039055,-0.509778,-0.859479,0.037722,0.052843,0.012482,0.998525,0,0.78960,0.20294,47.376,0.406,-1,400.000,-1,425.000,-1,325.000,325.000,300.000,325.000,-1,-1,-1,-1,925.000,-1,-1,-1,2,0,2,0,2,0,0,0,0,2,2,2,2,0,2,2,2
44,-5785.749,5132.792,-145.611,-148.860,-0.855062,0.517096,0.038473,-0.515870,-0.855838,0.037663,0.052402,0.012357,0.998550,0,0.78960,0.20294,47.376,0.406,-1,400.000,-1,425.000,-1,325.000,325.000,300.000,325.000,-1,-1,-1,-1,925.000,-1,-1,-1,2,0,2,0,2,0,0,0,0,2,2,2,2,0,2,2,2
45,-5826.123,5108.006,-143.113,-148.454,-0.851399,0.523147,0.037903,-0.521942,-0.852156,0.037508,0.051921,0.012151,0.998577,0,0.78960,0.20294,47.376,0.406,-1,425.000,-1,425.000,-1,325.000,350.000,300.000,325.000,-1,-1,-1,-1,950.000,-1,-1,-1,2,0,2,0,2,0,0,0,0,2,2,2,2,0,2,2,2
46,-5866.321,5082.934,-141.178,-148.048,-0.847811,0.529158,0.034759,-0.527965,-0.848408,0.038172,0.049689,0.014011,0.998666,0,0.78960,0.20294,47.376,0.406,-1,425.000,-1,425.000,-1,325.000,350.000,300.000,300.000,-1,-1,-1,-1,950.000,-1,-1,-1,2,0,2,0,2,0,0,0,0,2,2,2,2,0,2,2,2
47,-5906.340,5057.578,-139.236,-147.642,-0.844173,0.535140,0.031590,-0.533972,-0.844615,0.038713,0.047398,0.015812,0.998751,0,0.78960,0.20294,47.376,0.406,-1,425.000,-1,425.000,-1,325.000,350.000,300.000,300.000,-1,-1,-1,-1,950.000,-1,-1,-1,2,0,2,0,2,0,0,0,0,2,2,2,2,0,2,2,2
48,-5946.178,5031.939,-137.286,-147.236,-0.840482,0.541094,0.028401,-0.539963,-0.840779,0.039126,0.045049,0.017549,0.998831,0,0.78960,0.20294,47.376,0.406,-1,425.000,-1,425.000,-1,350.000,350.000,300.000,300.000,-1,-1,-1,-1,950.000,-1,-1,-1,2,0,2,0,2,0,0,0,0,2,2,2,2,0,2,2,2
49,-5988.439,5004.062,-135.190,-146.590,-0.834446,0.550522,0.025003,-0.549444,-0.834602,0.039380,0.042547,0.019122,0.998911,0,0.84379,0.32294,50.627,0.646,-1,425.000,-1,425.000,-1,350.000,350.000,325.000,300.000,-1,-1,-1,-1,950.000,-1,-1,-1,2,0,2,0,2,0,0,0,0,2,2,2,2,0,2,2,2
50,-6030.264,4975.535,-133.228,-145.704,-0.825914,0.563353,0.022373,-0.562337,-0.825980,0.039161,0.040542,0.019762,0.998982,0,0.84379,0.44294,50.627,0.886,-1,425.000,-1,425.000,-1,350.000,350.000,325.000,300.000,-1,-1,-1,-1,925.000,-1,-1,-1,2,0,2,0,2,0,0,0,0,2,2,2,2,0,2,2,2
51,-6071.576,4946.271,-131.277,-144.687,-0.815849,0.577921,0.019949,-0.576974,-0.815847,0.038664,0.038620,0.020034,0.999053,0,0.84379,0.50849,50.627,1.017,-1,425.000,-1,425.000,-1,350.000,350.000,325.000,300.000,-1,-1,-1,-1,925.000,-1,-1,-1,2,0,2,0,2,0,0,0,0,2,2,2,2,0,2,2,2
52,-6112.363,4916.278,-129.351,-143.670,-0.805513,0.592310,0.017803,-0.591435,-0.805462,0.037902,0.036789,0.020001,0.999123,0,0.84379,0.50849,50.627,1.017,-1,425.000,-1,450.000,-1,350.000,350.000,325.000,325.000,-1,-1,-1,-1,925.000,-1,-1,-1,2,0,2,0,2,0,0,0,0,2,2,2,2,0,2,2,2
53,-6152.610,4885.566,-127.840,-142.653,-0.794940,0.606513,0.014589,-0.605755,-0.794821,0.036326,0.033628,0.020040,0.999233,0,0.84379,0.50849,50.627,1.017,-1,425.000,-1,425.000,-1,350.000,350.000,325.000,325.000,-1,-1,-1,-1,900.000,1000.000,-1,-1,2,0,2,0,2,0,0,0,0,2,2,2,2,0,0,2,2
54,-6192.306,4854.145,-126.499,-141.636,-0.784096,0.620534,0.011478,-0.619921,-0.783943,0.033628,0.029866,0.019252,0.999368,0,0.84379,0.50849,50.627,1.017,-1,425.000,-1,425.000,-1,350.000,350.000,325.000,325.000,-1,-1,-1,-1,875.000,975.000,-1,-1,2,0,2,0,2,0,0,0,0,2,2,2,2,0,0,2,2
55,-6231.439,4822.024,-125.129,-140.619,-0.772990,0.634361,0.008571,-0.633879,-0.772819,0.030789,0.026155,0.018366,0.999489,0,0.84379,0.50849,50.627,1.017,-1,425.000,-1,425.000,-1,325.000,350.000,300.000,325.000,-1,-1,-1,-1,850.000,975.000,-1,-1,2,0,2,0,2,0,0,0,0,2,2,2,2,0,0,2,2
56,-6269.995,4789.214,-123.730,-139.603,-0.761627,0.647989,0.005873,-0.647625,-0.761452,0.027815,0.022496,0.017381,0.999596,0,0.84379,0.50849,50.627,1.017,-1,400.000,-1,425.000,-1,325.000,325.000,300.000,325.000,-1,-1,-1,-1,825.000,950.000,-1,-1,2,0,2,0,2,0,0,0,0,2,2,2,2,0,0,2,2
57,-6307.963,4755.724,-122.303,-138.586,-0.750014,0.661413,0.003391,-0.661152,-0.749844,0.024716,0.018890,0.016296,0.999689,0,0.84379,0.50849,50.627,1.017,-1,400.000,-1,425.000,-1,325.000,325.000,300.000,325.000,-1,-1,-1,-1,800.000,925.000,-1,-1,2,0,2,0,2,0,0,0,0,2,2,2,2,0,0,2,2
58,-6345.330,4721.566,-121.472,-137.569,-0.738178,0.674606,0.000935,-0.674388,-0.737973,0.024425,0.017167,0.017400,0.999701,0,0.84379,0.50849,50.627,1.017,-1,400.000,-1,425.000,-1,325.000,325.000,300.000,325.000,-1,-1,-1,-1,800.000,900.000,-1,-1,2,0,2,0,2,0,0,0,0,2,2,2,2,0,0,2,2
59,-6382.084,4686.749,-120.635,-136.552,-0.726103,0.687584,-0.001406,-0.687409,-0.725870,0.024116,0.015561,0.018477,0.999708,0,0.84379,0.50849,50.627,1.017,-1,400.000,-1,425.000,-1,325.000,325.000,300.000,325.000,-1,-1,-1,-1,800.000,900.000,-1,-1,2,0,2,0,2,0,0,0,0,2,2,2,2,0,0,2,2
60,-6418.216,4651.286,-119.803,-135.535,-0.713793,0.700348,-0.003607,-0.700219,-0.713540,0.023547,0.013917,0.019333,0.999716,0,0.84379,0.50849,50.627,1.017,-1,400.000,-1,425.000,-1,325.000,325.000,300.000,325.000,-1,-1,-1,-1,800.000,900.000,-1,-1,2,0,2,0,2,0,0,0,0,2,2,2,2,0,0,2,2
61,-6453.712,4615.187,-118.951,-134.518,-0.701252,0.712891,-0.005671,-0.712807,-0.700987,0.022864,0.012324,0.020075,0.999723,0,0.84379,0.50849,50.627,1.017,-1,400.000,-1,425.000,-1,325.000,325.000,300.000,325.000,-1,-1,-1,-1,800.000,875.000,-1,-1,2,0,2,0,2,0,0,0,0,2,2,2,2,0,0,2,2
62,-6488.561,4578.463,-118.088,-133.501,-0.688485,0.725210,-0.007657,-0.725171,-0.688214,0.022096,0.010754,0.020765,0.999727,0,0.84379,0.50849,50.627,1.017,-1,400.000,-1,425.000,-1,325.000,325.000,300.000,325.000,-1,-1,-1,-1,775.000,875.000,-1,-1,2,0,2,0,2,0,0,0,0,2,2,2,2,0,0,2,2
63,-6522.754,4541.127,-117.352,-132.484,-0.675496,0.737293,-0.010207,-0.737311,-0.675218,0.021290,0.008805,0.021907,0.999721,0,0.84379,0.50849,50.627,1.017,-1,400.000,-1,400.000,-1,325.000,325.000,300.000,325.000,-1,-1,-1,-1,775.000,850.000,-1,-1,2,0,2,0,2,0,0,0,0,2,2,2,2,0,0,2,2
64,-6556.278,4503.190,-116.698,-131.467,-0.662293,0.749137,-0.012710,-0.749210,-0.662004,0.020852,0.007207,0.023333,0.999702,0,0.84379,0.50849,50.627,1.017,-1,400.000,-1,400.000,-1,325.000,325.000,300.000,325.000,-1,-1,-1,-1,775.000,850.000,-1,-1,2,0,2,0,2,0,0,0,0,2,2,2,2,0,0,2,2
65,-6589.124,4464.663,-116.190,-130.450,-0.648886,0.760733,-0.015244,-0.760861,-0.648573,0.021074,0.006144,0.025273,0.999662,0,0.84379,0.50849,50.627,1.017,-1,400.000,-1,400.000,-1,325.000,325.000,300.000,325.000,-1,-1,-1,-1,750.000,850.000,-1,-1,2,0,2,0,2,0,0,0,0,2,2,2,2,0,0,2,2
66,-6621.280,4425.560,-115.662,-129.433,-0.635270,0.772087,-0.017683,-0.772273,-0.634938,0.021185,0.005129,0.027114,0.999619,0,0.84379,0.50849,50.627,1.017,-1,400.000,-1,400.000,-1,325.000,325.000,300.000,300.000,-1,-1,-1,-1,750.000,825.000,-1,-1,2,0,2,0,2,0,0,0,0,2,2,2,2,0,0,2,2
67,-6652.738,4385.892,-115.235,-128.416,-0.621457,0.783208,-0.019399,-0.783435,-0.621113,0.021194,0.004550,0.028369,0.999587,0,0.84379,0.50849,50.627,1.017,-1,400.000,-1,400.000,-1,325.000,325.000,300.000,300.000,-1,-1,-1,-1,750.000,825.000,-1,-1,2,0,2,0,2,0,0,0,0,2,2,2,2,0,0,2,2
68,-6683.486,4345.672,-115.043,-127.399,-0.607458,0.794100,-0.020007,-0.794338,-0.607107,0.021146,0.004646,0.028738,0.999576,0,0.84379,0.50849,50.627,1.017,-1,400.000,-1,400.000,-1,325.000,325.000,300.000,300.000,-1,-1,-1,-1,750.000,825.000,-1,-1,2,0,2,0,2,0,0,0,0,2,2,2,2,0,0,2,2
69,-6713.601,4304.808,-114.836,-126.388,-0.593353,0.804675,-0.020735,-0.804929,-0.592998,0.021053,0.004645,0.029182,0.999563,0,0.84603,0.50536,50.762,1.011,-1,400.000,-1,400.000,-1,325.000,325.000,300.000,300.000,-1,-1,-1,-1,750.000,825.000,-1,-1,2,0,2,0,2,0,0,0,0,2,2,2,2,0,0,2,2
70,-6743.079,4263.305,-114.592,-125.385,-0.579175,0.814921,-0.021471,-0.815190,-0.578815,0.020915,0.004616,0.029616,0.999551,0,0.84843,0.50144,50.906,1.003,-1,400.000,-1,400.000,-1,325.000,325.000,325.000,300.000,-1,-1,-1,-1,750.000,825.000,-1,-1,2,0,2,0,2,0,0,0,0,2,2,2,2,0,0,2,2
71,-6771.901,4221.196,-114.310,-124.390,-0.564935,0.824836,-0.022213,-0.825123,-0.564573,0.020731,0.004559,0.030040,0.999538,0,0.85048,0.49739,51.029,0.995,-1,400.000,-1,400.000,-1,325.000,325.000,325.000,300.000,-1,-1,-1,-1,725.000,825.000,-1,-1,2,0,2,0,2,0,0,0,0,2,2,2,2,0,0,2,2
72,-6800.050,4178.512,-113.992,-123.404,-0.550645,0.834424,-0.022957,-0.834727,-0.550282,0.020501,0.004473,0.030451,0.999526,0,0.85216,0.49323,51.130,0.986,-1,375.000,-1,400.000,-1,325.000,325.000,325.000,300.000,-1,-1,-1,-1,725.000,825.000,-1,-1,2,0,2,0,2,0,0,0,0,2,2,2,2,0,0,2,2
73,-6826.194,4137.721,-113.664,-122.657,-0.539721,0.841511,-0.023668,-0.841833,-0.539357,0.020273,0.004294,0.030867,0.999514,0,0.80750,0.37323,48.450,0.746,-1,375.000,-1,400.000,-1,325.000,325.000,325.000,300.000,-1,-1,-1,-1,725.000,825.000,-1,-1,2,0,2,0,2,0,0,0,0,2,2,2,2,0,0,2,2
74,-6852.008,4096.651,-113.357,-122.151,-0.532256,0.846236,-0.024251,-0.846573,-0.531892,0.020116,0.004124,0.031237,0.999503,0,0.80849,0.25323,48.509,0.506,-1,375.000,-1,400.000,-1,325.000,325.000,325.000,300.000,-1,-1,-1,-1,725.000,825.000,-1,-1,2,0,2,0,2,0,0,0,0,2,2,2,2,0,0,2,2
75,-6877.656,4055.420,-113.164,-121.884,-0.528318,0.848676,-0.025066,-0.849036,-0.527935,0.020553,0.004210,0.032140,0.999475,0,0.80928,0.13323,48.557,0.266,-1,375.000,-1,400.000,-1,325.000,325.000,325.000,300.000,-1,-1,-1,-1,725.000,825.000,-1,-1,2,0,2,0,2,0,0,0,0,2,2,2,2,0,0,2,2
76,-6903.213,4014.087,-112.921,-121.730,-0.526038,0.850064,-0.025982,-0.850450,-0.525629,0.021194,0.004359,0.033245,0.999438,0,0.80994,0.07714,48.596,0.154,-1,375.000,-1,400.000,-1,325.000,325.000,325.000,300.000,-1,-1,-1,-1,725.000,825.000,-1,-1,2,0,2,0,2,0,0,0,0,2,2,2,2,0,0,2,2
77,-6928.680,3972.664,-112.578,-121.584,-0.523877,0.851363,-0.027098,-0.851780,-0.523425,0.022298,0.004800,0.034763,0.999384,0,0.81043,0.07332,48.626,0.147,-1,375.000,-1,400.000,-1,325.000,325.000,325.000,300.000,-1,-1,-1,-1,725.000,850.000,-1,-1,2,0,2,0,2,0,0,0,0,2,2,2,2,0,0,2,2
78,-6954.055,3931.164,-112.271,-121.444,-0.521822,0.852589,-0.028175,-0.853039,-0.521331,0.023198,0.005090,0.036140,0.999334,0,0.81072,0.06953,48.643,0.139,-1,375.000,-1,400.000,-1,325.000,325.000,325.000,300.000,-1,-1,-1,-1,725.000,850.000,-1,-1,2,0,2,0,2,0,0,0,0,2,2,2,2,0,0,2,2
79,-6979.339,3889.600,-112.084,-121.313,-0.519863,0.853756,-0.029059,-0.854236,-0.519356,0.023478,0.004952,0.037028,0.999302,0,0.81082,0.06577,48.649,0.132,-1,375.000,-1,400.000,-1,325.000,325.000,325.000,300.000,-1,-1,-1,-1,750.000,850.000,-1,-1,2,0,2,0,2,0,0,0,0,2,2,2,2,0,0,2,2
80,-7004.529,3847.987,-111.912,-121.189,-0.518012,0.854847,-0.029997,-0.855360,-0.517486,0.023824,0.004843,0.038000,0.999266,0,0.81074,0.06206,48.644,0.124,-1,375.000,-1,400.000,-1,325.000,325.000,325.000,300.000,-1,-1,-1,-1,750.000,850.000,-1,-1,2,0,2,0,2,0,0,0,0,2,2,2,2,0,0,2,2
81,-7029.625,3806.335,-111.769,-121.070,-0.516239,0.855883,-0.031014,-0.856431,-0.515689,0.024302,0.004806,0.039107,0.999223,0,0.81047,0.05945,48.628,0.119,-1,375.000,-1,400.000,-1,325.000,325.000,325.000,300.000,-1,-1,-1,-1,750.000,875.000,-1,-1,2,0,2,0,2,0,0,0,0,2,2,2,2,0,0,2,2
82,-7054.624,3764.655,-111.626,-120.956,-0.514535,0.856870,-0.032060,-0.857456,-0.513961,0.024776,0.004752,0.040238,0.999179,0,0.81003,0.05705,48.602,0.114,-1,375.000,-1,400.000,-1,325.000,325.000,325.000,300.000,-1,-1,-1,-1,750.000,875.000,-1,-1,2,0,2,0,2,0,0,0,0,2,2,2,2,0,0,2,2
83,-7079.525,3722.959,-111.345,-120.846,-0.512906,0.857830,-0.032492,-0.858430,-0.512305,0.025333,0.005085,0.040885,0.999151,0,0.80942,0.05487,48.565,0.110,-1,375.000,-1,400.000,-1,325.000,325.000,325.000,300.000,-1,-1,-1,-1,750.000,875.000,-1,-1,2,0,2,0,2,0,0,0,0,2,2,2,2,0,0,2,2
84,-7104.325,3681.256,-111.048,-120.740,-0.511335,0.858752,-0.032878,-0.859364,-0.510708,0.025897,0.005448,0.041496,0.999124,0,0.80867,0.05288,48.520,0.106,-1,375.000,-1,400.000,-1,325.000,325.000,325.000,300.000,-1,-1,-1,-1,775.000,900.000,-1,-1,2,0,2,0,2,0,0,0,0,2,2,2,2,0,0,2,2
85,-7129.024,3639.556,-110.750,-120.638,-0.509816,0.859639,-0.033290,-0.860264,-0.509161,0.026460,0.005796,0.042128,0.999095,0,0.80777,0.05111,48.466,0.102,-1,375.000,-1,400.000,-1,325.000,325.000,300.000,300.000,-1,-1,-1,-1,775.000,925.000,-1,-1,2,0,2,0,2,0,0,0,0,2,2,2,2,0,0,2,2
86,-7153.619,3597.865,-110.451,-120.539,-0.508342,0.860495,-0.033729,-0.861134,-0.507660,0.027020,0.006128,0.042780,0.999066,0,0.80675,0.04955,48.405,0.099,-1,400.000,-1,400.000,-1,325.000,325.000,300.000,300.000,-1,-1,-1,-1,775.000,950.000,-1,-1,2,0,2,0,2,0,0,0,0,2,2,2,2,0,0,2,2
87,-7178.110,3556.192,-110.237,-120.443,-0.506899,0.861311,-0.034599,-0.861983,-0.506190,0.027519,0.006188,0.043773,0.999022,0,0.80561,0.04820,48.337,0.096,-1,400.000,-1,425.000,-1,325.000,325.000,300.000,325.000,-1,-1,-1,-1,775.000,950.000,-1,-1,2,0,2,0,2,0,0,0,0,2,2,2,2,0,0,2,2
88,-7202.495,3514.542,-110.139,-120.348,-0.505479,0.862085,-0.036044,-0.862819,-0.504741,0.027934,0.005888,0.045220,0.998960,0,0.80438,0.04707,48.263,0.094,-1,400.000,-1,425.000,-1,325.000,325.000,300.000,325.000,-1,-1,-1,-1,800.000,975.000,-1,-1,2,0,2,0,2,0,0,0,0,2,2,2,2,0,0,2,2
89,-7226.772,3472.921,-110.053,-120.256,-0.504083,0.862837,-0.037575,-0.863637,-0.503317,0.028334,0.005536,0.046734,0.998892,0,0.80307,0.04615,48.184,0.092,-1,400.000,-1,425.000,-1,325.000,325.000,300.000,325.000,-1,-1,-1,-1,800.000,975.000,-1,-1,2,0,2,0,2,0,0,0,0,2,2,2,2,0,0,2,2
90,-7250.942,3431.333,-109.866,-120.165,-0.502691,0.863551,-0.039772,-0.864453,-0.501898,0.028632,0.004764,0.048774,0.998798,0,0.80170,0.04546,48.102,0.091,-1,400.000,-1,425.000,-1,325.000,325.000,300.000,325.000,-1,-1,-1,-1,800.000,1000.000,-1,-1,2,0,2,0,2,0,0,0,0,2,2,2,2,0,0,2,2
91,-7275.004,3389.780,-109.675,-120.075,-0.501306,0.864244,-0.042129,-0.865262,-0.500487,0.028901,0.003893,0.050940,0.998694,0,0.80028,0.04498,48.017,0.090,-1,400.000,-1,425.000,-1,325.000,325.000,300.000,325.000,-1,-1,-1,-1,800.000,1000.000,-1,-1,2,0,2,0,2,0,0,0,0,2,2,2,2,0,0,2,2
92,-7300.081,3345.894,-109.669,-119.745,-0.496297,0.867045,-0.043851,-0.868146,-0.495463,0.028959,0.003382,0.052441,0.998618,0,0.84243,0.16498,50.546,0.330,-1,400.000,-1,425.000,-1,325.000,325.000,300.000,325.000,-1,-1,-1,-1,825.000,-1,-1,-1,2,0,2,0,2,0,0,0,0,2,2,2,2,0,2,2,2
93,-7324.670,3301.853,-109.762,-119.175,-0.487622,0.871882,-0.045240,-0.873050,-0.486786,0.028693,0.002994,0.053488,0.998564,0,0.84068,0.28498,50.441,0.570,-1,400.000,-1,425.000,-1,325.000,325.000,300.000,325.000,-1,-1,-1,-1,825.000,-1,-1,-1,2,0,2,0,2,0,0,0,0,2,2,2,2,0,2,2,2
94,-7348.577,3257.571,-109.838,-118.365,-0.475225,0.878628,-0.046616,-0.879860,-0.474387,0.028354,0.002799,0.054490,0.998510,0,0.83873,0.40498,50.324,0.810,-1,400.000,-1,425.000,-1,325.000,325.000,300.000,325.000,-1,-1,-1,-1,850.000,-1,-1,-1,2,0,2,0,2,0,0,0,0,2,2,2,2,0,2,2,2
95,-7371.612,3212.970,-109.882,-117.315,-0.459025,0.887128,-0.047962,-0.888419,-0.458183,0.027939,0.002810,0.055435,0.998458,0,0.83663,0.52498,50.198,1.050,-1,400.000,-1,425.000,-1,325.000,325.000,300.000,325.000,-1,-1,-1,-1,875.000,-1,-1,-1,2,0,2,0,2,0,0,0,0,2,2,2,2,0,2,2,2
96,-7393.579,3167.981,-109.719,-116.025,-0.438898,0.897203,-0.048936,-0.898533,-0.438089,0.026765,0.002575,0.055718,0.998443,0,0.83443,0.64498,50.066,1.290,-1,400.000,-1,425.000,-1,325.000,325.000,300.000,325.000,-1,-1,-1,-1,900.000,-1,-1,-1,2,0,2,0,2,0,0,0,0,2,2,2,2,0,2,2,2
97,-7414.281,3122.545,-109.588,-114.495,-0.414735,0.908553,-0.050271,-0.909940,-0.413965,0.025364,0.002234,0.056263,0.998413,0,0.83219,0.76498,49.931,1.530,-1,400.000,-1,425.000,-1,325.000,325.000,300.000,325.000,-1,-1,-1,-1,900.000,-1,-1,-1,2,0,2,0,2,0,0,0,0,2,2,2,2,0,2,2,2
98,-7433.519,3076.611,-109.526,-112.726,-0.386405,0.920854,-0.052149,-0.922327,-0.385683,0.023675,0.001689,0.057246,0.998359,0,0.83000,0.88498,49.800,1.770,-1,400.000,-1,425.000,-1,325.000,325.000,300.000,325.000,-1,-1,-1,-1,900.000,-1,-1,-1,2,0,2,0,2,0,0,0,0,2,2,2,2,0,2,2,2
99,-7451.188,3030.185,-109.563,-110.838,-0.355827,0.932973,-0.054304,-0.934550,-0.355112,0.022620,0.001820,0.058799,0.998268,0,0.82794,0.94375,49.676,1.887,-1,400.000,-1,425.000,-1,325.000,325.000,300.000,325.000,-1,-1,-1,-1,900.000,-1,-1,-1,2,0,2,0,2,0,0,0,0,2,2,2,2,0,2,2,2
100,-7467.281,2983.298,-109.575,-108.945,-0.324786,0.944098,-0.056501,-0.945785,-0.324068,0.021704,0.002181,0.060487,0.998167,0,0.82620,0.94646,49.572,1.893,-1,375.000,-1,425.000,-1,325.000,325.000,300.000,325.000,-1,-1,-1,-1,900.000,-1,-1,-1,2,0,2,0,2,0,0,0,0,2,2,2,2,0,2,2,2
101,-7481.788,2935.978,-109.503,-107.046,-0.293292,0.954225,-0.058600,-0.956019,-0.292572,0.020706,0.002614,0.062096,0.998067,0,0.82491,0.94959,49.495,1.899,-1,400.000,-1,425.000,-1,325.000,325.000,300.000,325.000,-1,-1,-1,-1,900.000,-1,-1,-1,2,0,2,0,2,0,0,0,0,2,2,2,2,0,2,2,2
102,-7494.701,2888.247,-109.339,-105.140,-0.261363,0.963337,-0.060585,-0.965235,-0.260643,0.019635,0.003124,0.063610,0.997970,0,0.82413,0.95314,49.448,1.906,-1,400.000,-1,425.000,-1,325.000,325.000,300.000,300.000,-1,-1,-1,-1,900.000,-1,-1,-1,2,0,2,0,2,0,0,0,0,2,2,2,2,0,2,2,2
103,-7506.009,2840.126,-109.079,-103.225,-0.229018,0.971417,-0.062441,-0.973415,-0.228300,0.018501,0.003717,0.065019,0.997877,0,0.82388,0.95708,49.433,1.914,-1,400.000,-1,425.000,-1,325.000,325.000,325.000,325.000,-1,-1,-1,-1,900.000,-1,-1,-1,2,0,2,0,2,0,0,0,0,2,2,2,2,0,2,2,2
104,-7515.700,2791.635,-108.717,-101.303,-0.196277,0.978448,-0.064155,-0.980539,-0.195561,0.017317,0.004398,0.066306,0.997790,0,0.82418,0.96140,49.451,1.923,-1,400.000,-1,450.000,-1,325.000,325.000,325.000,325.000,-1,-1,-1,-1,925.000,-1,-1,-1,2,0,2,0,2,0,0,0,0,2,2,2,2,0,2,2,2
105,-7523.758,2742.794,-108.247,-99.371,-0.163161,0.984409,-0.065712,-0.986586,-0.162448,0.016097,0.005171,0.067457,0.997709,0,0.82505,0.96607,49.503,1.932,-1,400.000,-1,450.000,-1,325.000,350.000,325.000,325.000,-1,-1,-1,-1,925.000,-1,-1,-1,2,0,2,0,2,0,0,0,0,2,2,2,2,0,2,2,2
106,-7530.168,2693.622,-107.661,-97.428,-0.129695,0.989281,-0.067098,-0.991536,-0.128983,0.014855,0.006041,0.068456,0.997636,0,0.82649,0.97110,49.589,1.942,-1,425.000,-1,450.000,-1,325.000,350.000,325.000,325.000,-1,-1,-1,-1,925.000,-1,-1,-1,2,0,2,0,2,0,0,0,0,2,2,2,2,0,2,2,2
107,-7534.911,2644.140,-107.005,-95.475,-0.095908,0.993059,-0.068083,-0.995365,-0.095191,0.013699,0.007123,0.069081,0.997586,0,0.82850,0.97645,49.710,1.953,-1,425.000,-1,450.000,-1,325.000,350.000,325.000,325.000,-1,-1,-1,-1,925.000,-1,-1,-1,2,0,2,0,2,0,0,0,0,2,2,2,2,0,2,2,2
108,-7537.965,2594.370,-106.902,-93.511,-0.061741,0.995773,-0.068006,-0.998066,-0.061100,0.011476,0.007272,0.068583,0.997619,0,0.83107,0.98211,49.864,1.964,-1,425.000,-1,450.000,-1,325.000,350.000,325.000,325.000,-1,-1,-1,-1,925.000,-1,-1,-1,2,0,2,0,2,0,0,0,0,2,2,2,2,0,2,2,2
109,-7539.304,2544.338,-107.408,-91.535,-0.027235,0.997143,-0.070453,-0.999609,-0.026722,0.008222,0.006316,0.070649,0.997481,0,0.83418,0.98808,50.051,1.976,-1,425.000,-1,450.000,-1,325.000,350.000,325.000,325.000,-1,-1,-1,-1,900.000,-1,-1,-1,2,0,2,0,2,0,0,0,0,2,2,2,2,0,2,2,2
110,-7538.905,2494.072,-107.766,-89.546,0.007515,0.997336,-0.072551,-0.999956,0.007896,0.004972,0.005532,0.072511,0.997352,0,0.83782,0.99433,50.269,1.989,-1,400.000,-1,450.000,-1,325.000,350.000,325.000,325.000,-1,-1,-1,-1,875.000,-1,-1,-1,2,0,2,0,2,0,0,0,0,2,2,2,2,0,2,2,2
111,-7536.742,2443.635,-107.967,-87.546,0.042444,0.996333,-0.074294,-0.999087,0.042693,0.001761,0.004926,0.074152,0.997235,0,0.84140,1.00000,50.484,2.000,-1,400.000,-1,425.000,-1,325.000,325.000,325.000,300.000,-1,-1,-1,-1,850.000,-1,-1,-1,2,0,2,0,2,0,0,0,0,2,2,2,2,0,2,2,2
112,-7532.821,2393.305,-107.999,-85.546,0.077311,0.994131,-0.075673,-0.996997,0.077430,-0.001365,0.004503,0.075552,0.997132,0,0.84140,1.00000,50.484,2.000,-1,400.000,-1,425.000,-1,325.000,325.000,325.000,300.000,-1,-1,-1,-1,825.000,-1,-1,-1,2,0,2,0,2,0,0,0,0,2,2,2,2,0,2,2,2
113,-7527.145,2343.142,-107.855,-83.546,0.112072,0.990736,-0.076693,-0.993691,0.112068,-0.004370,0.004265,0.076699,0.997045,0,0.84140,1.00000,50.484,2.000,-1,400.000,-1,425.000,-1,325.000,325.000,300.000,300.000,-1,-1,-1,-1,825.000,-1,-1,-1,2,0,2,0,2,0,0,0,0,2,2,2,2,0,2,2,2
114,-7519.723,2293.207,-107.527,-81.546,0.146683,0.986154,-0.077359,-0.989175,0.146565,-0.007222,0.004216,0.077581,0.996977,0,0.84140,1.00000,50.484,2.000,-1,400.000,-1,425.000,-1,325.000,325.000,300.000,325.000,-1,-1,-1,-1,800.000,975.000,-1,-1,2,0,2,0,2,0,0,0,0,2,2,2,2,0,0,2,2
115,-7510.563,2243.562,-107.007,-79.546,0.181102,0.980392,-0.077681,-0.983455,0.180884,-0.009890,0.004356,0.078187,0.996929,0,0.84140,1.00000,50.484,2.000,-1,400.000,-1,425.000,-1,325.000,325.000,300.000,325.000,-1,-1,-1,-1,800.000,950.000,-1,-1,2,0,2,0,2,0,0,0,0,2,2,2,2,0,0,2,2
116,-7499.676,2194.267,-106.288,-77.546,0.215286,0.973457,-0.077672,-0.976540,0.214983,-0.012342,0.004684,0.078507,0.996903,0,0.84140,1.00000,50.484,2.000,-1,400.000,-1,425.000,-1,325.000,325.000,300.000,325.000,-1,-1,-1,-1,775.000,925.000,-1,-1,2,0,2,0,2,0,0,0,0,2,2,2,2,0,0,2,2
117,-7487.075,2145.382,-105.364,-75.546,0.249196,0.965360,-0.077344,-0.968439,0.248825,-0.014549,0.005200,0.078529,0.996898,0,0.84140,1.00000,50.484,2.000,-1,400.000,-1,425.000,-1,325.000,325.000,325.000,325.000,-1,-1,-1,-1,775.000,900.000,-1,-1,2,0,2,0,2,0,0,0,0,2,2,2,2,0,0,2,2
118,-7472.777,2096.967,-104.229,-73.546,0.282790,0.956109,-0.076714,-0.959164,0.282371,-0.016484,0.005901,0.078243,0.996917,0,0.84140,1.00000,50.484,2.000,-1,400.000,-1,425.000,-1,325.000,325.000,325.000,350.000,-1,-1,-1,-1,750.000,900.000,-1,-1,2,0,2,0,2,0,0,0,0,2,2,2,2,0,0,2,2
119,-7456.797,2049.080,-103.131,-71.546,0.315965,0.945648,-0.076914,-0.948741,0.315558,-0.017708,0.007525,0.078567,0.996880,0,0.84140,1.00000,50.484,2.000,-1,400.000,-1,425.000,-1,325.000,325.000,325.000,350.000,-1,-1,-1,-1,750.000,875.000,-1,-1,2,0,2,0,2,0,0,0,0,2,2,2,2,0,0,2,2
120,-7439.153,2001.781,-102.411,-69.546,0.348647,0.933896,-0.079275,-0.937197,0.348308,-0.018518,0.010318,0.080752,0.996681,0,0.84140,1.00000,50.484,2.000,-1,400.000,-1,425.000,-1,325.000,325.000,325.000,350.000,-1,-1,-1,-1,750.000,875.000,-1,-1,2,0,2,0,2,0,0,0,0,2,2,2,2,0,0,2,2
121,-7421.879,1959.490,-101.841,-67.786,0.377095,0.922552,-0.081831,-0.926095,0.376742,-0.020310,0.012093,0.083442,0.996439,0,0.76140,0.88000,45.684,1.760,-1,400.000,-1,425.000,-1,325.000,325.000,325.000,350.000,-1,-1,-1,-1,775.000,850.000,-1,-1,2,0,2,0,2,0,0,0,0,2,2,2,2,0,0,2,2
122,-7405.421,1922.065,-101.287,-66.266,0.401392,0.912033,-0.084141,-0.915809,0.400993,-0.022333,0.013372,0.086022,0.996204,0,0.68140,0.76000,40.884,1.520,-1,400.000,-1,400.000,-1,325.000,325.000,325.000,350.000,-1,-1,-1,-1,775.000,850.000,-1,-1,2,0,2,0,2,0,0,0,0,2,2,2,2,0,0,2,2
123,-7390.162,1889.368,-100.706,-64.986,0.421624,0.902687,-0.085962,-0.906654,0.421191,-0.024010,0.014533,0.088061,0.996009,0,0.60140,0.64000,36.084,1.280,-1,400.000,-1,400.000,-1,325.000,325.000,325.000,325.000,-1,-1,-1,-1,775.000,825.000,-1,-1,2,0,2,0,2,0,0,0,0,2,2,2,2,0,0,2,2
124,-7376.420,1861.264,-100.342,-63.946,0.437857,0.894831,-0.086939,-0.898899,0.437475,-0.024412,0.016189,0.088838,0.995915,0,0.52140,0.52000,31.284,1.040,-1,400.000,-1,400.000,-1,325.000,325.000,350.000,325.000,-1,-1,-1,-1,775.000,825.000,-1,-1,2,0,2,0,2,0,0,0,0,2,2,2,2,0,0,2,2
125,-7364.457,1837.637,-99.974,-63.146,0.450241,0.888588,-0.087717,-0.892736,0.449902,-0.024721,0.017497,0.089438,0.995839,0,0.44140,0.40000,26.484,0.800,-1,400.000,-1,400.000,-1,325.000,325.000,350.000,325.000,-1,-1,-1,-1,775.000,825.000,-1,-1,2,0,2,0,2,0,0,0,0,2,2,2,2,0,0,2,2
126,-7354.472,1818.388,-99.634,-62.586,0.458853,0.884111,-0.088323,-0.888320,0.458546,-0.024945,0.018446,0.089905,0.995780,0,0.36140,0.28000,21.684,0.560,-1,400.000,-1,400.000,-1,325.000,325.000,350.000,325.000,-1,-1,-1,-1,775.000,825.000,-1,-1,2,0,2,0,2,0,0,0,0,2,2,2,2,0,0,2,2
127,-7346.615,1803.444,-99.348,-62.266,0.463750,0.881507,-0.088776,-0.885762,0.463461,-0.025091,0.019026,0.090271,0.995736,0,0.28140,0.16000,16.884,0.320,-1,400.000,-1,400.000,-1,325.000,325.000,350.000,325.000,-1,-1,-1,-1,775.000,825.000,-1,-1,2,0,2,0,2,0,0,0,0,2,2,2,2,0,0,2,2
128,-7340.976,1792.756,-99.188,-62.186,0.464982,0.880854,-0.088810,-0.885115,0.464689,-0.025216,0.019057,0.090332,0.995729,0,0.20140,0.04000,12.084,0.080,-1,400.000,-1,400.000,-1,325.000,325.000,350.000,325.000,-1,-1,-1,-1,775.000,825.000,-1,-1,2,0,2,0,2,0,0,0,0,2,2,2,2,0,0,2,2
129,-7337.570,1786.317,-99.093,-62.122,0.465981,0.880327,-0.088804,-0.884589,0.465685,-0.025301,0.019082,0.090345,0.995728,0,0.12140,0.03242,7.284,0.065,-1,400.000,-1,400.000,-1,325.000,325.000,350.000,325.000,-1,-1,-1,-1,775.000,825.000,-1,-1,2,0,2,0,2,0,0,0,0,2,2,2,2,0,0,2,2
130,-7336.406,1784.123,-99.060,-62.057,0.466976,0.879799,-0.088814,-0.884063,0.466681,-0.025337,0.019157,0.090349,0.995726,0,0.04140,0.03242,2.484,0.065,-1,400.000,-1,400.000,-1,325.000,325.000,350.000,325.000,-1,-1,-1,-1,775.000,825.000,-1,-1,2,0,2,0,2,0,0,0,0,2,2,2,2,0,0,2,2
131,-7337.494,1786.167,-99.089,-61.992,0.467965,0.879270,-0.088841,-0.883537,0.467677,-0.025325,0.019282,0.090346,0.995724,0,-0.03860,0.03242,-2.316,0.065,-1,400.000,-1,400.000,-1,325.000,325.000,350.000,325.000,-1,-1,-1,-1,775.000,825.000,-1,-1,2,0,2,0,2,0,0,0,0,2,2,2,2,0,0,2,2
132,-7340.145,1791.139,-99.161,-61.927,0.468951,0.878741,-0.088881,-0.883010,0.468672,-0.025281,0.019440,0.090339,0.995721,0,-0.09391,0.03242,-5.635,0.065,-1,400.000,-1,400.000,-1,325.000,325.000,350.000,325.000,-1,-1,-1,-1,775.000,825.000,-1,-1,2,0,2,0,2,0,0,0,0,2,2,2,2,0,0,2,2
133,-7342.803,1796.108,-99.233,-61.862,0.469936,0.878210,-0.088922,-0.882483,0.469667,-0.025239,0.019598,0.090333,0.995719,0,-0.09391,0.03242,-5.635,0.065,-1,400.000,-1,400.000,-1,325.000,325.000,350.000,325.000,-1,-1,-1,-1,775.000,825.000,-1,-1,2,0,2,0,2,0,0,0,0,2,2,2,2,0,0,2,2
134,-7345.466,1801.074,-99.320,-61.797,0.470926,0.877684,-0.088885,-0.881953,0.470663,-0.025213,0.019706,0.090266,0.995723,0,-0.09391,0.03242,-5.635,0.065,-1,400.000,-1,400.000,-1,325.000,325.000,350.000,325.000,-1,-1,-1,-1,775.000,825.000,-1,-1,2,0,2,0,2,0,0,0,0,2,2,2,2,0,0,2,2
135,-7348.134,1806.036,-99.426,-61.732,0.471922,0.877162,-0.088752,-0.881419,0.471662,-0.025205,0.019752,0.090123,0.995735,0,-0.09391,0.03242,-5.635,0.065,-1,400.000,-1,400.000,-1,325.000,325.000,350.000,325.000,-1,-1,-1,-1,775.000,825.000,-1,-1,2,0,2,0,2,0,0,0,0,2,2,2,2,0,0,2,2
136,-7350.809,1810.996,-99.531,-61.668,0.472918,0.876638,-0.088620,-0.880884,0.472661,-0.025199,0.019797,0.089981,0.995747,0,-0.09391,0.03242,-5.635,0.065,-1,400.000,-1,400.000,-1,325.000,325.000,350.000,325.000,-1,-1,-1,-1,775.000,825.000,-1,-1,2,0,2,0,2,0,0,0,0,2,2,2,2,0,0,2,2
137,-7353.488,1815.953,-99.636,-61.603,0.473913,0.876114,-0.088490,-0.880348,0.473659,-0.025193,0.019842,0.089842,0.995758,0,-0.09391,0.03242,-5.635,0.065,-1,400.000,-1,400.000,-1,325.000,325.000,350.000,325.000,-1,-1,-1,-1,775.000,825.000,-1,-1,2,0,2,0,2,0,0,0,0,2,2,2,2,0,0,2,2
