timestep,x_cm,y_cm,z_cm,yaw_deg,basis_xx,basis_xy,basis_xz,basis_yx,basis_yy,basis_yz,basis_zx,basis_zy,basis_zz,teleport_flag,throttle_cmd,steering_cmd,cmd_move_cm,cmd_turn_deg,lidar_cm_0,lidar_cm_1,lidar_cm_2,lidar_cm_3,lidar_cm_4,lidar_cm_5,lidar_cm_6,lidar_cm_7,lidar_cm_8,lidar_cm_9,lidar_cm_10,lidar_cm_11,lidar_cm_12,lidar_cm_13,lidar_cm_14,lidar_cm_15,lidar_cm_16,lidar_class_0,lidar_class_1,lidar_class_2,lidar_class_3,lidar_class_4,lidar_class_5,lidar_class_6,lidar_class_7,lidar_class_8,lidar_class_9,lidar_class_10,lidar_class_11,lidar_class_12,lidar_class_13,lidar_class_14,lidar_class_15,lidar_class_16
0,8851.407,324.860,-7.596,-140.327,-0.769731,0.637082,-0.040507,-0.629571,-0.768092,-0.116943,-0.105615,-0.064513,0.992312,1,0.08000,0.12000,4.800,0.240,450.000,300.000,-1,375.000,-1,275.000,300.000,250.000,375.000,-1,-1,-1,-1,500.000,650.000,500.000,-1,0,0,2,0,2,0,0,0,1,2,2,2,2,0,0,0,2
1,8844.070,318.669,-7.876,-139.847,-0.764436,0.643481,-0.039606,-0.635930,-0.762712,-0.117741,-0.105972,-0.064819,0.992254,0,0.16000,0.24000,9.600,0.480,450.000,300.000,-1,375.000,-1,275.000,300.000,250.000,400.000,-1,-1,-1,-1,500.000,650.000,500.000,-1,0,0,2,0,2,0,0,0,1,2,2,2,2,0,0,0,2
2,8833.182,309.246,-8.333,-139.127,-0.756391,0.653001,-0.038238,-0.645410,-0.754551,-0.118740,-0.106390,-0.065134,0.992189,0,0.24000,0.36000,14.400,0.720,450.000,300.000,-1,375.000,-1,275.000,300.000,250.000,425.000,-1,-1,-1,-1,500.000,650.000,500.000,-1,0,0,2,0,2,0,0,0,1,2,2,2,2,0,0,0,2
3,8818.877,296.440,-9.014,-138.167,-0.745470,0.665545,-0.036396,-0.657940,-0.743497,-0.119698,-0.106725,-0.065285,0.992143,0,0.32000,0.48000,19.200,0.960,450.000,300.000,-1,375.000,-1,275.000,300.000,250.000,425.000,-1,-1,-1,-1,500.000,650.000,500.000,-1,0,0,2,0,2,0,0,0,1,2,2,2,2,0,0,0,2
4,8801.335,280.062,-9.982,-136.967,-0.731507,0.680981,-0.034094,-0.673421,-0.729408,-0.120289,-0.106783,-0.065033,0.992153,0,0.40000,0.60000,24.000,1.200,450.000,300.000,-1,375.000,-1,275.000,300.000,250.000,475.000,-1,-1,-1,-1,500.000,650.000,500.000,-1,0,0,2,0,2,0,0,0,1,2,2,2,2,0,0,0,2
5,8780.781,259.891,-12.492,-135.527,-0.714085,0.699329,-0.031971,-0.692450,-0.712301,-0.114630,-0.102937,-0.059717,0.992894,0,0.48000,0.72000,28.800,1.440,500.000,325.000,-1,375.000,-1,275.000,300.000,250.000,475.000,-1,-1,-1,-1,525.000,650.000,550.000,-1,0,0,2,0,2,0,0,0,1,2,2,2,2,0,0,0,2
6,8757.435,235.731,-16.348,-134.002,-0.694949,0.718405,-0.030657,-0.712658,-0.693813,-0.103642,-0.095727,-0.050178,0.994142,0,0.56000,0.76206,33.600,1.524,600.000,325.000,-1,375.000,-1,275.000,300.000,250.000,450.000,-1,-1,-1,-1,550.000,650.000,650.000,-1,0,0,2,0,2,0,0,0,1,2,2,2,2,0,0,0,2
7,8731.951,207.903,-20.490,-132.470,-0.675188,0.737037,-0.029943,-0.732367,-0.674652,-0.092110,-0.088090,-0.040262,0.995298,0,0.62894,0.76638,37.737,1.533,750.000,325.000,-1,375.000,-1,275.000,300.000,250.000,450.000,-1,-1,-1,-1,575.000,650.000,800.000,-1,0,0,2,0,2,0,0,0,1,2,2,2,2,0,0,0,2
8,8707.324,179.510,-24.448,-130.927,-0.654840,0.755185,-0.029676,-0.751428,-0.654779,-0.081358,-0.080872,-0.030978,0.996243,0,0.62644,0.77142,37.587,1.543,975.000,350.000,-1,375.000,-1,300.000,300.000,275.000,425.000,-1,-1,175.000,-1,600.000,650.000,1000.000,-1,0,0,2,0,2,0,0,0,0,2,2,1,2,0,0,0,2
9,8683.531,150.524,-28.223,-129.374,-0.633908,0.772834,-0.029797,-0.769852,-0.634215,-0.071403,-0.074080,-0.022324,0.997002,0,0.62504,0.77662,37.503,1.553,-1,350.000,-1,375.000,-1,300.000,300.000,275.000,400.000,-1,-1,100.000,-1,625.000,675.000,-1,-1,2,0,2,0,2,0,0,0,0,2,2,1,2,0,0,2,2
10,8660.555,120.919,-31.814,-127.810,-0.612397,0.789971,-0.030247,-0.787644,-0.612977,-0.062261,-0.067725,-0.014305,0.997602,0,0.62460,0.78195,37.476,1.564,-1,350.000,-1,375.000,-1,300.000,300.000,275.000,375.000,-1,-1,100.000,-1,650.000,675.000,-1,-1,2,0,2,0,2,0,0,0,0,2,2,1,2,0,0,2,2
11,8638.388,90.674,-35.231,-126.235,-0.590312,0.806582,-0.030949,-0.804802,-0.591081,-0.054001,-0.061850,-0.006969,0.998061,0,0.62499,0.78741,37.499,1.575,-1,375.000,-1,375.000,-1,300.000,300.000,275.000,350.000,-1,250.000,100.000,-1,675.000,675.000,-1,-1,2,0,2,0,2,0,0,0,0,2,1,1,2,0,0,2,2
12,8617.029,59.771,-38.556,-124.649,-0.567660,0.822652,-0.031713,-0.821306,-0.568545,-0.047042,-0.056730,-0.000658,0.998389,0,0.62612,0.79299,37.567,1.586,-1,375.000,-1,375.000,-1,300.000,300.000,275.000,350.000,-1,225.000,125.000,-1,700.000,675.000,-1,-1,2,0,2,0,2,0,0,0,0,2,1,1,2,0,0,2,2
13,8596.483,28.195,-41.693,-123.051,-0.544434,0.838171,-0.032589,-0.837186,-0.545385,-0.040921,-0.052072,0.005004,0.998631,0,0.62788,0.79867,37.673,1.597,-1,375.000,-1,375.000,-1,325.000,325.000,300.000,325.000,-1,225.000,125.000,-1,725.000,675.000,-1,-1,2,0,2,0,2,0,0,0,0,2,1,1,2,0,0,2,2
14,8576.758,-4.066,-44.636,-121.443,-0.520637,0.853121,-0.033488,-0.852435,-0.521617,-0.035637,-0.047870,0.009992,0.998804,0,0.63022,0.80446,37.813,1.609,-1,400.000,-1,375.000,-1,325.000,325.000,300.000,325.000,-1,225.000,150.000,-1,750.000,700.000,-1,-1,2,0,2,0,2,0,0,0,0,2,1,1,2,0,0,2,2
15,8557.869,-37.018,-47.322,-119.822,-0.496289,0.867490,-0.034049,-0.867045,-0.497256,-0.031142,-0.043946,0.014067,0.998935,0,0.63305,0.81033,37.983,1.621,-1,400.000,-1,375.000,-1,325.000,325.000,300.000,300.000,-1,225.000,175.000,-1,775.000,700.000,-1,-1,2,0,2,0,2,0,0,0,0,2,1,1,2,0,0,2,2
16,8540.049,-69.920,-49.762,-118.441,-0.475246,0.879175,-0.034523,-0.878913,-0.476186,-0.027556,-0.040665,0.017247,0.999024,0,0.62363,0.69033,37.418,1.381,-1,400.000,-1,375.000,-1,325.000,325.000,300.000,300.000,-1,250.000,175.000,-1,775.000,700.000,-1,-1,2,0,2,0,2,0,0,0,0,2,1,1,2,0,0,2,2
17,8522.786,-103.366,-51.301,-117.301,-0.457686,0.888485,-0.033450,-0.888212,-0.458592,-0.027810,-0.040049,0.016982,0.999053,0,0.62731,0.57033,37.639,1.141,-1,400.000,-1,375.000,-1,325.000,325.000,300.000,300.000,-1,275.000,225.000,-1,775.000,700.000,-1,-1,2,0,2,0,2,0,0,0,0,2,1,1,2,0,0,2,2
18,8505.943,-137.298,-52.825,-116.400,-0.443702,0.895590,-0.032360,-0.895303,-0.444573,-0.028049,-0.039506,0.016526,0.999083,0,0.63137,0.45033,37.882,0.901,-1,400.000,-1,375.000,-1,325.000,325.000,300.000,300.000,-1,300.000,250.000,-1,775.000,700.000,-1,-1,2,0,2,0,2,0,0,0,0,2,1,1,2,0,0,2,2
19,8489.378,-171.656,-54.391,-115.739,-0.433375,0.900663,-0.031498,-0.900362,-0.434220,-0.028313,-0.039178,0.016089,0.999103,0,0.63572,0.33033,38.143,0.661,-1,400.000,-1,375.000,-1,325.000,325.000,300.000,300.000,-1,325.000,300.000,-1,775.000,700.000,-1,-1,2,0,2,0,2,0,0,0,0,2,1,1,2,0,0,2,2
20,8472.948,-206.384,-55.957,-115.319,-0.426779,0.903835,-0.030698,-0.903516,-0.427600,-0.028578,-0.038956,0.015540,0.999120,0,0.64030,0.21033,38.418,0.421,-1,400.000,-1,375.000,-1,325.000,325.000,300.000,300.000,-1,375.000,325.000,-1,775.000,700.000,-1,-1,2,0,2,0,2,0,0,0,0,2,1,1,2,0,0,2,2
21,8456.507,-241.422,-57.443,-115.138,-0.423943,0.905185,-0.030217,-0.904849,-0.424750,-0.028906,-0.039000,0.015087,0.999125,0,0.64506,0.09033,38.703,0.181,-1,400.000,-1,375.000,-1,325.000,325.000,300.000,300.000,-1,400.000,375.000,-1,775.000,700.000,-1,-1,2,0,2,0,2,0,0,0,0,2,1,1,2,0,0,2,2
22,8439.905,-276.708,-58.921,-115.197,-0.424900,0.904753,-0.029706,-0.904396,-0.425692,-0.029215,-0.039078,0.014453,0.999132,0,0.64995,-0.02967,38.997,-0.059,-1,400.000,-1,375.000,-1,325.000,325.000,300.000,300.000,-1,450.000,400.000,-1,775.000,700.000,-1,-1,2,0,2,0,2,0,0,0,0,2,1,1,2,0,0,2,2
23,8422.989,-312.178,-60.391,-115.497,-0.429645,0.902527,-0.029169,-0.902148,-0.430418,-0.029504,-0.039183,0.013639,0.999139,0,0.65495,-0.14967,39.297,-0.299,-1,400.000,-1,375.000,-1,325.000,325.000,300.000,300.000,-1,500.000,450.000,-1,775.000,700.000,-1,-1,2,0,2,0,2,0,0,0,0,2,1,1,2,0,0,2,2
24,8405.605,-347.763,-61.855,-116.036,-0.438149,0.898447,-0.028608,-0.898043,-0.438900,-0.029769,-0.039302,0.012648,0.999147,0,0.66006,-0.26967,39.603,-0.539,-1,400.000,-1,375.000,-1,325.000,325.000,300.000,300.000,-1,525.000,500.000,-1,775.000,700.000,-1,975.000,2,0,2,0,2,0,0,0,0,2,1,1,2,0,0,2,1
25,8387.599,-383.385,-63.314,-116.815,-0.450361,0.892407,-0.028025,-0.891976,-0.451086,-0.030009,-0.039422,0.011483,0.999157,0,0.66525,-0.38967,39.915,-0.779,-1,400.000,-1,375.000,1000.000,325.000,325.000,300.000,300.000,-1,575.000,525.000,-1,775.000,700.000,-1,950.000,2,0,2,0,1,0,0,0,0,2,1,1,2,0,0,2,1
26,8368.814,-418.962,-64.767,-117.835,-0.466202,0.884253,-0.027422,-0.883795,-0.466897,-0.030220,-0.039526,0.010147,0.999167,0,0.67052,-0.50967,40.231,-1.019,-1,400.000,-1,375.000,975.000,325.000,325.000,300.000,300.000,-1,625.000,575.000,-1,775.000,675.000,-1,900.000,2,0,2,0,1,0,0,0,0,2,1,1,2,0,0,2,1
27,8349.095,-454.398,-66.214,-119.094,-0.485563,0.873791,-0.026801,-0.873305,-0.486225,-0.030401,-0.039596,0.008643,0.999178,0,0.67588,-0.62967,40.553,-1.259,-1,400.000,-1,375.000,950.000,325.000,325.000,300.000,300.000,-1,675.000,625.000,-1,750.000,675.000,-1,875.000,2,0,2,0,1,0,0,0,0,2,1,1,2,0,0,2,1
28,8328.290,-489.586,-67.744,-120.593,-0.508323,0.860783,-0.025710,-0.860268,-0.508930,-0.030488,-0.039328,0.006619,0.999204,0,0.68131,-0.74967,40.879,-1.499,-1,400.000,-1,375.000,950.000,325.000,300.000,300.000,300.000,-1,725.000,675.000,-1,750.000,675.000,-1,825.000,2,0,2,0,1,0,0,0,0,2,1,1,2,0,0,2,1
29,8306.325,-524.454,-69.352,-122.209,-0.532477,0.846099,-0.024188,-0.845558,-0.533010,-0.030519,-0.038715,0.004202,0.999241,0,0.68682,-0.80803,41.209,-1.616,-1,400.000,-1,375.000,925.000,325.000,300.000,300.000,300.000,-1,800.000,725.000,-1,750.000,675.000,-1,800.000,2,0,2,0,1,0,0,0,0,2,1,1,2,0,0,2,1
30,8280.874,-562.782,-71.126,-123.585,-0.552722,0.833060,-0.022557,-0.832503,-0.553179,-0.030536,-0.037917,0.001901,0.999279,0,0.76682,-0.68803,46.009,-1.376,-1,400.000,-1,375.000,900.000,325.000,300.000,300.000,300.000,-1,850.000,775.000,-1,750.000,650.000,-1,775.000,2,0,2,0,1,0,0,0,0,2,1,1,2,0,1,2,1
31,8254.330,-601.086,-72.882,-124.721,-0.569202,0.821930,-0.020975,-0.821366,-0.569588,-0.030449,-0.036975,-0.000103,0.999316,0,0.77670,-0.56803,46.602,-1.136,-1,400.000,-1,375.000,875.000,325.000,300.000,300.000,300.000,-1,900.000,825.000,-1,725.000,625.000,-1,725.000,2,0,2,0,1,0,0,0,0,2,1,1,2,0,1,2,1
32,8226.877,-639.186,-74.625,-125.775,-0.584284,0.811317,-0.019403,-0.810752,-0.584603,-0.030357,-0.035972,-0.002006,0.999351,0,0.78268,-0.52676,46.961,-1.054,-1,375.000,-1,375.000,850.000,325.000,300.000,300.000,300.000,-1,950.000,875.000,-1,725.000,600.000,-1,700.000,2,0,2,0,1,0,0,0,0,2,1,1,2,0,1,2,1
33,8195.938,-680.682,-76.473,-126.708,-0.597484,0.801687,-0.017649,-0.801120,-0.597731,-0.030421,-0.034938,-0.004037,0.999381,0,0.86268,-0.46643,51.761,-0.933,-1,375.000,1000.000,375.000,800.000,300.000,300.000,300.000,300.000,-1,900.000,925.000,-1,725.000,575.000,-1,650.000,2,0,1,0,1,0,0,0,0,2,0,1,2,0,1,2,1
34,8162.242,-724.368,-78.207,-127.644,-0.610562,0.791810,-0.015825,-0.791250,-0.610737,-0.030399,-0.033736,-0.006039,0.999413,0,0.91953,-0.46788,55.172,-0.936,-1,375.000,925.000,375.000,750.000,300.000,300.000,300.000,300.000,-1,825.000,1000.000,-1,725.000,550.000,-1,600.000,2,0,1,0,1,0,0,0,0,2,0,1,2,0,1,2,1
35,8127.581,-767.816,-79.874,-128.582,-0.623506,0.781690,-0.014177,-0.781163,-0.623623,-0.029629,-0.032002,-0.007399,0.999460,0,0.92633,-0.46942,55.580,-0.939,-1,375.000,850.000,375.000,675.000,300.000,300.000,300.000,300.000,-1,775.000,975.000,-1,725.000,525.000,-1,550.000,2,0,1,0,1,0,0,0,0,2,0,0,2,0,1,2,1
36,8091.947,-811.006,-81.503,-129.524,-0.636317,0.771326,-0.012515,-0.770836,-0.636381,-0.028829,-0.030201,-0.008697,0.999506,0,0.93322,-0.47089,55.993,-0.942,-1,375.000,775.000,375.000,625.000,300.000,300.000,300.000,300.000,-1,650.000,875.000,-1,700.000,475.000,-1,500.000,2,0,1,1,1,0,0,0,0,2,0,0,2,0,1,2,1
37,8055.334,-853.921,-83.079,-130.469,-0.648989,0.760721,-0.010827,-0.760269,-0.649003,-0.028057,-0.028371,-0.009977,0.999548,0,0.94018,-0.47231,56.411,-0.945,-1,375.000,700.000,350.000,575.000,300.000,300.000,300.000,300.000,-1,575.000,750.000,-1,700.000,450.000,-1,475.000,2,0,1,1,1,0,0,0,0,2,0,0,2,0,1,2,1
38,8017.738,-896.542,-84.601,-131.416,-0.661515,0.749877,-0.009115,-0.749463,-0.661482,-0.027316,-0.026513,-0.011238,0.999585,0,0.94722,-0.47367,56.833,-0.947,-1,375.000,625.000,325.000,500.000,325.000,300.000,300.000,300.000,-1,500.000,675.000,-1,700.000,400.000,-1,425.000,2,0,1,1,1,0,0,0,0,2,0,0,2,0,1,2,1
39,7979.152,-938.849,-86.074,-132.366,-0.673888,0.738796,-0.007419,-0.738422,-0.673814,-0.026603,-0.024653,-0.012449,0.999619,0,0.95434,-0.47499,57.261,-0.950,-1,375.000,575.000,300.000,450.000,325.000,300.000,300.000,300.000,-1,500.000,625.000,-1,700.000,375.000,-1,375.000,2,0,1,1,1,0,1,0,0,2,0,0,2,0,1,2,1
40,7939.573,-980.823,-87.377,-133.319,-0.686113,0.727477,-0.005173,-0.727149,-0.685988,-0.025966,-0.022438,-0.014055,0.999649,0,0.96154,-0.47626,57.692,-0.953,-1,375.000,500.000,275.000,375.000,325.000,275.000,300.000,300.000,-1,500.000,575.000,-1,650.000,325.000,1000.000,325.000,2,0,1,1,1,0,1,0,0,2,0,0,2,1,1,1,1
41,7898.995,-1022.445,-87.209,-134.274,-0.698237,0.715857,0.003791,-0.715688,-0.697934,-0.026047,-0.016000,-0.020900,0.999654,0,0.96880,-0.47750,58.128,-0.955,-1,400.000,450.000,250.000,325.000,300.000,250.000,300.000,325.000,-1,425.000,500.000,-1,550.000,300.000,875.000,275.000,2,0,1,1,1,1,1,0,0,2,0,0,2,1,1,1,1
42,7857.417,-1063.693,-85.961,-135.231,-0.710085,0.703902,0.017384,-0.704085,-0.709604,-0.026943,-0.006630,-0.031371,0.999486,0,0.97614,-0.47873,58.568,-0.957,-1,375.000,400.000,225.000,300.000,275.000,225.000,300.000,350.000,-1,325.000,425.000,-1,500.000,275.000,775.000,250.000,2,1,1,1,1,1,1,0,0,2,0,0,2,1,1,1,1
43,7814.834,-1104.549,-83.642,-136.191,-0.721458,0.691536,0.035742,-0.692435,-0.720901,-0.028915,0.005771,-0.045609,0.998943,0,0.98354,-0.47994,59.012,-0.960,-1,325.000,350.000,200.000,275.000,250.000,200.000,300.000,375.000,-1,225.000,350.000,-1,425.000,250.000,700.000,225.000,2,1,1,1,1,1,1,0,0,2,0,0,2,1,1,1,1
44,7771.245,-1144.992,-80.194,-137.153,-0.732103,0.678666,0.058633,-0.680869,-0.731698,-0.032184,0.021059,-0.063484,0.997761,0,0.99100,-0.48117,59.460,-0.962,-1,275.000,300.000,175.000,250.000,225.000,175.000,275.000,450.000,825.000,150.000,300.000,-1,350.000,225.000,600.000,200.000,2,1,1,1,1,1,1,0,0,0,0,0,2,1,1,1,1
45,7726.649,-1185.000,-75.486,-138.118,-0.741759,0.665203,0.085432,-0.669542,-0.741856,-0.036910,0.038825,-0.084579,0.995660,0,0.99852,-0.48243,59.911,-0.965,900.000,250.000,250.000,175.000,225.000,200.000,150.000,275.000,500.000,600.000,100.000,250.000,-1,300.000,200.000,525.000,175.000,1,1,1,1,1,1,1,0,0,0,0,0,2,1,1,1,1
46,12.933,2782.944,23.173,-118.465,-0.475125,0.878780,0.044745,-0.878852,-0.476438,0.025021,0.043306,-0.027436,0.998685,1,0.00000,0.00000,60.000,-0.968,500.000,300.000,-1,300.000,-1,250.000,250.000,350.000,425.000,-1,150.000,275.000,-1,400.000,500.000,425.000,-1,1,1,2,1,2,1,1,0,0,2,0,0,2,1,1,1,2
47,-8195.504,6890.407,64.928,40.523,0.760157,-0.649737,0.002030,0.649729,0.760123,-0.008077,0.003704,0.007459,0.999965,1,0.08000,0.10977,4.800,0.220,-1,400.000,-1,375.000,500.000,325.000,325.000,325.000,300.000,-1,725.000,-1,-1,750.000,600.000,-1,625.000,2,0,2,0,1,0,0,0,0,2,0,2,2,0,1,2,1
48,-8188.230,6896.672,64.935,40.737,0.757726,-0.652570,0.001847,0.652561,0.757692,-0.008224,0.003967,0.007437,0.999964,0,0.16000,0.10695,9.600,0.214,-1,400.000,-1,375.000,500.000,325.000,325.000,325.000,300.000,-1,725.000,-1,-1,750.000,600.000,-1,625.000,2,0,2,0,1,0,0,0,0,2,0,2,2,0,1,2,1
49,-8177.353,6906.108,64.952,40.942,0.755387,-0.655277,0.001563,0.655264,0.755353,-0.008437,0.004347,0.007397,0.999963,0,0.24000,0.10250,14.400,0.205,-1,400.000,-1,375.000,500.000,325.000,325.000,325.000,300.000,-1,700.000,-1,-1,750.000,600.000,-1,625.000,2,0,2,0,1,0,0,0,0,2,0,2,2,0,1,2,1
50,-8162.892,6918.739,64.980,41.135,0.753180,-0.657814,0.001181,0.657797,0.753145,-0.008713,0.004842,0.007339,0.999961,0,0.32000,0.09635,19.200,0.193,-1,400.000,-1,375.000,500.000,325.000,325.000,325.000,300.000,-1,700.000,-1,-1,750.000,600.000,-1,625.000,2,0,2,1,1,0,0,0,0,2,0,2,2,0,1,2,1
51,-8144.865,6934.582,65.023,41.312,0.751146,-0.660136,0.000705,0.660114,0.751111,-0.009050,0.005445,0.007263,0.999959,0,0.40000,0.08844,24.000,0.177,-1,400.000,-1,375.000,475.000,325.000,325.000,325.000,300.000,-1,675.000,700.000,-1,750.000,600.000,-1,625.000,2,0,2,1,1,0,0,0,0,2,0,0,2,0,1,2,1
52,-8123.285,6953.654,65.086,41.469,0.749330,-0.662197,0.000137,0.662169,0.749295,-0.009442,0.006150,0.007166,0.999955,0,0.48000,0.07868,28.800,0.157,-1,400.000,-1,375.000,475.000,325.000,325.000,325.000,300.000,-1,650.000,675.000,-1,750.000,600.000,-1,625.000,2,0,2,1,1,0,0,0,0,2,0,0,2,0,1,2,1
53,-8098.160,6975.963,65.283,41.603,0.747778,-0.663949,-0.000542,0.663916,0.747749,-0.009372,0.006628,0.006648,0.999956,0,0.56000,0.06695,33.600,0.134,-1,400.000,-1,375.000,450.000,325.000,325.000,325.000,300.000,-1,650.000,700.000,-1,750.000,600.000,-1,650.000,2,0,2,1,1,0,0,0,0,2,0,0,2,0,1,2,1
54,-8069.493,7001.513,65.531,41.709,0.746543,-0.665336,-0.001309,0.665299,0.746519,-0.009252,0.007133,0.006036,0.999956,0,0.64000,0.05310,38.400,0.106,-1,400.000,-1,350.000,425.000,325.000,325.000,325.000,300.000,-1,650.000,725.000,-1,750.000,600.000,-1,675.000,2,0,2,1,1,0,0,0,0,2,0,0,2,0,1,2,1
55,-8037.280,7030.297,65.828,41.783,0.745679,-0.666301,-0.002155,0.666261,0.745663,-0.009115,0.007680,0.005361,0.999956,0,0.72000,0.03696,43.200,0.074,-1,400.000,-1,350.000,425.000,325.000,325.000,325.000,300.000,-1,675.000,725.000,-1,750.000,625.000,-1,-1,2,0,2,1,1,0,1,0,0,2,0,0,2,0,1,2,2
56,-8001.508,7062.303,66.181,41.820,0.745248,-0.666781,-0.003070,0.666737,0.745240,-0.008958,0.008261,0.004629,0.999955,0,0.80000,0.01833,48.000,0.037,-1,400.000,-1,350.000,400.000,325.000,300.000,300.000,300.000,-1,700.000,750.000,-1,750.000,650.000,-1,-1,2,0,2,1,1,0,1,0,0,2,0,0,2,0,1,2,2
57,-7962.155,7097.505,66.595,41.814,0.745311,-0.666704,-0.004045,0.666657,0.745313,-0.008778,0.008867,0.003846,0.999953,0,0.88000,-0.00303,52.800,-0.006,975.000,400.000,-1,350.000,400.000,325.000,300.000,300.000,300.000,-1,700.000,775.000,-1,750.000,700.000,-1,-1,1,0,2,1,1,0,1,0,0,2,0,0,2,0,1,2,2
58,-7919.188,7135.867,68.282,41.759,0.745878,-0.665997,-0.010672,0.665954,0.745953,-0.007681,0.013076,-0.001378,0.999914,0,0.96000,-0.02735,57.600,-0.055,925.000,400.000,-1,375.000,425.000,325.000,325.000,300.000,325.000,-1,600.000,675.000,-1,775.000,775.000,-1,-1,1,0,2,1,1,0,1,0,1,2,0,0,2,0,0,2,2
59,-7874.354,7175.741,70.353,41.649,0.747012,-0.664547,-0.018704,0.664559,0.747208,-0.006443,0.018257,-0.007617,0.999804,0,1.00000,-0.05491,60.000,-0.110,900.000,400.000,-1,400.000,550.000,325.000,325.000,300.000,300.000,-1,475.000,600.000,-1,800.000,825.000,-1,-1,1,0,2,1,1,0,1,0,1,2,0,0,2,0,0,2,2
60,-7829.402,7215.482,72.091,41.480,0.748821,-0.662302,-0.024972,0.662398,0.749133,-0.005408,0.022289,-0.012492,0.999674,0,1.00000,-0.08471,60.000,-0.169,850.000,425.000,-1,425.000,-1,350.000,350.000,300.000,275.000,-1,425.000,550.000,-1,825.000,875.000,1000.000,-1,1,0,2,1,2,0,0,0,1,2,0,0,2,1,0,1,2
61,-7784.291,7255.042,73.502,41.249,0.751351,-0.659243,-0.029514,0.659422,0.751759,-0.004564,0.025197,-0.016033,0.999554,0,1.00000,-0.11551,60.000,-0.231,800.000,425.000,-1,450.000,-1,350.000,350.000,300.000,275.000,-1,375.000,525.000,-1,800.000,925.000,950.000,-1,1,0,2,0,2,0,0,0,1,2,0,0,2,1,0,1,2
62,-7738.977,7294.370,74.675,40.954,0.754652,-0.655353,-0.031818,0.655580,0.755114,-0.004152,0.026748,-0.017726,0.999485,0,1.00000,-0.14717,60.000,-0.294,775.000,425.000,-1,450.000,-1,350.000,350.000,300.000,250.000,-1,375.000,525.000,-1,775.000,950.000,925.000,-1,1,0,2,0,2,0,0,0,1,2,0,0,2,1,0,1,2
63,-7693.417,7333.413,75.471,40.595,0.758720,-0.650607,-0.032471,0.650839,0.759204,-0.004270,0.027430,-0.017894,0.999464,0,1.00000,-0.17951,60.000,-0.359,725.000,425.000,-1,450.000,-1,350.000,350.000,300.000,225.000,-1,400.000,550.000,-1,775.000,950.000,875.000,-1,1,0,2,0,2,0,0,0,1,2,0,0,2,1,0,1,2
64,-7647.570,7372.116,75.957,40.171,0.763551,-0.644974,-0.031592,0.645178,0.764018,-0.004621,0.027117,-0.016854,0.999490,0,1.00000,-0.21231,60.000,-0.425,700.000,425.000,-1,450.000,-1,350.000,350.000,300.000,225.000,-1,425.000,575.000,-1,750.000,950.000,850.000,-1,1,0,2,0,2,0,0,0,1,2,0,0,2,1,0,1,2
65,-7601.421,7410.460,76.125,39.722,0.768652,-0.639001,-0.029179,0.639147,0.769067,-0.005241,0.025790,-0.014621,0.999560,0,1.00000,-0.22408,60.000,-0.448,650.000,425.000,-1,450.000,-1,350.000,350.000,300.000,200.000,-1,475.000,600.000,-1,725.000,925.000,800.000,-1,1,0,2,0,2,0,0,0,1,2,0,0,2,1,0,1,2
66,-7554.964,7448.431,75.973,39.260,0.773899,-0.632805,-0.025252,0.632875,0.774230,-0.006137,0.023434,-0.011232,0.999662,0,1.00000,-0.23106,60.000,-0.462,625.000,425.000,-1,425.000,-1,350.000,350.000,300.000,200.000,-1,575.000,675.000,-1,700.000,900.000,750.000,-1,1,0,2,0,2,0,0,0,1,2,0,0,2,1,0,1,2
67,-7508.360,7486.221,75.415,39.038,0.776494,-0.629826,-0.019400,0.629813,0.776710,-0.007520,0.019804,-0.006379,0.999784,0,1.00000,-0.11106,60.000,-0.222,575.000,400.000,-1,425.000,-1,325.000,325.000,300.000,175.000,-1,700.000,800.000,-1,650.000,850.000,700.000,-1,1,0,2,0,2,0,0,0,1,2,0,0,2,1,0,1,2
68,-7461.821,7523.983,74.420,39.056,0.776445,-0.630081,-0.011465,0.630011,0.776529,-0.009370,0.014807,0.000052,0.999890,0,0.99887,0.00894,59.932,0.018,525.000,400.000,-1,400.000,-1,325.000,325.000,300.000,175.000,-1,950.000,-1,-1,625.000,800.000,625.000,-1,1,0,2,0,2,0,0,0,1,2,0,2,2,1,0,1,2
69,-7416.739,7560.867,76.302,39.288,0.773907,-0.633214,-0.010342,0.633220,0.773966,-0.003165,0.010008,-0.004099,0.999942,0,0.97081,0.11598,58.249,0.232,475.000,400.000,-1,400.000,-1,325.000,325.000,300.000,175.000,-1,-1,-1,-1,600.000,800.000,575.000,-1,1,0,2,0,2,0,0,0,1,2,2,2,2,1,0,1,2
70,-7373.161,7596.815,78.561,39.519,0.771366,-0.636308,-0.010314,0.636369,0.771374,0.004045,0.005382,-0.009684,0.999939,0,0.94152,0.11562,56.491,0.231,425.000,375.000,-1,400.000,-1,325.000,325.000,300.000,200.000,-1,-1,-1,-1,550.000,775.000,500.000,-1,1,0,2,0,2,0,0,0,1,2,2,2,2,1,0,1,2
71,-7331.034,7631.857,80.407,39.753,0.768788,-0.639421,-0.010290,0.639501,0.768732,0.009497,0.001838,-0.013881,0.999902,0,0.91326,0.11697,54.796,0.234,375.000,375.000,-1,400.000,-1,325.000,325.000,300.000,200.000,-1,-1,-1,-1,525.000,775.000,450.000,-1,1,1,2,0,2,0,0,0,1,2,2,2,2,1,0,1,2
72,-7290.281,7666.044,81.865,39.993,0.766131,-0.642603,-0.010216,0.642684,0.766015,0.013324,-0.000736,-0.016774,0.999859,0,0.88656,0.11987,53.194,0.240,350.000,350.000,-1,400.000,-1,300.000,325.000,275.000,225.000,-1,-1,-1,-1,500.000,775.000,400.000,-1,1,1,2,0,2,0,0,0,1,2,2,2,2,1,0,1,2
73,-7250.812,7699.448,82.891,40.241,0.763359,-0.645901,-0.009731,0.645969,0.763205,0.015587,-0.002641,-0.018184,0.999831,0,0.86179,0.12414,51.708,0.248,300.000,350.000,-1,400.000,-1,300.000,325.000,275.000,225.000,-1,-1,-1,-1,475.000,775.000,350.000,-1,1,1,2,0,2,0,0,0,1,2,2,2,2,1,0,1,2
74,-7212.524,7732.149,83.602,40.501,0.760439,-0.649344,-0.009245,0.649399,0.760269,0.016482,-0.003674,-0.018537,0.999821,0,0.83919,0.12964,50.351,0.259,275.000,325.000,-1,400.000,-1,300.000,325.000,275.000,250.000,-1,-1,-1,-1,475.000,775.000,325.000,-1,1,1,2,0,2,0,0,0,1,2,2,2,2,1,0,1,2
75,-7175.317,7764.236,84.018,40.773,0.757343,-0.652959,-0.008742,0.653006,0.757182,0.016105,-0.003897,-0.017905,0.999832,0,0.81886,0.13621,49.132,0.272,250.000,325.000,-1,400.000,-1,300.000,325.000,275.000,250.000,-1,-1,-1,-1,450.000,775.000,275.000,-1,1,1,2,0,2,1,0,0,1,2,2,2,2,1,0,1,2
76,-7139.085,7795.796,85.030,41.060,0.754021,-0.656801,-0.008010,0.656850,0.753956,0.009953,-0.000498,-0.012767,0.999918,0,0.80083,0.14374,48.050,0.287,225.000,300.000,-1,400.000,-1,300.000,325.000,275.000,275.000,-1,-1,-1,-1,450.000,775.000,275.000,-1,1,1,2,0,2,1,0,1,1,2,2,2,2,1,0,1,2
77,-7103.733,7826.923,86.873,41.365,0.750488,-0.660847,-0.006923,0.660844,0.750517,-0.003095,0.007241,-0.002252,0.999971,0,0.78505,0.15210,47.103,0.304,225.000,325.000,-1,425.000,-1,300.000,325.000,275.000,275.000,-1,-1,-1,525.000,475.000,825.000,275.000,-1,1,1,2,0,2,1,0,1,1,2,2,2,1,1,0,1,2
78,-7069.169,7857.707,88.397,41.687,0.746789,-0.665036,-0.005688,0.664881,0.746759,-0.016878,0.015473,0.008822,0.999841,0,0.77141,0.16122,46.285,0.322,250.000,325.000,-1,425.000,-1,300.000,350.000,275.000,300.000,-1,-1,-1,425.000,525.000,875.000,275.000,-1,1,1,2,0,2,1,1,1,1,2,2,2,1,1,0,1,2
79,-7038.230,7885.343,89.476,41.770,0.745928,-0.666011,-0.004494,0.665617,0.745690,-0.029994,0.023327,0.019382,0.999540,0,0.69141,0.04122,41.485,0.082,250.000,325.000,-1,450.000,-1,325.000,350.000,275.000,300.000,-1,-1,-1,375.000,575.000,900.000,300.000,-1,1,1,2,1,2,1,1,1,1,2,2,2,1,1,0,1,2
80,-7005.309,7915.023,90.408,42.030,0.743081,-0.669194,-0.003035,0.668424,0.742430,-0.044798,0.032232,0.031260,0.998991,0,0.73874,0.13030,44.324,0.261,275.000,350.000,-1,450.000,-1,325.000,350.000,275.000,300.000,-1,775.000,575.000,325.000,650.000,950.000,375.000,-1,1,1,2,1,2,1,1,1,0,2,0,0,1,1,0,1,2
81,-6972.695,7944.729,91.336,42.318,0.739975,-0.672633,-0.001461,0.671391,0.738738,-0.059156,0.040869,0.042793,0.998248,0,0.73523,0.14411,44.114,0.288,275.000,375.000,-1,475.000,-1,325.000,375.000,275.000,275.000,-1,500.000,250.000,300.000,-1,1000.000,-1,-1,1,1,2,1,2,1,1,1,0,2,0,1,1,2,0,2,2
82,-6940.382,7974.486,93.377,42.636,0.736442,-0.676500,-0.000151,0.674951,0.734771,-0.067467,0.045753,0.049583,0.997722,0,0.73211,0.15863,43.927,0.317,300.000,375.000,-1,475.000,-1,350.000,375.000,275.000,275.000,-1,450.000,225.000,300.000,-1,-1,-1,-1,1,1,2,1,2,1,1,1,0,2,0,0,1,2,2,2,2
83,-6908.374,8004.323,94.941,42.983,0.732492,-0.680775,0.001081,0.679001,0.730467,-0.073324,0.049128,0.054444,0.997308,0,0.72929,0.17387,43.757,0.348,325.000,400.000,-1,500.000,-1,350.000,375.000,250.000,275.000,-1,400.000,200.000,325.000,-1,-1,-1,-1,1,1,2,0,2,1,1,1,0,2,0,0,1,2,2,2,2
84,-6876.678,8034.262,96.357,43.363,0.728132,-0.685433,0.002348,0.683457,0.725763,-0.078450,0.052068,0.058727,0.996915,0,0.72668,0.18982,43.601,0.380,375.000,400.000,-1,500.000,-1,350.000,400.000,250.000,275.000,-1,375.000,175.000,325.000,-1,-1,-1,-1,1,1,2,0,2,1,1,1,0,2,0,0,1,2,2,2,2
85,-6845.307,8064.326,97.631,43.776,0.723333,-0.690490,0.003648,0.688338,0.720641,-0.082869,0.054591,0.062453,0.996554,0,0.72417,0.20648,43.450,0.413,-1,425.000,-1,500.000,-1,375.000,400.000,250.000,275.000,-1,350.000,150.000,325.000,-1,-1,-1,-1,2,1,2,0,2,1,1,1,0,2,0,0,1,2,2,2,2
86,-6814.279,8094.530,98.731,44.224,0.718071,-0.695952,0.004994,0.693647,0.715071,-0.086766,0.056814,0.065769,0.996216,0,0.72169,0.22387,43.301,0.448,-1,450.000,-1,500.000,-1,375.000,425.000,225.000,275.000,-1,350.000,150.000,350.000,-1,-1,-1,-1,2,1,2,0,2,1,1,1,0,2,0,0,1,2,2,2,2
87,-6783.616,8124.886,99.655,44.708,0.712320,-0.701826,0.006390,0.699389,0.709025,-0.090210,0.058780,0.068728,0.995902,0,0.71912,0.24196,43.147,0.484,-1,475.000,-1,525.000,-1,400.000,425.000,225.000,275.000,-1,325.000,125.000,375.000,-1,-1,-1,-1,2,1,2,0,2,1,0,1,0,2,0,0,1,2,2,2,2
88,-6753.346,8155.402,100.639,45.229,0.706015,-0.708163,0.006946,0.705573,0.702521,-0.092905,0.060912,0.070493,0.995651,0,0.71638,0.26077,42.983,0.522,-1,500.000,-1,525.000,-1,425.000,450.000,200.000,275.000,-1,300.000,125.000,400.000,-1,-1,-1,-1,2,1,2,0,2,1,0,1,0,2,0,0,1,2,2,2,2
89,-6723.501,8186.083,101.620,45.790,0.699132,-0.714959,0.006975,0.712210,0.695517,-0.094940,0.063027,0.071343,0.995459,0,0.71337,0.28027,42.802,0.561,-1,550.000,-1,525.000,-1,450.000,450.000,200.000,275.000,-1,300.000,125.000,400.000,-1,-1,-1,-1,2,1,2,0,2,1,0,1,0,2,0,0,1,2,2,2,2
90,-6887.272,-3607.574,-80.902,54.112,0.578245,-0.809874,-0.098674,0.789798,0.585988,-0.181211,0.204580,0.026852,0.978481,1,0.00000,0.00000,42.601,0.601,-1,350.000,-1,375.000,-1,300.000,300.000,225.000,300.000,575.000,75.000,75.000,500.000,-1,-1,-1,-1,2,1,2,1,2,1,1,1,1,0,0,0,0,2,2,2,2
91,-9506.215,2295.720,-0.466,-0.553,0.999247,0.009644,0.037572,-0.010278,0.999807,0.016716,-0.037403,-0.017090,0.999154,1,0.08000,0.04030,4.800,0.081,700.000,375.000,875.000,400.000,-1,325.000,325.000,300.000,300.000,-1,-1,-1,900.000,525.000,600.000,625.000,-1,1,1,1,1,2,0,0,0,0,2,2,2,1,1,1,1,2
92,-9496.616,2295.641,-0.829,-0.472,0.999266,0.008243,0.037413,-0.008868,0.999823,0.016588,-0.037270,-0.016908,0.999162,0,0.16000,0.04015,9.600,0.080,675.000,375.000,850.000,375.000,-1,325.000,325.000,300.000,300.000,-1,-1,-1,900.000,525.000,600.000,625.000,-1,1,1,1,1,2,0,0,0,0,2,2,2,1,1,1,1,2
93,-9482.216,2295.542,-1.373,-0.392,0.999285,0.006847,0.037175,-0.007460,0.999838,0.016396,-0.037057,-0.016662,0.999174,0,0.24000,0.04000,14.400,0.080,675.000,375.000,850.000,375.000,-1,325.000,325.000,300.000,300.000,-1,-1,-1,900.000,525.000,575.000,600.000,-1,1,1,1,1,2,0,0,0,0,2,2,2,1,1,1,1,2
94,-9463.016,2295.437,-2.099,-0.313,0.999306,0.005456,0.036857,-0.006054,0.999851,0.016140,-0.036764,-0.016351,0.999190,0,0.32000,0.03985,19.200,0.080,650.000,375.000,825.000,375.000,-1,325.000,325.000,300.000,300.000,-1,-1,-1,875.000,500.000,575.000,575.000,-1,1,1,1,1,2,1,1,0,0,2,2,2,1,1,1,1,2
95,-9439.017,2295.339,-3.007,-0.233,0.999327,0.004070,0.036459,-0.004649,0.999864,0.015819,-0.036390,-0.015977,0.999210,0,0.40000,0.03971,24.000,0.079,625.000,350.000,800.000,375.000,-1,300.000,325.000,300.000,300.000,-1,-1,-1,875.000,500.000,550.000,550.000,-1,1,1,1,1,2,1,1,0,0,2,2,2,1,1,1,1,2
96,-9410.217,2295.262,-4.098,-0.154,0.999349,0.002689,0.035980,-0.003246,0.999876,0.015433,-0.035934,-0.015540,0.999233,0,0.48000,0.03956,28.800,0.079,600.000,350.000,775.000,350.000,-1,300.000,300.000,300.000,300.000,-1,-1,-1,875.000,475.000,550.000,525.000,-1,1,1,1,1,2,1,1,0,0,2,2,2,1,1,1,1,2
97,-9376.617,2295.217,-5.371,-0.075,0.999372,0.001313,0.035421,-0.001845,0.999886,0.014982,-0.035397,-0.015038,0.999260,0,0.56000,0.03941,33.600,0.079,550.000,325.000,750.000,350.000,-1,300.000,300.000,300.000,300.000,-1,-1,-1,875.000,450.000,525.000,500.000,-1,1,1,1,1,2,1,1,0,0,2,2,2,1,1,1,1,2
98,-9338.217,2295.219,-6.828,0.003,0.999395,-0.000056,0.034781,-0.000447,0.999895,0.014466,-0.034779,-0.014472,0.999290,0,0.64000,0.03924,38.400,0.078,525.000,325.000,700.000,325.000,-1,275.000,275.000,300.000,300.000,-1,-1,975.000,850.000,425.000,500.000,475.000,-1,1,1,1,1,2,1,1,0,0,2,2,0,1,1,1,1,2
99,-9295.017,2295.281,-8.467,0.081,0.999419,-0.001420,0.034061,0.000947,0.999903,0.013884,-0.034077,-0.013843,0.999323,0,0.72000,0.03906,43.200,0.078,475.000,300.000,675.000,325.000,-1,250.000,275.000,300.000,300.000,-1,-1,925.000,850.000,400.000,475.000,425.000,-1,1,1,1,1,2,1,1,0,0,2,2,0,1,1,1,1,2
100,-9247.017,2295.414,-10.289,0.159,0.999443,-0.002776,0.033259,0.002337,0.999910,0.013235,-0.033292,-0.013150,0.999359,0,0.80000,0.03886,48.000,0.078,425.000,275.000,625.000,300.000,-1,250.000,250.000,300.000,300.000,-1,975.000,875.000,875.000,375.000,450.000,375.000,-1,1,1,1,1,2,1,1,0,0,2,0,0,1,1,1,1,2
101,-9194.218,2295.631,-12.294,0.236,0.999467,-0.004124,0.032375,0.003721,0.999915,0.012521,-0.032424,-0.012394,0.999397,0,0.88000,0.03863,52.800,0.077,375.000,250.000,575.000,275.000,-1,225.000,225.000,300.000,300.000,-1,925.000,800.000,875.000,350.000,425.000,325.000,-1,1,1,1,1,2,1,1,0,0,2,0,0,1,1,1,1,2
102,-9136.620,2295.945,-10.182,0.313,0.999791,-0.005464,0.019725,0.005286,0.999945,0.009059,-0.019774,-0.008953,0.999764,0,0.96000,0.03837,57.600,0.077,350.000,250.000,575.000,275.000,-1,225.000,225.000,325.000,325.000,-1,500.000,425.000,875.000,350.000,425.000,325.000,-1,1,1,1,1,2,1,1,0,0,2,0,0,1,1,1,1,2
103,-9076.621,2296.352,-6.570,0.389,0.999975,-0.006792,0.002199,0.006784,0.999969,0.003924,-0.002225,-0.003909,0.999990,0,1.00000,0.03806,60.000,0.076,400.000,250.000,-1,275.000,-1,225.000,225.000,350.000,325.000,-1,300.000,275.000,850.000,375.000,475.000,350.000,-1,1,1,2,1,2,1,1,0,0,2,0,0,1,1,1,1,2
104,-9016.623,2296.838,-2.949,0.465,0.999849,-0.008108,-0.015350,0.008090,0.999967,-0.001218,0.015359,0.001094,0.999881,0,1.00000,0.03770,60.000,0.075,425.000,250.000,-1,300.000,-1,225.000,225.000,375.000,350.000,-1,250.000,200.000,825.000,375.000,500.000,375.000,-1,1,1,2,1,2,1,1,0,0,2,0,0,1,1,1,1,2
105,8199.141,-8855.081,-116.466,126.926,-0.596827,-0.799257,-0.070611,0.797167,-0.600662,0.061074,-0.091228,-0.019838,0.995632,1,0.00000,0.00000,60.000,0.075,75.000,350.000,-1,475.000,-1,325.000,375.000,175.000,350.000,-1,150.000,25.000,250.000,850.000,850.000,150.000,-1,1,1,2,0,2,1,1,1,1,2,1,1,1,0,0,1,2
106,7543.129,8855.183,6.922,47.847,0.677167,-0.735280,0.028417,0.729373,0.665620,-0.158007,0.097265,0.127723,0.987029,1,0.00000,0.00000,4.800,-0.240,300.000,250.000,-1,300.000,-1,225.000,250.000,225.000,200.000,-1,175.000,75.000,400.000,375.000,500.000,275.000,-1,1,1,2,1,2,1,1,1,1,2,0,0,1,1,1,1,2
107,5575.425,-9511.018,-175.178,-78.070,0.207171,0.978242,0.011032,-0.977798,0.206688,0.034523,0.031491,-0.017939,0.999343,1,0.00000,0.00000,4.800,0.240,-1,400.000,-1,425.000,-1,325.000,325.000,300.000,300.000,-1,-1,-1,-1,800.000,900.000,-1,-1,2,0,2,0,2,0,0,0,0,2,2,2,2,0,0,2,2
108,5576.397,-9515.718,-175.037,-78.310,0.203066,0.979103,0.010984,-0.978662,0.202589,0.034318,0.031376,-0.017718,0.999351,0,0.08000,-0.12000,4.800,-0.240,-1,400.000,-1,425.000,-1,325.000,325.000,300.000,300.000,-1,-1,-1,-1,800.000,900.000,-1,-1,2,0,2,0,2,0,0,0,0,2,2,2,2,0,0,2,2
109,5578.263,-9525.135,-174.754,-78.790,0.194844,0.980774,0.010882,-0.980340,0.194381,0.033905,0.031138,-0.017274,0.999366,0,0.16000,-0.24000,9.600,-0.480,-1,400.000,-1,425.000,-1,325.000,325.000,300.000,300.000,-1,-1,-1,-1,800.000,900.000,-1,-1,2,0,2,0,2,0,0,0,0,2,2,2,2,0,0,2,2
110,5580.885,-9539.295,-174.322,-79.510,0.182485,0.983150,0.010715,-0.982727,0.182044,0.033276,0.030764,-0.016602,0.999389,0,0.24000,-0.36000,14.400,-0.720,-1,400.000,-1,425.000,-1,325.000,325.000,275.000,300.000,-1,-1,-1,-1,800.000,900.000,-1,-1,2,0,2,0,2,0,0,0,0,2,2,2,2,0,0,2,2
111,5584.109,-9558.222,-173.734,-80.333,0.168322,0.985677,0.010461,-0.985269,0.167908,0.032419,0.030199,-0.015764,0.999420,0,0.32000,-0.41143,19.200,-0.823,-1,400.000,-1,425.000,-1,325.000,325.000,275.000,300.000,-1,-1,-1,-1,800.000,900.000,-1,-1,2,0,2,0,2,0,0,0,0,2,2,2,2,0,0,2,2
112,5587.800,-9581.936,-172.982,-81.153,0.154157,0.987995,0.010103,-0.987609,0.153777,0.031330,0.029400,-0.014807,0.999458,0,0.40000,-0.41030,24.000,-0.821,-1,400.000,-1,425.000,-1,325.000,325.000,275.000,300.000,-1,-1,-1,-1,800.000,875.000,-1,-1,2,0,2,0,2,0,0,0,0,2,2,2,2,0,0,2,2
113,5591.822,-9610.454,-172.063,-81.972,0.139994,0.990105,0.009631,-0.989746,0.139652,0.030000,0.028359,-0.013732,0.999503,0,0.48000,-0.40919,28.800,-0.818,-1,400.000,-1,425.000,-1,325.000,325.000,275.000,300.000,-1,-1,-1,-1,800.000,875.000,-1,-1,2,0,2,0,2,0,0,0,0,2,2,2,2,0,0,2,2
114,5596.040,-9643.788,-170.973,-82.788,0.125830,0.992011,0.009035,-0.991683,0.125529,0.028427,0.027066,-0.012536,0.999555,0,0.56000,-0.40828,33.600,-0.817,-1,400.000,-1,425.000,-1,325.000,325.000,300.000,300.000,-1,-1,-1,-1,800.000,875.000,-1,-1,2,0,2,0,2,0,0,0,0,2,2,2,2,0,0,2,2
115,5600.318,-9681.949,-169.707,-83.604,0.111654,0.993712,0.008305,-0.993420,0.111399,0.026605,0.025512,-0.011221,0.999612,0,0.64000,-0.40776,38.400,-0.816,-1,400.000,-1,425.000,-1,325.000,325.000,300.000,300.000,-1,-1,-1,-1,800.000,850.000,-1,-1,2,0,2,0,2,0,0,0,0,2,2,2,2,0,1,2,2
116,5604.519,-9724.944,-168.262,-84.419,0.097451,0.995213,0.007432,-0.994958,0.097243,0.024530,0.023690,-0.009785,0.999671,0,0.72000,-0.40785,43.200,-0.816,-1,400.000,-1,425.000,-1,325.000,325.000,300.000,300.000,-1,-1,-1,-1,800.000,850.000,-1,-1,2,0,2,0,2,0,0,0,0,2,2,2,2,0,1,2,2
117,5608.505,-9772.778,-166.635,-85.237,0.083194,0.996513,0.006408,-0.996299,0.083033,0.022202,0.021592,-0.008231,0.999733,0,0.80000,-0.40879,48.000,-0.818,-1,400.000,-1,425.000,-1,325.000,325.000,300.000,300.000,-1,-1,-1,-1,800.000,800.000,-1,-1,2,0,2,0,2,0,0,0,0,2,2,2,2,0,1,2,2
118,5612.134,-9825.453,-164.911,-86.059,0.068845,0.997615,0.004890,-0.997437,0.068735,0.019847,0.019463,-0.006244,0.999791,0,0.88000,-0.41083,52.800,-0.822,-1,400.000,-1,425.000,1000.000,325.000,325.000,300.000,300.000,-1,-1,-1,-1,800.000,775.000,-1,-1,2,0,2,0,1,0,0,0,0,2,2,2,2,0,1,2,2
119,5614.971,-9873.770,-164.009,-86.640,0.058675,0.998272,0.003239,-0.998109,0.058605,0.018539,0.018317,-0.004321,0.999823,0,0.80667,-0.29083,48.400,-0.582,-1,400.000,-1,400.000,950.000,325.000,325.000,300.000,300.000,-1,-1,-1,-1,800.000,750.000,-1,975.000,2,0,2,0,1,0,0,0,0,2,2,2,2,0,1,2,1
120,5617.483,-9921.413,-163.464,-86.982,0.052711,0.998605,0.002970,-0.998460,0.052651,0.017476,0.017295,-0.003887,0.999843,0,0.79515,-0.17083,47.709,-0.342,-1,400.000,-1,400.000,900.000,325.000,325.000,300.000,300.000,-1,-1,-1,-1,800.000,725.000,-1,925.000,2,0,2,0,1,0,0,0,0,2,2,2,2,0,1,2,1
121,5619.881,-9968.483,-162.922,-87.084,0.050930,0.998699,0.002658,-0.998570,0.050879,0.016417,0.016260,-0.003490,0.999862,0,0.78551,-0.05083,47.131,-0.102,-1,400.000,-1,400.000,850.000,325.000,325.000,300.000,300.000,-1,-1,-1,-1,775.000,700.000,-1,875.000,2,0,2,0,1,0,0,0,0,2,2,2,2,0,1,2,1
122,5622.367,-10015.077,-162.382,-86.945,0.053332,0.998574,0.002314,-0.998461,0.053291,0.015362,0.015217,-0.003129,0.999879,0,0.77768,0.06917,46.661,0.138,-1,400.000,-1,400.000,800.000,325.000,325.000,300.000,300.000,-1,-1,-1,-1,775.000,700.000,-1,850.000,2,0,2,0,1,0,0,0,0,2,2,2,2,0,1,2,1
123,5625.140,-10061.289,-161.845,-86.567,0.059917,0.998201,0.001946,-0.998103,0.059883,0.014309,0.014166,-0.002799,0.999896,0,0.77158,0.18917,46.295,0.378,-1,400.000,-1,400.000,775.000,325.000,325.000,300.000,300.000,-1,-1,-1,-1,775.000,675.000,-1,800.000,2,0,2,0,1,0,0,0,0,2,2,2,2,0,1,2,1
124,5628.392,-10107.200,-161.313,-85.949,0.070679,0.997498,0.001562,-0.997413,0.070652,0.013255,0.013111,-0.002495,0.999911,0,0.76710,0.30917,46.026,0.618,-1,400.000,-1,400.000,725.000,325.000,325.000,300.000,300.000,-1,-1,-1,-1,775.000,650.000,-1,750.000,2,0,2,0,1,0,0,0,0,2,2,2,2,0,1,2,1
125,5632.315,-10152.879,-160.785,-85.090,0.085608,0.996328,0.001171,-0.996256,0.085587,0.012196,0.012051,-0.002211,0.999925,0,0.76412,0.42917,45.847,0.858,-1,400.000,-1,400.000,675.000,325.000,325.000,300.000,300.000,-1,-1,-1,-1,750.000,650.000,-1,725.000,2,0,2,1,1,0,0,0,0,2,2,2,2,0,1,2,1
126,5637.104,-10198.378,-160.262,-83.992,0.104685,0.994505,0.000781,-0.994445,0.104669,0.011128,0.010986,-0.001941,0.999938,0,0.76250,0.54917,45.750,1.098,-1,400.000,-1,400.000,625.000,325.000,325.000,300.000,300.000,-1,-1,-1,-1,750.000,650.000,-1,700.000,2,0,2,1,1,0,0,0,0,2,2,2,2,0,1,2,1
127,5642.951,-10243.730,-159.744,-82.654,0.127879,0.991790,0.000397,-0.991740,0.127869,0.010047,0.009914,-0.001679,0.999949,0,0.76213,0.66917,45.728,1.338,-1,400.000,-1,400.000,575.000,325.000,325.000,300.000,300.000,-1,-1,-1,-1,750.000,650.000,-1,675.000,2,0,2,1,1,0,0,0,0,2,2,2,2,0,1,2,1
128,5650.390,-10293.708,-159.178,-81.534,0.147223,0.989103,-0.000010,-0.989065,0.147217,0.008851,0.008756,-0.001294,0.999961,0,0.84213,0.55961,50.528,1.119,-1,400.000,-1,400.000,550.000,325.000,325.000,300.000,300.000,-1,-1,-1,-1,725.000,650.000,-1,675.000,2,0,2,1,1,0,0,0,0,2,2,2,2,0,1,2,1
129,5659.186,-10345.944,-158.589,-80.441,0.166060,0.986116,-0.000426,-0.986087,0.166059,0.007584,0.007550,-0.000840,0.999971,0,0.88286,0.54652,52.972,1.093,-1,400.000,-1,400.000,525.000,325.000,325.000,300.000,300.000,-1,-1,-1,-1,725.000,675.000,-1,650.000,2,0,2,1,1,0,0,0,0,2,2,2,2,0,1,2,1
130,5668.958,-10398.042,-158.002,-79.377,0.184348,0.982861,-0.000832,-0.982840,0.184350,0.006299,0.006344,-0.000343,0.999980,0,0.88345,0.53225,53.007,1.065,-1,375.000,-1,400.000,475.000,325.000,325.000,300.000,300.000,-1,-1,-1,-1,725.000,700.000,-1,675.000,2,0,2,0,1,0,0,0,0,2,2,2,2,0,1,2,1
131,5679.669,-10449.956,-157.475,-78.342,0.202062,0.979372,-0.001477,-0.979358,0.202067,0.005119,0.005312,0.000412,0.999986,0,0.88345,0.51731,53.007,1.035,-1,375.000,-1,400.000,450.000,325.000,325.000,300.000,300.000,-1,-1,-1,-1,725.000,725.000,-1,700.000,2,0,2,0,1,0,0,0,0,2,2,2,2,0,1,2,1
132,5691.279,-10501.636,-156.540,-77.339,0.219186,0.975683,-0.001036,-0.975663,0.219188,0.006118,0.006196,-0.000330,0.999981,0,0.88280,0.50174,52.968,1.003,-1,375.000,-1,400.000,450.000,325.000,325.000,300.000,300.000,-1,-1,-1,-1,725.000,700.000,-1,725.000,2,0,2,0,1,0,0,0,0,2,2,2,2,0,1,2,1
133,5703.745,-10553.035,-155.898,-76.368,0.235690,0.971828,-0.001224,-0.971807,0.235693,0.006399,0.006507,-0.000319,0.999979,0,0.88149,0.48557,52.889,0.971,-1,375.000,-1,400.000,450.000,325.000,325.000,300.000,300.000,-1,-1,-1,-1,725.000,675.000,-1,700.000,2,0,2,0,1,0,0,0,0,2,2,2,2,0,1,2,1
