timestep,x_cm,y_cm,z_cm,yaw_deg,basis_xx,basis_xy,basis_xz,basis_yx,basis_yy,basis_yz,basis_zx,basis_zy,basis_zz,teleport_flag,throttle_cmd,steering_cmd,cmd_move_cm,cmd_turn_deg,lidar_cm_0,lidar_cm_1,lidar_cm_2,lidar_cm_3,lidar_cm_4,lidar_cm_5,lidar_cm_6,lidar_cm_7,lidar_cm_8,lidar_cm_9,lidar_cm_10,lidar_cm_11,lidar_cm_12,lidar_cm_13,lidar_cm_14,lidar_cm_15,lidar_cm_16,lidar_class_0,lidar_class_1,lidar_class_2,lidar_class_3,lidar_class_4,lidar_class_5,lidar_class_6,lidar_class_7,lidar_class_8,lidar_class_9,lidar_class_10,lidar_class_11,lidar_class_12,lidar_class_13,lidar_class_14,lidar_class_15,lidar_class_16
0,4268.305,5574.700,-214.445,-8.908,0.987727,0.154630,0.022038,-0.155566,0.986549,0.050206,-0.013978,-0.053018,0.998496,1,0.08000,0.12000,4.800,0.240,-1,425.000,-1,400.000,-1,325.000,325.000,300.000,300.000,-1,-1,-1,-1,900.000,775.000,-1,-1,2,0,2,0,2,0,0,0,0,2,2,2,2,0,0,2,2
1,4277.798,5573.272,-214.575,-8.551,0.988662,0.148488,0.022319,-0.149447,0.987489,0.050319,-0.014568,-0.053084,0.998484,0,0.16000,0.17826,9.600,0.357,-1,425.000,-1,400.000,-1,325.000,325.000,300.000,300.000,-1,-1,-1,-1,900.000,775.000,-1,-1,2,0,2,0,2,0,0,0,0,2,2,2,2,0,0,2,2
2,4292.051,5571.220,-214.771,-8.195,0.989556,0.142339,0.022752,-0.143332,0.988386,0.050495,-0.015301,-0.053229,0.998465,0,0.24000,0.17826,14.400,0.357,-1,425.000,-1,400.000,-1,325.000,325.000,300.000,300.000,-1,-1,-1,-1,900.000,775.000,-1,-1,2,0,2,0,2,0,0,0,0,2,2,2,2,0,0,2,2
3,4311.071,5568.602,-215.037,-7.838,0.990409,0.136184,0.023338,-0.137219,0.989240,0.050740,-0.016177,-0.053456,0.998439,0,0.32000,0.17826,19.200,0.357,-1,425.000,-1,400.000,-1,325.000,325.000,300.000,300.000,-1,-1,-1,-1,900.000,775.000,-1,-1,2,0,2,0,2,0,0,0,0,2,2,2,2,0,0,2,2
4,4334.867,5565.477,-215.373,-7.482,0.991219,0.130024,0.024076,-0.131111,0.990052,0.051056,-0.017198,-0.053764,0.998406,0,0.40000,0.17826,24.000,0.357,-1,425.000,-1,400.000,-1,325.000,325.000,300.000,300.000,-1,-1,-1,-1,900.000,775.000,-1,-1,2,0,2,0,2,0,0,0,0,2,2,2,2,0,0,2,2
5,4363.445,5561.905,-215.782,-7.125,0.991986,0.123858,0.024964,-0.125007,0.990821,0.051448,-0.018363,-0.054156,0.998364,0,0.48000,0.17826,28.800,0.357,-1,425.000,-1,400.000,-1,325.000,325.000,300.000,300.000,-1,-1,-1,-1,900.000,775.000,-1,-1,2,0,2,0,2,0,0,0,0,2,2,2,2,0,0,2,2
6,4396.810,5557.945,-216.267,-6.769,0.992710,0.117687,0.026001,-0.118909,0.991547,0.051921,-0.019671,-0.054634,0.998313,0,0.56000,0.17826,33.600,0.357,-1,425.000,-1,400.000,-1,325.000,325.000,300.000,300.000,-1,-1,-1,-1,900.000,775.000,-1,-1,2,0,2,0,2,0,0,0,0,2,2,2,2,0,0,2,2
7,4434.970,5553.657,-216.829,-6.412,0.993391,0.111512,0.027185,-0.112817,0.992229,0.052479,-0.021122,-0.055199,0.998252,0,0.64000,0.17826,38.400,0.357,-1,425.000,-1,400.000,-1,325.000,325.000,300.000,300.000,-1,-1,-1,-1,900.000,775.000,-1,-1,2,0,2,0,2,0,0,0,0,2,2,2,2,0,0,2,2
8,4477.929,5549.101,-217.470,-6.056,0.994028,0.105331,0.028516,-0.106732,0.992867,0.053126,-0.022716,-0.055853,0.998181,0,0.72000,0.17826,43.200,0.357,-1,425.000,-1,400.000,-1,325.000,325.000,300.000,300.000,-1,-1,-1,-1,900.000,775.000,-1,-1,2,0,2,0,2,0,0,0,0,2,2,2,2,0,0,2,2
9,4525.692,5544.335,-218.192,-5.699,0.994621,0.099147,0.029990,-0.100656,0.993462,0.053868,-0.024453,-0.056597,0.998098,0,0.80000,0.17826,48.000,0.357,-1,425.000,-1,400.000,-1,325.000,325.000,300.000,300.000,-1,-1,-1,-1,875.000,775.000,-1,-1,2,0,2,0,2,0,0,0,0,2,2,2,2,0,0,2,2
10,4578.263,5539.420,-219.166,-5.343,0.995177,0.092955,0.031325,-0.094587,0.993973,0.055415,-0.025985,-0.058111,0.997972,0,0.88000,0.17826,52.800,0.357,-1,425.000,-1,400.000,-1,350.000,325.000,300.000,300.000,-1,-1,-1,-1,875.000,775.000,-1,-1,2,0,2,0,2,0,0,0,0,2,2,2,2,0,0,2,2
11,4632.328,5534.705,-220.773,-4.986,0.995696,0.086757,0.032586,-0.088534,0.994396,0.057776,-0.027391,-0.060413,0.997798,0,0.90450,0.17826,54.270,0.357,-1,425.000,-1,400.000,-1,350.000,325.000,300.000,300.000,-1,-1,-1,-1,875.000,775.000,-1,-1,2,0,2,0,2,0,0,0,0,2,2,2,2,0,0,2,2
12,4686.421,5530.326,-222.740,-4.630,0.996167,0.080562,0.034081,-0.082469,0.994855,0.058848,-0.029164,-0.061433,0.997685,0,0.90450,0.17826,54.270,0.357,-1,425.000,-1,400.000,-1,350.000,325.000,300.000,300.000,-1,-1,-1,-1,850.000,750.000,-1,-1,2,0,2,0,2,0,0,0,0,2,2,2,2,0,0,2,2
13,4740.540,5526.283,-224.717,-4.273,0.996596,0.074365,0.035593,-0.076408,0.995272,0.059964,-0.030966,-0.062479,0.997566,0,0.90450,0.17826,54.270,0.357,-1,425.000,-1,400.000,-1,325.000,325.000,300.000,300.000,-1,-1,-1,-1,850.000,750.000,-1,-1,2,0,2,0,2,0,0,0,0,2,2,2,2,0,0,2,2
14,4789.881,5522.699,-226.510,-4.157,0.996694,0.072336,0.036988,-0.074504,0.995350,0.061058,-0.032399,-0.063612,0.997449,0,0.82450,0.05826,49.470,0.117,-1,425.000,-1,400.000,-1,325.000,325.000,300.000,300.000,-1,-1,-1,-1,825.000,750.000,-1,-1,2,0,2,0,2,0,0,0,0,2,2,2,2,0,0,2,2
15,4834.427,5519.366,-228.112,-4.280,0.996489,0.074475,0.038256,-0.076756,0.995114,0.062102,-0.033444,-0.064821,0.997336,0,0.74450,-0.06174,44.670,-0.123,-1,425.000,-1,400.000,-1,325.000,325.000,300.000,300.000,-1,-1,-1,-1,825.000,750.000,-1,-1,2,0,2,0,2,0,0,0,0,2,2,2,2,0,0,2,2
16,4874.166,5516.140,-229.514,-4.644,0.995953,0.080779,0.039393,-0.083159,0.994538,0.063073,-0.034083,-0.066094,0.997231,0,0.66450,-0.18174,39.870,-0.363,-1,425.000,-1,400.000,-1,325.000,325.000,300.000,300.000,-1,-1,-1,-1,825.000,725.000,-1,-1,2,0,2,0,2,0,0,0,0,2,2,2,2,0,0,2,2
17,4909.090,5512.934,-230.714,-5.247,0.995009,0.091242,0.040397,-0.093704,0.993544,0.063952,-0.034301,-0.067418,0.997135,0,0.58450,-0.30174,35.070,-0.603,-1,400.000,-1,400.000,-1,325.000,325.000,300.000,300.000,-1,-1,-1,-1,800.000,725.000,-1,-1,2,0,2,0,2,0,0,0,0,2,2,2,2,0,0,2,2
18,4939.190,5509.723,-231.709,-6.090,0.993526,0.105848,0.041268,-0.108374,0.992001,0.064725,-0.034087,-0.068778,0.997049,0,0.50450,-0.42174,30.270,-0.843,-1,400.000,-1,400.000,-1,325.000,325.000,300.000,300.000,-1,-1,-1,-1,800.000,725.000,-1,-1,2,0,2,0,2,0,0,0,0,2,2,2,2,0,0,2,2
19,4964.462,5506.543,-232.505,-7.174,0.991321,0.124575,0.042009,-0.127145,0.989727,0.065382,-0.033432,-0.070155,0.996976,0,0.42450,-0.54174,25.470,-1.083,-1,400.000,-1,375.000,-1,325.000,325.000,300.000,300.000,-1,-1,-1,-1,800.000,725.000,-1,-1,2,0,2,0,2,0,0,0,0,2,2,2,2,0,0,2,2
20,4984.906,5503.490,-233.106,-8.497,0.988160,0.147387,0.042623,-0.149980,0.986489,0.065915,-0.032332,-0.071527,0.996915,0,0.34450,-0.66174,20.670,-1.323,-1,400.000,-1,375.000,-1,325.000,325.000,300.000,300.000,-1,-1,-1,-1,775.000,700.000,-1,-1,2,0,2,0,2,0,0,0,0,2,2,2,2,0,0,2,2
21,5000.534,5500.718,-233.525,-10.061,0.983760,0.174230,0.043117,-0.176826,0.982005,0.066321,-0.030786,-0.072868,0.996866,0,0.26450,-0.78174,15.870,-1.563,-1,400.000,-1,375.000,-1,325.000,325.000,300.000,300.000,-1,-1,-1,-1,775.000,700.000,-1,-1,2,0,2,0,2,0,0,0,0,2,2,2,2,0,0,2,2
22,5011.369,5498.443,-233.776,-11.864,0.977789,0.205030,0.043498,-0.207605,0.975943,0.066598,-0.028797,-0.074150,0.996831,0,0.18450,-0.90174,11.070,-1.803,-1,400.000,-1,375.000,-1,325.000,325.000,300.000,300.000,-1,-1,-1,-1,775.000,700.000,-1,-1,2,0,2,0,2,0,0,0,0,2,2,2,2,0,0,2,2
23,5017.458,5496.941,-233.881,-13.864,0.970046,0.238944,0.043773,-0.241478,0.968108,0.066749,-0.026428,-0.075320,0.996809,0,0.10450,-1.00000,6.270,-2.000,-1,400.000,-1,375.000,-1,325.000,325.000,300.000,300.000,-1,-1,-1,-1,775.000,700.000,-1,-1,2,0,2,0,2,0,0,0,0,2,2,2,2,0,0,2,2
24,5018.873,5496.539,-233.867,-15.864,0.961133,0.272565,0.043942,-0.275044,0.959110,0.066779,-0.023943,-0.076270,0.996800,0,0.02450,-1.00000,1.470,-2.000,-1,400.000,-1,375.000,-1,325.000,325.000,300.000,300.000,-1,-1,-1,-1,750.000,700.000,-1,-1,2,0,2,0,2,0,0,0,0,2,2,2,2,0,0,2,2
25,5015.705,5497.560,-233.758,-17.864,0.951061,0.305854,0.044014,-0.308265,0.948959,0.066699,-0.021367,-0.077003,0.996802,0,-0.05550,-1.00000,-3.330,-2.000,-1,400.000,-1,375.000,-1,325.000,325.000,300.000,300.000,-1,-1,-1,-1,750.000,700.000,-1,-1,2,0,2,0,2,0,0,0,0,2,2,2,2,0,0,2,2
26,5017.091,5497.067,-233.739,-19.624,0.941240,0.334837,0.044181,-0.337196,0.939068,0.066714,-0.019150,-0.077691,0.996794,0,0.02450,-0.88000,1.470,-1.760,-1,400.000,-1,375.000,-1,325.000,325.000,300.000,300.000,-1,-1,-1,-1,750.000,700.000,-1,-1,2,0,2,0,2,0,0,0,0,2,2,2,2,0,0,2,2
27,5022.941,5494.805,-233.792,-21.144,0.932044,0.359610,0.044429,-0.361932,0.929807,0.066818,-0.017282,-0.078357,0.996776,0,0.10450,-0.76000,6.270,-1.520,-1,400.000,-1,375.000,-1,325.000,325.000,300.000,300.000,-1,-1,-1,-1,750.000,700.000,-1,-1,2,0,2,0,2,0,0,0,0,2,2,2,2,0,0,2,2
28,5033.175,5490.582,-233.901,-22.424,0.923792,0.380271,0.044748,-0.382570,0.921493,0.067010,-0.015753,-0.079022,0.996748,0,0.18450,-0.64000,11.070,-1.280,-1,400.000,-1,375.000,-1,325.000,325.000,300.000,300.000,-1,-1,-1,-1,750.000,700.000,-1,-1,2,0,2,0,2,0,0,0,0,2,2,2,2,0,0,2,2
29,5047.734,5484.263,-234.052,-23.464,0.916746,0.396912,0.045136,-0.399204,0.914389,0.067295,-0.014562,-0.079710,0.996712,0,0.26450,-0.52000,15.870,-1.040,-1,400.000,-1,375.000,-1,325.000,300.000,300.000,300.000,-1,-1,-1,-1,725.000,700.000,-1,-1,2,0,2,0,2,0,0,0,0,2,2,2,2,0,0,2,2
30,5066.579,5475.769,-234.236,-24.264,0.911118,0.409616,0.045591,-0.411917,0.908704,0.067681,-0.013706,-0.080445,0.996665,0,0.34450,-0.40000,20.670,-0.800,-1,400.000,-1,375.000,-1,325.000,300.000,300.000,300.000,-1,-1,-1,-1,725.000,700.000,-1,-1,2,0,2,0,2,0,0,0,0,2,2,2,2,0,0,2,2
31,5089.696,5465.076,-234.437,-24.824,0.907070,0.418451,0.046080,-0.420775,0.904601,0.068161,-0.013162,-0.081216,0.996610,0,0.42450,-0.28000,25.470,-0.560,-1,375.000,-1,375.000,-1,325.000,300.000,300.000,300.000,-1,-1,-1,-1,725.000,700.000,-1,-1,2,0,2,0,2,0,0,0,0,2,2,2,2,0,0,2,2
32,5117.091,5452.199,-234.690,-25.177,0.904495,0.423971,0.046235,-0.426304,0.901936,0.069115,-0.012398,-0.082224,0.996537,0,0.50450,-0.17616,30.270,-0.352,-1,375.000,-1,375.000,-1,325.000,300.000,300.000,300.000,-1,-1,-1,-1,725.000,700.000,-1,-1,2,0,2,0,2,0,0,0,0,2,2,2,2,0,0,2,2
33,5148.738,5437.086,-234.978,-25.529,0.901892,0.429462,0.046398,-0.431808,0.899214,0.070401,-0.011487,-0.083529,0.996439,0,0.58450,-0.17616,35.070,-0.352,-1,375.000,-1,375.000,-1,300.000,300.000,300.000,300.000,-1,-1,-1,-1,725.000,700.000,-1,-1,2,0,2,0,2,0,0,0,0,2,2,2,2,0,0,2,2
34,5184.610,5419.683,-235.191,-25.881,0.899269,0.434938,0.046315,-0.437275,0.896463,0.071730,-0.010322,-0.084757,0.996348,0,0.66450,-0.17616,39.870,-0.352,-1,375.000,-1,375.000,-1,300.000,300.000,300.000,300.000,-1,-1,-1,-1,725.000,725.000,-1,-1,2,0,2,0,2,0,0,0,0,2,2,2,2,0,0,2,2
35,5224.680,5399.938,-235.308,-26.234,0.896624,0.440398,0.045985,-0.442703,0.893683,0.073107,-0.008900,-0.085907,0.996263,0,0.74450,-0.17616,44.670,-0.352,-1,375.000,-1,375.000,-1,300.000,300.000,300.000,300.000,-1,-1,-1,-1,700.000,725.000,-1,-1,2,0,2,0,2,0,0,0,0,2,2,2,2,0,0,2,2
36,5268.920,5377.799,-235.369,-26.586,0.893948,0.445834,0.045701,-0.448108,0.890855,0.074672,-0.007422,-0.087232,0.996160,0,0.82450,-0.17616,49.470,-0.352,-1,375.000,-1,375.000,-1,300.000,300.000,300.000,300.000,-1,-1,-1,-1,700.000,725.000,-1,-1,2,0,2,0,2,0,0,0,0,2,2,2,2,0,0,2,2
37,5315.604,5354.077,-235.356,-26.938,0.891240,0.451244,0.045494,-0.453493,0.887982,0.076373,-0.005935,-0.088697,0.996041,0,0.87274,-0.17616,52.364,-0.352,-1,375.000,-1,375.000,-1,300.000,300.000,300.000,325.000,-1,-1,-1,-1,700.000,725.000,-1,-1,2,0,2,0,2,0,0,0,0,2,2,2,2,0,0,2,2
38,5362.140,5330.068,-235.533,-27.291,0.888534,0.456673,0.044230,-0.458795,0.885146,0.077607,-0.003709,-0.089249,0.996002,0,0.87274,-0.17616,52.364,-0.352,-1,375.000,-1,375.000,-1,300.000,300.000,300.000,325.000,-1,-1,-1,-1,700.000,750.000,-1,-1,2,0,2,0,2,0,0,0,0,2,2,2,2,0,0,2,2
39,5408.528,5305.773,-235.630,-27.643,0.885795,0.462082,0.042982,-0.464074,0.882272,0.078933,-0.001448,-0.089865,0.995953,0,0.87274,-0.17616,52.364,-0.352,-1,375.000,-1,375.000,-1,300.000,300.000,300.000,325.000,-1,-1,-1,-1,700.000,750.000,-1,-1,2,0,2,0,2,0,0,0,0,2,2,2,2,0,0,2,2
40,5454.765,5281.194,-235.662,-27.995,0.883021,0.467472,0.041771,-0.469334,0.879365,0.080273,0.000793,-0.090487,0.995897,0,0.87274,-0.17616,52.364,-0.352,-1,375.000,-1,400.000,-1,300.000,300.000,300.000,325.000,-1,875.000,-1,-1,700.000,775.000,-1,-1,2,0,2,0,2,0,0,0,0,2,0,2,2,0,0,2,2
41,5500.850,5256.330,-235.803,-28.347,0.880189,0.472871,0.040748,-0.474617,0.876475,0.080812,0.002499,-0.090470,0.995896,0,0.87274,-0.17616,52.364,-0.352,-1,375.000,-1,400.000,-1,300.000,300.000,300.000,325.000,-1,775.000,-1,-1,675.000,775.000,-1,-1,2,0,2,0,2,0,0,0,0,2,0,2,2,0,0,2,2
42,5546.782,5231.183,-235.880,-28.700,0.877322,0.478252,0.039755,-0.479883,0.873552,0.081358,0.004182,-0.090456,0.995892,0,0.87274,-0.17616,52.364,-0.352,-1,375.000,-1,400.000,-1,300.000,300.000,300.000,325.000,-1,700.000,975.000,-1,675.000,775.000,-1,-1,2,0,2,0,2,0,0,0,0,2,0,0,2,0,0,2,2
43,5592.558,5205.754,-235.892,-29.052,0.874421,0.483615,0.038792,-0.485133,0.870596,0.081911,0.005841,-0.090444,0.995884,0,0.87274,-0.17616,52.364,-0.352,-1,375.000,-1,400.000,-1,300.000,325.000,300.000,325.000,-1,650.000,875.000,-1,675.000,775.000,-1,-1,2,0,2,0,2,0,0,0,0,2,0,0,2,0,0,2,2
44,5638.176,5180.044,-235.823,-29.404,0.871483,0.488962,0.037871,-0.490370,0.867611,0.082395,0.007431,-0.090377,0.995880,0,0.87274,-0.17616,52.364,-0.352,-1,375.000,-1,400.000,-1,300.000,325.000,300.000,325.000,-1,600.000,825.000,-1,675.000,775.000,-1,-1,2,0,2,0,2,0,0,0,0,2,0,0,2,0,0,2,2
45,5683.636,5154.053,-235.583,-29.757,0.868496,0.494309,0.037065,-0.495621,0.864626,0.082352,0.008660,-0.089893,0.995914,0,0.87274,-0.17616,52.364,-0.352,-1,375.000,-1,400.000,-1,300.000,325.000,300.000,325.000,-1,600.000,800.000,-1,650.000,775.000,-1,-1,2,0,2,0,2,0,0,0,0,2,0,0,2,0,0,2,2
46,5728.935,5127.784,-235.234,-30.109,0.865468,0.499646,0.036316,-0.500869,0.861621,0.082097,0.009729,-0.089242,0.995963,0,0.87274,-0.17616,52.364,-0.352,-1,375.000,-1,400.000,-1,300.000,325.000,300.000,325.000,-1,625.000,800.000,-1,650.000,750.000,-1,-1,2,0,2,0,2,0,0,0,0,2,0,0,2,0,0,2,2
47,5774.071,5101.236,-234.702,-30.461,0.862391,0.504985,0.035675,-0.506137,0.858618,0.081250,0.010399,-0.088126,0.996055,0,0.87274,-0.17616,52.364,-0.352,-1,375.000,-1,400.000,-1,300.000,325.000,300.000,325.000,-1,675.000,825.000,-1,650.000,750.000,-1,-1,2,0,2,0,2,0,0,0,0,2,0,0,2,0,0,2,2
48,5819.043,5074.411,-234.075,-30.814,0.859283,0.510310,0.034886,-0.511379,0.855588,0.080376,0.011168,-0.086906,0.996154,0,0.87274,-0.17616,52.364,-0.352,-1,350.000,-1,400.000,-1,300.000,325.000,325.000,325.000,-1,725.000,850.000,-1,650.000,750.000,-1,-1,2,0,2,0,2,0,0,0,0,2,0,0,2,0,0,2,2
49,5863.849,5047.309,-233.136,-31.166,0.856162,0.515660,0.032877,-0.516549,0.852597,0.079086,0.012751,-0.084693,0.996326,0,0.87274,-0.17616,52.364,-0.352,-1,375.000,-1,400.000,-1,300.000,325.000,325.000,325.000,-1,750.000,825.000,-1,650.000,750.000,-1,-1,2,0,2,0,2,0,0,0,0,2,0,0,2,0,0,2,2
50,5908.487,5019.932,-232.139,-31.518,0.853005,0.520988,0.030897,-0.521707,0.849565,0.077851,0.014310,-0.082527,0.996486,0,0.87274,-0.17616,52.364,-0.352,-1,375.000,-1,400.000,-1,300.000,325.000,325.000,325.000,-1,775.000,800.000,-1,675.000,750.000,-1,-1,2,0,2,0,2,0,0,0,0,2,0,0,2,0,0,2,2
51,5952.956,4992.281,-231.086,-31.871,0.849810,0.526293,0.028950,-0.526851,0.846493,0.076672,0.015846,-0.080409,0.996636,0,0.87274,-0.17616,52.364,-0.352,-1,375.000,-1,400.000,-1,300.000,325.000,325.000,325.000,-1,800.000,800.000,-1,675.000,750.000,-1,-1,2,0,2,0,2,0,0,0,0,2,0,0,2,0,0,2,2
52,5997.254,4964.358,-229.936,-32.223,0.846577,0.531570,0.027203,-0.531986,0.843371,0.075606,0.017248,-0.078478,0.996767,0,0.87274,-0.17616,52.364,-0.352,-1,375.000,-1,400.000,-1,300.000,325.000,325.000,325.000,-1,850.000,825.000,-1,675.000,750.000,-1,-1,2,0,2,0,2,0,0,0,0,2,0,0,2,0,0,2,2
53,6041.380,4936.162,-228.857,-32.575,0.843313,0.536844,0.024927,-0.537087,0.840239,0.074401,0.018997,-0.076131,0.996917,0,0.87274,-0.17616,52.364,-0.352,-1,375.000,-1,400.000,-1,300.000,325.000,325.000,325.000,-1,850.000,800.000,-1,675.000,750.000,-1,-1,2,0,2,0,2,0,0,0,0,2,0,0,2,0,0,2,2
54,6085.331,4907.696,-227.802,-32.928,0.840013,0.542107,0.022317,-0.542161,0.837086,0.073132,0.020965,-0.073531,0.997073,0,0.87274,-0.17616,52.364,-0.352,-1,375.000,-1,400.000,-1,300.000,325.000,325.000,325.000,-1,850.000,775.000,-1,675.000,750.000,-1,-1,2,0,2,0,2,0,0,0,0,2,0,0,2,0,0,2,2
55,6129.107,4878.960,-226.510,-33.280,0.836694,0.547319,0.019638,-0.547169,0.833852,0.072782,0.023460,-0.071641,0.997155,0,0.87274,-0.17616,52.364,-0.352,-1,375.000,-1,400.000,-1,300.000,325.000,325.000,325.000,-1,850.000,725.000,-1,675.000,775.000,-1,-1,2,0,2,0,2,0,0,0,0,2,0,0,2,0,0,2,2
56,6172.706,4849.956,-225.309,-33.632,0.833337,0.552478,0.017827,-0.552179,0.830534,0.072878,0.025457,-0.070576,0.997181,0,0.87274,-0.17616,52.364,-0.352,-1,375.000,-1,400.000,-1,325.000,325.000,325.000,325.000,-1,850.000,700.000,-1,700.000,775.000,-1,-1,2,0,2,0,2,0,0,0,0,2,0,0,2,0,0,2,2
57,6212.256,4823.534,-224.226,-33.744,0.832266,0.554134,0.016382,-0.553724,0.829492,0.073020,0.026874,-0.069843,0.997196,0,0.79274,-0.05616,47.564,-0.112,-1,375.000,-1,400.000,-1,325.000,325.000,325.000,325.000,-1,825.000,675.000,-1,700.000,775.000,-1,-1,2,0,2,0,2,0,0,0,0,2,0,0,2,0,0,2,2
58,6247.868,4799.858,-223.230,-33.617,0.833505,0.552306,0.015058,-0.551808,0.830759,0.073123,0.027877,-0.069258,0.997209,0,0.71274,0.06384,42.764,0.128,-1,375.000,-1,400.000,-1,325.000,325.000,325.000,325.000,-1,800.000,650.000,-1,700.000,775.000,-1,-1,2,0,2,0,2,0,0,0,0,2,0,0,2,0,0,2,2
59,6279.617,4779.042,-222.336,-33.249,0.837031,0.546980,0.013850,-0.546414,0.834312,0.073183,0.028474,-0.068825,0.997222,0,0.63274,0.18384,37.964,0.368,-1,375.000,-1,400.000,-1,325.000,325.000,325.000,325.000,-1,775.000,625.000,-1,700.000,775.000,-1,-1,2,0,2,0,2,0,0,0,0,2,0,0,2,0,0,2,2
60,6307.544,4761.154,-221.555,-32.641,0.842777,0.538111,0.012754,-0.537498,0.840083,0.073190,0.028670,-0.068538,0.997236,0,0.55274,0.30384,33.164,0.608,-1,375.000,-1,400.000,-1,325.000,325.000,300.000,325.000,-1,750.000,575.000,-1,700.000,775.000,-1,-1,2,0,2,0,2,0,0,0,0,2,0,0,2,0,0,2,2
61,6331.651,4746.210,-220.892,-31.794,0.850632,0.525629,0.011765,-0.524990,0.847960,0.073136,0.028466,-0.068389,0.997253,0,0.47274,0.42384,28.364,0.848,-1,375.000,-1,400.000,-1,325.000,325.000,300.000,325.000,-1,725.000,550.000,-1,700.000,775.000,-1,-1,2,0,2,0,2,0,0,0,0,2,0,0,2,0,0,2,2
62,6351.912,4734.177,-220.347,-30.706,0.860438,0.509439,0.010885,-0.508793,0.857787,0.073011,0.027857,-0.068359,0.997272,0,0.39274,0.54384,23.564,1.088,-1,375.000,-1,400.000,-1,325.000,325.000,300.000,325.000,-1,675.000,475.000,-1,700.000,775.000,-1,-1,2,0,2,0,2,0,0,0,0,2,0,0,2,0,0,2,2
63,6368.258,4724.965,-219.917,-29.406,0.871749,0.489849,0.010119,-0.489216,0.869118,0.072808,0.026870,-0.068421,0.997295,0,0.31274,0.64989,18.764,1.300,-1,375.000,-1,400.000,-1,325.000,325.000,300.000,325.000,-1,650.000,400.000,-1,700.000,775.000,-1,-1,2,0,2,0,2,0,0,0,0,2,0,0,2,0,0,2,2
64,6380.575,4718.386,-219.602,-28.107,0.882613,0.470005,0.009507,-0.469396,0.880001,0.072570,0.025742,-0.068513,0.997318,0,0.23274,0.64989,13.964,1.300,-1,375.000,-1,400.000,-1,325.000,325.000,325.000,325.000,-1,600.000,375.000,-1,700.000,775.000,-1,-1,2,0,2,0,2,0,0,0,0,2,0,0,2,0,0,2,2
65,6388.754,4714.254,-219.387,-26.807,0.893023,0.449919,0.009045,-0.449344,0.890429,0.072292,0.024471,-0.068623,0.997343,0,0.15274,0.64989,9.164,1.300,-1,375.000,-1,400.000,-1,325.000,325.000,325.000,325.000,-1,550.000,325.000,-1,700.000,775.000,-1,-1,2,0,2,0,2,0,0,0,0,2,0,0,2,0,0,2,2
66,6392.693,4712.375,-219.259,-25.507,0.902976,0.429602,0.008736,-0.429072,0.900398,0.071973,0.023054,-0.068738,0.997368,0,0.07274,0.64989,4.364,1.300,-1,375.000,-1,400.000,-1,325.000,325.000,325.000,325.000,-1,525.000,300.000,-1,700.000,775.000,-1,-1,2,0,2,0,2,0,0,0,0,2,0,0,2,0,0,2,2
67,6392.295,4712.554,-219.203,-24.207,0.912465,0.409064,0.008580,-0.408590,0.909904,0.071612,0.021487,-0.068849,0.997396,0,-0.00726,0.64989,-0.436,1.300,-1,375.000,-1,400.000,-1,325.000,325.000,325.000,325.000,-1,500.000,300.000,-1,700.000,775.000,-1,-1,2,0,2,0,2,0,0,0,0,2,0,0,2,0,0,2,2
68,6387.472,4714.593,-219.206,-22.907,0.921486,0.388317,0.008579,-0.387908,0.918943,0.071206,0.019767,-0.068944,0.997425,0,-0.08726,0.64989,-5.236,1.300,-1,375.000,-1,400.000,-1,325.000,325.000,325.000,325.000,-1,475.000,300.000,-1,700.000,750.000,-1,-1,2,0,2,0,2,0,0,0,0,2,0,0,2,0,0,2,2
69,6378.141,4718.289,-219.251,-21.608,0.930034,0.367370,0.008736,-0.367039,0.927511,0.070757,0.017891,-0.069013,0.997455,0,-0.16726,0.64989,-10.036,1.300,-1,375.000,-1,400.000,-1,325.000,325.000,325.000,325.000,-1,475.000,300.000,-1,700.000,750.000,-1,-1,2,0,2,0,2,0,0,0,0,2,0,0,2,0,0,2,2
70,6367.911,4722.076,-219.288,-20.308,0.938105,0.346236,0.008939,-0.345983,0.935604,0.070294,0.015975,-0.069036,0.997486,0,-0.18180,0.64989,-10.908,1.300,-1,375.000,-1,400.000,-1,325.000,325.000,325.000,325.000,-1,450.000,325.000,-1,700.000,750.000,-1,-1,2,0,2,0,2,0,0,0,0,2,0,0,2,0,0,2,2
71,6357.597,4725.629,-219.307,-19.008,0.945695,0.324925,0.009161,-0.324751,0.943219,0.069826,0.014047,-0.069009,0.997517,0,-0.18180,0.64989,-10.908,1.300,-1,375.000,-1,400.000,-1,325.000,325.000,325.000,325.000,-1,450.000,325.000,-1,700.000,750.000,-1,-1,2,0,2,0,2,0,0,0,0,2,0,0,2,0,0,2,2
72,6347.206,4728.947,-219.310,-17.708,0.952802,0.303448,0.009404,-0.303352,0.950351,0.069355,0.012108,-0.068934,0.997548,0,-0.18180,0.64989,-10.908,1.300,-1,375.000,-1,400.000,-1,325.000,325.000,325.000,325.000,-1,425.000,325.000,-1,700.000,750.000,-1,-1,2,0,2,0,2,0,0,0,0,2,0,0,2,0,0,2,2
73,6336.741,4732.029,-219.295,-16.409,0.959420,0.281815,0.009667,-0.281798,0.956998,0.068881,0.010160,-0.068810,0.997578,0,-0.18180,0.64989,-10.908,1.300,-1,375.000,-1,400.000,-1,325.000,325.000,325.000,325.000,-1,425.000,350.000,-1,700.000,725.000,-1,-1,2,0,2,0,2,0,0,0,0,2,0,0,2,0,0,2,2
74,6326.210,4734.872,-219.263,-15.109,0.965547,0.260038,0.009951,-0.260099,0.963156,0.068406,0.008203,-0.068638,0.997608,0,-0.18180,0.64989,-10.908,1.300,-1,375.000,-1,400.000,-1,325.000,325.000,325.000,325.000,-1,425.000,350.000,-1,700.000,725.000,-1,-1,2,0,2,0,2,0,0,0,0,2,0,0,2,0,0,2,2
75,6315.617,4737.476,-219.232,-13.809,0.971179,0.238125,0.010330,-0.238269,0.968817,0.067987,0.006182,-0.068489,0.997633,0,-0.18180,0.64989,-10.908,1.300,-1,375.000,-1,400.000,-1,325.000,325.000,325.000,325.000,-1,400.000,375.000,-1,700.000,725.000,-1,-1,2,0,2,0,2,0,0,0,0,2,0,0,2,0,0,2,2
76,6304.967,4739.840,-219.241,-12.509,0.976312,0.216088,0.010961,-0.216329,0.973966,0.067760,0.003967,-0.068526,0.997641,0,-0.18180,0.64989,-10.908,1.300,-1,375.000,-1,375.000,-1,325.000,325.000,325.000,325.000,-1,400.000,400.000,-1,700.000,725.000,-1,-1,2,0,2,0,2,0,0,0,0,2,0,0,2,0,0,2,2
77,6294.267,4741.960,-219.231,-11.209,0.980945,0.193939,0.011593,-0.194278,0.978619,0.067542,0.001754,-0.068507,0.997649,0,-0.18180,0.64989,-10.908,1.300,-1,375.000,-1,375.000,-1,325.000,325.000,325.000,325.000,-1,400.000,425.000,-1,700.000,725.000,-1,-1,2,0,2,0,2,0,0,0,0,2,0,0,2,0,0,2,2
78,6283.521,4743.838,-219.203,-9.910,0.985075,0.171692,0.012227,-0.172126,0.982771,0.067333,-0.000456,-0.068433,0.997656,0,-0.18180,0.64989,-10.908,1.300,-1,375.000,-1,375.000,-1,325.000,325.000,325.000,325.000,-1,400.000,425.000,-1,700.000,700.000,-1,-1,2,0,2,0,2,0,0,0,0,2,0,0,2,0,0,2,2
79,6272.735,4745.471,-219.156,-8.610,0.988700,0.149357,0.012862,-0.149886,0.986421,0.067133,-0.002661,-0.068303,0.997661,0,-0.18180,0.64989,-10.908,1.300,-1,375.000,-1,375.000,-1,325.000,325.000,325.000,325.000,-1,400.000,450.000,-1,700.000,700.000,-1,-1,2,0,2,0,2,0,0,0,0,2,0,0,2,0,0,2,2
80,6261.916,4746.860,-219.090,-7.310,0.991818,0.126944,0.013499,-0.127568,0.989568,0.066943,-0.004860,-0.068117,0.997665,0,-0.18180,0.64989,-10.908,1.300,-1,375.000,-1,375.000,-1,300.000,325.000,325.000,325.000,-1,400.000,475.000,-1,700.000,700.000,-1,-1,2,0,2,0,2,0,0,0,0,2,0,0,2,0,0,2,2
81,6255.844,4747.525,-219.045,-6.250,0.993986,0.108622,0.013916,-0.109314,0.991759,0.066818,-0.006544,-0.067937,0.997668,0,-0.10180,0.52989,-6.108,1.060,-1,375.000,-1,375.000,-1,300.000,300.000,325.000,325.000,-1,400.000,500.000,-1,700.000,700.000,-1,-1,2,0,2,0,2,0,0,0,0,2,0,0,2,0,0,2,2
82,6254.541,4747.649,-219.037,-5.431,0.995432,0.094422,0.014115,-0.095159,0.993221,0.066753,-0.007717,-0.067792,0.997670,0,-0.02180,0.40989,-1.308,0.820,-1,375.000,-1,375.000,-1,300.000,300.000,325.000,325.000,-1,425.000,525.000,-1,700.000,700.000,-1,-1,2,0,2,0,2,0,0,0,0,2,0,0,2,0,0,2,2
83,6258.020,4747.354,-219.073,-4.851,0.996335,0.084367,0.014096,-0.085125,0.994132,0.066747,-0.008382,-0.067703,0.997670,0,0.05820,0.28989,3.492,0.580,-1,375.000,-1,375.000,-1,300.000,300.000,325.000,325.000,-1,425.000,525.000,-1,700.000,700.000,-1,-1,2,0,2,0,2,0,0,0,0,2,0,0,2,0,0,2,2
84,6266.287,4746.701,-219.159,-4.511,0.996820,0.078471,0.013858,-0.079226,0.994616,0.066798,-0.008542,-0.067684,0.997670,0,0.13820,0.16989,8.292,0.340,-1,375.000,-1,375.000,-1,300.000,300.000,325.000,325.000,-1,425.000,525.000,-1,700.000,700.000,-1,-1,2,0,2,0,2,0,0,0,0,2,0,0,2,0,0,2,2
85,6279.340,4745.694,-219.294,-4.411,0.996961,0.076738,0.013401,-0.077467,0.994747,0.066905,-0.008196,-0.067740,0.997669,0,0.21820,0.04989,13.092,0.100,-1,375.000,-1,375.000,-1,300.000,300.000,325.000,325.000,-1,425.000,525.000,-1,700.000,700.000,-1,-1,2,0,2,0,2,0,0,0,0,2,0,0,2,0,0,2,2
86,6297.176,4744.274,-219.475,-4.551,0.996780,0.079172,0.012724,-0.079851,0.994548,0.067070,-0.007345,-0.067870,0.997667,0,0.29820,-0.07011,17.892,-0.140,-1,375.000,-1,375.000,-1,300.000,325.000,325.000,325.000,-1,425.000,525.000,-1,700.000,700.000,-1,-1,2,0,2,0,2,0,0,0,0,2,0,0,2,0,0,2,2
87,6319.784,4742.324,-219.691,-4.932,0.996245,0.085769,0.011828,-0.086374,0.993987,0.067296,-0.005985,-0.068064,0.997663,0,0.37820,-0.19011,22.692,-0.380,-1,375.000,-1,375.000,-1,300.000,325.000,325.000,325.000,-1,400.000,500.000,-1,700.000,700.000,-1,-1,2,0,2,0,2,0,0,0,0,2,0,0,2,0,0,2,2
88,6347.147,4739.664,-219.929,-5.552,0.995273,0.096522,0.010712,-0.097028,0.992984,0.067585,-0.004114,-0.068305,0.997656,0,0.45820,-0.31011,27.492,-0.620,-1,375.000,-1,375.000,-1,300.000,325.000,325.000,325.000,-1,375.000,475.000,-1,700.000,700.000,-1,-1,2,0,2,0,2,0,0,0,0,2,0,0,2,0,0,2,2
89,6379.238,4736.057,-220.170,-6.412,0.993729,0.111417,0.009377,-0.111798,0.991406,0.067944,-0.001726,-0.068566,0.997645,0,0.53820,-0.43011,32.292,-0.860,-1,375.000,-1,375.000,-1,300.000,325.000,325.000,325.000,-1,350.000,425.000,-1,700.000,700.000,-1,-1,2,0,2,0,2,0,0,0,0,2,0,0,2,0,0,2,2
90,6416.018,4731.250,-220.395,-7.446,0.991576,0.129289,0.007834,-0.129522,0.989217,0.068371,0.001090,-0.068810,0.997629,0,0.61820,-0.51705,37.092,-1.034,-1,375.000,-1,375.000,-1,300.000,325.000,325.000,325.000,-1,325.000,400.000,-1,700.000,725.000,-1,-1,2,0,2,0,2,0,0,0,0,2,0,0,2,0,0,2,2
91,6457.452,4725.071,-220.587,-8.480,0.989100,0.147119,0.006117,-0.147190,0.986709,0.068846,0.004092,-0.068996,0.997609,0,0.69820,-0.51705,41.892,-1.034,-1,375.000,-1,375.000,-1,300.000,325.000,325.000,325.000,-1,325.000,375.000,-1,700.000,725.000,-1,-1,2,0,2,0,2,0,0,0,0,2,0,0,2,0,0,2,2
92,6503.503,4717.353,-220.724,-9.514,0.986301,0.164902,0.004248,-0.164797,0.983887,0.069337,0.007254,-0.069087,0.997584,0,0.77820,-0.51705,46.692,-1.034,-1,375.000,-1,375.000,-1,300.000,325.000,325.000,325.000,-1,300.000,350.000,-1,700.000,725.000,-1,-1,2,0,2,0,2,0,0,0,0,2,0,0,2,0,0,2,2
93,6551.229,4708.463,-220.370,-10.549,0.983174,0.182653,0.002731,-0.182413,0.980865,0.068043,0.009749,-0.067396,0.997679,0,0.80912,-0.51705,48.547,-1.034,-1,375.000,-1,375.000,-1,300.000,325.000,325.000,325.000,-1,325.000,350.000,-1,700.000,725.000,-1,-1,2,0,2,0,2,0,0,0,0,2,0,0,2,0,0,2,2
94,6598.788,4698.714,-219.923,-11.583,0.979724,0.200348,0.001266,-0.199983,0.977516,0.066853,0.012156,-0.065751,0.997762,0,0.80912,-0.51705,48.547,-1.034,-1,375.000,-1,375.000,-1,325.000,325.000,325.000,300.000,-1,350.000,350.000,-1,725.000,725.000,-1,-1,2,0,2,0,2,0,0,0,0,2,0,0,2,0,0,2,2
95,6646.163,4688.109,-219.130,-12.617,0.975956,0.217966,0.000421,-0.217510,0.973782,0.066620,0.014111,-0.065109,0.997778,0,0.80912,-0.51705,48.547,-1.034,-1,375.000,-1,375.000,-1,325.000,325.000,325.000,300.000,-1,375.000,400.000,-1,725.000,750.000,-1,-1,2,0,2,0,2,0,0,0,0,2,0,0,2,0,0,2,2
96,6693.339,4676.651,-218.219,-13.651,0.971871,0.235513,-0.000523,-0.234955,0.969719,0.066639,0.016202,-0.064642,0.997777,0,0.80912,-0.51705,48.547,-1.034,-1,375.000,-1,375.000,-1,325.000,325.000,325.000,300.000,-1,425.000,425.000,-1,725.000,750.000,-1,-1,2,0,2,0,2,0,0,0,0,2,0,0,2,0,0,2,2
97,6740.301,4664.343,-217.249,-14.685,0.967469,0.252984,-0.001435,-0.252329,0.965343,0.066660,0.018249,-0.064129,0.997775,0,0.80912,-0.51705,48.547,-1.034,-1,375.000,-1,400.000,-1,325.000,325.000,325.000,325.000,-1,475.000,450.000,-1,750.000,775.000,-1,-1,2,0,2,0,2,0,0,0,0,2,0,0,2,0,0,2,2
98,6782.400,4652.446,-216.326,-15.780,0.962468,0.271387,-0.002234,-0.270640,0.960367,0.066699,0.020246,-0.063591,0.997771,0,0.72912,-0.54726,43.747,-1.095,-1,375.000,-1,400.000,-1,325.000,325.000,325.000,325.000,-1,500.000,475.000,-1,750.000,775.000,-1,-1,2,0,2,0,2,0,0,0,0,2,0,0,2,0,0,2,2
99,6821.310,4640.643,-215.419,-16.874,0.957115,0.289692,-0.002950,-0.288859,0.955042,0.066745,0.022153,-0.063030,0.997766,0,0.67767,-0.54726,40.660,-1.095,-1,375.000,-1,400.000,-1,325.000,325.000,325.000,325.000,-1,550.000,500.000,-1,750.000,800.000,-1,-1,2,0,2,0,2,0,0,0,0,2,0,0,2,0,0,2,2
100,6859.987,4628.098,-214.461,-17.969,0.951414,0.307894,-0.003639,-0.306977,0.949371,0.066786,0.024018,-0.062425,0.997761,0,0.67767,-0.54726,40.660,-1.095,-1,375.000,-1,400.000,-1,325.000,325.000,325.000,325.000,-1,600.000,525.000,-1,750.000,800.000,-1,-1,2,0,2,0,2,0,0,0,0,2,0,0,2,0,0,2,2
101,6898.417,4614.817,-213.453,-19.063,0.945365,0.325986,-0.004299,-0.324988,0.943354,0.066823,0.025839,-0.061775,0.997756,0,0.67767,-0.54726,40.660,-1.095,-1,400.000,-1,400.000,-1,325.000,325.000,325.000,325.000,-1,625.000,550.000,-1,775.000,800.000,-1,-1,2,0,2,0,2,0,0,0,0,2,0,0,2,0,0,2,2
102,6936.587,4600.805,-212.408,-20.158,0.938971,0.343962,-0.004908,-0.342890,0.936999,0.066783,0.027570,-0.061025,0.997755,0,0.67767,-0.54726,40.660,-1.095,-1,400.000,-1,400.000,-1,325.000,325.000,325.000,325.000,-1,675.000,575.000,-1,775.000,825.000,-1,-1,2,0,2,0,2,0,0,0,0,2,0,0,2,0,0,2,2
103,6974.482,4586.066,-211.359,-21.252,0.932233,0.361818,-0.005427,-0.360685,0.930312,0.066530,0.029121,-0.060064,0.997770,0,0.67767,-0.54726,40.660,-1.095,-1,400.000,-1,400.000,-1,325.000,325.000,325.000,325.000,-1,725.000,600.000,-1,775.000,825.000,-1,-1,2,0,2,0,2,0,0,0,0,2,0,0,2,0,0,2,2
104,7012.089,4570.605,-210.262,-22.347,0.925154,0.379546,-0.005925,-0.378355,0.923286,0.066253,0.030617,-0.059052,0.997785,0,0.67767,-0.54726,40.660,-1.095,-1,400.000,-1,400.000,-1,325.000,325.000,325.000,325.000,-1,775.000,625.000,-1,800.000,825.000,-1,-1,2,0,2,0,2,0,0,0,0,2,0,0,2,0,0,2,2
105,7049.394,4554.429,-209.118,-23.441,0.917737,0.397138,-0.006404,-0.395894,0.915925,0.065950,0.032057,-0.057989,0.997802,0,0.67767,-0.54726,40.660,-1.095,-1,400.000,-1,400.000,-1,325.000,325.000,300.000,325.000,-1,825.000,650.000,-1,800.000,850.000,-1,-1,2,0,2,0,2,0,0,0,0,2,0,0,2,0,0,2,2
106,7086.382,4537.544,-207.870,-24.536,0.909982,0.414593,-0.006792,-0.413313,0.908242,0.065334,0.033256,-0.056645,0.997840,0,0.67767,-0.54726,40.660,-1.095,-1,400.000,-1,400.000,-1,325.000,325.000,300.000,325.000,-1,900.000,700.000,-1,800.000,850.000,-1,-1,2,0,2,0,2,0,0,0,0,2,0,0,2,0,0,2,2
107,7123.041,4519.954,-206.554,-25.630,0.901892,0.431902,-0.007150,-0.430595,0.900232,0.064582,0.034330,-0.055167,0.997887,0,0.67767,-0.54726,40.660,-1.095,-1,400.000,-1,400.000,-1,325.000,325.000,300.000,325.000,-1,975.000,750.000,-1,825.000,850.000,-1,-1,2,0,2,0,2,0,0,0,0,2,0,0,2,0,0,2,2
108,7159.358,4501.668,-205.285,-26.725,0.893479,0.449048,-0.007115,-0.447731,0.891873,0.064024,0.035096,-0.054019,0.997923,0,0.67767,-0.54726,40.660,-1.095,-1,400.000,-1,400.000,-1,325.000,325.000,300.000,300.000,-1,-1,825.000,-1,825.000,850.000,-1,-1,2,0,2,0,2,0,0,0,0,2,2,0,2,0,0,2,2
109,7195.319,4482.692,-204.013,-27.819,0.884743,0.466028,-0.006917,-0.464708,0.883181,0.063535,0.035718,-0.052997,0.997956,0,0.67767,-0.54726,40.660,-1.095,-1,400.000,-1,400.000,-1,325.000,325.000,300.000,300.000,-1,-1,925.000,-1,850.000,875.000,-1,-1,2,0,2,0,2,0,0,0,0,2,2,0,2,0,0,2,2
110,7230.911,4463.033,-202.708,-28.914,0.875684,0.482839,-0.006700,-0.481519,0.874165,0.063042,0.036296,-0.051979,0.997988,0,0.67767,-0.54726,40.660,-1.095,-1,400.000,-1,400.000,-1,325.000,325.000,300.000,300.000,-1,-1,-1,-1,850.000,875.000,-1,-1,2,0,2,0,2,0,0,0,0,2,2,2,2,0,0,2,2
111,7266.120,4442.697,-201.370,-30.008,0.866304,0.499475,-0.006463,-0.498157,0.864828,0.062547,0.036830,-0.050965,0.998021,0,0.67767,-0.54726,40.660,-1.095,-1,400.000,-1,400.000,-1,325.000,325.000,300.000,300.000,-1,-1,-1,-1,875.000,875.000,-1,-1,2,0,2,0,2,0,0,0,0,2,2,2,2,0,0,2,2
112,7300.935,4421.692,-199.961,-31.103,0.856612,0.515926,-0.006028,-0.514618,0.855167,0.062113,0.037200,-0.050105,0.998051,0,0.67767,-0.54726,40.660,-1.095,-1,400.000,-1,400.000,-1,325.000,325.000,300.000,300.000,-1,-1,-1,-1,875.000,900.000,-1,-1,2,0,2,0,2,0,0,0,0,2,2,2,2,0,0,2,2
113,7335.343,4400.026,-198.459,-32.197,0.846612,0.532184,-0.005295,-0.530898,0.845182,0.061761,0.037344,-0.049477,0.998077,0,0.67767,-0.54726,40.660,-1.095,-1,400.000,-1,400.000,-1,325.000,325.000,300.000,300.000,-1,-1,-1,-1,875.000,900.000,-1,-1,2,0,2,0,2,0,0,0,0,2,2,2,2,0,0,2,2
114,7369.330,4377.708,-196.930,-33.292,0.836303,0.548248,-0.004550,-0.546986,0.834888,0.061382,0.037451,-0.048845,0.998104,0,0.67767,-0.54726,40.660,-1.095,-1,400.000,-1,425.000,-1,325.000,325.000,300.000,300.000,-1,-1,-1,-1,900.000,925.000,-1,-1,2,0,2,0,2,0,0,0,0,2,2,2,2,0,0,2,2
115,7402.885,4354.744,-195.374,-34.386,0.825689,0.564113,-0.003792,-0.562877,0.824289,0.060973,0.037522,-0.048210,0.998132,0,0.67767,-0.54726,40.660,-1.095,-1,400.000,-1,425.000,-1,325.000,325.000,300.000,300.000,-1,-1,-1,-1,900.000,950.000,-1,-1,2,0,2,0,2,0,0,0,0,2,2,2,2,0,0,2,2
116,7435.994,4331.143,-193.872,-35.481,0.814766,0.579782,-0.003004,-0.578587,0.813399,0.060162,0.037324,-0.047280,0.998184,0,0.67767,-0.54726,40.660,-1.095,-1,400.000,-1,425.000,-1,325.000,325.000,300.000,300.000,-1,-1,-1,-1,900.000,950.000,-1,-1,2,0,2,0,2,0,0,0,0,2,2,2,2,0,0,2,2
117,7468.647,4306.914,-192.399,-36.575,0.803541,0.595245,-0.002210,-0.594102,0.802218,0.059060,0.036929,-0.046144,0.998252,0,0.67767,-0.54726,40.660,-1.095,-1,400.000,-1,425.000,-1,325.000,325.000,300.000,300.000,-1,-1,-1,-1,900.000,950.000,-1,-1,2,0,2,0,2,0,0,0,0,2,2,2,2,0,0,2,2
118,7500.831,4282.065,-190.903,-37.670,0.792021,0.610492,-0.001433,-0.609402,0.790743,0.057920,0.036493,-0.045001,0.998320,0,0.67767,-0.54726,40.660,-1.095,-1,400.000,-1,425.000,-1,325.000,325.000,300.000,300.000,-1,-1,-1,-1,900.000,975.000,-1,-1,2,0,2,0,2,0,0,0,0,2,2,2,2,0,0,2,2
119,7532.535,4256.607,-189.384,-38.764,0.780210,0.625517,-0.000673,-0.624479,0.778977,0.056743,0.036018,-0.043851,0.998389,0,0.67767,-0.54726,40.660,-1.095,-1,400.000,-1,425.000,-1,325.000,325.000,300.000,300.000,-1,-1,-1,-1,900.000,975.000,-1,-1,2,0,2,0,2,0,0,0,0,2,2,2,2,0,0,2,2
120,7563.747,4230.547,-188.007,-39.859,0.768119,0.640307,0.000403,-0.639334,0.766916,0.055597,0.035290,-0.042963,0.998453,0,0.67767,-0.54726,40.660,-1.095,-1,400.000,-1,400.000,-1,325.000,325.000,300.000,300.000,-1,-1,-1,-1,900.000,975.000,-1,-1,2,0,2,0,2,0,0,0,0,2,2,2,2,0,0,2,2
121,7594.455,4203.896,-186.622,-40.953,0.755744,0.654866,0.001433,-0.653956,0.754575,0.054396,0.034541,-0.042047,0.998518,0,0.67767,-0.54726,40.660,-1.095,-1,400.000,-1,400.000,-1,325.000,325.000,300.000,300.000,-1,-1,-1,-1,900.000,975.000,-1,-1,2,0,2,0,2,0,0,0,0,2,2,2,2,0,0,2,2
122,7624.648,4176.664,-185.298,-42.048,0.743099,0.669177,0.002470,-0.668317,0.741947,0.053540,0.033995,-0.041436,0.998563,0,0.67767,-0.54726,40.660,-1.095,-1,425.000,-1,425.000,-1,325.000,325.000,300.000,300.000,-1,-1,-1,-1,900.000,975.000,-1,-1,2,0,2,0,2,0,0,0,0,2,2,2,2,0,0,2,2
123,7654.316,4148.860,-184.003,-43.142,0.730186,0.683239,0.003523,-0.682424,0.729042,0.052863,0.033550,-0.041004,0.998596,0,0.67767,-0.54726,40.660,-1.095,-1,425.000,-1,425.000,-1,325.000,325.000,300.000,300.000,-1,-1,-1,-1,900.000,1000.000,-1,-1,2,0,2,0,2,0,0,0,0,2,2,2,2,0,0,2,2
124,7683.448,4120.494,-182.697,-44.237,0.717005,0.697053,0.004580,-0.696282,0.715870,0.052156,0.033077,-0.040585,0.998628,0,0.67767,-0.54726,40.660,-1.095,-1,425.000,-1,425.000,-1,325.000,325.000,300.000,300.000,-1,-1,-1,-1,900.000,1000.000,-1,-1,2,0,2,0,2,0,0,0,0,2,2,2,2,0,0,2,2
125,7710.669,4093.185,-181.455,-45.091,0.706531,0.707660,0.005566,-0.706936,0.705404,0.051442,0.032477,-0.040280,0.998660,0,0.64265,-0.42726,38.559,-0.855,-1,425.000,-1,425.000,-1,325.000,325.000,300.000,300.000,-1,-1,-1,-1,900.000,-1,-1,-1,2,0,2,0,2,0,0,0,0,2,2,2,2,0,2,2,2
126,7737.597,4065.586,-180.218,-45.706,0.698899,0.715190,0.006534,-0.714518,0.697779,0.050685,0.031690,-0.040092,0.998693,0,0.64265,-0.30726,38.559,-0.615,-1,425.000,-1,425.000,-1,325.000,325.000,300.000,300.000,-1,-1,-1,-1,900.000,-1,-1,-1,2,0,2,0,2,0,0,0,0,2,2,2,2,0,2,2,2
127,7764.343,4037.811,-178.991,-46.081,0.694205,0.719738,0.007489,-0.719121,0.693091,0.049895,0.030721,-0.040022,0.998726,0,0.64265,-0.18726,38.559,-0.375,-1,425.000,-1,425.000,-1,325.000,325.000,300.000,300.000,-1,-1,-1,-1,925.000,-1,-1,-1,2,0,2,0,2,0,0,0,0,2,2,2,2,0,2,2,2
128,7790.936,4009.889,-177.858,-46.397,0.690219,0.723548,0.008762,-0.723002,0.689105,0.049019,0.029430,-0.040169,0.998759,0,0.64265,-0.15809,38.559,-0.316,-1,425.000,-1,425.000,-1,325.000,325.000,300.000,300.000,-1,-1,-1,-1,925.000,-1,-1,-1,2,0,2,0,2,0,0,0,0,2,2,2,2,0,2,2,2
129,7817.374,3981.821,-177.080,-46.713,0.686185,0.727355,0.010254,-0.726923,0.685116,0.046894,0.027083,-0.039632,0.998847,0,0.64265,-0.15809,38.559,-0.316,-1,400.000,-1,425.000,-1,325.000,325.000,300.000,300.000,-1,-1,-1,-1,900.000,-1,-1,-1,2,0,2,0,2,0,0,0,0,2,2,2,2,0,2,2,2
130,7843.657,3953.608,-176.301,-47.029,0.682126,0.731141,0.011695,-0.730815,0.681107,0.044751,0.024753,-0.039073,0.998930,0,0.64265,-0.15809,38.559,-0.316,-1,400.000,-1,425.000,-1,325.000,325.000,300.000,300.000,-1,-1,-1,-1,900.000,-1,-1,-1,2,0,2,0,2,0,0,0,0,2,2,2,2,0,2,2,2
131,7869.783,3925.250,-175.524,-47.345,0.678044,0.734905,0.013085,-0.734679,0.677077,0.042591,0.022441,-0.038492,0.999007,0,0.64265,-0.15809,38.559,-0.316,-1,400.000,-1,425.000,-1,325.000,325.000,300.000,300.000,-1,-1,-1,-1,875.000,-1,-1,-1,2,0,2,0,2,0,0,0,0,2,2,2,2,0,2,2,2
132,7895.753,3896.748,-174.748,-47.661,0.673938,0.738647,0.014423,-0.738513,0.673027,0.040415,0.020145,-0.037889,0.999079,0,0.64265,-0.15809,38.559,-0.316,-1,400.000,-1,425.000,-1,325.000,325.000,300.000,300.000,-1,-1,-1,-1,875.000,-1,-1,-1,2,0,2,0,2,0,0,0,0,2,2,2,2,0,2,2,2
133,7921.565,3868.103,-173.972,-47.978,0.669809,0.742367,0.015710,-0.742319,0.668956,0.038223,0.017867,-0.037264,0.999146,0,0.64265,-0.15809,38.559,-0.316,-1,400.000,-1,425.000,-1,325.000,325.000,300.000,300.000,-1,-1,-1,-1,875.000,-1,-1,-1,2,0,2,0,2,0,0,0,0,2,2,2,2,0,2,2,2
134,7947.219,3839.316,-173.260,-48.294,0.665659,0.746068,0.016757,-0.746089,0.664867,0.036102,0.015794,-0.036534,0.999208,0,0.64265,-0.15809,38.559,-0.316,-1,400.000,-1,425.000,-1,325.000,325.000,300.000,300.000,-1,-1,-1,-1,850.000,-1,-1,-1,2,0,2,0,2,0,0,0,0,2,2,2,2,0,2,2,2
135,7972.713,3810.388,-172.722,-48.610,0.661497,0.749747,0.017365,-0.749812,0.660759,0.034339,0.014272,-0.035735,0.999259,0,0.64265,-0.15809,38.559,-0.316,-1,400.000,-1,425.000,-1,325.000,325.000,300.000,300.000,-1,-1,-1,-1,850.000,-1,-1,-1,2,0,2,0,2,0,0,0,0,2,2,2,2,0,2,2,2
136,7998.048,3781.320,-172.190,-48.926,0.657314,0.753404,0.017911,-0.753508,0.656631,0.032576,0.012782,-0.034909,0.999309,0,0.64265,-0.15809,38.559,-0.316,-1,400.000,-1,425.000,-1,325.000,325.000,325.000,300.000,-1,-1,-1,-1,850.000,-1,-1,-1,2,0,2,0,2,0,0,0,0,2,2,2,2,0,2,2,2
137,8023.221,3752.112,-171.665,-49.242,0.653111,0.757038,0.018396,-0.757177,0.652482,0.030815,0.011325,-0.034055,0.999356,0,0.64265,-0.15809,38.559,-0.316,-1,400.000,-1,425.000,-1,325.000,325.000,325.000,300.000,-1,-1,-1,-1,825.000,-1,-1,-1,2,0,2,0,2,0,0,0,0,2,2,2,2,0,2,2,2
