timestep,x_cm,y_cm,z_cm,yaw_deg,basis_xx,basis_xy,basis_xz,basis_yx,basis_yy,basis_yz,basis_zx,basis_zy,basis_zz,teleport_flag,throttle_cmd,steering_cmd,cmd_move_cm,cmd_turn_deg,lidar_cm_0,lidar_cm_1,lidar_cm_2,lidar_cm_3,lidar_cm_4,lidar_cm_5,lidar_cm_6,lidar_cm_7,lidar_cm_8,lidar_cm_9,lidar_cm_10,lidar_cm_11,lidar_cm_12,lidar_cm_13,lidar_cm_14,lidar_cm_15,lidar_cm_16,lidar_class_0,lidar_class_1,lidar_class_2,lidar_class_3,lidar_class_4,lidar_class_5,lidar_class_6,lidar_class_7,lidar_class_8,lidar_class_9,lidar_class_10,lidar_class_11,lidar_class_12,lidar_class_13,lidar_class_14,lidar_class_15,lidar_class_16
0,-7545.587,4915.312,-402.151,-119.516,-0.491809,0.870198,0.029666,-0.869353,-0.492658,0.038905,0.048470,-0.006657,0.998802,1,0.08000,-0.02876,4.800,-0.058,-1,375.000,-1,400.000,-1,325.000,325.000,300.000,300.000,-1,-1,-1,-1,750.000,875.000,-1,-1,2,0,2,0,2,0,0,0,0,2,2,2,2,0,0,2,2
1,-7550.325,4906.963,-401.675,-119.574,-0.492692,0.869700,0.029600,-0.868847,-0.493538,0.039046,0.048567,-0.006480,0.998799,0,0.16000,-0.02897,9.600,-0.058,-1,375.000,-1,400.000,-1,325.000,325.000,300.000,300.000,-1,-1,-1,-1,750.000,875.000,-1,-1,2,0,2,0,2,0,0,0,0,2,2,2,2,0,0,2,2
2,-7557.445,4894.446,-400.965,-119.633,-0.493589,0.869195,0.029499,-0.868330,-0.494431,0.039261,0.048710,-0.006236,0.998793,0,0.24000,-0.02939,14.400,-0.059,-1,400.000,-1,400.000,-1,325.000,325.000,300.000,300.000,-1,-1,-1,-1,750.000,875.000,-1,-1,2,0,2,0,2,0,0,0,0,2,2,2,2,0,0,2,2
3,-7566.956,4877.767,-400.023,-119.693,-0.494507,0.868678,0.029362,-0.867797,-0.495343,0.039554,0.048904,-0.005920,0.998786,0,0.32000,-0.03003,19.200,-0.060,-1,400.000,-1,400.000,-1,325.000,325.000,300.000,300.000,-1,-1,-1,-1,775.000,900.000,-1,-1,2,0,2,0,2,0,0,0,0,2,2,2,2,0,0,2,2
4,-7578.867,4856.931,-398.857,-119.755,-0.495453,0.868145,0.029182,-0.867243,-0.496281,0.039937,0.049154,-0.005521,0.998776,0,0.40000,-0.03091,24.000,-0.062,-1,400.000,-1,400.000,-1,325.000,325.000,300.000,300.000,-1,-1,-1,-1,775.000,900.000,-1,-1,2,0,2,0,2,0,0,0,0,2,2,2,2,0,0,2,2
5,-7593.188,4831.944,-397.473,-119.819,-0.496433,0.867592,0.028956,-0.866664,-0.497252,0.040421,0.049467,-0.005029,0.998763,0,0.48000,-0.03201,28.800,-0.064,-1,400.000,-1,400.000,-1,325.000,325.000,300.000,300.000,-1,-1,-1,-1,775.000,925.000,-1,-1,2,0,2,0,2,0,0,0,0,2,2,2,2,0,0,2,2
6,-7609.933,4802.815,-395.880,-119.893,-0.497571,0.866949,0.028676,-0.865989,-0.498377,0.041021,0.049854,-0.004422,0.998747,0,0.56000,-0.03713,33.600,-0.074,-1,400.000,-1,400.000,-1,325.000,325.000,300.000,300.000,-1,-1,-1,-1,775.000,925.000,-1,-1,2,0,2,0,2,0,0,0,0,2,2,2,2,0,0,2,2
7,-7629.113,4769.547,-394.098,-119.964,-0.498668,0.866332,0.028259,-0.865344,-0.499454,0.041544,0.050105,-0.003737,0.998737,0,0.64000,-0.03556,38.400,-0.071,-1,400.000,-1,400.000,-1,325.000,325.000,300.000,300.000,-1,-1,-1,-1,775.000,950.000,-1,-1,2,0,2,0,2,0,0,0,0,2,2,2,2,0,0,2,2
8,-7650.733,4732.147,-392.036,-120.032,-0.499742,0.865747,0.027206,-0.864732,-0.500476,0.041983,0.049962,-0.002545,0.998748,0,0.72000,-0.03372,43.200,-0.067,-1,400.000,-1,400.000,-1,325.000,325.000,300.000,300.000,-1,-1,-1,-1,800.000,950.000,-1,-1,2,0,2,0,2,0,0,0,0,2,2,2,2,0,0,2,2
9,-7672.464,4694.651,-390.009,-120.095,-0.500755,0.865196,0.026092,-0.864156,-0.501432,0.042431,0.049794,-0.001300,0.998759,0,0.72230,-0.03163,43.338,-0.063,-1,400.000,-1,400.000,-1,325.000,325.000,300.000,300.000,-1,-1,-1,-1,800.000,975.000,-1,-1,2,0,2,0,2,0,0,0,0,2,2,2,2,0,0,2,2
10,-7694.257,4657.137,-388.068,-120.154,-0.501701,0.864680,0.025010,-0.863627,-0.502323,0.042657,0.049447,-0.000198,0.998777,0,0.72308,-0.02950,43.385,-0.059,-1,400.000,-1,400.000,-1,325.000,325.000,300.000,300.000,-1,-1,-1,-1,800.000,975.000,-1,-1,2,0,2,0,2,0,0,0,0,2,2,2,2,0,0,2,2
11,-7716.107,4619.608,-386.192,-120.208,-0.502580,0.864200,0.023914,-0.863141,-0.503148,0.042773,0.048997,0.000856,0.998799,0,0.72377,-0.02733,43.426,-0.055,-1,400.000,-1,425.000,-1,325.000,325.000,300.000,300.000,-1,-1,-1,-1,825.000,1000.000,-1,-1,2,0,2,0,2,0,0,0,0,2,2,2,2,0,0,2,2
12,-7738.007,4582.068,-384.349,-120.259,-0.503395,0.863757,0.022745,-0.862692,-0.503905,0.042931,0.048544,0.001989,0.998819,0,0.72435,-0.02513,43.461,-0.050,-1,400.000,-1,425.000,-1,325.000,325.000,300.000,300.000,-1,-1,-1,-1,825.000,1000.000,-1,-1,2,0,2,0,2,0,0,0,0,2,2,2,2,0,0,2,2
13,-7759.952,4544.520,-382.541,-120.305,-0.504145,0.863351,0.021504,-0.862279,-0.504593,0.043131,0.048088,0.003202,0.998838,0,0.72483,-0.02289,43.490,-0.046,-1,400.000,-1,425.000,-1,325.000,325.000,300.000,300.000,-1,-1,-1,-1,825.000,-1,-1,-1,2,0,2,0,2,0,0,0,0,2,2,2,2,0,2,2,2
14,-7784.526,4502.951,-380.464,-120.590,-0.508507,0.860820,0.020239,-0.859762,-0.508891,0.042894,0.047223,0.004411,0.998875,0,0.80483,-0.14289,48.290,-0.286,-1,400.000,-1,425.000,-1,325.000,325.000,300.000,300.000,-1,-1,-1,-1,850.000,-1,-1,-1,2,0,2,0,2,0,0,0,0,2,2,2,2,0,2,2,2
15,-7811.838,4457.704,-378.054,-121.116,-0.516442,0.856110,0.019072,-0.855103,-0.516767,0.041848,0.045683,0.005303,0.998942,0,0.88085,-0.26289,52.851,-0.526,-1,400.000,-1,425.000,-1,325.000,325.000,300.000,300.000,-1,-1,-1,-1,850.000,-1,-1,-1,2,0,2,0,2,0,0,0,0,2,2,2,2,0,2,2,2
16,-7839.749,4412.831,-375.865,-121.882,-0.527931,0.849117,0.016992,-0.848169,-0.528157,0.040740,0.043567,0.007096,0.999025,0,0.88076,-0.38289,52.845,-0.766,-1,400.000,-1,425.000,-1,325.000,325.000,300.000,300.000,-1,-1,-1,-1,850.000,-1,-1,-1,2,0,2,0,2,0,0,0,0,2,2,2,2,0,2,2,2
17,-7868.429,4368.477,-373.815,-122.888,-0.542861,0.839699,0.014386,-0.838816,-0.542969,0.039657,0.041111,0.009461,0.999110,0,0.88032,-0.50289,52.819,-1.006,-1,400.000,-1,425.000,-1,325.000,325.000,300.000,300.000,-1,-1,-1,-1,850.000,-1,-1,-1,2,0,2,0,2,0,0,0,0,2,2,2,2,0,2,2,2
18,-7898.008,4324.774,-371.834,-124.092,-0.560489,0.828081,0.011588,-0.827266,-0.560478,0.038669,0.038516,0.012087,0.999185,0,0.87952,-0.60202,52.771,-1.204,-1,400.000,-1,425.000,-1,325.000,325.000,300.000,300.000,-1,-1,-1,-1,850.000,-1,-1,-1,2,0,2,0,2,0,0,0,0,2,2,2,2,0,2,2,2
19,-7928.454,4281.757,-369.919,-125.290,-0.577771,0.816153,0.008625,-0.815412,-0.577646,0.037787,0.035823,0.014799,0.999249,0,0.87837,-0.59893,52.702,-1.198,-1,400.000,-1,425.000,-1,325.000,325.000,300.000,300.000,-1,-1,-1,-1,875.000,-1,-1,-1,2,0,2,0,2,0,0,0,0,2,2,2,2,0,2,2,2
20,-7959.741,4239.450,-368.098,-126.485,-0.594747,0.803893,0.005634,-0.803231,-0.594516,0.037028,0.033116,0.017497,0.999298,0,0.87698,-0.59752,52.619,-1.195,-1,400.000,-1,425.000,-1,325.000,325.000,300.000,300.000,-1,-1,-1,-1,900.000,-1,-1,-1,2,0,2,0,2,0,0,0,0,2,2,2,2,0,2,2,2
21,-7991.843,4197.880,-366.418,-127.677,-0.611412,0.791307,0.002857,-0.790722,-0.611092,0.036400,0.030549,0.019996,0.999333,0,0.87538,-0.59634,52.523,-1.193,-1,400.000,-1,425.000,-1,325.000,325.000,300.000,300.000,-1,-1,-1,-1,900.000,-1,-1,-1,2,0,2,0,2,0,0,0,0,2,2,2,2,0,2,2,2
22,-8024.736,4157.068,-364.887,-128.868,-0.627769,0.778399,0.000340,-0.777890,-0.627374,0.035890,0.028150,0.022266,0.999356,0,0.87362,-0.59540,52.417,-1.191,-1,400.000,-1,425.000,-1,325.000,350.000,300.000,300.000,-1,-1,-1,-1,925.000,-1,-1,-1,2,0,2,0,2,0,0,0,0,2,2,2,2,0,2,2,2
23,-8058.395,4117.035,-363.487,-130.058,-0.643824,0.765171,-0.002011,-0.764737,-0.643365,0.035487,0.025860,0.024385,0.999368,0,0.87172,-0.59470,52.303,-1.189,-1,425.000,-1,425.000,-1,325.000,350.000,300.000,300.000,-1,-1,-1,-1,950.000,-1,-1,-1,2,0,2,0,2,0,0,0,0,2,2,2,2,0,2,2,2
24,-8092.798,4077.799,-362.168,-131.246,-0.659581,0.751621,-0.004452,-0.751266,-0.659061,0.035194,0.023518,0.026558,0.999371,0,0.86971,-0.59424,52.183,-1.188,-1,425.000,-1,425.000,-1,350.000,350.000,300.000,300.000,-1,-1,-1,-1,975.000,-1,-1,-1,2,0,2,0,2,0,0,0,0,2,2,2,2,0,2,2,2
25,-8127.924,4039.376,-360.931,-132.434,-0.675039,0.737749,-0.006974,-0.737479,-0.674461,0.035018,0.021131,0.028782,0.999362,0,0.86765,-0.59402,52.059,-1.188,-1,425.000,-1,450.000,-1,350.000,350.000,300.000,300.000,-1,-1,-1,-1,1000.000,-1,-1,-1,2,0,2,0,2,0,0,0,0,2,2,2,2,0,2,2,2
26,-8163.753,4001.780,-359.942,-133.622,-0.690185,0.723572,-0.009452,-0.723405,-0.689581,0.034107,0.018161,0.030378,0.999373,0,0.86557,-0.59404,51.934,-1.188,-1,425.000,-1,450.000,-1,350.000,350.000,300.000,300.000,-1,-1,-1,-1,-1,-1,-1,-1,2,0,2,0,2,0,0,0,0,2,2,2,2,2,2,2,2
27,-8200.269,3965.023,-359.532,-134.811,-0.704990,0.709120,-0.011731,-0.709088,-0.704450,0.030720,0.013520,0.029975,0.999459,0,0.86352,-0.59430,51.811,-1.189,-1,425.000,-1,425.000,-1,350.000,350.000,300.000,300.000,-1,-1,-1,-1,1000.000,-1,-1,-1,2,0,2,0,2,0,0,0,0,2,2,2,2,0,2,2,2
28,-8237.453,3929.116,-359.287,-136.000,-0.719492,0.694357,-0.014168,-0.694448,-0.719035,0.027014,0.008570,0.029276,0.999535,0,0.86153,-0.59481,51.692,-1.190,-1,425.000,-1,425.000,-1,350.000,350.000,300.000,300.000,-1,-1,-1,-1,975.000,-1,-1,-1,2,0,2,0,2,0,0,0,0,2,2,2,2,0,2,2,2
29,-8275.294,3894.066,-359.198,-137.191,-0.733697,0.679269,-0.016836,-0.679467,-0.733323,0.023714,0.003762,0.028839,0.999577,0,0.85965,-0.59554,51.579,-1.191,-1,425.000,-1,425.000,-1,350.000,350.000,300.000,300.000,-1,-1,-1,-1,975.000,-1,-1,-1,2,0,2,0,2,0,0,0,0,2,2,2,2,0,2,2,2
30,-8313.777,3859.880,-359.386,-138.384,-0.747607,0.663848,-0.019739,-0.664141,-0.747301,0.021411,-0.000537,0.029117,0.999576,0,0.85790,-0.59651,51.474,-1.193,-1,425.000,-1,425.000,-1,350.000,350.000,300.000,300.000,-1,-1,-1,-1,950.000,-1,-1,-1,2,0,2,0,2,0,0,0,0,2,2,2,2,0,2,2,2
31,-8352.893,3826.566,-359.663,-139.580,-0.761208,0.648107,-0.022786,-0.648489,-0.760980,0.019240,-0.004870,0.029422,0.999555,0,0.85633,-0.59770,51.380,-1.195,-1,425.000,-1,425.000,-1,350.000,350.000,300.000,300.000,-1,-1,-1,-1,950.000,1000.000,-1,-1,2,0,2,0,2,0,0,0,0,2,2,2,2,0,0,2,2
32,-8392.634,3794.129,-360.035,-140.778,-0.774496,0.632046,-0.025969,-0.632512,-0.774358,0.017243,-0.009211,0.029780,0.999514,0,0.85496,-0.59910,51.297,-1.198,-1,425.000,-1,425.000,-1,350.000,350.000,300.000,300.000,-1,-1,-1,-1,950.000,975.000,-1,-1,2,0,2,0,2,0,0,0,0,2,2,2,2,0,0,2,2
33,-8432.991,3762.576,-360.502,-141.979,-0.787465,0.615663,-0.029278,-0.616210,-0.787431,0.015429,-0.013555,0.030191,0.999452,0,0.85380,-0.60072,51.228,-1.201,-1,425.000,-1,425.000,-1,350.000,350.000,300.000,300.000,-1,-1,-1,-1,925.000,950.000,-1,-1,2,0,2,0,2,0,0,0,0,2,2,2,2,0,0,2,2
34,-8473.959,3731.910,-361.230,-143.185,-0.800089,0.598946,-0.033482,-0.599599,-0.800178,0.014009,-0.018401,0.031284,0.999341,0,0.85289,-0.60253,51.174,-1.205,-1,425.000,-1,425.000,-1,350.000,350.000,300.000,300.000,-1,-1,-1,-1,925.000,925.000,-1,-1,2,0,2,0,2,0,0,0,0,2,2,2,2,0,0,2,2
35,-8515.534,3702.139,-362.157,-144.394,-0.812359,0.581900,-0.038277,-0.582681,-0.812598,0.012960,-0.023563,0.032831,0.999183,0,0.85224,-0.60455,51.134,-1.209,-1,425.000,-1,425.000,-1,350.000,350.000,300.000,300.000,-1,-1,-1,-1,900.000,875.000,-1,-1,2,0,2,0,2,0,0,0,0,2,2,2,2,0,0,2,2
36,-8557.710,3673.267,-363.185,-145.607,-0.824282,0.564529,-0.043193,-0.565449,-0.824693,0.012184,-0.028743,0.034466,0.998992,0,0.85186,-0.60675,51.111,-1.213,-1,425.000,-1,425.000,-1,350.000,350.000,300.000,300.000,-1,-1,-1,-1,875.000,850.000,-1,-1,2,0,2,0,2,0,0,0,0,2,2,2,2,0,0,2,2
37,-8600.485,3645.303,-364.391,-146.825,-0.835870,0.546841,-0.047814,-0.547893,-0.836468,0.011558,-0.033675,0.035858,0.998789,0,0.85174,-0.60912,51.105,-1.218,-1,425.000,-1,425.000,-1,325.000,325.000,300.000,300.000,-1,-1,-1,-1,875.000,800.000,-1,-1,2,0,2,0,2,0,0,0,0,2,2,2,2,0,0,2,2
38,-8643.857,3618.254,-366.185,-148.049,-0.847223,0.528868,-0.050127,-0.529946,-0.847968,0.010355,-0.037030,0.035338,0.998689,0,0.85191,-0.61167,51.115,-1.223,-1,425.000,-1,425.000,-1,325.000,325.000,300.000,275.000,-1,-1,-1,-1,850.000,800.000,-1,-1,2,0,2,0,2,0,0,0,0,2,2,2,2,0,0,2,2
39,-8687.821,3592.127,-368.249,-149.277,-0.858273,0.510582,-0.051705,-0.511646,-0.859149,0.009008,-0.039823,0.034186,0.998622,0,0.85235,-0.61438,51.141,-1.229,-1,425.000,-1,425.000,-1,325.000,325.000,300.000,300.000,-1,-1,-1,-1,850.000,775.000,-1,-1,2,0,2,0,2,0,0,0,0,2,2,2,2,0,0,2,2
40,-8732.376,3566.932,-370.528,-150.512,-0.868964,0.491980,-0.053448,-0.493006,-0.869996,0.007185,-0.042965,0.032594,0.998545,0,0.85307,-0.61725,51.184,-1.235,-1,425.000,-1,425.000,-1,325.000,325.000,300.000,300.000,-1,-1,-1,-1,825.000,750.000,-1,-1,2,0,2,0,2,0,0,0,0,2,2,2,2,0,0,2,2
41,-8773.706,3544.945,-372.801,-151.986,-0.881228,0.469462,-0.055154,-0.470422,-0.882427,0.005137,-0.046258,0.030472,0.998465,0,0.78025,-0.73725,46.815,-1.475,-1,425.000,-1,400.000,-1,325.000,325.000,300.000,300.000,-1,-1,-1,-1,800.000,725.000,-1,-1,2,0,2,0,2,0,0,0,0,2,2,2,2,0,0,2,2
42,-8815.696,3524.098,-375.140,-153.596,-0.893960,0.444525,-0.056858,-0.445407,-0.895322,0.003223,-0.049474,0.028207,0.998377,0,0.78133,-0.80462,46.880,-1.609,-1,400.000,-1,400.000,-1,325.000,325.000,300.000,300.000,-1,-1,-1,-1,775.000,700.000,-1,-1,2,0,2,0,2,0,0,0,0,2,2,2,2,0,0,2,2
43,-8858.328,3504.410,-377.540,-155.211,-0.906031,0.419137,-0.058582,-0.419934,-0.907553,0.001451,-0.052558,0.025916,0.998282,0,0.78263,-0.80765,46.958,-1.615,-1,400.000,-1,400.000,-1,325.000,325.000,300.000,300.000,-1,-1,-1,-1,750.000,675.000,-1,-1,2,0,2,0,2,0,0,0,0,2,2,2,2,0,0,2,2
44,-8901.586,3485.900,-380.003,-156.833,-0.917425,0.393309,-0.060324,-0.394016,-0.919103,-0.000179,-0.055514,0.023605,0.998179,0,0.78419,-0.81081,47.051,-1.622,-1,400.000,-1,400.000,-1,325.000,325.000,300.000,300.000,-1,-1,-1,-1,725.000,675.000,-1,-1,2,0,2,0,2,0,0,0,0,2,2,2,2,0,0,2,2
45,-8945.453,3468.586,-382.526,-158.461,-0.928126,0.367054,-0.062078,-0.367667,-0.929956,-0.001669,-0.058342,0.021275,0.998070,0,0.78599,-0.81408,47.159,-1.628,-1,400.000,-1,375.000,950.000,325.000,325.000,300.000,300.000,-1,-1,-1,-1,700.000,650.000,-1,-1,2,0,2,0,0,0,0,0,0,2,2,2,2,0,0,2,2
46,-8989.910,3452.490,-385.108,-160.096,-0.938115,0.340388,-0.063839,-0.340901,-0.940094,-0.003022,-0.061043,0.018928,0.997956,0,0.78802,-0.81748,47.281,-1.635,-1,400.000,-1,375.000,900.000,325.000,325.000,300.000,300.000,-1,-1,-1,-1,675.000,625.000,-1,975.000,2,0,2,0,0,0,0,0,0,2,2,2,2,0,0,2,0
47,-9034.938,3437.631,-387.745,-161.738,-0.947377,0.313325,-0.065604,-0.313733,-0.949502,-0.004240,-0.063619,0.016565,0.997837,0,0.79027,-0.82097,47.416,-1.642,-1,375.000,-1,375.000,850.000,325.000,300.000,300.000,300.000,-1,-1,-1,-1,675.000,600.000,-1,925.000,2,0,2,0,0,0,0,0,0,2,2,2,2,0,0,2,0
48,-9080.509,3424.034,-390.436,-163.387,-0.955893,0.285885,-0.067367,-0.286188,-0.958159,-0.005325,-0.066071,0.014190,0.997714,0,0.79259,-0.82440,47.556,-1.649,-1,375.000,-1,350.000,775.000,300.000,300.000,300.000,300.000,-1,-1,-1,-1,650.000,600.000,-1,850.000,2,0,2,0,0,0,0,0,0,2,2,2,2,0,0,2,0
49,-9126.452,3411.755,-393.339,-165.035,-0.963637,0.258204,-0.068804,-0.258443,-0.966010,-0.005548,-0.067898,0.012435,0.997615,0,0.79259,-0.82440,47.556,-1.649,-1,375.000,-1,350.000,725.000,300.000,300.000,300.000,300.000,-1,-1,-1,-1,625.000,575.000,-1,800.000,2,0,2,0,0,0,0,0,0,2,2,2,2,0,0,2,0
50,-9172.729,3400.802,-395.738,-166.684,-0.970760,0.230311,-0.067692,-0.230363,-0.973079,-0.007143,-0.067515,0.008659,0.997681,0,0.79259,-0.82440,47.556,-1.649,-1,350.000,-1,350.000,725.000,300.000,300.000,300.000,300.000,-1,-1,-1,-1,625.000,575.000,975.000,775.000,2,0,2,0,0,0,0,0,0,2,2,2,2,0,0,0,0
51,-9219.302,3391.185,-398.048,-168.333,-0.977106,0.202223,-0.066106,-0.202064,-0.979330,-0.009144,-0.066589,0.004423,0.997771,0,0.79259,-0.82440,47.556,-1.649,975.000,350.000,-1,350.000,700.000,300.000,275.000,300.000,300.000,-1,-1,-1,-1,625.000,575.000,950.000,750.000,0,0,2,0,0,0,0,0,0,2,2,2,2,0,0,0,0
52,-9266.132,3382.911,-400.217,-169.982,-0.982751,0.173962,-0.062758,-0.173672,-0.984752,-0.010099,-0.063558,0.000975,0.997978,0,0.79259,-0.82440,47.556,-1.649,950.000,350.000,-1,350.000,700.000,300.000,275.000,300.000,300.000,-1,-1,-1,-1,625.000,575.000,925.000,750.000,0,0,2,0,0,0,0,0,0,2,2,2,2,0,0,0,0
53,-9313.181,3375.989,-402.038,-171.631,-0.987629,0.145556,-0.058326,-0.145251,-0.989350,-0.009462,-0.059082,-0.000873,0.998253,0,0.79259,-0.82440,47.556,-1.649,975.000,350.000,-1,350.000,700.000,300.000,300.000,300.000,300.000,-1,-1,-1,-1,625.000,575.000,950.000,750.000,0,0,2,0,0,0,0,0,0,2,2,2,2,0,0,0,0
54,-9361.982,3370.031,-403.948,-173.039,-0.991179,0.121188,-0.053643,-0.120874,-0.992626,-0.009071,-0.054347,-0.002507,0.998519,0,0.81940,-0.70440,49.164,-1.409,975.000,350.000,-1,350.000,700.000,300.000,300.000,300.000,325.000,-1,-1,-1,-1,625.000,575.000,950.000,750.000,0,0,2,0,0,0,0,0,0,2,2,2,2,0,0,0,0
55,-9410.894,3365.070,-405.878,-174.208,-0.993693,0.100914,-0.048884,-0.100598,-0.994887,-0.008887,-0.049531,-0.003913,0.998765,0,0.81940,-0.58440,49.164,-1.169,1000.000,350.000,-1,350.000,700.000,300.000,300.000,300.000,325.000,-1,-1,-1,-1,625.000,575.000,1000.000,750.000,0,0,2,0,0,0,0,0,0,2,2,2,2,0,0,0,0
56,-9459.880,3360.902,-407.823,-175.137,-0.995425,0.084773,-0.044069,-0.084463,-0.996387,-0.008866,-0.044661,-0.005103,0.998989,0,0.81940,-0.46440,49.164,-0.929,1000.000,375.000,-1,350.000,700.000,300.000,300.000,325.000,325.000,-1,675.000,-1,-1,625.000,575.000,-1,775.000,0,0,2,0,0,0,0,0,0,2,0,2,2,0,0,2,0
57,-9508.927,3357.322,-409.780,-175.826,-0.996576,0.072789,-0.039212,-0.072491,-0.997329,-0.008963,-0.039760,-0.006090,0.999191,0,0.81962,-0.34440,49.177,-0.689,-1,375.000,-1,350.000,700.000,300.000,300.000,325.000,300.000,-1,325.000,325.000,-1,625.000,575.000,-1,775.000,2,0,2,0,0,0,0,0,0,2,0,0,2,0,0,2,0
58,-9558.094,3354.121,-411.750,-176.275,-0.997297,0.064974,-0.034321,-0.064697,-0.997863,-0.009130,-0.034841,-0.006885,0.999369,0,0.82120,-0.22440,49.272,-0.449,-1,375.000,-1,350.000,700.000,300.000,300.000,325.000,300.000,-1,275.000,300.000,-1,650.000,600.000,-1,775.000,2,0,2,0,0,0,0,0,0,2,0,0,2,0,0,2,0
59,-9607.359,3351.093,-413.733,-176.483,-0.997684,0.061337,-0.029410,-0.061087,-0.998089,-0.009316,-0.029926,-0.007498,0.999524,0,0.82264,-0.10440,49.358,-0.209,-1,375.000,-1,350.000,700.000,300.000,300.000,300.000,300.000,-1,250.000,250.000,-1,650.000,600.000,-1,800.000,2,0,2,0,0,0,0,0,0,2,0,0,2,0,0,2,0
60,-9656.703,3348.034,-415.728,-176.452,-0.997783,0.061880,-0.024494,-0.061664,-0.998052,-0.009468,-0.025032,-0.007937,0.999655,0,0.82398,0.01560,49.439,0.031,-1,375.000,-1,350.000,700.000,300.000,300.000,300.000,300.000,-1,225.000,225.000,-1,650.000,600.000,-1,800.000,2,0,2,0,0,0,0,0,0,2,0,0,2,0,0,2,0
61,-9706.107,3344.736,-417.739,-176.181,-0.997587,0.066603,-0.019586,-0.066427,-0.997746,-0.009530,-0.020177,-0.008206,0.999763,0,0.82524,0.13560,49.514,0.271,-1,375.000,-1,350.000,725.000,300.000,300.000,300.000,300.000,-1,200.000,225.000,-1,650.000,600.000,-1,825.000,2,0,2,0,0,0,0,0,0,2,0,0,2,0,0,2,0
62,-9755.552,3340.992,-419.768,-175.670,-0.997037,0.075502,-0.014704,-0.075369,-0.997111,-0.009443,-0.015374,-0.008307,0.999847,0,0.82644,0.25560,49.587,0.511,-1,375.000,-1,350.000,725.000,300.000,300.000,300.000,275.000,-1,175.000,200.000,-1,675.000,600.000,-1,850.000,2,0,2,0,0,0,0,0,0,2,0,0,2,0,0,2,0
63,-9805.020,3336.669,-421.818,-175.005,-0.996154,0.087059,-0.009854,-0.086969,-0.996169,-0.009185,-0.010616,-0.008293,0.999909,0,0.82762,0.33219,49.657,0.664,-1,375.000,-1,350.000,725.000,300.000,300.000,300.000,275.000,-1,175.000,175.000,-1,675.000,600.000,-1,850.000,2,0,2,0,0,0,0,0,0,2,0,0,2,0,0,2,0
64,-9854.504,3331.761,-422.581,-174.337,-0.995101,0.098673,-0.006090,-0.098583,-0.995034,-0.013759,-0.007417,-0.013091,0.999887,0,0.82878,0.33433,49.727,0.669,-1,375.000,-1,350.000,750.000,300.000,300.000,275.000,275.000,-1,175.000,200.000,-1,675.000,600.000,-1,900.000,2,0,2,0,0,0,0,0,0,2,0,0,2,0,0,2,0
65,-9903.993,3326.265,-422.184,-173.664,-0.993887,0.110351,-0.003389,-0.110286,-0.993778,-0.015540,-0.005082,-0.015072,0.999873,0,0.82989,0.33650,49.794,0.673,-1,375.000,-1,350.000,775.000,300.000,300.000,275.000,275.000,-1,225.000,250.000,-1,675.000,625.000,-1,950.000,2,0,2,0,0,0,0,0,0,2,0,0,2,0,0,2,0
66,-9953.478,3320.177,-421.644,-172.986,-0.992519,0.122089,-0.000382,-0.122067,-0.992384,-0.016527,-0.002397,-0.016357,0.999863,0,0.83095,0.33869,49.857,0.677,-1,375.000,-1,350.000,825.000,300.000,300.000,275.000,300.000,-1,250.000,300.000,-1,675.000,625.000,-1,1000.000,2,0,2,0,0,0,0,0,0,2,0,0,2,0,0,2,0
67,-10002.945,3313.493,-421.131,-172.305,-0.990993,0.133887,0.002597,-0.133912,-0.990840,-0.017440,0.000238,-0.017631,0.999845,0,0.83196,0.34091,49.918,0.682,-1,375.000,-1,350.000,850.000,300.000,300.000,300.000,300.000,-1,300.000,325.000,-1,675.000,625.000,-1,-1,2,0,2,0,0,0,0,0,0,2,0,0,2,0,0,2,2
68,-10052.386,3306.208,-420.646,-171.618,-0.989307,0.145742,0.005545,-0.145820,-0.989142,-0.018280,0.002820,-0.018893,0.999818,0,0.83291,0.34314,49.974,0.686,-1,375.000,-1,350.000,875.000,300.000,300.000,300.000,300.000,-1,325.000,375.000,-1,675.000,625.000,-1,-1,2,0,2,0,0,0,0,0,0,2,0,0,2,0,0,2,2
69,-10101.788,3298.319,-420.193,-170.927,-0.987458,0.157653,0.008458,-0.157789,-0.987289,-0.019045,0.005348,-0.020140,0.999783,0,0.83380,0.34541,50.028,0.691,-1,375.000,-1,375.000,925.000,300.000,300.000,300.000,300.000,-1,350.000,400.000,-1,700.000,650.000,-1,-1,2,0,2,0,0,0,0,0,0,2,0,0,2,0,0,2,2
70,-10151.139,3289.823,-419.773,-170.232,-0.985444,0.169620,0.011333,-0.169818,-0.985278,-0.019735,0.007819,-0.021372,0.999741,0,0.83462,0.34770,50.077,0.695,-1,375.000,-1,375.000,950.000,325.000,300.000,300.000,300.000,-1,375.000,425.000,-1,700.000,650.000,-1,-1,2,0,2,0,0,0,0,0,0,2,0,0,2,0,0,2,2
71,-10200.428,3280.716,-419.388,-169.532,-0.983263,0.181640,0.014168,-0.181904,-0.983106,-0.020351,0.010232,-0.022587,0.999693,0,0.83538,0.35001,50.123,0.700,-1,400.000,-1,375.000,1000.000,325.000,300.000,300.000,300.000,-1,400.000,450.000,-1,700.000,650.000,-1,-1,2,0,2,0,0,0,0,0,0,2,0,0,2,0,0,2,2
72,-10249.641,3270.996,-418.928,-168.827,-0.980907,0.193714,0.017236,-0.194047,-0.980781,-0.020359,0.012961,-0.023315,0.999644,0,0.83607,0.35235,50.164,0.705,-1,400.000,-1,375.000,-1,325.000,300.000,300.000,275.000,-1,425.000,475.000,-1,700.000,675.000,-1,-1,2,0,2,0,2,0,0,0,0,2,0,0,2,0,0,2,2
73,-10298.766,3260.660,-418.436,-168.118,-0.978373,0.205841,0.020415,-0.206241,-0.978298,-0.019944,0.015866,-0.023723,0.999593,0,0.83668,0.35471,50.201,0.709,-1,400.000,-1,375.000,-1,325.000,325.000,300.000,275.000,-1,375.000,475.000,-1,700.000,675.000,-1,-1,2,0,2,0,2,0,0,0,0,2,0,0,2,0,0,2,2
74,-10347.791,3249.705,-417.972,-167.404,-0.975661,0.218017,0.023554,-0.218482,-0.975649,-0.019375,0.018757,-0.024049,0.999535,0,0.83722,0.35710,50.233,0.714,-1,400.000,-1,375.000,-1,325.000,325.000,275.000,275.000,-1,350.000,425.000,-1,700.000,675.000,-1,-1,2,0,2,0,2,0,0,0,0,2,0,0,2,0,0,2,2
75,-10395.878,3238.163,-417.544,-166.502,-0.972032,0.233338,0.026601,-0.233860,-0.972093,-0.018539,0.021533,-0.024242,0.999474,0,0.82421,0.45071,49.453,0.901,-1,400.000,-1,375.000,-1,325.000,325.000,275.000,275.000,-1,300.000,375.000,-1,725.000,700.000,-1,-1,2,0,2,0,2,0,0,0,0,2,0,0,2,0,0,2,2
76,-10443.805,3225.854,-416.838,-165.596,-0.968154,0.248672,0.028978,-0.249261,-0.968253,-0.018858,0.023368,-0.025481,0.999402,0,0.82471,0.45298,49.482,0.906,1000.000,400.000,-1,375.000,-1,325.000,325.000,275.000,275.000,-1,300.000,375.000,-1,725.000,700.000,-1,-1,1,0,2,0,2,0,0,0,0,2,0,0,2,0,0,2,2
77,-10491.555,3212.777,-415.769,-164.686,-0.964013,0.264009,0.031269,-0.264702,-0.964111,-0.020552,0.024721,-0.028089,0.999300,0,0.82514,0.45528,49.508,0.911,950.000,400.000,-1,375.000,-1,325.000,325.000,275.000,275.000,-1,325.000,375.000,-1,725.000,725.000,-1,-1,1,0,2,0,2,0,0,0,0,2,0,0,2,0,0,2,2
78,-10539.111,3198.934,-414.732,-163.771,-0.959600,0.279353,0.033615,-0.280156,-0.959700,-0.022088,0.026090,-0.030613,0.999191,0,0.82550,0.45759,49.530,0.915,925.000,400.000,-1,400.000,-1,325.000,325.000,275.000,275.000,-1,325.000,400.000,-1,725.000,725.000,-1,-1,1,0,2,0,2,0,0,0,0,2,0,0,2,0,0,2,2
79,-10586.455,3184.324,-413.421,-162.851,-0.954958,0.294714,0.034616,-0.295561,-0.955059,-0.022511,0.026426,-0.031728,0.999147,0,0.82579,0.45992,49.547,0.920,900.000,400.000,-1,400.000,-1,325.000,325.000,275.000,300.000,-1,375.000,450.000,-1,725.000,750.000,-1,-1,1,0,2,0,2,0,0,0,0,2,0,0,2,0,0,2,2
80,-10633.570,3168.948,-411.976,-161.926,-0.950052,0.310083,0.035337,-0.310944,-0.950171,-0.022103,0.026722,-0.031987,0.999131,0,0.82601,0.46227,49.560,0.925,850.000,400.000,-1,400.000,-1,325.000,325.000,275.000,300.000,-1,400.000,475.000,-1,725.000,750.000,-1,-1,1,0,2,0,2,0,0,0,0,2,0,0,2,0,0,2,2
81,-10680.438,3152.807,-410.576,-160.997,-0.944872,0.325452,0.036035,-0.326321,-0.945014,-0.021524,0.027049,-0.032096,0.999119,0,0.82615,0.46464,49.569,0.929,825.000,400.000,-1,400.000,-1,325.000,325.000,275.000,300.000,-1,450.000,525.000,-1,725.000,750.000,-1,-1,1,0,2,0,2,0,0,0,0,2,0,0,2,0,0,2,2
82,-10727.040,3135.903,-409.236,-160.063,-0.939415,0.340814,0.036681,-0.341688,-0.939582,-0.020836,0.027364,-0.032107,0.999110,0,0.82621,0.46703,49.573,0.934,800.000,400.000,-1,400.000,-1,325.000,325.000,275.000,300.000,-1,500.000,550.000,-1,725.000,750.000,-1,-1,1,0,2,0,2,0,0,0,0,2,0,0,2,0,0,2,2
83,-10773.357,3118.239,-407.959,-159.124,-0.933680,0.356165,0.037271,-0.357039,-0.933875,-0.020039,0.027670,-0.032017,0.999104,0,0.82620,0.46944,49.572,0.939,750.000,400.000,-1,400.000,-1,325.000,350.000,275.000,300.000,-1,525.000,600.000,-1,725.000,775.000,-1,-1,1,0,2,0,2,0,0,0,0,2,0,0,2,0,0,2,2
84,-10819.372,3099.816,-406.747,-158.180,-0.927663,0.371500,0.037801,-0.372369,-0.927888,-0.019132,0.027968,-0.031824,0.999102,0,0.82610,0.47185,49.566,0.944,725.000,400.000,-1,400.000,-1,325.000,350.000,275.000,300.000,-1,550.000,625.000,-1,725.000,775.000,-1,-1,1,0,2,0,2,0,0,0,0,2,0,0,2,0,0,2,2
85,-10865.066,3080.638,-405.605,-157.232,-0.921364,0.386813,0.038266,-0.387673,-0.921619,-0.018116,0.028259,-0.031526,0.999103,0,0.82592,0.47428,49.555,0.949,700.000,400.000,-1,400.000,-1,325.000,350.000,275.000,275.000,-1,600.000,650.000,-1,725.000,775.000,-1,-1,1,0,2,0,2,0,0,0,0,2,0,0,2,0,0,2,2
86,-10910.419,3060.709,-404.406,-156.278,-0.914801,0.402107,0.038078,-0.402925,-0.915081,-0.016683,0.028136,-0.030604,0.999135,0,0.82565,0.47672,49.539,0.953,675.000,375.000,-1,425.000,-1,325.000,325.000,275.000,275.000,-1,650.000,700.000,-1,750.000,800.000,-1,-1,1,0,2,0,2,0,0,0,0,2,0,0,2,0,0,2,2
87,-10955.413,3040.033,-403.215,-155.320,-0.907962,0.417372,0.037500,-0.418130,-0.908263,-0.015005,0.027797,-0.029304,0.999184,0,0.82529,0.47917,49.517,0.958,625.000,375.000,-1,425.000,-1,325.000,325.000,275.000,275.000,-1,700.000,750.000,-1,750.000,775.000,-1,-1,1,0,2,0,2,0,0,0,0,2,0,0,2,0,0,2,2
88,-11000.030,3018.617,-402.085,-154.358,-0.900848,0.432577,0.036754,-0.433269,-0.901168,-0.013213,0.027406,-0.027827,0.999237,0,0.82485,0.48088,49.491,0.962,600.000,375.000,-1,400.000,-1,325.000,325.000,275.000,275.000,-1,750.000,800.000,-1,750.000,775.000,-1,-1,1,0,2,0,2,0,0,0,0,2,0,0,2,1,0,2,2
89,-11044.252,2996.466,-400.899,-153.393,-0.893469,0.447702,0.035719,-0.448335,-0.893787,-0.011852,0.026619,-0.026604,0.999292,0,0.82432,0.48233,49.459,0.965,575.000,375.000,-1,400.000,-1,325.000,325.000,275.000,275.000,-1,800.000,850.000,-1,725.000,775.000,-1,-1,1,0,2,0,2,0,0,0,0,2,0,0,2,1,0,2,2
90,-11088.060,2973.589,-399.733,-152.426,-0.885815,0.462744,0.034634,-0.463319,-0.886129,-0.010516,0.025824,-0.025362,0.999345,0,0.82370,0.48371,49.422,0.967,550.000,375.000,-1,400.000,-1,325.000,325.000,275.000,275.000,-1,875.000,925.000,-1,700.000,775.000,-1,-1,1,0,2,0,2,0,0,0,0,2,0,0,2,1,0,2,2
91,-11131.437,2949.994,-398.541,-151.456,-0.877878,0.477692,0.033776,-0.478219,-0.878192,-0.009251,0.025243,-0.024273,0.999387,0,0.82299,0.48502,49.379,0.970,500.000,375.000,-1,400.000,-1,325.000,325.000,275.000,275.000,-1,925.000,975.000,-1,700.000,775.000,-1,-1,1,0,2,0,2,0,0,0,0,2,0,0,2,1,0,2,2
92,-11174.367,2925.690,-397.421,-150.484,-0.869672,0.492544,0.032733,-0.493017,-0.869984,-0.007875,0.024598,-0.022986,0.999433,0,0.82220,0.48625,49.332,0.973,475.000,375.000,-1,400.000,-1,325.000,325.000,275.000,275.000,-1,1000.000,-1,-1,675.000,775.000,-1,-1,1,0,2,0,2,0,0,0,0,2,0,2,2,1,0,2,2
93,-11218.288,2899.878,-396.243,-149.558,-0.861621,0.506552,0.031854,-0.506977,-0.861935,-0.006493,0.024167,-0.021744,0.999471,0,0.84907,0.46296,50.944,0.926,450.000,375.000,-1,400.000,-1,325.000,325.000,275.000,275.000,-1,-1,-1,-1,675.000,775.000,-1,-1,1,0,2,0,2,0,0,0,0,2,2,2,2,1,0,2,2
94,-11261.840,2873.321,-394.633,-148.626,-0.853242,0.520502,0.032484,-0.520924,-0.853584,-0.005618,0.024804,-0.021715,0.999456,0,0.85017,0.46587,51.010,0.932,425.000,400.000,-1,400.000,-1,325.000,325.000,275.000,275.000,-1,-1,-1,-1,675.000,800.000,-1,-1,1,0,2,0,2,0,0,0,0,2,2,2,2,1,0,2,2
95,-11305.001,2846.023,-393.071,-147.688,-0.844594,0.534407,0.032712,-0.534812,-0.844959,-0.004503,0.025234,-0.021298,0.999455,0,0.85114,0.46888,51.069,0.938,400.000,400.000,-1,400.000,-1,325.000,325.000,275.000,275.000,-1,-1,-1,-1,700.000,800.000,-1,-1,1,0,2,0,2,0,0,0,0,2,2,2,2,1,0,2,2
96,-11347.747,2817.991,-391.601,-146.744,-0.835665,0.548263,0.032729,-0.548642,-0.836051,-0.003231,0.025592,-0.020657,0.999459,0,0.85197,0.47201,51.118,0.944,375.000,400.000,-1,400.000,-1,325.000,325.000,275.000,275.000,-1,-1,-1,-1,725.000,825.000,-1,-1,1,1,2,0,2,0,0,0,0,2,2,2,2,1,0,2,2
97,-11390.056,2789.231,-390.303,-145.794,-0.826456,0.562063,0.032495,-0.562419,-0.826850,-0.002215,0.025623,-0.020107,0.999469,0,0.85264,0.47527,51.159,0.951,350.000,375.000,-1,400.000,-1,325.000,325.000,275.000,275.000,-1,-1,-1,-1,750.000,850.000,-1,-1,1,1,2,0,2,0,0,0,0,2,2,2,2,1,0,2,2
98,-11431.903,2759.751,-389.138,-144.836,-0.816958,0.575807,0.032034,-0.576135,-0.817354,-0.001250,0.025463,-0.019477,0.999486,0,0.85314,0.47866,51.188,0.957,350.000,375.000,-1,400.000,-1,325.000,325.000,275.000,275.000,-1,-1,-1,-1,875.000,850.000,-1,-1,1,1,2,0,2,0,0,0,0,2,2,2,2,0,0,2,2
99,-11473.263,2729.560,-388.091,-143.872,-0.807166,0.589491,0.031351,-0.589787,-0.807559,-0.000248,0.025171,-0.018691,0.999508,0,0.85344,0.48220,51.207,0.964,325.000,375.000,-1,400.000,-1,325.000,325.000,275.000,275.000,-1,-1,1000.000,-1,900.000,875.000,-1,-1,1,1,2,0,2,0,0,1,0,2,2,0,2,0,0,2,2
100,-11514.109,2698.669,-386.679,-142.900,-0.797057,0.603133,0.030511,-0.603329,-0.797485,0.003333,0.026342,-0.015752,0.999529,0,0.85354,0.48588,51.212,0.972,300.000,375.000,-1,425.000,-1,325.000,350.000,275.000,275.000,-1,-1,850.000,-1,950.000,900.000,-1,-1,1,1,2,0,2,1,0,1,0,2,2,0,2,0,0,2,2
101,-11554.416,2667.089,-384.128,-141.921,-0.786620,0.616736,0.029417,-0.616632,-0.787135,0.013565,0.031521,-0.007469,0.999475,0,0.85340,0.48973,51.204,0.979,350.000,400.000,-1,425.000,-1,350.000,350.000,275.000,275.000,-1,850.000,650.000,925.000,-1,975.000,-1,-1,1,1,2,0,2,1,0,1,0,2,0,0,0,2,0,2,2
102,-11594.153,2634.833,-381.849,-140.933,-0.775913,0.630227,0.027787,-0.629828,-0.776411,0.022438,0.035715,-0.000091,0.999362,0,0.85302,0.49373,51.181,0.987,450.000,425.000,-1,450.000,-1,350.000,375.000,250.000,275.000,-1,750.000,525.000,850.000,-1,-1,-1,-1,1,1,2,0,2,1,0,1,0,2,0,0,0,2,2,2,2
103,-11633.295,2601.915,-379.836,-139.937,-0.764920,0.643613,0.025689,-0.642949,-0.765325,0.029908,0.038910,0.006360,0.999222,0,0.85238,0.49791,51.143,0.996,-1,450.000,-1,450.000,-1,375.000,375.000,250.000,275.000,-1,700.000,450.000,825.000,-1,-1,-1,-1,2,1,2,0,2,1,0,1,0,2,0,0,0,2,2,2,2
104,-11675.630,2565.346,-378.088,-139.181,-0.756473,0.653615,0.023163,-0.652715,-0.756725,0.036478,0.041370,0.012476,0.999066,0,0.93238,0.37791,55.943,0.756,-1,500.000,-1,475.000,-1,400.000,400.000,250.000,275.000,-1,675.000,425.000,775.000,-1,-1,-1,-1,2,1,2,0,2,0,0,1,0,2,0,0,0,2,2,2,2
105,-11718.369,2527.753,-376.324,-138.666,-0.750658,0.660370,0.020601,-0.659399,-0.750775,0.039122,0.041302,0.015783,0.999022,0,0.94867,0.25791,56.920,0.516,-1,525.000,-1,475.000,-1,400.000,400.000,225.000,275.000,-1,700.000,475.000,775.000,-1,-1,-1,-1,2,0,2,0,2,0,0,1,0,2,0,0,0,2,2,2,2
106,-11760.803,2490.064,-374.983,-138.390,-0.747554,0.663958,0.017973,-0.663027,-0.747567,0.039240,0.039490,0.017417,0.999068,0,0.94590,0.13791,56.754,0.276,-1,550.000,-1,475.000,-1,425.000,400.000,200.000,275.000,-1,775.000,525.000,800.000,-1,-1,-1,-1,2,0,2,0,2,0,0,1,0,2,0,0,0,2,2,2,2
107,-11803.048,2452.496,-374.200,-138.354,-0.747198,0.664423,0.015421,-0.663608,-0.747148,0.037336,0.036329,0.017663,0.999184,0,0.94223,0.01791,56.534,0.036,-1,550.000,-1,475.000,-1,425.000,400.000,200.000,275.000,-1,900.000,625.000,825.000,-1,-1,-1,-1,2,0,2,0,2,0,0,1,0,2,0,0,0,2,2,2,2
108,-11845.219,2415.264,-373.981,-138.558,-0.749593,0.661771,0.013015,-0.661135,-0.749528,0.033282,0.031780,0.016343,0.999361,0,0.93759,-0.10209,56.256,-0.204,-1,550.000,-1,475.000,-1,400.000,400.000,175.000,275.000,-1,-1,775.000,875.000,-1,-1,-1,-1,2,0,2,0,2,0,0,1,0,2,2,0,0,2,2,2,2
109,-11887.424,2378.580,-374.337,-139.002,-0.754711,0.655970,0.010717,-0.655550,-0.754670,0.026972,0.025780,0.013331,0.999579,0,0.93199,-0.22209,55.920,-0.444,-1,525.000,-1,475.000,-1,400.000,400.000,175.000,275.000,-1,-1,-1,950.000,-1,-1,-1,-1,2,0,2,0,2,0,0,1,0,2,2,2,0,2,2,2,2
110,-11929.766,2342.656,-375.376,-139.687,-0.762482,0.646948,0.008944,-0.646742,-0.762491,0.018222,0.018608,0.008110,0.999794,0,0.92547,-0.34209,55.528,-0.684,-1,500.000,-1,475.000,-1,400.000,375.000,150.000,275.000,-1,-1,-1,-1,-1,975.000,-1,-1,2,0,2,0,2,0,0,1,0,2,2,2,2,2,0,2,2
111,-11972.340,2307.699,-377.059,-140.611,-0.772818,0.634586,0.007328,-0.634548,-0.772852,0.007000,0.010106,0.000760,0.999949,0,0.91811,-0.46209,55.087,-0.924,-1,475.000,-1,450.000,-1,375.000,375.000,150.000,275.000,-1,-1,-1,-1,-1,925.000,-1,-1,2,0,2,0,2,0,0,1,0,2,2,2,2,2,0,2,2
112,-12015.236,2273.913,-377.205,-141.775,-0.785568,0.618753,-0.005298,-0.618739,-0.785586,-0.004162,-0.006737,0.000008,0.999977,0,0.91008,-0.58209,54.605,-1.164,-1,450.000,-1,425.000,-1,350.000,350.000,150.000,275.000,-1,-1,-1,-1,1000.000,825.000,-1,-1,2,0,2,0,2,0,0,1,0,2,2,2,2,0,0,2,2
113,-12058.540,2241.493,-376.815,-143.179,-0.800307,0.599315,-0.018168,-0.599210,-0.800511,-0.011366,-0.021355,0.001790,0.999770,0,0.90157,-0.70209,54.094,-1.404,-1,425.000,-1,400.000,-1,325.000,325.000,175.000,275.000,-1,-1,-1,-1,900.000,725.000,-1,-1,2,0,2,0,2,0,0,1,0,2,2,2,2,0,0,2,2
114,-12100.577,2211.335,-375.672,-144.343,-0.812061,0.582913,-0.027740,-0.582848,-0.812504,-0.011210,-0.029073,0.007065,0.999552,0,0.86227,-0.58209,51.736,-1.164,-1,425.000,-1,375.000,-1,325.000,325.000,175.000,275.000,-1,-1,-1,-1,875.000,700.000,-1,-1,2,0,2,0,2,0,0,1,0,2,2,2,2,0,0,2,2
115,-12142.714,2182.123,-375.136,-145.267,-0.821106,0.569717,-0.034763,-0.569691,-0.821777,-0.011613,-0.035184,0.010268,0.999328,0,0.85453,-0.46209,51.272,-0.924,-1,425.000,-1,375.000,-1,325.000,325.000,200.000,250.000,-1,-1,-1,-1,825.000,675.000,-1,-1,2,0,2,0,2,0,0,1,0,2,2,2,2,0,0,2,2
116,-12184.856,2153.645,-375.158,-145.952,-0.827646,0.559855,-0.039548,-0.559832,-0.828509,-0.012682,-0.039866,0.011644,0.999137,0,0.84770,-0.34209,50.862,-0.684,-1,425.000,-1,375.000,925.000,325.000,325.000,225.000,250.000,-1,-1,-1,-1,800.000,650.000,-1,-1,2,0,2,0,0,0,0,1,0,2,2,2,2,0,0,2,2
117,-12226.926,2125.690,-375.692,-146.396,-0.831826,0.553416,-0.042377,-0.553345,-0.832826,-0.014457,-0.043294,0.011423,0.998997,0,0.84185,-0.22209,50.511,-0.444,-1,425.000,-1,350.000,875.000,325.000,325.000,250.000,250.000,-1,-1,-1,-1,775.000,625.000,-1,-1,2,0,2,0,0,0,0,1,0,2,2,2,2,0,0,2,2
118,-12268.963,2098.217,-376.649,-146.834,-0.835971,0.547036,-0.043638,-0.546870,-0.837051,-0.016710,-0.045668,0.009896,0.998908,0,0.83696,-0.21923,50.218,-0.438,-1,425.000,-1,350.000,825.000,325.000,300.000,250.000,250.000,450.000,-1,-1,-1,750.000,625.000,-1,975.000,2,0,2,0,0,0,0,1,0,1,2,2,2,0,0,2,0
119,-12310.996,2071.209,-378.062,-147.277,-0.840180,0.540571,-0.043365,-0.540276,-0.841267,-0.019257,-0.046891,0.007249,0.998874,0,0.83270,-0.22113,49.962,-0.442,-1,425.000,-1,350.000,825.000,325.000,300.000,275.000,250.000,425.000,-1,-1,-1,750.000,600.000,-1,950.000,2,0,2,0,0,0,0,1,0,1,2,2,2,0,0,2,0
120,-12353.053,2044.645,-379.880,-147.723,-0.844454,0.534010,-0.041615,-0.533553,-0.845472,-0.022323,-0.047105,0.003353,0.998884,0,0.82905,-0.22325,49.743,-0.447,-1,400.000,-1,350.000,825.000,325.000,300.000,325.000,275.000,400.000,-1,-1,-1,725.000,600.000,-1,925.000,2,0,2,0,0,0,0,1,0,1,2,2,2,0,0,2,0
121,-12395.161,2018.510,-382.025,-148.174,-0.848798,0.527338,-0.038168,-0.526703,-0.849654,-0.025930,-0.046103,-0.001906,0.998935,0,0.82599,-0.22557,49.560,-0.451,-1,400.000,-1,350.000,825.000,325.000,300.000,350.000,275.000,400.000,-1,-1,-1,700.000,600.000,-1,925.000,2,0,2,0,0,0,0,1,0,1,2,2,2,0,0,2,0
122,-12437.348,1992.788,-384.320,-148.630,-0.853224,0.520537,-0.032397,-0.519737,-0.853792,-0.030208,-0.043385,-0.008936,0.999018,0,0.82351,-0.22807,49.411,-0.456,-1,400.000,-1,350.000,900.000,325.000,300.000,325.000,275.000,375.000,-1,-1,-1,700.000,625.000,-1,950.000,2,0,2,0,0,0,0,0,0,1,2,2,2,0,0,2,0
123,-12479.641,1967.465,-386.928,-149.092,-0.857669,0.513589,-0.025078,-0.512685,-0.857866,-0.034932,-0.039454,-0.017103,0.999075,0,0.82158,-0.23073,49.295,-0.461,975.000,400.000,-1,350.000,1000.000,325.000,300.000,325.000,275.000,375.000,-1,-1,-1,675.000,625.000,1000.000,1000.000,1,0,2,0,0,0,0,0,0,1,2,2,2,0,0,1,0
124,-12522.066,1942.530,-389.845,-149.559,-0.862101,0.506477,-0.016241,-0.505573,-0.861850,-0.040140,-0.034327,-0.026393,0.999062,0,0.82017,-0.23354,49.210,-0.467,900.000,375.000,-1,375.000,-1,325.000,300.000,300.000,275.000,350.000,-1,-1,-1,675.000,650.000,950.000,-1,1,0,2,0,2,0,0,0,0,1,2,2,2,0,0,1,2
125,-12564.646,1917.975,-392.188,-150.032,-0.866403,0.499243,-0.010163,-0.498391,-0.865824,-0.044208,-0.030870,-0.033237,0.998971,0,0.81923,-0.23649,49.154,-0.473,850.000,375.000,-1,375.000,-1,300.000,300.000,300.000,300.000,350.000,-1,-1,-1,650.000,650.000,925.000,-1,1,0,2,0,2,0,0,0,0,1,2,2,2,0,0,1,2
126,-12607.406,1893.792,-393.379,-150.511,-0.870571,0.491950,-0.009582,-0.491068,-0.869907,-0.045981,-0.030956,-0.035324,0.998896,0,0.81873,-0.23957,49.124,-0.479,800.000,375.000,1000.000,375.000,-1,300.000,300.000,300.000,300.000,375.000,-1,-1,-1,650.000,650.000,875.000,-1,1,0,1,0,2,0,0,0,0,1,2,2,2,0,0,1,2
127,-12650.363,1869.976,-394.448,-150.996,-0.874729,0.484535,-0.008681,-0.483664,-0.873997,-0.046879,-0.030302,-0.036808,0.998863,0,0.81863,-0.24276,49.118,-0.486,750.000,375.000,950.000,375.000,-1,300.000,300.000,300.000,300.000,425.000,-1,-1,-1,625.000,650.000,850.000,-1,1,0,1,0,2,0,0,0,0,1,2,2,2,0,0,1,2
128,-12693.539,1846.523,-395.165,-151.489,-0.878868,0.477011,-0.007228,-0.476234,-0.878129,-0.045725,-0.028158,-0.036744,0.998928,0,0.81891,-0.24606,49.134,-0.492,725.000,375.000,900.000,375.000,-1,300.000,300.000,300.000,300.000,450.000,-1,-1,-1,625.000,650.000,825.000,-1,1,0,1,0,2,0,0,0,0,1,2,2,2,0,0,1,2
129,-12736.950,1823.429,-395.905,-151.988,-0.882996,0.469347,-0.005533,-0.468673,-0.882251,-0.044475,-0.025755,-0.036678,0.998995,0,0.81952,-0.24946,49.171,-0.499,700.000,375.000,850.000,375.000,-1,300.000,300.000,300.000,300.000,500.000,-1,-1,-1,650.000,625.000,800.000,-1,1,0,1,0,2,0,0,0,0,1,2,2,2,0,0,1,2
130,-12780.611,1800.694,-396.668,-152.493,-0.887112,0.461540,-0.003593,-0.460976,-0.886363,-0.043138,-0.023095,-0.036612,0.999063,0,0.82044,-0.25295,49.226,-0.506,675.000,375.000,825.000,375.000,-1,300.000,300.000,300.000,300.000,550.000,550.000,-1,-1,625.000,625.000,775.000,-1,1,0,1,0,2,0,0,0,0,1,1,2,2,1,1,1,2
131,-12824.539,1778.319,-397.455,-153.007,-0.891211,0.453586,-0.001409,-0.453139,-0.890463,-0.041723,-0.020180,-0.036546,0.999128,0,0.82163,-0.25653,49.298,-0.513,650.000,375.000,775.000,375.000,-1,300.000,300.000,300.000,300.000,600.000,525.000,-1,-1,600.000,625.000,725.000,-1,1,0,1,0,2,0,0,0,0,1,1,2,2,1,1,1,2
132,-12868.745,1756.305,-398.264,-153.527,-0.895291,0.445481,0.001023,-0.445157,-0.894548,-0.040238,-0.017010,-0.036481,0.999190,0,0.82308,-0.26019,49.385,-0.520,625.000,375.000,750.000,375.000,-1,300.000,300.000,325.000,300.000,625.000,525.000,-1,-1,550.000,600.000,675.000,-1,1,0,1,1,2,0,0,0,0,1,1,2,2,1,1,1,2
133,-12913.244,1734.654,-399.093,-154.055,-0.899346,0.437223,0.003690,-0.437027,-0.898616,-0.038687,-0.013598,-0.036406,0.999245,0,0.82476,-0.26392,49.486,-0.528,600.000,375.000,700.000,375.000,-1,300.000,300.000,325.000,300.000,675.000,550.000,-1,-1,525.000,575.000,650.000,-1,1,0,1,1,2,0,1,0,0,1,1,2,2,1,1,1,2
