timestep,x_cm,y_cm,z_cm,yaw_deg,basis_xx,basis_xy,basis_xz,basis_yx,basis_yy,basis_yz,basis_zx,basis_zy,basis_zz,teleport_flag,throttle_cmd,steering_cmd,cmd_move_cm,cmd_turn_deg,lidar_cm_0,lidar_cm_1,lidar_cm_2,lidar_cm_3,lidar_cm_4,lidar_cm_5,lidar_cm_6,lidar_cm_7,lidar_cm_8,lidar_cm_9,lidar_cm_10,lidar_cm_11,lidar_cm_12,lidar_cm_13,lidar_cm_14,lidar_cm_15,lidar_cm_16,lidar_class_0,lidar_class_1,lidar_class_2,lidar_class_3,lidar_class_4,lidar_class_5,lidar_class_6,lidar_class_7,lidar_class_8,lidar_class_9,lidar_class_10,lidar_class_11,lidar_class_12,lidar_class_13,lidar_class_14,lidar_class_15,lidar_class_16
0,-6230.825,-332.737,-310.833,-83.652,0.110593,0.993866,-0.000322,-0.993720,0.110572,-0.017171,-0.017030,0.002219,0.999853,1,0.08000,0.12000,4.800,0.240,-1,375.000,-1,400.000,-1,325.000,350.000,275.000,275.000,725.000,400.000,400.000,925.000,700.000,775.000,-1,-1,2,0,2,0,2,0,0,0,0,1,1,1,1,0,0,2,2
1,-6229.684,-342.269,-311.013,-83.172,0.118924,0.992903,-0.000758,-0.992761,0.118894,-0.017024,-0.016813,0.002777,0.999855,0,0.16000,0.24000,9.600,0.480,-1,375.000,-1,400.000,-1,325.000,350.000,275.000,275.000,725.000,400.000,400.000,950.000,700.000,775.000,-1,-1,2,0,2,0,2,0,0,0,0,1,1,1,1,0,0,2,2
2,-6227.792,-356.544,-311.286,-82.452,0.131403,0.991328,-0.001447,-0.991192,0.131361,-0.016818,-0.016482,0.003644,0.999858,0,0.24000,0.36000,14.400,0.720,-1,375.000,-1,400.000,-1,325.000,350.000,275.000,275.000,725.000,425.000,425.000,975.000,700.000,775.000,-1,-1,2,0,2,0,2,0,0,0,0,1,1,1,1,0,0,2,2
3,-6224.952,-375.533,-311.654,-81.492,0.148010,0.988983,-0.002429,-0.988856,0.147951,-0.016569,-0.016027,0.004854,0.999860,0,0.32000,0.48000,19.200,0.960,-1,375.000,-1,425.000,-1,325.000,350.000,275.000,275.000,750.000,425.000,425.000,-1,700.000,775.000,-1,-1,2,0,2,0,2,0,0,0,0,1,1,1,2,0,0,2,2
4,-6221.523,-395.570,-312.054,-80.292,0.168708,0.985660,-0.003575,-0.985544,0.168628,-0.016370,-0.015532,0.006285,0.999860,0,0.33881,0.60000,20.328,1.200,-1,375.000,-1,425.000,-1,325.000,350.000,275.000,275.000,750.000,450.000,450.000,-1,700.000,775.000,-1,-1,2,0,2,0,2,0,0,0,0,1,1,1,2,0,0,2,2
5,-6217.563,-415.920,-312.472,-78.988,0.191108,0.981557,-0.004845,-0.981454,0.191008,-0.016235,-0.015010,0.007857,0.999856,0,0.34552,0.65184,20.731,1.304,-1,375.000,-1,425.000,-1,325.000,350.000,275.000,275.000,750.000,475.000,475.000,-1,675.000,800.000,-1,-1,2,0,2,0,2,0,0,0,0,1,1,1,2,0,0,2,2
6,-6213.059,-436.582,-312.903,-77.702,0.213115,0.977007,-0.006221,-0.976920,0.212993,-0.016155,-0.014459,0.009520,0.999850,0,0.35245,0.64320,21.147,1.286,-1,375.000,-1,425.000,-1,325.000,350.000,275.000,275.000,775.000,500.000,500.000,-1,675.000,800.000,-1,-1,2,0,2,0,2,0,0,0,0,1,1,1,2,0,0,2,2
7,-6207.999,-457.550,-313.348,-76.433,0.234715,0.972034,-0.007705,-0.971965,0.234570,-0.016138,-0.013880,0.011277,0.999840,0,0.35950,0.63441,21.570,1.269,-1,375.000,-1,425.000,-1,325.000,325.000,300.000,275.000,775.000,500.000,525.000,-1,675.000,825.000,-1,-1,2,0,2,0,2,0,0,0,0,1,1,1,2,0,0,2,2
8,-6202.372,-478.817,-313.806,-75.182,0.255898,0.966659,-0.009297,-0.966613,0.255730,-0.016191,-0.013273,0.013130,0.999826,0,0.36665,0.62548,21.999,1.251,-1,375.000,-1,425.000,-1,325.000,325.000,300.000,275.000,800.000,525.000,550.000,-1,675.000,825.000,-1,-1,2,0,2,0,2,0,0,0,0,1,1,1,2,0,0,2,2
9,-6196.169,-500.376,-314.275,-73.949,0.276654,0.960907,-0.010998,-0.960886,0.276461,-0.016320,-0.012641,0.015083,0.999806,0,0.37390,0.61642,22.434,1.233,-1,375.000,-1,425.000,-1,325.000,325.000,300.000,275.000,825.000,550.000,550.000,-1,675.000,825.000,-1,-1,2,0,2,0,2,0,0,0,0,1,1,0,2,0,0,2,2
10,-6189.380,-522.219,-314.754,-72.735,0.296974,0.954800,-0.012808,-0.954810,0.296755,-0.016532,-0.011984,0.017139,0.999781,0,0.38122,0.60722,22.873,1.214,-1,375.000,-1,425.000,-1,325.000,325.000,300.000,275.000,825.000,575.000,525.000,-1,675.000,825.000,-1,-1,2,0,2,0,2,0,0,0,0,1,1,0,2,0,0,2,2
11,-6181.996,-544.335,-315.244,-71.539,0.316849,0.948362,-0.014726,-0.948409,0.316603,-0.016834,-0.011303,0.019300,0.999750,0,0.38861,0.59788,23.317,1.196,-1,375.000,-1,425.000,-1,300.000,325.000,300.000,275.000,850.000,600.000,500.000,975.000,675.000,825.000,-1,-1,2,0,2,0,2,0,0,0,0,1,1,0,0,0,0,2,2
12,-6174.009,-566.716,-315.660,-70.362,0.336274,0.941622,-0.016387,-0.941702,0.336000,-0.017359,-0.010840,0.021269,0.999715,0,0.39605,0.58841,23.763,1.177,-1,375.000,-1,400.000,-1,300.000,325.000,300.000,275.000,850.000,625.000,475.000,950.000,675.000,825.000,-1,-1,2,0,2,0,2,0,0,0,0,1,1,0,0,0,0,2,2
13,-6165.413,-589.351,-316.044,-69.204,0.355243,0.934601,-0.017972,-0.934715,0.354940,-0.018032,-0.010474,0.023204,0.999676,0,0.40354,0.57880,24.213,1.158,-1,375.000,-1,400.000,-1,300.000,325.000,300.000,275.000,875.000,650.000,475.000,925.000,675.000,800.000,-1,-1,2,0,2,0,2,0,0,0,0,1,1,0,0,0,0,2,2
14,-6156.199,-612.230,-316.451,-68.066,0.373753,0.927319,-0.019695,-0.927473,0.373414,-0.018860,-0.010135,0.025316,0.999628,0,0.41107,0.56906,24.664,1.138,-1,350.000,-1,400.000,-1,300.000,325.000,300.000,275.000,900.000,675.000,475.000,925.000,650.000,800.000,-1,-1,2,0,2,0,2,0,0,0,0,1,1,0,0,0,0,2,2
15,-6145.105,-637.972,-316.929,-66.688,0.395967,0.918007,-0.021750,-0.918213,0.395582,-0.020000,-0.009757,0.027890,0.999563,0,0.46719,0.68906,28.031,1.378,-1,350.000,-1,400.000,-1,300.000,325.000,300.000,275.000,925.000,675.000,475.000,900.000,650.000,775.000,-1,-1,2,0,2,0,2,0,0,0,0,1,0,0,0,0,0,2,2
16,-6133.073,-663.857,-317.079,-65.070,0.421717,0.906432,-0.023144,-0.906690,0.421329,-0.019907,-0.008294,0.029379,0.999534,0,0.47576,0.80906,28.546,1.618,-1,350.000,-1,400.000,-1,300.000,325.000,300.000,275.000,950.000,650.000,450.000,875.000,650.000,775.000,-1,-1,2,0,2,0,2,0,0,0,0,1,0,0,0,0,0,2,2
17,-6119.968,-689.812,-316.907,-63.212,0.450838,0.892283,-0.024013,-0.892587,0.450492,-0.018561,-0.005744,0.029801,0.999539,0,0.48459,0.92906,29.076,1.858,-1,350.000,-1,400.000,-1,300.000,325.000,300.000,275.000,950.000,600.000,425.000,850.000,650.000,800.000,-1,-1,2,0,2,0,2,0,0,0,0,1,0,0,0,0,0,2,2
18,-6105.758,-715.800,-316.715,-61.331,0.479833,0.877000,-0.025117,-0.877354,0.479534,-0.017218,-0.003056,0.030298,0.999536,0,0.49366,0.94061,29.620,1.881,-1,375.000,-1,400.000,-1,300.000,325.000,300.000,275.000,975.000,575.000,400.000,850.000,650.000,800.000,-1,-1,2,0,2,0,2,0,0,0,0,1,0,0,0,0,0,2,2
19,-6090.436,-741.782,-316.504,-59.472,0.507962,0.860972,-0.026490,-0.861379,0.507713,-0.015928,-0.000264,0.030909,0.999522,0,0.50271,0.92919,30.163,1.858,-1,375.000,-1,400.000,-1,300.000,325.000,300.000,275.000,975.000,525.000,400.000,825.000,650.000,800.000,-1,-1,2,0,2,0,2,0,0,0,0,1,0,0,0,0,0,2,2
20,-6072.290,-770.657,-316.215,-57.854,0.532011,0.846255,-0.028590,-0.846734,0.531804,-0.015035,0.002481,0.032207,0.999478,0,0.56840,0.80919,34.104,1.618,-1,375.000,-1,400.000,-1,300.000,325.000,300.000,275.000,1000.000,525.000,375.000,800.000,650.000,825.000,-1,-1,2,0,2,0,2,0,0,0,0,1,0,0,0,0,0,2,2
21,-6053.315,-799.154,-315.912,-56.345,0.554040,0.831915,-0.030932,-0.832474,0.553881,-0.014286,0.005248,0.033665,0.999419,0,0.57062,0.75458,34.237,1.509,-1,375.000,-1,400.000,-1,300.000,325.000,300.000,275.000,-1,500.000,375.000,800.000,650.000,825.000,-1,-1,2,0,2,0,2,0,0,0,0,2,0,0,0,0,0,2,2
22,-6033.528,-827.256,-315.586,-54.851,0.575457,0.817147,-0.033471,-0.817792,0.575351,-0.013668,0.008089,0.035237,0.999346,0,0.57283,0.74700,34.370,1.494,-1,375.000,-1,400.000,-1,300.000,325.000,300.000,300.000,-1,500.000,375.000,775.000,650.000,850.000,-1,-1,2,0,2,0,2,0,0,0,0,2,0,0,0,0,0,2,2
23,-6012.943,-854.943,-315.239,-53.371,0.596265,0.801971,-0.036198,-0.802712,0.596221,-0.013195,0.011000,0.036924,0.999258,0,0.57501,0.73973,34.501,1.479,-1,375.000,-1,400.000,-1,325.000,325.000,300.000,300.000,-1,475.000,350.000,775.000,650.000,850.000,-1,-1,2,0,2,0,2,0,0,0,0,2,0,0,0,0,0,2,2
24,-5991.575,-882.198,-314.868,-51.906,0.616470,0.786406,-0.039107,-0.787254,0.616494,-0.012882,0.013979,0.038728,0.999152,0,0.57721,0.73276,34.633,1.466,-1,375.000,-1,400.000,-1,325.000,325.000,300.000,300.000,-1,475.000,350.000,750.000,650.000,850.000,-1,-1,2,0,2,0,2,0,0,0,0,2,0,0,0,0,0,2,2
25,-5966.587,-912.703,-314.479,-50.680,0.633015,0.772971,-0.042528,-0.773952,0.633115,-0.012795,0.017035,0.041014,0.999013,0,0.65721,0.61276,39.433,1.226,-1,375.000,-1,400.000,-1,325.000,325.000,325.000,300.000,-1,475.000,325.000,750.000,675.000,850.000,-1,-1,2,0,2,0,2,0,0,0,0,2,0,0,0,0,0,2,2
26,-5940.373,-943.606,-314.161,-49.695,0.646082,0.761895,-0.045760,-0.763013,0.646255,-0.012917,0.019732,0.043261,0.998869,0,0.67540,0.49276,40.524,0.986,-1,375.000,-1,400.000,-1,325.000,325.000,325.000,300.000,-1,475.000,325.000,750.000,675.000,850.000,-1,-1,2,0,2,0,2,0,0,0,0,2,0,0,0,0,0,2,2
27,-5913.629,-974.313,-313.831,-48.949,0.655793,0.753337,-0.049181,-0.754611,0.656039,-0.013224,0.022303,0.045784,0.998702,0,0.67869,0.37276,40.721,0.746,-1,375.000,-1,400.000,-1,325.000,325.000,325.000,300.000,-1,475.000,325.000,750.000,675.000,850.000,-1,-1,2,0,2,0,2,0,0,0,0,2,0,0,0,0,0,2,2
28,-5886.470,-1004.947,-313.488,-48.444,0.662252,0.747420,-0.052774,-0.748873,0.662573,-0.013690,0.024734,0.048587,0.998513,0,0.68232,0.25276,40.939,0.506,-1,375.000,-1,400.000,-1,325.000,325.000,325.000,300.000,-1,475.000,325.000,750.000,675.000,850.000,-1,-1,2,0,2,0,2,0,0,0,0,2,0,0,0,0,0,2,2
29,-5859.009,-1035.633,-313.133,-48.178,0.665531,0.744226,-0.056530,-0.745881,0.665926,-0.014286,0.027013,0.051673,0.998299,0,0.68633,0.13276,41.180,0.266,-1,375.000,-1,400.000,-1,325.000,325.000,325.000,300.000,-1,475.000,325.000,750.000,675.000,850.000,-1,-1,2,0,2,0,2,0,0,0,0,2,0,0,0,0,0,2,2
30,-5831.357,-1066.505,-312.665,-48.153,0.665695,0.743811,-0.059961,-0.745667,0.666151,-0.014950,0.028823,0.054663,0.998089,0,0.69075,0.01276,41.445,0.026,-1,375.000,-1,400.000,-1,325.000,325.000,325.000,300.000,-1,500.000,350.000,725.000,675.000,875.000,-1,-1,2,0,2,0,2,0,0,0,0,2,0,0,0,0,0,2,2
31,-5803.629,-1097.699,-311.541,-48.367,0.662895,0.746262,-0.060528,-0.748167,0.663329,-0.015516,0.028571,0.055571,0.998046,0,0.69561,-0.10724,41.737,-0.214,-1,375.000,-1,400.000,-1,325.000,325.000,325.000,300.000,-1,525.000,400.000,750.000,675.000,875.000,-1,-1,2,0,2,0,2,0,0,0,0,2,0,0,0,0,0,2,2
32,-5775.938,-1129.352,-310.401,-48.822,0.656943,0.751451,-0.061216,-0.753416,0.657345,-0.016152,0.028103,0.056732,0.997994,0,0.70092,-0.22724,42.055,-0.454,-1,375.000,-1,400.000,-1,300.000,325.000,325.000,300.000,-1,575.000,425.000,775.000,675.000,875.000,-1,-1,2,0,2,0,2,0,0,0,0,2,0,0,0,0,0,2,2
33,-5748.409,-1161.603,-309.253,-49.516,0.647775,0.759301,-0.062041,-0.761338,0.648136,-0.016859,0.027410,0.058155,0.997931,0,0.70670,-0.34724,42.402,-0.694,-1,375.000,-1,425.000,-1,300.000,325.000,325.000,300.000,-1,650.000,500.000,800.000,675.000,875.000,-1,-1,2,0,2,0,2,0,0,0,0,2,0,0,0,0,0,2,2
34,-5721.169,-1194.587,-308.101,-50.451,0.635295,0.769694,-0.063020,-0.771815,0.635603,-0.017633,0.026484,0.059842,0.997856,0,0.71296,-0.46724,42.778,-0.934,-1,375.000,-1,425.000,-1,300.000,325.000,325.000,300.000,-1,700.000,550.000,825.000,700.000,875.000,-1,-1,2,0,2,0,2,0,0,0,0,2,0,0,0,0,0,2,2
35,-5694.574,-1228.169,-306.962,-51.625,0.619377,0.782467,-0.064162,-0.784686,0.619619,-0.018461,0.025311,0.061782,0.997769,0,0.71395,-0.58724,42.837,-1.174,-1,375.000,-1,425.000,-1,300.000,325.000,300.000,300.000,-1,775.000,600.000,825.000,725.000,900.000,-1,-1,2,0,2,0,2,0,0,0,0,2,0,0,0,0,0,2,2
36,-5668.778,-1262.447,-306.079,-53.040,0.599898,0.797370,-0.065757,-0.799740,0.599999,-0.020410,0.023180,0.064832,0.997627,0,0.71499,-0.70724,42.899,-1.414,-1,375.000,-1,425.000,-1,300.000,325.000,300.000,300.000,-1,875.000,675.000,850.000,725.000,875.000,-1,-1,2,0,2,0,2,0,0,0,0,2,0,0,0,0,0,2,2
37,-5643.941,-1297.513,-305.263,-54.694,0.576666,0.814175,-0.067648,-0.816719,0.576595,-0.022534,0.020659,0.068244,0.997455,0,0.71617,-0.82724,42.970,-1.654,-1,375.000,-1,425.000,-1,325.000,325.000,300.000,300.000,-1,975.000,775.000,875.000,750.000,875.000,-1,-1,2,0,2,0,2,0,0,0,0,2,0,0,0,0,0,2,2
38,-5620.235,-1333.445,-304.483,-56.589,0.549488,0.832579,-0.069825,-0.835311,0.549224,-0.024652,0.017825,0.071871,0.997255,0,0.71745,-0.94724,43.047,-1.894,-1,375.000,-1,425.000,-1,325.000,325.000,300.000,300.000,-1,-1,900.000,900.000,750.000,875.000,-1,-1,2,0,2,0,2,0,0,0,0,2,2,0,0,0,0,2,2
39,-5597.754,-1370.252,-303.714,-58.589,0.520172,0.850992,-0.072350,-0.853935,0.519682,-0.026923,0.014687,0.075787,0.997016,0,0.71881,-1.00000,43.128,-2.000,-1,375.000,-1,425.000,-1,325.000,325.000,325.000,300.000,-1,-1,-1,900.000,775.000,875.000,-1,-1,2,0,2,0,2,0,0,0,0,2,2,2,0,0,0,2,2
40,-5574.039,-1411.904,-303.036,-60.349,0.493855,0.866288,-0.075190,-0.869462,0.493150,-0.028963,0.011989,0.079678,0.996749,0,0.79881,-0.88000,47.928,-1.760,-1,400.000,-1,425.000,-1,325.000,325.000,325.000,275.000,-1,-1,-1,925.000,775.000,875.000,-1,-1,2,0,2,0,2,0,0,0,0,2,2,2,0,0,0,2,2
41,-5551.179,-1454.653,-302.605,-61.869,0.470727,0.878836,-0.077868,-0.882220,0.469876,-0.030073,0.010159,0.082853,0.996510,0,0.80793,-0.76000,48.476,-1.520,-1,400.000,-1,425.000,-1,325.000,350.000,325.000,275.000,-1,-1,-1,925.000,800.000,875.000,-1,-1,2,0,2,0,2,0,0,0,0,2,2,2,0,0,0,2,2
42,-5529.254,-1497.958,-302.537,-63.149,0.451098,0.888967,-0.079041,-0.892443,0.450053,-0.031593,0.007487,0.084791,0.996371,0,0.80897,-0.64000,48.538,-1.280,-1,400.000,-1,425.000,-1,325.000,350.000,325.000,275.000,-1,-1,-1,950.000,800.000,875.000,-1,-1,2,0,2,0,2,0,0,0,0,2,2,2,0,0,0,2,2
43,-5508.095,-1541.705,-302.818,-64.189,0.435100,0.896935,-0.078719,-0.900373,0.433817,-0.033622,0.003993,0.085505,0.996330,0,0.80990,-0.52000,48.594,-1.040,-1,400.000,-1,425.000,-1,325.000,325.000,300.000,275.000,-1,-1,-1,1000.000,775.000,850.000,-1,-1,2,0,2,0,2,0,0,0,0,2,2,2,0,0,0,2,2
44,-5487.527,-1585.789,-303.096,-64.989,0.422737,0.902850,-0.078459,-0.906252,0.421226,-0.035718,0.000801,0.086203,0.996277,0,0.81077,-0.40000,48.646,-0.800,-1,400.000,-1,425.000,-1,325.000,325.000,300.000,300.000,-1,-1,-1,-1,775.000,825.000,-1,-1,2,0,2,0,2,0,0,0,0,2,2,2,2,0,0,2,2
45,-5467.371,-1630.119,-303.286,-65.549,0.414069,0.906889,-0.078090,-0.910243,0.412367,-0.037561,-0.001862,0.086634,0.996238,0,0.81160,-0.28000,48.696,-0.560,-1,400.000,-1,425.000,-1,325.000,325.000,300.000,300.000,-1,-1,-1,-1,750.000,825.000,-1,-1,2,0,2,0,2,0,0,0,0,2,2,2,2,0,0,2,2
46,-5446.806,-1676.023,-303.476,-65.869,0.409173,0.909136,-0.077778,-0.912447,0.407276,-0.039592,-0.004317,0.087169,0.996184,0,0.83832,-0.16000,50.299,-0.320,-1,400.000,-1,400.000,-1,325.000,325.000,300.000,300.000,-1,-1,-1,-1,750.000,800.000,-1,-1,2,0,2,0,2,0,0,0,0,2,2,2,2,0,0,2,2
47,-5426.148,-1722.309,-303.647,-65.949,0.408072,0.909653,-0.077515,-0.912926,0.405984,-0.041746,-0.006505,0.087801,0.996117,0,0.84478,-0.04000,50.687,-0.080,-1,400.000,-1,400.000,-1,325.000,325.000,275.000,300.000,-1,-1,-1,-1,725.000,800.000,-1,-1,2,0,2,0,2,0,0,0,0,2,2,2,2,0,0,2,2
48,-5405.201,-1768.892,-303.785,-65.789,0.410773,0.908457,-0.077279,-0.911699,0.408496,-0.044007,-0.008410,0.088532,0.996038,0,0.85126,0.08000,51.076,0.160,-1,400.000,-1,400.000,-1,325.000,325.000,275.000,300.000,-1,-1,-1,-1,725.000,775.000,-1,-1,2,0,2,0,2,0,0,0,0,2,2,2,2,0,0,2,2
49,-5383.768,-1815.681,-303.874,-65.389,0.417259,0.905515,-0.077048,-0.908732,0.414797,-0.046358,-0.010019,0.089359,0.995949,0,0.85776,0.20000,51.465,0.400,-1,400.000,-1,400.000,-1,325.000,325.000,275.000,300.000,-1,-1,-1,-1,700.000,775.000,-1,-1,2,0,2,0,2,0,0,0,0,2,2,2,2,0,0,2,2
50,-5361.645,-1862.579,-304.213,-64.749,0.427433,0.900657,-0.078224,-0.903987,0.424806,-0.048441,-0.010398,0.091419,0.995758,0,0.86423,0.32000,51.854,0.640,-1,400.000,-1,400.000,-1,325.000,325.000,275.000,300.000,-1,-1,-1,-1,675.000,750.000,-1,950.000,2,0,2,0,2,0,0,0,0,2,2,2,2,0,0,2,1
51,-5338.635,-1909.477,-304.551,-63.869,0.441260,0.893823,-0.079812,-0.897323,0.438489,-0.050387,-0.010040,0.093851,0.995536,0,0.87066,0.44000,52.239,0.880,-1,375.000,-1,400.000,-1,325.000,325.000,300.000,300.000,-1,-1,-1,-1,675.000,725.000,-1,875.000,2,0,2,0,2,0,0,0,0,2,2,2,2,0,0,2,1
52,-5314.539,-1956.253,-304.691,-62.749,0.458655,0.884900,-0.081169,-0.888568,0.455783,-0.052044,-0.009058,0.095995,0.995341,0,0.87698,0.56000,52.619,1.120,-1,375.000,975.000,375.000,975.000,325.000,325.000,300.000,300.000,-1,-1,-1,-1,675.000,700.000,-1,825.000,2,0,1,0,1,0,0,0,0,2,2,2,2,0,1,2,1
53,-5289.162,-2002.769,-304.621,-61.389,0.479501,0.873633,-0.082734,-0.877510,0.476548,-0.053654,-0.007448,0.098327,0.995126,0,0.88315,0.68000,52.989,1.360,-1,375.000,950.000,375.000,825.000,325.000,325.000,300.000,300.000,-1,-1,-1,-1,650.000,675.000,-1,750.000,2,0,1,0,1,0,0,0,0,2,2,2,2,0,1,2,1
54,-5262.408,-2048.917,-304.324,-59.901,0.501958,0.860753,-0.084514,-0.864875,0.498937,-0.055257,-0.005396,0.100830,0.994889,0,0.88907,0.74365,53.344,1.487,-1,375.000,900.000,375.000,750.000,300.000,300.000,300.000,300.000,-1,-1,-1,-1,650.000,625.000,-1,700.000,2,0,1,0,1,0,0,0,0,2,2,2,2,0,1,2,1
55,-5234.297,-2094.648,-304.309,-58.423,0.523777,0.847543,-0.085604,-0.851854,0.520937,-0.054495,-0.001593,0.101465,0.994838,0,0.89469,0.73895,53.682,1.478,-1,375.000,875.000,375.000,675.000,300.000,300.000,300.000,300.000,-1,-1,-1,-1,650.000,600.000,-1,650.000,2,0,1,0,1,0,0,0,0,2,2,2,2,0,1,2,1
56,-5204.852,-2139.912,-304.130,-56.956,0.545063,0.833880,-0.086896,-0.838392,0.542439,-0.053476,0.002543,0.102000,0.994781,0,0.90000,0.73366,54.000,1.467,-1,375.000,825.000,375.000,600.000,300.000,300.000,300.000,300.000,-1,-1,-1,-1,650.000,575.000,-1,600.000,2,0,1,0,1,0,0,0,0,2,2,2,2,0,1,2,1
57,-5174.099,-2184.656,-303.596,-55.500,0.565831,0.819818,-0.087941,-0.824495,0.563435,-0.052434,0.006562,0.102176,0.994745,0,0.90492,0.72775,54.295,1.456,-1,375.000,800.000,375.000,550.000,300.000,300.000,325.000,300.000,-1,-1,-1,-1,625.000,550.000,-1,550.000,2,0,1,0,1,0,0,0,0,2,2,2,2,0,1,2,1
58,-5142.072,-2228.828,-302.668,-54.058,0.586008,0.805334,-0.089620,-0.810230,0.583862,-0.051300,0.011012,0.102675,0.994654,0,0.90938,0.72120,54.563,1.442,-1,375.000,775.000,375.000,500.000,300.000,300.000,325.000,300.000,-1,-1,-1,-1,625.000,500.000,-1,500.000,2,0,1,0,1,0,0,0,0,2,2,2,2,0,1,2,1
59,-5108.811,-2272.376,-301.575,-52.630,0.605597,0.790495,-0.091487,-0.795619,0.603720,-0.050129,0.015605,0.103147,0.994544,0,0.91332,0.71396,54.799,1.428,-1,375.000,725.000,375.000,450.000,300.000,300.000,325.000,300.000,-1,-1,-1,-1,625.000,475.000,-1,450.000,2,0,1,0,1,0,0,0,0,2,2,2,2,0,1,2,1
60,-5074.362,-2315.247,-300.317,-51.218,0.624575,0.775342,-0.093545,-0.780700,0.622987,-0.048930,0.020340,0.103591,0.994412,0,0.91663,0.70602,54.998,1.412,-1,375.000,700.000,375.000,400.000,300.000,300.000,325.000,300.000,-1,-1,-1,-1,625.000,450.000,-1,400.000,2,0,1,0,1,0,0,0,0,2,2,2,2,0,1,2,1
61,-5038.779,-2357.385,-298.898,-49.823,0.642923,0.759916,-0.095800,-0.765515,0.641646,-0.047712,0.025213,0.104011,0.994256,0,0.91923,0.69735,55.154,1.395,-1,350.000,675.000,350.000,350.000,300.000,300.000,325.000,300.000,-1,-1,650.000,-1,625.000,425.000,-1,350.000,2,0,1,1,1,0,0,0,0,2,2,0,2,0,1,2,1
62,-5002.124,-2398.738,-297.257,-48.448,0.660649,0.744277,-0.097952,-0.750094,0.659696,-0.046471,0.030031,0.104174,0.994106,0,0.92102,0.68793,55.261,1.376,-1,350.000,625.000,325.000,300.000,300.000,300.000,325.000,300.000,-1,875.000,625.000,-1,625.000,375.000,-1,325.000,2,0,1,1,1,0,0,0,0,2,0,0,2,0,1,2,1
63,-4964.465,-2439.251,-295.378,-47.092,0.677746,0.728477,-0.099909,-0.734475,0.677129,-0.045191,0.034730,0.104009,0.993970,0,0.92190,0.67773,55.314,1.355,-1,350.000,600.000,300.000,250.000,300.000,300.000,325.000,300.000,-1,700.000,600.000,-1,625.000,350.000,-1,275.000,2,0,1,1,1,0,0,0,0,2,0,0,2,0,1,2,1
64,-4925.881,-2478.871,-292.960,-45.759,0.694115,0.712642,-0.101714,-0.718722,0.694016,-0.042182,0.040531,0.102383,0.993919,0,0.92175,0.66675,55.305,1.334,-1,350.000,575.000,275.000,225.000,300.000,300.000,325.000,300.000,-1,550.000,550.000,-1,650.000,325.000,-1,225.000,2,0,1,1,1,0,1,0,0,2,0,0,2,0,1,2,1
65,-4886.457,-2517.546,-290.328,-44.449,0.709813,0.696726,-0.103627,-0.702855,0.710267,-0.038934,0.046476,0.100471,0.993854,0,0.92046,0.65500,55.228,1.310,-1,375.000,550.000,250.000,175.000,300.000,275.000,325.000,300.000,-1,475.000,475.000,-1,650.000,300.000,-1,200.000,2,0,1,1,1,0,1,0,0,2,0,0,2,1,1,2,1
66,-4846.287,-2555.226,-286.671,-43.164,0.724709,0.680946,-0.105403,-0.686884,0.726057,-0.032118,0.054657,0.095676,0.993911,0,0.91796,0.64249,55.077,1.285,-1,375.000,525.000,250.000,150.000,300.000,250.000,325.000,300.000,-1,375.000,400.000,-1,625.000,275.000,-1,150.000,2,0,1,1,1,0,1,0,1,2,0,0,2,1,1,2,1
67,-4805.480,-2591.879,-277.561,-41.905,0.738201,0.666180,-0.106132,-0.670026,0.742337,-0.000790,0.078260,0.071694,0.994352,0,0.91414,0.62928,54.848,1.259,-1,400.000,625.000,250.000,150.000,350.000,250.000,300.000,300.000,-1,200.000,275.000,-1,675.000,275.000,-1,150.000,2,0,1,1,1,1,1,0,1,2,0,0,2,1,1,2,1
68,-4764.127,-2627.441,-268.449,-40.674,0.751335,0.650992,-0.108186,-0.652130,0.757536,0.029410,0.101101,0.048454,0.993696,0,0.90895,0.61541,54.537,1.231,-1,450.000,-1,250.000,125.000,350.000,250.000,275.000,300.000,925.000,150.000,225.000,-1,750.000,300.000,-1,150.000,2,0,2,1,1,1,1,0,1,0,0,0,2,1,1,2,1
69,-4722.337,-2661.875,-259.351,-39.472,0.764026,0.635491,-0.111428,-0.633335,0.771672,0.058387,0.123090,0.025962,0.992056,0,0.90238,0.60098,54.143,1.202,-1,475.000,-1,250.000,125.000,350.000,250.000,275.000,275.000,550.000,100.000,200.000,-1,975.000,300.000,-1,150.000,2,1,2,1,1,1,1,0,1,0,0,0,2,0,1,2,1
70,-4680.222,-2695.148,-250.289,-38.300,0.776204,0.619774,-0.115701,-0.613783,0.784769,0.086072,0.144144,0.004205,0.989548,0,0.89444,0.58613,53.666,1.172,-1,500.000,-1,250.000,125.000,350.000,250.000,275.000,250.000,425.000,75.000,175.000,-1,-1,300.000,-1,150.000,2,1,2,1,1,1,1,0,1,0,0,0,2,2,1,2,1
71,-4637.890,-2727.239,-241.194,-37.158,0.787825,0.603934,-0.120809,-0.593698,0.796864,0.111940,0.163873,-0.016465,0.986344,0,0.88521,0.57099,53.113,1.142,-1,525.000,-1,250.000,125.000,375.000,250.000,250.000,250.000,350.000,50.000,175.000,-1,-1,300.000,-1,150.000,2,1,2,1,1,1,1,0,1,0,0,0,2,2,1,2,1
72,-4593.779,-2759.309,-231.777,-36.015,0.799132,0.587595,-0.126963,-0.572533,0.808309,0.137270,0.183285,-0.037006,0.982363,0,0.90881,0.57151,54.528,1.143,-1,575.000,-1,250.000,125.000,400.000,275.000,250.000,225.000,300.000,25.000,150.000,-1,-1,350.000,-1,125.000,2,1,2,1,1,1,1,0,1,0,0,0,2,2,1,2,1
73,-4549.616,-2790.090,-222.472,-34.877,0.810023,0.570894,-0.133953,-0.550601,0.819055,0.161205,0.201746,-0.056825,0.977788,0,0.89703,0.56898,53.822,1.138,-1,650.000,-1,275.000,100.000,425.000,325.000,250.000,225.000,250.000,0.000,150.000,-1,-1,450.000,-1,125.000,2,1,2,1,1,1,1,0,1,0,0,0,2,2,1,2,1
74,-4500.745,-2822.483,-212.244,-33.542,0.822395,0.550858,-0.142201,-0.524425,0.830918,0.185889,0.220556,-0.078300,0.972226,0,0.97703,0.66731,58.622,1.335,-1,725.000,-1,325.000,100.000,500.000,375.000,225.000,200.000,200.000,0.000,150.000,-1,-1,-1,-1,125.000,2,0,2,1,1,1,1,0,1,0,0,0,2,2,2,2,1
75,6231.358,6887.282,140.605,-67.281,0.385382,0.922406,-0.025442,-0.919772,0.386205,0.069756,0.074169,-0.003482,0.997240,1,0.00000,0.00000,59.557,1.303,275.000,250.000,-1,450.000,-1,225.000,275.000,400.000,275.000,-1,-1,-1,-1,325.000,-1,250.000,-1,1,1,2,1,2,1,1,0,0,2,2,2,2,1,2,1,2
76,6233.194,6882.846,141.140,-67.521,0.381397,0.924020,-0.026902,-0.921366,0.382339,0.070009,0.074975,-0.001915,0.997184,0,0.08000,-0.12000,4.800,-0.240,275.000,250.000,-1,450.000,-1,225.000,275.000,400.000,275.000,-1,-1,-1,-1,325.000,-1,250.000,-1,1,1,2,1,2,1,1,0,0,2,2,2,2,1,2,1,2
77,6236.790,6873.945,142.216,-68.001,0.373398,0.927192,-0.029832,-0.924504,0.374586,0.070559,0.076597,0.001233,0.997061,0,0.16000,-0.24000,9.600,-0.480,275.000,250.000,-1,450.000,-1,225.000,300.000,425.000,275.000,-1,-1,-1,-1,325.000,-1,250.000,-1,1,1,2,1,2,1,1,0,0,2,2,2,2,1,2,1,2
78,6242.017,6860.527,143.845,-68.721,0.361328,0.931809,-0.034251,-0.929082,0.362899,0.071494,0.079048,0.005989,0.996853,0,0.24000,-0.36000,14.400,-0.720,275.000,250.000,-1,475.000,-1,225.000,300.000,425.000,275.000,-1,-1,-1,-1,325.000,-1,250.000,-1,1,1,2,1,2,1,1,0,0,2,2,2,2,1,2,1,2
79,6248.686,6842.521,146.039,-69.681,0.345106,0.937704,-0.040166,-0.934944,0.347215,0.072942,0.082344,0.012380,0.996527,0,0.32000,-0.48000,19.200,-0.960,250.000,250.000,-1,525.000,-1,250.000,300.000,450.000,275.000,-1,-1,-1,-1,325.000,-1,225.000,-1,1,1,2,1,2,1,1,0,0,2,2,2,2,1,2,1,2
80,6256.643,6819.878,148.779,-70.646,0.328533,0.943302,-0.047409,-0.940553,0.331330,0.074701,0.086173,0.020049,0.996078,0,0.40000,-0.48256,24.000,-0.965,250.000,250.000,-1,550.000,-1,250.000,300.000,475.000,250.000,-1,-1,-1,950.000,325.000,-1,225.000,-1,1,1,2,1,2,1,1,0,0,2,2,2,0,1,2,1,2
81,6265.739,6792.551,152.082,-71.599,0.311877,0.948468,-0.056052,-0.945795,0.315540,0.076849,0.090575,0.029046,0.995466,0,0.48000,-0.47608,28.800,-0.952,225.000,250.000,-1,600.000,-1,250.000,300.000,500.000,250.000,-1,-1,-1,850.000,325.000,-1,225.000,-1,1,1,2,1,2,1,1,0,0,2,2,2,0,1,2,1,2
82,6275.831,6760.501,155.972,-72.536,0.295134,0.953161,-0.066189,-0.950659,0.299880,0.079495,0.095620,0.039462,0.994635,0,0.56000,-0.46851,33.600,-0.937,200.000,250.000,-1,650.000,-1,250.000,325.000,525.000,250.000,-1,-1,375.000,725.000,325.000,-1,200.000,-1,1,1,2,1,2,1,1,0,0,2,2,0,0,1,2,1,2
83,6286.776,6723.692,160.473,-73.455,0.278297,0.957329,-0.077920,-0.955130,0.284393,0.082750,0.101379,0.051395,0.993519,0,0.64000,-0.45966,38.400,-0.919,200.000,250.000,-1,700.000,-1,250.000,350.000,575.000,250.000,-1,-1,200.000,600.000,375.000,-1,200.000,-1,1,1,2,1,2,1,1,0,0,2,2,0,0,1,2,1,2
84,6298.441,6682.094,165.609,-74.353,0.261355,0.960910,-0.091349,-0.959190,0.269132,0.086729,0.107924,0.064954,0.992035,0,0.72000,-0.44928,43.200,-0.899,175.000,250.000,-1,775.000,-1,250.000,375.000,600.000,250.000,-1,-1,125.000,500.000,400.000,-1,175.000,-1,1,1,2,1,2,1,1,1,0,2,2,0,0,1,2,1,2
85,-7543.630,4263.786,-198.755,63.365,0.412155,-0.853866,-0.317871,0.903425,0.428228,0.021081,0.118121,-0.295862,0.947899,1,0.00000,0.00000,48.000,-0.874,625.000,575.000,-1,875.000,50.000,625.000,725.000,175.000,125.000,125.000,75.000,300.000,-1,725.000,-1,700.000,-1,1,1,2,1,1,1,1,0,1,0,0,0,2,1,2,1,2
86,981.401,-7539.117,483.811,120.734,-0.506767,-0.856889,-0.094496,0.860467,-0.509477,0.005386,-0.052759,-0.078581,0.995511,1,0.08000,-0.12000,4.800,-0.240,-1,325.000,-1,375.000,-1,275.000,300.000,275.000,575.000,-1,25.000,0.000,650.000,550.000,775.000,-1,-1,2,0,2,0,2,0,0,0,0,2,1,1,1,0,0,2,2
87,976.568,-7530.822,482.889,120.254,-0.499908,-0.861326,-0.090605,0.864620,-0.502397,0.005498,-0.050255,-0.075590,0.995872,0,0.16000,-0.24000,9.600,-0.480,-1,325.000,-1,400.000,-1,300.000,300.000,275.000,550.000,-1,25.000,0.000,525.000,575.000,800.000,-1,-1,2,0,2,0,2,0,0,0,0,2,1,1,1,0,0,2,2
88,969.474,-7518.291,481.540,119.534,-0.489514,-0.867853,-0.084901,0.870751,-0.491693,0.005570,-0.046579,-0.071201,0.996374,0,0.24000,-0.36000,14.400,-0.720,-1,350.000,-1,400.000,-1,300.000,300.000,275.000,550.000,-1,50.000,0.000,450.000,575.000,800.000,-1,-1,2,0,2,0,2,0,0,0,0,2,1,1,1,0,0,2,2
89,960.296,-7501.426,479.805,118.574,-0.475464,-0.876310,-0.077555,0.878740,-0.477270,0.005500,-0.041835,-0.065535,0.996973,0,0.32000,-0.48000,19.200,-0.960,-1,350.000,-1,400.000,-1,300.000,300.000,275.000,525.000,-1,50.000,0.000,400.000,600.000,825.000,-1,-1,2,0,2,0,2,0,0,0,0,2,1,1,1,0,0,2,2
90,949.267,-7480.110,477.740,117.374,-0.457609,-0.886487,-0.068801,0.888418,-0.459007,0.005169,-0.036162,-0.058759,0.997617,0,0.40000,-0.60000,24.000,-1.200,-1,350.000,-1,400.000,-1,300.000,300.000,275.000,500.000,-1,75.000,0.000,400.000,625.000,825.000,-1,-1,2,0,2,0,2,0,0,0,0,2,1,1,1,0,0,2,2
91,936.677,-7454.207,475.414,115.934,-0.435778,-0.898122,-0.058943,0.899563,-0.436769,0.004456,-0.029746,-0.051081,0.998251,0,0.48000,-0.72000,28.800,-1.440,-1,350.000,-1,400.000,-1,300.000,300.000,300.000,450.000,-1,100.000,0.000,400.000,675.000,850.000,-1,-1,2,0,2,0,2,0,0,0,0,2,1,1,1,0,0,2,2
92,923.540,-7425.035,473.061,114.254,-0.409758,-0.910877,-0.048999,0.911898,-0.410402,0.003440,-0.023243,-0.043272,0.998793,0,0.53322,-0.84000,31.993,-1.680,-1,375.000,-1,400.000,-1,300.000,325.000,300.000,425.000,-1,150.000,0.000,400.000,700.000,875.000,-1,-1,2,0,2,0,2,0,0,0,0,2,1,1,1,0,0,2,2
93,911.139,-7394.839,470.947,112.334,-0.379367,-0.924375,-0.040138,0.925082,-0.379760,0.002365,-0.017429,-0.036233,0.999191,0,0.54406,-0.96000,32.644,-1.920,-1,375.000,-1,400.000,-1,300.000,325.000,300.000,400.000,-1,200.000,25.000,425.000,750.000,925.000,-1,-1,2,0,2,0,2,0,0,0,0,2,1,1,1,0,0,2,2
94,899.562,-7363.589,469.007,110.334,-0.347134,-0.937268,-0.032039,0.937737,-0.347344,0.001035,-0.012098,-0.029685,0.999486,0,0.55542,-1.00000,33.325,-2.000,-1,375.000,-1,425.000,-1,325.000,325.000,300.000,400.000,-1,250.000,25.000,425.000,775.000,975.000,-1,-1,2,0,2,0,2,0,0,0,0,2,1,1,1,0,0,2,2
95,888.863,-7331.296,467.222,108.334,-0.314392,-0.948974,-0.024614,0.949266,-0.314473,-0.000572,-0.007197,-0.023545,0.999697,0,0.56699,-1.00000,34.020,-2.000,-1,400.000,-1,425.000,-1,325.000,325.000,325.000,375.000,-1,325.000,50.000,425.000,825.000,-1,-1,-1,2,0,2,0,2,0,0,0,0,2,1,1,1,0,2,2,2
96,880.529,-7303.290,466.074,106.574,-0.285179,-0.958267,-0.019931,0.958466,-0.285204,-0.001641,-0.004112,-0.019571,0.999800,0,0.48699,-0.88000,29.220,-1.760,-1,400.000,-1,425.000,-1,325.000,325.000,325.000,350.000,-1,400.000,50.000,425.000,825.000,-1,-1,-1,2,0,2,0,2,0,0,0,0,2,1,1,1,0,2,2,2
97,873.670,-7277.788,465.970,105.054,-0.259656,-0.965500,-0.019702,0.965693,-0.259686,-0.001102,-0.004053,-0.019312,0.999805,0,0.44013,-0.76000,26.408,-1.520,-1,400.000,-1,425.000,-1,325.000,325.000,325.000,350.000,-1,500.000,100.000,450.000,825.000,-1,-1,-1,2,0,2,0,2,0,0,0,0,2,1,1,1,0,2,2,2
98,867.257,-7251.628,465.779,103.774,-0.238018,-0.971073,-0.019110,0.971251,-0.238056,-0.000260,-0.004297,-0.018622,0.999817,0,0.44891,-0.64000,26.935,-1.280,-1,400.000,-1,425.000,-1,325.000,350.000,325.000,350.000,-1,600.000,125.000,475.000,825.000,-1,-1,-1,2,0,2,0,2,0,0,0,0,2,1,1,1,0,2,2,2
99,861.211,-7224.871,465.453,102.734,-0.220343,-0.975256,-0.018013,0.975410,-0.220397,0.001036,-0.004981,-0.017342,0.999837,0,0.45718,-0.52000,27.431,-1.040,-1,400.000,-1,425.000,-1,325.000,350.000,325.000,350.000,-1,700.000,175.000,475.000,825.000,-1,-1,-1,2,0,2,0,2,0,0,0,0,2,1,1,1,0,2,2,2
100,855.442,-7197.576,465.128,101.934,-0.206697,-0.978260,-0.016819,0.978388,-0.206763,0.002272,-0.005700,-0.015985,0.999856,0,0.46497,-0.40000,27.898,-0.800,-1,400.000,-1,425.000,-1,325.000,350.000,325.000,350.000,-1,825.000,225.000,500.000,825.000,-1,-1,-1,2,0,2,0,2,0,0,0,0,2,1,1,1,1,2,2,2
101,849.854,-7169.795,464.786,101.374,-0.197122,-0.980255,-0.015614,0.980358,-0.197196,0.003375,-0.006388,-0.014642,0.999872,0,0.47228,-0.28000,28.337,-0.560,-1,400.000,-1,425.000,1000.000,325.000,350.000,325.000,350.000,-1,950.000,275.000,550.000,825.000,-1,-1,-1,2,0,2,0,1,0,0,0,0,2,1,1,1,1,2,2,2
102,844.341,-7141.578,464.294,101.054,-0.191636,-0.981352,-0.014983,0.981440,-0.191721,0.004387,-0.007177,-0.013864,0.999878,0,0.47918,-0.16000,28.751,-0.320,-1,400.000,-1,425.000,975.000,325.000,350.000,325.000,350.000,-1,-1,325.000,575.000,800.000,-1,-1,-1,2,0,2,0,1,0,0,0,0,2,2,1,1,1,2,2,2
103,838.793,-7112.967,463.704,100.974,-0.190251,-0.981624,-0.014815,0.981700,-0.190351,0.005633,-0.008349,-0.013473,0.999874,0,0.48573,-0.04000,29.144,-0.080,-1,400.000,-1,425.000,950.000,325.000,350.000,325.000,350.000,-1,-1,375.000,625.000,800.000,-1,-1,-1,2,0,2,0,1,0,0,0,0,2,2,1,1,1,2,2,2
104,833.195,-7083.984,463.121,100.932,-0.189510,-0.981770,-0.014628,0.981833,-0.189625,0.006882,-0.009530,-0.013058,0.999869,0,0.49199,-0.02123,29.519,-0.042,-1,400.000,-1,425.000,925.000,325.000,350.000,325.000,350.000,-1,-1,400.000,650.000,800.000,-1,-1,-1,2,0,2,0,1,0,0,0,0,2,2,1,1,1,2,2,2
105,827.535,-7054.621,462.543,100.912,-0.189158,-0.981841,-0.014428,0.981888,-0.189287,0.008137,-0.010720,-0.012627,0.999863,0,0.49839,-0.00990,29.904,-0.020,-1,400.000,-1,425.000,900.000,325.000,350.000,325.000,350.000,-1,-1,450.000,700.000,800.000,-1,-1,-1,2,0,2,0,1,0,0,0,0,2,2,1,1,1,2,2,2
106,821.797,-7024.869,461.972,100.915,-0.189202,-0.981835,-0.014216,0.981866,-0.189344,0.009396,-0.011917,-0.012181,0.999855,0,0.50499,0.00163,30.299,0.003,1000.000,400.000,-1,425.000,875.000,325.000,325.000,325.000,350.000,-1,-1,475.000,750.000,775.000,-1,975.000,-1,1,0,2,0,1,0,0,0,0,2,2,1,1,1,2,1,2
107,815.969,-6994.722,461.408,100.942,-0.189648,-0.981752,-0.013997,0.981764,-0.189802,0.010657,-0.013119,-0.011721,0.999845,0,0.51177,0.01335,30.706,0.027,975.000,400.000,-1,425.000,850.000,325.000,325.000,325.000,350.000,-1,-1,525.000,825.000,775.000,-1,950.000,-1,1,0,2,0,1,0,0,0,0,2,2,1,1,1,2,1,2
108,810.034,-6964.168,460.851,100.993,-0.190504,-0.981590,-0.013773,0.981582,-0.190670,0.011919,-0.014326,-0.011248,0.999834,0,0.51874,0.02528,31.125,0.051,925.000,400.000,-1,425.000,825.000,325.000,325.000,325.000,350.000,-1,-1,575.000,875.000,775.000,-1,925.000,-1,1,0,2,0,1,0,0,0,0,2,2,1,1,1,2,1,2
109,803.977,-6933.199,460.273,101.067,-0.191777,-0.981346,-0.013455,0.981314,-0.191953,0.013287,-0.015622,-0.010656,0.999821,0,0.52592,0.03743,31.555,0.075,900.000,400.000,-1,425.000,825.000,325.000,325.000,325.000,350.000,-1,-1,600.000,950.000,750.000,-1,900.000,-1,1,0,2,0,1,0,0,0,0,2,2,1,1,1,2,1,2
110,797.780,-6901.807,459.627,101.167,-0.193477,-0.981020,-0.012902,0.980955,-0.193660,0.014932,-0.017148,-0.009767,0.999805,0,0.53331,0.04979,31.998,0.100,850.000,400.000,-1,425.000,800.000,325.000,325.000,325.000,350.000,-1,-1,650.000,1000.000,750.000,-1,850.000,-1,1,0,2,0,1,0,0,0,0,2,2,1,1,1,2,1,2
111,791.425,-6869.981,458.988,101.292,-0.195608,-0.980604,-0.012346,0.980504,-0.195797,0.016584,-0.018680,-0.008861,0.999786,0,0.54091,0.06237,32.454,0.125,825.000,400.000,-1,425.000,775.000,325.000,325.000,325.000,350.000,-1,-1,700.000,-1,725.000,-1,825.000,-1,1,0,2,0,1,0,0,0,0,2,2,1,2,1,2,1,2
112,783.992,-6833.475,458.274,101.509,-0.199331,-0.979862,-0.011708,0.979719,-0.199523,0.018455,-0.020420,-0.007792,0.999761,0,0.62091,0.10884,37.254,0.218,775.000,400.000,-1,425.000,750.000,325.000,325.000,325.000,350.000,-1,-1,725.000,-1,725.000,-1,800.000,-1,1,0,2,0,1,0,0,0,0,2,2,1,2,1,2,1,2
113,775.543,-6792.806,457.507,101.736,-0.203210,-0.979073,-0.011033,0.978881,-0.203401,0.020511,-0.022326,-0.006632,0.999729,0,0.69230,0.11340,41.538,0.227,750.000,400.000,-1,450.000,750.000,325.000,325.000,325.000,350.000,-1,-1,775.000,-1,700.000,-1,750.000,-1,1,0,2,0,1,0,0,0,0,2,2,1,2,1,2,1,2
114,766.840,-6751.768,456.764,101.973,-0.207259,-0.978231,-0.010383,0.977986,-0.207447,0.022553,-0.024216,-0.005480,0.999692,0,0.69916,0.11838,41.950,0.237,700.000,400.000,-1,450.000,725.000,325.000,325.000,325.000,350.000,-1,-1,825.000,-1,675.000,-1,700.000,-1,1,0,2,0,1,0,0,0,0,2,2,1,2,1,2,1,2
115,757.876,-6710.374,456.046,102.220,-0.211475,-0.977335,-0.009761,0.977035,-0.211656,0.024578,-0.026087,-0.004339,0.999650,0,0.70590,0.12327,42.354,0.247,650.000,400.000,-1,450.000,725.000,325.000,350.000,325.000,375.000,-1,-1,875.000,-1,675.000,1000.000,675.000,-1,1,0,2,0,1,0,0,0,0,2,2,1,2,1,1,1,2
116,748.641,-6668.634,455.356,102.476,-0.215852,-0.976383,-0.009167,0.976026,-0.216023,0.026584,-0.027937,-0.003209,0.999605,0,0.71248,0.12805,42.749,0.256,600.000,400.000,-1,450.000,725.000,325.000,350.000,325.000,375.000,-1,-1,925.000,-1,650.000,950.000,625.000,-1,1,0,2,0,1,0,0,0,0,2,2,1,2,1,1,1,2
117,739.129,-6626.564,454.669,102.741,-0.220390,-0.975375,-0.008489,0.974960,-0.220545,0.028510,-0.029680,-0.001993,0.999557,0,0.71886,0.13272,43.132,0.265,575.000,400.000,1000.000,450.000,725.000,325.000,350.000,325.000,375.000,-1,-1,975.000,-1,625.000,925.000,600.000,-1,1,0,1,0,1,0,0,0,0,2,2,1,2,1,1,1,2
118,729.332,-6584.180,453.351,103.016,-0.225159,-0.974308,-0.005327,0.973835,-0.225216,0.030385,-0.030804,0.001654,0.999524,0,0.72502,0.13726,43.501,0.275,525.000,400.000,950.000,450.000,725.000,325.000,350.000,350.000,350.000,-1,-1,1000.000,-1,625.000,875.000,550.000,-1,1,0,1,0,1,0,0,0,0,2,2,1,2,1,1,1,2
119,719.244,-6541.501,451.772,103.299,-0.230112,-0.973163,-0.001323,0.972613,-0.230027,0.033345,-0.032754,0.006386,0.999443,0,0.73092,0.14169,43.855,0.283,500.000,400.000,900.000,450.000,750.000,325.000,350.000,350.000,350.000,-1,-1,-1,-1,600.000,825.000,525.000,-1,1,0,1,0,1,0,0,0,0,2,2,2,2,1,1,1,2
120,709.254,-6500.900,450.211,103.822,-0.239129,-0.970985,0.002243,0.970384,-0.238898,0.035823,-0.034247,0.010743,0.999356,0,0.69687,0.26169,41.812,0.523,450.000,400.000,875.000,450.000,800.000,325.000,350.000,350.000,350.000,-1,-1,-1,-1,575.000,775.000,475.000,-1,1,0,1,0,1,0,0,0,0,2,2,2,2,1,1,1,2
121,698.656,-6460.172,448.320,104.586,-0.252144,-0.967680,0.004382,0.967036,-0.251804,0.037895,-0.035567,0.013792,0.999272,0,0.70139,0.38169,42.084,0.763,425.000,400.000,825.000,450.000,900.000,325.000,350.000,350.000,350.000,-1,-1,-1,-1,550.000,725.000,450.000,-1,1,0,1,0,1,0,0,0,0,2,2,2,2,1,1,1,2
122,687.287,-6419.422,446.312,105.589,-0.269135,-0.963086,0.005672,0.962381,-0.268701,0.040279,-0.037268,0.016299,0.999172,0,0.70510,0.50169,42.306,1.003,375.000,375.000,775.000,450.000,1000.000,325.000,350.000,350.000,325.000,-1,-1,-1,-1,525.000,675.000,400.000,-1,1,1,1,0,1,0,0,0,0,2,2,2,2,1,1,1,2
123,674.986,-6378.765,444.405,106.832,-0.290062,-0.956982,0.007012,0.956227,-0.289522,0.042515,-0.038656,0.019037,0.999071,0,0.70795,0.62169,42.477,1.243,350.000,375.000,725.000,425.000,-1,325.000,325.000,375.000,300.000,-1,-1,-1,-1,475.000,625.000,350.000,975.000,1,1,1,0,2,0,0,0,1,2,2,2,2,1,1,1,1
124,661.601,-6338.331,442.847,108.316,-0.314864,-0.949090,0.009483,0.948338,-0.314173,0.044165,-0.038937,0.022899,0.998979,0,0.70987,0.74169,42.592,1.483,325.000,350.000,675.000,425.000,-1,325.000,325.000,375.000,275.000,-1,-1,-1,-1,450.000,575.000,325.000,800.000,1,1,1,0,2,0,0,0,1,2,2,2,2,1,1,1,1
125,647.044,-6298.242,441.720,109.954,-0.342026,-0.939596,0.013371,0.938925,-0.341138,0.045206,-0.037914,0.028015,0.998888,0,0.71084,0.81927,42.650,1.639,300.000,325.000,625.000,425.000,-1,325.000,325.000,375.000,275.000,-1,-1,-1,-1,425.000,525.000,300.000,675.000,1,1,1,1,2,0,0,0,1,2,2,2,2,1,1,1,1
126,629.556,-6254.599,440.884,111.833,-0.372825,-0.927689,0.019893,0.927245,-0.371668,0.045611,-0.034919,0.035450,0.998761,0,0.78362,0.93927,47.017,1.879,275.000,300.000,575.000,400.000,-1,325.000,350.000,400.000,275.000,-1,-1,-1,-1,375.000,500.000,275.000,600.000,1,1,1,1,2,0,0,0,1,2,2,2,2,1,1,1,1
127,610.235,-6210.869,440.558,113.833,-0.405118,-0.913813,0.028711,0.913771,-0.403668,0.045555,-0.030039,0.044691,0.998549,0,0.79680,1.00000,47.808,2.000,250.000,300.000,525.000,375.000,800.000,300.000,350.000,425.000,275.000,-1,-1,-1,-1,350.000,450.000,250.000,500.000,1,1,1,1,1,1,0,0,1,2,2,2,2,1,1,1,1
128,589.214,-6167.465,440.817,115.833,-0.436800,-0.898681,0.039723,0.899254,-0.435077,0.045283,-0.023413,0.055501,0.998184,0,0.80379,1.00000,48.227,2.000,225.000,275.000,475.000,350.000,550.000,275.000,350.000,475.000,275.000,-1,-1,375.000,-1,325.000,425.000,225.000,450.000,1,1,1,1,1,1,1,0,1,2,2,0,2,1,1,1,1
129,566.531,-6124.527,441.686,117.833,-0.467747,-0.882272,0.053010,0.883735,-0.465818,0.045015,-0.015022,0.067903,0.997579,0,0.80938,1.00000,48.563,2.000,200.000,250.000,450.000,325.000,425.000,250.000,325.000,525.000,300.000,-1,-1,275.000,-1,300.000,375.000,200.000,375.000,1,1,1,1,1,1,1,0,1,2,2,0,2,1,1,1,1
130,540.918,-6079.458,443.311,119.593,-0.494140,-0.866564,0.069949,0.869372,-0.492136,0.044665,-0.004281,0.082882,0.996550,0,0.86398,0.88000,51.839,1.760,200.000,225.000,400.000,300.000,350.000,250.000,300.000,575.000,300.000,-1,450.000,175.000,-1,275.000,350.000,175.000,325.000,1,1,1,1,1,1,1,0,0,2,0,0,2,1,1,1,1
131,513.938,-6034.805,445.095,121.113,-0.515805,-0.851673,0.092724,0.856645,-0.514025,0.044012,0.010179,0.102133,0.994719,0,0.86954,0.76000,52.172,1.520,175.000,225.000,350.000,275.000,300.000,225.000,250.000,675.000,300.000,-1,350.000,75.000,-1,250.000,300.000,175.000,275.000,1,1,1,1,1,1,1,0,0,2,0,0,2,1,1,1,1
132,485.791,-5990.509,447.639,122.393,-0.532714,-0.837896,0.118934,0.845874,-0.531601,0.043572,0.026717,0.123815,0.991946,0,0.87472,0.64000,52.483,1.280,175.000,200.000,325.000,250.000,225.000,200.000,225.000,875.000,275.000,-1,275.000,0.000,725.000,250.000,275.000,150.000,225.000,1,1,1,1,1,1,1,0,0,2,0,0,0,1,1,1,1
