timestep,x_cm,y_cm,z_cm,yaw_deg,basis_xx,basis_xy,basis_xz,basis_yx,basis_yy,basis_yz,basis_zx,basis_zy,basis_zz,teleport_flag,throttle_cmd,steering_cmd,cmd_move_cm,cmd_turn_deg,lidar_cm_0,lidar_cm_1,lidar_cm_2,lidar_cm_3,lidar_cm_4,lidar_cm_5,lidar_cm_6,lidar_cm_7,lidar_cm_8,lidar_cm_9,lidar_cm_10,lidar_cm_11,lidar_cm_12,lidar_cm_13,lidar_cm_14,lidar_cm_15,lidar_cm_16,lidar_class_0,lidar_class_1,lidar_class_2,lidar_class_3,lidar_class_4,lidar_class_5,lidar_class_6,lidar_class_7,lidar_class_8,lidar_class_9,lidar_class_10,lidar_class_11,lidar_class_12,lidar_class_13,lidar_class_14,lidar_class_15,lidar_class_16
0,6887.286,4919.490,40.155,160.490,-0.941937,-0.333937,0.035228,0.334219,-0.942493,0.002270,0.032444,0.013912,0.999377,1,0.00000,0.00000,4.800,-0.240,-1,400.000,-1,400.000,-1,325.000,325.000,300.000,300.000,-1,700.000,750.000,-1,750.000,750.000,-1,-1,2,0,2,0,2,0,0,0,0,2,0,0,2,0,0,2,2
1,6891.805,4917.870,39.995,160.280,-0.940706,-0.337391,0.035209,0.337678,-0.941259,0.002345,0.032349,0.014095,0.999377,0,-0.08000,-0.10510,-4.800,-0.210,-1,400.000,-1,400.000,-1,325.000,325.000,300.000,300.000,-1,700.000,750.000,-1,750.000,750.000,-1,-1,2,0,2,0,2,0,0,0,0,2,0,0,2,0,0,2,2
2,6897.256,4915.893,39.803,160.070,-0.939462,-0.340842,0.035183,0.341132,-0.940012,0.002438,0.032241,0.014292,0.999378,0,-0.09664,-0.10510,-5.798,-0.210,-1,400.000,-1,400.000,-1,325.000,325.000,300.000,300.000,-1,700.000,750.000,-1,750.000,750.000,-1,-1,2,0,2,0,2,0,0,0,0,2,0,0,2,0,0,2,2
3,6902.700,4913.897,39.611,159.860,-0.938206,-0.344287,0.035159,0.344583,-0.938753,0.002532,0.032133,0.014491,0.999379,0,-0.09664,-0.10510,-5.798,-0.210,-1,400.000,-1,400.000,-1,325.000,325.000,300.000,300.000,-1,700.000,750.000,-1,750.000,750.000,-1,-1,2,0,2,0,2,0,0,0,0,2,0,0,2,0,0,2,2
4,6908.136,4911.880,39.419,159.649,-0.936937,-0.347728,0.035136,0.348028,-0.937480,0.002628,0.032025,0.014691,0.999379,0,-0.09664,-0.10510,-5.798,-0.210,-1,400.000,-1,400.000,-1,325.000,325.000,300.000,300.000,-1,700.000,750.000,-1,750.000,750.000,-1,-1,2,0,2,0,2,0,0,0,0,2,0,0,2,0,0,2,2
5,6913.565,4909.844,39.228,159.439,-0.935655,-0.351164,0.035114,0.351469,-0.936196,0.002727,0.031917,0.014893,0.999380,0,-0.09664,-0.10510,-5.798,-0.210,-1,400.000,-1,400.000,-1,325.000,325.000,300.000,300.000,-1,700.000,725.000,-1,750.000,750.000,-1,-1,2,0,2,0,2,0,0,0,0,2,0,0,2,0,0,2,2
6,6918.987,4907.787,39.036,159.229,-0.934361,-0.354595,0.035095,0.354905,-0.934898,0.002827,0.031808,0.015096,0.999380,0,-0.09664,-0.10510,-5.798,-0.210,-1,400.000,-1,400.000,-1,325.000,325.000,300.000,300.000,-1,675.000,725.000,-1,750.000,750.000,-1,-1,2,0,2,0,2,0,0,0,0,2,0,0,2,0,0,2,2
7,6924.401,4905.711,38.844,159.019,-0.933054,-0.358022,0.035077,0.358336,-0.933588,0.002928,0.031699,0.015302,0.999380,0,-0.09664,-0.10510,-5.798,-0.210,-1,400.000,-1,400.000,-1,325.000,325.000,300.000,300.000,-1,675.000,725.000,-1,750.000,750.000,-1,-1,2,0,2,0,2,0,0,0,0,2,0,0,2,0,0,2,2
8,6929.807,4903.615,38.653,158.808,-0.931735,-0.361443,0.035060,0.361763,-0.932265,0.003032,0.031589,0.015509,0.999381,0,-0.09664,-0.10510,-5.798,-0.210,-1,400.000,-1,400.000,-1,325.000,325.000,300.000,300.000,-1,675.000,725.000,-1,750.000,750.000,-1,-1,2,0,2,0,2,0,0,0,0,2,0,0,2,0,0,2,2
9,6935.206,4901.499,38.461,158.598,-0.930403,-0.364860,0.035045,0.365185,-0.930930,0.003138,0.031480,0.015717,0.999381,0,-0.09664,-0.10510,-5.798,-0.210,-1,400.000,-1,400.000,-1,325.000,325.000,300.000,300.000,-1,675.000,700.000,-1,750.000,750.000,-1,-1,2,0,2,0,2,0,0,0,0,2,0,0,2,0,0,2,2
10,6940.597,4899.363,38.269,158.388,-0.929058,-0.368272,0.035032,0.368602,-0.929582,0.003245,0.031370,0.015927,0.999381,0,-0.09664,-0.10510,-5.798,-0.210,-1,400.000,-1,400.000,-1,325.000,325.000,300.000,300.000,-1,675.000,700.000,-1,750.000,750.000,-1,-1,2,0,2,0,2,0,0,0,0,2,0,0,2,0,0,2,2
11,6945.980,4897.208,38.078,158.178,-0.927701,-0.371678,0.035020,0.372013,-0.928221,0.003354,0.031260,0.016139,0.999381,0,-0.09664,-0.10510,-5.798,-0.210,-1,400.000,-1,375.000,-1,325.000,325.000,300.000,300.000,-1,675.000,700.000,-1,750.000,750.000,-1,-1,2,0,2,0,2,0,0,0,0,2,0,0,2,0,0,2,2
12,6946.903,4896.829,38.030,157.728,-0.924749,-0.378959,0.035063,0.379299,-0.925268,0.003370,0.031165,0.016416,0.999379,0,-0.01664,-0.22510,-0.998,-0.450,-1,400.000,-1,375.000,-1,325.000,325.000,300.000,300.000,-1,650.000,700.000,-1,750.000,750.000,-1,-1,2,0,2,0,2,0,0,0,0,2,0,0,2,0,0,2,2
13,6943.403,4898.313,38.126,157.037,-0.920112,-0.390075,0.035155,0.390421,-0.920631,0.003286,0.031083,0.016749,0.999376,0,0.06336,-0.34510,3.802,-0.690,-1,400.000,-1,375.000,-1,325.000,325.000,300.000,300.000,-1,650.000,700.000,-1,750.000,750.000,-1,-1,2,0,2,0,2,0,0,0,0,2,0,0,2,0,0,2,2
14,6935.539,4901.796,38.361,156.107,-0.913650,-0.404967,0.035288,0.405317,-0.914171,0.003094,0.031006,0.017130,0.999372,0,0.14336,-0.46510,8.602,-0.930,-1,400.000,-1,400.000,-1,325.000,325.000,300.000,300.000,-1,650.000,675.000,-1,750.000,750.000,-1,-1,2,0,2,0,2,0,0,0,0,2,0,0,2,0,0,2,2
15,6923.399,4907.473,38.733,154.937,-0.905179,-0.423549,0.035448,0.423903,-0.905703,0.002784,0.030927,0.017546,0.999368,0,0.22336,-0.58510,13.402,-1.170,-1,400.000,-1,400.000,-1,325.000,325.000,300.000,300.000,-1,650.000,675.000,-1,750.000,750.000,-1,-1,2,0,2,0,2,0,0,0,0,2,0,0,2,0,0,2,2
16,6907.106,4915.587,39.236,153.527,-0.894470,-0.445707,0.035616,0.446063,-0.894998,0.002344,0.030832,0.017984,0.999363,0,0.30336,-0.70510,18.202,-1.410,-1,400.000,-1,400.000,-1,325.000,325.000,300.000,300.000,-1,650.000,675.000,-1,750.000,750.000,-1,-1,2,0,2,0,2,0,0,0,0,2,0,0,2,0,0,2,2
17,6886.801,4926.395,39.868,151.975,-0.882057,-0.469784,0.035761,0.470140,-0.882590,0.001771,0.030730,0.018375,0.999359,0,0.38336,-0.77611,23.002,-1.552,-1,400.000,-1,400.000,-1,325.000,325.000,300.000,300.000,-1,650.000,675.000,-1,750.000,750.000,-1,-1,2,0,2,0,2,0,0,0,0,2,0,0,2,0,0,2,2
18,6862.622,4940.118,40.629,150.422,-0.868997,-0.493517,0.035852,0.493867,-0.869537,0.001070,0.030646,0.018636,0.999357,0,0.46336,-0.77611,27.802,-1.552,-1,400.000,-1,400.000,-1,325.000,325.000,300.000,300.000,-1,650.000,675.000,-1,750.000,750.000,-1,-1,2,0,2,0,2,0,0,0,0,2,0,0,2,0,0,2,2
19,6834.716,4956.972,41.514,148.870,-0.855301,-0.516888,0.035873,0.517229,-0.855847,0.000248,0.030573,0.018767,0.999356,0,0.54336,-0.77611,32.602,-1.552,-1,400.000,-1,400.000,-1,325.000,325.000,300.000,300.000,-1,675.000,700.000,-1,750.000,750.000,-1,-1,2,0,2,0,2,0,0,0,0,2,0,0,2,0,0,2,2
20,6804.873,4976.117,42.477,147.318,-0.840975,-0.539881,0.035906,0.540210,-0.841530,-0.000611,0.030546,0.018883,0.999355,0,0.59092,-0.77611,35.455,-1.552,-1,400.000,-1,400.000,-1,325.000,325.000,300.000,300.000,-1,675.000,700.000,-1,750.000,750.000,-1,-1,2,0,2,0,2,0,0,0,0,2,0,0,2,0,0,2,2
21,6775.561,4996.063,43.510,145.766,-0.826017,-0.562473,0.036331,0.562804,-0.826589,-0.001329,0.030778,0.019350,0.999339,0,0.59092,-0.77611,35.455,-1.552,-1,400.000,-1,400.000,-1,325.000,325.000,300.000,300.000,-1,700.000,700.000,-1,775.000,775.000,-1,-1,2,0,2,0,2,0,0,0,0,2,0,0,2,0,0,2,2
22,6746.799,5016.796,44.626,144.213,-0.810460,-0.584647,0.036630,0.584995,-0.811036,-0.001488,0.030578,0.020222,0.999328,0,0.59092,-0.77611,35.455,-1.552,-1,400.000,-1,400.000,-1,325.000,325.000,300.000,300.000,-1,700.000,725.000,-1,775.000,775.000,-1,-1,2,0,2,0,2,0,0,0,0,2,0,0,2,0,0,2,2
23,6718.610,5038.301,45.711,142.661,-0.794311,-0.606392,0.036863,0.606754,-0.794888,-0.001667,0.030313,0.021043,0.999319,0,0.59092,-0.77611,35.455,-1.552,-1,400.000,-1,400.000,-1,325.000,325.000,300.000,300.000,-1,725.000,750.000,-1,775.000,775.000,-1,-1,2,0,2,0,2,0,0,0,0,2,0,0,2,0,0,2,2
24,6691.013,5060.561,46.763,141.109,-0.777582,-0.627691,0.037031,0.628066,-0.778158,-0.001875,0.029993,0.021800,0.999312,0,0.59092,-0.77611,35.455,-1.552,-1,400.000,-1,400.000,-1,325.000,325.000,300.000,300.000,-1,725.000,775.000,-1,775.000,775.000,-1,-1,2,0,2,0,2,0,0,0,0,2,0,0,2,0,0,2,2
25,6664.029,5083.561,47.780,139.557,-0.760284,-0.648529,0.037132,0.648916,-0.760857,-0.002106,0.029618,0.022494,0.999308,0,0.59092,-0.77611,35.455,-1.552,-1,400.000,-1,400.000,-1,325.000,325.000,300.000,300.000,-1,725.000,800.000,-1,775.000,775.000,-1,-1,2,0,2,0,2,0,0,0,0,2,0,0,2,0,0,2,2
26,6637.679,5107.283,48.770,138.005,-0.742429,-0.668891,0.037208,0.669288,-0.743000,-0.002349,0.029217,0.023159,0.999305,0,0.59092,-0.77611,35.455,-1.552,-1,400.000,-1,400.000,-1,325.000,325.000,300.000,300.000,-1,750.000,800.000,-1,800.000,775.000,-1,-1,2,0,2,0,2,0,0,0,0,2,0,0,2,0,0,2,2
27,6611.980,5131.710,49.729,136.452,-0.724030,-0.688762,0.037239,0.689167,-0.724597,-0.002605,0.028777,0.023778,0.999303,0,0.59092,-0.77611,35.455,-1.552,-1,400.000,-1,400.000,-1,325.000,325.000,300.000,300.000,-1,750.000,800.000,-1,800.000,775.000,-1,-1,2,0,2,0,2,0,0,0,0,2,0,0,2,0,0,2,2
28,6586.953,5156.824,50.650,134.900,-0.705104,-0.708128,0.037197,0.708540,-0.705665,-0.002874,0.028284,0.024329,0.999304,0,0.59092,-0.77611,35.455,-1.552,-1,400.000,-1,400.000,-1,325.000,325.000,300.000,300.000,-1,775.000,825.000,-1,800.000,775.000,-1,-1,2,0,2,0,2,0,0,0,0,2,0,0,2,0,0,2,2
29,6562.616,5182.607,51.556,133.348,-0.685662,-0.726976,0.037069,0.727389,-0.686218,-0.003255,0.027803,0.024732,0.999307,0,0.59092,-0.77611,35.455,-1.552,-1,400.000,-1,400.000,-1,325.000,325.000,300.000,300.000,-1,800.000,825.000,-1,800.000,775.000,-1,-1,2,0,2,0,2,0,0,0,0,2,0,0,2,0,0,2,2
30,6538.985,5209.040,52.453,131.796,-0.665718,-0.745293,0.036843,0.745701,-0.666270,-0.003770,0.027357,0.024964,0.999314,0,0.59092,-0.77611,35.455,-1.552,-1,400.000,-1,400.000,-1,325.000,325.000,300.000,300.000,-1,800.000,850.000,-1,825.000,775.000,-1,-1,2,0,2,0,2,0,0,0,0,2,0,0,2,0,0,2,2
31,6516.080,5236.104,53.311,130.244,-0.645289,-0.763064,0.036537,0.763466,-0.645834,-0.004278,0.026861,0.025134,0.999323,0,0.59092,-0.77611,35.455,-1.552,-1,400.000,-1,400.000,-1,325.000,325.000,300.000,300.000,-1,800.000,850.000,-1,825.000,775.000,-1,-1,2,0,2,0,2,0,0,0,0,2,0,0,2,0,0,2,2
32,6493.916,5263.778,54.136,128.691,-0.624390,-0.780277,0.036129,0.780670,-0.624926,-0.004775,0.026304,0.025223,0.999336,0,0.59092,-0.77611,35.455,-1.552,-1,400.000,-1,400.000,-1,325.000,325.000,300.000,300.000,-1,825.000,875.000,-1,825.000,800.000,-1,-1,2,0,2,0,2,0,0,0,0,2,0,0,2,0,0,2,2
33,6472.509,5292.042,54.975,127.139,-0.603044,-0.796922,0.035402,0.797298,-0.603563,-0.005250,0.025551,0.025060,0.999359,0,0.59092,-0.77611,35.455,-1.552,-1,400.000,-1,400.000,-1,325.000,325.000,300.000,300.000,-1,850.000,900.000,-1,825.000,800.000,-1,-1,2,0,2,0,2,0,0,0,0,2,0,0,2,0,0,2,2
34,6451.877,5320.876,55.773,125.587,-0.581257,-0.812983,0.034620,0.813343,-0.581757,-0.005693,0.024769,0.024849,0.999384,0,0.59092,-0.77611,35.455,-1.552,-1,400.000,-1,400.000,-1,325.000,325.000,300.000,300.000,-1,875.000,925.000,-1,850.000,800.000,-1,-1,2,0,2,0,2,0,0,0,0,2,0,0,2,0,0,2,2
35,6434.613,5346.208,56.471,124.275,-0.562508,-0.826094,0.033965,0.826444,-0.562988,-0.005855,0.023958,0.024777,0.999406,0,0.51092,-0.65611,30.655,-1.312,-1,400.000,-1,400.000,-1,325.000,325.000,300.000,300.000,-1,925.000,950.000,-1,850.000,800.000,-1,-1,2,0,2,0,2,0,0,0,0,2,0,0,2,0,0,2,2
36,6420.454,5367.842,57.086,123.202,-0.546971,-0.836482,0.033474,0.836832,-0.547430,-0.005731,0.023118,0.024878,0.999423,0,0.43092,-0.53611,25.855,-1.072,-1,400.000,-1,400.000,-1,325.000,325.000,300.000,300.000,-1,950.000,1000.000,-1,850.000,800.000,-1,-1,2,0,2,0,2,0,0,0,0,2,0,0,2,0,0,2,2
37,6409.182,5385.626,57.570,122.370,-0.534780,-0.844344,0.033067,0.844693,-0.535222,-0.005632,0.022453,0.024920,0.999437,0,0.35092,-0.41611,21.055,-0.832,-1,400.000,-1,400.000,-1,325.000,325.000,300.000,300.000,-1,975.000,-1,-1,850.000,775.000,-1,-1,2,0,2,0,2,0,0,0,0,2,0,2,2,0,0,2,2
38,6400.621,5399.444,57.934,121.778,-0.526037,-0.849831,0.032750,0.850178,-0.526466,-0.005556,0.021963,0.024921,0.999448,0,0.27092,-0.29611,16.255,-0.592,-1,400.000,-1,400.000,-1,325.000,325.000,300.000,300.000,-1,1000.000,-1,-1,850.000,775.000,-1,-1,2,0,2,0,2,0,0,0,0,2,0,2,2,0,0,2,2
39,6394.648,5409.219,58.185,121.426,-0.520812,-0.853052,0.032527,0.853397,-0.521232,-0.005502,0.021648,0.024893,0.999456,0,0.19092,-0.17611,11.455,-0.352,-1,400.000,-1,400.000,-1,325.000,325.000,300.000,300.000,-1,-1,-1,-1,850.000,775.000,-1,-1,2,0,2,0,2,0,0,0,0,2,2,2,2,0,0,2,2
40,6391.189,5414.905,58.328,121.314,-0.519145,-0.854072,0.032402,0.854416,-0.519561,-0.005471,0.021507,0.024845,0.999460,0,0.11092,-0.05611,6.655,-0.112,-1,400.000,-1,400.000,-1,325.000,325.000,300.000,300.000,-1,-1,-1,-1,850.000,775.000,-1,-1,2,0,2,0,2,0,0,0,0,2,2,2,2,0,0,2,2
41,6390.221,5416.488,58.367,121.441,-0.521049,-0.852913,0.032375,0.853255,-0.521465,-0.005461,0.021540,0.024779,0.999461,0,0.03092,0.06389,1.855,0.128,-1,400.000,-1,400.000,-1,325.000,325.000,300.000,300.000,-1,-1,-1,-1,850.000,775.000,-1,-1,2,0,2,0,2,0,0,0,0,2,2,2,2,0,0,2,2
42,6391.774,5413.986,58.301,121.809,-0.526510,-0.849549,0.032446,0.849891,-0.526931,-0.005474,0.021747,0.024693,0.999459,0,-0.04908,0.18389,-2.945,0.368,-1,400.000,-1,400.000,-1,325.000,325.000,300.000,300.000,-1,-1,-1,-1,850.000,800.000,-1,-1,2,0,2,0,2,0,0,0,0,2,2,2,2,0,0,2,2
43,6395.925,5407.448,58.127,122.417,-0.535485,-0.843915,0.032612,0.844254,-0.535914,-0.005512,0.022129,0.024581,0.999453,0,-0.12908,0.30389,-7.745,0.608,-1,400.000,-1,400.000,-1,325.000,325.000,300.000,300.000,-1,-1,-1,-1,850.000,800.000,-1,-1,2,0,2,0,2,0,0,0,0,2,2,2,2,0,0,2,2
44,6402.806,5396.959,57.839,123.265,-0.547903,-0.835896,0.032869,0.836234,-0.548344,-0.005576,0.022684,0.024432,0.999444,0,-0.20908,0.42389,-12.545,0.848,-1,400.000,-1,400.000,-1,325.000,325.000,300.000,300.000,-1,1000.000,-1,-1,850.000,800.000,-1,-1,2,0,2,0,2,0,0,0,0,2,0,2,2,0,0,2,2
45,6407.123,5390.529,57.657,123.872,-0.556733,-0.830035,0.033030,0.830371,-0.557182,-0.005615,0.023065,0.024301,0.999439,0,-0.12908,0.30389,-7.745,0.608,-1,400.000,-1,400.000,-1,325.000,325.000,300.000,300.000,-1,1000.000,-1,-1,850.000,800.000,-1,-1,2,0,2,0,2,0,0,0,0,2,0,2,2,0,0,2,2
46,6408.780,5388.094,57.586,124.240,-0.562046,-0.826443,0.033097,0.826778,-0.562500,-0.005629,0.023269,0.024200,0.999436,0,-0.04908,0.18389,-2.945,0.368,-1,400.000,-1,400.000,-1,325.000,325.000,300.000,300.000,-1,1000.000,-1,-1,850.000,800.000,-1,-1,2,0,2,0,2,0,0,0,0,2,0,2,2,0,0,2,2
47,6407.732,5389.626,57.628,124.368,-0.563889,-0.825188,0.033071,0.825522,-0.564342,-0.005617,0.023299,0.024133,0.999437,0,0.03092,0.06389,1.855,0.128,-1,400.000,-1,400.000,-1,325.000,325.000,300.000,300.000,-1,1000.000,-1,-1,850.000,800.000,-1,-1,2,0,2,0,2,0,0,0,0,2,0,2,2,0,0,2,2
48,6403.986,5395.127,57.783,124.256,-0.562277,-0.826292,0.032953,0.826625,-0.562726,-0.005579,0.023154,0.024103,0.999441,0,0.11092,-0.05611,6.655,-0.112,-1,400.000,-1,400.000,-1,325.000,325.000,300.000,300.000,-1,-1,-1,-1,850.000,800.000,-1,-1,2,0,2,0,2,0,0,0,0,2,2,2,2,0,0,2,2
49,6397.596,5404.634,58.047,123.904,-0.557195,-0.829736,0.032741,0.830068,-0.557635,-0.005516,0.022834,0.024104,0.999449,0,0.19092,-0.17611,11.455,-0.352,-1,400.000,-1,400.000,-1,325.000,325.000,300.000,300.000,-1,-1,-1,-1,850.000,800.000,-1,-1,2,0,2,0,2,0,0,0,0,2,2,2,2,0,0,2,2
50,6388.669,5418.219,58.414,123.311,-0.548601,-0.835455,0.032432,0.835786,-0.549029,-0.005429,0.022341,0.024128,0.999459,0,0.27092,-0.29611,16.255,-0.592,-1,400.000,-1,400.000,-1,325.000,325.000,300.000,300.000,-1,-1,-1,-1,850.000,800.000,-1,-1,2,0,2,0,2,0,0,0,0,2,2,2,2,0,0,2,2
51,6377.362,5435.981,58.875,122.479,-0.536425,-0.843340,0.032020,0.843670,-0.536836,-0.005319,0.021676,0.024161,0.999473,0,0.35092,-0.41611,21.055,-0.832,-1,400.000,-1,400.000,-1,325.000,325.000,300.000,300.000,-1,-1,-1,-1,850.000,800.000,-1,-1,2,0,2,0,2,0,0,0,0,2,2,2,2,0,0,2,2
52,6363.889,5458.049,59.428,121.407,-0.520568,-0.853237,0.031553,0.853565,-0.520960,-0.005196,0.020871,0.024227,0.999489,0,0.43092,-0.53611,25.855,-1.072,-1,400.000,-1,400.000,-1,325.000,325.000,300.000,300.000,-1,-1,-1,-1,850.000,800.000,-1,-1,2,0,2,0,2,0,0,0,0,2,2,2,2,0,0,2,2
53,6348.517,5484.572,60.056,120.095,-0.500913,-0.864942,0.031005,0.865268,-0.501283,-0.005065,0.019923,0.024290,0.999506,0,0.51092,-0.65611,30.655,-1.312,-1,400.000,-1,400.000,-1,325.000,325.000,300.000,300.000,-1,-1,-1,-1,850.000,800.000,-1,-1,2,0,2,0,2,0,0,0,0,2,2,2,2,0,0,2,2
54,6331.576,5515.718,60.738,118.543,-0.477324,-0.878203,0.030336,0.878526,-0.477670,-0.004926,0.018817,0.024299,0.999528,0,0.59092,-0.77611,35.455,-1.552,-1,400.000,-1,400.000,-1,325.000,325.000,300.000,300.000,-1,-1,-1,-1,850.000,775.000,-1,-1,2,0,2,0,2,0,0,0,0,2,2,2,2,0,0,2,2
55,6313.457,5551.665,61.461,116.750,-0.449654,-0.892714,0.029550,0.893031,-0.449971,-0.004751,0.017538,0.024253,0.999552,0,0.67092,-0.89611,40.255,-1.792,-1,400.000,-1,400.000,-1,325.000,325.000,300.000,300.000,-1,-1,-1,-1,850.000,775.000,-1,-1,2,0,2,0,2,0,0,0,0,2,2,2,2,0,0,2,2
56,6294.594,5592.582,62.206,114.750,-0.418257,-0.907877,0.028643,0.908186,-0.418543,-0.004543,0.016113,0.024113,0.999579,0,0.75092,-1.00000,45.055,-2.000,-1,400.000,-1,400.000,-1,325.000,325.000,300.000,300.000,-1,-1,-1,-1,875.000,775.000,-1,-1,2,0,2,0,2,0,0,0,0,2,2,2,2,0,0,2,2
57,6275.314,5638.559,62.944,112.750,-0.386352,-0.921938,0.027595,0.922234,-0.386607,-0.004349,0.014678,0.023769,0.999610,0,0.83092,-1.00000,49.855,-2.000,-1,400.000,-1,400.000,-1,325.000,325.000,300.000,300.000,-1,-1,-1,-1,875.000,775.000,-1,-1,2,0,2,0,2,0,0,0,0,2,2,2,2,0,0,2,2
58,6257.106,5686.619,63.619,110.750,-0.353976,-0.934880,0.026468,0.935160,-0.354200,-0.004185,0.013288,0.023270,0.999641,0,0.85657,-1.00000,51.394,-2.000,-1,400.000,-1,400.000,-1,325.000,325.000,300.000,300.000,-1,-1,-1,-1,875.000,775.000,-1,-1,2,0,2,0,2,0,0,0,0,2,2,2,2,0,0,2,2
59,6240.586,5735.286,64.215,108.750,-0.321165,-0.946685,0.025294,0.946948,-0.321362,-0.004056,0.011969,0.022649,0.999672,0,0.85657,-1.00000,51.394,-2.000,-1,400.000,-1,400.000,-1,325.000,325.000,300.000,300.000,-1,-1,-1,-1,875.000,775.000,-1,-1,2,0,2,0,2,0,0,0,0,2,2,2,2,0,0,2,2
60,6225.774,5784.500,64.735,106.750,-0.287960,-0.957340,0.024079,0.957582,-0.288132,-0.003962,0.010731,0.021917,0.999702,0,0.85657,-1.00000,51.394,-2.000,-1,400.000,-1,400.000,-1,325.000,325.000,300.000,300.000,-1,-1,-1,-1,875.000,750.000,-1,-1,2,0,2,0,2,0,0,0,0,2,2,2,2,0,0,2,2
61,6212.689,5834.201,65.208,104.750,-0.254402,-0.966831,0.022732,0.967052,-0.254551,-0.003863,0.009521,0.021000,0.999734,0,0.85657,-1.00000,51.394,-2.000,-1,400.000,-1,400.000,-1,325.000,325.000,300.000,300.000,-1,-1,-1,-1,875.000,750.000,-1,-1,2,0,2,0,2,0,0,0,0,2,2,2,2,0,0,2,2
62,6201.346,5884.328,65.646,102.750,-0.220536,-0.975148,0.021206,0.975344,-0.220659,-0.003615,0.008204,0.019886,0.999769,0,0.85657,-1.00000,51.394,-2.000,-1,400.000,-1,400.000,-1,325.000,325.000,300.000,300.000,-1,-1,-1,-1,875.000,750.000,-1,-1,2,0,2,0,2,0,0,0,0,2,2,2,2,0,0,2,2
63,6191.760,5934.821,66.007,100.750,-0.186397,-0.982276,0.019731,0.982450,-0.186496,-0.003330,0.006951,0.018765,0.999800,0,0.85657,-1.00000,51.394,-2.000,-1,400.000,-1,400.000,-1,325.000,325.000,300.000,300.000,-1,-1,-1,-1,875.000,750.000,-1,-1,2,0,2,0,2,0,0,0,0,2,2,2,2,0,0,2,2
64,6183.942,5985.617,66.324,98.750,-0.152027,-0.988207,0.018284,0.988360,-0.152105,-0.002931,0.005677,0.017626,0.999829,0,0.85657,-1.00000,51.394,-2.000,-1,400.000,-1,400.000,-1,325.000,325.000,300.000,300.000,-1,-1,-1,-1,850.000,750.000,-1,-1,2,0,2,0,2,0,0,0,0,2,2,2,2,0,0,2,2
65,6177.901,6036.655,66.580,96.750,-0.117468,-0.992935,0.016790,0.993066,-0.117527,-0.002539,0.004495,0.016376,0.999856,0,0.85657,-1.00000,51.394,-2.000,-1,400.000,-1,375.000,-1,325.000,325.000,300.000,300.000,-1,-1,-1,-1,850.000,750.000,-1,-1,2,0,2,0,2,0,0,0,0,2,2,2,2,0,0,2,2
66,6173.645,6087.873,66.790,94.750,-0.082761,-0.996452,0.015304,0.996563,-0.082804,-0.002200,0.003460,0.015069,0.999880,0,0.85657,-1.00000,51.394,-2.000,-1,400.000,-1,375.000,-1,325.000,325.000,300.000,300.000,-1,-1,-1,-1,850.000,750.000,-1,-1,2,0,2,0,2,0,0,0,0,2,2,2,2,0,0,2,2
67,6171.175,6135.169,66.951,92.990,-0.052130,-0.998543,0.013942,0.998637,-0.052162,-0.001930,0.002654,0.013823,0.999901,0,0.78933,-0.88000,47.360,-1.760,-1,400.000,-1,375.000,-1,325.000,325.000,300.000,300.000,-1,-1,-1,-1,850.000,750.000,-1,-1,2,0,2,0,2,0,0,0,0,2,2,2,2,0,0,2,2
68,6169.960,6182.513,67.085,91.470,-0.025634,-0.999592,0.012591,0.999669,-0.025657,-0.001695,0.002018,0.012544,0.999919,0,0.78933,-0.76000,47.360,-1.520,-1,400.000,-1,375.000,-1,325.000,325.000,300.000,300.000,-1,-1,-1,-1,850.000,750.000,-1,-1,2,0,2,0,2,0,0,0,0,2,2,2,2,0,0,2,2
69,6169.803,6229.873,67.198,90.190,-0.003304,-0.999931,0.011249,0.999993,-0.003321,-0.001491,0.001528,0.011244,0.999936,0,0.78933,-0.64000,47.360,-1.280,-1,400.000,-1,375.000,-1,325.000,325.000,300.000,300.000,-1,-1,-1,-1,850.000,750.000,-1,-1,2,0,2,0,2,0,0,0,0,2,2,2,2,0,0,2,2
70,6170.505,6277.228,67.297,89.150,0.014841,-0.999841,0.009915,0.999889,0.014829,-0.001309,0.001162,0.009933,0.999950,0,0.78933,-0.52000,47.360,-1.040,-1,400.000,-1,375.000,-1,325.000,325.000,300.000,300.000,-1,-1,-1,-1,850.000,750.000,-1,-1,2,0,2,0,2,0,0,0,0,2,2,2,2,0,0,2,2
71,6171.869,6324.568,67.388,88.350,0.028796,-0.999548,0.008587,0.999585,0.028788,-0.001145,0.000898,0.008617,0.999962,0,0.78933,-0.40000,47.360,-0.800,-1,400.000,-1,375.000,-1,325.000,325.000,300.000,300.000,-1,-1,-1,-1,850.000,750.000,-1,-1,2,0,2,0,2,0,0,0,0,2,2,2,2,0,0,2,2
72,6173.695,6371.893,67.474,87.790,0.038562,-0.999230,0.007264,0.999256,0.038556,-0.000993,0.000712,0.007297,0.999973,0,0.78933,-0.28000,47.360,-0.560,-1,400.000,-1,375.000,-1,325.000,325.000,300.000,300.000,-1,-1,-1,-1,850.000,750.000,-1,-1,2,0,2,0,2,0,0,0,0,2,2,2,2,0,0,2,2
73,6175.889,6419.202,67.560,87.345,0.046324,-0.998909,0.005945,0.998926,0.046320,-0.000850,0.000574,0.005978,0.999982,0,0.78933,-0.22263,47.360,-0.445,-1,400.000,-1,400.000,-1,325.000,325.000,300.000,300.000,-1,-1,-1,-1,850.000,750.000,-1,-1,2,0,2,0,2,0,0,0,0,2,2,2,2,0,0,2,2
74,6178.451,6466.493,67.651,86.900,0.054085,-0.998526,0.004632,0.998536,0.054082,-0.000716,0.000465,0.004664,0.999989,0,0.78933,-0.22263,47.360,-0.445,-1,400.000,-1,400.000,-1,325.000,325.000,300.000,300.000,-1,-1,-1,-1,850.000,750.000,-1,-1,2,0,2,0,2,0,0,0,0,2,2,2,2,0,0,2,2
75,6181.379,6513.762,67.746,86.455,0.061842,-0.998080,0.003325,0.998086,0.061840,-0.000592,0.000385,0.003355,0.999994,0,0.78933,-0.22263,47.360,-0.445,-1,400.000,-1,400.000,-1,325.000,325.000,300.000,300.000,-1,-1,-1,-1,850.000,750.000,-1,-1,2,0,2,0,2,0,0,0,0,2,2,2,2,0,0,2,2
76,6184.675,6561.008,67.803,86.009,0.069596,-0.997574,0.001845,0.997575,0.069595,-0.000411,0.000282,0.001869,0.999998,0,0.78933,-0.22263,47.360,-0.445,-1,400.000,-1,400.000,-1,325.000,325.000,300.000,300.000,-1,-1,-1,-1,850.000,750.000,-1,-1,2,0,2,0,2,0,0,0,0,2,2,2,2,0,0,2,2
77,6188.339,6608.226,67.669,85.564,0.077345,-0.997004,0.000584,0.997004,0.077345,0.000084,-0.000129,0.000576,1.000000,0,0.78933,-0.22263,47.360,-0.445,-1,400.000,-1,400.000,-1,325.000,325.000,300.000,300.000,-1,-1,-1,-1,850.000,775.000,-1,-1,2,0,2,0,2,0,0,0,0,2,2,2,2,0,0,2,2
78,6192.368,6655.414,67.468,85.119,0.085091,-0.996373,-0.000375,0.996373,0.085091,0.000741,-0.000706,-0.000436,1.000000,0,0.78933,-0.22263,47.360,-0.445,-1,400.000,-1,400.000,-1,325.000,325.000,300.000,300.000,-1,-1,-1,-1,850.000,775.000,-1,-1,2,0,2,0,2,0,0,0,0,2,2,2,2,0,0,2,2
79,6196.765,6702.569,67.275,84.673,0.092833,-0.995681,-0.001317,0.995681,0.092831,0.001393,-0.001265,-0.001441,0.999998,0,0.78933,-0.22263,47.360,-0.445,-1,400.000,-1,400.000,-1,325.000,325.000,300.000,300.000,-1,-1,-1,-1,850.000,775.000,-1,-1,2,0,2,0,2,0,0,0,0,2,2,2,2,0,0,2,2
80,6201.528,6749.689,67.089,84.228,0.100570,-0.994927,-0.002244,0.994928,0.100566,0.002043,-0.001807,-0.002438,0.999995,0,0.78933,-0.22263,47.360,-0.445,-1,400.000,-1,400.000,-1,325.000,325.000,300.000,300.000,-1,-1,-1,-1,850.000,775.000,-1,-1,2,0,2,0,2,0,0,0,0,2,2,2,2,0,0,2,2
81,6206.657,6796.771,66.913,83.783,0.108303,-0.994113,-0.003155,0.994115,0.108294,0.002690,-0.002333,-0.003428,0.999991,0,0.78933,-0.22263,47.360,-0.445,-1,400.000,-1,400.000,-1,325.000,325.000,300.000,300.000,-1,-1,-1,-1,825.000,775.000,-1,-1,2,0,2,0,2,0,0,0,0,2,2,2,2,0,0,2,2
82,6212.151,6843.811,66.747,83.338,0.116029,-0.993238,-0.004048,0.993242,0.116016,0.003335,-0.002843,-0.004408,0.999986,0,0.78933,-0.22263,47.360,-0.445,-1,400.000,-1,400.000,-1,325.000,325.000,300.000,300.000,-1,-1,-1,-1,825.000,775.000,-1,-1,2,0,2,0,2,0,0,0,0,2,2,2,2,0,0,2,2
83,6218.011,6890.807,66.593,82.892,0.123750,-0.992301,-0.004924,0.992308,0.123731,0.003980,-0.003340,-0.005379,0.999980,0,0.78933,-0.22263,47.360,-0.445,-1,400.000,-1,400.000,-1,325.000,325.000,300.000,300.000,-1,-1,-1,-1,825.000,775.000,-1,-1,2,0,2,0,2,0,0,0,0,2,2,2,2,0,0,2,2
84,6224.236,6937.756,66.451,82.447,0.131463,-0.991304,-0.005782,0.991314,0.131438,0.004623,-0.003823,-0.006340,0.999973,0,0.78933,-0.22263,47.360,-0.445,-1,400.000,-1,400.000,-1,325.000,325.000,300.000,300.000,-1,-1,-1,-1,825.000,775.000,-1,-1,2,0,2,0,2,0,0,0,0,2,2,2,2,0,0,2,2
85,6230.825,6984.656,66.323,82.002,0.139170,-0.990246,-0.006621,0.990259,0.139136,0.005266,-0.004294,-0.007289,0.999964,0,0.78933,-0.22263,47.360,-0.445,-1,400.000,-1,400.000,-1,325.000,325.000,300.000,300.000,-1,-1,-1,-1,825.000,775.000,-1,-1,2,0,2,0,2,0,0,0,0,2,2,2,2,0,0,2,2
86,6236.898,7026.780,66.217,81.797,0.142723,-0.989735,-0.007365,0.989751,0.142682,0.005853,-0.004742,-0.008125,0.999956,0,0.70933,-0.10263,42.560,-0.205,-1,400.000,-1,400.000,-1,325.000,325.000,300.000,300.000,-1,-1,-1,-1,825.000,775.000,-1,-1,2,0,2,0,2,0,0,0,0,2,2,2,2,0,0,2,2
87,6242.887,7068.505,66.119,81.831,0.142131,-0.989815,-0.008103,0.989834,0.142081,0.006449,-0.005232,-0.008937,0.999946,0,0.70254,0.01737,42.152,0.035,-1,400.000,-1,400.000,-1,325.000,325.000,300.000,300.000,-1,-1,-1,-1,825.000,775.000,-1,-1,2,0,2,0,2,0,0,0,0,2,2,2,2,0,0,2,2
88,6248.676,7110.258,66.026,82.106,0.137392,-0.990477,-0.008852,0.990500,0.137332,0.007065,-0.005782,-0.009739,0.999936,0,0.70254,0.13737,42.152,0.275,-1,400.000,-1,400.000,-1,325.000,325.000,300.000,300.000,-1,-1,-1,-1,825.000,775.000,-1,-1,2,0,2,0,2,0,0,0,0,2,2,2,2,0,0,2,2
89,6254.121,7152.057,65.939,82.578,0.129233,-0.991568,-0.009621,0.991594,0.129162,0.007702,-0.006395,-0.010536,0.999924,0,0.70254,0.23615,42.152,0.472,-1,400.000,-1,400.000,-1,325.000,325.000,300.000,300.000,-1,-1,-1,-1,825.000,800.000,-1,-1,2,0,2,0,2,0,0,0,0,2,2,2,2,0,0,2,2
90,6259.221,7193.900,65.803,83.051,0.121067,-0.992587,-0.010634,0.992620,0.120982,0.008296,-0.006948,-0.011560,0.999909,0,0.70254,0.23615,42.152,0.472,-1,400.000,-1,400.000,-1,325.000,325.000,300.000,300.000,-1,-1,-1,-1,825.000,800.000,-1,-1,2,0,2,0,2,0,0,0,0,2,2,2,2,0,0,2,2
91,6263.976,7235.784,65.551,83.523,0.112899,-0.993533,-0.012067,0.993577,0.112794,0.009062,-0.007642,-0.013012,0.999886,0,0.70254,0.23615,42.152,0.472,-1,400.000,-1,400.000,-1,325.000,325.000,300.000,300.000,-1,-1,-1,-1,825.000,800.000,-1,-1,2,0,2,0,2,0,0,0,0,2,2,2,2,0,0,2,2
92,6268.385,7277.705,65.016,83.995,0.104717,-0.994424,-0.012476,0.994467,0.104600,0.009681,-0.008322,-0.013421,0.999875,0,0.70254,0.23615,42.152,0.472,-1,400.000,-1,400.000,-1,325.000,325.000,300.000,300.000,-1,-1,-1,-1,825.000,800.000,-1,-1,2,0,2,0,2,0,0,0,0,2,2,2,2,0,0,2,2
93,6272.449,7319.661,64.429,84.468,0.096528,-0.995249,-0.012692,0.995288,0.096399,0.010445,-0.009172,-0.013640,0.999865,0,0.70254,0.23615,42.152,0.472,-1,400.000,-1,400.000,-1,325.000,325.000,300.000,300.000,-1,-1,-1,-1,825.000,800.000,-1,-1,2,0,2,0,2,0,0,0,0,2,2,2,2,0,0,2,2
94,6276.166,7361.649,63.843,84.940,0.088334,-0.996007,-0.012922,0.996040,0.088191,0.011223,-0.010039,-0.013862,0.999854,0,0.70254,0.23615,42.152,0.472,-1,400.000,-1,400.000,-1,325.000,325.000,300.000,300.000,-1,-1,-1,-1,825.000,800.000,-1,-1,2,0,2,0,2,0,0,0,0,2,2,2,2,0,0,2,2
95,6279.538,7403.666,63.255,85.412,0.080134,-0.996697,-0.013167,0.996724,0.079978,0.012014,-0.010921,-0.014087,0.999841,0,0.70254,0.23615,42.152,0.472,-1,400.000,-1,400.000,-1,325.000,325.000,300.000,300.000,-1,-1,-1,-1,825.000,800.000,-1,-1,2,0,2,0,2,0,0,0,0,2,2,2,2,0,0,2,2
96,6282.563,7445.710,62.667,85.885,0.071930,-0.997319,-0.013427,0.997340,0.071759,0.012815,-0.011818,-0.014313,0.999828,0,0.70254,0.23615,42.152,0.472,-1,400.000,-1,400.000,-1,325.000,325.000,300.000,300.000,-1,-1,-1,-1,800.000,800.000,-1,-1,2,0,2,0,2,0,0,0,0,2,2,2,2,0,0,2,2
97,6285.241,7487.777,62.077,86.357,0.063721,-0.997874,-0.013703,0.997887,0.063535,0.013628,-0.012728,-0.014542,0.999813,0,0.70254,0.23615,42.152,0.472,-1,400.000,-1,400.000,-1,325.000,325.000,300.000,300.000,-1,-1,-1,-1,800.000,800.000,-1,-1,2,0,2,0,2,0,0,0,0,2,2,2,2,0,0,2,2
98,6287.573,7529.865,61.486,86.829,0.055509,-0.998360,-0.013994,0.998365,0.055307,0.014449,-0.013651,-0.014773,0.999798,0,0.70254,0.23615,42.152,0.472,-1,400.000,-1,400.000,-1,325.000,325.000,300.000,300.000,-1,-1,-1,-1,800.000,800.000,-1,-1,2,0,2,0,2,0,0,0,0,2,2,2,2,0,0,2,2
99,6289.557,7571.971,60.893,87.301,0.047294,-0.998779,-0.014302,0.998774,0.047076,0.015279,-0.014587,-0.015007,0.999781,0,0.70254,0.23615,42.152,0.472,-1,400.000,-1,400.000,-1,325.000,325.000,300.000,300.000,-1,-1,-1,-1,800.000,800.000,-1,-1,2,0,2,0,2,0,0,0,0,2,2,2,2,0,0,2,2
100,6291.195,7614.092,60.297,87.774,0.039077,-0.999129,-0.014626,0.999115,0.038841,0.016116,-0.015533,-0.015242,0.999763,0,0.70254,0.23615,42.152,0.472,-1,400.000,-1,400.000,-1,325.000,325.000,300.000,300.000,-1,-1,-1,-1,800.000,800.000,-1,-1,2,0,2,0,2,0,0,0,0,2,2,2,2,0,0,2,2
101,6292.485,7656.224,59.698,88.246,0.030858,-0.999412,-0.014966,0.999388,0.030603,0.016958,-0.016490,-0.015480,0.999744,0,0.70254,0.23615,42.152,0.472,-1,400.000,-1,400.000,-1,325.000,325.000,300.000,300.000,-1,-1,-1,-1,800.000,800.000,-1,-1,2,0,2,0,2,0,0,0,0,2,2,2,2,0,0,2,2
102,6293.427,7698.366,59.097,88.718,0.022638,-0.999626,-0.015323,0.999591,0.022364,0.017805,-0.017456,-0.015720,0.999724,0,0.70254,0.23615,42.152,0.472,-1,400.000,-1,400.000,-1,325.000,325.000,300.000,300.000,-1,-1,-1,-1,800.000,775.000,-1,-1,2,0,2,0,2,0,0,0,0,2,2,2,2,0,0,2,2
103,6294.023,7740.514,58.492,89.191,0.014417,-0.999773,-0.015697,0.999726,0.014123,0.018656,-0.018430,-0.015962,0.999703,0,0.70254,0.23615,42.152,0.472,-1,400.000,-1,400.000,-1,325.000,325.000,300.000,300.000,-1,-1,-1,-1,800.000,775.000,-1,-1,2,0,2,0,2,0,0,0,0,2,2,2,2,0,0,2,2
104,6294.271,7782.666,57.884,89.663,0.006195,-0.999851,-0.016088,0.999792,0.005881,0.019510,-0.019412,-0.016206,0.999680,0,0.70254,0.23615,42.152,0.472,-1,400.000,-1,400.000,-1,325.000,325.000,300.000,300.000,-1,-1,-1,-1,775.000,775.000,-1,-1,2,0,2,0,2,0,0,0,0,2,2,2,2,0,0,2,2
105,6294.171,7824.818,57.271,90.135,-0.002025,-0.999862,-0.016497,0.999790,-0.002361,0.020364,-0.020400,-0.016452,0.999657,0,0.70254,0.23615,42.152,0.472,-1,400.000,-1,400.000,-1,325.000,325.000,300.000,300.000,-1,-1,-1,-1,775.000,775.000,-1,-1,2,0,2,0,2,0,0,0,0,2,2,2,2,0,0,2,2
106,6293.724,7866.968,56.625,90.608,-0.010248,-0.999806,-0.016830,0.999720,-0.010603,0.021133,-0.021308,-0.016608,0.999635,0,0.70254,0.23615,42.152,0.472,-1,400.000,-1,400.000,-1,325.000,325.000,300.000,300.000,-1,-1,-1,-1,775.000,775.000,-1,-1,2,0,2,0,2,0,0,0,0,2,2,2,2,0,0,2,2
107,6292.929,7909.113,55.643,91.080,-0.018486,-0.999687,-0.016834,0.999594,-0.018844,0.021380,-0.021691,-0.016432,0.999630,0,0.70254,0.23615,42.152,0.472,-1,400.000,-1,400.000,-1,325.000,325.000,300.000,300.000,-1,-1,-1,-1,775.000,775.000,-1,-1,2,0,2,0,2,0,0,0,0,2,2,2,2,0,0,2,2
108,6291.788,7951.250,54.641,91.552,-0.026721,-0.999501,-0.016856,0.999398,-0.027084,0.021672,-0.022118,-0.016267,0.999623,0,0.70254,0.23615,42.152,0.472,-1,400.000,-1,400.000,-1,325.000,325.000,300.000,300.000,-1,-1,-1,-1,775.000,775.000,-1,-1,2,0,2,0,2,0,0,0,0,2,2,2,2,0,0,2,2
109,6290.299,7993.376,53.634,92.025,-0.034955,-0.999246,-0.016887,0.999135,-0.035322,0.021963,-0.022543,-0.016104,0.999616,0,0.70254,0.23615,42.152,0.472,-1,400.000,-1,400.000,-1,325.000,325.000,300.000,300.000,-1,-1,-1,-1,775.000,775.000,-1,-1,2,0,2,0,2,0,0,0,0,2,2,2,2,0,0,2,2
110,6288.778,8031.963,52.710,92.257,-0.039002,-0.999096,-0.016923,0.998977,-0.039373,0.022227,-0.022873,-0.016038,0.999610,0,0.64360,0.11615,38.616,0.232,-1,400.000,-1,400.000,-1,325.000,325.000,300.000,300.000,-1,-1,-1,-1,775.000,775.000,-1,-1,2,0,2,0,2,0,0,0,0,2,2,2,2,0,0,2,2
111,6287.262,8070.549,51.786,92.249,-0.038862,-0.999101,-0.016963,0.998977,-0.039239,0.022487,-0.023132,-0.016072,0.999603,0,0.64360,-0.00385,38.616,-0.008,-1,400.000,-1,400.000,-1,325.000,325.000,300.000,300.000,-1,-1,-1,-1,775.000,775.000,-1,-1,2,0,2,0,2,0,0,0,0,2,2,2,2,0,0,2,2
112,6285.914,8109.141,50.865,92.001,-0.034537,-0.999259,-0.017003,0.999131,-0.034920,0.022743,-0.023320,-0.016203,0.999597,0,0.64360,-0.12385,38.616,-0.248,-1,400.000,-1,400.000,-1,325.000,325.000,300.000,300.000,-1,-1,-1,-1,775.000,775.000,-1,-1,2,0,2,0,2,0,0,0,0,2,2,2,2,0,0,2,2
113,6284.894,8147.744,49.949,91.514,-0.026024,-0.999516,-0.017038,0.999387,-0.026413,0.022996,-0.023435,-0.016429,0.999590,0,0.64360,-0.24385,38.616,-0.488,-1,400.000,-1,400.000,-1,325.000,325.000,300.000,300.000,-1,-1,-1,-1,775.000,775.000,-1,-1,2,0,2,0,2,0,0,0,0,2,2,2,2,0,0,2,2
114,6284.364,8186.356,49.041,90.786,-0.013321,-0.999766,-0.017064,0.999636,-0.013716,0.023246,-0.023475,-0.016748,0.999584,0,0.64360,-0.36385,38.616,-0.728,-1,400.000,-1,400.000,-1,325.000,325.000,300.000,300.000,-1,-1,-1,-1,775.000,775.000,-1,-1,2,0,2,0,2,0,0,0,0,2,2,2,2,0,0,2,2
115,6284.396,8224.973,48.142,89.952,0.001235,-0.999853,-0.017078,0.999724,0.000833,0.023494,-0.023476,-0.017103,0.999578,0,0.64360,-0.41689,38.616,-0.834,-1,400.000,-1,400.000,-1,325.000,325.000,300.000,300.000,-1,-1,-1,-1,775.000,775.000,-1,-1,2,0,2,0,2,0,0,0,0,2,2,2,2,0,0,2,2
116,6284.990,8263.584,47.253,89.118,0.015790,-0.999729,-0.017080,0.999600,0.015383,0.023742,-0.023472,-0.017448,0.999572,0,0.64360,-0.41689,38.616,-0.834,-1,400.000,-1,400.000,-1,325.000,325.000,300.000,300.000,-1,-1,-1,-1,775.000,775.000,-1,-1,2,0,2,0,2,0,0,0,0,2,2,2,2,0,0,2,2
117,6286.146,8302.183,46.373,88.285,0.030342,-0.999394,-0.017070,0.999264,0.029929,0.023989,-0.023463,-0.017785,0.999566,0,0.64360,-0.41689,38.616,-0.834,-1,400.000,-1,400.000,-1,325.000,325.000,300.000,300.000,-1,-1,-1,-1,775.000,775.000,-1,-1,2,0,2,0,2,0,0,0,0,2,2,2,2,0,0,2,2
118,6287.863,8340.761,45.504,87.451,0.044887,-0.998847,-0.017048,0.998717,0.044468,0.024235,-0.023449,-0.018114,0.999561,0,0.64360,-0.41689,38.616,-0.834,-1,400.000,-1,400.000,-1,325.000,325.000,300.000,300.000,-1,-1,-1,-1,775.000,775.000,-1,-1,2,0,2,0,2,0,0,0,0,2,2,2,2,0,0,2,2
119,6290.142,8379.310,44.644,86.617,0.059423,-0.998088,-0.017013,0.997958,0.058998,0.024481,-0.023431,-0.018433,0.999556,0,0.64360,-0.41689,38.616,-0.834,-1,400.000,-1,400.000,-1,325.000,325.000,300.000,300.000,-1,-1,-1,-1,775.000,750.000,-1,-1,2,0,2,0,2,0,0,0,0,2,2,2,2,0,0,2,2
120,6292.981,8417.821,43.795,85.783,0.073945,-0.997118,-0.016965,0.996988,0.073515,0.024726,-0.023408,-0.018742,0.999550,0,0.64360,-0.41689,38.616,-0.834,-1,400.000,-1,400.000,-1,325.000,325.000,300.000,300.000,-1,-1,-1,-1,750.000,750.000,-1,-1,2,0,2,0,2,0,0,0,0,2,2,2,2,0,0,2,2
121,6296.380,8456.287,42.956,84.950,0.088452,-0.995937,-0.016905,0.995806,0.088016,0.024971,-0.023382,-0.019043,0.999545,0,0.64360,-0.41689,38.616,-0.834,-1,400.000,-1,400.000,-1,325.000,325.000,300.000,300.000,-1,-1,-1,-1,750.000,750.000,-1,-1,2,0,2,0,2,0,0,0,0,2,2,2,2,0,0,2,2
122,6300.339,8494.700,42.125,84.116,0.102940,-0.994545,-0.016848,0.994414,0.102499,0.025204,-0.023340,-0.019348,0.999540,0,0.64360,-0.41689,38.616,-0.834,-1,400.000,-1,400.000,-1,325.000,325.000,300.000,300.000,-1,-1,-1,-1,750.000,750.000,-1,-1,2,0,2,0,2,0,0,0,0,2,2,2,2,0,0,2,2
123,6304.856,8533.051,41.276,83.282,0.117406,-0.992940,-0.016904,0.992813,0.116959,0.025351,-0.023194,-0.019759,0.999536,0,0.64360,-0.41689,38.616,-0.834,-1,400.000,-1,400.000,-1,325.000,325.000,300.000,300.000,-1,-1,-1,-1,750.000,750.000,-1,-1,2,0,2,0,2,0,0,0,0,2,2,2,2,0,0,2,2
124,6309.931,8571.332,40.412,82.448,0.131843,-0.991127,-0.016859,0.991005,0.131395,0.025380,-0.022940,-0.020054,0.999536,0,0.64360,-0.41689,38.616,-0.834,-1,400.000,-1,400.000,-1,325.000,325.000,300.000,300.000,-1,-1,-1,-1,750.000,750.000,-1,-1,2,0,2,0,2,0,0,0,0,2,2,2,2,0,0,2,2
125,6316.083,8614.310,39.450,81.854,0.142106,-0.989709,-0.016823,0.989592,0.141659,0.025299,-0.022656,-0.020243,0.999538,0,0.72360,-0.29689,43.416,-0.594,-1,400.000,-1,400.000,-1,325.000,325.000,300.000,300.000,-1,-1,-1,-1,750.000,750.000,-1,-1,2,0,2,0,2,0,0,0,0,2,2,2,2,0,0,2,2
126,6323.209,8661.997,38.390,81.501,0.148212,-0.988813,-0.016785,0.988701,0.147767,0.025207,-0.022444,-0.020331,0.999541,0,0.80360,-0.17689,48.216,-0.354,-1,400.000,-1,400.000,-1,325.000,325.000,300.000,300.000,-1,-1,-1,-1,750.000,750.000,-1,-1,2,0,2,0,2,0,0,0,0,2,2,2,2,0,0,2,2
127,6331.149,8714.415,37.227,81.387,0.150172,-0.988518,-0.016746,0.988408,0.149730,0.025102,-0.022306,-0.020321,0.999545,0,0.88360,-0.05689,53.016,-0.114,-1,400.000,-1,400.000,-1,325.000,325.000,300.000,300.000,-1,-1,-1,-1,750.000,750.000,-1,-1,2,0,2,0,2,0,0,0,0,2,2,2,2,0,0,2,2
128,6339.682,8771.598,35.957,81.513,0.147991,-0.988848,-0.016708,0.988739,0.147552,0.024985,-0.022241,-0.020217,0.999548,0,0.96360,0.06311,57.816,0.126,-1,400.000,-1,400.000,-1,325.000,325.000,300.000,300.000,-1,-1,-1,-1,750.000,750.000,-1,-1,2,0,2,0,2,0,0,0,0,2,2,2,2,0,0,2,2
129,6348.081,8828.986,34.679,81.673,0.145221,-0.989259,-0.016671,0.989151,0.144786,0.024862,-0.022181,-0.020100,0.999552,0,0.96666,0.08013,58.000,0.160,-1,400.000,-1,400.000,-1,325.000,325.000,300.000,300.000,-1,-1,-1,-1,750.000,750.000,-1,-1,2,0,2,0,2,0,0,0,0,2,2,2,2,0,0,2,2
130,6356.320,8886.398,33.399,81.834,0.142450,-0.989662,-0.016634,0.989555,0.142019,0.024734,-0.022115,-0.019984,0.999556,0,0.96666,0.08013,58.000,0.160,-1,400.000,-1,400.000,-1,325.000,325.000,300.000,300.000,-1,-1,-1,-1,750.000,750.000,-1,-1,2,0,2,0,2,0,0,0,0,2,2,2,2,0,0,2,2
131,6364.398,8943.832,32.116,81.994,0.139678,-0.990058,-0.016598,0.989952,0.139251,0.024600,-0.022044,-0.019868,0.999560,0,0.96666,0.08013,58.000,0.160,-1,400.000,-1,400.000,-1,325.000,325.000,300.000,300.000,-1,-1,-1,-1,750.000,725.000,-1,-1,2,0,2,0,2,0,0,0,0,2,2,2,2,0,0,2,2
132,6372.315,9001.289,30.829,82.154,0.136905,-0.990446,-0.016563,0.990341,0.136481,0.024461,-0.021967,-0.019752,0.999564,0,0.96666,0.08013,58.000,0.160,-1,400.000,-1,400.000,-1,325.000,325.000,300.000,300.000,-1,-1,-1,-1,750.000,725.000,-1,-1,2,0,2,0,2,0,0,0,0,2,2,2,2,0,0,2,2
133,6380.072,9058.768,29.540,82.314,0.134130,-0.990826,-0.016528,0.990722,0.133711,0.024318,-0.021884,-0.019637,0.999568,0,0.96666,0.08013,58.000,0.160,-1,400.000,-1,400.000,-1,325.000,325.000,300.000,300.000,-1,-1,-1,-1,750.000,725.000,-1,-1,2,0,2,0,2,0,0,0,0,2,2,2,2,0,0,2,2
134,6387.668,9116.268,28.247,82.475,0.131355,-0.991198,-0.016494,0.991096,0.130939,0.024169,-0.021797,-0.019522,0.999572,0,0.96666,0.08013,58.000,0.160,-1,400.000,-1,375.000,-1,325.000,325.000,300.000,300.000,-1,-1,-1,-1,750.000,725.000,-1,-1,2,0,2,0,2,0,0,0,0,2,2,2,2,0,0,2,2
135,6395.103,9173.789,26.965,82.635,0.128576,-0.991564,-0.016409,0.991463,0.128167,0.023977,-0.021672,-0.019352,0.999578,0,0.96666,0.08013,58.000,0.160,-1,400.000,-1,375.000,-1,325.000,325.000,300.000,300.000,-1,-1,-1,-1,750.000,725.000,-1,-1,2,0,2,0,2,0,0,0,0,2,2,2,2,0,0,2,2
136,6402.377,9231.331,25.750,82.795,0.125797,-0.991921,-0.016398,0.991824,0.125393,0.023690,-0.021442,-0.019244,0.999585,0,0.96666,0.08013,58.000,0.160,-1,400.000,-1,375.000,-1,325.000,325.000,300.000,300.000,-1,-1,-1,-1,750.000,725.000,-1,-1,2,0,2,0,2,0,0,0,0,2,2,2,2,0,0,2,2
137,6409.490,9288.892,24.658,82.955,0.123021,-0.992261,-0.016869,0.992183,0.122617,0.023197,-0.020949,-0.019591,0.999589,0,0.96666,0.08013,58.000,0.160,-1,400.000,-1,375.000,-1,325.000,325.000,300.000,300.000,-1,-1,-1,-1,750.000,725.000,-1,-1,2,0,2,0,2,0,0,0,0,2,2,2,2,0,0,2,2
138,6415.645,9341.735,23.655,83.356,0.116085,-0.993088,-0.017313,0.993026,0.115682,0.022738,-0.020578,-0.019832,0.999592,0,0.88666,0.20013,53.200,0.400,-1,400.000,-1,375.000,-1,325.000,325.000,300.000,300.000,-1,-1,-1,-1,750.000,725.000,-1,-1,2,0,2,0,2,0,0,0,0,2,2,2,2,0,0,2,2
139,6420.928,9391.959,22.694,83.996,0.104980,-0.994316,-0.017744,0.994267,0.104577,0.022301,-0.020319,-0.019984,0.999594,0,0.84168,0.32013,50.501,0.640,-1,400.000,-1,375.000,-1,325.000,325.000,300.000,300.000,-1,-1,-1,-1,750.000,725.000,-1,-1,2,0,2,0,2,0,0,0,0,2,2,2,2,0,0,2,2
