timestep,x_cm,y_cm,z_cm,yaw_deg,basis_xx,basis_xy,basis_xz,basis_yx,basis_yy,basis_yz,basis_zx,basis_zy,basis_zz,teleport_flag,throttle_cmd,steering_cmd,cmd_move_cm,cmd_turn_deg,lidar_cm_0,lidar_cm_1,lidar_cm_2,lidar_cm_3,lidar_cm_4,lidar_cm_5,lidar_cm_6,lidar_cm_7,lidar_cm_8,lidar_cm_9,lidar_cm_10,lidar_cm_11,lidar_cm_12,lidar_cm_13,lidar_cm_14,lidar_cm_15,lidar_cm_16,lidar_class_0,lidar_class_1,lidar_class_2,lidar_class_3,lidar_class_4,lidar_class_5,lidar_class_6,lidar_class_7,lidar_class_8,lidar_class_9,lidar_class_10,lidar_class_11,lidar_class_12,lidar_class_13,lidar_class_14,lidar_class_15,lidar_class_16
0,5576.434,8859.782,183.670,77.846,0.208035,-0.977043,-0.045924,0.976054,0.210417,-0.055156,0.063552,-0.033350,0.997421,1,0.08000,0.12000,4.800,0.240,-1,400.000,-1,400.000,-1,325.000,325.000,325.000,300.000,-1,400.000,400.000,-1,725.000,750.000,-1,-1,2,0,2,0,2,0,0,0,0,2,1,1,2,0,0,2,2
1,5578.376,8869.184,184.245,78.326,0.199836,-0.978744,-0.046104,0.977816,0.202219,-0.054619,0.062781,-0.034167,0.997442,0,0.16000,0.24000,9.600,0.480,-1,400.000,-1,400.000,-1,325.000,325.000,325.000,300.000,-1,425.000,400.000,-1,725.000,725.000,-1,-1,2,0,2,0,2,0,0,0,0,2,1,1,2,0,0,2,2
2,5581.112,8883.321,185.105,79.046,0.187512,-0.981166,-0.046399,0.980329,0.189896,-0.053796,0.061594,-0.035399,0.997473,0,0.24000,0.36000,14.400,0.720,-1,400.000,-1,400.000,-1,325.000,325.000,325.000,300.000,-1,425.000,425.000,-1,725.000,725.000,-1,-1,2,0,2,0,2,0,0,0,0,2,1,1,2,0,0,2,2
3,5584.443,8902.230,186.250,80.006,0.171038,-0.984151,-0.046837,0.983439,0.173420,-0.052670,0.059957,-0.037052,0.997513,0,0.32000,0.48000,19.200,0.960,-1,400.000,-1,400.000,-1,325.000,325.000,325.000,300.000,-1,450.000,450.000,-1,700.000,725.000,-1,-1,2,0,2,0,2,0,0,0,0,2,1,1,2,0,0,2,2
4,5588.111,8925.948,187.677,81.206,0.150382,-0.987488,-0.047456,0.986935,0.152760,-0.051218,0.057826,-0.039134,0.997559,0,0.40000,0.60000,24.000,1.200,-1,400.000,-1,400.000,-1,325.000,325.000,325.000,300.000,-1,475.000,475.000,-1,700.000,700.000,-1,-1,2,0,2,0,2,0,0,0,0,2,1,1,2,0,0,2,2
5,5591.862,8954.502,189.387,82.513,0.127827,-0.990620,-0.048295,0.990256,0.130190,-0.049436,0.055260,-0.041505,0.997609,0,0.48000,0.65330,28.800,1.307,-1,375.000,-1,375.000,-1,325.000,325.000,325.000,300.000,-1,500.000,500.000,-1,675.000,700.000,-1,-1,2,0,2,0,2,0,0,0,0,2,1,1,2,0,0,2,2
6,5595.419,8987.487,191.352,83.844,0.104798,-0.993267,-0.049367,0.993117,0.107135,-0.047345,0.052315,-0.044066,0.997658,0,0.55295,0.66543,33.177,1.331,-1,375.000,-1,375.000,-1,300.000,325.000,325.000,300.000,-1,550.000,550.000,-1,675.000,675.000,-1,-1,2,0,2,0,2,0,0,0,0,2,1,1,2,0,0,2,2
7,5598.238,9021.105,193.337,85.203,0.081239,-0.995410,-0.050586,0.995480,0.083540,-0.045168,0.049186,-0.046688,0.997698,0,0.56227,0.67944,33.736,1.359,-1,375.000,-1,375.000,-1,300.000,300.000,325.000,300.000,-1,575.000,600.000,-1,650.000,675.000,-1,-1,2,0,2,0,2,0,0,0,0,2,1,1,2,0,0,2,2
8,5600.278,9055.363,195.338,86.590,0.057152,-0.997012,-0.051963,0.997311,0.059406,-0.042912,0.045871,-0.049371,0.997727,0,0.57198,0.69372,34.319,1.387,-1,375.000,-1,375.000,-1,300.000,300.000,325.000,300.000,-1,625.000,650.000,-1,625.000,650.000,-1,-1,2,0,2,0,2,0,0,0,0,2,1,1,2,0,0,2,2
9,5601.491,9090.264,197.350,88.007,0.032543,-0.998037,-0.053510,0.998572,0.034736,-0.040586,0.042365,-0.052113,0.997742,0,0.58205,0.70827,34.923,1.417,-1,350.000,-1,350.000,-1,300.000,300.000,325.000,300.000,-1,675.000,700.000,-1,625.000,650.000,-1,-1,2,0,2,0,2,0,0,0,0,2,1,1,2,0,0,2,2
10,5601.828,9125.810,199.371,89.453,0.007417,-0.998446,-0.055238,0.999225,0.009536,-0.038199,0.038667,-0.054911,0.997742,0,0.59247,0.72308,35.548,1.446,-1,350.000,-1,350.000,-1,300.000,300.000,325.000,300.000,-1,700.000,750.000,-1,600.000,625.000,1000.000,-1,2,0,2,0,2,0,0,0,0,2,1,1,2,0,0,0,2
11,5601.106,9161.995,201.389,91.139,-0.021871,-0.998121,-0.057238,0.999164,-0.019844,-0.035749,0.034546,-0.057972,0.997720,0,0.60322,0.84308,36.193,1.686,-1,350.000,-1,350.000,-1,275.000,275.000,325.000,325.000,-1,750.000,825.000,-1,600.000,600.000,925.000,-1,2,0,2,0,2,0,0,0,0,2,1,1,2,0,0,0,2
12,5599.133,9198.799,203.092,93.065,-0.055422,-0.996725,-0.058881,0.997931,-0.053372,-0.035835,0.032575,-0.060745,0.997622,0,0.61429,0.96308,36.857,1.926,-1,350.000,-1,350.000,-1,275.000,275.000,325.000,325.000,-1,800.000,875.000,-1,575.000,600.000,900.000,-1,2,0,2,0,2,0,0,0,0,2,1,1,2,0,0,0,2
13,5595.817,9236.194,205.133,95.065,-0.090324,-0.994124,-0.059664,0.995358,-0.088113,-0.038707,0.033223,-0.062883,0.997468,0,0.62570,1.00000,37.542,2.000,-1,350.000,-1,350.000,-1,275.000,275.000,325.000,325.000,-1,850.000,950.000,-1,600.000,600.000,925.000,-1,2,0,2,0,2,0,0,0,0,2,1,1,2,0,0,0,2
14,5591.112,9274.147,207.178,97.065,-0.125119,-0.990316,-0.060164,0.991560,-0.122738,-0.041765,0.033976,-0.064882,0.997314,0,0.63741,1.00000,38.245,2.000,-1,350.000,-1,350.000,-1,275.000,275.000,325.000,325.000,-1,900.000,-1,-1,600.000,600.000,950.000,-1,2,0,2,0,2,0,0,0,0,2,1,2,2,0,0,0,2
15,5584.972,9312.621,209.187,99.065,-0.159761,-0.985299,-0.060519,0.986545,-0.157204,-0.044907,0.034733,-0.066879,0.997156,0,0.64936,1.00000,38.962,2.000,-1,350.000,-1,350.000,-1,300.000,275.000,325.000,325.000,-1,950.000,-1,-1,600.000,600.000,1000.000,-1,2,0,2,0,2,0,0,0,0,2,1,2,2,0,0,0,2
16,5577.353,9351.573,211.158,101.065,-0.194209,-0.979079,-0.060721,0.980318,-0.191469,-0.048137,0.035504,-0.068874,0.996993,0,0.66151,1.00000,39.690,2.000,-1,350.000,-1,350.000,-1,300.000,300.000,325.000,325.000,-1,-1,-1,-1,600.000,600.000,-1,-1,2,0,2,0,2,0,0,0,0,2,2,2,2,0,0,2,2
17,5568.213,9390.953,213.085,103.065,-0.228421,-0.971665,-0.060760,0.972886,-0.225490,-0.051458,0.036300,-0.070866,0.996825,0,0.67379,1.00000,40.428,2.000,-1,350.000,-1,350.000,-1,300.000,300.000,325.000,325.000,-1,-1,-1,-1,625.000,600.000,-1,-1,2,0,2,0,2,0,0,0,0,2,2,2,2,0,0,2,2
18,5557.511,9430.707,214.962,105.065,-0.262356,-0.963065,-0.060625,0.964257,-0.259226,-0.054873,0.037130,-0.072854,0.996651,0,0.68617,1.00000,41.170,2.000,-1,350.000,-1,350.000,-1,300.000,300.000,325.000,325.000,-1,-1,-1,-1,625.000,625.000,-1,-1,2,0,2,0,2,0,0,0,0,2,2,2,2,0,0,2,2
19,5545.209,9470.775,216.784,107.065,-0.295972,-0.953291,-0.060305,0.954440,-0.292636,-0.058381,0.038006,-0.074837,0.996471,0,0.69859,1.00000,41.916,2.000,-1,350.000,-1,350.000,-1,300.000,300.000,325.000,325.000,-1,-1,-1,-1,625.000,625.000,-1,-1,2,0,2,0,2,0,0,0,0,2,2,2,2,0,0,2,2
20,5531.273,9511.095,218.546,109.065,-0.329229,-0.942356,-0.059787,0.943447,-0.325678,-0.061983,0.038939,-0.076812,0.996285,0,0.71102,1.00000,42.661,2.000,-1,375.000,-1,350.000,-1,300.000,300.000,325.000,325.000,-1,350.000,-1,-1,625.000,625.000,-1,-1,2,0,2,0,2,0,0,0,0,2,0,2,2,0,0,2,2
21,5515.671,9551.597,220.242,111.065,-0.362086,-0.930272,-0.059055,0.931289,-0.358312,-0.065678,0.039939,-0.078779,0.996092,0,0.72341,1.00000,43.404,2.000,-1,375.000,-1,350.000,-1,300.000,300.000,325.000,325.000,-1,300.000,-1,-1,650.000,625.000,-1,-1,2,0,2,0,2,0,0,0,0,2,0,2,2,0,0,2,2
22,5498.376,9592.210,221.864,113.065,-0.394502,-0.917057,-0.058097,0.917979,-0.390498,-0.069463,0.041015,-0.080735,0.995891,0,0.73571,1.00000,44.143,2.000,-1,375.000,-1,350.000,-1,300.000,300.000,350.000,325.000,-1,250.000,400.000,-1,650.000,625.000,-1,-1,2,0,2,0,2,0,0,0,0,2,0,0,2,0,0,2,2
23,5478.145,9635.462,223.452,115.065,-0.426436,-0.902740,-0.056686,0.903529,-0.422204,-0.073337,0.042271,-0.082491,0.995695,0,0.79584,1.00000,47.751,2.000,-1,375.000,-1,350.000,-1,300.000,300.000,350.000,325.000,-1,225.000,350.000,-1,675.000,625.000,-1,1000.000,2,0,2,0,2,0,0,0,0,2,0,0,2,0,0,2,1
24,5456.057,9678.690,224.856,117.065,-0.457823,-0.887351,-0.054826,0.887985,-0.453399,-0.076882,0.043364,-0.083883,0.995532,0,0.80909,1.00000,48.545,2.000,-1,375.000,-1,350.000,-1,300.000,300.000,350.000,300.000,-1,200.000,300.000,-1,700.000,650.000,-1,950.000,2,0,2,0,2,0,0,0,0,2,0,0,2,0,0,2,1
25,5432.089,9721.804,226.757,119.065,-0.488642,-0.870722,-0.055432,0.871430,-0.483944,-0.080047,0.042872,-0.087420,0.995249,0,0.82216,1.00000,49.330,2.000,-1,375.000,-1,350.000,-1,300.000,300.000,350.000,325.000,-1,200.000,325.000,-1,725.000,650.000,-1,900.000,2,0,2,0,2,0,0,0,0,2,0,0,2,0,0,2,1
26,5406.244,9764.721,228.663,121.052,-0.518675,-0.853119,-0.056240,0.853923,-0.513661,-0.083473,0.042324,-0.091320,0.994922,0,0.83500,0.99346,50.100,1.987,-1,375.000,-1,350.000,-1,300.000,300.000,350.000,325.000,-1,225.000,350.000,-1,725.000,650.000,-1,850.000,2,0,2,0,2,0,0,0,0,2,0,0,2,0,0,2,1
27,5378.669,9807.138,230.638,123.023,-0.547896,-0.834593,-0.057133,0.835475,-0.542461,-0.087852,0.042329,-0.095867,0.994494,0,0.84323,0.98533,50.594,1.971,-1,375.000,-1,375.000,900.000,300.000,300.000,350.000,325.000,-1,225.000,350.000,-1,750.000,650.000,-1,800.000,2,0,2,0,1,0,0,0,0,2,0,0,2,0,0,2,1
28,5349.472,9848.850,232.503,124.985,-0.576340,-0.815163,-0.057799,0.816111,-0.570458,-0.092410,0.042357,-0.100430,0.994042,0,0.84860,0.98098,50.916,1.962,-1,375.000,-1,375.000,800.000,300.000,300.000,325.000,325.000,-1,225.000,375.000,-1,775.000,675.000,-1,775.000,2,0,2,0,1,0,0,0,0,2,0,0,2,0,0,2,1
29,5321.681,9886.117,234.086,126.707,-0.600753,-0.797305,-0.058317,0.798308,-0.594436,-0.096697,0.042431,-0.104646,0.993604,0,0.77485,0.86098,46.491,1.722,-1,400.000,-1,375.000,750.000,300.000,300.000,325.000,325.000,-1,250.000,375.000,-1,800.000,675.000,-1,725.000,2,0,2,0,1,0,0,0,0,2,0,0,2,0,0,2,1
30,5292.778,9922.853,235.517,128.189,-0.621364,-0.781292,-0.059075,0.782357,-0.614564,-0.101140,0.042714,-0.109063,0.993117,0,0.77907,0.74098,46.744,1.482,-1,400.000,-1,375.000,700.000,300.000,300.000,325.000,325.000,-1,250.000,375.000,-1,825.000,675.000,-1,700.000,2,0,2,0,1,0,0,0,0,2,0,0,2,0,1,2,1
31,5262.912,9959.120,237.363,129.467,-0.638682,-0.767179,-0.059345,0.768340,-0.631662,-0.103233,0.041712,-0.111530,0.992885,0,0.78304,0.63899,46.983,1.278,-1,400.000,-1,375.000,650.000,325.000,300.000,325.000,325.000,-1,275.000,425.000,-1,850.000,650.000,-1,675.000,2,0,2,0,1,0,0,0,0,2,0,0,2,0,1,2,1
32,5232.107,9994.887,239.242,130.734,-0.655499,-0.752837,-0.059641,0.754123,-0.648314,-0.104825,0.040250,-0.113690,0.992701,0,0.78677,0.63358,47.206,1.267,-1,400.000,-1,375.000,600.000,325.000,300.000,300.000,325.000,-1,325.000,475.000,-1,875.000,625.000,-1,625.000,2,0,2,0,1,0,0,0,0,2,0,0,2,0,1,2,1
33,5200.391,10030.119,241.043,131.989,-0.671839,-0.738256,-0.060092,0.739687,-0.664475,-0.106473,0.038675,-0.115981,0.992498,0,0.79010,0.62769,47.406,1.255,-1,400.000,-1,375.000,575.000,325.000,300.000,300.000,325.000,-1,375.000,525.000,-1,900.000,600.000,-1,600.000,2,0,2,0,1,0,0,0,0,2,0,0,2,0,1,2,1
34,5167.800,10064.781,242.719,133.232,-0.687693,-0.723478,-0.060477,0.725052,-0.680147,-0.108166,0.037123,-0.118233,0.992292,0,0.79299,0.62133,47.580,1.243,-1,400.000,-1,375.000,525.000,325.000,325.000,300.000,325.000,-1,425.000,575.000,-1,925.000,600.000,-1,550.000,2,0,2,0,1,0,0,0,0,2,0,0,2,0,1,2,1
35,5134.372,10098.839,244.219,134.461,-0.703057,-0.708550,-0.060559,0.710235,-0.695337,-0.109874,0.035742,-0.120259,0.992099,0,0.79539,0.61449,47.724,1.229,-1,425.000,-1,375.000,500.000,325.000,325.000,300.000,325.000,-1,450.000,625.000,-1,950.000,600.000,-1,525.000,2,0,2,0,1,0,0,0,0,2,0,0,2,0,1,2,1
36,5100.150,10132.259,245.647,135.675,-0.717913,-0.693470,-0.060828,0.695291,-0.710006,-0.111632,0.034225,-0.122436,0.991886,0,0.79725,0.60715,47.835,1.214,-1,425.000,-1,400.000,450.000,325.000,325.000,300.000,325.000,-1,475.000,675.000,-1,975.000,575.000,-1,525.000,2,0,2,0,1,0,0,0,0,2,0,0,2,0,1,2,1
37,5065.182,10165.007,247.040,136.874,-0.732259,-0.678280,-0.061099,0.680242,-0.724159,-0.113422,0.032686,-0.124616,0.991667,0,0.79850,0.59932,47.910,1.199,-1,425.000,-1,400.000,425.000,350.000,325.000,300.000,325.000,-1,450.000,725.000,-1,1000.000,600.000,-1,500.000,2,0,2,0,1,0,0,0,0,2,0,0,2,0,1,2,1
38,5029.518,10197.050,248.360,138.056,-0.746084,-0.663000,-0.061559,0.665130,-0.737777,-0.115269,0.031007,-0.126945,0.991425,0,0.79911,0.59100,47.946,1.182,-1,425.000,-1,425.000,400.000,350.000,350.000,300.000,325.000,-1,475.000,775.000,-1,-1,600.000,-1,500.000,2,0,2,0,1,0,0,0,0,2,0,0,2,2,1,2,1
39,4993.216,10228.358,249.559,139.220,-0.759318,-0.647679,-0.062836,0.650108,-0.750874,-0.116392,0.028203,-0.129229,0.991214,0,0.79900,0.58219,47.940,1.164,-1,425.000,-1,425.000,375.000,350.000,350.000,300.000,325.000,-1,525.000,875.000,-1,-1,650.000,-1,500.000,2,0,2,1,1,0,0,0,0,2,0,0,2,2,1,2,1
40,4956.336,10258.902,250.133,140.366,-0.771891,-0.632499,-0.064260,0.635313,-0.763635,-0.115059,0.023703,-0.129638,0.991278,0,0.79814,0.57292,47.888,1.146,-1,425.000,-1,400.000,350.000,350.000,350.000,300.000,325.000,-1,775.000,1000.000,-1,-1,-1,-1,500.000,2,0,2,1,1,0,0,0,0,2,0,0,2,2,2,2,1
41,4918.940,10288.654,250.568,141.492,-0.783928,-0.617341,-0.065932,0.620562,-0.775891,-0.113559,0.018949,-0.129937,0.991341,0,0.79649,0.56321,47.789,1.126,-1,425.000,-1,400.000,325.000,350.000,350.000,300.000,300.000,-1,925.000,-1,-1,-1,-1,-1,-1,2,0,2,1,1,0,0,0,0,2,0,2,2,2,2,2,2
42,4881.095,10317.587,250.867,142.598,-0.795432,-0.602232,-0.067853,0.605882,-0.787644,-0.111913,0.013954,-0.130130,0.991399,0,0.79400,0.55308,47.640,1.106,-1,425.000,-1,400.000,325.000,350.000,350.000,300.000,300.000,-1,-1,-1,-1,-1,-1,-1,-1,2,0,2,1,1,0,0,0,0,2,2,2,2,2,2,2,2
43,4842.871,10345.680,251.034,143.684,-0.806407,-0.587200,-0.070023,0.591296,-0.798898,-0.110138,0.008732,-0.130221,0.991447,0,0.79066,0.54259,47.440,1.085,-1,425.000,-1,400.000,300.000,350.000,350.000,300.000,300.000,-1,-1,-1,-1,1000.000,-1,-1,-1,2,0,2,1,1,0,0,0,0,2,2,2,2,0,2,2,2
44,4804.337,10372.914,251.053,144.747,-0.816865,-0.572264,-0.072432,0.576820,-0.809651,-0.108368,0.003370,-0.130302,0.991469,0,0.78647,0.53178,47.188,1.064,-1,425.000,-1,400.000,300.000,350.000,350.000,300.000,300.000,-1,-1,-1,-1,975.000,-1,-1,-1,2,0,2,1,1,0,0,0,0,2,2,2,2,0,2,2,2
45,4765.564,10399.272,250.877,145.789,-0.826823,-0.557433,-0.075045,0.562458,-0.819888,-0.106882,-0.001949,-0.130583,0.991436,0,0.78143,0.52072,46.886,1.041,-1,425.000,-1,425.000,325.000,350.000,350.000,300.000,275.000,-1,-1,-1,-1,975.000,-1,-1,-1,2,0,2,1,1,0,1,0,1,2,2,2,2,0,2,2,2
46,4726.623,10424.744,250.548,146.808,-0.836285,-0.542740,-0.077856,0.548246,-0.829635,-0.105508,-0.007329,-0.130919,0.991366,0,0.77557,0.50949,46.534,1.019,-1,425.000,-1,450.000,-1,350.000,350.000,300.000,250.000,-1,-1,-1,-1,950.000,-1,-1,-1,2,0,2,0,2,0,0,0,1,2,2,2,2,0,2,2,2
47,4687.579,10449.322,250.535,147.804,-0.845360,-0.528084,-0.080587,0.534076,-0.838713,-0.106408,-0.011397,-0.132992,0.991052,0,0.76896,0.49817,46.138,0.996,-1,425.000,-1,475.000,-1,350.000,350.000,300.000,225.000,-1,-1,-1,-1,950.000,-1,-1,-1,2,0,2,0,2,0,0,0,1,2,2,2,2,0,2,2,2
48,4648.494,10473.002,250.984,148.780,-0.854120,-0.513433,-0.082853,0.519894,-0.847123,-0.109966,-0.013727,-0.136999,0.990476,0,0.76166,0.48818,45.700,0.976,-1,425.000,-1,500.000,-1,350.000,375.000,275.000,225.000,-1,-1,-1,-1,950.000,-1,-1,-1,2,0,2,0,2,0,0,0,1,2,2,2,2,0,2,2,2
49,4609.425,10495.779,250.709,149.752,-0.862453,-0.498855,-0.085541,0.505821,-0.855481,-0.110895,-0.017858,-0.138910,0.990144,0,0.75377,0.48598,45.226,0.972,-1,425.000,-1,500.000,-1,350.000,375.000,275.000,200.000,-1,-1,-1,-1,925.000,-1,-1,-1,2,0,2,0,2,0,0,0,1,2,2,2,2,0,2,2,2
50,4570.418,10517.647,249.750,150.721,-0.870372,-0.484326,-0.088772,0.491824,-0.863791,-0.109426,-0.023683,-0.138902,0.990023,0,0.74534,0.48422,44.721,0.968,-1,425.000,-1,500.000,-1,350.000,375.000,275.000,200.000,-1,-1,-1,-1,900.000,-1,-1,-1,2,0,2,0,2,0,0,0,1,2,2,2,2,0,2,2,2
51,4531.516,10538.607,248.157,151.687,-0.877893,-0.469815,-0.092620,0.477848,-0.872050,-0.105785,-0.031070,-0.137126,0.990066,0,0.73652,0.48289,44.191,0.966,-1,425.000,-1,500.000,-1,350.000,375.000,275.000,200.000,-1,-1,-1,-1,875.000,-1,-1,-1,2,0,2,0,2,0,0,0,1,2,2,2,2,0,2,2,2
52,4492.754,10558.663,245.510,152.651,-0.885191,-0.455398,-0.095134,0.463628,-0.880451,-0.099270,-0.038553,-0.131980,0.990502,0,0.72742,0.48201,43.645,0.964,-1,400.000,-1,500.000,-1,350.000,350.000,275.000,175.000,-1,-1,-1,-1,850.000,-1,-1,-1,2,0,2,0,2,0,0,0,1,2,2,2,2,0,2,2,2
53,4454.158,10577.822,242.160,153.614,-0.892202,-0.440962,-0.097611,0.449197,-0.888843,-0.090447,-0.046877,-0.124544,0.991106,0,0.71818,0.48155,43.091,0.963,-1,400.000,-1,475.000,-1,325.000,350.000,275.000,175.000,-1,-1,-1,-1,800.000,-1,-1,-1,2,0,2,0,2,0,0,0,1,2,2,2,2,0,2,2,2
54,4415.743,10596.087,239.597,154.577,-0.899177,-0.426180,-0.099259,0.434441,-0.896590,-0.085951,-0.052364,-0.120407,0.991343,0,0.70895,0.48152,42.537,0.963,-1,400.000,-1,475.000,-1,325.000,350.000,300.000,175.000,-1,-1,-1,-1,800.000,1000.000,-1,-1,2,0,2,0,2,0,0,0,1,2,2,2,2,0,1,2,2
55,4372.740,10615.872,236.866,155.300,-0.904222,-0.414997,-0.100801,0.423271,-0.902255,-0.082320,-0.056786,-0.117101,0.991495,0,0.78895,0.36152,47.337,0.723,-1,400.000,-1,475.000,-1,325.000,350.000,300.000,175.000,-1,-1,-1,-1,775.000,950.000,-1,-1,2,0,2,0,2,0,0,0,1,2,2,2,2,0,1,2,2
56,4327.396,10636.271,233.831,155.783,-0.907426,-0.407531,-0.102450,0.415785,-0.906068,-0.078513,-0.060830,-0.113842,0.991635,0,0.82868,0.24152,49.721,0.483,-1,400.000,-1,450.000,-1,325.000,350.000,300.000,175.000,-1,-1,-1,-1,775.000,875.000,-1,-1,2,0,2,0,2,0,0,0,1,2,2,2,2,0,1,2,2
57,4282.382,10656.171,230.684,156.154,-0.909794,-0.401788,-0.104124,0.410001,-0.909015,-0.074775,-0.064607,-0.110721,0.991749,0,0.82029,0.18584,49.218,0.372,-1,400.000,-1,450.000,-1,325.000,350.000,275.000,200.000,-1,-1,-1,-1,775.000,850.000,-1,-1,2,0,2,0,2,0,0,0,1,2,2,2,2,0,1,2,2
58,4237.656,10675.595,227.436,156.530,-0.912148,-0.395962,-0.105828,0.404122,-0.911936,-0.071122,-0.068347,-0.107641,0.991838,0,0.81269,0.18757,48.762,0.375,-1,400.000,-1,450.000,-1,325.000,350.000,275.000,225.000,-1,-1,-1,400.000,750.000,800.000,-1,-1,2,0,2,0,2,0,0,0,1,2,2,2,1,0,1,2,2
59,4193.191,10694.557,224.089,156.909,-0.914493,-0.390043,-0.107561,0.398134,-0.914837,-0.067551,-0.072053,-0.104598,0.991901,0,0.80564,0.18969,48.339,0.379,-1,375.000,-1,450.000,-1,325.000,350.000,275.000,250.000,-1,-1,-1,375.000,750.000,750.000,-1,-1,2,0,2,0,2,1,0,0,1,2,2,2,1,0,1,2,2
60,4148.957,10713.070,220.645,157.293,-0.916831,-0.384018,-0.109319,0.392028,-0.917720,-0.064059,-0.075725,-0.101588,0.991940,0,0.79920,0.19216,47.952,0.384,-1,375.000,-1,450.000,-1,325.000,350.000,275.000,275.000,-1,-1,-1,350.000,750.000,725.000,-1,-1,2,0,2,1,2,1,1,0,1,2,2,2,1,0,1,2,2
61,4104.918,10731.146,217.812,157.683,-0.918857,-0.377779,-0.113947,0.386110,-0.920351,-0.062231,-0.081362,-0.101178,0.991536,0,0.79340,0.19498,47.604,0.390,-1,375.000,-1,425.000,-1,325.000,325.000,275.000,325.000,-1,-1,-1,350.000,725.000,675.000,-1,975.000,2,0,2,1,2,1,1,0,1,2,2,2,1,0,1,2,1
62,4061.041,10748.802,214.815,158.079,-0.920896,-0.371432,-0.118271,0.380027,-0.923008,-0.060294,-0.086769,-0.100471,0.991149,0,0.78826,0.19811,47.295,0.396,-1,375.000,-1,400.000,-1,300.000,325.000,275.000,325.000,-1,-1,-1,350.000,700.000,625.000,-1,875.000,2,0,2,1,2,1,1,0,0,2,2,2,1,1,1,2,1
63,4017.292,10766.054,211.232,158.482,-0.923161,-0.365033,-0.120517,0.373543,-0.925859,-0.057016,-0.090769,-0.097653,0.991073,0,0.78379,0.20153,47.027,0.403,-1,375.000,-1,400.000,1000.000,300.000,325.000,275.000,325.000,-1,-1,-1,350.000,675.000,600.000,-1,800.000,2,1,2,1,1,1,1,0,0,2,2,2,1,1,1,2,1
64,3973.636,10782.913,207.085,158.893,-0.925707,-0.358560,-0.120419,0.366620,-0.928889,-0.052493,-0.093034,-0.092741,0.991334,0,0.77998,0.20523,46.799,0.410,-1,375.000,-1,375.000,900.000,300.000,300.000,275.000,325.000,-1,-1,-1,350.000,675.000,575.000,-1,725.000,2,1,2,1,1,1,1,0,0,2,2,2,1,1,1,2,1
65,3930.035,10799.388,202.347,159.311,-0.928508,-0.351983,-0.118239,0.359287,-0.932053,-0.046805,-0.093730,-0.085940,0.991882,0,0.77683,0.20919,46.610,0.418,-1,350.000,-1,350.000,800.000,300.000,300.000,275.000,325.000,-1,-1,-1,350.000,650.000,525.000,-1,650.000,2,1,2,1,1,1,1,0,0,2,2,2,1,1,1,2,1
66,3886.247,10815.780,197.010,159.490,-0.930024,-0.349315,-0.114169,0.355626,-0.933775,-0.039936,-0.092658,-0.077743,0.992658,0,0.77927,0.08919,46.756,0.178,-1,350.000,-1,325.000,700.000,300.000,275.000,300.000,325.000,-1,-1,-1,350.000,650.000,500.000,-1,575.000,2,1,2,1,1,1,1,0,0,2,2,2,1,1,1,2,1
67,3842.176,10832.326,192.374,159.428,-0.929700,-0.350447,-0.113331,0.356237,-0.933739,-0.035009,-0.093553,-0.072921,0.992940,0,0.78458,-0.03081,47.075,-0.062,-1,350.000,-1,325.000,625.000,275.000,275.000,300.000,300.000,-1,-1,-1,375.000,650.000,475.000,-1,525.000,2,1,2,1,1,1,1,0,0,2,2,2,1,1,1,2,1
68,3797.888,10849.215,188.871,159.126,-0.927991,-0.355354,-0.112059,0.361083,-0.931872,-0.035134,-0.091939,-0.073066,0.993080,0,0.78998,-0.15081,47.399,-0.302,-1,350.000,-1,300.000,575.000,275.000,275.000,300.000,325.000,-1,-1,-1,400.000,650.000,450.000,-1,475.000,2,1,2,1,1,1,1,0,0,2,2,2,1,1,1,2,1
69,3753.453,10866.640,185.972,158.585,-0.924869,-0.364061,-0.109893,0.369960,-0.928252,-0.038442,-0.088014,-0.076210,0.993200,0,0.79550,-0.27081,47.730,-0.542,-1,350.000,-1,300.000,550.000,275.000,250.000,300.000,325.000,-1,-1,-1,450.000,650.000,450.000,-1,450.000,2,1,2,1,1,1,1,0,0,2,2,2,1,1,1,2,1
70,3708.943,10884.797,183.103,157.803,-0.920095,-0.376571,-0.107791,0.382683,-0.922909,-0.042347,-0.083535,-0.080213,0.993271,0,0.80118,-0.39081,48.071,-0.782,-1,350.000,-1,300.000,525.000,275.000,250.000,275.000,350.000,-1,-1,-1,475.000,675.000,425.000,-1,425.000,2,1,2,1,1,1,1,0,0,2,2,2,1,1,1,2,1
71,3664.439,10903.882,180.280,156.782,-0.913509,-0.392806,-0.105852,0.399173,-0.915674,-0.046915,-0.078497,-0.085111,0.993275,0,0.80706,-0.51081,48.423,-1.022,-1,325.000,-1,300.000,500.000,275.000,250.000,275.000,350.000,-1,-1,-1,525.000,700.000,425.000,-1,425.000,2,1,2,1,1,1,1,0,0,2,2,2,1,1,1,2,1
72,3620.033,10924.094,177.516,155.520,-0.904907,-0.412658,-0.104196,0.419321,-0.906336,-0.052203,-0.072895,-0.090930,0.993186,0,0.81315,-0.63081,48.789,-1.262,-1,325.000,-1,275.000,500.000,250.000,250.000,275.000,375.000,-1,-1,-1,550.000,750.000,400.000,-1,400.000,2,1,2,1,1,1,1,0,0,2,2,2,1,1,1,2,1
73,3575.832,10945.631,175.511,154.018,-0.894351,-0.436106,-0.099741,0.442689,-0.894879,-0.056723,-0.064519,-0.094884,0.993395,0,0.81949,-0.75081,49.169,-1.502,-1,325.000,-1,275.000,500.000,250.000,250.000,275.000,400.000,-1,-1,-1,575.000,875.000,400.000,-1,400.000,2,1,2,1,1,1,1,0,0,2,2,2,1,1,1,2,1
74,3531.955,10968.689,174.220,152.277,-0.881494,-0.462998,-0.092746,0.469154,-0.881014,-0.060898,-0.053515,-0.097193,0.993826,0,0.82609,-0.87081,49.565,-1.742,-1,325.000,-1,275.000,500.000,250.000,225.000,275.000,400.000,-1,-1,-1,600.000,-1,375.000,-1,400.000,2,1,2,1,1,1,1,0,0,2,2,2,1,2,1,2,1
75,983.840,-6887.318,-68.433,167.228,-0.961333,-0.219167,0.166744,0.191003,-0.966827,-0.169596,0.198383,-0.131190,0.971305,1,0.00000,0.00000,49.978,-1.982,-1,400.000,-1,250.000,200.000,300.000,250.000,275.000,325.000,325.000,100.000,200.000,-1,775.000,350.000,-1,200.000,2,1,2,1,1,1,1,1,1,0,0,0,2,1,1,2,1
76,-2951.695,327.969,205.024,79.221,0.185867,-0.982101,0.030507,0.981603,0.186975,0.038679,-0.043691,0.022757,0.998786,1,0.00000,0.00000,4.800,-0.240,-1,400.000,-1,425.000,-1,300.000,325.000,325.000,325.000,-1,450.000,400.000,-1,-1,-1,-1,-1,2,0,2,0,2,0,0,0,0,2,1,1,2,2,2,2,2
77,-2950.778,332.680,204.822,78.981,0.189968,-0.981310,0.030709,0.980803,0.191087,0.038877,-0.044018,0.022734,0.998772,0,0.08000,-0.12000,4.800,-0.240,-1,400.000,-1,425.000,-1,300.000,325.000,325.000,325.000,-1,450.000,400.000,-1,-1,-1,-1,-1,2,0,2,0,2,0,0,0,0,2,1,1,2,2,2,2,2
78,-2948.876,342.090,204.414,78.575,0.196896,-0.979931,0.031118,0.979407,0.198038,0.039270,-0.044644,0.022745,0.998744,0,0.16000,-0.20306,9.600,-0.406,-1,400.000,-1,425.000,-1,300.000,325.000,325.000,325.000,-1,475.000,400.000,-1,-1,-1,-1,-1,2,0,2,0,2,0,0,0,0,2,1,1,2,2,2,2,2
79,-2945.925,356.185,203.791,78.177,0.203662,-0.978527,0.031730,0.977983,0.204841,0.039864,-0.045508,0.022913,0.998701,0,0.24000,-0.19906,14.400,-0.398,-1,400.000,-1,425.000,-1,300.000,325.000,325.000,325.000,-1,475.000,425.000,-1,-1,-1,-1,-1,2,0,2,0,2,0,0,0,0,2,1,1,2,2,2,2,2
80,-2941.865,374.950,202.951,77.790,0.210197,-0.977116,0.032564,0.976547,0.211430,0.040653,-0.046608,0.023255,0.998643,0,0.32000,-0.19308,19.200,-0.386,-1,400.000,-1,425.000,-1,300.000,325.000,325.000,325.000,-1,525.000,450.000,-1,-1,-1,-1,-1,2,0,2,0,2,0,0,0,0,2,1,1,2,2,2,2,2
81,-2936.638,398.374,201.893,77.420,0.216434,-0.975718,0.033637,0.975119,0.217736,0.041632,-0.047945,0.023790,0.998567,0,0.40000,-0.18511,24.000,-0.370,-1,400.000,-1,425.000,-1,300.000,325.000,325.000,300.000,-1,550.000,475.000,-1,-1,-1,-1,-1,2,0,2,0,2,0,0,0,0,2,1,1,2,2,2,2,2
82,-2930.577,424.775,200.691,77.070,0.222308,-0.974352,0.034893,0.973723,0.223694,0.042722,-0.049431,0.024479,0.998478,0,0.45145,-0.17515,27.087,-0.350,-1,400.000,-1,425.000,-1,325.000,325.000,325.000,300.000,-1,575.000,525.000,-1,-1,-1,-1,-1,2,0,2,0,2,0,0,0,0,2,1,1,2,2,2,2,2
83,-2924.255,451.604,199.462,76.742,0.227784,-0.973038,0.036222,0.972378,0.229261,0.043813,-0.050936,0.025242,0.998383,0,0.45940,-0.16392,27.564,-0.328,-1,400.000,-1,450.000,-1,325.000,325.000,350.000,300.000,-1,625.000,550.000,-1,-1,-1,-1,-1,2,0,2,0,2,0,0,0,0,2,1,1,2,2,2,2,2
84,-2917.678,478.870,198.206,76.437,0.232858,-0.971783,0.037624,0.971095,0.234432,0.044905,-0.052458,0.026080,0.998283,0,0.46746,-0.15249,28.047,-0.305,-1,400.000,-1,450.000,-1,325.000,325.000,350.000,325.000,-1,675.000,575.000,-1,-1,-1,-1,-1,2,0,2,0,2,0,0,0,0,2,1,1,2,2,2,2,2
85,-2910.849,506.578,196.923,76.155,0.237524,-0.970594,0.039100,0.969880,0.239202,0.045999,-0.053999,0.026996,0.998176,0,0.47563,-0.14087,28.538,-0.282,-1,425.000,-1,450.000,-1,325.000,350.000,350.000,325.000,-1,725.000,625.000,-1,-1,-1,-1,-1,2,0,2,0,2,0,0,0,0,2,1,1,2,2,2,2,2
86,-2903.774,534.739,195.612,75.897,0.241775,-0.969481,0.040650,0.968740,0.243565,0.047097,-0.055560,0.027992,0.998063,0,0.48392,-0.12904,29.035,-0.258,-1,425.000,-1,450.000,-1,350.000,350.000,350.000,325.000,-1,750.000,650.000,-1,-1,-1,-1,-1,2,0,2,0,2,0,0,0,0,2,1,1,2,2,2,2,2
87,-2896.460,563.359,194.272,75.663,0.245605,-0.968448,0.042273,0.967684,0.247515,0.048199,-0.057141,0.029069,0.997943,0,0.49233,-0.11701,29.540,-0.234,-1,425.000,-1,450.000,-1,350.000,350.000,350.000,325.000,-1,800.000,700.000,-1,-1,-1,-1,-1,2,0,2,0,2,0,0,0,0,2,1,1,2,2,2,2,2
88,-2888.912,592.448,192.738,75.454,0.249069,-0.967522,0.043189,0.966735,0.251052,0.048960,-0.058212,0.029558,0.997867,0,0.50087,-0.10478,30.052,-0.210,-1,425.000,-1,475.000,-1,350.000,350.000,350.000,325.000,-1,850.000,725.000,-1,-1,-1,-1,-1,2,0,2,0,2,0,0,0,0,2,1,1,2,2,2,2,2
89,-2881.137,622.016,190.797,75.269,0.252155,-0.966736,0.042896,0.965815,0.254176,0.050942,-0.060150,0.028584,0.997780,0,0.50954,-0.09232,30.573,-0.185,-1,450.000,-1,475.000,-1,350.000,350.000,350.000,325.000,-1,900.000,775.000,-1,-1,-1,-1,-1,2,0,2,0,2,0,0,0,0,2,1,1,2,2,2,2,2
90,-2873.145,652.073,188.678,75.110,0.254825,-0.966065,0.042213,0.964960,0.256873,0.053551,-0.062577,0.027087,0.997672,0,0.51835,-0.07965,31.101,-0.159,-1,450.000,-1,475.000,-1,350.000,350.000,350.000,325.000,-1,975.000,825.000,-1,-1,-1,-1,-1,2,0,2,0,2,0,0,0,0,2,1,1,2,2,2,2,2
91,-2864.943,682.630,186.516,74.976,0.257059,-0.965501,0.041563,0.964204,0.259134,0.056219,-0.065050,0.025624,0.997553,0,0.52731,-0.06676,31.638,-0.134,-1,450.000,-1,475.000,-1,350.000,350.000,350.000,325.000,-1,-1,875.000,-1,-1,-1,-1,-1,2,0,2,0,2,0,0,0,0,2,2,1,2,2,2,2,2
92,-2856.542,713.699,184.195,74.869,0.258838,-0.965039,0.041266,0.963578,0.260948,0.058506,-0.067229,0.024620,0.997434,0,0.53641,-0.05364,32.185,-0.107,-1,450.000,-1,475.000,-1,350.000,375.000,325.000,325.000,-1,-1,925.000,-1,-1,-1,-1,-1,2,0,2,0,2,0,0,0,0,2,2,1,2,2,2,2,2
93,-2847.951,745.293,181.507,74.788,0.260086,-0.964666,0.042129,0.963087,0.262303,0.060508,-0.069421,0.024837,0.997278,0,0.54568,-0.04028,32.741,-0.081,-1,450.000,-1,475.000,-1,350.000,375.000,325.000,325.000,-1,-1,950.000,-1,-1,-1,-1,-1,2,0,2,0,2,0,0,0,0,2,2,1,2,2,2,2,2
94,-2839.182,777.425,178.467,74.735,0.260753,-0.964387,0.044341,0.962677,0.263192,0.063104,-0.072527,0.026232,0.997021,0,0.55510,-0.02669,33.306,-0.053,-1,450.000,-1,475.000,-1,350.000,350.000,325.000,325.000,-1,-1,-1,-1,-1,-1,-1,-1,2,0,2,0,2,0,0,0,0,2,2,2,2,2,2,2,2
95,-2830.246,810.108,175.368,74.709,0.260936,-0.964230,0.046614,0.962385,0.263615,0.065743,-0.075679,0.027706,0.996747,0,0.56470,-0.01286,33.882,-0.026,-1,450.000,-1,475.000,-1,350.000,350.000,325.000,325.000,-1,-1,-1,-1,-1,-1,-1,-1,2,0,2,0,2,0,0,0,0,2,2,2,2,2,2,2,2
96,-2819.901,847.269,171.851,74.444,0.265119,-0.962960,0.049194,0.960949,0.268073,0.068661,-0.079306,0.029070,0.996426,0,0.64289,-0.13286,38.573,-0.266,-1,425.000,-1,450.000,-1,350.000,350.000,325.000,325.000,-1,-1,-1,-1,-1,-1,-1,-1,2,0,2,0,2,0,0,0,0,2,2,2,2,2,2,2,2
97,-2809.042,884.985,168.284,73.938,0.273315,-0.960525,0.051867,0.958334,0.276553,0.071509,-0.083030,0.030161,0.996090,0,0.65412,-0.25286,39.247,-0.506,-1,425.000,-1,450.000,-1,350.000,350.000,350.000,300.000,-1,-1,-1,-1,-1,-1,-1,-1,2,0,2,0,2,0,0,0,0,2,2,2,2,2,2,2,2
98,-2797.493,923.216,164.665,73.192,0.285490,-0.956820,0.054688,0.954439,0.289023,0.074246,-0.086846,0.031000,0.995739,0,0.66562,-0.37286,39.937,-0.746,-1,450.000,-1,450.000,-1,350.000,350.000,350.000,300.000,-1,-1,-1,-1,-1,-1,-1,-1,2,0,2,0,2,0,0,0,0,2,2,2,2,2,2,2,2
99,-2785.073,961.914,160.820,72.206,0.301623,-0.951710,0.057202,0.949045,0.305442,0.077588,-0.091313,0.030885,0.995343,0,0.67735,-0.49286,40.641,-0.986,-1,450.000,-1,450.000,-1,350.000,350.000,350.000,300.000,-1,-1,-1,-1,-1,-1,-1,-1,2,0,2,0,2,0,0,0,0,2,2,2,2,2,2,2,2
100,-2771.727,1001.060,156.683,71.176,0.318423,-0.946089,0.059352,0.943019,0.322522,0.081818,-0.096550,0.029918,0.994878,0,0.68928,-0.51539,41.357,-1.031,-1,450.000,-1,450.000,-1,350.000,350.000,350.000,300.000,-1,-1,-1,-1,-1,-1,-1,-1,2,0,2,0,2,0,0,0,0,2,2,2,2,2,2,2,2
101,-2757.458,1040.648,152.463,70.179,0.334527,-0.940358,0.061794,0.936867,0.338939,0.086025,-0.101839,0.029115,0.994375,0,0.70133,-0.49835,42.080,-0.997,-1,475.000,-1,425.000,-1,350.000,350.000,350.000,300.000,-1,-1,-1,-1,-1,-1,-1,-1,2,0,2,0,2,0,0,0,0,2,2,2,2,2,2,2,2
102,-2742.267,1080.672,148.159,69.217,0.349930,-0.934551,0.064524,0.930624,0.354687,0.090196,-0.107179,0.028485,0.993832,0,0.71348,-0.48106,42.809,-0.962,-1,475.000,-1,425.000,-1,350.000,350.000,350.000,300.000,-1,-1,-1,-1,-1,-1,-1,-1,2,0,2,0,2,0,0,0,0,2,2,2,2,2,2,2,2
103,-2725.575,1122.741,143.602,68.359,0.363471,-0.929145,0.067670,0.924760,0.368637,0.094474,-0.112725,0.028240,0.993225,0,0.75428,-0.42877,45.257,-0.858,-1,475.000,-1,425.000,-1,350.000,350.000,350.000,300.000,-1,-1,-1,-1,-1,975.000,-1,-1,2,0,2,0,2,0,0,0,0,2,2,2,2,2,0,2,2
104,-2708.059,1165.096,138.976,67.533,0.376391,-0.923731,0.071076,0.918877,0.382006,0.098680,-0.118305,0.028168,0.992578,0,0.76388,-0.41337,45.833,-0.827,-1,475.000,-1,425.000,-1,350.000,350.000,350.000,300.000,-1,-1,-1,-1,-1,950.000,-1,-1,2,0,2,0,2,0,0,0,0,2,2,2,2,2,0,2,2
105,-2687.840,1211.518,133.211,66.466,0.393444,-0.916529,0.071942,0.911148,0.399167,0.102345,-0.122519,0.025283,0.992144,0,0.84388,-0.53337,50.633,-1.067,-1,500.000,-1,425.000,-1,375.000,350.000,350.000,300.000,-1,-1,-1,-1,-1,925.000,-1,-1,2,0,2,0,2,0,0,0,0,2,2,2,2,2,0,2,2
106,-2664.552,1261.824,126.014,65.159,0.414457,-0.907324,0.070622,0.900930,0.420028,0.109095,-0.128648,0.018410,0.991519,0,0.92388,-0.65337,55.433,-1.307,-1,475.000,-1,425.000,-1,375.000,350.000,350.000,300.000,-1,-1,-1,-1,-1,900.000,-1,-1,2,0,2,0,2,0,0,0,0,2,2,2,2,2,0,2,2
107,-2639.673,1311.971,118.318,63.612,0.439216,-0.895772,0.068422,0.888020,0.444423,0.117932,-0.136048,0.008962,0.990662,0,0.93294,-0.77337,55.977,-1.547,-1,475.000,-1,425.000,-1,350.000,350.000,325.000,300.000,-1,-1,-1,-1,-1,850.000,-1,-1,2,0,2,0,2,0,0,0,0,2,2,2,2,2,0,2,2
108,-2613.223,1361.358,110.698,61.826,0.467407,-0.881515,0.066803,0.872399,0.472156,0.126448,-0.143007,-0.000824,0.989721,0,0.93370,-0.89337,56.022,-1.787,-1,450.000,-1,400.000,-1,350.000,350.000,300.000,325.000,-1,-1,-1,-1,-1,825.000,-1,-1,2,0,2,0,2,0,0,0,0,2,2,2,2,2,0,2,2
109,-2585.142,1409.836,102.777,59.916,0.496882,-0.865254,0.066660,0.855028,0.501251,0.132944,-0.148444,-0.009061,0.988879,0,0.93368,-0.95493,56.021,-1.910,-1,450.000,-1,400.000,-1,350.000,325.000,300.000,325.000,-1,-1,-1,-1,-1,800.000,-1,-1,2,0,2,0,2,0,0,0,0,2,2,2,2,2,0,2,2
110,-2555.497,1457.317,94.685,58.019,0.525474,-0.848115,0.067657,0.837007,0.529578,0.137720,-0.152633,-0.015739,0.988158,0,0.93291,-0.94859,55.975,-1.897,-1,450.000,-1,400.000,-1,350.000,325.000,300.000,325.000,-1,-1,-1,-1,950.000,750.000,-1,-1,2,0,2,0,2,0,0,0,0,2,2,2,2,0,0,2,2
111,-2524.355,1503.729,86.236,56.134,0.553608,-0.830105,0.066658,0.818254,0.557092,0.141806,-0.154848,-0.023962,0.987648,0,0.93151,-0.94229,55.891,-1.885,-1,450.000,-1,400.000,-1,350.000,325.000,300.000,325.000,-1,-1,-1,-1,900.000,750.000,-1,-1,2,0,2,0,2,0,0,0,0,2,2,2,2,0,0,2,2
112,-2491.780,1549.002,77.401,54.261,0.580655,-0.811311,0.067933,0.798717,0.583831,0.145576,-0.157769,-0.030270,0.987012,0,0.92953,-0.93670,55.772,-1.873,-1,425.000,-1,375.000,-1,325.000,325.000,325.000,325.000,-1,-1,-1,-1,850.000,725.000,-1,-1,2,0,2,0,2,0,0,0,0,2,2,2,2,0,0,2,2
113,-2457.839,1593.071,68.701,52.392,0.606955,-0.791689,0.069525,0.778419,0.609850,0.148816,-0.160216,-0.036205,0.986418,0,0.92704,-0.93413,55.623,-1.868,-1,425.000,-1,375.000,950.000,325.000,325.000,325.000,325.000,-1,-1,-1,-1,825.000,700.000,-1,-1,2,0,2,0,0,0,0,0,0,2,2,2,2,0,0,2,2
114,-2422.593,1635.876,60.192,50.528,0.632530,-0.771258,0.071176,0.757390,0.635139,0.151519,-0.162067,-0.041932,0.985888,0,0.92412,-0.93210,55.447,-1.864,-1,400.000,-1,375.000,875.000,325.000,300.000,350.000,325.000,-1,-1,-1,-1,775.000,675.000,-1,950.000,2,0,2,0,0,0,0,0,0,2,2,2,2,0,0,2,0
115,-2386.106,1677.368,51.885,48.667,0.657372,-0.750037,0.072843,0.735653,0.659692,0.153695,-0.163330,-0.047448,0.985430,0,0.92086,-0.93064,55.252,-1.861,-1,400.000,-1,375.000,825.000,325.000,300.000,350.000,325.000,-1,-1,-1,-1,750.000,625.000,-1,850.000,2,0,2,0,0,0,0,0,0,2,2,2,2,0,0,2,0
116,-2348.437,1717.502,43.145,46.807,0.681931,-0.727941,0.071226,0.713257,0.683404,0.155637,-0.161971,-0.055332,0.985243,0,0.91736,-0.92974,55.042,-1.859,-1,400.000,-1,375.000,775.000,325.000,300.000,350.000,325.000,-1,-1,-1,-1,725.000,625.000,-1,800.000,2,0,2,0,0,0,0,0,0,2,2,2,2,0,0,2,0
117,-2309.642,1756.240,34.212,44.949,0.706019,-0.704995,0.067224,0.690264,0.706261,0.157260,-0.158345,-0.064626,0.985267,0,0.91374,-0.92941,54.825,-1.859,-1,400.000,-1,375.000,775.000,300.000,300.000,350.000,325.000,-1,-1,-1,-1,700.000,600.000,-1,800.000,2,0,2,0,0,0,0,0,0,2,2,2,2,0,0,2,0
118,-2269.769,1793.551,25.644,43.089,0.729227,-0.681310,0.063594,0.666665,0.728336,0.158382,-0.154225,-0.073101,0.985328,0,0.91011,-0.92964,54.607,-1.859,-1,375.000,-1,375.000,775.000,300.000,300.000,350.000,325.000,-1,-1,-1,-1,675.000,600.000,-1,775.000,2,0,2,0,0,0,0,0,0,2,2,2,2,0,0,2,0
119,-2228.865,1829.407,17.378,41.228,0.751569,-0.656896,0.060270,0.642411,0.749615,0.159329,-0.149841,-0.081029,0.985384,0,0.90657,-0.93044,54.394,-1.861,-1,375.000,-1,375.000,775.000,300.000,300.000,350.000,325.000,-1,-1,-1,-1,675.000,575.000,-1,750.000,2,0,2,0,0,0,0,0,0,2,2,2,2,0,0,2,0
120,-2186.972,1863.788,9.466,39.365,0.773046,-0.631763,0.057229,0.617474,0.770082,0.160309,-0.145349,-0.088588,0.985406,0,0.90324,-0.93177,54.194,-1.864,-1,375.000,-1,350.000,775.000,300.000,300.000,350.000,325.000,-1,125.000,-1,-1,650.000,575.000,-1,725.000,2,0,2,0,0,0,0,0,0,2,0,2,2,0,0,2,0
121,-2144.124,1896.674,1.930,37.498,0.793645,-0.605937,0.054478,0.591892,0.789740,0.161167,-0.140680,-0.095664,0.985422,0,0.90021,-0.93365,54.012,-1.867,1000.000,375.000,-1,350.000,750.000,300.000,300.000,325.000,325.000,-1,175.000,-1,-1,625.000,550.000,975.000,700.000,0,0,2,0,0,0,0,0,0,2,0,2,2,0,0,0,0
122,-2100.353,1928.050,-5.250,35.626,0.813353,-0.579443,0.051995,0.565719,0.808595,0.161666,-0.135720,-0.102077,0.985475,0,0.89756,-0.93604,53.854,-1.872,950.000,375.000,-1,350.000,750.000,300.000,300.000,325.000,325.000,-1,225.000,-1,-1,600.000,550.000,950.000,700.000,0,0,2,0,0,0,0,0,0,2,0,2,2,0,0,0,0
123,-2055.686,1957.903,-12.106,33.748,0.832166,-0.552290,0.049760,0.538933,0.826632,0.161957,-0.130581,-0.107958,0.985542,0,0.89538,-0.93892,53.723,-1.878,900.000,350.000,-1,325.000,750.000,300.000,300.000,325.000,325.000,-1,250.000,-1,-1,575.000,525.000,900.000,675.000,0,0,2,0,0,0,0,0,0,2,0,2,2,0,0,0,0
124,-2010.148,1986.220,-17.944,31.863,0.850340,-0.524336,0.044652,0.511608,0.843591,0.163132,-0.123204,-0.115873,0.985593,0,0.89373,-0.94230,53.624,-1.885,850.000,350.000,-1,325.000,775.000,300.000,275.000,325.000,350.000,-1,275.000,250.000,-1,575.000,525.000,850.000,700.000,0,0,2,0,0,0,0,0,0,2,0,0,2,0,0,0,0
125,-1963.755,2012.987,-23.281,29.971,0.867617,-0.495707,0.038932,0.483742,0.859600,0.164565,-0.115042,-0.123946,0.985598,0,0.89265,-0.94613,53.559,-1.892,800.000,350.000,-1,325.000,825.000,275.000,275.000,325.000,350.000,-1,300.000,275.000,-1,550.000,525.000,825.000,725.000,0,0,2,0,0,0,0,0,0,2,0,0,2,0,0,0,0
126,-1916.523,2038.183,-28.760,28.070,0.883868,-0.466565,0.033075,0.455693,0.874899,0.164002,-0.105455,-0.129884,0.985905,0,0.89218,-0.95040,53.531,-1.901,775.000,350.000,-1,325.000,875.000,275.000,275.000,325.000,350.000,-1,300.000,275.000,-1,550.000,550.000,800.000,750.000,0,0,2,0,0,0,0,0,0,2,0,0,2,0,0,0,0
127,-1868.468,2061.795,-33.835,26.160,0.899124,-0.436823,0.027605,0.427036,0.889315,0.163582,-0.096006,-0.135292,0.986144,0,0.89235,-0.95510,53.541,-1.910,750.000,325.000,-1,325.000,925.000,275.000,275.000,300.000,350.000,-1,275.000,275.000,-1,550.000,550.000,775.000,775.000,0,0,2,0,0,0,0,0,0,2,0,0,2,0,0,0,0
128,-1819.602,2083.802,-38.393,24.239,0.913362,-0.406525,0.022509,0.397856,0.902897,0.162751,-0.086486,-0.139695,0.986410,0,0.89316,-0.96020,53.590,-1.920,750.000,325.000,-1,325.000,975.000,275.000,275.000,300.000,350.000,-1,275.000,275.000,-1,550.000,550.000,750.000,800.000,0,0,2,0,0,0,0,0,0,2,0,0,2,0,0,0,0
129,-1769.938,2104.175,-41.659,22.308,0.926540,-0.375850,0.016160,0.368846,0.916047,0.157512,-0.074004,-0.139981,0.987385,0,0.89463,-0.96568,53.678,-1.931,775.000,325.000,-1,350.000,-1,275.000,275.000,325.000,350.000,-1,275.000,250.000,-1,550.000,575.000,800.000,875.000,0,0,2,0,2,0,0,0,0,2,0,0,2,0,0,0,0
130,-1719.492,2122.896,-44.611,20.365,0.938710,-0.344571,0.009655,0.339164,0.928257,0.152663,-0.061565,-0.140032,0.988231,0,0.89675,-0.97153,53.805,-1.943,800.000,325.000,-1,350.000,-1,275.000,275.000,325.000,350.000,-1,250.000,225.000,-1,575.000,575.000,875.000,975.000,0,0,2,0,2,0,0,0,0,2,0,0,2,0,0,0,0
131,-1668.279,2139.937,-47.253,18.410,0.949845,-0.312705,0.003021,0.308828,0.939501,0.148202,-0.049182,-0.139836,0.988952,0,0.89950,-0.97772,53.970,-1.955,825.000,350.000,-1,350.000,-1,275.000,275.000,325.000,350.000,-1,225.000,200.000,-1,575.000,600.000,925.000,-1,0,0,2,0,2,0,0,0,0,2,0,0,2,0,0,0,2
132,-1616.317,2155.264,-49.524,16.441,0.959913,-0.280277,-0.003450,0.277836,0.949782,0.143948,-0.037069,-0.139136,0.989579,0,0.90286,-0.98424,54.172,-1.968,875.000,350.000,-1,350.000,-1,300.000,300.000,325.000,325.000,-1,200.000,175.000,-1,600.000,625.000,-1,-1,0,0,2,0,2,0,0,0,0,2,0,0,2,0,0,2,2
133,-1562.542,2169.109,-51.519,14.444,0.968952,-0.247041,-0.010094,0.245991,0.959117,0.139942,-0.024890,-0.138080,0.990108,0,0.92543,-0.99867,55.526,-1.997,950.000,350.000,-1,350.000,-1,300.000,300.000,325.000,325.000,-1,200.000,175.000,-1,625.000,625.000,-1,-1,0,0,2,0,2,0,0,0,0,2,0,0,2,0,0,2,2
134,-1513.050,2180.244,-53.076,12.686,0.975915,-0.217551,-0.016167,0.217695,0.966413,0.136584,-0.014090,-0.136814,0.990497,0,0.84543,-0.87867,50.726,-1.757,-1,350.000,-1,375.000,-1,300.000,300.000,325.000,325.000,-1,200.000,150.000,-1,625.000,650.000,-1,-1,2,0,2,0,2,0,0,0,0,2,0,0,2,0,0,2,2
135,-1467.990,2189.135,-54.282,11.169,0.981171,-0.191921,-0.021656,0.193084,0.972021,0.133770,-0.004623,-0.135432,0.990776,0,0.76543,-0.75867,45.926,-1.517,-1,350.000,-1,375.000,-1,300.000,300.000,325.000,325.000,-1,175.000,150.000,-1,650.000,675.000,-1,-1,2,0,2,0,2,0,0,0,0,2,0,0,2,0,0,2,2
136,-1424.687,2196.681,-55.275,9.892,0.985035,-0.170241,-0.026895,0.172308,0.976262,0.131231,0.003916,-0.133901,0.990987,0,0.73255,-0.63867,43.953,-1.277,-1,375.000,-1,375.000,-1,300.000,300.000,325.000,325.000,-1,175.000,150.000,-1,675.000,675.000,-1,-1,2,0,2,0,2,0,0,0,0,2,0,0,2,0,0,2,2
