timestep,x_cm,y_cm,z_cm,yaw_deg,basis_xx,basis_xy,basis_xz,basis_yx,basis_yy,basis_yz,basis_zx,basis_zy,basis_zz,teleport_flag,throttle_cmd,steering_cmd,cmd_move_cm,cmd_turn_deg,lidar_cm_0,lidar_cm_1,lidar_cm_2,lidar_cm_3,lidar_cm_4,lidar_cm_5,lidar_cm_6,lidar_cm_7,lidar_cm_8,lidar_cm_9,lidar_cm_10,lidar_cm_11,lidar_cm_12,lidar_cm_13,lidar_cm_14,lidar_cm_15,lidar_cm_16,lidar_class_0,lidar_class_1,lidar_class_2,lidar_class_3,lidar_class_4,lidar_class_5,lidar_class_6,lidar_class_7,lidar_class_8,lidar_class_9,lidar_class_10,lidar_class_11,lidar_class_12,lidar_class_13,lidar_class_14,lidar_class_15,lidar_class_16
0,6699.835,8234.298,531.058,-18.759,0.946879,0.321589,0.001085,-0.321591,0.946872,0.003429,0.000076,-0.003596,0.999994,0,0.44131,-0.63968,0.167,-0.003,-1,688.694,-1,876.728,-1,571.789,611.082,596.571,587.224,-1,-1,-1,-1,-1,-1,-1,-1,2,0,2,0,2,0,0,0,0,2,2,2,2,2,2,2,2
1,6700.265,8233.967,531.830,-18.775,0.946784,0.321864,-0.002090,-0.321851,0.946778,0.004750,0.003508,-0.003825,0.999987,0,0.44133,-0.63963,0.542,-0.016,-1,705.599,-1,893.869,-1,582.702,622.669,598.748,591.691,-1,-1,-1,-1,-1,-1,-1,-1,2,0,2,0,2,0,0,0,0,2,2,2,2,2,2,2,2
2,6701.177,8233.483,531.548,-18.808,0.946576,0.322438,-0.005247,-0.322395,0.946574,0.007686,0.007445,-0.005583,0.999957,0,0.44134,-0.63959,1.032,-0.033,-1,719.033,-1,909.871,-1,591.937,633.377,593.816,597.045,-1,-1,-1,-1,-1,-1,-1,-1,2,0,2,0,2,0,0,0,0,2,2,2,2,2,2,2,2
3,6702.550,8232.919,530.366,-18.855,0.946281,0.323254,-0.007748,-0.323152,0.946271,0.012045,0.011225,-0.008894,0.999897,0,0.44137,-0.63951,1.485,-0.046,-1,726.639,-1,924.246,-1,598.539,642.039,582.306,603.913,-1,-1,-1,-1,-1,-1,-1,-1,2,0,2,0,2,0,0,0,0,2,2,2,2,2,2,2,2
4,6704.373,8232.258,528.716,-18.902,0.945984,0.324092,-0.008917,-0.323926,0.945944,0.016165,0.013674,-0.012404,0.999830,0,0.44141,-0.63941,1.938,-0.047,11.799,726.747,-1,933.163,-1,600.379,645.734,568.790,609.650,-1,-1,-1,-1,-1,-1,9.997,-1,1,0,2,0,2,0,0,0,0,2,2,2,2,2,2,1,2
5,6706.554,8231.426,526.998,-18.955,0.945684,0.324981,-0.008354,-0.324786,0.945600,0.018832,0.014019,-0.015096,0.999788,0,0.44140,-0.63944,2.335,-0.052,15.153,719.023,-1,932.345,-1,596.323,643.041,556.751,612.313,-1,-1,-1,-1,-1,-1,23.122,-1,1,0,2,0,2,0,0,0,0,2,2,2,2,2,2,1,2
6,6709.064,8230.354,525.492,-19.011,0.945385,0.325895,-0.006305,-0.325725,0.945266,0.019381,0.012276,-0.016269,0.999792,0,0.44137,-0.63951,2.729,-0.056,15.101,705.802,-1,921.810,-1,587.524,634.719,548.801,610.630,-1,-1,-1,-1,-1,-1,23.201,-1,1,0,2,0,2,0,0,0,0,2,2,2,2,2,2,1,2
7,6711.920,8228.985,524.351,-19.073,0.945064,0.326868,-0.003470,-0.326761,0.944943,0.017591,0.009029,-0.015490,0.999839,0,0.44133,-0.63963,3.167,-0.062,15.112,690.988,-1,904.713,-1,577.062,623.030,546.331,603.940,-1,-1,-1,-1,-1,-1,23.179,-1,1,0,2,0,2,0,0,0,0,2,2,2,2,2,2,1,2
8,6715.152,8227.270,523.611,-19.146,0.944672,0.328016,-0.000641,-0.327976,0.944586,0.013733,0.005110,-0.012763,0.999905,0,0.44128,-0.63979,3.659,-0.073,15.239,678.239,-1,885.250,-1,566.903,610.683,549.315,592.773,-1,-1,-1,-1,-1,-1,23.003,-1,1,0,2,0,2,0,0,0,0,2,2,2,2,2,2,1,2
9,6718.785,8225.176,523.226,-19.238,0.944156,0.329495,0.001618,-0.329497,0.944118,0.008548,0.001289,-0.008604,0.999962,0,0.44122,-0.63994,4.193,-0.092,15.492,669.717,-1,864.388,-1,558.752,600.047,556.665,579.043,-1,-1,-1,-1,-1,-1,22.728,-1,1,0,2,0,2,0,0,0,0,2,2,2,2,2,2,1,2
10,6722.831,8222.725,523.129,-19.360,0.943451,0.331495,0.003240,-0.331505,0.943448,0.003096,-0.002030,-0.003995,0.999990,0,0.44119,-0.64003,4.730,-0.122,15.659,665.427,-1,846.136,-1,553.171,591.913,566.289,565.739,-1,-1,-1,-1,-1,-1,22.587,-1,1,0,2,0,2,0,0,0,0,2,2,2,2,2,2,1,2
11,6727.343,8219.981,523.295,-19.509,0.942583,0.333948,0.004011,-0.333945,0.942591,-0.001480,-0.004275,0.000056,0.999991,0,0.44123,-0.63992,5.281,-0.148,15.796,666.134,-1,834.237,-1,551.135,587.764,575.629,555.625,-1,-1,-1,-1,-1,-1,22.493,-1,1,0,2,0,2,0,0,0,0,2,2,2,2,2,2,1,2
12,6732.379,8216.987,523.647,-19.686,0.941543,0.336873,0.003812,-0.336857,0.941546,-0.004282,-0.005032,0.002747,0.999984,0,0.44131,-0.63969,5.859,-0.177,15.917,672.145,-1,830.571,-1,553.177,588.584,582.368,550.666,-1,-1,-1,-1,-1,-1,22.420,-1,1,0,2,0,2,0,0,0,0,2,2,2,2,2,2,1,2
13,6737.917,8213.778,524.057,-19.885,0.940365,0.340156,0.002775,-0.340138,0.940360,-0.005383,-0.004441,0.004118,0.999982,0,0.44144,-0.63932,6.400,-0.200,15.995,682.470,-1,833.892,-1,558.624,593.879,586.033,550.082,-1,-1,-1,-1,-1,-1,22.381,-1,1,0,2,0,2,0,0,0,0,2,2,2,2,2,2,1,2
14,6743.888,8210.348,524.416,-20.109,0.939034,0.343821,0.001188,-0.343811,0.939024,-0.005234,-0.002915,0.004506,0.999986,0,0.44160,-0.63886,6.886,-0.224,16.007,695.152,-1,841.861,-1,567.411,602.014,587.015,552.331,-1,-1,-1,-1,-1,-1,22.376,-1,1,0,2,0,2,0,0,0,0,2,2,2,2,2,2,1,2
15,6750.254,8206.691,524.675,-20.358,0.937540,0.347878,-0.000482,-0.347877,0.937532,-0.004051,-0.000958,0.003966,0.999992,0,0.44180,-0.63829,7.341,-0.248,16.031,708.454,-1,850.505,-1,577.225,611.736,585.220,556.981,-1,-1,-1,-1,-1,-1,22.365,-1,1,0,2,0,2,0,0,0,0,2,2,2,2,2,2,1,2
16,6756.985,8202.830,524.826,-20.625,0.935905,0.352249,-0.001513,-0.352252,0.935903,-0.001954,0.000728,0.002361,0.999997,0,0.44204,-0.63759,7.760,-0.268,16.093,719.423,-1,858.480,-1,586.103,621.341,580.483,564.316,-1,-1,-1,-1,-1,-1,22.338,-1,1,0,2,0,2,0,0,0,0,2,2,2,2,2,2,1,2
17,6764.046,8198.796,524.898,-20.914,0.934116,0.356966,-0.001685,-0.356965,0.934118,0.000593,0.001786,0.000048,0.999998,0,0.44232,-0.63680,8.132,-0.289,16.135,727.203,-1,864.939,-1,593.185,629.410,573.798,573.427,-1,-1,-1,-1,-1,-1,22.320,-1,1,0,2,0,2,0,0,0,0,2,2,2,2,2,2,1,2
18,6771.377,8194.664,524.961,-21.217,0.932215,0.361904,-0.000749,-0.361900,0.932212,0.002999,0.001784,-0.002525,0.999995,0,0.44263,-0.63590,8.415,-0.303,15.920,730.841,-1,868.213,-1,597.439,634.661,566.384,583.233,-1,-1,-1,-1,-1,-1,22.421,-1,1,0,2,0,2,0,0,0,0,2,2,2,2,2,2,1,2
19,6778.929,8190.411,524.999,-21.517,0.930308,0.366779,0.001040,-0.366780,0.930296,0.004654,0.000739,-0.004711,0.999989,0,0.44297,-0.63494,8.668,-0.300,16.703,730.178,-1,867.615,-1,598.895,636.787,559.713,592.171,-1,-1,-1,-1,-1,-1,22.190,-1,1,0,2,0,2,0,0,0,0,2,2,2,2,2,2,1,2
20,6786.482,8185.728,525.026,-21.889,0.927909,0.372791,0.003553,-0.372806,0.927890,0.006034,-0.001047,-0.006923,0.999976,0,0.44327,-0.63408,8.887,-0.372,17.718,728.091,-1,864.079,-1,598.675,637.097,552.808,601.102,-1,-1,-1,-1,-1,-1,22.258,-1,1,0,2,0,2,0,0,0,0,2,2,2,2,2,2,1,2
21,6794.001,8180.586,525.036,-22.324,0.925048,0.379809,0.005603,-0.379841,0.925029,0.006544,-0.002698,-0.008182,0.999963,0,0.44381,-0.63252,9.109,-0.435,18.013,728.549,-1,859.695,-1,599.373,637.668,547.987,607.283,-1,-1,-1,-1,-1,-1,22.324,-1,1,0,2,0,2,0,0,0,0,2,2,2,2,2,2,1,2
22,6801.341,8174.971,525.076,-22.821,0.921711,0.387822,0.006524,-0.387858,0.921701,0.005808,-0.003760,-0.007883,0.999962,0,0.44457,-0.63034,9.242,-0.498,18.656,734.006,-1,855.532,-1,602.457,639.779,546.769,608.236,-1,-1,-1,-1,-1,-1,22.519,-1,1,0,2,0,2,0,0,0,0,2,2,2,2,2,2,1,2
23,6808.488,8168.747,525.047,-23.414,0.917652,0.397332,0.006535,-0.397365,0.917649,0.004748,-0.004111,-0.006954,0.999967,0,0.53296,-0.98305,9.477,-0.592,18.497,743.734,-1,852.219,-1,607.951,643.941,546.700,606.579,-1,-1,-1,-1,-1,-1,22.465,-1,1,0,2,0,2,0,0,0,0,2,2,2,2,2,2,1,2
24,6815.646,8161.985,524.868,-24.079,0.912977,0.407972,0.005657,-0.407993,0.912979,0.003333,-0.003805,-0.005351,0.999978,0,0.53455,-0.97924,9.847,-0.665,18.797,756.405,-1,849.555,-1,615.380,649.620,547.609,602.062,-1,-1,-1,-1,-1,-1,22.569,-1,1,0,2,0,2,0,0,0,0,2,2,2,2,2,2,1,2
25,6822.891,8154.814,524.577,-24.789,0.907855,0.419259,0.004549,-0.419268,0.907862,0.001262,-0.003601,-0.003053,0.999989,0,0.53644,-0.97473,10.193,-0.710,18.687,769.648,-1,845.591,-1,622.726,654.653,549.651,594.866,-1,-1,-1,-1,-1,-1,22.531,-1,1,0,2,0,2,0,0,0,0,2,2,2,2,2,2,1,2
26,6830.164,8147.263,524.265,-25.538,0.902293,0.431107,0.003642,-0.431107,0.902300,-0.000880,-0.003666,-0.000776,0.999993,0,0.53849,-0.96982,10.484,-0.749,18.627,782.241,-1,840.779,-1,629.814,659.048,551.483,587.723,-1,-1,-1,-1,-1,-1,22.509,-1,1,0,2,0,2,0,0,0,0,2,2,2,2,2,2,1,2
27,6837.552,8139.408,524.000,-26.329,0.896255,0.443527,0.003265,-0.443518,0.896260,-0.003033,-0.004272,0.001270,0.999990,0,0.54069,-0.96455,10.783,-0.791,17.976,793.128,-1,834.745,-1,635.639,662.244,553.121,581.439,-1,-1,-1,-1,-1,-1,22.315,-1,1,0,2,0,2,0,0,0,0,2,2,2,2,2,2,1,2
28,6845.216,8131.280,523.797,-27.109,0.890133,0.455691,0.002899,-0.455673,0.890132,-0.005313,-0.005002,0.003409,0.999982,0,0.54304,-0.95892,11.172,-0.780,18.442,804.068,-1,828.491,-1,641.159,663.906,555.095,575.501,-1,-1,-1,-1,-1,-1,22.448,-1,1,0,2,0,2,0,0,0,0,2,2,2,2,2,2,1,2
29,6852.853,8122.731,523.606,-27.951,0.883328,0.468737,0.004101,-0.468705,0.883328,-0.006879,-0.006847,0.004154,0.999968,0,0.54530,-0.95350,11.463,-0.842,18.463,808.739,-1,820.394,-1,643.027,662.245,553.686,573.419,-1,-1,-1,-1,-1,-1,22.453,-1,1,0,2,0,2,0,0,0,0,2,2,2,2,2,2,1,2
30,6860.654,8113.821,523.334,-28.829,0.876027,0.482222,0.006137,-0.482174,0.876040,-0.007871,-0.009172,0.003936,0.999950,0,0.54782,-0.94747,11.842,-0.878,18.424,809.315,-1,811.657,-1,643.065,659.085,549.716,573.751,-1,-1,-1,-1,-1,-1,22.441,-1,1,0,2,0,2,0,0,0,0,2,2,2,2,2,2,1,2
31,6868.669,8104.621,522.989,-29.722,0.868380,0.495823,0.008647,-0.495757,0.868417,-0.008778,-0.011861,0.003336,0.999924,0,0.55045,-0.94117,12.202,-0.893,18.245,807.721,-1,803.201,-1,641.842,654.923,545.181,574.898,-1,-1,-1,-1,-1,-1,22.387,-1,1,0,2,0,2,0,0,0,0,2,2,2,2,2,2,1,2
32,6876.920,8095.051,522.533,-30.623,0.860450,0.509415,0.011030,-0.509333,0.860517,-0.009455,-0.014308,0.002518,0.999894,0,0.55310,-0.93481,12.636,-0.901,18.150,806.944,-1,795.896,-1,641.056,651.236,539.839,576.432,-1,-1,-1,-1,-1,-1,22.359,-1,1,0,2,0,2,0,0,0,0,2,2,2,2,2,2,1,2
33,6885.254,8085.067,522.019,-31.541,0.852149,0.523138,0.012954,-0.523043,0.852246,-0.010147,-0.016348,0.001871,0.999865,0,0.55575,-0.92846,13.005,-0.918,18.665,808.078,-1,789.514,-1,641.012,648.489,534.700,577.382,-1,-1,-1,-1,-1,-1,22.522,-1,1,0,2,0,2,0,0,0,0,2,2,2,2,2,2,1,2
34,6893.710,8074.760,521.427,-32.440,0.843813,0.536440,0.014552,-0.536316,0.843936,-0.011698,-0.018556,0.002066,0.999826,0,0.55845,-0.92201,13.332,-0.898,18.500,808.468,-1,781.726,-1,639.764,643.023,531.438,575.829,-1,-1,-1,-1,-1,-1,22.467,-1,1,0,2,0,2,0,0,0,0,2,2,2,2,2,2,1,2
35,6902.272,8064.159,520.782,-33.314,0.835491,0.549271,0.016024,-0.549099,0.835639,-0.014051,-0.021108,0.002941,0.999773,0,0.56103,-0.91583,13.627,-0.874,18.316,808.013,-1,772.318,-1,636.014,636.477,529.514,572.378,-1,-1,-1,-1,-1,-1,22.409,-1,1,0,2,0,2,0,0,0,0,2,2,2,2,2,2,1,2
36,6910.701,8053.084,520.070,-34.258,0.826272,0.562982,0.018057,-0.562757,0.826462,-0.016254,-0.024075,0.003269,0.999705,0,0.56348,-0.90995,13.917,-0.944,18.471,804.510,-1,762.240,-1,630.975,628.827,526.079,569.914,-1,-1,-1,-1,-1,-1,22.457,-1,1,0,2,0,2,0,0,0,0,2,2,2,2,2,2,1,2
37,6919.052,8041.589,519.264,-35.244,0.816394,0.577136,0.020350,-0.576842,0.816640,-0.018769,-0.027451,0.003584,0.999617,0,0.56622,-0.90339,14.208,-0.986,18.743,799.179,-1,751.089,-1,624.716,619.295,522.677,566.939,-1,-1,-1,-1,-1,-1,22.549,-1,1,0,2,0,2,0,0,0,0,2,2,2,2,2,2,1,2
38,6927.252,8029.671,518.409,-36.273,0.805812,0.591736,0.022699,-0.591347,0.806121,-0.021882,-0.031247,0.004210,0.999503,0,0.56912,-0.89643,14.467,-1.029,18.485,791.908,-1,738.877,-1,617.430,608.826,519.990,562.755,-1,-1,-1,-1,-1,-1,22.461,-1,1,0,2,0,2,0,0,0,0,2,2,2,2,2,2,1,2
39,6935.375,8017.344,517.458,-37.340,0.794532,0.606689,0.025418,-0.606158,0.794922,-0.025911,-0.035925,0.005180,0.999341,0,0.57221,-0.88905,14.763,-1.067,18.703,781.567,-1,724.867,-1,607.479,596.453,517.409,557.145,-1,-1,-1,-1,-1,-1,22.535,-1,1,0,2,0,2,0,0,0,0,2,2,2,2,2,2,1,2
40,6944.000,8004.767,516.354,-38.271,0.784449,0.619623,0.026596,-0.618881,0.784858,-0.031388,-0.040322,0.008163,0.999153,0,0.57544,-0.88131,15.251,-0.931,18.664,770.100,-1,709.835,-1,596.536,584.612,519.114,547.097,-1,-1,-1,-1,-1,-1,22.522,-1,1,0,2,0,2,0,0,0,0,2,2,2,2,2,2,1,2
41,6952.648,7991.817,515.331,-39.197,0.774210,0.632296,0.028294,-0.631374,0.774668,-0.035441,-0.044327,0.009575,0.998971,0,0.57802,-0.87513,15.572,-0.926,18.518,757.769,-1,697.709,8.833,585.898,574.398,518.525,541.749,-1,-1,-1,-1,-1,-1,22.472,9.199,1,0,2,0,1,0,0,0,0,2,2,2,2,2,2,1,1
42,6960.923,7978.392,514.434,-40.214,0.762768,0.645935,0.030873,-0.644898,0.763342,-0.037629,-0.047873,0.008792,0.998815,0,0.58055,-0.86906,15.770,-1.016,18.255,745.109,-1,689.285,12.799,576.534,565.786,513.912,542.085,-1,-1,-1,-1,-1,-1,22.390,13.239,1,0,2,0,1,0,0,0,0,2,2,2,2,2,2,1,1
43,6969.428,7964.644,513.539,-41.218,0.751257,0.659215,0.032389,-0.658087,0.751908,-0.039431,-0.050347,0.008308,0.998697,0,0.58348,-0.86204,16.167,-1.004,18.043,736.516,-1,683.405,13.563,569.382,559.400,510.413,542.009,-1,-1,-1,-1,-1,-1,22.332,13.951,1,0,2,0,1,0,0,0,0,2,2,2,2,2,2,1,1
44,6978.262,7950.581,512.656,-42.181,0.740000,0.671778,0.033376,-0.670556,0.740707,-0.041324,-0.052482,0.008199,0.998588,0,0.58631,-0.85527,16.607,-0.964,17.827,726.130,-1,678.082,14.200,563.067,553.809,508.059,541.543,-1,-1,-1,-1,-1,-1,22.281,14.522,1,0,2,0,1,0,0,0,0,2,2,2,2,2,2,1,1
45,6987.439,7936.174,511.741,-43.087,0.729242,0.683398,0.034247,-0.682091,0.730002,-0.042994,-0.054383,0.007994,0.998488,0,0.58890,-0.84905,17.081,-0.905,17.743,712.411,-1,672.548,15.932,557.216,548.658,505.477,541.821,-1,-1,-1,-1,-1,-1,22.262,16.256,1,0,2,0,1,0,0,0,0,2,2,2,2,2,2,1,1
46,6996.817,7921.474,510.867,-43.954,0.718739,0.694376,0.035439,-0.692965,0.719571,-0.044918,-0.056691,0.007726,0.998362,0,0.59118,-0.84360,17.437,-0.868,17.628,698.738,-1,666.031,16.297,551.353,543.513,503.182,542.691,-1,-1,-1,-1,-1,-1,22.242,16.575,1,0,2,0,1,0,0,0,0,2,2,2,2,2,2,1,1
47,7006.220,7906.436,509.918,-44.837,0.707825,0.705371,0.037895,-0.703821,0.708806,-0.047221,-0.060168,0.006753,0.998165,0,0.59325,-0.83864,17.735,-0.883,17.414,681.819,-1,658.100,14.983,541.966,536.499,499.070,544.854,-1,-1,-1,-1,-1,1007.442,22.208,15.150,1,0,2,0,1,0,0,0,0,2,2,2,2,2,0,1,1
48,7015.777,7891.105,508.951,-45.697,0.696993,0.715905,0.041009,-0.714172,0.698175,-0.050098,-0.064497,0.005630,0.997902,0,0.59535,-0.83361,18.066,-0.860,17.261,663.305,-1,648.423,16.861,531.234,527.689,494.484,547.455,-1,-1,-1,-1,-1,986.804,22.192,19.076,1,0,2,0,1,0,0,0,0,2,2,2,2,2,0,1,1
49,7025.541,7875.374,507.792,-46.521,0.686461,0.725848,0.043775,-0.723907,0.687838,-0.053269,-0.068775,0.004878,0.997620,0,0.59730,-0.82892,18.514,-0.823,17.395,645.250,-1,638.185,15.833,520.435,518.629,494.287,548.987,-1,-1,-1,-1,970.239,965.590,22.206,16.000,1,0,2,0,1,0,0,0,0,2,2,2,2,0,0,1,1
50,7035.157,7859.160,506.464,-47.386,0.675239,0.736120,0.046686,-0.733960,0.676840,-0.056479,-0.073174,0.003871,0.997312,0,0.59397,-0.55647,18.851,-0.865,17.015,626.689,-1,627.858,-1,509.212,509.238,493.934,550.452,-1,-1,-1,-1,928.112,944.250,22.179,-1,1,0,2,0,2,0,0,0,0,2,2,2,2,0,0,1,2
51,7045.037,7842.546,504.883,-48.196,0.664611,0.745619,0.048419,-0.743214,0.666361,-0.059963,-0.076974,0.003866,0.997026,0,0.59585,-0.55194,19.329,-0.810,16.902,609.964,-1,617.474,15.022,498.721,500.225,495.092,549.389,-1,-1,-1,-1,895.182,922.703,22.180,18.287,1,0,2,0,1,0,0,0,0,2,2,2,2,0,0,1,1
52,7055.120,7825.519,503.096,-48.969,0.654338,0.754564,0.049743,-0.751899,0.656213,-0.063498,-0.080555,0.004147,0.996741,0,0.59743,-0.54813,19.789,-0.773,17.115,593.753,-1,606.882,15.953,489.246,491.189,496.007,547.548,-1,-1,-1,-1,863.624,900.403,22.182,20.578,1,0,2,0,1,0,0,0,0,2,2,2,2,0,0,1,1
53,7064.951,7807.963,501.233,-49.815,0.642976,0.764094,0.052361,-0.761256,0.645100,-0.065840,-0.084086,0.002473,0.996455,0,0.59879,-0.54485,20.121,-0.846,16.897,576.251,-1,597.848,15.014,479.988,483.499,492.855,549.831,-1,-1,-1,-1,830.458,880.336,22.179,21.734,1,0,2,0,1,0,0,0,0,2,2,2,2,0,0,1,1
54,7074.673,7789.938,499.382,-50.698,0.630988,0.773852,0.054840,-0.770859,0.633367,-0.067989,-0.087348,0.000627,0.996178,0,0.60043,-0.54087,20.481,-0.883,16.783,559.338,-1,589.698,14.645,471.252,476.636,493.824,552.519,-1,-1,-1,-1,799.693,861.583,22.185,22.375,1,0,2,0,1,0,0,0,0,2,2,2,2,0,0,1,1
55,7086.535,7767.760,497.181,-51.706,0.617137,0.784808,0.056729,-0.781597,0.619739,-0.070918,-0.090814,-0.000573,0.995868,0,0.60220,-0.53660,25.151,-1.008,16.612,541.040,-1,579.335,14.226,460.422,468.949,497.164,554.040,-1,-1,-1,-1,769.018,839.693,22.200,25.658,1,0,2,0,1,0,0,0,0,2,2,2,2,0,0,1,1
56,7094.584,7752.639,495.730,-52.340,0.608336,0.791578,0.057721,-0.788221,0.611067,-0.072835,-0.092926,-0.001189,0.995672,0,0.60401,-0.53222,17.130,-0.634,16.561,530.549,-1,572.387,14.118,453.317,463.318,500.974,555.105,-1,-1,-1,-1,750.157,825.491,22.209,25.181,1,0,2,0,1,0,0,0,0,2,2,2,2,0,0,1,1
57,7104.605,7733.306,493.908,-53.140,0.597129,0.799946,0.059365,-0.796447,0.600067,-0.074778,-0.095441,-0.002629,0.995432,0,0.60501,-0.52982,21.776,-0.800,16.439,517.382,-1,564.369,13.901,444.541,456.596,504.178,558.116,-1,-1,-1,-1,726.613,808.681,22.232,24.859,1,0,2,0,1,0,0,0,0,2,2,2,2,0,0,1,1
58,7114.655,7713.594,492.049,-53.931,0.585906,0.808068,0.061154,-0.804403,0.589075,-0.076981,-0.098230,-0.004089,0.995155,0,0.60624,-0.52684,22.126,-0.792,16.324,503.865,-1,555.396,13.739,436.636,449.474,508.106,561.221,-1,-1,-1,-1,702.760,791.129,22.260,22.312,1,0,2,0,1,0,0,0,0,2,2,2,2,0,0,1,1
59,7124.872,7693.506,490.063,-54.680,0.575177,0.815621,0.062718,-0.811745,0.578563,-0.079592,-0.101203,-0.005132,0.994853,0,0.60738,-0.52409,22.537,-0.748,16.225,490.170,-1,545.462,13.624,428.625,442.563,513.501,563.382,-1,-1,-1,-1,678.954,772.418,22.290,21.198,1,0,2,0,1,0,0,0,0,2,2,2,2,0,0,1,1
60,7135.214,7672.960,487.899,-55.405,0.564719,0.822791,0.064093,-0.818750,0.568309,-0.081687,-0.103636,-0.006346,0.994595,0,0.60826,-0.52197,23.002,-0.725,16.114,477.342,-1,536.124,13.516,420.999,436.153,517.611,565.841,-1,-1,-1,-1,657.063,754.730,22.331,21.213,1,0,2,0,1,0,0,0,0,2,2,2,2,0,0,1,1
61,7145.538,7651.961,485.701,-56.129,0.554211,0.829822,0.065151,-0.825652,0.557976,-0.083434,-0.105589,-0.007552,0.994381,0,0.60896,-0.52028,23.399,-0.724,15.877,466.818,-1,527.532,13.367,413.077,430.385,521.718,568.915,-1,-1,-1,-1,637.841,738.125,22.442,22.810,1,0,2,0,1,0,0,0,0,2,2,2,2,0,0,1,1
62,7155.914,7630.562,483.531,-56.833,0.543916,0.836534,0.066077,-0.832227,0.547847,-0.085219,-0.107489,-0.008639,0.994169,0,0.60959,-0.51874,23.782,-0.704,16.212,455.577,-1,518.544,13.611,404.637,424.085,526.324,571.629,-1,-1,-1,-1,619.626,721.552,22.294,20.343,1,0,2,0,1,0,0,0,0,2,2,2,2,0,0,1,1
63,7165.983,7608.649,481.351,-57.601,0.532611,0.843636,0.067847,-0.839287,0.536803,-0.086254,-0.109187,-0.011004,0.993960,0,0.61007,-0.51759,24.116,-0.768,16.293,443.504,-1,508.583,-1,396.732,417.911,528.806,576.994,-1,-1,-1,-1,601.613,706.315,22.269,917.947,1,0,2,0,2,0,0,0,0,2,2,2,2,0,0,1,0
64,7175.782,7586.241,479.158,-58.417,0.520553,0.851067,0.068624,-0.846706,0.524900,-0.086992,-0.110057,-0.012821,0.993843,0,0.61078,-0.51588,24.457,-0.816,16.242,432.722,-1,499.558,-1,390.952,412.482,532.935,580.960,-1,-1,-1,-1,585.608,692.487,22.285,897.245,1,0,2,0,2,0,0,0,0,2,2,2,2,0,0,1,0
65,7185.370,7563.488,477.089,-59.229,0.508448,0.858396,0.068091,-0.853920,0.512819,-0.088531,-0.110913,-0.013131,0.993743,0,0.49906,-0.70045,24.690,-0.812,16.766,423.387,-1,490.108,-1,385.634,406.697,540.298,581.863,-1,-1,-1,-1,570.875,677.873,22.187,874.322,1,0,2,0,2,0,0,0,0,2,2,2,2,0,0,1,0
66,7194.271,7540.446,475.222,-60.123,0.495023,0.866194,0.068268,-0.861682,0.499497,-0.089482,-0.111608,-0.014529,0.993646,0,0.49972,-0.69851,24.701,-0.894,18.662,415.950,-1,481.875,-1,380.378,401.809,545.957,585.290,-1,-1,-1,-1,560.315,665.129,22.521,855.425,1,0,2,0,2,0,0,0,0,2,2,2,2,0,0,1,0
67,7200.697,7517.491,473.819,-61.374,0.476001,0.876483,0.072112,-0.872103,0.481011,-0.089803,-0.113398,-0.020143,0.993345,0,0.50067,-0.69569,23.838,-1.251,18.666,407.452,-1,475.679,-1,374.465,397.842,544.471,596.761,-1,-1,-1,-1,548.231,655.217,22.523,839.293,1,0,2,0,2,0,0,0,0,2,2,2,2,0,0,1,0
68,7205.391,7494.846,472.488,-62.810,0.453914,0.887857,0.075318,-0.883593,0.459416,-0.090556,-0.115003,-0.025446,0.993039,0,0.50307,-0.68859,23.126,-1.436,17.948,399.329,-1,470.384,-1,369.746,394.472,543.709,605.795,-1,-1,-1,-1,538.198,646.552,22.308,816.640,1,0,2,0,2,0,0,0,0,2,2,2,2,0,0,1,0
69,7209.893,7472.517,471.021,-64.116,0.433778,0.898233,0.070802,-0.893954,0.438868,-0.090785,-0.112619,-0.023913,0.993350,0,0.50626,-0.67913,22.779,-1.306,17.144,398.024,-1,466.016,-1,369.852,392.262,557.839,599.539,-1,-1,-1,-1,540.104,641.670,22.184,798.622,1,0,2,0,2,0,0,0,0,2,2,2,2,0,0,1,0
70,7214.200,7449.900,469.706,-65.307,0.415452,0.907653,0.059718,-0.903552,0.419360,-0.087923,-0.104847,-0.017430,0.994336,0,0.50902,-0.67097,23.023,-1.191,17.685,406.187,-1,466.662,-1,376.621,394.513,583.821,584.230,-1,-1,-1,-1,560.348,645.515,22.251,797.436,1,0,2,0,2,0,0,0,0,2,2,2,2,0,0,1,0
71,7217.441,7427.069,468.665,-66.581,0.395616,0.917016,0.050695,-0.913376,0.398620,-0.082738,-0.096080,-0.013571,0.995281,0,0.51135,-0.66406,23.060,-1.274,19.023,415.914,-1,470.479,-1,384.352,398.779,604.994,575.607,-1,-1,-1,-1,589.207,654.774,22.654,807.856,1,0,2,0,2,0,0,0,0,2,2,2,2,0,0,1,0
72,7219.159,7404.398,467.900,-68.051,0.372289,0.926890,0.047709,-0.923829,0.375015,-0.076835,-0.089109,-0.015470,0.995902,0,0.51404,-0.65610,22.736,-1.470,18.748,422.617,-1,475.594,-1,388.105,402.834,611.549,578.369,-1,-1,-1,-1,610.738,659.037,22.551,-1,1,0,2,0,2,0,0,0,0,2,2,2,2,0,0,1,2
73,7219.857,7381.832,467.309,-69.679,0.346088,0.936982,0.047840,-0.934559,0.348785,-0.070345,-0.082598,-0.020364,0.996375,0,0.51754,-0.64574,22.578,-1.628,18.674,428.633,-1,481.559,-1,391.179,405.994,606.229,586.126,-1,-1,-1,-1,638.882,664.277,22.526,-1,1,0,2,0,2,0,0,0,0,2,2,2,2,0,0,1,2
74,7219.649,7359.425,466.919,-71.400,0.318022,0.946763,0.050012,-0.945008,0.320794,-0.063645,-0.076301,-0.027021,0.996719,0,0.52166,-0.63353,22.408,-1.721,17.833,433.470,-1,488.663,-1,394.564,409.711,590.602,597.465,-1,-1,-1,-1,657.662,672.180,22.281,-1,1,0,2,0,2,0,0,0,0,2,2,2,2,0,0,1,2
75,7219.500,7336.727,466.436,-73.035,0.291100,0.955381,0.050081,-0.954238,0.293702,-0.056295,-0.068492,-0.031401,0.997157,0,0.52619,-0.62014,22.699,-1.635,17.369,439.085,-1,496.933,-1,397.812,414.800,577.387,604.616,-1,-1,-1,-1,690.087,682.967,22.202,-1,1,0,2,0,2,0,0,0,0,2,2,2,2,0,0,1,2
76,7219.353,7309.051,465.570,-74.830,0.261241,0.964065,0.048282,-0.963524,0.263452,-0.047063,-0.058091,-0.034226,0.997724,0,0.44477,-0.64699,27.676,-1.795,16.773,447.070,-1,519.695,-1,402.586,421.248,551.788,608.477,-1,-1,-1,-1,728.008,1003.899,22.184,-1,1,0,2,0,2,0,0,0,0,2,2,2,2,0,0,1,2
77,7219.302,7290.446,464.871,-75.916,0.243014,0.968906,0.046538,-0.968644,0.244947,-0.041603,-0.051709,-0.034968,0.998050,0,0.44842,-0.63411,18.605,-1.086,16.251,452.755,-1,545.048,-1,405.516,424.411,535.921,608.911,-1,-1,-1,-1,759.601,-1,22.281,-1,1,0,2,0,2,0,0,0,0,2,2,2,2,0,2,1,2
78,7219.638,7267.013,463.868,-77.053,0.223825,0.973708,0.042369,-0.973611,0.225367,-0.035937,-0.044541,-0.033208,0.998455,0,0.45050,-0.62678,23.435,-1.137,15.798,457.915,-1,570.000,-1,407.870,426.359,522.363,604.690,-1,-1,-1,-1,795.005,-1,22.490,-1,1,0,2,0,2,0,0,0,0,2,2,2,2,0,2,1,2
79,7220.404,7243.419,462.556,-77.985,0.208008,0.977409,0.037475,-0.977351,0.209216,-0.031842,-0.038963,-0.030003,0.998790,0,0.45238,-0.62014,23.607,-0.932,15.693,458.766,-1,618.422,-1,407.377,425.476,511.814,597.837,-1,-1,-1,-1,839.562,-1,22.561,-1,1,0,2,0,2,0,0,0,0,2,2,2,2,0,2,1,2
80,7221.227,7219.729,460.950,-78.826,0.193664,0.980468,0.034292,-0.980424,0.194685,-0.029454,-0.035555,-0.027917,0.998978,0,0.45358,-0.61590,23.704,-0.841,15.822,455.466,-1,656.310,-1,403.693,421.581,495.312,592.936,-1,-1,-1,-1,848.672,-1,22.476,-1,1,0,2,0,2,0,0,0,0,2,2,2,2,0,2,1,2
81,7221.942,7196.004,459.191,-79.635,0.179807,0.983132,0.033491,-0.983105,0.180779,-0.028686,-0.034256,-0.027767,0.999027,0,0.45446,-0.61278,23.736,-0.809,15.995,448.183,-1,700.362,-1,397.097,412.889,477.736,591.695,-1,-1,-1,-1,821.329,-1,22.381,-1,1,0,2,0,2,0,0,0,0,2,2,2,2,0,2,1,2
82,7222.446,7172.203,457.361,-80.423,0.166277,0.985535,0.032755,-0.985512,0.167216,-0.028382,-0.033449,-0.027561,0.999060,0,0.45522,-0.61011,23.807,-0.788,16.142,440.766,-1,721.298,-1,389.812,402.684,461.358,590.329,-1,-1,-1,-1,781.512,-1,22.318,-1,1,0,2,0,2,0,0,0,0,2,2,2,2,0,2,1,2
83,7222.586,7148.319,455.506,-81.213,0.152679,0.987791,0.030957,-0.987754,0.153541,-0.027703,-0.032118,-0.026348,0.999137,0,0.45588,-0.60776,23.885,-0.790,16.407,432.510,-1,723.013,-1,383.174,392.867,447.813,586.969,-1,-1,-1,-1,751.942,-1,22.239,-1,1,0,2,0,2,0,0,0,0,2,2,2,2,0,2,1,2
84,7222.170,7124.375,453.637,-82.047,0.138299,0.989996,0.027968,-0.989927,0.139043,-0.026664,-0.030286,-0.023999,0.999253,0,0.45654,-0.60545,23.947,-0.834,16.627,426.145,-1,724.732,-1,377.252,383.463,438.726,581.206,-1,-1,-1,-1,729.403,-1,22.197,-1,1,0,2,0,2,0,0,0,0,2,2,2,2,0,2,1,2
85,7221.147,7100.449,451.873,-82.903,0.123502,0.992054,0.023990,-0.991949,0.124099,-0.025217,-0.027994,-0.020683,0.999394,0,0.45732,-0.60269,23.948,-0.856,17.272,421.095,-1,727.862,-1,372.256,374.633,429.808,573.610,-1,-1,-1,-1,716.107,-1,22.194,-1,1,0,2,0,2,0,0,0,0,2,2,2,2,0,2,1,2
86,7218.881,7076.972,450.460,-83.883,0.106523,0.994097,0.020580,-0.993975,0.107002,-0.023764,-0.025826,-0.017924,0.999506,0,0.45819,-0.59963,23.586,-0.980,17.658,416.482,-1,734.411,-1,368.069,366.668,420.938,565.824,-1,-1,-1,-1,706.609,-1,22.247,-1,1,0,2,0,2,0,0,0,0,2,2,2,2,0,2,1,2
87,7215.663,7053.903,449.373,-84.979,0.087488,0.996028,0.016576,-0.995886,0.087846,-0.022247,-0.023615,-0.014562,0.999615,0,0.45953,-0.59490,23.293,-1.096,18.841,412.870,-1,743.421,-1,364.900,361.087,415.290,557.354,-1,-1,-1,-1,697.744,-1,22.586,-1,1,0,2,0,2,0,0,0,0,2,2,2,2,0,2,1,2
88,7210.913,7031.844,448.763,-86.240,0.065565,0.997768,0.012660,-0.997620,0.065816,-0.020548,-0.021336,-0.011283,0.999709,0,0.46129,-0.58867,22.565,-1.260,18.698,410.298,-1,751.893,-1,363.229,388.460,413.464,549.475,-1,-1,-1,-1,687.836,-1,22.533,-1,1,0,2,0,2,0,0,0,0,2,2,2,2,0,2,1,2
89,7204.881,7010.538,448.510,-87.665,0.040733,0.999138,0.007969,-0.999012,0.040867,-0.017455,-0.017765,-0.007250,0.999816,0,0.46374,-0.58004,22.143,-1.425,18.550,410.928,-1,760.906,-1,362.728,426.574,411.634,540.741,-1,-1,-1,-1,686.234,-1,22.484,-1,1,0,2,0,2,0,0,0,0,2,2,2,2,0,2,1,2
90,7197.880,6989.785,448.545,-89.170,0.014486,0.999893,0.002108,-0.999824,0.014510,-0.011910,-0.011939,-0.001935,0.999927,0,0.46682,-0.56914,21.902,-1.505,18.387,417.020,-1,776.686,-1,362.715,481.218,413.389,530.630,-1,-1,-1,-1,721.744,-1,22.431,-1,1,0,2,0,2,0,0,0,0,2,2,2,2,0,2,1,2
91,7190.232,6969.239,448.762,-90.708,-0.012352,0.999915,-0.004118,-0.999915,-0.012368,-0.004029,-0.004079,0.004068,0.999983,0,0.47027,-0.55697,21.924,-1.538,18.230,427.797,-1,796.999,-1,365.607,573.377,420.789,520.205,-1,-1,-1,-1,782.203,-1,22.383,-1,1,0,2,0,2,0,0,0,0,2,2,2,2,0,2,1,2
92,7180.281,6944.776,449.260,-92.563,-0.044715,0.998947,-0.010232,-0.998976,-0.044641,0.007353,0.006889,0.010551,0.999921,0,0.47388,-0.54424,26.409,-1.855,17.990,444.074,-1,815.757,-1,371.501,620.105,429.810,509.835,-1,-1,-1,-1,874.930,-1,22.319,-1,1,0,2,0,2,0,0,0,0,2,2,2,2,0,2,1,2
93,7173.334,6928.523,449.632,-93.800,-0.066269,0.997719,-0.012847,-0.997703,-0.066075,0.014952,0.014069,0.013808,0.999806,0,0.47831,-0.52858,17.675,-1.237,17.590,455.569,-1,828.340,-1,505.962,641.843,435.534,504.813,-1,994.653,943.163,-1,940.038,-1,22.235,-1,1,0,2,0,2,0,0,0,0,2,0,0,2,0,2,1,2
94,7164.644,6908.113,450.205,-95.274,-0.091887,0.995650,-0.015448,-0.995499,-0.091489,0.024734,0.023213,0.017651,0.999575,0,0.48129,-0.51805,22.183,-1.473,16.622,473.364,-1,842.822,-1,558.840,668.844,445.794,499.481,-1,898.220,833.715,-1,-1,-1,22.199,-1,1,0,2,0,2,0,0,0,0,2,0,0,2,2,2,1,2
95,7156.315,6887.336,450.800,-96.575,-0.114445,0.993276,-0.017493,-0.992916,-0.113802,0.034172,0.031951,0.021280,0.999263,0,0.48478,-0.50575,22.384,-1.301,14.761,507.707,-1,852.523,-1,605.459,695.139,456.479,495.067,-1,840.320,764.185,-1,-1,-1,23.841,-1,1,0,2,0,2,0,0,0,0,2,0,0,2,2,2,1,2
96,7148.935,6866.198,451.280,-97.542,-0.131143,0.991129,-0.021548,-0.990569,-0.130137,0.042859,0.039675,0.026966,0.998849,0,0.48766,-0.49557,22.389,-0.967,19.987,537.865,-1,858.341,-1,640.304,710.445,473.315,488.268,-1,799.260,712.695,-1,-1,-1,33.274,-1,1,0,2,0,2,0,0,0,0,2,0,0,2,2,2,1,2
97,7145.318,6846.359,451.466,-97.358,-0.127974,0.991006,-0.039099,-0.991007,-0.126222,0.044414,0.039079,0.044431,0.998248,0,0.48939,-0.48948,20.166,0.183,25.100,530.335,-1,837.289,-1,625.264,700.642,504.218,466.426,-1,829.122,723.281,960.818,-1,-1,26.562,-1,1,0,2,0,2,0,0,0,0,2,0,0,0,2,2,1,2
98,7144.440,6827.823,451.408,-96.426,-0.111861,0.991557,-0.065584,-0.993230,-0.109483,0.038819,0.031311,0.069483,0.997092,0,0.48740,-0.49650,18.557,0.932,31.448,523.233,-1,797.296,-1,587.702,672.173,556.761,436.811,-1,923.274,791.827,798.122,-1,-1,32.977,-1,1,0,2,0,2,0,0,0,0,2,0,0,0,2,2,1,2
99,7143.843,6809.919,451.180,-95.392,-0.093958,0.991497,-0.090030,-0.995382,-0.091768,0.028168,0.019667,0.092261,0.995541,0,0.48296,-0.51215,17.914,1.033,14.580,513.337,-1,752.414,-1,548.090,635.684,604.017,398.808,-1,-1,923.065,731.172,-1,-1,22.304,-1,1,0,2,0,2,0,0,0,0,2,2,0,0,2,2,1,2
100,7143.271,6792.126,450.761,-94.515,-0.078720,0.990705,-0.110933,-0.996883,-0.077636,0.014061,0.005318,0.111694,0.993728,0,0.43209,0.04311,17.803,0.877,13.332,490.570,-1,703.949,-1,511.581,598.403,659.944,366.126,-1,-1,-1,716.062,-1,951.246,33.254,-1,1,0,2,0,2,0,0,0,0,2,2,2,0,2,0,1,2
101,7142.299,6774.253,450.185,-93.924,-0.068427,0.989323,-0.128679,-0.997612,-0.069065,-0.000500,-0.009382,0.128338,0.991686,0,0.42815,0.02770,17.899,0.591,13.753,464.898,-1,660.729,987.342,481.375,563.464,707.639,336.255,-1,-1,-1,715.561,-1,893.115,29.489,-1,1,0,2,0,0,0,0,0,0,2,2,2,0,2,0,1,2
102,7141.121,6756.233,449.409,-93.466,-0.060436,0.987376,-0.146409,-0.997919,-0.063068,-0.013398,-0.022462,0.145295,0.989133,0,0.42493,0.01511,18.058,0.458,14.774,443.872,-1,623.045,915.455,455.662,533.410,781.375,307.989,-1,-1,-1,703.690,-1,841.968,23.807,987.094,1,0,2,0,0,0,0,0,0,2,2,2,0,2,0,1,0
103,7139.018,6738.276,448.566,-93.251,-0.056671,0.985083,-0.162479,-0.997826,-0.061367,-0.024024,-0.033637,0.160764,0.986419,0,0.42200,0.00366,18.079,0.215,15.098,425.950,-1,591.531,851.377,436.197,509.357,867.173,299.091,-1,-1,-1,697.171,-1,798.264,23.203,919.692,1,0,2,0,0,0,0,0,0,2,2,2,0,2,0,1,0
104,7136.272,6720.289,447.729,-93.220,-0.056125,0.982143,-0.179571,-0.997558,-0.062651,-0.030875,-0.041574,0.177399,0.983260,0,0.41976,-0.00508,18.196,0.030,15.775,416.098,-1,565.933,793.920,422.360,491.733,-1,305.463,-1,-1,-1,675.977,964.482,758.684,22.505,863.466,1,0,2,0,0,0,0,2,0,2,2,2,0,0,0,1,0
105,7133.049,6702.266,446.989,-93.278,-0.057124,0.978561,-0.197877,-0.997278,-0.065186,-0.034467,-0.046627,0.195369,0.979621,0,0.41802,-0.01189,18.308,-0.058,18.062,414.258,-1,544.981,741.730,412.368,479.067,-1,310.121,-1,-1,-1,643.062,-1,726.078,22.337,815.869,1,0,2,0,0,0,0,2,0,2,2,2,0,2,0,1,0
106,7128.027,6685.507,446.287,-93.581,-0.062369,0.975433,-0.211281,-0.996624,-0.072195,-0.039109,-0.053401,0.208129,0.976643,0,0.41650,-0.01782,17.495,-0.303,18.753,403.293,-1,525.408,697.318,406.369,467.221,-1,313.815,-1,-1,-1,632.220,920.757,696.338,22.553,769.579,1,0,2,0,0,0,0,2,0,2,2,2,0,0,0,1,0
107,7122.044,6671.235,446.244,-93.960,-0.068929,0.971569,-0.226502,-0.995781,-0.080791,-0.043512,-0.060574,0.222547,0.973038,0,0.41595,-0.01998,15.475,-0.379,18.694,394.409,-1,507.249,655.240,404.136,457.186,-1,313.064,-1,-1,-1,620.414,885.096,668.751,22.532,724.426,1,0,2,0,0,0,0,2,0,2,2,2,0,0,0,1,0
108,7116.341,6659.358,447.320,-94.164,-0.072456,0.965594,-0.249756,-0.995237,-0.086372,-0.045202,-0.065219,0.245291,0.967253,0,0.41599,-0.01981,13.176,-0.204,18.684,402.026,-1,491.932,612.413,404.340,450.916,-1,307.399,-1,-1,-1,586.241,-1,644.621,22.528,682.090,1,0,2,0,0,0,0,2,0,2,2,2,0,2,0,1,0
109,7109.725,6649.354,449.146,-94.467,-0.077689,0.958479,-0.274375,-0.994515,-0.093834,-0.046198,-0.070025,0.269281,0.960512,0,0.41582,-0.02049,11.995,-0.303,18.680,412.658,-1,478.676,570.494,408.316,446.829,-1,299.073,-1,-1,-1,555.309,-1,623.090,22.528,643.329,1,0,2,0,0,0,0,2,0,2,2,2,0,2,0,1,0
110,7101.977,6640.571,451.337,-94.884,-0.084894,0.951057,-0.297125,-0.993440,-0.103722,-0.048157,-0.076619,0.291088,0.953623,0,0.41626,-0.01878,11.712,-0.418,18.669,417.535,-1,465.679,532.612,414.431,442.466,-1,290.343,-1,-1,-1,534.870,-1,602.293,22.524,604.596,1,0,2,0,0,0,0,2,0,2,2,2,0,2,0,1,0
111,7093.185,6632.716,453.357,-95.472,-0.094990,0.944230,-0.315289,-0.991619,-0.117614,-0.053475,-0.087575,0.307567,0.947488,0,0.41731,-0.01466,11.790,-0.588,17.792,406.326,-1,449.872,497.308,424.277,434.883,-1,281.849,-1,-1,-1,533.021,-1,579.009,22.273,566.361,1,0,2,0,0,0,0,2,0,2,2,2,0,2,0,1,0
112,7084.366,6625.125,454.837,-96.099,-0.105687,0.937695,-0.330995,-0.989134,-0.133341,-0.061917,-0.102195,0.320854,0.941599,0,0.41908,-0.00774,11.636,-0.627,-1,388.394,751.713,430.947,462.061,434.207,421.003,-1,273.742,-1,-1,-1,543.093,849.266,551.343,-1,526.235,2,0,0,0,0,0,0,2,0,2,2,2,0,0,0,2,0
113,7077.221,6617.105,456.160,-96.301,-0.109016,0.930469,-0.349775,-0.987311,-0.142227,-0.070631,-0.115467,0.337637,0.934167,0,0.42100,-0.00024,10.741,-0.202,-1,389.528,738.948,412.034,13.410,435.631,406.576,-1,267.870,-1,-1,-1,543.850,780.340,523.607,-1,29.515,2,0,0,0,1,0,0,2,0,2,2,2,0,0,0,2,1
114,7070.748,6608.549,457.595,-96.474,-0.111858,0.924016,-0.365627,-0.985786,-0.149594,-0.076470,-0.125355,0.351876,0.927615,0,0.42152,0.00180,10.729,-0.173,9.493,397.050,729.345,398.234,13.566,434.017,396.483,-1,265.211,-1,-1,-1,543.229,747.291,503.208,8.278,32.850,1,0,0,0,1,0,0,2,0,2,2,2,0,0,0,1,1
115,7065.221,6599.371,459.426,-96.618,-0.114267,0.918261,-0.379130,-0.984828,-0.154873,-0.078286,-0.130604,0.364432,0.922026,0,0.42179,0.00283,10.714,-0.145,-1,408.119,724.376,390.473,14.424,432.928,392.101,-1,265.824,-1,-1,-1,538.066,750.689,491.025,-1,24.820,2,0,0,0,1,0,0,2,0,2,2,2,0,0,0,2,1
116,7060.250,6589.749,461.437,-96.770,-0.116845,0.914077,-0.388342,-0.984334,-0.158572,-0.077076,-0.132034,0.373253,0.918286,0,0.42173,0.00260,10.830,-0.151,-1,421.320,723.555,387.999,17.026,435.307,392.441,-1,269.937,-1,-1,-1,533.502,777.013,485.417,-1,22.178,2,0,0,0,1,0,0,2,0,2,2,2,0,0,0,2,1
117,7056.803,6580.104,463.830,-96.727,-0.116131,0.909882,-0.398281,-0.984584,-0.158265,-0.074474,-0.130797,0.383492,0.914235,0,0.42152,0.00178,10.242,0.043,-1,433.524,721.783,387.959,16.688,439.945,394.444,-1,271.839,-1,-1,-1,523.592,866.581,483.170,-1,22.192,2,0,0,0,1,0,0,2,0,2,2,2,0,0,0,2,1
118,7054.252,6570.392,466.264,-96.546,-0.113071,0.906422,-0.406956,-0.985429,-0.154683,-0.070731,-0.127062,0.393029,0.910705,0,0.42054,-0.00205,10.041,0.181,-1,444.839,719.804,390.413,15.956,446.337,398.331,-1,271.078,-1,-1,-1,511.301,-1,484.354,-1,22.401,2,0,0,0,1,0,0,2,0,2,2,2,0,2,0,2,1
119,7051.948,6560.536,468.409,-96.339,-0.109590,0.904473,-0.412213,-0.986494,-0.149760,-0.066336,-0.121732,0.399376,0.908669,0,0.41902,-0.00799,10.122,0.207,-1,452.481,718.502,394.419,16.449,453.405,403.619,-1,271.855,-1,-1,-1,501.496,-1,488.373,-1,22.229,2,0,0,0,1,0,0,2,0,2,2,2,0,2,0,2,1
120,7050.039,6550.676,470.306,-96.142,-0.106259,0.903587,-0.415019,-0.987465,-0.144885,-0.062623,-0.116715,0.403162,0.907655,0,0.41734,-0.01454,10.043,0.197,-1,450.791,716.167,397.596,16.926,459.009,408.780,-1,273.794,-1,-1,-1,496.202,-1,492.293,-1,22.179,2,0,0,0,1,0,0,2,0,2,2,2,0,2,0,2,1
121,7048.594,6540.981,471.953,-95.887,-0.101901,0.903638,-0.415999,-0.988318,-0.139599,-0.061146,-0.113327,0.404908,0.907307,0,0.41559,-0.02139,9.801,0.255,-1,447.089,709.979,399.429,17.028,461.000,412.027,-1,276.645,-1,-1,-1,496.402,-1,494.255,-1,22.178,2,0,0,0,1,0,0,2,0,2,2,2,0,2,0,2,1
122,7047.573,6531.502,473.298,-95.552,-0.096133,0.904620,-0.415236,-0.989023,-0.133842,-0.062613,-0.112217,0.404658,0.907557,0,0.41360,-0.02915,9.534,0.335,-1,463.317,759.286,399.180,12.704,454.216,412.384,-1,280.283,-1,-1,-1,502.540,-1,493.949,-1,9.744,2,0,0,0,1,0,0,2,0,2,2,2,0,2,0,2,1
123,7046.973,6522.220,474.285,-95.149,-0.089160,0.906386,-0.412935,-0.989535,-0.127833,-0.066932,-0.113453,0.402646,0.908298,0,0.41134,-0.03798,9.302,0.403,-1,467.389,819.461,396.808,16.916,445.303,409.683,-1,284.495,-1,-1,-1,514.693,-1,490.643,-1,12.924,2,0,0,0,1,0,0,2,0,2,2,2,0,2,0,2,1
124,7046.896,6513.162,474.956,-94.680,-0.081029,0.908718,-0.409471,-0.989868,-0.121429,-0.073599,-0.116602,0.399359,0.909350,0,0.40884,-0.04777,9.058,0.469,-1,461.360,801.419,392.881,11.676,434.571,404.452,-1,289.087,-1,-1,-1,531.827,-1,484.574,-1,8.601,2,0,0,0,1,0,0,2,0,2,2,2,0,2,0,2,1
125,7047.500,6504.354,475.363,-94.120,-0.071322,0.911304,-0.405509,-0.990076,-0.114033,-0.082130,-0.121087,0.395627,0.910394,0,0.40608,-0.05854,8.828,0.559,-1,449.262,768.030,387.416,17.388,422.184,397.298,-1,293.697,-1,-1,-1,552.093,-1,476.556,-1,22.205,2,0,0,0,1,0,0,2,0,2,2,2,0,2,0,2,1
126,7048.583,6495.628,475.437,-93.502,-0.060595,0.914549,-0.399911,-0.990227,-0.105496,-0.091216,-0.125610,0.390476,0.912004,0,0.62331,-0.44122,8.793,0.619,-1,434.806,735.575,381.842,17.452,408.959,389.676,-1,298.968,-1,-1,-1,574.955,-1,468.534,-1,22.213,2,0,0,0,1,0,0,2,0,2,2,2,0,2,0,2,1
127,7050.359,6484.981,474.968,-92.721,-0.047076,0.919449,-0.390381,-0.990413,-0.093776,-0.101434,-0.129872,0.381864,0.915048,0,0.61814,-0.45427,10.794,0.780,-1,417.895,708.645,376.084,16.946,392.678,381.064,-1,305.436,-1,-1,-1,604.695,-1,460.345,-1,22.178,2,0,0,0,1,0,0,2,0,2,2,2,0,2,0,2,1
128,7051.766,6477.741,474.293,-92.221,-0.038411,0.923392,-0.381932,-0.990496,-0.085700,-0.107581,-0.132071,0.374170,0.917907,0,0.61155,-0.47092,7.375,0.501,-1,405.619,695.592,372.867,17.006,381.805,375.670,-1,310.596,-1,-1,-1,627.113,-1,455.957,-1,22.179,2,0,0,0,1,0,0,2,0,2,2,2,0,2,0,2,1
129,7053.884,6468.496,473.131,-91.668,-0.028841,0.928879,-0.369259,-0.990517,-0.076201,-0.114321,-0.134328,0.362460,0.922268,0,0.60710,-0.48216,9.485,0.553,-1,388.868,680.538,369.394,17.093,368.363,368.354,-1,318.281,-1,-1,-1,659.199,-1,451.747,-1,22.182,2,0,0,0,1,0,0,2,0,2,2,2,0,2,0,2,1
130,7056.504,6459.000,471.583,-91.184,-0.020466,0.934649,-0.354983,-0.990554,-0.067108,-0.119583,-0.135590,0.349183,0.927193,0,0.60163,-0.49599,9.850,0.484,-1,373.061,671.158,365.614,17.238,355.074,361.355,-1,326.893,-1,-1,-1,693.499,-1,448.720,-1,22.188,2,0,0,0,1,0,0,2,0,2,2,2,0,2,0,2,1
131,7059.676,6449.221,469.617,-90.750,-0.012976,0.940192,-0.340398,-0.990855,-0.057815,-0.121914,-0.134303,0.335703,0.932344,0,0.59618,-0.50976,10.281,0.433,18.846,364.200,682.500,363.900,17.477,341.947,355.844,-1,335.565,-1,-1,-1,723.747,-1,448.097,23.340,22.216,1,0,0,0,1,0,0,2,0,2,2,2,0,2,0,1,1
132,7063.278,6438.954,467.602,-90.396,-0.006857,0.943893,-0.330180,-0.991995,-0.048056,-0.116779,-0.126095,0.326737,0.936666,0,0.59065,-0.52372,10.881,0.354,16.282,381.524,771.421,366.312,17.178,332.809,355.302,-1,341.434,-1,-1,-1,723.083,-1,454.014,40.305,22.186,1,0,0,0,1,0,0,2,0,2,2,2,0,2,0,1,1
133,7067.032,6427.979,465.444,-90.161,-0.002790,0.945738,-0.324919,-0.993908,-0.038422,-0.103301,-0.110180,0.322651,0.940083,0,0.58513,-0.53767,11.599,0.235,13.717,414.166,-1,374.017,16.310,326.820,360.792,-1,343.440,-1,-1,-1,689.444,-1,464.745,43.391,22.263,1,0,2,0,1,0,0,2,0,2,2,2,0,2,0,1,1
134,7070.472,6416.223,462.853,-90.104,-0.001813,0.946844,-0.321687,-0.996094,-0.030109,-0.083008,-0.088281,0.320280,0.943200,0,0.57976,-0.55123,12.249,0.057,13.331,456.897,-1,386.859,14.258,324.027,371.566,-1,343.766,-1,-1,-1,638.544,-1,479.215,41.780,11.680,1,0,2,0,1,0,0,2,0,2,2,2,0,2,0,1,1
135,7073.659,6403.782,459.779,-90.120,-0.002090,0.947598,-0.319457,-0.998009,-0.022115,-0.059071,-0.063041,0.318698,0.945758,0,0.57486,-0.56361,12.842,-0.016,13.375,513.108,-1,402.858,403.445,322.725,380.535,-1,342.429,-1,-1,-1,584.524,-1,497.183,39.961,462.228,1,0,2,0,0,0,0,2,0,2,2,2,0,2,0,1,0
136,7076.326,6390.754,456.233,-90.244,-0.004252,0.948960,-0.315368,-0.999307,-0.015695,-0.033753,-0.036980,0.315006,0.948369,0,0.57001,-0.57587,13.299,-0.124,14.127,582.740,-1,420.063,426.608,322.158,380.557,-1,342.023,-1,-1,-1,535.577,-1,517.881,26.200,491.086,1,0,2,0,0,0,0,2,0,2,2,2,0,2,0,1,0
137,7078.207,6377.336,452.318,-90.532,-0.009289,0.951646,-0.307056,-0.999884,-0.012555,-0.008661,-0.012098,0.306940,0.951652,0,0.56542,-0.58747,13.549,-0.288,15.043,671.444,-1,433.967,453.022,333.120,382.096,-1,344.469,-1,-1,-1,499.623,-1,523.735,23.287,523.438,1,0,2,0,0,0,0,2,0,2,2,2,0,2,0,1,0
138,7079.018,6364.501,448.721,-90.993,-0.017323,0.956356,-0.291689,-0.999827,-0.014590,0.011544,0.006784,0.291839,0.956443,0,0.56142,-0.59757,12.861,-0.460,15.058,769.561,-1,446.894,483.096,357.834,383.995,-1,352.837,-1,-1,-1,485.114,-1,527.723,23.262,554.827,1,0,2,0,0,0,0,2,0,2,2,2,0,2,0,1,0
139,7079.050,6351.978,446.107,-91.403,-0.024473,0.962333,-0.270769,-0.999475,-0.017805,0.027054,0.021213,0.271289,0.962264,0,0.55843,-0.60511,12.523,-0.410,14.790,860.535,-1,459.525,512.372,373.591,385.227,-1,367.522,-1,-1,1006.799,488.550,-1,531.359,23.772,560.798,1,0,2,0,0,0,0,2,0,2,2,0,0,2,0,1,0
140,7078.869,6339.249,444.685,-91.727,-0.030121,0.968035,-0.248998,-0.998944,-0.020505,0.041123,0.034703,0.249974,0.967631,0,0.55543,-0.61271,12.730,-0.324,14.881,1005.170,-1,472.845,546.220,389.670,386.401,-1,385.605,-1,-1,865.485,498.878,-1,536.342,23.583,567.460,1,0,2,0,0,0,0,2,0,2,2,0,0,2,0,1,0
141,7078.648,6326.067,444.352,-92.065,-0.035988,0.972511,-0.230058,-0.998095,-0.023435,0.057066,0.050106,0.231673,0.971502,0,0.55194,-0.62152,13.183,-0.338,15.073,-1,-1,482.872,585.516,414.164,389.098,-1,402.771,-1,-1,768.389,503.729,-1,544.184,23.243,575.745,1,2,2,0,0,0,0,2,0,2,2,0,0,2,0,1,0
142,7077.987,6312.501,444.826,-92.470,-0.042989,0.975948,-0.213723,-0.996690,-0.027118,0.076645,0.069006,0.216310,0.973883,0,0.54822,-0.63091,13.583,-0.405,15.472,-1,-1,488.021,598.735,452.113,394.870,-1,419.454,-1,877.832,676.896,499.023,-1,555.496,22.748,587.347,1,2,2,0,0,0,0,2,0,2,0,0,0,2,0,1,0
143,7076.935,6298.616,446.036,-92.881,-0.050060,0.978463,-0.200261,-0.994660,-0.030724,0.098526,0.090252,0.204124,0.974776,0,0.54458,-0.64011,13.925,-0.411,17.077,-1,-1,496.243,614.404,508.174,402.749,-1,434.651,-1,746.108,595.025,486.765,-1,708.271,22.180,601.227,1,2,2,0,0,0,0,2,0,2,0,0,0,2,0,1,0
144,7074.894,6285.130,448.012,-93.351,-0.058121,0.980052,-0.190051,-0.992555,-0.036319,0.116253,0.107032,0.195393,0.974867,0,0.54077,-0.64973,13.640,-0.470,16.320,-1,-1,502.539,627.124,557.844,410.451,-1,446.885,-1,669.330,546.898,479.534,-1,868.078,22.260,-1,1,2,2,0,0,0,0,2,0,2,0,0,0,2,0,1,2
145,7072.538,6272.166,450.590,-93.765,-0.065220,0.980281,-0.186537,-0.991072,-0.041850,0.126587,0.116284,0.193128,0.974259,0,0.38630,-0.73488,13.176,-0.414,15.604,-1,-1,502.971,629.757,596.499,433.025,-1,453.022,-1,643.831,531.020,477.030,-1,1001.377,22.629,-1,1,2,2,0,0,0,0,2,0,2,0,0,0,2,0,1,2
146,7070.060,6259.714,453.309,-94.047,-0.070073,0.979343,-0.189677,-0.990530,-0.045806,0.129430,0.118068,0.196950,0.973278,0,0.38380,-0.74366,12.696,-0.281,15.271,-1,-1,496.816,620.388,616.367,451.297,-1,452.383,-1,656.238,541.450,478.062,-1,-1,22.967,-1,1,2,2,0,0,0,0,2,0,2,0,0,0,2,2,1,2
147,7067.506,6247.434,455.461,-94.250,-0.073619,0.977510,-0.197620,-0.990579,-0.048731,0.127977,0.115469,0.205180,0.971889,0,0.38100,-0.75351,12.543,-0.204,-1,-1,-1,485.912,602.581,620.814,451.615,-1,445.875,-1,687.929,564.378,477.848,-1,995.535,-1,-1,2,2,2,0,0,0,0,2,0,2,0,0,0,2,0,2,2
148,7065.032,6235.325,456.775,-94.389,-0.076056,0.974828,-0.209583,-0.991029,-0.050737,0.123644,0.109898,0.217106,0.969942,0,0.31301,0.65755,12.360,-0.138,-1,-1,-1,471.412,578.499,612.913,438.006,-1,434.227,-1,732.740,594.896,457.731,-1,903.282,-1,565.744,2,2,2,0,0,0,0,2,0,2,0,0,0,2,0,2,0
149,7062.737,6223.318,457.052,-94.453,-0.077234,0.971469,-0.224237,-0.991691,-0.051645,0.117825,0.102882,0.231474,0.967386,0,0.31301,0.65755,12.224,-0.065,-1,-1,-1,454.639,550.547,597.718,415.958,-1,419.139,-1,783.713,627.895,404.435,-1,804.772,-1,540.671,2,2,2,0,0,0,0,2,0,2,0,0,0,2,0,2,0
150,7060.621,6211.259,456.123,-94.462,-0.077433,0.967668,-0.240047,-0.992365,-0.051623,0.112010,0.095996,0.246888,0.964278,0,0.31301,0.65755,12.244,-0.008,-1,-1,-1,436.830,521.090,579.765,390.367,-1,401.950,-1,835.215,656.607,368.025,-1,715.924,-1,514.169,2,2,2,0,0,0,0,2,0,2,0,0,0,2,0,2,0
151,7058.814,6199.125,453.985,-94.413,-0.076642,0.963281,-0.257323,-0.993031,-0.050574,0.106447,0.089525,0.263688,0.960445,0,0.31301,0.65755,12.268,0.048,-1,-1,-1,418.133,491.175,560.186,362.049,-1,382.466,-1,877.642,679.118,371.565,-1,638.757,-1,486.062,2,2,2,0,0,0,0,2,0,2,0,0,0,2,0,2,0
152,7057.334,6186.898,450.667,-94.300,-0.074711,0.958223,-0.276091,-0.993697,-0.048336,0.101139,0.083569,0.281907,0.955795,0,0.31301,0.65755,12.316,0.114,-1,-1,-1,398.625,460.266,539.242,338.313,-1,360.687,-1,912.846,694.376,373.346,-1,551.615,-1,456.757,2,2,2,0,0,0,0,2,0,2,0,0,0,2,0,2,0
153,7056.403,6174.530,446.258,-94.093,-0.071149,0.952145,-0.297252,-0.994374,-0.044258,0.096242,0.078480,0.302427,0.949936,0,0.31301,0.65755,12.403,0.207,-1,-1,-1,378.409,427.925,519.009,319.608,-1,334.784,-1,937.831,700.456,373.152,-1,428.634,-1,426.054,2,2,2,0,0,0,0,2,0,2,0,0,0,2,0,2,0
154,7055.946,6162.072,441.465,-93.776,-0.065661,0.946336,-0.316445,-0.994998,-0.038166,0.092321,0.075289,0.320924,0.944108,0,0.31301,0.65755,12.466,0.317,-1,-1,-1,359.519,15.440,502.801,300.875,-1,309.724,-1,945.434,695.688,373.286,-1,405.924,-1,22.777,2,2,2,0,1,0,0,2,0,2,0,0,0,2,0,2,1
155,7055.770,6149.529,437.758,-93.467,-0.060292,0.943759,-0.325091,-0.995320,-0.032204,0.091105,0.075512,0.329062,0.941284,0,0.31301,0.65755,12.544,0.309,-1,-1,-1,345.609,15.022,496.799,285.951,-1,295.142,-1,929.100,681.673,377.766,-1,389.741,-1,23.322,2,2,2,0,1,0,0,2,0,2,0,0,0,2,0,2,1
156,7056.011,6137.158,435.996,-93.273,-0.056930,0.943819,-0.325522,-0.995386,-0.028435,0.091639,0.077234,0.329238,0.941083,0,0.31301,0.65755,12.373,0.193,13.309,-1,-1,336.070,15.118,499.152,275.083,-1,289.880,-1,911.087,671.890,386.504,-1,379.052,30.243,23.172,1,2,2,0,1,0,0,2,0,2,0,0,0,2,0,1,1
157,7056.356,6125.161,436.463,-93.155,-0.054864,0.945984,-0.319539,-0.995328,-0.026351,0.092881,0.079444,0.323142,0.943010,0,0.31301,0.65755,12.003,0.118,13.569,-1,-1,330.288,16.171,508.311,279.222,-1,292.999,-1,901.230,672.358,399.598,-1,391.553,31.584,22.309,1,2,2,0,1,0,0,2,0,2,0,0,0,2,0,1,1
158,7057.106,6113.560,438.489,-92.957,-0.051426,0.949380,-0.309892,-0.995396,-0.023597,0.092892,0.080878,0.313243,0.946223,0,0.31301,0.65755,11.625,0.198,13.479,-1,-1,326.410,16.066,519.853,301.877,-1,301.242,-1,904.005,685.209,416.721,-1,464.558,17.182,22.351,1,2,2,0,1,0,0,2,0,2,0,0,0,2,0,1,1
159,7058.294,6102.288,441.495,-92.679,-0.046575,0.952830,-0.299908,-0.995503,-0.019483,0.092703,0.082488,0.302877,0.949453,0,0.31301,0.65755,11.335,0.279,-1,-1,-1,323.796,16.056,535.842,330.305,-1,311.486,-1,910.470,701.882,435.484,-1,511.211,-1,22.353,2,2,2,0,1,0,0,2,0,2,0,0,0,2,0,2,1
160,7059.717,6091.288,444.945,-92.354,-0.040928,0.955861,-0.290953,-0.995608,-0.014476,0.092492,0.084197,0.293461,0.952256,0,0.31301,0.65755,11.092,0.325,-1,-1,-1,316.733,16.302,557.685,355.237,-1,321.904,-1,918.744,719.648,454.536,-1,555.147,-1,22.266,2,2,2,0,1,0,0,2,0,2,0,0,0,2,0,2,1
161,7061.362,6080.507,448.498,-91.982,-0.034460,0.958077,-0.284432,-0.995770,-0.008661,0.091467,0.085169,0.286381,0.954323,0,0.31301,0.65755,10.905,0.372,-1,-1,-1,308.156,16.392,577.912,374.020,-1,330.368,-1,933.349,740.768,473.269,-1,595.153,-1,22.242,2,2,2,0,1,0,0,2,0,2,0,0,0,2,0,2,1
162,7063.109,6069.954,451.936,-91.578,-0.027446,0.959589,-0.280063,-0.996009,-0.002448,0.089219,0.084928,0.281394,0.955827,0,0.31301,0.65755,10.697,0.404,-1,-1,-1,314.991,16.726,593.560,389.156,-1,335.412,-1,956.464,766.896,491.725,-1,628.067,-1,22.189,2,2,2,0,1,0,0,2,0,2,0,0,0,2,0,2,1
163,7065.022,6059.568,455.052,-91.127,-0.019597,0.960341,-0.278139,-0.996316,0.004474,0.085645,0.083493,0.278793,0.956715,0,0.31301,0.65755,10.560,0.452,-1,-1,-1,333.279,17.006,607.321,400.161,-1,337.971,-1,987.352,794.913,510.013,-1,649.449,-1,22.179,2,2,2,0,1,0,0,2,0,2,0,0,0,2,0,2,1
164,7067.013,6049.295,457.727,-90.638,-0.011096,0.960666,-0.277484,-0.996605,0.012017,0.081453,0.081584,0.277446,0.957271,0,0.31301,0.65755,10.464,0.489,-1,-1,-1,348.457,17.492,619.611,408.804,-1,338.771,-1,-1,822.939,527.788,-1,663.888,-1,22.219,2,2,2,0,1,0,0,2,0,2,2,0,0,2,0,2,1
165,7069.201,6039.168,459.991,-90.119,-0.002071,0.960719,-0.277514,-0.996785,0.020244,0.077521,0.080094,0.276782,0.957589,0,0.31301,0.65755,10.361,0.519,-1,-1,-1,362.956,17.898,632.297,416.729,-1,338.382,-1,-1,847.676,544.813,-1,678.019,-1,22.296,2,2,2,0,1,0,0,2,0,2,2,0,0,2,0,2,1
166,7071.748,6029.271,461.921,-89.558,0.007696,0.960549,-0.278005,-0.996790,0.029524,0.074415,0.079687,0.276540,0.957693,0,0.31301,0.65755,10.219,0.561,-1,-1,-1,373.285,18.363,647.541,426.246,-1,337.162,-1,-1,865.815,558.650,-1,695.981,-1,22.423,2,2,2,0,1,0,0,2,0,2,2,0,0,2,0,2,1
167,7074.621,6019.666,463.545,-88.934,0.018548,0.960196,-0.278709,-0.996589,0.040174,0.072082,0.080410,0.276422,0.957667,0,0.31301,0.65755,10.026,0.624,-1,-1,-1,383.240,17.610,668.646,438.722,-1,335.312,-1,-1,875.691,571.788,-1,717.282,-1,22.238,2,2,2,0,1,0,0,2,0,2,2,0,0,2,0,2,1
168,7078.091,6008.352,465.250,-88.225,0.030864,0.960242,-0.277457,-0.996015,0.052786,0.071890,0.083677,0.274132,0.958045,0,0.31301,0.65755,11.834,0.709,-1,-1,-1,400.086,17.715,700.746,462.546,-1,334.693,-1,-1,873.226,586.977,-1,768.907,-1,22.257,2,2,2,0,1,0,0,2,0,2,2,0,0,2,0,2,1
169,7080.557,6000.908,466.343,-87.784,0.038528,0.960320,-0.276225,-0.995450,0.060995,0.073208,0.087151,0.272147,0.958301,0,0.31301,0.65755,7.842,0.442,-1,-1,-1,414.344,17.772,732.871,481.811,-1,334.481,-1,-1,865.737,596.477,-1,815.065,-1,22.269,2,2,2,0,1,0,0,2,0,2,2,0,0,2,0,2,1
170,7083.838,5991.813,467.693,-87.257,0.047648,0.960400,-0.274520,-0.994569,0.071076,0.076032,0.092533,0.269406,0.958571,0,0.20173,0.46236,9.669,0.526,-1,-1,-1,436.292,17.642,776.334,510.807,-1,334.199,-1,-1,851.516,607.717,-1,-1,-1,22.244,2,2,2,0,1,0,0,2,0,2,2,0,0,2,2,2,1
171,7087.143,5982.924,468.979,-86.788,0.055759,0.960656,-0.272085,-0.993555,0.080322,0.079981,0.098689,0.265872,0.958943,0,0.20173,0.46236,9.483,0.469,-1,-1,-1,460.943,17.571,832.065,544.632,-1,334.742,-1,980.882,834.099,618.481,-1,-1,-1,22.231,2,2,2,0,1,0,0,2,0,2,0,0,0,2,2,2,1
172,7090.350,5974.349,470.293,-86.346,0.063376,0.960952,-0.269360,-0.992463,0.089050,0.084181,0.104881,0.261994,0.959353,0,0.20173,0.46236,9.155,0.442,-1,-1,-1,486.116,17.702,889.917,581.456,-1,335.814,-1,953.973,817.360,623.508,-1,-1,-1,22.255,2,2,2,0,1,0,0,2,0,2,0,0,0,2,2,2,1
173,7093.405,5966.192,471.760,-85.892,0.071201,0.961071,-0.266970,-0.991338,0.097794,0.087662,0.110357,0.258416,0.959710,0,0.20173,0.46236,8.710,0.454,-1,-1,-1,512.233,17.871,945.884,617.653,-1,337.147,-1,933.387,804.574,628.484,-1,-1,-1,22.291,2,2,2,0,1,0,0,2,0,2,0,0,0,2,2,2,1
174,7096.166,5958.989,473.548,-85.505,0.077866,0.961338,-0.264132,-0.990387,0.104970,0.090087,0.114330,0.254578,0.960270,0,0.20173,0.46236,7.714,0.387,-1,-1,-1,536.198,17.794,990.987,653.412,-1,339.806,-1,922.444,798.807,635.356,-1,-1,-1,22.274,2,2,2,0,1,0,0,2,0,2,0,0,0,2,2,2,1
175,7098.257,5952.972,475.741,-85.260,0.082064,0.962420,-0.258868,-0.989761,0.109139,0.091990,0.116785,0.248668,0.961522,0,0.20173,0.46236,6.370,0.244,-1,-1,-1,557.897,17.697,-1,684.343,-1,345.492,-1,920.939,801.409,645.844,-1,-1,-1,22.253,2,2,2,0,1,2,0,2,0,2,0,0,0,2,2,2,1
176,7099.451,5948.000,478.369,-85.193,0.083213,0.964602,-0.250238,-0.989527,0.109703,0.093821,0.117952,0.239810,0.963628,0,0.20173,0.46236,5.113,0.067,-1,-1,-1,578.595,17.777,-1,707.087,-1,355.123,-1,925.705,811.456,660.730,-1,-1,-1,22.270,2,2,2,0,1,2,0,2,0,2,0,0,0,2,2,2,1
177,7099.860,5944.014,481.376,-85.273,0.081832,0.967486,-0.239321,-0.989714,0.107156,0.094778,0.117341,0.229104,0.966304,0,0.20173,0.46236,4.007,-0.080,-1,-1,-1,596.330,18.082,-1,720.915,-1,367.817,-1,939.243,830.378,679.748,-1,-1,-1,22.341,2,2,2,0,1,2,0,2,0,2,0,0,0,2,2,2,1
178,7099.635,5940.897,484.596,-85.455,0.078717,0.970609,-0.227425,-0.990305,0.102325,0.093941,0.114451,0.217826,0.969254,0,0.20173,0.46236,3.125,-0.182,-1,-1,-1,607.296,18.582,-1,721.287,-1,382.241,-1,966.241,859.350,695.373,-1,-1,-1,22.493,2,2,2,0,1,2,0,2,0,2,0,0,0,2,2,2,1
179,7099.129,5938.606,487.795,-85.658,0.075257,0.973398,-0.216408,-0.991204,0.096717,0.090334,0.108862,0.207706,0.972115,0,0.20173,0.46236,2.346,-0.203,-1,-1,-1,608.491,18.676,994.304,707.790,-1,396.523,-1,-1,900.718,706.755,-1,-1,-1,22.526,2,2,2,0,1,0,0,2,0,2,2,0,0,2,2,2,1
180,7372.247,8360.690,519.917,118.411,-0.475642,-0.879562,0.011609,0.879267,-0.475783,-0.022789,0.025567,-0.000632,0.999673,1,0.20173,0.46236,0.000,0.000,-1,762.795,-1,815.828,13.320,599.348,604.529,517.396,820.546,-1,-1,-1,-1,-1,-1,16.799,21.384,2,0,2,0,1,0,0,0,0,2,2,2,2,2,2,1,1
181,7372.368,8360.632,522.143,118.423,-0.475847,-0.879460,0.010938,0.879200,-0.475973,-0.021371,0.024001,-0.000553,0.999712,0,0.31062,0.52029,0.135,0.012,-1,765.247,-1,817.866,-1,601.660,606.843,523.847,829.369,-1,-1,-1,-1,-1,-1,-1,-1,2,0,2,0,2,0,0,0,0,2,2,2,2,2,2,2,2
182,7372.365,8360.902,523.099,118.430,-0.475957,-0.879404,0.010624,0.879151,-0.476075,-0.021137,0.023646,-0.000721,0.999720,0,0.31062,0.52029,0.271,0.007,-1,767.352,-1,820.347,-1,603.391,608.699,526.210,834.126,-1,-1,-1,-1,-1,-1,-1,-1,2,0,2,0,2,0,0,0,0,2,2,2,2,2,2,2,2
183,7372.200,8361.519,522.786,118.427,-0.475894,-0.879436,0.010822,0.879159,-0.476016,-0.022082,0.024571,-0.000994,0.999698,0,0.31062,0.52029,0.638,-0.003,-1,769.585,-1,823.404,-1,604.749,610.257,524.783,834.195,-1,-1,-1,-1,-1,-1,-1,-1,2,0,2,0,2,0,0,0,0,2,2,2,2,2,2,2,2
184,7371.863,8362.521,521.288,118.421,-0.475770,-0.879492,0.011671,0.879152,-0.475911,-0.024504,0.027106,-0.001398,0.999632,0,0.31062,0.52029,1.057,-0.006,-1,773.531,-1,828.774,-1,606.762,612.591,519.813,830.082,-1,-1,-1,-1,-1,-1,-1,-1,2,0,2,0,2,0,0,0,0,2,2,2,2,2,2,2,2
185,7371.357,8363.889,519.031,118.411,-0.475567,-0.879574,0.013643,0.879144,-0.475761,-0.027508,0.030687,-0.001087,0.999528,0,0.31062,0.52029,1.459,-0.010,-1,779.760,-1,834.765,-1,609.445,615.349,514.231,819.546,-1,-1,-1,-1,-1,-1,-1,-1,2,0,2,0,2,0,0,0,0,2,2,2,2,2,2,2,2
186,7370.748,8365.508,516.692,118.401,-0.475370,-0.879657,0.015046,0.879154,-0.475607,-0.029768,0.033341,-0.000923,0.999444,0,0.31062,0.52029,1.730,-0.010,8.398,782.021,-1,836.889,13.384,609.675,615.638,507.977,807.826,-1,-1,-1,-1,-1,-1,23.558,27.063,1,0,2,0,1,0,0,0,0,2,2,2,2,2,2,1,1
187,7370.054,8367.330,514.772,118.386,-0.475128,-0.879783,0.015330,0.879246,-0.475374,-0.030766,0.034355,-0.001139,0.999409,0,0.31062,0.52029,1.950,-0.015,14.906,778.962,-1,834.360,13.378,606.980,613.061,501.934,799.693,-1,-1,-1,-1,-1,-1,23.529,32.614,1,0,2,0,1,0,0,0,0,2,2,2,2,2,2,1,1
188,7369.257,8369.339,513.576,118.366,-0.474826,-0.879958,0.014633,0.879430,-0.475049,-0.030524,0.033811,-0.001625,0.999427,0,0.31062,0.52029,2.161,-0.020,14.987,772.257,-1,828.512,13.346,602.453,608.691,497.244,796.058,-1,-1,-1,-1,-1,-1,23.383,35.707,1,0,2,0,1,0,0,0,0,2,2,2,2,2,2,1,1
189,7368.356,8371.527,513.217,118.337,-0.474414,-0.880201,0.013354,0.879713,-0.474597,-0.029374,0.032193,-0.002188,0.999479,0,0.31062,0.52029,2.367,-0.029,15.060,764.603,-1,821.649,13.324,597.658,604.069,494.674,796.638,-1,-1,-1,-1,-1,-1,23.263,37.103,1,0,2,0,1,0,0,0,0,2,2,2,2,2,2,1,1
190,7367.355,8373.935,513.620,118.304,-0.473930,-0.880480,0.012079,0.880042,-0.474077,-0.027894,0.030286,-0.002590,0.999538,0,0.31062,0.52029,2.607,-0.033,15.103,759.143,-1,816.492,13.310,594.367,600.929,494.573,800.082,-1,-1,-1,-1,-1,-1,23.196,37.310,1,0,2,0,1,0,0,0,0,2,2,2,2,2,2,1,1
191,7366.261,8376.604,514.583,118.265,-0.473353,-0.880803,0.011101,0.880407,-0.473475,-0.026545,0.028637,-0.002792,0.999586,0,0.31062,0.52029,2.886,-0.039,15.121,757.227,-1,814.432,13.310,593.318,600.030,496.494,805.333,-1,-1,-1,-1,-1,-1,23.168,36.029,1,0,2,0,1,0,0,0,0,2,2,2,2,2,2,1,1
192,7365.063,8379.565,515.824,118.219,-0.472664,-0.881178,0.010641,0.880814,-0.472777,-0.025491,0.027493,-0.002676,0.999618,0,0.31062,0.52029,3.194,-0.046,15.123,758.815,-1,815.188,13.309,594.330,601.141,499.886,810.473,-1,-1,-1,-1,-1,-1,23.164,33.619,1,0,2,0,1,0,0,0,0,2,2,2,2,2,2,1,1
193,7363.760,8382.827,517.064,118.168,-0.471894,-0.881590,0.010748,0.881247,-0.472011,-0.024702,0.026850,-0.002185,0.999637,0,0.31062,0.52029,3.512,-0.051,15.117,762.866,-1,817.554,13.310,596.628,603.441,504.069,813.820,-1,-1,-1,-1,-1,-1,23.173,30.549,1,0,2,0,1,0,0,0,0,2,2,2,2,2,2,1,1
194,7362.359,8386.385,518.084,118.114,-0.471062,-0.882027,0.011348,0.881700,-0.471196,-0.024056,0.026565,-0.001326,0.999646,0,0.31062,0.52029,3.823,-0.054,15.174,767.999,-1,819.708,13.293,599.277,605.967,508.403,814.310,-1,-1,-1,-1,-1,-1,23.092,27.274,1,0,2,0,1,0,0,0,0,2,2,2,2,2,2,1,1
195,7360.887,8390.188,518.743,118.054,-0.470137,-0.882511,0.012087,0.882202,-0.470292,-0.023347,0.026289,-0.000313,0.999654,0,0.25290,0.88419,4.078,-0.060,15.059,772.078,-1,820.395,13.298,601.019,607.507,512.007,812.306,-1,-1,-1,-1,-1,-1,12.740,25.386,1,0,2,0,1,0,0,0,0,2,2,2,2,2,2,1,1
196,7359.354,8394.172,519.004,117.994,-0.469218,-0.882992,0.012622,0.882707,-0.469387,-0.022433,0.025733,0.000616,0.999669,0,0.25290,0.88419,4.269,-0.060,-1,773.793,-1,818.735,13.307,601.012,607.149,514.455,808.756,-1,-1,-1,-1,-1,-1,-1,25.661,2,0,2,0,1,0,0,0,0,2,2,2,2,2,2,2,1
197,7357.739,8398.303,518.936,117.934,-0.468315,-0.883468,0.012897,0.883215,-0.468490,-0.021178,0.024753,0.001473,0.999692,0,0.25290,0.88419,4.435,-0.059,-1,772.764,-1,814.430,13.320,599.108,604.896,515.766,803.902,-1,-1,-1,-1,-1,-1,-1,27.807,2,0,2,0,1,0,0,0,0,2,2,2,2,2,2,2,1
198,7356.030,8402.566,518.668,117.878,-0.467457,-0.883921,0.012912,0.883705,-0.467630,-0.019678,0.023432,0.002212,0.999723,0,0.25290,0.88419,4.593,-0.057,-1,769.218,-1,808.331,13.360,595.863,601.373,516.198,798.666,-1,-1,-1,-1,-1,-1,14.368,30.795,2,0,2,0,1,0,0,0,0,2,2,2,2,2,2,1,1
199,7354.164,8406.964,518.331,117.837,-0.466846,-0.884246,0.012801,0.884064,-0.467013,-0.018177,0.022051,0.002831,0.999753,0,0.25290,0.88419,4.777,-0.041,10.038,764.979,-1,801.889,13.586,592.296,597.562,516.163,793.599,-1,-1,-1,-1,-1,-1,8.769,32.355,1,0,2,0,1,0,0,0,0,2,2,2,2,2,2,1,1
200,7352.054,8411.464,518.038,117.836,-0.466835,-0.884254,0.012645,0.884102,-0.466994,-0.016747,0.020714,0.003361,0.999780,0,0.25290,0.88419,4.970,-0.002,14.147,760.965,-1,795.717,13.861,588.957,593.962,516.086,788.949,-1,-1,-1,-1,-1,-1,25.177,28.245,1,0,2,0,1,0,0,0,0,2,2,2,2,2,2,1,1
201,7349.805,8416.064,517.888,117.837,-0.466879,-0.884243,0.011756,0.884113,-0.467016,-0.015512,0.019207,0.003152,0.999811,0,0.25290,0.88419,5.121,0.002,14.129,755.909,-1,790.346,13.878,585.499,590.530,514.832,788.375,-1,-1,-1,-1,-1,-1,26.189,28.092,1,0,2,0,1,0,0,0,0,2,2,2,2,2,2,1,1
202,7347.391,8420.768,517.922,117.845,-0.467005,-0.884194,0.010306,0.884078,-0.467113,-0.014510,0.017644,0.002335,0.999842,0,0.25290,0.88419,5.287,0.007,13.918,750.696,-1,786.128,14.085,582.317,587.592,512.825,791.433,-1,-1,-1,-1,-1,-1,27.265,26.467,1,0,2,0,1,0,0,0,0,2,2,2,2,2,2,1,1
203,7344.758,8425.600,518.104,117.869,-0.467393,-0.884006,0.008791,0.883898,-0.467474,-0.013873,0.016374,0.001286,0.999865,0,0.25290,0.88419,5.503,0.025,13.711,747.161,-1,783.658,14.332,580.182,585.740,510.816,796.231,-1,-1,-1,-1,-1,-1,27.624,25.179,1,0,2,0,1,0,0,0,0,2,2,2,2,2,2,1,1
204,7341.882,8430.568,518.358,117.920,-0.468180,-0.883600,0.007597,0.883495,-0.468242,-0.013631,0.015601,0.000330,0.999878,0,0.25290,0.88419,5.741,0.051,13.498,746.220,-1,782.950,14.656,579.404,585.143,509.288,800.740,-1,-1,-1,-1,-1,-1,26.975,24.097,1,0,2,0,1,0,0,0,0,2,2,2,2,2,2,1,1
205,7338.740,8435.844,518.629,118.006,-0.469501,-0.882905,0.006868,0.882793,-0.469551,-0.014052,0.015632,-0.000534,0.999878,0,0.52162,0.74091,6.140,0.086,13.412,748.618,-1,784.862,14.832,580.526,586.327,508.102,804.728,-1,-1,-1,-1,-1,-1,25.552,23.682,1,0,2,0,1,0,0,0,0,2,2,2,2,2,2,1,1
206,7335.219,8441.572,518.893,118.133,-0.471453,-0.881864,0.006922,0.881741,-0.471503,-0.014760,0.016280,-0.000855,0.999867,0,0.52162,0.74091,6.724,0.127,13.283,753.927,-1,788.120,15.251,583.199,588.738,508.108,805.874,-1,-1,-1,-1,-1,-1,22.153,22.989,1,0,2,0,1,0,0,0,0,2,2,2,2,2,2,1,1
207,7331.367,8447.628,519.182,118.295,-0.473946,-0.880523,0.007402,0.880401,-0.474003,-0.014662,0.016419,-0.000432,0.999865,0,0.52162,0.74091,7.177,0.162,8.439,758.315,-1,788.598,15.256,584.948,589.904,509.682,803.171,-1,-1,-1,-1,-1,-1,17.907,22.983,1,0,2,0,1,0,0,0,0,2,2,2,2,2,2,1,1
208,7327.268,8454.026,519.500,118.467,-0.476593,-0.879092,0.007507,0.878985,-0.476652,-0.013726,0.015644,0.000057,0.999878,0,0.52162,0.74091,7.599,0.172,-1,759.349,-1,785.817,15.303,584.696,589.100,511.367,800.006,-1,-1,-1,-1,-1,-1,-1,22.926,2,0,2,0,1,0,0,0,0,2,2,2,2,2,2,2,1
209,7322.878,8460.762,519.812,118.655,-0.479481,-0.877524,0.007061,0.877441,-0.479533,-0.012091,0.013996,0.000398,0.999902,0,0.52162,0.74091,8.040,0.188,-1,756.787,-1,780.112,15.414,582.747,586.377,512.614,797.190,-1,-1,-1,-1,-1,-1,-1,22.801,2,0,2,0,1,0,0,0,0,2,2,2,2,2,2,2,1
210,7317.181,8469.339,520.081,118.901,-0.483265,-0.875451,0.006380,0.875398,-0.483306,-0.009639,0.011522,0.000927,0.999933,0,0.52162,0.74091,10.297,0.246,-1,751.699,-1,771.086,15.457,579.113,581.761,513.988,793.655,-1,-1,-1,-1,-1,-1,-1,22.761,2,0,2,0,1,0,0,0,0,2,2,2,2,2,2,2,1
211,7313.184,8475.389,520.225,119.062,-0.485729,-0.874091,0.005655,0.874055,-0.485760,-0.008049,0.009782,0.001033,0.999952,0,0.52162,0.74091,7.251,0.161,9.857,747.702,-1,765.031,15.107,576.405,578.716,514.252,792.335,-1,-1,-1,-1,-1,-1,9.274,23.188,1,0,2,0,1,0,0,0,0,2,2,2,2,2,2,1,1
212,7308.108,8483.345,520.396,119.236,-0.488391,-0.872610,0.005107,0.872587,-0.488416,-0.006487,0.008155,0.001288,0.999966,0,0.52162,0.74091,9.437,0.174,13.463,745.200,-1,759.368,14.721,574.325,576.308,515.071,790.283,-1,-1,-1,-1,-1,-1,32.103,23.932,1,0,2,0,1,0,0,0,0,2,2,2,2,2,2,1,1
213,7303.020,8491.476,520.839,119.453,-0.491690,-0.870734,0.008005,0.870728,-0.491736,-0.005326,0.008574,0.004352,0.999954,0,0.52162,0.74091,9.592,0.217,13.574,756.819,-1,757.980,14.530,578.192,578.529,523.041,777.091,-1,-1,-1,-1,-1,-1,32.673,24.462,1,0,2,0,1,0,0,0,0,2,2,2,2,2,2,1,1
214,7297.958,8499.823,521.702,119.685,-0.495202,-0.868660,0.014316,0.868702,-0.495309,-0.005034,0.011464,0.009944,0.999885,0,0.52162,0.74091,9.762,0.232,13.756,787.969,-1,762.970,14.277,589.411,586.942,538.398,752.499,-1,-1,-1,-1,-1,-1,29.465,25.432,1,0,2,0,1,0,0,0,0,2,2,2,2,2,2,1,1
215,7293.022,8508.507,522.962,119.872,-0.498004,-0.866880,0.022598,0.867020,-0.498239,-0.005925,0.016396,0.016642,0.999727,0,0.52162,0.74091,9.988,0.187,13.924,833.860,-1,775.457,-1,608.296,601.109,558.125,727.205,-1,-1,-1,-1,-1,-1,27.656,12.779,1,0,2,0,2,0,0,0,0,2,2,2,2,2,2,1,1
216,7288.331,8517.551,524.536,119.977,-0.499526,-0.865750,0.030834,0.866021,-0.499951,-0.007520,0.021926,0.022947,0.999496,0,0.52162,0.74091,10.189,0.104,13.939,892.665,-1,791.935,-1,631.037,618.058,578.498,707.628,-1,-1,-1,-1,-1,-1,27.541,-1,1,0,2,0,2,0,0,0,0,2,2,2,2,2,2,1,2
217,7283.734,8526.749,526.346,120.018,-0.500095,-0.865146,0.037773,0.865571,-0.500713,-0.008530,0.026293,0.028429,0.999250,0,0.52162,0.74091,10.283,0.041,13.773,955.479,-1,806.340,-1,651.159,633.260,598.167,693.489,-1,-1,-1,-1,-1,-1,29.214,-1,1,0,2,0,2,0,0,0,0,2,2,2,2,2,2,1,2
218,7279.106,8536.094,528.290,120.020,-0.500073,-0.864942,0.042459,0.865468,-0.500866,-0.009959,0.029880,0.031766,0.999049,0,0.52162,0.74091,10.428,0.002,13.552,-1,-1,820.538,14.558,670.537,647.652,613.217,688.929,-1,-1,-1,-1,-1,-1,33.190,24.373,1,2,2,0,1,0,0,0,0,2,2,2,2,2,2,1,1
219,7274.208,8545.520,530.411,120.014,-0.499920,-0.864930,0.044450,0.865384,-0.500910,-0.014165,0.034517,0.031385,0.998911,0,0.52162,0.74091,10.623,-0.005,13.363,-1,-1,840.925,14.941,693.480,666.270,619.878,699.950,-1,-1,-1,-1,-1,-1,30.232,23.466,1,2,2,0,1,0,0,0,0,2,2,2,2,2,2,1,1
220,7268.762,8554.882,532.497,120.096,-0.501061,-0.864284,0.044171,0.864512,-0.502214,-0.019979,0.039450,0.028176,0.998824,0,0.52162,0.74091,10.831,0.082,-1,-1,-1,865.209,15.330,718.016,686.729,619.001,721.788,-1,-1,-1,-1,-1,-1,-1,22.898,2,2,2,0,1,0,0,0,0,2,2,2,2,2,2,2,1
221,7262.677,8564.079,534.354,120.256,-0.503388,-0.863041,0.041962,0.862969,-0.504599,-0.025770,0.043414,0.023240,0.998787,0,0.52162,0.74091,11.028,0.160,-1,-1,-1,888.023,15.840,742.418,707.669,612.851,749.538,-1,-1,-1,-1,-1,-1,-1,22.462,2,2,2,0,1,0,0,0,0,2,2,2,2,2,2,2,1
222,7254.665,8574.812,536.116,120.519,-0.507296,-0.860953,0.037555,0.860580,-0.508404,-0.030452,0.045311,0.016870,0.998830,0,0.52162,0.74091,13.393,0.263,-1,-1,-1,904.859,9.913,758.130,723.512,602.763,783.598,-1,-1,-1,-1,-1,-1,-1,22.182,2,2,2,0,1,0,0,0,0,2,2,2,2,2,2,2,1
223,7249.052,8581.805,536.809,120.746,-0.510737,-0.859070,0.033851,0.858595,-0.511691,-0.031396,0.044293,0.013029,0.998934,0,0.52162,0.74091,8.967,0.228,-1,-1,-1,905.566,-1,759.409,726.671,595.439,802.849,-1,-1,-1,-1,-1,-1,-1,-1,2,2,2,0,2,0,0,0,0,2,2,2,2,2,2,2,2
