timestep,x_cm,y_cm,z_cm,yaw_deg,basis_xx,basis_xy,basis_xz,basis_yx,basis_yy,basis_yz,basis_zx,basis_zy,basis_zz,teleport_flag,throttle_cmd,steering_cmd,cmd_move_cm,cmd_turn_deg,lidar_cm_0,lidar_cm_1,lidar_cm_2,lidar_cm_3,lidar_cm_4,lidar_cm_5,lidar_cm_6,lidar_cm_7,lidar_cm_8,lidar_cm_9,lidar_cm_10,lidar_cm_11,lidar_cm_12,lidar_cm_13,lidar_cm_14,lidar_cm_15,lidar_cm_16,lidar_class_0,lidar_class_1,lidar_class_2,lidar_class_3,lidar_class_4,lidar_class_5,lidar_class_6,lidar_class_7,lidar_class_8,lidar_class_9,lidar_class_10,lidar_class_11,lidar_class_12,lidar_class_13,lidar_class_14,lidar_class_15,lidar_class_16
0,-7543.213,-3607.619,-82.523,-32.420,0.842594,0.535813,0.054230,-0.536841,0.843666,0.005388,-0.042865,-0.033653,0.998514,1,0.00000,0.00000,4.800,-0.240,-1,375.000,-1,350.000,-1,300.000,300.000,325.000,325.000,-1,525.000,550.000,-1,650.000,625.000,-1,-1,2,0,2,0,2,0,0,0,0,2,0,0,2,0,0,2,2
1,-7539.172,-3610.210,-82.720,-32.660,0.840353,0.539338,0.054048,-0.540372,0.841408,0.005546,-0.042485,-0.033867,0.998523,0,0.08000,-0.12000,4.800,-0.240,-1,375.000,-1,350.000,-1,300.000,300.000,325.000,350.000,-1,525.000,550.000,-1,650.000,625.000,-1,-1,2,0,2,0,2,0,0,0,0,2,0,0,2,0,0,2,2
2,-7531.131,-3615.454,-83.110,-33.114,0.836073,0.545986,0.053680,-0.547029,0.837093,0.005867,-0.041731,-0.034270,0.998541,0,0.16000,-0.22720,9.600,-0.454,-1,375.000,-1,350.000,-1,300.000,300.000,325.000,350.000,-1,500.000,525.000,-1,650.000,625.000,-1,-1,2,0,2,0,2,0,0,0,0,2,0,0,2,0,0,2,2
3,-7519.132,-3623.416,-83.687,-33.568,0.831754,0.552600,0.053097,-0.553651,0.832724,0.006374,-0.040693,-0.034699,0.998569,0,0.24000,-0.22720,14.400,-0.454,-1,375.000,-1,350.000,-1,300.000,300.000,325.000,350.000,-1,500.000,525.000,-1,650.000,625.000,-1,-1,2,0,2,0,2,0,0,0,0,2,0,0,2,0,0,2,2
4,-7503.219,-3634.159,-84.441,-34.023,0.827397,0.559177,0.052301,-0.560237,0.828302,0.007077,-0.039364,-0.035156,0.998606,0,0.32000,-0.22720,19.200,-0.454,-1,375.000,-1,350.000,-1,300.000,300.000,325.000,350.000,-1,475.000,500.000,-1,650.000,625.000,-1,-1,2,0,2,0,2,0,0,0,0,2,0,0,2,0,0,2,2
5,-7483.434,-3647.745,-85.355,-34.477,0.823002,0.565719,0.051288,-0.566784,0.823827,0.007988,-0.037733,-0.035643,0.998652,0,0.40000,-0.22720,24.000,-0.454,-1,375.000,-1,350.000,-1,300.000,300.000,325.000,350.000,-1,475.000,475.000,-1,650.000,625.000,-1,-1,2,0,2,0,2,0,0,0,0,2,0,0,2,0,0,2,2
6,-7459.823,-3664.235,-86.393,-34.932,0.818573,0.572225,0.049967,-0.573290,0.819302,0.009098,-0.035732,-0.036093,0.998709,0,0.48000,-0.22720,28.800,-0.454,-1,375.000,-1,350.000,-1,300.000,300.000,325.000,350.000,-1,450.000,450.000,-1,650.000,625.000,-1,-1,2,0,2,0,2,0,0,0,0,2,0,0,2,0,0,2,2
7,-7432.430,-3683.692,-87.532,-35.386,0.814106,0.578696,0.048390,-0.579754,0.814726,0.010386,-0.033415,-0.036510,0.998775,0,0.56000,-0.22720,33.600,-0.454,-1,375.000,-1,350.000,-1,300.000,300.000,325.000,350.000,-1,425.000,425.000,-1,650.000,625.000,-1,-1,2,0,2,0,2,0,0,0,0,2,0,0,2,0,0,2,2
8,-7401.301,-3706.177,-88.702,-35.840,0.809599,0.585135,0.046555,-0.586170,0.810104,0.011657,-0.030893,-0.036727,0.998848,0,0.64000,-0.22720,38.400,-0.454,-1,375.000,-1,350.000,-1,300.000,300.000,325.000,350.000,-1,400.000,400.000,-1,650.000,625.000,-1,-1,2,0,2,0,2,0,0,0,0,2,0,0,2,0,0,2,2
9,-7366.483,-3731.749,-89.912,-36.295,0.805053,0.591537,0.044436,-0.592542,0.805432,0.013150,-0.028012,-0.036917,0.998926,0,0.72000,-0.22720,43.200,-0.454,-1,375.000,-1,350.000,-1,300.000,300.000,325.000,350.000,-1,375.000,375.000,-1,650.000,625.000,-1,-1,2,0,2,0,2,0,0,0,0,2,0,0,2,0,0,2,2
10,-7328.023,-3760.468,-91.125,-36.749,0.800467,0.597902,0.042021,-0.598866,0.800711,0.014885,-0.024747,-0.037080,0.999006,0,0.80000,-0.22720,48.000,-0.454,-1,375.000,-1,350.000,-1,300.000,300.000,325.000,350.000,-1,350.000,350.000,-1,650.000,625.000,-1,-1,2,0,2,0,2,0,0,0,0,2,0,0,2,0,0,2,2
11,-7285.968,-3792.394,-92.262,-37.204,0.795847,0.604234,0.039109,-0.605136,0.795944,0.016838,-0.020954,-0.037067,0.999093,0,0.88000,-0.22720,52.800,-0.454,-1,375.000,-1,350.000,-1,300.000,300.000,325.000,350.000,-1,350.000,325.000,-1,650.000,625.000,-1,-1,2,0,2,0,2,0,0,0,0,2,0,0,2,0,0,2,2
12,-7242.513,-3825.929,-93.251,-37.658,0.791178,0.610529,0.035939,-0.611354,0.791130,0.018955,-0.016860,-0.036968,0.999174,0,0.91485,-0.22720,54.891,-0.454,-1,375.000,-1,350.000,-1,300.000,300.000,325.000,350.000,-1,325.000,300.000,-1,650.000,625.000,-1,-1,2,0,2,0,2,0,0,0,0,2,0,0,2,0,0,2,2
13,-7199.326,-3859.808,-94.078,-38.112,0.786447,0.616785,0.032810,-0.617526,0.786264,0.021204,-0.012719,-0.036937,0.999237,0,0.91485,-0.22720,54.891,-0.454,-1,375.000,-1,350.000,-1,300.000,300.000,325.000,350.000,-1,300.000,300.000,-1,675.000,650.000,-1,-1,2,0,2,0,2,0,0,0,0,2,0,0,2,0,0,2,2
14,-7156.408,-3894.029,-94.762,-38.567,0.781655,0.623002,0.029726,-0.623652,0.781349,0.023495,-0.008589,-0.036904,0.999282,0,0.91485,-0.22720,54.891,-0.454,-1,375.000,-1,375.000,-1,300.000,300.000,325.000,350.000,-1,300.000,275.000,-1,675.000,650.000,-1,-1,2,0,2,0,2,0,0,0,0,2,0,0,2,0,0,2,2
15,-7113.763,-3928.589,-95.189,-39.021,0.776793,0.629170,0.027159,-0.629738,0.776373,0.025972,-0.004745,-0.037278,0.999294,0,0.91485,-0.22720,54.891,-0.454,-1,375.000,-1,375.000,-1,300.000,300.000,325.000,350.000,-1,300.000,275.000,-1,675.000,650.000,-1,-1,2,0,2,0,2,0,0,0,0,2,0,0,2,0,0,2,2
16,-7071.393,-3963.486,-95.387,-39.476,0.771869,0.635291,0.024954,-0.635780,0.771339,0.028624,-0.001063,-0.037959,0.999279,0,0.91485,-0.22720,54.891,-0.454,-1,375.000,-1,375.000,-1,300.000,300.000,325.000,350.000,-1,275.000,275.000,-1,675.000,650.000,-1,-1,2,0,2,0,2,0,0,0,0,2,0,0,2,0,0,2,2
17,-7029.301,-3998.717,-95.415,-39.930,0.766892,0.641370,0.022836,-0.641771,0.766254,0.031387,0.002632,-0.038725,0.999246,0,0.91485,-0.22720,54.891,-0.454,-1,375.000,-1,375.000,-1,300.000,300.000,325.000,350.000,-1,275.000,300.000,-1,700.000,675.000,-1,-1,2,0,2,0,2,0,0,0,0,2,0,0,2,0,0,2,2
18,-6987.489,-4034.282,-95.261,-40.384,0.761861,0.647406,0.020806,-0.647710,0.761120,0.034190,0.006299,-0.039524,0.999199,0,0.91485,-0.22720,54.891,-0.454,-1,375.000,-1,375.000,-1,300.000,300.000,325.000,350.000,-1,275.000,300.000,-1,700.000,675.000,-1,-1,2,0,2,0,2,0,0,0,0,2,0,0,2,0,0,2,2
19,-6945.959,-4070.179,-94.994,-40.839,0.756766,0.653414,0.018845,-0.653615,0.755948,0.036460,0.009578,-0.039909,0.999157,0,0.91490,-0.22727,54.894,-0.455,-1,375.000,-1,375.000,-1,300.000,300.000,325.000,350.000,-1,275.000,300.000,-1,725.000,675.000,-1,-1,2,0,2,0,2,0,0,0,0,2,0,0,2,0,0,2,2
20,-6904.571,-4106.542,-94.589,-41.302,0.751519,0.659494,0.016945,-0.659591,0.750641,0.038437,0.012630,-0.040063,0.999117,0,0.91821,-0.23138,55.093,-0.463,-1,375.000,-1,375.000,-1,300.000,300.000,325.000,325.000,-1,275.000,300.000,-1,725.000,700.000,-1,-1,2,0,2,0,2,0,0,0,0,2,0,0,2,0,0,2,2
21,-6863.340,-4143.372,-94.007,-41.773,0.746118,0.665643,0.015109,-0.665632,0.745192,0.040288,0.015558,-0.040116,0.999074,0,0.92142,-0.23556,55.285,-0.471,-1,375.000,-1,375.000,-1,300.000,300.000,325.000,325.000,-1,300.000,300.000,-1,750.000,700.000,-1,-1,2,0,2,0,2,0,0,0,0,2,0,0,2,0,0,2,2
22,-6822.281,-4180.671,-93.230,-42.252,0.740558,0.671861,0.013330,-0.671743,0.739597,0.041925,0.018309,-0.040002,0.999032,0,0.92451,-0.23983,55.470,-0.480,-1,375.000,-1,375.000,-1,300.000,300.000,325.000,325.000,-1,300.000,300.000,-1,775.000,725.000,-1,-1,2,0,2,0,2,0,0,0,0,2,0,0,2,0,0,2,2
23,-6781.412,-4218.439,-92.228,-42.741,0.734832,0.678151,0.011594,-0.677931,0.733855,0.043198,0.020787,-0.039603,0.998999,0,0.92748,-0.24417,55.649,-0.488,-1,375.000,-1,375.000,-1,300.000,300.000,325.000,325.000,-1,325.000,325.000,-1,775.000,725.000,-1,-1,2,0,2,0,2,0,0,0,0,2,0,0,2,0,0,2,2
24,-6740.747,-4256.677,-91.102,-43.238,0.728943,0.684500,0.010116,-0.684186,0.727951,0.044475,0.023080,-0.039341,0.998959,0,0.93031,-0.24859,55.819,-0.497,-1,400.000,-1,375.000,-1,300.000,300.000,325.000,325.000,-1,350.000,350.000,-1,800.000,725.000,-1,-1,2,0,2,0,2,0,0,0,0,2,0,0,2,0,0,2,2
25,-6700.304,-4295.385,-89.864,-43.744,0.722889,0.690906,0.008968,-0.690507,0.721877,0.045757,0.025140,-0.039270,0.998912,0,0.93302,-0.25309,55.981,-0.506,-1,400.000,-1,375.000,-1,300.000,300.000,325.000,325.000,-1,375.000,375.000,-1,800.000,750.000,-1,-1,2,0,2,0,2,0,0,0,0,2,0,0,2,0,0,2,2
26,-6660.102,-4334.562,-88.487,-44.260,0.716664,0.697375,0.007842,-0.696890,0.715637,0.046996,0.027162,-0.039145,0.998864,0,0.93557,-0.25768,56.134,-0.515,-1,400.000,-1,375.000,-1,325.000,300.000,325.000,325.000,-1,375.000,375.000,-1,825.000,800.000,-1,-1,2,0,2,0,2,0,0,0,0,2,0,0,2,0,0,2,2
27,-6620.158,-4374.206,-87.141,-44.784,0.710274,0.703884,0.007686,-0.703347,0.709204,0.048297,0.028545,-0.039710,0.998803,0,0.93796,-0.26236,56.278,-0.525,-1,400.000,-1,375.000,-1,325.000,300.000,325.000,325.000,-1,425.000,400.000,-1,825.000,825.000,-1,-1,2,0,2,0,2,0,0,0,0,2,0,0,2,0,0,2,2
28,-6580.491,-4414.316,-85.711,-45.318,0.703711,0.710441,0.008011,-0.709869,0.702586,0.049582,0.029597,-0.040578,0.998738,0,0.94019,-0.26711,56.412,-0.534,-1,400.000,-1,375.000,-1,325.000,300.000,325.000,325.000,-1,450.000,450.000,-1,850.000,850.000,-1,-1,2,0,2,0,2,0,0,0,0,2,0,0,2,0,0,2,2
29,-6541.121,-4454.889,-84.161,-45.862,0.696970,0.717048,0.008618,-0.716454,0.695781,0.050815,0.030440,-0.041591,0.998671,0,0.94224,-0.27196,56.535,-0.544,-1,400.000,-1,400.000,-1,325.000,300.000,325.000,325.000,-1,475.000,475.000,-1,900.000,875.000,-1,-1,2,0,2,0,2,0,0,0,0,2,0,0,2,0,0,2,2
30,-6502.067,-4495.922,-82.488,-46.416,0.690045,0.723704,0.009509,-0.723099,0.688785,0.051986,0.031073,-0.042748,0.998603,0,0.94411,-0.27689,56.647,-0.554,-1,400.000,-1,400.000,-1,325.000,325.000,325.000,325.000,-1,525.000,525.000,-1,950.000,925.000,-1,-1,2,0,2,0,2,0,0,0,0,2,0,0,2,0,0,2,2
31,-6463.352,-4537.410,-80.936,-46.980,0.682908,0.730434,0.010136,-0.729833,0.681619,0.052347,0.031327,-0.043145,0.998578,0,0.94578,-0.28190,56.747,-0.564,-1,400.000,-1,400.000,-1,325.000,325.000,325.000,325.000,-1,575.000,600.000,-1,1000.000,950.000,-1,-1,2,0,2,0,2,0,0,0,0,2,0,0,2,0,0,2,2
32,-6424.994,-4579.349,-79.474,-47.554,0.675554,0.737234,0.010609,-0.736653,0.674274,0.051927,0.031129,-0.042895,0.998595,0,0.94724,-0.28700,56.834,-0.574,-1,400.000,-1,400.000,-1,325.000,325.000,325.000,325.000,-1,650.000,650.000,-1,-1,1000.000,-1,-1,2,0,2,0,2,0,0,0,0,2,0,0,2,2,0,2,2
33,-6385.134,-4624.195,-77.847,-48.368,0.665007,0.746753,0.011222,-0.746202,0.663746,0.051226,0.030805,-0.042440,0.998624,0,1.00000,-0.40700,60.000,-0.814,-1,425.000,-1,425.000,-1,325.000,325.000,325.000,325.000,-1,750.000,725.000,-1,-1,-1,-1,-1,2,0,2,0,2,0,0,0,0,2,0,0,2,2,2,2,2
34,-6346.105,-4669.766,-76.125,-49.422,0.651146,0.758859,0.011915,-0.758344,0.649916,0.050223,0.030369,-0.041738,0.998667,0,1.00000,-0.52700,60.000,-1.054,-1,425.000,-1,425.000,-1,350.000,350.000,325.000,325.000,-1,850.000,825.000,-1,-1,-1,-1,-1,2,0,2,0,2,0,0,0,0,2,0,0,2,2,2,2,2
35,-6308.115,-4716.208,-74.368,-50.716,0.633834,0.773365,0.012710,-0.772886,0.632632,0.049233,0.030034,-0.041029,0.998706,0,1.00000,-0.64700,60.000,-1.294,-1,425.000,-1,425.000,-1,350.000,350.000,325.000,325.000,-1,950.000,925.000,-1,-1,-1,-1,-1,2,0,2,0,2,0,0,0,0,2,0,0,2,2,2,2,2
36,-6271.382,-4763.649,-72.530,-52.250,0.612891,0.790052,0.013533,-0.789610,0.611725,0.048046,0.029680,-0.040132,0.998753,0,1.00000,-0.76700,60.000,-1.534,-1,450.000,-1,425.000,-1,350.000,350.000,325.000,325.000,-1,-1,-1,-1,-1,-1,-1,-1,2,0,2,0,2,0,0,0,0,2,2,2,2,2,2,2,2
37,-6236.117,-4812.192,-70.718,-54.002,0.588450,0.808404,0.014488,-0.807990,0.587302,0.047205,0.029652,-0.039484,0.998780,0,1.00000,-0.87591,60.000,-1.752,-1,450.000,-1,450.000,-1,350.000,350.000,325.000,325.000,-1,-1,-1,-1,-1,-1,-1,-1,2,0,2,0,2,0,0,0,0,2,2,2,2,2,2,2,2
38,-6202.358,-4861.794,-69.718,-55.762,0.563350,0.826007,0.018680,-0.825765,0.562147,0.045870,0.027388,-0.041266,0.998773,0,1.00000,-0.88033,60.000,-1.761,-1,450.000,-1,425.000,-1,350.000,350.000,300.000,325.000,-1,-1,-1,-1,-1,-1,-1,-1,2,0,2,0,2,0,0,0,0,2,2,2,2,2,2,2,2
39,-6170.148,-4912.415,-68.907,-57.532,0.537543,0.842925,0.022928,-0.842888,0.536340,0.043356,0.024249,-0.042631,0.998797,0,1.00000,-0.88480,60.000,-1.770,-1,450.000,-1,425.000,-1,350.000,350.000,300.000,325.000,-1,-1,-1,-1,-1,-1,-1,-1,2,0,2,0,2,0,0,0,0,2,2,2,2,2,2,2,2
40,-6139.524,-4964.011,-68.056,-59.311,0.511066,0.859109,0.027271,-0.859287,0.509885,0.040535,0.020919,-0.044150,0.998806,0,1.00000,-0.88933,60.000,-1.779,-1,450.000,-1,425.000,-1,350.000,350.000,300.000,325.000,-1,-1,-1,-1,-1,-1,-1,-1,2,0,2,0,2,0,0,0,0,2,2,2,2,2,2,2,2
41,-6110.524,-5016.538,-67.161,-61.098,0.483931,0.874533,0.031673,-0.874932,0.482798,0.037407,0.017422,-0.045814,0.998798,0,1.00000,-0.89391,60.000,-1.788,-1,450.000,-1,425.000,-1,350.000,350.000,300.000,325.000,-1,-1,-1,-1,-1,1000.000,-1,-1,2,0,2,0,2,0,0,0,0,2,2,2,2,2,0,2,2
42,-6083.186,-5069.948,-66.216,-62.896,0.456155,0.889168,0.036093,-0.889794,0.455097,0.033972,0.013781,-0.047612,0.998771,0,1.00000,-0.89855,60.000,-1.797,-1,450.000,-1,425.000,-1,350.000,350.000,275.000,325.000,-1,-1,-1,-1,-1,975.000,-1,-1,2,0,2,0,2,0,0,0,0,2,2,2,2,2,0,2,2
43,-6057.546,-5124.194,-65.349,-64.702,0.427763,0.903011,0.039876,-0.903831,0.426810,0.030384,0.010418,-0.049038,0.998743,0,1.00000,-0.90327,60.000,-1.807,-1,450.000,-1,425.000,-1,350.000,350.000,275.000,325.000,-1,-1,-1,-1,-1,925.000,-1,-1,2,0,2,0,2,0,0,0,0,2,2,2,2,2,0,2,2
44,-6033.637,-5179.225,-64.593,-66.518,0.398788,0.916043,0.042820,-0.917013,0.397959,0.026759,0.007472,-0.049938,0.998724,0,1.00000,-0.90807,60.000,-1.816,-1,450.000,-1,425.000,-1,350.000,350.000,300.000,325.000,-1,-1,-1,-1,-1,900.000,-1,-1,2,0,2,0,2,0,0,0,0,2,2,2,2,2,0,2,2
45,-6011.495,-5234.990,-63.999,-68.344,0.369210,0.928252,0.045086,-0.929338,0.368568,0.022123,0.003918,-0.050068,0.998738,0,1.00000,-0.91294,60.000,-1.826,-1,450.000,-1,425.000,-1,350.000,350.000,300.000,325.000,-1,-1,-1,-1,-1,875.000,-1,-1,2,0,2,0,2,0,0,0,0,2,2,2,2,2,0,2,2
46,-5991.150,-5291.436,-63.356,-70.180,0.339085,0.939577,0.047071,-0.940756,0.338640,0.017379,0.000388,-0.050176,0.998740,0,1.00000,-0.91791,60.000,-1.836,-1,450.000,-1,400.000,-1,350.000,350.000,300.000,325.000,-1,-1,-1,-1,-1,850.000,-1,-1,2,0,2,0,2,0,0,0,0,2,2,2,2,2,0,2,2
47,-5972.633,-5348.508,-63.088,-72.026,0.308503,0.949909,0.049991,-0.951222,0.308169,0.014449,-0.001680,-0.052010,0.998645,0,1.00000,-0.92297,60.000,-1.846,-1,450.000,-1,400.000,-1,350.000,325.000,300.000,325.000,-1,-1,-1,-1,-1,825.000,-1,-1,2,0,2,0,2,0,0,0,0,2,2,2,2,2,0,2,2
48,-5955.973,-5406.149,-63.262,-73.882,0.277412,0.959192,0.054718,-0.960744,0.277180,0.011948,-0.003707,-0.055885,0.998430,0,1.00000,-0.92813,60.000,-1.856,-1,450.000,-1,400.000,925.000,350.000,325.000,300.000,325.000,-1,-1,-1,-1,-1,800.000,-1,-1,2,0,2,0,1,0,0,0,1,2,2,2,2,2,0,2,2
49,-5941.200,-5464.303,-63.399,-75.749,0.245846,0.967488,0.059391,-0.969293,0.245729,0.009377,-0.005522,-0.059872,0.998191,0,1.00000,-0.93340,60.000,-1.867,-1,425.000,-1,400.000,825.000,350.000,325.000,300.000,300.000,-1,-1,-1,-1,-1,775.000,-1,-1,2,0,2,0,1,0,0,0,1,2,2,2,2,2,0,2,2
50,-5928.339,-5522.909,-63.481,-77.627,0.213833,0.974774,0.063963,-0.976844,0.213844,0.006755,-0.007094,-0.063927,0.997929,0,1.00000,-0.93879,60.000,-1.878,-1,425.000,-1,400.000,750.000,350.000,325.000,300.000,300.000,-1,-1,-1,-1,975.000,775.000,-1,-1,2,0,2,0,1,0,0,0,1,2,2,2,2,0,0,2,2
51,-5917.418,-5581.908,-63.751,-79.515,0.181464,0.981088,0.067360,-0.983368,0.181566,0.004664,-0.007655,-0.067086,0.997718,0,1.00000,-0.94429,60.000,-1.889,-1,425.000,-1,400.000,675.000,325.000,325.000,300.000,275.000,-1,-1,-1,-1,950.000,750.000,-1,-1,2,0,2,0,1,0,0,0,1,2,2,2,2,0,0,2,2
52,-5908.459,-5641.236,-64.018,-81.415,0.148738,0.986372,0.070337,-0.988847,0.148911,0.002805,-0.007707,-0.069969,0.997519,0,1.00000,-0.94991,60.000,-1.900,-1,425.000,-1,400.000,600.000,325.000,325.000,300.000,275.000,-1,-1,-1,-1,925.000,750.000,-1,-1,2,0,2,0,1,0,0,0,1,2,2,2,2,0,0,2,2
53,-5901.483,-5700.830,-64.183,-83.326,0.115669,0.990585,0.073227,-0.993260,0.115906,0.001018,-0.007479,-0.072851,0.997315,0,1.00000,-0.95566,60.000,-1.911,-1,425.000,-1,375.000,550.000,325.000,325.000,325.000,250.000,-1,-1,-1,-1,875.000,725.000,-1,-1,2,0,2,0,1,0,0,0,1,2,2,2,2,0,0,2,2
54,-5896.667,-5755.821,-64.245,-84.998,0.086656,0.993350,0.075812,-0.996213,0.086949,-0.000563,-0.007151,-0.075476,0.997122,0,0.92000,-0.83566,55.200,-1.671,-1,400.000,-1,375.000,525.000,325.000,325.000,325.000,250.000,-1,-1,-1,-1,850.000,725.000,-1,-1,2,0,2,0,1,0,0,0,1,2,2,2,2,0,0,2,2
55,-5893.526,-5806.124,-64.224,-86.429,0.061756,0.995030,0.078113,-0.998068,0.062098,-0.001951,-0.006792,-0.077842,0.996943,0,0.84000,-0.71566,50.400,-1.431,-1,400.000,-1,375.000,500.000,325.000,325.000,325.000,250.000,-1,-1,-1,-1,850.000,725.000,-1,-1,2,0,2,0,1,0,0,0,1,2,2,2,2,0,0,2,2
56,-5891.814,-5851.692,-64.122,-87.851,0.036999,0.996098,0.080130,-0.999296,0.037371,-0.003157,-0.006139,-0.079957,0.996779,0,0.76000,-0.71125,45.600,-1.422,-1,400.000,-1,375.000,450.000,325.000,325.000,325.000,250.000,-1,-1,-1,-1,825.000,725.000,-1,950.000,2,0,2,0,1,0,0,0,1,2,2,2,2,0,0,2,1
57,-5891.299,-5892.490,-63.947,-89.279,0.012158,0.996569,0.081865,-0.999913,0.012543,-0.004186,-0.005198,-0.081807,0.996635,0,0.68000,-0.71375,40.800,-1.428,-1,400.000,-1,375.000,425.000,325.000,325.000,325.000,250.000,-1,-1,-1,-1,800.000,700.000,-1,825.000,2,0,2,0,1,0,0,0,1,2,2,2,2,0,0,2,1
58,-5891.745,-5928.489,-63.941,-90.711,-0.012661,0.996462,0.083086,-0.999915,-0.012361,-0.004121,-0.003079,-0.083131,0.996534,0,0.60000,-0.71591,36.000,-1.432,-1,400.000,-1,375.000,400.000,325.000,325.000,325.000,225.000,-1,-1,-1,-1,800.000,700.000,-1,725.000,2,0,2,0,1,0,0,0,1,2,2,2,2,0,0,2,1
59,-5892.912,-5959.668,-63.865,-92.146,-0.037511,0.995757,0.084027,-0.999296,-0.037318,-0.003870,-0.000717,-0.084113,0.996456,0,0.52000,-0.71776,31.200,-1.436,-1,400.000,-1,375.000,375.000,325.000,325.000,325.000,225.000,-1,-1,-1,-1,775.000,700.000,-1,650.000,2,0,2,0,1,0,0,0,1,2,2,2,2,0,1,2,1
60,-5894.563,-5986.017,-63.741,-93.585,-0.062385,0.994439,0.084843,-0.998051,-0.062302,-0.003618,0.001688,-0.084903,0.996388,0,0.44000,-0.71934,26.400,-1.439,-1,400.000,-1,375.000,350.000,325.000,325.000,325.000,225.000,-1,-1,-1,-1,775.000,675.000,-1,600.000,2,0,2,0,1,0,0,0,1,2,2,2,2,0,1,2,1
61,-5896.455,-6007.535,-63.586,-95.026,-0.087261,0.992507,0.085531,-0.996177,-0.087292,-0.003379,0.004113,-0.085499,0.996330,0,0.36000,-0.72067,21.600,-1.441,-1,400.000,-1,375.000,325.000,325.000,325.000,325.000,225.000,-1,-1,-1,-1,775.000,650.000,-1,525.000,2,0,2,0,1,0,0,0,1,2,2,2,2,0,1,2,1
62,-5898.349,-6024.229,-63.418,-96.470,-0.112118,0.989959,0.086091,-0.993673,-0.112264,-0.003161,0.006536,-0.085901,0.996282,0,0.28000,-0.72177,16.800,-1.444,-1,400.000,-1,375.000,300.000,325.000,325.000,325.000,225.000,-1,-1,-1,-1,775.000,625.000,-1,475.000,2,0,2,0,1,0,0,0,1,2,2,2,2,0,1,2,1
63,-5900.002,-6036.116,-63.260,-97.915,-0.136936,0.986794,0.086521,-0.990540,-0.137195,-0.002975,0.008935,-0.086109,0.996246,0,0.20000,-0.72264,12.000,-1.445,-1,400.000,-1,375.000,275.000,325.000,325.000,325.000,225.000,-1,-1,-1,-1,775.000,600.000,-1,450.000,2,0,2,0,1,0,0,0,1,2,2,2,2,0,1,2,1
64,-5901.173,-6043.221,-63.129,-99.362,-0.161693,0.983015,0.086819,-0.986777,-0.162062,-0.002828,0.011290,-0.086129,0.996220,0,0.12000,-0.72329,7.200,-1.447,-1,400.000,-1,375.000,275.000,325.000,325.000,350.000,225.000,-1,-1,-1,-1,775.000,575.000,-1,400.000,2,0,2,0,1,0,0,0,1,2,2,2,2,0,1,2,1
65,-5901.624,-6045.580,-63.047,-100.808,-0.186353,0.978624,0.086986,-0.982389,-0.186828,-0.002730,0.013580,-0.085963,0.996206,0,0.04000,-0.72324,2.400,-1.446,-1,400.000,-1,375.000,250.000,325.000,325.000,350.000,225.000,-1,-1,-1,-1,775.000,550.000,-1,375.000,2,0,2,0,1,0,0,0,1,2,2,2,2,0,1,2,1
66,-5901.116,-6043.236,-63.072,-102.248,-0.210773,0.973638,0.087197,-0.977406,-0.211356,-0.002601,0.015898,-0.085775,0.996188,0,-0.04000,-0.71974,-2.400,-1.439,-1,400.000,-1,375.000,250.000,325.000,325.000,350.000,225.000,-1,-1,-1,-1,775.000,525.000,-1,350.000,2,0,2,0,1,0,0,0,1,2,2,2,2,0,1,2,1
67,-5900.030,-6038.769,-63.148,-103.678,-0.234913,0.968079,0.087398,-0.971846,-0.235602,-0.002497,0.018174,-0.085524,0.996170,0,-0.07664,-0.71527,-4.598,-1.431,-1,400.000,-1,375.000,225.000,325.000,325.000,350.000,225.000,-1,-1,-1,-1,750.000,525.000,-1,325.000,2,0,2,1,1,0,0,0,1,2,2,2,2,0,1,2,1
68,-5898.897,-6034.566,-63.228,-105.099,-0.258746,0.961964,0.087614,-0.965730,-0.259539,-0.002416,0.020415,-0.085236,0.996152,0,-0.07256,-0.71037,-4.354,-1.421,-1,400.000,-1,375.000,225.000,325.000,325.000,350.000,250.000,-1,-1,-1,-1,750.000,500.000,-1,300.000,2,0,2,1,1,0,0,0,1,2,2,2,2,0,1,2,1
69,-5897.728,-6030.620,-63.311,-106.510,-0.282262,0.955307,0.087844,-0.959071,-0.283157,-0.002357,0.022622,-0.084914,0.996131,0,-0.06861,-0.70556,-4.117,-1.411,-1,400.000,-1,350.000,200.000,325.000,325.000,350.000,250.000,-1,-1,-1,-1,750.000,500.000,-1,300.000,2,0,2,1,1,0,0,0,1,2,2,2,2,0,1,2,1
70,-5896.533,-6026.921,-63.396,-107.912,-0.305454,0.948124,0.088086,-0.951884,-0.306450,-0.002320,0.024794,-0.084556,0.996110,0,-0.06480,-0.70083,-3.888,-1.402,-1,400.000,-1,350.000,200.000,325.000,325.000,350.000,250.000,-1,-1,-1,-1,750.000,475.000,-1,275.000,2,0,2,1,1,0,0,0,1,2,2,2,2,0,1,2,1
71,-5896.831,-6027.784,-63.008,-109.073,-0.324403,0.941632,0.089955,-0.945513,-0.325579,-0.001692,0.027694,-0.085603,0.995944,0,0.01520,-0.58083,0.912,-1.162,-1,400.000,-1,350.000,200.000,325.000,325.000,325.000,250.000,-1,750.000,-1,-1,750.000,475.000,-1,275.000,2,0,2,1,1,0,0,0,1,2,0,2,2,0,1,2,1
72,-5898.783,-6033.153,-62.238,-109.995,-0.339207,0.936104,0.092998,-0.940200,-0.340622,-0.000697,0.031025,-0.087673,0.995666,0,0.09520,-0.46083,5.712,-0.922,-1,400.000,-1,350.000,200.000,325.000,325.000,325.000,250.000,-1,600.000,850.000,-1,775.000,450.000,-1,275.000,2,0,2,1,1,0,0,0,1,2,0,0,2,0,1,2,1
73,-5902.494,-6042.989,-61.243,-110.677,-0.349979,0.931778,0.096459,-0.936129,-0.351656,0.000409,0.034301,-0.090155,0.995337,0,0.17520,-0.34083,10.512,-0.682,-1,400.000,-1,325.000,200.000,325.000,325.000,325.000,250.000,-1,450.000,725.000,-1,775.000,450.000,-1,250.000,2,0,2,1,1,0,0,0,1,2,0,0,2,0,1,2,1
74,-5908.008,-6057.274,-60.007,-111.118,-0.356764,0.928788,0.100364,-0.933440,-0.358731,0.001664,0.037549,-0.093090,0.994949,0,0.25520,-0.22083,15.312,-0.442,-1,400.000,-1,325.000,200.000,325.000,325.000,325.000,275.000,-1,350.000,650.000,-1,800.000,450.000,-1,250.000,2,0,2,1,1,0,0,0,1,2,0,0,2,0,1,2,1
75,-5915.318,-6076.012,-58.525,-111.320,-0.359590,0.927218,0.104703,-0.932220,-0.361880,0.003099,0.040764,-0.096491,0.994499,0,0.33520,-0.10083,20.112,-0.202,-1,425.000,-1,325.000,200.000,325.000,325.000,325.000,250.000,-1,275.000,575.000,-1,800.000,450.000,-1,250.000,2,0,2,1,1,0,0,0,1,2,0,0,2,0,1,2,1
76,-5924.357,-6099.226,-56.804,-111.282,-0.358473,0.927105,0.109425,-0.932507,-0.361121,0.004737,0.043908,-0.100341,0.993984,0,0.41520,0.01917,24.912,0.038,-1,425.000,-1,325.000,200.000,350.000,350.000,325.000,250.000,-1,250.000,500.000,-1,825.000,450.000,-1,250.000,2,0,2,1,1,0,0,0,1,2,0,0,2,0,1,2,1
77,-5935.002,-6126.966,-54.864,-111.003,-0.353417,0.928439,0.114442,-0.934289,-0.356456,0.006591,0.046913,-0.104592,0.993408,0,0.49520,0.13917,29.712,0.278,-1,425.000,-1,325.000,200.000,350.000,350.000,325.000,250.000,-1,225.000,450.000,-1,850.000,475.000,-1,275.000,2,0,2,1,1,0,1,0,1,2,0,0,2,0,1,2,1
78,-5947.075,-6159.297,-52.779,-110.485,-0.344388,0.931148,0.119838,-0.937505,-0.347863,0.008734,0.049819,-0.109341,0.992755,0,0.57520,0.25917,34.512,0.518,-1,425.000,-1,350.000,200.000,350.000,350.000,300.000,250.000,-1,225.000,400.000,-1,850.000,475.000,-1,275.000,2,0,2,1,1,0,1,0,1,2,0,0,2,0,1,2,1
79,-5960.339,-6196.303,-50.609,-109.727,-0.331357,0.935119,0.125520,-0.942041,-0.335311,0.011183,0.052546,-0.114539,0.992028,0,0.65520,0.37917,39.312,0.758,-1,450.000,-1,350.000,200.000,375.000,350.000,300.000,225.000,-1,200.000,350.000,-1,875.000,475.000,-1,275.000,2,0,2,1,1,0,1,0,1,2,0,0,2,0,1,2,1
80,-5974.496,-6238.081,-48.364,-108.728,-0.314326,0.940224,0.131062,-0.947733,-0.318765,0.013838,0.054788,-0.119862,0.991278,0,0.73520,0.49917,44.112,0.998,-1,450.000,-1,350.000,200.000,375.000,350.000,300.000,225.000,-1,175.000,350.000,-1,900.000,500.000,-1,275.000,2,0,2,1,1,0,1,0,1,2,0,0,2,0,1,2,1
81,-5987.689,-6279.969,-46.400,-107.490,-0.293381,0.946356,0.135420,-0.954363,-0.298202,0.016340,0.055846,-0.124446,0.990654,0,0.73197,0.61917,43.918,1.238,-1,450.000,-1,350.000,200.000,375.000,375.000,300.000,200.000,-1,175.000,350.000,-1,925.000,500.000,-1,300.000,2,0,2,1,1,0,1,0,1,2,0,0,2,0,1,2,1
82,-5999.620,-6321.568,-44.783,-106.012,-0.268494,0.953283,0.138431,-0.961676,-0.273558,0.018594,0.055594,-0.128133,0.990198,0,0.72129,0.73917,43.278,1.478,-1,450.000,-1,350.000,225.000,375.000,375.000,300.000,175.000,-1,175.000,350.000,-1,925.000,525.000,-1,300.000,2,0,2,1,1,0,1,0,1,2,0,0,2,0,1,2,1
83,-6010.223,-6362.782,-43.469,-104.434,-0.241929,0.960083,0.140398,-0.968767,-0.247120,0.020533,0.054409,-0.131046,0.989882,0,0.70931,0.78863,42.559,1.577,-1,450.000,-1,375.000,225.000,375.000,375.000,300.000,175.000,-1,175.000,350.000,-1,925.000,550.000,-1,325.000,2,0,2,1,1,0,1,0,1,2,0,0,2,0,1,2,1
84,-6019.521,-6403.530,-42.409,-102.859,-0.215336,0.966218,0.141608,-0.975122,-0.220562,0.022120,0.052606,-0.133322,0.989676,0,0.69664,0.78776,41.798,1.576,-1,475.000,-1,375.000,225.000,375.000,400.000,300.000,175.000,-1,175.000,350.000,-1,925.000,575.000,-1,350.000,2,0,2,1,1,0,1,0,1,2,0,0,2,0,1,2,1
85,-6027.545,-6443.763,-41.598,-101.284,-0.188712,0.971695,0.142115,-0.980748,-0.193881,0.023321,0.050214,-0.134978,0.989575,0,0.68381,0.78741,41.028,1.575,-1,475.000,-1,375.000,225.000,375.000,400.000,300.000,175.000,-1,175.000,375.000,-1,925.000,600.000,-1,375.000,2,0,2,1,1,0,1,0,1,2,0,0,2,0,1,2,1
86,-6034.332,-6483.448,-41.032,-99.709,-0.162054,0.976515,0.141977,-0.985650,-0.167074,0.024105,0.047260,-0.136033,0.989576,0,0.67106,0.78755,40.264,1.575,-1,450.000,-1,400.000,250.000,375.000,400.000,275.000,175.000,-1,200.000,400.000,-1,925.000,600.000,-1,450.000,2,0,2,1,1,0,0,0,1,2,0,0,2,0,1,2,1
87,-6039.916,-6522.565,-40.100,-98.133,-0.135523,0.980405,0.142966,-0.989884,-0.140100,0.022400,0.041991,-0.138484,0.989474,0,0.65862,0.78817,39.517,1.576,-1,450.000,-1,400.000,250.000,375.000,400.000,275.000,175.000,-1,250.000,500.000,-1,900.000,625.000,-1,500.000,2,0,2,1,1,0,0,0,1,2,0,0,2,0,1,2,1
88,-6044.332,-6561.110,-38.351,-96.554,-0.109255,0.983182,0.146345,-0.993450,-0.112959,0.017219,0.033461,-0.143505,0.989084,0,0.64668,0.78924,38.801,1.578,-1,450.000,-1,400.000,275.000,375.000,400.000,275.000,175.000,-1,425.000,875.000,-1,850.000,650.000,-1,600.000,2,0,2,1,1,0,0,0,1,2,0,0,2,0,1,2,1
89,-6048.066,-6604.547,-36.912,-94.927,-0.082199,0.985408,0.149047,-0.996312,-0.084945,0.012138,0.024621,-0.147499,0.988756,0,0.72668,0.81358,43.601,1.627,-1,425.000,-1,400.000,300.000,375.000,375.000,275.000,175.000,-1,675.000,-1,-1,800.000,675.000,-1,725.000,2,0,2,1,1,0,0,0,1,2,0,2,2,0,1,2,1
90,-6050.665,-6649.338,-36.073,-93.330,-0.055654,0.987069,0.150326,-0.998321,-0.057437,0.007539,0.016076,-0.149654,0.988608,0,0.74784,0.79832,44.870,1.597,-1,425.000,-1,425.000,350.000,350.000,375.000,275.000,175.000,-1,-1,-1,-1,775.000,675.000,-1,800.000,2,0,2,1,1,0,0,0,1,2,2,2,2,0,1,2,1
91,-6052.017,-6693.495,-35.645,-91.760,-0.029529,0.988111,0.150878,-0.999534,-0.030366,0.003244,0.007787,-0.150712,0.988547,0,0.73635,0.78500,44.181,1.570,-1,400.000,-1,425.000,375.000,350.000,375.000,275.000,175.000,-1,-1,-1,-1,750.000,700.000,-1,850.000,2,0,2,1,1,0,0,0,1,2,2,2,2,0,1,2,1
92,-6052.161,-6736.930,-35.603,-90.194,-0.003443,0.988567,0.150746,-0.999994,-0.003351,-0.000866,-0.000350,-0.150748,0.988572,0,0.72398,0.78300,43.439,1.566,-1,400.000,-1,425.000,400.000,350.000,350.000,275.000,175.000,-1,-1,-1,350.000,725.000,700.000,-1,900.000,2,0,2,1,1,0,0,0,1,2,2,2,1,0,1,2,1
93,-6051.141,-6779.569,-35.926,-88.631,0.022627,0.988431,0.149975,-0.999709,0.023620,-0.004845,-0.008331,-0.149822,0.988678,0,0.71092,0.78156,42.655,1.563,-1,400.000,-1,425.000,425.000,325.000,350.000,275.000,175.000,-1,-1,-1,325.000,675.000,700.000,-1,950.000,2,0,2,1,1,0,0,0,1,2,2,2,1,0,1,2,1
94,-6049.003,-6821.356,-36.594,-87.070,0.048700,0.987695,0.148615,-0.998683,0.050557,-0.008743,-0.016149,-0.147993,0.988857,0,0.69742,0.78067,41.845,1.561,-1,375.000,-1,425.000,475.000,325.000,350.000,275.000,175.000,-1,-1,-1,325.000,650.000,700.000,-1,975.000,2,0,2,0,1,0,0,0,1,2,2,2,1,0,1,2,1
95,-6045.548,-6867.869,-37.662,-85.748,0.070814,0.986690,0.146382,-0.997234,0.073351,-0.012001,-0.022578,-0.145127,0.989155,0,0.77742,0.66067,46.645,1.321,-1,375.000,-1,425.000,475.000,325.000,325.000,275.000,175.000,-1,-1,-1,325.000,650.000,725.000,-1,1000.000,2,0,2,0,1,0,0,0,1,2,2,2,1,0,1,2,1
96,-6040.772,-6919.090,-39.110,-84.667,0.088981,0.985680,0.143242,-0.995650,0.092010,-0.014648,-0.027618,-0.141315,0.989579,0,0.85742,0.54067,51.445,1.081,975.000,375.000,-1,400.000,500.000,300.000,325.000,275.000,175.000,-1,-1,-1,300.000,625.000,725.000,-1,-1,0,0,2,0,1,0,0,0,1,2,2,2,1,0,1,2,2
97,-6035.226,-6970.418,-40.759,-83.826,0.103192,0.984819,0.139583,-0.994168,0.106538,-0.016693,-0.031311,-0.137047,0.990070,0,0.86047,0.42067,51.628,0.841,950.000,350.000,-1,400.000,500.000,300.000,325.000,275.000,175.000,-1,-1,-1,300.000,600.000,725.000,1000.000,-1,0,0,2,0,1,0,0,0,1,2,2,2,1,0,1,0,2
98,-6029.049,-7020.901,-42.562,-83.017,0.116904,0.983840,0.135615,-0.992537,0.120509,-0.018659,-0.034701,-0.132422,0.990586,0,0.84768,0.40451,50.861,0.809,925.000,350.000,-1,375.000,500.000,300.000,300.000,300.000,175.000,-1,-1,-1,300.000,600.000,700.000,950.000,1000.000,0,0,2,0,1,0,0,0,1,2,2,2,1,0,0,0,1
99,-6022.249,-7070.591,-43.632,-82.204,0.130952,0.982267,0.134178,-0.990758,0.134490,-0.017616,-0.035349,-0.130631,0.990801,0,0.83591,0.40653,50.155,0.813,925.000,350.000,975.000,375.000,525.000,300.000,300.000,300.000,175.000,-1,-1,-1,300.000,600.000,700.000,950.000,-1,0,0,1,0,1,0,0,0,1,2,2,2,1,0,0,0,2
100,-6014.835,-7119.542,-44.697,-81.386,0.145133,0.980450,0.132870,-0.988778,0.148533,-0.015993,-0.035416,-0.129058,0.991004,0,0.82519,0.40906,49.512,0.818,950.000,350.000,925.000,375.000,575.000,300.000,300.000,300.000,175.000,-1,-1,-1,275.000,600.000,700.000,975.000,-1,0,0,1,0,1,0,0,0,1,2,2,2,1,0,0,1,2
101,-6006.814,-7167.816,-45.894,-80.561,0.159429,0.978450,0.131221,-0.986580,0.162659,-0.014209,-0.035247,-0.127195,0.991251,0,0.81563,0.41207,48.938,0.824,950.000,350.000,875.000,375.000,650.000,300.000,300.000,300.000,200.000,-1,-1,-1,275.000,600.000,700.000,925.000,-1,0,0,1,0,1,0,0,0,1,2,2,2,1,0,0,1,2
102,-5998.183,-7215.475,-47.227,-79.730,0.173926,0.976258,0.129112,-0.984163,0.176882,-0.011697,-0.034257,-0.125033,0.991561,0,0.80725,0.41550,48.435,0.831,1000.000,350.000,825.000,375.000,700.000,300.000,300.000,300.000,200.000,-1,-1,-1,275.000,600.000,700.000,900.000,-1,0,0,1,0,1,0,0,0,1,2,2,2,1,0,1,1,2
103,-5987.931,-7267.712,-48.786,-78.892,0.188606,0.973891,0.126346,-0.981509,0.191215,-0.008742,-0.032673,-0.122361,0.991948,0,0.88725,0.41930,53.235,0.839,1000.000,350.000,775.000,375.000,775.000,300.000,300.000,300.000,200.000,-1,-1,-1,275.000,600.000,675.000,850.000,-1,1,0,1,0,1,0,0,0,1,2,2,2,1,0,1,1,2
104,-5976.753,-7320.583,-50.296,-78.055,0.203288,0.971443,0.122366,-0.978640,0.205505,-0.005641,-0.030626,-0.118605,0.992469,0,0.90069,0.41817,54.041,0.836,950.000,350.000,725.000,375.000,825.000,300.000,300.000,300.000,200.000,-1,-1,-1,275.000,625.000,625.000,800.000,-1,1,0,1,0,1,0,0,0,1,2,2,2,1,0,1,1,2
105,-5964.964,-7372.590,-51.867,-77.220,0.217927,0.968802,0.118027,-0.975553,0.219749,-0.002489,-0.028348,-0.114600,0.993007,0,0.88882,0.41765,53.329,0.835,900.000,350.000,675.000,375.000,875.000,300.000,300.000,300.000,200.000,-1,-1,-1,300.000,625.000,600.000,775.000,-1,1,0,1,0,1,0,0,0,1,2,2,2,1,0,1,1,2
106,-5952.584,-7423.730,-53.518,-76.385,0.232520,0.965949,0.113480,-0.972246,0.233962,0.000626,-0.025945,-0.110476,0.993540,0,0.87697,0.41775,52.618,0.836,875.000,375.000,625.000,375.000,950.000,300.000,300.000,300.000,225.000,-1,-1,900.000,300.000,600.000,550.000,725.000,800.000,1,0,1,0,1,0,0,0,1,2,2,1,1,1,1,1,1
107,-5939.632,-7474.012,-55.241,-75.548,0.247079,0.962874,0.108744,-0.968712,0.248161,0.003689,-0.023434,-0.106253,0.994063,0,0.86541,0.41845,51.924,0.837,825.000,375.000,600.000,375.000,-1,300.000,300.000,300.000,225.000,-1,-1,825.000,300.000,575.000,500.000,675.000,675.000,1,0,1,0,2,0,0,0,1,2,2,1,1,1,1,1,1
108,-5926.120,-7523.458,-57.031,-74.708,0.261617,0.959570,0.103834,-0.964947,0.262360,0.006686,-0.020826,-0.101944,0.994572,0,0.85434,0.41972,51.260,0.839,775.000,375.000,550.000,375.000,-1,300.000,325.000,325.000,225.000,-1,-1,775.000,300.000,525.000,475.000,650.000,600.000,1,0,1,1,2,0,0,0,1,2,2,1,1,1,1,1,1
109,-5912.054,-7572.101,-58.923,-73.865,0.276129,0.956013,0.098959,-0.960947,0.276568,0.009524,-0.018264,-0.097724,0.995046,0,0.84395,0.42153,50.637,0.843,725.000,375.000,500.000,350.000,-1,300.000,325.000,325.000,225.000,-1,-1,725.000,300.000,475.000,425.000,600.000,525.000,1,0,1,1,2,0,0,0,1,2,2,1,1,1,1,1,1
110,-5897.435,-7619.981,-60.352,-73.018,0.290458,0.952030,0.096296,-0.956733,0.290747,0.011334,-0.017208,-0.095422,0.995288,0,0.83438,0.42385,50.063,0.848,700.000,375.000,450.000,325.000,-1,300.000,300.000,325.000,225.000,-1,900.000,700.000,300.000,450.000,375.000,550.000,450.000,1,0,1,1,2,0,1,0,1,2,0,1,1,1,1,1,1
111,-5882.261,-7667.143,-61.368,-72.164,0.304663,0.947657,0.095537,-0.952301,0.304911,0.012351,-0.017426,-0.094743,0.995349,0,0.82573,0.42662,49.544,0.853,650.000,350.000,400.000,300.000,-1,300.000,275.000,325.000,250.000,-1,825.000,700.000,325.000,400.000,350.000,525.000,375.000,1,1,1,1,2,1,1,0,1,2,0,1,1,1,1,1,1
112,-5866.529,-7713.636,-62.418,-71.305,0.318910,0.943037,0.094751,-0.947621,0.319116,0.013382,-0.017616,-0.094055,0.995411,0,0.81805,0.42982,49.083,0.860,600.000,325.000,350.000,250.000,425.000,275.000,250.000,325.000,250.000,-1,750.000,700.000,350.000,350.000,300.000,475.000,325.000,1,1,1,1,1,1,1,0,1,2,0,1,1,1,1,1,1
113,-5850.230,-7759.508,-63.503,-70.438,0.333206,0.938163,0.093935,-0.942686,0.333368,0.014428,-0.017779,-0.093359,0.995474,0,0.81138,0.43342,48.683,0.867,550.000,275.000,300.000,225.000,325.000,225.000,200.000,325.000,275.000,-1,700.000,650.000,350.000,325.000,250.000,425.000,250.000,1,1,1,1,1,1,1,0,1,2,0,0,1,1,1,1,1
114,-5833.350,-7804.807,-64.488,-69.563,0.347514,0.932984,0.093679,-0.937496,0.347659,0.015293,-0.018300,-0.093138,0.995485,0,0.80570,0.43738,48.342,0.875,475.000,250.000,250.000,200.000,225.000,200.000,175.000,325.000,275.000,-1,675.000,625.000,375.000,275.000,225.000,375.000,200.000,1,1,1,1,1,1,1,0,1,2,0,0,1,1,1,1,1
115,-5813.807,-7854.223,-59.671,-68.448,0.367178,0.923938,0.107326,-0.930150,0.364913,0.040750,-0.001514,-0.114792,0.993388,0,0.88570,0.55738,53.142,1.115,450.000,225.000,225.000,175.000,225.000,175.000,150.000,300.000,325.000,-1,300.000,375.000,425.000,250.000,200.000,350.000,175.000,1,1,1,1,1,1,1,0,1,2,0,0,1,1,1,1,1
116,-5791.362,-7907.640,-52.753,-67.249,0.389570,0.912481,0.124956,-0.920740,0.382656,0.076244,0.021756,-0.144754,0.989228,0,0.96570,0.59969,57.942,1.199,400.000,200.000,200.000,150.000,200.000,150.000,125.000,275.000,375.000,925.000,150.000,250.000,475.000,225.000,175.000,300.000,175.000,1,1,1,1,1,1,1,0,1,0,0,0,1,1,1,1,1
117,-5766.962,-7962.455,-44.250,-66.062,0.413509,0.898961,0.144496,-0.909166,0.399085,0.118942,0.049258,-0.180554,0.982331,0,1.00000,0.59364,60.000,1.187,350.000,175.000,175.000,125.000,175.000,150.000,125.000,275.000,450.000,500.000,75.000,200.000,550.000,200.000,150.000,275.000,150.000,1,1,1,1,1,1,1,0,1,0,0,0,1,1,1,1,1
118,4263.417,3607.999,-232.911,22.632,0.927315,-0.374281,-0.000325,0.362252,0.897731,-0.250703,0.094125,0.232363,0.968064,1,0.00000,0.00000,60.000,1.173,-1,550.000,-1,250.000,600.000,325.000,225.000,925.000,750.000,-1,0.000,0.000,800.000,-1,475.000,-1,475.000,2,0,2,0,1,0,0,0,1,2,1,1,1,2,0,2,1
119,4259.975,8858.267,-5.966,-41.339,0.746324,0.659813,-0.087447,-0.661222,0.750022,0.015885,0.076069,0.045967,0.996042,1,-0.08000,0.12000,-4.800,0.240,-1,400.000,-1,400.000,-1,325.000,325.000,325.000,325.000,-1,850.000,800.000,-1,-1,925.000,-1,-1,2,0,2,0,2,0,0,0,0,2,0,0,2,2,0,2,2
120,4252.714,8864.547,-6.669,-40.859,0.751811,0.653525,-0.087665,-0.654903,0.755544,0.016003,0.076693,0.045381,0.996021,0,-0.16000,0.24000,-9.600,0.480,-1,400.000,-1,400.000,-1,325.000,325.000,325.000,325.000,-1,825.000,775.000,-1,-1,900.000,-1,-1,2,0,2,0,2,0,0,0,0,2,0,0,2,2,0,2,2
121,4241.705,8873.829,-7.802,-40.139,0.759980,0.644013,-0.087619,-0.645324,0.763737,0.016238,0.077376,0.044202,0.996022,0,-0.24000,0.36000,-14.400,0.720,-1,400.000,-1,400.000,-1,325.000,325.000,325.000,325.000,-1,800.000,750.000,-1,-1,900.000,-1,-1,2,0,2,0,2,0,0,0,0,2,0,0,2,2,0,2,2
122,4226.821,8885.958,-9.320,-39.179,0.770685,0.631169,-0.087573,-0.632392,0.774472,0.016535,0.078259,0.042638,0.996021,0,-0.32000,0.48000,-19.200,0.960,-1,400.000,-1,400.000,-1,325.000,325.000,325.000,325.000,-1,775.000,725.000,-1,1000.000,900.000,-1,-1,2,0,2,0,2,0,0,0,0,2,0,0,2,0,0,2,2
123,4210.735,8898.515,-10.948,-37.979,0.783764,0.614861,-0.087523,-0.615979,0.787583,0.016817,0.079272,0.040732,0.996021,0,-0.34010,0.60000,-20.406,1.200,-1,400.000,-1,400.000,-1,325.000,325.000,325.000,325.000,-1,725.000,675.000,-1,1000.000,900.000,-1,-1,2,0,2,0,2,0,0,0,0,2,0,0,2,0,0,2,2
124,4194.582,8910.483,-12.568,-36.539,0.799006,0.594927,-0.087471,-0.595927,0.802857,0.017057,0.080375,0.038498,0.996021,0,-0.33506,0.72000,-20.104,1.440,-1,400.000,-1,400.000,-1,325.000,325.000,325.000,325.000,-1,700.000,650.000,-1,975.000,875.000,-1,-1,2,0,2,0,2,0,0,0,0,2,0,0,2,0,0,2,2
125,4178.349,8921.788,-14.181,-34.859,0.816150,0.571188,-0.087423,-0.572057,0.820032,0.017256,0.081546,0.035928,0.996022,0,-0.32969,0.84000,-19.782,1.680,-1,400.000,-1,400.000,-1,325.000,325.000,325.000,325.000,-1,675.000,625.000,-1,975.000,875.000,-1,-1,2,0,2,0,2,0,0,0,0,2,0,0,2,0,0,2,2
126,4162.055,8932.404,-15.781,-33.089,0.833455,0.545633,-0.087395,-0.546366,0.837365,0.017422,0.082687,0.033229,0.996021,0,-0.32411,0.88518,-19.446,1.770,-1,400.000,-1,400.000,-1,325.000,325.000,325.000,325.000,-1,625.000,600.000,-1,950.000,850.000,-1,-1,2,0,2,0,2,0,0,0,0,2,0,0,2,0,0,2,2
127,4145.717,8942.354,-17.367,-31.345,0.849714,0.519950,-0.087395,-0.520552,0.853649,0.017562,0.083736,0.030571,0.996019,0,-0.31883,0.87166,-19.130,1.743,-1,400.000,-1,400.000,-1,325.000,325.000,325.000,325.000,-1,600.000,575.000,-1,950.000,850.000,-1,-1,2,0,2,0,2,0,0,0,0,2,0,0,2,0,0,2,2
128,4129.327,8951.674,-18.941,-29.628,0.864955,0.494176,-0.087422,-0.494650,0.868912,0.017679,0.084699,0.027952,0.996014,0,-0.31423,0.85854,-18.854,1.717,-1,400.000,-1,400.000,-1,325.000,325.000,325.000,325.000,-1,575.000,550.000,-1,925.000,825.000,-1,-1,2,0,2,0,2,0,0,0,0,2,0,0,2,0,0,2,2
129,4112.879,8960.395,-20.504,-27.936,0.879207,0.468342,-0.087474,-0.468692,0.883183,0.017773,0.085579,0.025373,0.996008,0,-0.31028,0.84583,-18.617,1.692,900.000,400.000,-1,400.000,-1,325.000,325.000,325.000,325.000,-1,550.000,525.000,-1,900.000,825.000,-1,-1,1,0,2,0,2,0,0,0,0,2,0,0,2,0,0,2,2
130,4096.364,8968.545,-22.058,-26.269,0.892496,0.442477,-0.087550,-0.442707,0.896489,0.017844,0.086383,0.022833,0.996000,0,-0.30696,0.83353,-18.417,1.667,850.000,400.000,-1,400.000,-1,325.000,325.000,325.000,325.000,-1,525.000,500.000,-1,900.000,825.000,-1,-1,1,0,2,0,2,0,0,0,0,2,0,0,2,0,0,2,2
131,4079.769,8976.151,-23.606,-24.626,0.904851,0.416609,-0.087647,-0.416721,0.908858,0.017895,0.087114,0.020333,0.995991,0,-0.30424,0.82165,-18.254,1.643,825.000,400.000,-1,400.000,-1,325.000,325.000,325.000,325.000,-1,500.000,475.000,-1,875.000,800.000,-1,-1,1,0,2,0,2,0,0,0,0,2,0,0,2,0,0,2,2
132,4063.084,8983.235,-25.149,-23.006,0.916298,0.390761,-0.087766,-0.390759,0.920319,0.017925,0.087777,0.017871,0.995980,0,-0.30211,0.81018,-18.127,1.620,825.000,400.000,-1,400.000,-1,325.000,325.000,325.000,325.000,-1,475.000,475.000,-1,825.000,800.000,-1,-1,1,0,2,0,2,0,0,0,0,2,0,0,2,1,0,2,2
133,4046.295,8989.816,-26.710,-21.408,0.926869,0.364955,-0.087877,-0.364849,0.930896,0.017842,0.088316,0.015524,0.995972,0,-0.30054,0.79912,-18.033,1.598,800.000,400.000,-1,400.000,-1,325.000,325.000,325.000,325.000,-1,450.000,450.000,-1,800.000,800.000,-1,-1,1,0,2,0,2,0,0,0,0,2,0,0,2,1,0,2,2
