timestep,x_cm,y_cm,z_cm,yaw_deg,basis_xx,basis_xy,basis_xz,basis_yx,basis_yy,basis_yz,basis_zx,basis_zy,basis_zz,teleport_flag,throttle_cmd,steering_cmd,cmd_move_cm,cmd_turn_deg,lidar_cm_0,lidar_cm_1,lidar_cm_2,lidar_cm_3,lidar_cm_4,lidar_cm_5,lidar_cm_6,lidar_cm_7,lidar_cm_8,lidar_cm_9,lidar_cm_10,lidar_cm_11,lidar_cm_12,lidar_cm_13,lidar_cm_14,lidar_cm_15,lidar_cm_16,lidar_class_0,lidar_class_1,lidar_class_2,lidar_class_3,lidar_class_4,lidar_class_5,lidar_class_6,lidar_class_7,lidar_class_8,lidar_class_9,lidar_class_10,lidar_class_11,lidar_class_12,lidar_class_13,lidar_class_14,lidar_class_15,lidar_class_16
0,-8852.212,1643.679,128.013,53.120,0.600795,-0.799403,0.000914,0.797960,0.599778,0.059380,-0.048017,-0.034946,0.998235,1,0.08000,-0.05413,4.800,-0.108,-1,425.000,-1,425.000,-1,350.000,350.000,300.000,300.000,450.000,625.000,525.000,450.000,-1,975.000,-1,-1,2,0,2,0,2,0,0,0,0,1,1,1,1,2,0,2,2
1,-8846.468,1651.372,127.566,53.251,0.598942,-0.800791,0.001621,0.799300,0.597947,0.059828,-0.048879,-0.034538,0.998207,0,0.16000,0.06587,9.600,0.132,-1,425.000,-1,425.000,-1,350.000,350.000,325.000,300.000,475.000,625.000,525.000,450.000,-1,950.000,-1,-1,2,0,2,0,2,0,0,0,0,1,1,1,1,2,0,2,2
2,-8837.894,1662.941,126.889,53.457,0.596037,-0.802953,0.002673,0.801388,0.595077,0.060504,-0.050173,-0.033921,0.998164,0,0.24000,0.10299,14.400,0.206,-1,425.000,-1,425.000,-1,350.000,350.000,325.000,300.000,475.000,650.000,550.000,475.000,-1,950.000,-1,-1,2,0,2,0,2,0,0,0,0,1,1,1,1,2,0,2,2
3,-8826.516,1678.407,125.966,53.662,0.593140,-0.805089,0.004047,0.803424,0.592222,0.061506,-0.051915,-0.033230,0.998098,0,0.32000,0.10222,19.200,0.204,-1,425.000,-1,425.000,-1,350.000,350.000,325.000,300.000,475.000,675.000,550.000,475.000,-1,950.000,-1,-1,2,0,2,0,2,0,0,0,0,1,1,1,1,2,0,2,2
4,-8812.363,1697.790,124.762,53.864,0.590260,-0.807193,0.005696,0.805392,0.589388,0.062976,-0.054191,-0.032584,0.997999,0,0.40000,0.10117,24.000,0.202,-1,425.000,-1,425.000,-1,350.000,325.000,325.000,300.000,500.000,700.000,575.000,500.000,-1,950.000,-1,-1,2,0,2,0,2,0,0,0,0,1,1,1,1,2,0,2,2
5,-8795.461,1721.109,123.304,54.064,0.587398,-0.809262,0.007659,0.807297,0.586585,0.064728,-0.056875,-0.031838,0.997874,0,0.48000,0.09985,28.800,0.200,-1,425.000,-1,425.000,-1,325.000,325.000,325.000,300.000,525.000,725.000,625.000,525.000,-1,925.000,-1,-1,2,0,2,0,2,0,0,0,0,1,1,1,1,2,0,2,2
6,-8775.835,1748.381,121.500,54.260,0.584578,-0.811282,0.009491,0.809140,0.583815,0.066730,-0.059678,-0.031329,0.997726,0,0.56000,0.09825,33.600,0.196,-1,425.000,-1,400.000,-1,325.000,325.000,325.000,300.000,525.000,750.000,650.000,575.000,1000.000,925.000,-1,-1,2,0,2,0,2,0,0,0,0,1,1,1,1,0,0,2,2
7,-8753.510,1779.626,119.123,54.453,0.581862,-0.813225,0.010060,0.810930,0.581072,0.068903,-0.061879,-0.031934,0.997573,0,0.64000,0.09634,38.400,0.193,-1,425.000,-1,400.000,-1,325.000,325.000,325.000,300.000,550.000,800.000,700.000,625.000,1000.000,900.000,-1,-1,2,0,2,0,2,0,0,0,0,1,1,1,1,0,0,2,2
8,-8731.229,1811.028,116.714,54.641,0.579203,-0.815114,0.010604,0.812665,0.578386,0.071030,-0.064031,-0.032524,0.997418,0,0.64172,0.09412,38.503,0.188,-1,425.000,-1,400.000,-1,325.000,325.000,325.000,300.000,575.000,825.000,725.000,650.000,1000.000,900.000,-1,-1,2,0,2,0,2,0,0,0,0,1,1,1,1,0,0,2,2
9,-8709.030,1842.527,114.276,54.825,0.576602,-0.816949,0.011124,0.814344,0.575759,0.073109,-0.066132,-0.033096,0.997262,0,0.64225,0.09185,38.535,0.184,-1,425.000,-1,400.000,-1,325.000,325.000,325.000,300.000,600.000,875.000,775.000,700.000,1000.000,900.000,-1,-1,2,0,2,0,2,0,0,0,0,1,1,1,1,0,0,2,2
10,-8686.908,1874.126,111.809,55.004,0.574062,-0.818729,0.011622,0.815968,0.573193,0.075139,-0.068180,-0.033651,0.997105,0,0.64289,0.08953,38.573,0.179,-1,425.000,-1,400.000,-1,350.000,325.000,300.000,300.000,625.000,900.000,800.000,750.000,1000.000,900.000,-1,-1,2,0,2,0,2,0,0,0,0,1,1,1,1,0,0,2,2
11,-8664.858,1905.829,109.040,55.178,0.571638,-0.820423,0.011688,0.817423,0.570666,0.078484,-0.071060,-0.035310,0.996847,0,0.64362,0.08718,38.617,0.174,-1,425.000,-1,400.000,-1,325.000,325.000,300.000,300.000,675.000,950.000,850.000,800.000,975.000,900.000,-1,-1,2,0,2,0,2,0,0,0,0,1,1,1,1,0,0,2,2
12,-8642.873,1937.638,106.244,55.348,0.569281,-0.822059,0.011728,0.818817,0.568202,0.081768,-0.073882,-0.036946,0.996582,0,0.64444,0.08478,38.667,0.170,-1,425.000,-1,400.000,-1,325.000,325.000,300.000,300.000,700.000,1000.000,900.000,875.000,950.000,900.000,-1,-1,2,0,2,0,2,0,0,0,0,1,1,1,1,0,0,2,2
13,-8620.949,1969.555,103.425,55.513,0.566992,-0.823639,0.011750,0.820151,0.565803,0.084965,-0.076629,-0.038538,0.996315,0,0.64535,0.08234,38.721,0.165,-1,425.000,-1,400.000,-1,325.000,325.000,300.000,300.000,725.000,-1,925.000,925.000,950.000,875.000,-1,-1,2,0,2,0,2,0,0,0,0,1,2,1,1,0,0,2,2
14,-8601.940,1997.651,100.940,55.917,0.561220,-0.827583,0.011749,0.823874,0.559950,0.087681,-0.079142,-0.039529,0.996079,0,0.56535,0.20234,33.921,0.405,-1,425.000,-1,400.000,-1,325.000,325.000,300.000,300.000,750.000,-1,950.000,-1,925.000,875.000,-1,-1,2,0,2,0,2,0,0,0,0,1,2,1,2,0,0,2,2
15,-8585.894,2021.953,98.789,56.562,0.551916,-0.833817,0.011698,0.829913,0.550594,0.089947,-0.081441,-0.039935,0.995878,0,0.48535,0.32234,29.121,0.645,-1,425.000,-1,400.000,-1,325.000,325.000,300.000,325.000,775.000,-1,975.000,-1,925.000,875.000,-1,-1,2,0,2,0,2,0,0,0,0,1,2,1,2,0,0,2,2
16,-8572.807,2042.453,96.930,57.447,0.538988,-0.842231,0.011778,0.838153,0.537662,0.091756,-0.083612,-0.039583,0.995712,0,0.40535,0.44234,24.321,0.885,-1,425.000,-1,400.000,-1,325.000,325.000,300.000,325.000,800.000,-1,1000.000,-1,925.000,875.000,-1,-1,2,0,2,0,2,0,0,0,0,1,2,1,2,0,0,2,2
17,-8562.579,2059.080,95.240,58.404,0.524793,-0.851144,0.012093,0.846978,0.523537,0.092394,-0.084971,-0.038246,0.995649,0,0.32535,0.47884,19.521,0.958,-1,425.000,-1,400.000,-1,325.000,325.000,300.000,325.000,800.000,-1,1000.000,-1,925.000,875.000,-1,-1,2,0,2,0,2,0,0,0,0,1,2,1,2,0,0,2,2
18,-8555.076,2071.746,93.964,59.360,0.510489,-0.859797,0.012271,0.855564,0.509301,0.092856,-0.086087,-0.036904,0.995604,0,0.24535,0.47759,14.721,0.955,-1,425.000,-1,400.000,-1,325.000,325.000,300.000,325.000,825.000,-1,1000.000,-1,925.000,850.000,-1,-1,2,0,2,0,2,0,0,0,0,1,2,1,2,0,0,2,2
19,-8550.162,2080.365,93.109,60.313,0.496072,-0.868194,0.012333,0.863915,0.494950,0.093138,-0.086966,-0.035549,0.995577,0,0.16535,0.47665,9.921,0.953,-1,425.000,-1,400.000,-1,325.000,325.000,300.000,325.000,825.000,-1,1000.000,-1,925.000,850.000,-1,-1,2,0,2,0,2,0,0,0,0,1,2,1,2,0,0,2,2
20,-8547.699,2084.855,92.681,61.265,0.481536,-0.876340,0.012299,0.872036,0.480479,0.093235,-0.087615,-0.034171,0.995568,0,0.08535,0.47603,5.121,0.952,-1,425.000,-1,400.000,-1,325.000,325.000,300.000,325.000,825.000,-1,1000.000,-1,925.000,850.000,-1,-1,2,0,2,0,2,0,0,0,0,1,2,1,2,0,0,2,2
21,-8547.549,2085.139,92.684,62.216,0.466875,-0.884239,0.012188,0.879930,0.465884,0.093140,-0.088036,-0.032760,0.995578,0,0.00535,0.47572,0.321,0.951,-1,425.000,-1,400.000,-1,325.000,325.000,300.000,325.000,825.000,-1,975.000,-1,925.000,875.000,-1,-1,2,0,2,0,2,0,0,0,0,1,2,1,2,0,0,2,2
22,-8549.570,2081.142,93.126,63.168,0.452083,-0.891895,0.012020,0.887601,0.451158,0.092845,-0.088231,-0.031305,0.995608,0,-0.07465,0.47570,-4.479,0.951,-1,425.000,-1,425.000,-1,325.000,325.000,300.000,325.000,825.000,-1,975.000,-1,925.000,875.000,-1,-1,2,0,2,0,2,0,0,0,0,1,2,1,2,0,0,2,2
23,-8553.619,2072.793,94.009,64.120,0.437155,-0.899308,0.011813,0.895051,0.436299,0.092344,-0.088200,-0.029796,0.995657,0,-0.15465,0.47596,-9.279,0.952,-1,425.000,-1,425.000,-1,325.000,325.000,300.000,325.000,825.000,-1,950.000,-1,925.000,875.000,-1,-1,2,0,2,0,2,0,0,0,0,1,2,1,2,0,0,2,2
24,-8559.552,2060.025,95.335,65.073,0.422083,-0.906483,0.011613,0.902280,0.421300,0.091634,-0.087958,-0.028199,0.995725,0,-0.23465,0.47651,-14.079,0.953,-1,425.000,-1,425.000,-1,325.000,325.000,300.000,325.000,825.000,1000.000,925.000,-1,925.000,875.000,-1,-1,2,0,2,0,2,0,0,0,0,1,1,1,2,0,0,2,2
25,-8567.222,2042.774,97.066,66.027,0.406848,-0.913422,0.011623,0.909284,0.406160,0.090756,-0.087619,-0.026355,0.995805,0,-0.31465,0.47731,-18.879,0.955,-1,425.000,-1,425.000,-1,325.000,325.000,300.000,325.000,825.000,950.000,900.000,-1,950.000,875.000,-1,-1,2,0,2,0,2,0,0,0,0,1,1,1,2,0,0,2,2
26,-8576.038,2022.018,99.057,66.984,0.391436,-0.920129,0.011882,0.916097,0.390874,0.089355,-0.086862,-0.024092,0.995929,0,-0.37584,0.47835,-22.550,0.957,-1,425.000,-1,425.000,-1,325.000,325.000,300.000,325.000,850.000,925.000,850.000,-1,950.000,875.000,-1,-1,2,0,2,0,2,0,0,0,0,1,1,1,2,0,0,2,2
27,-8584.499,2001.134,100.941,67.943,0.375841,-0.926600,0.012481,0.922710,0.375441,0.087465,-0.085731,-0.021357,0.996089,0,-0.37554,0.47955,-22.533,0.959,-1,425.000,-1,425.000,-1,325.000,325.000,300.000,325.000,875.000,875.000,825.000,-1,950.000,875.000,-1,-1,2,0,2,0,2,0,0,0,0,1,1,1,2,0,0,2,2
28,-8592.599,1980.132,102.836,68.905,0.360099,-0.932821,0.013169,0.929073,0.359861,0.085573,-0.084563,-0.018580,0.996245,0,-0.37516,0.48071,-22.509,0.961,-1,425.000,-1,425.000,-1,350.000,325.000,300.000,300.000,900.000,850.000,800.000,-1,975.000,875.000,-1,-1,2,0,2,0,2,0,0,0,0,1,1,1,2,0,0,2,2
29,-8598.764,1963.531,104.332,69.626,0.348216,-0.937313,0.013768,0.933679,0.348101,0.084085,-0.083607,-0.016425,0.996363,0,-0.29516,0.36071,-17.709,0.721,-1,425.000,-1,425.000,-1,350.000,325.000,300.000,300.000,950.000,825.000,775.000,-1,975.000,900.000,-1,-1,2,0,2,0,2,0,0,0,0,1,1,1,2,0,0,2,2
30,-8603.156,1951.391,105.423,70.107,0.340250,-0.940227,0.014231,0.936675,0.340221,0.083002,-0.082882,-0.014912,0.996448,0,-0.21516,0.24071,-12.909,0.481,-1,425.000,-1,425.000,-1,350.000,325.000,300.000,300.000,975.000,800.000,750.000,-1,975.000,900.000,-1,-1,2,0,2,0,2,0,0,0,0,1,1,1,2,0,0,2,2
31,-8605.883,1943.754,106.105,70.349,0.336241,-0.941664,0.014525,0.938164,0.336261,0.082322,-0.082404,-0.014053,0.996500,0,-0.13516,0.12071,-8.109,0.241,-1,425.000,-1,425.000,-1,350.000,325.000,300.000,300.000,-1,800.000,750.000,-1,975.000,900.000,-1,-1,2,0,2,0,2,0,0,0,0,2,1,1,2,0,0,2,2
32,-8606.996,1940.637,106.377,70.350,0.336206,-0.941675,0.014632,0.938196,0.336238,0.082044,-0.082178,-0.013856,0.996521,0,-0.05516,0.00071,-3.309,0.001,-1,425.000,-1,425.000,-1,350.000,325.000,325.000,300.000,-1,800.000,725.000,-1,975.000,900.000,-1,-1,2,0,2,0,2,0,0,0,0,2,1,1,2,0,0,2,2
33,-8606.489,1942.039,106.237,70.112,0.340145,-0.940260,0.014548,0.936773,0.340155,0.082168,-0.082208,-0.014321,0.996512,0,0.02484,-0.11929,1.491,-0.239,-1,425.000,-1,425.000,-1,350.000,325.000,300.000,300.000,1000.000,800.000,750.000,-1,975.000,900.000,-1,-1,2,0,2,0,2,0,0,0,0,1,1,1,2,0,0,2,2
34,-8604.310,1947.941,105.697,69.738,0.346315,-0.938009,0.014298,0.934482,0.346273,0.082696,-0.082521,-0.015278,0.996472,0,0.10484,-0.18679,6.291,-0.374,-1,425.000,-1,425.000,-1,350.000,325.000,300.000,300.000,950.000,800.000,750.000,-1,975.000,900.000,-1,-1,2,0,2,0,2,0,0,0,0,1,1,1,2,0,0,2,2
35,-8600.402,1958.320,104.766,69.364,0.352496,-0.935710,0.013914,0.932111,0.352384,0.083628,-0.083154,-0.016509,0.996400,0,0.18484,-0.18708,11.091,-0.374,-1,425.000,-1,425.000,-1,350.000,325.000,300.000,300.000,925.000,825.000,775.000,-1,975.000,900.000,-1,-1,2,0,2,0,2,0,0,0,0,1,1,1,2,0,0,2,2
36,-8594.705,1973.155,103.446,68.989,0.358696,-0.933358,0.013410,0.929658,0.358495,0.084958,-0.084104,-0.018008,0.996294,0,0.26484,-0.18760,15.891,-0.375,-1,425.000,-1,425.000,-1,350.000,325.000,300.000,300.000,900.000,850.000,775.000,-1,975.000,875.000,-1,-1,2,0,2,0,2,0,0,0,0,1,1,1,2,0,0,2,2
37,-8587.160,1992.421,101.737,68.612,0.364923,-0.930950,0.012799,0.927116,0.364612,0.086679,-0.085360,-0.019765,0.996154,0,0.34484,-0.18837,20.691,-0.377,-1,425.000,-1,425.000,-1,350.000,325.000,300.000,325.000,900.000,875.000,800.000,-1,950.000,875.000,-1,-1,2,0,2,0,2,0,0,0,0,1,1,1,2,0,0,2,2
38,-8577.708,2016.095,99.639,68.233,0.371185,-0.928480,0.012095,0.924483,0.370743,0.088777,-0.086912,-0.021771,0.995978,0,0.42484,-0.18939,25.491,-0.379,-1,425.000,-1,425.000,-1,325.000,325.000,300.000,325.000,875.000,900.000,850.000,-1,950.000,875.000,-1,-1,2,0,2,0,2,0,0,0,0,1,1,1,2,0,0,2,2
39,-8566.289,2044.151,96.988,67.852,0.377446,-0.925958,0.011689,0.921814,0.376901,0.090575,-0.088274,-0.023412,0.995821,0,0.50484,-0.19068,30.291,-0.381,-1,425.000,-1,425.000,-1,325.000,325.000,300.000,325.000,875.000,925.000,875.000,-1,950.000,875.000,-1,-1,2,0,2,0,2,0,0,0,0,1,1,1,2,0,0,2,2
40,-8552.842,2076.564,93.781,67.467,0.383713,-0.923380,0.011587,0.919112,0.383095,0.092038,-0.089425,-0.024666,0.995688,0,0.58484,-0.19226,35.091,-0.385,-1,425.000,-1,425.000,-1,325.000,325.000,300.000,325.000,875.000,975.000,925.000,-1,950.000,875.000,-1,-1,2,0,2,0,2,0,0,0,0,1,1,1,2,0,0,2,2
41,-8537.306,2113.305,89.942,67.079,0.389956,-0.920749,0.012435,0.916295,0.389338,0.093912,-0.091311,-0.025227,0.995503,0,0.66484,-0.19414,39.891,-0.388,-1,425.000,-1,400.000,-1,325.000,325.000,300.000,325.000,875.000,-1,975.000,-1,925.000,875.000,-1,-1,2,0,2,0,2,0,0,0,0,1,2,1,2,0,0,2,2
42,-8520.301,2152.766,85.716,66.686,0.396210,-0.918056,0.013845,0.913376,0.395638,0.095990,-0.093602,-0.025387,0.995286,0,0.71614,-0.19635,42.968,-0.393,-1,425.000,-1,400.000,-1,325.000,325.000,300.000,325.000,900.000,-1,-1,-1,925.000,850.000,-1,-1,2,0,2,0,2,0,0,0,0,1,2,2,2,0,0,2,2
43,-8503.008,2192.139,81.499,66.289,0.402519,-0.915284,0.015271,0.910382,0.401998,0.097993,-0.095831,-0.025542,0.995070,0,0.71671,-0.19881,43.003,-0.398,-1,400.000,-1,400.000,-1,325.000,325.000,300.000,325.000,925.000,-1,-1,-1,925.000,850.000,-1,-1,2,0,2,0,2,0,0,0,0,1,2,2,2,0,0,2,2
44,-8485.421,2231.430,77.293,65.886,0.408885,-0.912433,0.016714,0.907309,0.408420,0.099920,-0.097997,-0.025692,0.994855,0,0.71744,-0.20135,43.046,-0.403,-1,400.000,-1,400.000,-1,325.000,325.000,300.000,325.000,950.000,-1,-1,-1,925.000,850.000,-1,-1,2,0,2,0,2,0,0,0,0,1,2,2,2,0,0,2,2
45,-8467.533,2270.641,73.045,65.478,0.415332,-0.909494,0.017916,0.904164,0.414901,0.101706,-0.099934,-0.026043,0.994653,0,0.71831,-0.20396,43.099,-0.408,-1,400.000,-1,400.000,-1,325.000,325.000,300.000,325.000,975.000,-1,-1,-1,900.000,850.000,-1,-1,2,0,2,0,2,0,0,0,0,1,2,2,2,0,0,2,2
46,-8449.338,2309.778,68.765,65.065,0.421856,-0.906465,0.018928,0.900943,0.421445,0.103368,-0.101677,-0.026554,0.994463,0,0.71932,-0.20664,43.159,-0.413,-1,400.000,-1,400.000,-1,325.000,325.000,300.000,300.000,-1,-1,-1,-1,900.000,850.000,-1,-1,2,0,2,0,2,0,0,0,0,2,2,2,2,0,0,2,2
47,-8430.827,2348.843,64.496,64.646,0.428442,-0.903349,0.019964,0.897638,0.428053,0.104960,-0.103361,-0.027049,0.994276,0,0.72047,-0.20939,43.228,-0.419,-1,400.000,-1,400.000,-1,325.000,325.000,325.000,300.000,-1,-1,-1,-1,900.000,825.000,-1,-1,2,0,2,0,2,0,0,0,0,2,2,2,2,0,0,2,2
48,-8410.125,2392.182,59.761,64.467,0.431208,-0.902007,0.021061,0.896087,0.430869,0.106674,-0.105295,-0.027126,0.994071,0,0.80047,-0.08939,48.028,-0.179,-1,400.000,-1,400.000,-1,325.000,325.000,325.000,300.000,-1,-1,-1,-1,900.000,825.000,-1,-1,2,0,2,0,2,0,0,0,0,2,2,2,2,0,0,2,2
49,-8388.145,2438.324,54.724,64.528,0.430173,-0.902475,0.022152,0.896335,0.429909,0.108457,-0.107403,-0.026799,0.993854,0,0.85183,0.03061,51.110,0.061,-1,400.000,-1,400.000,-1,325.000,325.000,325.000,300.000,-1,-1,-1,-1,900.000,825.000,-1,-1,2,0,2,0,2,0,0,0,0,2,2,2,2,0,0,2,2
50,-8366.358,2484.685,49.543,64.830,0.425398,-0.904727,0.022496,0.898401,0.425160,0.110070,-0.109147,-0.026613,0.993669,0,0.85374,0.15061,51.224,0.301,-1,400.000,-1,400.000,-1,325.000,325.000,325.000,300.000,-1,-1,-1,-1,900.000,825.000,-1,-1,2,0,2,0,2,0,0,0,0,2,2,2,2,0,0,2,2
51,-8344.960,2531.361,44.080,65.371,0.416920,-0.908691,0.021425,0.902248,0.416590,0.111361,-0.110119,-0.027098,0.993549,0,0.85578,0.27061,51.347,0.541,-1,425.000,-1,400.000,-1,325.000,325.000,325.000,300.000,-1,-1,-1,-1,925.000,850.000,-1,-1,2,0,2,0,2,0,0,0,0,2,2,2,2,0,0,2,2
52,-8324.149,2578.442,38.411,66.152,0.404631,-0.914265,0.019840,0.907614,0.404152,0.113573,-0.111855,-0.027948,0.993332,0,0.85792,0.39061,51.475,0.781,-1,425.000,-1,400.000,-1,325.000,325.000,325.000,325.000,-1,-1,-1,-1,925.000,850.000,-1,-1,2,0,2,0,2,0,0,0,0,2,2,2,2,0,0,2,2
53,-8304.015,2625.959,32.640,67.035,0.390662,-0.920359,0.017971,0.913460,0.390002,0.116140,-0.113900,-0.028956,0.993070,0,0.86012,0.44153,51.607,0.883,-1,425.000,-1,400.000,-1,325.000,325.000,325.000,325.000,-1,-1,-1,-1,925.000,875.000,-1,-1,2,0,2,0,2,0,0,0,0,2,2,2,2,0,0,2,2
54,-8284.559,2673.903,26.738,67.911,0.376697,-0.926195,0.016224,0.919087,0.375878,0.118302,-0.115669,-0.029653,0.992845,0,0.86234,0.43800,51.741,0.876,-1,425.000,-1,425.000,-1,325.000,325.000,300.000,325.000,-1,-1,-1,-1,925.000,875.000,-1,-1,2,0,2,0,2,0,0,0,0,2,2,2,2,0,0,2,2
55,-8265.783,2722.261,20.540,68.780,0.362676,-0.931794,0.015011,0.924581,0.361792,0.119402,-0.116689,-0.029425,0.992732,0,0.86458,0.43445,51.875,0.869,-1,425.000,-1,425.000,-1,325.000,325.000,300.000,325.000,-1,-1,-1,-1,925.000,875.000,-1,-1,2,0,2,0,2,0,0,0,0,2,2,2,2,0,0,2,2
56,-8247.689,2771.021,13.864,69.642,0.348496,-0.937180,0.015640,0.929763,0.347755,0.120860,-0.118706,-0.027577,0.992546,0,0.86682,0.43090,52.009,0.862,-1,425.000,-1,425.000,-1,325.000,325.000,300.000,325.000,-1,-1,-1,-1,925.000,875.000,-1,-1,2,0,2,0,2,0,0,0,0,2,2,2,2,0,0,2,2
57,-8231.746,2815.457,7.672,70.264,0.338150,-0.940943,0.016744,0.933292,0.337580,0.122498,-0.120916,-0.025796,0.992328,0,0.78682,0.31090,47.209,0.622,-1,425.000,-1,425.000,-1,325.000,325.000,300.000,325.000,-1,-1,-1,-1,925.000,875.000,-1,-1,2,0,2,0,2,0,0,0,0,2,2,2,2,0,0,2,2
58,-8217.690,2855.470,2.119,70.645,0.331757,-0.943199,0.017661,0.935330,0.331312,0.124059,-0.122864,-0.024639,0.992118,0,0.70682,0.19090,42.409,0.382,-1,425.000,-1,425.000,-1,325.000,325.000,300.000,300.000,-1,-1,-1,-1,900.000,875.000,-1,-1,2,0,2,0,2,0,0,0,0,2,2,2,2,0,0,2,2
59,-8204.769,2892.548,-3.010,70.787,0.329345,-0.944029,0.018454,0.935950,0.328981,0.125572,-0.124615,-0.024085,0.991913,0,0.65440,0.07090,39.264,0.142,-1,425.000,-1,400.000,-1,325.000,325.000,300.000,300.000,-1,-1,-1,-1,900.000,875.000,-1,-1,2,0,2,0,2,0,0,0,0,2,2,2,2,0,0,2,2
60,-8191.784,2929.603,-8.125,70.689,0.330920,-0.943463,0.019206,0.935168,0.330599,0.127141,-0.126302,-0.024113,0.991699,0,0.65440,-0.04910,39.264,-0.098,-1,425.000,-1,400.000,-1,325.000,325.000,300.000,300.000,-1,-1,-1,-1,900.000,875.000,-1,-1,2,0,2,0,2,0,0,0,0,2,2,2,2,0,0,2,2
61,-8178.695,2966.621,-13.232,70.526,0.333566,-0.942516,0.019951,0.933997,0.333277,0.128751,-0.127999,-0.024313,0.991476,0,0.65440,-0.08140,39.264,-0.163,-1,425.000,-1,400.000,-1,325.000,325.000,300.000,300.000,-1,-1,-1,-1,900.000,850.000,-1,-1,2,0,2,0,2,0,0,0,0,2,2,2,2,0,0,2,2
62,-8165.500,3003.603,-18.335,70.363,0.336210,-0.941560,0.020699,0.932809,0.335952,0.130398,-0.129731,-0.024533,0.991246,0,0.65440,-0.08140,39.264,-0.163,-1,425.000,-1,400.000,-1,325.000,325.000,300.000,300.000,-1,-1,-1,-1,875.000,850.000,-1,-1,2,0,2,0,2,0,0,0,0,2,2,2,2,0,0,2,2
63,-8152.200,3040.546,-23.432,70.201,0.338850,-0.940596,0.021450,0.931605,0.338624,0.132083,-0.131500,-0.024774,0.991007,0,0.65440,-0.08140,39.264,-0.163,-1,425.000,-1,400.000,-1,325.000,325.000,300.000,300.000,-1,-1,-1,-1,875.000,850.000,-1,-1,2,0,2,0,2,0,0,0,0,2,2,2,2,0,0,2,2
64,-8138.795,3077.452,-28.525,70.038,0.341489,-0.939624,0.022203,0.930384,0.341293,0.133806,-0.133305,-0.025036,0.990759,0,0.65440,-0.08140,39.264,-0.163,-1,425.000,-1,400.000,-1,325.000,325.000,300.000,300.000,-1,-1,-1,-1,875.000,825.000,-1,-1,2,0,2,0,2,0,0,0,0,2,2,2,2,0,0,2,2
65,-8125.286,3114.319,-33.612,69.875,0.344124,-0.938643,0.022960,0.929147,0.343959,0.135568,-0.135147,-0.025319,0.990502,0,0.65440,-0.08140,39.264,-0.163,-1,425.000,-1,400.000,-1,325.000,325.000,300.000,300.000,-1,-1,-1,-1,875.000,825.000,-1,-1,2,0,2,0,2,0,0,0,0,2,2,2,2,0,0,2,2
66,-8111.672,3151.148,-38.694,69.712,0.346757,-0.937655,0.023721,0.927892,0.346622,0.137368,-0.137026,-0.025623,0.990236,0,0.65440,-0.08140,39.264,-0.163,-1,425.000,-1,400.000,-1,325.000,325.000,300.000,300.000,-1,-1,-1,-1,850.000,825.000,-1,-1,2,0,2,0,2,0,0,0,0,2,2,2,2,0,0,2,2
67,-8097.953,3187.938,-43.952,69.549,0.349496,-0.936640,0.023603,0.926664,0.349275,0.138926,-0.138368,-0.026682,0.990021,0,0.65440,-0.08140,39.264,-0.163,-1,425.000,-1,400.000,-1,325.000,325.000,300.000,300.000,-1,-1,-1,-1,850.000,825.000,-1,-1,2,0,2,0,2,0,0,0,0,2,2,2,2,0,0,2,2
68,-8084.131,3224.689,-49.306,69.387,0.352290,-0.935606,0.023104,0.925400,0.351921,0.140666,-0.139739,-0.028174,0.989787,0,0.65440,-0.08140,39.264,-0.163,-1,400.000,-1,400.000,-1,325.000,325.000,300.000,300.000,-1,-1,-1,-1,850.000,825.000,-1,-1,2,0,2,0,2,0,0,0,0,2,2,2,2,0,0,2,2
69,-8070.204,3261.401,-54.736,69.224,0.355124,-0.934552,0.022367,0.924073,0.354558,0.142748,-0.141336,-0.030024,0.989506,0,0.65440,-0.08140,39.264,-0.163,-1,400.000,-1,400.000,-1,325.000,325.000,300.000,300.000,-1,-1,-1,-1,825.000,800.000,-1,-1,2,0,2,0,2,0,0,0,0,2,2,2,2,0,0,2,2
70,-8056.173,3298.073,-60.176,69.061,0.357968,-0.933484,0.021571,0.922727,0.357191,0.144878,-0.142946,-0.031957,0.989214,0,0.65440,-0.08140,39.264,-0.163,-1,400.000,-1,400.000,-1,325.000,325.000,300.000,300.000,-1,-1,-1,-1,825.000,800.000,-1,-1,2,0,2,0,2,0,0,0,0,2,2,2,2,0,0,2,2
71,-8042.039,3334.705,-65.611,68.898,0.360817,-0.932406,0.020753,0.921370,0.359819,0.146996,-0.144527,-0.033917,0.988919,0,0.65440,-0.08140,39.264,-0.163,-1,400.000,-1,400.000,-1,325.000,325.000,300.000,300.000,-1,-1,-1,-1,800.000,800.000,-1,-1,2,0,2,0,2,0,0,0,0,2,2,2,2,0,0,2,2
72,-8027.799,3371.297,-71.378,68.735,0.363526,-0.931354,0.020686,0.920206,0.362457,0.147802,-0.145154,-0.034694,0.988801,0,0.65440,-0.08140,39.264,-0.163,-1,400.000,-1,400.000,-1,325.000,325.000,300.000,300.000,-1,-1,-1,-1,800.000,800.000,-1,-1,2,0,2,0,2,0,0,0,0,2,2,2,2,0,0,2,2
73,-8013.455,3407.847,-77.241,68.573,0.366186,-0.930306,0.020935,0.919045,0.365096,0.148529,-0.145820,-0.035149,0.988686,0,0.65440,-0.08140,39.264,-0.163,-1,400.000,-1,400.000,-1,325.000,325.000,300.000,300.000,-1,-1,-1,-1,800.000,800.000,-1,-1,2,0,2,0,2,0,0,0,0,2,2,2,2,0,0,2,2
74,-7999.007,3444.357,-83.203,68.410,0.368793,-0.929261,0.021593,0.917854,0.367737,0.149379,-0.146753,-0.035271,0.988544,0,0.65440,-0.08140,39.264,-0.163,-1,400.000,-1,400.000,-1,325.000,325.000,300.000,300.000,-1,-1,-1,-1,775.000,800.000,-1,-1,2,0,2,0,2,0,0,0,0,2,2,2,2,0,0,2,2
75,-7984.456,3480.825,-89.166,68.247,0.371399,-0.928207,0.022221,0.916655,0.370373,0.150222,-0.147667,-0.035423,0.988403,0,0.65440,-0.08140,39.264,-0.163,-1,400.000,-1,400.000,-1,325.000,325.000,300.000,300.000,-1,-1,-1,-1,775.000,775.000,-1,-1,2,0,2,0,2,0,0,0,0,2,2,2,2,0,0,2,2
76,-7969.801,3517.252,-95.131,68.084,0.374007,-0.927145,0.022819,0.915450,0.373007,0.151056,-0.148562,-0.035606,0.988262,0,0.65440,-0.08140,39.264,-0.163,-1,400.000,-1,400.000,-1,325.000,325.000,300.000,300.000,-1,-1,-1,-1,775.000,775.000,-1,-1,2,0,2,0,2,0,0,0,0,2,2,2,2,0,0,2,2
77,-7955.042,3553.637,-101.096,67.921,0.376616,-0.926074,0.023387,0.914237,0.375637,0.151882,-0.149439,-0.035820,0.988122,0,0.65440,-0.08140,39.264,-0.163,-1,400.000,-1,400.000,-1,325.000,325.000,300.000,300.000,-1,-1,-1,-1,750.000,750.000,-1,-1,2,0,2,0,2,0,0,0,0,2,2,2,2,0,0,2,2
78,-7940.181,3589.980,-107.064,67.759,0.379225,-0.924995,0.023923,0.913017,0.378264,0.152700,-0.150296,-0.036066,0.987983,0,0.65440,-0.08140,39.264,-0.163,-1,400.000,-1,400.000,-1,325.000,325.000,300.000,300.000,-1,-1,-1,-1,750.000,750.000,-1,-1,2,0,2,0,2,0,0,0,0,2,2,2,2,0,0,2,2
79,-7925.216,3626.281,-113.032,67.596,0.381836,-0.923907,0.024427,0.911789,0.380887,0.153511,-0.151134,-0.036343,0.987845,0,0.65440,-0.08140,39.264,-0.163,-1,400.000,-1,400.000,-1,325.000,325.000,300.000,300.000,-1,-1,-1,-1,750.000,750.000,-1,-1,2,0,2,0,2,0,0,0,0,2,2,2,2,0,0,2,2
80,-7910.148,3662.539,-119.002,67.433,0.384448,-0.922811,0.024900,0.910555,0.383506,0.154314,-0.151952,-0.036653,0.987708,0,0.65440,-0.08140,39.264,-0.163,-1,400.000,-1,400.000,-1,325.000,325.000,300.000,300.000,-1,-1,-1,-1,725.000,750.000,-1,-1,2,0,2,0,2,0,0,0,0,2,2,2,2,0,0,2,2
81,-7894.977,3698.754,-124.972,67.270,0.387061,-0.921706,0.025341,0.909313,0.386122,0.155111,-0.152751,-0.036995,0.987572,0,0.65440,-0.08140,39.264,-0.163,-1,400.000,-1,400.000,-1,325.000,325.000,300.000,300.000,-1,-1,-1,-1,725.000,725.000,-1,-1,2,0,2,0,2,0,0,0,0,2,2,2,2,0,0,2,2
82,-7879.703,3734.926,-130.915,67.107,0.389694,-0.920588,0.025615,0.908071,0.388732,0.155865,-0.153445,-0.037480,0.987446,0,0.65440,-0.08140,39.264,-0.163,-1,400.000,-1,400.000,-1,325.000,325.000,300.000,300.000,-1,-1,-1,-1,725.000,725.000,-1,-1,2,0,2,0,2,0,0,0,0,2,2,2,2,0,0,2,2
83,-7864.327,3771.054,-136.854,66.945,0.392331,-0.919461,0.025831,0.906823,0.391338,0.156606,-0.154102,-0.038018,0.987323,0,0.65440,-0.08140,39.264,-0.163,-1,375.000,-1,400.000,-1,325.000,325.000,300.000,300.000,-1,-1,-1,-1,725.000,725.000,-1,-1,2,0,2,0,2,0,0,0,0,2,2,2,2,0,0,2,2
84,-7848.848,3807.139,-142.825,66.782,0.394997,-0.918320,0.025812,0.905579,0.393938,0.157289,-0.154610,-0.038754,0.987215,0,0.65440,-0.08140,39.264,-0.163,-1,375.000,-1,375.000,-1,325.000,325.000,300.000,300.000,-1,-1,-1,-1,725.000,725.000,-1,-1,2,0,2,0,2,0,0,0,0,2,2,2,2,0,0,2,2
85,-7831.531,3847.658,-149.625,66.859,0.393845,-0.918830,0.025268,0.906008,0.392692,0.157934,-0.155037,-0.039308,0.987126,0,0.73440,0.03860,44.064,0.077,-1,375.000,-1,375.000,-1,325.000,325.000,300.000,300.000,-1,-1,-1,-1,700.000,700.000,-1,-1,2,0,2,0,2,0,0,0,0,2,2,2,2,0,0,2,2
86,-7812.577,3892.695,-157.007,67.176,0.388728,-0.921013,0.025011,0.908205,0.387609,0.157868,-0.155093,-0.038652,0.987143,0,0.81440,0.15860,48.864,0.317,-1,375.000,-1,375.000,-1,325.000,325.000,300.000,300.000,-1,-1,-1,-1,700.000,700.000,-1,-1,2,0,2,0,2,0,0,0,0,2,2,2,2,0,0,2,2
87,-7792.191,3942.336,-165.060,67.674,0.380621,-0.924397,0.024862,0.911636,0.379604,0.157546,-0.155073,-0.037301,0.987199,0,0.89440,0.24915,53.664,0.498,-1,375.000,-1,375.000,-1,325.000,325.000,300.000,300.000,-1,-1,-1,-1,700.000,700.000,-1,-1,2,0,2,0,2,0,0,0,0,2,2,2,2,0,0,2,2
88,-7772.113,3992.462,-173.171,68.173,0.372492,-0.927708,0.024667,0.914994,0.371568,0.157239,-0.155037,-0.036000,0.987252,0,0.89997,0.24915,53.998,0.498,-1,375.000,-1,375.000,-1,325.000,325.000,300.000,300.000,-1,-1,-1,-1,700.000,700.000,-1,-1,2,0,2,0,2,0,0,0,0,2,2,2,2,0,0,2,2
89,-7752.472,4042.761,-181.506,68.671,0.364242,-0.930971,0.024935,0.918418,0.363512,0.156099,-0.154388,-0.033957,0.987427,0,0.89997,0.24915,53.998,0.498,-1,375.000,-1,375.000,-1,325.000,325.000,300.000,300.000,-1,-1,-1,-1,700.000,700.000,-1,-1,2,0,2,0,2,0,0,0,0,2,2,2,2,0,0,2,2
90,-7733.269,4093.228,-189.682,69.169,0.356073,-0.934140,0.024392,0.921826,0.355418,0.154645,-0.153130,-0.032580,0.987669,0,0.89997,0.24915,53.998,0.498,-1,375.000,-1,375.000,-1,325.000,325.000,300.000,300.000,-1,-1,-1,-1,700.000,725.000,-1,-1,2,0,2,0,2,0,0,0,0,2,2,2,2,0,0,2,2
91,-7714.506,4143.861,-197.851,69.668,0.347892,-0.937234,0.023753,0.925165,0.347294,0.153152,-0.151789,-0.031305,0.987917,0,0.89997,0.24915,53.998,0.498,-1,375.000,-1,375.000,-1,325.000,325.000,300.000,300.000,-1,-1,-1,-1,700.000,725.000,-1,-1,2,0,2,0,2,0,0,0,0,2,2,2,2,0,0,2,2
92,-7696.184,4194.655,-206.041,70.166,0.339681,-0.940256,0.023153,0.928429,0.339143,0.151660,-0.150452,-0.030020,0.988161,0,0.89997,0.24915,53.998,0.498,-1,375.000,-1,375.000,-1,325.000,325.000,300.000,300.000,-1,-1,-1,-1,700.000,725.000,-1,-1,2,0,2,0,2,0,0,0,0,2,2,2,2,0,0,2,2
93,-7678.305,4245.606,-214.251,70.664,0.331441,-0.943205,0.022591,0.931617,0.330966,0.150169,-0.149117,-0.028726,0.988402,0,0.89997,0.24915,53.998,0.498,-1,375.000,-1,375.000,-1,325.000,325.000,300.000,300.000,-1,-1,-1,-1,700.000,725.000,-1,-1,2,0,2,0,2,0,0,0,0,2,2,2,2,0,0,2,2
94,-7660.869,4296.711,-222.462,71.163,0.323181,-0.946081,0.022017,0.934718,0.322761,0.148755,-0.147840,-0.027495,0.988629,0,0.89997,0.24915,53.998,0.498,-1,375.000,-1,400.000,-1,325.000,325.000,300.000,300.000,-1,-1,-1,-1,700.000,725.000,-1,-1,2,0,2,0,2,0,0,0,0,2,2,2,2,0,0,2,2
95,-7643.879,4347.965,-230.666,71.661,0.314905,-0.948882,0.021417,0.937728,0.314531,0.147434,-0.146633,-0.026345,0.988840,0,0.89997,0.24915,53.998,0.498,-1,375.000,-1,400.000,-1,325.000,325.000,300.000,300.000,-1,-1,-1,-1,700.000,750.000,-1,-1,2,0,2,0,2,0,0,0,0,2,2,2,2,0,0,2,2
96,-7627.335,4399.366,-238.881,72.159,0.306605,-0.951609,0.020829,0.940658,0.306276,0.146144,-0.145451,-0.025216,0.989044,0,0.89997,0.24915,53.998,0.498,-1,375.000,-1,400.000,-1,325.000,325.000,300.000,300.000,-1,-1,-1,-1,700.000,750.000,-1,-1,2,0,2,0,2,0,0,0,0,2,2,2,2,0,0,2,2
97,-7611.239,4450.908,-247.104,72.658,0.298283,-0.954263,0.020253,0.943508,0.297996,0.144884,-0.144293,-0.024108,0.989241,0,0.89997,0.24915,53.998,0.498,-1,375.000,-1,400.000,-1,325.000,325.000,300.000,300.000,-1,775.000,1000.000,-1,700.000,750.000,-1,-1,2,0,2,0,2,0,0,0,0,2,0,0,2,0,0,2,2
98,-7595.591,4502.589,-255.277,73.156,0.289903,-0.956848,0.019965,0.946261,0.289695,0.143760,-0.143340,-0.022784,0.989411,0,0.89997,0.24915,53.998,0.498,-1,375.000,-1,400.000,-1,325.000,325.000,300.000,300.000,-1,625.000,600.000,-1,700.000,750.000,-1,-1,2,0,2,0,2,0,0,0,0,2,0,0,2,0,0,2,2
99,-7580.393,4554.404,-263.134,73.654,0.281316,-0.959385,0.021005,0.948955,0.281378,0.142518,-0.142640,-0.020160,0.989569,0,0.89997,0.24915,53.998,0.498,-1,375.000,-1,400.000,-1,325.000,325.000,300.000,300.000,-1,625.000,600.000,-1,700.000,750.000,-1,-1,2,0,2,0,2,0,0,0,0,2,0,0,2,0,0,2,2
100,-7565.646,4606.348,-270.853,74.152,0.272639,-0.961853,0.022494,0.951656,0.273040,0.140710,-0.141485,-0.016957,0.989795,0,0.89997,0.24915,53.998,0.498,-1,375.000,-1,400.000,-1,325.000,325.000,300.000,300.000,-1,625.000,600.000,-1,700.000,775.000,-1,-1,2,0,2,0,2,0,0,0,0,2,0,0,2,0,0,2,2
101,-7551.352,4658.419,-278.499,74.651,0.263989,-0.964234,0.023730,0.954221,0.264676,0.139313,-0.140611,-0.014133,0.989964,0,0.89997,0.24915,53.998,0.498,-1,375.000,-1,400.000,-1,325.000,325.000,300.000,300.000,-1,625.000,600.000,-1,700.000,775.000,-1,-1,2,0,2,0,2,0,0,0,0,2,0,0,2,0,0,2,2
102,-7538.940,4706.026,-285.278,75.389,0.251347,-0.967595,0.024167,0.957720,0.252237,0.138380,-0.139992,-0.011636,0.990084,0,0.81997,0.36915,49.198,0.738,-1,375.000,-1,400.000,-1,325.000,325.000,300.000,300.000,-1,650.000,625.000,-1,675.000,775.000,-1,-1,2,0,2,0,2,0,0,0,0,2,0,0,2,0,0,2,2
103,-7528.475,4749.172,-291.389,76.367,0.234571,-0.971790,0.024505,0.962051,0.235687,0.137513,-0.139409,-0.008681,0.990197,0,0.73997,0.48915,44.398,0.978,-1,375.000,-1,400.000,-1,325.000,325.000,300.000,300.000,-1,675.000,650.000,-1,675.000,775.000,-1,-1,2,0,2,0,2,0,0,0,0,2,0,0,2,0,0,2,2
104,-7519.961,4787.844,-296.850,77.586,0.213596,-0.976605,0.024871,0.966998,0.214977,0.136746,-0.138893,-0.005159,0.990294,0,0.65997,0.60915,39.598,1.218,-1,375.000,-1,400.000,-1,325.000,325.000,300.000,300.000,-1,675.000,650.000,-1,675.000,750.000,-1,-1,2,0,2,0,2,0,0,0,0,2,0,0,2,0,0,2,2
105,-7513.246,4822.528,-301.724,79.044,0.188372,-0.981773,0.025264,0.972300,0.190056,0.136060,-0.138381,-0.001065,0.990378,0,0.58881,0.72915,35.329,1.458,1000.000,375.000,-1,400.000,-1,325.000,325.000,300.000,300.000,-1,700.000,675.000,-1,675.000,750.000,-1,-1,0,0,2,0,2,0,0,0,0,2,0,0,2,0,0,2,2
106,-7507.437,4857.703,-306.644,80.624,0.160908,-0.986634,0.025731,0.977312,0.162917,0.135350,-0.137733,0.003368,0.990464,0,0.59419,0.78986,35.651,1.580,975.000,375.000,-1,400.000,-1,325.000,325.000,300.000,300.000,-1,700.000,675.000,-1,650.000,750.000,-1,-1,0,0,2,0,2,0,0,0,0,2,0,0,2,0,0,2,2
107,-7502.580,4893.175,-311.581,82.204,0.133308,-0.990727,0.026266,0.981570,0.135645,0.134616,-0.136930,0.007837,0.990550,0,0.59672,0.79009,35.803,1.580,975.000,375.000,-1,400.000,-1,325.000,325.000,300.000,300.000,-1,700.000,675.000,-1,650.000,725.000,-1,-1,0,0,2,0,2,0,0,0,0,2,0,0,2,0,0,2,2
108,-7498.686,4928.921,-316.531,83.784,0.105600,-0.994046,0.026870,0.985069,0.108265,0.133857,-0.135969,0.012333,0.990636,0,0.59930,0.79018,35.958,1.580,950.000,375.000,-1,400.000,-1,325.000,325.000,300.000,300.000,-1,700.000,675.000,-1,650.000,725.000,-1,-1,0,0,2,0,2,0,0,0,0,2,0,0,2,0,0,2,2
109,-7495.768,4964.917,-321.487,85.365,0.077813,-0.996587,0.027541,0.987807,0.080805,0.133072,-0.134844,0.016850,0.990724,0,0.60191,0.79015,36.114,1.580,925.000,375.000,-1,400.000,-1,325.000,325.000,300.000,300.000,-1,700.000,675.000,-1,625.000,725.000,1000.000,-1,0,0,2,0,2,0,0,0,0,2,0,0,2,0,0,0,2
110,-7493.834,5001.137,-326.443,86.944,0.049974,-0.998350,0.028279,0.989781,0.053292,0.132262,-0.133550,0.021381,0.990811,0,0.60454,0.78997,36.272,1.580,925.000,375.000,-1,400.000,-1,325.000,325.000,300.000,300.000,-1,725.000,675.000,-1,625.000,700.000,975.000,-1,0,0,2,0,2,0,0,0,0,2,0,0,2,0,0,0,2
111,-7492.896,5037.556,-331.394,88.524,0.022113,-0.999332,0.029086,0.990992,0.025754,0.131424,-0.132085,0.025917,0.990900,0,0.60719,0.78966,36.431,1.579,900.000,375.000,-1,400.000,-1,325.000,325.000,300.000,300.000,-1,725.000,675.000,-1,625.000,700.000,950.000,-1,0,0,2,0,2,0,0,0,0,2,0,0,2,0,0,0,2
112,-7492.962,5074.147,-336.332,90.102,-0.005742,-0.999535,0.029960,0.991439,-0.001782,0.130558,-0.130444,0.030453,0.990988,0,0.60985,0.78919,36.591,1.578,900.000,375.000,-1,375.000,-1,300.000,325.000,300.000,300.000,-1,725.000,650.000,-1,625.000,700.000,950.000,-1,0,0,2,0,2,0,0,0,0,2,0,0,2,0,0,1,2
113,-7494.040,5110.882,-341.253,91.679,-0.033561,-0.998959,0.030904,0.991126,-0.029287,0.129663,-0.128623,0.034981,0.991076,0,0.61252,0.78857,36.751,1.577,875.000,350.000,-1,375.000,-1,300.000,300.000,300.000,300.000,-1,700.000,650.000,-1,600.000,675.000,925.000,975.000,0,0,2,0,2,0,0,0,0,2,0,0,2,0,0,1,1
114,-7496.138,5147.733,-346.149,93.255,-0.061317,-0.997608,0.031917,0.990054,-0.056733,0.128739,-0.126620,0.039494,0.991165,0,0.61518,0.78779,36.911,1.576,875.000,350.000,-1,375.000,-1,300.000,300.000,300.000,300.000,-1,700.000,625.000,-1,600.000,675.000,900.000,925.000,0,0,2,0,2,0,0,0,0,2,0,0,2,0,0,1,1
115,-7499.260,5184.671,-351.014,94.829,-0.088978,-0.995487,0.033002,0.988230,-0.084093,0.127785,-0.124433,0.043983,0.991253,0,0.61783,0.78685,37.070,1.574,850.000,350.000,1000.000,375.000,975.000,300.000,300.000,300.000,300.000,-1,675.000,600.000,-1,600.000,675.000,875.000,875.000,0,0,1,0,1,0,0,0,0,2,0,0,2,0,0,1,1
116,-7503.756,5226.298,-356.427,96.162,-0.112362,-0.993082,0.034109,0.986125,-0.107222,0.126735,-0.122201,0.047876,0.991350,0,0.69783,0.66685,41.870,1.334,850.000,350.000,975.000,375.000,900.000,300.000,300.000,300.000,300.000,-1,675.000,550.000,-1,600.000,650.000,850.000,825.000,0,0,1,0,1,0,0,0,0,2,0,0,2,0,0,1,1
117,-7509.651,5272.593,-361.767,97.256,-0.131177,-0.990801,0.033256,0.984246,-0.126151,0.123882,-0.118547,0.048983,0.991739,0,0.77783,0.54685,46.670,1.094,825.000,350.000,950.000,375.000,850.000,300.000,300.000,300.000,300.000,-1,600.000,500.000,-1,575.000,650.000,850.000,775.000,0,0,1,0,1,0,0,0,0,2,0,0,2,0,0,1,1
118,-7517.026,5323.531,-367.051,98.236,-0.148199,-0.988348,0.034703,0.982320,-0.143055,0.120762,-0.114391,0.051987,0.992075,0,0.85783,0.48996,51.470,0.980,850.000,350.000,925.000,375.000,775.000,300.000,300.000,300.000,325.000,-1,550.000,475.000,-1,600.000,625.000,825.000,725.000,0,0,1,0,1,0,0,0,0,2,0,0,2,0,1,1,1
119,-7526.037,5379.073,-372.594,99.213,-0.165165,-0.985567,0.037138,0.980190,-0.159858,0.116929,-0.109304,0.055715,0.992446,0,0.93783,0.48859,56.270,0.977,875.000,350.000,900.000,375.000,725.000,300.000,300.000,300.000,325.000,-1,500.000,425.000,-1,600.000,600.000,825.000,675.000,0,0,1,0,1,0,0,0,0,2,0,0,2,0,1,1,1
120,-7536.346,5436.423,-378.241,100.187,-0.181995,-0.982494,0.039798,0.977789,-0.176548,0.112958,-0.103954,0.059472,0.992802,0,0.97118,0.48695,58.271,0.974,900.000,350.000,875.000,375.000,650.000,300.000,300.000,300.000,325.000,-1,475.000,400.000,-1,600.000,550.000,825.000,625.000,0,0,1,0,1,0,0,0,0,2,0,0,2,1,1,0,1
121,-7547.669,5493.820,-383.811,101.157,-0.198671,-0.979140,0.042597,0.975106,-0.193112,0.108974,-0.098475,0.063187,0.993131,0,0.97507,0.48504,58.504,0.970,900.000,350.000,850.000,375.000,600.000,300.000,300.000,325.000,325.000,-1,450.000,375.000,-1,575.000,525.000,850.000,575.000,0,0,1,0,1,0,0,0,0,2,0,0,2,1,1,0,1
122,-7560.006,5551.241,-389.296,102.123,-0.215179,-0.975513,0.045531,0.972149,-0.209537,0.104984,-0.092872,0.066854,0.993431,0,0.97889,0.48285,58.733,0.966,925.000,350.000,825.000,375.000,525.000,300.000,300.000,325.000,325.000,-1,425.000,350.000,-1,575.000,475.000,850.000,500.000,0,0,1,0,1,0,0,0,0,2,0,0,2,1,1,0,1
123,-7573.355,5608.665,-394.686,103.084,-0.231502,-0.971620,0.048596,0.968923,-0.225808,0.100990,-0.087151,0.070466,0.993700,0,0.98261,0.48038,58.956,0.961,950.000,350.000,800.000,350.000,475.000,300.000,300.000,325.000,325.000,-1,400.000,325.000,-1,550.000,450.000,850.000,450.000,0,0,1,1,1,0,0,0,0,2,0,0,2,1,1,0,1
124,-7587.712,5666.067,-399.974,104.039,-0.247624,-0.967471,0.051788,0.965438,-0.241912,0.097000,-0.081316,0.074017,0.993936,0,0.98620,0.47759,59.172,0.955,1000.000,375.000,800.000,325.000,425.000,300.000,300.000,325.000,325.000,-1,375.000,300.000,-1,550.000,400.000,875.000,400.000,0,1,1,1,1,0,1,0,0,2,0,0,2,1,1,0,1
125,-7603.071,5723.423,-405.151,104.988,-0.263530,-0.963076,0.055101,0.961702,-0.257832,0.093017,-0.075376,0.077503,0.994139,0,0.98963,0.47444,59.378,0.949,-1,350.000,800.000,300.000,350.000,300.000,275.000,325.000,300.000,-1,325.000,275.000,-1,525.000,375.000,900.000,350.000,2,1,1,1,1,1,1,0,0,2,0,0,2,1,1,0,1
126,-7619.424,5780.705,-410.209,105.929,-0.279200,-0.958447,0.058530,0.957726,-0.273553,0.089047,-0.069336,0.080918,0.994306,0,0.99287,0.47091,59.572,0.942,-1,325.000,800.000,275.000,300.000,275.000,250.000,325.000,300.000,-1,300.000,250.000,-1,525.000,350.000,925.000,300.000,2,1,1,1,1,1,1,0,0,2,0,0,2,1,1,0,1
127,-7636.760,5837.886,-414.832,106.863,-0.294606,-0.953687,0.060735,0.953466,-0.289085,0.085631,-0.064108,0.083136,0.994474,0,0.99587,0.46695,59.752,0.934,-1,325.000,875.000,250.000,225.000,250.000,225.000,325.000,300.000,-1,300.000,250.000,-1,525.000,325.000,950.000,225.000,2,1,1,1,1,1,1,0,0,2,0,0,2,1,1,0,1
128,-7655.054,5894.936,-414.430,107.788,-0.308169,-0.950039,0.049582,0.950178,-0.304810,0.065216,-0.046845,0.067209,0.996639,0,0.99857,0.46250,59.914,0.925,-1,325.000,-1,250.000,225.000,250.000,225.000,300.000,350.000,-1,225.000,225.000,-1,600.000,325.000,-1,225.000,2,1,2,1,1,1,1,0,0,2,0,0,2,1,1,2,1
129,-7674.285,5951.768,-413.019,108.703,-0.321773,-0.946101,0.036805,0.946437,-0.320299,0.040818,-0.026829,0.047968,0.998489,0,1.00000,0.45752,60.000,0.915,-1,350.000,-1,250.000,225.000,275.000,225.000,275.000,400.000,1000.000,175.000,225.000,-1,675.000,350.000,-1,225.000,2,1,2,1,1,1,1,0,0,0,0,0,2,0,1,2,1
130,-7694.414,6008.290,-411.471,109.607,-0.335832,-0.941538,0.026877,0.941877,-0.335401,0.019338,-0.009193,0.031809,0.999452,0,1.00000,0.45194,60.000,0.904,-1,375.000,-1,250.000,200.000,275.000,250.000,275.000,425.000,775.000,150.000,225.000,-1,725.000,350.000,-1,225.000,2,1,2,1,1,1,1,0,1,0,0,0,2,0,1,2,1
131,-7715.423,6064.492,-408.932,110.499,-0.349944,-0.936449,0.024559,0.936711,-0.350098,-0.002128,0.010591,0.022259,0.999696,0,1.00000,0.44569,60.000,0.891,-1,425.000,-1,275.000,200.000,300.000,250.000,275.000,400.000,625.000,100.000,200.000,-1,825.000,400.000,-1,225.000,2,1,2,1,1,1,1,0,1,0,0,0,2,0,1,2,1
132,-7737.291,6120.365,-406.733,111.376,-0.363957,-0.931118,0.023552,0.930966,-0.364451,-0.021881,0.028958,0.013962,0.999483,0,1.00000,0.43868,60.000,0.877,-1,475.000,-1,300.000,200.000,325.000,275.000,275.000,350.000,525.000,75.000,175.000,-1,925.000,425.000,-1,225.000,2,0,2,1,1,1,1,0,1,0,0,0,2,0,1,2,1
133,-7759.997,6175.905,-405.105,112.238,-0.377811,-0.925606,0.022644,0.924783,-0.378441,-0.039472,0.045104,0.006028,0.998964,0,1.00000,0.43082,60.000,0.862,-1,500.000,-1,300.000,200.000,350.000,300.000,275.000,325.000,475.000,50.000,175.000,-1,-1,525.000,-1,250.000,2,0,2,1,1,1,1,0,1,0,0,0,2,2,1,2,1
134,-7783.520,6231.103,-404.064,113.082,-0.391444,-0.919946,0.021695,0.918311,-0.392041,-0.054843,0.058958,-0.001545,0.998259,0,1.00000,0.42200,60.000,0.844,-1,525.000,-1,325.000,200.000,400.000,325.000,275.000,300.000,425.000,50.000,150.000,-1,-1,625.000,-1,275.000,2,0,2,1,1,1,1,0,1,0,0,0,2,2,1,2,1
135,-7807.834,6285.958,-403.623,113.906,-0.404792,-0.914177,0.020564,0.911690,-0.405219,-0.067957,0.070458,-0.008761,0.997476,0,1.00000,0.41213,60.000,0.824,-1,550.000,-1,350.000,200.000,450.000,350.000,275.000,250.000,400.000,50.000,150.000,-1,-1,750.000,-1,-1,2,0,2,1,1,1,1,0,1,0,0,0,2,2,1,2,2
