timestep,x_cm,y_cm,z_cm,yaw_deg,basis_xx,basis_xy,basis_xz,basis_yx,basis_yy,basis_yz,basis_zx,basis_zy,basis_zz,teleport_flag,throttle_cmd,steering_cmd,cmd_move_cm,cmd_turn_deg,lidar_cm_0,lidar_cm_1,lidar_cm_2,lidar_cm_3,lidar_cm_4,lidar_cm_5,lidar_cm_6,lidar_cm_7,lidar_cm_8,lidar_cm_9,lidar_cm_10,lidar_cm_11,lidar_cm_12,lidar_cm_13,lidar_cm_14,lidar_cm_15,lidar_cm_16,lidar_class_0,lidar_class_1,lidar_class_2,lidar_class_3,lidar_class_4,lidar_class_5,lidar_class_6,lidar_class_7,lidar_class_8,lidar_class_9,lidar_class_10,lidar_class_11,lidar_class_12,lidar_class_13,lidar_class_14,lidar_class_15,lidar_class_16
0,9514.467,9514.354,-226.167,43.903,0.720746,-0.692802,-0.023455,0.693145,0.719852,0.036928,-0.008700,-0.042874,0.999043,1,0.08000,0.12000,4.800,0.240,-1,375.000,-1,400.000,-1,325.000,325.000,275.000,300.000,-1,-1,775.000,-1,700.000,850.000,-1,-1,2,0,2,0,2,0,0,0,0,2,2,0,2,0,0,2,2
1,9521.356,9521.041,-226.271,44.146,0.717796,-0.695852,-0.023652,0.696201,0.716909,0.036692,-0.008576,-0.042804,0.999047,0,0.16000,0.12151,9.600,0.243,-1,375.000,-1,400.000,-1,325.000,325.000,275.000,300.000,-1,-1,700.000,-1,700.000,850.000,-1,-1,2,0,2,0,2,0,0,0,0,2,2,0,2,0,0,2,2
2,9531.646,9531.114,-226.448,44.389,0.714830,-0.698888,-0.023953,0.699249,0.713953,0.036350,-0.008303,-0.042733,0.999052,0,0.24000,0.12151,14.400,0.243,-1,375.000,-1,400.000,-1,325.000,325.000,275.000,300.000,-1,-1,650.000,-1,725.000,850.000,-1,-1,2,0,2,0,2,0,0,0,0,2,2,0,2,0,0,2,2
3,9545.309,9544.603,-226.690,44.632,0.711848,-0.701914,-0.024289,0.702289,0.710986,0.035895,-0.007926,-0.042610,0.999060,0,0.32000,0.12151,19.200,0.243,-1,375.000,-1,400.000,-1,325.000,325.000,275.000,300.000,-1,1000.000,625.000,-1,725.000,875.000,-1,-1,2,0,2,0,2,0,0,0,0,2,0,0,2,0,0,2,2
4,9562.317,9561.536,-226.828,44.875,0.708860,-0.704950,-0.023731,0.705304,0.708030,0.035226,-0.008030,-0.041708,0.999098,0,0.40000,0.12151,24.000,0.243,-1,375.000,-1,400.000,-1,325.000,325.000,275.000,300.000,-1,1000.000,625.000,-1,725.000,875.000,-1,-1,2,0,2,0,2,0,0,0,0,2,0,0,2,0,0,2,2
5,9582.640,9581.942,-227.050,45.118,0.705855,-0.707983,-0.022997,0.708310,0.705069,0.034274,-0.008051,-0.040482,0.999148,0,0.48000,0.12151,28.800,0.243,-1,375.000,-1,400.000,-1,325.000,325.000,275.000,300.000,-1,1000.000,650.000,-1,725.000,875.000,-1,-1,2,0,2,0,2,0,0,0,0,2,0,0,2,0,0,2,2
6,9606.249,9605.850,-227.341,45.361,0.702837,-0.711008,-0.022090,0.711305,0.702100,0.033181,-0.008082,-0.039033,0.999205,0,0.56000,0.12151,33.600,0.243,-1,375.000,-1,400.000,-1,325.000,325.000,275.000,300.000,-1,1000.000,650.000,-1,725.000,875.000,-1,-1,2,0,2,0,2,0,0,0,0,2,0,0,2,0,0,2,2
7,9633.115,9633.287,-227.705,45.604,0.699806,-0.714024,-0.021000,0.714287,0.699122,0.031988,-0.008159,-0.037385,0.999268,0,0.64000,0.12151,38.400,0.243,-1,375.000,-1,425.000,-1,325.000,325.000,275.000,300.000,-1,1000.000,675.000,-1,725.000,875.000,-1,-1,2,0,2,0,2,0,0,0,0,2,0,0,2,0,0,2,2
8,9663.207,9664.281,-228.155,45.847,0.696762,-0.717032,-0.019713,0.717255,0.696134,0.030719,-0.008303,-0.035543,0.999334,0,0.72000,0.12151,43.200,0.243,-1,375.000,-1,425.000,-1,325.000,325.000,275.000,300.000,-1,-1,700.000,-1,725.000,900.000,-1,-1,2,0,2,0,2,0,0,0,0,2,2,0,2,0,0,2,2
9,9695.143,9697.455,-228.681,46.090,0.693706,-0.720026,-0.018282,0.720208,0.693133,0.029449,-0.008532,-0.033595,0.999399,0,0.76747,0.12151,46.048,0.243,-1,375.000,-1,425.000,-1,325.000,325.000,275.000,300.000,-1,-1,725.000,-1,725.000,900.000,-1,-1,2,0,2,0,2,0,0,0,0,2,2,0,2,0,0,2,2
10,9726.938,9730.764,-229.254,46.333,0.690638,-0.723006,-0.016792,0.723146,0.690116,0.028263,-0.008846,-0.031663,0.999459,0,0.76747,0.12151,46.048,0.243,-1,375.000,-1,425.000,-1,325.000,325.000,275.000,300.000,-1,-1,750.000,-1,750.000,900.000,-1,-1,2,0,2,0,2,0,0,0,0,2,2,0,2,0,0,2,2
11,9758.592,9764.208,-229.755,46.576,0.687549,-0.725980,-0.015159,0.726084,0.687094,0.026538,-0.008850,-0.029254,0.999533,0,0.76747,0.12151,46.048,0.243,-1,400.000,-1,425.000,-1,325.000,325.000,300.000,300.000,-1,-1,775.000,-1,750.000,900.000,-1,-1,2,0,2,0,2,0,0,0,0,2,2,0,2,0,0,2,2
12,9790.104,9797.785,-230.276,46.819,0.684444,-0.728948,-0.013099,0.729012,0.684065,0.024412,-0.008835,-0.026258,0.999616,0,0.76747,0.12151,46.048,0.243,-1,400.000,-1,425.000,-1,325.000,325.000,300.000,300.000,-1,-1,775.000,-1,775.000,900.000,-1,-1,2,0,2,0,2,0,0,0,0,2,2,0,2,0,0,2,2
13,9821.472,9831.496,-230.868,47.062,0.681327,-0.731898,-0.010895,0.731924,0.681018,0.022398,-0.008973,-0.023234,0.999690,0,0.76747,0.12151,46.048,0.243,-1,400.000,-1,425.000,-1,325.000,325.000,300.000,300.000,-1,-1,800.000,-1,775.000,900.000,-1,-1,2,0,2,0,2,0,0,0,0,2,2,0,2,0,0,2,2
14,9852.698,9865.340,-231.512,47.305,0.678199,-0.734827,-0.008636,0.734820,0.677952,0.020502,-0.009211,-0.020251,0.999753,0,0.76747,0.12151,46.048,0.243,-1,400.000,-1,425.000,-1,325.000,325.000,300.000,300.000,-1,-1,800.000,-1,775.000,900.000,-1,-1,2,0,2,0,2,0,0,0,0,2,2,0,2,0,0,2,2
15,9883.779,9899.316,-232.208,47.548,0.675058,-0.737737,-0.006324,0.737702,0.674866,0.018727,-0.009548,-0.017307,0.999805,0,0.76747,0.12151,46.048,0.243,-1,400.000,-1,425.000,-1,325.000,325.000,300.000,300.000,-1,-1,850.000,-1,800.000,900.000,-1,-1,2,0,2,0,2,0,0,0,0,2,2,0,2,0,0,2,2
16,9914.716,9933.424,-232.737,47.791,0.671913,-0.740618,-0.004124,0.740554,0.671754,0.018087,-0.010626,-0.015207,0.999828,0,0.76747,0.12151,46.048,0.243,-1,400.000,-1,425.000,-1,325.000,325.000,300.000,300.000,-1,-1,925.000,-1,800.000,900.000,-1,-1,2,0,2,0,2,0,0,0,0,2,2,0,2,0,0,2,2
17,9945.508,9967.663,-233.250,48.034,0.668759,-0.743476,-0.002266,0.743383,0.668620,0.018156,-0.011984,-0.013826,0.999833,0,0.76747,0.12151,46.048,0.243,-1,400.000,-1,425.000,-1,325.000,325.000,300.000,300.000,-1,-1,-1,-1,800.000,900.000,-1,-1,2,0,2,0,2,0,0,0,0,2,2,2,2,0,0,2,2
18,9976.154,10002.032,-233.872,48.277,0.665590,-0.746317,-0.000558,0.746200,0.665471,0.018263,-0.013258,-0.012572,0.999833,0,0.76747,0.12151,46.048,0.243,-1,400.000,-1,425.000,-1,325.000,325.000,275.000,300.000,-1,-1,-1,-1,800.000,900.000,-1,-1,2,0,2,0,2,0,0,0,0,2,2,2,2,0,0,2,2
19,10006.654,10036.530,-234.574,48.520,0.662406,-0.749145,0.001153,0.749004,0.662310,0.018397,-0.014546,-0.011322,0.999830,0,0.76747,0.12151,46.048,0.243,-1,400.000,-1,425.000,-1,325.000,325.000,275.000,300.000,-1,-1,-1,-1,800.000,900.000,-1,-1,2,0,2,0,2,0,0,0,0,2,2,2,2,0,0,2,2
20,10037.008,10071.158,-235.356,48.764,0.659206,-0.751957,0.002869,0.751796,0.659135,0.018559,-0.015846,-0.010077,0.999824,0,0.76747,0.12151,46.048,0.243,-1,400.000,-1,425.000,-1,325.000,325.000,275.000,275.000,-1,-1,-1,-1,800.000,875.000,-1,-1,2,0,2,0,2,0,0,0,0,2,2,2,2,0,0,2,2
21,10067.214,10105.915,-236.111,49.007,0.655997,-0.754752,0.004087,0.754575,0.655945,0.018769,-0.016847,-0.009229,0.999815,0,0.76747,0.12151,46.048,0.243,-1,400.000,-1,425.000,-1,325.000,325.000,275.000,300.000,-1,-1,-1,-1,800.000,900.000,-1,-1,2,0,2,0,2,0,0,0,0,2,2,2,2,0,0,2,2
22,10097.273,10140.799,-236.895,49.250,0.652778,-0.757532,0.005066,0.757342,0.652742,0.019011,-0.017708,-0.008574,0.999806,0,0.76747,0.12151,46.048,0.243,-1,400.000,-1,425.000,-1,325.000,350.000,275.000,300.000,-1,-1,-1,-1,800.000,900.000,-1,-1,2,0,2,0,2,0,0,0,0,2,2,2,2,0,0,2,2
23,10127.820,10176.860,-237.782,49.733,0.646354,-0.763013,0.006127,0.762809,0.646336,0.019278,-0.018669,-0.007787,0.999795,0,0.78767,0.24151,47.260,0.483,-1,400.000,-1,425.000,-1,325.000,350.000,275.000,300.000,-1,-1,-1,-1,800.000,900.000,-1,-1,2,0,2,0,2,0,0,0,0,2,2,2,2,0,0,2,2
24,10157.909,10213.303,-238.751,50.456,0.636657,-0.771113,0.007256,0.770896,0.636661,0.019548,-0.019693,-0.006852,0.999783,0,0.78767,0.36151,47.260,0.723,-1,400.000,-1,425.000,-1,325.000,350.000,275.000,300.000,-1,-1,-1,-1,800.000,900.000,-1,-1,2,0,2,0,2,0,0,0,0,2,2,2,2,0,0,2,2
25,10187.446,10250.196,-239.859,51.319,0.624949,-0.780619,0.008522,0.780388,0.624980,0.019841,-0.020814,-0.005749,0.999767,0,0.78767,0.43145,47.260,0.863,-1,400.000,-1,425.000,-1,325.000,350.000,275.000,300.000,-1,-1,-1,-1,800.000,875.000,-1,-1,2,0,2,0,2,0,0,0,0,2,2,2,2,0,0,2,2
26,10216.425,10287.529,-240.963,52.181,0.613075,-0.789951,0.010841,0.789706,0.613159,0.019990,-0.022439,-0.003694,0.999741,0,0.78767,0.43145,47.260,0.863,-1,400.000,-1,425.000,-1,325.000,350.000,275.000,300.000,-1,-1,-1,-1,800.000,875.000,-1,-1,2,0,2,0,2,0,0,0,0,2,2,2,2,0,0,2,2
27,10244.837,10325.294,-242.160,53.044,0.601054,-0.799100,0.013206,0.798847,0.601197,0.020169,-0.024056,-0.001573,0.999709,0,0.78767,0.43145,47.260,0.863,-1,400.000,-1,425.000,-1,325.000,350.000,275.000,300.000,-1,-1,-1,-1,800.000,850.000,-1,-1,2,0,2,0,2,0,0,0,0,2,2,2,2,0,0,2,2
28,10272.678,10363.483,-243.448,53.907,0.588888,-0.808064,0.015613,0.807807,0.589095,0.020376,-0.025663,0.000613,0.999670,0,0.78767,0.43145,47.260,0.863,-1,400.000,-1,425.000,-1,325.000,350.000,275.000,300.000,-1,-1,-1,-1,775.000,850.000,-1,-1,2,0,2,0,2,0,0,0,0,2,2,2,2,0,0,2,2
29,10299.941,10402.087,-244.824,54.770,0.576580,-0.816841,0.018062,0.816586,0.576856,0.020609,-0.027253,0.002866,0.999624,0,0.78767,0.43145,47.260,0.863,-1,400.000,-1,425.000,-1,325.000,350.000,275.000,300.000,-1,-1,-1,-1,775.000,825.000,-1,-1,2,0,2,0,2,0,0,0,0,2,2,2,2,0,0,2,2
30,10326.618,10441.098,-246.224,55.633,0.564132,-0.825427,0.020646,0.825189,0.564483,0.020549,-0.028616,0.005445,0.999576,0,0.78767,0.43145,47.260,0.863,-1,400.000,-1,425.000,-1,325.000,350.000,275.000,300.000,-1,-1,-1,-1,775.000,825.000,-1,-1,2,0,2,0,2,0,0,0,0,2,2,2,2,0,0,2,2
31,10352.706,10480.505,-247.699,56.496,0.551546,-0.833819,0.023294,0.833607,0.551978,0.020464,-0.029921,0.008131,0.999519,0,0.78767,0.43145,47.260,0.863,-1,400.000,-1,425.000,-1,325.000,325.000,275.000,300.000,-1,-1,-1,-1,775.000,800.000,-1,-1,2,0,2,0,2,0,0,0,0,2,2,2,2,0,0,2,2
32,10380.969,10524.225,-249.412,57.119,0.542342,-0.839747,0.026267,0.839572,0.542866,0.020369,-0.031364,0.011006,0.999447,0,0.86767,0.31145,52.060,0.623,-1,400.000,-1,400.000,-1,325.000,325.000,300.000,300.000,-1,-1,-1,-1,775.000,800.000,-1,-1,2,0,2,0,2,0,0,0,0,2,2,2,2,0,0,2,2
33,10411.518,10572.182,-251.371,57.502,0.536592,-0.843325,0.029532,0.843196,0.537222,0.020318,-0.033000,0.013999,0.999357,0,0.94767,0.19145,56.860,0.383,-1,400.000,-1,400.000,-1,325.000,325.000,300.000,275.000,-1,-1,-1,-1,775.000,775.000,-1,-1,2,0,2,0,2,0,0,0,0,2,2,2,2,0,0,2,2
34,10442.840,10621.824,-253.300,57.750,0.532795,-0.845616,0.032606,0.845509,0.533543,0.021132,-0.035266,0.016309,0.999245,0,0.97830,0.12417,58.698,0.248,-1,400.000,-1,400.000,-1,325.000,325.000,300.000,275.000,-1,-1,-1,-1,750.000,775.000,-1,-1,2,0,2,0,2,0,0,0,0,2,2,2,2,0,0,2,2
35,10473.947,10671.603,-255.159,57.998,0.529020,-0.847896,0.034798,0.847808,0.529857,0.021735,-0.036867,0.018004,0.999158,0,0.97830,0.12417,58.698,0.248,-1,400.000,-1,400.000,-1,325.000,325.000,300.000,275.000,-1,-1,-1,-1,750.000,750.000,-1,-1,2,0,2,0,2,0,0,0,0,2,2,2,2,0,0,2,2
36,10504.838,10721.515,-256.850,58.247,0.525295,-0.850173,0.035653,0.850093,0.526170,0.022061,-0.037515,0.018720,0.999121,0,0.97830,0.12417,58.698,0.248,-1,400.000,-1,400.000,-1,325.000,325.000,300.000,275.000,-1,-1,-1,-1,750.000,750.000,-1,-1,2,0,2,0,2,0,0,0,0,2,2,2,2,0,0,2,2
37,10535.512,10771.561,-258.613,58.495,0.521570,-0.852436,0.036312,0.852365,0.522474,0.022234,-0.037925,0.019354,0.999093,0,0.97830,0.12417,58.698,0.248,-1,400.000,-1,400.000,-1,325.000,325.000,300.000,300.000,-1,-1,-1,-1,750.000,750.000,-1,-1,2,0,2,0,2,0,0,0,0,2,2,2,2,0,0,2,2
38,10565.968,10821.739,-260.485,58.743,0.517840,-0.854681,0.036897,0.854625,0.518768,0.022270,-0.038174,0.020001,0.999071,0,0.97830,0.12417,58.698,0.248,-1,400.000,-1,400.000,-1,325.000,325.000,300.000,300.000,-1,-1,-1,-1,750.000,750.000,-1,-1,2,0,2,0,2,0,0,0,0,2,2,2,2,0,0,2,2
39,10596.207,10872.049,-262.535,58.992,0.514124,-0.856915,0.037049,0.856872,0.515055,0.022118,-0.038036,0.020375,0.999069,0,0.97830,0.12417,58.698,0.248,-1,400.000,-1,400.000,-1,325.000,325.000,300.000,300.000,-1,-1,-1,-1,750.000,750.000,-1,-1,2,0,2,0,2,0,0,0,0,2,2,2,2,0,0,2,2
40,10626.228,10922.489,-264.688,59.240,0.510403,-0.859132,0.037158,0.859106,0.511331,0.021828,-0.037753,0.020781,0.999071,0,0.97830,0.12417,58.698,0.248,-1,400.000,-1,400.000,-1,325.000,325.000,300.000,300.000,-1,-1,-1,-1,750.000,750.000,-1,-1,2,0,2,0,2,0,0,0,0,2,2,2,2,0,0,2,2
41,10656.029,10973.059,-266.925,59.488,0.506671,-0.861331,0.037314,0.861328,0.507597,0.021411,-0.037383,0.021291,0.999074,0,0.97830,0.12417,58.698,0.248,-1,400.000,-1,400.000,-1,325.000,325.000,300.000,300.000,-1,-1,-1,-1,750.000,750.000,-1,-1,2,0,2,0,2,0,0,0,0,2,2,2,2,0,0,2,2
42,10685.612,11023.758,-269.193,59.737,0.502918,-0.863508,0.037787,0.863538,0.503850,0.020909,-0.037094,0.022115,0.999067,0,0.97830,0.12417,58.698,0.248,-1,400.000,-1,400.000,-1,325.000,325.000,300.000,300.000,-1,-1,-1,-1,750.000,750.000,-1,-1,2,0,2,0,2,0,0,0,0,2,2,2,2,0,0,2,2
43,10714.974,11074.584,-271.524,59.985,0.499154,-0.865664,0.038358,0.865737,0.500091,0.020208,-0.036676,0.023121,0.999060,0,0.97830,0.12417,58.698,0.248,-1,400.000,-1,400.000,-1,325.000,325.000,300.000,300.000,-1,-1,-1,-1,750.000,750.000,-1,-1,2,0,2,0,2,0,0,0,0,2,2,2,2,0,0,2,2
44,10744.115,11125.538,-273.875,60.233,0.495380,-0.867795,0.039113,0.867930,0.496319,0.019102,-0.035989,0.024485,0.999052,0,0.97830,0.12417,58.698,0.248,-1,400.000,-1,400.000,-1,325.000,325.000,300.000,300.000,-1,-1,-1,-1,750.000,750.000,-1,-1,2,0,2,0,2,0,0,0,0,2,2,2,2,0,0,2,2
45,10773.035,11176.617,-276.257,60.482,0.491598,-0.869908,0.039901,0.870107,0.492535,0.017979,-0.035292,0.025880,0.999042,0,0.97830,0.12417,58.698,0.248,-1,400.000,-1,400.000,-1,325.000,325.000,300.000,300.000,-1,-1,-1,-1,750.000,750.000,-1,-1,2,0,2,0,2,0,0,0,0,2,2,2,2,0,0,2,2
46,10801.734,11227.821,-278.495,60.730,0.487806,-0.872016,0.040414,0.872246,0.488750,0.017598,-0.035098,0.026667,0.999028,0,0.97830,0.12417,58.698,0.248,-1,400.000,-1,400.000,-1,325.000,325.000,300.000,275.000,-1,-1,-1,-1,750.000,750.000,-1,-1,2,0,2,0,2,0,0,0,0,2,2,2,2,0,0,2,2
47,10830.211,11279.149,-280.504,60.978,0.484002,-0.874129,0.040490,0.874340,0.484968,0.018322,-0.035652,0.026535,0.999012,0,0.97830,0.12417,58.698,0.248,-1,400.000,-1,400.000,-1,325.000,325.000,300.000,300.000,-1,-1,-1,-1,750.000,750.000,-1,-1,2,0,2,0,2,0,0,0,0,2,2,2,2,0,0,2,2
48,10858.465,11330.599,-282.506,61.227,0.480201,-0.876229,0.040372,0.876419,0.481177,0.018927,-0.036011,0.026294,0.999005,0,0.97830,0.12417,58.698,0.248,-1,400.000,-1,400.000,-1,325.000,325.000,300.000,300.000,-1,-1,-1,-1,750.000,750.000,-1,-1,2,0,2,0,2,0,0,0,0,2,2,2,2,0,0,2,2
49,10886.496,11382.172,-284.456,61.475,0.476413,-0.878318,0.039854,0.878483,0.477381,0.019377,-0.036045,0.025779,0.999018,0,0.97830,0.12417,58.698,0.248,-1,400.000,-1,400.000,-1,325.000,325.000,300.000,300.000,-1,-1,-1,-1,750.000,750.000,-1,-1,2,0,2,0,2,0,0,0,0,2,2,2,2,0,0,2,2
50,10914.302,11433.866,-286.411,61.723,0.472616,-0.880386,0.039435,0.880537,0.473574,0.019579,-0.035912,0.025470,0.999030,0,0.97830,0.12417,58.698,0.248,-1,400.000,-1,400.000,-1,325.000,325.000,300.000,300.000,-1,-1,-1,-1,725.000,750.000,-1,-1,2,0,2,0,2,0,0,0,0,2,2,2,2,0,0,2,2
51,10941.885,11485.680,-288.329,61.972,0.468810,-0.882429,0.039202,0.882586,0.469753,0.019340,-0.035481,0.025532,0.999044,0,0.97830,0.12417,58.698,0.248,-1,400.000,-1,400.000,-1,325.000,325.000,300.000,300.000,-1,-1,-1,-1,725.000,750.000,-1,-1,2,0,2,0,2,0,0,0,0,2,2,2,2,0,0,2,2
52,10969.243,11537.612,-290.297,62.220,0.464995,-0.884455,0.038982,0.884620,0.465923,0.019072,-0.035031,0.025615,0.999058,0,0.97830,0.12417,58.698,0.248,-1,400.000,-1,400.000,-1,325.000,325.000,300.000,300.000,-1,-1,-1,-1,725.000,725.000,-1,-1,2,0,2,0,2,0,0,0,0,2,2,2,2,0,0,2,2
53,10996.375,11589.663,-292.312,62.468,0.461171,-0.886463,0.038774,0.886638,0.462083,0.018778,-0.034562,0.025719,0.999072,0,0.97830,0.12417,58.698,0.248,-1,400.000,-1,400.000,-1,325.000,325.000,300.000,300.000,-1,-1,-1,-1,725.000,725.000,-1,-1,2,0,2,0,2,0,0,0,0,2,2,2,2,0,0,2,2
54,11021.282,11637.461,-294.211,62.477,0.461056,-0.886531,0.038604,0.886711,0.461954,0.018472,-0.034210,0.025714,0.999084,0,0.89830,0.00417,53.898,0.008,-1,400.000,-1,400.000,-1,325.000,325.000,300.000,300.000,-1,-1,-1,-1,725.000,725.000,-1,-1,2,0,2,0,2,0,0,0,0,2,2,2,2,0,0,2,2
55,11044.146,11680.911,-295.923,62.245,0.464635,-0.884653,0.038780,0.884842,0.465534,0.018238,-0.034187,0.025840,0.999081,0,0.81830,-0.11583,49.098,-0.232,-1,400.000,-1,400.000,-1,325.000,325.000,300.000,300.000,-1,-1,-1,-1,725.000,725.000,-1,-1,2,0,2,0,2,0,0,0,0,2,2,2,2,0,0,2,2
56,11066.595,11722.732,-297.613,61.774,0.471898,-0.880790,0.039002,0.880986,0.472800,0.018002,-0.034296,0.025865,0.999077,0,0.79109,-0.23583,47.466,-0.472,-1,400.000,-1,400.000,-1,325.000,325.000,300.000,300.000,-1,-1,-1,-1,725.000,725.000,-1,-1,2,0,2,0,2,0,0,0,0,2,2,2,2,0,0,2,2
57,11089.562,11764.271,-299.293,61.062,0.482797,-0.874847,0.039357,0.875057,0.483702,0.017529,-0.034373,0.025977,0.999071,0,0.79109,-0.35583,47.466,-0.712,-1,400.000,-1,400.000,-1,325.000,325.000,300.000,300.000,-1,-1,-1,-1,725.000,725.000,-1,-1,2,0,2,0,2,0,0,0,0,2,2,2,2,0,0,2,2
58,11113.216,11805.423,-300.960,60.110,0.497269,-0.866697,0.039503,0.866914,0.498168,0.016986,-0.034401,0.025799,0.999075,0,0.79109,-0.47583,47.466,-0.952,-1,400.000,-1,375.000,-1,325.000,325.000,300.000,300.000,-1,-1,-1,-1,725.000,725.000,-1,-1,2,0,2,0,2,0,0,0,0,2,2,2,2,0,0,2,2
59,11137.721,11846.074,-302.560,58.919,0.515219,-0.856164,0.039141,0.856376,0.516094,0.016351,-0.034199,0.025095,0.999100,0,0.79109,-0.59583,47.466,-1.192,-1,400.000,-1,375.000,-1,325.000,325.000,300.000,300.000,-1,-1,-1,-1,725.000,725.000,-1,-1,2,0,2,0,2,0,0,0,0,2,2,2,2,0,0,2,2
60,11163.233,11886.100,-304.181,57.487,0.536485,-0.843022,0.038697,0.843220,0.537336,0.015786,-0.034101,0.024161,0.999126,0,0.79109,-0.71583,47.466,-1.432,-1,400.000,-1,375.000,-1,325.000,325.000,300.000,300.000,-1,-1,-1,-1,725.000,725.000,-1,-1,2,0,2,0,2,0,0,0,0,2,2,2,2,0,0,2,2
61,11189.903,11925.365,-305.756,55.815,0.560888,-0.827016,0.038054,0.827180,0.561719,0.015637,-0.034307,0.022707,0.999153,0,0.79109,-0.83583,47.466,-1.672,-1,400.000,-1,375.000,-1,325.000,325.000,300.000,300.000,-1,-1,-1,-1,725.000,725.000,-1,-1,2,0,2,0,2,0,0,0,0,2,2,2,2,0,0,2,2
62,11217.785,11963.811,-307.378,54.050,0.586139,-0.809349,0.037356,0.809476,0.586948,0.015525,-0.034491,0.021139,0.999181,0,0.79153,-0.88259,47.492,-1.765,-1,400.000,-1,375.000,-1,325.000,325.000,300.000,300.000,-1,-1,-1,-1,725.000,725.000,-1,-1,2,0,2,0,2,0,0,0,0,2,2,2,2,0,0,2,2
63,11247.009,12001.609,-308.994,52.290,0.610743,-0.790967,0.036932,0.791063,0.611539,0.015462,-0.034815,0.019773,0.999198,0,0.79631,-0.87979,47.778,-1.760,-1,400.000,-1,375.000,-1,325.000,325.000,300.000,300.000,-1,-1,-1,-1,725.000,700.000,-1,-1,2,0,2,0,2,0,0,0,0,2,2,2,2,0,0,2,2
64,11277.546,12038.703,-310.619,50.537,0.634676,-0.771906,0.036710,0.771975,0.635466,0.015419,-0.035230,0.018553,0.999207,0,0.80077,-0.87656,48.046,-1.753,-1,400.000,-1,375.000,-1,325.000,325.000,300.000,300.000,-1,-1,-1,-1,725.000,700.000,-1,-1,2,0,2,0,2,0,0,0,0,2,2,2,2,0,0,2,2
65,11309.361,12075.033,-312.204,48.791,0.657943,-0.752209,0.035948,0.752241,0.658708,0.015409,-0.035270,0.016903,0.999235,0,0.80487,-0.87294,48.292,-1.746,-1,400.000,-1,375.000,-1,325.000,325.000,300.000,300.000,-1,-1,-1,-1,700.000,700.000,-1,-1,2,0,2,0,2,0,0,0,0,2,2,2,2,0,0,2,2
66,11342.415,12110.545,-313.841,47.054,0.680500,-0.731907,0.035091,0.731902,0.681235,0.015445,-0.035209,0.015173,0.999265,0,0.80857,-0.86891,48.514,-1.738,-1,375.000,-1,375.000,-1,325.000,325.000,300.000,300.000,-1,-1,-1,-1,700.000,700.000,-1,-1,2,0,2,0,2,0,0,0,0,2,2,2,2,0,0,2,2
67,11376.662,12145.183,-315.534,45.325,0.702323,-0.711038,0.034156,0.710994,0.703026,0.015531,-0.035055,0.013377,0.999296,0,0.81183,-0.86450,48.710,-1.729,-1,375.000,-1,375.000,-1,325.000,325.000,300.000,300.000,-1,-1,-1,-1,700.000,700.000,-1,-1,2,0,2,0,2,0,0,0,0,2,2,2,2,0,0,2,2
68,11412.055,12178.893,-317.256,43.605,0.723390,-0.689638,0.033260,0.689558,0.724061,0.015656,-0.034880,0.011609,0.999324,0,0.81463,-0.85973,48.878,-1.719,1000.000,375.000,-1,375.000,-1,325.000,300.000,300.000,300.000,-1,-1,-1,-1,700.000,675.000,-1,-1,1,0,2,0,2,0,0,0,0,2,2,2,2,0,0,2,2
69,11448.539,12211.624,-318.838,41.896,0.743680,-0.667743,0.032545,0.667658,0.744317,0.015004,-0.034243,0.010570,0.999358,0,0.81691,-0.85461,49.014,-1.709,1000.000,375.000,-1,375.000,-1,325.000,325.000,300.000,300.000,-1,-1,-1,-1,700.000,675.000,-1,-1,1,0,2,0,2,0,0,0,0,2,2,2,2,0,0,2,2
70,11486.058,12243.326,-320.369,40.198,0.763188,-0.645394,0.031781,0.645320,0.763786,0.013923,-0.033260,0.009883,0.999398,0,0.81865,-0.84918,49.119,-1.698,975.000,375.000,-1,375.000,-1,325.000,325.000,300.000,300.000,-1,950.000,-1,-1,700.000,675.000,-1,-1,1,0,2,0,2,0,0,0,0,2,0,2,2,0,0,2,2
71,11524.549,12273.955,-321.932,38.511,0.781902,-0.622634,0.030933,0.622569,0.782459,0.012867,-0.032215,0.009197,0.999439,0,0.81984,-0.84347,49.190,-1.687,1000.000,375.000,-1,375.000,-1,325.000,325.000,300.000,300.000,-1,875.000,1000.000,-1,700.000,675.000,-1,-1,1,0,2,0,2,0,0,0,0,2,0,0,2,0,0,2,2
72,11563.948,12303.468,-323.526,36.836,0.799812,-0.599500,0.030000,0.599443,0.800330,0.011838,-0.031107,0.008515,0.999480,0,0.82045,-0.83751,49.227,-1.675,-1,375.000,-1,375.000,-1,325.000,325.000,300.000,300.000,-1,825.000,925.000,-1,700.000,675.000,-1,-1,2,0,2,0,2,0,0,0,0,2,0,0,2,0,0,2,2
73,11604.545,12332.319,-325.130,35.401,0.814619,-0.579272,0.028989,0.579220,0.815097,0.011014,-0.030009,0.007819,0.999519,0,0.83008,-0.71751,49.805,-1.435,-1,375.000,-1,375.000,-1,325.000,325.000,300.000,300.000,-1,775.000,875.000,-1,700.000,675.000,-1,-1,2,0,2,0,2,0,0,0,0,2,0,0,2,0,0,2,2
74,11645.718,12360.306,-326.608,34.206,0.826561,-0.562151,0.027980,0.562085,0.827007,0.010927,-0.029282,0.006696,0.999549,0,0.82974,-0.59751,49.784,-1.195,-1,375.000,-1,375.000,-1,325.000,325.000,300.000,300.000,-1,775.000,875.000,-1,675.000,650.000,-1,-1,2,0,2,0,2,0,0,0,0,2,0,0,2,0,0,2,2
75,11687.319,12387.581,-328.094,33.251,0.835852,-0.548293,0.026962,0.548214,0.836267,0.010879,-0.028512,0.005688,0.999577,0,0.82909,-0.47751,49.745,-0.955,-1,375.000,-1,375.000,-1,325.000,300.000,300.000,300.000,-1,775.000,850.000,-1,675.000,650.000,-1,-1,2,0,2,0,2,0,0,0,0,2,0,0,2,0,0,2,2
76,11729.212,12414.307,-329.462,32.536,0.842666,-0.537815,0.025866,0.537744,0.843046,0.010222,-0.027304,0.005296,0.999613,0,0.82820,-0.35751,49.692,-0.715,-1,375.000,-1,375.000,-1,325.000,300.000,300.000,300.000,-1,775.000,850.000,-1,675.000,650.000,-1,-1,2,0,2,0,2,0,0,0,0,2,0,0,2,0,0,2,2
77,11771.271,12440.650,-330.495,32.061,0.847171,-0.530811,0.023246,0.530728,0.847482,0.010092,-0.025057,0.003788,0.999679,0,0.82714,-0.23751,49.628,-0.475,-1,375.000,-1,375.000,-1,325.000,300.000,300.000,300.000,-1,700.000,750.000,-1,675.000,650.000,-1,-1,2,0,2,0,2,0,0,0,0,2,0,0,2,0,0,2,2
78,11813.380,12466.784,-331.526,31.825,0.849409,-0.527332,0.020615,0.527244,0.849656,0.009949,-0.022763,0.002418,0.999738,0,0.82599,-0.11751,49.560,-0.235,-1,375.000,-1,375.000,-1,325.000,300.000,300.000,300.000,-1,625.000,675.000,-1,675.000,675.000,-1,-1,2,0,2,0,2,0,0,0,0,2,0,0,2,0,0,2,2
79,11855.426,12492.885,-332.554,31.830,0.849422,-0.527407,0.017983,0.527318,0.849612,0.009750,-0.020421,0.001201,0.999791,0,0.82482,0.00249,49.489,0.005,-1,375.000,-1,375.000,-1,300.000,300.000,300.000,300.000,-1,575.000,600.000,-1,675.000,675.000,-1,-1,2,0,2,0,2,0,0,0,0,2,0,0,2,0,0,2,2
80,11897.302,12519.129,-333.528,32.075,0.847208,-0.531035,0.015469,0.530949,0.847350,0.009559,-0.018184,0.000115,0.999835,0,0.82367,0.12249,49.420,0.245,-1,375.000,-1,375.000,-1,300.000,300.000,300.000,300.000,-1,550.000,575.000,-1,675.000,675.000,-1,-1,2,0,2,0,2,0,0,0,0,2,0,0,2,0,0,2,2
81,11938.901,12545.692,-334.228,32.560,0.842710,-0.538189,0.013913,0.538108,0.842824,0.009325,-0.016745,-0.000371,0.999860,0,0.82261,0.24249,49.357,0.485,-1,375.000,-1,375.000,-1,300.000,300.000,300.000,300.000,-1,550.000,575.000,-1,675.000,675.000,-1,-1,2,0,2,0,2,0,0,0,0,2,0,0,2,0,0,2,2
82,11980.203,12572.613,-334.928,33.096,0.837664,-0.546046,0.012360,0.545972,0.837755,0.009014,-0.015277,-0.000802,0.999883,0,0.82168,0.26788,49.301,0.536,-1,375.000,-1,375.000,-1,300.000,300.000,300.000,300.000,-1,550.000,600.000,-1,675.000,675.000,-1,-1,2,0,2,0,2,0,0,0,0,2,0,0,2,0,0,2,2
83,12021.200,12599.888,-335.572,33.636,0.832501,-0.553918,0.010789,0.553856,0.832570,0.008351,-0.013608,-0.000977,0.999907,0,0.82068,0.27005,49.241,0.540,-1,375.000,-1,375.000,-1,300.000,300.000,300.000,300.000,-1,550.000,600.000,-1,675.000,675.000,-1,-1,2,0,2,0,2,0,0,0,0,2,0,0,2,0,0,2,2
84,12061.879,12627.514,-336.006,34.180,0.827222,-0.561800,0.009145,0.561762,0.827273,0.006521,-0.011229,-0.000257,0.999937,0,0.81955,0.27206,49.173,0.544,-1,375.000,-1,375.000,-1,300.000,300.000,300.000,300.000,-1,550.000,600.000,-1,675.000,675.000,-1,-1,2,0,2,0,2,0,0,0,0,2,0,0,2,0,0,2,2
85,12102.231,12655.484,-336.447,34.728,0.821829,-0.569684,0.007541,0.569665,0.821864,0.004660,-0.008852,0.000466,0.999961,0,0.81829,0.27391,49.098,0.548,-1,375.000,-1,375.000,-1,300.000,300.000,300.000,300.000,-1,525.000,575.000,-1,675.000,675.000,-1,-1,2,0,2,0,2,0,0,0,0,2,0,0,2,0,0,2,2
86,12142.244,12683.793,-336.894,35.279,0.816324,-0.577564,0.005977,0.577558,0.816345,0.002769,-0.006478,0.001191,0.999978,0,0.81693,0.27560,49.016,0.551,-1,375.000,-1,375.000,-1,300.000,300.000,300.000,300.000,-1,525.000,575.000,-1,700.000,700.000,-1,-1,2,0,2,0,2,0,0,0,0,2,0,0,2,0,0,2,2
87,12181.911,12712.437,-337.348,35.834,0.810709,-0.585433,0.004453,0.585435,0.810719,0.000849,-0.004107,0.001919,0.999990,0,0.81546,0.27712,48.927,0.554,-1,375.000,-1,375.000,-1,300.000,300.000,300.000,300.000,-1,525.000,550.000,-1,700.000,700.000,-1,-1,2,0,2,0,2,0,0,0,0,2,0,0,2,0,0,2,2
88,12221.221,12741.409,-337.809,36.391,0.804987,-0.593285,0.002972,0.593290,0.804988,-0.001100,-0.001740,0.002649,0.999995,0,0.81389,0.27848,48.833,0.557,-1,375.000,-1,375.000,-1,300.000,300.000,300.000,300.000,-1,475.000,475.000,-1,700.000,700.000,-1,-1,2,0,2,0,2,0,0,0,0,2,0,0,2,0,0,2,2
89,12260.168,12770.704,-338.118,36.950,0.799161,-0.601114,0.001642,0.601117,0.799158,-0.002446,0.000158,0.002942,0.999996,0,0.81224,0.27967,48.734,0.559,-1,375.000,-1,375.000,-1,300.000,325.000,300.000,300.000,-1,450.000,450.000,-1,700.000,700.000,-1,-1,2,0,2,0,2,0,0,0,0,2,0,0,2,0,0,2,2
90,12298.743,12800.317,-338.030,37.511,0.793234,-0.608916,0.000599,0.608915,0.793230,-0.002885,0.001281,0.002653,0.999996,0,0.81052,0.28069,48.631,0.561,-1,375.000,-1,375.000,-1,325.000,300.000,300.000,300.000,-1,450.000,475.000,-1,700.000,700.000,-1,-1,2,0,2,0,2,0,0,0,0,2,0,0,2,0,0,2,2
91,12336.942,12830.241,-337.823,38.074,0.787211,-0.616683,-0.000946,0.616678,0.787209,-0.003221,0.002731,0.001952,0.999994,0,0.80873,0.28154,48.524,0.563,-1,375.000,-1,375.000,-1,325.000,325.000,300.000,300.000,-1,450.000,475.000,-1,700.000,700.000,-1,-1,2,0,2,0,2,0,0,0,0,2,0,0,2,0,0,2,2
92,12374.758,12860.471,-337.618,38.639,0.781094,-0.624409,-0.002443,0.624400,0.781097,-0.003596,0.004154,0.001283,0.999991,0,0.80690,0.28222,48.414,0.564,-1,375.000,-1,375.000,-1,325.000,325.000,300.000,300.000,-1,475.000,500.000,-1,700.000,700.000,-1,-1,2,0,2,0,2,0,0,0,0,2,0,0,2,0,0,2,2
93,12412.187,12891.002,-337.360,39.204,0.774886,-0.632088,-0.004141,0.632076,0.774897,-0.003954,0.005708,0.000446,0.999984,0,0.80503,0.28273,48.302,0.565,-1,375.000,-1,375.000,-1,325.000,325.000,300.000,300.000,-1,475.000,500.000,-1,700.000,700.000,-1,-1,2,0,2,0,2,0,0,0,0,2,0,0,2,0,0,2,2
94,12449.226,12921.829,-337.083,39.770,0.768591,-0.639714,-0.005880,0.639699,0.768613,-0.004333,0.007291,-0.000431,0.999973,0,0.80314,0.28307,48.188,0.566,-1,375.000,-1,375.000,-1,325.000,325.000,300.000,300.000,-1,475.000,500.000,-1,700.000,725.000,-1,-1,2,0,2,0,2,0,0,0,0,2,0,0,2,0,0,2,2
95,12489.760,12955.958,-336.780,40.097,0.764921,-0.644078,-0.007726,0.644061,0.764959,-0.004806,0.009005,-0.001300,0.999959,0,0.88314,0.16307,52.988,0.326,-1,375.000,-1,375.000,-1,325.000,325.000,300.000,300.000,-1,475.000,500.000,-1,700.000,725.000,-1,-1,2,0,2,0,2,0,0,0,0,2,0,0,2,0,0,2,2
96,12533.596,12993.613,-336.444,40.663,0.758497,-0.651604,-0.009716,0.651586,0.758556,-0.005346,0.010854,-0.002276,0.999939,0,0.96314,0.28307,57.788,0.566,-1,375.000,-1,375.000,-1,325.000,325.000,300.000,300.000,-1,500.000,525.000,-1,700.000,725.000,-1,-1,2,0,2,0,2,0,0,0,0,2,0,0,2,0,0,2,2
97,12577.239,13032.004,-335.913,41.336,0.750770,-0.660476,-0.010782,0.660452,0.750843,-0.006177,0.012175,-0.002483,0.999923,0,0.96877,0.33678,58.126,0.674,-1,375.000,-1,375.000,-1,325.000,325.000,300.000,300.000,-1,525.000,550.000,-1,700.000,725.000,-1,-1,2,0,2,0,2,0,0,0,0,2,0,0,2,0,0,2,2
98,12620.198,13070.694,-335.046,42.007,0.742981,-0.669221,-0.011026,0.669172,0.743062,-0.008204,0.013684,-0.001283,0.999906,0,0.96356,0.33535,57.813,0.671,-1,375.000,-1,400.000,-1,325.000,325.000,300.000,300.000,-1,550.000,575.000,-1,700.000,725.000,-1,-1,2,0,2,0,2,0,0,0,0,2,0,0,2,0,0,2,2
99,12662.482,13109.676,-334.193,42.674,0.735141,-0.677821,-0.011234,0.677744,0.735227,-0.010217,0.015185,-0.000102,0.999885,0,0.95852,0.33330,57.511,0.667,-1,375.000,-1,400.000,-1,325.000,325.000,300.000,300.000,-1,575.000,600.000,-1,700.000,725.000,-1,-1,2,0,2,0,2,0,0,0,0,2,0,0,2,0,0,2,2
100,12704.103,13148.946,-333.352,43.335,0.727266,-0.686261,-0.011404,0.686153,0.727355,-0.012216,0.016678,0.001059,0.999860,0,0.95370,0.33063,57.222,0.661,-1,375.000,-1,400.000,-1,325.000,325.000,300.000,300.000,-1,600.000,625.000,-1,700.000,725.000,-1,-1,2,0,2,0,2,0,0,0,0,2,0,0,2,0,0,2,2
101,12745.075,13188.497,-332.523,43.990,0.719375,-0.694526,-0.011539,0.694384,0.719464,-0.014208,0.018170,0.002208,0.999832,0,0.94913,0.32737,56.948,0.655,-1,375.000,-1,400.000,-1,325.000,325.000,300.000,300.000,-1,625.000,625.000,-1,700.000,725.000,-1,-1,2,0,2,0,2,0,0,0,0,2,0,0,2,0,0,2,2
102,12785.414,13228.328,-331.398,44.637,0.711483,-0.702606,-0.011706,0.702439,0.711574,-0.015572,0.019270,0.002857,0.999810,0,0.94484,0.32352,56.690,0.647,-1,375.000,-1,400.000,-1,325.000,325.000,300.000,300.000,-1,650.000,675.000,-1,700.000,725.000,-1,-1,2,0,2,0,2,0,0,0,0,2,0,0,2,0,0,2,2
103,12825.139,13268.437,-330.282,45.275,0.703611,-0.710487,-0.011854,0.710294,0.703702,-0.016912,0.020357,0.003480,0.999787,0,0.94086,0.31912,56.451,0.638,-1,375.000,-1,400.000,-1,325.000,325.000,300.000,300.000,-1,700.000,675.000,-1,725.000,725.000,-1,-1,2,0,2,0,2,0,0,0,0,2,0,0,2,0,0,2,2
104,12864.270,13308.821,-329.128,45.903,0.695775,-0.718160,-0.012015,0.717945,0.695867,-0.018006,0.021292,0.003902,0.999766,0,0.93721,0.31416,56.233,0.628,-1,375.000,-1,400.000,-1,325.000,325.000,300.000,300.000,-1,725.000,700.000,-1,725.000,725.000,-1,-1,2,0,2,0,2,0,0,0,0,2,0,0,2,0,0,2,2
105,12902.828,13349.482,-327.954,46.521,0.687993,-0.725615,-0.012187,0.725380,0.688088,-0.018937,0.022126,0.004188,0.999746,0,0.93392,0.30867,56.035,0.617,-1,375.000,-1,375.000,-1,325.000,325.000,300.000,300.000,-1,775.000,700.000,-1,725.000,725.000,-1,-1,2,0,2,0,2,0,0,0,0,2,0,0,2,0,0,2,2
106,12940.835,13390.419,-326.717,47.126,0.680279,-0.732844,-0.012699,0.732587,0.680384,-0.019826,0.023169,0.004184,0.999723,0,0.93101,0.30266,55.861,0.605,-1,375.000,-1,375.000,-1,325.000,325.000,300.000,300.000,-1,800.000,700.000,-1,725.000,725.000,-1,-1,2,0,2,0,2,0,0,0,0,2,0,0,2,0,0,2,2
107,12978.315,13431.636,-325.351,47.718,0.672641,-0.739839,-0.013866,0.739560,0.672774,-0.020665,0.024617,0.003645,0.999690,0,0.92849,0.29614,55.709,0.592,-1,375.000,-1,400.000,-1,325.000,325.000,300.000,300.000,-1,800.000,700.000,-1,725.000,725.000,-1,-1,2,0,2,0,2,0,0,0,0,2,0,0,2,0,0,2,2
108,13015.292,13473.133,-324.001,48.296,0.665112,-0.746593,-0.015004,0.746290,0.665274,-0.021510,0.026041,0.003109,0.999656,0,0.92637,0.28914,55.582,0.578,-1,375.000,-1,400.000,-1,325.000,325.000,300.000,300.000,-1,775.000,700.000,-1,725.000,725.000,-1,-1,2,0,2,0,2,0,0,0,0,2,0,0,2,0,0,2,2
109,13048.597,13511.601,-322.764,49.115,0.654354,-0.756019,-0.016009,0.755694,0.654545,-0.022300,0.027338,0.002494,0.999623,0,0.84804,0.40914,50.882,0.818,-1,375.000,-1,400.000,-1,325.000,325.000,300.000,300.000,-1,775.000,700.000,-1,750.000,750.000,-1,-1,2,0,2,0,2,0,0,0,0,2,0,0,2,0,0,2,2
110,13081.184,13550.644,-321.333,50.150,0.640575,-0.767726,-0.016162,0.767381,0.640774,-0.023140,0.028121,0.002421,0.999602,0,0.84759,0.51780,50.855,1.036,-1,400.000,-1,400.000,-1,325.000,325.000,300.000,300.000,-1,800.000,725.000,-1,750.000,750.000,-1,-1,2,0,2,0,2,0,0,0,0,2,0,0,2,0,0,2,2
111,13113.083,13590.278,-319.897,51.171,0.626787,-0.779020,-0.016317,0.778654,0.626995,-0.023984,0.028914,0.002328,0.999579,0,0.84794,0.51041,50.877,1.021,-1,400.000,-1,400.000,-1,325.000,325.000,300.000,300.000,-1,800.000,725.000,-1,750.000,750.000,-1,-1,2,0,2,0,2,0,0,0,0,2,0,0,2,0,0,2,2
112,13144.302,13630.491,-318.459,52.177,0.613009,-0.789904,-0.016480,0.789516,0.613227,-0.024832,0.029721,0.002211,0.999556,0,0.84848,0.50280,50.909,1.006,-1,400.000,-1,400.000,-1,325.000,325.000,300.000,300.000,-1,800.000,750.000,-1,750.000,750.000,-1,-1,2,0,2,0,2,0,0,0,0,2,0,0,2,0,0,2,2
113,13174.847,13671.272,-317.019,53.167,0.599260,-0.800381,-0.016652,0.799972,0.599488,-0.025686,0.030541,0.002072,0.999531,0,0.84920,0.49499,50.952,0.990,-1,400.000,-1,400.000,-1,325.000,325.000,300.000,300.000,-1,800.000,750.000,-1,750.000,750.000,-1,-1,2,0,2,0,2,0,0,0,0,2,0,0,2,0,0,2,2
114,13204.726,13712.610,-315.553,54.141,0.585561,-0.810455,-0.016728,0.810022,0.585797,-0.026568,0.031331,0.002007,0.999507,0,0.85009,0.48696,51.006,0.974,-1,400.000,-1,400.000,-1,325.000,325.000,300.000,300.000,-1,775.000,750.000,-1,750.000,750.000,-1,-1,2,0,2,0,2,0,0,0,0,2,0,0,2,0,0,2,2
115,13233.947,13754.494,-314.025,55.098,0.571938,-0.820131,-0.016513,0.819674,0.572172,-0.027448,0.031960,0.002164,0.999487,0,0.85117,0.47873,51.070,0.957,-1,400.000,-1,400.000,-1,325.000,325.000,300.000,300.000,-1,800.000,775.000,-1,750.000,725.000,-1,-1,2,0,2,0,2,0,0,0,0,2,0,0,2,0,0,2,2
116,13262.519,13796.916,-312.495,56.039,0.558399,-0.829412,-0.016305,0.828932,0.558632,-0.028332,0.032608,0.002305,0.999466,0,0.85243,0.47029,51.146,0.941,-1,400.000,-1,400.000,-1,325.000,325.000,300.000,300.000,-1,800.000,775.000,-1,750.000,725.000,-1,-1,2,0,2,0,2,0,0,0,0,2,0,0,2,0,0,2,2
117,13290.450,13839.864,-310.961,56.962,0.544962,-0.838306,-0.016105,0.837800,0.545195,-0.029220,0.033276,0.002431,0.999443,0,0.85387,0.46164,51.232,0.923,-1,400.000,-1,400.000,-1,325.000,325.000,300.000,300.000,-1,800.000,775.000,-1,775.000,725.000,-1,-1,2,0,2,0,2,0,0,0,0,2,0,0,2,0,0,2,2
118,13317.751,13883.331,-309.255,57.867,0.531636,-0.846819,-0.016176,0.846312,0.531878,-0.029358,0.033465,0.001918,0.999438,0,0.85549,0.45278,51.329,0.906,-1,400.000,-1,400.000,-1,325.000,325.000,300.000,300.000,-1,850.000,800.000,-1,775.000,725.000,-1,-1,2,0,2,0,2,0,0,0,0,2,0,0,2,0,0,2,2
119,13344.432,13927.307,-307.508,58.755,0.518444,-0.854956,-0.016339,0.854453,0.518700,-0.029341,0.033560,0.001250,0.999436,0,0.85729,0.44371,51.438,0.887,-1,400.000,-1,375.000,-1,325.000,325.000,300.000,300.000,-1,875.000,850.000,-1,775.000,725.000,-1,-1,2,0,2,0,2,0,0,0,0,2,0,0,2,0,0,2,2
120,13370.503,13971.787,-305.752,59.624,0.505404,-0.862723,-0.016576,0.862224,0.505676,-0.029360,0.033712,0.000547,0.999431,0,0.85928,0.43443,51.557,0.869,-1,400.000,-1,375.000,-1,325.000,325.000,300.000,300.000,-1,925.000,900.000,-1,775.000,725.000,-1,-1,2,0,2,0,2,0,0,0,0,2,0,0,2,0,0,2,2
121,13395.976,14016.762,-303.986,60.474,0.492534,-0.870129,-0.016885,0.869632,0.492824,-0.029408,0.033910,-0.000200,0.999425,0,0.86146,0.42494,51.687,0.850,-1,400.000,-1,375.000,-1,325.000,325.000,300.000,300.000,-1,950.000,925.000,-1,775.000,725.000,-1,-1,2,0,2,0,2,0,0,0,0,2,0,0,2,0,0,2,2
122,13420.863,14062.225,-302.199,61.304,0.479851,-0.877180,-0.017257,0.876688,0.480160,-0.029395,0.034071,-0.001024,0.999419,0,0.86382,0.41524,51.829,0.830,-1,400.000,-1,375.000,-1,325.000,325.000,300.000,300.000,-1,1000.000,950.000,-1,775.000,725.000,-1,-1,2,0,2,0,2,0,0,0,0,2,0,0,2,0,0,2,2
123,13445.175,14108.172,-300.402,62.115,0.467371,-0.883885,-0.017675,0.883398,0.467701,-0.029372,0.034228,-0.001887,0.999412,0,0.86638,0.40531,51.983,0.811,-1,400.000,-1,375.000,-1,325.000,325.000,300.000,300.000,-1,-1,1000.000,-1,775.000,750.000,-1,-1,2,0,2,0,2,0,0,0,0,2,2,0,2,0,0,2,2
124,13468.927,14154.597,-298.596,62.905,0.455111,-0.890250,-0.018138,0.889771,0.455464,-0.029338,0.034380,-0.002787,0.999405,0,0.86913,0.39517,52.148,0.790,-1,400.000,-1,375.000,-1,325.000,325.000,300.000,300.000,-1,-1,-1,-1,775.000,750.000,-1,-1,2,0,2,0,2,0,0,0,0,2,2,2,2,0,0,2,2
125,13492.131,14201.495,-296.779,63.675,0.443087,-0.896285,-0.018646,0.895814,0.443463,-0.029297,0.034527,-0.003722,0.999397,0,0.87208,0.38481,52.325,0.770,-1,400.000,-1,375.000,-1,325.000,325.000,300.000,300.000,-1,-1,-1,-1,775.000,750.000,-1,-1,2,0,2,0,2,0,0,0,0,2,2,2,2,0,0,2,2
126,13514.803,14248.864,-294.953,64.423,0.431314,-0.901997,-0.019199,0.901535,0.431716,-0.029249,0.034671,-0.004693,0.999388,0,0.87524,0.37423,52.514,0.748,-1,400.000,-1,375.000,-1,325.000,325.000,300.000,300.000,-1,-1,-1,-1,775.000,750.000,-1,-1,2,0,2,0,2,0,0,0,0,2,2,2,2,0,0,2,2
127,13535.019,14292.083,-293.292,64.932,0.423269,-0.905789,-0.019729,0.905336,0.423693,-0.029185,0.034795,-0.005508,0.999379,0,0.79524,0.25423,47.714,0.508,-1,400.000,-1,375.000,-1,325.000,325.000,300.000,300.000,-1,-1,-1,-1,775.000,750.000,-1,-1,2,0,2,0,2,0,0,0,0,2,2,2,2,0,0,2,2
128,13553.764,14332.650,-291.731,65.200,0.419000,-0.907761,-0.020238,0.907315,0.419443,-0.029095,0.034900,-0.006171,0.999372,0,0.74480,0.13423,44.688,0.268,-1,400.000,-1,375.000,-1,325.000,325.000,300.000,300.000,-1,-1,-1,-1,775.000,750.000,-1,-1,2,0,2,0,2,0,0,0,0,2,2,2,2,0,0,2,2
129,13572.565,14373.394,-290.128,65.229,0.418531,-0.907967,-0.020695,0.907523,0.418991,-0.029132,0.035121,-0.006588,0.999361,0,0.74788,0.01423,44.873,0.028,-1,400.000,-1,375.000,-1,325.000,325.000,300.000,300.000,-1,-1,-1,-1,775.000,750.000,-1,-1,2,0,2,0,2,0,0,0,0,2,2,2,2,0,0,2,2
130,13591.600,14414.246,-288.527,65.017,0.421864,-0.906411,-0.021206,0.905971,0.422339,-0.029084,0.035318,-0.006943,0.999352,0,0.75116,-0.10577,45.069,-0.212,-1,400.000,-1,375.000,-1,325.000,325.000,300.000,300.000,-1,-1,-1,-1,775.000,750.000,-1,-1,2,0,2,0,2,0,0,0,0,2,2,2,2,0,0,2,2
131,13611.010,14455.160,-286.906,64.620,0.428114,-0.903463,-0.021730,0.903025,0.428605,-0.029041,0.035552,-0.007190,0.999342,0,0.75475,-0.19837,45.285,-0.397,-1,400.000,-1,400.000,-1,325.000,325.000,300.000,300.000,-1,-1,-1,-1,775.000,775.000,-1,-1,2,0,2,0,2,0,0,0,0,2,2,2,2,0,0,2,2
132,13630.850,14496.209,-285.265,64.204,0.434645,-0.900326,-0.022281,0.899890,0.435152,-0.029001,0.035806,-0.007445,0.999331,0,0.75986,-0.20798,45.592,-0.416,-1,400.000,-1,400.000,-1,325.000,325.000,300.000,300.000,-1,-1,-1,-1,775.000,775.000,-1,-1,2,0,2,0,2,0,0,0,0,2,2,2,2,0,0,2,2
133,13651.080,14537.268,-283.593,63.770,0.441442,-0.896998,-0.022887,0.896566,0.441966,-0.028899,0.036038,-0.007762,0.999320,0,0.76287,-0.21727,45.772,-0.435,-1,400.000,-1,400.000,-1,325.000,325.000,300.000,300.000,-1,-1,-1,-1,775.000,775.000,-1,-1,2,0,2,0,2,0,0,0,0,2,2,2,2,0,0,2,2
134,13671.680,14578.267,-281.907,63.324,0.448391,-0.893528,-0.023516,0.893101,0.448934,-0.028797,0.036288,-0.008090,0.999309,0,0.76472,-0.22300,45.883,-0.446,-1,400.000,-1,400.000,-1,325.000,325.000,300.000,300.000,-1,-1,-1,-1,775.000,775.000,-1,-1,2,0,2,0,2,0,0,0,0,2,2,2,2,0,0,2,2
135,13692.622,14619.143,-280.281,62.872,0.455408,-0.889963,-0.023841,0.889540,0.455959,-0.028628,0.036349,-0.008170,0.999306,0,0.76547,-0.22567,45.928,-0.451,-1,400.000,-1,400.000,-1,325.000,325.000,300.000,300.000,-1,-1,-1,-1,775.000,775.000,-1,-1,2,0,2,0,2,0,0,0,0,2,2,2,2,0,0,2,2
136,13713.885,14659.853,-278.646,62.421,0.462396,-0.886343,-0.024187,0.885925,0.462955,-0.028465,0.036428,-0.008266,0.999302,0,0.76547,-0.22567,45.928,-0.451,-1,400.000,-1,400.000,-1,325.000,325.000,300.000,300.000,-1,-1,-1,-1,775.000,775.000,-1,-1,2,0,2,0,2,0,0,0,0,2,2,2,2,0,0,2,2
137,13735.469,14700.394,-277.009,61.970,0.469356,-0.882668,-0.024523,0.882254,0.469922,-0.028300,0.036504,-0.008352,0.999299,0,0.76547,-0.22567,45.928,-0.451,-1,400.000,-1,400.000,-1,325.000,325.000,300.000,300.000,-1,-1,-1,-1,775.000,775.000,-1,-1,2,0,2,0,2,0,0,0,0,2,2,2,2,0,0,2,2
