timestep,x_cm,y_cm,z_cm,yaw_deg,basis_xx,basis_xy,basis_xz,basis_yx,basis_yy,basis_yz,basis_zx,basis_zy,basis_zz,teleport_flag,throttle_cmd,steering_cmd,cmd_move_cm,cmd_turn_deg,lidar_cm_0,lidar_cm_1,lidar_cm_2,lidar_cm_3,lidar_cm_4,lidar_cm_5,lidar_cm_6,lidar_cm_7,lidar_cm_8,lidar_cm_9,lidar_cm_10,lidar_cm_11,lidar_cm_12,lidar_cm_13,lidar_cm_14,lidar_cm_15,lidar_cm_16,lidar_class_0,lidar_class_1,lidar_class_2,lidar_class_3,lidar_class_4,lidar_class_5,lidar_class_6,lidar_class_7,lidar_class_8,lidar_class_9,lidar_class_10,lidar_class_11,lidar_class_12,lidar_class_13,lidar_class_14,lidar_class_15,lidar_class_16
0,2292.509,6227.827,218.524,-132.736,-0.678475,0.734195,0.025097,-0.734596,-0.678349,-0.014555,0.006338,-0.028311,0.999579,1,0.08000,0.12000,4.800,0.240,-1,425.000,-1,400.000,-1,325.000,325.000,325.000,325.000,-1,-1,-1,-1,850.000,800.000,-1,-1,2,0,2,0,2,0,0,0,0,2,2,2,2,0,0,2,2
1,2286.049,6220.726,218.577,-132.292,-0.672781,0.739429,0.024699,-0.739821,-0.672636,-0.015028,0.005501,-0.028384,0.999582,0,0.16000,0.22207,9.600,0.444,-1,425.000,-1,400.000,-1,325.000,325.000,325.000,325.000,-1,-1,-1,-1,850.000,800.000,-1,-1,2,0,2,0,2,0,0,0,0,2,2,2,2,0,0,2,2
2,2276.442,6209.999,218.666,-131.849,-0.667069,0.744606,0.024101,-0.744983,-0.666897,-0.015741,0.004352,-0.028455,0.999586,0,0.24000,0.22149,14.400,0.443,-1,425.000,-1,400.000,-1,325.000,325.000,325.000,325.000,-1,-1,-1,-1,850.000,800.000,-1,-1,2,0,2,0,2,0,0,0,0,2,2,2,2,0,0,2,2
3,2263.743,6195.599,218.775,-131.408,-0.661345,0.749720,0.023294,-0.750076,-0.661143,-0.016627,0.002935,-0.028469,0.999590,0,0.32000,0.22063,19.200,0.441,-1,425.000,-1,400.000,-1,325.000,325.000,325.000,300.000,-1,-1,-1,-1,850.000,800.000,-1,-1,2,0,2,0,2,0,0,0,0,2,2,2,2,0,0,2,2
4,2248.007,6177.477,218.862,-130.969,-0.655615,0.754767,0.022250,-0.755094,-0.655383,-0.017510,0.001367,-0.028281,0.999599,0,0.40000,0.21948,24.000,0.439,-1,425.000,-1,400.000,-1,325.000,325.000,325.000,300.000,-1,-1,-1,-1,825.000,775.000,-1,-1,2,0,2,0,2,0,0,0,0,2,2,2,2,0,0,2,2
5,2229.291,6155.588,218.886,-130.532,-0.649884,0.759731,0.021442,-0.760034,-0.649617,-0.018609,-0.000209,-0.028391,0.999597,0,0.48000,0.21805,28.800,0.436,-1,400.000,-1,400.000,-1,325.000,325.000,325.000,300.000,-1,-1,-1,-1,825.000,775.000,-1,-1,2,0,2,0,2,0,0,0,0,2,2,2,2,0,0,2,2
6,2207.649,6129.886,218.775,-130.100,-0.644156,0.764600,0.021234,-0.764893,-0.643849,-0.019929,-0.001567,-0.029079,0.999576,0,0.56000,0.21633,33.600,0.433,-1,400.000,-1,400.000,-1,325.000,325.000,325.000,300.000,-1,-1,-1,-1,825.000,775.000,-1,-1,2,0,2,0,2,0,0,0,0,2,2,2,2,0,0,2,2
7,2183.135,6100.329,218.641,-129.671,-0.638449,0.769376,0.021058,-0.769658,-0.638096,-0.021445,-0.003062,-0.029900,0.999548,0,0.64000,0.21430,38.400,0.429,-1,400.000,-1,400.000,-1,325.000,325.000,325.000,300.000,-1,-1,-1,-1,800.000,775.000,-1,-1,2,0,2,0,2,0,0,0,0,2,2,2,2,0,0,2,2
8,2155.804,6066.873,218.479,-129.247,-0.632773,0.774054,0.020930,-0.774323,-0.632367,-0.023155,-0.004688,-0.030858,0.999513,0,0.72000,0.21198,43.200,0.424,-1,400.000,-1,400.000,-1,325.000,325.000,325.000,300.000,-1,-1,-1,-1,800.000,750.000,-1,-1,2,0,2,0,2,0,0,0,0,2,2,2,2,0,0,2,2
9,2125.709,6029.480,218.289,-128.829,-0.627140,0.778627,0.020860,-0.778880,-0.626672,-0.025056,-0.006437,-0.031962,0.999468,0,0.80000,0.20935,48.000,0.419,-1,400.000,-1,400.000,-1,325.000,325.000,325.000,300.000,-1,-1,-1,-1,800.000,750.000,-1,-1,2,0,2,0,2,0,0,0,0,2,2,2,2,0,0,2,2
10,2093.946,5989.426,218.076,-128.416,-0.621557,0.783091,0.020860,-0.783326,-0.621022,-0.027074,-0.008247,-0.033168,0.999416,0,0.85200,0.20640,51.120,0.413,-1,400.000,-1,400.000,-1,325.000,325.000,300.000,300.000,-1,-1,-1,-1,775.000,750.000,-1,-1,2,0,2,0,2,0,0,0,0,2,2,2,2,0,0,2,2
11,2062.401,5949.063,217.857,-128.009,-0.616030,0.787445,0.020922,-0.787659,-0.615426,-0.029061,-0.010007,-0.034382,0.999359,0,0.85379,0.20322,51.227,0.406,-1,400.000,-1,400.000,-1,325.000,325.000,300.000,300.000,-1,-1,-1,-1,775.000,725.000,-1,-1,2,0,2,0,2,0,0,0,0,2,2,2,2,0,0,2,2
12,2031.110,5908.438,217.629,-127.606,-0.610516,0.791725,0.021048,-0.791917,-0.609839,-0.031025,-0.011727,-0.035609,0.999297,0,0.85465,0.20172,51.279,0.403,-1,400.000,-1,400.000,-1,325.000,325.000,300.000,300.000,-1,-1,-1,-1,750.000,725.000,-1,-1,2,0,2,0,2,0,0,0,0,2,2,2,2,0,0,2,2
13,2000.106,5867.594,217.399,-127.202,-0.604972,0.795963,0.021263,-0.796134,-0.604222,-0.032963,-0.013390,-0.036870,0.999230,0,0.85465,0.20172,51.279,0.403,-1,400.000,-1,375.000,-1,325.000,325.000,300.000,300.000,-1,-1,-1,-1,750.000,700.000,-1,-1,2,0,2,0,2,0,0,0,0,2,2,2,2,0,0,2,2
14,1969.390,5826.532,217.162,-126.799,-0.599398,0.800159,0.021619,-0.800313,-0.598574,-0.034777,-0.014887,-0.038147,0.999161,0,0.85465,0.20172,51.279,0.403,-1,400.000,-1,375.000,-1,325.000,325.000,300.000,300.000,-1,-1,-1,-1,725.000,700.000,-1,-1,2,0,2,0,2,0,0,0,0,2,2,2,2,0,0,2,2
15,1939.921,5786.904,216.525,-126.636,-0.597109,0.801869,0.021592,-0.802023,-0.596293,-0.034544,-0.014825,-0.037944,0.999170,0,0.82306,0.08172,49.384,0.163,-1,400.000,-1,375.000,-1,325.000,325.000,300.000,300.000,-1,-1,-1,-1,700.000,700.000,-1,-1,2,0,2,0,2,0,0,0,0,2,2,2,2,0,0,2,2
16,1910.400,5747.316,215.915,-126.712,-0.598173,0.801074,0.021687,-0.801236,-0.597366,-0.034290,-0.014514,-0.037887,0.999177,0,0.82306,-0.03828,49.384,-0.077,-1,400.000,-1,375.000,-1,325.000,325.000,300.000,300.000,-1,-1,-1,-1,700.000,700.000,-1,-1,2,0,2,0,2,0,0,0,0,2,2,2,2,0,0,2,2
17,1880.660,5707.891,215.329,-127.029,-0.602579,0.797757,0.021971,-0.797938,-0.601779,-0.034009,-0.013909,-0.038024,0.999180,0,0.82306,-0.15828,49.384,-0.317,-1,400.000,-1,375.000,-1,325.000,300.000,300.000,325.000,-1,-1,-1,-1,700.000,675.000,-1,-1,2,0,2,0,2,0,0,0,0,2,2,2,2,0,0,2,2
18,1850.568,5668.736,214.757,-127.544,-0.609712,0.792299,0.022646,-0.792518,-0.608917,-0.033699,-0.012910,-0.038494,0.999175,0,0.82306,-0.25760,49.384,-0.515,-1,375.000,-1,375.000,-1,325.000,300.000,300.000,325.000,-1,-1,-1,-1,675.000,675.000,-1,-1,2,0,2,0,2,0,0,0,0,2,2,2,2,0,0,2,2
19,1820.124,5629.852,214.253,-128.059,-0.616794,0.786774,0.023491,-0.787037,-0.616003,-0.033373,-0.011787,-0.039072,0.999167,0,0.82306,-0.25760,49.384,-0.515,-1,375.000,-1,375.000,-1,325.000,300.000,300.000,325.000,-1,-1,-1,-1,675.000,675.000,-1,-1,2,0,2,0,2,0,0,0,0,2,2,2,2,0,0,2,2
20,1789.332,5591.244,213.799,-128.574,-0.623823,0.781184,0.024418,-0.781494,-0.623037,-0.033036,-0.010594,-0.039691,0.999156,0,0.82306,-0.25760,49.384,-0.515,-1,375.000,-1,375.000,-1,300.000,300.000,300.000,325.000,-1,-1,-1,-1,650.000,675.000,-1,-1,2,0,2,0,2,0,0,0,0,2,2,2,2,0,0,2,2
21,1758.194,5552.914,213.394,-129.089,-0.630798,0.775530,0.025428,-0.775891,-0.630020,-0.032691,-0.009332,-0.040351,0.999142,0,0.82306,-0.25760,49.384,-0.515,-1,375.000,-1,375.000,-1,300.000,300.000,300.000,325.000,-1,-1,-1,-1,650.000,675.000,-1,-1,2,0,2,0,2,0,0,0,0,2,2,2,2,0,0,2,2
22,1726.713,5514.866,213.039,-129.605,-0.637720,0.769812,0.026522,-0.770227,-0.636949,-0.032339,-0.008002,-0.041051,0.999125,0,0.82306,-0.25760,49.384,-0.515,-1,375.000,-1,375.000,-1,300.000,300.000,300.000,325.000,-1,-1,-1,-1,650.000,675.000,-1,-1,2,0,2,0,2,0,0,0,0,2,2,2,2,0,0,2,2
23,1694.891,5477.102,212.737,-130.120,-0.644586,0.764030,0.027684,-0.764503,-0.643826,-0.031982,-0.006612,-0.041779,0.999105,0,0.82306,-0.25760,49.384,-0.515,-1,375.000,-1,375.000,-1,300.000,300.000,300.000,325.000,-1,-1,-1,-1,625.000,675.000,-1,-1,2,0,2,0,2,0,0,0,0,2,2,2,2,0,0,2,2
24,1662.731,5439.626,212.489,-130.635,-0.651397,0.758186,0.028904,-0.758719,-0.650650,-0.031622,-0.005169,-0.042528,0.999082,0,0.82306,-0.25760,49.384,-0.515,-1,375.000,-1,375.000,-1,300.000,300.000,300.000,325.000,-1,-1,-1,-1,625.000,675.000,-1,-1,2,0,2,0,2,0,0,0,0,2,2,2,2,0,0,2,2
25,1630.235,5402.441,212.396,-131.150,-0.658141,0.752293,0.030095,-0.752888,-0.657430,-0.030745,-0.003344,-0.042893,0.999074,0,0.82306,-0.25760,49.384,-0.515,-1,350.000,-1,375.000,-1,300.000,300.000,300.000,325.000,-1,-1,-1,-1,625.000,650.000,-1,-1,2,0,2,0,2,0,0,0,0,2,2,2,2,0,0,2,2
26,1597.405,5365.550,212.451,-131.665,-0.664817,0.746351,0.031277,-0.747005,-0.664168,-0.029388,-0.001161,-0.042902,0.999079,0,0.82306,-0.25760,49.384,-0.515,-1,350.000,-1,375.000,-1,300.000,300.000,300.000,325.000,-1,-1,-1,-1,625.000,650.000,-1,-1,2,0,2,0,2,0,0,0,0,2,2,2,2,0,0,2,2
27,1564.245,5328.955,212.724,-132.181,-0.671422,0.740366,0.032426,-0.741074,-0.670867,-0.027323,0.001524,-0.042375,0.999101,0,0.82306,-0.25760,49.384,-0.515,-1,350.000,-1,375.000,-1,300.000,300.000,300.000,325.000,-1,750.000,750.000,-1,625.000,650.000,-1,-1,2,0,2,0,2,0,0,0,0,2,0,0,2,0,0,2,2
28,1530.757,5292.661,213.318,-132.696,-0.677947,0.734348,0.033484,-0.735094,-0.677539,-0.024050,0.005026,-0.040919,0.999150,0,0.82306,-0.25760,49.384,-0.515,-1,350.000,-1,375.000,-1,300.000,300.000,300.000,325.000,-1,625.000,625.000,-1,625.000,675.000,-1,-1,2,0,2,0,2,0,0,0,0,2,0,0,2,0,0,2,2
29,1496.944,5256.669,213.979,-133.211,-0.684417,0.728266,0.034674,-0.729041,-0.684151,-0.020889,0.008510,-0.039576,0.999180,0,0.82306,-0.25760,49.384,-0.515,-1,350.000,-1,375.000,-1,300.000,300.000,300.000,325.000,-1,550.000,550.000,-1,625.000,675.000,-1,-1,2,0,2,0,2,0,0,0,0,2,0,0,2,0,0,2,2
30,1462.809,5220.982,214.707,-133.726,-0.690832,0.722119,0.035993,-0.722916,-0.690705,-0.017843,0.011976,-0.038346,0.999193,0,0.82306,-0.25760,49.384,-0.515,-1,350.000,-1,375.000,-1,300.000,300.000,300.000,325.000,-1,500.000,475.000,-1,625.000,675.000,-1,-1,2,0,2,0,2,0,0,0,0,2,0,0,2,0,0,2,2
31,1428.354,5185.604,215.502,-134.241,-0.697189,0.715909,0.037437,-0.716722,-0.697200,-0.014916,0.015423,-0.037231,0.999188,0,0.82306,-0.25760,49.384,-0.515,-1,350.000,-1,375.000,-1,300.000,300.000,300.000,325.000,-1,450.000,450.000,-1,650.000,675.000,-1,-1,2,0,2,0,2,0,0,0,0,2,0,0,2,0,0,2,2
32,1393.582,5150.537,216.387,-134.757,-0.703488,0.709635,0.039014,-0.710459,-0.703633,-0.012217,0.018782,-0.036313,0.999164,0,0.82306,-0.25760,49.384,-0.515,-1,375.000,-1,375.000,-1,300.000,300.000,300.000,325.000,-1,425.000,400.000,-1,650.000,675.000,-1,-1,2,0,2,0,2,0,0,0,0,2,0,0,2,0,0,2,2
33,1358.497,5115.784,217.354,-135.272,-0.709726,0.703299,0.040741,-0.704131,-0.710004,-0.009690,0.022112,-0.035564,0.999123,0,0.82306,-0.25760,49.384,-0.515,-1,375.000,-1,375.000,-1,300.000,300.000,300.000,325.000,-1,400.000,375.000,-1,650.000,700.000,-1,-1,2,0,2,0,2,0,0,0,0,2,0,0,2,0,0,2,2
34,1323.101,5081.348,218.389,-135.787,-0.715901,0.696902,0.042588,-0.697739,-0.716315,-0.007290,0.025426,-0.034934,0.999066,0,0.82306,-0.25760,49.384,-0.515,-1,375.000,-1,375.000,-1,300.000,300.000,300.000,325.000,-1,375.000,375.000,-1,650.000,700.000,-1,-1,2,0,2,0,2,0,0,0,0,2,0,0,2,0,0,2,2
35,1287.396,5047.231,219.490,-136.302,-0.722012,0.690445,0.044543,-0.691284,-0.722566,-0.005020,0.028719,-0.034417,0.998995,0,0.82306,-0.25760,49.384,-0.515,-1,375.000,-1,375.000,-1,300.000,300.000,300.000,325.000,-1,350.000,350.000,-1,675.000,700.000,-1,-1,2,0,2,0,2,0,0,0,0,2,0,0,2,0,0,2,2
36,1251.386,5013.437,220.658,-136.817,-0.728058,0.683929,0.046604,-0.684768,-0.728755,-0.002884,0.031990,-0.034013,0.998909,0,0.82306,-0.25760,49.384,-0.515,-1,375.000,-1,375.000,-1,300.000,300.000,300.000,325.000,-1,350.000,325.000,-1,675.000,725.000,-1,-1,2,0,2,0,2,0,0,0,0,2,0,0,2,0,0,2,2
37,1215.074,4979.968,221.924,-137.333,-0.734046,0.677358,0.048604,-0.678190,-0.734886,-0.000858,0.035137,-0.033593,0.998818,0,0.82306,-0.25760,49.384,-0.515,-1,375.000,-1,375.000,-1,300.000,325.000,300.000,325.000,-1,350.000,325.000,-1,675.000,725.000,-1,-1,2,0,2,0,2,0,0,0,0,2,0,0,2,0,0,2,2
38,1178.462,4946.826,223.457,-137.848,-0.739997,0.670740,0.050113,-0.671542,-0.740966,0.001128,0.037889,-0.032818,0.998743,0,0.82306,-0.25760,49.384,-0.515,-1,375.000,-1,400.000,-1,300.000,325.000,300.000,325.000,-1,350.000,325.000,-1,700.000,750.000,-1,-1,2,0,2,0,2,0,0,0,0,2,0,0,2,0,0,2,2
39,1145.266,4917.065,224.997,-138.123,-0.743092,0.667180,0.051823,-0.667967,-0.744186,0.002790,0.040427,-0.032543,0.998652,0,0.74306,-0.13760,44.584,-0.275,-1,375.000,-1,400.000,-1,300.000,325.000,300.000,325.000,-1,350.000,300.000,-1,700.000,775.000,-1,-1,2,0,2,0,2,0,0,0,0,2,0,0,2,0,0,2,2
40,1115.627,4890.527,226.590,-138.158,-0.743448,0.666741,0.052359,-0.667479,-0.744616,0.004394,0.041917,-0.031682,0.998619,0,0.66306,-0.01760,39.784,-0.035,-1,375.000,-1,400.000,-1,325.000,325.000,300.000,325.000,-1,375.000,325.000,-1,725.000,775.000,-1,-1,2,0,2,0,2,0,0,0,0,2,0,0,2,0,0,2,2
41,1089.279,4866.764,228.116,-137.953,-0.741037,0.669418,0.052384,-0.670098,-0.742250,0.005876,0.042816,-0.030748,0.998610,0,0.59135,0.10240,35.481,0.205,-1,375.000,-1,400.000,-1,325.000,325.000,300.000,325.000,-1,375.000,325.000,-1,725.000,800.000,-1,-1,2,0,2,0,2,0,0,0,0,2,0,0,2,0,0,2,2
42,1063.115,4842.798,229.646,-137.509,-0.735792,0.675174,0.052434,-0.675803,-0.737046,0.007328,0.043594,-0.030043,0.998597,0,0.59135,0.22240,35.481,0.445,-1,375.000,-1,400.000,-1,325.000,325.000,300.000,325.000,-1,400.000,350.000,-1,725.000,800.000,-1,-1,2,0,2,0,2,0,0,0,0,2,0,0,2,0,0,2,2
43,1037.241,4818.520,231.177,-136.824,-0.727643,0.683945,0.052493,-0.684528,-0.728934,0.008748,0.044247,-0.029567,0.998583,0,0.59135,0.34240,35.481,0.685,-1,375.000,-1,400.000,-1,325.000,325.000,300.000,325.000,-1,425.000,350.000,-1,725.000,800.000,-1,-1,2,0,2,0,2,0,0,0,0,2,0,0,2,0,0,2,2
44,1011.761,4793.828,232.688,-135.899,-0.716481,0.695625,0.052552,-0.696172,-0.717804,0.010050,0.044713,-0.029384,0.998568,0,0.59135,0.46240,35.481,0.925,-1,375.000,-1,400.000,-1,325.000,325.000,300.000,325.000,-1,425.000,375.000,-1,750.000,800.000,-1,-1,2,0,2,0,2,0,0,0,0,2,0,0,2,0,0,2,2
45,986.789,4768.623,234.190,-134.734,-0.702164,0.710070,0.052592,-0.710589,-0.703516,0.011314,0.045033,-0.029427,0.998552,0,0.59135,0.58232,35.481,1.165,-1,375.000,-1,400.000,-1,325.000,325.000,300.000,325.000,-1,425.000,375.000,-1,750.000,825.000,-1,-1,2,0,2,0,2,0,0,0,0,2,0,0,2,0,0,2,2
46,962.334,4742.916,235.685,-133.570,-0.687561,0.724221,0.052578,-0.724713,-0.688937,0.012521,0.045291,-0.029495,0.998538,0,0.59135,0.58232,35.481,1.165,-1,400.000,-1,400.000,-1,325.000,325.000,300.000,300.000,-1,450.000,375.000,-1,750.000,825.000,-1,-1,2,0,2,0,2,0,0,0,0,2,0,0,2,0,0,2,2
47,938.407,4716.717,237.175,-132.405,-0.672675,0.738072,0.052514,-0.738539,-0.674072,0.013658,0.045479,-0.029596,0.998527,0,0.59135,0.58232,35.481,1.165,-1,400.000,-1,400.000,-1,325.000,325.000,300.000,300.000,-1,450.000,400.000,-1,775.000,825.000,-1,-1,2,0,2,0,2,0,0,0,0,2,0,0,2,0,0,2,2
48,915.017,4690.037,238.662,-131.240,-0.657514,0.751617,0.052407,-0.752062,-0.658929,0.014712,0.045590,-0.029740,0.998517,0,0.59135,0.58232,35.481,1.165,-1,400.000,-1,400.000,-1,325.000,325.000,300.000,300.000,-1,475.000,400.000,-1,775.000,850.000,-1,-1,2,0,2,0,2,0,0,0,0,2,0,0,2,0,0,2,2
49,892.175,4662.887,240.140,-130.076,-0.642084,0.764851,0.052259,-0.765275,-0.643512,0.015690,0.045630,-0.029919,0.998510,0,0.59135,0.58232,35.481,1.165,-1,400.000,-1,400.000,-1,325.000,325.000,300.000,300.000,-1,475.000,425.000,-1,775.000,850.000,-1,-1,2,0,2,0,2,0,0,0,0,2,0,0,2,0,0,2,2
50,869.888,4635.278,241.607,-128.911,-0.626391,0.777768,0.052078,-0.778175,-0.627829,0.016586,0.045596,-0.030136,0.998505,0,0.59135,0.58232,35.481,1.165,-1,400.000,-1,400.000,-1,325.000,325.000,300.000,300.000,-1,475.000,425.000,-1,775.000,850.000,-1,-1,2,0,2,0,2,0,0,0,0,2,0,0,2,0,0,2,2
51,848.168,4607.222,243.063,-127.746,-0.610441,0.790362,0.051867,-0.790754,-0.611886,0.017400,0.045489,-0.030392,0.998502,0,0.59135,0.58232,35.481,1.165,-1,400.000,-1,400.000,-1,325.000,325.000,300.000,300.000,-1,500.000,450.000,-1,800.000,875.000,-1,-1,2,0,2,0,2,0,0,0,0,2,0,0,2,0,0,2,2
52,827.023,4578.731,244.507,-126.582,-0.594241,0.802628,0.051632,-0.803010,-0.595690,0.018132,0.045310,-0.030686,0.998502,0,0.59135,0.58232,35.481,1.165,-1,400.000,-1,400.000,-1,325.000,325.000,300.000,300.000,-1,525.000,475.000,-1,800.000,875.000,-1,-1,2,0,2,0,2,0,0,0,0,2,0,0,2,0,0,2,2
53,806.461,4549.815,245.940,-125.417,-0.577797,0.814562,0.051376,-0.814936,-0.579247,0.018782,0.045058,-0.031016,0.998503,0,0.59135,0.58232,35.481,1.165,-1,400.000,-1,400.000,-1,325.000,325.000,300.000,300.000,-1,525.000,475.000,-1,825.000,875.000,-1,-1,2,0,2,0,2,0,0,0,0,2,0,0,2,0,0,2,2
54,786.491,4520.488,247.361,-124.253,-0.561117,0.826157,0.051106,-0.826527,-0.562565,0.019349,0.044736,-0.031383,0.998506,0,0.59135,0.58232,35.481,1.165,-1,400.000,-1,400.000,-1,325.000,325.000,300.000,300.000,-1,550.000,500.000,-1,850.000,900.000,-1,-1,2,0,2,0,2,0,0,0,0,2,0,0,2,0,0,2,2
55,767.121,4490.761,248.893,-123.088,-0.544208,0.837398,0.051008,-0.837797,-0.545641,0.019285,0.043981,-0.032239,0.998512,0,0.59135,0.58232,35.481,1.165,-1,400.000,-1,400.000,-1,325.000,325.000,300.000,300.000,-1,575.000,525.000,-1,850.000,900.000,-1,-1,2,0,2,0,2,0,0,0,0,2,0,0,2,0,0,2,2
56,748.360,4460.646,250.415,-121.923,-0.527076,0.848291,0.050929,-0.848722,-0.528493,0.019139,0.043151,-0.033137,0.998519,0,0.59135,0.58232,35.481,1.165,-1,400.000,-1,400.000,-1,325.000,325.000,300.000,300.000,-1,600.000,575.000,-1,850.000,900.000,-1,-1,2,0,2,0,2,0,0,0,0,2,0,0,2,0,0,2,2
57,730.214,4430.156,251.909,-120.759,-0.509727,0.858832,0.050848,-0.859296,-0.511126,0.018987,0.042296,-0.034015,0.998526,0,0.59135,0.58232,35.481,1.165,-1,400.000,-1,425.000,-1,325.000,325.000,300.000,300.000,-1,650.000,600.000,-1,875.000,900.000,-1,-1,2,0,2,0,2,0,0,0,0,2,0,0,2,0,0,2,2
58,712.692,4399.303,253.317,-119.594,-0.492186,0.869025,0.050492,-0.869512,-0.493554,0.018787,0.041247,-0.034657,0.998548,0,0.59135,0.58232,35.481,1.165,-1,400.000,-1,425.000,-1,325.000,325.000,300.000,300.000,-1,675.000,650.000,-1,875.000,900.000,-1,-1,2,0,2,0,2,0,0,0,0,2,0,0,2,0,0,2,2
59,695.801,4368.101,254.647,-118.429,-0.474456,0.878863,0.049905,-0.879368,-0.475781,0.018529,0.040029,-0.035094,0.998582,0,0.59135,0.58232,35.481,1.165,-1,400.000,-1,425.000,-1,325.000,325.000,300.000,300.000,-1,725.000,700.000,-1,875.000,925.000,-1,-1,2,0,2,0,2,0,0,0,0,2,0,0,2,0,0,2,2
60,679.548,4336.562,255.869,-117.265,-0.456553,0.888349,0.048949,-0.888860,-0.457818,0.018174,0.038554,-0.035212,0.998636,0,0.59135,0.58232,35.481,1.165,-1,400.000,-1,425.000,-1,325.000,325.000,300.000,300.000,-1,775.000,750.000,-1,900.000,925.000,-1,-1,2,0,2,0,2,0,0,0,0,2,0,0,2,0,0,2,2
61,663.938,4304.699,257.066,-116.100,-0.438460,0.897467,0.048016,-0.897986,-0.439665,0.017783,0.037070,-0.035320,0.998688,0,0.59135,0.58232,35.481,1.165,-1,400.000,-1,425.000,-1,325.000,325.000,300.000,300.000,-1,825.000,800.000,-1,900.000,925.000,-1,-1,2,0,2,0,2,0,0,0,0,2,0,0,2,0,0,2,2
62,648.980,4272.526,258.237,-114.935,-0.420185,0.906215,0.047107,-0.906741,-0.421331,0.017360,0.035579,-0.035420,0.998739,0,0.59135,0.58232,35.481,1.165,-1,400.000,-1,425.000,-1,325.000,325.000,300.000,300.000,-1,875.000,850.000,-1,900.000,950.000,-1,-1,2,0,2,0,2,0,0,0,0,2,0,0,2,0,0,2,2
63,634.679,4240.055,259.384,-113.771,-0.401735,0.914588,0.046225,-0.915121,-0.402824,0.016907,0.034083,-0.035510,0.998788,0,0.59135,0.58232,35.481,1.165,-1,400.000,-1,425.000,-1,325.000,325.000,300.000,300.000,-1,925.000,925.000,-1,900.000,950.000,-1,-1,2,0,2,0,2,0,0,0,0,2,0,0,2,0,0,2,2
64,621.040,4207.300,260.505,-112.606,-0.383118,0.922584,0.045372,-0.923125,-0.384150,0.016426,0.032584,-0.035591,0.998835,0,0.59135,0.58232,35.481,1.165,-1,400.000,-1,400.000,-1,325.000,325.000,300.000,300.000,-1,1000.000,1000.000,-1,900.000,950.000,-1,-1,2,0,2,0,2,0,0,0,0,2,0,0,2,0,0,2,2
65,608.070,4174.275,261.594,-111.441,-0.364339,0.930199,0.044584,-0.930747,-0.365317,0.015932,0.031107,-0.035692,0.998879,0,0.59135,0.58232,35.481,1.165,-1,400.000,-1,400.000,-1,325.000,325.000,300.000,300.000,-1,-1,-1,-1,925.000,950.000,-1,-1,2,0,2,0,2,0,0,0,0,2,2,2,2,0,0,2,2
66,595.774,4140.992,262.648,-110.277,-0.345406,0.937427,0.043876,-0.937985,-0.346334,0.015432,0.029662,-0.035824,0.998918,0,0.59135,0.58232,35.481,1.165,-1,400.000,-1,425.000,-1,325.000,325.000,300.000,325.000,-1,-1,-1,-1,925.000,950.000,-1,-1,2,0,2,0,2,0,0,0,0,2,2,2,2,0,0,2,2
67,584.157,4107.467,263.676,-109.112,-0.326328,0.944269,0.043205,-0.944835,-0.327207,0.014920,0.028225,-0.035953,0.998955,0,0.59135,0.58232,35.481,1.165,-1,425.000,-1,425.000,-1,325.000,325.000,300.000,325.000,-1,-1,-1,-1,950.000,975.000,-1,-1,2,0,2,0,2,0,0,0,0,2,2,2,2,0,0,2,2
68,573.224,4073.713,264.678,-107.948,-0.307114,0.950720,0.042574,-0.951295,-0.307945,0.014397,0.026798,-0.036079,0.998990,0,0.59135,0.58232,35.481,1.165,-1,425.000,-1,425.000,-1,325.000,325.000,300.000,325.000,-1,-1,-1,-1,975.000,975.000,-1,-1,2,0,2,0,2,0,0,0,0,2,2,2,2,0,0,2,2
69,561.593,4035.148,265.779,-106.783,-0.287783,0.956779,0.041883,-0.957362,-0.288563,0.013795,0.025285,-0.036127,0.999027,0,0.67135,0.58216,40.281,1.164,-1,425.000,-1,425.000,-1,325.000,325.000,300.000,325.000,-1,-1,-1,-1,1000.000,975.000,-1,-1,2,0,2,0,2,0,0,0,0,2,2,2,2,0,0,2,2
70,550.516,3995.523,266.870,-105.619,-0.268332,0.962444,0.041230,-0.963033,-0.269061,0.013178,0.023776,-0.036170,0.999063,0,0.68574,0.58216,41.145,1.164,-1,425.000,-1,425.000,-1,350.000,325.000,300.000,325.000,-1,-1,-1,-1,-1,1000.000,-1,-1,2,0,2,0,2,0,0,0,0,2,2,2,2,2,0,2,2
71,540.247,3955.681,267.603,-104.455,-0.248783,0.967663,0.041663,-0.968327,-0.249436,0.011201,0.021231,-0.037556,0.999069,0,0.68574,0.58216,41.145,1.164,-1,425.000,-1,425.000,-1,350.000,350.000,300.000,325.000,-1,-1,-1,-1,-1,1000.000,-1,-1,2,0,2,0,2,0,0,0,0,2,2,2,2,2,0,2,2
72,530.789,3915.638,268.281,-103.290,-0.229135,0.972476,0.042279,-0.973216,-0.229709,0.009190,0.018649,-0.039041,0.999064,0,0.68574,0.58216,41.145,1.164,-1,425.000,-1,425.000,-1,350.000,350.000,300.000,325.000,-1,-1,-1,-1,-1,-1,-1,-1,2,0,2,0,2,0,0,0,0,2,2,2,2,2,2,2,2
73,522.147,3875.411,268.873,-102.126,-0.209391,0.976892,0.042856,-0.977697,-0.209890,0.007431,0.016254,-0.040344,0.999054,0,0.68574,0.58216,41.145,1.164,-1,425.000,-1,425.000,-1,350.000,350.000,300.000,325.000,-1,-1,-1,-1,-1,-1,-1,-1,2,0,2,0,2,0,0,0,0,2,2,2,2,2,2,2,2
74,514.324,3835.018,268.999,-100.962,-0.189628,0.980967,0.041773,-0.981771,-0.189998,0.005057,0.012898,-0.040052,0.999114,0,0.68574,0.58216,41.145,1.164,-1,425.000,-1,425.000,-1,350.000,350.000,300.000,325.000,-1,-1,-1,-1,-1,-1,-1,-1,2,0,2,0,2,0,0,0,0,2,2,2,2,2,2,2,2
75,507.323,3794.473,269.020,-99.797,-0.169776,0.984647,0.040576,-0.985435,-0.170030,0.002863,0.009718,-0.039499,0.999172,0,0.68574,0.58216,41.145,1.164,-1,425.000,-1,425.000,-1,325.000,325.000,300.000,325.000,-1,-1,-1,-1,-1,-1,-1,-1,2,0,2,0,2,0,0,0,0,2,2,2,2,2,2,2,2
76,501.147,3753.795,268.962,-98.633,-0.149843,0.987926,0.039357,-0.988687,-0.149991,0.000814,0.006707,-0.038789,0.999225,0,0.68574,0.58216,41.145,1.164,-1,425.000,-1,425.000,-1,325.000,325.000,300.000,325.000,-1,-1,-1,-1,-1,1000.000,-1,-1,2,0,2,0,2,0,0,0,0,2,2,2,2,2,0,2,2
77,495.798,3713.000,268.878,-97.469,-0.129842,0.990796,0.038267,-0.991528,-0.129889,-0.001263,0.003719,-0.038106,0.999267,0,0.68574,0.58216,41.145,1.164,-1,425.000,-1,425.000,-1,325.000,325.000,275.000,325.000,-1,-1,-1,-1,-1,1000.000,-1,-1,2,0,2,0,2,0,0,0,0,2,2,2,2,2,0,2,2
78,491.280,3672.104,268.768,-96.304,-0.109781,0.993255,0.037306,-0.993956,-0.109732,-0.003363,0.000753,-0.037449,0.999298,0,0.68574,0.58216,41.145,1.164,-1,400.000,-1,425.000,-1,325.000,325.000,300.000,300.000,-1,-1,-1,-1,-1,1000.000,-1,-1,2,0,2,0,2,0,0,0,0,2,2,2,2,2,0,2,2
79,487.594,3631.125,268.631,-95.140,-0.089670,0.995303,0.036474,-0.995969,-0.089529,-0.005483,-0.002192,-0.036818,0.999320,0,0.68574,0.58216,41.145,1.164,-1,400.000,-1,425.000,-1,325.000,325.000,300.000,300.000,-1,-1,-1,-1,-1,1000.000,-1,-1,2,0,2,0,2,0,0,0,0,2,2,2,2,2,0,2,2
80,484.742,3590.080,268.470,-93.976,-0.069517,0.996939,0.035771,-0.997568,-0.069287,-0.007617,-0.005115,-0.036213,0.999331,0,0.68574,0.58216,41.145,1.164,-1,425.000,-1,425.000,-1,325.000,325.000,300.000,300.000,-1,-1,-1,-1,-1,1000.000,-1,-1,2,0,2,0,2,0,0,0,0,2,2,2,2,2,0,2,2
81,482.724,3548.985,268.284,-92.811,-0.049332,0.998162,0.035196,-0.998750,-0.049017,-0.009762,-0.008018,-0.035634,0.999333,0,0.68574,0.58216,41.145,1.164,-1,425.000,-1,425.000,-1,325.000,325.000,300.000,300.000,-1,-1,-1,-1,-1,975.000,-1,-1,2,0,2,0,2,0,0,0,0,2,2,2,2,2,0,2,2
82,481.541,3507.857,268.075,-91.647,-0.029123,0.998972,0.034750,-0.999516,-0.028724,-0.011913,-0.010902,-0.035080,0.999325,0,0.68574,0.58216,41.145,1.164,-1,425.000,-1,425.000,-1,325.000,325.000,300.000,300.000,-1,-1,-1,-1,-1,975.000,-1,-1,2,0,2,0,2,0,0,0,0,2,2,2,2,2,0,2,2
83,481.194,3466.714,267.843,-90.483,-0.008900,0.999367,0.034431,-0.999866,-0.008420,-0.014066,-0.013767,-0.034552,0.999308,0,0.68574,0.58216,41.145,1.164,-1,425.000,-1,425.000,-1,325.000,325.000,300.000,325.000,-1,-1,-1,-1,-1,975.000,-1,-1,2,0,2,0,2,0,0,0,0,2,2,2,2,2,0,2,2
84,481.684,3425.573,267.588,-89.318,0.011328,0.999349,0.034239,-0.999798,0.011889,-0.016218,-0.016614,-0.034049,0.999282,0,0.68574,0.58216,41.145,1.164,-1,425.000,-1,425.000,-1,350.000,350.000,300.000,325.000,-1,-1,-1,-1,-1,1000.000,-1,-1,2,0,2,0,2,0,0,0,0,2,2,2,2,2,0,2,2
85,483.009,3384.450,267.313,-88.154,0.031553,0.998918,0.034174,-0.999313,0.032194,-0.018364,-0.019445,-0.033571,0.999247,0,0.68574,0.58216,41.145,1.164,-1,425.000,-1,425.000,-1,350.000,350.000,300.000,325.000,-1,-1,-1,-1,-1,1000.000,-1,-1,2,0,2,0,2,0,0,0,0,2,2,2,2,2,0,2,2
86,485.170,3343.362,267.017,-86.990,0.051765,0.998072,0.034234,-0.998411,0.052486,-0.020501,-0.022259,-0.033118,0.999204,0,0.68574,0.58216,41.145,1.164,-1,425.000,-1,425.000,-1,350.000,350.000,300.000,325.000,-1,-1,-1,-1,-1,1000.000,-1,-1,2,0,2,0,2,0,0,0,0,2,2,2,2,2,0,2,2
87,488.165,3302.326,266.667,-85.825,0.071962,0.996818,0.034285,-0.997095,0.072757,-0.022534,-0.024956,-0.032564,0.999158,0,0.68574,0.58216,41.145,1.164,-1,450.000,-1,425.000,-1,350.000,350.000,300.000,325.000,-1,-1,-1,-1,-1,1000.000,-1,-1,2,0,2,0,2,0,0,0,0,2,2,2,2,2,0,2,2
88,491.992,3261.360,265.535,-84.661,0.092203,0.995231,0.031828,-0.995358,0.093006,-0.024750,-0.027592,-0.029399,0.999187,0,0.68574,0.58216,41.145,1.164,-1,450.000,-1,425.000,-1,350.000,350.000,300.000,325.000,-1,-1,-1,-1,-1,1000.000,-1,-1,2,0,2,0,2,0,0,0,0,2,2,2,2,2,0,2,2
89,496.652,3220.480,263.694,-83.497,0.112351,0.993165,0.031619,-0.993206,0.113213,-0.026936,-0.030332,-0.028377,0.999137,0,0.68574,0.58216,41.145,1.164,-1,450.000,-1,425.000,-1,350.000,350.000,300.000,325.000,-1,-1,-1,-1,-1,975.000,-1,-1,2,0,2,0,2,0,0,0,0,2,2,2,2,2,0,2,2
90,502.142,3179.703,261.701,-82.332,0.132423,0.990673,0.032120,-0.990627,0.133373,-0.029487,-0.033496,-0.027914,0.999049,0,0.68574,0.58216,41.145,1.164,-1,450.000,-1,425.000,-1,350.000,350.000,300.000,300.000,-1,-1,-1,-1,-1,975.000,-1,-1,2,0,2,0,2,0,0,0,0,2,2,2,2,2,0,2,2
91,508.459,3139.046,259.689,-81.168,0.152436,0.987770,0.032758,-0.987633,0.153477,-0.032024,-0.036660,-0.027471,0.998950,0,0.68574,0.58216,41.145,1.164,-1,450.000,-1,425.000,-1,350.000,350.000,300.000,300.000,-1,-1,-1,-1,-1,975.000,-1,-1,2,0,2,0,2,0,0,0,0,2,2,2,2,2,0,2,2
92,515.601,3098.526,257.640,-80.004,0.172384,0.984461,0.033482,-0.984223,0.173519,-0.034596,-0.039869,-0.026990,0.998840,0,0.68574,0.58216,41.145,1.164,-1,425.000,-1,425.000,-1,350.000,350.000,300.000,300.000,-1,-1,-1,-1,-1,950.000,-1,-1,2,0,2,0,2,0,0,0,0,2,2,2,2,2,0,2,2
93,523.565,3058.160,255.500,-78.840,0.192261,0.980750,0.034124,-0.980389,0.193491,-0.037407,-0.043289,-0.026263,0.998717,0,0.68574,0.58216,41.145,1.164,-1,425.000,-1,425.000,-1,350.000,350.000,300.000,300.000,-1,-1,-1,-1,-1,950.000,-1,-1,2,0,2,0,2,0,0,0,0,2,2,2,2,2,0,2,2
94,532.347,3017.963,253.334,-77.675,0.212054,0.976635,0.034893,-0.976140,0.213384,-0.040222,-0.046728,-0.025531,0.998581,0,0.68574,0.58216,41.145,1.164,-1,425.000,-1,425.000,-1,350.000,350.000,300.000,300.000,-1,-1,-1,-1,1000.000,925.000,-1,-1,2,0,2,0,2,0,0,0,0,2,2,2,2,0,0,2,2
95,541.945,2977.953,251.143,-76.511,0.231756,0.972115,0.035791,-0.971478,0.233189,-0.043040,-0.050186,-0.024795,0.998432,0,0.68574,0.58216,41.145,1.164,-1,425.000,-1,425.000,-1,350.000,350.000,300.000,300.000,-1,-1,-1,-1,1000.000,925.000,-1,-1,2,0,2,0,2,0,0,0,0,2,2,2,2,0,0,2,2
96,552.353,2938.146,248.926,-75.347,0.251358,0.967194,0.036816,-0.966405,0.252899,-0.045856,-0.053663,-0.024053,0.998269,0,0.68574,0.58216,41.145,1.164,-1,425.000,-1,425.000,-1,350.000,350.000,300.000,300.000,-1,-1,-1,-1,975.000,925.000,-1,-1,2,0,2,0,2,0,0,0,0,2,2,2,2,0,0,2,2
97,563.568,2898.560,246.684,-74.182,0.270851,0.961872,0.037970,-0.960923,0.272505,-0.048668,-0.057160,-0.023305,0.998093,0,0.68574,0.58216,41.145,1.164,-1,425.000,-1,425.000,-1,350.000,325.000,300.000,300.000,-1,-1,-1,-1,950.000,900.000,-1,-1,2,0,2,0,2,0,0,0,0,2,2,2,2,0,0,2,2
98,575.586,2859.209,244.416,-73.018,0.290225,0.956153,0.039253,-0.955033,0.291999,-0.051473,-0.060678,-0.022549,0.997903,0,0.68574,0.58216,41.145,1.164,-1,425.000,-1,425.000,-1,325.000,325.000,275.000,300.000,-1,-1,-1,-1,950.000,900.000,-1,-1,2,0,2,0,2,0,0,0,0,2,2,2,2,0,0,2,2
99,588.400,2820.110,242.124,-71.854,0.309474,0.950038,0.040663,-0.948737,0.311372,-0.054266,-0.064216,-0.021785,0.997698,0,0.68574,0.58216,41.145,1.164,-1,425.000,-1,425.000,-1,325.000,325.000,275.000,325.000,-1,-1,-1,-1,925.000,900.000,-1,-1,2,0,2,0,2,0,0,0,0,2,2,2,2,0,0,2,2
100,603.412,2776.687,239.538,-70.929,0.324603,0.944901,0.042379,-0.943397,0.326661,-0.057404,-0.068084,-0.021347,0.997451,0,0.76574,0.46216,45.945,0.924,-1,425.000,-1,425.000,-1,325.000,325.000,275.000,325.000,-1,-1,-1,-1,900.000,875.000,-1,-1,2,0,2,0,2,0,0,0,0,2,2,2,2,0,0,2,2
101,620.564,2728.928,236.607,-70.245,0.335686,0.940937,0.044186,-0.939205,0.337925,-0.060838,-0.072176,-0.021078,0.997169,0,0.84574,0.34216,50.745,0.684,-1,425.000,-1,425.000,-1,325.000,325.000,300.000,325.000,-1,-1,-1,-1,900.000,875.000,-1,-1,2,0,2,0,2,0,0,0,0,2,2,2,2,0,0,2,2
102,638.811,2679.744,232.983,-69.645,0.345501,0.937382,0.044086,-0.935401,0.347774,-0.063858,-0.075192,-0.019175,0.996985,0,0.87432,0.30004,52.459,0.600,-1,425.000,-1,425.000,-1,325.000,325.000,300.000,325.000,-1,-1,-1,-1,900.000,850.000,-1,-1,2,0,2,0,2,0,0,0,0,2,2,2,2,0,0,2,2
103,657.572,2630.754,229.156,-69.045,0.355307,0.933732,0.043609,-0.931426,0.357589,-0.067641,-0.078752,-0.016586,0.996756,0,0.87432,0.30004,52.459,0.600,-1,425.000,-1,400.000,-1,325.000,325.000,300.000,300.000,-1,-1,-1,-1,875.000,850.000,-1,-1,2,0,2,0,2,0,0,0,0,2,2,2,2,0,0,2,2
104,676.845,2581.963,225.282,-68.445,0.365089,0.929974,0.043110,-0.927329,0.367363,-0.071446,-0.082280,-0.013893,0.996512,0,0.87432,0.30004,52.459,0.600,-1,425.000,-1,400.000,-1,325.000,325.000,300.000,300.000,-1,-1,-1,-1,875.000,825.000,-1,-1,2,0,2,0,2,0,0,0,0,2,2,2,2,0,0,2,2
105,696.628,2533.376,221.057,-67.845,0.374829,0.926100,0.042926,-0.923206,0.377093,-0.074109,-0.084819,-0.011852,0.996326,0,0.87432,0.30004,52.459,0.600,-1,425.000,-1,400.000,-1,325.000,325.000,300.000,300.000,-1,-1,-1,-1,875.000,800.000,-1,-1,2,0,2,0,2,0,0,0,0,2,2,2,2,0,0,2,2
106,716.919,2485.000,216.451,-67.245,0.384462,0.922107,0.043679,-0.919091,0.386774,-0.075352,-0.086376,-0.011175,0.996200,0,0.87432,0.30004,52.459,0.600,-1,425.000,-1,400.000,-1,325.000,325.000,300.000,300.000,-1,-1,-1,-1,850.000,800.000,-1,-1,2,0,2,0,2,0,0,0,0,2,2,2,2,0,0,2,2
107,737.715,2436.839,211.685,-66.645,0.393996,0.918008,0.045044,-0.914859,0.396411,-0.076756,-0.088319,-0.010967,0.996032,0,0.87432,0.30004,52.459,0.600,-1,400.000,-1,400.000,-1,325.000,325.000,300.000,300.000,-1,-1,-1,-1,850.000,800.000,-1,-1,2,0,2,0,2,0,0,0,0,2,2,2,2,0,0,2,2
108,758.912,2388.587,206.865,-66.284,0.399640,0.915497,0.046399,-0.912223,0.402172,-0.078145,-0.090202,-0.011096,0.995862,0,0.87836,0.18004,52.702,0.360,-1,400.000,-1,400.000,-1,325.000,325.000,300.000,300.000,-1,-1,-1,-1,825.000,800.000,-1,-1,2,0,2,0,2,0,0,0,0,2,2,2,2,0,0,2,2
109,780.210,2340.380,202.013,-66.164,0.401426,0.914647,0.047726,-0.911258,0.404087,-0.079516,-0.092015,-0.011571,0.995690,0,0.87836,0.06004,52.702,0.120,-1,400.000,-1,400.000,-1,325.000,325.000,300.000,300.000,-1,-1,-1,-1,825.000,775.000,-1,-1,2,0,2,0,2,0,0,0,0,2,2,2,2,0,0,2,2
110,801.407,2292.129,197.133,-66.284,0.399363,0.915482,0.049011,-0.911987,0.402168,-0.080874,-0.093750,-0.012400,0.995519,0,0.87836,-0.05996,52.702,-0.120,-1,400.000,-1,400.000,-1,325.000,325.000,300.000,300.000,-1,-1,-1,-1,800.000,775.000,-1,-1,2,0,2,0,2,0,0,0,0,2,2,2,2,0,0,2,2
111,822.301,2243.745,192.226,-66.644,0.393440,0.917976,0.050245,-0.914387,0.396403,-0.082222,-0.095395,-0.013594,0.995347,0,0.87836,-0.17996,52.702,-0.360,-1,400.000,-1,400.000,-1,325.000,325.000,300.000,300.000,-1,-1,-1,-1,775.000,775.000,-1,-1,2,0,2,0,2,0,0,0,0,2,2,2,2,0,0,2,2
112,842.687,2195.145,187.298,-67.244,0.383627,0.922056,0.051417,-0.918386,0.386761,-0.083562,-0.096935,-0.015164,0.995175,0,0.87836,-0.29996,52.702,-0.600,-1,400.000,-1,400.000,-1,325.000,325.000,300.000,300.000,-1,-1,-1,-1,775.000,750.000,-1,-1,2,0,2,0,2,0,0,0,0,2,2,2,2,0,0,2,2
113,862.359,2146.252,182.332,-68.084,0.369869,0.927595,0.052574,-0.923872,0.373190,-0.084793,-0.098274,-0.017210,0.995011,0,0.87836,-0.41996,52.702,-0.840,-1,400.000,-1,400.000,-1,325.000,325.000,300.000,300.000,-1,-1,-1,-1,750.000,750.000,-1,-1,2,0,2,0,2,0,0,0,0,2,2,2,2,0,0,2,2
114,881.105,2096.997,177.319,-69.164,0.352096,0.934419,0.053751,-0.930677,0.355624,-0.085857,-0.099342,-0.019795,0.994856,0,0.87836,-0.53996,52.702,-1.080,-1,400.000,-1,400.000,-1,325.000,325.000,300.000,300.000,-1,-1,-1,-1,750.000,750.000,-1,-1,2,0,2,0,2,0,0,0,0,2,2,2,2,0,0,2,2
115,898.713,2047.323,172.196,-70.484,0.330294,0.942313,0.054336,-0.938575,0.333988,-0.086769,-0.099911,-0.022340,0.994746,0,0.87836,-0.65996,52.702,-1.320,-1,400.000,-1,375.000,-1,325.000,325.000,300.000,300.000,-1,-1,-1,-1,725.000,725.000,-1,-1,2,0,2,0,2,0,0,0,0,2,2,2,2,0,0,2,2
116,914.961,1997.188,167.088,-72.044,0.304339,0.950989,0.054748,-0.947301,0.308190,-0.087408,-0.099997,-0.025261,0.994667,0,0.87836,-0.77996,52.702,-1.560,-1,400.000,-1,375.000,-1,325.000,325.000,300.000,300.000,-1,-1,-1,-1,725.000,725.000,-1,-1,2,0,2,0,2,0,0,0,0,2,2,2,2,0,0,2,2
117,929.750,1946.603,162.042,-73.705,0.276446,0.959443,0.055195,-0.955832,0.280462,-0.087899,-0.099815,-0.028458,0.994599,0,0.87836,-0.83077,52.702,-1.662,-1,375.000,-1,375.000,-1,325.000,325.000,300.000,300.000,-1,-1,-1,-1,725.000,725.000,-1,-1,2,0,2,0,2,0,0,0,0,2,2,2,2,0,0,2,2
118,943.066,1895.611,156.959,-75.367,0.248311,0.967071,0.055816,-0.963580,0.252499,-0.088079,-0.099272,-0.031912,0.994549,0,0.87836,-0.83077,52.702,-1.662,-1,375.000,-1,375.000,-1,325.000,325.000,300.000,300.000,-1,-1,-1,-1,700.000,725.000,-1,-1,2,0,2,0,2,0,0,0,0,2,2,2,2,0,0,2,2
119,954.897,1844.254,152.028,-77.029,0.220079,0.973890,0.055716,-0.970593,0.224330,-0.087327,-0.097546,-0.034859,0.994620,0,0.87836,-0.83077,52.702,-1.662,-1,375.000,-1,375.000,-1,325.000,325.000,300.000,300.000,-1,-1,-1,-1,700.000,725.000,-1,-1,2,0,2,0,2,0,0,0,0,2,2,2,2,0,0,2,2
120,965.234,1792.576,147.185,-78.690,0.191693,0.979888,0.055438,-0.976791,0.195978,-0.086437,-0.095563,-0.037582,0.994714,0,0.87836,-0.83077,52.702,-1.662,-1,375.000,-1,375.000,-1,325.000,325.000,300.000,300.000,-1,-1,-1,-1,700.000,725.000,-1,-1,2,0,2,0,2,0,0,0,0,2,2,2,2,0,0,2,2
121,974.068,1740.620,142.394,-80.352,0.163155,0.985056,0.055185,-0.982164,0.167465,-0.085499,-0.093463,-0.040251,0.994809,0,0.87836,-0.83077,52.702,-1.662,-1,375.000,-1,375.000,-1,325.000,325.000,300.000,300.000,-1,-1,-1,-1,700.000,725.000,-1,-1,2,0,2,0,2,0,0,0,0,2,2,2,2,0,0,2,2
122,981.392,1688.429,137.657,-82.013,0.134487,0.989390,0.054967,-0.986704,0.138818,-0.084522,-0.091256,-0.042870,0.994904,0,0.87836,-0.83077,52.702,-1.662,-1,375.000,-1,400.000,-1,325.000,325.000,325.000,300.000,-1,-1,-1,-1,700.000,725.000,-1,-1,2,0,2,0,2,0,0,0,0,2,2,2,2,0,0,2,2
123,987.200,1636.048,132.978,-83.675,0.105714,0.992886,0.054794,-0.990410,0.110059,-0.083514,-0.088950,-0.045440,0.994999,0,0.87836,-0.83077,52.702,-1.662,-1,375.000,-1,400.000,-1,325.000,325.000,325.000,300.000,-1,-1,-1,-1,700.000,725.000,-1,-1,2,0,2,0,2,0,0,0,0,2,2,2,2,0,0,2,2
124,991.486,1583.521,128.360,-85.336,0.076859,0.995542,0.054673,-0.993278,0.081214,-0.082485,-0.086557,-0.047966,0.995092,0,0.87836,-0.83077,52.702,-1.662,-1,375.000,-1,400.000,-1,325.000,325.000,325.000,300.000,-1,-1,-1,-1,675.000,725.000,-1,-1,2,0,2,0,2,0,0,0,0,2,2,2,2,0,0,2,2
125,994.248,1530.891,123.806,-86.998,0.047946,0.997356,0.054613,-0.995304,0.052307,-0.081446,-0.084087,-0.050451,0.995180,0,0.87836,-0.83077,52.702,-1.662,-1,375.000,-1,375.000,-1,325.000,325.000,300.000,300.000,-1,-1,-1,-1,675.000,725.000,-1,-1,2,0,2,0,2,0,0,0,0,2,2,2,2,0,0,2,2
126,995.483,1478.204,119.319,-88.659,0.018999,0.998327,0.054619,-0.996488,0.023364,-0.080409,-0.081550,-0.052899,0.995264,0,0.87836,-0.83077,52.702,-1.662,-1,375.000,-1,375.000,-1,325.000,325.000,300.000,300.000,-1,-1,-1,-1,675.000,725.000,-1,-1,2,0,2,0,2,0,0,0,0,2,2,2,2,0,0,2,2
127,995.189,1425.502,114.903,-90.321,-0.009957,0.998453,0.054696,-0.996828,-0.005592,-0.079386,-0.078957,-0.055313,0.995342,0,0.87836,-0.83077,52.702,-1.662,-1,375.000,-1,375.000,-1,325.000,325.000,300.000,300.000,-1,-1,-1,-1,675.000,725.000,-1,-1,2,0,2,0,2,0,0,0,0,2,2,2,2,0,0,2,2
128,993.368,1372.832,110.560,-91.982,-0.038900,0.997737,0.054850,-0.996324,-0.034536,-0.078390,-0.076318,-0.057698,0.995413,0,0.87836,-0.83077,52.702,-1.662,-1,375.000,-1,375.000,-1,300.000,325.000,300.000,300.000,-1,-1,-1,-1,675.000,725.000,-1,-1,2,0,2,0,2,0,0,0,0,2,2,2,2,0,0,2,2
129,990.019,1320.236,106.394,-93.644,-0.067785,0.996201,0.054671,-0.994966,-0.063444,-0.077567,-0.073804,-0.059654,0.995487,0,0.87836,-0.83077,52.702,-1.662,-1,375.000,-1,375.000,-1,300.000,325.000,300.000,300.000,-1,-1,-1,-1,675.000,725.000,-1,-1,2,0,2,0,2,0,0,0,0,2,2,2,2,0,0,2,2
130,985.146,1267.759,102.877,-95.306,-0.096496,0.993909,0.053221,-0.992799,-0.092299,-0.076360,-0.070982,-0.060207,0.995659,0,0.87836,-0.83077,52.702,-1.662,-1,375.000,-1,375.000,-1,300.000,325.000,300.000,300.000,-1,-1,-1,-1,675.000,725.000,-1,-1,2,0,2,0,2,0,0,0,0,2,2,2,2,0,0,2,2
131,978.753,1215.446,99.573,-96.967,-0.125156,0.990752,0.052404,-0.989809,-0.121072,-0.074969,-0.067932,-0.061252,0.995808,0,0.87836,-0.83077,52.702,-1.662,-1,375.000,-1,400.000,-1,325.000,325.000,300.000,300.000,-1,825.000,750.000,-1,675.000,725.000,-1,-1,2,0,2,0,2,0,0,0,0,2,0,0,2,0,0,2,2
132,970.847,1163.340,96.343,-98.629,-0.153718,0.986761,0.051697,-0.985980,-0.149738,-0.073633,-0.064917,-0.062291,0.995945,0,0.87836,-0.83077,52.702,-1.662,-1,375.000,-1,400.000,-1,325.000,325.000,300.000,300.000,-1,800.000,750.000,-1,675.000,725.000,-1,-1,2,0,2,0,2,0,0,0,0,2,0,0,2,0,0,2,2
133,961.433,1111.485,93.187,-100.290,-0.182157,0.981941,0.051104,-0.981316,-0.178275,-0.072360,-0.061943,-0.063330,0.996068,0,0.87836,-0.83077,52.702,-1.662,-1,375.000,-1,400.000,-1,325.000,325.000,300.000,300.000,-1,800.000,750.000,-1,675.000,725.000,-1,-1,2,0,2,0,2,0,0,0,0,2,0,0,2,0,0,2,2
134,950.519,1059.925,90.102,-101.952,-0.210450,0.976293,0.050624,-0.975822,-0.206658,-0.071162,-0.059013,-0.064377,0.996179,0,0.87836,-0.83077,52.702,-1.662,-1,375.000,-1,400.000,-1,325.000,325.000,300.000,300.000,-1,825.000,750.000,-1,675.000,725.000,-1,-1,2,0,2,0,2,0,0,0,0,2,0,0,2,0,0,2,2
135,938.115,1008.703,87.089,-103.613,-0.238573,0.969823,0.050258,-0.969501,-0.234863,-0.070049,-0.056131,-0.065437,0.996277,0,0.87836,-0.83077,52.702,-1.662,-1,375.000,-1,400.000,-1,325.000,325.000,300.000,300.000,-1,850.000,775.000,-1,650.000,725.000,-1,-1,2,0,2,0,2,0,0,0,0,2,0,0,2,0,0,2,2
136,924.231,957.862,84.145,-105.275,-0.266501,0.962537,0.050003,-0.962360,-0.262866,-0.069032,-0.053301,-0.066518,0.996361,0,0.87836,-0.83077,52.702,-1.662,-1,375.000,-1,400.000,-1,325.000,325.000,300.000,300.000,-1,850.000,775.000,-1,650.000,725.000,-1,-1,2,0,2,0,2,0,0,0,0,2,0,0,2,0,0,2,2
137,908.879,907.446,81.270,-106.936,-0.294212,0.954439,0.049857,-0.954404,-0.290643,-0.068120,-0.050526,-0.067626,0.996431,0,0.87836,-0.83077,52.702,-1.662,-1,375.000,-1,400.000,-1,325.000,325.000,300.000,300.000,-1,875.000,800.000,-1,650.000,725.000,-1,-1,2,0,2,0,2,0,0,0,0,2,0,0,2,0,0,2,2
138,892.071,857.495,78.463,-108.598,-0.321682,0.945536,0.049818,-0.945640,-0.318170,-0.067325,-0.047807,-0.068767,0.996487,0,0.87836,-0.83077,52.702,-1.662,1000.000,375.000,-1,400.000,-1,325.000,325.000,300.000,300.000,-1,900.000,800.000,-1,650.000,725.000,-1,-1,0,0,2,0,2,0,0,0,0,2,0,0,2,0,0,2,2
