timestep,x_cm,y_cm,z_cm,yaw_deg,basis_xx,basis_xy,basis_xz,basis_yx,basis_yy,basis_yz,basis_zx,basis_zy,basis_zz,teleport_flag,throttle_cmd,steering_cmd,cmd_move_cm,cmd_turn_deg,lidar_cm_0,lidar_cm_1,lidar_cm_2,lidar_cm_3,lidar_cm_4,lidar_cm_5,lidar_cm_6,lidar_cm_7,lidar_cm_8,lidar_cm_9,lidar_cm_10,lidar_cm_11,lidar_cm_12,lidar_cm_13,lidar_cm_14,lidar_cm_15,lidar_cm_16,lidar_class_0,lidar_class_1,lidar_class_2,lidar_class_3,lidar_class_4,lidar_class_5,lidar_class_6,lidar_class_7,lidar_class_8,lidar_class_9,lidar_class_10,lidar_class_11,lidar_class_12,lidar_class_13,lidar_class_14,lidar_class_15,lidar_class_16
0,8201.030,-984.079,59.206,-6.099,0.990575,0.106152,0.086566,-0.109360,0.993448,0.033181,-0.082477,-0.042335,0.995693,1,0.03129,-0.12000,1.877,-0.240,650.000,425.000,-1,425.000,-1,350.000,350.000,275.000,275.000,-1,-1,-1,-1,650.000,825.000,700.000,-1,1,1,2,0,2,0,0,0,0,2,2,2,2,1,0,1,2
1,8202.884,-984.292,59.057,-6.579,0.989635,0.114467,0.086720,-0.117709,0.992492,0.033220,-0.082266,-0.043083,0.995679,0,0.03111,-0.24000,1.867,-0.480,650.000,425.000,-1,425.000,-1,350.000,350.000,275.000,275.000,-1,-1,-1,-1,650.000,825.000,700.000,-1,1,1,2,0,2,0,0,0,0,2,2,2,2,1,0,1,2
2,8204.694,-984.523,58.916,-7.299,0.988100,0.126924,0.086880,-0.130214,0.990927,0.033287,-0.081867,-0.044204,0.995662,0,0.03041,-0.36000,1.824,-0.720,650.000,425.000,-1,425.000,1000.000,350.000,350.000,275.000,275.000,-1,-1,-1,-1,675.000,825.000,725.000,-1,1,1,2,0,1,0,0,0,0,2,2,2,2,1,0,1,2
3,8206.425,-984.774,58.786,-8.259,0.985815,0.143499,0.087049,-0.146851,0.988595,0.033383,-0.081266,-0.045693,0.995645,0,0.02915,-0.48000,1.749,-0.960,625.000,425.000,-1,425.000,1000.000,350.000,350.000,275.000,275.000,-1,-1,-1,-1,675.000,825.000,725.000,-1,1,1,2,0,1,0,0,0,0,2,2,2,2,1,0,1,2
4,8208.041,-985.042,58.672,-9.459,0.982570,0.164157,0.087230,-0.167585,0.985288,0.033505,-0.080446,-0.047540,0.995625,0,0.02730,-0.60000,1.638,-1.200,625.000,425.000,-1,425.000,1000.000,350.000,350.000,275.000,275.000,-1,-1,-1,-1,675.000,825.000,750.000,-1,1,1,2,0,1,0,0,0,0,2,2,2,2,1,0,1,2
5,8209.503,-985.322,58.579,-10.899,0.978108,0.188845,0.087426,-0.192363,0.980747,0.033654,-0.079387,-0.049735,0.995602,0,0.02480,-0.72000,1.488,-1.440,650.000,425.000,-1,425.000,975.000,350.000,350.000,275.000,275.000,-1,-1,-1,-1,700.000,825.000,775.000,-1,1,1,2,0,1,0,0,0,0,2,2,2,2,1,0,1,2
6,8210.769,-985.602,58.511,-12.560,0.972192,0.217166,0.087641,-0.220783,0.974736,0.033824,-0.078081,-0.052234,0.995578,0,0.02161,-0.83051,1.296,-1.661,650.000,425.000,-1,425.000,975.000,350.000,350.000,275.000,275.000,-1,-1,-1,-1,725.000,825.000,825.000,-1,1,1,2,0,1,0,0,0,0,2,2,2,2,1,0,1,2
7,8211.800,-985.861,58.467,-14.205,0.965526,0.245031,0.087858,-0.248745,0.967973,0.033989,-0.076716,-0.054672,0.995553,0,0.01770,-0.82265,1.062,-1.645,650.000,425.000,-1,425.000,975.000,350.000,350.000,275.000,275.000,-1,-1,-1,-1,750.000,825.000,900.000,-1,1,1,2,0,1,0,0,0,0,2,2,2,2,1,0,1,2
8,8212.588,-986.083,58.447,-15.835,0.958137,0.272427,0.088076,-0.276233,0.960484,0.034148,-0.075293,-0.057048,0.995528,0,0.01364,-0.81492,0.818,-1.630,675.000,425.000,-1,400.000,1000.000,350.000,350.000,275.000,275.000,-1,-1,-1,-1,800.000,825.000,1000.000,-1,1,1,2,0,1,0,0,0,0,2,2,2,2,1,0,1,2
9,8213.129,-986.251,58.451,-17.450,0.950052,0.299342,0.088292,-0.303237,0.952298,0.034300,-0.073813,-0.059360,0.995504,0,0.00944,-0.80732,0.566,-1.615,675.000,425.000,-1,400.000,1000.000,350.000,325.000,275.000,275.000,-1,-1,-1,-1,850.000,825.000,-1,-1,1,0,2,0,1,0,0,0,0,2,2,2,2,1,1,2,2
10,8213.420,-986.350,58.480,-19.050,0.941299,0.325766,0.088506,-0.329746,0.943441,0.034445,-0.072280,-0.061608,0.995480,0,0.00511,-0.79986,0.306,-1.600,700.000,425.000,-1,400.000,-1,350.000,325.000,275.000,275.000,-1,-1,-1,-1,850.000,800.000,-1,-1,1,0,2,0,2,0,0,0,0,2,2,2,2,0,1,2,2
11,8213.458,-986.363,58.531,-20.635,0.931903,0.351690,0.088716,-0.355751,0.933941,0.034584,-0.070693,-0.063790,0.995456,0,0.00066,-0.79254,0.040,-1.585,725.000,425.000,-1,400.000,-1,350.000,325.000,300.000,300.000,-1,-1,-1,-1,850.000,775.000,-1,1000.000,1,0,2,0,2,0,0,0,0,2,2,2,2,0,1,2,1
12,8213.244,-986.273,58.606,-22.205,0.921891,0.377107,0.088920,-0.381245,0.923822,0.034717,-0.069055,-0.065906,0.995434,0,-0.00389,-0.78537,-0.233,-1.571,750.000,425.000,-1,400.000,-1,350.000,325.000,300.000,300.000,-1,-1,-1,-1,850.000,775.000,-1,1000.000,1,0,2,0,2,0,0,0,0,2,2,2,2,0,1,2,1
13,8212.777,-986.066,58.702,-23.762,0.911289,0.402009,0.089117,-0.406220,0.913111,0.034843,-0.067367,-0.067954,0.995411,0,-0.00852,-0.77836,-0.511,-1.557,800.000,425.000,-1,400.000,-1,350.000,325.000,300.000,300.000,-1,-1,-1,-1,850.000,750.000,-1,1000.000,1,0,2,0,2,0,0,0,0,2,2,2,2,0,1,2,1
14,8212.062,-985.726,58.821,-25.305,0.900119,0.426392,0.089307,-0.430672,0.901831,0.034964,-0.065631,-0.069933,0.995390,0,-0.01322,-0.77150,-0.793,-1.543,875.000,425.000,-1,400.000,-1,350.000,325.000,300.000,300.000,-1,-1,-1,-1,825.000,750.000,-1,1000.000,1,0,2,0,2,0,0,0,0,2,2,2,2,0,1,2,1
15,8211.100,-985.238,58.959,-26.835,0.888406,0.450252,0.089487,-0.454597,0.890006,0.035079,-0.063849,-0.071844,0.995370,0,-0.01798,-0.76481,-1.079,-1.530,975.000,425.000,-1,400.000,-1,350.000,325.000,300.000,300.000,-1,-1,-1,-1,825.000,750.000,-1,-1,1,0,2,0,2,0,0,0,0,2,2,2,2,0,1,2,2
16,8209.898,-984.587,59.118,-28.351,0.876173,0.473585,0.089656,-0.477990,0.877660,0.035188,-0.062023,-0.073686,0.995351,0,-0.02279,-0.75827,-1.368,-1.517,975.000,425.000,-1,400.000,-1,350.000,325.000,300.000,300.000,-1,-1,-1,-1,825.000,750.000,-1,-1,1,0,2,0,2,0,0,0,0,2,2,2,2,0,1,2,2
17,8208.462,-983.761,59.295,-29.855,0.863442,0.496389,0.089815,-0.500849,0.864815,0.035293,-0.060155,-0.075457,0.995333,0,-0.02763,-0.75190,-1.658,-1.504,1000.000,425.000,-1,400.000,-1,325.000,325.000,300.000,300.000,-1,-1,-1,-1,825.000,750.000,-1,-1,1,0,2,0,2,0,0,0,0,2,2,2,2,0,1,2,2
18,8206.798,-982.746,59.490,-31.346,0.850234,0.518661,0.089963,-0.523173,0.851491,0.035393,-0.058246,-0.077158,0.995316,0,-0.03250,-0.74569,-1.950,-1.491,1000.000,425.000,-1,400.000,-1,325.000,325.000,300.000,300.000,-1,-1,-1,-1,825.000,750.000,-1,-1,1,0,2,0,2,0,0,0,0,2,2,2,2,0,1,2,2
19,8204.915,-981.530,59.702,-32.826,0.836570,0.540401,0.090098,-0.544960,0.837711,0.035489,-0.056298,-0.078789,0.995300,0,-0.03737,-0.73964,-2.242,-1.479,-1,425.000,-1,400.000,-1,325.000,325.000,300.000,300.000,-1,-1,-1,-1,825.000,775.000,-1,-1,2,0,2,0,2,0,0,0,0,2,2,2,2,0,1,2,2
20,8202.823,-980.101,59.928,-34.293,0.822471,0.561607,0.090221,-0.566209,0.823494,0.035581,-0.054314,-0.080348,0.995286,0,-0.04224,-0.73375,-2.535,-1.468,-1,425.000,-1,400.000,-1,325.000,325.000,300.000,300.000,-1,-1,-1,-1,825.000,775.000,-1,-1,2,0,2,0,2,0,0,0,0,2,2,2,2,0,1,2,2
21,8200.530,-978.450,60.169,-35.749,0.807955,0.582280,0.090330,-0.586920,0.808859,0.035670,-0.052295,-0.081836,0.995273,0,-0.04711,-0.72802,-2.827,-1.456,-1,425.000,-1,400.000,-1,325.000,325.000,300.000,300.000,-1,-1,-1,-1,825.000,775.000,-1,-1,2,0,2,0,2,0,0,0,0,2,2,2,2,0,0,2,2
22,8202.109,-979.636,60.143,-36.965,0.795407,0.599251,0.090693,-0.603937,0.796236,0.035620,-0.050868,-0.083105,0.995242,0,0.03289,-0.60802,1.973,-1.216,-1,425.000,-1,400.000,-1,325.000,325.000,300.000,300.000,-1,-1,-1,-1,825.000,775.000,-1,-1,2,0,2,0,2,0,0,0,0,2,2,2,2,0,0,2,2
23,8207.452,-983.800,59.860,-37.941,0.785046,0.612672,0.091302,-0.617413,0.785841,0.035432,-0.050041,-0.084186,0.995193,0,0.11289,-0.48802,6.773,-0.976,-1,425.000,-1,400.000,-1,325.000,325.000,300.000,300.000,-1,-1,-1,-1,825.000,775.000,-1,-1,2,0,2,0,2,0,0,0,0,2,2,2,2,0,0,2,2
24,8216.488,-991.033,59.326,-38.677,0.777042,0.622668,0.092142,-0.627475,0.777845,0.035107,-0.049812,-0.085097,0.995127,0,0.19289,-0.36802,11.573,-0.736,-1,425.000,-1,400.000,-1,325.000,325.000,300.000,300.000,-1,-1,-1,-1,825.000,775.000,-1,-1,2,0,2,0,2,0,0,0,0,2,2,2,2,0,0,2,2
25,8229.182,-1001.375,58.640,-39.173,0.771561,0.629358,0.092745,-0.634196,0.772400,0.034553,-0.049890,-0.085478,0.995090,0,0.27289,-0.24802,16.373,-0.496,-1,425.000,-1,400.000,-1,325.000,325.000,300.000,300.000,-1,-1,-1,-1,825.000,750.000,-1,-1,2,0,2,0,2,0,0,0,0,2,2,2,2,0,0,2,2
26,8245.493,-1014.876,57.751,-39.616,0.766596,0.635284,0.093512,-0.640159,0.767496,0.033858,-0.050261,-0.085818,0.995042,0,0.35289,-0.22117,21.173,-0.442,1000.000,400.000,-1,400.000,-1,325.000,325.000,300.000,300.000,-1,-1,-1,-1,800.000,750.000,-1,-1,1,0,2,0,2,0,0,0,0,2,2,2,2,0,0,2,2
27,8265.379,-1031.586,56.664,-40.040,0.761762,0.640935,0.094457,-0.645857,0.762744,0.033029,-0.050877,-0.086166,0.994981,0,0.43289,-0.21230,25.973,-0.425,1000.000,400.000,-1,375.000,-1,325.000,325.000,300.000,300.000,-1,-1,-1,-1,800.000,750.000,-1,-1,1,0,2,0,2,0,0,0,0,2,2,2,2,0,0,2,2
28,8288.800,-1051.548,55.167,-40.444,0.757133,0.646226,0.095613,-0.651265,0.758124,0.033195,-0.051035,-0.087402,0.994865,0,0.51289,-0.20197,30.773,-0.404,975.000,400.000,-1,375.000,-1,325.000,325.000,300.000,300.000,-1,-1,-1,-1,800.000,750.000,-1,-1,1,0,2,0,2,0,0,0,0,2,2,2,2,0,0,2,2
29,8315.717,-1074.807,53.393,-40.835,0.752611,0.651284,0.096989,-0.656478,0.753592,0.033716,-0.051132,-0.089046,0.994714,0,0.59289,-0.19528,35.573,-0.391,950.000,400.000,-1,375.000,-1,325.000,325.000,300.000,300.000,-1,-1,-1,-1,800.000,750.000,-1,-1,1,0,2,0,2,0,0,0,0,2,2,2,2,0,1,2,2
30,8346.089,-1101.408,51.400,-41.216,0.748142,0.656173,0.098591,-0.661551,0.749113,0.034345,-0.051319,-0.090918,0.994535,0,0.67289,-0.19066,40.373,-0.381,925.000,400.000,-1,375.000,-1,325.000,325.000,300.000,300.000,-1,-1,-1,-1,775.000,725.000,-1,-1,1,0,2,0,2,0,0,0,0,2,2,2,2,0,1,2,2
31,8379.878,-1131.391,49.191,-41.588,0.743731,0.660891,0.100434,-0.666485,0.744692,0.035105,-0.051592,-0.093047,0.994324,0,0.75289,-0.18594,45.173,-0.372,875.000,400.000,975.000,375.000,-1,325.000,325.000,300.000,300.000,-1,-1,-1,-1,775.000,700.000,-1,1000.000,1,0,1,0,2,0,0,0,0,2,2,2,2,0,1,2,1
32,8417.047,-1164.796,46.772,-41.951,0.739377,0.665438,0.102537,-0.671285,0.740324,0.036021,-0.051941,-0.095464,0.994077,0,0.83289,-0.18132,49.973,-0.363,850.000,400.000,925.000,375.000,-1,325.000,325.000,300.000,300.000,-1,-1,-1,-1,775.000,650.000,-1,950.000,1,0,1,0,2,0,0,0,0,2,2,2,2,0,1,2,1
33,8457.398,-1201.836,44.275,-42.553,0.732222,0.673019,0.104382,-0.679110,0.733100,0.037069,-0.051574,-0.098029,0.993846,0,0.91289,-0.30132,54.773,-0.603,825.000,400.000,875.000,400.000,-1,325.000,325.000,300.000,300.000,-1,-1,-1,-1,750.000,625.000,-1,900.000,1,0,1,0,2,0,1,1,0,2,2,2,2,1,1,2,1
34,8496.767,-1239.055,41.933,-43.396,0.722172,0.683544,0.106000,-0.689866,0.722928,0.038198,-0.050521,-0.100711,0.993632,0,0.90294,-0.42132,54.176,-0.843,800.000,400.000,800.000,400.000,-1,325.000,325.000,300.000,300.000,-1,-1,-1,-1,675.000,600.000,-1,850.000,1,0,1,0,2,0,1,1,0,2,2,2,2,1,1,2,1
35,8534.851,-1276.447,39.712,-44.479,0.709067,0.696860,0.107749,-0.703439,0.709659,0.039472,-0.048958,-0.103783,0.993394,0,0.88952,-0.54132,53.371,-1.083,800.000,400.000,750.000,375.000,-1,325.000,300.000,300.000,300.000,-1,-1,-1,-1,625.000,575.000,925.000,825.000,1,0,1,1,2,1,1,1,0,2,2,2,2,1,1,1,1
36,8571.606,-1313.923,37.600,-45.561,0.695715,0.709902,0.109636,-0.716756,0.696128,0.040823,-0.047340,-0.106983,0.993133,0,0.87484,-0.54130,52.491,-1.083,825.000,375.000,700.000,375.000,-1,300.000,300.000,300.000,300.000,-1,-1,-1,-1,575.000,550.000,825.000,800.000,1,1,1,1,2,1,1,1,0,2,2,2,2,1,1,1,1
37,8610.767,-1355.742,35.194,-46.884,0.679179,0.725537,0.110960,-0.732612,0.679329,0.042333,-0.044664,-0.110043,0.992923,0,0.95484,-0.66130,57.291,-1.323,-1,350.000,650.000,350.000,-1,300.000,300.000,300.000,300.000,-1,-1,-1,-1,500.000,525.000,725.000,775.000,2,1,1,1,2,1,1,0,0,2,2,2,2,1,1,1,1
38,8649.641,-1399.276,32.455,-48.238,0.662061,0.741227,0.110716,-0.748342,0.661857,0.043915,-0.040727,-0.111928,0.992881,0,0.97270,-0.67690,58.362,-1.354,925.000,325.000,600.000,350.000,-1,275.000,275.000,300.000,300.000,-1,-1,-1,-1,450.000,500.000,600.000,750.000,1,1,1,1,2,1,1,0,0,2,2,2,2,1,1,1,1
39,8687.418,-1443.646,30.129,-49.589,0.644538,0.756561,0.110392,-0.763642,0.644128,0.044156,-0.037700,-0.112760,0.992907,0,0.97119,-0.67581,58.271,-1.352,750.000,300.000,525.000,325.000,-1,250.000,250.000,300.000,300.000,-1,-1,-1,-1,400.000,450.000,525.000,700.000,1,1,1,1,2,1,1,0,0,2,2,2,2,1,1,1,1
40,8724.097,-1488.843,27.970,-50.940,0.626667,0.771462,0.110154,-0.778510,0.626067,0.044302,-0.034786,-0.113519,0.992927,0,0.97010,-0.67514,58.206,-1.350,600.000,275.000,475.000,300.000,-1,225.000,250.000,300.000,300.000,-1,-1,-1,-1,350.000,425.000,425.000,675.000,1,1,1,1,2,1,1,0,0,2,2,2,2,1,1,1,1
41,8759.683,-1534.867,25.957,-52.289,0.608457,0.785924,0.110018,-0.792945,0.607669,0.044458,-0.031914,-0.114289,0.992935,0,0.96958,-0.67480,58.175,-1.350,450.000,225.000,425.000,275.000,-1,200.000,225.000,300.000,300.000,-1,-1,-1,-1,300.000,375.000,325.000,650.000,1,1,1,1,2,1,1,0,0,2,2,2,2,1,1,1,1
42,8794.164,-1581.732,26.805,-53.639,0.591038,0.800915,0.095960,-0.806387,0.589655,0.045246,-0.020345,-0.104123,0.994356,0,0.96971,-0.67469,58.183,-1.349,375.000,225.000,400.000,275.000,-1,200.000,200.000,325.000,300.000,-1,625.000,625.000,-1,275.000,375.000,275.000,650.000,1,1,1,1,2,1,1,0,0,2,0,0,2,1,1,1,1
43,8827.557,-1629.442,29.252,-54.988,0.573433,0.815848,0.074614,-0.819241,0.571520,0.046999,-0.004300,-0.088077,0.996104,0,0.97055,-0.67469,58.233,-1.349,325.000,200.000,375.000,250.000,-1,175.000,200.000,375.000,275.000,1000.000,475.000,325.000,-1,250.000,350.000,250.000,700.000,1,1,1,1,2,1,1,0,0,1,0,0,2,1,1,1,1
44,8859.870,-1678.002,32.622,-56.337,0.555031,0.830341,0.049747,-0.831719,0.552990,0.049456,0.013556,-0.068825,0.997537,0,0.97212,-0.67465,58.327,-1.349,275.000,200.000,350.000,250.000,-1,175.000,200.000,425.000,275.000,950.000,350.000,200.000,-1,250.000,350.000,225.000,775.000,1,1,1,1,2,1,1,0,0,1,0,0,2,1,1,1,1
45,-5575.553,-3607.599,-574.169,178.679,-0.948203,-0.023000,-0.316831,-0.000910,-0.997175,0.075112,-0.317663,0.071510,0.945503,1,0.00000,0.00000,54.420,-1.109,225.000,475.000,-1,725.000,-1,550.000,625.000,150.000,0.000,-1,-1,0.000,0.000,550.000,1000.000,425.000,-1,1,1,2,1,2,1,1,1,1,2,2,0,0,1,1,1,2
46,-3612.173,8197.611,92.035,-161.437,-0.947964,0.317984,-0.015816,-0.318376,-0.946914,0.044625,-0.000786,0.047338,0.998879,1,0.08000,0.12000,4.800,0.240,-1,400.000,-1,375.000,650.000,325.000,325.000,300.000,300.000,-1,575.000,625.000,-1,925.000,800.000,-1,-1,2,0,2,0,1,0,0,0,0,2,0,0,2,0,0,2,2
47,-3621.248,8194.479,92.008,-160.957,-0.945274,0.325907,-0.015549,-0.326277,-0.944219,0.044641,-0.000133,0.047271,0.998882,0,0.16000,0.24000,9.600,0.480,-1,400.000,-1,375.000,650.000,325.000,325.000,300.000,300.000,-1,575.000,625.000,-1,950.000,800.000,-1,-1,2,0,2,0,1,0,0,0,0,2,0,0,2,0,0,2,2
48,-3634.804,8189.625,91.976,-160.299,-0.941475,0.336741,-0.015157,-0.337081,-0.940416,0.044666,0.000787,0.047161,0.998887,0,0.24000,0.32932,14.400,0.659,-1,400.000,-1,375.000,650.000,325.000,325.000,300.000,300.000,-1,575.000,625.000,-1,950.000,825.000,-1,-1,2,0,2,0,1,0,0,0,0,2,0,0,2,0,0,2,2
49,-3652.805,8182.947,91.945,-159.646,-0.937589,0.347436,-0.014646,-0.347740,-0.936525,0.044690,0.001811,0.046994,0.998894,0,0.32000,0.32640,19.200,0.653,-1,400.000,-1,400.000,675.000,325.000,325.000,300.000,300.000,-1,600.000,650.000,-1,1000.000,825.000,-1,-1,2,0,2,0,1,0,0,0,0,2,0,0,2,0,0,2,2
50,-3675.211,8174.346,91.919,-159.000,-0.933627,0.357972,-0.014023,-0.358234,-0.932560,0.044713,0.002929,0.046769,0.998901,0,0.40000,0.32285,24.000,0.646,-1,400.000,-1,400.000,675.000,325.000,325.000,300.000,300.000,-1,600.000,650.000,-1,-1,850.000,-1,-1,2,0,2,0,1,0,0,0,0,2,0,0,2,2,0,2,2
51,-3701.982,8163.727,91.900,-158.363,-0.929602,0.368326,-0.013296,-0.368543,-0.928534,0.044734,0.004131,0.046485,0.998910,0,0.48000,0.31862,28.800,0.637,-1,400.000,-1,400.000,700.000,325.000,325.000,300.000,300.000,-1,600.000,650.000,-1,-1,875.000,-1,-1,2,0,2,0,1,0,0,0,0,2,0,0,2,2,0,2,2
52,-3733.077,8150.996,91.891,-157.736,-0.925527,0.378477,-0.012474,-0.378644,-0.924460,0.044750,0.005405,0.046140,0.998920,0,0.56000,0.31368,33.600,0.627,-1,400.000,-1,400.000,750.000,325.000,325.000,300.000,300.000,-1,600.000,675.000,-1,-1,875.000,-1,-1,2,0,2,0,1,0,0,0,0,2,0,0,2,2,0,2,2
53,-3768.455,8136.066,91.894,-157.120,-0.921418,0.388401,-0.011569,-0.388515,-0.920355,0.044757,0.006736,0.045734,0.998931,0,0.64000,0.30799,38.400,0.616,-1,400.000,-1,400.000,800.000,325.000,325.000,300.000,300.000,-1,625.000,675.000,-1,-1,-1,-1,-1,2,0,2,0,1,0,0,0,0,2,0,0,2,2,2,2,2
54,-3808.077,8118.852,91.941,-156.517,-0.917291,0.398076,-0.010629,-0.398137,-0.916241,0.044611,0.008020,0.045153,0.998948,0,0.72000,0.30150,43.200,0.603,-1,425.000,-1,425.000,-1,325.000,325.000,300.000,300.000,-1,625.000,700.000,-1,-1,-1,-1,-1,2,0,2,0,2,0,0,0,0,2,0,0,2,2,2,2,2
55,-3851.903,8099.275,92.263,-155.928,-0.913153,0.407493,-0.010049,-0.407529,-0.912170,0.043204,0.008439,0.043547,0.999016,0,0.80000,0.29419,48.000,0.588,-1,425.000,-1,425.000,-1,350.000,350.000,300.000,300.000,-1,675.000,750.000,-1,-1,-1,-1,-1,2,0,2,0,2,0,0,0,0,2,0,0,2,2,2,2,2
56,-3899.894,8077.259,92.252,-155.356,-0.909030,0.416586,-0.010989,-0.416660,-0.908071,0.042449,0.007705,0.043166,0.999038,0,0.88000,0.28602,52.800,0.572,-1,425.000,-1,425.000,-1,350.000,350.000,300.000,300.000,-1,750.000,850.000,-1,-1,-1,-1,-1,2,0,2,0,2,0,0,0,0,2,0,0,2,2,2,2,2
57,-3943.234,8056.628,92.098,-154.544,-0.903022,0.429410,-0.012557,-0.429541,-0.902067,0.042056,0.006732,0.043371,0.999036,0,0.80000,0.40602,48.000,0.812,-1,425.000,-1,425.000,-1,350.000,350.000,300.000,300.000,-1,850.000,950.000,-1,-1,-1,-1,-1,2,0,2,0,2,0,0,0,0,2,0,0,2,2,2,2,2
58,-3981.892,8037.347,91.953,-153.492,-0.894973,0.445896,-0.014132,-0.446080,-0.894021,0.041695,0.005957,0.043620,0.999030,0,0.72000,0.52602,43.200,1.052,-1,450.000,-1,450.000,-1,350.000,350.000,300.000,300.000,-1,975.000,-1,-1,-1,-1,-1,-1,2,0,2,0,2,0,0,0,0,2,0,2,2,2,2,2,2
59,-4015.860,8019.438,91.822,-152.200,-0.884680,0.465936,-0.015688,-0.466168,-0.883729,0.041343,0.005399,0.043889,0.999022,0,0.64000,0.64602,38.400,1.292,-1,450.000,-1,450.000,-1,350.000,350.000,300.000,275.000,-1,-1,-1,-1,-1,-1,-1,-1,2,0,2,0,2,0,0,0,1,2,2,2,2,2,2,2,2
60,-4045.152,8002.978,91.804,-150.668,-0.871891,0.489383,-0.017645,-0.489677,-0.870932,0.041159,0.004775,0.044527,0.998997,0,0.56000,0.76602,33.600,1.532,-1,450.000,-1,450.000,-1,350.000,350.000,300.000,275.000,-1,-1,-1,-1,-1,-1,-1,-1,2,0,2,0,2,0,0,0,1,2,2,2,2,2,2,2,2
61,-4069.834,7988.138,91.796,-148.985,-0.857122,0.514746,-0.019444,-0.515094,-0.856157,0.040900,0.004406,0.045071,0.998974,0,0.48000,0.84176,28.800,1.684,-1,450.000,-1,450.000,-1,350.000,350.000,300.000,250.000,-1,-1,-1,-1,-1,-1,-1,-1,2,0,2,0,2,0,0,0,1,2,2,2,2,2,2,2,2
62,-4090.030,7975.174,91.797,-147.303,-0.841638,0.539632,-0.021021,-0.540025,-0.840670,0.040579,0.004226,0.045505,0.998955,0,0.40000,0.84063,24.000,1.681,-1,475.000,-1,450.000,-1,350.000,350.000,325.000,250.000,-1,-1,-1,-1,-1,-1,-1,-1,2,0,2,0,2,0,0,0,1,2,2,2,2,2,2,2,2
63,-4105.876,7964.333,91.803,-145.624,-0.825448,0.564035,-0.022353,-0.564462,-0.824479,0.040214,0.004253,0.045813,0.998941,0,0.32000,0.83987,19.200,1.680,-1,475.000,-1,450.000,-1,350.000,350.000,325.000,250.000,-1,-1,-1,-1,-1,-1,-1,-1,2,0,2,0,2,0,0,0,1,2,2,2,2,2,2,2,2
64,-4117.518,7955.858,91.812,-143.945,-0.808563,0.587943,-0.023418,-0.588392,-0.807594,0.039824,0.004502,0.045979,0.998932,0,0.24000,0.83942,14.400,1.679,-1,475.000,-1,450.000,-1,350.000,350.000,325.000,250.000,-1,-1,-1,-1,-1,-1,-1,-1,2,0,2,0,2,0,0,0,1,2,2,2,2,2,2,2,2
65,-4125.110,7949.983,91.745,-142.266,-0.790989,0.611352,-0.024204,-0.611813,-0.790038,0.039051,0.004751,0.045697,0.998944,0,0.16000,0.83917,9.600,1.678,-1,475.000,-1,450.000,-1,350.000,350.000,325.000,250.000,-1,-1,-1,-1,-1,-1,-1,-1,2,0,2,0,2,0,0,0,1,2,2,2,2,2,2,2,2
66,-4128.818,7946.936,91.668,-140.588,-0.772743,0.634239,-0.024672,-0.634697,-0.771812,0.038296,0.005247,0.045252,0.998962,0,0.08000,0.83907,4.800,1.678,-1,475.000,-1,450.000,-1,350.000,350.000,300.000,250.000,-1,-1,-1,-1,-1,-1,-1,-1,2,0,2,0,2,0,0,0,1,2,2,2,2,2,2,2,2
67,-4128.818,7946.936,91.614,-138.910,-0.753846,0.656582,-0.024822,-0.657022,-0.752923,0.037800,0.006130,0.044804,0.998977,0,-0.00000,0.83905,-0.000,1.678,-1,475.000,-1,450.000,-1,350.000,350.000,300.000,250.000,-1,-1,-1,-1,-1,-1,-1,-1,2,0,2,0,2,0,0,0,1,2,2,2,2,2,2,2,2
68,-4125.294,7950.196,91.575,-137.232,-0.734313,0.678363,-0.024672,-0.678771,-0.733387,0.037600,0.007412,0.044357,0.998988,0,-0.08000,0.83905,-4.800,1.678,-1,450.000,-1,450.000,-1,350.000,350.000,300.000,275.000,-1,-1,-1,-1,-1,975.000,-1,-1,2,0,2,0,2,0,0,0,1,2,2,2,2,2,1,2,2
69,-4118.440,7956.918,91.541,-135.554,-0.714161,0.699561,-0.024247,-0.699922,-0.713222,0.037729,0.009100,0.043916,0.998994,0,-0.16000,0.83903,-9.600,1.678,-1,450.000,-1,450.000,-1,350.000,350.000,300.000,275.000,-1,-1,-1,-1,-1,950.000,-1,-1,2,0,2,0,2,0,0,0,1,2,2,2,2,2,1,2,2
70,-4108.459,7967.299,91.468,-133.876,-0.693405,0.720163,-0.023555,-0.720463,-0.692450,0.038042,0.011086,0.043349,0.998998,0,-0.24000,0.83895,-14.400,1.678,-1,450.000,-1,450.000,-1,350.000,350.000,300.000,275.000,-1,-1,-1,-1,-1,950.000,-1,-1,2,0,2,0,2,0,0,0,1,2,2,2,2,2,1,2,2
71,-4095.563,7981.523,91.236,-132.199,-0.672052,0.740161,-0.022528,-0.740389,-0.671102,0.038020,0.013022,0.042230,0.999023,0,-0.32000,0.83878,-19.200,1.678,-1,450.000,-1,450.000,-1,350.000,350.000,300.000,275.000,-1,-1,-1,-1,-1,950.000,-1,-1,2,0,2,0,2,0,0,0,1,2,2,2,2,2,1,2,2
72,-4082.373,7996.956,90.965,-130.522,-0.650128,0.759522,-0.021430,-0.759677,-0.649187,0.038053,0.014990,0.041019,0.999046,0,-0.33835,0.83851,-20.301,1.677,-1,450.000,-1,450.000,-1,350.000,350.000,300.000,275.000,-1,-1,-1,-1,-1,950.000,-1,-1,2,0,2,0,2,0,0,0,1,2,2,2,2,2,1,2,2
73,-4069.577,8012.845,90.664,-128.845,-0.627652,0.778229,-0.020322,-0.778310,-0.626722,0.038125,0.016934,0.039746,0.999066,0,-0.34000,0.83819,-20.400,1.676,-1,425.000,-1,450.000,-1,350.000,350.000,300.000,275.000,-1,-1,-1,-1,-1,950.000,-1,-1,2,0,2,0,2,0,0,0,1,2,2,2,2,2,1,2,2
74,-4057.193,8029.180,90.336,-127.169,-0.604645,0.796264,-0.019208,-0.796272,-0.603729,0.038237,0.018850,0.038415,0.999084,0,-0.34165,0.83782,-20.499,1.676,-1,425.000,-1,450.000,-1,325.000,350.000,300.000,275.000,-1,-1,-1,-1,-1,950.000,-1,-1,2,0,2,0,2,0,0,0,1,2,2,2,2,2,1,2,2
75,-4045.234,8045.950,89.979,-125.495,-0.581127,0.813611,-0.018093,-0.813548,-0.580229,0.038387,0.020734,0.037027,0.999099,0,-0.34329,0.83742,-20.597,1.675,-1,425.000,-1,450.000,-1,325.000,350.000,300.000,275.000,-1,-1,-1,-1,-1,975.000,-1,-1,2,0,2,0,2,0,0,0,1,2,2,2,2,2,1,2,2
76,-4036.387,8059.037,89.690,-124.060,-0.560580,0.827921,-0.017233,-0.827801,-0.559698,0.038506,0.022234,0.035852,0.999110,0,-0.26329,0.71742,-15.797,1.435,-1,425.000,-1,450.000,-1,325.000,350.000,300.000,275.000,-1,-1,-1,-1,-1,975.000,-1,-1,2,0,2,0,2,0,0,0,1,2,2,2,2,2,1,2,2
77,-4030.419,8068.275,89.484,-122.865,-0.543199,0.839440,-0.016624,-0.839279,-0.542331,0.038580,0.023369,0.034909,0.999117,0,-0.18329,0.59742,-10.997,1.195,-1,425.000,-1,450.000,-1,325.000,325.000,300.000,275.000,-1,-1,-1,-1,-1,1000.000,-1,-1,2,0,2,0,2,0,0,0,1,2,2,2,2,2,1,2,2
78,-4027.144,8073.536,89.369,-121.910,-0.529136,0.848381,-0.016248,-0.848193,-0.528280,0.038596,0.024161,0.034204,0.999123,0,-0.10329,0.47742,-6.197,0.955,-1,425.000,-1,425.000,-1,325.000,325.000,300.000,275.000,-1,-1,-1,-1,-1,1000.000,-1,-1,2,0,2,0,2,0,0,0,1,2,2,2,2,2,1,2,2
79,-4026.420,8074.731,89.351,-121.195,-0.518511,0.854919,-0.016102,-0.854716,-0.517662,0.038549,0.024620,0.033751,0.999127,0,-0.02329,0.35742,-1.397,0.715,-1,425.000,-1,425.000,-1,325.000,325.000,300.000,275.000,-1,-1,-1,-1,-1,1000.000,-1,-1,2,0,2,0,2,0,0,0,1,2,2,2,2,2,1,2,2
80,-4028.159,8071.806,89.441,-120.720,-0.511409,0.859185,-0.016219,-0.858982,-0.510562,0.038426,0.024734,0.033583,0.999130,0,0.05671,0.23742,3.403,0.475,-1,425.000,-1,425.000,-1,325.000,325.000,300.000,275.000,-1,-1,-1,-1,-1,1000.000,-1,-1,2,0,2,0,2,0,0,0,1,2,2,2,2,2,1,2,2
81,-4032.320,8064.737,89.637,-120.486,-0.507882,0.861266,-0.016601,-0.861078,-0.507035,0.038224,0.024503,0.033708,0.999131,0,0.13671,0.11742,8.203,0.235,-1,425.000,-1,425.000,-1,325.000,325.000,300.000,275.000,-1,-1,-1,-1,-1,1000.000,-1,-1,2,0,2,0,2,0,0,0,1,2,2,2,2,2,1,2,2
82,-4038.917,8053.532,89.932,-120.491,-0.507959,0.861209,-0.017228,-0.861048,-0.507105,0.037945,0.023942,0.034108,0.999131,0,0.21671,-0.00258,13.003,-0.005,-1,425.000,-1,425.000,-1,325.000,325.000,300.000,275.000,-1,-1,-1,-1,-1,1000.000,-1,-1,2,0,2,0,2,0,0,0,1,2,2,2,2,2,1,2,2
83,-4048.016,8038.230,90.316,-120.736,-0.511637,0.859011,-0.018094,-0.858893,-0.510774,0.037594,0.023051,0.034775,0.999129,0,0.29671,-0.12258,17.803,-0.245,-1,425.000,-1,425.000,-1,325.000,325.000,300.000,275.000,-1,-1,-1,-1,-1,975.000,-1,-1,2,0,2,0,2,0,0,0,1,2,2,2,2,2,1,2,2
84,-4059.732,8018.901,90.782,-121.221,-0.518886,0.854627,-0.019229,-0.854565,-0.518012,0.037171,0.021807,0.035720,0.999124,0,0.37671,-0.24258,22.603,-0.485,-1,425.000,-1,450.000,-1,325.000,350.000,300.000,275.000,-1,-1,-1,-1,-1,975.000,-1,-1,2,0,2,0,2,0,0,0,1,2,2,2,2,2,1,2,2
85,-4074.166,7995.608,91.322,-121.787,-0.527293,0.849433,-0.020630,-0.849442,-0.526407,0.036661,0.020281,0.036855,0.999115,0,0.45671,-0.28299,27.403,-0.566,-1,425.000,-1,450.000,-1,350.000,350.000,300.000,300.000,-1,-1,-1,-1,-1,950.000,-1,-1,2,0,2,0,2,0,0,0,1,2,2,2,2,2,1,2,2
86,-4091.398,7968.403,91.927,-122.351,-0.535611,0.844170,-0.022304,-0.844262,-0.534717,0.036049,0.018505,0.038138,0.999101,0,0.53671,-0.28199,32.203,-0.564,-1,425.000,-1,450.000,-1,350.000,350.000,300.000,300.000,-1,-1,-1,-1,-1,925.000,-1,-1,2,0,2,0,2,0,0,0,1,2,2,2,2,2,1,2,2
87,-4111.504,7937.339,92.246,-122.913,-0.543788,0.838887,-0.023708,-0.839082,-0.542963,0.033666,0.015370,0.038200,0.999152,0,0.61671,-0.28074,37.003,-0.561,-1,425.000,-1,450.000,-1,350.000,350.000,300.000,300.000,-1,-1,-1,-1,-1,900.000,-1,-1,2,0,2,0,2,0,0,0,0,2,2,2,2,2,1,2,2
88,-4134.559,7902.469,92.474,-123.471,-0.551844,0.833565,-0.025248,-0.833868,-0.551119,0.030543,0.011545,0.037909,0.999215,0,0.69671,-0.27921,41.803,-0.558,-1,425.000,-1,450.000,-1,350.000,350.000,300.000,300.000,-1,-1,-1,-1,-1,875.000,-1,-1,2,0,2,0,2,0,0,0,0,2,2,2,2,2,1,2,2
89,-4159.955,7864.855,92.671,-124.026,-0.559780,0.828200,-0.027047,-0.828608,-0.559168,0.027187,0.007392,0.037630,0.999264,0,0.75641,-0.27733,45.385,-0.555,-1,450.000,-1,450.000,-1,350.000,350.000,300.000,300.000,-1,-1,-1,-1,-1,825.000,-1,-1,2,0,2,0,2,0,0,0,0,2,2,2,2,2,1,2,2
90,-4185.627,7827.609,92.814,-124.576,-0.567595,0.822798,-0.028973,-0.823302,-0.567101,0.023888,0.003224,0.037412,0.999295,0,0.75394,-0.27513,45.236,-0.550,-1,450.000,-1,450.000,-1,350.000,350.000,300.000,300.000,-1,-1,-1,-1,-1,800.000,-1,975.000,2,0,2,0,2,0,0,0,0,2,2,2,2,2,1,2,1
91,-4211.575,7790.718,92.890,-125.121,-0.575283,0.817365,-0.031043,-0.817954,-0.574911,0.020709,-0.000920,0.037305,0.999303,0,0.75170,-0.27276,45.102,-0.546,-1,450.000,-1,450.000,-1,350.000,350.000,300.000,300.000,-1,-1,-1,-1,-1,750.000,-1,925.000,2,0,2,0,2,0,0,0,0,2,2,2,2,2,1,2,1
92,-4237.801,7754.172,92.837,-125.662,-0.582846,0.811899,-0.033330,-0.812568,-0.582591,0.017933,-0.004858,0.037535,0.999284,0,0.74971,-0.27023,44.982,-0.540,-1,450.000,-1,450.000,-1,350.000,350.000,300.000,300.000,-1,-1,-1,-1,-1,725.000,-1,875.000,2,0,2,0,2,0,0,0,0,2,2,2,2,2,1,2,1
93,-4264.303,7717.956,92.632,-126.197,-0.590279,0.806403,-0.035850,-0.807154,-0.590133,0.015665,-0.008524,0.038183,0.999234,0,0.74795,-0.26755,44.877,-0.535,-1,450.000,-1,450.000,950.000,350.000,350.000,300.000,300.000,-1,-1,-1,-1,-1,700.000,-1,825.000,2,0,2,0,1,0,0,0,0,2,2,2,2,2,1,2,1
94,-4291.086,7682.059,92.156,-126.726,-0.597575,0.800886,-0.038549,-0.801723,-0.597537,0.013761,-0.012014,0.039128,0.999162,0,0.74644,-0.26472,44.786,-0.529,-1,450.000,-1,450.000,900.000,350.000,375.000,325.000,300.000,-1,-1,-1,-1,-1,650.000,-1,775.000,2,0,2,0,1,0,0,0,0,2,2,2,2,2,1,2,1
95,-4318.149,7646.470,91.190,-127.250,-0.604684,0.795394,-0.041295,-0.796288,-0.604831,0.010259,-0.016817,0.039086,0.999094,0,0.74516,-0.26175,44.710,-0.524,-1,450.000,-1,450.000,825.000,350.000,350.000,325.000,300.000,-1,-1,-1,-1,-1,625.000,-1,700.000,2,0,2,1,1,0,0,0,0,2,2,2,2,2,1,2,1
96,-4345.493,7611.176,89.882,-127.767,-0.611591,0.789870,-0.045408,-0.790857,-0.611963,0.006835,-0.022389,0.040091,0.998945,0,0.74412,-0.25865,44.647,-0.517,-1,450.000,-1,425.000,750.000,350.000,350.000,325.000,300.000,-1,-1,-1,-1,-1,575.000,-1,650.000,2,0,2,1,1,0,0,0,0,2,2,2,2,2,1,2,1
97,-4373.122,7576.165,88.506,-128.278,-0.618335,0.784349,-0.049578,-0.785419,-0.618955,0.003534,-0.027915,0.041124,0.998764,0,0.74331,-0.25541,44.599,-0.511,-1,450.000,-1,425.000,675.000,350.000,350.000,325.000,300.000,-1,-1,-1,-1,-1,550.000,-1,600.000,2,0,2,1,1,0,0,0,0,2,2,2,2,2,1,2,1
98,-4403.943,7537.561,86.897,-128.603,-0.622442,0.780783,-0.054267,-0.781937,-0.623357,0.000067,-0.033776,0.042475,0.998526,0,0.82331,-0.16246,49.399,-0.325,-1,450.000,-1,400.000,600.000,350.000,350.000,325.000,300.000,-1,-1,-1,-1,-1,500.000,-1,525.000,2,0,2,1,1,0,0,0,0,2,2,2,2,2,1,2,1
99,-4437.804,7495.647,85.052,-128.934,-0.626549,0.777113,-0.059429,-0.778350,-0.627820,-0.003579,-0.040092,0.044014,0.998226,0,0.89803,-0.16567,53.882,-0.331,-1,450.000,-1,375.000,500.000,350.000,350.000,325.000,300.000,-1,-1,-1,-1,-1,475.000,-1,475.000,2,0,2,1,1,0,0,0,0,2,2,2,2,2,1,2,1
100,-4469.028,7457.777,83.160,-129.506,-0.633918,0.770791,-0.063483,-0.772055,-0.635519,-0.006817,-0.045600,0.044691,0.997960,0,0.81803,-0.28567,49.082,-0.571,-1,450.000,-1,350.000,450.000,350.000,350.000,325.000,300.000,-1,-1,-1,-1,-1,425.000,-1,400.000,2,0,2,1,1,0,1,0,0,2,2,2,2,2,1,2,1
101,-4497.681,7424.014,80.989,-130.317,-0.644579,0.761756,-0.065165,-0.762933,-0.646405,-0.009701,-0.049513,0.043464,0.997827,0,0.73803,-0.40567,44.282,-0.811,-1,450.000,-1,325.000,400.000,350.000,325.000,325.000,300.000,-1,-1,-1,-1,-1,400.000,-1,350.000,2,0,2,1,1,0,1,0,0,2,2,2,2,2,1,2,1
102,-4523.775,7394.384,79.095,-131.368,-0.658319,0.749826,-0.066160,-0.750880,-0.660325,-0.012257,-0.052878,0.041609,0.997734,0,0.65803,-0.52567,39.482,-1.051,-1,450.000,-1,300.000,350.000,350.000,300.000,300.000,300.000,-1,-1,-1,-1,1000.000,375.000,-1,325.000,2,0,2,1,1,0,1,0,0,2,2,2,2,1,1,2,1
103,-4547.279,7368.881,78.344,-132.660,-0.675276,0.734916,-0.062456,-0.735645,-0.677205,-0.014825,-0.053191,0.035934,0.997938,0,0.57803,-0.64567,34.682,-1.291,1000.000,450.000,-1,275.000,325.000,350.000,275.000,300.000,325.000,-1,-1,-1,-1,1000.000,350.000,-1,300.000,1,0,2,1,1,1,1,0,0,2,2,2,2,1,1,2,1
104,-4568.109,7347.456,77.816,-134.191,-0.694924,0.716699,-0.058517,-0.717112,-0.696742,-0.017356,-0.053210,0.029902,0.998136,0,0.49803,-0.76567,29.882,-1.531,1000.000,450.000,-1,275.000,325.000,325.000,250.000,300.000,325.000,-1,-1,-1,-1,-1,325.000,-1,275.000,1,0,2,1,1,1,1,0,0,2,2,2,2,2,1,2,1
105,-4586.141,7330.022,77.399,-135.962,-0.716972,0.694930,-0.054981,-0.695060,-0.718677,-0.019855,-0.053312,0.023980,0.998290,0,0.41803,-0.88567,25.082,-1.771,1000.000,450.000,-1,250.000,325.000,300.000,250.000,275.000,350.000,-1,-1,-1,-1,-1,325.000,-1,275.000,1,1,2,1,1,1,1,0,0,2,2,2,2,2,1,2,1
106,-4601.205,7316.441,77.003,-137.962,-0.740961,0.669503,-0.052370,-0.669390,-0.742578,-0.022262,-0.053793,0.018561,0.998380,0,0.33803,-1.00000,20.282,-2.000,-1,400.000,-1,250.000,325.000,275.000,225.000,275.000,350.000,-1,-1,-1,-1,-1,300.000,-1,275.000,2,1,2,1,1,1,1,0,0,2,2,2,2,2,1,2,1
107,-4613.059,7306.482,76.606,-139.962,-0.763983,0.643226,-0.050895,-0.642919,-0.765547,-0.024376,-0.054642,0.014099,0.998406,0,0.25803,-1.00000,15.482,-2.000,-1,375.000,-1,225.000,350.000,275.000,225.000,275.000,375.000,-1,-1,-1,-1,-1,300.000,-1,275.000,2,1,2,1,1,1,1,0,0,2,2,2,2,2,1,2,1
108,-4621.472,7299.901,76.191,-141.962,-0.786005,0.616143,-0.050630,-0.615684,-0.787562,-0.026078,-0.055942,0.010675,0.998377,0,0.17803,-1.00000,10.682,-2.000,-1,350.000,450.000,225.000,375.000,250.000,225.000,275.000,375.000,-1,-1,-1,-1,-1,300.000,-1,275.000,2,1,1,1,1,1,1,0,0,2,2,2,2,2,1,2,1
109,-4626.228,7296.440,75.776,-143.962,-0.807003,0.588295,-0.051522,-0.587724,-0.808603,-0.027229,-0.057680,0.008307,0.998301,0,0.09803,-1.00000,5.882,-2.000,-1,325.000,375.000,225.000,425.000,250.000,200.000,300.000,375.000,-1,-1,-1,-1,600.000,275.000,-1,300.000,2,1,1,1,1,1,1,0,0,2,2,2,2,1,1,2,1
110,-4627.125,7295.835,75.394,-145.962,-0.826957,0.559723,-0.053397,-0.559078,-0.828651,-0.027746,-0.059778,0.006909,0.998188,0,0.01803,-1.00000,1.082,-2.000,-1,300.000,375.000,225.000,475.000,225.000,200.000,300.000,350.000,-1,-1,-1,-1,475.000,300.000,-1,325.000,2,1,1,1,1,1,1,0,0,2,2,2,2,1,1,2,1
111,-4623.974,7297.807,75.093,-147.962,-0.845856,0.530465,-0.055984,-0.529781,-0.847684,-0.027652,-0.062125,0.006270,0.998049,0,-0.06197,-1.00000,-3.718,-2.000,-1,275.000,375.000,225.000,600.000,225.000,200.000,300.000,350.000,-1,-1,-1,-1,425.000,300.000,-1,325.000,2,1,1,1,1,1,1,0,0,2,2,2,2,1,1,2,1
112,-4624.908,7297.262,74.762,-149.722,-0.861664,0.504183,-0.057737,-0.503437,-0.863582,-0.027890,-0.063922,0.005035,0.997942,0,0.01803,-0.88000,1.082,-1.760,-1,250.000,350.000,225.000,650.000,225.000,200.000,300.000,350.000,-1,-1,-1,-1,375.000,300.000,-1,350.000,2,1,1,1,1,1,1,0,0,2,2,2,2,1,1,2,1
113,-4630.065,7294.432,74.358,-151.242,-0.874688,0.481102,-0.058841,-0.480270,-0.876658,-0.028479,-0.065285,0.003350,0.997861,0,0.09803,-0.76000,5.882,-1.520,-1,250.000,350.000,225.000,650.000,200.000,200.000,300.000,350.000,-1,-1,-1,-1,350.000,300.000,-1,375.000,2,1,1,1,1,1,1,0,0,2,2,2,2,1,1,2,1
114,-4639.541,7289.503,73.857,-152.522,-0.885203,0.461401,-0.059373,-0.460463,-0.887191,-0.029441,-0.066259,0.001278,0.997802,0,0.17803,-0.64000,10.682,-1.280,-1,250.000,350.000,225.000,675.000,200.000,200.000,300.000,350.000,-1,-1,-1,-1,300.000,300.000,-1,400.000,2,1,1,1,1,1,1,0,0,2,2,2,2,1,1,2,1
115,-4653.404,7282.610,73.264,-153.562,-0.893454,0.445222,-0.059299,-0.444155,-0.895419,-0.030828,-0.066822,-0.001205,0.997764,0,0.25803,-0.52000,15.482,-1.040,-1,225.000,325.000,225.000,650.000,200.000,200.000,300.000,350.000,-1,-1,-1,-1,275.000,300.000,-1,400.000,2,1,1,1,1,1,1,0,0,2,2,2,2,1,1,2,1
116,-4671.689,7273.834,72.563,-154.362,-0.899664,0.432673,-0.058296,-0.431449,-0.901540,-0.032815,-0.066755,-0.004371,0.997760,0,0.33803,-0.40000,20.282,-0.800,-1,200.000,300.000,225.000,650.000,175.000,175.000,300.000,350.000,-1,-1,-1,-1,250.000,275.000,-1,400.000,2,1,1,1,1,1,1,0,0,2,2,2,2,1,1,2,1
117,-4694.406,7263.202,71.504,-154.922,-0.904072,0.423825,-0.055013,-0.422370,-0.905692,-0.036396,-0.065250,-0.009668,0.997822,0,0.41803,-0.28000,25.082,-0.560,-1,200.000,300.000,200.000,625.000,175.000,175.000,300.000,375.000,-1,-1,-1,-1,225.000,275.000,-1,375.000,2,1,1,1,1,1,1,0,0,2,2,2,2,1,1,2,1
118,-4721.540,7250.686,70.409,-155.242,-0.906729,0.418723,-0.050138,-0.417018,-0.907965,-0.041168,-0.062761,-0.016420,0.997893,0,0.49803,-0.16000,29.882,-0.320,-1,175.000,275.000,200.000,600.000,150.000,150.000,300.000,400.000,-1,-1,-1,-1,200.000,250.000,400.000,375.000,2,1,1,1,1,1,1,0,0,2,2,2,2,1,1,1,1
119,-4753.053,7236.207,71.447,-155.322,-0.907793,0.417454,-0.040545,-0.416157,-0.908547,-0.036818,-0.052207,-0.016550,0.998499,0,0.57803,-0.04000,34.682,-0.080,-1,150.000,250.000,175.000,575.000,150.000,150.000,325.000,425.000,-1,-1,-1,-1,200.000,250.000,-1,375.000,2,1,1,1,1,1,1,0,0,2,2,2,2,1,1,2,1
120,-2296.128,-1639.757,-398.608,125.528,-0.469627,-0.806875,0.358334,0.759628,-0.576127,-0.301733,0.449907,0.130498,0.883490,1,0.00000,0.00000,39.482,0.160,-1,900.000,-1,-1,0.000,-1,-1,300.000,200.000,875.000,0.000,0.000,-1,-1,-1,-1,0.000,2,1,2,2,1,2,2,1,1,1,1,1,2,2,2,2,1
121,7538.500,327.097,35.846,-169.801,-0.984244,0.176804,-0.001969,-0.176644,-0.982743,0.054892,0.007770,0.054375,0.998490,1,0.08000,-0.12000,4.800,-0.240,-1,400.000,-1,425.000,-1,325.000,350.000,275.000,300.000,-1,-1,-1,-1,-1,-1,-1,-1,2,0,2,0,2,0,0,0,0,2,2,2,2,2,2,2,2
122,7529.037,325.476,35.878,-170.281,-0.985688,0.168561,-0.002692,-0.168452,-0.984169,0.055086,0.006636,0.054751,0.998478,0,0.16000,-0.24000,9.600,-0.480,-1,400.000,-1,425.000,-1,325.000,350.000,275.000,300.000,-1,-1,-1,-1,-1,-1,-1,-1,2,0,2,0,2,0,0,0,0,2,2,2,2,2,2,2,2
123,7514.814,323.224,35.921,-171.001,-0.987722,0.156176,-0.003792,-0.156144,-0.986179,0.055400,0.004913,0.055312,0.998457,0,0.24000,-0.36000,14.400,-0.720,-1,400.000,-1,425.000,-1,325.000,350.000,275.000,300.000,-1,-1,-1,-1,-1,-1,-1,-1,2,0,2,0,2,0,0,0,0,2,2,2,2,2,2,2,2
124,7495.803,320.538,35.970,-171.961,-0.990190,0.139625,-0.005285,-0.139701,-0.988617,0.055861,0.002575,0.056052,0.998425,0,0.32000,-0.48000,19.200,-0.960,-1,400.000,-1,425.000,-1,325.000,350.000,275.000,300.000,-1,-1,-1,-1,-1,-1,-1,-1,2,0,2,0,2,0,0,0,0,2,2,2,2,2,2,2,2
125,7471.973,317.680,36.016,-173.161,-0.992882,0.118884,-0.007188,-0.119101,-0.991273,0.056509,-0.000407,0.056963,0.998376,0,0.40000,-0.60000,24.000,-1.200,-1,400.000,-1,425.000,-1,325.000,350.000,275.000,300.000,-1,-1,-1,-1,-1,-1,-1,-1,2,0,2,0,2,0,0,0,0,2,2,2,2,2,2,2,2
126,7443.300,314.970,36.050,-174.601,-0.995533,0.093930,-0.009518,-0.094324,-0.993886,0.057391,-0.004069,0.058032,0.998306,0,0.48000,-0.72000,28.800,-1.440,-1,425.000,-1,425.000,-1,325.000,350.000,275.000,300.000,-1,-1,-1,-1,-1,-1,-1,-1,2,0,2,0,2,0,0,0,0,2,2,2,2,2,2,2,2
127,7409.770,312.791,36.057,-176.281,-0.997826,0.064747,-0.012286,-0.065359,-0.996142,0.058566,-0.008447,0.059242,0.998208,0,0.56000,-0.84000,33.600,-1.680,-1,425.000,-1,425.000,-1,350.000,350.000,275.000,300.000,-1,-1,-1,-1,-1,-1,-1,-1,2,0,2,0,2,0,0,0,0,2,2,2,2,2,2,2,2
128,7371.389,311.585,36.020,-178.201,-0.999389,0.031334,-0.015496,-0.032212,-0.997672,0.060103,-0.013576,0.060565,0.998072,0,0.64000,-0.96000,38.400,-1.920,-1,425.000,-1,425.000,-1,350.000,350.000,275.000,300.000,-1,-1,-1,-1,-1,-1,-1,-1,2,0,2,0,2,0,0,0,0,2,2,2,2,2,2,2,2
129,7328.188,311.736,35.921,-180.201,-0.999811,-0.003503,-0.019117,0.002311,-0.998071,0.062033,-0.019298,0.061977,0.997891,0,0.72000,-1.00000,43.200,-2.000,-1,425.000,-1,425.000,-1,350.000,350.000,300.000,300.000,-1,-1,-1,-1,-1,-1,-1,-1,2,0,2,0,2,0,0,0,0,2,2,2,2,2,2,2,2
130,7280.222,313.580,35.738,-182.201,-0.998998,-0.038330,-0.023119,0.036773,-0.997248,0.064373,-0.025523,0.063458,0.997658,0,0.80000,-1.00000,48.000,-2.000,-1,425.000,-1,425.000,-1,350.000,350.000,300.000,300.000,-1,-1,-1,-1,-1,1000.000,-1,-1,2,0,2,0,2,0,0,0,0,2,2,2,2,2,1,2,2
131,7227.562,317.439,35.154,-184.191,-0.996975,-0.072929,-0.026885,0.071028,-0.995293,0.065925,-0.031566,0.063816,0.997462,0,0.88000,-0.99484,52.800,-1.990,-1,450.000,-1,425.000,-1,350.000,350.000,300.000,300.000,-1,-1,-1,-1,-1,950.000,-1,-1,2,0,2,0,2,0,0,0,0,2,2,2,2,2,1,2,2
132,7170.295,323.629,32.584,-186.165,-0.993767,-0.107209,-0.030556,0.105126,-0.992454,0.063113,-0.037092,0.059507,0.997539,0,0.96000,-0.98730,57.600,-1.975,-1,425.000,-1,400.000,-1,350.000,325.000,300.000,300.000,-1,-1,-1,-1,-1,900.000,-1,-1,2,0,2,0,2,0,0,0,0,2,2,2,2,2,1,2,2
133,7112.180,331.925,29.527,-188.121,-0.989424,-0.141043,-0.033875,0.138776,-0.988387,0.061901,-0.042212,0.056546,0.997507,0,0.97838,-0.97796,58.703,-1.956,-1,425.000,-1,400.000,-1,350.000,325.000,275.000,300.000,-1,-1,-1,-1,-1,875.000,-1,-1,2,0,2,0,2,0,0,0,0,2,2,2,2,2,1,2,2
134,7053.402,342.350,26.371,-190.055,-0.983986,-0.174340,-0.037099,0.171909,-0.983228,0.060911,-0.047096,0.053558,0.997454,0,0.99490,-0.96676,59.694,-1.934,-1,425.000,-1,400.000,-1,325.000,325.000,275.000,300.000,-1,-1,-1,-1,-1,825.000,-1,-1,2,0,2,0,2,0,0,0,0,2,2,2,2,2,1,2,2
135,6994.704,354.788,23.161,-191.962,-0.977518,-0.206997,-0.040144,0.204425,-0.977034,0.060128,-0.051669,0.050569,0.997383,0,1.00000,-0.95356,60.000,-1.907,-1,425.000,-1,400.000,-1,325.000,325.000,275.000,300.000,-1,-1,-1,-1,-1,800.000,-1,-1,2,0,2,0,2,0,0,0,0,2,2,2,2,2,1,2,2
136,6936.446,369.141,19.923,-193.839,-0.970090,-0.238916,-0.042957,0.236227,-0.969873,0.059523,-0.055884,0.047595,0.997302,0,1.00000,-0.93830,60.000,-1.877,-1,-1,-1,375.000,-1,325.000,325.000,300.000,300.000,-1,-1,-1,-1,-1,750.000,-1,-1,2,2,2,0,2,0,0,0,0,2,2,2,2,2,1,2,2
137,6878.678,385.359,16.664,-195.680,-0.961784,-0.270000,-0.045503,0.267217,-0.961825,0.059059,-0.059712,0.044643,0.997217,0,1.00000,-0.92088,60.000,-1.842,-1,-1,-1,375.000,-1,325.000,325.000,300.000,300.000,-1,-1,-1,-1,-1,725.000,-1,-1,2,2,2,0,2,0,0,0,0,2,2,2,2,2,1,2,2
