timestep,x_cm,y_cm,z_cm,yaw_deg,basis_xx,basis_xy,basis_xz,basis_yx,basis_yy,basis_yz,basis_zx,basis_zy,basis_zz,teleport_flag,throttle_cmd,steering_cmd,cmd_move_cm,cmd_turn_deg,lidar_cm_0,lidar_cm_1,lidar_cm_2,lidar_cm_3,lidar_cm_4,lidar_cm_5,lidar_cm_6,lidar_cm_7,lidar_cm_8,lidar_cm_9,lidar_cm_10,lidar_cm_11,lidar_cm_12,lidar_cm_13,lidar_cm_14,lidar_cm_15,lidar_cm_16,lidar_class_0,lidar_class_1,lidar_class_2,lidar_class_3,lidar_class_4,lidar_class_5,lidar_class_6,lidar_class_7,lidar_class_8,lidar_class_9,lidar_class_10,lidar_class_11,lidar_class_12,lidar_class_13,lidar_class_14,lidar_class_15,lidar_class_16
0,-2952.113,-7538.434,48.218,94.754,-0.080014,-0.995480,-0.051169,0.995072,-0.082786,0.054574,-0.058564,-0.046550,0.997198,1,0.08000,-0.12000,4.800,-0.240,-1,375.000,-1,400.000,-1,325.000,325.000,300.000,325.000,625.000,-1,-1,-1,700.000,775.000,-1,-1,2,0,2,0,2,0,0,0,0,1,2,2,2,0,0,2,2
1,-2952.829,-7528.861,47.647,94.274,-0.071681,-0.996124,-0.050974,0.995734,-0.074443,0.054518,-0.058101,-0.046849,0.997211,0,0.16000,-0.24000,9.600,-0.480,-1,375.000,-1,400.000,-1,325.000,325.000,300.000,325.000,650.000,-1,-1,-1,700.000,775.000,-1,-1,2,0,2,0,2,0,0,0,0,1,2,2,2,0,0,2,2
2,-2953.722,-7514.488,46.801,93.555,-0.059189,-0.996960,-0.050679,0.996595,-0.061934,0.054438,-0.057411,-0.047285,0.997230,0,0.24000,-0.35954,14.400,-0.719,-1,375.000,-1,400.000,-1,325.000,325.000,300.000,325.000,675.000,550.000,-1,-1,700.000,775.000,-1,-1,2,0,2,0,2,0,0,0,0,1,1,2,2,0,0,2,2
3,-2954.668,-7495.312,45.687,92.825,-0.046509,-0.997652,-0.050279,0.997308,-0.049232,0.054338,-0.056686,-0.047616,0.997256,0,0.32000,-0.36485,19.200,-0.730,-1,375.000,-1,400.000,-1,325.000,325.000,300.000,325.000,700.000,500.000,-1,-1,700.000,775.000,-1,-1,2,0,2,0,2,0,0,0,0,1,1,2,2,0,0,2,2
4,-2955.540,-7471.327,44.314,92.081,-0.033580,-0.998196,-0.049770,0.997870,-0.036273,0.054222,-0.055930,-0.047843,0.997288,0,0.40000,-0.37200,24.000,-0.744,-1,375.000,-1,400.000,-1,325.000,325.000,300.000,300.000,750.000,525.000,-1,-1,700.000,775.000,-1,-1,2,0,2,0,2,0,0,0,0,1,1,2,2,0,0,2,2
5,-2956.203,-7442.535,42.688,91.319,-0.020337,-0.998584,-0.049151,0.998271,-0.022993,0.054093,-0.055147,-0.047965,0.997325,0,0.48000,-0.38103,28.800,-0.762,-1,375.000,-1,400.000,-1,325.000,325.000,300.000,300.000,800.000,525.000,-1,-1,700.000,775.000,-1,-1,2,0,2,0,2,0,0,0,0,1,1,2,2,0,0,2,2
6,-2956.517,-7408.936,40.815,90.535,-0.006715,-0.998805,-0.048419,0.998500,-0.009328,0.053954,-0.054341,-0.047984,0.997369,0,0.56000,-0.39198,33.600,-0.784,-1,375.000,-1,400.000,-1,325.000,325.000,300.000,300.000,875.000,550.000,-1,-1,700.000,775.000,-1,-1,2,0,2,0,2,0,0,0,0,1,1,2,2,0,0,2,2
7,-2956.332,-7370.536,38.701,89.725,0.007354,-0.998841,-0.047573,0.998540,0.004789,0.053807,-0.053517,-0.047900,0.997417,0,0.64000,-0.40490,38.400,-0.810,-1,375.000,-1,400.000,-1,325.000,325.000,300.000,300.000,925.000,575.000,-1,-1,725.000,775.000,-1,-1,2,0,2,0,2,0,0,0,0,1,1,2,2,0,0,2,2
8,-2955.492,-7327.344,36.354,88.886,0.021936,-0.998672,-0.046612,0.998370,0.019425,0.053657,-0.052680,-0.047713,0.997471,0,0.72000,-0.41982,43.200,-0.840,-1,375.000,-1,400.000,-1,325.000,325.000,300.000,300.000,-1,625.000,-1,-1,725.000,775.000,-1,-1,2,0,2,0,2,0,0,0,0,2,1,2,2,0,0,2,2
9,-2953.826,-7279.373,33.779,88.012,0.037101,-0.998274,-0.045535,0.997966,0.034649,0.053507,-0.051837,-0.047428,0.997529,0,0.80000,-0.43677,48.000,-0.874,-1,375.000,-1,400.000,-1,325.000,325.000,300.000,300.000,-1,675.000,-1,-1,725.000,775.000,-1,-1,2,0,2,0,2,0,0,0,0,2,1,2,2,0,0,2,2
10,-2951.341,-7230.317,31.181,87.101,0.052921,-0.997611,-0.044406,0.997295,0.050528,0.053386,-0.051015,-0.047111,0.997586,0,0.81864,-0.45581,49.118,-0.912,-1,375.000,-1,400.000,-1,325.000,325.000,300.000,300.000,-1,725.000,950.000,-1,725.000,775.000,-1,-1,2,0,2,0,2,0,0,0,0,2,1,1,2,0,0,2,2
11,-2947.994,-7180.592,28.703,86.150,0.069403,-0.996657,-0.043116,0.996329,0.067079,0.053192,-0.050122,-0.046649,0.997653,0,0.83062,-0.47546,49.837,-0.951,-1,375.000,-1,400.000,-1,325.000,325.000,300.000,300.000,-1,750.000,875.000,-1,725.000,775.000,-1,-1,2,0,2,0,2,0,0,0,0,2,1,1,2,0,0,2,2
12,-2943.724,-7130.178,26.306,85.158,0.086572,-0.995356,-0.042088,0.995037,0.084310,0.052844,-0.049050,-0.046454,0.997715,0,0.84324,-0.49558,50.594,-0.991,-1,375.000,-1,400.000,-1,325.000,325.000,300.000,300.000,-1,825.000,850.000,-1,725.000,775.000,-1,-1,2,0,2,0,2,0,0,0,0,2,1,1,2,0,0,2,2
13,-2938.464,-7079.060,23.907,84.126,0.104432,-0.993685,-0.041046,0.993374,0.102230,0.052502,-0.047974,-0.046257,0.997777,0,0.85647,-0.51617,51.388,-1.032,-1,375.000,-1,400.000,-1,325.000,325.000,300.000,300.000,-1,875.000,900.000,-1,725.000,775.000,-1,-1,2,0,2,0,2,0,0,0,0,2,1,1,2,0,0,2,2
14,-2932.147,-7027.225,21.507,83.052,0.122988,-0.991602,-0.039992,0.991300,0.120847,0.052166,-0.046895,-0.046060,0.997837,0,0.87030,-0.53723,52.218,-1.074,-1,375.000,-1,400.000,-1,325.000,325.000,300.000,300.000,-1,925.000,925.000,-1,725.000,775.000,-1,-1,2,0,2,0,2,0,0,0,0,2,1,1,2,0,0,2,2
15,-2924.698,-6974.667,19.102,81.934,0.142248,-0.989065,-0.038929,0.988770,0.140165,0.051833,-0.045810,-0.045865,0.997897,0,0.88472,-0.55877,53.083,-1.118,-1,375.000,-1,400.000,-1,325.000,325.000,300.000,300.000,-1,975.000,975.000,-1,725.000,775.000,-1,-1,2,0,2,0,2,0,0,0,0,2,1,1,2,0,0,2,2
16,-2915.588,-6918.600,16.569,80.771,0.162235,-0.986028,-0.037804,0.985739,0.160214,0.051485,-0.044709,-0.045617,0.997958,0,0.94670,-0.58152,56.802,-1.163,-1,375.000,-1,400.000,-1,325.000,325.000,300.000,300.000,-1,-1,-1,-1,725.000,750.000,-1,-1,2,0,2,0,2,0,0,0,0,2,2,2,2,0,0,2,2
17,-2905.209,-6862.106,14.044,79.590,0.182464,-0.982528,-0.036683,0.982244,0.180502,0.051139,-0.043624,-0.045363,0.998018,0,0.95732,-0.59043,57.439,-1.181,-1,375.000,-1,400.000,-1,325.000,325.000,300.000,300.000,-1,-1,-1,-1,725.000,750.000,-1,-1,2,0,2,0,2,0,0,0,0,2,2,2,2,0,0,2,2
18,-2893.526,-6805.235,11.527,78.392,0.202922,-0.978549,-0.035572,0.978270,0.201018,0.050793,-0.042553,-0.045106,0.998076,0,0.96764,-0.59932,58.058,-1.199,-1,375.000,-1,400.000,-1,325.000,325.000,300.000,300.000,-1,-1,-1,-1,725.000,750.000,-1,-1,2,0,2,0,2,0,0,0,0,2,2,2,2,0,0,2,2
19,-2880.506,-6748.041,9.018,77.175,0.223597,-0.974072,-0.034475,0.973798,0.221749,0.050447,-0.041494,-0.044852,0.998132,0,0.97761,-0.60822,58.657,-1.216,-1,375.000,-1,400.000,-1,325.000,325.000,300.000,300.000,-1,-1,-1,-1,725.000,750.000,-1,-1,2,0,2,0,2,0,0,0,0,2,2,2,2,0,0,2,2
20,-2867.635,-6695.651,6.729,76.199,0.240118,-0.970166,-0.033492,0.969892,0.238320,0.050125,-0.040648,-0.044520,0.998181,0,0.89913,-0.48822,53.948,-0.976,-1,375.000,-1,400.000,-1,325.000,325.000,300.000,300.000,-1,-1,-1,-1,725.000,750.000,-1,-1,2,0,2,0,2,0,0,0,0,2,2,2,2,0,0,2,2
21,-2854.104,-6643.471,4.454,75.462,0.252523,-0.967044,-0.032524,0.966764,0.250775,0.049799,-0.040002,-0.044019,0.998230,0,0.89842,-0.36822,53.905,-0.736,-1,375.000,-1,400.000,-1,325.000,325.000,300.000,300.000,-1,-1,-1,-1,725.000,725.000,-1,-1,2,0,2,0,2,0,0,0,0,2,2,2,2,0,0,2,2
22,-2840.135,-6591.465,2.264,74.966,0.260838,-0.964877,-0.031224,0.964570,0.259156,0.049416,-0.039589,-0.043008,0.998290,0,0.89750,-0.24822,53.850,-0.496,-1,375.000,-1,400.000,-1,325.000,325.000,300.000,300.000,-1,-1,-1,-1,725.000,725.000,-1,-1,2,0,2,0,2,0,0,0,0,2,2,2,2,0,0,2,2
23,-2825.949,-6539.583,0.116,74.709,0.265088,-0.963765,-0.029774,0.963428,0.263487,0.048800,-0.039187,-0.041621,0.998365,0,0.89644,-0.12822,53.786,-0.256,-1,375.000,-1,375.000,-1,325.000,325.000,300.000,300.000,-1,-1,-1,-1,725.000,725.000,-1,-1,2,0,2,0,2,0,0,0,0,2,2,2,2,0,0,2,2
24,-2811.767,-6487.770,-1.986,74.693,0.265309,-0.963743,-0.028460,0.963370,0.263779,0.048355,-0.039094,-0.040246,0.998425,0,0.89531,-0.00822,53.719,-0.016,-1,375.000,-1,375.000,-1,300.000,325.000,300.000,300.000,-1,-1,-1,-1,700.000,725.000,-1,-1,2,0,2,0,2,0,0,0,0,2,2,2,2,0,0,2,2
25,-2797.806,-6435.968,-3.815,74.916,0.261517,-0.964783,-0.028317,0.964426,0.260021,0.047652,-0.038611,-0.039772,0.998463,0,0.89417,0.11178,53.650,0.224,-1,375.000,-1,375.000,-1,325.000,325.000,300.000,300.000,-1,-1,-1,-1,700.000,725.000,-1,-1,2,0,2,0,2,0,0,0,0,2,2,2,2,0,0,2,2
26,-2784.280,-6384.119,-5.620,75.380,0.253674,-0.966873,-0.028393,0.966539,0.252212,0.046820,-0.038108,-0.039320,0.998500,0,0.89308,0.23178,53.585,0.464,-1,375.000,-1,375.000,-1,325.000,325.000,300.000,300.000,-1,-1,-1,-1,700.000,700.000,-1,-1,2,0,2,0,2,0,0,0,0,2,2,2,2,0,0,2,2
27,-2771.407,-6332.165,-7.451,76.084,0.241754,-0.969919,-0.028504,0.969605,0.240326,0.045933,-0.037701,-0.038742,0.998538,0,0.89209,0.35178,53.525,0.704,-1,375.000,-1,375.000,-1,325.000,325.000,300.000,300.000,-1,-1,-1,-1,700.000,700.000,-1,-1,2,0,2,0,2,0,0,0,0,2,2,2,2,0,0,2,2
28,-2759.402,-6280.055,-9.322,77.027,0.225720,-0.973771,-0.028646,0.973474,0.224327,0.045000,-0.037393,-0.038044,0.998576,0,0.89124,0.47178,53.475,0.944,-1,375.000,-1,375.000,-1,325.000,325.000,300.000,300.000,-1,-1,-1,-1,700.000,700.000,-1,-1,2,0,2,0,2,0,0,0,0,2,2,2,2,0,0,2,2
29,-2748.484,-6227.748,-11.243,78.211,0.205527,-0.978228,-0.028799,0.977945,0.204172,0.044016,-0.037178,-0.037211,0.998616,0,0.89058,0.59178,53.435,1.184,-1,375.000,-1,375.000,-1,325.000,325.000,300.000,325.000,-1,-1,-1,-1,700.000,700.000,-1,-1,2,0,2,0,2,0,0,0,0,2,2,2,2,0,0,2,2
30,-2738.667,-6175.251,-13.216,79.408,0.185007,-0.982311,-0.028930,0.982044,0.183691,0.042976,-0.036902,-0.036361,0.998657,0,0.89013,0.59870,53.408,1.197,-1,375.000,-1,375.000,-1,325.000,325.000,300.000,325.000,-1,-1,-1,-1,700.000,700.000,-1,-1,2,0,2,0,2,0,0,0,0,2,2,2,2,0,0,2,2
31,-2729.957,-6122.589,-15.239,80.609,0.164343,-0.985976,-0.029032,0.985725,0.163068,0.041887,-0.036566,-0.035501,0.998700,0,0.88962,0.60047,53.377,1.201,-1,375.000,-1,375.000,-1,325.000,325.000,300.000,325.000,-1,-1,925.000,-1,700.000,675.000,-1,-1,2,0,2,0,2,0,0,0,0,2,2,0,2,0,0,2,2
32,-2722.360,-6069.789,-17.311,81.813,0.143546,-0.989216,-0.029100,0.988982,0.142314,0.040757,-0.036176,-0.034630,0.998745,0,0.88906,0.60214,53.344,1.204,-1,375.000,-1,375.000,-1,300.000,300.000,300.000,300.000,-1,1000.000,850.000,-1,700.000,675.000,-1,-1,2,0,2,0,2,0,0,0,0,2,0,0,2,0,0,2,2
33,-2715.883,-6016.878,-19.432,83.021,0.122630,-0.992025,-0.029131,0.991809,0.121441,0.039593,-0.035739,-0.033747,0.998791,0,0.88844,0.60371,53.306,1.207,-1,375.000,-1,375.000,-1,300.000,300.000,300.000,300.000,-1,875.000,775.000,-1,700.000,675.000,-1,-1,2,0,2,0,2,0,0,0,0,2,0,0,2,0,0,2,2
34,-2710.528,-5963.883,-21.601,84.231,0.101607,-0.994398,-0.029120,0.994200,0.100462,0.038403,-0.035263,-0.032853,0.998838,0,0.88776,0.60519,53.266,1.210,-1,375.000,-1,375.000,-1,300.000,300.000,300.000,300.000,-1,800.000,750.000,-1,700.000,675.000,-1,-1,2,0,2,0,2,0,0,0,0,2,0,0,2,0,0,2,2
35,-2706.300,-5910.829,-23.731,85.444,0.080475,-0.996343,-0.028719,0.996152,0.079389,0.037134,-0.034719,-0.031597,0.998898,0,0.88703,0.60657,53.222,1.213,-1,375.000,-1,375.000,-1,300.000,300.000,300.000,300.000,-1,750.000,725.000,-1,700.000,675.000,-1,-1,2,0,2,0,2,0,0,0,0,2,0,0,2,0,0,2,2
36,-2703.202,-5857.745,-25.323,86.660,0.059268,-0.997830,-0.028696,0.997667,0.058234,0.035620,-0.033872,-0.030740,0.998953,0,0.88625,0.60785,53.175,1.216,-1,375.000,-1,375.000,-1,300.000,300.000,325.000,300.000,-1,725.000,700.000,-1,700.000,675.000,-1,-1,2,0,2,0,2,0,0,0,0,2,0,0,2,0,0,2,2
37,-2701.235,-5804.656,-26.693,87.878,0.038020,-0.998839,-0.029598,0.998737,0.037010,0.033978,-0.032843,-0.030852,0.998984,0,0.88542,0.60902,53.125,1.218,-1,375.000,-1,375.000,-1,300.000,300.000,325.000,300.000,-1,700.000,675.000,-1,700.000,675.000,-1,-1,2,0,2,0,2,0,0,0,0,2,0,0,2,0,0,2,2
38,-2700.399,-5751.590,-28.098,89.098,0.016717,-0.999397,-0.030441,0.999353,0.015731,0.032346,-0.031848,-0.030962,0.999013,0,0.88455,0.61010,53.073,1.220,-1,375.000,-1,375.000,-1,300.000,300.000,325.000,300.000,-1,650.000,650.000,-1,700.000,675.000,-1,-1,2,0,2,0,2,0,0,0,0,2,0,0,2,0,0,2,2
39,-2700.696,-5698.573,-29.539,90.320,-0.004628,-0.999502,-0.031225,0.999512,-0.005588,0.030727,-0.030887,-0.031067,0.999040,0,0.88364,0.61107,53.018,1.222,-1,375.000,-1,375.000,-1,300.000,300.000,325.000,300.000,-1,650.000,650.000,-1,700.000,675.000,-1,-1,2,0,2,0,2,0,0,0,0,2,0,0,2,0,0,2,2
40,-2702.123,-5645.631,-31.020,91.544,-0.026002,-0.999151,-0.031950,0.999213,-0.026935,0.029124,-0.029960,-0.031167,0.999065,0,0.88269,0.61193,52.962,1.224,-1,375.000,-1,375.000,-1,325.000,300.000,325.000,325.000,-1,625.000,650.000,-1,675.000,675.000,-1,-1,2,0,2,0,2,0,0,0,0,2,0,0,2,0,0,2,2
41,-2704.247,-5597.516,-32.396,92.528,-0.043180,-0.998537,-0.032555,0.998644,-0.044087,0.027671,-0.029066,-0.031316,0.999087,0,0.80269,0.49193,48.162,0.984,-1,375.000,-1,375.000,-1,325.000,300.000,325.000,325.000,-1,625.000,650.000,-1,675.000,675.000,-1,-1,2,0,2,0,2,0,0,0,0,2,0,0,2,0,0,2,2
42,-2706.722,-5554.226,-33.655,93.272,-0.056164,-0.997874,-0.033063,0.998023,-0.057046,0.026366,-0.028196,-0.031517,0.999105,0,0.72269,0.37193,43.362,0.744,-1,375.000,-1,375.000,-1,325.000,325.000,325.000,300.000,-1,600.000,650.000,-1,675.000,675.000,-1,-1,2,0,2,0,2,0,0,0,0,2,0,0,2,0,0,2,2
43,-2709.262,-5515.748,-34.787,93.776,-0.064960,-0.997326,-0.033494,0.997513,-0.065819,0.025204,-0.027341,-0.031773,0.999121,0,0.64269,0.25193,38.562,0.504,-1,375.000,-1,375.000,-1,325.000,325.000,325.000,300.000,-1,600.000,650.000,-1,675.000,675.000,-1,-1,2,0,2,0,2,0,0,0,0,2,0,0,2,0,0,2,2
44,-2711.692,-5481.341,-35.806,94.040,-0.069574,-0.997002,-0.033873,0.997226,-0.070410,0.024159,-0.026471,-0.032098,0.999134,0,0.57488,0.13193,34.493,0.264,-1,375.000,-1,375.000,-1,325.000,300.000,325.000,300.000,-1,600.000,650.000,-1,675.000,675.000,-1,-1,2,0,2,0,2,0,0,0,0,2,0,0,2,0,0,2,2
45,-2714.130,-5447.024,-36.822,94.063,-0.070012,-0.996958,-0.034258,0.997221,-0.070824,0.023105,-0.025461,-0.032545,0.999146,0,0.57339,0.01193,34.403,0.024,-1,375.000,-1,375.000,-1,300.000,300.000,325.000,300.000,-1,600.000,650.000,-1,675.000,675.000,-1,-1,2,0,2,0,2,0,0,0,0,2,0,0,2,0,0,2,2
46,-2716.431,-5412.808,-37.829,93.847,-0.066275,-0.997199,-0.034661,0.997505,-0.067062,0.022041,-0.024304,-0.033113,0.999156,0,0.57155,-0.10807,34.293,-0.216,-1,375.000,-1,375.000,-1,300.000,300.000,325.000,300.000,-1,575.000,625.000,-1,650.000,675.000,-1,-1,2,0,2,0,2,0,0,0,0,2,0,0,2,0,0,2,2
47,-2718.452,-5378.706,-38.821,93.391,-0.058362,-0.997678,-0.035093,0.998031,-0.059120,0.020965,-0.022991,-0.033801,0.999164,0,0.56937,-0.22807,34.162,-0.456,-1,375.000,-1,375.000,-1,300.000,300.000,325.000,300.000,-1,575.000,625.000,-1,650.000,675.000,-1,-1,2,0,2,0,2,0,0,0,0,2,0,0,2,0,0,2,2
48,-2720.051,-5344.732,-39.794,92.695,-0.046266,-0.998296,-0.035568,0.998697,-0.046993,0.019875,-0.021513,-0.034602,0.999170,0,0.56686,-0.34807,34.012,-0.696,-1,375.000,-1,375.000,-1,300.000,300.000,300.000,300.000,-1,550.000,625.000,-1,650.000,675.000,-1,-1,2,0,2,0,2,0,0,0,0,2,0,0,2,0,0,2,2
49,-2721.090,-5310.905,-40.739,91.759,-0.029983,-0.998898,-0.036095,0.999353,-0.030675,0.018771,-0.019857,-0.035509,0.999172,0,0.56406,-0.46807,33.843,-0.936,-1,375.000,-1,375.000,-1,300.000,300.000,300.000,300.000,-1,525.000,600.000,-1,650.000,675.000,-1,-1,2,0,2,0,2,0,0,0,0,2,0,0,2,0,0,2,2
50,-2721.439,-5277.247,-41.653,90.594,-0.009703,-0.999280,-0.036687,0.999791,-0.010356,0.017653,-0.018020,-0.036508,0.999171,0,0.56098,-0.58259,33.659,-1.165,-1,375.000,-1,375.000,-1,300.000,300.000,300.000,300.000,-1,475.000,550.000,-1,650.000,675.000,-1,-1,2,0,2,0,2,0,0,0,0,2,0,0,2,0,0,2,2
51,-2721.105,-5243.787,-42.381,89.427,0.010615,-0.999256,-0.037073,0.999809,0.009998,0.016795,-0.016412,-0.037244,0.999171,0,0.55770,-0.58351,33.462,-1.167,-1,350.000,-1,375.000,-1,300.000,300.000,300.000,300.000,-1,475.000,525.000,-1,650.000,675.000,-1,-1,2,0,2,0,2,0,0,0,0,2,0,0,2,0,0,2,2
52,-2720.093,-5210.528,-42.373,88.257,0.030920,-0.998856,-0.036489,0.999425,0.030388,0.015051,-0.013924,-0.036934,0.999221,0,0.55457,-0.58464,33.274,-1.169,-1,375.000,-1,375.000,-1,300.000,300.000,325.000,300.000,-1,475.000,500.000,-1,650.000,675.000,-1,-1,2,0,2,0,2,0,0,0,0,2,0,0,2,0,0,2,2
53,-2718.317,-5172.495,-42.352,87.328,0.047029,-0.998243,-0.036034,0.998829,0.046584,0.013078,-0.011376,-0.036606,0.999265,0,0.63457,-0.46464,38.074,-0.929,-1,375.000,-1,375.000,-1,300.000,300.000,325.000,300.000,-1,450.000,500.000,-1,650.000,700.000,-1,-1,2,0,2,0,2,0,0,0,0,2,0,0,2,0,0,2,2
54,-2715.906,-5131.435,-42.328,86.639,0.058948,-0.997624,-0.035662,0.998222,0.058590,0.010999,-0.008883,-0.036247,0.999303,0,0.68550,-0.34464,41.130,-0.689,-1,375.000,-1,375.000,-1,300.000,300.000,325.000,300.000,-1,450.000,475.000,-1,650.000,700.000,-1,-1,2,0,2,0,2,0,0,0,0,2,0,0,2,0,0,2,2
55,-2713.181,-5090.525,-42.304,86.190,0.066690,-0.997147,-0.035367,0.997752,0.066412,0.008975,-0.006600,-0.035886,0.999334,0,0.68335,-0.22464,41.001,-0.449,-1,375.000,-1,375.000,-1,300.000,300.000,325.000,300.000,-1,450.000,475.000,-1,650.000,725.000,-1,-1,2,0,2,0,2,0,0,0,0,2,0,0,2,0,0,2,2
56,-2710.313,-5049.722,-42.282,85.980,0.070259,-0.996910,-0.035120,0.997519,0.070055,0.007004,-0.004522,-0.035525,0.999359,0,0.68173,-0.10464,40.904,-0.209,-1,375.000,-1,375.000,-1,300.000,300.000,325.000,300.000,-1,450.000,475.000,-1,650.000,725.000,-1,-1,2,0,2,0,2,0,0,0,0,2,0,0,2,0,0,2,2
57,-2707.472,-5008.983,-42.265,86.011,0.069657,-0.996960,-0.034896,0.997567,0.069522,0.005084,-0.002642,-0.035165,0.999378,0,0.68063,0.01536,40.838,0.031,-1,375.000,-1,375.000,-1,300.000,300.000,325.000,300.000,-1,475.000,475.000,-1,650.000,725.000,-1,-1,2,0,2,0,2,0,0,0,0,2,0,0,2,0,0,2,2
58,-2704.699,-4968.278,-42.251,86.104,0.067972,-0.997085,-0.034670,0.997687,0.067902,0.003189,-0.000825,-0.034807,0.999394,0,0.67999,0.04657,40.799,0.093,-1,375.000,-1,375.000,-1,300.000,325.000,325.000,300.000,-1,475.000,475.000,-1,650.000,725.000,-1,-1,2,0,2,0,2,0,0,0,0,2,0,0,2,0,0,2,2
59,-2701.991,-4927.593,-42.243,86.192,0.066383,-0.997200,-0.034445,0.997794,0.066377,0.001315,0.000975,-0.034456,0.999406,0,0.67959,0.04383,40.776,0.088,-1,375.000,-1,400.000,-1,300.000,325.000,325.000,325.000,-1,475.000,475.000,-1,650.000,750.000,-1,-1,2,0,2,0,2,0,0,0,0,2,0,0,2,0,0,2,2
60,-2699.341,-4886.917,-42.238,86.274,0.064895,-0.997305,-0.034215,0.997888,0.064951,-0.000545,0.002765,-0.034107,0.999414,0,0.67936,0.04098,40.761,0.082,-1,375.000,-1,400.000,-1,300.000,325.000,325.000,300.000,-1,475.000,475.000,-1,650.000,750.000,-1,-1,2,0,2,0,2,0,0,0,0,2,0,0,2,0,0,2,2
61,-2696.746,-4846.243,-42.236,86.350,0.063511,-0.997402,-0.033979,0.997971,0.063629,-0.002392,0.004547,-0.033758,0.999420,0,0.67928,0.03800,40.757,0.076,-1,375.000,-1,400.000,-1,300.000,325.000,325.000,300.000,-1,475.000,475.000,-1,650.000,750.000,-1,-1,2,0,2,0,2,0,0,0,0,2,0,0,2,0,0,2,2
62,-2694.201,-4805.560,-42.237,86.420,0.062237,-0.997491,-0.033738,0.998041,0.062415,-0.004227,0.006322,-0.033409,0.999422,0,0.67937,0.03490,40.762,0.070,-1,375.000,-1,400.000,-1,300.000,325.000,325.000,300.000,-1,475.000,475.000,-1,650.000,775.000,-1,-1,2,0,2,0,2,0,0,0,0,2,0,0,2,0,0,2,2
63,-2691.699,-4764.860,-42.241,86.483,0.061076,-0.997571,-0.033493,0.998100,0.061312,-0.006051,0.008090,-0.033060,0.999421,0,0.67962,0.03170,40.777,0.063,-1,375.000,-1,400.000,-1,300.000,325.000,325.000,300.000,-1,450.000,450.000,-1,675.000,775.000,-1,-1,2,0,2,0,2,0,0,0,0,2,0,0,2,0,0,2,2
64,-2689.236,-4724.133,-42.247,86.540,0.060031,-0.997643,-0.033244,0.998148,0.060324,-0.007865,0.009851,-0.032711,0.999416,0,0.68003,0.02838,40.802,0.057,-1,375.000,-1,400.000,-1,300.000,325.000,300.000,300.000,-1,425.000,400.000,-1,675.000,775.000,-1,-1,2,0,2,0,2,0,0,0,0,2,0,0,2,0,0,2,2
65,-2686.806,-4683.369,-42.256,86.590,0.059108,-0.997706,-0.032993,0.998184,0.059456,-0.009668,0.011608,-0.032361,0.999409,0,0.68060,0.02495,40.836,0.050,-1,375.000,-1,400.000,-1,300.000,325.000,300.000,300.000,-1,400.000,375.000,-1,675.000,800.000,-1,-1,2,0,2,0,2,0,0,0,0,2,0,0,2,0,0,2,2
66,-2684.405,-4642.560,-42.267,86.632,0.058308,-0.997762,-0.032739,0.998209,0.058710,-0.011462,0.013359,-0.032012,0.999398,0,0.68133,0.02142,40.880,0.043,-1,375.000,-1,400.000,-1,300.000,325.000,300.000,300.000,-1,375.000,350.000,-1,675.000,800.000,-1,-1,2,0,2,0,2,0,0,0,0,2,0,0,2,0,0,2,2
67,-2682.025,-4601.697,-42.135,86.668,0.057659,-0.997828,-0.031868,0.998228,0.058092,-0.012858,0.014682,-0.031070,0.999409,0,0.68221,0.01778,40.933,0.036,-1,375.000,-1,400.000,-1,300.000,325.000,300.000,300.000,-1,375.000,350.000,-1,675.000,800.000,-1,-1,2,0,2,0,2,0,0,0,0,2,0,0,2,0,0,2,2
68,-2679.662,-4560.770,-41.443,86.696,0.057179,-0.997916,-0.029895,0.998246,0.057607,-0.013638,0.015331,-0.029063,0.999460,0,0.68325,0.01404,40.995,0.028,-1,375.000,-1,400.000,-1,300.000,325.000,300.000,300.000,-1,400.000,375.000,-1,675.000,800.000,-1,-1,2,0,2,0,2,0,0,0,0,2,0,0,2,0,0,2,2
69,-2677.309,-4519.770,-40.612,86.717,0.056829,-0.997978,-0.028451,0.998257,0.057254,-0.014337,0.015937,-0.027587,0.999492,0,0.68445,0.01020,41.067,0.020,-1,375.000,-1,400.000,-1,300.000,325.000,300.000,300.000,-1,450.000,400.000,-1,675.000,800.000,-1,-1,2,0,2,0,2,0,0,0,0,2,0,0,2,0,0,2,2
70,-2674.961,-4478.690,-39.787,86.729,0.056618,-0.998031,-0.027005,0.998259,0.057038,-0.015035,0.016545,-0.026106,0.999522,0,0.68579,0.00626,41.148,0.013,-1,375.000,-1,400.000,-1,300.000,325.000,300.000,300.000,-1,475.000,425.000,-1,675.000,800.000,-1,-1,2,0,2,0,2,0,0,0,0,2,0,0,2,0,0,2,2
71,-2672.611,-4437.519,-38.968,86.734,0.056550,-0.998073,-0.025555,0.998252,0.056963,-0.015732,0.017157,-0.024620,0.999550,0,0.68729,0.00222,41.238,0.004,-1,375.000,-1,400.000,-1,325.000,325.000,300.000,300.000,-1,525.000,450.000,-1,675.000,800.000,-1,-1,2,0,2,0,2,0,0,0,0,2,0,0,2,0,0,2,2
72,-2670.252,-4396.250,-38.154,86.730,0.056627,-0.998104,-0.024102,0.998237,0.057031,-0.016427,0.017771,-0.023129,0.999575,0,0.68894,-0.00191,41.336,-0.004,-1,375.000,-1,400.000,-1,325.000,325.000,300.000,300.000,-1,550.000,475.000,-1,675.000,800.000,-1,-1,2,0,2,0,2,0,0,0,0,2,0,0,2,0,0,2,2
73,-2667.879,-4354.874,-37.345,86.717,0.056854,-0.998126,-0.022645,0.998213,0.057247,-0.017122,0.018386,-0.021631,0.999597,0,0.69074,-0.00615,41.444,-0.012,-1,375.000,-1,400.000,-1,325.000,325.000,300.000,300.000,-1,575.000,500.000,-1,700.000,800.000,-1,-1,2,0,2,0,2,0,0,0,0,2,0,0,2,0,0,2,2
74,-2665.484,-4313.382,-36.542,86.696,0.057234,-0.998136,-0.021186,0.998180,0.057614,-0.017814,0.019002,-0.020128,0.999617,0,0.69268,-0.01047,41.561,-0.021,-1,375.000,-1,400.000,-1,325.000,325.000,300.000,300.000,-1,600.000,525.000,-1,700.000,800.000,-1,-1,2,0,2,0,2,0,0,0,0,2,0,0,2,0,0,2,2
75,-2663.059,-4271.767,-35.743,86.667,0.057769,-0.998135,-0.019726,0.998137,0.058135,-0.018507,0.019619,-0.018620,0.999634,0,0.69476,-0.01489,41.686,-0.030,-1,375.000,-1,400.000,-1,325.000,325.000,300.000,300.000,-1,625.000,550.000,-1,700.000,825.000,-1,-1,2,0,2,0,2,0,0,0,0,2,0,0,2,0,0,2,2
76,-2660.599,-4230.020,-34.951,86.628,0.058463,-0.998122,-0.018269,0.998084,0.058813,-0.019201,0.020240,-0.017111,0.999649,0,0.69699,-0.01941,41.820,-0.039,-1,375.000,-1,400.000,-1,325.000,325.000,300.000,300.000,-1,675.000,575.000,-1,700.000,825.000,-1,-1,2,0,2,0,2,0,0,0,0,2,0,0,2,0,0,2,2
77,-2658.096,-4188.133,-34.164,86.580,0.059320,-0.998097,-0.016808,0.998021,0.059651,-0.019893,0.020858,-0.015594,0.999661,0,0.69936,-0.02401,41.962,-0.048,-1,375.000,-1,400.000,-1,325.000,325.000,300.000,300.000,-1,700.000,600.000,-1,700.000,825.000,-1,-1,2,0,2,0,2,0,0,0,0,2,0,0,2,0,0,2,2
78,-2655.541,-4146.098,-33.381,86.522,0.060343,-0.998060,-0.015343,0.997947,0.060652,-0.020581,0.021472,-0.014069,0.999670,0,0.70187,-0.02871,42.112,-0.057,-1,375.000,-1,400.000,-1,325.000,325.000,300.000,300.000,-1,725.000,625.000,-1,700.000,825.000,-1,-1,2,0,2,0,2,0,0,0,0,2,0,0,2,0,0,2,2
79,-2652.927,-4103.908,-32.603,86.455,0.061534,-0.998009,-0.013874,0.997861,0.061821,-0.021266,0.022081,-0.012536,0.999678,0,0.70452,-0.03350,42.271,-0.067,-1,375.000,-1,400.000,-1,325.000,325.000,300.000,300.000,-1,750.000,650.000,-1,725.000,825.000,-1,-1,2,0,2,0,2,0,0,0,0,2,0,0,2,0,0,2,2
80,-2649.802,-4057.483,-31.761,86.148,0.066910,-0.997683,-0.012276,0.997499,0.067169,-0.022008,0.022782,-0.010773,0.999682,0,0.77550,-0.15350,46.530,-0.307,-1,375.000,-1,400.000,-1,325.000,325.000,300.000,300.000,-1,775.000,675.000,-1,725.000,825.000,-1,-1,2,0,2,0,2,0,0,0,0,2,0,0,2,0,0,2,2
81,-2646.225,-4010.986,-30.933,85.601,0.076465,-0.997015,-0.010705,0.996796,0.076692,-0.022731,0.023484,-0.008933,0.999684,0,0.77723,-0.27350,46.634,-0.547,-1,375.000,-1,400.000,-1,325.000,325.000,300.000,300.000,-1,800.000,700.000,-1,725.000,825.000,-1,-1,2,0,2,0,2,0,0,0,0,2,0,0,2,0,0,2,2
82,-2642.010,-3964.543,-30.105,84.814,0.090189,-0.995883,-0.009101,0.995633,0.090380,-0.023371,0.024097,-0.006953,0.999685,0,0.77723,-0.39350,46.634,-0.787,-1,375.000,-1,400.000,-1,325.000,325.000,300.000,300.000,-1,850.000,725.000,-1,725.000,825.000,-1,-1,2,0,2,0,2,0,0,0,0,2,0,0,2,0,0,2,2
83,-2637.109,-3918.167,-29.186,83.968,0.104948,-0.994453,-0.007041,0.994192,0.105085,-0.023230,0.023841,-0.004562,0.999705,0,0.77723,-0.42325,46.634,-0.847,-1,375.000,-1,400.000,-1,325.000,325.000,300.000,300.000,-1,925.000,800.000,-1,725.000,825.000,-1,-1,2,0,2,0,2,0,0,0,0,2,0,0,2,0,0,2,2
84,-2631.524,-3871.869,-28.146,83.121,0.119670,-0.992798,-0.005536,0.992540,0.119766,-0.022821,0.023320,-0.002763,0.999724,0,0.77723,-0.42325,46.634,-0.847,-1,375.000,-1,400.000,-1,325.000,325.000,300.000,300.000,-1,1000.000,875.000,-1,725.000,825.000,-1,-1,2,0,2,0,2,0,0,0,0,2,0,0,2,0,0,2,2
85,-2625.256,-3825.658,-27.095,82.275,0.134362,-0.990924,-0.004110,0.990670,0.134421,-0.022461,0.022809,-0.001054,0.999739,0,0.77723,-0.42325,46.634,-0.847,-1,375.000,-1,400.000,-1,325.000,325.000,300.000,300.000,-1,-1,950.000,-1,750.000,800.000,-1,-1,2,0,2,0,2,0,0,0,0,2,2,0,2,0,0,2,2
86,-2618.305,-3779.545,-26.055,81.428,0.149023,-0.988830,-0.002682,0.988583,0.149046,-0.022100,0.022253,0.000642,0.999752,0,0.77723,-0.42325,46.634,-0.847,-1,375.000,-1,400.000,-1,325.000,325.000,300.000,300.000,-1,-1,-1,-1,750.000,800.000,-1,-1,2,0,2,0,2,0,0,0,0,2,2,2,2,0,0,2,2
87,-2610.674,-3733.539,-25.030,80.582,0.163649,-0.986518,-0.001254,0.986281,0.163638,-0.021743,0.021655,0.002321,0.999763,0,0.77723,-0.42325,46.634,-0.847,-1,400.000,-1,400.000,-1,325.000,325.000,300.000,300.000,-1,-1,-1,-1,750.000,800.000,-1,-1,2,0,2,0,2,0,0,0,0,2,2,2,2,0,0,2,2
88,-2602.364,-3687.651,-24.024,79.735,0.178238,-0.983987,0.000171,0.983763,0.178194,-0.021394,0.021021,0.003982,0.999771,0,0.77723,-0.42325,46.634,-0.847,-1,400.000,-1,400.000,-1,325.000,325.000,300.000,300.000,-1,-1,-1,-1,750.000,800.000,-1,-1,2,0,2,0,2,0,0,0,0,2,2,2,2,0,0,2,2
89,-2593.377,-3641.892,-23.009,78.889,0.192783,-0.981240,0.001471,0.981028,0.192710,-0.021119,0.020439,0.005514,0.999776,0,0.77723,-0.42325,46.634,-0.847,-1,400.000,-1,400.000,-1,325.000,325.000,300.000,300.000,-1,-1,-1,-1,750.000,800.000,-1,-1,2,0,2,0,2,0,0,0,0,2,2,2,2,0,0,2,2
90,-2582.892,-3593.386,-21.909,77.802,0.211379,-0.977401,0.002639,0.977201,0.211280,-0.020933,0.019902,0.007003,0.999777,0,0.82710,-0.54325,49.626,-1.087,-1,400.000,-1,400.000,-1,325.000,325.000,300.000,300.000,-1,-1,-1,-1,750.000,775.000,-1,-1,2,0,2,0,2,0,0,0,0,2,2,2,2,0,0,2,2
91,-2571.287,-3545.136,-20.838,76.476,0.233972,-0.972236,0.003769,0.972052,0.233847,-0.020752,0.019295,0.008519,0.999778,0,0.82710,-0.66325,49.626,-1.327,-1,400.000,-1,400.000,-1,325.000,325.000,300.000,300.000,-1,-1,-1,-1,750.000,775.000,-1,-1,2,0,2,0,2,0,0,0,0,2,2,2,2,0,0,2,2
92,-2558.537,-3497.176,-19.802,75.112,0.257058,-0.966384,0.004865,0.966216,0.256909,-0.020575,0.018634,0.009990,0.999776,0,0.82710,-0.68168,49.626,-1.363,-1,400.000,-1,400.000,-1,325.000,325.000,300.000,300.000,-1,-1,-1,-1,750.000,775.000,-1,-1,2,0,2,0,2,0,0,0,0,2,2,2,2,0,0,2,2
93,-2544.650,-3449.533,-18.806,73.749,0.279995,-0.959983,0.005925,0.959834,0.279825,-0.020406,0.017932,0.011400,0.999774,0,0.82710,-0.68168,49.626,-1.363,-1,400.000,-1,400.000,-1,325.000,325.000,300.000,300.000,-1,-1,-1,-1,750.000,775.000,-1,-1,2,0,2,0,2,0,0,0,0,2,2,2,2,0,0,2,2
94,-2529.633,-3402.233,-17.856,72.386,0.302771,-0.953038,0.006942,0.952908,0.302582,-0.020249,0.017197,0.012746,0.999771,0,0.82710,-0.68168,49.626,-1.363,-1,400.000,-1,400.000,-1,325.000,325.000,300.000,300.000,-1,-1,-1,-1,750.000,775.000,-1,-1,2,0,2,0,2,0,0,0,0,2,2,2,2,0,0,2,2
95,-2513.495,-3355.305,-17.020,71.022,0.325370,-0.945556,0.007604,0.945440,0.325168,-0.020216,0.016643,0.013766,0.999767,0,0.82710,-0.68168,49.626,-1.363,-1,400.000,-1,400.000,-1,325.000,325.000,300.000,300.000,-1,-1,-1,-1,750.000,775.000,-1,-1,2,0,2,0,2,0,0,0,0,2,2,2,2,0,0,2,2
96,-2496.245,-3308.773,-16.249,69.659,0.347783,-0.937540,0.008136,0.937435,0.347568,-0.020291,0.016196,0.014684,0.999761,0,0.82710,-0.68168,49.626,-1.363,-1,400.000,-1,400.000,-1,325.000,325.000,300.000,300.000,-1,-1,-1,-1,750.000,775.000,-1,-1,2,0,2,0,2,0,0,0,0,2,2,2,2,0,0,2,2
97,-2477.893,-3262.666,-15.516,68.296,0.369999,-0.928991,0.008686,0.928898,0.369771,-0.020420,0.015758,0.015623,0.999754,0,0.82710,-0.68168,49.626,-1.363,-1,400.000,-1,400.000,-1,325.000,325.000,300.000,300.000,-1,-1,-1,-1,750.000,775.000,-1,-1,2,0,2,0,2,0,0,0,0,2,2,2,2,0,0,2,2
98,-2458.449,-3217.007,-14.824,66.932,0.392006,-0.919916,0.009244,0.919835,0.391764,-0.020597,0.015326,0.016577,0.999745,0,0.82710,-0.68168,49.626,-1.363,-1,400.000,-1,400.000,-1,325.000,325.000,300.000,300.000,-1,-1,-1,-1,750.000,775.000,-1,-1,2,0,2,0,2,0,0,0,0,2,2,2,2,0,0,2,2
99,-2437.924,-3171.825,-14.106,65.569,0.413784,-0.910324,0.009657,0.910256,0.413536,-0.020532,0.014697,0.017286,0.999743,0,0.82710,-0.68168,49.626,-1.363,-1,400.000,-1,400.000,-1,325.000,325.000,300.000,300.000,-1,-1,-1,-1,750.000,775.000,-1,-1,2,0,2,0,2,0,0,0,0,2,2,2,2,0,0,2,2
100,-2416.306,-3127.094,-13.404,64.206,0.435316,-0.900223,0.009960,0.900167,0.435062,-0.020524,0.014143,0.017900,0.999740,0,0.82801,-0.68132,49.681,-1.363,-1,400.000,-1,400.000,-1,325.000,325.000,300.000,300.000,-1,-1,-1,-1,750.000,775.000,-1,-1,2,0,2,0,2,0,0,0,0,2,2,2,2,0,0,2,2
101,-2393.482,-3082.591,-12.681,62.849,0.456525,-0.889654,0.009986,0.889604,0.456268,-0.020602,0.013773,0.018289,0.999738,0,0.83358,-0.67889,50.015,-1.358,-1,400.000,-1,400.000,-1,325.000,325.000,300.000,300.000,-1,-1,-1,-1,750.000,775.000,-1,-1,2,0,2,0,2,0,0,0,0,2,2,2,2,0,0,2,2
102,-2369.461,-3038.356,-12.000,61.496,0.477391,-0.878634,0.010007,0.878588,0.477131,-0.020701,0.013414,0.018674,0.999736,0,0.83893,-0.67608,50.336,-1.352,-1,400.000,-1,400.000,-1,325.000,325.000,300.000,300.000,-1,-1,-1,-1,750.000,775.000,-1,-1,2,0,2,0,2,0,0,0,0,2,2,2,2,0,0,2,2
103,-2344.255,-2994.431,-11.336,60.151,0.497893,-0.867181,0.009975,0.867141,0.497632,-0.020710,0.012995,0.018961,0.999736,0,0.84405,-0.67287,50.643,-1.346,-1,400.000,-1,400.000,-1,325.000,325.000,300.000,300.000,-1,-1,-1,-1,750.000,775.000,-1,-1,2,0,2,0,2,0,0,0,0,2,2,2,2,0,0,2,2
104,-2317.879,-2950.858,-10.654,58.812,0.518008,-0.855319,0.009832,0.855286,0.517753,-0.020455,0.012405,0.019005,0.999742,0,0.84890,-0.66926,50.934,-1.339,-1,400.000,-1,400.000,-1,325.000,325.000,300.000,300.000,-1,-1,-1,-1,750.000,775.000,-1,-1,2,0,2,0,2,0,0,0,0,2,2,2,2,0,0,2,2
105,-2292.910,-2912.065,-10.092,57.234,0.541367,-0.840730,0.009703,0.840704,0.541116,-0.020262,0.011785,0.019127,0.999748,0,0.76890,-0.78926,46.134,-1.579,-1,400.000,-1,400.000,-1,325.000,325.000,300.000,300.000,-1,-1,-1,-1,750.000,775.000,-1,-1,2,0,2,0,2,0,0,0,0,2,2,2,2,0,0,2,2
106,-2266.863,-2874.286,-9.587,55.415,0.567769,-0.823133,0.009560,0.823113,0.567522,-0.020083,0.011106,0.019272,0.999753,0,0.76479,-0.90926,45.887,-1.819,975.000,400.000,-1,400.000,-1,325.000,325.000,300.000,300.000,-1,-1,-1,-1,750.000,800.000,-1,-1,1,0,2,0,2,0,0,0,0,2,2,2,2,0,0,2,2
107,-2239.435,-2837.266,-9.095,53.466,0.595436,-0.803347,0.009466,0.803334,0.595190,-0.020074,0.010492,0.019557,0.999754,0,0.76789,-0.97467,46.074,-1.949,950.000,400.000,-1,400.000,-1,325.000,325.000,300.000,300.000,-1,-1,-1,-1,750.000,800.000,-1,-1,1,0,2,0,2,0,0,0,0,2,2,2,2,0,0,2,2
108,-2210.675,-2801.075,-8.640,51.527,0.622271,-0.782745,0.009418,0.782741,0.622026,-0.020027,0.009817,0.019834,0.999755,0,0.77045,-0.96944,46.227,-1.939,925.000,400.000,-1,400.000,-1,325.000,325.000,300.000,300.000,-1,-1,-1,-1,750.000,800.000,1000.000,-1,1,0,2,0,2,0,0,0,0,2,2,2,2,0,0,1,2
109,-2180.636,-2765.780,-8.243,49.599,0.648242,-0.761376,0.009371,0.761380,0.648001,-0.019891,0.009072,0.020029,0.999758,0,0.77246,-0.96381,46.347,-1.928,875.000,400.000,-1,400.000,-1,325.000,325.000,300.000,300.000,-1,-1,-1,-1,750.000,800.000,975.000,-1,1,0,2,0,2,0,0,0,0,2,2,2,2,0,0,1,2
110,-2149.376,-2731.446,-7.905,47.684,0.673325,-0.739288,0.009335,0.739301,0.673088,-0.019674,0.008261,0.020148,0.999763,0,0.77388,-0.95781,46.433,-1.916,850.000,400.000,-1,400.000,-1,325.000,325.000,300.000,300.000,-1,-1,-1,-1,750.000,800.000,950.000,-1,1,0,2,0,2,0,0,0,0,2,2,2,2,0,0,1,2
111,-2116.960,-2698.133,-7.571,45.781,0.697498,-0.716526,0.009352,0.716547,0.697262,-0.019661,0.007567,0.020415,0.999763,0,0.77470,-0.95146,46.482,-1.903,825.000,400.000,-1,400.000,-1,325.000,325.000,300.000,300.000,-1,-1,-1,-1,750.000,800.000,950.000,-1,1,0,2,0,2,0,0,0,0,2,2,2,2,0,0,1,2
112,-2083.455,-2665.901,-7.257,43.891,0.720742,-0.693140,0.009394,0.693168,0.720504,-0.019789,0.006948,0.020775,0.999760,0,0.77487,-0.94481,46.492,-1.890,800.000,400.000,-1,400.000,-1,325.000,325.000,300.000,300.000,-1,-1,-1,-1,750.000,800.000,925.000,-1,1,0,2,0,2,0,0,0,0,2,2,2,2,0,0,1,2
113,-2048.933,-2634.801,-6.999,42.015,0.743041,-0.669180,0.009435,0.669217,0.742802,-0.019870,0.006288,0.021079,0.999758,0,0.77440,-0.93789,46.464,-1.876,800.000,400.000,-1,400.000,-1,325.000,325.000,300.000,300.000,-1,-1,-1,-1,775.000,800.000,950.000,-1,1,0,2,0,2,0,0,0,0,2,2,2,2,0,0,1,2
114,-2013.471,-2604.882,-6.808,40.154,0.764382,-0.644693,0.009526,0.644739,0.764143,-0.019918,0.005561,0.021367,0.999756,0,0.77328,-0.93078,46.397,-1.862,775.000,400.000,-1,400.000,-1,325.000,325.000,300.000,300.000,-1,-1,-1,-1,775.000,825.000,975.000,-1,1,0,2,0,2,0,0,0,0,2,2,2,2,0,0,1,2
115,-1977.146,-2576.187,-6.677,38.307,0.784760,-0.619725,0.009641,0.619782,0.784521,-0.019935,0.004791,0.021619,0.999755,0,0.77152,-0.92352,46.291,-1.847,750.000,400.000,-1,400.000,-1,325.000,325.000,300.000,300.000,-1,-1,-1,-1,775.000,825.000,-1,-1,1,0,2,0,2,0,0,0,0,2,2,2,2,0,0,2,2
116,-1940.037,-2548.754,-6.565,36.474,0.804168,-0.594322,0.009779,0.594390,0.803934,-0.019751,0.003877,0.021696,0.999757,0,0.76914,-0.91619,46.148,-1.832,750.000,400.000,-1,400.000,-1,325.000,325.000,300.000,300.000,-1,-1,-1,-1,800.000,825.000,-1,-1,1,0,2,0,2,0,0,0,0,2,2,2,2,1,0,2,2
117,-1900.851,-2521.727,-6.472,34.594,0.823229,-0.567622,0.009963,0.567703,0.823006,-0.019370,0.002795,0.021602,0.999763,0,0.79337,-0.94024,47.602,-1.880,750.000,400.000,-1,400.000,-1,325.000,325.000,300.000,300.000,-1,-1,-1,-1,800.000,825.000,-1,-1,1,0,2,0,2,0,0,0,0,2,2,2,2,1,0,2,2
118,-1860.803,-2495.988,-6.413,32.729,0.841254,-0.540542,0.010304,0.540638,0.841041,-0.019016,0.001613,0.021568,0.999766,0,0.79344,-0.93235,47.606,-1.865,775.000,400.000,-1,400.000,-1,325.000,325.000,300.000,300.000,-1,-1,-1,-1,800.000,825.000,-1,-1,1,0,2,0,2,0,0,0,0,2,2,2,2,1,0,2,2
119,-1819.982,-2471.576,-6.395,30.881,0.858239,-0.513137,0.010748,0.513250,0.858036,-0.018691,0.000368,0.021557,0.999768,0,0.79273,-0.92406,47.564,-1.848,825.000,400.000,-1,400.000,-1,325.000,325.000,300.000,300.000,-1,-1,-1,-1,800.000,825.000,-1,-1,1,0,2,0,2,0,0,0,0,2,2,2,2,1,0,2,2
120,-1778.480,-2448.524,-6.466,29.050,0.874186,-0.485463,0.011154,0.485591,0.873996,-0.018247,-0.000891,0.021368,0.999771,0,0.79124,-0.91544,47.474,-1.831,-1,400.000,-1,400.000,-1,325.000,325.000,300.000,300.000,-1,-1,-1,-1,800.000,825.000,-1,-1,2,0,2,0,2,0,0,0,0,2,2,2,2,1,0,2,2
121,-1736.391,-2426.859,-6.658,27.237,0.889097,-0.457573,0.011567,0.457714,0.888927,-0.017506,-0.002272,0.020859,0.999780,0,0.78895,-0.90654,47.337,-1.813,-1,400.000,-1,400.000,-1,325.000,325.000,300.000,300.000,-1,-1,-1,-1,800.000,825.000,-1,-1,2,0,2,0,2,0,0,0,0,2,2,2,2,0,0,2,2
122,-1693.811,-2406.602,-6.915,25.442,0.902982,-0.429512,0.011950,0.429663,0.902834,-0.016731,-0.003603,0.020243,0.999789,0,0.78588,-0.89743,47.153,-1.795,-1,400.000,-1,400.000,-1,325.000,325.000,300.000,300.000,-1,-1,-1,-1,800.000,825.000,-1,-1,2,0,2,0,2,0,0,0,0,2,2,2,2,0,0,2,2
123,-1650.834,-2387.767,-7.154,23.666,0.915849,-0.401322,0.012667,0.401489,0.915722,-0.016116,-0.005132,0.019845,0.999790,0,0.78205,-0.88819,46.923,-1.776,-1,400.000,-1,400.000,-1,325.000,325.000,300.000,300.000,-1,-1,-1,-1,800.000,825.000,-1,-1,2,0,2,0,2,0,0,0,0,2,2,2,2,0,0,2,2
124,-1607.552,-2370.361,-7.436,21.908,0.927716,-0.373047,0.013409,0.373228,0.927610,-0.015526,-0.006646,0.019408,0.999790,0,0.77751,-0.87890,46.651,-1.758,-1,400.000,-1,400.000,-1,325.000,325.000,300.000,300.000,-1,-1,-1,-1,800.000,800.000,-1,-1,2,0,2,0,2,0,0,0,0,2,2,2,2,0,0,2,2
125,-1564.053,-2354.384,-7.768,20.169,0.938598,-0.344723,0.014111,0.344917,0.938514,-0.014933,-0.008096,0.018883,0.999789,0,0.77233,-0.86966,46.340,-1.739,-1,400.000,-1,400.000,-1,325.000,325.000,300.000,300.000,-1,-1,-1,-1,800.000,800.000,-1,-1,2,0,2,0,2,0,0,0,0,2,2,2,2,0,0,2,2
126,-1520.419,-2339.839,-8.147,18.436,0.948579,-0.316194,0.014773,0.316397,0.948519,-0.014333,-0.009480,0.018270,0.999788,0,0.76658,-0.86628,45.995,-1.733,-1,400.000,-1,400.000,-1,325.000,325.000,300.000,300.000,-1,-1,-1,-1,800.000,800.000,-1,-1,2,0,2,0,2,0,0,0,0,2,2,2,2,0,0,2,2
127,-1476.725,-2326.724,-8.566,16.707,0.957676,-0.287437,0.015392,0.287647,0.957638,-0.013724,-0.010795,0.017570,0.999787,0,0.76034,-0.86443,45.620,-1.729,-1,400.000,-1,400.000,-1,325.000,325.000,300.000,300.000,-1,-1,-1,-1,800.000,800.000,-1,-1,2,0,2,0,2,0,0,0,0,2,2,2,2,0,0,2,2
128,-1433.040,-2315.034,-9.022,14.981,0.965889,-0.258464,0.015966,0.258677,0.965875,-0.013103,-0.012035,0.016786,0.999787,0,0.75371,-0.86306,45.222,-1.726,-1,400.000,-1,400.000,-1,325.000,325.000,300.000,300.000,-1,-1,-1,-1,800.000,775.000,-1,-1,2,0,2,0,2,0,0,0,0,2,2,2,2,0,0,2,2
129,-1389.425,-2304.759,-9.510,13.257,0.973219,-0.229287,0.016496,0.229500,0.973229,-0.012469,-0.013195,0.015921,0.999786,0,0.74680,-0.86216,44.808,-1.724,-1,400.000,-1,400.000,-1,325.000,325.000,300.000,300.000,-1,-1,-1,-1,800.000,775.000,-1,-1,2,0,2,0,2,0,0,0,0,2,2,2,2,0,0,2,2
130,-1345.937,-2295.885,-10.038,11.533,0.979666,-0.199916,0.016981,0.200128,0.979698,-0.011866,-0.014264,0.015023,0.999785,0,0.73975,-0.86172,44.385,-1.723,-1,400.000,-1,400.000,-1,325.000,325.000,300.000,300.000,-1,-1,-1,-1,800.000,775.000,-1,-1,2,0,2,0,2,0,0,0,0,2,2,2,2,0,0,2,2
131,-1302.620,-2288.395,-10.625,9.810,0.985226,-0.170362,0.017521,0.170574,0.985279,-0.011359,-0.015328,0.014180,0.999782,0,0.73266,-0.86174,43.960,-1.723,-1,400.000,-1,400.000,-1,325.000,325.000,300.000,300.000,-1,-1,-1,-1,800.000,750.000,-1,-1,2,0,2,0,2,0,0,0,0,2,2,2,2,0,0,2,2
132,-1254.374,-2281.334,-11.360,8.326,0.989298,-0.144800,0.017938,0.145004,0.989374,-0.010666,-0.016203,0.013153,0.999782,0,0.81266,-0.74174,48.760,-1.483,-1,400.000,-1,400.000,-1,325.000,325.000,300.000,300.000,-1,-1,-1,-1,800.000,750.000,-1,-1,2,0,2,0,2,0,0,0,0,2,2,2,2,0,0,2,2
133,-1202.685,-2274.912,-12.221,7.083,0.992202,-0.123297,0.018246,0.123489,0.992298,-0.009783,-0.016899,0.011960,0.999786,0,0.86810,-0.62174,52.086,-1.243,-1,400.000,-1,400.000,-1,325.000,325.000,300.000,300.000,975.000,-1,-1,-1,800.000,750.000,-1,-1,2,0,2,0,2,0,0,0,0,1,2,2,2,0,0,2,2
134,-1151.265,-2269.436,-13.106,6.079,0.994204,-0.105901,0.018528,0.106079,0.994318,-0.008903,-0.017480,0.010817,0.999789,0,0.86185,-0.50174,51.711,-1.003,-1,400.000,-1,400.000,-1,325.000,325.000,300.000,300.000,925.000,-1,-1,-1,775.000,725.000,-1,-1,2,0,2,0,2,0,0,0,0,1,2,2,2,0,0,2,2
135,-1100.098,-2264.675,-14.008,5.316,0.995522,-0.092644,0.018796,0.092808,0.995652,-0.008029,-0.017971,0.009737,0.999791,0,0.85646,-0.38174,51.387,-0.763,-1,400.000,-1,400.000,-1,325.000,325.000,300.000,300.000,900.000,-1,-1,-1,775.000,725.000,-1,-1,2,0,2,0,2,0,0,0,0,1,2,2,2,0,0,2,2
136,-1049.151,-2260.519,-14.924,4.664,0.996507,-0.081306,0.019047,0.081454,0.996651,-0.007155,-0.018401,0.008681,0.999793,0,0.85194,-0.32609,51.117,-0.652,-1,400.000,-1,400.000,-1,325.000,325.000,300.000,300.000,875.000,-1,-1,-1,775.000,725.000,-1,-1,2,0,2,0,2,0,0,0,0,1,2,2,2,0,0,2,2
