timestep,x_cm,y_cm,z_cm,yaw_deg,basis_xx,basis_xy,basis_xz,basis_yx,basis_yy,basis_yz,basis_zx,basis_zy,basis_zz,teleport_flag,throttle_cmd,steering_cmd,cmd_move_cm,cmd_turn_deg,lidar_cm_0,lidar_cm_1,lidar_cm_2,lidar_cm_3,lidar_cm_4,lidar_cm_5,lidar_cm_6,lidar_cm_7,lidar_cm_8,lidar_cm_9,lidar_cm_10,lidar_cm_11,lidar_cm_12,lidar_cm_13,lidar_cm_14,lidar_cm_15,lidar_cm_16,lidar_class_0,lidar_class_1,lidar_class_2,lidar_class_3,lidar_class_4,lidar_class_5,lidar_class_6,lidar_class_7,lidar_class_8,lidar_class_9,lidar_class_10,lidar_class_11,lidar_class_12,lidar_class_13,lidar_class_14,lidar_class_15,lidar_class_16
0,-1639.819,4263.554,-57.653,-107.878,-0.305321,0.950455,-0.058431,-0.951738,-0.306593,-0.013982,-0.031203,0.051342,0.998194,1,0.00000,0.00000,4.800,0.240,-1,400.000,-1,375.000,-1,325.000,325.000,300.000,300.000,-1,-1,-1,-1,825.000,750.000,-1,-1,2,0,2,0,2,0,0,0,0,2,2,2,2,0,0,2,2
1,-1641.273,4258.980,-57.798,-107.638,-0.301339,0.951729,-0.058371,-0.953011,-0.302608,-0.014060,-0.031044,0.051391,0.998196,0,0.08000,0.12000,4.800,0.240,-1,400.000,-1,375.000,-1,325.000,325.000,300.000,300.000,-1,-1,-1,-1,825.000,750.000,-1,-1,2,0,2,0,2,0,0,0,0,2,2,2,2,0,0,2,2
2,-1644.105,4249.807,-58.084,-107.158,-0.293361,0.954226,-0.058248,-0.955508,-0.294623,-0.014216,-0.030726,0.051486,0.998201,0,0.16000,0.24000,9.600,0.480,-1,400.000,-1,375.000,-1,325.000,325.000,300.000,300.000,-1,-1,-1,-1,825.000,750.000,-1,-1,2,0,2,0,2,0,0,0,0,2,2,2,2,0,0,2,2
3,-1648.225,4236.009,-58.502,-106.624,-0.284454,0.956929,-0.058077,-0.958207,-0.285710,-0.014442,-0.030413,0.051542,0.998208,0,0.24000,0.26717,14.400,0.534,-1,400.000,-1,375.000,-1,325.000,325.000,300.000,300.000,-1,-1,-1,-1,825.000,750.000,-1,-1,2,0,2,0,2,0,0,0,0,2,2,2,2,0,0,2,2
4,-1653.546,4217.562,-59.045,-106.091,-0.275544,0.959546,-0.057862,-0.960815,-0.276797,-0.014736,-0.030155,0.051534,0.998216,0,0.32000,0.26647,19.200,0.533,-1,400.000,-1,375.000,-1,325.000,325.000,300.000,300.000,-1,-1,-1,-1,825.000,750.000,-1,-1,2,0,2,0,2,0,0,0,0,2,2,2,2,0,0,2,2
5,-1659.984,4194.441,-59.709,-105.560,-0.266640,0.962073,-0.057602,-0.963331,-0.267893,-0.015094,-0.029952,0.051465,0.998226,0,0.40000,0.26553,24.000,0.531,-1,400.000,-1,375.000,-1,325.000,325.000,300.000,300.000,-1,-1,-1,-1,825.000,750.000,-1,-1,2,0,2,0,2,0,0,0,0,2,2,2,2,0,0,2,2
6,-1667.454,4166.627,-60.485,-105.031,-0.257753,0.964510,-0.057297,-0.965751,-0.259006,-0.015514,-0.029804,0.051336,0.998237,0,0.48000,0.26433,28.800,0.529,-1,400.000,-1,375.000,-1,325.000,325.000,300.000,300.000,-1,-1,-1,-1,825.000,750.000,-1,-1,2,0,2,0,2,0,0,0,0,2,2,2,2,0,0,2,2
7,-1675.870,4134.098,-61.369,-104.506,-0.248893,0.966855,-0.056950,-0.968075,-0.250149,-0.015991,-0.029707,0.051152,0.998249,0,0.56000,0.26284,33.600,0.526,-1,400.000,-1,375.000,-1,325.000,325.000,300.000,300.000,-1,-1,-1,-1,825.000,750.000,-1,-1,2,0,2,0,2,0,0,0,0,2,2,2,2,0,0,2,2
8,-1685.005,4097.415,-62.337,-103.984,-0.240071,0.969106,-0.056567,-0.970302,-0.241331,-0.016514,-0.029656,0.050922,0.998262,0,0.63007,0.26105,37.804,0.522,-1,400.000,-1,375.000,-1,325.000,325.000,300.000,300.000,-1,-1,-1,-1,825.000,750.000,-1,-1,2,0,2,0,2,0,0,0,0,2,2,2,2,0,0,2,2
9,-1693.792,4060.717,-63.280,-103.466,-0.231301,0.971259,-0.056183,-0.972432,-0.232565,-0.017024,-0.029601,0.050697,0.998275,0,0.62892,0.25893,37.735,0.518,-1,400.000,-1,375.000,-1,325.000,325.000,325.000,300.000,-1,-1,-1,-1,825.000,750.000,-1,-1,2,0,2,0,2,0,0,0,0,2,2,2,2,0,0,2,2
10,-1702.236,4024.002,-64.197,-102.952,-0.222586,0.973315,-0.055801,-0.974465,-0.223854,-0.017523,-0.029546,0.050476,0.998288,0,0.62790,0.25673,37.674,0.513,-1,400.000,-1,375.000,-1,325.000,325.000,325.000,300.000,-1,-1,-1,-1,825.000,750.000,-1,-1,2,0,2,0,2,0,0,0,0,2,2,2,2,0,0,2,2
11,-1710.343,3987.265,-65.184,-102.443,-0.213960,0.975294,-0.054987,-0.976406,-0.215207,-0.017799,-0.029192,0.049881,0.998328,0,0.62701,0.25444,37.621,0.509,-1,400.000,-1,400.000,-1,325.000,325.000,325.000,300.000,-1,-1,-1,-1,825.000,750.000,-1,-1,2,0,2,0,2,0,0,0,0,2,2,2,2,0,0,2,2
12,-1718.117,3950.503,-66.279,-101.939,-0.205405,0.977204,-0.053673,-0.978248,-0.206629,-0.018290,-0.028964,0.048749,0.998391,0,0.62625,0.25206,37.575,0.504,-1,400.000,-1,400.000,-1,325.000,325.000,325.000,300.000,-1,-1,-1,-1,825.000,750.000,-1,-1,2,0,2,0,2,0,0,0,0,2,2,2,2,0,0,2,2
13,-1725.563,3913.712,-67.362,-101.440,-0.196917,0.979023,-0.052330,-0.979997,-0.198119,-0.018811,-0.028784,0.047579,0.998453,0,0.62563,0.24959,37.538,0.499,-1,400.000,-1,400.000,-1,325.000,325.000,300.000,300.000,-1,-1,-1,-1,850.000,750.000,-1,-1,2,0,2,0,2,0,0,0,0,2,2,2,2,0,0,2,2
14,-1732.685,3876.886,-68.486,-100.946,-0.188501,0.980738,-0.051199,-0.981660,-0.189677,-0.019146,-0.028489,0.046651,0.998505,0,0.62513,0.24705,37.508,0.494,-1,400.000,-1,400.000,-1,325.000,325.000,300.000,300.000,-1,-1,-1,-1,850.000,750.000,-1,-1,2,0,2,0,2,0,0,0,0,2,2,2,2,0,0,2,2
15,-1739.489,3840.024,-69.719,-100.457,-0.180132,0.982340,-0.050608,-0.983231,-0.181307,-0.019637,-0.028466,0.046222,0.998526,0,0.62476,0.24442,37.485,0.489,-1,400.000,-1,400.000,-1,325.000,325.000,300.000,300.000,-1,-1,-1,-1,850.000,750.000,-1,-1,2,0,2,0,2,0,0,0,0,2,2,2,2,0,0,2,2
16,-1745.979,3803.120,-70.927,-99.974,-0.171842,0.983854,-0.050010,-0.984713,-0.173015,-0.020140,-0.028467,0.045785,0.998546,0,0.62451,0.24172,37.470,0.483,-1,400.000,-1,400.000,-1,325.000,325.000,300.000,300.000,-1,-1,-1,-1,850.000,750.000,-1,-1,2,0,2,0,2,0,0,0,0,2,2,2,2,0,0,2,2
17,-1752.160,3766.170,-72.110,-99.496,-0.163634,0.985283,-0.049404,-0.986110,-0.164807,-0.020654,-0.028492,0.045338,0.998565,0,0.62438,0.23894,37.463,0.478,-1,400.000,-1,400.000,-1,325.000,325.000,300.000,300.000,-1,-1,-1,-1,850.000,750.000,-1,-1,2,0,2,0,2,0,0,0,0,2,2,2,2,0,0,2,2
18,-1758.036,3729.172,-73.269,-99.024,-0.155513,0.986628,-0.048790,-0.987422,-0.156685,-0.021180,-0.028542,0.044882,0.998584,0,0.62437,0.23609,37.462,0.472,-1,400.000,-1,400.000,-1,325.000,325.000,300.000,300.000,-1,-1,-1,-1,850.000,750.000,-1,-1,2,0,2,0,2,0,0,0,0,2,2,2,2,0,0,2,2
19,-1763.611,3692.120,-74.405,-98.557,-0.147481,0.987891,-0.048168,-0.988651,-0.148653,-0.021717,-0.028614,0.044418,0.998603,0,0.62448,0.23316,37.469,0.466,-1,400.000,-1,400.000,-1,325.000,325.000,300.000,300.000,-1,-1,-1,-1,850.000,750.000,-1,-1,2,0,2,0,2,0,0,0,0,2,2,2,2,0,0,2,2
20,-1768.891,3655.011,-75.520,-98.097,-0.139542,0.989074,-0.047537,-0.989800,-0.140714,-0.022265,-0.028711,0.043945,0.998621,0,0.62471,0.23016,37.483,0.460,-1,400.000,-1,400.000,-1,325.000,325.000,300.000,300.000,-1,-1,-1,-1,850.000,775.000,-1,-1,2,0,2,0,2,0,0,0,0,2,2,2,2,0,0,2,2
21,-1773.879,3617.841,-76.614,-97.643,-0.131699,0.990180,-0.046898,-0.990870,-0.132872,-0.022824,-0.028831,0.043464,0.998639,0,0.62505,0.22710,37.503,0.454,-1,400.000,-1,400.000,-1,325.000,325.000,300.000,300.000,-1,-1,-1,-1,850.000,775.000,-1,-1,2,0,2,0,2,0,0,0,0,2,2,2,2,0,0,2,2
22,-1778.580,3580.607,-77.688,-97.195,-0.123956,0.991209,-0.046250,-0.991865,-0.125130,-0.023393,-0.028975,0.042974,0.998656,0,0.62550,0.22396,37.530,0.448,-1,400.000,-1,375.000,-1,325.000,325.000,300.000,300.000,-1,-1,-1,-1,850.000,775.000,-1,-1,2,0,2,0,2,0,0,0,0,2,2,2,2,0,0,2,2
23,-1782.997,3543.304,-78.744,-96.753,-0.116316,0.992165,-0.045593,-0.992785,-0.117490,-0.023973,-0.029142,0.042475,0.998672,0,0.62605,0.22077,37.563,0.442,-1,400.000,-1,400.000,-1,325.000,325.000,300.000,300.000,-1,-1,-1,-1,850.000,775.000,-1,-1,2,0,2,0,2,0,0,0,0,2,2,2,2,0,0,2,2
24,-1787.136,3505.930,-79.781,-96.318,-0.108781,0.993050,-0.044926,-0.993633,-0.109956,-0.024563,-0.029332,0.041968,0.998688,0,0.62672,0.21750,37.603,0.435,-1,400.000,-1,400.000,-1,325.000,325.000,300.000,300.000,-1,-1,-1,-1,850.000,775.000,-1,-1,2,0,2,0,2,0,0,0,0,2,2,2,2,0,0,2,2
25,-1791.000,3468.480,-80.801,-95.890,-0.101356,0.993866,-0.044251,-0.994411,-0.102532,-0.025163,-0.029545,0.041453,0.998704,0,0.62748,0.21417,37.649,0.428,-1,400.000,-1,400.000,-1,325.000,325.000,300.000,300.000,-1,-1,-1,-1,850.000,775.000,-1,-1,2,0,2,0,2,0,0,0,0,2,2,2,2,0,0,2,2
26,-1794.593,3430.951,-81.805,-95.468,-0.094041,0.994615,-0.043566,-0.995123,-0.095218,-0.025772,-0.029781,0.040930,0.998718,0,0.62835,0.21078,37.701,0.422,-1,400.000,-1,400.000,-1,325.000,325.000,300.000,300.000,-1,-1,-1,-1,850.000,775.000,-1,-1,2,0,2,0,2,0,0,0,0,2,2,2,2,0,0,2,2
27,-1797.919,3393.339,-82.794,-95.054,-0.086842,0.995299,-0.042871,-0.995769,-0.088020,-0.026391,-0.030040,0.040398,0.998732,0,0.62931,0.20733,37.759,0.415,-1,400.000,-1,400.000,-1,325.000,325.000,300.000,300.000,-1,-1,-1,-1,850.000,775.000,-1,-1,2,0,2,0,2,0,0,0,0,2,2,2,2,0,0,2,2
28,-1800.983,3355.640,-83.768,-94.646,-0.079760,0.995922,-0.042166,-0.996353,-0.080938,-0.027019,-0.030321,0.039857,0.998745,0,0.63038,0.20381,37.823,0.408,-1,400.000,-1,400.000,-1,325.000,325.000,300.000,300.000,-1,-1,-1,-1,850.000,775.000,-1,-1,2,0,2,0,2,0,0,0,0,2,2,2,2,0,0,2,2
29,-1803.789,3317.852,-84.729,-94.246,-0.072798,0.996485,-0.041452,-0.996876,-0.073977,-0.027656,-0.030625,0.039309,0.998758,0,0.63154,0.20024,37.892,0.400,-1,400.000,-1,400.000,-1,325.000,325.000,300.000,300.000,-1,-1,-1,-1,850.000,775.000,-1,-1,2,0,2,0,2,0,0,0,0,2,2,2,2,0,0,2,2
30,-1806.474,3275.244,-85.922,-93.605,-0.061677,0.997291,-0.040078,-0.997622,-0.062836,-0.028316,-0.030758,0.038236,0.998795,0,0.71154,0.32024,42.692,0.640,-1,400.000,-1,400.000,-1,325.000,325.000,300.000,300.000,-1,-1,-1,-1,850.000,800.000,-1,-1,2,0,2,0,2,0,0,0,0,2,2,2,2,0,0,2,2
31,-1808.661,3229.288,-87.569,-92.725,-0.046342,0.998151,-0.039328,-0.998445,-0.047504,-0.029157,-0.030971,0.037916,0.998801,0,0.76681,0.44024,46.008,0.880,-1,400.000,-1,400.000,-1,325.000,325.000,300.000,300.000,-1,-1,-1,-1,850.000,800.000,-1,-1,2,0,2,0,2,0,0,0,0,2,2,2,2,0,0,2,2
32,-1809.952,3183.178,-89.260,-91.604,-0.026795,0.998886,-0.038839,-0.999153,-0.027976,-0.030189,-0.031242,0.037997,0.998789,0,0.76881,0.56024,46.128,1.120,-1,400.000,-1,400.000,-1,325.000,325.000,300.000,300.000,-1,-1,-1,-1,850.000,800.000,-1,-1,2,0,2,0,2,0,0,0,0,2,2,2,2,0,0,2,2
33,-1810.149,3136.918,-90.912,-90.244,-0.003053,0.999261,-0.038313,-0.999502,-0.004252,-0.031259,-0.031399,0.038198,0.998777,0,0.77101,0.68024,46.261,1.360,-1,400.000,-1,400.000,-1,325.000,325.000,300.000,300.000,-1,-1,-1,-1,850.000,825.000,-1,-1,2,0,2,0,2,0,0,0,0,2,2,2,2,0,0,2,2
34,-1809.050,3090.528,-92.519,-88.643,0.024876,0.998978,-0.037735,-0.999196,0.023659,-0.032365,-0.031439,0.038510,0.998764,0,0.77338,0.80024,46.403,1.600,-1,400.000,-1,400.000,-1,325.000,325.000,300.000,300.000,-1,-1,-1,-1,850.000,825.000,-1,-1,2,0,2,0,2,0,0,0,0,2,2,2,2,0,0,2,2
35,-1806.252,3040.437,-94.191,-86.803,0.056965,0.997689,-0.037029,-0.997881,0.055730,-0.033585,-0.031444,0.038864,0.998750,0,0.83616,0.92024,50.170,1.840,-1,400.000,-1,400.000,-1,325.000,325.000,300.000,300.000,-1,-1,-1,-1,850.000,825.000,-1,-1,2,0,2,0,2,0,0,0,0,2,2,2,2,0,0,2,2
36,-1801.763,2990.343,-95.799,-84.879,0.090435,0.995243,-0.036233,-0.995406,0.089183,-0.034821,-0.031424,0.039215,0.998737,0,0.83824,0.96169,50.294,1.923,-1,400.000,-1,400.000,-1,325.000,325.000,300.000,300.000,-1,-1,-1,-1,850.000,825.000,-1,-1,2,0,2,0,2,0,0,0,0,2,2,2,2,0,0,2,2
37,-1795.596,2940.346,-97.343,-82.969,0.123578,0.991705,-0.035346,-0.991837,0.122309,-0.036055,-0.031432,0.039513,0.998725,0,0.83961,0.95519,50.377,1.910,-1,400.000,-1,400.000,-1,325.000,325.000,300.000,300.000,-1,-1,-1,-1,825.000,825.000,-1,-1,2,0,2,0,2,0,0,0,0,2,2,2,2,0,0,2,2
38,-1787.772,2890.539,-98.824,-81.072,0.156346,0.987104,-0.034375,-0.987201,0.155063,-0.037276,-0.031465,0.039763,0.998714,0,0.84029,0.94832,50.417,1.897,-1,400.000,-1,400.000,-1,325.000,325.000,300.000,300.000,-1,-1,-1,-1,825.000,825.000,-1,-1,2,0,2,0,2,0,0,0,0,2,2,2,2,0,0,2,2
39,-1777.630,2836.261,-100.389,-79.416,0.184832,0.982208,-0.033249,-0.982256,0.183535,-0.038571,-0.031783,0.039788,0.998703,0,0.92029,0.82832,55.217,1.657,-1,400.000,-1,400.000,-1,325.000,325.000,300.000,300.000,-1,-1,-1,-1,825.000,825.000,-1,-1,2,0,2,0,2,0,0,0,0,2,2,2,2,0,0,2,2
40,-1765.728,2780.269,-101.968,-77.999,0.209072,0.977375,-0.032039,-0.977366,0.207763,-0.039870,-0.032312,0.039650,0.998691,0,0.95407,0.70832,57.244,1.417,-1,400.000,-1,400.000,-1,325.000,325.000,300.000,300.000,-1,-1,-1,-1,825.000,850.000,-1,-1,2,0,2,0,2,0,0,0,0,2,2,2,2,0,0,2,2
41,-1752.691,2724.587,-103.514,-76.822,0.229111,0.972913,-0.030809,-0.972841,0.227792,-0.041125,-0.032993,0.039394,0.998679,0,0.95313,0.58832,57.188,1.177,-1,400.000,-1,400.000,-1,325.000,325.000,300.000,300.000,-1,-1,-1,-1,800.000,850.000,-1,-1,2,0,2,0,2,0,0,0,0,2,2,2,2,0,0,2,2
42,-1738.765,2669.206,-105.192,-75.886,0.245002,0.969052,-0.030213,-0.968946,0.243663,-0.042083,-0.033419,0.039585,0.998657,0,0.95174,0.46832,57.104,0.937,-1,400.000,-1,400.000,-1,325.000,325.000,300.000,300.000,-1,-1,-1,-1,800.000,850.000,-1,-1,2,0,2,0,2,0,0,0,0,2,2,2,2,0,0,2,2
43,-1724.194,2614.101,-107.254,-75.189,0.256847,0.965957,-0.030926,-0.965838,0.255412,-0.043835,-0.034444,0.041128,0.998560,0,0.94999,0.34832,56.999,0.697,-1,400.000,-1,400.000,-1,325.000,325.000,300.000,300.000,-1,-1,-1,-1,800.000,825.000,-1,-1,2,0,2,0,2,0,0,0,0,2,2,2,2,0,0,2,2
44,-1709.216,2559.230,-109.328,-74.733,0.264609,0.963842,-0.031470,-0.963703,0.263089,-0.045401,-0.035480,0.042341,0.998473,0,0.94797,0.22832,56.878,0.457,-1,400.000,-1,400.000,-1,325.000,325.000,300.000,300.000,-1,-1,-1,-1,800.000,825.000,-1,-1,2,0,2,0,2,0,0,0,0,2,2,2,2,0,0,2,2
45,-1694.067,2504.542,-111.569,-74.516,0.268295,0.962828,-0.031303,-0.962644,0.266728,-0.046612,-0.036530,0.042639,0.998423,0,0.94578,0.10832,56.747,0.217,-1,400.000,-1,400.000,-1,325.000,325.000,300.000,300.000,-1,-1,-1,-1,775.000,825.000,-1,-1,2,0,2,0,2,0,0,0,0,2,2,2,2,0,0,2,2
46,-1678.976,2449.980,-113.852,-74.539,0.267942,0.962939,-0.030913,-0.962691,0.266336,-0.047865,-0.037857,0.042585,0.998375,0,0.94351,-0.01168,56.611,-0.023,-1,400.000,-1,400.000,-1,325.000,325.000,300.000,300.000,-1,-1,-1,-1,775.000,825.000,-1,-1,2,0,2,0,2,0,0,0,0,2,2,2,2,0,0,2,2
47,-1664.171,2395.481,-116.141,-74.803,0.263551,0.964161,-0.030553,-0.963844,0.261910,-0.049067,-0.039307,0.042380,0.998328,0,0.94123,-0.13168,56.474,-0.263,-1,400.000,-1,400.000,-1,325.000,325.000,300.000,300.000,-1,-1,-1,-1,775.000,800.000,-1,-1,2,0,2,0,2,0,0,0,0,2,2,2,2,0,0,2,2
48,-1649.880,2340.982,-118.446,-75.306,0.255108,0.966440,-0.030235,-0.966048,0.253433,-0.050228,-0.040880,0.042022,0.998280,0,0.93903,-0.25168,56.342,-0.503,-1,400.000,-1,400.000,-1,325.000,325.000,300.000,300.000,-1,-1,-1,-1,750.000,800.000,-1,-1,2,0,2,0,2,0,0,0,0,2,2,2,2,0,0,2,2
49,-1636.327,2286.422,-120.779,-76.049,0.242584,0.969667,-0.029974,-0.969196,0.240879,-0.051355,-0.042577,0.041509,0.998231,0,0.93696,-0.37168,56.218,-0.743,-1,400.000,-1,400.000,-1,325.000,325.000,300.000,300.000,-1,-1,-1,-1,750.000,800.000,-1,-1,2,0,2,0,2,0,0,0,0,2,2,2,2,0,0,2,2
50,-1623.738,2231.747,-123.151,-77.033,0.225942,0.973685,-0.029781,-0.973128,0.224208,-0.052457,-0.044399,0.040833,0.998179,0,0.93509,-0.49168,56.105,-0.983,-1,400.000,-1,400.000,-1,325.000,325.000,300.000,300.000,-1,-1,-1,-1,750.000,800.000,-1,-1,2,0,2,0,2,0,0,0,0,2,2,2,2,0,0,2,2
51,-1612.339,2176.912,-125.574,-78.256,0.205135,0.978284,-0.029666,-0.977636,0.203376,-0.053540,-0.046344,0.039986,0.998125,0,0.93345,-0.61168,56.007,-1.223,-1,400.000,-1,400.000,-1,325.000,325.000,300.000,300.000,-1,-1,-1,-1,750.000,800.000,-1,-1,2,0,2,0,2,0,0,0,0,2,2,2,2,0,0,2,2
52,-1602.358,2121.883,-128.056,-79.719,0.180117,0.983199,-0.029637,-0.982453,0.178334,-0.054612,-0.048409,0.038953,0.998068,0,0.93211,-0.73168,55.927,-1.463,-1,400.000,-1,400.000,-1,325.000,325.000,300.000,300.000,-1,-1,-1,-1,725.000,800.000,-1,-1,2,0,2,0,2,0,0,0,0,2,2,2,2,0,0,2,2
53,-1593.930,2066.657,-130.602,-81.323,0.152565,0.987847,-0.029691,-0.987001,0.150761,-0.055679,-0.050526,0.037799,0.998007,0,0.93108,-0.80167,55.865,-1.603,-1,375.000,-1,400.000,-1,325.000,325.000,300.000,300.000,-1,-1,-1,-1,725.000,800.000,-1,-1,2,0,2,0,2,0,0,0,0,2,2,2,2,0,0,2,2
54,-1587.061,2011.267,-133.209,-82.929,0.124839,0.991729,-0.029814,-0.990781,0.123014,-0.056746,-0.052609,0.036623,0.997943,0,0.93022,-0.80321,55.813,-1.606,-1,375.000,-1,400.000,-1,325.000,325.000,300.000,300.000,-1,-1,-1,-1,725.000,775.000,-1,-1,2,0,2,0,2,0,0,0,0,2,2,2,2,0,0,2,2
55,-1581.754,1955.762,-136.116,-84.538,0.096994,0.994804,-0.030936,-0.993815,0.095114,-0.057322,-0.054082,0.036305,0.997876,0,0.92930,-0.80467,55.758,-1.609,-1,375.000,-1,400.000,-1,325.000,325.000,300.000,300.000,-1,-1,-1,-1,725.000,775.000,-1,-1,2,0,2,0,2,0,0,0,0,2,2,2,2,0,0,2,2
56,-1578.015,1900.188,-139.202,-86.151,0.068993,0.997109,-0.031824,-0.996098,0.067093,-0.057335,-0.055035,0.035655,0.997848,0,0.92832,-0.80602,55.699,-1.612,-1,375.000,-1,400.000,-1,325.000,325.000,300.000,300.000,-1,-1,-1,-1,725.000,775.000,-1,-1,2,0,2,0,2,0,0,0,0,2,2,2,2,0,0,2,2
57,-1575.846,1844.593,-142.336,-87.765,0.040893,0.998627,-0.032726,-0.997597,0.038973,-0.057292,-0.055937,0.034990,0.997821,0,0.92728,-0.80728,55.637,-1.615,-1,375.000,-1,400.000,-1,325.000,325.000,300.000,300.000,-1,-1,-1,-1,725.000,775.000,-1,-1,2,0,2,0,2,0,0,0,0,2,2,2,2,0,0,2,2
58,-1575.247,1789.025,-145.523,-89.382,0.012721,0.999354,-0.033621,-0.998301,0.010781,-0.057264,-0.056865,0.034292,0.997793,0,0.92619,-0.80843,55.572,-1.617,-1,375.000,-1,400.000,-1,325.000,325.000,300.000,300.000,-1,-1,-1,-1,700.000,775.000,-1,-1,2,0,2,0,2,0,0,0,0,2,2,2,2,0,0,2,2
59,-1576.217,1733.530,-148.763,-91.001,-0.015498,0.999284,-0.034503,-0.998207,-0.017458,-0.057258,-0.057819,0.033554,0.997763,0,0.92506,-0.80948,55.503,-1.619,-1,375.000,-1,400.000,-1,325.000,325.000,300.000,300.000,-1,-1,-1,-1,700.000,775.000,-1,-1,2,0,2,0,2,0,0,0,0,2,2,2,2,0,0,2,2
60,-1578.753,1678.155,-152.058,-92.622,-0.043737,0.998417,-0.035368,-0.997311,-0.045717,-0.057278,-0.058804,0.032768,0.997732,0,0.92387,-0.81042,55.432,-1.621,-1,400.000,-1,400.000,-1,325.000,325.000,300.000,300.000,-1,-1,-1,-1,700.000,775.000,-1,-1,2,0,2,0,2,0,0,0,0,2,2,2,2,0,0,2,2
61,-1582.850,1622.948,-155.410,-94.244,-0.071970,0.996749,-0.036214,-0.995611,-0.073971,-0.057330,-0.059823,0.031929,0.997698,0,0.92265,-0.81126,55.359,-1.623,-1,375.000,-1,400.000,-1,325.000,325.000,300.000,300.000,-1,-1,-1,-1,700.000,775.000,-1,-1,2,0,2,0,2,0,0,0,0,2,2,2,2,0,0,2,2
62,-1588.035,1572.655,-158.529,-95.886,-0.100478,0.994252,-0.036963,-0.993076,-0.102493,-0.057411,-0.060869,0.030938,0.997666,0,0.84265,-0.82066,50.559,-1.641,-1,375.000,-1,400.000,-1,325.000,325.000,300.000,300.000,-1,-1,-1,-1,700.000,775.000,-1,-1,2,0,2,0,2,0,0,0,0,2,2,2,2,0,0,2,2
63,-1594.573,1523.182,-161.665,-97.528,-0.128925,0.990938,-0.037680,-0.989718,-0.130954,-0.057529,-0.061942,0.029876,0.997633,0,0.83172,-0.82125,49.903,-1.642,-1,375.000,-1,400.000,-1,325.000,325.000,300.000,300.000,-1,-1,-1,-1,700.000,775.000,-1,-1,2,0,2,0,2,0,0,0,0,2,2,2,2,0,0,2,2
64,-1602.520,1473.966,-164.855,-99.172,-0.157285,0.986807,-0.038374,-0.985539,-0.159326,-0.057691,-0.063044,0.028746,0.997597,0,0.83088,-0.82176,49.853,-1.644,-1,375.000,-1,400.000,-1,325.000,325.000,300.000,300.000,-1,-1,-1,-1,700.000,775.000,-1,-1,2,0,2,0,2,0,0,0,0,2,2,2,2,0,0,2,2
65,-1611.866,1425.049,-168.099,-100.816,-0.185532,0.981862,-0.039046,-0.980540,-0.187585,-0.057902,-0.064176,0.027543,0.997558,0,0.83002,-0.82221,49.801,-1.644,-1,375.000,-1,400.000,-1,325.000,325.000,300.000,300.000,-1,-1,-1,-1,700.000,750.000,-1,-1,2,0,2,0,2,0,0,0,0,2,2,2,2,0,0,2,2
66,-1622.601,1376.472,-171.391,-102.461,-0.213639,0.976105,-0.039722,-0.974724,-0.215704,-0.058180,-0.065358,0.026289,0.997516,0,0.82916,-0.82260,49.749,-1.645,-1,375.000,-1,400.000,-1,325.000,325.000,300.000,300.000,-1,-1,-1,-1,700.000,750.000,-1,-1,2,0,2,0,2,0,0,0,0,2,2,2,2,0,0,2,2
67,-1634.715,1328.274,-174.539,-104.107,-0.241548,0.969520,-0.041058,-0.968134,-0.243654,-0.057881,-0.066121,0.025769,0.997479,0,0.82828,-0.82292,49.697,-1.646,-1,375.000,-1,400.000,-1,325.000,325.000,300.000,300.000,-1,-1,-1,-1,700.000,750.000,-1,-1,2,0,2,0,2,0,0,0,0,2,2,2,2,0,0,2,2
68,-1648.193,1280.494,-177.674,-105.753,-0.269260,0.962127,-0.042542,-0.960757,-0.271410,-0.057299,-0.066675,0.025444,0.997450,0,0.82740,-0.82318,49.644,-1.646,-1,375.000,-1,400.000,-1,325.000,325.000,300.000,300.000,-1,-1,-1,-1,700.000,750.000,-1,-1,2,0,2,0,2,0,0,0,0,2,2,2,2,0,0,2,2
69,-1663.958,1230.098,-181.104,-107.371,-0.296266,0.954089,-0.044057,-0.952739,-0.298463,-0.056651,-0.067200,0.025191,0.997421,0,0.88007,-0.80877,52.804,-1.618,-1,375.000,-1,400.000,-1,325.000,325.000,300.000,300.000,-1,-1,-1,-1,700.000,750.000,-1,-1,2,0,2,0,2,0,0,0,0,2,2,2,2,1,0,2,2
70,-1681.166,1180.117,-184.486,-108.997,-0.323238,0.945254,-0.044846,-0.943919,-0.325429,-0.055796,-0.067336,0.024296,0.997435,0,0.88101,-0.81320,52.860,-1.626,-1,375.000,-1,400.000,-1,325.000,325.000,300.000,300.000,-1,-1,-1,-1,725.000,-1,-1,-1,2,0,2,0,2,0,0,0,0,2,2,2,2,1,2,2,2
71,-1699.810,1130.602,-187.913,-110.633,-0.350118,0.935608,-0.045325,-0.934277,-0.352283,-0.054989,-0.067415,0.023093,0.997458,0,0.88181,-0.81771,52.909,-1.635,-1,375.000,-1,400.000,-1,325.000,325.000,300.000,300.000,-1,-1,-1,-1,875.000,-1,-1,-1,2,0,2,0,2,0,0,0,0,2,2,2,2,1,2,2,2
72,-1719.883,1081.606,-191.429,-112.277,-0.376867,0.925141,-0.045677,-0.923801,-0.379002,-0.054311,-0.067557,0.021728,0.997479,0,0.88247,-0.82232,52.948,-1.645,-1,375.000,-1,400.000,-1,325.000,325.000,300.000,300.000,-1,-1,-1,-1,-1,-1,-1,-1,2,0,2,0,2,0,0,0,0,2,2,2,2,2,2,2,2
73,-1741.374,1033.182,-195.033,-113.931,-0.403461,0.913845,-0.045905,-0.912485,-0.405561,-0.053774,-0.067758,0.020191,0.997497,0,0.88297,-0.82703,52.978,-1.654,-1,375.000,-1,400.000,-1,325.000,325.000,300.000,300.000,-1,-1,-1,-1,-1,-1,-1,-1,2,0,2,0,2,0,0,0,0,2,2,2,2,2,2,2,2
74,-1764.270,985.385,-198.666,-115.595,-0.429869,0.901711,-0.046153,-0.900341,-0.431934,-0.053100,-0.067816,0.018727,0.997522,0,0.88330,-0.83184,52.998,-1.664,-1,400.000,-1,400.000,-1,325.000,325.000,300.000,300.000,-1,-1,-1,-1,-1,-1,-1,-1,2,1,2,0,2,0,0,0,0,2,2,2,2,2,2,2,2
75,-1788.556,938.269,-202.334,-117.269,-0.456069,0.888735,-0.046383,-0.887362,-0.458095,-0.052326,-0.067752,0.017294,0.997552,0,0.88345,-0.83675,53.007,-1.673,1000.000,575.000,-1,400.000,-1,325.000,325.000,300.000,300.000,-1,-1,-1,-1,-1,-1,-1,-1,0,1,2,0,2,0,0,0,0,2,2,2,2,2,2,2,2
76,-1814.214,891.889,-206.073,-118.952,-0.482037,0.874916,-0.046508,-0.873533,-0.484020,-0.051626,-0.067679,0.015741,0.997583,0,0.88340,-0.84176,53.004,-1.684,-1,-1,-1,-1,-1,325.000,325.000,300.000,300.000,-1,-1,-1,-1,-1,-1,-1,-1,2,2,2,2,2,1,0,0,0,2,2,2,2,2,2,2,2
77,-1841.224,846.302,-209.883,-120.646,-0.507748,0.860248,-0.046526,-0.858850,-0.509681,-0.051006,-0.067591,0.014061,0.997614,0,0.88313,-0.84689,52.988,-1.694,-1,-1,-1,-1,-1,-1,325.000,300.000,300.000,-1,-1,-1,-1,-1,-1,-1,-1,2,2,2,2,2,2,0,0,1,2,2,2,2,2,2,2,2
78,-1869.562,801.563,-213.499,-122.350,-0.533074,0.844719,-0.047778,-0.843306,-0.535045,-0.050616,-0.068320,0.013309,0.997575,0,0.88265,-0.85212,52.959,-1.704,-1,-1,-1,-1,-1,-1,-1,300.000,275.000,-1,-1,-1,-1,-1,-1,-1,-1,2,2,2,2,2,2,2,0,1,2,2,2,2,2,2,2,2
79,-1899.202,757.727,-217.189,-124.065,-0.558091,0.828338,-0.048889,-0.826906,-0.560092,-0.050236,-0.068995,0.012390,0.997540,0,0.88193,-0.85745,52.916,-1.715,-1,-1,-1,-1,-1,-1,-1,300.000,275.000,-1,-1,-1,-1,-1,-1,-1,-1,2,2,2,2,2,2,2,0,1,2,2,2,2,2,2,2,2
80,-1930.116,714.849,-224.251,-125.791,-0.582438,0.811131,-0.053225,-0.808933,-0.584810,-0.060211,-0.079965,0.007987,0.996766,0,0.88097,-0.86289,52.858,-1.726,-1,-1,-1,-1,-1,-1,-1,275.000,250.000,-1,-1,-1,-1,-1,-1,-1,-1,2,2,2,2,2,2,2,0,1,2,2,2,2,2,2,2,2
81,-1962.273,672.984,-234.287,-127.528,-0.605827,0.793053,-0.063559,-0.789314,-0.609142,-0.077002,-0.099784,0.003518,0.995003,0,0.87976,-0.86843,52.786,-1.737,-1,-1,-1,-1,-1,-1,-1,250.000,225.000,-1,-1,-1,-1,-1,-1,-1,-1,2,2,2,2,2,2,2,0,1,2,2,2,2,2,2,2,2
82,-1995.637,632.184,-246.345,-129.276,-0.628169,0.774106,-0.078507,-0.767909,-0.633055,-0.097760,-0.125376,-0.001123,0.992109,0,0.87829,-0.87406,52.698,-1.748,-1,-1,-1,-1,-1,-1,-1,225.000,200.000,-1,-1,-1,-1,-1,-1,-1,-1,2,2,2,2,2,2,2,1,1,2,2,2,2,2,2,2,2
83,-2033.209,588.703,-261.758,-130.831,-0.646103,0.756627,-0.100327,-0.746418,-0.653826,-0.123983,-0.159405,-0.005220,0.987199,0,0.95754,-0.77772,57.452,-1.555,-1,-1,-1,-1,-1,-1,-1,200.000,175.000,-1,-1,-1,-1,-1,-1,-1,-1,2,2,2,2,2,2,2,1,1,2,2,2,2,2,2,2,2
84,327.977,-6231.334,97.057,-26.315,0.896507,0.442409,0.023433,-0.442999,0.894575,0.059061,0.005167,-0.063329,0.997979,1,0.00000,0.00000,58.463,-1.315,-1,400.000,-1,400.000,-1,325.000,325.000,300.000,300.000,-1,-1,-1,-1,800.000,825.000,-1,-1,2,0,2,0,2,0,0,0,0,2,2,2,2,0,0,2,2
85,323.669,-6229.216,97.030,-26.181,0.897540,0.440321,0.023233,-0.440902,0.895603,0.059160,0.005242,-0.063342,0.997978,0,-0.08000,0.06681,-4.800,0.134,-1,400.000,-1,400.000,-1,325.000,325.000,300.000,300.000,-1,-1,-1,-1,800.000,825.000,-1,-1,2,0,2,0,2,0,0,0,0,2,2,2,2,0,0,2,2
86,318.970,-6226.920,97.001,-26.049,0.898558,0.438251,0.023018,-0.438823,0.896617,0.059269,0.005337,-0.063357,0.997977,0,-0.08717,0.06615,-5.230,0.132,-1,400.000,-1,400.000,-1,325.000,325.000,300.000,300.000,-1,-1,-1,-1,800.000,825.000,-1,-1,2,0,2,0,2,0,0,0,0,2,2,2,2,0,0,2,2
87,314.283,-6224.642,96.973,-25.918,0.899560,0.436202,0.022804,-0.436764,0.897614,0.059378,0.005432,-0.063374,0.997975,0,-0.08686,0.06542,-5.211,0.131,-1,400.000,-1,400.000,-1,325.000,325.000,300.000,300.000,-1,-1,-1,-1,800.000,825.000,-1,-1,2,0,2,0,2,0,0,0,0,2,2,2,2,0,0,2,2
88,309.607,-6222.382,96.945,-25.788,0.900546,0.434174,0.022592,-0.434726,0.898596,0.059488,0.005527,-0.063393,0.997973,0,-0.08655,0.06469,-5.193,0.129,-1,400.000,-1,400.000,-1,325.000,325.000,300.000,300.000,-1,-1,-1,-1,800.000,825.000,-1,-1,2,0,2,0,2,0,0,0,0,2,2,2,2,0,0,2,2
89,304.942,-6220.141,96.918,-25.661,0.901516,0.432166,0.022381,-0.432709,0.899562,0.059598,0.005623,-0.063413,0.997972,0,-0.08626,0.06394,-5.175,0.128,-1,400.000,-1,400.000,-1,325.000,325.000,300.000,300.000,-1,-1,-1,-1,800.000,825.000,-1,-1,2,0,2,0,2,0,0,0,0,2,2,2,2,0,0,2,2
90,300.287,-6217.918,96.891,-25.534,0.902468,0.430186,0.022172,-0.430719,0.900509,0.059708,0.005720,-0.063434,0.997970,0,-0.08598,0.06302,-5.159,0.126,-1,425.000,-1,400.000,-1,325.000,325.000,300.000,300.000,-1,-1,-1,-1,800.000,825.000,-1,-1,2,0,2,0,2,0,0,0,0,2,2,2,2,0,0,2,2
91,295.642,-6215.711,96.864,-25.411,0.903396,0.428245,0.021964,-0.428768,0.901432,0.059818,0.005818,-0.063457,0.997968,0,-0.08571,0.06171,-5.142,0.123,-1,425.000,-1,400.000,-1,325.000,325.000,300.000,300.000,-1,-1,-1,-1,800.000,825.000,-1,-1,2,0,2,0,2,0,0,0,0,2,2,2,2,0,0,2,2
92,291.007,-6213.521,96.838,-25.290,0.904300,0.426342,0.021758,-0.426856,0.902332,0.059929,0.005918,-0.063482,0.997965,0,-0.08545,0.06040,-5.127,0.121,-1,425.000,-1,400.000,-1,325.000,325.000,300.000,300.000,-1,-1,-1,-1,800.000,825.000,-1,-1,2,0,2,0,2,0,0,0,0,2,2,2,2,0,0,2,2
93,286.380,-6211.346,96.812,-25.172,0.905181,0.424480,0.021553,-0.424984,0.903208,0.060041,0.006019,-0.063507,0.997963,0,-0.08521,0.05910,-5.112,0.118,-1,425.000,-1,400.000,-1,325.000,325.000,300.000,300.000,-1,-1,-1,-1,800.000,825.000,-1,-1,2,0,2,0,2,0,0,0,0,2,2,2,2,0,0,2,2
94,281.761,-6209.187,96.787,-25.056,0.906039,0.422656,0.021349,-0.423150,0.904061,0.060152,0.006123,-0.063534,0.997961,0,-0.08497,0.05780,-5.098,0.116,-1,425.000,-1,400.000,-1,325.000,325.000,300.000,300.000,-1,-1,-1,-1,800.000,825.000,-1,-1,2,0,2,0,2,0,0,0,0,2,2,2,2,0,0,2,2
95,277.150,-6207.042,96.762,-24.943,0.906874,0.420871,0.021147,-0.421356,0.904891,0.060264,0.006228,-0.063563,0.997958,0,-0.08476,0.05651,-5.085,0.113,-1,425.000,-1,400.000,-1,325.000,325.000,300.000,300.000,-1,-1,-1,-1,800.000,825.000,-1,-1,2,0,2,0,2,0,0,0,0,2,2,2,2,0,0,2,2
96,272.546,-6204.912,96.737,-24.833,0.907687,0.419125,0.020946,-0.419600,0.905699,0.060377,0.006335,-0.063592,0.997956,0,-0.08455,0.05522,-5.073,0.110,-1,425.000,-1,400.000,-1,325.000,325.000,300.000,300.000,-1,-1,-1,-1,800.000,825.000,-1,-1,2,0,2,0,2,0,0,0,0,2,2,2,2,0,0,2,2
97,267.948,-6202.795,96.713,-24.725,0.908478,0.417418,0.020747,-0.417884,0.906484,0.060490,0.006443,-0.063624,0.997953,0,-0.08436,0.05394,-5.062,0.108,-1,425.000,-1,400.000,-1,325.000,325.000,300.000,300.000,-1,-1,-1,-1,800.000,825.000,-1,-1,2,0,2,0,2,0,0,0,0,2,2,2,2,0,0,2,2
98,263.357,-6200.690,96.689,-24.620,0.909247,0.415750,0.020548,-0.416206,0.907248,0.060604,0.006554,-0.063656,0.997950,0,-0.08418,0.05266,-5.051,0.105,-1,425.000,-1,400.000,-1,325.000,325.000,300.000,300.000,-1,-1,-1,-1,825.000,825.000,-1,-1,2,0,2,0,2,0,0,0,0,2,2,2,2,0,0,2,2
99,258.770,-6198.599,96.665,-24.517,0.909994,0.414121,0.020351,-0.414567,0.907991,0.060718,0.006666,-0.063690,0.997947,0,-0.08401,0.05140,-5.041,0.103,-1,425.000,-1,400.000,-1,325.000,325.000,300.000,300.000,-1,-1,-1,-1,825.000,825.000,-1,-1,2,0,2,0,2,0,0,0,0,2,2,2,2,0,0,2,2
100,254.189,-6196.519,96.642,-24.417,0.910721,0.412531,0.020155,-0.412967,0.908712,0.060833,0.006780,-0.063725,0.997944,0,-0.08386,0.05013,-5.031,0.100,-1,425.000,-1,400.000,-1,325.000,325.000,300.000,300.000,-1,-1,-1,-1,825.000,825.000,-1,-1,2,0,2,0,2,0,0,0,0,2,2,2,2,0,0,2,2
101,249.612,-6194.450,96.619,-24.319,0.911426,0.410979,0.019960,-0.411405,0.909412,0.060948,0.006896,-0.063762,0.997941,0,-0.08371,0.04887,-5.023,0.098,-1,425.000,-1,400.000,-1,325.000,325.000,275.000,300.000,-1,-1,-1,-1,825.000,825.000,-1,-1,2,0,2,0,2,0,0,0,0,2,2,2,2,0,0,2,2
102,245.038,-6192.392,96.596,-24.224,0.912111,0.409466,0.019767,-0.409882,0.910092,0.061064,0.007014,-0.063800,0.997938,0,-0.08358,0.04762,-5.015,0.095,-1,425.000,-1,400.000,-1,325.000,325.000,275.000,300.000,-1,-1,-1,-1,825.000,825.000,-1,-1,2,0,2,0,2,0,0,0,0,2,2,2,2,0,0,2,2
103,240.468,-6190.345,96.574,-24.131,0.912776,0.407991,0.019574,-0.408398,0.910751,0.061181,0.007134,-0.063839,0.997935,0,-0.08346,0.04637,-5.008,0.093,-1,425.000,-1,400.000,-1,325.000,325.000,275.000,300.000,-1,-1,-1,-1,825.000,825.000,-1,-1,2,0,2,0,2,0,0,0,0,2,2,2,2,0,0,2,2
104,235.900,-6188.308,96.551,-24.041,0.913421,0.406555,0.019382,-0.406952,0.911391,0.061299,0.007256,-0.063879,0.997931,0,-0.08336,0.04513,-5.001,0.090,-1,425.000,-1,400.000,-1,325.000,325.000,275.000,300.000,-1,-1,-1,-1,825.000,825.000,-1,-1,2,0,2,0,2,0,0,0,0,2,2,2,2,0,0,2,2
105,231.335,-6186.279,96.529,-23.953,0.914046,0.405157,0.019192,-0.405544,0.912010,0.061417,0.007380,-0.063921,0.997928,0,-0.08326,0.04389,-4.996,0.088,-1,425.000,-1,400.000,-1,325.000,325.000,275.000,300.000,-1,-1,-1,-1,825.000,825.000,-1,-1,2,0,2,0,2,0,0,0,0,2,2,2,2,0,0,2,2
106,226.771,-6184.260,96.508,-23.868,0.914651,0.403797,0.019002,-0.404175,0.912610,0.061536,0.007506,-0.063964,0.997924,0,-0.08318,0.04266,-4.991,0.085,-1,425.000,-1,400.000,-1,325.000,325.000,275.000,300.000,-1,-1,-1,-1,825.000,850.000,-1,-1,2,0,2,0,2,0,0,0,0,2,2,2,2,0,0,2,2
107,222.208,-6182.249,96.486,-23.785,0.915237,0.402476,0.018814,-0.402843,0.913190,0.061656,0.007635,-0.064008,0.997920,0,-0.08310,0.04143,-4.986,0.083,-1,425.000,-1,400.000,-1,325.000,325.000,275.000,300.000,-1,-1,-1,-1,825.000,850.000,-1,-1,2,0,2,0,2,0,0,0,0,2,2,2,2,0,0,2,2
108,217.646,-6180.246,96.465,-23.704,0.915804,0.401193,0.018626,-0.401550,0.913751,0.061776,0.007765,-0.064054,0.997916,0,-0.08304,0.04020,-4.982,0.080,-1,425.000,-1,400.000,-1,325.000,325.000,275.000,300.000,-1,-1,-1,-1,825.000,850.000,-1,-1,2,0,2,0,2,0,0,0,0,2,2,2,2,0,0,2,2
109,213.084,-6178.250,96.443,-23.626,0.916352,0.399948,0.018439,-0.400295,0.914294,0.061898,0.007897,-0.064101,0.997912,0,-0.08299,0.03898,-4.979,0.078,-1,425.000,-1,400.000,-1,325.000,325.000,275.000,300.000,-1,-1,-1,-1,825.000,850.000,-1,-1,2,0,2,0,2,0,0,0,0,2,2,2,2,0,0,2,2
110,208.522,-6176.262,96.422,-23.551,0.916882,0.398741,0.018253,-0.399078,0.914817,0.062020,0.008032,-0.064149,0.997908,0,-0.08295,0.03777,-4.977,0.076,-1,425.000,-1,400.000,-1,325.000,325.000,275.000,300.000,-1,-1,-1,-1,825.000,850.000,-1,-1,2,0,2,0,2,0,0,0,0,2,2,2,2,0,0,2,2
111,203.958,-6174.280,96.402,-23.478,0.917393,0.397572,0.018068,-0.397898,0.915322,0.062143,0.008168,-0.064199,0.997904,0,-0.08292,0.03656,-4.975,0.073,-1,425.000,-1,400.000,-1,325.000,325.000,275.000,300.000,-1,-1,-1,-1,825.000,850.000,-1,-1,2,0,2,0,2,0,0,0,0,2,2,2,2,0,0,2,2
112,203.798,-6174.209,96.404,-23.645,0.916234,0.400236,0.018091,-0.400558,0.914160,0.062164,0.008343,-0.064203,0.997902,0,-0.00292,-0.08344,-0.175,-0.167,-1,425.000,-1,400.000,-1,325.000,325.000,275.000,300.000,-1,-1,-1,-1,825.000,850.000,-1,-1,2,0,2,0,2,0,0,0,0,2,2,2,2,0,0,2,2
113,208.021,-6176.094,96.434,-24.052,0.913370,0.406719,0.018321,-0.407041,0.911298,0.062081,0.008554,-0.064161,0.997903,0,0.07708,-0.20344,4.625,-0.407,-1,425.000,-1,400.000,-1,325.000,325.000,275.000,300.000,-1,-1,-1,-1,825.000,850.000,-1,-1,2,0,2,0,2,0,0,0,0,2,2,2,2,0,0,2,2
114,216.584,-6180.032,96.496,-24.698,0.908720,0.416984,0.018759,-0.417313,0.906653,0.061894,0.008801,-0.064073,0.997906,0,0.15708,-0.32344,9.425,-0.647,-1,425.000,-1,400.000,-1,325.000,325.000,275.000,300.000,-1,-1,-1,-1,825.000,850.000,-1,-1,2,0,2,0,2,0,0,0,0,2,2,2,2,0,0,2,2
115,229.414,-6186.176,96.599,-25.585,0.902157,0.430971,0.019408,-0.431312,0.900097,0.061601,0.009079,-0.063944,0.997912,0,0.23708,-0.44344,14.225,-0.887,-1,425.000,-1,400.000,-1,325.000,325.000,275.000,300.000,-1,-1,-1,-1,825.000,850.000,-1,-1,2,0,2,0,2,0,0,0,0,2,2,2,2,0,0,2,2
116,246.408,-6194.728,96.753,-26.712,0.893506,0.448594,0.020270,-0.448953,0.891457,0.061199,0.009384,-0.063782,0.997920,0,0.31708,-0.56344,19.025,-1.127,-1,425.000,-1,400.000,-1,325.000,325.000,300.000,300.000,-1,-1,-1,-1,825.000,825.000,-1,-1,2,0,2,0,2,0,0,0,0,2,2,2,2,0,0,2,2
117,267.449,-6205.904,96.966,-27.976,0.883393,0.468148,0.021331,-0.468535,0.881358,0.060686,0.009609,-0.063604,0.997929,0,0.39708,-0.63177,23.825,-1.264,-1,425.000,-1,400.000,-1,325.000,325.000,300.000,300.000,-1,-1,-1,-1,825.000,825.000,-1,-1,2,0,2,0,2,0,0,0,0,2,2,2,2,0,0,2,2
118,292.430,-6219.882,97.243,-29.230,0.872928,0.487326,0.022575,-0.487754,0.870913,0.060063,0.009610,-0.063442,0.997939,0,0.47708,-0.62689,28.625,-1.254,-1,400.000,-1,400.000,-1,325.000,325.000,300.000,300.000,-1,-1,-1,-1,800.000,825.000,-1,-1,2,0,2,0,2,0,0,0,0,2,2,2,2,0,0,2,2
119,321.237,-6236.835,97.588,-30.476,0.862105,0.506161,0.024011,-0.506643,0.860111,0.059349,0.009388,-0.063330,0.997949,0,0.55708,-0.62330,33.425,-1.247,-1,400.000,-1,400.000,-1,325.000,325.000,300.000,300.000,-1,-1,-1,-1,800.000,825.000,-1,-1,2,0,2,0,2,0,0,0,0,2,2,2,2,0,0,2,2
120,353.754,-6256.930,98.007,-31.715,0.850934,0.524645,0.025656,-0.525196,0.848964,0.058562,0.008943,-0.063307,0.997954,0,0.63708,-0.61962,38.225,-1.239,-1,400.000,-1,400.000,-1,325.000,325.000,300.000,300.000,-1,-1,-1,-1,800.000,825.000,-1,-1,2,0,2,0,2,0,0,0,0,2,2,2,2,0,0,2,2
121,389.860,-6280.330,98.501,-32.947,0.839427,0.542775,0.027530,-0.543409,0.837481,0.057727,0.008277,-0.063418,0.997953,0,0.71708,-0.61604,43.025,-1.232,-1,400.000,-1,400.000,-1,325.000,325.000,300.000,300.000,-1,-1,-1,-1,775.000,825.000,-1,-1,2,0,2,0,2,0,0,0,0,2,2,2,2,0,0,2,2
122,428.550,-6306.598,99.265,-34.173,0.827605,0.560583,0.028587,-0.561253,0.825709,0.056569,0.008107,-0.062861,0.997989,0,0.77940,-0.61279,46.764,-1.226,-1,400.000,-1,400.000,-1,325.000,325.000,300.000,300.000,-1,-1,-1,-1,775.000,825.000,-1,-1,2,0,2,0,2,0,0,0,0,2,2,2,2,0,0,2,2
123,466.443,-6333.520,99.895,-35.393,0.815480,0.578033,0.029502,-0.578721,0.813573,0.056406,0.008603,-0.063072,0.997972,0,0.77472,-0.61014,46.483,-1.220,-1,400.000,-1,400.000,-1,325.000,325.000,300.000,300.000,-1,-1,-1,-1,775.000,825.000,-1,-1,2,0,2,0,2,0,0,0,0,2,2,2,2,0,0,2,2
124,503.519,-6361.065,100.503,-36.610,0.803033,0.595159,0.030385,-0.595861,0.801087,0.056647,0.009373,-0.063595,0.997932,0,0.76979,-0.60841,46.187,-1.217,-1,400.000,-1,400.000,-1,325.000,325.000,300.000,300.000,-1,-1,-1,-1,775.000,825.000,-1,-1,2,0,2,0,2,0,0,0,0,2,2,2,2,0,0,2,2
125,539.761,-6389.203,101.153,-37.825,0.790245,0.611993,0.031269,-0.612706,0.788256,0.056950,0.010205,-0.064164,0.997887,0,0.76472,-0.60761,45.883,-1.215,-1,400.000,-1,400.000,-1,325.000,325.000,300.000,300.000,-1,-1,-1,-1,775.000,825.000,-1,-1,2,0,2,0,2,0,0,0,0,2,2,2,2,0,0,2,2
126,575.162,-6417.911,101.878,-39.041,0.777107,0.628556,0.031983,-0.629269,0.775074,0.057281,0.011215,-0.064639,0.997846,0,0.75962,-0.60771,45.577,-1.215,-1,400.000,-1,400.000,-1,325.000,325.000,300.000,300.000,-1,-1,-1,-1,800.000,850.000,-1,-1,2,0,2,0,2,0,0,0,0,2,2,2,2,0,0,2,2
127,609.714,-6447.169,102.680,-40.258,0.763604,0.644865,0.032516,-0.645565,0.761526,0.057648,0.012413,-0.065011,0.997807,0,0.75459,-0.60870,45.275,-1.217,-1,400.000,-1,400.000,-1,325.000,325.000,300.000,300.000,-1,-1,-1,-1,800.000,850.000,-1,-1,2,0,2,0,2,0,0,0,0,2,2,2,2,0,0,2,2
128,644.634,-6477.778,103.507,-41.236,0.752516,0.657735,0.033221,-0.658439,0.750385,0.058131,0.013306,-0.065619,0.997756,0,0.77393,-0.48870,46.436,-0.977,-1,400.000,-1,400.000,-1,325.000,325.000,300.000,300.000,-1,-1,-1,-1,800.000,875.000,-1,-1,2,0,2,0,2,0,0,0,0,2,2,2,2,0,0,2,2
129,678.970,-6508.664,104.166,-41.973,0.743986,0.667328,0.034028,-0.668060,0.741847,0.057960,0.013435,-0.065854,0.997739,0,0.76972,-0.36870,46.183,-0.737,-1,400.000,-1,400.000,-1,325.000,325.000,300.000,300.000,-1,-1,-1,-1,800.000,875.000,-1,-1,2,0,2,0,2,0,0,0,0,2,2,2,2,0,0,2,2
130,712.883,-6539.707,104.730,-42.470,0.738146,0.673736,0.034929,-0.674515,0.736018,0.057509,0.013038,-0.066010,0.997734,0,0.76626,-0.24870,45.975,-0.497,-1,400.000,-1,400.000,-1,325.000,325.000,300.000,300.000,-1,-1,-1,-1,800.000,875.000,-1,-1,2,0,2,0,2,0,0,0,0,2,2,2,2,0,0,2,2
131,746.536,-6570.792,105.167,-42.728,0.735096,0.677036,0.035444,-0.677844,0.732984,0.057104,0.012682,-0.066003,0.997739,0,0.76355,-0.12870,45.813,-0.257,-1,400.000,-1,400.000,-1,325.000,325.000,300.000,300.000,-1,-1,-1,-1,800.000,875.000,-1,-1,2,0,2,0,2,0,0,0,0,2,2,2,2,0,0,2,2
132,780.094,-6601.807,105.472,-42.745,0.734877,0.677266,0.035589,-0.678087,0.732787,0.056752,0.012357,-0.065839,0.997754,0,0.76159,-0.00870,45.695,-0.017,-1,400.000,-1,425.000,-1,325.000,325.000,300.000,300.000,-1,-1,-1,-1,800.000,875.000,-1,-1,2,0,2,0,2,0,0,0,0,2,2,2,2,0,0,2,2
133,813.716,-6632.640,105.742,-42.523,0.737486,0.674412,0.035833,-0.675260,0.735411,0.056522,0.011767,-0.065881,0.997758,0,0.76031,0.11130,45.619,0.223,-1,400.000,-1,425.000,-1,325.000,325.000,300.000,300.000,-1,-1,-1,-1,800.000,900.000,-1,-1,2,0,2,0,2,0,0,0,0,2,2,2,2,0,0,2,2
134,847.557,-6663.175,106.062,-42.060,0.742871,0.668459,0.036138,-0.669351,0.740839,0.055920,0.010607,-0.065730,0.997781,0,0.75968,0.23130,45.581,0.463,-1,400.000,-1,425.000,-1,325.000,325.000,300.000,300.000,-1,-1,-1,-1,800.000,900.000,-1,-1,2,0,2,0,2,0,0,0,0,2,2,2,2,0,0,2,2
135,881.767,-6693.290,106.418,-41.357,0.750959,0.659338,0.036512,-0.660288,0.748996,0.054989,0.008909,-0.065403,0.997819,0,0.75963,0.35130,45.578,0.703,-1,400.000,-1,425.000,-1,325.000,325.000,300.000,300.000,-1,-1,-1,-1,800.000,900.000,-1,-1,2,0,2,0,2,0,0,0,0,2,2,2,2,0,0,2,2
136,916.489,-6722.856,106.671,-40.415,0.761640,0.646944,0.036971,-0.647964,0.759762,0.053891,0.006775,-0.065001,0.997862,0,0.76008,0.47130,45.605,0.943,-1,400.000,-1,425.000,-1,325.000,325.000,300.000,300.000,-1,-1,-1,-1,775.000,900.000,-1,-1,2,0,2,0,2,0,0,0,0,2,2,2,2,0,0,2,2
137,951.855,-6751.733,106.803,-39.232,0.774755,0.631148,0.037525,-0.632248,0.772979,0.052594,0.004188,-0.064473,0.997911,0,0.76097,0.59130,45.658,1.183,-1,400.000,-1,425.000,-1,325.000,325.000,300.000,325.000,-1,-1,-1,-1,775.000,875.000,-1,-1,2,0,2,0,2,0,0,0,0,2,2,2,2,0,0,2,2
138,987.986,-6779.769,106.851,-37.810,0.790104,0.611783,0.038187,-0.612972,0.788435,0.051333,0.001296,-0.063966,0.997951,0,0.76222,0.71130,45.733,1.423,-1,400.000,-1,425.000,-1,325.000,325.000,300.000,325.000,-1,-1,-1,-1,775.000,875.000,-1,-1,2,0,2,0,2,0,0,0,0,2,2,2,2,0,0,2,2
139,1020.836,-6804.189,106.824,-36.627,0.802491,0.595397,0.038856,-0.596663,0.800918,0.050245,-0.001205,-0.063505,0.997981,0,0.68222,0.59130,40.933,1.183,-1,400.000,-1,425.000,-1,325.000,325.000,300.000,325.000,-1,-1,-1,-1,750.000,850.000,-1,-1,2,0,2,0,2,0,0,0,0,2,2,2,2,0,0,2,2
140,1052.878,-6827.200,106.738,-35.684,0.812113,0.582157,0.039558,-0.583490,0.810627,0.049233,-0.003405,-0.063064,0.998004,0,0.65749,0.47130,39.449,0.943,1000.000,400.000,-1,425.000,-1,325.000,325.000,300.000,325.000,-1,-1,-1,-1,750.000,850.000,-1,-1,1,0,2,0,2,0,0,0,0,2,2,2,2,0,0,2,2
