timestep,x_cm,y_cm,z_cm,yaw_deg,basis_xx,basis_xy,basis_xz,basis_yx,basis_yy,basis_yz,basis_zx,basis_zy,basis_zz,teleport_flag,throttle_cmd,steering_cmd,cmd_move_cm,cmd_turn_deg,lidar_cm_0,lidar_cm_1,lidar_cm_2,lidar_cm_3,lidar_cm_4,lidar_cm_5,lidar_cm_6,lidar_cm_7,lidar_cm_8,lidar_cm_9,lidar_cm_10,lidar_cm_11,lidar_cm_12,lidar_cm_13,lidar_cm_14,lidar_cm_15,lidar_cm_16,lidar_class_0,lidar_class_1,lidar_class_2,lidar_class_3,lidar_class_4,lidar_class_5,lidar_class_6,lidar_class_7,lidar_class_8,lidar_class_9,lidar_class_10,lidar_class_11,lidar_class_12,lidar_class_13,lidar_class_14,lidar_class_15,lidar_class_16
0,751.759,-6904.314,259.682,51.036,0.628826,-0.777539,0.003312,0.777522,0.628835,0.005181,-0.006111,-0.000683,0.999981,0,0.44164,-0.66464,0.421,-0.002,-1,598.549,-1,563.049,-1,458.656,447.417,619.066,582.736,-1,-1,-1,-1,-1,-1,-1,-1,2,0,2,0,2,0,0,0,0,2,2,2,2,2,2,2,2
1,752.286,-6903.601,261.334,51.032,0.628872,-0.777503,0.002931,0.777492,0.628879,0.004062,-0.005001,-0.000276,0.999987,0,0.44163,-0.66465,0.887,-0.003,-1,606.225,-1,571.080,-1,463.573,452.215,625.980,587.204,-1,-1,-1,-1,-1,-1,-1,-1,2,0,2,0,2,0,0,0,0,2,2,2,2,2,2,2,2
2,753.118,-6902.517,261.782,51.034,0.628855,-0.777519,0.002217,0.777517,0.628859,0.001721,-0.002732,0.000642,0.999996,0,0.44162,-0.66468,1.366,0.002,-1,613.742,-1,577.924,-1,467.925,456.164,630.596,586.624,-1,-1,-1,-1,-1,-1,-1,-1,2,0,2,0,2,0,0,0,0,2,2,2,2,2,2,2,2
3,754.232,-6901.124,261.110,51.039,0.628796,-0.777569,0.001680,0.777570,0.628794,-0.001588,0.000178,0.002305,0.999997,0,0.44159,-0.66480,1.784,0.005,-1,620.292,-1,582.272,-1,471.060,458.647,633.768,580.638,-1,-1,-1,-1,-1,-1,-1,-1,2,0,2,0,2,0,0,0,0,2,2,2,2,2,2,2,2
4,755.720,-6899.438,259.539,51.030,0.628910,-0.777477,0.001298,0.777470,0.628895,-0.005670,0.003592,0.004575,0.999983,0,0.44154,-0.66498,2.248,-0.009,-1,626.138,-1,584.672,-1,473.137,459.904,635.861,570.397,-1,-1,-1,-1,-1,-1,-1,-1,2,0,2,0,2,0,0,0,0,2,2,2,2,2,2,2,2
5,757.589,-6897.433,257.369,51.010,0.629162,-0.777273,0.001295,0.777239,0.629117,-0.010549,0.007385,0.007644,0.999943,0,0.44153,-0.66505,2.741,-0.020,-1,632.060,-1,585.553,-1,474.614,460.319,638.411,556.527,-1,-1,-1,-1,-1,-1,-1,-1,2,0,2,0,2,0,0,0,0,2,2,2,2,2,2,2,2
6,759.854,-6895.048,254.935,50.984,0.629492,-0.777005,0.001738,0.776920,0.629387,-0.016351,0.011611,0.011643,0.999865,0,0.44153,-0.66503,3.289,-0.026,-1,639.315,-1,586.012,-1,476.304,460.632,642.994,539.975,-1,-1,-1,-1,-1,-1,-1,-1,2,0,2,0,2,0,0,0,0,2,2,2,2,2,2,2,2
7,762.444,-6892.315,252.743,50.955,0.629867,-0.776699,0.002445,0.776559,0.629686,-0.021222,0.014943,0.015266,0.999772,0,0.44154,-0.66498,3.765,-0.030,-1,644.594,-1,585.135,-1,476.962,460.059,647.396,525.322,-1,-1,-1,-1,-1,-1,-1,-1,2,0,2,0,2,0,0,0,0,2,2,2,2,2,2,2,2
8,765.210,-6889.233,251.225,50.925,0.630258,-0.776380,0.003037,0.776220,0.630038,-0.023099,0.016020,0.016916,0.999729,0,0.44156,-0.66493,4.141,-0.030,-1,643.759,-1,581.868,-1,475.054,457.639,648.093,517.166,-1,-1,-1,-1,-1,-1,-1,-1,2,0,2,0,2,0,0,0,0,2,2,2,2,2,2,2,2
9,768.083,-6885.757,250.505,50.899,0.630615,-0.776089,0.003187,0.775953,0.630415,-0.021775,0.014890,0.016204,0.999758,0,0.44156,-0.66491,4.510,-0.026,-1,636.962,-1,577.098,-1,470.879,453.787,644.290,516.486,-1,-1,-1,-1,-1,-1,-1,-1,2,0,2,0,2,0,0,0,0,2,2,2,2,2,2,2,2
10,771.059,-6881.832,250.501,50.887,0.630803,-0.775938,0.002857,0.775846,0.630661,-0.018157,0.012287,0.013670,0.999831,0,0.44154,-0.66498,4.926,-0.012,-1,626.814,-1,572.140,-1,465.607,449.426,637.507,521.905,-1,-1,-1,-1,-1,-1,-1,-1,2,0,2,0,2,0,0,0,0,2,2,2,2,2,2,2,2
11,774.191,-6877.423,251.005,50.893,0.630743,-0.775989,0.002039,0.775936,0.630665,-0.013592,0.009261,0.010155,0.999906,0,0.44148,-0.66523,5.408,0.006,-1,616.576,-1,568.484,-1,460.636,445.614,629.785,531.189,-1,-1,-1,-1,-1,-1,-1,-1,2,0,2,0,2,0,0,0,0,2,2,2,2,2,2,2,2
12,777.469,-6872.486,251.759,50.938,0.630152,-0.776471,0.000931,0.776442,0.630117,-0.009470,0.006767,0.006691,0.999955,0,0.44134,-0.66572,5.927,0.045,-1,609.081,-1,566.869,-1,457.125,443.091,623.344,541.412,-1,-1,-1,-1,-1,-1,-1,-1,2,0,2,0,2,0,0,0,0,2,2,2,2,2,2,2,2
13,780.900,-6867.009,252.556,51.021,0.629030,-0.777381,-0.000219,0.777362,0.629017,-0.006714,0.005357,0.004053,0.999977,0,0.44109,-0.66665,6.463,0.083,-1,605.733,-1,567.602,-1,455.583,442.106,619.662,550.134,-1,-1,-1,-1,-1,-1,-1,-1,2,0,2,0,2,0,0,0,0,2,2,2,2,2,2,2,2
14,784.499,-6861.028,253.280,51.147,0.627311,-0.778768,-0.001337,0.778753,0.627308,-0.005400,0.005044,0.002346,0.999985,0,0.44072,-0.66803,6.980,0.127,-1,606.155,-1,570.094,-1,455.784,442.406,618.473,556.629,-1,-1,-1,-1,-1,-1,-1,-1,2,0,2,0,2,0,0,0,0,2,2,2,2,2,2,2,2
15,788.247,-6854.575,253.861,51.322,0.624928,-0.780679,-0.002268,0.780662,0.624930,-0.005419,0.005648,0.001616,0.999983,0,0.44022,-0.66991,7.463,0.175,-1,609.715,-1,573.546,-1,457.328,443.576,619.612,560.448,-1,-1,-1,-1,-1,-1,-1,-1,2,0,2,0,2,0,0,0,0,2,2,2,2,2,2,2,2
16,792.104,-6847.667,254.260,51.549,0.621836,-0.783142,-0.002863,0.783116,0.621840,-0.006701,0.007028,0.001925,0.999973,0,0.43957,-0.67231,7.912,0.226,-1,616.045,-1,577.358,-1,459.952,445.328,623.135,561.233,-1,-1,-1,-1,-1,-1,-1,-1,2,0,2,0,2,0,0,0,0,2,2,2,2,2,2,2,2
17,796.012,-6840.329,254.450,51.836,0.617889,-0.786260,-0.002916,0.786214,0.617886,-0.009150,0.008996,0.003361,0.999954,0,0.43877,-0.67529,8.314,0.288,-1,624.814,-1,580.770,-1,463.384,447.334,629.138,558.660,-1,-1,-1,-1,-1,-1,-1,-1,2,0,2,0,2,0,0,0,0,2,2,2,2,2,2,2,2
18,800.071,-6832.741,254.454,52.149,0.613576,-0.789631,-0.002793,0.789561,0.613562,-0.011599,0.010873,0.004911,0.999929,0,0.43779,-0.67893,8.605,0.313,-1,633.141,-1,583.074,-1,466.355,448.778,634.801,555.234,-1,-1,-1,-1,-1,-1,-1,-1,2,0,2,0,2,0,0,0,0,2,2,2,2,2,2,2,2
19,804.364,-6825.003,254.359,52.435,0.609614,-0.792692,-0.003041,0.792604,0.609597,-0.013052,0.012200,0.005546,0.999910,0,0.43673,-0.68285,8.848,0.286,-1,638.676,-1,584.470,-1,468.003,449.345,637.620,553.661,-1,-1,-1,-1,-1,-1,-1,-1,2,0,2,0,2,0,0,0,0,2,2,2,2,2,2,2,2
20,808.921,-6817.157,254.244,52.638,0.606791,-0.794850,-0.004244,0.794752,0.606787,-0.013341,0.013179,0.004723,0.999902,0,0.43574,-0.68651,9.074,0.203,-1,641.286,-1,586.608,-1,468.572,449.654,636.497,555.502,-1,-1,-1,-1,-1,-1,-1,-1,2,0,2,0,2,0,0,0,0,2,2,2,2,2,2,2,2
21,813.617,-6809.116,254.044,52.788,0.604701,-0.796428,-0.006197,0.796327,0.604726,-0.013056,0.014145,0.002960,0.999896,0,0.43498,-0.68936,9.312,0.150,-1,642.502,-1,589.570,-1,468.631,450.119,632.493,559.822,-1,-1,-1,-1,-1,-1,-1,-1,2,0,2,0,2,0,0,0,0,2,2,2,2,2,2,2,2
