timestep,x_cm,y_cm,z_cm,yaw_deg,basis_xx,basis_xy,basis_xz,basis_yx,basis_yy,basis_yz,basis_zx,basis_zy,basis_zz,teleport_flag,throttle_cmd,steering_cmd,cmd_move_cm,cmd_turn_deg,lidar_cm_0,lidar_cm_1,lidar_cm_2,lidar_cm_3,lidar_cm_4,lidar_cm_5,lidar_cm_6,lidar_cm_7,lidar_cm_8,lidar_cm_9,lidar_cm_10,lidar_cm_11,lidar_cm_12,lidar_cm_13,lidar_cm_14,lidar_cm_15,lidar_cm_16,lidar_class_0,lidar_class_1,lidar_class_2,lidar_class_3,lidar_class_4,lidar_class_5,lidar_class_6,lidar_class_7,lidar_class_8,lidar_class_9,lidar_class_10,lidar_class_11,lidar_class_12,lidar_class_13,lidar_class_14,lidar_class_15,lidar_class_16
0,-6891.960,8200.307,174.723,166.141,-0.966666,-0.239424,0.090731,0.235466,-0.970478,-0.052227,0.100557,-0.029122,0.994505,1,0.08000,0.12000,4.800,0.240,-1,400.000,-1,375.000,-1,325.000,300.000,300.000,300.000,-1,525.000,650.000,675.000,725.000,650.000,-1,-1,2,0,2,0,2,0,0,0,0,2,0,0,1,0,0,2,2
1,-6901.300,8202.528,175.699,166.621,-0.968633,-0.231277,0.090893,0.227238,-0.972414,-0.052663,0.100565,-0.030356,0.994467,0,0.16000,0.24000,9.600,0.480,-1,400.000,-1,375.000,-1,325.000,300.000,300.000,300.000,-1,525.000,650.000,675.000,725.000,650.000,-1,-1,2,0,2,0,2,0,0,0,0,2,0,0,1,0,0,2,2
2,-6915.350,8205.684,177.158,167.341,-0.971453,-0.219027,0.091141,0.214868,-0.975187,-0.053304,0.100554,-0.032199,0.994410,0,0.24000,0.36000,14.400,0.720,-1,400.000,-1,375.000,-1,325.000,300.000,300.000,300.000,-1,550.000,675.000,700.000,725.000,650.000,-1,-1,2,0,2,0,2,0,0,0,0,2,0,0,1,0,0,2,2
3,-6934.151,8209.576,179.093,168.301,-0.974971,-0.202641,0.091478,0.198324,-0.978640,-0.054135,0.100494,-0.034638,0.994335,0,0.32000,0.48000,19.200,0.960,-1,400.000,-1,375.000,-1,325.000,300.000,300.000,300.000,-1,550.000,700.000,725.000,725.000,650.000,-1,-1,2,0,2,0,2,0,0,0,0,2,0,0,1,0,0,2,2
4,-6957.750,8213.948,181.495,169.501,-0.978979,-0.182081,0.091910,0.177571,-0.982562,-0.055137,0.100346,-0.037658,0.994240,0,0.40000,0.60000,24.000,1.200,-1,400.000,-1,375.000,-1,325.000,300.000,300.000,300.000,-1,575.000,725.000,750.000,725.000,650.000,-1,-1,2,0,2,0,2,0,0,0,0,2,0,0,1,0,0,2,2
5,-6986.189,8218.488,184.352,170.928,-0.983175,-0.157547,0.092439,0.152812,-0.986651,-0.056286,0.100073,-0.041213,0.994126,0,0.48000,0.71311,28.800,1.426,-1,400.000,-1,375.000,-1,325.000,300.000,300.000,300.000,-1,600.000,750.000,775.000,725.000,650.000,-1,-1,2,0,2,0,2,0,0,0,0,2,0,0,1,0,0,2,2
6,-7016.994,8222.611,187.402,172.374,-0.986799,-0.132569,0.093022,0.127603,-0.990159,-0.057460,0.099724,-0.044832,0.994005,0,0.51800,0.72328,31.080,1.447,-1,400.000,-1,375.000,-1,325.000,300.000,300.000,300.000,-1,625.000,800.000,825.000,725.000,650.000,-1,-1,2,0,2,0,2,0,0,0,0,2,0,0,1,0,0,2,2
7,-7048.079,8225.963,190.435,173.843,-0.989829,-0.107123,0.093611,0.101933,-0.993065,-0.058577,0.099237,-0.048439,0.993884,0,0.52108,0.73451,31.265,1.469,-1,400.000,-1,375.000,-1,325.000,300.000,300.000,300.000,-1,675.000,850.000,900.000,725.000,650.000,-1,-1,2,0,2,0,2,0,0,0,0,2,0,0,1,0,0,2,2
8,-7079.467,8228.522,193.449,175.335,-0.992235,-0.081213,0.094203,0.075805,-0.995338,-0.059637,0.098608,-0.052032,0.993765,0,0.52488,0.74605,31.493,1.492,-1,400.000,-1,375.000,-1,325.000,300.000,300.000,300.000,-1,700.000,900.000,950.000,725.000,650.000,-1,-1,2,0,2,0,2,0,0,0,0,2,0,0,1,0,0,2,2
9,-7111.182,8230.265,196.442,176.851,-0.993985,-0.054845,0.094793,0.049226,-0.996945,-0.060638,0.097829,-0.055607,0.993648,0,0.52939,0.75789,31.763,1.516,-1,400.000,-1,375.000,-1,325.000,300.000,300.000,300.000,-1,750.000,775.000,-1,725.000,650.000,-1,-1,2,0,2,0,2,0,0,0,0,2,0,1,2,0,0,2,2
10,-7143.244,8231.163,199.412,178.391,-0.995047,-0.028025,0.095376,0.022202,-0.997855,-0.061581,0.096897,-0.059159,0.993535,0,0.53458,0.77005,32.075,1.540,-1,375.000,-1,375.000,-1,325.000,300.000,300.000,300.000,-1,800.000,750.000,-1,725.000,650.000,-1,-1,2,0,2,0,2,0,0,0,0,2,0,1,2,0,0,2,2
11,-7175.669,8231.185,202.357,179.956,-0.995386,-0.000761,0.095946,-0.005258,-0.998033,-0.062467,0.095805,-0.062683,0.993425,0,0.54043,0.78253,32.426,1.565,-1,375.000,-1,375.000,1000.000,325.000,300.000,300.000,300.000,-1,850.000,725.000,-1,750.000,650.000,-1,-1,2,0,2,0,0,0,0,0,0,2,0,1,2,0,0,2,2
12,-7208.472,8230.297,205.300,181.547,-0.994976,0.026937,0.096425,-0.033147,-0.997438,-0.063391,0.094470,-0.066269,0.993320,0,0.54692,0.79533,32.815,1.591,-1,375.000,-1,375.000,975.000,325.000,300.000,300.000,300.000,-1,900.000,750.000,-1,750.000,650.000,-1,1000.000,2,0,2,0,0,0,0,0,0,2,0,1,2,0,0,2,0
13,-7241.661,8228.459,208.628,183.164,-0.993737,0.055053,0.097244,-0.061548,-0.995979,-0.065095,0.093269,-0.070673,0.993130,0,0.55402,0.80844,33.241,1.617,-1,375.000,-1,375.000,975.000,325.000,300.000,300.000,300.000,-1,850.000,775.000,-1,750.000,650.000,-1,1000.000,2,0,2,0,0,0,0,0,0,2,1,1,2,0,0,2,0
14,-7275.244,8225.631,212.044,184.808,-0.991638,0.083576,0.098332,-0.090331,-0.993698,-0.066366,0.092165,-0.074694,0.992938,0,0.56171,0.82188,33.703,1.644,-1,400.000,-1,375.000,950.000,325.000,300.000,300.000,300.000,-1,825.000,800.000,-1,750.000,650.000,-1,1000.000,2,0,2,0,0,0,0,0,0,2,1,1,2,0,0,2,0
15,-7313.520,8221.462,215.872,186.211,-0.989172,0.107865,0.099521,-0.114875,-0.991076,-0.067615,0.091339,-0.078315,0.992736,0,0.64171,0.70188,38.503,1.404,-1,400.000,-1,375.000,950.000,325.000,300.000,300.000,300.000,-1,850.000,825.000,-1,750.000,650.000,-1,1000.000,2,0,2,0,0,0,0,0,0,2,1,1,2,0,0,2,0
16,-7356.464,8215.901,220.103,187.375,-0.986647,0.127938,0.100798,-0.135202,-0.988423,-0.068850,0.090823,-0.081559,0.992522,0,0.72171,0.58188,43.303,1.164,-1,400.000,-1,375.000,950.000,325.000,300.000,300.000,300.000,-1,875.000,875.000,-1,750.000,650.000,-1,-1,2,0,2,0,0,0,0,0,0,2,1,1,2,0,0,2,2
17,-7402.859,8209.131,224.611,188.299,-0.984320,0.143822,0.102125,-0.151336,-0.985996,-0.070059,0.090618,-0.084416,0.992302,0,0.78144,0.46188,46.887,0.924,-1,400.000,-1,375.000,925.000,325.000,325.000,300.000,300.000,-1,900.000,925.000,-1,750.000,650.000,-1,-1,2,0,2,0,0,0,0,0,0,2,1,1,2,0,0,2,2
18,-7449.956,8201.684,229.132,188.983,-0.982399,0.155546,0.103426,-0.163296,-0.984004,-0.071203,0.090697,-0.086839,0.992085,0,0.79471,0.34188,47.683,0.684,-1,400.000,-1,375.000,925.000,325.000,325.000,300.000,300.000,-1,950.000,975.000,-1,750.000,650.000,-1,1000.000,2,0,2,0,0,0,0,0,0,2,1,1,2,0,0,2,0
19,-7497.808,8193.738,233.682,189.426,-0.981031,0.163134,0.104716,-0.171112,-0.982594,-0.072311,0.091097,-0.088857,0.991870,0,0.80846,0.22188,48.508,0.444,-1,400.000,-1,375.000,900.000,325.000,325.000,300.000,300.000,-1,975.000,1000.000,-1,750.000,625.000,-1,1000.000,2,0,2,0,0,0,0,0,0,2,1,1,2,0,0,2,0
20,-7546.470,8185.480,238.278,189.630,-0.980309,0.166602,0.106008,-0.174805,-0.981862,-0.073414,0.091854,-0.090499,0.991651,0,0.82262,0.10188,49.357,0.204,-1,400.000,-1,375.000,900.000,325.000,325.000,300.000,300.000,-1,-1,-1,-1,750.000,625.000,-1,1000.000,2,0,2,0,0,0,0,0,0,2,2,2,2,0,0,2,0
21,-7595.995,8177.107,242.939,189.594,-0.980275,0.165962,0.107319,-0.174389,-0.981851,-0.074543,0.093000,-0.091788,0.991426,0,0.83713,-0.01812,50.228,-0.036,-1,400.000,-1,375.000,875.000,325.000,325.000,300.000,300.000,-1,950.000,-1,-1,750.000,625.000,-1,975.000,2,0,2,0,0,0,0,0,0,2,0,2,2,0,0,2,0
22,-7646.439,8168.830,247.686,189.318,-0.980919,0.161212,0.108664,-0.169869,-0.982553,-0.075727,0.094560,-0.092740,0.991190,0,0.85196,-0.13812,51.118,-0.276,-1,400.000,-1,375.000,875.000,325.000,325.000,300.000,300.000,-1,900.000,-1,-1,750.000,625.000,-1,975.000,2,0,2,0,0,0,0,0,0,2,0,2,2,0,0,2,0
23,-7697.852,8160.870,252.543,188.802,-0.982180,0.152344,0.110063,-0.161240,-0.983907,-0.076997,0.096561,-0.093371,0.990938,0,0.86707,-0.25812,52.024,-0.516,-1,400.000,-1,375.000,850.000,325.000,300.000,300.000,300.000,-1,825.000,1000.000,-1,725.000,625.000,-1,950.000,2,0,2,0,0,0,0,0,0,2,0,0,2,0,0,2,0
24,-7749.690,8153.543,257.477,188.045,-0.983946,0.139341,0.111513,-0.148486,-0.985804,-0.078369,0.099010,-0.093669,0.990668,0,0.87254,-0.37812,52.352,-0.756,-1,375.000,-1,350.000,825.000,325.000,300.000,300.000,300.000,-1,775.000,925.000,-1,725.000,600.000,-1,950.000,2,0,2,0,0,0,0,0,0,2,0,0,2,0,0,2,0
25,-7801.647,8147.119,262.482,187.049,-0.986052,0.122180,0.113020,-0.131586,-0.988082,-0.079864,0.101915,-0.093622,0.990378,0,0.87254,-0.49812,52.352,-0.996,-1,375.000,-1,350.000,825.000,300.000,300.000,300.000,300.000,-1,725.000,850.000,-1,725.000,600.000,-1,925.000,2,0,2,0,0,0,0,0,0,2,0,0,2,0,0,2,0
26,-7853.793,8141.703,267.718,185.930,-0.988091,0.102860,0.114435,-0.112585,-0.990251,-0.082027,0.104882,-0.093934,0.990039,0,0.87375,-0.55943,52.425,-1.119,-1,375.000,-1,350.000,800.000,300.000,300.000,300.000,300.000,-1,675.000,825.000,-1,700.000,600.000,-1,900.000,2,0,2,0,0,0,0,0,0,2,0,0,2,0,0,2,0
27,-7906.240,8137.295,273.936,184.804,-0.989638,0.083352,0.116915,-0.093701,-0.991879,-0.086003,0.108797,-0.096067,0.989411,0,0.87716,-0.56332,52.630,-1.127,-1,375.000,-1,350.000,825.000,300.000,300.000,300.000,300.000,-1,575.000,775.000,-1,700.000,600.000,-1,950.000,2,0,2,0,0,0,0,0,0,2,0,0,2,0,0,2,0
28,-7956.169,8134.299,280.567,183.437,-0.990984,0.059679,0.119958,-0.070409,-0.993691,-0.087299,0.113992,-0.094958,0.988933,0,0.83360,-0.68332,50.016,-1.367,-1,375.000,-1,350.000,875.000,300.000,300.000,300.000,300.000,-1,500.000,700.000,-1,725.000,600.000,-1,975.000,2,0,2,0,0,0,0,0,0,2,0,0,2,0,0,2,0
29,-8006.364,8132.699,287.355,181.830,-0.991887,0.031799,0.123085,-0.042914,-0.995131,-0.088726,0.119664,-0.093289,0.988422,0,0.83698,-0.80332,50.219,-1.607,-1,375.000,-1,350.000,925.000,300.000,300.000,300.000,300.000,-1,450.000,625.000,-1,725.000,600.000,-1,-1,2,0,2,0,0,0,0,0,0,2,0,0,2,0,0,2,2
30,-8056.798,8132.717,294.322,179.984,-0.991992,-0.000285,0.126300,-0.011214,-0.995849,-0.090323,0.125801,-0.091016,0.987871,0,0.84051,-0.92332,50.431,-1.847,-1,375.000,-1,350.000,950.000,300.000,300.000,325.000,300.000,-1,425.000,575.000,-1,725.000,600.000,-1,-1,2,0,2,0,0,0,0,0,0,2,0,0,2,0,0,2,2
31,-8107.424,8134.504,301.484,177.984,-0.990947,-0.035048,0.129600,0.023158,-0.995477,-0.092135,0.132243,-0.088300,0.987277,0,0.84425,-1.00000,50.655,-2.000,-1,375.000,-1,350.000,-1,300.000,300.000,325.000,325.000,-1,400.000,525.000,-1,725.000,625.000,-1,-1,2,0,2,0,2,0,0,0,0,2,0,0,2,0,0,2,2
32,-8158.194,8138.073,308.840,175.984,-0.988660,-0.069785,0.132968,0.057487,-0.993893,-0.094189,0.138729,-0.085477,0.986635,0,0.84821,-1.00000,50.893,-2.000,-1,375.000,-1,350.000,-1,300.000,300.000,325.000,325.000,-1,375.000,475.000,-1,750.000,625.000,-1,-1,2,0,2,0,2,0,0,0,0,2,0,0,2,0,0,2,2
33,-8209.057,8143.438,316.397,173.984,-0.985132,-0.104455,0.136393,0.091730,-0.991099,-0.096480,0.145257,-0.082534,0.985945,0,0.85237,-1.00000,51.142,-2.000,-1,375.000,-1,350.000,-1,300.000,300.000,325.000,325.000,-1,375.000,450.000,-1,750.000,625.000,-1,-1,2,0,2,0,2,0,0,0,0,2,0,0,2,0,0,2,2
34,-8259.960,8150.611,324.160,171.984,-0.980364,-0.139015,0.139862,0.125846,-0.987097,-0.099002,0.151820,-0.079457,0.985209,0,0.85671,-1.00000,51.402,-2.000,-1,375.000,-1,350.000,-1,300.000,300.000,325.000,325.000,-1,325.000,425.000,-1,750.000,650.000,-1,-1,2,0,2,0,2,0,0,0,0,2,0,0,2,0,0,2,2
35,-8310.848,8159.603,332.133,169.984,-0.974357,-0.173424,0.143362,0.159794,-0.981893,-0.101749,0.158412,-0.076231,0.984426,0,0.86123,-1.00000,51.674,-2.000,-1,400.000,-1,375.000,-1,300.000,300.000,325.000,325.000,-1,275.000,375.000,-1,750.000,650.000,-1,-1,2,0,2,0,2,0,0,0,0,2,0,0,2,0,0,2,2
36,-8361.668,8170.424,340.320,167.984,-0.967115,-0.207638,0.146883,0.193533,-0.975490,-0.104713,0.165026,-0.072843,0.983596,0,0.86594,-1.00000,51.956,-2.000,-1,400.000,-1,375.000,-1,325.000,300.000,325.000,325.000,-1,250.000,325.000,-1,750.000,675.000,-1,-1,2,0,2,0,2,0,0,0,0,2,0,0,2,0,0,2,2
37,-8412.364,8183.084,348.727,165.984,-0.958643,-0.241617,0.150413,0.227021,-0.967895,-0.107888,0.171652,-0.069279,0.982719,0,0.87083,-1.00000,52.250,-2.000,-1,400.000,-1,375.000,-1,325.000,300.000,300.000,325.000,-1,225.000,300.000,-1,775.000,675.000,-1,-1,2,0,2,0,2,0,0,0,0,2,0,0,2,0,0,2,2
38,-8462.879,8197.589,357.644,163.984,-0.949027,-0.275340,0.153415,0.260516,-0.959190,-0.109939,0.177425,-0.064368,0.982027,0,0.87590,-1.00000,52.554,-2.000,-1,400.000,-1,375.000,-1,325.000,300.000,325.000,325.000,-1,225.000,275.000,-1,800.000,675.000,-1,-1,2,0,2,0,2,0,0,0,0,2,0,0,2,0,0,2,2
39,-8513.156,8213.945,367.036,161.984,-0.938297,-0.308764,0.155767,0.293992,-0.949353,-0.110894,0.182117,-0.058257,0.981549,0,0.88115,-1.00000,52.869,-2.000,-1,400.000,-1,375.000,-1,325.000,300.000,325.000,325.000,-1,250.000,275.000,-1,875.000,675.000,-1,-1,2,0,2,0,2,0,0,0,0,2,0,0,2,0,0,2,2
40,-8563.138,8232.157,376.654,159.984,-0.926344,-0.341827,0.158245,0.327123,-0.938326,-0.111957,0.186755,-0.051945,0.981032,0,0.88657,-1.00000,53.194,-2.000,-1,400.000,-1,375.000,-1,325.000,300.000,325.000,325.000,-1,275.000,300.000,-1,975.000,700.000,-1,-1,2,0,2,0,2,0,0,0,0,2,0,0,2,0,0,2,2
41,-8612.764,8252.227,386.798,157.984,-0.913383,-0.374467,0.159704,0.359775,-0.926075,-0.113784,0.190506,-0.046471,0.980585,0,0.89216,-1.00000,53.530,-2.000,-1,400.000,-1,375.000,-1,325.000,300.000,325.000,325.000,-1,300.000,300.000,-1,-1,-1,-1,-1,2,0,2,0,2,0,0,0,0,2,0,0,2,2,2,2,2
42,-8661.976,8274.157,397.407,155.984,-0.899418,-0.406646,0.160272,0.391937,-0.912639,-0.116085,0.193476,-0.041593,0.980223,0,0.89793,-1.00000,53.876,-2.000,-1,400.000,-1,375.000,-1,325.000,325.000,325.000,325.000,-1,325.000,350.000,-1,-1,-1,-1,-1,2,0,2,0,2,0,0,0,0,2,0,0,2,2,2,2,2
43,-8706.169,8295.499,407.118,154.224,-0.886178,-0.434565,0.160752,0.419938,-0.899888,-0.117697,0.195806,-0.036795,0.979952,0,0.81793,-0.88000,49.076,-1.760,-1,400.000,-1,375.000,-1,325.000,325.000,325.000,325.000,-1,375.000,375.000,-1,-1,-1,-1,-1,2,0,2,0,2,0,0,0,0,2,0,0,2,2,2,2,2
44,-8747.700,8316.933,416.449,152.704,-0.874042,-0.458349,0.161144,0.443784,-0.888172,-0.119189,0.197754,-0.032663,0.979707,0,0.77891,-0.76000,46.735,-1.520,-1,400.000,-1,375.000,-1,325.000,325.000,325.000,325.000,-1,400.000,400.000,-1,-1,-1,-1,-1,2,0,2,0,2,0,0,0,0,2,0,0,2,2,2,2,2
45,-8789.012,8339.436,425.919,151.424,-0.863317,-0.478125,0.161494,0.463585,-0.877804,-0.120619,0.199431,-0.029267,0.979475,0,0.78404,-0.64000,47.043,-1.280,-1,400.000,-1,375.000,-1,325.000,325.000,325.000,325.000,-1,425.000,450.000,-1,-1,-1,-1,-1,2,0,2,0,2,0,0,0,0,2,0,0,2,2,2,2,2
46,-8830.168,8362.832,435.528,150.384,-0.854262,-0.494015,0.161819,0.479460,-0.869046,-0.121973,0.200885,-0.026611,0.979253,0,0.78902,-0.52000,47.341,-1.040,-1,400.000,-1,375.000,-1,325.000,325.000,325.000,325.000,-1,475.000,475.000,-1,-1,-1,-1,-1,2,0,2,0,2,0,0,0,0,2,0,0,2,2,2,2,2
47,-8871.241,8386.946,445.268,149.584,-0.847086,-0.506126,0.162118,0.491512,-0.862105,-0.123248,0.202142,-0.024718,0.979044,0,0.79379,-0.40000,47.627,-0.800,-1,400.000,-1,-1,-1,325.000,325.000,325.000,325.000,-1,475.000,500.000,-1,-1,-1,-1,-1,2,0,2,2,2,0,0,0,0,2,0,0,2,2,2,2,2
48,-8912.307,8411.599,455.136,149.024,-0.841949,-0.514541,0.162388,0.499823,-0.857141,-0.124446,0.203222,-0.023611,0.978848,0,0.79829,-0.28000,47.898,-0.560,-1,425.000,-1,-1,-1,325.000,325.000,325.000,325.000,-1,500.000,550.000,-1,-1,-1,-1,-1,2,0,2,2,2,0,0,0,0,2,0,0,2,2,2,2,2
49,-8953.449,8436.610,465.122,148.704,-0.838961,-0.519324,0.162624,0.504453,-0.854259,-0.125569,0.204134,-0.023311,0.978665,0,0.80245,-0.16000,48.147,-0.320,-1,450.000,-1,-1,-1,325.000,325.000,325.000,325.000,-1,525.000,575.000,-1,-1,-1,-1,-1,2,0,2,2,2,0,0,0,0,2,0,0,2,2,2,2,2
50,-8994.747,8461.795,475.213,148.624,-0.838187,-0.520509,0.162825,0.505427,-0.853522,-0.126663,0.204904,-0.023871,0.978491,0,0.80618,-0.04000,48.371,-0.080,-1,450.000,-1,-1,-1,325.000,325.000,325.000,325.000,-1,550.000,625.000,-1,-1,-1,-1,-1,2,0,2,2,2,0,0,0,0,2,0,0,2,2,2,2,2
51,-9036.277,8486.962,484.076,148.784,-0.839730,-0.518161,0.162364,0.504014,-0.855034,-0.122011,0.202048,-0.020623,0.979158,0,0.80937,0.08000,48.562,0.160,-1,475.000,-1,-1,-1,325.000,300.000,325.000,300.000,-1,650.000,700.000,-1,-1,-1,-1,-1,2,0,2,2,2,0,0,0,0,2,0,0,2,2,2,2,2
52,-9078.110,8511.910,490.598,149.184,-0.843698,-0.512267,0.160487,0.501215,-0.858777,-0.106232,0.192241,-0.009189,0.981305,0,0.81187,0.20000,48.712,0.400,-1,450.000,-1,-1,-1,325.000,-1,325.000,275.000,-1,875.000,875.000,-1,-1,-1,-1,-1,2,0,2,2,2,0,2,0,0,2,0,0,2,2,2,2,2
53,-9120.303,8536.439,495.797,149.824,-0.850593,-0.502663,0.154341,0.494784,-0.864482,-0.088657,0.177990,0.000955,0.984032,0,0.81353,0.32000,48.812,0.640,-1,425.000,-1,-1,-1,300.000,-1,350.000,275.000,-1,-1,-1,-1,-1,-1,-1,-1,2,0,2,2,2,0,2,0,1,2,2,2,2,2,2,2,2
54,-9167.054,8562.663,500.323,150.704,-0.860156,-0.489291,0.143966,0.484847,-0.872035,-0.066921,0.158287,0.012239,0.987317,0,0.89353,0.44000,53.612,0.880,-1,375.000,-1,-1,-1,275.000,-1,350.000,275.000,-1,-1,-1,-1,-1,-1,-1,-1,2,0,2,2,2,0,2,0,1,2,2,2,2,2,2,2,2
55,-9218.487,8590.332,504.395,151.713,-0.870922,-0.473707,0.130757,0.472873,-0.880251,-0.039355,0.133741,0.027556,0.990633,0,0.97353,0.50474,58.412,1.009,-1,325.000,-1,-1,-1,225.000,-1,375.000,275.000,-1,-1,-1,-1,-1,-1,-1,-1,2,0,2,2,2,0,2,0,1,2,2,2,2,2,2,2,2
56,-9271.800,8617.840,507.562,152.696,-0.881334,-0.458207,0.115313,0.460579,-0.887593,-0.006741,0.105440,0.047170,0.993306,0,1.00000,0.49126,60.000,0.983,-1,275.000,-1,-1,-1,200.000,-1,400.000,300.000,-1,-1,-1,-1,925.000,-1,-1,-1,2,0,2,2,2,0,2,0,1,2,2,2,2,0,2,2,2
57,-9325.567,8644.452,509.699,153.648,-0.891261,-0.442765,0.098049,0.447368,-0.893841,0.030184,0.074276,0.070766,0.994724,0,1.00000,0.47640,60.000,0.953,-1,225.000,-1,-1,-1,150.000,900.000,475.000,325.000,-1,-1,-1,-1,475.000,-1,-1,-1,2,0,2,2,2,0,1,0,1,2,2,2,2,0,2,2,2
58,-9379.757,8670.198,512.342,154.569,-0.900447,-0.427574,0.079850,0.432711,-0.899224,0.064473,0.044236,0.092606,0.994720,0,1.00000,0.46043,60.000,0.921,-1,175.000,-1,-1,-1,125.000,725.000,550.000,375.000,-1,-1,-1,-1,350.000,-1,-1,-1,2,0,2,2,2,0,1,0,1,2,2,2,2,0,2,2,2
59,-9434.341,8695.100,515.078,155.456,-0.908870,-0.412669,0.060496,0.416837,-0.903683,0.097998,0.014228,0.114284,0.993346,0,1.00000,0.44339,60.000,0.887,-1,150.000,-1,-1,-1,100.000,600.000,675.000,450.000,-1,-1,0.000,-1,250.000,-1,-1,-1,2,0,2,2,2,0,1,0,1,2,2,0,2,0,2,2,2
60,3607.640,-9511.016,-130.110,15.260,0.959444,-0.263178,0.101020,0.263075,0.964665,0.014580,-0.101288,0.012588,0.994778,1,0.00000,0.00000,59.521,0.851,1000.000,375.000,-1,375.000,-1,300.000,325.000,325.000,300.000,-1,-1,-1,775.000,650.000,650.000,975.000,-1,0,0,2,0,2,0,0,0,0,2,2,2,1,0,0,0,2
61,3603.015,-9512.298,-129.632,15.500,0.958316,-0.267215,0.101127,0.267130,0.963549,0.014639,-0.101352,0.012985,0.994766,0,-0.08000,0.12000,-4.800,0.240,1000.000,375.000,-1,375.000,-1,300.000,325.000,325.000,300.000,-1,-1,-1,775.000,650.000,650.000,975.000,-1,0,0,2,0,2,0,0,0,0,2,2,2,1,0,0,0,2
62,3593.786,-9514.941,-128.678,15.980,0.956009,-0.275275,0.101339,0.275224,0.961267,0.014757,-0.101476,0.013783,0.994742,0,-0.16000,0.24000,-9.600,0.480,-1,375.000,-1,375.000,-1,300.000,325.000,325.000,300.000,-1,-1,-1,750.000,650.000,650.000,975.000,-1,2,0,2,0,2,0,0,0,0,2,2,2,1,0,0,0,2
63,3582.892,-9518.210,-127.549,16.700,0.952428,-0.287328,0.101604,0.287332,0.957715,0.014909,-0.101591,0.014994,0.994713,0,-0.18956,0.36000,-11.374,0.720,-1,375.000,-1,375.000,-1,300.000,325.000,325.000,300.000,-1,-1,-1,750.000,650.000,650.000,1000.000,-1,2,0,2,0,2,0,0,0,0,2,2,2,1,0,0,0,2
64,3571.987,-9521.681,-126.416,17.660,0.947424,-0.303325,0.101891,0.303406,0.952742,0.015084,-0.101651,0.016623,0.994681,0,-0.19074,0.48000,-11.444,0.960,-1,375.000,-1,375.000,-1,300.000,325.000,325.000,300.000,-1,-1,-1,750.000,650.000,650.000,1000.000,-1,2,0,2,0,2,0,0,0,0,2,2,2,1,0,0,0,2
65,3561.072,-9525.410,-125.279,18.860,0.940796,-0.323200,0.102200,0.323377,0.946147,0.015290,-0.101637,0.018664,0.994646,0,-0.19224,0.60000,-11.534,1.200,-1,375.000,-1,375.000,-1,300.000,300.000,325.000,300.000,-1,-1,-1,725.000,650.000,650.000,1000.000,-1,2,0,2,0,2,0,0,0,0,2,2,2,1,0,0,0,2
66,3550.151,-9529.449,-124.136,20.300,0.932297,-0.346858,0.102529,0.347152,0.937680,0.015533,-0.101527,0.021112,0.994609,0,-0.19407,0.72000,-11.644,1.440,-1,375.000,-1,375.000,-1,300.000,300.000,325.000,300.000,-1,-1,-1,725.000,675.000,650.000,-1,-1,2,0,2,0,2,0,0,0,0,2,2,2,1,0,0,2,2
67,3539.233,-9533.855,-122.990,21.980,0.921634,-0.374175,0.102876,0.374607,0.927049,0.015821,-0.101291,0.023957,0.994568,0,-0.19623,0.84000,-11.774,1.680,-1,375.000,-1,375.000,-1,300.000,300.000,325.000,300.000,-1,-1,-1,725.000,675.000,650.000,-1,-1,2,0,2,0,2,0,0,0,0,2,2,2,1,0,0,2,2
68,3528.317,-9538.652,-121.838,23.727,0.909701,-0.402230,0.103222,0.402805,0.915144,0.016138,-0.100955,0.026897,0.994527,0,-0.19872,0.87339,-11.923,1.747,-1,375.000,-1,375.000,-1,300.000,300.000,325.000,300.000,-1,-1,-1,725.000,675.000,650.000,-1,-1,2,0,2,0,2,0,0,0,0,2,2,2,1,0,0,2,2
69,3517.412,-9543.846,-120.682,25.471,0.896938,-0.429858,0.103561,0.430575,0.902404,0.016473,-0.100535,0.029815,0.994487,0,-0.20132,0.87196,-12.079,1.744,-1,375.000,-1,375.000,-1,300.000,300.000,325.000,300.000,-1,-1,-1,700.000,675.000,650.000,-1,-1,2,0,2,0,2,0,0,0,0,2,2,2,1,0,0,2,2
70,3506.529,-9549.441,-119.521,27.212,0.883362,-0.457033,0.103889,0.457893,0.888848,0.016823,-0.100030,0.032710,0.994447,0,-0.20394,0.87047,-12.237,1.741,-1,375.000,-1,375.000,-1,300.000,300.000,325.000,300.000,-1,-1,-1,700.000,675.000,650.000,-1,-1,2,0,2,0,2,0,0,0,0,2,2,2,1,0,0,2,2
71,3495.682,-9555.440,-118.357,28.949,0.868991,-0.483732,0.104207,0.484734,0.874493,0.017184,-0.099441,0.035580,0.994407,0,-0.20659,0.86894,-12.395,1.738,-1,375.000,-1,375.000,-1,300.000,300.000,300.000,300.000,-1,-1,-1,700.000,675.000,650.000,-1,-1,2,0,2,0,2,0,0,0,0,2,2,2,1,0,0,2,2
72,3484.883,-9561.846,-117.190,30.684,0.853844,-0.509929,0.104514,0.511073,0.859358,0.017556,-0.098767,0.038424,0.994368,0,-0.20926,0.86735,-12.555,1.735,-1,375.000,-1,375.000,-1,300.000,300.000,300.000,300.000,-1,-1,-1,700.000,675.000,650.000,-1,-1,2,0,2,0,2,0,0,0,0,2,2,2,1,0,0,2,2
73,3474.147,-9568.662,-116.007,32.416,0.837948,-0.535599,0.104768,0.536893,0.843462,0.017841,-0.097923,0.041300,0.994337,0,-0.21194,0.86572,-12.717,1.731,-1,375.000,-1,375.000,-1,300.000,300.000,300.000,300.000,-1,-1,-1,725.000,675.000,650.000,-1,-1,2,0,2,0,2,0,0,0,0,2,2,2,1,0,0,2,2
74,3463.487,-9575.890,-114.817,34.144,0.821379,-0.560722,0.104538,0.562179,0.826825,0.017762,-0.096394,0.044179,0.994362,0,-0.21465,0.86403,-12.879,1.728,-1,375.000,-1,375.000,-1,300.000,300.000,300.000,300.000,-1,-1,-1,725.000,675.000,650.000,-1,-1,2,0,2,0,2,0,0,0,0,2,2,2,1,0,0,2,2
75,3452.917,-9583.531,-113.633,35.868,0.804098,-0.585276,0.104299,0.586894,0.809471,0.017669,-0.094768,0.047005,0.994389,0,-0.21738,0.86229,-13.043,1.725,-1,375.000,-1,375.000,-1,300.000,300.000,300.000,300.000,-1,-1,-1,725.000,675.000,675.000,-1,-1,2,0,2,0,2,0,0,0,0,2,2,2,1,0,0,2,2
76,3442.450,-9591.587,-112.456,37.589,0.786129,-0.609240,0.104052,0.611018,0.791422,0.017560,-0.093048,0.049773,0.994417,0,-0.22012,0.86050,-13.207,1.721,-1,375.000,-1,375.000,-1,300.000,300.000,300.000,300.000,-1,-1,-1,725.000,700.000,675.000,-1,-1,2,0,2,0,2,0,0,0,0,2,2,2,1,0,0,2,2
77,3432.101,-9600.057,-111.288,39.307,0.767494,-0.632597,0.103799,0.634531,0.772701,0.017434,-0.091235,0.052483,0.994445,0,-0.22288,0.85866,-13.373,1.717,-1,375.000,-1,375.000,-1,325.000,300.000,300.000,300.000,-1,-1,-1,750.000,700.000,675.000,-1,-1,2,0,2,0,2,0,0,0,0,2,2,2,1,0,0,2,2
78,3421.884,-9608.943,-110.129,41.020,0.748216,-0.655326,0.103541,0.657414,0.753332,0.017291,-0.089332,0.055132,0.994475,0,-0.22566,0.85677,-13.540,1.714,-1,400.000,-1,375.000,-1,325.000,300.000,300.000,300.000,-1,-1,-1,750.000,700.000,675.000,-1,-1,2,0,2,0,2,0,0,0,0,2,2,2,1,0,0,2,2
79,3411.813,-9618.242,-108.982,42.730,0.728319,-0.677411,0.103279,0.679649,0.733337,0.017129,-0.087341,0.057718,0.994505,0,-0.22845,0.85484,-13.707,1.710,-1,400.000,-1,375.000,-1,325.000,325.000,300.000,300.000,-1,-1,600.000,775.000,700.000,675.000,-1,-1,2,0,2,0,2,0,0,0,0,2,2,1,1,0,0,2,2
80,3405.426,-9624.451,-108.251,44.199,0.710698,-0.695909,0.103054,0.698270,0.715632,0.017032,-0.085602,0.059855,0.994530,0,-0.14845,0.73484,-8.907,1.470,-1,400.000,-1,375.000,-1,325.000,325.000,300.000,300.000,-1,-1,525.000,800.000,700.000,700.000,-1,-1,2,0,2,0,2,0,0,0,0,2,2,1,1,0,0,2,2
81,3402.543,-9627.376,-107.921,45.429,0.695594,-0.711032,0.102871,0.713490,0.700459,0.017007,-0.084149,0.061567,0.994549,0,-0.06845,0.61484,-4.107,1.230,-1,400.000,-1,375.000,-1,325.000,325.000,300.000,300.000,-1,-1,500.000,850.000,725.000,700.000,-1,-1,2,0,2,0,2,0,0,0,0,2,2,1,1,0,0,2,2
82,3403.020,-9626.874,-107.978,46.419,0.683204,-0.722965,0.102729,0.725494,0.688018,0.017058,-0.083012,0.062875,0.994563,0,0.01155,0.49484,0.693,0.990,-1,400.000,-1,375.000,-1,325.000,325.000,300.000,300.000,-1,-1,475.000,925.000,725.000,700.000,-1,-1,2,0,2,0,2,0,0,0,0,2,2,1,1,0,0,2,2
83,3406.754,-9622.845,-108.412,47.168,0.673680,-0.731862,0.102626,0.734436,0.678460,0.017186,-0.082206,0.063794,0.994572,0,0.09155,0.37484,5.493,0.750,-1,400.000,-1,375.000,-1,325.000,325.000,300.000,300.000,-1,-1,450.000,-1,725.000,700.000,-1,-1,2,0,2,0,2,0,0,0,0,2,2,1,2,0,0,2,2
84,3413.683,-9615.234,-109.219,47.678,0.667135,-0.737843,0.102558,0.740438,0.671899,0.017393,-0.081742,0.064334,0.994575,0,0.17155,0.25484,10.293,0.510,-1,400.000,-1,375.000,-1,325.000,325.000,300.000,300.000,-1,-1,450.000,-1,725.000,700.000,-1,-1,2,0,2,0,2,0,0,0,0,2,2,1,2,0,0,2,2
85,3423.793,-9604.027,-110.399,47.948,0.663645,-0.740989,0.102516,0.743581,0.668412,0.017675,-0.081620,0.064499,0.994574,0,0.25155,0.13484,15.093,0.270,-1,400.000,-1,375.000,-1,325.000,325.000,300.000,300.000,-1,-1,475.000,-1,700.000,700.000,-1,-1,2,0,2,0,2,0,0,0,0,2,2,1,2,0,0,2,2
86,3437.110,-9589.249,-111.954,47.978,0.663251,-0.741345,0.102494,0.743909,0.668037,0.018028,-0.081835,0.064289,0.994570,0,0.33155,0.01484,19.893,0.030,-1,400.000,-1,375.000,-1,325.000,325.000,300.000,300.000,-1,-1,500.000,-1,700.000,675.000,-1,-1,2,0,2,0,2,0,0,0,0,2,2,1,2,0,0,2,2
87,3453.708,-9570.965,-113.902,47.767,0.665954,-0.738915,0.102515,0.741428,0.670779,0.018444,-0.082393,0.063725,0.994560,0,0.41155,-0.10516,24.693,-0.210,-1,400.000,-1,375.000,-1,325.000,300.000,300.000,300.000,-1,-1,525.000,-1,700.000,675.000,-1,-1,2,0,2,0,2,0,0,0,0,2,2,1,2,0,0,2,2
88,3473.685,-9549.268,-116.242,47.365,0.671122,-0.734224,0.102516,0.736664,0.675994,0.018917,-0.083189,0.062824,0.994552,0,0.49155,-0.20134,29.493,-0.403,-1,400.000,-1,375.000,-1,325.000,300.000,300.000,300.000,-1,-1,575.000,-1,675.000,675.000,-1,-1,2,0,2,0,2,0,0,0,0,2,2,1,2,0,0,2,2
89,3497.086,-9524.200,-118.981,46.971,0.676151,-0.729607,0.102437,0.731964,0.681066,0.019444,-0.083952,0.061833,0.994549,0,0.57155,-0.19688,34.293,-0.394,-1,375.000,-1,375.000,-1,325.000,300.000,300.000,300.000,-1,-1,600.000,-1,675.000,650.000,-1,-1,2,0,2,0,2,0,0,0,0,2,2,1,2,0,0,2,2
90,3523.954,-9495.802,-122.122,46.587,0.681030,-0.725082,0.102245,0.727346,0.685979,0.020012,-0.084648,0.060738,0.994558,0,0.65155,-0.19169,39.093,-0.383,-1,375.000,-1,375.000,1000.000,300.000,300.000,300.000,300.000,-1,-1,675.000,-1,675.000,650.000,-1,1000.000,2,0,2,0,0,0,0,0,0,2,2,1,2,0,0,2,0
91,3554.326,-9464.114,-125.682,46.216,0.685753,-0.720674,0.101843,0.722830,0.690718,0.020617,-0.085203,0.059477,0.994587,0,0.73155,-0.18576,43.893,-0.372,-1,375.000,-1,375.000,975.000,300.000,300.000,300.000,300.000,-1,-1,725.000,-1,650.000,625.000,-1,950.000,2,0,2,0,0,0,0,0,0,2,2,1,2,0,0,2,0
92,3588.005,-9429.413,-129.683,45.858,0.690390,-0.716410,0.100592,0.718439,0.695277,0.020881,-0.084899,0.057854,0.994709,0,0.80595,-0.17910,48.357,-0.358,-1,375.000,-1,375.000,950.000,300.000,300.000,300.000,300.000,-1,-1,775.000,-1,650.000,625.000,-1,925.000,2,0,2,0,0,0,0,0,0,2,2,1,2,0,0,2,0
93,3622.121,-9394.679,-133.553,45.514,0.694840,-0.712268,0.099359,0.714250,0.699598,0.020250,-0.083935,0.056897,0.994846,0,0.81143,-0.17175,48.686,-0.344,-1,375.000,-1,375.000,925.000,300.000,300.000,300.000,325.000,-1,-1,825.000,-1,625.000,625.000,-1,900.000,2,0,2,0,0,0,0,0,0,2,2,1,2,0,0,2,0
94,3656.670,-9359.906,-137.433,45.185,0.699093,-0.708278,0.098041,0.710224,0.703707,0.019460,-0.082775,0.056027,0.994992,0,0.81698,-0.16434,49.019,-0.329,-1,375.000,-1,375.000,900.000,300.000,300.000,300.000,325.000,-1,-1,875.000,-1,625.000,600.000,-1,875.000,2,0,2,0,0,0,0,0,0,2,2,1,2,0,0,2,0
95,3691.648,-9325.085,-141.313,44.872,0.703149,-0.704446,0.096629,0.706362,0.707607,0.018551,-0.081443,0.055211,0.995148,0,0.82260,-0.15687,49.356,-0.314,-1,375.000,-1,375.000,875.000,300.000,300.000,300.000,325.000,-1,-1,925.000,-1,625.000,600.000,1000.000,850.000,2,0,2,0,0,0,0,0,0,2,2,1,2,0,0,0,0
96,3727.050,-9290.207,-145.175,44.573,0.707009,-0.700779,0.095110,0.702666,0.711302,0.017600,-0.079986,0.054387,0.995311,0,0.82829,-0.14933,49.697,-0.299,1000.000,350.000,-1,350.000,875.000,300.000,300.000,300.000,325.000,-1,-1,975.000,-1,625.000,600.000,975.000,850.000,0,0,2,0,0,0,0,0,0,2,2,1,2,0,0,0,0
97,3762.872,-9255.263,-148.872,44.290,0.710686,-0.697261,0.093558,0.699180,0.714770,0.015859,-0.077930,0.054143,0.995488,0,0.83405,-0.14173,50.043,-0.283,975.000,350.000,-1,350.000,850.000,300.000,300.000,325.000,325.000,-1,-1,-1,-1,600.000,575.000,950.000,825.000,0,0,2,0,0,0,0,0,0,2,2,2,2,0,0,0,0
98,3799.107,-9220.244,-152.438,44.021,0.714177,-0.693901,0.091942,0.695895,0.718017,0.013498,-0.075383,0.054342,0.995673,0,0.83987,-0.13407,50.392,-0.268,975.000,350.000,-1,350.000,825.000,300.000,300.000,325.000,325.000,-1,-1,-1,-1,600.000,575.000,925.000,800.000,0,0,2,0,0,0,0,0,0,2,2,2,2,0,0,0,0
99,3835.752,-9185.140,-155.973,43.769,0.717474,-0.690720,0.090204,0.692782,0.721062,0.011065,-0.072686,0.054553,0.995862,0,0.84577,-0.12634,50.746,-0.253,950.000,350.000,-1,350.000,800.000,300.000,300.000,325.000,325.000,-1,-1,-1,-1,600.000,575.000,900.000,775.000,0,0,2,0,0,0,0,0,0,2,2,2,2,0,0,0,0
100,3874.001,-9148.516,-159.378,43.756,0.717979,-0.690571,0.087279,0.692646,0.721226,0.008619,-0.068900,0.054265,0.996147,0,0.88261,-0.00634,52.957,-0.013,950.000,350.000,-1,350.000,775.000,300.000,300.000,325.000,325.000,-1,525.000,650.000,-1,600.000,550.000,875.000,775.000,0,0,2,0,0,0,0,0,0,2,0,0,2,0,0,0,0
101,3908.931,-9115.366,-162.099,43.503,0.721474,-0.687448,0.083002,0.689419,0.724333,0.006540,-0.064617,0.052505,0.996528,0,0.80261,-0.12634,48.157,-0.253,925.000,350.000,-1,350.000,775.000,300.000,300.000,325.000,325.000,-1,400.000,450.000,-1,600.000,575.000,875.000,775.000,0,0,2,0,0,0,0,0,0,2,0,0,2,0,0,0,0
102,3940.609,-9085.764,-164.520,43.060,0.727172,-0.681892,0.079015,0.683757,0.729695,0.004610,-0.060800,0.050675,0.996863,0,0.72261,-0.22149,43.357,-0.443,925.000,350.000,-1,350.000,775.000,300.000,300.000,325.000,325.000,-1,350.000,375.000,-1,600.000,575.000,850.000,775.000,0,0,2,0,0,0,0,0,0,2,0,0,2,0,0,0,0
103,3968.981,-9059.656,-166.640,42.620,0.732740,-0.676323,0.075363,0.678086,0.734977,0.002927,-0.057369,0.048958,0.997152,0,0.64261,-0.22014,38.557,-0.440,925.000,350.000,-1,350.000,750.000,300.000,300.000,325.000,325.000,-1,325.000,350.000,-1,600.000,575.000,825.000,750.000,0,0,2,0,0,0,0,0,0,2,0,0,2,0,0,0,0
104,3994.055,-9036.935,-168.476,42.182,0.738189,-0.670733,0.072070,0.672401,0.740185,0.001491,-0.054345,0.047359,0.997398,0,0.56396,-0.21913,33.838,-0.438,900.000,350.000,-1,350.000,750.000,300.000,300.000,325.000,325.000,-1,300.000,325.000,-1,600.000,575.000,825.000,750.000,0,0,2,0,0,0,0,0,0,2,0,0,2,0,0,0,0
105,4019.249,-9014.454,-170.287,41.745,0.743568,-0.665121,0.068709,0.666692,0.745333,0.000095,-0.051274,0.045737,0.997637,0,0.56277,-0.21839,33.766,-0.437,875.000,350.000,-1,350.000,750.000,300.000,300.000,300.000,325.000,-1,275.000,300.000,-1,600.000,575.000,800.000,750.000,0,0,2,0,0,0,0,0,0,2,0,0,2,0,0,0,0
106,4044.557,-8992.213,-171.952,41.310,0.748837,-0.659471,0.065886,0.660974,0.750408,-0.001366,-0.048541,0.044572,0.997826,0,0.56153,-0.21779,33.692,-0.436,850.000,350.000,-1,350.000,750.000,300.000,300.000,300.000,325.000,-1,275.000,300.000,-1,575.000,575.000,800.000,725.000,0,0,2,0,0,0,0,0,0,2,0,0,2,0,0,0,0
107,4069.975,-8970.215,-173.537,40.875,0.754029,-0.653787,0.063274,0.655233,0.755421,-0.002845,-0.045939,0.043604,0.997992,0,0.56026,-0.21733,33.615,-0.435,850.000,350.000,-1,350.000,750.000,300.000,300.000,300.000,325.000,-1,275.000,275.000,-1,575.000,575.000,775.000,725.000,0,0,2,0,0,0,0,0,0,2,0,0,2,0,0,0,0
108,4095.499,-8948.461,-175.086,40.441,0.759160,-0.648072,0.060651,0.649460,0.760383,-0.004301,-0.043331,0.042656,0.998150,0,0.55895,-0.21702,33.537,-0.434,825.000,350.000,-1,350.000,750.000,300.000,300.000,300.000,325.000,-1,275.000,275.000,-1,575.000,575.000,775.000,725.000,0,0,2,0,0,0,0,0,0,2,0,0,2,0,0,0,0
109,4121.126,-8926.952,-176.599,40.007,0.764235,-0.642323,0.058018,0.643652,0.765297,-0.005735,-0.040717,0.041727,0.998299,0,0.55763,-0.21684,33.458,-0.434,800.000,350.000,-1,350.000,725.000,300.000,275.000,300.000,300.000,-1,250.000,250.000,-1,575.000,575.000,750.000,700.000,0,0,2,0,0,0,0,0,0,2,0,0,2,0,0,0,0
110,4146.854,-8905.688,-178.077,39.574,0.769256,-0.636537,0.055376,0.637804,0.770165,-0.007146,-0.038100,0.040816,0.998440,0,0.55630,-0.21681,33.378,-0.434,775.000,350.000,-1,350.000,725.000,275.000,275.000,300.000,300.000,-1,250.000,250.000,-1,575.000,575.000,750.000,700.000,0,0,2,0,0,0,0,0,0,2,0,0,2,0,0,0,0
111,4172.681,-8884.669,-179.519,39.140,0.774226,-0.630710,0.052726,0.631915,0.774991,-0.008533,-0.035480,0.039924,0.998573,0,0.55498,-0.21692,33.299,-0.434,775.000,350.000,-1,350.000,700.000,275.000,275.000,300.000,300.000,-1,225.000,250.000,-1,575.000,550.000,725.000,675.000,0,0,2,0,0,0,0,0,0,2,0,0,2,0,0,0,0
112,4198.605,-8863.896,-180.631,38.705,0.779171,-0.624814,0.050001,0.625995,0.779746,-0.011216,-0.031980,0.040040,0.998686,0,0.55368,-0.21717,33.221,-0.434,775.000,350.000,-1,350.000,700.000,275.000,275.000,300.000,300.000,-1,225.000,225.000,-1,575.000,550.000,725.000,675.000,0,0,2,0,0,0,0,0,0,2,0,0,2,0,0,0,0
113,4224.626,-8843.367,-181.304,38.270,0.784070,-0.618854,0.047467,0.620030,0.784443,-0.014546,-0.028234,0.040836,0.998767,0,0.55239,-0.21756,33.144,-0.435,775.000,350.000,-1,350.000,700.000,275.000,275.000,300.000,300.000,-1,225.000,225.000,-1,575.000,550.000,725.000,675.000,0,0,2,0,0,0,0,0,0,2,0,0,2,0,0,0,0
114,4254.494,-8819.967,-182.051,38.075,0.786370,-0.616154,0.044464,0.617302,0.786514,-0.018299,-0.023696,0.041838,0.998843,0,0.63239,-0.09756,37.944,-0.195,775.000,350.000,-1,350.000,700.000,300.000,300.000,300.000,300.000,-1,225.000,200.000,-1,575.000,550.000,750.000,675.000,0,0,2,0,0,0,0,0,0,2,0,0,2,0,0,0,0
115,4288.120,-8793.580,-182.843,38.120,0.786098,-0.616739,0.041024,0.617829,0.785991,-0.022499,-0.018368,0.043033,0.998905,0,0.71239,0.02244,42.744,0.045,800.000,350.000,-1,350.000,675.000,300.000,300.000,300.000,300.000,-1,200.000,200.000,-1,575.000,550.000,775.000,675.000,0,0,2,0,0,0,0,0,0,2,0,0,2,0,0,0,0
116,4325.376,-8764.045,-183.648,38.405,0.783243,-0.620602,0.037191,0.621595,0.782868,-0.027174,-0.012252,0.044401,0.998939,0,0.79239,0.14244,47.544,0.285,825.000,350.000,-1,350.000,675.000,300.000,300.000,325.000,300.000,-1,200.000,200.000,-1,575.000,550.000,775.000,675.000,0,0,2,0,0,0,0,0,0,2,0,0,2,0,0,0,0
117,4362.598,-8733.977,-184.308,38.930,0.777728,-0.627715,0.033367,0.628571,0.777109,-0.031626,-0.006078,0.045570,0.998943,0,0.79748,0.26244,47.849,0.525,850.000,350.000,-1,350.000,675.000,300.000,300.000,325.000,300.000,-1,200.000,200.000,-1,575.000,550.000,800.000,650.000,0,0,2,0,0,0,0,0,0,2,0,0,2,0,0,0,0
118,4399.390,-8703.437,-184.303,39.695,0.769419,-0.638059,0.029569,0.638743,0.768692,-0.033477,-0.001369,0.044645,0.999002,0,0.79693,0.38244,47.816,0.765,850.000,350.000,-1,350.000,650.000,300.000,300.000,325.000,300.000,-1,225.000,225.000,-1,575.000,550.000,800.000,650.000,0,0,2,0,0,0,0,0,0,2,0,0,2,0,0,0,0
119,4435.627,-8672.270,-184.173,40.700,0.758234,-0.651472,0.025789,0.651973,0.757419,-0.035325,0.003480,0.043599,0.999043,0,0.79662,0.50244,47.797,1.005,850.000,350.000,-1,350.000,650.000,300.000,300.000,325.000,300.000,-1,225.000,225.000,-1,575.000,550.000,800.000,650.000,0,0,2,0,0,0,0,0,0,2,0,0,2,0,0,0,0
120,4471.236,-8640.394,-183.918,41.833,0.745302,-0.666362,0.022043,0.666674,0.744419,-0.037238,0.008405,0.042449,0.999063,0,0.79653,0.56680,47.792,1.134,850.000,350.000,-1,350.000,650.000,300.000,300.000,325.000,300.000,-1,250.000,250.000,-1,575.000,550.000,825.000,650.000,0,0,2,0,0,0,0,0,0,2,0,0,2,0,0,0,0
121,4506.211,-8607.820,-183.426,42.964,0.732107,-0.680941,0.018392,0.681052,0.731150,-0.039856,0.013692,0.041705,0.999036,0,0.79658,0.56525,47.795,1.130,850.000,350.000,-1,325.000,650.000,300.000,300.000,325.000,325.000,-1,250.000,275.000,-1,575.000,550.000,825.000,650.000,0,0,2,0,0,0,0,0,0,2,0,0,2,0,0,0,0
122,4540.542,-8574.562,-182.086,44.091,0.718668,-0.695236,0.012744,0.695030,0.717655,-0.043641,0.021195,0.040221,0.998966,0,0.79665,0.56365,47.799,1.127,875.000,350.000,-1,350.000,675.000,300.000,300.000,325.000,325.000,-1,250.000,275.000,-1,575.000,550.000,850.000,700.000,0,0,2,0,0,0,0,0,0,2,0,0,2,0,0,0,0
123,4574.218,-8540.633,-180.498,45.215,0.704940,-0.709236,0.006644,0.708672,0.703934,-0.047552,0.029049,0.038230,0.998847,0,0.79674,0.56202,47.804,1.124,925.000,350.000,-1,350.000,700.000,300.000,300.000,325.000,325.000,-1,250.000,275.000,-1,600.000,550.000,875.000,750.000,0,0,2,0,0,0,0,0,0,2,0,0,2,0,0,0,0
124,4607.229,-8506.046,-178.823,46.336,0.690932,-0.722919,0.000863,0.721984,0.689977,-0.051681,0.036766,0.036332,0.998663,0,0.79685,0.56034,47.811,1.121,975.000,350.000,-1,350.000,750.000,300.000,300.000,325.000,300.000,1000.000,250.000,275.000,-1,600.000,575.000,925.000,775.000,0,0,2,0,0,0,0,0,0,0,0,0,2,0,0,0,0
125,4639.565,-8470.816,-177.061,47.453,0.676658,-0.736283,-0.004588,0.734961,0.675793,-0.056009,0.044339,0.034527,0.998420,0,0.79700,0.55863,47.820,1.117,-1,375.000,-1,350.000,775.000,300.000,300.000,325.000,300.000,975.000,250.000,275.000,-1,600.000,575.000,975.000,800.000,2,0,2,0,0,0,0,0,0,0,0,0,2,0,0,0,0
126,4668.167,-8438.681,-175.271,48.330,0.665216,-0.746592,-0.009354,0.744936,0.664484,-0.059426,0.050582,0.032563,0.998189,0,0.71700,0.43863,43.020,0.877,-1,375.000,-1,350.000,800.000,300.000,300.000,325.000,300.000,950.000,250.000,275.000,-1,625.000,575.000,1000.000,825.000,2,0,2,0,0,0,0,0,0,0,0,0,2,0,0,0,0
127,4693.258,-8409.850,-173.272,48.967,0.656793,-0.753968,-0.012488,0.752071,0.656166,-0.061923,0.054882,0.031278,0.998003,0,0.63700,0.31863,38.220,0.637,-1,375.000,-1,350.000,800.000,300.000,300.000,300.000,300.000,950.000,250.000,275.000,-1,625.000,575.000,-1,825.000,2,0,2,0,0,0,0,0,0,0,0,0,2,0,0,2,0
128,4715.023,-8384.489,-171.369,49.365,0.651494,-0.758513,-0.014619,0.756422,0.650934,-0.064115,0.058149,0.030713,0.997835,0,0.55700,0.19863,33.420,0.397,-1,375.000,-1,350.000,800.000,300.000,300.000,300.000,300.000,950.000,250.000,275.000,-1,625.000,600.000,-1,850.000,2,0,2,0,0,0,0,0,0,0,0,0,2,0,0,2,0
129,4733.602,-8362.719,-169.707,49.522,0.649358,-0.760305,-0.016466,0.758047,0.648857,-0.065950,0.060826,0.030343,0.997687,0,0.47700,0.07863,28.620,0.157,-1,375.000,-1,350.000,825.000,300.000,300.000,300.000,300.000,950.000,250.000,275.000,-1,625.000,600.000,-1,850.000,2,0,2,0,0,0,0,0,0,0,0,0,2,0,0,2,0
130,4749.091,-8344.622,-168.299,49.439,0.650407,-0.759371,-0.018070,0.756974,0.649958,-0.067414,0.062937,0.030168,0.997561,0,0.39700,-0.04137,23.820,-0.083,-1,375.000,-1,350.000,825.000,300.000,300.000,300.000,300.000,950.000,250.000,250.000,-1,625.000,600.000,-1,875.000,2,0,2,0,0,0,0,0,0,0,0,0,2,0,0,2,0
131,4761.536,-8330.239,-167.158,49.133,0.654420,-0.755881,-0.019452,0.753375,0.654014,-0.068504,0.064503,0.030175,0.997461,0,0.31700,-0.15336,19.020,-0.307,-1,375.000,-1,350.000,825.000,300.000,300.000,300.000,300.000,975.000,225.000,250.000,-1,625.000,600.000,-1,875.000,2,0,2,0,0,0,0,0,0,0,0,0,2,0,0,2,0
132,4770.898,-8319.535,-166.297,48.824,0.658448,-0.752347,-0.020522,0.749760,0.658073,-0.069284,0.065631,0.030233,0.997386,0,0.23700,-0.15427,14.220,-0.309,-1,375.000,-1,350.000,825.000,300.000,300.000,300.000,300.000,975.000,225.000,250.000,-1,625.000,600.000,-1,875.000,2,0,2,0,0,0,0,0,0,0,0,0,2,0,0,2,0
133,4777.138,-8312.479,-165.722,48.514,0.662484,-0.748774,-0.021281,0.746134,0.662131,-0.069759,0.066325,0.030336,0.997337,0,0.15700,-0.15497,9.420,-0.310,-1,375.000,-1,350.000,850.000,300.000,300.000,300.000,300.000,975.000,225.000,250.000,-1,625.000,600.000,-1,875.000,2,0,2,0,0,0,0,0,0,0,0,0,2,0,0,2,0
