timestep,x_cm,y_cm,z_cm,yaw_deg,basis_xx,basis_xy,basis_xz,basis_yx,basis_yy,basis_yz,basis_zx,basis_zy,basis_zz,teleport_flag,throttle_cmd,steering_cmd,cmd_move_cm,cmd_turn_deg,lidar_cm_0,lidar_cm_1,lidar_cm_2,lidar_cm_3,lidar_cm_4,lidar_cm_5,lidar_cm_6,lidar_cm_7,lidar_cm_8,lidar_cm_9,lidar_cm_10,lidar_cm_11,lidar_cm_12,lidar_cm_13,lidar_cm_14,lidar_cm_15,lidar_cm_16,lidar_class_0,lidar_class_1,lidar_class_2,lidar_class_3,lidar_class_4,lidar_class_5,lidar_class_6,lidar_class_7,lidar_class_8,lidar_class_9,lidar_class_10,lidar_class_11,lidar_class_12,lidar_class_13,lidar_class_14,lidar_class_15,lidar_class_16
0,-2947.137,-9509.512,-247.043,18.276,0.949532,-0.313591,-0.006983,0.313575,0.949557,-0.003411,0.007701,0.001049,0.999970,1,0.08000,0.12000,4.800,0.240,825.000,375.000,-1,400.000,-1,325.000,325.000,275.000,275.000,-1,900.000,650.000,925.000,675.000,750.000,825.000,-1,1,0,2,0,2,0,0,0,0,2,0,0,0,0,0,1,2
1,-2938.047,-9506.425,-247.006,18.756,0.946872,-0.321535,-0.006962,0.321515,0.946896,-0.003917,0.007852,0.001470,0.999968,0,0.16000,0.24000,9.600,0.480,825.000,375.000,-1,400.000,-1,325.000,325.000,275.000,275.000,-1,875.000,650.000,900.000,675.000,750.000,825.000,-1,1,0,2,0,2,0,0,0,0,2,0,0,0,0,0,1,2
2,-2924.471,-9501.624,-246.951,19.476,0.942757,-0.333408,-0.006908,0.333382,0.942780,-0.004696,0.008078,0.002125,0.999965,0,0.24000,0.36000,14.400,0.720,825.000,375.000,-1,400.000,-1,325.000,325.000,275.000,275.000,-1,850.000,625.000,900.000,675.000,750.000,800.000,-1,1,0,2,0,2,0,0,0,0,2,0,0,0,0,0,1,2
3,-2906.479,-9494.920,-246.880,20.436,0.937040,-0.349156,-0.006794,0.349122,0.937060,-0.005771,0.008382,0.003035,0.999960,0,0.32000,0.48000,19.200,0.960,825.000,375.000,-1,400.000,-1,325.000,325.000,275.000,275.000,-1,825.000,600.000,900.000,675.000,750.000,775.000,-1,1,0,2,0,2,0,0,0,0,2,0,0,0,0,0,1,2
4,-2884.170,-9486.071,-246.793,21.636,0.929524,-0.368702,-0.006584,0.368657,0.929538,-0.007164,0.008762,0.004232,0.999953,0,0.40000,0.60000,24.000,1.200,825.000,375.000,-1,400.000,-1,300.000,325.000,275.000,275.000,-1,800.000,575.000,900.000,675.000,725.000,750.000,-1,1,0,2,0,2,0,0,0,0,2,0,0,0,1,0,1,2
5,-2857.674,-9474.783,-246.690,23.076,0.919969,-0.391942,-0.006228,0.391883,0.919972,-0.008901,0.009218,0.005748,0.999941,0,0.48000,0.72000,28.800,1.440,800.000,375.000,-1,400.000,-1,300.000,325.000,275.000,275.000,-1,775.000,575.000,875.000,650.000,725.000,750.000,-1,1,0,2,0,2,0,0,0,0,2,0,0,0,1,0,1,2
6,-2827.162,-9460.712,-246.574,24.756,0.908089,-0.418740,-0.005665,0.418664,0.908074,-0.011004,0.009752,0.007621,0.999923,0,0.56000,0.84000,33.600,1.680,800.000,375.000,-1,400.000,-1,300.000,325.000,275.000,275.000,-1,750.000,550.000,875.000,625.000,700.000,725.000,-1,1,0,2,0,2,0,0,0,0,2,0,0,0,1,0,1,2
7,-2792.850,-9443.473,-246.445,26.676,0.893559,-0.448920,-0.004817,0.448826,0.893517,-0.013491,0.010361,0.009893,0.999897,0,0.64000,0.96000,38.400,1.920,800.000,375.000,-1,375.000,-1,300.000,300.000,275.000,275.000,-1,725.000,500.000,875.000,600.000,700.000,700.000,1000.000,1,0,2,0,2,0,0,0,0,2,0,0,0,1,0,1,1
8,-2754.924,-9422.788,-245.691,28.607,0.877916,-0.478779,-0.005895,0.478655,0.877874,-0.015080,0.012395,0.010418,0.999869,0,0.72000,0.96578,43.200,1.932,800.000,375.000,-1,375.000,-1,300.000,300.000,275.000,275.000,-1,675.000,475.000,875.000,575.000,700.000,675.000,925.000,1,0,2,0,2,0,0,0,0,2,0,0,0,1,0,1,1
9,-2713.582,-9398.398,-244.704,30.539,0.861268,-0.508098,-0.007328,0.507935,0.861233,-0.016740,0.014817,0.010695,0.999833,0,0.80000,0.96588,48.000,1.932,775.000,375.000,975.000,375.000,-1,300.000,300.000,300.000,275.000,-1,625.000,450.000,875.000,575.000,700.000,650.000,875.000,1,0,1,0,2,0,0,0,0,2,0,0,0,1,0,1,1
10,-2669.037,-9370.051,-243.509,32.471,0.843633,-0.536842,-0.009163,0.536626,0.843613,-0.018668,0.017752,0.010831,0.999784,0,0.88000,0.96595,52.800,1.932,750.000,375.000,925.000,375.000,950.000,300.000,300.000,300.000,300.000,-1,600.000,425.000,875.000,550.000,700.000,600.000,825.000,1,1,1,0,1,0,0,0,0,2,0,0,0,1,0,1,1
11,-2621.512,-9337.506,-242.159,34.403,0.825034,-0.564974,-0.011107,0.564692,0.825034,-0.020992,0.021023,0.011048,0.999718,0,0.96000,0.96593,57.600,1.932,725.000,375.000,850.000,375.000,825.000,300.000,325.000,300.000,300.000,-1,550.000,425.000,900.000,500.000,700.000,575.000,775.000,1,1,1,0,1,0,0,0,0,2,0,0,0,1,0,1,1
12,-2573.177,-9301.956,-240.753,36.334,0.805498,-0.592459,-0.012857,0.592097,0.805519,-0.023668,0.024379,0.011453,0.999637,0,1.00000,0.96578,60.000,1.932,700.000,350.000,775.000,375.000,725.000,300.000,325.000,300.000,300.000,-1,525.000,400.000,900.000,475.000,675.000,550.000,725.000,1,1,1,0,1,0,0,0,0,2,0,0,0,1,1,1,1
13,-2526.068,-9264.798,-239.308,38.265,0.785059,-0.619256,-0.014275,0.618799,0.785095,-0.026693,0.027737,0.012122,0.999542,0,1.00000,0.96534,60.000,1.931,675.000,325.000,675.000,375.000,650.000,300.000,325.000,300.000,300.000,-1,525.000,400.000,925.000,450.000,650.000,500.000,675.000,1,1,1,0,1,1,0,0,0,2,0,0,0,1,1,1,1
14,-2480.237,-9226.074,-237.545,40.194,0.763770,-0.645314,-0.015004,0.644713,0.763786,-0.031253,0.031628,0.014197,0.999399,0,1.00000,0.96446,60.000,1.929,650.000,300.000,625.000,400.000,600.000,275.000,325.000,300.000,300.000,-1,500.000,400.000,925.000,425.000,625.000,475.000,625.000,1,1,1,0,1,1,0,0,0,2,0,0,0,1,1,1,1
15,-2435.733,-9185.832,-235.782,42.120,0.741660,-0.670600,-0.015351,0.669836,0.741638,-0.035945,0.035490,0.016376,0.999236,0,1.00000,0.96312,60.000,1.926,625.000,300.000,550.000,400.000,550.000,275.000,300.000,300.000,300.000,-1,500.000,375.000,900.000,375.000,575.000,450.000,575.000,1,1,1,0,1,1,1,0,0,2,0,0,0,1,1,1,1
16,-2392.432,-9144.298,-234.027,43.807,0.721635,-0.692104,-0.015322,0.691161,0.721553,-0.040706,0.039228,0.018784,0.999054,0,1.00000,0.84312,60.000,1.686,600.000,275.000,475.000,375.000,500.000,250.000,275.000,300.000,300.000,-1,500.000,375.000,900.000,350.000,500.000,400.000,525.000,1,1,1,1,1,1,1,0,0,2,0,0,0,1,1,1,1
17,-2350.194,-9101.684,-232.100,45.253,0.703972,-0.710067,-0.015084,0.708966,0.703829,-0.044639,0.042314,0.020730,0.998889,0,1.00000,0.72312,60.000,1.446,525.000,250.000,425.000,325.000,450.000,225.000,250.000,300.000,300.000,-1,500.000,375.000,925.000,300.000,425.000,350.000,500.000,1,1,1,1,1,1,1,0,0,2,0,0,0,1,1,1,1
18,-2308.863,-9058.189,-228.711,46.459,0.688945,-0.724670,-0.014413,0.723331,0.688671,-0.050245,0.046337,0.024191,0.998633,0,1.00000,0.60312,60.000,1.206,475.000,225.000,350.000,275.000,400.000,200.000,225.000,300.000,300.000,-1,525.000,400.000,925.000,275.000,350.000,325.000,425.000,1,1,1,1,1,1,1,0,0,2,0,0,0,1,1,1,1
19,-2268.273,-9014.001,-223.737,47.425,0.676914,-0.735960,-0.012250,0.733970,0.676151,-0.064094,0.055454,0.034395,0.997869,0,1.00000,0.48312,60.000,0.966,450.000,200.000,300.000,225.000,375.000,175.000,200.000,325.000,275.000,-1,500.000,375.000,850.000,250.000,300.000,300.000,375.000,1,1,1,1,1,1,1,0,0,2,0,0,0,1,1,1,1
20,-2228.250,-8969.298,-217.808,48.152,0.668050,-0.744061,-0.009116,0.741110,0.666400,-0.081650,0.066827,0.047790,0.996619,0,1.00000,0.36312,60.000,0.726,400.000,175.000,275.000,200.000,325.000,150.000,175.000,350.000,275.000,-1,475.000,325.000,725.000,225.000,250.000,250.000,325.000,1,1,1,1,1,1,1,0,0,2,0,0,0,1,1,1,1
21,-2188.607,-8924.255,-209.107,48.638,0.662108,-0.749281,-0.013815,0.744405,0.659703,-0.103213,0.086450,0.058054,0.994563,0,1.00000,0.24312,60.000,0.486,375.000,150.000,250.000,175.000,275.000,150.000,150.000,400.000,275.000,-1,300.000,175.000,625.000,200.000,225.000,250.000,275.000,1,1,1,1,1,1,1,0,0,2,0,0,0,1,1,1,1
22,3608.568,-5575.146,296.861,-71.837,0.368087,0.863664,-0.344378,-0.919556,0.283341,-0.272275,-0.137578,0.416896,0.898482,1,0.00000,0.00000,60.000,0.246,-1,975.000,-1,350.000,175.000,525.000,375.000,175.000,175.000,300.000,-1,-1,850.000,-1,475.000,-1,250.000,2,0,2,1,0,0,1,1,0,1,2,2,0,2,0,2,0
23,-2946.947,-2952.407,83.471,-8.531,0.988453,0.148349,-0.030883,-0.148368,0.988931,0.001688,0.030791,0.002914,0.999522,1,0.08000,0.00451,4.800,0.009,-1,475.000,-1,300.000,250.000,375.000,275.000,275.000,450.000,550.000,175.000,325.000,-1,-1,400.000,-1,250.000,2,0,2,1,1,1,1,0,1,1,0,0,2,2,1,2,1
24,-2937.453,-2953.831,83.883,-8.527,0.988429,0.148273,-0.031975,-0.148232,0.988946,0.003664,0.032164,0.001118,0.999482,0,0.16000,0.00222,9.600,0.004,-1,475.000,-1,300.000,250.000,375.000,275.000,275.000,450.000,550.000,150.000,325.000,-1,-1,400.000,-1,250.000,2,0,2,1,1,1,1,0,1,1,0,0,2,2,1,2,1
25,-2923.212,-2955.967,84.509,-8.531,0.988363,0.148352,-0.033621,-0.148211,0.988933,0.006664,0.034237,-0.001604,0.999412,0,0.24000,-0.00231,14.400,-0.005,-1,500.000,-1,300.000,250.000,375.000,275.000,275.000,450.000,550.000,150.000,300.000,-1,-1,425.000,-1,250.000,2,0,2,1,1,1,1,0,1,1,0,0,2,2,1,2,1
26,-2904.225,-2958.822,85.360,-8.550,0.988238,0.148666,-0.035838,-0.148373,0.988873,0.010732,0.037034,-0.005289,0.999300,0,0.32000,-0.00915,19.200,-0.018,-1,500.000,-1,275.000,225.000,375.000,275.000,275.000,450.000,550.000,125.000,300.000,-1,-1,475.000,-1,250.000,2,0,2,1,1,1,1,0,1,1,0,0,2,2,1,2,1
27,-2880.494,-2962.405,86.447,-8.587,0.988037,0.149298,-0.038649,-0.148781,0.988742,0.015929,0.040592,-0.009988,0.999126,0,0.40000,-0.01844,24.000,-0.037,-1,500.000,-1,275.000,225.000,400.000,275.000,275.000,450.000,550.000,100.000,275.000,-1,-1,-1,-1,250.000,2,0,2,1,1,1,1,0,1,1,0,0,2,2,2,2,1
28,-2852.021,-2966.735,87.791,-8.647,0.987739,0.150334,-0.042085,-0.149500,0.988509,0.022333,0.044959,-0.015768,0.998864,0,0.48000,-0.03036,28.800,-0.061,-1,525.000,-1,275.000,225.000,400.000,275.000,275.000,450.000,550.000,100.000,250.000,-1,-1,-1,-1,225.000,2,0,2,1,1,1,1,0,1,1,0,0,2,2,2,2,1
29,-2818.810,-2971.839,89.412,-8.738,0.987321,0.151873,-0.046180,-0.150593,0.988139,0.030048,0.050195,-0.022713,0.998481,0,0.56000,-0.04519,33.600,-0.090,-1,525.000,-1,300.000,200.000,400.000,300.000,275.000,425.000,550.000,75.000,250.000,-1,-1,-1,-1,225.000,2,0,2,1,1,1,1,0,1,1,0,0,2,2,2,2,1
30,-2780.868,-2977.755,91.338,-8.864,0.986752,0.154021,-0.050972,-0.152125,0.987583,0.039204,0.056377,-0.030930,0.997930,0,0.64000,-0.06326,38.400,-0.127,-1,550.000,-1,325.000,200.000,425.000,325.000,275.000,400.000,525.000,50.000,225.000,-1,-1,-1,-1,225.000,2,0,2,1,1,1,1,0,1,1,0,0,2,2,2,2,1
31,-2738.202,-2984.537,93.602,-9.034,0.985997,0.156897,-0.056505,-0.154159,0.986782,0.049961,0.063597,-0.040551,0.997151,0,0.72000,-0.08502,43.200,-0.170,-1,575.000,-1,375.000,175.000,450.000,375.000,250.000,375.000,525.000,50.000,200.000,-1,-1,-1,-1,200.000,2,0,2,1,1,1,1,0,1,1,0,0,2,2,2,2,1
32,-2690.825,-2992.254,96.244,-9.256,0.985012,0.160637,-0.062823,-0.156755,0.985657,0.062523,0.071966,-0.051738,0.996064,0,0.80000,-0.11103,48.000,-0.222,-1,600.000,-1,475.000,175.000,475.000,425.000,250.000,350.000,450.000,25.000,200.000,-1,-1,-1,-1,200.000,2,0,2,1,1,1,1,0,1,0,0,0,2,2,2,2,1
33,-2638.753,-3001.000,99.219,-9.540,0.983747,0.165391,-0.069914,-0.159937,0.984078,0.077523,0.081622,-0.065081,0.994536,0,0.88000,-0.14198,52.800,-0.284,-1,625.000,-1,850.000,150.000,500.000,475.000,250.000,325.000,375.000,25.000,175.000,-1,-1,-1,-1,-1,2,0,2,1,1,1,1,0,1,0,0,0,2,2,2,2,2
34,3607.631,4919.491,130.887,5.988,0.993047,-0.104321,-0.054542,0.104602,0.994512,0.002308,0.054002,-0.007997,0.998509,1,0.00000,0.00000,57.600,-0.357,-1,375.000,-1,400.000,-1,300.000,300.000,325.000,325.000,-1,725.000,650.000,-1,775.000,825.000,-1,-1,2,0,2,0,2,0,0,0,0,2,0,0,2,0,0,2,2
35,3612.407,4919.972,131.140,5.748,0.993475,-0.100155,-0.054552,0.100424,0.994942,0.002210,0.054055,-0.007674,0.998508,0,0.08000,-0.12000,4.800,-0.240,-1,375.000,-1,400.000,-1,300.000,300.000,325.000,325.000,-1,725.000,650.000,-1,775.000,850.000,-1,-1,2,0,2,0,2,0,0,0,0,2,0,0,2,0,0,2,2
36,3621.966,4920.853,131.648,5.268,0.994280,-0.091816,-0.054571,0.092063,0.995751,0.002010,0.054154,-0.007023,0.998508,0,0.16000,-0.24000,9.600,-0.480,-1,375.000,-1,400.000,-1,300.000,300.000,325.000,325.000,-1,750.000,675.000,-1,775.000,850.000,-1,-1,2,0,2,0,2,0,0,0,0,2,0,0,2,0,0,2,2
37,3636.321,4921.995,132.412,4.548,0.995355,-0.079297,-0.054595,0.079508,0.996833,0.001703,0.054287,-0.006036,0.998507,0,0.24000,-0.36000,14.400,-0.720,-1,375.000,-1,400.000,-1,300.000,300.000,325.000,325.000,-1,775.000,675.000,-1,775.000,850.000,-1,-1,2,0,2,0,2,0,0,0,0,2,0,0,2,0,0,2,2
38,3655.483,4923.197,133.433,3.588,0.996544,-0.062585,-0.054622,0.062748,0.998029,0.001279,0.054434,-0.004703,0.998506,0,0.32000,-0.48000,19.200,-0.960,-1,375.000,-1,400.000,-1,300.000,300.000,325.000,325.000,-1,800.000,700.000,-1,775.000,850.000,-1,-1,2,0,2,0,2,0,0,0,0,2,0,0,2,0,0,2,2
39,3679.462,4924.197,134.712,2.388,0.997636,-0.041671,-0.054649,0.041773,0.999127,0.000725,0.054571,-0.003006,0.998505,0,0.40000,-0.60000,24.000,-1.200,-1,375.000,-1,400.000,-1,300.000,300.000,325.000,325.000,-1,850.000,750.000,-1,775.000,875.000,-1,-1,2,0,2,0,2,0,0,0,0,2,0,0,2,0,0,2,2
40,3708.258,4924.674,136.250,0.948,0.998367,-0.016549,-0.054674,0.016575,0.999863,0.000024,0.054666,-0.000930,0.998504,0,0.48000,-0.72000,28.800,-1.440,-1,375.000,-1,400.000,-1,300.000,325.000,325.000,325.000,-1,900.000,775.000,-1,800.000,875.000,-1,-1,2,0,2,0,2,0,0,0,0,2,0,0,2,0,0,2,2
41,3741.856,4924.245,138.045,-0.732,0.998421,0.012771,-0.054696,-0.012837,0.999917,-0.000848,0.054681,0.001549,0.998503,0,0.56000,-0.84000,33.600,-1.680,-1,400.000,-1,400.000,-1,300.000,325.000,325.000,325.000,-1,1000.000,850.000,-1,800.000,875.000,-1,-1,2,0,2,0,2,0,0,0,0,2,0,0,2,0,0,2,2
42,3780.215,4922.469,140.094,-2.652,0.997429,0.046265,-0.054720,-0.046439,0.998919,-0.001917,0.054572,0.004454,0.998500,0,0.64000,-0.96000,38.400,-1.920,-1,400.000,-1,400.000,-1,325.000,325.000,325.000,325.000,-1,-1,925.000,-1,800.000,900.000,-1,-1,2,0,2,0,2,0,0,0,0,2,2,0,2,0,0,2,2
43,3823.272,4918.966,142.393,-4.652,0.995201,0.081097,-0.054755,-0.081393,0.996677,-0.003197,0.054314,0.007638,0.998495,0,0.72000,-1.00000,43.200,-2.000,-1,400.000,-1,425.000,-1,325.000,325.000,325.000,325.000,-1,-1,-1,-1,800.000,925.000,-1,-1,2,0,2,0,2,0,0,0,0,2,2,2,2,0,0,2,2
44,3870.949,4913.407,144.933,-6.652,0.991756,0.115827,-0.054810,-0.116257,0.993208,-0.004707,0.053892,0.011040,0.998486,0,0.80000,-1.00000,48.000,-2.000,-1,400.000,-1,425.000,-1,325.000,325.000,325.000,325.000,-1,-1,-1,-1,825.000,950.000,-1,-1,2,0,2,0,2,0,0,0,0,2,2,2,2,0,0,2,2
45,3923.149,4905.465,147.601,-8.652,0.987122,0.150413,-0.054457,-0.150965,0.988520,-0.006135,0.052909,0.014277,0.998497,0,0.88000,-1.00000,52.800,-2.000,-1,400.000,-1,425.000,-1,325.000,325.000,325.000,325.000,-1,-1,-1,-1,850.000,975.000,-1,-1,2,0,2,0,2,0,0,0,0,2,2,2,2,0,0,2,2
46,3977.864,4895.175,150.186,-10.652,0.981328,0.184813,-0.053296,-0.185446,0.982628,-0.007148,0.051049,0.016898,0.998553,0,0.92791,-1.00000,55.674,-2.000,-1,400.000,-1,425.000,-1,325.000,325.000,325.000,325.000,-1,-1,-1,-1,875.000,975.000,-1,-1,2,0,2,0,2,0,0,0,0,2,2,2,2,0,0,2,2
47,4032.198,4882.979,152.615,-12.652,0.974351,0.218980,-0.051848,-0.219719,0.975522,-0.008925,0.048624,0.020088,0.998615,0,0.92810,-1.00000,55.686,-2.000,-1,400.000,-1,425.000,-1,325.000,325.000,300.000,325.000,-1,-1,-1,-1,875.000,975.000,-1,-1,2,0,2,0,2,0,0,0,0,2,2,2,2,0,0,2,2
48,4086.085,4868.892,154.959,-14.652,0.966185,0.252873,-0.050425,-0.253724,0.967212,-0.011147,0.045953,0.023564,0.998666,0,0.92830,-1.00000,55.698,-2.000,-1,400.000,-1,425.000,-1,325.000,325.000,300.000,300.000,-1,-1,-1,-1,875.000,1000.000,-1,-1,2,0,2,0,2,0,0,0,0,2,2,2,2,0,0,2,2
49,4139.459,4852.929,157.255,-16.652,0.956834,0.286448,-0.049161,-0.287410,0.957711,-0.013612,0.043183,0.027153,0.998698,0,0.92850,-1.00000,55.710,-2.000,-1,400.000,-1,425.000,-1,325.000,325.000,325.000,300.000,-1,-1,-1,-1,900.000,1000.000,-1,-1,2,0,2,0,2,0,0,0,0,2,2,2,2,0,0,2,2
50,4187.922,4836.798,159.315,-18.412,0.947637,0.315697,-0.048154,-0.316758,0.948370,-0.016067,0.040596,0.030479,0.998711,0,0.85129,-0.88000,51.077,-1.760,-1,400.000,-1,425.000,-1,325.000,325.000,325.000,300.000,-1,-1,-1,-1,925.000,1000.000,-1,-1,2,0,2,0,2,0,0,0,0,2,2,2,2,0,0,2,2
51,4235.948,4819.384,161.322,-19.932,0.938980,0.340707,-0.047273,-0.341860,0.939565,-0.018685,0.038050,0.033706,0.998707,0,0.85144,-0.76000,51.086,-1.520,-1,400.000,-1,425.000,-1,325.000,325.000,325.000,300.000,-1,-1,-1,-1,925.000,1000.000,-1,-1,2,0,2,0,2,0,0,0,0,2,2,2,2,0,0,2,2
52,4283.575,4800.901,163.274,-21.212,0.931184,0.361570,-0.046504,-0.362809,0.931617,-0.021442,0.035571,0.036838,0.998688,0,0.85146,-0.64000,51.088,-1.280,-1,400.000,-1,425.000,-1,325.000,350.000,325.000,300.000,-1,-1,-1,-1,950.000,1000.000,-1,-1,2,0,2,0,2,0,0,0,0,2,2,2,2,0,0,2,2
53,4330.853,4781.558,165.040,-22.252,0.924543,0.378384,-0.045243,-0.379668,0.924812,-0.023987,0.032765,0.039354,0.998688,0,0.85136,-0.52000,51.081,-1.040,-1,425.000,-1,425.000,-1,325.000,350.000,325.000,300.000,-1,-1,-1,-1,950.000,1000.000,-1,-1,2,0,2,0,2,0,0,0,0,2,2,2,2,0,0,2,2
54,4377.843,4761.563,166.578,-23.052,0.919275,0.391232,-0.043249,-0.392508,0.919375,-0.026216,0.029506,0.041075,0.998720,0,0.85112,-0.40000,51.067,-0.800,-1,425.000,-1,425.000,-1,325.000,325.000,325.000,300.000,-1,-1,-1,-1,950.000,975.000,-1,-1,2,0,2,0,2,0,0,0,0,2,2,2,2,0,0,2,2
55,4424.615,4741.118,168.068,-23.612,0.915508,0.400171,-0.041323,-0.401432,0.915443,-0.028568,0.026397,0.042742,0.998737,0,0.85076,-0.28000,51.045,-0.560,-1,425.000,-1,425.000,-1,325.000,325.000,325.000,300.000,-1,-1,-1,-1,950.000,975.000,-1,-1,2,0,2,0,2,0,0,0,0,2,2,2,2,0,0,2,2
56,4471.245,4720.424,169.389,-23.932,0.913343,0.405258,-0.039626,-0.406490,0.913150,-0.030384,0.023871,0.043859,0.998753,0,0.85026,-0.16000,51.016,-0.320,-1,425.000,-1,425.000,-1,350.000,350.000,325.000,300.000,-1,-1,-1,-1,950.000,950.000,-1,-1,2,0,2,0,2,0,0,0,0,2,2,2,2,0,0,2,2
57,4517.812,4699.679,170.516,-24.012,0.912853,0.406525,-0.037918,-0.407709,0.912565,-0.031594,0.021759,0.044300,0.998781,0,0.84965,-0.04000,50.979,-0.080,-1,425.000,-1,425.000,-1,350.000,350.000,325.000,300.000,-1,-1,-1,-1,950.000,950.000,-1,-1,2,0,2,0,2,0,0,0,0,2,2,2,2,0,0,2,2
58,4564.397,4679.082,171.262,-23.852,0.914109,0.403993,-0.034563,-0.405040,0.913738,-0.032017,0.018647,0.043266,0.998890,0,0.84892,0.08000,50.935,0.160,-1,425.000,-1,425.000,-1,350.000,350.000,325.000,300.000,-1,-1,-1,-1,950.000,925.000,-1,-1,2,0,2,0,2,0,0,0,0,2,2,2,2,0,0,2,2
59,4611.068,4658.804,172.011,-23.484,0.916794,0.398129,-0.031336,-0.399049,0.916353,-0.032522,0.015767,0.042320,0.998980,0,0.84811,0.18408,50.887,0.368,-1,425.000,-1,425.000,-1,350.000,325.000,325.000,300.000,-1,-1,-1,-1,925.000,925.000,-1,-1,2,0,2,0,2,0,0,0,0,2,2,2,2,0,0,2,2
60,4657.823,4638.847,172.732,-23.114,0.919438,0.392218,-0.028269,-0.393020,0.918935,-0.033084,0.013001,0.041529,0.999053,0,0.84726,0.18497,50.835,0.370,-1,425.000,-1,425.000,-1,325.000,325.000,300.000,325.000,-1,-1,-1,-1,900.000,900.000,-1,-1,2,0,2,0,2,0,0,0,0,2,2,2,2,0,0,2,2
61,4704.663,4619.213,173.279,-22.741,0.922032,0.386241,-0.025971,-0.386963,0.921467,-0.034039,0.010784,0.041435,0.999083,0,0.84649,0.18612,50.789,0.372,-1,425.000,-1,425.000,-1,325.000,325.000,300.000,325.000,-1,-1,-1,-1,900.000,900.000,-1,-1,2,0,2,0,2,0,0,0,0,2,2,2,2,0,0,2,2
62,4751.595,4599.902,173.536,-22.366,0.924616,0.380184,-0.023342,-0.380821,0.923935,-0.036324,0.007757,0.042475,0.999067,0,0.84583,0.18753,50.750,0.375,-1,425.000,-1,425.000,-1,325.000,325.000,300.000,325.000,-1,-1,-1,-1,875.000,875.000,-1,-1,2,0,2,0,2,0,0,0,0,2,2,2,2,0,0,2,2
63,4798.624,4580.913,173.736,-21.988,0.927177,0.374053,-0.020671,-0.374595,0.926373,-0.038873,0.004608,0.043785,0.999030,0,0.84530,0.18919,50.718,0.378,-1,400.000,-1,400.000,-1,325.000,325.000,325.000,325.000,-1,-1,-1,-1,875.000,850.000,-1,-1,2,0,2,0,2,0,0,0,0,2,2,2,2,0,0,2,2
64,4845.757,4562.247,173.955,-21.606,0.929712,0.367843,-0.018056,-0.368283,0.928795,-0.041330,0.001568,0.045075,0.998982,0,0.84491,0.19110,50.694,0.382,-1,400.000,-1,400.000,-1,325.000,325.000,325.000,325.000,-1,-1,-1,-1,850.000,825.000,-1,-1,2,0,2,0,2,0,0,0,0,2,2,2,2,0,0,2,2
65,4893.001,4543.904,174.100,-21.219,0.932220,0.361555,-0.015644,-0.361891,0.931217,-0.043237,-0.001065,0.045968,0.998942,0,0.84468,0.19326,50.681,0.387,-1,400.000,-1,400.000,-1,325.000,325.000,325.000,325.000,-1,-1,-1,-1,850.000,800.000,-1,-1,2,0,2,0,2,0,0,0,0,2,2,2,2,0,0,2,2
66,4940.367,4525.885,174.131,-20.828,0.934700,0.355181,-0.013506,-0.355424,0.933650,-0.044397,-0.003159,0.046298,0.998923,0,0.84462,0.19566,50.677,0.391,-1,400.000,-1,400.000,-1,325.000,325.000,325.000,325.000,-1,-1,-1,-1,825.000,775.000,-1,-1,2,0,2,0,2,0,0,0,0,2,2,2,2,0,0,2,2
67,4987.863,4508.191,174.180,-20.431,0.937163,0.348705,-0.011439,-0.348855,0.936073,-0.045468,-0.005147,0.046602,0.998900,0,0.84476,0.19829,50.685,0.397,-1,400.000,-1,400.000,-1,325.000,325.000,325.000,325.000,-1,-1,-1,-1,825.000,775.000,-1,-1,2,0,2,0,2,0,0,0,0,2,2,2,2,0,0,2,2
68,5035.502,4490.825,174.247,-20.029,0.939609,0.342119,-0.009442,-0.342177,0.938486,-0.046455,-0.007032,0.046880,0.998876,0,0.84509,0.20116,50.705,0.402,-1,400.000,-1,400.000,-1,325.000,325.000,325.000,325.000,-1,-1,-1,-1,825.000,750.000,-1,-1,2,0,2,0,2,0,0,0,0,2,2,2,2,0,0,2,2
69,5083.294,4473.787,174.332,-19.621,0.942040,0.335416,-0.007515,-0.335384,0.940890,-0.047358,-0.008814,0.047133,0.998850,0,0.84564,0.20425,50.738,0.409,-1,400.000,-1,400.000,-1,325.000,325.000,325.000,325.000,-1,-1,-1,-1,800.000,750.000,-1,-1,2,0,2,0,2,0,0,0,0,2,2,2,2,0,0,2,2
70,5131.252,4457.082,174.436,-19.205,0.944457,0.328586,-0.005654,-0.328467,0.943286,-0.048180,-0.010498,0.047361,0.998823,0,0.84640,0.20757,50.784,0.415,-1,400.000,-1,375.000,-1,325.000,325.000,325.000,325.000,-1,-1,-1,-1,800.000,725.000,-1,-1,2,0,2,0,2,0,0,0,0,2,2,2,2,0,0,2,2
71,5179.387,4440.710,174.162,-18.783,0.946849,0.321647,-0.004554,-0.321498,0.945743,-0.047003,-0.010812,0.045968,0.998884,0,0.84739,0.21110,50.844,0.422,-1,400.000,-1,375.000,-1,325.000,325.000,325.000,325.000,-1,-1,-1,-1,800.000,725.000,-1,-1,2,0,2,0,2,0,0,0,0,2,2,2,2,0,0,2,2
72,5227.714,4424.676,173.784,-18.353,0.949229,0.314573,-0.003020,-0.314380,0.948211,-0.045399,-0.011417,0.044043,0.998964,0,0.84862,0.21486,50.917,0.430,-1,400.000,-1,375.000,-1,325.000,325.000,325.000,325.000,-1,-1,-1,-1,775.000,725.000,-1,-1,2,0,2,0,2,0,0,0,0,2,2,2,2,0,0,2,2
73,5276.246,4408.985,173.436,-17.916,0.951597,0.307346,-0.001560,-0.307117,0.950664,-0.043776,-0.011971,0.042136,0.999040,0,0.85009,0.21882,51.005,0.438,-1,400.000,-1,375.000,-1,325.000,325.000,300.000,325.000,-1,-1,-1,-1,775.000,725.000,-1,-1,2,0,2,0,2,0,0,0,0,2,2,2,2,0,0,2,2
74,5320.259,4394.923,172.994,-17.718,0.952646,0.304080,-0.000877,-0.303838,0.951766,-0.042711,-0.012153,0.040955,0.999087,0,0.77009,0.09882,46.205,0.198,-1,400.000,-1,375.000,-1,325.000,325.000,300.000,325.000,-1,-1,-1,-1,775.000,700.000,-1,-1,2,0,2,0,2,0,0,0,0,2,2,2,2,0,0,2,2
75,5359.691,4382.292,172.436,-17.761,0.952420,0.304789,-0.000893,-0.304552,0.951557,-0.042279,-0.012037,0.040540,0.999105,0,0.69009,-0.02118,41.405,-0.042,-1,400.000,-1,375.000,-1,325.000,325.000,300.000,325.000,-1,-1,-1,-1,775.000,700.000,-1,-1,2,0,2,0,2,0,0,0,0,2,2,2,2,0,0,2,2
76,5397.756,4369.892,171.905,-18.043,0.950906,0.309480,-0.000867,-0.309242,0.950059,-0.041926,-0.012152,0.040136,0.999120,0,0.66724,-0.14118,40.034,-0.282,-1,400.000,-1,375.000,-1,325.000,325.000,300.000,325.000,-1,-1,-1,-1,775.000,700.000,-1,-1,2,0,2,0,2,0,0,0,0,2,2,2,2,0,0,2,2
77,5435.728,4357.205,171.394,-18.475,0.948545,0.316641,-0.000854,-0.316401,0.947715,-0.041562,-0.012351,0.039694,0.999136,0,0.66724,-0.21603,40.034,-0.432,-1,400.000,-1,375.000,-1,325.000,300.000,300.000,325.000,-1,-1,-1,-1,775.000,700.000,-1,-1,2,0,2,0,2,0,0,0,0,2,2,2,2,0,0,2,2
78,5473.602,4344.233,170.898,-18.907,0.946131,0.323784,-0.000878,-0.323543,0.945317,-0.041186,-0.012506,0.039251,0.999151,0,0.66724,-0.21603,40.034,-0.432,-1,400.000,-1,375.000,-1,325.000,300.000,325.000,325.000,-1,-1,-1,-1,750.000,700.000,-1,-1,2,0,2,0,2,0,0,0,0,2,2,2,2,0,0,2,2
79,5511.377,4330.975,170.418,-19.339,0.943662,0.330909,-0.000938,-0.330669,0.942865,-0.040794,-0.012615,0.038806,0.999167,0,0.66724,-0.21603,40.034,-0.432,-1,400.000,-1,375.000,-1,325.000,300.000,325.000,325.000,-1,-1,-1,-1,750.000,700.000,-1,-1,2,0,2,0,2,0,0,0,0,2,2,2,2,0,0,2,2
80,5549.052,4317.432,169.955,-19.771,0.941140,0.338015,-0.001035,-0.337779,0.940359,-0.040387,-0.012679,0.038359,0.999184,0,0.66724,-0.21603,40.034,-0.432,-1,400.000,-1,375.000,-1,325.000,300.000,325.000,325.000,-1,-1,-1,-1,750.000,700.000,-1,-1,2,0,2,0,2,0,0,0,0,2,2,2,2,0,0,2,2
81,5586.623,4303.606,169.511,-20.203,0.938564,0.345102,-0.001167,-0.344871,0.937799,-0.039963,-0.012696,0.037910,0.999200,0,0.66724,-0.21603,40.034,-0.432,-1,400.000,-1,375.000,-1,325.000,300.000,325.000,325.000,-1,-1,-1,-1,750.000,675.000,-1,-1,2,0,2,0,2,0,0,0,0,2,2,2,2,0,0,2,2
82,5628.514,4287.630,169.035,-20.875,0.934452,0.356085,-0.001353,-0.355858,0.933706,-0.039481,-0.012795,0.037375,0.999219,0,0.74724,-0.33603,44.834,-0.672,-1,400.000,-1,375.000,-1,325.000,300.000,325.000,325.000,-1,-1,-1,-1,750.000,675.000,-1,-1,2,0,2,0,2,0,0,0,0,2,2,2,2,0,0,2,2
83,5672.503,4270.247,168.554,-21.562,0.930117,0.367261,-0.001611,-0.367041,0.929389,-0.038953,-0.012809,0.036822,0.999240,0,0.78831,-0.34344,47.299,-0.687,-1,375.000,-1,375.000,-1,325.000,300.000,325.000,325.000,-1,-1,-1,-1,750.000,675.000,-1,-1,2,0,2,0,2,0,0,0,0,2,2,2,2,0,0,2,2
84,5716.280,4252.338,168.096,-22.249,0.925647,0.378383,-0.001929,-0.378174,0.924938,-0.038399,-0.012745,0.036273,0.999261,0,0.78831,-0.34344,47.299,-0.687,-1,375.000,-1,375.000,-1,300.000,300.000,325.000,325.000,-1,-1,-1,-1,750.000,675.000,-1,-1,2,0,2,0,2,0,0,0,0,2,2,2,2,0,0,2,2
85,5759.840,4233.905,167.664,-22.936,0.921044,0.389452,-0.002307,-0.389255,0.920353,-0.037818,-0.012605,0.035730,0.999282,0,0.78831,-0.34344,47.299,-0.687,-1,375.000,-1,375.000,-1,300.000,300.000,325.000,325.000,-1,-1,-1,-1,725.000,675.000,-1,-1,2,0,2,0,2,0,0,0,0,2,2,2,2,0,0,2,2
86,5803.175,4214.952,167.143,-23.623,0.916305,0.400471,-0.002899,-0.400302,0.915651,-0.036627,-0.012013,0.034722,0.999325,0,0.78831,-0.34344,47.299,-0.687,-1,375.000,-1,375.000,-1,300.000,300.000,325.000,325.000,-1,-1,-1,-1,725.000,675.000,-1,-1,2,0,2,0,2,0,0,0,0,2,2,2,2,0,0,2,2
87,5846.280,4195.480,166.657,-24.310,0.911433,0.411433,-0.003616,-0.411295,0.910815,-0.035390,-0.011267,0.033743,0.999367,0,0.78831,-0.34344,47.299,-0.687,-1,375.000,-1,375.000,-1,300.000,300.000,325.000,325.000,-1,-1,-1,-1,725.000,675.000,-1,-1,2,0,2,0,2,0,0,0,0,2,2,2,2,0,0,2,2
88,5889.148,4175.493,166.219,-24.997,0.906429,0.422335,-0.004428,-0.422230,0.905845,-0.034168,-0.010420,0.032841,0.999406,0,0.78831,-0.34344,47.299,-0.687,-1,375.000,-1,375.000,-1,300.000,300.000,325.000,325.000,-1,-1,-1,-1,725.000,675.000,-1,-1,2,0,2,0,2,0,0,0,0,2,2,2,2,0,0,2,2
89,5931.774,4154.993,165.806,-25.683,0.901294,0.433177,-0.005216,-0.433103,0.900744,-0.032901,-0.009554,0.031913,0.999445,0,0.78831,-0.34344,47.299,-0.687,-1,375.000,-1,375.000,-1,300.000,300.000,325.000,325.000,-1,-1,-1,-1,725.000,675.000,-1,-1,2,0,2,0,2,0,0,0,0,2,2,2,2,0,0,2,2
90,5974.151,4133.984,165.399,-26.370,0.896028,0.443958,-0.005908,-0.443912,0.895514,-0.031556,-0.008719,0.030898,0.999485,0,0.78831,-0.34344,47.299,-0.687,-1,375.000,-1,375.000,-1,300.000,300.000,325.000,325.000,-1,900.000,-1,-1,725.000,675.000,-1,-1,2,0,2,0,2,0,0,0,0,2,0,2,2,0,0,2,2
91,6016.273,4112.469,165.006,-27.057,0.890632,0.454674,-0.006789,-0.454659,0.890151,-0.030266,-0.007718,0.030043,0.999519,0,0.78831,-0.34344,47.299,-0.687,-1,375.000,-1,375.000,-1,300.000,300.000,325.000,325.000,-1,800.000,-1,-1,725.000,675.000,-1,-1,2,0,2,0,2,0,0,0,0,2,0,2,2,0,0,2,2
92,6058.134,4090.450,164.667,-27.744,0.885107,0.465324,-0.007695,-0.465340,0.884658,-0.028954,-0.006665,0.029208,0.999551,0,0.78831,-0.34344,47.299,-0.687,-1,375.000,-1,375.000,-1,300.000,300.000,325.000,325.000,-1,725.000,825.000,-1,725.000,675.000,-1,-1,2,0,2,0,2,0,0,0,0,2,0,0,2,0,0,2,2
93,6099.728,4067.931,164.376,-28.431,0.879454,0.475907,-0.008620,-0.475952,0.879036,-0.027653,-0.005583,0.028422,0.999580,0,0.78831,-0.34344,47.299,-0.687,-1,375.000,-1,375.000,-1,300.000,300.000,325.000,325.000,-1,650.000,725.000,-1,725.000,675.000,-1,-1,2,0,2,0,2,0,0,0,0,2,0,0,2,0,0,2,2
94,6141.050,4044.915,164.140,-29.118,0.873672,0.486421,-0.009567,-0.486494,0.873287,-0.026341,-0.004458,0.027668,0.999607,0,0.78831,-0.34344,47.299,-0.687,-1,375.000,-1,375.000,-1,300.000,300.000,325.000,325.000,-1,575.000,650.000,-1,725.000,675.000,-1,-1,2,0,2,0,2,0,0,0,0,2,0,0,2,0,0,2,2
95,6182.092,4021.405,163.961,-29.805,0.867764,0.496864,-0.010535,-0.496965,0.867410,-0.025016,-0.003291,0.026944,0.999632,0,0.78831,-0.34344,47.299,-0.687,-1,375.000,-1,375.000,-1,300.000,300.000,325.000,325.000,-1,525.000,600.000,-1,725.000,675.000,-1,-1,2,0,2,0,2,0,0,0,0,2,0,0,2,0,0,2,2
96,6222.849,3997.405,163.839,-30.492,0.861730,0.507237,-0.011523,-0.507363,0.861407,-0.023678,-0.002084,0.026251,0.999653,0,0.78831,-0.34344,47.299,-0.687,-1,375.000,-1,375.000,-1,300.000,300.000,325.000,325.000,-1,475.000,525.000,-1,725.000,675.000,-1,-1,2,0,2,0,2,0,0,0,0,2,0,0,2,0,0,2,2
97,6263.316,3972.918,163.764,-31.178,0.855570,0.517535,-0.012522,-0.517686,0.855278,-0.022387,-0.000877,0.025636,0.999671,0,0.78831,-0.34344,47.299,-0.687,-1,375.000,-1,375.000,-1,300.000,300.000,325.000,325.000,-1,475.000,475.000,-1,725.000,675.000,-1,-1,2,0,2,0,2,0,0,0,0,2,0,0,2,0,0,2,2
98,6303.563,3947.901,163.736,-31.865,0.849289,0.527755,-0.013532,-0.527929,0.849025,-0.021151,0.000327,0.025107,0.999685,0,0.78980,-0.34335,47.388,-0.687,-1,375.000,-1,375.000,-1,300.000,300.000,325.000,325.000,-1,450.000,450.000,-1,725.000,675.000,-1,-1,2,0,2,0,2,0,0,0,0,2,0,0,2,0,0,2,2
99,6343.819,3922.204,163.768,-32.551,0.842892,0.537886,-0.014570,-0.538081,0.842658,-0.019897,0.001575,0.024611,0.999696,0,0.79599,-0.34288,47.759,-0.686,-1,375.000,-1,375.000,-1,300.000,300.000,325.000,325.000,-1,450.000,450.000,-1,725.000,675.000,-1,-1,2,0,2,0,2,0,0,0,0,2,0,0,2,0,0,2,2
100,6384.078,3895.824,163.887,-33.235,0.836386,0.547919,-0.015622,-0.548134,0.836181,-0.018737,0.002796,0.024234,0.999702,0,0.80220,-0.34223,48.132,-0.684,-1,375.000,-1,375.000,-1,300.000,300.000,325.000,325.000,-1,450.000,450.000,-1,725.000,675.000,-1,-1,2,0,2,0,2,0,0,0,0,2,0,0,2,0,0,2,2
101,6424.331,3868.756,164.080,-33.918,0.829775,0.557848,-0.016699,-0.558084,0.829598,-0.017587,0.004043,0.023913,0.999706,0,0.80844,-0.34139,48.507,-0.683,-1,375.000,-1,375.000,-1,300.000,300.000,325.000,325.000,-1,450.000,450.000,-1,725.000,675.000,-1,-1,2,0,2,0,2,0,0,0,0,2,0,0,2,0,0,2,2
102,6464.568,3841.000,164.309,-34.599,0.823063,0.567671,-0.017815,-0.567924,0.822920,-0.016248,0.005437,0.023491,0.999709,0,0.81470,-0.34036,48.882,-0.681,-1,375.000,-1,375.000,-1,300.000,300.000,325.000,325.000,-1,450.000,450.000,-1,725.000,700.000,-1,-1,2,0,2,0,2,0,0,0,0,2,0,0,2,0,0,2,2
103,6504.780,3812.552,164.603,-35.277,0.816257,0.577378,-0.018960,-0.577648,0.816151,-0.014842,0.006905,0.023067,0.999710,0,0.82096,-0.33912,49.258,-0.678,-1,375.000,-1,375.000,-1,300.000,300.000,325.000,325.000,-1,425.000,450.000,-1,725.000,700.000,-1,-1,2,0,2,0,2,0,0,0,0,2,0,0,2,0,0,2,2
104,6544.959,3783.412,164.963,-35.952,0.809365,0.586964,-0.020039,-0.587246,0.809297,-0.013418,0.008341,0.022628,0.999709,0,0.82722,-0.33767,49.633,-0.675,-1,375.000,-1,375.000,-1,300.000,300.000,325.000,325.000,-1,425.000,450.000,-1,725.000,700.000,-1,-1,2,0,2,0,2,0,0,0,0,2,0,0,2,0,0,2,2
105,6585.094,3753.578,165.388,-36.624,0.802396,0.596421,-0.021046,-0.596712,0.802366,-0.011979,0.009742,0.022171,0.999707,0,0.83348,-0.33599,50.009,-0.672,-1,375.000,-1,375.000,-1,300.000,300.000,325.000,325.000,-1,425.000,450.000,-1,725.000,700.000,-1,-1,2,0,2,0,2,0,0,0,0,2,0,0,2,1,0,2,2
106,6625.176,3723.052,165.884,-37.293,0.795357,0.605743,-0.021978,-0.606040,0.795365,-0.010529,0.011103,0.021694,0.999703,0,0.83971,-0.33407,50.383,-0.668,-1,375.000,-1,375.000,-1,325.000,300.000,325.000,325.000,-1,425.000,475.000,-1,700.000,725.000,-1,-1,2,0,2,0,2,0,0,0,0,2,0,0,2,1,0,2,2
107,6668.541,3688.925,166.491,-38.201,0.785624,0.618279,-0.022940,-0.618578,0.785672,-0.008957,0.012485,0.021227,0.999697,0,0.91971,-0.45407,55.183,-0.908,-1,375.000,-1,375.000,-1,325.000,300.000,325.000,325.000,-1,450.000,475.000,-1,700.000,725.000,1000.000,-1,2,0,2,0,2,0,0,0,0,2,0,0,2,1,0,1,2
108,6714.926,3650.894,167.227,-39.349,0.773043,0.633903,-0.023901,-0.634202,0.773133,-0.007279,0.013864,0.020785,0.999688,0,0.99971,-0.57407,59.983,-1.148,-1,400.000,-1,375.000,-1,325.000,325.000,325.000,325.000,-1,450.000,475.000,-1,675.000,750.000,900.000,-1,2,0,2,0,2,0,0,0,0,2,0,0,2,1,0,1,2
109,6760.389,3611.738,168.036,-40.737,0.757426,0.652452,-0.024747,-0.652747,0.757555,-0.005646,0.015063,0.020430,0.999678,0,1.00000,-0.69407,60.000,-1.388,-1,400.000,-1,375.000,-1,325.000,325.000,325.000,325.000,-1,475.000,475.000,-1,650.000,775.000,825.000,-1,2,0,2,0,2,0,0,0,0,2,0,0,2,1,0,1,2
110,6804.721,3571.307,168.856,-42.365,0.738558,0.673718,-0.025221,-0.674002,0.738718,-0.004045,0.015906,0.019987,0.999674,0,1.00000,-0.81407,60.000,-1.628,925.000,400.000,-1,375.000,-1,325.000,325.000,325.000,325.000,-1,475.000,500.000,-1,625.000,775.000,750.000,-1,1,0,2,0,2,0,0,0,0,2,0,0,2,1,0,1,2
111,6847.711,3529.452,169.605,-44.233,0.716181,0.697439,-0.025766,-0.697724,0.716360,-0.003074,0.016313,0.020179,0.999663,0,1.00000,-0.93407,60.000,-1.868,775.000,400.000,-1,400.000,-1,325.000,325.000,325.000,325.000,-1,500.000,525.000,-1,600.000,800.000,675.000,-1,1,0,2,0,2,0,0,0,0,2,0,0,2,1,0,1,2
112,6889.269,3486.174,170.371,-46.162,0.692281,0.721149,-0.026291,-0.721441,0.692472,-0.002426,0.016456,0.020647,0.999651,0,1.00000,-0.96445,60.000,-1.929,675.000,400.000,-1,400.000,-1,325.000,325.000,325.000,325.000,-1,550.000,550.000,-1,575.000,800.000,625.000,-1,1,0,2,0,2,0,0,0,0,2,0,0,2,1,0,1,2
113,6929.358,3441.533,171.191,-48.075,0.667803,0.743855,-0.026812,-0.744156,0.668003,-0.001977,0.016440,0.021273,0.999639,0,1.00000,-0.95655,60.000,-1.913,575.000,400.000,-1,400.000,-1,325.000,325.000,325.000,325.000,-1,575.000,575.000,-1,550.000,825.000,550.000,-1,1,0,2,0,2,0,0,0,0,2,0,0,2,1,0,1,2
114,6967.949,3395.590,172.040,-49.971,0.642818,0.765531,-0.027318,-0.765845,0.643024,-0.001611,0.016332,0.021957,0.999626,0,1.00000,-0.94774,60.000,-1.895,500.000,400.000,-1,400.000,-1,325.000,325.000,325.000,325.000,-1,625.000,600.000,-1,525.000,825.000,500.000,-1,1,1,2,0,2,0,0,0,0,2,0,0,2,1,0,1,2
115,7005.016,3348.408,172.845,-51.847,0.617401,0.786154,-0.027870,-0.786486,0.617606,-0.001576,0.015973,0.022892,0.999610,0,1.00000,-0.93797,60.000,-1.876,450.000,375.000,-1,400.000,-1,325.000,325.000,300.000,325.000,-1,675.000,650.000,-1,500.000,850.000,450.000,-1,1,1,2,0,2,0,0,0,0,2,0,0,2,1,0,1,2
116,7040.536,3300.052,173.430,-53.701,0.591636,0.805694,-0.028712,-0.806069,0.591816,-0.002678,0.014834,0.024729,0.999584,0,1.00000,-0.92723,60.000,-1.854,375.000,375.000,-1,400.000,-1,325.000,325.000,325.000,325.000,-1,750.000,700.000,-1,500.000,875.000,400.000,-1,1,1,2,0,2,0,0,0,0,2,0,0,2,1,0,1,2
117,7074.493,3250.586,174.022,-55.532,0.565593,0.824152,-0.029630,-0.824572,0.565744,-0.003842,0.013597,0.026605,0.999554,0,1.00000,-0.91549,60.000,-1.831,325.000,350.000,-1,400.000,-1,325.000,325.000,325.000,325.000,-1,850.000,775.000,-1,475.000,900.000,350.000,-1,1,1,2,0,2,0,0,1,0,2,0,0,2,1,0,1,2
118,7106.875,3200.074,174.621,-57.338,0.539353,0.841523,-0.030624,-0.841991,0.539468,-0.005063,0.012260,0.028516,0.999518,0,1.00000,-0.90274,60.000,-1.805,275.000,350.000,-1,400.000,-1,325.000,325.000,300.000,325.000,-1,975.000,875.000,-1,475.000,925.000,300.000,-1,1,1,2,0,2,0,0,1,0,2,0,0,2,1,0,1,2
119,7137.674,3148.582,175.173,-59.116,0.512991,0.857812,-0.031599,-0.858323,0.513073,-0.006084,0.010994,0.030243,0.999482,0,1.00000,-0.88899,60.000,-1.778,225.000,325.000,-1,400.000,-1,325.000,325.000,300.000,325.000,-1,-1,975.000,-1,450.000,950.000,275.000,-1,1,1,2,0,2,0,0,1,0,2,2,0,2,1,0,1,2
120,7166.890,3096.175,177.056,-60.864,0.486374,0.872855,-0.039558,-0.873637,0.486541,-0.005951,0.014052,0.037454,0.999200,0,1.00000,-0.87426,60.000,-1.749,225.000,350.000,-1,425.000,-1,350.000,350.000,275.000,300.000,-1,-1,875.000,-1,450.000,-1,275.000,-1,1,1,2,0,2,1,0,1,0,2,2,0,2,1,2,1,2
121,7194.524,3042.917,178.982,-62.581,0.459737,0.886772,-0.047713,-0.887889,0.460025,-0.005408,0.017153,0.044850,0.998846,0,1.00000,-0.85862,60.000,-1.717,225.000,350.000,-1,425.000,-1,350.000,350.000,275.000,300.000,-1,975.000,775.000,-1,475.000,-1,275.000,-1,1,1,2,0,2,1,0,1,0,2,0,0,2,1,2,1,2
122,7220.580,2988.870,180.781,-64.266,0.433193,0.899610,-0.055184,-0.901085,0.433618,-0.004645,0.019750,0.051738,0.998465,0,1.00000,-0.84215,60.000,-1.684,225.000,350.000,-1,450.000,-1,350.000,375.000,250.000,300.000,-1,925.000,650.000,-1,475.000,-1,275.000,-1,1,1,2,0,2,1,0,1,0,2,0,0,2,1,2,1,2
123,7245.070,2934.094,182.434,-65.916,0.406818,0.911399,-0.062051,-0.913247,0.407390,-0.003711,0.021897,0.058177,0.998066,0,1.00000,-0.82501,60.000,-1.650,225.000,350.000,-1,475.000,-1,350.000,375.000,250.000,300.000,-1,900.000,550.000,-1,475.000,-1,300.000,-1,1,1,2,0,2,1,0,1,0,2,0,0,2,1,2,1,2
124,7268.007,2878.651,183.831,-67.530,0.380653,0.922154,-0.068814,-0.924409,0.381395,-0.002518,0.023923,0.064571,0.997626,0,1.00000,-0.80738,60.000,-1.615,225.000,350.000,-1,500.000,-1,350.000,400.000,225.000,300.000,-1,825.000,450.000,-1,525.000,-1,300.000,-1,1,1,2,0,2,1,0,1,0,2,0,0,2,1,2,1,2
125,7289.294,2822.860,185.074,-69.121,0.354597,0.932016,-0.074886,-0.934673,0.355507,-0.001252,0.025455,0.070438,0.997191,0,0.99521,-0.79540,59.713,-1.591,225.000,350.000,-1,500.000,-1,375.000,400.000,200.000,275.000,-1,775.000,400.000,-1,700.000,-1,300.000,-1,1,1,2,0,2,1,0,1,0,2,0,0,2,1,2,1,2
126,7308.750,2767.294,186.139,-70.707,0.328387,0.941136,-0.080159,-0.944173,0.329449,0.000026,0.026433,0.075676,0.996782,0,0.98121,-0.79296,58.873,-1.586,225.000,375.000,-1,525.000,-1,375.000,425.000,200.000,275.000,-1,750.000,375.000,-1,-1,-1,300.000,-1,1,1,2,0,2,1,0,1,0,2,0,0,2,2,2,1,2
127,7326.392,2712.066,186.963,-72.290,0.302010,0.949518,-0.084884,-0.952922,0.303213,0.001352,0.027022,0.080480,0.996390,0,0.96628,-0.79141,57.977,-1.583,225.000,425.000,-1,550.000,-1,400.000,425.000,200.000,275.000,-1,725.000,350.000,-1,-1,-1,300.000,-1,1,1,2,0,2,1,0,1,0,2,0,0,2,2,2,1,2
128,7342.247,2657.259,187.161,-73.871,0.275438,0.957061,-0.090375,-0.960937,0.276759,0.002174,0.027092,0.086246,0.995905,0,0.95088,-0.79072,57.053,-1.581,225.000,450.000,-1,550.000,-1,425.000,450.000,175.000,275.000,-1,700.000,300.000,-1,-1,-1,-1,-1,1,1,2,0,2,1,0,1,0,2,0,0,2,2,2,2,2
129,7356.353,2602.930,186.816,-75.453,0.248785,0.963777,-0.096125,-0.968221,0.250090,0.001584,0.025567,0.092676,0.995368,0,0.93549,-0.79089,56.129,-1.582,-1,525.000,-1,550.000,-1,450.000,450.000,175.000,275.000,-1,725.000,275.000,-1,-1,-1,-1,-1,2,1,2,0,2,1,0,1,0,2,0,0,2,2,2,2,2
130,7368.089,2552.959,187.384,-76.795,0.226309,0.968458,-0.104274,-0.973834,0.227240,-0.003023,0.020767,0.102230,0.994544,0,0.85549,-0.67089,51.329,-1.342,-1,600.000,-1,550.000,-1,450.000,450.000,175.000,250.000,-1,-1,425.000,1000.000,-1,-1,-1,-1,2,1,2,0,2,1,0,1,0,2,2,0,0,2,2,2,2
131,7377.845,2507.463,186.153,-77.897,0.208636,0.972483,-0.103672,-0.977942,0.208540,-0.011882,0.010065,0.103864,0.994541,0,0.77549,-0.55089,46.529,-1.102,-1,600.000,-1,525.000,-1,450.000,450.000,175.000,250.000,-1,-1,-1,-1,-1,-1,-1,-1,2,1,2,0,2,1,0,1,0,2,2,2,2,2,2,2,2
132,7385.978,2466.534,184.795,-78.759,0.194895,0.975448,-0.102554,-0.980824,0.193878,-0.019892,0.000479,0.104465,0.994528,0,0.69549,-0.43089,41.729,-0.862,-1,625.000,-1,500.000,-1,450.000,425.000,175.000,250.000,-1,-1,-1,-1,-1,-1,-1,-1,2,1,2,0,2,1,0,1,0,2,2,2,2,2,2,2,2
133,7392.782,2430.236,183.472,-79.380,0.185073,0.977474,-0.101456,-0.982695,0.183277,-0.026825,-0.007626,0.104665,0.994478,0,0.61549,-0.31089,36.929,-0.622,-1,625.000,-1,500.000,-1,425.000,425.000,150.000,250.000,-1,-1,-1,-1,-1,-1,-1,-1,2,0,2,0,2,1,0,1,0,2,2,2,2,2,2,2,2
134,7398.491,2398.617,182.242,-79.762,0.179189,0.978674,-0.100445,-0.983712,0.176760,-0.032654,-0.014203,0.104660,0.994407,0,0.53549,-0.19089,32.129,-0.382,-1,600.000,-1,475.000,-1,425.000,400.000,150.000,250.000,-1,-1,-1,-1,-1,-1,-1,-1,2,0,2,0,2,1,0,1,0,2,2,2,2,2,2,2,2
