timestep,x_cm,y_cm,z_cm,yaw_deg,basis_xx,basis_xy,basis_xz,basis_yx,basis_yy,basis_yz,basis_zx,basis_zy,basis_zz,teleport_flag,throttle_cmd,steering_cmd,cmd_move_cm,cmd_turn_deg,lidar_cm_0,lidar_cm_1,lidar_cm_2,lidar_cm_3,lidar_cm_4,lidar_cm_5,lidar_cm_6,lidar_cm_7,lidar_cm_8,lidar_cm_9,lidar_cm_10,lidar_cm_11,lidar_cm_12,lidar_cm_13,lidar_cm_14,lidar_cm_15,lidar_cm_16,lidar_class_0,lidar_class_1,lidar_class_2,lidar_class_3,lidar_class_4,lidar_class_5,lidar_class_6,lidar_class_7,lidar_class_8,lidar_class_9,lidar_class_10,lidar_class_11,lidar_class_12,lidar_class_13,lidar_class_14,lidar_class_15,lidar_class_16
0,-2946.898,-4263.220,145.614,-172.386,-0.990568,0.129233,0.045548,-0.136082,-0.966741,-0.216548,0.016048,-0.220704,0.975209,1,-0.08000,-0.12000,-4.800,-0.240,125.000,250.000,-1,400.000,-1,250.000,300.000,200.000,625.000,750.000,-1,275.000,175.000,375.000,750.000,125.000,-1,0,0,2,0,2,0,0,0,0,1,2,1,1,0,0,0,2
1,-2937.373,-4262.041,145.730,-172.866,-0.991786,0.121010,0.041446,-0.127221,-0.966834,-0.221464,0.013272,-0.224918,0.974287,0,-0.16000,-0.24000,-9.600,-0.480,100.000,250.000,-1,400.000,-1,250.000,300.000,200.000,650.000,725.000,-1,300.000,175.000,375.000,750.000,125.000,-1,0,0,2,0,2,0,0,0,0,1,2,1,1,0,0,0,2
2,-2923.065,-4260.453,145.837,-173.586,-0.993449,0.108692,0.035285,-0.113898,-0.966859,-0.228497,0.009280,-0.231019,0.972905,0,-0.24000,-0.36000,-14.400,-0.720,100.000,250.000,-1,400.000,-1,250.000,300.000,200.000,675.000,725.000,-1,-1,175.000,350.000,750.000,125.000,-1,0,0,2,0,2,0,0,0,0,1,2,2,1,0,0,0,2
3,-2907.712,-4259.006,145.818,-174.546,-0.995325,0.092348,0.028288,-0.096418,-0.967184,-0.235074,0.005651,-0.236702,0.971566,0,-0.25710,-0.48000,-15.426,-0.960,100.000,250.000,-1,400.000,-1,250.000,300.000,200.000,700.000,725.000,-1,-1,150.000,350.000,725.000,100.000,-1,0,0,2,0,2,0,0,0,0,1,2,2,1,0,0,0,2
4,-2892.455,-4257.827,145.661,-175.512,-0.996883,0.075933,0.021407,-0.078855,-0.967341,-0.240903,0.002415,-0.241840,0.970313,0,-0.25515,-0.48291,-15.309,-0.966,75.000,250.000,-1,400.000,-1,250.000,300.000,200.000,725.000,700.000,-1,-1,150.000,350.000,725.000,100.000,-1,0,0,2,0,2,0,0,0,0,1,2,2,1,0,0,0,2
5,-2877.311,-4256.912,145.359,-176.481,-0.998121,0.059485,0.014704,-0.061273,-0.967342,-0.245957,-0.000407,-0.246396,0.969169,0,-0.25295,-0.48473,-15.177,-0.969,75.000,250.000,-1,400.000,-1,250.000,300.000,200.000,750.000,700.000,-1,-1,150.000,350.000,725.000,100.000,-1,0,0,2,0,2,0,0,0,0,1,2,2,1,0,0,0,2
6,-2862.302,-4256.258,144.904,-177.454,-0.999041,0.043005,0.008237,-0.043697,-0.967205,-0.250211,-0.002794,-0.250331,0.968156,0,-0.25050,-0.48649,-15.030,-0.973,75.000,250.000,-1,400.000,-1,250.000,300.000,200.000,725.000,700.000,-1,-1,150.000,350.000,725.000,75.000,-1,0,0,2,0,2,0,0,0,1,1,2,2,1,0,0,0,2
7,-2847.448,-4255.863,144.288,-178.430,-0.999647,0.026494,0.002064,-0.026151,-0.966944,-0.253644,-0.004724,-0.253609,0.967295,0,-0.24778,-0.48818,-14.867,-0.976,75.000,250.000,-1,400.000,-1,250.000,300.000,200.000,625.000,675.000,-1,-1,150.000,350.000,725.000,75.000,-1,0,0,2,0,2,0,0,0,1,1,2,2,1,0,0,0,2
8,-2832.767,-4255.722,143.506,-179.410,-0.999943,0.009952,-0.003755,-0.008658,-0.966574,-0.256241,-0.006179,-0.256194,0.966606,0,-0.24481,-0.48979,-14.689,-0.980,75.000,250.000,-1,400.000,-1,250.000,300.000,175.000,500.000,675.000,-1,-1,150.000,325.000,725.000,75.000,-1,0,0,2,0,2,0,0,0,1,1,2,2,1,0,0,0,2
9,9511.040,6231.366,71.630,-51.938,0.612208,0.786340,-0.082892,-0.787581,0.615733,0.024269,0.070123,0.050426,0.996263,1,0.00000,0.00000,-14.495,-0.983,750.000,425.000,-1,400.000,-1,350.000,325.000,300.000,325.000,-1,-1,-1,-1,650.000,725.000,700.000,-1,1,0,2,0,2,0,0,0,0,2,2,2,2,1,0,1,2
10,9513.984,6227.575,71.962,-52.178,0.608920,0.788909,-0.082697,-0.790147,0.612432,0.024387,0.069886,0.050493,0.996276,0,0.08000,-0.12000,4.800,-0.240,725.000,425.000,-1,400.000,-1,350.000,325.000,300.000,325.000,-1,-1,-1,-1,625.000,700.000,700.000,-1,1,0,2,0,2,0,0,0,0,2,2,2,2,1,0,1,2
11,9519.807,6219.942,72.619,-52.658,0.602311,0.794007,-0.082303,-0.795238,0.605797,0.024629,0.069415,0.050617,0.996303,0,0.16000,-0.24000,9.600,-0.480,725.000,425.000,-1,400.000,-1,350.000,325.000,300.000,325.000,-1,-1,-1,-1,625.000,700.000,675.000,-1,1,0,2,0,2,0,0,0,0,2,2,2,2,1,0,1,2
12,9528.397,6208.385,73.591,-53.378,0.592319,0.801550,-0.081702,-0.802768,0.595767,0.025003,0.068716,0.050778,0.996343,0,0.24000,-0.36000,14.400,-0.720,675.000,425.000,-1,400.000,-1,350.000,325.000,300.000,325.000,-1,-1,-1,-1,625.000,700.000,675.000,-1,1,0,2,0,2,0,0,0,0,2,2,2,2,1,0,1,2
13,9539.591,6192.785,74.858,-54.338,0.578851,0.811412,-0.080879,-0.812610,0.582249,0.025522,0.067801,0.050950,0.996397,0,0.32000,-0.48000,19.200,-0.960,650.000,425.000,-1,400.000,-1,350.000,325.000,300.000,325.000,-1,-1,-1,-1,625.000,700.000,650.000,-1,1,0,2,0,2,0,0,0,0,2,2,2,2,1,0,1,2
14,9553.172,6172.997,76.398,-55.538,0.561788,0.823422,-0.079815,-0.824590,0.565124,0.026204,0.066682,0.051093,0.996465,0,0.40000,-0.60000,24.000,-1.200,625.000,425.000,-1,375.000,-1,350.000,325.000,300.000,325.000,-1,-1,-1,-1,625.000,700.000,625.000,-1,1,0,2,0,2,0,0,0,0,2,2,2,2,1,0,1,2
15,9568.897,6148.868,78.175,-56.907,0.542026,0.836687,-0.078500,-0.837811,0.545291,0.027044,0.065432,0.051110,0.996547,0,0.48000,-0.68446,28.800,-1.369,575.000,450.000,-1,375.000,-1,350.000,325.000,300.000,325.000,-1,-1,-1,-1,600.000,700.000,600.000,-1,1,0,2,0,2,0,0,0,0,2,2,2,2,1,0,1,2
16,9586.579,6120.297,80.143,-58.247,0.522395,0.849224,-0.076962,-0.850282,0.525582,0.027992,0.064222,0.050816,0.996641,0,0.56000,-0.67003,33.600,-1.340,550.000,450.000,-1,375.000,-1,350.000,325.000,300.000,325.000,-1,-1,-1,-1,600.000,675.000,575.000,-1,1,0,2,0,2,0,0,0,0,2,2,2,2,1,0,1,2
17,9606.037,6087.191,82.273,-59.554,0.502982,0.861020,-0.075192,-0.861992,0.506088,0.029066,0.063080,0.050195,0.996745,0,0.64000,-0.65362,38.400,-1.307,500.000,450.000,-1,375.000,-1,350.000,325.000,300.000,325.000,-1,-1,-1,-1,600.000,675.000,550.000,-1,1,0,2,0,2,0,0,0,0,2,2,2,2,1,0,1,2
18,9627.095,6049.471,84.692,-60.824,0.483949,0.872092,-0.072453,-0.872927,0.486918,0.030157,0.061579,0.048652,0.996916,0,0.72000,-0.63499,43.200,-1.270,475.000,425.000,-1,375.000,-1,350.000,325.000,300.000,325.000,-1,-1,-1,-1,575.000,675.000,525.000,-1,1,0,2,0,2,0,0,0,0,2,2,2,2,1,0,1,2
19,9649.590,6007.068,87.320,-62.052,0.465376,0.882421,-0.068976,-0.883084,0.468171,0.031277,0.059892,0.046356,0.997128,0,0.80000,-0.61387,48.000,-1.228,425.000,425.000,-1,375.000,-1,325.000,325.000,325.000,325.000,-1,-1,-1,-1,575.000,650.000,475.000,-1,1,0,2,0,2,0,0,0,0,2,2,2,2,1,0,1,2
20,9673.368,5959.925,90.208,-63.232,0.447360,0.892010,-0.064716,-0.892435,0.449967,0.033003,0.058559,0.042991,0.997358,0,0.88000,-0.59000,52.800,-1.180,375.000,425.000,-1,375.000,-1,325.000,325.000,300.000,325.000,-1,-1,-1,-1,550.000,650.000,450.000,-1,1,1,2,0,2,0,0,1,0,2,2,2,2,1,0,1,2
21,9698.291,5907.996,93.487,-64.358,0.430031,0.900865,-0.059284,-0.900946,0.432437,0.035979,0.058049,0.037940,0.997593,0,0.96000,-0.56309,57.600,-1.126,350.000,400.000,-1,375.000,-1,325.000,300.000,300.000,325.000,-1,-1,-1,-1,550.000,650.000,425.000,-1,1,1,2,0,2,0,0,1,0,2,2,2,2,1,0,1,2
22,9723.243,5853.430,96.778,-65.424,0.413521,0.908933,-0.053299,-0.908666,0.415691,0.039069,0.057667,0.032275,0.997814,0,1.00000,-0.53282,60.000,-1.066,300.000,400.000,-1,375.000,-1,325.000,300.000,275.000,350.000,-1,350.000,-1,-1,525.000,675.000,375.000,-1,1,1,2,0,2,0,0,1,0,2,0,2,2,1,0,1,2
23,9747.239,5798.438,100.248,-66.424,0.397914,0.916181,-0.047712,-0.915685,0.399822,0.040789,0.056447,0.027458,0.998028,0,1.00000,-0.50000,60.000,-1.000,275.000,375.000,-1,375.000,-1,325.000,300.000,275.000,350.000,-1,400.000,-1,-1,500.000,675.000,350.000,-1,1,1,2,0,2,0,0,1,0,2,0,2,2,1,0,1,2
24,9770.339,5743.063,104.170,-67.355,0.383162,0.922628,-0.044094,-0.922006,0.384905,0.041872,0.055604,0.024611,0.998150,0,1.00000,-0.46571,60.000,-0.931,250.000,375.000,-1,375.000,-1,325.000,300.000,250.000,350.000,-1,475.000,-1,-1,500.000,675.000,300.000,-1,1,1,2,0,2,0,0,1,0,2,0,2,2,1,0,1,2
25,9792.605,5687.347,108.379,-68.215,0.369334,0.928338,-0.042209,-0.927601,0.371022,0.043581,0.056119,0.023057,0.998158,0,1.00000,-0.43015,60.000,-0.860,225.000,350.000,-1,375.000,-1,325.000,300.000,225.000,350.000,-1,500.000,-1,-1,500.000,675.000,275.000,-1,1,1,2,0,2,0,0,1,0,2,0,2,2,1,0,1,2
26,9814.108,5631.331,114.111,-69.002,0.356025,0.933232,-0.048201,-0.932418,0.358190,0.047930,0.061995,0.027879,0.997687,0,1.00000,-0.39357,60.000,-0.787,225.000,350.000,-1,375.000,-1,325.000,325.000,225.000,325.000,-1,475.000,950.000,-1,500.000,725.000,300.000,-1,1,1,2,0,2,0,0,1,0,2,0,0,2,1,0,1,2
27,9834.913,5575.053,119.934,-69.715,0.343741,0.937463,-0.054820,-0.936560,0.346500,0.052850,0.068541,0.033175,0.997097,0,1.00000,-0.35629,60.000,-0.713,225.000,375.000,-1,400.000,-1,350.000,325.000,225.000,325.000,-1,450.000,575.000,-1,525.000,750.000,300.000,-1,1,1,2,0,2,0,0,1,0,2,0,0,2,1,0,1,2
28,9855.091,5518.546,125.440,-70.352,0.332590,0.941094,-0.061038,-0.940079,0.335991,0.057974,0.075067,0.038099,0.996450,0,1.00000,-0.31868,60.000,-0.637,225.000,375.000,-1,400.000,-1,350.000,350.000,200.000,325.000,-1,425.000,475.000,-1,575.000,800.000,325.000,-1,1,1,2,0,2,0,0,1,0,2,0,0,2,1,0,1,2
29,9874.659,5461.825,130.411,-70.970,0.321583,0.944456,-0.067724,-0.943314,0.325754,0.063588,0.082117,0.043437,0.995676,0,1.00000,-0.30889,60.000,-0.618,225.000,375.000,-1,425.000,-1,375.000,350.000,200.000,300.000,-1,325.000,325.000,-1,650.000,825.000,350.000,-1,1,1,2,0,2,0,0,1,0,2,0,0,2,1,0,1,2
30,9893.627,5404.900,135.150,-71.576,0.310740,0.947643,-0.073576,-0.946335,0.315687,0.069229,0.088832,0.048116,0.994884,0,1.00000,-0.30276,60.000,-0.606,250.000,375.000,-1,450.000,-1,375.000,375.000,200.000,300.000,-1,275.000,250.000,-1,-1,900.000,375.000,-1,1,1,2,0,2,1,0,1,0,2,0,0,2,2,0,1,2
31,9911.556,5349.162,139.553,-72.172,0.300046,0.950692,-0.078471,-0.949178,0.305738,0.074741,0.095047,0.052057,0.994111,0,0.97582,-0.29842,58.549,-0.597,250.000,400.000,-1,450.000,-1,375.000,375.000,175.000,300.000,-1,250.000,200.000,-1,-1,975.000,-1,-1,1,1,2,0,2,1,0,1,0,2,0,0,2,2,0,2,2
32,9928.423,5294.801,143.983,-72.764,0.289678,0.953701,-0.080880,-0.951927,0.295869,0.079352,0.099608,0.054005,0.993560,0,0.94860,-0.29597,56.916,-0.592,275.000,425.000,-1,450.000,-1,400.000,375.000,175.000,275.000,-1,225.000,175.000,-1,-1,-1,-1,-1,1,1,2,0,2,1,0,1,0,2,0,0,2,2,2,2,2
33,9944.263,5241.828,147.993,-73.355,0.279385,0.956609,-0.082726,-0.954616,0.285995,0.083161,0.103211,0.055737,0.993097,0,0.92149,-0.29532,55.290,-0.591,-1,450.000,-1,475.000,-1,400.000,400.000,175.000,275.000,-1,225.000,175.000,-1,-1,-1,-1,-1,2,1,2,0,2,1,0,1,0,2,0,0,2,2,2,2,2
34,9960.758,5184.139,152.258,-74.044,0.267454,0.959896,-0.084076,-0.957677,0.274440,0.086816,0.106408,0.057298,0.992670,0,1.00000,-0.34469,60.000,-0.689,-1,475.000,-1,475.000,-1,400.000,400.000,175.000,275.000,-1,225.000,175.000,-1,-1,-1,-1,-1,2,1,2,0,2,1,0,1,0,2,0,0,2,2,2,2,2
35,9976.331,5127.192,156.343,-74.707,0.256326,0.962947,-0.083842,-0.960792,0.263315,0.086861,0.105719,0.058290,0.992686,0,0.98396,-0.33103,59.038,-0.662,-1,525.000,-1,475.000,-1,400.000,400.000,150.000,275.000,-1,275.000,200.000,-1,-1,-1,-1,-1,2,1,2,0,2,1,0,1,0,2,0,0,2,2,2,2,2
36,9990.920,5071.412,160.126,-75.342,0.245980,0.965807,-0.081923,-0.963928,0.252613,0.083838,0.101666,0.058345,0.993106,0,0.96093,-0.31790,57.656,-0.636,-1,575.000,-1,475.000,-1,400.000,400.000,150.000,275.000,-1,325.000,250.000,-1,-1,-1,-1,-1,2,1,2,0,2,1,0,1,0,2,0,0,2,2,2,2,2
37,10004.580,5016.826,164.937,-75.953,0.236017,0.968179,-0.083215,-0.967334,0.242236,0.074749,0.092528,0.062854,0.993724,0,0.93786,-0.30541,56.271,-0.611,-1,600.000,-1,450.000,-1,400.000,375.000,150.000,275.000,425.000,475.000,400.000,-1,-1,-1,-1,-1,2,0,2,0,2,1,0,1,0,1,0,0,2,2,2,2,2
38,10017.360,4963.435,169.251,-76.540,0.226599,0.970433,-0.083148,-0.970406,0.232257,0.066103,0.083460,0.065708,0.994342,0,0.91502,-0.29364,54.901,-0.587,-1,600.000,-1,425.000,-1,375.000,350.000,150.000,275.000,375.000,675.000,600.000,-1,-1,1000.000,-1,-1,2,0,2,0,2,1,0,1,0,1,0,0,2,2,0,2,2
39,10029.292,4911.221,173.119,-77.128,0.217275,0.972669,-0.081895,-0.973270,0.222275,0.057793,0.074416,0.067150,0.994964,0,0.89269,-0.29368,53.561,-0.587,-1,575.000,-1,425.000,-1,375.000,350.000,150.000,275.000,375.000,950.000,875.000,-1,-1,950.000,-1,-1,2,0,2,0,2,1,0,1,0,1,0,0,2,2,0,2,2
40,10040.402,4860.158,176.585,-77.723,0.207863,0.974912,-0.079626,-0.975968,0.212154,0.049769,0.065414,0.067367,0.995582,0,0.87097,-0.29766,52.258,-0.595,-1,550.000,-1,400.000,-1,375.000,325.000,150.000,275.000,375.000,-1,-1,-1,-1,875.000,-1,-1,2,0,2,0,2,0,0,1,0,1,2,2,2,2,0,2,2
41,10050.203,4813.724,179.450,-78.078,0.202481,0.976285,-0.076603,-0.977584,0.206120,0.042939,0.057710,0.066192,0.996137,0,0.79097,-0.17766,47.458,-0.355,-1,525.000,-1,400.000,-1,375.000,325.000,150.000,275.000,350.000,-1,-1,-1,-1,850.000,-1,-1,2,0,2,0,2,0,0,1,0,1,2,2,2,2,0,2,2
42,10058.928,4771.968,181.807,-78.194,0.201118,0.976841,-0.073029,-0.978226,0.204184,0.037192,0.051242,0.063959,0.996636,0,0.71097,-0.05766,42.658,-0.115,-1,525.000,-1,400.000,-1,350.000,325.000,175.000,275.000,350.000,-1,-1,-1,-1,800.000,-1,-1,2,0,2,0,2,0,0,1,0,1,2,2,2,2,0,2,2
43,10067.325,4732.208,183.864,-78.069,0.203807,0.976593,-0.068765,-0.977951,0.206351,0.032104,0.045543,0.060706,0.997116,0,0.67729,0.06234,40.637,0.125,-1,500.000,-1,375.000,-1,350.000,325.000,175.000,275.000,350.000,-1,-1,-1,-1,775.000,-1,-1,2,0,2,0,2,0,0,1,0,1,2,2,2,2,0,2,2
44,10075.832,4693.156,185.718,-77.704,0.210556,0.975506,-0.063672,-0.976750,0.212616,0.027452,0.040317,0.056411,0.997593,0,0.66615,0.18234,39.969,0.365,-1,500.000,-1,375.000,-1,350.000,300.000,175.000,275.000,350.000,-1,-1,-1,-1,750.000,-1,-1,2,0,2,0,2,0,0,1,0,1,2,2,2,2,0,2,2
45,10084.630,4654.723,187.364,-77.100,0.221338,0.973482,-0.057815,-0.974550,0.222962,0.023257,0.035530,0.051196,0.998056,0,0.65713,0.30234,39.428,0.605,-1,500.000,-1,375.000,1000.000,350.000,300.000,175.000,275.000,350.000,-1,-1,-1,-1,750.000,-1,975.000,2,0,2,0,1,0,0,1,0,1,2,2,2,2,1,2,1
46,10093.894,4616.833,188.479,-76.255,0.236109,0.970320,-0.052271,-0.971244,0.237345,0.018780,0.030629,0.046334,0.998456,0,0.65011,0.42234,39.007,0.845,-1,475.000,-1,375.000,925.000,350.000,300.000,175.000,275.000,350.000,-1,-1,-1,-1,700.000,-1,925.000,2,0,2,0,1,0,0,1,0,1,2,2,2,2,1,2,1
47,10103.795,4579.423,189.210,-75.170,0.254859,0.965865,-0.046395,-0.966651,0.255727,0.013753,0.025147,0.041342,0.998829,0,0.64499,0.54234,38.699,1.085,-1,475.000,-1,350.000,875.000,325.000,300.000,175.000,275.000,375.000,-1,-1,-1,-1,675.000,-1,875.000,2,0,2,0,1,0,0,1,0,1,2,2,2,2,1,2,1
48,10114.503,4542.445,189.803,-73.846,0.277502,0.959915,-0.039448,-0.960523,0.278051,0.009080,0.019685,0.035371,0.999180,0,0.64163,0.66234,38.498,1.325,-1,450.000,-1,350.000,825.000,325.000,300.000,175.000,300.000,375.000,-1,-1,-1,-1,650.000,-1,800.000,2,0,2,0,1,0,0,1,0,1,2,2,2,2,1,2,1
49,10126.184,4505.871,189.964,-72.281,0.303921,0.952209,-0.030498,-0.952577,0.304236,0.006176,0.015159,0.027175,0.999516,0,0.63991,0.78234,38.395,1.565,-1,450.000,-1,325.000,775.000,325.000,300.000,175.000,300.000,375.000,-1,-1,-1,-1,600.000,-1,750.000,2,0,2,0,1,0,0,1,0,1,2,2,2,2,1,2,1
50,10140.276,4465.039,190.793,-70.956,0.326053,0.945064,-0.023291,-0.945288,0.326217,0.003525,0.010929,0.020868,0.999723,0,0.71991,0.66234,43.195,1.325,-1,425.000,-1,325.000,725.000,325.000,300.000,200.000,300.000,375.000,-1,-1,-1,-1,575.000,-1,700.000,2,0,2,0,1,0,0,1,0,1,2,2,2,2,1,2,1
51,10156.027,4422.558,192.312,-69.655,0.347535,0.937482,-0.018603,-0.937630,0.347629,0.001940,0.008285,0.016768,0.999825,0,0.75512,0.65084,45.307,1.302,-1,425.000,-1,325.000,675.000,325.000,300.000,200.000,300.000,375.000,-1,-1,-1,-1,575.000,-1,650.000,2,0,2,0,1,0,0,1,0,1,2,2,2,2,1,2,1
52,10172.676,4380.565,193.828,-68.372,0.368512,0.929522,-0.013668,-0.929605,0.368556,0.000694,0.005683,0.012450,0.999906,0,0.75289,0.64150,45.173,1.283,-1,425.000,-1,350.000,625.000,325.000,300.000,200.000,300.000,375.000,-1,-1,-1,-1,550.000,-1,600.000,2,0,2,0,1,0,0,1,0,1,2,2,2,2,1,2,1
53,10190.206,4339.049,195.326,-67.108,0.388974,0.921210,-0.008459,-0.921243,0.388987,-0.000125,0.003175,0.007841,0.999964,0,0.75109,0.63194,45.066,1.264,-1,425.000,-1,350.000,575.000,325.000,300.000,225.000,300.000,350.000,-1,-1,-1,-1,550.000,-1,575.000,2,0,2,0,1,0,0,1,0,1,2,2,2,2,1,2,1
54,10208.600,4297.997,196.790,-65.863,0.408910,0.912570,-0.002954,-0.912574,0.408911,-0.000433,0.000813,0.002872,0.999996,0,0.74974,0.62217,44.985,1.244,-1,425.000,-1,350.000,550.000,325.000,300.000,225.000,325.000,350.000,-1,-1,-1,-1,550.000,-1,525.000,2,0,2,0,1,0,0,1,0,1,2,2,2,2,1,2,1
55,10227.845,4257.397,198.207,-64.639,0.428316,0.903625,0.002860,-0.903628,0.428318,-0.000140,-0.001351,-0.002525,0.999996,0,0.74883,0.61220,44.930,1.224,-1,425.000,-1,350.000,500.000,325.000,300.000,250.000,325.000,350.000,-1,-1,-1,-1,550.000,-1,525.000,2,0,2,1,1,0,0,1,0,1,2,2,2,2,1,2,1
56,10247.925,4217.236,199.348,-63.435,0.447183,0.894402,0.008561,-0.894434,0.447200,-0.000081,-0.003901,-0.007621,0.999963,0,0.74835,0.60202,44.901,1.204,-1,425.000,-1,350.000,475.000,325.000,300.000,250.000,325.000,350.000,-1,-1,-1,-1,575.000,-1,525.000,2,0,2,1,1,0,0,1,0,1,2,2,2,2,1,2,1
57,10268.829,4177.503,199.765,-62.252,0.465496,0.884949,0.013369,-0.885013,0.465561,-0.002099,-0.008081,-0.010854,0.999908,0,0.74828,0.59166,44.897,1.183,-1,425.000,-1,350.000,425.000,325.000,300.000,275.000,325.000,375.000,-1,-1,-1,-1,575.000,-1,500.000,2,0,2,1,1,0,0,1,0,1,2,2,2,2,1,2,1
58,10290.545,4138.184,200.076,-61.089,0.483255,0.875282,0.018607,-0.875398,0.483391,-0.003387,-0.011960,-0.014652,0.999821,0,0.74862,0.58111,44.917,1.162,-1,425.000,-1,350.000,375.000,325.000,300.000,300.000,325.000,400.000,-1,-1,-1,-1,575.000,-1,500.000,2,0,2,1,1,0,1,1,0,1,2,2,2,2,1,2,1
59,10313.061,4099.267,200.145,-59.949,0.500473,0.865427,0.023706,-0.865620,0.500688,-0.003770,-0.015132,-0.018634,0.999712,0,0.74934,0.57037,44.961,1.141,-1,400.000,-1,350.000,375.000,325.000,300.000,300.000,325.000,400.000,-1,-1,-1,-1,600.000,-1,525.000,2,0,2,1,1,1,1,1,0,1,2,2,2,2,1,2,1
60,10336.367,4060.741,199.640,-58.830,0.517202,0.855433,0.027155,-0.855702,0.517460,-0.002993,-0.016612,-0.021688,0.999627,0,0.75045,0.55945,45.027,1.119,-1,425.000,-1,350.000,375.000,325.000,300.000,325.000,325.000,400.000,-1,-1,-1,-1,625.000,-1,600.000,2,0,2,1,1,1,1,1,0,1,2,2,2,2,1,2,1
61,10360.453,4022.595,198.979,-57.733,0.533401,0.845296,0.030942,-0.845679,0.533691,-0.001310,-0.017621,-0.025468,0.999520,0,0.75191,0.54836,45.115,1.097,-1,425.000,-1,350.000,375.000,325.000,300.000,350.000,325.000,400.000,-1,-1,-1,-1,700.000,-1,-1,2,0,2,1,1,1,1,1,0,1,2,2,2,2,1,2,2
62,10385.311,3984.816,198.857,-56.659,0.549114,0.834968,0.036098,-0.835594,0.549328,0.004589,-0.015998,-0.032683,0.999338,0,0.75372,0.53708,45.223,1.074,-1,450.000,-1,375.000,425.000,350.000,325.000,350.000,325.000,400.000,-1,-1,-1,-1,800.000,-1,-1,2,0,2,1,1,1,1,1,0,1,2,2,2,2,1,2,2
63,10410.931,3947.395,198.540,-55.608,0.564337,0.824506,0.041399,-0.825429,0.564389,0.011545,-0.013846,-0.040687,0.999076,0,0.75586,0.52563,45.352,1.051,-1,450.000,-1,400.000,550.000,350.000,350.000,375.000,325.000,400.000,-1,-1,-1,-1,875.000,-1,-1,2,0,2,1,1,0,1,1,1,1,2,2,2,2,1,2,2
64,10439.847,3906.418,197.535,-54.796,0.575952,0.816074,0.047972,-0.817397,0.575754,0.019254,-0.011907,-0.050301,0.998663,0,0.83586,0.40563,50.152,0.811,-1,450.000,-1,425.000,-1,375.000,375.000,350.000,325.000,375.000,-1,-1,-1,-1,925.000,-1,-1,2,0,2,1,2,0,1,0,1,1,2,2,2,2,1,2,2
65,10471.979,3861.840,195.782,-54.225,0.584103,0.809792,0.055325,-0.811624,0.583500,0.028167,-0.009472,-0.061355,0.998071,0,0.91586,0.28563,54.952,0.571,-1,475.000,-1,475.000,-1,375.000,400.000,325.000,300.000,375.000,-1,-1,-1,-1,950.000,-1,-1,2,0,2,1,2,0,1,0,1,1,2,2,2,2,1,2,2
66,10505.256,3816.224,194.685,-53.894,0.588657,0.806071,0.061087,-0.808311,0.587929,0.031190,-0.010774,-0.067738,0.997645,0,0.94107,0.16563,56.464,0.331,-1,475.000,-1,525.000,-1,400.000,400.000,325.000,275.000,375.000,-1,-1,-1,-1,950.000,-1,-1,2,0,2,1,2,0,0,0,1,1,2,2,2,2,1,2,2
67,10538.682,3770.841,193.963,-53.630,0.592073,0.803216,0.065521,-0.805743,0.591531,0.029477,-0.015081,-0.070245,0.997416,0,0.93940,0.13189,56.364,0.264,-1,475.000,-1,550.000,-1,400.000,425.000,325.000,250.000,400.000,-1,-1,-1,975.000,925.000,-1,-1,2,0,2,1,2,0,0,0,1,1,2,2,2,0,1,2,2
68,10572.184,3725.707,192.431,-53.414,0.594870,0.801021,0.067050,-0.803604,0.594578,0.026405,-0.018715,-0.069589,0.997400,0,0.93682,0.10786,56.209,0.216,-1,475.000,-1,550.000,-1,400.000,425.000,325.000,250.000,450.000,-1,-1,-1,975.000,900.000,-1,-1,2,0,2,1,2,0,0,0,1,1,2,2,2,0,1,2,2
69,10605.690,3680.840,189.670,-53.248,0.596902,0.799371,0.068664,-0.801970,0.596964,0.021876,-0.023503,-0.068124,0.997400,0,0.93329,0.08324,55.997,0.166,-1,475.000,-1,525.000,-1,400.000,400.000,325.000,225.000,475.000,-1,-1,-1,925.000,875.000,-1,-1,2,0,2,1,2,0,0,0,1,1,2,2,2,0,1,2,2
70,10639.128,3636.253,186.327,-53.132,0.598085,0.798225,0.071636,-0.800864,0.598636,0.015890,-0.030201,-0.066874,0.997304,0,0.92885,0.05816,55.731,0.116,-1,450.000,-1,500.000,-1,375.000,400.000,325.000,225.000,525.000,-1,-1,-1,875.000,825.000,-1,-1,2,0,2,1,2,0,0,0,1,1,2,2,2,0,1,2,2
71,10672.434,3591.962,182.775,-53.057,0.598656,0.797573,0.074082,-0.800122,0.599776,0.008547,-0.037616,-0.064391,0.997216,0,0.92360,0.03740,55.416,0.075,-1,425.000,-1,475.000,-1,375.000,400.000,325.000,200.000,550.000,-1,-1,-1,850.000,775.000,-1,-1,2,0,2,1,2,0,0,0,1,1,2,2,2,0,1,2,2
72,10705.561,3547.984,179.022,-53.009,0.598839,0.797256,0.075993,-0.799562,0.600583,-0.000127,-0.045741,-0.060685,0.997108,0,0.91763,0.02400,55.058,0.048,-1,425.000,-1,450.000,800.000,350.000,375.000,300.000,200.000,600.000,-1,-1,-1,800.000,725.000,-1,-1,2,0,2,1,1,0,0,0,1,1,2,2,2,0,1,2,2
73,10738.467,3504.332,175.082,-52.987,0.598668,0.797252,0.077372,-0.799138,0.601063,-0.010088,-0.054548,-0.055791,0.996951,0,0.91109,0.01108,54.665,0.022,-1,400.000,-1,400.000,675.000,350.000,350.000,300.000,200.000,675.000,-1,-1,-1,750.000,675.000,-1,-1,2,0,2,1,1,0,1,0,1,1,2,2,2,0,1,2,2
74,10771.125,3461.009,171.827,-52.989,0.597814,0.797405,0.082243,-0.798872,0.601121,-0.021398,-0.066501,-0.052909,0.996383,0,0.90418,-0.00132,54.251,-0.003,-1,375.000,-1,375.000,575.000,325.000,325.000,300.000,175.000,750.000,-1,-1,-1,700.000,625.000,-1,775.000,2,0,2,1,1,0,1,0,1,1,2,2,2,0,1,2,1
75,10803.508,3418.008,168.194,-53.016,0.596703,0.797866,0.085765,-0.798617,0.600893,-0.033743,-0.078458,-0.048359,0.995744,0,0.89715,-0.01319,53.829,-0.026,-1,375.000,-1,350.000,475.000,300.000,300.000,300.000,175.000,850.000,-1,-1,-1,650.000,575.000,-1,575.000,2,0,2,1,1,0,1,0,1,1,2,2,2,0,1,2,1
76,10835.606,3375.309,164.727,-53.065,0.595456,0.798486,0.088616,-0.798659,0.600289,-0.042392,-0.087045,-0.045531,0.995163,0,0.89026,-0.02452,53.416,-0.049,950.000,350.000,-1,325.000,400.000,300.000,300.000,300.000,175.000,925.000,-1,-1,-1,625.000,525.000,975.000,475.000,0,0,2,1,1,1,1,0,1,1,2,2,2,0,1,0,1
77,10868.419,3331.972,163.717,-52.874,0.597709,0.796262,0.093325,-0.796963,0.602782,-0.038791,-0.087142,-0.051191,0.994880,0,0.90596,0.09548,54.358,0.191,900.000,350.000,-1,325.000,400.000,300.000,300.000,300.000,200.000,975.000,-1,-1,-1,625.000,550.000,950.000,500.000,0,1,2,1,1,1,1,0,1,1,2,2,2,0,1,0,1
78,10901.082,3289.501,163.164,-52.443,0.603480,0.791426,0.097246,-0.792870,0.608538,-0.032208,-0.084668,-0.057667,0.994739,0,0.89300,0.21548,53.580,0.431,875.000,350.000,-1,350.000,425.000,300.000,300.000,300.000,225.000,1000.000,-1,-1,-1,625.000,600.000,950.000,675.000,0,1,2,1,1,1,1,0,1,1,2,2,2,0,1,0,1
79,10933.760,3248.023,162.119,-51.772,0.612695,0.784065,0.099237,-0.786016,0.617622,-0.026882,-0.082368,-0.061532,0.994701,0,0.88008,0.33548,52.805,0.671,875.000,375.000,-1,350.000,475.000,300.000,300.000,300.000,250.000,-1,-1,-1,-1,625.000,650.000,950.000,-1,0,0,2,1,1,1,1,0,1,2,2,2,2,0,1,0,2
80,10966.615,3207.652,160.544,-50.861,0.625249,0.774088,0.099254,-0.776288,0.629962,-0.022903,-0.080255,-0.062729,0.994799,0,0.86752,0.45548,52.051,0.911,900.000,375.000,-1,375.000,550.000,325.000,325.000,300.000,250.000,-1,-1,-1,-1,650.000,800.000,975.000,-1,0,0,2,1,1,1,1,0,1,2,2,2,2,0,1,0,2
81,10999.699,3168.403,157.985,-49.872,0.638873,0.763090,0.097649,-0.765471,0.643210,-0.018315,-0.076785,-0.063047,0.995052,0,0.85557,0.49426,51.334,0.989,900.000,375.000,-1,375.000,-1,325.000,325.000,300.000,275.000,-1,-1,-1,-1,650.000,900.000,1000.000,-1,0,0,2,1,2,1,1,0,1,2,2,2,2,0,1,0,2
82,11033.037,3130.216,154.512,-48.877,0.652569,0.751837,0.094310,-0.754293,0.656398,-0.013532,-0.072079,-0.062307,0.995451,0,0.84489,0.49763,50.693,0.995,950.000,400.000,1000.000,400.000,-1,350.000,350.000,300.000,275.000,-1,-1,-1,-1,675.000,900.000,-1,-1,0,0,1,1,2,0,1,0,1,2,2,2,2,0,1,2,2
83,11070.315,3089.111,150.054,-47.791,0.667435,0.739424,0.088212,-0.741667,0.670689,-0.010299,-0.066779,-0.058550,0.996048,0,0.92489,0.54323,55.493,1.086,1000.000,400.000,950.000,450.000,-1,350.000,375.000,300.000,275.000,-1,-1,-1,-1,675.000,825.000,-1,-1,0,0,1,1,2,0,1,0,1,2,2,2,2,0,1,2,2
84,11111.428,3045.413,144.487,-46.739,0.681795,0.727281,0.078853,-0.729022,0.684428,-0.009227,-0.060680,-0.051195,0.996844,0,1.00000,0.52597,60.000,1.052,-1,400.000,925.000,475.000,-1,350.000,375.000,300.000,250.000,-1,-1,-1,500.000,700.000,775.000,-1,-1,2,0,1,1,2,0,0,0,1,2,2,2,1,0,1,2,2
85,11153.307,3002.448,138.142,-45.725,0.695493,0.715416,0.066850,-0.716475,0.697530,-0.010781,-0.054343,-0.040398,0.997705,0,1.00000,0.50673,60.000,1.013,-1,400.000,875.000,500.000,-1,350.000,375.000,300.000,225.000,-1,325.000,275.000,425.000,700.000,700.000,-1,925.000,2,0,1,1,2,0,0,0,1,2,1,1,1,0,1,2,1
86,11195.337,2960.770,130.858,-44.752,0.708378,0.703769,0.053944,-0.704149,0.709898,-0.014829,-0.048731,-0.027480,0.998434,0,0.98653,0.48683,59.192,0.974,-1,400.000,825.000,475.000,-1,350.000,375.000,325.000,200.000,-1,250.000,225.000,400.000,725.000,650.000,-1,800.000,2,0,1,1,2,0,0,0,1,2,0,1,1,0,1,2,1
87,11237.400,2920.444,123.886,-43.788,0.720661,0.691914,0.043629,-0.691765,0.721821,-0.020870,-0.045933,-0.015141,0.998830,0,0.97118,0.48175,58.271,0.964,-1,400.000,775.000,450.000,-1,350.000,350.000,325.000,200.000,-1,200.000,225.000,375.000,725.000,575.000,-1,700.000,2,0,1,1,2,0,0,0,1,2,0,1,1,0,1,2,1
88,11279.403,2881.510,120.216,-42.829,0.731801,0.679742,0.049167,-0.679361,0.733320,-0.026660,-0.054177,-0.013893,0.998435,0,0.95452,0.47973,57.271,0.959,-1,375.000,725.000,425.000,875.000,325.000,350.000,325.000,200.000,-1,375.000,325.000,425.000,675.000,525.000,-1,625.000,2,0,1,1,1,0,0,0,1,2,0,1,1,0,1,2,1
89,11321.270,2843.981,116.750,-41.871,0.742571,0.667410,0.056146,-0.666673,0.744587,-0.033723,-0.064313,-0.012389,0.997853,0,0.93706,0.47859,56.224,0.957,-1,375.000,675.000,375.000,700.000,300.000,325.000,325.000,200.000,-1,550.000,425.000,475.000,625.000,475.000,900.000,525.000,2,0,1,1,1,0,0,0,1,2,1,1,1,0,1,0,1
90,11362.957,2807.851,112.782,-40.915,0.753210,0.654915,0.061331,-0.653585,0.755659,-0.042496,-0.074176,-0.008077,0.997212,0,0.91938,0.47831,55.163,0.957,850.000,350.000,600.000,350.000,550.000,300.000,300.000,325.000,200.000,-1,-1,575.000,525.000,575.000,425.000,750.000,425.000,0,0,1,1,1,0,0,0,1,2,2,1,1,0,1,0,1
91,11404.444,2773.092,109.431,-39.957,0.763768,0.642205,0.065043,-0.640447,0.766515,-0.047771,-0.080536,-0.005171,0.996738,0,0.90205,0.47885,54.123,0.958,750.000,325.000,550.000,325.000,425.000,275.000,300.000,325.000,200.000,-1,-1,-1,575.000,525.000,375.000,675.000,375.000,0,0,1,1,1,0,0,0,1,2,2,2,1,0,1,0,1
92,11445.738,2739.657,107.769,-38.997,0.774282,0.629258,0.067249,-0.627728,0.777158,-0.044534,-0.080286,-0.007732,0.996742,0,0.88555,0.48016,53.133,0.960,700.000,325.000,525.000,300.000,350.000,275.000,275.000,325.000,225.000,-1,-1,-1,625.000,525.000,350.000,625.000,325.000,0,0,1,1,1,0,0,0,1,2,2,2,1,0,1,0,1
93,11486.868,2707.486,105.989,-38.032,0.784768,0.616082,0.067690,-0.614752,0.787630,-0.041462,-0.078858,-0.009074,0.996845,0,0.87028,0.48218,52.217,0.964,675.000,325.000,475.000,275.000,300.000,275.000,275.000,300.000,225.000,-1,-1,-1,675.000,525.000,300.000,600.000,275.000,0,0,1,1,1,0,1,0,1,2,2,2,1,0,1,0,1
94,11527.876,2676.515,104.934,-37.063,0.795248,0.602643,0.066351,-0.601776,0.797915,-0.034620,-0.073806,-0.012397,0.997196,0,0.85651,0.48484,51.390,0.970,700.000,325.000,450.000,250.000,250.000,275.000,275.000,300.000,275.000,-1,-1,800.000,725.000,525.000,275.000,625.000,225.000,0,0,1,1,1,0,1,0,1,2,2,1,1,0,1,0,1
95,11568.818,2646.679,105.923,-36.087,0.805792,0.588856,0.062832,-0.589023,0.807920,-0.017805,-0.061248,-0.022662,0.997865,0,0.84437,0.48806,50.662,0.976,750.000,350.000,450.000,225.000,200.000,300.000,250.000,300.000,325.000,-1,825.000,725.000,775.000,550.000,275.000,675.000,200.000,0,0,1,1,1,0,1,0,1,2,1,1,1,0,1,0,1
96,11609.754,2617.912,107.806,-35.103,0.816386,0.574685,0.057016,-0.575774,0.817602,0.003336,-0.044699,-0.035552,0.998368,0,0.83393,0.49180,50.036,0.984,875.000,350.000,425.000,225.000,175.000,325.000,250.000,300.000,400.000,-1,725.000,700.000,825.000,575.000,250.000,800.000,175.000,0,0,1,1,1,0,1,0,1,2,1,1,1,0,1,0,1
97,11650.748,2590.155,110.509,-34.111,0.827009,0.560071,0.048745,-0.561660,0.826878,0.028478,-0.024356,-0.050930,0.998405,0,0.82515,0.49598,49.509,0.992,-1,400.000,425.000,225.000,150.000,350.000,225.000,275.000,475.000,-1,450.000,650.000,850.000,625.000,250.000,1000.000,150.000,2,0,1,1,1,1,1,0,1,2,0,1,1,0,1,0,1
98,11691.861,2563.355,113.966,-33.110,0.837608,0.544957,0.037875,-0.546271,0.835646,0.057305,-0.000421,-0.068690,0.997638,0,0.81797,0.50057,49.078,1.001,-1,425.000,450.000,200.000,150.000,350.000,225.000,275.000,600.000,1000.000,225.000,275.000,750.000,700.000,225.000,-1,150.000,2,0,1,1,1,1,1,0,1,0,1,1,1,1,1,2,1
99,11733.156,2537.468,118.054,-32.099,0.848119,0.529272,0.023768,-0.529083,0.843768,0.090154,0.027661,-0.089037,0.995644,0,0.81229,0.50552,48.737,1.011,-1,475.000,475.000,200.000,125.000,350.000,225.000,250.000,750.000,550.000,125.000,175.000,600.000,750.000,225.000,-1,125.000,2,0,1,1,1,1,1,0,1,0,1,1,1,1,1,2,1
100,11774.688,2512.458,122.799,-31.077,0.858386,0.512968,0.006151,-0.509530,0.851117,0.126407,0.059607,-0.111640,0.991959,0,0.80798,0.51078,48.479,1.022,-1,525.000,525.000,200.000,125.000,350.000,225.000,250.000,925.000,350.000,75.000,150.000,625.000,800.000,225.000,-1,125.000,2,0,1,1,1,1,1,0,0,0,1,1,1,1,1,2,1
101,11820.912,2485.950,128.727,-29.861,0.869833,0.493054,-0.016991,-0.483496,0.858807,0.169354,0.098093,-0.139095,0.985409,0,0.88798,0.60828,53.279,1.217,-1,600.000,600.000,200.000,100.000,375.000,250.000,250.000,-1,225.000,25.000,125.000,675.000,-1,250.000,-1,100.000,2,1,1,1,1,1,1,0,2,0,0,1,1,2,1,2,1
102,11871.899,2458.112,136.027,-28.671,0.880091,0.472577,-0.045935,-0.452588,0.864222,0.219737,0.143541,-0.172599,0.974477,0,0.96798,0.59494,58.079,1.190,-1,650.000,-1,225.000,100.000,400.000,275.000,225.000,-1,150.000,0.000,125.000,-1,-1,275.000,-1,100.000,2,1,2,1,1,1,1,0,2,0,0,1,2,2,1,2,1
103,11925.166,2430.463,147.634,-27.512,0.890393,0.450407,-0.065837,-0.416736,0.864781,0.280154,0.183118,-0.222010,0.957695,0,1.00000,0.57944,60.000,1.159,-1,750.000,-1,250.000,100.000,425.000,300.000,200.000,-1,100.000,0.000,125.000,-1,-1,325.000,-1,100.000,2,1,2,1,1,1,1,0,2,0,0,0,2,2,1,2,1
104,3607.680,-328.046,-34.938,-145.324,-0.818752,0.563958,0.107685,-0.572795,-0.815191,-0.085842,0.039372,-0.131965,0.990472,1,0.00000,0.00000,60.000,1.124,400.000,325.000,-1,350.000,975.000,275.000,300.000,275.000,350.000,500.000,25.000,0.000,-1,525.000,575.000,450.000,825.000,1,0,2,0,0,0,0,0,0,1,1,1,2,1,0,1,0
105,3603.720,-330.759,-34.802,-145.564,-0.821019,0.560623,0.107840,-0.569443,-0.817670,-0.084563,0.040769,-0.130837,0.990565,0,0.08000,-0.12000,4.800,-0.240,400.000,325.000,-1,350.000,975.000,275.000,300.000,275.000,350.000,500.000,25.000,0.000,-1,525.000,575.000,450.000,825.000,1,0,2,0,0,0,0,0,0,1,1,1,2,1,0,1,0
106,3595.764,-336.133,-34.568,-145.937,-0.824472,0.555453,0.108252,-0.564232,-0.821546,-0.081876,0.043456,-0.128584,0.990746,0,0.16000,-0.18652,9.600,-0.373,400.000,325.000,-1,350.000,975.000,275.000,300.000,275.000,350.000,525.000,25.000,0.000,-1,525.000,575.000,450.000,825.000,1,0,2,0,0,0,0,0,0,1,1,1,2,1,0,1,0
107,3583.778,-344.117,-34.278,-146.307,-0.827768,0.550373,0.109040,-0.559076,-0.825472,-0.077656,0.047270,-0.125243,0.990999,0,0.24000,-0.18499,14.400,-0.370,400.000,350.000,-1,350.000,975.000,275.000,300.000,275.000,350.000,525.000,50.000,0.000,-1,525.000,575.000,450.000,825.000,1,0,2,0,0,0,0,0,0,1,1,1,2,1,0,1,0
108,3567.731,-354.660,-33.893,-146.673,-0.830900,0.545392,0.110243,-0.553973,-0.829413,-0.072030,0.052152,-0.120922,0.991291,0,0.32000,-0.18271,19.200,-0.365,375.000,350.000,-1,350.000,975.000,300.000,300.000,300.000,325.000,550.000,50.000,0.000,-1,525.000,575.000,450.000,825.000,1,0,2,0,0,0,0,0,0,1,1,1,2,1,0,1,0
109,3547.590,-367.714,-33.298,-147.032,-0.833830,0.540498,0.112199,-0.548942,-0.833308,-0.065273,0.058217,-0.116017,0.991540,0,0.40000,-0.17966,24.000,-0.359,375.000,350.000,-1,350.000,975.000,300.000,300.000,300.000,325.000,575.000,75.000,25.000,-1,525.000,575.000,450.000,825.000,1,0,2,0,0,0,0,0,0,1,1,1,2,1,0,1,0
110,3523.325,-383.230,-32.496,-147.384,-0.836579,0.535712,0.114662,-0.543955,-0.837141,-0.057516,0.065176,-0.110488,0.991738,0,0.48000,-0.17586,28.800,-0.352,375.000,350.000,-1,350.000,975.000,300.000,300.000,300.000,300.000,600.000,75.000,25.000,-1,525.000,575.000,425.000,850.000,1,0,2,0,0,0,0,0,0,1,1,1,2,1,0,1,0
111,3494.910,-401.165,-31.424,-147.726,-0.839142,0.531041,0.117626,-0.539007,-0.840874,-0.049015,0.072880,-0.104531,0.991848,0,0.56000,-0.17130,33.600,-0.343,375.000,375.000,-1,350.000,975.000,300.000,300.000,300.000,300.000,625.000,75.000,25.000,925.000,525.000,575.000,425.000,850.000,1,0,2,0,0,0,0,0,0,1,1,1,1,1,0,1,0
112,3462.319,-421.475,-29.815,-148.058,-0.841554,0.526455,0.120963,-0.534130,-0.844409,-0.040970,0.080573,-0.099089,0.991811,0,0.64000,-0.16598,38.400,-0.332,350.000,375.000,-1,350.000,950.000,300.000,300.000,325.000,275.000,650.000,100.000,50.000,875.000,525.000,575.000,425.000,875.000,1,0,2,0,0,0,0,0,0,1,1,1,1,1,0,1,0
113,3428.660,-442.200,-26.430,-148.378,-0.844136,0.521704,0.123529,-0.529586,-0.847286,-0.040561,0.083503,-0.099659,0.991512,0,0.65877,-0.15989,39.526,-0.320,325.000,375.000,-1,350.000,975.000,300.000,300.000,325.000,300.000,700.000,125.000,75.000,950.000,500.000,575.000,400.000,875.000,1,0,2,0,0,0,0,0,0,1,1,1,1,1,0,1,0
114,3394.637,-462.898,-22.983,-148.685,-0.846565,0.517121,0.126150,-0.525218,-0.850019,-0.040177,0.086453,-0.100269,0.991197,0,0.66373,-0.15363,39.824,-0.307,300.000,375.000,-1,350.000,975.000,300.000,300.000,325.000,300.000,750.000,175.000,125.000,-1,475.000,575.000,375.000,875.000,1,0,2,0,0,0,0,0,0,1,1,1,2,1,0,1,0
115,3360.250,-483.576,-19.476,-148.980,-0.848842,0.512709,0.128826,-0.521028,-0.852610,-0.039816,0.089424,-0.100920,0.990868,0,0.66873,-0.14731,40.124,-0.295,300.000,375.000,-1,350.000,975.000,300.000,300.000,325.000,300.000,775.000,200.000,150.000,-1,475.000,575.000,350.000,875.000,1,1,2,0,0,0,0,1,0,1,1,1,2,1,0,1,0
116,3321.729,-506.692,-15.132,-149.034,-0.848689,0.511756,0.133537,-0.520588,-0.852865,-0.040130,0.093352,-0.103575,0.990231,0,0.74873,-0.02731,44.924,-0.055,275.000,350.000,-1,350.000,-1,300.000,300.000,300.000,300.000,800.000,225.000,175.000,-1,450.000,575.000,300.000,925.000,1,1,2,0,2,0,0,1,0,1,1,1,2,1,0,1,0
117,3279.176,-532.417,-10.245,-148.849,-0.846252,0.514314,0.139061,-0.523796,-0.850876,-0.040598,0.097443,-0.107196,0.989451,0,0.82873,0.09269,49.724,0.185,225.000,350.000,-1,350.000,-1,300.000,300.000,300.000,300.000,850.000,250.000,225.000,-1,425.000,575.000,275.000,975.000,1,1,2,0,2,0,0,1,0,1,1,1,2,1,0,1,0
118,3232.966,-560.619,-4.902,-148.608,-0.843175,0.517658,0.145208,-0.527889,-0.848320,-0.041071,0.101923,-0.111284,0.988548,0,0.90225,0.12061,54.135,0.241,200.000,325.000,-1,350.000,-1,300.000,300.000,275.000,300.000,875.000,275.000,250.000,-1,400.000,600.000,250.000,-1,1,1,2,0,2,0,0,1,0,1,1,1,2,1,0,1,2
119,3186.826,-589.059,1.174,-148.351,-0.839783,0.521379,0.151424,-0.532039,-0.845857,-0.038208,0.108162,-0.112650,0.987730,0,0.90333,0.12855,54.200,0.257,175.000,300.000,-1,350.000,-1,300.000,300.000,250.000,325.000,900.000,300.000,275.000,-1,400.000,600.000,200.000,-1,1,1,2,0,2,0,0,1,0,1,1,1,2,1,0,1,2
120,3140.787,-617.723,10.486,-148.077,-0.835894,0.526068,0.156635,-0.535311,-0.844400,-0.020762,0.121340,-0.101203,0.987438,0,0.90381,0.13697,54.228,0.274,175.000,300.000,-1,375.000,-1,300.000,300.000,250.000,300.000,950.000,300.000,300.000,-1,400.000,650.000,200.000,-1,1,1,2,0,2,1,0,1,0,1,0,1,2,1,0,1,2
121,3094.906,-646.618,19.862,-147.785,-0.831818,0.530951,0.161773,-0.538460,-0.842646,-0.003074,0.134685,-0.089665,0.986823,0,0.90363,0.14588,54.218,0.292,175.000,300.000,-1,400.000,-1,300.000,325.000,250.000,300.000,-1,275.000,250.000,-1,425.000,700.000,200.000,-1,1,1,2,0,2,1,0,1,0,2,0,0,2,1,0,1,2
122,3049.227,-675.734,29.419,-147.474,-0.827522,0.536059,0.166879,-0.541414,-0.840613,0.015495,0.148587,-0.077528,0.985856,0,0.90274,0.15532,54.164,0.311,175.000,325.000,-1,400.000,-1,300.000,350.000,250.000,300.000,-1,250.000,175.000,850.000,450.000,750.000,225.000,-1,1,1,2,0,2,1,0,1,0,2,0,0,0,1,0,1,2
123,3000.869,-707.220,39.509,-146.924,-0.820902,0.544584,0.171897,-0.547396,-0.836147,0.034872,0.162722,-0.065469,0.984498,0,0.96166,0.27532,57.699,0.551,175.000,325.000,-1,425.000,-1,325.000,350.000,225.000,275.000,-1,200.000,125.000,675.000,475.000,825.000,225.000,-1,1,1,2,0,2,1,1,1,0,2,0,0,0,1,1,1,2
124,2953.064,-739.298,49.621,-146.133,-0.812022,0.556406,0.176161,-0.556711,-0.829053,0.052383,0.175193,-0.055535,0.982967,0,0.95941,0.39532,57.565,0.791,175.000,325.000,-1,450.000,-1,325.000,375.000,225.000,275.000,-1,175.000,100.000,575.000,525.000,900.000,250.000,-1,1,1,2,0,2,1,1,1,0,2,0,0,0,1,1,1,2
125,2905.974,-772.142,59.528,-145.102,-0.800716,0.571483,0.179613,-0.569210,-0.819276,0.069188,0.186693,-0.046837,0.981301,0,0.95678,0.51532,57.407,1.031,200.000,350.000,-1,475.000,-1,325.000,375.000,225.000,275.000,-1,175.000,75.000,500.000,575.000,-1,275.000,-1,1,1,2,1,2,1,1,1,0,2,0,0,0,1,2,1,2
126,2859.671,-805.782,69.176,-144.000,-0.788522,0.587335,0.182403,-0.582459,-0.808396,0.085073,0.197420,-0.039161,0.979537,0,0.95379,0.55123,57.227,1.102,200.000,350.000,-1,475.000,-1,325.000,375.000,225.000,275.000,-1,150.000,75.000,450.000,675.000,-1,300.000,-1,1,1,2,1,2,1,1,1,0,2,0,0,0,1,2,1,2
127,2814.219,-840.188,78.880,-142.876,-0.775922,0.603201,0.184647,-0.596074,-0.796877,0.098402,0.206497,-0.033711,0.977866,0,0.95003,0.56206,57.002,1.124,200.000,375.000,-1,500.000,-1,350.000,375.000,200.000,250.000,-1,150.000,50.000,425.000,-1,-1,400.000,-1,1,1,2,1,2,1,1,1,0,2,0,0,0,2,2,1,2
128,2769.687,-875.321,88.566,-141.729,-0.762851,0.619098,0.186485,-0.610086,-0.784732,0.109504,0.214134,-0.030237,0.976336,0,0.94530,0.57341,56.718,1.147,200.000,375.000,-1,525.000,-1,350.000,375.000,200.000,250.000,-1,150.000,75.000,400.000,-1,-1,-1,-1,1,1,2,1,2,1,1,1,0,2,0,0,0,2,2,2,2
129,2295.774,2951.675,114.580,-115.144,-0.426207,0.904586,0.008487,-0.898993,-0.424580,0.107435,0.100787,0.038159,0.994176,1,0.00000,0.00000,56.376,1.170,-1,400.000,-1,375.000,-1,325.000,300.000,350.000,325.000,-1,-1,-1,-1,900.000,700.000,-1,-1,2,0,2,0,2,0,0,0,0,2,2,2,2,0,0,2,2
130,2293.744,2947.326,115.088,-115.015,-0.424175,0.905541,0.008410,-0.899956,-0.422556,0.107353,0.100767,0.037968,0.994185,0,0.08000,0.06417,4.800,0.128,-1,400.000,-1,375.000,-1,325.000,300.000,350.000,325.000,-1,-1,-1,-1,900.000,700.000,-1,-1,2,0,2,0,2,0,0,0,0,2,2,2,2,0,0,2,2
131,2289.704,2938.617,116.121,-114.887,-0.422148,0.906489,0.008222,-0.900924,-0.420529,0.107197,0.100630,0.037846,0.994204,0,0.16000,0.06417,9.600,0.128,-1,400.000,-1,375.000,-1,325.000,300.000,350.000,325.000,-1,-1,-1,-1,900.000,700.000,-1,-1,2,0,2,0,2,0,0,0,0,2,2,2,2,0,0,2,2
132,2283.674,2925.541,117.685,-114.759,-0.420126,0.907431,0.007929,-0.901896,-0.418498,0.106971,0.100387,0.037790,0.994231,0,0.24000,0.06417,14.400,0.128,-1,400.000,-1,375.000,-1,300.000,300.000,350.000,325.000,-1,-1,-1,-1,900.000,700.000,-1,-1,2,0,2,0,2,0,0,0,0,2,2,2,2,0,0,2,2
