timestep,x_cm,y_cm,z_cm,yaw_deg,basis_xx,basis_xy,basis_xz,basis_yx,basis_yy,basis_yz,basis_zx,basis_zy,basis_zz,teleport_flag,throttle_cmd,steering_cmd,cmd_move_cm,cmd_turn_deg,lidar_cm_0,lidar_cm_1,lidar_cm_2,lidar_cm_3,lidar_cm_4,lidar_cm_5,lidar_cm_6,lidar_cm_7,lidar_cm_8,lidar_cm_9,lidar_cm_10,lidar_cm_11,lidar_cm_12,lidar_cm_13,lidar_cm_14,lidar_cm_15,lidar_cm_16,lidar_class_0,lidar_class_1,lidar_class_2,lidar_class_3,lidar_class_4,lidar_class_5,lidar_class_6,lidar_class_7,lidar_class_8,lidar_class_9,lidar_class_10,lidar_class_11,lidar_class_12,lidar_class_13,lidar_class_14,lidar_class_15,lidar_class_16
0,-5579.625,-2298.085,-57.369,-151.237,-0.876746,0.480674,-0.016364,-0.480905,-0.875672,0.043912,0.006778,0.046369,0.998901,1,0.08000,-0.12000,4.800,-0.240,-1,375.000,-1,400.000,-1,325.000,325.000,300.000,300.000,-1,-1,-1,-1,750.000,725.000,-1,-1,2,0,2,0,2,0,0,0,0,2,2,2,2,0,0,2,2
1,-5588.071,-2302.649,-57.303,-151.614,-0.879894,0.474890,-0.016306,-0.475125,-0.878817,0.044007,0.006569,0.046469,0.998898,0,0.16000,-0.18881,9.600,-0.378,-1,375.000,-1,400.000,-1,325.000,325.000,300.000,300.000,-1,-1,-1,-1,750.000,725.000,-1,-1,2,0,2,0,2,0,0,0,0,2,2,2,2,0,0,2,2
2,-5600.784,-2309.411,-57.210,-151.992,-0.883004,0.469085,-0.016220,-0.469322,-0.881923,0.044149,0.006405,0.046596,0.998893,0,0.24000,-0.18881,14.400,-0.378,-1,400.000,-1,400.000,-1,325.000,325.000,300.000,300.000,-1,-1,-1,-1,750.000,700.000,-1,-1,2,0,2,0,2,0,0,0,0,2,2,2,2,0,0,2,2
3,-5617.794,-2318.316,-57.094,-152.370,-0.886077,0.463259,-0.016106,-0.463496,-0.884989,0.044337,0.006286,0.046751,0.998887,0,0.32000,-0.18881,19.200,-0.378,-1,400.000,-1,375.000,-1,325.000,325.000,300.000,300.000,-1,-1,-1,-1,750.000,700.000,-1,-1,2,0,2,0,2,0,0,0,0,2,2,2,2,0,0,2,2
4,-5639.130,-2329.306,-56.956,-152.747,-0.889111,0.457412,-0.015963,-0.457649,-0.888015,0.044571,0.006212,0.046934,0.998879,0,0.40000,-0.18881,24.000,-0.378,-1,400.000,-1,375.000,-1,325.000,325.000,300.000,300.000,-1,-1,-1,-1,750.000,700.000,-1,-1,2,0,2,0,2,0,0,0,0,2,2,2,2,0,0,2,2
5,-5664.820,-2342.325,-56.800,-153.125,-0.892109,0.451545,-0.015790,-0.451779,-0.891002,0.044852,0.006184,0.047146,0.998869,0,0.48000,-0.18881,28.800,-0.378,-1,400.000,-1,375.000,-1,325.000,325.000,300.000,300.000,-1,-1,-1,-1,750.000,700.000,-1,-1,2,0,2,0,2,0,0,0,0,2,2,2,2,0,0,2,2
6,-5694.890,-2357.316,-56.627,-153.502,-0.895068,0.445658,-0.015586,-0.445887,-0.893948,0.045179,0.006201,0.047388,0.998857,0,0.56000,-0.18881,33.600,-0.378,-1,400.000,-1,375.000,-1,325.000,325.000,300.000,300.000,-1,-1,-1,-1,750.000,700.000,-1,-1,2,0,2,0,2,0,0,0,0,2,2,2,2,0,0,2,2
7,-5728.548,-2373.819,-56.444,-153.880,-0.897989,0.439751,-0.015348,-0.439974,-0.896855,0.045541,0.006261,0.047648,0.998845,0,0.62477,-0.18881,37.486,-0.378,-1,400.000,-1,375.000,-1,325.000,325.000,300.000,300.000,-1,-1,-1,-1,750.000,700.000,-1,-1,2,0,2,0,2,0,0,0,0,2,2,2,2,0,0,2,2
8,-5762.314,-2390.101,-56.238,-154.258,-0.900871,0.433827,-0.015015,-0.434040,-0.899728,0.045817,0.006368,0.047792,0.998837,0,0.62477,-0.18881,37.486,-0.378,-1,375.000,-1,375.000,-1,325.000,325.000,300.000,300.000,-1,-1,-1,-1,750.000,700.000,-1,-1,2,0,2,0,2,0,0,0,0,2,2,2,2,0,0,2,2
9,-5796.186,-2406.159,-56.000,-154.635,-0.903712,0.427888,-0.014724,-0.428095,-0.902568,0.045895,0.006348,0.047780,0.998838,0,0.62477,-0.18881,37.486,-0.378,-1,375.000,-1,375.000,-1,325.000,325.000,300.000,300.000,-1,-1,-1,-1,750.000,700.000,-1,-1,2,0,2,0,2,0,0,0,0,2,2,2,2,0,0,2,2
10,-5830.164,-2421.994,-55.771,-155.013,-0.906513,0.421931,-0.014435,-0.422130,-0.905369,0.045972,0.006328,0.047767,0.998838,0,0.62477,-0.18881,37.486,-0.378,-1,375.000,-1,375.000,-1,325.000,300.000,300.000,300.000,-1,-1,-1,-1,750.000,700.000,-1,-1,2,0,2,0,2,0,0,0,0,2,2,2,2,0,0,2,2
11,-5864.245,-2437.604,-55.418,-155.391,-0.909280,0.415965,-0.013572,-0.416132,-0.908152,0.045757,0.006708,0.047254,0.998860,0,0.62477,-0.18881,37.486,-0.378,-1,375.000,-1,375.000,-1,325.000,300.000,300.000,300.000,-1,-1,-1,-1,750.000,700.000,-1,-1,2,0,2,0,2,0,0,0,0,2,2,2,2,0,0,2,2
12,-5898.429,-2452.989,-55.060,-155.768,-0.912006,0.409981,-0.012656,-0.410114,-0.910898,0.045504,0.007128,0.046691,0.998884,0,0.62477,-0.18881,37.486,-0.378,-1,375.000,-1,375.000,-1,325.000,300.000,300.000,300.000,-1,-1,-1,-1,750.000,700.000,-1,-1,2,0,2,0,2,0,0,0,0,2,2,2,2,0,0,2,2
13,-5932.713,-2468.148,-54.713,-156.146,-0.914693,0.403979,-0.011746,-0.404079,-0.913604,0.045241,0.007545,0.046128,0.998907,0,0.62477,-0.18881,37.486,-0.378,-1,375.000,-1,375.000,-1,325.000,300.000,300.000,300.000,-1,-1,-1,-1,750.000,700.000,-1,-1,2,0,2,0,2,0,0,0,0,2,2,2,2,0,0,2,2
14,-5967.096,-2483.081,-54.376,-156.523,-0.917339,0.397959,-0.010843,-0.398027,-0.916271,0.044969,0.007961,0.045567,0.998930,0,0.62477,-0.18881,37.486,-0.378,-1,375.000,-1,375.000,-1,325.000,300.000,300.000,300.000,-1,-1,-1,-1,750.000,700.000,-1,-1,2,0,2,0,2,0,0,0,0,2,2,2,2,0,0,2,2
15,-6001.577,-2497.788,-54.013,-156.901,-0.919944,0.391919,-0.010115,-0.391963,-0.918891,0.044778,0.008254,0.045158,0.998946,0,0.62477,-0.18881,37.486,-0.378,-1,375.000,-1,375.000,-1,300.000,300.000,300.000,300.000,-1,-1,-1,-1,750.000,700.000,-1,-1,2,0,2,0,2,0,0,0,0,2,2,2,2,0,0,2,2
16,-6036.154,-2512.267,-53.644,-157.279,-0.922509,0.385860,-0.009453,-0.385882,-0.921468,0.044619,0.008506,0.044809,0.998959,0,0.62477,-0.18881,37.486,-0.378,-1,375.000,-1,375.000,-1,300.000,300.000,300.000,300.000,-1,-1,-1,-1,750.000,700.000,-1,-1,2,0,2,0,2,0,0,0,0,2,2,2,2,0,0,2,2
17,-6070.826,-2526.518,-53.154,-157.656,-0.925039,0.379775,-0.008600,-0.379762,-0.923983,0.045121,0.009189,0.045005,0.998945,0,0.62477,-0.18881,37.486,-0.378,-1,375.000,-1,375.000,-1,325.000,300.000,300.000,300.000,-1,-1,-1,-1,750.000,700.000,-1,-1,2,0,2,0,2,0,0,0,0,2,2,2,2,0,0,2,2
18,-6105.591,-2540.540,-52.674,-158.034,-0.927528,0.373674,-0.007743,-0.373624,-0.926458,0.045612,0.009870,0.045199,0.998929,0,0.62477,-0.18881,37.486,-0.378,-1,375.000,-1,375.000,-1,325.000,300.000,300.000,300.000,-1,1000.000,1000.000,-1,750.000,700.000,-1,-1,2,0,2,0,2,0,0,0,0,2,0,0,2,0,0,2,2
19,-6140.447,-2554.332,-52.206,-158.412,-0.929976,0.367557,-0.006883,-0.367470,-0.928893,0.046091,0.010547,0.045393,0.998914,0,0.62477,-0.18881,37.486,-0.378,-1,375.000,-1,375.000,-1,325.000,325.000,325.000,300.000,-1,950.000,950.000,-1,775.000,700.000,-1,-1,2,0,2,0,2,0,0,0,0,2,0,0,2,0,0,2,2
20,-6175.394,-2567.895,-51.748,-158.789,-0.932382,0.361423,-0.006019,-0.361299,-0.931287,0.046559,0.011222,0.045585,0.998897,0,0.62477,-0.18881,37.486,-0.378,-1,400.000,-1,375.000,-1,325.000,325.000,325.000,300.000,-1,900.000,900.000,-1,775.000,700.000,-1,-1,2,0,2,0,2,0,0,0,0,2,0,0,2,0,0,2,2
21,-6210.429,-2581.227,-51.301,-159.167,-0.934748,0.355275,-0.005152,-0.355113,-0.933640,0.047015,0.011893,0.045777,0.998881,0,0.62477,-0.18881,37.486,-0.378,-1,400.000,-1,375.000,-1,325.000,325.000,325.000,300.000,-1,875.000,875.000,-1,775.000,700.000,-1,-1,2,0,2,0,2,0,0,0,0,2,0,0,2,0,0,2,2
22,-6245.552,-2594.328,-50.915,-159.544,-0.937070,0.349114,-0.004365,-0.348921,-0.935962,0.047207,0.012395,0.045759,0.998876,0,0.62477,-0.18881,37.486,-0.378,-1,400.000,-1,375.000,-1,325.000,325.000,325.000,300.000,-1,850.000,850.000,-1,775.000,700.000,-1,-1,2,0,2,0,2,0,0,0,0,2,0,0,2,0,0,2,2
23,-6280.760,-2607.197,-50.555,-159.922,-0.939351,0.342939,-0.003601,-0.342717,-0.938246,0.047318,0.012848,0.045683,0.998873,0,0.62477,-0.18881,37.486,-0.378,-1,400.000,-1,375.000,-1,325.000,325.000,325.000,300.000,-1,825.000,825.000,-1,775.000,700.000,-1,-1,2,0,2,0,2,0,0,0,0,2,0,0,2,0,0,2,2
24,-6320.511,-2621.618,-50.162,-160.060,-0.940173,0.340687,-0.002757,-0.340428,-0.939075,0.047399,0.013559,0.045502,0.998872,0,0.70477,-0.06881,42.286,-0.138,-1,400.000,-1,375.000,-1,325.000,325.000,325.000,300.000,-1,800.000,800.000,-1,775.000,700.000,-1,-1,2,0,2,0,2,0,0,0,0,2,0,0,2,0,0,2,2
25,-6361.348,-2636.516,-49.763,-159.957,-0.939564,0.342368,-0.001912,-0.342069,-0.938477,0.047439,0.014447,0.045226,0.998872,0,0.72450,0.05119,43.470,0.102,-1,400.000,-1,375.000,-1,325.000,325.000,325.000,300.000,-1,775.000,775.000,-1,775.000,700.000,-1,-1,2,0,2,0,2,0,0,0,0,2,0,0,2,0,0,2,2
26,-6402.096,-2651.657,-49.339,-159.615,-0.937502,0.347977,-0.001126,-0.347637,-0.936433,0.047339,0.015418,0.044772,0.998878,0,0.72450,0.17119,43.470,0.342,-1,400.000,-1,375.000,-1,325.000,325.000,325.000,300.000,-1,775.000,775.000,-1,800.000,700.000,-1,-1,2,0,2,0,2,0,0,0,0,2,0,0,2,0,0,2,2
27,-6442.687,-2667.212,-48.906,-159.033,-0.933918,0.357486,-0.000364,-0.357104,-0.932871,0.047213,0.016539,0.044222,0.998885,0,0.72450,0.29119,43.470,0.582,-1,400.000,-1,375.000,-1,325.000,300.000,325.000,300.000,-1,750.000,775.000,-1,800.000,700.000,-1,-1,2,0,2,0,2,0,0,0,0,2,0,0,2,0,0,2,2
28,-6483.052,-2683.348,-48.255,-158.210,-0.928688,0.370861,0.000101,-0.370462,-0.927700,0.046154,0.017210,0.042825,0.998934,0,0.72450,0.41119,43.470,0.822,-1,400.000,-1,375.000,-1,325.000,300.000,325.000,300.000,-1,775.000,825.000,-1,800.000,700.000,-1,-1,2,0,2,0,2,0,0,0,0,2,0,0,2,0,0,2,2
29,-6523.110,-2700.229,-47.495,-157.148,-0.921647,0.388028,0.000921,-0.387599,-0.920736,0.044862,0.018255,0.040991,0.998993,0,0.72450,0.53119,43.470,1.062,-1,400.000,-1,375.000,-1,325.000,300.000,325.000,300.000,-1,825.000,850.000,-1,800.000,700.000,-1,-1,2,0,2,0,2,0,0,0,0,2,0,0,2,0,0,2,2
30,-6562.774,-2718.015,-46.675,-155.846,-0.912582,0.408889,0.001892,-0.408427,-0.911754,0.043484,0.019505,0.038910,0.999052,0,0.72450,0.65119,43.470,1.302,-1,400.000,-1,375.000,-1,325.000,300.000,325.000,300.000,-1,850.000,875.000,-1,800.000,700.000,-1,-1,2,0,2,0,2,0,0,0,0,2,0,0,2,0,0,2,2
31,-6601.945,-2736.863,-45.819,-154.303,-0.901237,0.433318,0.002898,-0.432825,-0.900494,0.042104,0.020854,0.036692,0.999109,0,0.72450,0.77119,43.470,1.542,-1,400.000,-1,375.000,-1,325.000,300.000,325.000,300.000,-1,875.000,925.000,-1,800.000,725.000,-1,-1,2,0,2,0,2,0,0,0,0,2,0,0,2,0,0,2,2
32,-6640.514,-2756.915,-44.921,-152.529,-0.887374,0.461033,0.003939,-0.460511,-0.886718,0.040744,0.022277,0.034341,0.999162,0,0.72450,0.88724,43.470,1.774,-1,400.000,-1,375.000,-1,325.000,300.000,325.000,300.000,-1,900.000,975.000,-1,825.000,725.000,-1,-1,2,0,2,0,2,0,0,0,0,2,0,0,2,0,0,2,2
33,-6678.443,-2778.152,-43.855,-150.754,-0.872665,0.488300,0.004407,-0.487768,-0.872071,0.039672,0.023215,0.032471,0.999203,0,0.72450,0.88724,43.470,1.774,-1,400.000,-1,375.000,-1,325.000,300.000,300.000,300.000,-1,975.000,-1,-1,825.000,725.000,-1,-1,2,0,2,0,2,0,0,0,0,2,0,2,2,0,0,2,2
34,-6715.798,-2800.613,-42.748,-148.982,-0.857132,0.515073,0.004904,-0.514533,-0.856601,0.038598,0.024082,0.030560,0.999243,0,0.72646,0.88630,43.588,1.773,-1,400.000,-1,375.000,-1,325.000,325.000,300.000,300.000,-1,-1,-1,-1,825.000,750.000,-1,-1,2,0,2,0,2,0,0,0,0,2,2,2,2,0,0,2,2
35,-6752.670,-2824.362,-41.596,-147.214,-0.840824,0.541281,0.005432,-0.540737,-0.840355,0.037518,0.024873,0.028609,0.999281,0,0.73098,0.88379,43.859,1.768,-1,400.000,-1,375.000,-1,325.000,325.000,300.000,300.000,-1,-1,-1,-1,850.000,750.000,-1,-1,2,0,2,0,2,0,0,0,0,2,2,2,2,0,0,2,2
36,-6789.005,-2849.378,-40.372,-145.452,-0.823771,0.566891,0.006003,-0.566340,-0.823359,0.036595,0.025687,0.026746,0.999312,0,0.73523,0.88090,44.114,1.762,-1,400.000,-1,375.000,-1,325.000,325.000,300.000,300.000,-1,-1,-1,-1,850.000,775.000,-1,-1,2,0,2,0,2,0,0,0,0,2,2,2,2,0,0,2,2
37,-6824.747,-2875.635,-39.093,-143.697,-0.806004,0.591873,0.006597,-0.591317,-0.805647,0.035733,0.026465,0.024900,0.999340,0,0.73918,0.87762,44.351,1.755,-1,400.000,-1,400.000,-1,325.000,325.000,300.000,300.000,-1,-1,-1,-1,875.000,775.000,-1,-1,2,0,2,0,2,0,0,0,0,2,2,2,2,0,0,2,2
38,-6859.843,-2903.104,-37.777,-141.949,-0.787557,0.616200,0.007211,-0.615643,-0.787254,0.034859,0.027157,0.023014,0.999366,0,0.74278,0.87397,44.567,1.748,-1,400.000,-1,400.000,-1,325.000,325.000,300.000,300.000,-1,-1,-1,-1,900.000,800.000,-1,-1,2,0,2,0,2,0,0,0,0,2,2,2,2,0,0,2,2
39,-6894.236,-2931.750,-36.425,-140.209,-0.768463,0.639846,0.007845,-0.639291,-0.768214,0.033972,0.027764,0.021091,0.999392,0,0.74601,0.86996,44.760,1.740,-1,400.000,-1,400.000,-1,325.000,325.000,300.000,300.000,-1,-1,-1,-1,900.000,800.000,-1,-1,2,0,2,0,2,0,0,0,0,2,2,2,2,0,0,2,2
40,-6927.875,-2961.534,-35.353,-138.478,-0.748788,0.662773,0.007028,-0.662245,-0.748545,0.033330,0.027351,0.020302,0.999420,0,0.74882,0.86560,44.929,1.731,-1,400.000,-1,400.000,-1,325.000,325.000,300.000,300.000,-1,-1,-1,-1,925.000,825.000,-1,-1,2,0,2,0,2,0,0,0,0,2,2,2,2,0,0,2,2
41,-6960.707,-2992.412,-34.343,-136.756,-0.728529,0.684982,0.006708,-0.684479,-0.728311,0.032413,0.027088,0.019022,0.999452,0,0.75120,0.86091,45.072,1.722,-1,400.000,-1,400.000,-1,325.000,325.000,300.000,300.000,-1,-1,-1,-1,925.000,825.000,-1,-1,2,0,2,0,2,0,0,0,0,2,2,2,2,0,0,2,2
42,-6992.683,-3024.338,-33.226,-135.044,-0.707729,0.706454,0.006466,-0.705988,-0.707546,0.030975,0.026457,0.017357,0.999499,0,0.75310,0.85590,45.186,1.712,-1,425.000,-1,400.000,-1,325.000,325.000,300.000,300.000,-1,-1,-1,-1,925.000,825.000,-1,-1,2,0,2,0,2,0,0,0,0,2,2,2,2,0,0,2,2
43,-7023.755,-3057.261,-32.106,-133.343,-0.686431,0.727168,0.006275,-0.726739,-0.686280,0.029504,0.025761,0.015692,0.999545,0,0.75450,0.85061,45.270,1.701,-1,425.000,-1,400.000,-1,325.000,325.000,300.000,300.000,-1,-1,-1,-1,925.000,825.000,-1,-1,2,0,2,0,2,0,0,0,0,2,2,2,2,0,0,2,2
44,-7053.878,-3091.125,-30.984,-131.653,-0.664670,0.747112,0.006140,-0.746718,-0.664551,0.028005,0.025003,0.014029,0.999589,0,0.75539,0.84507,45.323,1.690,-1,425.000,-1,400.000,-1,325.000,325.000,300.000,300.000,-1,-1,-1,-1,925.000,850.000,-1,-1,2,0,2,0,2,0,0,0,0,2,2,2,2,0,0,2,2
45,-7083.010,-3125.875,-29.863,-129.974,-0.642485,0.766275,0.006064,-0.765917,-0.642394,0.026481,0.024187,0.012369,0.999631,0,0.75575,0.83931,45.345,1.679,-1,425.000,-1,400.000,-1,325.000,325.000,300.000,300.000,-1,-1,-1,-1,925.000,850.000,-1,-1,2,0,2,0,2,0,0,0,0,2,2,2,2,0,0,2,2
46,-7111.113,-3161.448,-28.743,-128.308,-0.619909,0.784650,0.006050,-0.784327,-0.619846,0.024939,0.023318,0.010715,0.999671,0,0.75558,0.83337,45.335,1.667,-1,425.000,-1,400.000,-1,325.000,325.000,300.000,300.000,-1,-1,-1,-1,925.000,875.000,-1,-1,2,0,2,0,2,0,0,0,0,2,2,2,2,0,0,2,2
47,-7138.151,-3197.785,-27.699,-126.653,-0.596976,0.802235,0.006196,-0.801953,-0.596943,0.023017,0.022163,0.008771,0.999716,0,0.75488,0.82729,45.293,1.655,-1,425.000,-1,400.000,-1,325.000,325.000,300.000,300.000,-1,-1,-1,-1,925.000,900.000,-1,-1,2,0,2,0,2,0,0,0,0,2,2,2,2,0,0,2,2
48,-7164.095,-3234.822,-26.829,-125.011,-0.573715,0.819029,0.006521,-0.818801,-0.573717,0.020354,0.020411,0.006338,0.999772,0,0.75366,0.82114,45.220,1.642,-1,425.000,-1,400.000,-1,325.000,325.000,300.000,300.000,-1,-1,-1,-1,925.000,900.000,-1,-1,2,0,2,0,2,0,0,0,0,2,2,2,2,0,0,2,2
49,-7188.919,-3272.496,-26.012,-123.381,-0.550169,0.835026,0.006771,-0.834849,-0.550196,0.017668,0.018478,0.004067,0.999821,0,0.75195,0.81495,45.117,1.630,-1,425.000,-1,400.000,-1,325.000,325.000,300.000,300.000,-1,-1,-1,-1,900.000,900.000,-1,-1,2,0,2,0,2,0,0,0,0,2,2,2,2,0,0,2,2
50,-7212.600,-3310.744,-25.201,-121.763,-0.526363,0.850230,0.007166,-0.850100,-0.526408,0.014978,0.016507,0.001792,0.999862,0,0.74977,0.80880,44.986,1.618,-1,425.000,-1,425.000,-1,325.000,325.000,300.000,300.000,-1,-1,-1,-1,900.000,900.000,-1,-1,2,0,2,0,2,0,0,0,0,2,2,2,2,0,0,2,2
51,-7235.809,-3350.772,-24.371,-120.106,-0.501547,0.865096,0.007727,-0.865010,-0.501606,0.012210,0.014439,-0.000560,0.999896,0,0.77116,0.82842,46.269,1.657,-1,425.000,-1,425.000,-1,325.000,325.000,300.000,300.000,-1,-1,-1,-1,875.000,925.000,-1,-1,2,0,2,0,2,0,0,0,0,2,2,2,2,0,0,2,2
52,-7257.855,-3391.436,-23.861,-118.464,-0.476537,0.879119,0.007868,-0.879055,-0.476598,0.010820,0.013262,-0.001760,0.999911,0,0.77094,0.82140,46.256,1.643,-1,425.000,-1,425.000,-1,325.000,325.000,300.000,300.000,-1,-1,-1,-1,875.000,925.000,-1,-1,2,0,2,0,2,0,0,0,0,2,2,2,2,0,0,2,2
53,-7278.713,-3432.666,-23.390,-116.835,-0.451365,0.892305,0.007858,-0.892259,-0.451425,0.009442,0.011973,-0.002750,0.999925,0,0.77009,0.81414,46.205,1.628,-1,425.000,-1,425.000,-1,325.000,325.000,300.000,300.000,-1,-1,-1,-1,875.000,925.000,-1,-1,2,0,2,0,2,0,0,0,0,2,2,2,2,0,0,2,2
54,-7300.629,-3478.723,-23.205,-115.447,-0.429638,0.902981,0.006047,-0.902953,-0.429674,0.007484,0.009356,-0.002245,0.999954,0,0.85009,0.69414,51.005,1.388,-1,425.000,-1,425.000,-1,325.000,325.000,300.000,300.000,-1,-1,-1,-1,875.000,925.000,-1,-1,2,0,2,0,2,0,0,0,0,2,2,2,2,0,0,2,2
55,-7323.592,-3529.584,-23.022,-114.299,-0.411475,0.911412,0.004164,-0.911398,-0.411493,0.005265,0.006513,-0.001629,0.999977,0,0.93009,0.57414,55.805,1.148,-1,400.000,-1,425.000,-1,325.000,325.000,300.000,300.000,-1,-1,-1,-1,850.000,900.000,-1,-1,2,0,2,0,2,0,0,0,0,2,2,2,2,0,0,2,2
56,-7347.188,-3584.137,-22.852,-113.390,-0.396989,0.917821,0.002235,-0.917817,-0.396994,0.002843,0.003497,-0.000923,0.999993,0,0.99062,0.45414,59.437,0.908,-1,400.000,-1,425.000,-1,325.000,325.000,300.000,300.000,-1,-1,-1,-1,850.000,900.000,-1,-1,2,0,2,0,2,0,0,0,0,2,2,2,2,0,0,2,2
57,-7370.085,-3638.814,-22.709,-112.722,-0.386262,0.922389,0.000363,-0.922389,-0.386262,0.000386,0.000496,-0.000185,1.000000,0,0.98796,0.33414,59.278,0.668,-1,400.000,-1,425.000,-1,325.000,325.000,300.000,300.000,-1,-1,-1,-1,825.000,875.000,-1,-1,2,0,2,0,2,0,0,0,0,2,2,2,2,0,0,2,2
58,-7392.505,-3693.497,-22.593,-112.294,-0.379354,0.925250,-0.001481,-0.925248,-0.379356,-0.002090,-0.002496,0.000577,0.999997,0,0.98502,0.21414,59.101,0.428,-1,400.000,-1,400.000,-1,325.000,325.000,300.000,300.000,-1,-1,-1,-1,825.000,875.000,-1,-1,2,0,2,0,2,0,0,0,0,2,2,2,2,0,0,2,2
59,-7414.676,-3748.081,-22.505,-112.106,-0.376301,0.926491,-0.003323,-0.926481,-0.376314,-0.004570,-0.005485,0.001359,0.999984,0,0.98191,0.09414,58.914,0.188,-1,400.000,-1,400.000,-1,325.000,325.000,300.000,300.000,-1,-1,-1,-1,800.000,850.000,-1,-1,2,0,2,0,2,0,0,0,0,2,2,2,2,0,0,2,2
60,-7436.602,-3802.558,-22.450,-111.924,-0.373342,0.927679,-0.005153,-0.927655,-0.373372,-0.007044,-0.008459,0.002151,0.999962,0,0.97873,0.09090,58.724,0.182,-1,400.000,-1,400.000,-1,325.000,325.000,300.000,300.000,-1,-1,-1,-1,800.000,850.000,-1,-1,2,0,2,0,2,0,0,0,0,2,2,2,2,0,0,2,2
61,-7458.280,-3856.904,-22.814,-111.747,-0.370470,0.928828,-0.005575,-0.928788,-0.370507,-0.008751,-0.010193,0.001937,0.999946,0,0.97517,0.08841,58.510,0.177,-1,400.000,-1,400.000,-1,325.000,325.000,300.000,300.000,-1,-1,-1,-1,775.000,850.000,-1,-1,2,0,2,0,2,0,0,0,0,2,2,2,2,0,0,2,2
62,-7479.709,-3911.097,-23.254,-111.574,-0.367664,0.929940,-0.005846,-0.929881,-0.367707,-0.010606,-0.012012,0.001537,0.999927,0,0.97127,0.08631,58.276,0.173,-1,400.000,-1,400.000,-1,325.000,325.000,300.000,300.000,-1,-1,-1,-1,775.000,825.000,-1,-1,2,0,2,0,2,0,0,0,0,2,2,2,2,0,0,2,2
63,-7500.885,-3965.120,-23.729,-111.405,-0.364910,0.931023,-0.006087,-0.930940,-0.364959,-0.012465,-0.013826,0.001118,0.999904,0,0.96709,0.08463,58.025,0.169,-1,400.000,-1,400.000,-1,325.000,325.000,300.000,300.000,-1,-1,-1,-1,775.000,825.000,-1,-1,2,0,2,0,2,0,0,0,0,2,2,2,2,0,0,2,2
64,-7521.809,-4018.959,-24.408,-111.238,-0.362188,0.932081,-0.006713,-0.931982,-0.362248,-0.013611,-0.015119,0.001326,0.999885,0,0.96269,0.08336,57.761,0.167,-1,400.000,-1,400.000,-1,325.000,325.000,300.000,300.000,-1,-1,-1,-1,750.000,825.000,-1,-1,2,0,2,0,2,0,0,0,0,2,2,2,2,0,0,2,2
65,-7542.480,-4072.602,-25.340,-111.073,-0.359483,0.933118,-0.007884,-0.933018,-0.359561,-0.013924,-0.015828,0.002350,0.999872,0,0.95814,0.08250,57.488,0.165,-1,400.000,-1,400.000,-1,325.000,325.000,300.000,300.000,-1,-1,-1,-1,750.000,825.000,-1,-1,2,0,2,0,2,0,0,0,0,2,2,2,2,0,0,2,2
66,-7562.898,-4126.044,-26.314,-110.909,-0.356786,0.934142,-0.009113,-0.934039,-0.356886,-0.014269,-0.016581,0.003421,0.999857,0,0.95349,0.08206,57.210,0.164,-1,400.000,-1,400.000,-1,325.000,325.000,300.000,300.000,-1,-1,-1,-1,750.000,825.000,-1,-1,2,0,2,0,2,0,0,0,0,2,2,2,2,0,0,2,2
67,-7583.063,-4179.283,-27.311,-110.745,-0.354087,0.935156,-0.010313,-0.935052,-0.354209,-0.014618,-0.017323,0.004467,0.999840,0,0.94883,0.08202,56.930,0.164,-1,400.000,-1,400.000,-1,325.000,325.000,300.000,300.000,-1,-1,-1,-1,750.000,825.000,-1,-1,2,0,2,0,2,0,0,0,0,2,2,2,2,0,0,2,2
68,-7602.978,-4232.321,-28.331,-110.580,-0.351371,0.936166,-0.011485,-0.936062,-0.351516,-0.014970,-0.018052,0.005491,0.999822,0,0.94422,0.08239,56.653,0.165,-1,400.000,-1,400.000,-1,325.000,325.000,300.000,300.000,-1,-1,-1,-1,750.000,800.000,-1,-1,2,0,2,0,2,0,0,0,0,2,2,2,2,0,0,2,2
69,-7622.644,-4285.163,-29.373,-110.414,-0.348627,0.937176,-0.012630,-0.937074,-0.348795,-0.015326,-0.018768,0.006492,0.999803,0,0.93972,0.08315,56.383,0.166,-1,400.000,-1,400.000,-1,325.000,325.000,300.000,300.000,-1,-1,-1,-1,750.000,800.000,-1,-1,2,0,2,0,2,0,0,0,0,2,2,2,2,0,0,2,2
70,-7642.066,-4337.820,-30.436,-110.246,-0.345841,0.938192,-0.013747,-0.938091,-0.346034,-0.015685,-0.019472,0.007472,0.999782,0,0.93540,0.08430,56.124,0.169,-1,400.000,-1,400.000,-1,325.000,325.000,300.000,300.000,-1,-1,-1,-1,750.000,800.000,-1,-1,2,0,2,0,2,0,0,0,0,2,2,2,2,0,0,2,2
71,-7661.245,-4390.303,-31.520,-110.074,-0.343002,0.939218,-0.014839,-0.939118,-0.343219,-0.016047,-0.020164,0.008431,0.999761,0,0.93130,0.08582,55.878,0.172,-1,400.000,-1,400.000,-1,325.000,325.000,300.000,300.000,-1,-1,-1,-1,750.000,800.000,-1,-1,2,0,2,0,2,0,0,0,0,2,2,2,2,0,0,2,2
72,-7680.185,-4442.629,-32.624,-109.898,-0.340096,0.940256,-0.015904,-0.940160,-0.340339,-0.016412,-0.020844,0.009371,0.999739,0,0.92747,0.08771,55.648,0.175,-1,400.000,-1,400.000,-1,325.000,325.000,300.000,300.000,-1,-1,-1,-1,750.000,775.000,-1,-1,2,0,2,0,2,0,0,0,0,2,2,2,2,0,0,2,2
73,-7698.890,-4494.817,-33.786,-109.719,-0.337116,0.941313,-0.016808,-0.941217,-0.337382,-0.016843,-0.021525,0.010142,0.999717,0,0.92397,0.08995,55.438,0.180,-1,375.000,-1,400.000,-1,325.000,325.000,300.000,300.000,-1,-1,-1,-1,725.000,775.000,-1,-1,2,0,2,0,2,0,0,0,0,2,2,2,2,0,0,2,2
74,-7717.362,-4546.886,-34.952,-109.533,-0.334049,0.942390,-0.017681,-0.942299,-0.334337,-0.017061,-0.021990,0.010961,0.999698,0,0.92081,0.09253,55.249,0.185,-1,375.000,-1,400.000,-1,325.000,325.000,300.000,300.000,-1,-1,-1,-1,725.000,775.000,-1,-1,2,0,2,0,2,0,0,0,0,2,2,2,2,0,0,2,2
75,-7735.606,-4598.859,-36.080,-109.343,-0.330882,0.943487,-0.018693,-0.943410,-0.331192,-0.017018,-0.022247,0.012005,0.999680,0,0.91804,0.09544,55.082,0.191,-1,375.000,-1,400.000,-1,325.000,325.000,300.000,300.000,-1,-1,-1,-1,725.000,775.000,-1,-1,2,0,2,0,2,0,0,0,0,2,2,2,2,0,0,2,2
76,-7753.624,-4650.759,-37.226,-109.145,-0.327604,0.944610,-0.019703,-0.944548,-0.327936,-0.016946,-0.022469,0.013059,0.999662,0,0.91566,0.09866,54.939,0.197,-1,375.000,-1,400.000,-1,325.000,325.000,300.000,300.000,-1,-1,-1,-1,725.000,775.000,-1,-1,2,0,2,0,2,0,0,0,0,2,2,2,2,0,0,2,2
77,-7770.104,-4698.113,-38.306,-109.188,-0.328286,0.944353,-0.020614,-0.944308,-0.328636,-0.016736,-0.022579,0.013972,0.999647,0,0.83566,-0.02134,50.139,-0.043,-1,375.000,-1,400.000,-1,325.000,325.000,300.000,300.000,-1,-1,-1,-1,725.000,750.000,-1,-1,2,0,2,0,2,0,0,0,0,2,2,2,2,0,0,2,2
78,-7786.360,-4744.096,-39.273,-109.471,-0.332936,0.942715,-0.021009,-0.942683,-0.333289,-0.016354,-0.022419,0.014360,0.999646,0,0.81287,-0.14134,48.772,-0.283,-1,375.000,-1,400.000,-1,325.000,325.000,300.000,300.000,-1,-1,-1,-1,725.000,750.000,-1,-1,2,0,2,0,2,0,0,0,0,2,2,2,2,0,0,2,2
79,-7803.026,-4789.901,-40.264,-109.993,-0.341518,0.939632,-0.021388,-0.939610,-0.341874,-0.015968,-0.022316,0.014643,0.999644,0,0.81237,-0.26134,48.742,-0.523,-1,375.000,-1,400.000,-1,325.000,325.000,300.000,300.000,-1,-1,-1,-1,725.000,750.000,-1,-1,2,0,2,0,2,0,0,0,0,2,2,2,2,0,0,2,2
80,-7820.300,-4835.482,-41.283,-110.756,-0.353992,0.934995,-0.021746,-0.934983,-0.354350,-0.015581,-0.022274,0.014817,0.999642,0,0.81241,-0.38134,48.745,-0.763,-1,375.000,-1,400.000,-1,325.000,325.000,300.000,300.000,-1,-1,-1,-1,725.000,750.000,-1,-1,2,0,2,0,2,0,0,0,0,2,2,2,2,0,0,2,2
81,-7838.286,-4880.820,-42.329,-111.638,-0.368335,0.929431,-0.022082,-0.929426,-0.368694,-0.015194,-0.022263,0.014927,0.999641,0,0.81292,-0.44082,48.775,-0.882,-1,400.000,-1,400.000,-1,325.000,325.000,300.000,300.000,-1,-1,-1,-1,750.000,750.000,-1,-1,2,0,2,0,2,0,0,0,0,2,2,2,2,0,0,2,2
82,-7856.979,-4925.923,-43.418,-112.512,-0.382465,0.923696,-0.022473,-0.923701,-0.382828,-0.014831,-0.022302,0.015086,0.999637,0,0.81372,-0.43700,48.823,-0.874,-1,400.000,-1,400.000,-1,325.000,325.000,300.000,300.000,-1,-1,-1,-1,750.000,750.000,-1,-1,2,0,2,0,2,0,0,0,0,2,2,2,2,0,0,2,2
83,-7876.373,-4970.788,-44.555,-113.378,-0.396379,0.917800,-0.022933,-0.917814,-0.396747,-0.014492,-0.022399,0.015304,0.999632,0,0.81463,-0.43310,48.878,-0.866,-1,400.000,-1,400.000,-1,325.000,325.000,300.000,300.000,-1,-1,-1,-1,750.000,750.000,-1,-1,2,0,2,0,2,0,0,0,0,2,2,2,2,0,0,2,2
84,-7896.463,-5015.415,-45.708,-114.236,-0.410078,0.911752,-0.023322,-0.911774,-0.410449,-0.014136,-0.022461,0.015467,0.999628,0,0.81566,-0.42913,48.940,-0.858,-1,400.000,-1,400.000,-1,325.000,325.000,300.000,325.000,-1,-1,-1,-1,750.000,750.000,-1,-1,2,0,2,0,2,0,0,0,0,2,2,2,2,0,0,2,2
85,-7917.241,-5059.800,-46.879,-115.086,-0.423558,0.905561,-0.023636,-0.905590,-0.423931,-0.013767,-0.022487,0.015574,0.999626,0,0.81680,-0.42508,49.008,-0.850,-1,400.000,-1,400.000,-1,325.000,325.000,300.000,325.000,-1,-1,-1,-1,750.000,750.000,-1,-1,2,0,2,0,2,0,0,0,0,2,2,2,2,0,0,2,2
86,-7938.702,-5103.942,-48.060,-115.928,-0.436817,0.899233,-0.023909,-0.899269,-0.437191,-0.013392,-0.022496,0.015650,0.999624,0,0.81805,-0.42096,49.083,-0.842,-1,400.000,-1,400.000,-1,325.000,325.000,300.000,325.000,-1,-1,-1,-1,750.000,750.000,-1,-1,2,0,2,0,2,0,0,0,0,2,2,2,2,0,0,2,2
87,-7960.840,-5147.840,-49.199,-116.762,-0.449843,0.892774,-0.024410,-0.892820,-0.450224,-0.013072,-0.022660,0.015913,0.999617,0,0.81940,-0.41676,49.164,-0.834,-1,400.000,-1,400.000,-1,325.000,325.000,300.000,325.000,-1,-1,-1,-1,750.000,750.000,-1,-1,2,0,2,0,2,0,0,0,0,2,2,2,2,0,0,2,2
88,-7983.648,-5191.492,-50.339,-117.587,-0.462644,0.886195,-0.024874,-0.886252,-0.463030,-0.012670,-0.022746,0.016182,0.999610,0,0.82085,-0.41250,49.251,-0.825,-1,400.000,-1,400.000,-1,325.000,325.000,300.000,325.000,-1,-1,-1,-1,750.000,750.000,-1,-1,2,0,2,0,2,0,0,0,0,2,2,2,2,0,0,2,2
89,-8007.119,-5234.896,-51.487,-118.403,-0.475219,0.879504,-0.025282,-0.879573,-0.475607,-0.012220,-0.022771,0.016430,0.999606,0,0.82240,-0.40817,49.344,-0.816,-1,400.000,-1,400.000,-1,325.000,325.000,300.000,325.000,-1,-1,-1,-1,750.000,725.000,-1,-1,2,0,2,0,2,0,0,0,0,2,2,2,2,0,0,2,2
90,-8031.248,-5278.051,-52.651,-119.211,-0.487565,0.872711,-0.025617,-0.872790,-0.487954,-0.011758,-0.022761,0.016625,0.999603,0,0.82404,-0.40378,49.443,-0.808,-1,400.000,-1,400.000,-1,325.000,325.000,300.000,300.000,-1,-1,-1,-1,750.000,725.000,-1,-1,2,0,2,0,2,0,0,0,0,2,2,2,2,0,0,2,2
91,-8056.028,-5320.956,-53.825,-120.009,-0.499681,0.865823,-0.025868,-0.865911,-0.500070,-0.011308,-0.022727,0.016749,0.999601,0,0.82578,-0.39932,49.547,-0.799,-1,400.000,-1,400.000,-1,325.000,325.000,300.000,300.000,-1,-1,-1,-1,750.000,725.000,-1,-1,2,0,2,0,2,0,0,0,0,2,2,2,2,0,0,2,2
92,-8081.453,-5363.608,-54.908,-120.799,-0.511567,0.858854,-0.025867,-0.858936,-0.511957,-0.011324,-0.022968,0.016425,0.999601,0,0.82759,-0.39480,49.656,-0.790,-1,400.000,-1,375.000,-1,325.000,325.000,300.000,300.000,-1,-1,-1,-1,750.000,725.000,-1,-1,2,0,2,0,2,0,0,0,0,2,2,2,2,0,0,2,2
93,-8107.517,-5406.008,-56.005,-121.579,-0.523221,0.851806,-0.025800,-0.851882,-0.523611,-0.011344,-0.023172,0.016043,0.999603,0,0.82950,-0.39022,49.770,-0.780,-1,400.000,-1,375.000,-1,325.000,325.000,300.000,300.000,-1,-1,-1,-1,750.000,725.000,-1,-1,2,0,2,0,2,0,0,0,0,2,2,2,2,0,0,2,2
94,-8134.213,-5448.154,-57.110,-122.350,-0.534645,0.844688,-0.025633,-0.844755,-0.535032,-0.011368,-0.023317,0.015576,0.999607,0,0.83149,-0.38558,49.889,-0.771,-1,400.000,-1,375.000,-1,325.000,325.000,300.000,300.000,-1,-1,-1,-1,750.000,725.000,-1,-1,2,0,2,0,2,0,0,0,0,2,2,2,2,0,0,2,2
95,-8161.534,-5490.045,-58.221,-123.112,-0.545837,0.837508,-0.025358,-0.837565,-0.546219,-0.011398,-0.023397,0.015018,0.999613,0,0.83355,-0.38088,50.013,-0.762,-1,400.000,-1,375.000,-1,325.000,325.000,300.000,300.000,-1,-1,-1,-1,750.000,700.000,-1,-1,2,0,2,0,2,0,0,0,0,2,2,2,2,0,0,2,2
96,-8189.475,-5531.681,-59.380,-123.864,-0.556797,0.830270,-0.025063,-0.830320,-0.557172,-0.011298,-0.023345,0.014520,0.999622,0,0.83570,-0.37612,50.142,-0.752,-1,375.000,-1,375.000,-1,325.000,325.000,300.000,300.000,-1,-1,-1,-1,750.000,700.000,-1,-1,2,0,2,0,2,0,0,0,0,2,2,2,2,0,0,2,2
97,-8219.045,-5574.528,-60.601,-124.610,-0.567571,0.822954,-0.024691,-0.822997,-0.567936,-0.011178,-0.023222,0.013976,0.999633,0,0.86768,-0.37291,52.061,-0.746,-1,375.000,-1,375.000,-1,325.000,325.000,300.000,300.000,-1,-1,-1,-1,750.000,700.000,-1,-1,2,0,2,0,2,0,0,0,0,2,2,2,2,0,0,2,2
98,-8249.247,-5617.083,-61.770,-125.364,-0.578368,0.815414,-0.024309,-0.815454,-0.578720,-0.010847,-0.022913,0.013549,0.999646,0,0.86971,-0.37701,52.183,-0.754,-1,375.000,-1,375.000,-1,325.000,325.000,300.000,300.000,-1,-1,-1,-1,750.000,700.000,-1,-1,2,0,2,0,2,0,0,0,0,2,2,2,2,0,0,2,2
99,-8280.081,-5659.326,-62.872,-126.127,-0.589184,0.807645,-0.023926,-0.807689,-0.589519,-0.010238,-0.022374,0.013293,0.999661,0,0.87166,-0.38115,52.300,-0.762,-1,400.000,-1,375.000,-1,325.000,325.000,300.000,300.000,-1,-1,-1,-1,750.000,700.000,-1,-1,2,0,2,0,2,0,0,0,0,2,2,2,2,0,0,2,2
100,-8311.547,-5701.239,-63.944,-126.897,-0.600011,0.799645,-0.023541,-0.799694,-0.600331,-0.009614,-0.021820,0.013057,0.999677,0,0.87351,-0.38533,52.410,-0.771,-1,400.000,-1,375.000,-1,325.000,325.000,300.000,300.000,-1,-1,-1,-1,775.000,700.000,-1,-1,2,0,2,0,2,0,0,0,0,2,2,2,2,0,0,2,2
101,-8343.644,-5742.804,-64.992,-127.676,-0.610848,0.791411,-0.023110,-0.791463,-0.611151,-0.008973,-0.021225,0.012810,0.999693,0,0.87525,-0.38956,52.515,-0.779,-1,400.000,-1,375.000,1000.000,325.000,325.000,300.000,300.000,-1,-1,-1,-1,775.000,700.000,-1,-1,2,0,2,0,1,0,0,0,0,2,2,2,2,0,0,2,2
102,-8376.371,-5784.000,-66.024,-128.464,-0.621690,0.782937,-0.022593,-0.782993,-0.621975,-0.008319,-0.020566,0.012519,0.999710,0,0.87689,-0.39383,52.613,-0.788,-1,400.000,-1,375.000,950.000,325.000,325.000,300.000,300.000,-1,-1,-1,-1,775.000,675.000,-1,-1,2,0,2,0,1,0,0,0,0,2,2,2,2,0,0,2,2
103,-8409.725,-5824.807,-67.076,-129.260,-0.632533,0.774222,-0.021948,-0.774276,-0.632799,-0.007846,-0.019964,0.012031,0.999728,0,0.87841,-0.39815,52.704,-0.796,-1,400.000,-1,375.000,925.000,325.000,325.000,300.000,300.000,-1,-1,-1,-1,775.000,675.000,-1,-1,2,0,2,0,1,0,0,0,0,2,2,2,2,0,0,2,2
104,-8440.824,-5862.112,-68.088,-129.817,-0.640041,0.768048,-0.021206,-0.768093,-0.640292,-0.007730,-0.019515,0.011341,0.999745,0,0.80945,-0.27815,48.567,-0.556,-1,400.000,-1,375.000,900.000,325.000,325.000,300.000,300.000,-1,-1,-1,-1,775.000,675.000,-1,-1,2,0,2,0,1,0,0,0,0,2,2,2,2,0,0,2,2
105,-8472.167,-5899.289,-69.023,-130.133,-0.644301,0.764510,-0.020038,-0.764541,-0.644529,-0.007686,-0.018791,0.010368,0.999770,0,0.81045,-0.15815,48.627,-0.316,-1,400.000,-1,375.000,850.000,325.000,325.000,300.000,300.000,-1,-1,-1,-1,775.000,700.000,-1,1000.000,2,0,2,0,1,0,0,0,0,2,2,2,2,0,0,2,1
106,-8503.583,-5936.453,-69.855,-130.209,-0.645357,0.763660,-0.018344,-0.763675,-0.645555,-0.007717,-0.017735,0.009028,0.999802,0,0.81105,-0.03815,48.663,-0.076,-1,400.000,-1,375.000,825.000,325.000,325.000,300.000,300.000,-1,-1,-1,-1,800.000,700.000,-1,950.000,2,0,2,0,1,0,0,0,0,2,2,2,2,0,0,2,1
107,-8535.706,-5974.673,-70.690,-130.046,-0.643211,0.765511,-0.016508,-0.765509,-0.643378,-0.007804,-0.016595,0.007618,0.999833,0,0.83211,0.08185,49.927,0.164,-1,400.000,-1,375.000,800.000,325.000,325.000,300.000,300.000,-1,-1,-1,-1,800.000,700.000,-1,925.000,2,0,2,0,1,0,0,0,0,2,2,2,2,0,0,2,1
108,-8567.665,-6013.248,-71.492,-129.642,-0.637838,0.770033,-0.014554,-0.770015,-0.637975,-0.007998,-0.015444,0.006105,0.999862,0,0.83491,0.20185,50.095,0.404,-1,400.000,-1,375.000,775.000,325.000,325.000,300.000,300.000,-1,-1,-1,-1,800.000,700.000,-1,900.000,2,0,2,0,1,0,0,0,0,2,2,2,2,0,0,2,1
109,-8599.426,-6052.164,-72.271,-129.219,-0.632172,0.774727,-0.012500,-0.774696,-0.632280,-0.008237,-0.014285,0.004477,0.999888,0,0.83718,0.21143,50.231,0.423,-1,400.000,-1,375.000,750.000,325.000,325.000,300.000,300.000,-1,950.000,-1,-1,800.000,725.000,-1,875.000,2,0,2,0,1,0,0,0,0,2,0,2,2,0,0,2,1
110,-8630.977,-6091.394,-72.965,-128.808,-0.626627,0.779246,-0.010673,-0.779205,-0.626711,-0.008512,-0.013321,0.002983,0.999907,0,0.83906,0.20546,50.344,0.411,-1,400.000,-1,375.000,750.000,325.000,325.000,300.000,300.000,-1,875.000,1000.000,-1,825.000,725.000,-1,850.000,2,0,2,0,1,0,0,0,0,2,0,0,2,0,0,2,1
111,-8662.310,-6130.913,-73.604,-128.410,-0.621215,0.783588,-0.009030,-0.783540,-0.621279,-0.008829,-0.012528,0.001591,0.999920,0,0.84055,0.19922,50.433,0.398,-1,400.000,-1,375.000,725.000,325.000,325.000,300.000,300.000,-1,825.000,975.000,-1,825.000,725.000,-1,825.000,2,0,2,0,1,0,0,0,0,2,0,0,2,0,1,2,1
112,-8693.416,-6170.692,-74.452,-128.024,-0.615936,0.787750,-0.008508,-0.787697,-0.615994,-0.009202,-0.012490,0.001034,0.999921,0,0.84162,0.19272,50.497,0.385,-1,400.000,-1,375.000,675.000,325.000,325.000,300.000,300.000,-1,875.000,1000.000,-1,825.000,700.000,-1,800.000,2,0,2,0,1,0,0,0,0,2,0,0,2,0,1,2,1
113,-8724.285,-6210.702,-75.279,-127.652,-0.610815,0.791733,-0.008022,-0.791674,-0.610868,-0.009636,-0.012530,0.000465,0.999921,0,0.84224,0.18597,50.534,0.372,-1,400.000,-1,375.000,650.000,325.000,325.000,300.000,300.000,-1,900.000,-1,-1,825.000,675.000,-1,775.000,2,0,2,0,1,0,0,0,0,2,0,2,2,0,1,2,1
114,-8754.910,-6250.911,-76.087,-127.294,-0.605862,0.795533,-0.007570,-0.795469,-0.605910,-0.010131,-0.012647,-0.000117,0.999920,0,0.84240,0.17897,50.544,0.358,-1,400.000,-1,375.000,625.000,325.000,325.000,300.000,300.000,-1,950.000,-1,-1,825.000,675.000,-1,725.000,2,0,2,0,1,0,0,0,0,2,0,2,2,0,1,2,1
115,-8785.282,-6291.288,-76.873,-126.951,-0.601088,0.799151,-0.007151,-0.799080,-0.601130,-0.010688,-0.012840,-0.000710,0.999917,0,0.84208,0.17174,50.525,0.343,-1,400.000,-1,375.000,600.000,325.000,325.000,300.000,300.000,-1,-1,-1,-1,825.000,650.000,-1,700.000,2,0,2,0,1,0,0,0,0,2,2,2,2,0,1,2,1
116,-8815.393,-6331.799,-77.649,-126.622,-0.596500,0.802585,-0.006707,-0.802506,-0.596536,-0.011303,-0.013073,-0.001360,0.999914,0,0.84126,0.16429,50.476,0.329,-1,400.000,-1,375.000,575.000,325.000,325.000,300.000,300.000,-1,-1,-1,-1,825.000,625.000,-1,675.000,2,0,2,0,1,0,0,0,0,2,2,2,2,0,1,2,1
117,-8845.234,-6372.410,-78.490,-126.309,-0.592113,0.805833,-0.005850,-0.805748,-0.592138,-0.011961,-0.013102,-0.002369,0.999911,0,0.83993,0.15666,50.396,0.313,-1,400.000,-1,375.000,550.000,325.000,325.000,300.000,300.000,-1,-1,-1,-1,825.000,625.000,-1,625.000,2,0,2,0,1,0,0,0,0,2,2,2,2,0,1,2,1
118,-8874.799,-6413.086,-79.166,-126.011,-0.587934,0.808895,-0.004776,-0.808795,-0.587939,-0.013369,-0.013622,-0.003997,0.999899,0,0.83809,0.14886,50.285,0.298,-1,400.000,-1,375.000,500.000,325.000,325.000,300.000,300.000,-1,-1,-1,-1,825.000,600.000,-1,600.000,2,0,2,0,1,0,0,0,0,2,2,2,2,0,1,2,1
119,-8904.081,-6453.792,-79.720,-125.729,-0.583961,0.811773,-0.003801,-0.811663,-0.583950,-0.014365,-0.013881,-0.005303,0.999890,0,0.83574,0.14093,50.144,0.282,-1,400.000,-1,375.000,475.000,325.000,325.000,300.000,300.000,-1,-1,-1,-1,825.000,575.000,-1,575.000,2,0,2,0,1,0,0,0,0,2,2,2,2,0,1,2,1
120,-8933.074,-6494.494,-80.296,-125.464,-0.580206,0.814465,-0.002750,-0.814345,-0.580172,-0.015592,-0.014294,-0.006807,0.999875,0,0.83288,0.13290,49.973,0.266,-1,400.000,-1,375.000,450.000,325.000,325.000,300.000,300.000,-1,-1,-1,-1,825.000,575.000,-1,525.000,2,0,2,0,1,0,0,0,0,2,2,2,2,0,1,2,1
121,-8961.081,-6534.554,-80.891,-124.958,-0.573013,0.819545,-0.001633,-0.819411,-0.572953,-0.017069,-0.014925,-0.008443,0.999853,0,0.81465,0.25290,48.879,0.506,-1,400.000,-1,400.000,425.000,325.000,325.000,300.000,300.000,-1,-1,-1,-1,825.000,550.000,-1,500.000,2,0,2,1,1,0,0,0,0,2,2,2,2,0,1,2,1
122,-8988.536,-6574.683,-81.482,-124.379,-0.564733,0.825274,-0.000465,-0.825126,-0.564642,-0.018637,-0.015643,-0.010141,0.999826,0,0.81036,0.28918,48.622,0.578,-1,400.000,-1,375.000,400.000,325.000,325.000,300.000,300.000,-1,-1,-1,-1,825.000,550.000,-1,500.000,2,0,2,1,1,0,0,0,0,2,2,2,2,0,1,2,1
123,-9017.258,-6617.783,-82.112,-123.680,-0.554647,0.832085,0.000852,-0.831922,-0.554517,-0.020408,-0.016509,-0.012028,0.999791,0,0.86322,0.34961,51.793,0.699,-1,400.000,-1,375.000,375.000,325.000,325.000,300.000,300.000,-1,-1,-1,-1,800.000,550.000,-1,475.000,2,0,2,1,1,0,0,0,0,2,2,2,2,0,1,2,1
124,-9045.470,-6661.227,-82.910,-122.999,-0.544742,0.838602,0.001992,-0.838432,-0.544581,-0.021517,-0.016960,-0.013392,0.999766,0,0.86334,0.34044,51.800,0.681,-1,400.000,-1,375.000,350.000,325.000,325.000,300.000,300.000,-1,-1,-1,-1,800.000,525.000,-1,450.000,2,0,2,1,1,0,0,0,0,2,2,2,2,0,1,2,1
125,-9073.157,-6704.960,-83.814,-122.338,-0.535042,0.844820,0.003020,-0.844651,-0.534855,-0.022231,-0.017166,-0.014446,0.999748,0,0.86268,0.33074,51.761,0.661,-1,400.000,-1,350.000,325.000,325.000,325.000,300.000,300.000,-1,-1,-1,-1,800.000,525.000,-1,425.000,2,0,2,1,1,0,0,0,1,2,2,2,2,0,1,2,1
126,-9100.305,-6748.923,-84.783,-121.697,-0.525574,0.850740,0.003830,-0.850567,-0.525364,-0.022989,-0.017546,-0.015340,0.999728,0,0.86117,0.32050,51.670,0.641,-1,400.000,-1,350.000,300.000,325.000,325.000,300.000,275.000,-1,-1,-1,-1,800.000,525.000,-1,400.000,2,0,2,1,1,0,0,0,1,2,2,2,2,0,1,2,1
127,-9126.903,-6793.053,-85.978,-121.077,-0.516352,0.856368,0.003652,-0.856175,-0.516134,-0.023899,-0.018581,-0.015467,0.999708,0,0.85876,0.30975,51.526,0.619,-1,400.000,-1,350.000,300.000,325.000,325.000,300.000,275.000,-1,-1,-1,-1,800.000,500.000,-1,375.000,2,0,2,1,1,0,1,0,1,2,2,2,2,0,1,2,1
128,-9152.936,-6837.286,-86.009,-120.480,-0.507455,0.861631,0.009042,-0.861527,-0.507142,-0.024057,-0.016143,-0.019998,0.999670,0,0.85541,0.29851,51.325,0.597,-1,425.000,-1,350.000,300.000,325.000,325.000,300.000,250.000,-1,-1,-1,-1,800.000,500.000,-1,375.000,2,0,2,1,1,0,1,0,1,2,2,2,2,0,1,2,1
129,-9178.395,-6881.552,-85.715,-119.907,-0.498833,0.866550,0.016016,-0.866604,-0.498423,-0.023899,-0.012727,-0.025801,0.999586,0,0.85109,0.28683,51.065,0.574,-1,425.000,-1,350.000,300.000,350.000,325.000,300.000,250.000,-1,-1,-1,-1,825.000,525.000,-1,400.000,2,0,2,1,1,0,1,0,1,2,2,2,2,0,1,2,1
130,-9203.272,-6925.783,-85.528,-119.357,-0.490492,0.871155,0.022515,-0.871393,-0.490013,-0.023718,-0.009630,-0.031253,0.999465,0,0.84578,0.27477,50.747,0.550,-1,425.000,-1,350.000,300.000,350.000,325.000,275.000,250.000,-1,-1,-1,-1,850.000,550.000,-1,425.000,2,0,2,1,1,0,1,0,1,2,2,2,2,0,1,2,1
131,-9227.561,-6969.909,-85.444,-118.832,-0.482455,0.875455,0.028554,-0.875894,-0.481930,-0.023531,-0.006839,-0.036363,0.999315,0,0.83950,0.26240,50.370,0.525,-1,425.000,-1,350.000,325.000,375.000,325.000,275.000,250.000,-1,-1,-1,-1,875.000,550.000,-1,475.000,2,0,2,1,1,0,1,0,1,2,2,2,2,0,1,2,1
132,-9251.259,-7013.866,-85.423,-118.333,-0.474747,0.879466,0.033975,-0.880111,-0.474192,-0.023386,-0.004457,-0.041005,0.999149,0,0.83229,0.24981,49.938,0.500,-1,450.000,-1,350.000,350.000,375.000,325.000,275.000,225.000,-1,775.000,-1,-1,875.000,575.000,-1,500.000,2,0,2,1,1,0,1,0,1,2,0,2,2,0,1,2,1
133,-9274.366,-7057.589,-85.435,-117.858,-0.467389,0.883205,0.038679,-0.884048,-0.466814,-0.023324,-0.002544,-0.045096,0.998979,0,0.82423,0.23712,49.454,0.474,-1,450.000,-1,350.000,350.000,375.000,325.000,275.000,225.000,-1,600.000,-1,-1,875.000,625.000,-1,-1,2,0,2,1,1,1,1,0,1,2,0,2,2,0,1,2,2
134,-9296.873,-7101.028,-85.614,-117.392,-0.460106,0.886805,0.043343,-0.887864,-0.459520,-0.023217,-0.000672,-0.049165,0.998790,0,0.81541,0.23322,48.924,0.466,-1,450.000,-1,350.000,375.000,375.000,325.000,275.000,225.000,-1,550.000,-1,-1,900.000,650.000,-1,-1,2,0,2,1,1,1,1,0,1,2,0,2,2,0,1,2,2
135,-9318.771,-7144.140,-85.847,-116.930,-0.452846,0.890320,0.047542,-0.891588,-0.452267,-0.022926,0.001090,-0.052770,0.998606,0,0.80591,0.23116,48.354,0.462,-1,450.000,-1,375.000,400.000,375.000,325.000,275.000,225.000,-1,500.000,-1,-1,900.000,725.000,-1,-1,2,0,2,1,1,1,1,0,1,2,0,2,2,0,1,2,2
136,-9340.054,-7186.887,-86.076,-116.471,-0.445590,0.893774,0.051166,-0.895232,-0.445046,-0.022207,0.002923,-0.055701,0.998443,0,0.79587,0.22959,47.752,0.459,-1,450.000,-1,375.000,450.000,375.000,350.000,275.000,225.000,-1,400.000,900.000,-1,900.000,825.000,-1,-1,2,0,2,1,1,1,1,0,1,2,0,0,2,0,1,2,2
