timestep,x_cm,y_cm,z_cm,yaw_deg,basis_xx,basis_xy,basis_xz,basis_yx,basis_yy,basis_yz,basis_zx,basis_zy,basis_zz,teleport_flag,throttle_cmd,steering_cmd,cmd_move_cm,cmd_turn_deg,lidar_cm_0,lidar_cm_1,lidar_cm_2,lidar_cm_3,lidar_cm_4,lidar_cm_5,lidar_cm_6,lidar_cm_7,lidar_cm_8,lidar_cm_9,lidar_cm_10,lidar_cm_11,lidar_cm_12,lidar_cm_13,lidar_cm_14,lidar_cm_15,lidar_cm_16,lidar_class_0,lidar_class_1,lidar_class_2,lidar_class_3,lidar_class_4,lidar_class_5,lidar_class_6,lidar_class_7,lidar_class_8,lidar_class_9,lidar_class_10,lidar_class_11,lidar_class_12,lidar_class_13,lidar_class_14,lidar_class_15,lidar_class_16
0,2953.489,6226.904,134.415,-68.099,0.373338,0.927432,0.022111,-0.927593,0.372836,0.023780,0.013811,-0.029388,0.999473,1,0.08000,0.12000,4.800,0.240,-1,375.000,-1,375.000,-1,300.000,300.000,325.000,325.000,-1,550.000,550.000,-1,675.000,725.000,-1,-1,2,0,2,0,2,0,0,0,0,2,0,0,2,0,0,2,2
1,2957.145,6218.027,134.563,-67.619,0.381100,0.924274,0.021931,-0.924428,0.380591,0.024132,0.013958,-0.029470,0.999468,0,0.16000,0.24000,9.600,0.480,-1,375.000,-1,375.000,-1,300.000,300.000,325.000,325.000,-1,550.000,550.000,-1,675.000,725.000,-1,-1,2,0,2,0,2,0,0,0,0,2,0,0,2,0,0,2,2
2,2962.795,6204.782,134.783,-66.899,0.392693,0.919415,0.021660,-0.919560,0.392174,0.024670,0.014187,-0.029605,0.999461,0,0.24000,0.36000,14.400,0.720,-1,375.000,-1,375.000,-1,300.000,300.000,325.000,325.000,-1,550.000,550.000,-1,700.000,725.000,-1,-1,2,0,2,0,2,0,0,0,0,2,0,0,2,0,0,2,2
3,2970.622,6187.250,135.074,-65.939,0.408054,0.912709,0.021296,-0.912842,0.407521,0.025406,0.014509,-0.029807,0.999450,0,0.32000,0.48000,19.200,0.960,-1,375.000,-1,375.000,-1,300.000,300.000,325.000,325.000,-1,550.000,550.000,-1,700.000,725.000,-1,-1,2,0,2,0,2,0,0,0,0,2,0,0,2,0,0,2,2
4,2980.864,6165.545,135.436,-64.739,0.427094,0.903967,0.020837,-0.904084,0.426542,0.026357,0.014938,-0.030095,0.999435,0,0.40000,0.60000,24.000,1.200,-1,375.000,-1,375.000,-1,300.000,300.000,325.000,325.000,-1,550.000,550.000,-1,700.000,725.000,-1,-1,2,0,2,0,2,0,0,0,0,2,0,0,2,0,0,2,2
5,2993.805,6139.816,135.869,-63.299,0.449696,0.892952,0.020277,-0.893047,0.449119,0.027544,0.015489,-0.030495,0.999415,0,0.48000,0.72000,28.800,1.440,-1,375.000,-1,375.000,-1,300.000,300.000,325.000,325.000,-1,550.000,550.000,-1,700.000,725.000,-1,-1,2,0,2,0,2,0,0,0,0,2,0,0,2,0,0,2,2
6,3009.759,6110.245,136.372,-61.653,0.475193,0.879663,0.019608,-0.879732,0.474585,0.028989,0.016195,-0.031025,0.999387,0,0.56000,0.82332,33.600,1.647,-1,375.000,-1,375.000,-1,300.000,300.000,325.000,325.000,-1,525.000,525.000,-1,700.000,725.000,-1,-1,2,0,2,0,2,0,0,0,0,2,0,0,2,0,0,2,2
7,3028.955,6076.988,136.815,-60.006,0.500289,0.865659,0.018587,-0.865696,0.499664,0.030107,0.016775,-0.031153,0.999374,0,0.64000,0.82332,38.400,1.647,-1,375.000,-1,375.000,-1,325.000,325.000,325.000,325.000,-1,500.000,500.000,-1,700.000,725.000,-1,-1,2,0,2,0,2,0,0,0,0,2,0,0,2,0,0,2,2
8,3051.617,6040.210,137.410,-58.360,0.524972,0.850930,0.017978,-0.850947,0.524324,0.031201,0.017124,-0.031678,0.999351,0,0.72000,0.82332,43.200,1.647,-1,375.000,-1,375.000,-1,325.000,325.000,325.000,325.000,-1,500.000,500.000,-1,700.000,725.000,-1,-1,2,0,2,0,2,0,0,0,0,2,0,0,2,0,0,2,2
9,3076.652,6002.079,138.039,-56.713,0.549223,0.835495,0.017387,-0.835493,0.548548,0.032366,0.017504,-0.032302,0.999325,0,0.76025,0.82332,45.615,1.647,-1,375.000,-1,375.000,-1,325.000,325.000,325.000,325.000,-1,500.000,500.000,-1,700.000,725.000,-1,-1,2,0,2,0,2,0,0,0,0,2,0,0,2,0,0,2,2
10,3102.773,5964.683,138.640,-55.066,0.573017,0.819371,0.016816,-0.819351,0.572318,0.033409,0.017750,-0.032922,0.999300,0,0.76025,0.82332,45.615,1.647,-1,375.000,-1,375.000,-1,325.000,325.000,325.000,325.000,-1,500.000,500.000,-1,700.000,725.000,-1,-1,2,0,2,0,2,0,0,0,0,2,0,0,2,0,0,2,2
11,3129.957,5928.054,139.224,-53.420,0.596336,0.802569,0.016295,-0.802535,0.595613,0.034376,0.017883,-0.033577,0.999276,0,0.76025,0.82332,45.615,1.647,-1,375.000,-1,375.000,-1,325.000,325.000,325.000,325.000,-1,500.000,500.000,-1,725.000,725.000,-1,-1,2,0,2,0,2,0,0,0,0,2,0,0,2,0,0,2,2
12,3158.183,5892.220,139.830,-51.773,0.619165,0.785100,0.015879,-0.785054,0.618412,0.035447,0.018010,-0.034414,0.999245,0,0.76025,0.82332,45.615,1.647,-1,375.000,-1,375.000,-1,325.000,300.000,325.000,325.000,-1,500.000,525.000,-1,725.000,700.000,-1,-1,2,0,2,0,2,0,0,0,0,2,0,0,2,0,0,2,2
13,3187.427,5857.213,140.458,-50.126,0.641484,0.766979,0.015568,-0.766922,0.640693,0.036634,0.018123,-0.035439,0.999207,0,0.76025,0.82332,45.615,1.647,-1,375.000,-1,375.000,-1,300.000,300.000,325.000,325.000,-1,500.000,525.000,-1,725.000,700.000,-1,-1,2,0,2,0,2,0,0,0,0,2,0,0,2,0,0,2,2
14,3217.664,5823.061,141.180,-48.480,0.663274,0.748226,0.014990,-0.748149,0.662446,0.037925,0.018446,-0.036369,0.999168,0,0.76025,0.82332,45.615,1.647,-1,375.000,-1,375.000,-1,325.000,300.000,300.000,325.000,-1,500.000,550.000,-1,725.000,725.000,-1,-1,2,0,2,0,2,0,0,0,0,2,0,0,2,0,0,2,2
15,3248.871,5789.791,142.049,-46.833,0.684506,0.728865,0.014395,-0.728775,0.683657,0.038722,0.018382,-0.036996,0.999146,0,0.76025,0.82332,45.615,1.647,-1,375.000,-1,375.000,-1,325.000,300.000,300.000,325.000,-1,525.000,575.000,-1,725.000,725.000,-1,-1,2,0,2,0,2,0,0,0,0,2,0,0,2,0,0,2,2
16,3281.020,5757.432,142.986,-45.187,0.705169,0.708902,0.013931,-0.708808,0.704302,0.039367,0.018096,-0.037634,0.999128,0,0.76025,0.82332,45.615,1.647,-1,375.000,-1,375.000,-1,325.000,300.000,300.000,325.000,-1,550.000,600.000,-1,725.000,750.000,-1,-1,2,0,2,0,2,0,0,0,0,2,0,0,2,0,0,2,2
17,3314.086,5726.010,143.941,-43.540,0.725252,0.688349,0.013636,-0.688255,0.724358,0.040130,0.017746,-0.038489,0.999101,0,0.76025,0.82332,45.615,1.647,-1,375.000,-1,375.000,-1,325.000,325.000,300.000,325.000,-1,600.000,650.000,-1,725.000,750.000,-1,-1,2,0,2,0,2,0,0,0,0,2,0,0,2,0,0,2,2
18,3348.042,5695.552,144.913,-41.893,0.744736,0.667222,0.013502,-0.667134,0.743808,0.041021,0.017327,-0.039558,0.999067,0,0.76025,0.82332,45.615,1.647,-1,375.000,-1,375.000,-1,325.000,325.000,300.000,325.000,-1,625.000,700.000,-1,725.000,750.000,-1,-1,2,0,2,0,2,0,0,0,0,2,0,0,2,0,0,2,2
19,3382.858,5666.081,145.764,-40.247,0.763607,0.645553,0.012888,-0.645452,0.762650,0.041926,0.017237,-0.040334,0.999038,0,0.76025,0.82332,45.615,1.647,-1,375.000,-1,375.000,-1,325.000,325.000,300.000,325.000,-1,650.000,725.000,-1,725.000,775.000,-1,-1,2,0,2,0,2,0,0,0,0,2,0,0,2,0,0,2,2
20,3418.507,5637.623,146.579,-38.600,0.781847,0.623352,0.012184,-0.623233,0.780859,0.042887,0.017220,-0.041125,0.999006,0,0.76025,0.82332,45.615,1.647,-1,400.000,-1,375.000,-1,325.000,325.000,300.000,325.000,-1,675.000,750.000,-1,750.000,775.000,-1,-1,2,0,2,0,2,0,0,0,0,2,0,0,2,0,0,2,2
21,3454.960,5610.202,147.380,-36.953,0.799442,0.600634,0.011496,-0.600498,0.798420,0.043919,0.017201,-0.042014,0.998969,0,0.76025,0.82332,45.615,1.647,-1,400.000,-1,400.000,-1,325.000,325.000,300.000,325.000,-1,700.000,775.000,-1,750.000,775.000,-1,-1,2,0,2,0,2,0,0,0,0,2,0,0,2,0,0,2,2
22,3488.168,5586.474,148.075,-35.547,0.813950,0.580833,0.010877,-0.580680,0.812895,0.044856,0.017212,-0.042827,0.998934,0,0.68025,0.70332,40.815,1.407,-1,400.000,-1,400.000,-1,325.000,325.000,300.000,325.000,-1,700.000,800.000,-1,750.000,800.000,-1,-1,2,0,2,0,2,0,0,0,0,2,0,0,2,0,0,2,2
23,3517.892,5566.137,148.527,-34.380,0.825604,0.564158,0.010206,-0.563993,0.824546,0.045125,0.017042,-0.043012,0.998929,0,0.60025,0.58332,36.015,1.167,-1,400.000,-1,400.000,-1,325.000,325.000,300.000,325.000,-1,725.000,800.000,-1,750.000,800.000,-1,-1,2,0,2,0,2,0,0,0,0,2,0,0,2,0,0,2,2
24,3543.935,5548.930,148.911,-33.453,0.834617,0.550745,0.009703,-0.550572,0.833555,0.045344,0.016885,-0.043187,0.998924,0,0.52025,0.46332,31.215,0.927,-1,400.000,-1,400.000,-1,325.000,325.000,300.000,325.000,-1,725.000,825.000,-1,750.000,800.000,-1,-1,2,0,2,0,2,0,0,0,0,2,0,0,2,0,0,2,2
25,3569.353,5532.570,149.281,-32.767,0.841156,0.540713,0.009301,-0.540531,0.840089,0.045569,0.016826,-0.043358,0.998918,0,0.50379,0.34332,30.227,0.687,-1,400.000,-1,400.000,-1,325.000,325.000,300.000,325.000,-1,725.000,825.000,-1,750.000,800.000,-1,-1,2,0,2,0,2,0,0,0,0,2,0,0,2,0,0,2,2
26,3594.923,5516.451,149.656,-32.227,0.846212,0.532772,0.008944,-0.532581,0.845139,0.045792,0.016837,-0.043513,0.998911,0,0.50379,0.26984,30.227,0.540,-1,400.000,-1,400.000,-1,325.000,325.000,300.000,325.000,-1,750.000,850.000,-1,750.000,800.000,-1,-1,2,0,2,0,2,0,0,0,0,2,0,0,2,0,0,2,2
27,3620.644,5500.573,150.041,-31.687,0.851192,0.524785,0.008587,-0.524585,0.850115,0.045985,0.016832,-0.043647,0.998905,0,0.50379,0.26984,30.227,0.540,-1,400.000,-1,400.000,-1,325.000,325.000,300.000,300.000,-1,750.000,850.000,-1,750.000,800.000,-1,-1,2,0,2,0,2,0,0,0,0,2,0,0,2,0,0,2,2
28,3646.514,5484.938,150.423,-31.148,0.856096,0.516751,0.008283,-0.516545,0.855015,0.046168,0.016775,-0.043803,0.998899,0,0.50379,0.26984,30.227,0.540,-1,400.000,-1,400.000,-1,325.000,325.000,300.000,300.000,-1,750.000,875.000,-1,750.000,800.000,-1,-1,2,0,2,0,2,0,0,0,0,2,0,0,2,0,0,2,2
29,3672.530,5469.548,150.803,-30.608,0.860924,0.508671,0.008033,-0.508461,0.859837,0.046342,0.016666,-0.043981,0.998893,0,0.50379,0.26984,30.227,0.540,-1,400.000,-1,400.000,-1,325.000,325.000,300.000,300.000,-1,775.000,900.000,-1,750.000,825.000,-1,-1,2,0,2,0,2,0,0,0,0,2,0,0,2,0,0,2,2
30,3698.689,5454.403,151.181,-30.068,0.865675,0.500545,0.007836,-0.500334,0.864583,0.046509,0.016505,-0.044182,0.998887,0,0.50379,0.26984,30.227,0.540,-1,400.000,-1,400.000,-1,325.000,325.000,300.000,300.000,-1,775.000,925.000,-1,750.000,825.000,-1,-1,2,0,2,0,2,0,0,0,0,2,0,0,2,0,0,2,2
31,3724.990,5439.505,151.557,-29.529,0.870350,0.492374,0.007691,-0.492164,0.869250,0.046670,0.016294,-0.044404,0.998881,0,0.50379,0.26984,30.227,0.540,-1,400.000,-1,400.000,-1,325.000,325.000,300.000,300.000,-1,800.000,950.000,-1,750.000,825.000,-1,-1,2,0,2,0,2,0,0,0,0,2,0,0,2,0,0,2,2
32,3751.430,5424.856,151.931,-28.989,0.874947,0.484159,0.007598,-0.483953,0.873840,0.046828,0.016033,-0.044649,0.998874,0,0.50379,0.26984,30.227,0.540,-1,400.000,-1,400.000,-1,325.000,325.000,300.000,300.000,-1,825.000,975.000,-1,750.000,825.000,-1,-1,2,0,2,0,2,0,0,0,0,2,0,0,2,0,0,2,2
33,3778.007,5410.456,152.352,-28.449,0.879463,0.475906,0.007602,-0.475712,0.878359,0.046730,0.015562,-0.044714,0.998879,0,0.50379,0.26984,30.227,0.540,-1,400.000,-1,400.000,-1,325.000,325.000,300.000,300.000,-1,850.000,-1,-1,750.000,825.000,-1,-1,2,0,2,0,2,0,0,0,0,2,0,2,2,0,0,2,2
34,3804.719,5396.308,152.782,-27.910,0.883901,0.467610,0.007672,-0.467433,0.882801,0.046576,0.015007,-0.044755,0.998885,0,0.50379,0.26984,30.227,0.540,-1,400.000,-1,400.000,-1,325.000,325.000,300.000,300.000,-1,900.000,-1,-1,750.000,825.000,-1,-1,2,0,2,0,2,0,0,0,0,2,0,2,2,0,0,2,2
35,3831.562,5382.411,153.205,-27.370,0.888261,0.459273,0.007794,-0.459113,0.887163,0.046444,0.014416,-0.044832,0.998891,0,0.50379,0.26984,30.227,0.540,-1,400.000,-1,400.000,-1,325.000,325.000,300.000,300.000,-1,950.000,-1,-1,750.000,825.000,-1,-1,2,0,2,0,2,0,0,0,0,2,0,2,2,0,0,2,2
36,3858.535,5368.768,153.645,-26.830,0.892542,0.450896,0.007856,-0.450751,0.891449,0.046285,0.013867,-0.044852,0.998897,0,0.50379,0.26984,30.227,0.540,-1,400.000,-1,400.000,-1,325.000,325.000,300.000,300.000,-1,-1,-1,-1,750.000,825.000,-1,-1,2,0,2,0,2,0,0,0,0,2,2,2,2,0,0,2,2
37,3885.636,5355.380,154.141,-26.291,0.896744,0.442483,0.007666,-0.442344,0.895665,0.046008,0.013491,-0.044648,0.998912,0,0.50379,0.26984,30.227,0.540,-1,400.000,-1,400.000,-1,325.000,325.000,300.000,300.000,-1,-1,-1,-1,750.000,825.000,-1,-1,2,0,2,0,2,0,0,0,0,2,2,2,2,0,0,2,2
38,3912.861,5342.247,154.628,-25.751,0.900867,0.434030,0.007540,-0.433899,0.899799,0.045755,0.013074,-0.044490,0.998924,0,0.50379,0.26984,30.227,0.540,-1,400.000,-1,400.000,-1,325.000,325.000,300.000,300.000,-1,-1,-1,-1,750.000,825.000,-1,-1,2,0,2,0,2,0,0,0,0,2,2,2,2,0,0,2,2
39,3940.209,5329.372,155.105,-25.211,0.904910,0.425538,0.007476,-0.425417,0.903852,0.045527,0.012617,-0.044378,0.998935,0,0.50379,0.26984,30.227,0.540,-1,400.000,-1,400.000,-1,325.000,325.000,300.000,300.000,-1,-1,-1,-1,750.000,825.000,-1,-1,2,0,2,0,2,0,0,0,0,2,2,2,2,0,0,2,2
40,3967.677,5316.755,155.573,-24.672,0.908873,0.417007,0.007471,-0.416898,0.907823,0.045326,0.012119,-0.044310,0.998944,0,0.50379,0.26984,30.227,0.540,-1,400.000,-1,400.000,-1,325.000,325.000,300.000,325.000,-1,-1,-1,-1,750.000,825.000,-1,-1,2,0,2,0,2,0,0,0,0,2,2,2,2,0,0,2,2
41,3995.262,5304.397,156.031,-24.132,0.912755,0.408438,0.007524,-0.408343,0.911711,0.045152,0.011582,-0.044285,0.998952,0,0.50379,0.26984,30.227,0.540,-1,400.000,-1,400.000,-1,325.000,325.000,300.000,325.000,-1,-1,-1,-1,725.000,825.000,-1,-1,2,0,2,0,2,0,0,0,0,2,2,2,2,0,0,2,2
42,4022.963,5292.299,156.406,-23.592,0.916557,0.399837,0.007324,-0.399746,0.915528,0.044845,0.011225,-0.044031,0.998967,0,0.50379,0.26984,30.227,0.540,-1,400.000,-1,400.000,-1,325.000,325.000,300.000,325.000,-1,-1,-1,-1,725.000,825.000,-1,-1,2,0,2,0,2,0,0,0,0,2,2,2,2,0,0,2,2
43,4050.776,5280.463,156.748,-23.053,0.920278,0.391201,0.007079,-0.391113,0.919266,0.044507,0.010904,-0.043728,0.998984,0,0.50379,0.26984,30.227,0.540,-1,400.000,-1,400.000,-1,325.000,325.000,300.000,325.000,-1,-1,-1,-1,725.000,825.000,-1,-1,2,0,2,0,2,0,0,0,0,2,2,2,2,0,0,2,2
44,4078.700,5268.889,157.061,-22.513,0.923917,0.382531,0.006853,-0.382446,0.922923,0.044135,0.010558,-0.043398,0.999002,0,0.50379,0.26984,30.227,0.540,-1,400.000,-1,400.000,-1,325.000,325.000,300.000,325.000,-1,-1,-1,-1,725.000,825.000,-1,-1,2,0,2,0,2,0,0,0,0,2,2,2,2,0,0,2,2
45,4106.731,5257.578,157.306,-21.973,0.927474,0.373829,0.006703,-0.373753,0.926506,0.043537,0.010065,-0.042884,0.999029,0,0.50379,0.26984,30.227,0.540,-1,400.000,-1,400.000,-1,325.000,325.000,300.000,325.000,-1,-1,-1,-1,725.000,825.000,-1,-1,2,0,2,0,2,0,0,0,0,2,2,2,2,0,0,2,2
46,4134.868,5246.532,157.535,-21.434,0.930948,0.365093,0.006559,-0.365026,0.930006,0.042961,0.009585,-0.042388,0.999055,0,0.50379,0.26984,30.227,0.540,-1,400.000,-1,400.000,-1,325.000,325.000,300.000,325.000,-1,-1,-1,-1,725.000,800.000,-1,-1,2,0,2,0,2,0,0,0,0,2,2,2,2,0,0,2,2
47,4163.107,5235.752,157.750,-20.894,0.934340,0.356324,0.006420,-0.356266,0.933422,0.042406,0.009118,-0.041909,0.999080,0,0.50379,0.26984,30.227,0.540,-1,400.000,-1,400.000,-1,325.000,325.000,300.000,325.000,-1,-1,-1,-1,725.000,800.000,-1,-1,2,0,2,0,2,0,0,0,0,2,2,2,2,0,0,2,2
48,4191.447,5225.238,157.950,-20.354,0.937650,0.347523,0.006284,-0.347472,0.936755,0.041873,0.008665,-0.041445,0.999103,0,0.50379,0.26984,30.227,0.540,-1,400.000,-1,400.000,-1,325.000,325.000,300.000,325.000,-1,-1,-1,-1,725.000,800.000,-1,-1,2,0,2,0,2,0,0,0,0,2,2,2,2,0,0,2,2
49,4224.351,5213.227,158.160,-20.054,0.939451,0.342627,0.006141,-0.342580,0.938582,0.041264,0.008375,-0.040870,0.999129,0,0.58379,0.14984,35.027,0.300,-1,400.000,-1,400.000,-1,325.000,325.000,300.000,325.000,-1,-1,-1,-1,725.000,800.000,-1,-1,2,0,2,0,2,0,0,0,0,2,2,2,2,0,0,2,2
50,4261.777,5199.608,158.398,-19.995,0.939805,0.341659,0.006027,-0.341615,0.938967,0.040514,0.008183,-0.040134,0.999161,0,0.66379,0.02984,39.827,0.060,-1,400.000,-1,400.000,-1,325.000,325.000,300.000,325.000,-1,-1,-1,-1,700.000,775.000,-1,-1,2,0,2,0,2,0,0,0,0,2,2,2,2,0,0,2,2
51,4303.669,5184.223,158.653,-20.165,0.938781,0.344464,0.005930,-0.344420,0.937975,0.039713,0.008117,-0.039324,0.999194,0,0.74379,-0.08528,44.627,-0.171,-1,375.000,-1,400.000,-1,325.000,325.000,300.000,325.000,-1,-1,-1,-1,700.000,775.000,-1,-1,2,0,2,0,2,0,0,0,0,2,2,2,2,0,0,2,2
52,4350.015,5167.046,158.927,-20.336,0.937748,0.347266,0.005856,-0.347223,0.936976,0.038893,0.008019,-0.038505,0.999226,0,0.82379,-0.08528,49.427,-0.171,-1,375.000,-1,400.000,-1,325.000,325.000,300.000,325.000,-1,-1,-1,-1,700.000,775.000,-1,-1,2,0,2,0,2,0,0,0,0,2,2,2,2,0,0,2,2
53,4398.415,5148.943,159.205,-20.506,0.936708,0.350064,0.005815,-0.350023,0.935965,0.038110,0.007898,-0.037733,0.999257,0,0.86124,-0.08528,51.675,-0.171,-1,375.000,-1,400.000,-1,325.000,325.000,300.000,325.000,-1,-1,-1,-1,700.000,775.000,-1,-1,2,0,2,0,2,0,0,0,0,2,2,2,2,0,0,2,2
54,4446.761,5130.696,159.474,-20.677,0.935659,0.352858,0.005814,-0.352820,0.934943,0.037403,0.007762,-0.037048,0.999283,0,0.86124,-0.08528,51.675,-0.171,-1,375.000,-1,400.000,-1,325.000,325.000,300.000,325.000,-1,-1,-1,-1,700.000,750.000,-1,-1,2,0,2,0,2,0,0,0,0,2,2,2,2,0,0,2,2
55,4495.053,5112.306,159.832,-20.848,0.934599,0.355653,0.006011,-0.355629,0.933923,0.036279,0.007289,-0.036044,0.999324,0,0.86124,-0.08528,51.675,-0.171,-1,375.000,-1,400.000,-1,325.000,325.000,300.000,325.000,-1,-1,-1,-1,700.000,750.000,-1,-1,2,0,2,0,2,0,0,0,0,2,2,2,2,0,0,2,2
56,4543.289,5093.771,160.342,-21.018,0.933530,0.358451,0.005911,-0.358433,0.932912,0.034657,0.006908,-0.034472,0.999382,0,0.86124,-0.08528,51.675,-0.171,-1,375.000,-1,400.000,-1,300.000,325.000,300.000,325.000,-1,-1,-1,-1,675.000,750.000,-1,-1,2,0,2,0,2,0,0,0,0,2,2,2,2,0,0,2,2
57,4591.470,5075.093,160.943,-21.189,0.932454,0.361250,0.005317,-0.361223,0.931900,0.032871,0.006919,-0.032572,0.999445,0,0.86124,-0.08528,51.675,-0.171,-1,375.000,-1,400.000,-1,300.000,325.000,300.000,325.000,-1,-1,-1,-1,675.000,750.000,-1,-1,2,0,2,0,2,0,0,0,0,2,2,2,2,0,0,2,2
58,4639.595,5056.272,161.541,-21.359,0.931370,0.364043,0.004655,-0.364006,0.930875,0.031173,0.007015,-0.030729,0.999503,0,0.86124,-0.08528,51.675,-0.171,-1,375.000,-1,375.000,-1,300.000,325.000,300.000,300.000,-1,-1,-1,-1,675.000,725.000,-1,-1,2,0,2,0,2,0,0,0,0,2,2,2,2,0,0,2,2
59,4687.664,5037.307,162.142,-21.530,0.930279,0.366832,0.003948,-0.366783,0.929836,0.029578,0.007180,-0.028964,0.999555,0,0.86124,-0.08528,51.675,-0.171,-1,375.000,-1,375.000,-1,300.000,325.000,300.000,300.000,-1,-1,-1,-1,675.000,725.000,-1,-1,2,0,2,0,2,0,0,0,0,2,2,2,2,0,0,2,2
60,4735.676,5018.200,162.839,-21.700,0.929182,0.369613,0.002656,-0.369533,0.928775,0.028682,0.008134,-0.027632,0.999585,0,0.86124,-0.08528,51.675,-0.171,-1,375.000,-1,375.000,-1,300.000,300.000,300.000,300.000,-1,-1,-1,-1,675.000,725.000,-1,-1,2,0,2,0,2,0,0,0,0,2,2,2,2,0,0,2,2
61,4783.632,4998.950,163.604,-21.871,0.928077,0.372386,0.001000,-0.372263,0.927696,0.028290,0.009607,-0.026628,0.999599,0,0.86124,-0.08528,51.675,-0.171,-1,375.000,-1,375.000,-1,300.000,325.000,300.000,300.000,-1,-1,-1,-1,675.000,725.000,-1,-1,2,0,2,0,2,0,0,0,0,2,2,2,2,0,0,2,2
62,4831.530,4979.557,164.363,-22.042,0.926962,0.375155,-0.000662,-0.374992,0.926606,0.027960,0.011102,-0.025669,0.999609,0,0.86124,-0.08528,51.675,-0.171,-1,375.000,-1,375.000,-1,300.000,325.000,300.000,300.000,-1,-1,-1,-1,675.000,750.000,-1,-1,2,0,2,0,2,0,0,0,0,2,2,2,2,0,0,2,2
63,4879.369,4960.022,165.114,-22.212,0.925835,0.377921,-0.002329,-0.377717,0.925507,0.027691,0.012620,-0.024757,0.999614,0,0.86124,-0.08528,51.675,-0.171,-1,375.000,-1,400.000,-1,300.000,325.000,300.000,300.000,-1,-1,-1,-1,675.000,750.000,-1,-1,2,0,2,0,2,0,0,0,0,2,2,2,2,0,0,2,2
64,4927.151,4940.344,165.859,-22.383,0.924697,0.380682,-0.004001,-0.380440,0.924397,0.027484,0.014161,-0.023892,0.999614,0,0.86124,-0.08528,51.675,-0.171,-1,375.000,-1,400.000,-1,325.000,325.000,300.000,300.000,-1,-1,-1,-1,700.000,750.000,-1,-1,2,0,2,0,2,0,0,0,0,2,2,2,2,0,0,2,2
65,4974.874,4920.524,166.596,-22.553,0.923548,0.383440,-0.005677,-0.383159,0.923278,0.027339,0.015725,-0.023074,0.999610,0,0.86124,-0.08528,51.675,-0.171,-1,375.000,-1,400.000,-1,325.000,325.000,300.000,300.000,-1,-1,-1,-1,700.000,750.000,-1,-1,2,0,2,0,2,0,0,0,0,2,2,2,2,0,0,2,2
66,5022.537,4900.563,167.326,-22.724,0.922389,0.386193,-0.007357,-0.385875,0.922148,0.027258,0.017311,-0.022304,0.999601,0,0.86124,-0.08528,51.675,-0.171,-1,375.000,-1,400.000,-1,325.000,325.000,300.000,300.000,-1,-1,-1,-1,700.000,775.000,-1,-1,2,0,2,0,2,0,0,0,0,2,2,2,2,0,0,2,2
67,5070.141,4880.459,168.048,-22.894,0.921217,0.388943,-0.009040,-0.388588,0.921009,0.027241,0.018922,-0.021582,0.999588,0,0.86124,-0.08528,51.675,-0.171,-1,375.000,-1,400.000,-1,325.000,325.000,300.000,300.000,-1,-1,925.000,-1,700.000,775.000,-1,-1,2,0,2,0,2,0,0,0,0,2,2,0,2,0,0,2,2
68,5117.685,4860.214,168.801,-23.065,0.920035,0.391690,-0.010673,-0.391302,0.919863,0.027097,0.020431,-0.020754,0.999576,0,0.86124,-0.08528,51.675,-0.171,-1,375.000,-1,400.000,-1,325.000,325.000,300.000,300.000,-1,-1,775.000,-1,700.000,800.000,-1,-1,2,0,2,0,2,0,0,0,0,2,2,0,2,0,0,2,2
69,5165.168,4839.828,169.715,-23.236,0.918843,0.394438,-0.012078,-0.394041,0.918720,0.026175,0.021421,-0.019292,0.999584,0,0.86124,-0.08528,51.675,-0.171,-1,375.000,-1,400.000,-1,325.000,325.000,300.000,300.000,-1,-1,750.000,-1,725.000,800.000,-1,-1,2,0,2,0,2,0,0,0,0,2,2,0,2,0,0,2,2
70,5212.591,4819.300,170.749,-23.406,0.917632,0.397185,-0.013967,-0.396780,0.917574,0.024954,0.022728,-0.017357,0.999591,0,0.86124,-0.08528,51.675,-0.171,-1,375.000,-1,400.000,-1,325.000,325.000,300.000,300.000,-1,950.000,675.000,-1,725.000,800.000,-1,-1,2,0,2,0,2,0,0,0,0,2,0,0,2,0,0,2,2
71,5259.983,4798.620,171.798,-23.574,0.916429,0.399884,-0.015855,-0.399477,0.916437,0.023696,0.024006,-0.015382,0.999593,0,0.86180,-0.08390,51.708,-0.168,-1,375.000,-1,400.000,-1,325.000,325.000,300.000,300.000,-1,900.000,600.000,-1,750.000,825.000,-1,-1,2,0,2,0,2,0,0,0,0,2,0,0,2,0,0,2,2
72,5307.384,4777.777,172.805,-23.735,0.915267,0.402468,-0.017474,-0.402066,0.915333,0.022540,0.025066,-0.013604,0.999593,0,0.86302,-0.08051,51.781,-0.161,-1,400.000,-1,400.000,-1,325.000,325.000,300.000,300.000,-1,875.000,575.000,-1,775.000,825.000,-1,-1,2,0,2,0,2,0,0,0,0,2,0,0,2,0,0,2,2
73,5354.786,4756.783,174.075,-23.889,0.914171,0.404935,-0.017881,-0.404543,0.914255,0.021972,0.025245,-0.012852,0.999599,0,0.86404,-0.07714,51.843,-0.154,-1,400.000,-1,400.000,-1,325.000,325.000,300.000,300.000,-1,925.000,625.000,-1,800.000,825.000,-1,-1,2,0,2,0,2,0,0,0,0,2,0,0,2,0,0,2,2
74,5402.179,4735.645,175.369,-24.037,0.913117,0.407292,-0.018168,-0.406908,0.913216,0.021517,0.025355,-0.012255,0.999603,0,0.86488,-0.07381,51.893,-0.148,-1,400.000,-1,400.000,-1,325.000,325.000,300.000,300.000,-1,975.000,675.000,-1,800.000,825.000,-1,-1,2,0,2,0,2,0,0,0,0,2,0,0,2,0,0,2,2
75,5449.555,4714.376,176.659,-24.178,0.912105,0.409542,-0.018424,-0.409166,0.912216,0.021095,0.025446,-0.011703,0.999608,0,0.86554,-0.07054,51.932,-0.141,-1,400.000,-1,400.000,-1,325.000,325.000,300.000,300.000,-1,-1,725.000,-1,825.000,850.000,-1,-1,2,0,2,0,2,0,0,0,0,2,2,0,2,0,0,2,2
76,5496.908,4692.982,177.922,-24.313,0.911132,0.411694,-0.018623,-0.411328,0.911254,0.020611,0.025456,-0.011119,0.999614,0,0.86601,-0.06751,51.961,-0.135,-1,400.000,-1,400.000,-1,325.000,325.000,300.000,300.000,-1,-1,775.000,-1,825.000,850.000,-1,-1,2,0,2,0,2,0,0,0,0,2,2,0,2,0,0,2,2
77,5544.228,4671.474,179.159,-24.443,0.910193,0.413758,-0.018766,-0.413405,0.910326,0.020062,0.025384,-0.010503,0.999623,0,0.86632,-0.06485,51.979,-0.130,-1,400.000,-1,400.000,-1,325.000,325.000,300.000,300.000,-1,-1,825.000,-1,850.000,850.000,-1,-1,2,0,2,0,2,0,0,0,0,2,2,0,2,0,0,2,2
78,5591.510,4649.860,180.369,-24.567,0.909287,0.415743,-0.018853,-0.415404,0.909429,0.019449,0.025231,-0.009853,0.999633,0,0.86646,-0.06240,51.988,-0.125,-1,400.000,-1,400.000,-1,325.000,325.000,300.000,300.000,-1,-1,875.000,-1,875.000,875.000,-1,-1,2,0,2,0,2,0,0,0,0,2,2,0,2,0,0,2,2
79,5637.852,4628.784,181.530,-24.455,0.910097,0.413964,-0.018892,-0.413642,0.910246,0.018762,0.024963,-0.009261,0.999645,0,0.84849,0.05608,50.909,0.112,-1,400.000,-1,400.000,-1,325.000,325.000,300.000,300.000,-1,-1,925.000,-1,875.000,875.000,-1,-1,2,0,2,0,2,0,0,0,0,2,2,0,2,0,0,2,2
80,5684.233,4607.804,182.627,-24.339,0.910935,0.412120,-0.018841,-0.411821,0.911090,0.017839,0.024518,-0.008491,0.999663,0,0.84843,0.05810,50.906,0.116,-1,400.000,-1,400.000,-1,325.000,325.000,300.000,300.000,-1,-1,1000.000,-1,875.000,875.000,-1,-1,2,0,2,0,2,0,0,0,0,2,2,0,2,0,0,2,2
81,5730.649,4586.925,183.684,-24.219,0.911796,0.410216,-0.018729,-0.409943,0.911957,0.016795,0.023970,-0.007636,0.999684,0,0.84827,0.05994,50.896,0.120,-1,425.000,-1,400.000,-1,325.000,325.000,300.000,300.000,-1,-1,-1,-1,900.000,875.000,-1,-1,2,0,2,0,2,0,0,0,0,2,2,2,2,0,0,2,2
82,5777.096,4566.153,184.775,-24.096,0.912679,0.408257,-0.018516,-0.408016,0.912843,0.015484,0.023223,-0.006577,0.999709,0,0.84800,0.06159,50.880,0.123,-1,425.000,-1,425.000,-1,325.000,325.000,300.000,300.000,-1,-1,-1,-1,925.000,875.000,-1,-1,2,0,2,0,2,0,0,0,0,2,2,2,2,0,0,2,2
83,5823.568,4545.491,185.915,-23.970,0.913581,0.406250,-0.018183,-0.406048,0.913747,0.013833,0.022234,-0.005255,0.999739,0,0.84764,0.06306,50.858,0.126,-1,425.000,-1,425.000,-1,325.000,325.000,300.000,300.000,-1,-1,-1,-1,925.000,875.000,-1,-1,2,0,2,0,2,0,0,0,0,2,2,2,2,0,0,2,2
84,5870.062,4524.945,186.630,-23.841,0.914529,0.404196,-0.016190,-0.404016,0.914655,0.013296,0.020183,-0.005619,0.999781,0,0.84720,0.06435,50.832,0.129,-1,425.000,-1,425.000,-1,325.000,325.000,300.000,300.000,-1,-1,-1,-1,925.000,875.000,-1,-1,2,0,2,0,2,0,0,0,0,2,2,2,2,0,0,2,2
85,5916.575,4504.517,187.307,-23.710,0.915484,0.402104,-0.014197,-0.401944,0.915574,0.012862,0.018170,-0.006068,0.999816,0,0.84669,0.06545,50.801,0.131,-1,425.000,-1,425.000,-1,325.000,325.000,300.000,300.000,-1,-1,-1,-1,925.000,875.000,-1,-1,2,0,2,0,2,0,0,0,0,2,2,2,2,0,0,2,2
86,5963.104,4484.211,187.962,-23.578,0.916442,0.399981,-0.012239,-0.399840,0.916500,0.012477,0.016208,-0.006541,0.999847,0,0.84611,0.06636,50.767,0.133,-1,425.000,-1,425.000,-1,325.000,325.000,300.000,300.000,-1,-1,-1,-1,925.000,850.000,-1,-1,2,0,2,0,2,0,0,0,0,2,2,2,2,0,0,2,2
87,6009.646,4464.029,188.631,-23.443,0.917402,0.397832,-0.010174,-0.397709,0.917430,0.012218,0.014195,-0.007162,0.999874,0,0.84549,0.06708,50.729,0.134,-1,425.000,-1,425.000,-1,325.000,325.000,275.000,300.000,-1,-1,-1,-1,900.000,850.000,-1,-1,2,0,2,0,2,0,0,0,0,2,2,2,2,0,0,2,2
88,6056.199,4443.972,189.117,-23.308,0.918360,0.395666,-0.007964,-0.395571,0.918366,0.011280,0.011777,-0.007208,0.999905,0,0.84483,0.06761,50.690,0.135,-1,425.000,-1,425.000,-1,325.000,325.000,300.000,300.000,-1,-1,-1,-1,900.000,850.000,-1,-1,2,0,2,0,2,0,0,0,0,2,2,2,2,0,0,2,2
89,6102.761,4424.042,189.455,-23.172,0.919312,0.393488,-0.005665,-0.393424,0.919305,0.009827,0.009074,-0.006805,0.999936,0,0.84414,0.06794,50.649,0.136,-1,425.000,-1,400.000,-1,325.000,325.000,300.000,300.000,-1,-1,-1,-1,900.000,825.000,-1,-1,2,0,2,0,2,0,0,0,0,2,2,2,2,0,0,2,2
90,6149.332,4404.239,189.773,-23.036,0.920256,0.391303,-0.003432,-0.391264,0.920240,0.008440,0.006461,-0.006424,0.999958,0,0.84344,0.06809,50.607,0.136,-1,400.000,-1,400.000,-1,325.000,325.000,300.000,300.000,-1,-1,-1,-1,875.000,825.000,-1,-1,2,0,2,0,2,0,0,0,0,2,2,2,2,0,0,2,2
91,6195.912,4384.564,190.069,-22.900,0.921188,0.389116,-0.001267,-0.389099,0.921169,0.007117,0.003936,-0.006063,0.999974,0,0.84274,0.06805,50.564,0.136,-1,400.000,-1,400.000,-1,325.000,325.000,300.000,300.000,-1,-1,-1,-1,875.000,800.000,-1,-1,2,0,2,0,2,0,0,0,0,2,2,2,2,0,0,2,2
92,6242.499,4365.014,190.341,-22.764,0.922106,0.386936,0.000823,-0.386934,0.922089,0.005853,0.001505,-0.005715,0.999983,0,0.84205,0.06781,50.523,0.136,-1,400.000,-1,400.000,-1,325.000,325.000,300.000,300.000,-1,-1,-1,-1,875.000,800.000,-1,-1,2,0,2,0,2,0,0,0,0,2,2,2,2,0,0,2,2
93,6284.775,4347.599,190.510,-22.389,0.924620,0.380883,0.002440,-0.380891,0.924608,0.004677,-0.000474,-0.005254,0.999986,0,0.76205,0.18781,45.723,0.376,-1,400.000,-1,400.000,-1,325.000,325.000,300.000,300.000,-1,-1,-1,-1,850.000,800.000,-1,-1,2,0,2,0,2,0,0,0,0,2,2,2,2,0,0,2,2
94,6322.779,4332.419,190.644,-21.773,0.928654,0.370927,0.003871,-0.370941,0.928649,0.003730,-0.002211,-0.004900,0.999986,0,0.68205,0.30781,40.923,0.616,-1,400.000,-1,400.000,-1,325.000,325.000,300.000,300.000,-1,-1,-1,-1,850.000,775.000,-1,-1,2,0,2,0,2,0,0,0,0,2,2,2,2,0,0,2,2
95,6356.521,4319.522,190.743,-20.917,0.934083,0.357019,0.005129,-0.357036,0.934086,0.003004,-0.003719,-0.004637,0.999982,0,0.60205,0.42781,36.123,0.856,-1,400.000,-1,400.000,-1,325.000,325.000,300.000,300.000,-1,-1,-1,-1,850.000,775.000,-1,-1,2,0,2,0,2,0,0,0,0,2,2,2,2,0,0,2,2
96,6385.988,4308.901,190.812,-19.822,0.940732,0.339093,0.006221,-0.339113,0.940742,0.002487,-0.005009,-0.004449,0.999978,0,0.52205,0.54781,31.323,1.096,-1,400.000,-1,400.000,-1,325.000,325.000,300.000,300.000,-1,-1,-1,-1,850.000,775.000,-1,-1,2,0,2,0,2,0,0,0,0,2,2,2,2,0,0,2,2
97,6411.143,4300.491,190.852,-18.486,0.948374,0.317074,0.007146,-0.317096,0.948391,0.002166,-0.006091,-0.004320,0.999972,0,0.44205,0.66781,26.523,1.336,-1,400.000,-1,400.000,-1,325.000,325.000,300.000,300.000,-1,-1,-1,-1,850.000,775.000,-1,-1,2,0,2,0,2,0,0,0,0,2,2,2,2,0,0,2,2
98,6431.925,4294.169,190.867,-16.920,0.956678,0.291041,0.007903,-0.291065,0.956701,0.002026,-0.006971,-0.004239,0.999967,0,0.36205,0.78288,21.723,1.566,-1,400.000,-1,400.000,-1,325.000,325.000,300.000,300.000,-1,-1,-1,-1,850.000,775.000,-1,-1,2,0,2,0,2,0,0,0,0,2,2,2,2,0,0,2,2
99,6448.244,4289.688,190.866,-15.355,0.964266,0.264799,0.008492,-0.264824,0.964295,0.002008,-0.007657,-0.004186,0.999962,0,0.28205,0.78267,16.923,1.565,-1,400.000,-1,400.000,-1,325.000,325.000,300.000,300.000,-1,-1,-1,-1,850.000,775.000,-1,-1,2,0,2,0,2,0,0,0,0,2,2,2,2,0,0,2,2
100,6460.017,4286.798,190.852,-13.790,0.971136,0.238362,0.008905,-0.238389,0.971167,0.002095,-0.008149,-0.004157,0.999958,0,0.20205,0.78256,12.123,1.565,-1,400.000,-1,400.000,-1,325.000,325.000,300.000,300.000,-1,-1,-1,-1,850.000,775.000,-1,-1,2,0,2,0,2,0,0,0,0,2,2,2,2,0,0,2,2
101,6467.174,4285.247,190.825,-12.225,0.977281,0.211749,0.009135,-0.211778,0.977315,0.002269,-0.008448,-0.004152,0.999956,0,0.12205,0.78251,7.323,1.565,-1,400.000,-1,400.000,-1,325.000,325.000,300.000,300.000,-1,-1,-1,-1,850.000,775.000,-1,-1,2,0,2,0,2,0,0,0,0,2,2,2,2,0,0,2,2
102,6469.654,4284.781,190.789,-10.660,0.982700,0.184978,0.009176,-0.185008,0.982734,0.002513,-0.008553,-0.004167,0.999955,0,0.04205,0.78252,2.523,1.565,-1,400.000,-1,400.000,-1,325.000,325.000,300.000,300.000,-1,-1,-1,-1,850.000,775.000,-1,-1,2,0,2,0,2,0,0,0,0,2,2,2,2,0,0,2,2
103,6476.880,4283.593,190.773,-9.335,0.986712,0.162204,0.009417,-0.162235,0.986749,0.002647,-0.008863,-0.004139,0.999952,0,0.12205,0.66252,7.323,1.325,-1,400.000,-1,400.000,-1,325.000,325.000,300.000,300.000,-1,-1,-1,-1,850.000,775.000,-1,-1,2,0,2,0,2,0,0,0,0,2,2,2,2,0,0,2,2
104,6488.877,4281.853,190.775,-8.250,0.989603,0.143489,0.009862,-0.143522,0.989643,0.002685,-0.009375,-0.004073,0.999948,0,0.20205,0.54252,12.123,1.085,-1,400.000,-1,400.000,-1,325.000,325.000,300.000,300.000,-1,-1,-1,-1,850.000,775.000,-1,-1,2,0,2,0,2,0,0,0,0,2,2,2,2,0,0,2,2
105,6505.659,4279.672,190.792,-7.405,0.991605,0.128879,0.010514,-0.128913,0.991652,0.002638,-0.010086,-0.003972,0.999941,0,0.28205,0.42252,16.923,0.845,-1,400.000,-1,400.000,-1,325.000,325.000,300.000,300.000,-1,-1,-1,-1,825.000,775.000,-1,-1,2,0,2,0,2,0,0,0,0,2,2,2,2,0,0,2,2
106,6527.229,4277.100,190.745,-6.800,0.992903,0.118400,0.011156,-0.118438,0.992957,0.002860,-0.010739,-0.004161,0.999934,0,0.36205,0.30252,21.723,0.605,-1,400.000,-1,400.000,-1,325.000,325.000,300.000,300.000,-1,-1,-1,-1,825.000,775.000,-1,-1,2,0,2,0,2,0,0,0,0,2,2,2,2,0,0,2,2
107,6553.585,4274.128,190.528,-6.435,0.993628,0.112071,0.011961,-0.112123,0.993687,0.003756,-0.011465,-0.005073,0.999921,0,0.44205,0.18252,26.523,0.365,-1,400.000,-1,400.000,-1,325.000,325.000,300.000,300.000,-1,-1,-1,-1,825.000,775.000,-1,-1,2,0,2,0,2,0,0,0,0,2,2,2,2,0,0,2,2
108,6584.718,4270.686,190.189,-6.310,0.993860,0.109901,0.012824,-0.109970,0.993924,0.004755,-0.012223,-0.006136,0.999906,0,0.52205,0.06252,31.323,0.125,-1,400.000,-1,400.000,-1,325.000,325.000,300.000,300.000,-1,-1,-1,-1,825.000,775.000,-1,-1,2,0,2,0,2,0,0,0,0,2,2,2,2,0,0,2,2
109,6620.628,4266.770,189.551,-6.223,0.994016,0.108397,0.013519,-0.108473,0.994087,0.005034,-0.012893,-0.006471,0.999896,0,0.60205,0.04336,36.123,0.087,-1,400.000,-1,400.000,-1,325.000,325.000,300.000,300.000,-1,-1,-1,-1,825.000,775.000,-1,-1,2,0,2,0,2,0,0,0,0,2,2,2,2,0,0,2,2
110,6661.317,4262.396,188.809,-6.136,0.994168,0.106885,0.014360,-0.106970,0.994248,0.005274,-0.013714,-0.006780,0.999883,0,0.68205,0.04356,40.923,0.087,-1,400.000,-1,400.000,-1,325.000,325.000,300.000,300.000,-1,-1,-1,-1,800.000,775.000,-1,-1,2,0,2,0,2,0,0,0,0,2,2,2,2,0,0,2,2
111,6706.785,4257.578,187.983,-6.049,0.994316,0.105369,0.015296,-0.105464,0.994408,0.005556,-0.014626,-0.007137,0.999868,0,0.76205,0.04368,45.723,0.087,-1,400.000,-1,400.000,-1,325.000,325.000,300.000,300.000,-1,-1,-1,-1,800.000,775.000,-1,-1,2,0,2,0,2,0,0,0,0,2,2,2,2,0,0,2,2
112,6757.035,4252.331,187.075,-5.961,0.994459,0.103853,0.016327,-0.103960,0.994564,0.005882,-0.015627,-0.007546,0.999849,0,0.84205,0.04366,50.523,0.087,-1,400.000,-1,400.000,-1,325.000,325.000,300.000,300.000,-1,-1,-1,-1,800.000,750.000,-1,-1,2,0,2,0,2,0,0,0,0,2,2,2,2,0,0,2,2
113,6812.067,4246.669,186.084,-5.874,0.994596,0.102344,0.017450,-0.102466,0.994717,0.006255,-0.016717,-0.008009,0.999828,0,0.92205,0.04345,55.323,0.087,-1,400.000,-1,400.000,-1,325.000,325.000,300.000,300.000,-1,-1,-1,-1,775.000,750.000,-1,-1,2,0,2,0,2,0,0,0,0,2,2,2,2,0,0,2,2
114,6867.781,4241.021,185.086,-5.788,0.994728,0.100850,0.018580,-0.100988,0.994865,0.006650,-0.017814,-0.008492,0.999805,0,0.93331,0.04300,55.999,0.086,-1,400.000,-1,400.000,-1,325.000,325.000,300.000,300.000,-1,-1,-1,-1,775.000,750.000,-1,-1,2,0,2,0,2,0,0,0,0,2,2,2,2,0,0,2,2
115,6923.461,4235.460,184.094,-5.704,0.994854,0.099381,0.019704,-0.099536,0.995009,0.007062,-0.018904,-0.008987,0.999781,0,0.93262,0.04230,55.957,0.085,-1,400.000,-1,400.000,-1,325.000,325.000,300.000,300.000,-1,-1,-1,-1,775.000,750.000,-1,-1,2,0,2,0,2,0,0,0,0,2,2,2,2,0,0,2,2
116,6979.111,4229.983,183.106,-5.621,0.994974,0.097944,0.020821,-0.098117,0.995147,0.007489,-0.019986,-0.009494,0.999755,0,0.93199,0.04136,55.919,0.083,-1,400.000,-1,400.000,-1,325.000,325.000,300.000,300.000,-1,-1,-1,-1,750.000,725.000,-1,-1,2,0,2,0,2,0,0,0,0,2,2,2,2,0,0,2,2
117,7034.736,4224.587,182.124,-5.541,0.995087,0.096547,0.021931,-0.096740,0.995278,0.007932,-0.021062,-0.010014,0.999728,0,0.93143,0.04019,55.886,0.080,-1,400.000,-1,375.000,-1,325.000,325.000,300.000,300.000,-1,-1,-1,-1,750.000,725.000,-1,-1,2,0,2,0,2,0,0,0,0,2,2,2,2,0,0,2,2
118,7090.339,4219.270,181.147,-5.463,0.995192,0.095199,0.023035,-0.095413,0.995402,0.008390,-0.022131,-0.010547,0.999699,0,0.93095,0.03878,55.857,0.078,-1,400.000,-1,375.000,-1,325.000,325.000,300.000,300.000,-1,-1,-1,-1,725.000,725.000,-1,-1,2,0,2,0,2,0,0,0,0,2,2,2,2,0,0,2,2
119,7145.928,4214.026,180.174,-5.389,0.995288,0.093908,0.024133,-0.094144,0.995519,0.008862,-0.023193,-0.011092,0.999669,0,0.93059,0.03715,55.835,0.074,-1,400.000,-1,375.000,-1,325.000,325.000,300.000,300.000,-1,-1,-1,-1,725.000,725.000,-1,-1,2,0,2,0,2,0,0,0,0,2,2,2,2,0,0,2,2
120,7201.508,4208.852,179.153,-5.318,0.995384,0.092681,0.024909,-0.092943,0.995625,0.009589,-0.023911,-0.011860,0.999644,0,0.93033,0.03528,55.820,0.071,-1,375.000,-1,375.000,-1,325.000,325.000,300.000,300.000,-1,-1,-1,-1,725.000,725.000,-1,-1,2,0,2,0,2,0,0,0,0,2,2,2,2,0,0,2,2
121,7257.086,4203.744,178.121,-5.252,0.995506,0.091527,0.024315,-0.091792,0.995728,0.010008,-0.023295,-0.012195,0.999654,0,0.93021,0.03319,55.813,0.066,-1,375.000,-1,375.000,-1,325.000,325.000,300.000,300.000,-1,-1,-1,-1,725.000,725.000,-1,-1,2,0,2,0,2,0,0,0,0,2,2,2,2,0,0,2,2
122,7313.022,4198.667,177.064,-5.186,0.995635,0.090378,0.023304,-0.090639,0.995830,0.010398,-0.022267,-0.012465,0.999674,0,0.93610,0.03304,56.166,0.066,-1,375.000,-1,375.000,-1,325.000,325.000,300.000,300.000,-1,-1,-1,-1,725.000,725.000,-1,-1,2,0,2,0,2,0,0,0,0,2,2,2,2,0,0,2,2
123,7368.933,4193.659,176.009,-5.119,0.995762,0.089218,0.022310,-0.089474,0.995931,0.010788,-0.021256,-0.012739,0.999693,0,0.93558,0.03337,56.135,0.067,-1,400.000,-1,375.000,-1,325.000,325.000,300.000,300.000,-1,-1,-1,-1,700.000,725.000,-1,-1,2,0,2,0,2,0,0,0,0,2,2,2,2,0,0,2,2
124,7424.817,4188.718,174.957,-5.052,0.995887,0.088054,0.021333,-0.088306,0.996031,0.011179,-0.020264,-0.013017,0.999710,0,0.93505,0.03346,56.103,0.067,-1,400.000,-1,375.000,-1,325.000,325.000,300.000,300.000,-1,-1,-1,-1,700.000,725.000,-1,-1,2,0,2,0,2,0,0,0,0,2,2,2,2,0,0,2,2
125,7480.676,4183.845,173.906,-4.985,0.996009,0.086896,0.020372,-0.087143,0.996129,0.011570,-0.019288,-0.013299,0.999726,0,0.93452,0.03331,56.071,0.067,-1,400.000,-1,375.000,-1,325.000,325.000,300.000,300.000,-1,-1,-1,-1,700.000,750.000,-1,-1,2,0,2,0,2,0,0,0,0,2,2,2,2,0,0,2,2
126,7536.510,4179.040,172.858,-4.920,0.996127,0.085751,0.019428,-0.085992,0.996224,0.011962,-0.018329,-0.013586,0.999740,0,0.93400,0.03292,56.040,0.066,-1,400.000,-1,400.000,-1,325.000,325.000,300.000,300.000,-1,-1,-1,-1,700.000,750.000,-1,-1,2,0,2,0,2,0,0,0,0,2,2,2,2,0,0,2,2
127,7592.321,4174.299,171.812,-4.855,0.996241,0.084627,0.018500,-0.084863,0.996316,0.012354,-0.017387,-0.013877,0.999753,0,0.93353,0.03229,56.012,0.065,-1,400.000,-1,400.000,-1,325.000,325.000,300.000,300.000,-1,-1,-1,-1,700.000,750.000,-1,-1,2,0,2,0,2,0,0,0,0,2,2,2,2,0,0,2,2
128,7648.111,4169.622,170.768,-4.792,0.996350,0.083534,0.017588,-0.083763,0.996404,0.012746,-0.016460,-0.014173,0.999764,0,0.93310,0.03144,55.986,0.063,-1,375.000,-1,400.000,-1,325.000,325.000,300.000,300.000,-1,-1,-1,-1,700.000,775.000,-1,-1,2,0,2,0,2,0,0,0,0,2,2,2,2,0,0,2,2
129,7699.131,4165.507,169.815,-4.611,0.996623,0.080377,0.016766,-0.080601,0.996660,0.013094,-0.015657,-0.014401,0.999774,0,0.85310,0.09072,51.186,0.181,-1,375.000,-1,400.000,-1,325.000,325.000,300.000,300.000,-1,-1,-1,-1,700.000,775.000,-1,-1,2,0,2,0,2,0,0,0,0,2,2,2,2,0,0,2,2
130,7750.117,4161.556,168.863,-4.432,0.996883,0.077262,0.015955,-0.077478,0.996903,0.013437,-0.014867,-0.014631,0.999782,0,0.85231,0.08954,51.139,0.179,-1,375.000,-1,400.000,-1,325.000,325.000,300.000,300.000,-1,-1,-1,-1,700.000,775.000,-1,-1,2,0,2,0,2,0,0,0,0,2,2,2,2,0,0,2,2
131,7801.106,4157.762,167.911,-4.255,0.997129,0.074192,0.015154,-0.074402,0.997133,0.013775,-0.014089,-0.014863,0.999790,0,0.85216,0.08818,51.129,0.176,-1,375.000,-1,400.000,-1,325.000,325.000,300.000,300.000,-1,-1,-1,-1,700.000,775.000,-1,-1,2,0,2,0,2,0,0,0,0,2,2,2,2,0,0,2,2
132,7852.101,4154.123,166.994,-4.082,0.997359,0.071176,0.014462,-0.071378,0.997352,0.013966,-0.013430,-0.014961,0.999798,0,0.85208,0.08666,51.125,0.173,-1,375.000,-1,400.000,-1,325.000,325.000,300.000,300.000,-1,-1,-1,-1,675.000,800.000,-1,-1,2,0,2,0,2,0,0,0,0,2,2,2,2,0,0,2,2
133,7903.106,4150.634,166.480,-3.912,0.997578,0.068219,0.013591,-0.068393,0.997576,0.012800,-0.012685,-0.013699,0.999826,0,0.85208,0.08496,51.125,0.170,-1,375.000,-1,400.000,-1,325.000,325.000,300.000,300.000,-1,-1,-1,-1,700.000,800.000,-1,-1,2,0,2,0,2,0,0,0,0,2,2,2,2,0,0,2,2
134,7954.349,4147.282,166.021,-3.743,0.997786,0.065270,0.012792,-0.065421,0.997789,0.011723,-0.011998,-0.012534,0.999849,0,0.85587,0.08470,51.352,0.169,-1,375.000,-1,400.000,-1,325.000,325.000,300.000,300.000,-1,-1,-1,-1,675.000,800.000,-1,-1,2,0,2,0,2,0,0,0,0,2,2,2,2,0,0,2,2
135,8005.586,4144.083,165.554,-3.572,0.997985,0.062302,0.012008,-0.062431,0.997993,0.010636,-0.011321,-0.011364,0.999871,0,0.85562,0.08523,51.337,0.170,-1,375.000,-1,400.000,-1,325.000,325.000,300.000,300.000,-1,-1,-1,-1,675.000,800.000,-1,-1,2,0,2,0,2,0,0,0,0,2,2,2,2,0,0,2,2
136,8056.816,4141.039,165.080,-3.401,0.998176,0.059321,0.011239,-0.059429,0.998187,0.009539,-0.010652,-0.010189,0.999891,0,0.85534,0.08558,51.320,0.171,-1,375.000,-1,400.000,-1,325.000,325.000,300.000,300.000,-1,-1,-1,-1,675.000,800.000,-1,-1,2,0,2,0,2,0,0,0,0,2,2,2,2,0,0,2,2
137,8108.037,4138.148,164.600,-3.230,0.998357,0.056334,0.010482,-0.056423,0.998371,0.008432,-0.009990,-0.009010,0.999910,0,0.85505,0.08575,51.303,0.172,-1,375.000,-1,400.000,-1,325.000,325.000,300.000,300.000,-1,975.000,-1,-1,675.000,825.000,-1,-1,2,0,2,0,2,0,0,0,0,2,0,2,2,0,0,2,2
138,8159.249,4135.412,164.114,-3.058,0.998529,0.053346,0.009738,-0.053418,0.998545,0.007317,-0.009334,-0.007827,0.999926,0,0.85475,0.08575,51.285,0.171,-1,375.000,-1,400.000,-1,325.000,325.000,300.000,300.000,-1,950.000,925.000,-1,675.000,825.000,-1,-1,2,0,2,0,2,0,0,0,0,2,0,0,2,0,0,2,2
139,8210.452,4132.830,163.623,-2.887,0.998690,0.050364,0.009005,-0.050420,0.998709,0.006193,-0.008681,-0.006639,0.999940,0,0.85446,0.08557,51.268,0.171,-1,375.000,-1,400.000,-1,325.000,325.000,300.000,300.000,-1,950.000,925.000,-1,675.000,825.000,-1,-1,2,0,2,0,2,0,0,0,0,2,0,0,2,0,0,2,2
