timestep,x_cm,y_cm,z_cm,yaw_deg,basis_xx,basis_xy,basis_xz,basis_yx,basis_yy,basis_yz,basis_zx,basis_zy,basis_zz,teleport_flag,throttle_cmd,steering_cmd,cmd_move_cm,cmd_turn_deg,lidar_cm_0,lidar_cm_1,lidar_cm_2,lidar_cm_3,lidar_cm_4,lidar_cm_5,lidar_cm_6,lidar_cm_7,lidar_cm_8,lidar_cm_9,lidar_cm_10,lidar_cm_11,lidar_cm_12,lidar_cm_13,lidar_cm_14,lidar_cm_15,lidar_cm_16,lidar_class_0,lidar_class_1,lidar_class_2,lidar_class_3,lidar_class_4,lidar_class_5,lidar_class_6,lidar_class_7,lidar_class_8,lidar_class_9,lidar_class_10,lidar_class_11,lidar_class_12,lidar_class_13,lidar_class_14,lidar_class_15,lidar_class_16
0,5049.387,-1332.827,275.154,-22.551,0.923419,0.383471,-0.015723,-0.383452,0.923551,0.004330,0.016181,0.002031,0.999867,0,0.32657,0.02024,0.542,-0.007,-1,771.919,-1,642.709,14.121,571.367,544.466,587.995,549.918,-1,-1,-1,-1,-1,-1,-1,26.238,2,0,2,0,1,0,0,0,0,2,2,2,2,2,2,2,1
1,5049.189,-1332.818,277.264,-22.569,0.923292,0.383774,-0.015771,-0.383736,0.923427,0.005516,0.016681,0.000959,0.999860,0,0.32657,0.02024,0.198,-0.018,-1,779.934,-1,651.505,-1,577.869,551.368,591.599,558.503,-1,-1,-1,-1,-1,-1,-1,-1,2,0,2,0,2,0,0,0,0,2,2,2,2,2,2,2,2
2,5049.302,-1332.883,278.203,-22.572,0.923248,0.383838,-0.016784,-0.383782,0.923400,0.006589,0.018028,0.000359,0.999837,0,0.32654,0.02040,0.131,-0.003,-1,787.502,-1,658.945,-1,583.380,557.035,593.081,562.677,-1,-1,-1,-1,-1,-1,-1,-1,2,0,2,0,2,0,0,0,0,2,2,2,2,2,2,2,2
3,5049.770,-1333.031,277.988,-22.548,0.923377,0.383437,-0.018731,-0.383375,0.923567,0.006979,0.019975,0.000737,0.999800,0,0.32653,0.02045,0.491,0.024,-1,794.451,-1,663.863,-1,587.544,560.924,593.571,561.257,-1,-1,-1,-1,-1,-1,-1,-1,2,0,2,0,2,0,0,0,0,2,2,2,2,2,2,2,2
4,5050.593,-1333.277,276.769,-22.492,0.923703,0.382506,-0.021474,-0.382458,0.923950,0.006469,0.022316,0.002237,0.999748,0,0.32657,0.02028,0.859,0.056,-1,800.764,-1,665.909,-1,590.320,562.940,593.776,554.362,-1,-1,-1,-1,-1,-1,-1,-1,2,0,2,0,2,0,0,0,0,2,2,2,2,2,2,2,2
5,5051.769,-1333.587,274.789,-22.403,0.924239,0.381001,-0.024914,-0.381001,0.924561,0.004911,0.024906,0.004953,0.999678,0,0.32667,0.01984,1.215,0.089,-1,806.935,-1,665.333,16.040,592.050,563.387,594.568,542.607,-1,-1,-1,-1,-1,-1,-1,11.489,2,0,2,0,1,0,0,0,0,2,2,2,2,2,2,2,1
6,5053.264,-1333.946,272.364,-22.280,0.924987,0.378903,-0.028843,-0.378989,0.925397,0.002640,0.027692,0.008489,0.999580,0,0.32683,0.01911,1.538,0.123,-1,813.463,-1,663.338,18.032,593.372,563.058,595.961,527.938,-1,-1,-1,-1,-1,-1,-1,22.329,2,0,2,0,1,0,0,0,0,2,2,2,2,2,2,2,1
7,5055.049,-1334.356,269.859,-22.139,0.925842,0.376486,-0.032793,-0.376682,0.926343,0.000205,0.030454,0.012163,0.999462,0,0.32707,0.01808,1.832,0.141,-1,820.023,-1,661.010,17.935,594.564,562.522,597.470,512.888,-1,-1,-1,-1,-1,-1,-1,22.305,2,0,2,0,1,0,0,0,0,2,2,2,2,2,2,2,1
8,5056.958,-1334.734,267.840,-22.010,0.926668,0.374340,-0.033993,-0.374592,0.927189,-0.001130,0.031095,0.013781,0.999421,0,0.32734,0.01691,1.946,0.129,-1,817.401,-1,655.713,17.806,591.465,558.717,595.427,503.132,-1,-1,-1,-1,-1,-1,-1,22.276,2,0,2,0,1,0,0,0,0,2,2,2,2,2,2,2,1
9,5058.964,-1335.022,266.544,-21.901,0.927437,0.372632,-0.031715,-0.372846,0.927893,-0.000926,0.029084,0.012684,0.999497,0,0.32757,0.01586,2.026,0.109,-1,803.531,-1,647.282,17.675,583.318,551.225,588.945,500.800,-1,-1,-1,-1,-1,-1,-1,22.249,2,0,2,0,1,0,0,0,0,2,2,2,2,2,2,2,1
10,5060.983,-1335.150,265.954,-21.807,0.928155,0.371248,-0.026515,-0.371363,0.928487,0.000599,0.024841,0.009291,0.999648,0,0.32777,0.01501,2.023,0.094,-1,781.204,-1,636.924,17.593,571.413,541.095,579.126,505.030,-1,-1,-1,-1,-1,-1,-1,22.235,2,0,2,0,1,0,0,0,0,2,2,2,2,2,2,2,1
11,5062.936,-1335.136,265.915,-21.727,0.928781,0.370101,-0.019778,-0.370110,0.928982,0.003332,0.019606,0.004225,0.999799,0,0.32793,0.01429,1.952,0.080,-1,756.146,-1,627.156,17.531,558.611,530.783,567.096,514.385,-1,-1,-1,-1,-1,-1,-1,22.225,2,0,2,0,1,0,0,0,0,2,2,2,2,2,2,2,1
12,5065.148,-1335.127,266.379,-21.635,0.929429,0.368712,-0.014571,-0.368649,0.929543,0.006929,0.016099,-0.001069,0.999870,0,0.32807,0.01368,2.213,0.092,-1,739.775,-1,624.197,17.613,551.369,525.957,556.149,525.802,-1,-1,-1,-1,-1,-1,-1,22.238,2,0,2,0,1,0,0,0,0,2,2,2,2,2,2,2,1
13,5067.706,-1335.155,267.287,-21.526,0.930149,0.366993,-0.011771,-0.366885,0.930209,0.010360,0.014752,-0.005317,0.999877,0,0.32823,0.01299,2.558,0.109,15.806,734.063,-1,627.870,17.730,550.546,526.962,549.355,536.698,-1,-1,-1,-1,-1,-1,16.121,22.260,1,0,2,0,1,0,0,0,0,2,2,2,2,2,2,1,1
14,5070.564,-1335.241,268.458,-21.392,0.931003,0.364854,-0.010734,-0.364712,0.931028,0.013145,0.014790,-0.008323,0.999856,0,0.32842,0.01215,2.860,0.134,-1,735.494,-1,635.343,17.909,553.889,531.557,546.313,545.889,-1,-1,-1,-1,-1,-1,-1,22.299,2,0,2,0,1,0,0,0,0,2,2,2,2,2,2,2,1
15,5073.670,-1335.369,269.668,-21.235,0.931994,0.362318,-0.010592,-0.362151,0.932000,0.014935,0.015283,-0.010083,0.999832,0,0.32866,0.01111,3.109,0.157,-1,740.012,-1,643.566,18.171,558.723,537.121,546.137,552.470,-1,-1,-1,-1,-1,-1,-1,22.367,2,0,2,0,1,0,0,0,0,2,2,2,2,2,2,2,1
16,5076.966,-1335.473,270.708,-21.041,0.933212,0.359169,-0.010659,-0.358992,0.933212,0.015484,0.015508,-0.010624,0.999823,0,0.32894,0.00987,3.297,0.194,-1,744.379,-1,649.680,18.383,562.892,541.553,548.023,555.677,-1,-1,-1,-1,-1,-1,-1,22.429,2,0,2,0,1,0,0,0,0,2,2,2,2,2,2,2,1
17,5080.429,-1335.565,271.442,-20.801,0.934706,0.355258,-0.010816,-0.355086,0.934712,0.015056,0.015459,-0.010232,0.999828,0,0.32931,0.00828,3.465,0.240,-1,747.782,-1,653.270,18.243,565.962,544.536,550.969,555.691,-1,-1,-1,-1,-1,-1,-1,22.387,2,0,2,0,1,0,0,0,0,2,2,2,2,2,2,2,1
18,5084.101,-1335.721,271.807,-20.541,0.936311,0.350992,-0.011262,-0.350829,0.936332,0.014201,0.015529,-0.009345,0.999836,0,0.32977,0.00624,3.675,0.261,-1,750.891,-1,655.654,18.034,568.493,546.782,553.942,553.404,-1,-1,-1,-1,-1,-1,-1,22.330,2,0,2,0,1,0,0,0,0,2,2,2,2,2,2,2,1
19,5087.990,-1335.970,271.806,-20.268,0.937962,0.346528,-0.012076,-0.346373,0.938003,0.013257,0.015921,-0.008252,0.999839,0,0.33028,0.00403,3.897,0.272,-1,754.115,-1,657.694,17.750,570.874,548.778,556.370,549.546,-1,-1,-1,-1,-1,-1,-1,22.264,2,0,2,0,1,0,0,0,0,2,2,2,2,2,2,2,1
20,5092.125,-1336.323,271.481,-19.995,0.939587,0.342048,-0.013390,-0.341896,0.939656,0.012403,0.016825,-0.007076,0.999833,0,0.33080,0.00173,4.151,0.273,-1,758.148,-1,660.161,17.513,573.609,551.066,558.144,544.586,-1,-1,-1,-1,-1,-1,-1,22.222,2,0,2,0,1,0,0,0,0,2,2,2,2,2,2,2,1
21,5096.498,-1336.755,270.903,-19.723,0.941180,0.337564,-0.015184,-0.337415,0.941285,0.011575,0.018200,-0.005771,0.999818,0,0.33132,-0.00053,4.394,0.273,-1,763.183,-1,663.138,17.353,576.790,553.752,559.555,538.649,-1,-1,-1,-1,-1,-1,-1,22.201,2,0,2,0,1,0,0,0,0,2,2,2,2,2,2,2,1
22,5101.116,-1337.258,270.177,-19.449,0.942750,0.333050,-0.017338,-0.332905,0.942899,0.010783,0.019939,-0.004394,0.999792,0,0.33182,-0.00275,4.645,0.274,-1,769.180,-1,666.718,17.175,580.472,556.906,560.746,532.170,-1,-1,-1,-1,-1,-1,-1,22.185,2,0,2,0,1,0,0,0,0,2,2,2,2,2,2,2,1
23,5105.892,-1337.788,269.546,-19.181,0.944282,0.328617,-0.018524,-0.328476,0.944456,0.010298,0.020879,-0.003640,0.999775,0,0.33233,-0.00494,4.806,0.269,-1,771.721,-1,668.821,17.018,582.371,558.643,560.721,527.515,-1,-1,-1,-1,-1,-1,-1,22.179,2,0,2,0,1,0,0,0,0,2,2,2,2,2,2,2,1
24,5110.855,-1338.335,269.148,-18.919,0.945776,0.324298,-0.018387,-0.324158,0.945948,0.010246,0.020716,-0.003731,0.999778,0,0.46472,0.20901,4.993,0.262,-1,770.057,-1,669.161,16.916,582.140,558.659,559.465,525.189,-1,-1,-1,-1,-1,-1,-1,22.179,2,0,2,0,1,0,0,0,0,2,2,2,2,2,2,2,1
25,5116.130,-1338.927,269.000,-18.659,0.947255,0.320014,-0.017259,-0.319870,0.947402,0.010659,0.019762,-0.004576,0.999794,0,0.46537,0.20698,5.308,0.260,-1,765.855,-1,668.683,16.824,580.603,557.727,557.232,525.033,-1,-1,-1,-1,-1,-1,-1,22.182,2,0,2,0,1,0,0,0,0,2,2,2,2,2,2,2,1
26,5121.741,-1339.536,269.051,-18.394,0.948753,0.315645,-0.015362,-0.315497,0.948859,0.011311,0.018147,-0.005884,0.999818,0,0.46600,0.20501,5.643,0.265,-1,759.733,-1,667.381,17.484,578.019,555.984,554.453,526.289,-1,-1,-1,-1,-1,-1,-1,22.218,2,0,2,0,1,0,0,0,0,2,2,2,2,2,2,2,1
27,5127.694,-1339.909,269.230,-18.070,0.950554,0.310279,-0.013195,-0.310144,0.950622,0.011303,0.016051,-0.006652,0.999849,0,0.46663,0.20302,5.965,0.324,-1,753.123,-1,664.888,18.574,574.989,553.644,553.141,526.572,-1,-1,-1,-1,-1,-1,-1,22.491,2,0,2,0,1,0,0,0,0,2,2,2,2,2,2,2,1
28,5133.888,-1339.959,269.477,-17.669,0.952737,0.303599,-0.010977,-0.303486,0.952774,0.010843,0.013750,-0.006999,0.999881,0,0.46745,0.20045,6.195,0.402,-1,746.595,-1,661.988,18.701,572.001,551.234,552.856,525.970,-1,-1,-1,-1,-1,-1,-1,22.535,2,0,2,0,1,0,0,0,0,2,2,2,2,2,2,2,1
29,5140.376,-1339.922,269.767,-17.251,0.954941,0.296650,-0.009347,-0.296544,0.954953,0.011222,0.012255,-0.007944,0.999893,0,0.46853,0.19708,6.488,0.417,-1,742.211,-1,662.328,18.664,570.957,550.968,551.506,526.768,-1,-1,-1,-1,-1,-1,-1,22.522,2,0,2,0,1,0,0,0,0,2,2,2,2,2,2,2,1
30,5147.205,-1339.959,270.078,-16.865,0.956921,0.290220,-0.008677,-0.290103,0.956913,0.012600,0.011960,-0.009540,0.999883,0,0.46965,0.19358,6.829,0.386,-1,741.030,-1,666.824,18.655,572.583,553.541,549.034,529.115,-1,-1,-1,-1,-1,-1,-1,22.519,2,0,2,0,1,0,0,0,0,2,2,2,2,2,2,2,1
31,5154.177,-1339.844,270.402,-16.468,0.958908,0.283589,-0.008471,-0.283457,0.958881,0.014092,0.012119,-0.011112,0.999865,0,0.47065,0.19043,6.973,0.397,-1,740.635,-1,672.797,18.657,575.354,557.240,546.724,530.896,-1,-1,-1,-1,-1,-1,-1,22.520,2,0,2,0,1,0,0,0,0,2,2,2,2,2,2,2,1
32,5161.188,-1339.405,270.715,-15.991,0.961232,0.275612,-0.008399,-0.275468,0.961191,0.015110,0.012238,-0.012210,0.999851,0,0.47169,0.18717,7.024,0.477,-1,740.145,-1,678.610,18.654,578.283,560.930,545.312,531.480,-1,-1,-1,-1,-1,-1,-1,22.518,2,0,2,0,1,0,0,0,0,2,2,2,2,2,2,2,1
33,5168.409,-1338.750,270.956,-15.447,0.963803,0.266478,-0.008607,-0.266321,0.963751,0.016016,0.012563,-0.013145,0.999835,0,0.47300,0.18307,7.251,0.544,-1,740.044,-1,685.043,18.425,581.708,565.088,543.936,531.416,-1,-1,-1,-1,-1,-1,-1,22.442,2,0,2,0,1,0,0,0,0,2,2,2,2,2,2,2,1
34,5175.872,-1338.012,271.099,-14.887,0.966350,0.257071,-0.009063,-0.256893,0.966286,0.017214,0.013183,-0.014307,0.999811,0,0.47452,0.17829,7.499,0.560,-1,740.284,-1,692.461,18.318,585.586,569.796,541.890,532.136,-1,-1,-1,-1,-1,-1,-1,22.409,2,0,2,0,1,0,0,0,0,2,2,2,2,2,2,2,1
35,5183.606,-1337.179,271.129,-14.289,0.968974,0.246981,-0.009464,-0.246784,0.968899,0.018239,0.013674,-0.015338,0.999789,0,0.47609,0.17337,7.779,0.598,-1,739.815,-1,699.267,18.311,589.015,574.058,539.776,532.159,-1,-1,-1,-1,-1,-1,-1,22.407,2,0,2,0,1,0,0,0,0,2,2,2,2,2,2,2,1
36,5191.615,-1336.310,271.074,-13.682,0.971531,0.236723,-0.009433,-0.236516,0.971441,0.019039,0.013671,-0.016266,0.999774,0,0.47778,0.16809,8.055,0.606,-1,737.694,-1,704.247,18.068,591.115,576.994,537.600,531.630,-1,-1,-1,-1,-1,-1,-1,22.338,2,0,2,0,1,0,0,0,0,2,2,2,2,2,2,2,1
37,5199.856,-1335.500,271.015,-13.092,0.973929,0.226696,-0.008447,-0.226498,0.973812,0.019739,0.012700,-0.017311,0.999770,0,0.47948,0.16275,8.281,0.590,-1,732.613,-1,706.059,17.896,590.592,577.672,535.132,531.233,-1,-1,-1,-1,-1,-1,-1,22.296,2,0,2,0,1,0,0,0,0,2,2,2,2,2,2,2,1
38,5208.355,-1334.729,270.970,-12.521,0.976160,0.216950,-0.006670,-0.216779,0.976013,0.020159,0.010883,-0.018232,0.999775,0,0.48112,0.15760,8.534,0.571,-1,725.287,-1,704.985,17.723,588.168,576.375,532.901,530.104,-1,-1,-1,-1,-1,-1,-1,22.258,2,0,2,0,1,0,0,0,0,2,2,2,2,2,2,2,1
39,5217.188,-1334.189,270.928,-12.024,0.978021,0.208449,-0.004891,-0.208306,0.977839,0.020965,0.009153,-0.019486,0.999768,0,0.48269,0.15269,8.850,0.497,-1,718.222,-1,704.264,17.585,585.793,575.200,530.182,529.396,-1,-1,-1,-1,-1,-1,-1,22.233,2,0,2,0,1,0,0,0,0,2,2,2,2,2,2,2,1
40,5226.374,-1333.894,270.889,-11.599,0.979547,0.201183,-0.003620,-0.201059,0.979337,0.021799,0.007931,-0.020625,0.999756,0,0.48400,0.14859,9.190,0.424,-1,713.029,-1,704.789,17.392,584.042,575.043,527.879,528.612,-1,-1,-1,-1,-1,-1,-1,22.205,2,0,2,0,1,0,0,0,0,2,2,2,2,2,2,2,1
41,5235.976,-1333.718,270.805,-11.179,0.980999,0.193986,-0.003132,-0.193871,0.980777,0.022150,0.007369,-0.021122,0.999750,0,0.48505,0.14529,9.604,0.420,-1,710.252,-1,706.643,17.287,583.695,576.057,526.795,526.830,-1,-1,-1,-1,-1,-1,-1,22.194,2,0,2,0,1,0,0,0,0,2,2,2,2,2,2,2,1
42,5245.904,-1333.510,270.726,-10.737,0.982467,0.186409,-0.003210,-0.186294,0.982243,0.022196,0.007290,-0.021209,0.999748,0,0.48606,0.14211,9.930,0.442,-1,709.220,-1,709.781,17.623,584.601,578.036,526.555,524.590,-1,-1,-1,-1,-1,-1,-1,22.240,2,0,2,0,1,0,0,0,0,2,2,2,2,2,2,2,1
43,5256.000,-1332.994,270.709,-10.233,0.984070,0.177754,-0.003162,-0.177646,0.983856,0.021645,0.006958,-0.020738,0.999761,0,0.48714,0.13874,10.109,0.504,-1,707.862,-1,712.077,17.219,585.211,579.686,527.425,521.322,-1,-1,-1,-1,-1,-1,-1,22.188,2,0,2,0,1,0,0,0,0,2,2,2,2,2,2,2,1
44,5266.474,-1332.604,270.676,-9.763,0.985494,0.169682,-0.003124,-0.169575,0.985274,0.021908,0.006795,-0.021060,0.999755,0,0.48841,0.13473,10.482,0.470,-1,706.115,-1,715.647,16.734,586.051,581.736,526.846,519.582,-1,-1,-1,-1,-1,-1,-1,22.188,2,0,2,0,1,0,0,0,0,2,2,2,2,2,2,2,1
45,5277.360,-1332.410,270.581,-9.342,0.986718,0.162420,-0.002826,-0.162317,0.986481,0.022536,0.006448,-0.021778,0.999742,0,0.48956,0.13113,10.888,0.422,-1,703.516,-1,718.176,16.322,586.268,583.045,525.434,518.436,-1,-1,-1,-1,-1,-1,-1,22.260,2,0,2,0,1,0,0,0,0,2,2,2,2,2,2,2,1
46,5288.629,-1332.355,270.460,-8.955,0.987794,0.155749,-0.002273,-0.155656,0.987540,0.023167,0.005853,-0.022531,0.999729,0,0.49053,0.12810,11.269,0.387,-1,700.265,-1,719.622,16.177,585.879,583.701,523.933,516.671,-1,-1,-1,-1,-1,-1,-1,22.306,2,0,2,0,1,0,0,0,0,2,2,2,2,2,2,2,1
47,5300.288,-1332.428,270.339,-8.601,0.988739,0.149637,-0.001700,-0.149554,0.988463,0.023986,0.005269,-0.023461,0.999711,0,0.49137,0.12548,11.659,0.354,-1,697.047,-1,721.146,15.781,585.530,584.403,522.177,515.042,-1,-1,-1,-1,-1,-1,-1,22.501,2,0,2,0,1,0,0,0,0,2,2,2,2,2,2,2,1
48,5312.354,-1332.658,270.163,-8.279,0.989569,0.144056,-0.001007,-0.143986,0.989263,0.025045,0.004604,-0.024638,0.999686,0,0.49207,0.12326,12.069,0.323,-1,693.295,-1,722.393,15.467,584.324,584.808,519.889,514.125,-1,-1,-1,-1,-1,-1,-1,22.751,2,0,2,0,1,0,0,0,0,2,2,2,2,2,2,2,1
49,5324.845,-1333.063,269.910,-7.992,0.990279,0.139098,-0.000361,-0.139042,0.989950,0.025818,0.003949,-0.025516,0.999667,0,0.49266,0.12143,12.497,0.286,-1,689.722,-1,723.060,15.264,582.690,584.954,518.039,512.907,-1,-1,-1,-1,-1,-1,-1,22.974,2,0,2,0,1,0,0,0,0,2,2,2,2,2,2,2,1
50,5337.887,-1333.639,269.609,-7.724,0.990920,0.134453,0.000035,-0.134408,0.990582,0.026128,0.003479,-0.025895,0.999659,0,0.71862,0.53512,13.054,0.268,-1,687.029,-1,723.665,15.140,581.448,584.397,516.979,510.591,-1,-1,-1,-1,-1,-1,-1,23.140,2,0,2,0,1,0,0,0,0,2,2,2,2,2,2,2,1
51,5351.580,-1334.199,269.349,-7.422,0.991617,0.129210,0.000246,-0.129176,0.991308,0.024956,0.002980,-0.024779,0.999689,0,0.71913,0.53402,13.704,0.302,-1,685.549,-1,723.021,15.509,580.547,583.620,518.461,505.515,-1,-1,-1,-1,-1,-1,-1,22.713,2,0,2,0,1,0,0,0,0,2,2,2,2,2,2,2,1
52,5365.898,-1334.612,269.187,-7.069,0.992395,0.123090,0.000500,-0.123069,0.992138,0.022718,0.002301,-0.022607,0.999742,0,0.71977,0.53266,14.325,0.353,-1,684.598,-1,721.040,15.567,579.717,582.664,522.082,498.686,-1,-1,-1,-1,-1,-1,-1,22.661,2,0,2,0,1,0,0,0,0,2,2,2,2,2,2,2,1
53,5380.809,-1334.920,269.068,-6.703,0.993164,0.116716,0.001676,-0.116726,0.992945,0.020868,0.000771,-0.020921,0.999781,0,0.72060,0.53086,14.914,0.366,-1,681.064,-1,716.662,15.684,577.148,580.271,524.836,492.699,-1,-1,-1,-1,-1,-1,-1,22.568,2,0,2,0,1,0,0,0,0,2,2,2,2,2,2,2,1
54,5396.361,-1335.015,268.900,-6.304,0.993952,0.109770,0.003214,-0.109812,0.993767,0.019184,-0.001088,-0.019421,0.999811,0,0.72147,0.52898,15.552,0.399,-1,676.271,-1,711.536,15.735,573.781,577.195,527.082,486.589,-1,-1,-1,-1,-1,-1,-1,22.532,2,0,2,0,1,0,0,0,0,2,2,2,2,2,2,2,1
55,5412.501,-1334.805,268.719,-5.864,0.994762,0.102095,0.004952,-0.102169,0.994598,0.018341,-0.003053,-0.018751,0.999820,0,0.72247,0.52685,16.142,0.440,-1,670.419,-1,707.054,15.692,570.100,574.143,527.679,483.466,-1,-1,-1,-1,-1,-1,-1,22.562,2,0,2,0,1,0,0,0,0,2,2,2,2,2,2,2,1
56,5429.239,-1334.512,268.505,-5.442,0.995479,0.094728,0.006918,-0.094844,0.995309,0.019103,-0.005076,-0.019673,0.999794,0,0.72364,0.52433,16.741,0.422,-1,663.182,-1,704.011,15.446,566.035,571.234,525.136,482.897,-1,-1,-1,-1,-1,-1,-1,22.772,2,0,2,0,1,0,0,0,0,2,2,2,2,2,2,2,1
57,5446.587,-1334.222,268.220,-5.048,0.996095,0.087827,0.008986,-0.087996,0.995911,0.020436,-0.007155,-0.021147,0.999751,0,0.72469,0.52208,17.351,0.394,-1,655.352,-1,701.247,15.253,561.409,568.175,521.376,483.057,-1,-1,-1,-1,-1,-1,-1,22.989,2,0,2,0,1,0,0,0,0,2,2,2,2,2,2,2,1
58,5464.593,-1333.925,267.826,-4.671,0.996641,0.081217,0.010552,-0.081432,0.996440,0.021833,-0.008741,-0.022619,0.999706,0,0.72556,0.52019,18.008,0.377,13.273,648.603,-1,699.676,15.319,557.189,565.126,517.424,482.978,-1,-1,-1,-1,-1,-1,21.180,22.909,1,0,2,0,1,0,0,0,0,2,2,2,2,2,2,1,1
59,5483.199,-1333.492,267.329,-4.261,0.997182,0.074043,0.012101,-0.074296,0.996993,0.022041,-0.010433,-0.022878,0.999684,0,0.72631,0.51857,18.611,0.410,13.267,642.225,-1,696.291,15.439,552.586,561.382,515.475,480.450,-1,-1,-1,-1,-1,-1,24.062,22.779,1,0,2,0,1,0,0,0,0,2,2,2,2,2,2,1,1
60,5502.347,-1332.950,266.809,-3.829,0.997688,0.066491,0.014041,-0.066777,0.997546,0.021025,-0.012608,-0.021914,0.999680,0,0.72718,0.51670,19.156,0.432,13.268,635.641,-1,689.901,8.861,546.873,556.491,515.726,479.032,-1,-1,-1,-1,-1,-1,27.214,22.733,1,0,2,0,1,0,0,0,0,2,2,2,2,2,2,1,1
61,5522.037,-1332.236,266.320,-3.378,0.998152,0.058597,0.016123,-0.058910,0.998069,0.019697,-0.014938,-0.020610,0.999676,0,0.72812,0.51468,19.702,0.452,13.274,629.044,-1,683.035,15.559,541.019,551.396,516.756,477.238,-1,-1,-1,-1,-1,-1,28.847,22.668,1,0,2,0,1,0,0,0,0,2,2,2,2,2,2,1,1
62,5542.283,-1331.316,265.884,-2.911,0.998566,0.050444,0.017927,-0.050774,0.998539,0.018472,-0.016969,-0.019356,0.999669,0,0.72912,0.51254,20.267,0.467,13.272,623.293,-1,677.360,15.332,535.873,547.076,517.365,475.777,-1,-1,-1,-1,-1,-1,31.572,22.894,1,0,2,0,1,0,0,0,0,2,2,2,2,2,2,1,1
63,5563.117,-1330.463,265.481,-2.496,0.998882,0.043193,0.019235,-0.043540,0.998889,0.018026,-0.018435,-0.018844,0.999652,0,0.73016,0.51030,20.851,0.415,13.307,618.613,-1,673.734,10.615,531.859,544.023,516.625,475.483,-1,-1,-1,-1,-1,-1,32.390,8.995,1,0,2,0,1,0,0,0,0,2,2,2,2,2,2,1,1
64,5584.495,-1329.527,265.066,-2.097,0.999132,0.036206,0.020603,-0.036576,0.999171,0.017851,-0.019939,-0.018589,0.999628,0,0.73090,0.50870,21.398,0.399,13.286,613.747,-1,670.166,-1,527.754,540.614,515.316,476.736,-1,-1,-1,-1,-1,-1,32.396,-1,1,0,2,0,2,0,0,0,0,2,2,2,2,2,2,1,2
65,5606.348,-1328.366,264.624,-1.668,0.999334,0.028702,0.022546,-0.029093,0.999429,0.017211,-0.022039,-0.017856,0.999598,0,0.73153,0.50734,21.884,0.429,13.275,607.769,-1,664.580,-1,522.548,535.511,514.807,478.471,-1,-1,-1,-1,-1,-1,33.108,-1,1,0,2,0,2,0,0,0,0,2,2,2,2,2,2,1,2
66,5628.603,-1326.929,264.224,-1.213,0.999462,0.020736,0.025394,-0.021155,0.999642,0.016362,-0.025046,-0.016891,0.999544,0,0.73228,0.50575,22.302,0.455,13.269,599.987,-1,656.029,-1,515.843,528.860,514.775,479.958,-1,-1,-1,-1,-1,-1,34.295,-1,1,0,2,0,2,0,0,0,0,2,2,2,2,2,2,1,2
67,5651.345,-1325.171,263.795,-0.726,0.999532,0.012231,0.028030,-0.012663,0.999803,0.015310,-0.027837,-0.015658,0.999490,0,0.73312,0.50394,22.810,0.487,13.267,592.823,-1,647.885,-1,509.522,522.544,515.207,481.098,-1,-1,-1,-1,-1,-1,35.436,-1,1,0,2,0,2,0,0,0,0,2,2,2,2,2,2,1,2
68,5674.615,-1323.183,263.298,-0.226,0.999552,0.003520,0.029734,-0.003942,0.999892,0.014152,-0.029681,-0.014263,0.999458,0,0.73408,0.50186,23.355,0.500,13.268,587.900,-1,641.960,-1,504.782,517.799,516.392,482.165,-1,-1,-1,-1,-1,-1,37.622,-1,1,0,2,0,2,0,0,0,0,2,2,2,2,2,2,1,2
69,5698.215,-1320.961,263.160,0.246,0.999575,-0.004746,0.028766,0.004299,0.999870,0.015571,-0.028837,-0.015440,0.999465,0,0.73507,0.49973,23.705,0.472,13.272,588.395,-1,646.431,15.331,505.152,519.115,513.786,489.681,-1,-1,-1,-1,-1,-1,37.915,22.895,1,0,2,0,1,0,0,0,0,2,2,2,2,2,2,1,1
70,5721.755,-1318.217,263.959,0.703,0.999632,-0.012792,0.023918,0.012259,0.999676,0.022311,-0.024195,-0.022009,0.999465,0,0.28962,-0.13324,23.699,0.456,13.274,596.108,-1,668.347,15.561,513.366,530.192,502.487,509.212,-1,-1,-1,-1,-1,-1,34.537,22.666,1,0,2,0,1,0,0,0,0,2,2,2,2,2,2,1,1
71,5744.863,-1314.656,265.303,1.262,0.999565,-0.022590,0.018970,0.022020,0.999315,0.029733,-0.019629,-0.029303,0.999378,0,0.28993,-0.13493,23.381,0.559,13.336,604.283,-1,692.016,15.811,522.751,542.486,491.787,533.641,-1,-1,-1,-1,-1,-1,30.804,22.482,1,0,2,0,1,0,0,0,0,2,2,2,2,2,2,1,1
72,5767.715,-1310.896,266.553,1.829,0.999359,-0.032461,0.015093,0.031905,0.998851,0.035767,-0.016237,-0.035262,0.999246,0,0.29045,-0.13781,23.160,0.567,13.321,610.471,-1,712.577,15.074,530.112,552.416,483.655,557.008,-1,-1,-1,-1,-1,-1,28.755,23.240,1,0,2,0,1,0,0,0,0,2,2,2,2,2,2,1,1
73,5790.470,-1307.769,267.294,2.232,0.999140,-0.039489,0.012633,0.038947,0.998418,0.040544,-0.014214,-0.040017,0.999098,0,0.29100,-0.14079,22.969,0.404,13.445,613.602,-1,726.112,-1,534.258,558.685,476.380,575.404,-1,-1,-1,-1,-1,-1,29.871,-1,1,0,2,0,2,0,0,0,0,2,2,2,2,2,2,1,2
74,5813.143,-1305.226,267.461,2.521,0.998946,-0.044495,0.011247,0.043974,0.998111,0.042915,-0.013136,-0.042375,0.999015,0,0.29122,-0.14202,22.815,0.288,13.507,614.968,-1,732.687,-1,535.891,561.265,472.160,589.026,-1,-1,-1,-1,-1,-1,29.942,-1,1,0,2,0,2,0,0,0,0,2,2,2,2,2,2,1,2
75,5835.716,-1303.052,266.998,2.767,0.998747,-0.048781,0.011220,0.048268,0.997943,0.042179,-0.013254,-0.041585,0.999047,0,0.29121,-0.14197,22.677,0.246,13.678,614.180,-1,730.727,-1,534.576,559.561,471.731,593.243,-1,-1,-1,-1,-1,-1,30.606,-1,1,0,2,0,2,0,0,0,0,2,2,2,2,2,2,1,2
76,5858.214,-1301.496,265.972,2.912,0.998612,-0.051298,0.011961,0.050794,0.997941,0.039169,-0.013946,-0.038507,0.999161,0,0.29111,-0.14142,22.552,0.145,13.816,612.405,-1,723.226,-1,531.277,555.144,473.966,589.421,-1,-1,-1,-1,-1,-1,28.722,-1,1,0,2,0,2,0,0,0,0,2,2,2,2,2,2,1,2
77,5880.586,-1300.347,264.399,3.017,0.998489,-0.053113,0.014086,0.052621,0.998060,0.033268,-0.015825,-0.032477,0.999347,0,0.29080,-0.13973,22.402,0.105,13.817,608.589,-1,707.965,-1,525.083,546.761,480.336,575.706,-1,-1,-1,-1,-1,-1,28.721,-1,1,0,2,0,2,0,0,0,0,2,2,2,2,2,2,1,2
78,5907.271,-1299.267,261.885,3.120,0.998319,-0.054866,0.018676,0.054417,0.998236,0.023739,-0.019946,-0.022683,0.999544,0,0.29040,-0.13755,26.707,0.103,13.860,599.567,-1,680.479,-1,513.393,531.535,491.472,552.197,-1,-1,-1,-1,-1,-1,28.263,-1,1,0,2,0,2,0,0,0,0,2,2,2,2,2,2,1,2
79,5924.976,-1298.711,259.955,3.164,0.998203,-0.055547,0.022482,0.055177,0.998336,0.016768,-0.023376,-0.015497,0.999607,0,0.28987,-0.13464,17.713,0.044,13.842,591.719,-1,659.672,-1,504.092,519.661,499.792,534.965,-1,-1,-1,-1,-1,-1,28.452,-1,1,0,2,0,2,0,0,0,0,2,2,2,2,2,2,1,2
80,5946.989,-1298.014,257.371,3.220,0.998011,-0.056358,0.028252,0.056151,0.998390,0.008067,-0.028662,-0.006464,0.999568,0,0.28946,-0.13240,22.024,0.056,13.844,579.351,-1,631.519,-1,490.576,502.947,510.853,513.606,-1,-1,-1,-1,-1,-1,28.433,-1,1,0,2,0,2,0,0,0,0,2,2,2,2,2,2,1,2
81,5968.841,-1297.220,254.849,3.283,0.997760,-0.057193,0.034701,0.057239,0.998360,-0.000350,-0.034624,0.002335,0.999398,0,0.28895,-0.12959,21.866,0.063,13.841,565.656,-1,603.306,-1,476.331,485.642,522.557,493.641,-1,-1,-1,-1,-1,-1,28.449,-1,1,0,2,0,2,0,0,0,0,2,2,2,2,2,2,1,2
82,5990.167,-1296.273,253.157,3.369,0.997568,-0.058371,0.038087,0.058719,0.998242,-0.008084,-0.037549,0.010300,0.999242,0,0.28845,-0.12685,21.347,0.085,13.944,560.181,-1,586.253,14.059,469.039,475.638,536.011,478.013,-1,-1,-1,-1,-1,-1,27.487,26.633,1,0,2,0,1,0,0,0,0,2,2,2,2,2,2,1,1
83,6010.978,-1295.034,253.476,3.383,0.997794,-0.058713,0.030975,0.058990,0.998226,-0.008101,-0.030445,0.009910,0.999487,0,0.28800,-0.12441,20.848,0.015,14.055,576.188,-1,604.100,13.946,481.376,488.051,537.288,483.878,-1,-1,-1,-1,-1,-1,26.651,27.469,1,0,2,0,1,0,0,0,0,2,2,2,2,2,2,1,1
84,6031.788,-1293.464,255.317,3.351,0.998164,-0.058407,0.016014,0.058447,0.998288,-0.002036,-0.015868,0.002968,0.999870,0,0.28744,-0.12134,20.869,-0.032,14.263,607.742,-1,651.867,13.764,509.428,518.617,527.469,507.317,-1,-1,-1,-1,-1,-1,25.489,29.353,1,0,2,0,1,0,0,0,0,2,2,2,2,2,2,1,1
85,6052.306,-1291.838,257.160,3.297,0.998332,-0.057536,0.004711,0.057507,0.998327,0.006084,-0.005053,-0.005803,0.999970,0,0.28680,-0.11782,20.582,-0.054,-1,628.983,-1,694.752,-1,531.837,544.039,513.067,535.228,-1,-1,-1,-1,-1,-1,-1,14.266,2,0,2,0,2,0,0,0,0,2,2,2,2,2,2,2,1
86,6072.430,-1290.314,258.491,3.225,0.998416,-0.056253,-0.000738,0.056258,0.998313,0.014371,-0.000072,-0.014389,0.999896,0,0.28611,-0.11410,20.182,-0.072,-1,636.249,-1,721.945,-1,541.594,557.904,498.374,563.761,-1,-1,-1,-1,-1,-1,-1,-1,2,0,2,0,2,0,0,0,0,2,2,2,2,2,2,2,2
87,6092.234,-1288.920,259.124,3.159,0.998481,-0.055077,-0.001629,0.055099,0.998274,0.020333,0.000506,-0.020392,0.999792,0,0.28540,-0.11021,19.854,-0.066,-1,633.490,-1,731.953,-1,542.399,561.333,486.988,584.359,-1,-1,-1,-1,-1,-1,-1,-1,2,0,2,0,2,0,0,0,0,2,2,2,2,2,2,2,2
88,6111.795,-1287.785,259.093,3.110,0.998525,-0.054280,0.000867,0.054247,0.998268,0.022767,-0.002101,-0.022687,0.999740,0,0.28470,-0.10638,19.593,-0.049,-1,659.530,-1,726.382,-1,536.495,556.364,480.976,593.227,-1,-1,-1,-1,-1,-1,-1,-1,2,0,2,0,2,0,0,0,0,2,2,2,2,2,2,2,2
89,6131.218,-1286.881,258.378,3.080,0.998533,-0.053864,0.005555,0.053731,0.998319,0.021724,-0.006716,-0.021394,0.999749,0,0.28403,-0.10268,19.444,-0.030,14.122,672.842,-1,709.417,-1,526.016,545.408,480.506,590.745,-1,-1,-1,-1,-1,-1,26.226,-1,1,0,2,0,2,0,0,0,0,2,2,2,2,2,2,1,2
90,6150.578,-1286.323,257.029,3.044,0.998519,-0.053295,0.010933,0.053102,0.998440,0.017259,-0.011836,-0.016653,0.999791,0,0.28338,-0.09913,19.368,-0.036,14.107,683.182,-1,686.567,-1,514.002,531.705,485.643,577.777,-1,-1,-1,-1,-1,-1,26.320,-1,1,0,2,0,2,0,0,0,0,2,2,2,2,2,2,1,2
91,6169.824,-1286.013,255.028,3.027,0.998478,-0.052935,0.015463,0.052800,0.998564,0.009026,-0.015919,-0.008196,0.999840,0,0.28270,-0.09543,19.248,-0.017,14.115,698.726,-1,662.207,-1,503.179,518.020,497.754,554.738,-1,-1,-1,-1,-1,-1,26.276,-1,1,0,2,0,2,0,0,0,0,2,2,2,2,2,2,1,2
92,6188.463,-1285.741,253.287,3.136,0.998409,-0.054608,0.014059,0.054693,0.998487,-0.005753,-0.013723,0.006512,0.999885,0,0.28205,-0.09187,18.642,0.109,14.372,757.329,-1,650.297,13.678,504.793,514.750,528.453,521.764,-1,-1,-1,-1,-1,-1,25.021,30.604,1,0,2,0,1,0,0,0,0,2,2,2,2,2,2,1,1
93,6206.775,-1285.703,253.153,3.153,0.998485,-0.054950,0.003020,0.054995,0.998326,-0.017893,-0.002031,0.018032,0.999835,0,0.36522,0.57912,18.312,0.017,14.838,842.347,-1,671.521,13.405,522.936,533.252,560.606,503.520,-1,-1,-1,-1,-1,-1,23.668,38.887,1,0,2,0,1,0,0,0,0,2,2,2,2,2,2,1,1
94,6225.055,-1286.198,254.544,2.949,0.998565,-0.051787,-0.013665,0.051443,0.998378,-0.024402,0.014906,0.023664,0.999609,0,0.36447,0.58228,18.286,-0.203,15.716,910.565,-1,720.281,13.305,556.843,568.220,584.664,500.827,-1,-1,-1,-1,-1,-1,22.545,43.503,1,0,2,0,1,0,0,0,0,2,2,2,2,2,2,1,1
95,6243.078,-1287.514,256.753,2.496,0.998606,-0.044251,-0.028764,0.043526,0.998731,-0.025340,0.029849,0.024053,0.999265,0,0.36317,0.58776,18.071,-0.453,15.503,953.032,-1,775.875,13.269,639.653,605.075,595.948,509.536,-1,-1,-1,-1,-1,-1,22.716,27.449,1,0,2,0,1,0,0,0,0,2,2,2,2,2,2,1,1
96,6260.839,-1288.813,258.977,2.049,0.998601,-0.036648,-0.038118,0.035733,0.999063,-0.024436,0.038978,0.023040,0.998974,0,0.36125,0.59586,17.808,-0.446,8.261,978.352,-1,817.833,-1,656.485,631.711,602.033,520.273,-1,-1,-1,-1,-1,-1,22.952,-1,1,0,2,0,2,0,0,0,0,2,2,2,2,2,2,1,2
97,6278.326,-1290.092,260.777,1.613,0.998707,-0.028995,-0.041752,0.028129,0.999380,-0.021184,0.042340,0.019982,0.998903,0,0.35935,0.60386,17.534,-0.436,-1,982.871,-1,841.906,-1,659.686,645.310,596.869,533.530,-1,-1,-1,-1,-1,-1,-1,-1,2,0,2,0,2,0,0,0,0,2,2,2,2,2,2,2,2
98,6295.633,-1291.361,261.877,1.178,0.998920,-0.021218,-0.041335,0.020542,0.999649,-0.016712,0.041675,0.015845,0.999006,0,0.35748,0.61174,17.353,-0.435,-1,973.457,-1,850.525,-1,652.092,648.205,587.702,547.076,-1,-1,-1,-1,-1,-1,-1,-1,2,0,2,0,2,0,0,0,0,2,2,2,2,2,2,2,2
99,6312.800,-1292.632,262.109,0.755,0.999188,-0.013609,-0.037912,0.013161,0.999841,-0.012025,0.038070,0.011516,0.999209,0,0.35562,0.61960,17.214,-0.423,-1,954.598,-1,845.387,-1,630.087,642.030,575.276,558.215,-1,-1,-1,-1,-1,-1,-1,-1,2,0,2,0,2,0,0,0,0,2,2,2,2,2,2,2,2
