timestep,x_cm,y_cm,z_cm,yaw_deg,basis_xx,basis_xy,basis_xz,basis_yx,basis_yy,basis_yz,basis_zx,basis_zy,basis_zz,teleport_flag,throttle_cmd,steering_cmd,cmd_move_cm,cmd_turn_deg,lidar_cm_0,lidar_cm_1,lidar_cm_2,lidar_cm_3,lidar_cm_4,lidar_cm_5,lidar_cm_6,lidar_cm_7,lidar_cm_8,lidar_cm_9,lidar_cm_10,lidar_cm_11,lidar_cm_12,lidar_cm_13,lidar_cm_14,lidar_cm_15,lidar_cm_16,lidar_class_0,lidar_class_1,lidar_class_2,lidar_class_3,lidar_class_4,lidar_class_5,lidar_class_6,lidar_class_7,lidar_class_8,lidar_class_9,lidar_class_10,lidar_class_11,lidar_class_12,lidar_class_13,lidar_class_14,lidar_class_15,lidar_class_16
0,-6235.856,-2297.433,-147.161,-159.640,-0.937417,0.347899,0.014670,-0.347975,-0.937499,-0.002967,0.012721,-0.007886,0.999888,1,0.08000,-0.12000,4.800,-0.240,-1,375.000,775.000,375.000,400.000,325.000,325.000,300.000,300.000,-1,650.000,650.000,-1,700.000,425.000,-1,400.000,2,0,1,1,1,0,0,0,0,2,0,0,2,1,1,2,1
1,-6244.884,-2300.697,-147.024,-160.120,-0.940298,0.340033,0.014737,-0.340108,-0.940382,-0.002801,0.012906,-0.007646,0.999887,0,0.16000,-0.24000,9.600,-0.480,-1,375.000,725.000,350.000,400.000,325.000,325.000,300.000,300.000,-1,675.000,650.000,-1,675.000,400.000,-1,400.000,2,0,1,1,1,0,0,0,0,2,0,0,2,1,1,2,1
2,-6258.487,-2305.423,-146.818,-160.840,-0.944495,0.328190,0.014851,-0.328261,-0.944583,-0.002564,0.013187,-0.007297,0.999886,0,0.24000,-0.36000,14.400,-0.720,-1,375.000,700.000,350.000,400.000,325.000,325.000,300.000,300.000,-1,675.000,675.000,-1,650.000,400.000,-1,400.000,2,0,1,1,1,0,0,0,0,2,0,0,2,1,1,2,1
3,-6276.726,-2311.420,-146.545,-161.800,-0.949858,0.312319,0.015024,-0.312386,-0.949952,-0.002268,0.013564,-0.006848,0.999885,0,0.32000,-0.48000,19.200,-0.960,-1,375.000,650.000,325.000,375.000,325.000,325.000,300.000,300.000,-1,700.000,675.000,-1,625.000,375.000,-1,375.000,2,0,1,1,1,0,1,0,0,2,0,0,2,1,1,2,1
4,-6299.677,-2318.437,-146.202,-163.000,-0.956187,0.292358,0.015274,-0.292419,-0.956288,-0.001933,0.014041,-0.006315,0.999881,0,0.40000,-0.60000,24.000,-1.200,-1,400.000,600.000,325.000,350.000,325.000,300.000,300.000,300.000,-1,725.000,700.000,-1,600.000,375.000,-1,350.000,2,1,1,1,1,0,1,0,0,2,0,0,2,1,1,2,1
5,-6327.391,-2326.274,-145.797,-164.209,-0.962135,0.272126,0.015616,-0.272182,-0.962244,-0.001582,0.014596,-0.005772,0.999877,0,0.48000,-0.60422,28.800,-1.208,-1,375.000,550.000,300.000,350.000,325.000,300.000,300.000,300.000,-1,750.000,725.000,-1,550.000,350.000,-1,325.000,2,1,1,1,1,1,1,0,0,2,0,0,2,1,1,2,1
6,-6359.908,-2334.736,-145.330,-165.414,-0.967637,0.251835,0.016057,-0.251887,-0.967756,-0.001232,0.015229,-0.005237,0.999870,0,0.56000,-0.60237,33.600,-1.205,-1,350.000,500.000,275.000,300.000,300.000,275.000,300.000,300.000,-1,775.000,725.000,-1,525.000,325.000,-1,300.000,2,1,1,1,1,1,1,0,0,2,0,0,2,1,1,2,1
7,-6397.265,-2343.625,-144.799,-166.616,-0.972699,0.231477,0.016605,-0.231523,-0.972829,-0.000901,0.015946,-0.004720,0.999862,0,0.64000,-0.60108,38.400,-1.202,-1,325.000,450.000,250.000,275.000,275.000,250.000,300.000,300.000,-1,800.000,750.000,-1,475.000,275.000,-1,275.000,2,1,1,1,1,1,1,0,0,2,0,0,2,1,1,2,1
8,-6439.492,-2352.742,-144.204,-167.816,-0.977325,0.211042,0.017264,-0.211083,-0.977468,-0.000606,0.016747,-0.004237,0.999851,0,0.72000,-0.60033,43.200,-1.201,-1,300.000,375.000,225.000,250.000,250.000,225.000,300.000,300.000,-1,825.000,775.000,-1,425.000,250.000,-1,225.000,2,1,1,1,1,1,1,0,0,2,0,0,2,1,1,2,1
9,-6486.613,-2361.887,-143.546,-169.017,-0.981517,0.190522,0.018036,-0.190560,-0.981676,-0.000367,0.017636,-0.003797,0.999837,0,0.80000,-0.60009,48.000,-1.200,-1,275.000,325.000,175.000,200.000,225.000,175.000,300.000,300.000,-1,850.000,800.000,-1,350.000,200.000,-1,175.000,2,1,1,1,1,1,1,0,0,2,0,0,2,1,1,2,1
10,-6538.645,-2370.858,-139.988,-170.217,-0.985050,0.169893,0.028515,-0.170215,-0.985363,-0.009267,0.026523,-0.013982,0.999550,0,0.88000,-0.60039,52.800,-1.201,-1,225.000,275.000,150.000,150.000,200.000,150.000,300.000,325.000,-1,700.000,700.000,-1,325.000,175.000,-1,150.000,2,1,1,1,1,1,1,0,0,2,0,0,2,1,1,2,1
11,-6595.603,-2379.463,-128.074,-171.420,-0.986553,0.148965,0.067256,-0.152176,-0.987309,-0.045423,0.059636,-0.055047,0.996701,0,0.96000,-0.60125,57.600,-1.203,-1,225.000,275.000,150.000,150.000,175.000,150.000,275.000,425.000,775.000,175.000,325.000,-1,325.000,175.000,-1,150.000,2,1,1,1,1,1,1,0,0,0,0,0,2,1,1,2,1
12,-6231.357,327.966,-22.408,168.488,-0.979672,-0.199550,0.020555,0.199129,-0.979752,-0.020827,0.024295,-0.016311,0.999572,1,0.00000,0.00000,60.000,-1.206,-1,375.000,-1,400.000,-1,300.000,325.000,325.000,325.000,-1,-1,-1,-1,775.000,925.000,-1,-1,2,0,2,0,2,0,0,0,0,2,2,2,2,0,0,2,2
13,-6226.649,327.027,-22.525,168.728,-0.980499,-0.195444,0.020576,0.195019,-0.980575,-0.020980,0.024277,-0.016558,0.999568,0,-0.08000,0.12000,-4.800,0.240,-1,375.000,-1,400.000,-1,300.000,325.000,325.000,325.000,-1,-1,-1,-1,775.000,925.000,-1,-1,2,0,2,0,2,0,0,0,0,2,2,2,2,0,0,2,2
14,-6217.219,325.230,-22.758,169.208,-0.982101,-0.187221,0.020621,0.186787,-0.982170,-0.021276,0.024237,-0.017043,0.999561,0,-0.16000,0.24000,-9.600,0.480,-1,375.000,-1,400.000,-1,300.000,325.000,325.000,325.000,-1,-1,-1,-1,775.000,925.000,-1,-1,2,0,2,0,2,0,0,0,0,2,2,2,2,0,0,2,2
15,-6203.041,322.711,-23.105,169.928,-0.984375,-0.174862,0.020697,0.174416,-0.984433,-0.021701,0.024169,-0.017752,0.999550,0,-0.24000,0.36000,-14.400,0.720,-1,375.000,-1,400.000,-1,300.000,325.000,325.000,325.000,-1,-1,-1,-1,775.000,925.000,-1,-1,2,0,2,0,2,0,0,0,0,2,2,2,2,0,0,2,2
16,-6187.112,320.156,-23.491,170.888,-0.987166,-0.158341,0.020791,0.157882,-0.987210,-0.022154,0.024033,-0.018588,0.999538,0,-0.26888,0.48000,-16.133,0.960,-1,375.000,-1,400.000,-1,300.000,325.000,325.000,325.000,-1,-1,-1,-1,775.000,900.000,-1,-1,2,0,2,0,2,0,0,0,0,2,2,2,2,0,0,2,2
17,-6171.114,317.932,-23.874,172.088,-0.990263,-0.137629,0.020897,0.137157,-0.990292,-0.022582,0.023802,-0.019496,0.999527,0,-0.26920,0.60000,-16.152,1.200,-1,375.000,-1,400.000,-1,300.000,325.000,325.000,325.000,-1,-1,-1,-1,775.000,900.000,-1,-1,2,0,2,0,2,0,0,0,0,2,2,2,2,0,0,2,2
18,-6155.039,316.109,-24.250,173.528,-0.993407,-0.112698,0.021019,0.112213,-0.993418,-0.022978,0.023470,-0.020468,0.999515,0,-0.26963,0.72000,-16.178,1.440,-1,375.000,-1,400.000,-1,300.000,325.000,325.000,325.000,-1,-1,-1,-1,775.000,900.000,-1,-1,2,0,2,0,2,0,0,0,0,2,2,2,2,0,0,2,2
19,-6138.886,314.754,-24.618,175.208,-0.996281,-0.083523,0.021159,0.083027,-0.996274,-0.023336,0.023030,-0.021493,0.999504,0,-0.27017,0.84000,-16.210,1.680,-1,375.000,-1,400.000,-1,300.000,325.000,325.000,325.000,-1,-1,-1,-1,775.000,875.000,-1,-1,2,0,2,0,2,0,0,0,0,2,2,2,2,0,0,2,2
20,-6122.658,313.940,-24.971,177.128,-0.998517,-0.050096,0.021320,0.049589,-0.998490,-0.023650,0.022472,-0.022557,0.999493,0,-0.27081,0.96000,-16.248,1.920,-1,375.000,-1,400.000,-1,300.000,325.000,325.000,325.000,-1,-1,-1,-1,775.000,875.000,-1,-1,2,0,2,0,2,0,0,0,0,2,2,2,2,0,0,2,2
21,-6106.367,313.672,-25.308,179.058,-0.999634,-0.016432,0.021494,0.015917,-0.999587,-0.023908,0.021878,-0.023557,0.999483,0,-0.27155,0.96522,-16.293,1.930,-1,375.000,-1,400.000,-1,300.000,300.000,325.000,325.000,-1,-1,-1,-1,775.000,850.000,-1,-1,2,0,2,0,2,0,0,0,0,2,2,2,2,0,0,2,2
22,-6090.033,313.953,-25.629,180.989,-0.999616,0.017256,0.021677,-0.017778,-0.999551,-0.024109,0.021251,-0.024485,0.999474,0,-0.27228,0.96542,-16.337,1.931,-1,375.000,-1,400.000,-1,300.000,300.000,325.000,325.000,-1,-1,-1,-1,800.000,850.000,-1,-1,2,0,2,0,2,0,0,0,0,2,2,2,2,0,0,2,2
23,-6073.674,314.787,-25.932,182.920,-0.998463,0.050928,0.021864,-0.051455,-0.998381,-0.024252,0.020593,-0.025340,0.999467,0,-0.27300,0.96555,-16.380,1.931,-1,400.000,-1,400.000,-1,300.000,300.000,325.000,325.000,-1,-1,-1,-1,800.000,850.000,-1,-1,2,0,2,0,2,0,0,0,0,2,2,2,2,0,0,2,2
24,-6057.310,316.176,-26.218,184.851,-0.996176,0.084543,0.022050,-0.085073,-0.996077,-0.024337,0.019906,-0.026120,0.999461,0,-0.27371,0.96561,-16.423,1.931,-1,400.000,-1,400.000,-1,300.000,300.000,325.000,325.000,-1,-1,-1,-1,800.000,825.000,-1,-1,2,0,2,0,2,0,0,0,0,2,2,2,2,0,0,2,2
25,-6040.960,318.120,-26.486,186.783,-0.992758,0.118060,0.022230,-0.118592,-0.992644,-0.024363,0.019190,-0.026823,0.999456,0,-0.27442,0.96561,-16.465,1.931,-1,400.000,-1,400.000,-1,325.000,300.000,325.000,325.000,-1,-1,-1,-1,800.000,825.000,-1,-1,2,0,2,0,2,0,0,0,0,2,2,2,2,0,0,2,2
26,-6024.643,320.621,-26.736,188.714,-0.988213,0.151440,0.022399,-0.151972,-0.988085,-0.024330,0.018448,-0.027447,0.999453,0,-0.27513,0.96554,-16.508,1.931,-1,400.000,-1,375.000,-1,325.000,300.000,325.000,325.000,-1,-1,-1,-1,800.000,800.000,-1,-1,2,0,2,0,2,0,0,0,0,2,2,2,2,0,0,2,2
27,-6008.376,323.678,-26.966,190.645,-0.982547,0.184642,0.022552,-0.185172,-0.982407,-0.024238,0.017680,-0.027991,0.999452,0,-0.27585,0.96540,-16.551,1.931,-1,400.000,-1,375.000,-1,325.000,300.000,325.000,325.000,-1,-1,-1,-1,800.000,800.000,-1,-1,2,0,2,0,2,0,0,0,0,2,2,2,2,0,0,2,2
28,-5992.180,327.291,-27.177,192.575,-0.975768,0.217628,0.022684,-0.218154,-0.975617,-0.024088,0.016889,-0.028453,0.999452,0,-0.27657,0.96520,-16.594,1.930,-1,400.000,-1,375.000,-1,325.000,300.000,325.000,325.000,-1,-1,-1,-1,800.000,775.000,-1,-1,2,0,2,0,2,0,0,0,0,2,2,2,2,0,0,2,2
29,-5976.071,331.458,-27.372,194.505,-0.967886,0.250356,0.022784,-0.250877,-0.967724,-0.023897,0.016066,-0.028845,0.999455,0,-0.27731,0.96492,-16.639,1.930,-1,400.000,-1,375.000,-1,325.000,300.000,325.000,325.000,-1,-1,-1,-1,800.000,775.000,-1,-1,2,0,2,0,2,0,0,0,0,2,2,2,2,0,0,2,2
30,-5960.069,336.178,-27.554,196.434,-0.958910,0.282788,0.022841,-0.283302,-0.958738,-0.023683,0.015201,-0.029181,0.999459,0,-0.27806,0.96458,-16.684,1.929,-1,400.000,-1,375.000,-1,325.000,300.000,325.000,325.000,-1,-1,-1,-1,800.000,750.000,-1,-1,2,0,2,0,2,0,0,0,0,2,2,2,2,0,0,2,2
31,-5944.191,341.448,-27.735,198.362,-0.948852,0.314886,0.022953,-0.315394,-0.948671,-0.023472,0.014384,-0.029511,0.999461,0,-0.27883,0.96416,-16.730,1.928,-1,400.000,-1,375.000,-1,325.000,300.000,325.000,325.000,-1,-1,-1,-1,800.000,750.000,-1,-1,2,0,2,0,2,0,0,0,0,2,2,2,2,0,0,2,2
32,-5932.983,345.538,-27.840,200.051,-0.939164,0.342697,0.023033,-0.343199,-0.938974,-0.023298,0.013643,-0.029785,0.999463,0,-0.19883,0.84416,-11.930,1.688,-1,400.000,-1,375.000,-1,325.000,325.000,325.000,325.000,-1,-1,-1,-1,825.000,750.000,-1,-1,2,0,2,0,2,0,0,0,0,2,2,2,2,0,0,2,2
33,-5926.349,348.151,-27.878,201.499,-0.930203,0.366318,0.023094,-0.366815,-0.930005,-0.023188,0.012983,-0.030040,0.999464,0,-0.11883,0.72416,-7.130,1.448,-1,400.000,-1,375.000,-1,325.000,325.000,325.000,325.000,-1,-1,-1,-1,825.000,750.000,-1,-1,2,0,2,0,2,0,0,0,0,2,2,2,2,0,0,2,2
34,-5924.200,349.050,-27.859,202.707,-0.922273,0.385845,0.023154,-0.386340,-0.922066,-0.023166,0.012411,-0.030311,0.999463,0,-0.03883,0.60416,-2.330,1.208,-1,400.000,-1,375.000,-1,325.000,325.000,325.000,325.000,-1,-1,-1,-1,850.000,750.000,-1,-1,2,0,2,0,2,0,0,0,0,2,2,2,2,0,0,2,2
35,-5926.461,348.059,-27.788,203.676,-0.915622,0.401368,0.023230,-0.401863,-0.915405,-0.023252,0.011932,-0.030625,0.999460,0,0.04117,0.48416,2.470,0.968,-1,400.000,-1,375.000,-1,325.000,325.000,325.000,325.000,-1,-1,-1,-1,850.000,750.000,-1,-1,2,0,2,0,2,0,0,0,0,2,2,2,2,0,0,2,2
36,-5933.072,345.032,-27.663,204.597,-0.909048,0.416037,0.023347,-0.416534,-0.908817,-0.023465,0.011456,-0.031056,0.999452,0,0.12117,0.46086,7.270,0.922,-1,400.000,-1,375.000,-1,325.000,325.000,325.000,325.000,-1,-1,-1,-1,850.000,775.000,-1,-1,2,0,2,0,2,0,0,0,0,2,2,2,2,0,0,2,2
37,-5943.964,339.832,-27.485,205.520,-0.902234,0.430605,0.023526,-0.431108,-0.901986,-0.023820,0.010963,-0.031634,0.999439,0,0.20117,0.46118,12.070,0.922,-1,400.000,-1,375.000,-1,325.000,325.000,325.000,325.000,-1,-1,-1,-1,875.000,775.000,-1,-1,2,0,2,0,2,0,0,0,0,2,2,2,2,0,0,2,2
38,-5959.068,332.320,-27.256,206.443,-0.895177,0.445076,0.023785,-0.445588,-0.894907,-0.024334,0.010455,-0.032381,0.999421,0,0.28117,0.46175,16.870,0.924,-1,400.000,-1,375.000,-1,325.000,325.000,325.000,325.000,-1,-1,-1,-1,875.000,775.000,-1,-1,2,0,2,0,2,0,0,0,0,2,2,2,2,0,0,2,2
39,-5978.312,322.357,-26.980,207.368,-0.887873,0.459454,0.024145,-0.459981,-0.887576,-0.025022,0.009934,-0.033323,0.999395,0,0.36117,0.46261,21.670,0.925,-1,400.000,-1,400.000,-1,325.000,325.000,325.000,325.000,-1,-1,-1,-1,875.000,775.000,-1,-1,2,0,2,0,2,0,0,0,0,2,2,2,2,0,0,2,2
40,-6001.567,309.713,-26.664,208.534,-0.878344,0.477388,0.024740,-0.477937,-0.878011,-0.025941,0.009338,-0.034610,0.999357,0,0.44117,0.58261,26.470,1.165,-1,400.000,-1,400.000,-1,325.000,325.000,325.000,325.000,-1,-1,-1,-1,900.000,800.000,-1,-1,2,0,2,0,2,0,0,0,0,2,2,2,2,0,0,2,2
41,-6028.664,294.106,-26.304,209.939,-0.866370,0.498747,0.025594,-0.499328,-0.865989,-0.027095,0.008650,-0.036254,0.999305,0,0.52117,0.70261,31.270,1.405,-1,425.000,-1,400.000,-1,325.000,325.000,325.000,325.000,-1,-1,-1,-1,925.000,800.000,-1,-1,2,0,2,0,2,0,0,0,0,2,2,2,2,0,0,2,2
42,-6059.459,275.327,-26.101,211.373,-0.853624,0.520248,0.025851,-0.520837,-0.853191,-0.028181,0.007395,-0.037520,0.999269,0,0.60117,0.71734,36.070,1.435,-1,425.000,-1,400.000,-1,325.000,325.000,325.000,325.000,-1,-1,-1,-1,925.000,800.000,-1,-1,2,0,2,0,2,0,0,0,0,2,2,2,2,0,0,2,2
43,-6091.098,254.927,-26.169,212.813,-0.840319,0.541512,0.025067,-0.542066,-0.839835,-0.029017,0.005339,-0.037972,0.999265,0,0.62744,0.71990,37.646,1.440,-1,400.000,-1,400.000,-1,325.000,325.000,325.000,325.000,-1,-1,-1,-1,925.000,800.000,-1,-1,2,0,2,0,2,0,0,0,0,2,2,2,2,0,0,2,2
44,-6122.228,233.724,-26.261,214.259,-0.826428,0.562516,0.024348,-0.563033,-0.825890,-0.029980,0.003245,-0.038485,0.999254,0,0.62774,0.72279,37.665,1.446,-1,400.000,-1,400.000,-1,325.000,325.000,325.000,325.000,-1,-1,-1,-1,925.000,800.000,-1,-1,2,0,2,0,2,0,0,0,0,2,2,2,2,0,0,2,2
45,-6152.839,211.718,-26.376,215.711,-0.811948,0.583248,0.023705,-0.583728,-0.811355,-0.031050,0.001124,-0.039048,0.999237,0,0.62834,0.72591,37.700,1.452,-1,400.000,-1,400.000,-1,325.000,325.000,325.000,325.000,-1,-1,-1,-1,950.000,800.000,-1,-1,2,0,2,0,2,0,0,0,0,2,2,2,2,0,0,2,2
46,-6182.923,188.908,-26.514,217.169,-0.796879,0.603695,0.023145,-0.604138,-0.796228,-0.032233,-0.001030,-0.039669,0.999212,0,0.62923,0.72924,37.754,1.458,-1,425.000,-1,400.000,-1,325.000,325.000,325.000,325.000,-1,-1,-1,-1,950.000,800.000,-1,-1,2,0,2,0,2,0,0,0,0,2,2,2,2,0,0,2,2
47,-6212.469,165.292,-26.675,218.635,-0.781219,0.623845,0.022677,-0.624248,-0.780506,-0.033526,-0.003216,-0.040347,0.999181,0,0.63041,0.73278,37.825,1.466,-1,425.000,-1,400.000,-1,325.000,325.000,325.000,325.000,-1,-1,-1,-1,950.000,800.000,-1,-1,2,0,2,0,2,0,0,0,0,2,2,2,2,0,0,2,2
48,-6241.466,140.866,-26.859,220.108,-0.764967,0.643683,0.022308,-0.644047,-0.764188,-0.034928,-0.005436,-0.041086,0.999141,0,0.63190,0.73652,37.914,1.473,-1,425.000,-1,400.000,-1,325.000,325.000,325.000,325.000,-1,-1,-1,-1,950.000,800.000,-1,-1,2,0,2,0,2,0,0,0,0,2,2,2,2,0,0,2,2
49,-6269.903,115.628,-27.066,221.589,-0.748121,0.663196,0.022047,-0.663517,-0.747273,-0.036436,-0.007689,-0.041887,0.999093,0,0.63370,0.74045,38.022,1.481,-1,425.000,-1,400.000,-1,325.000,325.000,325.000,325.000,-1,-1,-1,-1,950.000,800.000,-1,-1,2,0,2,0,2,0,0,0,0,2,2,2,2,0,0,2,2
50,-6298.015,89.333,-27.317,223.086,-0.730587,0.682468,0.021910,-0.682746,-0.729660,-0.038149,-0.010049,-0.042830,0.999032,0,0.64156,0.74864,38.493,1.497,-1,425.000,-1,400.000,-1,325.000,325.000,325.000,300.000,-1,-1,-1,-1,950.000,800.000,-1,-1,2,0,2,0,2,0,0,0,0,2,2,2,2,1,0,2,2
51,-6325.638,62.105,-27.907,224.585,-0.712558,0.701268,0.022006,-0.701492,-0.711501,-0.040926,-0.013043,-0.044599,0.998920,0,0.64644,0.74952,38.787,1.499,-1,425.000,-1,400.000,-1,325.000,325.000,300.000,300.000,-1,-1,-1,-1,925.000,825.000,-1,-1,2,0,2,0,2,0,0,0,0,2,2,2,2,1,0,2,2
52,-6352.746,33.948,-28.528,226.085,-0.694036,0.719595,0.022303,-0.719760,-0.692836,-0.043855,-0.016106,-0.046490,0.998789,0,0.65143,0.75018,39.086,1.500,-1,425.000,-1,400.000,-1,325.000,325.000,300.000,300.000,-1,-1,-1,-1,925.000,825.000,-1,-1,2,0,2,0,2,0,0,0,0,2,2,2,2,1,0,2,2
53,-6379.313,4.866,-29.179,227.587,-0.675040,0.737428,0.022812,-0.737530,-0.673682,-0.046929,-0.019239,-0.048503,0.998638,0,0.65650,0.75060,39.390,1.501,-1,425.000,-1,400.000,-1,325.000,325.000,300.000,300.000,-1,-1,-1,-1,900.000,850.000,-1,-1,2,0,2,0,2,0,0,0,0,2,2,2,2,0,0,2,2
54,-6405.310,-25.137,-29.860,229.088,-0.655592,0.754748,0.023546,-0.754782,-0.654057,-0.050137,-0.022440,-0.050642,0.998465,0,0.66166,0.75079,39.699,1.502,-1,425.000,-1,400.000,-1,325.000,325.000,300.000,300.000,-1,-1,-1,-1,900.000,850.000,-1,-1,2,0,2,0,2,0,0,0,0,2,2,2,2,0,0,2,2
55,-6430.711,-56.053,-30.571,230.590,-0.635713,0.771536,0.024517,-0.771497,-0.633982,-0.053469,-0.025710,-0.052906,0.998268,0,0.66688,0.75072,40.013,1.501,-1,425.000,-1,400.000,-1,325.000,325.000,300.000,300.000,-1,-1,-1,-1,875.000,850.000,-1,-1,2,0,2,0,2,0,0,0,0,2,2,2,2,0,0,2,2
56,-6455.489,-87.873,-31.508,232.090,-0.615397,0.787804,0.025524,-0.787703,-0.613502,-0.056025,-0.028478,-0.054583,0.998103,0,0.67217,0.75038,40.330,1.501,-1,425.000,-1,400.000,-1,325.000,325.000,300.000,325.000,-1,-1,-1,-1,875.000,875.000,-1,-1,2,0,2,0,2,0,0,0,0,2,2,2,2,0,0,2,2
57,-6479.617,-120.589,-32.783,233.590,-0.594640,0.803559,0.026372,-0.803416,-0.592654,-0.057305,-0.030418,-0.055264,0.998008,0,0.67751,0.74977,40.651,1.500,-1,425.000,-1,400.000,-1,325.000,325.000,300.000,325.000,-1,-1,-1,-1,875.000,875.000,-1,-1,2,0,2,0,2,0,0,0,0,2,2,2,2,0,0,2,2
58,-6503.066,-154.188,-34.123,235.088,-0.573510,0.818744,0.027285,-0.818558,-0.571427,-0.058607,-0.032393,-0.055946,0.997908,0,0.68288,0.74887,40.973,1.498,-1,425.000,-1,425.000,-1,325.000,325.000,300.000,325.000,-1,-1,-1,-1,850.000,900.000,-1,-1,2,0,2,0,2,0,0,0,0,2,2,2,2,0,0,2,2
59,-6525.808,-188.657,-35.586,236.583,-0.552029,0.833355,0.027990,-0.833107,-0.549852,-0.059956,-0.034575,-0.056416,0.997809,0,0.68828,0.74767,41.297,1.495,-1,425.000,-1,425.000,-1,350.000,325.000,300.000,325.000,-1,-1,-1,-1,850.000,900.000,-1,-1,2,0,2,0,2,0,0,0,0,2,2,2,2,0,0,2,2
60,-6547.818,-223.982,-37.599,238.075,-0.530208,0.847455,0.026471,-0.847005,-0.528002,-0.061608,-0.038233,-0.055086,0.997749,0,0.69368,0.74615,41.621,1.492,-1,425.000,-1,425.000,-1,325.000,325.000,300.000,325.000,-1,-1,-1,-1,850.000,875.000,-1,-1,2,0,2,0,2,0,0,0,0,2,2,2,2,0,1,2,2
61,-6569.066,-260.145,-39.709,239.564,-0.508076,0.860953,0.024889,-0.860287,-0.505849,-0.063429,-0.042019,-0.053639,0.997676,0,0.69906,0.74429,41.944,1.489,-1,425.000,975.000,425.000,-1,325.000,325.000,300.000,325.000,-1,-1,-1,-1,825.000,800.000,-1,-1,2,0,1,0,2,0,0,0,0,2,2,2,2,0,1,2,2
62,-6589.525,-297.127,-41.880,241.048,-0.485663,0.873832,0.023420,-0.872944,-0.483416,-0.065400,-0.045827,-0.052207,0.997584,0,0.70441,0.74209,42.265,1.484,-1,425.000,950.000,425.000,-1,325.000,325.000,300.000,300.000,-1,-1,-1,-1,800.000,750.000,-1,950.000,2,0,1,0,2,0,0,0,0,2,2,2,2,0,1,2,1
63,-6609.170,-334.907,-44.111,242.527,-0.462999,0.886084,0.022073,-0.884967,-0.460734,-0.067512,-0.049652,-0.050792,0.997474,0,0.70970,0.73953,42.582,1.479,-1,400.000,900.000,400.000,-1,325.000,325.000,300.000,300.000,-1,-1,-1,-1,800.000,675.000,-1,875.000,2,0,1,0,2,0,0,0,0,2,2,2,2,0,1,2,1
64,-6627.974,-373.460,-46.398,244.000,-0.440116,0.897699,0.020838,-0.896346,-0.437833,-0.069763,-0.053503,-0.049382,0.997346,0,0.71491,0.73658,42.895,1.473,-1,400.000,875.000,400.000,-1,325.000,325.000,300.000,300.000,-1,-1,-1,-1,775.000,625.000,-1,800.000,2,0,1,0,2,0,0,0,0,2,2,2,2,0,1,2,1
65,-6645.913,-412.761,-48.736,245.467,-0.417043,0.908673,0.019711,-0.907073,-0.414744,-0.072148,-0.057384,-0.047968,0.997199,0,0.72001,0.73323,43.201,1.466,-1,400.000,850.000,400.000,925.000,325.000,325.000,300.000,300.000,-1,-1,-1,-1,750.000,575.000,-1,725.000,2,0,1,0,1,0,0,0,0,2,2,2,2,0,1,2,1
66,-6662.961,-452.779,-51.126,246.926,-0.393815,0.918999,0.018709,-0.917144,-0.391501,-0.074659,-0.061287,-0.046561,0.997034,0,0.72497,0.72947,43.498,1.459,-1,400.000,825.000,400.000,800.000,325.000,325.000,300.000,300.000,-1,-1,-1,-1,750.000,525.000,-1,650.000,2,0,1,1,1,0,1,0,0,2,2,2,2,0,1,2,1
67,-6679.097,-493.482,-53.566,248.376,-0.370466,0.928675,0.017839,-0.926554,-0.368136,-0.077286,-0.065206,-0.045160,0.996849,0,0.72975,0.72526,43.785,1.451,-1,400.000,800.000,375.000,700.000,325.000,325.000,300.000,300.000,-1,-1,-1,-1,725.000,500.000,-1,575.000,2,0,1,1,1,0,1,0,0,2,2,2,2,0,1,2,1
68,-6694.299,-534.836,-56.055,249.817,-0.347030,0.937698,0.017106,-0.935302,-0.344684,-0.080020,-0.069139,-0.043769,0.996646,0,0.73432,0.72059,44.059,1.441,-1,375.000,775.000,350.000,600.000,325.000,300.000,300.000,300.000,-1,-1,-1,-1,700.000,450.000,-1,500.000,2,0,1,1,1,0,1,0,0,2,2,2,2,0,1,2,1
69,-6708.545,-576.802,-58.895,251.248,-0.323612,0.946019,0.017995,-0.943439,-0.321163,-0.082320,-0.072097,-0.043617,0.996443,0,0.73863,0.71543,44.318,1.431,-1,375.000,775.000,325.000,525.000,300.000,300.000,300.000,300.000,-1,-1,-1,-1,700.000,425.000,-1,450.000,2,0,1,1,1,0,1,0,0,2,2,2,2,0,1,2,1
70,-6721.391,-617.562,-61.528,252.507,-0.302807,0.952871,0.018582,-0.950149,-0.300307,-0.083865,-0.074332,-0.043051,0.996304,0,0.71228,0.62952,42.737,1.259,-1,375.000,775.000,300.000,450.000,300.000,275.000,300.000,300.000,-1,-1,-1,-1,675.000,400.000,-1,400.000,2,0,1,1,1,0,1,0,0,2,2,2,2,0,1,2,1
71,-6733.407,-658.799,-64.132,253.755,-0.282027,0.959217,0.019058,-0.956368,-0.279498,-0.085096,-0.076298,-0.042226,0.996191,0,0.71587,0.62380,42.952,1.248,-1,375.000,775.000,300.000,400.000,300.000,275.000,300.000,300.000,-1,-1,-1,-1,675.000,375.000,-1,350.000,2,0,1,1,1,0,1,0,0,2,2,2,2,0,1,2,1
72,-6744.582,-700.473,-66.826,254.990,-0.261311,0.965058,0.019500,-0.962090,-0.258766,-0.086155,-0.078098,-0.041274,0.996091,0,0.71910,0.61759,43.146,1.235,-1,375.000,800.000,275.000,325.000,300.000,275.000,300.000,325.000,-1,-1,-1,-1,675.000,350.000,-1,300.000,2,0,1,1,1,0,1,0,0,2,2,2,2,0,1,2,1
73,-6754.905,-742.539,-69.186,256.212,-0.240717,0.970335,0.022483,-0.967663,-0.238126,-0.083215,-0.075393,-0.041788,0.996278,0,0.72193,0.61087,43.316,1.222,-1,375.000,825.000,275.000,275.000,300.000,250.000,300.000,325.000,-1,-1,-1,-1,675.000,350.000,-1,250.000,2,0,1,1,1,0,1,0,0,2,2,2,2,0,1,2,1
74,-6764.365,-784.953,-69.537,257.419,-0.220584,0.974770,0.034149,-0.973097,-0.217547,-0.075870,-0.066526,-0.049966,0.996533,0,0.72430,0.60362,43.458,1.207,-1,400.000,900.000,275.000,250.000,325.000,275.000,300.000,350.000,-1,-1,-1,-1,700.000,350.000,-1,250.000,2,0,1,1,1,0,1,0,0,2,2,2,2,0,1,2,1
75,-6772.963,-827.664,-69.837,258.611,-0.200444,0.978629,0.045918,-0.978026,-0.197137,-0.067842,-0.057340,-0.058507,0.996639,0,0.72615,0.59581,43.569,1.192,-1,400.000,-1,275.000,225.000,350.000,275.000,300.000,375.000,-1,-1,-1,-1,725.000,350.000,-1,225.000,2,0,2,1,1,0,1,0,0,2,2,2,2,0,1,2,1
76,-6780.695,-870.616,-70.125,259.785,-0.180311,0.981922,0.057593,-0.982439,-0.176933,-0.059225,-0.047964,-0.067261,0.996582,0,0.72741,0.58742,43.644,1.175,-1,425.000,-1,275.000,200.000,350.000,300.000,300.000,425.000,-1,250.000,-1,-1,750.000,350.000,-1,225.000,2,0,2,1,1,0,1,0,0,2,0,2,2,0,1,2,1
77,-6787.564,-913.751,-70.438,260.942,-0.160213,0.984669,0.068989,-0.986330,-0.156972,-0.050127,-0.038529,-0.076077,0.996357,0,0.72801,0.57844,43.680,1.157,-1,450.000,-1,275.000,200.000,375.000,300.000,275.000,450.000,-1,175.000,275.000,-1,775.000,350.000,-1,200.000,2,0,2,1,1,0,1,0,0,2,0,0,2,0,1,2,1
78,-6793.574,-957.006,-70.811,262.080,-0.140188,0.986893,0.079928,-0.989695,-0.137293,-0.040668,-0.029162,-0.084806,0.995971,0,0.72787,0.56886,43.672,1.138,-1,475.000,-1,275.000,175.000,400.000,325.000,275.000,475.000,975.000,125.000,225.000,-1,825.000,350.000,-1,200.000,2,0,2,1,1,0,1,0,0,0,0,0,2,0,1,2,1
79,-6798.732,-1000.314,-71.280,263.197,-0.120285,0.988628,0.090252,-0.992538,-0.117933,-0.030982,-0.019986,-0.093305,0.995437,0,0.72693,0.55865,43.616,1.117,-1,475.000,-1,300.000,175.000,425.000,350.000,275.000,525.000,700.000,100.000,200.000,-1,850.000,375.000,-1,175.000,2,0,2,1,1,0,1,0,0,0,0,0,2,0,1,2,1
80,-6803.050,-1043.603,-71.878,264.293,-0.100563,0.989911,0.099814,-0.994869,-0.098928,-0.021209,-0.011121,-0.101435,0.994780,0,0.72510,0.54783,43.506,1.096,-1,500.000,-1,300.000,150.000,425.000,350.000,275.000,475.000,600.000,75.000,200.000,-1,875.000,400.000,-1,175.000,2,0,2,1,1,0,1,0,1,0,0,0,2,0,1,2,1
81,-6806.544,-1086.800,-72.633,265.366,-0.081085,0.990785,0.108488,-0.996704,-0.080311,-0.011496,-0.002677,-0.109062,0.994031,0,0.72232,0.53640,43.339,1.073,-1,500.000,-1,325.000,150.000,450.000,375.000,250.000,375.000,525.000,50.000,175.000,-1,925.000,425.000,-1,175.000,2,0,2,1,1,0,1,0,1,0,0,0,2,0,1,2,1
82,-6809.232,-1129.827,-73.573,266.415,-0.061923,0.991298,0.116163,-0.998067,-0.062113,-0.001990,0.005243,-0.116062,0.993228,0,0.71853,0.52439,43.112,1.049,-1,525.000,-1,325.000,125.000,450.000,400.000,250.000,325.000,450.000,50.000,175.000,-1,950.000,450.000,-1,175.000,2,0,2,1,1,0,1,0,1,0,0,0,2,0,1,2,1
83,-6811.139,-1172.605,-74.721,267.438,-0.043148,0.991499,0.122752,-0.998990,-0.044360,0.007162,0.012547,-0.122319,0.992411,0,0.71369,0.51182,42.821,1.024,-1,525.000,-1,350.000,125.000,475.000,425.000,250.000,275.000,425.000,25.000,150.000,-1,975.000,500.000,-1,150.000,2,0,2,1,1,0,1,0,1,0,0,0,2,0,1,2,1
84,-6812.292,-1215.053,-76.098,268.436,-0.024827,0.991439,0.128187,-0.999508,-0.027074,0.015820,0.019155,-0.127731,0.991624,0,0.70776,0.49875,42.465,0.997,-1,525.000,-1,375.000,125.000,475.000,475.000,250.000,225.000,375.000,25.000,150.000,-1,1000.000,525.000,-1,150.000,2,0,2,1,1,0,1,0,1,0,0,0,2,0,1,2,1
85,2951.688,4919.498,-42.831,145.039,-0.817442,-0.572925,-0.059544,0.569659,-0.819406,0.063735,-0.085306,0.018180,0.996189,1,0.00000,0.00000,42.044,0.970,-1,375.000,-1,400.000,-1,325.000,325.000,300.000,300.000,-1,-1,-1,-1,725.000,775.000,-1,-1,2,0,2,0,2,0,0,0,0,2,2,2,2,0,0,2,2
86,2947.766,4922.265,-43.222,144.799,-0.815034,-0.576354,-0.059463,0.573082,-0.817002,0.063916,-0.085419,0.018016,0.996182,0,0.08000,-0.12000,4.800,-0.240,-1,375.000,-1,400.000,-1,325.000,325.000,300.000,300.000,-1,-1,-1,-1,725.000,775.000,-1,-1,2,0,2,0,2,0,0,0,0,2,2,2,2,0,0,2,2
87,2939.955,4927.847,-44.008,144.453,-0.811537,-0.581285,-0.059297,0.577999,-0.813504,0.064253,-0.085588,0.017870,0.996170,0,0.16000,-0.17321,9.600,-0.346,-1,375.000,-1,400.000,-1,325.000,325.000,300.000,300.000,-1,-1,-1,-1,725.000,775.000,-1,-1,2,0,2,0,2,0,0,0,0,2,2,2,2,0,0,2,2
88,2928.291,4936.290,-45.195,144.099,-0.807950,-0.586286,-0.059040,0.582976,-0.809907,0.064724,-0.085764,0.017875,0.996155,0,0.24000,-0.17651,14.400,-0.353,-1,375.000,-1,400.000,-1,325.000,325.000,300.000,300.000,-1,-1,-1,-1,725.000,775.000,-1,-1,2,0,2,0,2,0,0,0,0,2,2,2,2,0,0,2,2
89,2912.810,4947.647,-46.798,143.736,-0.804232,-0.591404,-0.058754,0.588063,-0.806175,0.065301,-0.085985,0.017966,0.996134,0,0.32000,-0.18150,19.200,-0.363,-1,375.000,-1,400.000,-1,325.000,325.000,300.000,300.000,-1,-1,-1,-1,725.000,775.000,-1,-1,2,0,2,0,2,0,0,0,0,2,2,2,2,0,0,2,2
90,2893.552,4961.970,-48.880,143.360,-0.800322,-0.596688,-0.058721,0.593309,-0.802274,0.065894,-0.086428,0.017897,0.996097,0,0.40000,-0.18820,24.000,-0.376,-1,375.000,-1,400.000,-1,325.000,325.000,300.000,300.000,-1,-1,-1,-1,725.000,775.000,-1,-1,2,0,2,0,2,0,0,0,0,2,2,2,2,0,0,2,2
91,2870.561,4979.316,-51.385,142.967,-0.796204,-0.602181,-0.058632,0.598757,-0.798159,0.066572,-0.086886,0.017899,0.996057,0,0.48000,-0.19664,28.800,-0.393,-1,375.000,-1,400.000,-1,325.000,325.000,300.000,300.000,-1,-1,-1,-1,725.000,750.000,-1,-1,2,0,2,0,2,0,0,0,0,2,2,2,2,0,0,2,2
92,2843.886,4999.746,-54.332,142.553,-0.791836,-0.607929,-0.058466,0.604464,-0.793790,0.067240,-0.087287,0.017902,0.996022,0,0.56000,-0.20686,33.600,-0.414,-1,375.000,-1,400.000,-1,325.000,325.000,300.000,325.000,-1,-1,-1,-1,725.000,750.000,-1,-1,2,0,2,0,2,0,0,0,0,2,2,2,2,0,0,2,2
93,2813.579,5023.326,-57.717,142.115,-0.787176,-0.613976,-0.058203,0.610471,-0.789121,0.067921,-0.087631,0.017934,0.995992,0,0.64000,-0.21891,38.400,-0.438,-1,375.000,-1,400.000,-1,325.000,325.000,300.000,325.000,-1,-1,-1,-1,725.000,750.000,-1,-1,2,0,2,0,2,0,0,0,0,2,2,2,2,0,0,2,2
94,2779.913,5049.947,-61.504,141.665,-0.782349,-0.620151,-0.057821,0.616603,-0.784274,0.068661,-0.087928,0.018064,0.995963,0,0.71531,-0.22493,42.918,-0.450,-1,375.000,-1,400.000,-1,325.000,325.000,300.000,325.000,-1,-1,-1,-1,725.000,750.000,-1,-1,2,0,2,0,2,0,0,0,0,2,2,2,2,0,0,2,2
95,2746.458,5076.831,-65.295,141.216,-0.777480,-0.626288,-0.057352,0.622700,-0.779379,0.069380,-0.088150,0.018229,0.995940,0,0.71531,-0.22493,42.918,-0.450,-1,375.000,-1,400.000,-1,325.000,325.000,300.000,325.000,-1,-1,-1,-1,725.000,750.000,-1,-1,2,0,2,0,2,0,0,0,0,2,2,2,2,0,0,2,2
96,2713.215,5103.976,-69.088,140.766,-0.772570,-0.632385,-0.056783,0.628761,-0.774435,0.070078,-0.088291,0.018437,0.995924,0,0.71531,-0.22493,42.918,-0.450,-1,375.000,-1,400.000,-1,325.000,325.000,300.000,325.000,-1,-1,-1,-1,725.000,750.000,-1,-1,2,0,2,0,2,0,0,0,0,2,2,2,2,0,0,2,2
97,2680.186,5131.382,-72.872,140.316,-0.767625,-0.638442,-0.056061,0.634785,-0.769442,0.070763,-0.088314,0.018733,0.995917,0,0.71531,-0.22493,42.918,-0.450,-1,375.000,-1,400.000,-1,325.000,325.000,300.000,325.000,-1,-1,-1,-1,725.000,725.000,-1,-1,2,0,2,0,2,0,0,0,0,2,2,2,2,0,0,2,2
98,2647.373,5159.046,-76.659,139.866,-0.762639,-0.644460,-0.055250,0.640774,-0.764400,0.071420,-0.088261,0.019065,0.995915,0,0.71531,-0.22493,42.918,-0.450,-1,375.000,-1,400.000,-1,325.000,325.000,300.000,325.000,-1,-1,-1,-1,725.000,725.000,-1,-1,2,0,2,0,2,0,0,0,0,2,2,2,2,0,0,2,2
99,2614.779,5186.967,-80.443,139.416,-0.757613,-0.650437,-0.054351,0.646729,-0.759312,0.072017,-0.088112,0.019410,0.995921,0,0.71531,-0.22493,42.918,-0.450,-1,375.000,-1,375.000,-1,325.000,325.000,300.000,325.000,-1,-1,-1,-1,725.000,725.000,-1,-1,2,0,2,0,2,0,0,0,0,2,2,2,2,0,0,2,2
100,2582.404,5215.143,-84.216,138.966,-0.752545,-0.656375,-0.053367,0.652656,-0.754177,0.072511,-0.087843,0.019738,0.995939,0,0.71531,-0.22493,42.918,-0.450,-1,375.000,-1,375.000,-1,325.000,325.000,300.000,325.000,-1,-1,-1,-1,725.000,725.000,-1,-1,2,0,2,0,2,0,0,0,0,2,2,2,2,0,0,2,2
101,2546.789,5246.902,-88.403,138.276,-0.744652,-0.665406,-0.052233,0.661686,-0.746219,0.073004,-0.087555,0.019800,0.995963,0,0.79531,-0.34493,47.718,-0.690,-1,375.000,-1,375.000,-1,325.000,325.000,300.000,325.000,-1,-1,-1,-1,725.000,725.000,-1,-1,2,0,2,0,2,0,0,0,0,2,2,2,2,0,0,2,2
102,2508.164,5282.486,-92.866,137.347,-0.733770,-0.677438,-0.051570,0.673724,-0.735332,0.073371,-0.087625,0.019093,0.995971,0,0.87531,-0.46493,52.518,-0.930,-1,375.000,-1,375.000,-1,325.000,325.000,300.000,325.000,-1,-1,-1,-1,725.000,725.000,-1,-1,2,0,2,0,2,0,0,0,0,2,2,2,2,0,0,2,2
103,2469.096,5319.932,-97.451,136.215,-0.720253,-0.691845,-0.050850,0.688148,-0.721820,0.073681,-0.087681,0.018077,0.995985,0,0.90191,-0.56597,54.115,-1.132,-1,375.000,-1,375.000,-1,325.000,325.000,300.000,300.000,-1,-1,-1,-1,725.000,725.000,-1,-1,2,0,2,0,2,0,0,0,0,2,2,2,2,0,0,2,2
104,2430.777,5358.141,-102.130,135.083,-0.706446,-0.705987,-0.050152,0.702361,-0.708030,0.073375,-0.087311,0.016611,0.996043,0,0.90191,-0.56597,54.115,-1.132,-1,375.000,-1,375.000,-1,325.000,325.000,300.000,300.000,-1,-1,-1,-1,700.000,725.000,-1,-1,2,0,2,0,2,0,0,0,0,2,2,2,2,0,0,2,2
105,2393.219,5397.100,-106.863,133.951,-0.692356,-0.719857,-0.049489,0.716336,-0.693964,0.072641,-0.086635,0.014842,0.996130,0,0.90191,-0.56597,54.115,-1.132,-1,375.000,-1,375.000,-1,325.000,325.000,300.000,300.000,-1,-1,-1,-1,700.000,700.000,-1,-1,2,0,2,0,2,0,0,0,0,2,2,2,2,0,0,2,2
106,2356.439,5436.794,-111.565,132.819,-0.677995,-0.733443,-0.048822,0.730028,-0.679624,0.071906,-0.085919,0.013111,0.996216,0,0.90191,-0.56597,54.115,-1.132,-1,375.000,-1,375.000,-1,325.000,325.000,300.000,300.000,-1,-1,-1,-1,700.000,700.000,-1,-1,2,0,2,0,2,0,0,0,0,2,2,2,2,0,0,2,2
107,2320.449,5477.206,-116.233,131.687,-0.663369,-0.746741,-0.048152,0.743431,-0.665017,0.071160,-0.085160,0.011407,0.996302,0,0.90191,-0.56597,54.115,-1.132,-1,375.000,-1,375.000,-1,325.000,325.000,300.000,300.000,-1,-1,-1,-1,700.000,700.000,-1,-1,2,0,2,0,2,0,0,0,0,2,2,2,2,0,0,2,2
108,2285.265,5518.321,-120.851,130.555,-0.648487,-0.759746,-0.047440,0.756539,-0.650146,0.070415,-0.084341,0.009773,0.996389,0,0.90191,-0.56597,54.115,-1.132,-1,375.000,-1,375.000,-1,325.000,325.000,300.000,300.000,-1,-1,-1,-1,700.000,700.000,-1,-1,2,0,2,0,2,0,0,0,0,2,2,2,2,0,0,2,2
109,2250.900,5560.123,-125.403,129.423,-0.633361,-0.772451,-0.046610,0.769340,-0.635019,0.069766,-0.083489,0.008328,0.996474,0,0.90191,-0.56597,54.115,-1.132,-1,375.000,-1,375.000,-1,325.000,325.000,300.000,300.000,-1,-1,-1,-1,700.000,700.000,-1,-1,2,0,2,0,2,0,0,0,0,2,2,2,2,0,0,2,2
110,2217.368,5602.596,-129.922,128.291,-0.617988,-0.784854,-0.045780,0.781834,-0.619642,0.069126,-0.082621,0.006926,0.996557,0,0.90191,-0.56597,54.115,-1.132,-1,375.000,-1,375.000,-1,325.000,325.000,300.000,300.000,-1,-1,-1,-1,675.000,700.000,-1,-1,2,0,2,0,2,0,0,0,0,2,2,2,2,0,0,2,2
111,2184.681,5645.723,-134.406,127.159,-0.602373,-0.796948,-0.044950,0.794019,-0.604022,0.068496,-0.081738,0.005568,0.996638,0,0.90191,-0.56597,54.115,-1.132,-1,375.000,-1,375.000,-1,325.000,325.000,300.000,300.000,-1,-1,-1,-1,675.000,700.000,-1,-1,2,0,2,0,2,0,0,0,0,2,2,2,2,0,0,2,2
112,2152.853,5689.488,-138.855,126.027,-0.586522,-0.808730,-0.044120,0.805888,-0.588164,0.067876,-0.080843,0.004255,0.996718,0,0.90191,-0.56597,54.115,-1.132,-1,375.000,-1,375.000,-1,325.000,325.000,300.000,300.000,-1,-1,-1,-1,675.000,700.000,-1,-1,2,0,2,0,2,0,0,0,0,2,2,2,2,0,0,2,2
113,2121.895,5733.872,-143.242,124.895,-0.570434,-0.820196,-0.043413,0.817437,-0.572076,0.067274,-0.080014,0.002888,0.996790,0,0.90191,-0.56597,54.115,-1.132,-1,375.000,-1,375.000,-1,325.000,325.000,300.000,300.000,-1,-1,-1,-1,675.000,700.000,-1,-1,2,0,2,0,2,0,0,0,0,2,2,2,2,0,0,2,2
114,2091.820,5778.860,-147.590,123.763,-0.554121,-0.831339,-0.042717,0.828662,-0.555763,0.066690,-0.079183,0.001556,0.996859,0,0.90191,-0.56597,54.115,-1.132,-1,375.000,-1,375.000,-1,325.000,300.000,300.000,300.000,-1,-1,-1,-1,650.000,675.000,-1,-1,2,0,2,0,2,0,0,0,0,2,2,2,2,0,0,2,2
115,2062.640,5824.432,-151.897,122.631,-0.537592,-0.842157,-0.042031,0.839557,-0.539232,0.066124,-0.078351,0.000260,0.996926,0,0.90191,-0.56597,54.115,-1.132,-1,375.000,-1,375.000,-1,325.000,300.000,300.000,300.000,-1,-1,775.000,-1,650.000,675.000,-1,-1,2,0,2,0,2,0,0,0,0,2,2,0,2,0,0,2,2
116,2036.697,5866.372,-155.537,121.739,-0.524405,-0.850448,-0.041687,0.847994,-0.526057,0.064584,-0.076855,-0.001482,0.997041,0,0.82191,-0.44597,49.315,-0.892,-1,375.000,-1,375.000,-1,300.000,300.000,300.000,325.000,-1,-1,750.000,-1,650.000,675.000,-1,-1,2,0,2,0,2,0,0,0,0,2,2,0,2,0,0,2,2
117,2011.939,5907.434,-158.932,121.088,-0.514734,-0.856377,-0.040825,0.854059,-0.516345,0.063021,-0.075050,-0.002428,0.997177,0,0.79915,-0.32597,47.949,-0.652,-1,375.000,-1,375.000,-1,325.000,300.000,300.000,325.000,-1,775.000,725.000,-1,650.000,700.000,-1,-1,2,0,2,0,2,0,0,0,0,2,0,0,2,0,0,2,2
118,1987.477,5948.673,-162.284,120.676,-0.508620,-0.860066,-0.039897,0.857871,-0.510174,0.061474,-0.073226,-0.002960,0.997311,0,0.79915,-0.20597,47.949,-0.412,-1,375.000,-1,375.000,-1,325.000,300.000,300.000,325.000,-1,725.000,700.000,-1,650.000,700.000,-1,-1,2,0,2,0,2,0,0,0,0,2,0,0,2,0,0,2,2
119,1963.138,5989.985,-165.591,120.504,-0.506109,-0.861593,-0.038881,0.859510,-0.507591,0.059952,-0.071390,-0.003077,0.997444,0,0.79915,-0.08597,47.949,-0.172,-1,375.000,-1,375.000,-1,300.000,325.000,300.000,325.000,-1,700.000,650.000,-1,650.000,700.000,-1,-1,2,0,2,0,2,0,0,0,0,2,0,0,2,0,0,2,2
120,1938.751,6031.269,-168.836,120.572,-0.507221,-0.860990,-0.037719,0.859001,-0.508614,0.058563,-0.069606,-0.002697,0.997571,0,0.79915,0.03403,47.949,0.068,-1,375.000,-1,375.000,-1,300.000,325.000,300.000,300.000,-1,650.000,625.000,-1,650.000,700.000,-1,-1,2,0,2,0,2,0,0,0,0,2,0,0,2,0,0,2,2
121,1914.142,6072.421,-172.038,120.880,-0.511945,-0.858245,-0.036443,0.856338,-0.513237,0.057208,-0.067802,-0.001921,0.997697,0,0.79915,0.15403,47.949,0.308,-1,375.000,-1,375.000,-1,300.000,325.000,300.000,300.000,-1,625.000,600.000,-1,650.000,700.000,-1,-1,2,0,2,0,2,0,0,0,0,2,0,0,2,0,0,2,2
122,1889.141,6113.335,-175.147,121.428,-0.520263,-0.853298,-0.034769,0.851467,-0.521424,0.055870,-0.065803,-0.000537,0.997832,0,0.79915,0.27403,47.949,0.548,-1,375.000,-1,375.000,-1,300.000,325.000,300.000,300.000,-1,600.000,575.000,-1,650.000,700.000,-1,-1,2,0,2,0,2,0,0,0,0,2,0,0,2,0,0,2,2
123,1863.579,6153.902,-178.183,122.216,-0.532106,-0.846045,-0.032735,0.844283,-0.533110,0.054586,-0.063633,0.001408,0.997972,0,0.79915,0.39403,47.949,0.788,-1,375.000,-1,400.000,-1,300.000,325.000,300.000,300.000,-1,575.000,550.000,-1,650.000,700.000,-1,-1,2,0,2,0,2,0,0,0,0,2,0,0,2,0,0,2,2
124,1837.294,6194.004,-181.201,123.244,-0.547357,-0.836339,-0.030622,0.834639,-0.548201,0.053421,-0.061465,0.003682,0.998102,0,0.79915,0.51403,47.949,1.028,-1,375.000,-1,400.000,-1,300.000,325.000,300.000,300.000,-1,525.000,525.000,-1,650.000,700.000,-1,-1,2,0,2,0,2,0,0,0,0,2,0,0,2,0,0,2,2
125,1810.127,6233.514,-184.201,124.512,-0.565889,-0.823991,-0.028423,0.822347,-0.566567,0.052405,-0.059285,0.006282,0.998221,0,0.79915,0.63403,47.949,1.268,-1,375.000,-1,400.000,-1,300.000,325.000,300.000,300.000,-1,500.000,475.000,-1,675.000,700.000,-1,-1,2,0,2,0,2,0,0,0,0,2,0,0,2,0,0,2,2
126,1781.930,6272.295,-187.182,126.020,-0.587534,-0.808777,-0.026139,0.807184,-0.588043,0.051570,-0.057080,0.009201,0.998327,0,0.79915,0.75403,47.949,1.508,-1,375.000,-1,375.000,-1,300.000,325.000,300.000,300.000,-1,475.000,450.000,-1,675.000,700.000,-1,-1,2,0,2,0,2,0,0,0,0,2,0,0,2,0,0,2,2
127,1752.563,6310.198,-190.143,127.768,-0.612084,-0.790435,-0.023777,0.788889,-0.612420,0.050950,-0.054834,0.012429,0.998418,0,0.79915,0.87403,47.949,1.748,-1,375.000,-1,375.000,-1,300.000,300.000,300.000,300.000,-1,450.000,425.000,-1,675.000,675.000,-1,-1,2,0,2,0,2,0,0,0,0,2,0,0,2,0,0,2,2
128,1721.898,6347.060,-192.924,129.756,-0.639249,-0.768682,-0.022089,0.767171,-0.639446,0.050565,-0.052993,0.015377,0.998476,0,0.79915,0.99403,47.949,1.988,-1,375.000,-1,375.000,-1,300.000,300.000,300.000,300.000,-1,450.000,425.000,-1,675.000,675.000,-1,-1,2,0,2,0,2,0,0,0,0,2,0,0,2,0,0,2,2
129,1689.966,6382.829,-195.542,131.756,-0.665764,-0.745867,-0.020991,0.744383,-0.665856,0.050298,-0.051493,0.017862,0.998514,0,0.79915,1.00000,47.949,2.000,-1,375.000,-1,375.000,-1,300.000,300.000,300.000,300.000,-1,450.000,450.000,-1,675.000,675.000,-1,-1,2,0,2,0,2,0,0,0,0,2,0,0,2,0,0,2,2
130,1656.805,6417.461,-197.844,133.756,-0.691442,-0.722155,-0.019998,0.720766,-0.691462,0.048750,-0.049033,0.019294,0.998611,0,0.79915,1.00000,47.949,2.000,-1,375.000,-1,375.000,-1,300.000,300.000,300.000,300.000,-1,450.000,450.000,-1,675.000,675.000,-1,-1,2,0,2,0,2,0,0,0,0,2,0,0,2,0,0,2,2
131,1622.455,6450.915,-199.942,135.756,-0.716264,-0.697572,-0.018920,0.696313,-0.716232,0.046469,-0.045967,0.020110,0.998741,0,0.79915,1.00000,47.949,2.000,-1,375.000,-1,375.000,-1,300.000,300.000,300.000,300.000,-1,450.000,425.000,-1,675.000,675.000,-1,-1,2,0,2,0,2,0,0,0,0,2,0,0,2,0,0,2,2
132,1586.959,6483.150,-201.993,137.756,-0.740214,-0.672140,-0.017630,0.671010,-0.740129,0.044209,-0.042763,0.020894,0.998867,0,0.79915,1.00000,47.949,2.000,-1,375.000,-1,375.000,-1,300.000,300.000,300.000,300.000,-1,425.000,425.000,-1,675.000,700.000,-1,-1,2,0,2,0,2,0,0,0,0,2,0,0,2,0,0,2,2
133,1550.360,6514.127,-203.781,139.756,-0.763261,-0.645889,-0.016127,0.644881,-0.763121,0.042123,-0.039514,0.021751,0.998982,0,0.79915,1.00000,47.949,2.000,-1,375.000,-1,375.000,-1,300.000,300.000,300.000,300.000,-1,425.000,425.000,-1,675.000,700.000,-1,-1,2,0,2,0,2,0,0,0,0,2,0,0,2,0,0,2,2
134,1512.701,6543.807,-205.500,141.756,-0.785377,-0.618849,-0.014429,0.617953,-0.785180,0.040328,-0.036286,0.022756,0.999082,0,0.79915,1.00000,47.949,2.000,-1,375.000,-1,375.000,-1,300.000,300.000,300.000,300.000,-1,425.000,425.000,-1,675.000,725.000,-1,-1,2,0,2,0,2,0,0,0,0,2,0,0,2,0,0,2,2
135,1474.030,6572.155,-207.182,143.756,-0.806534,-0.591054,-0.012565,0.590260,-0.806277,0.038856,-0.033097,0.023921,0.999166,0,0.79915,1.00000,47.949,2.000,-1,375.000,-1,375.000,-1,300.000,325.000,300.000,300.000,-1,425.000,450.000,-1,700.000,725.000,-1,-1,2,0,2,0,2,0,0,0,0,2,0,0,2,0,0,2,2
