timestep,x_cm,y_cm,z_cm,yaw_deg,basis_xx,basis_xy,basis_xz,basis_yx,basis_yy,basis_yz,basis_zx,basis_zy,basis_zz,teleport_flag,throttle_cmd,steering_cmd,cmd_move_cm,cmd_turn_deg,lidar_cm_0,lidar_cm_1,lidar_cm_2,lidar_cm_3,lidar_cm_4,lidar_cm_5,lidar_cm_6,lidar_cm_7,lidar_cm_8,lidar_cm_9,lidar_cm_10,lidar_cm_11,lidar_cm_12,lidar_cm_13,lidar_cm_14,lidar_cm_15,lidar_cm_16,lidar_class_0,lidar_class_1,lidar_class_2,lidar_class_3,lidar_class_4,lidar_class_5,lidar_class_6,lidar_class_7,lidar_class_8,lidar_class_9,lidar_class_10,lidar_class_11,lidar_class_12,lidar_class_13,lidar_class_14,lidar_class_15,lidar_class_16
0,-3604.496,-4259.917,-204.926,49.293,0.650274,-0.757688,-0.055245,0.758127,0.651886,-0.016946,0.048854,-0.030863,0.998329,1,0.08000,0.12000,4.800,0.240,400.000,350.000,-1,350.000,-1,300.000,300.000,325.000,325.000,-1,200.000,225.000,-1,500.000,600.000,425.000,950.000,1,0,2,0,2,0,0,0,0,2,0,0,2,1,0,1,0
1,-3598.296,-4252.587,-204.479,49.773,0.643842,-0.763111,-0.055942,0.763552,0.645506,-0.017633,0.049567,-0.031361,0.998278,0,0.16000,0.24000,9.600,0.480,400.000,350.000,-1,350.000,-1,300.000,300.000,325.000,325.000,-1,200.000,225.000,-1,500.000,600.000,425.000,950.000,1,0,2,0,2,0,0,0,0,2,0,0,2,1,0,1,0
2,-3589.136,-4241.477,-203.777,50.493,0.634107,-0.771141,-0.057010,0.771592,0.635848,-0.018528,0.050537,-0.032239,0.998202,0,0.24000,0.36000,14.400,0.720,375.000,350.000,-1,350.000,-1,300.000,300.000,325.000,325.000,-1,200.000,225.000,-1,500.000,600.000,425.000,975.000,1,0,2,0,2,0,0,0,0,2,0,0,2,1,0,1,0
3,-3577.171,-4226.460,-202.737,51.453,0.620971,-0.781645,-0.058530,0.782139,0.622806,-0.019275,0.051519,-0.033810,0.998100,0,0.32000,0.48000,19.200,0.960,375.000,350.000,-1,350.000,-1,300.000,300.000,325.000,325.000,-1,200.000,225.000,-1,475.000,600.000,400.000,975.000,1,0,2,0,2,0,0,0,0,2,0,0,2,1,0,1,0
4,-3562.612,-4207.381,-201.429,52.653,0.604300,-0.794461,-0.060438,0.795011,0.606257,-0.020224,0.052708,-0.035828,0.997967,0,0.40000,0.60000,24.000,1.200,350.000,350.000,-1,350.000,-1,300.000,300.000,325.000,325.000,-1,200.000,250.000,-1,475.000,600.000,375.000,1000.000,1,1,2,0,2,0,0,0,0,2,0,0,2,1,0,1,0
5,-3545.635,-4184.117,-199.846,53.878,0.586967,-0.807177,-0.062730,0.807792,0.589079,-0.021426,0.054248,-0.038097,0.997800,0,0.48000,0.61272,28.800,1.225,325.000,350.000,-1,350.000,-1,300.000,300.000,325.000,325.000,-1,200.000,250.000,-1,450.000,600.000,350.000,-1,1,1,2,0,2,0,0,0,0,2,0,0,2,1,0,1,2
6,-3526.414,-4156.557,-197.974,55.106,0.569288,-0.819533,-0.065400,0.820219,0.571591,-0.022890,0.056141,-0.040611,0.997597,0,0.56000,0.61388,33.600,1.228,300.000,325.000,-1,350.000,-1,300.000,300.000,325.000,325.000,-1,200.000,250.000,-1,425.000,600.000,325.000,-1,1,1,2,0,2,0,0,0,0,2,0,0,2,1,0,1,2
7,-3505.129,-4124.596,-195.719,56.337,0.551281,-0.831541,-0.068036,0.832293,0.553791,-0.024583,0.058120,-0.043074,0.997380,0,0.64000,0.61568,38.400,1.231,275.000,300.000,-1,350.000,-1,300.000,300.000,325.000,325.000,-1,225.000,275.000,-1,400.000,600.000,300.000,-1,1,1,2,0,2,1,0,0,0,2,0,0,2,1,0,1,2
8,-3481.965,-4088.131,-193.122,57.573,0.532905,-0.843196,-0.070940,0.844020,0.535657,-0.026513,0.060355,-0.045745,0.997128,0,0.72000,0.61817,43.200,1.236,250.000,300.000,-1,350.000,-1,275.000,300.000,325.000,325.000,-1,225.000,300.000,-1,375.000,625.000,250.000,-1,1,1,2,0,2,1,0,0,0,2,0,0,2,1,0,1,2
9,-3457.112,-4047.065,-190.165,58.816,0.514140,-0.854498,-0.074118,0.855401,0.517171,-0.028676,0.062835,-0.048657,0.996837,0,0.80000,0.62139,48.000,1.243,200.000,275.000,-1,350.000,-1,275.000,300.000,325.000,325.000,-1,250.000,300.000,-1,375.000,625.000,225.000,-1,1,1,2,1,2,1,1,0,0,2,0,0,2,1,0,1,2
10,-3430.762,-4001.309,-184.257,60.067,0.494968,-0.865873,-0.072603,0.865757,0.498560,-0.043619,0.073965,-0.041267,0.996407,0,0.88000,0.62545,52.800,1.251,175.000,275.000,-1,375.000,-1,250.000,300.000,350.000,325.000,-1,225.000,275.000,-1,375.000,675.000,200.000,-1,1,1,2,0,2,1,1,0,0,2,0,0,2,1,0,1,2
11,-3404.020,-3952.418,-175.560,61.328,0.475750,-0.877133,-0.065572,0.874612,0.479658,-0.070576,0.093357,-0.023774,0.995349,0,0.92871,0.63045,55.722,1.261,175.000,275.000,-1,400.000,-1,275.000,325.000,400.000,300.000,-1,200.000,200.000,-1,400.000,775.000,200.000,-1,1,1,2,0,2,1,1,1,0,2,0,0,2,1,0,1,2
12,-3378.287,-3902.771,-167.046,62.600,0.456569,-0.887794,-0.058016,0.882658,0.460179,-0.095660,0.111624,-0.007533,0.993722,0,0.93191,0.63622,55.915,1.272,175.000,300.000,-1,450.000,-1,300.000,350.000,425.000,275.000,-1,200.000,150.000,975.000,425.000,875.000,200.000,-1,1,1,2,0,2,1,1,1,0,2,0,0,0,1,0,1,2
13,-3353.601,-3852.403,-158.635,63.885,0.437359,-0.897891,-0.050092,0.890039,0.440157,-0.118707,0.128634,0.007334,0.991665,0,0.93479,0.64241,56.087,1.285,175.000,300.000,-1,500.000,-1,300.000,400.000,450.000,275.000,-1,175.000,100.000,800.000,475.000,975.000,200.000,-1,1,1,2,0,2,1,1,1,0,2,0,0,0,1,1,1,2
14,-3330.003,-3801.352,-150.222,65.183,0.418024,-0.907464,-0.042024,0.896917,0.419625,-0.139484,0.144211,0.020616,0.989332,0,0.93726,0.64908,56.236,1.298,175.000,325.000,-1,550.000,-1,350.000,475.000,450.000,275.000,-1,175.000,75.000,600.000,525.000,-1,200.000,-1,1,1,2,0,2,1,0,1,0,2,0,0,0,1,2,1,2
15,-3307.536,-3749.663,-142.363,66.496,0.398825,-0.916484,-0.031572,0.903376,0.398573,-0.158275,0.157640,0.034603,0.986890,0,0.93926,0.65629,56.355,1.313,150.000,350.000,-1,575.000,-1,375.000,500.000,450.000,250.000,-1,175.000,50.000,475.000,550.000,-1,200.000,-1,1,1,2,0,2,1,0,1,0,2,0,0,0,1,2,1,2
16,-3286.245,-3697.388,-134.720,67.824,0.379544,-0.924953,-0.020203,0.909430,0.377008,-0.175504,0.169949,0.048238,0.984271,0,0.94067,0.66413,56.440,1.328,150.000,350.000,-1,625.000,-1,400.000,550.000,475.000,250.000,-1,175.000,25.000,400.000,575.000,-1,175.000,-1,1,1,2,0,2,1,0,1,0,2,0,0,0,1,2,1,2
17,-327.928,-8855.095,141.708,-103.577,-0.237050,0.969485,-0.062508,-0.970888,-0.234132,0.050578,0.034399,0.072678,0.996762,1,0.00000,0.00000,56.484,1.345,-1,400.000,-1,400.000,-1,325.000,325.000,325.000,325.000,-1,-1,-1,-1,975.000,-1,-1,-1,2,0,2,0,2,0,0,0,0,2,2,2,2,0,2,2,2
18,-329.075,-8859.757,141.881,-103.817,-0.241089,0.968485,-0.062551,-0.969910,-0.238188,0.050403,0.033916,0.072821,0.996768,0,0.08000,-0.12000,4.800,-0.240,-1,400.000,-1,400.000,-1,325.000,325.000,325.000,325.000,-1,-1,-1,-1,975.000,-1,-1,-1,2,0,2,0,2,0,0,0,0,2,2,2,2,0,2,2,2
19,-331.445,-8869.060,142.222,-104.297,-0.249155,0.966435,-0.062649,-0.967903,-0.246288,0.050060,0.032950,0.073111,0.996779,0,0.16000,-0.24000,9.600,-0.480,-1,400.000,-1,400.000,-1,325.000,325.000,325.000,325.000,-1,-1,-1,-1,975.000,-1,-1,-1,2,0,2,0,2,0,0,0,0,2,2,2,2,0,2,2,2
20,-335.156,-8882.974,142.717,-104.933,-0.259807,0.963615,-0.062824,-0.965143,-0.256988,0.049561,0.031613,0.073511,0.996793,0,0.24000,-0.31786,14.400,-0.636,-1,400.000,-1,400.000,-1,325.000,325.000,325.000,325.000,-1,-1,-1,-1,975.000,-1,-1,-1,2,0,2,0,2,0,0,0,0,2,2,2,2,0,2,2,2
21,-340.305,-8901.471,143.350,-105.557,-0.270221,0.960728,-0.063104,-0.962327,-0.267457,0.048922,0.030123,0.073946,0.996807,0,0.32000,-0.31195,19.200,-0.624,-1,400.000,-1,400.000,-1,325.000,325.000,325.000,325.000,-1,-1,-1,-1,975.000,-1,-1,-1,2,0,2,0,2,0,0,0,0,2,2,2,2,0,2,2,2
22,-346.987,-8924.522,144.117,-106.165,-0.280330,0.957801,-0.063498,-0.959481,-0.277630,0.048147,0.028486,0.074422,0.996820,0,0.40000,-0.30410,24.000,-0.608,-1,400.000,-1,400.000,-1,325.000,325.000,325.000,325.000,-1,-1,-1,-1,975.000,-1,-1,-1,2,0,2,0,2,0,0,0,0,2,2,2,2,0,2,2,2
23,-355.288,-8952.100,145.012,-106.753,-0.290072,0.954861,-0.064015,-0.956632,-0.287443,0.047237,0.026704,0.074941,0.996830,0,0.48000,-0.29430,28.800,-0.589,-1,425.000,-1,400.000,-1,325.000,325.000,325.000,300.000,-1,-1,-1,-1,975.000,-1,-1,-1,2,0,2,0,2,0,0,0,0,2,2,2,2,0,2,2,2
24,-365.290,-8984.177,146.034,-107.319,-0.299383,0.951940,-0.064658,-0.953811,-0.296835,0.046191,0.024778,0.075501,0.996838,0,0.56000,-0.28256,33.600,-0.565,-1,425.000,-1,400.000,-1,325.000,325.000,325.000,300.000,-1,-1,-1,-1,1000.000,-1,-1,-1,2,0,2,0,2,0,0,0,0,2,2,2,2,0,2,2,2
25,-377.065,-9020.728,147.182,-107.856,-0.308201,0.949068,-0.065432,-0.951050,-0.305742,0.045004,0.022707,0.076100,0.996842,0,0.64000,-0.26888,38.400,-0.538,-1,425.000,-1,425.000,-1,325.000,325.000,325.000,300.000,-1,-1,-1,-1,1000.000,-1,-1,-1,2,0,2,0,2,0,0,0,0,2,2,2,2,0,2,2,2
26,-390.289,-9060.566,148.421,-108.363,-0.316467,0.946283,-0.066311,-0.948381,-0.314106,0.043706,0.020529,0.076719,0.996841,0,0.69960,-0.25328,41.976,-0.507,-1,425.000,-1,425.000,-1,350.000,325.000,325.000,300.000,-1,-1,-1,-1,-1,-1,-1,-1,2,0,2,0,2,0,0,0,0,2,2,2,2,2,2,2,2
27,-404.067,-9100.958,149.503,-108.835,-0.324167,0.943666,-0.066412,-0.945811,-0.321900,0.042676,0.018894,0.076647,0.996879,0,0.71128,-0.23624,42.677,-0.472,-1,425.000,-1,425.000,-1,350.000,350.000,325.000,325.000,-1,-1,-1,-1,-1,-1,-1,-1,2,0,2,0,2,0,0,0,0,2,2,2,2,2,2,2,2
28,-418.373,-9141.821,150.270,-109.291,-0.331517,0.941175,-0.065476,-0.943301,-0.329437,0.040665,0.016703,0.075244,0.997025,0,0.72158,-0.22804,43.295,-0.456,-1,450.000,-1,425.000,-1,350.000,350.000,325.000,325.000,-1,-1,-1,-1,-1,-1,-1,-1,2,0,2,0,2,0,0,0,0,2,2,2,2,2,2,2,2
29,-433.071,-9182.745,150.891,-109.754,-0.338917,0.938626,-0.064161,-0.940711,-0.337072,0.038001,0.014042,0.073237,0.997216,0,0.72472,-0.23120,43.483,-0.462,-1,450.000,-1,450.000,-1,350.000,350.000,325.000,325.000,-1,-1,-1,-1,-1,-1,-1,-1,2,0,2,0,2,0,0,0,0,2,2,2,2,2,2,2,2
30,-448.169,-9223.722,151.506,-110.223,-0.346408,0.935975,-0.062861,-0.938015,-0.344792,0.035299,0.011365,0.071192,0.997398,0,0.72782,-0.23441,43.669,-0.469,-1,450.000,-1,450.000,-1,350.000,350.000,325.000,325.000,-1,-1,-1,-1,-1,-1,-1,-1,2,0,2,0,2,0,0,0,0,2,2,2,2,2,2,2,2
31,-463.670,-9264.745,151.890,-110.698,-0.354038,0.933166,-0.062108,-0.935184,-0.352577,0.033459,0.009326,0.069928,0.997508,0,0.73089,-0.23767,43.853,-0.475,-1,450.000,-1,450.000,-1,350.000,350.000,325.000,325.000,-1,-1,-1,-1,-1,-1,-1,-1,2,0,2,0,2,0,0,0,0,2,2,2,2,2,2,2,2
32,-479.581,-9305.805,151.785,-111.180,-0.361724,0.930222,-0.061981,-0.932261,-0.360435,0.031244,0.006724,0.069084,0.997588,0,0.73391,-0.24098,44.035,-0.482,-1,450.000,-1,450.000,-1,350.000,350.000,300.000,325.000,-1,-1,-1,-1,-1,-1,-1,-1,2,0,2,0,2,0,0,0,0,2,2,2,2,2,2,2,2
33,-495.906,-9346.894,151.143,-111.669,-0.369403,0.927063,-0.064002,-0.929266,-0.368335,0.028187,0.002556,0.069887,0.997552,0,0.73689,-0.24434,44.213,-0.489,-1,450.000,-1,450.000,-1,350.000,350.000,325.000,325.000,-1,-1,-1,-1,-1,-1,-1,-1,2,0,2,0,2,0,0,0,0,2,2,2,2,2,2,2,2
34,-514.582,-9392.210,150.373,-112.397,-0.380869,0.922254,-0.066229,-0.924626,-0.380075,0.024702,-0.002390,0.070645,0.997499,0,0.81689,-0.36434,49.013,-0.729,-1,450.000,-1,450.000,-1,350.000,350.000,325.000,325.000,-1,-1,-1,-1,-1,-1,-1,-1,2,0,2,0,2,0,0,0,0,2,2,2,2,2,2,2,2
35,-534.845,-9439.111,149.492,-113.366,-0.396071,0.915655,-0.068578,-0.918186,-0.395594,0.020983,-0.007916,0.071278,0.997425,0,0.85151,-0.48434,51.091,-0.969,-1,425.000,-1,450.000,-1,350.000,350.000,325.000,300.000,-1,-1,-1,-1,-1,-1,-1,-1,2,0,2,0,2,0,0,0,0,2,2,2,2,2,2,2,2
36,-556.180,-9485.763,148.513,-114.575,-0.414931,0.907078,-0.071007,-0.909747,-0.414808,0.017175,-0.013876,0.071725,0.997328,0,0.85496,-0.60434,51.297,-1.209,-1,425.000,-1,450.000,-1,350.000,350.000,325.000,300.000,-1,-1,-1,-1,-1,-1,-1,-1,2,0,2,0,2,0,0,0,0,2,2,2,2,2,2,2,2
37,-578.781,-9532.053,147.418,-116.023,-0.437332,0.896285,-0.073572,-0.899071,-0.437600,0.013303,-0.020272,0.071964,0.997201,0,0.85853,-0.72434,51.512,-1.449,-1,425.000,-1,425.000,-1,350.000,350.000,325.000,300.000,-1,-1,-1,-1,-1,-1,-1,-1,2,0,2,0,2,0,0,0,0,2,2,2,2,2,2,2,2
38,-602.842,-9577.856,146.193,-117.712,-0.463125,0.883000,-0.076330,-0.885879,-0.463822,0.009395,-0.027108,0.071970,0.997038,0,0.86229,-0.84434,51.737,-1.689,-1,425.000,-1,425.000,-1,350.000,350.000,325.000,300.000,-1,-1,-1,-1,-1,1000.000,-1,-1,2,0,2,0,2,0,0,0,0,2,2,2,2,2,0,2,2
39,-628.483,-9623.070,144.784,-119.556,-0.490817,0.867625,-0.079538,-0.870584,-0.491990,0.005460,-0.034395,0.071924,0.996817,0,0.86628,-0.92178,51.977,-1.844,-1,425.000,-1,425.000,-1,350.000,350.000,325.000,300.000,-1,-1,-1,-1,1000.000,975.000,-1,-1,2,0,2,0,2,0,0,0,0,2,2,2,2,0,0,2,2
40,-655.702,-9667.649,142.985,-121.405,-0.518147,0.851352,-0.081996,-0.854300,-0.519777,0.001706,-0.041167,0.070933,0.996631,0,0.87050,-0.92489,52.230,-1.850,-1,425.000,-1,425.000,975.000,350.000,350.000,325.000,300.000,-1,-1,-1,-1,1000.000,950.000,-1,-1,2,0,2,0,1,0,0,0,0,2,2,2,2,0,0,2,2
41,-684.494,-9711.541,140.753,-123.261,-0.545140,0.834211,-0.083147,-0.837022,-0.547167,-0.001903,-0.047082,0.068558,0.996536,0,0.87485,-0.92793,52.491,-1.856,-1,425.000,-1,425.000,900.000,350.000,325.000,300.000,275.000,-1,-1,-1,-1,1000.000,925.000,-1,-1,2,0,2,0,1,0,0,0,0,2,2,2,2,0,1,2,2
42,-714.852,-9754.694,138.359,-125.123,-0.571640,0.816141,-0.084509,-0.818776,-0.574085,-0.005785,-0.053237,0.065887,0.996406,0,0.87934,-0.93092,52.760,-1.862,-1,425.000,-1,400.000,850.000,350.000,325.000,300.000,275.000,-1,-1,-1,-1,975.000,875.000,-1,-1,2,0,2,0,1,0,0,0,0,2,2,2,2,0,1,2,2
43,-746.768,-9797.055,135.594,-126.991,-0.597649,0.797193,-0.085433,-0.799536,-0.600527,-0.010459,-0.059643,0.062056,0.996289,0,0.88395,-0.93386,53.037,-1.868,-1,425.000,-1,400.000,800.000,350.000,325.000,300.000,275.000,-1,-1,-1,-1,950.000,825.000,-1,950.000,2,0,2,0,1,0,0,0,0,2,2,2,2,0,1,2,1
44,-780.230,-9838.572,132.487,-128.864,-0.623205,0.777361,-0.085592,-0.779312,-0.626450,-0.015271,-0.065490,0.057186,0.996213,0,0.88869,-0.93673,53.322,-1.873,-1,425.000,-1,400.000,750.000,350.000,325.000,300.000,300.000,-1,-1,-1,-1,950.000,775.000,-1,875.000,2,0,2,0,1,0,0,0,0,2,2,2,2,0,1,2,1
45,-815.225,-9879.190,129.212,-130.743,-0.648194,0.756617,-0.085875,-0.758128,-0.651790,-0.020276,-0.071314,0.051962,0.996100,0,0.89356,-0.93955,53.613,-1.879,-1,425.000,-1,400.000,700.000,325.000,325.000,300.000,300.000,-1,-1,-1,-1,925.000,725.000,-1,800.000,2,0,2,0,1,0,0,0,0,2,2,2,2,0,1,2,1
46,-851.740,-9918.856,125.659,-132.628,-0.672586,0.734961,-0.086371,-0.736024,-0.676494,-0.024976,-0.076786,0.046773,0.995950,0,0.89854,-0.94232,53.912,-1.885,-1,425.000,-1,400.000,650.000,325.000,325.000,300.000,300.000,-1,-1,-1,-1,900.000,675.000,-1,725.000,2,0,2,0,1,0,0,0,0,2,2,2,2,0,1,2,1
47,-889.756,-9957.514,121.363,-134.518,-0.696363,0.712359,-0.087311,-0.713158,-0.700476,-0.027182,-0.080523,0.043338,0.995810,0,0.90364,-0.94505,54.218,-1.890,-1,425.000,-1,400.000,600.000,325.000,325.000,300.000,300.000,-1,-1,-1,-1,900.000,625.000,-1,650.000,2,0,2,0,1,0,0,0,0,2,2,2,2,0,1,2,1
48,-929.256,-9995.109,116.884,-136.414,-0.719462,0.688907,-0.088213,-0.689415,-0.723767,-0.029475,-0.084151,0.039609,0.995665,0,0.90884,-0.94774,54.530,-1.895,-1,425.000,-1,400.000,550.000,325.000,325.000,300.000,300.000,-1,-1,-1,-1,900.000,600.000,-1,600.000,2,0,2,0,1,0,0,0,0,2,2,2,2,0,1,2,1
49,-970.219,-10031.585,112.330,-138.314,-0.741856,0.664611,-0.089113,-0.664851,-0.746320,-0.031300,-0.087309,0.036026,0.995530,0,0.91415,-0.95040,54.849,-1.901,-1,425.000,-1,400.000,500.000,325.000,325.000,300.000,300.000,-1,-1,-1,-1,900.000,550.000,-1,525.000,2,0,2,0,1,0,0,0,0,2,2,2,2,0,1,2,1
50,-1012.622,-10066.886,107.624,-140.220,-0.763509,0.639502,-0.089952,-0.639461,-0.768112,-0.033068,-0.090240,0.032273,0.995397,0,0.91954,-0.95304,55.173,-1.906,-1,425.000,-1,400.000,450.000,325.000,325.000,300.000,300.000,-1,-1,-1,-1,900.000,500.000,-1,475.000,2,0,2,1,1,0,0,0,0,2,2,2,2,1,1,2,1
51,-1056.437,-10100.955,102.757,-142.132,-0.784387,0.613601,-0.090724,-0.613265,-0.789108,-0.034839,-0.092968,0.028311,0.995266,0,0.92503,-0.95567,55.502,-1.911,-1,425.000,975.000,375.000,400.000,325.000,325.000,300.000,300.000,-1,-1,-1,-1,800.000,475.000,-1,425.000,2,0,1,1,1,0,0,0,0,2,2,2,2,1,1,2,1
52,-1101.637,-10133.736,97.728,-144.048,-0.804459,0.586930,-0.091427,-0.586287,-0.809277,-0.036583,-0.095461,0.024173,0.995140,0,0.93058,-0.95831,55.835,-1.917,-1,425.000,825.000,325.000,350.000,325.000,325.000,300.000,300.000,-1,-1,-1,-1,725.000,425.000,-1,375.000,2,0,1,1,1,0,1,0,0,2,2,2,2,1,1,2,1
53,-1148.190,-10165.170,92.298,-145.970,-0.823791,0.559516,-0.091161,-0.558541,-0.828593,-0.038288,-0.096958,0.019376,0.995100,0,0.93620,-0.96098,56.172,-1.922,-1,425.000,725.000,300.000,300.000,325.000,300.000,300.000,325.000,-1,-1,-1,-1,650.000,400.000,-1,325.000,2,0,1,1,1,0,1,0,0,2,2,2,2,1,1,2,1
54,-1196.062,-10195.202,86.726,-147.898,-0.842258,0.531378,-0.090766,-0.530049,-0.847015,-0.040173,-0.098227,0.014275,0.995062,0,0.94186,-0.96369,56.512,-1.927,-1,400.000,650.000,275.000,250.000,325.000,275.000,300.000,325.000,-1,-1,-1,-1,575.000,350.000,-1,275.000,2,1,1,1,1,1,1,0,0,2,2,2,2,1,1,2,1
55,-1245.213,-10223.774,81.781,-149.831,-0.860161,0.502547,-0.087007,-0.500696,-0.864528,-0.043531,-0.097097,0.006120,0.995256,0,0.94755,-0.96648,56.853,-1.933,-1,350.000,575.000,250.000,225.000,275.000,250.000,300.000,325.000,-1,-1,-1,-1,500.000,325.000,-1,225.000,2,1,1,1,1,1,1,0,0,2,2,2,2,1,1,2,1
56,-1295.600,-10250.832,80.116,-151.769,-0.878412,0.472967,-0.068521,-0.470146,-0.880953,-0.053705,-0.085765,-0.014960,0.996203,0,0.95325,-0.96938,57.195,-1.939,-1,325.000,550.000,250.000,225.000,275.000,225.000,300.000,375.000,-1,-1,-1,-1,450.000,325.000,-1,225.000,2,1,1,1,1,1,1,0,0,2,2,2,2,1,1,2,1
57,-1347.179,-10276.320,78.435,-153.714,-0.895344,0.442549,-0.050091,-0.439208,-0.895996,-0.065486,-0.073862,-0.036632,0.996595,0,0.95892,-0.97244,57.535,-1.945,-1,300.000,525.000,225.000,225.000,250.000,225.000,275.000,425.000,-1,250.000,-1,-1,425.000,300.000,700.000,200.000,2,1,1,1,1,1,1,0,1,2,0,2,2,1,1,1,1
58,-1399.903,-10300.180,76.767,-155.666,-0.910917,0.411347,-0.031981,-0.407978,-0.909583,-0.078815,-0.061510,-0.058747,0.996376,0,0.96455,-0.97569,57.873,-1.951,-1,275.000,500.000,225.000,200.000,225.000,200.000,275.000,450.000,700.000,125.000,425.000,-1,375.000,300.000,525.000,200.000,2,1,1,1,1,1,1,0,1,0,0,0,2,1,1,1,1
59,-1453.719,-10322.351,76.225,-157.624,-0.925074,0.379560,-0.013157,-0.377037,-0.921985,-0.088247,-0.045626,-0.076674,0.996012,0,0.97009,-0.97921,58.205,-1.958,-1,250.000,475.000,225.000,200.000,200.000,200.000,275.000,500.000,550.000,75.000,275.000,-1,350.000,300.000,425.000,200.000,2,1,1,1,1,1,1,0,1,0,0,0,2,1,1,1,1
60,-5575.315,5575.379,552.948,-110.948,-0.350222,0.923723,0.155179,-0.935371,-0.353616,-0.006086,0.049252,-0.147281,0.987868,1,0.00000,0.00000,58.529,-1.966,-1,600.000,-1,325.000,300.000,375.000,325.000,250.000,250.000,450.000,150.000,525.000,-1,-1,-1,-1,450.000,2,1,2,1,1,1,1,0,1,0,0,0,2,2,2,2,1
61,2295.772,5575.414,240.421,-129.633,-0.636217,0.769057,-0.061474,-0.770842,-0.636960,0.009171,-0.032103,0.053221,0.998067,1,0.00000,0.00000,4.800,-0.240,-1,375.000,-1,375.000,-1,300.000,300.000,300.000,325.000,-1,-1,-1,-1,700.000,650.000,-1,-1,2,0,2,0,2,0,0,0,0,2,2,2,2,0,0,2,2
62,2292.695,5571.730,240.285,-129.873,-0.639435,0.766387,-0.061434,-0.768169,-0.640180,0.009255,-0.032236,0.053110,0.998068,0,0.08000,-0.12000,4.800,-0.240,-1,375.000,-1,375.000,-1,300.000,300.000,300.000,325.000,-1,-1,-1,-1,700.000,650.000,-1,-1,2,0,2,0,2,0,0,0,0,2,2,2,2,0,0,2,2
63,2286.479,5564.414,240.013,-130.353,-0.645837,0.761005,-0.061359,-0.762784,-0.646585,0.009445,-0.032486,0.052904,0.998071,0,0.16000,-0.24000,9.600,-0.480,-1,375.000,-1,375.000,-1,300.000,300.000,300.000,325.000,-1,-1,-1,-1,700.000,650.000,-1,-1,2,0,2,0,2,0,0,0,0,2,2,2,2,0,0,2,2
64,2277.017,5553.559,239.601,-131.073,-0.655357,0.752832,-0.061245,-0.754605,-0.656107,0.009747,-0.032845,0.052604,0.998075,0,0.24000,-0.36000,14.400,-0.720,-1,375.000,-1,375.000,-1,300.000,300.000,300.000,325.000,-1,-1,-1,-1,700.000,650.000,-1,-1,2,0,2,0,2,0,0,0,0,2,2,2,2,0,0,2,2
65,2264.162,5539.298,239.046,-132.033,-0.667890,0.741749,-0.061089,-0.743515,-0.668642,0.010180,-0.033295,0.052220,0.998080,0,0.32000,-0.48000,19.200,-0.960,-1,375.000,-1,375.000,-1,300.000,300.000,300.000,325.000,-1,-1,-1,-1,700.000,650.000,-1,-1,2,0,2,0,2,0,0,0,0,2,2,2,2,0,0,2,2
66,2247.783,5521.755,238.295,-133.035,-0.680783,0.729947,-0.060932,-0.731721,-0.681515,0.011047,-0.033463,0.052106,0.998081,0,0.40000,-0.50102,24.000,-1.002,-1,375.000,-1,375.000,-1,300.000,300.000,300.000,325.000,-1,-1,-1,-1,700.000,650.000,-1,-1,2,0,2,0,2,0,0,0,0,2,2,2,2,0,0,2,2
67,2227.763,5501.051,237.429,-134.037,-0.693467,0.717909,-0.060912,-0.719709,-0.694169,0.012206,-0.033520,0.052303,0.998069,0,0.48000,-0.50102,28.800,-1.002,-1,375.000,-1,375.000,-1,300.000,300.000,300.000,325.000,-1,-1,-1,-1,700.000,650.000,-1,-1,2,0,2,0,2,0,0,0,0,2,2,2,2,0,0,2,2
68,2203.988,5477.308,236.416,-135.039,-0.705951,0.705649,-0.060768,-0.707476,-0.706606,0.013632,-0.033320,0.052615,0.998059,0,0.56000,-0.50102,33.600,-1.002,-1,375.000,-1,375.000,-1,300.000,300.000,300.000,325.000,-1,-1,-1,-1,725.000,650.000,-1,-1,2,0,2,0,2,0,0,0,0,2,2,2,2,0,0,2,2
69,2176.347,5450.652,235.264,-136.041,-0.718235,0.693168,-0.060464,-0.695025,-0.718822,0.015330,-0.032836,0.053034,0.998053,0,0.64000,-0.50102,38.400,-1.002,-1,375.000,-1,375.000,-1,300.000,300.000,300.000,325.000,-1,-1,-1,-1,725.000,650.000,-1,-1,2,0,2,0,2,0,0,0,0,2,2,2,2,0,0,2,2
70,2144.730,5421.213,233.983,-137.043,-0.730317,0.680473,-0.059953,-0.682357,-0.730814,0.017307,-0.032037,0.053549,0.998051,0,0.72000,-0.50102,43.200,-1.002,-1,375.000,-1,375.000,-1,300.000,300.000,325.000,325.000,-1,-1,-1,-1,725.000,650.000,-1,-1,2,0,2,0,2,0,0,0,0,2,2,2,2,0,0,2,2
71,2109.034,5389.122,232.588,-138.045,-0.742194,0.667567,-0.059186,-0.669473,-0.742579,0.019562,-0.030891,0.054142,0.998055,0,0.80000,-0.50102,48.000,-1.002,-1,375.000,-1,375.000,-1,300.000,300.000,325.000,325.000,-1,-1,850.000,-1,725.000,650.000,-1,-1,2,0,2,0,2,0,0,0,0,2,2,0,2,0,0,2,2
72,2071.582,5356.619,231.181,-139.047,-0.753856,0.654458,-0.058189,-0.656376,-0.754115,0.021942,-0.029521,0.054735,0.998064,0,0.82649,-0.50102,49.589,-1.002,-1,375.000,-1,375.000,-1,300.000,300.000,325.000,325.000,-1,-1,750.000,-1,750.000,625.000,-1,-1,2,0,2,0,2,0,0,0,0,2,2,0,2,0,0,2,2
73,2033.567,5324.776,229.791,-140.049,-0.765301,0.641168,-0.056730,-0.643060,-0.765443,0.023912,-0.028092,0.054781,0.998103,0,0.82649,-0.50102,49.589,-1.002,-1,375.000,-1,350.000,-1,300.000,300.000,325.000,325.000,-1,775.000,650.000,-1,750.000,625.000,-1,-1,2,0,2,0,2,0,0,0,0,2,0,0,2,0,0,2,2
74,1995.001,5293.603,228.377,-141.051,-0.776522,0.627720,-0.054592,-0.629522,-0.776583,0.024924,-0.026750,0.053721,0.998198,0,0.82649,-0.50102,49.589,-1.002,-1,375.000,-1,350.000,-1,300.000,300.000,325.000,325.000,-1,675.000,575.000,-1,750.000,650.000,-1,-1,2,0,2,0,2,0,0,0,0,2,0,0,2,0,0,2,2
75,1955.895,5263.109,226.962,-142.053,-0.787505,0.614083,-0.052333,-0.615786,-0.787492,0.025774,-0.025384,0.052524,0.998297,0,0.82649,-0.50102,49.589,-1.002,-1,375.000,-1,350.000,-1,300.000,300.000,325.000,325.000,-1,600.000,500.000,-1,750.000,650.000,-1,-1,2,0,2,0,2,0,0,0,0,2,0,0,2,0,0,2,2
76,1916.262,5233.304,225.547,-143.055,-0.798244,0.600259,-0.049963,-0.601856,-0.798166,0.026457,-0.023998,0.051190,0.998401,0,0.82649,-0.50102,49.589,-1.002,-1,375.000,-1,350.000,-1,300.000,300.000,325.000,325.000,-1,550.000,450.000,-1,775.000,650.000,-1,-1,2,0,2,0,2,0,0,0,0,2,0,0,2,0,0,2,2
77,1876.114,5204.196,224.135,-144.057,-0.808734,0.586252,-0.047514,-0.587739,-0.808600,0.026974,-0.022606,0.049741,0.998506,0,0.82649,-0.50102,49.589,-1.002,-1,375.000,-1,350.000,-1,300.000,300.000,325.000,325.000,-1,500.000,425.000,-1,775.000,650.000,-1,-1,2,0,2,0,2,0,0,0,0,2,0,0,2,0,0,2,2
78,1835.463,5175.795,222.859,-145.059,-0.818950,0.572057,-0.045518,-0.573457,-0.818779,0.027341,-0.021629,0.048493,0.998589,0,0.82649,-0.50102,49.589,-1.002,-1,400.000,-1,350.000,-1,300.000,300.000,325.000,325.000,-1,450.000,400.000,-1,775.000,650.000,-1,-1,2,0,2,0,2,0,0,0,0,2,0,0,2,0,0,2,2
79,1794.321,5148.110,221.657,-146.061,-0.828903,0.557685,-0.043675,-0.559003,-0.828710,0.027474,-0.020872,0.047188,0.998668,0,0.82649,-0.50102,49.589,-1.002,-1,400.000,-1,350.000,-1,300.000,300.000,325.000,325.000,-1,450.000,400.000,-1,775.000,650.000,-1,-1,2,0,2,0,2,0,0,0,0,2,0,0,2,0,0,2,2
80,1752.702,5121.148,220.534,-147.063,-0.838595,0.543136,-0.041967,-0.544382,-0.838381,0.027671,-0.020155,0.046051,0.998736,0,0.82649,-0.50102,49.589,-1.002,-1,400.000,-1,350.000,-1,300.000,300.000,325.000,325.000,-1,425.000,400.000,-1,775.000,650.000,-1,-1,2,0,2,0,2,0,0,0,0,2,0,0,2,0,0,2,2
81,1710.618,5094.917,219.544,-148.065,-0.848030,0.528410,-0.040357,-0.529597,-0.847779,0.028231,-0.019296,0.045313,0.998786,0,0.82649,-0.50102,49.589,-1.002,-1,400.000,-1,350.000,-1,300.000,300.000,325.000,325.000,-1,425.000,400.000,-1,775.000,650.000,-1,-1,2,0,2,0,2,0,0,0,0,2,0,0,2,0,0,2,2
82,1668.081,5069.427,218.601,-149.067,-0.857197,0.513519,-0.038885,-0.514654,-0.856917,0.028714,-0.018576,0.044626,0.998831,0,0.82649,-0.50102,49.589,-1.002,-1,400.000,-1,350.000,-1,300.000,300.000,325.000,325.000,-1,425.000,425.000,-1,800.000,675.000,-1,-1,2,0,2,0,2,0,0,0,0,2,0,0,2,0,0,2,2
83,1625.105,5044.684,217.702,-150.069,-0.866094,0.498469,-0.037556,-0.499558,-0.865791,0.029131,-0.017995,0.043992,0.998870,0,0.82649,-0.50102,49.589,-1.002,-1,400.000,-1,350.000,-1,325.000,300.000,325.000,325.000,-1,450.000,425.000,-1,800.000,675.000,-1,-1,2,0,2,0,2,0,0,0,0,2,0,0,2,0,0,2,2
84,1585.995,5022.855,216.932,-150.831,-0.872686,0.486921,-0.036433,-0.487970,-0.872364,0.029435,-0.017451,0.043466,0.998902,0,0.74649,-0.38102,44.789,-0.762,-1,400.000,-1,350.000,-1,325.000,300.000,325.000,325.000,-1,475.000,450.000,-1,800.000,675.000,-1,-1,2,0,2,0,2,0,0,0,0,2,0,0,2,0,0,2,2
85,1550.901,5003.684,216.281,-151.353,-0.877119,0.478962,-0.035469,-0.479976,-0.876781,0.029639,-0.016903,0.043021,0.998931,0,0.66649,-0.26102,39.989,-0.522,-1,400.000,-1,350.000,-1,325.000,300.000,325.000,325.000,-1,475.000,475.000,-1,825.000,675.000,-1,-1,2,0,2,0,2,0,0,0,0,2,0,0,2,0,0,2,2
86,1519.076,4986.657,215.571,-151.852,-0.881299,0.471339,-0.033940,-0.472288,-0.880951,0.029468,-0.016010,0.041999,0.998989,0,0.60155,-0.24915,36.093,-0.498,-1,400.000,-1,375.000,-1,325.000,300.000,325.000,350.000,-1,475.000,475.000,-1,825.000,675.000,-1,-1,2,0,2,0,2,0,0,0,0,2,0,0,2,0,0,2,2
87,1487.105,4969.908,214.867,-152.350,-0.885410,0.463681,-0.032384,-0.464565,-0.885057,0.029206,-0.015120,0.040904,0.999049,0,0.60155,-0.24915,36.093,-0.498,-1,400.000,-1,375.000,-1,325.000,300.000,325.000,350.000,-1,475.000,475.000,-1,825.000,675.000,-1,-1,2,0,2,0,2,0,0,0,0,2,0,0,2,0,0,2,2
88,1454.989,4953.437,214.228,-152.848,-0.889449,0.455991,-0.030877,-0.456808,-0.889104,0.028626,-0.014400,0.039566,0.999113,0,0.60155,-0.24915,36.093,-0.498,-1,400.000,-1,375.000,-1,325.000,300.000,325.000,350.000,-1,475.000,475.000,-1,850.000,700.000,-1,-1,2,0,2,0,2,0,0,0,0,2,0,0,2,0,0,2,2
89,1422.731,4937.247,213.671,-153.347,-0.893413,0.448270,-0.029447,-0.449021,-0.893094,0.027638,-0.013909,0.037914,0.999184,0,0.60155,-0.24915,36.093,-0.498,-1,400.000,-1,375.000,-1,325.000,300.000,325.000,350.000,-1,475.000,500.000,-1,850.000,700.000,-1,-1,2,0,2,0,2,0,0,0,0,2,0,0,2,0,0,2,2
90,1390.333,4921.338,213.121,-153.845,-0.897308,0.440514,-0.028027,-0.441200,-0.897015,0.026592,-0.013426,0.036227,0.999253,0,0.60155,-0.24915,36.093,-0.498,-1,400.000,-1,375.000,-1,325.000,300.000,325.000,350.000,-1,475.000,500.000,-1,850.000,700.000,-1,-1,2,0,2,0,2,0,0,0,0,2,0,0,2,0,0,2,2
91,1357.799,4905.711,212.667,-154.343,-0.901143,0.432727,-0.026242,-0.433336,-0.900877,0.025307,-0.012690,0.034176,0.999335,0,0.60155,-0.24915,36.093,-0.498,-1,400.000,-1,375.000,-1,325.000,325.000,325.000,350.000,-1,450.000,500.000,-1,875.000,725.000,-1,-1,2,0,2,0,2,0,0,0,0,2,0,0,2,0,0,2,2
92,1320.712,4888.482,212.158,-155.081,-0.906683,0.421117,-0.024214,-0.421643,-0.906451,0.023747,-0.011949,0.031741,0.999425,0,0.68155,-0.36915,40.893,-0.738,-1,400.000,-1,375.000,-1,325.000,325.000,325.000,350.000,-1,450.000,525.000,-1,875.000,725.000,-1,-1,2,0,2,0,2,0,0,0,0,2,0,0,2,0,0,2,2
93,1278.950,4869.941,211.561,-156.060,-0.913778,0.405612,-0.022101,-0.406057,-0.913584,0.021946,-0.011290,0.029028,0.999515,0,0.76155,-0.48915,45.693,-0.978,-1,400.000,-1,375.000,-1,325.000,325.000,325.000,350.000,-1,425.000,525.000,-1,875.000,725.000,-1,-1,2,0,2,0,2,0,0,0,0,2,0,0,2,0,0,2,2
94,1232.375,4850.439,210.888,-157.278,-0.922228,0.386127,-0.020049,-0.386497,-0.922075,0.019938,-0.010788,0.026137,0.999600,0,0.84155,-0.60915,50.493,-1.218,-1,400.000,-1,375.000,-1,325.000,325.000,325.000,350.000,-1,400.000,525.000,-1,900.000,725.000,-1,-1,2,0,2,0,2,0,0,0,0,2,0,0,2,0,0,2,2
95,1182.420,4831.000,210.238,-158.736,-0.931775,0.362559,-0.018611,-0.362876,-0.931663,0.018032,-0.010801,0.023555,0.999664,0,0.89339,-0.72915,53.604,-1.458,-1,425.000,-1,375.000,-1,325.000,325.000,325.000,375.000,-1,375.000,550.000,-1,900.000,725.000,-1,-1,2,0,2,0,2,0,0,0,0,2,0,0,2,0,0,2,2
96,1131.949,4812.944,209.541,-160.315,-0.941424,0.336773,-0.017436,-0.337045,-0.941351,0.016086,-0.010996,0.021021,0.999719,0,0.89339,-0.78936,53.604,-1.579,-1,425.000,-1,400.000,-1,325.000,325.000,325.000,375.000,-1,350.000,550.000,-1,875.000,725.000,-1,-1,2,0,2,0,2,0,0,0,0,2,0,0,2,0,0,2,2
97,1081.000,4796.286,208.803,-161.894,-0.950357,0.310726,-0.016488,-0.310958,-0.950319,0.014125,-0.011280,0.018551,0.999764,0,0.89339,-0.78936,53.604,-1.579,-1,425.000,-1,400.000,-1,325.000,325.000,325.000,375.000,-1,325.000,575.000,-1,875.000,700.000,-1,-1,2,0,2,0,2,0,0,0,0,2,0,0,2,0,0,2,2
98,1029.611,4781.037,208.026,-163.473,-0.958565,0.284438,-0.015759,-0.284636,-0.958558,0.012174,-0.011643,0.016155,0.999802,0,0.89339,-0.78936,53.604,-1.579,-1,425.000,-1,400.000,-1,325.000,325.000,325.000,375.000,-1,350.000,575.000,-1,850.000,700.000,-1,-1,2,0,2,0,2,0,0,0,0,2,0,0,2,0,0,2,2
99,977.821,4767.210,207.210,-165.051,-0.966043,0.257930,-0.015240,-0.258098,-0.966064,0.010260,-0.012076,0.013845,0.999831,0,0.89339,-0.78936,53.604,-1.579,-1,425.000,-1,375.000,-1,325.000,325.000,300.000,375.000,-1,400.000,600.000,-1,825.000,700.000,-1,-1,2,0,2,0,2,0,0,0,0,2,0,0,2,0,0,2,2
100,925.670,4754.815,206.326,-166.630,-0.972785,0.231223,-0.015032,-0.231365,-0.972830,0.008498,-0.012659,0.011745,0.999851,0,0.89339,-0.78936,53.604,-1.579,-1,425.000,-1,375.000,-1,325.000,325.000,300.000,375.000,-1,450.000,600.000,-1,825.000,700.000,-1,-1,2,0,2,0,2,0,0,0,0,2,0,0,2,0,0,2,2
101,873.198,4743.862,205.420,-168.209,-0.978786,0.204338,-0.014950,-0.204456,-0.978852,0.006784,-0.013247,0.009697,0.999865,0,0.89339,-0.78936,53.604,-1.579,-1,400.000,-1,375.000,-1,325.000,325.000,300.000,375.000,-1,500.000,625.000,-1,800.000,675.000,-1,-1,2,0,2,0,2,0,0,0,0,2,0,0,2,0,0,2,2
102,820.444,4734.358,204.505,-169.787,-0.984044,0.177296,-0.014933,-0.177389,-0.984128,0.005098,-0.013792,0.007665,0.999876,0,0.89339,-0.78936,53.604,-1.579,-1,400.000,-1,375.000,-1,325.000,325.000,300.000,375.000,-1,575.000,625.000,-1,775.000,675.000,-1,-1,2,0,2,0,2,0,0,0,0,2,0,0,2,0,0,2,2
103,767.447,4726.311,203.579,-171.366,-0.988555,0.150118,-0.014986,-0.150185,-0.988652,0.003468,-0.014295,0.005679,0.999882,0,0.89339,-0.78936,53.604,-1.579,-1,400.000,-1,375.000,-1,325.000,300.000,300.000,375.000,-1,625.000,625.000,-1,775.000,650.000,-1,-1,2,0,2,0,2,0,0,0,0,2,0,0,2,0,0,2,2
104,714.250,4719.727,202.584,-172.945,-0.992311,0.122824,-0.015291,-0.122870,-0.992421,0.002102,-0.014917,0.003964,0.999881,0,0.89339,-0.78936,53.604,-1.579,-1,400.000,-1,375.000,-1,325.000,300.000,300.000,375.000,-1,700.000,700.000,-1,750.000,650.000,-1,-1,2,0,2,0,2,0,0,0,0,2,0,0,2,0,0,2,2
105,660.891,4714.612,201.763,-174.524,-0.995313,0.095437,-0.015603,-0.095451,-0.995434,0.000147,-0.015518,0.001636,0.999878,0,0.89339,-0.78936,53.604,-1.579,-1,375.000,-1,350.000,-1,300.000,300.000,300.000,375.000,-1,775.000,775.000,-1,725.000,650.000,-1,-1,2,0,2,0,2,0,0,0,0,2,0,0,2,0,0,2,2
106,607.411,4710.968,201.393,-176.102,-0.997577,0.067976,-0.014839,-0.067953,-0.997686,-0.002020,-0.014942,-0.001007,0.999888,0,0.89339,-0.78936,53.604,-1.579,-1,375.000,-1,350.000,-1,300.000,300.000,325.000,375.000,-1,800.000,825.000,-1,725.000,650.000,-1,-1,2,0,2,0,2,0,0,0,0,2,0,0,2,0,0,2,2
107,553.852,4708.799,201.202,-177.681,-0.999091,0.040463,-0.013428,-0.040425,-0.999178,-0.003103,-0.013542,-0.002557,0.999905,0,0.89339,-0.78936,53.604,-1.579,-1,375.000,-1,350.000,-1,300.000,300.000,325.000,375.000,-1,800.000,825.000,-1,725.000,650.000,-1,-1,2,0,2,0,2,0,0,0,0,2,0,0,2,0,0,2,2
108,503.235,4707.932,200.991,-179.020,-0.999782,0.017109,-0.011988,-0.017061,-0.999846,-0.004088,-0.012056,-0.003883,0.999920,0,0.84373,-0.66936,50.624,-1.339,-1,375.000,-1,350.000,-1,300.000,300.000,325.000,400.000,-1,750.000,800.000,-1,700.000,650.000,-1,-1,2,0,2,0,2,0,0,0,0,2,0,0,2,0,0,2,2
109,452.611,4708.037,200.756,-180.118,-0.999944,-0.002067,-0.010385,0.002119,-0.999985,-0.005060,-0.010374,-0.005081,0.999933,0,0.84373,-0.54936,50.624,-1.099,-1,375.000,-1,350.000,-1,300.000,300.000,325.000,400.000,-1,700.000,750.000,-1,700.000,650.000,-1,-1,2,0,2,0,2,0,0,0,0,2,0,0,2,0,0,2,2
110,401.995,4708.900,200.504,-180.977,-0.999817,-0.017053,-0.008617,0.017105,-0.999836,-0.006025,-0.008513,-0.006172,0.999945,0,0.84373,-0.42936,50.624,-0.859,-1,375.000,-1,350.000,-1,300.000,300.000,325.000,400.000,-1,625.000,675.000,-1,700.000,650.000,-1,-1,2,0,2,0,2,0,0,0,0,2,0,0,2,0,0,2,2
111,351.390,4710.310,200.240,-181.596,-0.999590,-0.027848,-0.006687,0.027895,-0.999586,-0.006991,-0.006490,-0.007175,0.999953,0,0.84373,-0.30936,50.624,-0.619,-1,375.000,-1,350.000,-1,300.000,300.000,325.000,400.000,-1,575.000,625.000,-1,700.000,650.000,-1,-1,2,0,2,0,2,0,0,0,0,2,0,0,2,0,0,2,2
112,300.796,4712.054,199.970,-181.975,-0.999396,-0.034455,-0.004601,0.034491,-0.999373,-0.007961,-0.004324,-0.008114,0.999958,0,0.84373,-0.18936,50.624,-0.379,-1,375.000,-1,350.000,-1,300.000,300.000,325.000,400.000,-1,525.000,575.000,-1,700.000,650.000,-1,-1,2,0,2,0,2,0,0,0,0,2,0,0,2,0,0,2,2
113,250.207,4713.921,199.697,-182.113,-0.999317,-0.036874,-0.002364,0.036894,-0.999279,-0.008935,-0.002033,-0.009016,0.999957,0,0.84373,-0.06936,50.624,-0.139,-1,375.000,-1,350.000,-1,300.000,300.000,325.000,400.000,-1,475.000,525.000,-1,700.000,650.000,-1,-1,2,0,2,0,2,0,0,0,0,2,0,0,2,0,0,2,2
114,199.614,4715.698,199.426,-182.012,-0.999384,-0.035107,0.000014,0.035105,-0.999334,-0.009912,0.000362,-0.009905,0.999951,0,0.84373,0.05064,50.624,0.101,-1,375.000,-1,350.000,-1,300.000,300.000,325.000,400.000,-1,425.000,500.000,-1,700.000,650.000,-1,-1,2,0,2,0,2,0,0,0,0,2,0,0,2,0,0,2,2
115,149.011,4717.174,199.158,-181.671,-0.999572,-0.029154,0.002526,0.029124,-0.999516,-0.010888,0.002842,-0.010810,0.999938,0,0.84373,0.17064,50.624,0.341,-1,375.000,-1,350.000,-1,300.000,300.000,325.000,375.000,-1,375.000,425.000,-1,700.000,650.000,-1,-1,2,0,2,0,2,0,0,0,0,2,0,0,2,0,0,2,2
116,98.396,4718.137,198.896,-181.089,-0.999806,-0.019012,0.005159,0.018949,-0.999750,-0.011858,0.005383,-0.011758,0.999916,0,0.84373,0.29064,50.624,0.581,-1,375.000,-1,350.000,-1,300.000,300.000,325.000,375.000,-1,350.000,375.000,-1,700.000,650.000,-1,-1,2,0,2,0,2,0,0,0,0,2,0,0,2,0,0,2,2
117,47.773,4718.373,198.641,-180.268,-0.999958,-0.004680,0.007904,0.004578,-0.999907,-0.012811,0.007963,-0.012774,0.999887,0,0.84373,0.41064,50.624,0.821,-1,375.000,-1,350.000,-1,300.000,300.000,325.000,375.000,-1,300.000,350.000,-1,725.000,650.000,-1,-1,2,0,2,0,2,0,0,0,0,2,0,0,2,0,0,2,2
118,-2.847,4717.700,198.573,-179.238,-0.999858,0.013304,0.010299,-0.013448,-0.999811,-0.014050,0.010110,-0.014186,0.999848,0,0.84373,0.51524,50.624,1.030,-1,375.000,-1,350.000,-1,300.000,300.000,325.000,375.000,-1,275.000,325.000,-1,725.000,650.000,-1,-1,2,0,2,0,2,0,0,0,0,2,0,0,2,0,0,2,2
119,-53.446,4716.116,199.645,-178.207,-0.999432,0.031282,0.012552,-0.031478,-0.999381,-0.015737,0.012052,-0.016123,0.999797,0,0.84373,0.51524,50.624,1.030,-1,375.000,-1,350.000,-1,300.000,300.000,325.000,375.000,-1,300.000,350.000,-1,725.000,650.000,-1,-1,2,0,2,0,2,0,0,0,0,2,0,0,2,0,0,2,2
120,-104.009,4713.622,200.742,-177.177,-0.998677,0.049248,0.014819,-0.049503,-0.998623,-0.017364,0.013943,-0.018075,0.999739,0,0.84373,0.51524,50.624,1.030,-1,375.000,-1,375.000,-1,300.000,300.000,325.000,375.000,-1,325.000,375.000,-1,750.000,675.000,-1,-1,2,0,2,0,2,0,0,0,0,2,0,0,2,0,0,2,2
121,-154.518,4710.219,201.837,-176.146,-0.997594,0.067197,0.017031,-0.067518,-0.997537,-0.019008,0.015712,-0.020112,0.999674,0,0.84373,0.51524,50.624,1.030,-1,400.000,-1,375.000,-1,325.000,300.000,325.000,375.000,-1,350.000,400.000,-1,750.000,675.000,-1,-1,2,0,2,0,2,0,0,0,0,2,0,0,2,0,0,2,2
122,-204.959,4705.908,202.925,-175.116,-0.996186,0.085123,0.019188,-0.085515,-0.996123,-0.020662,0.017355,-0.022224,0.999602,0,0.84373,0.51524,50.624,1.030,-1,400.000,-1,375.000,-1,325.000,300.000,325.000,375.000,-1,375.000,425.000,-1,775.000,675.000,-1,-1,2,0,2,0,2,0,0,0,0,2,0,0,2,0,0,2,2
123,-255.313,4700.691,203.868,-174.085,-0.994461,0.103020,0.020851,-0.103471,-0.994392,-0.021872,0.018481,-0.023908,0.999543,0,0.84373,0.51524,50.624,1.030,-1,400.000,-1,375.000,-1,325.000,300.000,325.000,375.000,-1,400.000,450.000,-1,775.000,675.000,-1,-1,2,0,2,0,2,0,0,0,0,2,0,0,2,0,0,2,2
124,-305.566,4694.569,204.747,-173.055,-0.992417,0.120882,0.022287,-0.121388,-0.992340,-0.022943,0.019343,-0.025474,0.999488,0,0.84373,0.51524,50.624,1.030,-1,400.000,-1,375.000,-1,325.000,325.000,325.000,375.000,-1,425.000,475.000,-1,800.000,700.000,-1,-1,2,0,2,0,2,0,0,0,0,2,0,0,2,0,0,2,2
125,-355.700,4687.545,205.602,-172.024,-0.990052,0.138703,0.023651,-0.139265,-0.989963,-0.024033,0.020081,-0.027087,0.999431,0,0.84373,0.51524,50.624,1.030,-1,400.000,-1,375.000,-1,325.000,325.000,325.000,350.000,-1,450.000,500.000,-1,800.000,700.000,-1,-1,2,0,2,0,2,0,0,0,0,2,0,0,2,0,0,2,2
126,-405.700,4679.619,206.430,-170.994,-0.987366,0.156477,0.024948,-0.157096,-0.987263,-0.025140,0.020697,-0.028741,0.999373,0,0.84373,0.51524,50.624,1.030,-1,400.000,-1,375.000,-1,325.000,325.000,325.000,350.000,-1,475.000,550.000,-1,800.000,700.000,-1,-1,2,0,2,0,2,0,0,0,0,2,0,0,2,0,0,2,2
127,-455.549,4670.796,207.227,-169.963,-0.984362,0.174199,0.026183,-0.174876,-0.984240,-0.026263,0.021195,-0.030431,0.999312,0,0.84373,0.51524,50.624,1.030,-1,400.000,-1,375.000,-1,325.000,325.000,325.000,350.000,-1,500.000,575.000,-1,825.000,700.000,-1,-1,2,0,2,0,2,0,0,0,0,2,0,0,2,0,0,2,2
128,-500.483,4661.811,207.876,-168.693,-0.980231,0.195970,0.027267,-0.196696,-0.980089,-0.027140,0.021405,-0.031966,0.999260,0,0.76373,0.63524,45.824,1.270,-1,400.000,-1,375.000,-1,325.000,325.000,325.000,325.000,-1,525.000,600.000,-1,825.000,725.000,-1,-1,2,0,2,0,2,0,0,0,0,2,0,0,2,0,0,2,2
129,-543.525,4652.140,208.451,-167.337,-0.975295,0.219095,0.028247,-0.219867,-0.975129,-0.027943,0.021422,-0.033464,0.999210,0,0.73524,0.67794,44.115,1.356,-1,400.000,-1,375.000,-1,325.000,325.000,325.000,325.000,-1,525.000,625.000,-1,825.000,725.000,-1,-1,2,0,2,0,2,0,0,0,0,2,0,0,2,0,0,2,2
130,-586.325,4641.453,209.031,-165.981,-0.969817,0.242094,0.029070,-0.242912,-0.969616,-0.028959,0.021176,-0.035146,0.999158,0,0.73524,0.67794,44.115,1.356,-1,400.000,-1,375.000,-1,325.000,325.000,325.000,325.000,-1,525.000,700.000,-1,825.000,725.000,-1,-1,2,0,2,0,2,0,0,0,0,2,0,0,2,0,0,2,2
131,-628.860,4629.755,209.844,-164.625,-0.963815,0.264943,0.029429,-0.265814,-0.963521,-0.031162,0.020099,-0.037857,0.999081,0,0.73524,0.67794,44.115,1.356,-1,400.000,-1,375.000,-1,325.000,325.000,325.000,325.000,-1,575.000,950.000,-1,825.000,725.000,-1,-1,2,0,2,0,2,0,0,0,0,2,0,0,2,0,0,2,2
132,-671.107,4617.055,210.621,-163.269,-0.957274,0.287637,0.029863,-0.288561,-0.956878,-0.033426,0.018961,-0.040615,0.998995,0,0.73524,0.67794,44.115,1.356,-1,400.000,-1,400.000,-1,325.000,325.000,325.000,325.000,-1,675.000,-1,-1,825.000,725.000,-1,-1,2,0,2,0,2,0,0,0,0,2,0,2,2,0,0,2,2
133,-713.041,4603.358,211.249,-161.913,-0.950207,0.310158,0.030142,-0.311132,-0.949680,-0.036121,0.017422,-0.043701,0.998893,0,0.73524,0.67794,44.115,1.356,-1,400.000,-1,400.000,-1,325.000,325.000,325.000,325.000,-1,775.000,-1,-1,825.000,725.000,-1,-1,2,0,2,0,2,0,0,0,0,2,0,2,2,0,0,2,2
134,-754.639,4588.672,212.003,-160.557,-0.942636,0.332509,0.029578,-0.333479,-0.941979,-0.038301,0.015126,-0.045968,0.998828,0,0.73524,0.67794,44.115,1.356,-1,400.000,-1,400.000,-1,325.000,325.000,325.000,325.000,-1,875.000,-1,-1,825.000,725.000,-1,-1,2,0,2,0,2,0,0,0,0,2,0,2,2,0,0,2,2
