timestep,x_cm,y_cm,z_cm,yaw_deg,basis_xx,basis_xy,basis_xz,basis_yx,basis_yy,basis_yz,basis_zx,basis_zy,basis_zz,teleport_flag,throttle_cmd,steering_cmd,cmd_move_cm,cmd_turn_deg,lidar_cm_0,lidar_cm_1,lidar_cm_2,lidar_cm_3,lidar_cm_4,lidar_cm_5,lidar_cm_6,lidar_cm_7,lidar_cm_8,lidar_cm_9,lidar_cm_10,lidar_cm_11,lidar_cm_12,lidar_cm_13,lidar_cm_14,lidar_cm_15,lidar_cm_16,lidar_class_0,lidar_class_1,lidar_class_2,lidar_class_3,lidar_class_4,lidar_class_5,lidar_class_6,lidar_class_7,lidar_class_8,lidar_class_9,lidar_class_10,lidar_class_11,lidar_class_12,lidar_class_13,lidar_class_14,lidar_class_15,lidar_class_16
0,3604.457,324.357,372.000,-131.626,-0.665589,0.746301,-0.005160,-0.744232,-0.663196,0.079308,0.055765,0.056627,0.996837,1,0.08000,-0.12000,4.800,-0.240,-1,425.000,-1,400.000,-1,325.000,325.000,325.000,300.000,-1,-1,-1,-1,-1,775.000,-1,-1,2,0,2,0,2,0,0,0,0,2,2,2,2,2,0,2,2
1,3598.020,317.234,372.605,-132.106,-0.671815,0.740698,-0.005546,-0.738693,-0.669406,0.078919,0.054742,0.057116,0.996866,0,0.16000,-0.24000,9.600,-0.480,-1,425.000,-1,400.000,-1,325.000,325.000,325.000,300.000,-1,-1,-1,-1,-1,775.000,-1,-1,2,0,2,0,2,0,0,0,0,2,2,2,2,2,0,2,2
2,3588.232,306.672,373.503,-132.826,-0.681065,0.732197,-0.006131,-0.730287,-0.678632,0.078357,0.053212,0.057844,0.996907,0,0.24000,-0.36000,14.400,-0.720,-1,425.000,-1,400.000,-1,325.000,325.000,325.000,300.000,-1,-1,-1,-1,-1,775.000,-1,-1,2,0,2,0,2,0,0,0,0,2,2,2,2,2,0,2,2
3,3574.946,292.811,374.683,-133.786,-0.693229,0.720684,-0.006919,-0.718897,-0.690766,0.077649,0.051181,0.058803,0.996957,0,0.32000,-0.48000,19.200,-0.960,-1,425.000,-1,400.000,-1,325.000,325.000,325.000,300.000,-1,-1,-1,-1,-1,775.000,-1,-1,2,0,2,0,2,0,0,0,0,2,2,2,2,2,0,2,2
4,3557.980,275.836,375.907,-134.986,-0.708131,0.706048,-0.006753,-0.704351,-0.705696,0.076698,0.049387,0.059069,0.997032,0,0.40000,-0.60000,24.000,-1.200,-1,425.000,-1,400.000,-1,325.000,325.000,325.000,300.000,-1,-1,-1,-1,-1,750.000,-1,-1,2,0,2,0,2,0,0,0,0,2,2,2,2,2,0,2,2
5,3537.114,255.984,377.198,-136.426,-0.725590,0.688102,-0.005863,-0.686472,-0.723228,0.075483,0.047700,0.058794,0.997130,0,0.48000,-0.72000,28.800,-1.440,-1,425.000,-1,400.000,-1,325.000,325.000,325.000,300.000,-1,-1,-1,-1,1000.000,750.000,-1,-1,2,0,2,0,2,0,0,0,0,2,2,2,2,0,0,2,2
6,3512.118,233.529,378.666,-138.063,-0.744895,0.667164,-0.004937,-0.665611,-0.742614,0.074069,0.045750,0.058459,0.997241,0,0.56000,-0.81890,33.600,-1.638,-1,425.000,-1,400.000,-1,325.000,325.000,325.000,325.000,-1,-1,-1,-1,1000.000,750.000,-1,-1,2,0,2,0,2,0,0,0,0,2,2,2,2,0,0,2,2
7,3483.529,209.286,380.256,-139.701,-0.763594,0.645684,-0.004083,-0.644215,-0.761399,0.072512,0.043711,0.058000,0.997359,0,0.62473,-0.81890,37.484,-1.638,-1,425.000,-1,400.000,-1,325.000,325.000,325.000,325.000,-1,-1,-1,-1,1000.000,750.000,-1,-1,2,0,2,0,2,0,0,0,0,2,2,2,2,0,0,2,2
8,3454.259,185.870,381.801,-141.339,-0.781677,0.623674,-0.003340,-0.622290,-0.779562,0.070976,0.041662,0.057559,0.997472,0,0.62473,-0.81890,37.484,-1.638,-1,425.000,-1,400.000,-1,325.000,325.000,325.000,325.000,-1,-1,-1,-1,975.000,750.000,-1,-1,2,0,2,0,2,0,0,0,0,2,2,2,2,0,0,2,2
9,3424.331,163.299,383.298,-142.977,-0.799129,0.601153,-0.002705,-0.599853,-0.797089,0.069468,0.039604,0.057136,0.997581,0,0.62473,-0.81890,37.484,-1.638,-1,425.000,-1,400.000,-1,325.000,325.000,325.000,325.000,-1,-1,-1,-1,975.000,750.000,-1,-1,2,0,2,0,2,0,0,0,0,2,2,2,2,0,0,2,2
10,3393.771,141.594,384.747,-144.615,-0.815935,0.578139,-0.002175,-0.576923,-0.813964,0.067992,0.037539,0.056732,0.997683,0,0.62473,-0.81890,37.484,-1.638,-1,425.000,-1,400.000,-1,325.000,325.000,325.000,325.000,-1,-1,-1,-1,950.000,750.000,-1,-1,2,0,2,0,2,0,0,0,0,2,2,2,2,0,0,2,2
11,3362.602,120.770,386.145,-146.253,-0.832081,0.554651,-0.001747,-0.553519,-0.830173,0.066556,0.035465,0.056346,0.997781,0,0.62473,-0.81890,37.484,-1.638,-1,425.000,-1,400.000,-1,325.000,325.000,325.000,325.000,-1,-1,-1,-1,950.000,750.000,-1,-1,2,0,2,0,2,0,0,0,0,2,2,2,2,0,0,2,2
12,3330.851,100.847,387.504,-147.890,-0.847553,0.530709,-0.001362,-0.529658,-0.845706,0.065144,0.033420,0.055934,0.997875,0,0.62473,-0.81890,37.484,-1.638,-1,425.000,-1,400.000,-1,325.000,325.000,325.000,325.000,-1,-1,-1,-1,925.000,750.000,-1,-1,2,0,2,0,2,0,0,0,0,2,2,2,2,0,0,2,2
13,3298.544,81.838,388.812,-149.528,-0.862338,0.506333,-0.001064,-0.505361,-0.860548,0.063774,0.031375,0.055533,0.997964,0,0.62473,-0.81890,37.484,-1.638,-1,425.000,-1,400.000,-1,325.000,325.000,325.000,325.000,-1,-1,-1,-1,925.000,750.000,-1,-1,2,0,2,0,2,0,0,0,0,2,2,2,2,0,0,2,2
14,3265.707,63.761,390.046,-151.166,-0.876422,0.481542,-0.000874,-0.480653,-0.874691,0.062360,0.029264,0.055074,0.998053,0,0.62473,-0.81890,37.484,-1.638,-1,400.000,-1,400.000,-1,325.000,325.000,325.000,325.000,-1,-1,-1,-1,925.000,750.000,-1,-1,2,0,2,0,2,0,0,0,0,2,2,2,2,0,0,2,2
15,3232.366,46.630,391.092,-152.804,-0.889789,0.456371,-0.000916,-0.455589,-0.888144,0.060318,0.026714,0.054088,0.998179,0,0.62473,-0.81890,37.484,-1.638,-1,400.000,-1,400.000,-1,325.000,325.000,325.000,325.000,-1,-1,-1,-1,900.000,750.000,-1,-1,2,0,2,0,2,0,0,0,0,2,2,2,2,0,0,2,2
16,3198.549,30.459,392.098,-154.442,-0.902437,0.430821,-0.001068,-0.430141,-0.900869,0.058431,0.024211,0.053189,0.998291,0,0.62473,-0.81890,37.484,-1.638,-1,400.000,-1,400.000,-1,325.000,325.000,325.000,325.000,-1,-1,-1,-1,875.000,750.000,-1,-1,2,0,2,0,2,0,0,0,0,2,2,2,2,0,0,2,2
17,3164.284,15.261,393.067,-156.079,-0.914354,0.404914,-0.001341,-0.404332,-0.912852,0.056713,0.021740,0.052397,0.998390,0,0.62473,-0.81890,37.484,-1.638,-1,400.000,-1,400.000,-1,325.000,325.000,325.000,325.000,-1,-1,-1,-1,875.000,750.000,-1,-1,2,0,2,0,2,0,0,0,0,2,2,2,2,0,0,2,2
18,3129.599,1.049,393.995,-157.717,-0.925530,0.378672,-0.001687,-0.378182,-0.924086,0.055172,0.019333,0.051701,0.998475,0,0.62473,-0.81890,37.484,-1.638,-1,400.000,-1,400.000,-1,325.000,325.000,325.000,325.000,-1,-1,-1,-1,850.000,750.000,-1,-1,2,0,2,0,2,0,0,0,0,2,2,2,2,0,0,2,2
19,3094.521,-12.167,394.881,-159.355,-0.935954,0.352116,-0.002093,-0.351713,-0.934560,0.053809,0.016991,0.051099,0.998549,0,0.62473,-0.81890,37.484,-1.638,-1,400.000,-1,375.000,-1,325.000,325.000,325.000,325.000,-1,-1,-1,-1,850.000,750.000,-1,-1,2,0,2,0,2,0,0,0,0,2,2,2,2,0,0,2,2
20,3059.081,-24.375,395.493,-160.993,-0.945623,0.325257,-0.002197,-0.324901,-0.944228,0.053597,0.015358,0.051397,0.998560,0,0.62473,-0.81890,37.484,-1.638,-1,400.000,-1,375.000,-1,300.000,325.000,350.000,325.000,-1,-1,-1,-1,825.000,750.000,-1,-1,2,0,2,0,2,0,0,0,0,2,2,2,2,0,0,2,2
21,3023.306,-35.565,396.039,-162.631,-0.954523,0.298130,-0.002259,-0.297818,-0.953117,0.053590,0.013824,0.051825,0.998560,0,0.62473,-0.81890,37.484,-1.638,-1,400.000,-1,375.000,-1,300.000,325.000,350.000,325.000,-1,-1,-1,-1,825.000,750.000,-1,-1,2,0,2,0,2,0,0,0,0,2,2,2,2,0,0,2,2
22,2987.226,-45.728,396.546,-164.268,-0.962644,0.270761,-0.002310,-0.270490,-0.961226,0.053664,0.012310,0.052285,0.998556,0,0.62473,-0.81890,37.484,-1.638,-1,400.000,-1,375.000,-1,300.000,325.000,350.000,325.000,-1,-1,-1,-1,825.000,750.000,-1,-1,2,0,2,0,2,0,0,0,0,2,2,2,2,0,0,2,2
23,2950.870,-54.856,397.014,-165.906,-0.969981,0.243171,-0.002344,-0.242941,-0.968547,0.053820,0.010817,0.052774,0.998548,0,0.62473,-0.81890,37.484,-1.638,-1,400.000,-1,375.000,-1,300.000,325.000,350.000,325.000,-1,-1,-1,-1,825.000,750.000,-1,-1,2,0,2,0,2,0,0,0,0,2,2,2,2,0,0,2,2
24,2914.268,-62.941,397.441,-167.544,-0.976527,0.215383,-0.002354,-0.215193,-0.975074,0.054054,0.009347,0.053292,0.998535,0,0.62473,-0.81890,37.484,-1.638,-1,400.000,-1,375.000,-1,300.000,325.000,350.000,325.000,-1,-1,-1,-1,800.000,750.000,-1,-1,2,0,2,0,2,0,0,0,0,2,2,2,2,0,0,2,2
25,2877.450,-69.977,397.826,-169.182,-0.982277,0.187421,-0.002332,-0.187269,-0.980803,0.054365,0.007902,0.053838,0.998518,0,0.62473,-0.81890,37.484,-1.638,-1,400.000,-1,375.000,-1,300.000,325.000,350.000,325.000,-1,-1,-1,-1,800.000,750.000,-1,-1,2,0,2,0,2,0,0,0,0,2,2,2,2,0,0,2,2
26,2840.445,-75.958,398.169,-170.820,-0.987227,0.159307,-0.002272,-0.159191,-0.985728,0.054750,0.006482,0.054412,0.998498,0,0.62473,-0.81890,37.484,-1.638,-1,375.000,-1,375.000,-1,300.000,325.000,350.000,325.000,-1,-1,-1,-1,800.000,750.000,-1,-1,2,0,2,0,2,0,0,0,0,2,2,2,2,0,0,2,2
27,2808.062,-80.384,398.435,-172.217,-0.990815,0.135210,-0.002189,-0.135124,-0.989294,0.055130,0.005289,0.054919,0.998477,0,0.54473,-0.69890,32.684,-1.398,-1,375.000,-1,375.000,-1,300.000,325.000,350.000,325.000,-1,-1,-1,-1,800.000,750.000,-1,-1,2,0,2,0,2,0,0,0,0,2,2,2,2,0,0,2,2
28,2780.364,-83.601,398.637,-173.375,-0.993341,0.115190,-0.002094,-0.115128,-0.991800,0.055479,0.004313,0.055351,0.998458,0,0.46473,-0.57890,27.884,-1.158,-1,375.000,-1,375.000,-1,325.000,325.000,350.000,325.000,-1,-1,-1,-1,800.000,750.000,-1,-1,2,0,2,0,2,0,0,0,0,2,2,2,2,0,0,2,2
29,2757.395,-85.897,398.787,-174.293,-0.995057,0.099286,-0.002002,-0.099243,-0.993499,0.055778,0.003549,0.055701,0.998441,0,0.38473,-0.45890,23.084,-0.918,-1,375.000,-1,375.000,-1,325.000,325.000,350.000,325.000,-1,-1,-1,-1,800.000,750.000,-1,-1,2,0,2,0,2,0,0,0,0,2,2,2,2,0,0,2,2
30,2739.181,-87.500,398.888,-174.971,-0.996160,0.087525,-0.001905,-0.087494,-0.994590,0.055994,0.003006,0.055946,0.998429,0,0.30473,-0.33890,18.284,-0.678,-1,375.000,-1,375.000,-1,325.000,325.000,350.000,325.000,-1,-1,-1,-1,775.000,750.000,-1,-1,2,0,2,0,2,0,0,0,0,2,2,2,2,0,0,2,2
31,2725.740,-88.579,398.914,-175.409,-0.996800,0.079923,-0.001690,-0.079892,-0.995230,0.055983,0.002792,0.055939,0.998430,0,0.22473,-0.21890,13.484,-0.438,-1,375.000,-1,375.000,-1,325.000,325.000,350.000,325.000,-1,-1,-1,-1,775.000,750.000,-1,-1,2,0,2,0,2,0,0,0,0,2,2,2,2,0,0,2,2
32,2717.082,-89.244,398.931,-175.606,-0.997069,0.076487,-0.001586,-0.076455,-0.995500,0.055977,0.002702,0.055934,0.998431,0,0.14473,-0.09890,8.684,-0.198,-1,375.000,-1,375.000,-1,325.000,325.000,350.000,325.000,-1,-1,-1,-1,775.000,750.000,-1,-1,2,0,2,0,2,0,0,0,0,2,2,2,2,0,0,2,2
33,2713.209,-89.533,398.937,-175.733,-0.997235,0.074294,-0.001525,-0.074263,-0.995667,0.055975,0.002640,0.055934,0.998431,0,0.06473,-0.06309,3.884,-0.126,-1,375.000,-1,375.000,-1,325.000,325.000,350.000,325.000,-1,-1,-1,-1,775.000,750.000,-1,-1,2,0,2,0,2,0,0,0,0,2,2,2,2,0,0,2,2
34,2714.122,-89.467,398.934,-175.859,-0.997396,0.072101,-0.001478,-0.072071,-0.995827,0.055980,0.002564,0.055941,0.998431,0,-0.01527,-0.06309,-0.916,-0.126,-1,375.000,-1,375.000,-1,325.000,325.000,350.000,325.000,-1,-1,-1,-1,775.000,750.000,-1,-1,2,0,2,0,2,0,0,0,0,2,2,2,2,0,0,2,2
35,2719.825,-89.067,398.922,-175.985,-0.997552,0.069908,-0.001446,-0.069879,-0.995983,0.055989,0.002474,0.055953,0.998430,0,-0.09527,-0.06309,-5.716,-0.126,-1,375.000,-1,400.000,-1,325.000,325.000,350.000,325.000,-1,-1,-1,-1,775.000,750.000,-1,-1,2,0,2,0,2,0,0,0,0,2,2,2,2,0,0,2,2
36,2730.317,-88.353,398.901,-176.111,-0.997704,0.067714,-0.001426,-0.067687,-0.996134,0.056000,0.002371,0.055968,0.998430,0,-0.17527,-0.06309,-10.516,-0.126,-1,375.000,-1,400.000,-1,325.000,325.000,350.000,325.000,-1,-1,-1,-1,775.000,750.000,-1,-1,2,0,2,0,2,0,0,0,0,2,2,2,2,0,0,2,2
37,2745.600,-87.348,398.873,-176.237,-0.997850,0.065520,-0.001420,-0.065496,-0.996280,0.056010,0.002255,0.055982,0.998429,0,-0.25527,-0.06309,-15.316,-0.126,-1,375.000,-1,400.000,-1,325.000,325.000,350.000,325.000,-1,-1,-1,-1,775.000,750.000,-1,-1,2,0,2,0,2,0,0,0,0,2,2,2,2,0,0,2,2
38,2763.362,-86.220,398.842,-176.364,-0.997992,0.063326,-0.001420,-0.063306,-0.996421,0.056017,0.002132,0.055995,0.998429,0,-0.29664,-0.06309,-17.798,-0.126,-1,375.000,-1,400.000,-1,325.000,325.000,350.000,325.000,-1,-1,-1,-1,775.000,750.000,-1,-1,2,0,2,0,2,0,0,0,0,2,2,2,2,0,0,2,2
39,2781.127,-85.130,398.813,-176.490,-0.998129,0.061131,-0.001420,-0.061114,-0.996557,0.056020,0.002010,0.056002,0.998429,0,-0.29664,-0.06309,-17.798,-0.126,-1,375.000,-1,400.000,-1,325.000,325.000,350.000,325.000,-1,-1,-1,-1,775.000,750.000,-1,-1,2,0,2,0,2,0,0,0,0,2,2,2,2,0,0,2,2
40,2798.894,-84.079,398.785,-176.616,-0.998261,0.058936,-0.001419,-0.058923,-0.996689,0.056019,0.001887,0.056006,0.998429,0,-0.29664,-0.06309,-17.798,-0.126,-1,375.000,-1,400.000,-1,325.000,325.000,350.000,325.000,-1,-1,-1,-1,775.000,750.000,-1,-1,2,0,2,0,2,0,0,0,0,2,2,2,2,0,0,2,2
41,2811.874,-83.395,398.765,-176.982,-0.998617,0.052565,-0.001306,-0.052555,-0.997046,0.056017,0.001642,0.056008,0.998429,0,-0.21664,-0.18309,-12.998,-0.366,-1,375.000,-1,400.000,-1,325.000,325.000,350.000,325.000,-1,-1,-1,-1,775.000,750.000,-1,-1,2,0,2,0,2,0,0,0,0,2,2,2,2,0,0,2,2
42,2820.065,-83.050,398.753,-177.588,-0.999116,0.042013,-0.001082,-0.042008,-0.997546,0.056014,0.001274,0.056010,0.998429,0,-0.13664,-0.30309,-8.198,-0.606,-1,375.000,-1,400.000,-1,325.000,325.000,350.000,325.000,-1,-1,-1,-1,775.000,750.000,-1,-1,2,0,2,0,2,0,0,0,0,2,2,2,2,0,0,2,2
43,2823.462,-82.957,398.746,-178.435,-0.999628,0.027277,-0.000747,-0.027276,-0.998057,0.056017,0.000782,0.056017,0.998430,0,-0.05664,-0.42309,-3.398,-0.846,-1,375.000,-1,400.000,-1,325.000,325.000,350.000,325.000,-1,-1,-1,-1,775.000,750.000,-1,-1,2,0,2,0,2,0,0,0,0,2,2,2,2,0,0,2,2
44,2822.060,-82.974,398.741,-179.307,-0.999927,0.012077,-0.000390,-0.012080,-0.998356,0.056035,0.000287,0.056036,0.998429,0,0.02336,-0.43622,1.402,-0.872,-1,375.000,-1,400.000,-1,325.000,325.000,350.000,325.000,-1,-1,-1,-1,775.000,750.000,-1,-1,2,0,2,0,2,0,0,0,0,2,2,2,2,0,0,2,2
45,2815.858,-82.954,398.735,-180.179,-0.999995,-0.003126,-0.000023,0.003120,-0.998421,0.056082,-0.000198,0.056081,0.998426,0,0.10336,-0.43622,6.202,-0.872,-1,375.000,-1,400.000,-1,325.000,325.000,350.000,325.000,-1,-1,-1,-1,775.000,750.000,-1,-1,2,0,2,0,2,0,0,0,0,2,2,2,2,0,0,2,2
46,2804.858,-82.752,398.722,-181.052,-0.999832,-0.018328,0.000354,0.018319,-0.998253,0.056172,-0.000676,0.056169,0.998421,0,0.18336,-0.43622,11.002,-0.872,-1,375.000,-1,400.000,-1,325.000,325.000,350.000,325.000,-1,-1,-1,-1,775.000,750.000,-1,-1,2,0,2,0,2,0,0,0,0,2,2,2,2,0,0,2,2
47,2789.065,-82.222,398.697,-181.924,-0.999438,-0.033525,0.000741,0.033513,-0.997850,0.056320,-0.001149,0.056313,0.998412,0,0.26336,-0.43622,15.802,-0.872,-1,400.000,-1,400.000,-1,325.000,325.000,350.000,325.000,-1,-1,-1,-1,750.000,775.000,-1,-1,2,0,2,0,2,0,0,0,0,2,2,2,2,0,0,2,2
48,2768.487,-81.217,398.656,-182.797,-0.998812,-0.048714,0.001140,0.048701,-0.997212,0.056541,-0.001617,0.056530,0.998400,0,0.34336,-0.43622,20.602,-0.872,-1,400.000,-1,400.000,-1,325.000,325.000,350.000,325.000,-1,-1,-1,-1,750.000,775.000,-1,-1,2,0,2,0,2,0,0,0,0,2,2,2,2,0,0,2,2
49,2743.137,-79.591,398.594,-183.669,-0.997956,-0.063891,0.001555,0.063876,-0.996337,0.056849,-0.002083,0.056833,0.998382,0,0.42336,-0.43622,25.402,-0.872,-1,400.000,-1,400.000,-1,325.000,325.000,350.000,325.000,-1,-1,-1,-1,750.000,775.000,-1,-1,2,0,2,0,2,0,0,0,0,2,2,2,2,0,0,2,2
50,2713.030,-77.200,398.413,-184.542,-0.996869,-0.079054,0.001658,0.079020,-0.995247,0.056908,-0.002849,0.056860,0.998378,0,0.50336,-0.43622,30.202,-0.872,-1,400.000,-1,400.000,-1,325.000,325.000,350.000,325.000,-1,-1,-1,-1,750.000,775.000,-1,-1,2,0,2,0,2,0,0,0,0,2,2,2,2,0,0,2,2
51,2678.184,-73.897,398.183,-185.414,-0.995552,-0.094199,0.001717,0.094143,-0.993924,0.057031,-0.003665,0.056939,0.998371,0,0.58336,-0.43622,35.002,-0.872,-1,400.000,-1,400.000,-1,325.000,325.000,350.000,325.000,-1,-1,-1,-1,750.000,775.000,-1,-1,2,0,2,0,2,0,0,0,0,2,2,2,2,0,0,2,2
52,2638.621,-69.539,397.908,-186.286,-0.994005,-0.109320,0.001741,0.109240,-0.992364,0.057273,-0.004533,0.057120,0.998357,0,0.66336,-0.43622,39.802,-0.872,-1,400.000,-1,400.000,-1,325.000,325.000,350.000,325.000,-1,-1,-1,-1,750.000,775.000,-1,-1,2,0,2,0,2,0,0,0,0,2,2,2,2,0,0,2,2
53,2594.367,-63.981,397.596,-187.159,-0.992229,-0.124416,0.001754,0.124309,-0.990566,0.057667,-0.005437,0.057437,0.998334,0,0.74336,-0.43622,44.602,-0.872,-1,400.000,-1,400.000,-1,325.000,325.000,350.000,325.000,-1,-1,-1,-1,750.000,775.000,-1,-1,2,0,2,0,2,0,0,0,0,2,2,2,2,0,0,2,2
54,2546.408,-57.214,397.289,-188.031,-0.990223,-0.139482,0.001800,0.139352,-0.988548,0.057921,-0.006300,0.057606,0.998320,0,0.80723,-0.43622,48.434,-0.872,-1,400.000,-1,400.000,-1,325.000,325.000,350.000,325.000,-1,-1,-1,-1,750.000,800.000,-1,-1,2,0,2,0,2,0,0,0,0,2,2,2,2,0,0,2,2
55,2498.557,-49.717,396.955,-188.904,-0.987988,-0.154517,0.001846,0.154361,-0.986300,0.058183,-0.007170,0.057769,0.998304,0,0.80723,-0.43622,48.434,-0.872,-1,400.000,-1,400.000,-1,325.000,325.000,350.000,325.000,-1,-1,-1,-1,750.000,800.000,-1,-1,2,0,2,0,2,0,0,0,0,2,2,2,2,0,0,2,2
56,2450.826,-41.493,396.588,-189.776,-0.985526,-0.169515,0.001875,0.169333,-0.983822,0.058489,-0.008070,0.057960,0.998286,0,0.80723,-0.43622,48.434,-0.872,-1,400.000,-1,400.000,-1,325.000,325.000,350.000,325.000,-1,-1,-1,-1,750.000,800.000,-1,-1,2,0,2,0,2,0,0,0,0,2,2,2,2,0,0,2,2
57,2403.226,-32.543,396.186,-190.649,-0.982836,-0.184473,0.001890,0.184263,-0.981114,0.058838,-0.009000,0.058177,0.998266,0,0.80723,-0.43622,48.434,-0.872,-1,400.000,-1,400.000,-1,325.000,325.000,350.000,325.000,-1,-1,-1,-1,750.000,800.000,-1,-1,2,0,2,0,2,0,0,0,0,2,2,2,2,0,0,2,2
58,2355.768,-22.869,395.750,-191.521,-0.979919,-0.199387,0.001892,0.199147,-0.978178,0.059233,-0.009959,0.058420,0.998242,0,0.80723,-0.43622,48.434,-0.872,-1,400.000,-1,400.000,-1,325.000,325.000,350.000,325.000,-1,-1,-1,-1,750.000,800.000,-1,-1,2,0,2,0,2,0,0,0,0,2,2,2,2,0,0,2,2
59,2308.462,-12.474,395.279,-192.394,-0.976776,-0.214255,0.001886,0.213983,-0.975013,0.059673,-0.010946,0.058691,0.998216,0,0.80723,-0.43622,48.434,-0.872,-1,400.000,-1,400.000,-1,325.000,325.000,350.000,350.000,-1,-1,-1,-1,750.000,825.000,-1,-1,2,0,2,0,2,0,0,0,0,2,2,2,2,0,0,2,2
60,2261.320,-1.360,394.774,-193.266,-0.973408,-0.229072,0.001874,0.228767,-0.971621,0.060160,-0.011960,0.058989,0.998187,0,0.80723,-0.43622,48.434,-0.872,-1,400.000,-1,400.000,-1,325.000,325.000,350.000,350.000,-1,-1,-1,-1,750.000,825.000,-1,-1,2,0,2,0,2,0,0,0,0,2,2,2,2,0,0,2,2
61,2214.353,10.471,394.234,-194.138,-0.969815,-0.243835,0.001859,0.243495,-0.968001,0.060694,-0.013000,0.059315,0.998155,0,0.80723,-0.43622,48.434,-0.872,-1,400.000,-1,400.000,-1,325.000,325.000,350.000,350.000,-1,-1,-1,-1,725.000,825.000,-1,-1,2,0,2,0,2,0,0,0,0,2,2,2,2,0,0,2,2
62,2167.572,23.015,393.338,-195.011,-0.966001,-0.258533,0.001596,0.258134,-0.964128,0.061838,-0.014448,0.060147,0.998085,0,0.80723,-0.43622,48.434,-0.872,-1,375.000,-1,400.000,-1,325.000,325.000,325.000,350.000,-1,-1,-1,-1,725.000,825.000,-1,-1,2,0,2,0,2,0,0,0,0,2,2,2,2,0,0,2,2
63,2118.526,37.192,392.275,-196.123,-0.960815,-0.277187,0.001345,0.276717,-0.958877,0.063112,-0.016204,0.061011,0.998006,0,0.85089,-0.55622,51.053,-1.112,-1,375.000,-1,400.000,-1,325.000,325.000,325.000,350.000,-1,-1,-1,-1,725.000,825.000,-1,-1,2,0,2,0,2,0,0,0,0,2,2,2,2,0,0,2,2
64,2069.828,52.524,391.107,-197.476,-0.954025,-0.299725,0.001103,0.299168,-0.952015,0.064546,-0.018296,0.061909,0.997914,0,0.85089,-0.67622,51.053,-1.352,-1,375.000,-1,400.000,-1,300.000,300.000,325.000,350.000,-1,-1,-1,-1,725.000,825.000,-1,-1,2,0,2,0,2,0,0,0,0,2,2,2,2,0,0,2,2
65,2021.576,69.202,389.859,-199.068,-0.945354,-0.326044,0.000952,0.325386,-0.943254,0.066307,-0.020721,0.062993,0.997799,0,0.85089,-0.79622,51.053,-1.592,-1,375.000,-1,400.000,-1,300.000,300.000,325.000,350.000,-1,-1,-1,-1,700.000,825.000,-1,-1,2,0,2,0,2,0,0,0,0,2,2,2,2,0,0,2,2
66,1973.881,87.415,388.544,-200.901,-0.934482,-0.356008,0.001164,0.355248,-0.932265,0.068421,-0.023274,0.064351,0.997656,0,0.85089,-0.91622,51.053,-1.832,-1,375.000,-1,400.000,-1,300.000,300.000,325.000,325.000,-1,-1,-1,-1,700.000,850.000,-1,-1,2,0,2,0,2,0,0,0,0,2,2,2,2,0,0,2,2
67,1926.850,107.281,387.104,-202.901,-0.921535,-0.388291,0.001550,0.387421,-0.919188,0.070706,-0.026030,0.065758,0.997496,0,0.85089,-1.00000,51.053,-2.000,-1,375.000,-1,400.000,-1,300.000,300.000,325.000,325.000,-1,-1,-1,-1,700.000,850.000,-1,-1,2,0,2,0,2,0,0,0,0,2,2,2,2,0,0,2,2
68,1880.542,128.777,385.579,-204.901,-0.907478,-0.420095,0.002011,0.419107,-0.904994,0.073043,-0.028866,0.067128,0.997327,0,0.85089,-1.00000,51.053,-2.000,-1,375.000,-1,400.000,-1,300.000,325.000,325.000,325.000,-1,-1,-1,-1,700.000,850.000,-1,-1,2,0,2,0,2,0,0,0,0,2,2,2,2,0,0,2,2
69,1835.012,151.876,383.971,-206.901,-0.892327,-0.451382,0.002556,0.450270,-0.889701,0.075433,-0.031775,0.068462,0.997148,0,0.85089,-1.00000,51.053,-2.000,-1,375.000,-1,400.000,-1,300.000,325.000,325.000,325.000,-1,-1,-1,-1,675.000,875.000,-1,-1,2,0,2,0,2,0,0,0,0,2,2,2,2,0,0,2,2
70,1790.316,176.549,382.305,-208.901,-0.876100,-0.482117,0.003349,0.480891,-0.873332,0.077685,-0.034528,0.069670,0.996972,0,0.85089,-1.00000,51.053,-2.000,-1,350.000,-1,400.000,-1,300.000,325.000,325.000,325.000,-1,-1,-1,-1,700.000,875.000,-1,-1,2,0,2,0,2,0,0,0,0,2,2,2,2,0,0,2,2
71,1746.508,202.768,380.583,-210.901,-0.858818,-0.512263,0.004377,0.510935,-0.855909,0.079785,-0.037124,0.070757,0.996803,0,0.85089,-1.00000,51.053,-2.000,-1,375.000,-1,425.000,-1,300.000,325.000,325.000,325.000,-1,-1,-1,-1,700.000,900.000,-1,-1,2,0,2,0,2,0,0,0,0,2,2,2,2,0,0,2,2
72,1703.642,230.499,378.755,-212.901,-0.840504,-0.541777,0.005602,0.540348,-0.837440,0.081961,-0.039713,0.071915,0.996620,0,0.85089,-1.00000,51.053,-2.000,-1,375.000,-1,425.000,-1,300.000,325.000,325.000,325.000,-1,-1,-1,-1,725.000,925.000,-1,-1,2,0,2,0,2,0,0,0,0,2,2,2,2,0,0,2,2
73,1661.769,259.710,376.824,-214.901,-0.821183,-0.570622,0.007034,0.569096,-0.817949,0.084198,-0.042292,0.073145,0.996424,0,0.85089,-1.00000,51.053,-2.000,-1,375.000,-1,425.000,-1,325.000,325.000,325.000,325.000,-1,-1,-1,-1,750.000,925.000,-1,-1,2,0,2,0,2,0,0,0,0,2,2,2,2,0,0,2,2
74,1620.942,290.364,374.792,-216.901,-0.800880,-0.598762,0.008682,0.597143,-0.797460,0.086479,-0.044857,0.074443,0.996216,0,0.85089,-1.00000,51.053,-2.000,-1,375.000,-1,425.000,-1,325.000,325.000,325.000,325.000,-1,-1,-1,-1,775.000,950.000,-1,-1,2,0,2,0,2,0,0,0,0,2,2,2,2,0,0,2,2
75,1581.209,322.424,372.662,-218.901,-0.779620,-0.626164,0.010552,0.624456,-0.775997,0.088786,-0.047406,0.075809,0.995995,0,0.85089,-1.00000,51.053,-2.000,-1,400.000,-1,425.000,-1,325.000,350.000,325.000,325.000,-1,-1,-1,-1,800.000,975.000,-1,-1,2,0,2,0,2,0,0,0,0,2,2,2,2,0,0,2,2
76,1542.620,355.853,369.828,-220.901,-0.757383,-0.652897,0.009776,0.650902,-0.753710,0.090818,-0.051927,0.075147,0.995819,0,0.85089,-1.00000,51.053,-2.000,-1,400.000,-1,425.000,-1,325.000,350.000,325.000,325.000,-1,-1,-1,-1,800.000,975.000,-1,-1,2,0,2,0,2,0,0,0,0,2,2,2,2,0,0,2,2
77,1505.222,390.609,366.459,-222.901,-0.734240,-0.678827,0.009208,0.676529,-0.730490,0.093234,-0.056564,0.074685,0.995602,0,0.85089,-1.00000,51.053,-2.000,-1,400.000,-1,425.000,-1,325.000,325.000,325.000,325.000,-1,-1,-1,-1,800.000,950.000,-1,-1,2,0,2,0,2,0,0,0,0,2,2,2,2,0,0,2,2
78,1469.059,426.648,362.947,-224.901,-0.710214,-0.703931,0.008791,0.701314,-0.706378,0.095860,-0.061269,0.074246,0.995356,0,0.85089,-1.00000,51.053,-2.000,-1,400.000,-1,425.000,-1,325.000,325.000,300.000,325.000,-1,-1,-1,-1,800.000,950.000,-1,-1,2,0,2,0,2,0,0,0,0,2,2,2,2,0,0,2,2
79,1434.176,463.928,359.297,-226.901,-0.685337,-0.728176,0.008548,0.725226,-0.681401,0.098686,-0.066037,0.073833,0.995082,0,0.85089,-1.00000,51.053,-2.000,-1,400.000,-1,425.000,-1,325.000,325.000,300.000,325.000,-1,-1,-1,-1,800.000,950.000,-1,-1,2,0,2,0,2,0,0,0,0,2,2,2,2,0,0,2,2
80,1400.615,502.402,355.513,-228.901,-0.659639,-0.751535,0.008500,0.748235,-0.655592,0.101703,-0.070861,0.073448,0.994778,0,0.85089,-1.00000,51.053,-2.000,-1,400.000,-1,425.000,-1,325.000,325.000,300.000,325.000,-1,-1,-1,-1,800.000,925.000,-1,-1,2,0,2,0,2,0,0,0,0,2,2,2,2,0,0,2,2
81,1368.418,542.024,351.577,-230.901,-0.633149,-0.773983,0.008540,0.770308,-0.628986,0.104895,-0.075815,0.072992,0.994447,0,0.85089,-1.00000,51.053,-2.000,-1,400.000,-1,425.000,-1,325.000,325.000,300.000,300.000,-1,-1,-1,-1,800.000,925.000,-1,-1,2,0,2,0,2,0,0,0,0,2,2,2,2,0,0,2,2
82,1337.623,582.746,347.498,-232.901,-0.605915,-0.795480,0.008881,0.791409,-0.601604,0.108372,-0.080865,0.072693,0.994071,0,0.85089,-1.00000,51.053,-2.000,-1,400.000,-1,425.000,-1,325.000,325.000,275.000,300.000,-1,-1,-1,-1,825.000,900.000,-1,-1,2,0,2,0,2,0,0,0,0,2,2,2,2,0,0,2,2
83,1308.267,624.518,343.150,-234.901,-0.578012,-0.815970,0.009729,0.811443,-0.573461,0.112705,-0.086385,0.073039,0.993581,0,0.85089,-1.00000,51.053,-2.000,-1,400.000,-1,425.000,-1,325.000,325.000,275.000,300.000,-1,-1,-1,-1,825.000,875.000,-1,-1,2,0,2,0,2,0,0,0,0,2,2,2,2,0,0,2,2
84,1280.387,667.288,338.695,-236.901,-0.549440,-0.835461,0.010943,0.830462,-0.544618,0.117147,-0.091913,0.073453,0.993054,0,0.85089,-1.00000,51.053,-2.000,-1,400.000,-1,425.000,-1,325.000,325.000,300.000,300.000,-1,-1,-1,-1,825.000,850.000,-1,-1,2,0,2,0,2,0,0,0,0,2,2,2,2,0,0,2,2
85,1254.017,711.006,334.174,-238.901,-0.520229,-0.853937,0.012373,0.848438,-0.515116,0.121691,-0.097543,0.073804,0.992491,0,0.85089,-1.00000,51.053,-2.000,-1,400.000,-1,400.000,-1,325.000,325.000,300.000,300.000,-1,-1,-1,-1,825.000,825.000,-1,-1,2,0,2,0,2,0,0,0,0,2,2,2,2,0,0,2,2
86,1229.189,755.618,329.343,-240.901,-0.490295,-0.871454,0.013357,0.865510,-0.485034,0.125040,-0.102488,0.072867,0.992062,0,0.85089,-1.00000,51.053,-2.000,-1,400.000,-1,400.000,-1,325.000,325.000,300.000,300.000,-1,-1,-1,-1,800.000,800.000,-1,-1,2,0,2,0,2,0,0,0,0,2,2,2,2,0,0,2,2
87,1205.934,801.069,323.876,-242.901,-0.459558,-0.888045,0.013528,0.881832,-0.454424,0.125979,-0.105727,0.069824,0.991941,0,0.85089,-1.00000,51.053,-2.000,-1,400.000,-1,400.000,-1,325.000,325.000,300.000,300.000,-1,-1,-1,-1,825.000,800.000,-1,-1,2,0,2,0,2,0,0,0,0,2,2,2,2,0,0,2,2
88,1184.281,847.304,318.119,-244.901,-0.428187,-0.903598,0.012940,0.897051,-0.423265,0.127071,-0.109344,0.066018,0.991809,0,0.85089,-1.00000,51.053,-2.000,-1,400.000,-1,400.000,-1,325.000,325.000,300.000,300.000,-1,-1,-1,-1,800.000,800.000,-1,-1,2,0,2,0,2,0,0,0,0,2,2,2,2,0,0,2,2
89,1164.253,894.266,312.178,-246.901,-0.396247,-0.918064,0.012115,0.911163,-0.391576,0.128258,-0.113005,0.061860,0.991667,0,0.85089,-1.00000,51.053,-2.000,-1,400.000,-1,400.000,-1,325.000,325.000,300.000,300.000,-1,-1,-1,-1,800.000,775.000,-1,-1,2,0,2,0,2,0,0,0,0,2,2,2,2,0,0,2,2
90,1145.877,941.899,306.124,-248.901,-0.363800,-0.931408,0.011373,0.924163,-0.359389,0.129469,-0.116502,0.057611,0.991518,0,0.85089,-1.00000,51.053,-2.000,-1,400.000,-1,400.000,-1,325.000,325.000,300.000,300.000,-1,-1,-1,-1,775.000,775.000,-1,-1,2,0,2,0,2,0,0,0,0,2,2,2,2,0,0,2,2
91,1130.745,985.608,300.539,-250.901,-0.330884,-0.943610,0.010765,0.936050,-0.326744,0.130570,-0.119690,0.053280,0.991381,0,0.77089,-1.00000,46.253,-2.000,-1,400.000,-1,400.000,-1,325.000,325.000,300.000,300.000,-1,-1,-1,-1,750.000,750.000,-1,-1,2,0,2,0,2,0,0,0,0,2,2,2,2,0,0,2,2
92,1117.873,1027.458,295.150,-252.901,-0.297532,-0.954657,0.010203,0.946809,-0.293680,0.131546,-0.122585,0.048800,0.991258,0,0.72973,-1.00000,43.784,-2.000,-1,400.000,-1,400.000,-1,325.000,325.000,300.000,300.000,-1,-1,-1,-1,750.000,750.000,-1,-1,2,0,2,0,2,0,0,0,0,2,2,2,2,0,0,2,2
93,1106.470,1069.732,289.691,-254.901,-0.263798,-0.964529,0.009716,0.956402,-0.260239,0.132556,-0.125326,0.044260,0.991128,0,0.72973,-1.00000,43.784,-2.000,-1,400.000,-1,400.000,-1,325.000,325.000,300.000,300.000,-1,-1,-1,-1,725.000,750.000,-1,-1,2,0,2,0,2,0,0,0,0,2,2,2,2,0,0,2,2
94,1096.548,1112.377,284.169,-256.901,-0.229722,-0.973212,0.009305,0.964815,-0.226463,0.133594,-0.127908,0.039667,0.990993,0,0.72973,-1.00000,43.784,-2.000,-1,400.000,-1,400.000,-1,325.000,325.000,300.000,300.000,-1,-1,-1,-1,725.000,750.000,-1,-1,2,0,2,0,2,0,0,0,0,2,2,2,2,0,0,2,2
95,1088.121,1155.343,278.591,-258.901,-0.195350,-0.980693,0.008970,0.972035,-0.192394,0.134654,-0.130329,0.035024,0.990852,0,0.72973,-1.00000,43.784,-2.000,-1,400.000,-1,400.000,-1,325.000,325.000,300.000,300.000,-1,-1,-1,-1,725.000,725.000,-1,-1,2,0,2,0,2,0,0,0,0,2,2,2,2,0,0,2,2
96,1081.198,1198.577,272.965,-260.901,-0.160724,-0.986961,0.008711,0.978054,-0.158075,0.135732,-0.132585,0.030336,0.990707,0,0.72973,-1.00000,43.784,-2.000,-1,375.000,-1,375.000,-1,325.000,325.000,300.000,300.000,-1,-1,-1,-1,700.000,725.000,-1,-1,2,0,2,0,2,0,0,0,0,2,2,2,2,0,0,2,2
97,1075.787,1242.025,267.297,-262.901,-0.125888,-0.992008,0.008528,0.982860,-0.123551,0.136823,-0.134676,0.025606,0.990559,0,0.72973,-1.00000,43.784,-2.000,-1,375.000,-1,375.000,-1,325.000,325.000,300.000,300.000,-1,-1,-1,-1,700.000,725.000,-1,-1,2,0,2,0,2,0,0,0,0,2,2,2,2,0,0,2,2
98,1071.896,1285.636,261.573,-264.901,-0.090897,-0.995824,0.008503,0.986456,-0.088865,0.137868,-0.136536,0.020920,0.990414,0,0.72973,-1.00000,43.784,-2.000,-1,375.000,-1,375.000,-1,300.000,325.000,300.000,300.000,-1,-1,-1,-1,675.000,725.000,-1,-1,2,0,2,0,2,0,0,0,0,2,2,2,2,0,0,2,2
99,1069.529,1329.356,255.727,-266.901,-0.055781,-0.998406,0.008603,0.988933,-0.054062,0.138162,-0.137477,0.016215,0.990372,0,0.72973,-1.00000,43.784,-2.000,-1,375.000,-1,375.000,-1,300.000,300.000,300.000,300.000,-1,-1,-1,-1,675.000,725.000,-1,-1,2,0,2,0,2,0,0,0,0,2,2,2,2,0,0,2,2
100,1068.689,1373.132,249.998,-268.901,-0.020635,-0.999745,0.009165,0.990384,-0.019186,0.137007,-0.136796,0.011904,0.990528,0,0.72973,-1.00000,43.784,-2.000,-1,375.000,-1,375.000,-1,300.000,300.000,300.000,300.000,-1,-1,-1,-1,675.000,725.000,-1,-1,2,0,2,0,2,0,0,0,0,2,2,2,2,0,0,2,2
101,1069.377,1416.910,244.243,-270.901,0.014542,-0.999848,0.009635,0.990606,0.015717,0.135843,-0.135974,0.007569,0.990683,0,0.72973,-1.00000,43.784,-2.000,-1,375.000,-1,375.000,-1,325.000,325.000,300.000,300.000,-1,-1,-1,-1,675.000,725.000,-1,-1,2,0,2,0,2,0,0,0,0,2,2,2,2,0,0,2,2
102,1071.593,1460.637,238.464,-272.901,0.049708,-0.998714,0.009998,0.989594,0.050603,0.134695,-0.135028,0.003199,0.990837,0,0.72973,-1.00000,43.784,-2.000,-1,375.000,-1,375.000,-1,325.000,325.000,300.000,300.000,-1,-1,-1,-1,675.000,725.000,-1,-1,2,0,2,0,2,0,0,0,0,2,2,2,2,0,0,2,2
103,1075.332,1504.260,232.666,-274.901,0.084818,-0.996344,0.010250,0.987350,0.085427,0.133577,-0.133965,-0.001210,0.990985,0,0.72973,-1.00000,43.784,-2.000,-1,375.000,-1,375.000,-1,325.000,325.000,325.000,300.000,-1,-1,-1,-1,675.000,725.000,-1,-1,2,0,2,0,2,0,0,0,0,2,2,2,2,0,0,2,2
104,1080.592,1547.727,226.854,-276.901,0.119828,-0.992740,0.010390,0.983874,0.120145,0.132506,-0.132792,-0.005656,0.991128,0,0.72973,-1.00000,43.784,-2.000,-1,375.000,-1,400.000,-1,325.000,325.000,325.000,300.000,-1,-1,-1,-1,675.000,725.000,-1,-1,2,0,2,0,2,0,0,0,0,2,2,2,2,0,0,2,2
105,1087.365,1590.983,221.034,-278.901,0.154694,-0.987908,0.010419,0.979170,0.154712,0.131496,-0.131517,-0.010140,0.991262,0,0.72973,-1.00000,43.784,-2.000,-1,375.000,-1,400.000,-1,325.000,325.000,300.000,300.000,-1,-1,-1,-1,675.000,725.000,-1,-1,2,0,2,0,2,0,0,0,0,2,2,2,2,0,0,2,2
106,1095.643,1633.977,215.212,-280.901,0.189371,-0.981851,0.010338,0.973242,0.189085,0.130562,-0.130148,-0.014663,0.991386,0,0.72973,-1.00000,43.784,-2.000,-1,375.000,-1,400.000,-1,325.000,325.000,300.000,300.000,-1,-1,-1,-1,675.000,725.000,-1,-1,2,0,2,0,2,0,0,0,0,2,2,2,2,0,0,2,2
107,1105.417,1676.656,209.392,-282.901,0.223815,-0.974579,0.010154,0.966098,0.223219,0.129721,-0.128690,-0.019224,0.991499,0,0.72973,-1.00000,43.784,-2.000,-1,375.000,-1,400.000,-1,325.000,325.000,300.000,300.000,-1,-1,-1,-1,675.000,725.000,-1,-1,2,0,2,0,2,0,0,0,0,2,2,2,2,0,0,2,2
108,1116.673,1718.967,203.582,-284.901,0.257982,-0.966099,0.009871,0.957746,0.257070,0.128985,-0.127150,-0.023822,0.991597,0,0.72973,-1.00000,43.784,-2.000,-1,375.000,-1,400.000,-1,325.000,325.000,300.000,300.000,-1,-1,-1,-1,675.000,725.000,-1,-1,2,0,2,0,2,0,0,0,0,2,2,2,2,0,0,2,2
109,1129.400,1760.861,197.785,-286.901,0.291830,-0.956423,0.009496,0.948196,0.290594,0.128369,-0.125535,-0.028458,0.991681,0,0.72973,-1.00000,43.784,-2.000,-1,375.000,-1,400.000,-1,325.000,325.000,300.000,300.000,-1,-1,-1,-1,675.000,725.000,-1,-1,2,0,2,0,2,0,0,0,0,2,2,2,2,0,0,2,2
110,1143.619,1802.398,192.016,-288.901,0.325304,-0.945566,0.009102,0.937473,0.323750,0.127788,-0.123779,-0.033037,0.991760,0,0.73172,-1.00000,43.903,-2.000,-1,375.000,-1,400.000,-1,325.000,325.000,300.000,300.000,-1,-1,-1,-1,675.000,725.000,-1,-1,2,0,2,0,2,0,0,0,0,2,2,2,2,0,0,2,2
111,1159.396,1843.719,186.290,-290.901,0.358347,-0.933547,0.008797,0.925607,0.356498,0.127124,-0.121813,-0.037412,0.991848,0,0.73718,-1.00000,44.231,-2.000,-1,375.000,-1,400.000,-1,325.000,325.000,300.000,300.000,-1,-1,-1,-1,675.000,700.000,-1,-1,2,0,2,0,2,0,0,0,0,2,2,2,2,0,0,2,2
112,1176.737,1884.775,180.841,-292.901,0.390809,-0.920420,0.009801,0.912533,0.388812,0.126920,-0.120631,-0.040658,0.991865,0,0.74280,-1.00000,44.568,-2.000,-1,375.000,-1,400.000,-1,300.000,325.000,300.000,300.000,-1,-1,-1,-1,675.000,700.000,-1,-1,2,0,2,0,2,0,0,0,0,2,2,2,2,0,0,2,2
113,1195.647,1925.514,175.637,-294.901,0.422689,-0.906204,0.011312,0.898486,0.420657,0.125579,-0.118559,-0.042917,0.992019,0,0.74855,-1.00000,44.913,-2.000,-1,375.000,-1,400.000,-1,300.000,325.000,300.000,300.000,-1,-1,-1,-1,675.000,700.000,-1,-1,2,0,2,0,2,0,0,0,0,2,2,2,2,0,0,2,2
114,1216.127,1965.882,170.471,-296.901,0.454046,-0.890887,0.012745,0.883361,0.451984,0.124033,-0.116260,-0.045058,0.992196,0,0.75443,-1.00000,45.266,-2.000,-1,375.000,-1,375.000,-1,300.000,325.000,300.000,300.000,-1,-1,-1,-1,675.000,675.000,-1,-1,2,0,2,0,2,0,0,0,0,2,2,2,2,0,0,2,2
115,1238.175,2005.825,165.307,-298.901,0.484857,-0.874481,0.013987,0.867149,0.482751,0.122491,-0.113868,-0.047262,0.992371,0,0.76040,-1.00000,45.624,-2.000,-1,375.000,-1,375.000,-1,325.000,325.000,300.000,300.000,-1,-1,-1,-1,675.000,675.000,-1,-1,2,0,2,0,2,0,0,0,0,2,2,2,2,0,0,2,2
116,1261.791,2045.286,160.164,-300.901,0.515091,-0.857004,0.015007,0.849862,0.512918,0.121034,-0.111424,-0.049590,0.992535,0,0.76645,-1.00000,45.987,-2.000,-1,375.000,-1,375.000,-1,325.000,325.000,300.000,300.000,-1,-1,-1,-1,675.000,675.000,-1,-1,2,0,2,0,2,0,0,0,0,2,2,2,2,0,0,2,2
117,1289.198,2088.044,154.879,-302.661,0.541285,-0.840713,0.014595,0.833795,0.538911,0.119835,-0.108613,-0.052695,0.992686,0,0.84645,-0.88000,50.787,-1.760,-1,375.000,-1,375.000,-1,325.000,325.000,300.000,300.000,-1,-1,975.000,-1,675.000,675.000,-1,-1,2,0,2,0,2,0,0,0,0,2,2,0,2,0,0,2,2
118,1320.425,2134.031,149.145,-304.181,0.563504,-0.825997,0.013890,0.819311,0.560938,0.118655,-0.105800,-0.055483,0.992838,0,0.92645,-0.76000,55.587,-1.520,1000.000,375.000,-1,375.000,-1,325.000,325.000,300.000,300.000,-1,-1,950.000,-1,675.000,675.000,-1,-1,0,0,2,0,2,0,0,0,0,2,2,0,2,0,0,2,2
119,1355.115,2182.738,143.074,-305.461,0.581940,-0.813134,0.012610,0.806703,0.579159,0.117495,-0.102842,-0.058203,0.992993,0,0.99664,-0.64000,59.798,-1.280,975.000,375.000,-1,375.000,-1,325.000,325.000,300.000,300.000,-1,-1,900.000,-1,700.000,675.000,-1,-1,0,0,2,0,2,0,0,0,0,2,2,0,2,1,0,2,2
120,1390.803,2230.970,137.212,-306.501,0.596789,-0.802334,0.010136,0.796215,0.593709,0.116411,-0.099419,-0.061403,0.993149,0,1.00000,-0.52000,60.000,-1.040,975.000,400.000,-1,375.000,-1,325.000,300.000,300.000,300.000,-1,950.000,850.000,-1,-1,675.000,-1,-1,0,0,2,0,2,0,0,0,0,2,0,0,2,2,0,2,2
121,1427.161,2278.700,131.445,-307.301,0.608080,-0.793836,0.007870,0.788000,0.604754,0.115452,-0.096409,-0.064003,0.993282,0,1.00000,-0.40000,60.000,-0.800,950.000,400.000,-1,375.000,-1,325.000,300.000,300.000,300.000,-1,875.000,800.000,-1,-1,675.000,-1,-1,0,0,2,0,2,0,0,0,0,2,0,0,2,2,0,2,2
122,1463.984,2326.071,125.693,-307.861,0.615944,-0.787771,0.005491,0.782209,0.612393,0.114559,-0.093608,-0.066267,0.993401,0,1.00000,-0.28000,60.000,-0.560,950.000,400.000,-1,375.000,-1,325.000,300.000,300.000,300.000,-1,825.000,750.000,-1,-1,675.000,-1,-1,0,1,2,0,2,0,0,0,0,2,0,0,2,2,0,2,2
123,1501.071,2373.236,119.940,-308.181,0.620454,-0.784237,0.003014,0.778943,0.616703,0.113687,-0.091016,-0.068190,0.993512,0,1.00000,-0.16000,60.000,-0.320,900.000,400.000,-1,375.000,-1,325.000,300.000,275.000,300.000,-1,775.000,725.000,-1,-1,675.000,-1,-1,0,1,2,0,2,0,0,0,0,2,0,0,2,2,0,2,2
124,1538.225,2420.348,114.432,-308.261,0.621582,-0.783347,0.001809,0.778222,0.617776,0.112800,-0.089480,-0.068707,0.993616,0,1.00000,-0.04000,60.000,-0.080,875.000,475.000,-1,375.000,-1,325.000,300.000,275.000,300.000,-1,775.000,725.000,-1,-1,-1,-1,-1,0,1,2,0,2,0,0,0,0,2,0,0,2,2,2,2,2
125,1575.319,2467.506,108.932,-308.188,0.620611,-0.784118,0.000728,0.779145,0.616779,0.111883,-0.088178,-0.068868,0.993721,0,1.00000,0.03619,60.000,0.072,850.000,-1,-1,375.000,-1,350.000,300.000,275.000,300.000,-1,700.000,725.000,-1,-1,-1,-1,-1,1,2,2,0,2,1,0,0,0,2,0,0,2,2,2,2,2
126,1612.352,2514.714,103.394,-308.114,0.619612,-0.784908,-0.000449,0.780091,0.615746,0.110969,-0.086824,-0.069107,0.993824,0,1.00000,0.03733,60.000,0.075,-1,-1,-1,375.000,-1,-1,300.000,275.000,300.000,-1,650.000,650.000,-1,-1,-1,-1,-1,2,2,2,0,2,2,0,0,0,2,0,0,2,2,2,2,2
127,1649.323,2561.969,98.374,-308.036,0.618448,-0.785825,-0.001143,0.781335,0.614758,0.107649,-0.083891,-0.067469,0.994188,0,1.00000,0.03856,60.000,0.077,-1,-1,-1,375.000,-1,-1,-1,300.000,300.000,-1,575.000,550.000,-1,-1,-1,-1,-1,2,2,2,1,2,2,2,0,0,2,0,0,2,2,2,2,2
128,1686.227,2609.277,93.309,-307.957,0.617391,-0.786653,-0.002541,0.782317,0.613643,0.106879,-0.082517,-0.067974,0.994269,0,1.00000,0.03988,60.000,0.080,-1,-1,-1,-1,-1,-1,-1,300.000,300.000,-1,575.000,550.000,-1,-1,-1,-1,-1,2,2,2,2,2,2,2,0,0,2,0,0,2,2,2,2,2
129,1723.058,2656.643,87.095,-307.874,0.616621,-0.787241,-0.005445,0.782683,0.612277,0.111914,-0.084769,-0.073270,0.993703,0,1.00000,0.04132,60.000,0.083,-1,-1,-1,-1,-1,-1,-1,275.000,300.000,-1,650.000,675.000,-1,-1,-1,-1,-1,2,2,2,2,2,2,2,0,0,2,0,0,2,2,2,2,2
130,1759.813,2704.069,79.770,-307.788,0.616206,-0.787523,-0.009914,0.782343,0.610606,0.122881,-0.090719,-0.083476,0.992372,0,1.00000,0.04289,60.000,0.086,-1,-1,-1,-1,-1,-1,-1,250.000,300.000,-1,925.000,-1,-1,-1,-1,-1,-1,2,2,2,2,2,2,2,0,0,2,0,2,2,2,2,2,2
131,1796.485,2751.560,71.577,-307.699,0.616341,-0.787312,-0.016233,0.780979,0.608481,0.140789,-0.100968,-0.099452,0.989906,0,1.00000,0.04462,60.000,0.089,-1,-1,-1,-1,-1,-1,-1,225.000,325.000,-1,-1,-1,-1,-1,-1,-1,-1,2,2,2,2,2,2,2,0,0,2,2,2,2,2,2,2,2
132,1833.071,2799.120,62.238,-307.606,0.617136,-0.786486,-0.024121,0.778467,0.605805,0.164283,-0.114593,-0.120162,0.986118,0,1.00000,0.04653,60.000,0.093,-1,-1,-1,-1,-1,-1,-1,175.000,350.000,-1,-1,-1,-1,-1,-1,-1,-1,2,2,2,2,2,2,2,0,0,2,2,2,2,2,2,2,2
133,-327.966,7543.220,118.173,115.849,-0.435959,-0.899939,0.007094,0.899940,-0.435993,-0.004290,0.006953,0.004514,0.999966,1,0.00000,0.00000,60.000,0.097,-1,400.000,-1,400.000,675.000,325.000,325.000,325.000,325.000,-1,-1,-1,-1,875.000,900.000,-1,-1,2,0,2,0,1,0,0,0,0,2,2,2,2,0,0,2,2
134,-330.061,7547.539,118.206,115.876,-0.436381,-0.899735,0.006944,0.899736,-0.436414,-0.004270,0.006873,0.004384,0.999967,0,0.08000,0.01340,4.800,0.027,-1,400.000,-1,400.000,675.000,325.000,325.000,325.000,325.000,-1,-1,-1,-1,875.000,900.000,-1,-1,2,0,2,0,1,0,0,0,0,2,2,2,2,0,0,2,2
135,-334.254,7556.175,118.271,115.899,-0.436751,-0.899558,0.006644,0.899558,-0.436782,-0.004233,0.006710,0.004128,0.999969,0,0.16000,0.01169,9.600,0.023,-1,400.000,-1,400.000,675.000,325.000,325.000,325.000,325.000,-1,-1,-1,-1,875.000,900.000,-1,-1,2,0,2,0,1,0,0,0,0,2,2,2,2,0,0,2,2
136,-340.548,7569.127,118.369,115.916,-0.437018,-0.899431,0.006196,0.899430,-0.437046,-0.004175,0.006463,0.003749,0.999972,0,0.24000,0.00838,14.400,0.017,-1,400.000,-1,400.000,675.000,325.000,325.000,325.000,325.000,-1,-1,-1,-1,875.000,900.000,-1,-1,2,0,2,0,1,0,0,0,0,2,2,2,2,0,0,2,2
137,-348.941,7586.395,118.501,115.923,-0.437132,-0.899380,0.005604,0.899377,-0.437155,-0.004094,0.006131,0.003250,0.999976,0,0.32000,0.00347,19.200,0.007,-1,400.000,-1,400.000,675.000,325.000,325.000,325.000,325.000,-1,-1,-1,-1,875.000,900.000,-1,-1,2,0,2,0,1,0,0,0,0,2,2,2,2,0,0,2,2
138,-359.431,7607.981,118.669,115.917,-0.437041,-0.899429,0.004870,0.899424,-0.437060,-0.003983,0.005711,0.002640,0.999980,0,0.40000,-0.00307,24.000,-0.006,-1,400.000,-1,400.000,700.000,325.000,325.000,325.000,325.000,-1,-1,-1,-1,875.000,900.000,-1,-1,2,0,2,0,1,0,0,0,0,2,2,2,2,0,0,2,2
139,-372.008,7633.890,118.876,115.894,-0.436692,-0.899602,0.004003,0.899596,-0.436706,-0.003837,0.005200,0.001926,0.999985,0,0.48000,-0.01129,28.800,-0.023,-1,400.000,-1,400.000,725.000,325.000,325.000,325.000,325.000,-1,-1,-1,-1,875.000,900.000,-1,-1,2,0,2,0,1,0,0,0,0,2,2,2,2,0,0,2,2
