timestep,x_cm,y_cm,z_cm,yaw_deg,basis_xx,basis_xy,basis_xz,basis_yx,basis_yy,basis_yz,basis_zx,basis_zy,basis_zz,teleport_flag,throttle_cmd,steering_cmd,cmd_move_cm,cmd_turn_deg,lidar_cm_0,lidar_cm_1,lidar_cm_2,lidar_cm_3,lidar_cm_4,lidar_cm_5,lidar_cm_6,lidar_cm_7,lidar_cm_8,lidar_cm_9,lidar_cm_10,lidar_cm_11,lidar_cm_12,lidar_cm_13,lidar_cm_14,lidar_cm_15,lidar_cm_16,lidar_class_0,lidar_class_1,lidar_class_2,lidar_class_3,lidar_class_4,lidar_class_5,lidar_class_6,lidar_class_7,lidar_class_8,lidar_class_9,lidar_class_10,lidar_class_11,lidar_class_12,lidar_class_13,lidar_class_14,lidar_class_15,lidar_class_16
0,-6231.173,-6236.150,-407.797,92.189,-0.038156,-0.999270,-0.001796,0.998428,-0.038197,0.041013,-0.041052,-0.000229,0.999157,1,-0.08000,-0.12000,-4.800,-0.240,-1,375.000,-1,375.000,-1,325.000,325.000,300.000,300.000,-1,625.000,650.000,-1,-1,-1,-1,-1,2,0,2,1,2,0,0,0,0,2,0,0,2,2,2,2,2
1,-6230.894,-6245.506,-407.409,91.709,-0.029776,-0.999555,-0.001794,0.998701,-0.029824,0.041312,-0.041347,-0.000562,0.999145,0,-0.15600,-0.24000,-9.360,-0.480,-1,375.000,-1,375.000,-1,325.000,325.000,300.000,300.000,-1,600.000,650.000,-1,-1,-1,-1,-1,2,0,2,0,2,0,0,0,0,2,0,0,2,2,2,2,2
2,-6230.731,-6254.937,-407.017,90.989,-0.017202,-0.999850,-0.001793,0.998985,-0.017262,0.041609,-0.041633,-0.001076,0.999132,0,-0.15720,-0.36000,-9.432,-0.720,-1,375.000,-1,375.000,-1,325.000,325.000,300.000,300.000,-1,600.000,650.000,-1,-1,-1,-1,-1,2,0,2,0,2,0,0,0,0,2,0,0,2,2,2,2,2
3,-6230.704,-6264.440,-406.623,90.160,-0.002728,-0.999995,-0.001784,0.999118,-0.002800,0.041909,-0.041914,-0.001668,0.999120,0,-0.15840,-0.41432,-9.504,-0.829,-1,375.000,-1,375.000,-1,325.000,325.000,300.000,300.000,-1,600.000,650.000,-1,-1,-1,-1,-1,2,0,2,0,2,0,0,0,0,2,0,0,2,2,2,2,2
4,-6230.815,-6274.018,-406.227,89.335,0.011689,-0.999930,-0.001760,0.999041,0.011604,0.042215,-0.042192,-0.002252,0.999107,0,-0.15963,-0.41266,-9.578,-0.825,-1,375.000,-1,375.000,-1,325.000,325.000,300.000,300.000,-1,600.000,650.000,-1,-1,-1,-1,-1,2,0,2,0,2,0,0,0,0,2,0,0,2,2,2,2,2
5,-6231.066,-6283.668,-405.829,88.513,0.026047,-0.999659,-0.001721,0.998758,0.025950,0.042528,-0.042468,-0.002826,0.999094,0,-0.16090,-0.41105,-9.654,-0.822,-1,375.000,-1,375.000,-1,325.000,325.000,300.000,300.000,-1,600.000,625.000,-1,-1,-1,-1,-1,2,0,2,0,2,0,0,0,0,2,0,0,2,2,2,2,2
6,-6231.458,-6293.392,-405.431,87.694,0.040344,-0.999184,-0.001666,0.998271,0.040236,0.042845,-0.042743,-0.003392,0.999080,0,-0.16219,-0.40950,-9.732,-0.819,-1,375.000,-1,375.000,-1,325.000,325.000,300.000,300.000,-1,600.000,625.000,-1,-1,-1,-1,-1,2,0,2,0,2,0,0,0,0,2,0,0,2,2,2,2,2
7,-6231.992,-6303.189,-405.030,86.878,0.054582,-0.998508,-0.001597,0.997582,0.054462,0.043168,-0.043016,-0.003949,0.999067,0,-0.16352,-0.40801,-9.811,-0.816,-1,375.000,-1,375.000,-1,325.000,325.000,300.000,300.000,-1,600.000,625.000,-1,-1,-1,-1,-1,2,0,2,0,2,0,0,0,0,2,0,0,2,2,2,2,2
8,-6232.315,-6308.190,-404.827,86.302,0.064625,-0.997908,-0.001560,0.996977,0.064497,0.043332,-0.043141,-0.004355,0.999060,0,-0.08352,-0.28801,-5.011,-0.576,-1,375.000,-1,375.000,-1,325.000,325.000,300.000,300.000,-1,600.000,625.000,-1,-1,-1,-1,-1,2,0,2,0,2,0,0,0,0,2,0,0,2,2,2,2,2
9,-6232.383,-6309.102,-404.790,85.768,0.073939,-0.997262,-0.001563,0.996330,0.073802,0.043358,-0.043124,-0.004763,0.999058,0,-0.01525,-0.26721,-0.915,-0.534,-1,375.000,-1,375.000,-1,325.000,325.000,300.000,300.000,-1,600.000,625.000,-1,-1,-1,-1,-1,2,0,2,0,2,0,0,0,0,2,0,0,2,2,2,2,2
10,-6232.460,-6310.025,-404.754,85.235,0.083212,-0.996531,-0.001566,0.995599,0.083066,0.043386,-0.043105,-0.005169,0.999057,0,-0.01544,-0.26623,-0.926,-0.532,-1,375.000,-1,375.000,-1,325.000,325.000,300.000,300.000,-1,600.000,625.000,-1,-1,-1,-1,-1,2,0,2,0,2,0,0,0,0,2,0,0,2,2,2,2,2
11,-6232.546,-6310.960,-404.718,84.705,0.092444,-0.995717,-0.001567,0.994785,0.092289,0.043415,-0.043085,-0.005572,0.999056,0,-0.01564,-0.26525,-0.938,-0.530,-1,375.000,-1,375.000,-1,325.000,325.000,300.000,300.000,-1,600.000,625.000,-1,-1,-1,-1,-1,2,0,2,0,2,0,0,0,0,2,0,0,2,2,2,2,2
12,-6232.643,-6311.905,-404.682,84.176,0.101634,-0.994821,-0.001567,0.993889,0.101470,0.043446,-0.043062,-0.005973,0.999055,0,-0.01584,-0.26427,-0.951,-0.529,-1,375.000,-1,375.000,-1,325.000,325.000,300.000,300.000,-1,600.000,625.000,-1,-1,-1,-1,-1,2,0,2,0,2,0,0,0,0,2,0,0,2,2,2,2,2
13,-6232.750,-6312.863,-404.646,83.649,0.110781,-0.993844,-0.001567,0.992913,0.110609,0.043478,-0.043037,-0.006372,0.999053,0,-0.01606,-0.26331,-0.964,-0.527,-1,375.000,-1,375.000,-1,325.000,325.000,300.000,300.000,-1,575.000,625.000,-1,-1,-1,-1,-1,2,0,2,0,2,0,0,0,0,2,0,0,2,2,2,2,2
14,-6232.867,-6313.833,-404.610,83.125,0.119886,-0.992786,-0.001565,0.991856,0.119705,0.043511,-0.043010,-0.006768,0.999052,0,-0.01629,-0.26235,-0.977,-0.525,-1,375.000,-1,375.000,-1,325.000,325.000,300.000,300.000,-1,575.000,625.000,-1,-1,-1,-1,-1,2,0,2,0,2,0,0,0,0,2,0,0,2,2,2,2,2
15,-6232.994,-6314.816,-404.574,82.602,0.128948,-0.991650,-0.001561,0.990720,0.128758,0.043545,-0.042981,-0.007162,0.999050,0,-0.01652,-0.26139,-0.991,-0.523,-1,375.000,-1,375.000,-1,325.000,325.000,300.000,300.000,-1,575.000,625.000,-1,-1,-1,-1,-1,2,0,2,0,2,0,0,0,0,2,0,0,2,2,2,2,2
16,-6233.133,-6315.813,-404.538,82.081,0.137966,-0.990436,-0.001557,0.989505,0.137768,0.043581,-0.042950,-0.007553,0.999049,0,-0.01677,-0.26045,-1.006,-0.521,-1,375.000,-1,375.000,-1,325.000,325.000,300.000,300.000,-1,575.000,600.000,-1,-1,-1,-1,-1,2,0,2,0,2,0,0,0,0,2,0,0,2,2,2,2,2
17,-6232.561,-6312.063,-404.698,81.320,0.151121,-0.988514,-0.001638,0.987592,0.150908,0.043460,-0.042714,-0.008185,0.999054,0,0.06323,-0.38045,3.794,-0.761,-1,400.000,-1,375.000,-1,325.000,325.000,300.000,300.000,-1,575.000,600.000,-1,-1,-1,-1,-1,2,0,2,0,2,0,0,0,0,2,0,0,2,2,2,2,2
18,-6231.116,-6303.591,-405.054,80.319,0.168385,-0.985720,-0.001819,0.984815,0.168151,0.043189,-0.042266,-0.009064,0.999065,0,0.14323,-0.50045,8.594,-1.001,-1,400.000,-1,375.000,-1,325.000,325.000,300.000,300.000,-1,575.000,600.000,-1,-1,-1,-1,-1,2,0,2,0,2,0,0,0,0,2,0,0,2,2,2,2,2
19,-6228.578,-6290.440,-405.605,79.078,0.189718,-0.981836,-0.002122,0.980957,0.189456,0.042776,-0.041597,-0.010197,0.999082,0,0.22323,-0.62045,13.394,-1.241,-1,400.000,-1,375.000,-1,325.000,325.000,300.000,300.000,-1,575.000,600.000,-1,-1,-1,-1,-1,2,0,2,0,2,0,0,0,0,2,0,0,2,2,2,2,2
20,-6224.671,-6272.671,-406.351,77.597,0.215061,-0.976597,-0.002573,0.975752,0.214764,0.042236,-0.040695,-0.011594,0.999104,0,0.30323,-0.74045,18.194,-1.481,-1,400.000,-1,375.000,-1,325.000,325.000,300.000,300.000,-1,575.000,600.000,-1,-1,-1,-1,-1,2,1,2,0,2,0,0,0,0,2,0,0,2,2,2,2,2
21,-6219.105,-6250.361,-407.287,75.991,0.242386,-0.970175,-0.003197,0.969373,0.242049,0.041586,-0.039571,-0.013179,0.999130,0,0.38323,-0.80311,22.994,-1.606,-1,-1,-1,375.000,-1,325.000,325.000,300.000,300.000,-1,575.000,575.000,-1,-1,-1,-1,-1,2,2,2,0,2,0,0,0,0,2,0,0,2,2,2,2,2
22,-6211.628,-6223.591,-408.405,74.394,0.269375,-0.963027,-0.004016,0.962276,0.268995,0.040838,-0.038247,-0.014865,0.999158,0,0.46323,-0.79874,27.794,-1.597,-1,-1,-1,375.000,-1,325.000,325.000,300.000,300.000,-1,550.000,575.000,-1,-1,-1,-1,-1,2,2,2,0,2,0,0,0,0,2,0,0,2,2,2,2,2
23,-6201.994,-6192.454,-409.702,72.806,0.295992,-0.955177,-0.005053,0.954484,0.295565,0.040012,-0.036725,-0.016667,0.999186,0,0.54323,-0.79384,32.594,-1.588,-1,-1,-1,375.000,-1,325.000,300.000,300.000,300.000,-1,550.000,575.000,-1,-1,-1,-1,-1,2,2,2,0,2,0,0,0,0,2,0,0,2,2,2,2,2
24,-6189.962,-6157.049,-411.170,71.230,0.322198,-0.946651,-0.006336,0.946025,0.321722,0.039134,-0.035008,-0.018603,0.999214,0,0.62323,-0.78830,37.394,-1.577,-1,-1,-1,375.000,-1,875.000,300.000,300.000,300.000,-1,550.000,575.000,-1,-1,-1,-1,-1,2,2,2,0,2,1,0,0,0,2,0,0,2,2,2,2,2
25,-6175.300,-6117.484,-412.802,69.666,0.347951,-0.937479,-0.007889,0.936928,0.347425,0.038230,-0.033099,-0.020694,0.999238,0,0.70323,-0.78198,42.194,-1.564,-1,-1,-1,375.000,-1,-1,300.000,300.000,300.000,-1,550.000,575.000,-1,-1,-1,-1,-1,2,2,2,1,2,2,0,0,0,2,0,0,2,2,2,2,2
26,-6157.784,-6073.877,-414.591,68.116,0.373209,-0.927696,-0.009739,0.927229,0.372629,0.037332,-0.031004,-0.022963,0.999255,0,0.78323,-0.77474,46.994,-1.549,-1,-1,-1,700.000,-1,-1,800.000,300.000,300.000,-1,525.000,575.000,-1,-1,-1,-1,-1,2,2,2,1,2,2,1,0,0,2,0,0,2,2,2,2,2
27,-6137.201,-6026.349,-416.426,66.583,0.397916,-0.917351,-0.011405,0.916962,0.397292,0.036613,-0.029056,-0.025027,0.999264,0,0.86323,-0.76642,51.794,-1.533,-1,-1,-1,725.000,-1,-1,-1,300.000,300.000,-1,500.000,550.000,-1,-1,-1,-1,-1,2,2,2,1,2,2,2,0,0,2,0,0,2,2,2,2,2
28,-6113.348,-5975.027,-419.185,65.070,0.422174,-0.906397,-0.014633,0.905985,0.421319,0.041010,-0.031007,-0.030571,0.999052,0,0.94323,-0.75680,56.594,-1.514,-1,-1,-1,725.000,-1,-1,975.000,275.000,325.000,-1,575.000,675.000,-1,-1,-1,-1,-1,2,2,2,1,2,2,1,0,0,2,0,0,2,2,2,2,2
29,-6086.668,-5921.283,-427.607,63.578,0.447111,-0.893966,-0.030263,0.893016,0.444190,0.072229,-0.051127,-0.059320,0.996929,0,1.00000,-0.74566,60.000,-1.491,-1,-1,-1,650.000,-1,950.000,825.000,225.000,325.000,-1,-1,-1,-1,-1,-1,-1,-1,2,2,2,1,2,1,1,0,0,2,2,2,2,2,2,2,2
30,-6058.632,-5868.231,-435.792,62.112,0.472032,-0.880480,-0.044052,0.878764,0.465944,0.103297,-0.070425,-0.087470,0.993675,0,1.00000,-0.73291,60.000,-1.466,-1,1000.000,-1,600.000,1000.000,875.000,700.000,175.000,350.000,-1,-1,-1,-1,-1,950.000,-1,-1,2,1,2,1,1,1,1,0,0,2,2,2,2,2,1,2,2
31,-6029.283,-5815.893,-443.644,60.675,0.496818,-0.866029,-0.056262,0.863269,0.486496,0.134494,-0.089104,-0.115388,0.989316,0,1.00000,-0.71891,60.000,-1.438,-1,900.000,-1,550.000,925.000,800.000,625.000,125.000,400.000,-1,-1,-1,-1,-1,850.000,-1,1000.000,2,1,2,1,1,1,1,0,0,2,2,2,2,2,1,2,1
32,-5998.668,-5764.283,-451.065,59.267,0.521387,-0.850677,-0.067113,0.846540,0.505748,0.166099,-0.107354,-0.143416,0.983823,0,1.00000,-0.70359,60.000,-1.407,-1,825.000,-1,525.000,850.000,725.000,550.000,150.000,425.000,825.000,-1,-1,-1,-1,775.000,-1,900.000,2,1,2,1,1,1,1,1,0,0,2,2,2,2,1,2,1
33,-6231.368,8199.173,-288.868,39.612,0.771043,-0.636735,-0.007839,0.634586,0.769345,-0.073547,0.052861,0.051733,0.997261,1,0.00000,0.00000,60.000,-1.374,-1,375.000,-1,350.000,-1,300.000,300.000,300.000,275.000,-1,475.000,600.000,-1,725.000,650.000,-1,-1,2,0,2,0,2,0,0,0,0,2,0,0,2,0,0,2,2
34,-6227.661,8202.222,-288.598,39.432,0.773037,-0.634309,-0.008130,0.632139,0.771338,-0.073747,0.053049,0.051869,0.997244,0,0.08000,-0.09007,4.800,-0.180,-1,375.000,-1,350.000,-1,300.000,300.000,300.000,275.000,-1,450.000,600.000,-1,725.000,650.000,-1,-1,2,0,2,0,2,0,0,0,0,2,0,0,2,0,0,2,2
35,-6220.227,8208.296,-288.077,39.253,0.775010,-0.631889,-0.008705,0.629674,0.773314,-0.074143,0.053582,0.051980,0.997210,0,0.16000,-0.08961,9.600,-0.179,-1,375.000,-1,375.000,-1,300.000,300.000,300.000,275.000,-1,450.000,600.000,-1,725.000,650.000,-1,-1,2,0,2,0,2,0,0,0,0,2,0,0,2,0,0,2,2
36,-6209.048,8217.374,-287.308,39.076,0.776950,-0.629489,-0.009564,0.627202,0.775263,-0.074734,0.054459,0.052066,0.997158,0,0.24000,-0.08869,14.400,-0.177,-1,375.000,-1,375.000,-1,300.000,300.000,300.000,275.000,-1,400.000,550.000,-1,725.000,650.000,-1,-1,2,0,2,0,2,0,0,0,0,2,0,0,2,0,0,2,2
37,-6194.106,8229.431,-286.294,38.901,0.778847,-0.627122,-0.010705,0.624737,0.777174,-0.075519,0.055680,0.052130,0.997087,0,0.32000,-0.08728,19.200,-0.175,-1,375.000,-1,375.000,-1,325.000,300.000,300.000,275.000,-1,375.000,500.000,-1,725.000,650.000,-1,-1,2,0,2,0,2,0,0,0,0,2,0,0,2,0,0,2,2
38,-6175.383,8244.447,-285.039,38.730,0.780688,-0.624803,-0.012126,0.622293,0.779037,-0.076498,0.057243,0.052175,0.996996,0,0.40000,-0.08534,24.000,-0.171,-1,400.000,-1,375.000,-1,325.000,300.000,300.000,275.000,-1,350.000,475.000,-1,750.000,650.000,-1,-1,2,0,2,0,2,0,0,0,0,2,0,0,2,0,0,2,2
39,-6152.864,8262.401,-283.547,38.565,0.782460,-0.622548,-0.013822,0.619886,0.780839,-0.077671,0.059147,0.052207,0.996883,0,0.48000,-0.08280,28.800,-0.166,-1,400.000,-1,375.000,-1,325.000,300.000,300.000,275.000,-1,325.000,425.000,-1,750.000,650.000,-1,-1,2,0,2,0,2,0,0,0,0,2,0,0,2,0,0,2,2
40,-6126.534,8283.275,-281.699,38.405,0.784135,-0.620389,-0.015784,0.617581,0.782582,-0.078474,0.061037,0.051786,0.996791,0,0.56000,-0.07959,33.600,-0.159,-1,400.000,-1,375.000,-1,325.000,300.000,300.000,275.000,-1,300.000,400.000,-1,750.000,675.000,-1,-1,2,0,2,0,2,0,0,0,0,2,0,0,2,0,0,2,2
41,-6096.378,8307.049,-279.188,38.254,0.785669,-0.618386,-0.017993,0.615533,0.784297,-0.077441,0.062001,0.049768,0.996835,0,0.64000,-0.07560,38.400,-0.151,-1,400.000,-1,375.000,-1,325.000,300.000,300.000,275.000,-1,300.000,400.000,-1,750.000,675.000,-1,-1,2,0,2,0,2,0,0,0,0,2,0,0,2,0,0,2,2
42,-6062.388,8333.712,-276.388,38.113,0.787078,-0.616515,-0.020437,0.613616,0.785908,-0.076314,0.063111,0.047524,0.996874,0,0.72000,-0.07073,43.200,-0.141,-1,400.000,-1,375.000,-1,325.000,300.000,300.000,275.000,-1,325.000,425.000,-1,750.000,675.000,-1,-1,2,0,2,0,2,0,0,0,0,2,0,0,2,0,0,2,2
43,-6024.553,8363.251,-273.310,37.983,0.788341,-0.614804,-0.023104,0.611861,0.787391,-0.075113,0.064372,0.045079,0.996907,0,0.80000,-0.06484,48.000,-0.130,-1,400.000,-1,375.000,-1,325.000,325.000,300.000,275.000,-1,350.000,450.000,-1,750.000,700.000,-1,-1,2,0,2,0,2,0,0,0,0,2,0,0,2,0,0,2,2
44,-5983.052,8395.519,-269.977,37.868,0.789435,-0.613284,-0.025966,0.610299,0.788720,-0.073869,0.065782,0.042468,0.996930,0,0.87615,-0.05780,52.569,-0.116,-1,400.000,-1,375.000,-1,325.000,325.000,300.000,275.000,-1,350.000,475.000,-1,750.000,700.000,-1,-1,2,0,2,0,2,0,0,0,0,2,0,0,2,0,0,2,2
45,-5941.645,8427.599,-266.555,37.769,0.790313,-0.611997,-0.029406,0.608959,0.789877,-0.072553,0.067630,0.039433,0.996931,0,0.87301,-0.04950,52.380,-0.099,-1,400.000,-1,375.000,-1,325.000,325.000,325.000,300.000,-1,375.000,475.000,-1,750.000,725.000,-1,-1,2,0,2,0,2,0,0,0,0,2,0,0,2,0,0,2,2
46,-5900.310,8459.529,-263.182,37.687,0.790997,-0.610943,-0.032753,0.607861,0.790831,-0.071354,0.069496,0.036531,0.996913,0,0.87052,-0.04064,52.231,-0.081,-1,400.000,-1,375.000,-1,325.000,325.000,300.000,300.000,-1,375.000,500.000,-1,750.000,725.000,-1,-1,2,0,2,0,2,0,0,0,0,2,0,0,2,0,0,2,2
47,-5862.612,8488.315,-260.161,37.366,0.794245,-0.606546,-0.035734,0.603425,0.794306,-0.070400,0.071085,0.034352,0.996879,0,0.79052,-0.16064,47.431,-0.321,-1,400.000,-1,375.000,-1,325.000,325.000,300.000,300.000,-1,375.000,500.000,-1,775.000,750.000,-1,-1,2,0,2,0,2,0,0,0,0,2,0,0,2,0,0,2,2
48,-5828.575,8513.986,-257.480,37.026,0.797683,-0.601856,-0.038359,0.598703,0.797941,-0.069605,0.072500,0.032558,0.996837,0,0.71052,-0.17008,42.631,-0.340,-1,400.000,-1,400.000,-1,325.000,325.000,300.000,300.000,-1,375.000,500.000,-1,775.000,775.000,-1,-1,2,0,2,0,2,0,0,0,0,2,0,0,2,0,0,2,2
49,-5798.189,8536.637,-254.911,36.702,0.801000,-0.597354,-0.039583,0.594188,0.801342,-0.069224,0.073071,0.031929,0.996816,0,0.63167,-0.16172,37.900,-0.323,-1,400.000,-1,400.000,-1,325.000,325.000,300.000,300.000,-1,400.000,525.000,-1,775.000,775.000,-1,-1,2,0,2,0,2,0,0,0,0,2,0,0,2,0,0,2,2
50,-5767.656,8559.143,-252.153,36.394,0.804200,-0.593030,-0.039718,0.589861,0.804536,-0.069180,0.072981,0.032206,0.996813,0,0.63219,-0.15407,37.931,-0.308,-1,400.000,-1,400.000,-1,325.000,325.000,300.000,300.000,-1,425.000,550.000,-1,775.000,800.000,-1,-1,2,0,2,0,2,0,0,0,0,2,0,0,2,0,0,2,2
51,-5736.971,8581.520,-249.423,36.102,0.807215,-0.588911,-0.039846,0.585735,0.807544,-0.069195,0.072927,0.032516,0.996807,0,0.63295,-0.14620,37.977,-0.292,-1,400.000,-1,400.000,-1,325.000,325.000,300.000,300.000,-1,475.000,575.000,-1,775.000,800.000,-1,-1,2,0,2,0,2,0,0,0,0,2,0,0,2,0,0,2,2
52,-5706.131,8603.784,-246.653,35.826,0.810042,-0.585009,-0.039951,0.581845,0.810371,-0.068964,0.072719,0.032618,0.996819,0,0.63395,-0.13812,38.037,-0.276,-1,400.000,-1,400.000,-1,325.000,325.000,300.000,300.000,-1,500.000,625.000,-1,775.000,800.000,-1,-1,2,0,2,0,2,0,0,0,0,2,0,0,2,0,0,2,2
53,-5675.128,8625.952,-243.873,35.566,0.812683,-0.581328,-0.040043,0.578176,0.813011,-0.068746,0.072520,0.032717,0.996830,0,0.63521,-0.12983,38.112,-0.260,-1,400.000,-1,400.000,-1,325.000,325.000,300.000,300.000,-1,525.000,650.000,-1,775.000,825.000,-1,-1,2,0,2,0,2,0,0,0,0,2,0,0,2,0,0,2,2
54,-5643.959,8648.040,-241.074,35.323,0.815137,-0.577876,-0.040133,0.574720,0.815459,-0.068728,0.072443,0.032957,0.996828,0,0.63670,-0.12132,38.202,-0.243,-1,400.000,-1,400.000,-1,325.000,325.000,300.000,300.000,-1,575.000,675.000,-1,775.000,825.000,-1,-1,2,0,2,0,2,0,0,0,0,2,0,0,2,0,0,2,2
55,-5612.617,8670.066,-238.292,35.098,0.817403,-0.574662,-0.040210,0.571504,0.817718,-0.068711,0.072366,0.033185,0.996826,0,0.63845,-0.11259,38.307,-0.225,-1,400.000,-1,400.000,-1,325.000,325.000,300.000,300.000,-1,600.000,725.000,-1,775.000,825.000,-1,-1,2,0,2,0,2,0,0,0,0,2,0,0,2,0,0,2,2
56,-5581.098,8692.047,-235.526,34.891,0.819477,-0.571695,-0.040273,0.568535,0.819786,-0.068697,0.072289,0.033399,0.996824,0,0.64045,-0.10365,38.427,-0.207,-1,400.000,-1,400.000,-1,325.000,325.000,300.000,300.000,-1,650.000,750.000,-1,775.000,850.000,-1,-1,2,0,2,0,2,0,0,0,0,2,0,0,2,0,0,2,2
57,-5549.394,8714.001,-232.774,34.702,0.821359,-0.568985,-0.040322,0.565822,0.821661,-0.068685,0.072212,0.033600,0.996823,0,0.64271,-0.09449,38.563,-0.189,-1,400.000,-1,400.000,-1,325.000,325.000,300.000,300.000,-1,675.000,775.000,-1,800.000,850.000,-1,-1,2,0,2,0,2,0,0,0,0,2,0,0,2,0,0,2,2
58,-5517.501,8735.947,-230.035,34.532,0.823047,-0.566538,-0.040356,0.563374,0.823343,-0.068677,0.072135,0.033789,0.996822,0,0.64523,-0.08510,38.714,-0.170,-1,400.000,-1,400.000,-1,325.000,325.000,300.000,300.000,-1,700.000,825.000,-1,800.000,875.000,-1,-1,2,0,2,0,2,0,0,0,0,2,0,0,2,0,0,2,2
59,-5485.413,8757.902,-227.309,34.381,0.824539,-0.564363,-0.040375,0.561198,0.824828,-0.068673,0.072059,0.033966,0.996822,0,0.64800,-0.07548,38.880,-0.151,-1,400.000,-1,400.000,-1,325.000,325.000,300.000,300.000,-1,750.000,850.000,-1,825.000,875.000,-1,-1,2,0,2,0,2,0,0,0,0,2,0,0,2,0,0,2,2
60,-5453.124,8779.887,-224.592,34.249,0.825832,-0.562469,-0.040376,0.559303,0.826114,-0.068675,0.071982,0.034131,0.996822,0,0.65105,-0.06563,39.063,-0.131,-1,400.000,-1,400.000,-1,325.000,325.000,300.000,300.000,-1,775.000,875.000,-1,825.000,875.000,-1,-1,2,0,2,0,2,0,0,0,0,2,0,0,2,0,0,2,2
61,-5420.628,8801.920,-221.788,34.138,0.826921,-0.560870,-0.040325,0.557737,0.827208,-0.068231,0.071626,0.033931,0.996854,0,0.65436,-0.05555,39.262,-0.111,-1,400.000,-1,400.000,-1,325.000,325.000,300.000,300.000,-1,825.000,925.000,-1,850.000,900.000,-1,-1,2,0,2,0,2,0,0,0,0,2,0,0,2,0,0,2,2
62,-5387.918,8824.022,-218.976,34.048,0.827808,-0.559568,-0.040229,0.556473,0.828100,-0.067742,0.071220,0.033691,0.996891,0,0.65796,-0.04523,39.477,-0.090,-1,400.000,-1,425.000,-1,325.000,325.000,300.000,300.000,-1,875.000,975.000,-1,850.000,900.000,-1,-1,2,0,2,0,2,0,0,0,0,2,0,0,2,0,0,2,2
63,-5354.989,8846.215,-216.169,33.979,0.828489,-0.558569,-0.040083,0.555512,0.828782,-0.067285,0.070803,0.033478,0.996928,0,0.66183,-0.03466,39.710,-0.069,-1,400.000,-1,425.000,-1,325.000,325.000,300.000,300.000,-1,925.000,-1,-1,850.000,925.000,-1,-1,2,0,2,0,2,0,0,0,0,2,0,2,2,0,0,2,2
64,-5321.834,8868.520,-213.394,33.931,0.828967,-0.557881,-0.039768,0.554861,0.829249,-0.066898,0.070299,0.033390,0.996967,0,0.66599,-0.02384,39.960,-0.048,-1,400.000,-1,425.000,-1,325.000,325.000,300.000,300.000,-1,975.000,-1,-1,875.000,925.000,-1,-1,2,0,2,0,2,0,0,0,0,2,0,2,2,0,0,2,2
65,-5286.959,8892.078,-210.660,34.038,0.827982,-0.559423,-0.038626,0.556452,0.828193,-0.066759,0.069336,0.033781,0.997021,0,0.70143,0.05357,42.086,0.107,-1,400.000,-1,425.000,-1,325.000,325.000,300.000,300.000,-1,-1,-1,-1,875.000,925.000,-1,-1,2,0,2,0,2,0,0,0,0,2,2,2,2,0,0,2,2
66,-5251.970,8915.827,-207.911,34.166,0.826780,-0.561272,-0.037537,0.558348,0.826928,-0.066622,0.068433,0.034123,0.997072,0,0.70479,0.06422,42.288,0.128,-1,400.000,-1,425.000,-1,325.000,325.000,300.000,300.000,-1,-1,-1,-1,875.000,925.000,-1,-1,2,0,2,0,2,0,0,0,0,2,2,2,2,0,0,2,2
67,-5216.872,8939.784,-205.174,34.317,0.825363,-0.563429,-0.036382,0.560551,0.825443,-0.066522,0.067512,0.034511,0.997121,0,0.70825,0.07505,42.495,0.150,-1,400.000,-1,425.000,-1,325.000,325.000,300.000,300.000,-1,-1,-1,-1,875.000,950.000,-1,-1,2,0,2,0,2,0,0,0,0,2,2,2,2,0,0,2,2
68,-5181.087,8964.346,-202.403,34.465,0.823960,-0.565558,-0.035140,0.562727,0.823966,-0.066463,0.066543,0.034989,0.997170,0,0.72340,0.07427,43.404,0.149,-1,400.000,-1,425.000,-1,325.000,350.000,300.000,300.000,-1,-1,-1,-1,875.000,950.000,-1,-1,2,0,2,0,2,0,0,0,0,2,2,2,2,0,0,2,2
69,-5145.094,8989.211,-199.615,34.637,0.822324,-0.568019,-0.033723,0.565238,0.822245,-0.066473,0.065486,0.035601,0.997218,0,0.72910,0.08610,43.746,0.172,-1,425.000,-1,425.000,-1,325.000,350.000,300.000,300.000,-1,-1,-1,-1,875.000,950.000,-1,-1,2,0,2,0,2,0,0,0,0,2,2,2,2,0,0,2,2
70,-5108.901,9014.398,-196.801,34.834,0.820449,-0.570819,-0.032079,0.568091,0.820269,-0.066565,0.064310,0.036390,0.997266,0,0.73492,0.09823,44.095,0.196,-1,425.000,-1,425.000,-1,350.000,350.000,300.000,300.000,-1,-1,-1,-1,875.000,950.000,-1,-1,2,0,2,0,2,0,0,0,0,2,2,2,2,0,0,2,2
71,-5072.513,9039.929,-193.995,35.055,0.818316,-0.573966,-0.030375,0.571292,0.818033,-0.066687,0.063124,0.037218,0.997311,0,0.74085,0.11066,44.451,0.221,-1,425.000,-1,425.000,-1,350.000,350.000,300.000,300.000,-1,-1,-1,-1,875.000,950.000,-1,-1,2,0,2,0,2,0,0,0,0,2,2,2,2,0,0,2,2
72,-5036.005,9065.776,-191.202,35.296,0.815970,-0.577386,-0.028613,0.574768,0.815582,-0.066837,0.061927,0.038091,0.997354,0,0.74553,0.12062,44.732,0.241,-1,425.000,-1,425.000,-1,350.000,350.000,300.000,300.000,-1,-1,-1,-1,900.000,950.000,-1,-1,2,0,2,0,2,0,0,0,0,2,2,2,2,0,0,2,2
73,-4999.524,9091.841,-188.686,35.546,0.813510,-0.580936,-0.026730,0.578457,0.813063,-0.065702,0.059902,0.037987,0.997481,0,0.74726,0.12480,44.836,0.250,-1,425.000,-1,425.000,-1,350.000,350.000,300.000,300.000,-1,-1,-1,-1,875.000,950.000,-1,-1,2,0,2,0,2,0,0,0,0,2,2,2,2,0,0,2,2
74,-4963.085,9118.125,-186.272,35.804,0.810942,-0.584601,-0.024787,0.582282,0.810448,-0.064194,0.057616,0.037624,0.997630,0,0.74884,0.12906,44.930,0.258,-1,425.000,-1,425.000,-1,350.000,350.000,300.000,300.000,-1,-1,-1,-1,875.000,950.000,-1,-1,2,0,2,0,2,0,0,0,0,2,2,2,2,1,0,2,2
75,-4926.700,9144.629,-183.885,36.071,0.808266,-0.588376,-0.022804,0.586214,0.807726,-0.062705,0.055314,0.037315,0.997772,0,0.75025,0.13342,45.015,0.267,-1,425.000,975.000,425.000,-1,350.000,350.000,300.000,300.000,-1,-1,-1,-1,825.000,900.000,-1,-1,2,0,1,0,2,0,0,0,0,2,2,2,2,1,1,2,2
76,-4888.914,9172.305,-181.442,36.221,0.806773,-0.590499,-0.020705,0.588496,0.806181,-0.061197,0.052829,0.037187,0.997911,0,0.78063,0.07529,46.838,0.151,-1,400.000,925.000,425.000,-1,325.000,350.000,300.000,300.000,-1,-1,-1,-1,775.000,850.000,-1,-1,2,0,1,0,2,0,0,0,0,2,2,2,2,1,1,2,2
77,-4850.905,9200.300,-179.015,36.372,0.805270,-0.592618,-0.018548,0.590769,0.804627,-0.059728,0.050320,0.037140,0.998042,0,0.78678,0.07533,47.207,0.151,-1,400.000,875.000,425.000,-1,325.000,350.000,300.000,300.000,-1,-1,-1,-1,750.000,800.000,-1,-1,2,0,1,0,2,0,0,0,0,2,2,2,2,1,1,2,2
78,-4809.241,9231.425,-176.366,36.763,0.801264,-0.598093,-0.016126,0.596405,0.800572,-0.058188,0.047712,0.037006,0.998175,0,0.86678,0.19533,52.007,0.391,-1,400.000,825.000,425.000,-1,325.000,350.000,300.000,300.000,-1,-1,-1,-1,700.000,725.000,-1,-1,2,0,1,0,2,0,1,0,0,2,2,2,2,1,1,2,2
79,-4764.020,9265.806,-173.781,37.245,0.796277,-0.604782,-0.013458,0.603204,0.795487,-0.057839,0.045686,0.037938,0.998235,0,0.94678,0.24087,56.807,0.482,-1,400.000,750.000,425.000,975.000,325.000,325.000,300.000,300.000,-1,-1,-1,-1,650.000,650.000,-1,950.000,2,0,1,1,1,0,1,0,0,2,2,2,2,1,1,2,1
80,-4717.880,9301.499,-171.139,37.725,0.791244,-0.611409,-0.010637,0.609952,0.790357,-0.057392,0.043497,0.038924,0.998295,0,0.97225,0.24024,58.335,0.480,-1,400.000,675.000,400.000,900.000,325.000,325.000,300.000,300.000,-1,-1,-1,-1,600.000,600.000,-1,875.000,2,0,1,1,1,0,1,0,0,2,2,2,2,1,1,2,1
81,-4671.679,9337.862,-168.525,38.204,0.786167,-0.617966,-0.007711,0.616633,0.785183,-0.057026,0.041294,0.040077,0.998343,0,0.97992,0.23947,58.795,0.479,-1,400.000,625.000,375.000,850.000,325.000,300.000,300.000,300.000,-1,-1,-1,-1,550.000,525.000,-1,800.000,2,0,1,1,1,1,1,0,0,2,2,2,2,1,1,2,1
82,-4625.421,9374.898,-166.006,38.681,0.781059,-0.624442,-0.004381,0.623245,0.779960,-0.056808,0.038890,0.041640,0.998376,0,0.98764,0.23854,59.258,0.477,-1,375.000,550.000,325.000,800.000,300.000,275.000,300.000,300.000,-1,-1,-1,-1,500.000,475.000,-1,675.000,2,1,1,1,1,1,1,0,0,2,2,2,2,1,1,2,1
83,-4579.109,9412.610,-163.528,39.156,0.775915,-0.630837,-0.000899,0.629784,0.774700,-0.056676,0.036450,0.043410,0.998392,0,0.99541,0.23742,59.724,0.475,-1,325.000,500.000,300.000,750.000,275.000,250.000,300.000,300.000,-1,-1,-1,-1,425.000,400.000,-1,575.000,2,1,1,1,1,1,1,0,0,2,2,2,2,1,1,2,1
84,-4532.898,9450.879,-161.098,39.628,0.770739,-0.637145,0.002719,0.636243,0.769407,-0.056629,0.033989,0.045377,0.998392,0,1.00000,0.23611,60.000,0.472,-1,300.000,425.000,275.000,675.000,250.000,225.000,300.000,300.000,-1,-1,-1,-1,375.000,350.000,-1,475.000,2,1,1,1,1,1,1,0,0,2,2,2,2,1,1,2,1
85,-4487.002,9489.524,-158.835,40.097,0.765528,-0.643378,0.005704,0.642606,0.764109,-0.056516,0.032003,0.046930,0.998385,0,1.00000,0.23459,60.000,0.469,-1,250.000,375.000,225.000,575.000,225.000,200.000,300.000,300.000,-1,-1,-1,-1,325.000,300.000,-1,375.000,2,1,1,1,1,1,1,0,0,2,2,2,2,1,1,2,1
86,-4441.416,9528.538,-154.004,40.563,0.760035,-0.649849,-0.006507,0.648665,0.759186,-0.053578,0.039758,0.036500,0.998542,0,1.00000,0.23282,60.000,0.466,-1,225.000,325.000,200.000,525.000,200.000,175.000,300.000,325.000,-1,-1,-1,-1,300.000,275.000,-1,325.000,2,1,1,1,1,1,1,0,0,2,2,2,2,1,1,2,1
87,-4396.146,9567.917,-148.104,41.025,0.754186,-0.656223,-0.023993,0.654685,0.754246,-0.050001,0.050908,0.022002,0.998461,0,1.00000,0.23080,60.000,0.462,-1,200.000,275.000,175.000,450.000,175.000,150.000,275.000,350.000,-1,-1,-1,-1,250.000,225.000,-1,275.000,2,1,1,1,1,1,1,0,0,2,2,2,2,1,1,2,1
88,-4351.190,9607.657,-141.123,41.481,0.747716,-0.662374,-0.046718,0.660790,0.749166,-0.045910,0.065409,0.003457,0.997853,0,1.00000,0.22847,60.000,0.457,-1,175.000,250.000,175.000,400.000,150.000,150.000,275.000,400.000,-1,350.000,-1,-1,225.000,200.000,-1,250.000,2,1,1,1,1,1,1,0,0,2,0,2,2,1,1,2,1
89,9511.006,6231.360,202.107,70.958,0.325981,-0.944358,-0.043871,0.945354,0.325944,0.008183,0.006571,-0.044141,0.999004,1,0.00000,0.00000,60.000,0.452,-1,425.000,-1,425.000,-1,350.000,350.000,300.000,275.000,-1,-1,-1,-1,-1,-1,-1,-1,2,0,2,0,2,0,0,0,0,2,2,2,2,2,2,2,2
90,9512.591,6235.891,202.151,70.718,0.329949,-0.942987,-0.043691,0.943978,0.329898,0.008587,0.006316,-0.044076,0.999008,0,0.08000,-0.12000,4.800,-0.240,-1,425.000,-1,425.000,-1,350.000,350.000,300.000,275.000,-1,-1,-1,-1,-1,-1,-1,-1,2,0,2,0,2,0,0,0,0,2,2,2,2,2,2,2,2
91,9515.837,6244.925,202.240,70.238,0.337869,-0.940196,-0.043320,0.941175,0.337788,0.009389,0.005806,-0.043944,0.999017,0,0.16000,-0.24000,9.600,-0.480,-1,450.000,-1,425.000,-1,350.000,350.000,300.000,275.000,-1,-1,-1,-1,-1,-1,-1,-1,2,0,2,0,2,0,0,0,0,2,2,2,2,2,2,2,2
92,9520.876,6258.415,202.383,69.518,0.349703,-0.935885,-0.042743,0.936847,0.349579,0.010582,0.005038,-0.043744,0.999030,0,0.24000,-0.36000,14.400,-0.720,-1,450.000,-1,425.000,-1,350.000,350.000,300.000,275.000,-1,-1,-1,-1,-1,-1,-1,-1,2,0,2,0,2,0,0,0,0,2,2,2,2,2,2,2,2
93,9527.895,6276.286,202.587,68.558,0.365395,-0.929908,-0.041931,0.930844,0.365214,0.012154,0.004012,-0.043472,0.999047,0,0.32000,-0.48000,19.200,-0.960,-1,450.000,-1,425.000,-1,350.000,350.000,300.000,275.000,-1,-1,-1,-1,-1,-1,-1,-1,2,0,2,0,2,0,0,0,0,2,2,2,2,2,2,2,2
94,9537.134,6298.437,202.862,67.358,0.384863,-0.922069,-0.040852,0.922970,0.384615,0.014085,0.002725,-0.043125,0.999066,0,0.40000,-0.60000,24.000,-1.200,-1,450.000,-1,425.000,-1,350.000,350.000,300.000,275.000,-1,-1,-1,-1,-1,-1,-1,-1,2,0,2,0,2,0,0,0,0,2,2,2,2,2,2,2,2
95,9548.886,6324.730,203.223,65.918,0.407998,-0.912129,-0.039462,0.912982,0.407672,0.016349,0.001175,-0.042698,0.999087,0,0.48000,-0.72000,28.800,-1.440,-1,450.000,-1,425.000,-1,350.000,325.000,300.000,275.000,-1,-1,-1,-1,-1,1000.000,-1,-1,2,0,2,0,2,0,0,0,0,2,2,2,2,2,0,2,2
96,9563.490,6354.991,203.684,64.238,0.434659,-0.899805,-0.037715,0.900595,0.434248,0.018912,-0.000639,-0.042186,0.999110,0,0.56000,-0.84000,33.600,-1.680,-1,450.000,-1,400.000,-1,350.000,325.000,300.000,275.000,-1,-1,-1,-1,-1,975.000,-1,-1,2,0,2,0,2,0,0,0,0,2,2,2,2,2,0,2,2
97,9581.250,6389.037,204.249,62.451,0.462606,-0.885850,-0.035584,0.886560,0.462103,0.021744,-0.002819,-0.041606,0.999130,0,0.64000,-0.89335,38.400,-1.787,-1,450.000,-1,400.000,-1,350.000,325.000,300.000,275.000,-1,-1,-1,-1,-1,950.000,-1,-1,2,0,2,0,2,0,0,0,0,2,2,2,2,2,0,2,2
98,9602.403,6426.705,204.267,60.682,0.489785,-0.871086,-0.036344,0.871837,0.489192,0.024325,-0.003410,-0.043600,0.999043,0,0.72000,-0.88467,43.200,-1.769,-1,450.000,-1,400.000,-1,350.000,325.000,300.000,275.000,-1,-1,-1,-1,-1,950.000,-1,-1,2,0,2,0,2,0,0,0,0,2,2,2,2,2,0,2,2
99,9627.173,6467.820,204.312,58.932,0.516226,-0.855649,-0.037086,0.856442,0.515519,0.027336,-0.004272,-0.045873,0.998938,0,0.80000,-0.87520,48.000,-1.750,-1,450.000,-1,425.000,-1,350.000,325.000,300.000,275.000,-1,-1,-1,-1,-1,950.000,-1,-1,2,0,2,0,2,0,0,0,0,2,2,2,2,2,0,2,2
100,9655.302,6511.476,204.002,57.202,0.541956,-0.839531,-0.038360,0.840380,0.541009,0.032711,-0.006709,-0.049965,0.998728,0,0.86554,-0.86499,51.932,-1.730,-1,450.000,-1,400.000,-1,350.000,325.000,300.000,275.000,-1,-1,-1,-1,-1,925.000,-1,-1,2,0,2,0,2,0,0,0,0,2,2,2,2,2,0,2,2
101,9684.504,6553.955,203.729,55.491,0.566926,-0.822829,-0.039337,0.823718,0.565714,0.038174,-0.009157,-0.054044,0.998497,0,0.85913,-0.85547,51.548,-1.711,-1,450.000,-1,400.000,-1,350.000,325.000,300.000,300.000,-1,-1,-1,-1,1000.000,900.000,-1,-1,2,0,2,0,2,0,0,1,0,2,2,2,2,0,0,2,2
102,9714.706,6595.203,203.509,53.784,0.591327,-0.805439,-0.039995,0.806349,0.589829,0.043618,-0.011541,-0.058043,0.998247,0,0.85204,-0.85309,51.123,-1.706,-1,425.000,-1,400.000,-1,350.000,325.000,325.000,300.000,-1,-1,-1,-1,975.000,900.000,-1,-1,2,0,2,0,2,0,0,1,0,2,2,2,2,0,0,2,2
103,9745.838,6635.173,203.326,52.082,0.615152,-0.787376,-0.040330,0.788288,0.613356,0.048962,-0.013815,-0.061911,0.997986,0,0.84438,-0.85127,50.663,-1.703,-1,425.000,-1,400.000,-1,350.000,325.000,350.000,300.000,-1,-1,-1,-1,950.000,875.000,-1,-1,2,0,2,0,2,0,0,1,0,2,2,2,2,0,0,2,2
104,9777.834,6673.828,202.583,50.382,0.638300,-0.768758,-0.039791,0.769656,0.636383,0.051443,-0.014225,-0.063462,0.997883,0,0.83630,-0.85002,50.178,-1.700,-1,425.000,-1,400.000,-1,350.000,325.000,350.000,300.000,-1,-1,-1,-1,925.000,875.000,-1,-1,2,0,2,0,2,0,0,1,0,2,2,2,2,0,0,2,2
105,9807.651,6708.036,201.952,48.922,0.657735,-0.752227,-0.039229,0.753107,0.655706,0.053664,-0.014645,-0.064841,0.997788,0,0.75630,-0.73002,45.378,-1.460,-1,425.000,-1,400.000,-1,350.000,325.000,350.000,300.000,-1,-1,-1,-1,925.000,875.000,-1,-1,2,0,2,0,2,0,0,1,0,2,2,2,2,0,0,2,2
106,9834.960,6738.051,201.417,47.702,0.673652,-0.738036,-0.038679,0.738895,0.671520,0.055630,-0.015083,-0.066055,0.997702,0,0.67630,-0.61002,40.578,-1.220,-1,425.000,-1,400.000,-1,350.000,325.000,350.000,300.000,-1,-1,-1,-1,925.000,850.000,-1,-1,2,0,2,0,2,0,0,1,0,2,2,2,2,0,0,2,2
107,9859.552,6764.038,200.969,46.579,0.688025,-0.724684,-0.038133,0.725523,0.685804,0.057349,-0.015408,-0.067124,0.997626,0,0.59630,-0.56139,35.778,-1.123,-1,425.000,-1,400.000,-1,350.000,325.000,325.000,300.000,-1,-1,-1,-1,900.000,850.000,-1,-1,2,0,2,0,2,0,0,1,0,2,2,2,2,0,0,2,2
108,9881.282,6786.117,200.605,45.455,0.702137,-0.711050,-0.037581,0.711873,0.699841,0.058824,-0.015526,-0.068055,0.997561,0,0.51630,-0.56188,30.978,-1.124,-1,425.000,-1,400.000,-1,350.000,325.000,300.000,300.000,-1,-1,-1,-1,900.000,850.000,-1,-1,2,0,2,0,2,0,0,0,0,2,2,2,2,0,0,2,2
109,9900.008,6804.412,200.319,44.330,0.715984,-0.697134,-0.037032,0.697946,0.713628,0.060054,-0.015438,-0.068844,0.997508,0,0.43630,-0.56253,26.178,-1.125,-1,425.000,-1,400.000,-1,350.000,325.000,300.000,300.000,-1,-1,-1,-1,900.000,850.000,-1,-1,2,0,2,0,2,0,0,0,0,2,2,2,2,0,0,2,2
110,9915.591,6819.048,200.107,43.204,0.729564,-0.682939,-0.036495,0.683745,0.727163,0.061040,-0.015149,-0.069486,0.997468,0,0.35630,-0.56325,21.378,-1.126,-1,425.000,-1,400.000,-1,350.000,325.000,300.000,300.000,-1,-1,-1,-1,900.000,825.000,-1,-1,2,0,2,0,2,0,0,0,0,2,2,2,2,0,0,2,2
111,9927.896,6830.158,199.962,42.076,0.742869,-0.668469,-0.035979,0.669276,0.740441,0.061784,-0.014660,-0.069978,0.997441,0,0.27630,-0.56397,16.578,-1.128,-1,425.000,-1,400.000,-1,350.000,325.000,300.000,300.000,-1,-1,-1,-1,900.000,825.000,-1,-1,2,0,2,0,2,0,0,0,0,2,2,2,2,0,0,2,2
112,9936.793,6837.877,199.872,40.946,0.755893,-0.653731,-0.035513,0.654546,0.753452,0.062291,-0.013964,-0.070330,0.997426,0,0.19630,-0.56461,11.778,-1.129,-1,425.000,-1,400.000,-1,350.000,325.000,300.000,300.000,-1,-1,-1,-1,900.000,825.000,-1,-1,2,0,2,0,2,0,0,0,0,2,2,2,2,0,0,2,2
113,9942.153,6842.346,199.832,39.816,0.768628,-0.638733,-0.035080,0.639562,0.766190,0.062561,-0.013082,-0.070523,0.997424,0,0.11630,-0.56513,6.978,-1.130,-1,425.000,-1,400.000,-1,350.000,325.000,300.000,300.000,-1,-1,-1,-1,900.000,800.000,-1,-1,2,0,2,0,2,0,0,0,0,2,2,2,2,0,0,2,2
114,9943.854,6843.707,199.833,38.685,0.781066,-0.623485,-0.034686,0.624333,0.778646,0.062598,-0.012021,-0.070549,0.997436,0,0.03630,-0.56546,2.178,-1.131,-1,425.000,-1,400.000,-1,325.000,325.000,300.000,300.000,-1,-1,-1,-1,900.000,800.000,-1,-1,2,0,2,0,2,0,0,0,0,2,2,2,2,0,0,2,2
115,9941.776,6842.110,199.864,37.554,0.793195,-0.607998,-0.034338,0.608872,0.790810,0.062406,-0.010788,-0.070408,0.997460,0,-0.04370,-0.56557,-2.622,-1.131,-1,425.000,-1,400.000,-1,325.000,325.000,300.000,300.000,-1,-1,-1,-1,900.000,800.000,-1,-1,2,0,2,0,2,0,0,0,0,2,2,2,2,0,0,2,2
116,9935.805,6837.703,199.911,36.423,0.805009,-0.592285,-0.034045,0.593189,0.802673,0.061991,-0.009390,-0.070098,0.997496,0,-0.12370,-0.56543,-7.422,-1.131,-1,425.000,-1,400.000,-1,325.000,325.000,300.000,300.000,-1,-1,-1,-1,900.000,800.000,-1,-1,2,0,2,0,2,0,0,0,0,2,2,2,2,0,0,2,2
117,9925.831,6830.641,199.961,35.293,0.816496,-0.576360,-0.033818,0.577298,0.814225,0.061362,-0.007831,-0.069625,0.997543,0,-0.20370,-0.56501,-12.222,-1.130,-1,425.000,-1,400.000,-1,325.000,325.000,325.000,300.000,-1,-1,-1,-1,900.000,775.000,-1,-1,2,0,2,0,2,0,0,0,0,2,2,2,2,0,0,2,2
118,9914.539,6822.977,199.992,34.165,0.827653,-0.560231,-0.033645,0.561206,0.825449,0.060673,-0.006219,-0.069098,0.997591,0,-0.22746,-0.56429,-13.648,-1.129,-1,425.000,-1,400.000,-1,325.000,325.000,325.000,300.000,-1,-1,-1,-1,900.000,775.000,-1,-1,2,0,2,0,2,0,0,0,0,2,2,2,2,0,0,2,2
119,9903.031,6815.492,200.005,33.038,0.838475,-0.543909,-0.033489,0.544920,0.836340,0.059978,-0.004614,-0.068539,0.997638,0,-0.22881,-0.56347,-13.728,-1.127,-1,425.000,-1,400.000,-1,325.000,325.000,325.000,300.000,-1,-1,-1,-1,900.000,775.000,-1,-1,2,0,2,0,2,0,0,0,0,2,2,2,2,0,0,2,2
120,9891.310,6808.191,200.000,31.913,0.848961,-0.527402,-0.033353,0.528447,0.846894,0.059277,-0.003016,-0.067949,0.997684,0,-0.23016,-0.56262,-13.810,-1.125,-1,425.000,-1,400.000,-1,325.000,325.000,325.000,300.000,-1,-1,-1,-1,900.000,775.000,-1,-1,2,0,2,0,2,0,0,0,0,2,2,2,2,0,0,2,2
121,9879.378,6801.081,199.978,30.789,0.859107,-0.510717,-0.033235,0.511795,0.857109,0.058572,-0.001428,-0.067329,0.997730,0,-0.23152,-0.56175,-13.891,-1.123,-1,425.000,-1,375.000,-1,325.000,325.000,325.000,300.000,-1,-1,-1,-1,900.000,750.000,-1,-1,2,0,2,0,2,0,0,0,0,2,2,2,2,0,0,2,2
122,9867.237,6794.164,199.936,29.667,0.868909,-0.493861,-0.033134,0.494972,0.866980,0.057864,0.000150,-0.066679,0.997774,0,-0.23288,-0.56085,-13.973,-1.122,-1,425.000,-1,375.000,-1,325.000,325.000,325.000,300.000,-1,-1,-1,-1,900.000,750.000,-1,-1,2,0,2,0,2,0,0,0,0,2,2,2,2,0,0,2,2
123,9854.892,6787.447,199.877,28.547,0.878366,-0.476844,-0.033052,0.477985,0.876506,0.057154,0.001716,-0.066001,0.997818,0,-0.23425,-0.55993,-14.055,-1.120,-1,425.000,-1,375.000,-1,325.000,325.000,325.000,300.000,-1,-1,-1,-1,900.000,750.000,-1,-1,2,0,2,0,2,0,0,0,0,2,2,2,2,0,0,2,2
124,9842.345,6780.934,199.799,27.429,0.887475,-0.459674,-0.032986,0.460844,0.885684,0.056443,0.003270,-0.065294,0.997861,0,-0.23562,-0.55898,-14.137,-1.118,-1,425.000,-1,375.000,-1,325.000,325.000,325.000,300.000,-1,-1,-1,-1,900.000,750.000,-1,-1,2,0,2,0,2,0,0,0,0,2,2,2,2,0,0,2,2
125,9829.599,6774.630,199.702,26.313,0.896234,-0.442357,-0.032938,0.443556,0.894512,0.055732,0.004810,-0.064559,0.997902,0,-0.23700,-0.55801,-14.220,-1.116,-1,425.000,-1,375.000,-1,325.000,325.000,325.000,300.000,-1,-1,-1,-1,900.000,725.000,-1,-1,2,0,2,0,2,0,0,0,0,2,2,2,2,0,0,2,2
126,9816.657,6768.539,199.587,25.199,0.904640,-0.424903,-0.032906,0.426129,0.902988,0.055022,0.006334,-0.063798,0.997943,0,-0.23839,-0.55701,-14.304,-1.114,-1,425.000,-1,375.000,-1,325.000,325.000,325.000,300.000,-1,-1,-1,-1,900.000,725.000,-1,-1,2,0,2,0,2,0,0,0,0,2,2,2,2,0,0,2,2
127,9803.524,6762.667,199.453,24.087,0.912693,-0.407320,-0.032890,0.408571,0.911109,0.054314,0.007843,-0.063010,0.997982,0,-0.23979,-0.55599,-14.387,-1.112,-1,425.000,-1,375.000,-1,325.000,325.000,325.000,300.000,-1,-1,-1,-1,900.000,725.000,-1,-1,2,0,2,0,2,0,0,0,0,2,2,2,2,0,0,2,2
128,9790.202,6757.017,199.300,22.978,0.920390,-0.389616,-0.032889,0.390890,0.918875,0.053609,0.009334,-0.062197,0.998020,0,-0.24119,-0.55494,-14.471,-1.110,-1,425.000,-1,375.000,-1,325.000,300.000,325.000,300.000,-1,-1,-1,-1,900.000,725.000,-1,-1,2,0,2,0,2,0,0,0,0,2,2,2,2,0,0,2,2
129,9776.694,6751.595,199.128,21.870,0.927730,-0.371798,-0.032904,0.373095,0.926284,0.052908,0.010807,-0.061360,0.998057,0,-0.24259,-0.55387,-14.555,-1.108,-1,400.000,-1,375.000,-1,325.000,300.000,325.000,300.000,-1,-1,-1,-1,875.000,725.000,-1,-1,2,0,2,0,2,0,0,0,0,2,2,2,2,0,0,2,2
130,9763.006,6746.404,198.937,20.764,0.934713,-0.353875,-0.032930,0.355193,0.933334,0.052210,0.012259,-0.060498,0.998093,0,-0.24400,-0.55277,-14.640,-1.106,-1,400.000,-1,375.000,-1,325.000,300.000,325.000,300.000,-1,-1,-1,-1,875.000,725.000,-1,-1,2,0,2,0,2,0,0,0,0,2,2,2,2,0,0,2,2
131,9749.140,6741.449,198.702,19.661,0.941333,-0.335854,-0.033079,0.337198,0.940019,0.051584,0.013770,-0.059712,0.998121,0,-0.24542,-0.55165,-14.725,-1.103,-1,400.000,-1,375.000,-1,325.000,300.000,325.000,300.000,-1,-1,-1,-1,875.000,725.000,-1,-1,2,0,2,0,2,0,0,0,0,2,2,2,2,0,0,2,2
132,9735.100,6736.734,198.370,18.560,0.947584,-0.317739,-0.033568,0.319131,0.946328,0.051177,0.015506,-0.059208,0.998125,0,-0.24684,-0.55051,-14.811,-1.101,-1,400.000,-1,375.000,-1,325.000,300.000,325.000,300.000,-1,-1,-1,-1,875.000,725.000,-1,-1,2,0,2,0,2,0,0,0,0,2,2,2,2,0,0,2,2
133,9720.891,6732.264,197.991,17.461,0.953471,-0.299545,-0.034149,0.300988,0.952275,0.050788,0.017306,-0.058703,0.998125,0,-0.24827,-0.54934,-14.896,-1.099,-1,400.000,-1,375.000,-1,325.000,300.000,325.000,300.000,-1,-1,-1,-1,875.000,725.000,-1,-1,2,0,2,0,2,0,0,0,0,2,2,2,2,0,0,2,2
134,9706.516,6728.042,197.575,16.365,0.958995,-0.281278,-0.034802,0.282776,0.957857,0.050477,0.019137,-0.058249,0.998119,0,-0.24971,-0.54814,-14.982,-1.096,-1,400.000,-1,375.000,-1,325.000,300.000,325.000,300.000,-1,-1,-1,-1,875.000,725.000,-1,-1,2,0,2,0,2,0,0,0,0,2,2,2,2,0,0,2,2
135,9691.980,6724.073,197.122,15.271,0.964156,-0.262947,-0.035528,0.264504,0.963074,0.050252,0.021002,-0.057848,0.998104,0,-0.25115,-0.54693,-15.069,-1.094,-1,400.000,-1,375.000,-1,325.000,300.000,325.000,300.000,-1,-1,-1,-1,875.000,750.000,-1,-1,2,0,2,0,2,0,0,0,0,2,2,2,2,0,0,2,2
136,9677.286,6720.360,196.631,14.180,0.968953,-0.244561,-0.036326,0.246181,0.967927,0.050121,0.022903,-0.057508,0.998082,0,-0.25259,-0.54568,-15.156,-1.091,-1,400.000,-1,375.000,-1,325.000,325.000,325.000,300.000,-1,-1,-1,-1,875.000,750.000,-1,-1,2,0,2,0,2,0,0,0,0,2,2,2,2,0,0,2,2
137,9667.210,6717.972,196.250,13.328,0.972450,-0.230153,-0.037023,0.231829,0.971462,0.050162,0.024422,-0.057363,0.998055,0,-0.17259,-0.42568,-10.356,-0.851,-1,400.000,-1,375.000,-1,325.000,325.000,325.000,300.000,-1,-1,-1,-1,875.000,750.000,-1,-1,2,0,2,0,2,0,0,0,0,2,2,2,2,0,0,2,2
138,9661.791,6716.749,196.002,12.717,0.974827,-0.219774,-0.037571,0.221496,0.973862,0.050316,0.025531,-0.057371,0.998026,0,-0.09259,-0.30568,-5.556,-0.611,-1,400.000,-1,375.000,-1,325.000,325.000,325.000,325.000,-1,-1,-1,-1,875.000,750.000,-1,-1,2,0,2,0,2,0,0,0,0,2,2,2,2,0,0,2,2
