timestep,x_cm,y_cm,z_cm,yaw_deg,basis_xx,basis_xy,basis_xz,basis_yx,basis_yy,basis_yz,basis_zx,basis_zy,basis_zz,teleport_flag,throttle_cmd,steering_cmd,cmd_move_cm,cmd_turn_deg,lidar_cm_0,lidar_cm_1,lidar_cm_2,lidar_cm_3,lidar_cm_4,lidar_cm_5,lidar_cm_6,lidar_cm_7,lidar_cm_8,lidar_cm_9,lidar_cm_10,lidar_cm_11,lidar_cm_12,lidar_cm_13,lidar_cm_14,lidar_cm_15,lidar_cm_16,lidar_class_0,lidar_class_1,lidar_class_2,lidar_class_3,lidar_class_4,lidar_class_5,lidar_class_6,lidar_class_7,lidar_class_8,lidar_class_9,lidar_class_10,lidar_class_11,lidar_class_12,lidar_class_13,lidar_class_14,lidar_class_15,lidar_class_16
0,-8859.448,4265.572,298.913,155.190,-0.906886,-0.419233,0.042441,0.416146,-0.906896,-0.066054,0.066181,-0.042241,0.996913,1,0.08000,0.12000,4.800,0.240,-1,400.000,-1,400.000,-1,325.000,325.000,300.000,300.000,-1,-1,-1,-1,825.000,750.000,-1,-1,2,0,2,0,2,0,0,0,0,2,2,2,2,0,0,2,2
1,-8868.196,4269.527,299.571,155.670,-0.910379,-0.411609,0.042287,0.408526,-0.910351,-0.066092,0.065700,-0.042894,0.996917,0,0.16000,0.24000,9.600,0.480,-1,400.000,-1,400.000,-1,325.000,325.000,300.000,300.000,-1,-1,-1,-1,825.000,750.000,-1,-1,2,0,2,0,2,0,0,0,0,2,2,2,2,0,0,2,2
2,-8881.391,4275.293,300.549,156.390,-0.915497,-0.400120,0.042067,0.397044,-0.915413,-0.066148,0.064976,-0.043856,0.996923,0,0.24000,0.36000,14.400,0.720,-1,400.000,-1,400.000,-1,325.000,325.000,300.000,300.000,-1,-1,-1,-1,825.000,750.000,-1,-1,2,0,2,0,2,0,0,0,0,2,2,2,2,0,0,2,2
3,-8899.086,4282.743,301.834,157.167,-0.920856,-0.387658,0.041789,0.384592,-0.920709,-0.066208,0.064141,-0.044897,0.996930,0,0.32000,0.38831,19.200,0.777,-1,400.000,-1,400.000,-1,325.000,325.000,300.000,300.000,-1,-1,-1,-1,825.000,750.000,-1,-1,2,0,2,0,2,0,0,0,0,2,2,2,2,0,0,2,2
4,-8921.329,4291.756,303.418,157.942,-0.926037,-0.375148,0.041461,0.372095,-0.925826,-0.066269,0.063246,-0.045940,0.996940,0,0.40000,0.38762,24.000,0.775,-1,400.000,-1,400.000,-1,325.000,325.000,300.000,300.000,-1,-1,-1,-1,825.000,750.000,-1,-1,2,0,2,0,2,0,0,0,0,2,2,2,2,0,0,2,2
5,-8948.165,4302.209,305.291,158.716,-0.931040,-0.362597,0.041092,0.359561,-0.930761,-0.066329,0.062298,-0.046980,0.996951,0,0.48000,0.38676,28.800,0.774,-1,400.000,-1,400.000,-1,325.000,325.000,300.000,300.000,-1,-1,-1,-1,825.000,750.000,-1,-1,2,0,2,0,2,0,0,0,0,2,2,2,2,0,0,2,2
6,-8979.635,4313.983,307.443,159.487,-0.935860,-0.350015,0.040692,0.346999,-0.935513,-0.066387,0.061305,-0.048009,0.996964,0,0.56000,0.38574,33.600,0.771,-1,400.000,-1,400.000,-1,325.000,325.000,300.000,300.000,-1,-1,-1,-1,825.000,750.000,-1,-1,2,0,2,0,2,0,0,0,0,2,2,2,2,0,0,2,2
7,-9015.777,4326.954,309.865,160.256,-0.940496,-0.337410,0.040271,0.334416,-0.940081,-0.066443,0.060276,-0.049022,0.996977,0,0.64000,0.38454,38.400,0.769,-1,400.000,-1,400.000,-1,325.000,325.000,300.000,300.000,-1,-1,-1,-1,825.000,750.000,-1,-1,2,0,2,0,2,0,0,0,0,2,2,2,2,0,0,2,2
8,-9054.620,4340.311,312.416,161.022,-0.944946,-0.324790,0.039859,0.321820,-0.944463,-0.066494,0.059243,-0.050006,0.996990,0,0.68459,0.38317,41.076,0.766,-1,400.000,-1,400.000,-1,325.000,325.000,300.000,300.000,-1,-1,-1,-1,825.000,750.000,-1,-1,2,0,2,0,2,0,0,0,0,2,2,2,2,0,0,2,2
9,-9093.663,4353.158,314.889,161.786,-0.949205,-0.312161,0.039557,0.309199,-0.948654,-0.066725,0.058355,-0.051104,0.996987,0,0.68504,0.38168,41.103,0.763,-1,400.000,-1,400.000,-1,325.000,325.000,300.000,300.000,-1,-1,-1,-1,850.000,750.000,-1,-1,2,0,2,0,2,0,0,0,0,2,2,2,2,0,0,2,2
10,-9128.340,4363.898,316.975,162.789,-0.954544,-0.295478,0.039224,0.292519,-0.953899,-0.067150,0.057257,-0.052623,0.996972,0,0.60504,0.50168,36.303,1.003,-1,400.000,-1,400.000,-1,325.000,325.000,300.000,300.000,-1,-1,-1,-1,850.000,750.000,-1,-1,2,0,2,0,2,0,0,0,0,2,2,2,2,0,0,2,2
11,-9158.627,4372.563,318.653,164.033,-0.960762,-0.274680,0.038573,0.271734,-0.959981,-0.067801,0.055652,-0.054659,0.996953,0,0.52504,0.62168,31.503,1.243,-1,400.000,-1,400.000,-1,325.000,325.000,300.000,300.000,-1,-1,-1,-1,850.000,775.000,-1,-1,2,0,2,0,2,0,0,0,0,2,2,2,2,0,0,2,2
12,-9184.481,4379.240,320.045,165.516,-0.967571,-0.249708,0.038118,0.246780,-0.966658,-0.068343,0.053913,-0.056720,0.996933,0,0.44504,0.74168,26.703,1.483,-1,400.000,-1,400.000,-1,325.000,325.000,300.000,300.000,-1,-1,-1,-1,850.000,775.000,-1,-1,2,0,2,0,2,0,0,0,0,2,2,2,2,0,0,2,2
13,-9205.842,4384.076,321.159,167.239,-0.974653,-0.220498,0.037853,0.217591,-0.973614,-0.068779,0.052020,-0.058799,0.996914,0,0.36504,0.86168,21.903,1.723,-1,400.000,-1,400.000,-1,325.000,325.000,300.000,300.000,-1,-1,-1,-1,850.000,775.000,-1,-1,2,0,2,0,2,0,0,0,0,2,2,2,2,0,0,2,2
14,-9222.642,4387.278,322.008,169.203,-0.981636,-0.186988,0.037769,0.184108,-0.980473,-0.069110,0.049954,-0.060887,0.996894,0,0.28504,0.98168,17.103,1.963,-1,400.000,-1,400.000,-1,325.000,325.000,300.000,300.000,-1,-1,-1,-1,850.000,775.000,-1,-1,2,0,2,0,2,0,0,0,0,2,2,2,2,0,0,2,2
15,-9234.799,4389.158,322.586,171.203,-0.987560,-0.152639,0.037772,0.149794,-0.986289,-0.069247,0.047824,-0.062727,0.996884,0,0.20504,1.00000,12.303,2.000,-1,425.000,-1,400.000,-1,325.000,325.000,300.000,300.000,-1,-1,-1,-1,875.000,775.000,-1,-1,2,0,2,0,2,0,0,0,0,2,2,2,2,0,0,2,2
16,-9242.248,4390.044,322.902,173.203,-0.992280,-0.118113,0.037816,0.115316,-0.990918,-0.069160,0.045641,-0.064265,0.996889,0,0.12504,1.00000,7.503,2.000,-1,425.000,-1,400.000,-1,325.000,325.000,300.000,300.000,-1,-1,-1,-1,875.000,800.000,-1,-1,2,0,2,0,2,0,0,0,0,2,2,2,2,0,0,2,2
17,-9244.941,4390.269,323.022,175.203,-0.995787,-0.083451,0.037993,0.080697,-0.994346,-0.069022,0.043538,-0.065666,0.996891,0,0.04504,1.00000,2.703,2.000,-1,425.000,-1,400.000,-1,325.000,325.000,300.000,300.000,-1,-1,-1,-1,875.000,800.000,-1,-1,2,0,2,0,2,0,0,0,0,2,2,2,2,0,0,2,2
18,-9242.845,4390.165,322.968,177.203,-0.998079,-0.048694,0.038300,0.045979,-0.996568,-0.068830,0.041520,-0.066937,0.996893,0,-0.03496,1.00000,-2.097,2.000,-1,425.000,-1,400.000,-1,325.000,325.000,300.000,300.000,-1,-1,-1,-1,875.000,800.000,-1,-1,2,0,2,0,2,0,0,0,0,2,2,2,2,0,0,2,2
19,-9235.947,4390.068,322.763,179.203,-0.999153,-0.013884,0.038736,0.011203,-0.997583,-0.068580,0.039595,-0.068088,0.996893,0,-0.11496,1.00000,-6.897,2.000,-1,425.000,-1,400.000,-1,325.000,325.000,300.000,300.000,-1,-1,-1,-1,875.000,800.000,-1,-1,2,0,2,0,2,0,0,0,0,2,2,2,2,0,0,2,2
20,-9224.251,4390.312,322.432,181.203,-0.999008,0.020938,0.039300,-0.023590,-0.997388,-0.068270,0.037768,-0.069129,0.996893,0,-0.19496,1.00000,-11.697,2.000,-1,425.000,-1,400.000,-1,325.000,325.000,300.000,300.000,-1,-1,-1,-1,875.000,825.000,-1,-1,2,0,2,0,2,0,0,0,0,2,2,2,2,0,0,2,2
21,-9207.779,4391.233,321.997,183.203,-0.997645,0.055730,0.039989,-0.058359,-0.995984,-0.067899,0.036044,-0.070073,0.996890,0,-0.27496,1.00000,-16.497,2.000,-1,425.000,-1,400.000,-1,325.000,325.000,300.000,300.000,-1,-1,-1,-1,875.000,825.000,-1,-1,2,0,2,0,2,0,0,0,0,2,2,2,2,0,0,2,2
22,-9186.568,4393.163,321.325,185.203,-0.995080,0.090446,0.040437,-0.093056,-0.993326,-0.068145,0.034003,-0.071572,0.996856,0,-0.35496,1.00000,-21.297,2.000,-1,425.000,-1,400.000,-1,325.000,325.000,300.000,300.000,-1,-1,-1,-1,875.000,825.000,-1,-1,2,0,2,0,2,0,0,0,0,2,2,2,2,0,0,2,2
23,-9170.191,4395.161,320.793,186.963,-0.991826,0.120899,0.040793,-0.123491,-0.989978,-0.068511,0.032101,-0.072988,0.996816,0,-0.27496,0.88000,-16.497,1.760,-1,400.000,-1,400.000,-1,325.000,325.000,300.000,300.000,-1,-1,-1,-1,875.000,825.000,-1,-1,2,0,2,0,2,0,0,0,0,2,2,2,2,0,0,2,2
24,-9158.620,4396.885,320.434,188.483,-0.988268,0.147104,0.041071,-0.149675,-0.986341,-0.068759,0.030395,-0.074100,0.996788,0,-0.19496,0.76000,-11.697,1.520,-1,400.000,-1,400.000,-1,325.000,325.000,300.000,300.000,-1,-1,-1,-1,850.000,850.000,-1,-1,2,0,2,0,2,0,0,0,0,2,2,2,2,0,0,2,2
25,-9151.822,4398.054,320.227,189.763,-0.984736,0.169090,0.041264,-0.171636,-0.982749,-0.068891,0.028903,-0.074921,0.996770,0,-0.11496,0.64000,-6.897,1.280,-1,400.000,-1,425.000,-1,325.000,325.000,300.000,300.000,-1,-1,975.000,-1,850.000,850.000,-1,-1,2,0,2,0,2,0,0,0,0,2,2,0,2,0,0,2,2
26,-9149.761,4398.447,320.154,190.803,-0.981509,0.186892,0.041365,-0.189409,-0.979477,-0.068906,0.027638,-0.075467,0.996765,0,-0.03496,0.52000,-2.097,1.040,-1,400.000,-1,425.000,-1,325.000,325.000,300.000,300.000,-1,-1,950.000,-1,850.000,850.000,-1,-1,2,0,2,0,2,0,0,0,0,2,2,0,2,0,0,2,2
27,-9152.408,4397.903,320.203,191.603,-0.978811,0.200545,0.041371,-0.203032,-0.976752,-0.068807,0.026610,-0.075748,0.996772,0,0.04504,0.40000,2.703,0.800,-1,400.000,-1,425.000,-1,325.000,325.000,300.000,300.000,-1,-1,950.000,-1,850.000,850.000,-1,-1,2,0,2,0,2,0,0,0,0,2,2,0,2,0,0,2,2
28,-9159.741,4396.322,320.367,192.163,-0.976812,0.210082,0.041277,-0.212535,-0.974743,-0.068593,0.025824,-0.075775,0.996790,0,0.12504,0.28000,7.503,0.560,-1,400.000,-1,425.000,-1,325.000,325.000,300.000,300.000,-1,-1,950.000,-1,850.000,850.000,-1,-1,2,0,2,0,2,0,0,0,0,2,2,0,2,0,0,2,2
29,-9171.753,4393.663,320.642,192.483,-0.975634,0.215526,0.041081,-0.217945,-0.973571,-0.068262,0.025283,-0.075552,0.996821,0,0.20504,0.16000,12.303,0.320,-1,400.000,-1,425.000,-1,325.000,325.000,300.000,300.000,-1,-1,950.000,-1,850.000,850.000,-1,-1,2,0,2,0,2,0,0,0,0,2,2,0,2,0,0,2,2
30,-9188.446,4389.943,321.032,192.563,-0.975343,0.216893,0.040784,-0.219275,-0.973304,-0.067813,0.024987,-0.075084,0.996864,0,0.28504,0.04000,17.103,0.080,-1,400.000,-1,425.000,-1,325.000,325.000,300.000,300.000,-1,-1,975.000,-1,850.000,850.000,-1,-1,2,0,2,0,2,0,0,0,0,2,2,0,2,0,0,2,2
31,-9200.439,4387.201,321.301,192.883,-0.974127,0.222329,0.040577,-0.224676,-0.972094,-0.067480,0.024442,-0.074851,0.996895,0,0.20504,0.16000,12.303,0.320,-1,400.000,-1,425.000,-1,325.000,325.000,300.000,300.000,-1,-1,1000.000,-1,850.000,850.000,-1,-1,2,0,2,0,2,0,0,0,0,2,2,0,2,0,0,2,2
32,-9207.740,4385.477,321.456,193.284,-0.972554,0.229133,0.040456,-0.231452,-0.970518,-0.067272,0.023849,-0.074789,0.996914,0,0.12504,0.20064,7.503,0.401,-1,400.000,-1,425.000,-1,325.000,325.000,300.000,300.000,-1,-1,1000.000,-1,850.000,850.000,-1,-1,2,0,2,0,2,0,0,0,0,2,2,0,2,0,0,2,2
33,-9210.366,4384.837,321.504,193.685,-0.970930,0.235925,0.040421,-0.238224,-0.968883,-0.067191,0.023311,-0.074867,0.996921,0,0.04504,0.20068,2.703,0.401,-1,400.000,-1,425.000,-1,325.000,325.000,300.000,300.000,-1,-1,1000.000,-1,850.000,850.000,-1,-1,2,0,2,0,2,0,0,0,0,2,2,0,2,0,0,2,2
34,-9208.331,4385.347,321.450,194.087,-0.969256,0.242702,0.040475,-0.244993,-0.967190,-0.067240,0.022828,-0.075089,0.996916,0,-0.03496,0.20070,-2.097,0.401,-1,400.000,-1,425.000,-1,325.000,325.000,300.000,300.000,-1,-1,975.000,-1,850.000,850.000,-1,-1,2,0,2,0,2,0,0,0,0,2,2,0,2,0,0,2,2
35,-9201.653,4387.073,321.300,194.488,-0.967532,0.249465,0.040620,-0.251756,-0.965440,-0.067417,0.022398,-0.075454,0.996898,0,-0.11496,0.20068,-6.897,0.401,-1,400.000,-1,425.000,-1,325.000,325.000,300.000,300.000,-1,-1,975.000,-1,850.000,850.000,-1,-1,2,0,2,0,2,0,0,0,0,2,2,0,2,0,0,2,2
36,-9190.348,4390.078,321.058,194.889,-0.965757,0.256210,0.040857,-0.258511,-0.963632,-0.067721,0.022020,-0.075964,0.996867,0,-0.19496,0.20063,-11.697,0.401,-1,400.000,-1,425.000,-1,325.000,325.000,300.000,300.000,-1,-1,950.000,-1,850.000,850.000,-1,-1,2,0,2,0,2,0,0,0,0,2,2,0,2,0,0,2,2
37,-9174.434,4394.428,320.731,195.290,-0.963934,0.262935,0.041184,-0.265256,-0.961766,-0.068151,0.021690,-0.076618,0.996825,0,-0.27496,0.20053,-16.497,0.401,-1,400.000,-1,425.000,-1,325.000,325.000,300.000,300.000,-1,1000.000,925.000,-1,850.000,850.000,-1,-1,2,0,2,0,2,0,0,0,0,2,0,0,2,0,0,2,2
38,-9153.930,4400.187,320.324,195.691,-0.962063,0.269639,0.041600,-0.271988,-0.959845,-0.068705,0.021404,-0.077413,0.996769,0,-0.35496,0.20036,-21.297,0.401,-1,400.000,-1,425.000,-1,325.000,325.000,300.000,300.000,-1,950.000,875.000,-1,850.000,850.000,-1,-1,2,0,2,0,2,0,0,0,0,2,0,0,2,0,0,2,2
39,-9129.962,4407.100,319.861,196.091,-0.960145,0.276318,0.042068,-0.278702,-0.957871,-0.069340,0.021136,-0.078300,0.996706,0,-0.41575,0.20012,-24.945,0.400,-1,400.000,-1,425.000,-1,325.000,325.000,300.000,300.000,-1,925.000,850.000,-1,825.000,850.000,-1,-1,2,0,2,0,2,0,0,0,0,2,0,0,2,0,0,2,2
40,-9106.046,4414.180,319.336,196.491,-0.958196,0.282978,0.042232,-0.285368,-0.955876,-0.069759,0.020628,-0.078894,0.996670,0,-0.41569,0.19980,-24.942,0.400,-1,400.000,-1,425.000,-1,325.000,325.000,300.000,300.000,-1,875.000,825.000,-1,825.000,850.000,-1,-1,2,0,2,0,2,0,0,0,0,2,0,0,2,0,0,2,2
41,-9086.779,4420.052,318.927,196.954,-0.955883,0.290676,0.042373,-0.293065,-0.953519,-0.070099,0.020028,-0.079424,0.996640,0,-0.33569,0.23134,-20.142,0.463,-1,400.000,-1,425.000,-1,325.000,325.000,300.000,300.000,-1,850.000,800.000,-1,825.000,850.000,-1,-1,2,0,2,0,2,0,0,0,0,2,0,0,2,0,0,2,2
42,-9072.140,4424.644,318.631,197.416,-0.953512,0.298345,0.042482,-0.300729,-0.951110,-0.070376,0.019409,-0.079880,0.996616,0,-0.25569,0.23102,-15.342,0.462,-1,400.000,-1,425.000,-1,325.000,325.000,300.000,300.000,-1,825.000,775.000,-1,825.000,850.000,-1,-1,2,0,2,0,2,0,0,0,0,2,0,0,2,0,0,2,2
43,-9062.107,4427.879,318.461,197.877,-0.951088,0.305990,0.042453,-0.308354,-0.948657,-0.070480,0.018707,-0.080123,0.996609,0,-0.17569,0.23075,-10.542,0.462,-1,400.000,-1,400.000,-1,325.000,325.000,300.000,300.000,-1,825.000,775.000,-1,800.000,850.000,-1,-1,2,0,2,0,2,0,0,0,0,2,0,0,2,0,0,2,2
44,-9056.657,4429.686,318.379,198.338,-0.948604,0.313611,0.042419,-0.315953,-0.946152,-0.070501,0.018025,-0.080280,0.996609,0,-0.09569,0.23055,-5.742,0.461,-1,400.000,-1,400.000,-1,325.000,325.000,300.000,300.000,-1,800.000,750.000,-1,800.000,850.000,-1,-1,2,0,2,0,2,0,0,0,0,2,0,0,2,0,0,2,2
45,-9055.765,4429.989,318.374,198.799,-0.946059,0.321209,0.042399,-0.323529,-0.943592,-0.070447,0.017379,-0.080364,0.996614,0,-0.01569,0.23044,-0.942,0.461,-1,400.000,-1,400.000,-1,325.000,325.000,300.000,300.000,-1,800.000,750.000,-1,800.000,850.000,-1,-1,2,0,2,0,2,0,0,0,0,2,0,0,2,0,0,2,2
46,-9059.407,4428.716,318.440,199.260,-0.943452,0.328788,0.042392,-0.331085,-0.940977,-0.070316,0.016771,-0.080375,0.996624,0,0.06431,0.23042,3.858,0.461,-1,400.000,-1,400.000,-1,325.000,325.000,300.000,300.000,-1,800.000,750.000,-1,800.000,850.000,-1,-1,2,0,2,0,2,0,0,0,0,2,0,0,2,0,0,2,2
47,-9067.558,4425.795,318.571,199.721,-0.940782,0.336350,0.042399,-0.338624,-0.938306,-0.070108,0.016203,-0.080314,0.996638,0,0.14431,0.23050,8.658,0.461,-1,400.000,-1,425.000,-1,325.000,325.000,300.000,300.000,-1,800.000,750.000,-1,800.000,850.000,-1,-1,2,0,2,0,2,0,0,0,0,2,0,0,2,0,0,2,2
48,-9080.189,4421.151,318.767,200.182,-0.938049,0.343898,0.042412,-0.346149,-0.935576,-0.069844,0.015660,-0.080198,0.996656,0,0.22431,0.23069,13.458,0.461,-1,400.000,-1,425.000,-1,325.000,325.000,300.000,300.000,-1,800.000,775.000,-1,800.000,850.000,-1,-1,2,0,2,0,2,0,0,0,0,2,0,0,2,0,0,2,2
49,-9097.275,4414.714,319.023,200.644,-0.935251,0.351435,0.042427,-0.353662,-0.932786,-0.069527,0.015142,-0.080030,0.996677,0,0.30431,0.23098,18.258,0.462,-1,400.000,-1,425.000,-1,325.000,325.000,300.000,300.000,-1,825.000,775.000,-1,825.000,875.000,-1,-1,2,0,2,0,2,0,0,0,0,2,0,0,2,0,0,2,2
50,-9118.786,4406.411,319.330,201.107,-0.932386,0.358964,0.042450,-0.361168,-0.929934,-0.069139,0.014658,-0.079796,0.996703,0,0.38431,0.23139,23.058,0.463,-1,400.000,-1,425.000,-1,325.000,325.000,300.000,300.000,-1,825.000,800.000,-1,825.000,875.000,-1,-1,2,0,2,0,2,0,0,0,0,2,0,0,2,0,0,2,2
51,-9144.693,4396.169,319.590,201.571,-0.929467,0.366499,0.042060,-0.368643,-0.927048,-0.068441,0.013908,-0.079118,0.996768,0,0.46431,0.23189,27.858,0.464,-1,400.000,-1,425.000,-1,325.000,325.000,300.000,300.000,-1,850.000,825.000,-1,825.000,875.000,-1,-1,2,0,2,0,2,0,0,0,0,2,0,0,2,0,0,2,2
52,-9174.966,4383.917,319.912,202.036,-0.926489,0.374040,0.041380,-0.376098,-0.924117,-0.067515,0.012986,-0.078114,0.996860,0,0.54431,0.23250,32.658,0.465,-1,400.000,-1,425.000,-1,325.000,325.000,300.000,300.000,-1,900.000,850.000,-1,825.000,875.000,-1,-1,2,0,2,0,2,0,0,0,0,2,0,0,2,0,0,2,2
53,-9209.573,4369.582,320.261,202.502,-0.923444,0.381586,0.040544,-0.383546,-0.921128,-0.066444,0.011992,-0.076908,0.996966,0,0.62431,0.23319,37.458,0.466,-1,400.000,-1,425.000,-1,325.000,325.000,300.000,300.000,-1,950.000,900.000,-1,825.000,875.000,-1,-1,2,0,2,0,2,0,0,0,0,2,0,0,2,0,0,2,2
54,-9248.481,4353.092,320.632,202.970,-0.920331,0.389138,0.039534,-0.390989,-0.918082,-0.065224,0.010914,-0.075485,0.997087,0,0.70431,0.23395,42.258,0.468,-1,400.000,-1,425.000,-1,325.000,325.000,300.000,300.000,-1,1000.000,950.000,-1,850.000,875.000,-1,-1,2,0,2,0,2,0,0,0,0,2,0,0,2,0,0,2,2
55,-9291.656,4334.374,320.987,203.440,-0.917144,0.396694,0.038479,-0.398434,-0.914966,-0.063930,0.009847,-0.073965,0.997212,0,0.78431,0.23478,47.058,0.470,-1,400.000,-1,425.000,-1,325.000,325.000,300.000,300.000,-1,-1,1000.000,-1,850.000,900.000,-1,-1,2,0,2,0,2,0,0,0,0,2,2,0,2,0,0,2,2
56,-9337.360,4314.111,321.231,203.911,-0.913894,0.404244,0.037198,-0.405864,-0.911756,-0.063042,0.008431,-0.072711,0.997317,0,0.83325,0.23565,49.995,0.471,-1,400.000,-1,425.000,-1,325.000,325.000,300.000,300.000,-1,-1,-1,-1,875.000,900.000,-1,-1,2,0,2,0,2,0,0,0,0,2,2,2,2,0,0,2,2
57,-9381.138,4294.048,321.230,204.622,-0.908873,0.415546,0.035659,-0.417029,-0.906700,-0.063108,0.006108,-0.072228,0.997369,0,0.80261,0.35565,48.156,0.711,-1,400.000,-1,425.000,-1,325.000,325.000,300.000,300.000,-1,-1,-1,-1,875.000,900.000,-1,-1,2,0,2,0,2,0,0,0,0,2,2,2,2,0,0,2,2
58,-9424.577,4273.260,321.158,205.574,-0.901920,0.430559,0.034064,-0.431890,-0.899710,-0.063194,0.003439,-0.071707,0.997420,0,0.80262,0.47565,48.157,0.951,-1,400.000,-1,425.000,-1,325.000,325.000,300.000,300.000,-1,-1,-1,-1,875.000,900.000,-1,-1,2,0,2,0,2,0,0,0,0,2,2,2,2,0,0,2,2
59,-9467.657,4251.732,321.010,206.552,-0.894508,0.445875,0.032411,-0.447051,-0.892263,-0.063344,0.000675,-0.071151,0.997465,0,0.80266,0.48914,48.160,0.978,-1,400.000,-1,425.000,-1,325.000,325.000,300.000,300.000,-1,-1,-1,-1,875.000,900.000,-1,-1,2,0,2,0,2,0,0,0,0,2,2,2,2,0,0,2,2
60,-9510.364,4229.470,320.787,207.532,-0.886824,0.461086,0.030701,-0.462102,-0.884546,-0.063569,-0.002154,-0.070561,0.997505,0,0.80270,0.48987,48.162,0.980,-1,400.000,-1,425.000,-1,325.000,325.000,300.000,300.000,-1,-1,-1,-1,850.000,900.000,-1,-1,2,0,2,0,2,0,0,0,0,2,2,2,2,0,0,2,2
61,-9552.685,4206.479,320.487,208.513,-0.878869,0.476185,0.028936,-0.477037,-0.876559,-0.063872,-0.005051,-0.069938,0.997539,0,0.80272,0.49058,48.163,0.981,-1,400.000,-1,425.000,-1,325.000,325.000,300.000,300.000,-1,-1,-1,-1,850.000,900.000,-1,-1,2,0,2,0,2,0,0,0,0,2,2,2,2,0,0,2,2
62,-9595.206,4182.461,320.203,209.461,-0.870933,0.490630,0.027511,-0.491340,-0.868581,-0.064434,-0.007718,-0.069634,0.997543,0,0.81393,0.47390,48.836,0.948,-1,400.000,-1,425.000,-1,325.000,325.000,300.000,300.000,-1,-1,-1,-1,850.000,900.000,-1,-1,2,0,2,0,2,0,0,0,0,2,2,2,2,0,0,2,2
63,-9637.495,4157.644,319.845,210.406,-0.862779,0.504910,0.026052,-0.505474,-0.860384,-0.065080,-0.010445,-0.069318,0.997540,0,0.81723,0.47285,49.034,0.946,-1,400.000,-1,425.000,-1,325.000,325.000,300.000,300.000,-1,-1,-1,-1,850.000,900.000,-1,-1,2,0,2,0,2,0,0,0,0,2,2,2,2,0,1,2,2
64,-9679.537,4132.032,319.318,211.350,-0.854403,0.519031,0.024562,-0.519449,-0.851995,-0.065398,-0.013018,-0.068635,0.997557,0,0.82049,0.47164,49.229,0.943,-1,400.000,-1,425.000,-1,325.000,325.000,275.000,300.000,-1,-1,-1,-1,850.000,-1,-1,-1,2,0,2,0,2,0,0,0,0,2,2,2,2,0,2,2,2
65,-9721.316,4105.631,318.600,212.290,-0.845810,0.532987,0.023030,-0.533262,-0.843425,-0.065306,-0.015383,-0.067518,0.997599,0,0.82369,0.47026,49.422,0.941,-1,400.000,-1,425.000,-1,325.000,325.000,275.000,300.000,-1,-1,-1,-1,850.000,-1,-1,-1,2,0,2,0,2,0,0,0,0,2,2,2,2,0,2,2,2
66,-9762.814,4078.448,317.778,213.227,-0.837017,0.546759,0.021357,-0.546886,-0.834662,-0.065229,-0.017838,-0.066277,0.997642,0,0.82683,0.46870,49.610,0.937,-1,400.000,-1,425.000,-1,325.000,325.000,275.000,300.000,-1,-1,-1,-1,850.000,-1,-1,-1,2,0,2,0,2,0,0,0,0,2,2,2,2,0,2,2,2
67,-9804.016,4050.489,316.699,214.161,-0.828033,0.560362,0.018855,-0.560292,-0.825744,-0.064960,-0.020831,-0.064354,0.997710,0,0.82988,0.46696,49.793,0.934,-1,400.000,-1,425.000,-1,325.000,325.000,275.000,300.000,-1,-1,-1,-1,850.000,-1,-1,-1,2,0,2,0,2,0,0,0,0,2,2,2,2,0,2,2,2
68,-9844.904,4021.763,315.517,215.091,-0.818859,0.573765,0.016215,-0.573497,-0.816646,-0.064743,-0.023905,-0.062314,0.997770,0,0.83284,0.46502,49.970,0.930,-1,400.000,-1,425.000,-1,325.000,325.000,300.000,300.000,-1,-1,-1,-1,850.000,-1,-1,-1,2,0,2,0,2,0,0,0,0,2,2,2,2,0,2,2,2
69,-9885.460,3992.280,314.214,216.017,-0.809504,0.586960,0.013432,-0.586488,-0.807373,-0.064664,-0.027111,-0.060224,0.997817,0,0.83569,0.46288,50.141,0.926,-1,400.000,-1,425.000,-1,325.000,325.000,300.000,300.000,-1,-1,-1,-1,850.000,-1,-1,-1,2,0,2,0,2,0,0,0,0,2,2,2,2,0,2,2,2
70,-9921.813,3965.182,312.967,216.703,-0.802429,0.596650,0.010803,-0.595999,-0.800382,-0.064604,-0.029899,-0.058278,0.997853,0,0.75569,0.34288,45.341,0.686,-1,400.000,-1,425.000,-1,325.000,325.000,300.000,300.000,-1,-1,-1,-1,825.000,-1,-1,-1,2,0,2,0,2,0,0,0,0,2,2,2,2,0,2,2,2
71,-9954.128,3940.701,311.634,217.149,-0.797766,0.602896,0.009237,-0.602134,-0.795766,-0.064742,-0.031682,-0.057211,0.997859,0,0.67569,0.22288,40.541,0.446,-1,400.000,-1,425.000,-1,325.000,350.000,300.000,300.000,-1,-1,-1,-1,825.000,-1,-1,-1,2,0,2,0,2,0,0,0,0,2,2,2,2,0,2,2,2
72,-9982.538,3919.015,310.385,217.354,-0.795595,0.605775,0.008050,-0.604934,-0.793628,-0.064880,-0.032914,-0.056488,0.997861,0,0.59569,0.10288,35.741,0.206,-1,400.000,-1,425.000,-1,325.000,350.000,300.000,300.000,-1,-1,-1,-1,825.000,-1,-1,-1,2,0,2,0,2,0,0,0,0,2,2,2,2,0,2,2,2
73,-10007.145,3900.257,309.286,217.320,-0.795952,0.605319,0.007014,-0.604418,-0.794014,-0.064956,-0.033750,-0.055941,0.997863,0,0.51569,-0.01712,30.941,-0.034,-1,400.000,-1,425.000,-1,325.000,350.000,300.000,300.000,-1,-1,-1,-1,825.000,-1,-1,-1,2,0,2,0,2,0,0,0,0,2,2,2,2,0,2,2,2
74,-10028.010,3884.508,308.353,217.046,-0.798831,0.601524,0.006144,-0.600583,-0.796918,-0.064973,-0.034187,-0.055593,0.997868,0,0.43569,-0.13712,26.141,-0.274,-1,400.000,-1,425.000,-1,325.000,350.000,300.000,300.000,-1,-1,-1,-1,825.000,-1,-1,-1,2,0,2,0,2,0,0,0,0,2,2,2,2,0,2,2,2
75,-10045.158,3871.804,307.613,216.532,-0.804188,0.594350,0.005449,-0.593386,-0.802289,-0.065009,-0.034267,-0.055513,0.997870,0,0.35569,-0.25712,21.341,-0.514,-1,400.000,-1,425.000,-1,325.000,350.000,300.000,300.000,-1,-1,-1,-1,825.000,-1,-1,-1,2,0,2,0,2,0,0,0,0,2,2,2,2,0,2,2,2
76,-10058.578,3862.133,307.080,215.777,-0.811933,0.583730,0.004932,-0.582759,-0.810033,-0.065106,-0.034010,-0.055736,0.997866,0,0.27569,-0.37712,16.541,-0.754,-1,400.000,-1,425.000,-1,325.000,350.000,300.000,300.000,-1,-1,-1,-1,825.000,-1,-1,-1,2,0,2,0,2,0,0,0,0,2,2,2,2,0,2,2,2
77,-10068.221,3855.435,306.655,214.783,-0.821933,0.569565,0.004580,-0.568597,-0.820009,-0.065439,-0.033516,-0.056391,0.997846,0,0.19569,-0.49712,11.741,-0.994,-1,400.000,-1,425.000,-1,325.000,350.000,300.000,300.000,-1,-1,-1,-1,825.000,-1,-1,-1,2,0,2,0,2,0,0,0,0,2,2,2,2,0,2,2,2
78,-10074.006,3851.598,306.398,213.549,-0.834002,0.551744,0.004404,-0.550799,-0.832048,-0.065695,-0.032583,-0.057216,0.997830,0,0.11569,-0.61712,6.941,-1.234,-1,400.000,-1,425.000,-1,325.000,350.000,300.000,300.000,-1,-1,-1,-1,825.000,-1,-1,-1,2,0,2,0,2,0,0,0,0,2,2,2,2,0,2,2,2
79,-10075.817,3850.454,306.311,212.283,-0.845975,0.533204,0.004394,-0.532298,-0.843995,-0.065812,-0.031383,-0.058014,0.997822,0,0.03569,-0.63292,2.141,-1.266,-1,400.000,-1,425.000,-1,325.000,350.000,300.000,300.000,-1,-1,-1,-1,825.000,-1,-1,-1,2,0,2,0,2,0,0,0,0,2,2,2,2,0,2,2,2
80,-10073.538,3851.823,306.384,211.020,-0.857514,0.514441,0.004546,-0.513588,-0.855511,-0.065790,-0.029956,-0.058751,0.997823,0,-0.04431,-0.63177,-2.659,-1.264,-1,400.000,-1,425.000,-1,325.000,350.000,300.000,300.000,-1,-1,-1,-1,-1,-1,-1,-1,2,0,2,0,2,0,0,0,0,2,2,2,2,2,2,2,2
81,-10067.063,3855.525,306.602,209.759,-0.868610,0.495472,0.004858,-0.494687,-0.866589,-0.065632,-0.028309,-0.059412,0.997832,0,-0.12431,-0.63042,-7.459,-1.261,-1,400.000,-1,425.000,-1,325.000,350.000,300.000,300.000,-1,-1,-1,-1,-1,-1,-1,-1,2,0,2,0,2,0,0,0,0,2,2,2,2,2,2,2,2
82,-10056.291,3861.374,306.950,208.501,-0.879259,0.476314,0.005327,-0.475609,-0.877227,-0.065335,-0.026447,-0.059980,0.997849,0,-0.20431,-0.62890,-12.259,-1.258,-1,425.000,-1,425.000,-1,325.000,350.000,300.000,300.000,-1,-1,-1,-1,-1,-1,-1,-1,2,0,2,0,2,0,0,0,0,2,2,2,2,2,2,2,2
83,-10044.372,3867.512,307.311,207.246,-0.889458,0.456981,0.005829,-0.456359,-0.887418,-0.065007,-0.024535,-0.060481,0.997868,0,-0.22344,-0.62726,-13.406,-1.255,-1,425.000,-1,425.000,-1,325.000,350.000,300.000,300.000,-1,-1,-1,-1,-1,-1,-1,-1,2,0,2,0,2,0,0,0,0,2,2,2,2,2,2,2,2
84,-10032.296,3873.400,307.653,205.995,-0.899205,0.437481,0.006324,-0.436942,-0.897161,-0.064683,-0.022624,-0.060927,0.997886,0,-0.22392,-0.62563,-13.435,-1.251,-1,425.000,-1,425.000,-1,350.000,350.000,300.000,300.000,-1,-1,-1,-1,-1,-1,-1,-1,2,0,2,0,2,0,0,0,0,2,2,2,2,2,2,2,2
85,-10020.067,3879.037,307.975,204.747,-0.908502,0.417826,0.006815,-0.417367,-0.906456,-0.064362,-0.020715,-0.061317,0.997903,0,-0.22445,-0.62406,-13.467,-1.248,-1,425.000,-1,425.000,-1,350.000,325.000,300.000,300.000,-1,-1,-1,-1,-1,-1,-1,-1,2,0,2,0,2,0,0,0,0,2,2,2,2,2,2,2,2
86,-10007.685,3884.422,308.277,203.502,-0.917347,0.398022,0.007299,-0.397644,-0.915302,-0.064043,-0.018809,-0.061652,0.997920,0,-0.22504,-0.62255,-13.502,-1.245,-1,425.000,-1,400.000,-1,350.000,325.000,300.000,300.000,-1,-1,-1,-1,-1,-1,-1,-1,2,0,2,0,2,0,0,0,0,2,2,2,2,2,2,2,2
87,-9995.153,3889.551,308.559,202.260,-0.925740,0.378079,0.007779,-0.377781,-0.923699,-0.063727,-0.016909,-0.061934,0.997937,0,-0.22568,-0.62110,-13.541,-1.242,-1,425.000,-1,400.000,-1,350.000,325.000,300.000,275.000,-1,-1,-1,-1,-1,-1,-1,-1,2,0,2,0,2,0,0,0,0,2,2,2,2,2,2,2,2
88,-9982.476,3894.423,308.822,201.020,-0.933683,0.358006,0.008252,-0.357786,-0.931648,-0.063414,-0.015015,-0.062161,0.997953,0,-0.22637,-0.61970,-13.582,-1.239,-1,425.000,-1,400.000,-1,350.000,325.000,300.000,275.000,-1,-1,-1,-1,-1,-1,-1,-1,2,0,2,0,2,0,0,0,0,2,2,2,2,2,2,2,2
89,-9969.654,3899.035,309.066,199.784,-0.941173,0.337811,0.008720,-0.337669,-0.939147,-0.063103,-0.013128,-0.062335,0.997969,0,-0.22710,-0.61836,-13.626,-1.237,-1,425.000,-1,400.000,-1,350.000,325.000,300.000,275.000,-1,-1,-1,-1,-1,-1,-1,-1,2,0,2,0,2,0,0,0,0,2,2,2,2,2,2,2,2
90,-9956.693,3903.384,309.290,198.549,-0.948213,0.317503,0.009182,-0.317436,-0.946198,-0.062794,-0.011250,-0.062457,0.997984,0,-0.22788,-0.61708,-13.673,-1.234,-1,425.000,-1,400.000,-1,350.000,325.000,300.000,275.000,-1,-1,-1,-1,-1,-1,-1,-1,2,0,2,0,2,0,0,0,0,2,2,2,2,2,2,2,2
91,-9943.594,3907.469,309.495,197.318,-0.954801,0.297089,0.009638,-0.297097,-0.952800,-0.062488,-0.009381,-0.062527,0.997999,0,-0.22869,-0.61586,-13.721,-1.232,-1,425.000,-1,400.000,-1,350.000,325.000,300.000,300.000,-1,-1,-1,-1,-1,-1,-1,-1,2,0,2,0,2,0,0,0,0,2,2,2,2,2,2,2,2
92,-9930.361,3911.286,309.681,196.088,-0.960939,0.276578,0.010089,-0.276659,-0.958954,-0.062184,-0.007524,-0.062547,0.998014,0,-0.22954,-0.61469,-13.773,-1.229,-1,425.000,-1,400.000,-1,350.000,325.000,300.000,300.000,-1,-1,-1,-1,-1,-1,-1,-1,2,0,2,0,2,0,0,0,0,2,2,2,2,2,2,2,2
93,-9916.998,3914.832,309.824,194.861,-0.966626,0.255976,0.010485,-0.256126,-0.964653,-0.061993,-0.005754,-0.062610,0.998021,0,-0.23043,-0.61357,-13.826,-1.227,-1,425.000,-1,400.000,-1,350.000,325.000,300.000,300.000,-1,-1,-1,-1,-1,-1,-1,-1,2,0,2,0,2,0,0,0,0,2,2,2,2,2,2,2,2
94,-9903.509,3918.104,309.944,193.636,-0.971864,0.235294,0.010860,-0.235510,-0.969903,-0.061827,-0.004015,-0.062645,0.998028,0,-0.23135,-0.61251,-13.881,-1.225,-1,425.000,-1,400.000,-1,350.000,325.000,300.000,300.000,-1,-1,-1,-1,-1,-1,-1,-1,2,0,2,0,2,0,0,0,0,2,2,2,2,2,2,2,2
95,-9889.898,3921.101,310.043,192.413,-0.976651,0.214539,0.011220,-0.214820,-0.974705,-0.061667,-0.002293,-0.062638,0.998034,0,-0.23230,-0.61150,-13.938,-1.223,-1,425.000,-1,400.000,-1,350.000,325.000,300.000,300.000,-1,-1,-1,-1,-1,-1,-1,-1,2,0,2,0,2,0,0,0,0,2,2,2,2,2,2,2,2
96,-9876.168,3923.817,310.113,191.192,-0.980988,0.193719,0.011605,-0.194065,-0.979056,-0.061544,-0.000560,-0.062626,0.998037,0,-0.23327,-0.61055,-13.996,-1.221,-1,425.000,-1,400.000,-1,350.000,325.000,300.000,300.000,-1,-1,-1,-1,-1,-1,-1,-1,2,0,2,0,2,0,0,0,0,2,2,2,2,2,2,2,2
97,-9867.118,3925.448,310.113,190.211,-0.984151,0.176925,0.012014,-0.177330,-0.982221,-0.061610,0.000900,-0.062764,0.998028,0,-0.15327,-0.49055,-9.196,-0.981,-1,425.000,-1,400.000,-1,350.000,325.000,300.000,300.000,-1,-1,-1,-1,-1,-1,-1,-1,2,0,2,0,2,0,0,0,0,2,2,2,2,2,2,2,2
98,-9862.781,3926.171,310.126,189.470,-0.986351,0.164205,0.012187,-0.164646,-0.984426,-0.061628,0.001877,-0.062794,0.998025,0,-0.07327,-0.37055,-4.396,-0.741,-1,425.000,-1,400.000,-1,325.000,325.000,300.000,300.000,-1,-1,-1,-1,-1,-1,-1,-1,2,0,2,0,2,0,0,0,0,2,2,2,2,2,2,2,2
99,-9863.180,3926.108,310.160,188.969,-0.987747,0.155590,0.012134,-0.156044,-0.985828,-0.061590,0.002380,-0.062729,0.998028,0,0.00673,-0.25055,0.404,-0.501,-1,425.000,-1,400.000,-1,325.000,325.000,300.000,300.000,-1,-1,-1,-1,-1,975.000,-1,-1,2,0,2,0,2,0,0,0,0,2,2,2,2,2,1,2,2
100,-9868.324,3925.321,310.217,188.708,-0.988448,0.151097,0.011866,-0.151543,-0.986536,-0.061497,0.002414,-0.062585,0.998037,0,0.08673,-0.13055,5.204,-0.261,-1,425.000,-1,400.000,-1,325.000,325.000,300.000,300.000,-1,-1,-1,-1,-1,975.000,-1,-1,2,0,2,0,2,0,0,0,0,2,2,2,2,2,1,2,2
101,-9878.213,3923.810,310.213,188.687,-0.988505,0.150733,0.011691,-0.151169,-0.986584,-0.061638,0.002243,-0.062697,0.998030,0,0.16673,-0.01055,10.004,-0.021,-1,425.000,-1,400.000,-1,325.000,325.000,300.000,300.000,-1,-1,-1,-1,-1,975.000,-1,-1,2,0,2,0,2,0,0,0,0,2,2,2,2,2,1,2,2
102,-9892.838,3921.518,310.173,188.906,-0.987928,0.154499,0.011355,-0.154907,-0.985986,-0.061938,0.001627,-0.062949,0.998015,0,0.24673,0.10945,14.804,0.219,-1,425.000,-1,400.000,-1,350.000,325.000,300.000,300.000,-1,-1,-1,-1,-1,1000.000,-1,-1,2,0,2,0,2,0,0,0,0,2,2,2,2,2,1,2,2
103,-9912.190,3918.391,310.061,189.177,-0.987193,0.159166,0.010781,-0.159529,-0.985209,-0.062562,0.000664,-0.063481,0.997983,0,0.32673,0.13582,19.604,0.272,-1,425.000,-1,400.000,-1,325.000,325.000,300.000,300.000,-1,-1,-1,-1,-1,-1,-1,-1,2,0,2,0,2,0,0,0,0,2,2,2,2,2,2,2,2
104,-9936.262,3914.384,309.912,189.449,-0.986438,0.163824,0.010066,-0.164132,-0.984402,-0.063344,-0.000468,-0.064138,0.997941,0,0.40673,0.13569,24.404,0.271,-1,425.000,-1,400.000,-1,325.000,325.000,300.000,300.000,-1,-1,-1,-1,-1,-1,-1,-1,2,0,2,0,2,0,0,0,0,2,2,2,2,2,2,2,2
105,-9965.046,3909.453,309.719,189.720,-0.985664,0.168471,0.009212,-0.168714,-0.983567,-0.064281,-0.001769,-0.064914,0.997889,0,0.48673,0.13556,29.204,0.271,-1,425.000,-1,400.000,-1,325.000,325.000,300.000,300.000,-1,-1,-1,-1,-1,-1,-1,-1,2,0,2,0,2,0,0,0,0,2,2,2,2,2,2,2,2
106,-9998.534,3903.553,309.476,189.990,-0.984868,0.173109,0.008219,-0.173273,-0.982702,-0.065367,-0.003239,-0.065802,0.997827,0,0.56673,0.13542,34.004,0.271,-1,425.000,-1,400.000,-1,325.000,325.000,300.000,300.000,-1,-1,-1,-1,-1,-1,-1,-1,2,0,2,0,2,0,0,0,0,2,2,2,2,2,2,2,2
107,-10036.717,3896.640,309.177,190.261,-0.984053,0.177735,0.007088,-0.177810,-0.981809,-0.066594,-0.004877,-0.066792,0.997755,0,0.64673,0.13528,38.804,0.271,-1,425.000,-1,400.000,-1,325.000,325.000,300.000,300.000,-1,-1,-1,-1,-1,-1,-1,-1,2,0,2,0,2,0,0,0,0,2,2,2,2,2,2,2,2
108,-10079.585,3888.669,308.814,190.531,-0.983216,0.182351,0.005821,-0.182321,-0.980888,-0.067954,-0.006681,-0.067875,0.997671,0,0.72673,0.13512,43.604,0.270,-1,425.000,-1,400.000,-1,325.000,325.000,300.000,300.000,-1,-1,-1,-1,-1,-1,-1,-1,2,0,2,0,2,0,0,0,0,2,2,2,2,2,2,2,2
109,-10126.998,3879.827,308.392,190.562,-0.983130,0.182853,0.004423,-0.182715,-0.980709,-0.069459,-0.008363,-0.069096,0.997575,0,0.80383,0.01512,48.230,0.030,-1,425.000,-1,400.000,-1,325.000,325.000,300.000,300.000,-1,-1,-1,-1,-1,-1,-1,-1,2,0,2,1,2,0,0,0,0,2,2,2,2,2,2,2,2
110,-10174.625,3870.996,307.954,190.503,-0.983323,0.181841,0.003025,-0.181595,-0.980811,-0.070946,-0.009934,-0.070312,0.997476,0,0.80731,-0.02910,48.439,-0.058,-1,425.000,-1,475.000,-1,325.000,325.000,300.000,300.000,-1,-1,-1,-1,-1,-1,-1,-1,2,1,2,1,2,0,0,0,0,2,2,2,2,2,2,2,2
111,-10222.467,3862.175,307.498,190.445,-0.983512,0.180835,0.001629,-0.180476,-0.980911,-0.072405,-0.011495,-0.071505,0.997374,0,0.81081,-0.02895,48.648,-0.058,-1,-1,-1,550.000,-1,325.000,375.000,300.000,300.000,-1,-1,-1,-1,-1,-1,-1,-1,2,2,2,1,2,0,1,0,0,2,2,2,2,2,2,2,2
112,-10270.525,3853.364,307.025,190.388,-0.983697,0.179834,0.000236,-0.179360,-0.981009,-0.073836,-0.013047,-0.072674,0.997270,0,0.81432,-0.02878,48.859,-0.058,-1,-1,-1,625.000,-1,-1,675.000,300.000,300.000,-1,-1,-1,-1,-1,-1,-1,-1,2,2,2,1,2,2,1,0,0,2,2,2,2,2,2,2,2
113,-10318.800,3844.562,306.535,190.331,-0.983878,0.178839,-0.001154,-0.178247,-0.981105,-0.075239,-0.014588,-0.073820,0.997165,0,0.81784,-0.02860,49.071,-0.057,-1,-1,-1,700.000,-1,-1,-1,300.000,300.000,-1,-1,-1,-1,-1,-1,-1,-1,2,2,2,1,2,2,2,0,0,2,2,2,2,2,2,2,2
114,-10367.293,3835.771,306.027,190.274,-0.984054,0.177852,-0.002542,-0.177138,-0.981199,-0.076613,-0.016120,-0.074941,0.997058,0,0.82138,-0.02839,49.283,-0.057,-1,-1,-1,750.000,-1,-1,-1,300.000,300.000,-1,-1,-1,-1,-1,-1,-1,-1,2,2,2,1,2,2,2,0,0,2,2,2,2,2,2,2,2
115,-10416.004,3826.990,305.501,190.218,-0.984226,0.176873,-0.003927,-0.176034,-0.981292,-0.077960,-0.017642,-0.076039,0.996949,0,0.82494,-0.02816,49.496,-0.056,-1,-1,-1,825.000,-1,-1,-1,300.000,300.000,-1,-1,-1,-1,-1,-1,-1,-1,2,2,2,1,2,2,2,0,0,2,2,2,2,2,2,2,2
116,-10464.935,3818.220,304.572,190.162,-0.984385,0.175921,-0.006083,-0.174922,-0.981490,-0.077976,-0.019688,-0.075694,0.996937,0,0.82851,-0.02791,49.710,-0.056,-1,-1,-1,900.000,-1,-1,-1,300.000,300.000,-1,-1,-1,-1,-1,-1,-1,-1,2,2,2,1,2,2,2,0,0,2,2,2,2,2,2,2,2
117,-10514.087,3809.466,301.075,190.106,-0.984407,0.175097,-0.016864,-0.173534,-0.982346,-0.069870,-0.028800,-0.065854,0.997414,0,0.83209,-0.02763,49.925,-0.055,-1,-1,-1,925.000,-1,-1,-1,300.000,275.000,-1,-1,-1,-1,-1,-1,-1,-1,2,2,2,1,2,2,2,0,0,2,2,2,2,2,2,2,2
118,-10563.460,3800.715,295.495,190.052,-0.984192,0.174193,-0.031988,-0.171666,-0.982694,-0.069587,-0.043556,-0.062996,0.997063,0,0.83569,-0.02732,50.141,-0.055,-1,-1,-1,900.000,-1,-1,-1,300.000,250.000,-1,-1,-1,-1,-1,-1,-1,-1,2,2,2,1,2,2,2,0,0,2,2,2,2,2,2,2,2
119,-10613.054,3791.950,284.939,189.998,-0.983131,0.173071,-0.059153,-0.167390,-0.981742,-0.090351,-0.073710,-0.078925,0.994152,0,0.83930,-0.02697,50.358,-0.054,-1,-1,-1,800.000,-1,-1,-1,250.000,250.000,-1,-1,-1,-1,-1,-1,-1,-1,2,2,2,1,2,2,2,0,0,2,2,2,2,2,2,2,2
120,4263.556,-3607.612,395.255,12.948,0.974595,-0.223796,0.008954,0.223966,0.973413,-0.048018,0.002030,0.048804,0.998806,1,0.00000,0.00000,50.575,-0.053,-1,400.000,-1,400.000,-1,325.000,325.000,300.000,325.000,-1,-1,-1,-1,825.000,775.000,-1,-1,2,0,2,0,2,0,0,0,0,2,2,2,2,0,0,2,2
121,4268.238,-3606.557,395.258,12.708,0.975522,-0.219717,0.009023,0.219895,0.974345,-0.047942,0.001742,0.048753,0.998809,0,0.08000,-0.12000,4.800,-0.240,-1,400.000,-1,400.000,-1,325.000,325.000,300.000,325.000,-1,-1,-1,-1,825.000,775.000,-1,-1,2,0,2,0,2,0,0,0,0,2,2,2,2,0,0,2,2
122,4277.621,-3604.523,395.261,12.228,0.977325,-0.211548,0.009164,0.211743,0.976156,-0.047795,0.001166,0.048652,0.998815,0,0.16000,-0.24000,9.600,-0.480,-1,400.000,-1,400.000,-1,325.000,325.000,300.000,325.000,-1,-1,-1,-1,825.000,775.000,-1,-1,2,0,2,0,2,0,0,0,0,2,2,2,2,0,0,2,2
123,4291.732,-3601.651,395.258,11.508,0.979900,-0.199266,0.009380,0.199487,0.978744,-0.047587,0.000302,0.048502,0.998823,0,0.24000,-0.36000,14.400,-0.720,-1,400.000,-1,400.000,-1,325.000,325.000,300.000,325.000,-1,-1,-1,-1,825.000,775.000,-1,-1,2,0,2,0,2,0,0,0,0,2,2,2,2,0,0,2,2
124,4310.607,-3598.136,395.238,10.548,0.983095,-0.182842,0.009679,0.183096,0.981955,-0.047332,-0.000850,0.048304,0.998832,0,0.32000,-0.48000,19.200,-0.960,-1,400.000,-1,400.000,-1,325.000,325.000,300.000,325.000,-1,-1,-1,-1,825.000,775.000,-1,-1,2,0,2,0,2,0,0,0,0,2,2,2,2,0,0,2,2
125,4334.289,-3594.238,395.191,9.348,0.986700,-0.162239,0.010068,0.162535,0.985580,-0.047048,-0.002290,0.048059,0.998842,0,0.40000,-0.60000,24.000,-1.200,-1,400.000,-1,400.000,-1,325.000,325.000,300.000,325.000,-1,-1,-1,-1,825.000,775.000,-1,-1,2,0,2,0,2,0,0,0,0,2,2,2,2,0,0,2,2
126,4362.816,-3590.276,395.102,7.908,0.990456,-0.137422,0.010553,0.137768,0.989360,-0.046760,-0.004015,0.047768,0.998850,0,0.48000,-0.72000,28.800,-1.440,-1,400.000,-1,400.000,-1,325.000,325.000,300.000,325.000,-1,-1,-1,-1,825.000,775.000,-1,-1,2,0,2,0,2,0,0,0,0,2,2,2,2,0,0,2,2
127,4396.214,-3586.601,394.955,6.280,0.993950,-0.109270,0.011136,0.109673,0.992880,-0.046497,-0.005976,0.047437,0.998856,0,0.56000,-0.81373,33.600,-1.627,-1,400.000,-1,400.000,-1,325.000,325.000,300.000,325.000,-1,-1,-1,-1,825.000,775.000,-1,-1,2,0,2,0,2,0,0,0,0,2,2,2,2,0,0,2,2
128,4434.488,-3583.483,394.740,4.658,0.996635,-0.081119,0.011806,0.081582,0.995592,-0.046274,-0.008000,0.047081,0.998859,0,0.64000,-0.81113,38.400,-1.622,-1,400.000,-1,400.000,-1,325.000,325.000,300.000,325.000,-1,-1,-1,-1,825.000,750.000,-1,-1,2,0,2,0,2,0,0,0,0,2,2,2,2,0,0,2,2
129,4477.628,-3581.191,394.445,3.042,0.998515,-0.053005,0.012559,0.053532,0.997501,-0.046112,-0.010084,0.046716,0.998857,0,0.72000,-0.80815,43.200,-1.616,-1,400.000,-1,400.000,-1,325.000,325.000,325.000,325.000,-1,-1,-1,-1,800.000,750.000,-1,-1,2,0,2,0,2,0,0,0,0,2,2,2,2,0,0,2,2
130,4525.613,-3579.992,394.057,1.432,0.999599,-0.024967,0.013390,0.025559,0.998613,-0.046031,-0.012222,0.046355,0.998850,0,0.80000,-0.80476,48.000,-1.610,-1,400.000,-1,400.000,-1,325.000,325.000,325.000,325.000,-1,-1,-1,-1,800.000,750.000,-1,-1,2,0,2,0,2,0,0,0,0,2,2,2,2,0,0,2,2
131,4568.813,-3579.993,393.661,-0.002,0.999900,0.000028,0.014132,0.000622,0.998939,-0.046049,-0.014119,0.046053,0.998839,0,0.72000,-0.71692,43.200,-1.434,-1,400.000,-1,400.000,-1,325.000,325.000,325.000,325.000,-1,-1,-1,-1,800.000,750.000,-1,-1,2,0,2,0,2,0,0,0,0,2,2,2,2,0,0,2,2
132,4607.202,-3580.951,393.121,-1.428,0.999585,0.024901,0.014488,-0.024213,0.998656,-0.045824,-0.015609,0.045454,0.998844,0,0.64000,-0.71335,38.400,-1.427,-1,400.000,-1,400.000,-1,325.000,325.000,325.000,325.000,-1,-1,-1,-1,800.000,750.000,-1,-1,2,0,2,0,2,0,0,0,0,2,2,2,2,0,0,2,2
133,4640.761,-3582.621,392.531,-2.848,0.998659,0.049641,0.014673,-0.048929,0.997767,-0.045460,-0.016897,0.044681,0.998858,0,0.56000,-0.70997,33.600,-1.420,-1,400.000,-1,375.000,-1,325.000,325.000,325.000,325.000,-1,-1,-1,-1,800.000,725.000,-1,-1,2,0,2,0,2,0,0,0,0,2,2,2,2,0,0,2,2
134,4669.481,-3584.762,391.998,-4.262,0.997130,0.074243,0.014833,-0.073507,0.996271,-0.045182,-0.018132,0.043962,0.998869,0,0.48000,-0.70680,28.800,-1.414,-1,400.000,-1,375.000,-1,325.000,325.000,325.000,325.000,-1,-1,-1,-1,800.000,725.000,-1,-1,2,0,2,0,2,0,0,0,0,2,2,2,2,0,0,2,2
135,4693.364,-3587.134,391.533,-5.670,0.995005,0.098700,0.014970,-0.097941,0.994175,-0.044979,-0.019322,0.043289,0.998876,0,0.40000,-0.70390,24.000,-1.408,-1,400.000,-1,375.000,-1,325.000,325.000,325.000,325.000,-1,-1,-1,-1,775.000,725.000,-1,-1,2,0,2,0,2,0,0,0,0,2,2,2,2,0,0,2,2
136,4712.418,-3589.498,391.146,-7.072,0.992291,0.123008,0.015087,-0.122227,0.991489,-0.044842,-0.020474,0.042653,0.998880,0,0.32000,-0.70127,19.200,-1.403,-1,400.000,-1,375.000,-1,325.000,325.000,325.000,325.000,-1,-1,-1,-1,775.000,725.000,-1,-1,2,0,2,0,2,0,0,0,0,2,2,2,2,0,0,2,2
137,4726.661,-3591.620,390.845,-8.470,0.988996,0.147162,0.015188,-0.146359,0.988218,-0.044761,-0.021596,0.042045,0.998882,0,0.24000,-0.69892,14.400,-1.398,-1,400.000,-1,375.000,-1,325.000,325.000,325.000,325.000,-1,-1,-1,-1,775.000,725.000,-1,-1,2,0,2,0,2,0,0,0,0,2,2,2,2,0,0,2,2
138,4736.120,-3593.265,390.641,-9.864,0.985125,0.171159,0.015280,-0.170335,0.984371,-0.044725,-0.022696,0.041457,0.998882,0,0.16000,-0.69688,9.600,-1.394,-1,400.000,-1,375.000,-1,325.000,325.000,325.000,325.000,-1,-1,-1,-1,775.000,725.000,-1,-1,2,0,2,0,2,0,0,0,0,2,2,2,2,0,0,2,2
139,4740.828,-3594.202,390.542,-11.254,0.980683,0.194997,0.015368,-0.194151,0.979952,-0.044727,-0.023781,0.040879,0.998881,0,0.08000,-0.69514,4.800,-1.390,-1,400.000,-1,375.000,-1,325.000,325.000,325.000,325.000,-1,-1,-1,-1,775.000,725.000,-1,-1,2,0,2,0,2,0,0,0,0,2,2,2,2,0,0,2,2
140,4740.828,-3594.202,390.556,-12.641,0.975676,0.218672,0.015458,-0.217803,0.974966,-0.044755,-0.024857,0.040299,0.998878,0,-0.00000,-0.69369,-0.000,-1.387,-1,400.000,-1,375.000,-1,325.000,325.000,325.000,325.000,-1,-1,-1,-1,775.000,725.000,-1,-1,2,0,2,0,2,0,0,0,0,2,2,2,2,0,0,2,2
