timestep,x_cm,y_cm,z_cm,yaw_deg,basis_xx,basis_xy,basis_xz,basis_yx,basis_yy,basis_yz,basis_zx,basis_zy,basis_zz,teleport_flag,throttle_cmd,steering_cmd,cmd_move_cm,cmd_turn_deg,lidar_cm_0,lidar_cm_1,lidar_cm_2,lidar_cm_3,lidar_cm_4,lidar_cm_5,lidar_cm_6,lidar_cm_7,lidar_cm_8,lidar_cm_9,lidar_cm_10,lidar_cm_11,lidar_cm_12,lidar_cm_13,lidar_cm_14,lidar_cm_15,lidar_cm_16,lidar_class_0,lidar_class_1,lidar_class_2,lidar_class_3,lidar_class_4,lidar_class_5,lidar_class_6,lidar_class_7,lidar_class_8,lidar_class_9,lidar_class_10,lidar_class_11,lidar_class_12,lidar_class_13,lidar_class_14,lidar_class_15,lidar_class_16
0,-5571.372,-325.388,80.449,32.470,0.842766,-0.536817,0.039659,0.536849,0.843610,0.010737,-0.039220,0.012242,0.999156,1,0.08000,-0.12000,4.800,-0.240,-1,400.000,-1,400.000,-1,325.000,325.000,300.000,300.000,-1,-1,-1,-1,750.000,775.000,-1,-1,2,0,2,0,2,0,0,0,0,2,2,2,2,0,0,2,2
1,-5563.230,-320.303,80.077,31.990,0.847239,-0.529733,0.039605,0.529755,0.848082,0.010799,-0.039309,0.011832,0.999157,0,0.16000,-0.24000,9.600,-0.480,-1,400.000,-1,400.000,-1,325.000,325.000,300.000,300.000,-1,-1,-1,-1,750.000,775.000,-1,-1,2,0,2,0,2,0,0,0,0,2,2,2,2,0,0,2,2
2,-5550.922,-312.828,79.517,31.270,0.853837,-0.519038,0.039528,0.519045,0.854678,0.010888,-0.039435,0.011220,0.999159,0,0.24000,-0.36000,14.400,-0.720,-1,400.000,-1,400.000,-1,325.000,325.000,300.000,300.000,-1,-1,-1,-1,750.000,775.000,-1,-1,2,0,2,0,2,0,0,0,0,2,2,2,2,0,0,2,2
3,-5534.346,-303.138,78.768,30.310,0.862423,-0.504650,0.039430,0.504637,0.863261,0.010999,-0.039589,0.010412,0.999162,0,0.32000,-0.48000,19.200,-0.960,-1,400.000,-1,400.000,-1,325.000,325.000,300.000,300.000,-1,-1,-1,-1,750.000,775.000,-1,-1,2,0,2,0,2,0,0,0,0,2,2,2,2,0,0,2,2
4,-5513.378,-291.463,77.827,29.110,0.872815,-0.486465,0.039315,0.486429,0.873649,0.011125,-0.039759,0.009413,0.999165,0,0.40000,-0.60000,24.000,-1.200,-1,400.000,-1,400.000,-1,325.000,325.000,300.000,300.000,-1,-1,-1,-1,750.000,775.000,-1,-1,2,0,2,0,2,0,0,0,0,2,2,2,2,0,0,2,2
5,-5487.871,-278.089,76.692,27.670,0.884778,-0.464362,0.039186,0.464298,0.885607,0.011259,-0.039932,0.008233,0.999169,0,0.48000,-0.72000,28.800,-1.440,-1,400.000,-1,400.000,-1,325.000,325.000,300.000,300.000,-1,-1,-1,-1,750.000,775.000,-1,-1,2,0,2,0,2,0,0,0,0,2,2,2,2,0,0,2,2
6,-5457.709,-263.283,75.362,26.144,0.896841,-0.440626,0.039063,0.440534,0.897664,0.011391,-0.040085,0.006993,0.999172,0,0.56000,-0.76272,33.600,-1.525,-1,400.000,-1,400.000,-1,325.000,325.000,300.000,300.000,-1,-1,-1,-1,750.000,775.000,-1,-1,2,0,2,0,2,0,0,0,0,2,2,2,2,0,0,2,2
7,-5422.802,-247.282,73.833,24.626,0.908214,-0.416689,0.038957,0.416570,0.909031,0.011508,-0.040208,0.005777,0.999175,0,0.64000,-0.75917,38.400,-1.518,-1,400.000,-1,400.000,-1,325.000,325.000,300.000,300.000,-1,-1,-1,-1,750.000,775.000,-1,-1,2,0,2,0,2,0,0,0,0,2,2,2,2,0,0,2,2
8,-5383.070,-230.322,72.103,23.116,0.918892,-0.392590,0.038867,0.392445,0.919702,0.011591,-0.040297,0.004603,0.999177,0,0.72000,-0.75508,43.200,-1.510,-1,400.000,-1,400.000,-1,325.000,325.000,300.000,300.000,-1,-1,-1,-1,750.000,775.000,-1,-1,2,0,2,0,2,0,0,0,0,2,2,2,2,0,0,2,2
9,-5338.446,-212.640,70.194,21.615,0.928874,-0.368368,0.038707,0.368199,0.929674,0.011679,-0.040287,0.003404,0.999182,0,0.80000,-0.75042,48.000,-1.501,-1,400.000,-1,400.000,-1,325.000,325.000,300.000,300.000,-1,-1,-1,-1,750.000,775.000,-1,-1,2,0,2,0,2,0,0,0,0,2,2,2,2,0,0,2,2
10,-5288.869,-194.474,68.052,20.125,0.938149,-0.344064,0.038693,0.343876,0.938943,0.011636,-0.040334,0.002389,0.999183,0,0.88000,-0.74520,52.800,-1.490,-1,400.000,-1,400.000,-1,325.000,325.000,300.000,300.000,-1,-1,-1,-1,750.000,800.000,-1,-1,2,0,2,0,2,0,0,0,0,2,2,2,2,0,0,2,2
11,-5235.410,-176.435,65.704,18.646,0.946714,-0.319718,0.038896,0.319519,0.947511,0.011388,-0.040495,0.001646,0.999178,0,0.94035,-0.73943,56.421,-1.479,-1,400.000,-1,400.000,-1,325.000,325.000,300.000,300.000,-1,-1,-1,-1,750.000,800.000,-1,-1,2,0,2,0,2,0,0,0,0,2,2,2,2,0,0,2,2
12,-5181.519,-159.774,63.359,17.179,0.954584,-0.295365,0.039104,0.295159,0.955384,0.011054,-0.040625,0.000990,0.999174,0,0.94012,-0.73323,56.407,-1.466,-1,400.000,-1,400.000,-1,325.000,325.000,300.000,300.000,-1,-1,-1,-1,750.000,800.000,-1,-1,2,0,2,0,2,0,0,0,0,2,2,2,2,0,0,2,2
13,-5127.270,-144.500,60.993,15.725,0.961759,-0.271027,0.039539,0.270812,0.962572,0.010811,-0.040990,0.000310,0.999160,0,0.93931,-0.72700,56.359,-1.454,-1,400.000,-1,400.000,-1,325.000,325.000,300.000,300.000,-1,-1,-1,-1,750.000,800.000,-1,-1,2,0,2,0,2,0,0,0,0,2,2,2,2,0,0,2,2
14,-5072.733,-130.615,58.580,14.284,0.968256,-0.246725,0.040083,0.246492,0.969085,0.010736,-0.041492,-0.000515,0.999139,0,0.93795,-0.72081,56.277,-1.442,-1,400.000,-1,400.000,-1,325.000,325.000,300.000,300.000,-1,-1,-1,-1,750.000,800.000,-1,-1,2,0,2,0,2,0,0,0,0,2,2,2,2,0,0,2,2
15,-5017.976,-118.121,56.173,12.853,0.974098,-0.222447,0.040630,0.222199,0.974944,0.010580,-0.041966,-0.001278,0.999118,0,0.93607,-0.71548,56.164,-1.431,-1,400.000,-1,400.000,-1,325.000,325.000,300.000,300.000,-1,-1,-1,-1,750.000,800.000,-1,-1,2,0,2,0,2,0,0,0,0,2,2,2,2,0,0,2,2
16,-4963.062,-107.021,53.775,11.427,0.979312,-0.198121,0.041179,0.197861,0.980176,0.010349,-0.042414,-0.001988,0.999098,0,0.93373,-0.71284,56.024,-1.426,-1,400.000,-1,400.000,-1,325.000,325.000,300.000,300.000,-1,-1,-1,-1,750.000,800.000,-1,-1,2,0,2,0,2,0,0,0,0,2,2,2,2,0,0,2,2
17,-4908.052,-97.316,51.387,10.006,0.983906,-0.173747,0.041727,0.173476,0.984787,0.010049,-0.042839,-0.002649,0.999078,0,0.93100,-0.71069,55.860,-1.421,-1,400.000,-1,400.000,-1,325.000,325.000,300.000,300.000,-1,-1,-1,-1,750.000,800.000,-1,-1,2,0,2,0,2,0,0,0,0,2,2,2,2,0,0,2,2
18,-4853.000,-89.002,49.010,8.588,0.987885,-0.149322,0.042272,0.149043,0.988783,0.009686,-0.043245,-0.003268,0.999059,0,0.92794,-0.70904,55.676,-1.418,-1,400.000,-1,400.000,-1,325.000,325.000,300.000,300.000,-1,-1,-1,-1,750.000,800.000,-1,-1,2,0,2,0,2,0,0,0,0,2,2,2,2,0,0,2,2
19,-4802.548,-82.441,46.844,7.410,0.990727,-0.128961,0.042768,0.128678,0.991643,0.009310,-0.043611,-0.003721,0.999042,0,0.84794,-0.58904,50.876,-1.178,-1,400.000,-1,400.000,-1,325.000,325.000,300.000,300.000,-1,-1,-1,-1,750.000,800.000,-1,-1,2,0,2,0,2,0,0,0,0,2,2,2,2,0,0,2,2
20,-4753.488,-76.876,44.749,6.472,0.992686,-0.112709,0.043248,0.112426,0.993620,0.008921,-0.043977,-0.003993,0.999025,0,0.82291,-0.46904,49.375,-0.938,-1,400.000,-1,400.000,-1,325.000,325.000,300.000,300.000,-1,-1,-1,-1,750.000,800.000,-1,-1,2,0,2,0,2,0,0,0,0,2,2,2,2,0,0,2,2
21,-4704.530,-71.926,42.667,5.773,0.993966,-0.100594,0.043725,0.100316,0.994919,0.008521,-0.044360,-0.004083,0.999007,0,0.82012,-0.34904,49.207,-0.698,-1,400.000,-1,400.000,-1,325.000,325.000,300.000,300.000,-1,-1,-1,-1,750.000,800.000,-1,-1,2,0,2,0,2,0,0,0,0,2,2,2,2,0,0,2,2
22,-4655.678,-67.465,40.597,5.218,0.994875,-0.090943,0.044199,0.090672,0.995848,0.008112,-0.044753,-0.004062,0.998990,0,0.81758,-0.27777,49.055,-0.556,-1,400.000,-1,400.000,-1,325.000,325.000,300.000,300.000,-1,-1,-1,-1,750.000,800.000,-1,-1,2,0,2,0,2,0,0,0,0,2,2,2,2,0,0,2,2
23,-4606.926,-63.489,38.507,4.662,0.995694,-0.081270,0.044599,0.081011,0.996684,0.007575,-0.045067,-0.003929,0.998976,0,0.81523,-0.27815,48.914,-0.556,-1,400.000,-1,400.000,-1,325.000,325.000,300.000,300.000,-1,-1,-1,-1,750.000,800.000,-1,-1,2,0,2,0,2,0,0,0,0,2,2,2,2,0,0,2,2
24,-4558.275,-59.999,36.250,4.104,0.996423,-0.071565,0.044939,0.071333,0.997430,0.006764,-0.045307,-0.003534,0.998967,0,0.81294,-0.27883,48.777,-0.558,-1,400.000,-1,400.000,-1,325.000,325.000,300.000,300.000,-1,-1,-1,-1,750.000,800.000,-1,-1,2,0,2,0,2,0,0,0,0,2,2,2,2,0,0,2,2
25,-4508.324,-56.901,33.856,3.548,0.997053,-0.061891,0.045321,0.061663,0.998076,0.006410,-0.045630,-0.003596,0.998952,0,0.83411,-0.27777,50.046,-0.556,-1,400.000,-1,400.000,-1,325.000,325.000,300.000,300.000,-1,-1,-1,-1,775.000,800.000,-1,-1,2,0,2,0,2,0,0,0,0,2,2,2,2,0,0,2,2
26,-4458.468,-54.292,31.472,2.996,0.997586,-0.052272,0.045706,0.052050,0.998626,0.006049,-0.045959,-0.003655,0.998937,0,0.83208,-0.27601,49.925,-0.552,-1,400.000,-1,400.000,-1,325.000,325.000,300.000,300.000,-1,-1,-1,-1,775.000,800.000,-1,-1,2,0,2,0,2,0,0,0,0,2,2,2,2,0,0,2,2
27,-4408.720,-52.166,29.097,2.447,0.998024,-0.042699,0.046095,0.042482,0.999081,0.005681,-0.046295,-0.003711,0.998921,0,0.82988,-0.27456,49.793,-0.549,-1,400.000,-1,400.000,-1,325.000,325.000,300.000,300.000,-1,-1,-1,-1,775.000,800.000,-1,-1,2,0,2,0,2,0,0,0,0,2,2,2,2,0,0,2,2
28,-4359.097,-50.519,26.733,1.900,0.998368,-0.033162,0.046487,0.032951,0.999443,0.005305,-0.046637,-0.003765,0.998905,0,0.82752,-0.27341,49.651,-0.547,-1,400.000,-1,400.000,-1,325.000,325.000,300.000,300.000,-1,-1,-1,-1,775.000,800.000,-1,-1,2,0,2,0,2,0,0,0,0,2,2,2,2,0,0,2,2
29,-4309.608,-49.348,24.380,1.355,0.998620,-0.023652,0.046883,0.023446,0.999713,0.004924,-0.046986,-0.003818,0.998888,0,0.82505,-0.27258,49.503,-0.545,-1,400.000,-1,400.000,-1,325.000,325.000,300.000,300.000,-1,-1,-1,-1,775.000,800.000,-1,-1,2,0,2,0,2,0,0,0,0,2,2,2,2,0,0,2,2
30,-4260.263,-48.650,22.036,0.811,0.998781,-0.014157,0.047281,0.013958,0.999892,0.004535,-0.047340,-0.003870,0.998871,0,0.82250,-0.27205,49.350,-0.544,-1,400.000,-1,400.000,-1,325.000,325.000,300.000,300.000,-1,-1,-1,-1,775.000,800.000,-1,-1,2,0,2,0,2,0,0,0,0,2,2,2,2,0,0,2,2
31,-4211.069,-48.420,19.702,0.267,0.998852,-0.004668,0.047681,0.004476,0.999981,0.004141,-0.047700,-0.003922,0.998854,0,0.81991,-0.27184,49.194,-0.544,-1,400.000,-1,400.000,-1,325.000,325.000,300.000,300.000,-1,-1,-1,-1,775.000,775.000,-1,-1,2,0,2,0,2,0,0,0,0,2,2,2,2,0,0,2,2
32,-4162.030,-48.656,17.377,-0.276,0.998832,0.004824,0.048084,-0.005009,0.999980,0.003739,-0.048065,-0.003976,0.998836,0,0.81732,-0.27193,49.039,-0.544,-1,400.000,-1,400.000,-1,325.000,325.000,300.000,300.000,-1,-1,-1,-1,775.000,775.000,-1,-1,2,0,2,0,2,0,0,0,0,2,2,2,2,0,0,2,2
33,-4113.150,-49.357,15.061,-0.821,0.998721,0.014329,0.048490,-0.014508,0.999889,0.003332,-0.048437,-0.004031,0.998818,0,0.81476,-0.27233,48.886,-0.545,-1,400.000,-1,400.000,-1,325.000,325.000,300.000,300.000,-1,-1,-1,-1,750.000,775.000,-1,-1,2,0,2,0,2,0,0,0,0,2,2,2,2,0,0,2,2
34,-4064.427,-50.520,12.753,-1.367,0.998519,0.023858,0.048897,-0.024030,0.999707,0.002918,-0.048813,-0.004089,0.998800,0,0.81227,-0.27303,48.736,-0.546,-1,400.000,-1,400.000,-1,325.000,325.000,300.000,300.000,-1,-1,-1,-1,750.000,775.000,-1,-1,2,0,2,0,2,0,0,0,0,2,2,2,2,0,0,2,2
35,-4015.861,-52.144,10.454,-1.915,0.998224,0.033420,0.049307,-0.033584,0.999433,0.002498,-0.049196,-0.004149,0.998781,0,0.80989,-0.27403,48.593,-0.548,-1,400.000,-1,400.000,-1,325.000,325.000,300.000,300.000,-1,-1,-1,-1,750.000,775.000,-1,-1,2,0,2,0,2,0,0,0,0,2,2,2,2,0,0,2,2
36,-3967.447,-54.229,8.161,-2.466,0.997836,0.043023,0.049719,-0.043179,0.999065,0.002071,-0.049583,-0.004214,0.998761,0,0.80765,-0.27532,48.459,-0.551,-1,400.000,-1,400.000,-1,325.000,325.000,300.000,300.000,-1,-1,-1,-1,775.000,-1,-1,-1,2,0,2,0,2,0,0,0,0,2,2,2,2,1,2,2,2
37,-3914.425,-57.184,5.541,-3.191,0.997195,0.055661,0.050035,-0.055822,0.998439,0.001835,-0.049854,-0.004623,0.998746,0,0.88507,-0.36249,53.104,-0.725,-1,400.000,-1,400.000,-1,325.000,325.000,300.000,300.000,-1,-1,-1,-1,800.000,-1,-1,-1,2,0,2,0,2,0,0,0,0,2,2,2,2,1,2,2,2
38,-3861.029,-60.840,2.782,-3.916,0.996395,0.068295,0.050334,-0.068452,0.997653,0.001411,-0.050119,-0.004852,0.998731,0,0.89203,-0.36265,53.522,-0.725,-1,400.000,-1,400.000,-1,325.000,325.000,300.000,300.000,-1,-1,-1,-1,825.000,-1,-1,-1,2,0,2,0,2,0,0,0,0,2,2,2,2,1,2,2,2
39,-3807.262,-65.205,0.055,-4.641,0.995441,0.080918,0.050498,-0.081082,0.996707,0.001189,-0.050235,-0.005278,0.998723,0,0.89906,-0.36266,53.943,-0.725,-1,400.000,-1,400.000,-1,325.000,325.000,300.000,300.000,-1,-1,-1,-1,875.000,-1,-1,-1,2,0,2,0,2,0,0,0,0,2,2,2,2,1,2,2,2
40,-3753.131,-70.290,-2.685,-5.366,0.994328,0.093524,0.050648,-0.093695,0.995600,0.001000,-0.050331,-0.005740,0.998716,0,0.90616,-0.36253,54.369,-0.725,-1,400.000,-1,400.000,-1,325.000,325.000,300.000,275.000,-1,-1,-1,-1,925.000,-1,-1,-1,2,0,2,0,2,0,0,0,0,2,2,2,2,1,2,2,2
41,-3701.740,-75.556,-5.291,-5.852,0.993491,0.101950,0.050803,-0.102122,0.994772,0.000804,-0.050455,-0.005987,0.998708,0,0.86100,-0.24253,51.660,-0.485,-1,400.000,-1,400.000,-1,325.000,325.000,300.000,275.000,-1,-1,-1,-1,975.000,-1,-1,-1,2,0,2,0,2,0,0,0,0,2,2,2,2,1,2,2,2
42,-3649.967,-81.086,-7.926,-6.097,0.993037,0.106203,0.050975,-0.106371,0.994326,0.000579,-0.050624,-0.005997,0.998700,0,0.86779,-0.12253,52.068,-0.245,-1,400.000,-1,400.000,-1,325.000,325.000,300.000,275.000,-1,-1,-1,-1,-1,-1,-1,-1,2,0,2,0,2,0,0,0,0,2,2,2,2,2,2,2,2
43,-3597.788,-86.664,-10.593,-6.102,0.993018,0.106292,0.051164,-0.106447,0.994318,0.000318,-0.050840,-0.005762,0.998690,0,0.87461,-0.00253,52.476,-0.005,-1,425.000,-1,400.000,-1,325.000,325.000,300.000,275.000,-1,-1,-1,-1,-1,-1,-1,-1,2,1,2,1,2,0,0,0,0,2,2,2,2,2,2,2,2
44,-3545.179,-92.070,-13.295,-5.867,0.993435,0.102214,0.051371,-0.102350,0.994748,0.000015,-0.051100,-0.005272,0.998680,0,0.88143,0.11747,52.886,0.235,-1,450.000,-1,625.000,-1,350.000,325.000,300.000,275.000,-1,-1,-1,-1,-1,-1,-1,-1,2,1,2,1,2,1,1,0,0,2,2,2,2,2,2,2,2
45,-3492.119,-97.078,-16.035,-5.392,0.994237,0.093965,0.051601,-0.094073,0.995565,-0.000337,-0.051404,-0.004519,0.998668,0,0.88826,0.23747,53.296,0.475,-1,500.000,-1,775.000,-1,400.000,450.000,300.000,275.000,-1,-1,-1,-1,-1,-1,-1,-1,2,1,2,1,2,1,1,0,0,2,2,2,2,2,2,2,2
46,-3438.594,-101.457,-18.815,-4.677,0.995320,0.081536,0.051857,-0.081607,0.996664,-0.000746,-0.051745,-0.003490,0.998654,0,0.89506,0.35747,53.704,0.715,-1,525.000,-1,900.000,-1,450.000,600.000,300.000,275.000,-1,-1,-1,-1,-1,-1,-1,-1,2,1,2,1,2,1,1,0,0,2,2,2,2,2,2,2,2
47,-3384.601,-104.970,-21.632,-3.722,0.996526,0.064915,0.052164,-0.064940,0.997888,-0.001201,-0.052132,-0.002191,0.998638,0,0.90179,0.47747,54.107,0.955,-1,550.000,-1,-1,-1,500.000,725.000,300.000,275.000,-1,-1,-1,-1,-1,-1,-1,-1,2,1,2,2,2,1,1,0,0,2,2,2,2,2,2,2,2
48,-3330.152,-107.373,-24.434,-2.527,0.997637,0.044091,0.052694,-0.044072,0.999027,-0.001521,-0.052710,-0.000805,0.998610,0,0.90837,0.59747,54.502,1.195,-1,550.000,-1,-1,-1,550.000,-1,300.000,275.000,-1,-1,-1,-1,-1,-1,-1,-1,2,1,2,2,2,1,2,0,0,2,2,2,2,2,2,2,2
49,-3275.281,-108.534,-27.461,-1.213,0.998330,0.021161,0.053747,-0.021127,0.999776,-0.001185,-0.053760,0.000047,0.998554,0,0.91471,0.65726,54.883,1.315,-1,550.000,-1,-1,-1,575.000,-1,300.000,275.000,-1,-1,-1,-1,-1,-1,-1,-1,2,1,2,2,2,1,2,0,0,2,2,2,2,2,2,2,2
50,-3220.034,-108.450,-36.940,0.089,0.997282,-0.001556,0.073667,0.002830,0.999848,-0.017197,-0.073629,0.017359,0.997135,0,0.92074,0.65082,55.244,1.302,-1,500.000,-1,-1,-1,500.000,-1,300.000,250.000,-1,-1,-1,-1,-1,-1,-1,-1,2,1,2,2,2,1,2,0,0,2,2,2,2,2,2,2,2
51,-3164.461,-107.113,-46.800,1.376,0.995165,-0.024001,0.095242,0.027392,0.999031,-0.034455,-0.094322,0.036898,0.994858,0,0.92641,0.64353,55.585,1.287,-1,450.000,-1,-1,-1,450.000,625.000,300.000,200.000,-1,-1,-1,-1,-1,-1,-1,-1,2,1,2,2,2,1,1,0,0,2,2,2,2,2,2,2,2
52,-3108.619,-104.527,-56.668,2.647,0.992016,-0.046102,0.117382,0.052466,0.997283,-0.051719,-0.114679,0.057465,0.991739,0,0.93162,0.63527,55.897,1.271,650.000,400.000,-1,-1,-1,400.000,550.000,300.000,175.000,-1,-1,-1,-1,-1,-1,575.000,-1,0,1,2,2,2,1,1,0,0,2,2,2,2,2,2,0,2
53,-3052.570,-100.699,-66.219,3.899,0.987959,-0.067783,0.139080,0.077820,0.994643,-0.068044,-0.133722,0.078048,0.987941,0,0.93622,0.62590,56.173,1.252,475.000,375.000,-1,-1,-1,350.000,475.000,325.000,125.000,-1,-1,-1,-1,-1,-1,400.000,-1,0,1,2,2,2,1,1,0,0,2,2,2,2,2,2,1,2
54,-2295.771,-4919.492,-100.249,119.018,-0.483105,-0.874192,0.048971,0.873784,-0.484932,-0.036638,0.055777,0.025090,0.998128,1,0.00000,0.00000,56.402,1.231,-1,400.000,-1,400.000,-1,325.000,325.000,300.000,300.000,-1,-1,-1,-1,775.000,800.000,-1,-1,2,0,2,0,2,0,0,0,0,2,2,2,2,0,0,2,2
55,-2298.117,-4915.304,-99.968,119.258,-0.486772,-0.872159,0.048910,0.871744,-0.488593,-0.036589,0.055808,0.024826,0.998133,0,0.08000,0.12000,4.800,0.240,-1,400.000,-1,400.000,-1,325.000,325.000,300.000,300.000,-1,-1,-1,-1,775.000,800.000,-1,-1,2,0,2,0,2,0,0,0,0,2,2,2,2,0,0,2,2
56,-2302.879,-4906.968,-99.404,119.738,-0.494081,-0.868046,0.048785,0.867619,-0.495889,-0.036494,0.055870,0.024296,0.998142,0,0.16000,0.24000,9.600,0.480,-1,400.000,-1,400.000,-1,325.000,325.000,300.000,300.000,-1,-1,-1,-1,775.000,800.000,-1,-1,2,0,2,0,2,0,0,0,0,2,2,2,2,0,0,2,2
57,-2310.178,-4894.555,-98.552,120.458,-0.504979,-0.861763,0.048593,0.861316,-0.506767,-0.036362,0.055961,0.023492,0.998157,0,0.24000,0.36000,14.400,0.720,-1,400.000,-1,400.000,-1,325.000,325.000,300.000,300.000,-1,-1,-1,-1,775.000,800.000,-1,-1,2,0,2,0,2,0,0,0,0,2,2,2,2,0,0,2,2
58,-2320.186,-4878.170,-97.407,121.418,-0.519385,-0.853172,0.048332,0.852698,-0.521148,-0.036204,0.056077,0.022408,0.998175,0,0.32000,0.48000,19.200,0.960,-1,400.000,-1,400.000,-1,325.000,325.000,300.000,300.000,-1,-1,-1,-1,750.000,800.000,-1,-1,2,0,2,0,2,0,0,0,0,2,2,2,2,0,0,2,2
59,-2333.088,-4857.933,-95.974,122.521,-0.535752,-0.843009,0.048016,0.842506,-0.537483,-0.035987,0.056145,0.021174,0.998198,0,0.40000,0.55130,24.000,1.103,-1,400.000,-1,400.000,-1,325.000,325.000,300.000,300.000,-1,-1,-1,-1,750.000,800.000,-1,-1,2,0,2,0,2,0,0,0,0,2,2,2,2,0,0,2,2
60,-2349.035,-4833.952,-94.277,123.623,-0.551924,-0.832530,0.047684,0.832009,-0.553618,-0.035604,0.056040,0.020023,0.998228,0,0.48000,0.55130,28.800,1.103,-1,400.000,-1,400.000,-1,325.000,325.000,300.000,325.000,-1,-1,-1,-1,750.000,800.000,-1,-1,2,0,2,0,2,0,0,0,0,2,2,2,2,0,0,2,2
61,-2368.175,-4806.336,-92.285,124.726,-0.567895,-0.821741,0.047291,0.821204,-0.569549,-0.035183,0.055846,0.018855,0.998261,0,0.56000,0.55130,33.600,1.103,-1,400.000,-1,400.000,-1,325.000,325.000,300.000,325.000,-1,-1,-1,-1,750.000,800.000,-1,-1,2,0,2,0,2,0,0,0,0,2,2,2,2,0,0,2,2
62,-2390.653,-4775.202,-90.122,125.828,-0.583621,-0.810640,0.047419,0.810097,-0.585264,-0.034765,0.055935,0.018125,0.998270,0,0.64000,0.55130,38.400,1.103,-1,400.000,-1,400.000,-1,325.000,325.000,300.000,325.000,-1,-1,-1,-1,750.000,800.000,-1,-1,2,0,2,0,2,0,0,0,0,2,2,2,2,0,0,2,2
63,-2416.609,-4740.670,-87.716,126.931,-0.599118,-0.799236,0.047745,0.798692,-0.600761,-0.034317,0.056111,0.017574,0.998270,0,0.72000,0.55130,43.200,1.103,-1,400.000,-1,400.000,-1,325.000,325.000,300.000,325.000,-1,-1,-1,-1,750.000,800.000,-1,-1,2,0,2,0,2,0,0,0,0,2,2,2,2,0,0,2,2
64,-2446.025,-4702.739,-85.016,127.794,-0.611086,-0.790106,0.048027,0.789569,-0.612728,-0.033832,0.056159,0.017246,0.998273,0,0.80000,0.43130,48.000,0.863,-1,400.000,-1,400.000,-1,325.000,325.000,300.000,300.000,-1,-1,-1,-1,750.000,800.000,-1,-1,2,0,2,0,2,0,0,0,0,2,2,2,2,0,0,2,2
65,-2478.442,-4661.863,-82.077,128.416,-0.619638,-0.783402,0.048280,0.782885,-0.621278,-0.033246,0.056040,0.017197,0.998280,0,0.86952,0.31130,52.171,0.623,-1,400.000,-1,400.000,-1,325.000,325.000,300.000,300.000,-1,-1,-1,-1,750.000,775.000,-1,-1,2,0,2,0,2,0,0,0,0,2,2,2,2,0,0,2,2
66,-2511.194,-4621.253,-79.188,128.887,-0.626048,-0.778272,0.048544,0.777794,-0.627684,-0.032385,0.055675,0.017483,0.998296,0,0.86952,0.23514,52.171,0.470,-1,400.000,-1,400.000,-1,325.000,325.000,300.000,300.000,-1,-1,-1,-1,750.000,775.000,-1,-1,2,0,2,0,2,0,0,0,0,2,2,2,2,0,0,2,2
67,-2544.278,-4580.914,-76.253,129.357,-0.632410,-0.773090,0.048891,0.772650,-0.634047,-0.031578,0.055412,0.017805,0.998305,0,0.86952,0.23514,52.171,0.470,-1,400.000,-1,400.000,-1,325.000,325.000,300.000,300.000,-1,-1,-1,-1,750.000,775.000,-1,-1,2,0,2,0,2,0,0,0,0,2,2,2,2,0,0,2,2
68,-2577.692,-4540.848,-73.210,129.827,-0.638702,-0.767851,0.049643,0.767453,-0.640364,-0.030815,0.055451,0.018417,0.998292,0,0.86952,0.23514,52.171,0.470,-1,400.000,-1,400.000,-1,325.000,325.000,300.000,300.000,-1,-1,-1,-1,750.000,775.000,-1,-1,2,0,2,0,2,0,0,0,0,2,2,2,2,0,0,2,2
69,-2611.434,-4501.058,-70.157,130.297,-0.644958,-0.762562,0.050288,0.762202,-0.646639,-0.030103,0.055473,0.018915,0.998281,0,0.86952,0.23514,52.171,0.470,-1,400.000,-1,400.000,-1,325.000,325.000,300.000,300.000,-1,-1,-1,-1,750.000,775.000,-1,-1,2,0,2,0,2,0,0,0,0,2,2,2,2,0,0,2,2
70,-2645.502,-4461.545,-67.180,130.768,-0.651176,-0.757228,0.050747,0.756876,-0.652875,-0.029876,0.055754,0.018955,0.998265,0,0.86952,0.23514,52.171,0.470,-1,400.000,-1,400.000,-1,325.000,325.000,300.000,300.000,-1,-1,-1,-1,750.000,775.000,-1,-1,2,0,2,0,2,0,0,0,0,2,2,2,2,0,0,2,2
71,-2679.892,-4422.314,-64.187,131.238,-0.657356,-0.751845,0.051116,0.751497,-0.659069,-0.029671,0.055997,0.018909,0.998252,0,0.86952,0.23514,52.171,0.470,-1,400.000,-1,400.000,-1,325.000,325.000,300.000,300.000,-1,-1,-1,-1,750.000,775.000,-1,-1,2,0,2,0,2,0,0,0,0,2,2,2,2,0,0,2,2
72,-2711.261,-4386.818,-61.497,131.468,-0.660350,-0.749187,0.051539,0.748850,-0.662083,-0.029500,0.056224,0.019114,0.998235,0,0.78952,0.11514,47.371,0.230,-1,400.000,-1,400.000,-1,325.000,325.000,300.000,300.000,-1,-1,-1,-1,750.000,800.000,-1,-1,2,0,2,0,2,0,0,0,0,2,2,2,2,0,0,2,2
73,-2739.447,-4354.913,-59.097,131.458,-0.660197,-0.749294,0.051953,0.748973,-0.661950,-0.029363,0.056392,0.019527,0.998218,0,0.70952,-0.00486,42.571,-0.010,-1,400.000,-1,400.000,-1,325.000,325.000,300.000,300.000,-1,-1,-1,-1,775.000,800.000,-1,-1,2,0,2,0,2,0,0,0,0,2,2,2,2,0,0,2,2
74,-2764.330,-4326.498,-56.980,131.209,-0.656901,-0.752163,0.052257,0.751862,-0.658671,-0.029262,0.056430,0.020068,0.998205,0,0.62952,-0.12486,37.771,-0.250,-1,400.000,-1,400.000,-1,325.000,325.000,300.000,300.000,-1,-1,-1,-1,775.000,800.000,-1,-1,2,0,2,0,2,0,0,0,0,2,2,2,2,0,0,2,2
75,-2785.839,-4301.509,-55.177,130.719,-0.650437,-0.757757,0.052305,0.757475,-0.652210,-0.029200,0.056240,0.020627,0.998204,0,0.54952,-0.24486,32.971,-0.490,-1,400.000,-1,400.000,-1,325.000,325.000,300.000,300.000,-1,-1,-1,-1,775.000,800.000,-1,-1,2,0,2,0,2,0,0,0,0,2,2,2,2,0,0,2,2
76,-2803.943,-4279.925,-53.653,129.989,-0.640721,-0.765990,0.052304,0.765733,-0.642497,-0.029162,0.055943,0.021366,0.998205,0,0.46952,-0.36486,28.171,-0.730,-1,400.000,-1,400.000,-1,325.000,325.000,300.000,300.000,-1,-1,-1,-1,775.000,800.000,-1,-1,2,0,2,0,2,0,0,0,0,2,2,2,2,0,0,2,2
77,-2818.657,-4261.768,-52.406,129.020,-0.627651,-0.776739,0.052264,0.776512,-0.629428,-0.029143,0.055533,0.022292,0.998208,0,0.38952,-0.48486,23.371,-0.970,-1,400.000,-1,400.000,-1,325.000,325.000,300.000,300.000,-1,-1,-1,-1,775.000,800.000,-1,-1,2,0,2,0,2,0,0,0,0,2,2,2,2,0,0,2,2
78,-2830.043,-4247.096,-51.438,127.810,-0.611096,-0.789834,0.052194,0.789643,-0.612874,-0.029138,0.055002,0.023408,0.998212,0,0.30952,-0.60486,18.571,-1.210,-1,400.000,-1,400.000,-1,325.000,325.000,300.000,300.000,-1,-1,-1,-1,775.000,800.000,-1,-1,2,0,2,0,2,0,0,0,0,2,2,2,2,0,0,2,2
79,-2838.232,-4236.025,-50.739,126.490,-0.592722,-0.803720,0.052109,0.803568,-0.594499,-0.029142,0.054401,0.024600,0.998216,0,0.22952,-0.66001,13.771,-1.320,-1,400.000,-1,400.000,-1,325.000,325.000,300.000,300.000,-1,-1,-1,-1,775.000,800.000,-1,-1,2,0,2,0,2,0,0,0,0,2,2,2,2,0,0,2,2
80,-2843.400,-4228.692,-50.301,125.170,-0.574034,-0.817178,0.052023,0.817064,-0.575810,-0.029153,0.053778,0.025771,0.998220,0,0.14952,-0.66001,8.971,-1.320,-1,400.000,-1,400.000,-1,325.000,325.000,300.000,300.000,-1,-1,-1,-1,775.000,800.000,-1,-1,2,0,2,0,2,0,0,0,0,2,2,2,2,0,0,2,2
81,-2845.724,-4225.228,-50.120,123.850,-0.555041,-0.830200,0.051941,0.830124,-0.556815,-0.029173,0.053141,0.026925,0.998224,0,0.06952,-0.66001,4.171,-1.320,-1,400.000,-1,400.000,-1,325.000,325.000,300.000,300.000,-1,-1,-1,-1,775.000,800.000,-1,-1,2,0,2,0,2,0,0,0,0,2,2,2,2,0,0,2,2
82,-2845.386,-4225.758,-50.188,122.530,-0.535753,-0.842780,0.051868,0.842742,-0.537525,-0.029208,0.052496,0.028063,0.998227,0,-0.01048,-0.66001,-0.629,-1.320,-1,400.000,-1,400.000,-1,325.000,325.000,300.000,300.000,-1,-1,-1,-1,775.000,800.000,-1,-1,2,0,2,0,2,0,0,0,0,2,2,2,2,0,0,2,2
83,-2842.573,-4230.402,-50.498,121.210,-0.516180,-0.854912,0.051803,0.854909,-0.517951,-0.029261,0.051848,0.029183,0.998229,0,-0.09048,-0.66001,-5.429,-1.320,-1,400.000,-1,400.000,-1,325.000,325.000,300.000,300.000,-1,-1,-1,-1,775.000,800.000,-1,-1,2,0,2,0,2,0,0,0,0,2,2,2,2,0,0,2,2
84,-2837.476,-4239.270,-51.045,119.890,-0.496333,-0.866589,0.051747,0.866621,-0.498104,-0.029339,0.051201,0.030283,0.998229,0,-0.17048,-0.66001,-10.229,-1.320,-1,400.000,-1,400.000,-1,325.000,325.000,300.000,300.000,-1,-1,-1,-1,775.000,800.000,-1,-1,2,0,2,0,2,0,0,0,0,2,2,2,2,0,0,2,2
85,-2830.289,-4252.470,-51.820,118.570,-0.476222,-0.877804,0.051696,0.877870,-0.477992,-0.029447,0.050559,0.031360,0.998229,0,-0.25048,-0.66001,-15.029,-1.320,-1,400.000,-1,400.000,-1,325.000,325.000,300.000,300.000,-1,-1,-1,-1,775.000,800.000,-1,-1,2,0,2,0,2,0,0,0,0,2,2,2,2,0,0,2,2
86,-2821.210,-4270.098,-52.815,117.250,-0.455858,-0.888553,0.051646,0.888651,-0.457629,-0.029588,0.049926,0.032408,0.998227,0,-0.33048,-0.66001,-19.829,-1.320,-1,400.000,-1,400.000,-1,325.000,325.000,300.000,300.000,-1,-1,-1,-1,775.000,800.000,-1,-1,2,0,2,0,2,0,0,0,0,2,2,2,2,0,0,2,2
87,-2810.441,-4292.248,-54.024,115.930,-0.435253,-0.898829,0.051591,0.898957,-0.437023,-0.029769,0.049303,0.033421,0.998225,0,-0.41048,-0.66001,-24.629,-1.320,-1,400.000,-1,400.000,-1,325.000,325.000,300.000,300.000,-1,-1,-1,-1,775.000,800.000,-1,-1,2,0,2,0,2,0,0,0,0,2,2,2,2,0,0,2,2
88,-2798.186,-4319.004,-55.436,114.610,-0.414416,-0.908628,0.051521,0.908784,-0.416188,-0.029992,0.048694,0.034392,0.998221,0,-0.49048,-0.66001,-29.429,-1.320,-1,400.000,-1,400.000,-1,325.000,325.000,300.000,300.000,-1,-1,-1,-1,775.000,800.000,-1,-1,2,0,2,0,2,0,0,0,0,2,2,2,2,0,0,2,2
89,-2786.500,-4346.153,-56.830,113.290,-0.393361,-0.917944,0.051430,0.918126,-0.395133,-0.030229,0.048070,0.035329,0.998219,0,-0.49263,-0.66001,-29.558,-1.320,-1,400.000,-1,400.000,-1,325.000,325.000,300.000,300.000,-1,-1,-1,-1,775.000,800.000,-1,-1,2,0,2,0,2,0,0,0,0,2,2,2,2,0,0,2,2
90,-2775.443,-4373.564,-58.197,111.970,-0.372099,-0.926773,0.051317,0.926980,-0.373870,-0.030476,0.047430,0.036230,0.998217,0,-0.49263,-0.66001,-29.558,-1.320,-1,400.000,-1,400.000,-1,325.000,325.000,300.000,300.000,-1,-1,-1,-1,775.000,800.000,-1,-1,2,0,2,0,2,0,0,0,0,2,2,2,2,0,0,2,2
91,-2765.019,-4401.223,-59.537,110.650,-0.350641,-0.935110,0.051182,0.935341,-0.352410,-0.030733,0.046775,0.037096,0.998216,0,-0.49263,-0.66001,-29.558,-1.320,-1,400.000,-1,400.000,-1,325.000,325.000,300.000,300.000,-1,-1,-1,-1,775.000,800.000,-1,-1,2,0,2,0,2,0,0,0,0,2,2,2,2,0,0,2,2
92,-2755.236,-4429.115,-60.850,109.330,-0.328999,-0.942951,0.051024,0.943204,-0.330764,-0.030998,0.046106,0.037927,0.998216,0,-0.49263,-0.66001,-29.558,-1.320,-1,400.000,-1,400.000,-1,325.000,325.000,300.000,300.000,-1,-1,-1,-1,775.000,800.000,-1,-1,2,0,2,0,2,0,0,0,0,2,2,2,2,0,0,2,2
93,-2746.098,-4457.225,-62.135,108.010,-0.307183,-0.950291,0.050843,0.950566,-0.308945,-0.031270,0.045423,0.038724,0.998217,0,-0.49263,-0.66001,-29.558,-1.320,-1,400.000,-1,400.000,-1,325.000,325.000,300.000,300.000,-1,-1,-1,-1,775.000,800.000,-1,-1,2,0,2,0,2,0,0,0,0,2,2,2,2,0,0,2,2
94,-2738.889,-4480.909,-63.192,106.930,-0.289213,-0.955922,0.050677,0.956213,-0.290971,-0.031501,0.044858,0.039347,0.998218,0,-0.41263,-0.54001,-24.758,-1.080,-1,400.000,-1,400.000,-1,325.000,325.000,300.000,300.000,-1,-1,-1,-1,775.000,800.000,-1,-1,2,0,2,0,2,0,0,0,0,2,2,2,2,0,0,2,2
95,-2733.358,-4500.085,-64.030,106.090,-0.275166,-0.960068,0.050534,0.960370,-0.276920,-0.031688,0.044417,0.039812,0.998219,0,-0.33263,-0.42001,-19.958,-0.840,-1,400.000,-1,400.000,-1,325.000,325.000,300.000,300.000,-1,-1,-1,-1,775.000,800.000,-1,-1,2,0,2,0,2,0,0,0,0,2,2,2,2,0,0,2,2
96,-2729.310,-4514.693,-64.674,105.490,-0.265101,-0.962905,0.050354,0.963214,-0.266849,-0.031802,0.044059,0.040071,0.998225,0,-0.25263,-0.30001,-15.158,-0.600,-1,400.000,-1,400.000,-1,325.000,325.000,300.000,300.000,-1,-1,-1,-1,775.000,800.000,-1,-1,2,0,2,0,2,0,0,0,0,2,2,2,2,0,0,2,2
97,-2726.607,-4524.692,-65.112,105.130,-0.259048,-0.964558,0.050227,0.964869,-0.260792,-0.031875,0.043844,0.040205,0.998229,0,-0.17263,-0.18001,-10.358,-0.360,-1,400.000,-1,400.000,-1,325.000,325.000,300.000,300.000,-1,-1,-1,-1,775.000,800.000,-1,-1,2,0,2,0,2,0,0,0,0,2,2,2,2,0,0,2,2
98,-2725.167,-4530.060,-65.345,105.010,-0.257029,-0.965101,0.050163,0.965412,-0.258771,-0.031912,0.043779,0.040226,0.998231,0,-0.09263,-0.06001,-5.558,-0.120,-1,400.000,-1,400.000,-1,325.000,325.000,300.000,300.000,-1,-1,-1,-1,775.000,800.000,-1,-1,2,0,2,0,2,0,0,0,0,2,2,2,2,0,0,2,2
99,-2724.969,-4530.791,-65.375,105.130,-0.259050,-0.964560,0.050165,0.964867,-0.260792,-0.031914,0.043866,0.040135,0.998231,0,-0.01263,0.05999,-0.758,0.120,-1,400.000,-1,400.000,-1,325.000,325.000,300.000,300.000,-1,-1,-1,-1,775.000,800.000,-1,-1,2,0,2,0,2,0,0,0,0,2,2,2,2,0,0,2,2
100,-2726.049,-4526.896,-65.201,105.490,-0.265104,-0.962911,0.050232,0.963211,-0.266849,-0.031880,0.044102,0.039933,0.998229,0,0.06737,0.17999,4.042,0.360,-1,400.000,-1,400.000,-1,325.000,325.000,300.000,300.000,-1,-1,-1,-1,775.000,800.000,-1,-1,2,0,2,0,2,0,0,0,0,2,2,2,2,0,0,2,2
101,-2728.499,-4518.401,-64.818,106.090,-0.275170,-0.960076,0.050363,0.960366,-0.276921,-0.031811,0.044487,0.039614,0.998224,0,0.14737,0.29999,8.842,0.600,-1,400.000,-1,400.000,-1,325.000,325.000,300.000,300.000,-1,-1,-1,-1,775.000,800.000,-1,-1,2,0,2,0,2,0,0,0,0,2,2,2,2,0,0,2,2
102,-2732.471,-4505.350,-64.220,106.930,-0.289211,-0.955929,0.050555,0.956206,-0.290971,-0.031705,0.045018,0.039171,0.998218,0,0.22737,0.41999,13.642,0.840,-1,400.000,-1,400.000,-1,325.000,325.000,300.000,300.000,-1,-1,-1,-1,775.000,800.000,-1,-1,2,0,2,0,2,0,0,0,0,2,2,2,2,0,0,2,2
103,-2738.173,-4487.811,-63.399,108.010,-0.307174,-0.950297,0.050792,0.950556,-0.308944,-0.031559,0.045682,0.038586,0.998211,0,0.30737,0.53999,18.442,1.080,-1,400.000,-1,400.000,-1,325.000,325.000,300.000,300.000,-1,-1,-1,-1,775.000,800.000,-1,-1,2,0,2,0,2,0,0,0,0,2,2,2,2,0,0,2,2
104,-2745.866,-4465.879,-62.362,109.329,-0.328987,-0.942957,0.050989,0.943193,-0.330764,-0.031346,0.046423,0.037780,0.998207,0,0.38737,0.65999,23.242,1.320,-1,400.000,-1,400.000,-1,325.000,325.000,300.000,300.000,-1,-1,-1,-1,775.000,800.000,-1,-1,2,0,2,0,2,0,0,0,0,2,2,2,2,0,0,2,2
105,-2755.837,-4439.670,-61.083,110.829,-0.353559,-0.934010,0.051198,0.934219,-0.355343,-0.031096,0.047236,0.036836,0.998204,0,0.46737,0.74987,28.042,1.500,-1,400.000,-1,400.000,-1,325.000,325.000,300.000,300.000,-1,-1,-1,-1,775.000,800.000,-1,-1,2,0,2,0,2,0,0,0,0,2,2,2,2,0,0,2,2
106,-2768.314,-4409.291,-59.557,112.329,-0.377892,-0.924422,0.051390,0.924605,-0.379680,-0.030817,0.048000,0.035870,0.998203,0,0.54737,0.74987,32.842,1.500,-1,400.000,-1,400.000,-1,325.000,325.000,300.000,300.000,-1,-1,-1,-1,775.000,800.000,-1,-1,2,0,2,0,2,0,0,0,0,2,2,2,2,0,0,2,2
107,-2783.521,-4374.857,-57.777,113.829,-0.401969,-0.914201,0.051558,0.914357,-0.403758,-0.030515,0.048714,0.034876,0.998204,0,0.62737,0.74987,37.642,1.500,-1,400.000,-1,400.000,-1,325.000,325.000,300.000,300.000,-1,-1,-1,-1,775.000,800.000,-1,-1,2,0,2,0,2,0,0,0,0,2,2,2,2,0,0,2,2
108,-2801.677,-4336.495,-55.732,115.328,-0.425773,-0.903352,0.051690,0.903482,-0.427562,-0.030196,0.049378,0.033844,0.998207,0,0.70737,0.74987,42.442,1.500,-1,400.000,-1,400.000,-1,325.000,325.000,300.000,300.000,-1,-1,-1,-1,775.000,800.000,-1,-1,2,0,2,0,2,0,0,0,0,2,2,2,2,0,0,2,2
109,-2822.998,-4294.338,-53.416,116.828,-0.449290,-0.891885,0.051775,0.891986,-0.451075,-0.029868,0.049994,0.032763,0.998212,0,0.78737,0.74987,47.242,1.500,-1,400.000,-1,400.000,-1,325.000,325.000,300.000,300.000,-1,-1,-1,-1,775.000,800.000,-1,-1,2,0,2,0,2,0,0,0,0,2,2,2,2,0,0,2,2
110,-2845.706,-4252.213,-51.026,118.328,-0.472501,-0.879806,0.051809,0.879877,-0.474281,-0.029563,0.050582,0.031617,0.998219,0,0.79760,0.74987,47.856,1.500,-1,400.000,-1,400.000,-1,325.000,325.000,300.000,300.000,-1,-1,-1,-1,800.000,800.000,-1,-1,2,0,2,0,2,0,0,0,0,2,2,2,2,0,0,2,2
111,-2869.508,-4210.697,-48.594,119.828,-0.495392,-0.867124,0.051792,0.867162,-0.497164,-0.029289,0.051146,0.030402,0.998228,0,0.79760,0.74987,47.856,1.500,-1,400.000,-1,400.000,-1,325.000,325.000,300.000,300.000,-1,-1,-1,-1,800.000,800.000,-1,-1,2,0,2,0,2,0,0,0,0,2,2,2,2,0,0,2,2
112,-2894.390,-4169.818,-46.093,121.327,-0.517946,-0.853845,0.051774,0.853856,-0.519706,-0.028914,0.051595,0.029232,0.998240,0,0.79760,0.74987,47.856,1.500,-1,400.000,-1,400.000,-1,325.000,325.000,300.000,300.000,-1,-1,-1,-1,800.000,800.000,-1,-1,2,0,2,0,2,0,0,0,0,2,2,2,2,0,0,2,2
113,-2920.332,-4129.604,-43.523,122.827,-0.540148,-0.839977,0.051749,0.839966,-0.541893,-0.028433,0.051926,0.028110,0.998255,0,0.79760,0.74987,47.856,1.500,-1,400.000,-1,400.000,-1,325.000,325.000,300.000,300.000,-1,-1,-1,-1,800.000,800.000,-1,-1,2,0,2,0,2,0,0,0,0,2,2,2,2,0,0,2,2
114,-2947.318,-4090.083,-41.015,124.327,-0.561952,-0.825526,0.052124,0.825501,-0.563705,-0.028030,0.052522,0.027277,0.998247,0,0.79760,0.74987,47.856,1.500,-1,400.000,-1,400.000,-1,325.000,325.000,300.000,300.000,-1,-1,-1,-1,800.000,800.000,-1,-1,2,0,2,0,2,0,0,0,0,2,2,2,2,0,0,2,2
115,-2975.330,-4051.282,-38.486,125.827,-0.583373,-0.810508,0.052458,0.810469,-0.585131,-0.027591,0.053057,0.026420,0.998242,0,0.79760,0.74987,47.856,1.500,-1,400.000,-1,400.000,-1,325.000,325.000,300.000,300.000,-1,-1,-1,-1,800.000,800.000,-1,-1,2,0,2,0,2,0,0,0,0,2,2,2,2,0,0,2,2
116,-3004.347,-4013.227,-35.954,127.326,-0.604399,-0.794933,0.052753,0.794886,-0.606156,-0.027015,0.053452,0.025605,0.998242,0,0.79760,0.74987,47.856,1.500,-1,400.000,-1,400.000,-1,325.000,325.000,300.000,300.000,-1,-1,-1,-1,800.000,800.000,-1,-1,2,0,2,0,2,0,0,0,0,2,2,2,2,0,0,2,2
117,-3034.351,-3975.945,-33.475,128.826,-0.625015,-0.778808,0.053053,0.778774,-0.626763,-0.026065,0.053552,0.025025,0.998251,0,0.79760,0.74987,47.856,1.500,-1,400.000,-1,400.000,-1,325.000,325.000,300.000,300.000,-1,-1,-1,-1,800.000,800.000,-1,-1,2,0,2,0,2,0,0,0,0,2,2,2,2,0,0,2,2
118,-3065.320,-3939.461,-30.971,130.326,-0.645208,-0.762149,0.053255,0.762126,-0.646942,-0.025107,0.053588,0.024388,0.998265,0,0.79760,0.74987,47.856,1.500,-1,400.000,-1,400.000,-1,325.000,325.000,300.000,300.000,-1,-1,-1,-1,825.000,800.000,-1,-1,2,0,2,0,2,0,0,0,0,2,2,2,2,0,0,2,2
119,-3097.233,-3903.800,-28.445,131.826,-0.664963,-0.744968,0.053358,0.744954,-0.666679,-0.024147,0.053562,0.023693,0.998283,0,0.79760,0.74987,47.856,1.500,-1,400.000,-1,400.000,-1,325.000,325.000,300.000,300.000,-1,-1,-1,-1,825.000,800.000,-1,-1,2,0,2,0,2,0,0,0,0,2,2,2,2,0,0,2,2
120,-3130.068,-3868.986,-25.897,133.325,-0.684266,-0.727277,0.053363,0.727269,-0.685961,-0.023193,0.053473,0.022939,0.998306,0,0.79760,0.74987,47.856,1.500,-1,400.000,-1,400.000,-1,325.000,325.000,300.000,300.000,-1,-1,-1,-1,825.000,800.000,-1,-1,2,0,2,0,2,0,0,0,0,2,2,2,2,0,0,2,2
121,-3163.804,-3835.044,-23.346,134.825,-0.703105,-0.709089,0.053260,0.709080,-0.704774,-0.022338,0.053376,0.022060,0.998331,0,0.79760,0.74987,47.856,1.500,-1,400.000,-1,400.000,-1,325.000,325.000,300.000,300.000,-1,-1,-1,-1,825.000,800.000,-1,-1,2,0,2,0,2,0,0,0,0,2,2,2,2,0,0,2,2
122,-3198.416,-3801.996,-20.815,136.325,-0.721466,-0.690416,0.053025,0.690394,-0.723108,-0.021678,0.053310,0.020968,0.998358,0,0.79760,0.74987,47.856,1.500,-1,400.000,-1,400.000,-1,325.000,325.000,300.000,300.000,-1,-1,-1,-1,825.000,800.000,-1,-1,2,0,2,0,2,0,0,0,0,2,2,2,2,0,0,2,2
123,-3230.203,-3772.955,-18.537,137.585,-0.736516,-0.674366,0.052681,0.674331,-0.738127,-0.021116,0.053125,0.019972,0.998388,0,0.71760,0.62987,43.056,1.260,-1,400.000,-1,400.000,-1,325.000,325.000,300.000,300.000,-1,-1,-1,-1,825.000,800.000,-1,-1,2,0,2,0,2,0,0,0,0,2,2,2,2,0,0,2,2
124,-3258.900,-3747.658,-16.510,138.604,-0.748443,-0.661133,0.052296,0.661088,-0.750025,-0.020642,0.052871,0.019123,0.998418,0,0.63760,0.50987,38.256,1.020,-1,400.000,-1,400.000,-1,325.000,325.000,300.000,300.000,-1,-1,-1,-1,825.000,800.000,-1,-1,2,0,2,0,2,0,0,0,0,2,2,2,2,0,0,2,2
125,-3284.296,-3725.878,-14.739,139.384,-0.757410,-0.650874,0.051901,0.650820,-0.758962,-0.020251,0.052571,0.018440,0.998447,0,0.55760,0.38987,33.456,0.780,-1,400.000,-1,400.000,-1,325.000,325.000,300.000,300.000,-1,-1,-1,-1,825.000,825.000,-1,-1,2,0,2,0,2,0,0,0,0,2,2,2,2,0,0,2,2
126,-3306.223,-3707.430,-13.224,139.924,-0.763541,-0.643701,0.051518,0.643643,-0.765067,-0.019931,0.052245,0.017941,0.998473,0,0.47760,0.26987,28.656,0.540,-1,400.000,-1,400.000,-1,325.000,325.000,300.000,300.000,-1,-1,-1,-1,825.000,825.000,-1,-1,2,0,2,0,2,0,0,0,0,2,2,2,2,0,0,2,2
127,-3324.597,-3692.214,-11.965,140.372,-0.768584,-0.637700,0.051170,0.637636,-0.770086,-0.019680,0.051956,0.017502,0.998496,0,0.39760,0.22417,23.856,0.448,-1,400.000,-1,400.000,-1,325.000,325.000,300.000,300.000,-1,-1,-1,-1,825.000,825.000,-1,-1,2,0,2,0,2,0,0,0,0,2,2,2,2,0,0,2,2
128,-3339.368,-3680.176,-10.959,140.821,-0.773575,-0.631659,0.050874,0.631589,-0.775059,-0.019493,0.051743,0.017052,0.998515,0,0.31760,0.22417,19.056,0.448,-1,400.000,-1,400.000,-1,325.000,325.000,300.000,300.000,-1,-1,-1,-1,825.000,825.000,-1,-1,2,0,2,0,2,0,0,0,0,2,2,2,2,0,0,2,2
129,-3350.489,-3671.256,-10.204,141.269,-0.778515,-0.625580,0.050642,0.625500,-0.779984,-0.019364,0.051613,0.016602,0.998529,0,0.23760,0.22417,14.256,0.448,-1,400.000,-1,400.000,-1,325.000,325.000,300.000,300.000,-1,-1,-1,-1,825.000,825.000,-1,-1,2,0,2,0,2,0,0,0,0,2,2,2,2,0,0,2,2
130,-3357.912,-3665.398,-9.703,141.717,-0.783401,-0.619462,0.050495,0.619373,-0.784860,-0.019285,0.051577,0.016167,0.998538,0,0.15760,0.22417,9.456,0.448,-1,400.000,-1,400.000,-1,325.000,325.000,300.000,300.000,-1,-1,-1,-1,825.000,825.000,-1,-1,2,0,2,0,2,0,0,0,0,2,2,2,2,0,0,2,2
131,-3361.589,-3662.542,-9.454,142.166,-0.788234,-0.613305,0.050430,0.613205,-0.789689,-0.019254,0.051633,0.015747,0.998542,0,0.07760,0.22417,4.656,0.448,-1,400.000,-1,400.000,-1,325.000,325.000,300.000,300.000,-1,-1,-1,-1,825.000,825.000,-1,-1,2,0,2,0,2,0,0,0,0,2,2,2,2,0,0,2,2
132,-3361.474,-3662.629,-9.454,142.614,-0.793015,-0.607111,0.050435,0.606999,-0.794469,-0.019274,0.051770,0.015330,0.998541,0,-0.00240,0.22417,-0.144,0.448,-1,400.000,-1,400.000,-1,325.000,325.000,300.000,300.000,-1,-1,-1,-1,825.000,825.000,-1,-1,2,0,2,0,2,0,0,0,0,2,2,2,2,0,0,2,2
133,-3357.522,-3665.601,-9.706,143.062,-0.797742,-0.600880,0.050508,0.600753,-0.799200,-0.019343,0.051989,0.014912,0.998536,0,-0.08240,0.22417,-4.944,0.448,-1,400.000,-1,400.000,-1,325.000,325.000,300.000,300.000,-1,-1,-1,-1,825.000,825.000,-1,-1,2,0,2,0,2,0,0,0,0,2,2,2,2,0,0,2,2
134,-3349.688,-3671.395,-10.216,143.511,-0.802416,-0.594611,0.050662,0.594470,-0.803883,-0.019458,0.052296,0.014504,0.998526,0,-0.16240,0.22417,-9.744,0.448,-1,400.000,-1,400.000,-1,325.000,325.000,300.000,300.000,-1,-1,-1,-1,825.000,825.000,-1,-1,2,0,2,0,2,0,0,0,0,2,2,2,2,0,0,2,2
135,-3337.928,-3679.952,-10.987,143.959,-0.807035,-0.588306,0.050896,0.588148,-0.808515,-0.019619,0.052692,0.014101,0.998511,0,-0.24240,0.22417,-14.544,0.448,-1,400.000,-1,400.000,-1,325.000,325.000,300.000,300.000,-1,-1,-1,-1,825.000,825.000,-1,-1,2,0,2,0,2,0,0,0,0,2,2,2,2,0,0,2,2
136,-3322.198,-3691.211,-12.021,144.407,-0.811601,-0.581965,0.051190,0.581788,-0.813099,-0.019833,0.053164,0.013685,0.998492,0,-0.32240,0.22417,-19.344,0.448,-1,400.000,-1,400.000,-1,325.000,325.000,300.000,300.000,-1,-1,-1,-1,825.000,825.000,-1,-1,2,0,2,0,2,0,0,0,0,2,2,2,2,0,0,2,2
137,-3302.455,-3705.109,-13.322,144.856,-0.816115,-0.575588,0.051529,0.575389,-0.817633,-0.020106,0.053704,0.013240,0.998469,0,-0.40240,0.22417,-24.144,0.448,-1,400.000,-1,400.000,-1,325.000,325.000,300.000,300.000,-1,-1,-1,-1,825.000,825.000,-1,-1,2,0,2,0,2,0,0,0,0,2,2,2,2,0,0,2,2
138,-3278.658,-3721.584,-14.896,145.304,-0.820576,-0.569176,0.051898,0.568952,-0.822117,-0.020445,0.054303,0.012750,0.998443,0,-0.48238,0.22417,-28.943,0.448,-1,400.000,-1,400.000,-1,325.000,325.000,300.000,300.000,-1,-1,-1,-1,825.000,825.000,-1,-1,2,0,2,0,2,0,0,0,0,2,2,2,2,0,0,2,2
139,-3254.734,-3737.872,-16.483,145.752,-0.824990,-0.562729,0.052227,0.562477,-0.826551,-0.020801,0.054874,0.012215,0.998419,0,-0.48238,0.22417,-28.943,0.448,-1,400.000,-1,400.000,-1,325.000,325.000,300.000,300.000,-1,-1,-1,-1,800.000,825.000,-1,-1,2,0,2,0,2,0,0,0,0,2,2,2,2,0,0,2,2
140,-3230.683,-3753.972,-18.083,146.201,-0.829355,-0.556248,0.052517,0.555967,-0.830935,-0.021175,0.055417,0.011636,0.998395,0,-0.48238,0.22417,-28.943,0.448,-1,400.000,-1,400.000,-1,325.000,325.000,300.000,300.000,-1,-1,-1,-1,800.000,825.000,-1,-1,2,0,2,0,2,0,0,0,0,2,2,2,2,0,0,2,2
