timestep,x_cm,y_cm,z_cm,yaw_deg,basis_xx,basis_xy,basis_xz,basis_yx,basis_yy,basis_yz,basis_zx,basis_zy,basis_zz,teleport_flag,throttle_cmd,steering_cmd,cmd_move_cm,cmd_turn_deg,lidar_cm_0,lidar_cm_1,lidar_cm_2,lidar_cm_3,lidar_cm_4,lidar_cm_5,lidar_cm_6,lidar_cm_7,lidar_cm_8,lidar_cm_9,lidar_cm_10,lidar_cm_11,lidar_cm_12,lidar_cm_13,lidar_cm_14,lidar_cm_15,lidar_cm_16,lidar_class_0,lidar_class_1,lidar_class_2,lidar_class_3,lidar_class_4,lidar_class_5,lidar_class_6,lidar_class_7,lidar_class_8,lidar_class_9,lidar_class_10,lidar_class_11,lidar_class_12,lidar_class_13,lidar_class_14,lidar_class_15,lidar_class_16
0,1058.326,-5152.509,192.303,4.524,0.996865,-0.078627,-0.008852,0.078868,0.996393,0.031305,0.006359,-0.031905,0.999471,0,0.52062,1.00000,0.727,-0.002,-1,603.069,-1,522.741,-1,465.981,448.616,511.266,375.104,-1,-1,-1,-1,-1,-1,-1,-1,2,0,2,0,2,0,0,0,0,2,2,2,2,2,2,2,2
1,1059.555,-5152.672,197.130,4.525,0.996860,-0.078694,-0.008811,0.078899,0.996541,0.026095,0.006727,-0.026708,0.999621,0,0.52054,1.00000,1.240,0.002,-1,623.103,-1,532.326,-1,478.500,459.138,537.659,378.333,-1,-1,-1,-1,-1,-1,-1,-1,2,0,2,0,2,0,0,0,0,2,2,2,2,2,2,2,2
2,1061.275,-5152.644,200.864,4.573,0.996776,-0.079510,-0.010724,0.079720,0.996601,0.020771,0.009036,-0.021559,0.999727,0,0.52043,1.00000,1.720,0.047,-1,645.675,-1,543.165,-1,492.083,470.614,561.409,379.689,-1,-1,-1,-1,-1,-1,-1,-1,2,0,2,0,2,0,0,0,0,2,2,2,2,2,2,2,2
3,1063.287,-5152.294,203.316,4.709,0.996547,-0.081904,-0.013595,0.082097,0.996522,0.014264,0.012380,-0.015331,0.999806,0,0.52046,1.00000,2.043,0.137,-1,669.252,-1,552.529,-1,505.203,481.169,584.987,377.640,-1,-1,-1,-1,-1,-1,-1,-1,2,0,2,0,2,0,0,0,0,2,2,2,2,2,2,2,2
4,1065.576,-5151.635,204.467,4.926,0.996170,-0.085727,-0.017214,0.085849,0.996287,0.006476,0.016595,-0.007929,0.999831,0,0.52082,1.00000,2.381,0.216,-1,693.868,-1,560.239,-1,517.617,490.488,609.568,372.155,-1,-1,-1,-1,-1,-1,-1,-1,2,0,2,0,2,0,0,0,0,2,2,2,2,2,2,2,2
5,1068.188,-5150.693,204.351,5.208,0.995631,-0.090770,-0.021897,0.090741,0.995872,-0.002291,0.022015,0.000294,0.999758,0,0.52147,1.00000,2.777,0.282,-1,720.881,-1,567.350,-1,530.072,499.303,633.671,363.836,-1,-1,-1,-1,-1,-1,-1,-1,2,0,2,0,2,0,0,0,0,2,2,2,2,2,2,2,2
6,1071.092,-5149.468,203.150,5.557,0.994897,-0.097052,-0.027592,0.096789,0.995247,-0.010732,0.028503,0.008006,0.999562,0,0.52236,1.00000,3.152,0.349,-1,748.687,-1,574.686,-1,542.531,508.081,652.347,354.489,-1,-1,-1,938.863,-1,-1,-1,-1,2,0,2,0,2,0,0,0,0,2,2,2,0,2,2,2,2
7,1074.303,-5147.953,201.346,5.910,0.994096,-0.103354,-0.033046,0.102902,0.994577,-0.015117,0.034429,0.011628,0.999340,0,0.52348,1.00000,3.550,0.353,-1,768.752,-1,582.176,-1,552.000,515.337,657.870,348.396,-1,-1,-1,879.821,-1,-1,-1,-1,2,0,2,0,2,0,0,0,0,2,2,2,0,2,2,2,2
8,1077.715,-5146.070,199.224,6.251,0.993326,-0.109267,-0.036942,0.108807,0.993961,-0.014243,0.038275,0.010129,0.999216,0,0.52461,1.00000,3.897,0.341,-1,775.438,-1,587.758,-1,555.607,518.846,647.343,346.769,-1,-1,-1,855.123,-1,-1,-1,-1,2,0,2,0,2,0,0,0,0,2,2,2,0,2,2,2,2
9,1081.147,-5143.778,197.164,6.607,0.992647,-0.115227,-0.037068,0.114979,0.993329,-0.008780,0.037832,0.004454,0.999274,0,0.52568,1.00000,4.127,0.356,-1,763.026,-1,586.581,-1,549.833,515.037,624.882,349.319,-1,-1,-1,867.809,-1,-1,-1,-1,2,0,2,0,2,0,0,0,0,2,2,2,0,2,2,2,2
10,1084.633,-5141.217,195.365,6.953,0.992112,-0.120893,-0.033133,0.120988,0.992654,0.000861,0.032786,-0.004862,0.999451,0,0.52682,1.00000,4.326,0.346,-1,732.534,-1,577.872,-1,534.736,503.829,591.899,355.978,-1,-1,-1,922.985,-1,-1,-1,-1,2,0,2,0,2,0,0,0,0,2,2,2,0,2,2,2,2
11,1088.351,-5138.464,193.802,7.286,0.991632,-0.126421,-0.026166,0.126783,0.991849,0.012695,0.024348,-0.015906,0.999577,0,0.52792,1.00000,4.626,0.333,-1,690.257,-1,563.289,-1,513.700,487.528,556.952,364.873,-1,-1,-1,-1,-1,-1,-1,-1,2,0,2,0,2,0,0,0,0,2,2,2,2,2,2,2,2
12,1092.486,-5135.481,192.350,7.643,0.991015,-0.132570,-0.017723,0.132980,0.990820,0.024342,0.014333,-0.026480,0.999547,0,0.52896,1.00000,5.099,0.357,-1,647.387,-1,545.635,-1,491.025,469.345,526.848,373.739,-1,-1,-1,-1,-1,-1,-1,-1,2,0,2,0,2,0,0,0,0,2,2,2,2,2,2,2,2
13,1097.078,-5132.215,190.939,8.060,0.990114,-0.139973,-0.009019,0.140201,0.989535,0.034107,0.004150,-0.035034,0.999377,0,0.53006,1.00000,5.634,0.417,-1,608.785,-1,527.174,-1,469.476,451.586,502.996,380.909,-1,-1,-1,-1,-1,-1,-1,-1,2,0,2,0,2,0,0,0,0,2,2,2,2,2,2,2,2
14,1102.462,-5129.118,190.003,8.408,0.989248,-0.146207,-0.003316,0.146218,0.988382,0.041488,-0.002789,-0.041527,0.999133,0,0.53135,1.00000,6.212,0.348,-1,584.028,-1,515.677,-1,455.311,440.222,485.763,386.965,-1,-1,-1,-1,-1,-1,-1,-1,2,0,2,0,2,0,0,0,0,2,2,2,2,2,2,2,2
15,1108.546,-5125.963,189.712,8.788,0.988245,-0.152877,-0.001044,0.152773,0.987276,0.044121,-0.005714,-0.043761,0.999026,0,0.53230,1.00000,6.853,0.380,-1,575.975,-1,511.743,-1,450.515,436.322,480.166,389.728,-1,-1,-1,-1,-1,-1,-1,-1,2,0,2,0,2,0,0,0,0,2,2,2,2,2,2,2,2
16,1115.216,-5122.712,189.972,9.223,0.987060,-0.160344,-0.001655,0.160269,0.986159,0.042473,-0.005178,-0.042188,0.999096,0,0.53331,1.00000,7.420,0.435,-1,581.678,-1,514.203,-1,453.645,438.719,484.748,389.422,-1,-1,-1,-1,-1,-1,-1,-1,2,0,2,0,2,0,0,0,0,2,2,2,2,2,2,2,2
17,1122.175,-5119.313,190.605,9.693,0.985721,-0.168334,-0.004101,0.168367,0.984979,0.038316,-0.002411,-0.038459,0.999257,0,0.53448,1.00000,7.745,0.470,-1,596.536,-1,521.106,-1,461.972,445.354,495.072,387.589,-1,-1,-1,-1,-1,-1,-1,-1,2,0,2,0,2,0,0,0,0,2,2,2,2,2,2,2,2
18,1129.277,-5115.696,191.366,10.220,0.984132,-0.177288,-0.007294,0.177433,0.983574,0.033166,0.001294,-0.033934,0.999423,0,0.53576,1.00000,7.970,0.527,-1,615.752,-1,530.150,-1,472.700,454.004,507.714,385.173,-1,-1,-1,-1,-1,-1,-1,-1,2,0,2,0,2,0,0,0,0,2,2,2,2,2,2,2,2
19,1136.386,-5111.689,192.068,10.852,0.982106,-0.188051,-0.010209,0.188263,0.981747,0.027015,0.004943,-0.028454,0.999583,0,0.53725,1.00000,8.160,0.631,-1,636.696,-1,538.862,-1,483.921,462.803,522.747,381.714,-1,-1,-1,-1,-1,-1,-1,-1,2,0,2,0,2,0,0,0,0,2,2,2,2,2,2,2,2
20,1143.611,-5107.323,192.763,11.548,0.979724,-0.199953,-0.012633,0.200189,0.979520,0.021562,0.008063,-0.023654,0.999688,0,0.53915,1.00000,8.443,0.697,-1,657.303,-1,547.290,-1,494.744,471.213,536.724,379.231,-1,-1,-1,-1,-1,-1,-1,-1,2,0,2,0,2,0,0,0,0,2,2,2,2,2,2,2,2
21,1151.025,-5102.544,193.424,12.291,0.977024,-0.212631,-0.014544,0.212868,0.976927,0.017320,0.010526,-0.020018,0.999744,0,0.54131,1.00000,8.821,0.743,-1,675.981,-1,555.328,-1,504.457,479.178,549.051,378.189,-1,-1,-1,-1,-1,-1,-1,-1,2,0,2,0,2,0,0,0,0,2,2,2,2,2,2,2,2
22,1158.651,-5097.399,194.003,13.051,0.974095,-0.225576,-0.015935,0.225808,0.974061,0.014716,0.012202,-0.017933,0.999765,0,0.54363,1.00000,9.199,0.760,-1,690.951,-1,562.856,-1,512.537,486.185,557.381,378.847,-1,-1,-1,-1,-1,-1,-1,-1,2,0,2,0,2,0,0,0,0,2,2,2,2,2,2,2,2
23,1166.498,-5091.907,194.444,13.825,0.970947,-0.238704,-0.016800,0.238941,0.970936,0.013811,0.013015,-0.017424,0.999763,0,0.54601,1.00000,9.579,0.774,-1,701.396,-1,570.354,-1,518.477,491.744,561.223,381.101,-1,-1,-1,-1,-1,-1,-1,-1,2,0,2,0,2,0,0,0,0,2,2,2,2,2,2,2,2
24,1174.444,-5086.004,194.736,14.637,0.967469,-0.252441,-0.016629,0.252682,0.967441,0.014462,0.012437,-0.018194,0.999757,0,0.54843,1.00000,9.898,0.812,-1,705.630,-1,575.244,-1,521.289,494.770,561.192,384.625,-1,-1,-1,-1,-1,-1,-1,-1,2,0,2,0,2,0,0,0,0,2,2,2,2,2,2,2,2
25,1182.643,-5079.743,194.805,15.456,0.963773,-0.266222,-0.016372,0.266480,0.963701,0.016375,0.011418,-0.020145,0.999732,0,0.55100,1.00000,10.316,0.819,-1,706.583,-1,578.680,-1,522.528,496.680,557.357,389.316,-1,-1,-1,-1,-1,-1,-1,-1,2,0,2,0,2,0,0,0,0,2,2,2,2,2,2,2,2
26,1191.016,-5073.083,194.611,16.307,0.959725,-0.280498,-0.015773,0.280766,0.959596,0.018598,0.009919,-0.022277,0.999703,0,0.55357,1.00000,10.699,0.851,-1,705.193,-1,580.362,-1,522.342,497.251,552.234,394.128,-1,-1,-1,-1,-1,-1,-1,-1,2,0,2,0,2,0,0,0,0,2,2,2,2,2,2,2,2
27,1199.542,-5065.938,194.112,17.220,0.955145,-0.295780,-0.014577,0.296035,0.954958,0.020470,0.007866,-0.023867,0.999684,0,0.58653,0.56051,11.123,0.913,-1,701.972,-1,579.624,-1,521.115,496.227,547.535,397.969,-1,-1,-1,-1,-1,-1,-1,-1,2,0,2,0,2,0,0,0,0,2,2,2,2,2,2,2,2
28,1208.302,-5058.362,193.319,18.168,0.950131,-0.311568,-0.013254,0.311799,0.949884,0.022396,0.005612,-0.025411,0.999661,0,0.58962,0.55297,11.582,0.948,-1,697.162,-1,578.131,-1,518.973,494.355,542.039,401.429,-1,-1,-1,-1,-1,-1,-1,-1,2,0,2,0,2,0,0,0,0,2,2,2,2,2,2,2,2
29,1217.336,-5050.509,192.368,19.084,0.945031,-0.326734,-0.012705,0.326960,0.944696,0.025440,0.003690,-0.028195,0.999596,0,0.59283,0.54513,11.970,0.916,-1,691.520,-1,578.064,-1,516.379,493.081,533.073,405.881,-1,-1,-1,-1,-1,-1,-1,-1,2,0,2,0,2,0,0,0,0,2,2,2,2,2,2,2,2
30,1226.432,-5042.204,191.347,20.076,0.939239,-0.343069,-0.011578,0.343263,0.938811,0.028375,0.001135,-0.030625,0.999530,0,0.59588,0.53766,12.317,0.991,-1,684.331,-1,576.120,-1,512.648,490.727,524.868,410.008,-1,-1,-1,-1,-1,-1,-1,-1,2,0,2,0,2,0,0,0,0,2,2,2,2,2,2,2,2
31,1235.838,-5033.640,190.372,21.057,0.933223,-0.359152,-0.010247,0.359293,0.932688,0.031651,-0.001811,-0.033219,0.999446,0,0.59924,0.52945,12.721,0.981,-1,674.957,-1,572.968,-1,508.258,487.807,516.451,414.587,-1,-1,-1,-1,-1,-1,-1,-1,2,0,2,0,2,0,0,0,0,2,2,2,2,2,2,2,2
32,1245.659,-5024.862,189.501,21.997,0.927191,-0.374480,-0.008984,0.374556,0.926535,0.035217,-0.004864,-0.036018,0.999339,0,0.60253,0.52141,13.172,0.940,-1,666.128,-1,569.921,-1,503.825,484.862,507.930,419.762,-1,-1,-1,-1,-1,-1,-1,-1,2,0,2,0,2,0,0,0,0,2,2,2,2,2,2,2,2
33,1256.292,-5016.177,188.885,22.771,0.922042,-0.386973,-0.009460,0.387038,0.921249,0.038760,-0.006284,-0.039400,0.999204,0,0.60561,0.51389,13.730,0.774,-1,662.427,-1,571.324,-1,503.179,484.942,499.002,426.179,-1,-1,-1,-1,-1,-1,-1,-1,2,0,2,0,2,0,0,0,0,2,2,2,2,2,2,2,2
34,1267.369,-5007.280,188.556,23.521,0.916893,-0.399001,-0.010220,0.399076,0.916036,0.040200,-0.006678,-0.040938,0.999139,0,0.60790,0.50828,14.208,0.750,-1,664.981,-1,574.398,-1,505.631,487.440,495.267,429.989,-1,-1,-1,-1,-1,-1,-1,-1,2,0,2,0,2,0,0,0,0,2,2,2,2,2,2,2,2
35,1278.826,-4998.138,188.479,24.274,0.911571,-0.410998,-0.010921,0.411092,0.910723,0.039842,-0.006430,-0.040809,0.999146,0,0.61005,0.50303,14.657,0.753,-1,672.342,-1,578.003,-1,510.386,491.837,496.072,431.579,-1,-1,-1,-1,-1,-1,-1,-1,2,0,2,0,2,0,0,0,0,2,2,2,2,2,2,2,2
36,1290.803,-4988.886,188.536,24.989,0.906373,-0.422323,-0.011451,0.422436,0.905567,0.038674,-0.005964,-0.039891,0.999186,0,0.61217,0.49785,15.135,0.715,-1,681.696,-1,581.315,-1,516.003,496.319,498.999,432.423,-1,-1,-1,-1,-1,-1,-1,-1,2,0,2,0,2,0,0,0,0,2,2,2,2,2,2,2,2
37,1303.178,-4979.385,188.608,25.697,0.901083,-0.433501,-0.011274,0.433607,0.900338,0.037112,-0.005938,-0.038330,0.999247,0,0.61407,0.49321,15.601,0.708,-1,690.005,-1,583.199,-1,520.749,499.837,503.357,432.356,-1,-1,-1,-1,-1,-1,-1,-1,2,0,2,0,2,0,0,0,0,2,2,2,2,2,2,2,2
38,1315.815,-4969.647,188.724,26.399,0.895698,-0.444536,-0.010622,0.444615,0.894995,0.036085,-0.006534,-0.037044,0.999292,0,0.61589,0.48876,15.954,0.702,-1,695.157,-1,584.279,-1,524.218,502.378,507.062,432.815,-1,-1,-1,-1,-1,-1,-1,-1,2,0,2,0,2,0,0,0,0,2,2,2,2,2,2,2,2
39,1328.705,-4959.574,188.806,27.084,0.890314,-0.455240,-0.009903,0.455287,0.889631,0.035645,-0.007418,-0.036244,0.999315,0,0.61765,0.48446,16.360,0.685,-1,698.830,-1,585.071,-1,527.615,504.386,509.023,433.981,-1,-1,-1,-1,-1,-1,-1,-1,2,0,2,0,2,0,0,0,0,2,2,2,2,2,2,2,2
40,1341.890,-4949.131,188.717,27.769,0.884802,-0.465878,-0.009067,0.465886,0.884121,0.035783,-0.008654,-0.035885,0.999318,0,0.61931,0.48041,16.819,0.685,-1,700.464,-1,584.978,-1,529.491,505.674,509.484,435.219,-1,-1,-1,-1,-1,-1,-1,-1,2,0,2,0,2,0,0,0,0,2,2,2,2,2,2,2,2
41,1355.490,-4938.387,188.381,28.413,0.879496,-0.475823,-0.008861,0.475809,0.878791,0.036502,-0.009581,-0.036319,0.999294,0,0.62093,0.47645,17.332,0.645,-1,701.357,-1,585.528,-1,530.760,507.145,507.484,436.710,-1,-1,-1,-1,-1,-1,-1,-1,2,0,2,0,2,0,0,0,0,2,2,2,2,2,2,2,2
42,1369.448,-4927.291,187.856,29.038,0.874257,-0.485376,-0.009186,0.485357,0.873516,0.037381,-0.010120,-0.037139,0.999259,0,0.62233,0.47302,17.831,0.624,-1,702.449,-1,586.943,-1,532.256,508.949,504.117,438.448,-1,-1,-1,-1,-1,-1,-1,-1,2,0,2,0,2,0,0,0,0,2,2,2,2,2,2,2,2
43,1383.735,-4915.842,187.225,29.650,0.869016,-0.494687,-0.009781,0.494673,0.868232,0.038352,-0.010480,-0.038166,0.999216,0,0.62360,0.46992,18.308,0.612,-1,702.719,-1,588.526,-1,533.830,510.893,500.007,439.499,-1,-1,-1,-1,-1,-1,-1,-1,2,0,2,0,2,0,0,0,0,2,2,2,2,2,2,2,2
44,1398.331,-4904.062,186.512,30.257,0.863717,-0.503880,-0.009880,0.503852,0.862899,0.039219,-0.011236,-0.038852,0.999182,0,0.62478,0.46705,18.756,0.607,-1,701.561,-1,588.477,-1,534.520,511.866,496.330,439.494,-1,-1,-1,-1,-1,-1,-1,-1,2,0,2,0,2,0,0,0,0,2,2,2,2,2,2,2,2
45,1413.249,-4891.953,185.776,30.855,0.858403,-0.512887,-0.009500,0.512829,0.857567,0.039811,-0.012272,-0.039046,0.999162,0,0.62588,0.46434,19.213,0.598,-1,699.993,-1,587.420,-1,534.994,512.185,493.569,438.664,-1,-1,-1,-1,-1,-1,-1,-1,2,0,2,0,2,0,0,0,0,2,2,2,2,2,2,2,2
46,1428.394,-4879.494,185.144,31.454,0.852977,-0.521872,-0.008952,0.521773,0.852118,0.040594,-0.013556,-0.039297,0.999136,0,0.62690,0.46185,19.612,0.599,-1,697.801,-1,586.193,-1,535.299,511.789,490.780,438.364,-1,-1,-1,-1,-1,-1,-1,-1,2,0,2,0,2,0,0,0,0,2,2,2,2,2,2,2,2
47,1446.763,-4863.938,184.411,32.226,0.845851,-0.533359,-0.008064,0.533204,0.844983,0.041192,-0.015157,-0.039142,0.999119,0,0.62789,0.45944,24.071,0.772,-1,695.453,-1,585.262,-1,536.011,511.468,488.349,437.537,-1,-1,-1,-1,-1,-1,-1,-1,2,0,2,0,2,0,0,0,0,2,2,2,2,2,2,2,2
48,1459.276,-4853.302,183.933,32.709,0.841318,-0.540487,-0.007568,0.540299,0.840442,0.041644,-0.016147,-0.039125,0.999104,0,0.63967,0.79183,16.422,0.482,-1,694.056,-1,584.810,-1,536.587,511.337,486.532,437.188,-1,-1,-1,-1,-1,-1,-1,-1,2,0,2,0,2,0,0,0,0,2,2,2,2,2,2,2,2
49,1475.177,-4839.686,183.378,33.299,0.835696,-0.549146,-0.007107,0.548925,0.834817,0.041989,-0.017125,-0.038991,0.999093,0,0.64041,0.79005,20.935,0.590,-1,692.737,-1,584.839,-1,537.954,511.727,484.624,436.754,-1,-1,-1,-1,-1,-1,-1,-1,2,0,2,0,2,0,0,0,0,2,2,2,2,2,2,2,2
50,1491.209,-4825.559,182.832,33.922,0.829662,-0.558229,-0.006419,0.557973,0.828800,0.041916,-0.018078,-0.038358,0.999101,0,0.64123,0.78807,21.367,0.623,-1,691.138,-1,584.889,-1,539.555,512.339,483.842,435.632,-1,-1,-1,-1,-1,-1,-1,-1,2,0,2,0,2,0,0,0,0,2,2,2,2,2,2,2,2
51,1507.208,-4810.821,182.161,34.618,0.822797,-0.568314,-0.004966,0.567997,0.821973,0.041700,-0.019617,-0.037131,0.999118,0,0.64216,0.78584,21.753,0.696,-1,688.193,-1,583.504,-1,539.687,511.932,483.979,433.657,-1,-1,-1,-1,-1,-1,-1,-1,2,0,2,0,2,0,0,0,0,2,2,2,2,2,2,2,2
52,1523.069,-4795.445,181.374,35.390,0.815034,-0.579406,-0.002928,0.579000,0.814251,0.041883,-0.021883,-0.035832,0.999118,0,0.64338,0.78291,22.090,0.772,-1,683.113,-1,580.783,-1,538.094,510.388,483.960,432.365,-1,-1,-1,-1,-1,-1,-1,-1,2,0,2,0,2,0,0,0,0,2,2,2,2,2,2,2,2
53,1538.810,-4779.443,180.506,36.212,0.806607,-0.591087,-0.001309,0.590601,0.805849,0.042406,-0.024010,-0.034978,0.999100,0,0.64491,0.77923,22.446,0.822,-1,677.908,-1,578.870,-1,536.818,509.342,482.778,431.840,-1,-1,-1,-1,-1,-1,-1,-1,2,0,2,0,2,0,0,0,0,2,2,2,2,2,2,2,2
54,1554.295,-4762.781,179.588,37.101,0.797292,-0.603593,0.000129,0.603015,0.796539,0.043574,-0.026404,-0.034663,0.999050,0,0.64665,0.77506,22.747,0.890,-1,669.681,-1,577.164,-1,535.238,508.238,479.327,432.311,-1,-1,-1,-1,-1,-1,-1,-1,2,0,2,0,2,0,0,0,0,2,2,2,2,2,2,2,2
55,1569.673,-4745.535,178.618,38.011,0.787569,-0.616226,0.000967,0.615556,0.786784,0.045410,-0.028744,-0.035168,0.998968,0,0.64868,0.77017,23.106,0.910,-1,657.027,-1,576.265,-1,533.228,507.452,474.163,434.229,-1,-1,-1,-1,-1,-1,-1,-1,2,0,2,0,2,0,0,0,0,2,2,2,2,2,2,2,2
56,1585.112,-4727.792,177.554,38.915,0.777711,-0.628621,0.001053,0.627875,0.776867,0.047439,-0.030639,-0.036233,0.998874,0,0.65078,0.76511,23.520,0.904,-1,641.938,-1,576.474,-1,531.127,507.158,467.676,437.522,-1,-1,-1,-1,-1,-1,-1,-1,2,0,2,0,2,0,0,0,0,2,2,2,2,2,2,2,2
57,1600.685,-4709.635,176.389,39.791,0.767977,-0.640477,0.000782,0.639654,0.767050,0.049777,-0.032480,-0.037727,0.998760,0,0.65283,0.76019,23.921,0.876,-1,626.820,-1,576.790,-1,528.403,506.572,460.040,442.750,-1,-1,-1,-1,-1,-1,-1,-1,2,0,2,0,2,0,0,0,0,2,2,2,2,2,2,2,2
58,1616.361,-4691.316,175.199,40.601,0.758810,-0.651312,0.000702,0.650393,0.757795,0.052297,-0.034594,-0.039227,0.998631,0,0.31826,0.45219,24.110,0.809,-1,611.731,-1,576.204,-1,524.977,505.122,452.413,447.893,-1,-1,-1,-1,-1,-1,-1,-1,2,0,2,0,2,0,0,0,0,2,2,2,2,2,2,2,2
59,1632.007,-4673.146,174.041,41.327,0.750421,-0.660957,0.001774,0.659894,0.749361,0.054750,-0.037517,-0.039915,0.998498,0,0.31902,0.44846,23.978,0.727,-1,596.443,-1,573.011,-1,520.106,501.865,446.341,451.462,-1,-1,-1,-1,-1,-1,-1,-1,2,0,2,0,2,0,0,0,0,2,2,2,2,2,2,2,2
60,1647.578,-4655.047,172.981,42.003,0.742494,-0.669842,0.003891,0.668613,0.741460,0.056515,-0.040741,-0.039361,0.998394,0,0.31958,0.44566,23.875,0.676,-1,581.994,-1,568.253,-1,514.472,497.729,442.674,452.767,-1,-1,-1,-1,-1,-1,-1,-1,2,0,2,0,2,0,0,0,0,2,2,2,2,2,2,2,2
61,1662.885,-4636.855,171.935,42.693,0.734284,-0.678809,0.006740,0.677403,0.733338,0.057802,-0.044179,-0.037877,0.998305,0,0.32003,0.44345,23.775,0.690,-1,567.831,-1,562.651,-1,508.475,492.853,440.700,451.481,-1,-1,-1,-1,-1,-1,-1,-1,2,0,2,0,2,0,0,0,0,2,2,2,2,2,2,2,2
62,1678.040,-4618.611,170.801,43.365,0.726174,-0.687442,0.009757,0.685865,0.725343,0.058887,-0.047558,-0.036070,0.998217,0,0.32050,0.44112,23.718,0.672,-1,554.077,-1,556.767,-1,502.484,487.591,439.034,449.142,-1,-1,-1,-1,-1,-1,-1,-1,2,0,2,0,2,0,0,0,0,2,2,2,2,2,2,2,2
63,1696.044,-4596.643,169.401,44.146,0.716618,-0.697348,0.012872,0.695578,0.715913,0.060333,-0.051288,-0.034282,0.998095,0,0.32093,0.43902,28.404,0.782,-1,538.183,-1,550.497,-1,495.205,481.736,436.234,446.966,-1,-1,-1,-1,-1,-1,-1,-1,2,0,2,0,2,0,0,0,0,2,2,2,2,2,2,2,2
64,1707.937,-4581.893,168.405,44.655,0.710354,-0.703699,0.014311,0.701841,0.709718,0.060982,-0.053070,-0.033275,0.998036,0,0.32137,0.43682,18.947,0.508,-1,888.497,-1,547.617,-1,491.223,478.910,433.899,445.772,-1,-1,-1,-1,-1,-1,-1,-1,2,0,2,0,2,0,0,0,0,2,2,2,2,2,2,2,2
65,1722.653,-4563.325,167.120,45.285,0.702540,-0.711480,0.015301,0.709567,0.701969,0.061280,-0.054340,-0.032194,0.998003,0,0.32163,0.43554,23.692,0.630,-1,899.631,-1,545.834,-1,487.226,476.810,430.598,443.628,-1,-1,-1,-1,-1,-1,-1,-1,2,0,2,0,2,0,0,0,0,2,2,2,2,2,2,2,2
66,1737.156,-4544.625,165.879,45.909,0.694759,-0.719073,0.015601,0.717154,0.694230,0.061119,-0.054779,-0.031274,0.998009,0,0.32193,0.43403,23.666,0.624,-1,910.993,-1,545.995,-1,481.005,475.856,425.763,441.284,-1,-1,-1,-1,-1,-1,-1,-1,2,0,2,0,2,0,0,0,0,2,2,2,2,2,2,2,2
67,1751.484,-4525.900,164.657,46.505,0.687220,-0.726269,0.016200,0.724296,0.686728,0.061647,-0.055898,-0.030631,0.997967,0,0.32222,0.43263,23.578,0.596,-1,916.940,-1,545.167,-1,473.877,473.839,420.391,439.217,-1,-1,-1,-1,-1,-1,-1,-1,2,0,2,0,2,0,0,0,0,2,2,2,2,2,2,2,2
68,1765.589,-4507.103,163.466,47.086,0.679770,-0.733219,0.017376,0.731162,0.679343,0.062415,-0.057568,-0.029724,0.997899,0,0.32243,0.43156,23.501,0.581,-1,920.988,-1,543.105,-1,466.127,470.960,416.725,435.597,-1,-1,-1,-1,-1,-1,-1,-1,2,0,2,0,2,0,0,0,0,2,2,2,2,2,2,2,2
69,1779.424,-4488.191,162.304,47.679,0.672105,-0.740221,0.018654,0.738077,0.671750,0.063192,-0.059307,-0.028703,0.997827,0,0.32261,0.43068,23.432,0.593,-1,925.167,-1,541.680,-1,458.405,467.773,413.824,431.900,-1,-1,-1,-1,-1,-1,-1,-1,2,0,2,0,2,0,0,0,0,2,2,2,2,2,2,2,2
70,1793.170,-4469.136,161.215,48.234,0.664876,-0.746702,0.019418,0.744507,0.664576,0.063625,-0.060414,-0.027846,0.997785,0,0.58451,0.27746,23.495,0.555,-1,930.983,-1,541.174,-1,450.933,465.387,410.857,428.610,-1,-1,-1,-1,-1,-1,-1,-1,2,0,2,0,2,0,0,0,0,2,2,2,2,2,2,2,2
71,1806.628,-4450.188,160.881,48.698,0.658942,-0.752060,0.014166,0.750018,0.658351,0.063618,-0.057171,-0.031295,0.997874,0,0.58470,0.27695,23.241,0.465,-1,949.869,-1,554.293,-1,449.440,472.039,403.750,435.249,-1,-1,-1,-1,-1,-1,-1,-1,2,0,2,0,2,0,0,0,0,2,2,2,2,2,2,2,2
72,1819.787,-4430.784,161.018,49.232,0.652160,-0.758053,0.006601,0.756375,0.651251,0.061387,-0.050834,-0.035041,0.998092,0,0.58454,0.27738,23.446,0.533,-1,984.252,-1,576.601,-1,461.036,486.269,397.659,444.276,-1,-1,-1,-1,-1,-1,-1,-1,2,0,2,0,2,0,0,0,0,2,2,2,2,2,2,2,2
73,1832.785,-4411.037,160.907,49.822,0.644474,-0.764621,0.002936,0.763233,0.643526,0.057880,-0.046146,-0.035061,0.998319,0,0.58463,0.27713,23.641,0.591,-1,-1,-1,594.835,-1,467.269,497.080,396.142,445.965,-1,-1,-1,-1,-1,-1,-1,-1,2,2,2,0,2,0,0,0,0,2,2,2,2,2,2,2,2
74,1846.243,-4391.525,160.412,50.284,0.638354,-0.769740,0.002244,0.768475,0.637467,0.055514,-0.044162,-0.033713,0.998455,0,0.58491,0.27638,23.703,0.462,-1,-1,-1,604.944,-1,468.738,501.318,395.404,443.137,-1,-1,-1,-1,-1,-1,-1,-1,2,2,2,0,2,0,0,0,0,2,2,2,2,2,2,2,2
75,1860.159,-4372.340,159.541,50.609,0.633971,-0.773343,0.004654,0.772060,0.633244,0.054082,-0.044771,-0.030693,0.998526,0,0.58459,0.27725,23.700,0.325,-1,-1,-1,605.710,-1,465.594,499.224,391.943,438.144,-1,-1,-1,-1,-1,-1,-1,-1,2,2,2,0,2,0,0,0,0,2,2,2,2,2,2,2,2
76,1874.651,-4353.543,158.307,50.780,0.631620,-0.775233,0.008341,0.773891,0.631096,0.053018,-0.046365,-0.027032,0.998559,0,0.58365,0.27983,23.735,0.171,-1,-1,-1,601.427,-1,620.595,494.354,387.573,431.162,-1,-1,-1,-1,-1,-1,-1,-1,2,2,2,0,2,0,0,0,0,2,2,2,2,2,2,2,2
77,1889.308,-4334.836,157.122,50.949,0.629343,-0.776999,0.014143,0.775763,0.629212,0.047783,-0.046026,-0.019101,0.998758,0,0.58199,0.28435,23.764,0.169,-1,-1,-1,599.648,-1,647.291,492.060,388.358,418.190,-1,-1,-1,-1,-1,-1,-1,-1,2,2,2,0,2,0,0,0,0,2,2,2,2,2,2,2,2
78,1904.582,-4316.689,156.049,50.970,0.629099,-0.777091,0.019070,0.776050,0.629283,0.041831,-0.044507,-0.011516,0.998943,0,0.58024,0.28912,23.720,0.021,-1,-1,-1,600.949,-1,661.097,490.896,388.792,406.195,-1,-1,-1,-1,-1,-1,-1,-1,2,2,2,0,2,0,0,0,0,2,2,2,2,2,2,2,2
79,1920.292,-4299.104,154.752,50.809,0.631267,-0.775241,0.022440,0.774261,0.631618,0.039738,-0.044980,-0.007710,0.998958,0,0.57780,0.29580,23.580,-0.161,-1,-1,-1,598.181,-1,661.320,487.853,383.615,399.129,-1,-1,-1,-1,-1,-1,-1,-1,2,2,2,0,2,0,0,0,0,2,2,2,2,2,2,2,2
80,1936.735,-4282.276,153.356,50.374,0.637107,-0.770465,0.021884,0.769410,0.637411,0.041427,-0.045867,-0.009556,0.998902,0,0.57456,0.30465,23.529,-0.435,-1,-1,-1,596.842,-1,643.080,485.846,370.760,399.356,-1,-1,-1,-1,-1,-1,-1,-1,2,2,2,0,2,0,0,0,0,2,2,2,2,2,2,2,2
81,1953.472,-4265.387,152.419,49.857,0.644129,-0.764741,0.016386,0.763767,0.644187,0.041026,-0.041930,-0.013911,0.999024,0,0.57014,0.31673,23.777,-0.517,-1,-1,-1,612.058,-1,629.201,497.108,356.183,404.440,-1,-1,-1,-1,-1,-1,-1,-1,2,2,2,0,2,0,0,0,0,2,2,2,2,2,2,2,2
82,1970.170,-4247.872,152.091,49.469,0.649509,-0.760313,0.007864,0.759643,0.649314,0.036511,-0.032865,-0.017741,0.999302,0,0.56530,0.32993,24.199,-0.388,-1,-1,-1,647.319,-1,644.623,520.877,468.841,411.026,-1,-1,-1,-1,-1,-1,-1,-1,2,2,2,0,2,0,0,0,0,2,2,2,2,2,2,2,2
83,1985.262,-4229.250,152.163,49.586,0.648130,-0.761518,0.004116,0.761169,0.647980,0.027249,-0.023418,-0.014528,0.999620,0,0.56086,0.34206,23.970,0.117,-1,-1,-1,683.513,-1,648.583,546.004,499.795,409.669,-1,-1,-1,-1,-1,-1,-1,-1,2,2,2,0,2,0,0,0,0,2,2,2,2,2,2,2,2
84,1996.851,-4209.840,152.515,50.519,0.635706,-0.771864,0.010200,0.771694,0.635783,0.016389,-0.019135,-0.002547,0.999814,0,0.55844,0.34867,22.606,0.933,-1,-1,-1,700.861,-1,667.684,552.836,531.403,398.020,-1,-1,-1,-1,-1,-1,-1,-1,2,2,2,0,2,0,0,0,0,2,2,2,2,2,2,2,2
85,2007.690,-4190.331,152.532,51.528,0.622024,-0.782832,0.016166,0.782776,0.622206,0.011004,-0.018673,0.005810,0.999809,0,0.55950,0.34578,22.319,1.009,-1,-1,-1,708.524,-1,692.804,549.815,570.625,390.877,-1,-1,-1,-1,-1,-1,-1,-1,2,2,2,0,2,0,0,0,0,2,2,2,2,2,2,2,2
86,2018.193,-4170.786,151.944,52.463,0.609121,-0.792778,0.021785,0.792761,0.609424,0.011514,-0.022405,0.010257,0.999696,0,0.56090,0.34197,22.188,0.935,-1,-1,-1,703.088,-1,753.780,536.679,590.486,387.383,-1,-1,-1,-1,-1,-1,-1,-1,2,2,2,0,2,0,0,0,0,2,2,2,2,2,2,2,2
87,2028.365,-4151.042,150.553,53.365,0.596465,-0.802169,0.027463,0.802116,0.596962,0.015676,-0.028969,0.012678,0.999500,0,0.56201,0.33893,22.211,0.902,-1,-1,-1,688.557,-1,781.280,516.043,629.760,384.671,-1,-1,-1,-1,-1,-1,-1,-1,2,2,2,0,2,0,0,0,0,2,2,2,2,2,2,2,2
88,2038.375,-4131.108,148.284,54.218,0.584296,-0.810890,0.032483,0.810678,0.585052,0.022710,-0.037420,0.013064,0.999214,0,0.56298,0.33626,22.305,0.853,-1,-1,-1,667.019,-1,772.669,512.406,628.444,382.551,-1,-1,-1,-1,-1,-1,-1,-1,2,2,2,0,2,0,0,0,0,2,2,2,2,2,2,2,2
89,2048.242,-4110.879,145.266,55.042,0.572372,-0.819254,0.034827,0.818722,0.573333,0.031369,-0.045666,0.010559,0.998901,0,0.56373,0.33422,22.508,0.825,-1,-1,-1,646.941,-1,761.769,525.842,621.369,382.576,-1,-1,-1,-1,-1,-1,-1,-1,2,2,2,0,2,0,0,0,0,2,2,2,2,2,2,2,2
90,2057.965,-4090.254,141.583,55.844,0.560684,-0.827367,0.033107,0.826389,0.561642,0.040501,-0.052104,0.004651,0.998631,0,0.56432,0.33262,22.802,0.802,-1,-1,-1,632.297,-1,752.462,517.357,608.378,385.825,-1,-1,-1,-1,-1,-1,-1,-1,2,2,2,0,2,0,0,0,0,2,2,2,2,2,2,2,2
91,2067.482,-4069.157,137.260,56.627,0.549225,-0.835242,0.026893,0.833803,0.549863,0.049226,-0.055903,-0.004612,0.998426,0,0.56475,0.33144,23.144,0.783,-1,-1,-1,625.696,-1,745.246,511.042,590.153,392.717,-1,-1,-1,-1,-1,-1,-1,-1,2,2,2,0,2,0,0,0,0,2,2,2,2,2,2,2,2
92,2076.570,-4047.547,132.554,57.406,0.537784,-0.842899,0.017576,0.841114,0.537836,0.057098,-0.057581,-0.015923,0.998214,0,0.56505,0.33061,23.443,0.779,-1,1000.043,-1,625.468,-1,737.664,507.028,567.788,403.416,-1,-1,-1,-1,-1,-1,-1,-1,2,0,2,0,2,0,0,0,0,2,2,2,2,2,2,2,2
93,2085.321,-4025.552,127.862,58.209,0.525857,-0.850519,0.009616,0.848426,0.525298,0.065081,-0.060404,-0.026064,0.997834,0,0.56531,0.32990,23.672,0.803,-1,973.835,-1,618.574,-1,728.216,513.318,545.812,413.067,-1,-1,-1,-1,-1,-1,-1,-1,2,0,2,0,2,0,0,0,0,2,2,2,2,2,2,2,2
94,2093.850,-4003.239,123.518,59.038,0.513384,-0.858150,0.003865,0.855690,0.512244,0.073484,-0.065040,-0.034419,0.997289,0,0.56562,0.32907,23.888,0.828,-1,945.905,-1,598.709,-1,716.083,564.758,528.137,421.293,-1,-1,-1,-1,-1,-1,-1,-1,2,0,2,0,2,0,0,0,0,2,2,2,2,2,2,2,2
95,2102.309,-3980.778,119.867,59.874,0.500617,-0.865669,0.000619,0.862696,0.498957,0.082443,-0.071677,-0.040739,0.996596,0,0.56594,0.32818,24.001,0.836,-1,915.600,-1,573.949,-1,702.114,605.379,515.124,428.239,-1,-1,-1,-1,-1,-1,-1,-1,2,0,2,0,2,0,0,0,0,2,2,2,2,2,2,2,2
96,2110.840,-3958.203,117.164,60.650,0.488606,-0.872503,-0.001501,0.868900,0.486430,0.091648,-0.079233,-0.046084,0.995790,0,0.56620,0.32748,24.133,0.776,-1,886.802,-1,553.664,-1,687.639,602.144,505.950,436.116,-1,-1,-1,-1,-1,-1,-1,-1,2,0,2,0,2,0,0,0,0,2,2,2,2,2,2,2,2
97,2119.347,-3935.574,115.487,61.401,0.476797,-0.879012,-0.001741,0.874557,0.474179,0.101512,-0.088405,-0.049924,0.994833,0,0.49072,0.64002,24.175,0.752,-1,858.554,-1,523.013,-1,672.604,599.564,500.957,445.179,-1,-1,-1,-1,-1,-1,-1,-1,2,0,2,0,2,0,0,0,0,2,2,2,2,2,2,2,2
98,2127.562,-3912.964,115.052,62.133,0.465153,-0.885230,-0.000985,0.879732,0.462139,0.111800,-0.098513,-0.052871,0.993730,0,0.49047,0.64082,24.057,0.731,-1,832.842,-1,499.663,-1,658.837,597.704,499.489,459.196,-1,-1,-1,-1,-1,-1,-1,-1,2,0,2,0,2,0,0,0,0,2,2,2,2,2,2,2,2
99,2135.577,-3890.351,115.943,62.843,0.453796,-0.891101,-0.002778,0.884629,0.450121,0.121743,-0.107235,-0.057704,0.992558,0,0.49010,0.64198,23.992,0.710,-1,813.290,-1,485.549,-1,650.034,598.981,498.261,482.084,-1,-1,-1,-1,-1,993.881,-1,-1,2,0,2,0,2,0,0,0,0,2,2,2,2,2,0,2,2
100,2143.638,-3867.759,117.927,63.521,0.442988,-0.896482,-0.009058,0.889313,0.438121,0.131040,-0.113507,-0.066105,0.991336,0,0.48959,0.64358,23.986,0.678,-1,800.038,-1,484.931,-1,646.355,599.795,494.968,517.829,-1,-1,-1,-1,-1,995.129,-1,-1,2,0,2,0,2,0,0,0,0,2,2,2,2,2,0,2,2
101,2150.446,-3845.067,120.690,64.315,0.430279,-0.902607,-0.012684,0.894644,0.424527,0.139245,-0.120299,-0.071262,0.990177,0,0.48886,0.64588,23.691,0.794,-1,789.963,-1,503.967,-1,644.219,604.199,496.516,554.757,-1,-1,-1,-1,-1,989.827,-1,-1,2,0,2,0,2,0,0,0,0,2,2,2,2,2,0,2,2
102,2155.770,-3822.406,124.003,65.244,0.415370,-0.909531,-0.014853,0.900741,0.408966,0.146329,-0.127017,-0.074159,0.989124,0,0.48861,0.64668,23.278,0.929,-1,783.674,-1,507.365,-1,643.690,613.491,500.801,591.399,-1,-1,-1,-1,-1,983.035,-1,-1,2,0,2,0,2,0,0,0,0,2,2,2,2,2,0,2,2
103,2159.022,-3800.131,127.668,66.365,0.397345,-0.917518,-0.016679,0.907959,0.390438,0.152216,-0.133148,-0.075626,0.988207,0,0.48895,0.64560,22.512,1.121,-1,782.130,-1,514.866,-1,646.046,620.190,505.870,627.201,-1,-1,-1,-1,-1,978.533,-1,-1,2,0,2,0,2,0,0,0,0,2,2,2,2,2,0,2,2
104,2160.577,-3778.283,131.530,67.692,0.375969,-0.926402,-0.020671,0.916364,0.368399,0.156714,-0.137565,-0.077862,0.987428,0,0.49021,0.64161,21.903,1.328,-1,785.081,-1,532.879,-1,653.021,628.664,508.945,669.578,-1,-1,-1,-1,-1,985.399,-1,-1,2,0,2,0,2,0,0,0,0,2,2,2,2,2,0,2,2
105,2160.920,-3756.594,134.758,69.208,0.351402,-0.935905,-0.024453,0.925458,0.343293,0.160244,-0.141579,-0.078940,0.986774,0,0.49240,0.63473,21.692,1.515,-1,786.915,-1,552.373,-1,658.507,637.892,511.235,706.855,-1,-1,-1,-1,-1,988.419,-1,-1,2,0,2,0,2,0,0,0,0,2,2,2,2,2,0,2,2
106,2161.170,-3734.822,136.724,70.738,0.326385,-0.944815,-0.028249,0.934003,0.317768,0.163287,-0.145299,-0.079679,0.986174,0,0.49534,0.62547,21.773,1.530,-1,786.710,-1,572.749,-1,663.010,645.659,511.779,738.297,-1,-1,-1,-1,-1,981.284,-1,-1,2,0,2,0,2,0,0,0,0,2,2,2,2,2,0,2,2
107,2161.398,-3713.001,137.388,72.260,0.301299,-0.952992,-0.032020,0.941837,0.292194,0.166028,-0.148867,-0.080182,0.985601,0,0.49825,0.61630,21.822,1.522,-1,783.110,-1,590.599,-1,665.873,648.613,510.521,762.077,-1,-1,-1,-1,-1,967.929,-1,-1,2,0,2,0,2,0,0,0,0,2,2,2,2,2,0,2,2
108,2161.548,-3691.142,136.764,73.769,0.276236,-0.960440,-0.035332,0.948919,0.266721,0.168562,-0.152470,-0.080090,0.985058,0,0.50103,0.60753,21.860,1.509,-1,777.695,-1,607.929,-1,665.341,651.486,507.936,775.596,-1,-1,-1,-1,-1,946.647,-1,-1,2,0,2,0,2,0,0,0,0,2,2,2,2,2,0,2,2
109,2161.399,-3669.241,134.945,75.241,0.251597,-0.967155,-0.036187,0.955021,0.242030,0.171336,-0.156950,-0.077667,0.984548,0,0.50368,0.59917,21.901,1.472,-1,765.746,-1,622.717,-1,659.589,649.452,506.239,775.048,-1,-1,-1,-1,-1,907.154,-1,-1,2,0,2,0,2,0,0,0,0,2,2,2,2,2,0,2,2
110,2160.887,-3647.305,131.979,76.666,0.227559,-0.973176,-0.033854,0.960084,0.218420,0.174734,-0.162652,-0.072265,0.984034,0,0.50617,0.59134,21.942,1.425,-1,750.722,-1,634.034,-1,650.279,640.932,506.236,758.015,-1,-1,-1,-1,-1,782.400,-1,-1,2,0,2,0,2,0,0,0,0,2,2,2,2,2,0,2,2
111,2160.234,-3625.334,127.740,78.065,0.203837,-0.978527,-0.030583,0.964394,0.195319,0.178312,-0.168510,-0.065841,0.983499,0,0.50846,0.58412,21.981,1.400,-1,733.892,-1,643.651,-1,639.165,628.707,505.425,732.864,-1,-1,-1,-1,-1,761.833,-1,-1,2,0,2,0,2,0,0,0,0,2,2,2,2,2,0,2,2
112,2159.530,-3603.358,122.196,79.456,0.180196,-0.983255,-0.027180,0.968067,0.172381,0.182017,-0.174284,-0.059111,0.982920,0,0.51058,0.57744,21.987,1.390,-1,715.180,-1,651.359,-1,626.194,614.523,502.866,704.741,-1,-1,-1,-1,991.863,777.575,-1,-1,2,0,2,0,2,0,0,0,0,2,2,2,2,0,0,2,2
113,2158.795,-3581.384,115.349,80.843,0.156547,-0.987385,-0.023750,0.971132,0.149499,0.185881,-0.179986,-0.052163,0.982285,0,0.51255,0.57124,21.986,1.387,-1,694.110,-1,643.656,-1,609.456,599.408,498.410,672.183,-1,-1,-1,-1,958.931,773.310,-1,-1,2,0,2,0,2,0,0,0,0,2,2,2,2,0,0,2,2
114,2158.061,-3559.420,107.204,82.232,0.132806,-0.990931,-0.020446,0.973605,0.126566,0.189935,-0.185624,-0.045130,0.981584,0,0.51437,0.56549,21.977,1.390,-1,667.792,-1,622.422,-1,590.527,581.071,491.855,638.349,-1,-1,-1,-1,923.205,748.091,-1,-1,2,0,2,0,2,0,0,0,0,2,2,2,2,0,0,2,2
115,2157.329,-3537.464,97.761,83.626,0.108968,-0.993895,-0.017292,0.975486,0.103572,0.194164,-0.191188,-0.038026,0.980817,0,0.51605,0.56020,21.968,1.394,999.530,639.772,-1,605.076,-1,569.761,559.853,483.137,602.004,-1,-1,-1,-1,883.592,721.621,-1,838.608,0,0,2,0,2,0,0,0,0,2,2,2,2,0,0,2,0
116,2156.268,-3511.119,84.701,85.270,0.080833,-0.996645,-0.012838,0.976919,0.076665,0.199376,-0.197723,-0.028658,0.979839,0,0.51758,0.55538,26.366,1.644,928.008,604.401,-1,582.970,-1,542.428,532.135,470.660,553.916,-1,-1,-1,-1,832.909,703.865,-1,736.899,0,0,2,0,2,0,0,0,0,2,2,2,2,0,0,2,0
117,2155.538,-3493.563,74.960,86.363,0.062119,-0.998019,-0.009932,0.977409,0.058816,0.203008,-0.202022,-0.022318,0.979127,0,0.51913,0.55050,17.572,1.094,878.690,579.512,-1,562.783,786.243,522.700,512.198,460.564,520.613,-1,-1,-1,-1,796.878,688.817,965.893,705.461,0,0,2,0,0,0,0,0,0,2,2,2,2,0,0,0,0
118,2154.092,-3472.029,62.337,87.508,0.042485,-0.999061,-0.008465,0.976376,0.039721,0.212395,-0.211859,-0.017289,0.977147,0,0.52001,0.54773,21.582,1.145,792.965,540.986,974.266,528.324,520.933,488.573,480.876,443.574,480.912,-1,-1,-1,-1,740.855,667.875,881.764,661.644,0,0,0,0,0,0,0,0,0,2,2,2,2,0,0,0,0
119,2152.267,-3451.075,50.014,88.338,0.028223,-0.999481,-0.015502,0.972499,0.023867,0.231681,-0.231191,-0.021615,0.972668,0,0.52042,0.54643,21.033,0.829,665.383,488.190,916.333,485.435,504.261,443.245,439.796,416.104,459.868,-1,-1,-1,-1,660.412,634.284,746.014,611.791,0,0,0,0,0,0,0,0,0,2,2,2,2,0,0,0,0
120,2150.693,-3430.379,37.792,88.881,0.018875,-0.999267,-0.033310,0.965971,0.009630,0.258470,-0.257959,-0.037055,0.965445,0,0.51983,0.54831,20.756,0.543,522.216,425.970,836.320,438.706,484.194,391.073,392.976,377.964,460.184,-1,-1,-1,-1,568.923,579.369,586.414,560.480,0,0,0,0,0,0,0,0,0,2,2,2,2,0,0,0,0
121,2148.731,-3409.427,25.199,89.238,0.012752,-0.998590,-0.051535,0.958430,-0.002485,0.285317,-0.285043,-0.053031,0.957047,0,0.51809,0.55378,21.044,0.357,403.931,368.199,747.286,393.054,459.225,341.583,348.180,341.749,456.276,-1,-1,-1,-1,483.425,516.202,452.670,511.133,0,0,0,0,0,0,0,0,0,2,2,2,2,0,0,0,0
122,2146.322,-3387.296,12.796,89.571,0.007145,-0.998519,-0.053935,0.954371,-0.009293,0.298478,-0.298537,-0.053607,0.952891,0,0.60551,0.35554,22.261,0.333,342.212,333.503,687.631,358.337,434.298,310.002,317.461,322.947,388.981,-1,-1,-1,-1,434.901,471.158,381.784,469.722,0,0,0,0,0,0,0,0,0,2,2,2,2,0,0,0,0
123,2144.249,-3363.682,1.015,90.065,-0.001090,-0.999029,-0.044051,0.955392,-0.014051,0.295006,-0.295339,-0.041764,0.954479,0,0.60202,0.36489,23.705,0.494,327.090,320.917,662.390,339.839,417.369,297.051,302.573,318.191,301.405,-1,-1,-1,-1,419.520,448.631,362.093,439.116,0,0,0,0,0,0,0,0,0,2,2,2,2,0,0,0,0
124,2142.230,-3338.378,-9.681,90.749,-0.012575,-0.999548,-0.027313,0.962059,-0.019539,0.272141,-0.272552,-0.022854,0.961870,0,0.59825,0.37501,25.384,0.683,354.989,331.747,684.944,342.749,406.369,304.920,306.985,323.241,306.444,-1,-1,-1,-1,439.474,455.133,393.265,432.564,0,0,0,0,0,0,0,0,0,2,2,2,2,0,0,0,0
125,2140.130,-3311.984,-19.342,91.477,-0.025071,-0.999661,-0.007049,0.972169,-0.026023,0.232833,-0.232937,-0.001016,0.972491,0,0.41099,-0.76988,26.477,0.728,432.277,364.166,743.691,364.239,413.096,332.476,330.493,334.700,296.643,-1,-1,-1,-1,491.850,486.212,476.356,465.350,0,0,0,0,0,0,0,0,0,2,2,2,2,0,0,0,0
126,2137.659,-3285.143,-28.059,92.111,-0.036196,-0.999294,0.010061,0.982082,-0.033706,0.185418,-0.184948,0.016592,0.982608,0,0.40999,-0.76988,26.955,0.633,552.240,411.058,760.790,399.764,418.345,370.696,364.688,345.172,285.848,-1,-1,-1,-1,568.930,533.055,614.790,500.703,0,0,0,0,0,0,0,0,0,2,2,2,2,0,0,0,0
127,2135.375,-3258.206,-36.001,92.571,-0.044405,-0.998904,0.014830,0.989068,-0.041868,0.141392,-0.140616,0.020947,0.989843,0,0.40999,-0.76988,27.033,0.460,676.632,453.854,776.484,437.651,431.810,409.075,402.227,343.415,286.940,-1,274.193,195.048,-1,645.256,567.899,745.221,550.148,0,0,0,0,0,0,0,0,0,2,0,0,2,0,0,0,0
128,2134.203,-3232.218,-42.403,92.539,-0.044013,-0.999001,0.007758,0.992655,-0.042855,0.113135,-0.112690,0.012680,0.993549,0,0.40999,-0.76988,26.015,-0.032,730.430,476.578,-1,463.325,449.314,430.404,424.240,331.807,291.767,493.845,267.583,195.953,-1,681.628,590.628,788.227,547.813,0,0,2,0,0,0,0,0,0,0,0,0,2,0,0,0,0
129,2134.151,-3207.389,-47.050,92.170,-0.037652,-0.999290,-0.001141,0.993849,-0.037565,0.104175,-0.104144,0.002789,0.994558,0,0.40999,-0.76988,24.829,-0.369,717.111,476.831,-1,465.196,441.393,430.661,426.010,321.749,293.926,500.224,280.719,215.442,-1,678.897,577.522,764.564,534.228,0,0,2,0,0,0,0,0,0,0,0,0,2,0,0,0,0
130,2135.242,-3183.420,-50.343,91.583,-0.027453,-0.999597,-0.007224,0.993649,-0.028077,0.108967,-0.109126,-0.004187,0.994019,0,0.40999,-0.76988,23.993,-0.587,670.707,461.052,-1,447.897,420.125,416.219,412.030,316.829,293.971,530.603,308.074,244.797,-1,650.811,555.086,732.414,510.871,0,0,2,0,0,0,0,0,0,0,0,0,2,0,0,0,0
131,2137.306,-3159.779,-52.454,90.891,-0.015439,-0.999839,-0.009136,0.992697,-0.016421,0.119508,-0.119639,-0.007224,0.992791,0,0.40999,-0.76988,23.731,-0.692,622.333,441.455,693.959,425.642,392.795,397.872,392.921,317.630,292.311,582.651,343.684,282.648,-1,617.744,529.207,693.914,483.775,0,0,0,0,0,0,0,0,0,0,0,0,2,0,0,0,0
132,2140.415,-3136.344,-53.620,90.123,-0.002121,-0.999968,-0.007746,0.991490,-0.003111,0.130143,-0.130163,-0.007404,0.991465,0,0.40999,-0.76988,23.640,-0.768,589.484,424.855,661.363,404.262,364.923,382.116,375.558,322.945,289.706,635.061,382.290,323.919,-1,590.992,491.413,650.517,458.121,0,0,0,0,0,0,0,0,0,0,0,0,2,0,0,0,0
133,2144.869,-3113.190,-53.922,89.202,0.013793,-0.999883,-0.006615,0.990403,0.012752,0.137621,-0.137520,-0.008450,0.990463,0,0.40999,-0.76988,23.579,-0.920,573.120,414.714,635.258,387.518,340.483,370.953,362.865,329.848,287.064,665.877,419.531,365.810,-1,574.249,458.651,624.596,422.382,0,0,0,0,0,0,0,0,0,0,0,0,2,0,0,0,0
134,2150.657,-3090.284,-53.796,88.116,0.032560,-0.999429,-0.009003,0.989692,0.030983,0.139820,-0.139461,-0.013462,0.990136,0,0.40999,-0.76988,23.626,-1.086,563.600,411.599,615.830,372.280,321.746,366.084,356.106,334.318,285.429,766.177,450.893,405.193,-1,560.093,433.155,608.094,380.474,0,0,0,0,0,0,0,0,0,0,0,0,2,0,0,0,0
135,2156.713,-3067.215,-53.662,87.042,0.051136,-0.998622,-0.011759,0.989541,0.049073,0.135646,-0.134882,-0.018572,0.990688,0,0.41110,-0.76988,23.850,-1.074,570.956,417.020,602.723,356.152,307.604,368.222,350.370,338.616,283.978,714.219,474.237,437.902,-1,541.660,414.041,591.120,358.992,0,0,0,0,0,0,0,0,0,0,0,0,2,0,0,0,0
136,2162.411,-3043.701,-54.037,86.095,0.067572,-0.997620,-0.013743,0.989824,0.065303,0.126426,-0.125228,-0.022146,0.991881,0,0.41420,-0.76988,24.195,-0.947,591.996,425.138,-1,344.002,295.960,374.858,349.372,343.396,281.484,681.700,491.995,462.920,-1,526.545,400.147,579.206,343.187,0,0,2,0,0,0,0,0,0,0,0,0,2,0,0,0,0
137,2167.864,-3019.877,-55.208,85.271,0.081914,-0.996516,-0.015702,0.990203,0.079587,0.114732,-0.113083,-0.024946,0.993272,0,0.41680,-0.76988,24.440,-0.824,581.945,433.565,-1,333.715,290.915,377.677,350.153,347.456,278.460,685.156,507.869,482.327,-1,512.639,398.372,569.399,329.752,0,0,2,0,0,0,0,0,0,0,0,0,2,0,0,0,0
138,2173.334,-2995.952,-57.231,84.511,0.095178,-0.995288,-0.018509,0.990381,0.092800,0.102636,-0.100435,-0.028100,0.994547,0,0.41893,-0.76988,24.542,-0.760,570.226,438.005,-1,323.448,292.932,370.589,350.430,347.830,274.990,692.466,521.461,499.025,-1,498.374,397.400,558.675,326.728,0,0,2,0,0,0,0,0,0,0,0,0,2,0,0,0,0
139,2178.991,-2972.020,-59.994,83.775,0.108015,-0.993908,-0.021903,0.990210,0.105601,0.091279,-0.088410,-0.031548,0.995584,0,0.49326,-0.50663,24.592,-0.736,556.417,438.667,-1,312.145,291.526,362.208,340.757,346.692,270.941,705.060,533.867,515.046,-1,482.414,394.182,545.895,321.173,0,0,2,0,0,0,0,0,0,0,0,0,2,0,0,0,0
140,2185.008,-2948.086,-63.349,83.068,0.120338,-0.992383,-0.026366,0.989731,0.117868,0.080874,-0.077150,-0.035827,0.996376,0,0.49536,-0.50663,24.678,-0.707,540.156,421.284,-1,299.861,287.121,352.714,326.296,344.056,266.546,679.409,546.240,530.583,-1,464.634,388.922,530.762,311.779,0,0,2,0,0,0,0,0,0,0,0,0,2,0,0,0,0
141,2191.180,-2924.177,-66.943,82.371,0.132465,-0.990701,-0.031041,0.988925,0.129983,0.071643,-0.066942,-0.040188,0.996947,0,0.49734,-0.50663,24.693,-0.697,522.162,403.247,-1,286.681,279.068,342.769,311.146,340.715,261.931,640.888,559.345,541.356,-1,446.005,433.078,504.405,298.052,0,0,2,0,0,0,0,0,0,0,0,0,2,0,0,0,0
142,2197.537,-2900.352,-70.140,81.675,0.144551,-0.988797,-0.037220,0.987852,0.142040,0.063035,-0.057042,-0.045880,0.997317,0,0.49926,-0.50663,24.659,-0.696,500.787,385.308,-1,273.941,-1,332.842,296.304,335.930,257.784,595.577,572.953,551.809,-1,427.368,497.204,474.184,287.251,0,0,2,0,2,0,0,0,0,0,0,0,2,0,0,0,0
143,2203.888,-2876.395,-72.680,81.015,0.156013,-0.986697,-0.045704,0.986700,0.153542,0.053365,-0.045638,-0.053422,0.997529,0,0.50119,-0.50663,24.785,-0.660,479.993,368.489,-1,272.301,-1,325.082,285.300,330.637,254.761,542.440,585.684,562.577,-1,409.912,570.924,445.720,-1,0,0,2,0,2,0,0,0,0,0,0,0,2,0,0,0,2
144,2209.905,-2852.175,-74.349,80.458,0.165683,-0.984644,-0.055007,0.985637,0.163485,0.042339,-0.032696,-0.061231,0.997588,0,0.50295,-0.50663,24.955,-0.557,462.080,353.258,-1,275.641,-1,317.000,276.715,326.000,252.915,503.477,596.413,572.932,-1,394.118,677.879,420.909,-1,0,0,2,0,2,0,0,0,0,0,0,0,2,0,0,0,2
145,2215.224,-2827.912,-74.921,80.077,0.172287,-0.982965,-0.064008,0.984860,0.170624,0.030639,-0.019196,-0.068317,0.997479,0,0.50424,-0.50663,24.840,-0.381,460.395,341.071,-1,284.711,-1,309.261,268.665,323.176,252.236,472.965,557.970,560.415,-1,587.883,924.523,400.627,-1,0,0,2,0,2,0,0,0,0,0,0,0,2,0,0,0,2
146,2219.785,-2804.120,-74.017,79.856,0.176119,-0.981622,-0.073491,0.984351,0.175176,0.019142,-0.005916,-0.075713,0.997112,0,0.50477,-0.50663,24.225,-0.221,463.709,330.458,-1,351.393,-1,307.084,261.562,321.588,253.489,450.771,524.644,553.057,-1,704.175,-1,384.415,-1,0,0,2,0,2,0,0,0,0,0,0,0,2,0,2,0,2
147,2223.742,-2781.178,-71.228,79.686,0.179030,-0.979977,-0.087134,0.983805,0.179108,0.006985,0.008761,-0.086973,0.996172,0,0.50462,-0.50663,23.280,-0.170,470.977,322.126,-1,431.108,-1,308.449,260.829,319.922,258.559,427.392,482.235,548.018,-1,844.466,-1,-1,-1,0,0,2,0,2,0,0,0,0,0,0,0,2,0,2,2,2
148,2227.265,-2758.527,-66.804,79.561,0.181123,-0.977871,-0.104707,0.983137,0.182764,-0.006209,0.025208,-0.101817,0.994484,0,0.50429,-0.50663,22.924,-0.125,-1,315.725,-1,516.837,-1,313.117,352.930,317.890,313.870,402.711,445.918,526.174,-1,-1,-1,-1,-1,2,0,2,0,2,0,0,0,0,0,0,0,2,2,2,2,2
149,2230.100,-2736.023,-61.562,79.563,0.181013,-0.976158,-0.119792,0.982671,0.184458,-0.018228,0.039890,-0.114417,0.992632,0,0.50377,-0.50663,22.682,0.001,-1,435.488,-1,621.989,-1,342.575,410.124,318.762,448.641,387.854,428.397,513.416,-1,-1,-1,-1,-1,2,0,2,0,2,0,0,0,0,0,0,0,2,2,2,2,2
150,2232.905,-2714.097,-55.482,79.549,0.181154,-0.974206,-0.134561,0.982081,0.186429,-0.027583,0.051958,-0.127153,0.990521,0,0.50271,-0.50663,22.105,-0.014,-1,496.167,-1,757.117,-1,424.637,469.479,319.872,552.771,379.558,425.095,515.442,-1,-1,-1,-1,-1,2,0,2,0,2,0,0,0,0,0,0,0,2,2,2,2,2
151,2236.129,-2692.685,-48.880,79.418,0.183300,-0.971459,-0.150559,0.981118,0.190394,-0.034015,0.061710,-0.141481,0.988016,0,0.50175,-0.50663,21.653,-0.131,-1,547.884,-1,969.663,-1,471.986,524.995,320.264,671.215,374.230,431.806,527.933,-1,-1,-1,-1,-1,2,0,2,0,2,0,0,0,0,0,0,0,2,2,2,2,2
152,2239.970,-2671.800,-42.518,79.118,0.188362,-0.968114,-0.165150,0.979804,0.196738,-0.035766,0.067117,-0.155077,0.985620,0,0.50132,-0.50663,21.235,-0.300,-1,584.561,-1,-1,-1,509.795,570.661,321.021,800.409,374.539,451.890,553.696,-1,-1,-1,-1,-1,2,0,2,2,2,0,0,0,0,0,0,0,2,2,2,2,2
153,2244.347,-2651.517,-36.750,78.702,0.195467,-0.964448,-0.177858,0.978364,0.204302,-0.032615,0.067792,-0.167635,0.983516,0,0.33354,-1.00000,20.749,-0.416,-1,603.167,-1,-1,-1,533.519,600.897,321.877,929.538,379.705,483.599,593.098,-1,-1,-1,-1,-1,2,0,2,2,2,0,0,0,0,0,0,0,2,2,2,2,2
154,2249.750,-2632.198,-31.747,78.078,0.206139,-0.959168,-0.193658,0.976364,0.214755,-0.024372,0.064966,-0.184057,0.980766,0,0.33411,-1.00000,20.061,-0.623,-1,602.171,-1,-1,-1,543.164,618.242,318.720,-1,381.548,522.059,643.526,-1,-1,-1,-1,-1,2,0,2,2,2,0,0,0,2,0,0,0,2,2,2,2,2
155,2256.015,-2613.841,-27.633,77.249,0.220318,-0.951982,-0.212578,0.973617,0.227896,-0.011513,0.059406,-0.204433,0.977076,0,0.33531,-1.00000,19.396,-0.829,-1,585.098,-1,-1,-1,540.418,624.459,310.327,-1,379.700,565.473,703.915,-1,-1,-1,-1,-1,2,0,2,2,2,0,0,0,2,0,0,0,2,2,2,2,2
156,2262.631,-2596.049,-24.560,76.288,0.236724,-0.943417,-0.232218,0.970171,0.242383,0.004287,0.052242,-0.226306,0.972654,0,0.33713,-1.00000,18.983,-0.962,-1,559.378,-1,-1,-1,529.310,622.345,299.803,-1,375.570,611.432,763.770,-1,-1,-1,-1,-1,2,0,2,2,2,0,0,0,2,0,0,0,2,2,2,2,2
157,2269.205,-2578.406,-22.639,75.359,0.252514,-0.934598,-0.250524,0.966569,0.255554,0.020885,0.044503,-0.247423,0.967885,0,0.33936,-1.00000,18.828,-0.929,-1,530.696,-1,-1,-1,513.618,615.141,287.519,-1,369.731,657.640,824.041,-1,-1,-1,-1,-1,2,0,2,2,2,0,0,0,2,0,0,0,2,2,2,2,2
158,2275.372,-2561.349,-21.175,74.649,0.264514,-0.927845,-0.262937,0.963536,0.265684,0.031775,0.040376,-0.261754,0.964290,0,0.34149,-1.00000,18.137,-0.710,-1,516.799,-1,-1,-1,507.775,616.845,280.001,-1,365.315,690.105,865.881,-1,801.135,-1,-1,-1,2,0,2,2,2,0,0,0,2,0,0,0,2,1,2,2,2
159,2282.053,-2547.260,-19.288,74.088,0.273943,-0.921938,-0.273834,0.960948,0.273980,0.038903,0.039159,-0.273797,0.960990,0,0.34300,-1.00000,15.593,-0.561,-1,513.306,-1,-1,-1,510.676,627.264,275.259,-1,361.638,711.248,893.375,-1,830.286,-1,-1,-1,2,0,2,2,2,0,0,0,2,0,0,0,2,1,2,2,2
160,2289.082,-2537.726,-16.690,73.894,0.277208,-0.917966,-0.283716,0.960043,0.276429,0.043632,0.038375,-0.284475,0.957915,0,0.34417,-1.00000,11.845,-0.194,-1,513.469,-1,-1,-1,516.694,640.141,272.744,-1,360.894,733.937,918.001,-1,818.202,-1,-1,-1,2,0,2,2,2,0,0,0,2,0,0,0,2,1,2,2,2
161,2295.462,-2530.623,-13.652,74.163,0.272648,-0.918492,-0.286418,0.961132,0.273468,0.037960,0.043460,-0.285636,0.957352,0,0.34441,-1.00000,9.548,0.269,-1,537.155,-1,-1,-1,541.609,669.322,276.977,-1,365.524,731.562,913.443,-1,816.125,-1,-1,-1,2,0,2,2,2,0,0,0,2,0,0,0,2,1,2,2,2
162,2301.918,-2524.778,-10.101,74.507,0.266675,-0.921500,-0.282352,0.962045,0.272118,0.020530,0.057915,-0.277110,0.959091,0,0.34339,-1.00000,8.709,0.344,-1,597.883,-1,-1,-1,597.985,729.891,288.833,-1,372.057,691.352,866.383,-1,823.427,-1,-1,-1,2,0,2,2,2,0,0,0,2,0,0,0,2,1,2,2,2
163,2308.729,-2520.170,-6.379,74.796,0.261433,-0.925336,-0.274600,0.961967,0.273127,-0.004529,0.079192,-0.262973,0.961548,0,0.34218,-1.00000,8.223,0.289,-1,696.423,-1,-1,-1,684.838,831.032,305.626,-1,377.548,630.657,790.817,-1,837.629,-1,-1,-1,2,0,2,2,2,0,0,0,2,0,0,0,2,1,2,2,2
164,2315.886,-2516.407,-2.949,75.005,0.257305,-0.929319,-0.264880,0.960612,0.275761,-0.034355,0.104970,-0.245607,0.963669,0,0.34117,-1.00000,8.085,0.209,-1,802.690,-1,-1,-1,810.557,-1,325.334,-1,380.716,569.024,695.178,-1,856.864,-1,-1,-1,2,1,2,2,2,0,2,0,2,0,0,0,2,1,2,2,2
165,2323.371,-2513.082,-0.264,75.156,0.253911,-0.933060,-0.254812,0.958057,0.278810,-0.066266,0.132874,-0.227299,0.964717,0,0.34042,-1.00000,8.191,0.151,-1,814.448,-1,-1,-1,-1,-1,346.043,-1,380.718,506.538,607.953,-1,747.844,-1,-1,-1,2,1,2,2,2,2,2,0,2,0,0,0,2,1,2,2,2
166,2331.047,-2509.809,1.307,75.257,0.251147,-0.936367,-0.245238,0.954416,0.281774,-0.098456,0.161292,-0.209333,0.964450,0,0.33984,-1.00000,8.345,0.101,-1,830.772,-1,-1,-1,-1,-1,366.044,-1,377.248,446.908,527.544,-1,827.633,-1,-1,-1,2,1,2,2,2,2,2,0,2,0,0,0,2,1,2,2,2
167,2338.773,-2506.437,1.680,75.309,0.248982,-0.939360,-0.235820,0.949666,0.284585,-0.130941,0.190111,-0.191349,0.962935,0,0.33942,-1.00000,8.429,0.052,-1,847.951,-1,-1,-1,-1,-1,385.265,-1,370.819,392.910,455.166,-1,906.637,-1,-1,-1,2,1,2,2,2,2,2,0,2,0,0,0,2,1,2,2,2
168,2346.545,-2503.040,0.849,75.334,0.247040,-0.942128,-0.226640,0.943946,0.286824,-0.163396,0.218946,-0.173571,0.960175,0,0.33913,-1.00000,8.482,0.025,-1,865.988,-1,-1,-1,-1,-1,403.468,-1,361.798,339.166,388.513,849.041,-1,-1,-1,-1,2,1,2,2,2,2,2,0,2,0,0,0,0,2,2,2,2
169,2354.162,-2499.586,-1.184,75.288,0.246058,-0.944803,-0.216341,0.937137,0.288885,-0.195753,0.247445,-0.154575,0.956492,0,0.33892,-1.00000,8.363,-0.046,-1,884.922,-1,-1,-1,-1,-1,421.387,-1,351.988,291.266,326.049,492.709,-1,-1,-1,-1,2,1,2,2,2,2,2,0,2,0,0,0,0,2,2,2,2
170,2361.037,-2495.992,-4.178,75.060,0.247991,-0.948009,-0.199446,0.929377,0.290918,-0.227210,0.273420,-0.129014,0.953203,0,0.33891,-1.00000,7.758,-0.229,-1,922.721,-1,-1,-1,-1,-1,445.074,-1,348.436,246.135,270.095,424.560,-1,-1,-1,-1,2,1,2,2,2,2,2,0,2,0,0,0,0,2,2,2,2
171,2367.431,-2492.330,-7.843,74.718,0.251801,-0.951590,-0.176277,0.921548,0.291386,-0.256601,0.295544,-0.097835,0.950306,0,0.33943,-1.00000,7.369,-0.342,-1,760.582,-1,-1,-1,-1,-1,472.370,865.429,352.578,211.080,220.104,364.771,-1,-1,-1,-1,2,1,2,2,2,2,2,0,0,0,0,0,0,2,2,2,2
172,2373.537,-2489.296,-11.018,74.239,0.258534,-0.953524,-0.154764,0.916047,0.292851,-0.274036,0.306622,-0.070923,0.949185,0,0.43674,-0.44841,6.817,-0.478,-1,823.812,-1,-1,-1,-1,-1,491.220,737.694,364.529,194.325,192.306,328.027,-1,-1,-1,-1,2,1,2,2,2,2,2,0,0,0,0,0,0,2,2,2,2
173,2379.180,-2487.021,-13.198,73.561,0.269632,-0.952709,-0.140160,0.913818,0.299051,-0.274783,0.303703,-0.053990,0.951236,0,0.43836,-0.44841,6.084,-0.679,-1,799.342,-1,-1,-1,-1,-1,500.811,658.190,383.017,197.136,188.891,314.730,-1,-1,-1,-1,2,1,2,2,2,2,2,0,0,0,0,0,0,2,2,2,2
174,2384.464,-2485.333,-14.681,72.709,0.284547,-0.949228,-0.134162,0.914064,0.310828,-0.260524,0.288998,-0.048502,0.956100,0,0.44077,-0.44841,5.548,-0.852,-1,934.000,-1,-1,-1,-1,-1,498.032,622.504,404.110,216.134,206.304,323.315,-1,-1,-1,-1,2,1,2,2,2,2,2,0,0,0,0,0,0,2,2,2,2
175,2389.491,-2483.958,-16.024,71.711,0.302480,-0.943487,-0.135423,0.915178,0.327187,-0.235366,0.266373,-0.052742,0.962426,0,0.44385,-0.44841,5.212,-0.998,-1,933.469,-1,-1,-1,-1,-1,484.274,618.320,424.282,247.969,240.934,349.294,-1,-1,-1,-1,2,1,2,2,2,2,2,0,0,0,0,0,0,2,2,2,2
176,2394.288,-2482.600,-17.781,70.611,0.322317,-0.936226,-0.139974,0.915811,0.345819,-0.204204,0.239586,-0.062372,0.968870,0,0.44748,-0.44841,4.985,-1.100,-1,934.996,-1,-1,-1,-1,-1,464.332,627.635,442.861,288.099,288.453,390.046,-1,-1,-1,-1,2,1,2,2,2,2,2,0,0,0,0,0,0,2,2,2,2
177,2398.958,-2480.985,-20.420,69.473,0.342665,-0.928268,-0.144566,0.915190,0.364588,-0.171763,0.212149,-0.073448,0.974473,0,0.45150,-0.44841,4.942,-1.138,-1,938.334,-1,-1,-1,-1,-1,439.319,640.493,459.696,331.160,336.957,438.178,894.639,-1,-1,-1,2,1,2,2,2,2,2,0,0,0,0,0,0,1,2,2,2
178,2402.448,-2477.824,-23.710,68.657,0.357273,-0.923412,-0.140241,0.914331,0.376436,-0.149313,0.190669,-0.074881,0.978794,0,0.45565,-0.44841,4.709,-0.816,-1,939.999,-1,-1,-1,-1,-1,425.111,621.347,479.932,365.553,376.824,463.774,892.301,-1,-1,-1,2,1,2,2,2,2,2,0,0,0,0,0,0,1,2,2,2
179,2406.065,-2473.521,-26.931,68.074,0.367416,-0.920737,-0.131339,0.912801,0.384062,-0.138895,0.178328,-0.068854,0.981559,0,0.45855,-0.44841,5.621,-0.583,-1,938.322,-1,-1,-1,-1,-1,419.330,583.739,499.749,386.186,397.794,470.651,888.762,-1,-1,-1,2,1,2,2,2,2,2,0,0,0,0,0,0,1,2,2,2
180,2410.489,-2468.802,-29.762,67.494,0.377009,-0.918074,-0.122492,0.909904,0.391824,-0.136190,0.173028,-0.060111,0.983081,0,0.46052,-0.44841,6.468,-0.581,-1,-1,-1,-1,-1,-1,-1,416.353,542.734,515.555,394.573,402.759,467.499,884.275,-1,-1,-1,2,2,2,2,2,2,2,0,0,0,0,0,0,1,2,2,2
181,2415.582,-2463.759,-31.975,66.881,0.386758,-0.914937,-0.115365,0.905926,0.400341,-0.137934,0.172386,-0.051165,0.983700,0,0.46247,-0.44841,7.167,-0.612,-1,-1,-1,-1,-1,-1,-1,414.122,507.946,526.953,394.937,397.895,460.282,879.064,-1,-1,-1,2,2,2,2,2,2,2,0,0,0,0,0,0,1,2,2,2
182,2418.094,-2461.159,-31.476,66.462,0.393204,-0.912824,-0.110197,0.902668,0.406039,-0.142554,0.174871,-0.043419,0.983633,0,0.46452,-0.44841,3.615,-0.419,-1,-1,-1,-1,-1,-1,-1,417.489,489.331,537.295,395.037,393.789,455.478,-1,-1,-1,-1,2,2,2,2,2,2,2,0,0,0,0,0,0,2,2,2,2
183,2419.139,-2460.125,-29.232,66.295,0.395551,-0.911944,-0.109078,0.900894,0.408352,-0.147099,0.178689,-0.040083,0.983089,0,0.46597,-0.44841,1.470,-0.167,-1,-1,-1,-1,-1,-1,-1,422.375,489.743,542.533,395.354,392.334,453.948,-1,-1,-1,-1,2,2,2,2,2,2,2,0,0,0,0,0,0,2,2,2,2
184,2420.428,-2458.562,-26.998,66.154,0.397489,-0.910813,-0.111454,0.899283,0.410820,-0.150060,0.182464,-0.040582,0.982375,0,0.46654,-0.44702,2.026,-0.141,-1,-1,-1,-1,-1,-1,-1,423.272,500.218,542.005,394.998,391.816,455.719,-1,-1,-1,-1,2,2,2,2,2,2,2,0,0,0,0,0,0,2,2,2,2
185,2421.805,-2456.417,-25.036,66.011,0.399474,-0.909286,-0.116705,0.897706,0.413805,-0.151294,0.185862,-0.044329,0.981575,0,0.46699,-0.44580,2.549,-0.143,-1,-1,-1,-1,-1,-1,-1,420.112,518.496,536.500,394.098,392.093,460.870,-1,-1,-1,-1,2,2,2,2,2,2,2,0,0,0,0,0,0,2,2,2,2
186,2423.241,-2453.661,-23.543,65.874,0.401379,-0.907428,-0.124374,0.896188,0.417127,-0.151169,0.189054,-0.050786,0.980652,0,0.46743,-0.44462,3.107,-0.138,-1,-1,-1,-1,-1,-1,-1,413.276,543.874,526.345,391.827,392.043,468.386,-1,-1,-1,-1,2,2,2,2,2,2,2,0,0,0,0,0,0,2,2,2,2
187,2424.727,-2450.263,-22.648,65.751,0.403027,-0.905333,-0.133945,0.894720,0.420551,-0.150379,0.192474,-0.059237,0.979512,0,0.46783,-0.44357,3.709,-0.123,-1,-1,-1,-1,-1,-1,-1,403.983,574.216,511.979,386.848,390.013,476.835,-1,-1,-1,-1,2,2,2,2,2,2,2,0,0,0,0,0,0,2,2,2,2
188,2426.322,-2446.249,-22.416,65.637,0.404475,-0.902934,-0.145296,0.893196,0.424144,-0.149340,0.196471,-0.069374,0.978052,0,0.46814,-0.44273,4.319,-0.114,-1,-1,-1,-1,-1,-1,-1,390.423,608.655,493.582,377.098,384.928,485.520,-1,-1,-1,-1,2,2,2,2,2,2,2,0,0,0,0,0,0,2,2,2,2
189,2428.157,-2441.728,-22.844,65.504,0.406133,-0.899925,-0.158714,0.891352,0.428402,-0.148202,0.201365,-0.081280,0.976138,0,0.46839,-0.44205,4.879,-0.133,-1,-1,-1,-1,-1,-1,-1,361.763,650.735,471.108,363.116,376.249,494.606,-1,-1,-1,-1,2,2,2,2,2,2,2,0,0,0,0,0,0,2,2,2,2
190,2430.246,-2436.676,-23.834,65.367,0.407736,-0.896398,-0.173842,0.889207,0.433072,-0.147509,0.207513,-0.094437,0.973663,0,0.46869,-0.44124,5.467,-0.138,-1,-1,-1,-1,-1,-1,-1,331.040,697.079,443.374,344.911,363.630,503.072,-1,-1,-1,-1,2,2,2,2,2,2,2,0,0,0,0,0,0,2,2,2,2
191,2432.725,-2431.351,-24.930,65.151,0.410584,-0.892209,-0.188104,0.886597,0.438826,-0.146208,0.212993,-0.106742,0.971205,0,0.58728,-0.92165,5.874,-0.216,-1,-1,-1,-1,-1,-1,-1,304.976,743.252,418.178,328.887,352.553,513.059,-1,-1,-1,-1,2,2,2,2,2,2,2,0,0,0,0,0,0,2,2,2,2
192,2435.720,-2425.858,-25.759,64.847,0.414971,-0.887794,-0.199049,0.883737,0.445327,-0.143850,0.216351,-0.116213,0.969374,0,0.58800,-0.92011,6.256,-0.304,-1,-1,-1,-1,-1,-1,-1,290.493,779.529,401.218,319.536,345.442,527.340,-1,-1,-1,-1,2,2,2,2,2,2,2,0,0,0,0,0,0,2,2,2,2
193,2439.174,-2420.155,-26.173,64.522,0.419930,-0.884069,-0.205137,0.881276,0.451217,-0.140552,0.216819,-0.121760,0.968589,0,0.58912,-0.91772,6.668,-0.325,-1,-1,-1,-1,-1,-1,-1,278.894,801.677,394.264,318.430,346.053,540.695,-1,-1,747.130,-1,2,2,2,2,2,2,2,0,0,0,0,0,0,2,2,1,2
194,2441.023,-2417.479,-24.906,64.463,0.421124,-0.885236,-0.197516,0.881449,0.450765,-0.140922,0.213782,-0.114754,0.970118,0,0.59032,-0.91515,3.253,-0.059,-1,-1,-1,-1,-1,-1,-1,281.538,778.075,410.479,331.375,357.372,533.138,-1,-1,753.063,-1,2,2,2,2,2,2,2,0,0,0,0,0,0,2,2,1,2
195,2442.911,-2415.400,-23.556,64.330,0.423608,-0.885988,-0.188631,0.881374,0.451204,-0.139982,0.209134,-0.106957,0.972020,0,0.59044,-0.91488,2.808,-0.133,-1,-1,-1,-1,-1,-1,-1,284.850,751.660,430.555,348.346,373.145,530.027,-1,-1,827.193,-1,2,2,2,2,2,2,2,0,0,0,0,0,0,2,2,1,2
196,2445.274,-2412.834,-22.755,64.131,0.427099,-0.885653,-0.182225,0.880805,0.453061,-0.137544,0.204375,-0.101760,0.973589,0,0.59095,-0.91380,3.488,-0.199,-1,-1,-1,-1,-1,-1,-1,284.964,732.852,447.111,363.895,387.414,532.350,-1,-1,824.098,-1,2,2,2,2,2,2,2,0,0,0,0,0,0,2,2,1,2
197,2448.091,-2409.707,-22.616,63.883,0.431287,-0.884305,-0.178875,0.879700,0.456192,-0.134225,0.200297,-0.099467,0.974673,0,0.59172,-0.91214,4.209,-0.249,-1,-1,-1,-1,-1,-1,-1,281.148,723.241,457.669,375.716,398.873,538.353,-1,-1,820.508,-1,2,2,2,2,2,2,2,0,0,0,0,0,0,2,2,1,2
198,2449.135,-2408.354,-21.881,63.645,0.435419,-0.882808,-0.176240,0.878895,0.459242,-0.129001,0.194820,-0.098727,0.975858,0,0.59270,-0.91004,1.708,-0.237,-1,-1,-1,-1,-1,-1,-1,279.046,720.619,468.818,392.004,415.848,557.398,-1,-1,818.743,-1,2,2,2,2,2,2,2,0,0,0,0,0,0,2,2,1,2
199,2450.297,-2406.862,-21.620,63.454,0.438633,-0.881314,-0.175746,0.878004,0.461968,-0.125279,0.191599,-0.099354,0.976431,0,0.59374,-0.90783,1.891,-0.191,-1,-1,-1,-1,-1,-1,-1,275.735,722.417,473.763,401.366,426.162,571.646,-1,-1,816.989,-1,2,2,2,2,2,2,2,0,0,0,0,0,0,2,2,1,2
200,2450.667,-2406.166,-21.329,63.298,0.441176,-0.879973,-0.176101,0.877108,0.464321,-0.122831,0.189855,-0.100269,0.976679,0,0.59454,-0.90610,0.789,-0.156,-1,-1,-1,-1,-1,-1,-1,273.460,725.640,475.810,406.911,432.647,584.348,-1,-1,816.115,-1,2,2,2,2,2,2,2,0,0,0,0,0,0,2,2,1,2
201,2450.775,-2405.711,-21.306,63.181,0.442911,-0.878780,-0.177696,0.876087,0.466328,-0.122517,0.190530,-0.101413,0.976429,0,0.59523,-0.90462,0.467,-0.117,-1,-1,-1,-1,-1,-1,-1,271.337,729.546,473.160,405.378,431.785,590.181,-1,-1,815.566,-1,2,2,2,2,2,2,2,0,0,0,0,0,0,2,2,1,2
202,2450.701,-2405.625,-21.443,63.107,0.443779,-0.877705,-0.180815,0.874996,0.467966,-0.124055,0.193499,-0.103159,0.975662,0,0.59576,-0.90350,0.114,-0.074,-1,-1,-1,-1,-1,-1,-1,269.415,736.039,465.855,397.377,424.314,590.136,-1,-1,815.440,-1,2,2,2,2,2,2,2,0,0,0,0,0,0,2,2,1,2
203,2450.602,-2405.609,-21.699,63.059,0.444043,-0.876529,-0.185804,0.873697,0.469561,-0.127149,0.198696,-0.105877,0.974325,0,0.59610,-0.90277,0.100,-0.048,-1,-1,-1,-1,-1,-1,-1,267.044,746.679,453.878,383.605,411.127,585.763,-1,-1,815.424,-1,2,2,2,2,2,2,2,0,0,0,0,0,0,2,2,1,2
204,2450.511,-2405.553,-22.006,63.011,0.444232,-0.875247,-0.191313,0.872272,0.471265,-0.130580,0.204449,-0.108869,0.972804,0,0.59632,-0.90229,0.107,-0.048,-1,-1,-1,-1,-1,-1,-1,264.420,758.110,440.991,368.838,396.969,580.594,-1,-1,815.393,-1,2,2,2,2,2,2,2,0,0,0,0,0,0,2,2,1,2
205,2450.421,-2405.494,-22.267,62.958,0.444574,-0.873976,-0.196264,0.870952,0.472957,-0.133242,0.209275,-0.111700,0.971456,0,0.59654,-0.90181,0.108,-0.053,-1,-1,-1,-1,-1,-1,-1,261.914,769.068,430.031,356.795,384.555,577.655,-1,-1,815.363,-1,2,2,2,2,2,2,2,0,0,0,0,0,0,2,2,1,2
206,2450.345,-2405.432,-22.432,62.906,0.445078,-0.872916,-0.199807,0.869972,0.474381,-0.134581,0.212262,-0.113927,0.970549,0,0.59679,-0.90129,0.098,-0.052,-1,-1,-1,-1,-1,-1,-1,259.898,777.687,422.745,349.430,376.930,577.868,-1,-1,815.313,-1,2,2,2,2,2,2,2,0,0,0,0,0,0,2,2,1,2
207,2450.277,-2405.396,-22.468,62.849,0.445849,-0.872136,-0.201488,0.869352,0.475517,-0.134576,0.213180,-0.115163,0.970202,0,0.59703,-0.90077,0.076,-0.057,-1,-1,-1,-1,-1,-1,-1,258.635,782.252,419.808,347.164,374.899,581.118,-1,-1,815.256,-1,2,2,2,2,2,2,2,0,0,0,0,0,0,2,2,1,2
208,2450.244,-2405.328,-22.432,62.791,0.446799,-0.871690,-0.201311,0.869053,0.476318,-0.133670,0.212407,-0.115227,0.970364,0,0.59729,-0.90020,0.076,-0.058,-1,-1,-1,-1,-1,-1,-1,258.134,781.870,420.750,348.990,377.171,585.659,-1,-1,815.145,-1,2,2,2,2,2,2,2,0,0,0,0,0,0,2,2,1,2
209,2450.219,-2405.298,-22.317,62.735,0.447841,-0.871520,-0.199729,0.868974,0.476849,-0.132285,0.210529,-0.114317,0.970881,0,0.59756,-0.89964,0.039,-0.056,-1,-1,-1,-1,-1,-1,-1,258.364,777.545,424.575,353.657,382.362,590.623,-1,-1,815.056,-1,2,2,2,2,2,2,2,0,0,0,0,0,0,2,2,1,2
210,2450.225,-2405.237,-22.198,62.685,0.448810,-0.871563,-0.197352,0.869009,0.477150,-0.130965,0.208311,-0.112722,0.971545,0,0.59782,-0.89907,0.062,-0.050,-1,-1,-1,-1,-1,-1,-1,259.038,770.568,429.816,359.314,388.391,594.346,-1,-1,814.940,-1,2,2,2,2,2,2,2,0,0,0,0,0,0,2,2,1,2
211,2450.223,-2405.218,-22.075,62.638,0.449725,-0.871672,-0.194771,0.869025,0.477397,-0.129954,0.206260,-0.110817,0.972202,0,0.57626,-0.80455,0.018,-0.047,-1,-1,-1,-1,-1,-1,-1,259.972,762.573,435.316,364.759,394.017,595.663,-1,-1,814.871,-1,2,2,2,2,2,2,2,0,0,0,0,0,0,2,2,1,2
212,2450.236,-2405.166,-21.998,62.597,0.450496,-0.871781,-0.192488,0.868973,0.477628,-0.129452,0.204792,-0.108949,0.972723,0,0.57647,-0.80408,0.054,-0.041,-1,-1,-1,-1,-1,-1,-1,260.844,754.922,439.950,368.824,397.758,595.833,-1,-1,814.781,-1,2,2,2,2,2,2,2,0,0,0,0,0,0,2,2,1,2
213,2450.229,-2405.156,-21.941,62.557,0.451168,-0.871779,-0.190916,0.868811,0.477955,-0.129330,0.203997,-0.107520,0.973049,0,0.57666,-0.80367,0.013,-0.039,-1,-1,-1,-1,-1,-1,-1,261.486,749.165,443.058,371.219,399.730,595.798,-1,-1,814.740,-1,2,2,2,2,2,2,2,0,0,0,0,0,0,2,2,1,2
214,2450.212,-2405.144,-21.931,62.519,0.451757,-0.871627,-0.190214,0.868529,0.478416,-0.129521,0.203895,-0.106694,0.973161,0,0.57683,-0.80328,0.020,-0.038,-1,-1,-1,-1,-1,-1,-1,261.713,745.754,444.299,371.758,400.003,595.664,-1,-1,814.708,-1,2,2,2,2,2,2,2,0,0,0,0,0,0,2,2,1,2
215,2450.196,-2405.093,-21.963,62.481,0.452289,-0.871320,-0.190356,0.868140,0.479018,-0.129900,0.204369,-0.106504,0.973083,0,0.57700,-0.80290,0.054,-0.038,-1,-1,-1,-1,-1,-1,-1,261.459,744.745,443.791,370.719,398.891,595.561,-1,-1,814.645,-1,2,2,2,2,2,2,2,0,0,0,0,0,0,2,2,1,2
216,2450.153,-2405.074,-21.993,62.439,0.452857,-0.870847,-0.191171,0.867659,0.479793,-0.130252,0.205152,-0.106885,0.972876,0,0.57717,-0.80252,0.047,-0.043,-1,-1,-1,-1,-1,-1,-1,260.858,745.912,442.074,368.847,397.157,595.665,-1,-1,814.616,-1,2,2,2,2,2,2,2,0,0,0,0,0,0,2,2,1,2
217,2450.103,-2405.051,-22.039,62.392,0.453468,-0.870267,-0.192360,0.867124,0.480683,-0.130537,0.206066,-0.107606,0.972604,0,0.57736,-0.80210,0.055,-0.046,-1,-1,-1,-1,-1,-1,-1,259.998,748.289,439.688,366.562,394.880,595.931,-1,-1,814.584,-1,2,2,2,2,2,2,2,0,0,0,0,0,0,2,2,1,2
218,2450.060,-2404.989,-22.092,62.345,0.454101,-0.869653,-0.193638,0.866582,0.481606,-0.130730,0.206947,-0.108439,0.972324,0,0.57757,-0.80164,0.075,-0.048,-1,-1,-1,-1,-1,-1,-1,259.011,751.077,437.199,364.328,392.680,596.324,-1,-1,814.515,-1,2,2,2,2,2,2,2,0,0,0,0,0,0,2,2,1,2
219,2450.006,-2404.962,-22.120,62.294,0.454811,-0.869030,-0.194765,0.866050,0.482556,-0.130755,0.207615,-0.109207,0.972096,0,0.57778,-0.80117,0.061,-0.051,-1,-1,-1,-1,-1,-1,-1,258.103,753.613,435.143,362.659,391.129,596.850,-1,-1,814.475,-1,2,2,2,2,2,2,2,0,0,0,0,0,0,2,2,1,2
220,2449.969,-2404.897,-22.160,62.243,0.455535,-0.868477,-0.195540,0.865563,0.483439,-0.130721,0.208060,-0.109704,0.971945,0,0.57801,-0.80066,0.074,-0.051,-1,-1,-1,-1,-1,-1,-1,257.313,755.042,433.738,361.529,390.086,597.346,-1,-1,814.400,-1,2,2,2,2,2,2,2,0,0,0,0,0,0,2,2,1,2
221,2449.923,-2404.873,-22.151,62.191,0.456297,-0.867985,-0.195948,0.865123,0.484268,-0.130564,0.208218,-0.109943,0.971884,0,0.57824,-0.80016,0.052,-0.052,-1,-1,-1,-1,-1,-1,-1,256.774,755.570,433.169,361.235,389.916,597.887,-1,-1,814.357,-1,2,2,2,2,2,2,2,0,0,0,0,0,0,2,2,1,2
222,2449.886,-2404.850,-22.143,62.142,0.457043,-0.867594,-0.195938,0.864743,0.484991,-0.130399,0.208162,-0.109838,0.971907,0,0.57847,-0.79964,0.043,-0.049,-1,-1,-1,-1,-1,-1,-1,256.464,754.745,433.347,361.492,390.232,598.313,-1,-1,814.316,-1,2,2,2,2,2,2,2,0,0,0,0,0,0,2,2,1,2
223,2449.869,-2404.792,-22.144,62.097,0.457747,-0.867299,-0.195603,0.864414,0.485607,-0.130284,0.207981,-0.109445,0.971990,0,0.57869,-0.79916,0.060,-0.045,-1,-1,-1,-1,-1,-1,-1,256.309,752.813,434.063,362.072,390.786,598.606,-1,-1,814.244,-1,2,2,2,2,2,2,2,0,0,0,0,0,0,2,2,1,2
224,2449.839,-2404.774,-22.113,62.050,0.458479,-0.867015,-0.195146,0.864098,0.486219,-0.130101,0.207683,-0.108976,0.972107,0,0.57889,-0.79871,0.035,-0.047,-1,-1,-1,-1,-1,-1,-1,256.269,750.661,435.108,363.023,391.749,598.945,-1,-1,814.204,-1,2,2,2,2,2,2,2,0,0,0,0,0,0,2,2,1,2
225,2449.813,-2404.754,-22.091,62.004,0.459198,-0.866745,-0.194655,0.863789,0.486812,-0.129933,0.207379,-0.108476,0.972228,0,0.57910,-0.79824,0.033,-0.046,-1,-1,-1,-1,-1,-1,-1,256.243,748.368,436.184,363.962,392.682,599.247,-1,-1,814.167,-1,2,2,2,2,2,2,2,0,0,0,0,0,0,2,2,1,2
226,2449.799,-2404.698,-22.091,61.961,0.459873,-0.866482,-0.194232,0.863481,0.487384,-0.129833,0.207164,-0.108009,0.972326,0,0.57930,-0.79779,0.058,-0.043,-1,-1,-1,-1,-1,-1,-1,256.152,746.196,437.056,364.641,393.314,599.495,-1,-1,814.098,-1,2,2,2,2,2,2,2,0,0,0,0,0,0,2,2,1,2
227,2449.767,-2404.680,-22.068,61.916,0.460564,-0.866170,-0.193989,0.863148,0.488007,-0.129709,0.207018,-0.107702,0.972391,0,0.57950,-0.79736,0.037,-0.045,-1,-1,-1,-1,-1,-1,-1,256.019,744.706,437.669,365.191,393.876,599.822,-1,-1,814.064,-1,2,2,2,2,2,2,2,0,0,0,0,0,0,2,2,1,2
228,2449.736,-2404.661,-22.062,61.872,0.461236,-0.865831,-0.193901,0.862796,0.488650,-0.129634,0.206991,-0.107505,0.972418,0,0.57970,-0.79691,0.037,-0.044,-1,-1,-1,-1,-1,-1,-1,255.801,743.604,437.932,365.395,394.078,600.126,-1,-1,814.032,-1,2,2,2,2,2,2,2,0,0,0,0,0,0,2,2,1,2
229,2449.718,-2404.603,-22.086,61.829,0.461864,-0.865489,-0.193933,0.862431,0.489286,-0.129663,0.207110,-0.107367,0.972408,0,0.57990,-0.79647,0.060,-0.043,-1,-1,-1,-1,-1,-1,-1,255.489,742.682,437.856,365.174,393.797,600.348,-1,-1,813.969,-1,2,2,2,2,2,2,2,0,0,0,0,0,0,2,2,1,2
230,2449.680,-2404.585,-22.076,61.785,0.462519,-0.865098,-0.194119,0.862036,0.489979,-0.129668,0.207290,-0.107364,0.972370,0,0.58009,-0.79605,0.042,-0.045,-1,-1,-1,-1,-1,-1,-1,255.161,742.372,437.592,364.888,393.507,600.656,-1,-1,813.940,-1,2,2,2,2,2,2,2,0,0,0,0,0,0,2,2,1,2
231,2449.646,-2404.565,-22.083,61.741,0.463155,-0.864710,-0.194330,0.861639,0.490663,-0.129724,0.207524,-0.107360,0.972321,0,0.58029,-0.79561,0.040,-0.044,-1,-1,-1,-1,-1,-1,-1,254.820,742.020,437.215,364.427,393.007,600.902,-1,-1,813.914,-1,2,2,2,2,2,2,2,0,0,0,0,0,0,2,2,1,2
232,2449.625,-2404.510,-22.119,61.698,0.463768,-0.864341,-0.194510,0.861243,0.491326,-0.129843,0.207797,-0.107303,0.972269,0,0.58048,-0.79517,0.059,-0.043,-1,-1,-1,-1,-1,-1,-1,254.450,741.398,436.796,363.811,392.293,601.068,-1,-1,813.857,-1,2,2,2,2,2,2,2,0,0,0,0,0,0,2,2,1,2
233,2449.588,-2404.489,-22.109,61.653,0.464418,-0.863945,-0.194719,0.860840,0.492022,-0.129882,0.208017,-0.107302,0.972222,0,0.58067,-0.79475,0.043,-0.045,-1,-1,-1,-1,-1,-1,-1,254.120,741.113,436.474,363.438,391.899,601.354,-1,-1,813.828,-1,2,2,2,2,2,2,2,0,0,0,0,0,0,2,2,1,2
234,2449.553,-2404.470,-22.110,61.609,0.465068,-0.863565,-0.194850,0.860448,0.492700,-0.129903,0.208182,-0.107245,0.972193,0,0.58087,-0.79430,0.040,-0.044,-1,-1,-1,-1,-1,-1,-1,253.814,740.559,436.276,363.161,391.594,601.622,-1,-1,813.802,-1,2,2,2,2,2,2,2,0,0,0,0,0,0,2,2,1,2
235,2449.521,-2404.450,-22.114,61.565,0.465718,-0.863204,-0.194900,0.860068,0.493360,-0.129916,0.208300,-0.107123,0.972181,0,0.58107,-0.79386,0.038,-0.044,-1,-1,-1,-1,-1,-1,-1,253.547,739.747,436.223,362.997,391.392,601.873,-1,-1,813.777,-1,2,2,2,2,2,2,2,0,0,0,0,0,0,2,2,1,2
236,2449.500,-2404.394,-22.123,61.521,0.466366,-0.862853,-0.194904,0.859698,0.494006,-0.129913,0.208379,-0.106971,0.972181,0,0.58127,-0.79342,0.060,-0.044,-1,-1,-1,-1,-1,-1,-1,253.258,738.822,436.257,362.922,391.277,602.143,-1,-1,813.717,-1,2,2,2,2,2,2,2,0,0,0,0,0,0,2,2,1,2
237,2449.467,-2404.374,-22.114,61.476,0.467040,-0.862494,-0.194878,0.859329,0.494665,-0.129847,0.208391,-0.106820,0.972195,0,0.58146,-0.79299,0.038,-0.045,-1,-1,-1,-1,-1,-1,-1,253.016,737.916,436.414,363.039,391.398,602.466,-1,-1,813.690,-1,2,2,2,2,2,2,2,0,0,0,0,0,0,2,2,1,2
238,2449.437,-2404.354,-22.111,61.432,0.467702,-0.862152,-0.194804,0.858968,0.495303,-0.129802,0.208397,-0.106622,0.972215,0,0.58167,-0.79254,0.036,-0.044,-1,-1,-1,-1,-1,-1,-1,252.802,736.821,436.631,363.163,391.502,602.747,-1,-1,813.666,-1,2,2,2,2,2,2,2,0,0,0,0,0,0,2,2,1,2
239,2449.416,-2404.310,-22.116,61.393,0.468297,-0.861857,-0.194680,0.858673,0.495854,-0.129653,0.208275,-0.106450,0.972260,0,0.44451,-0.74882,0.049,-0.039,-1,-1,-1,-1,-1,-1,-1,252.574,735.815,436.974,363.531,391.906,603.090,-1,-1,813.619,-1,2,2,2,2,2,2,2,0,0,0,0,0,0,2,2,1,2
240,2449.390,-2404.293,-22.085,61.358,0.468864,-0.861591,-0.194494,0.858451,0.496337,-0.129272,0.207914,-0.106353,0.972348,0,0.44464,-0.74843,0.031,-0.035,-1,-1,-1,-1,-1,-1,-1,252.392,735.169,437.626,364.506,393.069,603.630,-1,-1,813.593,-1,2,2,2,2,2,2,2,0,0,0,0,0,0,2,2,1,2
241,2449.367,-2404.276,-22.059,61.324,0.469417,-0.861347,-0.194237,0.858255,0.496787,-0.128844,0.207473,-0.106223,0.972456,0,0.44476,-0.74808,0.029,-0.034,-1,-1,-1,-1,-1,-1,-1,252.234,734.357,438.423,365.651,394.420,604.182,-1,-1,813.567,-1,2,2,2,2,2,2,2,0,0,0,0,0,0,2,2,1,2
242,2449.346,-2404.259,-22.037,61.290,0.469957,-0.861112,-0.193975,0.858055,0.497228,-0.128474,0.207080,-0.106064,0.972557,0,0.44488,-0.74774,0.027,-0.033,-1,-1,-1,-1,-1,-1,-1,252.093,733.410,439.185,366.686,395.624,604.673,-1,-1,813.544,-1,2,2,2,2,2,2,2,0,0,0,0,0,0,2,2,1,2
243,2449.325,-2404.243,-22.023,61.258,0.470473,-0.860877,-0.193767,0.857835,0.497671,-0.128226,0.206819,-0.105893,0.972632,0,0.44500,-0.74741,0.026,-0.033,-1,-1,-1,-1,-1,-1,-1,251.959,732.435,439.770,367.412,396.451,605.056,-1,-1,-1,-1,2,2,2,2,2,2,2,0,0,0,0,0,0,2,2,2,2
244,2449.304,-2404.229,-22.017,61.226,0.470958,-0.860640,-0.193642,0.857592,0.498117,-0.128124,0.206725,-0.105725,0.972670,0,0.44511,-0.74709,0.025,-0.032,-1,-1,-1,-1,-1,-1,-1,251.824,731.496,440.104,367.735,396.795,605.311,-1,-1,-1,-1,2,2,2,2,2,2,2,0,0,0,0,0,0,2,2,2,2
245,2449.283,-2404.215,-22.020,61.195,0.471414,-0.860398,-0.193609,0.857325,0.498568,-0.128156,0.206792,-0.105571,0.972673,0,0.44522,-0.74677,0.025,-0.031,-1,-1,-1,-1,-1,-1,-1,251.680,730.640,440.179,367.670,396.680,605.454,-1,-1,-1,-1,2,2,2,2,2,2,2,0,0,0,0,0,0,2,2,2,2
246,2449.261,-2404.202,-22.030,61.165,0.471851,-0.860148,-0.193657,0.857039,0.499027,-0.128281,0.206981,-0.105442,0.972646,0,0.44532,-0.74646,0.025,-0.030,-1,-1,-1,-1,-1,-1,-1,251.520,729.897,440.041,367.308,396.219,605.522,-1,-1,-1,-1,2,2,2,2,2,2,2,0,0,0,0,0,0,2,2,2,2
247,2449.239,-2404.190,-22.042,61.134,0.472279,-0.859889,-0.193763,0.856741,0.499495,-0.128449,0.207236,-0.105341,0.972603,0,0.44543,-0.74616,0.025,-0.030,-1,-1,-1,-1,-1,-1,-1,251.340,729.269,439.768,366.783,395.576,605.562,-1,-1,-1,-1,2,2,2,2,2,2,2,0,0,0,0,0,0,2,2,2,2
248,2449.217,-2404.177,-22.056,61.104,0.472710,-0.859622,-0.193897,0.856440,0.499970,-0.128611,0.207500,-0.105266,0.972555,0,0.44553,-0.74586,0.026,-0.031,-1,-1,-1,-1,-1,-1,-1,251.144,728.739,439.447,366.230,394.914,605.615,-1,-1,-1,-1,2,2,2,2,2,2,2,0,0,0,0,0,0,2,2,2,2
249,2449.194,-2404.164,-22.067,61.073,0.473150,-0.859349,-0.194030,0.856141,0.500450,-0.128731,0.207727,-0.105208,0.972513,0,0.44563,-0.74555,0.027,-0.031,-1,-1,-1,-1,-1,-1,-1,250.935,728.270,439.155,365.760,394.360,605.711,-1,-1,-1,-1,2,2,2,2,2,2,2,0,0,0,0,0,0,2,2,2,2
250,2449.170,-2404.150,-22.076,61.041,0.473604,-0.859075,-0.194138,0.855850,0.500932,-0.128792,0.207892,-0.105156,0.972483,0,0.44574,-0.74524,0.027,-0.032,-1,-1,-1,-1,-1,-1,-1,250.721,727.814,438.948,365.439,393.988,605.860,-1,-1,-1,-1,2,2,2,2,2,2,2,0,0,0,0,0,0,2,2,2,2
251,2449.147,-2404.135,-22.080,61.009,0.474072,-0.858801,-0.194206,0.855569,0.501412,-0.128794,0.207986,-0.105099,0.972469,0,0.44585,-0.74493,0.027,-0.032,-1,-1,-1,-1,-1,-1,-1,250.510,727.328,438.853,365.287,393.818,606.062,-1,-1,-1,-1,2,2,2,2,2,2,2,0,0,0,0,0,0,2,2,2,2
252,2449.124,-2404.120,-22.082,60.977,0.474549,-0.858532,-0.194232,0.855296,0.501889,-0.128750,0.208019,-0.105028,0.972470,0,0.44596,-0.74461,0.028,-0.032,-1,-1,-1,-1,-1,-1,-1,250.308,726.778,438.868,365.286,393.820,606.300,-1,-1,-1,-1,2,2,2,2,2,2,2,0,0,0,0,0,0,2,2,2,2
253,2449.101,-2404.105,-22.081,60.945,0.475032,-0.858268,-0.194219,0.855030,0.502359,-0.128680,0.208010,-0.104936,0.972482,0,0.44607,-0.74429,0.027,-0.032,-1,-1,-1,-1,-1,-1,-1,250.120,726.146,438.972,365.388,393.937,606.556,-1,-1,-1,-1,2,2,2,2,2,2,2,0,0,0,0,0,0,2,2,2,2
254,2449.079,-2404.090,-22.079,60.912,0.475515,-0.858010,-0.194178,0.854768,0.502824,-0.128606,0.207983,-0.104823,0.972499,0,0.44618,-0.74397,0.027,-0.032,-1,-1,-1,-1,-1,-1,-1,249.948,725.435,439.131,365.538,394.101,606.808,-1,-1,-1,-1,2,2,2,2,2,2,2,0,0,0,0,0,0,2,2,2,2
