timestep,x_cm,y_cm,z_cm,yaw_deg,basis_xx,basis_xy,basis_xz,basis_yx,basis_yy,basis_yz,basis_zx,basis_zy,basis_zz,teleport_flag,throttle_cmd,steering_cmd,cmd_move_cm,cmd_turn_deg,lidar_cm_0,lidar_cm_1,lidar_cm_2,lidar_cm_3,lidar_cm_4,lidar_cm_5,lidar_cm_6,lidar_cm_7,lidar_cm_8,lidar_cm_9,lidar_cm_10,lidar_cm_11,lidar_cm_12,lidar_cm_13,lidar_cm_14,lidar_cm_15,lidar_cm_16,lidar_class_0,lidar_class_1,lidar_class_2,lidar_class_3,lidar_class_4,lidar_class_5,lidar_class_6,lidar_class_7,lidar_class_8,lidar_class_9,lidar_class_10,lidar_class_11,lidar_class_12,lidar_class_13,lidar_class_14,lidar_class_15,lidar_class_16
0,7546.678,-980.569,-188.559,43.855,0.721102,-0.692570,0.018933,0.692829,0.720817,-0.020281,0.000398,0.027742,0.999615,1,0.08000,0.12000,4.800,0.240,-1,400.000,-1,375.000,-1,325.000,325.000,300.000,300.000,-1,775.000,650.000,-1,750.000,675.000,-1,-1,2,0,2,0,2,0,0,0,0,2,1,1,2,0,0,2,2
1,7553.545,-973.860,-188.571,44.335,0.715282,-0.698584,0.018747,0.698835,0.714990,-0.020451,0.000883,0.027729,0.999615,0,0.16000,0.24000,9.600,0.480,-1,400.000,-1,375.000,-1,325.000,325.000,300.000,300.000,-1,775.000,650.000,-1,750.000,675.000,-1,-1,2,0,2,0,2,0,0,0,0,2,1,1,2,0,0,2,2
2,7563.717,-963.668,-188.588,45.055,0.706457,-0.707514,0.018480,0.707754,0.706155,-0.020714,0.001606,0.027713,0.999615,0,0.24000,0.36000,14.400,0.720,-1,400.000,-1,375.000,-1,325.000,325.000,300.000,300.000,-1,775.000,650.000,-1,750.000,675.000,-1,-1,2,0,2,0,2,0,0,0,0,2,1,1,2,0,0,2,2
3,7577.051,-949.853,-188.606,46.015,0.694518,-0.719246,0.018148,0.719471,0.694203,-0.021080,0.002563,0.027697,0.999613,0,0.32000,0.48000,19.200,0.960,-1,400.000,-1,375.000,-1,325.000,325.000,300.000,300.000,-1,775.000,650.000,-1,750.000,675.000,-1,-1,2,0,2,0,2,0,0,0,0,2,1,1,2,0,0,2,2
4,7593.353,-932.240,-188.534,47.215,0.679314,-0.733634,0.017710,0.733839,0.678994,-0.021140,0.003484,0.027357,0.999620,0,0.40000,0.60000,24.000,1.200,-1,400.000,-1,375.000,-1,325.000,325.000,300.000,300.000,-1,775.000,675.000,-1,750.000,675.000,-1,-1,2,0,2,0,2,0,0,0,0,2,1,1,2,0,0,2,2
5,7612.378,-910.618,-188.319,48.655,0.660669,-0.750479,0.017229,0.750665,0.660356,-0.020779,0.004217,0.026661,0.999636,0,0.48000,0.72000,28.800,1.440,-1,400.000,-1,375.000,-1,325.000,325.000,300.000,300.000,-1,775.000,675.000,-1,750.000,675.000,-1,-1,2,0,2,0,2,0,0,0,0,2,1,1,2,0,0,2,2
6,7633.825,-884.754,-188.060,50.335,0.638389,-0.769532,0.016695,0.769697,0.638083,-0.020415,0.005057,0.025883,0.999652,0,0.56000,0.84000,33.600,1.680,-1,400.000,-1,375.000,-1,325.000,325.000,300.000,300.000,-1,775.000,700.000,-1,750.000,675.000,-1,-1,2,0,2,0,2,0,0,0,0,2,1,1,2,0,0,2,2
7,7657.399,-854.442,-187.753,52.127,0.614024,-0.789122,0.016133,0.789265,0.613724,-0.020091,0.005953,0.025070,0.999668,0,0.64000,0.89583,38.400,1.792,-1,400.000,-1,375.000,-1,325.000,325.000,300.000,300.000,-1,800.000,725.000,-1,750.000,675.000,-1,-1,2,0,2,0,2,0,0,0,0,2,1,1,2,0,0,2,2
8,7682.834,-819.523,-187.398,53.931,0.588886,-0.808066,0.015568,0.808187,0.588591,-0.019838,0.006867,0.024264,0.999682,0,0.72000,0.90194,43.200,1.804,-1,400.000,-1,375.000,-1,325.000,325.000,300.000,300.000,-1,825.000,750.000,-1,750.000,675.000,-1,-1,2,0,2,0,2,0,0,0,0,2,1,1,2,0,0,2,2
9,7704.587,-787.879,-187.076,55.494,0.566618,-0.823842,0.015108,0.823945,0.566328,-0.019675,0.007653,0.023596,0.999692,0,0.64000,0.78194,38.400,1.564,-1,400.000,-1,375.000,-1,325.000,325.000,300.000,300.000,-1,825.000,775.000,-1,750.000,675.000,-1,-1,2,0,2,0,2,0,0,0,0,2,1,1,2,0,0,2,2
10,7724.775,-757.008,-186.762,56.818,0.547437,-0.836718,0.014720,0.836806,0.547150,-0.019586,0.008334,0.023040,0.999700,0,0.61476,0.66194,36.886,1.324,-1,400.000,-1,375.000,-1,325.000,325.000,300.000,300.000,-1,850.000,800.000,-1,750.000,675.000,-1,-1,2,0,2,0,2,0,0,0,0,2,1,1,2,0,0,2,2
11,7744.523,-725.524,-186.397,57.902,0.531519,-0.846923,0.014466,0.846998,0.531228,-0.019786,0.009072,0.022769,0.999700,0,0.61943,0.54194,37.166,1.084,-1,400.000,-1,375.000,-1,325.000,325.000,300.000,300.000,-1,875.000,825.000,-1,750.000,675.000,-1,-1,2,0,2,0,2,0,0,0,0,2,1,1,2,0,0,2,2
12,7763.955,-693.506,-186.008,58.746,0.518996,-0.854657,0.014306,0.854721,0.518698,-0.020128,0.009782,0.022674,0.999695,0,0.62421,0.42194,37.452,0.844,-1,400.000,-1,375.000,-1,325.000,325.000,300.000,300.000,-1,900.000,850.000,-1,750.000,700.000,-1,-1,2,0,2,0,2,0,0,0,0,2,1,1,2,0,0,2,2
13,7783.196,-661.035,-185.621,59.350,0.509967,-0.860077,0.014194,0.860131,0.509661,-0.020500,0.010397,0.022662,0.999689,0,0.62907,0.30194,37.744,0.604,-1,400.000,-1,375.000,-1,325.000,325.000,300.000,300.000,-1,925.000,875.000,-1,750.000,700.000,-1,-1,2,0,2,0,2,0,0,0,0,2,1,1,2,0,0,2,2
14,7802.380,-628.187,-185.239,59.714,0.504503,-0.863295,0.014116,0.863341,0.504188,-0.020888,0.010915,0.022725,0.999682,0,0.63400,0.18194,38.040,0.364,-1,400.000,-1,375.000,-1,325.000,325.000,300.000,300.000,-1,950.000,925.000,-1,750.000,700.000,-1,-1,2,0,2,0,2,0,0,0,0,2,1,1,2,0,0,2,2
15,7821.644,-595.039,-184.866,59.838,0.502642,-0.864380,0.014060,0.864420,0.502319,-0.021283,0.011334,0.022852,0.999675,0,0.63898,0.06194,38.339,0.124,-1,400.000,-1,375.000,-1,325.000,325.000,300.000,275.000,-1,1000.000,950.000,-1,750.000,700.000,-1,-1,2,0,2,0,2,0,0,0,0,2,1,1,2,0,0,2,2
16,7841.127,-561.670,-184.258,59.722,0.504396,-0.863375,0.012948,0.863387,0.504078,-0.021653,0.012168,0.022101,0.999682,0,0.64401,-0.05806,38.641,-0.116,-1,400.000,-1,375.000,-1,325.000,325.000,300.000,275.000,-1,-1,975.000,-1,750.000,700.000,-1,-1,2,0,2,0,2,0,0,0,0,2,2,1,2,0,0,2,2
17,7860.972,-528.160,-183.611,59.366,0.509753,-0.860243,0.011599,0.860223,0.509445,-0.021945,0.012969,0.021164,0.999692,0,0.64908,-0.17806,38.945,-0.356,-1,400.000,-1,375.000,-1,325.000,325.000,300.000,275.000,-1,-1,1000.000,-1,775.000,700.000,-1,-1,2,0,2,0,2,0,0,0,0,2,2,1,2,0,0,2,2
18,7881.323,-494.596,-182.977,58.769,0.518672,-0.854913,0.010159,0.854864,0.518378,-0.022193,0.013707,0.020196,0.999702,0,0.65420,-0.29806,39.252,-0.596,-1,400.000,-1,375.000,-1,325.000,325.000,300.000,275.000,-1,-1,-1,-1,775.000,700.000,-1,-1,2,0,2,0,2,0,0,0,0,2,2,2,2,0,0,2,2
19,7902.327,-461.071,-182.352,57.933,0.531085,-0.847275,0.008565,0.847196,0.530809,-0.022369,0.014407,0.019136,0.999713,0,0.65935,-0.41806,39.561,-0.836,-1,400.000,-1,375.000,-1,325.000,325.000,300.000,275.000,-1,-1,-1,-1,775.000,700.000,-1,-1,2,0,2,0,2,0,0,0,0,2,2,2,2,0,0,2,2
20,7924.126,-427.686,-181.743,56.857,0.546893,-0.837175,0.006804,0.837067,0.546640,-0.022436,0.015064,0.017966,0.999725,0,0.66454,-0.53806,39.872,-1.076,-1,400.000,-1,375.000,-1,325.000,325.000,300.000,275.000,-1,-1,-1,-1,800.000,700.000,-1,-1,2,0,2,0,2,0,0,0,0,2,2,2,2,0,0,2,2
21,7946.864,-394.551,-181.170,55.541,0.565962,-0.824417,0.004923,0.824283,0.565737,-0.022347,0.015638,0.016705,0.999738,0,0.66976,-0.65806,40.186,-1.316,-1,400.000,-1,375.000,-1,325.000,325.000,300.000,300.000,-1,900.000,-1,-1,800.000,725.000,-1,-1,2,0,2,0,2,0,0,0,0,2,0,2,2,0,0,2,2
22,7970.536,-361.689,-180.493,54.234,0.584601,-0.811313,0.003728,0.811169,0.584395,-0.022071,0.015728,0.015927,0.999749,0,0.67501,-0.65329,40.501,-1.307,-1,400.000,-1,375.000,-1,325.000,325.000,300.000,300.000,-1,875.000,-1,-1,800.000,725.000,-1,-1,2,0,2,0,2,0,0,0,0,2,0,2,2,0,0,2,2
23,7995.112,-329.151,-179.856,52.936,0.602820,-0.797874,0.002496,0.797721,0.602637,-0.021677,0.015792,0.015058,0.999762,0,0.67959,-0.64917,40.775,-1.298,-1,400.000,-1,375.000,-1,325.000,325.000,300.000,300.000,-1,850.000,1000.000,-1,775.000,725.000,-1,-1,2,0,2,0,2,0,0,0,0,2,0,0,2,0,0,2,2
24,8020.605,-296.941,-179.259,51.640,0.620693,-0.784053,0.001228,0.783894,0.620534,-0.021161,0.015830,0.014097,0.999775,0,0.68464,-0.64790,41.079,-1.296,-1,400.000,-1,375.000,-1,325.000,325.000,275.000,300.000,-1,825.000,975.000,-1,775.000,725.000,-1,-1,2,0,2,0,2,0,0,0,0,2,0,0,2,0,0,2,2
25,8047.010,-265.083,-178.705,50.348,0.638206,-0.769865,-0.000071,0.769702,0.638073,-0.020521,0.015844,0.013042,0.999789,0,0.68963,-0.64633,41.378,-1.293,-1,400.000,-1,375.000,-1,325.000,325.000,275.000,300.000,-1,800.000,975.000,-1,775.000,725.000,-1,-1,2,0,2,0,2,0,0,0,0,2,0,0,2,0,0,2,2
26,8074.317,-233.605,-178.128,49.059,0.655348,-0.755326,-0.001048,0.755165,0.655236,-0.019770,0.015619,0.012165,0.999804,0,0.69453,-0.64446,41.672,-1.289,-1,400.000,-1,375.000,-1,325.000,325.000,275.000,300.000,-1,800.000,975.000,-1,775.000,725.000,-1,-1,2,0,2,0,2,0,0,0,0,2,0,0,2,0,0,2,2
27,8102.516,-202.534,-177.575,47.774,0.672104,-0.740455,-0.001942,0.740299,0.672012,-0.018914,0.015310,0.011274,0.999819,0,0.69932,-0.64229,41.959,-1.285,-1,400.000,-1,375.000,-1,325.000,325.000,275.000,300.000,-1,825.000,975.000,-1,775.000,725.000,-1,-1,2,0,2,0,2,0,0,0,0,2,0,0,2,0,0,2,2
28,8131.594,-171.898,-177.075,46.495,0.688458,-0.725271,-0.002886,0.725121,0.688387,-0.017948,0.015004,0.010263,0.999835,0,0.70397,-0.63980,42.238,-1.280,-1,400.000,-1,375.000,-1,325.000,325.000,275.000,300.000,-1,800.000,975.000,-1,775.000,725.000,-1,-1,2,0,2,0,2,0,0,0,0,2,0,0,2,0,0,2,2
29,8161.536,-141.725,-176.628,45.221,0.704399,-0.709794,-0.003876,0.709652,0.704350,-0.016868,0.014703,0.009131,0.999850,0,0.70847,-0.63699,42.508,-1.274,1000.000,400.000,-1,375.000,-1,325.000,300.000,275.000,300.000,-1,800.000,1000.000,-1,775.000,725.000,1000.000,-1,1,0,2,0,2,0,0,0,0,2,0,0,2,0,0,1,2
30,8192.324,-112.042,-175.801,43.953,0.719927,-0.694034,-0.004694,0.693869,0.719877,-0.017958,0.015843,0.009671,0.999828,0,0.71278,-0.63385,42.767,-1.268,950.000,400.000,-1,375.000,-1,325.000,325.000,275.000,275.000,-1,750.000,925.000,-1,775.000,725.000,975.000,-1,1,0,2,0,2,0,0,0,0,2,0,0,2,0,0,1,2
31,8223.939,-82.876,-175.011,42.692,0.735019,-0.678023,-0.005644,0.677832,0.734970,-0.019033,0.017053,0.010164,0.999803,0,0.71689,-0.63038,43.013,-1.261,900.000,400.000,-1,375.000,-1,325.000,325.000,300.000,275.000,-1,700.000,875.000,-1,800.000,725.000,950.000,-1,1,0,2,0,2,0,0,0,0,2,0,0,2,0,0,1,2
32,8256.358,-54.256,-174.259,41.439,0.749664,-0.661785,-0.006726,0.661565,0.749619,-0.020092,0.018339,0.010613,0.999775,0,0.72075,-0.62657,43.245,-1.253,850.000,400.000,-1,375.000,-1,325.000,325.000,300.000,275.000,-1,675.000,825.000,-1,800.000,750.000,925.000,-1,1,0,2,0,2,0,0,0,0,2,0,0,2,0,0,1,2
33,8289.556,-26.207,-173.512,40.194,0.763852,-0.645343,-0.007952,0.645097,0.763818,-0.020802,0.019498,0.010760,0.999752,0,0.72434,-0.62241,43.461,-1.245,825.000,400.000,-1,375.000,-1,325.000,325.000,300.000,275.000,-1,650.000,775.000,-1,825.000,750.000,900.000,-1,1,0,2,0,2,0,0,0,0,2,0,0,2,0,0,1,2
34,8323.505,1.243,-172.558,38.958,0.777572,-0.628725,-0.009305,0.628479,0.777566,-0.020153,0.019906,0.009822,0.999754,0,0.72764,-0.61790,43.658,-1.236,775.000,400.000,-1,375.000,-1,325.000,325.000,300.000,275.000,-1,675.000,800.000,-1,825.000,750.000,875.000,-1,1,0,2,0,2,0,0,0,0,2,0,0,2,0,0,1,2
35,8358.175,28.070,-171.650,37.732,0.790825,-0.611949,-0.010720,0.611706,0.790849,-0.019330,0.020307,0.008729,0.999756,0,0.73061,-0.61305,43.836,-1.226,750.000,400.000,-1,400.000,-1,325.000,325.000,300.000,275.000,-1,675.000,800.000,-1,850.000,750.000,850.000,-1,1,0,2,0,2,0,0,0,0,2,0,0,2,1,0,1,2
36,8393.531,54.248,-170.788,36.517,0.803605,-0.595038,-0.012187,0.594803,0.803663,-0.018332,0.020702,0.007483,0.999758,0,0.73321,-0.60785,43.993,-1.216,725.000,400.000,-1,400.000,-1,325.000,325.000,300.000,275.000,-1,650.000,800.000,-1,850.000,775.000,850.000,-1,1,0,2,0,2,0,0,0,0,2,0,0,2,1,0,1,2
37,8429.538,79.753,-169.957,35.312,0.815910,-0.578017,-0.013693,0.577796,0.816002,-0.017089,0.021051,0.006031,0.999760,0,0.73542,-0.60231,44.125,-1.205,700.000,400.000,-1,400.000,-1,325.000,325.000,300.000,275.000,-1,625.000,800.000,-1,825.000,775.000,850.000,-1,1,0,2,0,2,0,0,0,0,2,0,0,2,1,0,1,2
38,8469.932,107.357,-169.124,34.347,0.825496,-0.564203,-0.015204,0.564005,0.825625,-0.015538,0.021319,0.004251,0.999764,0,0.81542,-0.48231,48.925,-0.965,675.000,400.000,-1,400.000,-1,325.000,325.000,300.000,300.000,-1,625.000,775.000,-1,825.000,775.000,825.000,-1,1,0,2,0,2,0,0,0,0,2,0,0,2,1,0,1,2
39,8511.712,135.139,-168.358,33.623,0.832537,-0.553720,-0.016621,0.553552,0.832700,-0.013843,0.021505,0.002325,0.999766,0,0.83623,-0.36231,50.174,-0.725,625.000,400.000,-1,400.000,-1,325.000,325.000,300.000,300.000,-1,625.000,800.000,-1,800.000,825.000,825.000,-1,1,0,2,0,2,0,0,0,0,2,0,0,2,1,0,1,2
40,8553.806,162.620,-167.650,33.138,0.837161,-0.546658,-0.018041,0.546526,0.837356,-0.012036,0.021686,0.000217,0.999765,0,0.83783,-0.24231,50.270,-0.485,600.000,400.000,-1,400.000,-1,325.000,325.000,300.000,300.000,-1,625.000,800.000,-1,800.000,850.000,800.000,-1,1,0,2,0,2,0,0,0,0,2,0,0,2,1,0,1,2
41,8596.087,189.965,-166.996,32.893,0.839457,-0.543077,-0.019462,0.542986,0.839680,-0.010149,0.021854,-0.002048,0.999759,0,0.83922,-0.12231,50.353,-0.245,575.000,400.000,-1,400.000,-1,325.000,325.000,300.000,300.000,-1,625.000,825.000,-1,775.000,900.000,800.000,-1,1,0,2,0,2,0,0,0,0,2,0,0,2,1,0,1,2
42,8638.433,217.348,-166.129,32.889,0.839500,-0.543008,-0.019575,0.542949,0.839721,-0.008652,0.021136,-0.003365,0.999771,0,0.84046,-0.00231,50.428,-0.005,550.000,400.000,-1,400.000,-1,325.000,325.000,300.000,300.000,-1,675.000,900.000,-1,750.000,925.000,775.000,-1,1,0,2,0,2,0,0,0,0,2,0,0,2,1,0,1,2
43,8680.722,244.942,-165.112,33.124,0.837282,-0.546452,-0.018698,0.546415,0.837481,-0.007455,0.019733,-0.003975,0.999797,0,0.84160,0.11769,50.496,0.235,525.000,400.000,-1,400.000,-1,325.000,325.000,300.000,300.000,-1,850.000,-1,-1,750.000,925.000,750.000,-1,1,0,2,0,2,0,0,0,0,2,0,2,2,1,0,1,2
44,8722.836,272.922,-164.152,33.600,0.832738,-0.553379,-0.017842,0.553364,0.832916,-0.006220,0.018302,-0.004694,0.999821,0,0.84270,0.23769,50.562,0.475,500.000,400.000,-1,400.000,-1,325.000,325.000,300.000,300.000,-1,-1,-1,-1,725.000,950.000,700.000,-1,1,0,2,0,2,0,0,0,0,2,2,2,2,1,0,1,2
45,8764.653,301.464,-163.239,34.315,0.825783,-0.563733,-0.016962,0.563738,0.825939,-0.004969,0.016811,-0.005459,0.999844,0,0.84381,0.35769,50.629,0.715,450.000,400.000,-1,400.000,-1,325.000,325.000,300.000,300.000,-1,-1,-1,-1,725.000,950.000,650.000,-1,1,0,2,0,2,0,0,0,0,2,2,2,2,1,0,1,2
46,8806.047,330.740,-162.380,35.270,0.816286,-0.577424,-0.016115,0.577446,0.816420,-0.003712,0.015300,-0.006276,0.999863,0,0.84500,0.47769,50.700,0.955,425.000,400.000,-1,400.000,-1,325.000,325.000,300.000,300.000,-1,-1,-1,-1,725.000,975.000,575.000,-1,1,0,2,0,2,0,0,0,0,2,2,2,2,1,0,1,2
47,8846.884,360.920,-161.625,36.466,0.804081,-0.594327,-0.015120,0.594363,0.804193,-0.002500,0.013646,-0.006976,0.999883,0,0.84632,0.59769,50.779,1.195,375.000,400.000,-1,400.000,-1,325.000,325.000,300.000,300.000,-1,-1,-1,-1,850.000,975.000,525.000,-1,1,0,2,0,2,0,0,0,0,2,2,2,2,0,0,1,2
48,8887.041,392.145,-160.955,37.868,0.789320,-0.613821,-0.014073,0.613867,0.789408,-0.001302,0.011908,-0.007611,0.999900,0,0.84782,0.70094,50.869,1.402,350.000,400.000,-1,400.000,-1,325.000,325.000,300.000,300.000,-1,-1,-1,-1,850.000,975.000,450.000,-1,1,0,2,0,2,0,0,0,0,2,2,2,2,0,0,1,2
49,8926.495,424.414,-160.356,39.279,0.773980,-0.633076,-0.013035,0.633128,0.774047,-0.000101,0.010154,-0.008175,0.999915,0,0.84949,0.70568,50.969,1.411,300.000,400.000,-1,425.000,-1,325.000,325.000,300.000,300.000,-1,-1,-1,-1,850.000,975.000,400.000,-1,1,1,2,0,2,0,0,0,0,2,2,2,2,0,0,1,2
50,8965.205,457.710,-159.874,40.700,0.758059,-0.652076,-0.012004,0.652131,0.758106,0.000895,0.008516,-0.008507,0.999928,0,0.85099,0.71056,51.059,1.421,275.000,375.000,-1,425.000,-1,325.000,325.000,300.000,300.000,-1,-1,-1,-1,850.000,975.000,350.000,-1,1,1,2,0,2,0,0,0,0,2,2,2,2,0,0,1,2
51,9003.130,492.015,-159.494,42.131,0.741551,-0.670806,-0.010970,0.670860,0.741582,0.001756,0.006957,-0.008661,0.999938,0,0.85231,0.71560,51.138,1.431,225.000,350.000,-1,425.000,-1,325.000,325.000,300.000,300.000,-1,-1,-1,-1,850.000,1000.000,300.000,-1,1,1,2,0,2,0,0,0,0,2,2,2,2,0,0,1,2
52,9040.228,527.310,-159.184,43.573,0.724455,-0.689250,-0.009940,0.689301,0.724470,0.002646,0.005378,-0.008768,0.999947,0,0.85342,0.72081,51.205,1.442,200.000,350.000,-1,425.000,-1,325.000,325.000,300.000,300.000,-1,-1,-1,-1,850.000,1000.000,250.000,-1,1,1,2,0,2,1,0,0,0,2,2,2,2,0,0,1,2
53,9076.456,563.570,-158.891,45.025,0.706765,-0.707392,-0.008888,0.707437,0.706769,0.003288,0.003956,-0.008612,0.999955,0,0.85429,0.72619,51.258,1.452,150.000,325.000,-1,425.000,-1,325.000,325.000,300.000,300.000,-1,-1,-1,-1,850.000,1000.000,200.000,-1,1,1,2,0,2,1,0,0,0,2,2,2,2,0,0,1,2
54,9111.773,600.772,-154.269,46.489,0.688519,-0.725204,-0.004509,0.725020,0.688462,-0.019142,0.016986,0.009910,0.999807,0,0.85492,0.73177,51.295,1.464,150.000,375.000,-1,475.000,-1,350.000,375.000,300.000,275.000,-1,-1,-1,-1,-1,-1,200.000,-1,1,1,2,0,2,1,0,1,0,2,2,2,2,2,2,1,2
55,9146.130,638.890,-150.577,47.964,0.669913,-0.742436,0.002370,0.741938,0.669339,-0.038903,0.027296,0.027820,0.999240,0,0.85526,0.73756,51.316,1.475,150.000,450.000,-1,500.000,-1,400.000,400.000,300.000,275.000,-1,-1,-1,-1,-1,-1,225.000,-1,1,1,2,0,2,0,0,1,0,2,2,2,2,2,2,1,2
56,9179.485,677.890,-147.385,49.451,0.650873,-0.759125,0.009647,0.758324,0.649476,-0.055902,0.036171,0.043701,0.998390,0,0.85530,0.74356,51.318,1.487,150.000,575.000,-1,525.000,-1,425.000,425.000,275.000,275.000,-1,-1,300.000,-1,-1,-1,250.000,-1,1,0,2,0,2,0,0,1,0,2,2,0,2,2,2,1,2
57,9211.795,717.738,-144.668,50.951,0.631346,-0.775311,0.017158,0.774269,0.628942,-0.070286,0.043702,0.057660,0.997379,0,0.85501,0.74978,51.301,1.500,150.000,625.000,-1,550.000,-1,475.000,450.000,250.000,275.000,-1,525.000,175.000,775.000,-1,-1,-1,-1,1,0,2,0,2,0,0,1,0,2,0,0,0,2,2,2,2
58,9243.018,758.394,-142.435,52.463,0.611291,-0.791017,0.024805,0.789818,0.607779,-0.082417,0.050117,0.069973,0.996289,0,0.85436,0.75623,51.262,1.512,150.000,675.000,-1,575.000,-1,500.000,475.000,225.000,250.000,-1,425.000,125.000,625.000,-1,-1,-1,-1,1,0,2,0,2,0,0,1,0,2,0,0,0,2,2,2,2
59,9273.110,799.817,-140.637,53.989,0.590665,-0.806264,0.032459,0.805007,0.586023,-0.092416,0.055489,0.080717,0.995191,0,0.85333,0.76292,51.200,1.526,150.000,700.000,-1,575.000,-1,525.000,475.000,225.000,250.000,-1,350.000,100.000,525.000,-1,-1,-1,-1,1,0,2,0,2,0,0,1,0,2,0,0,0,2,2,2,2
60,9302.029,841.962,-139.211,55.529,0.569431,-0.821064,0.040023,0.819855,0.563698,-0.100410,0.059883,0.089990,0.994141,0,0.85189,0.76985,51.113,1.540,150.000,750.000,-1,600.000,-1,525.000,500.000,200.000,250.000,-1,325.000,100.000,450.000,-1,-1,-1,-1,1,0,2,0,2,0,0,1,0,2,0,0,0,2,2,2,2
61,9329.734,884.780,-138.099,57.083,0.547565,-0.835422,0.047361,0.834352,0.540818,-0.106644,0.063479,0.097910,0.993169,0,0.85002,0.77701,51.001,1.554,125.000,775.000,-1,600.000,-1,550.000,525.000,175.000,250.000,-1,300.000,75.000,400.000,-1,-1,-1,-1,1,0,2,0,2,0,0,1,0,2,0,0,0,2,2,2,2
62,9356.185,928.222,-137.263,58.651,0.525052,-0.849325,0.054474,0.848475,0.517384,-0.111372,0.066407,0.104696,0.992285,0,0.84770,0.78441,50.862,1.569,125.000,800.000,-1,625.000,-1,550.000,525.000,150.000,250.000,-1,300.000,75.000,375.000,-1,-1,-1,-1,1,0,2,0,2,0,0,1,0,2,0,0,0,2,2,2,2
63,9381.342,972.232,-136.655,60.235,0.501890,-0.862751,0.061376,0.862189,0.493393,-0.114862,0.068815,0.110566,0.991484,0,0.84492,0.79202,50.695,1.584,125.000,825.000,-1,625.000,-1,575.000,525.000,150.000,250.000,-1,275.000,50.000,375.000,-1,-1,-1,-1,1,0,2,0,2,0,0,1,0,2,0,0,0,2,2,2,2
64,-2295.545,-5575.898,-339.821,-70.399,0.419196,0.907878,0.005715,-0.691381,0.323300,-0.646119,-0.588444,0.266899,0.763216,1,0.00000,0.00000,50.500,1.600,0.000,650.000,-1,700.000,750.000,475.000,525.000,25.000,200.000,-1,0.000,0.000,-1,900.000,800.000,0.000,825.000,1,1,2,1,1,1,1,1,1,2,1,1,2,1,1,1,1
65,-8862.058,-5040.232,-22.764,-108.426,-0.313241,0.948704,0.042918,-0.943022,-0.316068,0.103973,0.112204,-0.007904,0.993654,1,0.00000,0.00000,4.800,-0.240,-1,375.000,-1,550.000,-1,325.000,375.000,300.000,300.000,-1,150.000,75.000,-1,-1,-1,-1,-1,2,1,2,1,2,1,1,1,0,2,0,0,2,2,2,2,2
66,-8860.560,-5035.672,-23.034,-108.186,-0.309261,0.950014,0.042788,-0.944451,-0.312090,0.103014,0.111218,-0.008553,0.993759,0,-0.08000,0.12000,-4.800,0.240,-1,375.000,-1,525.000,-1,325.000,350.000,300.000,300.000,-1,150.000,75.000,-1,-1,-1,-1,-1,2,1,2,1,2,1,1,1,0,2,0,0,2,2,2,2,2
67,-8857.627,-5026.530,-23.596,-107.784,-0.302587,0.952169,0.042617,-0.946838,-0.305417,0.101087,0.109267,-0.009763,0.993964,0,-0.16000,0.20089,-9.600,0.402,-1,375.000,-1,525.000,-1,325.000,350.000,300.000,300.000,-1,150.000,75.000,-1,-1,-1,-1,-1,2,1,2,1,2,1,1,1,0,2,0,0,2,2,2,2,2
68,-8853.324,-5012.788,-24.490,-107.389,-0.296002,0.954239,0.042564,-0.949240,-0.298832,0.098197,0.106423,-0.011336,0.994256,0,-0.24000,0.19776,-14.400,0.396,-1,350.000,-1,500.000,-1,300.000,350.000,300.000,300.000,-1,150.000,100.000,-1,-1,-1,-1,-1,2,1,2,1,2,1,1,1,0,2,0,0,2,2,2,2,2
69,-8848.614,-4997.384,-25.514,-107.001,-0.289534,0.956221,0.042567,-0.951587,-0.292356,0.094919,0.103208,-0.013024,0.994574,0,-0.26844,0.19402,-16.106,0.388,-1,350.000,-1,500.000,-1,300.000,325.000,300.000,300.000,-1,150.000,100.000,-1,925.000,-1,-1,-1,2,1,2,1,2,1,1,1,0,2,0,0,2,1,2,2,2
70,-8843.989,-4981.891,-26.556,-106.620,-0.283186,0.958119,0.042595,-0.953846,-0.285994,0.091569,0.099916,-0.014698,0.994887,0,-0.26946,0.19022,-16.168,0.380,-1,325.000,-1,475.000,-1,300.000,325.000,300.000,300.000,-1,150.000,100.000,-1,875.000,-1,-1,-1,2,1,2,1,2,1,1,1,0,2,0,0,2,1,2,2,2
71,-8839.447,-4966.302,-27.619,-106.247,-0.276953,0.959937,0.042647,-0.956021,-0.279739,0.088148,0.096546,-0.016359,0.995194,0,-0.27061,0.18663,-16.236,0.373,-1,325.000,-1,450.000,-1,300.000,325.000,325.000,300.000,-1,150.000,100.000,-1,825.000,-1,-1,-1,2,1,2,1,2,1,1,1,0,2,0,0,2,1,2,2,2
72,-8834.983,-4950.613,-28.701,-105.880,-0.270829,0.961679,0.042723,-0.958115,-0.273586,0.084653,0.093098,-0.018007,0.995494,0,-0.27185,0.18323,-16.311,0.366,-1,325.000,-1,450.000,-1,275.000,325.000,325.000,300.000,-1,175.000,100.000,-1,775.000,-1,-1,-1,2,1,2,1,2,1,1,1,0,2,0,0,2,1,2,2,2
73,-8830.596,-4934.818,-29.803,-105.520,-0.264810,0.963349,0.042823,-0.960132,-0.267530,0.081086,0.089571,-0.019644,0.995787,0,-0.27320,0.18000,-16.392,0.360,-1,325.000,-1,425.000,-1,275.000,325.000,325.000,300.000,-1,175.000,100.000,-1,750.000,-1,-1,-1,2,1,2,1,2,1,1,1,0,2,0,0,2,1,2,2,2
74,-8826.285,-4918.913,-30.925,-105.167,-0.258891,0.964951,0.042947,-0.962074,-0.261566,0.077445,0.085964,-0.021269,0.996071,0,-0.27463,0.17694,-16.478,0.354,-1,325.000,-1,425.000,-1,275.000,325.000,325.000,300.000,-1,175.000,125.000,-1,700.000,-1,-1,-1,2,1,2,1,2,1,1,1,0,2,0,0,2,1,2,2,2
75,-8822.047,-4902.895,-32.066,-104.818,-0.253069,0.966488,0.043096,-0.963943,-0.255690,0.073730,0.082278,-0.022883,0.996347,0,-0.27615,0.17404,-16.569,0.348,-1,300.000,-1,425.000,-1,275.000,300.000,350.000,300.000,-1,175.000,125.000,-1,650.000,-1,-1,-1,2,1,2,1,2,1,1,1,0,2,0,0,2,1,2,2,2
76,-8817.880,-4886.759,-33.228,-104.476,-0.247338,0.967963,0.043268,-0.965743,-0.249898,0.069940,0.078512,-0.024487,0.996612,0,-0.27774,0.17128,-16.664,0.343,400.000,300.000,-1,400.000,-1,275.000,300.000,350.000,300.000,-1,175.000,125.000,-1,625.000,-1,-1,-1,1,1,2,1,2,1,1,1,0,2,0,0,2,1,2,2,2
77,-8813.785,-4870.503,-34.410,-104.139,-0.241697,0.969378,0.043465,-0.967475,-0.244185,0.066076,0.074666,-0.026081,0.996867,0,-0.27940,0.16866,-16.764,0.337,400.000,300.000,-1,400.000,-1,275.000,300.000,350.000,300.000,-1,200.000,125.000,-1,575.000,-1,-1,-1,1,1,2,1,2,1,1,1,0,2,0,0,2,1,2,2,2
78,-8809.759,-4854.122,-35.612,-103.806,-0.236140,0.970737,0.043686,-0.969141,-0.238548,0.062136,0.070739,-0.027665,0.997111,0,-0.28112,0.16616,-16.867,0.332,400.000,300.000,-1,400.000,-1,275.000,300.000,350.000,300.000,-1,200.000,150.000,-1,550.000,-1,425.000,-1,1,1,2,1,2,1,1,1,0,2,0,0,2,1,2,1,2
79,-8805.802,-4837.615,-36.835,-103.479,-0.230665,0.972041,0.043933,-0.970742,-0.232984,0.058121,0.066731,-0.029241,0.997342,0,-0.28291,0.16379,-16.975,0.328,400.000,300.000,-1,375.000,-1,275.000,300.000,375.000,300.000,-1,200.000,150.000,-1,500.000,-1,400.000,-1,1,1,2,1,2,1,1,1,0,2,0,0,2,1,2,1,2
80,-8801.912,-4820.977,-38.077,-103.156,-0.225269,0.973293,0.044204,-0.972281,-0.227489,0.054030,0.062643,-0.030807,0.997560,0,-0.28475,0.16153,-17.085,0.323,400.000,300.000,-1,375.000,-1,275.000,300.000,375.000,300.000,-1,200.000,150.000,-1,475.000,975.000,400.000,-1,1,1,2,1,2,1,1,1,0,2,0,0,2,1,1,1,2
81,-8798.090,-4804.208,-39.340,-102.837,-0.219949,0.974496,0.044501,-0.973757,-0.222060,0.049863,0.058473,-0.032366,0.997764,0,-0.28665,0.15937,-17.199,0.319,375.000,300.000,-1,375.000,-1,250.000,275.000,375.000,300.000,-1,225.000,175.000,-1,450.000,900.000,400.000,-1,1,1,2,1,2,1,1,1,0,2,0,0,2,1,1,1,2
82,-8794.335,-4787.304,-40.624,-102.522,-0.214703,0.975650,0.044823,-0.975173,-0.216694,0.045620,0.054222,-0.033916,0.997953,0,-0.28859,0.15732,-17.315,0.315,375.000,300.000,-1,350.000,-1,250.000,275.000,375.000,300.000,-1,225.000,175.000,-1,450.000,825.000,375.000,-1,1,1,2,1,2,1,1,1,0,2,0,0,2,1,1,1,2
83,-8790.646,-4770.263,-41.927,-102.211,-0.209527,0.976759,0.045172,-0.976529,-0.211388,0.041300,0.049889,-0.035458,0.998125,0,-0.29058,0.15537,-17.435,0.311,375.000,300.000,-1,350.000,-1,250.000,275.000,400.000,300.000,-1,250.000,200.000,-1,450.000,775.000,375.000,-1,1,1,2,1,2,1,1,1,0,2,0,0,2,1,1,1,2
84,-8787.024,-4753.083,-43.251,-101.904,-0.204420,0.977823,0.045547,-0.977826,-0.206139,0.036905,0.045475,-0.036993,0.998280,0,-0.29262,0.15351,-17.557,0.307,375.000,300.000,-1,350.000,-1,250.000,275.000,400.000,300.000,-1,250.000,225.000,-1,425.000,700.000,375.000,-1,1,1,2,1,2,1,1,1,0,2,0,0,2,1,1,1,2
85,-8783.467,-4735.762,-44.596,-101.601,-0.199379,0.978845,0.045949,-0.979065,-0.200946,0.032433,0.040980,-0.038521,0.998417,0,-0.29470,0.15173,-17.682,0.303,375.000,300.000,-1,350.000,-1,250.000,275.000,400.000,300.000,-1,275.000,225.000,-1,425.000,650.000,375.000,-1,1,1,2,1,2,1,1,0,0,2,0,0,2,1,1,1,2
86,-8779.976,-4718.298,-45.961,-101.301,-0.194401,0.979825,0.046379,-0.980246,-0.195805,0.027885,0.036403,-0.040042,0.998535,0,-0.29682,0.15004,-17.809,0.300,375.000,275.000,-1,325.000,-1,250.000,275.000,375.000,300.000,-1,300.000,250.000,-1,425.000,625.000,350.000,-1,1,1,2,1,2,1,1,0,0,2,0,0,2,1,1,1,2
87,-8776.550,-4700.689,-47.346,-101.004,-0.189486,0.980766,0.046837,-0.981370,-0.190714,0.023260,0.031745,-0.041557,0.998632,0,-0.29898,0.14843,-17.939,0.297,350.000,275.000,-1,325.000,-1,250.000,275.000,375.000,300.000,-1,325.000,275.000,-1,425.000,600.000,350.000,-1,1,1,2,1,2,1,1,0,0,2,0,0,2,1,1,1,2
88,-8773.191,-4682.933,-48.751,-100.710,-0.184632,0.981668,0.047323,-0.982437,-0.185671,0.018560,0.027006,-0.043065,0.998707,0,-0.30117,0.14689,-18.070,0.294,350.000,275.000,-1,325.000,-1,250.000,275.000,375.000,300.000,-1,350.000,325.000,-1,425.000,575.000,350.000,-1,1,1,2,1,2,1,1,0,0,2,0,0,2,1,1,1,2
89,-8769.897,-4665.030,-50.177,-100.419,-0.179835,0.982533,0.047838,-0.983447,-0.180673,0.013784,0.022186,-0.044567,0.998760,0,-0.30340,0.14542,-18.204,0.291,350.000,275.000,-1,325.000,-1,250.000,250.000,350.000,300.000,-1,400.000,375.000,-1,400.000,550.000,350.000,-1,1,1,2,1,2,1,1,0,0,2,0,0,2,1,1,1,2
90,-8766.670,-4646.976,-51.623,-100.131,-0.175095,0.983362,0.048383,-0.984400,-0.175720,0.008933,0.017286,-0.046064,0.998789,0,-0.30566,0.14402,-18.340,0.288,350.000,275.000,-1,325.000,-1,250.000,250.000,350.000,300.000,-1,450.000,425.000,-1,400.000,525.000,350.000,-1,1,1,2,1,2,1,1,0,0,2,0,0,2,1,1,1,2
91,-8763.508,-4628.770,-52.707,-99.846,-0.170336,0.984089,0.050549,-0.985294,-0.170796,0.004882,0.013438,-0.048974,0.998710,0,-0.30796,0.14269,-18.478,0.285,350.000,275.000,-1,325.000,-1,250.000,250.000,350.000,300.000,-1,500.000,500.000,-1,400.000,525.000,350.000,-1,1,1,2,1,2,1,1,0,0,2,0,0,2,1,1,1,2
92,-8760.413,-4610.412,-53.832,-99.563,-0.165592,0.984779,0.052824,-0.986139,-0.165912,0.001698,0.010437,-0.051810,0.998602,0,-0.31029,0.14142,-18.617,0.283,350.000,275.000,-1,325.000,-1,250.000,250.000,325.000,300.000,-1,525.000,550.000,-1,400.000,525.000,350.000,-1,1,1,2,1,2,1,1,0,0,2,0,0,2,1,1,1,2
93,-8757.385,-4591.899,-55.101,-99.283,-0.160884,0.985454,0.054740,-0.986942,-0.161070,-0.001026,0.007806,-0.054191,0.998500,0,-0.31265,0.14021,-18.759,0.280,350.000,275.000,-1,325.000,-1,250.000,250.000,325.000,300.000,-1,550.000,600.000,-1,400.000,525.000,350.000,-1,1,1,2,1,2,1,1,0,0,2,0,0,2,1,1,1,2
94,-8755.142,-4578.122,-56.011,-99.242,-0.160270,0.985476,0.056132,-0.987054,-0.160359,-0.002929,0.006115,-0.055875,0.998419,0,-0.23265,0.02021,-13.959,0.040,350.000,275.000,-1,325.000,-1,250.000,250.000,325.000,300.000,-1,550.000,625.000,-1,400.000,500.000,350.000,-1,1,1,2,1,2,1,1,0,0,2,0,0,2,1,1,1,2
95,-8753.672,-4569.082,-56.599,-99.232,-0.160147,0.985442,0.057062,-0.987080,-0.160171,-0.004188,0.005012,-0.056995,0.998362,0,-0.15265,0.00518,-9.159,0.010,350.000,275.000,-1,325.000,-1,250.000,250.000,325.000,300.000,-1,550.000,650.000,-1,400.000,500.000,350.000,-1,1,1,2,1,2,1,1,0,0,2,0,0,2,1,1,1,2
96,-8752.973,-4564.780,-56.878,-99.222,-0.160004,0.985439,0.057514,-0.987106,-0.159995,-0.004799,0.004473,-0.057540,0.998333,0,-0.07265,0.00499,-4.359,0.010,350.000,275.000,-1,325.000,-1,250.000,250.000,325.000,300.000,-1,575.000,675.000,-1,400.000,500.000,350.000,-1,1,1,2,1,2,1,1,0,0,2,0,0,2,1,1,1,2
97,-8753.044,-4565.215,-56.852,-99.212,-0.159834,0.985469,0.057473,-0.987134,-0.159827,-0.004745,0.004510,-0.057492,0.998336,0,0.00735,0.00489,0.441,0.010,350.000,275.000,-1,325.000,-1,250.000,250.000,325.000,300.000,-1,575.000,675.000,-1,400.000,500.000,350.000,-1,1,1,2,1,2,1,1,0,0,2,0,0,2,1,1,1,2
98,-8753.882,-4570.389,-56.521,-99.202,-0.159634,0.985533,0.056941,-0.987163,-0.159665,-0.004030,0.005120,-0.056854,0.998369,0,0.08735,0.00487,5.241,0.010,350.000,275.000,-1,325.000,-1,250.000,250.000,325.000,300.000,-1,550.000,650.000,-1,400.000,500.000,350.000,-1,1,1,2,1,2,1,1,0,0,2,0,0,2,1,1,1,2
99,-8755.487,-4580.301,-55.878,-99.193,-0.159405,0.985627,0.055937,-0.987193,-0.159507,-0.002674,0.006286,-0.055647,0.998431,0,0.16735,0.00493,10.041,0.010,350.000,275.000,-1,325.000,-1,250.000,250.000,325.000,300.000,-1,550.000,625.000,-1,400.000,500.000,350.000,-1,1,1,2,1,2,1,1,0,0,2,0,0,2,1,1,1,2
100,-8757.857,-4594.952,-54.917,-99.182,-0.159149,0.985749,0.054495,-0.987222,-0.159347,-0.000716,0.007978,-0.053913,0.998514,0,0.24735,0.00508,14.841,0.010,350.000,275.000,-1,300.000,-1,250.000,250.000,325.000,300.000,-1,550.000,600.000,-1,400.000,525.000,350.000,-1,1,1,2,1,2,1,1,0,0,2,0,0,2,1,1,1,2
101,-8760.990,-4614.342,-53.622,-99.172,-0.158869,0.985894,0.052668,-0.987248,-0.159183,0.001789,0.010147,-0.051712,0.998610,0,0.32735,0.00532,19.641,0.011,350.000,275.000,-1,300.000,-1,250.000,250.000,325.000,300.000,-1,525.000,575.000,-1,400.000,525.000,350.000,-1,1,1,2,1,2,1,1,0,0,2,0,0,2,1,1,1,2
102,-8764.883,-4638.471,-52.336,-99.161,-0.158527,0.986117,0.049417,-0.987256,-0.159019,0.006162,0.013934,-0.047811,0.998759,0,0.40735,0.00565,24.441,0.011,350.000,275.000,-1,300.000,-1,250.000,250.000,350.000,300.000,-1,475.000,475.000,-1,400.000,525.000,350.000,-1,1,1,2,1,2,1,1,0,0,2,0,0,2,1,1,1,2
103,-8769.534,-4667.340,-50.038,-99.148,-0.157989,0.986234,0.048797,-0.987212,-0.158823,0.013690,0.021252,-0.046010,0.998715,0,0.48735,0.00609,29.241,0.012,350.000,275.000,-1,325.000,-1,250.000,250.000,350.000,300.000,-1,400.000,375.000,-1,400.000,550.000,350.000,-1,1,1,2,1,2,1,1,0,0,2,0,0,2,1,1,1,2
104,-8774.941,-4700.950,-47.388,-99.135,-0.157406,0.986366,0.048015,-0.987088,-0.158610,0.022366,0.029677,-0.043874,0.998596,0,0.56735,0.00664,34.041,0.013,375.000,275.000,-1,325.000,-1,250.000,275.000,375.000,300.000,-1,325.000,300.000,-1,425.000,575.000,350.000,-1,1,1,2,1,2,1,1,0,0,2,0,0,2,1,1,1,2
105,-8781.100,-4739.301,-44.397,-99.120,-0.156786,0.986511,0.047046,-0.986856,-0.158374,0.032147,0.039164,-0.041387,0.998375,0,0.64735,0.00734,38.841,0.015,375.000,275.000,-1,325.000,-1,250.000,275.000,375.000,300.000,-1,275.000,250.000,-1,425.000,625.000,375.000,-1,1,1,2,1,2,1,1,0,0,2,0,0,2,1,1,1,2
106,-8788.007,-4782.393,-41.078,-99.104,-0.156141,0.986670,0.045860,-0.986486,-0.158109,0.042983,0.049661,-0.038529,0.998023,0,0.72735,0.00821,43.641,0.016,375.000,300.000,-1,350.000,-1,250.000,275.000,400.000,300.000,-1,225.000,200.000,-1,450.000,750.000,375.000,-1,1,1,2,1,2,1,1,1,0,2,0,0,2,1,1,1,2
107,-8795.659,-4830.228,-37.446,-99.085,-0.155481,0.986839,0.044425,-0.985947,-0.157808,0.054818,0.061107,-0.035278,0.997508,0,0.80735,0.00928,48.441,0.019,400.000,300.000,-1,350.000,-1,250.000,275.000,400.000,300.000,-1,200.000,150.000,-1,475.000,900.000,400.000,-1,1,1,2,1,2,1,1,1,0,2,0,0,2,1,1,1,2
108,-8803.866,-4881.663,-33.602,-99.064,-0.154827,0.987016,0.042744,-0.985228,-0.157462,0.067314,0.073170,-0.031691,0.996816,0,0.86806,0.01062,52.083,0.021,400.000,300.000,-1,375.000,-1,275.000,300.000,375.000,325.000,-1,175.000,125.000,-1,575.000,-1,-1,-1,1,1,2,1,2,1,1,1,0,2,0,0,2,1,2,2,2
109,-8812.115,-4933.499,-29.791,-99.040,-0.154196,0.987193,0.040906,-0.984371,-0.157057,0.079663,0.085067,-0.027983,0.995982,0,0.87476,0.01226,52.486,0.025,-1,300.000,-1,400.000,-1,275.000,300.000,350.000,325.000,-1,150.000,125.000,-1,700.000,-1,-1,-1,2,1,2,1,2,1,1,1,0,2,0,0,2,1,2,2,2
110,-8820.400,-4985.738,-26.014,-99.011,-0.153584,0.987369,0.038908,-0.983384,-0.156584,0.091859,0.096791,-0.024153,0.995012,0,0.88149,0.01417,52.889,0.028,-1,325.000,-1,425.000,-1,275.000,300.000,350.000,325.000,-1,150.000,100.000,-1,875.000,-1,-1,-1,2,1,2,1,2,1,1,1,1,2,0,0,2,1,2,2,2
111,5142.885,-3026.557,-136.453,22.897,0.918620,-0.389067,-0.069024,0.388533,0.921183,-0.021553,0.071969,-0.007019,0.997382,1,0.00000,0.00000,53.293,0.033,-1,475.000,-1,300.000,-1,325.000,250.000,325.000,500.000,675.000,100.000,175.000,-1,975.000,675.000,-1,-1,2,1,2,1,2,1,1,1,0,0,0,0,2,1,1,2,2
112,7452.949,-2103.713,-174.502,-151.266,-0.872426,0.480658,0.088548,-0.480187,-0.876721,0.027955,0.091068,-0.018131,0.995680,1,0.08000,0.12000,4.800,0.240,-1,300.000,-1,275.000,-1,250.000,225.000,375.000,400.000,800.000,100.000,125.000,-1,500.000,575.000,-1,-1,2,1,2,1,2,1,1,0,0,0,0,0,2,1,1,2,2
113,-9001.686,-6695.186,7.706,96.428,-0.110386,-0.993595,0.024158,0.990703,-0.111944,-0.077306,0.079515,0.015400,0.996715,1,0.00000,0.00000,9.600,0.480,-1,550.000,-1,400.000,-1,375.000,325.000,300.000,350.000,675.000,75.000,150.000,-1,-1,-1,-1,-1,2,1,2,1,2,1,1,0,1,0,0,0,2,2,2,2,2
114,-9002.243,-6690.418,7.864,96.668,-0.114565,-0.993128,0.023900,0.990141,-0.116106,-0.078357,0.080594,0.014688,0.996639,0,0.08000,0.12000,4.800,0.240,-1,550.000,-1,400.000,-1,375.000,325.000,300.000,350.000,650.000,75.000,150.000,-1,-1,-1,-1,-1,2,1,2,1,2,1,1,0,1,0,0,0,2,2,2,2,2
115,-9003.438,-6680.892,8.178,97.148,-0.122921,-0.992141,0.023400,0.988962,-0.124425,-0.080455,0.082734,0.013252,0.996484,0,0.16000,0.24000,9.600,0.480,-1,575.000,-1,400.000,-1,375.000,350.000,300.000,350.000,650.000,75.000,150.000,-1,-1,-1,-1,-1,2,1,2,1,2,1,1,0,1,0,0,0,2,2,2,2,2
116,-9005.401,-6666.626,8.650,97.839,-0.134942,-0.990594,0.022671,0.987125,-0.136382,-0.083567,0.085873,0.011102,0.996244,0,0.24000,0.34544,14.400,0.691,-1,575.000,-1,425.000,-1,400.000,350.000,300.000,325.000,625.000,75.000,150.000,-1,-1,-1,-1,-1,2,1,2,1,2,1,1,0,1,0,0,0,2,2,2,2,2
117,-9008.244,-6647.637,9.296,98.517,-0.146747,-0.988938,0.021615,0.985094,-0.148089,-0.087512,0.089745,0.008450,0.995929,0,0.32000,0.33874,19.200,0.677,-1,600.000,-1,450.000,-1,400.000,375.000,300.000,325.000,575.000,75.000,150.000,-1,-1,-1,-1,-1,2,1,2,1,2,1,1,0,1,0,0,0,2,2,2,2,2
118,2951.686,2951.701,274.688,61.920,0.471422,-0.881757,0.016299,0.881374,0.470413,-0.043481,0.030672,0.034864,0.998921,1,0.00000,0.00000,24.000,0.661,-1,400.000,-1,400.000,-1,325.000,325.000,325.000,325.000,800.000,950.000,-1,-1,775.000,875.000,-1,-1,2,0,2,0,2,0,0,0,0,1,1,2,2,0,0,2,2
119,2953.963,2955.926,274.839,61.680,0.475115,-0.879771,0.016402,0.879393,0.474098,-0.043565,0.030551,0.035122,0.998916,0,0.08000,-0.12000,4.800,-0.240,-1,400.000,-1,400.000,-1,325.000,325.000,325.000,325.000,800.000,950.000,-1,-1,800.000,875.000,-1,-1,2,0,2,0,2,0,0,0,0,1,1,2,2,0,0,2,2
120,2958.588,2964.339,275.140,61.200,0.482475,-0.875752,0.016612,0.875385,0.481443,-0.043739,0.030307,0.035645,0.998905,0,0.16000,-0.24000,9.600,-0.480,-1,400.000,-1,400.000,-1,325.000,325.000,325.000,325.000,825.000,950.000,-1,-1,800.000,875.000,-1,-1,2,0,2,0,2,0,0,0,0,1,1,2,2,0,0,2,2
121,2965.683,2976.870,275.587,60.480,0.493452,-0.869608,0.016938,0.869258,0.492396,-0.044018,0.029939,0.036444,0.998887,0,0.24000,-0.36000,14.400,-0.720,-1,400.000,-1,400.000,-1,325.000,325.000,325.000,325.000,850.000,925.000,-1,-1,800.000,875.000,-1,-1,2,0,2,0,2,0,0,0,0,1,1,2,2,0,0,2,2
122,2975.390,2993.436,276.172,59.629,0.506334,-0.862162,0.017397,0.861832,0.505245,-0.044415,0.029503,0.037482,0.998862,0,0.32000,-0.42574,19.200,-0.851,-1,400.000,-1,400.000,-1,325.000,325.000,325.000,325.000,900.000,925.000,-1,-1,800.000,900.000,-1,-1,2,0,2,0,2,0,0,0,0,1,1,2,2,0,0,2,2
123,2987.835,3013.957,276.886,58.764,0.519314,-0.854394,0.018007,0.854089,0.518182,-0.044939,0.029065,0.038717,0.998827,0,0.40000,-0.43262,24.000,-0.865,-1,400.000,-1,400.000,-1,325.000,325.000,325.000,325.000,950.000,925.000,-1,-1,800.000,900.000,-1,-1,2,0,2,0,2,0,0,0,0,1,1,2,2,0,0,2,2
124,3003.147,3038.349,277.729,57.881,0.532438,-0.846261,0.018781,0.845985,0.531253,-0.045607,0.028618,0.040172,0.998783,0,0.48000,-0.44136,28.800,-0.883,-1,400.000,-1,400.000,-1,325.000,325.000,325.000,325.000,-1,925.000,-1,-1,825.000,900.000,-1,-1,2,0,2,0,2,0,0,0,0,2,1,2,2,0,0,2,2
125,3021.458,3066.522,278.485,56.977,0.545716,-0.837746,0.019380,0.837521,0.544519,-0.045363,0.027450,0.040986,0.998783,0,0.56000,-0.45198,33.600,-0.904,-1,400.000,-1,400.000,-1,325.000,325.000,325.000,325.000,-1,925.000,-1,-1,825.000,925.000,-1,-1,2,0,2,0,2,0,0,0,0,2,1,2,2,0,0,2,2
126,3042.905,3098.375,279.278,56.048,0.559213,-0.828782,0.020033,0.828616,0.558016,-0.044877,0.026015,0.041696,0.998792,0,0.64000,-0.46456,38.400,-0.929,-1,400.000,-1,400.000,-1,325.000,325.000,325.000,325.000,-1,950.000,-1,-1,825.000,925.000,-1,-1,2,0,2,0,2,0,0,0,0,2,1,2,2,0,0,2,2
127,3067.628,3133.801,280.152,55.090,0.572977,-0.819306,0.020840,0.819206,0.571779,-0.044385,0.024449,0.042504,0.998797,0,0.72000,-0.47913,43.200,-0.958,-1,400.000,-1,400.000,-1,325.000,325.000,325.000,325.000,-1,975.000,-1,-1,825.000,925.000,-1,-1,2,0,2,0,2,0,0,0,0,2,1,2,2,0,0,2,2
128,3095.775,3172.682,281.103,54.098,0.587049,-0.809258,0.021820,0.809232,0.585847,-0.043892,0.022737,0.043424,0.998798,0,0.80000,-0.49574,48.000,-0.991,-1,400.000,-1,400.000,-1,325.000,325.000,325.000,325.000,-1,1000.000,-1,-1,825.000,925.000,-1,-1,2,0,2,0,2,0,0,0,0,2,1,2,2,0,0,2,2
129,3126.337,3213.343,282.027,53.069,0.601453,-0.798581,0.022857,0.798640,0.600264,-0.043097,0.020696,0.044175,0.998809,0,0.84776,-0.51443,50.866,-1.029,-1,400.000,-1,425.000,-1,325.000,325.000,325.000,325.000,-1,-1,-1,-1,800.000,925.000,-1,-1,2,0,2,0,2,0,0,0,0,2,2,2,2,0,0,2,2
130,3158.084,3253.978,282.909,52.000,0.616206,-0.787220,0.023958,0.787368,0.615039,-0.042166,0.018459,0.044847,0.998823,0,0.85944,-0.53448,51.566,-1.069,-1,400.000,-1,425.000,-1,325.000,325.000,325.000,325.000,-1,-1,-1,-1,800.000,925.000,-1,-1,2,0,2,0,2,0,0,0,0,2,2,2,2,0,0,2,2
131,3191.084,3294.570,283.777,50.890,0.631298,-0.775132,0.025174,0.775373,0.630154,-0.041257,0.016116,0.045564,0.998831,0,0.87188,-0.55504,52.313,-1.110,-1,400.000,-1,425.000,-1,325.000,325.000,300.000,325.000,-1,-1,-1,-1,800.000,925.000,-1,-1,2,0,2,0,2,0,0,0,0,2,2,2,2,0,0,2,2
132,3225.403,3335.092,284.486,49.738,0.646702,-0.762258,0.027193,0.762628,0.645574,-0.040396,0.013237,0.046863,0.998814,0,0.88505,-0.57610,53.103,-1.152,-1,400.000,-1,425.000,-1,325.000,325.000,300.000,325.000,-1,-1,-1,-1,800.000,925.000,-1,-1,2,0,2,0,2,0,0,0,0,2,2,2,2,0,0,2,2
133,3261.111,3375.515,284.906,48.543,0.662391,-0.748540,0.030435,0.749095,0.661260,-0.039888,0.009733,0.049221,0.998741,0,0.89892,-0.59767,53.935,-1.195,-1,400.000,-1,425.000,-1,325.000,325.000,300.000,325.000,-1,-1,-1,-1,825.000,925.000,-1,-1,2,0,2,0,2,0,0,0,0,2,2,2,2,0,0,2,2
134,3298.276,3415.797,285.246,47.303,0.678344,-0.733962,0.033903,0.734718,0.677208,-0.039731,0.006202,0.051861,0.998635,0,0.91347,-0.61977,54.808,-1.240,-1,400.000,-1,425.000,-1,325.000,325.000,300.000,325.000,-1,-1,-1,-1,825.000,900.000,-1,-1,2,0,2,0,2,0,0,0,0,2,2,2,2,0,0,2,2
