timestep,x_cm,y_cm,z_cm,yaw_deg,basis_xx,basis_xy,basis_xz,basis_yx,basis_yy,basis_yz,basis_zx,basis_zy,basis_zz,teleport_flag,throttle_cmd,steering_cmd,cmd_move_cm,cmd_turn_deg,lidar_cm_0,lidar_cm_1,lidar_cm_2,lidar_cm_3,lidar_cm_4,lidar_cm_5,lidar_cm_6,lidar_cm_7,lidar_cm_8,lidar_cm_9,lidar_cm_10,lidar_cm_11,lidar_cm_12,lidar_cm_13,lidar_cm_14,lidar_cm_15,lidar_cm_16,lidar_class_0,lidar_class_1,lidar_class_2,lidar_class_3,lidar_class_4,lidar_class_5,lidar_class_6,lidar_class_7,lidar_class_8,lidar_class_9,lidar_class_10,lidar_class_11,lidar_class_12,lidar_class_13,lidar_class_14,lidar_class_15,lidar_class_16
0,-2947.193,4265.224,184.579,20.298,0.937901,-0.346904,0.000204,0.346904,0.937900,-0.001519,0.000336,0.001495,0.999999,1,0.08000,-0.12000,4.800,-0.240,-1,425.000,-1,400.000,-1,325.000,325.000,300.000,300.000,-1,-1,-1,-1,875.000,900.000,-1,-1,2,0,2,0,2,0,0,0,0,2,2,2,2,1,0,2,2
1,-2938.162,4268.479,184.574,19.818,0.940774,-0.339035,0.000499,0.339035,0.940773,-0.001010,-0.000127,0.001119,0.999999,0,0.16000,-0.24000,9.600,-0.480,-1,425.000,-1,400.000,-1,325.000,325.000,300.000,300.000,-1,-1,-1,-1,875.000,900.000,-1,-1,2,0,2,0,2,0,0,0,0,2,2,2,2,1,0,2,2
2,-2924.554,4273.191,184.565,19.098,0.944959,-0.327186,0.000951,0.327187,0.944960,-0.000260,-0.000813,0.000557,1.000000,0,0.24000,-0.36000,14.400,-0.720,-1,425.000,-1,400.000,-1,325.000,325.000,300.000,300.000,-1,-1,-1,-1,875.000,900.000,-1,-1,2,0,2,0,2,0,0,0,0,2,2,2,2,1,0,2,2
3,-2906.308,4279.168,184.549,18.138,0.950308,-0.311308,0.001569,0.311307,0.950309,0.000714,-0.001713,-0.000190,0.999999,0,0.32000,-0.48000,19.200,-0.960,-1,425.000,-1,400.000,-1,325.000,325.000,300.000,300.000,-1,-1,-1,-1,875.000,900.000,-1,-1,2,0,2,0,2,0,0,0,0,2,2,2,2,1,0,2,2
4,-2883.349,4286.160,184.523,16.938,0.956617,-0.291338,0.002364,0.291334,0.956620,0.001888,-0.002812,-0.001118,0.999995,0,0.40000,-0.60000,24.000,-1.200,-1,425.000,-1,400.000,-1,325.000,325.000,300.000,300.000,-1,-1,-1,-1,875.000,900.000,-1,-1,2,0,2,0,2,0,0,0,0,2,2,2,2,1,0,2,2
5,-2855.618,4293.932,184.488,15.656,0.962895,-0.269855,0.003339,0.269845,0.962898,0.003241,-0.004090,-0.002220,0.999989,0,0.48000,-0.64120,28.800,-1.282,-1,425.000,-1,400.000,-1,325.000,325.000,300.000,300.000,-1,-1,-1,-1,875.000,900.000,-1,-1,2,0,2,0,2,0,0,0,0,2,2,2,2,1,0,2,2
6,-2823.072,4302.283,184.442,14.391,0.968611,-0.248541,0.004491,0.248520,0.968615,0.004755,-0.005531,-0.003489,0.999979,0,0.56000,-0.63222,33.600,-1.264,1000.000,425.000,-1,400.000,-1,325.000,325.000,300.000,300.000,-1,-1,-1,-1,900.000,900.000,-1,-1,1,0,2,0,2,0,0,0,0,2,2,2,2,1,0,2,2
7,-2785.679,4311.018,184.379,13.148,0.973770,-0.227461,0.005821,0.227424,0.973775,0.006410,-0.007126,-0.004918,0.999963,0,0.64000,-0.62172,38.400,-1.243,950.000,425.000,-1,400.000,-1,325.000,325.000,300.000,325.000,-1,-1,-1,-1,900.000,900.000,-1,-1,1,0,2,0,2,0,0,0,0,2,2,2,2,1,0,2,2
8,-2743.412,4319.947,184.296,11.929,0.978379,-0.206690,0.007329,0.206630,0.978385,0.008188,-0.008863,-0.006497,0.999940,0,0.72000,-0.60956,43.200,-1.219,900.000,425.000,-1,400.000,-1,325.000,325.000,300.000,325.000,-1,-1,-1,-1,900.000,900.000,-1,-1,1,0,2,0,2,0,0,0,0,2,2,2,2,1,0,2,2
9,-2696.252,4328.890,184.190,10.738,0.982451,-0.186304,0.009013,0.186213,0.982458,0.010073,-0.010731,-0.008218,0.999909,0,0.80000,-0.59556,48.000,-1.191,850.000,425.000,-1,400.000,-1,325.000,325.000,300.000,325.000,-1,-1,-1,-1,925.000,900.000,-1,-1,1,0,2,0,2,0,0,0,0,2,2,2,2,1,0,2,2
10,-2644.188,4337.676,183.769,9.578,0.986000,-0.166391,0.010869,0.166273,0.986019,0.010970,-0.012542,-0.009009,0.999881,0,0.88000,-0.57955,52.800,-1.159,825.000,425.000,-1,425.000,-1,350.000,325.000,300.000,325.000,-1,-1,-1,-1,925.000,925.000,-1,-1,1,0,2,0,2,0,0,0,0,2,2,2,2,0,0,2,2
11,-2591.096,4345.569,182.912,8.456,0.989037,-0.147040,0.013575,0.146905,0.989095,0.010501,-0.014971,-0.008392,0.999853,0,0.89459,-0.56135,53.675,-1.123,800.000,425.000,-1,400.000,-1,350.000,325.000,325.000,300.000,-1,-1,-1,-1,925.000,900.000,-1,-1,1,0,2,0,2,0,0,0,0,2,2,2,2,0,0,2,2
12,-2537.673,4352.481,181.583,7.372,0.991609,-0.128303,0.015807,0.128128,0.991689,0.011683,-0.017175,-0.009560,0.999807,0,0.89781,-0.54192,53.869,-1.084,775.000,425.000,-1,400.000,-1,325.000,325.000,300.000,300.000,-1,-1,-1,-1,925.000,900.000,-1,-1,1,0,2,0,2,0,0,0,0,2,2,2,2,0,0,2,2
13,-2484.025,4358.431,180.181,6.329,0.993740,-0.110230,0.018185,0.110004,0.993846,0.012988,-0.019505,-0.010906,0.999750,0,0.89961,-0.52149,53.976,-1.043,750.000,425.000,-1,400.000,-1,325.000,325.000,300.000,300.000,-1,-1,-1,-1,900.000,900.000,-1,-1,1,0,2,0,2,0,0,0,0,2,2,2,2,0,0,2,2
14,-2430.265,4363.446,178.771,5.329,0.995467,-0.092862,0.020547,0.092583,0.995604,0.014152,-0.021771,-0.012185,0.999689,0,0.89989,-0.50013,53.994,-1.000,725.000,425.000,-1,400.000,-1,325.000,325.000,300.000,300.000,-1,-1,-1,-1,900.000,875.000,-1,-1,1,0,2,0,2,0,0,0,0,2,2,2,2,0,0,2,2
15,-2372.114,4367.733,177.242,4.216,0.997028,-0.073504,0.023082,0.073164,0.997203,0.015261,-0.024139,-0.013527,0.999617,0,0.97180,-0.55651,58.308,-1.113,750.000,400.000,-1,400.000,-1,325.000,325.000,300.000,300.000,-1,-1,-1,-1,900.000,875.000,-1,-1,1,0,2,0,2,0,0,0,0,2,2,2,2,0,0,2,2
16,-2314.101,4370.929,175.714,3.153,0.998159,-0.054994,0.025588,0.054590,0.998377,0.016217,-0.026438,-0.014790,0.999541,0,0.96835,-0.53140,58.101,-1.063,775.000,400.000,-1,400.000,-1,325.000,325.000,300.000,300.000,-1,-1,-1,-1,875.000,875.000,-1,-1,1,0,2,0,2,0,0,0,0,2,2,2,2,0,0,2,2
17,-2256.362,4373.088,174.193,2.142,0.998908,-0.037363,0.028063,0.036895,0.999174,0.017030,-0.028676,-0.015976,0.999461,0,0.96299,-0.50566,57.779,-1.011,825.000,400.000,-1,400.000,-1,325.000,325.000,300.000,300.000,-1,-1,-1,-1,875.000,875.000,-1,-1,1,0,2,0,2,0,0,1,0,2,2,2,2,0,0,2,2
18,-2199.029,4374.272,172.683,1.182,0.999322,-0.020634,0.030503,0.020100,0.999641,0.017713,-0.030858,-0.017088,0.999378,0,0.95576,-0.47951,57.346,-0.959,850.000,400.000,-1,400.000,-1,325.000,325.000,300.000,300.000,-1,-1,-1,-1,875.000,850.000,-1,-1,1,0,2,0,2,0,0,1,0,2,2,2,2,0,0,2,2
19,-2142.222,4374.546,171.190,0.276,0.999447,-0.004819,0.032907,0.004219,0.999824,0.018277,-0.032989,-0.018128,0.999291,0,0.94678,-0.45318,56.807,-0.906,875.000,400.000,-1,400.000,-1,325.000,325.000,300.000,300.000,-1,-1,-1,-1,875.000,850.000,-1,-1,1,0,2,0,2,0,0,1,0,2,2,2,2,0,0,2,2
20,-2086.053,4373.980,169.718,-0.578,0.999327,0.010082,0.035273,-0.010748,0.999767,0.018732,-0.035076,-0.019099,0.999202,0,0.93619,-0.42695,56.172,-0.854,925.000,400.000,-1,400.000,-1,325.000,325.000,300.000,325.000,-1,-1,-1,-1,850.000,850.000,-1,-1,1,0,2,0,2,0,0,1,0,2,2,2,2,0,0,2,2
21,-2030.618,4372.643,168.270,-1.382,0.999002,0.024117,0.037602,-0.024848,0.999509,0.019090,-0.037123,-0.020005,0.999110,0,0.92419,-0.40221,55.451,-0.804,-1,400.000,-1,400.000,-1,325.000,325.000,300.000,325.000,-1,-1,-1,-1,850.000,850.000,-1,-1,2,0,2,0,2,0,0,1,0,2,2,2,2,0,0,2,2
22,-1975.998,4370.571,166.805,-2.172,0.998491,0.037895,0.039753,-0.038695,0.999060,0.019546,-0.038975,-0.021055,0.999018,0,0.91098,-0.39502,54.659,-0.790,-1,400.000,-1,400.000,-1,325.000,325.000,300.000,325.000,-1,-1,-1,-1,850.000,825.000,-1,-1,2,0,2,0,2,0,0,1,0,2,2,2,2,0,0,2,2
23,-1922.269,4367.803,164.394,-2.951,0.997818,0.051462,0.041365,-0.052327,0.998427,0.020115,-0.040265,-0.022235,0.998942,0,0.89667,-0.38916,53.800,-0.778,-1,400.000,-1,400.000,-1,325.000,325.000,300.000,325.000,-1,-1,-1,-1,850.000,825.000,-1,-1,2,0,2,0,2,0,0,0,0,2,2,2,2,0,0,2,2
24,-1869.490,4364.371,161.869,-3.720,0.996970,0.064861,0.042939,-0.065767,0.997634,0.020023,-0.041539,-0.022786,0.998877,0,0.88150,-0.38464,52.890,-0.769,-1,400.000,-1,400.000,-1,325.000,325.000,300.000,325.000,-1,-1,-1,-1,850.000,825.000,-1,-1,2,0,2,0,2,0,0,0,0,2,2,2,2,0,0,2,2
25,-1817.704,4360.312,159.406,-4.483,0.995950,0.078137,0.044467,-0.079081,0.996670,0.019878,-0.042766,-0.023314,0.998813,0,0.86575,-0.38143,51.945,-0.763,-1,400.000,-1,400.000,-1,325.000,325.000,300.000,325.000,-1,-1,-1,-1,825.000,800.000,-1,-1,2,0,2,0,2,0,0,0,0,2,2,2,2,0,0,2,2
26,-1761.175,4355.361,156.727,-5.006,0.995122,0.087228,0.046077,-0.088206,0.995909,0.019644,-0.044175,-0.023612,0.998745,0,0.94575,-0.26143,56.745,-0.523,-1,400.000,-1,400.000,-1,325.000,325.000,300.000,325.000,-1,-1,-1,-1,825.000,800.000,-1,-1,2,0,2,0,2,0,0,0,0,2,2,2,2,0,0,2,2
27,-1705.012,4350.162,154.070,-5.288,0.994606,0.092143,0.047631,-0.093151,0.995463,0.019377,-0.045629,-0.023709,0.998677,0,0.94005,-0.14143,56.403,-0.283,-1,400.000,-1,400.000,-1,325.000,325.000,300.000,325.000,-1,-1,-1,-1,825.000,775.000,-1,-1,2,0,2,0,2,0,0,0,0,2,2,2,2,0,0,2,2
28,-1649.750,4345.005,151.456,-5.331,0.994464,0.092888,0.049122,-0.093919,0.995396,0.019109,-0.047121,-0.023617,0.998610,0,0.92504,-0.02143,55.502,-0.043,-1,400.000,-1,400.000,-1,325.000,325.000,300.000,300.000,-1,-1,-1,-1,825.000,775.000,-1,-1,2,0,2,0,2,0,0,0,0,2,2,2,2,0,0,2,2
29,-1595.271,4340.111,148.875,-5.134,0.994706,0.089463,0.050563,-0.090513,0.995717,0.018866,-0.048658,-0.023343,0.998543,0,0.91164,0.09857,54.698,0.197,-1,400.000,-1,400.000,-1,325.000,325.000,300.000,300.000,-1,-1,-1,-1,800.000,750.000,-1,-1,2,0,2,0,2,0,0,0,0,2,2,2,2,0,0,2,2
30,-1541.454,4335.689,146.317,-4.697,0.995288,0.081864,0.051964,-0.082929,0.996381,0.018667,-0.050247,-0.022889,0.998474,0,0.89997,0.21857,53.998,0.437,-1,400.000,-1,400.000,-1,325.000,325.000,300.000,300.000,-1,-1,-1,-1,800.000,750.000,-1,-1,2,0,2,0,2,0,0,0,0,2,2,2,2,0,0,2,2
31,-1488.181,4331.945,143.772,-4.020,0.996114,0.070084,0.053337,-0.071159,0.997293,0.018532,-0.051893,-0.022256,0.998405,0,0.89007,0.33857,53.404,0.677,-1,400.000,-1,400.000,-1,325.000,325.000,300.000,300.000,-1,-1,-1,-1,800.000,750.000,-1,-1,2,0,2,0,2,0,0,0,0,2,2,2,2,0,0,2,2
32,-1435.342,4329.081,141.231,-3.103,0.997036,0.054113,0.054693,-0.055195,0.998305,0.018476,-0.053600,-0.021440,0.998332,0,0.88194,0.45857,52.916,0.917,-1,400.000,-1,400.000,-1,325.000,325.000,300.000,300.000,-1,-1,-1,-1,800.000,725.000,-1,-1,2,0,2,0,2,0,0,0,0,2,2,2,2,0,0,2,2
33,-1382.842,4327.297,138.685,-1.946,0.997851,0.033942,0.056041,-0.035028,0.999215,0.018514,-0.055369,-0.020437,0.998257,0,0.87551,0.57857,52.530,1.157,-1,400.000,-1,400.000,-1,325.000,325.000,300.000,300.000,-1,-1,-1,-1,800.000,725.000,-1,-1,2,0,2,0,2,0,0,0,0,2,2,2,2,1,0,2,2
34,-1330.602,4326.797,136.125,-0.548,0.998306,0.009569,0.057391,-0.010656,0.999769,0.018657,-0.057199,-0.019237,0.998177,0,0.87071,0.69857,52.243,1.397,-1,400.000,-1,375.000,-1,325.000,325.000,300.000,300.000,-1,-1,-1,-1,775.000,725.000,975.000,-1,2,0,2,0,2,0,0,0,0,2,2,2,2,1,0,1,2
35,-1278.564,4327.785,133.193,1.089,0.998158,-0.018998,0.057609,0.017919,0.999655,0.019194,-0.057954,-0.018126,0.998155,0,0.86745,0.81857,52.047,1.637,1000.000,400.000,-1,375.000,-1,325.000,325.000,300.000,300.000,-1,-1,-1,-1,750.000,725.000,925.000,-1,1,0,2,0,2,0,0,0,0,2,2,2,2,1,0,1,2
36,-1223.060,4330.661,129.928,2.966,0.997000,-0.051734,0.057566,0.050661,0.998517,0.019947,-0.058513,-0.016971,0.998142,0,0.92630,0.93857,55.578,1.877,950.000,400.000,-1,400.000,-1,325.000,325.000,300.000,300.000,-1,-1,-1,-1,700.000,725.000,875.000,-1,1,0,2,0,2,0,0,0,0,2,2,2,2,1,0,1,2
37,-1167.757,4335.358,126.624,4.855,0.994748,-0.084624,0.057581,0.083556,0.996288,0.020708,-0.059119,-0.015788,0.998126,0,0.92504,0.94454,55.502,1.889,925.000,400.000,-1,400.000,-1,325.000,325.000,300.000,300.000,-1,-1,-1,-1,675.000,700.000,825.000,-1,1,0,2,0,2,0,0,0,0,2,2,2,2,1,0,1,2
38,-1112.709,4341.864,123.278,6.741,0.991413,-0.117371,0.057660,0.116308,0.992981,0.021466,-0.059775,-0.014576,0.998105,0,0.92385,0.94306,55.431,1.886,875.000,400.000,-1,400.000,-1,325.000,325.000,300.000,300.000,-1,-1,-1,-1,650.000,700.000,800.000,-1,1,0,2,0,2,0,0,0,0,2,2,2,2,1,0,1,2
39,-1057.975,4350.165,119.887,8.624,0.987004,-0.149934,0.057813,0.148876,0.988606,0.022215,-0.060485,-0.013319,0.998080,0,0.92267,0.94139,55.360,1.883,850.000,400.000,-1,400.000,-1,325.000,325.000,300.000,300.000,-1,-1,-1,-1,625.000,700.000,750.000,-1,1,0,2,0,2,0,0,0,0,2,2,2,2,1,0,1,2
40,-1003.612,4360.244,116.449,10.503,0.981533,-0.182273,0.058049,0.181221,0.983175,0.022946,-0.061254,-0.012002,0.998050,0,0.92149,0.93953,55.290,1.879,800.000,400.000,-1,400.000,-1,325.000,325.000,300.000,300.000,-1,-1,-1,-1,575.000,700.000,700.000,-1,1,0,2,1,2,0,0,0,0,2,2,2,2,1,0,1,2
41,-954.251,4370.863,113.265,12.142,0.975890,-0.210323,0.058340,0.209274,0.977572,0.023600,-0.061996,-0.010822,0.998018,0,0.84149,0.81953,50.490,1.639,775.000,400.000,925.000,375.000,-1,325.000,325.000,300.000,300.000,-1,-1,-1,-1,550.000,675.000,675.000,-1,1,0,1,1,2,0,0,0,0,2,2,2,2,1,1,1,2
42,-908.835,4381.801,110.283,13.541,0.970433,-0.234131,0.058677,0.233083,0.972156,0.024197,-0.062709,-0.009805,0.997984,0,0.77858,0.69953,46.715,1.399,725.000,400.000,850.000,375.000,-1,325.000,325.000,300.000,300.000,-1,-1,-1,-1,525.000,625.000,625.000,-1,1,1,1,1,2,1,1,1,0,2,2,2,2,1,1,1,2
43,-863.757,4393.627,107.278,14.700,0.965464,-0.253749,0.059074,0.252696,0.967228,0.024795,-0.063429,-0.009011,0.997946,0,0.77672,0.57953,46.603,1.159,700.000,375.000,800.000,350.000,-1,325.000,300.000,300.000,300.000,-1,-1,-1,-1,500.000,600.000,575.000,-1,1,1,1,1,2,1,1,1,0,2,2,2,2,1,1,1,2
44,-819.043,4406.127,104.254,15.619,0.961234,-0.269232,0.059524,0.268166,0.963038,0.025387,-0.064159,-0.008441,0.997904,0,0.77380,0.45953,46.428,0.919,650.000,350.000,725.000,350.000,-1,300.000,300.000,300.000,300.000,-1,-1,-1,-1,475.000,550.000,550.000,-1,1,1,1,1,2,1,1,1,0,2,2,2,2,1,1,1,2
45,-774.707,4419.091,101.239,16.298,0.957943,-0.280628,0.059951,0.279538,0.959782,0.026022,-0.064842,-0.008169,0.997862,0,0.76988,0.33953,46.193,0.679,600.000,325.000,675.000,325.000,-1,275.000,275.000,275.000,300.000,-1,-1,-1,-1,425.000,525.000,500.000,-1,1,1,1,1,2,1,1,1,0,2,2,2,2,1,1,1,2
46,-730.751,4432.309,98.253,16.737,0.955732,-0.287974,0.060396,0.286847,0.957603,0.026759,-0.065541,-0.008250,0.997816,0,0.76500,0.21953,45.900,0.439,525.000,300.000,625.000,325.000,-1,275.000,250.000,275.000,300.000,-1,-1,-1,-1,400.000,475.000,450.000,925.000,1,1,1,1,2,1,1,1,0,2,2,2,2,1,1,1,1
47,-682.250,4447.079,95.391,16.936,0.954794,-0.291293,0.059295,0.290046,0.956578,0.028843,-0.065122,-0.010341,0.997824,0,0.84500,0.09953,50.700,0.199,475.000,275.000,575.000,300.000,-1,250.000,250.000,275.000,300.000,-1,-1,-1,-1,375.000,450.000,400.000,825.000,1,1,1,1,2,1,1,1,0,2,2,2,2,1,1,1,1
48,-631.257,4462.569,92.851,16.895,0.955193,-0.290594,0.056220,0.289161,0.956735,0.032320,-0.063180,-0.014615,0.997895,0,0.88823,-0.02047,53.294,-0.041,400.000,250.000,525.000,275.000,-1,225.000,225.000,275.000,300.000,-1,-1,-1,-1,325.000,425.000,350.000,775.000,1,1,1,1,2,1,1,1,0,2,2,2,2,1,1,1,1
49,-579.927,4477.887,90.422,16.614,0.956835,-0.285873,0.052379,0.284250,0.958061,0.036353,-0.060574,-0.019895,0.997965,0,0.89278,-0.14047,53.567,-0.281,325.000,225.000,475.000,275.000,-1,200.000,225.000,250.000,325.000,-1,-1,-1,-1,300.000,400.000,275.000,750.000,1,1,1,1,2,1,1,1,0,2,2,2,2,1,1,1,1
50,-528.201,4492.808,91.067,16.094,0.959907,-0.277180,0.041823,0.276270,0.960721,0.026269,-0.047462,-0.013662,0.998780,0,0.89729,-0.26047,53.837,-0.521,300.000,225.000,475.000,275.000,-1,200.000,225.000,275.000,325.000,875.000,600.000,800.000,-1,300.000,425.000,250.000,800.000,1,1,1,1,2,1,1,1,0,1,0,0,2,1,1,1,1
51,-476.020,4507.112,93.486,15.333,0.964028,-0.264421,0.027036,0.264291,0.964407,0.008359,-0.028284,-0.000913,0.999600,0,0.90179,-0.38047,54.108,-0.761,275.000,225.000,500.000,275.000,-1,200.000,225.000,300.000,325.000,825.000,300.000,275.000,-1,300.000,450.000,250.000,-1,1,1,1,1,2,1,1,1,0,1,0,0,2,1,1,1,2
52,-423.336,4520.573,96.180,14.332,0.968824,-0.247514,0.010783,0.247623,0.968802,-0.010256,-0.007908,0.012606,0.999889,0,0.90630,-0.50047,54.378,-1.001,275.000,225.000,550.000,300.000,-1,200.000,225.000,350.000,300.000,775.000,225.000,175.000,-1,300.000,475.000,225.000,-1,1,1,1,1,2,1,1,1,0,1,0,0,2,1,1,1,2
53,-4263.548,2951.706,137.037,-40.777,0.757919,0.652113,-0.017562,-0.651891,0.756104,-0.057834,-0.024436,0.055282,0.998172,1,0.00000,0.00000,54.646,-1.241,-1,375.000,-1,350.000,-1,300.000,300.000,350.000,325.000,-1,0.000,0.000,-1,700.000,625.000,-1,-1,2,0,2,0,2,0,0,0,0,2,1,1,2,0,0,2,2
54,-4259.900,2948.587,136.556,-40.537,0.760622,0.648919,-0.018930,-0.648795,0.758805,-0.057275,-0.022803,0.055846,0.998179,0,0.08000,0.12000,4.800,0.240,-1,375.000,-1,350.000,-1,300.000,300.000,350.000,325.000,-1,0.000,0.000,-1,700.000,625.000,-1,-1,2,0,2,0,2,0,0,0,0,2,1,1,2,0,0,2,2
55,-4252.558,2942.402,135.624,-40.117,0.765301,0.643314,-0.021489,-0.643373,0.763499,-0.056042,-0.019646,0.056714,0.998197,0,0.16000,0.20978,9.600,0.420,-1,375.000,-1,350.000,-1,300.000,300.000,350.000,300.000,-1,0.000,0.000,-1,700.000,650.000,-1,-1,2,0,2,0,2,0,0,0,0,2,1,1,2,0,0,2,2
56,-4241.479,2933.205,134.441,-39.701,0.769867,0.637749,-0.024130,-0.638013,0.768156,-0.053629,-0.015666,0.056682,0.998269,0,0.24000,0.20823,14.400,0.416,-1,375.000,-1,375.000,-1,300.000,300.000,350.000,300.000,-1,0.000,0.000,-1,725.000,650.000,-1,-1,2,0,2,0,2,0,0,0,0,2,1,1,2,0,0,2,2
57,-4226.620,2921.046,133.604,-39.289,0.774332,0.632313,-0.024285,-0.632654,0.772845,-0.049596,-0.012592,0.053768,0.998474,0,0.32000,0.20591,19.200,0.412,-1,375.000,-1,375.000,-1,300.000,300.000,325.000,300.000,-1,0.000,0.000,-1,725.000,675.000,-1,-1,2,0,2,0,2,0,0,0,0,2,1,1,2,0,0,2,2
58,-4207.939,2905.979,132.595,-38.883,0.778678,0.626943,-0.024561,-0.627361,0.777449,-0.044621,-0.008880,0.050154,0.998702,0,0.40000,0.20282,24.000,0.406,-1,375.000,-1,375.000,-1,300.000,300.000,325.000,325.000,-1,0.000,0.000,-1,725.000,675.000,-1,-1,2,0,2,0,2,0,0,0,0,2,1,1,2,0,0,2,2
59,-4185.397,2888.055,131.465,-38.485,0.782895,0.621653,-0.024974,-0.622137,0.781940,-0.038919,-0.004666,0.046007,0.998930,0,0.48000,0.19897,28.800,0.398,-1,375.000,-1,375.000,-1,300.000,300.000,325.000,325.000,-1,0.000,0.000,-1,750.000,700.000,-1,-1,2,0,2,0,2,0,0,0,0,2,1,1,2,0,0,2,2
60,-4158.955,2867.324,131.148,-38.096,0.787051,0.616362,-0.025486,-0.616882,0.786175,-0.037237,-0.002915,0.045029,0.998981,0,0.56000,0.19434,33.600,0.389,-1,375.000,-1,375.000,-1,300.000,300.000,325.000,325.000,-1,0.000,25.000,-1,750.000,700.000,-1,-1,2,0,2,0,2,0,0,0,0,2,1,1,2,0,0,2,2
61,-4128.579,2843.831,131.067,-37.719,0.791071,0.611169,-0.026063,-0.611722,0.790229,-0.036519,-0.001724,0.044833,0.998993,0,0.64000,0.18894,38.400,0.378,-1,375.000,-1,375.000,-1,300.000,300.000,325.000,325.000,-1,50.000,75.000,-1,750.000,700.000,-1,-1,2,0,2,0,2,0,0,0,0,2,1,1,2,0,0,2,2
62,-4094.239,2817.621,131.033,-37.353,0.794923,0.606122,-0.026707,-0.606710,0.794122,-0.035699,-0.000429,0.044581,0.999006,0,0.72000,0.18277,43.200,0.366,-1,400.000,-1,375.000,-1,325.000,300.000,325.000,325.000,-1,75.000,100.000,-1,750.000,700.000,-1,-1,2,0,2,0,2,0,0,0,0,2,1,1,2,0,0,2,2
63,-4057.758,2790.129,131.059,-37.001,0.798596,0.601244,-0.027383,-0.601867,0.797837,-0.034816,0.000915,0.044285,0.999019,0,0.76134,0.17583,45.681,0.352,-1,400.000,-1,375.000,-1,325.000,300.000,325.000,325.000,-1,125.000,150.000,-1,775.000,725.000,-1,-1,2,0,2,0,2,0,0,0,0,2,1,1,2,0,0,2,2
64,-4020.829,2762.639,131.134,-36.664,0.802087,0.596551,-0.027983,-0.597203,0.801374,-0.033890,0.002208,0.043895,0.999034,0,0.76729,0.16850,46.037,0.337,-1,400.000,-1,375.000,-1,325.000,300.000,325.000,325.000,-1,150.000,200.000,-1,775.000,725.000,-1,-1,2,0,2,0,2,0,0,0,0,2,1,1,2,0,0,2,2
65,-3983.458,2735.144,131.214,-36.342,0.805403,0.592052,-0.028287,-0.592718,0.804739,-0.032862,0.003307,0.043233,0.999060,0,0.77327,0.16111,46.396,0.322,-1,400.000,-1,375.000,-1,325.000,325.000,325.000,325.000,-1,200.000,250.000,-1,775.000,725.000,-1,-1,2,0,2,0,2,0,0,0,0,2,1,1,2,0,0,2,2
66,-3945.646,2707.637,131.345,-36.035,0.808543,0.587746,-0.028519,-0.588421,0.807929,-0.031788,0.004358,0.042483,0.999088,0,0.77930,0.15367,46.758,0.307,-1,400.000,-1,375.000,-1,325.000,325.000,325.000,325.000,-1,250.000,275.000,-1,800.000,725.000,-1,-1,2,0,2,0,2,0,0,0,0,2,1,1,2,0,0,2,2
67,-3907.400,2680.110,131.530,-35.743,0.811508,0.583637,-0.028679,-0.584317,0.810947,-0.030651,0.005368,0.041631,0.999119,0,0.78537,0.14616,47.122,0.292,-1,400.000,-1,375.000,-1,325.000,325.000,325.000,325.000,-1,275.000,325.000,-1,800.000,725.000,-1,-1,2,0,2,0,2,0,0,0,0,2,1,1,2,0,0,2,2
68,-3868.722,2652.557,131.773,-35.465,0.814301,0.579730,-0.028768,-0.580409,0.813793,-0.029430,0.006350,0.040662,0.999153,0,0.79148,0.13860,47.489,0.277,-1,400.000,-1,375.000,-1,325.000,325.000,300.000,325.000,-1,325.000,375.000,-1,800.000,750.000,-1,-1,2,0,2,0,2,0,0,0,0,2,1,1,2,0,0,2,2
69,-3829.616,2624.967,132.048,-35.203,0.816923,0.576026,-0.028814,-0.576701,0.816468,-0.028228,0.007265,0.039677,0.999186,0,0.79764,0.13098,47.858,0.262,-1,400.000,-1,400.000,-1,325.000,325.000,300.000,325.000,-1,375.000,425.000,-1,825.000,750.000,-1,-1,2,0,2,0,2,0,0,0,0,2,1,1,2,0,0,2,2
70,-3790.088,2597.332,132.359,-34.957,0.819379,0.572530,-0.028786,-0.573196,0.818972,-0.027039,0.008094,0.038655,0.999220,0,0.80384,0.12330,48.230,0.247,-1,400.000,-1,400.000,-1,325.000,325.000,300.000,325.000,-1,400.000,475.000,-1,825.000,750.000,-1,-1,2,0,2,0,2,0,0,0,0,2,1,1,2,0,0,2,2
71,-3750.140,2569.644,132.709,-34.726,0.821668,0.569244,-0.028673,-0.569898,0.821309,-0.025860,0.008829,0.037589,0.999254,0,0.81009,0.11557,48.605,0.231,-1,400.000,-1,400.000,-1,325.000,325.000,300.000,325.000,-1,450.000,500.000,-1,825.000,750.000,-1,-1,2,0,2,0,2,0,0,0,0,2,1,1,2,0,0,2,2
72,-3709.777,2541.893,132.950,-34.510,0.823804,0.566162,-0.028422,-0.566804,0.823462,-0.025393,0.009028,0.037028,0.999273,0,0.81638,0.10777,48.983,0.216,-1,400.000,-1,400.000,-1,325.000,325.000,300.000,325.000,-1,500.000,550.000,-1,825.000,750.000,-1,-1,2,0,2,0,2,0,0,0,0,2,1,1,2,0,0,2,2
73,-3669.003,2514.068,133.153,-34.310,0.825781,0.563294,-0.028048,-0.563921,0.825441,-0.025310,0.008895,0.036717,0.999286,0,0.82272,0.09991,49.363,0.200,-1,400.000,-1,400.000,-1,325.000,325.000,300.000,300.000,-1,550.000,600.000,-1,825.000,750.000,-1,-1,2,0,2,0,2,0,0,0,0,2,1,1,2,0,0,2,2
74,-3627.823,2486.159,133.402,-34.126,0.827595,0.560648,-0.027576,-0.561258,0.827256,-0.025223,0.008671,0.036352,0.999301,0,0.82910,0.09199,49.746,0.184,-1,400.000,-1,400.000,-1,325.000,325.000,300.000,300.000,-1,600.000,675.000,-1,825.000,750.000,-1,-1,2,0,2,0,2,0,0,0,0,2,1,1,2,0,0,2,2
75,-3586.241,2458.156,133.698,-33.958,0.829248,0.558228,-0.027006,-0.558818,0.828909,-0.025133,0.008356,0.035933,0.999319,0,0.83554,0.08401,50.132,0.168,-1,400.000,-1,400.000,-1,325.000,325.000,300.000,300.000,-1,650.000,725.000,-1,825.000,750.000,-1,-1,2,0,2,0,2,0,0,0,0,2,1,1,2,0,0,2,2
76,-3544.262,2430.046,134.042,-33.806,0.830740,0.556037,-0.026336,-0.556604,0.830401,-0.025039,0.007947,0.035459,0.999340,0,0.84203,0.07597,50.522,0.152,-1,400.000,-1,400.000,-1,325.000,325.000,300.000,300.000,-1,700.000,775.000,-1,825.000,750.000,-1,-1,2,0,2,0,2,0,0,0,0,2,1,1,2,0,0,2,2
77,-3501.890,2401.818,134.433,-33.671,0.832072,0.554079,-0.025564,-0.554618,0.831731,-0.024941,0.007443,0.034931,0.999362,0,0.84856,0.06786,50.914,0.136,-1,400.000,-1,375.000,-1,325.000,325.000,300.000,300.000,-1,750.000,850.000,-1,825.000,750.000,-1,-1,2,0,2,0,2,0,0,0,0,2,1,1,2,0,0,2,2
78,-3459.130,2373.461,134.815,-33.551,0.833239,0.552360,-0.024716,-0.552868,0.832907,-0.024541,0.007031,0.034114,0.999393,0,0.85515,0.05969,51.309,0.119,-1,400.000,-1,375.000,-1,325.000,325.000,300.000,300.000,-1,825.000,900.000,-1,825.000,750.000,-1,-1,2,0,2,0,2,0,0,0,0,2,1,1,2,0,0,2,2
79,-3415.986,2344.960,135.207,-33.448,0.834244,0.550882,-0.023783,-0.551355,0.833927,-0.023948,0.006641,0.033091,0.999430,0,0.86179,0.05146,51.707,0.103,-1,400.000,-1,375.000,-1,325.000,325.000,300.000,300.000,-1,875.000,950.000,-1,825.000,750.000,-1,-1,2,0,2,0,2,0,0,0,0,2,1,1,2,0,0,2,2
80,-3372.464,2316.303,135.634,-33.362,0.835088,0.549646,-0.022732,-0.550081,0.834788,-0.023245,0.006200,0.031916,0.999471,0,0.86848,0.04316,52.109,0.086,-1,400.000,-1,375.000,-1,325.000,325.000,300.000,300.000,-1,925.000,-1,-1,825.000,750.000,-1,-1,2,0,2,0,2,0,0,0,0,2,1,2,2,0,0,2,2
81,-3330.690,2288.636,135.919,-33.516,0.833639,0.551915,-0.020899,-0.552286,0.833358,-0.022237,0.005143,0.030080,0.999534,0,0.83510,-0.07684,50.106,-0.154,-1,400.000,-1,375.000,-1,325.000,325.000,300.000,300.000,-1,1000.000,-1,-1,825.000,750.000,-1,-1,2,0,2,0,2,0,0,0,0,2,1,2,2,0,0,2,2
82,-3288.675,2260.628,136.206,-33.687,0.832006,0.554440,-0.019012,-0.554751,0.831747,-0.021161,0.004081,0.028153,0.999595,0,0.84158,-0.08583,50.495,-0.172,-1,400.000,-1,375.000,-1,325.000,325.000,300.000,300.000,-1,-1,-1,-1,825.000,750.000,-1,-1,2,0,2,0,2,0,0,0,0,2,2,2,2,0,0,2,2
83,-3245.140,2231.368,136.571,-33.905,0.829915,0.557620,-0.017356,-0.557881,0.829678,-0.020092,0.003197,0.026357,0.999647,0,0.87423,-0.10873,52.454,-0.217,-1,400.000,-1,375.000,-1,325.000,325.000,300.000,300.000,-1,-1,-1,-1,825.000,750.000,-1,-1,2,0,2,0,2,0,0,0,0,2,2,2,2,0,0,2,2
84,-3201.377,2201.711,136.952,-34.123,0.827797,0.560802,-0.015933,-0.561022,0.827582,-0.019039,0.002509,0.024699,0.999692,0,0.88109,-0.10917,52.865,-0.218,-1,400.000,-1,400.000,-1,325.000,325.000,300.000,300.000,-1,-1,-1,-1,825.000,750.000,-1,-1,2,0,2,0,2,0,0,0,0,2,2,2,2,0,0,2,2
85,-3157.385,2171.654,137.121,-34.342,0.825646,0.563976,-0.015503,-0.564183,0.825448,-0.018231,0.002515,0.023799,0.999714,0,0.88800,-0.10959,53.280,-0.219,-1,400.000,-1,400.000,-1,325.000,325.000,300.000,325.000,-1,-1,-1,-1,825.000,750.000,-1,-1,2,0,2,0,2,0,0,0,0,2,2,2,2,0,0,2,2
86,-3113.164,2141.191,137.309,-34.562,0.823475,0.567154,-0.015041,-0.567347,0.823296,-0.017344,0.002546,0.022815,0.999736,0,0.89497,-0.10999,53.698,-0.220,-1,400.000,-1,400.000,-1,325.000,325.000,300.000,325.000,-1,-1,-1,-1,825.000,750.000,-1,-1,2,0,2,0,2,0,0,0,0,2,2,2,2,0,0,2,2
87,-3068.714,2110.317,137.458,-34.783,0.821286,0.570332,-0.014526,-0.570512,0.821121,-0.016643,0.002435,0.021956,0.999756,0,0.90200,-0.11036,54.120,-0.221,-1,400.000,-1,400.000,-1,325.000,325.000,300.000,325.000,-1,-1,-1,-1,850.000,750.000,-1,-1,2,0,2,0,2,0,0,0,0,2,2,2,2,0,0,2,2
88,-3024.035,2079.027,137.438,-35.004,0.819085,0.573504,-0.013920,-0.573670,0.818915,-0.016755,0.001790,0.021709,0.999763,0,0.90909,-0.11070,54.545,-0.221,-1,400.000,-1,400.000,-1,325.000,325.000,300.000,300.000,-1,-1,-1,-1,850.000,750.000,-1,-1,2,0,2,0,2,0,0,0,0,2,2,2,2,0,0,2,2
89,-2979.128,2047.318,137.428,-35.226,0.816865,0.576676,-0.013282,-0.576828,0.816692,-0.016827,0.001143,0.021407,0.999770,0,0.91623,-0.11101,54.974,-0.222,-1,400.000,975.000,400.000,-1,325.000,325.000,300.000,300.000,-1,-1,-1,-1,850.000,750.000,-1,-1,2,0,1,0,2,0,0,0,0,2,2,2,2,0,0,2,2
90,-2933.993,2015.183,137.450,-35.449,0.814625,0.579850,-0.012616,-0.579987,0.814453,-0.016753,0.000561,0.020965,0.999780,0,0.92344,-0.11130,55.406,-0.223,-1,400.000,900.000,400.000,-1,325.000,325.000,300.000,300.000,-1,-1,-1,-1,850.000,750.000,-1,-1,2,0,1,0,2,0,0,0,0,2,2,2,2,0,1,2,2
91,-2888.629,1982.619,137.511,-35.672,0.812367,0.583025,-0.011922,-0.583147,0.812199,-0.016501,0.000063,0.020358,0.999793,0,0.93070,-0.11156,55.842,-0.223,-1,400.000,850.000,400.000,-1,325.000,325.000,300.000,300.000,-1,-1,-1,-1,850.000,700.000,-1,950.000,2,0,1,0,2,0,0,0,0,2,2,2,2,1,1,2,1
92,-2843.036,1949.620,137.546,-35.896,0.810090,0.586198,-0.011195,-0.586305,0.809930,-0.016114,-0.000379,0.019618,0.999807,0,0.93802,-0.11179,56.281,-0.224,-1,400.000,800.000,400.000,-1,325.000,325.000,300.000,300.000,-1,-1,-1,-1,775.000,650.000,-1,900.000,2,0,1,0,2,0,0,0,0,2,2,2,2,1,1,2,1
93,-2797.215,1916.183,137.440,-36.120,0.807792,0.589375,-0.010456,-0.589467,0.807653,-0.015005,-0.000399,0.018284,0.999833,0,0.94540,-0.11198,56.724,-0.224,-1,400.000,725.000,400.000,-1,325.000,325.000,300.000,300.000,-1,-1,-1,-1,700.000,625.000,-1,825.000,2,0,1,0,2,1,0,0,0,2,2,2,2,1,1,2,1
94,-2751.166,1882.302,137.354,-36.344,0.805479,0.592546,-0.009664,-0.592624,0.805358,-0.013998,-0.000511,0.017003,0.999855,0,0.95284,-0.11215,57.171,-0.224,-1,425.000,675.000,400.000,-1,325.000,325.000,300.000,300.000,-1,-1,-1,-1,650.000,575.000,-1,750.000,2,1,1,0,2,1,0,0,0,2,2,2,2,1,1,2,1
95,-2704.889,1847.972,137.298,-36.569,0.803155,0.595709,-0.008509,-0.595769,0.803044,-0.013377,-0.001136,0.015814,0.999874,0,0.96034,-0.11229,57.621,-0.225,-1,400.000,625.000,400.000,-1,300.000,300.000,300.000,300.000,-1,-1,-1,-1,575.000,525.000,-1,700.000,2,1,1,1,2,1,1,0,0,2,2,2,2,1,1,2,1
96,-2658.383,1813.189,137.083,-36.793,0.800819,0.598872,-0.006448,-0.598902,0.800723,-0.012584,-0.002373,0.013939,0.999900,0,0.96791,-0.11240,58.074,-0.225,-1,350.000,550.000,350.000,1000.000,275.000,300.000,300.000,300.000,-1,-1,-1,-1,525.000,475.000,900.000,625.000,2,1,1,1,1,1,1,0,0,2,2,2,2,1,1,1,1
97,-2611.649,1777.949,136.854,-37.018,0.798465,0.602027,-0.004220,-0.602030,0.798386,-0.011821,-0.003747,0.011979,0.999921,0,0.97553,-0.11248,58.532,-0.225,-1,325.000,500.000,325.000,900.000,275.000,275.000,300.000,300.000,-1,-1,-1,-1,450.000,425.000,775.000,550.000,2,1,1,1,1,1,1,0,0,2,2,2,2,1,1,1,1
98,-2564.686,1742.246,136.611,-37.243,0.796093,0.605172,-0.001824,-0.605152,0.796033,-0.011090,-0.005260,0.009933,0.999937,0,0.98321,-0.11252,58.993,-0.225,-1,300.000,425.000,275.000,775.000,250.000,250.000,300.000,300.000,-1,-1,-1,-1,400.000,375.000,675.000,475.000,2,1,1,1,1,1,1,0,0,2,2,2,2,1,1,1,1
99,-2517.496,1706.076,136.178,-37.468,0.793705,0.608302,-0.000062,-0.608269,0.793660,-0.010596,-0.006396,0.008448,0.999944,0,0.99096,-0.11254,59.458,-0.225,-1,250.000,375.000,250.000,650.000,200.000,200.000,300.000,300.000,-1,-1,-1,-1,350.000,325.000,550.000,400.000,2,1,1,1,1,1,1,0,0,2,2,2,2,1,1,1,1
100,-2470.076,1669.435,135.630,-37.693,0.791305,0.611421,0.001416,-0.611378,0.791273,-0.010244,-0.007384,0.007241,0.999947,0,0.99877,-0.11251,59.926,-0.225,-1,225.000,300.000,200.000,525.000,175.000,175.000,300.000,300.000,-1,-1,-1,-1,275.000,250.000,450.000,350.000,2,1,1,1,1,1,1,0,0,2,2,2,2,1,1,1,1
101,-2422.743,1632.563,135.067,-37.918,0.788890,0.614527,0.003042,-0.614476,0.788873,-0.009930,-0.008502,0.005964,0.999946,0,1.00000,-0.11246,60.000,-0.225,-1,175.000,250.000,175.000,400.000,150.000,150.000,300.000,300.000,-1,-1,-1,-1,225.000,200.000,350.000,275.000,2,1,1,1,1,1,1,0,0,2,2,2,2,1,1,1,1
102,-2375.555,1595.505,140.955,-38.143,0.786393,0.617617,-0.011599,-0.617641,0.786458,0.001805,0.010237,0.005744,0.999931,0,1.00000,-0.11236,60.000,-0.225,-1,150.000,225.000,150.000,350.000,125.000,125.000,325.000,325.000,-1,800.000,-1,-1,200.000,175.000,325.000,225.000,2,1,1,1,1,1,1,0,0,2,0,2,2,1,1,1,1
103,-2328.511,1558.261,151.963,-38.368,0.783298,0.620703,-0.034230,-0.620037,0.784044,0.028780,0.044702,-0.001319,0.999000,0,1.00000,-0.11223,60.000,-0.224,-1,150.000,200.000,150.000,350.000,125.000,125.000,350.000,375.000,-1,200.000,250.000,-1,200.000,175.000,300.000,225.000,2,1,1,1,1,1,1,0,0,2,0,0,2,1,1,1,1
104,1639.825,4263.556,98.130,122.489,-0.536558,-0.843146,0.034785,0.843632,-0.536921,-0.001288,0.019762,0.028655,0.999394,1,0.00000,0.00000,60.000,-0.224,300.000,200.000,350.000,250.000,-1,175.000,200.000,400.000,275.000,-1,450.000,300.000,-1,250.000,350.000,225.000,775.000,1,1,1,1,2,1,1,0,0,2,0,0,2,1,1,1,1
105,1637.229,4267.594,98.340,122.729,-0.540042,-0.840864,0.036085,0.841387,-0.540432,-0.001264,0.020564,0.029679,0.999348,0,0.08000,0.12000,4.800,0.240,300.000,200.000,350.000,250.000,-1,175.000,200.000,425.000,275.000,-1,450.000,300.000,-1,250.000,350.000,225.000,750.000,1,1,1,1,2,1,1,0,0,2,0,0,2,1,1,1,1
106,1631.981,4275.633,98.804,123.132,-0.545834,-0.836989,0.038914,0.837596,-0.546289,-0.001276,0.022326,0.031898,0.999242,0,0.16000,0.20129,9.600,0.403,300.000,200.000,350.000,250.000,-1,175.000,200.000,425.000,275.000,-1,425.000,275.000,-1,250.000,325.000,225.000,725.000,1,1,1,1,2,1,1,0,0,2,0,0,2,1,1,1,1
107,6231.355,2951.693,102.447,149.043,-0.857619,-0.514286,-0.000189,0.514139,-0.857381,0.023634,-0.012317,0.020172,0.999721,1,0.00000,0.00000,14.400,0.400,-1,400.000,-1,375.000,-1,325.000,325.000,300.000,300.000,-1,-1,-1,-1,750.000,725.000,-1,-1,2,0,2,0,2,0,0,0,0,2,2,2,2,0,0,2,2
108,6227.249,2954.180,102.387,148.803,-0.855457,-0.517874,-0.000213,0.517725,-0.855221,0.023600,-0.012404,0.020079,0.999721,0,0.08000,-0.12000,4.800,-0.240,-1,400.000,-1,375.000,-1,325.000,325.000,300.000,300.000,-1,-1,-1,-1,750.000,725.000,-1,-1,2,0,2,0,2,0,0,0,0,2,2,2,2,0,0,2,2
109,6219.079,2959.221,102.264,148.323,-0.851088,-0.525022,-0.000263,0.524872,-0.850856,0.023530,-0.012577,0.019888,0.999723,0,0.16000,-0.24000,9.600,-0.480,-1,400.000,-1,375.000,-1,325.000,325.000,300.000,300.000,-1,-1,-1,-1,750.000,725.000,-1,-1,2,0,2,0,2,0,0,0,0,2,2,2,2,0,0,2,2
110,6206.920,2966.936,102.075,147.603,-0.844424,-0.535676,-0.000344,0.535522,-0.844196,0.023419,-0.012835,0.019591,0.999726,0,0.24000,-0.36000,14.400,-0.720,-1,400.000,-1,375.000,-1,325.000,325.000,300.000,300.000,-1,-1,-1,-1,750.000,725.000,-1,-1,2,0,2,0,2,0,0,0,0,2,2,2,2,0,0,2,2
111,6190.883,2977.493,101.815,146.643,-0.835330,-0.549749,-0.000464,0.549592,-0.835110,0.023262,-0.013176,0.019177,0.999729,0,0.32000,-0.48000,19.200,-0.960,-1,400.000,-1,375.000,-1,325.000,325.000,300.000,300.000,-1,-1,-1,-1,750.000,725.000,-1,-1,2,0,2,0,2,0,0,0,0,2,2,2,2,0,0,2,2
112,6171.118,2991.107,101.482,145.443,-0.823633,-0.567124,-0.000607,0.566961,-0.823422,0.023060,-0.013578,0.018649,0.999734,0,0.40000,-0.60000,24.000,-1.200,-1,400.000,-1,375.000,-1,325.000,325.000,300.000,300.000,-1,-1,-1,-1,750.000,700.000,-1,-1,2,0,2,0,2,0,0,0,0,2,2,2,2,0,0,2,2
113,6147.817,3008.034,101.159,144.003,-0.809122,-0.587640,-0.000316,0.587480,-0.808914,0.022932,-0.013731,0.018370,0.999737,0,0.48000,-0.72000,28.800,-1.440,-1,400.000,-1,375.000,-1,325.000,325.000,300.000,300.000,-1,-1,-1,-1,750.000,700.000,-1,-1,2,0,2,0,2,0,0,0,0,2,2,2,2,0,0,2,2
114,6121.184,3028.520,100.771,142.433,-0.792717,-0.609590,0.000011,0.609432,-0.792511,0.022767,-0.013870,0.018055,0.999741,0,0.56000,-0.78516,33.600,-1.570,-1,400.000,-1,375.000,-1,325.000,325.000,300.000,300.000,-1,-1,-1,-1,750.000,700.000,-1,-1,2,0,2,0,2,0,0,0,0,2,2,2,2,0,0,2,2
115,6091.400,3052.757,100.313,140.863,-0.775715,-0.631083,0.000362,0.630929,-0.775513,0.022548,-0.013950,0.017719,0.999746,0,0.64000,-0.78516,38.400,-1.570,-1,400.000,-1,375.000,-1,325.000,325.000,300.000,300.000,-1,-1,-1,-1,750.000,700.000,-1,-1,2,0,2,0,2,0,0,0,0,2,2,2,2,0,0,2,2
116,6061.339,3078.621,99.821,139.292,-0.758131,-0.652102,0.000713,0.651952,-0.757933,0.022271,-0.013983,0.017349,0.999752,0,0.66093,-0.78516,39.656,-1.570,-1,400.000,-1,375.000,-1,325.000,325.000,300.000,300.000,-1,-1,-1,-1,750.000,700.000,-1,-1,2,0,2,0,2,0,0,0,0,2,2,2,2,0,0,2,2
117,6031.998,3105.299,99.310,137.722,-0.739977,-0.672632,0.001056,0.672487,-0.739783,0.021946,-0.013980,0.016949,0.999759,0,0.66093,-0.78516,39.656,-1.570,-1,400.000,-1,375.000,-1,325.000,325.000,300.000,300.000,-1,-1,-1,-1,750.000,700.000,-1,-1,2,0,2,0,2,0,0,0,0,2,2,2,2,0,0,2,2
118,6003.399,3132.770,98.779,136.152,-0.721266,-0.692657,0.001386,0.692518,-0.721078,0.021572,-0.013942,0.016519,0.999766,0,0.66093,-0.78516,39.656,-1.570,-1,400.000,-1,375.000,-1,325.000,325.000,300.000,300.000,-1,-1,-1,-1,750.000,700.000,-1,-1,2,0,2,0,2,0,0,0,0,2,2,2,2,0,0,2,2
119,5975.564,3161.016,98.223,134.581,-0.702012,-0.712163,0.001662,0.712029,-0.701831,0.021146,-0.013893,0.016029,0.999775,0,0.66093,-0.78516,39.656,-1.570,-1,400.000,-1,375.000,-1,325.000,325.000,300.000,300.000,-1,-1,-1,-1,750.000,700.000,-1,-1,2,0,2,0,2,0,0,0,0,2,2,2,2,0,0,2,2
120,5948.513,3190.013,97.645,133.011,-0.682231,-0.731134,0.001902,0.731006,-0.682058,0.020674,-0.013818,0.015495,0.999784,0,0.66093,-0.78516,39.656,-1.570,-1,400.000,-1,375.000,-1,325.000,325.000,300.000,300.000,-1,-1,-1,-1,750.000,700.000,-1,-1,2,0,2,0,2,0,0,0,0,2,2,2,2,0,0,2,2
121,5922.267,3219.741,97.168,131.441,-0.661931,-0.749562,0.002014,0.749446,-0.661776,0.019591,-0.013352,0.014477,0.999806,0,0.66093,-0.78516,39.656,-1.570,-1,400.000,-1,375.000,-1,325.000,325.000,300.000,300.000,-1,-1,-1,-1,750.000,700.000,-1,-1,2,0,2,0,2,0,0,0,0,2,2,2,2,0,0,2,2
122,5896.845,3250.177,96.759,129.870,-0.641130,-0.767430,0.001980,0.767329,-0.640999,0.018069,-0.012598,0.013105,0.999835,0,0.66093,-0.78516,39.656,-1.570,-1,400.000,-1,375.000,-1,325.000,325.000,300.000,300.000,-1,-1,-1,-1,750.000,700.000,-1,-1,2,0,2,0,2,0,0,0,0,2,2,2,2,0,0,2,2
123,5872.267,3281.298,96.330,128.300,-0.619846,-0.784721,0.001861,0.784635,-0.619738,0.016526,-0.011815,0.011704,0.999862,0,0.66093,-0.78516,39.656,-1.570,-1,400.000,-1,375.000,-1,325.000,325.000,300.000,300.000,-1,-1,-1,-1,750.000,700.000,-1,-1,2,0,2,0,2,0,0,0,0,2,2,2,2,0,0,2,2
124,5848.551,3313.081,95.881,126.730,-0.598097,-0.801422,0.001653,0.801348,-0.598011,0.014965,-0.011005,0.010276,0.999887,0,0.66093,-0.78516,39.656,-1.570,-1,400.000,-1,375.000,-1,325.000,325.000,300.000,300.000,-1,-1,-1,-1,775.000,700.000,-1,-1,2,0,2,0,2,0,0,0,0,2,2,2,2,0,0,2,2
125,5825.715,3345.502,95.443,125.159,-0.575897,-0.817521,0.001214,0.817458,-0.575833,0.013399,-0.010255,0.008708,0.999909,0,0.66093,-0.78516,39.656,-1.570,-1,400.000,-1,375.000,-1,325.000,325.000,300.000,300.000,-1,875.000,-1,-1,775.000,700.000,-1,-1,2,0,2,0,2,0,0,0,0,2,0,2,2,0,0,2,2
126,5803.776,3378.537,95.036,123.589,-0.553267,-0.833004,0.000712,0.832948,-0.553220,0.012033,-0.009630,0.007251,0.999927,0,0.66093,-0.78516,39.656,-1.570,-1,400.000,-1,375.000,-1,325.000,325.000,300.000,300.000,-1,775.000,900.000,-1,775.000,700.000,-1,-1,2,0,2,0,2,0,0,0,0,2,0,0,2,0,0,2,2
127,5782.751,3412.160,94.705,122.019,-0.530224,-0.847858,0.000287,0.847807,-0.530189,0.011126,-0.009281,0.006142,0.999938,0,0.66093,-0.78516,39.656,-1.570,-1,400.000,-1,375.000,-1,325.000,325.000,300.000,300.000,-1,750.000,875.000,-1,775.000,700.000,-1,-1,2,0,2,0,2,0,0,0,0,2,0,0,2,0,0,2,2
128,5762.655,3446.347,94.366,120.449,-0.506783,-0.862074,-0.000185,0.862027,-0.506758,0.010249,-0.008929,0.005035,0.999947,0,0.66093,-0.78516,39.656,-1.570,-1,400.000,-1,375.000,-1,325.000,325.000,300.000,300.000,-1,725.000,825.000,-1,775.000,725.000,-1,-1,2,0,2,0,2,0,0,0,0,2,0,0,2,0,0,2,2
129,5743.503,3481.072,94.111,118.878,-0.482965,-0.875640,-0.000220,0.875601,-0.482945,0.009323,-0.008270,0.004311,0.999957,0,0.66093,-0.78516,39.656,-1.570,-1,400.000,-1,375.000,-1,325.000,325.000,300.000,300.000,-1,700.000,800.000,-1,775.000,725.000,-1,-1,2,0,2,0,2,0,0,0,0,2,0,0,2,0,0,2,2
130,5725.310,3516.308,93.904,117.308,-0.458785,-0.888547,-0.000018,0.888516,-0.458769,0.008347,-0.007425,0.003814,0.999965,0,0.66093,-0.78516,39.656,-1.570,-1,400.000,-1,375.000,-1,325.000,325.000,300.000,300.000,-1,675.000,775.000,-1,775.000,725.000,-1,-1,2,0,2,0,2,0,0,0,0,2,0,0,2,0,0,2,2
131,5708.089,3552.030,93.684,115.738,-0.434261,-0.900787,0.000103,0.900763,-0.434248,0.007369,-0.006593,0.003293,0.999973,0,0.66093,-0.78516,39.656,-1.570,-1,400.000,-1,375.000,-1,325.000,325.000,300.000,300.000,-1,650.000,725.000,-1,800.000,725.000,-1,-1,2,0,2,0,2,0,0,0,0,2,0,0,2,0,0,2,2
132,5691.854,3588.210,93.452,114.167,-0.409410,-0.912350,0.000146,0.912332,-0.409401,0.006393,-0.005773,0.002751,0.999980,0,0.66093,-0.78516,39.656,-1.570,-1,400.000,-1,375.000,-1,325.000,325.000,300.000,300.000,-1,650.000,725.000,-1,800.000,725.000,-1,-1,2,0,2,0,2,0,0,0,0,2,0,0,2,0,0,2,2
133,5676.616,3624.822,93.202,112.597,-0.384252,-0.923228,0.000094,0.923215,-0.384246,0.005376,-0.004928,0.002152,0.999986,0,0.66093,-0.78516,39.656,-1.570,-1,400.000,-1,375.000,-1,325.000,325.000,300.000,300.000,-1,625.000,700.000,-1,800.000,725.000,-1,-1,2,0,2,0,2,0,0,0,0,2,0,0,2,0,0,2,2
134,5660.491,3666.251,92.899,111.267,-0.362712,-0.931901,-0.000014,0.931893,-0.362709,0.004240,-0.003956,0.001525,0.999991,0,0.74093,-0.66516,44.456,-1.330,-1,400.000,-1,375.000,-1,325.000,325.000,300.000,300.000,-1,625.000,675.000,-1,825.000,725.000,-1,-1,2,0,2,0,2,0,0,0,0,2,0,0,2,0,0,2,2
135,5643.502,3712.484,92.542,110.176,-0.344912,-0.938635,-0.000177,0.938631,-0.344911,0.002997,-0.002874,0.000867,0.999995,0,0.82093,-0.54516,49.256,-1.090,-1,400.000,-1,375.000,-1,325.000,325.000,300.000,300.000,-1,600.000,675.000,-1,825.000,750.000,-1,-1,2,0,2,0,2,0,0,0,0,2,0,0,2,0,0,2,2
136,5625.613,3763.494,92.127,109.326,-0.330943,-0.943651,-0.000397,0.943649,-0.330944,0.001661,-0.001699,0.000175,0.999999,0,0.90093,-0.42516,54.056,-0.850,-1,400.000,-1,375.000,-1,325.000,325.000,300.000,300.000,-1,600.000,675.000,-1,825.000,750.000,-1,-1,2,0,2,0,2,0,0,0,0,2,0,0,2,0,0,2,2
