timestep,x_cm,y_cm,z_cm,yaw_deg,basis_xx,basis_xy,basis_xz,basis_yx,basis_yy,basis_yz,basis_zx,basis_zy,basis_zz,teleport_flag,throttle_cmd,steering_cmd,cmd_move_cm,cmd_turn_deg,lidar_cm_0,lidar_cm_1,lidar_cm_2,lidar_cm_3,lidar_cm_4,lidar_cm_5,lidar_cm_6,lidar_cm_7,lidar_cm_8,lidar_cm_9,lidar_cm_10,lidar_cm_11,lidar_cm_12,lidar_cm_13,lidar_cm_14,lidar_cm_15,lidar_cm_16,lidar_class_0,lidar_class_1,lidar_class_2,lidar_class_3,lidar_class_4,lidar_class_5,lidar_class_6,lidar_class_7,lidar_class_8,lidar_class_9,lidar_class_10,lidar_class_11,lidar_class_12,lidar_class_13,lidar_class_14,lidar_class_15,lidar_class_16
0,8194.442,8200.074,-210.165,168.920,-0.981265,-0.192174,-0.013739,0.192275,-0.981320,-0.006495,-0.012235,-0.009015,0.999885,1,0.08000,-0.12000,4.800,-0.240,-1,400.000,-1,400.000,-1,325.000,325.000,300.000,300.000,-1,450.000,400.000,-1,775.000,750.000,-1,-1,2,0,2,0,2,0,0,0,0,2,1,1,2,0,0,2,2
1,8185.036,8201.998,-210.273,168.440,-0.979619,-0.200388,-0.013841,0.200491,-0.979674,-0.006479,-0.012261,-0.009122,0.999883,0,0.16000,-0.24000,9.600,-0.480,-1,400.000,-1,400.000,-1,325.000,325.000,300.000,300.000,-1,450.000,425.000,-1,775.000,750.000,-1,-1,2,0,2,0,2,0,0,0,0,2,1,1,2,0,0,2,2
2,8170.966,8205.061,-210.433,167.720,-0.977021,-0.212682,-0.013991,0.212787,-0.977077,-0.006452,-0.012298,-0.009280,0.999881,0,0.24000,-0.36000,14.400,-0.720,-1,400.000,-1,400.000,-1,325.000,325.000,300.000,300.000,-1,475.000,425.000,-1,775.000,750.000,-1,-1,2,0,2,0,2,0,0,0,0,2,1,1,2,0,0,2,2
3,8152.276,8209.458,-210.642,166.760,-0.973318,-0.229022,-0.014186,0.229129,-0.973375,-0.006409,-0.012341,-0.009488,0.999879,0,0.32000,-0.48000,19.200,-0.960,-1,400.000,-1,400.000,-1,325.000,325.000,300.000,300.000,-1,500.000,450.000,-1,775.000,750.000,-1,-1,2,0,2,0,2,0,0,0,0,2,1,1,2,0,0,2,2
4,8129.034,8215.443,-210.897,165.560,-0.968304,-0.249356,-0.014422,0.249466,-0.968363,-0.006347,-0.012383,-0.009743,0.999876,0,0.40000,-0.60000,24.000,-1.200,-1,400.000,-1,400.000,-1,325.000,325.000,300.000,300.000,-1,550.000,475.000,-1,775.000,750.000,-1,-1,2,0,2,0,2,0,0,0,0,2,1,1,2,0,0,2,2
5,8103.955,8222.456,-211.168,164.377,-0.962945,-0.269300,-0.014664,0.269412,-0.963004,-0.006273,-0.012432,-0.009991,0.999873,0,0.43402,-0.59165,26.041,-1.183,-1,400.000,-1,400.000,-1,325.000,325.000,300.000,300.000,-1,575.000,525.000,-1,775.000,750.000,-1,-1,2,0,2,0,2,0,0,0,0,2,1,1,2,0,0,2,2
6,8078.544,8230.121,-211.437,163.215,-0.957282,-0.288772,-0.014898,0.288887,-0.957343,-0.006192,-0.012475,-0.010232,0.999870,0,0.44237,-0.58097,26.542,-1.162,-1,400.000,-1,400.000,-1,325.000,325.000,300.000,300.000,-1,625.000,550.000,-1,775.000,750.000,-1,-1,2,0,2,0,2,0,0,0,0,2,1,1,2,0,0,2,2
7,8052.810,8238.446,-211.703,162.074,-0.951342,-0.307765,-0.015124,0.307882,-0.951405,-0.006105,-0.012511,-0.010464,0.999867,0,0.45078,-0.57013,27.047,-1.140,-1,400.000,-1,400.000,-1,325.000,325.000,300.000,300.000,-1,675.000,600.000,-1,775.000,750.000,-1,-1,2,0,2,0,2,0,0,0,0,2,1,1,2,0,0,2,2
8,8026.763,8247.437,-211.968,160.956,-0.945151,-0.326273,-0.015341,0.326393,-0.945215,-0.006012,-0.012539,-0.010690,0.999864,0,0.45925,-0.55913,27.555,-1.118,-1,400.000,-1,400.000,-1,325.000,325.000,300.000,300.000,-1,725.000,625.000,-1,775.000,750.000,-1,-1,2,0,2,0,2,0,0,0,0,2,1,1,2,0,0,2,2
9,8000.412,8257.100,-212.231,159.860,-0.938734,-0.344291,-0.015547,0.344413,-0.938800,-0.005917,-0.012559,-0.010909,0.999862,0,0.46777,-0.54797,28.066,-1.096,-1,400.000,-1,400.000,-1,325.000,325.000,300.000,300.000,-1,775.000,675.000,-1,775.000,750.000,-1,-1,2,0,2,0,2,0,0,0,0,2,1,1,2,0,0,2,2
10,7973.769,8267.442,-212.546,158.787,-0.932119,-0.361814,-0.015657,0.361941,-0.932181,-0.006093,-0.012391,-0.011346,0.999859,0,0.47633,-0.53665,28.580,-1.073,-1,400.000,-1,400.000,-1,325.000,325.000,300.000,300.000,-1,850.000,700.000,-1,775.000,750.000,-1,-1,2,0,2,0,2,0,0,0,0,2,1,1,2,0,0,2,2
11,7943.477,8279.845,-212.920,157.732,-0.925298,-0.378915,-0.015748,0.379047,-0.925355,-0.006399,-0.012148,-0.011891,0.999856,0,0.54555,-0.52753,32.733,-1.055,-1,400.000,-1,400.000,-1,325.000,325.000,300.000,300.000,-1,950.000,750.000,-1,775.000,750.000,-1,-1,2,0,2,0,2,0,0,0,0,2,1,1,2,0,0,2,2
12,7913.113,8292.925,-213.286,156.696,-0.918292,-0.395587,-0.015839,0.395725,-0.918344,-0.006706,-0.011893,-0.012426,0.999852,0,0.55101,-0.51818,33.061,-1.036,-1,400.000,-1,400.000,-1,325.000,325.000,300.000,300.000,-1,-1,800.000,-1,750.000,750.000,-1,-1,2,0,2,0,2,0,0,0,0,2,2,1,2,0,0,2,2
13,7882.690,8306.675,-213.647,155.678,-0.911121,-0.411830,-0.015945,0.411974,-0.911169,-0.007020,-0.011638,-0.012965,0.999848,0,0.55644,-0.50875,33.386,-1.017,-1,400.000,-1,400.000,-1,325.000,325.000,300.000,300.000,-1,-1,850.000,-1,750.000,750.000,-1,-1,2,0,2,0,2,0,0,0,0,2,2,1,2,0,0,2,2
14,7852.219,8321.092,-213.994,154.680,-0.903806,-0.427642,-0.016015,0.427792,-0.903848,-0.007316,-0.011346,-0.013463,0.999845,0,0.56183,-0.49925,33.710,-0.998,-1,400.000,-1,400.000,-1,325.000,325.000,300.000,300.000,-1,-1,900.000,-1,750.000,750.000,-1,-1,2,0,2,0,2,0,0,0,0,2,2,1,2,0,0,2,2
15,7821.711,8336.170,-214.329,153.700,-0.896365,-0.443025,-0.016068,0.443179,-0.896401,-0.007606,-0.011033,-0.013939,0.999842,0,0.56718,-0.48966,34.031,-0.979,-1,400.000,-1,400.000,-1,325.000,325.000,300.000,300.000,-1,-1,975.000,-1,750.000,750.000,-1,-1,2,0,2,0,2,0,0,0,0,2,2,1,2,0,0,2,2
16,7791.175,8351.903,-214.668,152.740,-0.888818,-0.457979,-0.016060,0.458136,-0.888847,-0.007873,-0.010670,-0.014355,0.999840,0,0.57250,-0.48000,34.350,-0.960,-1,400.000,-1,400.000,-1,325.000,325.000,300.000,300.000,-1,-1,-1,-1,750.000,750.000,-1,-1,2,0,2,0,2,0,0,0,0,2,2,2,2,0,0,2,2
17,7760.623,8368.286,-215.018,151.800,-0.881184,-0.472504,-0.015963,0.472663,-0.881206,-0.008106,-0.010237,-0.014688,0.999840,0,0.57779,-0.47025,34.667,-0.941,-1,400.000,-1,400.000,-1,325.000,325.000,300.000,300.000,-1,-1,-1,-1,750.000,750.000,-1,-1,2,0,2,0,2,0,0,0,0,2,2,2,2,0,0,2,2
18,7726.071,8387.360,-215.402,151.099,-0.875344,-0.483240,-0.015850,0.483400,-0.875359,-0.008384,-0.009823,-0.015001,0.999839,0,0.65779,-0.35025,39.467,-0.701,-1,400.000,-1,400.000,-1,325.000,325.000,300.000,300.000,-1,-1,-1,-1,750.000,750.000,-1,-1,2,0,2,0,2,0,0,0,0,2,2,2,2,0,0,2,2
19,7689.014,8408.208,-215.815,150.639,-0.871435,-0.490258,-0.015738,0.490419,-0.871444,-0.008635,-0.009481,-0.015243,0.999839,0,0.70865,-0.23025,42.519,-0.461,-1,400.000,-1,400.000,-1,325.000,325.000,300.000,300.000,-1,-1,-1,-1,750.000,750.000,-1,-1,2,0,2,0,2,0,0,0,0,2,2,2,2,0,0,2,2
20,7651.761,8429.355,-216.234,150.418,-0.869544,-0.493607,-0.015639,0.493768,-0.869549,-0.008831,-0.009240,-0.015401,0.999839,0,0.71394,-0.11025,42.837,-0.221,-1,400.000,-1,400.000,-1,325.000,325.000,300.000,300.000,-1,-1,-1,-1,750.000,750.000,-1,-1,2,0,2,0,2,0,0,0,0,2,2,2,2,0,0,2,2
21,7614.235,8450.639,-216.650,150.438,-0.869715,-0.493310,-0.015545,0.493472,-0.869715,-0.009031,-0.009065,-0.015526,0.999838,0,0.71903,0.00975,43.142,0.019,-1,400.000,-1,400.000,-1,325.000,325.000,300.000,300.000,-1,-1,-1,-1,750.000,725.000,-1,-1,2,0,2,0,2,0,0,0,0,2,2,2,2,0,0,2,2
22,7576.354,8471.900,-217.063,150.697,-0.871942,-0.489365,-0.015460,0.489528,-0.871939,-0.009236,-0.008960,-0.015621,0.999838,0,0.72400,0.12975,43.440,0.259,-1,400.000,-1,400.000,-1,325.000,325.000,300.000,300.000,-1,-1,-1,-1,750.000,725.000,-1,-1,2,0,2,0,2,0,0,0,0,2,2,2,2,0,0,2,2
23,7538.096,8493.094,-217.470,151.014,-0.874635,-0.484538,-0.015380,0.484701,-0.874629,-0.009471,-0.008863,-0.015738,0.999837,0,0.72894,0.15834,43.736,0.317,-1,400.000,-1,400.000,-1,325.000,325.000,300.000,300.000,-1,-1,-1,-1,750.000,725.000,-1,-1,2,0,2,0,2,0,0,0,0,2,2,2,2,0,0,2,2
24,7499.435,8514.210,-217.867,151.357,-0.877527,-0.479283,-0.015305,0.479447,-0.877517,-0.009746,-0.008760,-0.015890,0.999835,0,0.73419,0.17180,44.051,0.344,-1,400.000,-1,400.000,-1,325.000,325.000,300.000,300.000,-1,-1,-1,-1,750.000,725.000,-1,-1,2,0,2,0,2,0,0,0,0,2,2,2,2,0,0,2,2
25,7460.342,8535.234,-218.260,151.729,-0.880616,-0.473586,-0.015238,0.473752,-0.880601,-0.010042,-0.008663,-0.016062,0.999833,0,0.73980,0.18561,44.388,0.371,-1,400.000,-1,400.000,-1,325.000,325.000,300.000,300.000,-1,-1,-1,-1,750.000,725.000,-1,-1,2,0,2,0,2,0,0,0,0,2,2,2,2,0,0,2,2
26,7420.785,8556.154,-218.649,152.128,-0.883898,-0.467433,-0.015179,0.467600,-0.883879,-0.010359,-0.008574,-0.016254,0.999831,0,0.74580,0.19977,44.748,0.400,-1,400.000,-1,400.000,-1,325.000,325.000,300.000,300.000,-1,-1,-1,-1,750.000,725.000,-1,-1,2,0,2,0,2,0,0,0,0,2,2,2,2,0,0,2,2
27,7380.732,8576.954,-219.035,152.557,-0.887372,-0.460806,-0.015127,0.460976,-0.887348,-0.010698,-0.008493,-0.016467,0.999828,0,0.75220,0.21430,45.132,0.429,-1,400.000,-1,400.000,-1,325.000,325.000,300.000,300.000,-1,-1,-1,-1,750.000,725.000,-1,-1,2,0,2,0,2,0,0,0,0,2,2,2,2,0,0,2,2
28,7340.149,8597.618,-219.414,153.015,-0.891032,-0.453691,-0.015086,0.453863,-0.891003,-0.011042,-0.008432,-0.016686,0.999825,0,0.75902,0.22920,45.541,0.458,-1,400.000,-1,375.000,-1,325.000,325.000,300.000,300.000,-1,-1,-1,-1,750.000,725.000,-1,-1,2,0,2,0,2,0,0,0,0,2,2,2,2,0,0,2,2
29,7299.066,8618.101,-219.786,153.500,-0.894843,-0.446128,-0.015057,0.446303,-0.894810,-0.011387,-0.008393,-0.016910,0.999822,0,0.76510,0.24260,45.906,0.485,-1,400.000,-1,375.000,-1,325.000,325.000,300.000,300.000,-1,-1,-1,-1,750.000,725.000,-1,-1,2,0,2,0,2,0,0,0,0,2,2,2,2,0,0,2,2
30,7257.787,8638.240,-220.118,153.994,-0.898654,-0.438406,-0.014872,0.438581,-0.898616,-0.011673,-0.008247,-0.017012,0.999821,0,0.76549,0.24664,45.929,0.493,-1,400.000,-1,400.000,-1,325.000,325.000,300.000,300.000,-1,-1,-1,-1,750.000,725.000,-1,-1,2,0,2,0,2,0,0,0,0,2,2,2,2,0,0,2,2
31,7216.296,8658.034,-220.446,154.495,-0.902461,-0.430519,-0.014707,0.430694,-0.902418,-0.011978,-0.008115,-0.017144,0.999820,0,0.76618,0.25087,45.971,0.502,-1,400.000,-1,400.000,-1,325.000,325.000,300.000,300.000,-1,-1,-1,-1,750.000,725.000,-1,-1,2,0,2,0,2,0,0,0,0,2,2,2,2,0,0,2,2
32,7174.576,8677.483,-220.771,155.006,-0.906265,-0.422460,-0.014561,0.422635,-0.906217,-0.012304,-0.007998,-0.017305,0.999818,0,0.76718,0.25529,46.031,0.511,-1,400.000,-1,400.000,-1,325.000,325.000,300.000,300.000,-1,-1,-1,-1,750.000,725.000,-1,-1,2,0,2,0,2,0,0,0,0,2,2,2,2,0,0,2,2
33,7132.611,8696.585,-221.108,155.526,-0.910063,-0.414221,-0.014376,0.414396,-0.910009,-0.012622,-0.007855,-0.017444,0.999817,0,0.76846,0.25987,46.108,0.520,-1,400.000,-1,400.000,-1,325.000,325.000,300.000,300.000,-1,-1,-1,-1,750.000,750.000,-1,-1,2,0,2,0,2,0,0,0,0,2,2,2,2,0,0,2,2
34,7090.384,8715.336,-221.465,156.055,-0.913854,-0.405797,-0.014121,0.405970,-0.913795,-0.012913,-0.007664,-0.017533,0.999817,0,0.77005,0.26463,46.203,0.529,-1,400.000,-1,400.000,-1,325.000,325.000,300.000,300.000,-1,-1,-1,-1,750.000,750.000,-1,-1,2,0,2,0,2,0,0,0,0,2,2,2,2,0,0,2,2
35,7047.881,8733.735,-221.828,156.594,-0.917636,-0.397180,-0.013879,0.397352,-0.917572,-0.013194,-0.007494,-0.017622,0.999817,0,0.77191,0.26956,46.315,0.539,-1,400.000,-1,400.000,-1,325.000,325.000,300.000,300.000,-1,-1,-1,-1,750.000,750.000,-1,-1,2,0,2,0,2,0,0,0,0,2,2,2,2,0,0,2,2
36,7005.084,8751.774,-222.194,157.143,-0.921405,-0.388364,-0.013647,0.388535,-0.921336,-0.013474,-0.007341,-0.017718,0.999816,0,0.77407,0.27465,46.444,0.549,-1,400.000,-1,400.000,-1,325.000,325.000,300.000,300.000,-1,-1,-1,-1,750.000,750.000,-1,-1,2,0,2,0,2,0,0,0,0,2,2,2,2,0,0,2,2
37,6961.977,8769.451,-222.556,157.703,-0.925158,-0.379344,-0.013466,0.379514,-0.925084,-0.013779,-0.007230,-0.017858,0.999814,0,0.77649,0.27989,46.590,0.560,-1,400.000,-1,400.000,-1,325.000,325.000,300.000,300.000,-1,-1,-1,-1,750.000,750.000,-1,-1,2,0,2,0,2,0,0,0,0,2,2,2,2,0,0,2,2
38,6918.547,8786.757,-222.918,158.274,-0.928892,-0.370111,-0.013308,0.370282,-0.928813,-0.014094,-0.007145,-0.018020,0.999812,0,0.77919,0.28530,46.751,0.571,-1,400.000,-1,400.000,-1,325.000,325.000,300.000,300.000,-1,-1,-1,-1,750.000,725.000,-1,-1,2,0,2,0,2,0,0,0,0,2,2,2,2,0,0,2,2
39,6874.777,8803.685,-223.282,158.856,-0.932604,-0.360661,-0.013170,0.360832,-0.932519,-0.014419,-0.007081,-0.018199,0.999809,0,0.78215,0.29085,46.929,0.582,-1,400.000,-1,400.000,-1,325.000,325.000,300.000,300.000,-1,-1,-1,-1,725.000,725.000,-1,-1,2,0,2,0,2,0,0,0,0,2,2,2,2,0,0,2,2
40,6830.654,8820.227,-223.649,159.449,-0.936289,-0.350988,-0.013050,0.351160,-0.936199,-0.014753,-0.007039,-0.018395,0.999806,0,0.78537,0.29656,47.122,0.593,-1,400.000,-1,400.000,-1,325.000,325.000,300.000,300.000,-1,-1,-1,-1,725.000,725.000,-1,-1,2,0,2,0,2,0,0,0,0,2,2,2,2,0,0,2,2
41,6786.162,8836.374,-224.019,160.053,-0.939943,-0.341084,-0.012947,0.341258,-0.939848,-0.015096,-0.007019,-0.018608,0.999802,0,0.78885,0.30241,47.331,0.605,-1,400.000,-1,400.000,-1,325.000,325.000,300.000,300.000,-1,-1,-1,-1,725.000,725.000,-1,-1,2,0,2,0,2,0,0,0,0,2,2,2,2,0,0,2,2
42,6736.902,8853.433,-224.431,160.898,-0.944872,-0.327189,-0.012848,0.327364,-0.944771,-0.015474,-0.007075,-0.018827,0.999798,0,0.86885,0.42241,52.131,0.845,-1,400.000,-1,400.000,-1,325.000,325.000,300.000,300.000,-1,-1,-1,-1,725.000,725.000,-1,-1,2,0,2,0,2,0,0,0,0,2,2,2,2,0,0,2,2
43,6682.934,8870.986,-224.887,161.983,-0.950898,-0.309242,-0.012755,0.309421,-0.950793,-0.015885,-0.007215,-0.019051,0.999792,0,0.94585,0.54241,56.751,1.085,-1,375.000,-1,375.000,-1,325.000,325.000,300.000,300.000,-1,-1,-1,-1,725.000,725.000,-1,-1,2,0,2,0,2,0,0,0,0,2,2,2,2,0,0,2,2
44,6628.638,8887.496,-225.325,163.087,-0.956678,-0.290869,-0.012730,0.291052,-0.956571,-0.016170,-0.007474,-0.019174,0.999788,0,0.94585,0.55186,56.751,1.104,-1,375.000,-1,375.000,-1,325.000,325.000,300.000,300.000,-1,-1,-1,-1,725.000,725.000,-1,-1,2,0,2,0,2,0,0,0,0,2,2,2,2,0,0,2,2
45,6574.033,8902.958,-225.622,164.191,-0.962110,-0.272392,-0.012153,0.272564,-0.962005,-0.015982,-0.007337,-0.018689,0.999798,0,0.94585,0.55186,56.751,1.104,-1,375.000,-1,375.000,-1,325.000,325.000,300.000,300.000,-1,-1,-1,-1,725.000,725.000,-1,-1,2,0,2,0,2,0,0,0,0,2,2,2,2,0,0,2,2
46,6519.141,8917.364,-225.908,165.294,-0.967185,-0.253814,-0.011499,0.253974,-0.967083,-0.015717,-0.007131,-0.018122,0.999810,0,0.94585,0.55186,56.751,1.104,-1,375.000,-1,375.000,-1,325.000,325.000,300.000,300.000,-1,-1,-1,-1,725.000,725.000,-1,-1,2,0,2,0,2,0,0,0,0,2,2,2,2,0,0,2,2
47,6463.982,8930.711,-226.159,166.398,-0.971902,-0.235140,-0.010734,0.235288,-0.971799,-0.015672,-0.006747,-0.017758,0.999820,0,0.94585,0.55186,56.751,1.104,-1,375.000,-1,375.000,-1,325.000,325.000,300.000,300.000,-1,-1,-1,-1,725.000,725.000,-1,-1,2,0,2,0,2,0,0,0,0,2,2,2,2,0,0,2,2
48,6408.576,8942.992,-226.350,167.502,-0.976261,-0.216377,-0.009813,0.216513,-0.976150,-0.015933,-0.006131,-0.017679,0.999825,0,0.94585,0.55186,56.751,1.104,-1,375.000,-1,375.000,-1,325.000,325.000,300.000,300.000,-1,-1,-1,-1,725.000,725.000,-1,-1,2,0,2,0,2,0,0,0,0,2,2,2,2,0,0,2,2
49,6352.944,8954.204,-226.562,168.605,-0.980256,-0.197534,-0.008888,0.197657,-0.980138,-0.016153,-0.005520,-0.017591,0.999830,0,0.94585,0.55186,56.751,1.104,-1,375.000,-1,375.000,-1,325.000,325.000,300.000,300.000,-1,-1,-1,-1,725.000,725.000,-1,-1,2,0,2,0,2,0,0,0,0,2,2,2,2,0,0,2,2
50,6297.106,8964.343,-226.793,169.709,-0.983886,-0.178618,-0.007959,0.178728,-0.983763,-0.016333,-0.004912,-0.017492,0.999835,0,0.94585,0.55186,56.751,1.104,-1,400.000,-1,400.000,-1,325.000,325.000,300.000,300.000,-1,-1,-1,-1,725.000,725.000,-1,-1,2,0,2,0,2,0,0,0,0,2,2,2,2,0,0,2,2
51,6241.083,8973.404,-227.042,170.813,-0.987151,-0.159636,-0.007026,0.159732,-0.987023,-0.016471,-0.004305,-0.017382,0.999840,0,0.94585,0.55186,56.751,1.104,-1,400.000,-1,400.000,-1,325.000,325.000,300.000,300.000,-1,-1,-1,-1,700.000,725.000,-1,-1,2,0,2,0,2,0,0,0,0,2,2,2,2,0,0,2,2
52,6184.896,8981.384,-227.310,171.917,-0.990049,-0.140594,-0.006087,0.140677,-0.989917,-0.016567,-0.003696,-0.017258,0.999844,0,0.94585,0.55186,56.751,1.104,-1,375.000,-1,400.000,-1,325.000,325.000,300.000,300.000,-1,-1,-1,-1,700.000,725.000,-1,-1,2,0,2,0,2,0,0,0,0,2,2,2,2,0,0,2,2
53,6128.565,8988.280,-227.594,173.020,-0.992578,-0.121500,-0.005141,0.121570,-0.992444,-0.016619,-0.003083,-0.017121,0.999849,0,0.94585,0.55186,56.751,1.104,-1,375.000,-1,400.000,-1,325.000,325.000,300.000,300.000,-1,-1,-1,-1,700.000,750.000,-1,-1,2,0,2,0,2,0,0,0,0,2,2,2,2,0,0,2,2
54,6072.113,8994.090,-227.895,174.124,-0.994739,-0.102361,-0.004189,0.102417,-0.994603,-0.016628,-0.002464,-0.016969,0.999853,0,0.94585,0.55186,56.751,1.104,-1,375.000,-1,400.000,-1,325.000,325.000,300.000,300.000,-1,-1,-1,-1,700.000,750.000,-1,-1,2,0,2,0,2,0,0,0,0,2,2,2,2,0,0,2,2
55,6015.558,8998.812,-228.212,175.228,-0.996529,-0.083184,-0.003229,0.083226,-0.996393,-0.016590,-0.001837,-0.016801,0.999857,0,0.94585,0.55186,56.751,1.104,-1,375.000,-1,400.000,-1,325.000,325.000,300.000,300.000,-1,-1,-1,-1,700.000,750.000,-1,-1,2,0,2,0,2,0,0,0,0,2,2,2,2,0,0,2,2
56,5962.636,9001.982,-228.522,176.571,-0.998208,-0.059795,-0.002312,0.059825,-0.998073,-0.016480,-0.001322,-0.016589,0.999862,0,0.88362,0.67186,53.017,1.344,-1,375.000,-1,375.000,-1,325.000,325.000,300.000,300.000,-1,975.000,1000.000,-1,700.000,750.000,-1,-1,2,0,2,0,2,0,0,0,0,2,0,0,2,0,0,2,2
57,5909.646,9003.689,-228.814,178.155,-0.999481,-0.032188,-0.001482,0.032208,-0.999351,-0.016143,-0.000961,-0.016182,0.999869,0,0.88362,0.79186,53.017,1.584,-1,375.000,-1,375.000,-1,325.000,325.000,300.000,300.000,-1,950.000,950.000,-1,700.000,725.000,-1,-1,2,0,2,0,2,0,0,0,0,2,0,0,2,0,0,2,2
58,5856.629,9003.709,-228.636,179.979,-1.000000,-0.000368,-0.000540,0.000376,-0.999878,-0.015589,-0.000534,-0.015589,0.999878,0,0.88362,0.91186,53.017,1.824,-1,375.000,-1,375.000,-1,325.000,325.000,300.000,300.000,-1,925.000,925.000,-1,700.000,725.000,-1,-1,2,0,2,0,2,0,0,0,0,2,0,0,2,0,0,2,2
59,5803.644,9001.878,-228.420,181.979,-0.999404,0.034528,0.000523,-0.034532,-0.999288,-0.015178,-0.000001,-0.015187,0.999885,0,0.88362,1.00000,53.017,2.000,-1,375.000,-1,375.000,-1,325.000,325.000,300.000,300.000,-1,900.000,900.000,-1,700.000,725.000,-1,-1,2,0,2,0,2,0,0,0,0,2,0,0,2,0,0,2,2
60,5750.754,8998.199,-228.226,183.979,-0.997589,0.069382,0.001598,-0.069398,-0.997481,-0.014677,0.000576,-0.014753,0.999891,0,0.88362,1.00000,53.017,2.000,-1,375.000,-1,400.000,-1,325.000,325.000,300.000,300.000,-1,875.000,850.000,-1,700.000,725.000,-1,-1,2,0,2,0,2,0,0,0,0,2,0,0,2,0,0,2,2
61,5698.025,8992.677,-228.051,185.979,-0.994558,0.104152,0.002680,-0.104179,-0.994459,-0.014088,0.001198,-0.014291,0.999897,0,0.88362,1.00000,53.017,2.000,-1,375.000,-1,400.000,-1,325.000,325.000,300.000,300.000,-1,850.000,825.000,-1,700.000,725.000,-1,-1,2,0,2,0,2,0,0,0,0,2,0,0,2,0,0,2,2
62,5645.521,8985.318,-227.894,187.979,-0.990314,0.138795,0.003764,-0.138834,-0.990225,-0.013415,0.001865,-0.013808,0.999903,0,0.88362,1.00000,53.017,2.000,-1,375.000,-1,400.000,-1,325.000,325.000,300.000,300.000,-1,800.000,800.000,-1,700.000,725.000,-1,-1,2,0,2,0,2,0,0,0,0,2,0,0,2,0,0,2,2
63,5593.306,8976.131,-227.752,189.979,-0.984862,0.173270,0.004846,-0.173319,-0.984784,-0.012660,0.002578,-0.013308,0.999908,0,0.88362,1.00000,53.017,2.000,-1,375.000,-1,400.000,-1,325.000,325.000,300.000,300.000,-1,775.000,750.000,-1,700.000,725.000,-1,-1,2,0,2,0,2,0,0,0,0,2,0,0,2,0,0,2,2
64,5541.443,8965.127,-227.622,191.979,-0.978210,0.207535,0.005922,-0.207592,-0.978144,-0.011827,0.003338,-0.012799,0.999913,0,0.88362,1.00000,53.017,2.000,-1,375.000,-1,400.000,-1,325.000,325.000,300.000,300.000,-1,750.000,725.000,-1,700.000,725.000,-1,-1,2,0,2,0,2,0,0,0,0,2,0,0,2,0,0,2,2
65,5489.996,8952.320,-227.502,193.979,-0.970364,0.241546,0.006988,-0.241612,-0.970311,-0.010920,0.004143,-0.012284,0.999916,0,0.88362,1.00000,53.017,2.000,-1,375.000,-1,375.000,-1,325.000,325.000,300.000,300.000,-1,750.000,725.000,-1,700.000,725.000,-1,-1,2,0,2,0,2,0,0,0,0,2,0,0,2,0,0,2,2
66,5439.028,8937.726,-227.390,195.979,-0.961335,0.275264,0.008041,-0.275337,-0.961297,-0.009940,0.004994,-0.011770,0.999918,0,0.88362,1.00000,53.017,2.000,-1,375.000,-1,375.000,-1,325.000,325.000,300.000,300.000,-1,725.000,700.000,-1,700.000,725.000,-1,-1,2,0,2,0,2,0,0,0,0,2,0,0,2,0,0,2,2
67,5388.599,8921.361,-227.284,197.979,-0.951133,0.308647,0.009077,-0.308725,-0.951110,-0.008892,0.005888,-0.011259,0.999919,0,0.88362,1.00000,53.017,2.000,-1,375.000,-1,375.000,-1,325.000,325.000,300.000,300.000,-1,700.000,675.000,-1,700.000,725.000,-1,-1,2,0,2,0,2,0,0,0,0,2,0,0,2,0,0,2,2
68,5338.772,8903.246,-227.128,199.979,-0.939773,0.341654,0.010009,-0.341735,-0.939762,-0.008021,0.006666,-0.010958,0.999918,0,0.88362,1.00000,53.017,2.000,-1,375.000,-1,375.000,-1,325.000,325.000,300.000,300.000,-1,700.000,675.000,-1,700.000,700.000,-1,-1,2,0,2,0,2,0,0,0,0,2,0,0,2,0,0,2,2
69,5289.608,8883.404,-226.782,201.979,-0.927265,0.374241,0.011082,-0.374333,-0.927262,-0.007793,0.007360,-0.011374,0.999908,0,0.88362,1.00000,53.017,2.000,-1,375.000,-1,375.000,-1,300.000,325.000,300.000,300.000,-1,700.000,650.000,-1,700.000,700.000,-1,-1,2,0,2,0,2,0,0,0,0,2,0,0,2,0,0,2,2
70,5241.167,8861.858,-226.342,203.979,-0.913622,0.406370,0.012584,-0.406479,-0.913628,-0.007714,0.008362,-0.012163,0.999891,0,0.88362,1.00000,53.017,2.000,-1,375.000,-1,375.000,-1,300.000,325.000,300.000,300.000,-1,650.000,625.000,-1,700.000,700.000,-1,-1,2,0,2,0,2,0,0,0,0,2,0,0,2,0,0,2,2
71,5193.507,8838.634,-225.901,205.979,-0.898862,0.438003,0.014115,-0.438130,-0.898880,-0.007549,0.009381,-0.012969,0.999872,0,0.88362,1.00000,53.017,2.000,-1,375.000,-1,375.000,-1,300.000,325.000,300.000,300.000,-1,625.000,600.000,-1,700.000,725.000,-1,-1,2,0,2,0,2,0,0,0,0,2,0,0,2,0,0,2,2
72,5146.686,8813.761,-225.395,207.979,-0.883009,0.469103,0.015372,-0.469244,-0.883039,-0.007169,0.010211,-0.013544,0.999856,0,0.88362,1.00000,53.017,2.000,-1,375.000,-1,375.000,-1,300.000,325.000,300.000,300.000,-1,625.000,600.000,-1,725.000,725.000,-1,-1,2,0,2,0,2,0,0,0,0,2,0,0,2,0,0,2,2
73,5100.762,8787.269,-224.795,209.979,-0.866083,0.499633,0.016332,-0.499782,-0.866126,-0.006610,0.010843,-0.013887,0.999845,0,0.88362,1.00000,53.017,2.000,-1,375.000,-1,375.000,-1,325.000,325.000,300.000,300.000,-1,625.000,625.000,-1,725.000,725.000,-1,-1,2,0,2,0,2,0,0,0,0,2,0,0,2,0,0,2,2
74,5055.791,8759.191,-224.181,211.979,-0.848100,0.529553,0.017342,-0.529712,-0.848156,-0.006034,0.011513,-0.014304,0.999831,0,0.88362,1.00000,53.017,2.000,-1,375.000,-1,375.000,-1,325.000,325.000,300.000,300.000,-1,625.000,625.000,-1,725.000,725.000,-1,-1,2,0,2,0,2,0,0,0,0,2,0,0,2,0,0,2,2
75,5011.826,8729.560,-223.509,213.979,-0.829080,0.558829,0.018333,-0.558993,-0.829157,-0.005070,0.012368,-0.014452,0.999819,0,0.88362,1.00000,53.017,2.000,-1,375.000,-1,375.000,-1,325.000,325.000,300.000,300.000,-1,625.000,625.000,-1,725.000,725.000,-1,-1,2,0,2,0,2,0,0,0,0,2,0,0,2,0,0,2,2
76,4968.923,8698.413,-222.839,215.979,-0.809050,0.587425,0.019252,-0.587592,-0.809147,-0.004042,0.013203,-0.014583,0.999806,0,0.88362,1.00000,53.017,2.000,-1,375.000,-1,375.000,-1,325.000,325.000,300.000,300.000,-1,625.000,650.000,-1,725.000,725.000,-1,-1,2,0,2,0,2,0,0,0,0,2,0,0,2,0,0,2,2
77,4927.133,8665.788,-222.178,217.979,-0.788033,0.615305,0.020091,-0.615474,-0.788152,-0.003009,0.013984,-0.014737,0.999794,0,0.88362,1.00000,53.017,2.000,-1,375.000,-1,375.000,-1,325.000,325.000,300.000,300.000,-1,650.000,650.000,-1,750.000,725.000,-1,-1,2,0,2,0,2,0,0,0,0,2,0,0,2,0,0,2,2
78,4886.507,8631.724,-221.527,219.979,-0.766057,0.642434,0.020853,-0.642604,-0.766196,-0.001979,0.014705,-0.014916,0.999781,0,0.88362,1.00000,53.017,2.000,-1,400.000,-1,375.000,-1,325.000,325.000,300.000,300.000,-1,650.000,675.000,-1,750.000,725.000,-1,-1,2,0,2,0,2,0,0,0,0,2,0,0,2,0,0,2,2
79,4847.094,8596.263,-220.875,221.979,-0.743148,0.668781,0.021533,-0.668950,-0.743307,-0.000905,0.015400,-0.015077,0.999768,0,0.88362,1.00000,53.017,2.000,-1,400.000,-1,375.000,-1,325.000,325.000,300.000,300.000,-1,650.000,675.000,-1,750.000,725.000,-1,-1,2,0,2,0,2,0,0,0,0,2,0,0,2,0,0,2,2
80,4808.943,8559.448,-220.064,223.979,-0.719337,0.694306,0.022205,-0.694487,-0.719505,-0.000597,0.015562,-0.015850,0.999753,0,0.88362,1.00000,53.017,2.000,-1,400.000,-1,375.000,-1,325.000,325.000,300.000,300.000,-1,700.000,675.000,-1,750.000,750.000,-1,-1,2,0,2,0,2,0,0,0,0,2,0,0,2,0,0,2,2
81,4772.101,8521.324,-219.267,225.979,-0.694651,0.718984,0.022857,-0.719177,-0.694826,-0.000350,0.015630,-0.016681,0.999739,0,0.88362,1.00000,53.017,2.000,-1,400.000,-1,375.000,-1,325.000,325.000,300.000,300.000,-1,700.000,725.000,-1,775.000,750.000,-1,-1,2,0,2,0,2,0,0,0,0,2,0,0,2,0,0,2,2
82,4736.611,8481.938,-218.489,227.979,-0.669119,0.742784,0.023493,-0.742991,-0.669301,-0.000142,0.015618,-0.017550,0.999724,0,0.88362,1.00000,53.017,2.000,-1,400.000,-1,400.000,-1,325.000,325.000,300.000,300.000,-1,725.000,750.000,-1,775.000,750.000,-1,-1,2,0,2,0,2,0,0,0,0,2,0,0,2,0,0,2,2
83,4702.517,8441.336,-217.721,229.979,-0.642773,0.765677,0.024125,-0.765900,-0.642960,-0.000018,0.015498,-0.018489,0.999709,0,0.88362,1.00000,53.017,2.000,-1,400.000,-1,400.000,-1,325.000,325.000,300.000,300.000,-1,750.000,775.000,-1,775.000,750.000,-1,-1,2,0,2,0,2,0,0,0,0,2,0,0,2,0,0,2,2
84,4672.659,8403.476,-217.020,231.739,-0.618940,0.785049,0.024715,-0.785289,-0.619129,-0.000017,0.015288,-0.019419,0.999695,0,0.80362,0.88000,48.217,1.760,-1,400.000,-1,400.000,-1,325.000,325.000,300.000,300.000,-1,775.000,825.000,-1,775.000,775.000,-1,-1,2,0,2,0,2,0,0,0,0,2,0,0,2,0,0,2,2
85,4646.687,8368.684,-216.404,233.259,-0.597887,0.801183,0.025255,-0.801438,-0.598077,-0.000009,0.015097,-0.020246,0.999681,0,0.72362,0.76000,43.417,1.520,-1,400.000,-1,400.000,-1,325.000,325.000,300.000,300.000,-1,800.000,850.000,-1,775.000,775.000,-1,-1,2,0,2,0,2,0,0,0,0,2,0,0,2,0,0,2,2
86,4624.283,8337.230,-215.868,234.539,-0.579830,0.814331,0.025745,-0.814601,-0.580022,0.000003,0.014935,-0.020971,0.999669,0,0.64362,0.64000,38.617,1.280,-1,400.000,-1,400.000,-1,325.000,325.000,300.000,300.000,-1,825.000,900.000,-1,775.000,775.000,-1,-1,2,0,2,0,2,0,0,0,0,2,0,0,2,0,0,2,2
87,4605.168,8309.334,-215.439,235.579,-0.564949,0.824715,0.026024,-0.824995,-0.565140,0.000004,0.014710,-0.021467,0.999661,0,0.56362,0.52000,33.817,1.040,-1,400.000,-1,400.000,-1,325.000,325.000,300.000,300.000,-1,875.000,925.000,-1,775.000,775.000,-1,-1,2,0,2,0,2,0,0,0,0,2,0,0,2,0,0,2,2
88,4589.101,8285.171,-215.100,236.379,-0.553378,0.832520,0.026154,-0.832805,-0.553567,-0.000009,0.014470,-0.021787,0.999658,0,0.48362,0.40000,29.017,0.800,-1,400.000,-1,400.000,-1,325.000,325.000,300.000,300.000,-1,900.000,950.000,-1,775.000,775.000,-1,-1,2,0,2,0,2,0,0,0,0,2,0,0,2,0,0,2,2
89,4575.890,8264.874,-214.823,236.939,-0.545213,0.837886,0.026254,-0.838175,-0.545401,-0.000029,0.014295,-0.022021,0.999655,0,0.40362,0.28000,24.217,0.560,-1,400.000,-1,400.000,-1,325.000,325.000,300.000,300.000,-1,925.000,975.000,-1,775.000,800.000,-1,-1,2,0,2,0,2,0,0,0,0,2,0,0,2,0,0,2,2
90,4565.388,8248.542,-214.603,237.259,-0.540524,0.840916,0.026330,-0.841209,-0.540711,-0.000052,0.014193,-0.022178,0.999653,0,0.32362,0.16000,19.417,0.320,-1,400.000,-1,400.000,-1,325.000,325.000,300.000,300.000,-1,925.000,1000.000,-1,775.000,800.000,-1,-1,2,0,2,0,2,0,0,0,0,2,0,0,2,0,0,2,2
91,4557.500,8236.236,-214.437,237.339,-0.539349,0.841669,0.026390,-0.841963,-0.539535,-0.000077,0.014173,-0.022261,0.999652,0,0.24362,0.04000,14.617,0.080,-1,400.000,-1,400.000,-1,325.000,325.000,300.000,300.000,-1,950.000,1000.000,-1,775.000,800.000,-1,-1,2,0,2,0,2,0,0,0,0,2,0,0,2,0,0,2,2
92,4552.178,8227.986,-214.324,237.179,-0.541696,0.840159,0.026437,-0.840454,-0.541883,-0.000101,0.014241,-0.022273,0.999650,0,0.16362,-0.08000,9.817,-0.160,-1,400.000,-1,400.000,-1,325.000,325.000,300.000,300.000,-1,950.000,-1,-1,775.000,800.000,-1,-1,2,0,2,0,2,0,0,0,0,2,0,2,2,0,0,2,2
93,4549.430,8223.789,-214.263,236.779,-0.547547,0.836356,0.026473,-0.836651,-0.547736,-0.000122,0.014398,-0.022215,0.999650,0,0.08362,-0.20000,5.017,-0.400,-1,400.000,-1,400.000,-1,325.000,325.000,300.000,300.000,-1,950.000,-1,-1,775.000,800.000,-1,-1,2,0,2,0,2,0,0,0,0,2,0,2,2,0,0,2,2
94,4549.309,8223.608,-214.255,236.139,-0.556853,0.830188,0.026499,-0.830482,-0.557045,-0.000140,0.014645,-0.022085,0.999649,0,0.00362,-0.32000,0.217,-0.640,-1,400.000,-1,400.000,-1,325.000,325.000,300.000,300.000,-1,950.000,1000.000,-1,775.000,800.000,-1,-1,2,0,2,0,2,0,0,0,0,2,0,0,2,0,0,2,2
95,4551.920,8227.374,-214.304,235.259,-0.569536,0.821539,0.026513,-0.821830,-0.569733,-0.000153,0.014980,-0.021877,0.999648,0,-0.07638,-0.44000,-4.583,-0.880,-1,400.000,-1,400.000,-1,325.000,325.000,300.000,300.000,-1,925.000,1000.000,-1,775.000,800.000,-1,-1,2,0,2,0,2,0,0,0,0,2,0,0,2,0,0,2,2
96,4557.399,8234.991,-214.414,234.268,-0.583659,0.811566,0.026510,-0.811854,-0.583861,-0.000158,0.015350,-0.021614,0.999649,0,-0.15638,-0.49555,-9.383,-0.991,-1,400.000,-1,400.000,-1,325.000,325.000,300.000,300.000,-1,925.000,975.000,-1,775.000,800.000,-1,-1,2,0,2,0,2,0,0,0,0,2,0,0,2,0,0,2,2
97,4565.880,8246.359,-214.588,233.277,-0.597609,0.801351,0.026478,-0.801634,-0.597815,-0.000152,0.015707,-0.021316,0.999649,0,-0.23638,-0.49555,-14.183,-0.991,-1,400.000,-1,400.000,-1,325.000,325.000,300.000,300.000,-1,900.000,950.000,-1,775.000,800.000,-1,-1,2,0,2,0,2,0,0,0,0,2,0,0,2,0,0,2,2
98,4577.492,8261.375,-214.832,232.286,-0.611380,0.790896,0.026412,-0.791174,-0.611591,-0.000135,0.016046,-0.020978,0.999651,0,-0.31638,-0.49555,-18.983,-0.991,-1,400.000,-1,400.000,-1,325.000,325.000,300.000,300.000,-1,875.000,925.000,-1,775.000,775.000,-1,-1,2,0,2,0,2,0,0,0,0,2,0,0,2,0,0,2,2
99,4592.364,8279.935,-215.148,231.295,-0.624971,0.780205,0.026304,-0.780477,-0.625185,-0.000109,0.016359,-0.020598,0.999654,0,-0.39638,-0.49555,-23.783,-0.991,-1,400.000,-1,400.000,-1,325.000,325.000,300.000,300.000,-1,875.000,900.000,-1,775.000,775.000,-1,-1,2,0,2,0,2,0,0,0,0,2,0,0,2,0,0,2,2
100,4610.620,8301.927,-215.556,230.303,-0.638377,0.769282,0.026080,-0.769545,-0.638593,-0.000076,0.016596,-0.020118,0.999660,0,-0.47638,-0.49555,-28.583,-0.991,-1,400.000,-1,400.000,-1,325.000,325.000,300.000,300.000,-1,850.000,875.000,-1,775.000,775.000,-1,-1,2,0,2,0,2,0,0,0,0,2,0,0,2,0,0,2,2
101,4631.322,8326.006,-216.052,229.312,-0.651598,0.758131,0.025662,-0.758381,-0.651811,-0.000035,0.016700,-0.019485,0.999671,0,-0.52925,-0.49555,-31.755,-0.991,-1,400.000,-1,400.000,-1,325.000,325.000,300.000,300.000,-1,825.000,850.000,-1,775.000,775.000,-1,-1,2,0,2,0,2,0,0,0,0,2,0,0,2,0,0,2,2
102,4652.437,8349.723,-216.558,228.321,-0.664624,0.746752,0.025233,-0.746990,-0.664836,0.000008,0.016782,-0.018844,0.999682,0,-0.52925,-0.49555,-31.755,-0.991,-1,400.000,-1,400.000,-1,325.000,325.000,300.000,300.000,-1,800.000,825.000,-1,775.000,775.000,-1,-1,2,0,2,0,2,0,0,0,0,2,0,0,2,0,0,2,2
103,4673.960,8373.072,-217.071,227.330,-0.677451,0.735149,0.024815,-0.735375,-0.677661,0.000051,0.016854,-0.018214,0.999692,0,-0.52925,-0.49555,-31.755,-0.991,-1,400.000,-1,400.000,-1,325.000,325.000,300.000,300.000,-1,800.000,800.000,-1,775.000,775.000,-1,-1,2,0,2,0,2,0,0,0,0,2,0,0,2,0,0,2,2
104,4695.883,8396.044,-217.588,226.339,-0.690075,0.723326,0.024417,-0.723540,-0.690283,0.000094,0.016922,-0.017602,0.999702,0,-0.52925,-0.49555,-31.755,-0.991,-1,400.000,-1,400.000,-1,325.000,325.000,300.000,300.000,-1,775.000,775.000,-1,775.000,775.000,-1,-1,2,0,2,0,2,0,0,0,0,2,0,0,2,0,0,2,2
105,4718.200,8418.634,-218.112,225.348,-0.702493,0.711285,0.024018,-0.711488,-0.702698,0.000136,0.016974,-0.016993,0.999712,0,-0.52925,-0.49555,-31.755,-0.991,-1,400.000,-1,400.000,-1,325.000,325.000,300.000,300.000,-1,750.000,750.000,-1,775.000,750.000,-1,-1,2,0,2,0,2,0,0,0,0,2,0,0,2,0,0,2,2
106,4740.904,8440.835,-218.645,224.357,-0.714701,0.699031,0.023619,-0.699223,-0.714903,0.000178,0.017010,-0.016387,0.999721,0,-0.52925,-0.49555,-31.755,-0.991,-1,400.000,-1,400.000,-1,325.000,325.000,300.000,300.000,-1,750.000,750.000,-1,775.000,750.000,-1,-1,2,0,2,0,2,0,0,0,0,2,0,0,2,0,0,2,2
107,4763.989,8462.640,-219.179,223.366,-0.726695,0.686567,0.023222,-0.686749,-0.726894,0.000191,0.017011,-0.015809,0.999730,0,-0.52925,-0.49555,-31.755,-0.991,-1,400.000,-1,400.000,-1,325.000,325.000,300.000,300.000,-1,725.000,725.000,-1,775.000,750.000,-1,-1,2,0,2,0,2,0,0,0,0,2,0,0,2,0,0,2,2
108,4787.448,8484.042,-219.702,222.375,-0.738473,0.673897,0.022830,-0.674071,-0.738667,0.000109,0.016937,-0.015309,0.999739,0,-0.52925,-0.49555,-31.755,-0.991,-1,400.000,-1,375.000,-1,325.000,325.000,300.000,300.000,-1,700.000,700.000,-1,775.000,750.000,-1,-1,2,0,2,0,2,0,0,0,0,2,0,0,2,0,0,2,2
109,4811.274,8505.035,-220.228,221.384,-0.750029,0.661024,0.022433,-0.661190,-0.750218,0.000011,0.016837,-0.014824,0.999748,0,-0.52925,-0.49555,-31.755,-0.991,-1,400.000,-1,375.000,-1,325.000,325.000,300.000,300.000,-1,700.000,700.000,-1,775.000,750.000,-1,-1,2,0,2,0,2,0,0,0,0,2,0,0,2,0,0,2,2
110,4835.459,8525.612,-220.757,220.392,-0.761362,0.647953,0.022032,-0.648112,-0.761545,-0.000115,0.016704,-0.014367,0.999757,0,-0.52925,-0.49555,-31.755,-0.991,-1,400.000,-1,375.000,-1,325.000,325.000,300.000,300.000,-1,675.000,675.000,-1,775.000,750.000,-1,-1,2,0,2,0,2,0,0,0,0,2,0,0,2,0,0,2,2
111,4856.359,8542.634,-221.121,219.161,-0.775119,0.631443,0.021700,-0.631602,-0.775292,-0.000641,0.016419,-0.014202,0.999764,0,-0.44925,-0.61555,-26.955,-1.231,-1,400.000,-1,375.000,-1,325.000,325.000,300.000,300.000,-1,675.000,675.000,-1,750.000,725.000,-1,-1,2,0,2,0,2,0,0,0,0,2,0,0,2,0,0,2,2
112,4873.891,8556.180,-221.419,217.690,-0.791084,0.611333,0.021414,-0.611491,-0.791250,-0.001090,0.016277,-0.013957,0.999770,0,-0.36925,-0.73555,-22.155,-1.471,-1,400.000,-1,375.000,-1,325.000,325.000,300.000,300.000,-1,675.000,675.000,-1,750.000,725.000,-1,-1,2,0,2,0,2,0,0,0,0,2,0,0,2,0,0,2,2
113,4887.904,8566.417,-221.653,216.149,-0.807250,0.589829,0.021176,-0.589986,-0.807412,-0.001449,0.016243,-0.013663,0.999775,0,-0.28925,-0.77073,-17.355,-1.541,-1,400.000,-1,375.000,-1,325.000,325.000,300.000,300.000,-1,650.000,675.000,-1,750.000,725.000,-1,-1,2,0,2,0,2,0,0,0,0,2,0,0,2,0,0,2,2
114,4898.238,8573.548,-221.821,214.607,-0.822831,0.567899,0.020993,-0.568053,-0.822990,-0.001712,0.016305,-0.013333,0.999778,0,-0.20925,-0.77073,-12.555,-1.541,-1,400.000,-1,375.000,-1,325.000,325.000,300.000,300.000,-1,675.000,675.000,-1,750.000,725.000,-1,-1,2,0,2,0,2,0,0,0,0,2,0,0,2,0,0,2,2
115,4904.736,8577.779,-221.921,213.066,-0.837813,0.545557,0.020873,-0.545708,-0.837973,-0.001876,0.016468,-0.012962,0.999780,0,-0.12925,-0.77073,-7.755,-1.541,-1,400.000,-1,375.000,-1,325.000,325.000,300.000,300.000,-1,675.000,675.000,-1,750.000,725.000,-1,-1,2,0,2,0,2,0,0,0,0,2,0,0,2,0,0,2,2
116,4907.255,8579.324,-221.950,211.524,-0.852188,0.522821,0.020823,-0.522968,-0.852350,-0.001943,0.016733,-0.012546,0.999781,0,-0.04925,-0.77073,-2.955,-1.541,-1,400.000,-1,375.000,-1,325.000,325.000,300.000,300.000,-1,675.000,675.000,-1,750.000,725.000,-1,-1,2,0,2,0,2,0,0,0,0,2,0,0,2,0,0,2,2
117,4905.657,8578.401,-221.905,209.983,-0.865944,0.499706,0.020851,-0.499849,-0.866111,-0.001919,0.017100,-0.012084,0.999781,0,0.03075,-0.77073,1.845,-1.541,-1,375.000,-1,375.000,-1,325.000,325.000,300.000,300.000,-1,675.000,675.000,-1,750.000,725.000,-1,-1,2,0,2,0,2,0,0,0,0,2,0,0,2,0,0,2,2
118,4899.813,8575.237,-221.783,208.442,-0.879071,0.476230,0.020961,-0.476367,-0.879245,-0.001809,0.017569,-0.011575,0.999779,0,0.11075,-0.77073,6.645,-1.541,-1,375.000,-1,375.000,-1,325.000,325.000,300.000,300.000,-1,675.000,675.000,-1,750.000,725.000,-1,-1,2,0,2,0,2,0,0,0,0,2,0,0,2,0,0,2,2
119,4889.606,8570.058,-221.580,206.900,-0.891560,0.452408,0.021159,-0.452540,-0.891743,-0.001621,0.018135,-0.011021,0.999775,0,0.19075,-0.77073,11.445,-1.541,-1,400.000,-1,375.000,-1,325.000,325.000,300.000,300.000,-1,700.000,675.000,-1,750.000,725.000,-1,-1,2,0,2,0,2,0,0,0,0,2,0,0,2,0,0,2,2
120,4874.926,8563.101,-221.292,205.359,-0.903401,0.428259,0.021447,-0.428384,-0.903596,-0.001368,0.018794,-0.010423,0.999769,0,0.27075,-0.77073,16.245,-1.541,-1,400.000,-1,375.000,-1,325.000,325.000,300.000,300.000,-1,700.000,675.000,-1,750.000,725.000,-1,-1,2,0,2,0,2,0,0,0,0,2,0,0,2,0,0,2,2
121,4855.673,8554.603,-220.917,203.817,-0.914587,0.403800,0.021828,-0.403917,-0.914795,-0.001059,0.019540,-0.009785,0.999761,0,0.35075,-0.77073,21.045,-1.541,-1,400.000,-1,375.000,-1,325.000,325.000,300.000,300.000,-1,700.000,675.000,-1,750.000,725.000,-1,-1,2,0,2,0,2,0,0,0,0,2,0,0,2,0,0,2,2
122,4831.757,8544.806,-220.449,202.276,-0.925108,0.379048,0.022300,-0.379157,-0.925332,-0.000709,0.020366,-0.009111,0.999751,0,0.43075,-0.77073,25.845,-1.541,-1,400.000,-1,375.000,-1,325.000,325.000,300.000,300.000,-1,725.000,700.000,-1,750.000,725.000,-1,-1,2,0,2,0,2,0,0,0,0,2,0,0,2,0,0,2,2
123,4803.096,8533.956,-219.886,200.734,-0.934958,0.354022,0.022864,-0.354121,-0.935199,-0.000329,0.021266,-0.008404,0.999739,0,0.51075,-0.77073,30.645,-1.541,-1,400.000,-1,375.000,-1,325.000,325.000,300.000,300.000,-1,725.000,700.000,-1,750.000,725.000,-1,-1,2,0,2,0,2,0,0,0,0,2,0,0,2,0,0,2,2
124,4769.621,8522.304,-219.224,199.193,-0.944128,0.328738,0.023515,-0.328828,-0.944390,0.000067,0.022230,-0.007669,0.999723,0,0.59075,-0.77073,35.445,-1.541,-1,400.000,-1,375.000,-1,325.000,325.000,300.000,300.000,-1,725.000,700.000,-1,750.000,750.000,-1,-1,2,0,2,0,2,0,0,0,0,2,0,0,2,0,0,2,2
125,4733.340,8510.759,-218.479,197.651,-0.952615,0.303217,0.024178,-0.303297,-0.952896,0.000348,0.023145,-0.007001,0.999708,0,0.63456,-0.77073,38.074,-1.541,-1,400.000,-1,400.000,-1,325.000,325.000,300.000,300.000,-1,725.000,725.000,-1,775.000,750.000,-1,-1,2,0,2,0,2,0,0,0,0,2,0,0,2,0,0,2,2
126,4692.200,8498.690,-217.627,196.350,-0.959239,0.281497,0.024903,-0.281569,-0.959541,0.000621,0.024070,-0.006416,0.999690,0,0.71456,-0.65073,42.874,-1.301,-1,400.000,-1,400.000,-1,325.000,325.000,300.000,300.000,-1,725.000,725.000,-1,775.000,750.000,-1,-1,2,0,2,0,2,0,0,0,0,2,0,0,2,0,0,2,2
127,4646.214,8486.119,-216.580,195.288,-0.964274,0.263673,0.025521,-0.263747,-0.964592,0.000506,0.024751,-0.006243,0.999674,0,0.79456,-0.53073,47.674,-1.061,-1,400.000,-1,400.000,-1,325.000,325.000,300.000,300.000,-1,750.000,750.000,-1,775.000,750.000,-1,-1,2,0,2,0,2,0,0,0,0,2,0,0,2,0,0,2,2
128,4595.404,8473.010,-215.333,194.467,-0.967937,0.249817,0.026259,-0.249902,-0.968271,0.000052,0.025439,-0.006511,0.999655,0,0.87456,-0.41073,52.474,-0.821,-1,400.000,-1,400.000,-1,325.000,325.000,300.000,300.000,-1,775.000,775.000,-1,775.000,750.000,-1,-1,2,0,2,0,2,0,0,0,0,2,0,0,2,0,0,2,2
129,4541.210,8459.613,-213.987,193.886,-0.970403,0.239977,0.026989,-0.240076,-0.970754,-0.000450,0.026092,-0.006916,0.999636,0,0.93042,-0.29073,55.825,-0.581,-1,400.000,-1,400.000,-1,325.000,325.000,300.000,300.000,-1,800.000,800.000,-1,775.000,750.000,-1,-1,2,0,2,0,2,0,0,0,0,2,0,0,2,0,0,2,2
130,4486.937,8446.539,-212.501,193.544,-0.971812,0.234188,0.027170,-0.234288,-0.972167,-0.000528,0.026290,-0.006878,0.999631,0,0.93042,-0.17073,55.825,-0.341,-1,400.000,-1,400.000,-1,325.000,325.000,300.000,300.000,-1,850.000,850.000,-1,775.000,750.000,-1,-1,2,0,2,0,2,0,0,0,0,2,0,0,2,0,0,2,2
131,4432.642,8433.562,-211.009,193.443,-0.972220,0.232466,0.027347,-0.232569,-0.972580,-0.000597,0.026459,-0.006941,0.999626,0,0.93042,-0.05073,55.825,-0.101,-1,400.000,-1,400.000,-1,325.000,325.000,300.000,300.000,-1,900.000,900.000,-1,775.000,750.000,-1,-1,2,0,2,0,2,0,0,0,0,2,0,0,2,0,0,2,2
132,4378.377,8420.453,-209.522,193.581,-0.971650,0.234817,0.027506,-0.234924,-0.972014,-0.000690,0.026574,-0.007133,0.999621,0,0.93042,0.06927,55.825,0.139,-1,400.000,-1,400.000,-1,325.000,325.000,300.000,300.000,-1,950.000,950.000,-1,775.000,750.000,-1,-1,2,0,2,0,2,0,0,0,0,2,0,0,2,0,0,2,2
133,4324.201,8406.985,-208.043,193.960,-0.970073,0.241233,0.027646,-0.241347,-0.970439,-0.000809,0.026633,-0.007457,0.999617,0,0.93042,0.18927,55.825,0.379,-1,400.000,-1,400.000,-1,325.000,325.000,300.000,300.000,-1,1000.000,1000.000,-1,800.000,750.000,-1,-1,2,0,2,0,2,0,0,0,0,2,0,0,2,0,0,2,2
134,4270.173,8392.934,-206.575,194.578,-0.967408,0.251694,0.027767,-0.251817,-0.967774,-0.000954,0.026632,-0.007915,0.999614,0,0.93042,0.30927,55.825,0.619,-1,400.000,-1,400.000,-1,325.000,325.000,300.000,300.000,-1,-1,-1,-1,800.000,775.000,-1,-1,2,0,2,0,2,0,0,0,0,2,2,2,2,0,0,2,2
135,4216.303,8378.290,-205.116,195.208,-0.964580,0.262313,0.027866,-0.262445,-0.964946,-0.001123,0.026595,-0.008396,0.999611,0,0.93042,0.31482,55.825,0.630,-1,400.000,-1,400.000,-1,325.000,325.000,300.000,300.000,-1,-1,-1,-1,800.000,775.000,-1,-1,2,0,2,0,2,0,0,0,0,2,2,2,2,0,0,2,2
