timestep,x_cm,y_cm,z_cm,yaw_deg,basis_xx,basis_xy,basis_xz,basis_yx,basis_yy,basis_yz,basis_zx,basis_zy,basis_zz,teleport_flag,throttle_cmd,steering_cmd,cmd_move_cm,cmd_turn_deg,lidar_cm_0,lidar_cm_1,lidar_cm_2,lidar_cm_3,lidar_cm_4,lidar_cm_5,lidar_cm_6,lidar_cm_7,lidar_cm_8,lidar_cm_9,lidar_cm_10,lidar_cm_11,lidar_cm_12,lidar_cm_13,lidar_cm_14,lidar_cm_15,lidar_cm_16,lidar_class_0,lidar_class_1,lidar_class_2,lidar_class_3,lidar_class_4,lidar_class_5,lidar_class_6,lidar_class_7,lidar_class_8,lidar_class_9,lidar_class_10,lidar_class_11,lidar_class_12,lidar_class_13,lidar_class_14,lidar_class_15,lidar_class_16
0,-981.461,-7539.086,-329.892,-120.443,-0.507102,0.861821,-0.010592,-0.861535,-0.506507,0.034770,0.024601,0.026757,0.999339,1,-0.08000,-0.07199,-4.800,-0.144,-1,400.000,-1,400.000,-1,325.000,325.000,300.000,300.000,-1,-1,-1,-1,775.000,750.000,-1,-1,2,0,2,0,2,0,0,0,0,2,2,2,2,0,0,2,2
1,-976.576,-7530.822,-330.151,-120.587,-0.509270,0.860542,-0.010534,-0.860251,-0.508669,0.034986,0.024749,0.026879,0.999332,0,-0.16000,-0.07199,-9.600,-0.144,-1,400.000,-1,400.000,-1,325.000,325.000,300.000,300.000,-1,-1,-1,-1,775.000,750.000,-1,-1,2,0,2,0,2,0,0,0,0,2,2,2,2,0,0,2,2
2,-969.218,-7518.444,-330.542,-120.731,-0.511436,0.859258,-0.010438,-0.858957,-0.510828,0.035312,0.025010,0.027025,0.999322,0,-0.24000,-0.07199,-14.400,-0.144,-1,400.000,-1,400.000,-1,325.000,325.000,300.000,300.000,-1,-1,-1,-1,775.000,750.000,-1,-1,2,0,2,0,2,0,0,0,0,2,2,2,2,0,0,2,2
3,-959.365,-7501.965,-331.065,-120.875,-0.513601,0.857967,-0.010301,-0.857654,-0.512983,0.035752,0.025390,0.027197,0.999308,0,-0.32000,-0.07199,-19.200,-0.144,-1,400.000,-1,400.000,-1,325.000,325.000,300.000,300.000,-1,-1,-1,-1,775.000,750.000,-1,-1,2,0,2,0,2,0,0,0,0,2,2,2,2,0,0,2,2
4,-946.997,-7481.397,-331.722,-121.019,-0.515764,0.856671,-0.010120,-0.856339,-0.515135,0.036314,0.025896,0.027395,0.999289,0,-0.40000,-0.07199,-24.000,-0.144,-1,400.000,-1,400.000,-1,325.000,325.000,300.000,300.000,-1,-1,-1,-1,775.000,775.000,-1,-1,2,0,2,0,2,0,0,0,0,2,2,2,2,0,0,2,2
5,-933.006,-7458.263,-332.449,-121.163,-0.517923,0.855370,-0.009871,-0.855019,-0.517284,0.036877,0.026437,0.027539,0.999271,0,-0.45059,-0.07199,-27.036,-0.144,-1,400.000,-1,400.000,-1,325.000,325.000,300.000,300.000,-1,-1,-1,-1,775.000,775.000,-1,-1,2,0,2,0,2,0,0,0,0,2,2,2,2,0,0,2,2
6,-918.958,-7435.164,-333.161,-121.307,-0.520076,0.854066,-0.009575,-0.853695,-0.519432,0.037358,0.026933,0.027603,0.999256,0,-0.45059,-0.07199,-27.036,-0.144,-1,400.000,-1,400.000,-1,325.000,325.000,300.000,300.000,-1,-1,-1,-1,800.000,775.000,-1,-1,2,0,2,0,2,0,0,0,0,2,2,2,2,0,0,2,2
7,-904.851,-7412.101,-333.880,-121.451,-0.522227,0.852756,-0.009270,-0.852365,-0.521575,0.037862,0.027453,0.027674,0.999240,0,-0.45059,-0.07199,-27.036,-0.144,-1,400.000,-1,400.000,-1,325.000,325.000,300.000,300.000,-1,-1,-1,-1,800.000,775.000,-1,-1,2,0,2,0,2,0,0,0,0,2,2,2,2,0,0,2,2
8,-890.687,-7389.073,-334.614,-121.595,-0.524374,0.851441,-0.008987,-0.851028,-0.523715,0.038387,0.027977,0.027777,0.999223,0,-0.45059,-0.07199,-27.036,-0.144,-1,400.000,-1,400.000,-1,325.000,325.000,300.000,300.000,-1,-1,-1,-1,800.000,775.000,-1,-1,2,0,2,0,2,0,0,0,0,2,2,2,2,0,0,2,2
9,-876.948,-7366.652,-335.362,-121.499,-0.522954,0.852315,-0.008795,-0.851881,-0.522287,0.038922,0.028580,0.027847,0.999204,0,-0.43825,0.04801,-26.295,0.096,-1,400.000,-1,400.000,-1,325.000,325.000,300.000,300.000,-1,-1,-1,-1,800.000,775.000,-1,-1,2,0,2,0,2,0,0,0,0,2,2,2,2,0,0,2,2
10,-863.341,-7344.152,-336.126,-121.163,-0.517955,0.855365,-0.008592,-0.854905,-0.517280,0.039493,0.029337,0.027801,0.999183,0,-0.43825,0.16801,-26.295,0.336,-1,400.000,-1,400.000,-1,325.000,325.000,300.000,300.000,-1,-1,-1,-1,800.000,775.000,-1,-1,2,0,2,0,2,0,0,0,0,2,2,2,2,0,0,2,2
11,-849.960,-7321.516,-336.909,-120.587,-0.509338,0.860526,-0.008380,-0.860035,-0.508657,0.040099,0.030243,0.027631,0.999161,0,-0.43825,0.28801,-26.295,0.576,-1,400.000,-1,400.000,-1,325.000,325.000,300.000,300.000,-1,-1,-1,-1,800.000,775.000,-1,-1,2,0,2,0,2,0,0,0,0,2,2,2,2,0,0,2,2
12,-836.904,-7298.691,-337.711,-119.771,-0.497039,0.867690,-0.008165,-0.867164,-0.496354,0.040738,0.031295,0.027329,0.999137,0,-0.43825,0.40801,-26.295,0.816,-1,400.000,-1,400.000,-1,325.000,325.000,300.000,300.000,-1,-1,-1,-1,825.000,800.000,-1,-1,2,0,2,0,2,0,0,0,0,2,2,2,2,0,0,2,2
13,-824.270,-7275.630,-338.550,-118.715,-0.480972,0.876699,-0.007980,-0.876132,-0.480284,0.041474,0.032527,0.026939,0.999108,0,-0.43825,0.52801,-26.295,1.056,-1,400.000,-1,400.000,-1,325.000,325.000,300.000,300.000,-1,-1,-1,-1,825.000,800.000,-1,-1,2,0,2,0,2,0,0,0,0,2,2,2,2,0,0,2,2
14,-812.161,-7252.289,-339.428,-117.419,-0.461031,0.887349,-0.007843,-0.886735,-0.460338,0.042316,0.033939,0.026464,0.999073,0,-0.43825,0.64801,-26.295,1.296,-1,400.000,-1,400.000,-1,325.000,325.000,300.000,300.000,-1,-1,-1,-1,825.000,800.000,-1,-1,2,0,2,0,2,0,0,0,0,2,2,2,2,0,0,2,2
15,-800.683,-7228.631,-340.329,-115.883,-0.437089,0.899385,-0.007733,-0.898719,-0.436394,0.043181,0.035462,0.025824,0.999037,0,-0.43825,0.76801,-26.295,1.536,-1,400.000,-1,400.000,-1,325.000,325.000,300.000,300.000,-1,-1,-1,-1,825.000,800.000,-1,-1,2,0,2,0,2,0,0,0,0,2,2,2,2,0,0,2,2
16,-789.943,-7204.629,-341.251,-114.107,-0.409012,0.912497,-0.007664,-0.911775,-0.408319,0.044062,0.037077,0.025010,0.998999,0,-0.43825,0.88801,-26.295,1.776,-1,400.000,-1,400.000,-1,325.000,325.000,300.000,300.000,-1,-1,-1,-1,825.000,800.000,-1,-1,2,0,2,0,2,0,0,0,0,2,2,2,2,0,0,2,2
17,-780.047,-7180.267,-342.192,-112.107,-0.376922,0.926213,-0.007647,-0.925434,-0.376234,0.044949,0.038755,0.024019,0.998960,0,-0.43825,1.00000,-26.295,2.000,-1,400.000,-1,400.000,-1,325.000,325.000,300.000,300.000,-1,-1,-1,-1,825.000,825.000,-1,-1,2,0,2,0,2,0,0,0,0,2,2,2,2,0,0,2,2
18,-771.007,-7155.575,-343.151,-110.107,-0.344370,0.938802,-0.007682,-0.937965,-0.343688,0.045823,0.040379,0.022985,0.998920,0,-0.43825,1.00000,-26.295,2.000,-1,400.000,-1,400.000,-1,325.000,325.000,300.000,300.000,-1,-1,-1,-1,825.000,825.000,-1,-1,2,0,2,0,2,0,0,0,0,2,2,2,2,0,0,2,2
19,-762.835,-7130.582,-344.210,-108.107,-0.311382,0.950255,-0.007525,-0.949371,-0.310725,0.046309,0.041667,0.021564,0.998899,0,-0.43825,1.00000,-26.295,2.000,-1,400.000,-1,400.000,-1,325.000,325.000,300.000,300.000,-1,-1,-1,-1,825.000,825.000,-1,-1,2,0,2,0,2,0,0,0,0,2,2,2,2,0,0,2,2
20,-755.541,-7105.319,-345.370,-106.107,-0.277995,0.960556,-0.007076,-0.959628,-0.277383,0.046619,0.042817,0.019750,0.998888,0,-0.43825,1.00000,-26.295,2.000,-1,400.000,-1,400.000,-1,325.000,325.000,300.000,300.000,-1,-1,-1,-1,825.000,825.000,-1,-1,2,0,2,0,2,0,0,0,0,2,2,2,2,0,0,2,2
21,-749.132,-7079.817,-346.604,-104.107,-0.244256,0.969690,-0.006365,-0.968711,-0.243700,0.047004,0.044028,0.017647,0.998874,0,-0.43825,1.00000,-26.295,2.000,-1,400.000,-1,400.000,-1,325.000,325.000,300.000,300.000,-1,-1,-1,-1,825.000,825.000,-1,-1,2,0,2,0,2,0,0,0,0,2,2,2,2,0,0,2,2
22,-743.617,-7054.106,-347.856,-102.107,-0.210212,0.977639,-0.005649,-0.976614,-0.209718,0.047367,0.045124,0.015474,0.998862,0,-0.43825,1.00000,-26.295,2.000,-1,400.000,-1,400.000,-1,325.000,325.000,300.000,300.000,-1,-1,-1,-1,825.000,825.000,-1,-1,2,0,2,0,2,0,0,0,0,2,2,2,2,0,0,2,2
23,-739.757,-7032.961,-348.891,-100.347,-0.180037,0.983647,-0.005066,-0.982586,-0.179598,0.047648,0.045959,0.013556,0.998851,0,-0.35825,0.88000,-21.495,1.760,-1,400.000,-1,400.000,-1,325.000,325.000,300.000,300.000,-1,-1,-1,-1,800.000,825.000,-1,-1,2,0,2,0,2,0,0,0,0,2,2,2,2,0,0,2,2
24,-737.195,-7016.463,-349.701,-98.827,-0.153839,0.988085,-0.004617,-0.986998,-0.153446,0.047851,0.046573,0.011919,0.998844,0,-0.27825,0.76000,-16.695,1.520,-1,400.000,-1,400.000,-1,325.000,325.000,300.000,300.000,-1,-1,-1,-1,800.000,850.000,-1,-1,2,0,2,0,2,0,0,0,0,2,2,2,2,0,0,2,2
25,-735.633,-7004.671,-350.281,-97.547,-0.131692,0.991281,-0.004305,-0.990176,-0.131337,0.047986,0.047002,0.010582,0.998839,0,-0.19825,0.64000,-11.895,1.280,-1,400.000,-1,400.000,-1,325.000,325.000,300.000,300.000,-1,-1,-1,-1,800.000,850.000,-1,-1,2,0,2,0,2,0,0,0,0,2,2,2,2,0,0,2,2
26,-734.840,-6997.621,-350.629,-96.424,-0.112212,0.993676,-0.004132,-0.992558,-0.111886,0.048054,0.047287,0.009493,0.998836,0,-0.11825,0.56147,-7.095,1.123,-1,400.000,-1,400.000,-1,325.000,325.000,300.000,300.000,-1,-1,-1,-1,800.000,850.000,-1,-1,2,0,2,0,2,0,0,0,0,2,2,2,2,0,0,2,2
27,-734.628,-6995.336,-350.743,-95.301,-0.092694,0.995686,-0.004104,-0.994562,-0.092392,0.048056,0.047470,0.008536,0.998836,0,-0.03825,0.56147,-2.295,1.123,-1,400.000,-1,400.000,-1,325.000,325.000,300.000,300.000,-1,-1,-1,-1,800.000,850.000,-1,-1,2,0,2,0,2,0,0,0,0,2,2,2,2,0,0,2,2
28,-734.810,-6997.834,-350.623,-94.178,-0.073147,0.997312,-0.004223,-0.996187,-0.072861,0.047996,0.047559,0.007717,0.998839,0,0.04175,0.56147,2.505,1.123,-1,400.000,-1,400.000,-1,325.000,325.000,300.000,300.000,-1,-1,-1,-1,800.000,850.000,-1,-1,2,0,2,0,2,0,0,0,0,2,2,2,2,0,0,2,2
29,-735.200,-7005.128,-350.269,-93.056,-0.053578,0.998554,-0.004489,-0.997430,-0.053302,0.047876,0.047567,0.007043,0.998843,0,0.12175,0.56147,7.305,1.123,-1,400.000,-1,400.000,-1,325.000,325.000,300.000,300.000,-1,-1,-1,-1,800.000,850.000,-1,-1,2,0,2,0,2,0,0,0,0,2,2,2,2,0,0,2,2
30,-735.608,-7017.226,-349.681,-91.933,-0.033995,0.999410,-0.004903,-0.998292,-0.033723,0.047699,0.047506,0.006516,0.998850,0,0.20175,0.56147,12.105,1.123,-1,400.000,-1,400.000,-1,325.000,325.000,300.000,300.000,-1,-1,-1,-1,800.000,850.000,-1,-1,2,0,2,0,2,0,0,0,0,2,2,2,2,0,0,2,2
31,-735.847,-7034.129,-348.859,-90.810,-0.014406,0.999881,-0.005465,-0.998773,-0.014130,0.047469,0.047386,0.006142,0.998858,0,0.28175,0.56147,16.905,1.123,-1,400.000,-1,400.000,-1,325.000,325.000,300.000,300.000,-1,-1,-1,-1,800.000,850.000,-1,-1,2,0,2,0,2,0,0,0,0,2,2,2,2,0,0,2,2
32,-735.728,-7055.834,-347.786,-89.687,0.005185,0.999968,-0.006107,-0.998869,0.005468,0.047240,0.047272,0.005856,0.998865,0,0.36175,0.56147,21.705,1.123,-1,400.000,-1,400.000,-1,325.000,325.000,300.000,300.000,-1,-1,-1,-1,800.000,850.000,-1,-1,2,0,2,0,2,0,0,0,0,2,2,2,2,0,0,2,2
33,-734.953,-7082.328,-346.458,-88.324,0.028962,0.999557,-0.006825,-0.998468,0.029251,0.046974,0.047153,0.005454,0.998873,0,0.44175,0.68147,26.505,1.363,-1,400.000,-1,400.000,-1,325.000,325.000,300.000,300.000,-1,-1,-1,-1,800.000,850.000,-1,-1,2,0,2,0,2,0,0,0,0,2,2,2,2,0,0,2,2
34,-733.222,-7113.585,-344.882,-86.830,0.054993,0.998457,-0.007650,-0.997379,0.055292,0.046675,0.047026,0.005063,0.998881,0,0.52175,0.74670,31.305,1.493,-1,400.000,-1,400.000,-1,325.000,325.000,300.000,300.000,-1,-1,-1,-1,800.000,850.000,-1,-1,2,0,2,0,2,0,0,0,0,2,2,2,2,0,0,2,2
35,-730.287,-7149.570,-343.063,-85.337,0.080981,0.996679,-0.008596,-0.995611,0.081294,0.046360,0.046905,0.004804,0.998888,0,0.60175,0.74670,36.105,1.493,-1,400.000,-1,400.000,-1,325.000,325.000,300.000,300.000,-1,-1,-1,-1,800.000,850.000,-1,-1,2,0,2,0,2,0,0,0,0,2,2,2,2,0,0,2,2
36,-725.900,-7190.239,-341.011,-83.844,0.106905,0.994222,-0.009723,-0.993165,0.107242,0.046074,0.046851,0.004731,0.998891,0,0.68175,0.74670,40.905,1.493,-1,400.000,-1,400.000,-1,325.000,325.000,300.000,300.000,-1,-1,-1,-1,800.000,850.000,-1,-1,2,0,2,0,2,0,0,0,0,2,2,2,2,0,0,2,2
37,-719.816,-7235.537,-338.878,-82.350,0.132722,0.991086,-0.011582,-0.990054,0.133116,0.045526,0.046662,0.005425,0.998896,0,0.76175,0.74670,45.705,1.493,-1,400.000,-1,400.000,-1,325.000,325.000,300.000,300.000,-1,-1,-1,-1,800.000,850.000,-1,-1,2,0,2,0,2,0,0,0,0,2,2,2,2,0,0,2,2
38,-711.790,-7285.400,-336.720,-80.857,0.158476,0.987279,-0.012873,-0.986274,0.158900,0.044880,0.046354,0.005584,0.998909,0,0.84175,0.74670,50.505,1.493,-1,400.000,-1,400.000,-1,325.000,325.000,300.000,300.000,-1,-1,-1,-1,800.000,850.000,-1,-1,2,0,2,0,2,0,0,0,0,2,2,2,2,0,0,2,2
39,-702.442,-7335.174,-334.682,-79.363,0.184152,0.982804,-0.013558,-0.981835,0.184577,0.043956,0.045703,0.005218,0.998941,0,0.84407,0.74670,50.644,1.493,-1,400.000,-1,400.000,-1,325.000,325.000,300.000,300.000,-1,-1,-1,-1,800.000,850.000,-1,-1,2,0,2,0,2,0,0,0,0,2,2,2,2,0,0,2,2
40,-691.801,-7384.688,-332.640,-77.870,0.209703,0.977662,-0.014211,-0.976726,0.210128,0.043037,0.045062,0.004856,0.998972,0,0.84407,0.74670,50.644,1.493,-1,400.000,-1,400.000,-1,325.000,325.000,300.000,300.000,-1,-1,-1,-1,800.000,825.000,-1,-1,2,0,2,0,2,0,0,0,0,2,2,2,2,0,0,2,2
41,-679.872,-7433.907,-330.593,-76.377,0.235112,0.971855,-0.014832,-0.970952,0.235537,0.042118,0.044426,0.004498,0.999003,0,0.84407,0.74670,50.644,1.493,-1,400.000,-1,400.000,-1,325.000,325.000,300.000,300.000,-1,-1,-1,-1,825.000,825.000,-1,-1,2,0,2,0,2,0,0,0,0,2,2,2,2,0,0,2,2
42,-666.665,-7482.799,-328.547,-74.883,0.260364,0.965388,-0.015381,-0.964518,0.260785,0.041177,0.043763,0.004115,0.999033,0,0.84407,0.74670,50.644,1.493,-1,400.000,-1,400.000,-1,325.000,325.000,300.000,300.000,-1,-1,-1,-1,825.000,825.000,-1,-1,2,0,2,0,2,0,0,0,0,2,2,2,2,0,0,2,2
43,-652.187,-7531.329,-326.490,-73.390,0.285446,0.958266,-0.015747,-0.957430,0.285857,0.040167,0.042992,0.003611,0.999069,0,0.84407,0.74670,50.644,1.493,-1,400.000,-1,400.000,-1,325.000,325.000,300.000,300.000,-1,-1,-1,-1,825.000,825.000,-1,-1,2,0,2,0,2,0,0,0,0,2,2,2,2,0,0,2,2
44,-636.451,-7579.467,-324.406,-71.896,0.310337,0.950492,-0.016008,-0.949691,0.310734,0.039129,0.042166,0.003060,0.999106,0,0.84407,0.74670,50.644,1.493,-1,400.000,-1,400.000,-1,325.000,325.000,300.000,300.000,-1,-1,-1,-1,825.000,825.000,-1,-1,2,0,2,0,2,0,0,0,0,2,2,2,2,0,0,2,2
45,-619.464,-7627.177,-322.303,-70.403,0.335018,0.942072,-0.016200,-0.941306,0.335401,0.038075,0.041303,0.002494,0.999144,0,0.84407,0.74670,50.644,1.493,-1,400.000,-1,400.000,-1,325.000,325.000,300.000,300.000,-1,-1,-1,-1,825.000,825.000,-1,-1,2,0,2,0,2,0,0,0,0,2,2,2,2,0,0,2,2
46,-601.241,-7674.429,-320.181,-68.910,0.359474,0.933012,-0.016319,-0.932280,0.359839,0.037004,0.040397,0.001911,0.999182,0,0.84407,0.74670,50.644,1.493,-1,400.000,-1,400.000,-1,325.000,325.000,300.000,300.000,-1,-1,-1,-1,825.000,825.000,-1,-1,2,0,2,0,2,0,0,0,0,2,2,2,2,0,0,2,2
47,-581.792,-7721.190,-318.037,-67.416,0.383687,0.923318,-0.016357,-0.922621,0.384033,0.035914,0.039442,0.001311,0.999221,0,0.84407,0.74670,50.644,1.493,-1,400.000,-1,400.000,-1,325.000,325.000,300.000,300.000,-1,-1,-1,-1,825.000,850.000,-1,-1,2,0,2,0,2,0,0,0,0,2,2,2,2,0,0,2,2
48,-561.131,-7767.428,-315.952,-65.923,0.407626,0.912997,-0.016677,-0.912330,0.407966,0.034898,0.038665,0.000989,0.999252,0,0.84407,0.74670,50.644,1.493,-1,400.000,-1,400.000,-1,325.000,325.000,300.000,300.000,-1,-1,-1,-1,825.000,850.000,-1,-1,2,0,2,0,2,0,0,0,0,2,2,2,2,0,0,2,2
49,-539.271,-7813.111,-313.946,-64.429,0.431276,0.902054,-0.017296,-0.901422,0.431622,0.033767,0.037926,0.001028,0.999280,0,0.84407,0.74670,50.644,1.493,-1,400.000,-1,400.000,-1,325.000,325.000,300.000,300.000,-1,-1,-1,-1,825.000,850.000,-1,-1,2,0,2,0,2,0,0,0,0,2,2,2,2,0,0,2,2
50,-516.229,-7858.210,-312.034,-62.936,0.454627,0.890498,-0.018086,-0.889919,0.454984,0.032138,0.036848,0.001484,0.999320,0,0.84407,0.74670,50.644,1.493,-1,400.000,-1,400.000,-1,325.000,325.000,300.000,300.000,-1,-1,-1,-1,825.000,850.000,-1,-1,2,0,2,0,2,0,0,0,0,2,2,2,2,0,0,2,2
51,-492.019,-7902.693,-310.130,-61.443,0.477669,0.878337,-0.018850,-0.877815,0.478037,0.030369,0.035685,0.002040,0.999361,0,0.84407,0.74670,50.644,1.493,-1,400.000,-1,400.000,-1,325.000,325.000,300.000,300.000,-1,-1,-1,-1,825.000,850.000,-1,-1,2,0,2,0,2,0,0,0,0,2,2,2,2,0,0,2,2
52,-466.622,-7946.591,-308.232,-59.949,0.500398,0.865574,-0.019583,-0.865110,0.500774,0.028451,0.034433,0.002704,0.999403,0,0.84527,0.74700,50.716,1.494,-1,400.000,-1,400.000,-1,325.000,325.000,300.000,300.000,-1,-1,-1,-1,825.000,850.000,-1,-1,2,0,2,0,2,0,0,0,0,2,2,2,2,0,0,2,2
53,-439.978,-7989.990,-306.529,-58.453,0.522821,0.852209,-0.019941,-0.851776,0.523194,0.027307,0.033704,0.002709,0.999428,0,0.84876,0.74778,50.926,1.496,-1,400.000,-1,400.000,-1,325.000,325.000,300.000,300.000,-1,-1,-1,-1,825.000,850.000,-1,-1,2,0,2,0,2,0,0,0,0,2,2,2,2,0,0,2,2
54,-412.093,-8032.858,-304.887,-56.956,0.544908,0.838252,-0.020206,-0.837843,0.545277,0.026300,0.033064,0.002599,0.999450,0,0.85231,0.74841,51.139,1.497,-1,400.000,-1,400.000,-1,325.000,325.000,300.000,300.000,-1,-1,-1,-1,825.000,850.000,-1,-1,2,0,2,0,2,0,0,0,0,2,2,2,2,0,0,2,2
55,-382.974,-8075.160,-303.257,-55.459,0.566637,0.823713,-0.020468,-0.823332,0.567001,0.025184,0.032350,0.002582,0.999473,0,0.85593,0.74888,51.356,1.498,-1,400.000,-1,400.000,-1,325.000,325.000,300.000,300.000,-1,-1,-1,-1,825.000,850.000,-1,-1,2,0,2,0,2,0,0,0,0,2,2,2,2,0,0,2,2
56,-352.630,-8116.864,-301.768,-53.960,0.588008,0.808606,-0.020080,-0.808254,0.588347,0.023961,0.031189,0.002141,0.999511,0,0.85959,0.74920,51.575,1.498,-1,400.000,-1,400.000,-1,325.000,325.000,300.000,300.000,-1,-1,-1,-1,800.000,850.000,-1,-1,2,0,2,0,2,0,0,0,0,2,2,2,2,0,0,2,2
57,-321.070,-8157.937,-300.348,-52.461,0.608989,0.792943,-0.019348,-0.792616,0.609294,0.022807,0.029873,0.001446,0.999553,0,0.86330,0.74934,51.798,1.499,-1,400.000,-1,400.000,-1,325.000,325.000,300.000,300.000,-1,-1,-1,-1,800.000,850.000,-1,-1,2,0,2,0,2,0,0,0,0,2,2,2,2,0,0,2,2
58,-288.304,-8198.345,-298.887,-50.963,0.629552,0.776737,-0.018520,-0.776430,0.629824,0.021853,0.028639,0.000622,0.999590,0,0.86705,0.74931,52.023,1.499,-1,400.000,-1,400.000,-1,325.000,325.000,300.000,300.000,-1,-1,-1,-1,800.000,850.000,-1,-1,2,0,2,0,2,0,0,0,0,2,2,2,2,0,0,2,2
59,-254.346,-8238.055,-297.427,-49.465,0.649677,0.760005,-0.017651,-0.759718,0.649917,0.020909,0.027363,-0.000175,0.999626,0,0.87083,0.74909,52.250,1.498,-1,400.000,-1,400.000,-1,325.000,325.000,300.000,300.000,-1,-1,-1,-1,775.000,850.000,-1,-1,2,0,2,0,2,0,0,0,0,2,2,2,2,0,0,2,2
60,-218.151,-8278.547,-295.940,-48.206,0.666238,0.745551,-0.016751,-0.745285,0.666448,0.019944,0.026033,-0.000803,0.999661,0,0.90520,0.62909,54.312,1.258,-1,400.000,-1,400.000,-1,325.000,325.000,300.000,300.000,-1,-1,-1,-1,775.000,850.000,-1,-1,2,0,2,0,2,0,0,0,0,2,2,2,2,0,0,2,2
61,-181.080,-8318.564,-294.594,-47.188,0.679393,0.733591,-0.016415,-0.733347,0.679591,0.018930,0.025042,-0.000823,0.999686,0,0.90915,0.50909,54.549,1.018,-1,400.000,-1,400.000,-1,325.000,325.000,300.000,300.000,-1,-1,-1,-1,775.000,850.000,-1,-1,2,0,2,0,2,0,0,0,0,2,2,2,2,0,0,2,2
62,-143.305,-8358.245,-293.276,-46.410,0.689303,0.724293,-0.016116,-0.724073,0.689491,0.017875,0.024058,-0.000653,0.999710,0,0.91310,0.38909,54.786,0.778,-1,400.000,-1,400.000,-1,325.000,325.000,300.000,300.000,-1,-1,-1,-1,750.000,825.000,-1,-1,2,0,2,0,2,0,0,0,0,2,2,2,2,1,1,2,2
63,-104.994,-8397.741,-291.984,-45.872,0.696084,0.717785,-0.015858,-0.717589,0.696264,0.016770,0.023079,-0.000293,0.999734,0,0.91707,0.26909,55.024,0.538,-1,400.000,-1,400.000,-1,325.000,325.000,300.000,300.000,-1,-1,-1,-1,725.000,775.000,1000.000,-1,2,0,2,0,2,0,0,0,0,2,2,2,2,1,1,1,2
64,-66.310,-8437.207,-290.716,-45.574,0.699815,0.714152,-0.015662,-0.713982,0.699990,0.015605,0.022107,0.000262,0.999756,0,0.92105,0.14909,55.263,0.298,975.000,400.000,975.000,400.000,-1,325.000,325.000,300.000,300.000,-1,-1,-1,-1,700.000,725.000,950.000,-1,1,0,1,0,2,0,0,0,0,2,2,2,2,1,1,1,2
65,-27.419,-8476.804,-289.542,-45.516,0.700542,0.713440,-0.015630,-0.713305,0.700715,0.013986,0.020930,0.001352,0.999780,0,0.92504,0.02909,55.502,0.058,900.000,400.000,925.000,400.000,-1,325.000,325.000,300.000,300.000,-1,-1,-1,-1,650.000,675.000,900.000,-1,1,0,1,0,2,1,1,0,0,2,2,2,2,1,1,1,2
66,11.514,-8516.697,-288.430,-45.697,0.698273,0.715658,-0.015768,-0.715563,0.698445,0.012036,0.019627,0.002879,0.999803,0,0.92905,-0.09091,55.743,-0.182,850.000,400.000,850.000,400.000,-1,325.000,325.000,300.000,300.000,-1,-1,-1,-1,600.000,650.000,825.000,1000.000,1,1,1,1,2,1,1,0,0,2,2,2,2,1,1,1,1
67,50.424,-8556.949,-287.334,-45.972,0.694836,0.718989,-0.016070,-0.718935,0.695006,0.009963,0.018332,0.004631,0.999821,0,0.93307,-0.13715,55.984,-0.274,800.000,375.000,800.000,400.000,-1,300.000,300.000,300.000,300.000,-1,-1,-1,-1,575.000,600.000,750.000,925.000,1,1,1,1,2,1,1,0,0,2,2,2,2,1,1,1,1
68,89.309,-8597.562,-286.226,-46.245,0.691392,0.722293,-0.016419,-0.722280,0.691557,0.007778,0.016973,0.006482,0.999835,0,0.93711,-0.13683,56.227,-0.274,750.000,350.000,750.000,375.000,-1,300.000,300.000,300.000,300.000,-1,-1,-1,-1,525.000,550.000,700.000,825.000,1,1,1,1,2,1,1,0,0,2,2,2,2,1,1,1,1
69,128.168,-8638.537,-285.220,-46.518,0.687945,0.725571,-0.016673,-0.725588,0.688102,0.006122,0.015915,0.007886,0.999842,0,0.94117,-0.13646,56.470,-0.273,700.000,325.000,675.000,350.000,-1,275.000,275.000,300.000,300.000,-1,-1,-1,-1,475.000,525.000,625.000,750.000,1,1,1,1,2,1,1,0,0,2,2,2,2,1,1,1,1
70,166.999,-8679.873,-284.339,-46.790,0.684492,0.728824,-0.016940,-0.728862,0.684643,0.004987,0.015232,0.008933,0.999844,0,0.94524,-0.13602,56.715,-0.272,650.000,300.000,625.000,325.000,-1,250.000,275.000,300.000,300.000,-1,-1,-1,-1,450.000,475.000,575.000,675.000,1,1,1,1,2,1,1,0,0,2,2,2,2,1,1,1,1
71,205.801,-8721.572,-283.475,-47.061,0.681035,0.732046,-0.017296,-0.732106,0.681180,0.003809,0.014570,0.010069,0.999843,0,0.94933,-0.13551,56.960,-0.271,575.000,275.000,575.000,300.000,-1,250.000,250.000,300.000,300.000,-1,-1,-1,-1,400.000,425.000,500.000,600.000,1,1,1,1,2,1,1,0,0,2,2,2,2,1,1,1,1
72,244.573,-8763.635,-282.628,-47.331,0.677578,0.735237,-0.017744,-0.735319,0.677716,0.002588,0.013929,0.011294,0.999839,0,0.95343,-0.13493,57.206,-0.270,500.000,250.000,500.000,275.000,1000.000,225.000,225.000,300.000,300.000,-1,-1,-1,-1,350.000,400.000,450.000,525.000,1,1,1,1,1,1,1,0,0,2,2,2,2,1,1,1,1
73,283.420,-8806.172,-281.398,-47.596,0.674125,0.738337,-0.020371,-0.738473,0.674282,0.001183,0.014610,0.014246,0.999792,0,0.96012,-0.13253,57.607,-0.265,450.000,225.000,450.000,250.000,850.000,200.000,200.000,325.000,300.000,-1,-1,-1,-1,325.000,350.000,375.000,450.000,1,1,1,1,1,1,1,0,0,2,2,2,2,1,1,1,1
74,322.557,-8849.405,-276.424,-47.849,0.670484,0.741259,-0.031407,-0.741431,0.670981,0.008071,0.027056,0.017875,0.999474,0,0.97192,-0.12631,58.315,-0.253,400.000,225.000,425.000,250.000,825.000,200.000,200.000,325.000,300.000,-1,-1,-1,-1,300.000,350.000,350.000,450.000,1,1,1,1,1,1,1,0,0,2,2,2,2,1,1,1,1
75,361.982,-8893.325,-270.121,-48.088,0.666689,0.744018,-0.044317,-0.744059,0.667848,0.018855,0.043626,0.020403,0.998840,0,0.98363,-0.11959,59.018,-0.239,375.000,225.000,425.000,250.000,850.000,200.000,200.000,350.000,325.000,-1,475.000,375.000,-1,300.000,325.000,325.000,450.000,1,1,1,1,1,1,1,0,0,2,0,0,2,1,1,1,1
76,401.699,-8937.919,-262.812,-48.313,0.662626,0.746585,-0.059479,-0.746263,0.664885,0.031932,0.063386,0.023228,0.997719,0,0.99523,-0.11233,59.714,-0.225,375.000,225.000,400.000,250.000,925.000,200.000,200.000,375.000,350.000,-1,250.000,200.000,-1,300.000,325.000,300.000,475.000,1,1,1,1,1,1,1,0,0,2,0,0,2,1,1,1,1
77,-6231.359,6887.275,0.711,169.596,-0.983583,-0.180374,0.005374,0.179877,-0.982382,-0.050693,0.014423,-0.048894,0.998700,1,0.00000,0.00000,60.000,-0.209,-1,400.000,-1,400.000,-1,325.000,325.000,300.000,300.000,-1,-1,-1,-1,750.000,775.000,-1,-1,2,0,2,0,2,0,0,0,0,2,2,2,2,0,0,2,2
78,-6236.083,6888.122,0.779,169.836,-0.984330,-0.176258,0.005281,0.175771,-0.983128,-0.050631,0.014116,-0.048909,0.998703,0,0.08000,0.12000,4.800,0.240,-1,400.000,-1,400.000,-1,325.000,325.000,300.000,300.000,-1,-1,-1,-1,750.000,775.000,-1,-1,2,0,2,0,2,0,0,0,0,2,2,2,2,0,0,2,2
79,-6245.541,6889.767,0.913,170.137,-0.985241,-0.171095,0.005090,0.170626,-0.984041,-0.050509,0.013651,-0.048895,0.998711,0,0.16000,0.15036,9.600,0.301,-1,400.000,-1,400.000,-1,325.000,325.000,300.000,300.000,-1,-1,-1,-1,750.000,775.000,-1,-1,2,0,2,0,2,0,0,0,0,2,2,2,2,0,0,2,2
80,-6259.741,6892.159,1.113,170.437,-0.986126,-0.165928,0.004798,0.165482,-0.984928,-0.050330,0.013077,-0.048838,0.998721,0,0.24000,0.15036,14.400,0.301,-1,400.000,-1,400.000,-1,325.000,325.000,300.000,300.000,-1,-1,-1,-1,750.000,775.000,-1,-1,2,0,2,0,2,0,0,0,0,2,2,2,2,0,0,2,2
81,-6278.691,6895.249,1.375,170.738,-0.986984,-0.160757,0.004404,0.160339,-0.985790,-0.050098,0.012395,-0.048740,0.998735,0,0.32000,0.15036,19.200,0.301,-1,400.000,-1,400.000,-1,325.000,325.000,300.000,300.000,-1,-1,-1,-1,750.000,775.000,-1,-1,2,0,2,0,2,0,0,0,0,2,2,2,2,0,0,2,2
82,-6302.398,6898.987,1.697,171.039,-0.987815,-0.155582,0.003908,0.155198,-0.986627,-0.049817,0.011606,-0.048604,0.998751,0,0.40000,0.15036,24.000,0.301,-1,400.000,-1,400.000,-1,325.000,325.000,300.000,300.000,-1,-1,-1,-1,750.000,775.000,-1,-1,2,0,2,0,2,0,0,0,0,2,2,2,2,0,0,2,2
83,-6330.869,6903.324,2.075,171.340,-0.988619,-0.150403,0.003311,0.150057,-0.987438,-0.049491,0.010713,-0.048431,0.998769,0,0.48000,0.15036,28.800,0.301,-1,400.000,-1,400.000,-1,325.000,325.000,300.000,300.000,-1,-1,-1,-1,750.000,750.000,-1,-1,2,0,2,0,2,0,0,0,0,2,2,2,2,0,0,2,2
84,-6364.112,6908.209,2.506,171.640,-0.989396,-0.145219,0.002613,0.144917,-0.988224,-0.049124,0.009716,-0.048225,0.998789,0,0.56000,0.15036,33.600,0.301,-1,400.000,-1,400.000,-1,325.000,325.000,300.000,300.000,-1,-1,-1,-1,750.000,750.000,-1,-1,2,0,2,0,2,0,0,0,0,2,2,2,2,0,0,2,2
85,-6402.133,6913.592,2.989,171.941,-0.990145,-0.140032,0.001815,0.139778,-0.988983,-0.048721,0.008617,-0.047987,0.998811,0,0.64000,0.15036,38.400,0.301,-1,375.000,-1,400.000,-1,325.000,325.000,300.000,300.000,-1,-1,-1,-1,725.000,750.000,-1,-1,2,0,2,0,2,0,0,0,0,2,2,2,2,0,0,2,2
86,-6442.453,6919.086,3.487,172.242,-0.990867,-0.134841,0.000969,0.134637,-0.989717,-0.048312,0.007473,-0.047740,0.998832,0,0.67821,0.15036,40.693,0.301,-1,375.000,-1,400.000,-1,325.000,325.000,300.000,300.000,-1,-1,-1,-1,725.000,750.000,-1,-1,2,0,2,0,2,0,0,0,0,2,2,2,2,0,0,2,2
87,-6482.801,6924.367,3.974,172.542,-0.991560,-0.129646,0.000123,0.129491,-0.990422,-0.047922,0.006335,-0.047502,0.998851,0,0.67821,0.15036,40.693,0.301,-1,375.000,-1,375.000,-1,325.000,325.000,300.000,300.000,-1,-1,-1,-1,725.000,725.000,-1,-1,2,0,2,0,2,0,0,0,0,2,2,2,2,0,0,2,2
88,-6523.177,6929.437,4.417,172.843,-0.992226,-0.124446,-0.000640,0.124335,-0.991094,-0.047685,0.005300,-0.047394,0.998862,0,0.67821,0.15036,40.693,0.301,-1,375.000,-1,375.000,-1,300.000,325.000,300.000,300.000,-1,-1,-1,-1,725.000,725.000,-1,-1,2,0,2,0,2,0,0,0,0,2,2,2,2,0,0,2,2
89,-6563.579,6934.295,4.811,173.144,-0.992865,-0.119242,-0.000785,0.119144,-0.991731,-0.047688,0.004908,-0.047441,0.998862,0,0.67821,0.15036,40.693,0.301,-1,375.000,-1,375.000,-1,300.000,325.000,300.000,300.000,-1,-1,-1,-1,725.000,725.000,-1,-1,2,0,2,0,2,0,0,0,0,2,2,2,2,0,0,2,2
90,-6604.005,6938.940,5.165,173.445,-0.993476,-0.114036,-0.000477,0.113930,-0.992353,-0.047481,0.004941,-0.047226,0.998872,0,0.67821,0.15036,40.693,0.301,-1,375.000,-1,375.000,-1,300.000,300.000,300.000,300.000,-1,-1,-1,-1,725.000,725.000,-1,-1,2,0,2,0,2,0,0,0,0,2,2,2,2,0,0,2,2
91,-6649.247,6943.707,5.591,173.985,-0.994507,-0.104666,0.000300,0.104534,-0.993386,-0.047511,0.005271,-0.047219,0.998871,0,0.75821,0.27036,45.493,0.541,-1,375.000,-1,375.000,-1,300.000,325.000,300.000,300.000,-1,-1,-1,-1,725.000,725.000,-1,-1,2,0,2,0,2,0,0,0,0,2,2,2,2,0,0,2,2
92,-6699.330,6948.295,6.029,174.766,-0.995839,-0.091120,0.001156,0.090963,-0.994718,-0.047553,0.005483,-0.047250,0.998868,0,0.83821,0.39036,50.293,0.781,-1,375.000,-1,375.000,-1,300.000,325.000,325.000,300.000,-1,-1,-1,-1,725.000,725.000,-1,-1,2,0,2,0,2,0,0,0,0,2,2,2,2,0,0,2,2
93,-6751.838,6952.163,6.442,175.787,-0.997302,-0.073386,0.002047,0.073205,-0.996180,-0.047604,0.005533,-0.047326,0.998864,0,0.87750,0.51036,52.650,1.021,-1,375.000,-1,375.000,-1,300.000,325.000,325.000,300.000,-1,-1,-1,-1,725.000,725.000,-1,-1,2,0,2,0,2,0,0,0,0,2,2,2,2,0,0,2,2
94,-6804.411,6955.015,6.805,176.895,-0.998531,-0.054101,0.002936,0.053900,-0.997409,-0.047651,0.005507,-0.047423,0.998860,0,0.87750,0.55422,52.650,1.108,-1,375.000,-1,375.000,-1,300.000,325.000,325.000,325.000,-1,-1,-1,-1,725.000,725.000,-1,-1,2,0,2,0,2,0,0,0,0,2,2,2,2,0,0,2,2
95,-6857.029,6956.849,7.118,178.004,-0.999387,-0.034796,0.003826,0.034574,-0.998264,-0.047690,0.005478,-0.047529,0.998855,0,0.87750,0.55422,52.650,1.108,-1,375.000,-1,375.000,-1,300.000,325.000,325.000,325.000,-1,-1,-1,-1,725.000,725.000,-1,-1,2,0,2,0,2,0,0,0,0,2,2,2,2,0,0,2,2
96,-6909.673,6957.665,7.380,179.112,-0.999869,-0.015478,0.004714,0.015236,-0.998744,-0.047722,0.005447,-0.047643,0.998850,0,0.87750,0.55422,52.650,1.108,-1,375.000,-1,375.000,-1,325.000,325.000,325.000,325.000,-1,-1,-1,-1,725.000,725.000,-1,-1,2,0,2,0,2,0,0,0,0,2,2,2,2,0,0,2,2
97,-6962.322,6957.462,7.592,180.221,-0.999977,0.003845,0.005603,-0.004108,-0.998851,-0.047746,0.005412,-0.047768,0.998844,0,0.87750,0.55422,52.650,1.108,-1,375.000,-1,375.000,-1,325.000,325.000,325.000,300.000,-1,-1,-1,-1,725.000,725.000,-1,-1,2,0,2,0,2,0,0,0,0,2,2,2,2,0,0,2,2
98,-7014.958,6956.241,7.753,181.329,-0.999711,0.023166,0.006489,-0.023450,-0.998583,-0.047764,0.005374,-0.047902,0.998838,0,0.87750,0.55422,52.650,1.108,-1,375.000,-1,375.000,-1,300.000,325.000,325.000,300.000,-1,-1,-1,-1,725.000,700.000,-1,-1,2,0,2,0,2,0,0,0,0,2,2,2,2,0,0,2,2
99,-7067.561,6954.001,7.863,182.437,-0.999070,0.042479,0.007375,-0.042784,-0.997941,-0.047776,0.005330,-0.048047,0.998831,0,0.87750,0.55422,52.650,1.108,-1,375.000,-1,375.000,-1,300.000,300.000,325.000,300.000,-1,-1,-1,-1,725.000,700.000,-1,-1,2,0,2,0,2,0,0,0,0,2,2,2,2,0,0,2,2
100,-7120.110,6950.745,7.922,183.546,-0.998056,0.061775,0.008259,-0.062101,-0.996925,-0.047783,0.005282,-0.048203,0.998824,0,0.87750,0.55422,52.650,1.108,-1,375.000,-1,375.000,-1,300.000,300.000,325.000,300.000,-1,-1,-1,-1,725.000,700.000,-1,-1,2,0,2,0,2,0,0,0,0,2,2,2,2,0,0,2,2
101,-7172.586,6946.473,7.930,184.654,-0.996668,0.081048,0.009142,-0.081394,-0.995536,-0.047785,0.005228,-0.048370,0.998816,0,0.87750,0.55422,52.650,1.108,-1,375.000,-1,375.000,-1,300.000,300.000,300.000,300.000,-1,-1,-1,-1,725.000,700.000,-1,-1,2,0,2,0,2,0,0,0,0,2,2,2,2,0,0,2,2
102,-7224.970,6941.186,8.138,185.763,-0.994908,0.100286,0.010055,-0.100659,-0.993728,-0.048709,0.005107,-0.049473,0.998762,0,0.87750,0.55422,52.650,1.108,-1,375.000,-1,375.000,-1,300.000,300.000,300.000,300.000,-1,-1,-1,-1,725.000,700.000,-1,-1,2,0,2,0,2,0,0,0,0,2,2,2,2,0,0,2,2
103,-7277.242,6934.886,8.632,186.871,-0.992774,0.119485,0.011112,-0.119892,-0.991559,-0.049369,0.005119,-0.050344,0.998719,0,0.87750,0.55422,52.650,1.108,-1,375.000,-1,375.000,-1,300.000,300.000,300.000,300.000,-1,-1,-1,-1,725.000,700.000,-1,-1,2,0,2,0,2,0,0,0,0,2,2,2,2,0,0,2,2
104,-7329.382,6927.577,9.175,187.980,-0.990266,0.138641,0.012331,-0.139086,-0.989038,-0.049589,0.005321,-0.050822,0.998694,0,0.87750,0.55422,52.650,1.108,-1,375.000,-1,375.000,-1,300.000,300.000,300.000,325.000,-1,775.000,-1,-1,725.000,725.000,-1,-1,2,0,2,0,2,0,0,0,0,2,0,2,2,0,0,2,2
105,-7381.371,6919.261,9.666,189.088,-0.987387,0.157743,0.013557,-0.158229,-0.986146,-0.049800,0.005513,-0.051317,0.998667,0,0.87750,0.55422,52.650,1.108,-1,375.000,-1,375.000,-1,300.000,300.000,325.000,325.000,-1,775.000,850.000,-1,750.000,725.000,-1,-1,2,0,2,0,2,0,0,0,0,2,0,0,2,0,0,2,2
106,-7433.189,6909.940,10.104,190.196,-0.984138,0.176786,0.014790,-0.177312,-0.982884,-0.050003,0.005697,-0.051833,0.998640,0,0.87750,0.55422,52.650,1.108,-1,375.000,-1,375.000,-1,300.000,300.000,325.000,325.000,-1,750.000,825.000,-1,750.000,725.000,-1,-1,2,0,2,0,2,0,0,0,0,2,0,0,2,0,0,2,2
107,-7483.502,6900.101,10.490,191.065,-0.981331,0.191658,0.015997,-0.192229,-0.980066,-0.050179,0.006061,-0.052318,0.998612,0,0.85444,0.43422,51.266,0.868,-1,375.000,-1,375.000,-1,325.000,300.000,325.000,325.000,-1,725.000,825.000,-1,750.000,725.000,-1,-1,2,0,2,0,2,0,0,0,0,2,0,0,2,0,0,2,2
108,-7533.704,6889.710,10.848,191.693,-0.979154,0.202391,0.017208,-0.203012,-0.977881,-0.050342,0.006639,-0.052786,0.998584,0,0.85444,0.31422,51.266,0.628,-1,400.000,-1,375.000,-1,325.000,300.000,325.000,325.000,-1,725.000,800.000,-1,750.000,750.000,-1,-1,2,0,2,0,2,0,0,0,0,2,0,0,2,0,0,2,2
109,-7583.835,6878.980,11.187,192.082,-0.977740,0.209010,0.018422,-0.209689,-0.976463,-0.050500,0.007433,-0.053238,0.998554,0,0.85444,0.19422,51.266,0.388,-1,400.000,-1,375.000,-1,325.000,300.000,325.000,325.000,-1,700.000,800.000,-1,775.000,750.000,-1,-1,2,0,2,0,2,0,0,0,0,2,0,0,2,0,0,2,2
110,-7633.938,6868.119,11.519,192.230,-0.977173,0.211534,0.019637,-0.212276,-0.975896,-0.050662,0.008447,-0.053675,0.998523,0,0.85444,0.07422,51.266,0.148,-1,400.000,-1,375.000,-1,325.000,325.000,325.000,325.000,-1,700.000,775.000,-1,775.000,750.000,-1,-1,2,0,2,0,2,0,0,0,0,2,0,0,2,0,0,2,2
111,-7684.058,6857.339,11.854,192.139,-0.977485,0.209970,0.020852,-0.210781,-0.976211,-0.050839,0.009682,-0.054090,0.998489,0,0.85444,-0.04578,51.266,-0.092,-1,400.000,-1,375.000,-1,325.000,325.000,325.000,325.000,-1,675.000,750.000,-1,775.000,750.000,-1,-1,2,0,2,0,2,0,0,0,0,2,0,0,2,0,0,2,2
112,-7734.239,6846.849,12.202,191.807,-0.978657,0.204313,0.022066,-0.205199,-0.977389,-0.051038,0.011140,-0.054476,0.998453,0,0.85444,-0.16578,51.266,-0.332,-1,400.000,-1,400.000,-1,325.000,325.000,325.000,325.000,-1,650.000,725.000,-1,775.000,775.000,-1,-1,2,0,2,0,2,0,0,0,0,2,0,0,2,0,0,2,2
113,-7784.523,6836.860,12.576,191.235,-0.980617,0.194549,0.023276,-0.195516,-0.979360,-0.051266,0.012822,-0.054823,0.998414,0,0.85444,-0.28578,51.266,-0.572,-1,400.000,-1,400.000,-1,325.000,325.000,325.000,325.000,-1,650.000,725.000,-1,800.000,775.000,-1,-1,2,0,2,0,2,0,0,0,0,2,0,0,2,0,0,2,2
114,-7834.944,6827.584,13.069,190.424,-0.983247,0.180652,0.024293,-0.181702,-0.981984,-0.051876,0.014484,-0.055421,0.998358,0,0.85444,-0.40578,51.266,-0.812,-1,400.000,-1,400.000,-1,325.000,325.000,300.000,325.000,-1,625.000,700.000,-1,800.000,800.000,-1,-1,2,0,2,0,2,0,0,0,0,2,0,0,2,0,0,2,2
115,-7885.521,6819.205,13.586,189.407,-0.986286,0.163190,0.024667,-0.164293,-0.985011,-0.052541,0.015723,-0.055873,0.998314,0,0.85444,-0.50849,51.266,-1.017,-1,400.000,-1,400.000,-1,325.000,325.000,300.000,325.000,-1,625.000,725.000,-1,800.000,800.000,-1,-1,2,0,2,0,2,0,0,0,0,2,0,0,2,0,0,2,2
116,-7936.239,6811.725,14.259,188.390,-0.989030,0.145682,0.024424,-0.146799,-0.987753,-0.052851,0.016425,-0.055856,0.998304,0,0.85444,-0.50849,51.266,-1.017,-1,400.000,-1,400.000,-1,325.000,325.000,300.000,325.000,-1,675.000,775.000,-1,800.000,800.000,-1,-1,2,0,2,0,2,0,0,0,0,2,0,0,2,0,0,2,2
117,-7987.082,6805.146,14.990,187.373,-0.991472,0.128129,0.023778,-0.129237,-0.990188,-0.053146,0.016735,-0.055766,0.998304,0,0.85444,-0.50849,51.266,-1.017,-1,400.000,-1,400.000,-1,325.000,325.000,300.000,325.000,-1,775.000,850.000,-1,800.000,800.000,-1,-1,2,0,2,0,2,0,0,0,0,2,0,0,2,0,0,2,2
118,-8038.033,6799.470,15.769,186.356,-0.993603,0.110535,0.023121,-0.111634,-0.992314,-0.053397,0.017041,-0.055637,0.998306,0,0.85444,-0.50849,51.266,-1.017,-1,400.000,-1,400.000,-1,325.000,325.000,300.000,300.000,-1,850.000,900.000,-1,800.000,800.000,-1,-1,2,0,2,0,2,0,0,0,0,2,0,0,2,0,0,2,2
119,-8089.077,6794.700,16.594,185.339,-0.995422,0.092906,0.022456,-0.093994,-0.994129,-0.053603,0.017344,-0.055468,0.998310,0,0.85444,-0.50849,51.266,-1.017,-1,400.000,-1,400.000,-1,325.000,325.000,300.000,300.000,-1,950.000,975.000,-1,800.000,800.000,-1,-1,2,0,2,0,2,0,0,0,0,2,0,0,2,0,0,2,2
120,-8140.198,6790.837,17.467,184.322,-0.996927,0.075248,0.021781,-0.076325,-0.995633,-0.053760,0.017641,-0.055257,0.998316,0,0.85444,-0.50849,51.266,-1.017,-1,400.000,-1,400.000,-1,325.000,325.000,300.000,300.000,-1,-1,-1,-1,800.000,800.000,-1,-1,2,0,2,0,2,0,0,0,0,2,2,2,2,0,0,2,2
121,-8191.380,6787.881,18.385,183.305,-0.998119,0.057565,0.021099,-0.058630,-0.996825,-0.053868,0.017931,-0.055004,0.998325,0,0.85444,-0.50849,51.266,-1.017,-1,400.000,-1,400.000,-1,325.000,325.000,300.000,325.000,-1,-1,-1,-1,800.000,800.000,-1,-1,2,0,2,0,2,0,0,0,0,2,2,2,2,0,0,2,2
122,-8242.605,6785.835,19.350,182.288,-0.998997,0.039865,0.020410,-0.040915,-0.997706,-0.053926,0.018214,-0.054707,0.998336,0,0.85444,-0.50849,51.266,-1.017,-1,400.000,-1,400.000,-1,325.000,325.000,300.000,325.000,-1,-1,-1,-1,800.000,800.000,-1,-1,2,0,2,0,2,0,0,0,0,2,2,2,2,0,0,2,2
123,-8293.859,6784.698,20.359,181.271,-0.999560,0.022151,0.019716,-0.023186,-0.998275,-0.053931,0.018487,-0.054364,0.998350,0,0.85444,-0.50849,51.266,-1.017,-1,400.000,-1,400.000,-1,325.000,325.000,300.000,325.000,-1,-1,-1,-1,800.000,800.000,-1,-1,2,0,2,0,2,0,0,0,0,2,2,2,2,0,0,2,2
124,-8345.125,6784.471,21.413,180.254,-0.999809,0.004429,0.019017,-0.005449,-0.998532,-0.053882,0.018750,-0.053975,0.998366,0,0.85444,-0.50849,51.266,-1.017,-1,400.000,-1,400.000,-1,325.000,325.000,300.000,325.000,-1,-1,-1,-1,800.000,825.000,-1,-1,2,0,2,0,2,0,0,0,0,2,2,2,2,0,0,2,2
125,-8396.387,6785.154,22.512,179.237,-0.999744,-0.013294,0.018315,0.012292,-0.998477,-0.053777,0.019002,-0.053538,0.998385,0,0.85444,-0.50849,51.266,-1.017,-1,400.000,-1,400.000,-1,325.000,325.000,300.000,325.000,-1,-1,-1,-1,775.000,825.000,-1,-1,2,0,2,0,2,0,0,0,0,2,2,2,2,0,0,2,2
126,-8447.629,6786.746,23.654,178.220,-0.999364,-0.031015,0.017611,0.030031,-0.998110,-0.053614,0.019241,-0.053051,0.998406,0,0.85444,-0.50849,51.266,-1.017,-1,400.000,-1,400.000,-1,325.000,325.000,300.000,325.000,-1,-1,-1,-1,775.000,825.000,-1,-1,2,0,2,0,2,0,0,0,0,2,2,2,2,0,0,2,2
127,-8498.835,6789.248,24.839,177.203,-0.998669,-0.048726,0.016908,0.047762,-0.997431,-0.053393,0.019466,-0.052514,0.998430,0,0.85444,-0.50849,51.266,-1.017,-1,400.000,-1,400.000,-1,325.000,325.000,300.000,325.000,-1,-1,-1,-1,775.000,825.000,-1,-1,2,0,2,0,2,0,0,0,0,2,2,2,2,0,0,2,2
128,-8549.988,6792.658,25.884,176.186,-0.997658,-0.066422,0.016303,0.065465,-0.996419,-0.053520,0.019800,-0.052328,0.998434,0,0.85444,-0.50849,51.266,-1.017,-1,400.000,-1,400.000,-1,325.000,325.000,300.000,325.000,-1,-1,-1,-1,775.000,825.000,-1,-1,2,0,2,0,2,0,0,0,0,2,2,2,2,0,0,2,2
129,-8601.072,6796.976,26.753,175.169,-0.996335,-0.084100,0.015600,0.083166,-0.995120,-0.053106,0.019990,-0.051614,0.998467,0,0.85444,-0.50849,51.266,-1.017,-1,400.000,-1,400.000,-1,325.000,325.000,300.000,325.000,-1,-1,-1,-1,775.000,800.000,-1,-1,2,0,2,0,2,0,0,0,0,2,2,2,2,0,0,2,2
130,-8652.072,6802.199,27.663,174.152,-0.994698,-0.101753,0.014903,0.100843,-0.993509,-0.052633,0.020162,-0.050851,0.998503,0,0.85444,-0.50849,51.266,-1.017,-1,400.000,-1,400.000,-1,325.000,325.000,300.000,325.000,-1,-1,-1,-1,775.000,800.000,-1,-1,2,0,2,0,2,0,0,0,0,2,2,2,2,0,0,2,2
131,-8702.971,6808.328,28.613,173.135,-0.992747,-0.119375,0.014215,0.118490,-0.991587,-0.052102,0.020315,-0.050040,0.998541,0,0.85444,-0.50849,51.266,-1.017,-1,400.000,-1,400.000,-1,325.000,325.000,300.000,325.000,-1,-1,-1,-1,750.000,800.000,-1,-1,2,0,2,0,2,0,0,0,0,2,2,2,2,0,0,2,2
132,-8753.753,6815.358,29.602,172.118,-0.990484,-0.136962,0.013538,0.136101,-0.989355,-0.051514,0.020449,-0.049181,0.998581,0,0.85444,-0.50849,51.266,-1.017,-1,400.000,-1,400.000,-1,325.000,325.000,300.000,325.000,-1,-1,-1,-1,750.000,800.000,-1,-1,2,0,2,0,2,0,0,0,0,2,2,2,2,0,0,2,2
133,-8804.402,6823.289,30.630,171.101,-0.987908,-0.154507,0.012874,0.153672,-0.986812,-0.050868,0.020564,-0.048275,0.998622,0,0.85444,-0.50849,51.266,-1.017,-1,400.000,-1,400.000,-1,325.000,325.000,300.000,325.000,-1,-1,-1,-1,750.000,800.000,-1,-1,2,0,2,0,2,0,0,0,0,2,2,2,2,0,0,2,2
134,-8854.903,6832.117,31.694,170.084,-0.985020,-0.172005,0.012226,0.171197,-0.983959,-0.050166,0.020658,-0.047321,0.998666,0,0.85444,-0.50849,51.266,-1.017,-1,400.000,-1,400.000,-1,325.000,325.000,300.000,300.000,-1,-1,-1,-1,750.000,775.000,-1,-1,2,0,2,0,2,0,0,0,0,2,2,2,2,0,0,2,2
135,-8905.239,6841.841,32.795,169.067,-0.981822,-0.189450,0.011595,0.188669,-0.980797,-0.049406,0.020733,-0.046320,0.998711,0,0.85444,-0.50849,51.266,-1.017,-1,400.000,-1,400.000,-1,325.000,325.000,300.000,300.000,-1,-1,-1,-1,750.000,775.000,-1,-1,2,0,2,0,2,0,0,0,0,2,2,2,2,0,0,2,2
136,-8956.303,6852.425,33.939,168.290,-0.979171,-0.202742,0.010980,0.201992,-0.978181,-0.048593,0.020593,-0.045363,0.998758,0,0.86917,-0.38849,52.150,-0.777,-1,375.000,-1,400.000,-1,325.000,325.000,300.000,300.000,-1,-1,-1,-1,725.000,775.000,-1,-1,2,0,2,0,2,0,0,0,0,2,2,2,2,0,0,2,2
137,-9007.267,6863.488,35.096,167.753,-0.977234,-0.211909,0.010384,0.211194,-0.976277,-0.047754,0.020257,-0.044473,0.998805,0,0.86917,-0.26849,52.150,-0.537,-1,375.000,-1,400.000,-1,325.000,325.000,300.000,300.000,-1,-1,-1,-1,725.000,775.000,-1,-1,2,0,2,0,2,0,0,0,0,2,2,2,2,0,0,2,2
