timestep,x_cm,y_cm,z_cm,yaw_deg,basis_xx,basis_xy,basis_xz,basis_yx,basis_yy,basis_yz,basis_zx,basis_zy,basis_zz,teleport_flag,throttle_cmd,steering_cmd,cmd_move_cm,cmd_turn_deg,lidar_cm_0,lidar_cm_1,lidar_cm_2,lidar_cm_3,lidar_cm_4,lidar_cm_5,lidar_cm_6,lidar_cm_7,lidar_cm_8,lidar_cm_9,lidar_cm_10,lidar_cm_11,lidar_cm_12,lidar_cm_13,lidar_cm_14,lidar_cm_15,lidar_cm_16,lidar_class_0,lidar_class_1,lidar_class_2,lidar_class_3,lidar_class_4,lidar_class_5,lidar_class_6,lidar_class_7,lidar_class_8,lidar_class_9,lidar_class_10,lidar_class_11,lidar_class_12,lidar_class_13,lidar_class_14,lidar_class_15,lidar_class_16
0,-986.717,2299.649,-96.459,125.882,-0.585468,-0.809927,0.035280,0.810382,-0.585897,-0.002301,0.022534,0.027243,0.999375,1,0.08000,0.12000,4.800,0.240,-1,375.000,-1,400.000,-1,300.000,325.000,300.000,300.000,-1,450.000,450.000,-1,675.000,775.000,-1,-1,2,0,2,0,2,0,0,0,0,2,1,0,2,0,0,2,2
1,-992.409,2307.379,-96.260,126.362,-0.592218,-0.804986,0.035697,0.805451,-0.592659,-0.002229,0.022950,0.027433,0.999360,0,0.16000,0.24000,9.600,0.480,-1,375.000,-1,400.000,-1,300.000,325.000,300.000,300.000,-1,475.000,450.000,-1,675.000,775.000,-1,-1,2,0,2,0,2,0,0,0,0,2,1,0,2,0,0,2,2
2,-1001.091,2318.867,-95.859,127.082,-0.602262,-0.797477,0.036211,0.797942,-0.602729,-0.002553,0.023862,0.027357,0.999341,0,0.24000,0.36000,14.400,0.720,-1,375.000,-1,400.000,-1,300.000,325.000,300.000,300.000,-1,500.000,450.000,-1,675.000,775.000,-1,-1,2,0,2,0,2,0,0,0,0,2,1,0,2,0,0,2,2
3,-1012.923,2333.988,-95.315,128.042,-0.615504,-0.787269,0.036919,0.787735,-0.616007,-0.002958,0.025071,0.027262,0.999314,0,0.32000,0.48000,19.200,0.960,-1,375.000,-1,400.000,-1,300.000,325.000,300.000,300.000,-1,525.000,425.000,-1,700.000,775.000,-1,-1,2,0,2,0,2,0,0,0,0,2,1,0,2,0,0,2,2
4,-1028.105,2352.576,-94.619,129.242,-0.631812,-0.774198,0.037835,0.774666,-0.632361,-0.003417,0.026571,0.027151,0.999278,0,0.40000,0.60000,24.000,1.200,-1,375.000,-1,400.000,-1,300.000,325.000,300.000,300.000,-1,525.000,425.000,-1,700.000,775.000,-1,-1,2,0,2,0,2,0,0,0,0,2,0,0,2,0,0,2,2
5,-1046.879,2374.416,-93.763,130.682,-0.651014,-0.758065,0.038978,0.758536,-0.651619,-0.003896,0.028352,0.027030,0.999232,0,0.48000,0.72000,28.800,1.440,-1,375.000,-1,400.000,-1,325.000,325.000,300.000,300.000,-1,500.000,400.000,-1,700.000,775.000,-1,-1,2,0,2,0,2,0,0,0,0,2,0,0,2,0,0,2,2
6,-1069.519,2399.243,-92.656,132.362,-0.672909,-0.738643,0.039996,0.739110,-0.673571,-0.004375,0.030172,0.026617,0.999190,0,0.56000,0.84000,33.600,1.680,-1,375.000,-1,400.000,-1,325.000,325.000,300.000,300.000,-1,500.000,400.000,-1,700.000,775.000,-1,-1,2,0,2,0,2,0,0,0,0,2,0,0,2,0,0,2,2
7,-1096.329,2426.734,-91.351,134.282,-0.697222,-0.715670,0.041217,0.716132,-0.697949,-0.004807,0.032207,0.026165,0.999139,0,0.64000,0.96000,38.400,1.920,-1,375.000,-1,400.000,-1,325.000,325.000,300.000,300.000,-1,475.000,400.000,-1,700.000,800.000,-1,-1,2,0,2,0,2,0,0,0,0,2,0,0,2,0,0,2,2
8,-1126.181,2455.356,-89.924,136.205,-0.720781,-0.691849,0.042655,0.692314,-0.721579,-0.005090,0.034301,0.025862,0.999077,0,0.68927,0.96158,41.356,1.923,-1,375.000,-1,400.000,-1,325.000,325.000,300.000,300.000,-1,475.000,400.000,-1,700.000,800.000,-1,-1,2,0,2,0,2,0,0,0,0,2,0,0,2,0,0,2,2
9,-1157.526,2483.485,-88.446,138.095,-0.743133,-0.667681,0.044230,0.668154,-0.744004,-0.005196,0.036376,0.025691,0.999008,0,0.70192,0.94489,42.115,1.890,-1,375.000,-1,400.000,-1,325.000,325.000,300.000,300.000,-1,475.000,400.000,-1,700.000,800.000,-1,-1,2,0,2,0,2,0,0,0,0,2,0,0,2,0,0,2,2
10,-1190.344,2511.071,-86.918,139.951,-0.764292,-0.643233,0.045927,0.643725,-0.765240,-0.005107,0.038431,0.025661,0.998932,0,0.71454,0.92804,42.873,1.856,-1,375.000,-1,400.000,-1,325.000,325.000,300.000,300.000,-1,475.000,400.000,-1,700.000,800.000,-1,-1,2,0,2,0,2,0,0,0,0,2,0,0,2,0,0,2,2
11,-1224.616,2538.066,-85.314,141.773,-0.784268,-0.618573,0.047862,0.619096,-0.785301,-0.004781,0.040543,0.025881,0.998843,0,0.72710,0.91103,43.626,1.822,-1,375.000,-1,400.000,-1,325.000,325.000,300.000,300.000,-1,475.000,400.000,-1,700.000,800.000,-1,-1,2,0,2,0,2,0,0,0,0,2,0,0,2,0,0,2,2
12,-1260.315,2564.423,-83.568,143.561,-0.803063,-0.593761,0.050380,0.594346,-0.804199,-0.004074,0.042934,0.026671,0.998722,0,0.73958,0.89387,44.375,1.788,-1,375.000,-1,400.000,-1,325.000,325.000,300.000,325.000,-1,475.000,400.000,-1,700.000,800.000,-1,-1,2,0,2,0,2,0,0,0,0,2,0,0,2,0,0,2,2
13,-1297.415,2590.098,-81.803,145.314,-0.820725,-0.568863,0.052970,0.569532,-0.821964,-0.002933,0.045208,0.027761,0.998592,0,0.75196,0.87658,45.117,1.753,-1,375.000,-1,400.000,-1,325.000,325.000,300.000,300.000,-1,475.000,400.000,-1,700.000,800.000,-1,-1,2,0,2,0,2,0,0,0,0,2,0,0,2,0,0,2,2
14,-1335.884,2615.049,-79.989,147.032,-0.837279,-0.543940,0.055615,0.544712,-0.838622,-0.001491,0.047451,0.029045,0.998451,0,0.76421,0.85916,45.853,1.718,-1,375.000,-1,400.000,-1,325.000,325.000,300.000,300.000,-1,475.000,400.000,-1,725.000,800.000,-1,-1,2,0,2,0,2,0,0,0,0,2,0,0,2,0,0,2,2
15,-1379.079,2641.506,-77.969,148.510,-0.850879,-0.522093,0.058513,0.523009,-0.852327,0.000398,0.049664,0.030941,0.998287,0,0.84421,0.73916,50.653,1.478,-1,375.000,-1,400.000,-1,325.000,325.000,300.000,300.000,-1,475.000,400.000,-1,750.000,800.000,-1,-1,2,0,2,0,2,0,0,0,0,2,0,0,2,0,0,2,2
16,-1425.104,2668.348,-75.307,149.749,-0.861936,-0.503544,0.059245,0.504520,-0.863398,0.001780,0.050256,0.031425,0.998242,0,0.88802,0.61916,53.281,1.238,-1,375.000,-1,400.000,-1,325.000,325.000,300.000,300.000,-1,525.000,425.000,-1,775.000,800.000,-1,-1,2,0,2,0,2,0,0,0,0,2,0,0,2,0,0,2,2
17,-1472.279,2694.771,-72.534,150.747,-0.870569,-0.488417,0.059653,0.489448,-0.872027,0.003121,0.050495,0.031915,0.998214,0,0.90118,0.49916,54.071,0.998,-1,375.000,-1,400.000,-1,325.000,325.000,300.000,300.000,-1,575.000,475.000,-1,800.000,800.000,-1,-1,2,0,2,0,2,0,0,0,0,2,0,0,2,0,0,2,2
18,-1520.495,2720.935,-69.596,151.513,-0.876985,-0.476725,0.060250,0.477772,-0.878477,0.003446,0.051285,0.031808,0.998177,0,0.91429,0.38274,54.857,0.765,-1,375.000,-1,400.000,-1,325.000,325.000,300.000,300.000,-1,625.000,525.000,-1,825.000,800.000,-1,-1,2,0,2,0,2,0,0,0,0,2,0,0,2,0,0,2,2
19,-1570.951,2747.519,-66.541,152.217,-0.882745,-0.465890,0.060891,0.466957,-0.884272,0.003782,0.052083,0.031772,0.998137,0,0.95051,0.35217,57.031,0.704,-1,375.000,-1,400.000,-1,325.000,325.000,300.000,300.000,-1,650.000,575.000,-1,850.000,825.000,-1,-1,2,0,2,0,2,0,0,0,0,2,0,0,2,0,0,2,2
20,-1622.479,2773.887,-63.453,152.900,-0.888201,-0.455315,0.061547,0.456405,-0.889762,0.004183,0.052858,0.031806,0.998095,0,0.96471,0.34154,57.883,0.683,-1,375.000,-1,400.000,-1,325.000,325.000,300.000,300.000,-1,700.000,600.000,-1,875.000,850.000,-1,-1,2,0,2,0,2,0,0,0,0,2,0,0,2,0,0,2,2
21,-1675.010,2800.002,-60.337,153.566,-0.893398,-0.444937,0.062215,0.446055,-0.894994,0.004648,0.053614,0.031904,0.998052,0,0.97775,0.33312,58.665,0.666,-1,400.000,-1,400.000,-1,325.000,325.000,300.000,300.000,-1,750.000,650.000,-1,900.000,875.000,-1,-1,2,0,2,0,2,0,0,0,0,2,0,0,2,0,0,2,2
22,-1728.204,2825.673,-57.212,154.238,-0.898516,-0.434412,0.062887,0.435561,-0.900144,0.005174,0.054360,0.032040,0.998007,0,0.98440,0.33586,59.064,0.672,-1,400.000,-1,400.000,-1,325.000,325.000,300.000,300.000,-1,800.000,700.000,-1,925.000,875.000,-1,-1,2,0,2,0,2,0,0,0,0,2,0,0,2,1,0,2,2
23,-1782.061,2850.884,-54.078,154.915,-0.903551,-0.423739,0.063564,0.424923,-0.905211,0.005759,0.055098,0.032213,0.997961,0,0.99109,0.33863,59.466,0.677,-1,400.000,-1,400.000,-1,325.000,325.000,300.000,300.000,-1,825.000,725.000,-1,875.000,900.000,975.000,-1,2,0,2,0,2,0,0,0,0,2,0,0,2,1,0,1,2
24,-1836.583,2875.618,-50.901,155.598,-0.908499,-0.412914,0.064279,0.414156,-0.910181,0.006759,0.055714,0.032761,0.997909,0,0.99783,0.34143,59.870,0.683,-1,425.000,-1,425.000,-1,325.000,325.000,300.000,300.000,-1,875.000,775.000,-1,850.000,925.000,925.000,-1,2,0,2,0,2,0,0,0,0,2,0,0,2,1,0,1,2
25,-1891.517,2899.747,-47.666,156.287,-0.913370,-0.401932,0.064850,0.403266,-0.915044,0.008416,0.055958,0.033838,0.997860,0,1.00000,0.34426,60.000,0.689,975.000,425.000,-1,425.000,-1,350.000,350.000,300.000,300.000,-1,925.000,825.000,-1,800.000,925.000,875.000,-1,1,0,2,0,2,0,0,0,0,2,0,0,2,1,0,1,2
26,-1946.739,2923.210,-45.107,156.981,-0.918343,-0.390835,0.062402,0.392073,-0.919895,0.008502,0.054081,0.032274,0.998015,0,1.00000,0.34713,60.000,0.694,900.000,425.000,-1,425.000,-1,350.000,350.000,300.000,300.000,-1,-1,925.000,-1,750.000,925.000,825.000,-1,1,0,2,0,2,0,0,0,0,2,2,0,2,1,0,1,2
27,-2002.243,2945.997,-42.562,157.681,-0.923209,-0.379584,0.060009,0.380733,-0.924645,0.008588,0.052227,0.030776,0.998161,0,1.00000,0.35003,60.000,0.700,825.000,425.000,950.000,425.000,-1,350.000,350.000,300.000,300.000,-1,-1,-1,-1,700.000,925.000,750.000,-1,1,0,1,0,2,0,0,0,0,2,2,2,2,1,0,1,2
28,-2058.024,2968.098,-39.918,158.387,-0.927991,-0.368183,0.057212,0.369222,-0.929303,0.008409,0.050071,0.028928,0.998327,0,1.00000,0.35298,60.000,0.706,750.000,425.000,875.000,425.000,-1,350.000,350.000,275.000,300.000,-1,-1,-1,-1,650.000,875.000,700.000,-1,1,0,1,0,2,0,0,0,0,2,2,2,2,1,1,1,2
29,-2114.075,2989.504,-37.534,159.099,-0.932713,-0.356617,0.053575,0.357592,-0.933829,0.009553,0.046623,0.028068,0.998518,0,1.00000,0.35598,60.000,0.712,675.000,425.000,800.000,425.000,-1,350.000,350.000,300.000,300.000,-1,-1,-1,-1,600.000,800.000,625.000,-1,1,0,1,0,2,0,0,0,0,2,2,2,2,1,1,1,2
30,-2170.390,3010.205,-35.408,159.817,-0.937334,-0.344884,0.049591,0.345833,-0.938222,0.011769,0.042468,0.028182,0.998700,0,1.00000,0.35905,60.000,0.718,625.000,425.000,725.000,425.000,-1,350.000,350.000,300.000,300.000,-1,-1,-1,-1,550.000,725.000,575.000,975.000,1,0,1,0,2,0,0,0,0,2,2,2,2,1,1,1,1
31,-2226.962,3030.193,-33.276,160.541,-0.941825,-0.332994,0.045625,0.333905,-0.942505,0.013859,0.038387,0.028287,0.998862,0,1.00000,0.36220,60.000,0.724,550.000,425.000,650.000,425.000,-1,350.000,325.000,300.000,300.000,-1,-1,-1,-1,500.000,650.000,500.000,850.000,1,1,1,0,2,0,0,0,0,2,2,2,2,1,1,1,1
32,-2283.785,3049.457,-31.137,161.272,-0.946181,-0.320942,0.041679,0.321806,-0.946673,0.015822,0.034378,0.028383,0.999006,0,1.00000,0.36547,60.000,0.731,475.000,375.000,600.000,400.000,-1,325.000,325.000,300.000,300.000,-1,-1,-1,-1,450.000,575.000,450.000,750.000,1,1,1,0,2,0,0,0,0,2,2,2,2,1,1,1,1
33,-2340.851,3067.988,-28.993,162.010,-0.950401,-0.308726,0.037751,0.309533,-0.950725,0.017660,0.030438,0.028469,0.999131,0,1.00000,0.36885,60.000,0.738,425.000,350.000,525.000,400.000,-1,325.000,325.000,300.000,300.000,-1,-1,-1,-1,400.000,525.000,375.000,650.000,1,1,1,0,2,1,0,0,0,2,2,2,2,1,1,1,1
34,-2398.153,3085.776,-26.842,162.755,-0.954482,-0.296342,0.033840,0.297082,-0.954655,0.019374,0.026564,0.028546,0.999239,0,1.00000,0.37239,60.000,0.745,350.000,300.000,450.000,375.000,775.000,300.000,325.000,300.000,300.000,-1,-1,-1,-1,350.000,450.000,325.000,550.000,1,1,1,1,1,1,1,0,0,2,2,2,2,1,1,1,1
35,-2455.684,3102.810,-24.684,163.507,-0.958421,-0.283782,0.029946,0.284449,-0.958462,0.020966,0.022752,0.028612,0.999332,0,1.00000,0.37612,60.000,0.752,300.000,250.000,375.000,325.000,625.000,250.000,275.000,325.000,300.000,-1,-1,-1,-1,300.000,375.000,275.000,475.000,1,1,1,1,1,1,1,0,0,2,2,2,2,1,1,1,1
36,-2513.436,3119.079,-22.519,164.267,-0.962215,-0.271041,0.026067,0.271628,-0.962141,0.022436,0.018999,0.028669,0.999408,0,1.00000,0.38006,60.000,0.760,225.000,225.000,325.000,275.000,500.000,200.000,225.000,325.000,300.000,-1,-1,-1,-1,250.000,325.000,200.000,400.000,1,1,1,1,1,1,1,0,0,2,2,2,2,1,1,1,1
37,-2571.401,3134.572,-20.217,165.036,-0.965775,-0.258107,0.025695,0.258703,-0.965673,0.023429,0.018765,0.029275,0.999395,0,1.00000,0.38427,60.000,0.769,175.000,175.000,250.000,225.000,400.000,175.000,200.000,325.000,300.000,-1,-1,-1,-1,200.000,250.000,150.000,325.000,1,1,1,1,1,1,1,0,0,2,2,2,2,1,1,1,1
38,-2629.581,3149.249,-8.741,165.813,-0.967459,-0.244523,0.065047,0.248054,-0.967286,0.053176,0.049917,0.067581,0.996464,0,1.00000,0.38879,60.000,0.778,175.000,150.000,250.000,200.000,325.000,150.000,175.000,450.000,275.000,-1,-1,-1,-1,175.000,225.000,150.000,275.000,1,1,1,1,1,1,1,0,0,2,2,2,2,1,1,1,1
39,-2687.966,3163.098,2.533,166.601,-0.967466,-0.230404,0.104519,0.239502,-0.967181,0.084847,0.081540,0.107119,0.990897,0,1.00000,0.39369,60.000,0.787,150.000,150.000,225.000,175.000,250.000,150.000,150.000,600.000,250.000,-1,475.000,75.000,700.000,175.000,200.000,150.000,225.000,1,1,1,1,1,1,1,0,0,2,0,0,0,1,1,1,1
40,2951.762,-4263.568,67.816,-88.493,0.037331,0.992111,-0.119679,-0.995219,0.026095,-0.094113,-0.090248,0.122620,0.988342,1,0.00000,0.00000,60.000,0.798,375.000,450.000,-1,650.000,-1,450.000,525.000,200.000,75.000,-1,-1,-1,-1,625.000,900.000,550.000,-1,1,1,2,1,2,1,1,1,1,2,2,2,2,1,1,1,2
41,-5573.344,4923.818,-84.234,64.252,0.434502,-0.900289,-0.026222,0.900665,0.434212,0.016182,-0.003182,-0.030648,0.999525,1,0.08000,-0.12000,4.800,-0.240,-1,400.000,-1,425.000,-1,325.000,325.000,300.000,300.000,-1,650.000,575.000,-1,725.000,900.000,-1,-1,2,0,2,0,2,0,0,0,0,2,0,0,2,0,0,2,2
42,-5569.101,4932.429,-84.327,63.772,0.442020,-0.896622,-0.026234,0.897001,0.441740,0.015973,-0.002734,-0.030592,0.999528,0,0.16000,-0.24000,9.600,-0.480,-1,400.000,-1,425.000,-1,325.000,325.000,300.000,300.000,-1,650.000,575.000,-1,725.000,900.000,-1,-1,2,0,2,0,2,0,0,0,0,2,0,0,2,0,0,2,2
43,-5562.575,4945.266,-84.465,63.052,0.453239,-0.891002,-0.026255,0.891386,0.452973,0.015679,-0.002077,-0.030510,0.999532,0,0.24000,-0.36000,14.400,-0.720,-1,400.000,-1,425.000,-1,325.000,325.000,300.000,300.000,-1,650.000,600.000,-1,725.000,900.000,-1,-1,2,0,2,0,2,0,0,0,0,2,0,0,2,0,0,2,2
44,-5553.589,4962.233,-84.646,62.092,0.468088,-0.883291,-0.026291,0.883681,0.467839,0.015320,-0.001232,-0.030404,0.999537,0,0.32000,-0.48000,19.200,-0.960,-1,400.000,-1,425.000,-1,325.000,325.000,300.000,300.000,-1,675.000,600.000,-1,750.000,900.000,-1,-1,2,0,2,0,2,0,0,0,0,2,0,0,2,0,0,2,2
45,-5541.941,4983.217,-84.867,60.967,0.485313,-0.873944,-0.026328,0.874340,0.485084,0.014922,-0.000270,-0.030262,0.999542,0,0.40000,-0.56220,24.000,-1.124,-1,400.000,-1,425.000,-1,325.000,325.000,300.000,300.000,-1,700.000,625.000,-1,750.000,925.000,-1,-1,2,0,2,0,2,0,0,0,0,2,0,0,2,0,0,2,2
46,-5527.473,5008.119,-85.123,59.843,0.502353,-0.864262,-0.026323,0.864663,0.502144,0.014509,0.000678,-0.030049,0.999548,0,0.48000,-0.56221,28.800,-1.124,-1,400.000,-1,425.000,-1,325.000,325.000,300.000,300.000,-1,725.000,650.000,-1,775.000,925.000,-1,-1,2,0,2,0,2,0,0,0,0,2,0,0,2,0,0,2,2
47,-5510.026,5036.835,-85.423,58.719,0.519201,-0.854248,-0.026275,0.854651,0.519011,0.014139,0.001558,-0.029797,0.999555,0,0.56000,-0.56223,33.600,-1.124,-1,400.000,-1,425.000,-1,325.000,350.000,300.000,300.000,-1,750.000,675.000,-1,775.000,925.000,-1,-1,2,0,2,0,2,0,0,0,0,2,0,0,2,0,0,2,2
48,-5489.446,5069.255,-85.615,57.594,0.535876,-0.843921,-0.025184,0.844295,0.535690,0.014205,0.001503,-0.028875,0.999582,0,0.64000,-0.56224,38.400,-1.124,-1,400.000,-1,425.000,-1,325.000,350.000,275.000,300.000,-1,825.000,725.000,-1,775.000,950.000,-1,-1,2,0,2,0,2,0,0,0,0,2,0,0,2,0,0,2,2
49,-5465.583,5105.266,-85.715,56.470,0.552361,-0.833282,-0.023205,0.833605,0.552172,0.014459,0.000764,-0.027331,0.999626,0,0.72000,-0.56222,43.200,-1.124,-1,400.000,-1,425.000,-1,325.000,350.000,275.000,300.000,-1,925.000,825.000,-1,800.000,925.000,-1,-1,2,0,2,0,2,0,0,0,0,2,0,0,2,0,0,2,2
50,-5438.289,5144.750,-85.878,55.345,0.568633,-0.822322,-0.021049,0.822591,0.568439,0.014856,-0.000251,-0.025762,0.999668,0,0.80000,-0.56214,48.000,-1.124,-1,400.000,-1,425.000,-1,325.000,350.000,275.000,300.000,-1,-1,925.000,-1,800.000,925.000,-1,-1,2,0,2,0,2,0,0,0,0,2,2,0,2,0,0,2,2
51,-5409.828,5184.242,-86.023,54.221,0.584677,-0.811049,-0.018789,0.811266,0.584485,0.015006,-0.001189,-0.024016,0.999711,0,0.81130,-0.56197,48.678,-1.124,-1,400.000,-1,425.000,-1,325.000,350.000,275.000,300.000,-1,-1,-1,-1,800.000,925.000,-1,-1,2,0,2,0,2,0,0,0,0,2,2,2,2,0,0,2,2
52,-5380.645,5223.106,-86.200,53.098,0.600485,-0.799465,-0.016543,0.799633,0.600297,0.015165,-0.002194,-0.022335,0.999748,0,0.81002,-0.56169,48.601,-1.123,-1,400.000,-1,425.000,-1,325.000,350.000,300.000,275.000,-1,-1,-1,-1,825.000,925.000,-1,-1,2,0,2,0,2,0,0,0,0,2,2,2,2,0,0,2,2
53,-5350.753,5261.332,-86.434,51.975,0.616050,-0.787576,-0.014342,0.787700,0.615865,0.015462,-0.003344,-0.020823,0.999778,0,0.80876,-0.56130,48.526,-1.123,-1,400.000,-1,425.000,-1,325.000,350.000,275.000,275.000,-1,-1,-1,-1,825.000,925.000,-1,-1,2,0,2,0,2,0,0,0,0,2,2,2,2,0,0,2,2
54,-5320.166,5298.908,-86.725,50.854,0.631364,-0.775391,-0.012181,0.775473,0.631181,0.015897,-0.004638,-0.019483,0.999799,0,0.80753,-0.56081,48.452,-1.122,-1,400.000,-1,425.000,-1,325.000,350.000,275.000,275.000,-1,-1,-1,-1,825.000,900.000,-1,-1,2,0,2,0,2,0,0,0,0,2,2,2,2,0,0,2,2
55,-5288.895,5335.824,-87.037,49.733,0.646420,-0.762915,-0.010076,0.762957,0.646235,0.016649,-0.006190,-0.018450,0.999811,0,0.80633,-0.56022,48.380,-1.120,-1,400.000,-1,425.000,-1,325.000,350.000,275.000,275.000,-1,-1,-1,-1,825.000,900.000,-1,-1,2,0,2,0,2,0,0,0,0,2,2,2,2,0,1,2,2
56,-5253.903,5375.869,-87.391,48.853,0.658081,-0.752906,-0.007829,0.752901,0.657891,0.017857,-0.008294,-0.017646,0.999810,0,0.88633,-0.44022,53.180,-0.880,-1,400.000,-1,425.000,-1,325.000,325.000,275.000,275.000,-1,-1,-1,-1,800.000,875.000,-1,-1,2,0,2,0,2,0,0,0,0,2,2,2,2,0,1,2,2
57,-5215.267,5419.100,-87.895,48.213,0.666465,-0.745517,-0.005366,0.745459,0.666276,0.019175,-0.010720,-0.016779,0.999802,0,0.96633,-0.32022,57.980,-0.640,-1,400.000,-1,425.000,-1,325.000,325.000,275.000,275.000,-1,-1,-1,-1,800.000,825.000,-1,-1,2,0,2,0,2,0,0,0,0,2,2,2,2,0,1,2,2
58,-5176.420,5461.961,-88.528,47.812,0.671661,-0.740853,-0.002890,0.740740,0.671480,0.020481,-0.013232,-0.015897,0.999786,0,0.96410,-0.20022,57.846,-0.400,-1,400.000,-1,425.000,-1,325.000,325.000,275.000,275.000,-1,-1,-1,-1,800.000,800.000,-1,-1,2,0,2,0,2,0,0,0,0,2,2,2,2,0,1,2,2
59,-5137.558,5504.598,-89.325,47.652,0.673730,-0.738977,-0.000706,0.738813,0.673559,0.021787,-0.015625,-0.015201,0.999762,0,0.96150,-0.08022,57.690,-0.160,-1,400.000,-1,425.000,-1,325.000,325.000,275.000,275.000,-1,-1,-1,-1,775.000,775.000,-1,975.000,2,0,2,0,2,0,0,0,0,2,2,2,2,0,1,2,1
60,-5098.866,5547.166,-90.171,47.731,0.672702,-0.739913,0.000646,0.739706,0.672533,0.023122,-0.017543,-0.015076,0.999732,0,0.95874,0.03978,57.524,0.080,-1,400.000,-1,425.000,975.000,325.000,325.000,275.000,275.000,-1,-1,-1,-1,775.000,750.000,-1,925.000,2,0,2,0,1,0,0,0,0,2,2,2,2,0,1,2,1
61,-5060.527,5589.821,-91.166,48.051,0.668561,-0.743655,0.001940,0.743403,0.668398,0.024416,-0.019454,-0.014881,0.999700,0,0.95588,0.15978,57.353,0.320,-1,400.000,-1,425.000,875.000,325.000,325.000,275.000,275.000,-1,-1,-1,-1,750.000,725.000,-1,875.000,2,0,2,0,1,0,0,0,0,2,2,2,2,0,1,2,1
62,-5022.722,5632.719,-92.313,48.610,0.661260,-0.750150,0.003189,0.749853,0.661107,0.025647,-0.021347,-0.014568,0.999666,0,0.95299,0.27978,57.180,0.560,1000.000,400.000,-1,425.000,800.000,325.000,325.000,275.000,275.000,-1,-1,-1,-1,750.000,700.000,-1,800.000,1,0,2,0,1,0,0,0,0,2,2,2,2,0,1,2,1
63,-4983.683,5678.282,-93.591,49.410,0.650708,-0.759312,0.004960,0.758961,0.650582,0.026836,-0.023603,-0.013698,0.999628,0,1.00000,0.39978,60.000,0.800,950.000,400.000,-1,425.000,725.000,325.000,325.000,275.000,300.000,-1,-1,-1,-1,725.000,650.000,-1,750.000,1,0,2,0,1,0,0,0,0,2,2,2,2,0,1,2,1
64,-4945.477,5724.546,-95.031,50.449,0.636797,-0.771002,0.006779,0.770598,0.636709,0.027927,-0.025848,-0.012559,0.999587,0,1.00000,0.51978,60.000,1.040,900.000,400.000,-1,425.000,675.000,325.000,325.000,275.000,300.000,-1,-1,-1,-1,725.000,625.000,-1,700.000,1,0,2,0,1,0,0,0,0,2,2,2,2,0,1,2,1
65,-4908.314,5771.651,-96.644,51.729,0.619384,-0.785041,0.008613,0.784588,0.619344,0.028889,-0.028013,-0.011136,0.999546,0,1.00000,0.63978,60.000,1.280,850.000,375.000,-1,425.000,600.000,325.000,325.000,275.000,300.000,-1,-1,-1,-1,700.000,600.000,1000.000,625.000,1,0,2,0,1,0,0,0,0,2,2,2,2,0,1,1,1
66,-4872.413,5819.725,-98.312,53.249,0.598293,-0.801207,0.010641,0.800728,0.598321,0.029096,-0.029678,-0.008887,0.999520,0,1.00000,0.75978,60.000,1.520,800.000,375.000,-1,425.000,550.000,325.000,325.000,275.000,300.000,-1,-1,-1,925.000,700.000,575.000,925.000,575.000,1,0,2,0,1,0,0,0,0,2,2,2,1,0,1,1,1
67,-4838.005,5868.879,-99.859,55.008,0.573326,-0.819222,0.013141,0.818764,0.573453,0.027884,-0.030378,-0.005227,0.999525,0,1.00000,0.87978,60.000,1.760,750.000,375.000,-1,400.000,500.000,325.000,325.000,275.000,300.000,-1,-1,-1,875.000,700.000,575.000,850.000,550.000,1,0,2,0,1,0,0,0,0,2,2,2,1,0,1,1,1
68,-4805.190,5919.110,-101.534,56.845,0.546683,-0.837190,0.015844,0.836769,0.546911,0.026563,-0.030904,-0.001263,0.999522,0,1.00000,0.91826,60.000,1.837,700.000,375.000,-1,400.000,450.000,325.000,325.000,300.000,300.000,-1,-1,-1,850.000,700.000,550.000,775.000,500.000,1,0,2,0,1,0,0,0,0,2,2,2,1,1,1,1,1
69,-4773.980,5970.354,-103.329,58.657,0.519829,-0.854065,0.018760,0.853699,0.520159,0.025146,-0.031235,0.002943,0.999508,0,1.00000,0.90616,60.000,1.812,650.000,375.000,-1,400.000,400.000,325.000,325.000,300.000,275.000,-1,-1,-1,875.000,650.000,525.000,725.000,475.000,1,0,2,1,1,0,0,0,0,2,2,2,1,1,1,1,1
70,-4744.383,6022.546,-105.074,60.443,0.492847,-0.869848,0.021594,0.869533,0.493273,0.024371,-0.031850,0.006765,0.999470,0,1.00000,0.89318,60.000,1.786,600.000,375.000,-1,375.000,375.000,300.000,325.000,300.000,275.000,-1,-1,-1,900.000,625.000,525.000,675.000,450.000,1,0,2,1,1,0,0,0,0,2,2,2,1,1,1,1,1
71,-4716.401,6075.622,-106.703,62.202,0.465840,-0.884554,0.023604,0.884300,0.466332,0.023427,-0.031730,0.009959,0.999447,0,1.00000,0.87937,60.000,1.759,575.000,375.000,-1,375.000,350.000,300.000,300.000,300.000,275.000,-1,-1,-1,950.000,600.000,500.000,600.000,400.000,1,0,2,1,1,0,0,0,1,2,2,2,1,1,1,1,1
72,-4690.035,6129.518,-107.873,63.932,0.438948,-0.898214,0.023180,0.898020,0.439415,0.021785,-0.029754,0.011254,0.999494,0,1.00000,0.86479,60.000,1.730,525.000,375.000,-1,375.000,325.000,300.000,325.000,300.000,275.000,-1,-1,-1,1000.000,575.000,500.000,550.000,400.000,1,0,2,1,1,0,0,0,1,2,2,2,1,1,1,1,1
73,-4665.278,6184.172,-109.110,65.631,0.412143,-0.910833,0.022846,0.910704,0.412583,0.019855,-0.027510,0.012623,0.999542,0,1.00000,0.84955,60.000,1.699,475.000,375.000,-1,350.000,300.000,300.000,325.000,300.000,275.000,-1,-1,-1,-1,525.000,500.000,500.000,375.000,1,0,2,1,1,0,0,0,1,2,2,2,2,1,1,1,1
74,-4642.123,6239.524,-110.410,67.298,0.385488,-0.922436,0.022619,0.922374,0.385895,0.017648,-0.025008,0.014060,0.999588,0,1.00000,0.83379,60.000,1.668,425.000,375.000,-1,350.000,275.000,300.000,325.000,300.000,250.000,-1,-1,-1,-1,500.000,500.000,450.000,350.000,1,1,2,1,1,0,0,0,1,2,2,2,2,1,1,1,1
75,-4620.556,6295.514,-111.767,68.934,0.359035,-0.933052,0.022515,0.933058,0.359404,0.015183,-0.022258,0.015557,0.999631,0,1.00000,0.81769,60.000,1.635,400.000,350.000,-1,350.000,275.000,300.000,325.000,300.000,250.000,-1,-1,-1,-1,475.000,475.000,400.000,350.000,1,1,2,1,1,0,0,0,1,2,2,2,2,1,1,1,1
76,-4600.578,6352.090,-112.982,70.551,0.332626,-0.942810,0.021685,0.942874,0.332928,0.012174,-0.018697,0.016397,0.999691,0,1.00000,0.80848,60.000,1.617,350.000,325.000,-1,350.000,250.000,300.000,325.000,300.000,225.000,-1,-1,650.000,-1,450.000,475.000,375.000,325.000,1,1,2,1,1,1,1,0,1,2,2,0,2,1,1,1,1
77,-4582.199,6409.205,-113.397,72.163,0.306122,-0.951836,0.017262,0.951912,0.306281,0.007461,-0.012389,0.014148,0.999823,0,1.00000,0.80610,60.000,1.612,300.000,300.000,-1,350.000,250.000,300.000,325.000,300.000,225.000,-1,625.000,475.000,-1,425.000,500.000,325.000,350.000,1,1,2,1,1,1,1,0,1,2,0,0,2,1,1,1,1
78,-4565.451,6466.748,-113.965,73.772,0.279377,-0.960080,0.013960,0.960160,0.279438,0.002634,-0.006430,0.012668,0.999899,0,0.99883,0.80455,59.930,1.609,250.000,300.000,-1,350.000,250.000,275.000,325.000,300.000,200.000,-1,400.000,350.000,-1,400.000,500.000,275.000,350.000,1,1,2,1,1,1,1,0,1,2,0,0,2,1,1,1,1
79,-4550.538,6523.926,-113.000,75.380,0.252459,-0.967447,0.017643,0.967604,0.252367,-0.007257,0.002569,0.018903,0.999818,0,0.98485,0.80385,59.091,1.608,225.000,275.000,-1,350.000,275.000,275.000,325.000,300.000,200.000,-1,325.000,275.000,-1,400.000,525.000,250.000,350.000,1,1,2,1,1,1,1,0,1,2,0,0,2,1,1,1,1
80,-4538.098,6576.773,-110.041,76.747,0.229793,-0.972810,0.028900,0.973078,0.229113,-0.025024,0.017723,0.033873,0.999269,0,0.90485,0.68385,54.291,1.368,225.000,300.000,-1,375.000,275.000,275.000,325.000,350.000,200.000,-1,250.000,200.000,900.000,400.000,550.000,250.000,400.000,1,1,2,1,1,1,1,0,1,2,0,0,0,1,1,1,1
81,-4526.904,6628.920,-106.684,77.875,0.211392,-0.976613,0.039258,0.976890,0.209812,-0.040797,0.031606,0.046975,0.998396,0,0.88891,0.56385,53.335,1.128,225.000,300.000,-1,400.000,275.000,275.000,350.000,375.000,175.000,-1,225.000,175.000,500.000,425.000,575.000,250.000,450.000,1,1,2,1,1,1,1,0,1,2,0,0,1,1,1,1,1
82,-4516.611,6680.775,-102.643,78.763,0.197246,-0.979218,0.047176,0.979282,0.194551,-0.056188,0.045842,0.057281,0.997305,0,0.88109,0.44385,52.865,0.888,225.000,300.000,-1,425.000,300.000,300.000,375.000,400.000,175.000,-1,225.000,150.000,400.000,425.000,625.000,250.000,525.000,1,1,2,1,1,1,1,0,1,2,0,0,1,1,1,1,1
83,-4507.000,6732.242,-98.645,79.410,0.187404,-0.980740,0.055028,0.980464,0.183355,-0.071219,0.059758,0.067299,0.995942,0,0.87259,0.32385,52.355,0.648,225.000,300.000,-1,425.000,325.000,300.000,400.000,425.000,175.000,-1,225.000,125.000,350.000,450.000,675.000,250.000,600.000,1,1,2,1,1,1,1,1,1,2,0,0,1,1,1,1,1
84,-4497.053,6787.704,-94.348,79.818,0.181986,-0.981283,0.062965,0.980475,0.176239,-0.087232,0.074502,0.077610,0.994196,0,0.93908,0.20385,56.345,0.408,225.000,325.000,-1,450.000,350.000,325.000,425.000,400.000,175.000,-1,175.000,100.000,300.000,475.000,750.000,250.000,-1,1,1,2,1,1,1,1,1,1,2,0,0,1,1,1,1,2
85,-4487.258,6843.261,-90.103,79.986,0.180866,-0.981008,0.070082,0.979482,0.173227,-0.102988,0.088892,0.087271,0.992211,0,0.94018,0.08385,56.411,0.168,225.000,325.000,-1,475.000,400.000,350.000,475.000,375.000,175.000,-1,175.000,75.000,275.000,550.000,850.000,250.000,-1,1,1,2,1,1,1,1,1,1,2,0,0,1,1,1,1,2
86,-4477.398,6898.782,-85.952,79.914,0.183958,-0.979997,0.075932,0.977544,0.174324,-0.118400,0.102795,0.096007,0.990059,0,0.93978,-0.03615,56.387,-0.072,200.000,350.000,-1,500.000,425.000,375.000,525.000,325.000,175.000,-1,150.000,75.000,250.000,650.000,-1,275.000,-1,1,1,2,1,1,1,1,1,1,2,0,0,1,1,2,1,2
87,-4467.258,6954.117,-81.952,79.601,0.191142,-0.978292,0.080052,0.974678,0.179527,-0.133313,0.116048,0.103507,0.987836,0,0.93753,-0.15615,56.252,-0.312,200.000,400.000,-1,525.000,450.000,425.000,550.000,300.000,175.000,-1,150.000,50.000,225.000,750.000,-1,275.000,-1,1,1,2,1,1,1,1,1,1,2,0,0,1,1,2,1,2
88,-4456.635,7009.086,-78.169,79.049,0.202261,-0.975894,0.081984,0.970870,0.188829,-0.147498,0.128461,0.109429,0.985659,0,0.93302,-0.27615,55.981,-0.552,200.000,450.000,-1,550.000,525.000,475.000,575.000,250.000,150.000,-1,125.000,50.000,200.000,875.000,-1,-1,-1,1,1,2,1,1,1,1,1,1,2,0,0,1,1,2,2,2
89,9511.017,-3607.630,292.711,-87.269,0.048244,0.998778,-0.010739,-0.997575,0.047641,-0.050732,-0.050159,0.013161,0.998655,1,0.00000,0.00000,55.551,-0.586,-1,400.000,-1,400.000,-1,325.000,325.000,325.000,325.000,-1,-1,-1,-1,800.000,750.000,-1,-1,2,0,2,0,2,0,0,0,0,2,2,2,2,0,0,2,2
90,9511.225,-3612.426,292.474,-87.509,0.044050,0.998973,-0.010597,-0.997760,0.043457,-0.050860,-0.050347,0.012814,0.998650,0,0.08000,-0.12000,4.800,-0.240,-1,400.000,-1,400.000,-1,325.000,325.000,325.000,325.000,-1,-1,-1,-1,800.000,750.000,-1,-1,2,0,2,0,2,0,0,0,0,2,2,2,2,0,0,2,2
91,9511.562,-3622.020,291.999,-87.989,0.035659,0.999311,-0.010321,-0.998076,0.035087,-0.051115,-0.050718,0.012124,0.998639,0,0.16000,-0.24000,9.600,-0.480,-1,400.000,-1,400.000,-1,325.000,325.000,325.000,325.000,-1,-1,-1,-1,800.000,750.000,-1,-1,2,0,2,0,2,0,0,0,0,2,2,2,2,0,0,2,2
92,9511.886,-3636.416,291.284,-88.709,0.023067,0.999685,-0.009925,-0.998419,0.022527,-0.051500,-0.051261,0.011097,0.998624,0,0.24000,-0.36000,14.400,-0.720,-1,400.000,-1,400.000,-1,325.000,325.000,325.000,325.000,-1,-1,-1,-1,800.000,725.000,-1,-1,2,0,2,0,2,0,0,0,0,2,2,2,2,0,0,2,2
93,9511.997,-3655.616,290.330,-89.669,0.006273,0.999936,-0.009429,-0.998630,0.005775,-0.052017,-0.051959,0.009743,0.998602,0,0.32000,-0.48000,19.200,-0.960,-1,400.000,-1,400.000,-1,325.000,325.000,325.000,325.000,-1,-1,-1,-1,800.000,725.000,-1,-1,2,0,2,0,2,0,0,0,0,2,2,2,2,0,0,2,2
94,9511.633,-3679.613,289.135,-90.869,-0.014721,0.999852,-0.008859,-0.998497,-0.015168,-0.052664,-0.052791,0.008070,0.998573,0,0.40000,-0.60000,24.000,-1.200,-1,400.000,-1,400.000,-1,325.000,325.000,325.000,325.000,-1,-1,-1,-1,800.000,725.000,-1,-1,2,0,2,0,2,0,0,0,0,2,2,2,2,0,0,2,2
95,9510.473,-3708.390,287.698,-92.309,-0.039905,0.999169,-0.008242,-0.997758,-0.040290,-0.053443,-0.053731,0.006091,0.998537,0,0.48000,-0.72000,28.800,-1.440,-1,400.000,-1,400.000,-1,325.000,325.000,325.000,325.000,-1,-1,-1,-1,775.000,725.000,-1,-1,2,0,2,0,2,0,0,0,0,2,2,2,2,0,0,2,2
96,9508.265,-3741.918,286.017,-93.767,-0.065382,0.997831,-0.007627,-0.996359,-0.065701,-0.054338,-0.054721,0.004047,0.998493,0,0.56000,-0.72901,33.600,-1.458,-1,400.000,-1,375.000,-1,325.000,325.000,325.000,325.000,-1,-1,-1,-1,775.000,700.000,-1,-1,2,0,2,0,2,0,0,0,0,2,2,2,2,0,0,2,2
97,9504.768,-3780.158,284.093,-95.225,-0.090819,0.995843,-0.007028,-0.994306,-0.091069,-0.055338,-0.055748,0.001962,0.998443,0,0.64000,-0.72901,38.400,-1.458,-1,400.000,-1,375.000,-1,325.000,325.000,325.000,325.000,-1,-1,-1,-1,775.000,700.000,-1,-1,2,0,2,0,2,0,0,0,0,2,2,2,2,0,0,2,2
98,9499.741,-3823.065,281.929,-96.683,-0.116200,0.993205,-0.006449,-0.991600,-0.116379,-0.056433,-0.056800,-0.000163,0.998386,0,0.72000,-0.72901,43.200,-1.458,-1,400.000,-1,375.000,-1,325.000,325.000,325.000,325.000,-1,-1,-1,-1,775.000,700.000,-1,-1,2,0,2,0,2,0,0,0,0,2,2,2,2,0,0,2,2
99,9492.987,-3870.280,279.546,-98.141,-0.141509,0.989919,-0.005890,-0.988245,-0.141612,-0.057607,-0.057860,-0.002332,0.998322,0,0.79493,-0.72901,47.696,-1.458,-1,400.000,-1,375.000,-1,325.000,325.000,325.000,325.000,-1,-1,-1,-1,750.000,675.000,-1,-1,2,0,2,0,2,0,0,0,0,2,2,2,2,0,0,2,2
100,9485.033,-3917.309,277.063,-99.599,-0.166757,0.985986,-0.004818,-0.984280,-0.166752,-0.058195,-0.058183,-0.004962,0.998294,0,0.79493,-0.72901,47.696,-1.458,-1,400.000,-1,375.000,-1,325.000,300.000,325.000,325.000,-1,-1,-1,-1,750.000,675.000,-1,-1,2,0,2,0,2,0,0,0,0,2,2,2,2,0,0,2,2
101,9475.886,-3964.120,274.606,-101.057,-0.191896,0.981408,-0.003708,-0.979702,-0.191783,-0.058341,-0.057968,-0.007563,0.998290,0,0.79493,-0.72901,47.696,-1.458,-1,400.000,-1,375.000,-1,325.000,300.000,325.000,325.000,-1,-1,-1,-1,750.000,675.000,-1,-1,2,0,2,0,2,0,0,0,0,2,2,2,2,0,0,2,2
102,9465.551,-4010.682,272.020,-102.515,-0.216883,0.976193,-0.002964,-0.974525,-0.216688,-0.057846,-0.057111,-0.009658,0.998321,0,0.79493,-0.72901,47.696,-1.458,-1,400.000,-1,375.000,-1,325.000,300.000,325.000,325.000,-1,-1,-1,-1,750.000,675.000,-1,-1,2,0,2,0,2,0,0,0,0,2,2,2,2,0,0,2,2
103,9454.034,-4056.967,269.484,-103.973,-0.241737,0.970340,-0.001974,-0.968727,-0.241451,-0.057184,-0.055965,-0.011912,0.998362,0,0.79493,-0.72901,47.696,-1.458,-1,400.000,-1,375.000,-1,325.000,300.000,325.000,325.000,-1,-1,-1,-1,750.000,650.000,-1,-1,2,0,2,0,2,0,0,0,0,2,2,2,2,0,0,2,2
104,9441.344,-4102.944,266.971,-105.431,-0.266433,0.963853,-0.000879,-0.962298,-0.266054,-0.056554,-0.054744,-0.014222,0.998399,0,0.79493,-0.72901,47.696,-1.458,-1,400.000,-1,375.000,-1,325.000,300.000,325.000,325.000,-1,-1,-1,-1,725.000,650.000,-1,-1,2,0,2,0,2,0,0,0,0,2,2,2,2,0,0,2,2
105,9427.488,-4148.583,264.483,-106.889,-0.290956,0.956736,0.000335,-0.955242,-0.290482,-0.055971,-0.053452,-0.016605,0.998432,0,0.79493,-0.72901,47.696,-1.458,-1,400.000,-1,375.000,-1,325.000,300.000,300.000,325.000,-1,-1,-1,-1,725.000,650.000,-1,-1,2,0,2,0,2,0,0,0,0,2,2,2,2,0,0,2,2
106,9412.475,-4193.854,262.024,-108.347,-0.315291,0.948994,0.001681,-0.947564,-0.314718,-0.055449,-0.052091,-0.019075,0.998460,0,0.79493,-0.72901,47.696,-1.458,-1,400.000,-1,375.000,-1,325.000,300.000,300.000,325.000,-1,-1,-1,-1,700.000,650.000,-1,-1,2,0,2,0,2,0,0,0,0,2,2,2,2,0,0,2,2
107,9398.111,-4234.274,259.838,-109.565,-0.335467,0.942047,0.003006,-0.940680,-0.334804,-0.055026,-0.050830,-0.021287,0.998480,0,0.71493,-0.60901,42.896,-1.218,-1,400.000,-1,375.000,-1,300.000,300.000,300.000,325.000,-1,-1,-1,-1,700.000,650.000,-1,-1,2,0,2,0,2,0,0,0,0,2,2,2,2,0,0,2,2
108,9384.743,-4269.948,257.919,-110.543,-0.351562,0.936155,0.004277,-0.934845,-0.350820,-0.054687,-0.049695,-0.023224,0.998494,0,0.63493,-0.48901,38.096,-0.978,-1,375.000,-1,375.000,-1,300.000,300.000,300.000,325.000,-1,-1,-1,-1,700.000,625.000,-1,-1,2,0,2,0,2,0,0,0,0,2,2,2,2,0,0,2,2
109,9372.659,-4300.973,256.285,-111.281,-0.363639,0.931524,0.005393,-0.930270,-0.362835,-0.054293,-0.048619,-0.024760,0.998510,0,0.55493,-0.36901,33.296,-0.738,-1,375.000,-1,375.000,-1,300.000,300.000,300.000,325.000,-1,-1,-1,-1,700.000,625.000,-1,-1,2,0,2,0,2,0,0,0,0,2,2,2,2,0,0,2,2
110,9362.086,-4327.435,254.966,-111.779,-0.371749,0.928312,0.006238,-0.927117,-0.370909,-0.053669,-0.047508,-0.025735,0.998539,0,0.47493,-0.24901,28.496,-0.498,-1,375.000,-1,375.000,-1,300.000,300.000,300.000,325.000,-1,-1,-1,-1,675.000,625.000,-1,-1,2,0,2,0,2,0,0,0,0,2,2,2,2,0,0,2,2
111,9353.195,-4349.400,253.882,-112.037,-0.375944,0.926616,0.006970,-0.925470,-0.375079,-0.053118,-0.046606,-0.026420,0.998564,0,0.39493,-0.12901,23.696,-0.258,-1,375.000,-1,375.000,-1,300.000,300.000,300.000,325.000,-1,-1,-1,-1,675.000,625.000,-1,-1,2,0,2,0,2,0,0,0,0,2,2,2,2,0,0,2,2
112,9346.100,-4366.914,253.024,-112.055,-0.376247,0.926488,0.007575,-0.925380,-0.375366,-0.052658,-0.045943,-0.026822,0.998584,0,0.31493,-0.00901,18.896,-0.018,-1,375.000,-1,375.000,-1,300.000,300.000,300.000,325.000,-1,-1,-1,-1,675.000,625.000,-1,-1,2,0,2,0,2,0,0,0,0,2,2,2,2,0,0,2,2
113,9340.857,-4379.999,252.381,-111.833,-0.372661,0.927933,0.008038,-0.926850,-0.371773,-0.052297,-0.045540,-0.026939,0.998599,0,0.23493,0.11099,14.096,0.222,-1,375.000,-1,375.000,-1,300.000,300.000,300.000,325.000,-1,-1,475.000,-1,675.000,625.000,-1,-1,2,0,2,0,2,0,0,0,0,2,2,0,2,0,0,2,2
114,9337.470,-4388.655,251.949,-111.371,-0.365167,0.930905,0.008347,-0.929834,-0.364280,-0.052041,-0.045404,-0.026765,0.998610,0,0.15493,0.23099,9.296,0.462,-1,375.000,-1,375.000,-1,300.000,300.000,300.000,325.000,-1,-1,450.000,-1,675.000,625.000,-1,-1,2,0,2,0,2,0,0,0,0,2,2,0,2,0,0,2,2
115,9335.870,-4392.857,251.732,-110.841,-0.356535,0.934243,0.008494,-0.933175,-0.355655,-0.051899,-0.045466,-0.026430,0.998616,0,0.07493,0.26505,4.496,0.530,-1,375.000,-1,375.000,-1,300.000,300.000,300.000,325.000,-1,-1,450.000,-1,675.000,625.000,-1,-1,2,0,2,0,2,0,0,0,0,2,2,0,2,0,0,2,2
116,9335.975,-4392.572,251.731,-110.311,-0.347869,0.937505,0.008472,-0.936429,-0.347001,-0.051872,-0.045690,-0.025978,0.998618,0,-0.00507,0.26505,-0.304,0.530,-1,375.000,-1,375.000,-1,300.000,300.000,300.000,325.000,-1,550.000,450.000,-1,675.000,625.000,-1,-1,2,0,2,0,2,0,0,0,0,2,0,0,2,0,0,2,2
117,9337.703,-4387.769,251.948,-109.781,-0.339168,0.940689,0.008279,-0.939597,-0.338317,-0.051953,-0.046071,-0.025400,0.998615,0,-0.08507,0.26505,-5.104,0.530,-1,375.000,-1,375.000,-1,300.000,300.000,300.000,325.000,-1,-1,425.000,-1,675.000,625.000,-1,-1,2,0,2,0,2,0,0,0,0,2,2,0,2,0,0,2,2
118,9340.968,-4378.419,252.389,-109.251,-0.330434,0.943796,0.007916,-0.942678,-0.329605,-0.052137,-0.046597,-0.024690,0.998609,0,-0.16507,0.26505,-9.904,0.530,-1,375.000,-1,375.000,-1,300.000,300.000,300.000,325.000,-1,-1,425.000,-1,700.000,625.000,-1,-1,2,0,2,0,2,0,0,0,0,2,2,0,2,0,0,2,2
119,9345.687,-4364.493,253.058,-108.721,-0.321666,0.946824,0.007388,-0.945673,-0.320866,-0.052415,-0.047257,-0.023847,0.998598,0,-0.24507,0.26505,-14.704,0.530,-1,375.000,-1,375.000,-1,300.000,300.000,300.000,325.000,-1,-1,425.000,-1,700.000,625.000,-1,-1,2,0,2,0,2,0,0,0,0,2,2,0,2,0,0,2,2
120,9351.775,-4345.964,253.963,-108.191,-0.312864,0.949774,0.006701,-0.948582,-0.312099,-0.052780,-0.048038,-0.022869,0.998584,0,-0.32507,0.26505,-19.504,0.530,-1,375.000,-1,375.000,-1,300.000,300.000,300.000,325.000,-1,-1,450.000,-1,700.000,625.000,-1,-1,2,0,2,0,2,0,0,0,0,2,2,0,2,0,0,2,2
121,9359.148,-4322.805,255.149,-107.661,-0.304021,0.952648,0.005749,-0.951415,-0.303307,-0.053051,-0.048795,-0.021599,0.998575,0,-0.40507,0.26505,-24.304,0.530,-1,375.000,-1,375.000,-1,300.000,300.000,300.000,325.000,-1,-1,-1,-1,700.000,625.000,-1,-1,2,0,2,0,2,0,0,0,0,2,2,2,2,0,0,2,2
122,9367.628,-4295.292,256.593,-107.131,-0.295140,0.955443,0.004602,-0.954168,-0.294490,-0.053291,-0.049561,-0.020120,0.998568,0,-0.47983,0.26505,-28.790,0.530,-1,375.000,-1,375.000,-1,325.000,300.000,300.000,325.000,-1,-1,-1,-1,700.000,650.000,-1,-1,2,0,2,0,2,0,0,0,0,2,2,2,2,0,0,2,2
123,9375.852,-4267.703,258.048,-106.600,-0.286235,0.958153,0.003510,-0.956838,-0.285645,-0.053558,-0.050314,-0.018689,0.998559,0,-0.47983,0.26505,-28.790,0.530,-1,400.000,-1,375.000,-1,325.000,300.000,300.000,325.000,-1,-1,-1,-1,700.000,650.000,-1,-1,2,0,2,0,2,0,0,0,0,2,2,2,2,0,0,2,2
124,9383.821,-4240.038,259.512,-106.070,-0.277305,0.960779,0.002472,-0.959425,-0.276775,-0.053852,-0.051055,-0.017305,0.998546,0,-0.47983,0.26505,-28.790,0.530,-1,400.000,-1,375.000,-1,325.000,300.000,300.000,325.000,-1,-1,-1,-1,725.000,650.000,-1,-1,2,0,2,0,2,0,0,0,0,2,2,2,2,0,0,2,2
125,9391.534,-4212.300,260.987,-105.540,-0.268352,0.963320,0.001484,-0.961928,-0.267880,-0.054168,-0.051783,-0.015964,0.998531,0,-0.47983,0.26505,-28.790,0.530,-1,400.000,-1,375.000,-1,325.000,300.000,300.000,325.000,-1,-1,-1,-1,725.000,650.000,-1,-1,2,0,2,0,2,0,0,0,0,2,2,2,2,0,0,2,2
126,9398.990,-4184.493,262.470,-105.010,-0.259376,0.965776,0.000547,-0.964349,-0.258962,-0.054505,-0.052498,-0.014664,0.998513,0,-0.47983,0.26505,-28.790,0.530,-1,400.000,-1,375.000,-1,325.000,300.000,300.000,325.000,-1,-1,-1,-1,725.000,650.000,-1,-1,2,0,2,0,2,0,0,0,0,2,2,2,2,0,0,2,2
127,9406.188,-4156.617,263.962,-104.480,-0.250378,0.968148,-0.000344,-0.966685,-0.250020,-0.054861,-0.053200,-0.013404,0.998494,0,-0.47983,0.26505,-28.790,0.530,-1,400.000,-1,375.000,-1,325.000,300.000,300.000,325.000,-1,-1,-1,-1,725.000,650.000,-1,-1,2,0,2,0,2,0,0,0,0,2,2,2,2,0,0,2,2
128,9413.128,-4128.677,265.462,-103.950,-0.241360,0.970435,-0.001188,-0.968938,-0.241056,-0.055234,-0.053888,-0.012180,0.998473,0,-0.47983,0.26505,-28.790,0.530,-1,400.000,-1,375.000,-1,325.000,300.000,325.000,325.000,-1,-1,-1,-1,725.000,650.000,-1,-1,2,0,2,0,2,0,0,0,0,2,2,2,2,0,0,2,2
129,9418.794,-4105.366,266.719,-103.660,-0.236407,0.971652,-0.001829,-0.970128,-0.236141,-0.055581,-0.054437,-0.011365,0.998453,0,-0.39983,0.14505,-23.990,0.290,-1,400.000,-1,375.000,-1,325.000,300.000,325.000,325.000,-1,-1,-1,-1,750.000,650.000,-1,-1,2,0,2,0,2,0,0,0,0,2,2,2,2,0,0,2,2
130,9423.309,-4086.715,267.729,-103.610,-0.235536,0.971863,-0.002286,-0.970316,-0.235293,-0.055893,-0.054859,-0.010947,0.998434,0,-0.31983,0.02505,-19.190,0.050,-1,400.000,-1,375.000,-1,325.000,300.000,325.000,325.000,-1,-1,-1,-1,750.000,650.000,-1,-1,2,0,2,0,2,0,0,0,0,2,2,2,2,0,0,2,2
131,9426.741,-4072.740,268.491,-103.800,-0.238748,0.971078,-0.002574,-0.969514,-0.238512,-0.056167,-0.055156,-0.010914,0.998418,0,-0.23983,-0.09495,-14.390,-0.190,-1,400.000,-1,375.000,-1,325.000,300.000,325.000,325.000,-1,-1,-1,-1,750.000,650.000,-1,-1,2,0,2,0,2,0,0,0,0,2,2,2,2,0,0,2,2
132,9429.099,-4063.445,269.004,-104.229,-0.246033,0.969258,-0.002710,-0.967681,-0.245791,-0.056400,-0.055332,-0.011254,0.998405,0,-0.15983,-0.21495,-9.590,-0.430,-1,400.000,-1,375.000,-1,325.000,300.000,325.000,325.000,-1,-1,-1,-1,750.000,650.000,-1,-1,2,0,2,0,2,0,0,0,0,2,2,2,2,0,0,2,2
133,9430.322,-4058.814,269.264,-104.798,-0.255653,0.966765,-0.002721,-0.965181,-0.255393,-0.056575,-0.055390,-0.011837,0.998395,0,-0.07983,-0.28423,-4.790,-0.568,-1,400.000,-1,375.000,-1,325.000,300.000,325.000,325.000,-1,-1,-1,-1,725.000,650.000,-1,-1,2,0,2,0,2,0,0,0,0,2,2,2,2,0,0,2,2
134,9430.320,-4058.824,269.270,-105.366,-0.265251,0.964176,-0.002637,-0.962590,-0.264970,-0.056669,-0.055337,-0.012493,0.998390,0,0.00017,-0.28423,0.010,-0.568,-1,400.000,-1,375.000,-1,325.000,300.000,325.000,325.000,-1,-1,-1,-1,725.000,650.000,-1,-1,2,0,2,0,2,0,0,0,0,2,2,2,2,0,0,2,2
