timestep,x_cm,y_cm,z_cm,yaw_deg,basis_xx,basis_xy,basis_xz,basis_yx,basis_yy,basis_yz,basis_zx,basis_zy,basis_zz,teleport_flag,throttle_cmd,steering_cmd,cmd_move_cm,cmd_turn_deg,lidar_cm_0,lidar_cm_1,lidar_cm_2,lidar_cm_3,lidar_cm_4,lidar_cm_5,lidar_cm_6,lidar_cm_7,lidar_cm_8,lidar_cm_9,lidar_cm_10,lidar_cm_11,lidar_cm_12,lidar_cm_13,lidar_cm_14,lidar_cm_15,lidar_cm_16,lidar_class_0,lidar_class_1,lidar_class_2,lidar_class_3,lidar_class_4,lidar_class_5,lidar_class_6,lidar_class_7,lidar_class_8,lidar_class_9,lidar_class_10,lidar_class_11,lidar_class_12,lidar_class_13,lidar_class_14,lidar_class_15,lidar_class_16
0,-1644.418,4920.916,337.389,162.381,-0.950650,-0.302137,0.070554,0.305362,-0.951383,0.040302,0.054947,0.059857,0.996693,1,0.08000,0.12000,4.800,0.240,-1,400.000,-1,375.000,-1,325.000,325.000,300.000,300.000,-1,-1,-1,-1,800.000,700.000,-1,-1,2,0,2,0,2,0,0,0,0,2,2,2,2,0,0,2,2
1,-1653.592,4923.746,337.948,162.861,-0.953143,-0.294168,0.070590,0.297376,-0.953919,0.040079,0.055547,0.059193,0.996700,0,0.16000,0.24000,9.600,0.480,-1,400.000,-1,375.000,-1,325.000,325.000,300.000,300.000,-1,-1,-1,-1,800.000,700.000,-1,-1,2,0,2,0,2,0,0,0,0,2,2,2,2,0,0,2,2
2,-1667.404,4927.817,338.798,163.581,-0.956758,-0.282175,0.070653,0.285357,-0.957596,0.039751,0.056440,0.058194,0.996709,0,0.24000,0.36000,14.400,0.720,-1,400.000,-1,375.000,-1,325.000,325.000,300.000,300.000,-1,-1,-1,-1,800.000,700.000,-1,-1,2,0,2,0,2,0,0,0,0,2,2,2,2,0,0,2,2
3,-1685.909,4932.935,339.947,164.541,-0.961342,-0.266112,0.070754,0.269261,-0.962264,0.039328,0.057618,0.056858,0.996718,0,0.32000,0.48000,19.200,0.960,-1,400.000,-1,375.000,-1,325.000,325.000,300.000,300.000,-1,-1,-1,-1,800.000,700.000,-1,-1,2,0,2,0,2,0,0,0,0,2,2,2,2,0,0,2,2
4,-1709.169,4938.847,341.409,165.741,-0.966692,-0.245924,0.070905,0.249032,-0.967717,0.038820,0.059069,0.055184,0.996727,0,0.40000,0.60000,24.000,1.200,-1,400.000,-1,375.000,-1,325.000,325.000,300.000,300.000,-1,-1,-1,-1,825.000,700.000,-1,-1,2,0,2,0,2,0,0,0,0,2,2,2,2,0,0,2,2
5,-1737.250,4945.238,343.198,167.181,-0.972552,-0.221552,0.071120,0.224610,-0.973698,0.038245,0.060776,0.053169,0.996734,0,0.48000,0.72000,28.800,1.440,-1,400.000,-1,375.000,-1,325.000,325.000,300.000,300.000,-1,-1,-1,-1,825.000,725.000,-1,-1,2,0,2,0,2,0,0,0,0,2,2,2,2,0,0,2,2
6,-1770.217,4951.730,345.330,168.861,-0.978610,-0.192934,0.071408,0.195933,-0.979895,0.037626,0.062713,0.050812,0.996737,0,0.56000,0.84000,33.600,1.680,-1,400.000,-1,375.000,-1,325.000,325.000,300.000,300.000,-1,-1,-1,-1,825.000,725.000,-1,-1,2,0,2,0,2,0,0,0,0,2,2,2,2,0,0,2,2
7,-1808.120,4957.884,347.821,170.781,-0.984501,-0.160017,0.071778,0.162948,-0.985941,0.036990,0.064850,0.048113,0.996734,0,0.64000,0.96000,38.400,1.920,-1,400.000,-1,375.000,-1,325.000,325.000,300.000,300.000,-1,-1,-1,-1,850.000,725.000,-1,-1,2,0,2,0,2,0,0,0,0,2,2,2,2,0,0,2,2
8,-1850.974,4963.340,350.683,172.746,-0.989381,-0.126133,0.072221,0.128992,-0.990978,0.036372,0.066981,0.045301,0.996725,0,0.72000,0.98247,43.200,1.965,-1,400.000,-1,400.000,-1,325.000,325.000,300.000,300.000,-1,-1,-1,-1,875.000,725.000,-1,-1,2,0,2,0,2,0,0,0,0,2,2,2,2,0,0,2,2
9,-1898.768,4967.778,353.925,174.697,-0.993068,-0.092338,0.072723,0.095122,-0.994822,0.035790,0.069041,0.042460,0.996710,0,0.80000,0.97538,48.000,1.951,-1,425.000,-1,400.000,-1,325.000,325.000,300.000,300.000,-1,-1,-1,-1,900.000,750.000,-1,-1,2,0,2,0,2,0,0,0,0,2,2,2,2,0,0,2,2
10,-1951.452,4970.881,357.548,176.630,-0.995580,-0.058734,0.073281,0.061440,-0.997488,0.035242,0.071027,0.039589,0.996688,0,0.87961,0.96659,52.776,1.933,-1,425.000,-1,400.000,-1,325.000,325.000,300.000,300.000,-1,-1,-1,-1,925.000,750.000,-1,975.000,2,0,2,0,2,0,0,0,0,2,2,2,2,0,0,2,1
11,-2005.014,4972.247,361.118,178.542,-0.997028,-0.025430,0.072719,0.027963,-0.999030,0.034030,0.071783,0.035962,0.996772,0,0.89298,0.95582,53.579,1.912,-1,425.000,-1,400.000,950.000,325.000,325.000,300.000,300.000,-1,-1,-1,-1,950.000,725.000,-1,900.000,2,0,2,0,1,0,0,0,0,2,2,2,2,0,1,2,1
12,-2059.355,4971.842,364.729,180.429,-0.997412,0.007476,0.071511,-0.005129,-0.999444,0.032954,0.071718,0.032502,0.996895,0,0.90573,0.94336,54.344,1.887,-1,425.000,-1,400.000,875.000,325.000,325.000,300.000,300.000,-1,-1,-1,-1,975.000,700.000,-1,850.000,2,0,2,0,1,0,0,0,0,2,2,2,2,0,1,2,1
13,-2114.371,4969.647,368.439,182.287,-0.996733,0.039886,0.070238,-0.037724,-0.998781,0.031835,0.071422,0.029081,0.997022,0,0.91767,0.92913,55.060,1.858,-1,425.000,-1,400.000,800.000,325.000,325.000,300.000,300.000,-1,-1,-1,-1,975.000,675.000,-1,800.000,2,0,2,0,1,0,0,0,0,2,2,2,2,0,1,2,1
14,-2169.944,4965.652,372.234,184.113,-0.995044,0.071700,0.068897,-0.069724,-0.997095,0.030676,0.070896,0.025720,0.997152,0,0.92861,0.91308,55.717,1.826,-1,425.000,-1,400.000,725.000,325.000,325.000,300.000,300.000,-1,-1,-1,-1,1000.000,650.000,-1,775.000,2,0,2,0,1,0,0,0,0,2,2,2,2,0,1,2,1
15,-2225.947,4959.863,376.098,185.903,-0.992407,0.102825,0.067487,-0.101031,-0.994446,0.029482,0.070144,0.022440,0.997284,0,0.93836,0.89517,56.302,1.790,-1,425.000,-1,400.000,675.000,325.000,325.000,300.000,300.000,-1,-1,-1,-1,1000.000,650.000,-1,750.000,2,0,2,0,1,0,0,0,0,2,2,2,2,0,1,2,1
16,-2282.243,4952.299,380.014,187.654,-0.988893,0.133167,0.066007,-0.131552,-0.990906,0.028256,0.069170,0.019259,0.997419,0,0.94670,0.87537,56.802,1.751,-1,425.000,-1,400.000,625.000,325.000,325.000,300.000,300.000,-1,-1,-1,-1,1000.000,650.000,-1,725.000,2,0,2,1,1,0,0,0,0,2,2,2,2,0,1,2,1
17,-2338.685,4942.995,383.964,189.361,-0.984578,0.162640,0.064458,-0.161198,-0.986553,0.027002,0.067983,0.016196,0.997555,0,0.95341,0.85365,57.205,1.707,-1,425.000,-1,400.000,575.000,325.000,325.000,300.000,300.000,-1,-1,-1,-1,1000.000,675.000,-1,700.000,2,0,2,1,1,0,0,0,0,2,2,2,2,0,1,2,1
18,-2395.121,4932.004,387.929,191.021,-0.979545,0.191160,0.062839,-0.189885,-0.981469,0.025725,0.066592,0.013267,0.997692,0,0.95827,0.83004,57.496,1.660,-1,425.000,-1,400.000,550.000,325.000,325.000,300.000,300.000,-1,-1,-1,-1,1000.000,700.000,-1,725.000,2,0,2,1,1,0,0,0,0,2,2,2,2,0,1,2,1
19,-2451.389,4919.396,391.892,192.631,-0.973885,0.218653,0.061153,-0.217537,-0.975746,0.024428,0.065012,0.010487,0.997829,0,0.96106,0.80457,57.664,1.609,-1,425.000,-1,400.000,525.000,350.000,350.000,300.000,300.000,-1,-1,-1,-1,1000.000,750.000,-1,775.000,2,0,2,1,1,0,0,0,0,2,2,2,2,0,1,2,1
20,-2507.325,4905.258,395.832,194.185,-0.967689,0.245051,0.059404,-0.244085,-0.969478,0.023116,0.063255,0.007870,0.997966,0,0.96159,0.77733,57.696,1.555,-1,425.000,-1,425.000,500.000,350.000,350.000,300.000,300.000,-1,-1,-1,-1,1000.000,800.000,-1,875.000,2,0,2,1,1,0,0,0,0,2,2,2,2,0,1,2,1
21,-2562.763,4889.694,399.642,195.682,-0.961043,0.270296,0.057759,-0.269446,-0.962760,0.022183,0.061604,0.005756,0.998084,0,0.95969,0.74844,57.581,1.497,-1,425.000,-1,450.000,500.000,350.000,350.000,300.000,300.000,-1,-1,-1,-1,-1,825.000,-1,925.000,2,0,2,0,1,0,0,0,0,2,2,2,2,2,1,2,1
22,-2617.536,4872.824,403.338,197.118,-0.954022,0.294343,0.056605,-0.293574,-0.955691,0.021630,0.060463,0.004018,0.998162,0,0.95522,0.71806,57.313,1.436,-1,450.000,-1,450.000,525.000,350.000,350.000,300.000,300.000,-1,-1,-1,-1,-1,800.000,-1,950.000,2,0,2,0,1,0,0,0,0,2,2,2,2,2,1,2,1
23,-2671.486,4854.782,406.519,198.491,-0.946858,0.317155,0.053606,-0.316400,-0.948365,0.022249,0.057894,0.004106,0.998314,0,0.94812,0.68642,56.887,1.373,-1,450.000,-1,450.000,575.000,350.000,350.000,300.000,275.000,-1,-1,-1,-1,-1,775.000,-1,950.000,2,0,2,0,1,0,0,0,0,2,2,2,2,2,1,2,1
24,-2724.462,4835.711,408.964,199.799,-0.939609,0.338711,0.049091,-0.337930,-0.940873,0.023674,0.054207,0.005655,0.998514,0,0.93840,0.65380,56.304,1.308,-1,450.000,-1,450.000,600.000,350.000,350.000,300.000,275.000,-1,-1,-1,-1,-1,750.000,-1,900.000,2,0,2,0,1,0,0,0,0,2,2,2,2,2,1,2,1
25,-2776.325,4815.761,410.454,201.040,-0.932384,0.359005,0.042145,-0.358251,-0.933304,0.024503,0.048131,0.007747,0.998811,0,0.92615,0.62052,55.569,1.241,-1,425.000,-1,450.000,600.000,350.000,350.000,300.000,250.000,-1,-1,-1,-1,975.000,700.000,-1,850.000,2,0,2,0,1,0,0,0,1,2,2,2,2,0,1,2,1
26,-2826.958,4795.084,412.228,202.214,-0.925044,0.378051,0.037030,-0.377404,-0.925753,0.023391,0.043123,0.007662,0.999040,0,0.91155,0.58697,54.693,1.174,-1,425.000,-1,425.000,600.000,350.000,350.000,300.000,225.000,-1,-1,-1,-1,950.000,675.000,-1,800.000,2,0,2,0,1,0,0,0,1,2,2,2,2,0,1,2,1
27,-2874.931,4774.575,414.199,203.148,-0.918887,0.393093,0.033527,-0.392560,-0.919475,0.021512,0.039283,0.006605,0.999206,0,0.86955,0.46697,52.173,0.934,-1,425.000,-1,425.000,600.000,350.000,350.000,300.000,225.000,-1,-1,-1,-1,925.000,650.000,-1,750.000,2,0,2,0,1,0,0,0,1,2,2,2,2,0,1,2,1
28,-2921.716,4753.900,416.089,203.842,-0.914172,0.404202,0.030170,-0.403766,-0.914651,0.019641,0.035534,0.005774,0.999352,0,0.85251,0.34697,51.150,0.694,-1,425.000,-1,425.000,575.000,325.000,350.000,300.000,225.000,-1,-1,-1,-1,900.000,625.000,-1,700.000,2,0,2,1,1,0,0,0,1,2,2,2,2,0,1,2,1
29,-2967.395,4733.279,417.897,204.296,-0.911040,0.411438,0.026939,-0.411084,-0.911423,0.017814,0.031883,0.005155,0.999478,0,0.83530,0.22697,50.118,0.454,-1,400.000,-1,400.000,550.000,325.000,325.000,300.000,200.000,-1,-1,-1,-1,900.000,625.000,-1,650.000,2,0,2,1,1,0,0,0,1,2,2,2,2,0,1,2,1
30,-3012.074,4712.909,419.623,204.509,-0.909583,0.414839,0.023814,-0.414555,-0.909883,0.016060,0.028330,0.004736,0.999587,0,0.81838,0.10697,49.103,0.214,-1,400.000,-1,375.000,500.000,325.000,325.000,300.000,200.000,-1,-1,-1,-1,875.000,600.000,-1,625.000,2,0,2,1,1,0,0,0,1,2,2,2,2,0,1,2,1
31,-3055.874,4692.964,421.267,204.483,-0.909846,0.414425,0.020771,-0.414199,-0.910072,0.014404,0.024873,0.004502,0.999680,0,0.80214,-0.01303,48.128,-0.026,-1,400.000,-1,375.000,475.000,325.000,325.000,275.000,200.000,-1,-1,-1,-1,875.000,600.000,-1,575.000,2,0,2,1,1,0,1,0,1,2,2,2,2,0,1,2,1
32,-3098.932,4673.597,422.832,204.217,-0.911824,0.410195,0.017792,-0.410017,-0.911987,0.012870,0.021506,0.004440,0.999759,0,0.78688,-0.13303,47.213,-0.266,-1,400.000,-1,350.000,425.000,325.000,325.000,275.000,225.000,-1,-1,-1,-1,875.000,575.000,-1,525.000,2,0,2,1,1,1,1,0,1,2,2,2,2,0,1,2,1
33,-3141.390,4654.949,424.321,203.711,-0.915465,0.402124,0.014857,-0.401986,-0.915574,0.011478,0.018218,0.004535,0.999824,0,0.77287,-0.25303,46.372,-0.506,-1,400.000,-1,350.000,400.000,325.000,300.000,275.000,225.000,-1,-1,-1,-1,850.000,550.000,-1,475.000,2,0,2,1,1,1,1,0,1,2,2,2,2,0,1,2,1
34,-3183.325,4636.993,425.689,203.180,-0.919195,0.393619,0.012064,-0.393510,-0.919261,0.010477,0.015214,0.004883,0.999872,0,0.76030,-0.26556,45.618,-0.531,-1,400.000,-1,325.000,350.000,325.000,300.000,275.000,225.000,-1,-1,-1,-1,850.000,550.000,-1,425.000,2,0,2,1,1,1,1,0,1,2,2,2,2,0,1,2,1
35,-3229.935,4617.773,427.654,202.409,-0.924402,0.381214,0.012560,-0.381124,-0.924480,0.008984,0.015036,0.003518,0.999881,0,0.84030,-0.38556,50.418,-0.771,-1,425.000,-1,325.000,325.000,325.000,300.000,300.000,225.000,-1,-1,-1,-1,875.000,525.000,-1,400.000,2,0,2,1,1,1,1,0,1,2,2,2,2,0,1,2,1
36,-3276.305,4599.603,430.541,201.398,-0.930882,0.364842,0.018692,-0.364799,-0.931068,0.005798,0.019519,-0.001421,0.999808,0,0.83004,-0.50556,49.802,-1.011,-1,425.000,-1,325.000,325.000,350.000,300.000,300.000,250.000,-1,-1,-1,-1,925.000,550.000,-1,400.000,2,0,2,1,1,1,1,0,1,2,2,2,2,0,1,2,1
37,-3322.448,4582.675,432.981,200.147,-0.938492,0.344422,0.024619,-0.344434,-0.938802,0.003880,0.024449,-0.004838,0.999689,0,0.81917,-0.62556,49.150,-1.251,-1,450.000,-1,350.000,300.000,375.000,325.000,300.000,250.000,-1,-1,-1,-1,975.000,550.000,-1,375.000,2,0,2,1,1,1,1,0,1,2,2,2,2,0,1,2,1
38,-3373.449,4565.080,435.653,199.034,-0.944807,0.326109,0.031511,-0.326300,-0.945266,-0.001000,0.029461,-0.011227,0.999503,0,0.89917,-0.55639,53.950,-1.113,-1,475.000,-1,350.000,300.000,400.000,325.000,275.000,250.000,-1,-1,-1,-1,-1,575.000,-1,400.000,2,0,2,1,1,1,1,0,1,2,2,2,2,2,1,2,1
39,-3427.016,4547.766,437.848,197.911,-0.950783,0.307470,0.038397,-0.308010,-0.951341,-0.008908,0.033789,-0.020296,0.999223,0,0.93825,-0.56169,56.295,-1.123,-1,500.000,-1,350.000,300.000,400.000,325.000,275.000,275.000,-1,-1,-1,-1,-1,650.000,-1,400.000,2,0,2,1,1,1,1,0,1,2,2,2,2,2,1,2,1
40,-3480.653,4531.595,439.812,196.776,-0.956447,0.288503,0.044448,-0.289485,-0.957025,-0.017386,0.037521,-0.029496,0.998860,0,0.93369,-0.56739,56.021,-1.135,-1,500.000,-1,350.000,275.000,425.000,350.000,275.000,275.000,-1,-1,-1,-1,-1,750.000,-1,375.000,2,0,2,1,1,0,1,0,1,2,2,2,2,2,1,2,1
41,-3534.327,4516.577,441.678,195.630,-0.961784,0.269217,0.049941,-0.270711,-0.962312,-0.025923,0.041080,-0.038451,0.998416,0,0.92891,-0.57315,55.735,-1.146,-1,525.000,-1,350.000,275.000,450.000,350.000,275.000,275.000,-1,225.000,-1,-1,-1,825.000,-1,375.000,2,0,2,1,1,0,1,0,1,2,0,2,2,2,1,2,1
42,-3588.001,4502.721,443.469,194.471,-0.966784,0.249617,0.054955,-0.251687,-0.967191,-0.034560,0.044525,-0.047244,0.997891,0,0.92388,-0.57909,55.433,-1.158,-1,550.000,-1,350.000,275.000,450.000,350.000,250.000,275.000,-1,175.000,-1,-1,-1,900.000,-1,375.000,2,0,2,1,1,0,1,0,1,2,0,2,2,2,1,2,1
43,-3641.634,4490.037,445.206,193.301,-0.971436,0.229703,0.059564,-0.232412,-0.971651,-0.043350,0.047918,-0.055955,0.997283,0,0.91853,-0.58528,55.112,-1.171,-1,550.000,-1,375.000,250.000,475.000,375.000,250.000,275.000,850.000,150.000,400.000,-1,-1,975.000,-1,-1,2,0,2,1,1,0,1,0,1,0,0,0,2,2,1,2,2
44,-3695.180,4478.536,446.910,192.117,-0.975729,0.209471,0.063835,-0.212884,-0.975674,-0.052347,0.051317,-0.064666,0.996587,0,0.91278,-0.59185,54.767,-1.184,-1,575.000,-1,400.000,225.000,500.000,400.000,250.000,250.000,675.000,125.000,375.000,-1,-1,-1,-1,-1,2,0,2,1,1,0,1,0,1,0,0,0,2,2,2,2,2
45,-3748.585,4468.228,448.604,190.919,-0.979648,0.188914,0.067830,-0.193102,-0.979242,-0.061615,0.054782,-0.073459,0.995793,0,0.90650,-0.59891,54.390,-1.198,-1,575.000,-1,425.000,225.000,500.000,425.000,250.000,250.000,550.000,100.000,350.000,-1,-1,-1,-1,-1,2,0,2,1,1,0,1,0,1,0,0,0,2,2,2,2,2
46,2295.764,1639.832,183.572,30.024,0.864499,-0.500241,0.048987,0.500722,0.865603,0.002788,-0.043798,0.022119,0.998796,1,0.00000,0.00000,53.974,-1.213,-1,375.000,-1,400.000,-1,325.000,325.000,300.000,300.000,1000.000,-1,-1,-1,725.000,775.000,-1,-1,2,0,2,0,2,0,0,0,0,1,2,2,2,0,0,2,2
47,2299.930,1642.217,183.367,29.784,0.866584,-0.496612,0.049091,0.497095,0.867692,0.002680,-0.043927,0.022081,0.998791,0,0.08000,-0.12000,4.800,-0.240,-1,375.000,-1,400.000,-1,325.000,325.000,300.000,300.000,1000.000,-1,-1,-1,725.000,775.000,-1,-1,2,0,2,0,2,0,0,0,0,1,2,2,2,0,0,2,2
48,2308.302,1646.915,182.956,29.304,0.870707,-0.489326,0.049294,0.489814,0.871823,0.002465,-0.044182,0.021999,0.998781,0,0.16000,-0.24000,9.600,-0.480,-1,375.000,-1,400.000,-1,325.000,325.000,300.000,300.000,975.000,-1,-1,-1,725.000,775.000,-1,-1,2,0,2,0,2,0,0,0,0,1,2,2,2,0,0,2,2
49,2320.947,1653.805,182.335,28.584,0.876777,-0.478333,0.049589,0.478828,0.877906,0.002143,-0.044560,0.021865,0.998767,0,0.24000,-0.36000,14.400,-0.720,-1,375.000,-1,400.000,-1,325.000,325.000,300.000,300.000,975.000,-1,-1,-1,725.000,775.000,-1,-1,2,0,2,0,2,0,0,0,0,1,2,2,2,0,0,2,2
50,2337.955,1662.714,181.500,27.647,0.884474,-0.463907,0.049963,0.464410,0.885619,0.001719,-0.045046,0.021683,0.998750,0,0.32000,-0.46877,19.200,-0.938,-1,375.000,-1,400.000,-1,325.000,325.000,300.000,300.000,950.000,-1,-1,-1,725.000,750.000,-1,-1,2,0,2,0,2,0,0,0,0,1,2,2,2,0,0,2,2
51,2359.395,1673.499,180.442,26.705,0.891959,-0.449296,0.050416,0.449814,0.893121,0.001199,-0.045566,0.021608,0.998728,0,0.40000,-0.47063,24.000,-0.941,-1,375.000,-1,400.000,-1,325.000,325.000,300.000,300.000,925.000,-1,-1,-1,725.000,750.000,-1,-1,2,0,2,0,2,0,0,0,0,1,2,2,2,0,0,2,2
52,2385.333,1686.016,179.160,25.759,0.899236,-0.434488,0.050937,0.435026,0.900418,0.000587,-0.046120,0.021631,0.998702,0,0.48000,-0.47305,28.800,-0.946,-1,375.000,-1,400.000,-1,325.000,325.000,300.000,300.000,925.000,-1,-1,-1,725.000,750.000,-1,-1,2,0,2,0,2,0,0,0,0,1,2,2,2,0,0,2,2
53,2415.833,1700.113,177.649,24.807,0.906309,-0.419464,0.051520,0.420028,0.907511,-0.000117,-0.046706,0.021746,0.998672,0,0.56000,-0.47606,33.600,-0.952,-1,375.000,-1,400.000,-1,325.000,325.000,300.000,300.000,925.000,-1,-1,-1,725.000,750.000,-1,-1,2,0,2,0,2,0,0,0,0,1,2,2,2,0,0,2,2
54,2450.954,1715.638,175.908,23.848,0.913179,-0.404208,0.052155,0.404803,0.914404,-0.000911,-0.047323,0.021944,0.998639,0,0.64000,-0.47971,38.400,-0.959,-1,375.000,-1,400.000,-1,325.000,325.000,300.000,300.000,925.000,-1,-1,-1,725.000,750.000,-1,-1,2,0,2,0,2,0,0,0,0,1,2,2,2,0,0,2,2
55,2490.756,1732.434,173.934,22.880,0.919848,-0.388700,0.052835,0.389330,0.921097,-0.001791,-0.047970,0.022218,0.998602,0,0.72000,-0.48402,43.200,-0.968,-1,375.000,-1,400.000,-1,325.000,325.000,300.000,300.000,950.000,-1,-1,-1,725.000,750.000,-1,-1,2,0,2,0,2,0,0,0,0,1,2,2,2,0,0,2,2
56,2535.213,1750.533,171.708,22.152,0.924697,-0.376959,0.053259,0.377638,0.925949,-0.002933,-0.048210,0.022825,0.998576,0,0.80000,-0.36402,48.000,-0.728,-1,375.000,-1,400.000,-1,325.000,325.000,300.000,300.000,975.000,-1,-1,-1,750.000,750.000,-1,-1,2,0,2,0,2,0,0,0,0,1,2,2,2,0,0,2,2
57,2584.283,1770.024,169.366,21.663,0.927886,-0.369055,0.053165,0.369767,0.929116,-0.003897,-0.047958,0.023275,0.998578,0,0.88000,-0.24402,52.800,-0.488,-1,375.000,-1,400.000,-1,325.000,325.000,300.000,300.000,-1,-1,-1,-1,750.000,750.000,-1,-1,2,0,2,0,2,0,0,0,0,2,2,2,2,0,0,2,2
58,2634.550,1789.542,167.009,21.220,0.930733,-0.361855,0.052883,0.362593,0.931936,-0.004759,-0.047562,0.023604,0.998589,0,0.89872,-0.22157,53.923,-0.443,-1,400.000,-1,400.000,-1,325.000,325.000,300.000,300.000,-1,-1,-1,-1,750.000,750.000,-1,-1,2,0,2,0,2,0,0,0,0,2,2,2,2,0,0,2,2
59,2685.148,1808.726,164.626,20.764,0.933607,-0.354412,0.052635,0.355176,0.934783,-0.005632,-0.047207,0.023953,0.998598,0,0.90187,-0.22836,54.112,-0.457,-1,400.000,-1,400.000,-1,325.000,325.000,300.000,300.000,-1,-1,-1,-1,775.000,750.000,-1,-1,2,0,2,0,2,0,0,0,0,2,2,2,2,0,0,2,2
60,2736.100,1827.566,162.152,20.293,0.936518,-0.346721,0.052135,0.347496,0.937660,-0.006344,-0.046686,0.024058,0.998620,0,0.90539,-0.23532,54.324,-0.471,-1,400.000,-1,400.000,-1,325.000,325.000,300.000,300.000,-1,-1,-1,-1,775.000,750.000,-1,-1,2,0,2,0,2,0,0,0,0,2,2,2,2,0,0,2,2
61,2787.428,1846.054,159.578,19.808,0.939444,-0.338775,0.051741,0.339549,0.940564,-0.006719,-0.046389,0.023880,0.998638,0,0.90926,-0.24244,54.556,-0.485,-1,400.000,-1,400.000,-1,325.000,325.000,300.000,300.000,-1,-1,-1,-1,775.000,750.000,-1,-1,2,0,2,0,2,0,0,0,0,2,2,2,2,0,0,2,2
62,2839.152,1864.176,156.958,19.309,0.942382,-0.330565,0.051408,0.331335,0.943487,-0.007019,-0.046182,0.023648,0.998653,0,0.91345,-0.24973,54.807,-0.499,-1,400.000,-1,400.000,-1,325.000,325.000,300.000,300.000,-1,-1,-1,-1,800.000,750.000,-1,-1,2,0,2,0,2,0,0,0,0,2,2,2,2,0,0,2,2
63,2891.293,1881.920,154.298,18.794,0.945330,-0.322084,0.051127,0.322849,0.946422,-0.007271,-0.046046,0.023380,0.998666,0,0.91796,-0.25717,55.077,-0.514,-1,400.000,-1,400.000,-1,325.000,325.000,300.000,300.000,-1,-1,-1,-1,800.000,750.000,-1,-1,2,0,2,0,2,0,0,0,0,2,2,2,2,0,0,2,2
64,2947.100,1900.333,151.431,18.259,0.948313,-0.313231,0.050886,0.313990,0.949397,-0.007486,-0.045966,0.023077,0.998676,0,0.97944,-0.26763,58.766,-0.535,-1,400.000,-1,400.000,-1,325.000,325.000,300.000,300.000,-1,-1,-1,-1,825.000,750.000,-1,-1,2,0,2,0,2,0,0,0,0,2,2,2,2,0,0,2,2
65,3003.190,1918.272,148.530,17.736,0.951147,-0.304546,0.050703,0.305299,0.952226,-0.007649,-0.045952,0.022755,0.998684,0,0.98148,-0.26173,58.889,-0.523,-1,400.000,-1,400.000,-1,325.000,325.000,300.000,300.000,-1,-1,-1,-1,825.000,750.000,-1,-1,2,0,2,0,2,0,0,0,0,2,2,2,2,0,0,2,2
66,3059.529,1935.737,145.597,17.224,0.953836,-0.296040,0.050579,0.296786,0.954913,-0.007764,-0.046000,0.022417,0.998690,0,0.98306,-0.25562,58.984,-0.511,-1,400.000,-1,400.000,-1,325.000,325.000,300.000,275.000,-1,-1,-1,-1,825.000,750.000,-1,-1,2,0,2,0,2,0,0,0,0,2,2,2,2,0,0,2,2
67,3116.081,1952.732,142.648,16.726,0.956383,-0.287720,0.050486,0.288461,0.957459,-0.007897,-0.046066,0.022115,0.998694,0,0.98418,-0.24932,59.051,-0.499,-1,400.000,-1,400.000,-1,325.000,325.000,300.000,275.000,-1,-1,-1,-1,850.000,750.000,-1,-1,2,0,2,0,2,0,0,0,0,2,2,2,2,0,0,2,2
68,3172.812,1969.256,139.723,16.240,0.958788,-0.279596,0.050507,0.280326,0.959873,-0.007844,-0.046287,0.021679,0.998693,0,0.98480,-0.24284,59.088,-0.486,-1,400.000,-1,400.000,-1,325.000,325.000,300.000,275.000,-1,-1,-1,-1,850.000,750.000,-1,-1,2,0,2,0,2,0,0,0,0,2,2,2,2,0,0,2,2
69,3229.684,1985.315,136.971,15.768,0.961039,-0.271679,0.050932,0.272364,0.962169,-0.006901,-0.047130,0.020504,0.998678,0,0.98494,-0.23622,59.096,-0.472,-1,400.000,-1,400.000,-1,325.000,325.000,300.000,275.000,-1,-1,-1,-1,850.000,750.000,-1,-1,2,0,2,0,2,0,0,0,0,2,2,2,2,0,0,2,2
70,3286.663,2000.911,134.291,15.309,0.963171,-0.263971,0.051196,0.264592,0.964344,-0.005631,-0.047885,0.018970,0.998673,0,0.98457,-0.22949,59.074,-0.459,-1,400.000,-1,400.000,-1,325.000,325.000,300.000,300.000,-1,-1,-1,-1,875.000,750.000,-1,-1,2,0,2,0,2,0,0,0,0,2,2,2,2,0,0,2,2
71,3343.710,2016.051,131.554,14.863,0.965180,-0.256474,0.051459,0.257029,0.966394,-0.004365,-0.048611,0.017440,0.998666,0,0.98371,-0.22269,59.023,-0.445,-1,400.000,-1,400.000,-1,325.000,325.000,300.000,300.000,-1,-1,-1,-1,850.000,725.000,-1,-1,2,0,2,0,2,0,0,0,0,2,2,2,2,0,0,2,2
72,3400.792,2030.740,128.674,14.432,0.967077,-0.249193,0.051620,0.249662,0.968329,-0.002755,-0.049299,0.015552,0.998663,0,0.98236,-0.21586,58.942,-0.432,-1,400.000,-1,400.000,-1,325.000,325.000,300.000,300.000,-1,-1,-1,-1,850.000,725.000,-1,-1,2,0,2,0,2,0,0,0,0,2,2,2,2,0,0,2,2
73,3457.875,2044.987,125.724,14.013,0.968858,-0.242128,0.051851,0.242506,0.970149,-0.001044,-0.050050,0.013586,0.998654,0,0.98055,-0.20904,58.833,-0.418,-1,425.000,-1,400.000,-1,325.000,325.000,300.000,300.000,-1,-1,-1,-1,850.000,725.000,-1,-1,2,0,2,0,2,0,0,0,0,2,2,2,2,0,0,2,2
74,3514.925,2058.796,122.727,13.607,0.970537,-0.235252,0.052108,0.235538,0.971865,0.000672,-0.050800,0.011621,0.998641,0,0.97829,-0.20303,58.698,-0.406,-1,425.000,-1,400.000,-1,325.000,325.000,300.000,300.000,-1,-1,-1,-1,850.000,725.000,-1,-1,2,0,2,0,2,0,0,0,0,2,2,2,2,0,0,2,2
75,3571.914,2072.170,119.687,13.207,0.972142,-0.228463,0.052392,0.228654,0.973505,0.002394,-0.051551,0.009653,0.998624,0,0.97563,-0.20009,58.538,-0.400,-1,425.000,-1,400.000,-1,325.000,325.000,300.000,300.000,-1,-1,-1,-1,850.000,725.000,-1,-1,2,0,2,0,2,0,0,0,0,2,2,2,2,0,0,2,2
76,3628.816,2085.111,116.608,12.812,0.973679,-0.221749,0.052700,0.221843,0.975074,0.004118,-0.052299,0.007681,0.998602,0,0.97258,-0.19754,58.355,-0.395,-1,425.000,-1,400.000,-1,325.000,325.000,300.000,300.000,-1,-1,-1,-1,850.000,725.000,-1,-1,2,0,2,0,2,0,0,0,0,2,2,2,2,0,0,2,2
77,3685.607,2097.619,113.493,12.421,0.975152,-0.215095,0.053030,0.215092,0.976576,0.005845,-0.053045,0.005707,0.998576,0,0.96920,-0.19541,58.152,-0.391,-1,425.000,-1,375.000,-1,325.000,325.000,300.000,300.000,-1,-1,-1,-1,825.000,725.000,-1,-1,2,0,2,0,2,0,0,0,0,2,2,2,2,0,0,2,2
78,3742.266,2109.698,110.363,12.034,0.976563,-0.208490,0.053446,0.208389,0.978017,0.007518,-0.053839,0.003796,0.998542,0,0.96554,-0.19369,57.933,-0.387,-1,400.000,-1,375.000,-1,325.000,325.000,300.000,300.000,-1,-1,-1,-1,825.000,700.000,-1,-1,2,0,2,0,2,0,0,0,0,2,2,2,2,0,0,2,2
79,3798.778,2121.349,107.208,11.649,0.977918,-0.201918,0.053899,0.201719,0.979401,0.009174,-0.054641,0.001901,0.998504,0,0.96166,-0.19239,57.700,-0.385,-1,400.000,-1,375.000,-1,325.000,325.000,300.000,300.000,-1,-1,-1,-1,825.000,700.000,-1,-1,2,0,2,0,2,0,0,0,0,2,2,2,2,0,0,2,2
80,3855.128,2132.574,104.027,11.266,0.979222,-0.195367,0.054367,0.195067,0.980730,0.010828,-0.055435,0.000002,0.998462,0,0.95763,-0.19151,57.458,-0.383,-1,400.000,-1,375.000,-1,325.000,325.000,300.000,300.000,-1,-1,-1,-1,825.000,700.000,-1,-1,2,0,2,0,2,0,0,0,0,2,2,2,2,0,0,2,2
81,3911.309,2143.377,100.905,10.884,0.980479,-0.188822,0.054835,0.188401,0.982009,0.012784,-0.056262,-0.002203,0.998414,0,0.95350,-0.19105,57.210,-0.382,-1,400.000,-1,375.000,-1,325.000,325.000,300.000,300.000,-1,-1,-1,-1,800.000,700.000,-1,-1,2,0,2,0,2,0,0,0,0,2,2,2,2,0,0,2,2
82,3964.028,2153.379,98.059,10.742,0.980938,-0.186384,0.054962,0.185834,0.982467,0.015007,-0.056795,-0.004507,0.998376,0,0.89432,-0.07105,53.659,-0.142,-1,400.000,-1,375.000,-1,325.000,325.000,300.000,300.000,-1,-1,-1,-1,800.000,700.000,-1,-1,2,0,2,0,2,0,0,0,0,2,2,2,2,0,0,2,2
83,4018.916,2163.889,95.089,10.840,0.980634,-0.188061,0.054690,0.187396,0.982136,0.017081,-0.056925,-0.006501,0.998357,0,0.93143,0.04895,55.886,0.098,-1,400.000,-1,375.000,-1,325.000,325.000,300.000,300.000,-1,-1,-1,-1,800.000,700.000,-1,-1,2,0,2,0,2,0,0,0,0,2,2,2,2,0,0,2,2
84,4073.632,2174.659,92.174,11.135,0.979682,-0.193117,0.054121,0.192373,0.981144,0.018675,-0.056707,-0.007884,0.998360,0,0.92943,0.14760,55.766,0.295,-1,400.000,-1,375.000,-1,325.000,325.000,300.000,300.000,-1,-1,-1,-1,775.000,675.000,-1,-1,2,0,2,0,2,0,0,0,0,2,2,2,2,0,0,2,2
85,4128.171,2185.694,89.223,11.438,0.978678,-0.198298,0.053553,0.197478,0.980098,0.020240,-0.056501,-0.009233,0.998360,0,0.92741,0.15142,55.644,0.303,-1,400.000,-1,375.000,-1,325.000,325.000,300.000,300.000,-1,-1,-1,-1,775.000,675.000,-1,-1,2,0,2,0,2,0,0,0,0,2,2,2,2,0,0,2,2
86,4182.514,2196.994,86.235,11.746,0.977626,-0.203567,0.052987,0.202674,0.979004,0.021774,-0.056307,-0.010548,0.998358,0,0.92508,0.15419,55.505,0.308,-1,400.000,-1,375.000,-1,325.000,325.000,300.000,300.000,-1,-1,-1,-1,775.000,675.000,-1,-1,2,0,2,0,2,0,0,0,0,2,2,2,2,0,0,2,2
87,4236.641,2208.559,83.211,12.060,0.976528,-0.208916,0.052423,0.207952,0.977862,0.023277,-0.056126,-0.011829,0.998354,0,0.92248,0.15668,55.349,0.313,-1,400.000,-1,375.000,-1,325.000,325.000,300.000,300.000,-1,-1,-1,-1,750.000,675.000,-1,-1,2,0,2,0,2,0,0,0,0,2,2,2,2,0,0,2,2
88,4290.535,2220.386,80.149,12.377,0.975383,-0.214333,0.051862,0.213300,0.976673,0.024746,-0.055956,-0.013075,0.998348,0,0.91961,0.15889,55.176,0.318,-1,400.000,-1,375.000,-1,325.000,325.000,300.000,300.000,-1,-1,-1,-1,750.000,675.000,-1,-1,2,0,2,0,2,0,0,0,0,2,2,2,2,0,0,2,2
89,4344.180,2232.475,77.050,12.699,0.974193,-0.219807,0.051302,0.218710,0.975439,0.026181,-0.055797,-0.014285,0.998340,0,0.91651,0.16080,54.990,0.322,-1,400.000,-1,375.000,-1,325.000,325.000,300.000,300.000,-1,-1,-1,-1,750.000,675.000,-1,-1,2,0,2,0,2,0,0,0,0,2,2,2,2,0,0,2,2
90,4397.562,2244.823,73.914,13.024,0.972960,-0.225330,0.050746,0.224169,0.974160,0.027581,-0.055649,-0.015459,0.998331,0,0.91320,0.16241,54.792,0.325,-1,400.000,-1,375.000,-1,325.000,325.000,300.000,300.000,-1,-1,-1,-1,725.000,675.000,-1,-1,2,0,2,0,2,0,0,0,0,2,2,2,2,0,0,2,2
91,4450.671,2257.428,70.739,13.351,0.971685,-0.230889,0.050192,0.229669,0.972838,0.028944,-0.055512,-0.016597,0.998320,0,0.90973,0.16373,54.584,0.327,-1,400.000,-1,375.000,-1,325.000,325.000,300.000,300.000,-1,-1,-1,-1,725.000,675.000,-1,-1,2,0,2,0,2,0,0,0,0,2,2,2,2,0,0,2,2
92,4503.496,2270.287,67.526,13.681,0.970369,-0.236475,0.049641,0.235197,0.971476,0.030270,-0.055384,-0.017698,0.998308,0,0.90613,0.16474,54.368,0.329,-1,400.000,-1,375.000,-1,325.000,300.000,300.000,300.000,-1,-1,-1,-1,725.000,675.000,-1,-1,2,0,2,0,2,0,0,0,0,2,2,2,2,0,0,2,2
93,4556.030,2283.398,64.445,14.012,0.969017,-0.242075,0.049051,0.240706,0.970064,0.032203,-0.055378,-0.019398,0.998277,0,0.90243,0.16545,54.146,0.331,-1,375.000,-1,375.000,-1,325.000,300.000,300.000,300.000,-1,-1,-1,-1,700.000,650.000,-1,-1,2,0,2,0,2,0,0,0,0,2,2,2,2,0,0,2,2
94,4608.270,2296.757,61.617,14.343,0.967676,-0.247673,0.047556,0.246187,0.968591,0.034987,-0.054728,-0.022148,0.998256,0,0.89868,0.16586,53.921,0.332,-1,375.000,-1,375.000,-1,300.000,300.000,300.000,300.000,-1,-1,-1,-1,700.000,650.000,-1,-1,2,0,2,0,2,0,0,0,0,2,2,2,2,0,0,2,2
95,4660.213,2310.361,58.831,14.675,0.966289,-0.253265,0.046280,0.251674,0.967083,0.037566,-0.054270,-0.024652,0.998222,0,0.89491,0.16598,53.695,0.332,-1,375.000,-1,375.000,-1,300.000,300.000,300.000,300.000,-1,-1,-1,-1,700.000,650.000,-1,-1,2,0,2,0,2,0,0,0,0,2,2,2,2,0,0,2,2
96,4711.859,2324.207,56.452,15.007,0.964879,-0.258853,0.044763,0.257266,0.965582,0.038273,-0.053130,-0.025412,0.998264,0,0.89117,0.16580,53.470,0.332,-1,375.000,-1,375.000,-1,300.000,300.000,300.000,300.000,-1,-1,-1,-1,700.000,675.000,-1,-1,2,0,2,0,2,0,0,0,0,2,2,2,2,0,0,2,2
97,4763.212,2338.291,54.168,15.338,0.963450,-0.264419,0.042966,0.262876,0.964065,0.038399,-0.051576,-0.025700,0.998338,0,0.88749,0.16533,53.250,0.331,-1,375.000,-1,375.000,-1,300.000,300.000,300.000,300.000,-1,-1,-1,-1,700.000,675.000,-1,-1,2,0,2,0,2,0,0,0,0,2,2,2,2,0,0,2,2
98,4814.276,2352.613,51.865,15.667,0.961995,-0.269951,0.041130,0.268454,0.962523,0.038493,-0.049980,-0.025988,0.998412,0,0.88391,0.16457,53.035,0.329,-1,375.000,-1,375.000,-1,300.000,300.000,300.000,300.000,-1,-1,-1,-1,700.000,675.000,-1,-1,2,0,2,0,2,0,0,0,0,2,2,2,2,0,0,2,2
99,4860.698,2365.711,49.758,15.756,0.961647,-0.271445,0.039407,0.269992,0.962092,0.038524,-0.048371,-0.026407,0.998480,0,0.80391,0.04457,48.235,0.089,-1,375.000,-1,375.000,-1,300.000,300.000,300.000,300.000,-1,-1,-1,-1,700.000,675.000,-1,-1,2,0,2,0,2,0,0,0,0,2,2,2,2,0,0,2,2
100,4902.531,2377.395,47.856,15.605,0.962424,-0.268907,0.037799,0.267496,0.962789,0.038520,-0.046751,-0.026962,0.998543,0,0.72391,-0.07543,43.435,-0.151,-1,375.000,-1,375.000,-1,300.000,300.000,300.000,300.000,-1,1000.000,-1,-1,700.000,675.000,-1,-1,2,0,2,0,2,0,0,0,0,2,0,2,2,0,0,2,2
101,4939.811,2387.538,46.166,15.220,0.964267,-0.262434,0.036309,0.261062,0.964554,0.038505,-0.045127,-0.027651,0.998599,0,0.64391,-0.19230,38.635,-0.385,-1,375.000,-1,375.000,-1,325.000,300.000,325.000,300.000,-1,825.000,-1,-1,700.000,675.000,-1,-1,2,0,2,0,2,0,0,1,0,2,0,2,2,0,0,2,2
102,4976.301,2397.202,44.509,14.833,0.966076,-0.255901,0.034805,0.254569,0.966287,0.038514,-0.043488,-0.028347,0.998652,0,0.62914,-0.19370,37.748,-0.387,-1,375.000,-1,375.000,-1,325.000,300.000,325.000,300.000,-1,725.000,-1,-1,725.000,675.000,-1,-1,2,0,2,0,2,0,0,1,0,2,0,2,2,0,0,2,2
103,5012.681,2406.572,42.854,14.443,0.967854,-0.249304,0.033264,0.248014,0.967989,0.038546,-0.041808,-0.029057,0.998703,0,0.62613,-0.19527,37.568,-0.391,-1,375.000,-1,375.000,-1,325.000,300.000,325.000,300.000,975.000,675.000,900.000,-1,725.000,700.000,-1,-1,2,0,2,0,2,0,0,1,0,1,0,0,2,0,0,2,2
104,5048.962,2415.650,41.202,14.048,0.969600,-0.242635,0.031685,0.241389,0.969660,0.038603,-0.040090,-0.029781,0.998752,0,0.62332,-0.19702,37.399,-0.394,-1,375.000,-1,375.000,-1,325.000,300.000,325.000,300.000,950.000,625.000,775.000,-1,725.000,700.000,-1,-1,2,0,2,0,2,0,0,0,0,1,0,0,2,0,0,2,2
105,5085.154,2424.440,39.552,13.651,0.971314,-0.235890,0.030070,0.234689,0.971300,0.038687,-0.038333,-0.030520,0.998799,0,0.62073,-0.19895,37.244,-0.398,-1,375.000,-1,375.000,-1,325.000,300.000,325.000,300.000,925.000,600.000,725.000,-1,725.000,700.000,-1,-1,2,0,2,0,2,0,0,0,0,1,0,0,2,0,0,2,2
106,5121.268,2432.943,37.905,13.248,0.972997,-0.229062,0.028421,0.227909,0.972909,0.038797,-0.036538,-0.031272,0.998843,0,0.61837,-0.20105,37.102,-0.402,-1,375.000,-1,375.000,-1,325.000,300.000,325.000,300.000,900.000,575.000,675.000,-1,725.000,700.000,-1,-1,2,0,2,0,2,0,0,0,0,1,0,0,2,0,0,2,2
107,5157.318,2441.161,36.261,12.842,0.974647,-0.222146,0.026738,0.221042,0.974487,0.038936,-0.034706,-0.032039,0.998884,0,0.61624,-0.20332,36.975,-0.407,-1,375.000,-1,375.000,-1,325.000,300.000,300.000,300.000,875.000,525.000,625.000,-1,725.000,700.000,-1,-1,2,0,2,0,2,0,0,0,0,1,0,0,2,0,0,2,2
108,5193.315,2449.096,34.705,12.430,0.976259,-0.215134,0.025201,0.214063,0.976022,0.039466,-0.033087,-0.033134,0.998903,0,0.61436,-0.20575,36.861,-0.411,-1,375.000,-1,375.000,-1,325.000,300.000,300.000,300.000,850.000,475.000,575.000,-1,725.000,700.000,-1,-1,2,0,2,0,2,0,0,0,0,1,0,0,2,0,0,2,2
109,5229.273,2456.749,33.320,12.014,0.977837,-0.208019,0.023731,0.206961,0.977503,0.040681,-0.031659,-0.034868,0.998890,0,0.61272,-0.20833,36.763,-0.417,-1,375.000,-1,375.000,-1,325.000,325.000,300.000,300.000,800.000,450.000,550.000,-1,725.000,725.000,-1,-1,2,0,2,0,2,0,0,0,0,1,0,0,2,0,0,2,2
110,5265.204,2464.120,31.968,11.592,0.979382,-0.200798,0.022166,0.199757,0.978944,0.042021,-0.030137,-0.036727,0.998871,0,0.61133,-0.21106,36.680,-0.422,-1,375.000,-1,375.000,-1,325.000,325.000,300.000,300.000,800.000,425.000,525.000,-1,725.000,725.000,-1,-1,2,0,2,0,2,0,0,0,0,1,0,0,2,0,0,2,2
111,5301.122,2471.209,30.761,11.164,0.980878,-0.193472,0.021137,0.192446,0.980367,0.042958,-0.029033,-0.038068,0.998853,0,0.61019,-0.21393,36.611,-0.428,-1,375.000,-1,375.000,-1,325.000,325.000,300.000,300.000,800.000,425.000,525.000,-1,725.000,725.000,-1,-1,2,0,2,0,2,0,0,0,0,1,0,0,2,0,0,2,2
112,5337.041,2478.015,29.859,10.730,0.982325,-0.186041,0.020636,0.185042,0.981797,0.042828,-0.028228,-0.038252,0.998869,0,0.60930,-0.21695,36.558,-0.434,-1,375.000,-1,375.000,-1,325.000,325.000,300.000,300.000,800.000,450.000,550.000,-1,725.000,725.000,-1,-1,2,0,2,0,2,0,0,0,0,1,0,0,2,1,0,2,2
113,5372.973,2484.538,28.994,10.290,0.983737,-0.178492,0.020061,0.177525,0.983194,0.042606,-0.027329,-0.038352,0.998891,0,0.60866,-0.22010,36.519,-0.440,-1,375.000,-1,375.000,-1,325.000,325.000,300.000,300.000,800.000,475.000,575.000,-1,725.000,725.000,-1,-1,2,0,2,0,2,0,0,0,0,1,0,0,2,1,0,2,2
114,5408.932,2490.777,28.141,9.843,0.985110,-0.170819,0.019478,0.169884,0.984551,0.042400,-0.026419,-0.038460,0.998911,0,0.60827,-0.22339,36.496,-0.447,-1,375.000,-1,375.000,-1,325.000,325.000,300.000,300.000,800.000,500.000,575.000,-1,725.000,750.000,-1,-1,2,0,2,0,2,0,0,0,0,1,0,0,2,1,0,2,2
115,5444.931,2496.730,27.300,9.389,0.986442,-0.163019,0.018886,0.162116,0.985869,0.042209,-0.025500,-0.038575,0.998930,0,0.60812,-0.22680,36.487,-0.454,1000.000,375.000,-1,375.000,-1,325.000,325.000,300.000,300.000,800.000,525.000,600.000,-1,725.000,750.000,1000.000,-1,1,0,2,0,2,0,0,0,0,1,0,0,2,1,0,1,2
116,5480.981,2502.394,26.470,8.929,0.987732,-0.155086,0.018287,0.154216,0.987143,0.042035,-0.024570,-0.038699,0.998949,0,0.60822,-0.23034,36.493,-0.461,950.000,375.000,-1,375.000,-1,325.000,325.000,300.000,300.000,825.000,525.000,600.000,-1,725.000,750.000,975.000,-1,1,0,2,0,2,0,0,0,0,1,0,0,2,1,0,1,2
117,5517.097,2507.766,25.651,8.461,0.988976,-0.147018,0.017680,0.146179,0.988371,0.041876,-0.023631,-0.038830,0.998966,0,0.60855,-0.23399,36.513,-0.468,925.000,375.000,-1,375.000,-1,325.000,325.000,300.000,300.000,825.000,550.000,625.000,-1,725.000,750.000,950.000,-1,1,0,2,0,2,0,0,0,0,1,0,0,2,1,0,1,2
118,5553.291,2512.843,24.843,7.985,0.990172,-0.138809,0.017065,0.138003,0.989552,0.041734,-0.022680,-0.038969,0.998983,0,0.60912,-0.23777,36.547,-0.476,875.000,375.000,-1,375.000,-1,325.000,325.000,300.000,300.000,850.000,575.000,650.000,-1,725.000,750.000,950.000,-1,1,0,2,0,2,0,0,0,0,1,0,0,2,1,0,1,2
119,5589.573,2517.620,24.047,7.502,0.991318,-0.130456,0.016444,0.129682,0.990682,0.041609,-0.021719,-0.039115,0.998999,0,0.60993,-0.24166,36.596,-0.483,850.000,375.000,-1,400.000,-1,325.000,325.000,300.000,300.000,875.000,600.000,650.000,-1,725.000,775.000,925.000,-1,1,0,2,0,2,0,0,0,0,1,0,0,2,1,0,1,2
120,5630.666,2522.615,23.162,6.930,0.992581,-0.120563,0.015735,0.119826,0.991928,0.041487,-0.020610,-0.039293,0.999015,0,0.68993,-0.28586,41.396,-0.572,800.000,400.000,-1,400.000,-1,325.000,325.000,300.000,300.000,900.000,625.000,675.000,-1,750.000,775.000,900.000,-1,1,0,2,0,2,0,0,0,0,1,0,0,2,1,0,1,2
121,5673.192,2527.360,22.264,6.367,0.993729,-0.110807,0.014998,0.110107,0.993058,0.041385,-0.019479,-0.039474,0.999031,0,0.71316,-0.28159,42.790,-0.563,775.000,400.000,-1,400.000,-1,325.000,325.000,300.000,300.000,925.000,625.000,675.000,-1,750.000,775.000,900.000,-1,1,0,2,0,2,0,0,0,0,1,0,0,2,1,0,1,2
122,5715.927,2531.711,21.379,5.813,0.994764,-0.101200,0.014253,0.100538,0.994075,0.041305,-0.018349,-0.039656,0.999045,0,0.71593,-0.27696,42.956,-0.554,750.000,400.000,-1,400.000,-1,325.000,325.000,300.000,300.000,950.000,650.000,700.000,-1,750.000,775.000,875.000,-1,1,0,2,0,2,0,0,0,0,1,0,0,2,1,0,1,2
123,5758.851,2535.669,20.507,5.269,0.995690,-0.091754,0.013503,0.091130,0.994984,0.041248,-0.017219,-0.039840,0.999058,0,0.71844,-0.27208,43.106,-0.544,725.000,400.000,-1,400.000,-1,325.000,325.000,300.000,300.000,975.000,675.000,700.000,-1,750.000,800.000,850.000,-1,1,0,2,0,2,0,0,0,0,1,0,0,2,1,0,1,2
124,5801.944,2539.238,19.649,4.735,0.996511,-0.082478,0.012748,0.081891,0.995789,0.041212,-0.016093,-0.040025,0.999069,0,0.72067,-0.26695,43.240,-0.534,700.000,400.000,-1,400.000,-1,325.000,325.000,300.000,300.000,-1,700.000,725.000,-1,775.000,800.000,850.000,-1,1,0,2,0,2,0,0,0,0,2,0,0,2,1,0,1,2
125,5845.183,2542.422,18.804,4.212,0.997232,-0.073382,0.011990,0.072832,0.996493,0.041197,-0.014971,-0.040210,0.999079,0,0.72260,-0.26157,43.356,-0.523,675.000,400.000,-1,400.000,-1,325.000,325.000,300.000,300.000,-1,725.000,750.000,-1,775.000,800.000,850.000,-1,1,0,2,0,2,0,0,0,0,2,0,0,2,1,0,1,2
126,5888.545,2545.226,17.993,3.700,0.997855,-0.064476,0.011283,0.063960,0.997098,0.041276,-0.013911,-0.040465,0.999084,0,0.72421,-0.25593,43.453,-0.512,650.000,400.000,-1,400.000,-1,325.000,325.000,300.000,300.000,-1,725.000,750.000,-1,775.000,800.000,-1,-1,1,0,2,0,2,0,0,0,0,2,0,0,2,0,0,2,2
127,5932.006,2547.656,17.222,3.200,0.998379,-0.055771,0.011331,0.055263,0.997626,0.041080,-0.013596,-0.040387,0.999092,0,0.72548,-0.25004,43.529,-0.500,625.000,400.000,-1,400.000,-1,325.000,325.000,300.000,300.000,-1,775.000,800.000,-1,775.000,825.000,-1,-1,1,0,2,0,2,0,0,0,0,2,0,0,2,0,0,2,2
128,5980.290,2549.730,16.413,2.460,0.999010,-0.042881,0.011872,0.042365,0.998270,0.040766,-0.013599,-0.040223,0.999098,0,0.80548,-0.37004,48.329,-0.740,600.000,400.000,-1,400.000,-1,325.000,325.000,300.000,300.000,-1,825.000,850.000,-1,775.000,825.000,-1,-1,1,0,2,0,2,0,0,0,0,2,0,0,2,0,0,2,2
129,6033.401,2551.101,15.563,1.480,0.999589,-0.025800,0.012477,0.025277,0.998863,0.040424,-0.013506,-0.040092,0.999105,0,0.88548,-0.49004,53.129,-0.980,600.000,400.000,-1,400.000,-1,325.000,325.000,300.000,300.000,-1,900.000,925.000,-1,775.000,825.000,-1,-1,1,0,2,0,2,0,0,0,0,2,0,0,2,0,0,2,2
130,6087.813,2551.348,14.742,0.260,0.999904,-0.004526,0.013114,0.003997,0.999189,0.040073,-0.013285,-0.040017,0.999111,0,0.90687,-0.61004,54.412,-1.220,575.000,400.000,-1,400.000,-1,325.000,325.000,300.000,300.000,-1,975.000,975.000,-1,775.000,825.000,-1,-1,1,0,2,0,2,0,0,0,0,2,0,0,2,0,0,2,2
131,6142.101,2550.210,13.976,-1.201,0.999686,0.020936,0.013757,-0.021467,0.998981,0.039701,-0.012912,-0.039984,0.999117,0,0.90499,-0.73004,54.299,-1.460,600.000,400.000,-1,400.000,-1,325.000,325.000,300.000,300.000,-1,-1,-1,-1,775.000,825.000,-1,-1,1,0,2,0,2,0,0,0,0,2,2,2,2,0,0,2,2
132,6196.146,2547.684,13.256,-2.676,0.998807,0.046648,0.014433,-0.047183,0.998114,0.039266,-0.012574,-0.039901,0.999125,0,0.90172,-0.73763,54.103,-1.475,-1,400.000,-1,400.000,-1,325.000,325.000,300.000,300.000,-1,-1,-1,-1,775.000,825.000,-1,-1,2,0,2,0,2,0,0,1,0,2,2,2,2,0,0,2,2
133,6249.849,2543.808,12.584,-4.128,0.997294,0.071936,0.015130,-0.072476,0.996616,0.038782,-0.012289,-0.039774,0.999133,0,0.89738,-0.72633,53.843,-1.453,-1,400.000,-1,400.000,-1,325.000,325.000,275.000,300.000,-1,-1,-1,-1,775.000,825.000,-1,-1,2,0,2,0,2,0,0,1,0,2,2,2,2,0,0,2,2
134,6303.120,2538.624,11.963,-5.558,0.995180,0.096780,0.015837,-0.097324,0.994517,0.038260,-0.012048,-0.039617,0.999142,0,0.89204,-0.71483,53.523,-1.430,-1,400.000,-1,400.000,-1,325.000,325.000,275.000,300.000,-1,-1,-1,-1,775.000,825.000,-1,-1,2,0,2,0,2,0,0,1,0,2,2,2,2,0,0,2,2
135,6355.875,2532.179,11.389,-6.965,0.992495,0.121161,0.016555,-0.121712,0.991849,0.037701,-0.011852,-0.039433,0.999152,0,0.88579,-0.70322,53.147,-1.406,-1,400.000,-1,400.000,-1,325.000,325.000,275.000,300.000,-1,-1,-1,-1,775.000,825.000,-1,-1,2,0,2,0,2,0,0,1,0,2,2,2,2,0,0,2,2
136,6408.039,2524.522,10.862,-8.351,0.989262,0.145125,0.017281,-0.145681,0.988636,0.037106,-0.011699,-0.039225,0.999162,0,0.87870,-0.69319,52.722,-1.386,-1,400.000,-1,400.000,-1,325.000,325.000,275.000,300.000,-1,-1,-1,-1,775.000,825.000,-1,-1,2,0,2,0,2,0,0,1,0,2,2,2,2,0,0,2,2
137,6459.540,2515.688,10.378,-9.732,0.985465,0.168919,0.018014,-0.169482,0.984858,0.036474,-0.011580,-0.038997,0.999172,0,0.87089,-0.69074,52.254,-1.381,-1,400.000,-1,400.000,-1,325.000,325.000,275.000,300.000,-1,-1,-1,-1,775.000,825.000,-1,-1,2,0,2,0,2,0,0,1,0,2,2,2,2,0,0,2,2
