timestep,x_cm,y_cm,z_cm,yaw_deg,basis_xx,basis_xy,basis_xz,basis_yx,basis_yy,basis_yz,basis_zx,basis_zy,basis_zz,teleport_flag,throttle_cmd,steering_cmd,cmd_move_cm,cmd_turn_deg,lidar_cm_0,lidar_cm_1,lidar_cm_2,lidar_cm_3,lidar_cm_4,lidar_cm_5,lidar_cm_6,lidar_cm_7,lidar_cm_8,lidar_cm_9,lidar_cm_10,lidar_cm_11,lidar_cm_12,lidar_cm_13,lidar_cm_14,lidar_cm_15,lidar_cm_16,lidar_class_0,lidar_class_1,lidar_class_2,lidar_class_3,lidar_class_4,lidar_class_5,lidar_class_6,lidar_class_7,lidar_class_8,lidar_class_9,lidar_class_10,lidar_class_11,lidar_class_12,lidar_class_13,lidar_class_14,lidar_class_15,lidar_class_16
0,-5578.201,6891.205,-526.383,125.085,-0.572785,-0.817241,-0.063517,0.818819,-0.574048,0.002019,-0.038112,-0.050852,0.997979,1,0.08000,0.12000,4.800,0.240,-1,375.000,-1,375.000,-1,300.000,300.000,300.000,325.000,-1,500.000,550.000,-1,650.000,800.000,-1,-1,2,0,2,0,2,0,0,0,0,2,0,0,2,0,0,2,2
1,-5583.784,6899.015,-526.699,125.565,-0.579634,-0.812415,-0.063297,0.813985,-0.580883,0.001656,-0.038113,-0.050563,0.997993,0,0.16000,0.24000,9.600,0.480,-1,375.000,-1,375.000,-1,300.000,300.000,300.000,325.000,-1,500.000,550.000,-1,650.000,800.000,-1,-1,2,0,2,0,2,0,0,0,0,2,0,0,2,0,0,2,2
2,-5592.306,6910.622,-527.227,126.285,-0.589827,-0.805076,-0.062902,0.806623,-0.591064,0.001333,-0.038252,-0.049952,0.998019,0,0.24000,0.36000,14.400,0.720,-1,375.000,-1,375.000,-1,300.000,300.000,300.000,325.000,-1,525.000,550.000,-1,650.000,800.000,-1,-1,2,0,2,0,2,0,0,0,0,2,0,0,2,0,0,2,2
3,-5603.926,6925.906,-527.951,127.245,-0.603272,-0.795094,-0.062362,0.796608,-0.604495,0.000955,-0.038457,-0.049102,0.998053,0,0.32000,0.48000,19.200,0.960,-1,375.000,-1,375.000,-1,300.000,300.000,300.000,325.000,-1,525.000,525.000,-1,650.000,800.000,-1,-1,2,0,2,0,2,0,0,0,0,2,0,0,2,0,0,2,2
4,-5618.847,6944.703,-528.871,128.445,-0.619840,-0.782300,-0.061691,0.783774,-0.621046,0.000484,-0.038691,-0.048052,0.998095,0,0.40000,0.60000,24.000,1.200,1000.000,375.000,-1,375.000,-1,300.000,300.000,300.000,325.000,-1,550.000,525.000,-1,650.000,800.000,-1,-1,0,0,2,0,2,0,0,0,0,2,0,0,2,0,0,2,2
5,-5637.314,6966.803,-529.996,129.885,-0.639362,-0.766491,-0.060892,0.767919,-0.640547,-0.000082,-0.038941,-0.046812,0.998144,0,0.48000,0.72000,28.800,1.440,1000.000,375.000,-1,375.000,-1,300.000,300.000,300.000,325.000,-1,550.000,525.000,-1,650.000,775.000,-1,-1,0,0,2,0,2,0,0,0,0,2,0,0,2,0,0,2,2
6,-5659.606,6991.943,-531.389,131.565,-0.661642,-0.747438,-0.059716,0.748803,-0.662792,-0.000730,-0.039033,-0.045198,0.998215,0,0.56000,0.84000,33.600,1.680,975.000,375.000,-1,375.000,-1,300.000,300.000,300.000,325.000,-1,525.000,525.000,-1,650.000,775.000,-1,-1,0,0,2,0,2,0,0,0,0,2,0,0,2,0,0,2,2
7,-5685.932,7019.897,-532.995,133.284,-0.683864,-0.727268,-0.058407,0.728569,-0.684971,-0.001435,-0.038964,-0.043535,0.998292,0,0.64000,0.85971,38.400,1.719,950.000,375.000,-1,375.000,-1,300.000,300.000,300.000,325.000,-1,525.000,500.000,-1,625.000,775.000,-1,-1,0,0,2,0,2,0,0,0,0,2,0,0,2,0,0,2,2
8,-5714.334,7048.295,-534.667,135.004,-0.705464,-0.706434,-0.057203,0.707679,-0.706530,-0.002184,-0.038873,-0.042022,0.998360,0,0.66940,0.85971,40.164,1.719,950.000,375.000,-1,400.000,-1,300.000,300.000,300.000,325.000,-1,500.000,500.000,-1,625.000,775.000,-1,-1,0,0,2,0,2,0,0,0,0,2,0,0,2,0,0,2,2
9,-5743.574,7075.829,-536.333,136.723,-0.726418,-0.684954,-0.056168,0.686156,-0.727449,-0.002976,-0.038821,-0.040702,0.998417,0,0.66940,0.85971,40.164,1.719,925.000,375.000,-1,400.000,-1,300.000,300.000,300.000,325.000,-1,500.000,500.000,-1,625.000,775.000,-1,-1,0,0,2,0,2,0,0,0,0,2,0,0,2,0,0,2,2
10,-5773.628,7102.472,-537.992,138.443,-0.746708,-0.662848,-0.055305,0.664018,-0.747707,-0.003827,-0.038815,-0.039581,0.998462,0,0.66940,0.85971,40.164,1.719,900.000,375.000,-1,400.000,-1,300.000,300.000,300.000,325.000,-1,500.000,500.000,-1,625.000,750.000,1000.000,-1,0,0,2,0,2,0,0,0,0,2,0,0,2,0,0,0,2
11,-5804.467,7128.202,-539.642,140.162,-0.766317,-0.640138,-0.054612,0.641287,-0.767286,-0.004756,-0.038859,-0.038666,0.998496,0,0.66940,0.85971,40.164,1.719,875.000,350.000,-1,400.000,-1,300.000,300.000,300.000,325.000,-1,500.000,525.000,-1,625.000,750.000,975.000,-1,0,0,2,0,2,0,0,0,0,2,0,0,2,0,0,0,2
12,-5836.064,7152.995,-540.926,141.882,-0.785328,-0.616883,-0.052096,0.617925,-0.786220,-0.005144,-0.037786,-0.036231,0.998629,0,0.66940,0.85971,40.164,1.719,875.000,350.000,-1,400.000,-1,300.000,325.000,300.000,325.000,-1,500.000,500.000,-1,625.000,750.000,975.000,-1,0,0,2,0,2,0,0,0,0,2,0,0,2,0,0,0,2
13,-5868.391,7176.830,-542.318,143.601,-0.803620,-0.593080,-0.049507,0.593984,-0.804464,-0.004579,-0.037111,-0.033086,0.998763,0,0.66940,0.85971,40.164,1.719,875.000,350.000,-1,400.000,-1,300.000,300.000,325.000,325.000,-1,500.000,500.000,-1,625.000,725.000,950.000,-1,0,0,2,0,2,0,0,0,0,2,0,0,2,0,0,0,2
14,-5901.419,7199.683,-543.676,145.320,-0.821173,-0.568726,-0.047179,0.569515,-0.821970,-0.004128,-0.036432,-0.030259,0.998878,0,0.66940,0.85971,40.164,1.719,875.000,350.000,-1,400.000,-1,300.000,300.000,325.000,325.000,-1,500.000,500.000,-1,625.000,725.000,950.000,-1,0,0,2,0,2,0,0,0,0,2,0,0,2,0,0,0,2
15,-5935.117,7221.536,-545.001,147.040,-0.837972,-0.543846,-0.045096,0.544540,-0.838726,-0.003805,-0.035754,-0.027745,0.998975,0,0.66940,0.85971,40.164,1.719,850.000,350.000,-1,375.000,-1,300.000,300.000,325.000,325.000,-1,500.000,500.000,-1,625.000,725.000,950.000,-1,0,0,2,0,2,0,0,0,0,2,0,0,2,0,0,0,2
16,-5969.456,7242.367,-546.291,148.759,-0.854004,-0.518466,-0.043241,0.519082,-0.854717,-0.003622,-0.035081,-0.025539,0.999058,0,0.66940,0.85971,40.164,1.719,850.000,350.000,-1,375.000,-1,300.000,300.000,325.000,325.000,-1,500.000,500.000,-1,625.000,725.000,925.000,-1,0,0,2,0,2,0,0,0,0,2,0,0,2,0,0,0,2
17,-6008.517,7264.637,-547.852,150.311,-0.867851,-0.495157,-0.040673,0.495681,-0.868498,-0.003310,-0.033686,-0.023033,0.999167,0,0.74940,0.77600,44.964,1.552,850.000,350.000,-1,375.000,-1,300.000,300.000,325.000,325.000,-1,500.000,500.000,-1,625.000,700.000,925.000,-1,0,0,2,0,2,0,0,0,0,2,0,0,2,0,0,0,2
18,-6049.558,7286.586,-549.434,151.863,-0.881057,-0.471480,-0.038008,0.471910,-0.881643,-0.002700,-0.032236,-0.020315,0.999274,0,0.77569,0.77600,46.541,1.552,850.000,350.000,-1,375.000,-1,300.000,300.000,325.000,325.000,-1,500.000,500.000,-1,600.000,700.000,925.000,-1,0,0,2,0,2,0,0,0,0,2,0,0,2,0,0,0,2
19,-6091.178,7307.415,-550.508,153.415,-0.893623,-0.447441,-0.035126,0.447825,-0.894114,-0.003505,-0.029838,-0.018863,0.999377,0,0.77569,0.77600,46.541,1.552,850.000,350.000,-1,375.000,-1,300.000,300.000,325.000,325.000,-1,475.000,475.000,-1,600.000,700.000,925.000,-1,0,0,2,0,2,0,0,0,0,2,0,0,2,0,0,0,2
20,-6133.347,7327.108,-551.473,154.967,-0.905528,-0.423068,-0.032139,0.423420,-0.905921,-0.004739,-0.027111,-0.017900,0.999472,0,0.77569,0.77600,46.541,1.552,850.000,350.000,-1,375.000,-1,300.000,300.000,325.000,325.000,-1,450.000,450.000,-1,625.000,725.000,950.000,-1,0,0,2,0,2,0,0,0,0,2,0,0,2,0,0,0,2
21,-6176.079,7345.675,-552.437,156.515,-0.916729,-0.398447,-0.029134,0.398767,-0.917033,-0.005895,-0.024368,-0.017022,0.999558,0,0.77653,0.77400,46.592,1.548,850.000,350.000,-1,375.000,-1,300.000,300.000,300.000,325.000,-1,425.000,400.000,-1,625.000,725.000,950.000,-1,0,0,2,0,2,0,0,0,0,2,0,0,2,0,0,0,2
22,-6219.353,7363.109,-553.400,158.057,-0.927209,-0.373634,-0.026106,0.373921,-0.927434,-0.006970,-0.021608,-0.016224,0.999635,0,0.77757,0.77090,46.654,1.542,875.000,350.000,-1,375.000,-1,300.000,300.000,300.000,350.000,-1,400.000,350.000,-1,625.000,700.000,975.000,-1,0,0,2,0,2,0,0,0,0,2,0,0,2,0,0,0,2
23,-6263.119,7379.392,-554.362,159.593,-0.936970,-0.348648,-0.023055,0.348902,-0.937125,-0.007959,-0.018831,-0.015501,0.999703,0,0.77828,0.76786,46.697,1.536,875.000,350.000,-1,375.000,-1,300.000,300.000,300.000,350.000,-1,350.000,325.000,-1,625.000,700.000,975.000,-1,0,0,2,0,2,0,0,0,0,2,0,0,2,0,0,0,2
24,-6307.326,7394.509,-555.322,161.123,-0.946015,-0.323506,-0.019980,0.323725,-0.946110,-0.008858,-0.016038,-0.014848,0.999761,0,0.77868,0.76499,46.721,1.530,875.000,350.000,-1,400.000,-1,300.000,300.000,300.000,350.000,-1,325.000,300.000,-1,625.000,700.000,950.000,-1,0,0,2,0,2,0,0,0,0,2,0,0,2,0,0,0,2
25,-6351.928,7408.445,-556.320,162.648,-0.954354,-0.298208,-0.016727,0.298389,-0.954397,-0.009559,-0.013114,-0.014113,0.999814,0,0.77881,0.76273,46.729,1.525,875.000,350.000,-1,400.000,-1,300.000,325.000,300.000,350.000,-1,300.000,275.000,-1,625.000,700.000,950.000,-1,0,0,2,0,2,0,0,0,0,2,0,0,2,0,0,0,2
26,-6396.877,7421.190,-557.512,164.170,-0.961997,-0.272765,-0.012700,0.272892,-0.961997,-0.009612,-0.009595,-0.012712,0.999873,0,0.77869,0.76081,46.721,1.522,875.000,350.000,-1,375.000,-1,300.000,300.000,300.000,350.000,-1,275.000,250.000,-1,625.000,700.000,950.000,-1,0,0,2,0,2,0,0,0,0,2,0,0,2,0,0,0,2
27,-6442.129,7432.735,-558.674,165.688,-0.968930,-0.247180,-0.008783,0.247260,-0.968902,-0.009589,-0.006140,-0.011463,0.999915,0,0.77835,0.75925,46.701,1.519,875.000,350.000,-1,375.000,-1,300.000,300.000,300.000,350.000,-1,250.000,200.000,-1,625.000,700.000,950.000,-1,0,0,2,0,2,0,0,0,0,2,0,0,2,0,0,0,2
28,-6487.641,7443.072,-559.747,167.204,-0.975156,-0.221461,-0.005105,0.221501,-0.975117,-0.009209,-0.002939,-0.010111,0.999945,0,0.77785,0.75805,46.671,1.516,875.000,350.000,-1,375.000,-1,300.000,300.000,300.000,325.000,-1,225.000,200.000,-1,625.000,700.000,925.000,-1,0,0,2,0,2,0,0,0,0,2,0,0,2,0,0,0,2
29,-6533.372,7452.194,-560.148,168.719,-0.980678,-0.195619,-0.002058,0.195628,-0.980660,-0.005976,-0.000849,-0.006263,0.999980,0,0.77721,0.75722,46.633,1.514,875.000,350.000,-1,375.000,-1,300.000,300.000,300.000,325.000,-1,250.000,200.000,-1,625.000,700.000,925.000,-1,0,0,2,0,2,0,0,0,0,2,0,0,2,0,0,0,2
30,-6579.286,7460.099,-560.323,170.232,-0.985503,-0.169653,0.001572,0.169649,-0.985502,-0.002013,0.001891,-0.001717,0.999997,0,0.77649,0.75675,46.589,1.513,900.000,350.000,-1,375.000,-1,300.000,300.000,300.000,325.000,-1,250.000,200.000,-1,625.000,700.000,950.000,-1,0,0,2,0,2,0,0,0,0,2,0,0,2,0,0,0,2
31,-6625.348,7466.781,-559.865,171.746,-0.989633,-0.143568,0.003955,0.143568,-0.989640,-0.000148,0.003935,0.000422,0.999992,0,0.77573,0.75664,46.544,1.513,925.000,350.000,-1,375.000,-1,300.000,300.000,325.000,325.000,-1,275.000,225.000,-1,625.000,700.000,950.000,-1,0,0,2,0,2,0,0,0,0,2,0,0,2,0,0,0,2
32,-6671.524,7472.238,-559.080,173.259,-0.993066,-0.117373,0.006517,0.117379,-0.993087,0.000533,0.006410,0.001294,0.999979,0,0.77497,0.75691,46.498,1.514,925.000,350.000,-1,375.000,-1,300.000,300.000,325.000,325.000,-1,300.000,250.000,-1,625.000,700.000,950.000,-1,0,0,2,0,2,0,0,0,0,2,0,0,2,0,0,0,2
33,-6717.787,7476.469,-558.289,174.775,-0.995803,-0.091075,0.009058,0.091090,-0.995842,0.001284,0.008903,0.002104,0.999958,0,0.77426,0.75754,46.456,1.515,925.000,375.000,-1,375.000,-1,300.000,300.000,325.000,325.000,-1,325.000,275.000,-1,625.000,675.000,950.000,-1,0,0,2,0,2,0,0,0,0,2,0,0,2,0,0,0,2
34,-6764.110,7479.472,-557.490,176.292,-0.997839,-0.064678,0.011580,0.064707,-0.997902,0.002114,0.011419,0.002859,0.999931,0,0.77366,0.75853,46.419,1.517,925.000,375.000,-1,375.000,-1,300.000,300.000,325.000,325.000,-1,350.000,300.000,-1,625.000,675.000,950.000,-1,0,0,2,0,2,0,0,0,0,2,0,0,2,0,0,0,2
35,-6810.467,7481.243,-556.684,177.811,-0.999171,-0.038190,0.014085,0.038236,-0.999264,0.003035,0.013959,0.003571,0.999896,0,0.77319,0.75988,46.391,1.520,925.000,375.000,-1,375.000,-1,300.000,325.000,325.000,325.000,-1,350.000,300.000,-1,625.000,675.000,950.000,-1,0,0,2,0,2,0,0,0,0,2,0,0,2,0,0,0,2
36,-6856.839,7481.782,-555.868,179.335,-0.999795,-0.011615,0.016572,0.011683,-0.999924,0.004056,0.016524,0.004249,0.999854,0,0.77291,0.76158,46.374,1.523,925.000,375.000,-1,375.000,-1,300.000,325.000,325.000,325.000,-1,375.000,325.000,-1,625.000,675.000,950.000,-1,0,0,2,0,2,0,0,0,0,2,0,0,2,0,0,0,2
37,-6903.204,7481.084,-555.043,180.862,-0.999706,0.015040,0.019042,-0.014944,-0.999875,0.005190,0.019117,0.004904,0.999805,0,0.77284,0.76363,46.370,1.527,925.000,375.000,-1,375.000,-1,300.000,325.000,325.000,325.000,-1,400.000,300.000,-1,625.000,650.000,950.000,-1,0,0,2,0,2,0,0,0,0,2,0,0,2,0,0,0,2
38,-6949.545,7479.147,-554.207,182.394,-0.998896,0.041767,0.021491,-0.041637,-0.999112,0.006448,0.021741,0.005546,0.999748,0,0.77302,0.76602,46.381,1.532,925.000,375.000,-1,375.000,-1,300.000,325.000,325.000,325.000,-1,400.000,300.000,-1,625.000,650.000,950.000,-1,0,0,2,0,2,0,0,0,0,2,0,0,2,0,0,0,2
39,-6995.845,7475.965,-553.359,183.931,-0.997360,0.068559,0.023916,-0.068389,-0.997628,0.007840,0.024396,0.006184,0.999683,0,0.77349,0.76874,46.409,1.537,925.000,375.000,-1,375.000,-1,300.000,325.000,325.000,325.000,-1,350.000,275.000,-1,625.000,650.000,975.000,-1,0,0,2,0,2,0,0,0,0,2,0,0,2,0,0,0,2
40,-7042.089,7471.532,-552.498,185.475,-0.995091,0.095407,0.026312,-0.095190,-0.995415,0.009380,0.027086,0.006829,0.999610,0,0.77427,0.77178,46.456,1.544,950.000,350.000,-1,375.000,-1,300.000,300.000,325.000,300.000,-1,325.000,275.000,-1,600.000,650.000,975.000,-1,0,0,2,0,2,0,0,0,0,2,0,0,2,0,0,0,2
41,-7088.262,7465.842,-551.624,187.025,-0.992079,0.122301,0.028673,-0.122029,-0.992465,0.011077,0.029812,0.007491,0.999527,0,0.77537,0.77515,46.522,1.550,950.000,350.000,-1,375.000,-1,300.000,300.000,325.000,300.000,-1,300.000,250.000,-1,600.000,650.000,975.000,1000.000,0,0,2,0,2,0,0,0,0,2,0,0,2,0,0,0,0
42,-7134.283,7458.901,-550.736,188.577,-0.988331,0.149136,0.030988,-0.148798,-0.988783,0.012941,0.032571,0.008179,0.999436,0,0.77569,0.77600,46.541,1.552,975.000,350.000,-1,375.000,975.000,300.000,300.000,325.000,300.000,-1,275.000,250.000,-1,600.000,625.000,975.000,950.000,0,0,2,0,0,0,0,0,0,2,0,0,2,0,0,0,0
43,-7180.099,7450.716,-549.670,190.129,-0.983866,0.175861,0.032877,-0.175476,-0.984380,0.014293,0.034877,0.008293,0.999357,0,0.77569,0.77600,46.541,1.552,975.000,350.000,-1,350.000,925.000,300.000,300.000,325.000,300.000,-1,275.000,250.000,-1,600.000,625.000,950.000,900.000,0,0,2,0,0,0,0,0,0,2,0,0,2,0,0,0,0
44,-7225.677,7441.293,-547.693,191.681,-0.978609,0.202462,0.036507,-0.202124,-0.979277,0.012776,0.038337,0.005124,0.999252,0,0.77569,0.77600,46.541,1.552,975.000,350.000,-1,375.000,925.000,300.000,300.000,300.000,300.000,-1,250.000,250.000,-1,600.000,650.000,950.000,900.000,0,0,2,0,0,0,0,0,0,2,0,0,2,0,0,0,0
45,-7275.023,7429.907,-545.422,192.993,-0.973575,0.224834,0.040018,-0.224536,-0.974394,0.011835,0.041654,0.002537,0.999129,0,0.84404,0.65600,50.642,1.312,975.000,350.000,-1,375.000,900.000,300.000,300.000,300.000,325.000,-1,275.000,275.000,-1,600.000,650.000,950.000,875.000,0,0,2,0,0,0,0,0,0,2,0,0,2,0,0,0,0
46,-7324.148,7417.600,-542.620,194.065,-0.969067,0.243024,0.042989,-0.242676,-0.970017,0.013224,0.044914,0.002383,0.998988,0,0.84404,0.53600,50.642,1.072,1000.000,350.000,-1,375.000,875.000,300.000,300.000,300.000,325.000,-1,300.000,300.000,-1,600.000,625.000,950.000,875.000,0,0,2,0,0,0,0,0,0,2,0,0,2,0,0,0,0
47,-7373.088,7404.580,-539.707,194.897,-0.965288,0.257084,0.046112,-0.256644,-0.966385,0.015312,0.048499,0.002946,0.998819,0,0.84404,0.41600,50.642,0.832,-1,350.000,-1,375.000,850.000,300.000,300.000,300.000,325.000,-1,300.000,300.000,-1,625.000,625.000,975.000,850.000,2,0,2,0,0,0,0,0,0,2,0,0,2,0,0,0,0
48,-7421.892,7391.055,-536.759,195.489,-0.962423,0.267054,0.049243,-0.266505,-0.963674,0.017514,0.052132,0.003733,0.998633,0,0.84404,0.29600,50.642,0.592,-1,350.000,-1,375.000,825.000,300.000,300.000,300.000,325.000,-1,325.000,325.000,-1,625.000,600.000,-1,825.000,2,0,2,0,0,0,0,0,0,2,0,0,2,0,0,2,0
49,-7470.611,7377.231,-533.689,195.841,-0.960577,0.272969,0.052719,-0.272302,-0.962013,0.019569,0.056058,0.004442,0.998418,0,0.84404,0.17600,50.642,0.352,-1,350.000,-1,375.000,800.000,300.000,300.000,300.000,300.000,-1,350.000,325.000,-1,625.000,600.000,-1,825.000,2,0,2,0,0,0,0,0,0,2,0,0,2,0,0,2,0
50,-7519.303,7363.312,-530.594,195.953,-0.959846,0.274847,0.056164,-0.274042,-0.961472,0.021725,0.059972,0.005461,0.998185,0,0.84404,0.05600,50.642,0.112,-1,350.000,-1,375.000,775.000,300.000,300.000,325.000,300.000,-1,350.000,325.000,-1,625.000,600.000,-1,800.000,2,0,2,0,0,0,0,0,0,2,0,0,2,0,0,2,0
51,-7568.027,7349.501,-527.472,195.825,-0.960253,0.272696,0.059585,-0.271728,-0.962076,0.023950,0.063856,0.006807,0.997936,0,0.84404,-0.06400,50.642,-0.128,-1,375.000,-1,375.000,775.000,300.000,300.000,325.000,300.000,-1,350.000,300.000,-1,625.000,575.000,-1,775.000,2,0,2,0,0,0,0,0,0,2,0,0,2,0,0,2,0
52,-7616.838,7336.003,-524.326,195.457,-0.961772,0.266508,0.062986,-0.265352,-0.963795,0.026211,0.067691,0.008496,0.997670,0,0.84404,-0.18400,50.642,-0.368,-1,375.000,-1,350.000,750.000,300.000,300.000,325.000,300.000,-1,325.000,275.000,-1,625.000,575.000,-1,750.000,2,0,2,0,0,0,0,0,0,2,0,0,2,0,0,2,0
53,-7665.789,7323.024,-521.158,194.849,-0.964326,0.256261,0.066375,-0.254892,-0.966550,0.028475,0.071452,0.010541,0.997388,0,0.84404,-0.30400,50.642,-0.608,-1,375.000,-1,350.000,725.000,300.000,300.000,325.000,300.000,-1,300.000,275.000,-1,625.000,575.000,-1,750.000,2,0,2,0,0,0,0,0,0,2,0,0,2,0,0,2,0
54,-7714.928,7310.771,-517.970,194.001,-0.967785,0.241921,0.069762,-0.240314,-0.970209,0.030705,0.075112,0.012951,0.997091,0,0.84404,-0.42400,50.642,-0.848,-1,350.000,-1,350.000,700.000,300.000,300.000,300.000,300.000,-1,300.000,250.000,-1,625.000,550.000,-1,725.000,2,0,2,0,0,0,0,0,0,2,0,0,2,0,0,2,0
55,-7764.290,7299.452,-514.769,192.913,-0.971967,0.223446,0.073152,-0.221576,-0.974589,0.032866,0.078637,0.015736,0.996779,0,0.84404,-0.54400,50.642,-1.088,-1,350.000,-1,350.000,675.000,300.000,300.000,300.000,300.000,-1,275.000,250.000,-1,625.000,550.000,-1,700.000,2,0,2,0,0,0,0,0,0,2,0,0,2,0,0,2,0
56,-7813.901,7289.281,-511.481,191.585,-0.976652,0.200790,0.076382,-0.198662,-0.979458,0.034578,0.081756,0.018597,0.996479,0,0.84404,-0.66400,50.642,-1.328,-1,350.000,-1,325.000,650.000,300.000,275.000,300.000,275.000,-1,275.000,225.000,-1,625.000,550.000,-1,675.000,2,0,2,0,0,0,0,0,0,2,0,0,2,0,0,2,0
57,-7863.741,7280.299,-507.093,190.216,-0.980823,0.177332,0.080867,-0.175242,-0.983995,0.032304,0.085301,0.017513,0.996201,0,0.84404,-0.68460,50.642,-1.369,-1,350.000,-1,325.000,650.000,300.000,275.000,300.000,300.000,-1,275.000,250.000,-1,600.000,550.000,-1,675.000,2,0,2,0,0,0,0,0,0,2,0,0,2,0,0,2,0
58,-7913.782,7272.512,-502.195,188.847,-0.984343,0.153774,0.086156,-0.151810,-0.987986,0.028945,0.089571,0.015412,0.995861,0,0.84404,-0.68460,50.642,-1.369,-1,350.000,-1,325.000,675.000,275.000,275.000,300.000,300.000,-1,275.000,250.000,-1,625.000,550.000,-1,750.000,2,0,2,0,0,0,0,0,0,2,0,0,2,0,0,2,0
59,-7963.995,7265.920,-496.334,187.478,-0.987262,0.130118,0.091556,-0.127929,-0.991347,0.029408,0.094590,0.017320,0.995366,0,0.84404,-0.68460,50.642,-1.369,-1,350.000,-1,325.000,750.000,300.000,275.000,300.000,300.000,-1,275.000,275.000,-1,625.000,550.000,-1,950.000,2,0,2,0,0,0,0,0,0,2,0,0,2,0,0,2,0
60,-8014.351,7260.530,-490.385,186.108,-0.989578,0.106389,0.097043,-0.103957,-0.994135,0.029792,0.099643,0.019393,0.994834,0,0.84404,-0.68460,50.642,-1.369,-1,350.000,-1,350.000,900.000,300.000,275.000,300.000,300.000,-1,300.000,300.000,-1,650.000,575.000,-1,-1,2,0,2,0,0,0,0,0,0,2,0,0,2,0,0,2,2
61,-8064.822,7256.345,-484.403,184.739,-0.991308,0.082601,0.102399,-0.079949,-0.996355,0.029740,0.104483,0.021295,0.994299,0,0.84404,-0.68460,50.642,-1.369,-1,350.000,-1,350.000,-1,300.000,300.000,300.000,325.000,-1,300.000,300.000,-1,700.000,600.000,-1,-1,2,0,2,0,2,0,0,0,0,2,0,0,2,0,0,2,2
62,-8115.378,7253.367,-478.432,183.370,-0.992440,0.058767,0.107744,-0.055900,-0.998002,0.029441,0.109259,0.023195,0.993743,0,0.84404,-0.68460,50.642,-1.369,-1,375.000,-1,350.000,-1,300.000,300.000,300.000,325.000,-1,300.000,300.000,-1,725.000,625.000,-1,-1,2,0,2,0,2,0,0,0,0,2,0,0,2,0,0,2,2
63,-8165.991,7251.598,-472.473,182.001,-0.992972,0.034901,0.113086,-0.031825,-0.999076,0.028898,0.113990,0.025096,0.993165,0,0.84404,-0.68460,50.642,-1.369,-1,375.000,-1,350.000,-1,300.000,300.000,325.000,325.000,-1,325.000,325.000,-1,775.000,650.000,-1,-1,2,0,2,0,2,0,0,0,0,2,0,0,2,0,0,2,2
64,-8216.632,7251.039,-466.526,180.632,-0.992901,0.011018,0.118435,-0.007738,-0.999575,0.028115,0.118694,0.026999,0.992564,0,0.84404,-0.68460,50.642,-1.369,-1,375.000,-1,350.000,-1,300.000,300.000,325.000,325.000,-1,275.000,275.000,-1,825.000,675.000,-1,-1,2,0,2,0,2,0,0,0,0,2,0,0,2,0,0,2,2
65,-8267.272,7251.690,-460.591,179.262,-0.992224,-0.012869,0.123800,0.016344,-0.999499,0.027094,0.123389,0.028906,0.991937,0,0.84404,-0.68460,50.642,-1.369,-1,400.000,-1,350.000,-1,300.000,300.000,325.000,325.000,-1,250.000,250.000,-1,875.000,700.000,-1,-1,2,0,2,0,2,0,0,0,0,2,0,0,2,0,0,2,2
66,-8317.882,7253.550,-454.667,177.893,-0.990939,-0.036746,0.129190,0.040408,-0.998849,0.025834,0.128092,0.030820,0.991283,0,0.84404,-0.68460,50.642,-1.369,-1,400.000,-1,375.000,-1,325.000,300.000,300.000,325.000,-1,225.000,225.000,-1,925.000,725.000,-1,-1,2,0,2,0,2,0,0,0,0,2,0,0,2,0,0,2,2
67,-8368.433,7256.620,-448.757,176.524,-0.989043,-0.060600,0.134615,0.064437,-0.997625,0.024334,0.132821,0.032742,0.990599,0,0.84404,-0.68460,50.642,-1.369,-1,425.000,-1,375.000,-1,325.000,325.000,300.000,300.000,-1,200.000,200.000,-1,975.000,750.000,-1,-1,2,0,2,0,2,0,0,0,0,2,0,0,2,0,0,2,2
68,-8418.896,7260.896,-442.859,175.155,-0.986535,-0.084415,0.140084,0.088418,-0.995827,0.022592,0.137592,0.034674,0.989882,0,0.84404,-0.68460,50.642,-1.369,-1,425.000,-1,400.000,-1,325.000,325.000,300.000,300.000,-1,175.000,200.000,-1,-1,775.000,-1,-1,2,0,2,0,2,0,0,0,0,2,0,0,2,2,0,2,2
69,-8469.243,7266.377,-436.970,173.785,-0.983409,-0.108178,0.145618,0.112331,-0.993458,0.020580,0.142439,0.036596,0.989127,0,0.84404,-0.68460,50.642,-1.369,-1,450.000,-1,400.000,-1,350.000,325.000,300.000,300.000,-1,150.000,175.000,-1,-1,825.000,-1,-1,2,0,2,0,2,0,0,0,0,2,0,0,2,2,0,2,2
70,-8519.444,7273.059,-430.851,172.416,-0.979986,-0.131872,0.149120,0.136235,-0.990487,0.019385,0.145145,0.039313,0.988629,0,0.84404,-0.68460,50.642,-1.369,-1,450.000,-1,400.000,-1,350.000,350.000,300.000,300.000,-1,175.000,175.000,-1,-1,850.000,-1,-1,2,0,2,0,2,0,0,0,0,2,0,0,2,2,0,2,2
71,-8569.470,7280.940,-424.537,171.047,-0.976467,-0.155498,0.149439,0.159718,-0.987023,0.016594,0.144919,0.040071,0.988632,0,0.84404,-0.68460,50.642,-1.369,-1,450.000,-1,425.000,-1,350.000,350.000,300.000,300.000,-1,200.000,200.000,-1,-1,875.000,-1,-1,2,0,2,0,2,0,0,0,0,2,0,0,2,2,0,2,2
72,-8623.967,7290.631,-417.567,169.918,-0.973727,-0.174920,0.145802,0.178841,-0.983777,0.014124,0.140966,0.039828,0.989213,0,0.92255,-0.56460,55.353,-1.129,-1,450.000,-1,400.000,-1,350.000,350.000,300.000,300.000,-1,250.000,275.000,-1,-1,850.000,-1,-1,2,0,2,0,2,0,0,0,0,2,0,0,2,2,0,2,2
73,-8678.307,7301.167,-410.647,169.029,-0.971412,-0.190171,0.142107,0.193809,-0.980965,0.012086,0.137103,0.039282,0.989778,0,0.92255,-0.44460,55.353,-0.889,-1,450.000,-1,400.000,-1,350.000,325.000,300.000,300.000,-1,325.000,350.000,-1,-1,850.000,-1,-1,2,0,2,0,2,0,0,0,0,2,0,0,2,2,0,2,2
74,-8732.524,7312.317,-403.722,168.379,-0.969703,-0.201281,0.138429,0.204632,-0.978785,0.010266,0.133426,0.038282,0.990319,0,0.92255,-0.32460,55.353,-0.649,-1,450.000,-1,400.000,-1,350.000,325.000,300.000,300.000,-1,400.000,425.000,-1,-1,850.000,-1,-1,2,0,2,0,2,0,0,0,0,2,0,0,2,2,0,2,2
75,-8786.660,7323.855,-396.780,167.970,-0.968743,-0.208278,0.134746,0.211332,-0.977376,0.008611,0.129904,0.036818,0.990843,0,0.92255,-0.20460,55.353,-0.409,-1,425.000,-1,400.000,-1,350.000,325.000,300.000,275.000,-1,500.000,525.000,-1,-1,850.000,-1,-1,2,0,2,0,2,0,0,0,0,2,0,0,2,2,0,2,2
76,-8840.761,7335.553,-389.808,167.801,-0.968625,-0.211178,0.131036,0.213922,-0.976825,0.007068,0.126506,0.034878,0.991352,0,0.92255,-0.08460,55.353,-0.169,-1,425.000,-1,400.000,-1,325.000,325.000,300.000,275.000,-1,600.000,625.000,-1,1000.000,850.000,-1,-1,2,0,2,0,2,0,0,0,0,2,0,0,2,0,0,2,2
77,-8894.877,7347.185,-382.797,167.872,-0.969385,-0.209988,0.127273,0.212406,-0.977165,0.005581,0.123195,0.032443,0.991852,0,0.92255,0.03540,55.353,0.071,-1,425.000,-1,400.000,-1,325.000,325.000,300.000,275.000,-1,700.000,750.000,-1,975.000,850.000,-1,-1,2,0,2,0,2,0,0,0,0,2,0,0,2,0,0,2,2
78,-8949.055,7358.523,-375.736,168.183,-0.971010,-0.204703,0.123434,0.206777,-0.978380,0.004089,0.119928,0.029494,0.992344,0,0.92255,0.15540,55.353,0.311,-1,425.000,-1,400.000,-1,325.000,325.000,300.000,275.000,-1,850.000,900.000,-1,950.000,850.000,-1,-1,2,0,2,0,2,0,0,0,0,2,0,0,2,0,0,2,2
79,-9003.340,7369.339,-368.602,168.733,-0.973443,-0.195308,0.119430,0.197007,-0.980399,0.002477,0.116606,0.025940,0.992839,0,0.92255,0.27540,55.353,0.551,-1,425.000,-1,400.000,-1,325.000,325.000,300.000,275.000,-1,-1,-1,-1,950.000,875.000,-1,-1,2,0,2,0,2,0,0,0,0,2,2,2,2,0,0,2,2
80,-9057.768,7379.405,-361.371,169.524,-0.976571,-0.181777,0.115180,0.183065,-0.983101,0.000617,0.113121,0.021688,0.993344,0,0.92255,0.39540,55.353,0.791,-1,425.000,-1,400.000,-1,325.000,325.000,325.000,300.000,-1,-1,-1,-1,925.000,875.000,-1,-1,2,0,2,0,2,0,0,0,0,2,2,2,2,0,0,2,2
81,-9112.369,7388.491,-354.101,170.555,-0.980196,-0.164077,0.110878,0.164942,-0.986302,-0.001382,0.109586,0.016933,0.993833,0,0.92255,0.51540,55.353,1.031,-1,425.000,-1,400.000,-1,325.000,325.000,325.000,300.000,-1,-1,-1,-1,900.000,875.000,-1,-1,2,0,2,0,2,0,0,0,0,2,2,2,2,0,0,2,2
82,-9167.158,7396.364,-347.234,171.826,-0.983999,-0.142176,0.107389,0.142413,-0.989792,-0.005499,0.107074,0.009883,0.994202,0,0.92255,0.63540,55.353,1.271,-1,425.000,-1,400.000,-1,325.000,325.000,325.000,300.000,-1,-1,-1,-1,900.000,900.000,-1,-1,2,0,2,0,2,0,0,0,0,2,2,2,2,0,0,2,2
83,-9222.123,7402.901,-340.936,173.219,-0.987444,-0.118068,0.104945,0.117711,-0.993001,-0.009616,0.105346,0.002858,0.994432,0,0.92255,0.69676,55.353,1.394,-1,425.000,-1,425.000,-1,325.000,325.000,300.000,300.000,-1,-1,-1,-1,875.000,925.000,-1,-1,2,0,2,0,2,0,0,0,0,2,2,2,2,0,0,2,2
84,-9277.231,7408.098,-335.813,174.613,-0.990254,-0.093885,0.102875,0.093413,-0.995583,-0.009402,0.103303,0.000299,0.994650,0,0.92255,0.69676,55.353,1.394,-1,425.000,-1,425.000,-1,325.000,325.000,300.000,300.000,-1,-1,-1,-1,875.000,925.000,-1,-1,2,0,2,0,2,0,0,0,0,2,2,2,2,0,0,2,2
85,-9332.449,7411.954,-330.667,176.006,-0.992474,-0.069645,0.100726,0.069061,-0.997569,-0.009279,0.101127,-0.002253,0.994871,0,0.92255,0.69676,55.353,1.394,-1,400.000,-1,425.000,-1,325.000,325.000,300.000,300.000,-1,-1,-1,-1,850.000,925.000,-1,-1,2,0,2,0,2,0,0,0,0,2,2,2,2,0,0,2,2
86,-9387.744,7414.465,-325.498,177.400,-0.994101,-0.045364,0.098520,0.044668,-0.998959,-0.009257,0.098838,-0.004802,0.995092,0,0.92255,0.69676,55.353,1.394,-1,400.000,-1,425.000,-1,325.000,325.000,300.000,300.000,-1,-1,-1,-1,850.000,925.000,-1,-1,2,0,2,0,2,0,0,0,0,2,2,2,2,0,0,2,2
87,-9443.084,7415.631,-320.311,178.793,-0.995131,-0.021057,0.096281,0.020251,-0.999751,-0.009341,0.096454,-0.007346,0.995310,0,0.92255,0.69676,55.353,1.394,-1,400.000,-1,400.000,-1,325.000,325.000,300.000,275.000,-1,-1,-1,-1,825.000,925.000,-1,-1,2,0,2,0,2,0,0,0,0,2,2,2,2,0,0,2,2
88,-9498.436,7415.450,-315.108,180.187,-0.995564,0.003262,0.094031,-0.004178,-0.999946,-0.009538,0.093994,-0.009888,0.995524,0,0.92255,0.69676,55.353,1.394,-1,400.000,-1,400.000,-1,325.000,325.000,300.000,275.000,-1,-1,-1,-1,825.000,925.000,-1,-1,2,0,2,0,2,0,0,0,0,2,2,2,2,0,0,2,2
89,-9553.767,7413.923,-309.894,181.580,-0.995396,0.027578,0.091793,-0.028602,-0.999542,-0.009849,0.091480,-0.012429,0.995729,0,0.92255,0.69676,55.353,1.394,-1,400.000,-1,400.000,-1,325.000,325.000,300.000,300.000,-1,-1,-1,-1,800.000,900.000,-1,-1,2,0,2,0,2,0,0,0,0,2,2,2,2,0,0,2,2
90,-9604.262,7411.512,-305.124,182.734,-0.994818,0.047694,0.089791,-0.048805,-0.998756,-0.010220,0.089192,-0.014549,0.995908,0,0.84255,0.57676,50.553,1.154,-1,400.000,-1,425.000,-1,325.000,325.000,300.000,300.000,-1,-1,-1,-1,800.000,900.000,-1,-1,2,0,2,0,2,0,0,0,0,2,2,2,2,0,0,2,2
91,-9654.193,7408.329,-300.403,183.647,-0.994099,0.063609,0.087868,-0.064789,-0.997842,-0.010637,0.087002,-0.016267,0.996075,0,0.83388,0.45676,50.033,0.914,-1,400.000,-1,425.000,-1,325.000,325.000,300.000,300.000,-1,-1,-1,-1,775.000,900.000,-1,-1,2,0,2,0,2,0,0,0,0,2,2,2,2,0,0,2,2
92,-9704.083,7404.559,-295.685,184.321,-0.993442,0.075333,0.086008,-0.076561,-0.997003,-0.011073,0.084916,-0.017585,0.996233,0,0.83388,0.33676,50.033,0.674,-1,400.000,-1,425.000,-1,325.000,325.000,300.000,300.000,-1,-1,-1,-1,775.000,900.000,-1,-1,2,0,2,0,2,0,0,0,0,2,2,2,2,0,0,2,2
93,-9753.944,7400.412,-290.975,184.755,-0.992996,0.082873,0.084211,-0.084131,-0.996388,-0.011502,0.082954,-0.018507,0.996382,0,0.83388,0.21676,50.033,0.434,-1,400.000,-1,425.000,-1,325.000,325.000,300.000,300.000,-1,-1,-1,-1,775.000,925.000,-1,-1,2,0,2,0,2,0,0,0,0,2,2,2,2,0,0,2,2
94,-9803.790,7396.096,-286.274,184.948,-0.992855,0.086237,0.082473,-0.087506,-0.996093,-0.011901,0.081125,-0.019033,0.996522,0,0.83388,0.09676,50.033,0.194,-1,400.000,-1,425.000,-1,325.000,325.000,300.000,300.000,-1,-1,-1,-1,750.000,925.000,-1,-1,2,0,2,0,2,0,0,0,0,2,2,2,2,0,0,2,2
95,-9853.640,7391.821,-282.215,184.902,-0.992999,0.085432,0.081576,-0.086518,-0.996201,-0.009864,0.080424,-0.016853,0.996618,0,0.83388,-0.02324,50.033,-0.046,-1,400.000,-1,425.000,-1,325.000,325.000,300.000,300.000,-1,-1,-1,-1,750.000,925.000,-1,-1,2,0,2,0,2,0,0,0,0,2,2,2,2,0,0,2,2
96,-9903.510,7387.795,-278.536,184.615,-0.993500,0.080452,0.080536,-0.081386,-0.996647,-0.008376,0.079592,-0.014876,0.996717,0,0.83388,-0.14324,50.033,-0.286,-1,400.000,-1,425.000,-1,325.000,325.000,300.000,300.000,-1,-1,-1,-1,775.000,925.000,-1,-1,2,0,2,0,2,0,0,0,0,2,2,2,2,0,0,2,2
97,-9953.416,7384.228,-274.890,184.089,-0.994294,0.071293,0.079347,-0.072080,-0.997374,-0.007094,0.078633,-0.012772,0.996822,0,0.83388,-0.26324,50.033,-0.526,-1,400.000,-1,425.000,-1,325.000,325.000,300.000,300.000,-1,-1,-1,-1,775.000,925.000,-1,-1,2,0,2,0,2,0,0,0,0,2,2,2,2,0,0,2,2
98,-10002.410,7380.972,-271.296,183.802,-0.994732,0.066306,0.078174,-0.066962,-0.997739,-0.005788,0.077613,-0.010992,0.996923,0,0.81838,-0.14324,49.103,-0.286,-1,400.000,-1,425.000,-1,325.000,325.000,300.000,300.000,-1,-1,-1,-1,775.000,925.000,-1,-1,2,0,2,0,2,0,0,0,0,2,2,2,2,0,0,2,2
99,-10051.407,7377.756,-267.690,183.756,-0.994877,0.065498,0.076999,-0.066035,-0.997807,-0.004448,0.076538,-0.009510,0.997021,0,0.81838,-0.02324,49.103,-0.046,-1,400.000,-1,425.000,-1,325.000,325.000,300.000,300.000,-1,-1,-1,-1,775.000,925.000,-1,-1,2,0,2,0,2,0,0,0,0,2,2,2,2,0,0,2,2
100,-10100.393,7374.374,-264.073,183.949,-0.994740,0.068868,0.075826,-0.069301,-0.997591,-0.003090,0.075431,-0.008329,0.997116,0,0.81838,0.09676,49.103,0.194,-1,400.000,-1,425.000,-1,325.000,325.000,300.000,300.000,-1,-1,-1,-1,775.000,925.000,-1,-1,2,0,2,0,2,0,0,0,0,2,2,2,2,0,0,2,2
101,-10149.352,7370.621,-260.446,184.383,-0.994277,0.076415,0.074661,-0.076758,-0.997048,-0.001727,0.074308,-0.007448,0.997207,0,0.81838,0.21676,49.103,0.434,-1,400.000,-1,425.000,-1,325.000,325.000,300.000,300.000,-1,-1,-1,-1,775.000,925.000,-1,-1,2,0,2,0,2,0,0,0,0,2,2,2,2,0,0,2,2
102,-10198.264,7366.294,-256.811,185.056,-0.993393,0.088130,0.073506,-0.088397,-0.996085,-0.000373,0.073185,-0.006868,0.997295,0,0.81838,0.33676,49.103,0.674,-1,375.000,-1,425.000,-1,325.000,325.000,300.000,300.000,-1,-1,-1,-1,775.000,925.000,-1,-1,2,0,2,0,2,0,0,0,0,2,2,2,2,0,0,2,2
103,-10247.100,7361.187,-253.165,185.970,-0.991941,0.104000,0.072364,-0.104204,-0.994555,0.000960,0.072070,-0.006588,0.997378,0,0.81838,0.45676,49.103,0.914,-1,400.000,-1,425.000,-1,325.000,325.000,300.000,300.000,-1,-1,-1,-1,775.000,925.000,-1,-1,2,0,2,0,2,0,0,0,0,2,2,2,2,0,0,2,2
104,-10295.824,7355.098,-249.510,187.123,-0.989722,0.124001,0.071240,-0.124156,-0.992260,0.002258,0.070968,-0.006610,0.997457,0,0.81839,0.57676,49.103,1.154,-1,400.000,-1,425.000,-1,325.000,325.000,300.000,300.000,-1,-1,-1,-1,775.000,925.000,-1,-1,2,0,2,0,2,0,0,0,0,2,2,2,2,0,0,2,2
105,-10344.704,7347.778,-245.818,188.517,-0.986483,0.148094,0.070136,-0.148215,-0.988949,0.003510,0.069880,-0.006933,0.997531,0,0.82375,0.69676,49.425,1.394,-1,400.000,-1,425.000,-1,325.000,325.000,300.000,300.000,-1,-1,-1,-1,775.000,925.000,-1,-1,2,0,2,0,2,0,0,0,0,2,2,2,2,0,0,2,2
106,-10393.681,7339.009,-242.059,190.150,-0.981917,0.176225,0.069161,-0.176331,-0.984320,0.004610,0.068889,-0.007669,0.997595,0,0.82926,0.81676,49.756,1.634,-1,400.000,-1,425.000,-1,325.000,325.000,300.000,300.000,-1,-1,-1,-1,775.000,950.000,-1,-1,2,0,2,0,2,0,0,0,0,2,2,2,2,0,0,2,2
107,-10442.679,7328.573,-238.311,192.024,-0.975668,0.208310,0.068403,-0.208401,-0.978026,0.005871,0.068123,-0.008528,0.997640,0,0.83496,0.93676,50.097,1.874,-1,400.000,-1,425.000,-1,325.000,325.000,300.000,300.000,-1,-1,-1,-1,775.000,950.000,-1,-1,2,0,2,0,2,0,0,0,0,2,2,2,2,0,0,2,2
108,-10491.627,7316.347,-234.966,194.024,-0.967865,0.242316,0.067227,-0.242292,-0.970165,0.008644,0.067316,-0.007922,0.997700,0,0.84086,1.00000,50.452,2.000,-1,400.000,-1,425.000,-1,325.000,325.000,300.000,300.000,-1,-1,-1,-1,775.000,950.000,-1,-1,2,0,2,0,2,0,0,0,0,2,2,2,2,0,0,2,2
109,-10540.472,7302.319,-231.642,196.024,-0.958897,0.276029,0.065755,-0.275880,-0.961123,0.011507,0.066375,-0.007107,0.997769,0,0.84699,1.00000,50.819,2.000,-1,400.000,-1,425.000,-1,325.000,325.000,300.000,300.000,-1,-1,-1,-1,775.000,925.000,-1,-1,2,0,2,0,2,0,0,0,0,2,2,2,2,0,0,2,2
110,-10589.157,7286.478,-228.406,198.024,-0.948722,0.309404,0.064779,-0.309167,-0.950906,0.013899,0.065899,-0.006841,0.997803,0,0.85330,1.00000,51.198,2.000,-1,400.000,-1,425.000,-1,325.000,325.000,300.000,300.000,-1,-1,-1,-1,775.000,925.000,-1,-1,2,0,2,0,2,0,0,0,0,2,2,2,2,0,0,2,2
111,-10637.626,7268.813,-225.357,200.024,-0.937400,0.342400,0.063582,-0.342148,-0.939524,0.015147,0.064923,-0.007556,0.997862,0,0.85980,1.00000,51.588,2.000,-1,400.000,-1,425.000,-1,325.000,325.000,300.000,300.000,-1,-1,-1,-1,775.000,925.000,1000.000,-1,2,0,2,0,2,0,0,0,0,2,2,2,2,1,0,1,2
112,-10685.820,7249.318,-222.290,202.024,-0.924932,0.374978,0.062387,-0.374723,-0.926996,0.016177,0.063899,-0.008416,0.997921,0,0.86646,1.00000,51.988,2.000,-1,400.000,-1,425.000,-1,325.000,325.000,300.000,300.000,-1,-1,-1,-1,750.000,900.000,975.000,-1,2,0,2,0,2,0,0,0,0,2,2,2,2,1,0,1,2
113,-10733.678,7227.987,-219.127,204.024,-0.911324,0.407098,0.061311,-0.406829,-0.913339,0.017379,0.063073,-0.009105,0.997967,0,0.87328,1.00000,52.397,2.000,-1,400.000,-1,400.000,-1,325.000,325.000,300.000,300.000,-1,-1,-1,-1,725.000,900.000,950.000,-1,2,0,2,0,2,0,0,0,0,2,2,2,2,1,0,1,2
114,-10781.138,7204.814,-215.924,206.024,-0.896600,0.438722,0.060262,-0.438445,-0.898569,0.018464,0.062250,-0.009866,0.998012,0,0.88025,1.00000,52.815,2.000,-1,400.000,-1,400.000,-1,325.000,325.000,300.000,300.000,-1,-1,-1,-1,700.000,875.000,925.000,-1,2,0,2,0,2,0,0,0,0,2,2,2,2,1,0,1,2
115,-10828.136,7179.800,-212.681,208.024,-0.880777,0.469811,0.059243,-0.469530,-0.882702,0.019433,0.061423,-0.010700,0.998054,0,0.88733,1.00000,53.240,2.000,-1,400.000,-1,400.000,-1,325.000,325.000,300.000,300.000,-1,-1,-1,-1,675.000,875.000,900.000,-1,2,0,2,0,2,0,0,0,0,2,2,2,2,1,0,1,2
116,-10874.605,7152.945,-209.369,210.024,-0.863877,0.500325,0.058238,-0.500056,-0.865759,0.020149,0.060501,-0.011716,0.998099,0,0.89452,1.00000,53.671,2.000,-1,400.000,950.000,400.000,-1,325.000,325.000,300.000,325.000,-1,-1,-1,-1,650.000,875.000,900.000,-1,2,0,1,0,2,0,0,0,0,2,2,2,2,1,0,1,2
117,-10920.478,7124.254,-205.996,212.024,-0.845919,0.530227,0.057271,-0.529981,-0.847758,0.020658,0.059506,-0.012877,0.998145,0,0.90178,1.00000,54.107,2.000,-1,375.000,875.000,400.000,-1,325.000,325.000,300.000,325.000,-1,-1,-1,-1,625.000,775.000,900.000,-1,2,0,1,0,2,0,1,0,0,2,2,2,2,1,1,1,2
118,-10969.438,7091.498,-202.405,213.784,-0.829267,0.556009,0.056311,-0.555761,-0.831066,0.021413,0.058704,-0.013539,0.998184,0,0.98178,0.88000,58.907,1.760,-1,375.000,800.000,400.000,-1,325.000,325.000,300.000,325.000,-1,-1,-1,-1,600.000,675.000,900.000,-1,2,0,1,1,2,0,1,0,0,2,2,2,2,1,1,1,2
119,-11018.404,7056.823,-198.966,215.304,-0.814252,0.577861,0.055418,-0.577549,-0.816029,0.023113,0.058579,-0.013186,0.998196,0,1.00000,0.76000,60.000,1.520,-1,400.000,725.000,375.000,-1,325.000,300.000,300.000,325.000,-1,-1,-1,-1,575.000,600.000,925.000,-1,2,0,1,1,2,1,1,0,0,2,2,2,2,1,1,1,2
120,-11066.583,7021.063,-195.493,216.584,-0.801172,0.595949,0.054487,-0.595576,-0.802921,0.024615,0.058419,-0.012730,0.998211,0,1.00000,0.64000,60.000,1.280,-1,400.000,675.000,350.000,-1,300.000,300.000,300.000,325.000,-1,-1,-1,-1,525.000,550.000,-1,850.000,2,1,1,1,2,1,1,0,0,2,2,2,2,1,1,2,1
121,-11114.105,6984.435,-192.212,217.624,-0.790327,0.610434,0.052470,-0.609977,-0.791986,0.026193,0.057545,-0.011304,0.998279,0,1.00000,0.52000,60.000,1.040,-1,375.000,600.000,325.000,-1,300.000,275.000,300.000,325.000,-1,-1,-1,-1,500.000,475.000,-1,700.000,2,1,1,1,2,1,1,0,0,2,2,2,2,1,1,2,1
122,-11161.111,6947.147,-188.904,218.424,-0.781839,0.621443,0.050354,-0.620906,-0.783399,0.027587,0.056591,-0.009697,0.998350,0,1.00000,0.40000,60.000,0.800,-1,325.000,550.000,300.000,-1,275.000,250.000,300.000,325.000,-1,-1,-1,-1,450.000,425.000,-1,575.000,2,1,1,1,2,1,1,0,0,2,2,2,2,1,1,2,1
123,-11207.750,6909.401,-185.539,218.984,-0.775841,0.629080,0.048265,-0.628471,-0.777300,0.028795,0.055631,-0.007993,0.998419,0,1.00000,0.28000,60.000,0.560,-1,300.000,475.000,275.000,-1,250.000,225.000,300.000,325.000,-1,-1,-1,-1,400.000,375.000,-1,475.000,2,1,1,1,2,1,1,0,0,2,2,2,2,1,1,2,1
124,-11254.179,6871.395,-180.883,219.304,-0.772077,0.633394,0.052056,-0.632842,-0.773753,0.028586,0.058385,-0.010872,0.998235,0,1.00000,0.16000,60.000,0.320,-1,275.000,425.000,250.000,-1,225.000,225.000,300.000,325.000,-1,-1,-1,-1,350.000,325.000,-1,425.000,2,1,1,1,2,1,1,0,0,2,2,2,2,1,1,2,1
125,-11300.554,6833.323,-175.439,219.384,-0.770559,0.634408,0.061359,-0.634086,-0.772788,0.027094,0.064606,-0.018029,0.997748,0,1.00000,0.04000,60.000,0.080,-1,250.000,375.000,225.000,1000.000,200.000,200.000,300.000,350.000,-1,-1,900.000,-1,325.000,300.000,-1,375.000,2,1,1,1,1,1,1,0,0,2,2,0,2,1,1,2,1
126,-11347.036,6795.381,-169.305,219.224,-0.771355,0.632110,0.073811,-0.632228,-0.774388,0.024734,0.072793,-0.027586,0.996965,0,1.00000,-0.08000,60.000,-0.160,-1,225.000,325.000,200.000,975.000,175.000,175.000,300.000,375.000,-1,600.000,575.000,-1,275.000,275.000,-1,325.000,2,1,1,1,1,1,1,0,0,2,0,0,2,1,1,2,1
127,-11393.781,6757.763,-162.541,218.824,-0.774361,0.626442,0.089081,-0.627310,-0.778476,0.021388,0.082746,-0.039319,0.995795,0,1.00000,-0.20000,60.000,-0.400,-1,200.000,300.000,200.000,-1,175.000,175.000,275.000,425.000,-1,300.000,400.000,-1,250.000,250.000,450.000,300.000,2,1,1,1,2,1,1,0,0,2,0,0,2,1,1,1,1
128,8199.152,7543.219,357.723,153.062,-0.891532,-0.452949,-0.002667,0.452907,-0.891331,-0.020083,0.006720,-0.019112,0.999795,1,0.00000,0.00000,60.000,-0.640,-1,300.000,450.000,200.000,275.000,225.000,200.000,275.000,475.000,-1,150.000,225.000,975.000,500.000,275.000,-1,225.000,2,1,1,1,1,1,1,0,0,2,0,0,1,1,1,2,1
129,8194.870,7545.388,357.962,153.125,-0.892039,-0.451955,-0.001972,0.451885,-0.891805,-0.021981,0.008176,-0.020499,0.999756,0,0.08000,0.03156,4.800,0.063,-1,300.000,450.000,200.000,275.000,225.000,200.000,275.000,475.000,-1,125.000,225.000,975.000,500.000,275.000,-1,225.000,2,1,1,1,1,1,1,0,0,2,0,0,1,1,1,2,1
130,8186.302,7549.719,358.431,153.184,-0.892525,-0.450998,-0.000668,0.450864,-0.892221,-0.025741,0.011013,-0.023276,0.999668,0,0.16000,0.02985,9.600,0.060,-1,300.000,450.000,200.000,250.000,225.000,200.000,275.000,500.000,-1,125.000,225.000,975.000,500.000,275.000,-1,225.000,2,1,1,1,1,1,1,0,0,2,0,0,1,1,1,2,1
131,8173.444,7556.202,359.150,153.238,-0.892972,-0.450111,0.001259,0.449853,-0.892548,-0.031465,0.015287,-0.027531,0.999504,0,0.24000,0.02691,14.400,0.054,-1,300.000,450.000,200.000,250.000,225.000,200.000,275.000,500.000,-1,100.000,200.000,975.000,500.000,250.000,-1,225.000,2,1,1,1,1,1,1,0,0,2,0,0,1,1,1,2,1
132,8156.293,7564.832,360.155,153.284,-0.893361,-0.449324,0.003833,0.448846,-0.892744,-0.039307,0.021083,-0.033394,0.999220,0,0.32000,0.02267,19.200,0.045,-1,300.000,450.000,200.000,250.000,225.000,200.000,275.000,525.000,-1,100.000,200.000,1000.000,500.000,250.000,-1,200.000,2,1,1,1,1,1,1,0,0,2,0,0,1,1,1,2,1
