timestep,x_cm,y_cm,z_cm,yaw_deg,basis_xx,basis_xy,basis_xz,basis_yx,basis_yy,basis_yz,basis_zx,basis_zy,basis_zz,teleport_flag,throttle_cmd,steering_cmd,cmd_move_cm,cmd_turn_deg,lidar_cm_0,lidar_cm_1,lidar_cm_2,lidar_cm_3,lidar_cm_4,lidar_cm_5,lidar_cm_6,lidar_cm_7,lidar_cm_8,lidar_cm_9,lidar_cm_10,lidar_cm_11,lidar_cm_12,lidar_cm_13,lidar_cm_14,lidar_cm_15,lidar_cm_16,lidar_class_0,lidar_class_1,lidar_class_2,lidar_class_3,lidar_class_4,lidar_class_5,lidar_class_6,lidar_class_7,lidar_class_8,lidar_class_9,lidar_class_10,lidar_class_11,lidar_class_12,lidar_class_13,lidar_class_14,lidar_class_15,lidar_class_16
0,-1971.478,6479.805,-260.939,-47.689,0.652745,0.734186,0.186801,-0.743293,0.668320,-0.029395,-0.146425,-0.119661,0.981958,1,0.08000,-0.12000,4.800,-0.240,-1,-1,-1,225.000,200.000,475.000,200.000,100.000,350.000,550.000,-1,-1,-1,-1,300.000,-1,200.000,2,2,2,1,1,1,1,1,0,0,2,2,2,2,1,2,1
1,-1965.060,6472.662,-262.807,-48.169,0.644618,0.738944,0.196034,-0.749470,0.661416,-0.028708,-0.150874,-0.128416,0.980177,0,0.16000,-0.24000,9.600,-0.480,-1,-1,-1,200.000,200.000,450.000,175.000,100.000,350.000,500.000,-1,-1,-1,-1,300.000,-1,175.000,2,2,2,1,1,1,1,1,0,0,2,2,2,2,1,2,1
2,-1955.566,6461.828,-265.540,-48.889,0.632227,0.745869,0.209684,-0.758630,0.650920,-0.028017,-0.157385,-0.141360,0.977368,0,0.24000,-0.36000,14.400,-0.720,-1,-1,-1,200.000,200.000,400.000,175.000,100.000,375.000,400.000,-1,-1,-1,-1,275.000,-1,175.000,2,2,2,1,1,1,1,1,0,0,2,2,2,2,1,2,1
3,-1943.150,6447.175,-269.098,-49.849,0.615356,0.754694,0.227540,-0.770650,0.636664,-0.027518,-0.165634,-0.158420,0.973380,0,0.32000,-0.48000,19.200,-0.960,-1,-1,-1,175.000,175.000,350.000,150.000,75.000,400.000,300.000,-1,-1,-1,-1,250.000,-1,150.000,2,2,2,1,1,1,1,1,0,0,2,2,2,2,1,2,1
4,-1928.011,6428.539,-273.440,-51.049,0.593757,0.765046,0.249314,-0.785352,0.618443,-0.027393,-0.175143,-0.179534,0.968035,0,0.40000,-0.60000,24.000,-1.200,-1,925.000,-1,175.000,150.000,300.000,150.000,700.000,425.000,175.000,-1,-1,-1,-1,225.000,-1,125.000,2,1,2,1,1,1,1,1,0,0,2,2,2,2,1,2,1
5,-1910.405,6405.731,-278.498,-52.489,0.567176,0.776468,0.274608,-0.802465,0.596045,-0.027934,-0.185368,-0.204520,0.961150,0,0.48000,-0.72000,28.800,-1.440,-1,725.000,-1,150.000,125.000,250.000,125.000,775.000,500.000,100.000,0.000,-1,-1,-1,200.000,-1,100.000,2,1,2,1,1,1,1,1,0,1,1,2,2,2,1,2,1
6,-1890.600,6378.570,-284.604,-54.065,0.537300,0.787591,0.301676,-0.820534,0.570864,-0.028953,-0.195019,-0.231979,0.952971,0,0.56000,-0.78786,33.600,-1.576,-1,525.000,875.000,125.000,100.000,200.000,100.000,875.000,600.000,0.000,0.000,-1,-1,1000.000,175.000,-1,75.000,2,1,1,1,1,1,1,1,0,1,1,2,2,1,1,2,1
7,-1868.809,6346.929,-291.518,-55.619,0.506094,0.796396,0.331092,-0.837966,0.544908,-0.029820,-0.204163,-0.262352,0.943127,0,0.64000,-0.77743,38.400,-1.555,-1,375.000,725.000,100.000,75.000,175.000,75.000,950.000,775.000,0.000,0.000,-1,-1,850.000,125.000,-1,50.000,2,1,1,1,1,1,1,1,0,1,1,2,2,1,1,2,1
8,-1845.323,6310.655,-294.508,-57.146,0.482266,0.807483,0.339692,-0.852791,0.521456,-0.028836,-0.200419,-0.275780,0.940095,0,0.72000,-0.76353,43.200,-1.527,-1,350.000,650.000,100.000,75.000,175.000,75.000,-1,900.000,0.000,0.000,-1,-1,725.000,125.000,-1,50.000,2,1,1,1,1,1,1,2,0,1,1,2,2,1,1,2,1
9,7543.329,-3607.551,-71.829,-26.918,0.859293,0.450468,0.242270,-0.461102,0.887233,-0.014236,-0.221362,-0.099478,0.970104,1,0.00000,0.00000,48.000,-1.488,-1,-1,-1,-1,-1,-1,-1,175.000,50.000,-1,-1,-1,-1,-1,-1,-1,-1,2,2,2,2,2,2,2,1,0,2,2,2,2,2,2,2,2
10,2299.808,6884.705,-214.999,-32.638,0.842222,0.539017,-0.011113,-0.539064,0.841612,-0.033150,-0.008516,0.033910,0.999389,1,0.08000,-0.12000,4.800,-0.240,-1,400.000,-1,350.000,700.000,325.000,300.000,300.000,300.000,-1,300.000,450.000,-1,925.000,625.000,-1,825.000,2,0,2,0,0,0,0,0,0,2,0,0,2,0,0,2,0
11,2307.849,6879.459,-215.102,-33.118,0.837675,0.546063,-0.010793,-0.546100,0.837090,-0.032478,-0.008701,0.033100,0.999414,0,0.16000,-0.24000,9.600,-0.480,-1,400.000,-1,350.000,700.000,325.000,300.000,300.000,300.000,-1,300.000,450.000,-1,925.000,625.000,-1,825.000,2,0,2,0,0,0,0,0,0,2,0,0,2,0,0,2,0
12,2319.809,6871.440,-215.257,-33.838,0.830743,0.556561,-0.010297,-0.556584,0.830195,-0.031478,-0.008971,0.031881,0.999451,0,0.24000,-0.36000,14.400,-0.720,-1,400.000,-1,350.000,675.000,325.000,300.000,300.000,300.000,-1,300.000,450.000,-1,900.000,600.000,-1,800.000,2,0,2,0,0,0,0,0,0,2,0,0,2,0,0,2,0
13,2335.579,6860.488,-215.464,-34.779,0.821481,0.570155,-0.009604,-0.570160,0.820980,-0.030160,-0.009311,0.030252,0.999499,0,0.32000,-0.47071,19.200,-0.941,-1,400.000,-1,350.000,675.000,300.000,300.000,300.000,300.000,-1,300.000,450.000,-1,900.000,600.000,-1,800.000,2,0,2,0,0,0,0,0,0,2,0,0,2,0,0,2,0
14,2355.064,6846.475,-215.571,-35.720,0.811996,0.583587,-0.009404,-0.583591,0.811538,-0.028754,-0.009149,0.028836,0.999542,0,0.40000,-0.47057,24.000,-0.941,-1,400.000,-1,350.000,675.000,300.000,300.000,300.000,300.000,-1,300.000,450.000,-1,900.000,600.000,-1,775.000,2,0,2,0,0,0,0,0,0,2,0,0,2,0,0,2,0
15,2378.167,6829.279,-215.557,-36.661,0.802290,0.596854,-0.009767,-0.596875,0.801871,-0.027258,-0.008437,0.027698,0.999581,0,0.48000,-0.47046,28.800,-0.941,-1,400.000,-1,350.000,650.000,300.000,300.000,300.000,300.000,-1,325.000,450.000,-1,925.000,600.000,-1,775.000,2,0,2,0,0,0,0,0,0,2,0,0,2,0,0,2,0
16,2404.787,6808.777,-215.596,-37.602,0.792364,0.609965,-0.010088,-0.610004,0.791998,-0.025189,-0.007375,0.026113,0.999632,0,0.56000,-0.47036,33.600,-0.941,-1,400.000,-1,350.000,650.000,300.000,300.000,300.000,300.000,-1,325.000,450.000,-1,925.000,600.000,-1,750.000,2,0,2,0,0,0,0,0,0,2,0,0,2,0,0,2,0
17,2434.821,6784.850,-215.670,-38.543,0.782222,0.622914,-0.010341,-0.622971,0.781918,-0.022602,-0.005993,0.024122,0.999691,0,0.64000,-0.47026,38.400,-0.941,-1,400.000,-1,350.000,650.000,300.000,300.000,300.000,300.000,-1,325.000,450.000,-1,-1,575.000,-1,750.000,2,0,2,0,0,0,0,0,0,2,0,0,2,2,0,2,0
18,2468.163,6757.381,-215.731,-39.483,0.771869,0.635694,-0.010505,-0.635766,0.771630,-0.019708,-0.004423,0.021891,0.999751,0,0.72000,-0.47014,43.200,-0.940,-1,425.000,-1,350.000,650.000,325.000,300.000,300.000,300.000,-1,325.000,450.000,-1,-1,600.000,-1,750.000,2,0,2,0,0,0,0,0,0,2,0,0,2,2,1,2,0
19,2504.704,6726.256,-215.767,-40.423,0.761311,0.648301,-0.010563,-0.648381,0.761137,-0.016520,-0.002670,0.019426,0.999808,0,0.80000,-0.46999,48.000,-0.940,-1,425.000,-1,350.000,650.000,325.000,300.000,325.000,300.000,-1,325.000,450.000,-1,-1,-1,-1,-1,2,0,2,0,0,0,0,0,0,2,0,0,2,2,2,2,2
20,2544.332,6691.364,-215.943,-41.362,0.750558,0.660735,-0.009576,-0.660803,0.750449,-0.012889,-0.001330,0.016001,0.999871,0,0.88000,-0.46980,52.800,-0.940,-1,425.000,-1,350.000,650.000,325.000,300.000,300.000,300.000,-1,325.000,475.000,-1,-1,-1,-1,-1,2,0,2,0,0,0,0,0,0,2,0,0,2,2,2,2,2
21,2586.331,6653.145,-216.408,-42.301,0.739621,0.672991,-0.006677,-0.673023,0.739569,-0.008793,-0.000980,0.010997,0.999939,0,0.94642,-0.46954,56.785,-0.939,-1,425.000,-1,350.000,625.000,325.000,300.000,300.000,300.000,-1,350.000,500.000,-1,-1,-1,-1,-1,2,0,2,0,0,0,1,0,0,2,0,0,2,2,2,2,2
22,2627.879,6614.074,-216.496,-43.240,0.728491,0.685047,-0.003378,-0.685055,0.728485,-0.003146,0.000306,0.004606,0.999989,0,0.95055,-0.46919,57.033,-0.938,-1,425.000,-1,350.000,650.000,325.000,300.000,300.000,300.000,-1,350.000,525.000,-1,-1,-1,-1,-1,2,0,2,1,0,0,1,0,0,2,0,0,2,2,2,2,2
23,2668.961,6574.155,-216.139,-44.177,0.717191,0.696876,0.000430,-0.696871,0.717183,0.004345,0.002720,-0.003416,0.999990,0,0.95470,-0.46870,57.282,-0.937,-1,450.000,-1,375.000,700.000,350.000,325.000,300.000,300.000,-1,350.000,525.000,-1,-1,-1,-1,-1,2,1,2,1,0,1,1,0,0,2,0,0,2,2,2,2,2
24,2709.562,6533.394,-215.826,-45.113,0.705738,0.708460,0.004279,-0.708454,0.705661,0.011630,0.005220,-0.011239,0.999923,0,0.95888,-0.46808,57.533,-0.936,-1,-1,-1,425.000,725.000,425.000,400.000,300.000,300.000,-1,325.000,525.000,-1,-1,-1,-1,-1,2,2,2,1,0,1,1,0,0,2,0,0,2,2,2,2,2
25,2749.668,6491.795,-215.624,-46.048,0.694140,0.719797,0.007851,-0.719795,0.693935,0.018679,0.007997,-0.018617,0.999795,0,0.96306,-0.46729,57.784,-0.935,-1,-1,-1,775.000,750.000,-1,-1,300.000,325.000,-1,325.000,525.000,-1,-1,-1,-1,-1,2,2,2,1,0,2,2,0,0,2,0,0,2,2,2,2,2
26,2789.263,6449.365,-215.150,-46.981,0.682392,0.730895,0.011571,-0.730920,0.682031,0.024279,0.009854,-0.025026,0.999638,0,0.96726,-0.46634,58.035,-0.933,-1,-1,-1,800.000,750.000,-1,-1,300.000,325.000,975.000,350.000,550.000,-1,-1,-1,-1,-1,2,2,2,1,0,2,2,0,0,0,0,0,2,2,2,2,2
27,2828.334,6406.110,-214.371,-47.911,0.670485,0.741764,0.015344,-0.741846,0.669974,0.028264,0.010685,-0.030333,0.999483,0,0.97145,-0.46521,58.287,-0.930,-1,-1,-1,825.000,-1,-1,-1,300.000,325.000,975.000,400.000,575.000,-1,-1,-1,-1,-1,2,2,2,1,2,2,2,0,0,0,0,0,2,2,2,2,2
28,2866.864,6362.040,-213.571,-48.839,0.658443,0.752382,0.019355,-0.752544,0.657759,0.032084,0.011409,-0.035691,0.999298,0,0.97565,-0.46388,58.539,-0.928,-1,-1,-1,850.000,-1,-1,-1,300.000,325.000,950.000,425.000,625.000,-1,-1,-1,-1,-1,2,2,2,1,2,2,2,0,0,0,0,0,2,2,2,2,2
29,2904.841,6317.162,-212.750,-49.764,0.646275,0.762740,0.023597,-0.763010,0.645398,0.035731,0.012024,-0.041097,0.999083,0,0.97983,-0.46233,58.790,-0.925,-1,-1,-1,850.000,-1,-1,-1,300.000,325.000,925.000,450.000,650.000,-1,-1,-1,-1,-1,2,2,2,1,2,2,2,0,0,0,0,0,2,2,2,2,2
30,2942.256,6271.491,-215.613,-50.685,0.633615,0.772456,0.042954,-0.773649,0.632595,0.035937,0.000587,-0.056001,0.998431,0,0.98399,-0.46052,59.040,-0.921,-1,-1,-1,825.000,-1,-1,-1,275.000,325.000,925.000,625.000,900.000,-1,-1,-1,-1,-1,2,2,2,1,2,2,2,0,0,0,0,0,2,2,2,2,2
31,2979.093,6225.035,-223.580,-51.601,0.619679,0.781850,0.068621,-0.784501,0.619655,0.024216,-0.023588,-0.068839,0.997349,0,0.98812,-0.45844,59.287,-0.917,-1,-1,-1,750.000,1000.000,-1,950.000,225.000,300.000,1000.000,-1,-1,-1,-1,-1,-1,-1,2,2,2,1,1,2,1,0,0,0,2,2,2,2,2,2,2
32,3015.340,6177.807,-233.099,-52.514,0.604273,0.790744,0.097869,-0.795061,0.606463,0.008966,-0.052264,-0.083230,0.995159,0,0.99219,-0.45603,59.531,-0.912,-1,-1,-1,650.000,675.000,-1,800.000,200.000,275.000,-1,-1,-1,-1,-1,-1,-1,-1,2,2,2,1,1,2,1,0,0,2,2,2,2,2,2,2,2
33,2295.763,327.965,59.881,-166.540,-0.972537,0.232747,-0.000850,-0.232739,-0.972454,0.012886,0.002173,0.012730,0.999917,1,0.00000,0.00000,59.771,-0.906,-1,400.000,-1,375.000,-1,325.000,325.000,300.000,300.000,-1,-1,-1,-1,700.000,650.000,-1,-1,2,0,2,0,2,0,0,0,0,2,2,2,2,0,0,2,2
34,2291.100,326.828,59.887,-166.300,-0.971554,0.236819,-0.000780,-0.236809,-0.971471,0.012836,0.002282,0.012656,0.999917,0,0.08000,0.12000,4.800,0.240,-1,400.000,-1,375.000,-1,325.000,325.000,300.000,300.000,-1,-1,-1,-1,700.000,650.000,-1,-1,2,0,2,0,2,0,0,0,0,2,2,2,2,0,0,2,2
35,2281.792,324.477,59.899,-165.820,-0.969536,0.244949,-0.000644,-0.244937,-0.969455,0.012739,0.002496,0.012509,0.999919,0,0.16000,0.24000,9.600,0.480,-1,400.000,-1,375.000,-1,325.000,325.000,300.000,300.000,-1,-1,-1,-1,700.000,650.000,-1,-1,2,0,2,0,2,0,0,0,0,2,2,2,2,0,0,2,2
36,2267.876,320.774,59.916,-165.100,-0.966381,0.257113,-0.000449,-0.257098,-0.966303,0.012602,0.002807,0.012294,0.999920,0,0.24000,0.36000,14.400,0.720,-1,400.000,-1,375.000,-1,325.000,325.000,300.000,300.000,-1,-1,-1,-1,700.000,650.000,-1,-1,2,0,2,0,2,0,0,0,0,2,2,2,2,0,0,2,2
37,2249.407,315.527,59.938,-164.140,-0.961938,0.273268,-0.000204,-0.273249,-0.961863,0.012436,0.003202,0.012018,0.999923,0,0.32000,0.48000,19.200,0.960,-1,400.000,-1,375.000,-1,325.000,325.000,300.000,300.000,-1,-1,-1,-1,700.000,625.000,-1,-1,2,0,2,0,2,0,0,0,0,2,2,2,2,0,0,2,2
38,2226.463,308.486,59.963,-162.940,-0.956004,0.293352,0.000077,-0.293330,-0.955933,0.012256,0.003668,0.011694,0.999925,0,0.40000,0.60000,24.000,1.200,-1,400.000,-1,375.000,-1,325.000,325.000,300.000,300.000,-1,-1,-1,-1,700.000,625.000,-1,-1,2,0,2,0,2,0,0,0,0,2,2,2,2,0,0,2,2
39,2199.151,299.348,59.988,-161.500,-0.948331,0.317284,0.000373,-0.317256,-0.948263,0.012079,0.004186,0.011337,0.999927,0,0.48000,0.72000,28.800,1.440,-1,400.000,-1,375.000,-1,325.000,325.000,300.000,300.000,-1,-1,-1,-1,700.000,625.000,-1,-1,2,0,2,0,2,0,0,0,0,2,2,2,2,0,0,2,2
40,2167.603,287.786,60.011,-159.873,-0.938942,0.344075,0.000666,-0.344044,-0.938878,0.011926,0.004729,0.010968,0.999929,0,0.56000,0.81333,33.600,1.627,-1,400.000,-1,375.000,1000.000,325.000,325.000,300.000,300.000,-1,-1,-1,-1,-1,625.000,-1,-1,2,0,2,0,0,0,0,0,0,2,2,2,2,2,0,2,2
41,2131.938,273.554,60.029,-158.245,-0.928786,0.370615,0.000952,-0.370579,-0.928726,0.011803,0.005258,0.010609,0.999930,0,0.64000,0.81411,38.400,1.628,-1,400.000,-1,375.000,975.000,325.000,300.000,300.000,300.000,-1,-1,-1,-1,-1,625.000,-1,1000.000,2,0,2,0,0,0,0,0,0,2,2,2,2,2,0,2,0
42,2092.287,256.407,60.062,-156.615,-0.917868,0.396885,0.001172,-0.396846,-0.917812,0.011605,0.005682,0.010186,0.999932,0,0.72000,0.81500,43.200,1.630,-1,400.000,-1,350.000,925.000,325.000,300.000,300.000,300.000,-1,-1,-1,-1,-1,600.000,-1,975.000,2,0,2,0,0,0,0,0,0,2,2,2,2,2,0,2,0
43,2051.067,237.172,60.272,-154.983,-0.906191,0.422867,0.001206,-0.422832,-0.906146,0.010622,0.005584,0.009115,0.999943,0,0.75811,0.81600,45.487,1.632,-1,375.000,-1,350.000,900.000,300.000,300.000,300.000,300.000,-1,-1,-1,-1,-1,600.000,-1,950.000,2,0,2,0,0,0,0,0,0,2,2,2,2,2,0,2,0
44,2010.427,216.776,60.956,-153.349,-0.893754,0.448544,0.003380,-0.448503,-0.893739,0.008718,0.006931,0.006276,0.999956,0,0.75786,0.81702,45.472,1.634,-1,375.000,-1,350.000,900.000,300.000,300.000,300.000,300.000,-1,-1,-1,-1,-1,600.000,-1,975.000,2,0,2,0,0,0,0,0,0,2,2,2,2,2,0,2,0
45,1970.400,195.235,61.793,-151.713,-0.880564,0.473885,0.006363,-0.473847,-0.880582,0.006685,0.008772,0.002872,0.999957,0,0.75758,0.81802,45.455,1.636,-1,375.000,-1,350.000,925.000,300.000,300.000,300.000,300.000,-1,-1,-1,-1,-1,625.000,-1,1000.000,2,0,2,0,0,0,0,0,0,2,2,2,2,2,0,2,0
46,1931.022,172.569,62.594,-150.075,-0.866630,0.498864,0.009348,-0.498840,-0.866680,0.004919,0.010556,-0.000400,0.999944,0,0.75725,0.81899,45.435,1.638,-1,375.000,-1,350.000,975.000,300.000,300.000,300.000,300.000,-1,-1,-1,-1,-1,625.000,-1,-1,2,0,2,0,0,0,0,0,0,2,2,2,2,2,0,2,2
47,1890.500,147.731,63.390,-148.493,-0.852490,0.522596,0.012444,-0.522598,-0.852573,0.003342,0.012356,-0.003654,0.999917,0,0.79215,0.79094,47.529,1.582,-1,-1,-1,350.000,-1,300.000,300.000,-1,300.000,-1,-1,-1,-1,-1,625.000,-1,-1,2,2,2,0,2,0,0,2,0,2,2,2,2,2,0,2,2
48,1850.599,121.727,64.251,-146.907,-0.837661,0.545984,0.014993,-0.546017,-0.837771,0.002211,0.013768,-0.006334,0.999885,0,0.79377,0.79297,47.626,1.586,-1,-1,-1,350.000,-1,300.000,300.000,-1,300.000,-1,-1,-1,-1,-1,625.000,-1,-1,2,2,2,0,2,0,0,2,0,2,2,2,2,2,0,2,2
49,1811.357,94.572,65.097,-145.317,-0.822146,0.569012,0.017348,-0.569078,-0.822283,0.001369,0.015044,-0.008747,0.999849,0,0.79535,0.79508,47.721,1.590,-1,-1,-1,350.000,-1,300.000,300.000,-1,300.000,-1,-1,-1,-1,-1,625.000,-1,-1,2,2,2,0,2,0,0,2,0,2,2,2,2,2,0,2,2
50,1772.816,66.279,62.090,-143.723,-0.806096,0.591485,0.018844,-0.591773,-0.805874,-0.019271,0.003787,-0.026686,0.999637,0,0.79686,0.79728,47.811,1.595,-1,-1,-1,325.000,-1,550.000,275.000,-1,300.000,-1,-1,-1,-1,-1,600.000,-1,1000.000,2,2,2,0,2,1,0,2,0,2,2,2,2,2,0,2,0
51,1735.022,36.854,55.000,-142.123,-0.789945,0.612812,0.021164,-0.612827,-0.787857,-0.061026,-0.020723,-0.061177,0.997912,0,0.79829,0.79957,47.898,1.599,-1,-1,-1,300.000,800.000,575.000,250.000,-1,325.000,-1,-1,-1,-1,-1,500.000,-1,675.000,2,2,2,0,0,1,0,2,0,2,2,2,2,2,0,2,0
52,1698.015,6.317,48.094,-140.519,-0.773759,0.632955,0.025786,-0.631925,-0.768368,-0.101396,-0.044366,-0.094751,0.994512,0,0.79964,0.80197,47.978,1.604,-1,-1,-1,250.000,650.000,600.000,200.000,-1,350.000,-1,-1,-1,-1,-1,425.000,-1,475.000,2,2,2,0,0,1,0,2,0,2,2,2,2,2,0,2,0
53,1665.384,-21.962,41.944,-139.156,-0.760206,0.648910,0.031679,-0.646411,-0.750591,-0.136989,-0.065115,-0.124617,0.990066,0,0.71964,0.68197,43.178,1.364,-1,-1,-1,225.000,500.000,600.000,175.000,100.000,400.000,750.000,-1,-1,-1,-1,350.000,-1,325.000,2,2,2,0,0,1,0,1,0,0,2,2,2,2,0,2,0
54,1634.154,-50.135,36.020,-138.032,-0.749573,0.660804,0.038445,-0.656474,-0.734712,-0.170999,-0.084751,-0.153414,0.984521,0,0.70097,0.56197,42.058,1.124,-1,-1,-1,175.000,400.000,575.000,150.000,75.000,425.000,500.000,0.000,-1,-1,-1,300.000,-1,225.000,2,2,2,0,0,1,0,1,0,0,0,2,2,2,1,2,0
55,1603.350,-78.816,30.228,-137.148,-0.742068,0.668764,0.045710,-0.662254,-0.720877,-0.204342,-0.103706,-0.181907,0.977832,0,0.70147,0.44197,42.088,0.884,-1,-1,-1,150.000,300.000,550.000,125.000,975.000,475.000,225.000,0.000,-1,-1,-1,500.000,-1,150.000,2,2,2,0,0,1,1,1,0,0,0,2,2,2,1,2,0
56,1572.877,-107.852,24.689,-136.504,-0.737809,0.672922,0.053048,-0.663889,-0.709203,-0.237237,-0.122020,-0.210254,0.970002,0,0.70148,0.32197,42.089,0.644,-1,-1,-1,125.000,175.000,525.000,175.000,900.000,550.000,0.000,0.000,-1,-1,-1,500.000,-1,100.000,2,2,2,1,0,1,1,1,0,0,0,2,2,2,1,2,0
57,1542.643,-137.092,19.752,-136.100,-0.736951,0.673271,0.060078,-0.661240,-0.699626,-0.270713,-0.140230,-0.239228,0.960784,0,0.70093,0.20197,42.056,0.404,-1,975.000,-1,200.000,100.000,500.000,250.000,725.000,650.000,0.000,0.000,-1,-1,-1,500.000,-1,50.000,2,1,2,1,0,1,1,1,0,0,0,2,2,2,1,2,0
58,1512.549,-166.377,15.016,-135.936,-0.739224,0.670197,0.066219,-0.654907,-0.692454,-0.302662,-0.156989,-0.267102,0.950795,0,0.69975,0.08197,41.985,0.164,-1,875.000,-1,250.000,25.000,475.000,275.000,650.000,800.000,0.000,0.000,-1,-1,-1,475.000,-1,25.000,2,1,2,1,0,1,1,1,0,0,0,2,2,2,1,2,0
59,5575.377,6887.321,-343.452,94.258,-0.094258,-0.989482,-0.109735,0.981166,-0.073662,-0.178571,0.168609,-0.124500,0.977789,1,0.00000,0.00000,41.871,-0.058,700.000,425.000,-1,525.000,-1,400.000,450.000,150.000,450.000,-1,0.000,0.000,-1,800.000,-1,-1,-1,0,0,2,1,2,0,1,0,1,2,1,0,2,0,2,2,2
60,5575.001,6892.106,-342.682,94.498,-0.098130,-0.989300,-0.107964,0.980864,-0.077817,-0.178467,0.168156,-0.123411,0.978005,0,0.08000,0.12000,4.800,0.240,725.000,425.000,-1,550.000,-1,400.000,450.000,150.000,425.000,-1,0.000,0.000,-1,800.000,-1,-1,-1,0,0,2,1,2,0,1,0,1,2,1,0,2,0,2,2,2
61,5574.251,6901.676,-341.202,94.498,-0.097754,-0.989544,-0.106050,0.980958,-0.077836,-0.177941,0.167826,-0.121426,0.978310,0,0.16000,0.00000,9.600,0.000,775.000,425.000,-1,550.000,-1,400.000,450.000,150.000,425.000,-1,0.000,0.000,-1,800.000,-1,-1,-1,0,0,2,1,2,0,1,0,1,2,1,0,2,0,2,2,2
62,5573.130,6916.033,-338.979,94.474,-0.096792,-0.989938,-0.103221,0.981139,-0.077465,-0.177104,0.167326,-0.118416,0.978764,0,0.24000,-0.01157,14.400,-0.023,850.000,425.000,-1,550.000,-1,400.000,450.000,150.000,400.000,-1,0.000,0.000,-1,800.000,-1,-1,-1,0,0,2,1,2,0,1,0,1,2,1,0,2,0,2,2,2
63,5571.645,6935.175,-336.000,94.448,-0.095568,-0.990451,-0.099362,0.981383,-0.077044,-0.175930,0.166595,-0.114325,0.979375,0,0.32000,-0.01326,19.200,-0.027,950.000,425.000,-1,550.000,-1,400.000,450.000,150.000,400.000,-1,0.000,0.000,-1,825.000,-1,-1,-1,0,0,2,1,2,0,1,0,1,2,1,0,2,0,2,2,2
64,5569.802,6959.103,-332.255,94.417,-0.094052,-0.991080,-0.094416,0.981701,-0.076551,-0.174363,0.165580,-0.109088,0.980144,0,0.40000,-0.01556,24.000,-0.031,-1,425.000,-1,550.000,-1,400.000,475.000,175.000,375.000,-1,0.000,0.000,-1,825.000,-1,-1,-1,2,0,2,1,2,0,1,0,1,2,1,0,2,0,2,2,2
65,5567.608,6987.819,-327.731,94.380,-0.092211,-0.991816,-0.088312,0.982104,-0.075963,-0.172341,0.164222,-0.102624,0.981071,0,0.48000,-0.01852,28.800,-0.037,-1,450.000,-1,575.000,-1,400.000,475.000,175.000,350.000,-1,0.000,0.000,-1,825.000,-1,-1,-1,2,0,2,1,2,0,1,0,1,2,1,0,2,0,2,2,2
66,5565.074,7021.323,-322.411,94.335,-0.090011,-0.992645,-0.080961,0.982604,-0.075253,-0.169784,0.162442,-0.094836,0.982150,0,0.56000,-0.02218,33.600,-0.044,-1,450.000,-1,575.000,-1,400.000,475.000,175.000,325.000,-1,0.000,0.000,-1,850.000,-1,-1,-1,2,0,2,1,2,0,1,0,1,2,1,0,2,0,2,2,2
67,5562.213,7059.615,-316.276,94.282,-0.087419,-0.993548,-0.072257,0.983213,-0.074394,-0.166605,0.160155,-0.085608,0.983373,0,0.64000,-0.02661,38.400,-0.053,-1,450.000,-1,575.000,-1,400.000,475.000,200.000,300.000,-1,0.000,0.000,-1,850.000,-1,-1,-1,2,0,2,1,2,0,1,0,1,2,1,0,2,0,2,2,2
68,5559.042,7102.697,-309.303,94.218,-0.084404,-0.994496,-0.062073,0.983944,-0.073352,-0.162706,0.157257,-0.074810,0.984720,0,0.72000,-0.03186,43.200,-0.064,-1,450.000,-1,600.000,-1,425.000,475.000,225.000,275.000,-1,0.000,0.000,-1,875.000,-1,-1,-1,2,0,2,1,2,0,0,0,1,2,1,0,2,0,2,2,2
69,5555.580,7150.571,-301.467,94.142,-0.080937,-0.995451,-0.050266,0.984807,-0.072095,-0.157978,0.153636,-0.062289,0.986162,0,0.80000,-0.03802,48.000,-0.076,-1,475.000,-1,600.000,-1,425.000,450.000,225.000,250.000,-1,50.000,50.000,-1,900.000,-1,-1,-1,2,0,2,1,2,0,0,0,1,2,1,0,2,0,2,2,2
70,5551.852,7203.236,-292.205,94.052,-0.077216,-0.996261,-0.038744,0.986089,-0.070575,-0.150494,0.147197,-0.049825,0.987852,0,0.88000,-0.04514,52.800,-0.090,-1,475.000,-1,600.000,-1,425.000,450.000,250.000,225.000,-1,225.000,125.000,-1,900.000,-1,-1,-1,2,0,2,1,2,0,0,0,1,2,1,0,2,0,2,2,2
71,5547.890,7260.695,-285.055,93.946,-0.073706,-0.996780,-0.031580,0.988246,-0.068749,-0.136544,0.133933,-0.041273,0.990131,0,0.96000,-0.05329,57.600,-0.107,-1,450.000,-1,575.000,-1,400.000,425.000,250.000,200.000,-1,450.000,250.000,-1,850.000,-1,-1,-1,2,0,2,1,2,0,0,0,1,2,1,0,2,0,2,2,2
72,5543.886,7320.558,-279.022,93.826,-0.070960,-0.997046,-0.029394,0.989624,-0.066679,-0.127275,0.124939,-0.038121,0.991432,0,1.00000,-0.05972,60.000,-0.119,-1,425.000,-1,550.000,-1,375.000,425.000,250.000,175.000,-1,625.000,350.000,-1,800.000,-1,-1,-1,2,0,2,1,2,0,0,0,1,2,1,0,2,0,2,2,2
73,5540.028,7380.158,-273.004,93.704,-0.068218,-0.997301,-0.027143,0.990867,-0.064556,-0.118383,0.116312,-0.034971,0.992597,0,0.99544,-0.06122,59.727,-0.122,-1,425.000,-1,550.000,-1,375.000,400.000,250.000,150.000,-1,800.000,475.000,-1,750.000,-1,-1,-1,2,0,2,0,2,0,0,0,1,2,1,0,2,0,2,2,2
74,5536.330,7439.278,-267.026,93.579,-0.065493,-0.997544,-0.024833,0.991985,-0.062393,-0.109877,0.108058,-0.031830,0.993635,0,0.98730,-0.06232,59.238,-0.125,-1,400.000,-1,525.000,-1,350.000,375.000,250.000,150.000,-1,-1,600.000,-1,725.000,-1,-1,-1,2,0,2,0,2,0,0,0,1,2,2,0,2,0,2,2,2
75,5532.793,7497.891,-261.093,93.453,-0.062797,-0.997773,-0.022463,0.992988,-0.060205,-0.101734,0.100155,-0.028694,0.994558,0,0.97870,-0.06299,58.722,-0.126,-1,375.000,-1,500.000,-1,350.000,375.000,250.000,125.000,-1,-1,800.000,-1,700.000,-1,-1,-1,2,0,2,0,2,0,0,0,1,2,2,0,2,0,2,2,2
76,5529.416,7555.986,-255.206,93.327,-0.060141,-0.997989,-0.020035,0.993887,-0.058008,-0.093931,0.092580,-0.025562,0.995377,0,0.96991,-0.06323,58.194,-0.126,-1,375.000,-1,475.000,-1,325.000,350.000,250.000,150.000,-1,-1,1000.000,-1,675.000,1000.000,-1,-1,2,0,2,0,2,0,0,0,1,2,2,0,2,0,0,2,2
77,5526.196,7613.564,-249.368,93.200,-0.057537,-0.998189,-0.017550,0.994692,-0.055815,-0.086443,0.085307,-0.022431,0.996102,0,0.96117,-0.06305,57.670,-0.126,-1,350.000,-1,450.000,-1,325.000,350.000,250.000,175.000,-1,-1,-1,-1,650.000,950.000,-1,-1,2,0,2,0,2,0,0,0,1,2,2,2,2,0,0,2,2
78,5523.129,7670.646,-243.578,93.076,-0.054997,-0.998374,-0.015010,0.995411,-0.053642,-0.079246,0.078311,-0.019299,0.996742,0,0.95276,-0.06246,57.165,-0.125,925.000,350.000,-1,450.000,-1,300.000,350.000,250.000,200.000,-1,-1,-1,-1,625.000,875.000,-1,-1,0,0,2,0,2,0,0,0,1,2,2,2,2,0,0,2,2
79,5520.209,7727.261,-237.833,92.953,-0.052532,-0.998542,-0.012417,0.996051,-0.051502,-0.072313,0.071568,-0.016167,0.997305,0,0.94486,-0.06149,56.692,-0.123,650.000,350.000,-1,425.000,-1,300.000,325.000,250.000,225.000,-1,-1,-1,-1,600.000,850.000,-1,-1,0,0,2,0,2,0,0,0,1,2,2,2,2,0,0,2,2
80,5517.429,7783.451,-232.130,92.832,-0.050154,-0.998694,-0.009775,0.996621,-0.049407,-0.065622,0.065054,-0.013033,0.997797,0,0.93765,-0.06016,56.259,-0.120,575.000,325.000,-1,425.000,-1,300.000,325.000,250.000,225.000,-1,-1,-1,-1,575.000,800.000,825.000,-1,0,0,2,0,2,0,0,0,1,2,2,2,2,0,1,0,2
81,5514.782,7839.261,-226.464,92.715,-0.047871,-0.998828,-0.007087,0.997125,-0.047370,-0.059149,0.058744,-0.009898,0.998224,0,0.93124,-0.05850,55.874,-0.117,550.000,325.000,-1,400.000,-1,300.000,325.000,250.000,250.000,-1,-1,-1,-1,575.000,-1,725.000,-1,0,0,2,0,2,0,0,0,1,2,2,2,2,0,2,0,2
82,5512.260,7894.744,-222.258,92.602,-0.045430,-0.998967,0.000884,0.997139,-0.045400,-0.060444,0.060421,-0.001864,0.998171,0,0.92566,-0.05654,55.540,-0.113,750.000,325.000,-1,400.000,-1,300.000,300.000,250.000,275.000,-1,-1,-1,-1,575.000,-1,-1,-1,0,0,2,0,2,0,0,0,1,2,2,2,2,0,2,2,2
83,5509.854,7949.949,-218.391,92.494,-0.043107,-0.999041,0.007634,0.997019,-0.043506,-0.063715,0.063986,0.004865,0.997939,0,0.92094,-0.05431,55.257,-0.109,-1,350.000,-1,400.000,-1,300.000,325.000,250.000,300.000,-1,-1,-1,275.000,600.000,-1,-1,-1,2,0,2,0,2,0,0,0,1,2,2,2,1,0,2,2,2
84,5507.558,8004.924,-214.491,92.390,-0.040840,-0.999066,0.014126,0.996893,-0.041696,-0.066832,0.067359,0.011353,0.997664,0,0.91705,-0.05183,55.023,-0.104,-1,350.000,-1,400.000,-1,300.000,325.000,250.000,325.000,-1,-1,-1,275.000,625.000,-1,-1,-1,2,0,2,0,2,0,0,0,1,2,2,2,1,0,2,2,2
85,5505.363,8059.718,-210.557,92.292,-0.038643,-0.999045,0.020384,0.996759,-0.039979,-0.069806,0.070555,0.017620,0.997352,0,0.91395,-0.04914,54.837,-0.098,-1,350.000,-1,400.000,-1,300.000,325.000,250.000,350.000,-1,-1,-1,300.000,650.000,-1,-1,-1,2,0,2,0,2,0,0,0,1,2,2,2,1,0,2,2,2
86,5503.262,8114.372,-206.590,92.199,-0.036525,-0.998983,0.026428,0.996620,-0.038361,-0.072649,0.073589,0.023685,0.997007,0,0.91157,-0.04626,54.694,-0.093,-1,350.000,-1,400.000,-1,300.000,325.000,250.000,375.000,-1,-1,-1,325.000,675.000,-1,-1,-1,2,0,2,0,2,0,0,0,1,2,2,2,1,0,2,2,2
87,5501.246,8168.927,-202.590,92.113,-0.034496,-0.998883,0.032277,0.996475,-0.036849,-0.075369,0.076475,0.029564,0.996633,0,0.90986,-0.04320,54.591,-0.086,-1,375.000,-1,400.000,-1,300.000,325.000,275.000,400.000,-1,-1,-1,350.000,700.000,-1,-1,-1,2,0,2,0,2,0,0,0,0,2,2,2,1,0,2,2,2
88,5499.308,8223.418,-198.557,92.033,-0.032564,-0.998749,0.037950,0.996325,-0.035448,-0.077977,0.079225,0.035271,0.996233,0,0.90874,-0.03999,54.525,-0.080,-1,375.000,-1,400.000,-1,300.000,325.000,275.000,375.000,-1,-1,-1,375.000,750.000,-1,-1,-1,2,0,2,1,2,0,0,0,0,2,2,2,1,0,2,2,2
89,5497.441,8277.876,-194.490,91.959,-0.030735,-0.998582,0.043462,0.996171,-0.034163,-0.080480,0.081851,0.040822,0.995808,0,0.90817,-0.03663,54.490,-0.073,-1,375.000,-1,425.000,-1,300.000,325.000,275.000,350.000,-1,-1,-1,400.000,775.000,-1,-1,-1,2,0,2,1,2,0,0,0,0,2,2,2,1,0,2,2,2
90,5495.637,8332.331,-190.391,91.893,-0.029015,-0.998386,0.048829,0.996013,-0.033000,-0.082885,0.084363,0.046229,0.995362,0,0.90807,-0.03315,54.484,-0.066,-1,400.000,-1,450.000,-1,325.000,325.000,275.000,350.000,-1,-1,-1,425.000,825.000,-1,-1,-1,2,0,2,1,2,0,0,0,0,2,2,2,1,0,2,2,2
91,5494.119,8386.961,-186.251,91.587,-0.023094,-0.998268,0.054108,0.995987,-0.027654,-0.085116,0.086465,0.051926,0.994901,0,0.91083,-0.15315,54.650,-0.306,-1,400.000,-1,475.000,-1,325.000,325.000,300.000,325.000,-1,-1,-1,450.000,850.000,-1,-1,-1,2,0,2,1,2,0,0,0,0,2,2,2,1,0,2,2,2
92,5493.120,8441.656,-182.065,91.041,-0.012988,-0.998162,0.059186,0.996029,-0.018129,-0.087169,0.088082,0.057819,0.994434,0,0.91174,-0.27315,54.704,-0.546,-1,400.000,-1,500.000,-1,325.000,325.000,300.000,325.000,-1,-1,-1,475.000,950.000,-1,-1,-1,2,0,2,1,2,0,0,0,0,2,2,2,1,1,2,2,2
93,5492.712,8496.443,-177.837,90.420,-0.001602,-0.997948,0.064014,0.995994,-0.007316,-0.089125,0.089411,0.063615,0.993961,0,0.91312,-0.31025,54.787,-0.620,-1,425.000,-1,575.000,-1,325.000,325.000,300.000,300.000,-1,-1,-1,500.000,-1,-1,-1,-1,2,0,2,1,2,0,0,0,0,2,2,2,1,2,2,2,2
94,5492.893,8551.329,-174.014,89.807,0.009271,-0.997680,0.067442,0.996179,0.003357,-0.087274,0.086845,0.067993,0.993899,0,0.91478,-0.30642,54.887,-0.613,-1,425.000,-1,625.000,-1,325.000,325.000,300.000,300.000,-1,-1,-1,550.000,-1,-1,-1,-1,2,0,2,1,2,0,0,0,0,2,2,2,1,2,2,2,2
95,5493.641,8611.009,-171.132,89.277,0.018409,-0.997190,0.072620,0.996722,0.012581,-0.079919,0.078781,0.073853,0.994153,0,0.99478,-0.26500,59.687,-0.530,-1,400.000,-1,650.000,-1,325.000,325.000,300.000,275.000,-1,-1,-1,600.000,-1,-1,-1,-1,2,0,2,1,2,0,1,0,0,2,2,2,1,2,2,2,2
96,5494.955,8670.994,-168.360,88.739,0.027601,-0.996546,0.078316,0.997135,0.021928,-0.072392,0.070425,0.080090,0.994297,0,1.00000,-0.26887,60.000,-0.538,-1,400.000,-1,-1,-1,300.000,300.000,300.000,275.000,-1,-1,-1,650.000,-1,-1,-1,-1,2,0,2,2,2,0,1,0,0,2,2,2,1,2,2,2,2
97,5496.841,8730.963,-165.728,88.193,0.036841,-0.995735,0.084583,0.997411,0.031407,-0.064697,0.061765,0.086747,0.994314,0,1.00000,-0.27302,60.000,-0.546,-1,375.000,-1,-1,-1,300.000,300.000,325.000,250.000,-1,-1,-1,700.000,-1,-1,-1,-1,2,0,2,2,2,0,1,0,0,2,2,2,1,2,2,2,2
98,5499.306,8790.912,-163.255,87.638,0.046118,-0.994736,0.091504,0.997542,0.041023,-0.056802,0.052750,0.093899,0.994183,0,1.00000,-0.27748,60.000,-0.555,-1,350.000,-1,-1,-1,275.000,275.000,325.000,225.000,-1,-1,-1,750.000,975.000,-1,-1,-1,2,0,2,2,2,0,1,0,0,2,2,2,1,1,2,2,2
99,5502.361,8850.834,-160.957,87.074,0.055420,-0.993526,0.099168,0.997523,0.050784,-0.048679,0.043328,0.101620,0.993879,0,1.00000,-0.28227,60.000,-0.565,-1,350.000,-1,-1,-1,275.000,275.000,325.000,225.000,-1,-1,-1,800.000,950.000,-1,-1,-1,2,0,2,2,2,0,1,0,1,2,2,2,1,1,2,2,2
100,5506.015,8910.722,-158.854,86.499,0.064725,-0.992078,0.107667,0.997342,0.060695,-0.040303,0.033449,0.109989,0.993370,0,1.00000,-0.28742,60.000,-0.575,-1,325.000,-1,-1,-1,250.000,275.000,350.000,250.000,-1,-1,-1,875.000,925.000,-1,-1,-1,2,1,2,2,2,0,1,0,1,2,2,2,1,1,2,2,2
101,5510.281,8970.570,-156.964,85.913,0.074009,-0.990359,0.117095,0.996991,0.070762,-0.031652,0.023061,0.119085,0.992616,0,1.00000,-0.29298,60.000,-0.586,-1,325.000,-1,-1,-1,225.000,275.000,350.000,275.000,-1,-1,-1,925.000,900.000,-1,-1,-1,2,1,2,2,2,0,1,0,1,2,2,2,1,1,2,2,2
102,5515.169,9030.371,-155.307,85.315,0.083240,-0.988333,0.127554,0.996456,0.080993,-0.022713,0.012117,0.128992,0.991572,0,1.00000,-0.29897,60.000,-0.598,-1,325.000,-1,-1,-1,250.000,300.000,375.000,300.000,-1,-1,-1,975.000,875.000,-1,-1,-1,2,1,2,2,2,1,1,0,1,2,2,2,1,1,2,2,2
103,5520.692,9090.118,-153.901,84.704,0.092376,-0.985954,0.139146,0.995724,0.091390,-0.013473,0.000567,0.139796,0.990180,0,1.00000,-0.30543,60.000,-0.611,-1,350.000,-1,-1,-1,250.000,325.000,400.000,325.000,-1,-1,-1,-1,825.000,-1,-1,-1,2,1,2,2,2,1,1,0,1,2,2,2,2,1,2,2,2
104,5526.864,9149.801,-152.796,84.080,0.101381,-0.983187,0.151869,0.994781,0.101958,-0.004007,-0.011545,0.151482,0.988393,0,1.00000,-0.31239,60.000,-0.625,-1,350.000,-1,-1,-1,250.000,350.000,425.000,375.000,-1,-1,-1,-1,800.000,-1,-1,-1,2,1,2,2,2,1,1,0,1,2,2,2,2,1,2,2,2
105,5533.712,9209.411,-153.970,83.440,0.109977,-0.980890,0.160502,0.993580,0.112803,0.008576,-0.026517,0.158529,0.986998,0,1.00000,-0.31987,60.000,-0.640,-1,325.000,-1,-1,-1,225.000,350.000,400.000,400.000,-1,-1,-1,-1,725.000,-1,-1,-1,2,1,2,2,2,1,1,0,1,2,2,2,2,1,2,2,2
106,5541.219,9268.943,-158.900,82.784,0.118077,-0.976484,0.180378,0.992129,0.123635,0.019845,-0.041680,0.176615,0.983397,0,1.00000,-0.32787,60.000,-0.656,-1,300.000,-1,1000.000,-1,225.000,350.000,425.000,400.000,-1,-1,0.000,-1,650.000,-1,-1,-1,2,1,2,1,2,1,1,0,1,2,2,0,2,1,2,2,2
107,5549.418,9328.384,-164.419,82.111,0.125570,-0.971285,0.202085,0.990404,0.134582,0.031438,-0.057732,0.196198,0.978863,0,1.00000,-0.33639,60.000,-0.673,-1,275.000,-1,900.000,-1,200.000,350.000,450.000,400.000,-1,-1,0.000,-1,600.000,-1,-1,-1,2,1,2,1,2,1,1,0,1,2,2,0,2,1,2,2,2
108,8855.082,6887.295,-303.865,34.165,0.827466,-0.561373,-0.012618,0.560517,0.827126,-0.041028,0.033469,0.026877,0.999078,1,0.00000,0.00000,60.000,-0.691,-1,300.000,-1,325.000,525.000,275.000,275.000,325.000,300.000,525.000,500.000,-1,-1,475.000,500.000,-1,525.000,2,1,2,1,1,1,1,0,0,1,1,2,2,1,1,2,1
109,8859.065,6889.974,-303.597,33.925,0.829816,-0.557894,-0.012658,0.557015,0.829455,-0.041692,0.033759,0.027547,0.999050,0,0.08000,-0.12000,4.800,-0.240,-1,300.000,-1,325.000,525.000,250.000,275.000,325.000,300.000,525.000,500.000,-1,-1,475.000,500.000,-1,525.000,2,1,2,1,1,1,1,0,0,1,1,2,2,1,1,2,1
110,8867.075,6895.265,-303.059,33.445,0.834471,-0.550904,-0.012763,0.549980,0.834068,-0.043039,0.034355,0.028895,0.998992,0,0.16000,-0.24000,9.600,-0.480,-1,300.000,-1,325.000,525.000,250.000,275.000,325.000,300.000,550.000,500.000,-1,-1,475.000,500.000,-1,525.000,2,1,2,1,1,1,1,0,0,1,1,2,2,1,1,2,1
111,8879.189,6903.051,-302.249,32.725,0.841342,-0.540347,-0.012984,0.539350,0.840873,-0.045100,0.035287,0.030941,0.998898,0,0.24000,-0.36000,14.400,-0.720,-1,300.000,-1,325.000,500.000,250.000,275.000,325.000,300.000,550.000,500.000,650.000,-1,475.000,475.000,-1,525.000,2,1,2,1,1,1,1,0,0,1,1,1,2,1,1,2,1
112,8895.513,6913.160,-301.166,31.765,0.850295,-0.526136,-0.013400,0.525032,0.849732,-0.047917,0.036597,0.033708,0.998761,0,0.32000,-0.48000,19.200,-0.960,-1,300.000,-1,350.000,500.000,250.000,275.000,325.000,300.000,575.000,525.000,625.000,-1,450.000,475.000,-1,500.000,2,1,2,1,1,1,1,0,0,1,1,1,2,1,1,2,1
113,8916.177,6925.366,-299.807,30.565,0.861146,-0.508161,-0.014119,0.506910,0.860457,-0.051533,0.038335,0.037220,0.998571,0,0.40000,-0.60000,24.000,-1.200,-1,300.000,-1,325.000,475.000,250.000,275.000,350.000,275.000,600.000,525.000,600.000,-1,450.000,475.000,-1,475.000,2,1,2,1,1,1,1,0,0,1,1,1,2,1,1,2,1
114,8941.335,6939.386,-298.175,29.125,0.873661,-0.486295,-0.015279,0.484842,0.872808,-0.055978,0.040558,0.041498,0.998315,0,0.48000,-0.72000,28.800,-1.440,-1,300.000,-1,325.000,450.000,250.000,275.000,350.000,275.000,625.000,525.000,600.000,-1,450.000,475.000,-1,475.000,2,1,2,1,1,1,1,0,0,1,1,1,2,1,1,2,1
115,8971.152,6954.876,-296.274,27.445,0.887550,-0.460395,-0.017050,0.458670,0.886493,-0.061258,0.043317,0.046550,0.997976,0,0.56000,-0.84000,33.600,-1.680,-1,300.000,-1,325.000,425.000,250.000,275.000,375.000,275.000,675.000,550.000,600.000,-1,450.000,450.000,-1,450.000,2,1,2,1,1,1,1,0,0,1,1,1,2,1,1,2,1
116,9005.804,6971.427,-294.020,25.525,0.902454,-0.430320,-0.020035,0.428221,0.901177,-0.067133,0.046944,0.052005,0.997543,0,0.64000,-0.96000,38.400,-1.920,-1,300.000,-1,300.000,400.000,250.000,275.000,375.000,275.000,725.000,550.000,450.000,-1,450.000,450.000,-1,425.000,2,1,2,1,1,1,1,0,0,1,1,0,2,1,1,2,1
117,9045.387,6988.733,-291.507,23.609,0.916280,-0.399821,-0.023972,0.397237,0.914767,-0.073510,0.051320,0.057834,0.997006,0,0.72000,-0.95801,43.200,-1.916,-1,300.000,-1,300.000,375.000,250.000,275.000,400.000,275.000,775.000,500.000,325.000,-1,475.000,425.000,-1,400.000,2,1,2,1,1,1,1,0,0,1,0,0,2,1,1,2,1
118,9089.982,7006.493,-288.727,21.708,0.928934,-0.369114,-0.028911,0.365920,0.927180,-0.080245,0.056425,0.063963,0.996356,0,0.80000,-0.95058,48.000,-1.901,-1,300.000,-1,300.000,350.000,250.000,250.000,400.000,275.000,825.000,400.000,250.000,-1,500.000,425.000,-1,375.000,2,1,2,1,1,1,1,1,0,1,0,0,2,1,1,2,1
119,9139.654,7024.404,-284.595,19.824,0.940180,-0.338387,-0.039442,0.334297,0.938669,-0.084534,0.065628,0.066292,0.995640,0,0.88000,-0.94183,52.800,-1.884,-1,300.000,-1,300.000,350.000,250.000,250.000,400.000,275.000,875.000,300.000,200.000,-1,525.000,425.000,-1,350.000,2,1,2,1,1,1,1,1,0,1,0,0,2,1,1,2,1
120,9194.452,7042.165,-278.178,17.961,0.949616,-0.307794,-0.059089,0.302564,0.949478,-0.083344,0.081756,0.061267,0.994767,0,0.96000,-0.93141,57.600,-1.863,-1,325.000,-1,300.000,350.000,275.000,275.000,375.000,300.000,900.000,225.000,150.000,975.000,650.000,450.000,-1,375.000,2,1,2,1,1,1,1,1,0,1,0,0,0,1,1,2,1
121,9250.854,7058.468,-271.499,16.124,0.957648,-0.277252,-0.077724,0.271023,0.959084,-0.081875,0.097244,0.057343,0.993607,0,0.97844,-0.91886,58.706,-1.838,-1,350.000,-1,300.000,375.000,275.000,275.000,350.000,325.000,950.000,175.000,125.000,900.000,750.000,475.000,-1,400.000,2,1,2,1,1,1,1,1,0,1,0,0,0,1,1,2,1
122,9307.395,7072.896,-264.173,14.315,0.964791,-0.246851,-0.090792,0.239849,0.967387,-0.081460,0.107940,0.056816,0.992533,0,0.97248,-0.90435,58.349,-1.809,-1,375.000,-1,325.000,375.000,300.000,275.000,350.000,350.000,1000.000,175.000,125.000,850.000,925.000,475.000,-1,425.000,2,1,2,1,1,1,1,1,0,1,0,1,0,1,1,2,1
123,4919.190,6886.821,-387.070,151.890,-0.895763,-0.444314,0.013915,0.406703,-0.831769,-0.377827,0.179448,-0.332784,0.925772,1,0.00000,0.00000,57.826,-1.776,475.000,225.000,-1,700.000,-1,225.000,350.000,800.000,-1,775.000,0.000,0.000,-1,425.000,-1,350.000,-1,1,0,2,0,2,0,0,1,2,1,1,1,2,0,2,1,2
124,4920.894,-6891.894,300.636,-73.782,0.269664,0.957218,0.104953,-0.957110,0.278421,-0.080139,-0.105932,-0.078841,0.991243,1,0.08000,0.12000,4.800,0.240,-1,400.000,-1,450.000,-1,325.000,350.000,300.000,275.000,-1,-1,-1,-1,750.000,-1,-1,-1,2,0,2,1,2,0,0,0,0,2,2,2,2,0,2,2,2
125,4923.651,-6901.089,299.641,-73.302,0.277625,0.954940,0.104943,-0.954653,0.286457,-0.081123,-0.107530,-0.077662,0.991164,0,0.16000,0.24000,9.600,0.480,-1,400.000,-1,450.000,-1,325.000,350.000,300.000,300.000,-1,-1,-1,-1,725.000,1000.000,-1,-1,2,0,2,1,2,0,0,0,0,2,2,2,2,0,1,2,2
126,4927.960,-6914.830,298.137,-72.582,0.289535,0.951396,0.104950,-0.950838,0.298475,-0.082586,-0.109897,-0.075879,0.991042,0,0.24000,0.36000,14.400,0.720,-1,400.000,-1,450.000,-1,325.000,350.000,300.000,300.000,-1,-1,-1,-1,725.000,925.000,-1,-1,2,0,2,0,2,0,0,0,0,2,2,2,2,0,1,2,2
127,4934.011,-6933.051,296.112,-71.622,0.305352,0.946433,0.104998,-0.945511,0.314430,-0.084512,-0.113000,-0.073471,0.990875,0,0.32000,0.48000,19.200,0.960,-1,400.000,-1,425.000,-1,325.000,350.000,275.000,300.000,-1,-1,-1,-1,725.000,875.000,-1,-1,2,0,2,0,2,0,0,0,0,2,2,2,2,0,0,2,2
128,4942.051,-6955.664,293.549,-70.422,0.325015,0.939848,0.105120,-0.938470,0.334256,-0.086880,-0.116791,-0.070414,0.990657,0,0.40000,0.60000,24.000,1.200,-1,375.000,-1,425.000,-1,325.000,350.000,275.000,300.000,-1,-1,-1,-1,700.000,850.000,-1,-1,2,0,2,0,2,0,0,0,0,2,2,2,2,0,0,2,2
129,4952.377,-6982.549,290.434,-68.982,0.348441,0.931391,0.105351,-0.929461,0.357861,-0.089660,-0.121210,-0.066678,0.990385,0,0.48000,0.72000,28.800,1.440,-1,375.000,-1,425.000,-1,325.000,325.000,275.000,300.000,-1,-1,-1,-1,675.000,825.000,-1,-1,2,0,2,0,2,0,0,0,0,2,2,2,2,0,0,2,2
130,4965.339,-7013.549,286.747,-67.302,0.375517,0.920765,0.105731,-0.918186,0.385124,-0.092817,-0.126182,-0.062226,0.990054,0,0.56000,0.84000,33.600,1.680,-1,375.000,-1,400.000,-1,325.000,325.000,275.000,300.000,-1,-1,-1,-1,675.000,800.000,-1,-1,2,0,2,0,2,0,0,0,0,2,2,2,2,0,0,2,2
131,4981.313,-7048.469,282.470,-65.413,0.405596,0.907851,0.106291,-0.904532,0.415388,-0.096306,-0.131584,-0.057082,0.989660,0,0.64000,0.94433,38.400,1.889,1000.000,375.000,-1,400.000,-1,300.000,325.000,275.000,300.000,-1,-1,-1,-1,650.000,750.000,-1,-1,0,0,2,0,2,0,0,0,0,2,2,2,2,0,0,2,2
132,4999.469,-7084.952,277.511,-63.535,0.435398,0.894064,0.105247,-0.889967,0.445089,-0.099270,-0.135598,-0.050444,0.989479,0,0.67918,0.93942,40.751,1.879,950.000,375.000,-1,400.000,-1,300.000,325.000,275.000,300.000,-1,-1,-1,-1,625.000,725.000,1000.000,-1,0,0,2,0,2,0,0,0,0,2,2,2,2,0,0,0,2
133,5018.739,-7120.702,272.247,-61.666,0.464968,0.879394,0.102327,-0.874664,0.474174,-0.100605,-0.136993,-0.042724,0.989650,0,0.67689,0.93422,40.614,1.868,975.000,350.000,-1,375.000,-1,300.000,300.000,300.000,300.000,-1,-1,-1,-1,625.000,725.000,975.000,-1,0,0,2,0,2,0,0,0,0,2,2,2,2,0,0,0,2
134,5039.077,-7155.670,267.100,-59.808,0.493869,0.863805,0.099671,-0.858551,0.502578,-0.101514,-0.137781,-0.035438,0.989829,0,0.67422,0.92895,40.453,1.858,975.000,350.000,-1,375.000,-1,300.000,300.000,300.000,325.000,-1,-1,-1,-1,625.000,700.000,975.000,-1,0,0,2,0,2,0,0,0,0,2,2,2,2,0,0,0,2
135,5060.437,-7189.808,262.086,-57.961,0.522071,0.847340,0.097243,-0.841670,0.530279,-0.101957,-0.137958,-0.028618,0.990025,0,0.67117,0.92365,40.270,1.847,1000.000,350.000,-1,375.000,-1,300.000,300.000,300.000,325.000,-1,-1,-1,-1,625.000,700.000,975.000,-1,0,0,2,0,2,0,0,0,0,2,2,2,2,0,0,0,2
136,5085.405,-7227.330,256.473,-56.354,0.546251,0.832272,0.094519,-0.826217,0.553930,-0.102600,-0.137748,-0.022048,0.990222,0,0.75117,0.80365,45.070,1.607,-1,350.000,-1,375.000,-1,300.000,300.000,300.000,325.000,-1,-1,-1,-1,625.000,675.000,975.000,-1,2,0,2,0,2,0,0,0,1,2,2,2,2,0,0,0,2
137,5114.017,-7268.176,250.283,-54.986,0.566578,0.818915,0.091480,-0.812509,0.573700,-0.103426,-0.137179,-0.015729,0.990421,0,0.83117,0.68365,49.870,1.367,-1,350.000,-1,375.000,-1,300.000,300.000,325.000,350.000,-1,-1,-1,-1,600.000,675.000,1000.000,-1,2,0,2,0,2,0,0,0,1,2,2,2,2,0,0,0,2
