timestep,x_cm,y_cm,z_cm,yaw_deg,basis_xx,basis_xy,basis_xz,basis_yx,basis_yy,basis_yz,basis_zx,basis_zy,basis_zz,teleport_flag,throttle_cmd,steering_cmd,cmd_move_cm,cmd_turn_deg,lidar_cm_0,lidar_cm_1,lidar_cm_2,lidar_cm_3,lidar_cm_4,lidar_cm_5,lidar_cm_6,lidar_cm_7,lidar_cm_8,lidar_cm_9,lidar_cm_10,lidar_cm_11,lidar_cm_12,lidar_cm_13,lidar_cm_14,lidar_cm_15,lidar_cm_16,lidar_class_0,lidar_class_1,lidar_class_2,lidar_class_3,lidar_class_4,lidar_class_5,lidar_class_6,lidar_class_7,lidar_class_8,lidar_class_9,lidar_class_10,lidar_class_11,lidar_class_12,lidar_class_13,lidar_class_14,lidar_class_15,lidar_class_16
0,-8178.500,-6263.880,-333.932,168.532,-0.979338,-0.200513,-0.026312,0.198671,-0.978224,0.060067,-0.037783,0.053599,0.997847,0,0.45616,-0.92343,0.476,-0.023,-1,509.178,-1,616.146,-1,415.495,441.830,622.670,596.187,-1,528.470,544.899,943.338,-1,-1,-1,-1,2,0,2,0,2,0,0,0,0,2,0,0,0,2,2,2,2
1,-8179.576,-6263.638,-329.021,168.514,-0.979496,-0.200379,-0.020865,0.199038,-0.978524,0.053621,-0.031162,0.048369,0.998343,0,0.45616,-0.92343,1.103,-0.019,-1,536.981,-1,657.716,-1,437.793,467.125,624.705,621.143,-1,525.811,543.919,956.838,-1,-1,-1,-1,2,0,2,0,2,0,0,0,0,2,0,0,0,2,2,2,2
2,-8181.246,-6263.362,-325.154,168.483,-0.979585,-0.200467,-0.015046,0.199600,-0.978797,0.045998,-0.023948,0.042056,0.998828,0,0.45616,-0.92343,1.693,-0.031,-1,563.833,-1,699.988,-1,459.170,492.290,621.845,643.428,-1,518.909,538.680,968.146,-1,-1,-1,-1,2,0,2,0,2,0,0,0,0,2,0,0,0,2,2,2,2
3,-8183.321,-6262.978,-322.481,168.412,-0.979494,-0.201290,-0.008620,0.200840,-0.978908,0.037445,-0.015975,0.034946,0.999261,0,0.45616,-0.92343,2.110,-0.071,-1,589.290,-1,746.046,-1,481.187,518.865,614.565,665.172,-1,507.148,528.251,973.759,-1,-1,-1,-1,2,0,2,0,2,0,0,0,0,2,0,0,0,2,2,2,2
4,-8185.788,-6262.443,-321.049,168.303,-0.979210,-0.202843,-0.001309,0.202728,-0.978834,0.028028,-0.006966,0.027180,0.999606,0,0.45616,-0.92343,2.524,-0.109,-1,614.191,-1,791.833,-1,504.126,546.852,603.319,686.094,-1,490.267,512.251,971.688,-1,-1,-1,-1,2,0,2,0,2,0,0,0,0,2,0,0,0,2,2,2,2
5,-8188.584,-6261.725,-320.702,168.160,-0.978721,-0.205111,0.005896,0.205186,-0.978547,0.018579,0.001959,0.019393,0.999810,0,0.45616,-0.92343,2.887,-0.144,-1,636.391,-1,835.900,-1,525.337,573.342,589.842,705.871,-1,471.284,494.383,965.205,-1,-1,-1,-1,2,0,2,0,2,0,0,0,0,2,0,0,0,2,2,2,2
6,-8191.574,-6260.809,-321.163,167.994,-0.978091,-0.207883,0.011105,0.207999,-0.978072,0.010549,0.008669,0.012628,0.999883,0,0.45616,-0.92343,3.127,-0.165,-1,652.082,-1,869.674,-1,540.215,592.147,576.610,721.473,995.672,453.915,480.353,961.034,-1,-1,-1,-1,2,0,2,0,2,0,0,0,0,0,0,0,0,2,2,2,2
7,-8194.659,-6259.680,-322.226,167.813,-0.977398,-0.211013,0.012903,0.211088,-0.977455,0.004764,0.011607,0.007380,0.999905,0,0.45616,-0.92343,3.285,-0.181,-1,655.196,-1,886.175,-1,545.133,599.629,564.238,730.957,960.245,444.955,473.661,964.044,-1,-1,-1,-1,2,0,2,0,2,0,0,0,0,0,0,0,0,2,2,2,2
8,-8197.821,-6258.371,-323.783,167.632,-0.976744,-0.214145,0.010655,0.214177,-0.976793,0.001935,0.009993,0.004172,0.999941,0,0.45616,-0.92343,3.422,-0.181,-1,643.190,-1,880.347,-1,537.969,593.947,554.136,733.858,955.629,446.174,475.956,976.902,-1,-1,-1,-1,2,0,2,0,2,0,0,0,0,0,0,0,0,2,2,2,2
9,-8201.027,-6256.867,-325.799,167.450,-0.976101,-0.217277,0.004278,0.217289,-0.976105,0.002353,0.003665,0.003227,0.999988,0,0.45616,-0.92343,3.541,-0.182,-1,616.704,-1,851.719,-1,518.372,575.075,546.658,730.190,981.495,458.324,487.885,1000.536,-1,-1,-1,-1,2,0,2,0,2,0,0,0,0,0,0,0,0,2,2,2,2
10,-8204.274,-6255.039,-328.040,167.256,-0.975350,-0.220627,-0.003948,0.220596,-0.975339,0.007086,-0.005413,0.006040,0.999967,0,0.45616,-0.92343,3.726,-0.194,-1,586.370,-1,809.180,-1,493.326,548.801,544.998,717.140,-1,478.773,506.072,-1,-1,-1,-1,-1,2,0,2,0,2,0,0,0,0,2,0,0,2,2,2,2,2
11,-8207.735,-6252.721,-330.341,167.034,-0.974397,-0.224537,-0.011548,0.224348,-0.974382,0.015712,-0.014780,0.012719,0.999810,0,0.54150,-1.00000,4.166,-0.222,-1,560.689,-1,763.161,-1,469.819,521.511,549.993,694.517,-1,501.680,525.664,-1,-1,-1,-1,-1,2,0,2,0,2,0,0,0,0,2,0,0,2,2,2,2,2
12,-8211.616,-6249.879,-332.599,166.778,-0.973236,-0.229170,-0.017128,0.228667,-0.973127,0.027126,-0.022884,0.022484,0.999485,0,0.54150,-1.00000,4.810,-0.256,-1,542.231,-1,721.642,-1,451.274,498.151,560.994,666.644,-1,522.326,543.245,-1,-1,-1,-1,-1,2,0,2,0,2,0,0,0,0,2,0,0,2,2,2,2,2
13,-8215.867,-6246.545,-334.654,166.480,-0.971874,-0.234618,-0.020370,0.233692,-0.971495,0.039812,-0.029129,0.033932,0.999000,0,0.54150,-1.00000,5.402,-0.298,-1,531.303,-1,684.539,-1,438.605,480.296,576.381,638.156,-1,540.636,557.148,992.652,-1,-1,-1,-1,2,0,2,0,2,0,0,0,0,2,0,0,0,2,2,2,2
14,-8220.436,-6242.771,-336.378,166.108,-0.970200,-0.241323,-0.021773,0.239964,-0.969402,0.051747,-0.033594,0.044980,0.998423,0,0.54150,-1.00000,5.926,-0.372,-1,526.209,-1,658.635,-1,431.256,468.212,592.734,612.610,-1,556.097,567.666,963.462,-1,-1,-1,-1,2,0,2,0,2,0,0,0,0,2,0,0,0,2,2,2,2
15,-8225.285,-6238.589,-337.624,165.647,-0.968121,-0.249472,-0.022473,0.247723,-0.966875,0.061529,-0.037078,0.054001,0.997852,0,0.54150,-1.00000,6.404,-0.461,-1,524.153,-1,641.287,-1,427.509,461.003,606.928,592.687,-1,570.575,577.573,940.660,-1,-1,-1,-1,2,0,2,0,2,0,0,0,0,2,0,0,0,2,2,2,2
16,-8230.655,-6234.222,-338.189,165.174,-0.965972,-0.257697,-0.022134,0.255683,-0.964319,0.068665,-0.039039,0.060670,0.997394,0,0.54150,-1.00000,6.922,-0.473,-1,527.853,-1,633.097,-1,428.377,459.030,618.599,577.058,-1,583.134,586.287,923.905,-1,-1,-1,-1,2,0,2,0,2,0,0,0,0,2,0,0,0,2,2,2,2
17,-8236.519,-6229.684,-338.027,164.677,-0.963694,-0.266175,-0.021097,0.264055,-0.961772,0.072586,-0.039611,0.064380,0.997139,0,0.54150,-1.00000,7.414,-0.498,-1,535.730,-1,634.016,-1,433.612,462.751,626.091,569.972,-1,593.899,594.160,915.376,-1,-1,-1,-1,2,0,2,0,2,0,0,0,0,2,0,0,0,2,2,2,2
18,-8242.740,-6224.931,-337.281,164.141,-0.961190,-0.275171,-0.019869,0.273058,-0.959151,0.073954,-0.039407,0.065658,0.997064,0,0.54150,-1.00000,7.829,-0.536,-1,546.135,-1,641.451,-1,441.825,470.596,629.838,569.730,-1,604.101,602.066,914.407,-1,-1,-1,-1,2,0,2,0,2,0,0,0,0,2,0,0,0,2,2,2,2
19,-8249.113,-6219.811,-336.168,163.508,-0.958125,-0.285716,-0.019063,0.283668,-0.956133,0.073086,-0.039108,0.064618,0.997143,0,0.54150,-1.00000,8.175,-0.633,-1,556.795,-1,653.359,-1,451.281,479.741,628.580,574.763,-1,614.881,611.162,921.293,-1,-1,-1,-1,2,0,2,0,2,0,0,0,0,2,0,0,0,2,2,2,2
20,-8255.707,-6214.356,-334.921,162.803,-0.954590,-0.297362,-0.018264,0.295436,-0.952746,0.070660,-0.038413,0.062055,0.997333,0,0.54150,-1.00000,8.558,-0.705,-1,568.882,-1,667.942,-1,461.414,491.251,623.865,581.356,-1,624.916,619.918,931.814,-1,-1,-1,-1,2,0,2,0,2,0,0,0,0,2,0,0,0,2,2,2,2
21,-8262.602,-6208.586,-333.732,162.061,-0.950744,-0.309527,-0.016687,0.307804,-0.949074,0.067200,-0.036637,0.058754,0.997600,0,0.54150,-1.00000,8.990,-0.743,-1,584.184,-1,686.901,-1,473.854,505.835,617.462,588.409,-1,631.813,625.842,940.620,-1,-1,-1,-1,2,0,2,0,2,0,0,0,0,2,0,0,0,2,2,2,2
22,-8269.995,-6202.629,-332.775,161.343,-0.946935,-0.321147,-0.013352,0.319725,-0.945381,0.063496,-0.033014,0.055858,0.997893,0,0.54150,-1.00000,9.495,-0.717,-1,604.941,-1,710.779,-1,491.200,523.406,611.309,594.873,-1,633.315,626.408,941.340,-1,-1,-1,-1,2,0,2,0,2,0,0,0,0,2,0,0,0,2,2,2,2
23,-8277.766,-6196.366,-332.204,160.593,-0.942811,-0.333207,-0.009009,0.332148,-0.941400,0.058677,-0.028033,0.052329,0.998236,0,0.54150,-1.00000,9.980,-0.750,-1,629.803,-1,735.585,-1,509.903,542.233,601.999,601.766,-1,630.150,622.653,937.953,-1,-1,-1,-1,2,0,2,0,2,0,0,0,0,2,0,0,0,2,2,2,2
24,-8286.034,-6189.943,-332.012,159.852,-0.938588,-0.345022,-0.003469,0.344363,-0.937331,0.053148,-0.021589,0.048690,0.998581,0,0.54150,-1.00000,10.470,-0.741,-1,659.937,-1,762.424,-1,533.649,564.183,591.775,608.507,-1,622.536,614.286,929.164,-1,-1,-1,-1,2,0,2,0,2,0,0,0,0,2,0,0,0,2,2,2,2
25,-8294.729,-6183.427,-332.123,159.126,-0.934270,-0.356558,0.002321,0.356272,-0.933218,0.046624,-0.014458,0.044386,0.998910,0,0.54150,-1.00000,10.865,-0.726,-1,690.471,-1,789.605,-1,557.357,587.873,579.602,616.134,-1,611.370,603.381,919.891,-1,-1,-1,-1,2,0,2,0,2,0,0,0,0,2,0,0,0,2,2,2,2
26,-8303.844,-6176.867,-332.579,158.432,-0.929954,-0.367604,0.007313,0.367600,-0.929172,0.038863,-0.007491,0.038829,0.999218,0,0.54150,-1.00000,11.230,-0.695,-1,719.654,-1,817.028,-1,578.555,611.607,563.968,625.610,-1,600.403,592.681,914.723,-1,-1,-1,-1,2,0,2,0,2,0,0,0,0,2,0,0,0,2,2,2,2
27,-8313.476,-6170.283,-333.306,157.786,-0.925775,-0.377885,0.011938,0.378074,-0.925287,0.030076,-0.000319,0.032357,0.999476,0,0.54150,-1.00000,11.667,-0.646,-1,746.802,-1,842.459,-1,600.821,635.064,545.760,636.789,-1,588.972,580.728,911.695,-1,-1,-1,-1,2,0,2,0,2,0,0,0,0,2,0,0,0,2,2,2,2
28,-8323.593,-6163.775,-334.116,157.222,-0.921997,-0.386877,0.015770,0.387149,-0.921763,0.021640,0.006164,0.026058,0.999641,0,0.54150,-1.00000,12.030,-0.563,-1,770.064,-1,864.240,-1,620.451,654.803,526.347,648.808,-1,578.769,571.649,911.408,-1,-1,-1,-1,2,0,2,0,2,0,0,0,0,2,0,0,0,2,2,2,2
29,-8333.792,-6157.000,-334.722,156.643,-0.918009,-0.396195,0.017026,0.396435,-0.917952,0.014251,0.009983,0.019832,0.999753,0,0.54150,-1.00000,12.245,-0.579,-1,784.503,-1,879.149,-1,635.030,669.624,508.557,660.930,-1,576.900,571.037,920.595,-1,-1,-1,-1,2,0,2,0,2,0,0,0,0,2,0,0,0,2,2,2,2
30,-8343.618,-6149.653,-334.972,155.961,-0.913218,-0.407179,0.015403,0.407332,-0.913241,0.008491,0.010609,0.014029,0.999845,0,0.54150,-1.00000,12.269,-0.682,-1,786.811,-1,885.034,-1,641.613,677.377,493.394,670.598,-1,583.738,580.016,939.750,-1,-1,-1,-1,2,0,2,0,2,0,0,0,0,2,0,0,0,2,2,2,2
31,-8353.108,-6141.674,-334.969,155.183,-0.907611,-0.419627,0.012494,0.419711,-0.907644,0.004995,0.009244,0.009777,0.999909,0,0.54150,-1.00000,12.399,-0.779,-1,784.684,-1,884.730,-1,643.219,680.835,481.930,677.071,-1,598.982,595.016,961.577,-1,-1,-1,-1,2,0,2,0,2,0,0,0,0,2,0,0,0,2,2,2,2
32,-8362.552,-6133.125,-334.952,154.357,-0.901484,-0.432693,0.010141,0.432749,-0.901505,0.004065,0.007383,0.008053,0.999940,0,0.54150,-1.00000,12.738,-0.825,-1,784.117,-1,880.498,-1,645.009,682.817,474.898,678.682,-1,617.655,611.525,977.619,-1,-1,-1,-1,2,0,2,0,2,0,0,0,0,2,0,0,0,2,2,2,2
33,-8372.032,-6124.079,-335.061,153.510,-0.894999,-0.445979,0.008953,0.446036,-0.894995,0.005928,0.005370,0.009299,0.999942,0,0.54150,-1.00000,13.104,-0.847,-1,785.207,-1,872.913,-1,647.746,683.572,472.987,674.561,-1,638.168,628.244,984.699,-1,-1,-1,-1,2,0,2,0,2,0,0,0,0,2,0,0,0,2,2,2,2
34,-8381.546,-6114.562,-335.391,152.654,-0.888243,-0.459292,0.008652,0.459363,-0.888191,0.010116,0.003039,0.012960,0.999911,0,0.54150,-1.00000,13.456,-0.856,-1,785.334,-1,861.871,-1,648.869,682.501,474.753,665.720,-1,661.076,645.942,984.765,-1,-1,-1,-1,2,0,2,0,2,0,0,0,0,2,0,0,0,2,2,2,2
35,-8390.821,-6104.520,-336.007,151.753,-0.880915,-0.473194,0.008676,0.473274,-0.880776,0.015695,0.000215,0.017932,0.999839,0,0.45995,-1.00000,13.671,-0.901,-1,785.908,-1,847.965,-1,647.338,678.242,478.138,653.889,-1,684.959,665.065,981.255,-1,-1,-1,-1,2,0,2,0,2,0,0,0,0,2,0,0,0,2,2,2,2
36,-8399.896,-6094.051,-337.049,150.809,-0.872991,-0.487665,0.008367,0.487723,-0.872709,0.022472,-0.003657,0.023698,0.999712,0,0.45995,-1.00000,13.855,-0.944,-1,782.918,-1,830.022,-1,642.617,670.254,482.889,639.833,-1,711.394,686.842,977.398,-1,-1,-1,-1,2,0,2,0,2,0,0,0,0,2,0,0,0,2,2,2,2
37,-8408.906,-6083.191,-338.521,149.838,-0.864579,-0.502432,0.008032,0.502432,-0.864102,0.029848,-0.008056,0.029841,0.999522,0,0.45995,-1.00000,14.111,-0.971,-1,775.727,-1,810.305,-1,635.962,659.842,487.920,624.553,-1,739.617,710.020,972.857,-1,-1,-1,-1,2,0,2,0,2,0,0,0,0,2,0,0,0,2,2,2,2
38,-8417.823,-6071.920,-340.391,148.830,-0.855562,-0.517651,0.007187,0.517531,-0.854845,0.037443,-0.013239,0.035754,0.999273,0,0.45995,-1.00000,14.372,-1.008,-1,763.957,-1,788.591,-1,627.508,647.178,491.466,608.175,-1,770.820,735.377,970.422,-1,-1,-1,-1,2,0,2,0,2,0,0,0,0,2,0,0,0,2,2,2,2
39,-8426.586,-6060.289,-342.628,147.772,-0.845761,-0.533540,0.004849,0.533183,-0.844784,0.045341,-0.020095,0.040933,0.998960,0,0.45995,-1.00000,14.562,-1.058,-1,746.190,-1,763.473,-1,614.590,631.225,492.925,592.331,-1,807.331,765.721,974.706,-1,-1,-1,-1,2,0,2,0,2,0,0,0,0,2,0,0,0,2,2,2,2
40,-8435.178,-6048.281,-345.144,146.662,-0.835106,-0.550088,0.000816,0.549345,-0.833900,0.053207,-0.028588,0.044882,0.998583,0,0.45995,-1.00000,14.765,-1.109,-1,723.361,-1,735.950,-1,597.732,612.389,491.928,577.919,-1,852.521,803.485,987.665,-1,-1,-1,-1,2,0,2,0,2,0,0,0,0,2,0,0,0,2,2,2,2
41,-8443.685,-6035.865,-347.902,145.526,-0.823786,-0.566887,-0.003950,0.565623,-0.822377,0.061380,-0.038044,0.048330,0.998107,0,0.45995,-1.00000,15.051,-1.137,-1,697.411,-1,707.148,-1,578.844,591.974,488.600,563.990,-1,905.909,849.592,1005.451,-1,-1,-1,-1,2,0,2,0,2,0,0,0,0,2,0,0,0,2,2,2,2
42,-8452.074,-6022.973,-350.825,144.373,-0.811924,-0.583714,-0.007597,0.581859,-0.810256,0.070184,-0.047123,0.052564,0.997505,0,0.45995,-1.00000,15.382,-1.153,-1,674.924,-1,678.719,-1,561.266,572.500,487.666,548.974,-1,959.672,894.517,-1,-1,-1,-1,-1,2,0,2,0,2,0,0,0,0,2,0,0,2,2,2,2,2
43,-8460.322,-6009.610,-353.841,143.187,-0.799351,-0.600786,-0.009728,0.598278,-0.797305,0.079796,-0.055696,0.057965,0.996764,0,0.45995,-1.00000,15.703,-1.186,-1,655.290,-1,651.337,-1,545.358,553.431,490.438,532.593,-1,-1,940.457,-1,-1,994.148,1001.006,-1,2,0,2,0,2,0,0,0,0,2,2,0,2,2,0,1,2
44,-8468.566,-5995.862,-356.806,142.018,-0.786580,-0.617400,-0.010426,0.614155,-0.783975,0.090542,-0.064074,0.064816,0.995838,0,0.45995,-1.00000,16.030,-1.169,-1,639.027,-1,624.577,-1,530.039,534.311,496.943,514.954,-1,-1,989.150,-1,-1,948.075,-1,-1,2,0,2,0,2,0,0,0,0,2,2,0,2,2,0,2,2
45,-8476.840,-5981.692,-359.780,140.855,-0.773471,-0.633734,-0.011116,0.629593,-0.770206,0.101960,-0.073177,0.071865,0.994726,0,0.45995,-1.00000,16.408,-1.163,-1,621.644,-1,597.367,-1,514.045,514.548,507.098,497.651,-1,-1,-1,-1,992.711,901.880,-1,-1,2,0,2,0,2,0,0,0,0,2,2,2,2,0,0,2,2
46,-8485.226,-5967.082,-362.853,139.704,-0.760105,-0.649687,-0.012110,0.644514,-0.756163,0.113220,-0.082715,0.078255,0.993496,0,0.45995,-1.00000,16.846,-1.151,-1,602.918,-1,570.603,-1,497.529,494.583,516.106,481.656,-1,-1,-1,-1,959.475,856.558,-1,-1,2,0,2,0,2,0,0,0,0,2,2,2,2,0,0,2,2
47,-8493.539,-5952.033,-365.957,138.542,-0.746221,-0.665563,-0.013452,0.659233,-0.741631,0.124075,-0.092556,0.083719,0.992182,0,0.45995,-1.00000,17.193,-1.163,-1,582.914,-1,544.830,-1,480.916,474.879,522.855,467.184,-1,-1,-1,-1,924.832,812.864,-1,-1,2,0,2,0,2,0,0,0,0,2,2,2,2,0,0,2,2
48,-8501.758,-5936.575,-369.052,137.357,-0.731702,-0.681458,-0.015047,0.673841,-0.726497,0.134684,-0.102713,0.088410,0.990774,0,0.45995,-1.00000,17.507,-1.184,-1,562.056,-1,518.581,-1,464.329,455.498,531.683,453.975,-1,-1,-1,-1,883.830,770.942,-1,-1,2,0,2,0,2,0,0,0,0,2,2,2,2,0,0,2,2
49,-8511.543,-5917.422,-372.781,135.926,-0.713732,-0.700229,-0.016313,0.691037,-0.707781,0.146678,-0.114254,0.093416,0.989050,0,0.45995,-1.00000,21.508,-1.432,913.971,538.996,-1,489.701,974.529,445.959,433.948,541.377,439.300,-1,-1,-1,-1,834.961,723.467,-1,964.235,1,0,2,0,0,0,0,0,0,2,2,2,2,0,0,2,0
50,-8517.988,-5904.283,-375.359,134.960,-0.701396,-0.712569,-0.016993,0.702376,-0.695027,0.153640,-0.121289,0.095827,0.987981,0,0.45995,-1.00000,14.635,-0.966,923.584,524.671,-1,472.425,904.652,433.654,420.805,547.131,430.697,-1,-1,-1,-1,804.601,695.690,-1,912.609,1,0,2,0,0,0,0,0,0,2,2,2,2,0,0,2,0
51,-8526.112,-5887.472,-378.566,133.795,-0.686387,-0.727050,-0.016443,0.715875,-0.679473,0.160746,-0.128043,0.098563,0.986859,0,0.45995,-1.00000,18.671,-1.165,982.512,510.520,-1,454.604,833.109,420.699,406.976,555.914,420.936,-1,-1,-1,-1,772.948,667.789,-1,860.870,1,0,2,0,0,0,0,0,0,2,2,2,2,0,0,2,0
52,-8534.935,-5870.297,-381.556,132.771,-0.673218,-0.739314,-0.013854,0.727751,-0.665775,0.164688,-0.130979,0.100789,0.986248,0,0.45995,-1.00000,19.309,-1.024,-1,503.007,-1,443.294,788.741,412.855,397.990,562.911,413.272,-1,-1,-1,-1,752.985,650.958,-1,821.914,2,0,2,0,0,0,0,0,0,2,2,2,2,0,0,2,0
53,-8544.125,-5852.754,-384.232,131.789,-0.660582,-0.750668,-0.011377,0.739107,-0.652917,0.165592,-0.131732,0.100978,0.986129,0,0.45995,-1.00000,19.804,-0.982,-1,496.543,-1,436.717,770.771,407.997,392.423,568.945,408.907,-1,-1,-1,-1,738.389,642.202,-1,801.705,2,0,2,0,0,0,0,0,0,2,2,2,2,0,0,2,0
54,-8553.123,-5834.939,-386.507,130.757,-0.647100,-0.762325,-0.011052,0.750815,-0.639713,0.164452,-0.132436,0.098119,0.986323,0,0.34088,-1.00000,19.959,-1.032,-1,489.215,-1,432.379,767.820,403.587,388.094,567.309,408.379,-1,-1,-1,-1,722.416,637.011,993.716,791.522,2,0,2,0,0,0,0,0,0,2,2,2,2,0,0,0,0
55,-8562.241,-5817.062,-388.509,129.780,-0.634124,-0.773149,-0.011294,0.761638,-0.627069,0.163378,-0.133398,0.095000,0.986499,0,0.34088,-1.00000,20.068,-0.977,-1,481.280,-1,428.307,765.760,398.483,383.931,566.421,408.811,-1,-1,-1,-1,706.088,631.104,966.181,781.950,2,0,2,0,0,0,0,0,0,2,2,2,2,0,0,0,0
56,-8571.573,-5799.141,-390.374,128.900,-0.622296,-0.782704,-0.011055,0.771218,-0.615460,0.162582,-0.134057,0.092648,0.986633,0,0.34088,-1.00000,20.205,-0.880,-1,474.331,-1,424.568,762.694,393.666,380.156,569.068,409.038,-1,-1,-1,-1,691.821,625.668,942.260,772.627,2,0,2,0,0,0,0,0,0,2,2,2,2,0,0,0,0
57,-8580.949,-5781.048,-392.301,128.051,-0.610837,-0.791676,-0.011291,0.780397,-0.604419,0.160180,-0.133635,0.089033,0.987023,0,0.34088,-1.00000,20.378,-0.849,-1,468.108,-1,422.748,770.530,389.805,377.569,567.247,410.731,-1,-1,-1,-1,679.965,623.974,920.751,771.723,2,0,2,0,0,0,0,0,0,2,2,2,2,0,0,0,0
58,-8590.522,-5762.845,-394.474,127.262,-0.600177,-0.799787,-0.011311,0.788928,-0.594240,0.156432,-0.131834,0.084963,0.987624,0,0.34088,-1.00000,20.567,-0.789,999.264,462.908,-1,422.543,797.136,386.982,376.136,563.866,412.850,-1,-1,-1,-1,670.751,625.322,903.527,777.987,0,0,2,0,0,0,0,0,0,2,2,2,2,0,0,0,0
59,-8600.211,-5744.598,-396.868,126.524,-0.590155,-0.807215,-0.011007,0.796850,-0.584655,0.152346,-0.129411,0.081137,0.988266,0,0.34088,-1.00000,20.660,-0.738,981.750,458.246,-1,422.641,823.553,384.461,374.937,560.516,414.408,-1,-1,-1,-1,662.724,626.687,888.993,783.858,0,0,2,0,0,0,0,0,0,2,2,2,2,0,0,0,0
60,-8609.914,-5726.290,-399.433,125.828,-0.580601,-0.814118,-0.010685,0.804206,-0.575482,0.148572,-0.127104,0.077668,0.988844,0,0.34088,-1.00000,20.720,-0.696,963.103,452.633,-1,422.045,841.968,381.059,373.207,557.755,414.520,-1,-1,-1,-1,654.181,626.823,872.880,788.113,0,0,2,0,0,0,0,0,0,2,2,2,2,0,0,0,0
61,-8619.571,-5707.880,-402.131,125.153,-0.571269,-0.820690,-0.010885,0.811238,-0.566605,0.144398,-0.124674,0.073660,0.989460,0,0.34088,-1.00000,20.789,-0.675,942.746,446.591,-1,421.567,881.265,377.738,371.401,550.990,414.927,-1,-1,-1,-1,645.198,627.341,855.285,794.668,0,0,2,0,0,0,0,0,0,2,2,2,2,0,0,0,0
62,-8629.186,-5689.469,-404.659,124.518,-0.562380,-0.826796,-0.011707,0.817724,-0.558199,0.140500,-0.122700,0.069442,0.990011,0,0.34088,-1.00000,20.770,-0.635,918.359,440.383,-1,420.826,904.302,374.110,369.232,543.826,415.915,-1,-1,-1,-1,635.574,627.296,834.926,800.193,0,0,2,0,0,0,0,0,0,2,2,2,2,0,0,0,0
63,-8638.583,-5670.997,-406.909,123.890,-0.553444,-0.832779,-0.013385,0.823934,-0.549774,0.137405,-0.121786,0.065018,0.990425,0,0.34088,-1.00000,20.726,-0.628,890.215,433.415,-1,419.159,934.572,369.739,366.466,537.252,417.553,-1,-1,-1,-1,624.047,625.467,810.516,801.924,0,0,2,0,0,0,0,0,0,2,2,2,2,0,0,0,0
64,-8647.579,-5652.295,-408.899,123.216,-0.543764,-0.839073,-0.016641,0.830440,-0.540821,0.133720,-0.121201,0.058892,0.990879,0,0.34088,-1.00000,20.752,-0.673,857.708,425.911,-1,418.333,976.436,365.315,364.103,526.683,421.477,-1,-1,-1,-1,611.381,624.478,782.699,805.322,0,0,2,0,0,0,0,0,0,2,2,2,2,0,0,0,0
65,-8655.834,-5633.354,-410.586,122.422,-0.532218,-0.846321,-0.021992,0.837929,-0.530295,0.129080,-0.120905,0.050272,0.991390,0,0.34088,-1.00000,20.662,-0.794,818.318,417.682,-1,418.908,-1,360.547,362.505,511.689,428.624,-1,-1,-1,-1,597.497,625.063,750.808,819.570,0,0,2,0,2,0,0,0,0,2,2,2,2,0,0,0,0
66,-8663.446,-5614.300,-411.912,121.529,-0.519123,-0.854257,-0.027504,0.846177,-0.518213,0.124259,-0.120402,0.041233,0.991868,0,0.34088,-1.00000,20.519,-0.893,779.053,410.234,-1,420.773,-1,357.159,362.044,498.020,436.901,-1,-1,-1,-1,585.249,627.869,721.405,840.029,0,0,2,0,2,0,0,0,0,2,2,2,2,0,0,0,0
67,-8670.768,-5595.135,-412.967,120.643,-0.506029,-0.861951,-0.031227,0.854201,-0.505837,0.120290,-0.119480,0.034197,0.992248,0,0.34088,-1.00000,20.515,-0.886,749.774,404.982,-1,422.912,-1,355.094,362.113,489.249,443.600,-1,-1,-1,-1,576.776,631.019,699.052,859.532,0,0,2,0,2,0,0,0,0,2,2,2,2,0,0,0,0
68,-8677.795,-5575.816,-413.856,119.765,-0.492993,-0.869382,-0.033662,0.862047,-0.493332,0.116183,-0.117614,0.028259,0.992657,0,0.34088,-1.00000,20.557,-0.878,727.956,402.211,-1,426.127,-1,354.553,363.507,484.553,449.046,-1,-1,-1,-1,572.053,637.838,684.110,885.710,0,0,2,0,2,0,0,0,0,2,2,2,2,0,0,0,0
69,-8684.259,-5556.390,-414.604,118.874,-0.479668,-0.876767,-0.034619,0.869855,-0.480325,0.112426,-0.115200,0.023814,0.993057,0,0.34088,-1.00000,20.473,-0.891,712.773,401.158,-1,429.877,-1,355.183,365.697,483.674,452.865,-1,-1,-1,-1,569.852,646.062,675.147,915.292,0,0,2,0,2,0,0,0,0,2,2,2,2,0,0,0,0
70,-8689.940,-5536.916,-415.368,117.909,-0.465109,-0.884554,-0.035186,0.878087,-0.466026,0.108548,-0.112414,0.019590,0.993468,0,0.34088,-1.00000,20.286,-0.964,699.907,400.839,-1,434.198,-1,356.106,368.505,481.058,456.060,-1,-1,-1,-1,568.629,653.829,668.477,953.323,0,0,2,0,2,0,0,0,0,2,2,2,2,0,0,0,0
71,-8694.646,-5517.446,-416.231,116.838,-0.448767,-0.892923,-0.036013,0.886947,-0.449966,0.104188,-0.109236,0.014814,0.993905,0,0.34088,-1.00000,20.030,-1.071,686.253,400.467,-1,439.359,-1,357.824,371.713,478.113,459.077,-1,-1,-1,-1,568.380,663.766,662.632,1001.276,0,0,2,0,2,0,0,0,0,2,2,2,2,0,0,0,0
72,-8698.767,-5497.964,-417.253,115.738,-0.431886,-0.901229,-0.035509,0.895862,-0.433207,0.098813,-0.104435,0.010864,0.994472,0,0.34088,-1.00000,19.913,-1.100,681.293,402.932,-1,446.055,-1,361.423,375.815,477.535,460.787,-1,-1,-1,-1,572.405,681.249,665.276,-1,0,0,2,0,2,0,0,0,0,2,2,2,2,0,0,0,2
73,-8701.822,-5478.683,-418.328,114.621,-0.414559,-0.909385,-0.034068,0.904608,-0.415881,0.093418,-0.099122,0.007909,0.995044,0,0.34088,-1.00000,19.521,-1.117,681.758,406.715,-1,453.471,-1,365.970,380.277,476.188,460.923,-1,-1,-1,-1,578.707,700.520,672.946,-1,0,0,2,0,2,0,0,0,0,2,2,2,2,0,0,0,2
74,-8704.658,-5459.492,-419.708,113.546,-0.397782,-0.917010,-0.029380,0.912809,-0.398781,0.088050,-0.092458,0.008206,0.995683,0,0.34088,-1.00000,19.399,-1.074,695.653,413.137,-1,460.974,-1,371.767,385.491,479.792,456.856,-1,-1,-1,-1,589.263,721.529,691.499,-1,0,0,2,0,2,0,0,0,0,2,2,2,2,0,0,0,2
75,-8707.201,-5440.372,-421.521,112.513,-0.381517,-0.924078,-0.022891,0.920493,-0.382067,0.081959,-0.084482,0.010198,0.996373,0,0.19693,-0.20318,19.289,-1.034,720.457,420.812,-1,469.029,-1,378.017,391.456,486.728,450.197,-1,-1,-1,-1,603.159,747.691,719.780,-1,0,0,2,0,2,0,0,0,0,2,2,2,2,0,0,0,2
76,-8709.694,-5421.356,-423.802,111.561,-0.366464,-0.930321,-0.014379,0.927406,-0.366474,0.074930,-0.074978,0.014124,0.997085,0,0.19693,-0.20318,19.178,-0.951,760.156,430.472,-1,479.345,-1,385.645,398.432,493.403,440.865,-1,-1,-1,-1,621.627,776.471,760.964,-1,0,0,2,0,2,0,0,0,0,2,2,2,2,0,0,0,2
77,-8711.732,-5402.778,-426.467,110.708,-0.352852,-0.935657,-0.006429,0.933401,-0.352464,0.067320,-0.065254,0.017753,0.997711,0,0.19693,-0.20318,18.689,-0.853,810.257,439.959,-1,490.606,-1,393.051,404.966,498.500,430.710,-1,-1,-1,-1,640.295,812.209,806.219,-1,0,0,2,0,2,0,0,0,0,2,2,2,2,0,0,0,2
78,-8713.763,-5384.625,-429.389,109.930,-0.340344,-0.940298,0.002334,0.938678,-0.339610,0.059563,-0.055215,0.022463,0.998222,0,0.19693,-0.20318,18.266,-0.779,886.720,450.111,-1,499.561,-1,400.336,410.678,505.290,419.128,-1,-1,-1,-1,660.789,844.925,864.472,-1,0,0,2,0,2,0,0,0,0,2,2,2,2,0,0,0,2
79,-8716.051,-5366.596,-432.419,109.220,-0.328879,-0.944288,0.012590,0.943376,-0.327890,0.050302,-0.043372,0.028420,0.998655,0,0.19693,-0.20318,18.174,-0.710,-1,462.515,-1,510.948,-1,409.317,418.554,511.726,406.753,-1,-1,-1,-1,688.871,887.501,955.347,-1,2,0,2,0,2,0,0,0,0,2,2,2,2,0,0,0,2
80,-8718.458,-5348.638,-435.418,108.556,-0.318075,-0.947789,0.022874,0.947565,-0.317031,0.040133,-0.030786,0.034440,0.998932,0,0.19693,-0.20318,18.119,-0.664,-1,476.713,-1,526.740,-1,419.501,428.431,518.494,394.692,-1,-1,-1,-1,721.450,937.590,-1,-1,2,0,2,0,2,0,0,0,0,2,2,2,2,0,0,2,2
81,-8721.054,-5330.786,-438.002,107.966,-0.308399,-0.950791,0.029785,0.951063,-0.307552,0.029857,-0.019227,0.037535,0.999110,0,0.19693,-0.20318,18.040,-0.589,-1,489.361,-1,545.019,-1,429.027,439.182,520.356,386.761,-1,475.920,477.889,-1,751.971,988.406,-1,-1,2,0,2,0,2,0,0,0,0,2,0,0,2,0,0,2,2
82,-8723.832,-5313.214,-439.835,107.430,-0.299524,-0.953551,0.032042,0.954019,-0.298925,0.022188,-0.011579,0.037214,0.999240,0,0.19693,-0.20318,17.790,-0.536,-1,495.781,-1,558.591,-1,434.398,445.539,515.727,383.744,-1,433.481,441.111,1006.257,769.424,-1,-1,-1,2,0,2,0,2,0,0,0,0,2,0,0,0,0,2,2,2
83,-8726.696,-5295.860,-441.030,106.923,-0.291082,-0.956214,0.030430,0.956667,-0.290669,0.017299,-0.007696,0.034147,0.999387,0,0.19693,-0.20318,17.588,-0.507,-1,495.806,-1,566.350,-1,435.390,447.726,505.929,384.619,-1,423.499,434.289,999.928,772.801,-1,-1,-1,2,0,2,0,2,0,0,0,0,2,0,0,0,0,2,2,2
84,-8729.622,-5278.692,-441.703,106.428,-0.282808,-0.958811,0.026469,0.959157,-0.282516,0.014260,-0.006195,0.029421,0.999548,0,0.19693,-0.20318,17.415,-0.495,-1,492.195,-1,574.047,-1,433.576,447.788,492.419,388.139,-1,428.233,441.485,-1,767.660,-1,-1,-1,2,0,2,0,2,0,0,0,0,2,0,0,2,0,2,2,2
85,-8732.581,-5261.646,-441.983,105.954,-0.274861,-0.961231,0.022066,0.961467,-0.274650,0.012158,-0.005627,0.024557,0.999683,0,0.19693,-0.20318,17.302,-0.474,-1,487.821,-1,580.744,-1,431.186,447.945,480.040,392.573,-1,439.153,454.934,-1,760.325,-1,-1,-1,2,0,2,0,2,0,0,0,0,2,0,0,2,0,2,2,2
86,-8735.517,-5244.704,-441.964,105.506,-0.267336,-0.963426,0.018494,0.963589,-0.267177,0.010661,-0.005330,0.020671,0.999772,0,0.19693,-0.20318,17.194,-0.448,-1,484.133,-1,586.843,-1,429.112,448.609,470.635,396.735,-1,453.345,470.946,-1,754.172,-1,-1,-1,2,0,2,0,2,0,0,0,0,2,0,0,2,0,2,2,2
87,-8738.364,-5227.821,-441.810,105.084,-0.260239,-0.965406,0.016344,0.965534,-0.260119,0.009084,-0.004518,0.018145,0.999825,0,0.19693,-0.20318,17.121,-0.422,-1,482.237,-1,593.518,-1,428.182,450.098,464.289,399.826,-1,466.533,484.955,-1,751.865,-1,-1,-1,2,0,2,0,2,0,0,0,0,2,0,0,2,0,2,2,2
88,-8741.095,-5210.966,-441.679,104.681,-0.253428,-0.967225,0.015790,0.967352,-0.253359,0.006294,-0.002087,0.016870,0.999856,0,0.19693,-0.20318,17.075,-0.404,-1,483.531,-1,602.852,-1,429.816,453.848,459.382,401.610,-1,472.691,490.973,-1,757.060,-1,-1,-1,2,0,2,0,2,0,0,0,0,2,0,0,2,0,2,2,2
89,-8743.715,-5194.157,-441.711,104.292,-0.246859,-0.968913,0.016397,0.969050,-0.246847,0.002744,0.001389,0.016567,0.999862,0,0.19693,-0.20318,17.013,-0.389,-1,486.698,-1,614.552,-1,432.952,457.507,455.816,402.119,-1,473.568,491.022,-1,767.000,-1,-1,-1,2,0,2,0,2,0,0,0,0,2,0,0,2,0,2,2,2
90,-8746.235,-5177.448,-442.015,103.927,-0.240680,-0.970447,0.017491,0.970594,-0.240723,-0.000328,0.004529,0.016898,0.999847,0,0.19693,-0.20318,16.898,-0.365,-1,489.068,-1,624.403,-1,435.107,459.987,452.697,401.439,-1,474.442,490.741,-1,775.788,-1,-1,-1,2,0,2,0,2,0,0,0,0,2,0,0,2,0,2,2,2
91,-8748.646,-5160.864,-442.553,103.580,-0.234800,-0.971867,0.018534,0.972019,-0.234888,-0.002687,0.006965,0.017384,0.999825,0,0.19693,-0.20318,16.759,-0.347,-1,489.852,-1,631.498,-1,435.547,461.860,449.236,400.086,-1,476.973,492.131,-1,781.588,-1,-1,-1,2,0,2,0,2,0,0,0,0,2,0,0,2,0,2,2,2
92,-8751.025,-5144.432,-443.220,103.255,-0.229273,-0.973175,0.019089,0.973325,-0.229392,-0.004280,0.008545,0.017599,0.999809,0,0.19693,-0.20318,16.603,-0.325,-1,488.750,-1,635.930,-1,434.457,462.430,444.948,398.752,-1,482.236,496.694,-1,783.627,-1,-1,-1,2,0,2,0,2,0,0,0,0,2,0,0,2,0,2,2,2
93,-8753.404,-5128.172,-443.849,102.953,-0.224151,-0.974366,0.019174,0.974512,-0.224282,-0.004973,0.009146,0.017571,0.999804,0,0.19693,-0.20318,16.433,-0.301,-1,485.913,-1,637.669,-1,431.972,461.491,440.010,397.712,-1,491.636,505.724,-1,783.076,-1,-1,-1,2,0,2,0,2,0,0,0,0,2,0,0,2,0,2,2,2
94,-8756.242,-5108.859,-444.366,102.624,-0.218541,-0.975631,0.019588,0.975781,-0.218683,-0.005401,0.009553,0.017933,0.999794,0,0.19693,-0.20318,19.520,-0.330,-1,482.671,-1,638.485,-1,429.160,460.217,435.683,396.708,-1,505.529,518.875,-1,782.408,-1,-1,-1,2,0,2,0,2,0,0,0,0,2,0,0,2,0,2,2,2
95,-8758.116,-5096.090,-444.514,102.423,-0.215119,-0.976382,0.020035,0.976538,-0.215270,-0.005680,0.009859,0.018343,0.999783,0,0.19693,-0.20318,12.906,-0.201,-1,481.092,-1,639.106,-1,427.898,459.765,433.632,396.342,-1,515.732,528.385,-1,783.073,-1,-1,-1,2,0,2,0,2,0,0,0,0,2,0,0,2,0,2,2,2
96,-8760.465,-5080.231,-444.515,102.192,-0.211178,-0.977238,0.020226,0.977395,-0.211337,-0.006008,0.010146,0.018501,0.999777,0,0.19693,-0.20318,16.032,-0.231,-1,479.167,-1,640.306,-1,426.465,458.592,430.996,396.621,-1,529.582,541.636,-1,783.731,-1,-1,-1,2,0,2,0,2,0,0,0,0,2,0,0,2,0,2,2,2
97,-8762.790,-5064.507,-444.391,101.973,-0.207445,-0.978033,0.020461,0.978195,-0.207603,-0.005889,0.010007,0.018793,0.999773,0,0.19693,-0.20318,15.895,-0.219,-1,476.876,-1,640.488,-1,424.683,456.883,428.906,396.958,-1,545.868,557.252,-1,783.394,-1,-1,-1,2,0,2,0,2,0,0,0,0,2,0,0,2,0,2,2,2
98,-8765.093,-5048.914,-444.191,101.771,-0.203984,-0.978749,0.020990,0.978927,-0.204137,-0.005410,0.009580,0.019444,0.999765,0,0.19693,-0.20318,15.763,-0.203,-1,474.441,-1,639.612,-1,422.558,455.338,427.613,397.996,-1,563.917,574.417,-1,782.499,-1,-1,-1,2,0,2,0,2,0,0,0,0,2,0,0,2,0,2,2,2
99,-8767.367,-5033.553,-443.908,101.591,-0.200910,-0.979358,0.022216,0.979568,-0.201060,-0.004696,0.009066,0.020819,0.999742,0,0.19693,-0.20318,15.528,-0.180,-1,472.413,-1,637.864,-1,420.401,454.067,427.372,398.750,-1,583.057,592.147,-1,785.438,-1,-1,-1,2,0,2,0,2,0,0,0,0,2,0,0,2,0,2,2,2
100,-8769.422,-5018.817,-443.286,101.461,-0.198695,-0.979706,0.026372,0.980006,-0.198898,-0.005262,0.010400,0.024799,0.999638,0,0.19693,-0.20318,14.878,-0.129,-1,475.664,-1,639.479,-1,421.915,455.877,432.856,397.377,-1,595.651,601.890,-1,804.672,-1,-1,-1,2,0,2,0,2,0,0,0,0,2,0,0,2,0,2,2,2
101,-8771.174,-5004.295,-442.270,101.308,-0.196068,-0.980018,0.033498,0.980479,-0.196446,-0.008346,0.014760,0.031207,0.999404,0,0.40257,-0.70040,14.627,-0.153,-1,486.710,-1,646.618,-1,429.107,463.177,443.803,394.203,-1,596.756,598.626,1000.229,851.281,-1,-1,-1,2,0,2,0,2,0,0,0,0,2,0,0,0,0,2,2,2
102,-8772.450,-4989.667,-440.895,101.063,-0.191855,-0.980599,0.040221,0.981203,-0.192518,-0.013295,0.020780,0.036914,0.999102,0,0.40257,-0.70040,14.684,-0.245,-1,502.323,-1,661.659,-1,440.658,474.476,454.919,392.412,-1,591.699,589.548,952.738,921.479,-1,-1,-1,2,0,2,0,2,0,0,0,0,2,0,0,0,0,2,2,2
103,-8773.213,-4975.090,-439.690,100.732,-0.186154,-0.981671,0.040858,0.982228,-0.186953,-0.016643,0.023977,0.037034,0.999026,0,0.40257,-0.70040,14.597,-0.332,-1,509.883,-1,675.341,-1,447.313,481.707,455.884,395.635,-1,596.065,593.367,947.501,964.389,-1,-1,-1,2,0,2,0,2,0,0,0,0,2,0,0,0,0,2,2,2
104,-8773.677,-4960.694,-438.969,100.317,-0.179048,-0.983203,0.035409,0.983562,-0.179737,-0.017326,0.023400,0.031725,0.999223,0,0.40257,-0.70040,14.404,-0.414,-1,506.486,-1,683.484,-1,446.658,484.139,445.679,403.199,-1,612.490,612.232,987.692,960.759,-1,-1,-1,2,0,2,0,2,0,0,0,0,2,0,0,0,0,2,2,2
105,-8773.961,-4946.403,-438.682,99.789,-0.169987,-0.985064,0.027447,0.985215,-0.170485,-0.016941,0.021367,0.024161,0.999480,0,0.40257,-0.70040,14.293,-0.528,-1,498.518,-1,689.777,-1,442.867,484.791,430.818,412.174,-1,632.542,635.875,-1,938.199,-1,-1,-1,2,0,2,0,2,0,0,0,0,2,0,0,2,0,2,2,2
106,-8774.006,-4932.076,-438.778,99.177,-0.159448,-0.987011,0.019625,0.987005,-0.159786,-0.017040,0.019954,0.016653,0.999662,0,0.40257,-0.70040,14.328,-0.613,-1,491.226,-1,695.790,-1,439.574,486.187,416.170,420.405,-1,648.132,654.914,-1,921.018,-1,-1,-1,2,0,2,0,2,0,0,0,0,2,0,0,2,0,2,2,2
107,-8773.593,-4917.768,-439.020,98.496,-0.147715,-0.988929,0.014111,0.988833,-0.147955,-0.017861,0.019751,0.011315,0.999741,0,0.40257,-0.70040,14.314,-0.681,-1,487.352,-1,703.718,-1,438.480,489.466,405.106,425.868,-1,658.327,666.953,-1,918.451,-1,-1,-1,2,0,2,0,2,0,0,0,0,2,0,0,2,0,2,2,2
108,-8772.488,-4903.548,-439.240,97.747,-0.134761,-0.990810,0.011652,0.990658,-0.134970,-0.019498,0.020892,0.008916,0.999742,0,0.40257,-0.70040,14.262,-0.750,-1,489.213,-1,713.942,-1,440.914,495.778,398.890,428.272,-1,663.266,671.828,-1,934.874,-1,-1,-1,2,0,2,0,2,0,0,0,0,2,0,0,2,0,2,2,2
109,-8770.672,-4889.499,-439.302,96.924,-0.120523,-0.992638,0.012007,0.992461,-0.120755,-0.020941,0.022237,0.009393,0.999709,0,0.40257,-0.70040,14.167,-0.823,-1,494.060,-1,723.929,-1,445.627,503.310,397.254,427.591,-1,669.018,675.596,-1,963.454,-1,-1,-1,2,0,2,0,2,0,0,0,0,2,0,0,2,0,2,2,2
110,-8768.479,-4875.387,-439.255,96.101,-0.106253,-0.994223,0.015191,0.994050,-0.106578,-0.022489,0.023978,0.012712,0.999632,0,0.40257,-0.70040,14.281,-0.823,-1,501.843,-1,731.721,-1,452.404,511.365,399.957,423.764,-1,674.626,677.502,-1,1003.383,-1,-1,-1,2,0,2,0,2,0,0,0,0,2,0,0,2,0,2,2,2
111,-8765.951,-4861.228,-439.135,95.279,-0.091974,-0.995563,0.019878,0.995433,-0.092438,-0.023854,0.025586,0.017594,0.999518,0,0.40257,-0.70040,14.383,-0.822,-1,510.922,-1,737.886,-1,460.420,519.021,405.109,418.292,-1,681.799,680.099,-1,-1,-1,-1,-1,2,0,2,0,2,0,0,0,0,2,0,0,2,2,2,2,2
112,-8762.938,-4847.137,-438.993,94.418,-0.077008,-0.996747,0.023759,0.996694,-0.077580,-0.024146,0.025910,0.021821,0.999426,0,0.40257,-0.70040,14.410,-0.861,-1,517.915,-1,740.771,-1,466.792,525.183,409.351,413.317,-1,694.906,688.880,-1,-1,-1,-1,-1,2,0,2,0,2,0,0,0,0,2,0,0,2,2,2,2,2
113,-8759.688,-4833.041,-438.884,93.537,-0.061676,-0.997735,0.026833,0.997787,-0.062304,-0.023233,0.024853,0.025340,0.999370,0,0.40257,-0.70040,14.466,-0.881,-1,523.536,-1,740.917,-1,471.040,529.231,412.521,408.936,-1,714.616,704.501,-1,-1,-1,-1,-1,2,0,2,0,2,0,0,0,0,2,0,0,2,2,2,2,2
114,-8756.270,-4818.885,-438.803,92.650,-0.046216,-0.998516,0.028811,0.998664,-0.046852,-0.021810,0.023128,0.027765,0.999347,0,0.40257,-0.70040,14.562,-0.888,-1,527.124,-1,740.379,-1,474.639,532.388,414.104,405.694,-1,737.653,723.980,-1,-1,-1,-1,-1,2,0,2,0,2,0,0,0,0,2,0,0,2,2,2,2,2
115,-8752.784,-4804.605,-438.696,91.791,-0.031250,-0.999050,0.030364,0.999275,-0.031889,-0.020780,0.021728,0.029693,0.999323,0,0.40257,-0.70040,14.699,-0.858,-1,531.574,-1,740.969,-1,478.695,536.157,415.156,403.248,-1,759.572,742.705,-1,-1,-1,-1,-1,2,0,2,0,2,0,0,0,0,2,0,0,2,2,2,2,2
116,-8749.034,-4790.243,-438.639,90.897,-0.015645,-0.999427,0.030012,0.999674,-0.016240,-0.019688,0.020164,0.029694,0.999356,0,0.40257,-0.70040,14.843,-0.895,-1,534.516,-1,741.742,-1,482.415,540.050,413.159,402.639,-1,782.006,763.023,-1,-1,-1,-1,-1,2,0,2,0,2,0,0,0,0,2,0,0,2,2,2,2,2
117,-8745.068,-4775.831,-438.549,89.988,0.000203,-0.999581,0.028963,0.999814,-0.000356,-0.019286,0.019288,0.028961,0.999394,0,0.40257,-0.70040,14.948,-0.908,-1,538.785,-1,744.118,-1,487.566,544.085,410.310,402.872,-1,801.979,780.541,-1,-1,-1,-1,-1,2,0,2,0,2,0,0,0,0,2,0,0,2,2,2,2,2
118,-8740.775,-4761.363,-438.434,89.051,0.016561,-0.999493,0.027177,0.999679,0.016031,-0.019597,0.019151,0.027493,0.999439,0,0.40257,-0.70040,15.091,-0.937,-1,544.741,-1,749.452,-1,494.498,549.997,406.671,403.858,-1,818.164,795.006,-1,-1,-1,-1,-1,2,0,2,0,2,0,0,0,0,2,0,0,2,2,2,2,2
119,-8736.168,-4746.852,-438.328,88.067,0.033730,-0.999113,0.025218,0.999238,0.033217,-0.020509,0.019653,0.025891,0.999472,0,0.40257,-0.70040,15.225,-0.984,-1,552.513,-1,757.082,-1,502.631,557.583,402.999,404.842,-1,831.078,806.301,-1,-1,-1,-1,-1,2,0,2,0,2,0,0,0,0,2,0,0,2,2,2,2,2
120,-8731.417,-4732.240,-438.176,87.098,0.050610,-0.998439,0.023630,0.998507,0.050098,-0.021772,0.020554,0.024697,0.999484,0,0.40257,-0.70040,15.365,-0.968,-1,561.750,-1,765.625,-1,511.122,566.007,400.128,405.105,-1,842.383,815.856,-1,-1,-1,-1,-1,2,0,2,0,2,0,0,0,0,2,0,0,2,2,2,2,2
121,-8726.504,-4717.553,-437.918,86.166,0.066845,-0.997498,0.023020,0.997516,0.066298,-0.023789,0.022203,0.024553,0.999452,0,0.40257,-0.70040,15.487,-0.932,-1,573.908,-1,771.229,-1,521.417,575.831,398.933,404.644,-1,850.024,821.552,-1,996.083,-1,-1,-1,2,0,2,0,2,0,0,0,0,2,0,0,2,1,2,2,2
122,-8721.331,-4702.786,-437.691,85.243,0.082911,-0.996302,0.022525,0.996273,0.082327,-0.025735,0.023785,0.024575,0.999415,0,0.40257,-0.70040,15.647,-0.923,-1,586.311,-1,773.369,-1,532.054,585.293,398.019,403.967,-1,857.586,827.518,-1,956.141,-1,-1,-1,2,0,2,0,2,0,0,0,0,2,0,0,2,1,2,2,2
123,-8715.961,-4687.957,-437.551,84.328,0.098798,-0.994863,0.022051,0.994798,0.098191,-0.027135,0.024830,0.024617,0.999389,0,0.40257,-0.70040,15.772,-0.914,-1,597.412,-1,774.174,-1,541.777,591.597,397.048,403.113,-1,868.136,836.301,-1,917.678,-1,-1,-1,2,0,2,0,2,0,0,0,0,2,0,0,2,1,2,2,2
124,-8710.330,-4673.078,-437.446,83.404,0.114831,-0.993154,0.021433,0.993061,0.114216,-0.027998,0.025359,0.024499,0.999378,0,0.49799,-0.71003,15.909,-0.924,-1,607.297,-1,773.949,-1,549.424,597.182,395.898,402.266,-1,882.001,848.136,-1,906.666,-1,-1,-1,2,0,2,0,2,0,0,0,0,2,0,0,2,1,2,2,2
125,-8704.349,-4658.151,-437.317,82.460,0.131186,-0.991147,0.020459,0.991041,0.130595,-0.027964,0.025044,0.023944,0.999400,0,0.49799,-0.71003,16.080,-0.944,-1,615.090,-1,772.326,-1,554.271,601.748,394.168,401.702,-1,903.880,865.370,-1,-1,-1,-1,-1,2,0,2,0,2,0,0,0,0,2,0,0,2,2,2,2,2
126,-8697.994,-4643.183,-437.284,81.484,0.148038,-0.988803,0.018818,0.988699,0.147514,-0.026719,0.023644,0.022561,0.999466,0,0.49799,-0.71003,16.261,-0.975,-1,619.112,-1,767.987,-1,556.947,604.641,391.031,401.556,-1,932.852,890.306,-1,-1,-1,-1,-1,2,0,2,0,2,0,0,0,0,2,0,0,2,2,2,2,2
127,-8691.277,-4628.178,-437.358,80.480,0.165345,-0.986087,0.017155,0.985997,0.164897,-0.024890,0.021715,0.021030,0.999543,0,0.50074,-0.71003,16.440,-1.004,-1,620.638,-1,755.440,-1,558.694,606.695,387.566,401.224,-1,966.141,919.103,-1,-1,-1,-1,-1,2,0,2,0,2,0,0,0,0,2,0,0,2,2,2,2,2
128,-8684.144,-4613.172,-437.518,79.451,0.183044,-0.982975,0.015948,0.982914,0.182665,-0.022659,0.019360,0.019823,0.999616,0,0.50410,-0.71003,16.615,-1.030,-1,620.682,-1,741.812,-1,560.130,606.631,384.419,400.280,-1,1003.798,951.340,-1,-1,-1,-1,-1,2,0,2,0,2,0,0,0,0,2,0,0,2,2,2,2,2
129,-8676.610,-4598.102,-437.902,78.397,0.201101,-0.979457,0.014893,0.979432,0.200794,-0.019868,0.016470,0.018583,0.999692,0,0.50757,-0.71003,16.848,-1.054,-1,618.641,-1,727.018,-1,560.358,604.446,380.818,398.874,-1,-1,987.457,-1,-1,-1,-1,-1,2,0,2,0,2,0,0,0,0,2,2,0,2,2,2,2,2
130,-8668.723,-4582.962,-438.535,77.346,0.219039,-0.975606,0.014687,0.975627,0.218790,-0.016841,0.013217,0.018018,0.999750,0,0.51114,-0.71003,17.072,-1.051,-1,615.631,-1,710.984,-1,558.251,601.042,377.584,396.378,-1,-1,-1,-1,-1,985.216,-1,-1,2,0,2,0,2,0,0,0,0,2,2,2,2,2,0,2,2
131,-8660.374,-4567.884,-439.381,76.280,0.237168,-0.971348,0.015313,0.971425,0.236979,-0.013174,0.009167,0.017999,0.999796,0,0.51469,-0.71003,17.235,-1.066,-1,611.514,-1,693.117,-1,554.326,595.881,374.690,392.855,-1,-1,-1,-1,-1,953.783,-1,-1,2,0,2,0,2,0,0,0,0,2,2,2,2,2,0,2,2
132,-8651.590,-4552.781,-440.506,75.181,0.255765,-0.966587,0.017138,0.966726,0.255629,-0.009721,0.005016,0.019054,0.999806,0,0.51830,-0.71003,17.472,-1.099,-1,607.645,-1,674.250,-1,549.666,589.861,372.762,387.782,-1,-1,-1,-1,-1,920.956,-1,-1,2,0,2,0,2,0,0,0,0,2,2,2,2,2,0,2,2
133,-8642.371,-4537.670,-441.823,74.053,0.274748,-0.961300,0.020405,0.961516,0.274665,-0.006798,0.000930,0.021488,0.999769,0,0.52204,-0.71003,17.701,-1.128,-1,603.041,-1,654.739,981.431,545.130,580.937,372.414,381.246,-1,-1,-1,-1,-1,887.268,-1,-1,2,0,2,0,0,0,0,0,0,2,2,2,2,2,0,2,2
134,-8632.796,-4522.460,-443.264,72.949,0.293226,-0.955708,0.025296,0.956038,0.293206,-0.004595,-0.003025,0.025531,0.999669,0,0.52591,-0.71003,17.973,-1.104,-1,599.448,-1,633.320,928.696,540.801,569.969,374.166,373.332,-1,-1,-1,-1,-1,853.550,-1,-1,2,0,2,0,0,0,0,0,0,2,2,2,2,2,0,2,2
135,-8623.057,-4507.025,-444.890,71.973,0.309463,-0.950381,0.031760,0.950877,0.309563,-0.001817,-0.008105,0.030762,0.999494,0,0.52965,-0.71003,18.251,-0.976,-1,592.604,-1,610.266,871.767,531.982,556.694,377.364,364.463,-1,-1,-1,-1,-1,817.627,-1,986.957,2,0,2,0,0,0,0,0,0,2,2,2,2,2,0,2,0
136,-8613.086,-4491.524,-446.594,71.061,0.324531,-0.945095,0.038419,0.945758,0.324862,0.002542,-0.014883,0.035510,0.999259,0,0.53279,-0.71003,18.431,-0.912,-1,581.664,-1,585.769,815.547,520.385,540.922,379.754,356.026,-1,-1,-1,-1,975.472,779.550,-1,918.136,2,0,2,0,0,0,0,0,0,2,2,2,2,0,0,2,0
137,-8602.916,-4475.805,-448.489,70.199,0.338660,-0.939841,0.044814,0.940630,0.339335,0.008194,-0.022908,0.039379,0.998962,0,0.53562,-0.71003,18.722,-0.861,-1,566.310,-1,560.485,760.420,506.882,523.256,380.496,348.194,-1,-1,-1,-1,932.213,740.788,-1,850.665,2,0,2,0,0,0,0,0,0,2,2,2,2,0,0,2,0
138,-8592.649,-4459.747,-450.574,69.396,0.351728,-0.934690,0.051394,0.935572,0.352846,0.014303,-0.031503,0.043052,0.998576,0,0.53820,-0.71003,19.060,-0.803,-1,550.108,-1,535.130,707.057,492.170,504.745,380.511,340.488,-1,-1,-1,-1,887.170,702.531,-1,786.387,2,0,2,0,0,0,0,0,0,2,2,2,2,0,0,2,0
139,-8582.165,-4443.473,-452.768,68.590,0.364738,-0.929345,0.057311,0.930223,0.366386,0.021120,-0.040625,0.045609,0.998133,0,0.54048,-0.71003,19.359,-0.806,-1,532.678,-1,510.051,657.031,476.720,486.411,379.608,333.587,-1,-1,-1,-1,844.943,665.252,-1,725.907,2,0,2,0,0,0,0,0,0,2,2,2,2,0,0,2,0
140,-8571.418,-4426.944,-454.997,67.798,0.377422,-0.923905,0.062865,0.924733,0.379627,0.027438,-0.049215,0.047777,0.997645,0,0.54276,-0.71003,19.716,-0.792,-1,516.296,-1,486.292,611.492,462.230,465.214,378.800,327.057,-1,-1,-1,-1,803.569,630.555,-1,671.593,2,0,2,0,0,0,0,0,0,2,2,2,2,0,0,2,0
141,-8560.297,-4410.136,-457.293,67.009,0.389974,-0.918272,0.068526,0.919107,0.392712,0.031938,-0.056239,0.050528,0.997138,0,0.54494,-0.71003,20.154,-0.789,-1,503.075,-1,464.409,570.451,449.443,445.412,378.935,320.098,-1,-1,-1,-1,773.928,599.145,-1,623.842,2,0,2,0,0,0,0,0,0,2,2,2,2,0,0,2,0
142,-8548.853,-4392.995,-459.657,66.241,0.402117,-0.912561,0.074391,0.913485,0.405371,0.034929,-0.062031,0.053910,0.996617,0,0.54707,-0.71003,20.610,-0.768,-1,491.518,-1,443.921,532.599,435.518,427.094,380.089,312.717,-1,-1,-1,-1,746.442,570.171,-1,580.442,2,0,2,0,0,0,0,0,0,2,2,2,2,0,0,2,0
143,-8537.261,-4375.328,-462.140,65.527,0.413351,-0.906984,0.080749,0.908156,0.417086,0.035951,-0.066287,0.058472,0.996086,0,0.54907,-0.71003,21.131,-0.714,-1,481.275,994.445,424.855,497.029,423.462,410.354,382.948,304.614,-1,-1,-1,-1,725.068,543.639,-1,540.728,2,0,0,0,0,0,0,0,0,2,2,2,2,0,0,2,0
144,-8525.510,-4357.179,-464.685,64.884,0.423418,-0.901740,0.087077,0.903244,0.427608,0.036073,-0.069764,0.063378,0.995548,0,0.55078,-0.71003,21.621,-0.643,-1,472.695,945.952,406.691,463.289,412.311,394.480,388.359,296.539,-1,-1,-1,-1,707.570,518.689,-1,503.419,2,0,0,0,0,0,0,0,0,2,2,2,2,0,0,2,0
145,-8513.632,-4338.605,-467.195,64.310,0.432330,-0.896874,0.093310,0.898724,0.437004,0.036354,-0.073382,0.068143,0.994973,0,0.55212,-0.71003,22.047,-0.574,-1,463.713,899.101,388.759,429.964,401.167,378.699,394.001,288.907,-1,-1,-1,-1,690.230,494.244,984.890,467.241,2,0,0,0,0,0,0,0,0,2,2,2,2,0,0,0,0
146,-8501.512,-4319.834,-469.484,63.761,0.440777,-0.892148,0.098929,0.894244,0.445991,0.037677,-0.077735,0.071859,0.994381,0,0.57604,-0.20000,22.344,-0.549,-1,453.601,851.707,370.942,397.986,389.477,362.771,399.079,282.377,-1,-1,-1,-1,670.646,470.065,935.300,432.348,2,0,0,0,0,0,0,0,0,2,2,2,2,0,0,0,0
147,-8489.397,-4300.616,-471.367,63.307,0.447699,-0.888118,0.103979,0.890408,0.453459,0.039342,-0.082090,0.074971,0.993801,0,0.57692,-0.20000,22.718,-0.454,-1,443.726,807.791,354.212,368.951,378.295,347.762,404.202,277.111,-1,-1,-1,-1,646.794,447.533,886.309,400.322,2,0,0,0,0,0,0,0,0,2,2,2,2,0,0,0,0
148,-8477.336,-4280.600,-472.775,62.961,0.453055,-0.885146,0.106102,0.887661,0.458915,0.038149,-0.082459,0.076899,0.993623,0,0.57732,-0.20000,23.369,-0.346,-1,438.869,780.698,342.273,349.135,371.873,337.385,408.934,273.921,-1,-1,-1,-1,633.387,432.106,864.164,378.036,2,0,0,0,0,0,0,0,0,2,2,2,2,0,0,0,0
149,-8465.637,-4259.678,-473.670,62.792,0.455807,-0.883724,0.106167,0.886612,0.461307,0.033384,-0.078478,0.078912,0.993788,0,0.57713,-0.20000,23.971,-0.168,-1,437.948,771.189,335.149,336.614,369.995,331.242,415.234,272.170,-1,-1,-1,-1,632.512,423.688,871.822,364.361,2,0,0,0,0,0,0,0,0,2,2,2,2,0,0,0,0
150,-8454.630,-4237.967,-474.084,62.841,0.455285,-0.884177,0.104625,0.887447,0.460134,0.026744,-0.071788,0.080673,0.994152,0,0.57604,-0.20000,24.342,0.049,-1,441.158,774.277,331.568,328.451,368.581,327.992,422.693,271.993,-1,-1,-1,-1,640.061,420.379,897.230,356.877,2,0,0,0,0,0,0,0,0,2,2,2,2,0,0,0,0
151,-8444.531,-4215.656,-474.112,63.106,0.451405,-0.886470,0.102001,0.889994,0.455524,0.020205,-0.064375,0.081659,0.994579,0,0.57387,-0.20000,24.490,0.265,-1,444.948,783.763,329.904,323.306,368.889,326.630,429.212,273.415,-1,-1,-1,-1,648.957,419.823,926.657,352.789,2,0,0,0,0,0,0,0,0,2,2,2,2,0,0,0,0
152,-8435.344,-4192.981,-473.667,63.524,0.445123,-0.890159,0.097379,0.893704,0.448436,0.014080,-0.056202,0.080760,0.995148,0,0.57065,-0.20000,24.465,0.418,-1,450.911,800.222,330.627,322.681,370.998,327.423,433.069,277.373,-1,-1,-1,-1,659.786,422.693,959.466,353.521,2,0,0,0,0,0,0,0,0,2,2,2,2,0,0,0,0
153,-8427.211,-4169.939,-473.050,64.109,0.436164,-0.895093,0.092572,0.898598,0.438700,0.008006,-0.047778,0.079692,0.995674,0,0.56669,-0.20000,24.436,0.585,-1,457.801,821.765,332.534,323.669,374.276,329.451,436.158,282.350,-1,-1,-1,-1,674.279,427.199,999.995,356.339,2,0,0,0,0,0,0,0,0,2,2,2,2,0,0,0,0
154,-8419.303,-4146.780,-472.437,64.637,0.428042,-0.899845,0.084021,0.902976,0.429688,0.001668,-0.037604,0.075155,0.996463,0,0.56194,-0.20000,24.472,0.529,-1,465.242,852.291,337.097,331.282,378.918,333.532,432.943,289.957,-1,-1,-1,-1,690.370,436.019,-1,366.251,2,0,0,0,0,0,0,0,0,2,2,2,2,0,0,2,0
155,-8412.116,-4126.091,-470.851,64.710,0.427067,-0.901819,0.065842,0.903859,0.427820,-0.002917,-0.025538,0.060757,0.997826,0,0.55745,-0.20000,21.902,0.072,-1,472.736,895.667,348.031,358.542,385.337,341.912,416.571,305.363,-1,-1,-1,-1,705.375,454.701,-1,396.196,2,0,0,0,0,0,0,0,0,2,2,2,2,0,0,2,0
156,-8403.414,-4103.696,-466.737,64.436,0.431508,-0.901650,0.028787,0.902090,0.431489,-0.007196,-0.005933,0.029073,0.999560,0,0.55532,-0.20000,24.026,-0.273,-1,488.758,989.191,375.081,435.578,400.343,362.049,383.663,338.618,-1,-1,-1,-1,733.469,499.447,-1,475.739,2,0,0,0,0,0,0,0,0,2,2,2,2,0,0,2,0
157,-8398.935,-4089.471,-462.957,64.438,0.431476,-0.902096,0.007231,0.902110,0.431410,-0.009067,0.005060,0.010436,0.999933,0,0.55465,-0.20000,14.914,0.002,-1,500.670,-1,394.095,493.767,411.566,376.352,369.712,362.259,-1,-1,-1,-1,752.573,530.746,-1,535.824,2,0,2,0,0,0,0,0,0,2,2,2,2,0,0,2,0
158,-8394.715,-4072.333,-457.403,64.798,0.425773,-0.904755,-0.011655,0.904727,0.425884,-0.009556,0.013610,-0.006476,0.999886,0,0.55342,-0.20000,17.650,0.359,-1,512.243,-1,413.820,562.413,423.768,391.295,362.156,389.216,-1,-1,-1,-1,771.419,562.940,-1,599.181,2,0,2,0,0,0,0,0,0,2,2,2,2,0,0,2,0
159,-8391.521,-4055.495,-451.645,65.422,0.415879,-0.909190,-0.020444,0.909280,0.416104,-0.008176,0.015940,-0.015189,0.999758,0,0.55029,-0.20000,17.138,0.624,-1,518.367,-1,425.249,602.348,430.968,400.345,364.362,409.879,-1,-1,-1,-1,781.611,580.759,-1,634.743,2,0,2,0,0,0,0,0,0,2,2,2,2,0,0,2,0
160,-8388.327,-4038.590,-446.483,66.134,0.404559,-0.914208,-0.023568,0.914393,0.404787,-0.005667,0.014721,-0.019258,0.999706,0,0.54596,-0.20000,17.205,0.712,-1,519.996,-1,429.996,618.257,433.953,404.364,370.508,425.269,-1,-1,-1,-1,785.739,587.383,-1,648.882,2,0,2,0,0,0,0,0,0,2,2,2,2,0,0,2,0
161,-8384.605,-4021.581,-442.269,66.746,0.394772,-0.918416,-0.025825,0.918693,0.394964,-0.002582,0.012572,-0.022706,0.999663,0,0.54122,-0.20000,17.411,0.613,-1,519.283,-1,431.389,624.746,433.976,405.235,375.527,438.378,-1,-1,-1,-1,782.785,588.962,-1,652.604,2,0,2,0,0,0,0,0,0,2,2,2,2,0,0,2,0
162,-8379.904,-4004.682,-439.130,67.110,0.388938,-0.920738,-0.031109,0.921201,0.389084,0.001465,0.010755,-0.029228,0.999515,0,0.53692,-0.20000,17.541,0.364,-1,514.671,-1,431.532,634.019,431.428,404.063,374.901,452.716,-1,-1,-1,-1,772.565,589.380,-1,656.983,2,0,2,0,0,0,0,0,0,2,2,2,2,0,0,2,0
163,-8373.152,-3984.573,-436.866,67.213,0.387297,-0.921032,-0.041251,0.921909,0.387338,0.007317,0.009239,-0.040863,0.999122,0,0.53378,-0.20000,21.212,0.102,-1,504.460,-1,430.132,652.578,424.989,399.985,366.861,471.253,-1,-1,-1,-1,751.951,588.442,-1,663.761,2,0,2,0,0,0,0,0,0,2,2,2,2,0,0,2,0
164,-8368.160,-3971.249,-436.256,67.129,0.388643,-0.920073,-0.049222,0.921351,0.388555,0.011749,0.008315,-0.049917,0.998719,0,0.53157,-0.20000,14.228,-0.084,-1,495.065,-1,427.695,666.959,418.636,395.544,358.726,483.384,-1,-1,-1,-1,733.869,585.911,-1,666.352,2,0,2,0,0,0,0,0,0,2,2,2,2,0,0,2,0
165,-8361.349,-3954.845,-436.392,66.897,0.392385,-0.917852,-0.059841,0.919781,0.391978,0.018888,0.006120,-0.062451,0.998029,0,0.53080,-0.20000,17.762,-0.232,-1,479.270,-1,421.765,679.575,407.504,387.181,346.045,497.336,921.534,-1,-1,-1,704.369,578.586,-1,662.948,2,0,2,0,0,0,0,0,0,0,2,2,2,0,0,2,0
166,-8354.118,-3938.637,-437.442,66.602,0.397108,-0.915160,-0.069184,0.917769,0.396152,0.027626,0.002126,-0.074466,0.997221,0,0.53045,-0.20000,17.747,-0.294,961.047,459.502,-1,411.619,676.345,392.867,375.313,332.723,509.231,852.942,-1,-1,-1,667.889,564.704,918.542,646.723,0,0,2,0,0,0,0,0,0,0,2,2,2,0,0,0,0
167,-8346.438,-3922.620,-438.974,66.251,0.402733,-0.912263,-0.074709,0.915314,0.401179,0.035419,-0.002340,-0.082647,0.996576,0,0.53040,-0.20000,17.764,-0.352,871.645,440.235,-1,398.542,654.390,377.401,361.711,322.965,515.213,813.152,-1,-1,-1,634.726,546.012,834.850,619.228,0,0,2,0,0,0,0,0,0,0,2,2,2,0,0,0,0
168,-8338.230,-3906.708,-440.730,65.838,0.409314,-0.909269,-0.075447,0.912378,0.407423,0.039660,-0.005322,-0.085070,0.996361,0,0.53061,-0.20000,17.904,-0.413,806.904,425.591,979.228,384.578,618.820,363.718,348.458,318.866,512.795,797.785,-1,-1,-1,608.789,525.902,777.551,586.141,0,0,0,0,0,0,0,0,0,0,2,2,2,0,0,0,0
169,-8329.664,-3890.758,-442.714,65.410,0.416109,-0.906554,-0.070808,0.909296,0.414331,0.038875,-0.005904,-0.080562,0.996732,0,0.38880,-0.73772,18.104,-0.428,785.285,415.215,936.220,370.516,571.286,352.902,336.302,321.410,500.427,808.066,-1,-1,-1,590.898,505.696,750.054,549.037,0,0,0,0,0,0,0,0,0,0,2,2,2,0,0,0,0
170,-8320.307,-3875.208,-444.880,64.910,0.424040,-0.903441,-0.063129,0.905633,0.422665,0.034395,-0.004392,-0.071756,0.997413,0,0.38920,-0.73772,18.148,-0.501,790.228,406.578,903.545,356.808,526.778,343.877,325.047,327.594,482.069,832.001,-1,-1,-1,579.633,486.207,741.753,512.261,0,0,0,0,0,0,0,0,0,0,2,2,2,0,0,0,0
171,-8309.793,-3860.532,-446.735,64.278,0.433999,-0.899064,-0.057691,0.900913,0.433195,0.026436,0.001224,-0.063447,0.997984,0,0.38986,-0.73772,18.054,-0.631,819.347,402.728,897.940,347.827,498.764,338.013,317.678,335.453,465.261,827.433,-1,-1,-1,576.959,474.689,754.373,489.233,0,0,0,0,0,0,0,0,0,0,2,2,2,0,0,0,0
172,-8298.593,-3846.249,-447.905,63.593,0.444718,-0.893876,-0.056668,0.895584,0.444665,0.014236,0.012473,-0.057082,0.998292,0,0.39099,-0.73772,18.151,-0.686,874.257,406.288,944.199,346.430,495.371,338.094,316.614,343.442,452.646,779.604,-1,-1,-1,587.622,475.930,800.472,489.405,0,0,0,0,0,0,0,0,0,0,2,2,2,0,0,0,0
173,-8287.355,-3831.839,-448.384,62.974,0.454222,-0.888974,-0.058368,0.890449,0.455080,-0.001590,0.027975,-0.051251,0.998294,0,0.39231,-0.73772,18.273,-0.619,972.556,417.128,-1,351.212,515.628,343.669,320.978,352.845,442.449,719.500,-1,-1,-1,612.379,487.579,896.271,510.049,0,0,2,0,0,0,0,0,0,0,2,2,2,0,0,0,0
174,-8276.192,-3817.301,-448.269,62.421,0.462478,-0.884387,-0.063039,0.885446,0.464366,-0.018710,0.045820,-0.047164,0.997836,0,0.39338,-0.73772,18.330,-0.552,-1,432.689,-1,360.739,566.973,352.938,329.275,361.789,433.505,654.946,-1,-1,-1,646.184,507.641,-1,549.891,2,0,2,0,0,0,0,0,0,0,2,2,2,0,0,2,0
175,-8265.200,-3802.690,-447.529,61.929,0.469590,-0.880178,-0.069077,0.880544,0.472602,-0.035897,0.064242,-0.043969,0.996965,0,0.39422,-0.73772,18.284,-0.492,-1,451.141,-1,373.154,655.890,364.543,339.996,369.794,426.153,596.949,837.759,977.040,-1,687.639,533.215,-1,619.060,2,0,2,0,0,0,0,0,0,0,0,0,2,0,0,2,0
176,-8254.351,-3788.145,-446.112,61.474,0.475942,-0.876246,-0.075315,0.875632,0.480119,-0.052471,0.082138,-0.040975,0.995778,0,0.39485,-0.73772,18.146,-0.455,-1,470.295,-1,387.417,808.314,377.551,352.163,378.986,420.407,558.344,611.684,714.410,-1,742.538,566.519,-1,742.245,2,0,2,0,0,0,0,0,0,0,0,0,2,0,0,2,0
177,-8243.738,-3773.796,-443.938,61.050,0.481690,-0.872612,-0.080771,0.870778,0.486964,-0.067913,0.098595,-0.037621,0.994416,0,0.39536,-0.73772,17.847,-0.424,-1,490.659,-1,402.395,-1,391.243,364.941,390.589,415.698,533.165,526.109,613.206,-1,811.621,602.015,-1,-1,2,0,2,0,2,0,0,0,0,0,0,0,2,0,0,2,2
178,-8233.224,-3759.811,-441.071,60.619,0.487507,-0.869055,-0.084138,0.865868,0.493602,-0.081424,0.112293,-0.033157,0.993122,0,0.39577,-0.73772,17.496,-0.431,-1,509.890,-1,415.393,-1,403.767,376.305,406.416,410.928,524.469,480.704,556.413,906.538,901.730,635.473,-1,-1,2,0,2,0,2,0,0,0,0,0,0,0,0,0,0,2,2
179,-8222.722,-3746.303,-437.637,60.197,0.493208,-0.865651,-0.085985,0.861102,0.499854,-0.093005,0.123490,-0.028172,0.991946,0,0.39622,-0.73772,17.111,-0.422,-1,527.532,-1,426.431,-1,414.930,386.196,424.022,406.531,527.708,462.685,531.581,814.110,-1,675.323,-1,-1,2,0,2,0,2,0,0,0,0,0,0,0,0,2,0,2,2
180,-8212.195,-3733.187,-433.847,59.747,0.499321,-0.861935,-0.088013,0.856098,0.506453,-0.102965,0.133324,-0.023936,0.990783,0,0.37212,-0.48849,16.817,-0.450,-1,544.687,-1,436.981,-1,425.258,395.517,440.285,403.890,534.467,452.287,516.004,766.619,-1,715.538,-1,-1,2,0,2,0,2,0,0,0,0,0,0,0,0,2,0,2,2
181,-8201.684,-3720.165,-430.060,59.275,0.505681,-0.857939,-0.090707,0.850806,0.513347,-0.112270,0.142886,-0.020401,0.989529,0,0.37265,-0.48849,16.736,-0.472,-1,561.586,-1,448.904,-1,435.422,404.896,455.775,402.629,540.018,443.335,503.696,744.345,-1,769.169,-1,-1,2,0,2,0,2,0,0,0,0,0,0,0,0,2,0,2,2
182,-8191.056,-3707.269,-426.527,58.778,0.512298,-0.853557,-0.094819,0.845159,0.520680,-0.120828,0.152504,-0.018238,0.988135,0,0.37326,-0.48849,16.711,-0.497,-1,577.688,-1,462.412,-1,445.378,414.636,469.875,402.690,540.524,435.220,494.208,727.757,-1,833.520,-1,-1,2,0,2,0,2,0,0,0,0,0,0,0,0,2,0,2,2
183,-8180.435,-3694.309,-423.393,58.303,0.518440,-0.849283,-0.099691,0.839523,0.527677,-0.129453,0.162547,-0.016579,0.986562,0,0.37394,-0.48849,16.756,-0.475,-1,594.247,-1,476.587,-1,455.698,424.875,482.883,402.545,537.280,426.338,483.213,710.349,-1,920.334,-1,-1,2,0,2,0,2,0,0,0,0,0,0,0,0,2,0,2,2
184,-8169.884,-3681.220,-420.737,57.876,0.523738,-0.845409,-0.104795,0.834130,0.533912,-0.138442,0.172992,-0.014905,0.984811,0,0.37455,-0.48849,16.812,-0.427,-1,614.828,-1,491.026,-1,466.280,435.266,493.418,400.867,531.613,415.742,470.299,690.703,-1,-1,-1,-1,2,0,2,0,2,0,0,0,0,0,0,0,0,2,2,2,2
185,-8159.424,-3668.021,-418.583,57.502,0.528130,-0.842030,-0.109832,0.829061,0.539273,-0.147790,0.183674,-0.013005,0.982901,0,0.37500,-0.48849,16.842,-0.374,-1,638.156,-1,505.601,-1,476.943,445.548,502.770,397.062,524.300,403.221,456.375,672.306,-1,-1,-1,-1,2,0,2,0,2,0,0,0,0,0,0,0,0,2,2,2,2
186,-8149.020,-3654.860,-416.840,57.162,0.531967,-0.839003,-0.114395,0.824251,0.544021,-0.157009,0.193964,-0.010767,0.980950,0,0.37527,-0.48849,16.777,-0.340,-1,661.236,-1,523.590,-1,486.848,454.902,511.792,391.777,516.741,390.668,443.635,653.352,-1,-1,-1,-1,2,0,2,0,2,0,0,0,0,0,0,0,0,2,2,2,2
187,-8138.564,-3641.815,-415.425,56.811,0.535847,-0.835769,-0.119825,0.819201,0.549002,-0.165848,0.204395,-0.009291,0.978844,0,0.37543,-0.48849,16.718,-0.351,-1,687.803,-1,543.278,-1,496.588,464.328,518.718,386.904,506.242,377.275,431.967,635.392,-1,-1,-1,-1,2,0,2,0,2,0,0,0,0,0,0,0,0,2,2,2,2
188,-8127.964,-3629.027,-414.227,56.398,0.540516,-0.831776,-0.126457,0.813474,0.555040,-0.173753,0.214712,-0.008953,0.976636,0,0.37563,-0.48849,16.610,-0.413,-1,723.250,-1,564.066,-1,506.276,474.792,523.020,383.371,493.399,364.391,420.595,620.323,-1,-1,-1,-1,2,0,2,0,2,0,0,0,0,0,0,0,0,2,2,2,2
189,-8117.276,-3616.527,-413.172,55.947,0.545769,-0.827418,-0.132345,0.807515,0.561525,-0.180582,0.223732,-0.008315,0.974615,0,0.37603,-0.48849,16.447,-0.451,-1,753.648,-1,581.828,-1,514.488,484.034,526.094,379.178,484.006,354.384,411.788,607.752,-1,-1,-1,-1,2,0,2,0,2,0,0,0,0,0,0,0,0,2,2,2,2
190,-8106.575,-3604.274,-412.091,55.500,0.551044,-0.823157,-0.136977,0.801764,0.567770,-0.186579,0.231355,-0.007010,0.972844,0,0.37657,-0.48849,16.268,-0.447,-1,784.591,-1,599.513,-1,520.640,491.050,529.606,374.053,479.797,347.818,405.959,596.899,-1,-1,-1,-1,2,0,2,0,2,0,0,0,0,0,0,0,0,2,2,2,2
191,-8093.672,-3589.977,-410.458,54.966,0.557411,-0.817683,-0.143831,0.795052,0.575616,-0.191201,0.239133,-0.007776,0.970956,0,0.37711,-0.48849,19.258,-0.534,-1,825.212,-1,623.127,-1,526.020,498.476,529.591,371.680,473.539,339.844,401.964,591.133,-1,-1,-1,-1,2,0,2,0,2,0,0,0,0,0,0,0,0,2,2,2,2
192,-8085.233,-3580.639,-408.979,54.606,0.561918,-0.813655,-0.149044,0.790872,0.581258,-0.191473,0.242426,-0.010283,0.970116,0,0.37776,-0.48849,12.587,-0.360,-1,839.999,-1,637.016,-1,526.560,501.255,526.087,373.627,470.007,338.351,402.992,595.158,-1,-1,-1,-1,2,0,2,0,2,0,0,0,0,0,0,0,0,2,2,2,2
193,-8075.007,-3569.246,-406.701,54.176,0.567729,-0.808608,-0.154388,0.786481,0.588170,-0.188425,0.243168,-0.014449,0.969876,0,0.37822,-0.48849,15.309,-0.430,-1,832.919,-1,645.573,-1,521.654,499.562,520.418,378.324,471.388,344.592,412.028,609.290,-1,-1,-1,-1,2,0,2,0,2,0,0,0,0,0,0,0,0,2,2,2,2
194,-8065.031,-3558.121,-404.036,53.736,0.574056,-0.803130,-0.159503,0.782506,0.595456,-0.181981,0.241131,-0.020345,0.970279,0,0.37876,-0.48849,14.943,-0.440,-1,803.558,-1,648.214,-1,512.181,493.839,512.796,386.415,476.418,357.220,427.611,633.459,-1,-1,-1,-1,2,0,2,0,2,0,0,0,0,0,0,0,0,2,2,2,2
195,-8055.207,-3546.972,-401.250,53.324,0.580040,-0.797653,-0.165234,0.778859,0.602485,-0.174329,0.238605,-0.027576,0.970725,0,0.41169,-0.47978,14.860,-0.412,-1,766.555,-1,651.948,-1,503.203,489.443,503.323,397.285,480.592,371.112,444.874,662.317,-1,-1,-1,-1,2,0,2,0,2,0,0,0,0,0,0,0,0,2,2,2,2
196,-8045.475,-3535.671,-398.509,52.956,0.585321,-0.792471,-0.171431,0.775500,0.608890,-0.166895,0.236642,-0.035258,0.970957,0,0.41223,-0.47978,14.914,-0.368,-1,735.084,-1,658.200,-1,495.453,487.239,491.979,410.723,482.596,383.822,461.222,691.754,-1,-1,-1,-1,2,0,2,0,2,0,0,0,0,0,0,0,0,2,2,2,2
197,-8035.812,-3524.154,-395.889,52.642,0.589720,-0.787759,-0.177947,0.772488,0.614483,-0.160231,0.235569,-0.042971,0.970907,0,0.41261,-0.47978,15.035,-0.314,-1,712.760,-1,667.453,-1,489.417,486.598,480.652,424.295,482.412,394.576,475.652,719.762,-1,-1,-1,-1,2,0,2,0,2,0,0,0,0,0,0,0,0,2,2,2,2
198,-8026.244,-3512.473,-393.354,52.381,0.593236,-0.783435,-0.185202,0.769803,0.619370,-0.154217,0.235528,-0.051082,0.970524,0,0.41278,-0.47978,15.099,-0.261,-1,698.562,-1,681.156,-1,485.346,488.009,469.113,438.826,478.198,403.111,487.938,746.708,-1,-1,-1,-1,2,0,2,0,2,0,0,0,0,0,0,0,0,2,2,2,2
199,-8014.750,-3498.354,-390.491,52.100,0.596951,-0.778463,-0.194022,0.766815,0.624735,-0.147315,0.235892,-0.060839,0.969873,0,0.41276,-0.47978,18.206,-0.281,-1,684.581,-1,698.295,-1,480.921,490.095,454.960,456.603,471.809,412.001,501.445,778.654,-1,-1,-1,-1,2,0,2,0,2,0,0,0,0,0,0,0,0,2,2,2,2
200,-8007.078,-3488.942,-388.708,51.933,0.599227,-0.775468,-0.198937,0.765126,0.627857,-0.142751,0.235603,-0.066672,0.969560,0,0.41262,-0.47978,12.143,-0.167,-1,673.402,-1,707.478,-1,476.809,489.887,446.549,467.132,469.296,419.032,511.275,799.886,-1,-1,-1,-1,2,0,2,0,2,0,0,0,0,0,0,0,0,2,2,2,2
201,-7997.470,-3477.332,-386.560,51.730,0.602157,-0.771985,-0.203584,0.763294,0.631425,-0.136691,0.234071,-0.073085,0.969469,0,0.41245,-0.47978,15.070,-0.203,-1,655.702,-1,713.020,-1,469.444,487.328,437.029,478.491,469.252,430.574,525.875,827.965,-1,-1,-1,-1,2,0,2,0,2,0,0,0,0,0,0,0,0,2,2,2,2
202,-7987.849,-3465.915,-384.355,51.526,0.605206,-0.768739,-0.206800,0.761545,0.634756,-0.130901,0.231896,-0.078266,0.969587,0,0.41222,-0.47978,14.931,-0.205,-1,638.772,-1,713.903,-1,461.343,483.265,428.479,488.681,472.922,444.228,542.015,855.989,-1,-1,-1,-1,2,0,2,0,2,0,0,0,0,0,0,0,0,2,2,2,2
203,-7978.133,-3454.549,-381.865,51.306,0.608141,-0.765706,-0.209424,0.759251,0.638059,-0.128136,0.231740,-0.081081,0.969393,0,0.41201,-0.47978,14.953,-0.219,-1,637.607,-1,722.375,-1,458.242,484.065,424.553,495.309,478.045,454.582,554.034,873.720,-1,-1,-1,-1,2,0,2,0,2,0,0,0,0,0,0,0,0,2,2,2,2
204,-7968.274,-3443.293,-379.054,51.071,0.610896,-0.762879,-0.211710,0.756296,0.641402,-0.128921,0.234143,-0.081358,0.968792,0,0.41185,-0.47978,14.963,-0.236,-1,661.774,-1,741.314,-1,461.232,491.713,425.476,497.747,484.010,460.333,560.586,878.283,-1,-1,-1,-1,2,0,2,0,2,0,0,0,0,0,0,0,0,2,2,2,2
205,-7958.278,-3432.294,-375.957,50.838,0.613325,-0.760556,-0.213042,0.753033,0.644448,-0.132770,0.238274,-0.078996,0.967980,0,0.41175,-0.47978,14.863,-0.232,-1,705.453,-1,767.228,-1,473.034,505.671,431.346,495.329,492.157,463.256,563.534,871.205,-1,-1,-1,-1,2,0,2,0,2,0,0,0,0,0,0,0,0,2,2,2,2
206,-7948.207,-3421.809,-372.525,50.597,0.615825,-0.758576,-0.212890,0.749648,0.647297,-0.137968,0.242462,-0.074628,0.967286,0,0.41164,-0.47978,14.539,-0.241,-1,760.361,-1,793.310,-1,491.493,520.849,441.337,489.643,504.243,466.255,566.788,859.755,-1,-1,-1,-1,2,0,2,0,2,0,0,0,0,0,0,0,0,2,2,2,2
207,-7937.831,-3412.000,-368.800,50.227,0.620059,-0.754694,-0.214391,0.744926,0.652082,-0.140977,0.246195,-0.072291,0.966521,0,0.41159,-0.47978,14.279,-0.371,-1,811.881,-1,823.440,-1,509.345,537.063,448.531,490.390,514.174,470.017,571.445,857.697,-1,-1,-1,-1,2,0,2,0,2,0,0,0,0,0,0,0,0,2,2,2,2
208,-7927.477,-3402.400,-364.935,49.825,0.624753,-0.750177,-0.216608,0.739944,0.657391,-0.142549,0.249333,-0.071220,0.965795,0,0.41201,-0.47978,14.119,-0.402,-1,855.295,-1,853.702,-1,526.011,552.956,453.458,494.612,524.300,475.108,577.703,861.508,-1,-1,-1,-1,2,0,2,0,2,0,0,0,0,0,0,0,0,2,2,2,2
209,-7917.283,-3392.742,-361.072,49.465,0.628944,-0.745956,-0.219042,0.735496,0.662202,-0.143298,0.251944,-0.070978,0.965136,0,0.41256,-0.47978,14.043,-0.360,-1,889.852,-1,880.341,-1,541.362,570.621,456.590,500.392,533.706,481.462,585.312,868.362,-1,-1,-1,-1,2,0,2,0,2,0,0,0,0,0,0,0,0,2,2,2,2
210,-7907.249,-3382.971,-357.313,49.158,0.632455,-0.742111,-0.221973,0.731617,0.666438,-0.143515,0.254435,-0.071632,0.964433,0,0.41296,-0.47978,14.005,-0.307,-1,920.407,-1,908.237,-1,557.703,588.908,458.271,507.607,541.011,487.737,592.156,876.826,-1,-1,-1,-1,2,0,2,0,2,0,0,0,0,0,0,0,0,2,2,2,2
211,-7897.256,-3373.234,-353.737,48.860,0.635871,-0.738269,-0.225004,0.727888,0.670575,-0.143203,0.256605,-0.072720,0.963777,0,0.41317,-0.47978,13.953,-0.298,-1,941.916,-1,933.891,-1,576.933,605.929,458.885,515.266,547.382,494.086,598.106,886.645,-1,-1,-1,-1,2,0,2,0,2,0,0,0,0,0,0,0,0,2,2,2,2
212,-7887.199,-3363.730,-350.345,48.526,0.639834,-0.733965,-0.227836,0.723854,0.675149,-0.142160,0.258163,-0.073961,0.963266,0,0.41335,-0.47978,13.837,-0.334,-1,952.934,-1,952.338,-1,593.743,620.437,456.763,523.127,554.040,501.043,604.877,898.623,-1,-1,-1,-1,2,0,2,0,2,0,0,0,0,0,0,0,0,2,2,2,2
213,-7877.066,-3354.665,-347.150,48.120,0.644921,-0.729039,-0.229301,0.719271,0.680413,-0.140313,0.258313,-0.074439,0.963189,0,0.36790,-0.50785,13.596,-0.406,-1,952.772,-1,960.476,-1,603.913,628.996,455.075,529.208,564.653,510.634,614.592,913.278,-1,-1,-1,-1,2,0,2,0,2,0,0,0,0,0,0,0,0,2,2,2,2
214,-7866.879,-3346.125,-344.088,47.661,0.650836,-0.723820,-0.229122,0.714271,0.686053,-0.138381,0.257352,-0.073592,0.963511,0,0.36843,-0.50785,13.293,-0.459,-1,946.403,-1,959.115,-1,609.049,632.591,455.089,531.989,578.905,522.662,626.536,928.143,-1,-1,-1,-1,2,0,2,0,2,0,0,0,0,0,0,0,0,2,2,2,2
215,-7856.640,-3338.119,-341.041,47.164,0.657209,-0.718493,-0.227692,0.708819,0.691888,-0.137354,0.256225,-0.071122,0.963997,0,0.36914,-0.50785,12.997,-0.497,-1,941.703,-1,953.351,-1,612.693,634.822,457.762,531.139,597.062,535.302,638.480,939.577,-1,-1,-1,-1,2,0,2,0,2,0,0,0,0,0,0,0,0,2,2,2,2
216,-7846.371,-3330.465,-337.970,46.661,0.663538,-0.713372,-0.225429,0.703181,0.697559,-0.137654,0.255448,-0.067179,0.964486,0,0.36999,-0.50785,12.808,-0.502,-1,941.265,-1,946.902,-1,617.585,637.995,463.149,526.979,620.830,547.483,649.286,945.847,-1,-1,-1,-1,2,0,2,0,2,0,0,0,0,0,0,0,0,2,2,2,2
217,-7836.105,-3323.084,-334.831,46.168,0.669592,-0.708435,-0.223085,0.697472,0.703001,-0.139002,0.255303,-0.062521,0.964838,0,0.37087,-0.50785,12.644,-0.493,-1,945.863,-1,943.211,-1,625.460,643.544,470.251,521.538,645.642,558.454,658.435,948.059,-1,-1,-1,-1,2,0,2,0,2,0,0,0,0,0,0,0,0,2,2,2,2
218,-7825.849,-3316.043,-331.644,45.658,0.675744,-0.703186,-0.221133,0.691436,0.708641,-0.140513,0.255510,-0.057949,0.965068,0,0.37173,-0.50785,12.440,-0.511,-1,953.412,-1,941.970,-1,634.794,650.682,477.494,516.885,668.437,568.624,666.552,949.779,-1,-1,-1,-1,2,0,2,0,2,0,0,0,0,0,0,0,0,2,2,2,2
219,-7815.634,-3309.514,-328.421,45.106,0.682299,-0.697231,-0.219856,0.684824,0.714815,-0.141619,0.255897,-0.053936,0.965198,0,0.37266,-0.50785,12.124,-0.552,-1,960.536,-1,943.068,-1,645.032,658.952,483.879,514.279,689.898,578.382,673.981,953.258,-1,-1,-1,-1,2,0,2,0,2,0,0,0,0,0,0,0,0,2,2,2,2
220,-7805.475,-3303.535,-325.189,44.480,0.689643,-0.690121,-0.219378,0.677233,0.721923,-0.142062,0.256414,-0.050598,0.965242,0,0.37375,-0.50785,11.788,-0.626,-1,966.043,-1,946.160,-1,655.851,668.036,488.898,514.094,710.888,587.087,680.519,959.580,-1,-1,-1,-1,2,0,2,0,2,0,0,0,0,0,0,0,0,2,2,2,2
221,-7795.403,-3297.915,-321.972,43.806,0.697421,-0.682263,-0.219364,0.668947,0.729562,-0.142299,0.257125,-0.047501,0.965210,0,0.37509,-0.50785,11.534,-0.674,-1,970.650,-1,950.471,-1,665.650,677.695,492.410,514.992,732.005,594.198,686.031,966.884,-1,-1,-1,-1,2,0,2,0,2,0,0,0,0,0,0,0,0,2,2,2,2
222,-7785.441,-3292.362,-318.789,43.157,0.704774,-0.674578,-0.219633,0.660823,0.736856,-0.142673,0.258082,-0.044586,0.965093,0,0.37659,-0.50785,11.405,-0.650,-1,975.113,-1,954.869,-1,676.393,688.327,494.773,516.152,750.708,600.239,690.811,973.474,-1,-1,-1,-1,2,0,2,0,2,0,0,0,0,0,0,0,0,2,2,2,2
223,-7775.620,-3286.827,-315.642,42.546,0.711592,-0.667193,-0.220204,0.653099,0.743688,-0.142792,0.259033,-0.042206,0.964946,0,0.37803,-0.50785,11.273,-0.611,-1,979.236,-1,960.261,-1,686.917,699.112,496.334,518.234,767.513,606.240,695.717,980.907,-1,-1,-1,-1,2,0,2,0,2,0,0,0,0,0,0,0,0,2,2,2,2
224,-7766.014,-3281.226,-312.482,41.998,0.717693,-0.660488,-0.220619,0.646159,0.749760,-0.142612,0.259605,-0.040203,0.964878,0,0.37935,-0.50785,11.120,-0.548,-1,983.774,-1,964.751,-1,696.033,708.742,497.700,520.771,784.571,613.621,702.108,989.707,-1,-1,-1,-1,2,0,2,0,2,0,0,0,0,0,0,0,0,2,2,2,2
225,-7756.580,-3275.590,-309.314,41.502,0.723214,-0.654318,-0.220975,0.639887,0.755230,-0.142032,0.259821,-0.038679,0.964882,0,0.38048,-0.50785,10.989,-0.496,-1,986.452,-1,969.778,-1,702.823,716.893,498.558,523.976,803.495,622.209,710.048,1000.265,-1,-1,-1,-1,2,0,2,0,2,0,0,0,0,0,0,0,0,2,2,2,2
226,-7747.287,-3269.854,-306.229,41.068,0.728057,-0.648893,-0.221070,0.634400,0.759965,-0.141388,0.259751,-0.037308,0.964955,0,0.38145,-0.50785,10.921,-0.434,-1,987.895,-1,973.356,-1,708.837,722.501,500.452,526.828,823.046,631.699,718.359,-1,-1,-1,-1,-1,2,0,2,0,2,0,0,0,0,0,0,0,2,2,2,2,2
227,-7738.079,-3264.181,-303.272,40.641,0.732849,-0.643482,-0.221050,0.629034,0.764605,-0.140341,0.259323,-0.036199,0.965112,0,0.38222,-0.50785,10.815,-0.427,-1,985.974,-1,973.862,-1,713.210,726.681,501.706,529.859,842.645,641.762,727.389,-1,-1,-1,-1,-1,2,0,2,0,2,0,0,0,0,0,0,0,2,2,2,2,2
228,-7728.998,-3258.520,-300.381,40.260,0.737063,-0.638765,-0.220722,0.624191,0.768625,-0.140007,0.259084,-0.034579,0.965236,0,0.38297,-0.50785,10.701,-0.381,-1,986.464,-1,974.345,-1,718.273,731.295,504.375,531.268,863.189,651.490,735.958,-1,-1,-1,-1,-1,2,0,2,0,2,0,0,0,0,0,0,0,2,2,2,2,2
229,-7719.975,-3252.973,-297.529,39.885,0.741137,-0.634167,-0.220334,0.619359,0.772507,-0.140097,0.259055,-0.032635,0.965311,0,0.38358,-0.50785,10.592,-0.375,-1,988.649,-1,975.336,-1,724.102,736.502,507.804,531.863,883.908,660.561,743.755,-1,-1,-1,-1,-1,2,0,2,0,2,0,0,0,0,0,0,0,2,2,2,2,2
230,-7710.954,-3247.585,-294.748,39.500,0.745322,-0.629408,-0.219863,0.614397,0.776468,-0.140050,0.258866,-0.030701,0.965425,0,0.38418,-0.50785,10.507,-0.385,-1,989.575,-1,975.191,-1,729.130,740.929,511.056,532.374,903.918,669.793,751.724,-1,-1,-1,-1,-1,2,0,2,0,2,0,0,0,0,0,0,0,2,2,2,2,2
231,-7701.905,-3242.508,-292.080,39.069,0.750077,-0.623939,-0.219285,0.608893,0.780933,-0.139260,0.258136,-0.029065,0.965671,0,0.38482,-0.50785,10.376,-0.431,-1,987.142,-1,972.080,-1,731.708,743.151,513.035,533.646,924.739,679.881,760.630,-1,-1,-1,-1,-1,2,0,2,0,2,0,0,0,0,0,0,0,2,2,2,2,2
232,-7692.915,-3237.581,-289.505,38.635,0.754876,-0.618487,-0.218258,0.603375,0.785328,-0.138560,0.257101,-0.027095,0.966004,0,0.38562,-0.50785,10.252,-0.433,-1,983.827,-1,966.587,-1,732.410,743.845,515.516,533.924,947.755,690.666,770.119,-1,-1,-1,-1,-1,2,0,2,0,2,0,0,0,0,0,0,0,2,2,2,2,2
233,-7683.950,-3232.766,-287.022,38.209,0.759628,-0.613162,-0.216789,0.597964,0.789566,-0.137928,0.255741,-0.024858,0.966426,0,0.38642,-0.50785,10.176,-0.426,-1,979.118,-1,958.815,-1,731.781,742.593,518.393,533.259,972.978,702.907,780.389,-1,-1,-1,-1,-1,2,0,2,0,2,0,0,0,0,0,0,0,2,2,2,2,2
