timestep,x_cm,y_cm,z_cm,yaw_deg,basis_xx,basis_xy,basis_xz,basis_yx,basis_yy,basis_yz,basis_zx,basis_zy,basis_zz,teleport_flag,throttle_cmd,steering_cmd,cmd_move_cm,cmd_turn_deg,lidar_cm_0,lidar_cm_1,lidar_cm_2,lidar_cm_3,lidar_cm_4,lidar_cm_5,lidar_cm_6,lidar_cm_7,lidar_cm_8,lidar_cm_9,lidar_cm_10,lidar_cm_11,lidar_cm_12,lidar_cm_13,lidar_cm_14,lidar_cm_15,lidar_cm_16,lidar_class_0,lidar_class_1,lidar_class_2,lidar_class_3,lidar_class_4,lidar_class_5,lidar_class_6,lidar_class_7,lidar_class_8,lidar_class_9,lidar_class_10,lidar_class_11,lidar_class_12,lidar_class_13,lidar_class_14,lidar_class_15,lidar_class_16
0,-3752.414,1256.043,183.911,70.981,0.326277,-0.945272,-0.001866,0.944245,0.325829,0.047295,-0.044099,-0.017194,0.998879,1,0.08000,-0.12000,4.800,-0.240,-1,-1,-1,550.000,800.000,950.000,725.000,250.000,275.000,-1,-1,-1,-1,-1,800.000,-1,850.000,2,2,2,1,0,1,1,1,1,2,2,2,2,2,1,2,1
1,-3752.414,1256.043,183.736,70.533,0.333709,-0.942673,-0.002440,0.941623,0.333213,0.048115,-0.044544,-0.018354,0.998839,0,0.00000,-0.22428,0.000,-0.449,-1,-1,-1,550.000,825.000,925.000,700.000,250.000,275.000,-1,-1,-1,-1,-1,800.000,-1,825.000,2,2,2,1,0,1,1,1,1,2,2,2,2,2,1,2,1
2,-3754.049,1251.530,184.281,70.088,0.340942,-0.940084,-0.001225,0.939116,0.340531,0.045824,-0.042661,-0.016774,0.998949,0,-0.08000,-0.22243,-4.800,-0.445,-1,-1,-1,550.000,950.000,925.000,675.000,250.000,275.000,-1,-1,-1,-1,-1,800.000,-1,825.000,2,2,2,1,0,1,1,1,1,2,2,2,2,2,1,2,1
3,-3755.943,1246.423,184.924,69.647,0.348084,-0.937463,0.000199,0.936590,0.347769,0.043081,-0.040457,-0.014809,0.999072,0,-0.09078,-0.22055,-5.447,-0.441,-1,-1,-1,550.000,-1,925.000,675.000,250.000,275.000,-1,-1,-1,-1,-1,800.000,-1,825.000,2,2,2,1,2,1,1,1,1,2,2,2,2,2,1,2,1
4,-3757.890,1241.291,185.576,69.209,0.355153,-0.934807,0.001607,0.934026,0.354926,0.040277,-0.038221,-0.012803,0.999187,0,-0.09148,-0.21871,-5.489,-0.437,-1,-1,-1,525.000,-1,925.000,675.000,250.000,275.000,-1,-1,-1,-1,-1,800.000,-1,825.000,2,2,2,1,2,1,1,1,1,2,2,2,2,2,1,2,1
5,-3759.893,1236.135,185.835,68.775,0.362203,-0.932097,0.001940,0.931354,0.361996,0.039227,-0.037265,-0.012401,0.999228,0,-0.09219,-0.21692,-5.532,-0.434,-1,-1,-1,525.000,-1,925.000,650.000,250.000,275.000,-1,-1,-1,-1,-1,775.000,-1,825.000,2,2,2,1,2,1,1,1,1,2,2,2,2,2,1,2,1
6,-3761.950,1230.952,185.943,68.345,0.369197,-0.929349,0.001867,0.928623,0.368986,0.038855,-0.036799,-0.012612,0.999243,0,-0.09293,-0.21518,-5.576,-0.430,-1,-1,-1,525.000,-1,925.000,650.000,250.000,275.000,-1,-1,-1,-1,-1,775.000,-1,825.000,2,2,2,1,2,1,1,1,1,2,2,2,2,2,1,2,0
7,-3764.063,1225.744,186.052,67.918,0.376114,-0.926572,0.001792,0.925861,0.375900,0.038478,-0.036327,-0.012813,0.999258,0,-0.09368,-0.21349,-5.621,-0.427,-1,-1,-1,525.000,-1,925.000,625.000,250.000,275.000,-1,-1,-1,-1,-1,775.000,-1,825.000,2,2,2,1,2,1,1,1,1,2,2,2,2,2,1,2,0
8,-3766.233,1220.508,186.162,67.494,0.382958,-0.923764,0.001716,0.923070,0.382741,0.038095,-0.035848,-0.013005,0.999273,0,-0.09446,-0.21184,-5.667,-0.424,-1,-1,-1,500.000,-1,925.000,600.000,250.000,275.000,-1,-1,-1,-1,-1,775.000,-1,825.000,2,2,2,1,2,1,1,1,1,2,2,2,2,2,1,2,0
9,-3768.459,1215.244,186.272,67.074,0.389728,-0.920928,0.001638,0.920251,0.389508,0.037706,-0.035363,-0.013188,0.999288,0,-0.09524,-0.21024,-5.715,-0.420,-1,-1,-1,500.000,-1,900.000,600.000,250.000,275.000,-1,-1,-1,-1,-1,775.000,-1,825.000,2,2,2,1,2,1,1,1,1,2,2,2,2,2,1,2,0
10,-3770.742,1209.953,186.383,66.657,0.396428,-0.918065,0.001558,0.917403,0.396205,0.037311,-0.034871,-0.013362,0.999302,0,-0.09605,-0.20868,-5.763,-0.417,-1,-1,-1,500.000,-1,875.000,575.000,250.000,275.000,-1,-1,-1,-1,-1,750.000,-1,825.000,2,2,2,1,2,1,1,1,1,2,2,2,2,2,1,2,0
11,-3773.084,1204.634,186.495,66.242,0.403057,-0.915174,0.001474,0.914529,0.402833,0.036910,-0.034373,-0.013529,0.999318,0,-0.09687,-0.20716,-5.812,-0.414,-1,-1,-1,475.000,-1,875.000,575.000,250.000,275.000,-1,-1,-1,-1,-1,750.000,-1,875.000,2,2,2,1,2,1,1,1,1,2,2,2,2,2,1,2,0
12,-3775.484,1199.285,186.608,65.831,0.409619,-0.912256,0.001386,0.911628,0.409392,0.036502,-0.033867,-0.013689,0.999333,0,-0.09770,-0.20569,-5.862,-0.411,-1,-1,-1,475.000,-1,850.000,550.000,250.000,275.000,-1,-1,-1,-1,-1,750.000,-1,925.000,2,2,2,1,2,1,1,1,1,2,2,2,2,2,1,2,0
13,-3777.943,1193.908,186.722,65.422,0.416113,-0.909312,0.001294,0.908701,0.415885,0.036089,-0.033354,-0.013841,0.999348,0,-0.09855,-0.20425,-5.913,-0.409,-1,-1,-1,475.000,-1,825.000,525.000,250.000,275.000,-1,-1,-1,-1,-1,750.000,-1,1000.000,2,2,2,1,2,1,1,1,1,2,2,2,2,2,1,2,0
14,-3780.463,1188.502,186.836,65.017,0.422542,-0.906342,0.001196,0.905748,0.422313,0.035668,-0.032833,-0.013988,0.999363,0,-0.09941,-0.20285,-5.965,-0.406,-1,-1,-1,450.000,-1,825.000,525.000,250.000,275.000,-1,-1,-1,-1,-1,750.000,-1,-1,2,2,2,1,2,1,1,1,1,2,2,2,2,2,1,2,2
15,-3783.042,1183.066,186.951,64.614,0.428907,-0.903348,0.001094,0.902771,0.428676,0.035242,-0.032305,-0.014128,0.999378,0,-0.10028,-0.20150,-6.017,-0.403,-1,-1,-1,450.000,-1,800.000,500.000,250.000,275.000,-1,-1,-1,-1,-1,750.000,-1,-1,2,2,2,1,2,1,1,1,1,2,2,2,2,2,1,2,2
16,-3785.683,1177.600,187.067,64.213,0.435209,-0.900329,0.000985,0.899769,0.434977,0.034809,-0.031768,-0.014263,0.999393,0,-0.10117,-0.20017,-6.070,-0.400,-1,-1,-1,450.000,-1,775.000,500.000,250.000,275.000,-1,-1,-1,-1,-1,725.000,-1,-1,2,2,2,1,2,1,1,1,1,2,2,2,2,2,1,2,2
17,-3788.385,1172.104,187.184,63.816,0.441450,-0.897286,0.000869,0.896743,0.441216,0.034370,-0.031223,-0.014393,0.999409,0,-0.10207,-0.19889,-6.124,-0.398,-1,-1,-1,425.000,-1,775.000,475.000,250.000,275.000,-1,-1,-1,-1,-1,725.000,-1,-1,2,2,2,1,2,1,1,1,1,2,2,2,2,2,1,2,2
18,-3788.973,1170.918,187.207,63.658,0.443920,-0.896066,0.000818,0.895526,0.443685,0.034299,-0.031097,-0.014493,0.999411,0,-0.02207,-0.07889,-1.324,-0.158,-1,-1,-1,425.000,-1,775.000,475.000,250.000,275.000,-1,-1,-1,-1,-1,725.000,-1,-1,2,2,2,1,2,1,1,1,0,2,2,2,2,2,1,2,2
19,-3787.424,1174.030,187.129,63.548,0.445641,-0.895211,0.000771,0.894662,0.445398,0.034661,-0.031372,-0.014757,0.999399,0,0.05793,-0.05485,3.476,-0.110,-1,-1,-1,425.000,-1,775.000,475.000,250.000,275.000,-1,-1,-1,-1,-1,725.000,-1,-1,2,2,2,1,2,1,1,1,1,2,2,2,2,2,1,2,2
20,-3783.724,1181.433,186.947,63.440,0.447347,-0.894360,0.000694,0.893786,0.447088,0.035477,-0.032040,-0.015250,0.999370,0,0.13793,-0.05423,8.276,-0.108,-1,-1,-1,425.000,-1,750.000,475.000,250.000,275.000,-1,-1,-1,-1,-1,725.000,-1,-1,2,2,2,1,2,1,1,1,1,2,2,2,2,2,1,2,2
21,-3777.856,1193.118,186.659,63.333,0.449032,-0.893515,0.000553,0.892903,0.448747,0.036759,-0.033093,-0.016012,0.999324,0,0.21793,-0.05334,13.076,-0.107,-1,-1,-1,425.000,-1,750.000,475.000,250.000,275.000,-1,-1,-1,-1,-1,725.000,-1,-1,2,2,2,1,2,1,1,1,1,2,2,2,2,2,1,2,2
22,-3769.804,1209.078,186.260,63.229,0.450689,-0.892681,0.000290,0.892014,0.450364,0.038521,-0.034517,-0.017103,0.999258,0,0.29793,-0.05213,17.876,-0.104,-1,-1,-1,450.000,-1,750.000,500.000,250.000,275.000,-1,-1,-1,-1,-1,700.000,-1,-1,2,2,2,1,2,1,1,1,1,2,2,2,2,2,1,2,2
23,-3759.555,1229.306,185.555,63.128,0.452335,-0.891848,-0.000588,0.891084,0.451920,0.041686,-0.036911,-0.019380,0.999131,0,0.37793,-0.05055,22.676,-0.101,-1,-1,-1,450.000,-1,750.000,500.000,250.000,275.000,-1,-1,-1,-1,-1,700.000,-1,900.000,2,2,2,1,2,1,1,1,1,2,2,2,2,2,1,2,0
24,-3747.101,1253.799,181.646,63.031,0.454498,-0.890708,-0.008463,0.889361,0.453239,0.060095,-0.049691,-0.034840,0.998157,0,0.45793,-0.04851,27.476,-0.097,-1,-1,-1,425.000,-1,700.000,475.000,225.000,300.000,-1,-1,-1,-1,-1,650.000,-1,675.000,2,2,2,1,2,1,1,1,1,2,2,2,2,2,1,2,1
25,-3732.429,1282.550,177.052,62.939,0.457051,-0.889260,-0.017900,0.887099,0.454296,0.081672,-0.064495,-0.053207,0.996499,0,0.53793,-0.04586,32.276,-0.092,-1,-1,-1,400.000,750.000,650.000,450.000,200.000,325.000,-1,-1,-1,-1,-1,625.000,-1,625.000,2,2,2,1,0,1,1,1,1,2,2,2,2,2,1,2,1
26,-3715.532,1315.555,171.771,62.854,0.460149,-0.887367,-0.029025,0.884121,0.454986,0.106390,-0.081200,-0.074617,0.993901,0,0.61793,-0.04237,37.076,-0.085,-1,1000.000,-1,375.000,500.000,600.000,400.000,175.000,325.000,-1,-1,-1,-1,-1,575.000,-1,550.000,2,1,2,1,1,1,1,1,1,2,2,2,2,2,1,2,1
27,-1639.816,2295.769,158.910,-66.810,0.393967,0.917984,0.045781,-0.919116,0.393253,0.024046,0.004070,-0.051551,0.998662,1,0.00000,0.00000,41.876,-0.075,-1,400.000,-1,400.000,-1,325.000,325.000,300.000,325.000,-1,650.000,650.000,-1,775.000,800.000,-1,-1,2,0,2,0,2,0,0,0,0,2,0,0,2,0,0,2,2
28,-1641.687,2300.189,158.889,-67.050,0.390120,0.919624,0.045804,-0.920754,0.389405,0.023993,0.004228,-0.051535,0.998662,0,-0.08000,-0.12000,-4.800,-0.240,-1,400.000,-1,400.000,-1,325.000,325.000,300.000,325.000,-1,650.000,650.000,-1,775.000,800.000,-1,-1,2,0,2,0,2,0,0,0,0,2,0,0,2,0,0,2,2
29,-1645.356,2309.060,158.844,-67.530,0.382408,0.922855,0.045854,-0.923983,0.381688,0.023890,0.004545,-0.051504,0.998662,0,-0.16000,-0.24000,-9.600,-0.480,-1,400.000,-1,400.000,-1,325.000,325.000,300.000,325.000,-1,650.000,625.000,-1,775.000,800.000,-1,-1,2,0,2,0,2,0,0,0,0,2,0,0,2,0,0,2,2
30,-1650.692,2322.435,158.769,-68.250,0.370788,0.927581,0.045933,-0.928704,0.370062,0.023741,0.005024,-0.051461,0.998662,0,-0.24000,-0.36000,-14.400,-0.720,-1,400.000,-1,400.000,-1,325.000,325.000,300.000,325.000,-1,650.000,625.000,-1,775.000,800.000,-1,-1,2,0,2,0,2,0,0,0,0,2,0,0,2,0,0,2,2
31,-1655.925,2336.218,158.682,-69.210,0.355207,0.933654,0.046013,-0.934770,0.354470,0.023571,0.005697,-0.051384,0.998663,0,-0.24572,-0.48000,-14.743,-0.960,-1,400.000,-1,400.000,-1,325.000,325.000,300.000,325.000,-1,650.000,625.000,-1,775.000,800.000,-1,-1,2,0,2,0,2,0,0,0,0,2,0,0,2,0,0,2,2
32,-1660.899,2350.192,158.579,-70.410,0.335593,0.940879,0.046089,-0.941984,0.334842,0.023383,0.006567,-0.051262,0.998664,0,-0.24721,-0.60000,-14.833,-1.200,-1,400.000,-1,375.000,-1,325.000,325.000,300.000,325.000,-1,625.000,625.000,-1,775.000,800.000,-1,-1,2,0,2,0,2,0,0,0,0,2,0,0,2,0,0,2,2
33,-1665.570,2364.354,158.461,-71.747,0.313568,0.948443,0.046161,-0.949536,0.312800,0.023190,0.007555,-0.051103,0.998665,0,-0.24855,-0.66848,-14.913,-1.337,-1,400.000,-1,375.000,-1,325.000,325.000,300.000,325.000,-1,625.000,600.000,-1,775.000,800.000,-1,-1,2,0,2,0,2,0,0,0,0,2,0,0,2,0,0,2,2
34,-1669.932,2378.693,158.327,-73.082,0.291413,0.955479,0.046232,-0.956559,0.290629,0.023008,0.008547,-0.050929,0.998666,0,-0.24981,-0.66725,-14.989,-1.334,-1,400.000,-1,400.000,-1,325.000,325.000,300.000,325.000,-1,625.000,600.000,-1,775.000,800.000,-1,-1,2,0,2,0,2,0,0,0,0,2,0,0,2,0,0,2,2
35,-1673.980,2393.206,158.178,-74.414,0.269140,0.961987,0.046302,-0.963054,0.268339,0.022838,0.009545,-0.050738,0.998666,0,-0.25111,-0.66610,-15.067,-1.332,-1,400.000,-1,400.000,-1,325.000,325.000,300.000,325.000,-1,625.000,600.000,-1,775.000,800.000,-1,-1,2,0,2,0,2,0,0,0,0,2,0,0,2,0,0,2,2
36,-1677.710,2407.885,158.013,-75.744,0.246758,0.967967,0.046372,-0.969020,0.245940,0.022678,0.010547,-0.050531,0.998667,0,-0.25243,-0.66504,-15.146,-1.330,-1,400.000,-1,400.000,-1,325.000,325.000,300.000,300.000,-1,625.000,600.000,-1,775.000,800.000,-1,-1,2,0,2,0,2,0,0,0,0,2,0,0,2,0,0,2,2
37,-1679.982,2417.978,157.885,-77.314,0.220168,0.974359,0.046373,-0.975391,0.219329,0.022523,0.011774,-0.050191,0.998670,0,-0.17243,-0.78504,-10.346,-1.570,-1,400.000,-1,400.000,-1,325.000,325.000,300.000,300.000,-1,650.000,600.000,-1,775.000,800.000,-1,-1,2,0,2,0,2,0,0,0,0,2,0,0,2,0,0,2,2
38,-1681.031,2423.423,157.803,-79.097,0.189778,0.980735,0.046301,-0.981738,0.188916,0.022377,0.013199,-0.049702,0.998677,0,-0.09243,-0.89136,-5.546,-1.783,-1,400.000,-1,400.000,-1,325.000,325.000,300.000,300.000,-1,650.000,600.000,-1,775.000,800.000,-1,-1,2,0,2,0,2,0,0,0,0,2,0,0,2,0,0,2,2
39,-1681.150,2424.159,157.782,-80.878,0.159233,0.986161,0.046167,-0.987132,0.158348,0.022259,0.014641,-0.049117,0.998686,0,-0.01243,-0.89053,-0.746,-1.781,-1,400.000,-1,400.000,-1,325.000,325.000,300.000,300.000,-1,675.000,600.000,-1,775.000,800.000,-1,-1,2,0,2,0,2,0,0,0,0,2,0,0,2,0,0,2,2
40,-1680.632,2420.137,157.837,-82.658,0.128557,0.990636,0.045973,-0.991572,0.127650,0.022168,0.016092,-0.048435,0.998697,0,0.06757,-0.88982,4.054,-1.780,-1,400.000,-1,400.000,-1,325.000,325.000,300.000,300.000,-1,700.000,625.000,-1,775.000,800.000,-1,-1,2,0,2,0,2,0,0,0,0,2,0,0,2,0,0,2,2
41,-1679.775,2411.325,157.981,-84.436,0.097777,0.994158,0.045720,-0.995054,0.096849,0.022101,0.017544,-0.047655,0.998710,0,0.14757,-0.88919,8.854,-1.778,-1,375.000,-1,400.000,-1,325.000,325.000,300.000,300.000,-1,750.000,650.000,-1,775.000,800.000,-1,-1,2,0,2,0,2,0,0,0,0,2,0,0,2,0,0,2,2
42,-1678.873,2397.700,158.229,-86.213,0.066922,0.996724,0.045412,-0.997578,0.065974,0.022058,0.018989,-0.046778,0.998725,0,0.22757,-0.88858,13.654,-1.777,-1,375.000,-1,400.000,-1,325.000,325.000,300.000,300.000,-1,775.000,675.000,-1,775.000,800.000,-1,-1,2,0,2,0,2,0,0,0,0,2,0,0,2,0,0,2,2
43,-1678.226,2379.257,158.594,-87.989,0.036021,0.998335,0.045050,-0.999142,0.035056,0.022036,0.020420,-0.045805,0.998742,0,0.30757,-0.88793,18.454,-1.776,-1,375.000,-1,400.000,-1,325.000,325.000,300.000,300.000,-1,825.000,725.000,-1,775.000,825.000,-1,-1,2,0,2,0,2,0,0,0,0,2,0,0,2,0,0,2,2
44,-1678.131,2356.002,159.089,-89.763,0.005108,0.998990,0.044635,-0.999749,0.004128,0.022035,0.021828,-0.044737,0.998760,0,0.38757,-0.88717,23.254,-1.774,-1,375.000,-1,400.000,-1,325.000,325.000,300.000,300.000,-1,875.000,775.000,-1,775.000,825.000,-1,-1,2,0,2,0,2,0,0,0,0,2,0,0,2,0,0,2,2
45,-1678.884,2327.958,159.729,-91.536,-0.025781,0.998691,0.044166,-0.999398,-0.026774,0.022051,0.023205,-0.043571,0.998781,0,0.46757,-0.88623,28.054,-1.772,-1,375.000,-1,400.000,-1,325.000,325.000,300.000,300.000,-1,900.000,825.000,-1,800.000,825.000,-1,-1,2,0,2,0,2,0,0,0,0,2,0,0,2,0,0,2,2
46,-1680.779,2295.158,160.524,-93.306,-0.056609,0.997442,0.043640,-0.998095,-0.057612,0.022084,0.024542,-0.042307,0.998803,0,0.54757,-0.88501,32.854,-1.770,-1,375.000,-1,400.000,-1,325.000,325.000,300.000,300.000,-1,950.000,900.000,-1,800.000,825.000,-1,-1,2,0,2,0,2,0,0,0,0,2,0,0,2,0,0,2,2
47,-1683.989,2259.005,161.452,-95.073,-0.087334,0.995248,0.043064,-0.995844,-0.088344,0.022134,0.025833,-0.040952,0.998827,0,0.60492,-0.88343,36.295,-1.767,-1,400.000,-1,400.000,-1,325.000,325.000,300.000,300.000,-1,1000.000,950.000,-1,800.000,825.000,-1,-1,2,0,2,0,2,0,0,0,0,2,0,0,2,0,0,2,2
48,-1688.356,2222.581,162.437,-96.835,-0.117909,0.992116,0.042468,-0.992655,-0.118924,0.022201,0.027077,-0.039538,0.998851,0,0.61141,-0.88138,36.684,-1.763,-1,400.000,-1,400.000,-1,325.000,325.000,300.000,300.000,-1,-1,1000.000,-1,800.000,850.000,-1,-1,2,0,2,0,2,0,0,0,0,2,2,0,2,0,0,2,2
49,-1694.155,2183.744,163.538,-98.491,-0.146534,0.988321,0.041827,-0.988804,-0.147548,0.022284,0.028195,-0.038094,0.998876,0,0.65446,-0.82787,39.268,-1.656,-1,400.000,-1,400.000,-1,325.000,325.000,300.000,300.000,-1,-1,-1,-1,800.000,850.000,-1,-1,2,0,2,0,2,0,0,0,0,2,2,2,2,0,0,2,2
50,-1701.182,2144.436,164.701,-100.135,-0.174841,0.983736,0.041151,-0.984162,-0.175853,0.022389,0.029262,-0.036585,0.998902,0,0.66551,-0.82204,39.931,-1.644,-1,400.000,-1,400.000,-1,325.000,325.000,300.000,300.000,-1,-1,-1,-1,825.000,850.000,-1,-1,2,0,2,0,2,0,0,0,0,2,2,2,2,0,0,2,2
51,-1709.458,2104.703,165.927,-101.766,-0.202777,0.978390,0.040434,-0.978757,-0.203784,0.022521,0.030274,-0.035008,0.998928,0,0.67642,-0.81522,40.585,-1.630,-1,400.000,-1,400.000,-1,325.000,325.000,300.000,300.000,-1,-1,-1,-1,825.000,850.000,-1,-1,2,0,2,0,2,0,0,0,0,2,2,2,2,1,0,2,2
52,-1719.000,2064.595,167.214,-103.380,-0.230288,0.972314,0.039670,-0.972621,-0.231286,0.022684,0.031231,-0.033361,0.998955,0,0.68712,-0.80738,41.227,-1.615,-1,400.000,-1,400.000,-1,325.000,325.000,300.000,300.000,-1,-1,-1,-1,800.000,875.000,-1,-1,2,0,2,0,2,0,0,0,0,2,2,2,2,1,0,2,2
53,-1729.817,2024.165,168.557,-104.977,-0.257320,0.965544,0.038863,-0.965792,-0.258307,0.022887,0.032137,-0.031645,0.998982,0,0.69754,-0.79847,41.852,-1.597,-1,400.000,-1,425.000,-1,325.000,325.000,300.000,300.000,-1,-1,-1,-1,775.000,875.000,-1,-1,2,0,2,0,2,0,0,0,0,2,2,2,2,1,0,2,2
54,-1741.913,1983.470,169.724,-106.554,-0.283823,0.958095,0.038705,-0.958335,-0.284788,0.022127,0.032223,-0.030812,0.999006,0,0.70757,-0.78846,42.454,-1.577,-1,400.000,-1,425.000,-1,325.000,325.000,300.000,300.000,-1,-1,-1,-1,750.000,875.000,1000.000,-1,2,0,2,0,2,0,0,0,0,2,2,2,2,1,0,1,2
55,-1755.288,1942.572,170.940,-108.109,-0.309745,0.950042,0.038448,-0.950273,-0.310684,0.021354,0.032232,-0.029922,0.999032,0,0.71715,-0.77731,43.029,-1.555,950.000,400.000,-1,425.000,-1,325.000,325.000,300.000,300.000,-1,-1,-1,-1,750.000,875.000,950.000,-1,1,0,2,0,2,0,0,0,0,2,2,2,2,1,0,1,2
56,-1769.932,1901.537,172.207,-109.639,-0.335038,0.941434,0.038085,-0.941655,-0.335949,0.020578,0.032167,-0.028968,0.999063,0,0.72616,-0.76500,43.570,-1.530,900.000,400.000,-1,425.000,-1,325.000,325.000,300.000,300.000,-1,-1,-1,-1,725.000,875.000,925.000,-1,1,0,2,0,2,0,0,0,0,2,2,2,2,1,0,1,2
57,-1785.827,1860.432,173.470,-111.142,-0.359658,0.932320,0.037771,-0.932541,-0.360535,0.019533,0.031829,-0.028198,0.999095,0,0.73452,-0.75149,44.071,-1.503,850.000,400.000,-1,425.000,-1,325.000,325.000,300.000,300.000,-1,-1,-1,-1,700.000,900.000,900.000,-1,1,0,2,0,2,0,0,0,0,2,2,2,2,1,0,1,2
58,-1802.950,1819.330,174.604,-112.615,-0.383580,0.922762,0.037111,-0.922991,-0.384399,0.018017,0.030891,-0.027342,0.999149,0,0.74210,-0.73677,44.526,-1.474,800.000,400.000,-1,425.000,-1,325.000,325.000,300.000,300.000,-1,-1,-1,-1,700.000,875.000,900.000,-1,1,0,2,0,2,0,0,0,0,2,2,2,2,1,0,1,2
59,-1821.264,1778.305,175.758,-114.057,-0.406745,0.912822,0.036241,-0.913054,-0.407504,0.016499,0.029829,-0.026380,0.999207,0,0.74879,-0.72082,44.927,-1.442,750.000,400.000,-1,400.000,-1,325.000,325.000,300.000,300.000,-1,-1,-1,-1,700.000,875.000,875.000,-1,1,0,2,0,2,0,0,0,0,2,2,2,2,1,0,1,2
60,-1840.728,1737.434,176.949,-115.464,-0.429113,0.902562,0.035258,-0.902794,-0.429810,0.015017,0.028708,-0.025387,0.999265,0,0.75449,-0.70364,45.269,-1.407,700.000,400.000,-1,400.000,-1,325.000,325.000,300.000,300.000,-1,-1,-1,-1,675.000,875.000,875.000,-1,1,0,2,0,2,0,0,0,0,2,2,2,2,1,0,1,2
61,-1861.287,1696.795,178.173,-116.835,-0.450649,0.892047,0.034165,-0.892276,-0.451285,0.013582,0.027534,-0.024363,0.999324,0,0.75907,-0.68523,45.544,-1.370,675.000,400.000,-1,400.000,-1,325.000,325.000,300.000,300.000,-1,-1,-1,-1,675.000,875.000,900.000,-1,1,0,2,0,2,0,0,0,0,2,2,2,2,1,0,1,2
62,-1882.881,1656.467,179.426,-118.166,-0.471324,0.881344,0.032965,-0.881568,-0.471900,0.012204,0.026312,-0.023309,0.999382,0,0.76242,-0.66562,45.745,-1.331,650.000,400.000,-1,400.000,-1,325.000,325.000,300.000,300.000,-1,-1,-1,-1,675.000,850.000,-1,-1,1,1,2,0,2,0,0,0,0,2,2,2,2,1,0,2,2
63,-1905.435,1616.529,180.704,-119.456,-0.491111,0.870521,0.031666,-0.870737,-0.491629,0.010890,0.025048,-0.022225,0.999439,0,0.76443,-0.64482,45.866,-1.290,625.000,400.000,-1,400.000,-1,325.000,325.000,300.000,300.000,-1,-1,-1,-1,700.000,850.000,-1,-1,1,1,2,0,2,0,0,0,0,2,2,2,2,1,0,2,2
64,-1928.871,1577.062,181.967,-120.701,-0.509996,0.859650,0.030113,-0.859852,-0.510453,0.009626,0.023646,-0.020984,0.999500,0,0.76501,-0.62291,45.901,-1.246,625.000,400.000,-1,400.000,-1,325.000,325.000,300.000,300.000,-1,-1,-1,-1,725.000,850.000,-1,-1,1,1,2,0,2,0,0,0,0,2,2,2,2,1,0,2,2
65,-1953.098,1538.143,183.184,-121.901,-0.527966,0.848798,0.028179,-0.848980,-0.528358,0.008413,0.022029,-0.019482,0.999567,0,0.76407,-0.59993,45.844,-1.200,625.000,375.000,-1,400.000,-1,325.000,325.000,300.000,300.000,-1,-1,-1,-1,750.000,850.000,-1,-1,1,1,2,0,2,1,0,0,0,2,2,2,2,1,0,2,2
66,-1978.019,1499.845,184.308,-123.053,-0.544984,0.838022,0.026676,-0.838191,-0.545327,0.007351,0.020708,-0.018354,0.999617,0,0.76154,-0.57599,45.692,-1.152,625.000,375.000,-1,400.000,-1,325.000,325.000,300.000,300.000,-1,-1,-1,-1,800.000,825.000,-1,-1,1,1,2,0,2,1,0,0,0,2,2,2,2,1,0,2,2
67,-2006.229,1457.968,185.408,-123.965,-0.558294,0.829245,0.025717,-0.829412,-0.558602,0.006310,0.019598,-0.017807,0.999649,0,0.84154,-0.45599,50.492,-0.912,650.000,400.000,-1,400.000,-1,325.000,325.000,300.000,300.000,-1,-1,-1,-1,825.000,825.000,-1,-1,1,1,2,0,2,1,0,0,0,2,2,2,2,0,0,2,2
68,-2037.656,1412.475,186.619,-124.637,-0.568025,0.822644,0.024570,-0.822809,-0.568294,0.005218,0.018255,-0.017253,0.999684,0,0.92154,-0.33599,55.292,-0.672,700.000,400.000,-1,400.000,-1,325.000,325.000,300.000,300.000,-1,-1,-1,-1,825.000,825.000,-1,-1,1,1,2,0,2,0,0,0,0,2,2,2,2,0,0,2,2
69,-2069.216,1367.520,188.360,-125.069,-0.574227,0.818373,0.023014,-0.818465,-0.574506,0.007599,0.019440,-0.014473,0.999706,0,0.91546,-0.21599,54.928,-0.432,-1,400.000,-1,400.000,-1,325.000,325.000,325.000,300.000,-1,-1,-1,-1,875.000,850.000,-1,-1,2,1,2,0,2,0,0,0,0,2,2,2,2,0,0,2,2
70,-2100.664,1323.041,189.952,-125.261,-0.576982,0.816467,0.021753,-0.816503,-0.577262,0.009570,0.020371,-0.012240,0.999718,0,0.90788,-0.09599,54.473,-0.192,-1,425.000,-1,425.000,-1,350.000,325.000,300.000,300.000,-1,-1,-1,-1,900.000,850.000,-1,-1,2,0,2,0,2,0,0,1,0,2,2,2,2,0,0,2,2
71,-2131.784,1278.947,191.290,-125.213,-0.576315,0.816963,0.020787,-0.816970,-0.576586,0.010449,0.020522,-0.010961,0.999729,0,0.89949,0.02401,53.969,0.048,-1,425.000,-1,425.000,-1,350.000,350.000,300.000,300.000,-1,-1,-1,-1,925.000,850.000,-1,-1,2,0,2,0,2,0,0,1,0,2,2,2,2,0,0,2,2
72,-2162.374,1235.138,192.395,-124.925,-0.572219,0.819855,0.020056,-0.819856,-0.572475,0.010415,0.020020,-0.010484,0.999745,0,0.89054,0.14401,53.432,0.288,-1,425.000,-1,425.000,-1,350.000,350.000,275.000,300.000,-1,-1,-1,-1,950.000,875.000,-1,-1,2,0,2,0,2,0,0,1,0,2,2,2,2,0,0,2,2
73,-2192.245,1191.508,193.165,-124.397,-0.564657,0.825099,0.019352,-0.825099,-0.564896,0.010193,0.019342,-0.010211,0.999761,0,0.88127,0.26401,52.876,0.528,-1,425.000,-1,425.000,-1,350.000,350.000,275.000,300.000,-1,-1,-1,-1,975.000,875.000,-1,-1,2,0,2,0,2,0,0,1,0,2,2,2,2,0,0,2,2
74,-2221.219,1147.946,193.779,-123.629,-0.553564,0.832594,0.018844,-0.832609,-0.553784,0.009280,0.018162,-0.010553,0.999779,0,0.87195,0.38401,52.317,0.768,-1,425.000,-1,425.000,-1,350.000,350.000,250.000,300.000,-1,-1,-1,-1,975.000,875.000,-1,-1,2,0,2,0,2,0,0,1,0,2,2,2,2,0,0,2,2
75,-2249.127,1104.344,194.208,-122.621,-0.538854,0.842202,0.018241,-0.842239,-0.539047,0.007820,0.016419,-0.011149,0.999803,0,0.86282,0.50401,51.769,1.008,-1,425.000,-1,425.000,-1,350.000,350.000,250.000,300.000,-1,-1,-1,-1,975.000,850.000,-1,-1,2,0,2,0,2,0,0,1,0,2,2,2,2,0,0,2,2
76,-2275.805,1060.591,194.383,-121.373,-0.520413,0.853739,0.017299,-0.853793,-0.520574,0.006319,0.014401,-0.011481,0.999830,0,0.85409,0.62401,51.245,1.248,-1,425.000,-1,425.000,-1,350.000,350.000,250.000,300.000,-1,-1,-1,-1,975.000,850.000,-1,-1,2,0,2,0,2,0,0,1,0,2,2,2,2,0,0,2,2
77,-2301.096,1016.582,194.454,-119.885,-0.498096,0.866966,0.016414,-0.867033,-0.498226,0.004839,0.012373,-0.011821,0.999854,0,0.84597,0.74401,50.758,1.488,-1,425.000,-1,425.000,-1,350.000,350.000,225.000,300.000,-1,-1,-1,-1,975.000,850.000,-1,-1,2,0,2,0,2,0,0,1,0,2,2,2,2,0,0,2,2
78,-2324.840,972.219,194.498,-118.157,-0.471753,0.881592,0.015605,-0.881670,-0.471854,0.003357,0.010323,-0.012175,0.999873,0,0.83863,0.86401,50.318,1.728,-1,425.000,-1,400.000,-1,350.000,325.000,225.000,300.000,-1,-1,-1,-1,950.000,850.000,-1,-1,2,0,2,0,2,0,0,1,0,2,2,2,2,0,0,2,2
79,-2346.877,927.412,194.553,-116.189,-0.441225,0.897275,0.014800,-0.897358,-0.441299,0.002051,0.008371,-0.012376,0.999888,0,0.83222,0.98401,49.933,1.968,-1,425.000,-1,400.000,-1,325.000,325.000,225.000,300.000,-1,-1,-1,-1,975.000,850.000,-1,-1,2,0,2,0,2,0,0,1,0,2,2,2,2,1,0,2,2
80,-2367.206,882.156,194.596,-114.189,-0.409665,0.912128,0.014072,-0.912213,-0.409716,0.000796,0.006492,-0.012511,0.999901,0,0.82687,1.00000,49.612,2.000,-1,425.000,-1,400.000,-1,350.000,325.000,225.000,300.000,-1,-1,-1,-1,925.000,850.000,-1,-1,2,0,2,0,2,0,0,1,0,2,2,2,2,1,0,2,2
81,-2385.815,836.529,194.635,-112.189,-0.377604,0.925870,0.013395,-0.925955,-0.377633,-0.000365,0.004721,-0.012541,0.999910,0,0.82126,1.00000,49.276,2.000,975.000,425.000,-1,400.000,-1,350.000,325.000,200.000,300.000,-1,-1,-1,-1,900.000,850.000,-1,-1,1,0,2,0,2,0,0,1,0,2,2,2,2,1,0,2,2
82,-2402.696,790.621,194.686,-110.189,-0.345080,0.938487,0.012710,-0.938568,-0.345091,-0.001361,0.003109,-0.012399,0.999918,0,0.81523,1.00000,48.914,2.000,900.000,450.000,-1,400.000,-1,350.000,325.000,200.000,300.000,-1,-1,-1,-1,875.000,850.000,-1,-1,1,0,2,0,2,0,0,1,0,2,2,2,2,1,0,2,2
83,-2417.845,744.517,195.076,-108.189,-0.312145,0.949977,0.010434,-0.950034,-0.312134,-0.002696,0.000696,-0.010754,0.999942,0,0.80880,1.00000,48.528,2.000,850.000,450.000,-1,425.000,-1,350.000,350.000,200.000,300.000,-1,-1,-1,-1,850.000,850.000,-1,-1,1,0,2,0,2,0,0,1,0,2,2,2,2,1,0,2,2
84,-2431.261,698.304,195.484,-106.189,-0.278826,0.960309,0.007894,-0.960339,-0.278795,-0.004790,-0.002399,-0.008917,0.999957,0,0.80203,1.00000,48.122,2.000,800.000,450.000,-1,425.000,-1,350.000,350.000,200.000,300.000,-1,-1,-1,-1,800.000,850.000,950.000,-1,1,0,2,0,2,0,0,1,0,2,2,2,2,1,0,1,2
85,-2442.953,652.061,195.624,-104.189,-0.245160,0.969461,0.006433,-0.969467,-0.245113,-0.007363,-0.005561,-0.008041,0.999952,0,0.79496,1.00000,47.697,2.000,750.000,450.000,-1,425.000,-1,350.000,350.000,200.000,300.000,-1,-1,-1,-1,775.000,850.000,900.000,-1,1,0,2,0,2,0,0,1,0,2,2,2,2,1,0,1,2
86,-2452.931,605.868,195.686,-102.189,-0.211185,0.977432,0.005207,-0.977413,-0.211132,-0.009303,-0.007993,-0.007054,0.999943,0,0.78764,1.00000,47.258,2.000,700.000,450.000,-1,425.000,-1,350.000,350.000,200.000,300.000,-1,-1,-1,-1,750.000,850.000,825.000,-1,1,0,2,0,2,0,0,1,0,2,2,2,2,1,0,1,2
87,-2461.212,559.799,195.298,-100.189,-0.176932,0.984220,0.002558,-0.984167,-0.176894,-0.011093,-0.010465,-0.004480,0.999935,0,0.78013,1.00000,46.808,2.000,650.000,450.000,-1,425.000,-1,350.000,350.000,200.000,300.000,-1,-1,-1,-1,700.000,850.000,750.000,-1,1,0,2,0,2,0,0,1,0,2,2,2,2,1,0,1,2
88,-2467.814,513.921,194.818,-98.189,-0.142447,0.989802,-0.000265,-0.989722,-0.142438,-0.012718,-0.012626,-0.001549,0.999919,0,0.77249,1.00000,46.350,2.000,625.000,450.000,-1,425.000,-1,350.000,350.000,200.000,300.000,-1,-1,-1,-1,675.000,850.000,700.000,-1,1,0,2,0,2,0,0,1,0,2,2,2,2,1,0,1,2
89,-2473.196,466.155,194.240,-96.429,-0.111943,0.993711,-0.002759,-0.993605,-0.111971,-0.014552,-0.014769,0.001113,0.999890,0,0.80114,0.88000,48.068,1.760,575.000,450.000,-1,425.000,-1,350.000,350.000,200.000,275.000,-1,-1,-1,-1,650.000,850.000,650.000,-1,1,0,2,0,2,0,0,1,0,2,2,2,2,1,0,1,2
90,-2477.255,418.892,193.617,-94.909,-0.085503,0.996326,-0.004924,-0.996197,-0.085573,-0.016373,-0.016735,0.003506,0.999854,0,0.79062,0.76000,47.437,1.520,525.000,450.000,-1,425.000,-1,350.000,350.000,175.000,275.000,-1,-1,-1,-1,600.000,825.000,600.000,-1,1,0,2,0,2,0,0,1,0,2,2,2,2,1,1,1,2
91,-2480.212,372.277,192.958,-93.629,-0.063180,0.997979,-0.006811,-0.997829,-0.063294,-0.018203,-0.018598,0.005646,0.999811,0,0.77848,0.64000,46.709,1.280,500.000,450.000,-1,425.000,-1,350.000,350.000,175.000,275.000,-1,-1,-1,-1,575.000,775.000,550.000,-1,1,1,2,0,2,0,0,1,0,2,2,2,2,1,1,1,2
92,-2482.285,326.433,192.271,-92.589,-0.045007,0.998951,-0.008461,-0.998778,-0.045170,-0.020076,-0.020437,0.007547,0.999763,0,0.76484,0.52000,45.891,1.040,450.000,425.000,-1,400.000,-1,350.000,350.000,175.000,275.000,-1,-1,-1,-1,550.000,750.000,500.000,-1,1,1,2,1,2,0,0,1,0,2,2,2,2,1,1,1,2
93,-2483.689,281.461,191.565,-91.789,-0.031005,0.999470,-0.009905,-0.999270,-0.031217,-0.022033,-0.022331,0.009215,0.999708,0,0.74990,0.40000,44.994,0.800,425.000,400.000,-1,400.000,-1,350.000,350.000,200.000,275.000,-1,-1,-1,-1,500.000,700.000,475.000,-1,1,1,2,1,2,1,1,1,0,2,2,2,2,1,1,1,2
94,-2484.623,237.440,190.846,-91.215,-0.020935,0.999718,-0.011174,-0.999485,-0.021200,-0.024104,-0.024334,0.010664,0.999647,0,0.73385,0.28709,44.031,0.574,375.000,375.000,1000.000,375.000,-1,325.000,325.000,200.000,275.000,-1,-1,-1,-1,475.000,675.000,425.000,-1,1,1,1,1,2,1,1,1,0,2,2,2,2,1,1,1,2
95,-2485.107,194.421,190.155,-90.644,-0.010925,0.999863,-0.012456,-0.999598,-0.011247,-0.026009,-0.026146,0.012167,0.999584,0,0.71701,0.28518,43.021,0.570,350.000,350.000,875.000,375.000,-1,300.000,300.000,200.000,275.000,-1,-1,-1,-1,450.000,625.000,375.000,-1,1,1,1,1,2,1,1,1,0,2,2,2,2,1,1,1,2
96,-2485.165,152.353,189.494,-90.079,-0.001001,0.999905,-0.013775,-0.999613,-0.001384,-0.027771,-0.027788,0.013742,0.999519,0,0.70114,0.28258,42.068,0.565,325.000,325.000,800.000,350.000,-1,300.000,300.000,200.000,275.000,-1,-1,-1,-1,425.000,600.000,350.000,-1,1,1,1,1,2,1,1,1,0,2,2,2,2,1,1,1,2
97,-2484.820,111.176,188.866,-89.521,0.008815,0.999846,-0.015151,-0.999532,0.008366,-0.029412,-0.029280,0.015403,0.999453,0,0.68630,0.27935,41.178,0.559,300.000,300.000,750.000,350.000,-1,275.000,275.000,200.000,275.000,-1,-1,-1,-1,400.000,575.000,300.000,-1,1,1,1,1,2,1,1,1,0,2,2,2,2,1,1,1,2
98,-2484.094,70.832,188.272,-88.970,0.018502,0.999691,-0.016602,-0.999359,0.017982,-0.030951,-0.030643,0.017164,0.999383,0,0.67251,0.27554,40.351,0.551,250.000,300.000,675.000,325.000,-1,250.000,275.000,200.000,275.000,-1,-1,-1,-1,375.000,525.000,275.000,-1,1,1,1,1,2,1,1,1,0,2,2,2,2,1,1,1,2
99,-2483.007,31.259,187.715,-88.427,0.028042,0.999442,-0.018143,-0.999098,0.027444,-0.032410,-0.031894,0.019035,0.999310,0,0.65980,0.27121,39.588,0.542,225.000,275.000,625.000,300.000,-1,250.000,250.000,200.000,275.000,-1,-1,-1,-1,350.000,500.000,250.000,-1,1,1,1,1,2,1,1,1,0,2,2,2,2,1,1,1,2
100,-2481.578,-7.604,187.331,-87.894,0.037349,0.999125,-0.018814,-0.998816,0.036737,-0.031887,-0.031168,0.019983,0.999314,0,0.64815,0.26642,38.889,0.533,200.000,250.000,575.000,300.000,-1,225.000,250.000,200.000,275.000,-1,-1,-1,-1,325.000,475.000,225.000,-1,1,1,1,1,2,1,1,1,0,2,2,2,2,1,1,1,2
101,-2479.584,-51.246,190.009,-87.388,0.046047,0.998578,-0.026870,-0.998791,0.045559,-0.018468,-0.017217,0.027688,0.999468,0,0.72815,0.25326,43.689,0.507,200.000,250.000,600.000,300.000,-1,225.000,250.000,200.000,275.000,-1,-1,-1,-1,325.000,500.000,200.000,-1,1,1,1,1,2,1,1,1,0,2,2,2,2,1,1,1,2
102,-2477.125,-96.154,193.286,-86.871,0.054625,0.997817,-0.037104,-0.998506,0.054539,-0.003309,-0.001278,0.037229,0.999306,0,0.74958,0.25816,44.975,0.516,200.000,250.000,700.000,325.000,-1,225.000,250.000,225.000,275.000,-1,-1,-1,-1,325.000,550.000,200.000,-1,1,1,1,1,2,1,1,1,0,2,2,2,2,1,1,1,2
103,-2474.303,-140.332,196.605,-86.354,0.062909,0.996901,-0.047238,-0.997913,0.063524,0.011627,0.014592,0.046408,0.998816,0,0.73781,0.25872,44.269,0.517,200.000,250.000,875.000,325.000,-1,225.000,250.000,250.000,275.000,-1,675.000,375.000,-1,325.000,600.000,225.000,-1,1,1,1,1,2,1,1,1,0,2,0,0,2,1,1,1,2
104,-2951.695,-327.966,182.895,1.887,0.999359,-0.032935,-0.014046,0.032905,0.999456,-0.002331,0.014115,0.001868,0.999899,1,0.00000,0.00000,43.586,0.512,950.000,450.000,1000.000,350.000,275.000,375.000,350.000,275.000,375.000,-1,225.000,375.000,-1,600.000,475.000,775.000,325.000,1,1,1,1,1,1,1,0,1,2,0,0,2,1,1,1,1
105,-2946.897,-327.828,182.986,1.647,0.999483,-0.028748,-0.014373,0.028728,0.999586,-0.001565,0.014412,0.001151,0.999895,0,0.08000,-0.12000,4.800,-0.240,925.000,425.000,-1,350.000,275.000,375.000,350.000,275.000,375.000,-1,225.000,350.000,-1,600.000,475.000,775.000,325.000,1,1,2,1,1,1,1,0,1,2,0,0,2,1,1,1,1
106,-2937.299,-327.594,183.143,1.395,0.999590,-0.024342,-0.015103,0.024341,0.999704,-0.000269,0.015105,-0.000099,0.999886,0,0.16000,-0.12627,9.600,-0.253,875.000,425.000,975.000,350.000,275.000,375.000,350.000,275.000,375.000,-1,200.000,350.000,-1,600.000,475.000,750.000,325.000,1,1,1,1,1,1,1,0,1,2,0,0,2,1,1,1,1
107,-2922.902,-327.308,183.366,1.140,0.999670,-0.019891,-0.016243,0.019920,0.999800,0.001566,0.016209,-0.001889,0.999867,0,0.24000,-0.12752,14.400,-0.255,850.000,425.000,-1,350.000,275.000,375.000,350.000,275.000,350.000,-1,200.000,350.000,-1,600.000,450.000,725.000,325.000,1,1,2,1,1,1,1,0,1,2,0,0,2,1,1,1,1
108,-2903.704,-327.013,183.659,0.880,0.999724,-0.015361,-0.017798,0.015434,0.999873,0.003965,0.017735,-0.004239,0.999834,0,0.32000,-0.12980,19.200,-0.260,800.000,425.000,-1,350.000,250.000,375.000,350.000,275.000,350.000,-1,175.000,325.000,-1,575.000,450.000,725.000,325.000,1,1,2,1,1,1,1,0,1,2,0,0,2,1,1,1,1
109,-2879.706,-326.756,184.025,0.614,0.999747,-0.010713,-0.019773,0.010853,0.999917,0.006956,0.019697,-0.007169,0.999780,0,0.40000,-0.13315,24.000,-0.266,750.000,400.000,-1,325.000,250.000,375.000,350.000,275.000,350.000,-1,150.000,325.000,-1,575.000,450.000,700.000,300.000,1,1,2,1,1,1,1,0,1,2,0,0,2,1,1,1,1
110,-2850.906,-326.586,184.470,0.339,0.999737,-0.005909,-0.022174,0.006144,0.999925,0.010572,0.022110,-0.010705,0.999698,0,0.48000,-0.13765,28.800,-0.275,725.000,400.000,-1,325.000,250.000,350.000,325.000,275.000,325.000,-1,150.000,300.000,-1,550.000,425.000,675.000,300.000,1,1,2,1,1,1,1,0,1,2,0,0,2,1,1,1,1
111,-2817.306,-326.555,184.999,0.052,0.999687,-0.000904,-0.025014,0.001276,0.999889,0.014853,0.024997,-0.014880,0.999577,0,0.56000,-0.14337,33.600,-0.287,675.000,400.000,-1,325.000,225.000,350.000,325.000,275.000,300.000,-1,125.000,275.000,-1,550.000,425.000,625.000,300.000,1,1,2,1,1,1,1,0,1,2,0,0,2,1,1,1,1
112,-2778.906,-326.721,185.620,-0.249,0.999590,0.004346,-0.028306,-0.003785,0.999796,0.019853,0.028386,-0.019737,0.999402,0,0.64000,-0.15045,38.400,-0.301,625.000,375.000,-1,300.000,225.000,325.000,300.000,275.000,300.000,-1,100.000,275.000,-1,525.000,400.000,600.000,275.000,1,1,2,1,1,1,1,0,1,2,0,0,2,1,1,1,1
113,-2735.708,-327.148,186.345,-0.567,0.999437,0.009894,-0.032072,-0.009074,0.999630,0.025636,0.032314,-0.025330,0.999157,0,0.72000,-0.15901,43.200,-0.318,575.000,350.000,-1,300.000,200.000,325.000,300.000,275.000,275.000,-1,75.000,250.000,-1,500.000,400.000,550.000,250.000,1,1,2,1,1,1,1,0,1,2,0,0,2,1,1,1,1
114,-2687.713,-327.905,187.187,-0.906,0.999215,0.015796,-0.036340,-0.014625,0.999372,0.032287,0.036828,-0.031730,0.998818,0,0.80000,-0.16923,48.000,-0.338,525.000,350.000,-1,275.000,200.000,300.000,275.000,250.000,250.000,850.000,75.000,250.000,-1,475.000,375.000,500.000,225.000,1,1,2,1,1,1,1,0,1,0,0,0,2,1,1,1,1
115,-2634.926,-329.072,188.154,-1.268,0.998907,0.022115,-0.041179,-0.020470,0.998992,0.039954,0.042021,-0.039067,0.998353,0,0.88000,-0.18130,52.800,-0.363,450.000,325.000,-1,275.000,175.000,300.000,275.000,250.000,250.000,700.000,50.000,225.000,-1,450.000,375.000,450.000,200.000,1,1,2,1,1,1,1,0,1,0,0,0,2,1,1,1,1
116,-3607.855,8854.570,307.261,160.927,-0.910656,-0.315411,0.266873,0.368423,-0.912264,0.178992,0.187003,0.261322,0.946964,1,0.00000,0.00000,55.579,-0.391,-1,175.000,325.000,200.000,250.000,150.000,175.000,-1,375.000,300.000,75.000,125.000,400.000,200.000,250.000,275.000,225.000,2,1,1,1,1,1,1,2,0,1,1,1,0,1,1,1,1
117,-5572.712,-987.859,196.408,124.412,-0.565221,-0.824871,0.010612,0.824915,-0.565058,0.014967,-0.006349,0.017213,0.999832,1,-0.08000,0.12000,-4.800,0.240,-1,400.000,-1,400.000,-1,325.000,325.000,300.000,300.000,-1,-1,-1,-1,825.000,800.000,-1,-1,2,0,2,0,2,0,0,0,0,2,2,2,2,0,0,2,2
118,-5567.233,-995.742,196.482,124.802,-0.570820,-0.821003,0.010891,0.821054,-0.570659,0.014792,-0.005929,0.017385,0.999831,0,-0.16000,0.19503,-9.600,0.390,-1,400.000,-1,400.000,-1,325.000,325.000,300.000,300.000,-1,-1,-1,-1,825.000,800.000,-1,-1,2,0,2,0,2,0,0,0,0,2,2,2,2,0,0,2,2
119,-5558.934,-1007.510,196.586,125.194,-0.576411,-0.817082,0.011307,0.817142,-0.576253,0.014524,-0.005352,0.017612,0.999831,0,-0.24000,0.19573,-14.400,0.391,-1,400.000,-1,400.000,-1,325.000,325.000,300.000,300.000,-1,-1,-1,-1,850.000,800.000,-1,-1,2,0,2,0,2,0,0,0,0,2,2,2,2,0,0,2,2
120,-5548.944,-1021.471,196.701,125.587,-0.582002,-0.813102,0.011805,0.813174,-0.581847,0.014210,-0.004685,0.017870,0.999829,0,-0.28612,0.19671,-17.167,0.393,-1,400.000,-1,400.000,-1,325.000,325.000,300.000,300.000,-1,-1,-1,-1,850.000,800.000,-1,-1,2,0,2,0,2,0,0,0,0,2,2,2,2,0,0,2,2
121,-5538.913,-1035.286,196.797,125.983,-0.587593,-0.809063,0.012286,0.809147,-0.587444,0.013838,-0.003979,0.018072,0.999829,0,-0.28454,0.19775,-17.073,0.396,-1,400.000,-1,400.000,-1,325.000,325.000,300.000,300.000,-1,-1,-1,-1,850.000,800.000,-1,-1,2,0,2,0,2,0,0,0,0,2,2,2,2,0,0,2,2
122,-5528.844,-1048.953,196.870,126.380,-0.593182,-0.804968,0.012746,0.805062,-0.593039,0.013396,-0.003225,0.018207,0.999829,0,-0.28292,0.19868,-16.975,0.397,-1,400.000,-1,400.000,-1,325.000,325.000,300.000,300.000,-1,-1,-1,-1,850.000,825.000,-1,-1,2,0,2,0,2,0,0,0,0,2,2,2,2,0,0,2,2
123,-5518.740,-1062.470,196.935,126.779,-0.598764,-0.800817,0.013207,0.800922,-0.598629,0.012961,-0.002473,0.018338,0.999829,0,-0.28127,0.19949,-16.876,0.399,-1,400.000,-1,400.000,-1,325.000,325.000,300.000,300.000,-1,-1,-1,-1,850.000,825.000,-1,-1,2,0,2,0,2,0,0,0,0,2,2,2,2,0,0,2,2
124,-5508.602,-1075.836,196.993,127.179,-0.604336,-0.796613,0.013669,0.796728,-0.604208,0.012532,-0.001724,0.018464,0.999828,0,-0.27959,0.20017,-16.775,0.400,-1,400.000,-1,400.000,-1,325.000,325.000,300.000,300.000,-1,-1,-1,-1,850.000,825.000,-1,-1,2,0,2,0,2,0,0,0,0,2,2,2,2,0,0,2,2
125,-5498.434,-1089.049,197.001,127.581,-0.609895,-0.792360,0.013908,0.792481,-0.609776,0.012114,-0.001118,0.018410,0.999830,0,-0.27789,0.20074,-16.673,0.401,-1,400.000,-1,400.000,-1,325.000,325.000,300.000,300.000,-1,-1,-1,-1,850.000,825.000,-1,-1,2,0,2,0,2,0,0,0,0,2,2,2,2,0,0,2,2
126,-5488.236,-1102.109,196.990,127.983,-0.615438,-0.788060,0.014081,0.788185,-0.615327,0.011700,-0.000556,0.018299,0.999832,0,-0.27616,0.20119,-16.570,0.402,-1,400.000,-1,400.000,-1,325.000,325.000,300.000,300.000,-1,-1,-1,-1,850.000,825.000,-1,-1,2,0,2,0,2,0,0,0,0,2,2,2,2,0,0,2,2
127,-5478.012,-1115.016,196.972,128.386,-0.620959,-0.783713,0.014259,0.783843,-0.620857,0.011289,0.000005,0.018187,0.999835,0,-0.27443,0.20153,-16.466,0.403,-1,400.000,-1,400.000,-1,325.000,325.000,300.000,300.000,-1,-1,-1,-1,850.000,825.000,-1,-1,2,0,2,0,2,0,0,0,0,2,2,2,2,0,0,2,2
128,-5467.762,-1127.768,196.948,128.790,-0.626456,-0.779323,0.014441,0.779457,-0.626362,0.010881,0.000565,0.018072,0.999837,0,-0.27268,0.20175,-16.361,0.404,-1,400.000,-1,400.000,-1,325.000,325.000,300.000,300.000,-1,-1,-1,-1,850.000,825.000,-1,-1,2,0,2,0,2,0,0,0,0,2,2,2,2,0,0,2,2
129,-5457.489,-1140.367,196.918,129.193,-0.631925,-0.774892,0.014628,0.775029,-0.631839,0.010476,0.001125,0.017957,0.999838,0,-0.27094,0.20186,-16.256,0.404,-1,400.000,-1,400.000,-1,325.000,325.000,300.000,300.000,-1,-1,-1,-1,850.000,825.000,-1,-1,2,0,2,0,2,0,0,0,0,2,2,2,2,0,0,2,2
130,-5447.194,-1152.813,196.882,129.597,-0.637362,-0.770422,0.014819,0.770563,-0.637285,0.010073,0.001683,0.017839,0.999839,0,-0.26920,0.20186,-16.152,0.404,-1,400.000,-1,400.000,-1,325.000,325.000,300.000,300.000,-1,-1,-1,-1,850.000,825.000,-1,-1,2,0,2,0,2,0,0,0,0,2,2,2,2,0,0,2,2
131,-5436.879,-1165.106,196.840,130.001,-0.642765,-0.765916,0.015015,0.766060,-0.642696,0.009674,0.002240,0.017721,0.999840,0,-0.26746,0.20176,-16.048,0.404,-1,400.000,-1,400.000,-1,325.000,325.000,300.000,300.000,-1,-1,-1,-1,850.000,825.000,-1,-1,2,0,2,0,2,0,0,0,0,2,2,2,2,0,0,2,2
132,-5426.544,-1177.248,196.792,130.404,-0.648130,-0.761378,0.015215,0.761524,-0.648070,0.009279,0.002796,0.017600,0.999841,0,-0.26574,0.20154,-15.945,0.403,-1,400.000,-1,400.000,-1,325.000,325.000,300.000,300.000,-1,-1,-1,-1,850.000,850.000,-1,-1,2,0,2,0,2,0,0,0,0,2,2,2,2,0,0,2,2
133,-5416.191,-1189.240,196.739,130.806,-0.653455,-0.756808,0.015419,0.756958,-0.653403,0.008887,0.003349,0.017479,0.999842,0,-0.26404,0.20122,-15.842,0.402,-1,400.000,-1,400.000,-1,325.000,325.000,300.000,300.000,-1,-1,-1,-1,850.000,850.000,-1,-1,2,0,2,0,2,0,0,0,0,2,2,2,2,0,0,2,2
134,-5405.821,-1201.082,196.680,131.208,-0.658736,-0.752212,0.015627,0.752364,-0.658693,0.008498,0.003901,0.017355,0.999842,0,-0.26236,0.20080,-15.742,0.402,-1,400.000,-1,400.000,-1,325.000,325.000,300.000,300.000,-1,-1,-1,-1,850.000,850.000,-1,-1,2,0,2,0,2,0,0,0,0,2,2,2,2,0,0,2,2
135,-5395.434,-1212.778,196.615,131.608,-0.663971,-0.747590,0.015840,0.747745,-0.663937,0.008113,0.004452,0.017231,0.999842,0,-0.26070,0.20027,-15.642,0.401,-1,400.000,-1,400.000,-1,325.000,325.000,300.000,300.000,-1,-1,-1,-1,850.000,850.000,-1,-1,2,0,2,0,2,0,0,0,0,2,2,2,2,0,0,2,2
136,-5385.030,-1224.329,196.524,132.008,-0.669157,-0.742948,0.016038,0.743103,-0.669133,0.007622,0.005069,0.017018,0.999842,0,-0.25908,0.19965,-15.545,0.399,-1,400.000,-1,400.000,-1,325.000,325.000,300.000,300.000,-1,-1,-1,-1,850.000,850.000,-1,-1,2,0,2,0,2,0,0,0,0,2,2,2,2,0,0,2,2
