timestep,x_cm,y_cm,z_cm,yaw_deg,basis_xx,basis_xy,basis_xz,basis_yx,basis_yy,basis_yz,basis_zx,basis_zy,basis_zz,teleport_flag,throttle_cmd,steering_cmd,cmd_move_cm,cmd_turn_deg,lidar_cm_0,lidar_cm_1,lidar_cm_2,lidar_cm_3,lidar_cm_4,lidar_cm_5,lidar_cm_6,lidar_cm_7,lidar_cm_8,lidar_cm_9,lidar_cm_10,lidar_cm_11,lidar_cm_12,lidar_cm_13,lidar_cm_14,lidar_cm_15,lidar_cm_16,lidar_class_0,lidar_class_1,lidar_class_2,lidar_class_3,lidar_class_4,lidar_class_5,lidar_class_6,lidar_class_7,lidar_class_8,lidar_class_9,lidar_class_10,lidar_class_11,lidar_class_12,lidar_class_13,lidar_class_14,lidar_class_15,lidar_class_16
0,-2956.470,7543.734,-52.874,173.684,-0.993195,-0.109828,0.038744,0.107237,-0.992198,-0.063593,0.045426,-0.059005,0.997224,1,0.08000,-0.12000,4.800,-0.240,975.000,400.000,-1,475.000,-1,350.000,375.000,275.000,175.000,-1,800.000,925.000,-1,675.000,900.000,-1,-1,0,0,2,0,2,0,0,0,1,2,0,0,2,0,0,2,2
1,-2966.003,7544.870,-52.516,173.204,-0.992259,-0.118139,0.038287,0.115571,-0.991267,-0.063503,0.045455,-0.058587,0.997247,0,0.16000,-0.24000,9.600,-0.480,975.000,400.000,-1,475.000,-1,350.000,375.000,275.000,175.000,-1,825.000,950.000,-1,650.000,900.000,-1,-1,0,0,2,0,2,0,0,0,1,2,0,0,2,0,0,2,2
2,-2980.279,7546.754,-51.984,172.484,-0.990724,-0.130591,0.037587,0.128058,-0.989742,-0.063347,0.045474,-0.057946,0.997284,0,0.24000,-0.36000,14.400,-0.720,950.000,400.000,-1,475.000,-1,350.000,375.000,275.000,175.000,-1,850.000,975.000,-1,650.000,900.000,-1,-1,0,0,2,0,2,0,0,0,1,2,0,0,2,0,0,2,2
3,-2999.269,7549.585,-51.283,171.524,-0.988434,-0.147162,0.036624,0.144680,-0.987465,-0.063093,0.045450,-0.057064,0.997335,0,0.32000,-0.48000,19.200,-0.960,925.000,400.000,-1,475.000,-1,350.000,375.000,275.000,175.000,-1,900.000,-1,-1,650.000,900.000,-1,-1,0,0,2,0,2,0,0,0,1,2,0,2,2,0,0,2,2
4,-3022.928,7553.620,-50.422,170.324,-0.985183,-0.167821,0.035369,0.165408,-0.984230,-0.062697,0.045334,-0.055918,0.997406,0,0.40000,-0.60000,24.000,-1.200,900.000,375.000,-1,475.000,-1,350.000,375.000,275.000,175.000,-1,975.000,-1,-1,650.000,900.000,-1,-1,0,0,2,0,2,0,0,0,1,2,0,2,2,0,0,2,2
5,-3051.188,7559.173,-49.411,168.884,-0.980712,-0.192517,0.033781,0.190195,-0.979780,-0.062104,0.045054,-0.054482,0.997498,0,0.48000,-0.72000,28.800,-1.440,875.000,375.000,-1,475.000,-1,325.000,375.000,275.000,175.000,-1,-1,-1,-1,650.000,900.000,-1,-1,0,0,2,0,2,0,0,0,1,2,2,2,2,0,0,2,2
6,-3083.953,7566.616,-48.263,167.204,-0.974715,-0.221180,0.031799,0.218976,-0.973806,-0.061244,0.044512,-0.052732,0.997616,0,0.56000,-0.84000,33.600,-1.680,825.000,375.000,-1,475.000,-1,325.000,350.000,275.000,175.000,-1,-1,-1,-1,625.000,900.000,-1,-1,0,0,2,0,2,0,0,0,1,2,2,2,2,0,0,2,2
7,-3121.094,7576.372,-46.992,165.284,-0.966835,-0.253709,0.029345,0.251656,-0.965953,-0.060030,0.043576,-0.050654,0.997765,0,0.64000,-0.96000,38.400,-1.920,800.000,375.000,-1,475.000,-1,325.000,350.000,250.000,175.000,-1,-1,-1,-1,625.000,900.000,1000.000,-1,0,0,2,0,2,0,0,0,1,2,2,2,2,0,0,0,2
8,-3162.468,7588.799,-45.603,163.284,-0.957483,-0.287299,0.026183,0.285445,-0.956619,-0.058317,0.041801,-0.048364,0.997955,0,0.72000,-1.00000,43.200,-2.000,725.000,375.000,-1,450.000,-1,325.000,350.000,250.000,175.000,-1,-1,-1,-1,600.000,900.000,900.000,-1,0,0,2,0,2,0,0,0,1,2,2,2,2,0,0,0,2
9,-3207.929,7604.203,-43.735,161.284,-0.946983,-0.320567,0.021434,0.319070,-0.946181,-0.054177,0.037648,-0.044466,0.998301,0,0.80000,-1.00000,48.000,-2.000,675.000,350.000,-1,450.000,-1,325.000,350.000,250.000,175.000,-1,-1,-1,-1,600.000,875.000,775.000,-1,0,0,2,0,2,0,0,0,1,2,2,2,2,0,0,0,2
10,-3257.314,7622.883,-41.218,159.284,-0.935289,-0.353484,0.016819,0.352396,-0.934658,-0.047233,0.032416,-0.038250,0.998742,0,0.88000,-1.00000,52.800,-2.000,625.000,350.000,-1,425.000,-1,300.000,325.000,275.000,200.000,-1,-1,-1,-1,575.000,850.000,700.000,-1,0,0,2,0,2,0,0,0,1,2,2,2,2,0,0,0,2
11,-3305.980,7643.258,-38.716,157.284,-0.922430,-0.385975,0.012061,0.385262,-0.921961,-0.039522,0.026374,-0.031810,0.999146,0,0.87932,-1.00000,52.759,-2.000,550.000,350.000,-1,425.000,-1,300.000,325.000,275.000,200.000,-1,-1,-1,-1,550.000,825.000,625.000,-1,0,0,2,0,2,0,0,0,1,2,2,2,2,0,0,0,2
12,-3352.789,7664.807,-36.612,155.284,-0.908413,-0.417999,0.007929,0.417590,-0.908110,-0.030906,0.020119,-0.024764,0.999491,0,0.85886,-1.00000,51.531,-2.000,500.000,325.000,-1,400.000,-1,300.000,325.000,275.000,200.000,-1,-1,-1,-1,550.000,800.000,575.000,-1,0,0,2,0,2,0,0,0,1,2,2,2,2,0,0,0,2
13,-3397.828,7687.477,-35.840,153.284,-0.893230,-0.449530,0.007955,0.449315,-0.893153,-0.019854,0.016030,-0.014159,0.999771,0,0.84037,-1.00000,50.422,-2.000,500.000,325.000,-1,400.000,-1,275.000,300.000,275.000,200.000,-1,-1,-1,-1,525.000,750.000,550.000,-1,0,0,2,0,2,0,0,0,1,2,2,2,2,0,0,0,2
14,-3441.181,7711.229,-35.216,151.284,-0.876968,-0.480472,0.008575,0.480406,-0.877003,-0.008694,0.011697,-0.003505,0.999925,0,0.82389,-1.00000,49.433,-2.000,475.000,325.000,-1,375.000,-1,275.000,300.000,275.000,200.000,-1,-1,-1,-1,525.000,725.000,550.000,-1,0,0,2,0,2,0,0,0,1,2,2,2,2,0,0,0,2
15,-3482.930,7736.034,-32.863,149.284,-0.859634,-0.510790,0.011083,0.510750,-0.859706,-0.006377,0.012785,0.000179,0.999918,0,0.80938,-1.00000,48.563,-2.000,525.000,325.000,-1,375.000,-1,275.000,300.000,275.000,200.000,-1,-1,-1,-1,525.000,750.000,600.000,-1,0,0,2,0,2,0,0,0,1,2,2,2,2,0,0,0,2
16,-3523.151,7761.871,-30.647,147.284,-0.841247,-0.540478,0.013700,0.540475,-0.841349,-0.004176,0.013783,0.003892,0.999897,0,0.79674,-1.00000,47.805,-2.000,575.000,325.000,-1,375.000,-1,275.000,300.000,275.000,200.000,-1,-1,-1,-1,525.000,800.000,650.000,-1,0,0,2,0,2,0,0,0,1,2,2,2,2,0,0,0,2
17,-3561.910,7788.725,-28.575,145.284,-0.821827,-0.569499,0.016469,0.569546,-0.821957,-0.002084,0.014724,0.007667,0.999862,0,0.78587,-1.00000,47.152,-2.000,625.000,325.000,-1,400.000,-1,275.000,300.000,275.000,200.000,-1,-1,-1,-1,550.000,825.000,700.000,-1,0,0,2,0,2,0,0,0,1,2,2,2,2,0,0,0,2
18,-3599.264,7816.584,-26.746,143.284,-0.801400,-0.597813,0.019421,0.597931,-0.801548,0.000348,0.015359,0.011892,0.999811,0,0.77664,-1.00000,46.598,-2.000,675.000,325.000,-1,400.000,-1,275.000,300.000,275.000,225.000,-1,-1,-1,-1,550.000,850.000,750.000,-1,0,0,2,0,2,0,0,0,1,2,2,2,2,0,0,0,2
19,-3635.260,7845.438,-25.365,141.284,-0.779998,-0.625372,0.022647,0.625600,-0.780134,0.004072,0.015121,0.017344,0.999735,0,0.76890,-1.00000,46.134,-2.000,725.000,325.000,-1,400.000,-1,275.000,300.000,275.000,225.000,-1,-1,-1,-1,550.000,875.000,800.000,-1,0,0,2,0,2,0,0,0,1,2,2,2,2,0,0,0,2
20,-3669.938,7875.281,-24.164,139.284,-0.757640,-0.652143,0.026280,0.652503,-0.757746,0.007753,0.014857,0.023022,0.999625,0,0.76251,-1.00000,45.751,-2.000,800.000,325.000,-1,425.000,-1,275.000,325.000,275.000,225.000,-1,-1,-1,-1,575.000,950.000,850.000,-1,0,0,2,0,2,0,0,0,1,2,2,2,2,0,1,0,2
21,-3703.327,7906.105,-22.845,137.284,-0.734373,-0.678062,0.030471,0.678609,-0.734386,0.012920,0.013617,0.030166,0.999452,0,0.75736,-1.00000,45.441,-2.000,850.000,325.000,-1,425.000,-1,275.000,325.000,275.000,250.000,-1,-1,-1,-1,600.000,1000.000,-1,-1,0,0,2,0,2,0,0,0,1,2,2,2,2,0,1,2,2
22,-3735.447,7937.904,-21.680,135.284,-0.710217,-0.703098,0.035275,0.703875,-0.710092,0.018136,0.012297,0.037709,0.999213,0,0.75331,-1.00000,45.198,-2.000,-1,325.000,-1,425.000,-1,300.000,325.000,275.000,250.000,-1,-1,-1,-1,625.000,-1,-1,-1,2,0,2,0,2,0,0,0,1,2,2,2,2,0,2,2,2
23,-3766.313,7970.671,-20.747,133.284,-0.685198,-0.727220,0.040688,0.728271,-0.684903,0.022980,0.011156,0.045378,0.998908,0,0.75025,-1.00000,45.015,-2.000,-1,350.000,-1,425.000,-1,300.000,325.000,275.000,250.000,-1,-1,-1,475.000,650.000,-1,-1,-1,2,0,2,0,2,0,0,0,1,2,2,2,1,0,2,2,2
24,-3795.932,8004.398,-20.122,131.284,-0.659334,-0.750402,0.046650,0.751778,-0.658863,0.027029,0.010453,0.052891,0.998546,0,0.74809,-1.00000,44.885,-2.000,-1,350.000,-1,425.000,-1,300.000,325.000,275.000,250.000,-1,-1,-1,475.000,675.000,-1,-1,-1,2,0,2,0,2,0,0,0,1,2,2,2,1,0,2,2,2
25,-3824.304,8039.074,-19.709,129.284,-0.632663,-0.772596,0.053228,0.774364,-0.631992,0.030754,0.009879,0.060675,0.998109,0,0.74673,-1.00000,44.804,-2.000,-1,375.000,-1,425.000,-1,325.000,325.000,300.000,250.000,-1,-1,-1,450.000,725.000,-1,-1,-1,2,0,2,0,2,0,0,0,1,2,2,2,1,0,2,2,2
26,-3851.427,8074.688,-19.510,127.284,-0.605215,-0.793766,0.060426,0.796006,-0.604328,0.034097,0.009452,0.068735,0.997590,0,0.74608,-1.00000,44.765,-2.000,-1,375.000,-1,450.000,-1,325.000,350.000,300.000,250.000,-1,-1,-1,425.000,750.000,-1,-1,-1,2,0,2,0,2,0,0,0,1,2,2,2,1,0,2,2,2
27,-3877.289,8111.226,-19.958,125.284,-0.577125,-0.813984,0.066000,0.816619,-0.575983,0.037125,0.007796,0.075323,0.997129,0,0.74608,-1.00000,44.765,-2.000,-1,400.000,-1,450.000,-1,325.000,350.000,300.000,275.000,-1,-1,-1,425.000,775.000,-1,-1,-1,2,0,2,0,2,0,0,0,1,2,2,2,1,0,2,2,2
28,-3900.253,8146.200,-21.048,123.284,-0.548452,-0.833281,0.069595,0.836168,-0.547021,0.039881,0.004838,0.080066,0.996778,0,0.69729,-1.00000,41.838,-2.000,-1,400.000,-1,425.000,-1,325.000,350.000,300.000,275.000,-1,-1,-1,425.000,800.000,-1,-1,-1,2,0,2,0,2,0,0,0,1,2,2,2,1,0,2,2,2
29,-3922.037,8182.042,-22.338,121.284,-0.519125,-0.851512,0.073732,0.854696,-0.517393,0.042414,0.002032,0.085036,0.996376,0,0.69903,-1.00000,41.942,-2.000,-1,400.000,-1,450.000,-1,325.000,350.000,300.000,275.000,-1,-1,-1,400.000,775.000,-1,-1,-1,2,0,2,1,2,0,0,0,1,2,2,2,1,1,2,2,2
30,-3942.618,8218.731,-23.829,119.284,-0.489180,-0.868652,0.078403,0.872182,-0.487137,0.044670,-0.000610,0.090234,0.995920,0,0.70109,-1.00000,42.066,-2.000,-1,400.000,-1,450.000,-1,325.000,350.000,300.000,275.000,-1,-1,-1,400.000,725.000,-1,1000.000,-1,2,0,2,1,2,0,0,0,1,2,2,2,1,1,2,1,2
31,-3961.972,8256.242,-25.525,117.284,-0.458655,-0.884673,0.083596,0.888609,-0.456293,0.046597,-0.003079,0.095656,0.995410,0,0.70346,-1.00000,42.208,-2.000,-1,425.000,-1,475.000,-1,350.000,350.000,300.000,250.000,-1,-1,-1,400.000,700.000,-1,900.000,-1,2,0,2,1,2,0,1,0,1,2,2,2,1,1,2,1,2
32,-3980.068,8294.550,-26.431,115.284,-0.427817,-0.899879,0.084794,0.903828,-0.425055,0.049232,-0.008261,0.097701,0.995182,0,0.70609,-1.00000,42.365,-2.000,-1,425.000,-1,475.000,-1,350.000,350.000,300.000,275.000,-1,-1,-1,425.000,675.000,-1,825.000,-1,2,0,2,1,2,0,1,0,1,2,2,2,1,1,2,1,2
33,-3996.881,8333.626,-26.781,113.284,-0.396623,-0.914210,0.083123,0.917851,-0.393410,0.052704,-0.015481,0.097198,0.995145,0,0.70896,-1.00000,42.537,-2.000,950.000,400.000,-1,475.000,-1,350.000,375.000,275.000,275.000,-1,-1,-1,450.000,625.000,-1,750.000,-1,1,1,2,1,2,1,1,0,1,2,2,2,1,1,2,1,2
34,-4012.387,8373.438,-27.255,111.284,-0.364946,-0.927437,0.081698,0.930751,-0.361286,0.056351,-0.022746,0.096606,0.995063,0,0.71203,-1.00000,42.722,-2.000,775.000,400.000,-1,475.000,-1,350.000,375.000,275.000,275.000,-1,-1,-1,500.000,625.000,-1,700.000,-1,1,1,2,1,2,1,1,0,1,2,2,2,1,1,2,1,2
35,-4026.558,8413.950,-27.856,109.284,-0.332826,-0.939544,0.080523,0.942509,-0.328721,0.060155,-0.030048,0.095915,0.994936,0,0.71529,-1.00000,42.918,-2.000,675.000,400.000,-1,475.000,-1,350.000,375.000,275.000,275.000,-1,-1,-1,575.000,600.000,-1,625.000,-1,1,1,2,1,2,1,1,0,1,2,2,2,1,1,2,1,2
36,-4039.370,8455.129,-28.857,107.284,-0.300273,-0.950426,0.080793,0.953152,-0.295726,0.063622,-0.036575,0.096112,0.994698,0,0.71872,-1.00000,43.123,-2.000,600.000,400.000,-1,475.000,-1,375.000,400.000,300.000,275.000,-1,-1,-1,650.000,575.000,-1,600.000,-1,1,1,2,1,2,1,1,0,1,2,2,2,1,1,2,1,2
37,-4052.196,8501.306,-30.460,105.524,-0.271484,-0.958904,0.082461,0.961466,-0.266352,0.068111,-0.043349,0.097774,0.994264,0,0.79872,-0.88000,47.923,-1.760,550.000,400.000,-1,475.000,-1,375.000,400.000,300.000,275.000,-1,-1,-1,700.000,575.000,-1,550.000,-1,1,1,2,1,2,1,1,0,1,2,2,2,1,1,2,1,2
38,-4064.767,8552.511,-32.584,103.792,-0.243078,-0.966256,0.085218,0.968671,-0.237196,0.073583,-0.050887,0.100434,0.993642,0,0.87872,-0.86568,52.723,-1.731,475.000,400.000,-1,475.000,-1,400.000,400.000,300.000,275.000,-1,-1,-1,725.000,550.000,-1,500.000,-1,1,1,2,1,2,1,1,0,1,2,2,2,1,1,2,1,2
39,-4076.784,8608.650,-35.780,102.083,-0.214594,-0.972873,0.086417,0.975061,-0.208265,0.076689,-0.056611,0.100719,0.993303,0,0.95681,-0.85457,57.409,-1.709,425.000,400.000,-1,475.000,-1,400.000,425.000,300.000,275.000,-1,-1,-1,725.000,550.000,-1,450.000,-1,1,1,2,1,2,1,1,0,1,2,2,2,1,1,2,1,2
40,-4087.236,8665.622,-39.575,100.399,-0.186150,-0.978706,0.086502,0.980627,-0.179605,0.078179,-0.060978,0.099379,0.993179,0,0.96535,-0.84212,57.921,-1.684,375.000,400.000,-1,475.000,-1,425.000,425.000,300.000,275.000,-1,-1,-1,725.000,550.000,-1,425.000,-1,1,1,2,1,2,1,1,0,1,2,2,2,1,1,2,1,2
41,-4096.116,8723.391,-43.525,98.741,-0.157992,-0.983620,0.086777,0.985290,-0.151241,0.079560,-0.065132,0.098070,0.993046,0,0.97408,-0.82875,58.445,-1.657,325.000,400.000,-1,475.000,-1,450.000,425.000,300.000,275.000,-1,-1,-1,725.000,550.000,-1,400.000,-1,1,1,2,1,2,1,1,0,1,2,2,2,1,1,2,1,2
42,-4103.416,8781.914,-47.680,97.113,-0.130181,-0.987676,0.086882,0.989069,-0.123243,0.080954,-0.069249,0.096471,0.992924,0,0.98292,-0.81433,58.975,-1.629,300.000,400.000,-1,-1,-1,475.000,450.000,300.000,275.000,-1,-1,-1,725.000,975.000,-1,375.000,-1,1,1,2,2,2,1,1,0,1,2,2,2,1,1,2,1,2
43,-4109.132,8841.148,-52.089,95.515,-0.102775,-0.990939,0.086473,0.991985,-0.095682,0.082522,-0.073501,0.094261,0.992831,0,0.99178,-0.79872,59.507,-1.597,275.000,425.000,-1,-1,-1,-1,-1,300.000,275.000,-1,-1,-1,750.000,-1,-1,350.000,-1,1,1,2,2,2,2,2,0,1,2,2,2,1,2,2,1,2
44,-4113.263,8901.008,-56.795,93.952,-0.075830,-0.993472,0.085226,0.994061,-0.068630,0.084456,-0.078056,0.091124,0.992776,0,1.00000,-0.78174,60.000,-1.563,250.000,600.000,-1,-1,-1,-1,-1,275.000,250.000,-1,-1,-1,775.000,-1,-1,350.000,-1,1,1,2,2,2,2,2,1,1,2,2,2,1,2,2,1,2
45,-4115.797,8960.956,-61.804,92.426,-0.049400,-0.995338,0.082839,0.995319,-0.042162,0.086960,-0.083062,0.086747,0.992762,0,1.00000,-0.76310,60.000,-1.526,225.000,800.000,-1,-1,-1,-1,-1,250.000,250.000,-1,-1,-1,825.000,-1,-1,325.000,-1,1,1,2,2,2,2,2,1,1,2,2,2,1,2,2,1,2
46,-4116.775,9020.950,-67.151,90.940,-0.023539,-0.996591,0.079069,0.995784,-0.016359,0.090263,-0.088662,0.080860,0.992774,0,1.00000,-0.74257,60.000,-1.485,225.000,975.000,-1,-1,-1,-1,-1,200.000,250.000,-1,-1,-1,-1,-1,-1,-1,-1,1,1,2,2,2,2,2,1,1,2,2,2,2,2,2,2,2
47,-4116.246,9080.950,-72.866,89.501,0.001694,-0.997278,0.073720,0.995478,0.008684,0.094597,-0.094979,0.073226,0.992782,0,1.00000,-0.71964,60.000,-1.439,200.000,-1,-1,-1,-1,-1,-1,200.000,250.000,-1,-1,-1,-1,-1,-1,-1,-1,1,2,2,2,2,2,2,1,1,2,2,2,2,2,2,2,2
48,-4114.264,9140.919,-78.973,88.114,0.026230,-0.997432,0.066647,0.994427,0.032845,0.100181,-0.102113,0.063648,0.992735,0,1.00000,-0.69358,60.000,-1.387,-1,-1,-1,-1,-1,-1,-1,175.000,250.000,-1,-1,-1,-1,-1,-1,-1,-1,2,2,2,2,2,2,2,1,1,2,2,2,2,2,2,2,2
49,5575.422,-1639.828,98.683,102.328,-0.214398,-0.976659,0.013050,0.975544,-0.213452,0.052465,-0.048454,0.023979,0.998538,1,0.00000,0.00000,60.000,-1.327,-1,400.000,-1,425.000,-1,325.000,325.000,300.000,325.000,-1,-1,-1,-1,825.000,825.000,-1,-1,2,0,2,0,2,0,0,0,0,2,2,2,2,0,0,2,2
50,5574.378,-1635.143,98.446,102.568,-0.218500,-0.975749,0.013122,0.974626,-0.217539,0.052733,-0.048599,0.024311,0.998522,0,0.08000,0.12000,4.800,0.240,-1,400.000,-1,400.000,-1,325.000,325.000,300.000,325.000,-1,-1,-1,-1,825.000,800.000,-1,-1,2,0,2,0,2,0,0,0,0,2,2,2,2,0,0,2,2
51,5572.210,-1625.791,97.974,103.048,-0.226692,-0.973876,0.013252,0.972739,-0.225702,0.053265,-0.048883,0.024965,0.998492,0,0.16000,0.24000,9.600,0.480,-1,400.000,-1,400.000,-1,325.000,325.000,300.000,325.000,-1,-1,-1,-1,825.000,800.000,-1,-1,2,0,2,0,2,0,0,0,0,2,2,2,2,0,0,2,2
52,5568.788,-1611.803,97.271,103.749,-0.238622,-0.971020,0.013411,0.969860,-0.237591,0.054056,-0.049304,0.025906,0.998448,0,0.24000,0.35038,14.400,0.701,-1,400.000,-1,400.000,-1,325.000,325.000,300.000,325.000,-1,-1,-1,-1,825.000,800.000,-1,-1,2,0,2,0,2,0,0,0,0,2,2,2,2,0,0,2,2
53,5563.998,-1593.210,96.324,104.446,-0.250455,-0.968034,0.013519,0.966837,-0.249375,0.055121,-0.049988,0.026876,0.998388,0,0.32000,0.34840,19.200,0.697,-1,400.000,-1,400.000,-1,325.000,325.000,300.000,325.000,-1,-1,-1,-1,825.000,800.000,-1,-1,2,0,2,0,2,0,0,0,0,2,2,2,2,0,0,2,2
54,5557.730,-1570.043,95.141,105.137,-0.262167,-0.964927,0.013554,0.963677,-0.261034,0.056461,-0.050943,0.027863,0.998313,0,0.40000,0.34578,24.000,0.692,-1,400.000,-1,400.000,-1,325.000,325.000,300.000,325.000,-1,-1,-1,-1,825.000,775.000,-1,-1,2,0,2,0,2,0,0,0,0,2,2,2,2,0,0,2,2
55,5549.878,-1542.334,93.731,105.822,-0.273735,-0.961710,0.013493,0.960388,-0.272544,0.058086,-0.052185,0.028858,0.998220,0,0.48000,0.34252,28.800,0.685,-1,400.000,-1,400.000,-1,325.000,325.000,300.000,325.000,-1,-1,-1,-1,800.000,775.000,-1,-1,2,0,2,0,2,0,0,0,0,2,2,2,2,0,0,2,2
56,5540.335,-1510.118,92.104,106.500,-0.285138,-0.958394,0.013313,0.956979,-0.283884,0.060011,-0.053735,0.029852,0.998109,0,0.56000,0.33861,33.600,0.677,-1,400.000,-1,400.000,-1,325.000,325.000,300.000,325.000,-1,-1,-1,-1,800.000,750.000,-1,-1,2,0,2,0,2,0,0,0,0,2,2,2,2,0,0,2,2
57,5529.572,-1475.282,90.367,107.168,-0.296352,-0.954990,0.013015,0.953465,-0.295032,0.062138,-0.055501,0.030824,0.997983,0,0.60767,0.33407,36.460,0.668,-1,400.000,-1,400.000,-1,325.000,325.000,300.000,325.000,-1,-1,-1,-1,800.000,750.000,-1,-1,2,0,2,0,2,0,0,0,0,2,2,2,2,0,0,2,2
58,5518.382,-1440.494,88.663,107.832,-0.307456,-0.951479,0.012618,0.949834,-0.306071,0.064308,-0.057325,0.031756,0.997850,0,0.60905,0.33204,36.543,0.664,-1,400.000,-1,400.000,-1,325.000,325.000,300.000,325.000,-1,-1,-1,-1,775.000,725.000,-1,-1,2,0,2,0,2,0,0,0,0,2,2,2,2,0,0,2,2
59,5505.430,-1401.231,86.680,108.256,-0.314560,-0.949157,0.012410,0.947372,-0.313095,0.066759,-0.059479,0.032757,0.997692,0,0.68905,0.21204,41.343,0.424,-1,400.000,-1,375.000,-1,325.000,325.000,300.000,325.000,-1,-1,-1,-1,775.000,725.000,-1,-1,2,0,2,0,2,0,0,0,0,2,2,2,2,0,0,2,2
60,5490.834,-1357.457,84.342,108.440,-0.317707,-0.948100,0.012969,0.946206,-0.316128,0.068974,-0.061295,0.034185,0.997534,0,0.76905,0.09204,46.143,0.184,-1,400.000,-1,375.000,-1,325.000,325.000,300.000,325.000,-1,-1,-1,-1,775.000,725.000,-1,-1,2,0,2,0,2,0,0,0,0,2,2,2,2,0,0,2,2
61,5474.767,-1309.114,82.012,108.384,-0.316842,-0.948388,0.013100,0.946387,-0.315196,0.070735,-0.062955,0.034809,0.997409,0,0.84905,-0.02796,50.943,-0.056,-1,400.000,-1,375.000,-1,325.000,325.000,300.000,325.000,-1,-1,-1,-1,775.000,700.000,-1,-1,2,0,2,0,2,0,0,0,0,2,2,2,2,0,0,2,2
62,5457.460,-1256.125,79.481,108.088,-0.312022,-0.949979,0.013457,0.947840,-0.310286,0.072955,-0.065130,0.035519,0.997244,0,0.92905,-0.14796,55.743,-0.296,-1,400.000,-1,375.000,-1,325.000,300.000,325.000,325.000,-1,-1,-1,-1,750.000,675.000,-1,-1,2,0,2,0,2,0,0,0,0,2,2,2,2,0,0,2,2
63,5439.783,-1200.239,75.955,107.552,-0.302969,-0.952929,0.011690,0.950802,-0.301415,0.071581,-0.064688,0.032802,0.997366,0,0.97692,-0.26796,58.615,-0.536,-1,400.000,-1,375.000,-1,325.000,300.000,325.000,350.000,-1,-1,-1,-1,750.000,675.000,-1,-1,2,0,2,0,2,0,0,0,0,2,2,2,2,0,0,2,2
64,5422.751,-1143.738,72.353,106.776,-0.289930,-0.956986,0.010914,0.954911,-0.288502,0.070083,-0.063920,0.030741,0.997481,0,0.98354,-0.38796,59.013,-0.776,-1,400.000,-1,375.000,-1,325.000,325.000,325.000,325.000,-1,-1,-1,-1,725.000,650.000,-1,-1,2,0,2,0,2,0,0,0,0,2,2,2,2,1,0,2,2
65,5406.588,-1086.582,68.696,105.790,-0.273302,-0.961875,0.010128,0.959848,-0.272004,0.068597,-0.063227,0.028469,0.997593,0,0.98996,-0.49318,59.398,-0.986,-1,400.000,-1,375.000,-1,325.000,325.000,325.000,325.000,-1,-1,-1,-1,725.000,650.000,975.000,-1,2,0,2,0,2,0,0,0,0,2,2,2,2,1,0,1,2
66,5391.310,-1028.802,64.974,104.812,-0.256739,-0.966435,0.009377,0.964459,-0.255562,0.067132,-0.062483,0.026279,0.997700,0,0.99609,-0.48897,59.765,-0.978,1000.000,400.000,-1,375.000,-1,325.000,325.000,325.000,325.000,-1,-1,-1,-1,700.000,650.000,925.000,-1,1,0,2,0,2,0,0,0,0,2,2,2,2,1,0,1,2
67,5376.954,-970.545,61.199,103.844,-0.240264,-0.970669,0.008661,0.968745,-0.239202,0.065686,-0.061688,0.024173,0.997803,0,1.00000,-0.48429,60.000,-0.969,925.000,400.000,-1,375.000,-1,325.000,325.000,325.000,325.000,-1,-1,-1,-1,675.000,625.000,875.000,-1,1,0,2,0,2,0,0,0,0,2,2,2,2,1,0,1,2
68,5363.574,-912.056,57.386,102.885,-0.223902,-0.974579,0.007983,0.972711,-0.222946,0.064258,-0.060845,0.022153,0.997901,0,1.00000,-0.47911,60.000,-0.958,850.000,400.000,-1,375.000,-1,325.000,325.000,325.000,325.000,-1,-1,-1,-1,650.000,625.000,825.000,975.000,1,0,2,0,2,0,0,0,0,2,2,2,2,1,0,1,1
69,5351.163,-853.354,53.539,101.938,-0.207676,-0.978170,0.007341,0.976359,-0.206819,0.062843,-0.059953,0.020218,0.997996,0,1.00000,-0.47343,60.000,-0.947,775.000,375.000,-1,375.000,975.000,325.000,300.000,325.000,325.000,-1,-1,450.000,-1,650.000,600.000,775.000,925.000,1,0,2,0,1,0,0,0,0,2,2,0,2,1,0,1,1
70,5339.710,-794.457,49.659,101.004,-0.191609,-0.981448,0.006734,0.979696,-0.190846,0.061435,-0.059010,0.018368,0.998088,0,1.00000,-0.46724,60.000,-0.934,700.000,375.000,-1,350.000,925.000,300.000,300.000,325.000,325.000,-1,475.000,450.000,-1,625.000,600.000,725.000,875.000,1,0,2,0,1,0,0,0,0,2,0,0,2,1,0,1,1
71,5329.206,-735.384,45.750,100.083,-0.175727,-0.984420,0.006160,0.982728,-0.175050,0.060028,-0.058014,0.016602,0.998178,0,1.00000,-0.46052,60.000,-0.921,650.000,375.000,-1,350.000,875.000,300.000,300.000,325.000,325.000,-1,475.000,450.000,-1,625.000,600.000,675.000,825.000,1,0,2,0,1,0,0,0,0,2,0,0,2,1,0,1,1
72,5319.638,-676.152,42.193,99.176,-0.159976,-0.987112,0.004212,0.985471,-0.159461,0.058480,-0.057055,0.013507,0.998280,0,1.00000,-0.45326,60.000,-0.907,575.000,350.000,-1,350.000,825.000,300.000,300.000,325.000,325.000,-1,475.000,475.000,-1,600.000,575.000,625.000,775.000,1,0,2,0,1,0,0,0,0,2,0,0,2,1,0,1,1
73,5310.991,-616.779,39.476,98.286,-0.144303,-0.989534,-0.000360,0.988022,-0.144102,0.055200,-0.054674,0.007610,0.998475,0,1.00000,-0.44545,60.000,-0.891,525.000,350.000,-1,350.000,800.000,300.000,300.000,300.000,325.000,-1,450.000,475.000,-1,600.000,575.000,600.000,725.000,1,0,2,0,1,0,0,0,0,2,0,0,2,1,0,1,1
74,5303.252,-557.281,37.738,97.411,-0.129124,-0.991628,-0.000629,0.990358,-0.128991,0.050514,-0.050172,0.005900,0.998723,0,1.00000,-0.43706,60.000,-0.874,500.000,350.000,-1,350.000,775.000,300.000,300.000,325.000,350.000,-1,425.000,450.000,-1,625.000,600.000,575.000,700.000,1,0,2,0,1,0,0,0,0,2,0,0,2,1,1,1,1
75,5296.402,-497.674,36.058,96.555,-0.114250,-0.993452,-0.000618,0.992418,-0.114160,0.045532,-0.045304,0.004588,0.998963,0,1.00000,-0.42810,60.000,-0.856,475.000,350.000,-1,350.000,725.000,300.000,300.000,325.000,350.000,-1,400.000,425.000,-1,625.000,575.000,575.000,650.000,1,0,2,0,1,0,0,0,0,2,0,0,2,1,1,1,1
76,5290.424,-437.973,34.268,95.718,-0.099699,-0.995018,-0.000386,0.994209,-0.099634,0.040272,-0.040110,0.003631,0.999189,0,1.00000,-0.41856,60.000,-0.837,475.000,350.000,-1,350.000,700.000,300.000,300.000,325.000,350.000,-1,375.000,400.000,-1,625.000,550.000,575.000,625.000,1,0,2,0,1,0,0,0,0,2,0,0,2,1,1,1,1
77,5285.298,-378.193,32.459,94.901,-0.085480,-0.996340,-0.000278,0.995730,-0.085438,0.034953,-0.034849,0.002711,0.999389,0,1.00000,-0.40845,60.000,-0.817,450.000,375.000,-1,350.000,650.000,300.000,300.000,325.000,350.000,-1,350.000,400.000,-1,625.000,525.000,575.000,575.000,1,0,2,0,1,0,0,0,0,2,0,0,2,1,1,1,1
78,5281.002,-318.347,30.639,94.106,-0.071618,-0.997432,-0.000324,0.996994,-0.071596,0.029600,-0.029548,0.001797,0.999562,0,1.00000,-0.39777,60.000,-0.796,425.000,375.000,-1,375.000,600.000,300.000,300.000,325.000,350.000,-1,350.000,375.000,-1,625.000,500.000,600.000,525.000,1,0,2,1,1,0,0,1,0,2,0,0,2,1,1,1,1
79,5277.514,-258.449,28.811,93.333,-0.058135,-0.998309,-0.000518,0.998015,-0.058131,0.024221,-0.024211,0.000891,0.999706,0,1.00000,-0.38657,60.000,-0.773,425.000,375.000,-1,350.000,550.000,300.000,300.000,300.000,350.000,-1,275.000,325.000,-1,625.000,475.000,600.000,500.000,1,1,2,1,1,1,1,1,0,2,0,0,2,1,1,1,1
80,5274.818,-203.315,27.121,92.799,-0.048833,-0.998807,-0.000790,0.998621,-0.048839,0.019262,-0.019278,0.000152,0.999814,0,0.92000,-0.26657,55.200,-0.533,425.000,350.000,-1,325.000,525.000,300.000,300.000,300.000,350.000,-1,250.000,275.000,-1,625.000,450.000,625.000,450.000,1,1,2,1,1,1,1,1,0,2,0,0,2,1,1,1,1
81,5272.614,-152.963,25.573,92.506,-0.043717,-0.999043,-0.001066,0.998935,-0.043728,0.014733,-0.014765,-0.000421,0.999891,0,0.84000,-0.14657,50.400,-0.293,425.000,350.000,-1,300.000,475.000,275.000,275.000,275.000,325.000,-1,225.000,250.000,-1,600.000,425.000,625.000,400.000,1,1,2,1,1,1,1,1,0,2,0,0,2,1,1,1,1
82,5270.730,-107.402,24.169,92.368,-0.041307,-0.999146,-0.001312,0.999089,-0.041318,0.010635,-0.010680,-0.000872,0.999943,0,0.76000,-0.06910,45.600,-0.138,425.000,350.000,-1,300.000,425.000,275.000,275.000,275.000,325.000,-1,200.000,225.000,-1,600.000,400.000,625.000,375.000,1,1,2,1,1,1,1,1,0,2,0,0,2,1,1,1,1
83,5269.130,-66.634,22.912,92.247,-0.039201,-0.999230,-0.001548,0.999207,-0.039210,0.006967,-0.007022,-0.001273,0.999975,0,0.68000,-0.06044,40.800,-0.121,425.000,325.000,-1,275.000,375.000,275.000,250.000,250.000,325.000,-1,200.000,200.000,-1,600.000,375.000,625.000,325.000,1,1,2,1,1,1,1,1,0,2,0,0,2,1,1,1,1
84,5267.785,-30.659,21.801,92.142,-0.037371,-0.999300,-0.001767,0.999294,-0.037377,0.003728,-0.003791,-0.001627,0.999991,0,0.60000,-0.05256,36.000,-0.105,400.000,325.000,-1,275.000,350.000,250.000,250.000,250.000,325.000,-1,175.000,200.000,-1,600.000,375.000,625.000,300.000,1,1,2,1,1,1,1,1,0,2,0,0,2,1,1,1,1
85,5266.806,0.526,21.413,91.797,-0.031354,-0.999500,-0.004195,0.999508,-0.031357,0.000607,-0.000738,-0.004174,0.999991,0,0.52000,-0.17256,31.200,-0.345,400.000,325.000,-1,250.000,325.000,250.000,225.000,250.000,325.000,-1,175.000,200.000,-1,600.000,350.000,650.000,275.000,1,1,2,1,1,1,1,1,0,2,0,0,2,1,1,1,1
86,5266.232,26.919,23.194,91.245,-0.021772,-0.999724,-0.008873,0.999751,-0.021728,-0.004986,0.004792,-0.008980,0.999948,0,0.44000,-0.27593,26.400,-0.552,425.000,325.000,-1,250.000,325.000,250.000,225.000,225.000,350.000,-1,200.000,200.000,-1,625.000,350.000,700.000,275.000,1,1,2,1,1,1,1,1,0,2,0,0,2,1,1,1,1
87,5265.971,48.518,24.791,90.691,-0.012186,-0.999853,-0.012090,0.999878,-0.012066,-0.009937,0.009789,-0.012210,0.999878,0,0.36000,-0.27684,21.600,-0.554,450.000,325.000,-1,250.000,325.000,250.000,225.000,225.000,350.000,-1,200.000,225.000,-1,625.000,350.000,775.000,275.000,1,1,2,1,1,1,1,1,0,2,0,0,2,1,1,1,1
88,5265.931,65.318,26.033,90.137,-0.002586,-0.999891,-0.014517,0.999903,-0.002387,-0.013722,0.013686,-0.014551,0.999800,0,0.28000,-0.27732,16.800,-0.555,475.000,325.000,-1,250.000,325.000,250.000,225.000,225.000,375.000,-1,200.000,225.000,-1,625.000,350.000,-1,275.000,1,1,2,1,1,1,1,1,0,2,0,0,2,1,1,2,1
89,5266.018,77.318,26.911,89.582,0.007029,-0.999845,-0.016119,0.999840,0.007293,-0.016345,0.016460,-0.016002,0.999736,0,0.20000,-0.27733,12.000,-0.555,500.000,325.000,-1,250.000,325.000,250.000,225.000,225.000,375.000,-1,200.000,225.000,-1,625.000,350.000,-1,275.000,1,1,2,1,1,1,1,1,0,2,0,0,2,1,1,2,1
90,5266.141,84.517,27.417,89.028,0.016655,-0.999719,-0.016865,0.999698,0.016955,-0.017802,0.018083,-0.016563,0.999699,0,0.12000,-0.27688,7.200,-0.554,525.000,325.000,-1,250.000,350.000,250.000,225.000,225.000,375.000,-1,200.000,225.000,-1,625.000,350.000,-1,275.000,1,1,2,1,1,1,1,1,0,2,0,0,2,1,1,2,1
91,5266.211,87.179,27.563,88.476,0.026281,-0.999514,-0.016770,0.999482,0.026585,-0.018154,0.018591,-0.016284,0.999695,0,0.04439,-0.27596,2.663,-0.552,525.000,325.000,-1,250.000,350.000,250.000,225.000,225.000,375.000,-1,200.000,225.000,-1,625.000,350.000,-1,275.000,1,1,2,1,1,1,1,1,0,2,0,0,2,1,1,2,1
92,5266.450,94.639,28.131,88.165,0.031673,-0.999339,-0.017840,0.999290,0.032025,-0.019824,0.020382,-0.017199,0.999644,0,0.12439,-0.15596,7.463,-0.312,550.000,325.000,-1,250.000,350.000,250.000,225.000,225.000,375.000,-1,200.000,225.000,-1,625.000,350.000,-1,275.000,1,1,2,1,1,1,1,1,0,2,0,0,2,1,1,2,1
93,5266.858,106.896,29.123,88.093,0.032822,-0.999259,-0.020088,0.999186,0.033278,-0.022811,0.023463,-0.019323,0.999538,0,0.20439,-0.03596,12.263,-0.072,550.000,325.000,-1,250.000,350.000,250.000,225.000,225.000,400.000,-1,200.000,225.000,-1,625.000,350.000,-1,275.000,1,1,2,1,1,1,1,1,0,2,0,0,2,1,1,2,1
94,5267.376,123.952,30.534,88.261,0.029710,-0.999283,-0.023485,0.999172,0.030344,-0.027116,0.027810,-0.022660,0.999356,0,0.28439,0.08404,17.063,0.168,575.000,325.000,-1,250.000,350.000,250.000,225.000,225.000,400.000,-1,200.000,225.000,-1,675.000,350.000,-1,275.000,1,1,2,1,1,1,1,1,0,2,0,0,2,1,1,2,1
95,5267.883,145.810,32.346,88.669,0.022311,-0.999360,-0.027960,0.999194,0.023223,-0.032741,0.033369,-0.027207,0.999073,0,0.36439,0.20404,21.863,0.408,575.000,350.000,-1,250.000,350.000,275.000,225.000,225.000,425.000,-1,200.000,225.000,-1,725.000,350.000,-1,275.000,1,1,2,1,1,1,1,1,0,2,0,0,2,1,1,2,1
96,5268.200,172.472,34.531,89.317,0.010593,-0.999386,-0.033401,0.999142,0.011916,-0.039674,0.040048,-0.032952,0.998654,0,0.44439,0.32404,26.663,0.648,575.000,350.000,-1,275.000,350.000,275.000,250.000,225.000,450.000,950.000,200.000,250.000,-1,800.000,375.000,-1,275.000,1,1,2,1,1,1,1,1,0,0,0,0,2,1,1,2,1
97,5268.086,203.936,37.046,90.205,-0.005477,-0.999199,-0.039650,0.998846,-0.003575,-0.047885,0.047705,-0.039866,0.998066,0,0.52439,0.44404,31.463,0.888,600.000,375.000,-1,275.000,350.000,275.000,250.000,225.000,475.000,825.000,175.000,250.000,-1,850.000,375.000,-1,275.000,1,1,2,1,1,1,1,1,0,0,0,0,2,1,1,2,1
98,5267.239,240.191,39.828,91.333,-0.025919,-0.998582,-0.046504,0.998086,-0.023237,-0.057302,0.056140,-0.047900,0.997273,0,0.60439,0.56404,36.263,1.128,575.000,400.000,-1,275.000,325.000,275.000,250.000,225.000,500.000,725.000,125.000,225.000,-1,875.000,375.000,-1,275.000,1,1,2,1,1,1,1,1,0,0,0,0,2,1,1,2,1
99,5265.301,281.210,42.793,92.701,-0.050736,-0.997266,-0.053721,0.996589,-0.047050,-0.067797,0.065084,-0.056977,0.996252,0,0.68439,0.68404,41.063,1.368,575.000,425.000,-1,275.000,300.000,300.000,250.000,200.000,500.000,650.000,100.000,225.000,-1,900.000,400.000,-1,275.000,1,1,2,1,1,1,1,1,1,0,0,0,2,1,1,2,1
100,5261.878,326.947,45.833,94.274,-0.079279,-0.994982,-0.061035,0.994087,-0.074353,-0.079143,0.074208,-0.066949,0.994993,0,0.76439,0.78626,45.863,1.573,575.000,450.000,-1,275.000,275.000,325.000,275.000,200.000,475.000,600.000,100.000,200.000,-1,950.000,475.000,-1,275.000,1,1,2,1,1,1,1,1,1,0,0,0,2,1,1,2,1
101,5256.735,377.350,48.879,95.819,-0.107474,-0.991856,-0.068342,0.990710,-0.101082,-0.090969,0.083320,-0.077484,0.993506,0,0.84439,0.77268,50.663,1.545,575.000,500.000,-1,300.000,250.000,325.000,275.000,200.000,450.000,475.000,75.000,175.000,-1,-1,575.000,-1,275.000,1,1,2,1,1,1,1,1,1,1,0,0,2,2,1,2,1
102,5249.649,432.360,51.836,97.332,-0.135198,-0.987928,-0.075625,0.986526,-0.127122,-0.102991,0.092134,-0.088530,0.991803,0,0.92439,0.75663,55.463,1.513,575.000,525.000,-1,325.000,250.000,350.000,300.000,200.000,425.000,375.000,50.000,175.000,-1,-1,700.000,-1,275.000,1,1,2,1,1,1,1,1,1,1,0,0,2,2,1,2,1
103,5240.454,491.653,54.583,98.807,-0.162289,-0.983257,-0.082871,0.981634,-0.152343,-0.114832,0.100284,-0.099985,0.989922,0,1.00000,0.73746,60.000,1.475,600.000,525.000,-1,375.000,250.000,400.000,325.000,175.000,375.000,325.000,50.000,175.000,-1,-1,850.000,-1,-1,1,1,2,1,1,1,1,1,1,1,0,0,2,2,1,2,2
104,5229.788,550.699,58.234,100.236,-0.188175,-0.978638,-0.082815,0.975788,-0.176722,-0.128866,0.111478,-0.105059,0.988198,0,1.00000,0.71447,60.000,1.429,-1,550.000,-1,425.000,-1,450.000,375.000,175.000,325.000,300.000,50.000,150.000,-1,-1,-1,-1,-1,2,1,2,1,2,1,1,1,1,1,0,0,2,2,2,2,2
105,196.572,-6867.033,-25.944,-184.958,-0.987943,-0.085950,-0.128772,0.098433,-0.990701,-0.093929,-0.119501,-0.105472,0.987216,1,0.00000,0.00000,60.000,1.377,-1,525.000,-1,250.000,-1,175.000,200.000,400.000,375.000,-1,-1,-1,-1,-1,650.000,-1,-1,2,1,2,1,2,1,1,1,1,2,2,2,2,2,1,2,2
106,191.788,-6866.634,-26.314,-184.804,-0.987992,-0.083265,-0.130149,0.096048,-0.990811,-0.095231,-0.121023,-0.106588,0.986910,0,0.08000,0.07732,4.800,0.155,-1,525.000,-1,250.000,-1,175.000,200.000,400.000,375.000,-1,-1,-1,-1,-1,650.000,-1,-1,2,1,2,1,2,1,1,1,1,2,2,2,2,2,1,2,2
107,182.219,-6865.859,-26.979,-184.650,-0.987844,-0.080598,-0.132922,0.093933,-0.990812,-0.097308,-0.123858,-0.108611,0.986338,0,0.16000,0.07661,9.600,0.153,-1,525.000,-1,250.000,-1,175.000,200.000,425.000,375.000,-1,-1,-1,-1,-1,650.000,-1,-1,2,1,2,1,2,1,1,1,1,2,2,2,2,2,1,2,2
108,167.861,-6864.736,-27.943,-184.497,-0.987490,-0.077916,-0.137085,0.092077,-0.990699,-0.100182,-0.128004,-0.111551,0.985480,0,0.24000,0.07679,14.400,0.154,-1,500.000,-1,250.000,-1,175.000,200.000,450.000,400.000,-1,-1,-1,-1,-1,625.000,-1,-1,2,1,2,1,2,1,1,1,1,2,2,2,2,2,1,2,2
109,148.714,-6863.291,-29.205,-184.341,-0.986917,-0.075189,-0.142622,0.090470,-0.990468,-0.103868,-0.133453,-0.115412,0.984312,0,0.32000,0.07788,19.200,0.156,-1,500.000,-1,250.000,-1,175.000,175.000,475.000,400.000,-1,0.000,-1,-1,-1,625.000,-1,-1,2,1,2,1,2,1,1,1,1,2,0,2,2,2,1,2,2
110,-4263.511,8199.190,2.984,-52.249,0.610977,0.787039,0.085303,-0.791498,0.609408,0.046410,-0.015458,-0.095873,0.995274,1,0.00000,0.00000,24.000,0.160,650.000,425.000,-1,425.000,-1,325.000,350.000,300.000,325.000,-1,575.000,625.000,-1,775.000,1000.000,-1,-1,1,0,2,0,2,0,0,0,0,2,1,1,2,1,0,2,2
111,-4260.556,8195.407,2.920,-52.009,0.614219,0.784486,0.085539,-0.788968,0.612704,0.046073,-0.016266,-0.095786,0.995269,0,0.08000,0.12000,4.800,0.240,625.000,400.000,-1,425.000,-1,325.000,350.000,300.000,325.000,-1,575.000,650.000,-1,775.000,1000.000,-1,-1,1,0,2,0,2,0,0,0,0,2,1,1,2,1,0,2,2
112,-4254.584,8187.892,2.787,-51.529,0.620670,0.779339,0.086017,-0.783868,0.619265,0.045411,-0.017877,-0.095611,0.995258,0,0.16000,0.24000,9.600,0.480,600.000,400.000,-1,425.000,-1,325.000,350.000,300.000,325.000,-1,600.000,650.000,-1,775.000,1000.000,-1,-1,1,0,2,0,2,0,0,0,0,2,1,1,2,1,0,2,2
113,-4245.485,8176.732,2.571,-50.809,0.630268,0.771516,0.086755,-0.776113,0.629026,0.044445,-0.020282,-0.095344,0.995238,0,0.24000,0.36000,14.400,0.720,575.000,400.000,-1,425.000,-1,325.000,350.000,300.000,325.000,-1,625.000,675.000,-1,750.000,1000.000,-1,-1,1,0,2,0,2,0,0,0,0,2,1,1,2,1,0,2,2
114,-4233.105,8162.057,2.257,-49.849,0.642911,0.760895,0.087778,-0.765582,0.641886,0.043208,-0.023466,-0.094980,0.995203,0,0.32000,0.48000,19.200,0.960,550.000,400.000,-1,425.000,-1,325.000,350.000,300.000,325.000,-1,650.000,725.000,-1,725.000,975.000,-1,-1,1,0,2,0,2,0,0,0,0,2,1,1,2,1,0,2,2
115,-4217.297,8144.000,1.817,-48.801,0.656491,0.749053,0.089108,-0.753845,0.655726,0.041736,-0.027168,-0.094573,0.995147,0,0.40000,0.52418,24.000,1.048,525.000,400.000,-1,425.000,-1,325.000,325.000,300.000,325.000,-1,700.000,800.000,-1,725.000,950.000,-1,-1,1,0,2,0,2,0,0,0,0,2,1,1,2,1,0,2,2
116,-4197.933,8122.682,1.150,-47.750,0.669878,0.736946,0.090406,-0.741823,0.669399,0.040041,-0.031009,-0.093888,0.995100,0,0.48000,0.52553,28.800,1.051,500.000,400.000,-1,425.000,-1,325.000,325.000,300.000,325.000,-1,725.000,850.000,-1,700.000,950.000,-1,-1,1,1,2,0,2,0,0,0,0,2,1,1,2,1,0,2,2
117,-4174.890,8098.230,-0.165,-46.695,0.683232,0.724658,0.089805,-0.729418,0.683012,0.037998,-0.033802,-0.091467,0.995234,0,0.56000,0.52761,33.600,1.055,475.000,400.000,-1,425.000,-1,325.000,325.000,300.000,325.000,-1,775.000,925.000,-1,700.000,925.000,-1,-1,1,1,2,0,2,0,0,0,0,2,1,1,2,1,0,2,2
118,-4148.041,8070.777,-1.714,-45.634,0.696420,0.712054,0.089321,-0.716691,0.696475,0.035726,-0.036771,-0.088896,0.995362,0,0.64000,0.53046,38.400,1.061,450.000,375.000,-1,425.000,-1,325.000,325.000,300.000,325.000,-1,825.000,1000.000,-1,675.000,900.000,-1,-1,1,1,2,0,2,0,0,0,0,2,1,1,2,1,0,2,2
119,-4117.266,8040.462,-3.510,-44.565,0.709455,0.699111,0.088984,-0.703620,0.709797,0.033265,-0.039905,-0.086212,0.995477,0,0.72000,0.53412,43.200,1.068,400.000,375.000,-1,425.000,-1,325.000,325.000,300.000,325.000,-1,900.000,-1,-1,675.000,900.000,-1,-1,1,1,2,0,2,0,0,0,0,2,1,2,2,1,0,2,2
120,-4082.443,8007.427,-5.566,-43.488,0.722346,0.685803,0.088822,-0.690182,0.722986,0.030663,-0.043188,-0.083453,0.995575,0,0.80000,0.53866,48.000,1.077,375.000,375.000,-1,425.000,-1,325.000,325.000,300.000,325.000,-1,1000.000,-1,-1,675.000,875.000,-1,-1,1,1,2,0,2,1,0,0,0,2,1,2,2,1,0,2,2
121,-4043.455,7971.822,-7.897,-42.400,0.735106,0.672103,0.088860,-0.676348,0.736051,0.027971,-0.046606,-0.080662,0.995651,0,0.88000,0.54414,52.800,1.088,350.000,350.000,-1,425.000,-1,325.000,325.000,300.000,325.000,-1,-1,-1,-1,675.000,850.000,-1,-1,1,1,2,0,2,1,0,0,0,2,2,2,2,1,0,2,2
122,-4000.187,7933.801,-9.243,-41.299,0.748277,0.658252,0.082379,-0.661788,0.749312,0.023840,-0.046035,-0.072356,0.996316,0,0.96000,0.55066,57.600,1.101,350.000,375.000,-1,425.000,-1,325.000,325.000,325.000,300.000,-1,-1,-1,-1,725.000,850.000,-1,-1,1,1,2,0,2,1,0,1,0,2,2,2,2,0,0,2,2
123,-3955.813,7896.312,-10.401,-40.182,0.761467,0.643981,0.073877,-0.646680,0.762538,0.018482,-0.044431,-0.061848,0.997096,0,0.96819,0.55833,58.092,1.117,375.000,375.000,-1,425.000,-1,325.000,350.000,300.000,300.000,-1,-1,-1,-1,750.000,850.000,-1,-1,1,1,2,0,2,1,0,1,0,2,2,2,2,0,0,2,2
124,-3913.950,7862.318,-11.722,-39.070,0.774186,0.629379,0.067219,-0.631461,0.775288,0.013654,-0.043520,-0.053017,0.997645,0,0.89879,0.55606,53.928,1.112,400.000,400.000,-1,425.000,-1,350.000,350.000,300.000,300.000,-1,-1,-1,-1,775.000,850.000,-1,-1,1,1,2,0,2,0,0,1,0,2,2,2,2,0,0,2,2
125,-3871.477,7829.196,-13.275,-37.942,0.786701,0.614241,0.061724,-0.615830,0.787827,0.009038,-0.043076,-0.045122,0.998052,0,0.89770,0.56372,53.862,1.127,450.000,400.000,-1,425.000,-1,350.000,350.000,275.000,300.000,-1,-1,-1,-1,775.000,850.000,-1,-1,1,1,2,0,2,0,0,1,0,2,2,2,2,0,0,2,2
126,-3828.428,7796.987,-15.232,-36.799,0.799061,0.598588,0.056508,-0.599743,0.800180,0.004469,-0.042541,-0.037461,0.998392,0,0.89609,0.57167,53.765,1.143,475.000,425.000,-1,425.000,-1,350.000,350.000,275.000,300.000,-1,-1,-1,-1,800.000,850.000,-1,-1,1,1,2,0,2,0,0,1,0,2,2,2,2,0,0,2,2
127,-3784.839,7765.732,-17.814,-35.639,0.811254,0.582384,0.051924,-0.583247,0.812292,0.001844,-0.041104,-0.031780,0.998649,0,0.89394,0.57990,53.637,1.160,-1,425.000,-1,425.000,-1,350.000,350.000,250.000,300.000,-1,-1,375.000,-1,800.000,850.000,-1,-1,2,0,2,0,2,0,0,1,0,2,2,0,2,0,0,2,2
128,-3740.751,7735.471,-20.646,-34.462,0.823232,0.565657,0.048183,-0.566303,0.824197,-0.000294,-0.039879,-0.027044,0.998838,0,0.89123,0.58841,53.474,1.177,-1,450.000,-1,425.000,-1,350.000,350.000,250.000,300.000,-1,-1,275.000,-1,800.000,850.000,-1,-1,2,0,2,0,2,0,0,1,0,2,2,0,2,0,0,2,2
129,-3696.207,7706.245,-23.322,-33.268,0.835003,0.548396,0.045082,-0.548925,0.835871,-0.000777,-0.038109,-0.024097,0.998983,0,0.88795,0.59718,53.277,1.194,-1,450.000,-1,425.000,-1,350.000,350.000,225.000,300.000,-1,400.000,250.000,-1,825.000,850.000,-1,-1,2,0,2,0,2,0,0,1,0,2,0,0,2,0,0,2,2
130,-3651.251,7678.091,-26.133,-32.056,0.846540,0.530617,0.042619,-0.531061,0.847333,-0.001047,-0.036668,-0.021747,0.999091,0,0.88407,0.60617,53.044,1.212,-1,450.000,-1,450.000,-1,350.000,350.000,225.000,300.000,-1,375.000,225.000,-1,825.000,850.000,-1,-1,2,0,2,0,2,0,0,1,0,2,0,0,2,0,0,2,2
131,-3605.930,7651.047,-29.087,-30.825,0.857831,0.512315,0.040725,-0.512698,0.858568,-0.001211,-0.035585,-0.019841,0.999170,0,0.87962,0.61536,52.777,1.231,-1,450.000,-1,450.000,-1,375.000,350.000,225.000,300.000,-1,350.000,225.000,-1,825.000,850.000,-1,-1,2,0,2,0,2,0,0,1,0,2,0,0,2,0,0,2,2
132,-3560.294,7625.142,-32.166,-29.580,0.868822,0.493561,0.039322,-0.493899,0.869518,-0.001259,-0.034813,-0.018327,0.999226,0,0.87459,0.62227,52.476,1.245,-1,450.000,-1,450.000,-1,375.000,375.000,200.000,300.000,-1,350.000,200.000,-1,825.000,850.000,-1,-1,2,0,2,0,2,0,0,1,0,2,0,0,2,0,0,2,2
133,-3514.398,7600.398,-35.396,-28.330,0.879435,0.474486,0.038176,-0.474789,0.880099,-0.001250,-0.034192,-0.017026,0.999270,0,0.86902,0.62500,52.141,1.250,-1,450.000,-1,450.000,-1,375.000,375.000,200.000,300.000,-1,325.000,200.000,-1,800.000,850.000,-1,-1,2,0,2,0,2,0,0,1,0,2,0,0,2,0,0,2,2
134,-3468.299,7576.832,-38.859,-27.076,0.889676,0.455110,0.036769,-0.455371,0.890300,-0.001399,-0.033372,-0.015499,0.999323,0,0.86290,0.62742,51.774,1.255,-1,425.000,-1,450.000,-1,350.000,350.000,175.000,300.000,-1,300.000,175.000,-1,800.000,850.000,-1,-1,2,0,2,0,2,0,0,1,0,2,0,0,2,0,0,2,2
