timestep,x_cm,y_cm,z_cm,yaw_deg,basis_xx,basis_xy,basis_xz,basis_yx,basis_yy,basis_yz,basis_zx,basis_zy,basis_zz,teleport_flag,throttle_cmd,steering_cmd,cmd_move_cm,cmd_turn_deg,lidar_cm_0,lidar_cm_1,lidar_cm_2,lidar_cm_3,lidar_cm_4,lidar_cm_5,lidar_cm_6,lidar_cm_7,lidar_cm_8,lidar_cm_9,lidar_cm_10,lidar_cm_11,lidar_cm_12,lidar_cm_13,lidar_cm_14,lidar_cm_15,lidar_cm_16,lidar_class_0,lidar_class_1,lidar_class_2,lidar_class_3,lidar_class_4,lidar_class_5,lidar_class_6,lidar_class_7,lidar_class_8,lidar_class_9,lidar_class_10,lidar_class_11,lidar_class_12,lidar_class_13,lidar_class_14,lidar_class_15,lidar_class_16
0,-2946.892,1639.697,-240.546,-1.583,0.997905,0.027627,0.058498,-0.027162,0.999593,-0.008727,-0.058716,0.007120,0.998249,1,0.08000,0.12000,4.800,0.240,-1,400.000,-1,400.000,-1,325.000,325.000,300.000,300.000,-1,-1,-1,-1,725.000,725.000,-1,-1,2,0,2,0,2,0,0,0,0,2,2,2,2,0,0,2,2
1,-2937.294,1639.512,-241.110,-1.103,0.998108,0.019252,0.058396,-0.018772,0.999785,-0.008755,-0.058552,0.007642,0.998255,0,0.16000,0.24000,9.600,0.480,-1,400.000,-1,400.000,-1,325.000,325.000,300.000,300.000,-1,-1,-1,-1,725.000,725.000,-1,-1,2,0,2,0,2,0,0,0,0,2,2,2,2,0,0,2,2
2,-2922.895,1639.416,-241.956,-0.383,0.998280,0.006687,0.058243,-0.006184,0.999942,-0.008801,-0.058299,0.008426,0.998264,0,0.24000,0.36000,14.400,0.720,-1,400.000,-1,400.000,-1,325.000,325.000,300.000,300.000,-1,-1,-1,-1,725.000,725.000,-1,-1,2,0,2,0,2,0,0,0,0,2,2,2,2,0,0,2,2
3,-2903.696,1639.609,-243.082,0.577,0.998263,-0.010067,0.058042,0.010600,0.999904,-0.008873,-0.057947,0.009473,0.998275,0,0.32000,0.48000,19.200,0.960,-1,400.000,-1,400.000,-1,325.000,325.000,300.000,300.000,-1,-1,-1,-1,725.000,725.000,-1,-1,2,0,2,0,2,0,0,0,0,2,2,2,2,0,0,2,2
4,-2879.707,1640.354,-244.486,1.777,0.997847,-0.031005,0.057793,0.031576,0.999461,-0.008980,-0.057483,0.010786,0.998288,0,0.40000,0.60000,24.000,1.200,-1,400.000,-1,400.000,-1,325.000,325.000,300.000,300.000,-1,-1,-1,-1,725.000,725.000,-1,-1,2,0,2,0,2,0,0,0,0,2,2,2,2,0,0,2,2
5,-2850.952,1641.966,-246.164,3.210,0.996774,-0.055986,0.057501,0.056601,0.998355,-0.009133,-0.056895,0.012358,0.998304,0,0.48000,0.71640,28.800,1.433,-1,375.000,-1,400.000,-1,325.000,325.000,300.000,300.000,-1,-1,-1,-1,725.000,725.000,-1,-1,2,0,2,0,2,0,0,0,0,2,2,2,2,0,0,2,2
6,-2817.462,1644.681,-248.113,4.634,0.995091,-0.080778,0.057169,0.081440,0.996635,-0.009329,-0.056223,0.013939,0.998321,0,0.56000,0.71205,33.600,1.424,-1,375.000,-1,375.000,-1,325.000,325.000,300.000,300.000,-1,-1,-1,-1,700.000,725.000,-1,-1,2,0,2,0,2,0,0,0,0,2,2,2,2,0,0,2,2
7,-2779.276,1648.727,-250.329,6.048,0.992812,-0.105348,0.056800,0.106056,0.994314,-0.009576,-0.055468,0.015532,0.998340,0,0.64000,0.70711,38.400,1.414,-1,375.000,-1,375.000,-1,325.000,325.000,300.000,300.000,-1,-1,-1,-1,700.000,725.000,-1,-1,2,0,2,0,2,0,0,0,0,2,2,2,2,0,0,2,2
8,-2736.442,1654.337,-252.806,7.462,0.989928,-0.129853,0.056399,0.130607,0.991385,-0.009887,-0.054629,0.017153,0.998359,0,0.72000,0.70711,43.200,1.414,-1,375.000,-1,375.000,-1,325.000,325.000,300.000,300.000,-1,-1,-1,-1,700.000,725.000,-1,-1,2,0,2,0,2,0,0,0,0,2,2,2,2,0,0,2,2
9,-2689.017,1661.744,-255.541,8.876,0.986441,-0.154276,0.055973,0.155079,0.987849,-0.010270,-0.053708,0.018811,0.998379,0,0.80000,0.70711,48.000,1.414,-1,375.000,-1,375.000,-1,325.000,325.000,300.000,300.000,-1,-1,-1,-1,700.000,725.000,-1,-1,2,0,2,0,2,0,0,0,0,2,2,2,2,0,0,2,2
10,-2637.067,1671.177,-258.362,10.291,0.982357,-0.178606,0.055446,0.179425,0.983719,-0.010137,-0.052733,0.019907,0.998410,0,0.88000,0.70711,52.800,1.414,-1,375.000,-1,375.000,-1,325.000,325.000,300.000,300.000,-1,-1,-1,-1,700.000,725.000,-1,-1,2,0,2,0,2,0,0,0,0,2,2,2,2,0,0,2,2
11,-2583.650,1682.011,-261.101,11.465,0.978537,-0.198726,0.054527,0.199524,0.979846,-0.009552,-0.051530,0.020226,0.998467,0,0.90841,0.58711,54.505,1.174,-1,375.000,-1,375.000,-1,300.000,325.000,300.000,300.000,-1,-1,-1,-1,700.000,725.000,-1,-1,2,0,2,0,2,0,0,0,0,2,2,2,2,0,0,2,2
12,-2530.417,1693.714,-263.665,12.399,0.975210,-0.214671,0.053680,0.215480,0.976460,-0.009689,-0.050336,0.021016,0.998511,0,0.90841,0.46711,54.505,0.934,-1,375.000,-1,375.000,-1,300.000,325.000,300.000,300.000,-1,-1,-1,-1,700.000,725.000,-1,-1,2,0,2,0,2,0,0,0,0,2,2,2,2,0,0,2,2
13,-2477.329,1706.062,-266.130,13.093,0.972592,-0.226482,0.052647,0.227313,0.973767,-0.010295,-0.048934,0.021981,0.998560,0,0.90841,0.34711,54.505,0.694,-1,375.000,-1,375.000,-1,300.000,325.000,300.000,300.000,-1,-1,-1,-1,700.000,725.000,-1,-1,2,0,2,0,2,0,0,0,0,2,2,2,2,0,0,2,2
14,-2424.341,1718.829,-268.581,13.547,0.970820,-0.234190,0.051618,0.235040,0.971924,-0.010972,-0.047599,0.022784,0.998607,0,0.90841,0.22711,54.505,0.454,-1,375.000,-1,375.000,-1,325.000,325.000,300.000,300.000,-1,-1,-1,-1,700.000,725.000,-1,-1,2,0,2,0,2,0,0,0,0,2,2,2,2,0,0,2,2
15,-2371.401,1731.795,-271.021,13.762,0.969992,-0.237819,0.050583,0.238683,0.971027,-0.011703,-0.046334,0.023425,0.998651,0,0.90841,0.10711,54.505,0.214,-1,375.000,-1,375.000,-1,325.000,325.000,300.000,300.000,-1,-1,975.000,-1,700.000,725.000,-1,-1,2,0,2,0,2,0,0,0,0,2,2,0,2,0,0,2,2
16,-2318.456,1744.737,-273.457,13.736,0.970154,-0.237379,0.049533,0.238253,0.971123,-0.012471,-0.045142,0.023900,0.998695,0,0.90841,-0.01289,54.505,-0.026,-1,375.000,-1,375.000,-1,325.000,325.000,300.000,300.000,-1,950.000,925.000,-1,725.000,725.000,-1,-1,2,0,2,0,2,0,0,0,0,2,0,0,2,0,0,2,2
17,-2265.450,1757.434,-275.891,13.470,0.971300,-0.232870,0.048456,0.233748,0.972207,-0.013260,-0.044022,0.024206,0.998737,0,0.90841,-0.13289,54.505,-0.266,-1,375.000,-1,400.000,-1,325.000,325.000,300.000,300.000,-1,900.000,875.000,-1,725.000,725.000,-1,-1,2,0,2,0,2,0,0,0,0,2,0,0,2,0,0,2,2
18,-2212.335,1769.662,-278.329,12.964,0.973375,-0.224278,0.047343,0.225156,0.974221,-0.014049,-0.042971,0.024335,0.998780,0,0.90841,-0.25289,54.505,-0.506,-1,375.000,-1,400.000,-1,325.000,325.000,300.000,300.000,-1,850.000,825.000,-1,725.000,750.000,-1,-1,2,0,2,0,2,0,0,0,0,2,0,0,2,0,0,2,2
19,-2159.065,1781.197,-280.775,12.219,0.976269,-0.211578,0.046182,0.212451,0.977059,-0.014817,-0.041988,0.024276,0.998823,0,0.90841,-0.37289,54.505,-0.746,-1,375.000,-1,400.000,-1,325.000,325.000,300.000,300.000,-1,825.000,800.000,-1,725.000,750.000,-1,-1,2,0,2,0,2,0,0,0,0,2,0,0,2,0,0,2,2
20,-2105.605,1791.814,-283.234,11.233,0.979824,-0.194739,0.044965,0.195598,0.980561,-0.015539,-0.041065,0.024020,0.998868,0,0.90841,-0.49289,54.505,-0.986,-1,375.000,-1,400.000,-1,325.000,325.000,300.000,300.000,-1,800.000,775.000,-1,725.000,750.000,-1,-1,2,0,2,0,2,0,0,0,0,2,0,0,2,0,0,2,2
21,-2051.929,1801.285,-285.710,10.007,0.983826,-0.173719,0.043684,0.174560,0.984514,-0.016188,-0.040195,0.023552,0.998914,0,0.90841,-0.61289,54.505,-1.226,-1,375.000,-1,400.000,-1,325.000,325.000,300.000,300.000,-1,775.000,750.000,-1,750.000,750.000,-1,-1,2,0,2,0,2,0,0,0,0,2,0,0,2,0,0,2,2
22,-2002.839,1809.079,-287.930,9.021,0.986716,-0.156758,0.042635,0.157575,0.987369,-0.016523,-0.039506,0.023022,0.998954,0,0.82841,-0.49289,49.705,-0.986,-1,400.000,-1,400.000,-1,325.000,325.000,300.000,300.000,-1,750.000,725.000,-1,750.000,750.000,-1,-1,2,0,2,0,2,0,0,0,0,2,0,0,2,0,0,2,2
23,-1954.402,1816.124,-290.001,8.275,0.988710,-0.143895,0.041788,0.144678,0.989344,-0.016341,-0.038992,0.022202,0.998993,0,0.81579,-0.37289,48.947,-0.746,-1,400.000,-1,400.000,-1,325.000,325.000,300.000,300.000,-1,750.000,750.000,-1,750.000,750.000,-1,-1,2,0,2,0,2,0,0,0,0,2,0,0,2,0,0,2,2
24,-1905.904,1822.741,-291.949,7.770,0.989955,-0.135157,0.041499,0.135937,0.990579,-0.016581,-0.038867,0.022056,0.999001,0,0.81579,-0.25289,48.947,-0.506,-1,400.000,-1,400.000,-1,325.000,325.000,300.000,300.000,-1,800.000,775.000,-1,750.000,750.000,-1,-1,2,0,2,0,2,0,0,0,0,2,0,0,2,0,0,2,2
25,-1857.376,1829.133,-293.863,7.504,0.990573,-0.130560,0.041470,0.131351,0.991191,-0.016951,-0.038892,0.022238,0.998996,0,0.81579,-0.13289,48.947,-0.266,-1,400.000,-1,400.000,-1,325.000,325.000,300.000,300.000,-1,825.000,825.000,-1,750.000,750.000,-1,-1,2,0,2,0,2,0,0,0,0,2,0,0,2,0,0,2,2
26,-1808.845,1835.503,-295.778,7.478,0.990631,-0.130112,0.041473,0.130918,0.991242,-0.017335,-0.038855,0.022602,0.998989,0,0.81579,-0.01289,48.947,-0.026,-1,400.000,-1,400.000,-1,325.000,325.000,300.000,300.000,-1,875.000,875.000,-1,750.000,750.000,-1,-1,2,0,2,0,2,0,0,0,0,2,0,0,2,0,0,2,2
27,-1760.338,1842.055,-297.676,7.692,0.990139,-0.133816,0.041460,0.134637,0.990737,-0.017687,-0.038709,0.023095,0.998984,0,0.81579,0.10711,48.947,0.214,-1,400.000,-1,400.000,-1,325.000,325.000,300.000,300.000,-1,925.000,900.000,-1,750.000,750.000,-1,-1,2,0,2,0,2,0,0,0,0,2,0,0,2,0,0,2,2
28,-1711.885,1848.991,-299.532,8.146,0.989050,-0.141664,0.041358,0.142498,0.989632,-0.017943,-0.038387,0.023640,0.998983,0,0.81579,0.22711,48.947,0.454,-1,400.000,-1,400.000,-1,325.000,325.000,300.000,300.000,-1,975.000,950.000,-1,750.000,750.000,-1,-1,2,0,2,0,2,0,0,0,0,2,0,0,2,0,0,2,2
29,-1663.519,1856.514,-301.370,8.841,0.987265,-0.153641,0.041258,0.154489,0.987827,-0.018194,-0.037960,0.024337,0.998983,0,0.81579,0.34711,48.947,0.694,-1,400.000,-1,400.000,-1,325.000,325.000,300.000,300.000,-1,1000.000,975.000,-1,750.000,750.000,-1,-1,2,0,2,0,2,0,0,0,0,2,0,0,2,0,0,2,2
30,-1615.283,1864.824,-303.183,9.775,0.984632,-0.169723,0.041156,0.170587,0.985170,-0.018444,-0.037415,0.025181,0.998982,0,0.81579,0.46711,48.947,0.934,-1,400.000,-1,400.000,-1,325.000,325.000,300.000,300.000,-1,-1,1000.000,-1,750.000,750.000,-1,-1,2,0,2,0,2,0,0,0,0,2,2,0,2,0,0,2,2
31,-1567.226,1874.121,-304.969,10.949,0.980950,-0.189871,0.041053,0.190752,0.981460,-0.018698,-0.036742,0.026172,0.998982,0,0.81579,0.58711,48.947,1.174,-1,400.000,-1,400.000,-1,325.000,325.000,300.000,300.000,-1,-1,-1,-1,750.000,750.000,-1,-1,2,0,2,0,2,0,0,0,0,2,2,2,2,0,0,2,2
32,-1519.414,1884.602,-306.720,12.363,0.975969,-0.214030,0.040947,0.214930,0.976445,-0.018961,-0.035924,0.027306,0.998981,0,0.81579,0.70711,48.947,1.414,-1,400.000,-1,400.000,-1,325.000,325.000,300.000,300.000,-1,-1,-1,-1,750.000,750.000,-1,-1,2,0,2,0,2,0,0,0,0,2,2,2,2,0,0,2,2
33,-1471.883,1896.290,-308.442,13.815,0.970236,-0.238693,0.040837,0.239613,0.970678,-0.019256,-0.035043,0.028468,0.998980,0,0.81579,0.72594,48.947,1.452,-1,400.000,-1,400.000,-1,325.000,325.000,300.000,300.000,-1,-1,-1,-1,750.000,750.000,-1,-1,2,0,2,0,2,0,0,0,0,2,2,2,2,0,0,2,2
34,-1419.974,1910.226,-310.312,15.027,0.964976,-0.259161,0.040712,0.260099,0.965382,-0.019647,-0.034211,0.029549,0.998978,0,0.89579,0.60594,53.747,1.212,-1,400.000,-1,400.000,-1,325.000,325.000,300.000,300.000,-1,-1,-1,-1,750.000,750.000,-1,-1,2,0,2,0,2,0,0,0,0,2,2,2,2,0,0,2,2
35,-1366.138,1925.663,-312.221,15.999,0.960445,-0.275491,0.040621,0.276446,0.960821,-0.020030,-0.033511,0.030467,0.998974,0,0.93344,0.48594,56.006,0.972,-1,400.000,-1,400.000,-1,325.000,325.000,300.000,300.000,-1,-1,-1,-1,725.000,750.000,-1,-1,2,0,2,0,2,0,0,0,0,2,2,2,2,0,0,2,2
36,-1312.502,1941.786,-314.044,16.731,0.956860,-0.287736,0.040334,0.288694,0.957207,-0.020248,-0.032782,0.031018,0.998981,0,0.93344,0.36594,56.006,0.732,-1,400.000,-1,400.000,-1,325.000,325.000,300.000,300.000,-1,-1,-1,-1,725.000,750.000,-1,-1,2,0,2,0,2,0,0,0,0,2,2,2,2,0,0,2,2
37,-1259.008,1958.368,-315.808,17.223,0.954371,-0.295936,0.039962,0.296904,0.954681,-0.020803,-0.031995,0.031719,0.998985,0,0.93344,0.24594,56.006,0.492,-1,400.000,-1,400.000,-1,325.000,325.000,300.000,300.000,-1,-1,-1,-1,725.000,725.000,-1,-1,2,0,2,0,2,0,0,0,0,2,2,2,2,0,0,2,2
38,-1205.586,1975.186,-317.563,17.475,0.953078,-0.300126,0.039576,0.301096,0.953357,-0.021243,-0.031355,0.032163,0.998991,0,0.93344,0.12594,56.006,0.252,-1,400.000,-1,400.000,-1,325.000,325.000,300.000,300.000,-1,-1,-1,-1,725.000,725.000,-1,-1,2,0,2,0,2,0,0,0,0,2,2,2,2,0,0,2,2
39,-1152.168,1992.015,-319.284,17.486,0.953027,-0.300323,0.039324,0.301289,0.953293,-0.021382,-0.031066,0.032226,0.998998,0,0.93344,0.00594,56.006,0.012,-1,400.000,-1,400.000,-1,325.000,325.000,300.000,300.000,-1,-1,-1,-1,725.000,725.000,-1,-1,2,0,2,0,2,0,0,0,0,2,2,2,2,0,0,2,2
40,-1098.703,2008.693,-321.012,17.324,0.953882,-0.297627,0.039087,0.298590,0.954138,-0.021538,-0.030884,0.032216,0.999004,0,0.93344,-0.08098,56.006,-0.162,-1,400.000,-1,400.000,-1,325.000,325.000,300.000,300.000,-1,-1,-1,-1,725.000,700.000,-1,-1,2,0,2,0,2,0,0,0,0,2,2,2,2,0,0,2,2
41,-1045.190,2025.219,-322.745,17.162,0.954729,-0.294928,0.038860,0.295889,0.954975,-0.021726,-0.030702,0.032241,0.999008,0,0.93344,-0.08098,56.006,-0.162,-1,400.000,-1,400.000,-1,325.000,325.000,300.000,300.000,-1,-1,-1,-1,725.000,700.000,-1,-1,2,0,2,0,2,0,0,0,0,2,2,2,2,0,0,2,2
42,-991.631,2041.594,-324.483,17.000,0.955568,-0.292227,0.038643,0.293187,0.955803,-0.021946,-0.030521,0.032301,0.999012,0,0.93344,-0.08098,56.006,-0.162,-1,400.000,-1,400.000,-1,325.000,325.000,300.000,300.000,-1,-1,-1,-1,700.000,700.000,-1,-1,2,0,2,0,2,0,0,0,0,2,2,2,2,0,0,2,2
43,-938.026,2057.818,-326.225,16.839,0.956399,-0.289523,0.038435,0.290483,0.956623,-0.022198,-0.030341,0.032394,0.999015,0,0.93344,-0.08098,56.006,-0.162,-1,400.000,-1,400.000,-1,325.000,325.000,300.000,300.000,-1,-1,-1,-1,700.000,700.000,-1,-1,2,0,2,0,2,0,0,0,0,2,2,2,2,0,0,2,2
44,-888.913,2072.307,-327.832,16.437,0.958414,-0.282805,0.038249,0.283764,0.958632,-0.022413,-0.030328,0.032335,0.999017,0,0.85344,-0.20098,51.206,-0.402,-1,400.000,-1,375.000,-1,325.000,325.000,300.000,300.000,-1,-1,-1,-1,675.000,675.000,-1,-1,2,0,2,0,2,0,0,0,0,2,2,2,2,0,0,2,2
45,-844.258,2084.938,-329.308,15.795,0.961530,-0.272049,0.038080,0.273005,0.961748,-0.022574,-0.030482,0.032102,0.999020,0,0.77344,-0.32098,46.406,-0.642,-1,375.000,-1,375.000,-1,325.000,325.000,300.000,300.000,-1,-1,-1,-1,675.000,675.000,-1,-1,2,0,2,0,2,0,0,0,0,2,2,2,2,0,0,2,2
46,-800.371,2096.626,-330.778,14.913,0.965610,-0.257216,0.037911,0.258167,0.965834,-0.022688,-0.030781,0.031695,0.999024,0,0.75694,-0.44098,45.417,-0.882,-1,375.000,-1,375.000,-1,325.000,325.000,300.000,300.000,-1,-1,-1,-1,675.000,675.000,-1,-1,2,0,2,0,2,0,0,0,0,2,2,2,2,0,0,2,2
47,-756.264,2107.452,-332.279,13.791,0.970468,-0.238260,0.037740,0.239202,0.970703,-0.022744,-0.031215,0.031100,0.999029,0,0.75694,-0.56098,45.417,-1.122,-1,375.000,-1,375.000,-1,325.000,300.000,300.000,300.000,-1,-1,-1,-1,675.000,675.000,-1,-1,2,0,2,0,2,0,0,0,0,2,2,2,2,0,0,2,2
48,-711.911,2117.226,-333.750,12.429,0.975854,-0.215124,0.037813,0.216066,0.976111,-0.022850,-0.031994,0.030469,0.999024,0,0.75694,-0.68098,45.417,-1.362,-1,375.000,-1,375.000,-1,325.000,300.000,300.000,300.000,-1,-1,-1,-1,650.000,650.000,-1,-1,2,0,2,0,2,0,0,0,0,2,2,2,2,0,0,2,2
49,-667.303,2125.757,-335.000,10.827,0.981512,-0.187762,0.037131,0.188652,0.981795,-0.022097,-0.032306,0.028693,0.999066,0,0.75694,-0.80098,45.417,-1.602,-1,375.000,-1,375.000,-1,300.000,300.000,300.000,300.000,-1,-1,-1,-1,650.000,650.000,-1,-1,2,0,2,0,2,0,0,0,0,2,2,2,2,0,0,2,2
50,-622.443,2132.849,-336.185,8.985,0.987079,-0.156118,0.036089,0.156929,0.987390,-0.020851,-0.032379,0.026245,0.999131,0,0.75694,-0.92098,45.417,-1.842,-1,375.000,-1,375.000,-1,300.000,300.000,300.000,300.000,-1,-1,-1,-1,650.000,650.000,-1,-1,2,0,2,0,2,0,0,0,0,2,2,2,2,0,0,2,2
51,-577.363,2138.371,-337.110,6.985,0.991994,-0.121567,0.034197,0.122323,0.992270,-0.020930,-0.031388,0.024946,0.999196,0,0.75694,-1.00000,45.417,-2.000,-1,375.000,-1,375.000,-1,300.000,300.000,300.000,300.000,-1,-1,-1,-1,650.000,650.000,-1,-1,2,0,2,0,2,0,0,0,0,2,2,2,2,0,0,2,2
52,-532.118,2142.318,-337.961,4.985,0.995708,-0.086865,0.031941,0.087571,0.995929,-0.021387,-0.029954,0.024092,0.999261,0,0.75694,-1.00000,45.417,-2.000,-1,375.000,-1,375.000,-1,300.000,300.000,300.000,300.000,-1,-1,-1,-1,650.000,650.000,-1,-1,2,0,2,0,2,0,0,0,0,2,2,2,2,0,0,2,2
53,-486.585,2144.692,-338.871,2.985,0.998203,-0.052056,0.029666,0.052708,0.998376,-0.021619,-0.028493,0.023143,0.999326,0,0.75992,-1.00000,45.595,-2.000,-1,375.000,-1,375.000,-1,300.000,300.000,300.000,300.000,-1,-1,-1,-1,650.000,650.000,-1,-1,2,0,2,0,2,0,0,0,0,2,2,2,2,0,0,2,2
54,-440.638,2145.481,-339.843,0.985,0.999477,-0.017188,0.027379,0.017783,0.999608,-0.021617,-0.026997,0.022093,0.999391,0,0.76590,-0.99983,45.954,-2.000,-1,375.000,-1,375.000,-1,300.000,300.000,300.000,300.000,-1,875.000,875.000,-1,650.000,650.000,-1,-1,2,0,2,0,2,0,0,0,0,2,0,0,2,0,0,2,2
55,-394.331,2144.662,-340.878,-1.013,0.999529,0.017680,0.025098,-0.017145,0.999625,-0.021372,-0.025466,0.020932,0.999457,0,0.77191,-0.99917,46.314,-1.998,-1,375.000,-1,375.000,-1,325.000,300.000,300.000,300.000,-1,750.000,750.000,-1,650.000,650.000,-1,-1,2,0,2,0,2,0,0,0,0,2,0,0,2,0,0,2,2
56,-347.722,2142.212,-341.976,-3.009,0.998360,0.052489,0.022842,-0.052015,0.998428,-0.020875,-0.023902,0.019653,0.999521,0,0.77790,-0.99805,46.674,-1.996,-1,375.000,-1,375.000,-1,325.000,300.000,300.000,325.000,-1,675.000,650.000,-1,650.000,650.000,-1,-1,2,0,2,0,2,0,0,0,0,2,0,0,2,0,0,2,2
57,-300.870,2138.111,-343.137,-5.002,0.995979,0.087181,0.020632,-0.086768,0.996025,-0.020121,-0.022304,0.018249,0.999585,0,0.78384,-0.99646,47.030,-1.993,-1,375.000,-1,375.000,-1,325.000,300.000,300.000,325.000,-1,600.000,600.000,-1,650.000,625.000,-1,-1,2,0,2,0,2,0,0,0,0,2,0,0,2,0,0,2,2
58,-253.842,2132.344,-344.360,-6.991,0.992395,0.121697,0.018490,-0.121345,0.992427,-0.019102,-0.020675,0.016713,0.999647,0,0.78969,-0.99437,47.381,-1.989,-1,375.000,-1,375.000,-1,300.000,300.000,300.000,300.000,-1,525.000,550.000,-1,650.000,625.000,1000.000,-1,2,0,2,0,2,0,0,0,0,2,0,0,2,0,0,1,2
59,-206.702,2124.899,-345.646,-8.975,0.987624,0.155978,0.016439,-0.155685,0.987646,-0.017816,-0.019015,0.015036,0.999706,0,0.79540,-0.99176,47.724,-1.984,1000.000,375.000,-1,375.000,-1,300.000,300.000,300.000,300.000,-1,475.000,500.000,-1,625.000,625.000,950.000,-1,1,0,2,0,2,0,0,0,0,2,0,0,2,0,0,1,2
60,-159.522,2115.769,-346.994,-10.952,0.981684,0.189966,0.014502,-0.189729,0.981702,-0.016261,-0.017326,0.013211,0.999763,0,0.80093,-0.98862,48.056,-1.977,925.000,375.000,-1,375.000,-1,300.000,300.000,275.000,300.000,-1,450.000,450.000,-1,625.000,625.000,900.000,-1,1,0,2,0,2,0,0,0,0,2,0,0,2,0,0,1,2
61,-112.374,2104.952,-348.399,-12.922,0.974597,0.223604,0.012691,-0.223420,0.974615,-0.014447,-0.015599,0.011244,0.999815,0,0.80622,-0.98493,48.373,-1.970,875.000,350.000,-1,375.000,-1,300.000,300.000,275.000,300.000,-1,400.000,425.000,-1,625.000,625.000,850.000,-1,1,0,2,0,2,0,0,0,0,2,0,0,2,0,0,1,2
62,-65.334,2092.450,-349.441,-14.883,0.966400,0.256831,0.010464,-0.256678,0.966396,-0.014000,-0.013708,0.010844,0.999847,0,0.81121,-0.98067,48.673,-1.961,800.000,350.000,-1,375.000,-1,300.000,300.000,275.000,300.000,-1,400.000,400.000,-1,625.000,625.000,800.000,-1,1,0,2,0,2,0,0,0,0,2,0,0,2,0,0,1,2
63,-18.481,2078.274,-349.785,-16.835,0.957127,0.289585,0.006940,-0.289448,0.957059,-0.016062,-0.011293,0.013364,0.999847,0,0.81585,-0.97583,48.951,-1.952,775.000,350.000,-1,350.000,-1,300.000,300.000,300.000,300.000,-1,400.000,400.000,-1,625.000,625.000,775.000,-1,1,0,2,0,2,0,0,0,0,2,0,0,2,0,0,1,2
64,28.105,2062.437,-350.070,-18.775,0.946797,0.321818,0.002826,-0.321718,0.946663,-0.018054,-0.008485,0.016184,0.999833,0,0.82007,-0.97040,49.204,-1.941,725.000,350.000,-1,350.000,-1,300.000,300.000,300.000,300.000,-1,400.000,400.000,-1,625.000,625.000,725.000,-1,1,0,2,0,2,0,0,0,0,2,0,0,2,0,0,1,2
65,74.341,2044.963,-350.246,-20.704,0.935440,0.353483,-0.000827,-0.353432,0.935261,-0.019296,-0.006047,0.018343,0.999813,0,0.82380,-0.96436,49.428,-1.929,700.000,350.000,-1,350.000,-1,300.000,300.000,300.000,300.000,-1,400.000,400.000,-1,625.000,625.000,700.000,-1,1,0,2,0,2,0,0,0,0,2,0,0,2,1,0,1,2
66,120.143,2025.880,-350.225,-22.620,0.923102,0.384537,-0.003596,-0.384531,0.922903,-0.019644,-0.004235,0.019516,0.999801,0,0.82697,-0.95771,49.618,-1.915,650.000,350.000,-1,350.000,-1,300.000,300.000,300.000,300.000,-1,425.000,425.000,-1,600.000,625.000,675.000,-1,1,0,2,0,2,0,0,0,0,2,0,0,2,1,0,1,2
67,165.424,2005.224,-349.921,-24.520,0.909823,0.414941,-0.006757,-0.414993,0.909642,-0.018204,-0.001407,0.019367,0.999811,0,0.82950,-0.95045,49.770,-1.901,625.000,350.000,-1,350.000,-1,300.000,300.000,300.000,300.000,-1,450.000,425.000,-1,600.000,625.000,650.000,-1,1,0,2,0,2,0,0,0,0,2,0,0,2,1,0,1,2
68,210.100,1983.042,-349.537,-26.406,0.895651,0.444646,-0.009932,-0.444753,0.895512,-0.015889,0.001830,0.018648,0.999824,0,0.83133,-0.94258,49.880,-1.885,575.000,375.000,-1,375.000,-1,300.000,300.000,300.000,300.000,-1,450.000,425.000,-1,600.000,650.000,625.000,-1,1,0,2,0,2,0,0,0,0,2,0,0,2,1,0,1,2
69,254.084,1959.385,-349.157,-28.274,0.880638,0.473613,-0.012969,-0.473762,0.880556,-0.013083,0.005224,0.017666,0.999830,0,0.83237,-0.93412,49.942,-1.868,550.000,375.000,-1,375.000,-1,300.000,300.000,300.000,300.000,-1,450.000,425.000,-1,600.000,650.000,625.000,-1,1,0,2,0,2,0,0,0,0,2,0,0,2,1,0,1,2
70,301.539,1932.094,-348.775,-29.902,0.866768,0.498453,-0.016066,-0.498629,0.866762,-0.009669,0.009106,0.016392,0.999824,0,0.91237,-0.81412,54.742,-1.628,525.000,375.000,-1,375.000,-1,300.000,300.000,300.000,300.000,-1,425.000,425.000,-1,600.000,675.000,650.000,-1,1,0,2,0,2,0,0,0,0,2,0,0,2,1,0,1,2
71,349.786,1902.770,-348.408,-31.290,0.854369,0.519318,-0.019051,-0.519499,0.854451,-0.005873,0.013229,0.014915,0.999801,0,0.94100,-0.69412,56.460,-1.388,500.000,375.000,-1,375.000,-1,300.000,300.000,300.000,300.000,-1,400.000,400.000,-1,625.000,675.000,700.000,-1,1,1,2,0,2,0,0,0,0,2,0,0,2,1,0,1,2
72,397.391,1872.514,-347.845,-32.439,0.843721,0.536342,-0.021738,-0.536521,0.843882,-0.002982,0.016744,0.014179,0.999759,0,0.94010,-0.57412,56.406,-1.148,500.000,375.000,-1,375.000,-1,325.000,300.000,300.000,300.000,-1,375.000,350.000,-1,675.000,675.000,-1,-1,1,1,2,0,2,0,0,0,0,2,0,0,2,0,0,2,2
73,444.434,1841.558,-347.235,-33.347,0.835038,0.549656,-0.024293,-0.549823,0.835281,-0.000238,0.020161,0.013556,0.999705,0,0.93857,-0.45412,56.314,-0.908,500.000,375.000,-1,375.000,-1,325.000,325.000,300.000,300.000,-1,350.000,325.000,-1,675.000,700.000,-1,-1,1,1,2,0,2,0,0,0,0,2,0,0,2,0,0,2,2
74,490.980,1810.084,-346.120,-34.067,0.828004,0.560092,-0.026562,-0.560291,0.828296,-0.000033,0.021982,0.014910,0.999647,0,0.93647,-0.35982,56.188,-0.720,500.000,375.000,-1,375.000,-1,325.000,325.000,300.000,300.000,-1,375.000,325.000,-1,675.000,700.000,-1,-1,1,0,2,0,2,0,0,0,0,2,0,0,2,0,0,2,2
75,537.007,1778.136,-344.986,-34.766,0.821038,0.570148,-0.028787,-0.570381,0.821380,0.000127,0.023718,0.016315,0.999586,0,0.93380,-0.34966,56.028,-0.699,550.000,375.000,-1,375.000,-1,300.000,325.000,300.000,300.000,-1,375.000,350.000,-1,675.000,700.000,-1,-1,1,0,2,0,2,0,0,0,0,2,0,0,2,0,0,2,2
76,582.479,1745.768,-343.456,-35.444,0.814088,0.579802,-0.033013,-0.580124,0.814528,-0.000218,0.026763,0.019329,0.999455,0,0.93026,-0.33920,55.816,-0.678,700.000,375.000,-1,375.000,-1,300.000,325.000,300.000,300.000,-1,400.000,350.000,-1,675.000,700.000,-1,-1,1,0,2,0,2,0,0,0,0,2,0,0,2,0,0,2,2
77,627.366,1713.037,-341.691,-36.101,0.807178,0.589054,-0.038442,-0.589514,0.807758,-0.000782,0.030591,0.023293,0.999261,0,0.92588,-0.32853,55.553,-0.657,-1,375.000,-1,375.000,-1,325.000,325.000,300.000,300.000,-1,400.000,325.000,-1,700.000,700.000,-1,-1,2,0,2,0,2,0,0,1,0,2,0,0,2,0,0,2,2
78,671.637,1679.996,-340.316,-36.737,0.800443,0.597942,-0.041903,-0.598491,0.801129,-0.000697,0.033153,0.025637,0.999121,0,0.92069,-0.31771,55.241,-0.635,-1,375.000,-1,375.000,-1,325.000,325.000,300.000,300.000,-1,400.000,350.000,-1,700.000,700.000,-1,-1,2,0,2,0,2,0,0,1,0,2,0,0,2,0,0,2,2
79,715.266,1646.699,-339.325,-37.350,0.793915,0.606476,-0.043414,-0.607050,0.794663,-0.000044,0.034473,0.026389,0.999057,0,0.91473,-0.30684,54.884,-0.614,-1,375.000,-1,375.000,-1,325.000,325.000,275.000,300.000,-1,425.000,350.000,-1,700.000,700.000,-1,-1,2,0,2,0,2,0,0,1,0,2,0,0,2,0,0,2,2
80,758.227,1613.188,-337.956,-37.954,0.787485,0.614833,-0.042979,-0.615364,0.788242,0.001109,0.034560,0.025574,0.999075,0,0.90808,-0.30201,54.485,-0.604,-1,375.000,-1,375.000,-1,300.000,300.000,250.000,300.000,-1,450.000,400.000,-1,700.000,700.000,-1,-1,2,0,2,0,2,0,0,1,0,2,0,0,2,0,0,2,2
81,800.495,1579.503,-335.897,-38.554,0.780942,0.623035,-0.044248,-0.623580,0.781757,0.001862,0.035751,0.026138,0.999019,0,0.90081,-0.29964,54.049,-0.599,-1,375.000,-1,375.000,-1,300.000,300.000,250.000,300.000,-1,500.000,425.000,-1,700.000,700.000,-1,-1,2,0,2,0,2,0,0,1,0,2,0,0,2,0,0,2,2
82,842.048,1545.674,-333.865,-39.149,0.774354,0.631118,-0.045460,-0.631675,0.775229,0.002654,0.036916,0.026661,0.998963,0,0.89303,-0.29777,53.582,-0.596,-1,375.000,-1,375.000,-1,300.000,300.000,250.000,300.000,-1,525.000,475.000,-1,700.000,700.000,-1,-1,2,0,2,0,2,0,0,1,0,2,0,0,2,0,0,2,2
83,882.872,1511.731,-331.860,-39.742,0.767712,0.639097,-0.046612,-0.639664,0.768647,0.003482,0.038054,0.027143,0.998907,0,0.88486,-0.29642,53.091,-0.593,-1,375.000,-1,375.000,-1,300.000,300.000,225.000,300.000,-1,550.000,500.000,-1,700.000,700.000,-1,-1,2,0,2,0,2,0,0,1,0,2,0,0,2,0,0,2,2
84,922.959,1477.696,-329.749,-40.333,0.761002,0.646994,-0.047687,-0.647542,0.762014,0.004978,0.039559,0.027091,0.998850,0,0.87644,-0.29557,52.586,-0.591,-1,375.000,-1,375.000,-1,300.000,325.000,225.000,300.000,-1,575.000,525.000,-1,700.000,700.000,-1,-1,2,0,2,0,2,0,0,1,0,2,0,0,2,0,0,2,2
85,962.306,1443.584,-327.638,-40.924,0.754219,0.654816,-0.048684,-0.655335,0.755310,0.006645,0.041123,0.026892,0.998792,0,0.86791,-0.29524,52.075,-0.590,-1,375.000,-1,375.000,-1,325.000,325.000,250.000,300.000,-1,600.000,550.000,-1,725.000,725.000,-1,-1,2,0,2,0,2,0,0,1,0,2,0,0,2,0,0,2,2
86,997.835,1412.398,-325.723,-41.274,0.750133,0.659430,-0.049526,-0.659914,0.751297,0.008163,0.042591,0.026560,0.998739,0,0.78791,-0.17524,47.275,-0.350,-1,375.000,-1,375.000,-1,325.000,325.000,250.000,300.000,-1,575.000,575.000,-1,725.000,725.000,-1,-1,2,0,2,0,2,0,0,1,0,2,0,0,2,0,0,2,2
87,1029.704,1384.318,-323.999,-41.385,0.748803,0.660885,-0.050243,-0.661332,0.750033,0.009519,0.043975,0.026099,0.998692,0,0.70791,-0.05524,42.475,-0.110,-1,375.000,-1,375.000,-1,325.000,325.000,250.000,300.000,-1,550.000,600.000,-1,725.000,725.000,-1,-1,2,0,2,0,2,0,0,1,0,2,0,0,2,0,0,2,2
88,1061.127,1356.755,-321.950,-41.255,0.750253,0.659182,-0.050989,-0.659643,0.751518,0.009574,0.044630,0.026451,0.998653,0,0.69664,0.06476,41.799,0.130,-1,375.000,-1,375.000,-1,325.000,325.000,250.000,300.000,-1,600.000,625.000,-1,725.000,725.000,-1,-1,2,0,2,0,2,0,0,1,0,2,0,0,2,0,0,2,2
89,1092.505,1329.590,-319.756,-40.886,0.754456,0.654308,-0.051744,-0.654814,0.755738,0.008839,0.044888,0.027214,0.998621,0,0.69172,0.18476,41.503,0.370,-1,375.000,-1,375.000,-1,325.000,325.000,275.000,300.000,-1,650.000,675.000,-1,725.000,725.000,-1,-1,2,0,2,0,2,0,0,1,0,2,0,0,2,0,0,2,2
90,1123.943,1302.875,-317.751,-40.357,0.760425,0.647305,-0.052439,-0.647810,0.761749,0.009019,0.045783,0.027113,0.998583,0,0.68760,0.26447,41.256,0.529,-1,375.000,-1,375.000,-1,325.000,325.000,275.000,300.000,-1,675.000,700.000,-1,725.000,750.000,-1,-1,2,0,2,0,2,0,0,1,0,2,0,0,2,0,0,2,2
91,1155.462,1276.585,-315.914,-39.830,0.766291,0.640295,-0.053110,-0.640760,0.767676,0.009988,0.047166,0.026377,0.998539,0,0.68407,0.26310,41.044,0.526,-1,400.000,-1,400.000,-1,325.000,325.000,300.000,300.000,-1,650.000,675.000,-1,750.000,750.000,-1,-1,2,0,2,0,2,0,0,1,0,2,0,0,2,0,0,2,2
92,1187.066,1250.710,-314.239,-39.307,0.772051,0.633282,-0.053777,-0.633667,0.773517,0.011735,0.049029,0.025017,0.998484,0,0.68075,0.26156,40.845,0.523,-1,400.000,-1,400.000,-1,325.000,325.000,300.000,300.000,-1,625.000,650.000,-1,750.000,750.000,-1,-1,2,0,2,0,2,0,0,1,0,2,0,0,2,0,0,2,2
93,1218.758,1225.240,-312.644,-38.788,0.777706,0.626264,-0.054471,-0.626547,0.779261,0.013832,0.051109,0.023371,0.998420,0,0.67764,0.25986,40.658,0.520,-1,400.000,-1,400.000,-1,325.000,325.000,300.000,300.000,-1,575.000,625.000,-1,750.000,775.000,-1,-1,2,0,2,0,2,0,0,0,0,2,0,0,2,0,1,2,2
94,1250.542,1200.164,-310.609,-38.272,0.783269,0.619218,-0.055301,-0.619514,0.784866,0.013684,0.051877,0.023542,0.998376,0,0.67474,0.25801,40.485,0.516,-1,400.000,-1,400.000,-1,325.000,325.000,300.000,300.000,-1,600.000,625.000,-1,750.000,775.000,-1,-1,2,0,2,0,2,0,0,0,0,2,0,0,2,0,1,2,2
95,1282.422,1175.472,-308.580,-37.760,0.788727,0.612177,-0.056114,-0.612487,0.790365,0.013502,0.052617,0.023720,0.998333,0,0.67207,0.25602,40.324,0.512,-1,400.000,-1,400.000,-1,325.000,325.000,300.000,300.000,-1,625.000,650.000,-1,750.000,750.000,-1,-1,2,0,2,0,2,0,0,0,0,2,0,0,2,0,1,2,2
96,1311.616,1153.467,-306.737,-37.007,0.796657,0.601751,-0.056854,-0.602068,0.798334,0.013306,0.053396,0.023630,0.998294,0,0.60930,0.37602,36.558,0.752,-1,400.000,-1,400.000,-1,325.000,325.000,300.000,300.000,-1,650.000,675.000,-1,775.000,750.000,-1,-1,2,0,2,0,2,0,0,0,0,2,0,0,2,0,1,2,2
97,1341.028,1132.086,-304.897,-36.015,0.806922,0.587844,-0.057591,-0.588161,0.808638,0.013067,0.054252,0.023329,0.998255,0,0.60604,0.49602,36.362,0.992,-1,400.000,-1,400.000,-1,325.000,325.000,300.000,300.000,-1,675.000,700.000,-1,775.000,750.000,-1,-1,2,0,2,0,2,0,0,0,0,2,0,0,2,0,1,2,2
98,1370.732,1111.293,-303.054,-34.991,0.817266,0.573302,-0.058319,-0.573621,0.819021,0.012781,0.055092,0.023007,0.998216,0,0.60430,0.51201,36.258,1.024,-1,400.000,-1,400.000,-1,325.000,325.000,300.000,300.000,-1,700.000,725.000,-1,775.000,750.000,-1,975.000,2,0,2,0,2,0,0,0,0,2,0,0,2,0,1,2,1
99,1404.687,1088.211,-300.871,-34.207,0.825019,0.562046,-0.058723,-0.562363,0.826795,0.012547,0.055604,0.022672,0.998195,0,0.68430,0.39201,41.058,0.784,-1,400.000,-1,400.000,1000.000,325.000,325.000,300.000,300.000,-1,725.000,750.000,-1,775.000,725.000,-1,950.000,2,0,2,0,1,0,0,0,0,2,0,0,2,0,1,2,1
100,1441.851,1063.460,-298.414,-33.663,0.830322,0.554175,-0.058779,-0.554485,0.832101,0.012394,0.055779,0.022302,0.998194,0,0.74419,0.27201,44.652,0.544,-1,400.000,-1,400.000,925.000,325.000,325.000,300.000,300.000,-1,775.000,800.000,-1,775.000,725.000,-1,900.000,2,0,2,0,1,0,0,0,0,2,0,0,2,0,1,2,1
101,1478.942,1039.041,-295.974,-33.359,0.833253,0.549754,-0.058824,-0.550064,0.835033,0.012231,0.055844,0.022165,0.998193,0,0.74012,0.15201,44.407,0.304,-1,400.000,-1,400.000,875.000,325.000,325.000,300.000,300.000,950.000,825.000,825.000,-1,775.000,700.000,-1,875.000,2,0,2,0,1,0,0,0,0,1,0,0,2,0,1,2,1
102,1515.837,1014.809,-293.558,-33.295,0.833867,0.548819,-0.058856,-0.549138,0.835645,0.012060,0.055801,0.022263,0.998194,0,0.73568,0.03201,44.141,0.064,-1,400.000,-1,400.000,825.000,325.000,325.000,300.000,300.000,825.000,850.000,875.000,-1,775.000,675.000,-1,825.000,2,0,2,0,1,0,0,0,0,1,0,0,2,0,1,2,1
103,1552.423,990.619,-291.132,-33.471,0.832187,0.551381,-0.058685,-0.551709,0.833952,0.011928,0.055517,0.022451,0.998205,0,0.73101,-0.08799,43.860,-0.176,-1,400.000,-1,400.000,775.000,325.000,325.000,300.000,300.000,775.000,925.000,925.000,-1,775.000,675.000,-1,775.000,2,0,2,0,1,0,0,0,0,1,0,0,2,0,1,2,1
104,1588.596,966.324,-288.744,-33.887,0.828169,0.557415,-0.058511,-0.557761,0.829918,0.011776,0.055124,0.022883,0.998217,0,0.72624,-0.20799,43.574,-0.416,-1,400.000,-1,400.000,750.000,325.000,325.000,300.000,300.000,725.000,975.000,1000.000,-1,800.000,650.000,-1,750.000,2,0,2,0,1,0,0,0,0,1,0,0,2,0,1,2,1
105,1624.255,941.777,-286.402,-34.543,0.821738,0.566872,-0.058337,-0.567242,0.823469,0.011604,0.054617,0.023556,0.998229,0,0.72152,-0.32799,43.291,-0.656,-1,400.000,-1,400.000,700.000,325.000,325.000,300.000,300.000,725.000,-1,-1,-1,800.000,625.000,-1,700.000,2,0,2,0,1,0,0,0,0,1,2,2,2,0,1,2,1
106,1659.304,916.833,-284.125,-35.439,0.812780,0.579667,-0.058084,-0.580068,0.814488,0.011438,0.053940,0.024396,0.998246,0,0.71699,-0.44799,43.019,-0.896,-1,400.000,-1,400.000,650.000,325.000,325.000,300.000,300.000,700.000,-1,-1,-1,800.000,600.000,-1,650.000,2,0,2,0,1,0,0,0,0,1,2,2,2,0,1,2,1
107,1693.651,891.348,-281.908,-36.575,0.801136,0.595686,-0.057790,-0.596121,0.802815,0.011266,0.053106,0.025425,0.998265,0,0.71281,-0.56799,42.769,-1.136,-1,400.000,-1,400.000,625.000,325.000,325.000,300.000,300.000,700.000,-1,-1,-1,800.000,575.000,-1,625.000,2,0,2,1,1,0,0,0,0,1,2,2,2,0,1,2,1
108,1731.161,862.094,-279.495,-37.951,0.786613,0.614772,-0.057407,-0.615250,0.788255,0.011034,0.052035,0.026641,0.998290,0,0.79281,-0.68799,47.569,-1.376,-1,400.000,-1,400.000,575.000,325.000,325.000,300.000,300.000,700.000,-1,-1,-1,800.000,550.000,-1,575.000,2,0,2,1,1,0,0,0,0,1,2,2,2,0,1,2,1
109,1771.531,828.736,-276.875,-39.567,0.768983,0.636731,-0.056922,-0.637265,0.770572,0.010557,0.050585,0.028156,0.998323,0,0.87281,-0.80799,52.369,-1.616,-1,400.000,-1,375.000,525.000,325.000,325.000,300.000,300.000,700.000,-1,-1,-1,800.000,500.000,-1,525.000,2,0,2,1,1,0,0,0,0,1,2,2,2,0,1,2,1
110,1811.282,793.819,-274.311,-41.297,0.749434,0.659674,-0.056373,-0.660265,0.750965,0.010054,0.048966,0.029686,0.998359,0,0.88181,-0.86499,52.909,-1.730,-1,400.000,-1,350.000,500.000,325.000,325.000,300.000,300.000,750.000,-1,-1,-1,800.000,475.000,-1,475.000,2,0,2,1,1,0,0,0,0,1,2,2,2,0,1,2,1
111,1850.235,757.432,-271.816,-43.050,0.728936,0.682307,-0.055765,-0.682951,0.730402,0.009519,0.047225,0.031146,0.998399,0,0.88841,-0.87646,53.304,-1.753,-1,400.000,975.000,325.000,450.000,325.000,300.000,300.000,300.000,775.000,-1,-1,-1,750.000,450.000,-1,425.000,2,0,1,1,1,0,1,0,0,1,2,2,2,1,1,2,1
112,1888.375,719.521,-268.987,-44.827,0.707452,0.704629,-0.054864,-0.705226,0.708899,0.010883,0.046562,0.030993,0.998435,0,0.89627,-0.88838,53.776,-1.777,-1,400.000,900.000,300.000,400.000,325.000,300.000,300.000,300.000,800.000,-1,-1,-1,675.000,425.000,-1,375.000,2,0,1,1,1,0,1,0,0,1,2,2,2,1,1,2,1
113,1925.677,680.032,-265.008,-46.628,0.684946,0.726665,-0.052990,-0.726917,0.686491,0.017936,0.049411,0.026234,0.998434,0,0.90535,-0.90073,54.321,-1.801,-1,425.000,825.000,300.000,400.000,325.000,275.000,300.000,325.000,825.000,-1,-1,-1,625.000,400.000,-1,350.000,2,1,1,1,1,1,1,0,0,1,2,2,2,1,1,2,1
114,1962.110,638.914,-260.817,-48.455,0.661460,0.748283,-0.050442,-0.748106,0.663065,0.026120,0.052991,0.020459,0.998385,0,0.91560,-0.91350,54.936,-1.827,-1,375.000,775.000,275.000,375.000,300.000,250.000,300.000,325.000,825.000,-1,-1,-1,575.000,375.000,-1,350.000,2,1,1,1,1,1,1,0,0,1,2,2,2,1,1,2,1
115,1997.629,596.114,-256.423,-50.309,0.636999,0.769425,-0.047099,-0.768733,0.638591,0.035366,0.057288,0.013678,0.998264,0,0.92697,-0.92668,55.618,-1.853,-1,350.000,725.000,275.000,375.000,275.000,250.000,275.000,350.000,850.000,825.000,-1,-1,525.000,350.000,-1,325.000,2,1,1,1,1,1,1,0,0,1,0,2,2,1,1,2,1
116,2032.182,551.582,-251.840,-52.189,0.611575,0.790026,-0.042836,-0.788729,0.613045,0.045627,0.062307,0.005882,0.998040,0,0.93940,-0.94026,56.364,-1.881,-1,325.000,675.000,250.000,375.000,250.000,225.000,275.000,375.000,850.000,500.000,725.000,-1,475.000,350.000,700.000,325.000,2,1,1,1,1,1,1,0,0,1,0,0,2,1,1,1,1
117,2065.706,505.272,-247.105,-54.098,0.585207,0.810015,-0.037530,-0.808020,0.586401,0.056898,0.068096,-0.002972,0.997674,0,0.95282,-0.95426,57.169,-1.909,-1,300.000,650.000,250.000,375.000,250.000,200.000,275.000,400.000,875.000,300.000,550.000,-1,450.000,325.000,600.000,300.000,2,1,1,1,1,1,1,0,0,1,0,0,2,1,1,1,1
118,2098.126,457.141,-242.223,-56.035,0.557920,0.829312,-0.031084,-0.826535,0.558639,0.069009,0.074595,-0.012810,0.997132,0,0.96718,-0.96868,58.031,-1.937,-1,275.000,600.000,225.000,400.000,225.000,200.000,275.000,425.000,875.000,200.000,425.000,-1,400.000,300.000,500.000,300.000,2,1,1,1,1,1,1,0,0,1,0,0,2,1,1,1,1
119,-4263.561,5575.423,-175.153,101.967,-0.207351,-0.978139,0.015778,0.978267,-0.207326,0.003182,0.000159,0.016095,0.999870,1,0.00000,0.00000,58.944,-1.967,900.000,400.000,-1,400.000,-1,325.000,325.000,300.000,300.000,-1,-1,-1,-1,850.000,775.000,-1,-1,1,0,2,0,2,0,0,0,0,2,2,2,2,0,0,2,2
120,-4264.576,5580.115,-175.154,102.207,-0.211446,-0.977263,0.015701,0.977390,-0.211422,0.003229,0.000164,0.016028,0.999872,0,0.08000,0.12000,4.800,0.240,875.000,400.000,-1,400.000,-1,325.000,325.000,300.000,300.000,-1,-1,-1,-1,850.000,775.000,-1,-1,1,0,2,0,2,0,0,0,0,2,2,2,2,0,0,2,2
121,-4266.684,5589.480,-175.155,102.687,-0.219627,-0.975460,0.015544,0.975584,-0.219602,0.003323,0.000172,0.015894,0.999874,0,0.16000,0.24000,9.600,0.480,875.000,400.000,-1,400.000,-1,325.000,325.000,300.000,300.000,-1,-1,-1,-1,850.000,775.000,-1,-1,1,0,2,0,2,0,0,0,0,2,2,2,2,0,0,2,2
122,-4270.023,5603.488,-175.154,103.407,-0.231869,-0.972627,0.015306,0.972747,-0.231843,0.003465,0.000178,0.015692,0.999877,0,0.24000,0.36000,14.400,0.720,850.000,400.000,-1,400.000,-1,325.000,325.000,300.000,300.000,-1,-1,-1,-1,850.000,775.000,-1,-1,1,0,2,0,2,0,0,0,0,2,2,2,2,0,0,2,2
123,-4274.787,5622.087,-175.149,104.367,-0.248134,-0.968610,0.014983,0.968726,-0.248107,0.003657,0.000175,0.015422,0.999881,0,0.32000,0.48000,19.200,0.960,825.000,400.000,-1,400.000,-1,325.000,325.000,300.000,300.000,-1,-1,-1,-1,850.000,775.000,-1,-1,1,0,2,0,2,0,0,0,0,2,2,2,2,0,0,2,2
124,-4281.205,5645.213,-175.139,105.511,-0.267416,-0.963471,0.014570,0.963581,-0.267387,0.003902,0.000137,0.015082,0.999886,0,0.40000,0.57169,24.000,1.143,775.000,400.000,-1,400.000,-1,325.000,325.000,300.000,300.000,-1,-1,-1,-1,850.000,775.000,-1,-1,1,0,2,0,2,0,0,0,0,2,2,2,2,1,0,2,2
125,-4289.460,5672.805,-175.123,106.656,-0.286628,-0.957939,0.014059,0.958042,-0.286597,0.004207,-0.000000,0.014675,0.999892,0,0.48000,0.57277,28.800,1.146,750.000,400.000,-1,400.000,-1,325.000,325.000,300.000,300.000,-1,-1,-1,-1,825.000,775.000,-1,-1,1,0,2,0,2,0,0,0,0,2,2,2,2,1,0,2,2
126,-4299.734,5704.796,-175.101,107.805,-0.305784,-0.952006,0.013445,0.952101,-0.305749,0.004574,-0.000244,0.014200,0.999899,0,0.56000,0.57446,33.600,1.149,700.000,400.000,-1,400.000,-1,325.000,325.000,300.000,300.000,-1,-1,-1,-1,800.000,775.000,1000.000,-1,1,0,2,0,2,0,0,0,0,2,2,2,2,1,0,1,2
127,-4312.210,5741.113,-175.074,108.959,-0.324894,-0.945665,0.012720,0.945750,-0.324856,0.005005,-0.000601,0.013657,0.999907,0,0.64000,0.57679,38.400,1.154,675.000,400.000,-1,400.000,-1,325.000,325.000,300.000,300.000,-1,-1,-1,-1,775.000,800.000,950.000,-1,1,0,2,0,2,0,0,0,0,2,2,2,2,1,0,1,2
128,-4327.069,5781.677,-175.047,110.118,-0.343973,-0.938905,0.011875,0.938979,-0.343930,0.005503,-0.001082,0.013044,0.999914,0,0.72000,0.57980,43.200,1.160,625.000,400.000,-1,400.000,-1,325.000,325.000,300.000,300.000,-1,-1,-1,-1,750.000,800.000,875.000,-1,1,0,2,0,2,0,0,0,0,2,2,2,2,1,0,1,2
129,-4344.493,5826.402,-175.061,111.285,-0.363031,-0.931711,0.011078,0.931776,-0.362985,0.006012,-0.001580,0.012505,0.999921,0,0.80000,0.58353,48.000,1.167,600.000,400.000,-1,400.000,-1,325.000,325.000,300.000,300.000,-1,-1,-1,-1,725.000,800.000,800.000,-1,1,0,2,0,2,0,0,0,0,2,2,2,2,1,0,1,2
130,-4364.666,5875.197,-175.166,112.461,-0.382086,-0.924068,0.010375,0.924124,-0.382032,0.006856,-0.002372,0.012207,0.999923,0,0.88000,0.58802,52.800,1.176,550.000,400.000,-1,400.000,-1,325.000,325.000,300.000,300.000,-1,-1,-1,-1,700.000,800.000,725.000,-1,1,0,2,0,2,0,0,0,0,2,2,2,2,1,0,1,2
131,-4385.927,5923.750,-175.369,113.648,-0.401154,-0.915958,0.009813,0.916004,-0.401088,0.008064,-0.003451,0.012224,0.999919,0,0.88339,0.59335,53.004,1.187,500.000,400.000,-1,400.000,-1,325.000,325.000,300.000,300.000,-1,-1,-1,-1,650.000,800.000,675.000,-1,1,0,2,0,2,0,0,0,0,2,2,2,2,1,0,1,2
132,-4408.236,5971.930,-175.600,114.846,-0.420225,-0.907373,0.009218,0.907408,-0.420146,0.009337,-0.004599,0.012289,0.999914,0,0.88492,0.59888,53.095,1.198,475.000,425.000,-1,400.000,-1,325.000,325.000,300.000,300.000,-1,-1,-1,-1,625.000,800.000,600.000,-1,1,0,2,0,2,0,0,1,0,2,2,2,2,1,0,1,2
133,-4431.591,6019.698,-175.931,116.055,-0.439288,-0.898307,0.008424,0.898329,-0.439202,0.010327,-0.005577,0.012104,0.999911,0,0.88619,0.60461,53.171,1.209,425.000,425.000,-1,400.000,-1,325.000,325.000,300.000,300.000,-1,-1,-1,-1,600.000,800.000,550.000,-1,1,1,2,0,2,0,0,1,0,2,2,2,2,1,0,1,2
134,-4455.985,6067.010,-176.308,117.276,-0.458339,-0.888745,0.007561,0.888753,-0.458247,0.011291,-0.006570,0.011895,0.999908,0,0.88718,0.61055,53.231,1.221,375.000,400.000,-1,400.000,-1,325.000,325.000,300.000,300.000,-1,-1,-1,-1,575.000,775.000,475.000,-1,1,1,2,0,2,0,0,1,0,2,2,2,2,1,0,1,2
135,-4481.412,6113.822,-176.794,118.510,-0.477370,-0.878680,0.006271,0.878667,-0.477275,0.012362,-0.007869,0.011411,0.999904,0,0.88787,0.61673,53.272,1.233,350.000,375.000,-1,400.000,-1,325.000,325.000,275.000,300.000,-1,-1,-1,-1,525.000,775.000,425.000,-1,1,1,2,0,2,0,0,1,0,2,2,2,2,1,0,1,2
