timestep,x_cm,y_cm,z_cm,yaw_deg,basis_xx,basis_xy,basis_xz,basis_yx,basis_yy,basis_yz,basis_zx,basis_zy,basis_zz,teleport_flag,throttle_cmd,steering_cmd,cmd_move_cm,cmd_turn_deg,lidar_cm_0,lidar_cm_1,lidar_cm_2,lidar_cm_3,lidar_cm_4,lidar_cm_5,lidar_cm_6,lidar_cm_7,lidar_cm_8,lidar_cm_9,lidar_cm_10,lidar_cm_11,lidar_cm_12,lidar_cm_13,lidar_cm_14,lidar_cm_15,lidar_cm_16,lidar_class_0,lidar_class_1,lidar_class_2,lidar_class_3,lidar_class_4,lidar_class_5,lidar_class_6,lidar_class_7,lidar_class_8,lidar_class_9,lidar_class_10,lidar_class_11,lidar_class_12,lidar_class_13,lidar_class_14,lidar_class_15,lidar_class_16
0,8859.608,-4917.876,-141.440,19.569,0.941475,-0.334831,0.038907,0.333315,0.941938,0.040657,-0.050262,-0.025309,0.998415,1,0.08000,-0.12000,4.800,-0.240,700.000,325.000,-1,375.000,-1,300.000,300.000,275.000,425.000,-1,250.000,75.000,375.000,575.000,725.000,800.000,-1,0,0,2,0,2,0,0,0,0,2,1,1,1,0,0,0,2
1,8868.680,-4914.738,-142.142,19.089,0.944259,-0.326945,0.038489,0.325578,0.944760,0.037796,-0.048720,-0.023158,0.998544,0,0.16000,-0.24000,9.600,-0.480,725.000,350.000,-1,375.000,-1,300.000,300.000,275.000,425.000,-1,250.000,75.000,375.000,575.000,725.000,850.000,-1,0,0,2,0,2,0,0,0,0,2,1,1,1,0,0,0,2
2,8882.347,-4910.201,-143.176,18.369,0.948316,-0.315069,0.037807,0.313908,0.948858,0.033627,-0.046468,-0.020021,0.998719,0,0.24000,-0.36000,14.400,-0.720,800.000,350.000,-1,400.000,-1,300.000,300.000,275.000,425.000,-1,275.000,100.000,375.000,600.000,725.000,900.000,-1,0,0,2,0,2,0,0,0,0,2,1,1,1,0,0,0,2
3,8900.668,-4904.458,-144.524,17.409,0.953497,-0.299148,0.036802,0.298237,0.954072,0.028296,-0.043577,-0.016004,0.998922,0,0.32000,-0.48000,19.200,-0.960,875.000,350.000,-1,400.000,-1,300.000,300.000,275.000,400.000,-1,300.000,100.000,375.000,600.000,750.000,1000.000,-1,0,0,2,0,2,0,0,0,0,2,1,1,1,0,0,0,2
4,8923.714,-4897.760,-146.158,16.209,0.959603,-0.279120,0.035411,0.278480,0.960190,0.021994,-0.040140,-0.011244,0.999131,0,0.40000,-0.60000,24.000,-1.200,975.000,350.000,-1,400.000,-1,300.000,300.000,275.000,400.000,-1,350.000,125.000,375.000,625.000,750.000,-1,-1,0,0,2,0,2,0,0,0,0,2,1,1,1,0,0,2,2
5,8951.562,-4890.420,-148.045,14.769,0.966381,-0.254914,0.033567,0.254544,0.966946,0.014956,-0.036270,-0.005909,0.999325,0,0.48000,-0.72000,28.800,-1.440,-1,350.000,-1,400.000,-1,300.000,300.000,275.000,375.000,-1,400.000,125.000,375.000,650.000,750.000,-1,-1,2,0,2,0,2,0,0,0,0,2,1,1,1,0,0,2,2
6,8984.289,-4882.812,-150.147,13.089,0.973520,-0.226460,0.031220,0.226338,0.974020,0.007450,-0.032096,-0.000187,0.999485,0,0.56000,-0.84000,33.600,-1.680,-1,375.000,-1,400.000,-1,300.000,325.000,275.000,350.000,-1,475.000,150.000,375.000,675.000,775.000,-1,-1,2,0,2,0,2,0,0,0,0,2,1,1,1,0,0,2,2
7,9021.952,-4875.322,-152.437,11.247,0.980388,-0.195039,0.028280,0.195124,0.980778,-0.000275,-0.027683,0.005788,0.999600,0,0.64000,-0.92079,38.400,-1.842,-1,375.000,-1,400.000,-1,300.000,325.000,300.000,350.000,-1,600.000,200.000,400.000,700.000,775.000,-1,-1,2,0,2,0,2,0,0,0,0,2,1,1,1,0,0,2,2
8,9064.570,-4868.258,-154.900,9.412,0.986233,-0.163513,0.024664,0.163753,0.986469,-0.008039,-0.023016,0.011967,0.999663,0,0.72000,-0.91782,43.200,-1.836,-1,375.000,-1,400.000,-1,325.000,325.000,300.000,325.000,-1,750.000,225.000,400.000,725.000,775.000,-1,-1,2,0,2,0,2,0,0,0,0,2,1,1,1,0,0,2,2
9,9107.901,-4862.489,-157.240,7.583,0.991037,-0.131934,0.020935,0.132256,0.991104,-0.014856,-0.018789,0.017492,0.999670,0,0.72856,-0.91451,43.713,-1.829,-1,400.000,-1,400.000,-1,325.000,325.000,300.000,325.000,-1,925.000,250.000,425.000,750.000,800.000,-1,-1,2,0,2,0,2,0,0,0,0,2,1,1,1,0,0,2,2
10,9151.560,-4858.084,-159.333,5.760,0.994800,-0.100340,0.017471,0.100687,0.994711,-0.020281,-0.015344,0.021935,0.999642,0,0.73136,-0.91119,43.882,-1.822,-1,400.000,-1,400.000,-1,325.000,325.000,300.000,300.000,-1,-1,275.000,450.000,775.000,800.000,-1,-1,2,0,2,0,2,0,0,0,0,2,2,1,1,0,0,2,2
11,9195.504,-4855.054,-160.096,3.944,0.997474,-0.068773,0.017758,0.069127,0.997404,-0.020157,-0.016326,0.021333,0.999639,0,0.73413,-0.90787,44.048,-1.816,-1,400.000,-1,400.000,-1,325.000,325.000,300.000,300.000,-1,-1,425.000,475.000,775.000,800.000,-1,-1,2,0,2,0,2,0,0,0,0,2,2,1,1,0,0,2,2
12,9239.686,-4853.407,-160.978,2.135,0.999139,-0.037251,0.018259,0.037614,0.999093,-0.019979,-0.017498,0.020649,0.999634,0,0.73687,-0.90457,44.212,-1.809,-1,400.000,-1,400.000,-1,325.000,325.000,300.000,300.000,-1,-1,725.000,500.000,775.000,800.000,-1,-1,2,0,2,0,2,0,0,0,0,2,2,1,1,0,0,2,2
13,9284.060,-4853.149,-161.907,0.333,0.999807,-0.005806,0.018785,0.006177,0.999785,-0.019780,-0.018666,0.019892,0.999628,0,0.73958,-0.90128,44.375,-1.803,-1,400.000,-1,400.000,-1,325.000,325.000,300.000,300.000,-1,-1,-1,550.000,775.000,800.000,-1,-1,2,0,2,0,2,0,0,0,0,2,2,2,1,0,0,2,2
14,9328.581,-4854.287,-162.871,-1.463,0.999487,0.025532,0.019311,-0.025153,0.999492,-0.019596,-0.019802,0.019100,0.999621,0,0.74225,-0.89800,44.535,-1.796,-1,400.000,-1,400.000,-1,325.000,325.000,300.000,300.000,-1,-1,-1,575.000,775.000,800.000,-1,-1,2,0,2,0,2,0,0,0,0,2,2,2,1,0,0,2,2
15,9373.202,-4856.823,-163.871,-3.253,0.998192,0.056732,0.019842,-0.056347,0.998222,-0.019420,-0.020909,0.018267,0.999615,0,0.74489,-0.89474,44.693,-1.789,-1,400.000,-1,400.000,-1,325.000,325.000,300.000,300.000,-1,-1,-1,600.000,775.000,800.000,-1,-1,2,0,2,0,2,0,0,0,0,2,2,2,1,0,0,2,2
16,9417.878,-4860.760,-164.903,-5.036,0.995933,0.087765,0.020382,-0.087376,0.995989,-0.019247,-0.021990,0.017388,0.999607,0,0.74748,-0.89150,44.849,-1.783,-1,400.000,-1,400.000,-1,325.000,325.000,300.000,300.000,-1,-1,-1,650.000,775.000,800.000,-1,-1,2,0,2,0,2,0,0,0,0,2,2,2,1,0,0,2,2
17,9462.563,-4866.098,-165.969,-6.812,0.992721,0.118601,0.020937,-0.118209,0.992806,-0.019074,-0.023049,0.016460,0.999599,0,0.75004,-0.88827,45.002,-1.777,-1,400.000,-1,400.000,-1,325.000,325.000,300.000,300.000,-1,-1,-1,675.000,800.000,800.000,-1,-1,2,0,2,0,2,0,0,0,0,2,2,2,1,0,0,2,2
18,9507.210,-4872.837,-167.066,-8.582,0.988571,0.149215,0.021514,-0.148820,0.988684,-0.018895,-0.024090,0.015477,0.999590,0,0.75255,-0.88506,45.153,-1.770,-1,400.000,-1,400.000,-1,325.000,325.000,300.000,300.000,-1,-1,-1,700.000,800.000,800.000,-1,-1,2,0,2,0,2,0,0,0,0,2,2,2,1,0,0,2,2
19,9551.774,-4880.973,-168.193,-10.346,0.983495,0.179577,0.022118,-0.179182,0.983638,-0.018709,-0.025116,0.014437,0.999580,0,0.75502,-0.88187,45.301,-1.764,-1,400.000,-1,400.000,-1,325.000,325.000,300.000,300.000,-1,-1,-1,750.000,800.000,775.000,-1,-1,2,0,2,0,2,0,0,0,0,2,2,2,1,0,0,2,2
20,9596.211,-4890.502,-169.349,-12.104,0.977509,0.209661,0.022758,-0.209268,0.977683,-0.018512,-0.026131,0.013333,0.999570,0,0.75744,-0.87870,45.447,-1.757,-1,400.000,-1,400.000,-1,325.000,325.000,300.000,300.000,-1,-1,-1,775.000,800.000,775.000,-1,-1,2,0,2,0,2,0,0,0,0,2,2,2,1,0,0,2,2
21,9640.474,-4901.419,-170.533,-13.855,0.970628,0.239443,0.023439,-0.239052,0.970834,-0.018305,-0.027139,0.012164,0.999558,0,0.75982,-0.87555,45.589,-1.751,-1,400.000,-1,400.000,-1,325.000,325.000,300.000,300.000,-1,-1,-1,825.000,800.000,775.000,-1,-1,2,0,2,0,2,0,0,0,0,2,2,2,1,0,0,2,2
22,9684.518,-4913.716,-171.743,-15.600,0.962866,0.268896,0.024171,-0.268509,0.963107,-0.018086,-0.028142,0.010924,0.999544,0,0.76215,-0.87242,45.729,-1.745,-1,400.000,-1,400.000,-1,325.000,325.000,300.000,300.000,-1,-1,-1,850.000,800.000,775.000,-1,-1,2,0,2,0,2,0,0,0,0,2,2,2,1,0,0,2,2
23,9728.300,-4927.385,-172.977,-17.338,0.954240,0.297997,0.024959,-0.297617,0.954518,-0.017856,-0.029145,0.009611,0.999529,0,0.76443,-0.86931,45.866,-1.739,-1,400.000,-1,400.000,-1,325.000,325.000,300.000,300.000,-1,-1,-1,875.000,825.000,775.000,-1,-1,2,0,2,0,2,0,0,0,0,2,2,2,1,0,0,2,2
24,9771.776,-4942.415,-174.286,-19.071,0.944770,0.326723,0.025725,-0.326359,0.945086,-0.017368,-0.029987,0.008013,0.999518,0,0.76667,-0.86623,46.000,-1.732,-1,400.000,-1,400.000,-1,325.000,325.000,300.000,300.000,-1,-1,-1,925.000,850.000,775.000,-1,-1,2,0,2,0,2,0,0,0,0,2,2,2,1,1,0,2,2
25,9814.901,-4958.794,-175.692,-20.797,0.934461,0.355051,0.026844,-0.354712,0.934828,-0.016637,-0.031002,0.006024,0.999501,0,0.76885,-0.86317,46.131,-1.726,-1,400.000,-1,400.000,-1,325.000,325.000,300.000,300.000,-1,-1,-1,950.000,1000.000,775.000,-1,-1,2,0,2,0,2,0,0,0,0,2,2,2,1,1,0,2,2
26,9857.634,-4976.510,-177.130,-22.517,0.923338,0.382958,0.028094,-0.382649,0.923757,-0.015870,-0.032030,0.003903,0.999479,0,0.77098,-0.86013,46.259,-1.720,-1,400.000,-1,400.000,-1,325.000,325.000,300.000,300.000,-1,-1,-1,1000.000,-1,750.000,-1,-1,2,0,2,0,2,0,0,0,0,2,2,2,1,2,0,2,2
27,9903.097,-4996.895,-178.703,-24.151,0.911991,0.409144,0.029563,-0.408872,0.912468,-0.015009,-0.033116,0.001601,0.999450,0,0.83041,-0.81696,49.824,-1.634,-1,400.000,-1,400.000,-1,325.000,325.000,300.000,300.000,-1,-1,-1,-1,-1,750.000,-1,-1,2,0,2,0,2,0,0,0,0,2,2,2,2,2,0,2,2
28,9948.152,-5018.658,-180.449,-25.782,0.899932,0.434955,0.030610,-0.434717,0.900452,-0.014384,-0.033819,-0.000362,0.999428,0,0.83393,-0.81566,50.036,-1.631,-1,400.000,-1,400.000,-1,325.000,325.000,300.000,300.000,-1,-1,-1,-1,-1,750.000,-1,-1,2,0,2,0,2,0,0,0,0,2,2,2,2,2,0,2,2
29,9992.756,-5041.789,-182.051,-27.411,0.887192,0.460364,0.030911,-0.460151,0.887729,-0.014109,-0.033936,-0.001707,0.999423,0,0.83741,-0.81410,50.245,-1.628,-1,400.000,-1,400.000,-1,325.000,325.000,300.000,300.000,-1,-1,-1,-1,-1,750.000,-1,-1,2,0,2,0,2,0,0,0,0,2,2,2,2,2,0,2,2
30,10036.864,-5066.274,-183.734,-29.035,0.873766,0.485344,0.031211,-0.485144,0.874319,-0.014211,-0.034186,-0.002725,0.999412,0,0.84082,-0.81226,50.449,-1.625,-1,400.000,-1,400.000,-1,325.000,325.000,300.000,300.000,-1,-1,-1,-1,-1,750.000,-1,-1,2,0,2,0,2,0,0,0,0,2,2,2,2,2,0,2,2
31,10084.272,-5094.647,-185.577,-30.900,0.857491,0.513532,0.031514,-0.513350,0.858061,-0.014258,-0.034363,-0.003951,0.999402,0,0.92082,-0.93226,55.249,-1.865,-1,400.000,-1,400.000,975.000,325.000,325.000,300.000,300.000,-1,-1,-1,-1,-1,725.000,-1,-1,2,0,2,0,1,0,0,0,0,2,2,2,2,2,0,2,2
32,10132.433,-5125.746,-187.490,-32.852,0.839477,0.542463,0.031809,-0.542303,0.840063,-0.014225,-0.034438,-0.005308,0.999393,0,0.95549,-0.97616,57.330,-1.952,-1,400.000,-1,400.000,925.000,325.000,325.000,300.000,300.000,-1,-1,-1,-1,-1,725.000,-1,-1,2,0,2,0,1,0,0,0,0,2,2,2,2,2,0,2,2
33,10179.677,-5158.578,-189.410,-34.798,0.820554,0.570667,0.032098,-0.570533,0.821154,-0.014100,-0.034403,-0.006743,0.999385,0,0.95886,-0.97284,57.532,-1.946,-1,-1,-1,375.000,875.000,325.000,325.000,300.000,300.000,-1,-1,-1,-1,-1,725.000,-1,-1,2,2,2,0,1,0,0,0,0,2,2,2,2,2,0,2,2
34,10225.932,-5193.101,-191.318,-36.736,0.800763,0.598105,0.032389,-0.598004,0.801374,-0.013791,-0.034205,-0.008325,0.999380,0,0.96197,-0.96905,57.718,-1.938,-1,-1,-1,375.000,825.000,325.000,325.000,300.000,300.000,-1,-1,-1,-1,-1,-1,-1,-1,2,2,2,0,1,0,0,0,0,2,2,2,2,2,2,2,2
35,10271.130,-5229.266,-193.191,-38.665,0.780151,0.624736,0.032705,-0.624690,0.780767,-0.012885,-0.033585,-0.010378,0.999382,0,0.96476,-0.96476,57.885,-1.930,-1,-1,-1,375.000,775.000,325.000,325.000,300.000,300.000,-1,-1,-1,-1,-1,975.000,-1,925.000,2,2,2,0,1,0,0,0,0,2,2,2,2,2,1,2,1
36,10315.200,-5267.017,-195.110,-40.585,0.758764,0.650524,0.033100,-0.650547,0.759378,-0.011543,-0.032644,-0.012775,0.999385,0,0.96715,-0.95993,58.029,-1.920,-1,-1,-1,375.000,725.000,-1,325.000,300.000,300.000,-1,-1,-1,-1,-1,900.000,-1,825.000,2,2,2,0,1,2,0,0,0,2,2,2,2,2,1,2,1
37,10358.072,-5306.294,-197.029,-42.494,0.736652,0.675436,0.033605,-0.675537,0.737259,-0.009998,-0.031529,-0.015337,0.999385,0,0.96907,-0.95453,58.144,-1.909,-1,-1,-1,375.000,675.000,-1,325.000,300.000,300.000,-1,-1,-1,-1,-1,825.000,-1,750.000,2,2,2,0,1,2,0,0,0,2,2,2,2,2,1,2,1
38,10399.680,-5347.026,-198.885,-44.391,0.713868,0.699444,0.034210,-0.699618,0.714465,-0.008564,-0.030432,-0.017820,0.999378,0,0.97043,-0.94854,58.226,-1.897,-1,-1,-1,375.000,625.000,-1,325.000,300.000,300.000,-1,-1,-1,-1,-1,750.000,-1,700.000,2,2,2,0,1,2,0,0,0,2,2,2,2,2,1,2,1
39,10439.963,-5389.127,-205.667,-46.275,0.689076,0.722066,0.061596,-0.723195,0.690622,-0.005484,-0.046500,-0.040767,0.998086,0,0.97112,-0.94191,58.267,-1.884,-1,-1,-1,350.000,575.000,-1,275.000,250.000,325.000,-1,-1,-1,-1,-1,675.000,-1,625.000,2,2,2,0,1,2,0,1,0,2,2,2,2,2,1,2,1
40,10478.861,-5432.508,-213.570,-48.144,0.662398,0.743076,0.095215,-0.746222,0.665687,-0.003782,-0.066194,-0.068546,0.995450,0,0.97104,-0.93462,58.263,-1.869,-1,-1,-1,300.000,525.000,950.000,250.000,225.000,350.000,-1,-1,-1,-1,-1,575.000,-1,550.000,2,2,2,0,1,1,0,1,0,2,2,2,2,2,1,2,1
41,10516.313,-5477.070,-222.269,-49.998,0.633488,0.762186,0.133287,-0.768694,0.639604,-0.004036,-0.088328,-0.099900,0.991069,0,0.97008,-0.92664,58.205,-1.853,-1,-1,-1,275.000,450.000,825.000,200.000,200.000,375.000,-1,-1,-1,-1,-1,475.000,-1,475.000,2,2,2,0,1,1,0,1,0,2,2,2,2,2,1,2,1
42,10552.254,-5522.711,-230.278,-51.834,0.603241,0.779677,0.167941,-0.790207,0.612805,-0.006577,-0.108043,-0.128740,0.985775,0,0.96811,-0.91798,58.086,-1.836,-1,-1,975.000,225.000,400.000,600.000,175.000,225.000,425.000,1000.000,-1,-1,-1,-1,400.000,-1,400.000,2,2,1,0,1,1,0,1,0,0,2,2,2,2,0,2,1
43,10586.624,-5569.320,-237.329,-53.651,0.572526,0.795907,0.196842,-0.810451,0.585703,-0.010977,-0.124027,-0.153246,0.980374,0,0.96502,-0.90864,57.901,-1.817,-1,-1,825.000,200.000,350.000,500.000,150.000,250.000,450.000,800.000,-1,-1,-1,-1,325.000,-1,350.000,2,2,1,0,1,1,0,1,0,0,2,2,2,2,0,2,1
44,10619.375,-5616.771,-244.038,-55.448,0.541001,0.810675,0.223883,-0.829505,0.558242,-0.016929,-0.138705,-0.176553,0.974469,0,0.96074,-0.89865,57.645,-1.797,-1,875.000,700.000,175.000,300.000,425.000,125.000,325.000,525.000,625.000,0.000,-1,-1,-1,275.000,-1,275.000,2,1,1,0,1,1,0,1,0,0,0,2,2,2,0,2,0
45,10648.211,-5661.069,-249.954,-57.005,0.512519,0.822260,0.247413,-0.845244,0.533870,-0.023350,-0.151286,-0.197156,0.968629,0,0.88074,-0.77865,52.845,-1.557,-1,725.000,600.000,150.000,250.000,400.000,125.000,375.000,575.000,475.000,0.000,-1,-1,900.000,250.000,-1,200.000,2,1,1,0,1,1,1,1,0,0,0,2,2,1,1,2,0
46,10674.629,-5703.761,-255.422,-58.323,0.487136,0.830885,0.268939,-0.858045,0.512709,-0.029812,-0.162658,-0.216239,0.962696,0,0.83654,-0.65865,50.193,-1.317,-1,600.000,500.000,125.000,200.000,375.000,125.000,450.000,650.000,400.000,0.000,-1,-1,725.000,225.000,-1,150.000,2,1,1,0,1,1,1,1,0,1,0,2,2,1,1,2,0
47,-4918.827,-9511.147,292.865,-93.758,-0.135453,0.958658,-0.250254,-0.958622,-0.062973,0.277631,0.250394,0.277505,0.927520,1,0.00000,0.00000,49.806,-1.077,-1,225.000,-1,375.000,-1,200.000,250.000,200.000,300.000,-1,425.000,250.000,250.000,300.000,-1,375.000,-1,2,1,2,1,2,1,1,1,1,2,0,1,0,1,2,1,2
48,9510.755,-327.629,111.729,62.707,0.486777,-0.873338,-0.018160,0.793208,0.450631,-0.409577,0.365882,0.184968,0.912095,1,0.00000,0.00000,4.800,0.240,250.000,175.000,400.000,250.000,-1,175.000,200.000,-1,400.000,775.000,100.000,50.000,225.000,225.000,350.000,175.000,425.000,1,1,1,1,2,1,1,2,0,0,0,0,0,1,1,1,1
49,4921.774,-8203.416,-77.669,-62.179,0.453710,0.883635,0.115480,-0.874970,0.466297,-0.130361,-0.169039,-0.041896,0.984718,1,0.08000,0.12000,4.800,0.240,-1,400.000,-1,400.000,-1,325.000,325.000,300.000,300.000,-1,-1,-1,-1,725.000,700.000,-1,-1,2,0,2,0,2,0,0,0,0,2,2,2,2,1,0,2,2
50,4926.324,-8211.869,-79.312,-61.699,0.461171,0.879750,0.115593,-0.870950,0.473712,-0.130551,-0.169610,-0.040470,0.984680,0,0.16000,0.24000,9.600,0.480,-1,400.000,-1,400.000,-1,325.000,325.000,300.000,300.000,-1,-1,-1,-1,725.000,700.000,-1,-1,2,0,2,0,2,0,0,0,0,2,2,2,2,1,0,2,2
51,4933.309,-8224.462,-81.788,-60.979,0.472303,0.873802,0.115760,-0.864800,0.484770,-0.130839,-0.170444,-0.038314,0.984622,0,0.24000,0.36000,14.400,0.720,-1,400.000,-1,400.000,-1,325.000,325.000,300.000,300.000,-1,-1,-1,-1,725.000,700.000,-1,-1,2,0,2,0,2,0,0,0,0,2,2,2,2,1,0,2,2
52,4942.902,-8241.094,-85.105,-60.019,0.487031,0.865650,0.115978,-0.856378,0.499396,-0.131225,-0.171514,-0.035411,0.984545,0,0.32000,0.48000,19.200,0.960,-1,400.000,-1,400.000,-1,325.000,325.000,300.000,300.000,-1,-1,-1,-1,700.000,700.000,1000.000,-1,2,0,2,0,2,0,0,0,0,2,2,2,2,1,0,1,2
53,4955.326,-8261.628,-89.275,-58.819,0.505252,0.855107,0.116242,-0.845498,0.517479,-0.131714,-0.172783,-0.031734,0.984449,0,0.40000,0.60000,24.000,1.200,-1,400.000,-1,400.000,-1,325.000,325.000,300.000,300.000,-1,-1,-1,-1,700.000,700.000,1000.000,-1,2,0,2,0,2,0,0,0,0,2,2,2,2,1,0,1,2
54,4970.849,-8285.886,-94.237,-57.379,0.526812,0.841938,0.116663,-0.831985,0.538872,-0.131981,-0.173986,-0.027533,0.984363,0,0.48000,0.72000,28.800,1.440,-1,375.000,-1,375.000,-1,325.000,325.000,300.000,300.000,-1,-1,-1,-1,700.000,675.000,975.000,-1,2,0,2,0,2,0,0,0,0,2,2,2,2,1,0,1,2
55,4989.782,-8313.644,-100.025,-55.699,0.551540,0.825878,0.117173,-0.815557,0.563392,-0.132121,-0.175130,-0.022691,0.984284,0,0.56000,0.84000,33.600,1.680,-1,375.000,-1,375.000,-1,325.000,325.000,300.000,300.000,-1,-1,-1,-1,675.000,675.000,975.000,-1,2,0,2,0,2,0,0,0,0,2,2,2,2,1,0,1,2
56,5012.470,-8344.625,-106.750,-53.779,0.579293,0.806632,0.117322,-0.795906,0.590815,-0.132179,-0.175936,-0.016807,0.984258,0,0.64000,0.96000,38.400,1.920,-1,375.000,-1,375.000,-1,325.000,325.000,300.000,300.000,-1,-1,-1,-1,675.000,675.000,975.000,-1,2,0,2,0,2,0,0,0,0,2,2,2,2,1,0,1,2
57,5039.196,-8378.566,-114.369,-51.779,0.607534,0.785589,0.117271,-0.774462,0.618659,-0.132174,-0.176385,-0.010521,0.984265,0,0.72000,1.00000,43.200,2.000,-1,375.000,-1,375.000,-1,325.000,325.000,300.000,300.000,-1,-1,-1,-1,650.000,675.000,950.000,-1,2,0,2,0,2,0,0,0,0,2,2,2,2,1,0,1,2
58,5070.189,-8415.218,-122.846,-49.779,0.635031,0.763555,0.117128,-0.752051,0.645729,-0.132111,-0.176507,-0.004191,0.984290,0,0.80000,1.00000,48.000,2.000,-1,375.000,1000.000,375.000,1000.000,325.000,300.000,300.000,300.000,-1,-1,-1,-1,650.000,650.000,950.000,-1,2,0,1,0,0,0,0,0,0,2,2,2,2,1,0,1,2
59,5105.669,-8454.320,-132.129,-47.779,0.661747,0.740560,0.116888,-0.728739,0.671988,-0.131805,-0.176157,0.002040,0.984360,0,0.88000,1.00000,52.800,2.000,-1,375.000,950.000,375.000,975.000,325.000,300.000,300.000,300.000,-1,-1,-1,-1,625.000,650.000,925.000,-1,2,0,1,0,0,0,0,0,0,2,2,2,2,1,0,1,2
60,5143.431,-8493.124,-141.343,-45.779,0.687613,0.716639,0.116690,-0.704767,0.697407,-0.130105,-0.174619,0.007222,0.984610,0,0.90242,1.00000,54.145,2.000,-1,375.000,875.000,375.000,950.000,325.000,300.000,300.000,300.000,-1,-1,-1,-1,625.000,650.000,925.000,950.000,2,0,1,0,0,1,0,0,0,2,2,2,2,1,0,1,1
61,5182.697,-8530.752,-150.555,-43.779,0.712677,0.691826,0.116054,-0.679910,0.721953,-0.128478,-0.172670,0.012657,0.984898,0,0.90642,1.00000,54.385,2.000,-1,375.000,825.000,375.000,925.000,300.000,300.000,300.000,300.000,-1,-1,-1,-1,600.000,600.000,925.000,850.000,2,0,1,0,0,1,0,0,0,2,2,2,2,1,1,1,1
62,5223.430,-8567.145,-159.770,-41.779,0.736889,0.666151,0.115057,-0.654197,0.745593,-0.126957,-0.170358,0.018283,0.985213,0,0.91040,1.00000,54.624,2.000,-1,375.000,800.000,375.000,900.000,300.000,300.000,300.000,300.000,-1,-1,-1,-1,600.000,550.000,950.000,750.000,2,0,1,1,0,1,1,0,0,2,2,2,2,1,1,1,1
63,5265.589,-8602.247,-168.992,-39.782,0.760170,0.639684,0.113779,-0.627700,0.768262,-0.125562,-0.167732,0.024029,0.985540,0,0.91433,0.99860,54.860,1.997,-1,375.000,750.000,350.000,850.000,300.000,300.000,300.000,300.000,-1,-1,-1,-1,600.000,500.000,950.000,650.000,2,1,1,1,1,1,1,0,0,2,2,2,2,1,1,1,1
64,5309.125,-8636.004,-178.268,-37.790,0.782466,0.612496,0.112232,-0.600537,0.789917,-0.124039,-0.164627,0.029657,0.985910,0,0.91819,0.99614,55.091,1.992,-1,375.000,700.000,325.000,725.000,300.000,275.000,300.000,300.000,-1,-1,-1,-1,575.000,475.000,975.000,575.000,2,1,1,1,1,1,1,0,0,2,2,2,2,1,1,1,1
65,5353.988,-8668.362,-187.429,-35.803,0.803670,0.584647,0.110921,-0.572739,0.810537,-0.122472,-0.161508,0.034898,0.986254,0,0.92193,0.99327,55.316,1.987,-1,375.000,675.000,300.000,625.000,275.000,275.000,300.000,300.000,-1,-1,-1,-1,575.000,425.000,1000.000,500.000,2,1,1,1,1,1,1,0,0,2,2,2,2,1,1,1,1
66,5400.121,-8699.270,-196.471,-33.823,0.823779,0.556189,0.109734,-0.544340,0.830096,-0.120972,-0.158373,0.039921,0.986572,0,0.92552,0.98996,55.531,1.980,-1,375.000,625.000,275.000,500.000,275.000,250.000,300.000,300.000,-1,-1,-1,-1,575.000,400.000,-1,400.000,2,1,1,1,1,1,1,0,0,2,2,2,2,1,1,2,1
67,5447.463,-8728.680,-204.752,-31.851,0.842805,0.527238,0.108169,-0.515951,0.848661,-0.116487,-0.153215,0.042366,0.987284,0,0.92891,0.98616,55.735,1.972,-1,350.000,600.000,275.000,400.000,275.000,250.000,300.000,300.000,-1,525.000,600.000,-1,575.000,375.000,-1,350.000,2,1,1,1,1,1,1,0,0,2,0,0,2,1,1,2,1
68,5495.946,-8756.543,-211.164,-29.887,0.860811,0.497932,0.105206,-0.488438,0.866376,-0.104022,-0.142944,0.038157,0.988995,0,0.93204,0.98184,55.923,1.964,-1,375.000,625.000,250.000,350.000,275.000,250.000,300.000,325.000,-1,350.000,450.000,-1,575.000,350.000,-1,325.000,2,1,1,1,1,1,1,0,0,2,0,0,2,1,1,2,1
69,5545.499,-8782.815,-217.104,-27.933,0.877816,0.468197,0.101144,-0.460593,0.883026,-0.090110,-0.131502,0.032513,0.990783,0,0.93484,0.97693,56.090,1.954,-1,375.000,625.000,250.000,325.000,275.000,225.000,300.000,350.000,-1,250.000,375.000,-1,600.000,350.000,-1,275.000,2,1,1,1,1,1,1,0,0,2,0,0,2,1,1,2,1
70,5596.042,-8807.455,-222.312,-25.991,0.893669,0.438093,0.097110,-0.432421,0.898596,-0.074418,-0.119864,0.024512,0.992488,0,0.93722,0.97139,56.233,1.943,-1,375.000,650.000,250.000,275.000,275.000,225.000,275.000,375.000,-1,200.000,325.000,-1,650.000,325.000,-1,250.000,2,1,1,1,1,1,1,0,0,2,0,0,2,1,1,2,1
71,5647.489,-8830.424,-227.090,-24.060,0.908501,0.407651,0.091906,-0.403839,0.913010,-0.057681,-0.107425,0.015287,0.994096,0,0.93907,0.96514,56.344,1.930,-1,400.000,700.000,250.000,250.000,275.000,225.000,275.000,400.000,850.000,150.000,300.000,-1,700.000,325.000,-1,250.000,2,1,1,1,1,1,1,0,0,0,0,0,2,1,1,2,1
72,5699.742,-8851.686,-231.533,-22.144,0.922306,0.376933,0.085286,-0.374807,0.926226,-0.040313,-0.094189,0.005215,0.995541,0,0.94028,0.95811,56.417,1.916,-1,425.000,750.000,250.000,225.000,300.000,225.000,275.000,450.000,650.000,125.000,275.000,-1,750.000,325.000,-1,225.000,2,1,1,1,1,1,1,0,0,0,0,0,2,1,1,2,1
73,5752.694,-8871.212,-235.684,-20.244,0.935044,0.346009,0.077268,-0.345311,0.938215,-0.022638,-0.080327,-0.005514,0.996753,0,0.94068,0.95021,56.441,1.900,-1,450.000,800.000,250.000,200.000,300.000,225.000,250.000,500.000,525.000,100.000,275.000,-1,850.000,325.000,-1,200.000,2,1,1,1,1,1,1,0,0,0,0,0,2,1,1,2,1
74,5806.227,-8888.976,-239.576,-18.361,0.946670,0.314959,0.067944,-0.315358,0.948959,-0.005055,-0.066069,-0.016641,0.997676,0,0.94009,0.94137,56.406,1.883,-1,475.000,-1,250.000,175.000,300.000,250.000,250.000,475.000,425.000,75.000,250.000,-1,975.000,325.000,-1,175.000,2,1,2,1,1,1,1,0,1,0,0,0,2,1,1,2,1
75,5860.207,-8904.959,-243.174,-16.498,0.957152,0.283873,0.057244,-0.284969,0.958464,0.011821,-0.051511,-0.027627,0.998290,0,0.93831,0.93151,56.299,1.863,-1,500.000,-1,250.000,175.000,325.000,250.000,250.000,425.000,375.000,75.000,225.000,-1,-1,350.000,-1,175.000,2,1,2,1,1,1,1,0,1,0,0,0,2,2,1,2,1
76,5914.487,-8919.151,-246.512,-14.657,0.966456,0.252845,0.045087,-0.254214,0.966752,0.027664,-0.036593,-0.038198,0.998600,0,0.93510,0.92053,56.106,1.841,-1,550.000,-1,275.000,150.000,350.000,275.000,250.000,375.000,325.000,50.000,225.000,-1,-1,375.000,-1,150.000,2,1,2,1,1,1,1,0,1,0,0,0,2,2,1,2,1
77,5968.905,-8931.547,-248.784,-12.840,0.974412,0.221929,0.035633,-0.223415,0.973672,0.045264,-0.024649,-0.052067,0.998339,0,0.93023,0.90842,55.814,1.817,-1,600.000,-1,275.000,150.000,375.000,275.000,225.000,325.000,275.000,50.000,250.000,-1,-1,400.000,-1,175.000,2,1,2,1,1,1,1,0,1,0,0,0,2,2,1,2,1
78,6023.289,-8942.157,-251.043,-11.050,0.980960,0.191255,0.033738,-0.193000,0.979383,0.059664,-0.021631,-0.065039,0.997648,0,0.92349,0.89516,55.410,1.790,-1,625.000,-1,300.000,150.000,375.000,300.000,225.000,300.000,275.000,100.000,300.000,-1,-1,425.000,-1,200.000,2,0,2,1,1,1,1,0,1,0,0,0,2,2,1,2,1
79,-983.858,-984.064,-86.347,-166.288,-0.972045,0.233950,0.019881,-0.234060,-0.958843,-0.160739,-0.018542,-0.160899,0.986797,1,0.00000,0.00000,54.884,1.762,450.000,400.000,-1,575.000,-1,400.000,450.000,200.000,125.000,475.000,-1,-1,-1,675.000,-1,825.000,-1,0,0,2,1,2,0,0,0,1,1,2,2,2,0,2,0,2
80,-1636.600,2299.335,173.912,46.875,0.687087,-0.726540,-0.007092,0.718037,0.680473,-0.146216,0.111057,0.095371,0.989227,1,0.08000,-0.12000,4.800,-0.240,675.000,400.000,750.000,400.000,600.000,325.000,325.000,325.000,325.000,-1,600.000,725.000,-1,525.000,525.000,575.000,550.000,1,0,1,0,1,0,0,0,0,2,1,1,2,1,1,1,1
81,-1629.979,2306.287,174.966,46.395,0.693158,-0.720751,-0.007092,0.712306,0.686476,-0.146187,0.110233,0.096279,0.989231,0,0.16000,-0.24000,9.600,-0.480,650.000,400.000,750.000,400.000,600.000,325.000,325.000,325.000,325.000,-1,600.000,725.000,-1,525.000,525.000,550.000,550.000,1,0,1,0,1,0,0,0,0,2,1,1,2,1,1,1,1
82,-1619.918,2316.590,176.533,45.675,0.702171,-0.711973,-0.007084,0.703619,0.695386,-0.146148,0.108979,0.097636,0.989237,0,0.24000,-0.36000,14.400,-0.720,600.000,400.000,725.000,400.000,600.000,325.000,325.000,325.000,325.000,-1,600.000,725.000,-1,525.000,525.000,525.000,525.000,1,0,1,0,1,0,0,0,0,2,1,1,2,1,1,1,1
83,-1606.275,2330.101,178.596,44.715,0.714013,-0.700097,-0.007053,0.691866,0.707090,-0.146100,0.107271,0.099437,0.989245,0,0.32000,-0.48000,19.200,-0.960,575.000,400.000,725.000,400.000,575.000,325.000,325.000,325.000,325.000,-1,600.000,725.000,-1,500.000,500.000,500.000,525.000,1,0,1,1,1,0,0,0,0,2,1,1,2,1,1,1,1
84,-1588.871,2346.629,181.143,43.515,0.728532,-0.684977,-0.006939,0.676909,0.721431,-0.146055,0.105051,0.101708,0.989252,0,0.40000,-0.60000,24.000,-1.200,525.000,400.000,700.000,375.000,575.000,325.000,325.000,300.000,325.000,-1,625.000,725.000,-1,500.000,475.000,475.000,500.000,1,1,1,1,1,0,0,0,0,2,1,1,2,1,1,1,1
85,-1567.495,2365.932,184.134,42.075,0.745524,-0.666444,-0.006775,0.658579,0.738209,-0.146017,0.102314,0.104398,0.989259,0,0.48000,-0.72000,28.800,-1.440,475.000,375.000,650.000,375.000,550.000,325.000,325.000,300.000,325.000,-1,625.000,725.000,-1,500.000,450.000,450.000,475.000,1,0,1,1,1,0,0,0,0,2,1,1,2,1,1,1,1
86,-1541.907,2387.711,187.476,40.395,0.764755,-0.644288,-0.006536,0.636642,0.757163,-0.146255,0.099179,0.107688,0.989225,0,0.56000,-0.84000,33.600,-1.680,425.000,375.000,625.000,350.000,550.000,325.000,325.000,300.000,325.000,-1,650.000,750.000,-1,475.000,425.000,425.000,450.000,1,1,1,1,1,0,0,0,0,2,1,1,2,1,1,1,1
87,-1511.845,2411.608,191.165,38.475,0.785915,-0.618304,-0.006233,0.610917,0.778004,-0.146595,0.095490,0.111403,0.989177,0,0.64000,-0.96000,38.400,-1.920,375.000,375.000,575.000,325.000,525.000,325.000,325.000,300.000,325.000,-1,675.000,750.000,-1,450.000,400.000,400.000,425.000,1,1,1,1,1,0,1,0,0,2,1,1,2,1,1,1,1
88,-1477.108,2437.294,195.163,36.475,0.807006,-0.590514,-0.005866,0.583408,0.798756,-0.147052,0.091522,0.115249,0.989111,0,0.72000,-1.00000,43.200,-2.000,325.000,375.000,525.000,300.000,500.000,325.000,300.000,300.000,325.000,-1,700.000,775.000,-1,450.000,375.000,350.000,400.000,1,1,1,1,1,0,1,0,0,2,1,1,2,1,1,1,1
89,-1437.539,2464.471,199.434,34.475,0.827105,-0.562021,-0.005436,0.555206,0.818504,-0.147640,0.087427,0.119096,0.989026,0,0.80000,-1.00000,48.000,-2.000,300.000,350.000,475.000,275.000,475.000,325.000,275.000,300.000,325.000,-1,725.000,800.000,-1,425.000,350.000,325.000,350.000,1,1,1,1,1,1,1,0,0,2,1,1,2,1,1,1,1
90,-1392.996,2492.827,203.940,32.475,0.846188,-0.532862,-0.004943,0.526350,0.837223,-0.148368,0.083198,0.122945,0.988920,0,0.88000,-1.00000,52.800,-2.000,250.000,325.000,400.000,250.000,450.000,275.000,225.000,300.000,325.000,-1,775.000,825.000,-1,375.000,300.000,275.000,325.000,1,1,1,1,1,1,1,0,0,2,1,1,2,1,1,1,1
91,-1343.951,2521.679,210.953,30.475,0.863801,-0.503615,-0.014857,0.496459,0.855813,-0.145302,0.085891,0.118137,0.989276,0,0.94828,-1.00000,56.897,-2.000,225.000,300.000,350.000,225.000,450.000,250.000,200.000,300.000,325.000,-1,800.000,850.000,-1,325.000,275.000,250.000,300.000,1,1,1,1,1,1,1,1,0,2,1,1,2,1,1,1,1
92,-1293.699,2548.923,218.367,28.475,0.880201,-0.473829,-0.027067,0.465945,0.873584,-0.140521,0.090228,0.111075,0.989708,0,0.95263,-1.00000,57.158,-2.000,200.000,250.000,300.000,200.000,525.000,200.000,175.000,275.000,375.000,-1,725.000,750.000,-1,275.000,250.000,225.000,300.000,1,1,1,1,1,1,1,1,0,2,0,0,2,1,1,1,1
93,-1242.295,2574.522,227.313,26.475,0.895443,-0.443200,-0.041903,0.433850,0.889884,-0.141001,0.099781,0.108079,0.989122,0,0.95699,-1.00000,57.419,-2.000,175.000,200.000,275.000,200.000,-1,175.000,175.000,250.000,400.000,-1,325.000,400.000,-1,250.000,250.000,200.000,300.000,1,1,1,1,2,1,1,1,0,2,0,0,2,1,1,1,1
94,-1189.794,2598.428,237.870,24.475,0.909253,-0.411784,-0.060775,0.399807,0.904613,-0.147752,0.115819,0.110046,0.987155,0,0.96134,-1.00000,57.680,-2.000,175.000,175.000,250.000,175.000,-1,150.000,150.000,250.000,425.000,-1,175.000,225.000,-1,200.000,225.000,175.000,300.000,1,1,1,1,2,1,1,1,0,2,0,0,2,1,1,1,1
95,-1136.267,2620.651,256.001,22.475,0.921110,-0.378444,-0.091306,0.357112,0.914763,-0.188893,0.155009,0.141385,0.977744,0,0.96565,-1.00000,57.939,-2.000,150.000,175.000,250.000,200.000,-1,150.000,175.000,250.000,425.000,-1,125.000,100.000,975.000,200.000,250.000,150.000,400.000,1,1,1,1,2,1,1,1,0,2,0,0,0,1,1,1,1
96,4263.357,-1639.817,130.561,97.246,-0.098535,-0.981329,-0.165180,0.979710,-0.124772,0.156843,-0.174525,-0.146374,0.973712,1,0.00000,0.00000,58.194,-2.000,325.000,275.000,450.000,250.000,175.000,250.000,275.000,425.000,850.000,-1,0.000,0.000,675.000,400.000,325.000,325.000,175.000,0,0,1,1,1,0,1,1,1,2,1,1,1,1,1,0,1
97,-9515.643,-8856.366,80.942,15.808,0.962317,-0.271857,-0.006230,0.271679,0.960201,0.064851,-0.011649,-0.064100,0.997876,1,-0.08000,0.12000,-4.800,0.240,-1,375.000,-1,375.000,-1,300.000,300.000,325.000,325.000,-1,400.000,400.000,-1,675.000,675.000,-1,-1,2,0,2,0,2,0,0,0,0,2,0,0,2,0,0,2,2
98,-9524.858,-8859.058,81.055,16.288,0.960015,-0.279892,-0.005671,0.279657,0.957890,0.065101,-0.012789,-0.064084,0.997863,0,-0.16000,0.24000,-9.600,0.480,-1,375.000,-1,375.000,-1,300.000,300.000,325.000,325.000,-1,400.000,400.000,-1,675.000,675.000,-1,-1,2,0,2,0,2,0,0,0,0,2,0,0,2,0,0,2,2
99,-9538.628,-8863.270,81.237,17.008,0.956434,-0.291907,-0.004835,0.291587,0.954300,0.065488,-0.014502,-0.064045,0.997842,0,-0.24000,0.36000,-14.400,0.720,-1,375.000,-1,375.000,-1,300.000,300.000,325.000,325.000,-1,400.000,425.000,-1,675.000,675.000,-1,-1,2,0,2,0,2,0,0,0,0,2,0,0,2,0,0,2,2
100,-9556.910,-8869.139,81.502,17.798,0.952331,-0.305043,-0.003726,0.304614,0.950185,0.066023,-0.016599,-0.064010,0.997811,0,-0.32000,0.39517,-19.200,0.790,-1,375.000,-1,375.000,-1,300.000,300.000,325.000,325.000,-1,400.000,425.000,-1,675.000,650.000,-1,-1,2,0,2,0,2,0,0,0,0,2,0,0,2,0,0,2,2
101,-9577.752,-8876.149,81.831,18.591,0.948034,-0.318161,-0.002461,0.317610,0.945876,0.066656,-0.018879,-0.063974,0.997773,0,-0.36650,0.39636,-21.990,0.793,-1,375.000,-1,375.000,-1,300.000,300.000,325.000,325.000,-1,400.000,425.000,-1,675.000,650.000,-1,-1,2,0,2,0,2,0,0,0,0,2,0,0,2,0,0,2,2
102,-9598.481,-8883.443,82.183,19.387,0.943538,-0.331262,-0.001202,0.330587,0.941372,0.067313,-0.021167,-0.063910,0.997731,0,-0.36623,0.39770,-21.974,0.795,-1,375.000,-1,375.000,-1,300.000,300.000,325.000,325.000,-1,400.000,425.000,-1,650.000,650.000,-1,-1,2,0,2,0,2,0,0,0,0,2,0,0,2,0,0,2,2
103,-9619.085,-8891.017,82.558,20.185,0.938844,-0.344343,0.000051,0.343543,0.936672,0.067994,-0.023461,-0.063819,0.997686,0,-0.36586,0.39900,-21.952,0.798,-1,375.000,-1,375.000,-1,300.000,300.000,325.000,325.000,-1,400.000,425.000,-1,650.000,650.000,-1,-1,2,0,2,0,2,0,0,0,0,2,0,0,2,0,0,2,2
104,-9639.554,-8898.868,82.957,20.985,0.933951,-0.357399,0.001296,0.356471,0.931777,0.068698,-0.025760,-0.063699,0.997637,0,-0.36539,0.40026,-21.923,0.801,-1,375.000,-1,375.000,-1,300.000,300.000,300.000,325.000,-1,400.000,425.000,-1,650.000,650.000,-1,-1,2,0,2,0,2,0,0,0,0,2,0,0,2,0,0,2,2
105,-9659.879,-8906.993,83.379,21.788,0.928859,-0.370425,0.002533,0.369369,0.926686,0.069424,-0.028064,-0.063550,0.997584,0,-0.36481,0.40148,-21.888,0.803,-1,375.000,-1,375.000,-1,300.000,300.000,300.000,325.000,-1,400.000,425.000,-1,650.000,650.000,-1,-1,2,0,2,0,2,0,0,0,0,2,0,0,2,0,0,2,2
106,-9680.050,-8915.386,83.824,22.593,0.923568,-0.383417,0.003760,0.382231,0.921398,0.070173,-0.030370,-0.063372,0.997528,0,-0.36412,0.40266,-21.847,0.805,-1,375.000,-1,350.000,-1,300.000,300.000,300.000,325.000,-1,400.000,425.000,-1,650.000,650.000,-1,-1,2,0,2,0,2,0,0,0,0,2,0,0,2,0,0,2,2
107,-9700.057,-8924.044,84.292,23.401,0.918077,-0.396371,0.004977,0.395053,0.915915,0.070943,-0.032678,-0.063164,0.997468,0,-0.36332,0.40379,-21.799,0.808,-1,375.000,-1,350.000,-1,300.000,300.000,300.000,325.000,-1,400.000,425.000,-1,650.000,650.000,-1,-1,2,0,2,0,2,0,0,0,0,2,0,0,2,0,0,2,2
108,-9719.889,-8932.962,84.975,24.211,0.912380,-0.409302,0.005934,0.407900,0.910280,0.070764,-0.034365,-0.062144,0.997475,0,-0.36242,0.40488,-21.745,0.810,-1,375.000,-1,350.000,-1,300.000,300.000,300.000,325.000,-1,400.000,425.000,-1,650.000,650.000,-1,-1,2,0,2,0,2,0,0,0,0,2,0,0,2,0,0,2,2
109,-9739.538,-8942.135,85.696,25.023,0.906482,-0.422188,0.006886,0.420706,0.904452,0.070519,-0.036000,-0.061027,0.997487,0,-0.36141,0.40592,-21.684,0.812,-1,375.000,-1,350.000,-1,300.000,300.000,300.000,325.000,-1,375.000,425.000,-1,650.000,650.000,-1,-1,2,0,2,0,2,0,0,0,0,2,0,0,2,0,0,2,2
110,-9758.995,-8951.556,86.440,25.836,0.900386,-0.435022,0.007856,0.433462,0.898427,0.070289,-0.037636,-0.059882,0.997496,0,-0.36029,0.40691,-21.617,0.814,-1,375.000,-1,350.000,-1,300.000,300.000,300.000,325.000,-1,375.000,425.000,-1,650.000,650.000,-1,-1,2,0,2,0,2,0,0,0,0,2,0,0,2,0,0,2,2
111,-9778.250,-8961.222,87.299,26.652,0.894081,-0.447809,0.009282,0.446154,0.892224,0.069875,-0.039572,-0.058332,0.997513,0,-0.35907,0.40785,-21.544,0.816,-1,375.000,-1,350.000,-1,300.000,300.000,300.000,325.000,-1,375.000,425.000,-1,650.000,625.000,-1,-1,2,0,2,0,2,0,0,0,0,2,0,0,2,0,0,2,2
112,-9797.294,-8971.124,88.176,27.470,0.887577,-0.460535,0.010717,0.458787,0.885825,0.069495,-0.041498,-0.056766,0.997525,0,-0.35775,0.40874,-21.465,0.817,-1,375.000,-1,350.000,-1,300.000,300.000,325.000,325.000,-1,400.000,425.000,-1,650.000,625.000,-1,-1,2,0,2,0,2,0,0,0,0,2,0,0,2,0,0,2,2
113,-9816.120,-8981.257,89.072,28.289,0.880874,-0.473194,0.012158,0.471355,0.879228,0.069151,-0.043412,-0.055182,0.997532,0,-0.35632,0.40958,-21.379,0.819,-1,375.000,-1,350.000,-1,300.000,300.000,325.000,325.000,-1,400.000,425.000,-1,675.000,625.000,-1,-1,2,0,2,0,2,0,0,0,0,2,0,0,2,0,0,2,2
114,-9834.719,-8991.614,89.985,29.110,0.873974,-0.485782,0.013606,0.483855,0.872436,0.068841,-0.045312,-0.053582,0.997535,0,-0.35481,0.41036,-21.288,0.821,-1,375.000,-1,350.000,-1,300.000,300.000,325.000,325.000,-1,400.000,450.000,-1,675.000,625.000,-1,-1,2,0,2,0,2,0,0,0,0,2,0,0,2,0,0,2,2
115,-9853.084,-9002.189,90.916,29.932,0.866878,-0.498293,0.015058,0.496281,0.865450,0.068566,-0.047197,-0.051965,0.997533,0,-0.35320,0.41109,-21.192,0.822,-1,375.000,-1,350.000,-1,300.000,300.000,325.000,325.000,-1,425.000,450.000,-1,675.000,625.000,-1,-1,2,0,2,0,2,0,0,0,0,2,0,0,2,0,0,2,2
116,-9871.207,-9012.975,91.863,30.755,0.859587,-0.510723,0.016512,0.508629,0.858271,0.068325,-0.049067,-0.050333,0.997526,0,-0.35150,0.41176,-21.090,0.824,-1,375.000,-1,350.000,-1,300.000,300.000,325.000,325.000,-1,425.000,450.000,-1,675.000,625.000,-1,-1,2,0,2,0,2,0,0,0,0,2,0,0,2,0,0,2,2
117,-9889.083,-9023.964,92.827,31.580,0.852102,-0.523067,0.017968,0.520893,0.850900,0.068118,-0.050920,-0.048684,0.997515,0,-0.34973,0.41238,-20.984,0.825,-1,375.000,-1,350.000,-1,300.000,300.000,325.000,300.000,-1,425.000,450.000,-1,675.000,625.000,-1,-1,2,0,2,0,2,0,0,0,0,2,0,0,2,0,0,2,2
118,-9906.705,-9035.151,93.807,32.406,0.844426,-0.535320,0.019425,0.533068,0.843340,0.067946,-0.052754,-0.047021,0.997500,0,-0.34788,0.41293,-20.873,0.826,-1,375.000,-1,350.000,-1,300.000,300.000,325.000,300.000,-1,450.000,475.000,-1,675.000,625.000,-1,-1,2,0,2,0,2,0,0,1,0,2,0,0,2,0,0,2,2
119,-9920.185,-9043.904,94.604,32.992,0.838873,-0.543944,0.020411,0.541640,0.837866,0.067876,-0.054022,-0.045884,0.997485,0,-0.26788,0.29293,-16.073,0.586,-1,375.000,-1,350.000,-1,300.000,300.000,375.000,300.000,-1,450.000,475.000,-1,675.000,625.000,-1,-1,2,0,2,0,2,0,0,1,0,2,0,0,2,0,0,2,2
120,-9929.603,-9050.099,95.237,33.338,0.835561,-0.549004,0.020790,0.546673,0.834586,0.067929,-0.054644,-0.045394,0.997474,0,-0.18788,0.17293,-11.273,0.346,-1,375.000,-1,350.000,-1,300.000,300.000,400.000,300.000,-1,450.000,475.000,-1,675.000,625.000,-1,-1,2,0,2,0,2,0,0,1,0,2,0,0,2,0,0,2,2
121,-9935.004,-9053.666,95.602,33.443,0.834538,-0.550550,0.021005,0.548207,0.833578,0.067951,-0.054919,-0.045192,0.997468,0,-0.10788,0.05293,-6.473,0.106,-1,375.000,-1,350.000,-1,300.000,300.000,400.000,300.000,-1,450.000,500.000,-1,675.000,625.000,-1,-1,2,0,2,0,2,0,0,1,0,2,0,0,2,0,0,2,2
122,-9936.402,-9054.585,95.695,33.309,0.835823,-0.548595,0.021055,0.546252,0.834861,0.067937,-0.054848,-0.045282,0.997467,0,-0.02788,-0.06707,-1.673,-0.134,-1,375.000,-1,350.000,-1,300.000,300.000,400.000,300.000,-1,450.000,500.000,-1,675.000,625.000,-1,-1,2,0,2,0,2,0,0,1,0,2,0,0,2,0,0,2,2
123,-9933.777,-9052.884,95.519,32.935,0.839392,-0.543123,0.020939,0.540794,0.838411,0.067890,-0.054428,-0.045662,0.997473,0,0.05212,-0.18707,3.127,-0.374,-1,375.000,-1,350.000,-1,300.000,300.000,400.000,300.000,-1,450.000,475.000,-1,675.000,625.000,-1,-1,2,0,2,0,2,0,0,1,0,2,0,0,2,0,0,2,2
124,-9927.078,-9048.645,95.077,32.321,0.845176,-0.534089,0.020658,0.531788,0.844158,0.067810,-0.053655,-0.046326,0.997484,0,0.13212,-0.30707,7.927,-0.614,-1,375.000,-1,350.000,-1,300.000,300.000,375.000,300.000,-1,450.000,475.000,-1,675.000,625.000,-1,-1,2,0,2,0,2,0,0,1,0,2,0,0,2,0,0,2,2
125,-9916.222,-9042.001,94.379,31.467,0.853059,-0.521423,0.020210,0.519164,0.851989,0.067704,-0.052521,-0.047263,0.997501,0,0.21212,-0.42707,12.727,-0.854,-1,375.000,-1,350.000,-1,300.000,300.000,325.000,300.000,-1,450.000,475.000,-1,675.000,625.000,-1,-1,2,0,2,0,2,0,0,1,0,2,0,0,2,0,0,2,2
126,-9901.108,-9033.126,93.578,30.416,0.862519,-0.505669,0.018976,0.503484,0.861338,0.067820,-0.050640,-0.048942,0.997517,0,0.29212,-0.52543,17.527,-1.051,-1,375.000,-1,350.000,-1,300.000,300.000,325.000,300.000,-1,425.000,450.000,-1,675.000,625.000,-1,-1,2,0,2,0,2,0,0,0,0,2,0,0,2,0,0,2,2
127,-9881.649,-9022.177,92.589,29.364,0.871702,-0.489727,0.017412,0.487632,0.870393,0.068045,-0.048479,-0.050824,0.997530,0,0.37212,-0.52589,22.327,-1.052,-1,375.000,-1,350.000,-1,300.000,300.000,325.000,300.000,-1,425.000,450.000,-1,675.000,625.000,-1,-1,2,0,2,0,2,0,0,0,0,2,0,0,2,0,0,2,2
128,-9857.767,-9009.310,91.425,28.311,0.880605,-0.473596,0.015527,0.471609,0.879152,0.068390,-0.046040,-0.052901,0.997538,0,0.45212,-0.52653,27.127,-1.053,-1,375.000,-1,350.000,-1,300.000,300.000,325.000,325.000,-1,400.000,450.000,-1,675.000,625.000,-1,-1,2,0,2,0,2,0,0,0,0,2,0,0,2,0,0,2,2
129,-9829.385,-8994.687,90.102,27.256,0.889225,-0.457276,0.013329,0.455414,0.887612,0.068869,-0.043323,-0.055170,0.997537,0,0.53212,-0.52740,31.927,-1.055,-1,375.000,-1,350.000,-1,300.000,300.000,325.000,325.000,-1,400.000,425.000,-1,650.000,625.000,-1,-1,2,0,2,0,2,0,0,0,0,2,0,0,2,0,0,2,2
130,-9796.432,-8978.471,88.635,26.199,0.897559,-0.440762,0.010824,0.439047,0.895772,0.069497,-0.040328,-0.057625,0.997523,0,0.61212,-0.52853,36.727,-1.057,-1,375.000,-1,350.000,-1,300.000,300.000,325.000,325.000,-1,400.000,425.000,-1,650.000,625.000,-1,-1,2,0,2,0,2,0,0,0,0,2,0,0,2,0,0,2,2
131,-9758.838,-8960.827,87.058,25.139,0.905601,-0.424052,0.008102,0.422503,0.903635,0.070249,-0.037110,-0.060195,0.997497,0,0.69212,-0.52995,41.527,-1.060,-1,375.000,-1,350.000,-1,300.000,300.000,300.000,325.000,-1,375.000,425.000,-1,650.000,650.000,-1,-1,2,0,2,0,2,0,0,0,0,2,0,0,2,0,0,2,2
132,-9716.542,-8941.927,85.569,24.076,0.913337,-0.407160,0.005999,0.405761,0.911240,0.070707,-0.034255,-0.062145,0.997479,0,0.77212,-0.53171,46.327,-1.063,-1,375.000,-1,350.000,-1,300.000,300.000,300.000,325.000,-1,400.000,425.000,-1,650.000,650.000,-1,-1,2,0,2,0,2,0,0,0,0,2,0,0,2,0,0,2,2
133,-9669.780,-8922.070,84.314,23.008,0.920771,-0.390090,0.003345,0.388925,0.918622,0.069796,-0.030300,-0.062965,0.997556,0,0.84672,-0.53384,50.803,-1.068,-1,375.000,-1,350.000,-1,300.000,300.000,300.000,325.000,-1,400.000,425.000,-1,650.000,650.000,-1,-1,2,0,2,0,2,0,0,0,0,2,0,0,2,0,0,2,2
