timestep,x_cm,y_cm,z_cm,yaw_deg,basis_xx,basis_xy,basis_xz,basis_yx,basis_yy,basis_yz,basis_zx,basis_zy,basis_zz,teleport_flag,throttle_cmd,steering_cmd,cmd_move_cm,cmd_turn_deg,lidar_cm_0,lidar_cm_1,lidar_cm_2,lidar_cm_3,lidar_cm_4,lidar_cm_5,lidar_cm_6,lidar_cm_7,lidar_cm_8,lidar_cm_9,lidar_cm_10,lidar_cm_11,lidar_cm_12,lidar_cm_13,lidar_cm_14,lidar_cm_15,lidar_cm_16,lidar_class_0,lidar_class_1,lidar_class_2,lidar_class_3,lidar_class_4,lidar_class_5,lidar_class_6,lidar_class_7,lidar_class_8,lidar_class_9,lidar_class_10,lidar_class_11,lidar_class_12,lidar_class_13,lidar_class_14,lidar_class_15,lidar_class_16
0,4267.035,-9508.820,375.170,-147.375,-0.842437,0.538192,0.025489,-0.538740,-0.840730,-0.054154,-0.007716,-0.059354,0.998207,1,-0.06853,0.12000,-4.112,0.240,975.000,350.000,-1,425.000,-1,300.000,325.000,275.000,250.000,550.000,0.000,0.000,-1,625.000,800.000,-1,-1,0,0,2,0,2,0,0,0,1,1,1,1,2,0,0,2,2
1,4274.501,-9503.954,375.615,-146.895,-0.837942,0.545137,0.026048,-0.545683,-0.836071,-0.056710,-0.009137,-0.061734,0.998051,0,-0.14853,0.24000,-8.912,0.480,925.000,350.000,-1,425.000,-1,300.000,325.000,275.000,250.000,525.000,0.000,0.000,-1,625.000,800.000,-1,-1,0,0,2,0,2,0,0,0,1,1,1,1,2,0,0,2,2
2,4285.894,-9496.324,376.337,-146.175,-0.831101,0.555466,0.027000,-0.556006,-0.828954,-0.060764,-0.011370,-0.065513,0.997787,0,-0.22853,0.36000,-13.712,0.720,850.000,350.000,-1,425.000,-1,300.000,325.000,275.000,250.000,500.000,0.000,0.000,-1,600.000,800.000,-1,-1,0,0,2,0,2,0,0,0,1,1,1,1,2,0,0,2,2
3,4299.306,-9487.013,377.134,-145.215,-0.821776,0.569112,0.028216,-0.569637,-0.819294,-0.065355,-0.014077,-0.069780,0.997463,0,-0.27210,0.48000,-16.326,0.960,775.000,350.000,-1,425.000,-1,300.000,325.000,275.000,250.000,475.000,0.000,0.000,-1,600.000,800.000,950.000,-1,0,0,2,0,2,0,0,0,1,1,1,1,2,0,0,0,2
4,-3607.637,7543.216,-2.995,-144.222,-0.806692,0.584516,0.087116,-0.583800,-0.811092,0.036154,0.091792,-0.021693,0.995542,1,0.00000,0.00000,-16.477,0.956,-1,425.000,-1,400.000,-1,350.000,325.000,300.000,300.000,-1,-1,-1,-1,-1,650.000,-1,950.000,2,0,2,1,2,0,0,0,0,2,2,2,2,2,1,2,1
5,-3611.519,7540.393,-2.546,-143.982,-0.804220,0.587901,0.087191,-0.587220,-0.808627,0.035988,0.091662,-0.022258,0.995541,0,0.08000,0.12000,4.800,0.240,-1,425.000,-1,400.000,-1,350.000,325.000,300.000,300.000,-1,-1,-1,-1,-1,650.000,-1,950.000,2,0,2,1,2,0,0,0,0,2,2,2,2,2,1,2,1
6,-3619.236,7534.683,-1.699,-143.502,-0.799257,0.594641,0.087123,-0.594022,-0.803656,0.035714,0.091254,-0.023209,0.995557,0,0.16000,0.24000,9.600,0.480,-1,425.000,-1,400.000,-1,350.000,325.000,300.000,300.000,-1,-1,-1,-1,-1,650.000,-1,925.000,2,0,2,1,2,0,0,0,0,2,2,2,2,2,1,2,1
7,-3630.703,7525.973,-0.499,-142.782,-0.791736,0.604676,0.086726,-0.604133,-0.796098,0.035372,0.090431,-0.024388,0.995604,0,0.24000,0.36000,14.400,0.720,-1,425.000,-1,400.000,-1,350.000,325.000,300.000,300.000,-1,-1,-1,-1,-1,625.000,-1,900.000,2,0,2,1,2,0,0,0,0,2,2,2,2,2,1,2,1
8,-3645.796,7514.105,1.083,-141.822,-0.781515,0.617905,0.086179,-0.617464,-0.785824,0.034896,0.089284,-0.025941,0.995668,0,0.32000,0.48000,19.200,0.960,-1,425.000,-1,400.000,-1,350.000,325.000,300.000,300.000,-1,-1,-1,-1,-1,625.000,-1,850.000,2,0,2,1,2,0,0,0,0,2,2,2,2,2,1,2,1
9,-3664.346,7498.878,3.033,-140.622,-0.768435,0.634194,0.085474,-0.633880,-0.772672,0.034268,0.087776,-0.027848,0.995751,0,0.40000,0.60000,24.000,1.200,-1,425.000,-1,400.000,-1,350.000,325.000,300.000,300.000,-1,-1,-1,-1,-1,600.000,-1,800.000,2,0,2,1,2,0,0,0,0,2,2,2,2,2,1,2,1
10,-3686.141,7480.052,5.331,-139.182,-0.752298,0.653369,0.084600,-0.653205,-0.756442,0.033463,0.085858,-0.030087,0.995853,0,0.48000,0.72000,28.800,1.440,-1,425.000,-1,400.000,1000.000,350.000,325.000,300.000,300.000,-1,-1,-1,-1,-1,600.000,-1,750.000,2,0,2,1,1,0,0,0,0,2,2,2,2,2,1,2,1
11,-3710.913,7457.353,7.998,-137.502,-0.732879,0.675207,0.083563,-0.675234,-0.736899,0.032245,0.083350,-0.032793,0.995981,0,0.56000,0.84000,33.600,1.680,-1,425.000,-1,375.000,825.000,350.000,325.000,300.000,300.000,-1,-1,-1,-1,-1,575.000,-1,700.000,2,0,2,1,1,0,0,0,0,2,2,2,2,2,1,2,1
12,-3738.386,7430.525,10.976,-135.682,-0.711152,0.698194,0.082388,-0.698430,-0.715018,0.030729,0.080364,-0.035689,0.996126,0,0.64000,0.90972,38.400,1.819,-1,450.000,-1,375.000,700.000,350.000,325.000,300.000,300.000,-1,-1,-1,-1,-1,550.000,-1,625.000,2,0,2,1,1,0,0,0,0,2,2,2,2,2,1,2,1
13,-3768.337,7399.394,14.235,-133.896,-0.689151,0.720064,0.081117,-0.720515,-0.692837,0.028895,0.077007,-0.038533,0.996286,0,0.72000,0.89300,43.200,1.786,-1,450.000,-1,375.000,625.000,350.000,350.000,300.000,300.000,-1,-1,-1,-1,-1,525.000,-1,575.000,2,0,2,1,1,0,1,0,0,2,2,2,2,2,1,2,1
14,-3800.546,7363.806,17.744,-132.148,-0.666996,0.740779,0.079767,-0.741450,-0.670477,0.026718,0.073275,-0.041322,0.996455,0,0.80000,0.87397,48.000,1.748,-1,450.000,-1,350.000,525.000,350.000,325.000,300.000,300.000,-1,-1,-1,-1,-1,500.000,-1,525.000,2,0,2,1,1,0,1,0,0,2,2,2,2,2,1,2,1
15,-3834.796,7323.623,21.470,-130.444,-0.644822,0.760305,0.078362,-0.761197,-0.648070,0.024174,0.069164,-0.044061,0.996632,0,0.88000,0.85222,52.800,1.704,-1,450.000,-1,350.000,450.000,350.000,325.000,300.000,275.000,-1,-1,-1,-1,-1,475.000,-1,450.000,2,0,2,1,1,0,1,0,0,2,2,2,2,2,1,2,1
16,-3871.026,7278.845,25.257,-128.979,-0.625336,0.776486,0.077614,-0.777695,-0.628320,0.020111,0.064382,-0.047784,0.996781,0,0.96000,0.73222,57.600,1.464,-1,450.000,-1,325.000,400.000,350.000,325.000,300.000,275.000,-1,-1,-1,-1,-1,475.000,-1,400.000,2,0,2,1,1,0,1,0,0,2,2,2,2,2,1,2,1
17,-3907.759,7231.404,30.356,-127.755,-0.608187,0.789347,0.083902,-0.791265,-0.611283,0.015224,0.063305,-0.057130,0.996358,0,1.00000,0.61222,60.000,1.224,-1,475.000,-1,325.000,350.000,375.000,325.000,275.000,300.000,-1,-1,-1,-1,-1,500.000,-1,350.000,2,0,2,1,1,0,1,0,1,2,2,2,2,2,1,2,1
18,-3943.670,7183.338,35.679,-126.770,-0.593948,0.799198,0.092239,-0.802002,-0.597231,0.010395,0.063396,-0.067802,0.995683,0,1.00000,0.49222,60.000,0.984,-1,475.000,-1,325.000,325.000,375.000,325.000,275.000,300.000,-1,-1,-1,-1,-1,575.000,-1,325.000,2,0,2,1,1,1,1,0,1,2,2,2,2,2,1,2,1
19,-3978.839,7134.726,41.158,-125.893,-0.580847,0.807541,0.102441,-0.811441,-0.584404,0.005928,0.064654,-0.079681,0.994721,0,1.00000,0.43885,60.000,0.878,-1,500.000,-1,350.000,300.000,375.000,325.000,275.000,325.000,-1,-1,-1,-1,-1,875.000,-1,300.000,2,0,2,1,1,1,1,0,1,2,2,2,2,2,1,2,1
20,-4013.315,7085.619,46.395,-125.081,-0.568262,0.814923,0.113924,-0.820019,-0.572324,0.003638,0.068166,-0.091352,0.993483,0,1.00000,0.40604,60.000,0.812,-1,525.000,-1,375.000,275.000,400.000,350.000,250.000,325.000,-1,-1,-1,-1,-1,-1,-1,-1,2,1,2,1,1,1,1,0,1,2,2,2,2,2,2,2,2
21,-4047.150,7036.069,51.832,-124.339,-0.556313,0.821221,0.126930,-0.827796,-0.561027,0.001677,0.072588,-0.104139,0.991910,0,1.00000,0.37059,60.000,0.741,-1,550.000,-1,425.000,400.000,425.000,400.000,250.000,325.000,-1,-1,-1,-1,-1,-1,-1,-1,2,0,2,1,1,1,1,0,1,2,2,2,2,2,2,2,2
22,-4080.412,6986.133,55.442,-123.675,-0.546297,0.827075,0.132312,-0.834465,-0.551060,-0.000738,0.072302,-0.110813,0.991208,0,1.00000,0.33241,60.000,0.665,-1,550.000,-1,475.000,-1,450.000,425.000,250.000,325.000,-1,-1,-1,-1,-1,-1,-1,-1,2,0,2,1,2,1,1,0,1,2,2,2,2,2,2,2,2
23,-4113.167,6935.864,57.560,-123.092,-0.538205,0.832470,0.131638,-0.840043,-0.542506,-0.003760,0.068284,-0.112606,0.991291,0,1.00000,0.29148,60.000,0.583,-1,575.000,-1,525.000,-1,450.000,425.000,250.000,300.000,-1,-1,-1,-1,-1,-1,-1,-1,2,0,2,1,2,1,1,0,1,2,2,2,2,2,2,2,2
24,-4145.487,6885.315,59.116,-122.596,-0.531568,0.837098,0.129242,-0.844655,-0.535263,-0.007145,0.063197,-0.112963,0.991587,0,1.00000,0.24781,60.000,0.496,-1,575.000,-1,600.000,-1,475.000,450.000,250.000,250.000,-1,-1,-1,-1,-1,-1,-1,-1,2,0,2,1,2,0,1,0,1,2,2,2,2,2,2,2,2
25,-4177.452,6834.540,60.132,-122.193,-0.526450,0.840938,0.125196,-0.848288,-0.529422,-0.010940,0.057082,-0.111962,0.992072,0,1.00000,0.20152,60.000,0.403,-1,550.000,-1,675.000,-1,475.000,475.000,250.000,225.000,-1,-1,-1,-1,-1,-1,-1,-1,2,0,2,1,2,0,1,0,1,2,2,2,2,2,2,2,2
26,-4209.147,6783.597,60.629,-121.887,-0.522899,0.843968,0.119563,-0.850929,-0.525062,-0.015173,0.049973,-0.109674,0.992711,0,1.00000,0.15287,60.000,0.306,-1,550.000,-1,650.000,-1,450.000,475.000,250.000,175.000,-1,-1,-1,-1,-1,-1,-1,-1,2,0,2,1,2,0,0,0,1,2,2,2,2,2,2,2,2
27,-4240.657,6732.538,61.215,-121.683,-0.521014,0.845848,0.114393,-0.852601,-0.522053,-0.023080,0.040197,-0.109557,0.993167,0,1.00000,0.10227,60.000,0.205,-1,550.000,-1,625.000,-1,450.000,475.000,250.000,150.000,-1,-1,-1,-1,-1,-1,-1,-1,2,0,2,1,2,0,0,0,1,2,2,2,2,2,2,2,2
28,-4272.055,6681.410,62.032,-121.561,-0.520568,0.846689,0.110123,-0.853381,-0.520089,-0.035318,0.027371,-0.112362,0.993290,0,1.00000,0.06090,60.000,0.122,-1,525.000,-1,600.000,-1,425.000,450.000,250.000,150.000,-1,-1,-1,-1,-1,-1,-1,-1,2,0,2,1,2,0,0,0,1,2,2,2,2,2,2,2,2
29,-4302.430,6631.735,62.607,-121.453,-0.520494,0.847361,0.105193,-0.853769,-0.518315,-0.049265,0.012778,-0.115453,0.993231,0,0.97046,0.05374,58.227,0.107,-1,500.000,-1,575.000,-1,425.000,450.000,250.000,150.000,-1,-1,-1,-1,-1,-1,-1,-1,2,0,2,1,2,0,0,0,1,2,2,2,2,2,2,2,2
30,-4331.516,6583.984,62.935,-121.356,-0.520683,0.847898,0.099790,-0.853743,-0.516659,-0.064699,-0.003300,-0.118883,0.992903,0,0.93188,0.04886,55.913,0.098,-1,450.000,-1,525.000,-1,400.000,425.000,250.000,150.000,-1,-1,-1,-1,950.000,-1,-1,-1,2,0,2,1,2,0,0,0,1,2,2,2,2,0,2,2,2
31,-4359.304,6538.195,63.166,-121.263,-0.520988,0.848394,0.093804,-0.853325,-0.515087,-0.080761,-0.020200,-0.122121,0.992310,0,0.89267,0.04619,53.560,0.092,-1,425.000,-1,500.000,850.000,375.000,400.000,250.000,150.000,-1,-1,-1,-1,850.000,-1,-1,-1,2,0,2,1,1,0,0,0,1,2,2,2,2,0,2,2,2
32,-4385.822,6494.339,63.267,-121.172,-0.521332,0.848863,0.087432,-0.852512,-0.513527,-0.097531,-0.037892,-0.125383,0.991385,0,0.85415,0.04553,51.249,0.091,1000.000,400.000,-1,475.000,725.000,350.000,375.000,225.000,175.000,-1,-1,-1,-1,750.000,900.000,-1,-1,0,0,2,1,1,0,0,0,1,2,2,2,2,0,1,2,2
33,-4411.142,6452.334,61.385,-121.079,-0.520893,0.850072,0.077774,-0.852103,-0.512369,-0.106762,-0.050907,-0.121883,0.991238,0,0.81741,0.04666,49.045,0.093,800.000,375.000,-1,450.000,600.000,325.000,350.000,225.000,175.000,-1,-1,-1,-1,700.000,800.000,-1,-1,0,0,2,1,1,0,0,0,1,2,2,2,2,0,1,2,2
34,-4435.338,6412.047,58.656,-120.980,-0.519952,0.851594,0.066617,-0.851915,-0.511289,-0.113244,-0.062377,-0.115633,0.991331,0,0.78322,0.04933,46.993,0.099,700.000,375.000,-1,425.000,525.000,325.000,350.000,250.000,175.000,-1,-1,-1,-1,650.000,725.000,-1,-1,0,0,2,1,1,0,0,0,1,2,2,2,2,0,1,2,2
35,-4458.497,6373.321,56.166,-120.874,-0.518638,0.853044,0.057708,-0.852002,-0.510003,-0.118279,-0.071466,-0.110511,0.991302,0,0.75202,0.05332,45.121,0.107,625.000,350.000,-1,400.000,475.000,300.000,325.000,250.000,175.000,-1,-1,-1,-1,625.000,675.000,975.000,-1,0,0,2,1,1,0,0,0,1,2,2,2,2,0,1,0,2
36,-4480.712,6335.990,54.989,-120.757,-0.517101,0.854094,0.055944,-0.852622,-0.508269,-0.121235,-0.075111,-0.110390,0.991046,0,0.72401,0.05841,43.441,0.117,600.000,350.000,-1,375.000,450.000,300.000,325.000,250.000,200.000,-1,-1,-1,-1,625.000,700.000,900.000,-1,0,0,2,1,1,0,0,0,1,2,2,2,2,0,1,0,2
37,-4502.085,6299.892,53.577,-120.628,-0.515298,0.855308,0.053998,-0.853444,-0.506390,-0.123297,-0.078113,-0.109619,0.990900,0,0.69918,0.06443,41.951,0.129,575.000,350.000,-1,375.000,450.000,300.000,325.000,250.000,200.000,-1,-1,-1,-1,600.000,750.000,850.000,-1,0,0,2,1,1,0,0,0,1,2,2,2,2,0,1,0,2
38,-4522.494,6265.576,51.926,-120.739,-0.516960,0.854457,0.051529,-0.852256,-0.508128,-0.124362,-0.080079,-0.108206,0.990898,0,0.66543,-0.05557,39.926,-0.111,575.000,350.000,-1,375.000,450.000,300.000,325.000,250.000,225.000,-1,-1,-1,-1,600.000,775.000,850.000,-1,0,0,2,1,1,0,0,0,1,2,2,2,2,0,0,0,2
39,-4542.588,6232.257,50.118,-121.090,-0.522103,0.851483,0.048840,-0.849024,-0.513449,-0.124613,-0.081029,-0.106527,0.991003,0,0.64848,-0.17557,38.909,-0.351,600.000,350.000,-1,375.000,450.000,300.000,325.000,250.000,225.000,-1,-1,-1,-1,600.000,750.000,875.000,-1,0,0,2,1,1,0,1,0,1,2,2,2,2,0,0,0,2
40,-4562.609,6199.809,49.576,-121.681,-0.530848,0.845839,0.052498,-0.843970,-0.522021,-0.123325,-0.076908,-0.109774,0.990977,0,0.63545,-0.29557,38.127,-0.591,625.000,350.000,-1,375.000,-1,325.000,325.000,250.000,225.000,-1,-1,-1,-1,625.000,775.000,1000.000,-1,0,0,2,1,2,0,1,0,1,2,2,2,2,0,0,0,2
41,-4582.790,6168.140,48.794,-122.512,-0.542968,0.837923,0.055417,-0.836624,-0.534073,-0.121767,-0.072434,-0.112479,0.991010,0,0.62587,-0.41557,37.552,-0.831,700.000,375.000,-1,400.000,-1,325.000,325.000,250.000,250.000,-1,-1,-1,-1,650.000,800.000,-1,-1,0,0,2,1,2,0,1,0,1,2,2,2,2,0,0,2,2
42,-4603.343,6137.182,47.816,-123.584,-0.558381,0.827570,0.057783,-0.826825,-0.549495,-0.120068,-0.067613,-0.114820,0.991083,0,0.61931,-0.53557,37.158,-1.071,775.000,375.000,-1,400.000,-1,325.000,350.000,250.000,250.000,-1,-1,-1,-1,675.000,825.000,-1,-1,0,0,2,1,2,0,1,0,1,2,2,2,2,0,0,2,2
43,-4624.465,6106.895,46.634,-124.895,-0.576970,0.814558,0.059998,-0.814386,-0.568133,-0.118320,-0.062292,-0.117129,0.991161,0,0.61539,-0.65557,36.923,-1.311,875.000,400.000,-1,425.000,-1,350.000,350.000,250.000,250.000,-1,-1,-1,-1,700.000,875.000,-1,-1,0,0,2,1,2,0,1,0,1,2,2,2,2,0,0,2,2
44,-4646.342,6077.268,45.259,-126.446,-0.598570,0.798641,0.062346,-0.799085,-0.589797,-0.116630,-0.056374,-0.119631,0.991217,0,0.61379,-0.77557,36.828,-1.551,925.000,400.000,-1,425.000,-1,350.000,350.000,250.000,250.000,-1,-1,-1,-1,725.000,875.000,-1,-1,0,0,2,1,2,0,1,0,1,2,2,2,2,0,0,2,2
45,-4669.152,6048.316,43.783,-128.237,-0.622968,0.779570,0.064664,-0.780647,-0.614278,-0.115121,-0.050024,-0.122196,0.991245,0,0.61425,-0.89557,36.855,-1.791,1000.000,425.000,-1,450.000,-1,350.000,375.000,250.000,250.000,-1,-1,-1,-1,750.000,900.000,-1,-1,0,0,2,1,2,0,1,0,1,2,2,2,2,0,0,2,2
46,-4692.215,6020.622,42.255,-129.788,-0.643581,0.762476,0.066580,-0.764085,-0.635006,-0.113762,-0.044463,-0.124088,0.991275,0,0.60063,-0.77557,36.038,-1.551,-1,425.000,-1,450.000,-1,350.000,375.000,250.000,250.000,-1,-1,-1,-1,750.000,925.000,-1,-1,2,0,2,1,2,0,0,0,1,2,2,2,2,0,0,2,2
47,-4715.965,5993.396,40.588,-131.099,-0.660601,0.747639,0.068141,-0.749699,-0.652192,-0.112238,-0.039472,-0.125230,0.991342,0,0.60212,-0.65557,36.127,-1.311,-1,425.000,-1,475.000,-1,350.000,375.000,250.000,250.000,-1,-1,-1,575.000,775.000,925.000,-1,-1,2,0,2,1,2,0,0,0,1,2,2,2,1,0,0,2,2
48,-4743.443,5963.063,38.523,-132.170,-0.674152,0.735338,0.069264,-0.737788,-0.666074,-0.109610,-0.034465,-0.124996,0.991558,0,0.68212,-0.53557,40.927,-1.071,-1,425.000,-1,500.000,-1,375.000,375.000,250.000,225.000,-1,-1,-1,575.000,775.000,950.000,-1,-1,2,0,2,0,2,0,0,0,1,2,2,2,1,0,0,2,2
49,-4774.634,5929.623,35.797,-133.002,-0.684412,0.725763,0.069628,-0.728490,-0.676824,-0.105887,-0.029723,-0.123193,0.991937,0,0.76212,-0.41557,45.727,-0.831,-1,425.000,-1,500.000,-1,375.000,375.000,250.000,225.000,-1,-1,-1,550.000,800.000,950.000,-1,-1,2,0,2,0,2,0,0,0,1,2,2,2,1,0,0,2,2
50,-4806.455,5896.332,32.590,-133.698,-0.692847,0.717771,0.069051,-0.720641,-0.685878,-0.101235,-0.025303,-0.119901,0.992463,0,0.76752,-0.34837,46.051,-0.697,-1,425.000,-1,500.000,-1,375.000,375.000,250.000,200.000,1000.000,-1,-1,525.000,800.000,950.000,-1,-1,2,0,2,0,2,0,0,0,1,0,2,2,1,0,0,2,2
51,-4838.413,5863.708,28.969,-134.399,-0.701234,0.709713,0.067671,-0.712624,-0.694980,-0.095758,-0.020930,-0.115372,0.993102,0,0.76114,-0.35036,45.668,-0.701,-1,450.000,-1,500.000,-1,375.000,375.000,250.000,200.000,925.000,-1,-1,500.000,800.000,950.000,-1,-1,2,0,2,0,2,0,0,0,1,0,2,2,1,0,0,2,2
52,-4870.498,5831.738,24.952,-135.090,-0.709416,0.701737,0.065530,-0.704593,-0.703951,-0.089452,-0.016642,-0.109631,0.993833,0,0.75487,-0.34558,45.292,-0.691,-1,450.000,-1,475.000,-1,375.000,375.000,250.000,175.000,900.000,-1,-1,475.000,825.000,925.000,-1,-1,2,0,2,0,2,0,0,0,1,0,2,2,1,0,0,2,2
53,-4902.684,5800.408,22.809,-135.770,-0.717717,0.693454,0.063276,-0.696133,-0.712348,-0.089216,-0.016792,-0.108080,0.994000,0,0.74861,-0.33988,44.916,-0.680,-1,425.000,-1,475.000,-1,375.000,375.000,250.000,175.000,900.000,-1,-1,475.000,800.000,900.000,-1,-1,2,0,2,0,2,0,0,0,1,0,2,2,1,0,0,2,2
54,-4934.962,5769.716,20.575,-136.438,-0.725759,0.685312,0.060188,-0.687739,-0.720592,-0.088099,-0.017004,-0.105332,0.994292,0,0.74232,-0.33375,44.539,-0.668,-1,425.000,-1,475.000,-1,350.000,375.000,275.000,150.000,925.000,-1,-1,500.000,800.000,875.000,-1,-1,2,0,2,0,2,0,0,0,1,0,2,2,1,0,0,2,2
55,-4971.194,5736.224,17.890,-137.244,-0.735356,0.675359,0.056050,-0.677455,-0.730453,-0.086570,-0.017524,-0.101631,0.994668,0,0.82232,-0.40337,49.339,-0.807,-1,425.000,-1,450.000,-1,350.000,375.000,275.000,150.000,950.000,-1,-1,500.000,775.000,850.000,-1,-1,2,0,2,0,2,0,0,0,1,0,2,2,1,0,0,2,2
56,-5010.376,5700.987,15.986,-138.036,-0.744902,0.665234,0.050836,-0.666793,-0.739740,-0.090399,-0.022531,-0.101235,0.994607,0,0.87825,-0.39564,52.695,-0.791,-1,425.000,-1,425.000,-1,350.000,350.000,275.000,150.000,1000.000,-1,-1,525.000,750.000,800.000,-1,-1,2,0,2,0,2,0,0,0,1,0,2,2,1,0,0,2,2
57,-5049.693,5666.571,14.898,-138.809,-0.754298,0.655008,0.044725,-0.655788,-0.748449,-0.098825,-0.031257,-0.103874,0.994099,0,0.87086,-0.38678,52.251,-0.774,975.000,400.000,-1,425.000,-1,325.000,350.000,275.000,150.000,-1,-1,-1,600.000,700.000,750.000,-1,-1,0,0,2,0,2,0,0,0,1,2,2,2,1,0,0,2,2
58,-5089.133,5632.958,13.271,-139.564,-0.763235,0.645037,0.037410,-0.644897,-0.756948,-0.105533,-0.039755,-0.104672,0.993712,0,0.86363,-0.37738,51.818,-0.755,825.000,375.000,-1,400.000,-1,325.000,325.000,275.000,150.000,-1,-1,-1,650.000,650.000,700.000,900.000,-1,0,0,2,0,2,0,0,0,1,2,2,2,1,0,0,0,2
59,-5128.681,5600.122,11.118,-140.299,-0.771687,0.635342,0.028987,-0.634186,-0.765239,-0.110532,-0.048043,-0.103679,0.993450,0,0.85669,-0.36746,51.401,-0.735,700.000,350.000,-1,375.000,-1,300.000,300.000,275.000,150.000,-1,-1,-1,700.000,600.000,650.000,775.000,-1,0,0,2,0,2,0,0,0,1,2,2,2,1,0,0,0,2
60,-5168.326,5568.024,10.511,-141.013,-0.779731,0.625468,0.028462,-0.624086,-0.772742,-0.115700,-0.050373,-0.107977,0.992876,0,0.85014,-0.35704,51.008,-0.714,625.000,350.000,-1,375.000,-1,300.000,300.000,275.000,150.000,-1,-1,-1,750.000,575.000,625.000,700.000,-1,0,0,2,0,2,0,0,0,1,2,2,2,1,0,0,0,2
61,-5208.070,5536.631,10.429,-141.705,-0.787379,0.615697,0.030843,-0.614441,-0.779750,-0.120218,-0.049968,-0.113609,0.992268,0,0.84409,-0.34613,50.646,-0.692,575.000,350.000,-1,375.000,-1,300.000,300.000,275.000,175.000,-1,-1,-1,800.000,550.000,625.000,650.000,-1,0,0,2,0,2,0,0,0,1,2,2,2,1,0,0,0,2
62,-5247.921,5505.905,10.097,-142.375,-0.794609,0.606204,0.033362,-0.605167,-0.786451,-0.123562,-0.048667,-0.118373,0.991776,0,0.83866,-0.33477,50.320,-0.670,550.000,350.000,-1,375.000,-1,300.000,300.000,275.000,175.000,-1,-1,-1,850.000,550.000,625.000,600.000,-1,0,0,2,0,2,0,0,0,1,2,2,2,1,0,0,0,2
63,-5287.889,5475.802,9.517,-143.021,-0.801420,0.597014,0.036053,-0.596292,-0.792857,-0.125755,-0.046493,-0.122281,0.991406,0,0.83393,-0.32296,50.036,-0.646,525.000,350.000,-1,375.000,-1,300.000,300.000,275.000,200.000,-1,-1,-1,900.000,525.000,650.000,575.000,-1,0,0,2,0,2,0,0,0,1,2,2,2,1,0,0,0,2
64,-5327.991,5446.276,8.691,-143.642,-0.807811,0.588152,0.038957,-0.587837,-0.798977,-0.126820,-0.043464,-0.125347,0.991160,0,0.82996,-0.31074,49.798,-0.621,500.000,325.000,-1,375.000,-1,300.000,300.000,275.000,200.000,-1,-1,-1,925.000,525.000,650.000,525.000,-1,0,0,2,0,2,0,0,0,1,2,2,2,1,0,0,0,2
65,-5368.247,5417.283,8.027,-144.238,-0.813799,0.579762,0.040093,-0.579705,-0.804992,-0.126215,-0.040900,-0.125956,0.991192,0,0.82682,-0.29811,49.609,-0.596,475.000,325.000,-1,375.000,-1,275.000,300.000,275.000,225.000,-1,-1,-1,925.000,525.000,650.000,525.000,-1,0,0,2,0,2,0,0,0,1,2,2,2,1,0,0,0,2
66,-5408.678,5388.774,7.264,-144.808,-0.819392,0.571780,0.040809,-0.571975,-0.810803,-0.124267,-0.037966,-0.125165,0.991409,0,0.82452,-0.28509,49.471,-0.570,475.000,325.000,-1,375.000,-1,275.000,300.000,275.000,250.000,-1,-1,-1,900.000,500.000,650.000,500.000,-1,0,0,2,0,2,0,0,0,1,2,2,2,1,0,0,0,2
67,-5449.308,5360.700,6.284,-145.352,-0.824593,0.564187,0.041717,-0.564687,-0.816366,-0.121140,-0.034289,-0.123449,0.991758,0,0.82308,-0.27170,49.385,-0.543,450.000,325.000,-1,375.000,-1,275.000,300.000,275.000,275.000,-1,-1,-1,750.000,500.000,650.000,500.000,-1,0,0,2,0,2,0,0,0,1,2,2,2,1,0,0,0,2
68,-5490.162,5333.015,5.315,-145.868,-0.829362,0.557058,0.042953,-0.557951,-0.821774,-0.115666,-0.029136,-0.119895,0.992359,0,0.82251,-0.25794,49.350,-0.516,450.000,325.000,-1,375.000,-1,300.000,300.000,275.000,275.000,-1,-1,-1,475.000,500.000,650.000,500.000,-1,0,0,2,0,2,0,0,0,1,2,2,2,1,0,0,0,2
69,-5531.266,5305.672,4.500,-146.355,-0.833684,0.550434,0.044644,-0.551803,-0.827072,-0.107075,-0.022014,-0.113902,0.993248,0,0.82279,-0.24382,49.367,-0.488,475.000,325.000,-1,375.000,-1,300.000,300.000,275.000,300.000,-1,-1,-1,400.000,525.000,650.000,525.000,-1,0,0,2,0,2,0,0,0,1,2,2,2,1,0,0,0,2
70,-5572.645,5278.625,3.590,-146.814,-0.837622,0.544248,0.046731,-0.546079,-0.832145,-0.096609,-0.013692,-0.106441,0.994225,0,0.82390,-0.22935,49.434,-0.459,525.000,325.000,-1,375.000,-1,300.000,300.000,275.000,300.000,-1,-1,-1,350.000,525.000,675.000,575.000,-1,0,0,2,0,2,0,0,0,1,2,2,2,1,0,0,0,2
71,-5614.323,5251.826,2.461,-147.243,-0.841207,0.538472,0.049180,-0.540695,-0.836929,-0.084844,-0.004526,-0.097963,0.995180,0,0.82583,-0.21454,49.550,-0.429,600.000,350.000,-1,375.000,1000.000,300.000,300.000,275.000,300.000,-1,875.000,-1,325.000,550.000,675.000,625.000,-1,0,0,2,0,1,0,0,0,1,2,0,2,1,0,0,0,2
72,-5656.324,5225.230,1.111,-147.642,-0.844445,0.533111,0.052005,-0.535613,-0.841409,-0.071754,0.005504,-0.088447,0.996066,0,0.82854,-0.19938,49.712,-0.399,675.000,350.000,-1,375.000,975.000,300.000,325.000,300.000,300.000,-1,650.000,700.000,300.000,575.000,700.000,725.000,-1,0,0,2,0,1,0,0,0,1,2,0,0,1,0,0,0,2
73,-5698.671,5198.794,-0.469,-148.010,-0.847343,0.528167,0.055217,-0.530792,-0.845562,-0.057310,0.016420,-0.077870,0.996828,0,0.83201,-0.18388,49.921,-0.368,775.000,350.000,-1,400.000,925.000,300.000,325.000,300.000,300.000,-1,475.000,350.000,275.000,600.000,725.000,825.000,-1,0,0,2,0,1,0,0,0,1,2,0,1,1,0,0,0,2
74,-5741.381,5172.466,0.423,-148.346,-0.850241,0.523271,0.057253,-0.526002,-0.848763,-0.054076,0.020298,-0.076093,0.996894,0,0.83621,-0.16803,50.173,-0.336,775.000,350.000,-1,400.000,900.000,300.000,325.000,300.000,300.000,-1,425.000,375.000,300.000,600.000,725.000,825.000,-1,0,0,2,0,1,0,0,0,1,2,0,1,1,0,0,0,2
75,-5780.044,5148.721,1.418,-148.442,-0.850970,0.521888,0.059021,-0.524706,-0.849706,-0.051808,0.023112,-0.075056,0.996911,0,0.75621,-0.04803,45.373,-0.096,775.000,350.000,-1,400.000,875.000,300.000,325.000,300.000,300.000,-1,400.000,375.000,325.000,600.000,725.000,825.000,-1,0,0,2,0,1,0,0,0,1,2,0,0,1,0,0,0,2
76,-5814.564,5127.400,2.332,-148.298,-0.849528,0.524056,0.060570,-0.526936,-0.848449,-0.049735,0.025326,-0.074167,0.996924,0,0.67621,0.07197,40.573,0.144,750.000,350.000,-1,400.000,850.000,300.000,325.000,300.000,300.000,-1,375.000,350.000,350.000,600.000,725.000,825.000,-1,0,0,2,0,1,0,0,0,0,2,0,0,1,0,0,0,2
77,-5844.873,5108.399,3.182,-147.914,-0.845881,0.529754,0.062014,-0.532686,-0.844957,-0.047890,0.027029,-0.073543,0.996926,0,0.59621,0.19197,35.773,0.384,750.000,350.000,-1,400.000,825.000,300.000,325.000,300.000,300.000,-1,375.000,350.000,375.000,600.000,725.000,825.000,-1,0,0,2,0,1,0,0,0,0,2,0,0,1,0,0,0,2
78,-5871.015,5091.610,3.937,-147.290,-0.839966,0.538941,0.063243,-0.541908,-0.839166,-0.046228,0.028157,-0.073102,0.996927,0,0.51782,0.31197,31.069,0.624,750.000,350.000,-1,400.000,825.000,300.000,325.000,300.000,300.000,-1,350.000,325.000,400.000,600.000,725.000,800.000,-1,0,0,2,0,1,0,0,0,0,2,0,0,1,0,0,0,2
79,-5897.059,5074.324,4.683,-146.426,-0.831654,0.551550,0.064375,-0.554538,-0.830970,-0.044461,0.028971,-0.072675,0.996935,0,0.52098,0.43197,31.259,0.864,750.000,350.000,-1,400.000,825.000,300.000,325.000,300.000,300.000,-1,350.000,325.000,425.000,600.000,725.000,800.000,-1,0,0,2,0,1,0,0,0,0,2,0,0,1,0,0,0,2
80,-5922.965,5056.482,5.409,-145.443,-0.821981,0.565743,0.065436,-0.568742,-0.821412,-0.042599,0.029650,-0.072232,0.996947,0,0.52426,0.49151,31.456,0.983,750.000,350.000,-1,400.000,850.000,300.000,325.000,300.000,300.000,-1,350.000,325.000,450.000,600.000,700.000,800.000,-1,0,0,2,0,1,0,0,0,0,2,0,0,1,0,0,0,2
81,-5948.733,5038.060,6.110,-144.437,-0.811835,0.580092,0.066458,-0.583098,-0.811384,-0.040652,0.030341,-0.071754,0.996961,0,0.52795,0.50281,31.677,1.006,725.000,350.000,-1,400.000,925.000,300.000,300.000,300.000,300.000,-1,325.000,300.000,475.000,600.000,700.000,775.000,-1,0,0,2,0,1,0,0,0,0,2,0,0,1,0,0,0,2
82,-5974.372,5019.026,6.786,-143.409,-0.801197,0.594588,0.067436,-0.597594,-0.800868,-0.038619,0.031045,-0.071240,0.996976,0,0.53220,0.51438,31.932,1.029,725.000,350.000,-1,375.000,-1,300.000,300.000,300.000,300.000,-1,325.000,300.000,500.000,600.000,700.000,775.000,-1,0,0,2,0,2,0,0,0,0,2,0,0,1,0,0,0,2
83,-5999.885,4999.348,7.478,-142.356,-0.790060,0.609230,0.068149,-0.612213,-0.789853,-0.036443,0.031625,-0.070514,0.997009,0,0.53701,0.52622,32.221,1.052,725.000,350.000,-1,375.000,-1,300.000,300.000,300.000,300.000,-1,325.000,300.000,525.000,600.000,675.000,775.000,-1,0,0,2,0,2,0,0,0,0,2,0,0,1,0,0,0,2
84,-6025.275,4978.993,8.276,-141.280,-0.778431,0.624021,0.068135,-0.626924,-0.778336,-0.034035,0.031794,-0.069209,0.997095,0,0.54237,0.53836,32.542,1.077,725.000,350.000,-1,375.000,-1,300.000,300.000,300.000,300.000,-1,325.000,300.000,550.000,575.000,675.000,750.000,-1,0,0,2,0,2,0,0,0,0,2,0,0,1,0,0,0,2
85,-6050.501,4957.962,9.046,-140.181,-0.766283,0.638890,0.068042,-0.641707,-0.766300,-0.031569,0.031972,-0.067854,0.997183,0,0.54739,0.54934,32.843,1.099,725.000,350.000,-1,375.000,-1,300.000,300.000,300.000,300.000,-1,350.000,275.000,575.000,575.000,675.000,750.000,-1,0,0,2,0,2,0,0,0,0,2,0,0,1,0,0,0,2
86,-6075.380,4936.392,9.996,-139.073,-0.753689,0.653614,0.068857,-0.656413,-0.753835,-0.029247,0.032791,-0.067241,0.997198,0,0.54880,0.55393,32.928,1.108,725.000,350.000,-1,375.000,-1,300.000,300.000,300.000,300.000,-1,350.000,275.000,625.000,575.000,650.000,750.000,-1,0,0,2,0,2,0,0,0,0,2,0,0,1,0,0,0,2
87,-6099.910,4914.271,11.287,-137.956,-0.740593,0.668155,0.071350,-0.671055,-0.740910,-0.027137,0.034732,-0.067978,0.997082,0,0.55053,0.55862,33.032,1.117,725.000,350.000,-1,375.000,-1,300.000,300.000,300.000,300.000,-1,325.000,250.000,650.000,575.000,675.000,750.000,-1,0,0,2,0,2,0,0,0,0,2,0,0,1,0,0,0,2
88,-6124.089,4891.588,12.650,-136.829,-0.727120,0.682578,0.073375,-0.685543,-0.727609,-0.024831,0.036439,-0.068356,0.996995,0,0.55255,0.56339,33.153,1.127,750.000,350.000,-1,375.000,-1,300.000,300.000,300.000,300.000,-1,325.000,225.000,700.000,575.000,675.000,750.000,-1,0,0,2,0,2,0,0,0,0,2,0,0,1,0,0,0,2
89,-6147.912,4868.335,14.137,-135.692,-0.713287,0.696884,0.074653,-0.699855,-0.713937,-0.022319,0.037744,-0.068166,0.996960,0,0.55485,0.56825,33.291,1.137,750.000,350.000,-1,375.000,-1,300.000,300.000,300.000,300.000,-1,300.000,225.000,750.000,575.000,675.000,775.000,-1,0,0,2,0,2,0,0,0,0,2,0,0,1,0,0,0,2
90,-6171.373,4844.500,15.614,-134.546,-0.699048,0.711040,0.075859,-0.714006,-0.699862,-0.019714,0.039074,-0.067945,0.996924,0,0.55741,0.57320,33.444,1.146,775.000,350.000,-1,375.000,-1,300.000,300.000,300.000,300.000,-1,300.000,225.000,825.000,575.000,675.000,775.000,-1,0,0,2,0,2,0,0,0,0,2,0,0,1,0,0,0,2
91,-6194.463,4820.074,17.080,-133.390,-0.684399,0.725032,0.076986,-0.727986,-0.685380,-0.017018,0.040426,-0.067692,0.996887,0,0.56021,0.57823,33.612,1.156,800.000,350.000,-1,375.000,-1,300.000,300.000,300.000,300.000,-1,300.000,225.000,900.000,575.000,675.000,800.000,-1,0,0,2,0,2,0,0,0,0,2,0,0,1,0,0,0,2
92,-6217.173,4795.049,18.539,-132.223,-0.669336,0.738852,0.078022,-0.741783,-0.670490,-0.014212,0.041813,-0.067388,0.996850,0,0.56324,0.58334,33.794,1.167,800.000,350.000,-1,375.000,-1,300.000,300.000,300.000,325.000,-1,300.000,225.000,-1,575.000,675.000,800.000,-1,0,0,2,0,2,0,0,0,0,2,0,0,2,0,0,0,2
93,-6242.523,4765.947,20.194,-131.057,-0.653983,0.752372,0.079012,-0.755252,-0.655344,-0.010877,0.043596,-0.066788,0.996814,0,0.64324,0.58294,38.594,1.166,825.000,350.000,-1,375.000,-1,300.000,300.000,300.000,325.000,-1,300.000,225.000,-1,575.000,675.000,825.000,-1,0,0,2,0,2,0,0,0,0,2,0,0,2,0,0,0,2
94,-6264.305,4740.110,21.657,-130.131,-0.641586,0.762892,0.079770,-0.765719,-0.643125,-0.008024,0.045181,-0.066229,0.996781,0,0.56324,0.46294,33.794,0.926,850.000,350.000,-1,375.000,-1,300.000,300.000,300.000,325.000,-1,300.000,225.000,-1,575.000,675.000,825.000,-1,0,0,2,0,2,0,0,0,0,2,0,0,2,0,0,0,2
95,-6282.726,4717.720,22.930,-129.445,-0.632280,0.770563,0.080340,-0.773338,-0.633969,-0.005640,0.046587,-0.065696,0.996752,0,0.48324,0.34294,28.994,0.686,875.000,350.000,-1,375.000,-1,300.000,300.000,300.000,325.000,-1,300.000,225.000,-1,575.000,675.000,850.000,-1,0,0,2,0,2,0,0,0,0,2,0,0,2,0,0,0,2
96,-6297.932,4698.901,23.990,-128.937,-0.625319,0.776179,0.080757,-0.778902,-0.627135,-0.003632,0.047826,-0.065173,0.996727,0,0.40324,0.25394,24.194,0.508,900.000,350.000,-1,375.000,-1,300.000,300.000,300.000,325.000,-1,300.000,225.000,-1,575.000,675.000,850.000,-1,0,0,2,0,2,0,0,0,0,2,0,0,2,0,0,0,2
97,-6309.987,4683.709,24.859,-128.430,-0.618336,0.781722,0.081067,-0.784398,-0.620255,-0.001906,0.048792,-0.064767,0.996707,0,0.32324,0.25365,19.394,0.507,900.000,350.000,-1,375.000,-1,300.000,300.000,300.000,325.000,-1,300.000,250.000,-1,575.000,650.000,875.000,-1,0,0,2,0,2,0,0,0,0,2,0,0,2,0,0,0,2
98,-6318.957,4672.197,25.600,-127.923,-0.611319,0.787208,0.081201,-0.789823,-0.613335,-0.000139,0.049694,-0.064219,0.996698,0,0.24324,0.25349,14.594,0.507,950.000,350.000,-1,375.000,-1,300.000,300.000,300.000,325.000,-1,300.000,250.000,-1,575.000,650.000,875.000,-1,0,0,2,0,2,0,0,0,0,2,0,0,2,0,0,0,2
99,-6324.908,4664.418,26.093,-127.416,-0.604280,0.792612,0.081309,-0.795193,-0.606355,0.001050,0.050134,-0.064022,0.996688,0,0.16324,0.25342,9.794,0.507,950.000,350.000,-1,375.000,-1,300.000,300.000,300.000,325.000,-1,300.000,225.000,-1,575.000,650.000,900.000,-1,0,0,2,0,2,0,0,0,0,2,0,0,2,0,0,0,2
100,-6327.907,4660.425,26.340,-126.910,-0.597219,0.797937,0.081406,-0.800512,-0.599315,0.001655,0.050109,-0.064178,0.996680,0,0.08324,0.25340,4.994,0.507,975.000,350.000,-1,375.000,-1,300.000,300.000,300.000,325.000,-1,300.000,225.000,-1,600.000,650.000,900.000,-1,0,0,2,0,2,0,0,0,0,2,0,0,2,0,0,0,2
101,-6328.022,4660.269,26.346,-126.403,-0.590135,0.803180,0.081508,-0.805779,-0.592214,0.001673,0.049613,-0.064690,0.996671,0,0.00324,0.25340,0.194,0.507,975.000,350.000,-1,375.000,-1,300.000,300.000,300.000,325.000,-1,275.000,225.000,-1,600.000,650.000,925.000,-1,0,0,2,0,2,0,0,0,0,2,0,0,2,0,0,0,2
102,-6325.320,4664.000,26.115,-125.896,-0.583029,0.808341,0.081628,-0.810994,-0.585053,0.001100,0.048646,-0.065559,0.996662,0,-0.07676,0.25340,-4.606,0.507,975.000,350.000,-1,375.000,-1,300.000,300.000,300.000,325.000,-1,275.000,225.000,-1,575.000,650.000,900.000,-1,0,0,2,0,2,0,0,0,0,2,0,0,2,0,0,0,2
103,-6319.872,4671.667,25.655,-125.389,-0.575903,0.813417,0.081781,-0.816154,-0.577834,-0.000065,0.047203,-0.066784,0.996650,0,-0.15676,0.25338,-9.406,0.507,975.000,350.000,-1,375.000,-1,300.000,300.000,300.000,325.000,-1,275.000,225.000,-1,575.000,650.000,900.000,-1,0,0,2,0,2,0,0,0,0,2,0,0,2,0,0,0,2
104,-6311.746,4683.320,24.974,-124.882,-0.568760,0.818408,0.081981,-0.821256,-0.570557,-0.001821,0.045285,-0.068363,0.996632,0,-0.23676,0.25335,-14.206,0.507,950.000,350.000,-1,375.000,-1,300.000,300.000,300.000,325.000,-1,275.000,225.000,-1,575.000,650.000,900.000,-1,0,0,2,0,2,0,0,0,0,2,0,0,2,0,0,0,2
105,-6301.014,4699.006,24.219,-124.376,-0.561586,0.823342,0.082033,-0.826283,-0.563245,-0.003482,0.043338,-0.069738,0.996624,0,-0.31676,0.25330,-19.006,0.507,950.000,350.000,-1,375.000,-1,300.000,300.000,300.000,325.000,-1,250.000,225.000,-1,575.000,650.000,875.000,-1,0,0,2,0,2,0,0,0,0,2,0,0,2,0,0,0,2
106,-6289.319,4716.428,23.420,-123.869,-0.554380,0.828206,0.082080,-0.831239,-0.555890,-0.005248,0.041281,-0.071137,0.996612,0,-0.34971,0.25323,-20.983,0.506,925.000,350.000,-1,375.000,-1,300.000,300.000,300.000,325.000,-1,250.000,200.000,-1,575.000,650.000,875.000,-1,0,0,2,0,2,0,0,0,0,2,0,0,2,0,0,0,2
107,-6277.793,4733.930,22.645,-123.363,-0.547135,0.833004,0.082150,-0.836125,-0.548494,-0.007003,0.039226,-0.072519,0.996595,0,-0.34927,0.25318,-20.956,0.506,925.000,350.000,-1,375.000,-1,300.000,300.000,300.000,325.000,-1,250.000,200.000,-1,575.000,650.000,875.000,-1,0,0,2,0,2,0,0,0,0,2,0,0,2,0,0,0,2
108,-6266.436,4751.511,21.906,-122.857,-0.539849,0.837737,0.082221,-0.840939,-0.541060,-0.008681,0.037214,-0.073829,0.996576,0,-0.34882,0.25314,-20.929,0.506,925.000,350.000,-1,375.000,-1,300.000,300.000,300.000,325.000,-1,225.000,200.000,-1,575.000,650.000,875.000,-1,0,0,2,0,2,0,0,0,0,2,0,0,2,0,0,0,2
109,-6255.250,4769.169,21.191,-122.351,-0.532524,0.842403,0.082313,-0.845683,-0.533586,-0.010347,0.035204,-0.075121,0.996553,0,-0.34838,0.25312,-20.903,0.506,925.000,350.000,-1,375.000,-1,300.000,300.000,300.000,325.000,-1,225.000,200.000,-1,575.000,650.000,875.000,-1,0,0,2,0,2,0,0,0,0,2,0,0,2,0,0,0,2
110,-6246.809,4782.883,20.657,-121.604,-0.521585,0.849199,0.082530,-0.852550,-0.522518,-0.011570,0.033298,-0.076396,0.996521,0,-0.26838,0.37312,-16.103,0.746,925.000,350.000,-1,375.000,-1,300.000,300.000,300.000,325.000,-1,200.000,175.000,-1,575.000,650.000,875.000,-1,0,0,2,0,2,0,0,0,0,2,0,0,2,0,0,0,2
111,-6241.051,4792.611,20.470,-120.618,-0.507014,0.858031,0.081968,-0.861383,-0.507803,-0.012469,0.030924,-0.076928,0.996557,0,-0.18838,0.49312,-11.303,0.986,925.000,350.000,-1,375.000,-1,300.000,300.000,300.000,325.000,-1,200.000,175.000,-1,575.000,650.000,875.000,-1,0,0,2,0,2,0,0,0,0,2,0,0,2,0,0,0,2
112,-6237.859,4798.277,20.486,-119.392,-0.488657,0.868683,0.081271,-0.872011,-0.489314,-0.012984,0.028488,-0.077213,0.996608,0,-0.10838,0.61312,-6.503,1.226,950.000,350.000,-1,375.000,-1,300.000,300.000,300.000,325.000,-1,200.000,175.000,-1,575.000,650.000,875.000,-1,0,0,2,0,2,0,0,0,0,2,0,0,2,0,0,0,2
113,-6237.060,4799.782,20.597,-117.926,-0.466355,0.880892,0.080881,-0.884207,-0.466912,-0.013041,0.026276,-0.077597,0.996638,0,-0.02838,0.73312,-1.703,1.466,975.000,350.000,-1,375.000,-1,300.000,300.000,300.000,325.000,-1,200.000,175.000,-1,575.000,625.000,900.000,-1,0,0,2,0,2,0,0,0,0,2,0,0,2,0,0,0,2
114,-6238.427,4797.004,20.775,-116.219,-0.439971,0.894372,0.080774,-0.897683,-0.440461,-0.012621,0.024290,-0.078062,0.996653,0,0.05162,0.85312,3.097,1.706,-1,350.000,-1,375.000,-1,300.000,300.000,300.000,325.000,-1,200.000,200.000,-1,575.000,625.000,900.000,-1,2,0,2,0,2,0,0,0,0,2,0,0,2,0,0,0,2
115,-6241.693,4789.816,20.982,-114.439,-0.411989,0.907586,0.080948,-0.910904,-0.412451,-0.011706,0.022763,-0.078558,0.996650,0,0.13162,0.88999,7.897,1.780,-1,350.000,-1,375.000,-1,300.000,300.000,300.000,325.000,-1,200.000,200.000,-1,600.000,625.000,925.000,-1,2,0,2,0,2,0,0,0,0,2,0,0,2,0,0,0,2
116,-6246.583,4778.100,21.187,-112.659,-0.383559,0.919924,0.081377,-0.923259,-0.384041,-0.010275,0.021800,-0.079073,0.996630,0,0.21162,0.89014,12.697,1.780,-1,350.000,-1,375.000,-1,300.000,300.000,300.000,350.000,-1,200.000,175.000,-1,600.000,625.000,950.000,-1,2,0,2,0,2,0,0,0,0,2,0,0,2,0,0,0,2
117,-6252.818,4761.752,21.370,-110.878,-0.354703,0.931374,0.082022,-0.934734,-0.355251,-0.008306,0.021403,-0.079615,0.996596,0,0.29162,0.89045,17.497,1.781,-1,350.000,-1,375.000,-1,300.000,300.000,300.000,350.000,-1,200.000,175.000,-1,600.000,625.000,1000.000,-1,2,0,2,0,2,0,0,0,0,2,0,0,2,0,0,0,2
118,-6260.112,4740.683,21.508,-109.096,-0.325439,0.941927,0.082838,-0.945317,-0.326102,-0.005778,0.021571,-0.080189,0.996546,0,0.37162,0.89099,22.297,1.782,-1,350.000,-1,375.000,-1,300.000,300.000,300.000,350.000,-1,175.000,175.000,-1,600.000,600.000,-1,-1,2,0,2,0,2,0,0,0,0,2,0,0,2,0,0,2,2
119,-6268.175,4714.815,21.580,-107.313,-0.295784,0.951574,0.083777,-0.954995,-0.296611,-0.002677,0.022302,-0.080799,0.996481,0,0.45162,0.89183,27.097,1.784,-1,350.000,-1,350.000,-1,300.000,300.000,300.000,325.000,-1,175.000,175.000,-1,600.000,600.000,-1,-1,2,0,2,0,2,0,0,0,0,2,0,0,2,0,0,2,2
120,-6276.712,4684.083,21.563,-105.526,-0.265751,0.960306,0.084789,-0.963753,-0.266794,0.001009,0.023590,-0.081448,0.996398,0,0.53162,0.89305,31.897,1.786,-1,350.000,-1,350.000,-1,300.000,300.000,300.000,325.000,-1,175.000,175.000,-1,625.000,600.000,-1,-1,2,0,2,0,2,0,0,0,0,2,0,0,2,0,0,2,2
121,-6285.427,4648.437,21.839,-103.737,-0.235501,0.968241,0.083956,-0.971574,-0.236694,0.004415,0.024147,-0.080530,0.996460,0,0.61162,0.89474,36.697,1.789,-1,350.000,-1,350.000,-1,300.000,300.000,300.000,325.000,-1,175.000,175.000,1000.000,625.000,600.000,-1,-1,2,0,2,0,2,0,0,0,0,2,0,0,1,0,0,2,2
122,-6294.017,4607.839,22.346,-101.943,-0.204891,0.975360,0.081809,-0.978445,-0.206306,0.009143,0.025796,-0.078173,0.996606,0,0.69162,0.89696,41.497,1.794,-1,350.000,-1,350.000,-1,300.000,300.000,300.000,325.000,-1,175.000,175.000,925.000,625.000,600.000,-1,-1,2,0,2,0,2,0,0,0,0,2,0,0,1,0,0,2,2
123,-6302.067,4562.862,22.863,-100.143,-0.173973,0.981583,0.078914,-0.984355,-0.175615,0.014314,0.027909,-0.075189,0.996779,0,0.76155,0.89981,45.693,1.800,-1,375.000,-1,350.000,-1,300.000,300.000,325.000,300.000,-1,200.000,200.000,850.000,650.000,600.000,-1,-1,2,0,2,0,2,0,0,0,0,2,0,0,1,0,0,2,2
124,-6308.667,4517.814,24.581,-98.337,-0.142797,0.986500,0.080162,-0.989356,-0.144562,0.016633,0.027997,-0.076934,0.996643,0,0.75884,0.90332,45.530,1.807,-1,375.000,-1,350.000,-1,300.000,300.000,325.000,300.000,-1,225.000,225.000,800.000,650.000,600.000,-1,-1,2,0,2,0,2,0,0,0,0,2,0,0,1,0,0,2,2
125,-6313.822,4472.703,26.454,-96.522,-0.111283,0.990374,0.082308,-0.993379,-0.113233,0.019394,0.028527,-0.079605,0.996418,0,0.75675,0.90717,45.405,1.814,-1,375.000,-1,350.000,-1,300.000,300.000,325.000,300.000,-1,250.000,250.000,775.000,675.000,600.000,-1,-1,2,0,2,0,2,0,0,0,0,2,0,0,1,0,0,2,2
126,-6317.532,4427.538,28.210,-94.700,-0.079525,0.993264,0.084273,-0.996414,-0.081657,0.022156,0.028888,-0.082209,0.996196,0,0.75531,0.91135,45.318,1.823,-1,375.000,-1,350.000,-1,300.000,300.000,325.000,300.000,-1,275.000,300.000,750.000,675.000,625.000,-1,-1,2,0,2,0,2,0,0,0,0,2,0,0,1,0,0,2,2
127,-6319.795,4382.326,29.842,-92.868,-0.047546,0.995155,0.086057,-0.998446,-0.049857,0.024908,0.029078,-0.084739,0.995979,0,0.75450,0.91584,45.270,1.832,-1,375.000,-1,350.000,-1,300.000,300.000,325.000,325.000,-1,300.000,325.000,750.000,700.000,625.000,-1,-1,2,0,2,0,2,0,0,0,0,2,0,0,1,0,0,2,2
128,-6320.604,4337.074,31.344,-91.027,-0.015367,0.996032,0.087660,-0.999458,-0.017853,0.027641,0.029096,-0.087188,0.995767,0,0.75434,0.92062,45.260,1.841,-1,375.000,-1,350.000,-1,300.000,300.000,325.000,325.000,-1,350.000,350.000,775.000,725.000,625.000,-1,-1,2,0,2,0,2,0,0,0,0,2,0,0,1,0,0,2,2
129,-6319.949,4291.792,32.710,-89.175,0.016985,0.995879,0.089082,-0.999437,0.014332,0.030341,0.028940,-0.089548,0.995562,0,0.75480,0.92568,45.288,1.851,-1,375.000,-1,375.000,-1,300.000,300.000,325.000,325.000,-1,375.000,400.000,800.000,725.000,650.000,-1,-1,2,0,2,0,2,0,0,0,0,2,0,0,1,0,0,2,2
130,-6317.821,4246.491,33.931,-87.313,0.049487,0.994682,0.090324,-0.998365,0.046674,0.032999,0.028608,-0.091809,0.995366,0,0.75587,0.93101,45.352,1.862,-1,375.000,-1,375.000,-1,300.000,300.000,325.000,325.000,-1,400.000,425.000,850.000,750.000,650.000,-1,-1,2,0,2,0,2,0,0,0,0,2,0,0,1,0,0,2,2
131,-6314.206,4201.185,35.002,-85.440,0.082110,0.992425,0.091386,-0.996227,0.079146,0.035603,0.028100,-0.093965,0.995179,0,0.75753,0.93659,45.452,1.873,-1,400.000,-1,375.000,-1,325.000,300.000,325.000,300.000,-1,425.000,450.000,900.000,775.000,675.000,-1,-1,2,0,2,0,2,0,0,0,0,2,0,0,1,0,0,2,2
132,-6309.087,4155.891,35.914,-83.555,0.114826,0.989091,0.092271,-0.993007,0.111722,0.038140,0.027416,-0.096005,0.995003,0,0.75975,0.94240,45.585,1.885,-1,400.000,-1,375.000,-1,325.000,300.000,325.000,300.000,-1,425.000,475.000,975.000,775.000,675.000,-1,-1,2,0,2,0,2,0,0,0,0,2,0,0,1,0,0,2,2
133,-6302.448,4110.627,36.660,-81.659,0.147604,0.984666,0.092980,-0.988690,0.144374,0.040601,0.026555,-0.097922,0.994840,0,0.76250,0.94844,45.750,1.897,-1,400.000,-1,375.000,-1,325.000,300.000,325.000,300.000,-1,400.000,525.000,-1,800.000,675.000,-1,-1,2,0,2,0,2,0,0,0,0,2,0,0,2,0,0,2,2
