timestep,x_cm,y_cm,z_cm,yaw_deg,basis_xx,basis_xy,basis_xz,basis_yx,basis_yy,basis_yz,basis_zx,basis_zy,basis_zz,teleport_flag,throttle_cmd,steering_cmd,cmd_move_cm,cmd_turn_deg,lidar_cm_0,lidar_cm_1,lidar_cm_2,lidar_cm_3,lidar_cm_4,lidar_cm_5,lidar_cm_6,lidar_cm_7,lidar_cm_8,lidar_cm_9,lidar_cm_10,lidar_cm_11,lidar_cm_12,lidar_cm_13,lidar_cm_14,lidar_cm_15,lidar_cm_16,lidar_class_0,lidar_class_1,lidar_class_2,lidar_class_3,lidar_class_4,lidar_class_5,lidar_class_6,lidar_class_7,lidar_class_8,lidar_class_9,lidar_class_10,lidar_class_11,lidar_class_12,lidar_class_13,lidar_class_14,lidar_class_15,lidar_class_16
0,6891.012,-986.928,16.964,-39.184,0.774443,0.631671,-0.035069,-0.632028,0.774945,0.001164,0.027912,0.021263,0.999384,1,0.08000,-0.12000,4.800,-0.240,-1,375.000,-1,350.000,-1,300.000,300.000,350.000,300.000,525.000,0.000,0.000,-1,675.000,625.000,-1,-1,2,0,2,0,2,0,0,0,0,1,1,1,2,0,0,2,2
1,6898.402,-993.056,16.657,-39.664,0.769052,0.638158,-0.036245,-0.638456,0.769647,0.004159,0.030550,0.019943,0.999334,0,0.16000,-0.24000,9.600,-0.480,-1,375.000,-1,350.000,-1,300.000,300.000,325.000,300.000,525.000,0.000,0.000,-1,675.000,650.000,-1,-1,2,0,2,0,2,0,0,0,0,1,1,1,2,0,0,2,2
2,6909.371,-1002.387,16.228,-40.384,0.760865,0.647802,-0.037911,-0.647998,0.761594,0.008533,0.034401,0.018074,0.999245,0,0.24000,-0.36000,14.400,-0.720,-1,375.000,-1,375.000,-1,300.000,300.000,325.000,300.000,550.000,0.000,0.000,-1,675.000,650.000,-1,-1,2,0,2,0,2,0,0,0,0,1,1,1,2,0,0,2,2
3,6923.785,-1015.071,15.896,-41.344,0.749803,0.660504,-0.039112,-0.660522,0.750670,0.014288,0.038797,0.015121,0.999133,0,0.32000,-0.48000,19.200,-0.960,-1,375.000,-1,375.000,-1,300.000,300.000,325.000,300.000,550.000,0.000,0.000,-1,700.000,675.000,-1,-1,2,0,2,0,2,0,0,0,0,1,1,1,2,0,0,2,2
4,6941.493,-1031.271,15.756,-42.454,0.736794,0.674949,-0.039733,-0.674721,0.737776,0.020932,0.043443,0.011386,0.998991,0,0.40000,-0.55477,24.000,-1.110,-1,375.000,-1,375.000,-1,300.000,300.000,300.000,300.000,575.000,0.000,0.000,-1,700.000,700.000,-1,-1,2,0,2,0,2,0,0,0,0,1,1,1,2,0,0,2,2
5,6962.361,-1051.121,17.056,-43.567,0.723467,0.689152,-0.040805,-0.688936,0.724506,0.021395,0.044308,0.012634,0.998938,0,0.48000,-0.55690,28.800,-1.114,-1,375.000,-1,375.000,-1,300.000,300.000,300.000,300.000,575.000,25.000,0.000,-1,700.000,700.000,-1,-1,2,0,2,0,2,0,0,0,0,1,1,1,2,0,0,2,2
6,6986.250,-1074.749,18.583,-44.686,0.709793,0.703156,-0.042017,-0.702952,0.710898,0.021960,0.045311,0.013949,0.998876,0,0.56000,-0.55946,33.600,-1.119,-1,375.000,-1,375.000,-1,300.000,300.000,300.000,300.000,625.000,50.000,25.000,-1,700.000,700.000,-1,-1,2,0,2,0,2,0,0,0,0,1,1,1,2,0,0,2,2
7,7011.016,-1100.226,20.208,-45.811,0.695768,0.716963,-0.043268,-0.716771,0.696943,0.022556,0.046327,0.015319,0.998809,0,0.59217,-0.56244,35.530,-1.125,-1,375.000,-1,375.000,-1,300.000,300.000,300.000,300.000,650.000,100.000,75.000,-1,725.000,700.000,-1,-1,2,0,2,0,2,0,0,0,0,1,1,1,2,0,0,2,2
8,7035.273,-1126.398,21.842,-47.176,0.678402,0.733341,-0.044518,-0.733172,0.679650,0.023117,0.047210,0.016957,0.998741,0,0.59475,-0.68244,35.685,-1.365,-1,375.000,-1,375.000,-1,300.000,300.000,300.000,300.000,675.000,125.000,100.000,-1,725.000,725.000,-1,-1,2,0,2,0,2,0,0,0,0,1,1,1,2,0,0,2,2
9,7058.933,-1153.323,23.483,-48.693,0.658657,0.751051,-0.045758,-0.750913,0.659977,0.023658,0.047968,0.018778,0.998672,0,0.59738,-0.75845,35.843,-1.517,-1,375.000,-1,375.000,-1,300.000,325.000,300.000,300.000,700.000,175.000,125.000,-1,725.000,725.000,-1,-1,2,0,2,0,2,0,0,0,0,1,1,1,2,0,0,2,2
10,7081.978,-1180.985,25.135,-50.204,0.638533,0.768159,-0.046976,-0.768056,0.639926,0.024193,0.048645,0.020632,0.998603,0,0.60006,-0.75527,36.003,-1.511,-1,375.000,-1,375.000,-1,300.000,325.000,300.000,300.000,725.000,200.000,150.000,-1,750.000,725.000,-1,-1,2,0,2,0,2,0,0,0,0,1,1,1,2,0,0,2,2
11,7101.414,-1205.396,26.570,-51.474,0.621259,0.782133,-0.048009,-0.782061,0.622715,0.024651,0.049176,0.022231,0.998543,0,0.52006,-0.63527,31.203,-1.271,-1,375.000,-1,375.000,-1,300.000,325.000,300.000,300.000,775.000,250.000,175.000,-1,775.000,725.000,-1,-1,2,0,2,0,2,0,0,0,0,1,1,1,2,0,0,2,2
12,7117.487,-1226.344,27.788,-52.505,0.607021,0.793182,-0.048867,-0.793137,0.608528,0.025032,0.049591,0.023563,0.998492,0,0.44006,-0.51527,26.403,-1.031,-1,375.000,-1,375.000,-1,325.000,325.000,300.000,300.000,800.000,275.000,200.000,-1,775.000,725.000,-1,-1,2,0,2,0,2,0,0,0,0,1,1,1,2,0,0,2,2
13,7130.399,-1243.664,28.832,-53.295,0.595962,0.801486,-0.049503,-0.801452,0.597514,0.025543,0.050051,0.024452,0.998447,0,0.36006,-0.39527,21.603,-0.791,-1,375.000,-1,375.000,-1,325.000,325.000,300.000,300.000,825.000,300.000,225.000,-1,800.000,725.000,-1,-1,2,0,2,0,2,0,0,0,0,1,1,1,2,0,0,2,2
14,7140.313,-1257.232,29.650,-53.846,0.588194,0.807180,-0.049880,-0.807146,0.589778,0.026022,0.050423,0.024954,0.998416,0,0.28006,-0.27527,16.803,-0.551,-1,400.000,-1,375.000,-1,325.000,325.000,300.000,300.000,825.000,325.000,250.000,-1,800.000,725.000,-1,-1,2,0,2,0,2,0,0,0,0,1,1,1,2,0,0,2,2
15,7147.342,-1266.962,30.234,-54.156,0.583786,0.810359,-0.050120,-0.810323,0.585390,0.026358,0.050699,0.025226,0.998395,0,0.20006,-0.15527,12.003,-0.311,-1,400.000,-1,375.000,-1,325.000,325.000,300.000,300.000,850.000,325.000,250.000,-1,800.000,725.000,-1,-1,2,0,2,0,2,0,0,0,0,1,1,1,2,0,0,2,2
16,7151.553,-1272.806,30.586,-54.227,0.582775,0.811078,-0.050252,-0.811037,0.584391,0.026559,0.050908,0.025278,0.998383,0,0.12006,-0.03527,7.203,-0.071,-1,400.000,-1,375.000,-1,325.000,325.000,300.000,300.000,850.000,350.000,250.000,-1,800.000,725.000,-1,-1,2,0,2,0,2,0,0,0,0,1,1,1,2,0,0,2,2
17,7152.964,-1274.752,30.708,-54.057,0.585171,0.809350,-0.050277,-0.809301,0.586790,0.026632,0.051057,0.025105,0.998380,0,0.04006,0.08473,2.403,0.169,-1,400.000,-1,375.000,-1,325.000,325.000,300.000,300.000,850.000,350.000,250.000,-1,800.000,750.000,-1,-1,2,0,2,0,2,0,0,0,0,1,1,1,2,0,0,2,2
18,7151.550,-1272.817,30.593,-53.844,0.588196,0.807158,-0.050214,-0.807105,0.589810,0.026573,0.051066,0.024898,0.998385,0,-0.03994,0.10693,-2.397,0.214,-1,400.000,-1,375.000,-1,325.000,325.000,300.000,300.000,850.000,325.000,250.000,-1,800.000,750.000,-1,-1,2,0,2,0,2,0,0,0,0,1,1,1,2,0,0,2,2
19,7147.282,-1267.023,30.243,-53.630,0.591214,0.804959,-0.050066,-0.804906,0.592815,0.026379,0.050914,0.024703,0.998397,0,-0.11994,0.10672,-7.197,0.213,-1,400.000,-1,375.000,-1,325.000,325.000,300.000,300.000,850.000,325.000,250.000,-1,800.000,725.000,-1,-1,2,0,2,0,2,0,0,0,0,1,1,1,2,0,0,2,2
20,7140.132,-1257.389,29.655,-53.418,0.594213,0.802762,-0.049831,-0.802714,0.595795,0.026042,0.050595,0.024525,0.998418,0,-0.19994,0.10608,-11.997,0.212,-1,375.000,-1,375.000,-1,325.000,325.000,300.000,300.000,825.000,325.000,250.000,-1,800.000,725.000,-1,-1,2,0,2,0,2,0,0,0,0,1,1,1,2,0,0,2,2
21,7130.073,-1243.939,28.827,-53.208,0.597185,0.800576,-0.049483,-0.800539,0.598736,0.025550,0.050082,0.024355,0.998448,0,-0.27994,0.10503,-16.797,0.210,-1,375.000,-1,375.000,-1,325.000,325.000,300.000,300.000,825.000,300.000,225.000,-1,800.000,725.000,-1,-1,2,0,2,0,2,0,0,0,0,1,1,1,2,0,0,2,2
22,7117.076,-1226.691,27.765,-53.001,0.600122,0.798413,-0.048900,-0.798383,0.601630,0.025000,0.049380,0.024038,0.998491,0,-0.35994,0.10355,-21.597,0.207,-1,375.000,-1,375.000,-1,325.000,325.000,300.000,300.000,800.000,275.000,200.000,-1,775.000,725.000,-1,-1,2,0,2,0,2,0,0,0,0,1,1,1,2,0,0,2,2
23,7101.115,-1205.666,26.529,-52.797,0.603007,0.796283,-0.048124,-0.796251,0.604467,0.024563,0.048648,0.023507,0.998539,0,-0.43994,0.10164,-26.397,0.203,-1,375.000,-1,375.000,-1,325.000,325.000,300.000,300.000,775.000,250.000,175.000,-1,775.000,725.000,-1,-1,2,0,2,0,2,0,0,0,0,1,1,1,2,0,0,2,2
24,7082.166,-1180.883,25.079,-52.599,0.605828,0.794193,-0.047212,-0.794161,0.607232,0.024019,0.047744,0.022943,0.998596,0,-0.51994,0.09932,-31.197,0.199,-1,375.000,-1,375.000,-1,300.000,325.000,300.000,300.000,750.000,225.000,150.000,-1,750.000,725.000,-1,-1,2,0,2,0,2,0,0,0,0,1,1,1,2,0,0,2,2
25,7061.280,-1153.756,23.502,-52.406,0.608571,0.792152,-0.046215,-0.792123,0.609913,0.023388,0.046714,0.022374,0.998658,0,-0.57060,0.09657,-34.236,0.193,-1,375.000,-1,375.000,-1,300.000,325.000,300.000,300.000,725.000,200.000,125.000,-1,750.000,725.000,-1,-1,2,0,2,0,2,0,0,0,0,1,1,1,2,0,0,2,2
26,7040.215,-1126.583,21.935,-52.219,0.611223,0.790166,-0.045215,-0.790141,0.612504,0.022720,0.045647,0.021839,0.998719,0,-0.57303,0.09355,-34.382,0.187,-1,375.000,-1,375.000,-1,300.000,325.000,300.000,300.000,700.000,150.000,100.000,-1,725.000,700.000,-1,-1,2,0,2,0,2,0,0,0,0,1,1,1,2,0,0,2,2
27,7018.976,-1099.361,20.376,-52.038,0.613784,0.788235,-0.044213,-0.788216,0.615004,0.022016,0.044545,0.021337,0.998780,0,-0.57546,0.09052,-34.528,0.181,-1,375.000,-1,375.000,-1,300.000,325.000,300.000,300.000,650.000,125.000,75.000,-1,725.000,700.000,-1,-1,2,0,2,0,2,0,0,0,0,1,1,1,2,0,0,2,2
28,6997.562,-1072.089,19.290,-51.863,0.616368,0.786388,-0.041041,-0.786334,0.617436,0.021257,0.042057,0.019170,0.998931,0,-0.57790,0.08748,-34.674,0.175,-1,375.000,-1,375.000,-1,300.000,300.000,300.000,300.000,625.000,100.000,50.000,-1,700.000,700.000,-1,-1,2,0,2,0,2,0,0,0,0,1,1,1,2,0,0,2,2
29,6975.976,-1044.765,18.846,-51.694,0.618989,0.784624,-0.034899,-0.784495,0.619797,0.020460,0.037683,0.014714,0.999181,0,-0.58035,0.08442,-34.821,0.169,-1,375.000,-1,375.000,-1,300.000,300.000,300.000,300.000,600.000,75.000,25.000,-1,675.000,700.000,-1,-1,2,0,2,0,2,0,0,0,0,1,1,1,2,0,0,2,2
30,6954.221,-1017.387,18.557,-51.531,0.621503,0.782908,-0.028068,-0.782723,0.622060,0.019650,0.032844,0.009757,0.999413,0,-0.58280,0.08135,-34.968,0.163,-1,350.000,-1,375.000,-1,300.000,300.000,300.000,325.000,575.000,75.000,25.000,-1,650.000,700.000,-1,-1,2,0,2,0,2,0,0,0,0,1,1,1,2,0,0,2,2
31,6932.300,-989.953,18.426,-51.375,0.623898,0.781236,-0.020537,-0.781021,0.624221,0.018832,0.027532,0.004291,0.999612,0,-0.58526,0.07827,-35.116,0.157,-1,350.000,-1,375.000,-1,300.000,300.000,300.000,325.000,550.000,50.000,0.000,-1,625.000,675.000,-1,-1,2,0,2,0,2,0,0,0,0,1,1,1,2,0,0,2,2
32,6910.215,-962.462,18.457,-51.224,0.626156,0.779601,-0.012293,-0.779395,0.626274,0.018008,0.021738,-0.001694,0.999762,0,-0.58772,0.07518,-35.263,0.150,-1,350.000,-1,375.000,-1,300.000,300.000,300.000,350.000,525.000,25.000,0.000,-1,600.000,675.000,-1,-1,2,0,2,0,2,0,0,0,0,1,1,1,2,0,0,2,2
33,6890.975,-938.843,18.532,-50.834,0.631577,0.775297,-0.004986,-0.775133,0.631556,0.017484,0.016704,-0.007178,0.999835,0,-0.50772,0.19518,-30.463,0.390,1000.000,350.000,-1,375.000,-1,300.000,300.000,275.000,350.000,500.000,0.000,0.000,-1,600.000,675.000,-1,-1,0,0,2,0,2,0,0,0,0,1,1,1,2,0,0,2,2
34,6874.557,-919.117,19.174,-50.229,0.639767,0.768569,0.000529,-0.768495,0.639695,0.014365,0.010702,-0.009597,0.999897,0,-0.42772,0.30254,-25.663,0.605,875.000,325.000,-1,375.000,-1,275.000,300.000,300.000,375.000,500.000,0.000,0.000,-1,575.000,650.000,900.000,-1,0,0,2,0,2,0,0,0,0,1,1,1,2,0,0,0,2
35,6861.043,-903.222,20.358,-49.628,0.647768,0.761825,0.004478,-0.761828,0.647718,0.008911,0.003888,-0.009184,0.999950,0,-0.34772,0.30028,-20.863,0.601,800.000,325.000,-1,375.000,-1,275.000,300.000,300.000,375.000,500.000,0.000,0.000,-1,550.000,625.000,825.000,-1,0,0,2,0,2,0,0,0,0,1,1,1,2,0,0,0,2
36,6850.511,-891.093,21.408,-49.031,0.655637,0.755040,0.007405,-0.755075,0.655623,0.004491,-0.001464,-0.008536,0.999962,0,-0.26772,0.29844,-16.063,0.597,775.000,325.000,-1,350.000,-1,275.000,300.000,300.000,375.000,500.000,0.000,0.000,-1,550.000,625.000,750.000,-1,0,0,2,0,2,0,0,0,0,1,1,1,2,0,0,0,2
37,6843.039,-882.666,22.197,-48.437,0.663400,0.748208,0.009219,-0.748246,0.663421,0.000981,-0.005383,-0.007549,0.999957,0,-0.18772,0.29702,-11.263,0.594,750.000,325.000,-1,350.000,-1,275.000,300.000,300.000,375.000,500.000,0.000,0.000,-1,550.000,600.000,725.000,-1,0,0,2,0,2,0,0,0,0,1,1,1,2,0,0,0,2
38,6838.701,-877.874,22.681,-47.845,0.671080,0.741320,0.009852,-0.741345,0.671123,-0.001521,-0.007740,-0.006283,0.999950,0,-0.10772,0.29603,-6.463,0.592,750.000,325.000,-1,350.000,-1,275.000,300.000,300.000,375.000,500.000,0.000,0.000,-1,550.000,600.000,725.000,-1,0,0,2,0,2,0,0,0,0,1,1,1,2,0,0,0,2
39,6837.571,-876.653,22.834,-47.254,0.678692,0.734365,0.009265,-0.734375,0.678738,-0.002957,-0.008460,-0.004797,0.999953,0,-0.02772,0.29545,-1.663,0.591,750.000,325.000,-1,350.000,-1,275.000,275.000,325.000,375.000,500.000,0.000,0.000,-1,550.000,600.000,725.000,-1,0,0,2,0,2,0,0,0,0,1,1,1,2,0,0,0,2
40,6839.724,-878.934,22.649,-46.664,0.686243,0.727334,0.007447,-0.727333,0.686276,-0.003307,-0.007516,-0.003147,0.999967,0,0.05228,0.29531,3.137,0.591,775.000,325.000,-1,350.000,-1,275.000,275.000,325.000,350.000,500.000,0.000,0.000,-1,550.000,600.000,750.000,1000.000,0,0,2,0,2,0,0,0,0,1,1,1,2,0,0,0,0
41,6845.230,-884.650,22.192,-46.073,0.693734,0.720217,0.004457,-0.720215,0.693747,-0.002314,-0.004759,-0.001605,0.999987,0,0.13228,0.29558,7.937,0.591,825.000,325.000,-1,350.000,-1,275.000,300.000,325.000,350.000,500.000,0.000,0.000,-1,550.000,600.000,800.000,-1,0,0,2,0,2,0,0,0,0,1,1,1,2,0,0,0,2
42,6854.160,-893.731,21.486,-45.480,0.701159,0.713005,0.000341,-0.713005,0.701159,-0.000064,-0.000284,-0.000198,1.000000,0,0.21228,0.29629,12.737,0.593,925.000,325.000,-1,350.000,-1,275.000,300.000,325.000,350.000,500.000,0.000,0.000,-1,575.000,600.000,875.000,-1,0,0,2,0,2,0,0,0,0,1,1,1,2,0,0,0,2
43,6866.585,-906.107,20.554,-44.885,0.708508,0.705687,-0.004828,-0.705680,0.708523,0.003255,0.005718,0.001101,0.999983,0,0.29228,0.29742,17.537,0.595,-1,350.000,-1,350.000,-1,275.000,300.000,325.000,350.000,500.000,0.000,0.000,-1,575.000,625.000,975.000,-1,2,0,2,0,2,0,0,0,0,1,1,1,2,0,0,0,2
44,6882.639,-921.637,19.481,-44.050,0.718644,0.695286,-0.011289,-0.695255,0.718728,0.007130,0.013071,0.002725,0.999911,0,0.37228,0.41742,22.337,0.835,-1,350.000,-1,350.000,-1,300.000,300.000,325.000,325.000,500.000,0.000,0.000,-1,600.000,625.000,-1,-1,2,0,2,0,2,0,0,0,0,1,1,1,2,0,0,2,2
45,6902.494,-940.136,18.346,-42.975,0.731410,0.681678,-0.018835,-0.681597,0.731639,0.011404,0.021554,0.004497,0.999758,0,0.45228,0.53742,27.137,1.075,-1,350.000,-1,375.000,-1,300.000,300.000,325.000,325.000,500.000,0.000,0.000,-1,625.000,650.000,-1,-1,2,0,2,0,2,0,0,0,0,1,1,1,2,0,0,2,2
46,6926.354,-961.364,17.248,-41.661,0.746612,0.664704,-0.027193,-0.664542,0.747081,0.015904,0.030887,0.006197,0.999504,0,0.53228,0.65742,31.937,1.315,-1,350.000,-1,375.000,-1,300.000,300.000,300.000,325.000,500.000,0.000,0.000,-1,650.000,675.000,-1,-1,2,0,2,0,2,0,0,0,0,1,1,1,2,0,0,2,2
47,6954.454,-985.030,16.310,-40.106,0.764024,0.644182,-0.036017,-0.643901,0.764835,0.020457,0.040725,0.007562,0.999142,0,0.61228,0.77742,36.737,1.555,-1,375.000,-1,375.000,-1,300.000,300.000,300.000,300.000,525.000,0.000,0.000,-1,700.000,700.000,-1,-1,2,0,2,0,2,0,0,0,0,1,1,1,2,0,0,2,2
48,6987.046,-1010.780,17.289,-38.311,0.783604,0.619907,-0.040983,-0.619578,0.784632,0.021834,0.045691,0.008283,0.998921,0,0.69228,0.89742,41.537,1.795,-1,375.000,-1,375.000,-1,300.000,300.000,300.000,300.000,550.000,0.000,0.000,-1,725.000,700.000,-1,-1,2,0,2,0,2,0,0,0,0,1,1,1,2,0,0,2,2
49,7024.385,-1038.219,19.501,-36.311,0.804699,0.592153,-0.042593,-0.591746,0.805798,0.022967,0.047921,0.006722,0.998828,0,0.77228,1.00000,46.337,2.000,-1,375.000,-1,375.000,-1,300.000,300.000,300.000,300.000,575.000,50.000,50.000,-1,725.000,725.000,-1,-1,2,0,2,0,2,0,0,0,0,1,1,1,2,0,0,2,2
50,7065.960,-1066.591,21.938,-34.311,0.824801,0.563675,-0.044427,-0.563188,0.825980,0.024007,0.050228,0.005220,0.998724,0,0.83888,1.00000,50.333,2.000,-1,375.000,-1,375.000,-1,325.000,300.000,300.000,325.000,600.000,75.000,100.000,-1,725.000,725.000,-1,-1,2,0,2,0,2,0,0,0,0,1,1,1,2,0,0,2,2
51,7108.694,-1093.619,24.421,-32.311,0.843892,0.534509,-0.046329,-0.533944,0.845154,0.024867,0.052446,0.003752,0.998617,0,0.84272,1.00000,50.563,2.000,-1,400.000,-1,375.000,-1,325.000,325.000,300.000,325.000,625.000,125.000,150.000,-1,750.000,750.000,-1,-1,2,0,2,0,2,0,0,0,0,1,1,1,2,0,0,2,2
52,7152.546,-1119.255,26.894,-30.311,0.861963,0.504691,-0.048033,-0.504044,0.863298,0.025636,0.054405,0.002114,0.998517,0,0.84659,1.00000,50.796,2.000,-1,400.000,-1,375.000,-1,325.000,325.000,300.000,325.000,675.000,150.000,200.000,-1,750.000,775.000,-1,-1,2,0,2,0,2,0,0,0,0,1,1,1,2,0,0,2,2
53,7197.471,-1143.456,29.375,-28.311,0.878988,0.474256,-0.049625,-0.473526,0.880387,0.026294,0.056159,0.000387,0.998422,0,0.85048,1.00000,51.029,2.000,-1,400.000,-1,375.000,-1,325.000,325.000,300.000,325.000,700.000,200.000,250.000,-1,775.000,800.000,-1,-1,2,0,2,0,2,0,0,0,0,1,1,1,2,0,0,2,2
54,7243.423,-1166.177,31.888,-26.311,0.894937,0.443241,-0.051239,-0.442433,0.896401,0.026784,0.057802,-0.001300,0.998327,0,0.85437,1.00000,51.262,2.000,-1,400.000,-1,400.000,-1,325.000,325.000,300.000,300.000,725.000,250.000,300.000,-1,825.000,800.000,-1,-1,2,0,2,0,2,0,0,0,0,1,1,1,2,0,0,2,2
55,7290.351,-1187.377,34.518,-24.311,0.909813,0.411685,-0.052490,-0.410793,0.911320,0.027292,0.059071,-0.003268,0.998248,0,0.85824,1.00000,51.495,2.000,-1,400.000,-1,400.000,-1,325.000,325.000,300.000,300.000,775.000,275.000,350.000,-1,850.000,825.000,-1,-1,2,0,2,0,2,0,0,0,0,1,1,1,2,0,0,2,2
56,7338.205,-1207.014,37.506,-22.311,0.923659,0.379624,-0.052342,-0.378615,0.925119,0.028398,0.059204,-0.006413,0.998225,0,0.86210,1.00000,51.726,2.000,-1,400.000,-1,400.000,-1,325.000,325.000,300.000,300.000,800.000,325.000,450.000,-1,850.000,850.000,-1,-1,2,0,2,0,2,0,0,0,0,1,1,1,2,0,0,2,2
57,7386.931,-1225.049,40.363,-20.311,0.936387,0.347100,-0.051964,-0.346023,0.937785,0.028755,0.058712,-0.008945,0.998235,0,0.86594,1.00000,51.956,2.000,-1,400.000,-1,400.000,-1,325.000,325.000,300.000,300.000,825.000,400.000,525.000,-1,875.000,900.000,-1,-1,2,0,2,0,2,0,0,0,0,1,1,1,2,0,0,2,2
58,7436.473,-1241.444,43.241,-18.311,0.947973,0.314152,-0.051535,-0.313012,0.949304,0.029089,0.058061,-0.011444,0.998247,0,0.86974,1.00000,52.184,2.000,-1,400.000,-1,400.000,-1,325.000,325.000,300.000,300.000,875.000,450.000,600.000,-1,875.000,950.000,-1,-1,2,0,2,0,2,0,0,0,0,1,1,0,2,0,0,2,2
59,7487.396,-1256.577,46.181,-16.551,0.957215,0.284840,-0.051048,-0.283647,0.958477,0.029414,0.057307,-0.013676,0.998263,0,0.88540,0.88000,53.124,1.760,-1,400.000,-1,400.000,-1,325.000,325.000,300.000,300.000,900.000,525.000,650.000,-1,900.000,1000.000,-1,-1,2,0,2,0,2,0,0,0,0,1,1,0,2,0,0,2,2
60,7538.916,-1270.411,49.139,-15.031,0.964473,0.259308,-0.050512,-0.258073,0.965668,0.029724,0.056485,-0.015633,0.998281,0,0.88910,0.76000,53.346,1.520,-1,400.000,-1,400.000,-1,325.000,325.000,300.000,300.000,950.000,625.000,725.000,-1,900.000,-1,-1,-1,2,0,2,0,2,0,0,0,0,1,1,0,2,0,2,2,2
61,7592.607,-1283.550,52.212,-13.751,0.970064,0.237665,-0.049908,-0.236397,0.971193,0.030026,0.055606,-0.017329,0.998302,0,0.92126,0.64000,55.275,1.280,-1,400.000,-1,400.000,-1,325.000,325.000,300.000,300.000,975.000,700.000,800.000,-1,900.000,-1,-1,-1,2,0,2,0,2,0,0,0,0,1,1,0,2,0,2,2,2
62,7646.517,-1295.710,55.291,-12.711,0.974257,0.219993,-0.049261,-0.218701,0.975321,0.030304,0.054712,-0.018751,0.998326,0,0.92107,0.52000,55.264,1.040,-1,425.000,-1,400.000,-1,325.000,325.000,300.000,300.000,-1,825.000,900.000,-1,900.000,-1,-1,-1,2,0,2,0,2,0,0,0,0,2,1,0,2,0,2,2,2
63,7700.573,-1307.112,58.376,-11.911,0.977272,0.206349,-0.048576,-0.205042,0.978276,0.030558,0.053826,-0.019903,0.998352,0,0.92076,0.40000,55.246,0.800,-1,425.000,-1,425.000,-1,325.000,325.000,300.000,300.000,-1,925.000,975.000,-1,925.000,-1,-1,-1,2,0,2,0,2,0,0,0,0,2,1,0,2,0,2,2,2
64,7754.715,-1317.980,61.466,-11.351,0.979280,0.196775,-0.047863,-0.195460,0.980228,0.030793,0.052975,-0.020799,0.998379,0,0.92037,0.28000,55.222,0.560,-1,425.000,-1,425.000,-1,350.000,350.000,300.000,300.000,-1,-1,-1,-1,950.000,-1,-1,-1,2,0,2,0,2,0,0,0,0,2,2,2,2,0,2,2,2
65,7808.890,-1328.541,64.552,-11.031,0.980399,0.191294,-0.047156,-0.189975,0.981297,0.031059,0.052216,-0.021491,0.998405,0,0.91991,0.16000,55.195,0.320,-1,425.000,-1,450.000,-1,350.000,350.000,300.000,325.000,-1,-1,-1,-1,950.000,-1,-1,-1,2,0,2,0,2,0,0,0,0,2,2,2,2,0,2,2,2
66,7863.051,-1339.020,67.275,-10.951,0.980740,0.189916,-0.045623,-0.188552,0.981523,0.032569,0.050966,-0.023339,0.998428,0,0.91942,0.04000,55.165,0.080,-1,425.000,-1,450.000,-1,350.000,350.000,300.000,325.000,-1,-1,-1,-1,975.000,-1,-1,-1,2,0,2,0,2,0,0,0,0,2,2,2,2,0,2,2,2
67,7917.153,-1349.645,69.686,-11.111,0.980313,0.192648,-0.043292,-0.191270,0.980948,0.034022,0.049021,-0.025072,0.998483,0,0.91893,-0.08000,55.136,-0.160,-1,425.000,-1,450.000,-1,350.000,350.000,300.000,325.000,-1,-1,-1,-1,975.000,-1,-1,-1,2,0,2,0,2,0,0,0,0,2,2,2,2,0,2,2,2
68,7966.476,-1359.689,71.189,-11.511,0.979076,0.199497,-0.040148,-0.198268,0.979606,0.032599,0.045833,-0.023957,0.998662,0,0.83893,-0.20000,50.336,-0.400,-1,425.000,-1,450.000,-1,350.000,350.000,300.000,325.000,-1,-1,-1,-1,950.000,-1,-1,-1,2,0,2,0,2,0,0,0,0,2,2,2,2,0,2,2,2
69,8010.991,-1369.274,72.392,-12.151,0.976911,0.210435,-0.036918,-0.209371,0.977355,0.030689,0.042540,-0.022251,0.998847,0,0.75893,-0.32000,45.536,-0.640,-1,425.000,-1,450.000,-1,350.000,350.000,300.000,325.000,-1,-1,-1,-1,950.000,-1,-1,-1,2,0,2,0,2,0,0,0,0,2,2,2,2,0,2,2,2
70,8050.698,-1378.367,73.454,-12.898,0.974189,0.223163,-0.033977,-0.222240,0.974563,0.028916,0.039565,-0.020618,0.999004,0,0.67893,-0.37339,40.736,-0.747,-1,425.000,-1,450.000,-1,350.000,350.000,300.000,325.000,-1,-1,-1,-1,925.000,-1,-1,-1,2,0,2,0,2,0,0,0,0,2,2,2,2,0,2,2,2
71,8085.619,-1386.846,74.380,-13.648,0.971269,0.235912,-0.031349,-0.235109,0.971586,0.027282,0.036894,-0.019128,0.999136,0,0.59893,-0.37514,35.936,-0.750,-1,425.000,-1,450.000,-1,350.000,350.000,300.000,300.000,-1,-1,-1,-1,925.000,-1,-1,-1,2,0,2,0,2,0,0,0,0,2,2,2,2,0,2,2,2
72,8115.776,-1394.590,75.173,-14.401,0.968151,0.248676,-0.029048,-0.247972,0.968424,0.025804,0.034547,-0.017779,0.999245,0,0.51893,-0.37677,31.136,-0.754,-1,425.000,-1,450.000,-1,350.000,350.000,300.000,300.000,-1,-1,-1,-1,925.000,-1,-1,-1,2,0,2,0,2,0,0,0,0,2,2,2,2,0,2,2,2
73,8141.195,-1401.476,75.835,-15.158,0.964838,0.261446,-0.027085,-0.260822,0.965076,0.024497,0.032544,-0.016571,0.999333,0,0.43893,-0.37825,26.336,-0.757,-1,425.000,-1,450.000,-1,350.000,350.000,300.000,300.000,-1,-1,-1,-1,925.000,-1,-1,-1,2,0,2,0,2,0,0,0,0,2,2,2,2,0,2,2,2
74,8161.905,-1407.382,76.369,-15.917,0.961331,0.274213,-0.025472,-0.273655,0.961544,0.023378,0.030903,-0.015504,0.999402,0,0.35893,-0.37956,21.536,-0.759,-1,425.000,-1,450.000,-1,350.000,350.000,300.000,300.000,-1,-1,-1,-1,900.000,-1,-1,-1,2,0,2,0,2,0,0,0,0,2,2,2,2,0,2,2,2
75,8177.936,-1412.186,76.778,-16.678,0.957634,0.286969,-0.024217,-0.286460,0.957829,0.022464,0.029642,-0.014576,0.999454,0,0.27893,-0.38066,16.736,-0.761,-1,425.000,-1,450.000,-1,350.000,350.000,300.000,300.000,-1,-1,-1,-1,900.000,-1,-1,-1,2,0,2,0,2,0,0,0,0,2,2,2,2,0,2,2,2
76,8189.323,-1415.763,77.065,-17.442,0.953747,0.299704,-0.023326,-0.299230,0.953933,0.021773,0.028777,-0.013787,0.999491,0,0.19893,-0.38155,11.936,-0.763,-1,425.000,-1,450.000,-1,325.000,350.000,300.000,300.000,-1,-1,-1,-1,900.000,-1,-1,-1,2,0,2,0,2,0,0,0,0,2,2,2,2,0,2,2,2
77,8196.101,-1417.992,77.231,-18.206,0.949675,0.312406,-0.022802,-0.311954,0.949858,0.021323,0.028320,-0.013136,0.999513,0,0.11893,-0.38220,7.136,-0.764,-1,425.000,-1,450.000,-1,325.000,350.000,300.000,300.000,-1,-1,-1,-1,900.000,-1,-1,-1,2,0,2,0,2,0,0,0,0,2,2,2,2,0,2,2,2
78,8198.310,-1418.752,77.277,-18.971,0.945420,0.325065,-0.022646,-0.324623,0.945607,0.021130,0.028282,-0.012626,0.999520,0,0.03893,-0.38259,2.336,-0.765,-1,425.000,-1,450.000,-1,325.000,350.000,300.000,300.000,-1,-1,-1,-1,925.000,-1,-1,-1,2,0,2,0,2,0,0,0,0,2,2,2,2,0,2,2,2
79,8195.990,-1417.920,77.204,-19.737,0.940987,0.337670,-0.022854,-0.337226,0.941185,0.021213,0.028672,-0.012254,0.999514,0,-0.04107,-0.38272,-2.464,-0.765,-1,425.000,-1,450.000,-1,325.000,350.000,300.000,300.000,-1,-1,-1,-1,925.000,-1,-1,-1,2,0,2,0,2,0,0,0,0,2,2,2,2,0,2,2,2
80,8189.186,-1415.375,77.012,-20.502,0.936378,0.350210,-0.023419,-0.349751,0.936594,0.021588,0.029494,-0.012023,0.999493,0,-0.12107,-0.38258,-7.264,-0.765,-1,425.000,-1,450.000,-1,350.000,350.000,300.000,300.000,-1,-1,-1,-1,925.000,-1,-1,-1,2,0,2,0,2,0,0,0,0,2,2,2,2,0,2,2,2
81,8177.943,-1411.000,76.700,-21.266,0.931599,0.362673,-0.024329,-0.362185,0.931840,0.022270,0.030748,-0.011935,0.999456,0,-0.20107,-0.38216,-12.064,-0.764,-1,425.000,-1,450.000,-1,350.000,350.000,300.000,300.000,-1,-1,-1,-1,925.000,-1,-1,-1,2,0,2,0,2,0,0,0,0,2,2,2,2,0,2,2,2
82,8164.783,-1405.675,76.335,-22.029,0.926658,0.375048,-0.025377,-0.374525,0.926929,0.023113,0.032191,-0.011913,0.999411,0,-0.23660,-0.38145,-14.196,-0.763,-1,425.000,-1,450.000,-1,350.000,350.000,300.000,300.000,-1,-1,-1,-1,950.000,-1,-1,-1,2,0,2,0,2,0,0,0,0,2,2,2,2,0,2,2,2
83,8151.662,-1400.163,75.969,-22.790,0.921563,0.387329,-0.026403,-0.386769,0.921865,0.023990,0.033632,-0.011897,0.999363,0,-0.23720,-0.38061,-14.232,-0.761,-1,425.000,-1,450.000,-1,350.000,350.000,300.000,300.000,-1,-1,-1,-1,950.000,-1,-1,-1,2,0,2,0,2,0,0,0,0,2,2,2,2,0,2,2,2
84,8138.582,-1394.462,75.603,-23.550,0.916317,0.399515,-0.027407,-0.398915,0.916650,0.024902,0.035072,-0.011885,0.999314,0,-0.23781,-0.37975,-14.269,-0.760,-1,425.000,-1,450.000,-1,350.000,350.000,300.000,300.000,-1,-1,-1,-1,975.000,-1,-1,-1,2,0,2,0,2,0,0,0,0,2,2,2,2,0,2,2,2
85,8125.545,-1388.573,75.237,-24.307,0.910921,0.411603,-0.028387,-0.410963,0.911286,0.025848,0.036508,-0.011879,0.999263,0,-0.23843,-0.37889,-14.306,-0.758,-1,425.000,-1,450.000,-1,350.000,350.000,300.000,300.000,-1,-1,-1,-1,975.000,-1,-1,-1,2,0,2,0,2,0,0,0,0,2,2,2,2,0,2,2,2
86,8112.552,-1382.497,74.869,-25.063,0.905378,0.423592,-0.029341,-0.422909,0.905775,0.026826,0.037940,-0.011879,0.999209,0,-0.23906,-0.37802,-14.344,-0.756,-1,425.000,-1,450.000,-1,350.000,350.000,300.000,300.000,-1,-1,-1,-1,975.000,-1,-1,-1,2,0,2,0,2,0,0,0,0,2,2,2,2,0,2,2,2
87,8099.605,-1376.233,74.501,-25.818,0.899690,0.435479,-0.030269,-0.434751,0.900120,0.027835,0.039367,-0.011883,0.999154,0,-0.23971,-0.37714,-14.382,-0.754,-1,425.000,-1,450.000,-1,350.000,350.000,300.000,300.000,-1,-1,-1,-1,1000.000,-1,-1,-1,2,0,2,0,2,0,0,0,0,2,2,2,2,0,2,2,2
88,8086.706,-1369.783,74.132,-26.570,0.893859,0.447263,-0.031169,-0.446489,0.894323,0.028874,0.040790,-0.011892,0.999097,0,-0.24036,-0.37625,-14.422,-0.753,-1,425.000,-1,450.000,-1,350.000,350.000,300.000,300.000,-1,-1,-1,-1,1000.000,-1,-1,-1,2,0,2,0,2,0,0,0,0,2,2,2,2,0,2,2,2
89,8073.858,-1363.145,73.746,-27.321,0.887888,0.458942,-0.032056,-0.458115,0.888386,0.030020,0.042256,-0.011969,0.999035,0,-0.24103,-0.37535,-14.462,-0.751,-1,425.000,-1,475.000,-1,350.000,350.000,300.000,300.000,-1,-1,-1,-1,-1,-1,-1,-1,2,0,2,0,2,0,0,0,0,2,2,2,2,2,2,2,2
90,8064.208,-1357.947,73.461,-28.312,0.879792,0.474234,-0.032670,-0.473368,0.880319,0.030994,0.043459,-0.011803,0.998986,0,-0.18269,-0.49535,-10.961,-0.991,-1,425.000,-1,475.000,-1,350.000,350.000,300.000,325.000,-1,-1,-1,-1,-1,-1,-1,-1,2,0,2,0,2,0,0,0,0,2,2,2,2,2,2,2,2
91,8054.636,-1352.522,73.183,-29.542,0.869375,0.493035,-0.033229,-0.492126,0.869934,0.032047,0.044707,-0.011508,0.998934,0,-0.18337,-0.61535,-11.002,-1.231,-1,425.000,-1,475.000,-1,350.000,350.000,300.000,325.000,-1,-1,-1,-1,-1,-1,-1,-1,2,0,2,0,2,0,0,0,0,2,2,2,2,2,2,2,2
92,8045.165,-1346.829,72.893,-31.013,0.856406,0.515203,-0.033702,-0.514257,0.856998,0.033078,0.045925,-0.010997,0.998884,0,-0.18417,-0.73535,-11.050,-1.471,-1,450.000,-1,475.000,-1,350.000,350.000,300.000,325.000,-1,-1,-1,-1,-1,-1,-1,-1,2,0,2,0,2,0,0,0,0,2,2,2,2,2,2,2,2
93,8035.823,-1340.826,72.342,-32.724,0.840616,0.540566,-0.033963,-0.539644,0.841250,0.032913,0.046363,-0.009339,0.998881,0,-0.18507,-0.85535,-11.104,-1.711,-1,450.000,-1,475.000,-1,350.000,350.000,300.000,325.000,-1,-1,-1,-1,-1,-1,-1,-1,2,0,2,0,2,0,0,0,0,2,2,2,2,2,2,2,2
94,8026.637,-1334.479,71.788,-34.642,0.822019,0.568431,-0.034211,-0.567537,0.822697,0.032746,0.046759,-0.007502,0.998878,0,-0.18609,-0.95911,-11.165,-1.918,-1,450.000,-1,450.000,-1,350.000,350.000,300.000,325.000,-1,-1,-1,-1,-1,-1,-1,-1,2,0,2,0,2,0,0,0,0,2,2,2,2,2,2,2,2
95,8017.615,-1327.789,71.243,-36.559,0.802514,0.595636,-0.034480,-0.594769,0.803234,0.032625,0.047128,-0.005675,0.998873,0,-0.18720,-0.95834,-11.232,-1.917,-1,450.000,-1,450.000,-1,350.000,350.000,300.000,325.000,-1,-1,-1,-1,-1,-1,-1,-1,2,0,2,0,2,0,0,0,0,2,2,2,2,2,2,2,2
96,8008.768,-1320.758,70.705,-38.474,0.782124,0.622152,-0.034766,-0.621312,0.782887,0.032549,0.047468,-0.003857,0.998865,0,-0.18833,-0.95754,-11.300,-1.915,-1,425.000,-1,450.000,-1,350.000,350.000,300.000,300.000,-1,-1,-1,-1,-1,-1,-1,-1,2,0,2,0,2,0,0,0,0,2,2,2,2,2,2,2,2
97,8000.109,-1313.392,70.176,-40.387,0.760876,0.647949,-0.035065,-0.647136,0.761681,0.032514,0.047775,-0.002047,0.998856,0,-0.18948,-0.95673,-11.369,-1.913,-1,425.000,-1,450.000,-1,350.000,350.000,300.000,300.000,-1,-1,-1,-1,-1,-1,-1,-1,2,0,2,0,2,0,0,0,0,2,2,2,2,2,2,2,2
98,7991.649,-1305.693,69.654,-42.299,0.738796,0.673000,-0.035373,-0.672214,0.739643,0.032518,0.048048,-0.000246,0.998845,0,-0.19064,-0.95589,-11.439,-1.912,-1,425.000,-1,450.000,-1,350.000,350.000,300.000,300.000,-1,-1,-1,-1,-1,-1,-1,-1,2,0,2,0,2,0,0,0,0,2,2,2,2,2,2,2,2
99,7983.399,-1297.668,69.140,-44.209,0.715912,0.697278,-0.035688,-0.696519,0.716799,0.032559,0.048284,0.001548,0.998832,0,-0.19182,-0.95503,-11.509,-1.910,-1,425.000,-1,450.000,-1,350.000,350.000,300.000,300.000,-1,-1,-1,-1,-1,-1,-1,-1,2,0,2,0,2,0,0,0,0,2,2,2,2,2,2,2,2
100,7975.372,-1289.322,68.632,-46.117,0.692252,0.720757,-0.036007,-0.720026,0.693180,0.032634,0.048480,0.003335,0.998819,0,-0.19300,-0.95415,-11.580,-1.908,-1,425.000,-1,425.000,-1,350.000,350.000,300.000,300.000,-1,975.000,-1,-1,-1,-1,-1,-1,2,0,2,0,2,0,0,0,0,2,1,2,2,2,2,2,2
101,7970.816,-1284.300,68.333,-47.786,0.670941,0.740628,-0.036171,-0.739926,0.671898,0.032610,0.048455,0.004884,0.998813,0,-0.11300,-0.83415,-6.780,-1.668,-1,425.000,-1,425.000,-1,350.000,350.000,300.000,300.000,-1,950.000,-1,-1,-1,-1,-1,-1,2,0,2,0,2,0,0,0,0,2,1,2,2,2,2,2,2
102,7969.523,-1282.800,68.241,-49.214,0.652250,0.757140,-0.036192,-0.756468,0.653224,0.032471,0.048227,0.006199,0.998817,0,-0.03300,-0.71415,-1.980,-1.428,-1,425.000,-1,425.000,-1,350.000,350.000,300.000,300.000,-1,925.000,-1,-1,-1,-1,-1,-1,2,0,2,0,2,0,0,0,0,2,1,2,2,2,2,2,2
103,7971.320,-1284.973,68.350,-50.402,0.636396,0.770518,-0.036081,-0.769879,0.637377,0.032202,0.047809,0.007284,0.998830,0,0.04700,-0.59415,2.820,-1.188,-1,425.000,-1,425.000,-1,350.000,350.000,300.000,300.000,-1,900.000,1000.000,-1,-1,-1,-1,-1,2,0,2,0,2,0,0,0,0,2,1,1,2,2,2,2,2
104,7976.079,-1290.924,68.658,-51.351,0.623557,0.780956,-0.035839,-0.780351,0.624533,0.031786,0.047206,0.008147,0.998852,0,0.12700,-0.47415,7.620,-0.948,-1,450.000,-1,425.000,-1,350.000,350.000,300.000,300.000,-1,900.000,1000.000,-1,-1,-1,-1,-1,2,0,2,0,2,0,0,0,0,2,1,1,2,2,2,2,2
105,7983.678,-1300.747,69.159,-52.277,0.610860,0.790944,-0.035470,-0.790380,0.611823,0.031172,0.046356,0.008993,0.998884,0,0.20700,-0.46311,12.420,-0.926,-1,450.000,-1,425.000,-1,350.000,350.000,300.000,300.000,-1,900.000,1000.000,-1,-1,-1,-1,-1,2,0,2,0,2,0,0,0,0,2,1,1,2,2,2,2,2
106,7993.992,-1314.537,69.850,-53.205,0.597983,0.800745,-0.034981,-0.800231,0.598924,0.030332,0.045239,0.009855,0.998928,0,0.28700,-0.46413,17.220,-0.928,-1,450.000,-1,425.000,-1,350.000,350.000,300.000,300.000,-1,925.000,1000.000,-1,-1,1000.000,-1,-1,2,0,2,0,2,0,0,0,0,2,1,1,2,2,0,2,2
107,8006.893,-1332.381,70.725,-54.136,0.584916,0.810365,-0.034379,-0.809908,0.585827,0.029237,0.043833,0.010743,0.998981,0,0.36700,-0.46556,22.020,-0.931,-1,450.000,-1,425.000,-1,350.000,350.000,300.000,300.000,-1,925.000,-1,-1,-1,1000.000,-1,-1,2,0,2,0,2,0,0,0,0,2,1,2,2,2,0,2,2
108,8022.249,-1354.370,71.776,-55.071,0.571651,0.819806,-0.033673,-0.819416,0.572523,0.027848,0.042108,0.011672,0.999045,0,0.44700,-0.46739,26.820,-0.935,-1,450.000,-1,425.000,-1,350.000,350.000,300.000,300.000,-1,950.000,-1,-1,-1,975.000,-1,-1,2,0,2,0,2,0,0,0,0,2,1,2,2,2,0,2,2
109,8039.926,-1380.587,72.995,-56.010,0.558177,0.829071,-0.032869,-0.828756,0.559000,0.026125,0.040033,0.012658,0.999118,0,0.52700,-0.46964,31.620,-0.939,-1,450.000,-1,425.000,-1,350.000,350.000,300.000,300.000,-1,975.000,-1,-1,-1,975.000,-1,-1,2,0,2,0,2,0,0,0,0,2,1,2,2,2,0,2,2
110,8059.785,-1411.115,74.341,-56.955,0.544484,0.838164,-0.031925,-0.837925,0.545249,0.024182,0.037675,0.013584,0.999198,0,0.60700,-0.47232,36.420,-0.945,-1,450.000,-1,425.000,-1,350.000,350.000,300.000,300.000,-1,-1,-1,-1,-1,950.000,-1,-1,2,0,2,0,2,0,0,0,0,2,2,2,2,2,0,2,2
111,8081.686,-1446.035,75.764,-57.906,0.530561,0.847088,-0.030776,-0.846919,0.531260,0.022160,0.035122,0.014307,0.999281,0,0.68700,-0.47542,41.220,-0.951,-1,450.000,-1,425.000,-1,350.000,350.000,325.000,300.000,-1,-1,-1,-1,-1,950.000,-1,-1,2,0,2,0,2,0,0,0,0,2,2,2,2,2,0,2,2
112,8105.482,-1485.425,77.304,-58.864,0.516395,0.855842,-0.029511,-0.855746,0.517019,0.019753,0.032163,0.015053,0.999369,0,0.76700,-0.47895,46.020,-0.958,-1,475.000,-1,425.000,-1,350.000,350.000,325.000,300.000,-1,-1,-1,-1,-1,925.000,-1,-1,2,0,2,0,2,0,0,0,0,2,2,2,2,2,0,2,2
113,8126.053,-1521.144,78.378,-60.061,0.498501,0.866466,-0.027091,-0.866422,0.499015,0.017240,0.028457,0.014878,0.999484,0,0.68700,-0.59895,41.220,-1.198,-1,475.000,-1,425.000,-1,350.000,350.000,325.000,300.000,-1,-1,-1,-1,-1,900.000,-1,-1,2,0,2,0,2,0,0,0,0,2,2,2,2,2,0,2,2
114,8143.555,-1553.083,78.969,-61.277,0.480129,0.876871,-0.023947,-0.876835,0.480536,0.015641,0.025222,0.013488,0.999591,0,0.60700,-0.60761,36.420,-1.215,-1,450.000,-1,425.000,-1,350.000,350.000,300.000,300.000,-1,-1,-1,-1,-1,875.000,-1,-1,2,0,2,0,2,0,0,0,0,2,2,2,2,2,0,2,2
115,8159.089,-1582.922,79.473,-62.498,0.461421,0.886931,-0.021062,-0.886903,0.461741,0.014069,0.022203,0.012189,0.999679,0,0.56068,-0.61079,33.641,-1.222,-1,450.000,-1,425.000,-1,350.000,350.000,300.000,300.000,-1,-1,-1,-1,-1,875.000,-1,-1,2,0,2,0,2,0,0,0,0,2,2,2,2,2,0,2,2
116,8174.042,-1613.211,79.946,-63.726,0.442400,0.896633,-0.018211,-0.896613,0.442642,0.012397,0.019176,0.010844,0.999757,0,0.56297,-0.61374,33.778,-1.227,-1,450.000,-1,425.000,-1,350.000,350.000,300.000,300.000,-1,-1,-1,-1,-1,850.000,-1,-1,2,0,2,0,2,0,0,0,0,2,2,2,2,2,0,2,2
117,8188.398,-1643.942,80.389,-64.959,0.423070,0.905966,-0.015399,-0.905953,0.423245,0.010629,0.016147,0.009454,0.999825,0,0.56531,-0.61671,33.919,-1.233,-1,450.000,-1,400.000,-1,350.000,350.000,300.000,300.000,-1,-1,-1,-1,-1,825.000,-1,-1,2,0,2,0,2,0,0,0,0,2,2,2,2,2,0,2,2
118,8202.144,-1675.106,80.803,-66.199,0.403437,0.914920,-0.012633,-0.914913,0.403555,0.008767,0.013119,0.008021,0.999882,0,0.56769,-0.61970,34.061,-1.239,-1,450.000,-1,400.000,-1,350.000,350.000,300.000,300.000,-1,-1,-1,-1,-1,800.000,-1,-1,2,0,2,0,2,0,0,0,0,2,2,2,2,2,0,2,2
119,8215.264,-1706.696,81.191,-67.444,0.383505,0.923485,-0.009919,-0.923483,0.383578,0.006816,0.010099,0.006546,0.999928,0,0.57010,-0.62271,34.206,-1.245,-1,450.000,-1,400.000,-1,350.000,325.000,300.000,300.000,-1,-1,-1,-1,-1,800.000,-1,-1,2,0,2,0,2,0,0,0,0,2,2,2,2,2,0,2,2
120,8227.745,-1738.701,81.553,-68.696,0.363282,0.931651,-0.007263,-0.931652,0.363320,0.004779,0.007091,0.005031,0.999962,0,0.57255,-0.62575,34.353,-1.251,-1,450.000,-1,400.000,-1,350.000,325.000,300.000,300.000,-1,-1,-1,-1,-1,775.000,-1,-1,2,0,2,0,2,0,0,0,0,2,2,2,2,2,0,2,2
121,8239.572,-1771.111,81.891,-69.953,0.342773,0.939407,-0.004673,-0.939409,0.342787,0.002660,0.004100,0.003478,0.999986,0,0.57501,-0.62880,34.501,-1.258,-1,450.000,-1,400.000,-1,350.000,325.000,300.000,300.000,-1,-1,-1,-1,-1,750.000,-1,-1,2,0,2,0,2,0,0,0,0,2,2,2,2,2,0,2,2
122,8250.714,-1803.868,82.207,-71.215,0.322019,0.946731,-0.002158,-0.946732,0.322021,0.000467,0.001137,0.001893,0.999998,0,0.57667,-0.63083,34.600,-1.262,-1,425.000,-1,400.000,-1,350.000,325.000,300.000,325.000,-1,-1,-1,-1,975.000,750.000,-1,-1,2,0,2,0,2,0,0,0,0,2,2,2,2,0,0,2,2
123,8261.132,-1836.863,82.502,-72.476,0.301098,0.953593,0.000268,-0.953592,0.301098,-0.001788,-0.001786,0.000282,0.999998,0,0.57667,-0.63083,34.600,-1.262,-1,425.000,-1,375.000,-1,325.000,325.000,300.000,325.000,-1,-1,-1,-1,950.000,725.000,-1,-1,2,0,2,0,2,0,0,0,0,2,2,2,2,0,0,2,2
124,8272.323,-1874.640,82.820,-73.498,0.284036,0.958809,0.002960,-0.958801,0.284047,-0.004352,-0.005014,-0.001602,0.999986,0,0.65667,-0.51083,39.400,-1.022,-1,425.000,-1,375.000,-1,325.000,325.000,300.000,325.000,-1,-1,-1,-1,925.000,700.000,-1,-1,2,0,2,0,2,0,0,0,0,2,2,2,2,0,0,2,2
125,8284.299,-1917.187,82.872,-74.280,0.270912,0.962593,0.004720,-0.962573,0.270939,-0.006696,-0.007724,-0.002729,0.999966,0,0.73667,-0.39083,44.200,-0.782,-1,425.000,-1,375.000,-1,325.000,325.000,300.000,325.000,-1,-1,-1,-1,900.000,700.000,-1,-1,2,0,2,0,2,0,0,0,0,2,2,2,2,0,0,2,2
126,8297.128,-1964.477,83.081,-74.821,0.261771,0.965104,0.007111,-0.965080,0.261825,-0.008209,-0.009784,-0.004714,0.999941,0,0.81667,-0.27083,49.000,-0.542,-1,425.000,-1,375.000,-1,325.000,325.000,300.000,325.000,-1,-1,-1,-1,900.000,675.000,-1,-1,2,0,2,0,2,0,0,0,0,2,2,2,2,0,0,2,2
127,8309.764,-2012.041,83.225,-75.123,0.256650,0.966458,0.009422,-0.966433,0.256737,-0.009640,-0.011735,-0.006632,0.999909,0,0.82022,-0.15083,49.213,-0.302,-1,400.000,-1,375.000,-1,325.000,300.000,300.000,325.000,-1,-1,-1,-1,875.000,675.000,-1,-1,2,0,2,0,2,0,0,0,0,2,2,2,2,0,0,2,2
128,8322.348,-2059.618,82.935,-75.185,0.255566,0.966707,0.012751,-0.966715,0.255690,-0.009220,-0.012174,-0.009971,0.999876,0,0.82022,-0.03083,49.213,-0.062,-1,400.000,-1,375.000,-1,325.000,325.000,300.000,325.000,-1,-1,-1,-1,850.000,675.000,-1,-1,2,0,2,0,2,0,0,0,0,2,2,2,2,0,0,2,2
129,8335.081,-2107.155,82.674,-75.006,0.258544,0.965875,0.015486,-0.965926,0.258689,-0.008193,-0.011920,-0.012840,0.999847,0,0.82022,0.08917,49.213,0.178,-1,425.000,-1,375.000,-1,325.000,325.000,300.000,325.000,-1,-1,-1,-1,850.000,700.000,-1,-1,2,0,2,0,2,0,0,0,0,2,2,2,2,0,0,2,2
130,8348.067,-2154.624,82.351,-74.701,0.263665,0.964443,0.018172,-0.964543,0.263828,-0.007163,-0.011702,-0.015639,0.999809,0,0.82022,0.15283,49.213,0.306,-1,425.000,-1,375.000,-1,325.000,325.000,300.000,325.000,-1,-1,-1,-1,850.000,700.000,-1,-1,2,0,2,0,2,0,0,0,0,2,2,2,2,0,0,2,2
131,8361.305,-2202.023,81.848,-74.395,0.268778,0.962985,0.020474,-0.963129,0.268959,-0.006615,-0.011877,-0.017941,0.999769,0,0.82022,0.15283,49.213,0.306,-1,425.000,-1,375.000,-1,325.000,325.000,300.000,325.000,-1,-1,-1,-1,850.000,700.000,-1,-1,2,0,2,0,2,0,0,0,0,2,2,2,2,0,0,2,2
132,8374.797,-2249.351,81.271,-74.089,0.273881,0.961496,0.022697,-0.961687,0.274081,-0.006137,-0.012121,-0.020147,0.999724,0,0.82022,0.15283,49.213,0.306,-1,425.000,-1,375.000,-1,325.000,325.000,300.000,325.000,-1,-1,-1,-1,825.000,700.000,-1,-1,2,0,2,0,2,0,0,0,0,2,2,2,2,0,0,2,2
133,8388.541,-2296.606,80.632,-73.784,0.278976,0.959976,0.024884,-0.960218,0.279194,-0.005671,-0.012392,-0.022311,0.999674,0,0.82022,0.15283,49.213,0.306,-1,425.000,-1,375.000,-1,325.000,325.000,300.000,325.000,-1,-1,-1,-1,825.000,700.000,-1,-1,2,0,2,0,2,0,0,0,0,2,2,2,2,0,0,2,2
134,8402.537,-2343.786,79.931,-73.478,0.284062,0.958425,0.027031,-0.958722,0.284297,-0.005219,-0.012687,-0.024433,0.999621,0,0.82022,0.15283,49.213,0.306,-1,425.000,-1,375.000,-1,325.000,325.000,300.000,325.000,-1,-1,-1,-1,825.000,700.000,-1,-1,2,0,2,0,2,0,0,0,0,2,2,2,2,0,0,2,2
135,8416.785,-2390.892,79.165,-73.172,0.289138,0.956844,0.029139,-0.957199,0.289391,-0.004781,-0.013007,-0.026509,0.999564,0,0.82022,0.15283,49.213,0.306,-1,425.000,-1,375.000,-1,325.000,325.000,300.000,300.000,-1,-1,-1,-1,800.000,700.000,-1,-1,2,0,2,0,2,0,0,0,0,2,2,2,2,0,0,2,2
136,8431.283,-2437.921,78.334,-72.867,0.294204,0.955233,0.031206,-0.955649,0.294475,-0.004357,-0.013352,-0.028540,0.999503,0,0.82022,0.15283,49.213,0.306,-1,425.000,-1,375.000,-1,325.000,325.000,300.000,300.000,-1,-1,-1,-1,800.000,700.000,-1,-1,2,0,2,0,2,0,0,0,0,2,2,2,2,0,0,2,2
137,8446.033,-2484.872,77.436,-72.561,0.299261,0.953593,0.033231,-0.954073,0.299549,-0.003948,-0.013719,-0.030523,0.999440,0,0.82022,0.15283,49.213,0.306,-1,400.000,-1,375.000,-1,325.000,325.000,300.000,300.000,-1,-1,-1,-1,775.000,700.000,-1,-1,2,0,2,0,2,0,0,0,0,2,2,2,2,0,0,2,2
138,8461.032,-2531.743,76.502,-72.255,0.304302,0.951919,0.035354,-0.952470,0.304612,-0.003609,-0.014204,-0.032575,0.999368,0,0.82022,0.15283,49.213,0.306,-1,400.000,-1,375.000,-1,325.000,325.000,300.000,300.000,-1,-1,-1,-1,775.000,700.000,-1,-1,2,0,2,0,2,0,0,0,0,2,2,2,2,0,0,2,2
