timestep,x_cm,y_cm,z_cm,yaw_deg,basis_xx,basis_xy,basis_xz,basis_yx,basis_yy,basis_yz,basis_zx,basis_zy,basis_zz,teleport_flag,throttle_cmd,steering_cmd,cmd_move_cm,cmd_turn_deg,lidar_cm_0,lidar_cm_1,lidar_cm_2,lidar_cm_3,lidar_cm_4,lidar_cm_5,lidar_cm_6,lidar_cm_7,lidar_cm_8,lidar_cm_9,lidar_cm_10,lidar_cm_11,lidar_cm_12,lidar_cm_13,lidar_cm_14,lidar_cm_15,lidar_cm_16,lidar_class_0,lidar_class_1,lidar_class_2,lidar_class_3,lidar_class_4,lidar_class_5,lidar_class_6,lidar_class_7,lidar_class_8,lidar_class_9,lidar_class_10,lidar_class_11,lidar_class_12,lidar_class_13,lidar_class_14,lidar_class_15,lidar_class_16
0,3610.965,1643.281,121.031,45.947,0.695059,-0.718691,0.019404,0.718390,0.695329,0.020812,-0.028450,-0.000526,0.999595,1,0.08000,-0.11305,4.800,-0.226,575.000,400.000,800.000,375.000,-1,325.000,325.000,325.000,300.000,-1,625.000,675.000,-1,500.000,750.000,500.000,-1,1,0,1,0,2,0,0,0,0,2,0,0,2,1,0,1,2
1,3617.668,1650.154,120.748,45.721,0.697885,-0.715950,0.019268,0.715651,0.698151,0.020702,-0.028274,-0.000658,0.999600,0,0.16000,-0.11268,9.600,-0.225,575.000,400.000,800.000,375.000,-1,325.000,325.000,325.000,300.000,-1,625.000,675.000,-1,500.000,750.000,500.000,-1,1,0,1,0,2,0,0,0,0,2,0,0,2,1,0,1,2
2,3627.761,1660.424,120.320,45.497,0.700689,-0.713211,0.019073,0.712916,0.700948,0.020533,-0.028013,-0.000790,0.999607,0,0.24000,-0.11216,14.400,-0.224,550.000,400.000,800.000,375.000,-1,325.000,325.000,325.000,300.000,-1,625.000,675.000,-1,500.000,750.000,475.000,-1,1,0,1,0,2,0,0,0,0,2,0,0,2,1,0,1,2
3,3641.273,1674.066,119.752,45.274,0.703467,-0.710479,0.018822,0.710189,0.703718,0.020308,-0.027674,-0.000919,0.999617,0,0.32000,-0.11146,19.200,-0.223,500.000,400.000,775.000,375.000,-1,325.000,325.000,325.000,300.000,-1,625.000,675.000,-1,475.000,750.000,450.000,-1,1,1,1,0,2,0,0,0,0,2,0,0,2,1,0,1,2
4,3658.228,1691.052,119.025,45.053,0.706216,-0.707757,0.018411,0.707474,0.706455,0.020045,-0.027193,-0.001130,0.999630,0,0.40000,-0.11057,24.000,-0.221,475.000,400.000,775.000,375.000,-1,325.000,325.000,325.000,300.000,-1,625.000,675.000,-1,450.000,775.000,425.000,-1,1,1,1,0,2,0,0,0,0,2,0,0,2,1,0,1,2
5,3678.651,1711.357,118.207,44.834,0.708930,-0.705052,0.017884,0.704771,0.709154,0.019979,-0.026769,-0.001560,0.999640,0,0.48000,-0.10948,28.800,-0.219,450.000,375.000,750.000,375.000,-1,325.000,325.000,325.000,300.000,-1,650.000,675.000,-1,450.000,775.000,400.000,-1,1,1,1,0,2,0,0,0,0,2,0,0,2,1,0,1,2
6,3702.568,1734.957,117.273,44.617,0.711603,-0.702369,0.017289,0.702088,0.711810,0.019957,-0.026323,-0.002063,0.999651,0,0.56000,-0.10816,33.600,-0.216,400.000,350.000,725.000,400.000,-1,325.000,325.000,325.000,300.000,-1,650.000,700.000,-1,425.000,775.000,375.000,-1,1,1,1,0,2,0,0,0,0,2,0,0,2,1,0,1,2
7,3730.002,1761.826,116.223,44.404,0.714229,-0.699715,0.016639,0.699435,0.714418,0.019957,-0.025851,-0.002616,0.999662,0,0.64000,-0.10659,38.400,-0.213,350.000,350.000,700.000,400.000,-1,325.000,325.000,325.000,300.000,-1,675.000,725.000,-1,400.000,775.000,350.000,-1,1,1,1,0,2,0,0,0,0,2,0,0,2,1,0,1,2
8,3760.975,1791.941,115.064,44.195,0.716799,-0.697097,0.015944,0.696818,0.716970,0.019989,-0.025365,-0.003218,0.999673,0,0.72000,-0.10473,43.200,-0.209,300.000,325.000,675.000,400.000,-1,325.000,325.000,325.000,300.000,-1,675.000,725.000,-1,375.000,775.000,300.000,-1,1,1,1,0,2,0,0,0,0,2,0,0,2,1,0,1,2
9,3795.509,1825.278,113.804,43.990,0.719308,-0.694525,0.015216,0.694246,0.719458,0.020063,-0.024882,-0.003868,0.999683,0,0.80000,-0.10253,48.000,-0.205,250.000,300.000,625.000,400.000,-1,325.000,325.000,300.000,300.000,-1,700.000,750.000,-1,325.000,775.000,250.000,-1,1,1,1,0,2,1,0,0,0,2,0,0,2,1,1,1,2
10,3833.624,1861.817,112.451,43.790,0.721744,-0.692009,0.014469,0.691729,0.721875,0.020191,-0.024417,-0.004564,0.999691,0,0.88000,-0.09994,52.800,-0.200,200.000,250.000,600.000,400.000,-1,275.000,325.000,300.000,300.000,-1,725.000,775.000,-1,300.000,750.000,200.000,-1,1,1,1,0,2,1,0,0,0,2,0,0,2,1,1,1,2
11,3872.367,1898.705,113.700,43.596,0.724069,-0.689559,0.015242,0.689553,0.724206,0.006496,-0.015518,0.005807,0.999863,0,0.89160,-0.09689,53.496,-0.194,175.000,250.000,625.000,425.000,-1,250.000,350.000,350.000,300.000,-1,550.000,525.000,-1,275.000,825.000,175.000,-1,1,1,1,0,2,1,0,0,0,2,0,0,2,1,1,1,2
12,3911.331,1935.570,117.414,43.409,0.726491,-0.686950,0.017629,0.687175,0.726200,-0.020598,0.001347,0.027079,0.999632,0,0.89399,-0.09354,53.639,-0.187,150.000,225.000,-1,450.000,-1,250.000,350.000,400.000,275.000,-1,375.000,275.000,-1,250.000,1000.000,150.000,-1,1,1,2,0,2,1,1,0,0,2,0,0,2,1,0,1,2
13,3950.498,1972.410,122.272,43.229,0.729237,-0.683957,0.020407,0.683914,0.727595,-0.053543,0.021774,0.053002,0.998357,0,0.89617,-0.08989,53.770,-0.180,150.000,200.000,-1,475.000,-1,225.000,325.000,475.000,275.000,-1,275.000,150.000,925.000,225.000,-1,150.000,-1,1,1,2,1,2,1,1,0,0,2,0,0,0,1,2,1,2
14,3989.850,2009.225,128.275,43.057,0.732521,-0.680335,0.023584,0.679209,0.728105,-0.092402,0.045693,0.083704,0.995442,0,0.89810,-0.08590,53.886,-0.172,125.000,200.000,-1,500.000,-1,225.000,325.000,600.000,250.000,-1,225.000,75.000,525.000,225.000,-1,125.000,-1,1,1,2,1,2,1,1,0,0,2,0,0,0,1,2,1,2
15,4029.364,2046.015,135.402,42.894,0.736607,-0.675773,0.027241,0.672370,0.727361,-0.137346,0.073000,0.119485,0.990149,0,0.89974,-0.08154,53.985,-0.163,125.000,200.000,-1,575.000,-1,225.000,350.000,800.000,250.000,-1,200.000,25.000,325.000,225.000,-1,125.000,-1,1,1,2,1,2,1,1,0,0,2,0,0,0,1,2,1,2
16,4069.011,2082.780,143.620,42.741,0.741833,-0.669836,0.031663,0.662561,0.724857,-0.188668,0.103426,0.160939,0.981530,0,0.90104,-0.07676,54.062,-0.154,125.000,200.000,-1,750.000,-1,250.000,400.000,975.000,225.000,-1,175.000,0.000,200.000,275.000,-1,100.000,-1,1,1,2,0,2,1,1,1,0,2,0,0,0,1,2,1,2
17,6887.297,-1639.827,17.278,-67.106,0.389540,0.920379,0.034092,-0.920907,0.388678,0.029316,0.013731,-0.042815,0.998989,1,0.00000,0.00000,54.115,-0.143,-1,400.000,-1,400.000,525.000,325.000,325.000,300.000,275.000,-1,900.000,950.000,-1,700.000,550.000,-1,600.000,2,0,2,1,1,0,0,0,1,2,0,0,2,1,1,2,1
18,6889.146,-1644.257,17.337,-67.346,0.385686,0.921997,0.034171,-0.922525,0.384818,0.029377,0.013936,-0.042854,0.998984,0,0.08000,-0.12000,4.800,-0.240,-1,400.000,-1,400.000,500.000,325.000,325.000,300.000,275.000,-1,875.000,950.000,-1,700.000,550.000,-1,575.000,2,0,2,1,1,0,0,0,1,2,0,0,2,1,1,2,1
19,6892.770,-1653.147,17.460,-67.826,0.377960,0.925185,0.034338,-0.925711,0.377079,0.029507,0.014352,-0.042939,0.998975,0,0.16000,-0.24000,9.600,-0.480,-1,400.000,-1,400.000,500.000,325.000,325.000,300.000,250.000,-1,875.000,950.000,-1,700.000,550.000,-1,575.000,2,0,2,1,1,0,0,0,1,2,0,0,2,1,1,2,1
20,6898.037,-1666.549,17.651,-68.546,0.366321,0.929845,0.034607,-0.930368,0.365421,0.029720,0.014989,-0.043084,0.998959,0,0.24000,-0.36000,14.400,-0.720,-1,425.000,-1,375.000,500.000,325.000,325.000,300.000,250.000,-1,875.000,950.000,-1,675.000,550.000,-1,550.000,2,0,2,1,1,0,0,0,1,2,0,0,2,1,1,2,1
21,6904.817,-1684.512,17.883,-69.320,0.353733,0.934695,0.034903,-0.935215,0.352812,0.029945,0.015675,-0.043234,0.998942,0,0.32000,-0.38740,19.200,-0.775,-1,425.000,-1,375.000,475.000,325.000,325.000,300.000,250.000,-1,875.000,950.000,-1,675.000,525.000,-1,550.000,2,0,2,1,1,0,0,0,1,2,0,0,2,1,1,2,1
22,6912.987,-1707.079,18.149,-70.098,0.341042,0.939389,0.035205,-0.939906,0.340100,0.030157,0.016356,-0.043374,0.998925,0,0.40000,-0.38858,24.000,-0.777,-1,425.000,-1,375.000,450.000,325.000,325.000,300.000,250.000,-1,875.000,950.000,-1,650.000,525.000,-1,525.000,2,0,2,1,1,0,1,0,1,2,0,0,2,1,1,2,1
23,6922.421,-1734.290,18.447,-70.878,0.328228,0.943931,0.035513,-0.944445,0.327265,0.030352,0.017028,-0.043502,0.998908,0,0.48000,-0.39040,28.800,-0.781,-1,400.000,-1,350.000,425.000,325.000,325.000,300.000,250.000,-1,875.000,950.000,-1,625.000,500.000,-1,500.000,2,1,2,1,1,0,1,0,1,2,0,0,2,1,1,2,1
24,6932.992,-1766.184,18.775,-71.664,0.315273,0.948325,0.035823,-0.948836,0.314290,0.030519,0.017684,-0.043612,0.998892,0,0.56000,-0.39282,33.600,-0.786,-1,400.000,-1,350.000,400.000,325.000,300.000,300.000,250.000,-1,875.000,950.000,-1,600.000,475.000,-1,450.000,2,1,2,1,1,1,1,0,1,2,0,0,2,1,1,2,1
25,6944.570,-1802.797,19.126,-72.452,0.302224,0.952552,0.036128,-0.953061,0.301223,0.030644,0.018307,-0.043693,0.998877,0,0.64000,-0.39382,38.400,-0.788,-1,375.000,-1,325.000,375.000,300.000,300.000,300.000,250.000,-1,875.000,950.000,-1,575.000,475.000,-1,425.000,2,1,2,1,1,1,1,0,1,2,0,0,2,1,1,2,1
26,6957.026,-1844.163,19.498,-73.241,0.289080,0.956612,0.036419,-0.957119,0.288064,0.030708,0.018885,-0.043734,0.998865,0,0.72000,-0.39490,43.200,-0.790,-1,350.000,-1,300.000,350.000,300.000,275.000,300.000,250.000,-1,875.000,975.000,-1,550.000,450.000,-1,375.000,2,1,2,1,1,1,1,0,1,2,0,0,2,1,1,2,1
27,6970.230,-1890.311,20.040,-74.033,0.275835,0.960478,0.037369,-0.961018,0.274807,0.030410,0.018939,-0.044300,0.998839,0,0.80000,-0.39599,48.000,-0.792,-1,350.000,-1,300.000,300.000,275.000,275.000,300.000,225.000,-1,950.000,-1,-1,525.000,425.000,-1,325.000,2,1,2,1,1,1,1,0,1,2,0,2,2,1,1,2,1
28,6982.878,-1936.939,21.993,-74.827,0.262665,0.963930,0.042964,-0.964669,0.261398,0.032953,0.020534,-0.050101,0.998533,0,0.80521,-0.39705,48.313,-0.794,-1,325.000,-1,275.000,275.000,275.000,250.000,300.000,250.000,-1,925.000,-1,-1,500.000,400.000,-1,300.000,2,1,2,1,1,1,1,0,1,2,0,2,2,1,1,2,1
29,6994.820,-1983.508,25.214,-75.623,0.249757,0.966902,0.052178,-0.967951,0.247838,0.040575,0.026300,-0.060640,0.997813,0,0.80125,-0.39794,48.075,-0.796,-1,300.000,-1,275.000,300.000,250.000,250.000,275.000,250.000,-1,700.000,900.000,-1,475.000,400.000,-1,300.000,2,1,2,1,1,1,1,0,1,2,0,0,2,1,1,2,1
30,7006.056,-2029.997,28.448,-76.421,0.236900,0.969595,0.061347,-0.970998,0.234200,0.048093,0.032263,-0.070961,0.996957,0,0.79711,-0.39864,47.827,-0.797,-1,300.000,-1,275.000,300.000,250.000,250.000,275.000,275.000,-1,550.000,775.000,-1,475.000,400.000,700.000,325.000,2,1,2,1,1,1,1,0,1,2,0,0,2,1,1,1,1
31,7016.581,-2076.389,33.337,-77.219,0.224178,0.972524,0.062778,-0.973577,0.220613,0.058973,0.043503,-0.074340,0.996284,0,0.79282,-0.39916,47.569,-0.798,-1,300.000,-1,275.000,325.000,250.000,250.000,300.000,275.000,1000.000,375.000,550.000,-1,475.000,400.000,-1,325.000,2,1,2,1,1,1,1,0,1,0,0,0,2,1,1,2,1
32,7026.401,-2122.667,38.748,-78.018,0.211468,0.975427,0.061834,-0.975735,0.207014,0.071315,0.056762,-0.075415,0.995535,0,0.78845,-0.39949,47.307,-0.799,-1,300.000,-1,275.000,350.000,250.000,250.000,300.000,275.000,900.000,275.000,425.000,-1,500.000,400.000,-1,350.000,2,1,2,1,1,1,1,0,1,0,0,0,2,1,1,2,1
33,7035.523,-2168.819,44.121,-78.817,0.198738,0.978141,0.061188,-0.977537,0.193371,0.083837,0.070173,-0.076476,0.994599,0,0.78404,-0.39964,47.042,-0.799,-1,325.000,-1,275.000,375.000,275.000,250.000,325.000,300.000,825.000,225.000,350.000,-1,525.000,425.000,-1,375.000,2,1,2,1,1,1,1,0,1,0,0,0,2,1,1,2,1
34,5575.424,-6231.366,290.235,-167.266,-0.974979,0.220319,0.029598,-0.219102,-0.974901,0.039522,0.037563,0.032048,0.998780,1,0.00000,0.00000,51.842,-0.631,-1,400.000,-1,375.000,-1,325.000,300.000,325.000,325.000,-1,-1,-1,775.000,950.000,800.000,-1,-1,2,0,2,0,2,0,0,0,0,2,2,2,1,0,0,2,2
35,5570.747,-6232.443,290.422,-167.026,-0.974046,0.224404,0.029634,-0.223193,-0.973981,0.039311,0.037685,0.031677,0.998787,0,0.08000,0.12000,4.800,0.240,-1,400.000,-1,375.000,-1,325.000,300.000,325.000,325.000,-1,-1,-1,775.000,950.000,800.000,-1,-1,2,0,2,0,2,0,0,0,0,2,2,2,1,0,0,2,2
36,5561.410,-6234.676,290.797,-166.546,-0.972128,0.232561,0.029707,-0.231363,-0.972090,0.038886,0.037922,0.030929,0.998802,0,0.16000,0.24000,9.600,0.480,-1,400.000,-1,375.000,-1,325.000,300.000,325.000,325.000,-1,-1,-1,775.000,950.000,800.000,-1,-1,2,0,2,0,2,0,0,0,0,2,2,2,1,0,0,2,2
37,5547.448,-6238.202,291.365,-165.826,-0.969123,0.244766,0.029822,-0.243590,-0.969124,0.038240,0.038261,0.029795,0.998823,0,0.24000,0.36000,14.400,0.720,-1,400.000,-1,375.000,-1,325.000,300.000,325.000,325.000,-1,-1,-1,775.000,975.000,800.000,-1,-1,2,0,2,0,2,0,0,0,0,2,2,2,1,0,0,2,2
38,5528.899,-6243.157,292.129,-165.041,-0.965674,0.258022,0.029980,-0.256874,-0.965722,0.037373,0.038595,0.028389,0.998852,0,0.32000,0.39222,19.200,0.784,-1,400.000,-1,375.000,-1,325.000,325.000,325.000,325.000,-1,-1,-1,800.000,975.000,800.000,-1,-1,2,0,2,0,2,0,0,0,0,2,2,2,1,0,0,2,2
39,5505.799,-6249.670,293.087,-164.254,-0.962030,0.271270,0.030184,-0.270161,-0.962131,0.036281,0.038883,0.026749,0.998886,0,0.40000,0.39338,24.000,0.787,-1,425.000,-1,375.000,-1,325.000,325.000,325.000,325.000,-1,-1,-1,800.000,1000.000,825.000,-1,-1,2,0,2,0,2,0,0,0,0,2,2,2,1,0,0,2,2
40,5478.190,-6257.866,294.239,-163.465,-0.958187,0.284519,0.030441,-0.283456,-0.958348,0.034957,0.039119,0.024867,0.998925,0,0.48000,0.39486,28.800,0.790,-1,425.000,-1,400.000,-1,325.000,325.000,325.000,325.000,-1,-1,-1,825.000,1000.000,825.000,-1,-1,2,0,2,0,2,0,0,0,0,2,2,2,1,0,0,2,2
41,5446.115,-6267.873,295.582,-162.671,-0.954140,0.297777,0.030761,-0.296770,-0.954365,0.033397,0.039302,0.022736,0.998969,0,0.56000,0.39669,33.600,0.793,-1,425.000,-1,400.000,-1,325.000,325.000,325.000,325.000,-1,-1,-1,850.000,-1,850.000,-1,-1,2,0,2,0,2,0,0,0,0,2,2,2,1,2,0,2,2
42,5409.621,-6279.819,297.110,-161.873,-0.949882,0.311052,0.031154,-0.310111,-0.950175,0.031594,0.039429,0.020349,0.999015,0,0.64000,0.39888,38.400,0.798,-1,425.000,-1,400.000,-1,325.000,325.000,325.000,325.000,-1,-1,-1,900.000,-1,850.000,-1,-1,2,0,2,0,2,0,0,0,0,2,2,2,1,2,0,2,2
43,5368.757,-6293.832,298.817,-161.071,-0.945407,0.324352,0.031633,-0.323488,-0.945771,0.029543,0.039500,0.017698,0.999063,0,0.72000,0.40145,43.200,0.803,-1,425.000,-1,400.000,-1,350.000,325.000,300.000,325.000,-1,-1,-1,950.000,-1,875.000,-1,-1,2,0,2,0,2,0,0,0,0,2,2,2,1,2,0,2,2
44,5325.286,-6309.429,300.648,-160.262,-0.940709,0.337686,0.032156,-0.336912,-0.941143,0.027218,0.039455,0.014770,0.999112,0,0.76974,0.40441,46.184,0.809,-1,425.000,-1,425.000,-1,350.000,350.000,300.000,325.000,-1,-1,-1,1000.000,-1,900.000,-1,-1,2,0,2,0,2,0,0,0,0,2,2,2,1,2,0,2,2
45,5281.968,-6325.670,302.240,-159.446,-0.935817,0.351054,0.031736,-0.350364,-0.936270,0.025378,0.038623,0.012630,0.999174,0,0.77104,0.40766,46.262,0.815,-1,450.000,-1,425.000,-1,350.000,350.000,300.000,325.000,-1,-1,-1,-1,-1,925.000,-1,-1,2,0,2,0,2,0,0,0,0,2,2,2,2,2,0,2,2
46,5238.805,-6342.564,303.652,-158.624,-0.930715,0.364457,0.030681,-0.363843,-0.931155,0.023858,0.037264,0.011042,0.999244,0,0.77254,0.41099,46.352,0.822,-1,450.000,-1,425.000,-1,350.000,350.000,300.000,325.000,-1,-1,-1,-1,-1,925.000,-1,-1,2,0,2,0,2,0,0,0,0,2,2,2,2,2,0,2,2
47,5195.796,-6360.119,304.814,-157.796,-0.925406,0.377891,0.028689,-0.377343,-0.925793,0.022791,0.035173,0.010266,0.999329,0,0.77424,0.41440,46.454,0.829,-1,450.000,-1,425.000,-1,350.000,350.000,300.000,300.000,-1,-1,-1,-1,-1,925.000,-1,-1,2,0,2,0,2,0,0,0,0,2,2,2,2,2,0,2,2
48,5152.944,-6378.344,306.002,-156.960,-0.919857,0.391357,0.026491,-0.390872,-0.920188,0.021729,0.032880,0.009633,0.999413,0,0.77611,0.41789,46.567,0.836,-1,450.000,-1,425.000,-1,350.000,350.000,300.000,300.000,-1,-1,-1,-1,-1,900.000,-1,-1,2,0,2,0,2,0,0,0,0,2,2,2,2,2,0,2,2
49,5114.681,-6395.089,307.090,-156.364,-0.915794,0.400906,0.024402,-0.400475,-0.916073,0.020753,0.030674,0.009233,0.999487,0,0.69611,0.29789,41.767,0.596,-1,425.000,-1,425.000,-1,350.000,350.000,300.000,300.000,-1,-1,-1,-1,-1,900.000,-1,-1,2,0,2,0,2,0,0,0,0,2,2,2,2,2,0,2,2
50,5080.764,-6410.183,307.892,-156.008,-0.913337,0.406590,0.022387,-0.406229,-0.913573,0.019018,0.028185,0.008276,0.999568,0,0.61873,0.17789,37.124,0.356,-1,425.000,-1,425.000,-1,350.000,350.000,300.000,300.000,-1,-1,-1,-1,-1,900.000,-1,-1,2,0,2,0,2,0,0,0,0,2,2,2,2,2,0,2,2
51,5046.775,-6425.393,308.648,-155.893,-0.912559,0.408438,0.020378,-0.408147,-0.912758,0.017012,0.025548,0.007208,0.999648,0,0.62061,0.05789,37.237,0.116,-1,425.000,-1,425.000,-1,350.000,350.000,300.000,300.000,-1,-1,-1,-1,1000.000,875.000,-1,-1,2,0,2,0,2,0,0,0,0,2,2,2,2,0,0,2,2
52,5012.645,-6440.576,309.390,-156.017,-0.913483,0.406461,0.018407,-0.406233,-0.913647,0.014938,0.022889,0.006168,0.999719,0,0.62260,-0.06211,37.356,-0.124,-1,425.000,-1,425.000,-1,350.000,350.000,300.000,300.000,-1,-1,-1,-1,1000.000,875.000,-1,-1,2,0,2,0,2,0,0,0,0,2,2,2,2,0,0,2,2
53,4978.305,-6455.592,310.117,-156.381,-0.916085,0.400647,0.016461,-0.400475,-0.916218,0.012819,0.020217,0.005151,0.999782,0,0.62466,-0.18211,37.479,-0.364,-1,425.000,-1,425.000,-1,350.000,325.000,300.000,300.000,-1,-1,-1,-1,975.000,850.000,-1,-1,2,0,2,0,2,0,0,0,0,2,2,2,2,0,0,2,2
54,4943.692,-6470.295,310.827,-156.985,-0.920291,0.390964,0.014522,-0.390841,-0.920396,0.010679,0.017541,0.004152,0.999838,0,0.62677,-0.30211,37.606,-0.604,-1,425.000,-1,425.000,-1,350.000,325.000,300.000,300.000,-1,-1,-1,-1,950.000,850.000,-1,-1,2,0,2,0,2,0,0,0,0,2,2,2,2,0,0,2,2
55,4908.746,-6484.535,311.519,-157.829,-0.925980,0.377362,0.012576,-0.377279,-0.926060,0.008542,0.014869,0.003165,0.999884,0,0.62893,-0.42211,37.736,-0.844,-1,425.000,-1,400.000,-1,325.000,325.000,300.000,300.000,-1,-1,-1,-1,925.000,825.000,-1,-1,2,0,2,0,2,0,0,0,0,2,2,2,2,0,0,2,2
56,4873.416,-6498.158,312.193,-158.914,-0.932980,0.359772,0.010607,-0.359722,-0.933038,0.006430,0.012210,0.002184,0.999923,0,0.63110,-0.54211,37.866,-1.084,-1,425.000,-1,400.000,-1,325.000,325.000,300.000,325.000,-1,-1,-1,-1,925.000,825.000,-1,-1,2,0,2,0,2,0,0,0,0,2,2,2,2,0,0,2,2
57,4837.698,-6511.116,312.847,-160.060,-0.940010,0.341039,0.008606,-0.341013,-0.940048,0.004384,0.009585,0.001186,0.999953,0,0.63327,-0.57304,37.996,-1.146,-1,425.000,-1,400.000,-1,325.000,325.000,300.000,325.000,-1,-1,-1,-1,900.000,825.000,-1,-1,2,0,2,0,2,0,0,0,0,2,2,2,2,0,0,2,2
58,4801.607,-6523.402,313.481,-161.200,-0.946626,0.322266,0.006575,-0.322257,-0.946649,0.002414,0.007002,0.000166,0.999975,0,0.63542,-0.57009,38.125,-1.140,-1,425.000,-1,400.000,-1,325.000,325.000,300.000,325.000,-1,-1,-1,-1,875.000,800.000,-1,-1,2,0,2,0,2,0,0,0,0,2,2,2,2,0,0,2,2
59,4765.159,-6535.010,314.074,-162.334,-0.952833,0.303463,0.004479,-0.303464,-0.952843,0.000418,0.004395,-0.000961,0.999990,0,0.63753,-0.56715,38.252,-1.134,-1,400.000,-1,400.000,-1,325.000,325.000,300.000,325.000,-1,-1,-1,-1,850.000,800.000,-1,-1,2,0,2,0,2,0,0,0,0,2,2,2,2,0,0,2,2
60,4728.370,-6545.934,314.634,-163.463,-0.958632,0.284639,0.002327,-0.284643,-0.958632,-0.001568,0.001785,-0.002165,0.999996,0,0.63961,-0.56421,38.377,-1.128,-1,400.000,-1,400.000,-1,325.000,325.000,300.000,325.000,-1,-1,-1,-1,850.000,775.000,-1,-1,2,0,2,0,2,0,0,0,0,2,2,2,2,0,0,2,2
61,4691.307,-6556.151,315.141,-164.588,-0.964039,0.265759,0.000238,-0.265758,-0.964034,-0.003264,-0.000638,-0.003210,0.999995,0,0.64076,-0.56258,38.445,-1.125,-1,400.000,-1,400.000,-1,325.000,325.000,300.000,325.000,-1,-1,-1,-1,825.000,775.000,-1,-1,2,0,2,0,2,0,0,0,0,2,2,2,2,0,0,2,2
62,4654.050,-6565.639,315.376,-165.713,-0.969071,0.246777,-0.001346,-0.246771,-0.969067,-0.003734,-0.002226,-0.003286,0.999992,0,0.64076,-0.56258,38.445,-1.125,-1,400.000,-1,400.000,-1,325.000,325.000,325.000,325.000,-1,-1,-1,-1,825.000,775.000,-1,-1,2,0,2,0,2,0,0,0,0,2,2,2,2,0,0,2,2
63,4616.615,-6574.393,315.474,-166.838,-0.973728,0.227701,-0.002618,-0.227691,-0.973727,-0.003569,-0.003362,-0.002880,0.999990,0,0.64076,-0.56258,38.445,-1.125,-1,400.000,-1,400.000,-1,325.000,325.000,325.000,325.000,-1,-1,-1,-1,800.000,750.000,-1,-1,2,0,2,0,2,0,0,0,0,2,2,2,2,0,0,2,2
64,4574.358,-6583.588,315.556,-167.723,-0.977124,0.212631,-0.003955,-0.212619,-0.977129,-0.003390,-0.004585,-0.002472,0.999986,0,0.72076,-0.44258,43.245,-0.885,-1,400.000,-1,400.000,-1,325.000,325.000,325.000,325.000,-1,-1,-1,-1,800.000,750.000,-1,-1,2,0,2,0,2,0,0,0,0,2,2,2,2,0,0,2,2
65,4527.300,-6593.275,315.471,-168.369,-0.979453,0.201615,-0.004772,-0.201599,-0.979461,-0.003698,-0.005420,-0.002660,0.999982,0,0.80076,-0.32258,48.045,-0.645,-1,400.000,-1,400.000,-1,325.000,325.000,325.000,325.000,-1,-1,-1,-1,800.000,750.000,-1,-1,2,0,2,0,2,0,0,0,0,2,2,2,2,0,0,2,2
66,4475.465,-6603.563,315.225,-168.774,-0.980854,0.194684,-0.004907,-0.194663,-0.980860,-0.004444,-0.005678,-0.003404,0.999978,0,0.88076,-0.20258,52.845,-0.405,-1,400.000,-1,400.000,-1,325.000,325.000,325.000,325.000,-1,-1,-1,-1,800.000,750.000,-1,-1,2,0,2,0,2,0,0,0,0,2,2,2,2,0,0,2,2
67,4418.885,-6614.591,314.939,-168.971,-0.981518,0.191301,-0.005044,-0.191275,-0.981522,-0.005268,-0.005958,-0.004206,0.999973,0,0.96076,-0.09873,57.645,-0.197,-1,400.000,-1,400.000,-1,325.000,325.000,325.000,325.000,-1,-1,-1,-1,800.000,750.000,-1,-1,2,0,2,0,2,0,0,0,0,2,2,2,2,0,0,2,2
68,4362.113,-6625.453,314.643,-169.169,-0.982171,0.187917,-0.005159,-0.187885,-0.982172,-0.006070,-0.006207,-0.004992,0.999968,0,0.96335,-0.09873,57.801,-0.197,-1,400.000,-1,400.000,-1,325.000,325.000,325.000,325.000,-1,-1,-1,-1,800.000,750.000,-1,-1,2,0,2,0,2,0,0,0,0,2,2,2,2,0,0,2,2
69,4305.305,-6636.119,314.337,-169.366,-0.982813,0.184530,-0.005252,-0.184493,-0.982810,-0.006849,-0.006425,-0.005762,0.999963,0,0.96335,-0.09873,57.801,-0.197,-1,400.000,-1,375.000,-1,325.000,325.000,325.000,325.000,-1,-1,-1,-1,800.000,750.000,-1,-1,2,0,2,0,2,0,0,0,0,2,2,2,2,0,0,2,2
70,4248.460,-6646.590,314.023,-169.564,-0.983443,0.181141,-0.005323,-0.181098,-0.983436,-0.007605,-0.006612,-0.006515,0.999957,0,0.96335,-0.09873,57.801,-0.197,-1,400.000,-1,400.000,-1,325.000,325.000,325.000,325.000,-1,-1,-1,-1,775.000,750.000,-1,-1,2,0,2,0,2,0,0,0,0,2,2,2,2,0,0,2,2
71,4191.580,-6656.864,313.699,-169.761,-0.984061,0.177749,-0.005373,-0.177702,-0.984049,-0.008340,-0.006769,-0.007253,0.999951,0,0.96335,-0.09873,57.801,-0.197,-1,400.000,-1,400.000,-1,325.000,325.000,325.000,300.000,-1,-1,-1,-1,775.000,750.000,-1,-1,2,0,2,0,2,0,0,0,0,2,2,2,2,0,0,2,2
72,4134.664,-6666.942,313.367,-169.958,-0.984668,0.174356,-0.005401,-0.174303,-0.984650,-0.009055,-0.006897,-0.007975,0.999944,0,0.96335,-0.09873,57.801,-0.197,-1,400.000,-1,400.000,-1,325.000,325.000,325.000,300.000,-1,-1,-1,-1,775.000,750.000,-1,-1,2,0,2,0,2,0,0,0,0,2,2,2,2,0,0,2,2
73,4077.714,-6676.824,313.023,-170.156,-0.985263,0.170960,-0.005391,-0.170903,-0.985240,-0.009766,-0.006981,-0.008701,0.999938,0,0.96335,-0.09873,57.801,-0.197,-1,400.000,-1,400.000,-1,325.000,325.000,325.000,300.000,-1,-1,-1,-1,775.000,750.000,-1,-1,2,0,2,0,2,0,0,0,0,2,2,2,2,0,0,2,2
74,4020.731,-6686.510,312.616,-170.353,-0.985848,0.167562,-0.005150,-0.167501,-0.985814,-0.010644,-0.006861,-0.009631,0.999930,0,0.96335,-0.09873,57.801,-0.197,-1,400.000,-1,400.000,-1,325.000,325.000,325.000,300.000,-1,-1,-1,-1,775.000,750.000,-1,-1,2,0,2,0,2,0,0,0,0,2,2,2,2,0,0,2,2
75,3963.714,-6696.000,312.205,-170.551,-0.986421,0.164162,-0.004921,-0.164098,-0.986377,-0.011485,-0.006740,-0.010522,0.999922,0,0.96335,-0.09873,57.801,-0.197,-1,400.000,-1,400.000,-1,325.000,325.000,325.000,300.000,-1,-1,-1,-1,775.000,750.000,-1,-1,2,0,2,0,2,0,0,0,0,2,2,2,2,0,0,2,2
76,3906.665,-6705.293,311.773,-170.748,-0.986982,0.160760,-0.004774,-0.160693,-0.986929,-0.012233,-0.006679,-0.011306,0.999914,0,0.96335,-0.09873,57.801,-0.197,-1,400.000,-1,400.000,-1,325.000,325.000,325.000,300.000,-1,-1,-1,-1,775.000,775.000,-1,-1,2,0,2,0,2,0,0,0,0,2,2,2,2,0,0,2,2
77,3849.584,-6714.389,311.383,-170.946,-0.987530,0.157357,-0.004745,-0.157286,-0.987470,-0.012809,-0.006701,-0.011903,0.999907,0,0.96335,-0.09873,57.801,-0.197,-1,400.000,-1,400.000,-1,325.000,325.000,325.000,300.000,-1,-1,-1,-1,775.000,775.000,-1,-1,2,0,2,0,2,0,0,0,0,2,2,2,2,0,0,2,2
78,3792.472,-6723.288,311.000,-171.143,-0.988067,0.153952,-0.004715,-0.153878,-0.988000,-0.013340,-0.006713,-0.012455,0.999900,0,0.96335,-0.09873,57.801,-0.197,-1,400.000,-1,400.000,-1,325.000,325.000,325.000,300.000,-1,-1,-1,-1,775.000,775.000,-1,-1,2,0,2,0,2,0,0,0,0,2,2,2,2,0,0,2,2
79,3735.330,-6731.990,310.619,-171.341,-0.988592,0.150545,-0.004690,-0.150468,-0.988518,-0.013849,-0.006721,-0.012985,0.999893,0,0.96335,-0.09873,57.801,-0.197,-1,400.000,-1,400.000,-1,325.000,325.000,325.000,300.000,-1,-1,-1,-1,800.000,775.000,-1,-1,2,0,2,0,2,0,0,0,0,2,2,2,2,0,0,2,2
80,3678.159,-6740.496,310.239,-171.538,-0.989105,0.147136,-0.004669,-0.147056,-0.989024,-0.014336,-0.006727,-0.013493,0.999886,0,0.96335,-0.09873,57.801,-0.197,-1,400.000,-1,400.000,-1,325.000,325.000,325.000,300.000,-1,-1,-1,-1,800.000,800.000,-1,-1,2,0,2,0,2,0,0,0,0,2,2,2,2,0,0,2,2
81,3620.958,-6748.804,309.861,-171.736,-0.989607,0.143725,-0.004650,-0.143643,-0.989519,-0.014801,-0.006729,-0.013979,0.999880,0,0.96335,-0.09873,57.801,-0.197,-1,400.000,-1,400.000,-1,325.000,325.000,325.000,300.000,-1,-1,-1,-1,800.000,800.000,-1,-1,2,0,2,0,2,0,0,0,0,2,2,2,2,0,0,2,2
82,3563.729,-6756.915,309.484,-171.933,-0.990096,0.140313,-0.004636,-0.140228,-0.990002,-0.015246,-0.006728,-0.014445,0.999873,0,0.96335,-0.09873,57.801,-0.197,-1,400.000,-1,400.000,-1,325.000,325.000,325.000,300.000,-1,-1,-1,-1,800.000,800.000,-1,-1,2,0,2,0,2,0,0,0,0,2,2,2,2,0,0,2,2
83,3506.472,-6764.829,309.110,-172.131,-0.990574,0.136900,-0.004624,-0.136812,-0.990473,-0.015670,-0.006725,-0.014890,0.999867,0,0.96335,-0.09873,57.801,-0.197,-1,400.000,-1,400.000,-1,325.000,325.000,300.000,300.000,-1,-1,-1,-1,800.000,800.000,-1,-1,2,0,2,0,2,0,0,0,0,2,2,2,2,0,0,2,2
84,3449.189,-6772.546,308.738,-172.328,-0.991040,0.133484,-0.004615,-0.133395,-0.990933,-0.016075,-0.006719,-0.015315,0.999860,0,0.96335,-0.09873,57.801,-0.197,-1,400.000,-1,400.000,-1,325.000,325.000,300.000,300.000,-1,-1,-1,-1,800.000,825.000,-1,-1,2,0,2,0,2,0,0,0,0,2,2,2,2,0,0,2,2
85,3391.879,-6780.065,308.367,-172.526,-0.991494,0.130067,-0.004609,-0.129976,-0.991381,-0.016460,-0.006710,-0.015721,0.999854,0,0.96335,-0.09873,57.801,-0.197,-1,400.000,-1,400.000,-1,325.000,325.000,300.000,300.000,-1,-1,-1,-1,825.000,825.000,-1,-1,2,0,2,0,2,0,0,0,0,2,2,2,2,0,0,2,2
86,3334.543,-6787.386,307.999,-172.723,-0.991937,0.126649,-0.004605,-0.126556,-0.991817,-0.016826,-0.006698,-0.016108,0.999848,0,0.96335,-0.09873,57.801,-0.197,-1,400.000,-1,400.000,-1,325.000,325.000,300.000,300.000,-1,-1,-1,-1,825.000,825.000,-1,-1,2,0,2,0,2,0,0,0,0,2,2,2,2,0,0,2,2
87,3277.183,-6794.510,307.500,-172.921,-0.992366,0.123230,-0.004947,-0.123133,-0.992249,-0.016718,-0.006969,-0.015981,0.999848,0,0.96335,-0.09873,57.801,-0.197,-1,400.000,-1,400.000,-1,325.000,325.000,300.000,300.000,-1,-1,-1,-1,825.000,825.000,-1,-1,2,0,2,0,2,0,0,0,0,2,2,2,2,0,0,2,2
88,3219.799,-6801.436,306.810,-173.118,-0.992779,0.119811,-0.005919,-0.119700,-0.992674,-0.016465,-0.007849,-0.015637,0.999847,0,0.96335,-0.09873,57.801,-0.197,-1,400.000,-1,400.000,-1,325.000,325.000,300.000,300.000,-1,-1,-1,-1,825.000,825.000,-1,-1,2,0,2,0,2,0,0,0,0,2,2,2,2,0,0,2,2
89,3162.390,-6808.164,306.009,-173.315,-0.993177,0.116388,-0.007229,-0.116255,-0.993079,-0.016719,-0.009125,-0.015764,0.999834,0,0.96335,-0.09873,57.801,-0.197,-1,400.000,-1,400.000,-1,325.000,325.000,300.000,300.000,-1,-1,-1,-1,825.000,825.000,-1,-1,2,0,2,0,2,0,0,0,0,2,2,2,2,0,0,2,2
90,3104.960,-6814.695,305.212,-173.513,-0.993562,0.112965,-0.008537,-0.112809,-0.993472,-0.016961,-0.010397,-0.015888,0.999820,0,0.96335,-0.09873,57.801,-0.197,-1,400.000,-1,400.000,-1,325.000,325.000,300.000,300.000,-1,-1,-1,-1,825.000,825.000,-1,-1,2,0,2,0,2,0,0,0,0,2,2,2,2,0,0,2,2
91,3047.506,-6821.027,304.419,-173.710,-0.993934,0.109540,-0.009844,-0.109361,-0.993853,-0.017190,-0.011666,-0.016009,0.999804,0,0.96335,-0.09873,57.801,-0.197,-1,400.000,-1,400.000,-1,325.000,325.000,300.000,300.000,-1,-1,-1,-1,800.000,825.000,-1,-1,2,0,2,0,2,0,0,0,0,2,2,2,2,0,0,2,2
92,2989.383,-6827.477,303.619,-173.668,-0.993838,0.110278,-0.011167,-0.110074,-0.993771,-0.017415,-0.013018,-0.016078,0.999786,0,0.97467,0.02127,58.480,0.043,-1,400.000,-1,400.000,-1,325.000,325.000,300.000,300.000,-1,-1,-1,-1,800.000,800.000,-1,-1,2,0,2,0,2,0,0,0,0,2,2,2,2,0,0,2,2
93,2931.293,-6834.213,302.817,-173.385,-0.993267,0.115177,-0.012487,-0.114949,-0.993215,-0.017656,-0.014436,-0.016101,0.999766,0,0.97467,0.14127,58.480,0.283,-1,400.000,-1,400.000,-1,325.000,325.000,300.000,300.000,-1,-1,-1,-1,800.000,800.000,-1,-1,2,0,2,0,2,0,0,0,0,2,2,2,2,0,0,2,2
94,2873.266,-6841.479,302.011,-172.863,-0.992158,0.124230,-0.013797,-0.123976,-0.992123,-0.017936,-0.015916,-0.016085,0.999744,0,0.97467,0.26127,58.480,0.523,-1,400.000,-1,400.000,-1,325.000,325.000,300.000,300.000,-1,-1,-1,-1,800.000,800.000,-1,-1,2,0,2,0,2,0,0,0,0,2,2,2,2,0,0,2,2
95,2815.341,-6849.517,301.196,-172.100,-0.990398,0.137422,-0.015087,-0.137142,-0.990383,-0.018280,-0.017454,-0.016035,0.999719,0,0.97467,0.38127,58.480,0.763,-1,400.000,-1,400.000,-1,325.000,325.000,300.000,300.000,-1,-1,-1,-1,775.000,800.000,-1,-1,2,0,2,0,2,0,0,0,0,2,2,2,2,0,0,2,2
96,2757.557,-6858.513,300.372,-171.152,-0.987966,0.153802,-0.016347,-0.153494,-0.987973,-0.018703,-0.019027,-0.015968,0.999691,0,0.97467,0.47437,58.480,0.949,-1,400.000,-1,400.000,-1,325.000,325.000,300.000,300.000,-1,-1,-1,-1,775.000,800.000,-1,-1,2,0,2,0,2,0,0,0,0,2,2,2,2,0,0,2,2
97,2699.930,-6868.464,299.537,-170.203,-0.985263,0.170140,-0.017573,-0.169802,-0.985291,-0.019195,-0.020581,-0.015928,0.999661,0,0.97467,0.47437,58.480,0.949,-1,400.000,-1,400.000,-1,325.000,325.000,300.000,300.000,-1,-1,-1,-1,775.000,800.000,-1,-1,2,0,2,0,2,0,0,0,0,2,2,2,2,0,0,2,2
98,2642.475,-6879.367,298.493,-169.254,-0.982294,0.186433,-0.018466,-0.186087,-0.982350,-0.018962,-0.021676,-0.015190,0.999650,0,0.97467,0.47437,58.480,0.949,-1,400.000,-1,400.000,-1,325.000,325.000,300.000,300.000,-1,-1,-1,-1,775.000,775.000,-1,-1,2,0,2,0,2,0,0,0,0,2,2,2,2,0,0,2,2
99,2585.209,-6891.221,297.291,-168.305,-0.979055,0.202676,-0.019352,-0.202335,-0.979147,-0.018234,-0.022644,-0.013936,0.999646,0,0.97467,0.47437,58.480,0.949,-1,400.000,-1,400.000,-1,325.000,325.000,300.000,300.000,-1,-1,-1,-1,775.000,775.000,-1,-1,2,0,2,0,2,0,0,0,0,2,2,2,2,0,0,2,2
100,2528.147,-6904.021,295.885,-167.357,-0.975559,0.218862,-0.019600,-0.218519,-0.975662,-0.018238,-0.023115,-0.013509,0.999642,0,0.97467,0.47437,58.480,0.949,-1,400.000,-1,400.000,-1,325.000,325.000,300.000,300.000,-1,-1,-1,-1,775.000,775.000,-1,-1,2,0,2,0,2,0,0,0,0,2,2,2,2,0,0,2,2
101,2471.305,-6917.764,294.444,-166.408,-0.971795,0.234988,-0.019860,-0.234639,-0.971908,-0.018400,-0.023626,-0.013221,0.999633,0,0.97467,0.47437,58.480,0.949,-1,400.000,-1,400.000,-1,325.000,325.000,300.000,300.000,-1,-1,-1,-1,775.000,775.000,-1,-1,2,0,2,0,2,0,0,0,0,2,2,2,2,0,0,2,2
102,2414.699,-6932.447,292.999,-165.459,-0.967766,0.251049,-0.020097,-0.250695,-0.967888,-0.018591,-0.024119,-0.012954,0.999625,0,0.97467,0.47437,58.480,0.949,-1,400.000,-1,400.000,-1,325.000,325.000,300.000,300.000,-1,-1,-1,-1,750.000,775.000,-1,-1,2,0,2,0,2,0,0,0,0,2,2,2,2,0,0,2,2
103,2358.343,-6948.065,291.550,-164.510,-0.963471,0.267042,-0.020309,-0.266681,-0.963601,-0.018813,-0.024594,-0.012709,0.999617,0,0.97467,0.47437,58.480,0.949,-1,400.000,-1,400.000,-1,325.000,325.000,300.000,300.000,-1,-1,-1,-1,750.000,775.000,-1,-1,2,0,2,0,2,0,0,0,0,2,2,2,2,0,0,2,2
104,2302.253,-6964.613,290.099,-163.562,-0.958912,0.282961,-0.020495,-0.282594,-0.959050,-0.019063,-0.025050,-0.012488,0.999608,0,0.97467,0.47437,58.480,0.949,-1,400.000,-1,400.000,-1,325.000,325.000,300.000,300.000,-1,-1,-1,-1,750.000,775.000,-1,-1,2,0,2,0,2,0,0,0,0,2,2,2,2,0,0,2,2
105,2246.445,-6982.089,288.646,-162.613,-0.954091,0.298803,-0.020654,-0.298429,-0.954236,-0.019342,-0.025488,-0.012291,0.999600,0,0.97467,0.47437,58.480,0.949,-1,400.000,-1,400.000,-1,325.000,325.000,300.000,325.000,-1,-1,-1,-1,750.000,775.000,-1,-1,2,0,2,0,2,0,0,0,0,2,2,2,2,0,0,2,2
106,2190.934,-7000.486,287.192,-161.664,-0.949009,0.314563,-0.020784,-0.314182,-0.949159,-0.019650,-0.025908,-0.012118,0.999591,0,0.97467,0.47437,58.480,0.949,-1,400.000,-1,400.000,-1,325.000,325.000,300.000,325.000,-1,-1,-1,-1,750.000,775.000,-1,-1,2,0,2,0,2,0,0,0,0,2,2,2,2,0,0,2,2
107,2135.736,-7019.799,285.712,-160.715,-0.943665,0.330236,-0.020991,-0.329849,-0.943824,-0.019917,-0.026389,-0.011871,0.999581,0,0.97467,0.47437,58.480,0.949,-1,400.000,-1,400.000,-1,325.000,325.000,300.000,325.000,-1,-1,-1,-1,725.000,750.000,-1,-1,2,0,2,0,2,0,0,0,0,2,2,2,2,0,0,2,2
108,2080.864,-7040.024,284.179,-159.767,-0.938057,0.345820,-0.021388,-0.345427,-0.938231,-0.020081,-0.027011,-0.011449,0.999570,0,0.97467,0.47437,58.480,0.949,-1,400.000,-1,400.000,-1,325.000,325.000,300.000,325.000,-1,-1,-1,-1,725.000,750.000,-1,-1,2,0,2,0,2,0,0,0,0,2,2,2,2,0,0,2,2
109,2026.336,-7061.154,282.570,-158.818,-0.932194,0.361311,-0.021644,-0.360921,-0.932383,-0.019928,-0.027381,-0.010765,0.999567,0,0.97467,0.47437,58.480,0.949,-1,400.000,-1,400.000,-1,325.000,325.000,300.000,325.000,-1,-1,-1,-1,725.000,750.000,-1,-1,2,0,2,0,2,0,0,0,0,2,2,2,2,0,0,2,2
110,1972.164,-7083.185,280.977,-157.869,-0.926078,0.376702,-0.021816,-0.376316,-0.926279,-0.019833,-0.027679,-0.010157,0.999565,0,0.97467,0.47437,58.480,0.949,-1,375.000,-1,400.000,-1,325.000,325.000,300.000,325.000,-1,-1,-1,-1,725.000,750.000,-1,-1,2,0,2,0,2,0,0,0,0,2,2,2,2,0,0,2,2
111,1918.365,-7106.109,279.400,-156.921,-0.919709,0.391989,-0.021906,-0.391608,-0.919919,-0.019794,-0.027911,-0.009626,0.999564,0,0.97467,0.47437,58.480,0.949,-1,375.000,-1,400.000,-1,325.000,325.000,300.000,300.000,-1,-1,-1,-1,700.000,750.000,-1,-1,2,0,2,0,2,0,0,0,0,2,2,2,2,0,0,2,2
112,1864.952,-7129.922,277.816,-155.972,-0.913093,0.407169,-0.021791,-0.406790,-0.913306,-0.019867,-0.027991,-0.009276,0.999565,0,0.97467,0.47437,58.480,0.949,-1,375.000,-1,375.000,-1,325.000,325.000,300.000,300.000,-1,-1,-1,-1,700.000,725.000,-1,-1,2,0,2,0,2,0,0,0,0,2,2,2,2,0,0,2,2
113,1811.942,-7154.615,276.255,-155.023,-0.906231,0.422236,-0.021471,-0.421862,-0.906441,-0.019919,-0.027873,-0.008994,0.999571,0,0.97467,0.47437,58.480,0.949,-1,375.000,-1,375.000,-1,300.000,325.000,300.000,325.000,-1,-1,-1,-1,700.000,725.000,-1,-1,2,0,2,0,2,0,0,0,0,2,2,2,2,0,0,2,2
114,1763.566,-7177.882,274.947,-154.314,-0.900949,0.433418,-0.020987,-0.433063,-0.901153,-0.019463,-0.027348,-0.008447,0.999590,0,0.89467,0.35437,53.680,0.709,-1,375.000,-1,375.000,-1,300.000,325.000,300.000,325.000,-1,-1,-1,-1,700.000,725.000,-1,-1,2,0,2,0,2,0,0,0,0,2,2,2,2,0,0,2,2
115,1716.153,-7201.165,273.696,-153.846,-0.897383,0.440777,-0.020448,-0.440442,-0.897581,-0.018964,-0.026713,-0.008012,0.999611,0,0.88036,0.23437,52.822,0.469,-1,375.000,-1,375.000,-1,300.000,325.000,300.000,325.000,-1,-1,-1,-1,700.000,725.000,-1,-1,2,0,2,0,2,0,0,0,0,2,2,2,2,0,0,2,2
116,1668.833,-7224.637,272.477,-153.617,-0.895629,0.444358,-0.019855,-0.444043,-0.895816,-0.018427,-0.025975,-0.007688,0.999633,0,0.88036,0.11437,52.822,0.229,-1,375.000,-1,375.000,-1,300.000,325.000,300.000,325.000,-1,-1,-1,-1,700.000,725.000,-1,-1,2,0,2,0,2,0,0,0,0,2,2,2,2,0,0,2,2
117,1621.509,-7248.100,271.290,-153.628,-0.895730,0.444183,-0.019211,-0.443887,-0.895905,-0.017851,-0.025141,-0.007462,0.999656,0,0.88036,-0.00563,52.822,-0.011,-1,375.000,-1,375.000,-1,300.000,325.000,300.000,325.000,-1,-1,-1,-1,675.000,725.000,-1,-1,2,0,2,0,2,0,0,0,0,2,2,2,2,0,0,2,2
118,1574.082,-7271.355,270.062,-153.879,-0.897685,0.440251,-0.018446,-0.439983,-0.897847,-0.016899,-0.024002,-0.007054,0.999687,0,0.88036,-0.12563,52.822,-0.251,-1,375.000,-1,375.000,-1,300.000,325.000,300.000,325.000,-1,-1,-1,-1,675.000,725.000,-1,-1,2,0,2,0,2,0,0,0,0,2,2,2,2,0,0,2,2
119,1526.459,-7294.206,268.864,-154.367,-0.901415,0.432596,-0.017629,-0.432356,-0.901563,-0.015903,-0.022773,-0.006713,0.999718,0,0.88036,-0.24377,52.822,-0.488,-1,375.000,-1,375.000,-1,300.000,325.000,325.000,325.000,-1,-1,-1,-1,675.000,725.000,-1,-1,2,0,2,0,2,0,0,0,0,2,2,2,2,0,0,2,2
120,1478.643,-7316.651,267.698,-154.854,-0.905080,0.424910,-0.016760,-0.424697,-0.905213,-0.014891,-0.021499,-0.006360,0.999749,0,0.88036,-0.24377,52.822,-0.488,-1,375.000,-1,375.000,-1,300.000,325.000,325.000,325.000,-1,-1,-1,-1,675.000,725.000,-1,-1,2,0,2,0,2,0,0,0,0,2,2,2,2,0,0,2,2
121,1430.638,-7338.688,266.569,-155.342,-0.908679,0.417194,-0.015848,-0.417006,-0.908798,-0.013894,-0.020199,-0.006017,0.999778,0,0.88036,-0.24377,52.822,-0.488,-1,375.000,-1,375.000,-1,300.000,325.000,325.000,300.000,-1,-1,-1,-1,675.000,725.000,-1,-1,2,0,2,0,2,0,0,0,0,2,2,2,2,0,0,2,2
122,1382.447,-7360.316,265.486,-155.830,-0.912212,0.409446,-0.014903,-0.409281,-0.912316,-0.012949,-0.018898,-0.005713,0.999805,0,0.88036,-0.24377,52.822,-0.488,-1,375.000,-1,375.000,-1,300.000,325.000,325.000,325.000,-1,-1,-1,-1,675.000,725.000,-1,-1,2,0,2,0,2,0,0,0,0,2,2,2,2,0,0,2,2
123,1334.074,-7381.533,264.497,-156.317,-0.915683,0.401669,-0.013688,-0.401524,-0.915768,-0.012160,-0.017419,-0.005639,0.999832,0,0.88036,-0.24377,52.822,-0.488,-1,375.000,-1,375.000,-1,300.000,325.000,325.000,325.000,-1,925.000,800.000,-1,675.000,725.000,-1,-1,2,0,2,0,2,0,0,0,0,2,0,0,2,0,0,2,2
124,1285.523,-7402.338,263.552,-156.805,-0.919086,0.393862,-0.012417,-0.393736,-0.919152,-0.011420,-0.015911,-0.005607,0.999858,0,0.88036,-0.24377,52.822,-0.488,-1,375.000,-1,375.000,-1,300.000,300.000,300.000,325.000,-1,800.000,725.000,-1,675.000,725.000,-1,-1,2,0,2,0,2,0,0,0,0,2,0,0,2,0,0,2,2
125,1236.795,-7422.729,262.661,-157.292,-0.922420,0.386027,-0.011157,-0.385919,-0.922471,-0.010697,-0.014421,-0.005561,0.999881,0,0.88036,-0.24377,52.822,-0.488,-1,375.000,-1,375.000,-1,300.000,300.000,300.000,325.000,-1,750.000,675.000,-1,675.000,725.000,-1,-1,2,0,2,0,2,0,0,0,0,2,0,0,2,0,0,2,2
126,1187.897,-7442.704,261.945,-157.780,-0.925679,0.378165,-0.010463,-0.378074,-0.925725,-0.009679,-0.013346,-0.005004,0.999898,0,0.88036,-0.24377,52.822,-0.488,-1,375.000,-1,375.000,-1,300.000,300.000,300.000,325.000,-1,725.000,675.000,-1,675.000,725.000,-1,-1,2,0,2,0,2,0,0,0,0,2,0,0,2,0,0,2,2
127,1138.830,-7462.263,261.394,-158.267,-0.928872,0.370276,-0.009585,-0.370209,-0.928913,-0.008083,-0.011896,-0.003960,0.999921,0,0.88036,-0.24377,52.822,-0.488,-1,375.000,-1,375.000,-1,300.000,300.000,300.000,325.000,-1,725.000,650.000,-1,675.000,725.000,-1,-1,2,0,2,0,2,0,0,0,0,2,0,0,2,0,0,2,2
128,1089.598,-7481.403,260.910,-158.755,-0.931998,0.362360,-0.008663,-0.362314,-0.932034,-0.006406,-0.010396,-0.002832,0.999942,0,0.88036,-0.24377,52.822,-0.488,-1,375.000,-1,375.000,-1,300.000,325.000,300.000,325.000,-1,700.000,650.000,-1,675.000,725.000,-1,-1,2,0,2,0,2,0,0,0,0,2,0,0,2,0,0,2,2
129,1040.205,-7500.124,260.477,-159.242,-0.935056,0.354417,-0.007718,-0.354390,-0.935086,-0.004716,-0.008888,-0.001675,0.999959,0,0.88036,-0.24377,52.822,-0.488,-1,375.000,-1,400.000,-1,300.000,325.000,325.000,325.000,-1,700.000,625.000,-1,675.000,700.000,-1,-1,2,0,2,0,2,0,0,0,0,2,0,0,2,0,0,2,2
130,990.655,-7518.424,260.095,-159.730,-0.938045,0.346448,-0.006749,-0.346435,-0.938069,-0.003013,-0.007375,-0.000488,0.999973,0,0.88036,-0.24377,52.822,-0.488,-1,375.000,-1,400.000,-1,300.000,325.000,325.000,325.000,-1,700.000,625.000,-1,675.000,700.000,-1,-1,2,0,2,0,2,0,0,0,0,2,0,0,2,0,0,2,2
131,940.951,-7536.301,259.763,-160.217,-0.940965,0.338454,-0.005757,-0.338452,-0.940983,-0.001300,-0.005857,0.000726,0.999983,0,0.88036,-0.24377,52.822,-0.488,-1,375.000,-1,375.000,-1,300.000,325.000,325.000,325.000,-1,675.000,600.000,-1,675.000,700.000,-1,-1,2,0,2,0,2,0,0,0,0,2,0,0,2,0,0,2,2
132,891.096,-7553.755,259.477,-160.705,-0.943817,0.330434,-0.004743,-0.330440,-0.943827,0.000423,-0.004337,0.001967,0.999989,0,0.88036,-0.24377,52.822,-0.488,-1,375.000,-1,375.000,-1,300.000,325.000,325.000,325.000,-1,675.000,600.000,-1,675.000,700.000,-1,-1,2,0,2,0,2,0,0,0,0,2,0,0,2,0,0,2,2
133,841.095,-7570.785,259.238,-161.192,-0.946600,0.322390,-0.003707,-0.322399,-0.946601,0.002154,-0.002815,0.003234,0.999991,0,0.88036,-0.24377,52.822,-0.488,-1,375.000,-1,375.000,-1,300.000,300.000,325.000,325.000,-1,675.000,600.000,-1,675.000,700.000,-1,-1,2,0,2,0,2,0,0,0,0,2,0,0,2,0,0,2,2
134,790.951,-7587.388,259.043,-161.680,-0.949313,0.314322,-0.002651,-0.314331,-0.949306,0.003891,-0.001293,0.004527,0.999989,0,0.88036,-0.24377,52.822,-0.488,-1,375.000,-1,375.000,-1,300.000,300.000,325.000,325.000,-1,675.000,575.000,-1,675.000,700.000,-1,-1,2,0,2,0,2,0,0,0,0,2,0,0,2,0,0,2,2
135,740.667,-7603.564,258.907,-162.167,-0.951956,0.306231,-0.001602,-0.306236,-0.951940,0.005562,0.000179,0.005785,0.999983,0,0.88036,-0.24377,52.822,-0.488,-1,375.000,-1,375.000,-1,300.000,300.000,325.000,300.000,-1,675.000,575.000,-1,675.000,700.000,-1,-1,2,0,2,0,2,0,0,0,0,2,0,0,2,0,0,2,2
