timestep,x_cm,y_cm,z_cm,yaw_deg,basis_xx,basis_xy,basis_xz,basis_yx,basis_yy,basis_yz,basis_zx,basis_zy,basis_zz,teleport_flag,throttle_cmd,steering_cmd,cmd_move_cm,cmd_turn_deg,lidar_cm_0,lidar_cm_1,lidar_cm_2,lidar_cm_3,lidar_cm_4,lidar_cm_5,lidar_cm_6,lidar_cm_7,lidar_cm_8,lidar_cm_9,lidar_cm_10,lidar_cm_11,lidar_cm_12,lidar_cm_13,lidar_cm_14,lidar_cm_15,lidar_cm_16,lidar_class_0,lidar_class_1,lidar_class_2,lidar_class_3,lidar_class_4,lidar_class_5,lidar_class_6,lidar_class_7,lidar_class_8,lidar_class_9,lidar_class_10,lidar_class_11,lidar_class_12,lidar_class_13,lidar_class_14,lidar_class_15,lidar_class_16
0,7542.188,-332.656,-312.686,-102.716,-0.216683,0.972826,-0.081592,-0.975224,-0.219516,-0.027411,-0.044577,0.073631,0.996289,1,0.08000,0.08718,4.800,0.174,-1,225.000,-1,-1,-1,250.000,900.000,425.000,100.000,-1,-1,-1,-1,-1,-1,-1,-1,2,0,2,2,2,1,1,0,0,2,2,2,2,2,2,2,2
1,7540.107,-342.028,-313.532,-102.543,-0.213208,0.973136,-0.086881,-0.975811,-0.216501,-0.030320,-0.048315,0.078315,0.995757,0,0.16000,0.08647,9.600,0.173,-1,225.000,-1,-1,-1,225.000,875.000,425.000,100.000,-1,-1,-1,-1,-1,-1,-1,-1,2,0,2,2,2,1,1,0,0,2,2,2,2,2,2,2,2
2,7537.026,-356.096,-314.808,-102.372,-0.209435,0.973205,-0.094912,-0.976338,-0.213476,-0.034529,-0.053865,0.085434,0.994887,0,0.24000,0.08533,14.400,0.171,-1,200.000,-1,-1,-1,225.000,825.000,425.000,100.000,-1,-1,-1,-1,-1,-1,-1,-1,2,0,2,2,2,1,1,0,0,2,2,2,2,2,2,2,2
3,7532.975,-374.864,-316.540,-102.205,-0.205280,0.972968,-0.105797,-0.976782,-0.210446,-0.040109,-0.061289,0.095108,0.993578,0,0.32000,0.08373,19.200,0.167,-1,200.000,-1,-1,-1,225.000,775.000,450.000,100.000,-1,-1,-1,-1,-1,-1,-1,-1,2,0,2,2,2,1,1,1,1,2,2,2,2,2,2,2,2
4,7527.979,-398.340,-318.764,-102.041,-0.200618,0.972330,-0.119695,-0.977117,-0.207410,-0.047147,-0.070668,0.107498,0.991691,0,0.40000,0.08162,24.000,0.163,-1,175.000,-1,-1,-1,200.000,725.000,475.000,100.000,-1,-1,-1,-1,-1,-1,275.000,-1,2,0,2,2,2,1,1,1,1,2,2,2,2,2,2,0,2
5,7522.063,-426.528,-321.528,-101.883,-0.195274,0.971160,-0.136807,-0.977307,-0.204363,-0.055745,-0.082096,0.122817,0.989028,0,0.48000,0.07896,28.800,0.158,-1,150.000,-1,-1,-1,200.000,675.000,475.000,100.000,-1,-1,-1,775.000,-1,-1,225.000,-1,2,1,2,2,2,1,1,1,1,2,2,2,0,2,2,0,2
6,7515.252,-459.434,-324.885,-101.732,-0.189012,0.969281,-0.157379,-0.977303,-0.201295,-0.066016,-0.095668,0.141329,0.985329,0,0.56000,0.07568,33.600,0.151,-1,150.000,-1,-1,-1,200.000,625.000,500.000,125.000,-1,-1,0.000,425.000,975.000,-1,175.000,-1,2,1,2,2,2,1,1,1,1,2,2,0,0,1,2,0,2
7,6231.363,-6887.292,-277.923,-29.789,0.864953,0.496813,-0.070948,-0.495352,0.867855,0.038133,0.080518,0.002161,0.996751,1,0.00000,0.00000,38.400,0.143,-1,400.000,-1,400.000,-1,325.000,325.000,325.000,325.000,-1,575.000,575.000,-1,850.000,925.000,-1,-1,2,0,2,0,2,0,0,0,0,2,0,0,2,0,0,2,2
8,6235.539,-6889.659,-277.566,-29.549,0.867035,0.493174,-0.070918,-0.491708,0.869929,0.038039,0.080454,0.001890,0.996757,0,0.08000,0.12000,4.800,0.240,-1,400.000,-1,400.000,-1,325.000,325.000,325.000,325.000,-1,575.000,575.000,-1,850.000,925.000,-1,-1,2,0,2,0,2,0,0,0,0,2,0,0,2,0,0,2,2
9,6243.929,-6894.323,-276.851,-29.069,0.871155,0.485869,-0.070851,-0.484394,0.874031,0.037851,0.080316,0.001346,0.996769,0,0.16000,0.24000,9.600,0.480,-1,400.000,-1,400.000,-1,325.000,325.000,325.000,300.000,-1,600.000,600.000,-1,850.000,925.000,-1,-1,2,0,2,0,2,0,0,0,0,2,0,0,2,0,0,2,2
10,6256.602,-6901.161,-275.775,-28.349,0.877221,0.474848,-0.070730,-0.473359,0.880068,0.037571,0.080088,0.000522,0.996788,0,0.24000,0.36000,14.400,0.720,-1,400.000,-1,400.000,-1,325.000,325.000,325.000,300.000,-1,600.000,625.000,-1,850.000,925.000,-1,-1,2,0,2,0,2,0,0,0,0,2,0,0,2,0,0,2,2
11,6273.650,-6909.994,-274.337,-27.389,0.885094,0.460036,-0.070533,-0.458530,0.887900,0.037204,0.079742,-0.000588,0.996815,0,0.32000,0.48000,19.200,0.960,-1,400.000,-1,400.000,-1,325.000,325.000,325.000,300.000,-1,625.000,650.000,-1,850.000,925.000,-1,-1,2,0,2,0,2,0,0,0,0,2,0,0,2,0,0,2,2
12,6295.186,-6920.586,-272.532,-26.189,0.894588,0.441340,-0.070232,-0.439811,0.897338,0.036757,0.079244,-0.001993,0.996853,0,0.40000,0.60000,24.000,1.200,-1,400.000,-1,400.000,-1,325.000,325.000,325.000,300.000,-1,650.000,675.000,-1,825.000,925.000,-1,-1,2,0,2,0,2,0,0,0,0,2,0,0,2,0,0,2,2
13,6321.341,-6932.643,-270.358,-24.749,0.905463,0.418648,-0.069790,-0.417093,0.908141,0.036241,0.078551,-0.003706,0.996903,0,0.48000,0.72000,28.800,1.440,-1,400.000,-1,400.000,-1,325.000,325.000,325.000,300.000,-1,700.000,725.000,-1,825.000,925.000,-1,-1,2,0,2,0,2,0,0,0,0,2,0,0,2,0,0,2,2
14,6352.223,-6945.881,-267.806,-23.202,0.916514,0.393974,-0.069184,-0.392394,0.919105,0.035688,0.077648,-0.005561,0.996965,0,0.56000,0.77352,33.600,1.547,-1,400.000,-1,400.000,-1,325.000,325.000,325.000,300.000,-1,750.000,800.000,-1,825.000,925.000,-1,-1,2,0,2,0,2,0,0,0,0,2,0,0,2,0,0,2,2
15,6387.912,-6960.051,-264.873,-21.655,0.926904,0.369013,-0.068395,-0.367413,0.929395,0.035117,0.076525,-0.007421,0.997040,0,0.64000,0.77352,38.400,1.547,-1,400.000,-1,400.000,-1,325.000,325.000,325.000,300.000,-1,825.000,875.000,-1,825.000,925.000,-1,-1,2,0,2,0,2,0,0,0,0,2,0,0,2,0,0,2,2
16,6427.136,-6974.412,-261.667,-20.108,0.936626,0.343782,-0.067425,-0.342167,0.939004,0.034552,0.075191,-0.009292,0.997126,0,0.69616,0.77352,41.770,1.547,-1,400.000,-1,400.000,-1,325.000,325.000,325.000,300.000,-1,900.000,1000.000,-1,825.000,925.000,-1,-1,2,0,2,0,2,0,0,0,0,2,0,0,2,0,0,2,2
17,6466.733,-6987.708,-258.470,-18.561,0.945665,0.318299,-0.066361,-0.316665,0.947923,0.034125,0.073767,-0.011256,0.997212,0,0.69616,0.77352,41.770,1.547,-1,400.000,-1,400.000,-1,325.000,325.000,325.000,300.000,-1,1000.000,-1,-1,800.000,925.000,-1,-1,2,0,2,0,2,0,0,0,0,2,0,2,2,0,0,2,2
18,6509.856,-7001.101,-255.043,-17.254,0.952782,0.296588,-0.065128,-0.294934,0.954916,0.033906,0.072247,-0.013096,0.997301,0,0.75260,0.65352,45.156,1.307,-1,400.000,-1,425.000,-1,325.000,325.000,325.000,300.000,-1,-1,-1,-1,800.000,925.000,-1,-1,2,0,2,0,2,0,0,0,0,2,2,2,2,0,0,2,2
19,6553.222,-7013.689,-251.661,-16.187,0.958249,0.278747,-0.063712,-0.277074,0.960250,0.033917,0.070634,-0.014848,0.997392,0,0.75260,0.53352,45.156,1.067,-1,400.000,-1,425.000,-1,325.000,325.000,325.000,300.000,-1,-1,-1,-1,800.000,925.000,-1,-1,2,0,2,0,2,0,0,0,0,2,2,2,2,0,0,2,2
20,6596.765,-7025.650,-248.290,-15.360,0.962276,0.264851,-0.062278,-0.263165,0.964150,0.034035,0.069059,-0.016362,0.997478,0,0.75260,0.41352,45.156,0.827,-1,400.000,-1,425.000,-1,325.000,325.000,325.000,300.000,-1,-1,-1,-1,800.000,925.000,-1,-1,2,0,2,0,2,0,0,0,0,2,2,2,2,0,0,2,2
21,6640.428,-7037.165,-245.209,-14.773,0.964977,0.254958,-0.061777,-0.253303,0.966809,0.033422,0.068248,-0.016603,0.997530,0,0.75260,0.29352,45.156,0.587,-1,400.000,-1,425.000,-1,325.000,325.000,325.000,300.000,-1,-1,-1,-1,800.000,950.000,-1,-1,2,0,2,0,2,0,0,0,0,2,2,2,2,0,0,2,2
22,6684.160,-7048.415,-242.348,-14.426,0.966542,0.249101,-0.061200,-0.247538,0.968348,0.032035,0.067243,-0.015814,0.997611,0,0.75260,0.17352,45.156,0.347,-1,400.000,-1,425.000,-1,325.000,325.000,325.000,300.000,-1,-1,-1,-1,800.000,925.000,-1,-1,2,0,2,0,2,0,0,0,0,2,2,2,2,0,0,2,2
23,6727.913,-7059.583,-239.500,-14.319,0.967042,0.247296,-0.060620,-0.245830,0.968828,0.030668,0.066314,-0.014755,0.997690,0,0.75260,0.05352,45.156,0.107,-1,400.000,-1,425.000,-1,325.000,325.000,325.000,300.000,-1,-1,-1,-1,800.000,950.000,-1,-1,2,0,2,0,2,0,0,0,0,2,2,2,2,0,0,2,2
24,6771.640,-7070.852,-236.680,-14.452,0.966504,0.249548,-0.059965,-0.248181,0.968268,0.029369,0.065392,-0.013503,0.997768,0,0.75260,-0.06648,45.156,-0.133,-1,400.000,-1,425.000,-1,325.000,325.000,325.000,300.000,-1,-1,-1,-1,800.000,950.000,-1,-1,2,0,2,0,2,0,0,0,0,2,2,2,2,0,0,2,2
25,6815.293,-7082.406,-233.933,-14.825,0.964911,0.255850,-0.059054,-0.254578,0.966639,0.028267,0.064316,-0.012241,0.997854,0,0.75260,-0.18648,45.156,-0.373,-1,400.000,-1,425.000,-1,325.000,325.000,325.000,300.000,-1,-1,-1,-1,800.000,950.000,-1,-1,2,0,2,0,2,0,0,0,0,2,2,2,2,0,0,2,2
26,6858.828,-7094.394,-231.202,-15.395,0.962369,0.265462,-0.058109,-0.264288,0.964061,0.027171,0.063234,-0.010791,0.997940,0,0.75260,-0.28513,45.156,-0.570,-1,400.000,-1,425.000,-1,325.000,325.000,325.000,300.000,-1,-1,-1,-1,800.000,950.000,-1,-1,2,0,2,0,2,0,0,0,0,2,2,2,2,0,0,2,2
27,6902.242,-7106.814,-228.483,-15.966,0.959731,0.275048,-0.057133,-0.273972,0.961385,0.026037,0.062088,-0.009336,0.998027,0,0.75260,-0.28513,45.156,-0.570,-1,400.000,-1,425.000,-1,325.000,325.000,325.000,300.000,-1,-1,-1,-1,800.000,950.000,-1,-1,2,0,2,0,2,0,0,0,0,2,2,2,2,0,0,2,2
28,6945.530,-7119.666,-225.779,-16.536,0.957000,0.284606,-0.056125,-0.283627,0.958612,0.024863,0.060879,-0.007876,0.998114,0,0.75260,-0.28513,45.156,-0.570,-1,400.000,-1,425.000,-1,325.000,325.000,325.000,300.000,-1,-1,-1,-1,800.000,950.000,-1,-1,2,0,2,0,2,0,0,0,0,2,2,2,2,0,0,2,2
29,6988.689,-7132.949,-223.089,-17.106,0.954175,0.294136,-0.055086,-0.293254,0.955742,0.023649,0.059604,-0.006411,0.998202,0,0.75260,-0.28513,45.156,-0.570,-1,400.000,-1,425.000,-1,325.000,325.000,300.000,300.000,-1,-1,-1,-1,800.000,950.000,-1,-1,2,0,2,0,2,0,0,0,0,2,2,2,2,0,0,2,2
30,7031.712,-7146.660,-220.415,-17.676,0.951256,0.303636,-0.054015,-0.302849,0.952775,0.022392,0.058263,-0.004942,0.998289,0,0.75260,-0.28513,45.156,-0.570,-1,400.000,-1,425.000,-1,325.000,325.000,300.000,300.000,-1,-1,-1,-1,800.000,950.000,-1,-1,2,0,2,0,2,0,0,0,0,2,2,2,2,0,0,2,2
31,7074.598,-7160.798,-217.758,-18.247,0.948243,0.313105,-0.052912,-0.312414,0.949712,0.021090,0.056855,-0.003468,0.998376,0,0.75260,-0.28513,45.156,-0.570,-1,400.000,-1,425.000,-1,325.000,325.000,300.000,300.000,-1,-1,-1,-1,800.000,950.000,-1,-1,2,0,2,0,2,0,0,0,0,2,2,2,2,0,0,2,2
32,7117.340,-7175.363,-215.136,-18.817,0.945136,0.322543,-0.051807,-0.321940,0.946552,0.019826,0.055433,-0.002059,0.998460,0,0.75260,-0.28513,45.156,-0.570,-1,400.000,-1,425.000,-1,325.000,325.000,300.000,300.000,-1,-1,-1,-1,800.000,950.000,-1,-1,2,0,2,0,2,0,0,0,0,2,2,2,2,0,0,2,2
33,7159.936,-7190.352,-212.590,-19.387,0.941935,0.331949,-0.050676,-0.331419,0.943297,0.018765,0.054032,-0.000880,0.998539,0,0.75260,-0.28513,45.156,-0.570,-1,400.000,-1,425.000,-1,325.000,325.000,300.000,325.000,-1,-1,-1,-1,800.000,950.000,-1,-1,2,0,2,0,2,0,0,0,0,2,2,2,2,0,0,2,2
34,7202.380,-7205.765,-210.136,-19.957,0.938652,0.341320,-0.049314,-0.340864,0.939947,0.017657,0.052380,0.000236,0.998627,0,0.75260,-0.28513,45.156,-0.570,-1,400.000,-1,425.000,-1,325.000,325.000,300.000,325.000,-1,-1,-1,-1,800.000,950.000,-1,-1,2,0,2,0,2,0,0,0,0,2,2,2,2,0,0,2,2
35,7244.668,-7221.599,-207.819,-20.528,0.935285,0.350658,-0.047763,-0.350295,0.936502,0.016044,0.050357,0.001725,0.998730,0,0.75260,-0.28513,45.156,-0.570,-1,400.000,-1,425.000,-1,325.000,325.000,300.000,325.000,-1,-1,-1,-1,800.000,925.000,-1,-1,2,0,2,0,2,0,0,0,0,2,2,2,2,0,0,2,2
36,7286.797,-7237.853,-205.577,-21.098,0.931814,0.359960,-0.046382,-0.359691,0.932962,0.014314,0.048425,0.003345,0.998821,0,0.75260,-0.28513,45.156,-0.570,-1,400.000,-1,425.000,-1,325.000,325.000,300.000,325.000,-1,-1,-1,-1,800.000,925.000,-1,-1,2,0,2,0,2,0,0,0,0,2,2,2,2,0,0,2,2
37,7328.762,-7254.525,-203.468,-21.668,0.928230,0.369224,-0.045408,-0.369056,0.929325,0.012338,0.046754,0.005306,0.998892,0,0.75260,-0.28513,45.156,-0.570,-1,400.000,-1,425.000,-1,325.000,325.000,300.000,325.000,-1,-1,-1,-1,800.000,925.000,-1,-1,2,0,2,0,2,0,0,0,0,2,2,2,2,0,0,2,2
38,7370.559,-7271.615,-201.526,-22.238,0.924552,0.378451,-0.044484,-0.378372,0.925594,0.010514,0.045153,0.007111,0.998955,0,0.75260,-0.28513,45.156,-0.570,-1,400.000,-1,425.000,-1,325.000,325.000,300.000,325.000,-1,-1,-1,-1,800.000,900.000,-1,-1,2,0,2,0,2,0,0,0,0,2,2,2,2,0,0,2,2
39,7412.184,-7289.119,-199.635,-22.809,0.920781,0.387639,-0.043576,-0.387641,0.921769,0.008741,0.043555,0.008843,0.999012,0,0.75260,-0.28513,45.156,-0.570,-1,400.000,-1,425.000,-1,325.000,325.000,300.000,325.000,-1,-1,-1,-1,800.000,900.000,-1,-1,2,0,2,0,2,0,0,0,0,2,2,2,2,0,0,2,2
40,7453.633,-7307.037,-197.781,-23.379,0.916918,0.396787,-0.042673,-0.396865,0.917850,0.006986,0.041940,0.010530,0.999065,0,0.75260,-0.28513,45.156,-0.570,-1,400.000,-1,425.000,-1,325.000,325.000,300.000,325.000,-1,-1,-1,-1,800.000,900.000,-1,-1,2,0,2,0,2,0,0,0,0,2,2,2,2,0,0,2,2
41,7497.828,-7326.889,-195.842,-24.189,0.911258,0.409718,-0.041711,-0.409875,0.912127,0.005094,0.040133,0.012454,0.999117,0,0.80749,-0.40513,48.449,-0.810,-1,400.000,-1,425.000,-1,325.000,325.000,300.000,325.000,-1,-1,-1,-1,800.000,900.000,-1,-1,2,0,2,0,2,0,0,0,0,2,2,2,2,0,0,2,2
42,7541.653,-7347.547,-193.961,-25.239,0.903637,0.426356,-0.040761,-0.426591,0.904439,0.003184,0.038224,0.014512,0.999164,0,0.80749,-0.52513,48.449,-1.050,-1,400.000,-1,425.000,-1,325.000,325.000,300.000,325.000,-1,-1,-1,-1,800.000,875.000,-1,-1,2,0,2,0,2,0,0,0,0,2,2,2,2,0,0,2,2
43,7585.000,-7369.187,-192.144,-26.530,0.893848,0.446598,-0.039829,-0.446908,0.894579,0.001251,0.036189,0.016682,0.999206,0,0.80749,-0.64513,48.449,-1.290,-1,400.000,-1,425.000,-1,325.000,325.000,300.000,300.000,-1,-1,-1,-1,800.000,875.000,-1,-1,2,0,2,0,2,0,0,0,0,2,2,2,2,0,0,2,2
44,7627.755,-7391.977,-190.396,-28.060,0.881643,0.470309,-0.038922,-0.470690,0.882298,-0.000707,0.034009,0.018943,0.999242,0,0.80749,-0.76513,48.449,-1.530,-1,400.000,-1,425.000,-1,325.000,325.000,300.000,300.000,-1,-1,-1,-1,800.000,875.000,-1,-1,2,0,2,0,2,0,0,0,0,2,2,2,2,0,0,2,2
45,7669.785,-7416.076,-188.725,-29.830,0.866734,0.497317,-0.038048,-0.497765,0.867308,-0.002690,0.031661,0.021270,0.999272,0,0.80749,-0.88513,48.449,-1.770,-1,400.000,-1,425.000,-1,325.000,325.000,300.000,300.000,-1,-1,-1,-1,800.000,850.000,-1,-1,2,0,2,0,2,0,0,0,0,2,2,2,2,0,0,2,2
46,7710.949,-7441.628,-187.182,-31.830,0.848889,0.527257,-0.037242,-0.527760,0.849382,-0.004470,0.029276,0.023449,0.999296,0,0.80749,-1.00000,48.449,-2.000,-1,400.000,-1,425.000,-1,325.000,325.000,300.000,300.000,-1,-1,-1,-1,800.000,850.000,-1,-1,2,0,2,0,2,0,0,0,0,2,2,2,2,0,0,2,2
47,7751.195,-7468.601,-185.741,-33.830,0.830012,0.556553,-0.036452,-0.557098,0.830424,-0.006131,0.026858,0.025397,0.999317,0,0.80749,-1.00000,48.449,-2.000,-1,400.000,-1,425.000,-1,325.000,325.000,300.000,300.000,-1,-1,-1,-1,800.000,825.000,-1,-1,2,0,2,0,2,0,0,0,0,2,2,2,2,0,0,2,2
48,7790.476,-7496.962,-184.411,-35.830,0.810132,0.585169,-0.035540,-0.585744,0.810459,-0.007734,0.024278,0.027083,0.999338,0,0.80749,-1.00000,48.449,-2.000,-1,400.000,-1,400.000,-1,325.000,325.000,300.000,300.000,-1,-1,-1,-1,800.000,825.000,-1,-1,2,0,2,0,2,0,0,0,0,2,2,2,2,0,0,2,2
49,7828.743,-7526.677,-183.217,-37.830,0.789276,0.613074,-0.034401,-0.613663,0.789514,-0.009263,0.021481,0.028422,0.999365,0,0.80749,-1.00000,48.449,-2.000,-1,400.000,-1,400.000,-1,325.000,325.000,300.000,300.000,-1,-1,-1,-1,800.000,800.000,-1,-1,2,0,2,0,2,0,0,0,0,2,2,2,2,0,0,2,2
50,7865.950,-7557.709,-182.153,-39.830,0.767466,0.640236,-0.033072,-0.640822,0.767614,-0.010748,0.018506,0.029442,0.999395,0,0.80749,-1.00000,48.449,-2.000,-1,400.000,-1,400.000,-1,325.000,325.000,300.000,300.000,-1,-1,-1,-1,800.000,800.000,-1,-1,2,0,2,0,2,0,0,0,0,2,2,2,2,0,0,2,2
51,7902.051,-7590.021,-181.384,-41.830,0.744718,0.666615,-0.031914,-0.667197,0.744781,-0.012267,0.015591,0.030428,0.999415,0,0.80749,-1.00000,48.449,-2.000,-1,400.000,-1,400.000,-1,325.000,325.000,300.000,300.000,-1,-1,-1,-1,800.000,775.000,-1,-1,2,0,2,0,2,0,0,0,0,2,2,2,2,0,0,2,2
52,7938.615,-7624.828,-180.682,-43.590,0.723951,0.689155,-0.030996,-0.689731,0.723934,-0.013845,0.012897,0.031402,0.999424,0,0.84137,-0.88000,50.482,-1.760,-1,400.000,-1,400.000,-1,325.000,325.000,300.000,300.000,-1,-1,-1,-1,775.000,775.000,-1,-1,2,0,2,0,2,0,0,0,0,2,2,2,2,0,0,2,2
53,7974.243,-7660.593,-180.104,-45.110,0.705463,0.708091,-0.030470,-0.708667,0.705375,-0.015403,0.010586,0.032460,0.999417,0,0.84137,-0.76000,50.482,-1.520,-1,400.000,-1,400.000,-1,325.000,325.000,300.000,300.000,-1,-1,-1,-1,775.000,750.000,-1,-1,2,0,2,0,2,0,0,0,0,2,2,2,2,0,0,2,2
54,8009.063,-7697.145,-179.602,-46.390,0.689513,0.723648,-0.030111,-0.724223,0.689358,-0.016890,0.008535,0.033454,0.999404,0,0.84137,-0.64000,50.482,-1.280,-1,400.000,-1,400.000,-1,325.000,325.000,300.000,300.000,-1,-1,-1,-1,775.000,750.000,-1,-1,2,0,2,0,2,0,0,0,0,2,2,2,2,0,0,2,2
55,8043.214,-7734.322,-179.160,-47.430,0.676304,0.736018,-0.029857,-0.736592,0.676089,-0.018294,0.006721,0.034364,0.999387,0,0.84137,-0.52000,50.482,-1.040,-1,400.000,-1,400.000,-1,325.000,325.000,300.000,300.000,-1,-1,-1,-1,750.000,725.000,-1,-1,2,0,2,0,2,0,0,0,0,2,2,2,2,0,0,2,2
56,8076.842,-7771.973,-178.771,-48.230,0.665997,0.745364,-0.029684,-0.745937,0.665728,-0.019610,0.005145,0.035203,0.999367,0,0.84137,-0.40000,50.482,-0.800,-1,400.000,-1,400.000,-1,325.000,325.000,300.000,300.000,-1,-1,-1,-1,750.000,725.000,-1,-1,2,0,2,0,2,0,0,0,0,2,2,2,2,0,0,2,2
57,8110.101,-7809.951,-178.384,-48.790,0.658708,0.751819,-0.029538,-0.752388,0.658397,-0.020635,0.003934,0.035816,0.999351,0,0.84137,-0.28000,50.482,-0.560,-1,400.000,-1,375.000,-1,325.000,325.000,300.000,300.000,-1,-1,-1,-1,725.000,700.000,-1,-1,2,0,2,0,2,0,0,0,0,2,2,2,2,0,0,2,2
58,8143.147,-7848.114,-177.969,-49.110,0.654518,0.755475,-0.029378,-0.756040,0.654180,-0.021270,0.003150,0.036132,0.999342,0,0.84137,-0.16000,50.482,-0.320,-1,400.000,-1,375.000,-1,325.000,325.000,300.000,300.000,-1,-1,-1,-1,725.000,700.000,-1,-1,2,0,2,0,2,0,0,0,0,2,2,2,2,0,0,2,2
59,8176.120,-7886.341,-177.569,-49.221,0.653071,0.756732,-0.029235,-0.757292,0.652714,-0.021757,0.002618,0.036348,0.999336,0,0.84137,-0.05536,50.482,-0.111,-1,400.000,-1,375.000,-1,325.000,325.000,300.000,300.000,-1,-1,-1,-1,725.000,700.000,-1,-1,2,0,2,0,2,0,0,0,0,2,2,2,2,0,0,2,2
60,8209.018,-7924.631,-177.171,-49.332,0.651616,0.757992,-0.029075,-0.758546,0.651250,-0.021952,0.002295,0.036359,0.999336,0,0.84137,-0.05536,50.482,-0.111,-1,375.000,-1,375.000,-1,325.000,300.000,300.000,300.000,-1,-1,-1,-1,700.000,675.000,-1,-1,2,0,2,0,2,0,0,0,0,2,2,2,2,0,0,2,2
61,8241.842,-7962.985,-176.825,-49.442,0.650149,0.759258,-0.028866,-0.759803,0.649791,-0.021701,0.002280,0.036042,0.999348,0,0.84137,-0.05536,50.482,-0.111,-1,375.000,-1,375.000,-1,325.000,300.000,300.000,300.000,-1,-1,-1,-1,700.000,675.000,-1,-1,2,0,2,0,2,0,0,0,0,2,2,2,2,0,0,2,2
62,8274.592,-8001.403,-176.594,-49.553,0.648667,0.760536,-0.028546,-0.761067,0.648343,-0.020687,0.002774,0.035145,0.999378,0,0.84137,-0.05536,50.482,-0.111,-1,375.000,-1,375.000,-1,300.000,300.000,300.000,300.000,-1,-1,-1,-1,675.000,675.000,-1,-1,2,0,2,0,2,0,0,0,0,2,2,2,2,0,0,2,2
63,8307.267,-8039.884,-176.344,-49.664,0.647181,0.761813,-0.028241,-0.762329,0.646894,-0.019588,0.003346,0.034206,0.999409,0,0.84137,-0.05536,50.482,-0.111,-1,375.000,-1,375.000,-1,300.000,300.000,300.000,300.000,-1,-1,-1,-1,675.000,650.000,-1,-1,2,0,2,0,2,0,0,0,0,2,2,2,2,0,0,2,2
64,8342.791,-8082.242,-176.062,-50.014,0.642490,0.765786,-0.027909,-0.766284,0.642241,-0.018303,0.003909,0.033146,0.999443,0,0.92137,-0.17536,55.282,-0.351,-1,375.000,-1,375.000,-1,300.000,300.000,300.000,300.000,-1,-1,-1,-1,675.000,650.000,-1,-1,2,0,2,0,2,0,0,0,0,2,2,2,2,0,0,2,2
65,8378.472,-8125.688,-175.732,-50.605,0.634540,0.772390,-0.027787,-0.772876,0.634331,-0.016925,0.004553,0.032215,0.999471,0,0.93700,-0.29536,56.220,-0.591,-1,375.000,-1,375.000,-1,300.000,300.000,300.000,300.000,-1,-1,-1,-1,650.000,650.000,-1,-1,2,0,2,0,2,0,0,0,0,2,2,2,2,0,0,2,2
66,8413.519,-8169.647,-175.103,-51.436,0.623222,0.781498,-0.029262,-0.782021,0.623060,-0.015480,0.006134,0.032531,0.999452,0,0.93700,-0.41536,56.220,-0.831,-1,375.000,-1,375.000,-1,300.000,300.000,300.000,300.000,-1,-1,-1,-1,650.000,650.000,-1,-1,2,0,2,0,2,0,0,0,0,2,2,2,2,0,0,2,2
67,8447.739,-8214.254,-174.450,-52.507,0.608447,0.792992,-0.030922,-0.793556,0.608338,-0.013921,0.007771,0.033009,0.999425,0,0.93700,-0.53536,56.220,-1.071,-1,375.000,-1,375.000,-1,300.000,300.000,300.000,300.000,-1,-1,-1,-1,650.000,625.000,-1,-1,2,0,2,0,2,0,0,0,0,2,2,2,2,0,0,2,2
68,8480.929,-8259.631,-173.762,-53.817,0.590074,0.806680,-0.032869,-0.807293,0.590025,-0.012226,0.009532,0.033749,0.999385,0,0.93700,-0.65536,56.220,-1.311,-1,375.000,-1,375.000,-1,300.000,300.000,300.000,300.000,-1,-1,-1,-1,650.000,625.000,-1,-1,2,0,2,0,2,0,0,0,0,2,2,2,2,0,0,2,2
69,8512.880,-8305.890,-173.077,-55.368,0.567943,0.822326,-0.034933,-0.822990,0.567961,-0.010374,0.011310,0.034641,0.999336,0,0.93700,-0.77536,56.220,-1.551,-1,375.000,-1,375.000,-1,300.000,300.000,325.000,300.000,-1,-1,-1,-1,650.000,625.000,-1,-1,2,0,2,0,2,0,0,0,0,2,2,2,2,0,0,2,2
70,8543.515,-8353.030,-172.355,-56.982,0.544472,0.837971,-0.036820,-0.838678,0.544564,-0.008371,0.013036,0.035437,0.999287,0,0.93700,-0.80684,56.220,-1.614,-1,375.000,-1,375.000,-1,300.000,300.000,325.000,325.000,-1,575.000,625.000,-1,650.000,625.000,-1,-1,2,0,2,0,2,0,0,0,0,2,0,0,2,0,0,2,2
71,8572.811,-8401.015,-171.591,-58.595,0.520568,0.852953,-0.038466,-0.853694,0.520738,-0.006239,0.014709,0.036086,0.999240,0,0.93700,-0.80684,56.220,-1.614,-1,375.000,-1,375.000,-1,300.000,300.000,325.000,325.000,-1,500.000,525.000,-1,625.000,625.000,-1,-1,2,0,2,0,2,0,0,0,0,2,0,0,2,0,0,2,2
72,8600.744,-8449.805,-170.817,-60.209,0.496247,0.867260,-0.039985,-0.868027,0.496501,-0.003984,0.016398,0.036685,0.999192,0,0.93700,-0.80684,56.220,-1.614,-1,375.000,-1,350.000,-1,300.000,300.000,325.000,325.000,-1,475.000,450.000,-1,625.000,625.000,-1,-1,2,0,2,0,2,0,0,0,0,2,0,0,2,0,0,2,2
73,8627.291,-8499.363,-169.698,-61.823,0.471507,0.880921,-0.040730,-0.881655,0.471895,-0.000103,0.019130,0.035958,0.999170,0,0.93700,-0.80684,56.220,-1.614,-1,350.000,-1,350.000,-1,300.000,300.000,325.000,325.000,-1,425.000,425.000,-1,625.000,625.000,-1,-1,2,0,2,0,2,0,0,0,0,2,0,0,2,0,0,2,2
74,8652.432,-8549.649,-168.566,-63.436,0.446393,0.893887,-0.041222,-0.894568,0.446914,0.003910,0.021918,0.035130,0.999142,0,0.93700,-0.80684,56.220,-1.614,-1,350.000,-1,375.000,-1,300.000,300.000,325.000,325.000,-1,375.000,375.000,-1,625.000,650.000,-1,-1,2,0,2,0,2,0,0,0,0,2,0,0,2,0,0,2,2
75,8676.147,-8600.623,-167.439,-65.050,0.420928,0.906146,-0.041468,-0.906757,0.421578,0.007982,0.024715,0.034241,0.999108,0,0.93700,-0.80684,56.220,-1.614,-1,350.000,-1,375.000,-1,300.000,300.000,300.000,325.000,-1,350.000,350.000,-1,600.000,650.000,-1,-1,2,0,2,0,2,0,0,0,0,2,0,0,2,0,0,2,2
76,8698.418,-8652.244,-165.953,-66.664,0.395147,0.917640,-0.042360,-0.918241,0.395886,0.010393,0.026307,0.034790,0.999048,0,0.93700,-0.80684,56.220,-1.614,-1,350.000,-1,375.000,-1,300.000,300.000,300.000,325.000,-1,350.000,375.000,-1,600.000,650.000,-1,-1,2,0,2,0,2,0,0,0,0,2,0,0,2,0,0,2,2
77,8719.227,-8704.471,-164.056,-68.277,0.368959,0.928350,-0.045115,-0.928994,0.369858,0.013221,0.028960,0.037033,0.998894,0,0.93700,-0.80684,56.220,-1.614,-1,350.000,-1,375.000,-1,300.000,300.000,300.000,325.000,-1,375.000,350.000,-1,600.000,650.000,-1,-1,2,0,2,0,2,0,0,0,0,2,0,0,2,0,0,2,2
78,8738.557,-8757.264,-162.037,-69.891,0.342447,0.938297,-0.048265,-0.939003,0.343532,0.016085,0.031673,0.039813,0.998705,0,0.93700,-0.80684,56.220,-1.614,-1,350.000,-1,375.000,-1,300.000,300.000,325.000,325.000,-1,375.000,375.000,-1,625.000,675.000,-1,-1,2,0,2,0,2,0,0,0,0,2,0,0,2,0,0,2,2
79,8756.394,-8810.581,-160.013,-71.505,0.315651,0.947486,-0.051320,-0.948257,0.316936,0.018974,0.034243,0.042675,0.998502,0,0.93700,-0.80684,56.220,-1.614,-1,350.000,-1,375.000,-1,300.000,300.000,325.000,325.000,-1,400.000,375.000,-1,625.000,675.000,-1,-1,2,0,2,0,2,0,0,0,0,2,0,0,2,0,0,2,2
80,8772.722,-8864.378,-157.998,-73.118,0.288596,0.955912,-0.054261,-0.956748,0.290091,0.021896,0.036671,0.045595,0.998287,0,0.93700,-0.80684,56.220,-1.614,-1,350.000,-1,375.000,-1,300.000,300.000,325.000,325.000,-1,400.000,350.000,-1,625.000,675.000,-1,-1,2,0,2,0,2,0,0,0,0,2,0,0,2,0,0,2,2
81,8787.529,-8918.614,-156.001,-74.732,0.261304,0.963567,-0.057081,-0.964470,0.263021,0.024841,0.038949,0.048562,0.998060,0,0.93700,-0.80684,56.220,-1.614,-1,375.000,-1,375.000,-1,300.000,300.000,325.000,325.000,-1,425.000,325.000,-1,650.000,700.000,-1,-1,2,0,2,0,2,0,0,0,0,2,0,0,2,0,0,2,2
82,8800.803,-8973.245,-154.034,-76.346,0.233800,0.970446,-0.059773,-0.971417,0.235747,0.027799,0.041068,0.051565,0.997825,0,0.93700,-0.80684,56.220,-1.614,-1,375.000,-1,375.000,-1,300.000,300.000,325.000,325.000,-1,400.000,325.000,-1,650.000,700.000,-1,-1,2,0,2,0,2,0,0,0,0,2,0,0,2,0,0,2,2
83,8812.533,-9028.229,-152.105,-77.960,0.206109,0.976542,-0.062330,-0.977583,0.208292,0.030759,0.043020,0.054593,0.997581,0,0.93700,-0.80684,56.220,-1.614,-1,375.000,-1,375.000,-1,300.000,300.000,325.000,325.000,-1,375.000,300.000,-1,675.000,700.000,-1,-1,2,0,2,0,2,0,0,0,0,2,0,0,2,0,0,2,2
84,8822.710,-9083.521,-150.227,-79.573,0.178253,0.981852,-0.064747,-0.982964,0.180678,0.033712,0.044799,0.057635,0.997332,0,0.93700,-0.80684,56.220,-1.614,-1,375.000,-1,375.000,-1,300.000,325.000,325.000,300.000,-1,375.000,300.000,-1,675.000,725.000,-1,-1,2,0,2,0,2,0,0,0,0,2,0,0,2,0,0,2,2
85,8830.804,-9134.301,-148.539,-80.947,0.154416,0.985745,-0.066797,-0.986919,0.157064,0.036366,0.046339,0.060308,0.997104,0,0.85700,-0.68684,51.420,-1.374,-1,375.000,-1,375.000,-1,300.000,325.000,300.000,300.000,-1,350.000,275.000,-1,700.000,725.000,-1,-1,2,0,2,0,2,0,0,0,0,2,0,0,2,0,0,2,2
86,8837.342,-9181.295,-146.583,-82.081,0.134757,0.988612,-0.066988,-0.989748,0.137523,0.038547,0.047321,0.061106,0.997009,0,0.79077,-0.56684,47.446,-1.134,-1,375.000,-1,375.000,-1,300.000,325.000,300.000,300.000,-1,375.000,300.000,-1,700.000,725.000,-1,-1,2,0,2,0,2,0,0,0,0,2,0,0,2,0,0,2,2
87,8843.146,-9228.385,-144.382,-82.974,0.119204,0.990580,-0.067399,-0.991702,0.122080,0.040297,0.048145,0.062037,0.996912,0,0.79077,-0.44684,47.446,-0.894,-1,375.000,-1,400.000,-1,300.000,325.000,300.000,325.000,-1,400.000,325.000,-1,700.000,750.000,-1,-1,2,0,2,0,2,0,0,0,0,2,0,0,2,0,0,2,2
88,8848.414,-9275.539,-142.008,-83.628,0.107797,0.991819,-0.068380,-0.992995,0.110762,0.041152,0.048389,0.063465,0.996810,0,0.79077,-0.32684,47.446,-0.654,-1,375.000,-1,400.000,-1,325.000,325.000,300.000,325.000,-1,425.000,350.000,-1,725.000,750.000,-1,-1,2,0,2,0,2,0,0,0,0,2,0,0,2,0,0,2,2
89,8853.340,-9322.729,-139.632,-84.042,0.100533,0.992515,-0.069331,-0.993734,0.103590,0.041985,0.048853,0.064676,0.996710,0,0.79077,-0.20684,47.446,-0.414,-1,375.000,-1,400.000,-1,325.000,325.000,300.000,325.000,-1,475.000,375.000,-1,725.000,750.000,-1,-1,2,0,2,0,2,0,0,0,0,2,0,0,2,0,0,2,2
90,8858.123,-9369.933,-137.247,-84.215,0.097422,0.992760,-0.070261,-0.994008,0.100574,0.042805,0.049562,0.065670,0.996610,0,0.79077,-0.08684,47.446,-0.174,-1,375.000,-1,400.000,-1,325.000,325.000,300.000,325.000,-1,500.000,425.000,-1,750.000,750.000,-1,-1,2,0,2,0,2,0,0,0,0,2,0,0,2,0,0,2,2
91,8862.961,-9417.132,-134.843,-84.149,0.098465,0.992592,-0.071177,-0.993857,0.101718,0.043616,0.050533,0.066445,0.996510,0,0.79077,0.03316,47.446,0.066,-1,375.000,-1,400.000,-1,325.000,325.000,300.000,325.000,-1,525.000,450.000,-1,775.000,750.000,-1,-1,2,0,2,0,2,0,0,0,0,2,0,0,2,0,0,2,2
92,8868.065,-9464.439,-132.403,-83.843,0.103659,0.991997,-0.072088,-0.993264,0.107020,0.044424,0.051784,0.066997,0.996408,0,0.79302,0.15316,47.581,0.306,-1,375.000,-1,400.000,-1,325.000,325.000,300.000,325.000,-1,550.000,475.000,-1,775.000,750.000,-1,-1,2,0,2,0,2,0,0,0,0,2,0,0,2,0,0,2,2
93,8873.640,-9511.864,-129.915,-83.296,0.112996,0.990910,-0.073002,-0.992164,0.116471,0.045230,0.053322,0.067320,0.996306,0,0.79586,0.27316,47.752,0.546,-1,375.000,-1,400.000,-1,325.000,325.000,300.000,325.000,-1,575.000,500.000,-1,800.000,750.000,-1,-1,2,0,2,0,2,0,0,0,0,2,0,0,2,0,0,2,2
94,8879.887,-9559.372,-127.369,-82.510,0.126461,0.989213,-0.073927,-0.990437,0.130058,0.046033,0.055151,0.067399,0.996201,0,0.79862,0.39316,47.917,0.786,-1,400.000,-1,400.000,-1,325.000,325.000,300.000,325.000,-1,600.000,525.000,-1,800.000,750.000,-1,-1,2,0,2,0,2,0,0,0,0,2,0,0,2,0,0,2,2
95,8887.007,-9606.919,-124.754,-81.484,0.144033,0.986737,-0.074867,-0.987914,0.147758,0.046827,0.057268,0.067218,0.996093,0,0.80129,0.51316,48.077,1.026,-1,400.000,-1,400.000,-1,325.000,325.000,300.000,325.000,-1,600.000,550.000,-1,825.000,775.000,-1,-1,2,0,2,0,2,0,0,0,0,2,0,0,2,0,0,2,2
96,8895.202,-9654.446,-122.058,-80.217,0.165674,0.983261,-0.075829,-0.984374,0.169533,0.047607,0.059666,0.066756,0.995984,0,0.80380,0.63316,48.228,1.266,-1,400.000,-1,400.000,-1,325.000,325.000,300.000,300.000,-1,625.000,575.000,-1,850.000,775.000,-1,-1,2,0,2,0,2,0,0,0,0,2,0,0,2,0,0,2,2
97,8904.670,-9701.877,-119.270,-78.711,0.191334,0.978515,-0.076813,-0.979544,0.195332,0.048364,0.062329,0.065988,0.995872,0,0.80614,0.75316,48.368,1.506,-1,400.000,-1,400.000,-1,325.000,325.000,300.000,300.000,-1,625.000,575.000,-1,875.000,775.000,-1,-1,2,0,2,0,2,0,0,0,0,2,0,0,2,0,0,2,2
98,8915.607,-9749.121,-116.380,-76.965,0.220938,0.972178,-0.077823,-0.973104,0.225077,0.049086,0.065237,0.064884,0.995758,0,0.80823,0.87316,48.494,1.746,-1,400.000,-1,400.000,-1,325.000,325.000,300.000,300.000,-1,650.000,575.000,-1,900.000,775.000,-1,-1,2,0,2,0,2,0,0,0,0,2,0,0,2,0,1,2,2
99,8928.189,-9796.066,-113.171,-74.994,0.254215,0.964000,-0.077960,-0.964777,0.258408,0.049307,0.067677,0.062680,0.995736,0,0.81004,0.98521,48.602,1.970,-1,425.000,-1,400.000,-1,325.000,325.000,300.000,300.000,-1,675.000,600.000,-1,975.000,825.000,-1,-1,2,0,2,0,2,0,0,0,0,2,0,0,2,0,0,2,2
100,8942.398,-9842.634,-109.854,-73.030,0.287148,0.954712,-0.077915,-0.955367,0.291339,0.048940,0.069423,0.060384,0.995758,0,0.81148,0.98213,48.689,1.964,-1,425.000,-1,400.000,-1,325.000,325.000,300.000,300.000,-1,725.000,625.000,-1,-1,850.000,-1,-1,2,0,2,0,2,0,0,0,0,2,0,0,2,2,0,2,2
101,8958.212,-9888.754,-106.457,-71.072,0.319646,0.944331,-0.077877,-0.944874,0.323827,0.048474,0.070994,0.058090,0.995784,0,0.81260,0.97882,48.756,1.958,-1,425.000,-1,400.000,-1,325.000,325.000,300.000,300.000,-1,775.000,675.000,-1,-1,875.000,-1,-1,2,0,2,0,2,0,0,0,0,2,0,0,2,2,0,2,2
102,8975.602,-9934.350,-103.006,-69.122,0.351666,0.932882,-0.077862,-0.933325,0.355827,0.047859,0.072352,0.055840,0.995815,0,0.81336,0.97528,48.801,1.951,-1,425.000,-1,400.000,-1,350.000,325.000,300.000,300.000,-1,800.000,725.000,-1,-1,900.000,-1,-1,2,0,2,0,2,0,0,0,0,2,0,0,2,2,0,2,2
103,8994.537,-9979.353,-99.595,-67.179,0.383190,0.920393,-0.077734,-0.920763,0.387300,0.046841,0.073219,0.053626,0.995873,0,0.81374,0.97153,48.824,1.943,-1,425.000,-1,400.000,-1,350.000,325.000,300.000,300.000,-1,875.000,800.000,-1,-1,925.000,-1,-1,2,0,2,0,2,0,0,0,0,2,0,0,2,2,0,2,2
104,9014.981,-10023.689,-96.293,-65.243,0.414240,0.906922,-0.076797,-0.907206,0.418221,0.045480,0.073365,0.050831,0.996009,0,0.81373,0.96760,48.824,1.935,-1,425.000,-1,425.000,-1,350.000,325.000,300.000,300.000,-1,950.000,875.000,-1,-1,950.000,-1,-1,2,0,2,0,2,0,0,0,0,2,0,0,2,2,0,2,2
105,9036.892,-10067.292,-92.958,-63.316,0.444702,0.892468,-0.075771,-0.892677,0.448543,0.044011,0.073265,0.048067,0.996154,0,0.81333,0.96351,48.800,1.927,-1,425.000,-1,425.000,-1,350.000,350.000,300.000,300.000,-1,-1,975.000,-1,-1,975.000,-1,-1,2,0,2,0,2,0,0,0,0,2,2,0,2,2,0,2,2
106,9060.229,-10110.094,-89.597,-61.398,0.474542,0.877062,-0.074641,-0.877207,0.478232,0.042439,0.072917,0.045336,0.996307,0,0.81252,0.95930,48.751,1.919,-1,425.000,-1,425.000,-1,350.000,350.000,300.000,300.000,-1,-1,-1,-1,-1,975.000,-1,-1,2,0,2,0,2,0,0,0,0,2,2,2,2,2,0,2,2
107,9084.942,-10152.033,-86.218,-59.488,0.503730,0.860738,-0.073395,-0.860829,0.507259,0.040771,0.072323,0.042643,0.996469,0,0.81133,0.95501,48.680,1.910,-1,450.000,-1,425.000,-1,350.000,350.000,300.000,300.000,-1,-1,-1,-1,-1,1000.000,-1,-1,2,0,2,0,2,0,0,0,0,2,2,2,2,2,0,2,2
108,9110.983,-10193.049,-82.852,-57.587,0.532249,0.843530,-0.071885,-0.843571,0.535599,0.039002,0.071401,0.039881,0.996650,0,0.80975,0.95067,48.585,1.901,-1,450.000,-1,425.000,-1,350.000,350.000,300.000,300.000,-1,-1,-1,-1,-1,-1,-1,-1,2,0,2,0,2,0,0,0,0,2,2,2,2,2,2,2,2
109,9138.299,-10233.087,-79.840,-55.694,0.560230,0.825512,-0.068352,-0.825452,0.563256,0.037030,0.069068,0.035676,0.996974,0,0.80782,0.94633,48.469,1.893,-1,450.000,-1,425.000,-1,350.000,325.000,300.000,300.000,-1,-1,-1,-1,-1,-1,-1,-1,2,0,2,0,2,0,0,0,0,2,2,2,2,2,2,2,2
110,9167.606,-10273.490,-76.733,-54.041,0.584211,0.809032,-0.064533,-0.808894,0.586908,0.035061,0.066241,0.031717,0.997299,0,0.83191,0.82633,49.915,1.653,-1,450.000,-1,425.000,-1,350.000,325.000,300.000,300.000,-1,-1,-1,-1,-1,-1,-1,-1,2,0,2,0,2,0,0,0,0,2,2,2,2,2,2,2,2
111,9197.815,-10313.046,-73.736,-52.629,0.604330,0.794396,-0.061000,-0.794212,0.606735,0.033148,0.063344,0.028415,0.997587,0,0.82953,0.70633,49.772,1.413,-1,450.000,-1,425.000,-1,350.000,325.000,300.000,300.000,-1,-1,-1,-1,-1,-1,-1,-1,2,0,2,0,2,0,0,0,0,2,2,2,2,2,2,2,2
112,9228.737,-10351.861,-70.801,-51.456,0.620780,0.781873,-0.057510,-0.781666,0.622914,0.031241,0.060250,0.025560,0.997856,0,0.82713,0.58633,49.628,1.173,-1,450.000,-1,425.000,-1,350.000,325.000,300.000,300.000,-1,-1,-1,-1,-1,-1,-1,-1,2,0,2,0,2,0,0,0,0,2,2,2,2,2,2,2,2
113,9260.197,-10390.058,-67.944,-50.523,0.633711,0.771674,-0.054120,-0.771466,0.635595,0.029306,0.057014,0.023180,0.998104,0,0.82475,0.46633,49.485,0.933,-1,450.000,-1,425.000,-1,350.000,350.000,300.000,300.000,-1,-1,-1,-1,-1,-1,-1,-1,2,0,2,0,2,0,0,0,0,2,2,2,2,2,2,2,2
114,9292.027,-10427.767,-65.282,-49.831,0.643244,0.763960,-0.051015,-0.763795,0.644899,0.026872,0.053429,0.021680,0.998336,0,0.82246,0.34633,49.348,0.693,-1,450.000,-1,425.000,-1,350.000,350.000,300.000,300.000,-1,-1,-1,-1,-1,-1,-1,-1,2,0,2,0,2,0,0,0,0,2,2,2,2,2,2,2,2
115,9324.071,-10465.124,-62.900,-49.378,0.649488,0.758846,-0.048140,-0.758788,0.650919,0.023355,0.049058,0.021359,0.998568,0,0.82030,0.22633,49.218,0.453,-1,450.000,-1,425.000,-1,350.000,350.000,300.000,300.000,-1,-1,-1,-1,-1,-1,-1,-1,2,0,2,0,2,0,0,0,0,2,2,2,2,2,2,2,2
116,9356.176,-10502.272,-60.584,-49.165,0.652509,0.756425,-0.045313,-0.756469,0.653731,0.019748,0.044560,0.021392,0.998778,0,0.81832,0.10633,49.099,0.213,-1,450.000,-1,425.000,-1,350.000,350.000,300.000,300.000,-1,-1,-1,-1,-1,-1,-1,-1,2,0,2,0,2,0,0,0,0,2,2,2,2,2,2,2,2
117,9388.214,-10539.335,-58.337,-49.158,0.652791,0.756341,-0.042566,-0.756483,0.653817,0.016033,0.039956,0.021734,0.998965,0,0.81653,0.00343,48.992,0.007,-1,450.000,-1,425.000,-1,350.000,350.000,300.000,300.000,-1,-1,-1,-1,-1,1000.000,-1,-1,2,0,2,0,2,0,0,0,0,2,2,2,2,2,0,2,2
118,9420.195,-10576.321,-56.159,-49.151,0.653063,0.756253,-0.039885,-0.756478,0.653904,0.012259,0.035352,0.022166,0.999129,0,0.81492,0.00355,48.895,0.007,-1,450.000,-1,425.000,-1,350.000,350.000,300.000,300.000,-1,-1,-1,-1,1000.000,975.000,-1,-1,2,0,2,0,2,0,0,0,0,2,2,2,2,0,0,2,2
119,9452.118,-10613.231,-54.238,-49.144,0.653324,0.756170,-0.037093,-0.756430,0.654008,0.009372,0.031346,0.021935,0.999268,0,0.81335,0.00381,48.801,0.008,-1,425.000,-1,425.000,-1,350.000,350.000,300.000,300.000,-1,-1,-1,-1,1000.000,950.000,-1,-1,2,0,2,0,2,0,0,0,0,2,2,2,2,0,0,2,2
120,9483.986,-10650.067,-52.465,-49.135,0.653579,0.756081,-0.034297,-0.756355,0.654125,0.006802,0.027577,0.021495,0.999389,0,0.81181,0.00421,48.709,0.008,-1,425.000,-1,425.000,-1,350.000,350.000,325.000,300.000,-1,-1,-1,-1,975.000,925.000,-1,-1,2,0,2,0,2,0,0,0,0,2,2,2,2,0,0,2,2
121,9515.803,-10686.831,-51.062,-49.126,0.653843,0.755961,-0.031799,-0.756280,0.654242,0.002919,0.023010,0.022140,0.999490,0,0.81033,0.00475,48.620,0.010,-1,425.000,-1,425.000,-1,350.000,350.000,325.000,300.000,-1,-1,-1,-1,950.000,900.000,-1,-1,2,0,2,0,2,0,0,0,0,2,2,2,2,0,0,2,2
122,9547.571,-10723.524,-50.121,-49.115,0.654099,0.755854,-0.028954,-0.756148,0.654399,0.001188,0.019846,0.021117,0.999580,0,0.80891,0.00542,48.535,0.011,-1,425.000,-1,425.000,-1,350.000,350.000,325.000,300.000,-1,-1,-1,-1,925.000,900.000,-1,-1,2,0,2,0,2,0,0,0,0,2,2,2,2,0,0,2,2
123,9579.294,-10760.150,-49.265,-49.102,0.654366,0.755730,-0.026005,-0.755993,0.654579,-0.000435,0.016693,0.019944,0.999662,0,0.80758,0.00623,48.455,0.012,-1,425.000,-1,425.000,-1,350.000,325.000,325.000,300.000,-1,-1,-1,-1,900.000,875.000,-1,-1,2,0,2,0,2,0,0,0,0,2,2,2,2,0,0,2,2
124,9610.977,-10796.712,-48.585,-49.088,0.654659,0.755591,-0.022444,-0.755809,0.654789,-0.001962,0.013214,0.018248,0.999746,0,0.80633,0.00716,48.380,0.014,-1,425.000,-1,425.000,-1,325.000,325.000,300.000,300.000,-1,-1,-1,-1,875.000,875.000,-1,-1,2,0,2,0,2,0,0,0,0,2,2,2,2,0,0,2,2
125,9642.626,-10833.214,-47.942,-49.072,0.654960,0.755425,-0.018995,-0.755599,0.655025,-0.003420,0.009859,0.016593,0.999814,0,0.80520,0.00822,48.312,0.016,-1,425.000,-1,400.000,-1,325.000,325.000,300.000,300.000,-1,-1,-1,-1,850.000,850.000,-1,-1,2,0,2,0,2,0,0,0,0,2,2,2,2,0,0,2,2
126,9674.247,-10869.658,-47.338,-49.053,0.655274,0.755229,-0.015658,-0.755362,0.655290,-0.004811,0.006627,0.014980,0.999866,0,0.80417,0.00940,48.250,0.019,-1,400.000,-1,400.000,-1,325.000,325.000,300.000,300.000,-1,-1,-1,-1,825.000,850.000,-1,-1,2,0,2,0,2,0,0,0,0,2,2,2,2,0,0,2,2
127,9705.846,-10906.049,-46.789,-49.031,0.655605,0.755000,-0.012517,-0.755096,0.655586,-0.006138,0.003572,0.013475,0.999903,0,0.80326,0.01071,48.195,0.021,-1,400.000,-1,400.000,-1,325.000,325.000,300.000,300.000,-1,-1,-1,-1,825.000,825.000,-1,-1,2,0,2,0,2,0,0,0,0,2,2,2,2,0,0,2,2
128,9737.430,-10942.391,-46.564,-49.007,0.655950,0.754727,-0.010837,-0.754803,0.655909,-0.007453,0.001483,0.013068,0.999914,0,0.80247,0.01212,48.148,0.024,-1,400.000,-1,400.000,-1,325.000,325.000,300.000,300.000,-1,-1,-1,-1,800.000,825.000,-1,-1,2,0,2,0,2,0,0,0,0,2,2,2,2,0,0,2,2
129,9769.005,-10978.688,-46.410,-48.980,0.656330,0.754419,-0.009038,-0.754473,0.656273,-0.008692,-0.000626,0.012523,0.999921,0,0.80182,0.01366,48.109,0.027,-1,400.000,-1,400.000,-1,325.000,325.000,300.000,300.000,-1,-1,-1,-1,800.000,825.000,-1,-1,2,0,2,0,2,0,0,0,0,2,2,2,2,0,0,2,2
130,9800.578,-11014.945,-46.304,-48.949,0.656749,0.754074,-0.007236,-0.754104,0.656681,-0.009860,-0.002684,0.011932,0.999925,0,0.80129,0.01530,48.078,0.031,-1,400.000,-1,400.000,-1,325.000,325.000,300.000,300.000,-1,-1,-1,-1,775.000,800.000,-1,-1,2,0,2,0,2,0,0,0,0,2,2,2,2,0,0,2,2
131,9832.158,-11051.165,-46.219,-48.915,0.657209,0.753688,-0.005576,-0.753695,0.657133,-0.010964,-0.004599,0.011408,0.999924,0,0.80091,0.01705,48.054,0.034,-1,400.000,-1,400.000,-1,325.000,325.000,300.000,300.000,-1,-1,-1,-1,775.000,800.000,-1,-1,2,0,2,0,2,0,0,0,0,2,2,2,2,0,0,2,2
132,9860.467,-11083.870,-46.185,-49.121,0.654503,0.756048,-0.004215,-0.756033,0.654423,-0.012044,-0.006347,0.011070,0.999919,0,0.72091,-0.10295,43.254,-0.206,-1,400.000,-1,400.000,-1,325.000,325.000,300.000,300.000,-1,-1,-1,-1,750.000,800.000,-1,-1,2,0,2,0,2,0,0,0,0,2,2,2,2,0,0,2,2
133,9885.407,-11113.140,-46.215,-49.567,0.648605,0.761119,-0.003145,-0.761083,0.648520,-0.013206,-0.008012,0.010960,0.999908,0,0.64091,-0.22295,38.454,-0.446,-1,400.000,-1,400.000,-1,325.000,325.000,300.000,300.000,-1,-1,-1,-1,750.000,775.000,-1,-1,2,0,2,0,2,0,0,0,0,2,2,2,2,0,0,2,2
134,9909.122,-11141.657,-46.303,-50.253,0.639452,0.768827,-0.002447,-0.768773,0.639362,-0.014314,-0.009440,0.011034,0.999895,0,0.61815,-0.34295,37.089,-0.686,-1,400.000,-1,400.000,-1,325.000,325.000,300.000,300.000,-1,-1,-1,-1,750.000,775.000,-1,-1,2,0,2,0,2,0,0,0,0,2,2,2,2,0,0,2,2
135,9932.387,-11170.572,-46.585,-51.179,0.626954,0.779052,-0.002721,-0.778988,0.626849,-0.015411,-0.010300,0.011781,0.999878,0,0.61855,-0.46295,37.113,-0.926,-1,400.000,-1,400.000,-1,325.000,325.000,300.000,300.000,-1,-1,-1,-1,725.000,775.000,-1,-1,2,0,2,0,2,0,0,0,0,2,2,2,2,0,0,2,2
136,9955.080,-11199.979,-46.871,-52.345,0.610982,0.791638,-0.003081,-0.791566,0.610862,-0.016463,-0.011151,0.012497,0.999860,0,0.61908,-0.58295,37.145,-1.166,-1,375.000,-1,400.000,-1,325.000,325.000,300.000,300.000,-1,-1,-1,-1,725.000,775.000,-1,-1,2,0,2,0,2,0,0,0,0,2,2,2,2,0,0,2,2
137,9977.067,-11229.967,-47.164,-53.751,0.591386,0.806381,-0.003538,-0.806299,0.591250,-0.017464,-0.011990,0.013181,0.999841,0,0.61974,-0.70295,37.184,-1.406,-1,375.000,-1,400.000,-1,325.000,325.000,325.000,300.000,-1,-1,-1,-1,725.000,775.000,-1,-1,2,0,2,0,2,0,0,0,0,2,2,2,2,0,0,2,2
138,9998.210,-11260.611,-47.553,-55.396,0.567989,0.823027,-0.003973,-0.822941,0.567843,-0.017970,-0.012533,0.013476,0.999831,0,0.62050,-0.82295,37.230,-1.646,-1,375.000,-1,400.000,-1,325.000,325.000,325.000,300.000,-1,-1,-1,-1,725.000,775.000,-1,-1,2,0,2,0,2,0,0,0,0,2,2,2,2,0,0,2,2
