timestep,x_cm,y_cm,z_cm,yaw_deg,basis_xx,basis_xy,basis_xz,basis_yx,basis_yy,basis_yz,basis_zx,basis_zy,basis_zz,teleport_flag,throttle_cmd,steering_cmd,cmd_move_cm,cmd_turn_deg,lidar_cm_0,lidar_cm_1,lidar_cm_2,lidar_cm_3,lidar_cm_4,lidar_cm_5,lidar_cm_6,lidar_cm_7,lidar_cm_8,lidar_cm_9,lidar_cm_10,lidar_cm_11,lidar_cm_12,lidar_cm_13,lidar_cm_14,lidar_cm_15,lidar_cm_16,lidar_class_0,lidar_class_1,lidar_class_2,lidar_class_3,lidar_class_4,lidar_class_5,lidar_class_6,lidar_class_7,lidar_class_8,lidar_class_9,lidar_class_10,lidar_class_11,lidar_class_12,lidar_class_13,lidar_class_14,lidar_class_15,lidar_class_16
0,7547.557,6889.345,-228.590,25.370,0.903543,-0.428449,0.006471,0.428385,0.903549,0.009243,-0.009807,-0.005579,0.999936,1,0.08000,-0.12000,4.800,-0.240,-1,425.000,-1,400.000,-1,325.000,325.000,300.000,300.000,-1,-1,-1,-1,950.000,800.000,-1,-1,2,0,2,0,2,0,0,0,0,2,2,2,2,0,0,2,2
1,7556.266,6893.385,-228.696,24.890,0.907100,-0.420864,0.006634,0.420796,0.907105,0.009579,-0.010049,-0.005898,0.999932,0,0.16000,-0.24000,9.600,-0.480,-1,425.000,-1,400.000,-1,325.000,325.000,300.000,300.000,-1,-1,-1,-1,950.000,800.000,-1,-1,2,0,2,0,2,0,0,0,0,2,2,2,2,0,0,2,2
2,7569.403,6899.281,-228.856,24.170,0.912315,-0.409430,0.006880,0.409356,0.912319,0.010084,-0.010406,-0.006384,0.999925,0,0.24000,-0.36000,14.400,-0.720,-1,425.000,-1,400.000,-1,325.000,325.000,300.000,300.000,-1,-1,-1,-1,950.000,800.000,-1,-1,2,0,2,0,2,0,0,0,0,2,2,2,2,0,0,2,2
3,7587.050,6906.848,-229.073,23.210,0.919045,-0.394086,0.007214,0.394002,0.919047,0.010756,-0.010869,-0.007043,0.999916,0,0.32000,-0.48000,19.200,-0.960,-1,425.000,-1,400.000,-1,325.000,325.000,300.000,300.000,-1,-1,-1,-1,925.000,800.000,-1,-1,2,0,2,0,2,0,0,0,0,2,2,2,2,0,0,2,2
4,7609.300,6915.843,-229.347,22.010,0.927094,-0.374750,0.007638,0.374654,0.927092,0.011593,-0.011426,-0.007886,0.999904,0,0.40000,-0.60000,24.000,-1.200,-1,425.000,-1,400.000,-1,325.000,325.000,300.000,300.000,-1,-1,-1,-1,925.000,800.000,-1,-1,2,0,2,0,2,0,0,0,0,2,2,2,2,0,0,2,2
5,7636.257,6925.980,-229.681,20.609,0.935972,-0.351979,0.008156,0.351867,0.935965,0.012588,-0.012064,-0.008912,0.999888,0,0.48000,-0.70015,28.800,-1.400,-1,425.000,-1,400.000,-1,325.000,325.000,300.000,300.000,-1,-1,-1,-1,925.000,800.000,-1,-1,2,0,2,0,2,0,0,0,0,2,2,2,2,0,0,2,2
6,7667.987,6937.035,-230.078,19.208,0.944294,-0.328987,0.008767,0.328855,0.944281,0.013726,-0.012794,-0.010079,0.999867,0,0.56000,-0.70049,33.600,-1.401,-1,425.000,-1,400.000,-1,325.000,325.000,300.000,300.000,-1,-1,-1,-1,925.000,775.000,-1,-1,2,0,2,0,2,0,0,0,0,2,2,2,2,0,0,2,2
7,7704.547,6948.778,-230.541,17.807,0.952054,-0.305784,0.009472,0.305628,0.952033,0.015005,-0.013606,-0.011391,0.999843,0,0.64000,-0.70089,38.400,-1.402,-1,425.000,-1,400.000,-1,325.000,325.000,300.000,300.000,-1,-1,-1,-1,925.000,775.000,-1,-1,2,0,2,0,2,0,0,0,0,2,2,2,2,0,0,2,2
8,7745.989,6960.978,-231.074,16.404,0.959247,-0.282382,0.010271,0.282197,0.959216,0.016420,-0.014489,-0.012852,0.999812,0,0.72000,-0.70134,43.200,-1.403,-1,425.000,-1,400.000,-1,325.000,325.000,300.000,300.000,-1,-1,-1,-1,925.000,775.000,-1,-1,2,0,2,0,2,0,0,0,0,2,2,2,2,0,0,2,2
9,7792.353,6973.402,-231.679,15.000,0.965868,-0.258795,0.011163,0.258575,0.965824,0.017958,-0.015429,-0.014459,0.999776,0,0.80000,-0.70184,48.000,-1.404,-1,425.000,-1,400.000,-1,325.000,325.000,300.000,300.000,-1,-1,-1,-1,925.000,750.000,-1,975.000,2,0,2,0,2,0,0,0,0,2,2,2,2,0,1,2,1
10,7843.674,6985.814,-232.396,13.595,0.971911,-0.235034,0.012153,0.234777,0.971854,0.019472,-0.016388,-0.016071,0.999737,0,0.88000,-0.70237,52.800,-1.405,-1,425.000,-1,400.000,-1,325.000,325.000,300.000,300.000,-1,-1,-1,-1,925.000,725.000,-1,925.000,2,0,2,0,2,0,0,0,0,2,2,2,2,0,1,2,1
11,7896.511,6996.998,-233.159,11.951,0.978243,-0.207037,0.013244,0.206740,0.978173,0.020875,-0.017277,-0.017683,0.999694,0,0.90013,-0.82237,54.008,-1.645,-1,425.000,-1,400.000,-1,325.000,325.000,300.000,300.000,-1,-1,-1,-1,925.000,700.000,-1,875.000,2,0,2,0,2,0,0,0,0,2,2,2,2,0,1,2,1
12,7949.913,7006.478,-234.050,10.066,0.984515,-0.174747,0.013945,0.174407,0.984412,0.022696,-0.017694,-0.019912,0.999645,0,0.90395,-0.94237,54.237,-1.885,-1,425.000,-1,400.000,-1,325.000,325.000,300.000,300.000,-1,-1,-1,-1,900.000,650.000,-1,850.000,2,0,2,0,2,0,0,0,0,2,2,2,2,0,1,2,1
13,8003.848,7014.122,-235.021,8.066,0.990005,-0.140277,0.014569,0.139890,0.989855,0.024838,-0.017906,-0.022551,0.999585,0,0.90790,-1.00000,54.474,-2.000,-1,425.000,-1,375.000,-1,325.000,325.000,300.000,300.000,-1,-1,-1,-1,900.000,625.000,-1,800.000,2,0,2,0,2,0,0,0,0,2,2,2,2,0,1,2,1
14,8058.258,7019.905,-235.977,6.066,0.994289,-0.105639,0.015148,0.105207,0.994085,0.026947,-0.017905,-0.025200,0.999522,0,0.91194,-1.00000,54.716,-2.000,-1,425.000,-1,375.000,-1,325.000,325.000,300.000,300.000,-1,-1,-1,-1,850.000,600.000,-1,775.000,2,0,2,0,2,0,0,0,0,2,2,2,2,1,1,2,1
15,8113.082,7023.803,-236.906,4.066,0.997362,-0.070877,0.015676,0.070402,0.997096,0.029023,-0.017687,-0.027843,0.999456,0,0.91603,-1.00000,54.962,-2.000,-1,400.000,-1,375.000,-1,325.000,325.000,300.000,300.000,-1,-1,-1,-1,800.000,575.000,-1,750.000,2,0,2,0,2,0,0,0,0,2,2,2,2,1,1,2,1
16,8168.256,7025.794,-237.796,2.066,0.999220,-0.036033,0.016144,0.035519,0.998886,0.031062,-0.017245,-0.030464,0.999387,0,0.92017,-1.00000,55.210,-2.000,-1,400.000,-1,375.000,-1,325.000,325.000,300.000,300.000,-1,-1,-1,-1,750.000,550.000,-1,700.000,2,0,2,0,2,0,0,0,0,2,2,2,2,1,1,2,1
17,8223.717,7025.859,-238.634,0.066,0.999862,-0.001150,0.016547,0.000603,0.999453,0.033062,-0.016576,-0.033048,0.999316,0,0.92434,-1.00000,55.460,-2.000,-1,400.000,975.000,375.000,-1,325.000,325.000,300.000,300.000,-1,-1,-1,-1,675.000,525.000,-1,675.000,2,1,1,1,2,0,0,0,0,2,2,2,2,1,1,2,1
18,8279.397,7023.980,-239.406,-1.934,0.999289,0.033728,0.016879,-0.034303,0.998798,0.035023,-0.015677,-0.035577,0.999244,0,0.92853,-1.00000,55.712,-2.000,-1,375.000,850.000,350.000,-1,325.000,300.000,300.000,300.000,-1,-1,-1,-1,625.000,500.000,-1,650.000,2,1,1,1,2,1,1,0,0,2,2,2,2,1,1,2,1
19,8335.229,7020.142,-240.101,-3.934,0.997500,0.068559,0.017132,-0.069154,0.996922,0.036944,-0.014546,-0.038036,0.999170,0,0.93272,-1.00000,55.963,-2.000,-1,350.000,750.000,325.000,-1,300.000,275.000,300.000,300.000,-1,-1,-1,-1,575.000,475.000,-1,650.000,2,1,1,1,2,1,1,0,0,2,2,2,2,1,1,2,1
20,8389.759,7014.706,-240.705,-5.694,0.994924,0.099136,0.017299,-0.099744,0.994257,0.038782,-0.013355,-0.040310,0.999098,0,0.91333,-0.88000,54.800,-1.760,-1,325.000,675.000,325.000,-1,275.000,275.000,300.000,300.000,-1,-1,-1,-1,525.000,450.000,-1,625.000,2,1,1,1,2,1,1,0,0,2,2,2,2,1,1,2,1
21,8444.364,7007.795,-241.234,-7.214,0.991946,0.125464,0.017393,-0.126080,0.991189,0.040594,-0.012146,-0.042460,0.999024,0,0.91735,-0.76000,55.041,-1.520,-1,300.000,600.000,300.000,-1,250.000,250.000,300.000,300.000,-1,-1,-1,-1,475.000,425.000,925.000,625.000,2,1,1,1,2,1,1,0,0,2,2,2,2,1,1,1,1
22,8499.021,6999.518,-241.543,-8.611,0.988607,0.149589,0.016699,-0.150170,0.987771,0.041911,-0.010226,-0.043941,0.998982,0,0.92133,-0.69871,55.280,-1.397,-1,275.000,550.000,275.000,-1,225.000,225.000,325.000,300.000,-1,-1,-1,-1,425.000,425.000,775.000,650.000,2,1,1,1,2,1,1,0,0,2,2,2,2,1,1,1,1
23,8553.692,6989.870,-240.094,-10.004,0.984776,0.173593,0.009065,-0.173812,0.984064,0.037508,-0.002410,-0.038513,0.999255,0,0.92526,-0.69638,55.515,-1.393,-1,275.000,550.000,275.000,-1,225.000,225.000,325.000,300.000,-1,725.000,-1,-1,400.000,425.000,725.000,-1,2,1,1,1,2,1,1,0,0,2,0,2,2,1,1,1,2
24,8608.341,6978.857,-237.339,-11.392,0.980323,0.197388,-0.002190,-0.197175,0.979672,0.036941,0.009437,-0.035783,0.999315,0,0.92912,-0.69370,55.747,-1.387,-1,250.000,600.000,275.000,-1,200.000,225.000,350.000,300.000,-1,425.000,500.000,-1,375.000,450.000,675.000,-1,2,1,1,1,2,1,1,0,0,2,0,0,2,1,1,1,2
25,8662.929,6966.480,-233.347,-12.773,0.975146,0.220950,-0.016466,-0.220163,0.974647,0.039901,0.024865,-0.035284,0.999068,0,0.93289,-0.69062,55.973,-1.381,-1,250.000,-1,275.000,-1,200.000,225.000,375.000,325.000,-1,275.000,275.000,-1,375.000,500.000,700.000,-1,2,1,2,1,2,1,1,0,0,2,0,0,2,1,1,1,2
26,-9511.026,-2295.774,17.007,148.168,-0.850084,-0.526642,0.002048,0.525700,-0.848317,0.063226,-0.031560,0.054824,0.997997,1,0.00000,0.00000,56.191,-1.374,-1,375.000,-1,350.000,950.000,300.000,300.000,375.000,275.000,475.000,0.000,25.000,-1,625.000,575.000,-1,900.000,2,0,2,0,0,0,0,0,0,1,1,1,2,0,0,2,0
27,-9515.114,-2293.260,16.797,148.408,-0.852265,-0.523105,0.002234,0.522215,-0.850549,0.062114,-0.030592,0.054104,0.998067,0,0.08000,0.12000,4.800,0.240,-1,375.000,-1,350.000,950.000,300.000,300.000,375.000,275.000,475.000,0.000,25.000,-1,625.000,600.000,-1,925.000,2,0,2,0,0,0,0,0,0,1,1,1,2,0,0,2,0
28,-9523.333,-2288.299,16.383,148.888,-0.856584,-0.516001,0.002632,0.515210,-0.854967,0.059915,-0.028666,0.052678,0.998200,0,0.16000,0.24000,9.600,0.480,-1,375.000,-1,350.000,1000.000,300.000,300.000,375.000,300.000,475.000,0.000,25.000,-1,625.000,600.000,-1,925.000,2,0,2,0,0,0,0,0,0,1,1,1,2,0,0,2,0
29,-9535.735,-2280.982,15.726,149.467,-0.861709,-0.507391,0.003393,0.506750,-0.860242,0.056470,-0.025733,0.050380,0.998399,0,0.24000,0.28961,14.400,0.579,-1,375.000,-1,350.000,-1,300.000,300.000,350.000,300.000,475.000,0.000,50.000,-1,625.000,600.000,-1,975.000,2,0,2,0,2,0,0,0,0,1,1,1,2,0,0,2,0
30,-9552.369,-2271.394,14.812,150.044,-0.866713,-0.498785,0.004626,0.498330,-0.865442,0.051736,-0.021802,0.047145,0.998650,0,0.32000,0.28837,19.200,0.577,-1,375.000,-1,350.000,-1,300.000,300.000,350.000,300.000,475.000,25.000,50.000,-1,625.000,625.000,-1,-1,2,0,2,0,2,0,0,0,0,1,1,1,2,0,0,2,2
31,-9573.281,-2259.617,13.674,150.617,-0.871593,-0.490189,0.006347,0.489937,-0.870551,0.045866,-0.016958,0.043086,0.998927,0,0.40000,0.28672,24.000,0.573,-1,375.000,-1,350.000,-1,300.000,300.000,350.000,300.000,475.000,25.000,75.000,-1,625.000,625.000,-1,-1,2,0,2,0,2,0,0,0,0,1,1,1,2,0,0,2,2
32,-9598.514,-2245.736,12.354,151.186,-0.876345,-0.481608,0.008561,0.481551,-0.875548,0.039052,-0.011312,0.038345,0.999201,0,0.48000,0.28466,28.800,0.569,-1,375.000,-1,375.000,-1,300.000,300.000,325.000,300.000,500.000,25.000,75.000,-1,625.000,650.000,-1,-1,2,0,2,0,2,0,0,0,0,1,1,1,2,0,0,2,2
33,-9628.111,-2229.831,10.898,151.751,-0.880964,-0.473049,0.011257,0.473157,-0.880414,0.031519,-0.004999,0.033094,0.999440,0,0.56000,0.28218,33.600,0.564,-1,375.000,-1,375.000,-1,300.000,300.000,325.000,325.000,500.000,25.000,100.000,-1,625.000,650.000,-1,-1,2,0,2,0,2,0,0,0,0,1,1,1,2,0,0,2,2
34,-9662.112,-2211.985,9.363,152.309,-0.885444,-0.464522,0.014409,0.464742,-0.885134,0.023526,0.001825,0.027527,0.999619,0,0.64000,0.27930,38.400,0.559,-1,375.000,-1,375.000,-1,300.000,300.000,300.000,325.000,525.000,50.000,100.000,-1,650.000,675.000,1000.000,-1,2,0,2,0,2,0,0,0,0,1,1,1,2,0,0,1,2
35,-9700.556,-2192.280,9.123,152.861,-0.889834,-0.455977,0.016715,0.456258,-0.889576,0.021976,0.004848,0.027181,0.999619,0,0.72000,0.27600,43.200,0.552,-1,375.000,-1,375.000,-1,300.000,300.000,300.000,325.000,550.000,75.000,125.000,-1,650.000,675.000,975.000,-1,2,0,2,0,2,0,0,0,0,1,1,1,2,0,0,1,2
36,-9743.478,-2170.792,9.266,153.406,-0.894090,-0.447487,0.018943,0.447833,-0.893841,0.022206,0.006995,0.028337,0.999574,0,0.80000,0.27229,48.000,0.545,-1,375.000,-1,375.000,-1,300.000,300.000,300.000,325.000,600.000,125.000,175.000,-1,650.000,675.000,950.000,-1,2,0,2,0,2,0,0,0,0,1,1,1,2,0,0,1,2
37,-9790.904,-2147.603,9.670,153.942,-0.898172,-0.439072,0.022403,0.439529,-0.897934,0.022988,0.010023,0.030494,0.999485,0,0.87987,0.26817,52.792,0.536,-1,375.000,-1,375.000,-1,300.000,300.000,300.000,325.000,650.000,150.000,225.000,-1,650.000,675.000,925.000,-1,2,0,2,0,2,0,0,0,0,1,1,1,2,0,0,1,2
38,-9838.733,-2124.760,10.188,154.470,-0.902087,-0.430757,0.026233,0.431349,-0.901865,0.024011,0.013316,0.032976,0.999367,0,0.88340,0.26364,53.004,0.527,-1,375.000,-1,375.000,-1,300.000,300.000,300.000,300.000,675.000,200.000,250.000,-1,650.000,675.000,900.000,-1,2,0,2,0,2,0,0,0,0,1,1,1,2,0,0,1,2
39,-9886.960,-2102.260,10.745,154.988,-0.905842,-0.422547,0.030080,0.423289,-0.905647,0.025111,0.016631,0.035479,0.999232,0,0.88695,0.25908,53.217,0.518,-1,375.000,-1,375.000,-1,300.000,300.000,325.000,300.000,725.000,250.000,300.000,-1,650.000,675.000,875.000,-1,2,0,2,0,2,0,0,0,0,1,1,1,2,1,0,1,2
40,-9935.580,-2080.101,11.680,155.497,-0.909484,-0.414465,0.032522,0.415306,-0.909323,0.025567,0.018976,0.036760,0.999144,0,0.89053,0.25451,53.432,0.509,-1,375.000,975.000,375.000,-1,300.000,300.000,325.000,300.000,775.000,275.000,325.000,-1,625.000,650.000,850.000,-1,2,0,1,0,2,0,0,0,0,1,1,1,2,1,0,1,2
41,-9984.589,-2058.277,12.955,155.997,-0.913000,-0.406514,0.034309,0.407413,-0.912897,0.025156,0.021094,0.036945,0.999095,0,0.89413,0.24992,53.648,0.500,-1,375.000,925.000,375.000,-1,300.000,300.000,325.000,300.000,800.000,325.000,375.000,-1,600.000,650.000,800.000,1000.000,2,0,1,0,2,0,0,0,0,1,1,0,2,1,0,1,1
42,-10033.982,-2036.787,14.550,156.487,-0.916359,-0.398695,0.036448,0.399635,-0.916373,0.023507,0.024028,0.036107,0.999059,0,0.89775,0.24530,53.865,0.491,-1,375.000,875.000,375.000,-1,300.000,300.000,325.000,300.000,825.000,375.000,400.000,-1,575.000,675.000,775.000,925.000,2,0,1,0,2,0,0,0,0,1,1,0,2,1,0,1,1
43,-10083.754,-2015.628,16.193,156.968,-0.919582,-0.390994,0.038626,0.391970,-0.919718,0.021868,0.026975,0.035250,0.999014,0,0.90139,0.24067,54.083,0.481,-1,375.000,825.000,375.000,-1,300.000,300.000,300.000,300.000,850.000,400.000,425.000,-1,550.000,675.000,725.000,875.000,2,0,1,0,2,0,0,0,0,1,1,0,2,1,1,1,1
44,-10138.092,-1992.941,18.022,157.339,-0.921985,-0.385046,0.041032,0.386055,-0.922257,0.020111,0.030098,0.034383,0.998955,0,0.98139,0.18539,58.883,0.371,-1,375.000,775.000,375.000,-1,300.000,300.000,300.000,300.000,900.000,450.000,450.000,-1,525.000,625.000,675.000,800.000,2,0,1,0,2,0,0,0,0,1,1,0,2,1,1,1,1
45,-10193.609,-1970.184,19.946,157.711,-0.924346,-0.379065,0.043533,0.380097,-0.924766,0.018256,0.033338,0.033422,0.998885,0,1.00000,0.18592,60.000,0.372,-1,350.000,725.000,375.000,950.000,300.000,300.000,300.000,325.000,925.000,475.000,450.000,-1,500.000,575.000,625.000,750.000,2,1,1,0,1,0,0,0,0,1,1,0,2,1,1,1,1
46,-10249.273,-1947.789,21.915,158.084,-0.926667,-0.373049,0.046065,0.374097,-0.927244,0.016407,0.036593,0.032436,0.998804,0,1.00000,0.18649,60.000,0.373,-1,350.000,675.000,375.000,875.000,300.000,300.000,300.000,325.000,950.000,475.000,475.000,-1,475.000,525.000,575.000,675.000,2,1,1,0,1,1,0,0,0,1,0,0,2,1,1,1,1
47,-10305.082,-1925.758,23.930,158.458,-0.928950,-0.366998,0.048621,0.368054,-0.929690,0.014581,0.039851,0.031440,0.998711,0,1.00000,0.18706,60.000,0.374,-1,325.000,625.000,375.000,775.000,275.000,300.000,300.000,325.000,975.000,425.000,450.000,-1,425.000,500.000,525.000,625.000,2,1,1,1,1,1,1,0,0,1,0,0,2,1,1,1,1
48,-10356.474,-1905.610,25.842,158.592,-0.929680,-0.364829,0.050940,0.365891,-0.930566,0.013037,0.042647,0.030759,0.998617,0,0.92000,0.06706,55.200,0.134,-1,300.000,575.000,350.000,700.000,275.000,275.000,300.000,325.000,-1,400.000,400.000,-1,400.000,450.000,450.000,550.000,2,1,1,1,1,1,1,0,0,2,0,0,2,1,1,1,1
49,-10404.488,-1886.684,27.891,158.486,-0.928905,-0.366543,0.052737,0.367650,-0.929877,0.012760,0.044362,0.031242,0.998527,0,0.86015,-0.05294,51.609,-0.106,675.000,275.000,525.000,325.000,625.000,250.000,250.000,300.000,325.000,-1,400.000,400.000,-1,375.000,425.000,400.000,500.000,1,1,1,1,1,1,1,0,0,2,0,0,2,1,1,1,1
50,-10452.586,-1867.392,31.274,158.141,-0.926256,-0.372073,0.060095,0.373592,-0.927455,0.015997,0.049784,0.037269,0.998064,0,0.86371,-0.17294,51.822,-0.346,600.000,250.000,475.000,300.000,575.000,225.000,250.000,325.000,300.000,-1,375.000,350.000,-1,350.000,375.000,375.000,450.000,1,1,1,1,1,1,1,0,0,2,0,0,2,1,1,1,1
51,-10500.680,-1847.533,35.609,157.555,-0.921631,-0.381375,0.071762,0.383698,-0.923210,0.021449,0.058072,0.047304,0.997191,0,0.86718,-0.29294,52.031,-0.586,600.000,250.000,450.000,275.000,525.000,225.000,225.000,350.000,300.000,-1,325.000,275.000,-1,325.000,350.000,350.000,425.000,1,1,1,1,1,1,1,0,0,2,0,0,2,1,1,1,1
52,-10548.669,-1826.906,40.316,156.729,-0.914980,-0.394396,0.085220,0.397840,-0.917045,0.027417,0.067338,0.058990,0.995985,0,0.87055,-0.41294,52.233,-0.826,550.000,225.000,450.000,250.000,475.000,200.000,225.000,375.000,300.000,-1,300.000,225.000,-1,300.000,350.000,350.000,375.000,1,1,1,1,1,1,1,0,0,2,0,0,2,1,1,1,1
53,-10596.522,-1805.492,45.655,155.877,-0.907715,-0.407661,0.099330,0.412483,-0.910359,0.033220,0.076883,0.071126,0.994500,0,0.87374,-0.42585,52.424,-0.852,525.000,225.000,425.000,250.000,425.000,200.000,200.000,400.000,275.000,-1,300.000,200.000,975.000,300.000,325.000,325.000,350.000,1,1,1,1,1,1,1,0,0,2,0,0,0,1,1,1,1
54,2295.755,4263.566,-196.391,50.065,0.642151,-0.766193,0.024308,0.766531,0.641436,-0.031452,0.008506,0.038829,0.999210,1,0.00000,0.00000,52.606,-0.845,-1,400.000,-1,400.000,-1,325.000,325.000,300.000,300.000,-1,-1,-1,-1,700.000,750.000,-1,-1,2,0,2,0,2,0,0,0,0,2,2,2,2,0,0,2,2
55,2298.850,4267.235,-196.349,49.854,0.644962,-0.763829,0.024266,0.764168,0.644246,-0.031531,0.008451,0.038879,0.999208,0,0.08000,-0.10528,4.800,-0.211,-1,400.000,-1,400.000,-1,325.000,325.000,300.000,300.000,-1,-1,-1,-1,700.000,750.000,-1,-1,2,0,2,0,2,0,0,0,0,2,2,2,2,0,0,2,2
56,2305.066,4274.551,-196.268,49.644,0.647763,-0.761458,0.024176,0.761795,0.647043,-0.031685,0.008484,0.038942,0.999205,0,0.16000,-0.10512,9.600,-0.210,-1,400.000,-1,400.000,-1,325.000,325.000,300.000,300.000,-1,-1,-1,-1,700.000,750.000,-1,-1,2,0,2,0,2,0,0,0,0,2,2,2,2,0,0,2,2
57,2314.431,4285.490,-196.152,49.434,0.650549,-0.759083,0.024037,0.759415,0.649823,-0.031913,0.008605,0.039015,0.999202,0,0.24000,-0.10482,14.400,-0.210,-1,400.000,-1,400.000,-1,325.000,325.000,300.000,300.000,-1,-1,-1,-1,700.000,750.000,-1,-1,2,0,2,0,2,0,0,0,0,2,2,2,2,0,0,2,2
58,2326.970,4300.030,-195.978,49.226,0.653315,-0.756711,0.023822,0.757036,0.652585,-0.032090,0.008737,0.038999,0.999201,0,0.32000,-0.10438,19.200,-0.209,-1,400.000,-1,400.000,-1,325.000,325.000,300.000,300.000,-1,-1,-1,-1,700.000,750.000,-1,-1,2,0,2,0,2,0,0,0,0,2,2,2,2,0,0,2,2
59,2342.709,4318.148,-195.757,49.018,0.656056,-0.754345,0.023533,0.754660,0.655324,-0.032232,0.008892,0.038905,0.999203,0,0.40000,-0.10378,24.000,-0.208,-1,400.000,-1,400.000,-1,325.000,325.000,300.000,300.000,-1,-1,-1,-1,700.000,750.000,-1,-1,2,0,2,0,2,0,0,0,0,2,2,2,2,0,0,2,2
60,2361.675,4339.822,-195.458,48.812,0.658768,-0.751982,0.023429,0.752293,0.658031,-0.032399,0.008946,0.038969,0.999200,0,0.48000,-0.10302,28.800,-0.206,-1,400.000,-1,400.000,-1,325.000,325.000,300.000,300.000,-1,-1,-1,-1,700.000,750.000,-1,-1,2,0,2,0,2,0,0,0,0,2,2,2,2,0,0,2,2
61,2383.892,4365.028,-195.087,48.608,0.661445,-0.749625,0.023516,0.749941,0.660701,-0.032591,0.008894,0.039193,0.999192,0,0.56000,-0.10209,33.600,-0.204,-1,375.000,-1,400.000,-1,325.000,325.000,300.000,300.000,-1,-1,-1,-1,700.000,750.000,-1,-1,2,0,2,0,2,0,0,0,0,2,2,2,2,0,0,2,2
62,2409.384,4393.747,-194.690,48.406,0.664084,-0.747285,0.023606,0.747605,0.663333,-0.032798,0.008851,0.039429,0.999183,0,0.64000,-0.10097,38.400,-0.202,-1,375.000,-1,400.000,-1,325.000,325.000,300.000,300.000,-1,-1,-1,-1,700.000,750.000,-1,-1,2,0,2,0,2,0,0,0,0,2,2,2,2,0,0,2,2
63,2438.174,4425.955,-194.275,48.207,0.666682,-0.744966,0.023698,0.745291,0.665922,-0.033017,0.008816,0.039674,0.999174,0,0.72000,-0.09965,43.200,-0.199,-1,375.000,-1,400.000,-1,325.000,325.000,300.000,300.000,-1,-1,-1,-1,700.000,750.000,-1,-1,2,0,2,0,2,0,0,0,0,2,2,2,2,0,0,2,2
64,2470.286,4461.631,-193.853,48.010,0.669230,-0.742674,0.023790,0.743003,0.668462,-0.033245,0.008788,0.039924,0.999164,0,0.80000,-0.09809,48.000,-0.196,975.000,375.000,-1,400.000,-1,325.000,325.000,300.000,300.000,-1,-1,-1,-1,700.000,750.000,-1,-1,1,0,2,0,2,0,0,0,0,2,2,2,2,0,0,2,2
65,2505.017,4499.959,-193.426,47.818,0.671727,-0.740414,0.023897,0.740746,0.670945,-0.033575,0.008826,0.040255,0.999150,0,0.86205,-0.09628,51.723,-0.193,925.000,375.000,-1,400.000,-1,325.000,325.000,300.000,300.000,-1,-1,-1,-1,700.000,750.000,975.000,-1,1,0,2,0,2,0,0,0,0,2,2,2,2,0,0,1,2
66,2539.984,4538.294,-192.777,47.629,0.674191,-0.738160,0.024216,0.738493,0.673338,-0.035273,0.009732,0.041664,0.999084,0,0.86478,-0.09422,51.887,-0.188,900.000,375.000,-1,400.000,-1,325.000,325.000,300.000,300.000,-1,-1,-1,-1,700.000,750.000,950.000,-1,1,0,2,0,2,0,0,0,0,2,2,2,2,0,0,1,2
67,2575.182,4576.633,-192.125,47.445,0.676594,-0.735956,0.024261,0.736277,0.675672,-0.036921,0.010780,0.042843,0.999024,0,0.86744,-0.09204,52.046,-0.184,875.000,375.000,-1,400.000,-1,325.000,325.000,300.000,300.000,-1,-1,-1,-1,700.000,750.000,925.000,-1,1,0,2,0,2,0,0,0,0,2,2,2,2,0,0,1,2
68,2610.604,4614.975,-191.497,47.266,0.678932,-0.733803,0.024164,0.734105,0.677943,-0.038525,0.011887,0.043895,0.998965,0,0.86999,-0.08972,52.199,-0.179,825.000,375.000,-1,400.000,-1,325.000,325.000,300.000,300.000,-1,-1,-1,-1,725.000,750.000,875.000,-1,1,0,2,0,2,0,0,0,0,2,2,2,2,0,0,1,2
69,2646.242,4653.316,-190.920,47.091,0.681201,-0.731701,0.024054,0.731981,0.680144,-0.040093,0.012976,0.044918,0.998906,0,0.87244,-0.08727,52.346,-0.175,800.000,375.000,-1,400.000,-1,325.000,325.000,300.000,300.000,-1,-1,-1,-1,725.000,775.000,850.000,-1,1,0,2,0,2,0,0,0,0,2,2,2,2,1,0,1,2
70,2682.090,4691.653,-190.278,46.922,0.683384,-0.729669,0.023850,0.729930,0.682286,-0.041079,0.013701,0.045482,0.998871,0,0.87477,-0.08467,52.486,-0.169,750.000,375.000,-1,400.000,-1,325.000,325.000,300.000,300.000,-1,-1,-1,-1,700.000,775.000,825.000,-1,1,0,2,0,2,0,0,0,0,2,2,2,2,1,0,1,2
71,2718.137,4729.984,-189.615,46.758,0.685485,-0.727700,0.023726,0.727949,0.684356,-0.041814,0.014191,0.045934,0.998844,0,0.87696,-0.08191,52.618,-0.164,725.000,375.000,-1,400.000,-1,325.000,325.000,300.000,300.000,-1,-1,-1,-1,675.000,775.000,775.000,-1,1,0,2,0,2,0,0,0,0,2,2,2,2,1,0,1,2
72,2754.373,4768.304,-188.900,46.600,0.687502,-0.725782,0.024143,0.726042,0.686332,-0.042567,0.014324,0.046793,0.998802,0,0.87900,-0.07899,52.740,-0.158,675.000,375.000,-1,400.000,-1,325.000,325.000,300.000,300.000,-1,-1,-1,-1,650.000,775.000,750.000,-1,1,0,2,0,2,0,0,0,0,2,2,2,2,1,0,1,2
73,2790.789,4806.610,-188.239,46.448,0.689434,-0.723932,0.024553,0.724204,0.688225,-0.043295,0.014445,0.047630,0.998761,0,0.88088,-0.07589,52.853,-0.152,625.000,375.000,-1,400.000,-1,325.000,325.000,300.000,300.000,-1,-1,-1,-1,650.000,775.000,700.000,-1,1,0,2,0,2,0,0,0,0,2,2,2,2,1,0,1,2
74,2827.372,4844.897,-187.633,46.303,0.691279,-0.722157,0.024957,0.722442,0.690031,-0.044000,0.014554,0.048446,0.998720,0,0.88258,-0.07261,52.955,-0.145,600.000,375.000,-1,400.000,-1,325.000,325.000,300.000,300.000,-1,-1,-1,-1,625.000,775.000,650.000,-1,1,0,2,0,2,0,0,0,0,2,2,2,2,1,0,1,2
75,2864.110,4883.160,-186.898,46.165,0.693037,-0.720486,0.024486,0.720741,0.691768,-0.044601,0.015196,0.048558,0.998705,0,0.88407,-0.06914,53.044,-0.138,550.000,400.000,-1,400.000,-1,325.000,325.000,300.000,300.000,-1,-1,-1,-1,600.000,800.000,625.000,-1,1,0,2,0,2,0,0,0,0,2,2,2,2,1,0,1,2
76,2900.987,4921.393,-186.170,46.034,0.694700,-0.718906,0.023782,0.719122,0.693415,-0.045153,0.015970,0.048470,0.998697,0,0.88534,-0.06547,53.120,-0.131,525.000,400.000,-1,400.000,-1,325.000,325.000,275.000,300.000,-1,-1,-1,-1,575.000,800.000,575.000,-1,1,0,2,0,2,0,0,0,0,2,2,2,2,1,0,1,2
77,2936.086,4957.314,-185.551,45.663,0.699354,-0.714401,0.023148,0.714585,0.698054,-0.045694,0.016485,0.048498,0.998687,0,0.83703,-0.18547,50.222,-0.371,475.000,400.000,-1,400.000,-1,325.000,325.000,275.000,300.000,-1,-1,1000.000,-1,550.000,825.000,550.000,-1,1,1,2,0,2,0,0,0,0,2,2,0,2,1,0,1,2
78,2971.586,4992.880,-184.725,45.052,0.706933,-0.706873,0.023996,0.707103,0.705588,-0.046380,0.015854,0.049755,0.998636,0,0.83752,-0.30547,50.251,-0.611,450.000,375.000,-1,400.000,-1,325.000,325.000,275.000,300.000,-1,-1,-1,-1,550.000,825.000,500.000,-1,1,1,2,0,2,0,0,0,0,2,2,2,2,1,0,1,2
79,3007.609,5027.913,-183.984,44.201,0.717347,-0.696270,0.024944,0.696558,0.715960,-0.046991,0.014860,0.051084,0.998584,0,0.83747,-0.42547,50.248,-0.851,425.000,375.000,-1,400.000,-1,325.000,325.000,275.000,300.000,-1,-1,-1,-1,525.000,825.000,475.000,-1,1,1,2,0,2,0,0,0,0,2,2,2,2,1,0,1,2
80,3044.262,5062.225,-183.296,43.110,0.730452,-0.682474,0.025853,0.682833,0.729047,-0.047230,0.013386,0.052153,0.998549,0,0.83679,-0.54547,50.207,-1.091,400.000,350.000,-1,400.000,-1,325.000,325.000,300.000,300.000,-1,-1,-1,-1,500.000,825.000,450.000,-1,1,1,2,0,2,0,0,0,0,2,2,2,2,1,0,1,2
81,3081.640,5095.621,-182.733,41.779,0.746077,-0.665322,0.026735,0.665758,0.744663,-0.047359,0.011600,0.053133,0.998520,0,0.83539,-0.66547,50.123,-1.331,350.000,350.000,-1,400.000,-1,325.000,325.000,300.000,300.000,-1,-1,-1,-1,500.000,825.000,400.000,-1,1,1,2,0,2,0,0,0,0,2,2,2,2,1,0,1,2
82,3119.818,5127.894,-182.310,40.208,0.763999,-0.644627,0.027576,0.645147,0.762587,-0.047401,0.009526,0.054005,0.998495,0,0.83318,-0.78547,49.991,-1.571,325.000,350.000,-1,400.000,-1,325.000,325.000,300.000,300.000,-1,-1,-1,-1,475.000,825.000,375.000,-1,1,1,2,0,2,1,0,0,0,2,2,2,2,1,0,1,2
83,3158.851,5158.829,-182.037,38.397,0.783945,-0.620182,0.028360,0.620789,0.782547,-0.047350,0.007173,0.054725,0.998476,0,0.83007,-0.90547,49.804,-1.811,300.000,325.000,-1,400.000,-1,325.000,325.000,275.000,300.000,-1,-1,-1,-1,475.000,825.000,350.000,-1,1,1,2,0,2,1,0,1,0,2,2,2,2,1,0,1,2
84,3198.651,5188.364,-180.610,36.573,0.803388,-0.594758,0.028814,0.595387,0.801621,-0.054012,0.009026,0.060548,0.998125,0,0.82602,-0.91204,49.561,-1.824,300.000,325.000,-1,400.000,-1,325.000,325.000,275.000,275.000,-1,-1,-1,-1,500.000,825.000,350.000,-1,1,1,2,0,2,1,0,1,0,2,2,2,2,1,0,1,2
85,3239.130,5216.467,-179.193,34.765,0.821878,-0.568943,0.028626,0.569551,0.819682,-0.061096,0.011296,0.066518,0.997721,0,0.82129,-0.90438,49.277,-1.809,300.000,350.000,-1,425.000,-1,325.000,350.000,275.000,275.000,-1,-1,-1,-1,550.000,850.000,350.000,-1,1,1,2,0,2,1,0,1,0,2,2,2,2,1,0,1,2
86,3280.204,5243.114,-177.978,32.968,0.839422,-0.542761,0.027942,0.543316,0.836796,-0.067682,0.013353,0.071995,0.997316,0,0.81598,-0.89821,48.959,-1.796,300.000,350.000,-1,425.000,-1,325.000,350.000,250.000,275.000,-1,-1,925.000,-1,600.000,875.000,375.000,-1,1,1,2,0,2,1,0,1,0,2,2,0,2,1,0,1,2
87,3324.108,5269.587,-176.919,31.082,0.856939,-0.514724,0.026741,0.515192,0.853871,-0.074035,0.015274,0.077220,0.996897,0,0.85444,-0.94304,51.267,-1.886,300.000,375.000,-1,450.000,-1,350.000,375.000,250.000,275.000,-1,925.000,725.000,-1,775.000,900.000,-1,-1,1,1,2,0,2,1,0,1,0,2,0,0,2,1,0,2,2
88,3368.772,5294.566,-176.035,29.211,0.873376,-0.486396,0.025153,0.486754,0.869900,-0.079659,0.016865,0.081816,0.996505,0,0.85288,-0.93539,51.173,-1.871,325.000,400.000,-1,450.000,-1,350.000,375.000,250.000,275.000,-1,850.000,625.000,-1,-1,900.000,-1,-1,1,1,2,0,2,1,0,1,0,2,0,0,2,2,0,2,2
89,3414.091,5318.019,-175.177,27.357,0.888718,-0.457852,0.023486,0.458113,0.884914,-0.084020,0.017686,0.085430,0.996187,0,0.85045,-0.92720,51.027,-1.854,-1,425.000,-1,450.000,-1,375.000,375.000,250.000,275.000,-1,800.000,575.000,-1,-1,925.000,-1,-1,2,1,2,0,2,1,0,1,0,2,0,0,2,2,0,2,2
90,3459.958,5339.917,-174.992,25.520,0.902940,-0.429201,0.022022,0.429432,0.899035,-0.085575,0.016930,0.086727,0.996088,0,0.84708,-0.91850,50.825,-1.837,-1,450.000,-1,450.000,-1,375.000,375.000,225.000,275.000,-1,725.000,575.000,-1,-1,925.000,-1,-1,2,1,2,0,2,1,0,1,0,2,0,0,2,2,0,2,2
91,3506.259,5360.241,-175.607,23.701,0.916048,-0.400507,0.021209,0.400817,0.912327,-0.083697,0.014172,0.085171,0.996266,0,0.84272,-0.90933,50.563,-1.819,-1,450.000,-1,450.000,-1,375.000,375.000,225.000,275.000,-1,700.000,575.000,-1,-1,925.000,-1,-1,2,1,2,0,2,1,0,1,0,2,0,0,2,2,0,2,2
92,3552.879,5378.979,-176.596,21.902,0.928104,-0.371744,0.020736,0.372166,0.924664,-0.080551,0.010771,0.082477,0.996535,0,0.83738,-0.89977,50.243,-1.800,-1,475.000,-1,450.000,-1,375.000,375.000,200.000,275.000,-1,700.000,600.000,-1,-1,900.000,-1,-1,2,1,2,0,2,1,0,1,0,2,0,0,2,2,0,2,2
93,3599.703,5396.130,-177.917,20.122,0.939127,-0.342949,0.020665,0.343503,0.936044,-0.076341,0.006838,0.078792,0.996868,0,0.83109,-0.88990,49.865,-1.780,-1,500.000,-1,450.000,-1,375.000,375.000,200.000,275.000,-1,750.000,675.000,-1,-1,875.000,-1,-1,2,1,2,0,2,1,0,1,0,2,0,0,2,2,0,2,2
94,3646.623,5411.698,-179.525,18.362,0.949139,-0.314153,0.021031,0.314846,0.946463,-0.071267,0.002484,0.074264,0.997236,0,0.82391,-0.87985,49.434,-1.760,-1,500.000,-1,450.000,-1,400.000,375.000,175.000,275.000,-1,800.000,775.000,-1,-1,850.000,-1,-1,2,0,2,0,2,0,0,1,0,2,0,0,2,2,0,2,2
95,3693.541,5425.689,-180.391,16.607,0.958159,-0.285050,0.026042,0.286187,0.955729,-0.068399,-0.005392,0.072990,0.997318,0,0.81598,-0.87739,48.959,-1.755,-1,500.000,-1,425.000,-1,375.000,350.000,175.000,275.000,-1,-1,-1,-1,-1,825.000,-1,-1,2,0,2,0,2,0,0,1,0,2,2,2,2,2,0,2,2
96,3740.371,5438.108,-181.059,14.854,0.966197,-0.255685,0.032985,0.257380,0.964017,-0.066528,-0.014788,0.072769,0.997239,0,0.80745,-0.87647,48.447,-1.753,-1,475.000,-1,400.000,-1,375.000,350.000,175.000,275.000,-1,-1,-1,-1,-1,775.000,-1,-1,2,0,2,0,2,0,0,1,0,2,2,2,2,2,0,2,2
97,3787.037,5448.967,-181.957,13.103,0.973288,-0.226109,0.039817,0.228321,0.971447,-0.064502,-0.024096,0.071870,0.997123,0,0.79853,-0.87594,47.912,-1.752,-1,450.000,-1,400.000,-1,350.000,325.000,175.000,275.000,-1,-1,-1,-1,975.000,725.000,-1,-1,2,0,2,0,2,0,0,1,0,2,2,2,2,0,0,2,2
98,3833.480,5458.287,-183.045,11.351,0.979435,-0.196331,0.046489,0.199008,0.978006,-0.062449,-0.033206,0.070417,0.996965,0,0.78945,-0.87580,47.367,-1.752,-1,450.000,-1,375.000,-1,350.000,325.000,200.000,275.000,675.000,-1,-1,-1,900.000,675.000,-1,-1,2,0,2,0,2,0,0,1,0,1,2,2,2,0,0,2,2
99,3879.654,5466.093,-184.289,9.599,0.984643,-0.166359,0.052939,0.169448,0.983681,-0.060486,-0.042012,0.068528,0.996764,0,0.78046,-0.87604,46.828,-1.752,-1,425.000,-1,375.000,900.000,325.000,300.000,200.000,275.000,625.000,-1,-1,-1,850.000,650.000,-1,-1,2,0,2,0,0,0,0,1,0,1,2,2,2,0,0,2,2
100,3925.529,5472.411,-185.606,7.846,0.988919,-0.136206,0.059049,0.139640,0.988470,-0.058549,-0.050394,0.066146,0.996537,0,0.77177,-0.87664,46.306,-1.753,-1,400.000,-1,350.000,800.000,325.000,300.000,225.000,275.000,600.000,-1,-1,-1,800.000,600.000,-1,950.000,2,0,2,0,0,0,0,1,0,1,2,2,2,0,0,2,0
101,3971.087,5477.269,-187.167,6.090,0.992334,-0.105891,0.063725,0.109501,0.992402,-0.056105,-0.057300,0.062653,0.996389,0,0.76358,-0.87759,45.815,-1.755,-1,400.000,-1,350.000,700.000,300.000,300.000,250.000,275.000,550.000,-1,-1,-1,750.000,575.000,-1,825.000,2,0,2,0,0,0,0,1,0,1,2,2,2,0,0,2,0
102,4017.619,5480.991,-188.436,4.575,0.994857,-0.079622,0.062609,0.083145,0.994972,-0.055829,-0.057849,0.060748,0.996475,0,0.77800,-0.75759,46.680,-1.515,-1,400.000,-1,350.000,700.000,300.000,300.000,250.000,275.000,475.000,-1,-1,-1,750.000,575.000,-1,825.000,2,0,2,0,0,0,0,1,0,1,2,2,2,0,0,2,0
103,4063.830,5483.654,-189.977,3.300,0.996497,-0.057470,0.060746,0.060800,0.996662,-0.054476,-0.057413,0.057979,0.996666,0,0.77146,-0.63759,46.288,-1.275,-1,400.000,-1,350.000,725.000,300.000,300.000,275.000,275.000,425.000,-1,-1,-1,725.000,575.000,-1,825.000,2,0,2,0,0,0,0,1,0,1,2,2,2,0,0,2,0
104,4109.758,5485.469,-191.727,2.265,0.997514,-0.039462,0.058388,0.042528,0.997729,-0.052226,-0.056195,0.054579,0.996927,0,0.76606,-0.51759,45.964,-1.035,-1,400.000,-1,350.000,750.000,300.000,300.000,300.000,275.000,375.000,-1,-1,-1,725.000,575.000,-1,850.000,2,0,2,0,0,0,0,1,0,1,2,2,2,0,0,2,0
105,4155.447,5486.639,-193.633,1.470,0.998118,-0.025617,0.055723,0.028374,0.998383,-0.049260,-0.054371,0.050748,0.997230,0,0.76174,-0.39759,45.704,-0.795,-1,400.000,-1,350.000,800.000,300.000,300.000,325.000,275.000,375.000,-1,-1,-1,725.000,600.000,-1,900.000,2,0,2,0,0,0,0,1,0,1,2,2,2,0,0,2,0
106,4200.947,5487.364,-195.650,0.915,0.998473,-0.015945,0.052886,0.018373,0.998784,-0.045749,-0.052093,0.046651,0.997552,0,0.75842,-0.27759,45.505,-0.555,-1,400.000,-1,350.000,850.000,300.000,300.000,350.000,275.000,400.000,-1,-1,-1,725.000,600.000,-1,950.000,2,0,2,0,0,0,0,1,0,1,2,2,2,0,0,2,0
107,4246.304,5487.837,-197.739,0.599,0.998696,-0.010453,0.049975,0.012551,0.999045,-0.041851,-0.049490,0.042424,0.997873,0,0.75600,-0.15759,45.360,-0.315,-1,400.000,-1,350.000,900.000,300.000,300.000,375.000,275.000,400.000,-1,-1,-1,725.000,600.000,-1,-1,2,0,2,0,0,0,0,0,0,1,2,2,2,0,0,2,2
108,4291.565,5488.250,-199.871,0.524,0.998851,-0.009144,0.047053,0.010923,0.999229,-0.037708,-0.046672,0.038178,0.998180,0,0.75438,-0.03759,45.263,-0.075,-1,400.000,-1,350.000,975.000,325.000,300.000,350.000,275.000,425.000,-1,-1,-1,725.000,625.000,-1,-1,2,0,2,0,0,0,0,0,0,1,2,2,2,0,0,2,2
109,4336.769,5488.792,-202.019,0.689,0.998952,-0.012020,0.044162,0.013503,0.999349,-0.033443,-0.043731,0.034004,0.998464,0,0.75346,0.08241,45.208,0.165,-1,400.000,-1,350.000,-1,325.000,300.000,350.000,300.000,450.000,-1,-1,-1,725.000,625.000,-1,-1,2,0,2,0,2,0,0,0,0,1,2,2,2,0,0,2,2
110,4381.949,5489.654,-204.164,1.094,0.998964,-0.019083,0.041325,0.020297,0.999369,-0.029162,-0.040742,0.029971,0.998720,0,0.75315,0.20241,45.189,0.405,-1,400.000,-1,350.000,-1,325.000,300.000,350.000,300.000,450.000,-1,-1,-1,725.000,625.000,-1,-1,2,0,2,0,2,0,0,0,0,1,2,2,2,0,0,2,2
111,4427.131,5490.960,-206.292,1.657,0.998839,-0.028904,0.038538,0.029879,0.999242,-0.024966,-0.037787,0.026088,0.998945,0,0.75335,0.28148,45.201,0.563,-1,400.000,-1,375.000,-1,325.000,300.000,325.000,300.000,475.000,-1,-1,-1,725.000,650.000,-1,-1,2,0,2,0,2,0,0,0,0,1,2,2,2,0,0,2,2
112,4472.333,5492.707,-208.397,2.214,0.998614,-0.038624,0.035765,0.039388,0.999005,-0.020899,-0.034923,0.022279,0.999142,0,0.75393,0.27861,45.236,0.557,-1,400.000,-1,375.000,-1,325.000,300.000,325.000,300.000,475.000,-1,-1,-1,725.000,650.000,-1,-1,2,0,2,0,2,0,0,0,0,1,2,2,2,0,0,2,2
113,4517.562,5494.892,-210.488,2.766,0.998291,-0.048240,0.032991,0.048818,0.998664,-0.016939,-0.032130,0.018521,0.999312,0,0.75469,0.27570,45.282,0.551,-1,375.000,-1,375.000,-1,325.000,300.000,325.000,300.000,500.000,-1,-1,-1,725.000,675.000,-1,-1,2,0,2,0,2,0,0,0,0,1,2,2,2,0,0,2,2
114,4562.823,5497.510,-212.572,3.311,0.997874,-0.057749,0.030199,0.058164,0.998222,-0.013065,-0.029391,0.014793,0.999459,0,0.75562,0.27273,45.337,0.545,-1,375.000,-1,375.000,-1,325.000,300.000,300.000,300.000,525.000,-1,-1,-1,725.000,675.000,-1,-1,2,0,2,0,2,0,0,0,0,1,2,2,2,0,0,2,2
115,4608.122,5500.558,-214.386,3.850,0.997358,-0.067147,0.027735,0.067426,0.997681,-0.009242,-0.027050,0.011087,0.999573,0,0.75670,0.26972,45.402,0.539,-1,375.000,-1,375.000,-1,325.000,300.000,300.000,300.000,525.000,-1,-1,-1,725.000,700.000,-1,-1,2,0,2,0,2,0,0,0,0,1,2,2,2,0,0,2,2
116,4653.464,5504.034,-215.300,4.384,0.996714,-0.076431,0.026824,0.076685,0.997019,-0.008559,-0.026090,0.010588,0.999604,0,0.75791,0.26666,45.475,0.533,-1,375.000,-1,375.000,-1,325.000,300.000,300.000,300.000,575.000,-1,-1,-1,725.000,700.000,-1,-1,2,0,2,0,2,0,0,0,0,1,2,2,2,0,0,2,2
117,4698.852,5507.934,-216.185,4.911,0.995995,-0.085600,0.025831,0.085833,0.996277,-0.008013,-0.025049,0.010198,0.999634,0,0.75925,0.26355,45.555,0.527,-1,375.000,-1,375.000,-1,325.000,300.000,300.000,300.000,600.000,-1,-1,-1,725.000,700.000,-1,-1,2,0,2,0,2,0,0,0,0,1,2,2,2,0,0,2,2
118,4739.433,5511.697,-216.974,5.299,0.995415,-0.092340,0.024937,0.092554,0.995679,-0.007552,-0.024132,0.009825,0.999661,0,0.67925,0.19385,40.755,0.388,-1,375.000,-1,375.000,-1,325.000,300.000,300.000,300.000,625.000,-1,-1,-1,725.000,700.000,-1,-1,2,0,2,0,2,0,0,0,0,1,2,2,2,0,0,2,2
119,4775.211,5515.256,-217.670,5.681,0.994797,-0.098977,0.024147,0.099175,0.995044,-0.007152,-0.023319,0.009510,0.999683,0,0.59925,0.19101,35.955,0.382,-1,375.000,-1,375.000,-1,325.000,300.000,300.000,300.000,650.000,-1,-1,-1,725.000,700.000,-1,-1,2,0,2,0,2,0,0,0,0,1,2,2,2,0,0,2,2
120,4810.413,5518.992,-218.355,6.057,0.994142,-0.105521,0.023367,0.105705,0.994374,-0.006772,-0.022521,0.009202,0.999704,0,0.58999,0.18848,35.399,0.377,-1,375.000,-1,375.000,-1,325.000,325.000,300.000,300.000,675.000,-1,-1,-1,725.000,700.000,-1,-1,2,0,2,0,2,0,0,0,0,1,2,2,2,0,0,2,2
121,4845.667,5522.965,-219.042,6.429,0.993454,-0.111974,0.022581,0.112144,0.993671,-0.006403,-0.021721,0.008893,0.999725,0,0.59130,0.18597,35.478,0.372,-1,375.000,-1,375.000,-1,325.000,325.000,300.000,300.000,700.000,-1,-1,-1,725.000,700.000,-1,-1,2,0,2,0,2,0,0,0,0,1,2,2,2,0,0,2,2
122,4880.978,5527.173,-219.730,6.796,0.992735,-0.118335,0.021789,0.118492,0.992937,-0.006046,-0.020919,0.008584,0.999744,0,0.59267,0.18344,35.560,0.367,-1,400.000,-1,375.000,-1,325.000,325.000,325.000,300.000,725.000,-1,-1,-1,725.000,700.000,-1,-1,2,0,2,0,2,0,0,0,0,1,2,2,2,0,0,2,2
123,4916.345,5531.614,-220.420,7.158,0.991985,-0.124602,0.020990,0.124747,0.992172,-0.005701,-0.020115,0.008273,0.999763,0,0.59408,0.18088,35.645,0.362,-1,400.000,-1,375.000,-1,325.000,325.000,325.000,300.000,750.000,-1,-1,-1,725.000,700.000,-1,-1,2,0,2,0,2,0,0,0,0,1,2,2,2,0,0,2,2
124,4951.770,5536.287,-221.113,7.515,0.991207,-0.130776,0.020183,0.130908,0.991380,-0.005367,-0.019307,0.007962,0.999782,0,0.59554,0.17831,35.733,0.357,-1,400.000,-1,375.000,-1,325.000,325.000,325.000,300.000,775.000,1000.000,-1,-1,725.000,700.000,-1,-1,2,0,2,0,2,0,0,0,0,1,0,2,2,0,0,2,2
125,4987.256,5541.190,-221.809,7.866,0.990402,-0.136854,0.019367,0.136975,0.990562,-0.005046,-0.018494,0.007650,0.999800,0,0.59705,0.17572,35.823,0.351,-1,400.000,-1,375.000,-1,325.000,325.000,325.000,300.000,825.000,950.000,-1,-1,725.000,725.000,-1,-1,2,0,2,0,2,0,0,0,0,1,0,2,2,0,0,2,2
126,5022.804,5546.320,-222.508,8.212,0.989572,-0.142838,0.018542,0.142948,0.989719,-0.004736,-0.017675,0.007337,0.999817,0,0.59860,0.17310,35.916,0.346,-1,400.000,-1,375.000,-1,325.000,325.000,325.000,300.000,850.000,925.000,-1,-1,725.000,725.000,-1,-1,2,0,2,0,2,0,0,0,0,1,0,2,2,0,0,2,2
127,5058.414,5551.676,-223.211,8.553,0.988720,-0.148725,0.017707,0.148824,0.988854,-0.004438,-0.016849,0.007023,0.999833,0,0.60018,0.17047,36.011,0.341,-1,400.000,-1,375.000,-1,325.000,325.000,325.000,300.000,875.000,875.000,-1,-1,725.000,725.000,-1,-1,2,0,2,0,2,0,0,0,0,1,0,2,2,0,0,2,2
128,5094.089,5557.256,-223.918,8.889,0.987847,-0.154515,0.016860,0.154605,0.987968,-0.004152,-0.016016,0.006708,0.999849,0,0.60181,0.16782,36.108,0.336,-1,375.000,-1,375.000,-1,325.000,325.000,300.000,300.000,900.000,850.000,-1,-1,725.000,725.000,-1,-1,2,0,2,0,2,0,0,0,0,1,0,2,2,0,0,2,2
129,5129.829,5563.057,-224.630,9.219,0.986954,-0.160208,0.016001,0.160289,0.987063,-0.003878,-0.015173,0.006392,0.999864,0,0.60347,0.16514,36.208,0.330,-1,375.000,-1,375.000,-1,325.000,325.000,300.000,300.000,925.000,825.000,-1,-1,725.000,725.000,-1,-1,2,0,2,0,2,0,0,0,0,1,0,2,2,0,0,2,2
130,5165.636,5569.077,-225.346,9.544,0.986043,-0.165803,0.015130,0.165875,0.986140,-0.003616,-0.014321,0.006075,0.999879,0,0.60516,0.16245,36.310,0.325,-1,375.000,-1,375.000,-1,325.000,325.000,300.000,300.000,950.000,800.000,-1,-1,725.000,725.000,-1,-1,2,0,2,0,2,0,0,0,0,1,0,2,2,0,0,2,2
131,5201.511,5575.315,-226.044,9.864,0.985115,-0.171300,0.014299,0.171362,0.985203,-0.003267,-0.013528,0.005668,0.999892,0,0.60689,0.15974,36.413,0.319,-1,375.000,-1,375.000,-1,325.000,325.000,300.000,300.000,1000.000,775.000,1000.000,-1,725.000,725.000,-1,-1,2,0,2,0,2,0,0,0,0,1,0,0,2,0,0,2,2
132,5242.044,5582.771,-226.695,10.423,0.983408,-0.180913,0.013391,0.180960,0.983488,-0.002370,-0.012741,0.004754,0.999908,0,0.68689,0.27974,41.213,0.559,-1,375.000,-1,375.000,-1,325.000,325.000,300.000,300.000,-1,775.000,975.000,-1,725.000,725.000,-1,-1,2,0,2,0,2,0,0,0,0,2,0,0,2,0,0,2,2
133,5287.178,5591.726,-227.390,11.223,0.980802,-0.194619,0.012306,0.194650,0.980872,-0.001349,-0.011808,0.003719,0.999923,0,0.76689,0.39974,46.013,0.799,-1,375.000,-1,375.000,-1,325.000,325.000,300.000,300.000,-1,750.000,950.000,-1,725.000,725.000,-1,-1,2,0,2,0,2,0,0,0,0,2,0,0,2,0,0,2,2
134,5336.844,5602.461,-227.864,12.196,0.977358,-0.211258,0.011874,0.211287,0.977423,-0.001280,-0.011335,0.003760,0.999929,0,0.84689,0.48682,50.813,0.974,-1,375.000,-1,375.000,-1,325.000,325.000,300.000,300.000,-1,825.000,1000.000,-1,725.000,725.000,-1,-1,2,0,2,0,2,0,0,0,0,2,0,0,2,0,0,2,2
135,5389.403,5614.752,-228.301,13.162,0.973665,-0.227706,0.011269,0.227737,0.973721,-0.001509,-0.010629,0.004036,0.999935,0,0.89962,0.48301,53.977,0.966,-1,375.000,-1,375.000,-1,325.000,325.000,300.000,300.000,-1,850.000,-1,-1,725.000,725.000,-1,-1,2,0,2,0,2,0,0,0,0,2,0,2,2,0,0,2,2
