timestep,x_cm,y_cm,z_cm,yaw_deg,basis_xx,basis_xy,basis_xz,basis_yx,basis_yy,basis_yz,basis_zx,basis_zy,basis_zz,teleport_flag,throttle_cmd,steering_cmd,cmd_move_cm,cmd_turn_deg,lidar_cm_0,lidar_cm_1,lidar_cm_2,lidar_cm_3,lidar_cm_4,lidar_cm_5,lidar_cm_6,lidar_cm_7,lidar_cm_8,lidar_cm_9,lidar_cm_10,lidar_cm_11,lidar_cm_12,lidar_cm_13,lidar_cm_14,lidar_cm_15,lidar_cm_16,lidar_class_0,lidar_class_1,lidar_class_2,lidar_class_3,lidar_class_4,lidar_class_5,lidar_class_6,lidar_class_7,lidar_class_8,lidar_class_9,lidar_class_10,lidar_class_11,lidar_class_12,lidar_class_13,lidar_class_14,lidar_class_15,lidar_class_16
0,-2299.007,-5578.974,54.732,-132.412,-0.671756,0.738311,-0.060329,-0.735721,-0.674454,-0.061861,-0.086361,0.002830,0.996260,1,0.08000,0.12000,4.800,0.240,-1,400.000,-1,425.000,-1,325.000,350.000,300.000,275.000,-1,-1,-1,-1,800.000,900.000,-1,-1,2,0,2,0,2,0,0,0,0,2,2,2,2,0,0,2,2
1,-2305.422,-5586.116,53.962,-131.932,-0.665493,0.743934,-0.060669,-0.741332,-0.668244,-0.062270,-0.086867,0.003536,0.996214,0,0.16000,0.24000,9.600,0.480,-1,400.000,-1,425.000,-1,325.000,350.000,300.000,275.000,-1,-1,-1,-1,775.000,900.000,-1,-1,2,0,2,0,2,0,0,0,0,2,2,2,2,0,0,2,2
2,-2314.910,-5596.949,52.797,-131.212,-0.656009,0.752269,-0.061179,-0.749652,-0.658840,-0.062863,-0.087597,0.004624,0.996145,0,0.24000,0.36000,14.400,0.720,-1,400.000,-1,425.000,-1,325.000,350.000,300.000,300.000,-1,-1,-1,-1,775.000,900.000,-1,-1,2,0,2,0,2,0,0,0,0,2,2,2,2,0,0,2,2
3,-2327.316,-5611.603,51.158,-130.252,-0.643195,0.763195,-0.061918,-0.760592,-0.646137,-0.063300,-0.088318,0.006380,0.996072,0,0.32000,0.48000,19.200,0.960,-1,400.000,-1,425.000,-1,325.000,350.000,300.000,300.000,-1,-1,-1,-1,775.000,900.000,-1,-1,2,0,2,0,2,0,0,0,0,2,2,2,2,0,0,2,2
4,-2342.437,-5630.240,49.035,-129.052,-0.626915,0.776545,-0.062901,-0.773988,-0.630001,-0.063576,-0.088997,0.008828,0.995993,0,0.40000,0.60000,24.000,1.200,-1,400.000,-1,425.000,-1,325.000,350.000,300.000,300.000,-1,-1,-1,-1,775.000,875.000,-1,-1,2,0,2,0,2,0,0,0,0,2,2,2,2,0,0,2,2
5,-2360.014,-5653.055,46.461,-127.612,-0.607008,0.792107,-0.064097,-0.789615,-0.610268,-0.063884,-0.089719,0.011834,0.995897,0,0.48000,0.72000,28.800,1.440,-1,400.000,-1,425.000,-1,325.000,350.000,300.000,300.000,-1,-1,-1,-1,750.000,875.000,-1,-1,2,0,2,0,2,0,0,0,0,2,2,2,2,0,0,2,2
6,-2379.763,-5680.238,43.416,-125.999,-0.584242,0.808934,-0.065474,-0.806526,-0.587700,-0.064215,-0.090425,0.015289,0.995786,0,0.56000,0.80657,33.600,1.613,-1,400.000,-1,425.000,-1,325.000,350.000,300.000,300.000,-1,-1,-1,-1,750.000,850.000,-1,-1,2,0,2,0,2,0,0,0,0,2,2,2,2,0,0,2,2
7,-2401.464,-5711.919,39.872,-124.411,-0.561363,0.824855,-0.066982,-0.822539,-0.565031,-0.064570,-0.091108,0.018848,0.995663,0,0.64000,0.79372,38.400,1.587,-1,400.000,-1,425.000,-1,325.000,350.000,300.000,300.000,-1,-1,-1,-1,725.000,825.000,-1,-1,2,0,2,0,2,0,0,0,0,2,2,2,2,0,0,2,2
8,-2424.899,-5748.210,35.839,-122.853,-0.538447,0.839849,-0.068762,-0.837640,-0.542348,-0.064943,-0.091836,0.022630,0.995517,0,0.72000,0.77916,43.200,1.558,-1,400.000,-1,425.000,-1,325.000,350.000,300.000,300.000,-1,-1,-1,-1,725.000,800.000,-1,-1,2,0,2,0,2,0,0,0,0,2,2,2,2,0,0,2,2
9,-2449.742,-5789.026,31.328,-121.327,-0.515581,0.853909,-0.070825,-0.851823,-0.519740,-0.065327,-0.092594,0.026649,0.995347,0,0.79637,0.76292,47.782,1.526,-1,375.000,-1,425.000,-1,325.000,325.000,300.000,300.000,-1,-1,-1,-1,725.000,800.000,-1,-1,2,0,2,0,2,0,0,0,0,2,2,2,2,0,0,2,2
10,-2473.880,-5831.112,26.762,-119.837,-0.492866,0.867026,-0.073138,-0.865114,-0.497295,-0.065384,-0.093061,0.031047,0.995176,0,0.80861,0.74509,48.516,1.490,-1,375.000,-1,425.000,-1,325.000,325.000,300.000,300.000,-1,-1,-1,-1,700.000,775.000,-1,-1,2,0,2,0,2,0,0,0,0,2,2,2,2,0,0,2,2
11,-2497.288,-5874.438,22.189,-118.383,-0.470344,0.879221,-0.075813,-0.877560,-0.475053,-0.064916,-0.093090,0.035998,0.995007,0,0.82076,0.72710,49.245,1.454,-1,375.000,-1,400.000,-1,325.000,325.000,300.000,300.000,-1,-1,-1,-1,700.000,750.000,-1,-1,2,0,2,0,2,0,0,0,0,2,2,2,2,0,0,2,2
12,-2519.945,-5918.976,17.526,-116.965,-0.448067,0.890530,-0.078692,-0.889153,-0.453061,-0.064365,-0.092971,0.041130,0.994819,0,0.83282,0.70896,49.969,1.418,-1,375.000,-1,400.000,-1,325.000,325.000,300.000,300.000,-1,-1,-1,-1,700.000,725.000,-1,-1,2,0,2,0,2,0,0,0,0,2,2,2,2,0,0,2,2
13,-2543.029,-5967.209,12.512,-115.578,-0.425974,0.901017,-0.081943,-0.899970,-0.431272,-0.063700,-0.092734,0.046612,0.994599,0,0.89121,0.69339,53.473,1.387,-1,375.000,-1,400.000,-1,300.000,325.000,300.000,300.000,-1,-1,-1,-1,700.000,725.000,-1,-1,2,0,2,0,2,0,0,0,0,2,2,2,2,0,0,2,2
14,-2565.128,-6016.355,7.600,-114.214,-0.403986,0.910802,-0.085057,-0.910047,-0.409592,-0.063627,-0.092790,0.051702,0.994342,0,0.89810,0.68222,53.886,1.364,-1,375.000,-1,375.000,-1,300.000,325.000,300.000,300.000,-1,-1,-1,-1,675.000,700.000,-1,-1,2,0,2,0,2,0,0,0,0,2,2,2,2,0,0,2,2
15,-2586.228,-6066.379,3.087,-112.872,-0.382370,0.919968,-0.086328,-0.919473,-0.388075,-0.062984,-0.091445,0.055293,0.994274,0,0.90487,0.67098,54.292,1.342,-1,375.000,-1,375.000,-1,300.000,325.000,300.000,300.000,-1,-1,-1,-1,675.000,675.000,-1,-1,2,0,2,0,2,0,0,0,0,2,2,2,2,0,0,2,2
16,-2606.317,-6117.247,-1.218,-111.552,-0.361050,0.928510,-0.086669,-0.928268,-0.366731,-0.061866,-0.089228,0.058115,0.994314,0,0.91153,0.65967,54.692,1.319,-1,375.000,-1,375.000,-1,300.000,325.000,300.000,300.000,-1,-1,-1,-1,675.000,675.000,-1,-1,2,0,2,0,2,0,0,0,0,2,2,2,2,0,0,2,2
17,-2625.386,-6168.925,-5.474,-110.256,-0.339960,0.936423,-0.086831,-0.936443,-0.345573,-0.060452,-0.086615,0.060761,0.994387,0,0.91809,0.64827,55.085,1.297,-1,375.000,-1,375.000,-1,300.000,325.000,300.000,300.000,-1,-1,-1,-1,675.000,675.000,-1,-1,2,0,2,0,2,0,0,0,0,2,2,2,2,0,0,2,2
18,-2643.427,-6221.380,-9.732,-108.982,-0.319092,0.943715,-0.087077,-0.944013,-0.324621,-0.058820,-0.083777,0.063433,0.994464,0,0.92453,0.63678,55.472,1.274,-1,375.000,-1,375.000,-1,300.000,325.000,300.000,300.000,-1,-1,-1,-1,675.000,675.000,-1,-1,2,0,2,0,2,0,0,0,0,2,2,2,2,0,0,2,2
19,-2660.436,-6274.579,-14.040,-107.732,-0.298499,0.950420,-0.087178,-0.951003,-0.303901,-0.056894,-0.080566,0.065923,0.994567,0,0.93087,0.62520,55.852,1.250,-1,375.000,-1,375.000,-1,300.000,325.000,300.000,325.000,-1,-1,-1,-1,700.000,675.000,-1,-1,2,0,2,0,2,0,0,0,0,2,2,2,2,0,0,2,2
20,-2676.407,-6328.488,-18.405,-106.505,-0.278208,0.956564,-0.087093,-0.957433,-0.283436,-0.054647,-0.076959,0.068183,0.994700,0,0.93710,0.61351,56.226,1.227,-1,375.000,-1,375.000,-1,325.000,325.000,300.000,325.000,-1,-1,-1,-1,700.000,675.000,-1,-1,2,0,2,0,2,0,0,0,0,2,2,2,2,0,0,2,2
21,-2691.333,-6383.057,-22.768,-105.300,-0.258186,0.962160,-0.087106,-0.963322,-0.263222,-0.052190,-0.073144,0.070437,0.994831,0,0.94292,0.60230,56.575,1.205,-1,375.000,-1,375.000,-1,325.000,325.000,300.000,325.000,-1,-1,700.000,-1,700.000,675.000,-1,-1,2,0,2,0,2,0,0,0,0,2,2,0,2,0,0,2,2
22,-2705.100,-6437.895,-27.094,-104.095,-0.238057,0.967326,-0.087233,-0.968788,-0.242886,-0.049556,-0.069124,0.072713,0.994955,0,0.94234,0.60263,56.540,1.205,-1,375.000,-1,375.000,-1,325.000,325.000,300.000,300.000,-1,800.000,600.000,-1,725.000,675.000,-1,-1,2,0,2,0,2,0,0,0,0,2,0,0,2,0,0,2,2
23,-2717.701,-6492.976,-31.343,-102.889,-0.217816,0.972046,-0.087653,-0.973821,-0.222437,-0.046843,-0.065031,0.075155,0.995049,0,0.94175,0.60286,56.505,1.206,-1,375.000,-1,375.000,-1,325.000,325.000,300.000,300.000,-1,650.000,475.000,-1,725.000,675.000,-1,-1,2,0,2,0,2,0,0,0,0,2,0,0,2,0,0,2,2
24,-2729.133,-6548.275,-35.366,-101.683,-0.197415,0.976271,-0.089002,-0.978411,-0.201880,-0.044229,-0.061148,0.078349,0.995049,0,0.94116,0.60299,56.469,1.206,-1,375.000,-1,375.000,-1,325.000,325.000,300.000,300.000,-1,525.000,400.000,-1,750.000,675.000,-1,-1,2,0,2,0,2,0,0,0,0,2,0,0,2,0,0,2,2
25,-2739.392,-6603.767,-39.157,-100.477,-0.176934,0.980082,-0.090188,-0.982539,-0.181246,-0.042039,-0.057548,0.081175,0.995037,0,0.94056,0.60303,56.434,1.206,-1,400.000,-1,375.000,-1,325.000,325.000,300.000,300.000,-1,475.000,375.000,-1,750.000,675.000,-1,-1,2,0,2,0,2,0,0,0,0,2,0,0,2,0,0,2,2
26,-2748.477,-6659.428,-42.120,-99.271,-0.156457,0.983667,-0.088993,-0.986165,-0.160577,-0.041148,-0.054766,0.081324,0.995182,0,0.93997,0.60296,56.398,1.206,-1,400.000,-1,375.000,-1,325.000,325.000,300.000,300.000,-1,475.000,425.000,-1,750.000,675.000,-1,-1,2,0,2,0,2,0,0,0,0,2,0,0,2,0,0,2,2
27,-2755.930,-6710.484,-44.719,-98.305,-0.140034,0.986247,-0.087797,-0.988763,-0.143973,-0.040242,-0.052329,0.081175,0.995325,0,0.85997,0.48296,51.598,0.966,-1,400.000,-1,375.000,-1,325.000,325.000,300.000,300.000,-1,500.000,450.000,-1,750.000,675.000,-1,-1,2,0,2,0,2,0,0,0,0,2,0,0,2,0,0,2,2
28,-2762.438,-6759.388,-47.095,-97.580,-0.127688,0.988033,-0.086519,-0.990532,-0.131472,-0.039524,-0.050425,0.080653,0.995466,0,0.82225,0.36296,49.335,0.726,-1,400.000,-1,375.000,-1,325.000,325.000,300.000,300.000,-1,525.000,475.000,-1,750.000,675.000,-1,-1,2,0,2,0,2,0,0,0,0,2,0,0,2,0,0,2,2
29,-2768.524,-6808.297,-49.428,-97.094,-0.119456,0.989172,-0.085262,-0.991637,-0.123095,-0.038768,-0.048843,0.079917,0.995604,0,0.82145,0.24296,49.287,0.486,-1,400.000,-1,375.000,-1,325.000,325.000,300.000,300.000,-1,525.000,525.000,-1,750.000,675.000,-1,-1,2,0,2,0,2,0,0,0,0,2,0,0,2,0,0,2,2
30,-2774.394,-6857.172,-51.730,-96.848,-0.115352,0.989766,-0.084013,-0.992185,-0.118857,-0.037976,-0.047573,0.078976,0.995741,0,0.82044,0.12296,49.226,0.246,-1,400.000,-1,375.000,-1,325.000,325.000,300.000,300.000,-1,550.000,550.000,-1,750.000,675.000,-1,-1,2,0,2,0,2,0,0,0,0,2,0,0,2,0,0,2,2
31,-2780.250,-6905.977,-54.016,-96.842,-0.115385,0.989867,-0.082760,-0.992227,-0.118766,-0.037147,-0.046599,0.077831,0.995877,0,0.81925,0.00296,49.155,0.006,-1,400.000,-1,375.000,-1,325.000,325.000,300.000,300.000,-1,575.000,575.000,-1,750.000,675.000,-1,-1,2,0,2,0,2,0,0,0,0,2,0,0,2,0,0,2,2
32,-2786.297,-6954.677,-56.296,-97.076,-0.119557,0.989477,-0.081490,-0.991765,-0.122822,-0.036279,-0.045906,0.076482,0.996014,0,0.81790,-0.11704,49.074,-0.234,-1,400.000,-1,375.000,-1,325.000,325.000,300.000,300.000,-1,600.000,600.000,-1,775.000,675.000,-1,-1,2,0,2,0,2,0,0,0,0,2,0,0,2,0,0,2,2
33,-2792.734,-7003.238,-58.583,-97.550,-0.127866,0.988544,-0.080190,-0.990749,-0.131020,-0.035372,-0.045473,0.074925,0.996152,0,0.81642,-0.23704,48.985,-0.474,-1,400.000,-1,375.000,-1,325.000,325.000,300.000,300.000,-1,625.000,625.000,-1,775.000,675.000,-1,-1,2,0,2,0,2,0,0,0,0,2,0,0,2,0,0,2,2
34,-2799.763,-7051.622,-60.887,-98.264,-0.140299,0.986965,-0.078844,-0.989074,-0.143349,-0.034421,-0.045274,0.073154,0.996293,0,0.81486,-0.35704,48.892,-0.714,-1,400.000,-1,375.000,-1,325.000,325.000,300.000,300.000,-1,625.000,650.000,-1,775.000,675.000,-1,-1,2,0,2,0,2,0,0,0,0,2,0,0,2,0,0,2,2
35,-2807.393,-7099.818,-63.209,-98.994,-0.152995,0.985187,-0.077456,-0.987201,-0.155937,-0.033445,-0.045028,0.071348,0.996435,0,0.81327,-0.36515,48.796,-0.730,-1,400.000,-1,375.000,-1,325.000,325.000,300.000,300.000,-1,650.000,675.000,-1,775.000,700.000,-1,-1,2,0,2,0,2,0,0,0,0,2,0,0,2,0,0,2,2
36,-2815.626,-7147.829,-65.548,-99.729,-0.165741,0.983235,-0.076023,-0.985155,-0.168573,-0.032444,-0.044715,0.069517,0.996578,0,0.81187,-0.36718,48.712,-0.734,-1,400.000,-1,375.000,-1,325.000,325.000,300.000,300.000,-1,650.000,675.000,-1,775.000,700.000,-1,-1,2,0,2,0,2,0,0,0,0,2,0,0,2,0,0,2,2
37,-2824.464,-7195.662,-67.838,-100.468,-0.178533,0.981087,-0.074797,-0.982935,-0.181260,-0.031352,-0.044317,0.067923,0.996706,0,0.81070,-0.36949,48.642,-0.739,-1,400.000,-1,375.000,-1,325.000,325.000,300.000,300.000,-1,625.000,700.000,-1,775.000,700.000,-1,-1,2,0,2,0,2,0,0,0,0,2,0,0,2,0,0,2,2
38,-2833.912,-7243.322,-70.091,-101.212,-0.191389,0.978743,-0.073705,-0.980539,-0.194005,-0.030086,-0.043745,0.066512,0.996826,0,0.80978,-0.37209,48.587,-0.744,-1,400.000,-1,375.000,-1,325.000,325.000,300.000,300.000,-1,575.000,700.000,-1,775.000,700.000,-1,-1,2,0,2,0,2,0,0,0,0,2,0,0,2,0,0,2,2
39,-2844.149,-7291.645,-72.251,-101.959,-0.204243,0.976262,-0.072094,-0.977945,-0.206772,-0.029481,-0.043689,0.064483,0.996962,0,0.82326,-0.37337,49.396,-0.747,-1,400.000,-1,375.000,-1,325.000,325.000,300.000,300.000,-1,575.000,700.000,-1,775.000,700.000,-1,-1,2,0,2,0,2,0,0,0,0,2,0,0,2,0,0,2,2
40,-2853.776,-7335.190,-74.223,-102.465,-0.212961,0.974500,-0.070698,-0.976086,-0.215422,-0.029138,-0.043624,0.062802,0.997072,0,0.74326,-0.25337,44.596,-0.507,-1,400.000,-1,375.000,-1,325.000,325.000,300.000,300.000,-1,575.000,700.000,-1,775.000,700.000,-1,-1,2,0,2,0,2,0,0,0,0,2,0,0,2,0,0,2,2
41,-2863.689,-7378.422,-76.190,-102.914,-0.220675,0.972883,-0.069291,-0.974376,-0.223067,-0.028834,-0.043509,0.061153,0.997180,0,0.73923,-0.22429,44.354,-0.449,-1,400.000,-1,375.000,-1,325.000,325.000,300.000,300.000,-1,575.000,725.000,-1,775.000,700.000,-1,-1,2,0,2,0,2,0,0,0,0,2,0,0,2,0,0,2,2
42,-2873.926,-7421.504,-78.158,-103.364,-0.228406,0.971198,-0.067868,-0.972598,-0.230731,-0.028565,-0.043401,0.059484,0.997285,0,0.73804,-0.22519,44.282,-0.450,-1,400.000,-1,375.000,-1,325.000,325.000,300.000,300.000,-1,600.000,725.000,-1,775.000,700.000,-1,-1,2,0,2,0,2,0,0,0,0,2,0,0,2,0,0,2,2
43,-2884.486,-7464.441,-80.125,-103.817,-0.236160,0.969441,-0.066428,-0.970749,-0.238420,-0.028330,-0.043302,0.057795,0.997389,0,0.73693,-0.22631,44.216,-0.453,-1,400.000,-1,375.000,-1,325.000,325.000,300.000,300.000,-1,600.000,725.000,-1,775.000,700.000,-1,-1,2,0,2,0,2,0,0,0,0,2,0,0,2,0,0,2,2
44,-2895.373,-7507.234,-82.092,-104.272,-0.243944,0.967610,-0.064972,-0.968826,-0.246140,-0.028133,-0.043214,0.056084,0.997490,0,0.73593,-0.22765,44.156,-0.455,-1,400.000,-1,375.000,-1,325.000,325.000,300.000,300.000,-1,600.000,750.000,-1,775.000,700.000,-1,-1,2,0,2,0,2,0,0,0,0,2,0,0,2,0,0,2,2
45,-2906.588,-7549.887,-84.058,-104.731,-0.251765,0.965703,-0.063502,-0.966826,-0.253898,-0.027974,-0.043138,0.054352,0.997590,0,0.73505,-0.22920,44.103,-0.458,-1,400.000,-1,375.000,-1,325.000,325.000,300.000,300.000,-1,625.000,750.000,-1,775.000,700.000,-1,-1,2,0,2,0,2,0,0,0,0,2,0,0,2,0,0,2,2
46,-2918.135,-7592.405,-86.022,-105.192,-0.259629,0.963715,-0.062017,-0.964747,-0.261700,-0.027856,-0.043075,0.052598,0.997686,0,0.73431,-0.23096,44.058,-0.462,-1,400.000,-1,375.000,-1,325.000,325.000,300.000,300.000,-1,625.000,775.000,-1,775.000,700.000,-1,-1,2,0,2,0,2,0,0,0,0,2,0,0,2,0,0,2,2
47,-2930.812,-7637.423,-88.109,-105.726,-0.268676,0.961334,-0.060419,-0.962268,-0.270682,-0.027776,-0.043056,0.050677,0.997787,0,0.77947,-0.26656,46.768,-0.533,-1,400.000,-1,375.000,-1,325.000,325.000,300.000,300.000,-1,650.000,775.000,-1,775.000,700.000,-1,-1,2,0,2,0,2,0,0,0,0,2,0,0,2,0,0,2,2
48,-2943.997,-7682.643,-90.211,-106.254,-0.277627,0.958888,-0.058796,-0.959724,-0.279571,-0.027747,-0.043044,0.048724,0.997884,0,0.78506,-0.26441,47.103,-0.529,-1,400.000,-1,375.000,-1,325.000,325.000,300.000,300.000,-1,650.000,800.000,-1,775.000,725.000,-1,-1,2,0,2,0,2,0,0,0,0,2,0,0,2,0,0,2,2
49,-2957.692,-7728.059,-92.325,-106.778,-0.286476,0.956382,-0.057147,-0.957120,-0.288357,-0.027772,-0.043040,0.046741,0.997979,0,0.79059,-0.26204,47.435,-0.524,-1,400.000,-1,375.000,-1,325.000,325.000,300.000,300.000,-1,675.000,825.000,-1,775.000,725.000,975.000,-1,2,0,2,0,2,0,0,0,0,2,0,0,2,0,0,1,2
50,-2971.894,-7773.663,-94.442,-107.297,-0.295212,0.953818,-0.055518,-0.954460,-0.297033,-0.027871,-0.043074,0.044762,0.998069,0,0.79606,-0.25943,47.764,-0.519,1000.000,400.000,-1,375.000,-1,325.000,325.000,300.000,300.000,-1,675.000,825.000,-1,775.000,725.000,925.000,-1,1,0,2,0,2,0,0,0,0,2,0,0,2,1,0,1,2
51,-2986.604,-7819.446,-96.472,-107.811,-0.303806,0.951187,-0.054276,-0.951752,-0.305586,-0.028034,-0.043251,0.043141,0.998132,0,0.80146,-0.25659,48.088,-0.513,925.000,400.000,-1,375.000,-1,325.000,325.000,300.000,300.000,-1,725.000,875.000,-1,750.000,725.000,875.000,-1,1,0,2,0,2,0,0,0,0,2,0,0,2,1,0,1,2
52,-3001.817,-7865.399,-98.457,-108.318,-0.312276,0.948504,-0.053147,-0.949008,-0.314009,-0.027970,-0.043218,0.041702,0.998195,0,0.80677,-0.25349,48.406,-0.507,875.000,400.000,-1,375.000,-1,325.000,325.000,300.000,300.000,-1,750.000,900.000,-1,700.000,725.000,825.000,-1,1,0,2,0,2,0,0,0,0,2,0,0,2,1,0,1,2
53,-3017.533,-7911.513,-100.484,-108.818,-0.320614,0.945789,-0.051870,-0.946221,-0.322300,-0.028072,-0.043268,0.040080,0.998259,0,0.81197,-0.25013,48.718,-0.500,800.000,400.000,1000.000,375.000,-1,325.000,325.000,300.000,300.000,-1,750.000,925.000,-1,675.000,725.000,775.000,-1,1,0,1,0,2,0,0,0,0,2,0,0,2,1,0,1,2
54,-3033.745,-7957.778,-102.596,-109.311,-0.328811,0.943042,-0.050551,-0.943404,-0.330447,-0.028181,-0.043280,0.038424,0.998324,0,0.81705,-0.24648,49.023,-0.493,750.000,400.000,950.000,375.000,-1,325.000,325.000,300.000,300.000,-1,775.000,950.000,-1,650.000,725.000,725.000,-1,1,0,1,0,2,0,0,0,0,2,0,0,2,1,0,1,2
55,-3050.448,-8004.182,-104.817,-109.796,-0.336843,0.940267,-0.049337,-0.940558,-0.338440,-0.028456,-0.043454,0.036819,0.998377,0,0.82198,-0.24253,49.319,-0.485,700.000,400.000,925.000,375.000,-1,325.000,325.000,300.000,300.000,-1,800.000,975.000,-1,600.000,725.000,675.000,-1,1,0,1,0,2,0,0,0,0,2,0,0,2,1,0,1,2
56,-3067.636,-8050.714,-107.113,-110.272,-0.344705,0.937477,-0.048124,-0.937688,-0.346269,-0.028950,-0.043803,0.035146,0.998422,0,0.82674,-0.23827,49.604,-0.477,650.000,400.000,875.000,375.000,-1,325.000,325.000,300.000,300.000,-1,825.000,1000.000,-1,575.000,700.000,625.000,975.000,1,0,1,0,2,0,0,0,0,2,0,0,2,1,1,1,1
57,-3085.300,-8097.360,-109.462,-110.740,-0.352396,0.934680,-0.046805,-0.934804,-0.353926,-0.029633,-0.044263,0.033310,0.998464,0,0.83131,-0.23366,49.878,-0.467,575.000,400.000,825.000,375.000,-1,325.000,325.000,275.000,300.000,-1,850.000,-1,-1,550.000,675.000,575.000,925.000,1,0,1,0,2,0,0,0,0,2,0,2,2,1,1,1,1
58,-3103.429,-8144.106,-111.650,-111.197,-0.359899,0.931859,-0.045943,-0.931947,-0.361390,-0.029547,-0.044137,0.032183,0.998507,0,0.83564,-0.22870,50.138,-0.457,525.000,400.000,775.000,375.000,-1,325.000,325.000,275.000,300.000,-1,875.000,-1,-1,500.000,650.000,525.000,875.000,1,0,1,0,2,0,0,0,0,2,0,2,2,1,1,1,1
59,-3122.012,-8190.936,-113.810,-111.644,-0.367206,0.929042,-0.045171,-0.929104,-0.368655,-0.029296,-0.043869,0.031211,0.998550,0,0.83972,-0.22335,50.383,-0.447,475.000,375.000,725.000,375.000,-1,325.000,325.000,275.000,300.000,-1,900.000,-1,-1,475.000,600.000,475.000,825.000,1,1,1,0,2,0,0,0,0,2,0,2,2,1,1,1,1
60,-3141.036,-8237.835,-115.983,-112.079,-0.374305,0.926243,-0.044372,-0.926280,-0.375713,-0.029078,-0.043604,0.030217,0.998592,0,0.84349,-0.21760,50.610,-0.435,425.000,350.000,675.000,375.000,-1,325.000,325.000,275.000,300.000,-1,900.000,-1,-1,450.000,575.000,425.000,775.000,1,1,1,0,2,0,0,0,0,2,0,2,2,1,1,1,1
61,-3160.484,-8284.781,-118.169,-112.502,-0.381183,0.923473,-0.043547,-0.923483,-0.382550,-0.028895,-0.043342,0.029201,0.998633,0,0.84693,-0.21142,50.816,-0.423,375.000,325.000,625.000,375.000,-1,300.000,325.000,275.000,300.000,-1,925.000,-1,-1,400.000,550.000,375.000,725.000,1,1,1,0,2,1,0,0,0,2,0,2,2,1,1,1,1
62,-3180.338,-8331.756,-120.365,-112.911,-0.387827,0.920743,-0.042697,-0.920725,-0.389152,-0.028749,-0.043086,0.028163,0.998674,0,0.84997,-0.20477,50.998,-0.410,325.000,300.000,600.000,375.000,-1,275.000,325.000,275.000,300.000,-1,925.000,-1,-1,375.000,500.000,325.000,700.000,1,1,1,1,2,1,1,0,0,2,0,2,2,1,1,1,1
63,-3200.577,-8378.736,-122.570,-113.307,-0.394222,0.918063,-0.041824,-0.918016,-0.395507,-0.028642,-0.042837,0.027103,0.998714,0,0.85257,-0.19764,51.154,-0.395,275.000,275.000,550.000,350.000,-1,250.000,300.000,275.000,300.000,-1,950.000,-1,-1,350.000,475.000,275.000,625.000,1,1,1,1,2,1,1,0,0,2,0,2,2,1,1,1,1
64,-3221.178,-8425.695,-124.697,-113.687,-0.400329,0.915438,-0.041345,-0.915368,-0.401594,-0.028686,-0.042864,0.026362,0.998733,0,0.85466,-0.18999,51.280,-0.380,225.000,250.000,500.000,325.000,-1,225.000,275.000,275.000,300.000,-1,975.000,-1,-1,300.000,425.000,225.000,575.000,1,1,1,1,2,1,1,0,0,2,0,2,2,1,1,1,1
65,-3242.111,-8472.607,-124.562,-114.050,-0.406153,0.912632,-0.046285,-0.913120,-0.407288,-0.018095,-0.035365,0.034915,0.998764,0,0.85618,-0.18179,51.371,-0.364,200.000,225.000,475.000,300.000,-1,225.000,250.000,300.000,275.000,-1,750.000,850.000,-1,300.000,425.000,200.000,550.000,1,1,1,1,2,1,1,0,0,2,0,0,2,1,1,1,1
66,-3263.342,-8519.442,-122.135,-114.396,-0.412007,0.909488,-0.055515,-0.910957,-0.412490,0.002990,-0.020180,0.051804,0.998453,0,0.85706,-0.17302,51.424,-0.346,200.000,225.000,450.000,300.000,-1,225.000,250.000,350.000,275.000,-1,475.000,450.000,-1,300.000,425.000,200.000,600.000,1,1,1,1,2,1,1,0,0,2,0,0,2,1,1,1,1
67,-3284.840,-8566.166,-119.617,-114.724,-0.417953,0.906223,-0.063831,-0.908457,-0.417267,0.024366,-0.004553,0.068171,0.997663,0,0.85722,-0.16365,51.433,-0.327,200.000,225.000,475.000,275.000,-1,200.000,225.000,375.000,275.000,-1,375.000,225.000,-1,275.000,425.000,200.000,-1,1,1,1,1,2,1,1,1,0,2,0,0,2,1,1,1,2
68,-3307.867,-8615.053,-116.973,-115.243,-0.427362,0.901213,-0.071949,-0.903999,-0.424897,0.047421,0.012165,0.085307,0.996280,0,0.90064,-0.25951,54.038,-0.519,200.000,225.000,500.000,275.000,-1,200.000,225.000,375.000,250.000,-1,300.000,125.000,825.000,275.000,425.000,200.000,-1,1,1,1,1,2,1,1,1,0,2,0,0,0,1,1,1,2
69,1639.831,-2295.763,272.407,58.010,0.529705,-0.848143,-0.008136,0.848100,0.529763,-0.008778,0.011755,-0.002251,0.999928,1,0.00000,0.00000,54.442,-0.512,-1,450.000,-1,450.000,-1,375.000,375.000,150.000,325.000,600.000,-1,-1,-1,900.000,900.000,-1,-1,2,0,2,0,2,0,0,1,0,1,2,2,2,0,0,2,2
70,1642.356,-2291.681,272.356,58.250,0.526153,-0.850355,-0.007747,0.850314,0.526206,-0.008552,0.011349,-0.002088,0.999933,0,0.08000,0.12000,4.800,0.240,-1,450.000,-1,450.000,-1,375.000,375.000,150.000,325.000,600.000,-1,-1,-1,900.000,900.000,-1,-1,2,0,2,0,2,0,0,1,0,1,2,2,2,0,0,2,2
71,1647.339,-2283.475,272.254,58.730,0.519020,-0.854734,-0.006979,0.854697,0.519064,-0.008098,0.010544,-0.001762,0.999943,0,0.16000,0.24000,9.600,0.480,-1,450.000,-1,450.000,-1,375.000,375.000,150.000,300.000,625.000,-1,-1,-1,900.000,900.000,-1,-1,2,0,2,0,2,0,0,1,0,1,2,2,2,0,0,2,2
72,1654.659,-2271.074,272.105,59.450,0.508251,-0.861189,-0.005853,0.861158,0.508283,-0.007413,0.009359,-0.001273,0.999955,0,0.24000,0.36000,14.400,0.720,-1,450.000,-1,450.000,-1,375.000,350.000,150.000,300.000,625.000,-1,-1,-1,875.000,900.000,-1,-1,2,0,2,0,2,0,0,1,0,1,2,2,2,0,0,2,2
73,1664.139,-2254.378,271.914,60.410,0.493764,-0.869585,-0.004396,0.869561,0.493783,-0.006496,0.007820,-0.000615,0.999969,0,0.32000,0.48000,19.200,0.960,-1,450.000,-1,450.000,-1,375.000,350.000,150.000,300.000,650.000,-1,-1,-1,875.000,875.000,-1,-1,2,0,2,0,2,0,0,1,0,1,2,2,2,0,0,2,2
74,1675.598,-2233.291,271.607,61.481,0.477445,-0.878657,-0.002855,0.878643,0.477454,-0.004900,0.005668,-0.000169,0.999984,0,0.40000,0.53516,24.000,1.070,-1,450.000,-1,425.000,-1,375.000,350.000,125.000,300.000,675.000,-1,-1,-1,850.000,850.000,-1,-1,2,0,2,0,2,0,0,1,0,1,2,2,2,0,0,2,2
75,1688.873,-2207.732,271.103,62.553,0.460928,-0.887436,-0.001513,0.887433,0.460931,-0.002186,0.002637,-0.000336,0.999996,0,0.48000,0.53602,28.800,1.072,-1,450.000,-1,425.000,-1,350.000,350.000,125.000,300.000,725.000,-1,-1,-1,850.000,850.000,-1,-1,2,0,2,0,2,0,0,1,0,1,2,2,2,0,0,2,2
76,1703.799,-2177.630,270.372,63.627,0.444217,-0.895919,-0.000532,0.895918,0.444215,0.001754,-0.001335,-0.001255,0.999998,0,0.56000,0.53701,33.600,1.074,-1,425.000,-1,425.000,-1,350.000,350.000,125.000,300.000,750.000,-1,-1,-1,800.000,800.000,-1,-1,2,0,2,0,2,0,0,1,0,1,2,2,2,0,0,2,2
77,1720.207,-2142.912,269.380,64.703,0.427320,-0.904101,-0.000095,0.904078,0.427308,0.007045,-0.006329,-0.003096,0.999975,0,0.64000,0.53809,38.400,1.076,950.000,425.000,-1,400.000,-1,350.000,350.000,125.000,300.000,775.000,-1,-1,-1,775.000,775.000,-1,-1,1,0,2,0,2,0,0,1,0,1,2,2,2,0,0,2,2
78,1738.095,-2103.589,268.471,65.539,0.414087,-0.910235,0.002075,0.910112,0.414067,0.015666,-0.015119,-0.004598,0.999875,0,0.72000,0.41809,43.200,0.836,750.000,400.000,-1,400.000,-1,325.000,325.000,125.000,300.000,800.000,-1,-1,-1,725.000,725.000,-1,-1,1,0,2,0,2,0,0,1,0,1,2,2,2,0,0,2,2
79,1757.450,-2059.840,268.273,66.135,0.404497,-0.914499,0.008579,0.914093,0.404575,0.027424,-0.028550,-0.003251,0.999587,0,0.79731,0.29809,47.838,0.596,600.000,375.000,-1,375.000,-1,300.000,300.000,100.000,300.000,850.000,-1,-1,-1,650.000,650.000,-1,-1,1,0,2,0,2,0,0,1,0,1,2,2,2,0,0,2,2
80,1776.355,-2016.380,269.685,66.492,0.398499,-0.916992,0.018015,0.916509,0.398881,0.030094,-0.034781,0.004518,0.999385,0,0.78990,0.17809,47.394,0.356,725.000,375.000,-1,350.000,-1,300.000,300.000,125.000,300.000,925.000,-1,-1,-1,650.000,625.000,-1,-1,1,0,2,0,2,0,0,1,0,1,2,2,2,0,0,2,2
81,1794.976,-1973.334,270.979,66.608,0.396294,-0.917746,0.026326,0.917272,0.396998,0.031688,-0.039533,0.011590,0.999151,0,0.78167,0.05809,46.900,0.116,800.000,350.000,-1,350.000,-1,300.000,300.000,125.000,300.000,950.000,-1,-1,-1,625.000,600.000,-1,-1,1,0,2,0,2,0,0,1,0,1,2,2,2,0,0,2,2
82,1813.475,-1930.820,272.018,66.484,0.397942,-0.916809,0.033220,0.916389,0.398947,0.032753,-0.043281,0.017409,0.998911,0,0.77273,-0.06191,46.364,-0.124,900.000,350.000,-1,350.000,-1,300.000,275.000,125.000,300.000,925.000,-1,-1,-1,625.000,575.000,-1,-1,1,0,2,0,2,0,0,1,0,1,2,2,2,0,0,2,2
83,1832.013,-1888.946,272.687,66.120,0.403462,-0.914166,0.038985,0.913855,0.404720,0.032716,-0.045686,0.022427,0.998704,0,0.76323,-0.18191,45.794,-0.364,-1,350.000,-1,325.000,-1,300.000,275.000,150.000,275.000,925.000,-1,-1,-1,625.000,575.000,-1,-1,2,0,2,0,2,0,0,1,0,1,2,2,2,0,0,2,2
84,1850.744,-1847.812,272.913,65.516,0.412847,-0.909749,0.043750,0.909611,0.414286,0.031224,-0.046531,0.026905,0.998554,0,0.75330,-0.30191,45.198,-0.604,-1,350.000,-1,325.000,925.000,300.000,275.000,150.000,275.000,900.000,-1,-1,-1,625.000,575.000,-1,975.000,2,0,2,0,0,0,0,1,0,1,2,2,2,0,0,2,0
85,1869.818,-1807.510,273.027,64.672,0.426108,-0.903481,0.046404,0.903500,0.427606,0.029002,-0.046045,0.029568,0.998502,0,0.74313,-0.42191,44.588,-0.844,-1,350.000,-1,325.000,900.000,300.000,275.000,175.000,275.000,850.000,-1,-1,-1,625.000,575.000,-1,975.000,2,0,2,0,0,0,0,1,0,1,2,2,2,0,0,2,0
86,1889.310,-1768.094,272.910,63.686,0.441643,-0.895961,0.046972,0.896097,0.443084,0.026209,-0.044294,0.030516,0.998552,0,0.73289,-0.49320,43.973,-0.986,-1,350.000,-1,325.000,-1,300.000,275.000,200.000,275.000,775.000,-1,-1,-1,625.000,575.000,-1,-1,2,0,2,0,2,0,0,1,0,1,2,2,2,0,0,2,2
87,1907.131,-1733.209,272.439,62.940,0.453432,-0.890131,0.045459,0.890322,0.454727,0.023466,-0.041559,0.029833,0.998691,0,0.65289,-0.37320,39.173,-0.746,-1,375.000,-1,325.000,-1,300.000,275.000,200.000,275.000,350.000,-1,-1,-1,650.000,575.000,-1,-1,2,0,2,0,2,0,0,1,0,1,2,2,2,0,0,2,2
88,1923.038,-1702.739,271.725,62.433,0.461497,-0.886125,0.042471,0.886319,0.462601,0.020936,-0.038199,0.027981,0.998878,0,0.57289,-0.25320,34.373,-0.506,-1,375.000,-1,350.000,-1,300.000,275.000,225.000,275.000,300.000,-1,-1,-1,650.000,600.000,-1,-1,2,0,2,0,2,0,0,1,0,1,2,2,2,0,0,2,2
89,1936.846,-1676.587,270.847,62.167,0.465839,-0.884023,0.038686,0.884192,0.466748,0.018732,-0.034616,0.025479,0.999076,0,0.49289,-0.13320,29.573,-0.266,-1,375.000,-1,350.000,-1,300.000,300.000,225.000,275.000,275.000,-1,-1,-1,650.000,625.000,-1,-1,2,0,2,0,2,0,0,1,0,1,2,2,2,0,0,2,2
90,1948.423,-1654.686,269.909,62.140,0.466459,-0.883868,0.034539,0.883997,0.467187,0.016886,-0.031062,0.022656,0.999261,0,0.41289,-0.01320,24.773,-0.026,-1,375.000,-1,350.000,-1,300.000,300.000,225.000,275.000,250.000,-1,-1,-1,675.000,625.000,-1,-1,2,0,2,0,2,0,0,1,0,1,2,2,2,0,0,2,2
91,1957.691,-1636.994,268.999,62.354,0.463343,-0.885658,0.030372,0.885745,0.463917,0.015400,-0.027729,0.019766,0.999420,0,0.33289,0.10680,19.973,0.214,-1,375.000,-1,350.000,-1,300.000,300.000,250.000,300.000,250.000,-1,-1,-1,675.000,650.000,-1,-1,2,0,2,0,2,0,0,1,0,1,2,2,2,0,0,2,2
92,1964.646,-1623.509,268.201,62.718,0.457851,-0.888630,0.026638,0.888681,0.458305,0.014254,-0.024875,0.017146,0.999544,0,0.25289,0.18194,15.173,0.364,-1,375.000,-1,350.000,-1,300.000,300.000,250.000,300.000,250.000,-1,-1,-1,675.000,650.000,-1,-1,2,0,2,0,2,0,0,1,0,1,2,2,2,0,0,2,2
93,1969.343,-1614.260,267.601,63.079,0.452330,-0.891533,0.023796,0.891560,0.452702,0.013443,-0.022757,0.015134,0.999626,0,0.17289,0.18080,10.373,0.362,-1,375.000,-1,350.000,-1,300.000,300.000,250.000,300.000,225.000,-1,-1,-1,675.000,675.000,-1,-1,2,0,2,0,2,0,0,1,0,1,2,2,2,0,0,2,2
94,1971.835,-1609.275,267.217,63.439,0.446775,-0.894377,0.021936,0.894389,0.447100,0.012998,-0.021433,0.013812,0.999675,0,0.09289,0.18001,5.573,0.360,-1,375.000,-1,350.000,-1,300.000,300.000,250.000,300.000,225.000,-1,-1,-1,675.000,675.000,-1,-1,2,0,2,0,2,0,0,1,0,1,2,2,2,0,0,2,2
95,1972.176,-1608.581,267.059,63.799,0.441182,-0.897170,0.021089,0.897174,0.441489,0.012943,-0.020922,0.013210,0.999694,0,0.01289,0.17958,0.773,0.359,-1,375.000,-1,350.000,-1,300.000,300.000,250.000,300.000,225.000,-1,-1,-1,675.000,675.000,-1,-1,2,0,2,0,2,0,0,1,0,1,2,2,2,0,0,2,2
96,1970.421,-1612.206,267.120,64.158,0.435544,-0.899917,0.021225,0.899918,0.435857,0.013289,-0.021210,0.013313,0.999686,0,-0.06711,0.17952,-4.027,0.359,-1,375.000,-1,350.000,-1,300.000,300.000,225.000,300.000,250.000,-1,-1,-1,675.000,675.000,-1,-1,2,0,2,0,2,0,0,1,0,1,2,2,2,0,0,2,2
97,1966.623,-1620.174,267.384,64.517,0.429849,-0.902626,0.022260,0.902627,0.430196,0.014038,-0.022248,0.014058,0.999654,0,-0.14711,0.17982,-8.827,0.360,-1,375.000,-1,350.000,-1,300.000,300.000,225.000,300.000,250.000,-1,-1,-1,675.000,675.000,-1,-1,2,0,2,0,2,0,0,1,0,1,2,2,2,0,0,2,2
98,1960.838,-1632.511,267.825,64.878,0.424088,-0.905301,0.024051,0.905304,0.424493,0.015179,-0.023951,0.015337,0.999595,0,-0.22711,0.18047,-13.627,0.361,-1,375.000,-1,350.000,-1,300.000,300.000,225.000,300.000,250.000,-1,-1,-1,675.000,675.000,-1,-1,2,0,2,0,2,0,0,1,0,1,2,2,2,0,0,2,2
99,1953.121,-1649.244,268.404,65.241,0.418252,-0.907947,0.026406,0.907953,0.418740,0.016684,-0.026206,0.016997,0.999512,0,-0.30711,0.18143,-18.427,0.363,-1,375.000,-1,350.000,-1,300.000,300.000,225.000,300.000,275.000,-1,-1,-1,675.000,650.000,-1,-1,2,0,2,0,2,0,0,1,0,1,2,2,2,0,0,2,2
100,1947.465,-1661.642,268.801,65.481,0.414374,-0.909676,0.027991,0.909683,0.414923,0.017769,-0.027779,0.018100,0.999450,0,-0.22711,0.12005,-13.627,0.240,-1,375.000,-1,350.000,-1,300.000,300.000,225.000,300.000,275.000,-1,-1,-1,675.000,650.000,-1,-1,2,0,2,0,2,0,0,1,0,1,2,2,2,0,0,2,2
101,1943.836,-1669.688,269.007,65.723,0.410492,-0.911411,0.028746,0.911414,0.411076,0.018464,-0.028645,0.018620,0.999416,0,-0.14711,0.12093,-8.827,0.242,-1,375.000,-1,350.000,-1,300.000,300.000,225.000,300.000,300.000,-1,-1,-1,675.000,650.000,-1,-1,2,0,2,0,2,0,0,1,0,1,2,2,2,0,0,2,2
102,1942.196,-1673.366,269.049,65.966,0.406616,-0.913145,0.028794,0.913143,0.407207,0.018784,-0.028878,0.018655,0.999409,0,-0.06711,0.12148,-4.027,0.243,-1,375.000,-1,350.000,-1,300.000,300.000,225.000,300.000,300.000,-1,-1,-1,675.000,625.000,-1,-1,2,0,2,0,2,0,0,1,0,1,2,2,2,0,0,2,2
103,1942.508,-1672.659,268.940,66.209,0.402753,-0.914874,0.028205,0.914864,0.403326,0.018737,-0.028518,0.018257,0.999427,0,0.01289,0.12173,0.773,0.243,-1,375.000,-1,350.000,-1,300.000,300.000,225.000,300.000,300.000,-1,-1,-1,675.000,650.000,-1,-1,2,0,2,0,2,0,0,1,0,1,2,2,2,0,0,2,2
104,1944.735,-1667.550,268.680,66.453,0.398911,-0.916592,0.026989,0.916575,0.399443,0.018319,-0.027571,0.017430,0.999468,0,0.09289,0.12168,5.573,0.243,-1,375.000,-1,350.000,-1,300.000,300.000,225.000,300.000,300.000,-1,-1,-1,675.000,650.000,-1,-1,2,0,2,0,2,0,0,1,0,1,2,2,2,0,0,2,2
105,1948.839,-1658.023,268.261,66.696,0.395098,-0.918296,0.025106,0.918271,0.395565,0.017510,-0.026011,0.016136,0.999531,0,0.17289,0.12135,10.373,0.243,-1,375.000,-1,350.000,-1,300.000,300.000,225.000,300.000,300.000,-1,-1,-1,675.000,650.000,-1,-1,2,0,2,0,2,0,0,1,0,1,2,2,2,0,0,2,2
106,1954.783,-1644.063,267.663,66.937,0.391320,-0.919981,0.022460,0.919947,0.391703,0.016283,-0.023777,0.014290,0.999615,0,0.25289,0.12072,15.173,0.241,-1,375.000,-1,350.000,-1,300.000,300.000,225.000,300.000,275.000,-1,-1,-1,675.000,650.000,-1,-1,2,0,2,0,2,0,0,1,0,1,2,2,2,0,0,2,2
107,1962.530,-1625.654,266.856,67.177,0.387584,-0.921641,0.018907,0.921600,0.387866,0.014591,-0.020781,0.011769,0.999715,0,0.33289,0.11978,19.973,0.240,-1,375.000,-1,350.000,-1,300.000,300.000,225.000,300.000,275.000,-1,-1,-1,675.000,675.000,-1,-1,2,0,2,0,2,0,0,1,0,1,2,2,2,0,0,2,2
108,1972.045,-1602.781,265.799,67.414,0.383890,-0.923269,0.014252,0.923224,0.384063,0.012377,-0.016901,0.008406,0.999822,0,0.41289,0.11852,24.773,0.237,-1,375.000,-1,375.000,-1,300.000,300.000,225.000,300.000,250.000,-1,-1,-1,700.000,700.000,-1,-1,2,0,2,0,2,0,0,1,0,1,2,2,2,0,0,2,2
109,1983.292,-1575.430,264.441,67.647,0.380234,-0.924853,0.008252,0.924812,0.380303,0.009567,-0.011987,0.003994,0.999920,0,0.49289,0.11688,29.573,0.234,-1,375.000,-1,375.000,-1,300.000,300.000,225.000,300.000,225.000,-1,-1,-1,700.000,725.000,-1,-1,2,0,2,0,2,0,0,1,0,1,2,2,2,0,0,2,2
110,1996.236,-1543.588,262.722,67.877,0.376598,-0.926376,0.000621,0.926358,0.376595,0.006073,-0.005860,-0.001712,0.999981,0,0.57289,0.11484,34.373,0.230,-1,375.000,-1,375.000,-1,300.000,300.000,225.000,300.000,225.000,500.000,-1,-1,700.000,775.000,-1,-1,2,0,2,0,2,0,0,1,0,1,1,2,2,0,0,2,2
111,2010.846,-1507.241,260.713,68.102,0.372950,-0.927815,-0.008282,0.927851,0.372946,0.002000,0.001233,-0.008430,0.999964,0,0.65289,0.11235,39.173,0.225,-1,375.000,-1,400.000,-1,325.000,325.000,225.000,325.000,225.000,300.000,325.000,-1,725.000,825.000,-1,-1,2,0,2,0,2,0,0,1,0,1,0,0,2,0,0,2,2
112,2026.130,-1468.794,260.311,68.320,0.369389,-0.929230,-0.009115,0.929270,0.369402,0.000283,0.003104,-0.008574,0.999958,0,0.68957,0.10935,41.374,0.219,-1,375.000,-1,400.000,-1,325.000,325.000,250.000,325.000,225.000,300.000,325.000,-1,725.000,825.000,-1,-1,2,0,2,0,2,0,0,1,0,1,0,0,2,0,0,2,2
113,2041.215,-1430.437,260.028,68.532,0.365936,-0.930593,-0.009340,0.930629,0.365962,-0.001193,0.004528,-0.008256,0.999956,0,0.68694,0.10600,41.216,0.212,-1,375.000,-1,400.000,-1,325.000,325.000,250.000,325.000,225.000,300.000,325.000,-1,750.000,850.000,-1,-1,2,0,2,0,2,0,0,1,0,1,0,0,2,0,0,2,2
114,2056.114,-1392.148,260.022,68.737,0.362606,-0.931907,-0.008175,0.931929,0.362634,-0.002177,0.004993,-0.006829,0.999964,0,0.68476,0.10250,41.085,0.205,-1,375.000,-1,400.000,-1,325.000,325.000,250.000,325.000,250.000,350.000,350.000,-1,750.000,850.000,-1,-1,2,0,2,0,2,0,0,1,0,1,0,0,2,0,0,2,2
115,2070.843,-1353.907,260.031,68.935,0.359392,-0.933161,-0.006956,0.933171,0.359419,-0.003146,0.005436,-0.005361,0.999971,0,0.68300,0.09885,40.980,0.198,-1,375.000,-1,400.000,-1,325.000,325.000,275.000,300.000,275.000,375.000,350.000,-1,750.000,850.000,-1,-1,2,0,2,0,2,0,0,1,0,1,0,0,2,0,0,2,2
116,2085.416,-1315.693,260.039,69.125,0.356299,-0.934354,-0.005722,0.934354,0.356324,-0.004038,0.005811,-0.003907,0.999975,0,0.68164,0.09505,40.898,0.190,-1,400.000,-1,400.000,-1,325.000,325.000,275.000,300.000,300.000,400.000,375.000,-1,750.000,850.000,-1,-1,2,0,2,0,2,0,0,1,0,1,0,0,2,0,0,2,2
117,2099.847,-1277.488,260.043,69.307,0.353332,-0.935487,-0.004481,0.935478,0.353351,-0.004837,0.006108,-0.002483,0.999978,0,0.68066,0.09113,40.839,0.182,-1,400.000,-1,400.000,-1,325.000,325.000,275.000,300.000,325.000,425.000,400.000,-1,775.000,850.000,-1,-1,2,0,2,0,2,0,0,1,0,1,0,0,2,0,0,2,2
118,2115.616,-1235.339,260.155,69.488,0.350391,-0.936597,-0.003377,0.936584,0.350405,-0.005160,0.006017,-0.001355,0.999981,0,0.75005,0.09020,45.003,0.180,-1,400.000,-1,400.000,-1,325.000,325.000,300.000,300.000,350.000,475.000,450.000,-1,775.000,850.000,-1,-1,2,0,2,0,2,0,0,1,0,1,0,0,2,0,0,2,2
119,2131.155,-1193.406,260.389,69.667,0.347474,-0.937686,-0.002585,0.937674,0.347483,-0.004853,0.005449,-0.000738,0.999985,0,0.74531,0.08933,44.719,0.179,-1,400.000,-1,400.000,-1,325.000,325.000,300.000,300.000,375.000,525.000,500.000,-1,775.000,850.000,-1,-1,2,0,2,0,2,0,0,1,0,1,0,0,2,0,0,2,2
120,2146.471,-1151.683,260.606,69.843,0.344589,-0.938752,-0.001774,0.938741,0.344594,-0.004503,0.004838,-0.000114,0.999988,0,0.74076,0.08822,44.446,0.176,-1,400.000,-1,400.000,-1,325.000,325.000,300.000,300.000,375.000,600.000,575.000,-1,775.000,850.000,-1,-1,2,0,2,0,2,0,0,0,0,1,0,0,2,0,0,2,2
121,2161.571,-1110.158,260.814,70.017,0.341745,-0.939792,-0.000983,0.939783,0.341746,-0.004123,0.004210,0.000485,0.999991,0,0.73643,0.08686,44.186,0.174,-1,400.000,-1,400.000,-1,325.000,325.000,300.000,300.000,400.000,650.000,625.000,-1,775.000,850.000,-1,-1,2,0,2,0,2,0,0,0,0,1,0,0,2,0,0,2,2
122,2176.465,-1068.818,261.004,70.187,0.338948,-0.940805,-0.000190,0.940798,0.338947,-0.003747,0.003590,0.001091,0.999993,0,0.73234,0.08528,43.941,0.171,-1,400.000,-1,400.000,-1,325.000,325.000,300.000,300.000,425.000,725.000,700.000,-1,800.000,850.000,-1,-1,2,0,2,0,2,0,0,0,0,1,0,0,2,0,0,2,2
123,2191.161,-1027.651,261.140,70.354,0.336208,-0.941787,0.000700,0.941783,0.336204,-0.003530,0.003089,0.001846,0.999994,0,0.72852,0.08347,43.711,0.167,-1,400.000,-1,400.000,-1,325.000,325.000,300.000,300.000,450.000,775.000,750.000,-1,800.000,850.000,-1,-1,2,0,2,0,2,0,0,0,0,1,0,0,2,0,0,2,2
124,2205.669,-986.643,261.257,70.517,0.333530,-0.942738,0.001600,0.942736,0.333524,-0.003331,0.002606,0.002620,0.999993,0,0.72498,0.08146,43.499,0.163,-1,400.000,-1,400.000,-1,325.000,325.000,300.000,300.000,475.000,825.000,800.000,-1,800.000,850.000,-1,-1,2,0,2,0,2,0,0,0,0,1,0,0,2,0,0,2,2
125,2219.998,-945.780,261.354,70.676,0.330922,-0.943655,0.002513,0.943656,0.330914,-0.003149,0.002140,0.003413,0.999992,0,0.72173,0.07924,43.304,0.158,-1,400.000,-1,400.000,-1,325.000,325.000,300.000,325.000,500.000,900.000,875.000,-1,800.000,850.000,-1,-1,2,0,2,0,2,0,0,0,0,1,0,0,2,0,0,2,2
126,2234.161,-905.044,261.433,70.829,0.328391,-0.944536,0.003437,0.944540,0.328381,-0.002983,0.001689,0.004226,0.999990,0,0.71878,0.07683,43.127,0.154,-1,400.000,-1,400.000,-1,325.000,325.000,300.000,325.000,525.000,950.000,925.000,-1,800.000,850.000,-1,-1,2,0,2,0,2,0,0,0,0,1,0,0,2,0,0,2,2
127,2248.165,-864.423,261.494,70.978,0.325942,-0.945380,0.004373,0.945389,0.325932,-0.002834,0.001254,0.005058,0.999986,0,0.71614,0.07423,42.968,0.148,-1,400.000,-1,400.000,-1,325.000,325.000,300.000,325.000,550.000,-1,975.000,-1,825.000,850.000,-1,-1,2,0,2,0,2,0,0,0,0,1,2,0,2,0,0,2,2
128,2263.807,-819.288,261.538,70.886,0.327450,-0.944853,0.005439,0.944868,0.327440,-0.002677,0.000748,0.006016,0.999982,0,0.79614,-0.04577,47.768,-0.092,-1,400.000,-1,400.000,-1,325.000,325.000,300.000,325.000,575.000,-1,-1,-1,825.000,850.000,1000.000,-1,2,0,2,0,2,0,0,0,0,1,2,2,2,0,0,1,2
129,2279.866,-773.800,261.558,70.555,0.332909,-0.942936,0.006543,0.942959,0.332899,-0.002527,0.000204,0.007011,0.999975,0,0.80399,-0.16577,48.239,-0.332,975.000,400.000,-1,400.000,-1,325.000,325.000,300.000,325.000,600.000,-1,-1,-1,800.000,850.000,975.000,-1,1,0,2,0,2,0,0,0,0,1,2,2,2,1,0,1,2
130,2296.302,-728.618,261.571,70.010,0.341854,-0.939721,0.007771,0.939753,0.341846,-0.002351,-0.000447,0.008106,0.999967,0,0.80131,-0.27237,48.079,-0.545,925.000,400.000,-1,400.000,-1,325.000,325.000,300.000,325.000,625.000,-1,-1,-1,775.000,850.000,925.000,-1,1,0,2,0,2,0,0,0,0,1,2,2,2,1,0,1,2
131,2313.120,-683.737,261.394,69.457,0.350890,-0.936377,0.008564,0.936415,0.350891,-0.001493,-0.001607,0.008543,0.999962,0,0.79881,-0.27626,47.929,-0.553,875.000,400.000,-1,400.000,-1,325.000,325.000,300.000,325.000,650.000,-1,-1,-1,750.000,850.000,875.000,-1,1,0,2,0,2,0,0,0,0,1,2,2,2,1,0,1,2
132,2330.335,-639.132,261.163,68.897,0.360028,-0.932895,0.009308,0.932937,0.360038,-0.000574,-0.002816,0.008890,0.999957,0,0.79686,-0.28041,47.812,-0.561,825.000,400.000,-1,400.000,-1,325.000,325.000,300.000,325.000,675.000,-1,-1,-1,725.000,850.000,825.000,-1,1,0,2,0,2,0,0,0,0,1,2,2,2,1,0,1,2
133,2348.992,-592.180,260.869,68.330,0.369230,-0.929284,0.010075,0.929329,0.369252,0.000407,-0.004099,0.009213,0.999949,0,0.84205,-0.28352,50.523,-0.567,775.000,400.000,-1,400.000,-1,325.000,325.000,300.000,325.000,700.000,-1,-1,-1,700.000,850.000,775.000,-1,1,0,2,0,2,0,0,0,0,1,2,2,2,1,0,1,2
134,2368.009,-545.673,260.520,67.760,0.378439,-0.925563,0.010826,0.925611,0.378474,0.001380,-0.005374,0.009498,0.999940,0,0.83741,-0.28490,50.244,-0.570,725.000,400.000,-1,400.000,-1,325.000,325.000,300.000,300.000,725.000,-1,-1,-1,650.000,850.000,725.000,-1,1,0,2,0,2,0,0,0,0,1,2,2,2,1,0,1,2
