timestep,x_cm,y_cm,z_cm,yaw_deg,basis_xx,basis_xy,basis_xz,basis_yx,basis_yy,basis_yz,basis_zx,basis_zy,basis_zz,teleport_flag,throttle_cmd,steering_cmd,cmd_move_cm,cmd_turn_deg,lidar_cm_0,lidar_cm_1,lidar_cm_2,lidar_cm_3,lidar_cm_4,lidar_cm_5,lidar_cm_6,lidar_cm_7,lidar_cm_8,lidar_cm_9,lidar_cm_10,lidar_cm_11,lidar_cm_12,lidar_cm_13,lidar_cm_14,lidar_cm_15,lidar_cm_16,lidar_class_0,lidar_class_1,lidar_class_2,lidar_class_3,lidar_class_4,lidar_class_5,lidar_class_6,lidar_class_7,lidar_class_8,lidar_class_9,lidar_class_10,lidar_class_11,lidar_class_12,lidar_class_13,lidar_class_14,lidar_class_15,lidar_class_16
0,988.222,-6229.271,-219.014,25.580,0.901961,-0.431312,-0.020887,0.431816,0.901006,0.041515,0.000913,-0.046464,0.998920,1,0.08000,-0.12000,4.800,-0.240,475.000,350.000,-1,375.000,-1,300.000,300.000,300.000,300.000,-1,-1,-1,-1,625.000,675.000,575.000,-1,1,0,2,0,2,0,0,0,0,2,2,2,2,0,0,1,2
1,996.916,-6225.199,-218.941,25.100,0.905526,-0.423755,-0.021327,0.424287,0.904601,0.040953,0.001938,-0.046133,0.998933,0,0.16000,-0.24000,9.600,-0.480,475.000,350.000,-1,375.000,-1,300.000,300.000,300.000,300.000,-1,-1,-1,-1,625.000,675.000,575.000,-1,1,0,2,0,2,0,0,0,0,2,2,2,2,0,0,1,2
2,1010.009,-6219.206,-218.838,24.597,0.909192,-0.415795,-0.022000,0.416364,0.908311,0.040153,0.003287,-0.045667,0.998951,0,0.24000,-0.25185,14.400,-0.504,450.000,350.000,-1,375.000,-1,300.000,300.000,300.000,300.000,-1,-1,-1,-1,625.000,675.000,550.000,-1,1,0,2,0,2,0,0,0,0,2,2,2,2,0,0,1,2
3,1027.535,-6211.363,-218.703,24.109,0.912665,-0.408066,-0.022917,0.408679,0.911839,0.039123,0.004932,-0.045072,0.998972,0,0.32000,-0.24364,19.200,-0.487,450.000,350.000,-1,375.000,-1,300.000,300.000,300.000,300.000,-1,-1,-1,-1,625.000,675.000,550.000,-1,1,0,2,0,2,0,0,0,0,2,2,2,2,0,0,1,2
4,1049.521,-6201.739,-218.530,23.642,0.915924,-0.400628,-0.024094,0.401293,0.915167,0.037863,0.006881,-0.044348,0.998992,0,0.40000,-0.23368,24.000,-0.467,450.000,350.000,-1,375.000,-1,300.000,300.000,325.000,300.000,-1,-1,-1,-1,625.000,675.000,550.000,-1,1,0,2,0,2,0,0,0,0,2,2,2,2,0,0,1,2
5,1075.993,-6190.395,-218.315,23.198,0.918953,-0.393539,-0.025547,0.394261,0.918278,0.036371,0.009146,-0.043495,0.999012,0,0.48000,-0.22199,28.800,-0.444,425.000,350.000,-1,375.000,-1,300.000,300.000,325.000,300.000,-1,-1,475.000,-1,625.000,675.000,550.000,-1,1,0,2,0,2,0,0,0,0,2,2,0,2,1,0,1,2
6,1106.974,-6177.392,-218.051,22.770,0.921807,-0.386687,-0.027294,0.387471,0.921231,0.034641,0.011749,-0.042508,0.999027,0,0.56000,-0.21393,33.600,-0.428,425.000,375.000,-1,375.000,-1,300.000,300.000,325.000,300.000,-1,475.000,425.000,-1,625.000,700.000,525.000,-1,1,0,2,0,2,0,0,0,0,2,0,0,2,1,0,1,2
7,1142.490,-6162.789,-217.732,22.351,0.924538,-0.379956,-0.029357,0.380805,0.924078,0.032670,0.014715,-0.041384,0.999035,0,0.64000,-0.20955,38.400,-0.419,400.000,375.000,-1,375.000,-1,300.000,300.000,325.000,300.000,-1,425.000,400.000,-1,625.000,700.000,525.000,-1,1,0,2,0,2,0,0,0,0,2,0,0,2,1,0,1,2
8,1182.561,-6146.648,-217.351,21.941,0.927146,-0.373351,-0.031759,0.374264,0.926822,0.030450,0.018066,-0.040118,0.999032,0,0.72000,-0.20508,43.200,-0.410,400.000,375.000,-1,375.000,-1,300.000,300.000,325.000,300.000,-1,400.000,350.000,-1,625.000,700.000,500.000,-1,1,0,2,0,2,0,0,0,0,2,0,0,2,1,0,1,2
9,1227.210,-6129.026,-216.643,21.540,0.929651,-0.366854,-0.034165,0.367839,0.929433,0.029142,0.021063,-0.039659,0.998991,0,0.80000,-0.20073,48.000,-0.401,375.000,375.000,-1,375.000,-1,300.000,300.000,325.000,300.000,-1,400.000,350.000,-1,600.000,700.000,500.000,-1,1,0,2,0,2,0,0,0,0,2,0,0,2,1,0,1,2
10,1276.455,-6109.979,-215.686,21.146,0.932036,-0.360462,-0.037085,0.361543,0.931929,0.028200,0.024396,-0.039691,0.998914,0,0.88000,-0.19676,52.800,-0.394,350.000,375.000,-1,375.000,-1,300.000,300.000,325.000,300.000,-1,375.000,350.000,-1,600.000,725.000,475.000,-1,1,0,2,0,2,0,0,1,0,2,0,0,2,1,0,1,2
11,1325.707,-6091.310,-214.632,20.759,0.934320,-0.354158,-0.040239,0.355345,0.934332,0.027461,0.027871,-0.039956,0.998813,0,0.87785,-0.19342,52.671,-0.387,350.000,375.000,-1,375.000,-1,300.000,300.000,300.000,300.000,-1,375.000,350.000,-1,600.000,750.000,475.000,-1,1,0,2,0,2,0,0,1,0,2,0,0,2,1,0,1,2
12,1377.987,-6071.964,-213.452,20.307,0.936933,-0.346775,-0.043633,0.348077,0.937083,0.026779,0.031602,-0.040278,0.998689,0,0.92907,-0.22591,55.744,-0.452,325.000,375.000,-1,400.000,-1,300.000,300.000,300.000,300.000,-1,375.000,350.000,-1,600.000,800.000,450.000,-1,1,0,2,0,2,0,0,1,0,2,0,0,2,1,0,1,2
13,1429.751,-6053.250,-211.615,19.877,0.939465,-0.339759,-0.044388,0.341017,0.939736,0.024562,0.033368,-0.038212,0.998712,0,0.91738,-0.21504,55.043,-0.430,325.000,375.000,-1,400.000,-1,300.000,300.000,275.000,300.000,-1,425.000,375.000,-1,600.000,825.000,450.000,-1,1,0,2,0,2,0,0,1,0,2,0,0,2,1,0,1,2
14,1480.946,-6035.154,-209.661,19.468,0.941818,-0.333063,-0.045260,0.334266,0.942220,0.022078,0.035292,-0.035922,0.998731,0,0.90498,-0.20472,54.299,-0.409,300.000,375.000,-1,400.000,-1,300.000,325.000,275.000,300.000,-1,450.000,400.000,-1,625.000,850.000,475.000,-1,1,0,2,0,2,0,0,1,0,2,0,0,2,1,0,1,2
15,1531.530,-6017.661,-207.660,19.078,0.944012,-0.326667,-0.046143,0.327810,0.944540,0.019637,0.037169,-0.033664,0.998742,0,0.89205,-0.19500,53.523,-0.390,300.000,375.000,-1,400.000,-1,300.000,325.000,250.000,300.000,-1,475.000,450.000,-1,650.000,875.000,-1,-1,1,0,2,0,2,0,0,1,0,2,0,0,2,0,0,2,2
16,1581.470,-6000.752,-205.617,18.706,0.946061,-0.320555,-0.047036,0.321631,0.946708,0.017241,0.039002,-0.031440,0.998744,0,0.87874,-0.18589,52.725,-0.372,300.000,375.000,-1,400.000,-1,300.000,325.000,250.000,300.000,-1,500.000,475.000,-1,675.000,900.000,-1,-1,1,0,2,0,2,0,0,1,0,2,0,0,2,0,0,2,2
17,1628.083,-5985.089,-203.647,18.574,0.946747,-0.318395,-0.047895,0.319409,0.947497,0.015051,0.040588,-0.029547,0.998739,0,0.81956,-0.06589,49.174,-0.132,325.000,375.000,-1,400.000,-1,300.000,325.000,225.000,300.000,-1,525.000,500.000,-1,675.000,925.000,-1,-1,1,0,2,0,2,0,0,1,0,2,0,0,2,0,0,2,2
18,1673.996,-5969.564,-201.649,18.683,0.946094,-0.320200,-0.048767,0.321152,0.946939,0.012933,0.042038,-0.027898,0.998726,0,0.80778,0.05411,48.467,0.108,325.000,375.000,-1,400.000,-1,300.000,325.000,225.000,300.000,-1,550.000,525.000,-1,700.000,950.000,-1,-1,1,1,2,0,2,0,0,1,0,2,0,0,2,0,0,2,2
19,1719.216,-5953.967,-199.626,19.031,0.944078,-0.325961,-0.049655,0.326856,0.945012,0.010876,0.043379,-0.026498,0.998707,0,0.79724,0.17411,47.834,0.348,-1,375.000,-1,400.000,-1,300.000,325.000,200.000,300.000,-1,575.000,550.000,-1,725.000,975.000,-1,-1,2,1,2,0,2,0,0,1,0,2,0,0,2,0,0,2,2
20,1763.752,-5938.092,-197.531,19.619,0.940621,-0.335658,-0.050648,0.336488,0.941648,0.008617,0.044800,-0.025148,0.998679,0,0.78802,0.29411,47.281,0.588,-1,375.000,-1,425.000,-1,300.000,325.000,200.000,300.000,-1,600.000,575.000,-1,725.000,1000.000,-1,-1,2,0,2,0,2,0,0,1,0,2,0,0,2,0,0,2,2
21,1807.612,-5921.741,-194.368,20.447,0.935498,-0.349276,-0.053378,0.349832,0.936812,0.001148,0.049604,-0.019747,0.998574,0,0.78014,0.41411,46.808,0.828,-1,400.000,-1,425.000,-1,325.000,325.000,200.000,300.000,-1,600.000,500.000,-1,775.000,-1,-1,-1,2,0,2,0,2,0,0,1,0,2,0,0,2,0,2,2,2
22,1850.796,-5904.717,-191.389,21.515,0.928672,-0.366708,-0.055617,0.366994,0.930208,-0.005353,0.053698,-0.015440,0.998438,0,0.77362,0.53411,46.417,1.068,-1,400.000,-1,450.000,-1,325.000,350.000,200.000,300.000,-1,575.000,425.000,-1,825.000,-1,-1,-1,2,0,2,0,2,0,0,1,0,2,0,0,2,0,2,2,2
23,1893.292,-5886.833,-188.604,22.824,0.919927,-0.387867,-0.057382,0.387905,0.921635,-0.010944,0.057130,-0.012191,0.998292,0,0.76844,0.65411,46.106,1.308,-1,425.000,-1,475.000,-1,350.000,350.000,200.000,300.000,-1,500.000,350.000,-1,850.000,-1,-1,-1,2,0,2,0,2,0,0,1,0,2,0,0,2,0,2,2,2
24,1935.106,-5867.963,-186.465,24.290,0.909735,-0.411333,-0.056451,0.411096,0.911446,-0.016296,0.058156,-0.008382,0.998272,0,0.76457,0.73293,45.874,1.466,-1,425.000,-1,475.000,-1,350.000,375.000,200.000,300.000,-1,475.000,325.000,1000.000,875.000,-1,-1,-1,2,0,2,0,2,0,0,1,0,2,0,0,0,0,2,2,2
25,1976.262,-5848.111,-184.631,25.749,0.899052,-0.434428,-0.054571,0.433991,0.900690,-0.020251,0.057950,-0.005476,0.998304,0,0.76157,0.72991,45.694,1.460,-1,425.000,-1,475.000,-1,350.000,375.000,175.000,300.000,-1,475.000,325.000,1000.000,875.000,-1,-1,-1,2,0,2,0,2,0,0,1,0,2,0,0,0,0,2,2,2
26,2016.742,-5827.305,-183.032,27.203,0.887854,-0.457137,-0.052355,0.456588,0.889389,-0.022698,0.056940,-0.003753,0.998371,0,0.75857,0.72667,45.514,1.453,-1,425.000,-1,475.000,-1,350.000,375.000,175.000,300.000,-1,500.000,325.000,1000.000,875.000,-1,-1,-1,2,0,2,0,2,0,0,1,0,2,0,0,0,0,2,2,2
27,2056.527,-5805.569,-181.661,28.649,0.876155,-0.479443,-0.049874,0.478871,0.877567,-0.023618,0.055091,-0.003190,0.998476,0,0.75558,0.72324,45.335,1.446,-1,425.000,-1,475.000,-1,350.000,375.000,175.000,300.000,-1,525.000,350.000,-1,850.000,-1,-1,-1,2,0,2,0,2,0,0,1,0,2,0,0,2,0,2,2,2
28,2095.599,-5782.930,-180.485,30.088,0.863973,-0.501332,-0.047088,0.500815,0.865248,-0.023048,0.052298,-0.003670,0.998625,0,0.75262,0.71960,45.157,1.439,-1,425.000,-1,450.000,-1,350.000,350.000,175.000,300.000,-1,575.000,400.000,-1,825.000,-1,-1,-1,2,0,2,0,2,0,0,1,0,2,0,0,2,0,2,2,2
29,2133.943,-5759.415,-179.540,31.520,0.851313,-0.522787,-0.044279,0.522396,0.852447,-0.020902,0.048673,-0.005337,0.998800,0,0.74969,0.71576,44.981,1.432,-1,400.000,-1,450.000,-1,350.000,350.000,175.000,300.000,-1,675.000,475.000,-1,-1,-1,-1,-1,2,0,2,0,2,0,0,1,0,2,0,0,2,2,2,2,2
30,2171.546,-5735.048,-178.767,32.943,0.838189,-0.543792,-0.041585,0.543570,0.839182,-0.017474,0.044400,-0.007958,0.998982,0,0.74681,0.71173,44.808,1.423,-1,400.000,-1,450.000,-1,325.000,350.000,150.000,300.000,-1,775.000,575.000,-1,-1,-1,-1,-1,2,0,2,0,2,0,0,1,0,2,0,0,2,2,2,2,2
31,2208.396,-5709.855,-177.243,34.358,0.824592,-0.564351,-0.039449,0.564129,0.825499,-0.017598,0.042496,-0.007743,0.999067,0,0.74398,0.70752,44.639,1.415,-1,400.000,-1,425.000,-1,325.000,350.000,150.000,325.000,-1,800.000,625.000,-1,-1,1000.000,-1,-1,2,0,2,0,2,0,0,1,0,2,0,0,2,2,0,2,2
32,2244.483,-5683.862,-175.675,35.765,0.810574,-0.584440,-0.037414,0.584224,0.811401,-0.017592,0.040639,-0.007599,0.999145,0,0.74122,0.70312,44.473,1.406,-1,400.000,-1,425.000,-1,325.000,325.000,150.000,325.000,-1,850.000,650.000,-1,-1,975.000,-1,-1,2,0,2,0,2,0,0,1,0,2,0,0,2,2,0,2,2
33,2279.796,-5657.095,-174.062,37.162,0.796156,-0.604050,-0.035484,0.603844,0.796911,-0.017458,0.038823,-0.007528,0.999218,0,0.73854,0.69855,44.312,1.397,-1,375.000,-1,425.000,-1,325.000,325.000,150.000,325.000,-1,900.000,725.000,-1,-1,950.000,-1,-1,2,0,2,0,2,0,0,1,0,2,0,0,2,2,0,2,2
34,2314.330,-5629.577,-172.404,38.549,0.781361,-0.623171,-0.033660,0.622979,0.782050,-0.017201,0.037042,-0.007529,0.999285,0,0.73595,0.69380,44.157,1.388,-1,375.000,-1,425.000,-1,325.000,325.000,175.000,325.000,-1,950.000,775.000,-1,-1,925.000,-1,-1,2,0,2,0,2,0,0,1,0,2,0,0,2,2,0,2,2
35,2348.078,-5601.332,-170.700,39.927,0.766212,-0.641794,-0.031942,0.641618,0.766839,-0.016825,0.035292,-0.007603,0.999348,0,0.73347,0.68889,44.008,1.378,-1,375.000,-1,425.000,-1,325.000,325.000,175.000,325.000,-1,1000.000,825.000,-1,-1,925.000,-1,-1,2,0,2,0,2,0,0,1,0,2,0,0,2,2,0,2,2
36,2381.035,-5572.383,-168.920,41.295,0.750707,-0.659912,-0.030895,0.659749,0.751301,-0.016665,0.034209,-0.007872,0.999384,0,0.73110,0.68382,43.866,1.368,-1,375.000,-1,425.000,-1,325.000,325.000,175.000,325.000,-1,-1,875.000,-1,-1,900.000,-1,-1,2,0,2,0,2,0,0,1,0,2,2,0,2,2,0,2,2
37,2414.188,-5542.087,-166.505,42.422,0.737786,-0.674589,-0.024508,0.674309,0.738190,-0.019566,0.031291,-0.002090,0.999508,0,0.74851,0.56382,44.911,1.128,-1,375.000,-1,400.000,-1,300.000,325.000,175.000,325.000,-1,-1,1000.000,-1,-1,875.000,-1,-1,2,0,2,0,2,0,0,1,0,2,2,0,2,2,0,2,2
38,2446.721,-5511.418,-163.852,43.310,0.727459,-0.685939,-0.017101,0.685591,0.727646,-0.022283,0.027728,0.004486,0.999605,0,0.74518,0.44382,44.711,0.888,-1,375.000,-1,400.000,-1,300.000,325.000,200.000,325.000,-1,-1,-1,-1,-1,825.000,-1,-1,2,1,2,0,2,0,0,1,0,2,2,2,2,2,0,2,2
39,2478.612,-5480.432,-161.433,44.174,0.717179,-0.696800,-0.011130,0.696437,0.717198,-0.024559,0.025096,0.009862,0.999636,0,0.74109,0.43175,44.466,0.864,-1,-1,-1,400.000,-1,300.000,300.000,200.000,325.000,-1,-1,-1,-1,-1,800.000,-1,-1,2,2,2,0,2,0,0,1,0,2,2,2,2,2,0,2,2
40,2509.878,-5449.138,-159.254,45.025,0.706841,-0.707341,-0.006637,0.706985,0.706733,-0.026465,0.023410,0.014015,0.999628,0,0.73728,0.42556,44.237,0.851,-1,-1,-1,400.000,-1,300.000,300.000,225.000,325.000,-1,-1,-1,-1,-1,800.000,-1,-1,2,2,2,0,2,0,0,1,0,2,2,2,2,2,0,2,2
41,2540.538,-5417.540,-157.315,45.863,0.696476,-0.717571,-0.003629,0.717222,0.696279,-0.028071,0.022670,0.016948,0.999599,0,0.73380,0.41909,44.028,0.838,-1,-1,-1,400.000,-1,300.000,300.000,250.000,300.000,-1,-1,-1,-1,-1,-1,-1,-1,2,2,2,0,2,0,0,1,0,2,2,2,2,2,2,2,2
42,2570.611,-5385.640,-155.775,46.688,0.686119,-0.727488,-0.001361,0.727145,0.685850,-0.029508,0.022400,0.019256,0.999564,0,0.73067,0.41235,43.840,0.825,-1,-1,-1,400.000,-1,-1,300.000,250.000,300.000,-1,-1,-1,-1,-1,-1,-1,-1,2,2,2,0,2,2,0,1,0,2,2,2,2,2,2,2,2
43,2600.117,-5353.441,-154.556,47.498,0.675784,-0.737099,-0.000215,0.736745,0.675469,-0.030784,0.022836,0.020645,0.999526,0,0.72790,0.40536,43.674,0.811,-1,-1,-1,400.000,-1,-1,300.000,275.000,300.000,-1,-1,-1,-1,-1,-1,-1,-1,2,2,2,0,2,2,0,1,0,2,2,2,2,2,2,2,2
44,2629.079,-5320.947,-156.870,48.294,0.665316,-0.746554,-0.003434,0.746441,0.665285,-0.014910,0.013416,0.007357,0.999883,0,0.72547,0.39812,43.528,0.796,-1,-1,-1,375.000,-1,-1,300.000,275.000,325.000,-1,-1,-1,-1,-1,-1,-1,-1,2,2,2,0,2,2,0,1,0,2,2,2,2,2,2,2,2
45,2657.510,-5288.151,-161.641,49.076,0.655088,-0.755477,-0.010704,0.755549,0.654975,0.012400,-0.002357,-0.016210,0.999866,0,0.72340,0.39064,43.404,0.781,-1,-1,-1,325.000,-1,-1,250.000,250.000,350.000,-1,-1,-1,-1,-1,-1,-1,-1,2,2,2,0,2,2,0,0,0,2,2,2,2,2,2,2,2
46,2688.731,-5251.423,-167.715,49.617,0.648471,-0.760939,-0.021403,0.760963,0.647220,0.045187,-0.020532,-0.045589,0.998749,0,0.80340,0.27064,48.204,0.541,-1,-1,-1,850.000,-1,-1,-1,200.000,375.000,400.000,-1,-1,-1,-1,-1,-1,-1,2,2,2,1,2,2,2,0,0,1,2,2,2,2,2,2,2
47,2722.672,-5210.709,-174.772,50.148,0.642852,-0.765256,-0.033552,0.764784,0.638764,0.084179,-0.042987,-0.079775,0.995886,0,0.88340,0.26550,53.004,0.531,-1,-1,-1,850.000,-1,-1,-1,125.000,425.000,275.000,-1,-1,-1,-1,-1,-1,-1,2,2,2,1,2,2,2,0,0,1,2,2,2,2,2,2,2
48,2757.634,-5167.944,-181.969,50.675,0.638472,-0.768389,-0.043948,0.766380,0.629472,0.128167,-0.070818,-0.115512,0.990778,0,0.92056,0.26365,55.234,0.527,-1,-1,-1,850.000,-1,-1,-1,75.000,500.000,225.000,-1,-1,-1,-1,-1,-1,-1,2,2,2,1,2,2,2,1,0,1,2,2,2,2,2,2,2
49,2792.403,-5124.562,-189.671,51.199,0.635696,-0.769884,-0.056306,0.765307,0.619013,0.176429,-0.100975,-0.155247,0.982702,0,0.92651,0.26209,55.590,0.524,-1,-1,-1,800.000,-1,-1,-1,75.000,625.000,200.000,0.000,-1,-1,-1,-1,-1,250.000,2,2,2,1,2,2,2,1,0,1,0,2,2,2,2,2,0
50,3607.606,4919.508,49.841,62.740,0.452475,-0.886129,-0.100211,0.889417,0.456590,-0.021539,0.064841,-0.079383,0.994733,1,0.00000,0.00000,55.941,0.522,-1,400.000,-1,375.000,-1,325.000,300.000,300.000,300.000,1000.000,300.000,375.000,-1,750.000,725.000,-1,-1,2,0,2,0,2,0,0,0,0,0,0,0,2,0,0,2,2
51,3609.786,4923.785,50.141,62.980,0.448733,-0.888005,-0.100430,0.891319,0.452859,-0.021673,0.064727,-0.079790,0.994708,0,0.08000,0.12000,4.800,0.240,-1,400.000,-1,375.000,-1,325.000,300.000,300.000,300.000,1000.000,300.000,375.000,-1,750.000,725.000,-1,-1,2,0,2,0,2,0,0,0,0,0,0,0,2,0,0,2,2
52,3614.075,4932.373,50.736,63.460,0.441227,-0.891709,-0.100862,0.895075,0.445375,-0.021944,0.064489,-0.080597,0.994658,0,0.16000,0.24000,9.600,0.480,-1,400.000,-1,375.000,-1,325.000,325.000,300.000,300.000,1000.000,300.000,375.000,-1,750.000,725.000,-1,-1,2,0,2,0,2,0,0,0,0,0,0,0,2,0,0,2,2
53,3620.346,4945.335,51.616,64.180,0.429913,-0.897148,-0.101491,0.900591,0.434092,-0.022352,0.064110,-0.081792,0.994585,0,0.24000,0.36000,14.400,0.720,-1,400.000,-1,375.000,-1,325.000,325.000,275.000,300.000,1000.000,325.000,375.000,-1,750.000,750.000,-1,-1,2,0,2,0,2,0,0,0,0,0,0,0,2,0,0,2,2
54,3628.416,4962.756,52.768,65.140,0.414728,-0.904177,-0.102297,0.907723,0.418945,-0.022902,0.063564,-0.083359,0.994490,0,0.32000,0.48000,19.200,0.960,-1,400.000,-1,375.000,-1,325.000,325.000,275.000,300.000,1000.000,325.000,400.000,-1,750.000,750.000,-1,-1,2,0,2,0,2,0,0,0,0,0,0,0,2,0,0,2,2
55,3638.045,4984.739,54.172,66.340,0.395591,-0.912604,-0.103255,0.916276,0.399853,-0.023595,0.062820,-0.085275,0.994375,0,0.40000,0.60000,24.000,1.200,-1,400.000,-1,375.000,-1,325.000,325.000,275.000,300.000,1000.000,325.000,400.000,-1,750.000,775.000,-1,-1,2,0,2,0,2,0,0,0,0,0,0,0,2,0,0,2,2
56,3648.934,5011.400,55.808,67.780,0.372412,-0.922184,-0.104333,0.926005,0.376719,-0.024435,0.061837,-0.087513,0.994242,0,0.48000,0.72000,28.800,1.440,-1,400.000,-1,375.000,-1,325.000,325.000,275.000,300.000,1000.000,350.000,425.000,-1,750.000,800.000,-1,-1,2,0,2,0,2,0,0,0,0,0,0,0,2,0,0,2,2
57,3660.720,5042.864,57.646,69.460,0.345090,-0.932622,-0.105497,0.936613,0.349442,-0.025422,0.060574,-0.090037,0.994095,0,0.56000,0.84000,33.600,1.680,-1,400.000,-1,375.000,-1,325.000,325.000,275.000,300.000,1000.000,350.000,450.000,-1,750.000,800.000,-1,-1,2,0,2,0,2,0,0,0,0,0,0,0,2,0,0,2,2
58,3673.059,5079.226,59.653,71.252,0.315624,-0.942860,-0.106751,0.947037,0.320027,-0.026540,0.059186,-0.092720,0.993932,0,0.64000,0.89603,38.400,1.792,-1,400.000,-1,400.000,-1,325.000,325.000,275.000,300.000,1000.000,375.000,450.000,-1,750.000,825.000,-1,-1,2,0,2,0,2,0,0,0,0,0,0,0,2,0,0,2,2
59,3685.647,5120.550,61.800,73.053,0.285690,-0.952206,-0.108096,0.956577,0.290154,-0.027773,0.057810,-0.095468,0.993752,0,0.72000,0.90071,43.200,1.801,-1,400.000,-1,400.000,-1,325.000,325.000,275.000,300.000,-1,375.000,475.000,-1,775.000,850.000,-1,-1,2,0,2,0,2,0,0,0,0,2,0,0,2,0,0,2,2
60,3697.619,5164.825,64.035,74.865,0.255338,-0.960676,-0.109108,0.965220,0.259832,-0.028933,0.056145,-0.097926,0.993609,0,0.76444,0.90618,45.866,1.812,-1,400.000,-1,400.000,-1,325.000,325.000,275.000,300.000,-1,400.000,525.000,-1,775.000,875.000,-1,-1,2,0,2,0,2,0,0,0,0,2,0,0,2,1,0,2,2
61,3708.201,5209.565,66.441,76.690,0.224694,-0.968339,-0.108776,0.972957,0.229086,-0.029564,0.053547,-0.099191,0.993627,0,0.76627,0.91221,45.976,1.824,-1,400.000,-1,400.000,-1,325.000,325.000,275.000,300.000,-1,450.000,575.000,-1,775.000,900.000,-1,-1,2,0,2,0,2,0,0,0,0,2,0,0,2,1,1,2,2
62,3717.373,5254.764,68.766,78.527,0.193624,-0.975082,-0.108286,0.979755,0.197908,-0.030222,0.050899,-0.100242,0.993660,0,0.76870,0.91846,46.122,1.837,-1,400.000,-1,400.000,-1,325.000,325.000,275.000,300.000,-1,525.000,625.000,-1,750.000,850.000,-1,-1,2,0,2,0,2,0,0,0,0,2,0,0,2,0,1,2,2
63,3725.765,5304.988,71.224,80.511,0.159878,-0.981245,-0.107688,0.985985,0.164006,-0.030577,0.047665,-0.101291,0.993714,0,0.84870,0.99224,50.922,1.984,-1,400.000,-1,425.000,-1,325.000,325.000,275.000,300.000,-1,575.000,700.000,-1,750.000,800.000,-1,-1,2,0,2,0,2,0,0,0,0,2,0,0,2,0,1,2,2
64,3732.769,5358.115,73.500,82.489,0.126171,-0.986298,-0.106290,0.991043,0.130048,-0.030348,0.043755,-0.101509,0.993872,0,0.89316,0.98867,53.589,1.977,-1,400.000,-1,425.000,-1,325.000,325.000,275.000,300.000,-1,675.000,775.000,-1,750.000,750.000,-1,-1,2,0,2,0,2,0,0,0,0,2,0,0,2,0,1,2,2
65,3737.980,5411.825,75.609,84.457,0.092456,-0.990198,-0.104693,0.994915,0.096088,-0.030191,0.039955,-0.101370,0.994046,0,0.89940,0.98439,53.964,1.969,975.000,400.000,-1,425.000,-1,325.000,325.000,275.000,300.000,-1,775.000,-1,-1,725.000,700.000,-1,950.000,0,0,2,0,2,0,0,0,0,2,0,2,2,0,1,2,1
66,3741.375,5466.037,77.557,86.416,0.058793,-0.992952,-0.102904,0.997610,0.062189,-0.030103,0.036291,-0.100888,0.994236,0,0.90535,0.97942,54.321,1.959,925.000,400.000,-1,425.000,975.000,325.000,325.000,275.000,300.000,-1,875.000,-1,-1,700.000,675.000,-1,850.000,0,0,2,0,1,0,0,0,0,2,0,2,2,0,1,2,1
67,3742.935,5520.669,79.352,88.364,0.025243,-0.994573,-0.100928,0.999144,0.028411,-0.030083,0.032787,-0.100083,0.994439,0,0.91094,0.97373,54.656,1.947,875.000,400.000,-1,425.000,875.000,325.000,325.000,275.000,275.000,-1,975.000,-1,-1,700.000,650.000,-1,800.000,0,0,2,0,1,0,0,0,0,2,1,2,2,0,1,2,1
68,3742.650,5575.631,81.002,90.298,-0.008134,-0.995077,-0.098773,0.999533,-0.005180,-0.030129,0.029469,-0.098972,0.994654,0,0.91608,0.96728,54.965,1.935,850.000,375.000,-1,400.000,775.000,325.000,325.000,275.000,300.000,-1,-1,-1,-1,675.000,625.000,-1,750.000,0,0,2,1,1,0,0,0,0,2,2,2,2,0,1,2,1
69,3740.512,5630.829,82.517,92.218,-0.041276,-0.994482,-0.096444,0.998800,-0.038522,-0.030242,0.026360,-0.097577,0.994879,0,0.92068,0.96002,55.241,1.920,800.000,375.000,-1,400.000,700.000,325.000,325.000,275.000,300.000,-1,-1,-1,-1,675.000,600.000,-1,700.000,0,0,2,1,1,1,1,0,0,2,2,2,2,0,1,2,1
70,3736.526,5686.161,83.904,94.122,-0.074120,-0.992814,-0.093948,0.996973,-0.071551,-0.030422,0.023482,-0.095918,0.995112,0,0.92463,0.95192,55.478,1.904,775.000,375.000,-1,375.000,625.000,325.000,325.000,275.000,300.000,-1,-1,-1,-1,650.000,575.000,975.000,650.000,0,0,2,1,1,1,1,0,0,2,2,2,2,0,1,0,1
71,3730.701,5741.522,85.174,96.008,-0.106604,-0.990102,-0.091289,0.994083,-0.104205,-0.030670,0.020853,-0.094018,0.995352,0,0.92780,0.94296,55.668,1.886,750.000,375.000,-1,375.000,575.000,325.000,325.000,275.000,300.000,-1,-1,-1,-1,650.000,575.000,925.000,600.000,0,0,2,1,1,0,1,0,0,2,2,2,2,0,1,0,1
72,3723.058,5796.799,86.336,97.874,-0.138666,-0.986379,-0.088474,0.990166,-0.136419,-0.030986,0.018494,-0.091901,0.995596,0,0.93008,0.93309,55.805,1.866,725.000,375.000,-1,350.000,525.000,325.000,325.000,275.000,300.000,-1,-1,-1,-1,650.000,575.000,875.000,575.000,0,0,2,1,1,0,1,0,0,2,2,2,2,0,1,0,1
73,3713.627,5851.876,87.391,99.719,-0.170248,-0.981687,-0.085474,0.985264,-0.168135,-0.031390,0.016444,-0.089558,0.995846,0,0.93133,0.92230,55.880,1.845,725.000,375.000,-1,350.000,475.000,325.000,325.000,275.000,300.000,-1,-1,925.000,-1,625.000,575.000,850.000,550.000,1,0,2,1,1,0,1,0,0,2,2,0,2,0,1,0,1
74,3702.446,5906.629,89.342,101.540,-0.201698,-0.975749,-0.085039,0.979266,-0.199228,-0.036681,0.018849,-0.090674,0.995702,0,0.93141,0.91057,55.885,1.821,675.000,375.000,-1,375.000,475.000,325.000,325.000,275.000,325.000,-1,875.000,650.000,-1,625.000,600.000,850.000,600.000,1,0,2,1,1,0,1,0,0,2,0,0,2,0,1,0,1
75,3689.572,5960.933,91.418,103.336,-0.232590,-0.968882,-0.084679,0.972325,-0.229674,-0.042823,0.022042,-0.092296,0.995488,0,0.93018,0.89792,55.811,1.796,650.000,375.000,-1,400.000,475.000,325.000,350.000,275.000,325.000,-1,675.000,450.000,-1,650.000,675.000,850.000,800.000,1,0,2,1,1,0,1,0,0,2,0,0,2,0,1,0,1
76,3675.072,6014.660,93.067,105.105,-0.262667,-0.961330,-0.082773,0.964584,-0.259468,-0.047486,0.024173,-0.092314,0.995436,0,0.92751,0.88435,55.650,1.769,600.000,375.000,-1,425.000,500.000,325.000,375.000,275.000,350.000,-1,525.000,375.000,-1,650.000,750.000,825.000,-1,1,0,2,1,1,0,0,0,0,2,0,0,2,0,1,1,2
77,3659.021,6067.680,94.261,106.844,-0.291890,-0.953146,-0.079451,0.956116,-0.288577,-0.050657,0.025356,-0.090751,0.995551,0,0.92329,0.86992,55.397,1.740,575.000,375.000,-1,450.000,525.000,325.000,375.000,275.000,325.000,-1,450.000,325.000,-1,650.000,825.000,750.000,-1,1,0,2,1,1,0,0,0,1,2,0,0,2,0,1,1,2
78,3641.509,6119.866,95.011,108.554,-0.320220,-0.944389,-0.074761,0.946998,-0.316974,-0.052173,0.025575,-0.087505,0.995836,0,0.91745,0.85472,55.047,1.709,525.000,375.000,-1,475.000,625.000,325.000,375.000,275.000,300.000,-1,425.000,275.000,-1,625.000,925.000,700.000,-1,1,0,2,1,1,0,0,0,1,2,0,0,2,0,1,1,2
79,3623.047,6170.541,95.384,110.023,-0.344255,-0.936329,-0.069114,0.938539,-0.341226,-0.052049,0.025151,-0.082784,0.996250,0,0.89892,0.73472,53.935,1.469,500.000,375.000,-1,475.000,750.000,325.000,350.000,300.000,275.000,-1,400.000,275.000,-1,625.000,925.000,625.000,-1,1,0,2,0,1,0,0,0,1,2,0,0,2,0,0,1,2
80,3603.686,6220.335,95.454,111.253,-0.364109,-0.929244,-0.062692,0.931042,-0.361413,-0.050414,0.024189,-0.076725,0.996759,0,0.89044,0.61472,53.426,1.229,450.000,375.000,-1,450.000,875.000,325.000,350.000,300.000,250.000,-1,400.000,275.000,-1,600.000,900.000,575.000,-1,1,0,2,0,1,0,0,0,1,2,0,0,2,0,0,1,2
81,3583.680,6269.271,95.287,112.242,-0.379890,-0.923355,-0.055672,0.924751,-0.377606,-0.047422,0.022766,-0.069498,0.997322,0,0.88112,0.49472,52.867,0.989,425.000,350.000,-1,450.000,950.000,325.000,350.000,300.000,225.000,-1,425.000,300.000,-1,600.000,850.000,550.000,-1,1,0,2,0,1,0,0,0,1,2,0,0,2,0,0,1,2
82,3563.269,6317.393,94.947,112.992,-0.391694,-0.918833,-0.048187,0.919857,-0.389861,-0.043270,0.020972,-0.061274,0.997901,0,0.87121,0.37472,52.273,0.749,400.000,350.000,-1,425.000,-1,300.000,325.000,300.000,200.000,-1,450.000,300.000,-1,575.000,800.000,500.000,-1,1,0,2,0,2,0,0,0,1,2,0,0,2,0,0,1,2
83,3542.675,6364.768,94.494,113.501,-0.399600,-0.915802,-0.040335,0.916495,-0.398220,-0.038186,0.018909,-0.052226,0.998456,0,0.86096,0.25472,51.657,0.509,375.000,350.000,-1,400.000,-1,300.000,325.000,300.000,200.000,-1,500.000,325.000,-1,575.000,750.000,475.000,-1,1,0,2,0,2,0,0,0,1,2,0,0,2,0,0,1,2
84,3522.108,6411.477,93.991,113.770,-0.403666,-0.914340,-0.032183,0.914754,-0.402708,-0.032421,0.016683,-0.042527,0.998956,0,0.85062,0.13472,51.037,0.269,350.000,325.000,-1,375.000,-1,300.000,300.000,325.000,175.000,-1,575.000,350.000,-1,550.000,700.000,425.000,-1,1,0,2,0,2,0,0,0,1,2,0,0,2,1,0,1,2
85,3501.760,6457.616,95.489,113.800,-0.404054,-0.914238,-0.030135,0.914606,-0.403224,-0.030121,0.015387,-0.039732,0.999092,0,0.84044,0.01472,50.426,0.029,325.000,325.000,-1,375.000,-1,275.000,300.000,325.000,175.000,-1,700.000,450.000,-1,525.000,675.000,400.000,-1,1,0,2,0,2,0,0,0,1,2,0,0,2,1,0,1,2
86,3481.815,6503.290,97.928,113.589,-0.400712,-0.915708,-0.030139,0.916064,-0.399859,-0.030654,0.016018,-0.039893,0.999076,0,0.83064,-0.10528,49.839,-0.211,300.000,325.000,-1,375.000,-1,275.000,300.000,325.000,175.000,-1,775.000,525.000,-1,525.000,675.000,375.000,-1,1,0,2,0,2,0,0,1,1,2,0,0,2,1,0,1,2
87,3462.449,6548.610,100.374,113.139,-0.393550,-0.918838,-0.029253,0.919127,-0.392651,-0.032111,0.018018,-0.039525,0.999056,0,0.82142,-0.22528,49.285,-0.451,275.000,325.000,-1,375.000,-1,275.000,300.000,300.000,175.000,-1,850.000,600.000,-1,525.000,675.000,350.000,-1,1,0,2,0,2,0,0,1,1,2,0,0,2,1,0,1,2
88,3443.825,6593.690,102.652,112.448,-0.382492,-0.923560,-0.027140,0.923726,-0.381572,-0.033659,0.020730,-0.037944,0.999065,0,0.81291,-0.34528,48.775,-0.691,250.000,325.000,-1,375.000,-1,275.000,300.000,300.000,200.000,-1,900.000,650.000,-1,500.000,675.000,325.000,-1,1,0,2,0,2,0,0,1,1,2,0,0,2,1,0,1,2
89,3426.086,6638.630,104.778,111.543,-0.367876,-0.929567,-0.023940,0.929564,-0.366964,-0.035333,0.024059,-0.035251,0.999089,0,0.80524,-0.45277,48.314,-0.906,250.000,325.000,-1,375.000,-1,275.000,300.000,275.000,200.000,-1,925.000,675.000,-1,525.000,700.000,325.000,-1,1,0,2,0,2,0,0,1,1,2,0,0,2,1,0,1,2
90,3409.203,6683.460,106.811,110.638,-0.353154,-0.935350,-0.020053,0.935154,-0.352283,-0.037190,0.027722,-0.031887,0.999107,0,0.79839,-0.45230,47.903,-0.905,250.000,325.000,-1,375.000,-1,300.000,300.000,250.000,200.000,-1,950.000,700.000,-1,525.000,700.000,325.000,-1,1,0,2,0,2,0,0,1,1,2,0,0,2,1,0,1,2
91,3393.163,6728.177,108.687,109.735,-0.338334,-0.940892,-0.015919,0.940505,-0.337535,-0.039003,0.031325,-0.028168,0.999112,0,0.79178,-0.45154,47.507,-0.903,250.000,325.000,-1,375.000,-1,300.000,300.000,250.000,200.000,-1,975.000,700.000,-1,525.000,700.000,325.000,-1,1,0,2,0,2,0,0,1,1,2,0,0,2,1,0,1,2
92,3377.950,6772.781,110.493,108.834,-0.323418,-0.946190,-0.011186,0.945605,-0.322734,-0.040920,0.035108,-0.023812,0.999100,0,0.78545,-0.45049,47.127,-0.901,250.000,350.000,-1,375.000,-1,300.000,300.000,225.000,200.000,-1,975.000,700.000,-1,550.000,725.000,350.000,-1,1,0,2,0,2,0,0,1,1,2,0,0,2,1,0,1,2
93,3363.549,6817.277,112.231,107.936,-0.308413,-0.951234,-0.005908,0.950451,-0.307893,-0.042962,0.039048,-0.018865,0.999059,0,0.77947,-0.44917,46.768,-0.898,250.000,350.000,-1,400.000,-1,300.000,300.000,225.000,200.000,-1,975.000,675.000,-1,600.000,725.000,425.000,-1,1,0,2,0,2,0,0,1,1,2,0,0,2,0,0,1,2
94,3349.943,6861.671,113.908,107.040,-0.293324,-0.956013,-0.000134,0.955040,-0.293019,-0.045148,0.043123,-0.013371,0.998980,0,0.77386,-0.44760,46.431,-0.895,275.000,350.000,-1,400.000,-1,300.000,300.000,225.000,200.000,-1,950.000,650.000,475.000,625.000,725.000,-1,-1,1,0,2,0,2,0,0,1,1,2,0,0,1,0,0,2,2
95,3337.116,6905.971,115.526,106.149,-0.278157,-0.960516,0.006085,0.959370,-0.278126,-0.047494,0.047311,-0.007373,0.998853,0,0.76864,-0.44578,46.119,-0.892,325.000,350.000,-1,400.000,-1,300.000,300.000,200.000,200.000,-1,925.000,625.000,400.000,650.000,725.000,-1,-1,1,0,2,0,2,0,0,1,1,2,0,0,1,0,0,2,2
96,3325.051,6950.186,117.091,105.261,-0.262917,-0.964735,0.012701,0.963438,-0.263222,-0.050012,0.051592,-0.000912,0.998668,0,0.76385,-0.44373,45.831,-0.887,-1,350.000,-1,400.000,-1,300.000,325.000,200.000,200.000,-1,825.000,575.000,375.000,675.000,750.000,-1,-1,2,0,2,0,2,0,0,1,1,2,0,0,1,0,0,2,2
97,3313.734,6994.328,118.606,104.378,-0.247612,-0.968660,0.019668,0.967243,-0.248320,-0.052712,0.055944,0.005971,0.998416,0,0.75949,-0.44147,45.569,-0.883,-1,375.000,-1,400.000,-1,300.000,325.000,200.000,200.000,-1,725.000,475.000,350.000,700.000,750.000,-1,-1,2,0,2,0,2,0,0,1,1,2,0,0,1,0,0,2,2
98,3303.149,7038.408,120.076,103.500,-0.232249,-0.972283,0.026939,0.970782,-0.233431,-0.055602,0.060349,0.013238,0.998090,0,0.75555,-0.43901,45.333,-0.878,-1,375.000,-1,400.000,-1,300.000,325.000,200.000,200.000,-1,600.000,375.000,325.000,750.000,750.000,-1,-1,2,0,2,0,2,0,0,1,1,2,0,0,1,0,0,2,2
99,3293.282,7082.439,121.970,102.628,-0.216988,-0.975633,0.032513,0.974111,-0.218574,-0.057737,0.063437,0.019143,0.997802,0,0.75204,-0.43637,45.122,-0.873,-1,375.000,-1,400.000,-1,325.000,325.000,200.000,200.000,650.000,525.000,325.000,300.000,775.000,750.000,-1,-1,2,0,2,0,2,0,0,1,1,1,0,0,1,0,0,2,2
100,3283.760,7127.251,124.656,101.995,-0.205985,-0.977922,0.035190,0.976431,-0.207773,-0.058419,0.064441,0.022327,0.997672,0,0.76352,-0.31637,45.811,-0.633,-1,375.000,-1,400.000,-1,325.000,325.000,200.000,200.000,600.000,550.000,350.000,300.000,800.000,750.000,-1,-1,2,0,2,0,2,0,0,1,1,1,0,0,1,0,0,2,2
101,3274.698,7171.953,127.595,101.458,-0.196597,-0.979752,0.037890,0.978303,-0.198589,-0.059032,0.065361,0.025463,0.997537,0,0.76019,-0.26835,45.611,-0.537,-1,400.000,-1,400.000,-1,325.000,325.000,200.000,200.000,575.000,600.000,375.000,325.000,825.000,775.000,-1,-1,2,0,2,0,2,0,0,1,1,1,0,0,1,0,0,2,2
102,3265.228,7219.946,130.951,101.162,-0.191396,-0.980724,0.039339,0.979290,-0.193505,-0.059551,0.066016,0.027126,0.997450,0,0.81531,-0.14835,48.919,-0.297,-1,400.000,-1,400.000,-1,325.000,325.000,200.000,225.000,525.000,625.000,400.000,325.000,825.000,775.000,-1,-1,2,0,2,0,2,0,0,1,1,1,0,0,1,0,0,2,2
103,3255.898,7267.477,134.145,101.105,-0.190368,-0.980896,0.040037,0.979470,-0.192530,-0.059756,0.066323,0.027839,0.997410,0,0.80729,-0.02835,48.437,-0.057,-1,400.000,-1,400.000,-1,325.000,325.000,200.000,225.000,500.000,675.000,450.000,325.000,850.000,775.000,-1,-1,2,0,2,0,2,0,0,1,1,1,0,0,1,0,0,2,2
104,3246.500,7314.562,137.130,101.288,-0.193519,-0.980284,0.039911,0.978846,-0.195669,-0.059779,0.066410,0.027498,0.997413,0,0.80024,0.09165,48.014,0.183,-1,400.000,-1,400.000,-1,325.000,325.000,200.000,225.000,475.000,700.000,475.000,325.000,850.000,800.000,-1,-1,2,0,2,0,2,0,0,1,1,1,0,0,1,0,0,2,2
105,3236.991,7361.255,140.084,101.511,-0.197348,-0.979528,0.039727,0.978083,-0.199478,-0.059691,0.066394,0.027076,0.997426,0,0.79420,0.11128,47.652,0.223,-1,400.000,-1,400.000,-1,325.000,325.000,225.000,225.000,475.000,750.000,525.000,350.000,875.000,800.000,-1,-1,2,0,2,0,2,0,0,1,1,1,0,0,1,0,0,2,2
106,3227.136,7409.721,143.143,101.493,-0.197071,-0.979593,0.039497,0.978155,-0.199180,-0.059490,0.066143,0.026910,0.997447,0,0.82430,-0.00872,49.458,-0.017,-1,400.000,-1,400.000,-1,325.000,325.000,225.000,250.000,450.000,800.000,575.000,350.000,875.000,800.000,-1,-1,2,0,2,0,2,0,0,1,1,1,0,0,1,0,0,2,2
107,3217.583,7457.812,146.170,101.236,-0.192686,-0.980476,0.039236,0.979061,-0.194776,-0.059177,0.065664,0.027012,0.997476,0,0.81718,-0.12872,49.031,-0.257,-1,400.000,-1,400.000,-1,325.000,325.000,225.000,250.000,400.000,850.000,625.000,375.000,875.000,800.000,-1,-1,2,0,2,0,2,0,0,1,1,1,0,0,1,0,0,2,2
108,3208.518,7505.613,149.170,100.738,-0.184182,-0.982120,0.038954,0.980743,-0.186255,-0.058756,0.064960,0.027382,0.997512,0,0.81088,-0.24872,48.653,-0.497,-1,400.000,-1,400.000,-1,325.000,325.000,250.000,250.000,375.000,950.000,700.000,400.000,900.000,800.000,-1,-1,2,0,2,0,2,0,0,1,1,1,0,0,1,0,0,2,2
109,3199.946,7553.174,152.148,100.217,-0.175253,-0.983763,0.038676,0.982431,-0.177306,-0.058245,0.064157,0.027789,0.997553,0,0.80544,-0.26076,48.327,-0.522,-1,400.000,-1,400.000,-1,325.000,325.000,275.000,250.000,375.000,-1,775.000,400.000,900.000,800.000,-1,-1,2,0,2,0,2,0,0,1,1,1,2,0,1,0,0,2,2
110,3191.856,7600.507,155.105,99.698,-0.166356,-0.985318,0.038406,0.984034,-0.168386,-0.057655,0.063275,0.028202,0.997598,0,0.80032,-0.25947,48.019,-0.519,-1,400.000,-1,400.000,-1,325.000,325.000,300.000,250.000,375.000,-1,875.000,425.000,900.000,800.000,-1,-1,2,0,2,0,2,0,0,0,1,1,2,0,1,0,0,2,2
111,3184.240,7647.625,158.042,99.182,-0.157500,-0.986782,0.038148,0.985550,-0.159506,-0.056992,0.062324,0.028620,0.997646,0,0.79549,-0.25793,47.729,-0.516,-1,425.000,-1,400.000,-1,325.000,325.000,300.000,275.000,400.000,-1,975.000,450.000,900.000,800.000,-1,-1,2,0,2,0,2,0,0,0,1,1,2,0,1,0,0,2,2
112,3177.086,7694.541,160.960,98.670,-0.148695,-0.988156,0.037904,0.986981,-0.150676,-0.056266,0.061310,0.029044,0.997696,0,0.79097,-0.25613,47.458,-0.512,-1,425.000,-1,400.000,-1,325.000,325.000,300.000,275.000,400.000,-1,-1,450.000,900.000,800.000,-1,-1,2,0,2,0,2,0,0,0,1,1,2,2,1,0,0,2,2
113,3170.384,7741.270,163.946,98.162,-0.139939,-0.989431,0.037979,0.988343,-0.141903,-0.055159,0.059966,0.029817,0.997755,0,0.78679,-0.25409,47.207,-0.508,-1,425.000,-1,400.000,-1,325.000,325.000,300.000,275.000,425.000,-1,-1,475.000,900.000,800.000,-1,-1,2,0,2,0,2,0,0,0,1,1,2,2,1,0,0,2,2
114,3164.124,7787.828,166.966,97.658,-0.131247,-0.990611,0.038260,0.989628,-0.133196,-0.053817,0.058408,0.030800,0.997818,0,0.78295,-0.25183,46.977,-0.504,-1,425.000,-1,400.000,-1,325.000,325.000,300.000,275.000,450.000,-1,-1,475.000,900.000,800.000,-1,-1,2,0,2,0,2,0,0,0,1,1,2,2,1,0,0,2,2
115,3158.295,7834.232,169.802,97.159,-0.122657,-0.991727,0.037861,0.990790,-0.124568,-0.053081,0.057359,0.031002,0.997872,0,0.77948,-0.24935,46.769,-0.499,-1,425.000,-1,400.000,-1,325.000,325.000,300.000,275.000,450.000,-1,-1,500.000,900.000,800.000,-1,-1,2,0,2,0,2,0,0,0,1,1,2,2,1,0,0,2,2
116,3152.888,7880.499,172.392,96.666,-0.114188,-0.992770,0.037007,0.991883,-0.116025,-0.052022,0.055939,0.030766,0.997960,0,0.77637,-0.24666,46.582,-0.493,-1,425.000,-1,400.000,-1,325.000,325.000,325.000,275.000,500.000,-1,-1,525.000,900.000,800.000,-1,-1,2,0,2,0,2,0,0,0,1,1,2,2,1,0,0,2,2
117,3147.893,7926.646,174.722,96.178,-0.105833,-0.993740,0.035767,0.992892,-0.107575,-0.050919,0.054448,0.030124,0.998062,0,0.77362,-0.24378,46.417,-0.488,-1,425.000,-1,400.000,-1,325.000,325.000,325.000,275.000,525.000,-1,-1,525.000,875.000,800.000,-1,-1,2,0,2,0,2,0,0,0,1,1,2,2,1,0,0,2,2
118,3143.381,7971.456,176.878,95.751,-0.098529,-0.994545,0.034236,0.993733,-0.100157,-0.049632,0.052790,0.029131,0.998181,0,0.75061,-0.21384,45.037,-0.428,-1,425.000,-1,400.000,-1,325.000,325.000,300.000,275.000,550.000,-1,-1,550.000,875.000,800.000,-1,-1,2,0,2,0,2,0,0,0,1,1,2,2,1,0,0,2,2
119,3139.210,8016.175,179.009,95.329,-0.091324,-0.995283,0.032741,0.994506,-0.092843,-0.048361,0.051172,0.028144,0.998293,0,0.74855,-0.21069,44.913,-0.421,-1,425.000,-1,400.000,-1,325.000,325.000,300.000,300.000,575.000,-1,-1,575.000,850.000,775.000,-1,-1,2,0,2,0,2,0,0,0,1,1,2,2,1,0,0,2,2
120,3135.372,8060.820,181.116,94.915,-0.084222,-0.995956,0.031279,0.995212,-0.085639,-0.047105,0.049593,0.027162,0.998400,0,0.74683,-0.20737,44.810,-0.415,-1,425.000,-1,400.000,-1,325.000,325.000,300.000,300.000,625.000,-1,-1,575.000,850.000,775.000,-1,-1,2,0,2,0,2,0,0,0,1,1,2,2,1,0,0,2,2
121,3131.858,8105.408,183.203,94.507,-0.077232,-0.996566,0.029848,0.995855,-0.078550,-0.045862,0.048049,0.026182,0.998502,0,0.74543,-0.20390,44.726,-0.408,-1,425.000,-1,400.000,-1,325.000,325.000,300.000,300.000,650.000,-1,-1,600.000,825.000,775.000,-1,-1,2,0,2,0,2,0,0,0,1,1,2,2,1,0,0,2,2
122,3128.660,8149.955,185.270,94.106,-0.070358,-0.997116,0.028446,0.996436,-0.071583,-0.044631,0.046539,0.025204,0.998598,0,0.74436,-0.20028,44.661,-0.401,-1,425.000,-1,400.000,-1,325.000,325.000,300.000,300.000,700.000,-1,-1,600.000,825.000,775.000,-1,-1,2,0,2,0,2,0,0,0,0,1,2,2,1,0,0,2,2
123,3125.772,8194.476,187.320,93.713,-0.063606,-0.997608,0.027070,0.996957,-0.064743,-0.043412,0.045060,0.024226,0.998690,0,0.74359,-0.19652,44.615,-0.393,-1,400.000,-1,400.000,-1,325.000,325.000,300.000,300.000,750.000,-1,-1,625.000,825.000,775.000,-1,-1,2,0,2,0,2,0,0,0,0,1,2,2,1,0,0,2,2
124,3123.184,8238.988,189.355,93.328,-0.056983,-0.998044,0.025719,0.997422,-0.058035,-0.042201,0.043611,0.023248,0.998778,0,0.74311,-0.19263,44.587,-0.385,-1,400.000,-1,400.000,-1,325.000,325.000,300.000,300.000,800.000,-1,-1,650.000,800.000,775.000,-1,-1,2,0,2,0,2,0,0,0,0,1,2,2,1,0,0,2,2
125,3120.890,8283.503,191.376,92.951,-0.050493,-0.998427,0.024390,0.997833,-0.051464,-0.040999,0.042190,0.022267,0.998861,0,0.74292,-0.18861,44.575,-0.377,-1,400.000,-1,400.000,-1,325.000,325.000,300.000,300.000,825.000,-1,-1,675.000,800.000,775.000,-1,-1,2,0,2,0,2,0,0,0,0,1,2,2,1,0,0,2,2
126,3118.882,8328.038,193.385,92.582,-0.044140,-0.998759,0.023082,0.998192,-0.045035,-0.039804,0.040794,0.021284,0.998941,0,0.74300,-0.18446,44.580,-0.369,-1,400.000,-1,400.000,-1,325.000,325.000,300.000,300.000,875.000,-1,-1,700.000,775.000,775.000,-1,-1,2,0,2,0,2,0,0,0,0,1,2,2,1,0,0,2,2
127,3117.154,8372.605,195.384,92.221,-0.037931,-0.999043,0.021793,0.998502,-0.038753,-0.038615,0.039422,0.020296,0.999017,0,0.74334,-0.18020,44.600,-0.360,-1,400.000,-1,400.000,-1,325.000,325.000,300.000,300.000,950.000,-1,-1,725.000,775.000,750.000,-1,-1,2,0,2,0,2,0,0,0,0,1,2,2,1,0,0,2,2
128,3115.698,8417.217,197.375,91.870,-0.031869,-0.999281,0.020521,0.998767,-0.032621,-0.037429,0.038072,0.019302,0.999089,0,0.74393,-0.17582,44.636,-0.352,-1,400.000,-1,400.000,-1,325.000,325.000,300.000,300.000,1000.000,-1,-1,750.000,775.000,750.000,-1,-1,2,0,2,0,2,0,0,0,0,1,2,2,1,0,0,2,2
129,3114.507,8461.886,199.359,91.527,-0.025959,-0.999477,0.019263,0.998988,-0.026645,-0.036247,0.036741,0.018303,0.999157,0,0.74475,-0.17134,44.685,-0.343,-1,400.000,-1,400.000,-1,325.000,325.000,300.000,300.000,-1,-1,-1,800.000,750.000,750.000,-1,-1,2,0,2,0,2,0,0,0,0,2,2,2,1,0,0,2,2
130,3113.335,8509.729,201.479,91.404,-0.023888,-0.999554,0.017914,0.999088,-0.024504,-0.034970,0.035394,0.017062,0.999228,0,0.79763,-0.06137,47.858,-0.123,-1,400.000,-1,400.000,-1,325.000,325.000,300.000,300.000,-1,-1,-1,825.000,750.000,750.000,-1,-1,2,0,2,0,2,0,0,0,0,2,2,2,1,0,0,2,2
131,3112.255,8557.641,203.249,91.292,-0.021942,-0.999607,0.017467,0.999142,-0.022539,-0.034759,0.035139,0.016689,0.999243,0,0.79873,-0.05632,47.924,-0.113,-1,400.000,-1,400.000,-1,325.000,325.000,300.000,300.000,-1,-1,-1,850.000,750.000,750.000,-1,-1,2,0,2,0,2,0,0,0,0,2,2,2,1,0,0,2,2
132,3110.949,8610.348,205.164,91.419,-0.024171,-0.999560,0.017219,0.999084,-0.024761,-0.034906,0.035317,0.016360,0.999242,0,0.87873,0.06368,52.724,0.127,-1,400.000,-1,400.000,-1,325.000,325.000,300.000,300.000,-1,-1,-1,875.000,725.000,725.000,-1,-1,2,0,2,0,2,0,0,0,0,2,2,2,1,0,0,2,2
133,3109.332,8662.938,207.079,91.761,-0.030145,-0.999401,0.016985,0.998913,-0.030725,-0.035042,0.035543,0.015910,0.999241,0,0.87690,0.17095,52.614,0.342,-1,400.000,-1,400.000,-1,325.000,325.000,300.000,300.000,-1,-1,-1,900.000,725.000,725.000,-1,-1,2,0,2,0,2,0,0,0,0,2,2,2,1,0,0,2,2
134,3107.405,8715.369,208.996,92.106,-0.036170,-0.999205,0.016755,0.998705,-0.036742,-0.035185,0.035773,0.015461,0.999240,0,0.87445,0.17246,52.467,0.345,-1,400.000,-1,400.000,-1,325.000,325.000,300.000,300.000,-1,-1,-1,950.000,700.000,725.000,-1,-1,2,0,2,0,2,0,0,0,0,2,2,2,1,0,0,2,2
