timestep,x_cm,y_cm,z_cm,yaw_deg,basis_xx,basis_xy,basis_xz,basis_yx,basis_yy,basis_yz,basis_zx,basis_zy,basis_zz,teleport_flag,throttle_cmd,steering_cmd,cmd_move_cm,cmd_turn_deg,lidar_cm_0,lidar_cm_1,lidar_cm_2,lidar_cm_3,lidar_cm_4,lidar_cm_5,lidar_cm_6,lidar_cm_7,lidar_cm_8,lidar_cm_9,lidar_cm_10,lidar_cm_11,lidar_cm_12,lidar_cm_13,lidar_cm_14,lidar_cm_15,lidar_cm_16,lidar_class_0,lidar_class_1,lidar_class_2,lidar_class_3,lidar_class_4,lidar_class_5,lidar_class_6,lidar_class_7,lidar_class_8,lidar_class_9,lidar_class_10,lidar_class_11,lidar_class_12,lidar_class_13,lidar_class_14,lidar_class_15,lidar_class_16
0,4699.077,1117.599,378.203,-84.364,0.098183,0.995167,-0.001346,-0.994879,0.098187,0.023979,0.023995,-0.001016,0.999712,0,0.42983,-0.63333,1.045,-0.005,-1,546.871,-1,533.434,-1,455.604,451.486,606.486,517.240,-1,-1,-1,-1,990.629,969.055,-1,-1,2,0,2,0,2,0,0,0,0,2,2,2,2,0,0,2,2
1,4699.059,1118.015,379.423,-84.372,0.098045,0.995182,-0.000464,-0.994859,0.098025,0.025424,0.025347,-0.002031,0.999677,0,0.42988,-0.63333,0.417,-0.008,-1,551.836,-1,539.589,-1,459.823,456.053,608.376,522.279,-1,-1,-1,-1,-1,994.045,-1,-1,2,0,2,0,2,0,0,0,0,2,2,2,2,2,0,2,2
2,4699.126,1117.762,379.445,-84.379,0.097902,0.995196,-0.000224,-0.994785,0.097868,0.028703,0.028587,-0.002587,0.999588,0,0.42991,-0.63333,0.262,-0.008,-1,557.716,-1,546.099,-1,464.348,460.799,606.964,523.584,-1,-1,-1,-1,-1,-1,-1,-1,2,0,2,0,2,0,0,0,0,2,2,2,2,2,2,2,2
3,4699.181,1116.959,378.395,-84.402,0.097495,0.995236,-0.000998,-0.994705,0.097476,0.032549,0.032492,-0.002180,0.999470,0,0.42994,-0.63333,0.805,-0.023,-1,562.833,-1,550.854,-1,467.797,464.180,604.228,520.502,-1,-1,-1,-1,-1,-1,-1,-1,2,0,2,0,2,0,0,0,0,2,2,2,2,2,2,2,2
4,4699.126,1115.661,376.505,-84.443,0.096779,0.995302,-0.002861,-0.994647,0.096819,0.036097,0.036204,-0.000648,0.999344,0,0.43000,-0.63333,1.299,-0.041,-1,566.173,-1,552.398,-1,469.396,465.358,601.477,513.275,-1,-1,-1,-1,-1,-1,-1,-1,2,0,2,0,2,0,0,0,0,2,2,2,2,2,2,2,2
5,4698.912,1113.925,374.167,-84.508,0.095640,0.995403,-0.005115,-0.994651,0.095766,0.038702,0.039014,0.001386,0.999238,0,0.43013,-0.63333,1.749,-0.065,-1,566.828,-1,550.585,-1,468.747,464.119,598.052,503.989,-1,-1,-1,-1,-1,-1,-1,-1,2,0,2,0,2,0,0,0,0,2,2,2,2,2,2,2,2
6,4698.605,1111.855,371.965,-84.590,0.094205,0.995535,-0.005903,-0.994777,0.094364,0.038910,0.039294,0.002207,0.999225,0,0.43033,-0.63333,2.092,-0.083,-1,561.853,-1,544.656,-1,464.354,459.471,590.455,496.976,-1,-1,-1,-1,-1,-1,-1,-1,2,0,2,0,2,0,0,0,0,2,2,2,2,2,2,2,2
7,4698.357,1109.429,370.310,-84.683,0.092593,0.995690,-0.005261,-0.995001,0.092725,0.037091,0.037419,0.001800,0.999298,0,0.43060,-0.63333,2.438,-0.093,-1,553.046,-1,536.523,-1,457.615,452.839,580.549,493.145,-1,-1,-1,-1,-1,-1,-1,-1,2,0,2,0,2,0,0,0,0,2,2,2,2,2,2,2,2
8,4698.151,1106.571,369.500,-84.792,0.090723,0.995868,-0.003984,-0.995260,0.090807,0.034814,0.035032,0.000806,0.999386,0,0.43090,-0.63333,2.866,-0.108,-1,544.867,-1,529.872,-1,451.634,447.169,571.995,492.254,-1,-1,-1,-1,-1,1005.624,-1,-1,2,0,2,0,2,0,0,0,0,2,2,2,2,2,0,2,2
9,4697.939,1103.239,369.546,-84.919,0.088511,0.996072,-0.002452,-0.995526,0.088544,0.032998,0.033086,-0.000480,0.999452,0,0.43124,-0.63333,3.339,-0.128,-1,539.364,-1,526.239,-1,447.830,443.804,567.018,493.930,-1,-1,-1,-1,-1,990.578,-1,-1,2,0,2,0,2,0,0,0,0,2,2,2,2,2,0,2,2
10,4697.682,1099.417,370.274,-85.069,0.085919,0.996302,-0.001074,-0.995787,0.085909,0.032068,0.032042,-0.001686,0.999485,0,0.43164,-0.63333,3.830,-0.149,-1,537.163,-1,525.816,-1,446.533,442.967,564.512,497.175,-1,-1,-1,-1,1007.077,990.997,-1,-1,2,0,2,0,2,0,0,0,0,2,2,2,2,0,0,2,2
11,4697.360,1095.117,371.404,-85.238,0.082983,0.996551,-0.000168,-0.996041,0.082946,0.031975,0.031878,-0.002486,0.999489,0,0.43212,-0.63333,4.312,-0.169,-1,537.704,-1,527.768,-1,447.198,444.009,564.297,500.743,-1,-1,-1,-1,-1,1003.453,-1,-1,2,0,2,0,2,0,0,0,0,2,2,2,2,2,0,2,2
12,4696.974,1090.353,372.648,-85.420,0.079802,0.996811,0.000073,-0.996285,0.079758,0.032476,0.032367,-0.002664,0.999472,0,0.43266,-0.63333,4.780,-0.183,-1,539.942,-1,530.914,-1,448.983,446.009,565.947,503.516,-1,-1,-1,-1,-1,-1,-1,-1,2,0,2,0,2,0,0,0,0,2,2,2,2,2,2,2,2
13,4696.488,1085.161,373.779,-85.622,0.076299,0.997085,-0.000107,-0.996536,0.076261,0.033164,0.033076,-0.002424,0.999450,0,0.43324,-0.63333,5.215,-0.201,-1,542.433,-1,533.875,-1,450.807,447.936,568.114,505.244,-1,-1,-1,-1,-1,-1,-1,-1,2,0,2,0,2,0,0,0,0,2,2,2,2,2,2,2,2
14,4695.898,1079.569,374.644,-85.841,0.072483,0.997370,-0.000441,-0.996802,0.072456,0.033690,0.033633,-0.002003,0.999432,0,0.43388,-0.63333,5.623,-0.219,-1,543.962,-1,535.690,-1,451.818,448.997,569.714,505.935,-1,-1,-1,-1,-1,-1,-1,-1,2,0,2,0,2,0,0,0,0,2,2,2,2,2,2,2,2
15,4695.214,1073.587,375.176,-86.077,0.068377,0.997659,-0.000866,-0.997082,0.068367,0.033951,0.033931,-0.001458,0.999423,0,0.43458,-0.63333,6.021,-0.236,-1,544.064,-1,536.004,-1,451.719,448.908,570.287,505.513,-1,-1,-1,-1,-1,-1,-1,-1,2,0,2,0,2,0,0,0,0,2,2,2,2,2,2,2,2
16,4694.479,1067.279,375.387,-86.331,0.063959,0.997952,-0.001394,-0.997377,0.063969,0.033863,0.033883,-0.000776,0.999426,0,0.43534,-0.63333,6.351,-0.254,-1,542.584,-1,534.682,-1,450.429,447.581,569.884,503.999,-1,-1,-1,-1,-1,-1,-1,-1,2,0,2,0,2,0,0,0,0,2,2,2,2,2,2,2,2
17,4693.738,1060.744,375.319,-86.595,0.059367,0.998235,-0.001693,-0.997674,0.059390,0.033449,0.033491,-0.000297,0.999439,0,0.43615,-0.63333,6.577,-0.264,-1,539.585,-1,532.069,-1,448.017,445.228,567.935,502.078,-1,-1,-1,-1,-1,-1,-1,-1,2,0,2,0,2,0,0,0,0,2,2,2,2,2,2,2,2
18,4692.985,1053.975,375.120,-86.858,0.054789,0.998497,-0.001658,-0.997955,0.054813,0.032882,0.032924,-0.000147,0.999458,0,0.43700,-0.63333,6.810,-0.263,-1,535.689,-1,528.938,-1,445.000,442.387,564.659,500.331,-1,-1,-1,-1,-1,-1,-1,-1,2,0,2,0,2,0,0,0,0,2,2,2,2,2,2,2,2
19,4692.125,1046.863,374.950,-87.137,0.049927,0.998752,-0.001054,-0.998225,0.049935,0.032466,0.032478,-0.000569,0.999472,0,0.43783,-0.63333,7.164,-0.279,-1,531.644,-1,526.404,-1,442.042,439.789,559.913,499.597,-1,-1,-1,-1,-1,-1,-1,-1,2,0,2,0,2,0,0,0,0,2,2,2,2,2,2,2,2
20,4691.141,1039.345,374.855,-87.446,0.044531,0.999008,0.000204,-0.998476,0.044500,0.032631,0.032590,-0.001657,0.999467,0,0.43873,-0.63333,7.582,-0.310,-1,528.284,-1,525.490,-1,439.809,438.146,553.634,500.220,-1,-1,-1,-1,-1,-1,-1,-1,2,0,2,0,2,0,0,0,0,2,2,2,2,2,2,2,2
21,4690.042,1031.389,374.835,-87.783,0.038671,0.999250,0.001975,-0.998688,0.038583,0.033676,0.033574,-0.003275,0.999431,0,0.49672,-0.67815,8.032,-0.336,-1,526.269,-1,526.728,-1,438.753,437.876,546.249,501.992,-1,-1,-1,-1,-1,-1,-1,-1,2,0,2,0,2,0,0,0,0,2,2,2,2,2,2,2,2
22,4688.851,1022.995,374.907,-88.140,0.032446,0.999467,0.003611,-0.998861,0.032299,0.035117,0.034981,-0.004746,0.999377,0,0.49795,-0.67815,8.478,-0.357,-1,525.196,-1,528.876,-1,438.380,438.275,539.442,503.738,-1,-1,-1,-1,-1,-1,-1,-1,2,0,2,0,2,0,0,0,0,2,2,2,2,2,2,2,2
23,4687.410,1014.296,375.119,-88.534,0.025559,0.999659,0.005283,-0.999020,0.025351,0.036284,0.036137,-0.006205,0.999328,0,0.49926,-0.67815,8.818,-0.395,-1,523.851,-1,530.856,-1,437.842,438.533,532.909,505.803,-1,-1,-1,-1,-1,-1,-1,-1,2,0,2,0,2,0,0,0,0,2,2,2,2,2,2,2,2
24,4685.734,1005.318,375.453,-88.963,0.018089,0.999815,0.006491,-0.999160,0.017838,0.036892,0.036769,-0.007152,0.999298,0,0.50072,-0.67815,9.133,-0.428,-1,521.994,-1,531.763,-1,436.841,438.363,527.871,507.228,-1,-1,-1,-1,-1,-1,-1,-1,2,0,2,0,2,0,0,0,0,2,2,2,2,2,2,2,2
25,4683.967,995.999,375.915,-89.398,0.010507,0.999921,0.006843,-0.999250,0.010244,0.037348,0.037275,-0.007230,0.999279,0,0.50231,-0.67815,9.485,-0.435,-1,520.615,-1,532.135,-1,436.065,438.089,525.525,507.296,-1,-1,-1,-1,-1,-1,-1,-1,2,0,2,0,2,0,0,0,0,2,2,2,2,2,2,2,2
26,4681.997,986.428,376.535,-89.848,0.002657,0.999975,0.006543,-0.999300,0.002411,0.037334,0.037317,-0.006637,0.999281,0,0.50392,-0.67815,9.772,-0.450,-1,519.066,-1,531.516,-1,434.972,437.306,525.026,506.479,-1,-1,-1,-1,-1,-1,-1,-1,2,0,2,0,2,0,0,0,0,2,2,2,2,2,2,2,2
27,4679.751,976.619,377.285,-90.328,-0.005719,0.999965,0.006088,-0.999298,-0.005941,0.036979,0.037014,-0.005872,0.999297,0,0.50560,-0.67815,10.063,-0.480,-1,517.191,-1,530.549,-1,433.607,436.221,525.110,505.634,-1,-1,-1,-1,-1,-1,-1,-1,2,0,2,0,2,0,0,0,0,2,2,2,2,2,2,2,2
28,4677.260,966.526,378.095,-90.837,-0.014597,0.999877,0.005752,-0.999214,-0.014799,0.036786,0.036866,-0.005211,0.999307,0,0.50739,-0.67815,10.396,-0.509,-1,515.582,-1,530.201,-1,432.506,435.459,524.978,505.102,-1,-1,-1,-1,-1,-1,-1,-1,2,0,2,0,2,0,0,0,0,2,2,2,2,2,2,2,2
29,4674.564,956.157,378.898,-91.366,-0.023823,0.999702,0.005352,-0.999029,-0.024005,0.036933,0.037050,-0.004467,0.999303,0,0.50930,-0.67815,10.713,-0.529,-1,514.609,-1,530.805,-1,431.818,435.117,524.453,504.407,-1,-1,-1,-1,-1,-1,-1,-1,2,0,2,0,2,0,0,0,0,2,2,2,2,2,2,2,2
30,4671.670,945.496,379.646,-91.913,-0.033358,0.999430,0.005107,-0.998733,-0.033526,0.037541,0.037691,-0.003848,0.999282,0,0.51129,-0.67815,11.047,-0.547,-1,514.568,-1,532.523,-1,431.591,435.307,523.372,503.791,-1,-1,-1,-1,-1,-1,-1,-1,2,0,2,0,2,0,0,0,0,2,2,2,2,2,2,2,2
31,4668.574,934.475,380.242,-92.479,-0.043227,0.999049,0.005689,-0.998294,-0.043417,0.039046,0.039256,-0.003991,0.999221,0,0.51335,-0.67815,11.448,-0.566,-1,515.393,-1,536.338,-1,432.184,436.608,520.217,504.144,-1,-1,-1,-1,-1,-1,-1,-1,2,0,2,0,2,0,0,0,0,2,2,2,2,2,2,2,2
32,4665.126,923.245,380.685,-93.075,-0.053594,0.998535,0.007415,-0.997715,-0.053853,0.040793,0.041133,-0.005212,0.999140,0,0.51548,-0.67815,11.747,-0.595,-1,515.719,-1,541.228,-1,432.734,438.216,514.657,506.005,-1,-1,-1,-1,-1,-1,-1,-1,2,0,2,0,2,0,0,0,0,2,2,2,2,2,2,2,2
33,4661.350,911.998,381.051,-93.714,-0.064725,0.997863,0.008983,-0.997001,-0.065047,0.041930,0.042424,-0.006242,0.999080,0,0.51773,-0.67815,11.865,-0.640,-1,514.781,-1,544.618,-1,432.348,439.068,509.123,507.380,-1,-1,-1,-1,-1,-1,-1,-1,2,0,2,0,2,0,0,0,0,2,2,2,2,2,2,2,2
34,4657.511,900.702,381.464,-94.377,-0.076243,0.997050,0.008812,-0.996155,-0.076551,0.042606,0.043155,-0.005530,0.999053,0,0.52017,-0.67815,11.930,-0.662,-1,513.899,-1,545.733,-1,431.522,438.967,507.333,505.825,-1,-1,-1,-1,-1,-1,-1,-1,2,0,2,0,2,0,0,0,0,2,2,2,2,2,2,2,2
35,4653.486,889.176,382.007,-95.010,-0.087236,0.996153,0.008284,-0.995192,-0.087518,0.043969,0.044525,-0.004409,0.998999,0,0.52270,-0.67815,12.208,-0.633,-1,514.841,-1,548.301,-1,432.211,439.977,506.891,503.781,-1,-1,-1,-1,-1,-1,-1,-1,2,0,2,0,2,0,0,0,0,2,2,2,2,2,2,2,2
36,4649.316,877.379,382.685,-95.628,-0.097972,0.995162,0.007323,-0.994107,-0.098206,0.045911,0.046408,-0.002782,0.998919,0,0.52510,-0.67815,12.513,-0.619,-1,517.426,-1,552.008,-1,434.748,442.648,508.236,501.128,-1,-1,-1,-1,-1,-1,-1,-1,2,0,2,0,2,0,0,0,0,2,2,2,2,2,2,2,2
37,4645.040,865.271,383.495,-96.241,-0.108583,0.994067,0.006365,-0.992897,-0.108764,0.048232,0.048639,-0.001082,0.998816,0,0.52744,-0.67815,12.841,-0.613,-1,521.158,-1,556.700,-1,438.096,446.151,510.346,498.619,-1,-1,-1,-1,-1,-1,-1,-1,2,0,2,0,2,0,0,0,0,2,2,2,2,2,2,2,2
38,4640.480,853.101,384.427,-96.898,-0.119950,0.992761,0.006098,-0.991511,-0.120104,0.049812,0.050184,-0.000071,0.998740,0,0.52974,-0.67424,12.996,-0.657,-1,526.185,-1,560.777,-1,440.609,449.010,511.358,497.614,-1,-1,-1,-1,-1,-1,-1,-1,2,0,2,0,2,0,0,0,0,2,2,2,2,2,2,2,2
39,4635.529,840.906,385.359,-97.612,-0.132293,0.991187,0.006807,-0.989877,-0.132468,0.050951,0.051403,0.000003,0.998678,0,0.53223,-0.66835,13.162,-0.714,-1,530.210,-1,565.134,-1,442.554,451.589,510.470,498.303,-1,-1,-1,-1,-1,-1,-1,-1,2,0,2,0,2,0,0,0,0,2,2,2,2,2,2,2,2
40,4630.085,828.821,386.268,-98.395,-0.145798,0.989278,0.008491,-0.987913,-0.146043,0.051946,0.052629,-0.000815,0.998614,0,0.53496,-0.66188,13.255,-0.783,-1,534.164,-1,571.727,-1,444.449,454.411,507.773,500.643,-1,-1,-1,-1,-1,-1,-1,-1,2,0,2,0,2,0,0,0,0,2,2,2,2,2,2,2,2
41,4624.283,816.796,387.149,-99.215,-0.159905,0.987081,0.010072,-0.985650,-0.160216,0.053152,0.054079,-0.001429,0.998536,0,0.53798,-0.65472,13.351,-0.820,-1,538.796,-1,578.787,-1,446.768,457.666,505.403,502.673,-1,-1,-1,-1,-1,-1,-1,-1,2,0,2,0,2,0,0,0,0,2,2,2,2,2,2,2,2
42,4618.352,804.591,387.967,-100.017,-0.173658,0.984750,0.010486,-0.983196,-0.173973,0.055312,0.056293,-0.000705,0.998414,0,0.47390,-0.53626,13.570,-0.802,-1,546.116,-1,586.648,-1,450.384,462.086,505.470,502.170,-1,-1,-1,-1,-1,-1,-1,-1,2,0,2,0,2,0,0,0,0,2,2,2,2,2,2,2,2
43,4612.329,792.270,388.783,-100.784,-0.186773,0.982347,0.010449,-0.980629,-0.187064,0.058085,0.059014,0.000602,0.998257,0,0.47662,-0.52892,13.714,-0.767,-1,555.347,-1,593.899,-1,455.909,467.280,506.331,500.556,-1,-1,-1,-1,-1,-1,-1,-1,2,0,2,0,2,0,0,0,0,2,2,2,2,2,2,2,2
44,4606.115,779.977,389.626,-101.541,-0.199695,0.979802,0.010447,-0.977924,-0.199959,0.060668,0.061531,0.001899,0.998103,0,0.47920,-0.52193,13.774,-0.758,-1,569.247,-1,599.891,-1,462.927,472.703,507.188,498.970,-1,-1,-1,-1,-1,-1,-1,-1,2,0,2,0,2,0,0,0,0,2,2,2,2,2,2,2,2
45,4599.666,767.928,390.537,-102.314,-0.212837,0.977032,0.010436,-0.975033,-0.213070,0.062538,0.063325,0.003135,0.997988,0,0.48176,-0.51503,13.666,-0.772,-1,581.354,-1,604.283,-1,468.880,478.438,508.088,497.662,-1,-1,-1,-1,-1,-1,-1,-1,2,0,2,0,2,0,0,0,0,2,2,2,2,2,2,2,2
46,4592.967,756.128,391.462,-103.099,-0.226165,0.974029,0.010767,-0.971930,-0.226386,0.064043,0.064818,0.004020,0.997889,0,0.48437,-0.50796,13.568,-0.786,-1,592.543,-1,608.240,-1,474.346,483.795,508.496,497.046,-1,-1,-1,-1,-1,-1,-1,-1,2,0,2,0,2,0,0,0,0,2,2,2,2,2,2,2,2
47,4586.195,744.322,392.307,-103.875,-0.239276,0.970890,0.010932,-0.968671,-0.239470,0.065815,0.066517,0.005158,0.997772,0,0.48704,-0.50075,13.611,-0.776,-1,604.796,-1,612.339,-1,480.109,489.359,509.460,495.776,-1,-1,-1,-1,-1,-1,-1,-1,2,0,2,0,2,0,0,0,0,2,2,2,2,2,2,2,2
48,4579.215,732.555,393.148,-104.632,-0.252010,0.967655,0.011659,-0.965257,-0.252208,0.068337,0.069067,0.005968,0.997594,0,0.48967,-0.49364,13.681,-0.757,-1,620.427,-1,618.915,-1,487.555,496.569,509.606,495.077,-1,-1,-1,-1,-1,-1,-1,-1,2,0,2,0,2,0,0,0,0,2,2,2,2,2,2,2,2
49,4571.991,720.887,393.924,-105.380,-0.264530,0.964288,0.013102,-0.961686,-0.264782,0.071074,0.072005,0.006201,0.997385,0,0.49223,-0.48671,13.723,-0.748,-1,637.864,-1,624.309,-1,495.644,504.433,508.197,495.225,-1,-1,-1,-1,-1,-1,-1,-1,2,0,2,0,2,0,0,0,0,2,2,2,2,2,2,2,2
50,4564.631,709.188,394.608,-106.099,-0.276520,0.960900,0.014430,-0.958064,-0.276816,0.074072,0.075170,0.006657,0.997149,0,0.49476,-0.47987,13.822,-0.719,-1,656.443,-1,630.574,-1,505.450,512.600,506.972,494.653,-1,-1,-1,-1,-1,-1,-1,-1,2,0,2,0,2,0,0,0,0,2,2,2,2,2,2,2,2
51,4557.301,697.263,395.243,-106.791,-0.287996,0.957513,0.015066,-0.954407,-0.288280,0.077470,0.078522,0.007932,0.996881,0,0.49719,-0.47331,13.997,-0.692,-1,677.230,-1,637.311,-1,517.058,520.976,507.097,492.408,-1,-1,-1,-1,-1,-1,-1,-1,2,0,2,0,2,0,0,0,0,2,2,2,2,2,2,2,2
52,4549.910,685.272,395.906,-107.488,-0.299515,0.953968,0.015346,-0.950643,-0.299760,0.080132,0.081043,0.009413,0.996666,0,0.49951,-0.46705,14.086,-0.696,-1,695.514,-1,641.467,-1,527.009,528.436,507.597,489.793,-1,-1,-1,-1,-1,-1,-1,-1,2,0,2,0,2,0,0,0,0,2,2,2,2,2,2,2,2
53,4542.294,673.372,396.636,-108.225,-0.311692,0.950045,0.016200,-0.946599,-0.311950,0.081466,0.082451,0.010057,0.996544,0,0.50184,-0.46074,14.129,-0.738,-1,708.272,-1,642.947,-1,534.410,534.738,506.468,488.835,-1,-1,-1,-1,-1,-1,-1,-1,2,0,2,0,2,0,0,0,0,2,2,2,2,2,2,2,2
54,4532.875,659.265,397.718,-109.140,-0.326748,0.944943,0.017821,-0.941447,-0.327082,0.081819,0.083144,0.009956,0.996488,0,0.50433,-0.45401,16.962,-0.915,-1,719.219,-1,642.935,-1,541.341,539.675,503.133,489.749,-1,-1,-1,-1,-1,-1,-1,-1,2,0,2,0,2,0,0,0,0,2,2,2,2,2,2,2,2
55,4526.538,649.757,398.566,-109.718,-0.336199,0.941609,0.018515,-0.938039,-0.336548,0.082578,0.083987,0.010394,0.996413,0,0.50743,-0.44564,11.426,-0.578,-1,729.419,-1,644.340,-1,547.420,543.308,502.226,489.686,-1,-1,-1,-1,-1,-1,-1,-1,2,0,2,0,2,0,0,0,0,2,2,2,2,2,2,2,2
56,4518.460,637.827,399.707,-110.421,-0.347630,0.937430,0.019481,-0.933718,-0.348000,0.084065,0.085584,0.011034,0.996270,0,0.50937,-0.44038,14.408,-0.703,-1,745.141,-1,648.012,-1,555.932,549.408,501.602,489.567,-1,-1,-1,-1,-1,-1,-1,-1,2,0,2,0,2,0,0,0,0,2,2,2,2,2,2,2,2
57,4510.243,625.898,400.881,-111.133,-0.359149,0.933054,0.020545,-0.929185,-0.359546,0.085686,0.087337,0.011684,0.996110,0,0.51173,-0.43401,14.486,-0.712,-1,761.603,-1,652.199,-1,565.620,556.014,501.100,489.545,-1,-1,-1,-1,-1,-1,-1,-1,2,0,2,0,2,0,0,0,0,2,2,2,2,2,2,2,2
58,4502.054,613.590,402.013,-111.792,-0.369751,0.928886,0.021350,-0.924805,-0.370147,0.087908,0.089559,0.012760,0.995900,0,0.51412,-0.42754,14.783,-0.660,-1,780.681,-1,657.163,-1,576.726,563.699,501.401,488.463,-1,-1,-1,-1,-1,-1,-1,-1,2,0,2,0,2,0,0,0,0,2,2,2,2,2,2,2,2
59,4493.861,600.920,403.063,-112.400,-0.379455,0.924940,0.022371,-0.920642,-0.379871,0.090088,0.091825,0.013588,0.995682,0,0.51631,-0.42162,15.088,-0.607,-1,799.359,-1,662.311,-1,587.797,571.391,501.198,487.362,-1,-1,-1,-1,-1,-1,-1,-1,2,0,2,0,2,0,0,0,0,2,2,2,2,2,2,2,2
60,4485.661,587.920,404.054,-112.961,-0.388390,0.921192,0.023610,-0.916716,-0.388855,0.091776,0.093724,0.014001,0.995500,0,0.51830,-0.41625,15.370,-0.562,-1,815.792,-1,666.913,-1,597.707,577.659,499.323,486.581,-1,-1,-1,-1,-1,-1,-1,-1,2,0,2,0,2,0,0,0,0,2,2,2,2,2,2,2,2
61,4477.395,574.702,405.083,-113.493,-0.396813,0.917561,0.024926,-0.912932,-0.397341,0.093139,0.095365,0.014203,0.995341,0,0.52011,-0.41135,15.590,-0.531,-1,832.950,-1,672.460,-1,606.394,583.477,496.928,486.080,-1,-1,-1,-1,-1,-1,-1,-1,2,0,2,0,2,0,0,0,0,2,2,2,2,2,2,2,2
62,4469.194,561.681,406.145,-113.986,-0.404660,0.914105,0.025713,-0.909474,-0.405226,0.092998,0.095430,0.014247,0.995334,0,-0.12200,-0.45006,15.388,-0.494,-1,841.977,-1,673.469,-1,609.946,585.397,494.330,485.725,-1,-1,-1,-1,-1,-1,-1,-1,2,0,2,0,2,0,0,0,0,2,2,2,2,2,2,2,2
63,4461.410,549.246,407.176,-114.404,-0.411371,0.911121,0.025138,-0.906680,-0.411878,0.091042,0.093304,0.014660,0.995530,0,-0.12237,-0.44585,14.670,-0.418,-1,839.649,-1,667.187,-1,607.464,581.414,492.570,484.389,-1,-1,-1,-1,-1,-1,-1,-1,2,0,2,0,2,0,0,0,0,2,2,2,2,2,2,2,2
64,4454.017,537.286,408.227,-114.758,-0.417060,0.908558,0.024153,-0.904323,-0.417480,0.088942,0.090893,0.015252,0.995744,0,-0.12267,-0.44237,14.061,-0.354,-1,836.141,-1,660.437,-1,604.602,577.025,491.558,482.731,-1,-1,-1,-1,-1,-1,-1,-1,2,0,2,0,2,0,0,0,0,2,2,2,2,2,2,2,2
65,4446.889,525.845,409.287,-115.093,-0.422397,0.906109,0.023402,-0.901989,-0.422743,0.087778,0.089429,0.015969,0.995865,0,-0.12292,-0.43950,13.480,-0.335,-1,837.609,-1,657.899,-1,604.489,575.288,491.152,481.076,-1,-1,-1,-1,-1,-1,-1,-1,2,0,2,0,2,0,0,0,0,2,2,2,2,2,2,2,2
66,4439.930,514.903,410.324,-115.421,-0.427553,0.903687,0.023412,-0.899559,-0.427875,0.087846,0.089403,0.016498,0.995859,0,-0.12315,-0.43679,12.968,-0.328,-1,845.968,-1,660.703,-1,608.225,577.348,490.648,479.960,-1,-1,-1,-1,-1,-1,-1,-1,2,0,2,0,2,0,0,0,0,2,2,2,2,2,2,2,2
67,4433.230,504.415,411.302,-115.736,-0.432461,0.901331,0.024083,-0.897125,-0.432809,0.088562,0.090247,0.016694,0.995779,0,-0.12338,-0.43413,12.445,-0.315,-1,857.976,-1,666.828,-1,614.120,581.656,489.800,479.478,-1,-1,-1,-1,-1,-1,-1,-1,2,0,2,0,2,0,0,0,0,2,2,2,2,2,2,2,2
68,4426.850,494.367,412.235,-116.020,-0.436854,0.899183,0.025047,-0.894893,-0.437257,0.089285,0.091236,0.016590,0.995691,0,-0.12360,-0.43157,11.903,-0.283,-1,878.874,-1,673.851,-1,620.234,586.403,488.513,479.479,-1,-1,-1,-1,-1,-1,-1,-1,2,0,2,0,2,0,0,0,0,2,2,2,2,2,2,2,2
69,4420.760,484.793,413.110,-116.281,-0.440898,0.897184,0.025880,-0.892846,-0.441352,0.089639,0.091845,0.016415,0.995638,0,-0.12380,-0.42930,11.347,-0.261,-1,896.290,-1,679.429,-1,625.085,590.133,487.096,479.487,-1,-1,-1,-1,-1,-1,-1,-1,2,0,2,0,2,0,0,0,0,2,2,2,2,2,2,2,2
70,4414.930,475.717,413.946,-116.530,-0.444774,0.895250,0.026512,-0.890910,-0.445269,0.089527,0.091954,0.016200,0.995631,0,-0.12398,-0.42723,10.787,-0.249,-1,909.077,-1,683.973,-1,628.124,592.666,485.613,479.509,-1,-1,-1,-1,-1,-1,-1,-1,2,0,2,0,2,0,0,0,0,2,2,2,2,2,2,2,2
71,4409.348,467.124,414.758,-116.769,-0.448495,0.893381,0.026898,-0.889069,-0.449013,0.089125,0.091700,0.016057,0.995657,0,-0.12415,-0.42525,10.247,-0.239,-1,918.609,-1,687.206,-1,629.987,594.098,484.247,479.436,-1,-1,-1,-1,-1,-1,-1,-1,2,0,2,0,2,0,0,0,0,2,2,2,2,2,2,2,2
72,4404.005,458.991,415.554,-116.995,-0.452022,0.891596,0.027078,-0.887321,-0.452548,0.088664,0.091306,0.016051,0.995694,0,-0.12431,-0.42335,9.731,-0.227,-1,926.822,-1,689.566,-1,631.425,595.074,483.192,479.188,-1,-1,-1,-1,-1,-1,-1,-1,2,0,2,0,2,0,0,0,0,2,2,2,2,2,2,2,2
73,4398.892,451.298,416.338,-117.210,-0.455359,0.889894,0.027151,-0.885649,-0.455881,0.088310,0.090964,0.016167,0.995723,0,-0.12447,-0.42154,9.237,-0.215,-1,940.583,-1,691.864,-1,632.986,596.523,482.527,478.805,-1,-1,-1,-1,-1,-1,-1,-1,2,0,2,0,2,0,0,0,0,2,2,2,2,2,2,2,2
74,4394.003,444.028,417.104,-117.414,-0.458512,0.888271,0.027206,-0.884039,-0.459027,0.088140,0.090781,0.016362,0.995736,0,-0.12462,-0.41983,8.760,-0.204,-1,961.456,-1,694.579,-1,634.954,598.684,482.155,478.364,-1,-1,-1,-1,-1,-1,-1,-1,2,0,2,0,2,0,0,0,0,2,2,2,2,2,2,2,2
75,4389.340,437.167,417.845,-117.607,-0.461487,0.886727,0.027305,-0.882490,-0.461996,0.088154,0.090783,0.016585,0.995733,0,-0.12476,-0.41821,8.296,-0.193,-1,983.874,-1,697.844,-1,637.632,601.281,481.946,477.931,-1,-1,-1,-1,-1,-1,-1,-1,2,0,2,0,2,0,0,0,0,2,2,2,2,2,2,2,2
76,4384.895,430.705,418.538,-117.788,-0.464267,0.885269,0.027490,-0.881009,-0.464777,0.088348,0.090989,0.016798,0.995710,0,-0.12489,-0.41667,7.844,-0.181,-1,1007.855,-1,701.710,-1,641.117,604.317,481.766,477.514,-1,-1,-1,-1,-1,-1,-1,-1,2,0,2,0,2,0,0,0,0,2,2,2,2,2,2,2,2
77,4380.691,424.639,419.191,-117.958,-0.466875,0.883890,0.027680,-0.879601,-0.467385,0.088614,0.091262,0.017024,0.995681,0,-0.12502,-0.41522,7.380,-0.171,-1,-1,-1,705.625,-1,644.645,607.401,481.662,477.086,-1,-1,-1,-1,-1,-1,-1,-1,2,2,2,0,2,0,0,0,0,2,2,2,2,2,2,2,2
78,4376.771,418.985,419.861,-118.112,-0.469222,0.882643,0.027782,-0.878318,-0.469723,0.088983,0.091590,0.017351,0.995646,0,-0.12513,-0.41386,6.880,-0.154,-1,-1,-1,709.734,-1,648.411,610.710,482.435,476.625,-1,-1,-1,-1,-1,-1,-1,-1,2,2,2,0,2,0,0,0,0,2,2,2,2,2,2,2,2
79,4373.126,413.737,420.558,-118.250,-0.471328,0.881520,0.027790,-0.877170,-0.471815,0.089232,0.091771,0.017681,0.995623,0,-0.12524,-0.41264,6.389,-0.138,-1,-1,-1,713.752,-1,651.798,613.682,484.163,476.317,-1,-1,-1,-1,-1,-1,-1,-1,2,2,2,0,2,0,0,0,0,2,2,2,2,2,2,2,2
80,4369.753,408.842,421.238,-118.374,-0.473214,0.880502,0.028013,-0.876154,-0.473714,0.089157,0.091773,0.017647,0.995624,0,-0.12533,-0.41156,5.945,-0.123,-1,-1,-1,717.873,-1,654.454,616.143,485.122,476.682,-1,-1,-1,-1,-1,-1,-1,-1,2,2,2,0,2,0,0,0,0,2,2,2,2,2,2,2,2
81,4366.636,404.277,421.852,-118.487,-0.474947,0.879550,0.028594,-0.875228,-0.475499,0.088752,0.091658,0.017126,0.995643,0,-0.12542,-0.41060,5.528,-0.113,-1,-1,-1,721.768,-1,656.368,618.125,484.894,477.834,-1,-1,-1,-1,-1,-1,-1,-1,2,2,2,0,2,0,0,0,0,2,2,2,2,2,2,2,2
82,4363.764,400.033,422.366,-118.590,-0.476532,0.878668,0.029331,-0.874385,-0.477153,0.088178,0.091475,0.016374,0.995673,0,-0.12549,-0.40973,5.125,-0.103,-1,-1,-1,725.155,-1,657.646,619.603,483.921,479.198,-1,-1,-1,-1,-1,-1,-1,-1,2,2,2,0,2,0,0,0,0,2,2,2,2,2,2,2,2
83,4361.106,396.113,422.742,-118.688,-0.478038,0.877828,0.029945,-0.873588,-0.478718,0.087596,0.091230,0.015714,0.995706,0,-0.12556,-0.40894,4.736,-0.098,-1,-1,-1,727.927,-1,658.263,620.374,482.788,480.139,-1,-1,-1,-1,-1,-1,-1,-1,2,2,2,0,2,0,0,0,0,2,2,2,2,2,2,2,2
84,4358.645,392.530,422.974,-118.780,-0.479458,0.877042,0.030286,-0.872852,-0.480172,0.086972,0.090820,0.015264,0.995750,0,-0.12562,-0.40818,4.347,-0.092,-1,-1,-1,728.855,-1,657.911,620.078,481.706,480.427,-1,-1,-1,-1,-1,-1,-1,-1,2,2,2,0,2,0,0,0,0,2,2,2,2,2,2,2,2
85,4356.249,388.994,423.125,-118.874,-0.480871,0.876253,0.030724,-0.872038,-0.481614,0.087162,0.091173,0.015122,0.995720,0,0.32743,-0.53782,4.271,-0.094,-1,-1,-1,732.678,-1,659.759,621.770,481.140,480.061,-1,-1,-1,-1,-1,-1,-1,-1,2,2,2,0,2,0,0,0,0,2,2,2,2,2,2,2,2
86,4353.705,385.167,423.280,-118.978,-0.482387,0.875382,0.031766,-0.871026,-0.483199,0.088498,0.092818,0.015021,0.995570,0,0.32760,-0.53708,4.596,-0.105,-1,-1,-1,743.086,-1,666.218,628.079,480.784,479.690,-1,-1,-1,-1,-1,-1,-1,-1,2,2,2,0,2,0,0,0,0,2,2,2,2,2,2,2,2
87,4351.041,381.153,423.496,-119.085,-0.483929,0.874489,0.032903,-0.869994,-0.484819,0.089784,0.094467,0.014824,0.995418,0,0.32779,-0.53626,4.818,-0.106,-1,-1,-1,754.216,-1,672.978,634.801,480.375,479.587,-1,-1,-1,-1,-1,-1,-1,-1,2,2,2,0,2,0,0,0,0,2,2,2,2,2,2,2,2
