timestep,x_cm,y_cm,z_cm,yaw_deg,basis_xx,basis_xy,basis_xz,basis_yx,basis_yy,basis_yz,basis_zx,basis_zy,basis_zz,teleport_flag,throttle_cmd,steering_cmd,cmd_move_cm,cmd_turn_deg,lidar_cm_0,lidar_cm_1,lidar_cm_2,lidar_cm_3,lidar_cm_4,lidar_cm_5,lidar_cm_6,lidar_cm_7,lidar_cm_8,lidar_cm_9,lidar_cm_10,lidar_cm_11,lidar_cm_12,lidar_cm_13,lidar_cm_14,lidar_cm_15,lidar_cm_16,lidar_class_0,lidar_class_1,lidar_class_2,lidar_class_3,lidar_class_4,lidar_class_5,lidar_class_6,lidar_class_7,lidar_class_8,lidar_class_9,lidar_class_10,lidar_class_11,lidar_class_12,lidar_class_13,lidar_class_14,lidar_class_15,lidar_class_16
0,988.647,6886.588,-64.077,-8.407,0.989070,0.146185,0.019227,-0.146415,0.989160,0.011149,-0.017389,-0.013842,0.999753,1,0.08000,-0.12000,4.800,-0.240,-1,350.000,-1,375.000,-1,300.000,300.000,275.000,350.000,-1,-1,-1,425.000,650.000,700.000,-1,-1,2,0,2,0,2,0,0,0,1,2,2,2,1,0,0,2,2
1,998.135,6885.121,-64.241,-8.787,0.988089,0.152755,0.018593,-0.152964,0.988178,0.010358,-0.016791,-0.013079,0.999773,0,0.16000,-0.19033,9.600,-0.381,-1,350.000,-1,375.000,-1,300.000,300.000,275.000,350.000,-1,-1,-1,425.000,650.000,725.000,-1,-1,2,0,2,0,2,0,0,0,1,2,2,2,1,0,0,2,2
2,1012.351,6882.828,-64.452,-9.163,0.987083,0.159235,0.017669,-0.159417,0.987167,0.009387,-0.015947,-0.012082,0.999800,0,0.24000,-0.18790,14.400,-0.376,-1,350.000,-1,375.000,-1,300.000,300.000,275.000,350.000,-1,-1,-1,425.000,650.000,725.000,-1,-1,2,0,2,0,2,0,0,0,1,2,2,2,1,0,0,2,2
3,1031.286,6879.648,-64.713,-9.532,0.986059,0.165582,0.016445,-0.165733,0.986136,0.008236,-0.014854,-0.010847,0.999831,0,0.32000,-0.18423,19.200,-0.368,-1,350.000,-1,375.000,-1,300.000,300.000,300.000,375.000,-1,-1,-1,425.000,650.000,725.000,-1,-1,2,0,2,0,2,0,0,0,1,2,2,2,1,0,0,2,2
4,1054.929,6875.526,-65.027,-9.890,0.985027,0.171753,0.014902,-0.171870,0.985096,0.006898,-0.013495,-0.009356,0.999865,0,0.40000,-0.17929,24.000,-0.359,-1,350.000,-1,375.000,-1,300.000,300.000,300.000,375.000,-1,-1,-1,450.000,650.000,725.000,-1,-1,2,0,2,0,2,0,0,0,0,2,2,2,1,0,0,2,2
5,1083.270,6870.408,-65.404,-10.236,0.983998,0.177702,0.013003,-0.177783,0.984055,0.005353,-0.011844,-0.007579,0.999901,0,0.48000,-0.17302,28.800,-0.346,-1,375.000,-1,375.000,1000.000,300.000,300.000,300.000,350.000,-1,-1,-1,450.000,675.000,725.000,-1,-1,2,0,2,0,1,0,0,0,0,2,2,2,1,0,0,2,2
6,1116.301,6864.246,-65.855,-10.567,0.982984,0.183382,0.010698,-0.183429,0.983027,0.003566,-0.009862,-0.005468,0.999936,0,0.56000,-0.16535,33.600,-0.331,-1,375.000,-1,375.000,975.000,300.000,300.000,300.000,350.000,-1,-1,-1,450.000,675.000,725.000,-1,-1,2,0,2,0,1,0,0,0,0,2,2,2,1,0,0,2,2
7,1154.010,6856.998,-66.397,-10.879,0.981995,0.188741,0.007921,-0.188758,0.982022,0.001491,-0.007497,-0.002960,0.999968,0,0.64000,-0.15620,38.400,-0.312,-1,375.000,-1,375.000,950.000,300.000,325.000,300.000,350.000,-1,-1,-1,475.000,675.000,725.000,-1,-1,2,0,2,0,1,0,0,0,0,2,2,2,1,0,0,2,2
8,1195.924,6848.721,-67.043,-11.170,0.981045,0.193726,0.004625,-0.193724,0.981056,-0.000907,-0.004713,-0.000006,0.999989,0,0.71205,-0.14547,42.723,-0.291,-1,375.000,-1,375.000,900.000,300.000,325.000,300.000,350.000,-1,-1,-1,475.000,700.000,725.000,1000.000,-1,2,0,2,0,1,0,0,0,0,2,2,2,1,0,0,1,2
9,1237.773,6840.255,-67.743,-11.437,0.980144,0.198285,0.001095,-0.198280,0.980139,-0.003436,-0.001755,0.003150,0.999993,0,0.71162,-0.13322,42.697,-0.266,-1,375.000,-1,400.000,875.000,300.000,325.000,300.000,325.000,-1,-1,-1,500.000,700.000,750.000,975.000,-1,2,0,2,0,1,0,0,0,0,2,2,2,1,0,0,1,2
10,1279.613,6831.607,-68.471,-11.678,0.979298,0.202407,-0.002655,-0.202420,0.979279,-0.006247,0.001335,0.006655,0.999977,0,0.71206,-0.12064,42.724,-0.241,-1,375.000,-1,400.000,850.000,325.000,325.000,300.000,325.000,-1,-1,-1,500.000,725.000,750.000,950.000,975.000,2,0,2,0,1,0,0,0,0,2,2,2,1,1,0,1,1
11,1321.493,6822.787,-69.247,-11.894,0.978511,0.206083,-0.006723,-0.206139,0.978479,-0.009289,0.004664,0.010475,0.999934,0,0.71332,-0.10776,42.799,-0.216,-1,400.000,-1,400.000,825.000,325.000,325.000,300.000,325.000,-1,-1,-1,500.000,700.000,750.000,925.000,950.000,2,0,2,0,1,0,0,0,0,2,2,2,1,1,0,1,1
12,1363.463,6813.803,-69.655,-12.083,0.977804,0.209305,-0.009491,-0.209406,0.977765,-0.011213,0.006933,0.012951,0.999892,0,0.71533,-0.09456,42.920,-0.189,-1,400.000,-1,400.000,775.000,325.000,325.000,300.000,300.000,-1,-1,-1,525.000,675.000,750.000,900.000,900.000,2,0,2,0,1,0,0,0,0,2,2,2,1,1,0,1,1
13,1400.677,6805.545,-69.394,-12.512,0.976208,0.216623,-0.009598,-0.216723,0.976170,-0.011076,0.006970,0.012893,0.999893,0,0.63533,-0.21456,38.120,-0.429,-1,400.000,-1,400.000,750.000,325.000,325.000,300.000,300.000,-1,-1,-1,550.000,650.000,750.000,850.000,875.000,2,0,2,0,1,0,0,0,0,2,2,2,1,1,1,1,1
14,1433.120,6797.947,-69.171,-13.181,0.973611,0.228008,-0.009683,-0.228108,0.973574,-0.010977,0.006924,0.012896,0.999893,0,0.55533,-0.33456,33.320,-0.669,-1,400.000,-1,400.000,725.000,325.000,325.000,300.000,300.000,-1,-1,-1,575.000,625.000,725.000,800.000,850.000,2,0,2,0,1,0,0,0,0,2,2,2,1,1,1,1,1
15,1460.781,6791.004,-68.982,-14.090,0.969870,0.243426,-0.009763,-0.243526,0.969833,-0.010887,0.006818,0.012936,0.999893,0,0.47533,-0.45456,28.520,-0.909,1000.000,400.000,-1,400.000,700.000,325.000,325.000,300.000,300.000,-1,-1,-1,600.000,625.000,700.000,750.000,825.000,1,0,2,0,1,0,0,0,0,2,2,2,1,1,1,1,1
16,1483.667,6784.769,-68.826,-15.239,0.964793,0.262827,-0.009838,-0.262927,0.964755,-0.010804,0.006652,0.013010,0.999893,0,0.39533,-0.57456,23.720,-1.149,900.000,400.000,1000.000,400.000,675.000,325.000,325.000,300.000,300.000,-1,-1,-1,600.000,600.000,700.000,725.000,800.000,1,0,1,0,1,0,0,0,0,2,2,2,1,1,1,1,1
17,1501.796,6779.355,-68.703,-16.628,0.958137,0.286137,-0.009909,-0.286236,0.958099,-0.010725,0.006424,0.013113,0.999893,0,0.31533,-0.69456,18.920,-1.389,825.000,400.000,975.000,400.000,675.000,325.000,325.000,300.000,300.000,-1,-1,-1,625.000,600.000,700.000,700.000,775.000,1,0,1,0,1,0,0,0,0,2,2,2,1,1,1,1,1
18,1515.205,6774.932,-68.610,-18.257,0.949615,0.313259,-0.009973,-0.313358,0.949575,-0.010649,0.006134,0.013238,0.999894,0,0.23533,-0.81456,14.120,-1.629,750.000,400.000,975.000,400.000,650.000,325.000,325.000,300.000,300.000,-1,-1,-1,650.000,575.000,675.000,650.000,750.000,1,0,1,0,1,0,0,0,0,2,2,2,1,1,1,1,1
19,1523.956,6771.725,-68.546,-20.127,0.938893,0.344064,-0.010029,-0.344162,0.938851,-0.010572,0.005778,0.013377,0.999894,0,0.15533,-0.93456,9.320,-1.869,725.000,400.000,1000.000,400.000,650.000,325.000,325.000,300.000,300.000,-1,-1,-1,650.000,575.000,675.000,650.000,725.000,1,0,1,0,1,0,0,0,0,2,2,2,1,1,1,1,1
20,1528.143,6770.022,-68.506,-22.127,0.926313,0.376619,-0.010069,-0.376715,0.926270,-0.010493,0.005375,0.013513,0.999894,0,0.07533,-1.00000,4.520,-2.000,675.000,400.000,1000.000,400.000,650.000,325.000,325.000,300.000,300.000,-1,-1,-1,650.000,575.000,650.000,625.000,700.000,1,0,1,0,1,0,0,0,0,2,2,2,1,1,1,1,1
21,1527.888,6770.137,-68.492,-24.127,0.912606,0.408716,-0.010071,-0.408810,0.912560,-0.010406,0.004938,0.013614,0.999895,0,-0.00467,-1.00000,-0.280,-2.000,650.000,400.000,-1,400.000,650.000,325.000,325.000,300.000,300.000,-1,-1,-1,675.000,575.000,625.000,625.000,675.000,1,0,2,0,1,0,0,0,0,2,2,2,1,1,1,1,1
22,1523.327,6772.374,-68.504,-26.127,0.897788,0.440314,-0.010006,-0.440405,0.897740,-0.010301,0.004447,0.013655,0.999897,0,-0.08467,-1.00000,-5.080,-2.000,650.000,400.000,-1,400.000,650.000,325.000,325.000,300.000,300.000,-1,-1,-1,675.000,575.000,625.000,625.000,675.000,1,0,2,0,1,0,0,0,0,2,2,2,1,1,1,1,1
23,1514.614,6777.031,-68.524,-28.127,0.881876,0.471377,-0.009917,-0.471464,0.881826,-0.010204,0.003935,0.013674,0.999899,0,-0.16467,-1.00000,-9.880,-2.000,625.000,400.000,-1,400.000,675.000,325.000,325.000,300.000,300.000,-1,-1,-1,700.000,600.000,600.000,650.000,675.000,1,0,2,0,1,0,0,0,0,2,2,2,1,1,1,1,1
24,1501.917,6784.399,-68.549,-30.127,0.864891,0.501865,-0.009800,-0.501949,0.864838,-0.010115,0.003399,0.013668,0.999901,0,-0.24467,-1.00000,-14.680,-2.000,625.000,400.000,-1,400.000,725.000,325.000,325.000,300.000,300.000,-1,-1,-1,725.000,600.000,600.000,650.000,700.000,1,0,2,0,1,0,0,0,0,2,2,2,1,1,1,1,1
25,1485.420,6794.759,-68.581,-32.127,0.846852,0.531741,-0.009647,-0.531822,0.846797,-0.010073,0.002813,0.013661,0.999903,0,-0.32467,-1.00000,-19.480,-2.000,650.000,400.000,-1,400.000,750.000,325.000,325.000,300.000,300.000,-1,-1,-1,775.000,625.000,600.000,675.000,700.000,1,0,2,0,1,0,0,0,0,2,2,2,1,1,1,1,1
26,1468.319,6806.348,-68.619,-34.127,0.827782,0.560970,-0.009466,-0.561046,0.827723,-0.010122,0.002158,0.013690,0.999904,0,-0.34429,-1.00000,-20.658,-2.000,650.000,400.000,-1,400.000,825.000,325.000,325.000,300.000,300.000,-1,-1,-1,-1,625.000,625.000,700.000,725.000,1,0,2,0,1,0,0,0,0,2,2,2,2,1,1,1,1
27,1452.126,6818.168,-68.642,-36.127,0.807704,0.589516,-0.009278,-0.589587,0.807641,-0.010168,0.001499,0.013683,0.999905,0,-0.33414,-1.00000,-20.048,-2.000,675.000,400.000,-1,400.000,900.000,325.000,325.000,300.000,300.000,-1,-1,-1,-1,650.000,625.000,725.000,775.000,1,0,2,0,1,0,0,0,0,2,2,2,2,1,1,1,1
28,1436.870,6830.141,-68.651,-38.127,0.786642,0.617343,-0.009083,-0.617409,0.786576,-0.010212,0.000841,0.013641,0.999907,0,-0.32322,-1.00000,-19.393,-2.000,700.000,400.000,-1,400.000,975.000,325.000,325.000,300.000,300.000,900.000,-1,-1,-1,675.000,625.000,750.000,800.000,1,0,2,0,1,0,0,0,0,1,2,2,2,1,1,1,1
29,1422.573,6842.192,-68.647,-40.127,0.764621,0.644419,-0.008883,-0.644480,0.764552,-0.010254,0.000183,0.013565,0.999908,0,-0.31164,-1.00000,-18.699,-2.000,700.000,400.000,-1,400.000,-1,325.000,325.000,300.000,300.000,825.000,-1,-1,-1,675.000,625.000,775.000,850.000,1,0,2,0,2,0,0,0,0,1,2,2,2,1,1,1,1
30,1409.245,6854.245,-68.631,-42.127,0.741669,0.670710,-0.008678,-0.670766,0.741598,-0.010295,-0.000470,0.013456,0.999909,0,-0.29949,-1.00000,-17.970,-2.000,725.000,400.000,-1,400.000,-1,325.000,325.000,300.000,300.000,750.000,-1,-1,-1,700.000,650.000,800.000,875.000,1,0,2,0,2,0,0,0,0,1,2,2,2,1,1,1,1
31,1396.890,6866.230,-68.641,-44.127,0.717813,0.696183,-0.008642,-0.696235,0.717739,-0.010359,-0.001009,0.013453,0.999909,0,-0.28688,-1.00000,-17.213,-2.000,750.000,400.000,-1,400.000,-1,325.000,325.000,300.000,300.000,725.000,-1,-1,-1,725.000,650.000,825.000,925.000,1,0,2,0,2,0,0,0,0,1,2,2,2,1,1,1,1
32,1385.500,6878.077,-68.642,-46.127,0.693082,0.720807,-0.008607,-0.720857,0.693005,-0.010410,-0.001539,0.013420,0.999909,0,-0.27391,-1.00000,-16.435,-2.000,750.000,400.000,-1,400.000,-1,325.000,325.000,300.000,300.000,675.000,-1,-1,-1,750.000,675.000,850.000,1000.000,1,0,2,0,2,0,0,0,0,1,2,2,2,1,1,1,1
33,1375.059,6889.724,-68.631,-48.127,0.667507,0.744555,-0.008554,-0.744601,0.667428,-0.010450,-0.002071,0.013345,0.999909,0,-0.26069,-1.00000,-15.641,-2.000,775.000,400.000,-1,400.000,-1,325.000,325.000,300.000,300.000,650.000,-1,-1,-1,750.000,675.000,875.000,-1,1,0,2,0,2,0,0,0,0,1,2,2,2,1,1,1,2
34,1365.546,6901.112,-68.611,-50.127,0.641118,0.767395,-0.008495,-0.767438,0.641038,-0.010479,-0.002597,0.013238,0.999909,0,-0.24731,-1.00000,-14.838,-2.000,800.000,400.000,-1,400.000,-1,325.000,325.000,300.000,300.000,625.000,-1,-1,-1,750.000,700.000,900.000,-1,1,0,2,0,2,0,0,0,0,1,2,2,2,0,1,1,2
35,1356.932,6912.188,-68.586,-52.127,0.613949,0.789301,-0.008439,-0.789340,0.613867,-0.010501,-0.003108,0.013108,0.999909,0,-0.23386,-1.00000,-14.032,-2.000,825.000,400.000,-1,400.000,-1,325.000,325.000,300.000,300.000,600.000,-1,-1,-1,750.000,725.000,950.000,-1,1,0,2,0,2,0,0,0,1,1,2,2,2,0,1,1,2
36,1351.503,6919.654,-68.572,-53.981,0.588090,0.808752,-0.008404,-0.808787,0.588007,-0.010513,-0.003561,0.012980,0.999909,0,-0.15386,-0.92711,-9.232,-1.854,825.000,400.000,-1,400.000,-1,325.000,325.000,300.000,300.000,575.000,-1,-1,-1,750.000,750.000,975.000,-1,1,0,2,0,2,0,0,0,1,1,2,2,2,0,1,1,2
37,1349.015,6923.321,-68.575,-55.835,0.561611,0.827359,-0.008392,-0.827391,0.561527,-0.010520,-0.003991,0.012852,0.999909,0,-0.07386,-0.92727,-4.432,-1.855,850.000,400.000,-1,400.000,-1,325.000,325.000,300.000,300.000,575.000,-1,-1,-1,750.000,775.000,1000.000,-1,1,0,2,0,2,0,0,0,1,1,2,2,2,0,1,1,2
38,1349.211,6923.010,-68.600,-57.690,0.534544,0.845099,-0.008405,-0.845129,0.534459,-0.010526,-0.004404,0.012730,0.999909,0,0.00614,-0.92728,0.368,-1.855,875.000,400.000,-1,400.000,-1,325.000,325.000,300.000,300.000,550.000,-1,-1,-1,750.000,800.000,1000.000,-1,1,0,2,0,2,0,0,0,1,1,2,2,2,0,0,1,2
39,1351.831,6918.555,-68.651,-59.544,0.506917,0.861954,-0.008444,-0.861982,0.506830,-0.010536,-0.004802,0.012619,0.999909,0,0.08614,-0.92728,5.168,-1.855,875.000,400.000,-1,400.000,-1,325.000,325.000,300.000,300.000,550.000,-1,-1,-1,750.000,800.000,975.000,-1,1,0,2,0,2,0,0,0,1,1,2,2,2,1,0,1,2
40,1356.603,6909.803,-68.728,-61.399,0.478754,0.877908,-0.008494,-0.877934,0.478666,-0.010556,-0.005202,0.012511,0.999908,0,0.16614,-0.92742,9.968,-1.855,900.000,400.000,-1,400.000,-1,325.000,325.000,300.000,300.000,575.000,-1,-1,-1,725.000,800.000,975.000,-1,1,0,2,0,2,0,0,0,1,1,2,2,2,1,0,1,2
41,1363.249,6896.614,-68.832,-63.255,0.450078,0.892948,-0.008546,-0.892971,0.449989,-0.010594,-0.005614,0.012399,0.999907,0,0.24614,-0.92779,14.768,-1.856,900.000,400.000,-1,400.000,-1,325.000,325.000,300.000,300.000,575.000,-1,-1,-1,700.000,800.000,950.000,-1,1,0,2,0,2,0,0,0,1,1,2,2,2,1,0,1,2
42,1371.484,6878.863,-68.970,-65.112,0.420909,0.907062,-0.008621,-0.907083,0.420817,-0.010652,-0.006034,0.012303,0.999906,0,0.32614,-0.92848,19.568,-1.857,925.000,400.000,-1,400.000,-1,325.000,325.000,300.000,300.000,600.000,-1,-1,-1,675.000,800.000,925.000,-1,1,0,2,0,2,0,0,0,1,1,2,2,2,1,0,1,2
43,1381.017,6856.437,-69.144,-66.971,0.391264,0.920237,-0.008721,-0.920256,0.391170,-0.010733,-0.006466,0.012225,0.999904,0,0.40614,-0.92954,24.368,-1.859,900.000,400.000,-1,400.000,-1,325.000,325.000,300.000,300.000,650.000,575.000,-1,-1,650.000,800.000,875.000,-1,1,0,2,0,2,0,0,0,1,1,1,2,2,1,0,1,2
44,1391.550,6829.236,-69.357,-68.833,0.361159,0.932462,-0.008849,-0.932479,0.361062,-0.010844,-0.006916,0.012168,0.999902,0,0.48614,-0.93102,29.168,-1.862,875.000,400.000,-1,400.000,-1,325.000,325.000,300.000,300.000,675.000,550.000,-1,-1,625.000,800.000,825.000,-1,1,0,2,0,2,0,0,0,1,1,1,2,2,1,0,1,2
45,1402.777,6797.177,-69.611,-70.699,0.330610,0.943724,-0.009009,-0.943738,0.330510,-0.010986,-0.007391,0.012134,0.999899,0,0.56614,-0.93293,33.968,-1.866,825.000,400.000,-1,400.000,-1,325.000,325.000,300.000,300.000,725.000,550.000,-1,-1,625.000,825.000,775.000,-1,1,1,2,0,2,0,0,0,1,1,1,2,2,1,0,1,2
46,1414.390,6760.189,-69.907,-72.569,0.299635,0.954010,-0.009204,-0.954021,0.299531,-0.011166,-0.007895,0.012126,0.999895,0,0.64614,-0.93524,38.768,-1.870,775.000,375.000,-1,400.000,-1,325.000,325.000,300.000,300.000,800.000,575.000,-1,-1,600.000,825.000,725.000,-1,1,1,2,0,2,1,0,0,1,1,1,2,2,1,0,1,2
47,1426.074,6718.217,-70.249,-74.445,0.268250,0.963303,-0.009438,-0.963312,0.268141,-0.011385,-0.008436,0.012146,0.999891,0,0.72614,-0.93794,43.568,-1.876,725.000,375.000,-1,400.000,-1,325.000,325.000,300.000,300.000,850.000,600.000,750.000,-1,575.000,825.000,675.000,-1,1,1,2,0,2,1,0,0,1,1,1,1,2,1,0,1,2
48,1437.507,6671.219,-70.639,-76.327,0.236477,0.971589,-0.009716,-0.971595,0.236362,-0.011646,-0.009019,0.012195,0.999885,0,0.80614,-0.94095,48.368,-1.882,650.000,375.000,-1,400.000,-1,325.000,325.000,300.000,300.000,925.000,650.000,725.000,-1,575.000,825.000,625.000,-1,1,1,2,0,2,1,0,0,1,1,1,1,2,1,0,1,2
49,1448.366,6619.171,-71.081,-78.215,0.204339,0.978848,-0.010083,-0.978853,0.204217,-0.011952,-0.009640,0.012312,0.999878,0,0.88614,-0.94420,53.168,-1.888,575.000,375.000,-1,400.000,-1,325.000,325.000,300.000,300.000,-1,700.000,750.000,-1,550.000,825.000,575.000,-1,1,1,2,0,2,1,0,0,1,2,1,1,2,1,0,1,2
50,1457.575,6566.347,-71.681,-80.111,0.171872,0.985058,-0.011000,-0.985064,0.171733,-0.012512,-0.010436,0.012986,0.999861,0,0.89368,-0.94756,53.621,-1.895,525.000,350.000,-1,400.000,-1,325.000,325.000,300.000,300.000,-1,725.000,800.000,-1,550.000,825.000,525.000,-1,1,1,2,0,2,0,0,0,1,2,1,1,2,1,0,1,2
51,1464.999,6513.446,-72.354,-82.012,0.139114,0.990201,-0.012222,-0.990212,0.138953,-0.013129,-0.011302,0.013929,0.999839,0,0.89032,-0.95069,53.419,-1.901,450.000,350.000,-1,400.000,-1,325.000,325.000,300.000,300.000,-1,775.000,825.000,-1,550.000,825.000,500.000,-1,1,1,2,0,2,0,0,0,1,2,1,1,2,1,0,1,2
52,1470.636,6460.534,-72.412,-83.919,0.106100,0.994222,-0.016293,-0.994307,0.105918,-0.011658,-0.009865,0.017437,0.999799,0,0.88686,-0.95355,53.212,-1.907,425.000,375.000,-1,425.000,-1,325.000,325.000,325.000,300.000,-1,825.000,850.000,-1,550.000,825.000,475.000,-1,1,1,2,0,2,0,0,0,1,2,1,1,2,1,0,1,2
53,1474.490,6407.675,-72.576,-85.831,0.072870,0.997144,-0.019856,-0.997303,0.072678,-0.010200,-0.008727,0.020546,0.999751,0,0.88332,-0.95613,52.999,-1.912,400.000,375.000,-1,425.000,-1,350.000,350.000,325.000,300.000,-1,875.000,875.000,-1,575.000,850.000,475.000,-1,1,1,2,0,2,0,0,0,1,2,1,1,2,1,0,1,2
54,1476.564,6354.934,-72.888,-87.748,0.039476,0.998962,-0.022737,-0.999188,0.039282,-0.008936,-0.008033,0.023071,0.999702,0,0.87971,-0.95843,52.783,-1.917,375.000,400.000,-1,425.000,-1,350.000,350.000,325.000,300.000,-1,925.000,925.000,-1,625.000,850.000,475.000,-1,1,1,2,0,2,0,0,0,1,2,1,1,2,1,0,1,2
55,1477.143,6297.354,-73.394,-89.425,0.010230,0.999629,-0.025238,-0.999918,0.010032,-0.007931,-0.007675,0.025317,0.999650,0,0.95971,-0.83843,57.583,-1.677,375.000,400.000,-1,425.000,-1,350.000,350.000,325.000,275.000,-1,975.000,975.000,-1,725.000,850.000,475.000,-1,1,1,2,0,2,0,0,0,1,2,1,1,2,1,0,1,2
56,1476.277,6239.732,-74.067,-90.862,-0.014831,0.999522,-0.027109,-0.999860,-0.015036,-0.007365,-0.007769,0.026996,0.999605,0,0.96047,-0.71843,57.628,-1.437,350.000,425.000,-1,425.000,-1,350.000,350.000,325.000,275.000,-1,-1,-1,-1,800.000,850.000,-1,-1,1,1,2,0,2,0,0,1,1,2,2,2,2,1,0,2,2
57,1474.110,6182.681,-74.915,-92.175,-0.037709,0.998888,-0.028282,-0.999253,-0.037930,-0.007332,-0.008397,0.027985,0.999573,0,0.95153,-0.65638,57.092,-1.313,350.000,425.000,-1,425.000,-1,350.000,350.000,275.000,275.000,-1,-1,-1,-1,875.000,850.000,-1,-1,1,1,2,0,2,0,0,1,1,2,2,2,2,1,0,2,2
58,1470.704,6126.327,-75.970,-93.459,-0.060058,0.997783,-0.028656,-0.998148,-0.060309,-0.007969,-0.009680,0.028124,0.999558,0,0.94094,-0.64217,56.456,-1.284,325.000,450.000,-1,425.000,-1,350.000,350.000,250.000,275.000,-1,-1,-1,-1,925.000,825.000,-1,-1,1,1,2,0,2,0,0,1,1,2,2,2,2,1,0,2,2
59,1466.125,6070.783,-77.244,-94.713,-0.081841,0.996246,-0.028211,-0.996577,-0.082134,-0.009387,-0.011669,0.027346,0.999558,0,0.92889,-0.62705,55.733,-1.254,-1,450.000,-1,425.000,-1,350.000,350.000,250.000,275.000,-1,-1,-1,-1,925.000,825.000,-1,-1,2,0,2,0,2,0,0,1,1,2,2,2,2,0,0,2,2
60,1460.444,6016.148,-78.749,-95.935,-0.103029,0.994313,-0.026948,-0.994574,-0.103373,-0.011686,-0.014405,0.025598,0.999569,0,0.91548,-0.61119,54.929,-1.222,-1,450.000,-1,425.000,-1,350.000,350.000,225.000,275.000,-1,-1,-1,-1,900.000,800.000,-1,-1,2,0,2,0,2,0,0,1,1,2,2,2,2,0,0,2,2
61,1453.738,5962.512,-80.492,-97.125,-0.123608,0.992019,-0.024887,-0.992169,-0.124002,-0.014948,-0.017914,0.022845,0.999579,0,0.90090,-0.59479,54.054,-1.190,-1,425.000,-1,400.000,-1,350.000,325.000,200.000,275.000,-1,-1,-1,-1,850.000,800.000,-1,-1,2,0,2,0,2,0,0,1,1,2,2,2,2,0,1,2,2
62,1446.073,5909.945,-82.222,-98.295,-0.143757,0.989338,-0.023340,-0.989320,-0.144249,-0.020944,-0.024087,0.020080,0.999508,0,0.88537,-0.58524,53.122,-1.170,-1,425.000,-1,400.000,-1,325.000,325.000,200.000,275.000,-1,-1,-1,-1,800.000,750.000,-1,-1,2,0,2,0,2,0,0,1,1,2,2,2,2,0,1,2,2
63,1437.502,5858.504,-84.053,-99.458,-0.163727,0.986257,-0.022132,-0.986022,-0.164308,-0.027626,-0.030882,0.017299,0.999373,0,0.86917,-0.58149,52.150,-1.163,-1,400.000,-1,375.000,-1,325.000,325.000,175.000,275.000,-1,-1,-1,-1,750.000,725.000,-1,-1,2,0,2,0,2,0,0,1,1,2,2,2,2,0,1,2,2
64,1428.079,5808.223,-85.474,-100.615,-0.183516,0.982755,-0.022694,-0.982383,-0.184177,-0.031651,-0.035285,0.016486,0.999241,0,0.85260,-0.57809,51.156,-1.156,-1,400.000,-1,375.000,-1,325.000,300.000,175.000,275.000,-1,-1,-1,-1,725.000,700.000,-1,-1,2,0,2,0,2,0,0,1,1,2,2,2,2,0,0,2,2
65,1417.852,5759.118,-86.278,-101.765,-0.203096,0.978833,-0.025267,-0.978454,-0.203861,-0.032686,-0.037145,0.018084,0.999146,0,0.83597,-0.57508,50.158,-1.150,-1,400.000,-1,375.000,-1,325.000,300.000,175.000,250.000,-1,-1,-1,-1,725.000,675.000,-1,-1,2,0,2,0,2,0,0,1,1,2,2,2,2,0,0,2,2
66,1406.865,5711.185,-87.156,-102.910,-0.222522,0.974542,-0.027411,-0.974162,-0.223373,-0.033362,-0.038635,0.019279,0.999067,0,0.81960,-0.57245,49.176,-1.145,-1,400.000,-1,375.000,-1,325.000,300.000,175.000,250.000,-1,-1,-1,-1,700.000,675.000,-1,-1,2,0,2,0,2,0,0,1,1,2,2,2,2,0,0,2,2
67,1396.269,5668.092,-88.065,-103.815,-0.237828,0.970881,-0.028792,-0.970502,-0.238733,-0.033650,-0.039543,0.019940,0.999019,0,0.73960,-0.45245,44.376,-0.905,-1,400.000,-1,375.000,-1,325.000,300.000,200.000,250.000,-1,-1,-1,-1,700.000,650.000,-1,-1,2,0,2,0,2,0,0,1,1,2,2,2,2,0,0,2,2
68,1386.374,5629.773,-88.988,-104.479,-0.249055,0.968041,-0.029464,-0.967666,-0.249982,-0.033647,-0.039937,0.020131,0.998999,0,0.65960,-0.33245,39.576,-0.665,-1,400.000,-1,375.000,-1,325.000,300.000,200.000,250.000,-1,-1,-1,-1,700.000,650.000,-1,-1,2,0,2,0,2,0,0,1,1,2,2,2,2,0,0,2,2
69,1377.429,5596.167,-89.903,-104.904,-0.256233,0.966164,-0.029521,-0.965791,-0.257155,-0.033440,-0.039900,0.019942,0.999005,0,0.57960,-0.21245,34.776,-0.425,-1,375.000,-1,375.000,-1,325.000,300.000,225.000,250.000,-1,-1,-1,-1,675.000,650.000,-1,-1,2,0,2,0,2,0,0,1,1,2,2,2,2,0,0,2,2
70,1369.625,5567.224,-90.787,-105.089,-0.259377,0.965338,-0.029075,-0.964967,-0.260274,-0.033103,-0.039523,0.019470,0.999029,0,0.49960,-0.09245,29.976,-0.185,-1,375.000,-1,375.000,-1,325.000,300.000,225.000,225.000,-1,-1,-1,-1,675.000,625.000,-1,-1,2,0,2,0,2,0,0,1,1,2,2,2,2,0,0,2,2
71,1363.095,5542.910,-91.617,-105.034,-0.258492,0.965600,-0.028240,-0.965230,-0.259349,-0.032689,-0.038888,0.018808,0.999067,0,0.41960,0.02755,25.176,0.055,-1,375.000,-1,375.000,-1,325.000,300.000,225.000,225.000,-1,-1,-1,-1,675.000,625.000,-1,-1,2,0,2,0,2,0,0,1,1,2,2,2,2,0,0,2,2
72,1357.911,5523.204,-92.375,-104.739,-0.253569,0.966937,-0.027116,-0.966568,-0.254376,-0.032233,-0.038065,0.018036,0.999112,0,0.33960,0.14755,20.376,0.295,-1,375.000,-1,375.000,-1,325.000,300.000,225.000,225.000,-1,-1,-1,-1,675.000,625.000,-1,-1,2,0,2,0,2,0,0,1,1,2,2,2,2,0,0,2,2
73,1354.051,5508.114,-93.010,-104.347,-0.246993,0.968669,-0.025971,-0.968302,-0.247751,-0.031796,-0.037234,0.017294,0.999157,0,0.25960,0.19619,15.576,0.392,-1,375.000,-1,375.000,-1,325.000,300.000,225.000,225.000,-1,-1,-1,-1,675.000,625.000,-1,-1,2,0,2,0,2,0,0,1,1,2,2,2,2,0,0,2,2
74,1351.453,5497.656,-93.488,-103.953,-0.240373,0.970359,-0.024985,-0.969993,-0.241092,-0.031428,-0.036520,0.016681,0.999194,0,0.17960,0.19685,10.776,0.394,-1,375.000,-1,375.000,-1,325.000,300.000,225.000,225.000,-1,-1,-1,-1,675.000,625.000,-1,-1,2,0,2,0,2,0,0,1,1,2,2,2,2,0,0,2,2
75,1350.052,5491.846,-93.803,-103.558,-0.233716,0.972004,-0.024189,-0.971640,-0.234404,-0.031148,-0.035946,0.016223,0.999222,0,0.09960,0.19734,5.976,0.395,-1,375.000,-1,375.000,-1,300.000,300.000,225.000,225.000,-1,-1,-1,-1,675.000,625.000,-1,-1,2,0,2,0,2,0,0,1,1,2,2,2,2,0,0,2,2
76,1349.784,5490.701,-93.951,-103.163,-0.227028,0.973602,-0.023595,-0.973240,-0.227694,-0.030965,-0.035520,0.015933,0.999242,0,0.01960,0.19762,1.176,0.395,-1,375.000,-1,375.000,-1,325.000,300.000,225.000,225.000,-1,-1,-1,-1,675.000,625.000,-1,-1,2,0,2,0,2,0,0,1,1,2,2,2,2,0,0,2,2
77,1350.585,5494.235,-93.936,-102.768,-0.220318,0.975152,-0.023197,-0.974791,-0.220971,-0.030881,-0.035240,0.015809,0.999254,0,-0.06040,0.19768,-3.624,0.395,-1,375.000,-1,375.000,-1,325.000,300.000,225.000,225.000,-1,-1,-1,-1,675.000,650.000,-1,-1,2,0,2,0,2,0,0,1,1,2,2,2,2,0,0,2,2
78,1352.390,5502.463,-93.759,-102.373,-0.213596,0.976652,-0.022976,-0.976292,-0.214243,-0.030890,-0.035091,0.015833,0.999259,0,-0.14040,0.19749,-8.424,0.395,-1,375.000,-1,375.000,-1,325.000,300.000,225.000,225.000,-1,-1,-1,-1,675.000,650.000,-1,-1,2,0,2,0,2,0,0,1,1,2,2,2,2,0,0,2,2
79,1355.134,5515.399,-93.429,-101.979,-0.206872,0.978100,-0.022897,-0.977740,-0.207521,-0.030976,-0.035049,0.015979,0.999258,0,-0.22040,0.19701,-13.224,0.394,-1,375.000,-1,375.000,-1,325.000,300.000,225.000,225.000,-1,-1,-1,-1,675.000,650.000,-1,-1,2,0,2,0,2,0,0,1,1,2,2,2,2,0,0,2,2
80,1358.754,5533.056,-92.954,-101.586,-0.200161,0.979495,-0.022915,-0.979135,-0.200816,-0.031119,-0.035082,0.016208,0.999253,0,-0.30040,0.19624,-18.024,0.392,-1,375.000,-1,375.000,-1,325.000,300.000,225.000,225.000,-1,-1,-1,-1,675.000,650.000,-1,-1,2,0,2,0,2,0,0,1,1,2,2,2,2,0,0,2,2
81,1362.845,5553.724,-92.400,-101.196,-0.193479,0.980836,-0.022936,-0.980476,-0.194139,-0.031266,-0.035119,0.016439,0.999248,0,-0.35116,0.19513,-21.070,0.390,-1,375.000,-1,375.000,-1,325.000,300.000,200.000,225.000,-1,-1,-1,-1,675.000,650.000,-1,-1,2,0,2,0,2,0,0,1,1,2,2,2,2,0,0,2,2
82,1366.736,5574.106,-91.874,-100.808,-0.186837,0.982125,-0.022867,-0.981764,-0.187499,-0.031359,-0.035086,0.016591,0.999247,0,-0.34584,0.19379,-20.750,0.388,-1,375.000,-1,375.000,-1,325.000,300.000,200.000,225.000,-1,-1,-1,-1,700.000,650.000,-1,-1,2,0,2,0,2,0,0,1,1,2,2,2,2,0,0,2,2
83,1370.432,5594.194,-91.373,-100.424,-0.180238,0.983361,-0.022717,-0.983000,-0.180898,-0.031404,-0.034991,0.016671,0.999249,0,-0.34041,0.19243,-20.425,0.385,-1,400.000,-1,375.000,-1,325.000,300.000,200.000,225.000,-1,-1,-1,-1,700.000,650.000,-1,-1,2,0,2,0,2,0,0,1,1,2,2,2,2,0,0,2,2
84,1373.935,5613.981,-90.896,-100.041,-0.173682,0.984545,-0.022497,-0.984185,-0.174336,-0.031402,-0.034839,0.016687,0.999254,0,-0.33491,0.19103,-20.095,0.382,-1,400.000,-1,375.000,-1,325.000,300.000,200.000,225.000,-1,-1,-1,-1,700.000,650.000,-1,-1,2,0,2,0,2,0,0,1,1,2,2,2,2,0,0,2,2
85,1377.252,5633.462,-90.441,-99.662,-0.167170,0.985678,-0.022215,-0.985319,-0.167816,-0.031358,-0.034637,0.016647,0.999261,0,-0.32935,0.18961,-19.761,0.379,-1,400.000,-1,375.000,-1,325.000,300.000,200.000,250.000,-1,-1,-1,-1,700.000,675.000,-1,-1,2,0,2,0,2,0,0,1,1,2,2,2,2,0,0,2,2
86,1380.387,5652.633,-90.006,-99.286,-0.160703,0.986760,-0.021881,-0.986403,-0.161339,-0.031275,-0.034391,0.016558,0.999271,0,-0.32377,0.18817,-19.426,0.376,-1,400.000,-1,375.000,-1,325.000,300.000,175.000,250.000,-1,-1,-1,-1,700.000,675.000,-1,-1,2,0,2,0,2,0,0,1,1,2,2,2,2,0,0,2,2
87,1382.712,5667.073,-89.657,-99.150,-0.158359,0.987142,-0.021748,-0.986786,-0.158990,-0.031244,-0.034300,0.016512,0.999275,0,-0.24377,0.06817,-14.626,0.136,-1,400.000,-1,375.000,-1,325.000,300.000,175.000,250.000,-1,-1,-1,-1,700.000,675.000,-1,-1,2,0,2,0,2,0,0,1,1,2,2,2,2,0,0,2,2
88,1384.292,5676.771,-89.388,-99.253,-0.160142,0.986853,-0.021831,-0.986495,-0.160776,-0.031280,-0.034379,0.016527,0.999272,0,-0.16377,-0.05183,-9.826,-0.104,-1,400.000,-1,375.000,-1,325.000,300.000,175.000,250.000,-1,-1,-1,-1,700.000,675.000,-1,-1,2,0,2,0,2,0,0,1,1,2,2,2,2,0,0,2,2
89,1385.130,5681.727,-89.196,-99.597,-0.166048,0.985869,-0.022147,-0.985509,-0.166692,-0.031391,-0.034640,0.016614,0.999262,0,-0.08377,-0.17183,-5.026,-0.344,-1,400.000,-1,375.000,-1,325.000,300.000,175.000,250.000,-1,-1,-1,-1,700.000,675.000,-1,-1,2,0,2,0,2,0,0,1,1,2,2,2,2,0,0,2,2
90,1385.170,5681.949,-89.082,-100.181,-0.176062,0.984117,-0.022709,-0.983754,-0.176726,-0.031575,-0.035087,0.016781,0.999243,0,-0.00377,-0.29183,-0.226,-0.584,-1,400.000,-1,375.000,-1,325.000,300.000,175.000,250.000,-1,-1,-1,-1,700.000,675.000,-1,-1,2,0,2,0,2,0,0,1,1,2,2,2,2,0,0,2,2
91,1384.297,5677.459,-89.043,-101.004,-0.190162,0.981471,-0.023531,-0.981103,-0.190854,-0.031818,-0.035720,0.017035,0.999217,0,0.07623,-0.41183,4.574,-0.824,-1,400.000,-1,375.000,-1,325.000,300.000,175.000,250.000,-1,-1,-1,-1,700.000,675.000,-1,-1,2,0,2,0,2,0,0,1,1,2,2,2,2,0,0,2,2
92,1382.374,5668.284,-89.127,-101.837,-0.204385,0.978587,-0.024378,-0.978216,-0.205105,-0.032036,-0.036350,0.017299,0.999189,0,0.15623,-0.41661,9.374,-0.833,-1,400.000,-1,375.000,-1,325.000,300.000,200.000,250.000,-1,-1,-1,-1,700.000,675.000,-1,-1,2,0,2,0,2,0,0,1,1,2,2,2,2,0,0,2,2
93,1379.265,5654.455,-89.342,-102.670,-0.218547,0.975501,-0.025205,-0.975127,-0.219295,-0.032204,-0.036943,0.017540,0.999163,0,0.23623,-0.41608,14.174,-0.832,-1,400.000,-1,375.000,-1,325.000,300.000,200.000,250.000,-1,-1,-1,-1,700.000,650.000,-1,-1,2,0,2,0,2,0,0,1,1,2,2,2,2,0,0,2,2
94,1374.836,5636.006,-89.703,-103.500,-0.232642,0.972216,-0.025952,-0.971841,-0.233414,-0.032294,-0.037454,0.017708,0.999141,0,0.31623,-0.41536,18.974,-0.831,-1,400.000,-1,375.000,-1,325.000,300.000,200.000,225.000,-1,-1,-1,-1,700.000,650.000,-1,-1,2,0,2,0,2,0,0,1,1,2,2,2,2,0,0,2,2
95,1368.952,5612.971,-90.226,-104.329,-0.246668,0.968737,-0.026529,-0.968362,-0.247456,-0.032265,-0.037821,0.017731,0.999127,0,0.39623,-0.41450,23.774,-0.829,-1,400.000,-1,375.000,-1,325.000,300.000,200.000,225.000,-1,-1,-1,-1,700.000,650.000,-1,-1,2,0,2,0,2,0,0,1,1,2,2,2,2,0,0,2,2
96,1361.596,5585.360,-90.986,-104.918,-0.256622,0.966147,-0.026543,-0.965773,-0.257403,-0.032024,-0.037772,0.017416,0.999135,0,0.47623,-0.29450,28.574,-0.589,-1,375.000,-1,375.000,-1,325.000,300.000,225.000,225.000,-1,-1,-1,-1,675.000,650.000,-1,-1,2,0,2,0,2,0,0,1,1,2,2,2,2,0,0,2,2
97,1352.807,5553.164,-92.010,-105.267,-0.262543,0.964574,-0.025851,-0.964202,-0.263287,-0.031527,-0.037216,0.016649,0.999169,0,0.55623,-0.17450,33.374,-0.349,-1,375.000,-1,375.000,-1,325.000,300.000,225.000,225.000,-1,-1,-1,-1,675.000,650.000,-1,-1,2,0,2,0,2,0,0,1,1,2,2,2,2,0,0,2,2
98,1342.554,5516.393,-93.282,-105.580,-0.267869,0.963143,-0.024544,-0.962774,-0.268550,-0.030762,-0.036219,0.015391,0.999225,0,0.63623,-0.15629,38.174,-0.313,-1,375.000,-1,375.000,-1,325.000,300.000,225.000,225.000,-1,-1,-1,-1,675.000,650.000,-1,-1,2,0,2,1,2,0,0,1,1,2,2,2,2,0,0,2,2
99,1330.784,5475.062,-94.827,-105.896,-0.273282,0.961671,-0.022492,-0.961308,-0.273872,-0.029670,-0.034692,0.013513,0.999307,0,0.71623,-0.15820,42.974,-0.316,-1,375.000,-1,375.000,-1,300.000,300.000,250.000,225.000,-1,-1,-1,-1,675.000,650.000,-1,-1,2,0,2,0,2,0,0,1,1,2,2,2,2,0,0,2,2
100,1317.441,5429.190,-96.686,-106.218,-0.278800,0.960151,-0.019484,-0.959799,-0.279270,-0.028174,-0.032493,0.010846,0.999413,0,0.79623,-0.16065,47.774,-0.321,-1,375.000,-1,375.000,-1,300.000,300.000,250.000,225.000,575.000,-1,-1,-1,675.000,650.000,-1,-1,2,0,2,0,2,0,0,1,1,1,2,2,2,0,0,2,2
101,1303.304,5381.602,-98.516,-106.545,-0.284471,0.958576,-0.014436,-0.958249,-0.284763,-0.025861,-0.028901,0.006476,0.999561,0,0.82738,-0.16372,49.643,-0.327,-1,375.000,-1,375.000,-1,300.000,300.000,250.000,225.000,400.000,-1,-1,-1,675.000,650.000,-1,-1,2,0,2,0,2,0,0,1,1,1,2,2,2,0,0,2,2
102,1287.285,5329.570,-100.500,-107.112,-0.294148,0.955729,-0.007714,-0.955454,-0.294249,-0.022915,-0.024171,0.000630,0.999708,0,0.90738,-0.28372,54.443,-0.567,-1,375.000,-1,375.000,-1,300.000,300.000,275.000,225.000,325.000,-1,-1,-1,675.000,650.000,-1,-1,2,0,2,0,2,0,0,1,1,1,2,2,2,0,0,2,2
103,1270.643,5278.106,-101.482,-107.920,-0.307606,0.951487,-0.007097,-0.951254,-0.307688,-0.021084,-0.022244,0.000265,0.999753,0,0.90146,-0.40372,54.088,-0.807,-1,375.000,-1,375.000,-1,300.000,300.000,275.000,225.000,325.000,-1,-1,-1,675.000,650.000,-1,-1,2,0,2,0,2,0,0,1,1,1,2,2,2,0,0,2,2
104,1253.188,5227.321,-102.503,-108.967,-0.324938,0.945703,-0.007814,-0.945514,-0.325029,-0.018937,-0.020448,0.001235,0.999790,0,0.89502,-0.52372,53.701,-1.047,-1,375.000,-1,375.000,-1,300.000,300.000,300.000,225.000,350.000,-1,-1,-1,675.000,650.000,-1,-1,2,0,2,0,2,0,0,1,1,1,2,2,2,0,0,2,2
105,1234.871,5177.206,-103.725,-110.078,-0.343175,0.939223,-0.009520,-0.939071,-0.343294,-0.017183,-0.019407,0.003043,0.999807,0,0.88929,-0.55520,53.357,-1.110,-1,375.000,-1,375.000,-1,300.000,300.000,325.000,200.000,400.000,-1,-1,-1,650.000,650.000,-1,-1,2,0,2,0,2,0,0,1,1,1,2,2,2,0,0,2,2
106,1215.705,5127.761,-104.978,-111.188,-0.361269,0.932390,-0.011527,-0.932272,-0.361417,-0.015693,-0.018798,0.005077,0.999810,0,0.88382,-0.55488,53.029,-1.110,-1,375.000,-1,350.000,-1,300.000,300.000,325.000,200.000,450.000,725.000,-1,-1,650.000,625.000,-1,-1,2,0,2,0,2,0,0,0,1,1,1,2,2,0,0,2,2
107,1195.707,5078.993,-105.421,-112.296,-0.379284,0.925227,-0.009901,-0.925145,-0.379390,-0.013055,-0.015835,0.004208,0.999866,0,0.87849,-0.55428,52.710,-1.109,-1,375.000,-1,375.000,-1,300.000,300.000,325.000,225.000,475.000,675.000,725.000,-1,650.000,650.000,-1,-1,2,0,2,0,2,0,0,0,1,1,1,0,2,0,0,2,2
108,1174.894,5030.902,-105.836,-113.403,-0.397122,0.917730,-0.008183,-0.917676,-0.397192,-0.010458,-0.012848,0.003356,0.999912,0,0.87336,-0.55339,52.402,-1.107,-1,375.000,-1,375.000,-1,300.000,300.000,325.000,225.000,525.000,625.000,600.000,925.000,650.000,650.000,-1,-1,2,0,2,0,2,0,0,0,1,1,0,0,1,0,0,2,2
109,1153.279,4983.489,-106.221,-114.507,-0.414767,0.909905,-0.006376,-0.909874,-0.414809,-0.007905,-0.009838,0.002523,0.999948,0,0.86846,-0.55224,52.107,-1.104,-1,375.000,-1,375.000,-1,300.000,300.000,325.000,225.000,575.000,550.000,525.000,900.000,650.000,650.000,-1,-1,2,0,2,0,2,0,0,0,1,1,0,0,1,0,0,2,2
110,1130.877,4936.752,-106.577,-115.609,-0.432207,0.901763,-0.004483,-0.901749,-0.432226,-0.005398,-0.006805,0.001709,0.999975,0,0.86382,-0.55082,51.829,-1.102,-1,375.000,-1,375.000,-1,300.000,300.000,300.000,225.000,625.000,475.000,475.000,850.000,650.000,650.000,-1,-1,2,0,2,0,2,0,0,0,1,1,0,0,1,0,0,2,2
111,1107.701,4890.685,-106.901,-116.707,-0.449426,0.893314,-0.002504,-0.893309,-0.449432,-0.002940,-0.003752,0.000915,0.999993,0,0.85948,-0.54915,51.569,-1.098,-1,375.000,-1,375.000,-1,300.000,300.000,300.000,250.000,700.000,425.000,425.000,825.000,650.000,650.000,-1,-1,2,0,2,0,2,0,0,0,1,1,0,0,1,0,0,2,2
112,1083.761,4845.283,-107.194,-117.802,-0.466414,0.884566,-0.000441,-0.884566,-0.466414,-0.000533,-0.000678,0.000142,1.000000,0,0.85545,-0.54725,51.327,-1.095,-1,375.000,-1,375.000,-1,300.000,300.000,300.000,250.000,750.000,400.000,400.000,775.000,675.000,675.000,-1,-1,2,0,2,0,2,0,0,0,1,1,0,0,1,0,0,2,2
113,1059.069,4800.539,-107.453,-118.892,-0.483158,0.875532,0.001702,-0.875530,-0.483161,0.001820,0.002416,-0.000611,0.999997,0,0.85175,-0.54512,51.105,-1.090,-1,375.000,-1,375.000,-1,300.000,300.000,300.000,275.000,825.000,375.000,350.000,725.000,675.000,675.000,-1,-1,2,0,2,0,2,0,0,0,1,1,0,0,1,0,0,2,2
114,1036.097,4760.334,-107.479,-119.742,-0.496090,0.868265,0.003228,-0.868258,-0.496099,0.003566,0.004698,-0.001034,0.999988,0,0.77175,-0.42512,46.305,-0.850,-1,375.000,-1,375.000,-1,300.000,300.000,300.000,275.000,900.000,350.000,350.000,675.000,650.000,675.000,-1,-1,2,0,2,0,2,0,0,0,1,1,0,0,1,0,0,2,2
115,1015.088,4724.456,-106.834,-120.353,-0.505304,0.862931,0.004354,-0.862928,-0.505318,0.003051,0.004833,-0.002215,0.999986,0,0.69293,-0.30512,41.576,-0.610,-1,375.000,-1,375.000,-1,300.000,300.000,300.000,300.000,975.000,400.000,400.000,650.000,650.000,675.000,-1,-1,2,0,2,0,2,0,0,0,1,1,0,0,1,0,0,2,2
116,993.935,4688.863,-106.287,-120.723,-0.510864,0.859645,0.005310,-0.859645,-0.510882,0.003087,0.005366,-0.002987,0.999981,0,0.69007,-0.18512,41.404,-0.370,-1,375.000,-1,375.000,-1,300.000,300.000,300.000,325.000,-1,450.000,450.000,600.000,650.000,675.000,-1,-1,2,0,2,0,2,0,0,0,1,2,0,0,1,0,0,2,2
117,972.797,4653.478,-105.751,-120.853,-0.512810,0.858482,0.005845,-0.858476,-0.512836,0.004389,0.006765,-0.002767,0.999973,0,0.68697,-0.06512,41.218,-0.130,-1,375.000,-1,375.000,-1,300.000,300.000,300.000,325.000,-1,475.000,450.000,575.000,650.000,675.000,-1,-1,2,0,2,0,2,0,0,0,0,2,0,0,1,0,0,2,2
118,951.828,4618.222,-105.338,-120.743,-0.511159,0.859465,0.006067,-0.859441,-0.511191,0.006662,0.008827,-0.001809,0.999959,0,0.68368,0.05488,41.021,0.110,-1,375.000,-1,375.000,-1,300.000,300.000,300.000,325.000,-1,450.000,450.000,550.000,650.000,675.000,-1,-1,2,0,2,0,2,0,0,0,0,2,0,0,1,0,0,2,2
119,931.044,4583.094,-105.116,-120.612,-0.509182,0.860638,0.005934,-0.860582,-0.509217,0.009869,0.011516,-0.000082,0.999934,0,0.68026,0.06580,40.816,0.132,-1,375.000,-1,375.000,-1,300.000,300.000,300.000,325.000,-1,450.000,425.000,550.000,650.000,675.000,-1,-1,2,0,2,0,2,0,0,0,0,2,0,0,1,0,0,2,2
120,910.436,4548.073,-105.069,-120.474,-0.507123,0.861857,0.005412,-0.861745,-0.507146,0.014072,0.014873,0.002473,0.999886,0,0.67724,0.06882,40.634,0.138,-1,375.000,-1,375.000,-1,300.000,300.000,300.000,325.000,-1,425.000,400.000,525.000,675.000,675.000,-1,-1,2,0,2,0,2,0,0,0,0,2,0,0,1,0,0,2,2
121,889.996,4513.135,-104.987,-120.330,-0.504977,0.863119,0.004773,-0.862936,-0.504973,0.018536,0.018409,0.005241,0.999817,0,0.67463,0.07201,40.478,0.144,-1,375.000,-1,375.000,-1,300.000,300.000,300.000,300.000,-1,375.000,350.000,500.000,675.000,675.000,-1,-1,2,0,2,0,2,0,0,0,0,2,0,0,1,0,0,2,2
122,869.713,4478.257,-104.128,-120.179,-0.502698,0.864445,0.005400,-0.864237,-0.502700,0.019694,0.019739,0.005233,0.999791,0,0.67244,0.07538,40.346,0.151,-1,375.000,-1,375.000,-1,300.000,300.000,300.000,300.000,-1,400.000,375.000,525.000,675.000,675.000,-1,-1,2,0,2,0,2,0,0,0,0,2,0,0,1,0,0,2,2
123,849.581,4443.417,-103.244,-120.021,-0.500308,0.865827,0.006032,-0.865591,-0.500317,0.020842,0.021064,0.005206,0.999765,0,0.67065,0.07891,40.239,0.158,-1,375.000,-1,375.000,-1,300.000,300.000,300.000,300.000,-1,425.000,400.000,525.000,700.000,675.000,-1,-1,2,0,2,0,2,0,0,0,0,2,0,0,1,0,0,2,2
124,829.591,4408.592,-102.270,-119.856,-0.497795,0.867267,0.006965,-0.867001,-0.497820,0.022028,0.022571,0.004926,0.999733,0,0.66924,0.08259,40.154,0.165,-1,375.000,-1,375.000,-1,300.000,300.000,300.000,300.000,-1,450.000,425.000,550.000,700.000,675.000,-1,-1,2,0,2,0,2,0,0,0,0,2,0,0,1,0,0,2,2
125,809.737,4373.761,-101.182,-119.683,-0.495152,0.868767,0.008318,-0.868466,-0.495203,0.023272,0.024337,0.004299,0.999695,0,0.66820,0.08641,40.092,0.173,-1,375.000,-1,375.000,-1,300.000,300.000,300.000,300.000,-1,450.000,425.000,550.000,700.000,675.000,-1,-1,2,0,2,0,2,0,0,0,0,2,0,0,1,0,0,2,2
126,790.013,4338.902,-100.067,-119.503,-0.492379,0.870327,0.009672,-0.869989,-0.492461,0.024512,0.026097,0.003655,0.999653,0,0.66753,0.09038,40.052,0.181,-1,375.000,-1,375.000,-1,300.000,300.000,300.000,300.000,-1,475.000,450.000,575.000,700.000,675.000,-1,-1,2,0,2,0,2,0,0,0,0,2,0,0,1,0,0,2,2
127,770.413,4303.996,-98.926,-119.314,-0.489474,0.871948,0.011026,-0.871573,-0.489589,0.025750,0.027851,0.002994,0.999608,0,0.66720,0.09449,40.032,0.189,-1,375.000,-1,375.000,-1,300.000,300.000,300.000,300.000,-1,475.000,450.000,600.000,700.000,700.000,-1,-1,2,0,2,0,2,0,0,0,0,2,0,0,1,0,0,2,2
128,750.934,4269.023,-97.759,-119.116,-0.486430,0.873632,0.012381,-0.873218,-0.486582,0.026986,0.029600,0.002315,0.999559,0,0.66720,0.09872,40.032,0.197,-1,375.000,-1,375.000,-1,300.000,300.000,300.000,300.000,-1,500.000,475.000,625.000,700.000,700.000,-1,-1,2,0,2,0,2,0,0,0,0,2,0,0,1,0,0,2,2
129,731.572,4233.963,-96.564,-118.910,-0.483244,0.875378,0.013738,-0.874925,-0.483436,0.028221,0.031345,0.001618,0.999507,0,0.66752,0.10307,40.051,0.206,-1,375.000,-1,375.000,-1,300.000,300.000,300.000,325.000,-1,500.000,500.000,650.000,725.000,700.000,-1,-1,2,0,2,0,2,0,0,0,0,2,0,0,1,0,0,2,2
130,712.324,4198.798,-95.342,-118.695,-0.479910,0.877188,0.015096,-0.876693,-0.480147,0.029455,0.033086,0.000901,0.999452,0,0.66814,0.10755,40.088,0.215,-1,375.000,-1,375.000,-1,300.000,300.000,300.000,325.000,-1,475.000,500.000,675.000,725.000,700.000,-1,-1,2,0,2,0,2,0,0,0,0,2,0,0,1,0,0,2,2
131,693.187,4163.510,-94.093,-118.471,-0.476426,0.879061,0.016448,-0.878525,-0.476710,0.030689,0.034819,0.000171,0.999394,0,0.66905,0.11214,40.143,0.224,-1,375.000,-1,375.000,-1,300.000,300.000,300.000,325.000,-1,450.000,500.000,700.000,725.000,725.000,-1,-1,2,0,2,0,2,0,0,0,0,2,0,0,1,0,0,2,2
132,674.161,4128.081,-92.823,-118.237,-0.472787,0.880998,0.017767,-0.880419,-0.473120,0.031918,0.036526,-0.000552,0.999333,0,0.67023,0.11685,40.214,0.234,-1,375.000,-1,375.000,-1,300.000,300.000,300.000,325.000,-1,450.000,500.000,725.000,725.000,725.000,-1,-1,2,0,2,0,2,0,0,0,0,2,0,0,1,0,0,2,2
133,655.244,4092.495,-91.463,-117.994,-0.469002,0.882999,0.018735,-0.882379,-0.469374,0.033083,0.038006,-0.001015,0.999277,0,0.67169,0.12166,40.301,0.243,-1,375.000,-1,375.000,-1,325.000,300.000,300.000,325.000,-1,450.000,475.000,750.000,725.000,725.000,-1,-1,2,0,2,0,2,0,0,0,0,2,0,0,1,0,0,2,2
