timestep,x_cm,y_cm,z_cm,yaw_deg,basis_xx,basis_xy,basis_xz,basis_yx,basis_yy,basis_yz,basis_zx,basis_zy,basis_zz,teleport_flag,throttle_cmd,steering_cmd,cmd_move_cm,cmd_turn_deg,lidar_cm_0,lidar_cm_1,lidar_cm_2,lidar_cm_3,lidar_cm_4,lidar_cm_5,lidar_cm_6,lidar_cm_7,lidar_cm_8,lidar_cm_9,lidar_cm_10,lidar_cm_11,lidar_cm_12,lidar_cm_13,lidar_cm_14,lidar_cm_15,lidar_cm_16,lidar_class_0,lidar_class_1,lidar_class_2,lidar_class_3,lidar_class_4,lidar_class_5,lidar_class_6,lidar_class_7,lidar_class_8,lidar_class_9,lidar_class_10,lidar_class_11,lidar_class_12,lidar_class_13,lidar_class_14,lidar_class_15,lidar_class_16
0,-6890.505,1643.393,91.342,131.959,-0.668874,-0.742947,0.025234,0.743315,-0.668000,0.035487,-0.009509,0.042493,0.999052,1,0.08000,0.12000,4.800,0.240,-1,400.000,-1,400.000,-1,325.000,325.000,300.000,125.000,-1,-1,-1,-1,825.000,775.000,-1,-1,2,0,2,0,2,0,0,0,1,2,2,2,2,0,0,2,2
1,-6896.983,1650.478,91.256,132.439,-0.675070,-0.737323,0.025206,0.737696,-0.674198,0.035518,-0.009194,0.042571,0.999051,0,0.16000,0.24000,9.600,0.480,-1,400.000,-1,400.000,-1,325.000,325.000,300.000,125.000,-1,-1,-1,-1,825.000,775.000,-1,-1,2,0,2,0,2,0,0,0,1,2,2,2,2,0,0,2,2
2,-6906.800,1661.013,91.130,132.977,-0.681950,-0.730966,0.025163,0.731345,-0.681080,0.035563,-0.008857,0.042655,0.999051,0,0.24000,0.26863,14.400,0.537,-1,400.000,-1,400.000,-1,325.000,325.000,300.000,125.000,-1,-1,-1,-1,825.000,775.000,-1,-1,2,0,2,0,2,0,0,0,1,2,2,2,2,0,0,2,2
3,-6920.020,1674.937,90.969,133.514,-0.688769,-0.724546,0.025109,0.724931,-0.687899,0.035643,-0.008553,0.042752,0.999049,0,0.32000,0.26855,19.200,0.537,-1,400.000,-1,400.000,-1,325.000,325.000,300.000,125.000,-1,-1,-1,-1,825.000,800.000,-1,-1,2,0,2,0,2,0,0,0,1,2,2,2,2,0,0,2,2
4,-6936.707,1692.186,90.775,134.051,-0.695531,-0.718060,0.025042,0.718449,-0.694661,0.035752,-0.008277,0.042858,0.999047,0,0.40000,0.26868,24.000,0.537,-1,400.000,-1,400.000,-1,325.000,325.000,300.000,125.000,-1,-1,-1,-1,825.000,800.000,-1,-1,2,0,2,0,2,0,0,0,1,2,2,2,2,0,0,2,2
5,-6956.923,1712.698,92.105,134.589,-0.702300,-0.711661,0.017697,0.711769,-0.701534,0.035135,-0.012589,0.037272,0.999226,0,0.48000,0.26917,28.800,0.538,-1,400.000,-1,400.000,-1,325.000,325.000,300.000,125.000,-1,-1,-1,-1,800.000,775.000,-1,-1,2,0,2,0,2,0,0,0,1,2,2,2,2,0,0,2,2
6,-6980.733,1736.406,94.076,135.130,-0.708971,-0.705201,0.007216,0.704984,-0.708405,0.034056,-0.018905,0.029232,0.999394,0,0.56000,0.27022,33.600,0.540,-1,375.000,-1,400.000,-1,325.000,325.000,300.000,150.000,-1,-1,-1,-1,750.000,775.000,-1,-1,2,0,2,0,2,0,0,0,1,2,2,2,2,0,0,2,2
7,-7008.202,1763.239,95.832,135.674,-0.715535,-0.698573,-0.002387,0.698140,-0.715204,0.032920,-0.024704,0.021889,0.999455,0,0.64000,0.27204,38.400,0.544,-1,375.000,-1,400.000,-1,300.000,325.000,275.000,175.000,-1,-1,-1,-1,725.000,775.000,-1,-1,2,0,2,0,2,0,0,0,1,2,2,2,2,0,0,2,2
8,-7039.394,1793.128,97.202,136.224,-0.722057,-0.691757,-0.010308,0.691205,-0.721956,0.031857,-0.029480,0.015878,0.999439,0,0.72000,0.27490,43.200,0.550,-1,375.000,-1,400.000,-1,300.000,325.000,275.000,200.000,-1,-1,-1,-1,700.000,750.000,-1,-1,2,0,2,0,2,0,0,0,1,2,2,2,2,0,0,2,2
9,-7074.374,1825.998,97.996,136.782,-0.728629,-0.684730,-0.015655,0.684129,-0.728700,0.031046,-0.032665,0.011911,0.999395,0,0.80000,0.27904,48.000,0.558,-1,375.000,-1,400.000,-1,300.000,325.000,275.000,225.000,-1,-1,-1,375.000,675.000,750.000,-1,-1,2,0,2,0,2,0,0,0,1,2,2,2,1,0,0,2,2
10,-7108.611,1857.814,97.979,137.100,-0.732378,-0.680681,-0.017202,0.680068,-0.732498,0.030897,-0.033631,0.010930,0.999375,0,0.77896,0.15904,46.738,0.318,-1,375.000,-1,400.000,-1,300.000,325.000,275.000,250.000,-1,-1,-1,325.000,675.000,775.000,-1,-1,2,0,2,0,2,0,0,0,1,2,2,2,1,0,0,2,2
11,-7142.172,1888.915,97.147,137.178,-0.733341,-0.679673,-0.015972,0.679058,-0.733415,0.031341,-0.033015,0.012137,0.999381,0,0.76261,0.03904,45.756,0.078,-1,375.000,-1,400.000,-1,300.000,325.000,275.000,275.000,-1,-1,-1,300.000,700.000,775.000,-1,-1,2,0,2,0,2,0,0,0,1,2,2,2,1,0,0,2,2
12,-7175.067,1919.573,95.599,137.016,-0.731520,-0.681712,-0.012162,0.681114,-0.731458,0.032443,-0.031013,0.015449,0.999400,0,0.74944,-0.08096,44.967,-0.162,-1,375.000,-1,400.000,-1,300.000,325.000,275.000,300.000,-1,-1,-1,300.000,700.000,775.000,-1,-1,2,0,2,0,2,0,0,0,1,2,2,2,1,0,0,2,2
13,-7207.301,1950.038,93.477,136.614,-0.726862,-0.686760,-0.005804,0.686229,-0.726588,0.034057,-0.027606,0.020772,0.999403,0,0.73921,-0.20096,44.353,-0.402,-1,375.000,-1,400.000,-1,300.000,325.000,275.000,325.000,-1,-1,-1,275.000,725.000,775.000,-1,-1,2,0,2,0,2,0,0,0,1,2,2,2,1,0,0,2,2
14,-7238.865,1980.546,90.841,135.972,-0.719258,-0.694737,0.002827,0.694363,-0.718725,0.035984,-0.022967,0.027845,0.999348,0,0.73164,-0.32096,43.898,-0.642,-1,400.000,-1,400.000,-1,325.000,325.000,300.000,325.000,-1,-1,-1,275.000,775.000,800.000,-1,-1,2,0,2,0,2,0,0,0,1,2,2,2,1,0,0,2,2
15,-7269.737,2011.316,87.735,135.090,-0.708560,-0.705521,0.013516,0.705440,-0.707750,0.038011,-0.017252,0.036468,0.999186,0,0.72646,-0.44096,43.588,-0.882,-1,400.000,-1,400.000,-1,325.000,325.000,300.000,325.000,-1,-1,-1,250.000,850.000,800.000,-1,-1,2,0,2,0,2,0,0,0,0,2,2,2,1,0,0,2,2
16,-7299.911,2042.518,85.553,134.037,-0.695480,-0.718275,0.019742,0.718399,-0.694520,0.039295,-0.014513,0.041511,0.999033,0,0.72342,-0.52680,43.405,-1.054,-1,400.000,-1,400.000,-1,325.000,325.000,300.000,300.000,-1,-1,-1,275.000,900.000,825.000,-1,-1,2,0,2,0,2,0,0,0,0,2,2,2,1,0,0,2,2
17,-7329.454,2074.198,84.854,133.001,-0.682411,-0.730727,0.018770,0.730788,-0.681447,0.039730,-0.016241,0.040829,0.999034,0,0.72196,-0.51767,43.318,-1.035,-1,400.000,-1,400.000,-1,325.000,325.000,300.000,300.000,-1,-1,-1,300.000,900.000,825.000,-1,-1,2,0,2,0,2,0,0,0,0,2,2,2,1,0,0,2,2
18,-7358.393,2106.356,84.096,131.985,-0.669359,-0.742726,0.017797,0.742723,-0.668396,0.040121,-0.017903,0.040074,0.999036,0,0.72103,-0.50831,43.262,-1.017,-1,400.000,-1,400.000,-1,325.000,325.000,300.000,300.000,-1,-1,-1,325.000,900.000,825.000,-1,-1,2,0,2,0,2,0,0,0,0,2,2,2,1,0,0,2,2
19,-7386.750,2138.993,83.293,130.987,-0.656347,-0.754271,0.016832,0.754206,-0.655386,0.040537,-0.019545,0.039301,0.999036,0,0.72058,-0.49872,43.235,-0.997,-1,400.000,-1,400.000,-1,325.000,325.000,300.000,300.000,-1,-1,-1,350.000,900.000,800.000,-1,-1,2,0,2,0,2,0,0,0,0,2,2,2,1,0,0,2,2
20,-7414.547,2172.109,82.446,130.010,-0.643396,-0.765369,0.015874,0.765241,-0.642438,0.040978,-0.021165,0.038512,0.999034,0,0.72060,-0.48890,43.236,-0.978,-1,400.000,-1,400.000,-1,325.000,325.000,300.000,300.000,-1,-1,-1,375.000,925.000,800.000,-1,-1,2,0,2,0,2,0,0,0,0,2,2,2,1,0,0,2,2
21,-7441.803,2205.707,81.555,129.052,-0.630527,-0.776024,0.014924,0.775834,-0.629575,0.041442,-0.022764,0.037709,0.999029,0,0.72105,-0.47886,43.263,-0.958,-1,400.000,-1,400.000,-1,325.000,325.000,300.000,300.000,-1,-1,-1,400.000,925.000,800.000,-1,-1,2,0,2,0,2,0,0,0,0,2,2,2,1,0,0,2,2
22,-7468.538,2239.786,80.594,128.115,-0.617759,-0.786245,0.013843,0.785988,-0.616819,0.041930,-0.024429,0.036783,0.999025,0,0.72190,-0.46861,43.314,-0.937,-1,400.000,-1,400.000,-1,325.000,325.000,300.000,300.000,-1,-1,-1,425.000,925.000,800.000,-1,-1,2,0,2,0,2,0,0,0,0,2,2,2,1,0,0,2,2
23,-7491.682,2270.571,79.692,126.937,-0.601485,-0.798780,0.012877,0.798455,-0.600556,0.042446,-0.026171,0.035812,0.999016,0,0.64190,-0.58861,38.514,-1.177,-1,400.000,-1,400.000,-1,325.000,325.000,300.000,300.000,-1,-1,-1,450.000,925.000,800.000,-1,-1,2,0,2,0,2,0,0,0,0,2,2,2,1,0,0,2,2
24,-7511.270,2298.011,78.854,125.520,-0.581553,-0.813419,0.012057,0.813029,-0.580638,0.042944,-0.027930,0.034777,0.999005,0,0.56190,-0.70861,33.714,-1.417,-1,400.000,-1,400.000,-1,325.000,325.000,300.000,300.000,-1,-1,-1,475.000,900.000,800.000,-1,-1,2,0,2,0,2,0,0,0,0,2,2,2,1,0,0,2,2
25,-7527.380,2322.022,77.972,123.863,-0.557776,-0.829916,0.011203,0.829474,-0.556901,0.042838,-0.029313,0.033187,0.999019,0,0.48190,-0.82861,28.914,-1.657,-1,400.000,-1,400.000,-1,325.000,325.000,300.000,300.000,-1,-1,-1,500.000,900.000,800.000,-1,-1,2,0,2,0,2,0,0,0,0,2,2,2,1,0,0,2,2
26,-7540.488,2343.027,77.172,121.966,-0.529984,-0.847943,0.010472,0.847450,-0.529147,0.042796,-0.030748,0.031556,0.999029,0,0.41265,-0.94861,24.759,-1.897,-1,400.000,-1,400.000,-1,325.000,325.000,300.000,300.000,-1,-1,-1,525.000,900.000,800.000,-1,-1,2,0,2,0,2,0,0,0,0,2,2,2,1,0,0,2,2
27,-7553.040,2364.800,76.328,119.966,-0.500054,-0.865939,0.009739,0.865395,-0.499259,0.042801,-0.032201,0.029831,0.999036,0,0.41887,-1.00000,25.132,-2.000,-1,400.000,-1,400.000,-1,325.000,325.000,300.000,300.000,-1,-1,-1,550.000,900.000,800.000,-1,-1,2,0,2,0,2,0,0,0,0,2,2,2,1,0,0,2,2
28,-7565.007,2387.340,75.443,117.966,-0.469511,-0.882881,0.009009,0.882287,-0.468758,0.042849,-0.033607,0.028067,0.999041,0,0.42533,-1.00000,25.520,-2.000,-1,400.000,-1,400.000,-1,325.000,325.000,300.000,300.000,-1,-1,-1,575.000,875.000,800.000,-1,-1,2,0,2,0,2,0,0,0,0,2,2,2,1,0,0,2,2
29,-7576.345,2410.623,74.518,115.966,-0.438391,-0.898746,0.008288,0.898104,-0.437682,0.042940,-0.034964,0.026268,0.999043,0,0.43161,-1.00000,25.897,-2.000,-1,400.000,-1,400.000,-1,325.000,325.000,300.000,300.000,-1,-1,-1,600.000,875.000,800.000,-1,-1,2,0,2,0,2,0,0,0,0,2,2,2,1,0,0,2,2
30,-7587.012,2434.623,73.553,113.966,-0.406732,-0.913516,0.007580,0.912827,-0.406068,0.043071,-0.036268,0.024438,0.999043,0,0.43773,-1.00000,26.264,-2.000,-1,400.000,-1,400.000,-1,325.000,325.000,300.000,300.000,-1,-1,-1,650.000,875.000,800.000,-1,-1,2,0,2,0,2,0,0,0,0,2,2,2,1,0,0,2,2
31,-7596.969,2459.311,72.550,111.966,-0.374573,-0.927172,0.006891,0.926438,-0.373956,0.043241,-0.037515,0.022581,0.999041,0,0.44367,-1.00000,26.620,-2.000,-1,400.000,-1,400.000,-1,325.000,325.000,300.000,325.000,-1,-1,-1,700.000,850.000,775.000,-1,-1,2,0,2,0,2,0,0,0,0,2,2,2,1,0,0,2,2
32,-7606.177,2484.658,71.510,109.966,-0.341954,-0.939696,0.006225,0.938919,-0.341384,0.043447,-0.038702,0.020701,0.999036,0,0.44945,-1.00000,26.967,-2.000,-1,400.000,-1,400.000,-1,325.000,325.000,300.000,325.000,-1,-1,-1,750.000,850.000,775.000,-1,-1,2,0,2,0,2,0,0,0,0,2,2,2,1,0,0,2,2
33,-7616.102,2514.835,70.268,108.206,-0.312895,-0.949772,0.005478,0.948955,-0.312373,0.043683,-0.039778,0.018867,0.999030,0,0.52945,-0.88000,31.767,-1.760,-1,400.000,-1,400.000,-1,325.000,325.000,300.000,325.000,-1,-1,-1,800.000,850.000,775.000,-1,-1,2,0,2,0,2,0,0,0,0,2,2,2,1,0,0,2,2
34,-7626.601,2549.862,68.804,106.686,-0.287552,-0.957753,0.004726,0.956900,-0.287079,0.043918,-0.040706,0.017151,0.999024,0,0.60945,-0.76000,36.567,-1.520,-1,400.000,-1,400.000,-1,325.000,325.000,300.000,325.000,-1,-1,-1,850.000,825.000,775.000,-1,-1,2,0,2,0,2,0,0,0,0,2,2,2,1,0,0,2,2
35,-7637.590,2589.743,67.088,105.406,-0.266050,-0.963951,0.004036,0.963062,-0.265619,0.044257,-0.041589,0.015661,0.999012,0,0.68945,-0.64000,41.367,-1.280,-1,400.000,-1,400.000,-1,325.000,325.000,300.000,325.000,-1,-1,-1,875.000,825.000,775.000,-1,-1,2,0,2,0,2,0,0,0,0,2,2,2,1,0,0,2,2
36,-7649.044,2634.467,65.110,104.366,-0.248480,-0.968631,0.003423,0.967704,-0.248084,0.044760,-0.042507,0.014434,0.998992,0,0.76945,-0.52000,46.167,-1.040,-1,400.000,-1,400.000,-1,325.000,325.000,300.000,325.000,-1,-1,-1,900.000,825.000,775.000,-1,-1,2,0,2,0,2,0,0,0,0,2,2,2,1,0,0,2,2
37,-7660.999,2684.012,62.890,103.566,-0.234900,-0.972016,0.002754,0.971053,-0.234539,0.045245,-0.043333,0.013302,0.998972,0,0.84945,-0.40000,50.967,-0.800,-1,400.000,-1,400.000,-1,325.000,325.000,300.000,325.000,-1,-1,-1,900.000,825.000,775.000,-1,-1,2,0,2,0,2,0,0,0,0,2,2,2,1,0,0,2,2
38,-7673.340,2737.446,60.417,103.006,-0.225347,-0.974277,0.001820,0.973280,-0.225031,0.045678,-0.044093,0.012064,0.998955,0,0.91402,-0.28000,54.841,-0.560,-1,400.000,-1,400.000,-1,325.000,325.000,300.000,325.000,-1,-1,-1,875.000,825.000,775.000,-1,-1,2,0,2,0,2,0,0,0,0,2,2,2,1,0,0,2,2
39,-7685.347,2790.786,57.926,102.686,-0.219862,-0.975531,0.000870,0.974502,-0.219589,0.046114,-0.044795,0.010986,0.998936,0,0.91124,-0.16000,54.674,-0.320,-1,400.000,-1,400.000,-1,325.000,325.000,300.000,325.000,-1,-1,-1,875.000,800.000,775.000,-1,-1,2,0,2,0,2,0,0,0,0,2,2,2,1,0,0,2,2
40,-7697.239,2843.961,55.433,102.606,-0.218463,-0.975845,-0.000056,0.974788,-0.218229,0.046524,-0.045412,0.010109,0.998917,0,0.90814,-0.04000,54.489,-0.080,-1,400.000,-1,400.000,-1,325.000,325.000,300.000,325.000,-1,-1,-1,875.000,800.000,775.000,-1,-1,2,0,2,0,2,0,0,0,0,2,2,2,1,0,0,2,2
41,-7709.184,2896.923,52.943,102.711,-0.220216,-0.975451,-0.000968,0.974367,-0.220018,0.046906,-0.045968,0.009387,0.998899,0,0.90487,0.05250,54.292,0.105,-1,400.000,-1,400.000,-1,325.000,325.000,300.000,325.000,-1,-1,-1,875.000,800.000,775.000,-1,-1,2,0,2,0,2,0,0,0,0,2,2,2,1,0,0,2,2
42,-7721.203,2949.675,50.393,102.835,-0.222300,-0.974977,-0.001692,0.973860,-0.222127,0.047505,-0.046692,0.008912,0.998870,0,0.90172,0.06193,54.103,0.124,-1,400.000,-1,400.000,-1,325.000,325.000,325.000,325.000,-1,-1,-1,850.000,800.000,775.000,-1,-1,2,0,2,0,2,0,0,0,0,2,2,2,1,0,0,2,2
43,-7733.321,3002.254,47.836,102.979,-0.224726,-0.974419,-0.002393,0.973267,-0.224578,0.048120,-0.047426,0.008485,0.998839,0,0.89928,0.07201,53.957,0.144,-1,400.000,-1,400.000,-1,325.000,325.000,325.000,325.000,-1,-1,-1,875.000,800.000,775.000,-1,-1,2,0,2,0,2,0,0,0,0,2,2,2,1,0,0,2,2
44,-7745.567,3054.697,45.277,103.144,-0.227514,-0.973770,-0.003094,0.972584,-0.227392,0.048720,-0.048146,0.008075,0.998808,0,0.89757,0.08272,53.854,0.165,-1,400.000,-1,400.000,-1,325.000,325.000,325.000,325.000,-1,-1,-1,900.000,800.000,775.000,-1,-1,2,0,2,0,2,0,0,0,0,2,2,2,1,0,0,2,2
45,-7759.152,3111.756,42.484,103.392,-0.231698,-0.972780,-0.003860,0.971557,-0.231603,0.049360,-0.048910,0.007687,0.998774,0,0.97757,0.12394,58.654,0.248,-1,400.000,-1,400.000,-1,325.000,325.000,325.000,325.000,-1,-1,-1,900.000,800.000,775.000,-1,-1,2,0,2,0,2,0,0,0,0,2,2,2,1,0,0,2,2
46,-7773.140,3169.380,39.654,103.644,-0.235956,-0.971753,-0.004643,0.970493,-0.235889,0.049989,-0.049672,0.007289,0.998739,0,0.98828,0.12626,59.297,0.253,-1,400.000,-1,400.000,-1,325.000,325.000,325.000,325.000,-1,-1,-1,925.000,775.000,775.000,-1,-1,2,0,2,0,2,0,0,0,0,2,2,2,1,0,0,2,2
47,-7787.430,3227.115,36.769,103.902,-0.240295,-0.970686,-0.005265,0.969396,-0.240249,0.050524,-0.050308,0.007037,0.998709,0,0.99129,0.12861,59.477,0.257,-1,400.000,-1,400.000,-1,325.000,325.000,325.000,325.000,-1,-1,-1,925.000,775.000,775.000,-1,-1,2,0,2,0,2,0,0,0,0,2,2,2,1,0,0,2,2
48,-7802.025,3284.952,33.782,104.163,-0.244724,-0.969577,-0.005559,0.968259,-0.244684,0.051026,-0.050834,0.007105,0.998682,0,0.99417,0.13095,59.650,0.262,-1,400.000,-1,400.000,-1,325.000,325.000,325.000,325.000,-1,-1,-1,950.000,775.000,750.000,-1,-1,2,0,2,0,2,0,0,0,0,2,2,2,1,0,0,2,2
49,-7816.931,3342.877,30.770,104.430,-0.249224,-0.968428,-0.005892,0.967085,-0.249191,0.051473,-0.051316,0.007130,0.998657,0,0.99687,0.13328,59.812,0.267,-1,400.000,-1,400.000,-1,325.000,325.000,325.000,325.000,-1,-1,-1,975.000,775.000,750.000,-1,-1,2,0,2,0,2,0,0,0,0,2,2,2,1,0,0,2,2
50,-7832.147,3400.873,27.731,104.701,-0.253794,-0.967238,-0.006268,0.965879,-0.253773,0.051739,-0.051634,0.007077,0.998641,0,0.99931,0.13560,59.959,0.271,-1,400.000,-1,400.000,-1,325.000,325.000,325.000,325.000,-1,-1,-1,975.000,775.000,750.000,-1,-1,2,0,2,0,2,0,0,0,0,2,2,2,1,0,0,2,2
51,-7847.653,3458.835,24.698,104.977,-0.258438,-0.966005,-0.006608,0.964632,-0.258426,0.051969,-0.051910,0.007056,0.998627,0,1.00000,0.13792,60.000,0.276,-1,400.000,-1,400.000,-1,325.000,325.000,325.000,325.000,-1,-1,-1,1000.000,775.000,750.000,-1,-1,2,0,2,0,2,0,0,0,1,2,2,2,1,0,0,2,2
52,-7863.442,3516.720,21.608,105.258,-0.263143,-0.964730,-0.007220,0.963335,-0.263154,0.052296,-0.052351,0.006806,0.998606,0,1.00000,0.14028,60.000,0.281,-1,400.000,-1,400.000,-1,325.000,325.000,325.000,350.000,-1,-1,-1,1000.000,750.000,725.000,-1,-1,2,0,2,0,2,0,0,0,1,2,2,2,1,0,0,2,2
53,-7879.520,3574.526,18.411,105.543,-0.267932,-0.963408,-0.007633,0.961999,-0.267957,0.052515,-0.052638,0.006728,0.998591,0,1.00000,0.14271,60.000,0.285,-1,400.000,-1,400.000,-1,325.000,325.000,325.000,375.000,-1,-1,-1,-1,750.000,725.000,-1,-1,2,0,2,0,2,0,0,0,1,2,2,2,2,0,0,2,2
54,-7895.894,3632.248,15.225,105.837,-0.272862,-0.962020,-0.007995,0.960599,-0.272897,0.052690,-0.052871,0.006698,0.998579,0,1.00000,0.14702,60.000,0.294,-1,400.000,-1,400.000,-1,325.000,325.000,325.000,425.000,-1,-1,-1,-1,750.000,725.000,-1,-1,2,0,2,0,2,0,0,0,1,2,2,2,2,0,0,2,2
55,-7912.584,3689.880,12.051,106.151,-0.278117,-0.960511,-0.008314,0.959081,-0.278160,0.052826,-0.053052,0.006718,0.998569,0,1.00000,0.15686,60.000,0.314,-1,400.000,-1,375.000,-1,325.000,325.000,325.000,475.000,-1,-1,-1,-1,725.000,725.000,-1,-1,2,0,2,0,2,0,0,0,1,2,2,2,2,0,0,2,2
56,-7929.611,3747.414,8.890,106.486,-0.283719,-0.958869,-0.008590,0.957432,-0.283768,0.052921,-0.053182,0.006791,0.998562,0,1.00000,0.16740,60.000,0.335,-1,400.000,-1,375.000,-1,325.000,325.000,325.000,550.000,-1,-1,-1,-1,725.000,725.000,-1,-1,2,0,2,0,2,0,0,0,1,2,2,2,2,0,0,2,2
57,-7946.978,3804.845,5.744,106.825,-0.289390,-0.957171,-0.008817,0.955728,-0.289442,0.052976,-0.053259,0.006904,0.998557,0,1.00000,0.16968,60.000,0.339,-1,375.000,-1,375.000,-1,325.000,300.000,325.000,-1,-1,-1,-1,-1,725.000,700.000,-1,-1,2,0,2,0,2,0,0,0,2,2,2,2,2,0,0,2,2
58,-7964.579,3861.840,2.620,107.162,-0.295010,-0.955452,-0.008945,0.954009,-0.295061,0.052970,-0.053250,0.007093,0.998556,0,0.99418,0.16833,59.651,0.337,-1,375.000,-1,375.000,-1,300.000,300.000,325.000,-1,-1,-1,-1,-1,700.000,700.000,-1,-1,2,0,2,0,2,0,0,0,2,2,2,2,2,0,0,2,2
59,-7982.372,3918.283,-0.343,107.497,-0.300577,-0.953712,-0.009315,0.952299,-0.300643,0.052340,-0.052718,0.006861,0.998586,0,0.98635,0.16752,59.181,0.335,-1,375.000,-1,375.000,-1,300.000,300.000,325.000,-1,-1,-1,-1,-1,700.000,700.000,-1,-1,2,0,2,0,2,0,0,0,2,2,2,2,2,0,0,2,2
60,-8000.349,3974.170,-3.195,107.831,-0.306117,-0.951943,-0.009818,0.950576,-0.306208,0.051407,-0.051943,0.006404,0.998629,0,0.97845,0.16728,58.707,0.335,-1,375.000,-1,375.000,-1,300.000,300.000,325.000,-1,-1,-1,-1,-1,700.000,700.000,-1,-1,2,0,2,0,2,0,0,0,2,2,2,2,2,0,0,2,2
61,-8018.506,4029.504,-5.994,108.166,-0.311662,-0.950138,-0.010234,0.948814,-0.311772,0.050497,-0.051170,0.006028,0.998672,0,0.97061,0.16757,58.237,0.335,-1,375.000,-1,375.000,-1,300.000,300.000,325.000,-1,-1,-1,-1,-1,700.000,700.000,-1,-1,2,0,2,0,2,0,0,0,2,2,2,2,2,0,0,2,2
62,-8036.842,4084.295,-8.610,108.503,-0.317258,-0.948287,-0.009908,0.947023,-0.317351,0.049358,-0.049950,0.006276,0.998732,0,0.96297,0.16840,57.778,0.337,-1,375.000,-1,375.000,-1,300.000,300.000,325.000,325.000,-1,-1,-1,-1,700.000,675.000,-1,-1,2,0,2,0,2,0,0,0,1,2,2,2,2,0,0,2,2
63,-8053.740,4134.506,-11.010,108.600,-0.318872,-0.947750,-0.009536,0.946552,-0.318953,0.048048,-0.048580,0.006295,0.998799,0,0.88297,0.04840,52.978,0.097,-1,375.000,-1,375.000,-1,300.000,300.000,325.000,325.000,-1,-1,-1,-1,700.000,675.000,-1,-1,2,0,2,0,2,0,0,0,0,2,2,2,2,0,0,2,2
64,-8069.264,4181.020,-13.258,108.457,-0.316505,-0.948546,-0.009253,0.947417,-0.316583,0.046640,-0.047169,0.005995,0.998869,0,0.81728,-0.07160,49.037,-0.143,-1,375.000,-1,375.000,-1,300.000,300.000,325.000,300.000,-1,-1,-1,-1,700.000,675.000,-1,-1,2,0,2,0,2,0,0,0,0,2,2,2,2,0,0,2,2
65,-8084.575,4227.313,-15.475,108.301,-0.313929,-0.949404,-0.008924,0.948342,-0.314004,0.045263,-0.045775,0.005746,0.998935,0,0.81267,-0.07789,48.760,-0.156,-1,375.000,-1,375.000,-1,300.000,300.000,325.000,300.000,-1,-1,-1,-1,700.000,675.000,-1,-1,2,0,2,0,2,0,0,0,0,2,2,2,2,0,0,2,2
66,-8099.685,4273.406,-17.661,108.149,-0.311423,-0.950233,-0.008550,0.949234,-0.311491,0.043918,-0.044396,0.005561,0.998999,0,0.80844,-0.07579,48.506,-0.152,-1,375.000,-1,375.000,-1,325.000,325.000,325.000,300.000,-1,-1,-1,-1,700.000,675.000,-1,-1,2,0,2,0,2,0,0,0,0,2,2,2,2,0,0,2,2
67,-8114.604,4319.317,-19.818,108.003,-0.308995,-0.951029,-0.008132,0.950090,-0.309054,0.042605,-0.043032,0.005438,0.999059,0,0.80457,-0.07343,48.274,-0.147,-1,375.000,-1,375.000,-1,325.000,325.000,325.000,300.000,-1,-1,-1,-1,700.000,675.000,-1,-1,2,0,2,0,2,0,0,0,0,2,2,2,2,0,0,2,2
68,-8129.346,4365.064,-21.947,107.861,-0.306654,-0.951790,-0.007671,0.950908,-0.306702,0.041321,-0.041682,0.005377,0.999116,0,0.80107,-0.07082,48.064,-0.142,-1,375.000,-1,375.000,-1,325.000,300.000,325.000,300.000,-1,900.000,950.000,-1,700.000,675.000,-1,-1,2,0,2,0,2,0,0,0,0,2,0,0,2,0,0,2,2
69,-8143.922,4410.669,-24.050,107.725,-0.304406,-0.952515,-0.007166,0.951688,-0.304443,0.040065,-0.040345,0.005376,0.999171,0,0.79796,-0.06798,47.878,-0.136,-1,375.000,-1,375.000,-1,325.000,300.000,325.000,300.000,-1,800.000,825.000,-1,700.000,675.000,-1,-1,2,0,2,0,2,0,0,0,0,2,0,0,2,0,0,2,2
70,-8158.346,4456.152,-26.129,107.595,-0.302261,-0.953202,-0.006619,0.952426,-0.302284,0.038836,-0.039019,0.005434,0.999224,0,0.79525,-0.06490,47.715,-0.130,-1,375.000,-1,375.000,-1,300.000,300.000,325.000,300.000,-1,700.000,750.000,-1,675.000,675.000,-1,-1,2,0,2,0,2,0,0,0,0,2,0,0,2,0,0,2,2
71,-8172.629,4501.532,-28.160,107.472,-0.300221,-0.953850,-0.006132,0.953122,-0.300233,0.037671,-0.037774,0.005465,0.999271,0,0.79292,-0.06162,47.575,-0.123,-1,375.000,-1,375.000,-1,300.000,300.000,325.000,300.000,-1,650.000,675.000,-1,675.000,675.000,-1,-1,2,0,2,0,2,0,0,0,0,2,0,0,2,0,0,2,2
72,-8186.787,4546.830,-29.950,107.356,-0.298267,-0.954461,-0.006434,0.953776,-0.298299,0.036468,-0.036726,0.004740,0.999314,0,0.79099,-0.05812,47.459,-0.116,-1,375.000,-1,375.000,-1,300.000,300.000,325.000,300.000,-1,625.000,650.000,-1,675.000,675.000,-1,-1,2,0,2,0,2,0,0,0,0,2,0,0,2,0,0,2,2
73,-8200.830,4592.067,-31.469,107.247,-0.296412,-0.955032,-0.007362,0.954421,-0.296487,0.034305,-0.034945,0.003142,0.999384,0,0.78944,-0.05443,47.366,-0.109,-1,375.000,-1,375.000,-1,300.000,300.000,325.000,300.000,-1,575.000,600.000,-1,675.000,675.000,-1,-1,2,0,2,0,2,0,0,0,0,2,0,0,2,0,0,2,2
74,-8215.682,4640.207,-33.066,107.146,-0.294687,-0.955558,-0.008305,0.955022,-0.294800,0.032036,-0.033060,0.001509,0.999452,0,0.83966,-0.05060,50.380,-0.101,-1,375.000,-1,375.000,-1,300.000,300.000,300.000,325.000,-1,525.000,575.000,-1,675.000,675.000,-1,-1,2,0,2,0,2,0,0,0,0,2,0,0,2,0,1,2,2
75,-8230.382,4688.152,-34.512,107.046,-0.293000,-0.956072,-0.008828,0.955590,-0.293133,0.030337,-0.031592,0.000453,0.999501,0,0.83579,-0.05000,50.148,-0.100,-1,375.000,-1,375.000,-1,300.000,300.000,300.000,325.000,-1,525.000,575.000,-1,675.000,675.000,-1,-1,2,0,2,0,2,0,0,0,0,2,0,0,2,0,1,2,2
76,-8244.934,4735.906,-35.683,106.947,-0.291380,-0.956573,-0.008123,0.956153,-0.291493,0.028348,-0.029485,0.000494,0.999565,0,0.83204,-0.04912,49.923,-0.098,-1,375.000,-1,375.000,-1,300.000,300.000,300.000,325.000,-1,500.000,550.000,-1,700.000,700.000,-1,-1,2,0,2,0,2,0,0,0,0,2,0,0,2,1,1,2,2
77,-8259.344,4783.479,-36.840,106.851,-0.289797,-0.957060,-0.007409,0.956696,-0.289891,0.026396,-0.027411,0.000561,0.999624,0,0.82845,-0.04797,49.707,-0.096,-1,375.000,-1,375.000,-1,300.000,300.000,300.000,325.000,-1,500.000,525.000,-1,-1,725.000,-1,-1,2,0,2,0,2,0,0,0,0,2,0,0,2,2,1,2,2
78,-8273.617,4830.878,-37.982,106.758,-0.288258,-0.957529,-0.006687,0.957217,-0.288335,0.024481,-0.025369,0.000655,0.999678,0,0.82503,-0.04655,49.502,-0.093,-1,375.000,-1,375.000,-1,300.000,300.000,300.000,325.000,-1,475.000,525.000,-1,-1,750.000,-1,-1,2,0,2,0,2,0,0,0,0,2,0,0,2,2,1,2,2
79,-8289.144,4881.967,-39.205,106.905,-0.290731,-0.956787,-0.005890,0.956524,-0.290789,0.022448,-0.023191,0.000893,0.999731,0,0.88994,0.07345,53.396,0.147,-1,375.000,-1,375.000,-1,300.000,300.000,325.000,325.000,-1,475.000,525.000,-1,-1,800.000,-1,-1,2,0,2,0,2,0,0,0,0,2,0,0,2,2,1,2,2
80,-8304.951,4932.741,-40.417,107.292,-0.297203,-0.954801,-0.005057,0.954582,-0.297243,0.020463,-0.021041,0.001255,0.999778,0,0.88631,0.19345,53.178,0.387,-1,375.000,-1,400.000,-1,325.000,300.000,325.000,300.000,-1,475.000,500.000,-1,-1,850.000,-1,-1,2,0,2,1,2,0,0,0,0,2,0,0,2,2,1,2,2
81,-8322.789,4987.907,-41.729,107.919,-0.307650,-0.951491,-0.004090,0.951316,-0.307672,0.018349,-0.018717,0.001755,0.999823,0,0.96631,0.31345,57.978,0.627,-1,375.000,-1,400.000,-1,325.000,325.000,325.000,300.000,-1,475.000,500.000,-1,-1,975.000,-1,-1,2,0,2,1,2,0,1,0,0,2,0,0,2,2,1,2,2
82,-8342.111,5044.711,-43.083,108.786,-0.322027,-0.946726,-0.002992,0.946589,-0.322032,0.016250,-0.016348,0.002400,0.999863,0,1.00000,0.43345,60.000,0.867,-1,-1,-1,450.000,-1,325.000,350.000,325.000,300.000,-1,450.000,475.000,-1,-1,-1,-1,-1,2,2,2,1,2,1,1,0,0,2,0,0,2,2,2,2,2
83,-8362.527,5101.131,-44.432,109.893,-0.340270,-0.940326,-0.001783,0.940223,-0.340260,0.014247,-0.014004,0.003171,0.999897,0,1.00000,0.55345,60.000,1.107,-1,-1,-1,500.000,-1,450.000,425.000,325.000,300.000,-1,400.000,450.000,-1,-1,-1,-1,-1,2,2,2,1,2,1,1,0,0,2,0,0,2,2,2,2,2
84,-8384.263,5157.055,-45.565,111.240,-0.362281,-0.932068,-0.001388,0.931988,-0.362269,0.012636,-0.012281,0.003284,0.999919,0,1.00000,0.67345,60.000,1.347,-1,-1,-1,600.000,-1,-1,550.000,300.000,300.000,-1,400.000,450.000,-1,-1,-1,-1,-1,2,2,2,1,2,2,1,0,0,2,0,0,2,2,2,2,2
85,-8407.540,5212.356,-46.933,112.827,-0.387964,-0.921674,-0.000926,0.921584,-0.387940,0.013608,-0.012901,0.004426,0.999907,0,1.00000,0.79345,60.000,1.587,-1,-1,-1,750.000,-1,-1,900.000,300.000,300.000,-1,475.000,500.000,-1,-1,-1,-1,-1,2,2,2,1,2,2,1,0,0,2,0,0,2,2,2,2,2
86,-8432.568,5266.887,-49.325,114.654,-0.417216,-0.908806,0.001715,0.908655,-0.417111,0.019094,-0.016638,0.009524,0.999816,0,1.00000,0.91345,60.000,1.827,-1,-1,-1,800.000,-1,-1,950.000,300.000,275.000,-1,625.000,650.000,-1,-1,-1,-1,-1,2,2,2,1,2,2,1,0,0,2,0,0,2,2,2,2,2
87,-8459.479,5320.513,-52.545,116.648,-0.448759,-0.893635,0.005663,0.893359,-0.448440,0.028468,-0.022900,0.017834,0.999579,0,1.00000,0.99736,60.000,1.995,-1,-1,-1,825.000,-1,-1,975.000,325.000,275.000,-1,950.000,975.000,-1,-1,-1,-1,-1,2,2,2,1,2,2,1,0,0,2,0,0,2,2,2,2,2
88,-8488.231,5373.176,-56.337,118.631,-0.479773,-0.877320,0.011273,0.876801,-0.478938,0.042870,-0.032212,0.030452,0.999017,0,1.00000,0.99116,60.000,1.982,-1,-1,-1,850.000,-1,-1,975.000,325.000,250.000,-1,-1,-1,-1,-1,-1,-1,-1,2,2,2,1,2,2,1,0,0,2,2,2,2,2,2,2,2
89,-8518.777,5424.820,-60.942,120.598,-0.510290,-0.859823,0.017539,0.858871,-0.508467,0.061662,-0.044101,0.046529,0.997943,0,1.00000,0.98396,60.000,1.968,-1,-1,-1,850.000,-1,-1,1000.000,350.000,200.000,-1,-1,-1,-1,-1,-1,-1,-1,2,2,2,1,2,2,1,0,0,2,2,2,2,2,2,2,2
90,327.968,8199.145,-118.017,-152.651,-0.887973,0.459227,0.024793,-0.457943,-0.887879,0.044263,0.042340,0.027951,0.998712,1,0.00000,0.00000,60.000,1.951,-1,375.000,-1,400.000,-1,325.000,325.000,300.000,300.000,-1,500.000,450.000,-1,-1,-1,-1,-1,2,0,2,1,2,0,0,0,0,2,0,0,2,2,2,2,2
91,323.695,8196.957,-117.823,-152.891,-0.889888,0.455501,0.024851,-0.454210,-0.889788,0.044381,0.042328,0.028206,0.998706,0,0.08000,-0.12000,4.800,-0.240,-1,375.000,-1,400.000,-1,325.000,325.000,300.000,300.000,-1,500.000,475.000,-1,-1,-1,-1,-1,2,0,2,1,2,0,0,0,0,2,0,0,2,2,2,2,2
92,315.113,8192.654,-117.435,-153.371,-0.893673,0.448024,0.024967,-0.446721,-0.893560,0.044612,0.042297,0.028716,0.998692,0,0.16000,-0.24000,9.600,-0.480,-1,375.000,-1,400.000,-1,325.000,325.000,300.000,300.000,-1,500.000,475.000,-1,-1,-1,-1,-1,2,0,2,1,2,0,0,0,0,2,0,0,2,2,2,2,2
93,302.161,8186.362,-116.858,-154.091,-0.899231,0.436750,0.025141,-0.435430,-0.899100,0.044953,0.042237,0.029476,0.998673,0,0.24000,-0.36000,14.400,-0.720,-1,375.000,-1,400.000,-1,325.000,325.000,300.000,300.000,-1,525.000,475.000,-1,-1,-1,-1,-1,2,0,2,1,2,0,0,0,0,2,0,0,2,2,2,2,2
94,284.781,8178.202,-116.096,-154.850,-0.904935,0.424793,0.025377,-0.423448,-0.904782,0.045411,0.042251,0.030348,0.998646,0,0.32000,-0.37943,19.200,-0.759,-1,375.000,-1,400.000,-1,325.000,325.000,300.000,300.000,-1,550.000,500.000,-1,-1,-1,-1,-1,2,0,2,1,2,0,0,0,0,2,0,0,2,2,2,2,2
95,262.924,8168.289,-115.149,-155.606,-0.910457,0.412806,0.025674,-0.411430,-0.910281,0.045981,0.042352,0.031301,0.998612,0,0.40000,-0.37799,24.000,-0.756,-1,375.000,-1,425.000,-1,325.000,325.000,300.000,300.000,-1,550.000,500.000,-1,-1,-1,-1,-1,2,0,2,1,2,0,1,0,0,2,0,0,2,2,2,2,2
96,236.541,8156.739,-114.019,-156.359,-0.915797,0.400797,0.026027,-0.399383,-0.915596,0.046651,0.042528,0.032328,0.998572,0,0.48000,-0.37644,28.800,-0.753,-1,375.000,-1,425.000,-1,325.000,325.000,300.000,300.000,-1,575.000,525.000,-1,-1,-1,-1,-1,2,0,2,1,2,0,1,0,0,2,0,0,2,2,2,2,2
97,205.587,8143.669,-112.703,-157.108,-0.920955,0.388773,0.026432,-0.387316,-0.920727,0.047409,0.042768,0.033424,0.998526,0,0.56000,-0.37472,33.600,-0.749,-1,400.000,-1,450.000,-1,325.000,350.000,300.000,300.000,-1,600.000,525.000,-1,-1,1000.000,-1,-1,2,1,2,1,2,1,1,0,0,2,0,0,2,2,1,2,2
98,170.020,8129.193,-111.202,-157.854,-0.925927,0.376744,0.026882,-0.375239,-0.925672,0.048241,0.043058,0.034580,0.998474,0,0.64000,-0.37279,38.400,-0.746,-1,-1,-1,450.000,-1,350.000,375.000,300.000,300.000,-1,625.000,550.000,-1,-1,975.000,-1,-1,2,2,2,1,2,1,1,0,0,2,0,0,2,2,1,2,2
99,129.800,8113.426,-109.513,-158.595,-0.930714,0.364722,0.027367,-0.363166,-0.930428,0.049133,0.043383,0.035790,0.998417,0,0.72000,-0.37060,43.200,-0.741,-1,-1,-1,475.000,1000.000,425.000,400.000,300.000,300.000,-1,650.000,550.000,-1,-1,925.000,-1,-1,2,2,2,1,1,1,1,0,0,2,0,0,2,2,1,2,2
100,84.889,8096.483,-107.519,-159.331,-0.935316,0.352727,0.027712,-0.351143,-0.935009,0.049556,0.043391,0.036620,0.998387,0,0.80000,-0.36809,48.000,-0.736,-1,-1,-1,500.000,950.000,625.000,450.000,300.000,300.000,-1,700.000,600.000,-1,-1,900.000,-1,975.000,2,2,2,1,1,1,1,0,0,2,0,0,2,2,1,2,1
101,35.254,8078.477,-105.249,-160.062,-0.939725,0.340773,0.028126,-0.339172,-0.939410,0.049709,0.043361,0.037174,0.998368,0,0.88000,-0.36517,52.800,-0.730,-1,-1,-1,525.000,900.000,950.000,550.000,300.000,300.000,-1,725.000,650.000,-1,-1,875.000,-1,925.000,2,2,2,1,1,1,1,0,0,2,0,0,2,2,1,2,1
102,-19.137,8059.520,-102.936,-160.785,-0.943964,0.328869,0.027874,-0.327258,-0.943598,0.050254,0.042829,0.038316,0.998347,0,0.96000,-0.36177,57.600,-0.724,-1,-1,-1,575.000,850.000,950.000,725.000,300.000,300.000,-1,800.000,700.000,-1,-1,850.000,-1,875.000,2,2,2,1,1,1,1,0,0,2,0,0,2,2,1,2,1
103,-76.036,8040.481,-100.807,-161.501,-0.948047,0.317032,0.026401,-0.315429,-0.947547,0.051563,0.041363,0.040557,0.998321,0,1.00000,-0.35777,60.000,-0.716,-1,-1,-1,600.000,775.000,925.000,725.000,300.000,300.000,-1,900.000,800.000,-1,-1,825.000,-1,800.000,2,2,2,1,1,1,1,0,0,2,0,0,2,2,1,2,1
104,-133.167,8022.152,-101.730,-162.207,-0.952037,0.305419,0.018589,-0.304520,-0.951667,0.039977,0.029900,0.032399,0.999028,0,1.00000,-0.35312,60.000,-0.706,-1,-1,-1,575.000,675.000,875.000,675.000,275.000,300.000,-1,-1,-1,-1,-1,775.000,-1,725.000,2,2,2,1,1,1,1,0,0,2,2,2,2,2,1,2,1
105,-190.517,8004.520,-105.714,-162.903,-0.955806,0.293968,0.004112,-0.293874,-0.955718,0.015549,0.008501,0.013653,0.999871,0,1.00000,-0.34786,60.000,-0.696,-1,-1,-1,525.000,575.000,775.000,600.000,225.000,300.000,-1,-1,-1,-1,-1,700.000,-1,625.000,2,2,2,1,1,1,1,0,0,2,2,2,2,2,1,2,1
106,-248.072,7987.567,-110.250,-163.586,-0.959167,0.282564,-0.012485,-0.282461,-0.959232,-0.009441,-0.014644,-0.005529,0.999877,0,1.00000,-0.34187,60.000,-0.684,-1,-1,-1,475.000,500.000,700.000,550.000,175.000,325.000,-1,-1,-1,-1,-1,625.000,-1,525.000,2,2,2,1,1,1,1,0,0,2,2,2,2,2,1,2,1
107,-6231.357,327.965,110.830,-149.358,-0.859855,0.509675,0.029676,-0.509436,-0.860366,0.015674,0.033521,-0.001641,0.999437,1,0.00000,0.00000,60.000,-0.670,-1,400.000,-1,400.000,-1,325.000,325.000,300.000,325.000,-1,-1,-1,-1,850.000,775.000,-1,-1,2,0,2,0,2,0,0,0,0,2,2,2,2,0,0,2,2
108,-6235.497,325.536,110.981,-149.598,-0.861983,0.506066,0.029692,-0.505828,-0.862493,0.015609,0.033509,-0.001565,0.999437,0,0.08000,-0.12000,4.800,-0.240,-1,400.000,-1,400.000,-1,325.000,325.000,300.000,325.000,-1,-1,-1,-1,850.000,775.000,-1,-1,2,0,2,0,2,0,0,0,0,2,2,2,2,0,0,2,2
109,-6243.805,320.726,111.288,-149.928,-0.864886,0.501088,0.029730,-0.500851,-0.865395,0.015486,0.033488,-0.001497,0.999438,0,0.16000,-0.16509,9.600,-0.330,-1,400.000,-1,400.000,-1,325.000,325.000,300.000,325.000,-1,-1,-1,-1,850.000,775.000,-1,-1,2,0,2,0,2,0,0,0,0,2,2,2,2,0,0,2,2
110,-6256.308,313.581,111.751,-150.254,-0.867723,0.496155,0.029791,-0.495921,-0.868233,0.015308,0.033461,-0.001491,0.999439,0,0.24000,-0.16303,14.400,-0.326,-1,400.000,-1,400.000,-1,325.000,325.000,300.000,325.000,-1,-1,-1,-1,850.000,800.000,-1,-1,2,0,2,0,2,0,0,0,0,2,2,2,2,0,0,2,2
111,-6273.031,304.148,112.371,-150.574,-0.870478,0.491299,0.029875,-0.491071,-0.870989,0.015071,0.033426,-0.001552,0.999440,0,0.32000,-0.15995,19.200,-0.320,-1,400.000,-1,400.000,-1,325.000,325.000,300.000,325.000,-1,-1,-1,-1,850.000,800.000,-1,-1,2,0,2,0,2,0,0,0,0,2,2,2,2,0,0,2,2
112,-6293.998,292.471,113.148,-150.886,-0.873136,0.486554,0.029980,-0.486333,-0.873649,0.014769,0.033378,-0.001685,0.999441,0,0.40000,-0.15583,24.000,-0.312,-1,400.000,-1,400.000,-1,325.000,325.000,300.000,325.000,-1,-1,-1,-1,850.000,800.000,-1,-1,2,0,2,0,2,0,0,0,0,2,2,2,2,0,0,2,2
113,-6319.233,278.591,114.083,-151.187,-0.875680,0.481953,0.030103,-0.481742,-0.876195,0.014394,0.033313,-0.001898,0.999443,0,0.48000,-0.15065,28.800,-0.301,-1,400.000,-1,400.000,-1,325.000,325.000,300.000,325.000,-1,-1,-1,-1,850.000,800.000,-1,-1,2,0,2,0,2,0,0,0,0,2,2,2,2,0,0,2,2
114,-6348.754,262.546,115.150,-151.476,-0.878098,0.477532,0.030120,-0.477331,-0.878612,0.013989,0.033144,-0.002094,0.999448,0,0.56000,-0.14436,33.600,-0.289,-1,400.000,-1,400.000,-1,325.000,325.000,300.000,325.000,-1,-1,-1,-1,875.000,800.000,-1,-1,2,0,2,0,2,0,0,0,0,2,2,2,2,0,0,2,2
115,-6382.580,244.370,116.317,-151.749,-0.880380,0.473327,0.029892,-0.473136,-0.880884,0.013603,0.032770,-0.002167,0.999461,0,0.64000,-0.13693,38.400,-0.274,-1,400.000,-1,400.000,-1,325.000,325.000,300.000,325.000,-1,-1,-1,-1,875.000,800.000,-1,-1,2,0,2,0,2,0,0,0,0,2,2,2,2,0,0,2,2
116,-6420.163,224.392,117.616,-152.006,-0.882501,0.469377,0.029609,-0.469199,-0.882995,0.013126,0.032305,-0.002309,0.999475,0,0.70938,-0.12829,42.563,-0.257,-1,400.000,-1,400.000,-1,325.000,325.000,300.000,325.000,-1,-1,-1,-1,875.000,800.000,-1,-1,2,0,2,0,2,0,0,0,0,2,2,2,2,0,0,2,2
117,-6458.006,204.476,118.921,-152.243,-0.884447,0.465719,0.029298,-0.465555,-0.884929,0.012614,0.031801,-0.002483,0.999491,0,0.71273,-0.11854,42.764,-0.237,-1,400.000,-1,400.000,-1,325.000,325.000,300.000,325.000,-1,-1,-1,-1,875.000,800.000,-1,-1,2,0,2,0,2,0,0,0,0,2,2,2,2,0,0,2,2
118,-6496.115,184.604,120.219,-152.460,-0.886219,0.462363,0.028920,-0.462212,-0.886687,0.012111,0.031243,-0.002634,0.999508,0,0.71632,-0.10854,42.979,-0.217,-1,400.000,-1,400.000,-1,325.000,325.000,300.000,325.000,-1,-1,-1,-1,875.000,800.000,-1,-1,2,0,2,0,2,0,0,0,0,2,2,2,2,0,0,2,2
119,-6534.498,164.757,121.490,-152.657,-0.887818,0.459318,0.028398,-0.459178,-0.888268,0.011651,0.030577,-0.002696,0.999529,0,0.72018,-0.09828,43.211,-0.197,-1,400.000,-1,400.000,-1,325.000,325.000,300.000,300.000,-1,-1,-1,-1,875.000,800.000,-1,-1,2,0,2,0,2,0,0,0,0,2,2,2,2,0,0,2,2
120,-6573.161,144.914,122.763,-152.832,-0.889239,0.456594,0.027845,-0.456466,-0.889671,0.011184,0.029879,-0.002765,0.999550,0,0.72429,-0.08778,43.458,-0.176,-1,400.000,-1,400.000,-1,325.000,325.000,300.000,300.000,-1,-1,-1,-1,900.000,800.000,-1,-1,2,0,2,0,2,0,0,0,0,2,2,2,2,0,0,2,2
121,-6612.111,125.056,124.036,-152.986,-0.890482,0.454201,0.027259,-0.454084,-0.890895,0.010708,0.029148,-0.002842,0.999571,0,0.72868,-0.07701,43.721,-0.154,-1,400.000,-1,400.000,-1,325.000,325.000,300.000,300.000,-1,-1,-1,-1,900.000,800.000,-1,-1,2,0,2,0,2,0,0,0,0,2,2,2,2,0,0,2,2
122,-6651.321,105.182,125.296,-153.122,-0.891569,0.452097,0.026706,-0.451992,-0.891964,0.010195,0.028430,-0.002982,0.999591,0,0.73265,-0.06761,43.959,-0.135,-1,400.000,-1,400.000,-1,325.000,325.000,300.000,300.000,-1,-1,-1,-1,900.000,800.000,-1,-1,2,0,2,0,2,0,0,0,0,2,2,2,2,0,0,2,2
123,-6690.578,85.401,126.516,-153.257,-0.892647,0.449990,0.026277,-0.449900,-0.893028,0.009603,0.027788,-0.003250,0.999609,0,0.73265,-0.06761,43.959,-0.135,-1,400.000,-1,400.000,-1,325.000,325.000,300.000,300.000,-1,-1,-1,-1,900.000,800.000,-1,-1,2,0,2,0,2,0,0,0,0,2,2,2,2,0,0,2,2
124,-6730.011,65.650,127.713,-153.395,-0.893747,0.447829,0.025815,-0.447755,-0.894112,0.008900,0.027068,-0.003604,0.999627,0,0.73506,-0.06929,44.104,-0.139,-1,400.000,-1,400.000,-1,325.000,325.000,300.000,300.000,-1,-1,-1,-1,900.000,800.000,-1,-1,2,0,2,0,2,0,0,0,0,2,2,2,2,0,0,2,2
125,-6769.710,45.891,128.797,-153.540,-0.894890,0.445573,0.025218,-0.445530,-0.895235,0.007617,0.025970,-0.004419,0.999653,0,0.73907,-0.07218,44.344,-0.144,-1,400.000,-1,400.000,-1,325.000,325.000,300.000,300.000,-1,-1,-1,-1,900.000,800.000,-1,-1,2,0,2,0,2,0,0,0,0,2,2,2,2,0,0,2,2
126,-6805.083,28.212,129.714,-153.444,-0.894163,0.447065,0.024627,-0.447053,-0.894485,0.006284,0.024838,-0.005390,0.999677,0,0.65907,0.04782,39.544,0.096,-1,400.000,-1,400.000,-1,325.000,325.000,300.000,300.000,-1,-1,-1,-1,900.000,800.000,-1,-1,2,0,2,0,2,0,0,0,0,2,2,2,2,0,0,2,2
127,-6836.070,12.497,130.501,-153.108,-0.891543,0.452294,0.024095,-0.452311,-0.891846,0.005082,0.023788,-0.006368,0.999697,0,0.57907,0.16782,34.744,0.336,-1,400.000,-1,400.000,-1,325.000,325.000,300.000,300.000,-1,-1,-1,-1,900.000,800.000,-1,-1,2,0,2,0,2,0,0,0,0,2,2,2,2,0,0,2,2
128,-6862.639,-1.314,131.161,-152.533,-0.886966,0.461229,0.023635,-0.461270,-0.887251,0.004015,0.022821,-0.007341,0.999713,0,0.49907,0.28782,29.944,0.576,-1,400.000,-1,400.000,-1,325.000,325.000,300.000,300.000,-1,-1,-1,-1,900.000,800.000,-1,-1,2,0,2,0,2,0,0,0,0,2,2,2,2,0,0,2,2
129,-6884.781,-13.228,131.699,-151.717,-0.880321,0.473809,0.023257,-0.473871,-0.880589,0.003090,0.021944,-0.008301,0.999725,0,0.41907,0.40782,25.144,0.816,-1,400.000,-1,400.000,-1,325.000,325.000,300.000,300.000,-1,-1,-1,-1,900.000,800.000,-1,-1,2,0,2,0,2,0,0,0,0,2,2,2,2,0,0,2,2
130,-6902.516,-23.197,132.118,-150.661,-0.871449,0.489948,0.022970,-0.490029,-0.871703,0.002318,0.021158,-0.009236,0.999733,0,0.33907,0.52782,20.344,1.056,-1,425.000,-1,400.000,-1,325.000,325.000,300.000,300.000,-1,-1,-1,-1,900.000,800.000,-1,-1,2,0,2,0,2,0,0,0,0,2,2,2,2,0,0,2,2
131,-6915.891,-31.117,132.423,-149.366,-0.860152,0.509529,0.022778,-0.509626,-0.860394,0.001713,0.020471,-0.010135,0.999739,0,0.25907,0.64782,15.544,1.296,-1,425.000,-1,400.000,-1,325.000,325.000,300.000,300.000,-1,-1,-1,-1,900.000,800.000,-1,-1,2,0,2,0,2,0,0,0,0,2,2,2,2,0,0,2,2
132,-6924.986,-36.838,132.618,-147.830,-0.846190,0.532398,0.022684,-0.532510,-0.846423,0.001289,0.019887,-0.010989,0.999742,0,0.17907,0.76782,10.744,1.536,-1,425.000,-1,400.000,-1,325.000,325.000,300.000,300.000,-1,-1,-1,-1,900.000,800.000,-1,-1,2,0,2,0,2,0,0,0,0,2,2,2,2,0,0,2,2
133,-6929.917,-40.158,132.708,-146.055,-0.829285,0.558365,0.022683,-0.558488,-0.829512,0.001066,0.019411,-0.011784,0.999742,0,0.09907,0.88782,5.944,1.776,-1,425.000,-1,400.000,-1,325.000,325.000,300.000,300.000,-1,-1,-1,-1,900.000,800.000,-1,-1,2,0,2,0,2,0,0,0,0,2,2,2,2,0,0,2,2
134,-6930.846,-40.826,132.703,-144.236,-0.811140,0.584409,0.022756,-0.584540,-0.811364,0.001058,0.019082,-0.012444,0.999740,0,0.01907,0.90948,1.144,1.819,-1,425.000,-1,400.000,-1,325.000,325.000,300.000,300.000,-1,-1,-1,-1,900.000,800.000,-1,-1,2,0,2,0,2,0,0,0,0,2,2,2,2,0,0,2,2
135,-6927.948,-38.597,132.605,-142.419,-0.792199,0.609833,0.022887,-0.609969,-0.792424,0.001277,0.018915,-0.012949,0.999737,0,-0.06093,0.90834,-3.656,1.817,-1,425.000,-1,400.000,-1,325.000,325.000,300.000,300.000,-1,-1,-1,-1,900.000,800.000,-1,-1,2,0,2,0,2,0,0,0,0,2,2,2,2,0,0,2,2
136,-6921.414,-33.230,132.418,-140.604,-0.772478,0.634623,0.023059,-0.634760,-0.772708,0.001734,0.018918,-0.013298,0.999733,0,-0.14093,0.90752,-8.456,1.815,-1,425.000,-1,400.000,-1,325.000,325.000,300.000,300.000,-1,-1,-1,-1,925.000,825.000,-1,-1,2,0,2,0,2,0,0,0,0,2,2,2,2,0,0,2,2
137,-6911.442,-24.497,132.143,-138.790,-0.751990,0.658765,0.023254,-0.658898,-0.752228,0.002436,0.019097,-0.013490,0.999727,0,-0.22093,0.90706,-13.256,1.814,-1,425.000,-1,400.000,-1,325.000,325.000,300.000,300.000,-1,-1,-1,-1,925.000,825.000,-1,-1,2,0,2,0,2,0,0,0,0,2,2,2,2,0,0,2,2
138,-6898.242,-12.178,131.782,-136.976,-0.730747,0.682246,0.023452,-0.682371,-0.730998,0.003384,0.019452,-0.013530,0.999719,0,-0.30093,0.90699,-18.056,1.814,-1,425.000,-1,400.000,-1,325.000,325.000,300.000,300.000,-1,-1,-1,-1,925.000,825.000,-1,-1,2,0,2,0,2,0,0,0,0,2,2,2,2,0,0,2,2
