timestep,x_cm,y_cm,z_cm,yaw_deg,basis_xx,basis_xy,basis_xz,basis_yx,basis_yy,basis_yz,basis_zx,basis_zy,basis_zz,teleport_flag,throttle_cmd,steering_cmd,cmd_move_cm,cmd_turn_deg,lidar_cm_0,lidar_cm_1,lidar_cm_2,lidar_cm_3,lidar_cm_4,lidar_cm_5,lidar_cm_6,lidar_cm_7,lidar_cm_8,lidar_cm_9,lidar_cm_10,lidar_cm_11,lidar_cm_12,lidar_cm_13,lidar_cm_14,lidar_cm_15,lidar_cm_16,lidar_class_0,lidar_class_1,lidar_class_2,lidar_class_3,lidar_class_4,lidar_class_5,lidar_class_6,lidar_class_7,lidar_class_8,lidar_class_9,lidar_class_10,lidar_class_11,lidar_class_12,lidar_class_13,lidar_class_14,lidar_class_15,lidar_class_16
0,7543.791,4914.726,105.157,96.909,-0.120257,-0.992180,-0.033421,0.992742,-0.120222,-0.003072,-0.000970,-0.033548,0.999437,1,-0.08000,-0.12000,-4.800,-0.240,-1,375.000,-1,400.000,-1,300.000,325.000,250.000,400.000,-1,575.000,425.000,400.000,750.000,800.000,-1,-1,2,0,2,0,2,0,0,0,0,2,1,1,1,0,0,2,2
1,7544.876,4905.187,105.252,96.496,-0.113077,-0.992985,-0.034549,0.993585,-0.113063,-0.002363,-0.001560,-0.034595,0.999400,0,-0.16000,-0.20650,-9.600,-0.413,-1,375.000,-1,400.000,-1,300.000,325.000,250.000,400.000,-1,575.000,425.000,400.000,750.000,775.000,-1,-1,2,0,2,0,2,0,0,0,0,2,1,1,1,0,0,2,2
2,7546.400,4890.868,105.390,96.076,-0.105769,-0.993728,-0.036293,0.994388,-0.105786,-0.001439,-0.002409,-0.036241,0.999340,0,-0.24000,-0.20967,-14.400,-0.419,-1,375.000,-1,400.000,-1,300.000,325.000,250.000,400.000,-1,575.000,425.000,400.000,725.000,775.000,-1,-1,2,0,2,0,2,0,0,0,0,2,1,1,1,0,0,2,2
3,7548.288,4871.761,105.570,95.648,-0.098277,-0.994409,-0.038639,0.995153,-0.098339,-0.000282,-0.003519,-0.038480,0.999253,0,-0.32000,-0.21437,-19.200,-0.429,-1,375.000,-1,400.000,-1,300.000,325.000,250.000,400.000,-1,550.000,425.000,375.000,725.000,775.000,-1,-1,2,0,2,0,2,0,0,0,0,2,1,1,1,0,0,2,2
4,7550.464,4847.860,105.788,95.207,-0.090547,-0.995024,-0.041575,0.995880,-0.090672,0.001124,-0.004888,-0.041302,0.999135,0,-0.40000,-0.22053,-24.000,-0.441,-1,350.000,-1,400.000,-1,300.000,325.000,250.000,425.000,-1,550.000,425.000,375.000,700.000,775.000,-1,-1,2,0,2,0,2,0,0,0,0,2,1,1,1,0,0,2,2
5,7552.848,4819.159,106.041,94.751,-0.082526,-0.995569,-0.045083,0.996568,-0.082735,0.002797,-0.006515,-0.044698,0.998979,0,-0.48000,-0.22806,-28.800,-0.456,-1,350.000,-1,400.000,-1,300.000,325.000,250.000,425.000,-1,525.000,425.000,350.000,675.000,775.000,-1,-1,2,0,2,0,2,0,0,0,1,2,1,1,1,0,0,2,2
6,7555.351,4785.653,106.325,94.277,-0.074165,-0.996034,-0.049143,0.997211,-0.074487,0.004752,-0.008394,-0.048653,0.998780,0,-0.56000,-0.23687,-33.600,-0.474,-1,350.000,-1,400.000,-1,300.000,325.000,250.000,400.000,-1,500.000,400.000,350.000,650.000,775.000,-1,-1,2,0,2,0,2,0,0,0,1,2,1,1,1,0,0,2,2
7,7557.797,4748.617,106.621,93.783,-0.065426,-0.996419,-0.053551,0.997803,-0.065890,0.006935,-0.010438,-0.052980,0.998541,0,-0.61861,-0.24679,-37.117,-0.494,-1,350.000,-1,400.000,-1,300.000,325.000,250.000,375.000,-1,475.000,400.000,325.000,625.000,775.000,-1,-1,2,0,2,0,2,0,0,0,1,2,1,1,1,0,0,2,2
8,7559.882,4712.051,106.882,93.269,-0.056305,-0.996743,-0.057739,0.998337,-0.056925,0.009140,-0.012397,-0.057129,0.998290,0,-0.61043,-0.25730,-36.626,-0.515,-1,350.000,-1,400.000,-1,300.000,325.000,250.000,350.000,-1,450.000,375.000,325.000,625.000,775.000,-1,-1,2,0,2,0,2,0,0,0,1,2,1,1,1,0,0,2,2
9,7561.596,4676.079,107.099,92.734,-0.046830,-0.996998,-0.061662,0.998801,-0.047616,0.011337,-0.014239,-0.061057,0.998033,0,-0.60022,-0.26715,-36.013,-0.534,775.000,350.000,-1,400.000,-1,300.000,325.000,250.000,325.000,-1,425.000,350.000,300.000,600.000,775.000,-1,-1,0,0,2,0,2,0,0,0,1,2,1,1,1,0,0,2,2
10,7562.936,4640.828,107.266,92.182,-0.037032,-0.997180,-0.065277,0.999187,-0.037990,0.013494,-0.015936,-0.064724,0.997776,0,-0.58794,-0.27629,-35.276,-0.553,675.000,325.000,-1,400.000,-1,300.000,325.000,250.000,300.000,-1,400.000,350.000,400.000,600.000,775.000,-1,-1,0,0,2,0,2,0,0,0,1,2,1,1,1,0,0,2,2
11,7563.901,4606.425,107.376,91.612,-0.026943,-0.997284,-0.068547,0.999484,-0.028074,0.015578,-0.017460,-0.068091,0.997526,0,-0.57361,-0.28465,-34.417,-0.569,600.000,325.000,-1,400.000,-1,300.000,325.000,250.000,300.000,-1,375.000,325.000,-1,575.000,775.000,-1,-1,0,0,2,0,2,0,0,0,1,2,1,1,2,0,0,2,2
12,7564.498,4572.991,108.040,91.028,-0.016518,-0.997295,-0.071618,0.999666,-0.017896,0.018646,-0.019877,-0.071286,0.997258,0,-0.55733,-0.29220,-33.440,-0.584,550.000,325.000,-1,400.000,-1,300.000,325.000,250.000,275.000,-1,350.000,325.000,-1,575.000,775.000,775.000,-1,0,0,2,0,2,0,0,0,1,2,1,1,2,0,0,0,2
13,4263.557,-4263.315,172.852,2.039,0.996162,-0.034780,0.080325,0.050886,0.976777,-0.208130,-0.071220,0.211418,0.974797,1,0.00000,0.00000,-32.355,-0.598,-1,400.000,-1,275.000,200.000,300.000,275.000,475.000,225.000,200.000,-1,-1,-1,1000.000,450.000,-1,250.000,2,0,2,0,0,0,0,1,0,1,2,2,2,0,0,2,0
14,4268.356,-4263.168,172.594,1.799,0.996389,-0.030698,0.079166,0.046558,0.977223,-0.207043,-0.071007,0.209981,0.975124,0,0.08000,-0.12000,4.800,-0.240,-1,400.000,-1,275.000,200.000,300.000,275.000,475.000,225.000,200.000,-1,-1,-1,1000.000,450.000,-1,250.000,2,0,2,0,0,0,0,1,0,1,2,2,2,0,0,2,0
15,4277.956,-4262.954,172.043,1.319,0.996793,-0.022525,0.076784,0.037874,0.978084,-0.204739,-0.070490,0.206990,0.975800,0,0.16000,-0.24000,9.600,-0.480,-1,425.000,-1,300.000,200.000,300.000,275.000,475.000,225.000,200.000,-1,-1,-1,1000.000,450.000,-1,250.000,2,0,2,0,0,0,0,1,0,1,2,2,2,0,0,2,0
16,4292.358,-4262.815,171.136,0.599,0.997274,-0.010243,0.073074,0.024784,0.979284,-0.200969,-0.069502,0.202232,0.976868,0,0.24000,-0.36000,14.400,-0.720,-1,425.000,-1,300.000,225.000,300.000,275.000,450.000,225.000,200.000,-1,-1,-1,-1,475.000,-1,275.000,2,0,2,0,0,0,0,1,0,1,2,2,2,2,0,2,0
17,4311.561,-4262.951,169.785,-0.361,0.997672,0.006174,0.067911,0.007230,0.980702,-0.195376,-0.067807,0.195412,0.978374,0,0.32000,-0.48000,19.200,-0.960,-1,425.000,-1,300.000,225.000,300.000,275.000,450.000,225.000,225.000,-1,-1,-1,-1,475.000,-1,275.000,2,0,2,0,0,0,0,1,0,1,2,2,2,2,0,2,0
18,4335.555,-4263.624,167.888,-1.561,0.997767,0.026760,0.061194,-0.014841,0.982151,-0.187509,-0.065120,0.186183,0.980355,0,0.40000,-0.60000,24.000,-1.200,-1,425.000,-1,300.000,275.000,325.000,275.000,450.000,225.000,225.000,-1,-1,-1,-1,500.000,-1,325.000,2,0,2,0,0,0,0,1,0,1,2,2,2,2,0,2,0
19,4364.318,-4265.156,165.335,-3.001,0.997269,0.051548,0.052888,-0.041450,0.983364,-0.176856,-0.061125,0.174181,0.982815,0,0.48000,-0.72000,28.800,-1.440,-1,425.000,-1,300.000,300.000,325.000,275.000,450.000,250.000,225.000,400.000,-1,-1,-1,500.000,-1,375.000,2,0,2,0,0,0,0,1,0,1,1,2,2,2,0,2,0
20,4397.811,-4267.886,162.037,-4.614,0.995906,0.079411,0.043191,-0.071402,0.984057,-0.162892,-0.055438,0.159141,0.985698,0,0.56000,-0.80647,33.600,-1.613,-1,425.000,-1,325.000,350.000,325.000,275.000,450.000,250.000,250.000,250.000,-1,-1,-1,550.000,-1,500.000,2,0,2,0,0,0,0,1,0,1,1,2,2,2,0,2,0
21,4435.983,-4272.085,157.990,-6.235,0.993667,0.107526,0.032623,-0.101721,0.984132,-0.145385,-0.047738,0.141146,0.988837,0,0.64000,-0.81088,38.400,-1.622,-1,450.000,-1,325.000,500.000,325.000,300.000,400.000,250.000,275.000,150.000,925.000,-1,-1,575.000,-1,700.000,2,0,2,0,0,0,0,0,0,1,1,1,2,2,0,2,0
22,4476.022,-4277.646,153.502,-7.868,0.990481,0.135869,0.022088,-0.132073,0.983242,-0.125667,-0.038792,0.121553,0.991827,0,0.67367,-0.81608,40.420,-1.632,-1,450.000,-1,350.000,700.000,350.000,300.000,350.000,275.000,275.000,100.000,600.000,-1,-1,625.000,-1,1000.000,2,0,2,0,0,0,0,0,0,1,1,1,2,2,0,2,0
23,4515.902,-4284.351,148.835,-9.511,0.986320,0.164384,0.012263,-0.162221,0.981165,-0.104878,-0.029273,0.101454,0.994410,0,0.67399,-0.82172,40.439,-1.643,-1,450.000,-1,375.000,975.000,350.000,325.000,325.000,300.000,300.000,75.000,425.000,-1,-1,675.000,-1,-1,2,0,2,0,0,0,0,0,0,1,1,1,2,2,0,2,2
24,4555.636,-4292.207,146.422,-11.166,0.981181,0.192856,0.009482,-0.191131,0.977036,-0.094175,-0.027426,0.090590,0.995511,0,0.67502,-0.82750,40.501,-1.655,-1,450.000,-1,375.000,-1,350.000,325.000,300.000,300.000,375.000,75.000,350.000,-1,-1,700.000,-1,-1,2,0,2,0,2,0,0,0,0,1,1,1,2,2,0,2,2
25,4595.225,-4301.233,145.046,-12.833,0.975126,0.221322,0.012109,-0.219410,0.971571,-0.088937,-0.031449,0.084068,0.995964,0,0.67672,-0.83343,40.603,-1.667,-1,450.000,-1,375.000,-1,350.000,325.000,300.000,300.000,425.000,100.000,325.000,-1,-1,700.000,-1,-1,2,0,2,0,2,0,0,0,0,1,1,1,2,2,0,2,2
26,4634.665,-4311.448,143.625,-14.512,0.968178,0.249826,0.014770,-0.247773,0.965181,-0.083873,-0.035209,0.077544,0.996367,0,0.67900,-0.83949,40.740,-1.679,-1,450.000,-1,375.000,-1,350.000,325.000,300.000,300.000,500.000,150.000,325.000,-1,975.000,700.000,-1,-1,2,0,2,0,2,0,0,0,0,1,1,1,2,0,0,2,2
27,4673.948,-4322.869,141.876,-16.203,0.960350,0.278318,0.016334,-0.276216,0.957779,-0.079775,-0.037847,0.072100,0.996679,0,0.68180,-0.84567,40.908,-1.691,-1,450.000,-1,375.000,-1,350.000,325.000,300.000,325.000,550.000,175.000,325.000,-1,925.000,675.000,-1,-1,2,0,2,0,2,0,0,0,0,1,1,1,2,0,0,2,2
28,4713.061,-4335.511,139.813,-17.907,0.951608,0.306768,0.018324,-0.304563,0.949371,-0.077050,-0.041032,0.067741,0.996859,0,0.68508,-0.85196,41.105,-1.704,-1,425.000,-1,375.000,-1,325.000,325.000,300.000,325.000,575.000,225.000,325.000,-1,900.000,675.000,-1,-1,2,0,2,0,2,0,0,0,0,1,1,1,2,0,0,2,2
29,4751.987,-4349.394,137.709,-19.624,0.941943,0.335165,0.020205,-0.332881,0.940017,-0.074547,-0.043978,0.063493,0.997013,0,0.68878,-0.85835,41.327,-1.717,-1,425.000,-1,375.000,-1,325.000,325.000,300.000,325.000,575.000,275.000,350.000,-1,850.000,650.000,-1,-1,2,0,2,0,2,0,0,0,0,1,1,1,2,0,0,2,2
30,4790.704,-4364.534,135.593,-21.354,0.931344,0.363480,0.021932,-0.361144,0.929713,-0.072177,-0.046625,0.059301,0.997151,0,0.69285,-0.86485,41.571,-1.730,-1,425.000,-1,375.000,1000.000,325.000,300.000,300.000,325.000,600.000,300.000,375.000,-1,825.000,650.000,-1,-1,2,0,2,0,0,0,0,0,0,1,1,1,2,0,0,2,2
31,4829.185,-4380.948,133.473,-23.096,0.919801,0.391681,0.023493,-0.389318,0.918445,-0.069933,-0.048968,0.055178,0.997275,0,0.69725,-0.87143,41.835,-1.743,-1,400.000,-1,350.000,1000.000,325.000,300.000,300.000,325.000,600.000,350.000,400.000,-1,800.000,625.000,-1,-1,2,0,2,0,0,0,0,0,0,1,1,1,2,0,0,2,2
32,4867.401,-4398.652,131.493,-24.853,0.907329,0.419723,0.024233,-0.417371,0.906179,-0.068127,-0.050554,0.051700,0.997382,0,0.70194,-0.87810,42.117,-1.756,-1,400.000,-1,350.000,975.000,325.000,300.000,325.000,325.000,625.000,400.000,425.000,-1,775.000,625.000,-1,-1,2,0,2,0,0,0,0,0,0,1,1,1,2,0,0,2,2
33,4905.318,-4417.659,129.533,-26.622,0.893901,0.447582,0.024723,-0.445262,0.892934,-0.066412,-0.051801,0.048358,0.997486,0,0.70690,-0.88485,42.414,-1.770,-1,400.000,-1,350.000,975.000,325.000,300.000,325.000,325.000,650.000,450.000,450.000,-1,750.000,625.000,-1,1000.000,2,0,2,0,0,0,0,0,0,1,1,1,2,0,0,2,0
34,4942.897,-4437.985,127.583,-28.406,0.879507,0.475227,0.025050,-0.472951,0.878707,-0.064732,-0.052774,0.045085,0.997588,0,0.71207,-0.89168,42.724,-1.783,-1,400.000,-1,350.000,975.000,300.000,300.000,325.000,325.000,675.000,500.000,475.000,-1,750.000,625.000,-1,975.000,2,0,2,0,0,0,0,0,0,1,1,1,2,0,0,2,0
35,4980.100,-4459.642,125.649,-30.203,0.864140,0.502620,0.025214,-0.500403,0.863492,-0.063078,-0.053477,0.041891,0.997690,0,0.71744,-0.89857,43.046,-1.797,1000.000,400.000,-1,350.000,950.000,300.000,300.000,325.000,325.000,725.000,500.000,525.000,-1,725.000,600.000,1000.000,950.000,1,0,2,0,0,0,0,0,0,1,0,1,2,0,0,1,0
36,5016.881,-4482.639,123.738,-32.014,0.847795,0.529725,0.025217,-0.527577,0.847282,-0.061441,-0.053913,0.038785,0.997792,0,0.72297,-0.90552,43.378,-1.811,950.000,375.000,-1,350.000,950.000,300.000,300.000,350.000,325.000,775.000,500.000,575.000,-1,700.000,600.000,975.000,950.000,1,0,2,0,0,0,0,0,0,1,0,1,2,0,0,1,0
37,5053.118,-4507.096,121.664,-34.014,0.828757,0.559053,0.024938,-0.557043,0.828400,-0.058796,-0.053528,0.034836,0.997958,0,0.72864,-1.00000,43.718,-2.000,925.000,375.000,-1,350.000,975.000,300.000,300.000,350.000,325.000,875.000,450.000,625.000,-1,700.000,600.000,925.000,950.000,1,0,2,0,0,0,0,0,0,1,0,1,2,0,0,1,0
38,5088.760,-4533.006,119.326,-36.014,0.808694,0.587720,0.024494,-0.585940,0.808517,-0.054541,-0.051859,0.029755,0.998211,0,0.73442,-1.00000,44.065,-2.000,875.000,375.000,-1,350.000,1000.000,300.000,300.000,350.000,325.000,1000.000,400.000,575.000,-1,700.000,600.000,900.000,975.000,1,0,2,0,0,0,0,0,0,1,0,0,2,0,0,1,0
39,5125.568,-4561.531,117.039,-37.774,0.790212,0.612359,0.024106,-0.610824,0.790194,-0.049867,-0.049585,0.024681,0.998465,0,0.77612,-0.88000,46.567,-1.760,825.000,375.000,-1,350.000,-1,300.000,300.000,350.000,325.000,-1,350.000,525.000,-1,675.000,625.000,875.000,1000.000,1,0,2,0,2,0,0,0,0,2,0,0,2,0,0,1,0
40,5165.321,-4594.063,114.659,-39.294,0.773650,0.633172,0.023652,-0.631880,0.773755,-0.045062,-0.046833,0.019917,0.998704,0,0.85612,-0.76000,51.367,-1.520,775.000,375.000,-1,350.000,-1,300.000,300.000,350.000,325.000,-1,300.000,475.000,-1,675.000,625.000,825.000,-1,1,0,2,0,2,0,0,0,0,2,0,0,2,0,0,1,2
41,5205.751,-4628.684,112.384,-40.574,0.759289,0.650347,0.023024,-0.649280,0.759474,-0.040428,-0.043778,0.015748,0.998917,0,0.88714,-0.64000,53.228,-1.280,750.000,375.000,-1,350.000,-1,300.000,300.000,350.000,325.000,-1,275.000,450.000,-1,675.000,625.000,800.000,-1,1,0,2,0,2,0,0,0,0,2,0,0,2,0,0,1,2
42,5245.729,-4664.195,110.242,-41.614,0.747341,0.664059,0.022519,-0.663189,0.747584,-0.036034,-0.040764,0.011995,0.999097,0,0.89122,-0.52000,53.473,-1.040,700.000,375.000,-1,350.000,-1,300.000,300.000,350.000,325.000,-1,250.000,425.000,-1,650.000,625.000,750.000,-1,1,0,2,0,2,0,0,0,0,2,0,0,2,0,0,1,2
43,5285.375,-4700.415,108.365,-42.414,0.737988,0.674452,0.022072,-0.673731,0.738262,-0.032489,-0.038207,0.009106,0.999228,0,0.89501,-0.40000,53.701,-0.800,650.000,375.000,-1,375.000,-1,300.000,300.000,325.000,325.000,-1,250.000,425.000,-1,650.000,625.000,725.000,-1,1,0,2,0,2,0,0,0,0,2,0,0,2,0,0,1,2
44,5324.821,-4737.166,106.660,-42.974,0.731366,0.681648,0.021464,-0.681044,0.731648,-0.029515,-0.035823,0.006969,0.999334,0,0.89855,-0.28000,53.913,-0.560,625.000,375.000,-1,375.000,-1,300.000,300.000,325.000,325.000,-1,275.000,425.000,-1,650.000,650.000,675.000,-1,1,0,2,0,2,0,0,0,0,2,0,0,2,0,0,1,2
45,5364.207,-4774.272,104.722,-43.294,0.727608,0.685726,0.019173,-0.685228,0.727832,-0.026892,-0.032395,0.006429,0.999454,0,0.90187,-0.16000,54.112,-0.320,575.000,375.000,-1,375.000,-1,300.000,300.000,325.000,325.000,-1,275.000,325.000,-1,650.000,650.000,650.000,-1,1,0,2,0,2,0,0,0,0,2,0,0,2,1,0,1,2
46,5403.677,-4811.563,102.929,-43.374,0.726703,0.686743,0.016930,-0.686338,0.726875,-0.024346,-0.029026,0.006072,0.999560,0,0.90501,-0.04000,54.300,-0.080,550.000,375.000,-1,375.000,-1,300.000,300.000,325.000,325.000,-1,275.000,275.000,-1,625.000,650.000,600.000,-1,1,0,2,0,2,0,0,0,0,2,0,0,2,1,0,1,2
47,5443.383,-4848.868,101.283,-43.214,0.728665,0.684711,0.014739,-0.684387,0.728791,-0.021873,-0.025719,0.005851,0.999652,0,0.90802,0.08000,54.481,0.160,500.000,375.000,-1,375.000,-1,300.000,300.000,325.000,325.000,-1,275.000,275.000,-1,600.000,650.000,575.000,-1,1,0,2,0,2,0,0,0,0,2,0,0,2,1,0,1,2
48,5483.379,-4886.119,99.789,-42.965,0.731667,0.681545,0.012615,-0.681291,0.731754,-0.019461,-0.022494,0.005645,0.999731,0,0.91096,0.12423,54.657,0.248,475.000,375.000,-1,375.000,-1,300.000,300.000,325.000,325.000,-1,275.000,275.000,-1,575.000,650.000,525.000,-1,1,0,2,0,2,0,0,0,0,2,0,0,2,1,0,1,2
49,5523.664,-4923.299,98.513,-42.705,0.734794,0.678211,0.010333,-0.678019,0.734846,-0.017047,-0.019155,0.005520,0.999801,0,0.91366,0.13027,54.820,0.261,425.000,375.000,-1,375.000,-1,300.000,300.000,325.000,325.000,-1,275.000,275.000,-1,550.000,650.000,475.000,-1,1,0,2,0,2,0,0,0,0,2,0,0,2,1,0,1,2
50,5564.230,-4960.382,97.458,-42.432,0.738047,0.674700,0.008120,-0.674563,0.738073,-0.014578,-0.015829,0.005281,0.999861,0,0.91603,0.13661,54.962,0.273,400.000,375.000,-1,375.000,-1,300.000,300.000,325.000,325.000,-1,275.000,300.000,-1,525.000,650.000,450.000,-1,1,0,2,0,2,0,0,0,0,2,0,0,2,1,0,1,2
51,5601.273,-4994.206,96.737,-42.398,0.738452,0.674274,0.006583,-0.674178,0.738467,-0.012280,-0.013141,0.004630,0.999903,0,0.83603,0.01661,50.162,0.033,350.000,375.000,-1,375.000,-1,300.000,300.000,325.000,325.000,-1,275.000,300.000,-1,525.000,650.000,400.000,-1,1,0,2,0,2,0,0,0,0,2,0,0,2,1,0,1,2
52,5638.095,-5028.071,96.159,-42.605,0.736024,0.676936,0.004999,-0.676873,0.736030,-0.010126,-0.010534,0.004069,0.999936,0,0.83378,-0.10339,50.027,-0.207,325.000,375.000,-1,375.000,-1,300.000,300.000,325.000,325.000,-1,300.000,300.000,-1,500.000,650.000,375.000,-1,1,1,2,0,2,0,0,0,0,2,0,0,2,1,0,1,2
53,5674.770,-5062.114,95.748,-42.869,0.732913,0.680314,0.003367,-0.680274,0.732911,-0.008251,-0.008081,0.003757,0.999960,0,0.83400,-0.13170,50.040,-0.263,300.000,350.000,-1,375.000,-1,300.000,300.000,325.000,325.000,-1,300.000,325.000,-1,525.000,650.000,325.000,-1,1,1,2,0,2,0,0,0,0,2,0,0,2,1,0,1,2
54,5711.278,-5096.296,95.449,-43.116,0.729978,0.683469,0.001712,-0.683448,0.729971,-0.006360,-0.005596,0.003472,0.999978,0,0.83356,-0.12354,50.013,-0.247,250.000,350.000,-1,375.000,-1,300.000,300.000,325.000,325.000,-1,325.000,325.000,-1,550.000,650.000,300.000,-1,1,1,2,0,2,0,0,0,0,2,0,0,2,1,0,1,2
55,5747.604,-5130.583,95.262,-43.346,0.727228,0.686395,0.000036,-0.686389,0.727221,-0.004452,-0.003082,0.003213,0.999990,0,0.83251,-0.11505,49.951,-0.230,225.000,325.000,-1,375.000,-1,300.000,300.000,325.000,325.000,-1,325.000,350.000,-1,775.000,650.000,275.000,-1,1,1,2,0,2,1,0,0,0,2,0,0,2,0,0,1,2
56,5783.729,-5164.934,95.185,-43.558,0.724676,0.689088,-0.001658,-0.689090,0.724672,-0.002530,-0.000542,0.002976,0.999995,0,0.83084,-0.10623,49.850,-0.212,200.000,325.000,-1,375.000,-1,300.000,300.000,325.000,325.000,-1,325.000,350.000,-1,800.000,650.000,250.000,-1,1,1,2,0,2,1,0,0,0,2,0,0,2,0,0,1,2
57,5819.637,-5199.311,96.271,-43.752,0.722300,0.691529,-0.008425,-0.691558,0.722320,-0.000910,0.005457,0.006483,0.999964,0,0.82852,-0.09710,49.711,-0.194,175.000,350.000,-1,375.000,-1,325.000,300.000,325.000,325.000,-1,325.000,325.000,-1,850.000,700.000,225.000,-1,1,1,2,0,2,1,0,1,0,2,0,0,2,0,0,1,2
58,5855.313,-5233.673,99.537,-43.928,0.719861,0.693633,-0.025952,-0.693878,0.720092,-0.000605,0.018269,0.018443,0.999663,0,0.82554,-0.08770,49.532,-0.175,200.000,450.000,-1,400.000,-1,350.000,325.000,300.000,325.000,-1,275.000,250.000,-1,-1,750.000,-1,-1,1,0,2,0,2,0,0,1,0,2,0,0,2,2,0,2,2
59,5890.739,-5267.978,102.059,-44.084,0.717501,0.695456,-0.039157,-0.695983,0.718058,0.000263,0.028300,0.027063,0.999233,0,0.82188,-0.07806,49.313,-0.156,225.000,500.000,-1,400.000,-1,375.000,350.000,275.000,300.000,-1,250.000,200.000,-1,-1,850.000,-1,-1,1,0,2,0,2,0,0,1,0,2,0,0,2,2,0,2,2
60,5925.896,-5302.187,103.853,-44.220,0.715403,0.697054,-0.048116,-0.697805,0.716286,0.001636,0.035605,0.032405,0.998840,0,0.81756,-0.06823,49.054,-0.136,275.000,525.000,-1,425.000,-1,400.000,375.000,250.000,300.000,-1,225.000,175.000,-1,-1,975.000,-1,-1,1,0,2,0,2,0,0,1,0,2,0,0,2,2,0,2,2
61,5960.770,-5336.261,104.935,-44.337,0.713690,0.698459,-0.052923,-0.699304,0.714816,0.003465,0.040250,0.034536,0.998593,0,0.81260,-0.05826,48.756,-0.117,-1,550.000,-1,450.000,-1,400.000,375.000,225.000,300.000,-1,225.000,150.000,-1,-1,-1,-1,-1,2,0,2,0,2,0,0,1,0,2,0,0,2,2,2,2,2
62,5995.346,-5370.161,105.403,-44.433,0.712440,0.699680,-0.053629,-0.700472,0.713660,0.005402,0.042052,0.033717,0.998546,0,0.80703,-0.04820,48.422,-0.096,-1,550.000,-1,450.000,-1,400.000,375.000,200.000,300.000,-1,225.000,150.000,-1,-1,-1,-1,-1,2,0,2,0,2,0,0,1,0,2,0,0,2,2,2,2,2
63,6029.609,-5403.853,105.214,-44.516,0.711579,0.700803,-0.050309,-0.701393,0.712733,0.007714,0.041263,0.029798,0.998704,0,0.80089,-0.04157,48.054,-0.083,-1,550.000,-1,450.000,-1,400.000,375.000,175.000,300.000,-1,250.000,175.000,-1,-1,-1,-1,-1,2,0,2,0,2,0,0,1,0,2,0,0,2,2,2,2,2
64,6063.541,-5437.313,104.370,-44.595,0.710964,0.701906,-0.043108,-0.702203,0.711901,0.010375,0.037971,0.022895,0.999017,0,0.79424,-0.03925,47.654,-0.079,-1,525.000,-1,450.000,-1,400.000,375.000,150.000,300.000,-1,250.000,200.000,-1,-1,-1,-1,-1,2,0,2,0,2,0,0,1,0,2,0,0,2,2,2,2,2
65,6097.125,-5470.516,102.889,-44.670,0.710506,0.702957,-0.032132,-0.702952,0.711112,0.013359,0.032240,0.013096,0.999394,0,0.78712,-0.03731,47.227,-0.075,-1,500.000,-1,425.000,-1,375.000,375.000,125.000,300.000,-1,300.000,250.000,-1,-1,-1,-1,-1,2,0,2,0,2,0,0,1,0,2,0,0,2,2,2,2,2
66,6130.348,-5503.444,100.789,-44.741,0.710080,0.703904,-0.017487,-0.703708,0.710295,0.016641,0.024135,0.000489,0.999709,0,0.77961,-0.03575,46.777,-0.072,-1,475.000,-1,425.000,-1,375.000,350.000,125.000,325.000,-1,350.000,375.000,-1,-1,-1,-1,-1,2,0,2,0,2,0,0,1,0,2,0,0,2,2,2,2,2
67,6163.202,-5536.080,98.090,-44.810,0.709522,0.704683,0.000718,-0.704550,0.709367,0.020203,0.013727,-0.014840,0.999796,0,0.77182,-0.03457,46.309,-0.069,-1,425.000,-1,400.000,-1,350.000,325.000,100.000,325.000,-1,500.000,575.000,-1,-1,-1,-1,-1,2,0,2,0,2,0,0,1,0,2,0,0,2,2,2,2,2
68,6195.679,-5568.417,98.184,-44.878,0.708701,0.705503,0.002778,-0.705402,0.708520,0.020194,0.012279,-0.016271,0.999792,0,0.76384,-0.03377,45.830,-0.068,-1,425.000,-1,400.000,-1,325.000,325.000,100.000,325.000,-1,575.000,650.000,-1,-1,-1,-1,-1,2,0,2,0,2,0,0,1,0,2,0,0,2,2,2,2,2
69,6224.840,-5597.280,98.322,-44.705,0.710817,0.703367,0.003665,-0.703292,0.710641,0.019256,0.010940,-0.016265,0.999808,0,0.68384,0.08623,41.030,0.172,-1,425.000,-1,400.000,-1,325.000,325.000,100.000,325.000,-1,625.000,725.000,-1,-1,-1,-1,-1,2,0,2,0,2,0,0,1,0,2,0,0,2,2,2,2,2
70,6250.773,-5622.580,98.443,-44.293,0.715856,0.698233,0.004510,-0.698183,0.715686,0.018305,0.009553,-0.016252,0.999822,0,0.60384,0.20623,36.230,0.412,-1,425.000,-1,400.000,-1,325.000,325.000,100.000,325.000,-1,700.000,800.000,-1,-1,-1,-1,-1,2,0,2,0,2,0,0,1,0,2,0,0,2,2,2,2,2
71,6273.519,-5644.271,98.616,-43.640,0.723754,0.690035,0.005674,-0.690013,0.723587,0.017435,0.007925,-0.016534,0.999832,0,0.52384,0.32623,31.430,0.652,-1,425.000,-1,400.000,-1,325.000,325.000,100.000,325.000,-1,800.000,875.000,-1,-1,-1,-1,-1,2,0,2,0,2,0,0,1,0,2,0,0,2,2,2,2,2
72,6293.074,-5662.347,99.698,-42.748,0.734372,0.678717,0.006366,-0.678739,0.734286,0.011696,0.003264,-0.012910,0.999911,0,0.44384,0.44623,26.630,0.892,-1,425.000,-1,400.000,-1,325.000,325.000,125.000,300.000,-1,1000.000,-1,-1,-1,-1,-1,-1,2,0,2,0,2,0,0,1,0,2,0,2,2,2,2,2,2
73,6309.395,-5676.846,100.452,-41.615,0.747616,0.664092,0.007192,-0.664131,0.747579,0.007456,-0.000425,-0.010351,0.999946,0,0.36384,0.56623,21.830,1.132,-1,425.000,-1,400.000,-1,325.000,325.000,125.000,300.000,-1,-1,-1,-1,-1,-1,-1,-1,2,0,2,0,2,0,0,1,0,2,2,2,2,2,2,2,2
74,6322.387,-5687.855,100.683,-40.277,0.762915,0.646448,0.008126,-0.646494,0.762897,0.005781,-0.002463,-0.009664,0.999950,0,0.28384,0.66941,17.030,1.339,-1,425.000,-1,400.000,-1,325.000,325.000,125.000,300.000,-1,-1,-1,-1,-1,-1,-1,-1,2,0,2,0,2,0,0,1,0,2,2,2,2,2,2,2,2
75,6331.900,-5695.542,100.590,-38.938,0.777800,0.628448,0.008952,-0.628503,0.777786,0.005761,-0.003342,-0.010107,0.999943,0,0.20384,0.66925,12.230,1.338,-1,425.000,-1,400.000,-1,325.000,325.000,125.000,300.000,-1,-1,-1,-1,-1,-1,-1,-1,2,0,2,0,2,0,0,1,0,2,2,2,2,2,2,2,2
76,6337.787,-5700.075,100.195,-37.600,0.792266,0.610101,0.009539,-0.610168,0.792238,0.007297,-0.003105,-0.011601,0.999928,0,0.12384,0.66914,7.430,1.338,-1,425.000,-1,400.000,-1,325.000,325.000,125.000,300.000,-1,-1,-1,-1,-1,-1,-1,-1,2,0,2,0,2,0,0,1,0,2,2,2,2,2,2,2,2
77,6339.908,-5701.630,99.501,-36.262,0.806309,0.591414,0.009765,-0.591492,0.806244,0.010372,-0.001739,-0.014139,0.999899,0,0.04384,0.66910,2.630,1.338,-1,425.000,-1,400.000,-1,325.000,325.000,125.000,300.000,-1,-1,-1,-1,-1,-1,-1,-1,2,0,2,0,2,0,0,1,0,2,2,2,2,2,2,2,2
78,6338.130,-5700.388,98.577,-34.923,0.819923,0.572394,0.009534,-0.572473,0.819793,0.014625,0.000555,-0.017449,0.999848,0,-0.03616,0.66909,-2.170,1.338,-1,450.000,-1,400.000,-1,325.000,325.000,100.000,300.000,-1,-1,-1,-1,-1,-1,-1,-1,2,0,2,0,2,0,0,1,0,2,2,2,2,2,2,2,2
79,6332.323,-5696.532,98.451,-33.585,0.833068,0.553093,0.009219,-0.553170,0.832938,0.014753,0.000481,-0.017390,0.999849,0,-0.11616,0.66909,-6.970,1.338,-1,450.000,-1,400.000,-1,325.000,325.000,100.000,300.000,-1,-1,-1,-1,-1,-1,-1,-1,2,0,2,0,2,0,0,1,0,2,2,2,2,2,2,2,2
80,6322.369,-5690.252,98.308,-32.247,0.845761,0.533493,0.008630,-0.533562,0.845628,0.014971,0.000689,-0.017267,0.999851,0,-0.19616,0.66905,-11.770,1.338,-1,450.000,-1,400.000,-1,325.000,325.000,100.000,300.000,-1,-1,-1,-1,-1,-1,-1,-1,2,0,2,0,2,0,0,1,0,2,2,2,2,2,2,2,2
81,6308.152,-5681.740,98.155,-30.909,0.857992,0.513605,0.007756,-0.513662,0.857857,0.015253,0.001180,-0.017071,0.999854,0,-0.27616,0.66893,-16.570,1.338,-1,450.000,-1,400.000,-1,325.000,325.000,100.000,300.000,-1,-1,-1,-1,-1,-1,-1,-1,2,0,2,0,2,0,0,1,0,2,2,2,2,2,2,2,2
82,6291.580,-5672.337,98.006,-29.572,0.869750,0.493446,0.006721,-0.493489,0.869614,0.015528,0.001818,-0.016822,0.999857,0,-0.31758,0.66866,-19.055,1.337,-1,450.000,-1,400.000,-1,325.000,325.000,100.000,300.000,-1,-1,-1,-1,-1,-1,-1,-1,2,0,2,0,2,0,0,1,0,2,2,2,2,2,2,2,2
83,6275.157,-5663.518,97.872,-28.236,0.881027,0.473032,0.005690,-0.473060,0.880890,0.015738,0.002432,-0.016557,0.999860,0,-0.31067,0.66822,-18.640,1.336,-1,425.000,-1,400.000,-1,325.000,325.000,100.000,300.000,-1,-1,-1,-1,-1,-1,-1,-1,2,0,2,0,2,0,0,1,0,2,2,2,2,2,2,2,2
84,6258.892,-5655.268,99.651,-26.900,0.891793,0.452421,-0.004432,-0.452348,0.891764,0.011739,0.009263,-0.008464,0.999921,0,-0.30397,0.66766,-18.238,1.335,-1,475.000,-1,425.000,-1,350.000,350.000,125.000,300.000,-1,925.000,-1,-1,-1,-1,-1,-1,2,0,2,0,2,0,0,1,0,2,0,2,2,2,2,2,2
85,6246.794,-5649.418,101.318,-25.805,0.900182,0.435307,-0.013435,-0.435241,0.900281,0.007641,0.015421,-0.001031,0.999881,0,-0.22397,0.54766,-13.438,1.095,-1,500.000,-1,425.000,-1,375.000,350.000,125.000,275.000,-1,775.000,875.000,-1,-1,-1,-1,-1,2,0,2,0,2,0,0,1,0,2,0,0,2,2,2,2,2
86,6238.962,-5645.774,102.439,-24.950,0.906475,0.421816,-0.019364,-0.421810,0.906673,0.004620,0.019506,0.003980,0.999802,0,-0.14397,0.42766,-8.638,0.855,300.000,525.000,-1,450.000,-1,375.000,375.000,125.000,275.000,-1,675.000,750.000,-1,-1,-1,-1,-1,1,0,2,0,2,0,0,1,0,2,0,0,2,2,2,2,2
87,6235.465,-5644.192,103.109,-24.334,0.910877,0.412048,-0.022772,-0.412099,0.911135,0.002651,0.021840,0.006969,0.999737,0,-0.06397,0.30766,-3.838,0.615,300.000,525.000,-1,450.000,-1,375.000,375.000,150.000,275.000,-1,625.000,700.000,-1,-1,-1,-1,-1,1,0,2,0,2,0,0,1,0,2,0,0,2,2,2,2,2
88,6236.344,-5644.583,103.384,-23.959,0.913529,0.406067,-0.023980,-0.406146,0.913807,0.001719,0.022611,0.008170,0.999711,0,0.01603,0.18766,0.962,0.375,275.000,525.000,-1,450.000,-1,400.000,375.000,150.000,275.000,-1,625.000,675.000,-1,-1,-1,-1,-1,1,0,2,0,2,0,0,1,0,2,0,0,2,2,2,2,2
89,6241.615,-5646.910,103.277,-23.824,0.914507,0.403909,-0.023095,-0.403977,0.914767,0.001841,0.021870,0.007647,0.999732,0,0.09603,0.06766,5.762,0.135,275.000,525.000,-1,450.000,-1,375.000,375.000,150.000,275.000,-1,650.000,700.000,-1,-1,-1,-1,-1,1,0,2,0,2,0,0,1,0,2,0,0,2,2,2,2,2
90,6251.269,-5651.194,102.766,-23.928,0.913838,0.405586,-0.020000,-0.405609,0.914042,0.003079,0.019530,0.005298,0.999795,0,0.17603,-0.05234,10.562,-0.105,275.000,525.000,-1,450.000,-1,375.000,375.000,125.000,275.000,-1,700.000,800.000,-1,-1,-1,-1,-1,1,0,2,0,2,0,0,1,0,2,0,0,2,2,2,2,2
91,6265.297,-5657.456,101.990,-24.054,0.913035,0.407593,-0.015321,-0.407567,0.913162,0.004923,0.015997,0.001749,0.999871,0,0.25603,-0.06277,15.362,-0.126,275.000,500.000,-1,450.000,-1,375.000,350.000,125.000,275.000,-1,800.000,925.000,-1,-1,-1,-1,-1,1,0,2,0,2,0,0,1,0,2,0,0,2,2,2,2,2
92,6283.690,-5665.714,100.913,-24.178,0.912236,0.409569,-0.008862,-0.409513,0.912274,0.007434,0.011129,-0.003152,0.999933,0,0.33603,-0.06206,20.162,-0.124,875.000,500.000,-1,425.000,-1,375.000,350.000,125.000,275.000,-1,975.000,-1,-1,-1,-1,-1,-1,1,0,2,0,2,0,0,1,0,2,0,2,2,2,2,2,2
93,6306.440,-5675.986,99.463,-24.300,0.911410,0.411499,-0.000264,-0.411473,0.911358,0.010767,0.004671,-0.009704,0.999942,0,0.41603,-0.06120,24.962,-0.122,900.000,475.000,-1,425.000,-1,350.000,350.000,100.000,275.000,-1,-1,-1,-1,-1,-1,-1,-1,1,0,2,0,2,0,0,1,0,2,2,2,2,2,2,2,2
94,6333.540,-5688.289,97.774,-24.421,0.910509,0.413371,0.009882,-0.413479,0.910397,0.014585,-0.002967,-0.017366,0.999845,0,0.49603,-0.06023,29.762,-0.120,-1,450.000,-1,400.000,-1,350.000,325.000,100.000,275.000,-1,-1,-1,-1,-1,-1,-1,-1,2,0,2,0,2,0,0,1,0,2,2,2,2,2,2,2,2
95,6364.980,-5702.643,97.874,-24.539,0.909627,0.415249,0.012088,-0.415393,0.909534,0.014053,-0.005159,-0.017804,0.999828,0,0.57603,-0.05921,34.562,-0.118,-1,450.000,-1,400.000,-1,350.000,325.000,100.000,275.000,-1,-1,-1,-1,-1,-1,-1,-1,2,0,2,0,2,0,0,1,0,2,2,2,2,2,2,2,2
96,6400.754,-5719.063,98.004,-24.656,0.908746,0.417093,0.014643,-0.417278,0.908680,0.013380,-0.007725,-0.018270,0.999803,0,0.65603,-0.05822,39.362,-0.116,-1,450.000,-1,400.000,-1,350.000,325.000,100.000,275.000,-1,-1,-1,-1,-1,-1,-1,-1,2,0,2,0,2,0,0,1,0,2,2,2,2,2,2,2,2
97,6440.852,-5737.567,100.068,-24.770,0.907788,0.418956,0.019916,-0.419091,0.907939,0.003004,-0.016824,-0.011074,0.999797,0,0.73603,-0.05735,44.162,-0.115,-1,450.000,-1,400.000,-1,350.000,325.000,100.000,275.000,-1,-1,-1,-1,-1,-1,-1,-1,2,0,2,0,2,0,0,1,0,2,2,2,2,2,2,2,2
98,6485.269,-5758.170,102.356,-24.884,0.906785,0.420776,0.026242,-0.420697,0.907159,-0.008705,-0.027468,-0.003146,0.999618,0,0.81603,-0.05670,48.962,-0.113,-1,450.000,-1,375.000,-1,350.000,325.000,125.000,275.000,-1,-1,-1,-1,-1,925.000,-1,-1,2,0,2,0,2,0,0,1,0,2,2,2,2,2,0,2,2
99,6532.802,-5780.091,103.547,-24.757,0.907430,0.418772,0.034661,-0.418458,0.908091,-0.016213,-0.038265,0.000208,0.999268,0,0.87239,0.06330,52.343,0.127,-1,450.000,-1,375.000,-1,325.000,325.000,125.000,275.000,-1,-1,-1,-1,1000.000,875.000,-1,-1,2,0,2,0,2,0,0,1,0,2,2,2,2,0,0,2,2
100,6579.982,-5801.483,103.999,-24.391,0.909770,0.412953,0.042290,-0.412479,0.910752,-0.019807,-0.046696,0.000576,0.998909,0,0.86338,0.18330,51.803,0.367,-1,425.000,-1,375.000,-1,325.000,325.000,125.000,275.000,-1,-1,-1,-1,950.000,825.000,-1,-1,2,0,2,0,2,0,0,1,0,2,2,2,2,0,0,2,2
101,6626.941,-5822.178,103.691,-23.784,0.913764,0.403288,0.048933,-0.402807,0.915072,-0.019767,-0.052749,-0.001649,0.998606,0,0.85526,0.30330,51.316,0.607,-1,425.000,-1,375.000,-1,325.000,300.000,150.000,300.000,-1,-1,-1,-1,925.000,825.000,-1,-1,2,0,2,0,2,0,0,1,0,2,2,2,2,0,0,2,2
102,6673.804,-5842.010,102.037,-22.937,0.919465,0.389721,0.051974,-0.389339,0.920925,-0.017699,-0.054761,-0.003962,0.998492,0,0.84811,0.42330,50.886,0.847,-1,425.000,-1,375.000,-1,325.000,325.000,150.000,300.000,-1,-1,-1,-1,925.000,825.000,-1,-1,2,0,2,0,2,0,0,1,0,2,2,2,2,0,0,2,2
103,6720.670,-5860.868,99.286,-21.920,0.926093,0.373296,0.054791,-0.373062,0.927688,-0.014820,-0.056362,-0.006716,0.998388,0,0.84196,0.50890,50.518,1.018,-1,425.000,-1,375.000,-1,325.000,325.000,150.000,300.000,275.000,-1,-1,-1,900.000,825.000,-1,-1,2,0,2,0,2,0,0,1,0,1,2,2,2,0,0,2,2
104,6767.565,-5878.778,95.937,-20.905,0.932451,0.356793,0.056875,-0.356822,0.934119,-0.009993,-0.056693,-0.010976,0.998331,0,0.83664,0.50742,50.198,1.015,-1,425.000,-1,400.000,-1,325.000,325.000,175.000,325.000,225.000,-1,-1,-1,900.000,850.000,-1,-1,2,0,2,0,2,0,0,1,0,1,2,2,2,0,0,2,2
105,6814.488,-5895.756,92.020,-19.893,0.938544,0.340222,0.058170,-0.340612,0.940198,-0.003383,-0.055843,-0.016638,0.998301,0,0.83167,0.50569,49.900,1.011,-1,425.000,-1,400.000,-1,325.000,325.000,175.000,325.000,200.000,-1,-1,-1,900.000,875.000,-1,-1,2,0,2,0,2,0,0,1,0,1,2,2,2,0,0,2,2
106,6861.441,-5911.816,87.539,-18.886,0.944374,0.323595,0.058682,-0.324412,0.945904,0.004717,-0.053981,-0.023492,0.998266,0,0.82708,0.50371,49.625,1.007,-1,425.000,-1,400.000,-1,325.000,325.000,175.000,325.000,200.000,-1,-1,-1,900.000,900.000,-1,-1,2,0,2,0,2,0,0,1,0,1,2,2,2,0,0,2,2
107,6908.429,-5926.973,82.674,-17.883,0.949960,0.306915,0.058134,-0.308222,0.951199,0.014819,-0.050748,-0.031996,0.998199,0,0.82288,0.50150,49.373,1.003,-1,425.000,-1,425.000,-1,325.000,325.000,175.000,350.000,175.000,-1,-1,-1,900.000,950.000,-1,-1,2,0,2,0,2,0,0,1,0,1,2,2,2,0,0,2,2
108,6955.456,-5941.246,79.728,-16.885,0.955003,0.290291,0.060840,-0.291715,0.956375,0.015802,-0.053599,-0.032839,0.998022,0,0.81908,0.49907,49.145,0.998,-1,425.000,-1,400.000,-1,325.000,325.000,200.000,350.000,200.000,-1,-1,-1,875.000,950.000,-1,-1,2,0,2,0,2,0,0,1,0,1,2,2,2,0,0,2,2
109,7002.527,-5954.648,77.311,-15.892,0.959654,0.273686,0.064505,-0.275127,0.961299,0.014464,-0.058050,-0.031627,0.997813,0,0.81569,0.49643,48.941,0.993,-1,400.000,-1,400.000,-1,325.000,325.000,200.000,350.000,200.000,-1,-1,-1,875.000,900.000,-1,-1,2,0,2,0,2,0,0,1,0,1,2,2,2,0,0,2,2
110,7045.330,-5965.845,75.131,-14.659,0.965101,0.252949,0.067798,-0.254407,0.967000,0.013681,-0.062101,-0.030452,0.997605,0,0.73739,0.61643,44.243,1.233,-1,400.000,-1,400.000,-1,325.000,325.000,200.000,350.000,225.000,-1,-1,-1,850.000,875.000,-1,-1,2,0,2,0,2,0,0,1,0,1,2,2,2,0,0,2,2
111,7088.193,-5975.887,72.961,-13.186,0.971061,0.228018,0.071055,-0.229500,0.973217,0.013327,-0.066113,-0.029249,0.997383,0,0.73371,0.73643,44.022,1.473,-1,400.000,-1,400.000,-1,325.000,325.000,225.000,350.000,225.000,-1,-1,-1,850.000,875.000,-1,-1,2,0,2,0,2,0,0,1,0,1,2,2,2,0,0,2,2
112,7131.207,-5984.732,70.791,-11.619,0.976704,0.201326,0.074278,-0.202838,0.979122,0.013325,-0.070044,-0.028081,0.997149,0,0.73191,0.78350,43.914,1.567,-1,400.000,-1,400.000,-1,325.000,325.000,225.000,350.000,250.000,-1,-1,-1,825.000,850.000,-1,-1,2,0,2,0,2,0,0,1,0,1,2,2,2,0,0,2,2
113,7177.503,-5993.138,68.134,-10.292,0.980904,0.178596,0.077017,-0.180226,0.983515,0.014714,-0.073119,-0.028314,0.996921,0,0.78420,0.66350,47.052,1.327,-1,400.000,-1,400.000,-1,325.000,325.000,225.000,350.000,275.000,-1,-1,-1,825.000,825.000,-1,-1,2,0,2,0,2,0,0,1,0,1,2,2,2,0,0,2,2
114,7223.815,-6000.642,65.153,-9.205,0.983923,0.159898,0.079552,-0.161752,0.986678,0.017399,-0.075710,-0.029987,0.996679,0,0.78193,0.54350,46.916,1.087,-1,400.000,-1,400.000,-1,325.000,325.000,225.000,375.000,275.000,-1,-1,-1,800.000,825.000,-1,-1,2,0,2,0,2,0,0,1,0,1,2,2,2,0,0,2,2
115,7274.833,-6008.137,61.361,-8.358,0.986068,0.145292,0.080994,-0.147255,0.988920,0.018776,-0.077368,-0.030441,0.996538,0,0.85942,0.42350,51.565,0.847,-1,400.000,-1,400.000,-1,325.000,325.000,225.000,375.000,300.000,-1,-1,-1,800.000,825.000,-1,-1,2,0,2,0,2,0,0,1,0,1,2,2,2,0,0,2,2
116,7325.540,-6015.037,57.241,-7.749,0.987476,0.134775,0.082017,-0.136750,0.990424,0.018941,-0.078679,-0.029920,0.996451,0,0.85291,0.30451,51.175,0.609,-1,400.000,-1,400.000,-1,325.000,325.000,225.000,375.000,325.000,-1,-1,-1,775.000,825.000,-1,-1,2,0,2,0,2,0,0,1,0,1,2,2,2,0,0,2,2
117,7375.886,-6021.354,53.158,-7.151,0.988748,0.124439,0.083022,-0.126432,0.991790,0.019180,-0.079954,-0.029461,0.996363,0,0.84569,0.29880,50.741,0.598,-1,400.000,-1,400.000,-1,325.000,325.000,225.000,375.000,325.000,-1,-1,-1,775.000,825.000,-1,-1,2,0,2,0,2,0,0,1,0,1,2,2,2,0,0,2,2
118,7425.895,-6027.111,49.059,-6.566,0.989901,0.114307,0.083839,-0.116304,0.993026,0.019317,-0.081046,-0.028873,0.996292,0,0.83898,0.29254,50.339,0.585,-1,400.000,-1,400.000,-1,325.000,325.000,250.000,375.000,350.000,-1,-1,-1,775.000,825.000,-1,-1,2,0,2,0,2,0,0,1,0,1,2,2,2,0,0,2,2
119,7475.589,-6032.330,44.870,-5.995,0.990961,0.104400,0.084248,-0.106360,0.994144,0.019110,-0.081759,-0.027898,0.996262,0,0.83279,0.28574,49.967,0.571,-1,400.000,-1,400.000,-1,325.000,325.000,250.000,375.000,350.000,-1,-1,-1,775.000,825.000,-1,-1,2,0,2,0,2,0,0,1,0,1,2,2,2,0,0,2,2
120,7524.993,-6037.034,40.722,-5.438,0.991893,0.094735,0.084695,-0.096666,0.995136,0.018994,-0.082484,-0.027027,0.996226,0,0.82712,0.27844,49.627,0.557,-1,400.000,-1,400.000,-1,325.000,325.000,250.000,375.000,375.000,-1,-1,-1,775.000,825.000,-1,-1,2,0,2,0,2,0,0,1,0,1,2,2,2,0,0,2,2
121,7574.131,-6041.244,36.611,-4.897,0.992705,0.085331,0.085178,-0.087242,0.996007,0.018962,-0.083220,-0.026255,0.996185,0,0.82198,0.27065,49.319,0.541,-1,400.000,-1,400.000,-1,325.000,325.000,250.000,350.000,375.000,-1,-1,-1,750.000,825.000,-1,-1,2,0,2,0,2,0,0,1,0,1,2,2,2,0,0,2,2
122,7623.030,-6044.982,32.533,-4.372,0.993403,0.076206,0.085695,-0.078103,0.996764,0.019011,-0.083969,-0.025578,0.996140,0,0.81736,0.26241,49.042,0.525,-1,400.000,-1,400.000,-1,325.000,325.000,250.000,350.000,400.000,-1,-1,-1,750.000,825.000,-1,-1,2,0,2,0,2,0,0,1,0,1,2,2,2,0,0,2,2
123,7671.717,-6048.271,28.485,-3.864,0.993993,0.067376,0.086242,-0.069268,0.997415,0.019134,-0.084730,-0.024992,0.996090,0,0.81329,0.25372,48.797,0.507,-1,400.000,-1,400.000,-1,325.000,325.000,250.000,350.000,400.000,-1,-1,-1,750.000,825.000,-1,-1,2,0,2,0,2,0,0,1,0,1,2,2,2,0,0,2,2
124,7720.218,-6051.132,24.461,-3.375,0.994484,0.058858,0.086819,-0.060751,0.997966,0.019326,-0.085504,-0.024493,0.996037,0,0.80975,0.24460,48.585,0.489,-1,400.000,-1,400.000,-1,325.000,325.000,275.000,350.000,400.000,-1,-1,-1,750.000,825.000,-1,-1,2,0,2,0,2,0,0,1,0,1,2,2,2,0,0,2,2
125,7768.562,-6053.585,20.460,-2.905,0.994882,0.050668,0.087423,-0.052569,0.998425,0.019582,-0.086293,-0.024077,0.995979,0,0.80676,0.23507,48.406,0.470,-1,400.000,-1,400.000,-1,325.000,325.000,275.000,350.000,425.000,-1,-1,-1,750.000,825.000,-1,-1,2,0,2,0,2,0,0,1,0,1,2,2,2,0,0,2,2
126,7816.776,-6055.653,16.476,-2.455,0.995195,0.042820,0.088052,-0.044736,0.998801,0.019898,-0.087095,-0.023742,0.995917,0,0.80432,0.22514,48.259,0.450,-1,400.000,-1,400.000,-1,325.000,325.000,275.000,350.000,425.000,-1,-1,-1,725.000,825.000,-1,-1,2,0,2,0,2,0,0,1,0,1,2,2,2,0,0,2,2
127,7861.389,-6057.401,12.778,-2.245,0.995292,0.039154,0.088657,-0.041108,0.998948,0.020317,-0.087768,-0.023866,0.995855,0,0.74411,0.10514,44.647,0.210,-1,400.000,-1,400.000,-1,325.000,325.000,275.000,350.000,425.000,-1,-1,-1,725.000,825.000,-1,-1,2,0,2,0,2,0,0,1,0,1,2,2,2,0,0,2,2
128,7905.884,-6059.168,8.889,-2.274,0.995271,0.039672,0.088666,-0.041590,0.998937,0.019889,-0.087783,-0.023482,0.995863,0,0.74216,-0.01486,44.530,-0.030,-1,400.000,-1,400.000,-1,325.000,325.000,275.000,350.000,425.000,-1,-1,-1,725.000,825.000,-1,-1,2,0,2,0,2,0,0,1,0,1,2,2,2,0,0,2,2
129,7950.240,-6061.139,4.884,-2.544,0.995051,0.044375,0.088912,-0.046230,0.998752,0.018912,-0.087962,-0.022929,0.995860,0,0.74000,-0.13486,44.400,-0.270,-1,400.000,-1,400.000,-1,325.000,325.000,275.000,350.000,425.000,-1,-1,-1,725.000,825.000,-1,-1,2,0,2,0,2,0,0,1,0,1,2,2,2,0,0,2,2
130,7994.443,-6063.498,0.902,-3.054,0.994588,0.053258,0.089214,-0.055070,0.998321,0.017967,-0.088107,-0.022783,0.995850,0,0.73777,-0.25486,44.266,-0.510,-1,375.000,-1,400.000,-1,325.000,325.000,300.000,350.000,425.000,-1,-1,-1,700.000,800.000,-1,-1,2,0,2,0,2,0,0,1,0,1,2,2,2,0,0,2,2
131,8038.493,-6066.290,-3.068,-3.627,0.993975,0.063246,0.089521,-0.065019,0.997739,0.017028,-0.088242,-0.022746,0.995839,0,0.73563,-0.28668,44.138,-0.573,-1,375.000,-1,400.000,-1,325.000,325.000,300.000,350.000,425.000,-1,-1,-1,700.000,800.000,-1,-1,2,0,2,0,2,0,0,1,0,1,2,2,2,0,0,2,2
132,8082.428,-6069.535,-7.032,-4.224,0.993231,0.073637,0.089827,-0.075374,0.997025,0.016094,-0.088375,-0.022756,0.995827,0,0.73424,-0.29846,44.054,-0.597,-1,375.000,-1,400.000,-1,325.000,325.000,300.000,325.000,425.000,-1,-1,-1,700.000,800.000,-1,-1,2,0,2,0,2,0,0,1,0,1,2,2,2,0,0,2,2
133,8126.294,-6073.254,-10.995,-4.845,0.992343,0.084445,0.090136,-0.086149,0.996167,0.015169,-0.088509,-0.022818,0.995814,0,0.73373,-0.31070,44.024,-0.621,-1,375.000,-1,400.000,-1,325.000,325.000,325.000,325.000,450.000,-1,-1,-1,700.000,775.000,-1,-1,2,0,2,0,2,0,0,0,0,1,2,2,2,0,0,2,2
134,8170.138,-6077.469,-14.961,-5.492,0.991294,0.095684,0.090450,-0.097357,0.995147,0.014258,-0.088647,-0.022940,0.995799,0,0.73410,-0.32338,44.046,-0.647,-1,375.000,-1,400.000,-1,325.000,325.000,325.000,325.000,450.000,-1,-1,-1,675.000,775.000,-1,-1,2,0,2,0,2,0,0,0,0,1,2,2,2,0,0,2,2
135,8214.003,-6082.208,-18.935,-6.165,0.990067,0.107366,0.090777,-0.109013,0.993950,0.013366,-0.088793,-0.023129,0.995782,0,0.73533,-0.33651,44.120,-0.673,-1,375.000,-1,400.000,-1,325.000,325.000,325.000,325.000,475.000,-1,-1,-1,675.000,775.000,-1,-1,2,0,2,0,2,0,0,0,0,1,2,2,2,0,0,2,2
136,8257.931,-6087.497,-22.921,-6.865,0.988644,0.119503,0.091121,-0.121128,0.992558,0.012498,-0.088949,-0.023393,0.995761,0,0.73742,-0.35007,44.245,-0.700,-1,375.000,-1,400.000,-1,325.000,325.000,300.000,325.000,475.000,-1,-1,-1,675.000,775.000,-1,-1,2,0,2,0,2,0,0,0,0,1,2,2,2,0,0,2,2
