timestep,x_cm,y_cm,z_cm,yaw_deg,basis_xx,basis_xy,basis_xz,basis_yx,basis_yy,basis_yz,basis_zx,basis_zy,basis_zz,teleport_flag,throttle_cmd,steering_cmd,cmd_move_cm,cmd_turn_deg,lidar_cm_0,lidar_cm_1,lidar_cm_2,lidar_cm_3,lidar_cm_4,lidar_cm_5,lidar_cm_6,lidar_cm_7,lidar_cm_8,lidar_cm_9,lidar_cm_10,lidar_cm_11,lidar_cm_12,lidar_cm_13,lidar_cm_14,lidar_cm_15,lidar_cm_16,lidar_class_0,lidar_class_1,lidar_class_2,lidar_class_3,lidar_class_4,lidar_class_5,lidar_class_6,lidar_class_7,lidar_class_8,lidar_class_9,lidar_class_10,lidar_class_11,lidar_class_12,lidar_class_13,lidar_class_14,lidar_class_15,lidar_class_16
0,-332.771,-328.056,337.138,-179.013,-0.997637,0.017222,-0.066516,-0.015591,-0.999567,-0.024961,-0.066917,-0.023865,0.997473,1,0.08000,0.12000,4.800,0.240,-1,425.000,-1,425.000,775.000,350.000,350.000,275.000,275.000,-1,450.000,450.000,-1,950.000,700.000,-1,850.000,2,0,2,1,1,0,0,0,0,2,1,1,2,0,1,2,1
1,-342.368,-328.302,336.507,-178.533,-0.997384,0.025596,-0.067608,-0.023967,-0.999405,-0.024796,-0.068202,-0.023111,0.997404,0,0.16000,0.24000,9.600,0.480,-1,425.000,-1,425.000,750.000,350.000,350.000,275.000,275.000,-1,450.000,450.000,-1,925.000,700.000,-1,825.000,2,0,2,1,1,0,0,0,0,2,1,1,2,0,1,2,1
2,-356.758,-328.851,335.557,-177.813,-0.996870,0.038153,-0.069245,-0.036528,-0.999030,-0.024585,-0.070116,-0.021978,0.997297,0,0.24000,0.36000,14.400,0.720,-1,425.000,-1,425.000,750.000,350.000,350.000,275.000,275.000,-1,475.000,475.000,-1,925.000,700.000,-1,825.000,2,0,2,1,1,0,1,0,0,2,1,1,2,0,1,2,1
3,-375.929,-329.905,334.287,-176.853,-0.995935,0.054888,-0.071423,-0.053270,-0.998283,-0.024369,-0.072638,-0.020466,0.997148,0,0.32000,0.48000,19.200,0.960,-1,425.000,-1,425.000,725.000,350.000,350.000,275.000,275.000,-1,500.000,525.000,-1,900.000,675.000,-1,825.000,2,0,2,1,1,0,1,0,0,2,1,1,2,0,1,2,1
4,-399.860,-331.724,332.696,-175.653,-0.994364,0.075785,-0.074138,-0.074178,-0.996951,-0.024205,-0.075746,-0.018570,0.996954,0,0.40000,0.60000,24.000,1.200,-1,425.000,-1,425.000,700.000,350.000,350.000,275.000,300.000,-1,550.000,550.000,-1,875.000,675.000,-1,800.000,2,0,2,1,1,0,1,0,0,2,1,1,2,0,1,2,1
5,-428.514,-334.627,330.781,-174.213,-0.991891,0.100819,-0.077375,-0.099227,-0.994772,-0.024159,-0.079407,-0.016285,0.996709,0,0.48000,0.72000,28.800,1.440,-1,425.000,-1,400.000,675.000,350.000,350.000,275.000,300.000,-1,575.000,600.000,-1,875.000,675.000,-1,800.000,2,0,2,1,1,0,1,0,0,2,1,1,2,0,1,2,1
6,-461.830,-338.993,328.542,-172.533,-0.988198,0.129945,-0.081117,-0.128374,-0.991428,-0.024307,-0.083580,-0.013606,0.996408,0,0.56000,0.84000,33.600,1.680,-1,400.000,-1,400.000,625.000,325.000,350.000,275.000,300.000,-1,650.000,675.000,-1,850.000,700.000,-1,800.000,2,0,2,1,1,0,0,0,0,2,1,1,2,0,1,2,1
7,-499.724,-345.213,325.979,-170.677,-0.983097,0.161983,-0.085334,-0.160437,-0.986736,-0.024718,-0.088206,-0.010609,0.996046,0,0.64000,0.92774,38.400,1.855,-1,400.000,-1,400.000,600.000,325.000,350.000,300.000,300.000,-1,700.000,750.000,-1,825.000,725.000,-1,825.000,2,0,2,1,1,0,0,0,0,2,1,1,2,0,1,2,1
8,-542.108,-353.575,323.088,-168.839,-0.976951,0.193565,-0.089997,-0.192039,-0.981058,-0.025406,-0.093210,-0.007538,0.995618,0,0.72000,0.91934,43.200,1.839,-1,400.000,-1,425.000,600.000,325.000,350.000,300.000,300.000,-1,800.000,825.000,-1,775.000,750.000,-1,-1,2,0,2,1,1,0,0,0,0,2,1,1,2,0,1,2,2
9,-588.883,-364.357,319.791,-167.019,-0.969812,0.224626,-0.094912,-0.223148,-0.974437,-0.026048,-0.098336,-0.004082,0.995145,0,0.80000,0.90987,48.000,1.820,-1,400.000,-1,425.000,575.000,325.000,350.000,300.000,325.000,-1,900.000,950.000,-1,750.000,800.000,-1,-1,2,0,2,1,1,0,0,0,0,2,1,1,2,0,1,2,2
10,-639.936,-377.825,315.345,-165.221,-0.962035,0.255098,-0.097027,-0.254070,-0.966912,-0.023015,-0.099687,0.002510,0.995016,0,0.88000,0.89923,52.800,1.798,-1,400.000,-1,425.000,575.000,325.000,350.000,300.000,300.000,-1,975.000,-1,-1,750.000,850.000,-1,-1,2,0,2,0,1,0,0,0,0,2,1,2,2,0,1,2,2
11,-695.150,-394.235,310.413,-163.446,-0.953328,0.284907,-0.099969,-0.284413,-0.958504,-0.019463,-0.101366,0.009878,0.994800,0,0.96000,0.88733,57.600,1.775,-1,400.000,-1,425.000,600.000,325.000,350.000,300.000,300.000,-1,-1,-1,-1,750.000,875.000,-1,-1,2,0,2,0,1,0,0,0,0,2,2,2,2,0,0,2,2
12,-752.115,-413.077,304.193,-161.698,-0.943890,0.313986,-0.102391,-0.314002,-0.949281,-0.016391,-0.102345,0.016679,0.994609,0,1.00000,0.87408,60.000,1.748,-1,400.000,-1,425.000,700.000,325.000,325.000,325.000,300.000,-1,-1,-1,-1,750.000,850.000,-1,-1,2,0,2,0,1,0,0,0,0,2,2,2,2,0,0,2,2
13,-808.489,-433.620,297.023,-159.978,-0.933590,0.342286,-0.106067,-0.342819,-0.939301,-0.013744,-0.104333,0.023531,0.994264,0,1.00000,0.85987,60.000,1.720,-1,400.000,-1,425.000,950.000,325.000,325.000,325.000,275.000,-1,-1,-1,-1,725.000,800.000,-1,-1,2,0,2,0,1,0,0,0,1,2,2,2,2,0,0,2,2
14,-864.209,-455.809,290.159,-158.288,-0.922728,0.369790,-0.108757,-0.370746,-0.928656,-0.012049,-0.105453,0.029203,0.993995,0,0.99958,0.84520,59.975,1.690,-1,375.000,-1,400.000,-1,325.000,325.000,325.000,250.000,-1,-1,-1,-1,725.000,775.000,975.000,-1,2,0,2,0,2,0,0,0,1,2,2,2,2,1,0,1,2
15,-918.782,-479.395,283.889,-156.627,-0.911477,0.396495,-0.109554,-0.397715,-0.917438,-0.011429,-0.105040,0.033154,0.993915,0,0.99086,0.83023,59.451,1.660,-1,375.000,-1,400.000,-1,325.000,325.000,325.000,250.000,-1,-1,-1,-1,700.000,775.000,925.000,-1,2,0,2,0,2,0,0,0,1,2,2,2,2,1,0,1,2
16,-972.115,-504.279,277.795,-154.988,-0.899632,0.422513,-0.110204,-0.423994,-0.905601,-0.010790,-0.104359,0.037019,0.993850,0,0.98089,0.81939,58.853,1.639,-1,375.000,-1,400.000,-1,325.000,325.000,325.000,225.000,-1,-1,-1,-1,675.000,750.000,900.000,-1,2,0,2,0,2,0,0,0,1,2,2,2,2,1,0,1,2
17,-1024.128,-530.378,271.888,-153.355,-0.887104,0.448094,-0.110716,-0.449837,-0.893054,-0.010114,-0.103408,0.040832,0.993801,0,0.96989,0.81689,58.194,1.634,-1,375.000,-1,400.000,-1,325.000,325.000,325.000,225.000,-1,-1,-1,-1,650.000,750.000,850.000,-1,2,0,2,0,2,0,0,0,1,2,2,2,2,1,0,1,2
18,-1074.753,-557.611,266.176,-151.724,-0.873897,0.473244,-0.111102,-0.475248,-0.879802,-0.009387,-0.102190,0.044598,0.993765,0,0.95809,0.81517,57.486,1.630,-1,375.000,-1,400.000,-1,300.000,325.000,325.000,225.000,-1,-1,-1,-1,625.000,750.000,800.000,-1,2,0,2,0,2,0,0,0,1,2,2,2,2,1,0,1,2
19,-1120.532,-583.689,261.042,-150.334,-0.862084,0.494377,-0.111368,-0.496613,-0.867929,-0.008641,-0.100931,0.047857,0.993742,0,0.87809,0.69517,52.686,1.390,-1,375.000,1000.000,400.000,-1,300.000,325.000,325.000,250.000,-1,-1,-1,-1,600.000,725.000,775.000,-1,2,0,1,0,2,0,0,0,1,2,2,2,2,1,0,1,2
20,-1162.088,-608.684,256.618,-148.975,-0.850025,0.514761,-0.111707,-0.517099,-0.855876,-0.009175,-0.100330,0.049965,0.993699,0,0.80824,0.67922,48.494,1.358,1000.000,375.000,925.000,375.000,-1,300.000,325.000,300.000,250.000,-1,-1,-1,-1,575.000,725.000,725.000,-1,1,0,1,0,2,0,0,0,1,2,2,2,2,1,0,1,2
21,-1202.507,-634.320,252.269,-147.616,-0.837505,0.534853,-0.111883,-0.537325,-0.843324,-0.009312,-0.099334,0.052319,0.993678,0,0.79772,0.67959,47.863,1.359,975.000,375.000,875.000,375.000,-1,300.000,300.000,300.000,275.000,-1,-1,-1,-1,550.000,725.000,700.000,-1,1,1,1,0,2,1,0,0,1,2,2,2,2,1,0,1,2
22,-1241.794,-660.568,247.809,-146.255,-0.824561,0.554632,-0.111727,-0.557360,-0.830232,-0.008017,-0.097206,0.055662,0.993707,0,0.78750,0.68049,47.250,1.361,950.000,375.000,800.000,375.000,-1,300.000,300.000,300.000,275.000,-1,-1,-1,-1,525.000,725.000,675.000,-1,1,1,1,0,2,1,0,0,1,2,2,2,2,1,0,1,2
23,-1279.967,-687.408,243.281,-144.892,-0.811214,0.574096,-0.111109,-0.577180,-0.816600,-0.005313,-0.093782,0.059819,0.993794,0,0.77775,0.68189,46.665,1.364,950.000,350.000,750.000,375.000,-1,300.000,300.000,325.000,300.000,-1,-1,-1,-1,500.000,700.000,650.000,-1,1,1,1,0,2,1,0,0,1,2,2,2,2,1,1,1,2
24,-1317.046,-714.826,238.572,-143.524,-0.797405,0.593221,-0.110606,-0.596792,-0.802395,-0.001017,-0.089353,0.065198,0.993864,0,0.76861,0.68376,46.116,1.368,950.000,350.000,700.000,375.000,-1,300.000,300.000,325.000,300.000,-1,-1,-1,-1,500.000,625.000,625.000,-1,1,1,1,0,2,1,1,0,1,2,2,2,2,1,1,1,2
25,-1353.060,-742.813,234.686,-142.152,-0.783001,0.612146,-0.110396,-0.615924,-0.787806,0.000153,-0.086876,0.068115,0.993888,0,0.76019,0.68608,45.611,1.372,925.000,325.000,650.000,375.000,-1,275.000,300.000,325.000,325.000,-1,-1,925.000,625.000,475.000,575.000,600.000,-1,1,1,1,1,2,1,1,0,0,2,2,0,1,1,1,1,2
26,-1388.037,-771.369,230.965,-140.774,-0.768081,0.630784,-0.110287,-0.634761,-0.772707,0.001243,-0.084435,0.070961,0.993899,0,0.75257,0.68881,45.154,1.378,925.000,325.000,600.000,350.000,-1,275.000,275.000,325.000,325.000,-1,-1,825.000,550.000,450.000,525.000,575.000,-1,1,1,1,1,2,1,1,0,0,2,2,0,1,1,1,1,2
27,-1422.006,-800.497,227.296,-139.390,-0.752698,0.649146,-0.109797,-0.653278,-0.757114,0.002215,-0.081691,0.073395,0.993952,0,0.74580,0.69193,44.748,1.384,925.000,300.000,550.000,325.000,-1,250.000,275.000,325.000,325.000,-1,925.000,725.000,500.000,425.000,475.000,550.000,775.000,1,1,1,1,2,1,1,0,0,2,0,0,1,1,1,1,1
28,-1454.995,-830.204,223.702,-138.000,-0.736830,0.667225,-0.109048,-0.671478,-0.741018,0.003115,-0.078728,0.075518,0.994032,0,0.73991,0.69540,44.395,1.391,925.000,300.000,525.000,300.000,-1,250.000,250.000,325.000,300.000,-1,800.000,625.000,500.000,400.000,425.000,525.000,600.000,1,1,1,1,2,1,1,0,0,2,0,0,1,1,1,1,1
29,-1490.599,-864.150,219.868,-136.369,-0.717662,0.687915,-0.108321,-0.692304,-0.721594,0.004112,-0.075335,0.077942,0.994107,0,0.81991,0.81540,49.195,1.631,925.000,275.000,475.000,275.000,-1,225.000,225.000,325.000,300.000,-1,725.000,575.000,500.000,375.000,375.000,500.000,500.000,1,1,1,1,2,1,1,0,0,2,0,0,1,1,1,1,1
30,-1528.533,-902.572,215.841,-134.637,-0.696672,0.709268,-0.107644,-0.713797,-0.700333,0.005193,-0.071704,0.080454,0.994176,0,0.89991,0.86597,53.995,1.732,925.000,250.000,425.000,250.000,-1,200.000,200.000,325.000,300.000,-1,675.000,550.000,500.000,350.000,325.000,475.000,400.000,1,1,1,1,2,1,1,0,0,2,0,0,1,1,1,1,1
31,-1567.645,-944.637,213.728,-132.914,-0.676109,0.730275,-0.097848,-0.734160,-0.678953,0.005621,-0.062330,0.075636,0.995185,0,0.95735,0.86127,57.441,1.723,950.000,225.000,375.000,225.000,-1,200.000,200.000,325.000,325.000,-1,450.000,475.000,525.000,325.000,275.000,450.000,325.000,1,1,1,1,2,1,1,0,0,2,0,1,1,1,1,1,1
32,-1605.774,-988.179,213.838,-131.203,-0.655756,0.750882,-0.078495,-0.753509,-0.657408,0.006142,-0.046992,0.063175,0.996896,0,0.96466,0.85582,57.879,1.712,975.000,225.000,350.000,200.000,-1,175.000,175.000,300.000,350.000,-1,275.000,375.000,575.000,300.000,275.000,450.000,275.000,1,1,1,1,2,1,1,0,0,2,0,0,1,1,1,1,1
33,-1642.867,-1033.161,215.058,-129.504,-0.634790,0.770694,-0.055434,-0.772146,-0.635392,0.008262,-0.028855,0.048048,0.998428,0,0.97176,0.84952,58.306,1.699,950.000,225.000,325.000,200.000,325.000,175.000,175.000,300.000,400.000,-1,175.000,300.000,650.000,275.000,250.000,450.000,250.000,1,1,1,1,1,1,1,0,0,2,0,0,1,1,1,1,1
34,-6887.312,-5575.433,-243.785,111.386,-0.363595,-0.929421,-0.063046,0.931388,-0.363983,-0.005627,-0.017718,-0.060766,0.997995,1,0.00000,0.00000,58.715,1.685,-1,375.000,-1,375.000,-1,300.000,325.000,300.000,300.000,-1,-1,-1,-1,675.000,650.000,-1,-1,2,0,2,0,2,0,0,0,0,2,2,2,2,0,0,2,2
35,-6889.081,-5570.971,-243.877,111.626,-0.367488,-0.927896,-0.062941,0.929857,-0.367876,-0.005730,-0.017838,-0.060632,0.998001,0,0.08000,0.12000,4.800,0.240,-1,375.000,-1,375.000,-1,300.000,325.000,300.000,300.000,-1,-1,-1,-1,675.000,650.000,-1,-1,2,0,2,0,2,0,0,0,0,2,2,2,2,0,0,2,2
36,-6892.694,-5562.077,-244.066,112.106,-0.375255,-0.924797,-0.062726,0.926745,-0.375643,-0.005931,-0.018077,-0.060357,0.998013,0,0.16000,0.24000,9.600,0.480,-1,375.000,-1,375.000,-1,300.000,325.000,300.000,300.000,-1,-1,-1,-1,675.000,650.000,-1,-1,2,0,2,0,2,0,0,0,0,2,2,2,2,0,0,2,2
37,-6898.265,-5548.798,-244.357,112.761,-0.385803,-0.920469,-0.062390,0.922398,-0.386190,-0.006227,-0.018363,-0.059951,0.998032,0,0.24000,0.32719,14.400,0.654,-1,375.000,-1,375.000,-1,300.000,325.000,300.000,300.000,-1,-1,-1,-1,675.000,625.000,-1,-1,2,0,2,0,2,0,0,0,0,2,2,2,2,0,0,2,2
38,-6905.898,-5531.181,-244.751,113.427,-0.396493,-0.915947,-0.061919,0.917851,-0.396870,-0.006614,-0.018515,-0.059455,0.998059,0,0.32000,0.33286,19.200,0.666,-1,375.000,-1,375.000,-1,300.000,325.000,300.000,300.000,-1,-1,-1,-1,675.000,625.000,-1,-1,2,0,2,0,2,0,0,0,0,2,2,2,2,0,0,2,2
39,-6915.700,-5509.274,-245.255,114.107,-0.407382,-0.911198,-0.061304,0.913070,-0.407742,-0.007089,-0.018537,-0.058862,0.998094,0,0.40000,0.34045,24.000,0.681,-1,375.000,-1,375.000,-1,300.000,325.000,300.000,300.000,-1,-1,-1,-1,675.000,625.000,-1,-1,2,0,2,0,2,0,0,0,0,2,2,2,2,0,0,2,2
40,-6927.783,-5483.132,-245.878,114.808,-0.418525,-0.906186,-0.060536,0.908018,-0.418861,-0.007645,-0.018429,-0.058167,0.998137,0,0.48000,0.35001,28.800,0.700,-1,375.000,-1,375.000,-1,300.000,325.000,300.000,300.000,-1,-1,-1,-1,650.000,625.000,-1,-1,2,0,2,0,2,0,0,0,0,2,2,2,2,0,0,2,2
41,-6942.263,-5452.813,-246.625,115.531,-0.429978,-0.900869,-0.059606,0.902656,-0.430283,-0.008278,-0.018191,-0.057363,0.998188,0,0.56000,0.36154,33.600,0.723,-1,375.000,-1,375.000,-1,300.000,300.000,300.000,300.000,-1,-1,-1,-1,650.000,625.000,-1,1000.000,2,0,2,0,2,0,0,0,0,2,2,2,2,0,0,2,0
42,-6959.265,-5418.382,-247.507,116.281,-0.441796,-0.895206,-0.058503,0.896938,-0.442064,-0.008982,-0.017822,-0.056442,0.998247,0,0.64000,0.37508,38.400,0.750,-1,375.000,-1,350.000,975.000,300.000,300.000,300.000,300.000,-1,-1,825.000,-1,650.000,600.000,-1,975.000,2,0,2,0,0,0,0,0,0,2,2,0,2,0,0,2,0
43,-6978.919,-5379.912,-248.320,117.062,-0.454021,-0.889108,-0.057892,0.890823,-0.454237,-0.010135,-0.017285,-0.056173,0.998271,0,0.72000,0.39065,43.200,0.781,-1,375.000,-1,350.000,950.000,300.000,300.000,300.000,300.000,-1,750.000,650.000,-1,650.000,600.000,-1,950.000,2,0,2,0,0,0,0,0,0,2,0,0,2,0,0,2,0
44,-7001.363,-5337.483,-249.129,117.879,-0.466691,-0.882537,-0.057695,0.884260,-0.466856,-0.011411,-0.016865,-0.056343,0.998269,0,0.80000,0.40826,48.000,0.817,-1,375.000,-1,350.000,950.000,300.000,300.000,300.000,300.000,-1,675.000,625.000,-1,625.000,600.000,-1,925.000,2,0,2,0,0,0,0,0,0,2,0,0,2,0,0,2,0
45,-7026.809,-5291.220,-249.632,118.811,-0.481090,-0.874736,-0.058212,0.876540,-0.481104,-0.014708,-0.015141,-0.058101,0.998196,0,0.88000,0.46608,52.800,0.932,-1,375.000,-1,350.000,950.000,300.000,300.000,300.000,300.000,-1,600.000,575.000,-1,625.000,600.000,-1,925.000,2,0,2,0,0,0,0,0,0,2,0,0,2,0,0,2,0
46,-7054.224,-5243.298,-249.977,119.771,-0.495820,-0.866417,-0.059021,0.868333,-0.495610,-0.019181,-0.012632,-0.060761,0.998072,0,0.92016,0.47990,55.210,0.960,-1,375.000,-1,350.000,1000.000,300.000,300.000,300.000,300.000,-1,550.000,525.000,-1,625.000,600.000,-1,975.000,2,0,2,0,0,0,0,0,0,2,0,0,2,0,0,2,0
47,-7082.669,-5195.495,-250.378,120.753,-0.510764,-0.857648,-0.059663,0.859661,-0.510314,-0.023700,-0.010121,-0.063395,0.997937,0,0.92710,0.49140,55.626,0.983,-1,375.000,-1,350.000,-1,300.000,300.000,300.000,325.000,-1,500.000,500.000,-1,625.000,600.000,-1,1000.000,2,0,2,0,2,0,0,0,0,2,0,0,2,0,0,2,0
48,-7111.924,-5148.197,-250.760,121.736,-0.525558,-0.848639,-0.060008,0.850722,-0.524877,-0.027874,-0.007842,-0.065699,0.997809,0,0.92692,0.49159,55.615,0.983,-1,375.000,-1,350.000,-1,300.000,300.000,300.000,300.000,-1,450.000,475.000,-1,625.000,625.000,-1,-1,2,0,2,0,2,0,0,0,0,2,0,0,2,0,0,2,2
49,-7141.980,-5101.418,-251.002,122.720,-0.540175,-0.839422,-0.059843,0.841530,-0.539311,-0.031161,-0.006117,-0.067192,0.997721,0,0.92672,0.49169,55.603,0.983,-1,350.000,-1,350.000,-1,300.000,300.000,300.000,300.000,-1,450.000,475.000,-1,625.000,625.000,-1,-1,2,0,2,0,2,0,0,0,0,2,0,0,2,0,0,2,2
50,-7172.828,-5055.170,-251.097,123.703,-0.554676,-0.830007,-0.058513,0.832058,-0.553614,-0.034507,-0.003752,-0.067826,0.997690,0,0.92653,0.49170,55.592,0.983,-1,350.000,-1,350.000,-1,300.000,300.000,300.000,300.000,-1,450.000,475.000,-1,625.000,625.000,-1,-1,2,0,2,0,2,0,0,0,0,2,0,0,2,0,0,2,2
51,-7204.456,-5009.468,-250.951,124.687,-0.569062,-0.820418,-0.055532,0.822295,-0.567799,-0.037887,-0.000448,-0.067224,0.997738,0,0.92634,0.49163,55.580,0.983,-1,375.000,-1,350.000,-1,300.000,300.000,300.000,300.000,-1,425.000,450.000,-1,650.000,625.000,-1,-1,2,0,2,0,2,0,0,0,0,2,0,0,2,0,0,2,2
52,-7236.858,-4964.323,-250.686,125.669,-0.583288,-0.810629,-0.051534,0.812259,-0.581842,-0.041185,0.003401,-0.065881,0.997822,0,0.92615,0.49147,55.569,0.983,-1,375.000,-1,375.000,-1,300.000,300.000,300.000,300.000,-1,425.000,425.000,-1,650.000,625.000,-1,-1,2,0,2,0,2,0,0,0,0,2,0,0,2,0,0,2,2
53,-7270.022,-4919.749,-250.487,126.652,-0.597309,-0.800603,-0.047496,0.801979,-0.595706,-0.044314,0.007184,-0.064561,0.997888,0,0.92597,0.49121,55.558,0.982,-1,375.000,-1,375.000,-1,300.000,300.000,300.000,300.000,-1,375.000,375.000,-1,675.000,650.000,-1,-1,2,0,2,0,2,0,0,0,0,2,0,0,2,0,0,2,2
54,-7303.939,-4875.759,-250.211,127.634,-0.611107,-0.790319,-0.044097,0.791479,-0.609367,-0.047263,0.010481,-0.063784,0.997909,0,0.92580,0.49087,55.548,0.982,-1,375.000,-1,375.000,-1,300.000,300.000,300.000,300.000,-1,325.000,350.000,-1,700.000,650.000,-1,-1,2,0,2,0,2,0,0,0,0,2,0,0,2,0,0,2,2
55,-7338.598,-4832.363,-249.972,128.615,-0.624693,-0.779804,-0.040808,0.780752,-0.622833,-0.050065,0.013625,-0.063136,0.997912,0,0.92564,0.49044,55.538,0.981,-1,375.000,-1,375.000,-1,300.000,300.000,300.000,300.000,-1,300.000,325.000,-1,725.000,650.000,-1,-1,2,0,2,0,2,0,0,0,0,2,0,0,2,0,0,2,2
56,-7373.990,-4789.574,-249.244,129.594,-0.638027,-0.768970,-0.040098,0.769867,-0.636020,-0.052765,0.015072,-0.064536,0.997802,0,0.92549,0.48992,55.529,0.980,-1,375.000,-1,375.000,-1,325.000,300.000,300.000,300.000,-1,300.000,350.000,-1,725.000,675.000,-1,-1,2,0,2,0,2,0,0,0,0,2,0,0,2,0,0,2,2
57,-7410.102,-4747.403,-248.448,130.573,-0.651144,-0.757899,-0.040002,0.758784,-0.648979,-0.055435,0.016054,-0.066449,0.997661,0,0.92535,0.48932,55.521,0.979,-1,375.000,-1,375.000,-1,325.000,300.000,300.000,300.000,-1,325.000,375.000,-1,725.000,675.000,-1,-1,2,0,2,0,2,0,0,0,0,2,0,0,2,0,0,2,2
58,-7446.924,-4705.858,-247.722,131.550,-0.664051,-0.746623,-0.039869,0.747494,-0.661725,-0.058076,0.016979,-0.068367,0.997516,0,0.92524,0.48862,55.514,0.977,-1,375.000,-1,375.000,-1,325.000,325.000,300.000,300.000,-1,325.000,400.000,-1,725.000,675.000,-1,-1,2,0,2,0,2,0,0,0,0,2,0,0,2,0,0,2,2
59,-7484.444,-4664.952,-247.052,132.526,-0.676745,-0.735146,-0.039711,0.736000,-0.674249,-0.060759,0.017891,-0.070345,0.997362,0,0.92514,0.48785,55.508,0.976,-1,400.000,-1,375.000,-1,325.000,325.000,300.000,300.000,-1,350.000,400.000,-1,725.000,700.000,-1,-1,2,0,2,0,2,0,0,0,0,2,0,0,2,0,0,2,2
60,-7522.652,-4624.693,-246.236,133.500,-0.689254,-0.723433,-0.039655,0.724260,-0.686510,-0.064427,0.019385,-0.073127,0.997134,0,0.92506,0.48698,55.504,0.974,-1,400.000,-1,375.000,-1,325.000,325.000,300.000,300.000,-1,350.000,425.000,-1,725.000,700.000,-1,-1,2,0,2,0,2,0,0,0,0,2,0,0,2,0,0,2,2
61,-7561.534,-4585.090,-245.454,134.472,-0.701545,-0.711527,-0.039548,0.712318,-0.698532,-0.068235,0.020926,-0.076040,0.996885,0,0.92500,0.48603,55.500,0.972,-1,400.000,-1,375.000,-1,325.000,325.000,300.000,300.000,-1,350.000,450.000,-1,750.000,725.000,-1,-1,2,0,2,0,2,0,0,0,0,2,0,0,2,0,0,2,2
62,-7601.080,-4546.152,-244.643,135.442,-0.713578,-0.699473,-0.039290,0.700232,-0.710349,-0.071273,0.021944,-0.078371,0.996683,0,0.92497,0.48500,55.498,0.970,-1,400.000,-1,400.000,-1,325.000,325.000,300.000,300.000,-1,375.000,450.000,-1,750.000,750.000,-1,-1,2,0,2,0,2,0,0,0,0,2,0,0,2,0,0,2,2
63,-7637.656,-4511.045,-243.887,136.172,-0.722497,-0.690274,-0.038989,0.691001,-0.719107,-0.073504,0.022701,-0.080048,0.996533,0,0.84497,0.36500,50.698,0.730,-1,400.000,-1,400.000,-1,325.000,325.000,300.000,300.000,-1,400.000,475.000,-1,750.000,750.000,-1,-1,2,0,2,0,2,0,0,0,0,2,0,0,2,0,0,2,2
64,-7671.038,-4479.545,-242.948,136.662,-0.728378,-0.684087,-0.038611,0.684804,-0.724971,-0.073901,0.022563,-0.080269,0.996518,0,0.76497,0.24500,45.898,0.490,-1,400.000,-1,400.000,-1,325.000,325.000,300.000,300.000,-1,425.000,525.000,-1,750.000,775.000,-1,-1,2,0,2,0,2,0,0,0,0,2,0,0,2,0,0,2,2
65,-7701.305,-4451.234,-242.045,136.912,-0.731348,-0.680928,-0.038297,0.681638,-0.727961,-0.073779,0.022360,-0.080063,0.996539,0,0.69073,0.12500,41.444,0.250,-1,400.000,-1,400.000,-1,325.000,325.000,300.000,300.000,-1,475.000,550.000,-1,775.000,775.000,-1,-1,2,0,2,0,2,0,0,0,0,2,0,0,2,0,0,2,2
66,-7731.576,-4422.928,-241.161,136.922,-0.731466,-0.680815,-0.038059,0.681509,-0.728095,-0.073642,0.022426,-0.079804,0.996558,0,0.69072,0.00500,41.443,0.010,-1,400.000,-1,400.000,-1,325.000,325.000,300.000,300.000,-1,525.000,600.000,-1,775.000,775.000,-1,-1,2,0,2,0,2,0,0,0,0,2,0,0,2,0,0,2,2
67,-7761.923,-4394.322,-240.277,136.692,-0.728732,-0.683749,-0.037903,0.684420,-0.725373,-0.073504,0.022764,-0.079506,0.996574,0,0.69508,-0.11500,41.705,-0.230,-1,400.000,-1,400.000,-1,325.000,325.000,300.000,300.000,-1,550.000,650.000,-1,775.000,800.000,-1,-1,2,0,2,0,2,0,0,0,0,2,0,0,2,0,0,2,2
68,-7792.037,-4365.465,-239.326,136.222,-0.723115,-0.689708,-0.037514,0.690325,-0.719773,-0.073334,0.023577,-0.078926,0.996602,0,0.69512,-0.23500,41.707,-0.470,-1,400.000,-1,400.000,-1,325.000,325.000,300.000,300.000,-1,600.000,675.000,-1,775.000,800.000,-1,-1,2,0,2,0,2,0,0,0,0,2,0,0,2,0,0,2,2
69,-7821.785,-4336.242,-238.302,135.512,-0.714539,-0.698620,-0.036941,0.699154,-0.711218,-0.073160,0.024838,-0.078104,0.996636,0,0.69501,-0.35500,41.701,-0.710,-1,400.000,-1,400.000,-1,325.000,325.000,300.000,300.000,-1,625.000,700.000,-1,800.000,800.000,-1,-1,2,0,2,0,2,0,0,0,0,2,0,0,2,0,0,2,2
70,-7851.035,-4306.541,-237.267,134.562,-0.702890,-0.710358,-0.036565,0.710812,-0.699579,-0.073046,0.026309,-0.077334,0.996658,0,0.69476,-0.47500,41.685,-0.950,-1,400.000,-1,400.000,-1,325.000,325.000,300.000,300.000,-1,650.000,725.000,-1,825.000,800.000,-1,-1,2,0,2,0,2,0,0,0,0,2,0,0,2,0,0,2,2
71,-7879.645,-4276.255,-236.085,133.372,-0.688029,-0.724802,-0.035748,0.725127,-0.684740,-0.072946,0.028394,-0.076111,0.996695,0,0.69435,-0.59500,41.661,-1.190,-1,400.000,-1,400.000,-1,325.000,325.000,300.000,300.000,-1,675.000,750.000,-1,825.000,800.000,-1,-1,2,0,2,0,2,0,0,0,0,2,0,0,2,0,0,2,2
72,-7907.468,-4245.289,-234.865,131.942,-0.669776,-0.741732,-0.035128,0.741928,-0.666499,-0.072946,0.030693,-0.074920,0.996717,0,0.69381,-0.71500,41.629,-1.430,-1,400.000,-1,400.000,-1,325.000,325.000,300.000,300.000,-1,700.000,750.000,-1,850.000,825.000,-1,-1,2,0,2,0,2,0,0,0,0,2,0,0,2,0,0,2,2
73,-7934.351,-4213.556,-233.599,130.272,-0.647932,-0.760906,-0.034736,0.760975,-0.644656,-0.073052,0.033193,-0.073766,0.996723,0,0.69315,-0.83500,41.589,-1.670,-1,400.000,-1,400.000,-1,325.000,325.000,300.000,300.000,-1,725.000,775.000,-1,875.000,825.000,-1,-1,2,0,2,0,2,0,0,0,0,2,0,0,2,0,0,2,2
74,-7960.134,-4180.979,-232.194,128.362,-0.622275,-0.782017,-0.034973,0.781987,-0.618975,-0.073262,0.035645,-0.072937,0.996699,0,0.69240,-0.95500,41.544,-1.910,-1,400.000,-1,400.000,-1,325.000,325.000,300.000,300.000,-1,750.000,800.000,-1,875.000,825.000,-1,-1,2,0,2,0,2,0,0,0,0,2,0,0,2,0,0,2,2
75,-7984.758,-4147.577,-230.717,126.399,-0.595190,-0.802800,-0.035512,0.802686,-0.591853,-0.073526,0.038009,-0.072267,0.996661,0,0.69160,-0.98151,41.496,-1.963,-1,425.000,-1,400.000,-1,325.000,325.000,300.000,300.000,-1,775.000,825.000,-1,875.000,825.000,-1,-1,2,0,2,0,2,0,0,0,0,2,0,0,2,0,0,2,2
76,-8008.197,-4113.388,-229.121,124.434,-0.567392,-0.822636,-0.036554,0.822472,-0.563999,-0.073798,0.040092,-0.071937,0.996603,0,0.69086,-0.98223,41.452,-1.964,-1,425.000,-1,400.000,-1,325.000,325.000,300.000,300.000,-1,825.000,850.000,-1,875.000,825.000,-1,-1,2,0,2,0,2,0,0,0,0,2,0,0,2,0,0,2,2
77,-8030.430,-4078.446,-227.472,122.468,-0.538902,-0.841521,-0.037774,0.841316,-0.535445,-0.074067,0.042103,-0.071694,0.996538,0,0.69024,-0.98330,41.414,-1.967,-1,425.000,-1,400.000,-1,325.000,325.000,300.000,300.000,-1,850.000,900.000,-1,875.000,825.000,-1,-1,2,0,2,0,2,0,0,0,0,2,0,0,2,0,0,2,2
78,-8051.434,-4042.784,-225.767,120.498,-0.509741,-0.859436,-0.039156,0.859199,-0.506215,-0.074319,0.044051,-0.071527,0.996465,0,0.68978,-0.98473,41.387,-1.969,-1,425.000,-1,400.000,-1,325.000,325.000,300.000,300.000,-1,900.000,925.000,-1,875.000,825.000,-1,-1,2,0,2,0,2,0,0,0,0,2,0,0,2,0,0,2,2
79,-8071.192,-4006.433,-224.024,118.525,-0.479927,-0.876366,-0.040652,0.876107,-0.476331,-0.074461,0.045891,-0.071352,0.996395,0,0.68954,-0.98650,41.372,-1.973,-1,425.000,-1,400.000,-1,325.000,325.000,300.000,300.000,-1,925.000,975.000,-1,875.000,825.000,-1,-1,2,0,2,0,2,0,0,0,0,2,0,0,2,0,0,2,2
80,-8089.881,-3969.033,-222.359,116.553,-0.449523,-0.892282,-0.041978,0.892020,-0.445914,-0.073893,0.047215,-0.070662,0.996382,0,0.69681,-0.98601,41.808,-1.972,-1,425.000,-1,400.000,-1,325.000,325.000,275.000,300.000,-1,950.000,-1,-1,875.000,825.000,-1,-1,2,0,2,0,2,0,0,0,0,2,0,2,2,0,0,2,2
81,-8107.275,-3931.015,-220.540,114.586,-0.418641,-0.907125,-0.043165,0.906871,-0.415054,-0.072904,0.048217,-0.069666,0.996404,0,0.69679,-0.98349,41.808,-1.967,-1,425.000,-1,400.000,-1,325.000,325.000,300.000,300.000,-1,1000.000,-1,-1,875.000,825.000,-1,-1,2,0,2,0,2,0,0,0,0,2,0,2,2,0,0,2,2
82,-8123.350,-3892.439,-218.632,112.623,-0.387319,-0.920880,-0.044313,0.920636,-0.383762,-0.071801,0.049115,-0.068606,0.996434,0,0.69651,-0.98164,41.791,-1.963,-1,425.000,-1,400.000,-1,325.000,325.000,300.000,300.000,-1,-1,-1,-1,850.000,825.000,-1,-1,2,0,2,0,2,0,0,0,0,2,2,2,2,0,0,2,2
83,-8138.085,-3853.364,-216.631,110.663,-0.355584,-0.933542,-0.045384,0.933311,-0.352065,-0.070577,0.049908,-0.067453,0.996473,0,0.69599,-0.98013,41.759,-1.960,-1,400.000,-1,400.000,-1,325.000,325.000,300.000,300.000,-1,-1,-1,-1,850.000,825.000,-1,-1,2,0,2,0,2,0,0,0,0,2,2,2,2,0,0,2,2
84,-8151.462,-3813.850,-214.478,108.705,-0.323446,-0.945120,-0.046150,0.944897,-0.319996,-0.069084,0.050525,-0.065952,0.996543,0,0.69528,-0.97898,41.717,-1.958,-1,400.000,-1,400.000,-1,325.000,325.000,300.000,300.000,-1,-1,-1,-1,825.000,825.000,-1,-1,2,0,2,0,2,0,0,0,0,2,2,2,2,0,0,2,2
85,-8165.012,-3769.492,-212.011,106.987,-0.294932,-0.954369,-0.046852,0.954158,-0.291543,-0.067710,0.050961,-0.064674,0.996604,0,0.77300,-0.85898,46.380,-1.718,-1,400.000,-1,400.000,-1,325.000,325.000,300.000,300.000,-1,-1,-1,-1,825.000,825.000,-1,-1,2,0,2,0,2,0,0,0,0,2,2,2,2,0,0,2,2
86,-8177.398,-3724.853,-209.519,105.509,-0.270191,-0.961630,-0.047592,0.961441,-0.266846,-0.066508,0.051256,-0.063727,0.996650,0,0.77209,-0.73898,46.326,-1.478,-1,400.000,-1,400.000,-1,325.000,325.000,300.000,300.000,-1,-1,-1,-1,800.000,825.000,-1,-1,2,0,2,0,2,0,0,0,0,2,2,2,2,0,0,2,2
87,-8188.804,-3680.007,-207.007,104.271,-0.249332,-0.967209,-0.048384,0.967053,-0.246018,-0.065449,0.051399,-0.063108,0.996682,0,0.77122,-0.61898,46.273,-1.238,-1,400.000,-1,400.000,-1,325.000,325.000,300.000,300.000,-1,-1,-1,-1,800.000,825.000,-1,-1,2,0,2,0,2,0,0,0,0,2,2,2,2,0,0,2,2
88,-8199.417,-3635.016,-204.482,103.273,-0.232436,-0.971365,-0.049236,0.971254,-0.229139,-0.064511,0.051381,-0.062816,0.996702,0,0.77043,-0.49898,46.226,-0.998,-1,400.000,-1,400.000,-1,325.000,325.000,300.000,300.000,-1,-1,-1,-1,775.000,825.000,-1,-1,2,0,2,0,2,0,0,0,0,2,2,2,2,0,0,2,2
89,-8209.425,-3589.929,-201.951,102.515,-0.219559,-0.974309,-0.050157,0.974255,-0.216269,-0.063674,0.051191,-0.062846,0.996710,0,0.76974,-0.37898,46.184,-0.758,-1,400.000,-1,400.000,-1,325.000,325.000,300.000,300.000,-1,-1,-1,-1,775.000,825.000,-1,-1,2,0,2,0,2,0,0,0,0,2,2,2,2,0,0,2,2
90,-8219.019,-3544.785,-199.418,101.997,-0.210741,-0.976203,-0.051150,0.976220,-0.207448,-0.062927,0.050819,-0.063195,0.996707,0,0.76919,-0.25898,46.151,-0.518,-1,400.000,-1,400.000,-1,325.000,325.000,300.000,300.000,-1,-1,-1,-1,750.000,825.000,-1,-1,2,0,2,0,2,0,0,0,0,2,2,2,2,0,0,2,2
91,-8228.388,-3499.621,-196.891,101.719,-0.206007,-0.977156,-0.052222,0.977259,-0.202701,-0.062261,0.050253,-0.063861,0.996693,0,0.76878,-0.13898,46.127,-0.278,-1,400.000,-1,400.000,-1,325.000,325.000,300.000,300.000,-1,-1,-1,-1,750.000,850.000,-1,-1,2,0,2,0,2,0,0,0,0,2,2,2,2,0,0,2,2
92,-8237.725,-3454.465,-194.376,101.681,-0.205367,-0.977228,-0.053378,0.977433,-0.202041,-0.061674,0.049485,-0.064840,0.996668,0,0.76851,-0.01898,46.111,-0.038,-1,400.000,-1,400.000,-1,325.000,325.000,300.000,300.000,-1,-1,-1,-1,750.000,850.000,-1,-1,2,0,2,0,2,0,0,0,0,2,2,2,2,0,0,2,2
93,-8247.219,-3409.350,-191.878,101.883,-0.208821,-0.976427,-0.054625,0.976750,-0.205468,-0.061168,0.048503,-0.066129,0.996632,0,0.76839,0.10102,46.103,0.202,-1,400.000,-1,400.000,-1,325.000,325.000,300.000,325.000,-1,-1,-1,-1,725.000,850.000,-1,-1,2,0,2,0,2,0,0,0,0,2,2,2,2,0,0,2,2
94,-8257.062,-3364.310,-189.406,102.325,-0.216359,-0.974708,-0.055969,0.975168,-0.212972,-0.060754,0.047297,-0.067724,0.996582,0,0.76839,0.22102,46.103,0.442,-1,400.000,-1,400.000,-1,325.000,325.000,300.000,325.000,-1,-1,-1,-1,725.000,850.000,-1,-1,2,0,2,0,2,0,0,0,0,2,2,2,2,0,0,2,2
95,-8267.441,-3319.384,-187.172,103.007,-0.227949,-0.972028,-0.056583,0.972571,-0.224542,-0.060716,0.046312,-0.068871,0.996550,0,0.76850,0.34102,46.110,0.682,-1,400.000,-1,400.000,-1,325.000,325.000,300.000,325.000,-1,-1,-1,-1,725.000,850.000,-1,-1,2,0,2,0,2,0,0,0,0,2,2,2,2,0,0,2,2
96,-8278.544,-3274.619,-185.336,103.929,-0.243481,-0.968279,-0.056141,0.968879,-0.240153,-0.060006,0.044621,-0.069004,0.996618,0,0.76871,0.46102,46.122,0.922,-1,375.000,-1,400.000,-1,325.000,325.000,300.000,325.000,-1,-1,-1,-1,700.000,825.000,-1,-1,2,0,2,0,2,0,0,0,0,2,2,2,2,0,0,2,2
97,-8290.558,-3230.072,-183.531,105.091,-0.262996,-0.963177,-0.055886,0.963850,-0.259731,-0.059439,0.042735,-0.069498,0.996666,0,0.76898,0.58102,46.139,1.162,-1,375.000,-1,400.000,-1,325.000,325.000,300.000,325.000,-1,-1,-1,-1,700.000,825.000,-1,-1,2,0,2,0,2,0,0,0,0,2,2,2,2,0,0,2,2
98,-8303.663,-3185.814,-181.739,106.494,-0.286414,-0.956482,-0.055766,0.957245,-0.283205,-0.058962,0.040603,-0.070269,0.996701,0,0.76930,0.70102,46.158,1.402,-1,375.000,-1,400.000,-1,325.000,325.000,300.000,325.000,-1,-1,-1,-1,675.000,800.000,-1,-1,2,0,2,0,2,0,0,0,0,2,2,2,2,0,0,2,2
99,-8318.038,-3141.930,-179.878,108.136,-0.313645,-0.947926,-0.055346,0.948754,-0.310481,-0.058878,0.038628,-0.070977,0.996730,0,0.76965,0.82102,46.179,1.642,-1,375.000,-1,400.000,-1,325.000,325.000,300.000,325.000,-1,-1,-1,-1,675.000,800.000,-1,-1,2,0,2,0,2,0,0,0,0,2,2,2,2,0,0,2,2
100,-8333.853,-3098.523,-178.145,110.018,-0.344527,-0.937175,-0.054816,0.938077,-0.341429,-0.058631,0.036231,-0.071621,0.996774,0,0.76999,0.94102,46.200,1.882,-1,375.000,-1,400.000,-1,300.000,325.000,300.000,325.000,-1,-1,-1,-1,675.000,775.000,-1,-1,2,0,2,0,2,0,0,0,0,2,2,2,2,0,0,2,2
101,-8351.180,-3055.676,-176.537,112.018,-0.376930,-0.924655,-0.054202,0.925633,-0.373915,-0.058238,0.033583,-0.072123,0.996830,0,0.77032,1.00000,46.219,2.000,-1,375.000,-1,400.000,-1,300.000,325.000,325.000,325.000,-1,-1,-1,-1,650.000,775.000,-1,-1,2,0,2,0,2,0,0,0,0,2,2,2,2,0,0,2,2
102,-8370.000,-3013.445,-174.965,114.018,-0.408890,-0.911002,-0.053705,0.912054,-0.405939,-0.058062,0.031094,-0.072723,0.996867,0,0.77060,1.00000,46.236,2.000,-1,375.000,-1,375.000,-1,300.000,300.000,325.000,325.000,-1,-1,-1,-1,650.000,750.000,-1,-1,2,0,2,0,2,0,0,0,0,2,2,2,2,0,0,2,2
103,-8390.288,-2971.883,-173.427,116.018,-0.440368,-0.896233,-0.053307,0.897356,-0.437463,-0.058122,0.028771,-0.073430,0.996885,0,0.77084,1.00000,46.250,2.000,-1,375.000,-1,375.000,-1,300.000,300.000,325.000,325.000,-1,-1,-1,-1,625.000,725.000,-1,-1,2,0,2,0,2,0,0,0,0,2,2,2,2,0,0,2,2
104,-8412.019,-2931.044,-171.922,118.018,-0.471325,-0.880366,-0.052990,0.881558,-0.468446,-0.058432,0.026618,-0.074254,0.996884,0,0.77103,1.00000,46.262,2.000,-1,375.000,-1,375.000,-1,300.000,300.000,325.000,325.000,-1,-1,-1,-1,625.000,725.000,1000.000,-1,2,0,2,0,2,0,0,0,0,2,2,2,2,0,0,0,2
105,-8437.379,-2886.726,-170.280,119.778,-0.498114,-0.865514,-0.052615,0.866750,-0.495235,-0.059051,0.025053,-0.075018,0.996867,0,0.85103,0.88000,51.062,1.760,1000.000,350.000,-1,375.000,-1,300.000,300.000,325.000,325.000,-1,-1,-1,-1,625.000,700.000,975.000,-1,0,0,2,0,2,0,0,0,0,2,2,2,2,0,0,0,2
106,-8466.390,-2839.008,-168.446,121.298,-0.520901,-0.852035,-0.051949,0.853272,-0.517996,-0.060060,0.024264,-0.075612,0.996842,0,0.93077,0.76000,55.846,1.520,975.000,350.000,-1,375.000,-1,300.000,300.000,325.000,350.000,-1,-1,-1,-1,600.000,675.000,950.000,-1,0,0,2,0,2,0,0,0,0,2,2,2,2,0,0,0,2
107,-8496.459,-2791.949,-166.656,122.578,-0.539850,-0.840262,-0.050214,0.841399,-0.536907,-0.061475,0.024695,-0.075438,0.996845,0,0.93077,0.64000,55.846,1.280,950.000,350.000,-1,375.000,-1,300.000,300.000,325.000,350.000,-1,-1,-1,-1,600.000,675.000,925.000,-1,0,0,2,0,2,0,0,0,0,2,2,2,2,0,0,0,2
108,-8527.377,-2745.443,-165.004,123.618,-0.555089,-0.830426,-0.047633,0.831378,-0.552101,-0.063203,0.026187,-0.074684,0.996863,0,0.93077,0.52000,55.846,1.040,925.000,350.000,-1,375.000,-1,300.000,300.000,325.000,350.000,-1,-1,-1,-1,600.000,675.000,925.000,-1,0,0,2,0,2,0,0,0,0,2,2,2,2,0,0,0,2
109,-8558.942,-2699.373,-163.265,124.418,-0.566719,-0.822672,-0.045179,0.823432,-0.563666,-0.065123,0.028109,-0.074108,0.996854,0,0.93077,0.40000,55.846,0.800,925.000,350.000,-1,375.000,-1,300.000,300.000,325.000,350.000,-1,-1,-1,-1,600.000,675.000,900.000,-1,0,0,2,0,2,0,0,0,0,2,2,2,2,0,0,0,2
110,-8590.955,-2653.613,-161.501,124.978,-0.574829,-0.817165,-0.042575,0.817704,-0.571709,-0.067153,0.030535,-0.073415,0.996834,0,0.93077,0.28000,55.846,0.560,925.000,350.000,-1,375.000,-1,300.000,300.000,325.000,325.000,-1,725.000,725.000,-1,600.000,650.000,900.000,-1,0,0,2,0,2,0,0,0,0,2,0,0,2,0,0,0,2
111,-8623.348,-2608.122,-159.772,125.455,-0.581723,-0.812434,-0.039368,0.812688,-0.578535,-0.069533,0.033715,-0.072443,0.996803,0,0.93077,0.23857,55.846,0.477,900.000,350.000,-1,375.000,-1,300.000,300.000,325.000,325.000,-1,475.000,400.000,-1,600.000,650.000,875.000,-1,0,0,2,0,2,0,0,0,0,2,0,0,2,0,0,0,2
112,-8656.119,-2562.901,-157.921,125.932,-0.588579,-0.807625,-0.036283,0.807589,-0.585308,-0.072218,0.037088,-0.071807,0.996729,0,0.93077,0.23857,55.846,0.477,900.000,350.000,-1,375.000,-1,300.000,300.000,325.000,325.000,-1,375.000,300.000,-1,600.000,650.000,875.000,-1,0,0,2,0,2,0,0,0,0,2,0,0,2,0,0,0,2
113,-8689.265,-2517.956,-155.884,126.409,-0.595383,-0.802755,-0.033231,0.802423,-0.592036,-0.074900,0.040452,-0.071259,0.996637,0,0.93077,0.23857,55.846,0.477,900.000,350.000,-1,375.000,-1,300.000,300.000,325.000,350.000,-1,325.000,250.000,-1,600.000,650.000,875.000,-1,0,0,2,0,2,0,0,0,0,2,0,0,2,0,0,0,2
114,-8722.785,-2473.287,-153.581,126.886,-0.602115,-0.797841,-0.030113,0.797220,-0.598734,-0.077187,0.043554,-0.070482,0.996562,0,0.93077,0.23857,55.846,0.477,900.000,350.000,-1,375.000,-1,300.000,300.000,325.000,350.000,-1,300.000,250.000,-1,600.000,650.000,850.000,-1,0,0,2,0,2,0,0,0,0,2,0,0,2,0,0,0,2
115,-8756.675,-2428.900,-151.108,127.363,-0.608801,-0.792861,-0.027061,0.791947,-0.605383,-0.079572,0.046707,-0.069874,0.996462,0,0.93077,0.23857,55.846,0.477,900.000,350.000,-1,375.000,-1,300.000,300.000,325.000,350.000,-1,300.000,250.000,-1,600.000,650.000,850.000,-1,0,0,2,0,2,0,0,0,0,2,0,0,2,0,0,0,2
116,-8790.934,-2384.796,-148.462,127.840,-0.615439,-0.787817,-0.024055,0.786602,-0.611984,-0.082055,0.049923,-0.069422,0.996337,0,0.93077,0.23857,55.846,0.477,900.000,350.000,-1,375.000,-1,300.000,300.000,325.000,350.000,-1,300.000,250.000,-1,600.000,650.000,850.000,-1,0,0,2,0,2,0,0,0,0,2,0,0,2,0,0,0,2
117,-8825.559,-2340.979,-145.570,128.318,-0.622022,-0.782726,-0.020718,0.781175,-0.618548,-0.084640,0.053435,-0.068833,0.996196,0,0.93077,0.23857,55.846,0.477,900.000,350.000,-1,375.000,-1,300.000,300.000,325.000,350.000,-1,275.000,250.000,-1,600.000,650.000,850.000,-1,0,0,2,0,2,0,0,0,0,2,0,0,2,0,0,0,2
118,-8860.548,-2297.452,-142.428,128.795,-0.628544,-0.777581,-0.017353,0.775691,-0.625072,-0.087118,0.056894,-0.068218,0.996047,0,0.93077,0.23857,55.846,0.477,900.000,350.000,-1,375.000,-1,300.000,300.000,325.000,350.000,-1,275.000,250.000,-1,600.000,675.000,875.000,-1,0,0,2,0,2,0,0,0,0,2,0,0,2,0,0,0,2
119,-8895.898,-2254.218,-139.047,129.272,-0.635003,-0.772384,-0.013957,0.770154,-0.631554,-0.089455,0.060279,-0.067553,0.995893,0,0.93077,0.23857,55.846,0.477,925.000,350.000,-1,375.000,-1,300.000,300.000,325.000,350.000,-1,275.000,250.000,-1,600.000,675.000,875.000,-1,0,0,2,0,2,0,0,0,0,2,0,0,2,0,0,0,2
120,-8931.607,-2211.279,-135.503,129.749,-0.641409,-0.767126,-0.010575,0.764549,-0.637988,-0.091846,0.063711,-0.066996,0.995717,0,0.93077,0.23857,55.846,0.477,925.000,350.000,-1,375.000,-1,300.000,300.000,325.000,350.000,-1,275.000,250.000,-1,600.000,675.000,875.000,-1,0,0,2,0,2,0,0,0,0,2,0,0,2,0,0,0,2
121,-8967.672,-2168.640,-131.824,130.226,-0.647756,-0.761815,-0.007075,0.758872,-0.644378,-0.094288,0.067271,-0.066445,0.995520,0,0.93077,0.23857,55.846,0.477,950.000,350.000,-1,375.000,-1,300.000,300.000,325.000,350.000,-1,275.000,250.000,-1,600.000,675.000,900.000,-1,0,0,2,0,2,0,0,0,0,2,0,0,2,0,0,0,2
122,-9004.092,-2126.302,-127.969,130.703,-0.654050,-0.756443,-0.003649,0.753127,-0.650717,-0.096784,0.070837,-0.066050,0.995299,0,0.93077,0.23857,55.846,0.477,950.000,350.000,-1,375.000,-1,300.000,300.000,325.000,350.000,-1,275.000,250.000,-1,600.000,675.000,925.000,-1,0,0,2,0,2,0,0,0,0,2,0,0,2,0,0,0,2
123,-9040.862,-2084.269,-123.933,131.180,-0.660292,-0.751009,-0.000318,0.747315,-0.657003,-0.099335,0.074393,-0.065828,0.995054,0,0.93077,0.23857,55.846,0.477,975.000,350.000,-1,375.000,-1,300.000,300.000,325.000,350.000,-1,275.000,250.000,-1,600.000,675.000,975.000,-1,0,0,2,0,2,0,0,0,0,2,0,0,2,0,0,0,2
124,-9076.700,-2043.863,-119.860,131.572,-0.665363,-0.746514,0.002824,0.742446,-0.662123,-0.101816,0.077878,-0.065648,0.994799,0,0.90014,0.19559,54.009,0.391,1000.000,350.000,-1,375.000,-1,300.000,300.000,325.000,350.000,-1,275.000,250.000,-1,600.000,675.000,1000.000,-1,0,0,2,0,2,0,0,0,0,2,0,0,2,0,0,0,2
125,-9112.812,-2003.702,-115.634,131.963,-0.670319,-0.742041,0.006845,0.737600,-0.667262,-0.103474,0.081350,-0.064312,0.994609,0,0.90014,0.19559,54.009,0.391,-1,350.000,-1,375.000,-1,300.000,300.000,325.000,350.000,-1,275.000,250.000,-1,600.000,700.000,-1,-1,2,0,2,0,2,0,0,0,0,2,0,0,2,0,0,2,2
126,-9149.197,-1963.788,-111.130,132.354,-0.675202,-0.737546,0.011343,0.732702,-0.672384,-0.105107,0.085149,-0.062657,0.994396,0,0.90014,0.19559,54.009,0.391,-1,350.000,-1,375.000,-1,300.000,300.000,325.000,350.000,-1,275.000,250.000,-1,625.000,700.000,-1,-1,2,0,2,0,2,0,0,0,0,2,0,0,2,0,0,2,2
127,-9185.855,-1924.124,-106.489,132.745,-0.680048,-0.733002,0.015586,0.727768,-0.677463,-0.106759,0.088814,-0.061258,0.994163,0,0.90014,0.19559,54.009,0.391,-1,350.000,-1,375.000,-1,300.000,300.000,325.000,350.000,-1,300.000,250.000,-1,625.000,700.000,-1,-1,2,0,2,0,2,0,0,0,0,2,0,0,2,0,0,2,2
128,-9222.782,-1884.711,-101.711,133.136,-0.684862,-0.728410,0.019573,0.722798,-0.682499,-0.108434,0.092343,-0.060115,0.993911,0,0.90014,0.19559,54.009,0.391,-1,350.000,-1,375.000,-1,300.000,300.000,325.000,325.000,-1,275.000,250.000,-1,650.000,700.000,-1,-1,2,0,2,0,2,0,0,0,0,2,0,0,2,0,0,2,2
129,-9259.978,-1845.551,-96.726,133.527,-0.689634,-0.723782,0.023322,0.717831,-0.687502,-0.109817,0.095518,-0.058993,0.993678,0,0.90014,0.19559,54.009,0.391,-1,350.000,-1,375.000,-1,300.000,300.000,325.000,325.000,-1,300.000,250.000,-1,650.000,725.000,-1,-1,2,0,2,0,2,0,0,0,0,2,0,0,2,0,0,2,2
130,-9297.440,-1806.646,-91.562,133.919,-0.694383,-0.719109,0.026736,0.712842,-0.692464,-0.111134,0.098431,-0.058111,0.993446,0,0.90014,0.19559,54.009,0.391,-1,375.000,-1,375.000,-1,300.000,300.000,325.000,325.000,-1,300.000,250.000,-1,675.000,725.000,-1,-1,2,0,2,0,2,0,0,0,0,2,0,0,2,0,0,2,2
131,-9335.167,-1767.998,-86.266,134.310,-0.699102,-0.714394,0.029959,0.707821,-0.697386,-0.112440,0.101220,-0.057401,0.993207,0,0.90014,0.19559,54.009,0.391,-1,375.000,-1,375.000,-1,300.000,300.000,325.000,325.000,-1,300.000,250.000,-1,675.000,750.000,-1,-1,2,0,2,0,2,0,0,0,0,2,0,0,2,0,0,2,2
132,-9370.321,-1732.771,-81.274,134.941,-0.706786,-0.706669,0.032752,0.699833,-0.705214,-0.113607,0.103379,-0.057375,0.992986,0,0.82945,0.31559,49.767,0.631,-1,375.000,-1,400.000,-1,300.000,325.000,325.000,325.000,-1,300.000,250.000,-1,675.000,750.000,-1,-1,2,0,2,0,2,0,0,0,0,2,0,0,2,0,0,2,2
