timestep,x_cm,y_cm,z_cm,yaw_deg,basis_xx,basis_xy,basis_xz,basis_yx,basis_yy,basis_yz,basis_zx,basis_zy,basis_zz,teleport_flag,throttle_cmd,steering_cmd,cmd_move_cm,cmd_turn_deg,lidar_cm_0,lidar_cm_1,lidar_cm_2,lidar_cm_3,lidar_cm_4,lidar_cm_5,lidar_cm_6,lidar_cm_7,lidar_cm_8,lidar_cm_9,lidar_cm_10,lidar_cm_11,lidar_cm_12,lidar_cm_13,lidar_cm_14,lidar_cm_15,lidar_cm_16,lidar_class_0,lidar_class_1,lidar_class_2,lidar_class_3,lidar_class_4,lidar_class_5,lidar_class_6,lidar_class_7,lidar_class_8,lidar_class_9,lidar_class_10,lidar_class_11,lidar_class_12,lidar_class_13,lidar_class_14,lidar_class_15,lidar_class_16
0,-8073.928,7445.946,642.080,11.898,0.978214,-0.205380,0.030265,0.206104,0.978257,-0.023122,-0.024858,0.028856,0.999274,0,0.83350,-0.36568,0.561,-0.018,-1,913.375,-1,990.595,-1,682.247,688.015,825.504,-1,-1,-1,-1,-1,-1,-1,-1,-1,2,0,2,0,2,0,0,0,2,2,2,2,2,2,2,2,2
1,-8072.355,7446.575,647.415,11.917,0.978305,-0.206005,0.021953,0.206472,0.978213,-0.021648,-0.017015,0.025711,0.999525,0,0.83356,-0.36556,1.693,0.020,-1,958.632,-1,-1,-1,735.822,754.640,841.159,-1,-1,-1,-1,-1,-1,-1,-1,-1,2,0,2,2,2,0,0,0,2,2,2,2,2,2,2,2,2
2,-8070.152,7447.579,651.740,11.975,0.978204,-0.207245,0.012905,0.207470,0.978043,-0.019711,-0.008537,0.021959,0.999722,0,0.83335,-0.36598,2.422,0.057,-1,1004.623,-1,-1,-1,794.127,819.685,847.424,-1,-1,-1,-1,-1,-1,-1,-1,-1,2,0,2,2,2,0,0,0,2,2,2,2,2,2,2,2,2
3,-8067.207,7448.904,655.014,12.049,0.977968,-0.208736,0.002756,0.208751,0.977806,-0.017820,0.001024,0.018002,0.999837,0,0.83291,-0.36690,3.229,0.075,-1,-1,-1,-1,-1,849.786,888.487,847.309,-1,-1,-1,-1,-1,-1,-1,-1,-1,2,2,2,2,2,0,0,0,2,2,2,2,2,2,2,2,2
4,-8063.499,7450.478,657.399,12.141,0.977576,-0.210444,-0.007596,0.210301,0.977501,-0.016292,0.010854,0.014329,0.999838,0,0.83232,-0.36811,4.029,0.092,-1,-1,-1,-1,-1,907.247,948.885,844.614,-1,-1,-1,-1,-1,-1,-1,-1,-1,2,2,2,2,2,0,0,0,2,2,2,2,2,2,2,2,2
5,-8059.154,7452.256,659.114,12.253,0.977036,-0.212437,-0.016485,0.212195,0.977108,-0.015285,0.019355,0.011436,0.999747,0,0.83161,-0.36958,4.694,0.113,-1,-1,-1,-1,-1,951.035,999.758,842.630,-1,-1,-1,-1,-1,-1,-1,-1,-1,2,2,2,2,2,0,0,0,2,2,2,2,2,2,2,2,2
6,-8054.232,7454.160,660.339,12.375,0.976454,-0.214525,-0.022743,0.214237,0.976675,-0.014456,0.025314,0.009243,0.999637,0,0.83076,-0.37135,5.277,0.121,-1,-1,-1,-1,-1,983.333,-1,840.927,-1,-1,-1,-1,-1,-1,-1,-1,-1,2,2,2,2,2,0,2,0,2,2,2,2,2,2,2,2,2
7,-8048.661,7456.157,661.197,12.491,0.975937,-0.216493,-0.026017,0.216204,0.976255,-0.013506,0.028323,0.007556,0.999570,0,0.82983,-0.37327,5.919,0.116,-1,-1,-1,-1,-1,1001.945,-1,839.554,-1,-1,-1,-1,-1,-1,-1,-1,-1,2,2,2,2,2,0,2,0,2,2,2,2,2,2,2,2,2
8,-8042.436,7458.229,661.737,12.597,0.975542,-0.218255,-0.026115,0.218003,0.975872,-0.012159,0.028138,0.006169,0.999585,0,0.82889,-0.37521,6.561,0.106,-1,-1,-1,-1,-1,1003.312,-1,837.559,-1,-1,-1,-1,-1,-1,-1,-1,-1,2,2,2,2,2,0,2,0,2,2,2,2,2,2,2,2,2
9,-8035.570,7460.365,661.945,12.690,0.975271,-0.219794,-0.023170,0.219610,0.975534,-0.010233,0.024852,0.004891,0.999679,0,0.82798,-0.37709,7.190,0.093,-1,-1,-1,-1,-1,992.030,-1,833.811,-1,-1,-1,-1,-1,-1,-1,-1,-1,2,2,2,2,2,0,2,0,2,2,2,2,2,2,2,2,2
10,-8028.030,7462.606,661.758,12.770,0.975093,-0.221105,-0.017500,0.220992,0.975241,-0.008201,0.018880,0.004130,0.999813,0,0.82710,-0.37891,7.866,0.079,-1,-1,-1,-1,-1,967.407,-1,830.356,-1,-1,-1,-1,-1,-1,-1,-1,-1,2,2,2,2,2,0,2,0,2,2,2,2,2,2,2,2,2
11,-8019.732,7464.958,661.066,12.841,0.974933,-0.222285,-0.009746,0.222227,0.974972,-0.006722,0.010996,0.004388,0.999930,0,0.82625,-0.38066,8.625,0.071,-1,-1,-1,-1,-1,934.095,984.487,829.708,-1,-1,-1,-1,-1,-1,-1,-1,-1,2,2,2,2,2,0,0,0,2,2,2,2,2,2,2,2,2
12,-8010.632,7467.400,659.768,12.904,0.974746,-0.223317,-0.000392,0.223310,0.974727,-0.006333,0.001796,0.006086,0.999980,0,0.82541,-0.38241,9.422,0.063,-1,-1,-1,-1,-1,895.977,948.136,833.383,-1,-1,-1,-1,-1,-1,-1,-1,-1,2,2,2,2,2,0,0,0,2,2,2,2,2,2,2,2,2
13,-8000.766,7469.883,657.874,12.950,0.974526,-0.224017,0.010708,0.224095,0.974544,-0.006750,-0.008923,0.008978,0.999920,0,0.82457,-0.38414,10.174,0.047,-1,-1,-1,-1,-1,853.279,901.289,840.115,-1,-1,-1,-1,-1,-1,-1,-1,-1,2,2,2,2,2,0,0,0,2,2,2,2,2,2,2,2,2
14,-7990.393,7472.232,655.396,12.974,0.974233,-0.224221,0.024399,0.224452,0.974459,-0.007169,-0.022168,0.012461,0.999677,0,0.49982,-0.70452,10.635,0.024,-1,961.598,-1,-1,-1,802.349,841.845,846.911,-1,-1,-1,-1,-1,-1,-1,-1,-1,2,0,2,2,2,0,0,0,2,2,2,2,2,2,2,2,2
15,-7979.918,7474.208,652.278,12.924,0.973926,-0.223021,0.041586,0.223489,0.974682,-0.006901,-0.038994,0.016015,0.999111,0,0.49940,-0.70595,10.660,-0.050,-1,899.698,-1,-1,-1,737.391,771.708,850.773,-1,-1,-1,-1,-1,-1,-1,-1,-1,2,0,2,2,2,0,0,0,2,2,2,2,2,2,2,2,2
16,-7969.421,7475.807,648.526,12.815,0.973377,-0.220590,0.062271,0.221406,0.975160,-0.006437,-0.059304,0.020053,0.998039,0,0.49922,-0.70657,10.618,-0.109,-1,827.218,-1,940.716,-1,663.948,684.370,853.902,-1,-1,-1,-1,-1,-1,-1,-1,-1,2,0,2,0,2,0,0,0,2,2,2,2,2,2,2,2,2
17,-7958.456,7477.185,644.950,12.622,0.972952,-0.216782,0.079809,0.217875,0.975963,-0.005154,-0.076774,0.022403,0.996797,0,0.49924,-0.70653,11.051,-0.192,-1,769.638,-1,853.078,-1,605.102,620.568,850.439,-1,-1,-1,-1,-1,-1,-1,-1,-1,2,0,2,0,2,0,0,0,2,2,2,2,2,2,2,2,2
18,-7946.555,7478.576,642.459,12.377,0.973144,-0.212274,0.089050,0.213558,0.976917,-0.005033,-0.085926,0.023915,0.996014,0,0.49949,-0.70565,11.982,-0.245,-1,741.014,-1,809.774,-1,579.828,591.912,850.551,-1,-1,-1,-1,-1,-1,-1,-1,-1,2,0,2,0,2,0,0,0,2,2,2,2,2,2,2,2,2
19,-7933.845,7479.931,641.292,12.092,0.973948,-0.207184,0.092195,0.208661,0.977966,-0.006573,-0.088802,0.025640,0.995719,0,0.49988,-0.70432,12.782,-0.285,-1,735.533,-1,799.484,-1,577.333,590.656,860.642,-1,-1,-1,-1,-1,-1,-1,-1,-1,2,0,2,0,2,0,0,0,2,2,2,2,2,2,2,2,2
20,-7920.348,7481.249,641.209,11.781,0.975189,-0.201745,0.091138,0.203384,0.979058,-0.008982,-0.087417,0.027295,0.995798,0,0.50038,-0.70264,13.561,-0.312,-1,746.211,-1,811.563,-1,593.431,606.047,875.693,-1,-1,-1,-1,-1,-1,-1,-1,-1,2,0,2,0,2,0,0,0,2,2,2,2,2,2,2,2,2
21,-7906.246,7482.425,641.828,11.422,0.976695,-0.195625,0.088300,0.197331,0.980276,-0.010937,-0.084419,0.028106,0.996034,0,0.50093,-0.70076,14.151,-0.358,-1,763.604,-1,830.010,-1,616.150,629.851,887.730,-1,-1,-1,-1,-1,-1,-1,-1,-1,2,0,2,0,2,0,0,0,2,2,2,2,2,2,2,2,2
22,-7891.772,7483.361,642.775,11.014,0.978247,-0.188677,0.086222,0.190403,0.981630,-0.012179,-0.082340,0.028331,0.996202,0,0.50161,-0.69843,14.504,-0.408,-1,779.520,-1,850.160,-1,634.598,654.529,897.862,-1,-1,-1,-1,-1,-1,-1,-1,-1,2,0,2,0,2,0,0,0,2,2,2,2,2,2,2,2,2
23,-7877.090,7483.995,643.548,10.559,0.979735,-0.180829,0.086138,0.182623,0.983092,-0.013362,-0.082266,0.028822,0.996194,0,0.50245,-0.69559,14.695,-0.455,-1,789.373,-1,861.813,-1,648.329,670.793,908.306,-1,-1,-1,-1,-1,-1,-1,-1,-1,2,0,2,0,2,0,0,0,2,2,2,2,2,2,2,2,2
24,-7862.281,7484.315,643.842,10.066,0.981096,-0.172214,0.088281,0.174161,0.984606,-0.014789,-0.084375,0.029885,0.995986,0,0.50343,-0.69224,14.813,-0.493,-1,791.547,-1,861.228,-1,657.277,674.752,919.263,-1,-1,-1,-1,-1,-1,-1,-1,-1,2,0,2,0,2,0,0,0,2,2,2,2,2,2,2,2,2
25,-7847.318,7484.370,643.500,9.541,0.982336,-0.162931,0.092032,0.165116,0.986134,-0.016599,-0.088052,0.031502,0.995618,0,0.50453,-0.68847,14.963,-0.525,-1,788.112,-1,850.835,-1,659.152,673.164,928.781,-1,-1,-1,-1,-1,-1,-1,-1,-1,2,0,2,0,2,0,0,0,2,2,2,2,2,2,2,2,2
26,-7829.107,7484.116,642.255,8.870,0.983711,-0.151012,0.097512,0.153514,0.987970,-0.018650,-0.093523,0.033316,0.995060,0,0.50575,-0.68434,18.213,-0.672,-1,778.875,-1,831.218,-1,652.739,666.445,932.103,-1,-1,-1,-1,-1,-1,-1,-1,-1,2,0,2,0,2,0,0,0,2,2,2,2,2,2,2,2,2
27,-7816.869,7483.614,641.121,8.377,0.984729,-0.142198,0.100438,0.145016,0.989200,-0.021293,-0.096326,0.035533,0.994715,0,0.50733,-0.67893,12.248,-0.492,-1,777.604,-1,818.772,-1,650.242,663.509,938.552,-1,-1,-1,-1,-1,-1,-1,-1,-1,2,0,2,0,2,0,0,0,2,2,2,2,2,2,2,2,2
28,-7801.340,7482.257,639.480,7.665,0.986440,-0.129435,0.100906,0.132757,0.990783,-0.026910,-0.096493,0.039941,0.994532,0,0.50854,-0.67482,15.588,-0.712,-1,787.440,-1,814.924,-1,657.892,667.016,954.194,-1,-1,-1,-1,-1,-1,-1,-1,-1,2,0,2,0,2,0,0,0,2,2,2,2,2,2,2,2,2
29,-7785.877,7479.686,637.554,6.763,0.988521,-0.113525,0.099686,0.117233,0.992584,-0.032140,-0.095298,0.043458,0.994500,0,0.51037,-0.66858,15.676,-0.902,-1,797.768,-1,815.022,-1,670.052,672.992,964.459,-1,-1,-1,-1,-1,-1,-1,-1,-1,2,0,2,0,2,0,0,0,2,2,2,2,2,2,2,2,2
30,-7770.393,7476.609,635.291,5.830,0.990377,-0.097023,0.098692,0.101124,0.994170,-0.037418,-0.094487,0.047038,0.994414,0,0.51284,-0.66016,15.787,-0.933,-1,807.547,-1,811.603,-1,679.343,675.685,968.157,-1,-1,-1,-1,-1,-1,-1,-1,-1,2,0,2,0,2,0,0,0,2,2,2,2,2,2,2,2,2
31,-7754.553,7473.909,632.631,5.009,0.991659,-0.082335,0.099167,0.086912,0.995299,-0.042744,-0.095182,0.051007,0.994152,0,0.51544,-0.65132,16.068,-0.821,-1,812.013,-1,801.417,-1,680.522,670.770,972.336,-1,-1,-1,-1,-1,-1,-1,-1,-1,2,0,2,0,2,0,0,0,2,2,2,2,2,2,2,2,2
32,-7738.311,7471.675,629.676,4.306,0.992353,-0.069731,0.101851,0.074724,0.996140,-0.046060,-0.098246,0.053319,0.993733,0,0.51766,-0.64372,16.395,-0.702,-1,806.644,-1,784.425,-1,673.111,659.959,971.713,-1,-1,-1,-1,-1,-1,-1,-1,-1,2,0,2,0,2,0,0,0,2,2,2,2,2,2,2,2,2
33,-7721.788,7469.685,626.579,3.636,0.992597,-0.057874,0.106777,0.063069,0.996952,-0.045934,-0.103793,0.052328,0.993221,0,0.51950,-0.63746,16.642,-0.671,-1,790.840,-1,762.619,-1,659.197,643.814,958.013,-1,-1,-1,-1,-1,-1,-1,-1,-1,2,0,2,0,2,0,0,0,2,2,2,2,2,2,2,2,2
34,-7705.063,7467.646,623.419,2.930,0.992431,-0.045782,0.113952,0.050804,0.997844,-0.041560,-0.111804,0.047034,0.992617,0,0.52122,-0.63162,16.848,-0.705,-1,765.172,-1,737.538,-1,639.411,623.483,921.270,-1,-1,-1,-1,-1,-1,-1,-1,-1,2,0,2,0,2,0,0,0,2,2,2,2,2,2,2,2,2
35,-7688.023,7465.383,620.275,2.197,0.992071,-0.033703,0.121075,0.038066,0.998700,-0.033902,-0.119775,0.038242,0.992064,0,0.52303,-0.62544,17.190,-0.733,-1,738.050,-1,716.729,-1,619.890,605.046,872.975,-1,-1,-1,-1,-1,-1,-1,-1,-1,2,0,2,0,2,0,0,0,2,2,2,2,2,2,2,2,2
36,-7670.566,7462.520,617.228,1.367,0.991777,-0.020178,0.126378,0.023666,0.999378,-0.026159,-0.125771,0.028935,0.991637,0,0.83118,-0.26783,17.690,-0.830,-1,717.615,-1,703.690,-1,605.949,589.998,834.415,-1,-1,-1,-1,-1,-1,-1,-1,-1,2,0,2,0,2,0,0,0,2,2,2,2,2,2,2,2,2
37,-7652.664,7458.748,614.337,0.401,0.991547,-0.004226,0.129679,0.006937,0.999767,-0.020455,-0.129562,0.021182,0.991345,0,0.83469,-0.26029,18.296,-0.966,-1,705.173,-1,697.366,-1,597.829,579.993,803.570,-1,-1,-1,-1,-1,-1,-1,-1,-1,2,0,2,0,2,0,0,0,2,2,2,2,2,2,2,2,2
38,-7634.352,7454.326,611.626,-0.574,0.991218,0.012382,0.131660,-0.009937,0.999766,-0.019213,-0.131867,0.017736,0.991109,0,0.83890,-0.25122,18.838,-0.975,-1,699.722,-1,692.247,-1,590.840,573.058,787.962,-1,-1,-1,-1,-1,-1,-1,-1,-1,2,0,2,0,2,0,0,0,2,2,2,2,2,2,2,2,2
39,-7615.313,7449.937,609.008,-1.423,0.990679,0.027569,0.133399,-0.024617,0.999415,-0.023724,-0.133975,0.020219,0.990778,0,0.84322,-0.24194,19.538,-0.849,-1,698.813,-1,683.122,-1,585.915,567.104,792.178,-1,-1,-1,-1,-1,-1,-1,-1,-1,2,0,2,0,2,0,0,0,2,2,2,2,2,2,2,2,2
40,-7595.392,7445.550,606.421,-2.140,0.990021,0.040809,0.134879,-0.036994,0.998845,-0.030672,-0.135975,0.025376,0.990387,0,0.84690,-0.23400,20.399,-0.717,-1,699.891,-1,673.331,-1,583.858,563.071,806.019,-1,-1,-1,-1,-1,-1,-1,-1,-1,2,0,2,0,2,0,0,0,2,2,2,2,2,2,2,2,2
41,-7574.688,7441.215,603.732,-2.782,0.989208,0.052730,0.136701,-0.048075,0.998153,-0.037140,-0.138407,0.030167,0.989916,0,0.84994,-0.22747,21.153,-0.642,-1,699.383,-1,664.630,-1,581.140,558.400,817.374,-1,-1,-1,-1,-1,-1,-1,-1,-1,2,0,2,0,2,0,0,0,2,2,2,2,2,2,2,2,2
42,-7553.342,7436.921,600.992,-3.388,0.988139,0.063742,0.139710,-0.058505,0.997433,-0.041282,-0.141983,0.032619,0.989332,0,0.85258,-0.22179,21.774,-0.606,-1,694.308,-1,657.384,-1,574.384,551.921,821.023,-1,-1,-1,-1,-1,-1,-1,-1,-1,2,0,2,0,2,0,0,0,2,2,2,2,2,2,2,2,2
43,-7531.402,7432.586,598.164,-3.986,0.986847,0.074293,0.143574,-0.068764,0.996701,-0.043100,-0.146303,0.032660,0.988701,0,0.85501,-0.21654,22.364,-0.598,-1,685.515,-1,650.647,-1,565.167,543.929,815.973,-1,-1,-1,-1,-1,-1,-1,-1,-1,2,0,2,0,2,0,0,0,2,2,2,2,2,2,2,2,2
44,-7509.060,7427.995,595.232,-4.616,0.985132,0.085180,0.149198,-0.079542,0.995888,-0.043370,-0.152278,0.030857,0.987856,0,0.85738,-0.21145,22.809,-0.630,-1,671.414,-1,639.804,-1,554.480,533.563,804.175,-1,-1,-1,-1,-1,-1,-1,-1,-1,2,0,2,0,2,0,0,0,2,2,2,2,2,2,2,2,2
45,-7486.245,7423.020,591.992,-5.286,0.983109,0.096406,0.155574,-0.090958,0.994978,-0.041783,-0.158821,0.026926,0.986940,0,0.85991,-0.20602,23.351,-0.670,-1,654.044,-1,628.153,-1,542.044,521.536,784.537,-1,-1,-1,-1,-1,-1,-1,-1,-1,2,0,2,0,2,0,0,0,2,2,2,2,2,2,2,2,2
46,-7462.979,7417.614,588.415,-6.020,0.980771,0.108363,0.162316,-0.103426,0.993888,-0.038589,-0.165506,0.021059,0.985984,0,0.86263,-0.20015,23.885,-0.734,-1,635.128,-1,617.231,-1,527.081,509.138,754.760,-1,-1,-1,-1,-1,1002.121,-1,-1,-1,2,0,2,0,2,0,0,0,2,2,2,2,2,0,2,2,2
47,-7439.365,7411.889,584.623,-6.791,0.978079,0.120780,0.169630,-0.116468,0.992571,-0.035178,-0.172618,0.014650,0.984880,0,0.86568,-0.19359,24.298,-0.771,-1,615.728,-1,607.599,-1,511.267,495.932,721.784,-1,-1,-1,-1,-1,965.288,-1,-1,-1,2,0,2,0,2,0,0,0,2,2,2,2,2,0,2,2,2
48,-7415.546,7405.835,581.009,-7.534,0.974986,0.132652,0.178344,-0.128945,0.991126,-0.032276,-0.181043,0.008472,0.983439,0,0.86892,-0.18662,24.576,-0.743,-1,595.452,-1,595.075,-1,494.506,481.819,690.753,-1,-1,-1,-1,-1,926.751,-1,-1,-1,2,0,2,0,2,0,0,0,2,2,2,2,2,0,2,2,2
49,-7391.181,7399.581,577.350,-8.236,0.971849,0.143584,0.186795,-0.140664,0.989637,-0.028865,-0.189004,0.001778,0.981975,0,0.87205,-0.17988,25.155,-0.702,-1,576.062,-1,586.059,-1,481.082,471.426,659.078,-1,-1,-1,-1,-1,890.768,-1,-1,-1,2,0,2,0,2,0,0,0,2,2,2,2,2,0,2,2,2
50,-7366.206,7393.546,573.587,-8.816,0.969013,0.152424,0.194374,-0.150285,0.988306,-0.025791,-0.196032,-0.004219,0.980588,0,0.49199,-0.47096,25.694,-0.580,-1,557.162,-1,578.929,-1,469.771,463.232,627.702,-1,-1,-1,-1,-1,859.074,-1,-1,-1,2,0,2,0,2,0,0,0,2,2,2,2,2,0,2,2,2
51,-7340.981,7387.485,569.819,-9.359,0.966154,0.160325,0.202098,-0.159239,0.987001,-0.021731,-0.202954,-0.011186,0.979124,0,0.49329,-0.46601,25.943,-0.543,-1,539.187,-1,573.575,-1,458.850,455.645,600.373,-1,-1,-1,-1,-1,828.330,-1,-1,-1,2,0,2,0,2,0,0,0,2,2,2,2,2,0,2,2,2
52,-7315.688,7381.263,566.181,-9.905,0.962988,0.167820,0.210929,-0.168153,0.985623,-0.016491,-0.210664,-0.019587,0.977362,0,0.49447,-0.46147,26.046,-0.546,965.916,521.483,-1,571.895,-1,445.980,446.419,569.904,-1,-1,-1,-1,-1,795.719,-1,985.232,-1,0,0,2,0,2,0,0,0,2,2,2,2,2,0,2,0,2
53,-7290.351,7374.619,562.743,-10.551,0.959554,0.175886,0.219818,-0.178724,0.983874,-0.007068,-0.217516,-0.032505,0.975515,0,0.49567,-0.45689,26.194,-0.646,903.148,504.316,-1,578.933,-1,435.929,442.827,533.890,-1,-1,-1,-1,-1,764.877,-1,928.305,-1,0,0,2,0,2,0,0,0,2,2,2,2,2,0,2,0,2
54,-7264.771,7367.743,559.266,-11.217,0.956214,0.183536,0.227965,-0.189636,0.981842,0.004954,-0.222917,-0.047968,0.973657,0,0.49715,-0.45122,26.488,-0.666,831.574,489.009,-1,598.618,-1,428.183,441.001,499.112,-1,-1,-1,-1,-1,737.185,-1,875.995,-1,0,0,2,0,2,0,0,0,2,2,2,2,2,0,2,0,2
55,-7238.923,7360.725,555.720,-11.867,0.953005,0.190927,0.235222,-0.200257,0.979609,0.016207,-0.227331,-0.062550,0.971807,0,0.49869,-0.44532,26.784,-0.650,771.445,475.979,-1,621.654,-1,421.595,440.751,471.808,-1,-1,-1,-1,-1,713.545,-1,830.159,-1,0,0,2,0,2,0,0,0,2,2,2,2,2,0,2,0,2
56,-7212.735,7353.627,552.097,-12.435,0.950245,0.197592,0.240814,-0.209525,0.977490,0.024731,-0.230507,-0.073957,0.970256,0,0.50019,-0.43959,27.133,-0.567,726.123,467.320,-1,647.146,-1,417.776,445.511,451.329,-1,-1,-1,-1,-1,697.789,-1,793.312,-1,0,0,2,0,2,0,0,0,2,2,2,2,2,0,2,0,2
57,-7186.167,7346.570,548.187,-12.873,0.948164,0.203091,0.244418,-0.216695,0.975784,0.029826,-0.232441,-0.081245,0.969211,0,0.50146,-0.43473,27.490,-0.439,694.065,461.648,-1,673.241,-1,419.682,452.611,437.682,-1,-1,-1,-1,-1,687.555,-1,764.743,-1,0,0,2,0,2,0,0,0,2,2,2,2,2,0,2,0,2
58,-7159.318,7339.142,543.972,-13.304,0.946658,0.208872,0.245381,-0.223849,0.974013,0.034493,-0.231800,-0.087581,0.968813,0,0.50237,-0.43124,27.857,-0.431,671.920,460.519,-1,709.969,-1,423.087,462.385,428.265,-1,-1,-1,-1,-1,683.809,-1,745.620,-1,0,0,2,0,2,0,0,0,2,2,2,2,2,0,2,0,2
59,-7132.301,7331.318,539.439,-13.715,0.945523,0.214960,0.244496,-0.230756,0.972286,0.037558,-0.229646,-0.091931,0.968923,0,0.50328,-0.42778,28.128,-0.411,658.094,466.403,-1,745.091,-1,429.631,477.433,423.680,-1,-1,-1,-1,-1,685.387,-1,734.019,-1,0,0,2,0,2,0,0,0,2,2,2,2,2,0,2,0,2
60,-7105.391,7322.619,534.530,-14.237,0.944244,0.223078,0.242158,-0.239583,0.970026,0.040609,-0.225840,-0.096362,0.969387,0,0.50415,-0.42443,28.281,-0.522,649.489,470.776,-1,777.503,-1,442.195,494.329,415.507,-1,-1,-1,-1,-1,685.327,-1,728.059,-1,0,0,2,0,2,0,0,0,2,2,2,2,2,0,2,0,2
61,-7080.272,7311.625,529.977,-15.289,0.940390,0.238364,0.242589,-0.257062,0.965197,0.048110,-0.222679,-0.107602,0.968935,0,0.50539,-0.41969,27.419,-1.051,630.140,476.641,-1,810.340,-1,453.994,515.149,403.978,-1,-1,-1,-1,-1,686.311,-1,721.369,-1,0,0,2,0,2,0,0,0,2,2,2,2,2,0,2,0,2
62,-7056.614,7299.184,525.715,-16.671,0.934434,0.258804,0.244649,-0.279834,0.958478,0.054891,-0.220284,-0.119754,0.968057,0,0.50826,-0.40869,26.730,-1.383,613.950,484.242,-1,837.492,-1,464.441,534.648,391.951,-1,-1,-1,-1,-1,693.173,-1,719.740,-1,0,0,2,0,2,0,0,0,2,2,2,2,2,0,2,0,2
63,-7034.339,7285.214,521.997,-18.237,0.927162,0.282515,0.246081,-0.305501,0.950297,0.060045,-0.216886,-0.130850,0.967388,0,0.95974,0.35797,26.293,-1.566,603.633,496.735,-1,865.366,-1,481.853,562.007,384.367,-1,-1,-1,-1,-1,706.515,-1,727.049,-1,0,0,2,0,2,0,0,0,2,2,2,2,2,0,2,0,2
64,-7013.511,7269.705,518.852,-20.069,0.918059,0.310916,0.245967,-0.335400,0.939916,0.063756,-0.211366,-0.141029,0.967179,0,0.96835,0.37555,25.968,-1.832,605.108,512.797,-1,897.793,-1,510.132,595.467,378.042,-1,-1,-1,-1,-1,729.617,-1,756.816,-1,0,0,2,0,2,0,0,0,2,2,2,2,2,0,2,0,2
65,-6991.972,7254.081,515.346,-21.698,0.910164,0.338740,0.238447,-0.362165,0.930111,0.061078,-0.201093,-0.141948,0.969233,0,0.97865,0.39659,26.609,-1.629,637.563,547.623,-1,936.598,-1,546.801,633.719,382.680,-1,-1,-1,-1,-1,777.123,-1,830.510,-1,0,0,2,0,2,0,0,0,2,2,2,2,2,0,2,0,2
66,-6968.958,7239.482,510.853,-22.513,0.907440,0.356908,0.221740,-0.376120,0.925221,0.050004,-0.187312,-0.128776,0.973823,0,0.97022,0.41564,27.253,-0.815,691.165,585.288,-1,970.681,-1,595.391,673.368,399.792,-1,-1,-1,-1,-1,837.319,-1,954.807,-1,0,0,2,0,2,0,0,0,2,2,2,2,2,0,2,0,2
67,-6945.235,7225.086,505.018,-22.926,0.907242,0.368970,0.201925,-0.383717,0.922666,0.038074,-0.172262,-0.112024,0.978661,0,0.96511,0.42607,27.750,-0.413,754.932,621.948,-1,1004.765,-1,634.574,704.634,417.769,-1,-1,-1,-1,-1,908.149,-1,-1,-1,0,0,2,0,2,0,0,0,2,2,2,2,2,0,2,2,2
68,-6921.050,7210.576,497.849,-23.236,0.907643,0.378988,0.180423,-0.389683,0.920563,0.026661,-0.155986,-0.094506,0.983228,0,0.96201,0.43240,28.204,-0.310,831.066,657.954,-1,-1,-1,670.709,735.373,435.110,-1,-1,-1,-1,-1,998.867,-1,-1,-1,0,0,2,2,2,0,0,0,2,2,2,2,2,0,2,2,2
69,-6896.555,7195.938,489.508,-23.535,0.907841,0.388309,0.158242,-0.395408,0.918386,0.014851,-0.139560,-0.076052,0.987289,0,0.95938,0.43776,28.535,-0.300,930.301,697.833,-1,-1,-1,705.719,763.915,452.494,-1,-1,-1,-1,-1,-1,-1,-1,-1,0,0,2,2,2,0,0,0,2,2,2,2,2,2,2,2,2
70,-6871.910,7181.435,480.756,-23.829,0.907209,0.396239,0.141303,-0.400683,0.916211,0.003283,-0.128163,-0.059596,0.989961,0,0.95676,0.44312,28.596,-0.294,-1,726.730,-1,-1,-1,730.282,777.849,466.617,-1,-1,-1,-1,-1,-1,-1,-1,-1,2,0,2,2,2,0,0,0,2,2,2,2,2,2,2,2,2
71,-6847.438,7167.035,472.555,-24.285,0.904077,0.404617,0.137587,-0.407913,0.913009,-0.004609,-0.127483,-0.051957,0.990479,0,0.95415,0.44845,28.394,-0.455,-1,729.084,-1,-1,-1,724.501,768.743,468.594,-1,-1,-1,-1,-1,-1,-1,-1,-1,2,0,2,2,2,0,0,0,2,2,2,2,2,2,2,2,2
72,-6822.957,7152.775,464.665,-24.783,0.899425,0.412121,0.145571,-0.415272,0.909648,-0.009471,-0.136322,-0.051933,0.989302,0,0.95072,0.45547,28.331,-0.499,-1,706.320,-1,-1,-1,696.389,738.576,458.750,-1,-1,-1,-1,-1,-1,-1,-1,-1,2,0,2,2,2,0,0,0,2,2,2,2,2,2,2,2,2
73,-6793.496,7136.219,455.314,-25.359,0.892301,0.418901,0.168289,-0.422914,0.906077,-0.013013,-0.157933,-0.059560,0.985652,0,0.94704,0.46297,33.795,-0.576,888.578,651.306,-1,933.518,-1,639.311,680.400,434.682,-1,-1,-1,-1,-1,-1,-1,-1,-1,0,0,2,0,2,0,0,0,2,2,2,2,2,2,2,2,2
74,-6773.422,7126.430,448.974,-25.466,0.888480,0.418809,0.187621,-0.423139,0.905879,-0.018334,-0.177640,-0.063100,0.982070,0,0.94280,0.47164,22.333,-0.107,774.388,604.857,-1,850.720,-1,592.862,633.080,419.443,-1,-1,-1,-1,-1,984.461,-1,-1,-1,0,0,2,0,2,0,0,0,2,2,2,2,2,0,2,2,2
75,-6747.512,7115.009,441.203,-25.321,0.885214,0.415179,0.209818,-0.418842,0.907601,-0.028843,-0.202406,-0.062348,0.977315,0,0.94158,0.47414,28.316,0.145,664.739,551.256,-1,758.433,-1,539.638,577.569,407.556,-1,-1,-1,-1,-1,847.650,-1,-1,-1,0,0,2,0,2,0,0,0,2,2,2,2,2,0,2,2,2
76,-6720.762,7103.280,433.913,-25.161,0.882266,0.412156,0.227452,-0.414431,0.909202,-0.039986,-0.223280,-0.058985,0.972968,0,0.94161,0.47406,29.209,0.160,591.243,509.906,-1,691.357,-1,498.670,533.892,400.546,-1,-1,-1,-1,-1,763.749,-1,-1,-1,0,0,2,0,2,0,0,0,2,2,2,2,2,0,2,2,2
77,-6693.119,7091.328,427.375,-24.915,0.880736,0.409433,0.238053,-0.409095,0.910940,-0.053200,-0.238633,-0.050531,0.969794,0,0.94168,0.47392,30.116,0.247,548.358,483.770,758.585,642.759,-1,470.443,503.531,403.057,-1,-1,-1,-1,-1,714.348,-1,776.760,-1,0,0,1,0,2,0,0,0,2,2,2,2,2,0,2,0,2
78,-6664.682,7079.196,421.688,-24.605,0.880142,0.406683,0.244865,-0.403057,0.912710,-0.067125,-0.250790,-0.039615,0.967231,0,0.61452,0.62546,30.916,0.309,523.658,466.379,725.526,606.011,-1,450.640,481.143,412.426,-1,-1,-1,-1,-1,683.084,-1,712.898,-1,0,0,1,0,2,0,0,0,2,2,2,2,2,0,2,0,2
79,-6635.664,7067.671,416.913,-24.124,0.880403,0.402169,0.251299,-0.394265,0.915206,-0.083390,-0.263527,-0.025661,0.964311,0,0.61501,0.62391,31.223,0.481,504.232,449.507,693.047,570.990,-1,432.302,459.521,426.926,-1,-1,-1,-1,-1,654.159,-1,660.913,-1,0,0,1,0,2,0,0,0,2,2,2,2,2,0,2,0,2
80,-6606.182,7057.332,412.833,-23.340,0.881904,0.394310,0.258388,-0.380541,0.918951,-0.103530,-0.278268,-0.007024,0.960478,0,0.61615,0.62035,31.242,0.784,485.259,432.035,661.557,532.809,-1,412.499,436.438,450.607,-1,-1,-1,-1,-1,621.775,929.992,610.917,-1,0,0,1,0,2,0,0,0,2,2,2,2,2,0,0,0,2
81,-6576.256,7047.850,408.879,-22.348,0.884266,0.384769,0.264626,-0.363533,0.922871,-0.127093,-0.293117,0.016184,0.955939,0,0.61844,0.61316,31.392,0.992,470.948,415.730,630.880,495.668,-1,393.539,413.734,484.545,-1,-1,-1,-1,-1,591.902,807.807,572.523,-1,0,0,1,0,2,0,0,0,2,2,2,2,2,0,0,0,2
82,-6545.978,7038.842,405.085,-21.280,0.886601,0.374303,0.271730,-0.345319,0.926497,-0.149526,-0.307724,0.038736,0.950687,0,0.62156,0.60341,31.590,1.068,456.016,399.818,600.705,462.812,-1,375.818,392.562,518.610,947.962,-1,-1,-1,-1,563.228,722.722,536.925,-1,0,0,1,0,2,0,0,0,0,2,2,2,2,0,0,0,2
83,-6515.376,7029.234,401.194,-20.412,0.887923,0.365547,0.279226,-0.330430,0.929176,-0.165675,-0.320013,0.054842,0.945825,0,0.62501,0.59259,32.075,0.868,439.435,386.434,569.973,438.692,-1,360.821,375.684,540.972,900.058,-1,-1,-1,-1,539.434,666.870,506.724,-1,0,0,1,0,2,0,0,0,0,2,2,2,2,0,0,0,2
84,-6484.403,7019.240,396.843,-19.757,0.888638,0.359206,0.285121,-0.319182,0.930843,-0.177915,-0.329311,0.067096,0.941835,0,0.62774,0.58405,32.546,0.655,427.117,376.429,538.482,421.315,-1,349.474,363.117,556.416,859.579,-1,-1,-1,-1,523.023,629.943,485.024,-1,0,0,1,0,2,0,0,0,0,2,2,2,2,0,0,0,2
85,-6446.795,7006.681,390.406,-19.171,0.889771,0.353895,0.288210,-0.309347,0.931920,-0.189286,-0.335576,0.079264,0.938672,0,0.62974,0.57780,39.649,0.586,418.243,368.148,499.670,407.086,-1,341.577,352.572,568.336,812.281,-1,-1,-1,-1,512.813,602.254,470.259,930.079,0,0,1,0,2,0,0,0,0,2,2,2,2,0,0,0,0
86,-6421.396,6998.188,385.423,-18.836,0.891247,0.351155,0.287000,-0.304037,0.932192,-0.196415,-0.336511,0.087796,0.937578,0,0.63140,0.57258,26.781,0.335,418.210,366.869,473.393,400.648,-1,339.259,348.327,569.422,777.316,-1,-1,-1,-1,512.433,591.829,470.971,867.717,0,0,1,0,2,0,0,0,0,2,2,2,2,0,0,0,0
87,-6389.149,6987.738,378.589,-18.405,0.894646,0.347539,0.280758,-0.297697,0.932296,-0.205429,-0.333144,0.100205,0.937536,0,0.63232,0.56972,33.898,0.431,429.603,370.168,440.500,397.147,-1,339.862,346.569,571.298,727.346,-1,-1,-1,-1,523.862,590.049,488.212,850.460,0,0,1,0,2,0,0,0,0,2,2,2,2,0,0,0,0
88,-6356.411,6977.981,370.999,-17.867,0.899663,0.342503,0.270736,-0.290003,0.932370,-0.215836,-0.326350,0.115666,0.938145,0,0.63356,0.56584,34.162,0.539,452.365,376.494,407.907,396.537,-1,343.777,347.213,579.413,651.914,-1,-1,-1,-1,546.502,590.926,541.064,842.051,0,0,1,0,2,0,0,0,0,2,2,2,2,0,0,0,0
89,-6323.105,6970.553,363.045,-16.978,0.907173,0.333426,0.256642,-0.276963,0.932372,-0.232324,-0.316748,0.139678,0.938169,0,0.63531,0.56036,34.124,0.889,521.350,386.413,377.003,394.181,-1,348.993,348.203,607.594,555.101,-1,-1,-1,-1,585.655,590.043,-1,804.476,0,0,1,0,2,0,0,0,0,2,2,2,2,0,0,2,0
90,-6289.678,6965.595,355.325,-15.723,0.916808,0.318708,0.240600,-0.258107,0.932685,-0.251951,-0.304703,0.168891,0.937354,0,0.63849,0.54961,33.793,1.254,-1,398.014,348.547,392.467,-1,354.842,336.997,649.671,469.632,-1,-1,-1,-1,654.647,590.611,-1,761.416,2,0,1,0,2,0,1,0,0,2,2,2,2,0,0,2,0
91,-6257.070,6963.596,349.069,-13.979,0.927783,0.295508,0.227801,-0.230963,0.934346,-0.271390,-0.293043,0.199178,0.935122,0,0.63325,0.53321,32.669,1.744,-1,409.056,324.196,273.570,747.866,359.414,320.702,709.388,408.010,-1,-1,-1,-1,748.035,588.015,-1,725.766,2,0,1,1,0,0,1,0,0,2,2,2,2,0,0,2,0
92,-6225.477,6964.417,344.658,-11.848,0.939380,0.264483,0.218208,-0.197067,0.937246,-0.287637,-0.280589,0.227199,0.932550,0,0.62568,0.50950,31.604,2.131,-1,420.466,304.408,260.730,645.215,363.892,310.837,787.751,371.443,-1,-1,-1,-1,896.704,258.057,-1,705.249,2,0,1,1,0,0,1,0,0,2,2,2,2,0,1,2,0
93,-6193.535,6965.201,340.976,-10.008,0.950049,0.233149,0.207480,-0.167654,0.941972,-0.290827,-0.263247,0.241515,0.934008,0,0.61606,0.47938,31.952,1.840,-1,437.184,299.585,249.425,723.592,377.289,285.127,824.503,357.979,-1,-1,-1,-1,-1,241.534,-1,767.735,2,0,1,1,0,0,1,0,0,2,2,2,2,2,1,2,0
94,-6161.214,6964.744,337.167,-8.912,0.958216,0.209383,0.194887,-0.150258,0.948188,-0.279932,-0.243402,0.238952,0.940031,0,0.60710,0.45130,32.324,1.096,-1,474.263,317.983,227.479,947.372,397.480,257.505,788.209,367.725,-1,-1,-1,-1,-1,216.726,-1,918.536,2,0,1,1,0,0,1,0,0,2,2,2,2,2,1,2,0
95,-6132.069,6960.107,332.537,-9.213,0.960070,0.205249,0.190103,-0.155716,0.956581,-0.246384,-0.232419,0.206944,0.950345,0,0.60052,0.43069,29.511,-0.301,-1,491.038,306.113,199.953,-1,413.883,224.530,642.712,409.308,-1,-1,-1,-1,-1,191.370,-1,-1,2,0,1,1,2,0,1,0,0,2,2,2,2,2,1,2,2
96,-6107.553,6952.072,327.490,-10.574,0.955821,0.217943,0.197249,-0.178429,0.963436,-0.199885,-0.233601,0.155860,0.959760,0,0.59963,0.42791,25.799,-1.361,-1,479.187,225.638,173.457,-1,418.845,192.514,490.893,484.142,-1,-1,-1,-1,-1,166.662,-1,-1,2,0,1,1,2,0,1,0,0,2,2,2,2,2,1,2,2
97,-6083.616,6943.538,322.610,-12.169,0.951776,0.235229,0.196952,-0.205241,0.965355,-0.161137,-0.228033,0.112944,0.967080,0,0.60350,0.44005,25.413,-1.595,-1,498.017,184.517,148.147,-1,436.243,162.334,403.345,575.301,-1,-1,-1,-1,-1,142.931,-1,-1,2,0,1,1,2,0,1,0,0,2,2,2,2,2,1,2,2
98,-6059.746,6934.234,317.997,-13.904,0.948620,0.256317,0.185528,-0.234839,0.963290,-0.130089,-0.212062,0.079836,0.973990,0,0.60831,0.45509,25.619,-1.736,-1,544.382,151.824,124.107,-1,474.953,134.155,353.826,693.185,-1,-1,-1,-1,-1,120.332,-1,-1,2,0,1,1,2,0,1,0,0,2,2,2,2,2,1,2,2
99,-6035.053,6925.135,313.208,-15.465,0.946945,0.276893,0.163172,-0.261983,0.959104,-0.107164,-0.186172,0.058730,0.980760,0,0.61379,0.47227,26.316,-1.560,-1,633.223,126.586,101.243,-1,534.355,108.087,326.561,812.205,-1,-1,-1,-1,-1,98.731,-1,-1,2,0,1,1,2,0,1,0,0,2,2,2,2,2,1,2,2
100,-6009.498,6916.896,308.168,-16.095,0.949741,0.284530,0.130515,-0.274040,0.957242,-0.092683,-0.151306,0.052259,0.987105,0,0.61853,0.48710,26.851,-0.630,-1,767.558,104.901,79.923,-1,617.255,84.755,314.897,864.515,-1,-1,-1,-1,-1,78.440,-1,-1,2,0,1,1,2,0,1,0,0,2,2,2,2,2,1,2,2
101,-5985.742,6911.679,302.850,-16.046,0.954032,0.283199,0.098085,-0.274395,0.956994,-0.094181,-0.120539,0.062938,0.990711,0,0.63645,0.55676,24.322,0.049,-1,912.612,86.459,60.922,-1,697.587,64.542,317.682,793.557,-1,-1,813.273,-1,-1,-1,-1,-1,2,0,1,1,2,0,1,0,0,2,2,0,2,2,2,2,2
102,-5975.358,6910.670,298.262,-16.241,0.951314,0.289732,0.105148,-0.277124,0.953351,-0.119685,-0.134920,0.084719,0.987228,0,0.63663,0.55622,10.433,-0.195,-1,873.589,71.281,46.878,-1,657.567,49.750,329.026,630.951,-1,-1,-1,-1,-1,46.060,-1,-1,2,0,1,1,2,0,1,0,0,2,2,2,2,2,1,2,2
103,-5971.518,6908.804,293.926,-16.169,0.947741,0.293256,0.125650,-0.274787,0.950422,-0.145570,-0.162109,0.103436,0.981337,0,0.63603,0.55810,4.270,0.072,-1,774.662,59.473,35.891,-1,586.034,38.227,338.933,545.899,-1,-1,-1,-1,-1,35.066,-1,-1,2,0,1,1,2,0,1,0,0,2,2,2,2,2,1,2,2
104,-5969.905,6906.639,289.702,-16.022,0.944157,0.297133,0.142409,-0.271131,0.946195,-0.176642,-0.187233,0.128166,0.973918,0,0.63625,0.55741,2.700,0.147,-1,694.520,50.019,26.855,-1,528.190,28.720,357.253,475.627,-1,-1,-1,-1,-1,26.089,-1,-1,2,0,1,1,2,0,1,0,0,2,2,2,2,2,1,2,2
105,-5969.180,6904.724,285.562,-15.885,0.941026,0.302895,0.150745,-0.267791,0.939114,-0.215298,-0.206780,0.162233,0.964843,0,0.43893,-0.21005,2.048,0.137,-1,652.074,42.308,19.316,-1,485.647,20.740,390.065,408.086,-1,-1,-1,-1,-1,18.665,-1,-1,2,0,1,1,2,0,1,0,0,2,2,2,2,2,1,2,2
106,-8359.106,5089.144,297.827,162.671,-0.951634,-0.295322,0.084718,0.296921,-0.954879,0.006642,0.078934,0.031476,0.996383,1,0.43922,-0.21135,0.000,0.000,-1,908.488,-1,751.057,-1,707.132,712.715,377.929,358.566,-1,-1,-1,-1,-1,-1,-1,-1,2,0,2,0,2,0,0,0,0,2,2,2,2,2,2,2,2
107,-8357.405,5088.738,303.004,162.700,-0.952430,-0.295331,0.075212,0.296657,-0.954959,0.006858,0.069799,0.028844,0.997144,0,0.41986,0.58954,1.749,0.028,-1,872.248,-1,736.040,-1,684.947,685.761,384.649,372.197,-1,-1,-1,-1,-1,-1,-1,-1,2,0,2,0,2,0,0,0,0,2,2,2,2,2,2,2,2
108,-8356.355,5088.426,307.895,162.741,-0.953054,-0.295066,0.068003,0.296096,-0.955143,0.005366,0.063369,0.025249,0.997671,0,0.41986,0.58954,1.095,0.041,-1,852.023,-1,734.034,-1,675.943,677.074,389.730,386.461,-1,-1,-1,-1,-1,-1,-1,-1,2,0,2,0,2,0,0,0,0,2,2,2,2,2,2,2,2
109,-8355.770,5088.205,311.954,162.775,-0.953486,-0.294876,0.062549,0.295609,-0.955306,0.002584,0.058991,0.020954,0.998039,0,0.41986,0.58954,0.626,0.034,-1,839.649,-1,738.186,-1,673.062,676.983,392.348,400.071,-1,-1,-1,-1,-1,-1,-1,-1,2,0,2,0,2,0,0,0,0,2,2,2,2,2,2,2,2
110,-8355.646,5087.993,314.836,162.808,-0.953807,-0.294626,0.058708,0.295109,-0.955464,-0.000475,0.056233,0.016872,0.998275,0,0.41986,0.58954,0.246,0.033,-1,831.456,-1,744.220,-1,672.459,679.776,392.898,411.122,-1,-1,-1,-1,-1,-1,-1,-1,2,0,2,0,2,0,0,0,0,2,2,2,2,2,2,2,2
111,-8355.889,5087.833,316.448,162.829,-0.954003,-0.294509,0.056059,0.294776,-0.955559,-0.003635,0.054639,0.013058,0.998421,0,0.41986,0.58954,0.291,0.022,-1,824.377,-1,749.519,-1,671.597,682.039,391.297,419.300,-1,-1,-1,-1,-1,-1,-1,-1,2,0,2,0,2,0,0,0,0,2,2,2,2,2,2,2,2
112,-8356.448,5087.699,316.784,162.854,-0.954160,-0.294306,0.054437,0.294383,-0.955663,-0.006780,0.054019,0.009556,0.998494,0,0.41986,0.58954,0.575,0.024,-1,816.956,-1,753.534,-1,669.470,682.641,387.590,424.382,-1,-1,-1,-1,-1,-1,-1,-1,2,0,2,0,2,0,0,0,0,2,2,2,2,2,2,2,2
113,-8357.318,5087.578,315.878,162.891,-0.954346,-0.293837,0.053693,0.293759,-0.955832,-0.009523,0.054120,0.006684,0.998512,0,0.41986,0.58954,0.878,0.037,-1,808.186,-1,755.198,-1,665.093,680.201,382.219,425.922,-1,-1,-1,-1,-1,-1,-1,-1,2,0,2,0,2,0,0,0,0,2,2,2,2,2,2,2,2
114,-8358.428,5087.514,313.870,162.938,-0.954600,-0.293124,0.053079,0.292976,-0.956060,-0.010724,0.053890,0.005314,0.998533,0,0.41986,0.58954,1.111,0.047,-1,794.611,-1,749.408,-1,653.103,669.029,376.423,422.931,-1,-1,-1,-1,-1,-1,-1,-1,2,0,2,0,2,0,0,0,0,2,2,2,2,2,2,2,2
115,-8359.822,5087.649,311.111,162.986,-0.954839,-0.292274,0.053466,0.292171,-0.956315,-0.009907,0.054025,0.006161,0.998521,0,0.41986,0.58954,1.401,0.048,-1,783.913,-1,739.470,-1,639.957,654.966,371.818,415.190,-1,-1,-1,-1,-1,-1,-1,-1,2,0,2,0,2,0,0,0,0,2,2,2,2,2,2,2,2
116,-8361.705,5088.022,308.180,163.057,-0.955055,-0.290887,0.057042,0.290951,-0.956710,-0.007373,0.056718,0.009555,0.998345,0,0.41986,0.58954,1.919,0.071,-1,787.599,-1,737.209,-1,640.511,653.864,370.086,403.593,-1,-1,-1,-1,-1,-1,-1,-1,2,0,2,0,2,0,0,0,0,2,2,2,2,2,2,2,2
117,-8364.075,5088.646,305.473,163.154,-0.955234,-0.288847,0.063992,0.289246,-0.957250,-0.003139,0.062162,0.015511,0.997945,0,0.41986,0.58954,2.451,0.097,-1,812.011,-1,745.407,-1,658.063,669.984,372.113,389.219,-1,-1,-1,-1,-1,-1,-1,-1,2,0,2,0,2,0,0,0,0,2,2,2,2,2,2,2,2
118,-8366.892,5089.481,303.237,163.262,-0.955314,-0.286362,0.073288,0.287299,-0.957838,0.002349,0.069526,0.023299,0.997308,0,0.41986,0.58954,2.938,0.108,-1,855.517,-1,762.855,-1,686.014,701.855,377.614,374.346,-1,-1,-1,-1,-1,-1,-1,-1,2,0,2,0,2,0,0,0,0,2,2,2,2,2,2,2,2
119,-8369.893,5090.357,301.997,163.370,-0.955483,-0.283970,0.080085,0.285392,-0.958388,0.006669,0.074859,0.029228,0.996766,0,0.41986,0.58954,3.126,0.108,-1,892.163,-1,778.803,-1,710.236,726.285,382.903,364.447,-1,-1,-1,-1,-1,-1,-1,-1,2,0,2,0,2,0,0,0,0,2,2,2,2,2,2,2,2
120,-8373.020,5091.106,301.936,163.478,-0.955899,-0.281908,0.082365,0.283552,-0.958917,0.008743,0.076516,0.031712,0.996564,0,0.41986,0.58954,3.215,0.108,-1,907.100,-1,787.942,-1,724.145,741.946,386.158,360.644,-1,-1,-1,-1,-1,-1,-1,-1,2,0,2,0,2,0,0,0,0,2,2,2,2,2,2,2,2
121,-8376.307,5091.679,302.871,163.595,-0.956569,-0.280049,0.080923,0.281630,-0.959485,0.008603,0.075235,0.031020,0.996683,0,0.41986,0.58954,3.337,0.117,-1,902.498,-1,792.487,-1,724.389,744.673,387.267,362.172,-1,-1,-1,-1,-1,-1,-1,-1,2,0,2,0,2,0,0,0,0,2,2,2,2,2,2,2,2
122,-8379.845,5092.126,304.454,163.721,-0.957378,-0.278229,0.077561,0.279568,-0.960102,0.006757,0.072587,0.028152,0.996965,0,0.41986,0.58954,3.566,0.127,-1,888.803,-1,796.790,-1,718.915,743.272,386.805,367.319,-1,-1,-1,-1,-1,-1,-1,-1,2,0,2,0,2,0,0,0,0,2,2,2,2,2,2,2,2
123,-8383.773,5092.510,306.274,163.865,-0.958247,-0.276151,0.074184,0.277216,-0.960798,0.004257,0.070100,0.024644,0.997236,0,0.41986,0.58954,3.947,0.144,-1,876.522,-1,804.371,-1,716.132,745.566,386.022,373.653,-1,-1,-1,-1,-1,-1,-1,-1,2,0,2,0,2,0,0,0,0,2,2,2,2,2,2,2,2
124,-8388.184,5092.875,307.962,164.037,-0.959172,-0.273523,0.071928,0.274375,-0.961620,0.002063,0.068603,0.021714,0.997408,0,0.41986,0.58954,4.425,0.171,-1,870.435,-1,816.168,-1,719.352,754.291,385.746,379.051,-1,-1,-1,-1,-1,-1,-1,-1,2,0,2,0,2,0,0,0,0,2,2,2,2,2,2,2,2
125,-8393.010,5093.259,309.279,164.228,-0.960135,-0.270462,0.070650,0.271181,-0.962528,0.000609,0.067838,0.019744,0.997501,0,0.41986,0.58954,4.841,0.192,-1,868.259,-1,829.237,-1,725.453,765.648,385.946,382.539,-1,-1,-1,-1,-1,-1,-1,-1,2,0,2,0,2,0,0,0,0,2,2,2,2,2,2,2,2
126,-8398.145,5093.645,310.097,164.449,-0.961209,-0.266819,0.069885,0.267489,-0.963561,0.000233,0.067276,0.018918,0.997555,0,0.41986,0.58954,5.149,0.221,-1,866.180,-1,840.731,-1,730.019,774.745,386.505,383.594,-1,-1,-1,-1,-1,-1,-1,-1,2,0,2,0,2,0,0,0,0,2,2,2,2,2,2,2,2
127,-8403.548,5094.046,310.386,164.691,-0.962353,-0.262754,0.069551,0.263441,-0.964675,0.000724,0.066904,0.019020,0.997578,0,0.41986,0.58954,5.418,0.242,-1,863.756,-1,850.470,-1,732.756,780.496,387.109,382.421,-1,-1,-1,-1,-1,-1,-1,-1,2,0,2,0,2,0,0,0,0,2,2,2,2,2,2,2,2
128,-8409.214,5094.392,310.195,164.967,-0.963615,-0.258025,0.069782,0.258788,-0.965932,0.001969,0.066896,0.019956,0.997560,0,0.41986,0.58954,5.677,0.277,-1,861.672,-1,860.016,-1,733.100,783.841,387.716,379.246,-1,-1,-1,-1,-1,-1,-1,-1,2,0,2,0,2,0,0,0,0,2,2,2,2,2,2,2,2
129,-8415.121,5094.714,309.742,165.262,-0.964917,-0.252996,0.070197,0.253834,-0.967243,0.003137,0.067104,0.020845,0.997528,0,0.41986,0.58954,5.916,0.294,-1,859.132,-1,869.499,-1,733.148,787.174,387.597,375.575,-1,-1,-1,-1,-1,-1,-1,-1,2,0,2,0,2,0,0,0,0,2,2,2,2,2,2,2,2
130,-8421.276,5095.051,309.311,165.548,-0.966163,-0.248121,0.070465,0.248996,-0.968497,0.003775,0.067308,0.021193,0.997507,0,0.41986,0.58954,6.164,0.287,-1,856.092,-1,880.132,-1,733.384,791.089,386.796,372.567,-1,-1,-1,-1,-1,-1,-1,-1,2,0,2,0,2,0,0,0,0,2,2,2,2,2,2,2,2
131,-8427.595,5095.398,309.096,165.817,-0.967340,-0.243609,0.070050,0.244465,-0.969651,0.003781,0.067003,0.020782,0.997536,0,0.24852,0.43268,6.328,0.269,-1,850.563,-1,890.022,-1,732.185,793.666,385.444,370.840,-1,-1,-1,-1,-1,-1,-1,-1,2,0,2,0,2,0,0,0,0,2,2,2,2,2,2,2,2
132,-8433.936,5095.789,309.191,166.054,-0.968384,-0.239711,0.069078,0.240471,-0.970652,0.002779,0.066385,0.019302,0.997607,0,0.24852,0.43268,6.353,0.237,-1,843.944,-1,900.350,-1,731.062,797.671,383.395,370.986,-1,-1,-1,-1,-1,-1,-1,-1,2,0,2,0,2,0,0,0,0,2,2,2,2,2,2,2,2
133,-8440.328,5096.148,309.611,166.282,-0.969336,-0.235992,0.068519,0.236628,-0.971600,0.001195,0.066291,0.017372,0.997649,0,0.24852,0.43268,6.403,0.227,-1,841.350,-1,915.079,-1,734.218,808.355,381.534,372.361,-1,-1,-1,-1,-1,-1,-1,-1,2,0,2,0,2,0,0,0,0,2,2,2,2,2,2,2,2
134,-8446.822,5096.488,310.240,166.511,-0.970244,-0.232214,0.068578,0.232734,-0.972540,-0.000418,0.066792,0.015555,0.997646,0,0.24852,0.43268,6.503,0.230,-1,843.262,-1,894.270,-1,741.500,824.841,380.329,374.100,-1,-1,-1,-1,-1,-1,-1,-1,2,0,2,1,2,0,0,0,0,2,2,2,2,2,2,2,2
135,-8453.417,5096.874,310.963,166.738,-0.971110,-0.228457,0.068948,0.228888,-0.973451,-0.001689,0.067503,0.014141,0.997619,0,0.24852,0.43268,6.606,0.226,-1,847.706,-1,870.775,-1,750.597,841.094,379.881,376.120,-1,-1,-1,-1,-1,-1,-1,-1,2,0,2,1,2,0,0,0,0,2,2,2,2,2,2,2,2
136,-8460.094,5097.341,311.696,166.957,-0.971945,-0.224780,0.069260,0.225164,-0.974318,-0.002309,0.068001,0.013351,0.997596,0,0.24852,0.43268,6.693,0.219,-1,852.257,-1,863.682,-1,759.016,850.252,380.255,377.410,-1,-1,-1,-1,-1,-1,-1,-1,2,0,2,1,2,0,0,0,0,2,2,2,2,2,2,2,2
137,-8466.842,5097.902,312.373,167.166,-0.972758,-0.221224,0.069295,0.221605,-0.975134,-0.002243,0.068069,0.013174,0.997594,0,0.24852,0.43268,6.771,0.210,-1,855.464,-1,856.571,-1,765.299,856.784,381.283,377.880,-1,-1,-1,-1,-1,-1,-1,-1,2,0,2,1,2,0,0,0,0,2,2,2,2,2,2,2,2
138,-8473.663,5098.550,312.960,167.366,-0.973550,-0.217806,0.069003,0.218214,-0.975899,-0.001654,0.067701,0.013447,0.997615,0,0.24852,0.43268,6.852,0.200,-1,856.854,-1,849.441,-1,770.010,860.526,382.677,377.618,-1,-1,-1,-1,-1,-1,-1,-1,2,0,2,1,2,0,0,0,0,2,2,2,2,2,2,2,2
139,-8481.932,5099.370,313.578,167.599,-0.974471,-0.213816,0.068481,0.214262,-0.976776,-0.000851,0.067072,0.013844,0.997652,0,0.24852,0.43268,8.309,0.233,-1,864.875,-1,840.843,-1,772.712,863.681,384.254,377.033,-1,-1,-1,-1,-1,-1,-1,-1,2,0,2,1,2,0,0,0,0,2,2,2,2,2,2,2,2
140,-8487.486,5099.897,313.975,167.756,-0.975086,-0.211158,0.067971,0.211611,-0.977354,-0.000545,0.066547,0.013852,0.997687,0,0.24852,0.43268,5.580,0.156,-1,871.139,-1,835.097,-1,773.260,865.411,384.930,376.904,-1,-1,-1,-1,-1,-1,-1,-1,2,0,2,1,2,0,0,0,0,2,2,2,2,2,2,2,2
141,-8494.501,5100.567,314.437,167.941,-0.975814,-0.208031,0.067153,0.208471,-0.978028,-0.000468,0.065774,0.013543,0.997743,0,0.24852,0.43268,7.047,0.185,-1,874.364,-1,827.880,-1,773.332,867.149,385.289,377.041,-1,-1,-1,-1,-1,-1,-1,-1,2,0,2,1,2,0,0,0,0,2,2,2,2,2,2,2,2
142,-8501.601,5101.258,314.857,168.120,-0.976509,-0.205012,0.066335,0.205435,-0.978671,-0.000448,0.065012,0.013190,0.997797,0,0.24852,0.43268,7.133,0.179,-1,876.381,-1,820.595,-1,773.216,862.379,385.512,377.142,-1,-1,-1,-1,-1,-1,-1,-1,2,0,2,1,2,0,1,0,0,2,2,2,2,2,2,2,2
143,-8508.933,5101.856,315.251,168.334,-0.977297,-0.201361,0.065912,0.201791,-0.979429,-0.000134,0.064583,0.013170,0.997825,0,0.44920,0.86678,7.356,0.214,-1,881.328,-1,813.068,-1,774.111,855.616,386.080,376.803,-1,-1,-1,-1,-1,-1,-1,-1,2,0,2,1,2,0,1,0,0,2,2,2,2,2,2,2,2
144,-8516.646,5102.235,315.635,168.613,-0.978275,-0.196557,0.065900,0.197020,-0.980399,0.000529,0.064505,0.013501,0.997826,0,0.44920,0.86678,7.723,0.280,-1,888.765,-1,805.181,-1,775.641,848.777,386.998,376.028,-1,-1,-1,-1,-1,-1,-1,-1,2,0,2,1,2,0,1,0,0,2,2,2,2,2,2,2,2
145,-8524.644,5102.399,316.056,168.941,-0.979406,-0.190940,0.065619,0.191429,-0.981506,0.001178,0.064181,0.013715,0.997844,0,0.44920,0.86678,7.999,0.328,-1,892.738,-1,797.112,-1,775.220,841.983,387.731,375.438,-1,-1,-1,-1,-1,-1,-1,-1,2,0,2,1,2,0,1,0,0,2,2,2,2,2,2,2,2
146,-8532.833,5102.337,316.587,169.306,-0.980672,-0.184717,0.064520,0.185196,-0.982701,0.001473,0.063132,0.013394,0.997915,0,0.44920,0.86678,8.190,0.365,-1,888.650,-1,789.014,-1,770.909,835.357,387.860,375.641,-1,-1,-1,-1,-1,-1,-1,-1,2,0,2,1,2,0,1,0,0,2,2,2,2,2,2,2,2
147,-8541.224,5102.027,317.229,169.702,-0.982007,-0.177992,0.063097,0.178420,-0.983954,0.001158,0.061879,0.012395,0.998007,0,0.44920,0.86678,8.396,0.396,-1,881.206,-1,780.859,-1,765.419,828.788,387.256,376.937,-1,-1,-1,-1,-1,-1,-1,-1,2,0,2,1,2,0,1,0,0,2,2,2,2,2,2,2,2
148,-8549.837,5101.396,317.888,170.147,-0.983404,-0.170426,0.062219,0.170799,-0.985306,0.000681,0.061189,0.011297,0.998062,0,0.44920,0.86678,8.636,0.445,-1,877.305,-1,772.608,-1,761.749,822.274,386.496,378.594,-1,-1,-1,-1,-1,-1,-1,-1,2,0,2,1,2,0,1,0,0,2,2,2,2,2,2,2,2
149,-8558.733,5100.760,318.513,170.588,-0.984676,-0.162936,0.062165,0.163227,-0.986588,-0.000400,0.061396,0.009753,0.998066,0,0.44920,0.86678,8.919,0.441,-1,880.007,-1,764.091,-1,762.296,815.324,385.251,380.786,-1,-1,-1,-1,-1,-1,-1,-1,2,0,2,1,2,0,1,0,0,2,2,2,2,2,2,2,2
150,-8567.903,5100.300,319.136,170.984,-0.985746,-0.156210,0.062473,0.156416,-0.987690,-0.001600,0.061953,0.008195,0.998045,0,0.44920,0.86678,9.181,0.396,-1,887.103,-1,755.310,-1,765.488,807.799,384.355,383.008,-1,-1,-1,-1,-1,-1,-1,-1,2,0,2,1,2,0,1,0,0,2,2,2,2,2,2,2,2
151,-8577.267,5099.896,319.770,171.364,-0.986759,-0.149716,0.062377,0.149860,-0.988704,-0.002393,0.062030,0.006987,0.998050,0,0.44920,0.86678,9.372,0.381,-1,916.120,-1,746.427,-1,766.891,800.106,383.932,384.800,-1,-1,-1,-1,-1,-1,-1,-1,2,0,2,1,2,0,1,0,0,2,2,2,2,2,2,2,2
152,-8586.880,5099.498,320.354,171.745,-0.987739,-0.143188,0.062196,0.143305,-0.989675,-0.002594,0.061925,0.006351,0.998061,0,0.44920,0.86678,9.622,0.380,-1,-1,-1,737.380,-1,767.427,792.238,384.128,385.797,-1,-1,-1,-1,-1,-1,-1,-1,2,2,2,1,2,0,1,0,0,2,2,2,2,2,2,2,2
153,-8596.783,5099.204,320.823,172.109,-0.988651,-0.136897,0.061875,0.137025,-0.990565,-0.002187,0.061591,0.006317,0.998082,0,0.44920,0.86678,9.908,0.364,-1,-1,-1,728.091,-1,767.390,784.036,384.882,385.806,-1,-1,-1,-1,-1,-1,-1,-1,2,2,2,1,2,0,1,0,0,2,2,2,2,2,2,2,2
154,-8606.971,5099.019,321.195,172.454,-0.989495,-0.130898,0.061369,0.131071,-0.991372,-0.001220,0.060999,0.006837,0.998114,0,0.44920,0.86678,10.189,0.345,-1,-1,-1,718.556,-1,766.351,775.485,386.169,384.919,-1,-1,-1,-1,-1,-1,-1,-1,2,2,2,1,2,0,1,0,0,2,2,2,2,2,2,2,2
155,-8617.429,5098.887,321.504,172.790,-0.990295,-0.125029,0.060693,0.125273,-0.992122,0.000232,0.060186,0.007833,0.998156,0,0.44920,0.86678,10.459,0.336,-1,-1,-1,708.801,-1,764.422,766.652,387.949,383.285,-1,-1,-1,-1,-1,-1,-1,-1,2,2,2,1,2,0,1,0,0,2,2,2,2,2,2,2,2
156,-8628.133,5098.786,321.820,173.119,-0.991061,-0.119277,0.059755,0.119596,-0.992821,0.001765,0.059116,0.008896,0.998212,0,0.44920,0.86678,10.705,0.329,-1,-1,-1,698.847,-1,761.640,757.556,389.714,381.554,-1,-1,-1,-1,-1,-1,-1,-1,2,2,2,1,2,0,1,0,0,2,2,2,2,2,2,2,2
157,-8638.921,5098.714,322.265,173.424,-0.991783,-0.113980,0.058098,0.114336,-0.993438,0.002829,0.057394,0.009448,0.998307,0,0.32382,0.41147,10.788,0.305,-1,-1,-1,688.850,-1,756.857,748.292,390.836,380.680,-1,-1,-1,-1,-1,-1,-1,-1,2,2,2,1,2,0,1,0,0,2,2,2,2,2,2,2,2
158,-8649.787,5098.636,322.772,173.714,-0.992468,-0.108948,0.056016,0.109323,-0.994000,0.003659,0.055282,0.009755,0.998423,0,0.32382,0.41147,10.866,0.290,-1,-1,-1,678.814,-1,750.917,738.902,391.733,380.202,-1,-1,-1,-1,-1,-1,-1,-1,2,2,2,1,2,0,1,0,0,2,2,2,2,2,2,2,2
159,-8660.765,5098.553,323.283,174.000,-0.993111,-0.103991,0.053995,0.104384,-0.994527,0.004494,0.053232,0.010099,0.998531,0,0.32382,0.41147,10.978,0.286,-1,-1,-1,668.690,-1,745.548,729.355,392.695,379.699,-1,-1,-1,-1,-1,-1,-1,-1,2,2,2,1,2,0,1,0,0,2,2,2,2,2,2,2,2
160,-8671.823,5098.427,323.813,174.278,-0.993711,-0.099201,0.051940,0.099577,-0.995019,0.004687,0.051216,0.009829,0.998639,0,0.32382,0.41147,11.059,0.278,-1,-1,-1,658.506,-1,741.351,719.642,392.859,379.971,-1,-1,-1,-1,-1,-1,-1,-1,2,2,2,1,2,0,1,0,0,2,2,2,2,2,2,2,2
161,-8683.029,5098.221,324.249,174.555,-0.994266,-0.094427,0.050179,0.094780,-0.995487,0.004704,0.049508,0.009433,0.998729,0,0.32382,0.41147,11.208,0.277,-1,-1,-1,648.215,-1,738.577,709.741,392.642,380.249,-1,-1,-1,-1,-1,-1,-1,-1,2,2,2,1,2,0,1,0,0,2,2,2,2,2,2,2,2
162,-8694.401,5097.998,324.572,174.829,-0.994770,-0.089687,0.048883,0.090026,-0.995928,0.004778,0.048255,0.009154,0.998793,0,0.32382,0.41147,11.374,0.274,-1,-1,-1,637.767,-1,737.410,699.589,392.369,380.206,-1,-1,-1,-1,-1,-1,-1,-1,2,2,2,1,2,0,1,0,0,2,2,2,2,2,2,2,2
163,-8705.907,5097.910,324.745,175.076,-0.995218,-0.085399,0.047420,0.085748,-0.996302,0.005386,0.046785,0.009426,0.998860,0,0.32382,0.41147,11.506,0.247,-1,-1,-1,627.144,-1,735.325,689.128,392.519,379.175,-1,-1,-1,-1,-1,-1,-1,-1,2,2,2,1,2,0,1,0,0,2,2,2,2,2,2,2,2
164,-8717.549,5097.926,324.739,175.302,-0.995630,-0.081429,0.045715,0.081820,-0.996624,0.006754,0.045011,0.010465,0.998932,0,0.32382,0.41147,11.642,0.226,-1,-1,-1,616.363,-1,731.824,678.426,393.302,376.903,-1,-1,-1,-1,-1,-1,-1,-1,2,2,2,1,2,0,1,0,0,2,2,2,2,2,2,2,2
165,-8729.312,5098.027,324.566,175.513,-0.996023,-0.077708,0.043592,0.078163,-0.996902,0.008823,0.042771,0.012195,0.999010,0,0.32382,0.41147,11.764,0.211,-1,-1,-1,605.449,-1,726.287,667.537,395.268,373.546,-1,-1,-1,-1,-1,-1,-1,-1,2,2,2,1,2,0,1,0,0,2,2,2,2,2,2,2,2
166,-8741.106,5098.182,324.355,175.709,-0.996414,-0.074258,0.040561,0.074761,-0.997141,0.011017,0.039627,0.014010,0.999116,0,0.32382,0.41147,11.795,0.196,-1,-1,-1,594.506,-1,717.401,656.590,397.562,369.962,-1,-1,-1,-1,-1,-1,-1,-1,2,2,2,1,2,0,1,0,0,2,2,2,2,2,2,2,2
167,-8752.969,5098.352,324.194,175.897,-0.996789,-0.070974,0.037086,0.071510,-0.997351,0.013314,0.036043,0.015923,0.999223,0,0.32382,0.41147,11.864,0.188,-1,-1,-1,583.497,-1,707.430,645.534,400.104,366.353,-1,-1,-1,-1,-1,-1,-1,-1,2,2,2,1,2,0,1,0,0,2,2,2,2,2,2,2,2
168,-8764.914,5098.548,324.136,176.078,-0.997122,-0.067794,0.033925,0.068363,-0.997534,0.015910,0.032762,0.018183,0.999298,0,0.32382,0.41147,11.947,0.181,-1,-1,-1,572.378,-1,699.476,634.285,403.447,362.602,-1,-1,-1,-1,-1,-1,-1,-1,2,2,2,1,2,0,1,0,0,2,2,2,2,2,2,2,2
169,-8776.972,5098.747,324.190,176.251,-0.997423,-0.064772,0.030859,0.065354,-0.997695,0.018264,0.029605,0.020234,0.999357,0,0.32382,0.41147,12.059,0.173,-1,-1,-1,561.124,-1,694.831,622.801,406.814,359.344,-1,-1,-1,-1,-1,-1,-1,-1,2,2,2,1,2,0,1,0,0,2,2,2,2,2,2,2,2
170,-8789.201,5098.929,324.288,176.419,-0.997687,-0.061851,0.028183,0.062437,-0.997840,0.020401,0.026861,0.022114,0.999395,0,0.32382,0.41147,12.231,0.168,-1,-1,-1,549.677,-1,693.592,611.010,410.121,356.418,-1,-1,-1,-1,-1,-1,-1,-1,2,2,2,1,2,0,1,0,0,2,2,2,2,2,2,2,2
171,-8801.519,5099.114,324.463,176.585,-0.997916,-0.058947,0.026247,0.059541,-0.997973,0.022478,0.024869,0.023994,0.999403,0,0.32382,0.41147,12.319,0.166,-1,-1,-1,538.102,-1,696.855,598.987,413.720,353.718,-1,-1,-1,-1,-1,-1,-1,-1,2,2,2,1,2,0,1,0,0,2,2,2,2,2,2,2,2
172,-8813.178,5099.103,325.001,176.824,-0.998172,-0.054707,0.025700,0.055387,-0.998111,0.026565,0.024198,0.027940,0.999317,0,-0.05363,0.44652,11.659,0.239,-1,-1,-1,527.317,-1,707.240,588.061,421.221,350.696,-1,-1,-1,-1,-1,-1,-1,-1,2,2,2,1,2,0,1,0,0,2,2,2,2,2,2,2,2
173,-8823.971,5098.689,325.911,177.164,-0.998500,-0.048651,0.025106,0.049459,-0.998243,0.032641,0.023474,0.033834,0.999152,0,-0.05363,0.44652,10.801,0.340,-1,-1,-1,517.717,-1,713.147,578.872,432.432,346.768,-1,-1,-1,-1,-1,-1,-1,-1,2,2,2,1,2,0,1,0,0,2,2,2,2,2,2,2,2
174,-8834.161,5098.387,326.575,177.415,-0.998805,-0.044404,0.020418,0.045091,-0.998387,0.034492,0.018854,0.035372,0.999196,0,-0.05363,0.44652,10.195,0.251,-1,-1,-1,508.597,-1,703.040,569.957,436.238,346.621,-1,-1,-1,-1,-1,-1,-1,-1,2,2,2,1,2,0,1,0,0,2,2,2,2,2,2,2,2
175,-8845.837,5098.044,327.042,177.612,-0.999082,-0.041300,0.011384,0.041664,-0.998558,0.033860,0.009970,0.034303,0.999362,0,-0.05363,0.44652,11.681,0.197,-1,-1,-1,498.098,-1,673.475,559.460,434.789,348.603,-1,-1,-1,-1,-1,-1,-1,-1,2,2,2,1,2,0,1,0,0,2,2,2,2,2,2,2,2
176,-8853.367,5097.719,327.185,177.752,-0.999225,-0.039079,0.004743,0.039218,-0.998660,0.033760,0.003418,0.033920,0.999419,0,-0.05363,0.44652,7.537,0.140,-1,-1,-1,491.433,-1,650.101,552.904,433.712,349.242,-1,-1,-1,-1,-1,-1,-1,-1,2,2,2,1,2,0,1,0,0,2,2,2,2,2,2,2,2
177,-8862.620,5097.261,327.155,177.950,-0.999352,-0.035886,-0.002882,0.035763,-0.998743,0.035120,-0.004139,0.034994,0.999379,0,-0.05363,0.44652,9.264,0.198,-1,-1,-1,483.322,-1,624.534,545.020,434.444,348.065,-1,-1,-1,-1,-1,-1,-1,-1,2,2,2,1,2,0,1,0,0,2,2,2,2,2,2,2,2
178,-8871.689,5096.813,326.968,178.168,-0.999433,-0.032350,-0.009316,0.031971,-0.998755,0.038302,-0.010544,0.037982,0.999223,0,-0.05363,0.44652,9.080,0.217,-1,-1,-1,475.405,-1,604.695,537.368,438.991,344.672,-1,-1,-1,-1,-1,-1,-1,-1,2,2,2,1,2,0,1,0,0,2,2,2,2,2,2,2,2
179,-8880.608,5096.450,326.723,178.386,-0.999487,-0.028787,-0.014069,0.028155,-0.998669,0.043219,-0.015295,0.042801,0.998967,0,-0.05363,0.44652,8.926,0.219,-1,-1,-1,467.557,-1,592.395,529.705,446.953,339.408,-1,-1,-1,-1,-1,-1,-1,-1,2,2,2,1,2,0,1,0,0,2,2,2,2,2,2,2,2
180,-8889.356,5096.186,326.479,178.599,-0.999522,-0.025345,-0.017696,0.024442,-0.998477,0.049470,-0.018923,0.049014,0.998619,0,-0.05363,0.44652,8.752,0.213,-1,-1,-1,459.790,-1,585.127,522.042,458.078,332.868,-1,-1,-1,-1,-1,-1,-1,-1,2,2,2,1,2,0,1,0,0,2,2,2,2,2,2,2,2
181,-8897.862,5095.928,326.333,178.821,-0.999544,-0.021776,-0.020912,0.020568,-0.998199,0.056361,-0.022102,0.055905,0.998191,0,-0.05363,0.44652,8.510,0.222,-1,-1,-1,452.260,-1,580.017,514.633,471.818,326.004,-1,-1,-1,-1,-1,-1,-1,-1,2,2,2,1,2,0,1,0,0,2,2,2,2,2,2,2,2
182,-8906.074,5095.650,326.365,179.032,-0.999537,-0.018428,-0.024229,0.016884,-0.997905,0.062450,-0.025329,0.062012,0.997754,0,-0.05363,0.44652,8.217,0.211,-1,-1,-1,444.990,-1,575.262,507.432,484.867,322.421,-1,-1,-1,-1,-1,-1,-1,-1,2,2,2,1,2,0,1,0,0,2,2,2,2,2,2,2,2
183,-8913.978,5095.348,326.597,179.228,-0.999495,-0.015352,-0.027830,0.013461,-0.997669,0.066892,-0.028792,0.066483,0.997372,0,-0.05363,0.44652,7.909,0.196,-1,-1,-1,437.979,-1,570.078,500.424,495.104,320.894,-1,-1,-1,-1,-1,-1,-1,-1,2,2,2,1,2,0,1,0,0,2,2,2,2,2,2,2,2
184,-8921.590,5095.017,327.002,179.402,-0.999419,-0.012667,-0.031644,0.010433,-0.997507,0.069791,-0.032449,0.069420,0.997060,0,-0.05363,0.44652,7.619,0.174,-1,-1,-1,431.199,-1,564.642,493.553,502.954,321.017,-1,-1,-1,-1,-1,-1,-1,-1,2,2,2,1,2,0,1,0,0,2,2,2,2,2,2,2,2
185,-8929.095,5094.604,327.514,179.572,-0.999335,-0.010008,-0.035075,0.007469,-0.997391,0.071801,-0.035702,0.071491,0.996802,0,0.19741,0.92329,7.516,0.170,-1,-1,-1,424.507,-1,560.799,486.705,509.476,322.178,-1,-1,-1,-1,-1,-1,-1,-1,2,2,2,1,2,0,1,0,0,2,2,2,2,2,2,2,2
186,-8936.733,5094.094,328.045,179.747,-0.999266,-0.007182,-0.037632,0.004405,-0.997296,0.073354,-0.038057,0.073134,0.996596,0,0.19741,0.92329,7.656,0.176,-1,-1,-1,417.674,-1,559.945,479.630,515.328,323.925,-1,-1,-1,-1,-1,-1,-1,-1,2,2,2,1,2,0,1,0,0,2,2,2,2,2,2,2,2
187,-8944.452,5093.503,328.522,179.926,-0.999197,-0.004265,-0.039842,0.001282,-0.997213,0.074594,-0.040049,0.074483,0.996418,0,0.19741,0.92329,7.741,0.179,-1,-1,-1,410.771,-1,559.984,472.439,520.493,325.935,-1,-1,-1,-1,-1,-1,-1,-1,2,2,2,1,2,0,1,0,0,2,2,2,2,2,2,2,2
188,-8952.135,5092.855,328.961,-179.895,-0.999097,-0.001374,-0.042463,-0.001825,-0.997167,0.075200,-0.042446,0.075209,0.996264,0,0.19741,0.92329,7.710,0.178,-1,-1,-1,403.930,-1,559.012,465.306,524.217,328.439,-1,-1,-1,-1,-1,-1,-1,-1,2,2,2,1,2,0,1,0,0,2,2,2,2,2,2,2,2
189,-8959.809,5092.148,329.342,-179.717,-0.998973,0.001524,-0.045289,-0.004940,-0.997141,0.075402,-0.045045,0.075549,0.996124,0,0.19741,0.92329,7.706,0.179,-1,-1,-1,397.122,-1,557.502,458.197,526.930,331.149,-1,-1,-1,-1,-1,-1,-1,-1,2,2,2,1,2,0,1,0,0,2,2,2,2,2,2,2,2
190,-8967.488,5091.398,329.636,-179.535,-0.998834,0.004476,-0.048063,-0.008098,-0.997118,0.075440,-0.047586,0.075741,0.995991,0,0.19741,0.92329,7.716,0.181,-1,-1,-1,390.320,-1,555.816,451.075,529.082,333.844,-1,-1,-1,-1,-1,-1,-1,-1,2,2,2,1,2,0,1,0,0,2,2,2,2,2,2,2,2
191,-8975.191,5090.596,329.807,-179.354,-0.998688,0.007447,-0.050664,-0.011254,-0.997098,0.075290,-0.049956,0.075761,0.995874,0,0.19741,0.92329,7.745,0.181,-1,-1,-1,383.498,-1,554.203,443.896,530.537,336.525,-1,-1,-1,-1,-1,-1,-1,-1,2,2,2,1,2,0,1,0,0,2,2,2,2,2,2,2,2
192,-8982.965,5089.734,329.809,-179.169,-0.998551,0.010532,-0.052777,-0.014488,-0.997068,0.075137,-0.051831,0.075793,0.995776,0,0.19741,0.92329,7.821,0.186,-1,-1,-1,376.614,-1,553.551,436.609,531.554,338.985,-1,-1,-1,-1,-1,-1,-1,-1,2,2,2,1,2,0,1,0,0,2,2,2,2,2,2,2,2
193,-8990.804,5088.749,329.654,-178.959,-0.998429,0.014058,-0.054247,-0.018139,-0.996982,0.075487,-0.053022,0.076352,0.995670,0,0.19741,0.92329,7.900,0.210,-1,-1,-1,369.745,-1,554.493,429.364,533.041,340.831,-1,-1,-1,-1,-1,-1,-1,-1,2,2,2,1,2,0,1,0,0,2,2,2,2,2,2,2,2
194,-8998.641,5087.616,329.435,-178.714,-0.998318,0.018205,-0.055037,-0.022404,-0.996806,0.076657,-0.053466,0.077761,0.995537,0,0.19741,0.92329,7.918,0.245,-1,-1,-1,363.002,-1,557.511,422.323,536.263,342.643,-1,-1,-1,-1,-1,-1,-1,-1,2,2,2,1,2,0,1,0,0,2,2,2,2,2,2,2,2
195,-9006.476,5086.428,329.227,-178.463,-0.998217,0.022501,-0.055283,-0.026784,-0.996593,0.078012,-0.053339,0.079354,0.995418,0,0.19741,0.92329,7.924,0.251,-1,-1,-1,356.281,-1,562.311,566.933,540.009,344.897,-1,-1,-1,-1,-1,-1,-1,-1,2,2,2,1,2,0,0,0,0,2,2,2,2,2,2,2,2
196,-9014.301,5085.174,329.075,-178.203,-0.998098,0.026962,-0.055438,-0.031307,-0.996378,0.079064,-0.053105,0.080649,0.995327,0,0.19741,0.92329,7.925,0.260,-1,-1,-1,349.615,-1,567.485,567.808,543.244,347.601,-1,-1,-1,-1,-1,-1,-1,-1,2,2,2,1,2,0,0,0,0,2,2,2,2,2,2,2,2
197,-9022.076,5083.773,329.012,-177.920,-0.997923,0.031817,-0.056013,-0.036237,-0.996156,0.079754,-0.053260,0.081618,0.995240,0,0.19741,0.92329,7.901,0.283,-1,-1,-1,343.137,-1,574.100,570.656,545.863,350.864,-1,-1,-1,-1,-1,-1,-1,-1,2,2,2,1,2,0,0,0,0,2,2,2,2,2,2,2,2
198,-9029.811,5082.277,329.053,-177.631,-0.997691,0.036765,-0.057097,-0.041269,-0.995955,0.079818,-0.053932,0.081991,0.995173,0,0.19741,0.92329,7.878,0.289,-1,-1,-1,336.775,-1,580.281,572.437,547.307,354.895,-1,-1,-1,-1,-1,-1,-1,-1,2,2,2,1,2,0,0,0,0,2,2,2,2,2,2,2,2
199,-9037.517,5080.711,329.190,-177.344,-0.997410,0.041680,-0.058610,-0.046266,-0.995785,0.079194,-0.055062,0.081700,0.995135,0,0.19741,0.92329,7.864,0.287,-1,-1,-1,330.483,-1,584.545,573.455,547.421,359.679,-1,-1,-1,-1,-1,-1,-1,-1,2,2,2,1,2,0,0,0,0,2,2,2,2,2,2,2,2
200,-9045.192,5079.115,329.406,-177.068,-0.997094,0.046428,-0.060404,-0.051068,-0.995669,0.077682,-0.056536,0.080541,0.995147,0,0.19741,0.92329,7.840,0.276,-1,-1,-1,324.215,-1,587.320,573.975,546.176,365.298,-1,-1,-1,-1,-1,-1,-1,-1,2,2,2,1,2,0,0,0,0,2,2,2,2,2,2,2,2
201,-9052.739,5077.467,329.763,-176.796,-0.996730,0.051110,-0.062588,-0.055789,-0.995588,0.075452,-0.058456,0.078697,0.995183,0,0.19741,0.92329,7.725,0.272,-1,-1,-1,318.100,-1,588.364,573.865,543.828,371.816,-1,-1,-1,-1,-1,-1,-1,-1,2,2,2,1,2,0,0,0,0,2,2,2,2,2,2,2,2
202,-9060.229,5075.714,330.240,-176.512,-0.996340,0.056035,-0.064553,-0.060736,-0.995457,0.073322,-0.060151,0.076974,0.995217,0,0.19741,0.92329,7.693,0.285,-1,-1,-1,312.123,-1,590.696,574.608,542.088,378.567,-1,-1,-1,-1,-1,-1,-1,-1,2,2,2,1,2,0,0,0,0,2,2,2,2,2,2,2,2
203,-9067.762,5073.841,330.759,-176.205,-0.995953,0.061366,-0.065660,-0.066066,-0.995215,0.071987,-0.060928,0.076033,0.995242,0,0.19741,0.92329,7.762,0.307,-1,1007.382,-1,306.204,-1,597.152,577.598,542.291,384.863,-1,-1,-1,-1,-1,-1,-1,-1,2,0,2,1,2,0,0,0,0,2,2,2,2,2,2,2,2
204,-9075.325,5071.927,331.280,-175.890,-0.995585,0.066873,-0.065866,-0.071536,-0.994895,0.071183,-0.060769,0.075580,0.995286,0,0.19741,0.92329,7.802,0.315,-1,-1,-1,300.283,-1,607.414,582.808,543.687,390.838,-1,-1,-1,-1,-1,-1,-1,-1,2,2,2,1,2,0,0,0,0,2,2,2,2,2,2,2,2
205,-9084.449,5069.502,331.848,-175.492,-0.995139,0.073868,-0.065130,-0.078464,-0.994379,0.071084,-0.059513,0.075849,0.995342,0,0.19741,0.92329,9.441,0.398,-1,-1,-1,293.243,-1,620.735,591.435,547.734,397.661,-1,-1,-1,-1,-1,-1,-1,-1,2,2,2,1,2,0,0,0,0,2,2,2,2,2,2,2,2
206,-9090.555,5067.823,332.180,-175.214,-0.994838,0.078760,-0.063982,-0.083295,-0.993949,0.071599,-0.057956,0.076559,0.995379,0,0.19741,0.92329,6.332,0.278,-1,-1,-1,298.791,-1,634.312,598.813,551.887,401.821,-1,-1,-1,-1,-1,-1,-1,-1,2,2,2,1,2,0,0,0,0,2,2,2,2,2,2,2,2
207,-9098.204,5065.675,332.541,-174.866,-0.994453,0.084921,-0.062067,-0.089355,-0.993354,0.072545,-0.055494,0.077689,0.995432,0,0.25010,0.86785,7.945,0.348,-1,-1,-1,695.371,-1,658.588,611.088,557.620,406.731,-1,-1,-1,-1,-1,-1,-1,-1,2,2,2,0,2,0,0,0,0,2,2,2,2,2,2,2,2
208,-9105.918,5063.502,332.817,-174.533,-0.994061,0.090847,-0.059918,-0.095135,-0.992778,0.073081,-0.052846,0.078347,0.995525,0,0.25010,0.86785,8.014,0.332,-1,-1,-1,701.877,-1,685.024,627.849,561.926,411.825,-1,-1,-1,-1,-1,-1,-1,-1,2,2,2,0,2,0,0,0,0,2,2,2,2,2,2,2,2
209,-9113.658,5061.263,332.988,-174.207,-0.993622,0.096677,-0.058040,-0.100807,-0.992222,0.073036,-0.050528,0.078421,0.995639,0,0.25010,0.86785,8.058,0.326,-1,-1,-1,708.351,-1,710.076,643.502,564.278,417.363,-1,-1,-1,-1,-1,-1,-1,-1,2,2,2,0,2,0,0,0,0,2,2,2,2,2,2,2,2
210,-9121.434,5058.955,333.047,-173.886,-0.993136,0.102423,-0.056490,-0.106383,-0.991698,0.072231,-0.048623,0.077745,0.995787,0,0.25010,0.86785,8.111,0.321,-1,-1,-1,717.096,-1,733.943,657.669,564.183,423.530,-1,-1,-1,-1,-1,-1,-1,-1,2,2,2,0,2,0,0,0,0,2,2,2,2,2,2,2,2
211,-9129.236,5056.547,333.003,-173.563,-0.992592,0.108185,-0.055296,-0.111980,-0.991180,0.070874,-0.047141,0.076541,0.995951,0,0.25010,0.86785,8.166,0.323,-1,-1,-1,725.035,-1,758.480,670.202,562.267,430.156,-1,-1,-1,-1,-1,-1,-1,-1,2,2,2,0,2,0,0,0,0,2,2,2,2,2,2,2,2
212,-9137.076,5054.046,332.883,-173.240,-0.992001,0.113969,-0.054274,-0.117595,-0.990654,0.069111,-0.045891,0.074941,0.996131,0,0.25010,0.86785,8.229,0.324,-1,-1,-1,733.006,-1,778.531,682.984,559.035,437.182,-1,-1,-1,-1,-1,-1,-1,-1,2,2,2,0,2,0,0,0,0,2,2,2,2,2,2,2,2
213,-9144.949,5051.475,332.743,-172.914,-0.991372,0.119794,-0.053198,-0.123241,-0.990107,0.067086,-0.044636,0.073064,0.996328,0,0.25010,0.86785,8.282,0.326,-1,-1,-1,742.304,-1,798.077,701.492,555.070,444.612,-1,-1,-1,-1,-1,-1,-1,-1,2,2,2,0,2,0,0,0,0,2,2,2,2,2,2,2,2
214,-9152.767,5048.868,332.710,-172.592,-0.990709,0.125560,-0.052247,-0.128820,-0.989564,0.064566,-0.043595,0.070696,0.996545,0,0.25010,0.86785,8.241,0.322,-1,-1,-1,751.788,-1,816.792,718.419,550.238,452.849,-1,-1,-1,-1,-1,-1,-1,-1,2,2,2,0,2,0,0,0,0,2,2,2,2,2,2,2,2
215,-9160.591,5046.132,332.790,-172.255,-0.989985,0.131559,-0.051195,-0.134638,-0.988940,0.062213,-0.042444,0.068483,0.996749,0,0.25010,0.86785,8.289,0.336,-1,-1,-1,762.050,-1,834.424,736.687,546.216,461.400,-1,-1,-1,-1,-1,-1,-1,-1,2,2,2,0,2,0,0,0,0,2,2,2,2,2,2,2,2
216,-9168.544,5043.265,332.869,-171.908,-0.989222,0.137774,-0.049571,-0.140655,-0.988223,0.060261,-0.040685,0.066584,0.996951,0,0.25010,0.86785,8.454,0.348,-1,-1,-1,776.570,-1,855.016,758.180,543.124,469.763,-1,-1,-1,-1,-1,-1,-1,-1,2,2,2,0,2,0,0,0,0,2,2,2,2,2,2,2,2
217,-9176.686,5040.287,332.817,-171.556,-0.988453,0.144085,-0.046908,-0.146734,-0.987414,0.059008,-0.037816,0.065209,0.997155,0,0.25010,0.86785,8.669,0.351,-1,-1,-1,795.658,-1,882.164,785.453,541.152,477.531,-1,-1,-1,-1,-1,-1,-1,-1,2,2,2,0,2,0,0,0,0,2,2,2,2,2,2,2,2
218,-9184.931,5037.245,332.636,-171.193,-0.987620,0.150630,-0.043795,-0.153019,-0.986545,0.057569,-0.034534,0.063558,0.997380,0,0.25010,0.86785,8.788,0.363,-1,-1,-1,814.210,-1,907.582,817.016,538.145,485.660,-1,-1,-1,-1,-1,-1,-1,-1,2,2,2,0,2,0,0,0,0,2,2,2,2,2,2,2,2
219,-9193.247,5034.055,332.303,-170.828,-0.986730,0.157188,-0.040699,-0.159316,-0.985653,0.055740,-0.031353,0.061484,0.997615,0,0.25010,0.86785,8.907,0.365,-1,-1,-1,833.014,-1,919.455,848.686,533.682,494.206,-1,-1,-1,-1,-1,-1,-1,-1,2,2,2,0,2,1,0,0,0,2,2,2,2,2,2,2,2
220,-9201.701,5030.736,331.763,-170.465,-0.985798,0.163721,-0.037373,-0.165581,-0.984732,0.053718,-0.028007,0.059144,0.997856,0,0.25010,0.86785,9.082,0.363,-1,-1,-1,853.311,-1,907.886,878.247,528.074,502.937,-1,-1,-1,-1,-1,-1,-1,-1,2,2,2,0,2,1,0,0,0,2,2,2,2,2,2,2,2
221,-9210.308,5027.299,331.022,-170.100,-0.984816,0.170291,-0.033729,-0.171878,-0.983762,0.051674,-0.024382,0.056687,0.998094,0,0.25010,0.86785,9.267,0.365,-1,-1,-1,877.402,-1,896.949,897.318,521.746,511.707,-1,-1,-1,-1,-1,-1,-1,-1,2,2,2,0,2,1,0,0,0,2,2,2,2,2,2,2,2
222,-9219.060,5023.742,330.114,-169.730,-0.983772,0.176928,-0.029823,-0.178247,-0.982730,0.049688,-0.020517,0.054198,0.998319,0,0.25010,0.86785,9.447,0.370,-1,-1,-1,903.123,-1,885.903,913.937,515.004,520.116,-1,-1,-1,-1,-1,-1,-1,-1,2,2,2,0,2,1,0,0,0,2,2,2,2,2,2,2,2
223,-9227.926,5020.091,329.158,-169.353,-0.982642,0.183631,-0.026364,-0.184729,-0.981610,0.048133,-0.017041,0.052167,0.998493,0,0.25010,0.86785,9.588,0.377,-1,-1,-1,928.448,-1,874.952,929.472,509.236,528.162,-1,-1,-1,-1,-1,-1,-1,-1,2,2,2,0,2,1,0,0,0,2,2,2,2,2,2,2,2
224,-9236.880,5016.429,328.335,-168.967,-0.981405,0.190356,-0.024665,-0.191354,-0.980355,0.047835,-0.015074,0.051665,0.998551,0,0.25010,0.86785,9.674,0.386,-1,-1,-1,946.257,-1,864.479,940.133,507.159,534.516,-1,-1,-1,-1,-1,-1,-1,-1,2,2,2,0,2,1,0,0,0,2,2,2,2,2,2,2,2
225,-9245.968,5012.826,327.606,-168.574,-0.980079,0.197089,-0.024509,-0.198090,-0.978953,0.049108,-0.014315,0.052984,0.998493,0,0.25010,0.86785,9.776,0.393,-1,-1,-1,957.765,-1,854.327,946.628,509.315,538.645,-1,-1,-1,-1,-1,-1,-1,-1,2,2,2,0,2,1,0,0,0,2,2,2,2,2,2,2,2
226,-9255.116,5009.276,327.000,-168.186,-0.978705,0.203602,-0.026131,-0.204717,-0.977474,0.051348,-0.015088,0.055604,0.998339,0,0.25010,0.86785,9.813,0.388,-1,-1,-1,962.240,-1,844.630,947.684,514.643,541.089,-1,-1,-1,-1,-1,-1,-1,-1,2,2,2,0,2,1,0,0,0,2,2,2,2,2,2,2,2
227,-9264.336,5005.732,326.486,-167.799,-0.977267,0.209977,-0.029314,-0.211316,-0.975903,0.054399,-0.017186,0.059356,0.998089,0,0.25010,0.86785,9.878,0.387,-1,-1,-1,960.064,-1,835.298,943.694,522.800,503.883,-1,-1,-1,-1,-1,-1,-1,-1,2,2,2,0,2,1,0,0,1,2,2,2,2,2,2,2,2
228,-9273.701,5002.172,325.936,-167.412,-0.975770,0.216253,-0.033273,-0.217904,-0.974214,0.058519,-0.019760,0.064352,0.997732,0,0.25010,0.86785,10.019,0.387,-1,-1,-1,953.492,-1,825.991,937.742,533.935,485.931,-1,-1,-1,-1,-1,-1,-1,-1,2,2,2,0,2,1,0,0,1,2,2,2,2,2,2,2,2
229,-9283.230,4998.587,325.235,-167.021,-0.974218,0.222522,-0.037199,-0.224541,-0.972364,0.063946,-0.021941,0.070650,0.997260,0,0.25010,0.86785,10.181,0.391,-1,-1,-1,946.767,-1,941.467,932.570,548.198,468.065,-1,-1,-1,-1,-1,-1,-1,-1,2,2,2,0,2,0,0,0,1,2,2,2,2,2,2,2,2
230,-9292.904,4994.981,324.400,-166.627,-0.972613,0.228817,-0.040822,-0.231233,-0.970366,0.070150,-0.023561,0.077668,0.996701,0,0.25010,0.86785,10.324,0.394,-1,-1,-1,941.201,-1,934.716,928.596,564.501,450.203,-1,-1,-1,977.473,-1,-1,-1,-1,2,2,2,0,2,0,0,0,1,2,2,2,0,2,2,2,2
231,-9302.539,4991.429,323.437,-166.243,-0.970993,0.234878,-0.044767,-0.237724,-0.968412,0.075267,-0.025674,0.083726,0.996158,0,-0.14668,0.45033,10.269,0.383,-1,-1,-1,934.240,-1,926.013,919.937,578.467,432.728,-1,-1,-1,949.921,-1,-1,-1,-1,2,2,2,0,2,0,0,0,1,2,2,2,0,2,2,2,2
232,-9313.685,4987.354,322.189,-165.846,-0.969191,0.240924,-0.051228,-0.244410,-0.966470,0.078732,-0.030542,0.088827,0.995579,0,-0.14668,0.45033,11.867,0.397,-1,-1,-1,918.485,-1,908.049,902.688,589.448,413.513,-1,-1,-1,940.788,-1,-1,-1,-1,2,2,2,0,2,0,0,0,1,2,2,2,0,2,2,2,2
233,-9320.910,4984.642,321.269,-165.592,-0.967970,0.244680,-0.056272,-0.248672,-0.965230,0.080582,-0.034598,0.091994,0.995158,0,-0.14668,0.45033,7.718,0.254,-1,-1,-1,906.495,-1,893.598,827.134,597.712,401.372,-1,-1,-1,940.228,-1,-1,-1,-1,2,2,2,0,2,0,1,0,1,2,2,2,0,2,2,2,2
234,-9329.662,4981.241,320.012,-165.265,-0.966325,0.249391,-0.063412,-0.254147,-0.963571,0.083311,-0.040325,0.096622,0.994504,0,-0.14668,0.45033,9.389,0.328,-1,-1,-1,889.003,-1,873.747,818.055,610.965,386.799,-1,-1,-1,939.419,-1,-1,-1,-1,2,2,2,0,2,0,1,0,1,2,2,2,0,2,2,2,2
235,-9338.285,4977.961,318.655,-164.955,-0.964707,0.253712,-0.070500,-0.259301,-0.961912,0.086539,-0.045859,0.101765,0.993751,0,-0.14668,0.45033,9.226,0.309,-1,-1,-1,871.556,-1,854.492,803.733,626.269,372.743,-1,-1,-1,934.529,-1,-1,-1,-1,2,2,2,0,2,0,1,0,1,2,2,2,0,2,2,2,2
236,-9346.811,4974.770,317.254,-164.654,-0.963101,0.257787,-0.077343,-0.264300,-0.960141,0.090961,-0.050812,0.108046,0.992846,0,-0.14668,0.45033,9.103,0.301,-1,-1,-1,855.090,-1,837.315,744.144,646.560,359.071,-1,-1,-1,920.594,-1,-1,-1,-1,2,2,2,0,2,0,1,0,1,2,2,2,0,2,2,2,2
237,-9355.210,4971.671,315.876,-164.362,-0.961503,0.261592,-0.084154,-0.269146,-0.958265,0.096378,-0.055430,0.115318,0.991781,0,-0.14668,0.45033,8.953,0.292,-1,-1,-1,837.530,-1,821.875,734.249,672.245,345.827,-1,-1,-1,900.445,-1,-1,-1,-1,2,2,2,0,2,0,1,0,1,2,2,2,0,2,2,2,2
238,-9363.498,4968.657,314.585,-164.080,-0.959918,0.265074,-0.091070,-0.273797,-0.956318,0.102426,-0.059941,0.123255,0.990563,0,-0.14668,0.45033,8.819,0.282,-1,-1,-1,820.316,-1,807.573,726.040,704.736,332.994,-1,-1,-1,877.651,-1,-1,-1,-1,2,2,2,0,2,0,1,0,1,2,2,2,0,2,2,2,2
239,-9371.672,4965.683,313.611,-163.812,-0.958411,0.268414,-0.096960,-0.278226,-0.954420,0.108036,-0.063542,0.130520,0.989407,0,-0.14668,0.45033,8.698,0.268,-1,-1,-1,808.183,-1,796.842,717.653,763.220,320.348,-1,-1,-1,855.876,-1,-1,-1,-1,2,2,2,0,2,0,1,0,1,2,2,2,0,2,2,2,2
240,-9379.658,4962.721,313.123,-163.553,-0.957014,0.271938,-0.100870,-0.282525,-0.952685,0.112118,-0.065608,0.135796,0.988562,0,-0.14668,0.45033,8.518,0.259,-1,-1,-1,802.686,-1,791.264,708.925,818.244,307.723,-1,-1,-1,838.754,-1,-1,-1,-1,2,2,2,0,2,0,1,0,1,2,2,2,0,2,2,2,2
241,-9387.404,4959.725,313.070,-163.304,-0.955740,0.275653,-0.102842,-0.286656,-0.951164,0.114520,-0.066252,0.138932,0.988083,0,-0.14668,0.45033,8.305,0.248,-1,-1,-1,803.176,-1,790.186,699.941,877.507,295.278,-1,-1,-1,826.914,-1,-1,-1,-1,2,2,2,0,2,0,1,0,1,2,2,2,0,2,2,2,2
242,-9394.867,4956.690,313.306,-163.072,-0.954596,0.279456,-0.103206,-0.290546,-0.949885,0.115330,-0.065804,0.140079,0.987951,0,-0.14668,0.45033,8.056,0.233,-1,-1,-1,808.304,-1,792.341,690.864,926.296,283.222,-1,-1,-1,820.492,-1,-1,-1,-1,2,2,2,0,2,0,1,0,1,2,2,2,0,2,2,2,2
243,-9402.020,4953.610,313.617,-162.850,-0.953529,0.283325,-0.102516,-0.294263,-0.948805,0.114795,-0.064744,0.139627,0.988085,0,-0.14668,0.45033,7.787,0.222,-1,-1,-1,816.186,-1,795.958,681.902,938.727,271.683,-1,-1,-1,819.660,-1,-1,-1,-1,2,2,2,0,2,0,1,0,1,2,2,2,0,2,2,2,2
244,-9408.846,4950.508,313.768,-162.640,-0.952515,0.287133,-0.101336,-0.297775,-0.947918,0.113057,-0.063596,0.137864,0.988407,0,-0.14668,0.45033,7.498,0.210,-1,-1,-1,824.896,-1,799.375,673.251,913.039,260.790,-1,-1,-1,824.177,-1,-1,-1,-1,2,2,2,0,2,0,1,0,1,2,2,2,0,2,2,2,2
245,-9415.343,4947.423,313.580,-162.447,-0.951569,0.290731,-0.099955,-0.301000,-0.947207,0.110443,-0.062569,0.135180,0.988843,0,-0.14668,0.45033,7.192,0.193,-1,-1,-1,833.495,-1,801.462,664.993,872.144,250.626,-1,-1,-1,831.105,-1,-1,-1,-1,2,2,2,0,2,0,1,0,1,2,2,2,0,2,2,2,2
246,-9421.517,4944.332,312.984,-162.258,-0.950639,0.294282,-0.098405,-0.304152,-0.946520,0.107662,-0.061459,0.132278,0.989305,0,-0.14668,0.45033,6.905,0.189,-1,-1,-1,841.435,-1,802.609,657.095,833.431,241.126,-1,-1,-1,836.524,-1,-1,-1,-1,2,2,2,0,2,0,1,0,1,2,2,2,0,2,2,2,2
247,-9427.357,4941.198,312.015,-162.059,-0.949660,0.298037,-0.096542,-0.307490,-0.945725,0.105136,-0.059968,0.129530,0.989761,0,-0.14668,0.45033,6.628,0.200,-1,-1,-1,849.531,-1,803.683,649.515,797.226,232.193,-1,-1,-1,837.783,-1,-1,-1,-1,2,2,2,0,2,0,1,0,1,2,2,2,0,2,2,2,2
248,-9432.920,4938.103,310.765,-161.866,-0.948741,0.301744,-0.094023,-0.310728,-0.944905,0.102972,-0.057772,0.126909,0.990231,0,-0.14668,0.45033,6.366,0.193,-1,-1,-1,857.647,-1,805.959,642.100,770.194,223.826,-1,-1,-1,834.081,-1,-1,-1,-1,2,2,2,0,2,0,1,0,1,2,2,2,0,2,2,2,2
249,-9438.274,4935.129,309.294,-161.694,-0.947955,0.305131,-0.090971,-0.313609,-0.944157,0.101084,-0.055047,0.124352,0.990710,0,-0.14668,0.45033,6.125,0.171,-1,-1,-1,866.221,-1,809.266,634.818,743.432,215.991,-1,-1,-1,826.808,-1,-1,-1,-1,2,2,2,0,2,0,1,0,1,2,2,2,0,2,2,2,2
250,-9443.420,4932.251,307.700,-161.532,-0.947208,0.308356,-0.087824,-0.316342,-0.943419,0.099436,-0.052194,0.121969,0.991161,0,-0.14668,0.45033,5.895,0.162,-1,-1,-1,874.740,-1,812.695,627.793,718.230,208.598,-1,-1,-1,817.735,-1,-1,-1,-1,2,2,2,0,2,0,1,0,1,2,2,2,0,2,2,2,2
251,-9448.301,4929.470,306.242,-161.354,-0.946294,0.311598,-0.086217,-0.319312,-0.942548,0.098200,-0.050665,0.120456,0.991425,0,-0.14668,0.45033,5.618,0.178,-1,-1,-1,879.477,-1,812.773,621.487,701.482,201.588,-1,-1,-1,811.485,-1,-1,-1,-1,2,2,2,0,2,0,1,0,1,2,2,2,0,2,2,2,2
252,-9452.923,4926.821,305.099,-161.157,-0.945168,0.314821,-0.086862,-0.322547,-0.941553,0.097169,-0.051194,0.119858,0.991470,0,-0.14668,0.45033,5.328,0.197,-1,-1,-1,877.949,-1,807.890,616.058,692.955,194.899,-1,-1,-1,811.749,-1,-1,-1,-1,2,2,2,0,2,0,1,0,1,2,2,2,0,2,2,2,2
253,-9457.324,4924.362,304.357,-160.952,-0.943888,0.317917,-0.089463,-0.325898,-0.940490,0.096273,-0.053532,0.120027,0.991326,0,-0.14668,0.45033,5.041,0.206,-1,-1,-1,871.269,-1,799.117,611.377,691.087,188.458,-1,-1,-1,818.536,-1,-1,-1,-1,2,2,2,0,2,0,1,0,1,2,2,2,0,2,2,2,2
254,-9461.853,4921.857,303.979,-160.733,-0.942519,0.321118,-0.092416,-0.329447,-0.939249,0.096307,-0.055876,0.121218,0.991052,0,0.36462,0.99177,5.175,0.218,-1,-1,-1,864.800,-1,791.530,606.583,698.167,181.848,-1,-1,-1,823.366,-1,-1,-1,-1,2,2,2,0,2,0,1,0,1,2,2,2,0,2,2,2,2
255,-9466.938,4919.040,303.836,-160.491,-0.941065,0.324816,-0.094297,-0.333424,-0.937735,0.097370,-0.056798,0.123073,0.990771,0,0.36462,0.99177,5.814,0.243,-1,-1,-1,862.468,-1,788.560,600.792,712.522,174.484,-1,-1,-1,820.993,-1,-1,-1,-1,2,2,2,0,2,0,1,0,1,2,2,2,0,2,2,2,2
256,-9472.503,4915.952,303.781,-160.235,-0.939560,0.328825,-0.095401,-0.337615,-0.936126,0.098406,-0.056949,0.124667,0.990563,0,0.36462,0.99177,6.364,0.256,-1,-1,-1,862.768,-1,787.880,594.224,728.034,166.545,-1,-1,-1,819.529,-1,-1,-1,-1,2,2,2,0,2,0,1,0,1,2,2,2,0,2,2,2,2
257,-9478.430,4912.601,303.697,-159.965,-0.937948,0.333113,-0.096378,-0.342028,-0.934491,0.098709,-0.057183,0.125548,0.990438,0,0.36462,0.99177,6.809,0.270,-1,-1,-1,863.465,-1,786.737,587.209,738.343,158.207,-1,-1,-1,823.367,-1,-1,-1,-1,2,2,2,0,2,0,1,0,1,2,2,2,0,2,2,2,2
258,-9484.625,4908.956,303.495,-159.671,-0.936132,0.337787,-0.097759,-0.346827,-0.932779,0.098158,-0.058031,0.125794,0.990358,0,0.36462,0.99177,7.188,0.294,-1,-1,-1,862.905,-1,783.396,780.906,742.700,149.576,-1,-1,-1,831.114,-1,-1,-1,-1,2,2,2,0,2,0,0,0,1,2,2,2,0,2,2,2,2
259,-9491.008,4904.939,303.129,-159.330,-0.933972,0.343171,-0.099651,-0.352360,-0.930831,0.096939,-0.059492,0.125651,0.990289,0,0.36462,0.99177,7.541,0.341,-1,1004.791,-1,860.889,-1,777.640,775.563,742.123,140.709,-1,-1,-1,841.583,-1,-1,-1,-1,2,0,2,0,2,0,0,0,1,2,2,2,0,2,2,2,2
260,-9497.528,4900.528,302.610,-158.937,-0.931425,0.349373,-0.101913,-0.358719,-0.928583,0.095155,-0.061390,0.125187,0.990232,0,0.36462,0.99177,7.872,0.393,-1,990.675,-1,857.918,-1,769.458,768.657,737.255,131.692,-1,-1,-1,854.489,-1,-1,-1,-1,2,0,2,0,2,0,0,0,1,2,2,2,0,2,2,2,2
261,-9504.252,4895.802,301.889,-158.515,-0.928623,0.355992,-0.104540,-0.365512,-0.926149,0.092994,-0.063714,0.124567,0.990163,0,0.36462,0.99177,8.218,0.422,-1,972.889,-1,853.886,-1,759.396,760.255,729.615,122.550,-1,-1,-1,869.568,-1,-1,-1,-1,2,0,2,0,2,0,0,0,1,2,2,2,0,2,2,2,2
262,-9511.234,4890.793,300.918,-158.063,-0.925567,0.363028,-0.107408,-0.372769,-0.923438,0.091135,-0.066100,0.124390,0.990029,0,0.36462,0.99177,8.593,0.452,-1,954.766,-1,849.004,-1,748.810,751.042,723.369,133.155,-1,-1,-1,883.272,-1,-1,-1,-1,2,0,2,0,2,0,0,0,1,2,2,2,0,2,2,2,2
263,-9518.486,4885.476,299.743,-157.591,-0.922328,0.370314,-0.110357,-0.380321,-0.920482,0.089826,-0.068318,0.124820,0.989825,0,0.36462,0.99177,8.993,0.472,-1,938.626,-1,843.816,-1,738.536,741.674,720.249,120.738,-1,-1,-1,894.183,-1,-1,-1,-1,2,0,2,0,2,0,0,0,1,2,2,2,0,2,2,2,2
264,-9527.562,4878.713,298.167,-157.018,-0.918336,0.379157,-0.113576,-0.389466,-0.916772,0.088570,-0.070541,0.125571,0.989574,0,0.36476,0.99177,11.318,0.573,-1,922.462,-1,835.663,-1,727.159,731.330,717.702,479.015,-1,-1,-1,904.886,-1,-1,-1,-1,2,0,2,0,2,0,0,0,0,2,2,2,0,2,2,2,2
265,-9533.812,4874.006,297.125,-156.633,-0.915617,0.385106,-0.115498,-0.395592,-0.914222,0.087776,-0.071788,0.126059,0.989422,0,0.36604,0.99177,7.825,0.385,-1,913.311,-1,830.551,-1,720.301,725.541,716.395,475.626,-1,-1,-1,911.159,-1,-1,-1,-1,2,0,2,0,2,0,0,0,0,2,2,2,0,2,2,2,2
266,-9541.816,4867.944,295.930,-156.145,-0.912107,0.392658,-0.117813,-0.403327,-0.910967,0.086404,-0.073397,0.126327,0.989270,0,0.34846,0.48887,10.040,0.488,-1,901.766,-1,824.593,-1,711.885,718.051,713.399,470.573,-1,-1,-1,921.141,-1,-1,-1,-1,2,0,2,0,2,0,0,0,0,2,2,2,0,2,2,2,2
267,-9550.090,4861.836,294.854,-155.681,-0.908646,0.399810,-0.120477,-0.410635,-0.907917,0.084059,-0.075775,0.125852,0.989151,0,0.34947,0.48887,10.283,0.464,-1,886.370,-1,817.626,-1,702.106,708.865,706.835,465.770,-1,-1,-1,937.541,-1,-1,-1,-1,2,0,2,0,2,0,0,0,0,2,2,2,0,2,2,2,2
268,-9558.681,4855.638,293.802,-155.234,-0.905203,0.406538,-0.123836,-0.417602,-0.904949,0.081708,-0.078848,0.125677,0.988933,0,0.35039,0.48887,10.593,0.446,-1,869.107,-1,808.901,-1,691.160,698.414,703.183,461.828,-1,-1,-1,957.492,-1,-1,-1,-1,2,0,2,0,2,0,0,0,0,2,2,2,0,2,2,2,2
269,-9567.542,4849.294,292.725,-154.789,-0.901653,0.413060,-0.128075,-0.424501,-0.901912,0.079710,-0.082587,0.126238,0.988556,0,0.35124,0.48887,10.898,0.446,-1,850.548,-1,797.826,-1,678.518,686.531,704.530,456.660,-1,-1,-1,979.237,-1,-1,-1,-1,2,0,2,0,2,0,0,0,0,2,2,2,0,2,2,2,2
270,-9576.685,4842.810,291.604,-154.342,-0.897988,0.419444,-0.132980,-0.431365,-0.898807,0.077917,-0.086841,0.127331,0.988051,0,0.35207,0.48887,11.209,0.447,-1,831.137,-1,454.883,-1,664.870,673.628,709.317,450.561,-1,-1,-1,1001.013,-1,-1,-1,-1,2,0,2,1,2,0,0,0,0,2,2,2,0,2,2,2,2
271,-9586.132,4836.178,290.436,-153.900,-0.894277,0.425644,-0.138189,-0.438098,-0.895687,0.076252,-0.091318,0.128731,0.987466,0,0.35288,0.48887,11.543,0.442,-1,812.018,-1,435.438,-1,651.132,660.443,716.294,443.900,-1,-1,-1,-1,-1,-1,-1,-1,2,0,2,1,2,0,0,0,0,2,2,2,2,2,2,2,2
272,-9595.886,4829.391,289.225,-153.467,-0.890560,0.431656,-0.143445,-0.444657,-0.892588,0.074611,-0.095831,0.130230,0.986842,0,0.35366,0.48887,11.883,0.433,-1,793.749,-1,415.919,-1,637.733,647.398,724.262,437.015,-1,-1,-1,-1,-1,-1,-1,-1,2,0,2,1,2,0,0,0,0,2,2,2,2,2,2,2,2
273,-9605.920,4822.506,288.070,-153.048,-0.886883,0.437382,-0.148782,-0.450952,-0.889555,0.073032,-0.100407,0.131864,0.986169,0,0.35439,0.48887,12.169,0.419,-1,776.648,-1,402.893,-1,624.892,634.757,734.585,430.095,-1,-1,-1,-1,-1,-1,-1,-1,2,0,2,1,2,0,0,0,0,2,2,2,2,2,2,2,2
274,-9616.159,4815.436,287.035,-152.634,-0.883183,0.443054,-0.153921,-0.457130,-0.886557,0.071055,-0.104979,0.133116,0.985525,0,0.35506,0.48887,12.443,0.414,-1,760.339,-1,390.614,-1,612.669,622.786,744.587,424.046,-1,-1,-1,-1,-1,-1,-1,-1,2,0,2,1,2,0,0,0,0,2,2,2,2,2,2,2,2
275,-9626.682,4808.191,285.859,-152.244,-0.879608,0.448398,-0.158840,-0.462898,-0.883754,0.068592,-0.109618,0.133861,0.984919,0,0.35570,0.48887,12.775,0.390,-1,743.629,-1,717.805,-1,600.440,610.890,750.700,419.631,-1,-1,-1,-1,-1,-1,-1,-1,2,0,2,0,2,0,0,0,0,2,2,2,2,2,2,2,2
276,-9637.412,4800.782,284.478,-151.860,-0.875965,0.453614,-0.164070,-0.468515,-0.881017,0.065587,-0.114797,0.134321,0.984266,0,0.35625,0.48887,13.040,0.385,-1,724.640,-1,703.690,-1,587.012,597.894,753.461,415.122,-1,-1,-1,-1,-1,-1,-1,-1,2,0,2,0,2,0,0,0,0,2,2,2,2,2,2,2,2
277,-9648.311,4793.180,282.940,-151.473,-0.872177,0.458813,-0.169700,-0.474091,-0.878291,0.061990,-0.120604,0.134519,0.983544,0,0.35676,0.48887,13.288,0.387,-1,703.421,-1,687.250,-1,572.345,583.577,753.242,410.580,-1,-1,-1,-1,-1,-1,-1,-1,2,0,2,0,2,0,0,0,0,2,2,2,2,2,2,2,2
278,-9659.415,4785.353,281.263,-151.082,-0.868275,0.464054,-0.175363,-0.479673,-0.875517,0.058175,-0.126537,0.134629,0.982784,0,0.35727,0.48887,13.586,0.391,-1,682.221,-1,670.699,-1,557.842,568.910,751.695,407.749,-1,-1,-1,-1,-1,-1,-1,-1,2,0,2,0,2,0,0,0,0,2,2,2,2,2,2,2,2
279,-9670.763,4777.374,279.454,-150.709,-0.864409,0.468948,-0.181339,-0.484913,-0.872882,0.054191,-0.132875,0.134777,0.981926,0,0.35777,0.48887,13.872,0.373,-1,661.060,-1,653.472,-1,542.951,553.781,750.273,404.955,-1,-1,-1,-1,-1,-1,-1,-1,2,0,2,0,2,0,0,0,0,2,2,2,2,2,2,2,2
280,-9682.397,4769.276,277.538,-150.349,-0.860574,0.473514,-0.187607,-0.489889,-0.870320,0.050515,-0.139359,0.135379,0.980944,0,0.35821,0.48887,14.175,0.360,-1,640.783,-1,635.951,-1,528.174,538.823,752.176,401.319,-1,-1,-1,-1,-1,-1,-1,-1,2,0,2,0,2,0,0,0,0,2,2,2,2,2,2,2,2
281,-9694.323,4761.082,275.528,-149.987,-0.856679,0.477902,-0.194192,-0.494853,-0.867664,0.047749,-0.145674,0.137003,0.979801,0,0.35858,0.48887,14.469,0.361,-1,622.559,-1,618.438,-1,513.959,524.352,761.407,396.158,-1,-1,-1,-1,-1,993.938,-1,-1,2,0,2,0,2,0,0,0,0,2,2,2,2,2,0,2,2
282,-9706.498,4752.719,273.526,-149.641,-0.852834,0.481854,-0.201221,-0.499538,-0.865091,0.045601,-0.152102,0.139408,0.978484,0,0.35894,0.48887,14.770,0.347,-1,605.624,-1,600.814,-1,500.275,510.090,777.646,390.009,-1,-1,-1,-1,-1,961.015,-1,-1,2,0,2,0,2,0,0,0,0,2,2,2,2,2,0,2,2
283,-9718.918,4744.213,271.525,-149.302,-0.848961,0.485647,-0.208354,-0.504046,-0.862597,0.043185,-0.158753,0.141683,0.977100,0,0.35923,0.48887,15.053,0.339,-1,588.750,-1,583.876,-1,486.720,495.963,798.070,384.760,-1,-1,-1,-1,-1,927.474,-1,-1,2,0,2,0,2,0,0,0,0,2,2,2,2,2,0,2,2
284,-9731.480,4735.603,269.617,-148.963,-0.844928,0.489371,-0.215901,-0.508422,-0.860179,0.039988,-0.166145,0.143555,0.975596,0,0.28345,0.63981,15.230,0.338,-1,570.662,-1,565.543,-1,472.549,481.357,814.245,381.893,-1,-1,-1,-1,-1,893.366,-1,-1,2,0,2,0,2,0,0,0,0,2,2,2,2,2,0,2,2
285,-9744.102,4726.917,267.898,-148.631,-0.840825,0.493096,-0.223315,-0.512615,-0.857869,0.035860,-0.173893,0.144627,0.974086,0,0.28364,0.63981,15.321,0.332,-1,552.623,-1,548.323,-1,458.580,467.173,823.945,380.267,-1,-1,-1,-1,-1,861.953,-1,-1,2,0,2,0,2,0,0,0,0,2,2,2,2,2,0,2,2
286,-9756.918,4718.017,266.226,-148.300,-0.836877,0.496854,-0.229725,-0.516873,-0.855434,0.032791,-0.180222,0.146181,0.972703,0,0.28381,0.63981,15.603,0.331,-1,538.804,-1,533.914,924.472,447.413,455.510,839.428,378.379,-1,-1,-1,-1,-1,834.863,-1,-1,2,0,2,0,0,0,0,0,0,2,2,2,2,2,0,2,2
287,-9769.941,4708.913,264.420,-147.968,-0.833078,0.500627,-0.235275,-0.521216,-0.852870,0.030787,-0.185246,0.148277,0.971441,0,0.28397,0.63981,15.890,0.332,-1,528.551,-1,521.466,892.899,438.325,445.670,859.913,378.024,-1,-1,-1,-1,-1,811.862,-1,223.672,2,0,2,0,0,0,0,0,0,2,2,2,2,2,0,2,1
288,-9783.104,4699.631,262.485,-147.642,-0.829390,0.504329,-0.240343,-0.525502,-0.850291,0.029203,-0.189634,0.150522,0.970249,0,0.28411,0.63981,16.106,0.326,-1,519.934,-1,509.977,864.690,430.168,436.672,886.337,377.613,-1,-1,-1,-1,-1,791.672,-1,202.449,2,0,2,0,0,0,0,0,0,2,2,2,2,2,0,2,1
289,-9796.248,4690.235,260.558,-147.322,-0.825614,0.507927,-0.245707,-0.529594,-0.847825,0.026888,-0.194660,0.152324,0.968971,0,0.28424,0.63981,16.157,0.320,-1,509.835,-1,497.941,836.118,421.211,427.038,910.142,377.678,-1,-1,-1,-1,999.037,771.746,-1,181.361,2,0,2,0,0,0,0,0,0,2,2,2,2,0,0,2,1
290,-9809.433,4680.594,258.568,-146.972,-0.821532,0.511799,-0.251291,-0.534078,-0.845069,0.024898,-0.199615,0.154664,0.967591,0,0.28434,0.63981,16.334,0.350,-1,500.202,-1,485.801,806.809,412.327,417.356,935.073,377.132,-1,-1,-1,-1,969.587,752.067,-1,159.966,2,0,2,0,0,0,0,0,0,2,2,2,2,0,0,2,1
291,-9825.367,4668.705,256.058,-146.524,-0.816417,0.516624,-0.257996,-0.539889,-0.841406,0.023582,-0.204896,0.158542,0.965858,0,0.28451,0.63981,19.881,0.448,-1,491.102,-1,471.790,770.388,402.583,406.344,988.727,375.212,-1,-1,-1,-1,940.884,730.292,-1,140.307,2,0,2,0,0,0,0,0,0,2,2,2,2,0,0,2,1
292,-9836.086,4660.657,254.356,-146.228,-0.813042,0.519750,-0.262342,-0.543714,-0.838957,0.022926,-0.208178,0.161279,0.964703,0,0.28477,0.63981,13.404,0.296,-1,485.803,-1,462.966,141.150,396.524,399.377,-1,373.765,-1,-1,-1,-1,924.165,715.355,-1,127.666,2,0,2,0,1,0,0,2,0,2,2,2,2,0,0,2,1
293,-9849.549,4650.484,252.283,-145.853,-0.808717,0.523683,-0.267828,-0.548501,-0.835864,0.021858,-0.212421,0.164581,0.963219,0,0.28493,0.63981,16.874,0.374,-1,479.071,-1,452.085,114.704,388.958,390.794,-1,373.556,-1,-1,-1,-1,903.132,696.487,-1,111.739,2,0,2,0,1,0,0,2,0,2,2,2,2,0,0,2,1
294,-9863.112,4640.069,250.099,-145.457,-0.804252,0.527750,-0.273238,-0.553631,-0.832481,0.021653,-0.216038,0.168688,0.961703,0,0.28514,0.63981,17.101,0.396,-1,473.936,-1,442.440,95.491,382.137,382.743,-1,373.479,-1,-1,-1,-1,886.908,679.297,-1,853.013,2,0,2,0,1,0,0,2,0,2,2,2,2,0,0,2,0
295,-9876.809,4629.441,247.669,-145.059,-0.799903,0.531758,-0.278188,-0.558882,-0.828943,0.022481,-0.218648,0.173457,0.960263,0,0.28539,0.63981,17.336,0.399,-1,470.788,-1,433.314,78.967,377.456,375.523,-1,373.547,-1,-1,-1,-1,876.527,664.684,-1,819.876,2,0,2,0,1,0,0,2,0,2,2,2,2,0,0,2,0
296,-9890.660,4618.623,245.118,-144.684,-0.795991,0.535535,-0.282138,-0.563936,-0.825464,0.024184,-0.219944,0.178358,0.959069,0,0.28563,0.63981,17.576,0.375,-1,470.357,-1,426.164,648.971,374.631,370.809,-1,373.420,-1,-1,-1,-1,873.260,654.545,-1,796.731,2,0,2,0,0,0,0,2,0,2,2,2,2,0,0,2,0
297,-9904.539,4607.483,242.558,-144.293,-0.792087,0.539821,-0.284942,-0.569313,-0.821714,0.025854,-0.220185,0.182700,0.958196,0,0.28581,0.63981,17.796,0.390,-1,471.646,-1,420.904,634.639,373.054,367.471,-1,374.199,-1,-1,-1,-1,874.400,648.791,-1,784.153,2,0,2,0,0,0,0,2,0,2,2,2,2,0,0,2,0
298,-9921.116,4593.631,239.591,-143.790,-0.787211,0.546018,-0.286641,-0.576354,-0.816752,0.027042,-0.219349,0.186494,0.957656,0,0.28601,0.63981,21.603,0.503,-1,474.637,-1,417.075,625.682,372.446,365.148,-1,377.283,-1,-1,-1,-1,879.268,649.750,-1,783.525,2,0,2,0,0,0,0,2,0,2,2,2,2,0,0,2,0
299,-9931.926,4584.033,237.768,-143.396,-0.783379,0.551175,-0.287270,-0.581870,-0.812827,0.027206,-0.218505,0.188466,0.957463,0,0.28634,0.63981,14.456,0.394,-1,477.384,-1,415.270,623.067,372.289,364.024,-1,380.247,-1,-1,-1,-1,881.726,652.773,-1,788.944,2,0,2,0,0,0,0,2,0,2,2,2,2,0,0,2,0
300,-9944.429,4571.395,235.898,-142.692,-0.776242,0.559909,-0.289742,-0.591516,-0.805823,0.027514,-0.218075,0.192744,0.956709,0,0.28670,0.63981,17.777,0.704,-1,480.402,-1,411.082,615.632,371.095,360.718,-1,383.461,-1,-1,-1,-1,882.539,653.392,-1,790.062,2,0,2,0,0,0,0,2,0,2,2,2,2,0,0,2,0
301,-9955.686,4558.287,234.536,-141.752,-0.766450,0.571386,-0.293381,-0.604167,-0.796389,0.027327,-0.218031,0.198196,0.955605,0,0.28770,0.63981,17.278,0.939,-1,482.726,-1,406.713,607.472,369.101,356.305,-1,386.676,-1,-1,-1,-1,881.795,650.308,-1,-1,2,0,2,0,0,0,0,2,0,2,2,2,2,0,0,2,2
