timestep,x_cm,y_cm,z_cm,yaw_deg,basis_xx,basis_xy,basis_xz,basis_yx,basis_yy,basis_yz,basis_zx,basis_zy,basis_zz,teleport_flag,throttle_cmd,steering_cmd,cmd_move_cm,cmd_turn_deg,lidar_cm_0,lidar_cm_1,lidar_cm_2,lidar_cm_3,lidar_cm_4,lidar_cm_5,lidar_cm_6,lidar_cm_7,lidar_cm_8,lidar_cm_9,lidar_cm_10,lidar_cm_11,lidar_cm_12,lidar_cm_13,lidar_cm_14,lidar_cm_15,lidar_cm_16,lidar_class_0,lidar_class_1,lidar_class_2,lidar_class_3,lidar_class_4,lidar_class_5,lidar_class_6,lidar_class_7,lidar_class_8,lidar_class_9,lidar_class_10,lidar_class_11,lidar_class_12,lidar_class_13,lidar_class_14,lidar_class_15,lidar_class_16
0,-2947.726,1637.103,-52.849,-34.673,0.822103,0.567211,0.049183,-0.558174,0.819992,-0.126709,-0.112200,0.076715,0.990720,1,0.08000,-0.12000,4.800,-0.240,-1,400.000,-1,375.000,975.000,325.000,300.000,300.000,300.000,-1,-1,-1,-1,825.000,650.000,-1,-1,2,0,2,0,0,0,0,0,0,2,2,2,2,0,0,2,2
1,-2939.877,1631.575,-53.909,-35.153,0.817243,0.574125,0.049931,-0.565030,0.815304,-0.126572,-0.113377,0.075227,0.990700,0,0.16000,-0.24000,9.600,-0.480,-1,400.000,-1,375.000,975.000,325.000,300.000,300.000,300.000,-1,-1,-1,-1,825.000,650.000,-1,-1,2,0,2,0,0,0,0,0,0,2,2,2,2,0,0,2,2
2,-2928.198,1623.150,-55.511,-35.798,0.810608,0.583360,0.051056,-0.574184,0.808917,-0.126358,-0.115012,0.073111,0.990670,0,0.24000,-0.32252,14.400,-0.645,-1,400.000,-1,375.000,950.000,325.000,300.000,300.000,300.000,-1,-1,-1,-1,800.000,650.000,-1,-1,2,0,2,0,0,0,0,0,0,2,2,2,2,0,0,2,2
3,-2912.753,1611.743,-57.606,-36.443,0.803856,0.592524,0.052261,-0.583271,0.802426,-0.126122,-0.116666,0.070901,0.990637,0,0.32000,-0.32252,19.200,-0.645,-1,400.000,-1,375.000,925.000,325.000,300.000,300.000,300.000,-1,-1,-1,-1,800.000,625.000,-1,-1,2,0,2,0,0,0,0,0,0,2,2,2,2,0,0,2,2
4,-2893.608,1597.269,-60.035,-37.088,0.797064,0.601590,0.052706,-0.592298,0.795797,-0.126058,-0.117779,0.069258,0.990622,0,0.40000,-0.32252,24.000,-0.645,-1,400.000,-1,350.000,925.000,325.000,300.000,300.000,300.000,-1,-1,-1,-1,800.000,625.000,-1,-1,2,0,2,0,0,0,0,0,0,2,2,2,2,0,0,2,2
5,-2870.832,1579.642,-62.979,-37.733,0.790156,0.610586,0.053273,-0.601260,0.789072,-0.125903,-0.118911,0.067452,0.990611,0,0.48000,-0.32252,28.800,-0.645,-1,400.000,-1,350.000,900.000,325.000,300.000,300.000,300.000,-1,-1,-1,-1,775.000,625.000,-1,-1,2,0,2,0,0,0,0,0,0,2,2,2,2,0,0,2,2
6,-2844.492,1558.780,-66.717,-38.378,0.783094,0.619558,0.053955,-0.610377,0.782309,-0.124230,-0.119177,0.064350,0.990785,0,0.56000,-0.32252,33.600,-0.645,-1,400.000,-1,350.000,900.000,325.000,300.000,300.000,300.000,-1,-1,-1,-1,775.000,625.000,-1,-1,2,0,2,0,0,0,0,0,0,2,2,2,2,0,0,2,2
7,-2814.661,1534.601,-71.090,-39.023,0.775899,0.628474,0.054781,-0.619522,0.775467,-0.121834,-0.119050,0.060593,0.991038,0,0.64000,-0.32252,38.400,-0.645,-1,400.000,-1,375.000,925.000,325.000,300.000,300.000,300.000,-1,-1,-1,-1,775.000,625.000,-1,-1,2,0,2,0,0,0,0,0,0,2,2,2,2,0,0,2,2
8,-2781.409,1507.023,-76.016,-39.668,0.768582,0.637317,0.055751,-0.628631,0.768527,-0.119122,-0.118765,0.056508,0.991313,0,0.72000,-0.32252,43.200,-0.645,-1,400.000,-1,350.000,925.000,325.000,300.000,300.000,300.000,-1,-1,-1,-1,775.000,625.000,-1,-1,2,0,2,0,0,0,0,0,0,2,2,2,2,0,0,2,2
9,-2744.809,1475.968,-81.490,-40.313,0.761145,0.646084,0.056863,-0.637702,0.761486,-0.116083,-0.118300,0.052094,0.991610,0,0.80000,-0.32252,48.000,-0.645,-1,400.000,-1,350.000,950.000,325.000,300.000,300.000,300.000,-1,-1,-1,-1,775.000,625.000,-1,-1,2,0,2,0,0,0,0,0,0,2,2,2,2,0,0,2,2
10,-2704.936,1441.356,-87.532,-40.958,0.753578,0.654774,0.058234,-0.646733,0.754346,-0.112684,-0.117711,0.047254,0.991923,0,0.88000,-0.32252,52.800,-0.645,-1,400.000,-1,350.000,950.000,325.000,300.000,300.000,300.000,-1,-1,-1,-1,750.000,625.000,-1,-1,2,0,2,0,0,0,0,0,0,2,2,2,2,0,0,2,2
11,-2663.415,1404.486,-93.932,-41.603,0.745877,0.663380,0.059956,-0.655707,0.747103,-0.109021,-0.117116,0.042002,0.992230,0,0.92548,-0.32252,55.529,-0.645,-1,400.000,-1,350.000,975.000,325.000,300.000,300.000,300.000,-1,-1,-1,-1,750.000,625.000,-1,-1,2,0,2,0,0,0,0,0,0,2,2,2,2,0,0,2,2
12,-2622.312,1367.151,-100.188,-42.248,0.738062,0.671901,0.061747,-0.664684,0.739755,-0.104681,-0.116013,0.036219,0.992587,0,0.92548,-0.32252,55.529,-0.645,-1,400.000,-1,350.000,1000.000,325.000,300.000,325.000,300.000,-1,-1,-1,-1,750.000,625.000,-1,-1,2,0,2,0,0,0,0,0,0,2,2,2,2,0,0,2,2
13,-2581.631,1329.356,-106.255,-42.893,0.730135,0.680332,0.063648,-0.673681,0.732300,-0.099446,-0.114266,0.029731,0.993005,0,0.92548,-0.32252,55.529,-0.645,-1,400.000,-1,350.000,-1,325.000,300.000,325.000,300.000,-1,-1,-1,-1,725.000,625.000,-1,-1,2,0,2,0,2,0,0,0,0,2,2,2,2,0,0,2,2
14,-2541.378,1291.106,-112.406,-43.538,0.722163,0.688647,0.065159,-0.682580,0.724714,-0.094204,-0.112095,0.023554,0.993418,0,0.92548,-0.32252,55.529,-0.645,-1,400.000,-1,350.000,-1,325.000,300.000,325.000,300.000,-1,425.000,-1,-1,725.000,650.000,-1,-1,2,0,2,0,2,0,0,0,0,2,0,2,2,0,0,2,2
15,-2501.558,1252.406,-118.852,-44.183,0.714251,0.696836,0.065298,-0.691367,0.716992,-0.089069,-0.108885,0.018472,0.993883,0,0.92548,-0.32252,55.529,-0.645,-1,400.000,-1,375.000,-1,325.000,300.000,325.000,300.000,-1,350.000,950.000,-1,725.000,650.000,-1,-1,2,0,2,0,2,0,0,0,0,2,0,0,2,0,0,2,2
16,-2462.177,1213.259,-125.130,-44.828,0.706262,0.704917,0.065477,-0.699968,0.709155,-0.084525,-0.106016,0.013865,0.994268,0,0.92548,-0.32252,55.529,-0.645,-1,400.000,-1,375.000,-1,325.000,300.000,300.000,325.000,-1,350.000,675.000,-1,725.000,650.000,-1,-1,2,0,2,0,2,0,0,0,0,2,0,0,2,0,0,2,2
17,-2423.238,1173.672,-130.931,-45.473,0.698221,0.712881,0.065479,-0.708218,0.701199,-0.082141,-0.104471,0.010979,0.994467,0,0.92548,-0.32252,55.529,-0.645,-1,400.000,-1,375.000,-1,325.000,300.000,300.000,325.000,-1,375.000,600.000,-1,725.000,650.000,-1,-1,2,0,2,0,2,0,0,0,0,2,0,0,2,0,0,2,2
18,-2384.747,1133.649,-136.681,-46.118,0.690091,0.720750,0.065530,-0.716370,0.693148,-0.079751,-0.102902,0.008092,0.994659,0,0.92548,-0.32252,55.529,-0.645,-1,375.000,-1,375.000,-1,300.000,300.000,300.000,325.000,-1,400.000,575.000,-1,725.000,650.000,-1,-1,2,0,2,0,2,0,0,0,0,2,0,0,2,0,0,2,2
19,-2346.709,1093.195,-142.378,-46.763,0.681872,0.728521,0.065629,-0.724421,0.685003,-0.077357,-0.101312,0.005205,0.994841,0,0.92548,-0.32252,55.529,-0.645,-1,375.000,-1,375.000,-1,300.000,300.000,300.000,325.000,-1,425.000,550.000,-1,725.000,650.000,-1,-1,2,0,2,0,2,0,0,0,0,2,0,0,2,0,0,2,2
20,-2309.129,1052.316,-148.113,-47.408,0.673573,0.736194,0.065709,-0.732329,0.676765,-0.075384,-0.099967,0.002656,0.994987,0,0.92548,-0.32252,55.529,-0.645,-1,375.000,-1,375.000,-1,300.000,300.000,300.000,325.000,-1,450.000,575.000,-1,725.000,650.000,-1,-1,2,0,2,0,2,0,0,0,0,2,0,0,2,0,0,2,2
21,-2272.012,1011.016,-153.586,-48.053,0.665320,0.743769,0.064482,-0.740126,0.668436,-0.073528,-0.097789,0.001195,0.995206,0,0.92548,-0.32252,55.529,-0.645,-1,375.000,-1,375.000,-1,300.000,300.000,300.000,300.000,-1,475.000,575.000,-1,725.000,650.000,-1,-1,2,0,2,0,2,0,0,0,0,2,0,0,2,0,0,2,2
22,-2235.362,969.301,-158.976,-48.699,0.657021,0.751247,0.062861,-0.747847,0.660021,-0.071396,-0.095126,-0.000102,0.995465,0,0.92548,-0.32252,55.529,-0.645,-1,375.000,-1,375.000,-1,300.000,300.000,300.000,300.000,-1,450.000,525.000,-1,725.000,675.000,-1,-1,2,0,2,0,2,0,0,0,0,2,0,0,2,0,0,2,2
23,-2199.184,927.176,-164.319,-49.344,0.648635,0.758629,0.061272,-0.755465,0.651521,-0.069235,-0.092444,-0.001381,0.995717,0,0.92548,-0.32252,55.529,-0.645,-1,375.000,-1,375.000,-1,300.000,300.000,325.000,300.000,-1,425.000,475.000,-1,750.000,675.000,-1,-1,2,0,2,0,2,0,0,0,0,2,0,0,2,0,0,2,2
24,-2163.483,884.646,-169.517,-49.989,0.640123,0.765913,0.060167,-0.762980,0.642937,-0.067032,-0.090024,-0.002997,0.995935,0,0.92548,-0.32252,55.529,-0.645,-1,375.000,-1,375.000,-1,325.000,300.000,325.000,300.000,-1,400.000,450.000,-1,750.000,675.000,-1,-1,2,0,2,0,2,0,0,0,0,2,0,0,2,0,0,2,2
25,-2128.262,841.717,-174.443,-50.634,0.631433,0.773095,0.060143,-0.770394,0.634267,-0.064793,-0.088238,-0.005421,0.996085,0,0.92548,-0.32252,55.529,-0.645,-1,400.000,-1,375.000,-1,325.000,300.000,325.000,300.000,-1,400.000,475.000,-1,750.000,675.000,-1,-1,2,0,2,0,2,0,0,0,0,2,0,0,2,0,0,2,2
26,-2093.527,798.394,-179.313,-51.279,0.622661,0.780174,0.060184,-0.777701,0.625514,-0.062562,-0.086455,-0.007850,0.996225,0,0.92548,-0.32252,55.529,-0.645,-1,400.000,-1,375.000,-1,325.000,300.000,325.000,300.000,-1,400.000,475.000,-1,750.000,675.000,-1,-1,2,0,2,0,2,0,0,0,0,2,0,0,2,0,0,2,2
27,-2062.075,758.593,-183.716,-51.684,0.617111,0.784563,0.060299,-0.782284,0.619972,-0.060550,-0.084889,-0.009805,0.996342,0,0.84548,-0.20252,50.729,-0.405,-1,400.000,-1,375.000,-1,325.000,300.000,325.000,300.000,-1,400.000,475.000,-1,750.000,675.000,-1,-1,2,0,2,0,2,0,0,0,0,2,0,0,2,0,0,2,2
28,-2033.703,722.476,-187.663,-51.849,0.614824,0.786331,0.060621,-0.784227,0.617698,-0.058623,-0.083543,-0.011498,0.996438,0,0.76548,-0.08252,45.929,-0.165,-1,400.000,-1,375.000,-1,325.000,300.000,325.000,300.000,-1,400.000,500.000,-1,750.000,700.000,-1,-1,2,0,2,0,2,0,0,0,0,2,0,0,2,0,0,2,2
29,-2008.254,690.167,-191.145,-51.774,0.615825,0.785508,0.061126,-0.783567,0.618715,-0.056694,-0.082353,-0.012983,0.996519,0,0.68548,0.03748,41.129,0.075,-1,400.000,-1,375.000,-1,325.000,300.000,325.000,300.000,-1,400.000,500.000,-1,750.000,700.000,-1,-1,2,0,2,0,2,0,0,0,0,2,0,0,2,0,0,2,2
30,-1984.807,660.736,-194.322,-51.459,0.620114,0.782084,0.061676,-0.780278,0.623015,-0.054936,-0.081390,-0.014058,0.996583,0,0.62715,0.15748,37.629,0.315,-1,400.000,-1,375.000,-1,325.000,300.000,325.000,300.000,-1,425.000,500.000,-1,750.000,700.000,-1,-1,2,0,2,0,2,0,0,0,0,2,0,0,2,0,0,2,2
31,-1961.077,631.532,-197.490,-50.904,0.627645,0.776004,0.062293,-0.774322,0.630553,-0.053174,-0.080542,-0.014861,0.996640,0,0.62715,0.27748,37.629,0.555,-1,400.000,-1,375.000,-1,325.000,300.000,300.000,300.000,-1,425.000,525.000,-1,750.000,700.000,-1,-1,2,0,2,0,2,0,0,0,0,2,0,0,2,0,0,2,2
32,-1936.945,602.661,-200.650,-50.109,0.638341,0.767174,0.062959,-0.765606,0.641254,-0.051394,-0.079801,-0.015395,0.996692,0,0.62715,0.39748,37.629,0.795,-1,400.000,-1,375.000,-1,325.000,300.000,300.000,300.000,-1,425.000,550.000,-1,750.000,700.000,-1,-1,2,0,2,0,2,0,0,0,0,2,0,0,2,0,0,2,2
33,-1912.294,574.230,-203.801,-49.074,0.652091,0.755463,0.063655,-0.753997,0.655004,-0.049583,-0.079152,-0.015663,0.996739,0,0.62715,0.51748,37.629,1.035,-1,400.000,-1,375.000,-1,325.000,300.000,300.000,300.000,-1,450.000,575.000,-1,750.000,700.000,-1,-1,2,0,2,0,2,0,0,0,0,2,0,0,2,0,0,2,2
34,-1887.018,546.355,-206.840,-47.799,0.668766,0.740711,0.064032,-0.739273,0.671659,-0.048486,-0.078922,-0.014911,0.996769,0,0.62715,0.63748,37.629,1.275,-1,400.000,-1,375.000,-1,325.000,325.000,300.000,325.000,-1,475.000,625.000,-1,750.000,700.000,-1,-1,2,0,2,0,2,0,0,0,0,2,0,0,2,0,0,2,2
35,-1861.013,519.157,-209.849,-46.284,0.688166,0.722709,0.064175,-0.721259,0.691021,-0.047703,-0.078822,-0.013460,0.996798,0,0.62715,0.75748,37.629,1.515,-1,400.000,-1,375.000,-1,325.000,325.000,300.000,325.000,-1,525.000,675.000,-1,750.000,700.000,-1,-1,2,0,2,0,2,0,0,0,0,2,0,0,2,0,0,2,2
36,-1834.177,492.758,-212.855,-44.529,0.710035,0.701223,0.064319,-0.699753,0.712845,-0.046869,-0.078715,-0.011729,0.996828,0,0.62742,0.87748,37.645,1.755,-1,400.000,-1,375.000,-1,325.000,325.000,300.000,325.000,-1,575.000,725.000,-1,750.000,700.000,-1,-1,2,0,2,0,2,0,0,0,0,2,0,0,2,0,0,2,2
37,-1806.309,467.191,-215.869,-42.534,0.734080,0.675998,0.064448,-0.674502,0.736840,-0.045979,-0.078569,-0.009718,0.996861,0,0.63032,0.99748,37.819,1.995,-1,400.000,-1,375.000,-1,325.000,325.000,300.000,325.000,-1,625.000,800.000,-1,750.000,700.000,-1,-1,2,0,2,0,2,0,0,0,0,2,0,0,2,0,0,2,2
38,-1777.425,442.491,-218.889,-40.534,0.757287,0.649881,0.064580,-0.648365,0.759996,-0.045042,-0.078353,-0.007762,0.996895,0,0.63341,1.00000,38.005,2.000,-1,400.000,-1,375.000,-1,325.000,325.000,300.000,300.000,-1,675.000,850.000,-1,750.000,700.000,-1,-1,2,0,2,0,2,0,0,0,0,2,0,0,2,0,0,2,2
39,-1744.053,415.684,-222.284,-38.774,0.776932,0.626239,0.064817,-0.624727,0.779605,-0.043963,-0.078063,-0.006337,0.996928,0,0.71341,0.88000,42.805,1.760,-1,400.000,-1,375.000,-1,325.000,325.000,300.000,300.000,-1,750.000,950.000,-1,750.000,725.000,-1,-1,2,0,2,0,2,0,0,0,0,2,0,0,2,0,0,2,2
40,-1706.162,386.867,-226.246,-37.254,0.793288,0.605345,0.065207,-0.603786,0.795949,-0.043676,-0.078340,-0.004723,0.996916,0,0.79341,0.76000,47.605,1.520,-1,400.000,-1,375.000,-1,325.000,325.000,300.000,300.000,-1,825.000,-1,-1,750.000,700.000,-1,-1,2,0,2,0,2,0,0,0,0,2,0,2,2,0,0,2,2
41,-1663.752,356.083,-230.605,-35.974,0.806605,0.587416,0.065810,-0.585824,0.809277,-0.043372,-0.078736,-0.003569,0.996889,0,0.87341,0.64000,52.405,1.280,-1,400.000,-1,375.000,-1,325.000,325.000,300.000,300.000,-1,925.000,-1,-1,750.000,700.000,-1,-1,2,0,2,0,2,0,0,0,0,2,0,2,2,0,0,2,2
42,-1616.854,323.325,-235.285,-34.934,0.817080,0.572632,0.066884,-0.571033,0.819807,-0.042876,-0.079384,-0.003160,0.996839,0,0.95341,0.52000,57.205,1.040,-1,400.000,-1,375.000,-1,325.000,325.000,300.000,300.000,-1,-1,-1,-1,750.000,700.000,-1,-1,2,0,2,0,2,0,0,0,0,2,2,2,2,0,0,2,2
43,-1567.852,290.106,-240.064,-34.134,0.824902,0.561129,0.068348,-0.559550,0.827721,-0.042211,-0.080259,-0.003425,0.996768,0,0.98668,0.40000,59.201,0.800,975.000,400.000,-1,375.000,-1,325.000,325.000,300.000,300.000,-1,-1,-1,-1,725.000,675.000,-1,-1,1,0,2,0,2,0,0,0,0,2,2,2,2,0,0,2,2
44,-1518.271,257.196,-244.663,-33.574,0.830306,0.553012,0.069058,-0.551446,0.833166,-0.041731,-0.080615,-0.003433,0.996739,0,0.99182,0.28000,59.509,0.560,925.000,400.000,-1,375.000,-1,325.000,325.000,300.000,300.000,-1,-1,-1,-1,725.000,675.000,-1,-1,1,0,2,0,2,0,0,0,0,2,2,2,2,0,0,2,2
45,-1468.256,224.401,-249.269,-33.254,0.833346,0.548349,0.069624,-0.546832,0.836240,-0.040957,-0.080681,-0.003941,0.996732,0,0.99680,0.16000,59.808,0.320,875.000,375.000,-1,375.000,-1,325.000,325.000,300.000,300.000,-1,-1,-1,-1,700.000,650.000,975.000,-1,1,0,2,0,2,0,0,0,0,2,2,2,2,0,0,1,2
46,-1418.036,191.570,-253.863,-33.174,0.834070,0.547179,0.070159,-0.545735,0.837001,-0.040029,-0.080626,-0.004902,0.996732,0,1.00000,0.04000,60.000,0.080,825.000,375.000,-1,375.000,-1,325.000,300.000,300.000,300.000,-1,-1,-1,-1,700.000,650.000,925.000,-1,1,0,2,0,2,0,0,0,0,2,2,2,2,0,0,1,2
47,-1367.907,158.599,-258.304,-33.334,0.832546,0.549512,0.070029,-0.548145,0.835466,-0.039162,-0.080027,-0.005782,0.996776,0,1.00000,-0.08000,60.000,-0.160,800.000,375.000,-1,375.000,-1,300.000,300.000,300.000,300.000,-1,-1,-1,-1,700.000,625.000,875.000,1000.000,1,0,2,0,2,0,0,0,0,2,2,2,2,0,0,1,0
48,-1318.009,125.279,-262.669,-33.734,0.828713,0.555327,0.069616,-0.554053,0.831604,-0.038222,-0.079119,-0.006896,0.996841,0,1.00000,-0.20000,60.000,-0.400,750.000,375.000,-1,375.000,975.000,300.000,300.000,300.000,300.000,-1,-1,-1,-1,700.000,625.000,825.000,975.000,1,0,2,0,0,0,0,0,0,2,2,2,2,0,0,1,0
49,-1268.487,91.403,-267.009,-34.374,0.822478,0.564574,0.069176,-0.563416,0.825339,-0.037115,-0.078048,-0.008448,0.996914,0,1.00000,-0.32000,60.000,-0.640,700.000,375.000,-1,375.000,950.000,300.000,300.000,300.000,300.000,-1,-1,-1,-1,675.000,625.000,800.000,950.000,1,0,2,0,0,0,0,0,0,2,2,2,2,1,0,1,0
50,-1219.491,56.772,-271.380,-35.254,0.813756,0.577174,0.068349,-0.576152,0.816557,-0.035822,-0.076486,-0.010229,0.997018,0,1.00000,-0.44000,60.000,-0.880,675.000,375.000,-1,350.000,925.000,300.000,300.000,300.000,300.000,-1,-1,-1,-1,675.000,600.000,775.000,900.000,1,0,2,0,0,0,0,0,0,2,2,2,2,1,0,1,0
51,-1171.182,21.189,-275.560,-36.374,0.802421,0.593005,0.066831,-0.592228,0.805093,-0.033044,-0.073400,-0.013064,0.997217,0,1.00000,-0.56000,60.000,-1.120,625.000,375.000,-1,350.000,900.000,300.000,300.000,300.000,300.000,-1,-1,-1,-1,675.000,600.000,800.000,900.000,1,0,2,0,0,0,0,0,0,2,2,2,2,1,0,1,0
52,-1123.730,-15.530,-279.667,-37.734,0.788215,0.611915,0.065401,-0.611412,0.790751,-0.029798,-0.069949,-0.016499,0.997414,0,1.00000,-0.68000,60.000,-1.360,600.000,375.000,-1,350.000,900.000,325.000,300.000,300.000,300.000,-1,850.000,-1,-1,675.000,600.000,-1,875.000,1,0,2,0,0,0,0,0,0,2,0,2,2,0,0,2,0
53,-1077.322,-53.559,-283.689,-39.334,0.770910,0.633708,0.064126,-0.633507,0.773299,-0.026018,-0.066076,-0.020566,0.997603,0,1.00000,-0.80000,60.000,-1.600,600.000,375.000,-1,350.000,900.000,300.000,300.000,300.000,300.000,-1,575.000,775.000,-1,650.000,600.000,1000.000,875.000,1,0,2,0,0,0,0,0,0,2,0,0,2,0,0,0,0
54,-1032.139,-93.037,-287.478,-41.147,0.750563,0.657780,0.063097,-0.657917,0.752783,-0.021514,-0.061650,-0.025365,0.997776,0,1.00000,-0.90636,60.000,-1.813,625.000,375.000,-1,350.000,925.000,300.000,300.000,300.000,300.000,-1,450.000,575.000,-1,625.000,600.000,950.000,875.000,1,0,2,0,0,0,0,0,0,2,0,0,2,0,0,0,0
55,-988.213,-133.908,-290.935,-42.938,0.729716,0.680910,0.062253,-0.681306,0.731779,-0.017917,-0.057756,-0.029339,0.997900,0,1.00000,-0.89544,60.000,-1.791,750.000,375.000,-1,350.000,950.000,300.000,300.000,300.000,325.000,-1,425.000,475.000,-1,600.000,600.000,900.000,875.000,1,0,2,0,0,0,0,0,0,2,0,0,2,0,0,0,0
56,-945.569,-176.115,-294.264,-44.706,0.708434,0.703081,0.061622,-0.703727,0.710329,-0.014186,-0.053746,-0.033315,0.997999,0,1.00000,-0.88424,60.000,-1.768,925.000,375.000,-1,350.000,975.000,300.000,300.000,300.000,325.000,-1,400.000,450.000,-1,600.000,600.000,850.000,875.000,0,0,2,0,0,0,0,0,0,2,0,0,2,0,0,0,0
57,-904.230,-219.601,-297.274,-46.452,0.686759,0.724314,0.061081,-0.725146,0.688502,-0.011301,-0.050239,-0.036532,0.998069,0,1.00000,-0.87290,60.000,-1.746,850.000,350.000,-1,350.000,975.000,300.000,300.000,300.000,325.000,-1,400.000,450.000,-1,575.000,600.000,800.000,875.000,0,0,2,0,0,0,0,0,0,2,0,0,2,0,0,0,0
58,-864.349,-264.167,-300.155,-48.177,0.664726,0.744616,0.060724,-0.745632,0.666307,-0.008267,-0.046617,-0.039782,0.998120,0,0.99675,-0.86237,59.805,-1.725,775.000,350.000,-1,350.000,1000.000,300.000,300.000,300.000,325.000,-1,400.000,450.000,-1,550.000,575.000,750.000,875.000,0,0,2,0,0,0,0,0,0,2,0,0,2,0,0,0,0
59,-826.102,-309.581,-302.089,-49.896,0.642429,0.764271,0.056342,-0.765286,0.643669,-0.005239,-0.040269,-0.039752,0.998398,0,0.98957,-0.85960,59.374,-1.719,775.000,350.000,-1,350.000,-1,300.000,300.000,300.000,325.000,-1,375.000,400.000,-1,550.000,575.000,750.000,875.000,0,0,2,0,2,0,0,0,0,2,0,0,2,0,0,0,0
60,-789.524,-355.750,-303.811,-51.611,0.619606,0.783203,0.051782,-0.784193,0.620514,-0.001874,-0.033600,-0.039446,0.998657,0,0.98171,-0.85753,58.903,-1.715,775.000,350.000,-1,350.000,975.000,300.000,300.000,300.000,325.000,-1,350.000,350.000,-1,550.000,575.000,750.000,925.000,0,0,2,0,1,0,0,0,0,2,0,0,2,0,0,0,0
61,-754.642,-402.590,-305.349,-53.323,0.596249,0.801410,0.047208,-0.802355,0.596845,0.001826,-0.026712,-0.038966,0.998883,0,0.97335,-0.85617,58.401,-1.712,775.000,350.000,-1,350.000,950.000,300.000,300.000,300.000,325.000,-1,325.000,300.000,-1,575.000,600.000,750.000,950.000,0,0,2,0,1,0,0,1,0,2,0,0,2,0,0,0,0
62,-721.472,-450.025,-306.531,-55.034,0.572392,0.818917,0.041737,-0.819758,0.572679,0.005912,-0.019060,-0.037598,0.999111,0,0.96471,-0.85552,57.883,-1.711,800.000,350.000,-1,350.000,925.000,300.000,300.000,300.000,325.000,-1,300.000,275.000,-1,575.000,600.000,800.000,925.000,0,0,2,0,1,0,0,1,0,2,0,0,2,0,0,0,1
63,-690.019,-497.993,-307.081,-56.746,0.547963,0.835684,0.037001,-0.836421,0.547991,0.010303,-0.011666,-0.036594,0.999262,0,0.95601,-0.85558,57.360,-1.711,800.000,350.000,-1,350.000,900.000,300.000,300.000,300.000,325.000,-1,275.000,275.000,-1,575.000,600.000,825.000,875.000,0,0,2,0,1,0,0,1,0,2,0,0,2,0,0,0,1
64,-660.282,-546.443,-307.498,-58.458,0.522981,0.851713,0.032816,-0.852333,0.522786,0.014954,-0.004419,-0.035790,0.999350,0,0.94746,-0.85631,56.847,-1.713,825.000,350.000,-1,350.000,875.000,300.000,300.000,300.000,325.000,-1,250.000,250.000,-1,575.000,625.000,850.000,850.000,0,0,2,0,1,0,0,1,0,2,0,0,2,0,0,0,1
65,-634.103,-592.106,-307.708,-60.174,0.497449,0.866990,0.029536,-0.867489,0.497061,0.019820,0.002503,-0.035482,0.999367,0,0.87725,-0.85771,52.635,-1.715,850.000,350.000,-1,375.000,850.000,300.000,300.000,325.000,325.000,-1,225.000,250.000,-1,575.000,625.000,875.000,800.000,0,0,2,0,1,0,0,0,0,2,0,0,2,0,0,0,1
66,-609.515,-638.143,-307.597,-61.893,0.471412,0.881492,0.027269,-0.881859,0.470815,0.025629,0.009753,-0.036130,0.999300,0,0.86985,-0.85959,52.191,-1.719,850.000,350.000,1000.000,375.000,850.000,300.000,300.000,300.000,325.000,925.000,225.000,225.000,-1,600.000,650.000,900.000,775.000,0,0,1,0,1,0,0,0,0,1,0,0,2,0,0,0,1
67,-586.503,-684.533,-307.318,-63.617,0.444864,0.895223,0.025912,-0.895444,0.444065,0.031402,0.016605,-0.037172,0.999171,0,0.86306,-0.86201,51.784,-1.724,875.000,350.000,950.000,375.000,825.000,300.000,300.000,300.000,325.000,800.000,225.000,225.000,-1,600.000,675.000,950.000,750.000,0,0,1,0,1,0,0,0,0,1,0,0,2,0,1,0,1
68,-565.055,-731.266,-306.955,-65.347,0.417825,0.908181,0.025096,-0.908229,0.416820,0.037154,0.023282,-0.038317,0.998994,0,0.85698,-0.86494,51.419,-1.730,900.000,350.000,900.000,375.000,825.000,300.000,300.000,300.000,325.000,700.000,225.000,225.000,-1,600.000,625.000,1000.000,725.000,0,0,1,0,1,0,0,0,0,1,0,0,2,0,1,0,1
69,-545.158,-778.334,-305.783,-67.083,0.390169,0.920455,0.023013,-0.920334,0.389130,0.039529,0.027430,-0.036603,0.998953,0,0.85169,-0.86836,51.101,-1.737,925.000,350.000,850.000,375.000,825.000,300.000,300.000,300.000,325.000,650.000,250.000,250.000,-1,625.000,600.000,950.000,675.000,0,0,1,0,1,0,0,0,0,1,0,0,2,0,1,1,1
70,-526.799,-825.738,-304.315,-68.828,0.362000,0.931958,0.020246,-0.931634,0.360962,0.042002,0.031836,-0.034067,0.998912,0,0.84723,-0.87222,50.834,-1.744,975.000,350.000,775.000,375.000,800.000,300.000,325.000,275.000,325.000,625.000,275.000,275.000,-1,625.000,575.000,875.000,650.000,0,0,1,0,1,0,0,0,0,1,0,0,2,0,1,1,1
71,-509.971,-873.477,-302.696,-70.581,0.333324,0.942650,0.017483,-0.942122,0.332314,0.044418,0.036061,-0.031277,0.998860,0,0.84364,-0.87650,50.618,-1.753,975.000,350.000,725.000,400.000,800.000,300.000,325.000,275.000,325.000,600.000,300.000,275.000,-1,625.000,550.000,800.000,625.000,1,0,1,0,1,0,0,0,0,1,0,0,2,0,1,1,1
72,-493.375,-926.353,-300.801,-72.574,0.300314,0.953727,0.014692,-0.952986,0.299358,0.046926,0.040356,-0.028094,0.998790,0,0.92364,-0.99650,55.418,-1.993,875.000,375.000,675.000,400.000,800.000,300.000,325.000,275.000,325.000,625.000,350.000,275.000,-1,600.000,500.000,725.000,575.000,1,0,1,0,1,0,0,0,0,1,0,0,2,1,1,1,1
73,-477.417,-984.192,-298.289,-74.574,0.266722,0.963712,0.010886,-0.962792,0.265924,0.048129,0.043488,-0.023318,0.998782,0,1.00000,-1.00000,60.000,-2.000,775.000,375.000,600.000,375.000,850.000,300.000,325.000,300.000,325.000,650.000,400.000,325.000,-1,525.000,475.000,650.000,550.000,1,0,1,1,1,0,0,0,0,1,0,0,2,1,1,1,1
74,-463.486,-1042.553,-295.670,-76.574,0.232777,0.972503,0.007246,-0.971429,0.232152,0.049298,0.046260,-0.018515,0.998758,0,1.00000,-1.00000,60.000,-2.000,675.000,375.000,550.000,350.000,-1,300.000,325.000,300.000,325.000,700.000,450.000,350.000,-1,475.000,425.000,575.000,500.000,1,0,1,1,2,0,1,0,0,1,0,0,2,1,1,1,1
75,-451.600,-1101.364,-293.004,-78.574,0.198532,0.980087,0.003905,-0.978878,0.198086,0.050604,0.048823,-0.013869,0.998711,0,1.00000,-1.00000,60.000,-2.000,575.000,350.000,475.000,300.000,-1,300.000,275.000,300.000,300.000,775.000,500.000,375.000,-1,425.000,400.000,475.000,450.000,1,1,1,1,2,1,1,0,0,1,0,0,2,1,1,1,1
76,-441.774,-1160.555,-290.302,-80.574,0.164035,0.986454,0.000854,-0.985126,0.163769,0.052018,0.051173,-0.009374,0.998646,0,1.00000,-1.00000,60.000,-2.000,475.000,300.000,425.000,275.000,-1,250.000,250.000,300.000,300.000,850.000,550.000,400.000,-1,350.000,350.000,400.000,400.000,1,1,1,1,2,1,1,0,0,1,0,0,2,1,1,1,1
77,-434.019,-1220.051,-287.574,-82.574,0.129330,0.991600,-0.001918,-0.990167,0.129247,0.053513,0.053312,-0.005021,0.998565,0,1.00000,-1.00000,60.000,-2.000,375.000,250.000,375.000,250.000,-1,225.000,225.000,300.000,300.000,925.000,600.000,425.000,-1,300.000,325.000,325.000,375.000,1,1,1,1,2,1,1,0,0,1,0,0,2,1,1,1,1
78,-428.345,-1279.783,-284.830,-84.574,0.094463,0.995519,-0.004415,-0.993995,0.094563,0.055058,0.055229,-0.000812,0.998473,0,1.00000,-1.00000,60.000,-2.000,275.000,200.000,300.000,225.000,1000.000,175.000,200.000,300.000,300.000,1000.000,675.000,450.000,-1,250.000,275.000,250.000,325.000,1,1,1,1,1,1,1,0,0,1,0,0,2,1,1,1,1
79,-424.758,-1339.678,-277.675,-86.573,0.059948,0.998201,0.000395,-0.995880,0.059782,0.068180,0.068034,-0.004481,0.997673,0,1.00000,-0.99941,60.000,-1.999,225.000,175.000,275.000,200.000,-1,150.000,175.000,300.000,325.000,-1,500.000,375.000,-1,200.000,275.000,200.000,350.000,1,1,1,1,2,1,1,0,0,2,0,0,2,1,1,1,1
80,9511.014,2951.705,-53.477,40.924,0.752169,-0.654108,0.079904,0.656323,0.754477,-0.001946,-0.059013,0.053906,0.996801,1,0.00000,0.00000,60.000,-1.987,-1,375.000,-1,375.000,-1,300.000,300.000,275.000,300.000,-1,575.000,700.000,-1,675.000,650.000,-1,-1,2,0,2,0,2,0,0,0,0,2,1,1,2,0,0,2,2
81,9514.627,2954.865,-53.725,41.164,0.749439,-0.657257,0.079718,0.659475,0.751724,-0.002006,-0.058608,0.054076,0.996815,0,0.08000,0.12000,4.800,0.240,-1,375.000,-1,375.000,-1,300.000,300.000,275.000,300.000,-1,575.000,700.000,-1,650.000,650.000,-1,-1,2,0,2,0,2,0,0,0,0,2,1,1,2,0,0,2,2
82,9521.801,2961.244,-54.220,41.644,0.743940,-0.663519,0.079348,0.665743,0.746178,-0.002140,-0.057788,0.054417,0.996845,0,0.16000,0.24000,9.600,0.480,-1,375.000,-1,375.000,-1,300.000,300.000,275.000,300.000,-1,600.000,725.000,-1,650.000,650.000,-1,-1,2,0,2,0,2,0,0,0,0,2,1,1,2,0,0,2,2
83,9532.440,2970.948,-54.939,42.364,0.735587,-0.672821,0.078889,0.675062,0.737757,-0.002385,-0.056596,0.055009,0.996881,0,0.24000,0.36000,14.400,0.720,-1,375.000,-1,375.000,-1,300.000,300.000,275.000,300.000,-1,625.000,750.000,-1,650.000,650.000,-1,-1,2,0,2,0,2,0,0,0,0,2,1,1,2,0,0,2,2
84,9546.407,2984.122,-55.877,43.324,0.724266,-0.685055,0.078347,0.687323,0.726346,-0.002772,-0.055008,0.055858,0.996922,0,0.32000,0.48000,19.200,0.960,-1,375.000,-1,375.000,-1,300.000,300.000,275.000,300.000,-1,650.000,800.000,-1,650.000,650.000,-1,-1,2,0,2,0,2,0,0,0,0,2,1,1,2,0,0,2,2
85,9563.516,3000.951,-57.033,44.524,0.709831,-0.700073,0.077703,0.702378,0.711797,-0.003340,-0.052971,0.056948,0.996971,0,0.40000,0.60000,24.000,1.200,-1,375.000,-1,375.000,-1,300.000,300.000,275.000,300.000,-1,675.000,850.000,-1,650.000,650.000,-1,-1,2,0,2,0,2,0,0,0,0,2,1,1,2,0,0,2,2
86,9583.552,3021.639,-58.323,45.915,0.692712,-0.717097,0.076954,0.719428,0.694556,-0.003800,-0.050724,0.057995,0.997027,0,0.48000,0.69527,28.800,1.391,-1,375.000,-1,375.000,-1,300.000,300.000,275.000,300.000,-1,725.000,925.000,-1,650.000,650.000,-1,-1,2,0,2,0,2,0,0,0,0,2,1,1,2,0,0,2,2
87,9606.345,3046.325,-59.776,47.282,0.675490,-0.733421,0.076195,0.735781,0.677205,-0.004416,-0.048361,0.059046,0.997083,0,0.56000,0.68367,33.600,1.367,-1,375.000,-1,375.000,-1,300.000,300.000,275.000,300.000,-1,775.000,1000.000,-1,650.000,650.000,-1,-1,2,0,2,0,2,0,0,0,0,2,1,1,2,0,0,2,2
88,9631.390,3074.758,-61.370,48.623,0.658245,-0.749014,0.075443,0.751406,0.659820,-0.005229,-0.045862,0.060131,0.997136,0,0.63153,0.67023,37.892,1.340,-1,375.000,-1,375.000,-1,300.000,300.000,275.000,300.000,-1,850.000,-1,-1,650.000,650.000,-1,-1,2,0,2,0,2,0,0,0,0,2,1,2,2,0,0,2,2
89,9656.206,3104.264,-62.952,49.933,0.641044,-0.763857,0.074733,0.766280,0.642477,-0.006141,-0.043323,0.061203,0.997185,0,0.64258,0.65515,38.555,1.310,-1,375.000,-1,375.000,-1,300.000,325.000,275.000,300.000,-1,925.000,-1,-1,650.000,650.000,-1,-1,2,0,2,0,2,0,0,0,0,2,1,2,2,0,0,2,2
90,9680.772,3134.833,-64.520,51.213,0.623927,-0.777965,0.074065,0.780419,0.625215,-0.007148,-0.040746,0.062262,0.997228,0,0.65363,0.63990,39.218,1.280,-1,375.000,-1,375.000,-1,300.000,325.000,275.000,300.000,-1,1000.000,-1,-1,650.000,650.000,-1,-1,2,0,2,0,2,0,0,0,0,2,1,2,2,0,0,2,2
91,9705.070,3166.457,-66.073,52.462,0.606929,-0.791355,0.073441,0.793840,0.608070,-0.008248,-0.038130,0.063307,0.997265,0,0.66467,0.62447,39.880,1.249,-1,375.000,-1,375.000,-1,300.000,325.000,300.000,300.000,-1,-1,-1,-1,650.000,650.000,-1,-1,2,0,2,0,2,0,0,0,0,2,2,2,2,0,0,2,2
92,9729.082,3199.123,-67.518,53.679,0.590098,-0.804026,0.072988,0.806565,0.591062,-0.009911,-0.035172,0.064718,0.997284,0,0.67571,0.60886,40.543,1.218,-1,375.000,-1,375.000,-1,300.000,325.000,300.000,300.000,-1,-1,-1,-1,650.000,650.000,-1,-1,2,0,2,0,2,0,0,0,0,2,2,2,2,0,0,2,2
93,9752.792,3232.820,-68.808,54.865,0.573473,-0.815983,0.072803,0.818610,0.574217,-0.012359,-0.031720,0.066684,0.997270,0,0.68673,0.59307,41.204,1.186,-1,375.000,-1,375.000,-1,300.000,300.000,300.000,300.000,-1,-1,-1,-1,650.000,625.000,-1,-1,2,0,2,0,2,0,0,0,0,2,2,2,2,0,0,2,2
94,9775.997,3266.983,-70.062,55.812,0.560067,-0.825248,0.072739,0.827958,0.560593,-0.014891,-0.028488,0.068565,0.997240,0,0.68831,0.47307,41.299,0.946,-1,375.000,-1,375.000,-1,300.000,300.000,300.000,300.000,-1,850.000,625.000,-1,650.000,625.000,-1,-1,2,0,2,0,2,0,0,0,0,2,0,0,2,0,0,2,2
95,9799.134,3301.966,-71.174,56.518,0.550040,-0.832018,0.072133,0.834762,0.550329,-0.017589,-0.025063,0.069889,0.997240,0,0.69905,0.35307,41.943,0.706,-1,375.000,-1,375.000,-1,300.000,300.000,300.000,300.000,-1,600.000,525.000,-1,675.000,625.000,-1,-1,2,0,2,0,2,0,0,0,0,2,0,0,2,0,0,2,2
96,9822.334,3337.672,-72.229,56.984,0.543454,-0.836406,0.071299,0.839159,0.543502,-0.020423,-0.021669,0.070931,0.997246,0,0.70970,0.23307,42.582,0.466,-1,375.000,-1,375.000,-1,300.000,300.000,300.000,300.000,-1,525.000,475.000,-1,675.000,625.000,-1,-1,2,0,2,0,2,0,0,0,0,2,0,0,2,0,0,2,2
97,9845.741,3374.007,-73.094,57.210,0.540323,-0.838531,0.070122,0.841243,0.540188,-0.022517,-0.018998,0.071156,0.997284,0,0.72036,0.11307,43.221,0.226,-1,375.000,-1,375.000,-1,300.000,300.000,300.000,300.000,-1,500.000,475.000,-1,675.000,625.000,-1,-1,2,0,2,0,2,0,0,0,0,2,0,0,2,0,0,2,2
98,9869.505,3410.877,-73.818,57.196,0.540678,-0.838428,0.068601,0.841059,0.540409,-0.024024,-0.016930,0.070687,0.997355,0,0.73109,-0.00693,43.866,-0.014,-1,375.000,-1,375.000,-1,300.000,300.000,300.000,300.000,-1,500.000,475.000,-1,675.000,625.000,-1,-1,2,0,2,0,2,0,0,0,0,2,0,0,2,0,0,2,2
99,9893.790,3448.190,-74.562,56.942,0.544537,-0.836064,0.066912,0.838602,0.544143,-0.025576,-0.015027,0.070040,0.997431,0,0.74200,-0.12693,44.520,-0.254,-1,375.000,-1,375.000,-1,300.000,300.000,300.000,300.000,-1,500.000,475.000,-1,700.000,650.000,-1,-1,2,0,2,0,2,0,0,0,0,2,0,0,2,0,0,2,2
100,9918.766,3485.850,-75.179,56.448,0.551882,-0.831402,0.064784,0.833819,0.551369,-0.027168,-0.013132,0.069012,0.997529,0,0.75316,-0.24693,45.189,-0.494,-1,375.000,-1,375.000,-1,300.000,300.000,300.000,300.000,-1,500.000,475.000,-1,700.000,650.000,-1,-1,2,0,2,0,2,0,0,0,0,2,0,0,2,0,0,2,2
101,9944.612,3523.758,-75.516,55.715,0.562630,-0.824333,0.062620,0.826628,0.562015,-0.028726,-0.011514,0.067926,0.997624,0,0.76466,-0.36693,45.880,-0.734,-1,375.000,-1,375.000,-1,300.000,300.000,300.000,300.000,-1,500.000,475.000,-1,700.000,650.000,-1,-1,2,0,2,0,2,0,0,0,0,2,0,0,2,0,0,2,2
102,9971.511,3561.805,-75.917,54.741,0.576694,-0.814728,0.060345,0.816897,0.575991,-0.030222,-0.010136,0.066725,0.997720,0,0.77658,-0.48693,46.595,-0.974,-1,375.000,-1,375.000,-1,300.000,300.000,300.000,300.000,-1,525.000,500.000,-1,700.000,650.000,-1,-1,2,0,2,0,2,0,0,0,0,2,0,0,2,0,0,2,2
103,9999.653,3599.872,-76.397,53.527,0.593948,-0.802415,0.057940,0.804453,0.593174,-0.031619,-0.008997,0.065390,0.997819,0,0.78899,-0.60693,47.340,-1.214,-1,375.000,-1,375.000,-1,300.000,300.000,300.000,300.000,-1,500.000,500.000,-1,700.000,650.000,-1,-1,2,0,2,0,2,0,0,0,0,2,0,0,2,0,0,2,2
104,10028.842,3637.618,-76.950,52.286,0.611304,-0.789452,0.055431,0.791357,0.610468,-0.032909,-0.007859,0.063983,0.997920,0,0.79526,-0.62048,47.716,-1.241,-1,375.000,-1,375.000,-1,300.000,300.000,300.000,300.000,-1,475.000,500.000,-1,700.000,675.000,-1,-1,2,0,2,0,2,0,0,0,0,2,0,0,2,0,0,2,2
105,10058.843,3674.724,-77.570,51.045,0.628369,-0.776118,0.052846,0.777886,0.627480,-0.034079,-0.006711,0.062522,0.998021,0,0.79526,-0.62048,47.716,-1.241,-1,375.000,-1,375.000,-1,300.000,300.000,300.000,300.000,-1,450.000,450.000,-1,700.000,675.000,-1,-1,2,0,2,0,2,0,0,0,0,2,0,0,2,0,0,2,2
106,10089.639,3711.171,-78.022,49.804,0.645092,-0.762374,0.051409,0.764079,0.644164,-0.035156,-0.006314,0.061959,0.998059,0,0.79526,-0.62048,47.716,-1.241,-1,375.000,-1,375.000,-1,300.000,300.000,300.000,300.000,-1,425.000,425.000,-1,700.000,675.000,-1,-1,2,0,2,0,2,0,0,0,0,2,0,0,2,0,0,2,2
107,10121.217,3746.943,-78.459,48.563,0.661497,-0.748257,0.050332,0.749923,0.660536,-0.036180,-0.006174,0.061678,0.998077,0,0.79526,-0.62048,47.716,-1.241,-1,375.000,-1,375.000,-1,300.000,300.000,300.000,300.000,-1,425.000,425.000,-1,700.000,675.000,-1,-1,2,0,2,0,2,0,0,0,0,2,0,0,2,0,0,2,2
108,10153.563,3782.022,-78.894,47.322,0.677602,-0.733779,0.049235,0.735406,0.676588,-0.037512,-0.005786,0.061626,0.998083,0,0.79526,-0.62048,47.716,-1.241,-1,375.000,-1,375.000,-1,300.000,300.000,300.000,300.000,-1,425.000,425.000,-1,700.000,675.000,-1,-1,2,0,2,0,2,0,0,0,0,2,0,0,2,0,0,2,2
109,10186.660,3816.394,-79.113,46.081,0.693431,-0.718906,0.048242,0.720509,0.692275,-0.040267,-0.004449,0.062681,0.998024,0,0.79526,-0.62048,47.716,-1.241,-1,375.000,-1,375.000,-1,300.000,300.000,300.000,300.000,-1,425.000,400.000,-1,700.000,675.000,-1,-1,2,0,2,0,2,0,0,0,0,2,0,0,2,0,0,2,2
110,10220.494,3850.041,-79.393,44.840,0.708935,-0.703699,0.047105,0.705267,0.707636,-0.043005,-0.003070,0.063709,0.997964,0,0.79526,-0.62048,47.716,-1.241,-1,375.000,-1,375.000,-1,300.000,300.000,300.000,300.000,-1,400.000,400.000,-1,725.000,675.000,-1,-1,2,0,2,0,2,0,0,0,0,2,0,0,2,0,0,2,2
111,10255.048,3882.947,-79.515,43.599,0.724078,-0.688201,0.045734,0.689715,0.722701,-0.044681,-0.002302,0.063896,0.997954,0,0.79526,-0.62048,47.716,-1.241,-1,375.000,-1,375.000,-1,325.000,300.000,300.000,300.000,-1,425.000,400.000,-1,725.000,700.000,-1,-1,2,0,2,0,2,0,0,0,0,2,0,0,2,0,0,2,2
112,10290.308,3915.096,-79.688,42.358,0.738877,-0.672385,0.044257,0.673838,0.737433,-0.046196,-0.001575,0.063955,0.997952,0,0.79526,-0.62048,47.716,-1.241,-1,375.000,-1,375.000,-1,325.000,300.000,300.000,300.000,-1,425.000,400.000,-1,750.000,700.000,-1,-1,2,0,2,0,2,0,0,0,0,2,0,0,2,0,0,2,2
113,10326.255,3946.474,-79.917,41.117,0.753328,-0.656259,0.042685,0.657645,0.751825,-0.047568,-0.000875,0.063906,0.997956,0,0.79526,-0.62048,47.716,-1.241,-1,400.000,-1,375.000,-1,325.000,300.000,300.000,300.000,-1,450.000,425.000,-1,750.000,700.000,-1,-1,2,0,2,0,2,0,0,0,0,2,0,0,2,0,0,2,2
114,10362.874,3977.067,-80.201,39.876,0.767421,-0.639829,0.041025,0.641143,0.765869,-0.048792,-0.000201,0.063747,0.997966,0,0.79526,-0.62048,47.716,-1.241,-1,400.000,-1,375.000,-1,325.000,325.000,300.000,300.000,-1,450.000,425.000,-1,750.000,700.000,-1,-1,2,0,2,0,2,0,0,0,0,2,0,0,2,0,0,2,2
115,10400.147,4006.859,-80.475,38.635,0.781145,-0.623112,0.039288,0.624350,0.779571,-0.049564,0.000257,0.063246,0.997998,0,0.79526,-0.62048,47.716,-1.241,-1,400.000,-1,375.000,-1,325.000,325.000,300.000,300.000,-1,450.000,425.000,-1,775.000,725.000,-1,-1,2,0,2,0,2,0,0,0,0,2,0,0,2,0,0,2,2
116,10438.057,4035.835,-80.552,37.394,0.794487,-0.606141,0.037188,0.607281,0.792959,-0.049248,0.000362,0.061711,0.998094,0,0.79526,-0.62048,47.716,-1.241,-1,400.000,-1,375.000,-1,325.000,325.000,325.000,300.000,-1,475.000,450.000,-1,775.000,725.000,-1,-1,2,0,2,0,2,0,0,0,0,2,0,0,2,0,0,2,2
117,10476.586,4063.985,-80.650,36.153,0.807460,-0.588890,0.034879,0.589921,0.805987,-0.048753,0.000598,0.059942,0.998202,0,0.79526,-0.62048,47.716,-1.241,-1,400.000,-1,375.000,-1,325.000,325.000,300.000,300.000,-1,450.000,475.000,-1,800.000,725.000,-1,-1,2,0,2,0,2,0,0,0,0,2,0,0,2,0,0,2,2
118,10515.715,4091.293,-80.820,34.913,0.820053,-0.571357,0.032607,0.572287,0.818640,-0.048136,0.000810,0.058135,0.998308,0,0.79526,-0.62048,47.716,-1.241,-1,400.000,-1,375.000,-1,325.000,325.000,300.000,300.000,-1,450.000,500.000,-1,800.000,750.000,-1,-1,2,0,2,0,2,0,0,0,0,2,0,0,2,0,0,2,2
119,10555.426,4117.747,-81.061,33.672,0.832260,-0.553553,0.030375,0.554385,0.830910,-0.047399,0.000999,0.056288,0.998414,0,0.79526,-0.62048,47.716,-1.241,-1,400.000,-1,400.000,-1,325.000,325.000,300.000,300.000,-1,425.000,525.000,-1,800.000,750.000,-1,-1,2,0,2,0,2,0,0,0,0,2,0,0,2,0,0,2,2
120,10595.701,4143.335,-81.254,32.431,0.844064,-0.535470,0.028768,0.536242,0.842769,-0.046742,0.000784,0.054880,0.998493,0,0.79526,-0.62048,47.716,-1.241,-1,400.000,-1,400.000,-1,325.000,325.000,300.000,300.000,-1,450.000,525.000,-1,825.000,775.000,-1,-1,2,0,2,0,2,0,0,0,0,2,0,0,2,0,0,2,2
121,10636.520,4168.045,-81.275,31.190,0.855451,-0.517106,0.028376,0.517884,0.854190,-0.046427,-0.000231,0.054411,0.998519,0,0.79526,-0.62048,47.716,-1.241,-1,400.000,-1,400.000,-1,325.000,325.000,300.000,300.000,-1,475.000,550.000,-1,825.000,775.000,-1,-1,2,0,2,0,2,0,0,0,0,2,0,0,2,0,0,2,2
122,10677.865,4191.866,-81.357,29.949,0.866437,-0.498498,0.028041,0.499284,0.865211,-0.046090,-0.001286,0.053935,0.998544,0,0.79526,-0.62048,47.716,-1.241,-1,400.000,-1,400.000,-1,325.000,325.000,300.000,300.000,-1,500.000,600.000,-1,850.000,775.000,-1,-1,2,0,2,0,2,0,0,0,0,2,0,0,2,0,0,2,2
123,10715.524,4212.446,-81.482,28.656,0.877452,-0.478859,0.027787,0.479658,0.876260,-0.045778,-0.002428,0.053496,0.998565,0,0.71526,-0.64650,42.916,-1.293,-1,400.000,-1,400.000,-1,325.000,325.000,300.000,300.000,-1,550.000,625.000,-1,850.000,775.000,-1,-1,2,0,2,0,2,0,0,0,0,2,0,0,2,0,0,2,2
124,10749.376,4229.964,-81.652,27.363,0.888021,-0.458975,0.027579,0.459789,0.886865,-0.045439,-0.003604,0.053031,0.998586,0,0.63526,-0.64650,38.116,-1.293,-1,400.000,-1,400.000,-1,325.000,325.000,300.000,300.000,-1,575.000,650.000,-1,850.000,775.000,-1,-1,2,0,2,0,2,0,0,0,0,2,0,0,2,0,0,2,2
125,10779.302,4244.605,-81.848,26.070,0.898139,-0.438857,0.027411,0.439686,0.897019,-0.045093,-0.004799,0.052552,0.998607,0,0.55526,-0.64650,33.316,-1.293,-1,400.000,-1,400.000,-1,325.000,325.000,300.000,300.000,-1,600.000,650.000,-1,875.000,775.000,-1,-1,2,0,2,0,2,0,0,0,0,2,0,0,2,0,0,2,2
126,10805.194,4256.555,-82.054,24.777,0.907800,-0.418515,0.027279,0.419360,0.906716,-0.044755,-0.006003,0.052069,0.998625,0,0.47526,-0.64650,28.516,-1.293,-1,400.000,-1,400.000,-1,325.000,325.000,300.000,300.000,-1,600.000,675.000,-1,875.000,775.000,-1,-1,2,0,2,0,2,0,0,0,0,2,0,0,2,0,0,2,2
127,10826.945,4266.005,-82.255,23.484,0.917001,-0.397958,0.027178,0.398820,0.915952,-0.044440,-0.007209,0.051591,0.998642,0,0.39526,-0.64650,23.716,-1.293,-1,400.000,-1,400.000,-1,325.000,325.000,300.000,300.000,-1,625.000,700.000,-1,875.000,775.000,-1,-1,2,0,2,0,2,0,0,0,0,2,0,0,2,0,0,2,2
128,10844.460,4273.149,-82.437,22.191,0.925736,-0.377197,0.027107,0.378076,0.924721,-0.044157,-0.008411,0.051126,0.998657,0,0.31526,-0.64650,18.916,-1.293,-1,400.000,-1,400.000,-1,325.000,325.000,300.000,300.000,-1,625.000,700.000,-1,875.000,775.000,-1,-1,2,0,2,0,2,0,0,0,0,2,0,0,2,0,0,2,2
129,10857.648,4278.184,-82.585,20.898,0.934001,-0.356243,0.027064,0.357140,0.933018,-0.043914,-0.009607,0.050681,0.998669,0,0.23526,-0.64650,14.116,-1.293,-1,400.000,-1,400.000,-1,325.000,325.000,300.000,300.000,-1,650.000,700.000,-1,875.000,775.000,-1,-1,2,0,2,0,2,0,0,0,0,2,0,0,2,0,0,2,2
130,10866.424,4281.309,-82.689,19.605,0.941792,-0.335105,0.027048,0.336022,0.940839,-0.043718,-0.010798,0.050262,0.998678,0,0.15526,-0.64650,9.316,-1.293,-1,400.000,-1,400.000,-1,325.000,325.000,300.000,300.000,-1,650.000,700.000,-1,875.000,750.000,-1,-1,2,0,2,0,2,0,0,0,0,2,0,0,2,0,0,2,2
131,10870.711,4282.728,-82.735,18.312,0.949105,-0.313796,0.027061,0.314732,0.948180,-0.043574,-0.011985,0.049874,0.998684,0,0.07526,-0.64650,4.516,-1.293,-1,400.000,-1,400.000,-1,325.000,325.000,300.000,300.000,-1,650.000,700.000,-1,875.000,750.000,-1,-1,2,0,2,0,2,0,0,0,0,2,0,0,2,0,0,2,2
132,10870.440,4282.644,-82.713,17.019,0.955935,-0.292325,0.027105,0.293284,0.955036,-0.043486,-0.013175,0.049519,0.998686,0,-0.00474,-0.64650,-0.284,-1.293,-1,400.000,-1,400.000,-1,325.000,325.000,300.000,300.000,-1,650.000,700.000,-1,875.000,750.000,-1,-1,2,0,2,0,2,0,0,0,0,2,0,0,2,0,0,2,2
133,10865.546,4281.266,-82.614,15.726,0.962279,-0.270705,0.027184,0.271686,0.961404,-0.043456,-0.014371,0.049202,0.998685,0,-0.08474,-0.64650,-5.084,-1.293,-1,400.000,-1,375.000,-1,325.000,325.000,300.000,300.000,-1,625.000,675.000,-1,875.000,750.000,-1,-1,2,0,2,0,2,0,0,0,0,2,0,0,2,0,0,2,2
