timestep,x_cm,y_cm,z_cm,yaw_deg,basis_xx,basis_xy,basis_xz,basis_yx,basis_yy,basis_yz,basis_zx,basis_zy,basis_zz,teleport_flag,throttle_cmd,steering_cmd,cmd_move_cm,cmd_turn_deg,lidar_cm_0,lidar_cm_1,lidar_cm_2,lidar_cm_3,lidar_cm_4,lidar_cm_5,lidar_cm_6,lidar_cm_7,lidar_cm_8,lidar_cm_9,lidar_cm_10,lidar_cm_11,lidar_cm_12,lidar_cm_13,lidar_cm_14,lidar_cm_15,lidar_cm_16,lidar_class_0,lidar_class_1,lidar_class_2,lidar_class_3,lidar_class_4,lidar_class_5,lidar_class_6,lidar_class_7,lidar_class_8,lidar_class_9,lidar_class_10,lidar_class_11,lidar_class_12,lidar_class_13,lidar_class_14,lidar_class_15,lidar_class_16
0,-10833.963,-11782.417,186.563,39.082,0.773472,-0.630061,-0.069028,0.630873,0.775792,-0.012089,0.061168,-0.034197,0.997541,0,-0.08000,0.12000,-4.800,0.240,-1,350.000,-1,325.000,-1,300.000,275.000,275.000,275.000,850.000,125.000,275.000,-1,600.000,700.000,-1,-1,2,1,2,1,2,1,1,0,1,0,0,0,2,1,1,2,2
1,-10841.365,-11788.531,185.812,39.562,0.768274,-0.636527,-0.067735,0.637377,0.770473,-0.011027,0.059207,-0.034701,0.997642,0,-0.16000,0.24000,-9.600,0.480,-1,350.000,-1,325.000,-1,300.000,275.000,275.000,275.000,850.000,150.000,275.000,-1,600.000,675.000,-1,-1,2,1,2,1,2,1,1,0,1,0,0,0,2,1,1,2,2
2,-10852.351,-11797.842,184.691,40.282,0.760371,-0.646142,-0.065852,0.647044,0.762394,-0.009432,0.056299,-0.035438,0.997785,0,-0.24000,0.36000,-14.400,0.720,-1,350.000,-1,325.000,-1,300.000,275.000,275.000,275.000,875.000,150.000,300.000,-1,600.000,650.000,-1,-1,2,1,2,1,2,1,1,0,1,0,0,0,2,1,1,2,2
3,-10866.789,-11810.499,183.207,41.242,0.749636,-0.658802,-0.063443,0.659766,0.751436,-0.007301,0.052483,-0.036385,0.997959,0,-0.32000,0.48000,-19.200,0.960,-1,350.000,-1,325.000,-1,300.000,275.000,275.000,275.000,900.000,150.000,350.000,-1,600.000,600.000,-1,-1,2,1,2,1,2,1,1,0,1,0,0,0,2,1,1,2,2
4,-10884.501,-11826.695,181.517,42.442,0.735897,-0.674382,-0.060536,0.675369,0.737460,-0.005415,0.048295,-0.036899,0.998151,0,-0.40000,0.60000,-24.000,1.200,-1,350.000,-1,325.000,-1,300.000,275.000,275.000,275.000,950.000,175.000,375.000,-1,600.000,550.000,-1,-1,2,1,2,1,2,1,1,0,1,0,0,0,2,1,1,2,2
5,-10904.131,-11845.447,180.549,43.688,0.721240,-0.690339,-0.056960,0.691111,0.722705,-0.007966,0.046665,-0.033620,0.998345,0,-0.45245,0.62302,-27.147,1.246,-1,375.000,-1,325.000,-1,300.000,275.000,275.000,275.000,-1,200.000,400.000,-1,625.000,550.000,-1,-1,2,1,2,1,2,1,1,0,1,2,0,0,2,1,1,2,2
6,-10923.302,-11864.579,179.572,44.941,0.706148,-0.706051,-0.053361,0.706629,0.707508,-0.010343,0.045056,-0.030403,0.998522,0,-0.45140,0.62652,-27.084,1.253,-1,375.000,-1,325.000,-1,300.000,275.000,275.000,275.000,-1,225.000,425.000,-1,650.000,525.000,-1,-1,2,1,2,1,2,1,1,0,1,2,0,0,2,1,1,2,2
7,-10942.011,-11884.090,178.586,46.201,0.690625,-0.721500,-0.049744,0.721906,0.691878,-0.012544,0.043468,-0.027248,0.998683,0,-0.45053,0.62988,-27.032,1.260,-1,400.000,-1,325.000,-1,300.000,300.000,275.000,275.000,-1,250.000,450.000,-1,675.000,525.000,-1,-1,2,1,2,1,2,1,1,0,1,2,0,0,2,1,1,2,2
8,-10960.255,-11903.978,177.582,47.467,0.674677,-0.736671,-0.046121,0.736925,0.675819,-0.014528,0.041872,-0.024186,0.998830,0,-0.44981,0.63310,-26.988,1.266,-1,400.000,-1,325.000,475.000,325.000,300.000,275.000,275.000,-1,275.000,500.000,-1,675.000,550.000,-1,-1,2,1,2,1,1,1,1,0,1,2,0,0,2,1,1,2,2
9,-10978.031,-11924.241,176.529,48.739,0.658310,-0.751545,-0.042529,0.751675,0.659336,-0.016129,0.040163,-0.021350,0.998965,0,-0.44924,0.63620,-26.954,1.272,-1,400.000,-1,325.000,475.000,325.000,300.000,275.000,275.000,-1,300.000,550.000,-1,700.000,550.000,-1,-1,2,1,2,1,1,1,1,0,1,2,0,0,2,1,1,2,2
10,-10995.335,-11944.875,175.468,50.018,0.641529,-0.766110,-0.038945,0.766134,0.642441,-0.017559,0.038472,-0.018573,0.999087,0,-0.44882,0.63918,-26.929,1.278,-1,425.000,-1,325.000,450.000,325.000,300.000,275.000,275.000,-1,350.000,625.000,-1,725.000,550.000,-1,575.000,2,1,2,1,1,1,1,0,1,2,0,0,2,1,1,2,1
11,-11012.160,-11965.878,174.398,51.302,0.624340,-0.780351,-0.035375,0.780285,0.625141,-0.018817,0.036798,-0.015854,0.999197,0,-0.44852,0.64205,-26.911,1.284,-1,425.000,-1,325.000,450.000,325.000,300.000,275.000,275.000,-1,425.000,725.000,-1,750.000,550.000,-1,575.000,2,1,2,1,1,1,1,0,1,2,0,0,2,1,1,2,1
12,-11028.502,-11987.247,173.319,52.591,0.606752,-0.794254,-0.031823,0.794114,0.607443,-0.019906,0.035141,-0.013194,0.999295,0,-0.44835,0.64481,-26.901,1.290,-1,425.000,-1,350.000,450.000,325.000,300.000,275.000,275.000,-1,550.000,875.000,-1,775.000,550.000,-1,575.000,2,1,2,1,1,1,1,0,1,2,0,0,2,1,1,2,1
13,-11044.355,-12008.976,172.233,53.886,0.588772,-0.807803,-0.028297,0.807604,0.589357,-0.020825,0.033500,-0.010592,0.999383,0,-0.44829,0.64747,-26.898,1.295,-1,450.000,-1,350.000,450.000,350.000,300.000,275.000,275.000,-1,750.000,-1,-1,800.000,550.000,-1,600.000,2,1,2,1,1,1,1,0,1,2,0,2,2,1,1,2,1
14,-11059.713,-12031.062,171.137,55.186,0.570408,-0.820986,-0.024814,0.820742,0.570891,-0.021577,0.031881,-0.008058,0.999459,0,-0.44834,0.65003,-26.901,1.300,-1,450.000,-1,350.000,450.000,350.000,300.000,275.000,275.000,-1,-1,-1,-1,825.000,550.000,-1,600.000,2,0,2,1,1,1,1,0,1,2,2,2,2,1,1,2,1
15,-11074.569,-12053.499,170.020,56.491,0.551667,-0.833789,-0.021435,0.833513,0.552054,-0.022170,0.030318,-0.005636,0.999524,0,-0.44849,0.65251,-26.910,1.305,-1,450.000,-1,350.000,450.000,350.000,325.000,275.000,275.000,-1,-1,-1,-1,850.000,550.000,-1,600.000,2,0,2,1,1,1,1,0,1,2,2,2,2,1,1,2,1
16,-11088.916,-12076.283,168.883,57.801,0.532557,-0.846199,-0.018170,0.845904,0.532857,-0.022609,0.028814,-0.003330,0.999579,0,-0.44874,0.65490,-26.924,1.310,-1,425.000,-1,350.000,450.000,350.000,325.000,300.000,275.000,-1,-1,-1,-1,875.000,550.000,-1,600.000,2,0,2,1,1,1,1,0,1,2,2,2,2,1,1,2,1
17,-11102.747,-12099.406,167.737,59.116,0.513091,-0.858204,-0.014968,0.857899,0.513308,-0.022895,0.027332,-0.001094,0.999626,0,-0.44907,0.65721,-26.944,1.314,-1,425.000,-1,350.000,450.000,350.000,325.000,300.000,275.000,-1,-1,-1,-1,900.000,575.000,-1,600.000,2,0,2,1,1,0,1,0,1,2,2,2,2,0,1,2,1
18,-11116.054,-12122.863,166.586,60.434,0.493279,-0.869791,-0.011817,0.869487,0.493419,-0.023028,0.025861,0.001085,0.999665,0,-0.44948,0.65944,-26.969,1.319,-1,425.000,-1,350.000,450.000,350.000,325.000,300.000,275.000,-1,-1,-1,-1,875.000,575.000,-1,600.000,2,0,2,1,1,0,1,0,1,2,2,2,2,0,1,2,1
19,-11128.829,-12146.647,165.431,61.758,0.473130,-0.880949,-0.008722,0.880655,0.473200,-0.023012,0.024399,0.003206,0.999697,0,-0.44996,0.66160,-26.998,1.323,-1,425.000,-1,350.000,450.000,350.000,325.000,300.000,275.000,-1,-1,-1,-1,850.000,575.000,-1,600.000,2,0,2,1,1,0,1,0,1,2,2,2,2,0,1,2,1
20,-11141.066,-12170.750,164.272,63.085,0.452656,-0.891667,-0.005690,0.891390,0.452661,-0.022847,0.022948,0.005270,0.999723,0,-0.45051,0.66370,-27.031,1.327,-1,400.000,-1,350.000,450.000,325.000,325.000,300.000,275.000,-1,-1,-1,-1,850.000,575.000,-1,625.000,2,0,2,1,1,0,1,0,1,2,2,2,2,0,1,2,1
21,-11152.755,-12195.164,163.110,64.417,0.431867,-0.901933,-0.002726,0.901681,0.431814,-0.022539,0.021506,0.007276,0.999742,0,-0.45113,0.66574,-27.068,1.331,-1,400.000,-1,350.000,450.000,325.000,325.000,300.000,275.000,-1,-1,-1,-1,825.000,575.000,-1,625.000,2,0,2,1,1,0,1,0,1,2,2,2,2,0,1,2,1
22,-11163.888,-12219.881,161.947,65.752,0.410774,-0.911737,0.000164,0.911516,0.410670,-0.022090,0.020073,0.009224,0.999756,0,-0.45181,0.66771,-27.109,1.335,-1,400.000,-1,375.000,450.000,325.000,325.000,300.000,275.000,-1,-1,-1,-1,800.000,575.000,-1,625.000,2,0,2,1,1,0,0,0,1,2,2,2,2,0,1,2,1
23,-11174.458,-12244.892,160.783,67.091,0.389388,-0.921069,0.002974,0.920885,0.389241,-0.021504,0.018650,0.011112,0.999764,0,-0.45254,0.66964,-27.153,1.339,-1,400.000,-1,375.000,450.000,325.000,325.000,300.000,275.000,-1,-1,-1,-1,800.000,575.000,-1,625.000,2,0,2,1,1,0,0,0,1,2,2,2,2,0,1,2,1
24,-11184.456,-12270.187,160.256,68.434,0.367690,-0.929944,0.002787,0.929752,0.367549,-0.021678,0.019135,0.010562,0.999761,0,-0.45332,0.67151,-27.199,1.343,-1,400.000,-1,375.000,475.000,325.000,325.000,300.000,275.000,-1,-1,-1,-1,800.000,600.000,-1,700.000,2,0,2,1,1,0,0,0,1,2,2,2,2,0,1,2,1
25,-11193.873,-12295.757,159.746,69.781,0.345727,-0.938332,0.002482,0.938129,0.345594,-0.021883,0.019676,0.009894,0.999757,0,-0.45415,0.67333,-27.249,1.347,-1,400.000,-1,375.000,500.000,325.000,325.000,300.000,275.000,-1,-1,-1,-1,775.000,625.000,-1,750.000,2,0,2,1,1,0,0,0,1,2,2,2,2,0,1,2,1
26,-11202.703,-12321.592,159.225,71.131,0.323514,-0.946221,0.002185,0.946008,0.323390,-0.022084,0.020189,0.009212,0.999754,0,-0.45503,0.67511,-27.302,1.350,-1,400.000,-1,400.000,550.000,325.000,325.000,300.000,275.000,-1,-1,-1,-1,775.000,625.000,-1,825.000,2,0,2,1,1,0,0,0,1,2,2,2,2,0,1,2,1
27,-11210.936,-12347.680,158.694,72.485,0.301063,-0.953602,0.001896,0.953380,0.300948,-0.022279,0.020675,0.008515,0.999750,0,-0.45594,0.67684,-27.356,1.354,-1,400.000,-1,400.000,575.000,325.000,325.000,300.000,275.000,-1,-1,-1,-1,775.000,650.000,-1,875.000,2,0,2,1,1,0,0,0,1,2,2,2,2,0,1,2,1
28,-11217.305,-12369.318,158.250,73.598,0.282465,-0.959276,0.001665,0.959047,0.282358,-0.022436,0.021052,0.007934,0.999747,0,-0.37594,0.55684,-22.556,1.114,-1,400.000,-1,400.000,600.000,325.000,325.000,300.000,275.000,-1,-1,-1,-1,775.000,650.000,-1,925.000,2,0,2,0,1,0,0,0,1,2,2,2,2,0,1,2,1
29,-11222.058,-12386.426,157.895,74.472,0.267800,-0.963473,0.001497,0.963239,0.267699,-0.022552,0.021327,0.007482,0.999745,0,-0.29594,0.43684,-17.756,0.874,-1,400.000,-1,400.000,625.000,325.000,325.000,300.000,275.000,-1,-1,-1,-1,775.000,675.000,-1,950.000,2,0,2,0,1,0,0,0,1,2,2,2,2,0,1,2,1
30,-11225.388,-12398.947,157.631,75.106,0.257124,-0.966377,0.001393,0.966139,0.257028,-0.022628,0.021509,0.007164,0.999743,0,-0.21594,0.31684,-12.956,0.634,-1,400.000,-1,400.000,650.000,325.000,325.000,300.000,275.000,-1,-1,-1,-1,775.000,675.000,-1,1000.000,2,0,2,0,1,0,0,0,1,2,2,2,2,0,1,2,1
31,-11227.430,-12406.844,157.463,75.500,0.250476,-0.968122,0.001328,0.967881,0.250382,-0.022675,0.021619,0.006965,0.999742,0,-0.13594,0.19684,-8.156,0.394,-1,400.000,-1,400.000,650.000,325.000,325.000,300.000,275.000,-1,-1,-1,-1,775.000,675.000,-1,1000.000,2,0,2,0,1,0,0,0,1,2,2,2,2,0,1,2,1
32,-11228.254,-12410.098,157.396,75.800,0.245399,-0.969421,0.001307,0.969180,0.245308,-0.022695,0.021680,0.006836,0.999742,0,-0.05594,0.15007,-3.356,0.300,-1,400.000,-1,400.000,675.000,325.000,325.000,300.000,275.000,-1,-1,-1,-1,775.000,700.000,-1,-1,2,0,2,0,1,0,0,0,1,2,2,2,2,0,1,2,2
33,-11227.907,-12408.696,157.431,76.099,0.240322,-0.970692,0.001332,0.970450,0.240231,-0.022690,0.021705,0.006746,0.999742,0,0.02406,0.14992,1.444,0.300,-1,400.000,-1,400.000,675.000,325.000,325.000,300.000,275.000,-1,-1,-1,-1,775.000,700.000,-1,-1,2,0,2,0,1,0,0,0,1,2,2,2,2,0,1,2,2
34,-11226.439,-12402.628,157.568,76.397,0.235274,-0.971928,0.001403,0.971687,0.235183,-0.022660,0.021694,0.006695,0.999742,0,0.10406,0.14889,6.244,0.298,-1,400.000,-1,400.000,675.000,325.000,325.000,300.000,275.000,-1,-1,-1,-1,775.000,700.000,-1,-1,2,0,2,0,1,0,0,0,1,2,2,2,2,0,1,2,2
35,-11223.896,-12391.881,157.806,76.691,0.230286,-0.973122,0.001527,0.972882,0.230194,-0.022603,0.021644,0.006691,0.999743,0,0.18406,0.14698,11.044,0.294,-1,400.000,-1,400.000,675.000,325.000,325.000,300.000,275.000,-1,-1,-1,-1,775.000,700.000,-1,-1,2,0,2,0,1,0,0,0,1,2,2,2,2,0,1,2,2
36,-11220.327,-12376.444,158.136,76.980,0.225388,-0.974268,0.001733,0.974031,0.225293,-0.022504,0.021535,0.006760,0.999745,0,0.26406,0.14417,15.844,0.288,-1,400.000,-1,400.000,675.000,325.000,325.000,300.000,275.000,-1,-1,-1,-1,775.000,700.000,-1,-1,2,0,2,0,1,0,0,0,1,2,2,2,2,0,1,2,2
37,-11215.774,-12356.309,158.564,77.261,0.220612,-0.975360,0.001994,0.975127,0.220513,-0.022376,0.021385,0.006881,0.999748,0,0.34406,0.14046,20.644,0.281,-1,400.000,-1,400.000,675.000,325.000,325.000,300.000,275.000,-1,-1,-1,-1,775.000,700.000,-1,-1,2,0,2,0,1,0,0,0,1,2,2,2,2,0,1,2,2
38,-11210.281,-12331.465,159.089,77.532,0.215989,-0.976393,0.002311,0.976166,0.215886,-0.022220,0.021196,0.007055,0.999750,0,0.42406,0.13584,25.444,0.272,-1,400.000,-1,400.000,675.000,325.000,325.000,300.000,275.000,-1,-1,-1,-1,775.000,700.000,-1,-1,2,0,2,0,1,0,0,0,1,2,2,2,2,0,1,2,2
39,-11203.886,-12301.905,159.710,77.793,0.211551,-0.977363,0.002682,0.977142,0.211442,-0.022034,0.020968,0.007282,0.999754,0,0.50406,0.13030,30.244,0.261,-1,400.000,-1,400.000,675.000,325.000,325.000,300.000,275.000,-1,-1,-1,-1,775.000,700.000,-1,1000.000,2,0,2,0,1,0,0,0,1,2,2,2,2,0,1,2,1
40,-11196.625,-12267.622,160.425,78.040,0.207331,-0.978266,0.003107,0.978052,0.207216,-0.021821,0.020703,0.007563,0.999757,0,0.58406,0.12381,35.044,0.248,-1,400.000,-1,400.000,675.000,325.000,325.000,300.000,275.000,-1,-1,-1,-1,775.000,700.000,-1,1000.000,2,0,2,0,1,0,0,0,1,2,2,2,2,0,1,2,1
41,-11188.529,-12228.610,161.233,78.277,0.203298,-0.979110,0.003585,0.978904,0.203176,-0.021580,0.020401,0.007897,0.999761,0,0.66406,0.11823,39.844,0.236,-1,400.000,-1,400.000,675.000,325.000,325.000,300.000,250.000,-1,-1,-1,-1,775.000,675.000,-1,975.000,2,0,2,0,1,0,0,0,1,2,2,2,2,0,1,2,1
42,-11180.636,-12189.783,162.031,78.509,0.199330,-0.979924,0.004057,0.979726,0.199201,-0.021342,0.020105,0.008229,0.999764,0,0.66035,0.11624,39.621,0.232,-1,400.000,-1,400.000,675.000,325.000,325.000,300.000,250.000,-1,-1,-1,-1,775.000,675.000,-1,950.000,2,0,2,0,1,0,0,0,1,2,2,2,2,0,1,2,1
43,-11172.967,-12151.266,162.816,78.738,0.195418,-0.980710,0.004523,0.980520,0.195282,-0.021107,0.019816,0.008559,0.999767,0,0.65456,0.11451,39.273,0.229,-1,400.000,-1,400.000,650.000,325.000,325.000,300.000,250.000,-1,-1,-1,-1,775.000,675.000,-1,950.000,2,0,2,0,1,0,0,0,1,2,2,2,2,0,1,2,1
44,-11165.519,-12113.076,163.590,78.964,0.191552,-0.981470,0.004981,0.981288,0.191410,-0.020875,0.019535,0.008886,0.999770,0,0.64848,0.11305,38.909,0.226,-1,400.000,-1,400.000,650.000,325.000,325.000,300.000,250.000,-1,-1,-1,-1,775.000,675.000,-1,925.000,2,0,2,0,1,0,0,0,1,2,2,2,2,0,1,2,1
45,-11158.291,-12075.230,164.352,79.188,0.187723,-0.982207,0.005431,0.982033,0.187576,-0.020647,0.019261,0.009210,0.999772,0,0.64217,0.11186,38.530,0.224,-1,400.000,-1,400.000,625.000,325.000,325.000,300.000,250.000,-1,-1,-1,-1,775.000,675.000,-1,900.000,2,0,2,0,1,0,0,0,1,2,2,2,2,0,1,2,1
46,-11151.282,-12037.739,165.097,79.410,0.183923,-0.982923,0.005851,0.982757,0.183770,-0.020435,0.019010,0.009509,0.999774,0,0.63569,0.11094,38.141,0.222,-1,400.000,-1,400.000,625.000,325.000,325.000,300.000,250.000,-1,-1,-1,-1,775.000,675.000,-1,900.000,2,0,2,0,1,0,0,0,1,2,2,2,2,0,1,2,1
47,-11144.488,-12000.609,165.823,79.631,0.180142,-0.983621,0.006233,0.983461,0.179984,-0.020243,0.018789,0.009777,0.999776,0,0.62909,0.11029,37.746,0.221,-1,400.000,-1,400.000,600.000,325.000,325.000,300.000,225.000,-1,-1,-1,-1,775.000,675.000,-1,875.000,2,0,2,1,1,0,0,0,1,2,2,2,2,0,1,2,1
48,-11137.907,-11963.847,166.539,79.850,0.176371,-0.984302,0.006611,0.984149,0.176209,-0.020054,0.018574,0.010043,0.999777,0,0.62245,0.10991,37.347,0.220,-1,400.000,-1,400.000,600.000,325.000,325.000,300.000,225.000,-1,-1,-1,-1,775.000,675.000,-1,850.000,2,0,2,1,1,0,0,0,1,2,2,2,2,0,1,2,1
49,-11131.535,-11927.452,167.243,80.070,0.172602,-0.984967,0.006983,0.984820,0.172435,-0.019867,0.018364,0.010306,0.999778,0,0.61581,0.10977,36.948,0.220,-1,400.000,-1,400.000,575.000,325.000,325.000,300.000,225.000,-1,-1,-1,-1,775.000,675.000,-1,850.000,2,0,2,1,1,0,0,0,1,2,2,2,2,0,1,2,1
50,-11124.754,-11888.798,167.985,80.050,0.172958,-0.984902,0.007382,0.984763,0.172786,-0.019669,0.018096,0.010671,0.999779,0,0.65408,-0.01023,39.245,-0.020,-1,400.000,-1,400.000,575.000,325.000,325.000,300.000,225.000,-1,-1,-1,-1,775.000,650.000,-1,825.000,2,0,2,1,1,0,0,0,1,2,2,2,2,0,1,2,1
51,-11117.863,-11850.542,168.854,79.789,0.177431,-0.984108,0.007109,0.983964,0.177262,-0.019834,0.018259,0.010515,0.999778,0,0.64785,-0.13023,38.871,-0.260,-1,400.000,-1,400.000,550.000,325.000,325.000,300.000,225.000,-1,-1,-1,-1,800.000,650.000,-1,800.000,2,0,2,1,1,0,0,0,1,2,2,2,2,0,1,2,1
52,-11110.699,-11812.667,169.863,79.289,0.186000,-0.982534,0.005601,0.982368,0.185853,-0.020282,0.018887,0.009275,0.999779,0,0.64244,-0.25023,38.546,-0.500,-1,400.000,-1,400.000,550.000,325.000,325.000,300.000,225.000,-1,-1,-1,-1,800.000,650.000,-1,775.000,2,0,2,1,1,0,0,0,1,2,2,2,2,0,1,2,1
53,-11103.167,-11775.145,170.880,78.650,0.196908,-0.980414,0.003907,0.980227,0.196788,-0.020721,0.019547,0.007910,0.999778,0,0.63785,-0.31912,38.271,-0.638,-1,400.000,-1,400.000,525.000,325.000,325.000,300.000,225.000,-1,-1,-1,-1,800.000,650.000,-1,775.000,2,0,2,1,1,0,0,0,1,2,2,2,2,0,1,2,1
54,-11094.254,-11733.006,171.948,78.057,0.207019,-0.978334,0.002231,0.978127,0.206927,-0.021163,0.020243,0.006564,0.999774,0,0.71785,-0.29651,43.071,-0.593,-1,400.000,-1,400.000,525.000,325.000,350.000,300.000,225.000,-1,-1,-1,-1,825.000,625.000,-1,750.000,2,0,2,1,1,0,0,0,1,2,2,2,2,0,1,2,1
55,-11084.675,-11689.976,172.999,77.449,0.217364,-0.976090,0.000604,0.975867,0.217301,-0.021512,0.020866,0.005266,0.999768,0,0.73471,-0.30409,44.083,-0.608,-1,425.000,-1,400.000,525.000,350.000,350.000,300.000,225.000,-1,-1,-1,-1,825.000,625.000,-1,725.000,2,0,2,1,1,0,0,0,1,2,2,2,2,0,1,2,1
56,-11074.673,-11647.250,174.069,76.825,0.227952,-0.973672,-0.001211,0.973433,0.227923,-0.021881,0.021581,0.003809,0.999760,0,0.73135,-0.31208,43.881,-0.624,-1,425.000,-1,375.000,500.000,350.000,350.000,300.000,225.000,-1,-1,-1,-1,825.000,625.000,-1,700.000,2,0,2,1,1,0,0,0,1,2,2,2,2,0,1,2,1
57,-11064.249,-11604.860,175.157,76.185,0.238781,-0.971068,-0.003221,0.970815,0.238793,-0.022265,0.022390,0.002189,0.999747,0,0.72755,-0.32020,43.653,-0.640,-1,425.000,-1,375.000,500.000,350.000,350.000,300.000,225.000,-1,-1,-1,-1,850.000,625.000,-1,675.000,2,0,2,1,1,0,0,0,1,2,2,2,2,0,1,2,1
58,-11053.402,-11562.838,176.263,75.528,0.249851,-0.968269,-0.005430,0.968004,0.249910,-0.022654,0.023293,0.000404,0.999729,0,0.72332,-0.32842,43.399,-0.657,-1,425.000,-1,375.000,475.000,350.000,350.000,300.000,225.000,-1,-1,-1,-1,850.000,625.000,-1,-1,2,0,2,1,1,0,1,0,1,2,2,2,2,0,1,2,2
59,-11042.136,-11521.214,177.387,74.855,0.261148,-0.965267,-0.007842,0.964993,0.261261,-0.023043,0.024291,-0.001550,0.999704,0,0.71869,-0.33637,43.121,-0.673,-1,425.000,-1,375.000,475.000,350.000,350.000,300.000,225.000,-1,-1,-1,-1,875.000,650.000,-1,-1,2,0,2,1,1,0,1,0,1,2,2,2,2,0,1,2,2
60,-11030.461,-11480.015,178.525,74.178,0.272477,-0.962106,-0.010448,0.961828,0.272652,-0.023421,0.025382,-0.003667,0.999671,0,0.71368,-0.33867,42.821,-0.677,-1,425.000,-1,375.000,450.000,350.000,350.000,300.000,225.000,-1,-1,-1,-1,875.000,675.000,-1,-1,2,0,2,1,1,0,1,0,1,2,2,2,2,0,1,2,2
61,-11018.389,-11439.269,179.677,73.496,0.283825,-0.958784,-0.013248,0.958508,0.284072,-0.023782,0.026565,-0.005948,0.999629,0,0.70828,-0.34072,42.497,-0.681,-1,450.000,-1,375.000,450.000,375.000,350.000,275.000,225.000,-1,-1,-1,-1,900.000,725.000,-1,-1,2,0,2,1,1,0,1,0,1,2,2,2,2,0,1,2,2
62,-11005.932,-11399.000,180.841,72.811,0.295183,-0.955303,-0.016241,0.955035,0.295510,-0.024118,0.027840,-0.008392,0.999577,0,0.70254,-0.34252,42.152,-0.685,-1,450.000,-1,375.000,450.000,375.000,350.000,275.000,225.000,-1,-1,-1,-1,925.000,775.000,-1,-1,2,0,2,1,1,0,1,0,1,2,2,2,2,0,1,2,2
63,-10993.103,-11359.227,182.017,72.123,0.306536,-0.951661,-0.019427,0.951411,0.306954,-0.024422,0.029205,-0.010997,0.999513,0,0.69650,-0.34407,41.790,-0.688,-1,450.000,-1,375.000,425.000,375.000,350.000,275.000,225.000,-1,825.000,-1,-1,925.000,-1,-1,-1,2,0,2,1,1,0,1,0,1,2,0,2,2,0,2,2,2
64,-10979.917,-11319.969,183.204,71.432,0.317874,-0.947859,-0.022804,0.947637,0.318393,-0.024686,0.030660,-0.013763,0.999435,0,0.69022,-0.34537,41.413,-0.691,-1,450.000,-1,375.000,425.000,375.000,350.000,275.000,225.000,-1,625.000,975.000,-1,950.000,-1,-1,-1,2,0,2,1,1,0,1,0,1,2,0,0,2,0,2,2,2
65,-10966.384,-11281.241,184.400,70.740,0.329184,-0.943898,-0.026370,0.943717,0.329817,-0.024902,0.032203,-0.016688,0.999342,0,0.68374,-0.34641,41.025,-0.693,-1,475.000,-1,375.000,425.000,375.000,350.000,275.000,225.000,-1,525.000,825.000,-1,950.000,-1,-1,-1,2,0,2,1,1,1,1,0,1,2,0,0,2,0,2,2,2
66,-10952.519,-11243.051,185.557,70.045,0.340444,-0.939775,-0.030353,0.939650,0.341211,-0.025143,0.033985,-0.019962,0.999223,0,0.67714,-0.34719,40.628,-0.694,-1,475.000,-1,375.000,400.000,375.000,350.000,275.000,225.000,-1,425.000,700.000,-1,975.000,-1,-1,-1,2,0,2,1,1,1,1,0,1,2,0,0,2,0,2,2,2
67,-10938.333,-11205.408,186.717,69.350,0.351643,-0.935487,-0.034799,0.935451,0.352563,-0.025121,0.035769,-0.023719,0.999079,0,0.67047,-0.34772,40.228,-0.695,-1,475.000,-1,400.000,-1,400.000,350.000,275.000,250.000,-1,375.000,625.000,-1,1000.000,-1,-1,-1,2,0,2,1,2,1,1,0,1,2,0,0,2,0,2,2,2
68,-10923.837,-11168.312,188.218,68.654,0.362773,-0.931004,-0.040331,0.931162,0.363850,-0.023450,0.036507,-0.029048,0.998911,0,0.66379,-0.34801,39.827,-0.696,-1,475.000,-1,400.000,-1,400.000,350.000,275.000,250.000,-1,350.000,625.000,-1,1000.000,-1,-1,-1,2,0,2,1,2,1,1,0,1,2,0,0,2,0,2,2,2
69,-10907.263,-11126.877,189.961,68.198,0.369930,-0.927890,-0.046601,0.928318,0.371173,-0.021354,0.037111,-0.035362,0.998685,0,0.74379,-0.22801,44.627,-0.456,-1,500.000,-1,425.000,-1,400.000,375.000,275.000,250.000,-1,350.000,675.000,-1,1000.000,-1,-1,-1,2,0,2,1,2,1,1,0,1,2,0,0,2,0,2,2,2
70,-10888.736,-11081.053,191.919,67.982,0.373148,-0.926223,-0.053584,0.927006,0.374563,-0.019012,0.037680,-0.042579,0.998382,0,0.82379,-0.10801,49.427,-0.216,-1,500.000,-1,475.000,-1,400.000,375.000,250.000,250.000,-1,375.000,700.000,-1,1000.000,-1,-1,-1,2,1,2,1,2,1,1,0,1,2,0,0,2,0,2,2,2
71,-10868.430,-11030.771,193.998,68.006,0.372458,-0.926044,-0.060971,0.927264,0.374040,-0.016580,0.038159,-0.050361,0.998002,0,0.90379,0.01199,54.227,0.024,-1,500.000,-1,500.000,-1,400.000,400.000,250.000,250.000,-1,375.000,750.000,-1,1000.000,-1,-1,-1,2,1,2,1,2,1,1,0,1,2,0,0,2,0,2,2,2
72,-10846.338,-10976.035,194.411,68.019,0.372500,-0.926049,-0.060637,0.927444,0.373794,-0.011195,0.033033,-0.052067,0.998097,0,0.98379,0.00660,59.027,0.013,-1,500.000,-1,550.000,-1,400.000,400.000,250.000,250.000,-1,550.000,-1,-1,975.000,-1,-1,-1,2,1,2,1,2,1,1,0,1,2,0,2,2,0,2,2,2
73,-10823.860,-10920.405,194.632,67.997,0.373175,-0.925850,-0.059517,0.927365,0.374121,-0.005213,0.027093,-0.053249,0.998214,0,1.00000,-0.01084,60.000,-0.022,-1,475.000,-1,575.000,-1,400.000,425.000,250.000,225.000,-1,950.000,-1,-1,925.000,-1,-1,-1,2,0,2,1,2,1,1,0,1,2,0,2,2,0,2,2,2
74,983.901,6887.310,51.935,-6.670,0.993061,0.115964,0.019566,-0.116869,0.991666,0.054216,-0.013116,-0.056126,0.998338,1,0.00000,0.00000,60.000,-0.060,-1,400.000,-1,400.000,-1,325.000,325.000,300.000,300.000,-1,-1,-1,-1,800.000,825.000,-1,-1,2,0,2,0,2,0,0,0,0,2,2,2,2,0,0,2,2
75,988.666,6886.732,51.874,-6.910,0.992566,0.120116,0.019620,-0.121019,0.991169,0.054206,-0.012936,-0.056177,0.998337,0,0.08000,-0.12000,4.800,-0.240,-1,400.000,-1,400.000,-1,325.000,325.000,300.000,300.000,-1,-1,-1,-1,800.000,825.000,-1,-1,2,0,2,0,2,0,0,0,0,2,2,2,2,0,0,2,2
76,998.187,6885.497,51.758,-7.390,0.991524,0.128415,0.019727,-0.129311,0.990123,0.054182,-0.012575,-0.056273,0.998336,0,0.16000,-0.24000,9.600,-0.480,-1,400.000,-1,400.000,-1,325.000,325.000,325.000,300.000,-1,-1,-1,-1,800.000,825.000,-1,-1,2,0,2,0,2,0,0,0,0,2,2,2,2,0,0,2,2
77,1012.443,6883.466,51.595,-8.110,0.989832,0.140846,0.019884,-0.141733,0.988424,0.054135,-0.012030,-0.056403,0.998336,0,0.24000,-0.36000,14.400,-0.720,-1,400.000,-1,400.000,-1,325.000,325.000,325.000,300.000,-1,-1,-1,-1,800.000,825.000,-1,-1,2,0,2,0,2,0,0,0,0,2,2,2,2,0,0,2,2
78,1031.403,6880.439,51.395,-9.070,0.987333,0.157385,0.020087,-0.158259,0.985917,0.054055,-0.011297,-0.056549,0.998336,0,0.32000,-0.48000,19.200,-0.960,-1,400.000,-1,400.000,-1,325.000,325.000,325.000,300.000,-1,-1,-1,-1,800.000,825.000,-1,-1,2,0,2,0,2,0,0,0,0,2,2,2,2,0,0,2,2
79,1055.025,6876.192,51.172,-10.194,0.984057,0.176689,0.020330,-0.177548,0.982634,0.053928,-0.010449,-0.056678,0.998338,0,0.40000,-0.56187,24.000,-1.124,-1,400.000,-1,400.000,-1,325.000,325.000,325.000,300.000,-1,-1,-1,-1,800.000,825.000,-1,-1,2,0,2,0,2,0,0,0,0,2,2,2,2,0,0,2,2
80,1083.266,6870.546,50.935,-11.305,0.980443,0.195720,0.020612,-0.196565,0.979017,0.053744,-0.009661,-0.056744,0.998342,0,0.48000,-0.55585,28.800,-1.112,-1,400.000,-1,400.000,-1,325.000,325.000,325.000,300.000,-1,-1,-1,-1,800.000,825.000,-1,-1,2,0,2,0,2,0,0,0,0,2,2,2,2,0,0,2,2
81,1112.291,6864.163,50.723,-12.403,0.976515,0.214434,0.020888,-0.215265,0.975088,0.053520,-0.008891,-0.056760,0.998348,0,0.49530,-0.54870,29.718,-1.097,-1,400.000,-1,400.000,-1,325.000,325.000,325.000,300.000,-1,-1,-1,-1,800.000,825.000,-1,-1,2,0,2,0,2,0,0,0,0,2,2,2,2,0,0,2,2
82,1141.395,6857.183,50.544,-13.485,0.972289,0.232822,0.021150,-0.233640,0.970863,0.053261,-0.008133,-0.056727,0.998357,0,0.49881,-0.54140,29.928,-1.083,-1,400.000,-1,400.000,-1,325.000,325.000,325.000,300.000,-1,-1,-1,-1,800.000,825.000,-1,-1,2,0,2,0,2,0,0,0,0,2,2,2,2,0,0,2,2
83,1170.563,6849.611,50.397,-14.554,0.967781,0.250883,0.021397,-0.251685,0.966359,0.052967,-0.007389,-0.056646,0.998367,0,0.50224,-0.53410,30.134,-1.068,-1,400.000,-1,400.000,-1,325.000,325.000,325.000,300.000,-1,-1,-1,-1,800.000,850.000,-1,-1,2,0,2,0,2,0,0,0,0,2,2,2,2,0,0,2,2
84,1199.780,6841.449,50.283,-15.607,0.963006,0.268612,0.021629,-0.269399,0.961589,0.052637,-0.006659,-0.056517,0.998379,0,0.50560,-0.52682,30.336,-1.054,-1,400.000,-1,400.000,-1,325.000,325.000,325.000,300.000,-1,-1,-1,-1,800.000,850.000,-1,-1,2,0,2,0,2,0,0,0,0,2,2,2,2,0,0,2,2
85,1229.034,6832.702,50.180,-16.646,0.957979,0.286008,0.021799,-0.286777,0.956564,0.052383,-0.005870,-0.056433,0.998389,0,0.50889,-0.51956,30.533,-1.039,-1,400.000,-1,400.000,-1,325.000,325.000,325.000,300.000,-1,-1,-1,-1,800.000,850.000,-1,-1,2,0,2,0,2,0,0,0,0,2,2,2,2,0,0,2,2
86,1258.311,6823.375,50.056,-17.671,0.952716,0.303065,0.022006,-0.303821,0.951292,0.052305,-0.005082,-0.056518,0.998389,0,0.51211,-0.51230,30.727,-1.025,-1,400.000,-1,400.000,-1,325.000,325.000,325.000,300.000,-1,-1,-1,-1,800.000,875.000,-1,-1,2,0,2,0,2,0,0,0,0,2,2,2,2,0,0,2,2
87,1287.600,6813.472,49.911,-18.681,0.947225,0.319784,0.022444,-0.320539,0.945788,0.052351,-0.004487,-0.056782,0.998377,0,0.51527,-0.50505,30.916,-1.010,-1,400.000,-1,400.000,-1,325.000,325.000,325.000,300.000,-1,-1,-1,-1,800.000,875.000,-1,-1,2,0,2,0,2,0,0,0,0,2,2,2,2,0,0,2,2
88,1316.886,6802.999,49.795,-19.677,0.941525,0.336165,0.022896,-0.336921,0.940075,0.052369,-0.003919,-0.057021,0.998365,0,0.51838,-0.49781,31.103,-0.996,-1,400.000,-1,400.000,-1,325.000,325.000,325.000,300.000,-1,-1,-1,-1,825.000,875.000,-1,-1,2,0,2,0,2,0,0,0,0,2,2,2,2,0,0,2,2
89,1346.161,6791.962,49.707,-20.658,0.935630,0.352209,0.023360,-0.352966,0.934170,0.052362,-0.003380,-0.057237,0.998355,0,0.52143,-0.49058,31.286,-0.981,-1,400.000,-1,400.000,-1,325.000,325.000,325.000,300.000,-1,-1,-1,-1,825.000,875.000,-1,-1,2,0,2,0,2,0,0,0,0,2,2,2,2,0,0,2,2
90,1375.412,6780.366,49.637,-21.625,0.929554,0.367916,0.023797,-0.368674,0.928086,0.052305,-0.002842,-0.057394,0.998348,0,0.52443,-0.48336,31.466,-0.967,-1,400.000,-1,400.000,-1,325.000,325.000,300.000,300.000,-1,-1,-1,-1,825.000,900.000,-1,-1,2,0,2,0,2,0,0,0,0,2,2,2,2,0,0,2,2
91,1404.631,6768.217,49.533,-22.577,0.923316,0.383292,0.023987,-0.384036,0.921848,0.052082,-0.002149,-0.057300,0.998355,0,0.52738,-0.47614,31.643,-0.952,-1,400.000,-1,400.000,-1,325.000,325.000,300.000,300.000,-1,-1,-1,-1,825.000,900.000,-1,-1,2,0,2,0,2,0,0,0,0,2,2,2,2,0,0,2,2
92,1433.806,6755.523,49.389,-23.515,0.916917,0.398326,0.024487,-0.399074,0.915443,0.052003,-0.001703,-0.057454,0.998347,0,0.53029,-0.46893,31.817,-0.938,-1,400.000,-1,425.000,-1,325.000,325.000,300.000,300.000,-1,-1,-1,-1,825.000,900.000,-1,-1,2,0,2,0,2,0,0,0,0,2,2,2,2,0,0,2,2
93,1462.930,6742.288,49.170,-24.438,0.910369,0.413028,0.025210,-0.413794,0.908906,0.051612,-0.001597,-0.057417,0.998349,0,0.53316,-0.46171,31.990,-0.923,-1,400.000,-1,400.000,-1,325.000,325.000,300.000,300.000,-1,-1,-1,-1,825.000,900.000,-1,-1,2,0,2,0,2,0,0,0,0,2,2,2,2,0,0,2,2
94,1491.994,6728.520,48.951,-25.347,0.903690,0.427399,0.025964,-0.428184,0.902247,0.051066,-0.001601,-0.057265,0.998358,0,0.53600,-0.45450,32.160,-0.909,-1,400.000,-1,400.000,-1,325.000,325.000,300.000,300.000,-1,-1,-1,-1,825.000,900.000,-1,-1,2,0,2,0,2,0,0,0,0,2,2,2,2,0,0,2,2
95,1520.991,6714.226,48.756,-26.242,0.896894,0.441438,0.026718,-0.442243,0.895474,0.050478,-0.001642,-0.057089,0.998368,0,0.53880,-0.44728,32.328,-0.895,-1,400.000,-1,400.000,-1,325.000,325.000,300.000,300.000,-1,-1,-1,-1,825.000,900.000,-1,-1,2,0,2,0,2,0,0,0,0,2,2,2,2,0,0,2,2
96,1554.103,6697.429,48.550,-26.896,0.891772,0.451647,0.027542,-0.452481,0.890388,0.049704,-0.002074,-0.056787,0.998384,0,0.61880,-0.32728,37.128,-0.655,-1,400.000,-1,400.000,-1,325.000,325.000,300.000,300.000,-1,-1,-1,-1,825.000,900.000,-1,-1,2,0,2,0,2,0,0,0,0,2,2,2,2,0,0,2,2
97,1591.357,6678.192,48.328,-27.311,0.888451,0.458088,0.028446,-0.458962,0.887118,0.048750,-0.002903,-0.056367,0.998406,0,0.69880,-0.20728,41.928,-0.415,-1,400.000,-1,400.000,-1,325.000,325.000,300.000,300.000,-1,-1,-1,-1,825.000,900.000,-1,-1,2,0,2,0,2,0,0,0,0,2,2,2,2,0,0,2,2
98,1632.811,6656.625,48.081,-27.485,0.887014,0.460803,0.029442,-0.461724,0.885744,0.047621,-0.004134,-0.055835,0.998431,0,0.77880,-0.08728,46.728,-0.175,-1,400.000,-1,425.000,-1,325.000,325.000,300.000,300.000,-1,-1,-1,-1,800.000,900.000,-1,-1,2,0,2,0,2,0,0,0,0,2,2,2,2,0,0,2,2
99,1678.550,6632.896,47.794,-27.420,0.887493,0.459807,0.030549,-0.460785,0.886302,0.046328,-0.005774,-0.055192,0.998459,0,0.85880,0.03272,51.528,0.065,-1,400.000,-1,425.000,-1,325.000,325.000,300.000,300.000,-1,-1,-1,-1,800.000,900.000,-1,-1,2,0,2,0,2,0,0,0,0,2,2,2,2,0,0,2,2
100,1725.017,6609.011,47.482,-27.203,0.889174,0.456471,0.031698,-0.457506,0.888067,0.044992,-0.007613,-0.054508,0.998484,0,0.87077,0.10831,52.246,0.217,-1,400.000,-1,425.000,-1,325.000,325.000,300.000,300.000,-1,-1,-1,-1,800.000,900.000,-1,-1,2,0,2,0,2,0,0,0,0,2,2,2,2,0,0,2,2
101,1771.575,6585.302,47.055,-26.987,0.890832,0.453135,0.032976,-0.454229,0.889836,0.043214,-0.009762,-0.053475,0.998521,0,0.87077,0.10831,52.246,0.217,-1,400.000,-1,425.000,-1,325.000,325.000,300.000,300.000,-1,-1,-1,-1,800.000,875.000,-1,-1,2,0,2,0,2,0,0,0,0,2,2,2,2,0,0,2,2
102,1818.221,6561.770,46.488,-26.770,0.892471,0.449796,0.034339,-0.450944,0.891600,0.041230,-0.012071,-0.052282,0.998559,0,0.87077,0.10831,52.246,0.217,-1,400.000,-1,400.000,-1,325.000,325.000,300.000,300.000,-1,-1,-1,-1,775.000,875.000,-1,-1,2,0,2,0,2,0,0,0,0,2,2,2,2,0,0,2,2
103,1864.956,6538.413,45.824,-26.554,0.894103,0.446441,0.035645,-0.447640,0.893332,0.039702,-0.014118,-0.051454,0.998576,0,0.87077,0.10831,52.246,0.217,-1,400.000,-1,400.000,-1,325.000,325.000,300.000,300.000,-1,-1,-1,-1,775.000,850.000,-1,-1,2,0,2,0,2,0,0,0,0,2,2,2,2,0,0,2,2
104,1911.779,6515.234,45.138,-26.337,0.895720,0.443078,0.036967,-0.444325,0.895049,0.038244,-0.016142,-0.050681,0.998584,0,0.87077,0.10831,52.246,0.217,-1,400.000,-1,400.000,-1,325.000,325.000,300.000,300.000,-1,-1,-1,-1,775.000,850.000,-1,-1,2,0,2,0,2,0,0,0,0,2,2,2,2,0,0,2,2
105,1958.690,6492.232,44.373,-26.120,0.897329,0.439702,0.038243,-0.440996,0.896740,0.037151,-0.017959,-0.050202,0.998578,0,0.87077,0.10831,52.246,0.217,-1,400.000,-1,400.000,-1,325.000,325.000,300.000,325.000,-1,-1,-1,-1,750.000,850.000,-1,-1,2,0,2,0,2,0,0,0,0,2,2,2,2,0,0,2,2
106,2005.687,6469.408,43.529,-25.904,0.898929,0.436313,0.039478,-0.437657,0.898404,0.036411,-0.019581,-0.050009,0.998557,0,0.87077,0.10831,52.246,0.217,-1,400.000,-1,400.000,-1,325.000,325.000,300.000,325.000,-1,-1,-1,-1,750.000,825.000,-1,-1,2,0,2,0,2,0,0,0,0,2,2,2,2,0,0,2,2
107,2052.770,6446.761,42.586,-25.687,0.900525,0.432923,0.040395,-0.434298,0.900067,0.035560,-0.020964,-0.049566,0.998551,0,0.87077,0.10831,52.246,0.217,-1,400.000,-1,400.000,-1,325.000,325.000,300.000,325.000,-1,-1,-1,-1,750.000,825.000,-1,-1,2,0,2,0,2,0,0,0,0,2,2,2,2,0,0,2,2
108,2099.939,6424.292,41.492,-25.470,0.902129,0.429536,0.040778,-0.430908,0.901737,0.034488,-0.021957,-0.048684,0.998573,0,0.87077,0.10831,52.246,0.217,-1,375.000,-1,400.000,-1,325.000,325.000,300.000,325.000,-1,-1,-1,-1,725.000,825.000,-1,-1,2,0,2,0,2,0,0,0,0,2,2,2,2,0,0,2,2
109,2147.192,6402.002,40.371,-25.254,0.903720,0.426141,0.041163,-0.427510,0.903392,0.033439,-0.022936,-0.047817,0.998593,0,0.87077,0.10831,52.246,0.217,-1,375.000,-1,400.000,-1,325.000,325.000,300.000,325.000,-1,-1,-1,-1,725.000,825.000,-1,-1,2,0,2,0,2,0,0,0,0,2,2,2,2,0,0,2,2
110,2194.528,6379.891,39.226,-25.037,0.905298,0.422740,0.041546,-0.424104,0.905033,0.032424,-0.023893,-0.046973,0.998610,0,0.87077,0.10831,52.246,0.217,-1,375.000,-1,400.000,-1,325.000,325.000,300.000,325.000,-1,-1,-1,-1,725.000,800.000,-1,-1,2,0,2,0,2,0,0,0,0,2,2,2,2,0,0,2,2
111,2241.948,6357.958,38.056,-24.821,0.906865,0.419331,0.041926,-0.420690,0.906659,0.031443,-0.024828,-0.046153,0.998626,0,0.87077,0.10831,52.246,0.217,-1,375.000,-1,400.000,-1,325.000,325.000,300.000,325.000,-1,-1,-1,-1,725.000,800.000,-1,-1,2,0,2,0,2,0,0,0,0,2,2,2,2,0,0,2,2
112,2289.451,6336.206,36.863,-24.604,0.908419,0.415916,0.042304,-0.417268,0.908271,0.030498,-0.025739,-0.045357,0.998639,0,0.87077,0.10831,52.246,0.217,-1,375.000,-1,400.000,-1,325.000,325.000,300.000,325.000,-1,-1,-1,-1,700.000,800.000,-1,-1,2,0,2,0,2,0,0,0,0,2,2,2,2,0,0,2,2
113,2337.036,6314.632,35.583,-24.387,0.909971,0.412497,0.042419,-0.413828,0.909878,0.029454,-0.026446,-0.044357,0.998666,0,0.87077,0.10831,52.246,0.217,-1,375.000,-1,400.000,-1,325.000,325.000,300.000,325.000,-1,-1,-1,-1,700.000,775.000,-1,-1,2,0,2,0,2,0,0,0,0,2,2,2,2,0,0,2,2
114,2384.701,6293.239,34.163,-24.171,0.911530,0.409080,0.042040,-0.410361,0.911487,0.028191,-0.026787,-0.042948,0.998718,0,0.87077,0.10831,52.246,0.217,-1,375.000,-1,400.000,-1,325.000,325.000,300.000,325.000,-1,-1,-1,-1,700.000,775.000,-1,-1,2,0,2,0,2,0,0,0,0,2,2,2,2,0,0,2,2
115,2432.447,6272.026,32.727,-23.954,0.913075,0.405654,0.041690,-0.406888,0.913080,0.026971,-0.027126,-0.041589,0.998766,0,0.87077,0.10831,52.246,0.217,-1,375.000,-1,400.000,-1,325.000,325.000,300.000,325.000,-1,-1,-1,-1,700.000,775.000,-1,-1,2,0,2,0,2,0,0,0,0,2,2,2,2,0,0,2,2
116,2480.273,6250.994,31.274,-23.738,0.914608,0.402221,0.041369,-0.403409,0.914656,0.025794,-0.027464,-0.040280,0.998811,0,0.87077,0.10831,52.246,0.217,-1,375.000,-1,400.000,-1,325.000,325.000,300.000,325.000,-1,-1,-1,-1,700.000,750.000,-1,-1,2,0,2,0,2,0,0,0,0,2,2,2,2,0,0,2,2
117,2528.179,6230.142,29.808,-23.521,0.916126,0.398780,0.041078,-0.399925,0.916217,0.024649,-0.027807,-0.039010,0.998852,0,0.87077,0.10831,52.246,0.217,-1,375.000,-1,400.000,-1,300.000,325.000,300.000,325.000,-1,-1,-1,-1,700.000,750.000,-1,-1,2,0,2,0,2,0,0,0,0,2,2,2,2,0,0,2,2
118,2576.162,6209.472,28.452,-23.304,0.917654,0.395340,0.040223,-0.396412,0.917779,0.023238,-0.027729,-0.037269,0.998920,0,0.87077,0.10831,52.246,0.217,-1,375.000,-1,400.000,-1,300.000,325.000,300.000,325.000,-1,-1,-1,-1,700.000,750.000,-1,-1,2,0,2,0,2,0,0,0,0,2,2,2,2,0,0,2,2
119,2624.223,6188.983,27.159,-23.088,0.919181,0.391896,0.039034,-0.392881,0.919334,0.021673,-0.027392,-0.035257,0.999003,0,0.87077,0.10831,52.246,0.217,-1,375.000,-1,400.000,-1,300.000,325.000,325.000,325.000,-1,-1,-1,-1,700.000,750.000,-1,-1,2,0,2,0,2,0,0,0,0,2,2,2,2,0,0,2,2
120,2672.362,6168.676,25.852,-22.871,0.920695,0.388443,0.037859,-0.389346,0.920871,0.020140,-0.027039,-0.033283,0.999080,0,0.87077,0.10831,52.246,0.217,-1,375.000,-1,400.000,-1,300.000,325.000,325.000,300.000,-1,-1,-1,-1,700.000,750.000,-1,-1,2,0,2,0,2,0,0,0,0,2,2,2,2,0,0,2,2
121,2720.577,6148.551,24.530,-22.654,0.922194,0.384983,0.036689,-0.385807,0.922391,0.018635,-0.026668,-0.031340,0.999153,0,0.87077,0.10831,52.246,0.217,-1,375.000,-1,400.000,-1,300.000,325.000,325.000,300.000,-1,-1,-1,-1,700.000,725.000,-1,-1,2,0,2,0,2,0,0,0,0,2,2,2,2,0,0,2,2
122,2768.868,6128.609,23.316,-22.438,0.923688,0.381510,0.035371,-0.382269,0.923881,0.017717,-0.025919,-0.029886,0.999217,0,0.87077,0.10831,52.246,0.217,-1,375.000,-1,400.000,-1,300.000,325.000,325.000,300.000,-1,-1,-1,-1,700.000,725.000,-1,-1,2,0,2,0,2,0,0,0,0,2,2,2,2,0,0,2,2
123,2817.233,6108.850,22.219,-22.221,0.925175,0.378025,0.033888,-0.378732,0.925342,0.017427,-0.024770,-0.028957,0.999274,0,0.87077,0.10831,52.246,0.217,-1,375.000,-1,400.000,-1,325.000,325.000,325.000,300.000,-1,-1,-1,-1,700.000,750.000,-1,-1,2,0,2,0,2,0,0,0,0,2,2,2,2,0,0,2,2
124,2865.674,6089.274,21.059,-22.005,0.926639,0.374531,0.032648,-0.375199,0.926783,0.017305,-0.023776,-0.028285,0.999317,0,0.87077,0.10831,52.246,0.217,-1,375.000,-1,400.000,-1,325.000,325.000,325.000,300.000,-1,-1,-1,-1,700.000,725.000,-1,-1,2,0,2,0,2,0,0,0,0,2,2,2,2,0,0,2,2
125,2914.188,6069.881,19.874,-21.788,0.928087,0.371031,0.031475,-0.371664,0.928207,0.017256,-0.022813,-0.027714,0.999356,0,0.87077,0.10831,52.246,0.217,-1,375.000,-1,400.000,-1,325.000,325.000,325.000,300.000,-1,-1,-1,-1,700.000,725.000,-1,-1,2,0,2,0,2,0,0,0,0,2,2,2,2,0,0,2,2
126,2962.775,6050.672,18.682,-21.571,0.929521,0.367524,0.030288,-0.368124,0.929617,0.017234,-0.021822,-0.027169,0.999393,0,0.87077,0.10831,52.246,0.217,-1,375.000,-1,400.000,-1,325.000,325.000,325.000,325.000,-1,-1,-1,-1,700.000,725.000,-1,-1,2,0,2,0,2,0,0,0,0,2,2,2,2,0,0,2,2
127,3011.434,6031.647,17.482,-21.355,0.930940,0.364012,0.029086,-0.364579,0.931013,0.017237,-0.020805,-0.026651,0.999428,0,0.87077,0.10831,52.246,0.217,-1,375.000,-1,400.000,-1,325.000,325.000,325.000,325.000,-1,-1,-1,-1,700.000,725.000,-1,-1,2,0,2,0,2,0,0,0,0,2,2,2,2,0,0,2,2
128,3061.891,6011.895,16.228,-21.378,0.930828,0.364396,0.027841,-0.364931,0.930874,0.017297,-0.019613,-0.026260,0.999463,0,0.90308,-0.01169,54.185,-0.023,-1,375.000,-1,400.000,-1,325.000,325.000,300.000,325.000,-1,-1,-1,-1,700.000,725.000,-1,-1,2,0,2,0,2,0,0,0,0,2,2,2,2,0,0,2,2
129,3112.256,5991.912,14.971,-21.642,0.929178,0.368674,0.026599,-0.369179,0.929195,0.017420,-0.018293,-0.026006,0.999494,0,0.90308,-0.13169,54.185,-0.263,-1,375.000,-1,400.000,-1,325.000,325.000,300.000,325.000,-1,-1,700.000,-1,700.000,725.000,-1,-1,2,0,2,0,2,0,0,0,0,2,2,0,2,0,0,2,2
130,3162.444,5971.486,13.789,-22.145,0.925933,0.376827,0.025467,-0.377301,0.925930,0.017271,-0.017073,-0.025600,0.999526,0,0.90308,-0.25169,54.185,-0.503,-1,375.000,-1,400.000,-1,325.000,325.000,300.000,325.000,-1,-1,575.000,-1,700.000,725.000,-1,-1,2,0,2,0,2,0,0,0,0,2,2,0,2,0,0,2,2
131,3212.449,5950.617,12.811,-22.652,0.922584,0.385023,0.024415,-0.385453,0.922584,0.016272,-0.016260,-0.024423,0.999569,0,0.90308,-0.25368,54.185,-0.507,-1,375.000,-1,375.000,-1,300.000,325.000,300.000,325.000,-1,-1,575.000,-1,700.000,725.000,-1,-1,2,0,2,0,2,0,0,0,0,2,2,0,2,0,0,2,2
132,3262.267,5929.306,11.997,-23.160,0.919177,0.393193,0.022647,-0.393561,0.919177,0.014929,-0.014946,-0.022635,0.999632,0,0.90308,-0.25368,54.185,-0.507,-1,375.000,-1,375.000,-1,300.000,325.000,300.000,300.000,-1,-1,550.000,-1,700.000,725.000,-1,-1,2,0,2,0,2,0,0,0,0,2,2,0,2,0,0,2,2
133,3311.894,5907.554,11.191,-23.667,0.915695,0.401333,0.020854,-0.401643,0.915695,0.013591,-0.013642,-0.020821,0.999690,0,0.90308,-0.25368,54.185,-0.507,-1,375.000,-1,375.000,-1,300.000,325.000,325.000,300.000,-1,950.000,550.000,-1,700.000,725.000,-1,-1,2,0,2,0,2,0,0,0,0,2,0,0,2,0,0,2,2
134,3361.327,5885.364,10.488,-24.174,0.912132,0.409438,0.019400,-0.409704,0.912133,0.012483,-0.012584,-0.019334,0.999734,0,0.90308,-0.25368,54.185,-0.507,-1,375.000,-1,375.000,-1,300.000,325.000,325.000,300.000,-1,900.000,575.000,-1,700.000,725.000,-1,-1,2,0,2,0,2,0,0,0,0,2,0,0,2,0,0,2,2
135,3410.562,5862.738,9.961,-24.682,0.908484,0.417506,0.018587,-0.417748,0.908487,0.011747,-0.011981,-0.018437,0.999758,0,0.90308,-0.25368,54.185,-0.507,-1,375.000,-1,375.000,-1,300.000,300.000,325.000,300.000,-1,975.000,600.000,-1,725.000,725.000,-1,-1,2,0,2,0,2,0,0,0,0,2,0,0,2,0,0,2,2
136,3459.705,5839.626,9.579,-25.188,0.904782,0.425514,0.017503,-0.425740,0.904765,0.012062,-0.010703,-0.018365,0.999774,0,0.90511,-0.25304,54.307,-0.506,-1,375.000,-1,375.000,-1,300.000,300.000,325.000,300.000,-1,925.000,625.000,-1,725.000,725.000,-1,-1,2,0,2,0,2,0,0,0,0,2,0,0,2,0,0,2,2
137,3505.418,5817.764,9.215,-25.559,0.902028,0.431364,0.016431,-0.431575,0.901989,0.012634,-0.009371,-0.018487,0.999785,0,0.84452,-0.18553,50.671,-0.371,-1,375.000,-1,375.000,-1,300.000,325.000,300.000,300.000,-1,875.000,650.000,-1,725.000,725.000,-1,-1,2,0,2,0,2,0,0,0,0,2,0,0,2,0,0,2,2
