timestep,x_cm,y_cm,z_cm,yaw_deg,basis_xx,basis_xy,basis_xz,basis_yx,basis_yy,basis_yz,basis_zx,basis_zy,basis_zz,teleport_flag,throttle_cmd,steering_cmd,cmd_move_cm,cmd_turn_deg,lidar_cm_0,lidar_cm_1,lidar_cm_2,lidar_cm_3,lidar_cm_4,lidar_cm_5,lidar_cm_6,lidar_cm_7,lidar_cm_8,lidar_cm_9,lidar_cm_10,lidar_cm_11,lidar_cm_12,lidar_cm_13,lidar_cm_14,lidar_cm_15,lidar_cm_16,lidar_class_0,lidar_class_1,lidar_class_2,lidar_class_3,lidar_class_4,lidar_class_5,lidar_class_6,lidar_class_7,lidar_class_8,lidar_class_9,lidar_class_10,lidar_class_11,lidar_class_12,lidar_class_13,lidar_class_14,lidar_class_15,lidar_class_16
0,331.667,9507.960,-186.756,-39.574,0.770770,0.637006,-0.011702,-0.637108,0.770708,-0.010133,0.002564,0.015265,0.999880,1,0.08000,0.12000,4.800,0.240,-1,375.000,-1,375.000,-1,325.000,300.000,300.000,300.000,-1,625.000,875.000,-1,725.000,700.000,-1,-1,2,0,2,0,2,0,0,0,0,2,0,0,2,0,0,2,2
1,339.118,9501.906,-186.770,-39.094,0.776074,0.630527,-0.012029,-0.630634,0.776018,-0.009879,0.003106,0.015252,0.999879,0,0.16000,0.24000,9.600,0.480,-1,375.000,-1,375.000,-1,325.000,300.000,300.000,300.000,-1,600.000,875.000,-1,725.000,700.000,-1,-1,2,0,2,0,2,0,0,0,0,2,0,0,2,0,0,2,2
2,350.407,9492.967,-186.667,-38.374,0.783933,0.620730,-0.011957,-0.620835,0.783885,-0.009383,0.003549,0.014779,0.999884,0,0.24000,0.36000,14.400,0.720,-1,400.000,-1,375.000,-1,325.000,300.000,300.000,300.000,-1,625.000,900.000,-1,725.000,700.000,-1,-1,2,0,2,0,2,0,0,0,0,2,0,0,2,0,0,2,2
3,365.628,9481.264,-186.493,-37.553,0.792746,0.609438,-0.011762,-0.609538,0.792709,-0.008699,0.004022,0.014065,0.999893,0,0.32000,0.41059,19.200,0.821,-1,400.000,-1,375.000,-1,325.000,300.000,300.000,300.000,-1,650.000,950.000,-1,725.000,700.000,-1,-1,2,0,2,0,2,0,0,0,0,2,0,0,2,0,0,2,2
4,384.863,9466.911,-186.274,-36.732,0.801396,0.598021,-0.011611,-0.598116,0.801371,-0.007866,0.004601,0.013248,0.999902,0,0.40000,0.41059,24.000,0.821,-1,400.000,-1,375.000,-1,325.000,300.000,300.000,300.000,-1,650.000,1000.000,-1,750.000,700.000,-1,-1,2,0,2,0,2,0,0,0,0,2,0,0,2,0,0,2,2
5,408.189,9450.018,-186.010,-35.911,0.809881,0.586482,-0.011512,-0.586571,0.809868,-0.006892,0.005281,0.012334,0.999910,0,0.48000,0.41059,28.800,0.821,-1,400.000,-1,375.000,-1,325.000,300.000,300.000,300.000,-1,675.000,-1,-1,750.000,700.000,-1,-1,2,0,2,0,2,0,0,0,0,2,0,2,2,0,0,2,2
6,435.682,9430.703,-185.702,-35.090,0.818198,0.574822,-0.011472,-0.574904,0.818200,-0.005783,0.006062,0.011327,0.999917,0,0.56000,0.41059,33.600,0.821,-1,400.000,-1,375.000,-1,325.000,300.000,300.000,300.000,-1,675.000,-1,-1,750.000,700.000,-1,-1,2,0,2,0,2,0,0,0,0,2,0,2,2,0,0,2,2
7,467.416,9409.081,-185.366,-34.269,0.826347,0.563043,-0.011503,-0.563118,0.826365,-0.004468,0.006990,0.010170,0.999924,0,0.64000,0.41059,38.400,0.821,-1,400.000,-1,375.000,-1,325.000,325.000,300.000,300.000,-1,675.000,-1,-1,750.000,725.000,-1,-1,2,0,2,0,2,0,0,0,0,2,0,2,2,0,0,2,2
8,503.461,9385.270,-184.979,-33.447,0.834326,0.551149,-0.011606,-0.551213,0.834359,-0.003075,0.007989,0.008963,0.999928,0,0.72000,0.41059,43.200,0.821,-1,400.000,-1,375.000,-1,325.000,325.000,300.000,300.000,-1,700.000,950.000,-1,750.000,725.000,-1,-1,2,0,2,0,2,0,0,0,0,2,0,0,2,0,0,2,2
9,543.887,9359.391,-184.538,-32.626,0.842134,0.539140,-0.011781,-0.539193,0.842181,-0.001631,0.009043,0.007726,0.999929,0,0.80000,0.41059,48.000,0.821,-1,400.000,-1,375.000,-1,325.000,325.000,300.000,300.000,-1,700.000,925.000,-1,750.000,725.000,-1,-1,2,0,2,0,2,0,0,0,0,2,0,0,2,0,0,2,2
10,585.781,9333.410,-184.068,-31.805,0.849768,0.527019,-0.012027,-0.527060,0.849828,-0.000265,0.010082,0.006564,0.999928,0,0.82160,0.41059,49.296,0.821,-1,400.000,-1,375.000,-1,325.000,325.000,300.000,300.000,-1,700.000,900.000,-1,750.000,750.000,-1,-1,2,0,2,0,2,0,0,0,0,2,0,0,2,0,0,2,2
11,628.044,9308.032,-183.582,-30.984,0.857228,0.514789,-0.012327,-0.514817,0.857299,0.000986,0.011076,0.005501,0.999924,0,0.82160,0.41059,49.296,0.821,-1,400.000,-1,375.000,-1,325.000,325.000,300.000,300.000,-1,725.000,900.000,-1,750.000,750.000,-1,-1,2,0,2,0,2,0,0,0,0,2,0,0,2,0,0,2,2
12,670.665,9283.263,-183.086,-30.163,0.864513,0.502452,-0.012652,-0.502468,0.864593,0.002129,0.012009,0.004517,0.999918,0,0.82160,0.41059,49.296,0.821,-1,400.000,-1,400.000,-1,325.000,325.000,300.000,300.000,-1,725.000,925.000,-1,750.000,750.000,-1,-1,2,0,2,0,2,0,0,0,0,2,0,0,2,0,0,2,2
13,713.638,9259.107,-182.580,-29.342,0.871619,0.490011,-0.012997,-0.490014,0.871709,0.003166,0.012881,0.003609,0.999911,0,0.82160,0.41059,49.296,0.821,-1,400.000,-1,400.000,-1,325.000,325.000,300.000,300.000,-1,750.000,925.000,-1,750.000,775.000,-1,-1,2,0,2,0,2,0,0,0,0,2,0,0,2,0,0,2,2
14,756.952,9235.569,-182.019,-28.520,0.878550,0.477469,-0.013172,-0.477458,0.878645,0.004176,0.013567,0.002620,0.999905,0,0.82160,0.41059,49.296,0.821,-1,400.000,-1,400.000,-1,325.000,325.000,300.000,300.000,-1,775.000,950.000,-1,775.000,775.000,-1,-1,2,0,2,0,2,0,0,0,0,2,0,0,2,0,0,2,2
15,800.599,9212.655,-181.432,-27.699,0.885301,0.464829,-0.013276,-0.464803,0.885399,0.005114,0.014131,0.001643,0.999899,0,0.82160,0.41059,49.296,0.821,-1,400.000,-1,400.000,-1,325.000,325.000,300.000,300.000,-1,800.000,1000.000,-1,775.000,775.000,-1,-1,2,0,2,0,2,0,0,0,0,2,0,0,2,0,0,2,2
16,840.203,9192.373,-180.902,-27.118,0.889969,0.455824,-0.013370,-0.455788,0.890069,0.005819,0.014553,0.000916,0.999894,0,0.74160,0.29059,44.496,0.581,-1,400.000,-1,400.000,-1,325.000,325.000,300.000,300.000,-1,850.000,-1,-1,775.000,800.000,-1,-1,2,0,2,0,2,0,0,0,0,2,0,2,2,0,0,2,2
17,875.643,9174.489,-180.427,-26.777,0.892667,0.450516,-0.013450,-0.450472,0.892768,0.006346,0.014866,0.000394,0.999889,0,0.66160,0.17059,39.696,0.341,-1,400.000,-1,400.000,-1,325.000,325.000,300.000,300.000,-1,875.000,-1,-1,775.000,800.000,-1,-1,2,0,2,0,2,0,0,0,0,2,0,2,2,0,0,2,2
18,906.825,9158.822,-180.006,-26.676,0.893460,0.448939,-0.013510,-0.448889,0.893562,0.006735,0.015096,0.000047,0.999886,0,0.58160,0.05059,34.896,0.101,-1,400.000,-1,400.000,-1,325.000,325.000,300.000,300.000,-1,875.000,-1,-1,775.000,800.000,-1,-1,2,0,2,0,2,0,0,0,0,2,0,2,2,0,0,2,2
19,933.685,9145.246,-179.640,-26.814,0.892369,0.451103,-0.013551,-0.451049,0.892472,0.007013,0.015257,-0.000146,0.999884,0,0.50160,-0.06941,30.096,-0.139,-1,400.000,-1,400.000,-1,325.000,325.000,300.000,300.000,-1,900.000,-1,-1,775.000,800.000,-1,-1,2,0,2,0,2,0,0,0,0,2,0,2,2,0,0,2,2
20,956.185,9133.686,-179.329,-27.193,0.889366,0.456994,-0.013572,-0.456937,0.889470,0.007201,0.015363,-0.000203,0.999882,0,0.42160,-0.18941,25.296,-0.379,-1,400.000,-1,400.000,-1,325.000,325.000,300.000,300.000,-1,900.000,-1,-1,775.000,800.000,-1,-1,2,0,2,0,2,0,0,0,0,2,0,2,2,0,0,2,2
21,974.314,9124.123,-179.074,-27.812,0.884378,0.466574,-0.013578,-0.466517,0.884482,0.007317,0.015424,-0.000137,0.999881,0,0.34160,-0.30941,20.496,-0.619,-1,400.000,-1,400.000,-1,325.000,325.000,300.000,300.000,-1,900.000,-1,-1,775.000,825.000,-1,-1,2,0,2,0,2,0,0,0,0,2,0,2,2,0,0,2,2
22,988.086,9116.592,-178.852,-28.671,0.877285,0.479779,-0.013551,-0.479724,0.877389,0.007261,0.015373,0.000131,0.999882,0,0.26160,-0.42941,15.696,-0.859,-1,400.000,-1,400.000,-1,325.000,325.000,300.000,300.000,-1,900.000,-1,-1,775.000,825.000,-1,-1,2,0,2,0,2,0,0,0,0,2,0,2,2,0,0,2,2
23,997.544,9111.182,-178.695,-29.770,0.867922,0.496516,-0.013529,-0.496464,0.868027,0.007201,0.015318,0.000467,0.999883,0,0.18160,-0.54941,10.896,-1.099,-1,400.000,-1,400.000,-1,325.000,325.000,300.000,300.000,-1,875.000,-1,-1,775.000,825.000,-1,-1,2,0,2,0,2,0,0,0,0,2,0,2,2,0,0,2,2
24,1002.764,9108.032,-178.609,-31.109,0.856083,0.516662,-0.013518,-0.516613,0.856189,0.007176,0.015281,0.000840,0.999883,0,0.10160,-0.66941,6.096,-1.339,-1,400.000,-1,400.000,-1,325.000,325.000,300.000,300.000,-1,850.000,1000.000,-1,775.000,825.000,-1,-1,2,0,2,0,2,0,0,0,0,2,0,0,2,0,0,2,2
25,1003.855,9107.332,-178.591,-32.687,0.841521,0.540055,-0.013518,-0.540009,0.841629,0.007190,0.015260,0.001249,0.999883,0,0.02160,-0.78941,1.296,-1.579,-1,400.000,-1,400.000,-1,325.000,325.000,300.000,300.000,-1,800.000,975.000,-1,775.000,825.000,-1,-1,2,0,2,0,2,0,0,0,0,2,0,0,2,0,0,2,2
26,1000.967,9109.317,-178.632,-34.506,0.823954,0.566495,-0.013525,-0.566453,0.824063,0.007187,0.015217,0.001739,0.999883,0,-0.05840,-0.90941,-3.504,-1.819,-1,400.000,-1,400.000,-1,325.000,325.000,300.000,300.000,-1,775.000,925.000,-1,800.000,800.000,-1,-1,2,0,2,0,2,0,0,0,0,2,0,0,2,0,0,2,2
27,994.289,9114.252,-178.707,-36.462,0.804139,0.594287,-0.013539,-0.594250,0.804250,0.007050,0.015078,0.002377,0.999883,0,-0.13840,-0.97783,-8.304,-1.956,-1,400.000,-1,400.000,-1,325.000,325.000,300.000,300.000,-1,725.000,875.000,-1,800.000,800.000,-1,-1,2,0,2,0,2,0,0,0,0,2,0,0,2,0,0,2,2
28,987.638,9119.526,-178.786,-38.418,0.783387,0.621387,-0.013565,-0.621355,0.783498,0.006922,0.014929,0.003006,0.999884,0,-0.14147,-0.97787,-8.488,-1.956,-1,400.000,-1,400.000,-1,325.000,325.000,300.000,300.000,-1,700.000,825.000,-1,800.000,800.000,-1,-1,2,0,2,0,2,0,0,0,0,2,0,0,2,0,0,2,2
29,981.150,9125.043,-178.866,-40.373,0.761722,0.647761,-0.013602,-0.647735,0.761835,0.006805,0.014771,0.003627,0.999884,0,-0.14195,-0.97781,-8.517,-1.956,-1,400.000,-1,400.000,-1,325.000,325.000,300.000,300.000,-1,650.000,775.000,-1,800.000,800.000,-1,-1,2,0,2,0,2,0,0,0,0,2,0,0,2,0,0,2,2
30,974.832,9130.798,-178.949,-42.329,0.739175,0.673375,-0.013649,-0.673355,0.739289,0.006700,0.014602,0.004238,0.999884,0,-0.14243,-0.97764,-8.546,-1.955,-1,400.000,-1,400.000,-1,325.000,325.000,300.000,300.000,-1,625.000,725.000,-1,800.000,800.000,-1,-1,2,0,2,0,2,0,0,0,0,2,0,0,2,0,0,2,2
31,968.692,9136.786,-179.032,-44.283,0.715773,0.698198,-0.013704,-0.698184,0.715888,0.006605,0.014422,0.004841,0.999884,0,-0.14293,-0.97736,-8.576,-1.955,-1,400.000,-1,400.000,-1,325.000,325.000,300.000,300.000,-1,600.000,700.000,-1,800.000,800.000,-1,-1,2,0,2,0,2,0,0,0,0,2,0,0,2,0,0,2,2
32,962.739,9143.002,-179.118,-46.237,0.691548,0.722199,-0.013768,-0.722190,0.691664,0.006521,0.014232,0.005433,0.999884,0,-0.14344,-0.97696,-8.607,-1.954,-1,400.000,-1,400.000,-1,325.000,325.000,300.000,300.000,-1,575.000,675.000,-1,800.000,800.000,-1,-1,2,0,2,0,2,0,0,0,0,2,0,0,2,0,0,2,2
33,956.980,9149.441,-179.205,-48.190,0.666532,0.745348,-0.013838,-0.745344,0.666649,0.006447,0.014030,0.006017,0.999883,0,-0.14399,-0.97646,-8.639,-1.953,-1,400.000,-1,400.000,-1,325.000,325.000,300.000,300.000,-1,550.000,625.000,-1,800.000,800.000,-1,-1,2,0,2,0,2,0,0,0,0,2,0,0,2,0,0,2,2
34,951.421,9156.099,-179.299,-50.142,0.640758,0.767617,-0.013918,-0.767619,0.640875,0.006365,0.013805,0.006605,0.999883,0,-0.14456,-0.97585,-8.674,-1.952,-1,400.000,-1,400.000,-1,325.000,325.000,300.000,300.000,-1,550.000,600.000,-1,800.000,800.000,-1,-1,2,0,2,0,2,0,0,0,0,2,0,0,2,0,0,2,2
35,946.070,9162.971,-179.395,-52.092,0.614261,0.788979,-0.014006,-0.788986,0.614378,0.006283,0.013562,0.007191,0.999882,0,-0.14517,-0.97512,-8.710,-1.950,-1,400.000,-1,400.000,-1,325.000,325.000,300.000,300.000,-1,525.000,575.000,-1,800.000,800.000,-1,-1,2,0,2,0,2,0,0,0,0,2,0,0,2,0,0,2,2
36,940.932,9170.054,-179.494,-54.041,0.587075,0.809409,-0.014100,-0.809423,0.587193,0.006213,0.013308,0.007766,0.999881,0,-0.14583,-0.97429,-8.750,-1.949,-1,400.000,-1,400.000,-1,325.000,325.000,300.000,300.000,-1,500.000,550.000,-1,800.000,800.000,-1,-1,2,0,2,0,2,0,0,0,0,2,0,0,2,0,0,2,2
37,938.709,9173.318,-179.544,-55.749,0.562679,0.826554,-0.014152,-0.826571,0.562797,0.006228,0.013112,0.008193,0.999880,0,-0.06583,-0.85429,-3.950,-1.709,-1,400.000,-1,400.000,-1,325.000,325.000,300.000,300.000,-1,500.000,550.000,-1,800.000,775.000,-1,-1,2,0,2,0,2,0,0,0,0,2,0,0,2,0,0,2,2
38,939.170,9172.603,-179.545,-57.218,0.541309,0.840704,-0.014157,-0.840724,0.541428,0.006312,0.012972,0.008485,0.999880,0,0.01417,-0.73429,0.850,-1.469,-1,400.000,-1,400.000,-1,325.000,325.000,300.000,300.000,-1,500.000,525.000,-1,800.000,775.000,-1,-1,2,0,2,0,2,0,0,0,0,2,0,0,2,0,0,2,2
39,942.127,9167.788,-179.497,-58.446,0.523158,0.852119,-0.014108,-0.852138,0.523277,0.006466,0.012893,0.008639,0.999880,0,0.09417,-0.61429,5.650,-1.229,-1,400.000,-1,400.000,-1,325.000,325.000,300.000,300.000,-1,500.000,525.000,-1,800.000,775.000,-1,-1,2,0,2,0,2,0,0,0,0,2,0,0,2,0,0,2,2
40,947.441,9158.790,-179.402,-59.435,0.508378,0.861020,-0.014004,-0.861038,0.508498,0.006684,0.012877,0.008660,0.999880,0,0.17417,-0.49429,10.450,-0.989,-1,400.000,-1,400.000,-1,325.000,325.000,300.000,300.000,-1,500.000,525.000,-1,800.000,800.000,-1,-1,2,0,2,0,2,0,0,0,0,2,0,0,2,0,0,2,2
41,955.024,9145.559,-179.260,-60.183,0.497086,0.867591,-0.013846,-0.867605,0.497206,0.006957,0.012921,0.008555,0.999880,0,0.25417,-0.37429,15.250,-0.749,-1,400.000,-1,400.000,-1,325.000,325.000,300.000,300.000,-1,500.000,525.000,-1,825.000,800.000,-1,-1,2,0,2,0,2,0,0,0,0,2,0,0,2,0,0,2,2
42,964.801,9128.053,-179.071,-60.815,0.487489,0.873023,-0.013637,-0.873032,0.487608,0.007281,0.013006,0.008356,0.999881,0,0.33417,-0.31595,20.050,-0.632,-1,400.000,-1,400.000,-1,325.000,325.000,300.000,300.000,-1,525.000,550.000,-1,825.000,800.000,-1,-1,2,0,2,0,2,0,0,0,0,2,0,0,2,0,0,2,2
43,976.676,9106.224,-178.835,-61.454,0.477733,0.878403,-0.013379,-0.878407,0.477852,0.007646,0.013109,0.008099,0.999881,0,0.41417,-0.31919,24.850,-0.638,-1,400.000,-1,400.000,-1,325.000,325.000,300.000,300.000,-1,525.000,550.000,-1,825.000,800.000,-1,-1,2,0,2,0,2,0,0,0,0,2,0,0,2,0,0,2,2
44,990.550,9080.020,-178.472,-62.101,0.467788,0.883741,-0.013241,-0.883746,0.467905,0.007654,0.012960,0.008122,0.999883,0,0.49417,-0.32341,29.650,-0.647,-1,400.000,-1,400.000,-1,325.000,325.000,300.000,300.000,-1,575.000,600.000,-1,825.000,800.000,-1,-1,2,0,2,0,2,0,0,0,0,2,0,0,2,0,0,2,2
45,1006.319,9049.391,-178.035,-62.758,0.457619,0.889051,-0.013129,-0.889057,0.457734,0.007547,0.012719,0.008218,0.999885,0,0.57417,-0.32871,34.450,-0.657,-1,400.000,-1,400.000,-1,325.000,325.000,300.000,300.000,-1,600.000,625.000,-1,825.000,800.000,-1,-1,2,0,2,0,2,0,0,0,0,2,0,0,2,0,0,2,2
46,1023.877,9014.286,-177.563,-63.428,0.447189,0.894346,-0.012922,-0.894353,0.447300,0.007408,0.012405,0.008244,0.999889,0,0.65417,-0.33520,39.250,-0.670,-1,400.000,-1,400.000,-1,325.000,325.000,300.000,300.000,-1,650.000,675.000,-1,825.000,825.000,-1,-1,2,0,2,0,2,0,0,0,0,2,0,0,2,0,0,2,2
47,1043.114,8974.659,-177.093,-64.105,0.436606,0.899567,-0.012447,-0.899574,0.436709,0.007191,0.011904,0.008057,0.999897,0,0.73417,-0.33829,44.050,-0.677,-1,400.000,-1,400.000,-1,325.000,325.000,300.000,300.000,-1,700.000,725.000,-1,850.000,825.000,-1,-1,2,0,2,0,2,0,0,0,0,2,0,0,2,0,0,2,2
48,1063.928,8930.464,-176.592,-64.782,0.425962,0.904663,-0.011897,-0.904670,0.426057,0.006931,0.011339,0.007810,0.999905,0,0.81417,-0.33829,48.850,-0.677,-1,400.000,-1,400.000,-1,325.000,325.000,300.000,300.000,-1,750.000,775.000,-1,850.000,825.000,-1,-1,2,0,2,0,2,0,0,0,0,2,0,0,2,0,0,2,2
49,1086.207,8881.658,-176.075,-65.464,0.415167,0.909675,-0.011289,-0.909683,0.415252,0.006579,0.010673,0.007538,0.999915,0,0.89417,-0.34124,53.650,-0.682,-1,400.000,-1,400.000,-1,325.000,325.000,300.000,300.000,-1,825.000,850.000,-1,850.000,825.000,-1,-1,2,0,2,0,2,0,0,0,0,2,0,0,2,0,0,2,2
50,1108.782,8830.584,-175.567,-66.155,0.404185,0.914615,-0.010636,-0.914623,0.404260,0.006168,0.009941,0.007235,0.999924,0,0.93069,-0.34524,55.841,-0.690,-1,400.000,-1,400.000,-1,325.000,325.000,300.000,300.000,-1,925.000,925.000,-1,875.000,825.000,-1,-1,2,0,2,0,2,0,0,0,0,2,0,0,2,0,0,2,2
51,1130.816,8779.041,-175.084,-66.853,0.393009,0.919481,-0.009957,-0.919489,0.393074,0.005719,0.009172,0.006908,0.999934,0,0.93425,-0.34946,56.055,-0.699,-1,400.000,-1,400.000,-1,325.000,325.000,300.000,300.000,-1,1000.000,1000.000,-1,875.000,825.000,-1,-1,2,0,2,0,2,0,0,0,0,2,0,0,2,0,0,2,2
52,1152.293,8727.036,-174.627,-67.561,0.381636,0.924266,-0.009254,-0.924275,0.381692,0.005233,0.008369,0.006556,0.999943,0,0.93775,-0.35374,56.265,-0.707,-1,400.000,-1,400.000,-1,325.000,325.000,300.000,300.000,-1,-1,-1,-1,900.000,850.000,-1,-1,2,0,2,0,2,0,0,0,0,2,2,2,2,0,0,2,2
53,1173.193,8674.575,-174.193,-68.277,0.370064,0.928967,-0.008530,-0.928976,0.370111,0.004710,0.007533,0.006181,0.999953,0,0.94118,-0.35808,56.471,-0.716,-1,400.000,-1,400.000,-1,325.000,325.000,300.000,300.000,-1,-1,-1,-1,900.000,850.000,-1,-1,2,0,2,0,2,0,0,0,0,2,2,2,2,0,0,2,2
54,1193.501,8621.668,-173.782,-69.002,0.358289,0.933578,-0.007779,-0.933587,0.358327,0.004149,0.006661,0.005776,0.999961,0,0.94452,-0.36250,56.671,-0.725,-1,400.000,-1,400.000,-1,325.000,325.000,300.000,300.000,-1,-1,-1,-1,900.000,850.000,-1,-1,2,0,2,0,2,0,0,0,0,2,2,2,2,0,0,2,2
55,1213.196,8568.321,-173.497,-69.736,0.346310,0.938092,-0.007272,-0.938104,0.346339,0.003133,0.005458,0.005737,0.999969,0,0.94777,-0.36700,56.866,-0.734,-1,400.000,-1,400.000,-1,325.000,325.000,300.000,300.000,-1,-1,-1,-1,925.000,850.000,-1,-1,2,0,2,0,2,0,0,0,0,2,2,2,2,0,0,2,2
56,1232.261,8514.546,-173.397,-70.479,0.334123,0.942502,-0.007179,-0.942522,0.334141,0.001463,0.003778,0.006278,0.999973,0,0.95092,-0.37158,57.055,-0.743,-1,425.000,-1,400.000,-1,325.000,325.000,300.000,300.000,-1,-1,-1,-1,925.000,850.000,-1,-1,2,0,2,0,2,0,0,0,0,2,2,2,2,0,0,2,2
57,1250.676,8460.351,-173.329,-71.232,0.321726,0.946806,-0.007102,-0.946830,0.321733,-0.000183,0.002112,0.006784,0.999975,0,0.95396,-0.37625,57.237,-0.752,-1,425.000,-1,400.000,-1,325.000,325.000,300.000,300.000,-1,-1,-1,-1,925.000,825.000,-1,-1,2,0,2,0,2,0,0,0,0,2,2,2,2,0,0,2,2
58,1268.424,8405.751,-173.432,-71.994,0.309117,0.951002,-0.006499,-0.951024,0.309113,-0.001635,0.000454,0.006686,0.999978,0,0.95688,-0.38101,57.413,-0.762,-1,425.000,-1,400.000,-1,325.000,325.000,300.000,300.000,-1,-1,-1,-1,925.000,825.000,-1,-1,2,0,2,0,2,0,0,0,0,2,2,2,2,0,0,2,2
59,1285.483,8350.756,-173.715,-72.766,0.296292,0.955083,-0.005173,-0.955096,0.296278,-0.003355,-0.001671,0.005935,0.999981,0,0.95966,-0.38586,57.580,-0.772,-1,425.000,-1,400.000,-1,325.000,325.000,300.000,300.000,-1,-1,-1,-1,900.000,825.000,-1,-1,2,0,2,0,2,0,0,0,0,2,2,2,2,0,0,2,2
60,1301.836,8295.382,-174.069,-73.547,0.283243,0.959041,-0.003670,-0.959040,0.283223,-0.005156,-0.003906,0.004980,0.999980,0,0.96230,-0.39082,57.738,-0.782,-1,425.000,-1,400.000,-1,325.000,325.000,300.000,300.000,-1,-1,-1,-1,900.000,825.000,-1,-1,2,0,2,0,2,0,0,0,0,2,2,2,2,0,0,2,2
61,1317.463,8239.645,-174.463,-74.339,0.269965,0.962868,-0.002213,-0.962851,0.269944,-0.006955,-0.006100,0.004009,0.999973,0,0.96478,-0.39589,57.887,-0.792,-1,400.000,-1,400.000,-1,325.000,325.000,300.000,300.000,-1,-1,-1,-1,900.000,800.000,-1,-1,2,0,2,0,2,0,0,0,0,2,2,2,2,0,0,2,2
62,1332.343,8183.559,-174.894,-75.141,0.256456,0.966556,-0.000807,-0.966521,0.256439,-0.008749,-0.008250,0.003024,0.999961,0,0.96709,-0.40106,58.025,-0.802,-1,400.000,-1,400.000,-1,325.000,325.000,300.000,300.000,-1,-1,-1,-1,875.000,800.000,-1,-1,2,0,2,0,2,0,0,0,0,2,2,2,2,0,0,2,2
63,1346.456,8127.145,-175.354,-75.954,0.242712,0.970098,0.000566,-0.970043,0.242704,-0.010546,-0.010368,0.002011,0.999944,0,0.96921,-0.40636,58.153,-0.813,-1,400.000,-1,400.000,-1,325.000,325.000,300.000,300.000,-1,-1,-1,-1,875.000,800.000,-1,-1,2,0,2,0,2,0,0,0,0,2,2,2,2,0,0,2,2
64,1359.784,8070.422,-175.841,-76.777,0.228730,0.973488,0.001902,-0.973410,0.228736,-0.012344,-0.012452,0.000972,0.999922,0,0.97113,-0.41177,58.268,-0.824,-1,400.000,-1,400.000,-1,325.000,325.000,300.000,300.000,-1,-1,-1,-1,850.000,775.000,-1,-1,2,0,2,0,2,0,0,0,0,2,2,2,2,0,0,2,2
65,1371.484,8018.250,-176.311,-77.361,0.218787,0.975768,0.003127,-0.975667,0.218810,-0.013995,-0.014340,0.000011,0.999897,0,0.89113,-0.29177,53.468,-0.584,-1,400.000,-1,400.000,-1,325.000,325.000,300.000,300.000,-1,-1,-1,-1,850.000,775.000,-1,-1,2,0,2,0,2,0,0,0,0,2,2,2,2,0,0,2,2
66,1382.414,7968.103,-176.784,-77.704,0.212913,0.977062,0.004331,-0.976938,0.212955,-0.015579,-0.016144,-0.000914,0.999869,0,0.85541,-0.17177,51.325,-0.344,-1,400.000,-1,400.000,-1,325.000,325.000,300.000,300.000,-1,-1,-1,-1,850.000,775.000,-1,-1,2,0,2,0,2,0,0,0,0,2,2,2,2,0,0,2,2
67,1393.259,7917.905,-177.382,-77.808,0.211131,0.977444,0.005158,-0.977298,0.211189,-0.016949,-0.017656,-0.001463,0.999843,0,0.85592,-0.05177,51.355,-0.104,-1,400.000,-1,400.000,-1,325.000,325.000,300.000,300.000,-1,-1,-1,-1,850.000,750.000,-1,-1,2,0,2,0,2,0,0,0,0,2,2,2,2,0,0,2,2
68,1404.223,7867.743,-178.200,-77.672,0.213455,0.976939,0.005285,-0.976771,0.213516,-0.018147,-0.018856,-0.001288,0.999821,0,0.85578,0.06823,51.347,0.136,-1,400.000,-1,400.000,-1,325.000,325.000,300.000,300.000,-1,-1,-1,-1,825.000,750.000,-1,-1,2,0,2,0,2,0,0,0,0,2,2,2,2,0,0,2,2
69,1415.504,7817.705,-179.086,-77.295,0.219862,0.975515,0.005602,-0.975327,0.219930,-0.019204,-0.019965,-0.001242,0.999800,0,0.85489,0.18823,51.293,0.376,-1,400.000,-1,400.000,-1,325.000,325.000,325.000,300.000,-1,-1,-1,-1,825.000,725.000,-1,-1,2,0,2,0,2,0,0,0,0,2,2,2,2,0,0,2,2
70,1427.258,7767.882,-180.139,-76.725,0.229534,0.973279,0.006469,-0.973082,0.229618,-0.019671,-0.020631,-0.001780,0.999786,0,0.85318,0.28484,51.191,0.570,-1,400.000,-1,400.000,-1,325.000,325.000,325.000,300.000,-1,-1,-1,-1,825.000,725.000,-1,-1,2,0,2,0,2,0,0,0,0,2,2,2,2,0,0,2,2
71,1439.458,7718.323,-181.203,-76.171,0.238921,0.971011,0.007372,-0.970805,0.239023,-0.020137,-0.021315,-0.002346,0.999770,0,0.85065,0.27716,51.039,0.554,-1,400.000,-1,400.000,-1,325.000,325.000,325.000,300.000,-1,-1,-1,-1,800.000,725.000,-1,-1,2,0,2,0,2,0,0,0,0,2,2,2,2,0,0,2,2
72,1452.078,7669.056,-182.277,-75.632,0.248023,0.968718,0.008311,-0.968504,0.248145,-0.020597,-0.022015,-0.002941,0.999753,0,0.84762,0.26945,50.857,0.539,-1,400.000,-1,375.000,-1,325.000,325.000,325.000,300.000,-1,-1,-1,-1,800.000,700.000,-1,-1,2,0,2,0,2,0,0,0,1,2,2,2,2,0,0,2,2
73,1465.094,7620.108,-183.377,-75.109,0.256841,0.966409,0.009326,-0.966187,0.256985,-0.020995,-0.022686,-0.003619,0.999736,0,0.84414,0.26176,50.649,0.524,-1,400.000,-1,375.000,-1,325.000,325.000,325.000,300.000,-1,-1,-1,-1,800.000,700.000,-1,-1,2,0,2,0,2,0,0,0,1,2,2,2,2,0,0,2,2
74,1478.489,7571.506,-184.510,-74.592,0.265517,0.964050,0.010447,-0.963825,0.265685,-0.021286,-0.023296,-0.004417,0.999719,0,0.84024,0.25825,50.414,0.516,-1,400.000,-1,375.000,-1,325.000,325.000,325.000,300.000,-1,-1,-1,-1,775.000,700.000,-1,-1,2,0,2,0,2,0,0,0,1,2,2,2,2,0,0,2,2
75,1492.246,7523.273,-185.659,-74.080,0.274091,0.961634,0.011615,-0.961407,0.274287,-0.021546,-0.023905,-0.005261,0.999700,0,0.83594,0.25595,50.156,0.512,-1,400.000,-1,375.000,-1,325.000,325.000,325.000,300.000,-1,-1,-1,-1,775.000,675.000,-1,-1,2,0,2,0,2,0,0,0,0,2,2,2,2,0,0,2,2
76,1504.894,7479.716,-186.717,-73.808,0.278624,0.960316,0.012696,-0.960090,0.278846,-0.021745,-0.024422,-0.006130,0.999683,0,0.75594,0.13595,45.356,0.272,-1,400.000,-1,375.000,-1,325.000,325.000,325.000,300.000,-1,-1,-1,-1,775.000,675.000,-1,-1,2,0,2,0,2,0,0,0,0,2,2,2,2,0,0,2,2
77,1516.225,7440.775,-187.677,-73.776,0.279132,0.960155,0.013671,-0.959931,0.279379,-0.021896,-0.024843,-0.007011,0.999667,0,0.67594,0.01595,40.556,0.032,-1,400.000,-1,375.000,-1,325.000,300.000,325.000,300.000,-1,-1,-1,-1,750.000,675.000,-1,-1,2,0,2,0,2,0,0,0,0,2,2,2,2,0,0,2,2
78,1526.156,7406.178,-188.540,-73.985,0.275618,0.961157,0.014533,-0.960938,0.275888,-0.022010,-0.025165,-0.007899,0.999652,0,0.59990,-0.10405,35.994,-0.208,-1,400.000,-1,375.000,-1,325.000,300.000,325.000,300.000,-1,-1,-1,-1,750.000,675.000,-1,-1,2,0,2,0,2,0,0,0,0,2,2,2,2,0,0,2,2
79,1535.773,7371.657,-189.409,-74.433,0.268066,0.963278,0.015381,-0.963065,0.268360,-0.022108,-0.025424,-0.008886,0.999637,0,0.59726,-0.22405,35.836,-0.448,-1,400.000,-1,375.000,-1,325.000,300.000,325.000,300.000,-1,-1,-1,-1,750.000,650.000,-1,-1,2,0,2,0,2,0,0,0,0,2,2,2,2,0,0,2,2
80,1544.954,7337.155,-190.283,-75.099,0.256823,0.966323,0.016209,-0.966119,0.257141,-0.022196,-0.025616,-0.009959,0.999622,0,0.59505,-0.33304,35.703,-0.666,-1,400.000,-1,375.000,-1,300.000,300.000,325.000,300.000,-1,-1,-1,-1,725.000,650.000,-1,-1,2,0,2,0,2,0,0,0,0,2,2,2,2,0,0,2,2
81,1553.707,7302.652,-191.159,-75.766,0.245524,0.969241,0.017035,-0.969048,0.245867,-0.022278,-0.025781,-0.011038,0.999607,0,0.59326,-0.33366,35.595,-0.667,-1,375.000,-1,350.000,-1,300.000,300.000,325.000,300.000,-1,-1,-1,-1,725.000,650.000,-1,-1,2,0,2,0,2,0,0,0,0,2,2,2,2,0,0,2,2
82,1562.031,7268.156,-192.056,-76.434,0.234177,0.972032,0.017775,-0.971850,0.234541,-0.022317,-0.025862,-0.012049,0.999593,0,0.59144,-0.33418,35.486,-0.668,-1,375.000,-1,350.000,-1,300.000,300.000,325.000,300.000,-1,-1,-1,-1,700.000,650.000,-1,-1,2,0,2,0,2,0,0,0,0,2,2,2,2,0,0,2,2
83,1569.926,7233.672,-192.775,-77.104,0.222777,0.974684,0.019035,-0.974540,0.223167,-0.021639,-0.025339,-0.013730,0.999585,0,0.58960,-0.33462,35.376,-0.669,-1,375.000,-1,350.000,-1,300.000,300.000,325.000,325.000,-1,-1,-1,-1,700.000,650.000,-1,-1,2,0,2,0,2,0,0,0,0,2,2,2,2,0,0,2,2
84,1577.395,7199.208,-193.437,-77.774,0.211335,0.977199,0.020478,-0.977103,0.211749,-0.020766,-0.024629,-0.015621,0.999575,0,0.58774,-0.33497,35.264,-0.670,-1,375.000,-1,350.000,-1,300.000,300.000,325.000,325.000,-1,-1,-1,-1,700.000,650.000,-1,-1,2,0,2,0,2,0,0,0,0,2,2,2,2,0,0,2,2
85,1584.437,7164.768,-194.097,-78.444,0.199858,0.979579,0.021938,-0.979533,0.200294,-0.019910,-0.023897,-0.017510,0.999561,0,0.58588,-0.33522,35.153,-0.670,-1,375.000,-1,350.000,-1,300.000,300.000,325.000,325.000,-1,-1,-1,-1,700.000,650.000,-1,-1,2,0,2,0,2,0,0,0,0,2,2,2,2,0,0,2,2
86,1591.055,7130.358,-194.541,-79.115,0.188386,0.981839,0.022415,-0.981838,0.188809,-0.018557,-0.022453,-0.018512,0.999577,0,0.58401,-0.33539,35.041,-0.671,-1,375.000,-1,350.000,-1,300.000,300.000,325.000,325.000,-1,-1,-1,-1,700.000,650.000,-1,-1,2,0,2,0,2,0,0,0,0,2,2,2,2,0,0,2,2
87,1597.249,7095.982,-194.868,-79.786,0.176905,0.983973,0.022396,-0.984012,0.177297,-0.016924,-0.020623,-0.019044,0.999606,0,0.58215,-0.33547,34.929,-0.671,-1,375.000,-1,350.000,-1,300.000,300.000,325.000,325.000,-1,-1,-1,-1,700.000,650.000,-1,-1,2,0,2,0,2,0,0,0,0,2,2,2,2,0,0,2,2
88,1603.214,7059.566,-195.204,-80.697,0.161273,0.986657,0.022352,-0.986735,0.161630,-0.015176,-0.018586,-0.019608,0.999635,0,0.61503,-0.45547,36.902,-0.911,975.000,375.000,-1,350.000,-1,300.000,300.000,325.000,325.000,-1,-1,-1,-1,675.000,650.000,-1,-1,1,0,2,0,2,0,0,0,0,2,2,2,2,0,0,2,2
89,1608.434,7023.128,-195.527,-81.848,0.141459,0.989693,0.022292,-0.989808,0.141777,-0.013408,-0.016430,-0.020168,0.999662,0,0.61350,-0.57547,36.810,-1.151,950.000,375.000,-1,375.000,-1,300.000,300.000,325.000,325.000,-1,-1,-1,-1,675.000,650.000,-1,-1,1,0,2,0,2,0,0,0,0,2,2,2,2,0,0,2,2
90,1612.761,6986.635,-195.835,-83.239,0.117433,0.992832,0.022231,-0.992980,0.117710,-0.011613,-0.014147,-0.020711,0.999685,0,0.61248,-0.69547,36.749,-1.391,900.000,375.000,-1,375.000,-1,300.000,300.000,325.000,325.000,-1,-1,-1,-1,675.000,650.000,-1,-1,1,0,2,0,2,0,0,0,0,2,2,2,2,0,0,2,2
91,1616.158,6950.074,-196.129,-84.692,0.092249,0.995488,0.022213,-0.995666,0.092484,-0.009795,-0.011805,-0.021213,0.999705,0,0.61198,-0.72685,36.719,-1.454,875.000,375.000,-1,375.000,-1,300.000,300.000,325.000,325.000,-1,725.000,-1,-1,650.000,650.000,-1,-1,1,0,2,0,2,0,0,0,0,2,0,2,2,0,0,2,2
92,1618.624,6913.460,-196.411,-86.146,0.067014,0.997504,0.022249,-0.997707,0.067205,-0.007956,-0.009431,-0.021665,0.999721,0,0.61162,-0.72667,36.697,-1.453,875.000,375.000,-1,375.000,-1,300.000,300.000,325.000,325.000,-1,550.000,800.000,-1,650.000,650.000,-1,-1,1,0,2,0,2,0,0,0,0,2,0,0,2,0,0,2,2
93,1620.161,6876.816,-196.679,-87.599,0.041745,0.998879,0.022338,-0.999104,0.041890,-0.006101,-0.007030,-0.022063,0.999732,0,0.61126,-0.72648,36.675,-1.453,875.000,375.000,-1,375.000,-1,300.000,300.000,325.000,325.000,-1,475.000,625.000,-1,650.000,650.000,-1,-1,1,0,2,0,2,0,0,0,0,2,0,0,2,0,0,2,2
94,1620.768,6840.167,-196.932,-89.051,0.016457,0.999612,0.022478,-0.999854,0.016556,-0.004235,-0.004605,-0.022405,0.999738,0,0.61091,-0.72627,36.654,-1.453,900.000,375.000,-1,375.000,-1,300.000,300.000,325.000,325.000,-1,425.000,500.000,-1,650.000,650.000,-1,-1,1,0,2,0,2,0,0,0,0,2,0,0,2,0,0,2,2
95,1620.446,6803.534,-197.170,-90.503,-0.008831,0.999704,0.022668,-0.999959,-0.008780,-0.002361,-0.002161,-0.022688,0.999740,0,0.61056,-0.72604,36.634,-1.452,900.000,375.000,-1,375.000,-1,300.000,300.000,325.000,325.000,-1,375.000,425.000,-1,625.000,650.000,-1,-1,1,0,2,0,2,0,0,0,0,2,0,0,2,0,0,2,2
96,1619.197,6766.942,-197.391,-91.955,-0.034104,0.999156,0.022905,-0.999418,-0.034101,-0.000484,0.000297,-0.022908,0.999738,0,0.61022,-0.72579,36.613,-1.452,950.000,375.000,-1,375.000,-1,300.000,300.000,325.000,325.000,-1,350.000,350.000,-1,625.000,650.000,-1,-1,1,0,2,0,2,0,0,0,0,2,0,0,2,0,0,2,2
97,1617.023,6730.413,-197.596,-93.406,-0.059344,0.997968,0.023188,-0.998234,-0.059392,0.001393,0.002767,-0.023065,0.999730,0,0.60989,-0.72553,36.594,-1.451,1000.000,350.000,-1,375.000,-1,300.000,300.000,325.000,325.000,-1,325.000,325.000,-1,625.000,650.000,-1,-1,1,0,2,0,2,0,0,0,0,2,0,0,2,0,0,2,2
98,1613.927,6693.970,-197.783,-94.856,-0.084535,0.996143,0.023514,-0.996407,-0.084634,0.003266,0.005244,-0.023153,0.999718,0,0.60957,-0.72524,36.574,-1.450,-1,350.000,-1,375.000,-1,300.000,300.000,325.000,325.000,-1,325.000,275.000,-1,625.000,650.000,-1,-1,2,0,2,0,2,0,0,0,0,2,0,0,2,0,0,2,2
99,1609.911,6657.635,-197.951,-96.306,-0.109660,0.993682,0.023880,-0.993939,-0.109812,0.005133,0.007723,-0.023172,0.999702,0,0.60926,-0.72495,36.555,-1.450,-1,350.000,-1,375.000,-1,300.000,300.000,325.000,325.000,-1,300.000,250.000,-1,600.000,675.000,-1,-1,2,0,2,0,2,0,0,0,0,2,0,0,2,0,0,2,2
100,1604.981,6621.433,-198.099,-97.755,-0.134705,0.990588,0.024282,-0.990833,-0.134909,0.006990,0.010200,-0.023118,0.999681,0,0.60895,-0.72463,36.537,-1.449,-1,350.000,-1,375.000,-1,300.000,300.000,325.000,325.000,-1,275.000,225.000,-1,600.000,675.000,-1,-1,2,0,2,0,2,0,0,0,0,2,0,0,2,0,0,2,2
101,1599.139,6585.383,-197.867,-99.204,-0.159680,0.986896,0.023198,-0.987093,-0.159914,0.008618,0.012214,-0.021522,0.999694,0,0.60865,-0.72430,36.519,-1.449,-1,350.000,-1,375.000,-1,300.000,300.000,325.000,325.000,-1,300.000,225.000,-1,600.000,675.000,-1,-1,2,0,2,0,2,0,0,0,0,2,0,0,2,0,0,2,2
102,1592.391,6549.511,-197.153,-100.652,-0.184559,0.982610,0.020402,-0.982708,-0.184813,0.011332,0.014906,-0.017958,0.999728,0,0.60836,-0.72396,36.502,-1.448,-1,350.000,-1,375.000,-1,300.000,300.000,325.000,325.000,-1,325.000,225.000,-1,600.000,675.000,-1,-1,2,0,2,0,2,0,0,0,0,2,0,0,2,0,0,2,2
103,1584.025,6510.425,-196.277,-102.081,-0.209016,0.977751,0.017761,-0.977757,-0.209272,0.014039,0.017444,-0.014432,0.999744,0,0.66618,-0.71451,39.971,-1.429,-1,350.000,-1,375.000,-1,300.000,300.000,325.000,325.000,-1,350.000,225.000,-1,625.000,675.000,-1,-1,2,0,2,0,2,0,0,0,0,2,0,0,2,0,0,2,2
104,1574.674,6471.525,-195.040,-103.516,-0.233431,0.972233,0.016527,-0.972168,-0.233698,0.016591,0.019992,-0.012194,0.999726,0,0.66681,-0.71745,40.008,-1.435,-1,350.000,-1,375.000,-1,300.000,300.000,325.000,325.000,-1,375.000,250.000,-1,625.000,700.000,-1,-1,2,0,2,0,2,0,0,0,0,2,0,0,2,0,0,2,2
105,1564.339,6432.839,-193.675,-104.957,-0.257793,0.966069,0.015930,-0.965930,-0.258076,0.019383,0.022837,-0.010390,0.999685,0,0.66737,-0.72043,40.042,-1.441,-1,350.000,-1,375.000,-1,300.000,300.000,350.000,325.000,-1,400.000,275.000,-1,625.000,700.000,-1,-1,2,0,2,0,2,0,0,0,0,2,0,0,2,0,0,2,2
106,1553.022,6394.397,-192.311,-106.404,-0.282100,0.959261,0.015426,-0.959044,-0.282392,0.022140,0.025594,-0.008549,0.999636,0,0.66788,-0.72345,40.073,-1.447,-1,350.000,-1,375.000,-1,300.000,300.000,350.000,325.000,-1,425.000,300.000,-1,625.000,725.000,-1,-1,2,0,2,0,2,0,0,0,0,2,0,0,2,0,0,2,2
107,1540.726,6356.229,-190.950,-107.857,-0.306335,0.951805,0.015014,-0.951504,-0.306630,0.024853,0.028259,-0.006673,0.999578,0,0.66833,-0.72651,40.100,-1.453,-1,375.000,-1,375.000,-1,300.000,300.000,325.000,325.000,-1,450.000,325.000,-1,650.000,725.000,-1,-1,2,0,2,0,2,0,0,0,0,2,0,0,2,0,0,2,2
108,1527.454,6318.365,-189.594,-109.316,-0.330480,0.943699,0.014692,-0.943309,-0.330772,0.027516,0.030827,-0.004765,0.999513,0,0.66871,-0.72962,40.123,-1.459,-1,375.000,-1,400.000,-1,300.000,325.000,325.000,325.000,-1,450.000,325.000,-1,650.000,750.000,-1,-1,2,0,2,0,2,0,0,0,0,2,0,0,2,0,0,2,2
109,1513.212,6280.835,-188.245,-110.781,-0.354519,0.934937,0.014456,-0.934456,-0.354802,0.030124,0.033293,-0.002828,0.999442,0,0.66902,-0.73277,40.141,-1.466,-1,375.000,-1,400.000,-1,300.000,325.000,325.000,325.000,-1,475.000,350.000,-1,675.000,750.000,-1,-1,2,0,2,0,2,0,0,0,0,2,0,0,2,0,0,2,2
110,1498.005,6243.671,-187.007,-112.253,-0.378424,0.925518,0.014566,-0.924958,-0.378702,0.032198,0.035316,-0.001289,0.999375,0,0.66925,-0.73597,40.155,-1.472,-1,375.000,-1,400.000,-1,300.000,325.000,325.000,325.000,-1,500.000,375.000,-1,675.000,775.000,-1,-1,2,0,2,0,2,0,0,0,1,2,0,0,2,0,0,2,2
111,1481.841,6206.903,-185.853,-113.732,-0.402179,0.915440,0.014911,-0.914813,-0.402456,0.033850,0.036989,-0.000027,0.999316,0,0.66940,-0.73921,40.164,-1.478,-1,375.000,-1,400.000,-1,325.000,325.000,325.000,325.000,-1,525.000,325.000,-1,675.000,775.000,-1,-1,2,0,2,0,2,0,0,0,1,2,0,0,2,0,0,2,2
112,1464.728,6170.563,-184.710,-115.217,-0.425772,0.904702,0.015287,-0.904009,-0.426044,0.035412,0.038550,0.001258,0.999256,0,0.66946,-0.74251,40.168,-1.485,-1,375.000,-1,400.000,-1,325.000,325.000,300.000,300.000,-1,550.000,300.000,-1,675.000,775.000,-1,-1,2,0,2,0,2,0,0,0,1,2,0,0,2,0,0,2,2
113,1446.675,6134.682,-183.579,-116.708,-0.449183,0.893302,0.015688,-0.892544,-0.449450,0.036882,0.039998,0.002565,0.999196,0,0.66944,-0.74585,40.166,-1.492,-1,375.000,-1,400.000,-1,325.000,325.000,300.000,300.000,-1,600.000,275.000,-1,700.000,800.000,-1,-1,2,0,2,1,2,0,0,0,1,2,0,0,2,0,0,2,2
114,1427.693,6099.292,-182.463,-118.207,-0.472396,0.881239,0.016107,-0.880417,-0.472654,0.038260,0.041330,0.003893,0.999138,0,0.66932,-0.74924,40.159,-1.498,-1,375.000,-1,400.000,-1,325.000,325.000,300.000,300.000,-1,600.000,250.000,-1,700.000,800.000,-1,-1,2,0,2,1,2,0,0,0,1,2,0,0,2,0,0,2,2
115,1407.795,6064.423,-181.111,-119.712,-0.495440,0.868508,0.015257,-0.867639,-0.495636,0.039346,0.041734,0.006256,0.999109,0,0.66911,-0.75267,40.147,-1.505,-1,375.000,-1,400.000,-1,325.000,325.000,300.000,275.000,-1,650.000,275.000,-1,700.000,800.000,-1,-1,2,0,2,1,2,0,0,0,1,2,0,0,2,0,0,2,2
116,1386.994,6030.108,-179.542,-121.225,-0.518291,0.855102,0.013206,-0.854208,-0.518371,0.040253,0.041266,0.009582,0.999102,0,0.66880,-0.75616,40.128,-1.512,-1,375.000,-1,400.000,-1,325.000,325.000,300.000,275.000,-1,750.000,350.000,-1,700.000,800.000,-1,-1,2,0,2,0,2,0,0,0,1,2,0,0,2,0,0,2,2
117,1362.540,5992.418,-177.677,-122.977,-0.544283,0.838821,0.011637,-0.837896,-0.544257,0.041415,0.041074,0.012791,0.999074,0,0.74880,-0.87616,44.928,-1.752,-1,375.000,-1,400.000,-1,325.000,325.000,300.000,275.000,-1,850.000,450.000,-1,725.000,800.000,-1,-1,2,0,2,0,2,0,0,0,1,2,0,0,2,0,0,2,2
118,1334.064,5951.650,-174.625,-124.933,-0.572548,0.819747,0.014279,-0.818696,-0.572573,0.043546,0.043872,0.013242,0.998949,0,0.82880,-0.97822,49.728,-1.956,-1,400.000,-1,425.000,-1,325.000,325.000,300.000,250.000,-1,900.000,475.000,-1,750.000,825.000,-1,-1,2,0,2,0,2,0,0,0,1,2,0,0,2,0,0,2,2
119,1301.328,5908.042,-171.618,-126.895,-0.600254,0.799648,0.016075,-0.798480,-0.600294,0.045570,0.046090,0.014519,0.998832,0,0.90880,-0.98106,54.528,-1.962,-1,400.000,-1,425.000,-1,325.000,350.000,300.000,250.000,-1,875.000,475.000,-1,775.000,875.000,-1,-1,2,0,2,0,2,0,0,0,1,2,0,0,2,0,0,2,2
120,1266.885,5865.299,-168.932,-128.864,-0.627378,0.778533,0.016792,-0.777269,-0.627382,0.047377,0.047420,0.016672,0.998736,0,0.91489,-0.98406,54.894,-1.968,-1,400.000,-1,425.000,-1,325.000,350.000,300.000,250.000,-1,925.000,525.000,-1,775.000,875.000,-1,-1,2,0,2,0,2,0,0,0,1,2,0,0,2,0,0,2,2
121,1231.058,5823.846,-166.533,-130.838,-0.653874,0.756424,0.016508,-0.755098,-0.653793,0.048816,0.047718,0.019454,0.998671,0,0.91315,-0.98696,54.789,-1.974,-1,400.000,-1,450.000,-1,350.000,350.000,300.000,225.000,975.000,-1,600.000,-1,800.000,875.000,-1,-1,2,0,2,0,2,0,0,0,1,1,2,0,2,0,0,2,2
122,1193.902,5783.745,-164.311,-132.817,-0.679627,0.733370,0.016569,-0.732063,-0.679511,0.048456,0.046795,0.020802,0.998688,0,0.91114,-0.98970,54.668,-1.979,-1,425.000,-1,450.000,-1,350.000,350.000,300.000,225.000,950.000,-1,750.000,-1,800.000,875.000,-1,-1,2,0,2,0,2,0,0,0,1,1,2,0,2,0,0,2,2
123,1155.477,5745.052,-162.453,-134.802,-0.704662,0.709368,0.015745,-0.708100,-0.704470,0.048130,0.045233,0.022766,0.998717,0,0.90885,-0.99228,54.531,-1.985,-1,425.000,-1,450.000,-1,350.000,350.000,300.000,225.000,950.000,-1,1000.000,-1,800.000,875.000,-1,-1,2,0,2,0,2,0,0,0,1,1,2,0,2,0,0,2,2
124,1115.844,5707.821,-160.910,-136.791,-0.728934,0.684442,0.013957,-0.683233,-0.728625,0.047944,0.042984,0.025412,0.998753,0,0.90630,-0.99470,54.378,-1.989,-1,400.000,-1,425.000,-1,350.000,350.000,300.000,200.000,975.000,-1,-1,-1,800.000,850.000,-1,-1,2,0,2,0,2,0,0,0,1,1,2,2,2,0,0,2,2
125,1075.067,5672.103,-159.662,-138.785,-0.752392,0.658618,0.011320,-0.657493,-0.751931,0.047983,0.040115,0.028659,0.998784,0,0.90348,-0.99694,54.209,-1.994,-1,400.000,-1,425.000,-1,325.000,350.000,300.000,200.000,1000.000,-1,-1,-1,800.000,850.000,-1,-1,2,0,2,0,2,0,0,0,1,1,2,2,2,0,0,2,2
126,1033.212,5637.944,-158.707,-140.783,-0.774984,0.631931,0.007966,-0.630919,-0.774349,0.048217,0.036638,0.032342,0.998805,0,0.90040,-0.99900,54.024,-1.998,-1,400.000,-1,425.000,-1,325.000,350.000,300.000,175.000,-1,-1,-1,-1,775.000,825.000,-1,-1,2,0,2,0,2,0,0,0,1,2,2,2,2,0,0,2,2
127,990.350,5605.387,-158.013,-142.783,-0.796643,0.604437,0.004023,-0.603567,-0.795820,0.048745,0.032665,0.036404,0.998803,0,0.89709,-1.00000,53.825,-2.000,-1,400.000,-1,425.000,-1,325.000,325.000,300.000,175.000,-1,-1,-1,-1,775.000,775.000,-1,-1,2,0,2,0,2,0,0,0,1,2,2,2,2,0,0,2,2
128,946.551,5574.468,-157.437,-144.783,-0.817317,0.576187,-0.000875,-0.575508,-0.816277,0.049826,0.027995,0.041227,0.998758,0,0.89355,-1.00000,53.613,-2.000,-1,400.000,-1,400.000,-1,325.000,325.000,300.000,175.000,-1,-1,-1,-1,750.000,750.000,-1,-1,2,0,2,0,2,0,0,0,1,2,2,2,2,0,0,2,2
129,901.887,5545.219,-156.796,-146.783,-0.836956,0.547247,-0.005076,-0.546758,-0.835734,0.051037,0.023687,0.045491,0.998684,0,0.88981,-1.00000,53.388,-2.000,-1,400.000,-1,400.000,-1,325.000,325.000,300.000,150.000,-1,-1,-1,-1,725.000,725.000,-1,-1,2,0,2,0,2,0,0,0,1,2,2,2,2,0,0,2,2
130,856.429,5517.670,-155.483,-148.783,-0.855533,0.517717,-0.005645,-0.517293,-0.854274,0.051231,0.021701,0.046750,0.998671,0,0.88589,-1.00000,53.153,-2.000,-1,400.000,-1,375.000,-1,325.000,325.000,300.000,150.000,-1,-1,-1,-1,725.000,725.000,-1,-1,2,0,2,0,2,0,0,0,1,2,2,2,2,0,0,2,2
131,810.250,5491.844,-153.737,-150.783,-0.873038,0.487607,-0.006576,-0.487314,-0.871855,0.048922,0.018121,0.045916,0.998781,0,0.88183,-1.00000,52.910,-2.000,-1,375.000,-1,375.000,-1,325.000,325.000,300.000,150.000,-1,-1,-1,-1,725.000,700.000,-1,-1,2,0,2,0,2,0,0,0,1,2,2,2,2,0,0,2,2
132,763.420,5467.762,-151.522,-152.783,-0.889458,0.456945,-0.008170,-0.456837,-0.888462,0.043989,0.012842,0.042859,0.998999,0,0.87765,-1.00000,52.659,-2.000,-1,375.000,-1,375.000,-1,300.000,300.000,300.000,175.000,-1,-1,-1,-1,700.000,700.000,-1,-1,2,0,2,0,2,0,0,0,1,2,2,2,2,0,0,2,2
133,716.009,5445.436,-149.614,-154.783,-0.904812,0.425703,-0.009586,-0.425727,-0.903960,0.040164,0.008433,0.040422,0.999147,0,0.87341,-1.00000,52.404,-2.000,-1,375.000,-1,375.000,-1,300.000,300.000,300.000,175.000,-1,-1,-1,-1,675.000,700.000,-1,-1,2,0,2,0,2,0,0,0,1,2,2,2,2,0,0,2,2
134,668.084,5424.880,-147.889,-156.783,-0.919083,0.393931,-0.010236,-0.394030,-0.918348,0.037108,0.005218,0.038138,0.999259,0,0.86912,-1.00000,52.147,-2.000,-1,375.000,-1,375.000,-1,300.000,300.000,300.000,175.000,-1,-1,-1,-1,650.000,675.000,-1,-1,2,0,2,0,2,0,0,0,1,2,2,2,2,0,0,2,2
135,619.710,5406.101,-146.502,-158.783,-0.932247,0.361662,-0.010753,-0.361812,-0.931591,0.035080,0.002670,0.036594,0.999327,0,0.86484,-1.00000,51.891,-2.000,-1,375.000,-1,375.000,-1,300.000,300.000,300.000,175.000,-1,-1,-1,-1,650.000,675.000,-1,-1,2,0,2,0,2,0,0,0,1,2,2,2,2,0,0,2,2
136,570.951,5389.106,-145.454,-160.783,-0.944287,0.328941,-0.010993,-0.329123,-0.943676,0.033961,0.000797,0.035687,0.999363,0,0.86060,-1.00000,51.636,-2.000,-1,350.000,-1,375.000,850.000,300.000,300.000,300.000,175.000,-1,-1,-1,-1,650.000,675.000,-1,-1,2,0,2,0,1,0,0,0,1,2,2,2,2,0,0,2,2
