timestep,x_cm,y_cm,z_cm,yaw_deg,basis_xx,basis_xy,basis_xz,basis_yx,basis_yy,basis_yz,basis_zx,basis_zy,basis_zz,teleport_flag,throttle_cmd,steering_cmd,cmd_move_cm,cmd_turn_deg,lidar_cm_0,lidar_cm_1,lidar_cm_2,lidar_cm_3,lidar_cm_4,lidar_cm_5,lidar_cm_6,lidar_cm_7,lidar_cm_8,lidar_cm_9,lidar_cm_10,lidar_cm_11,lidar_cm_12,lidar_cm_13,lidar_cm_14,lidar_cm_15,lidar_cm_16,lidar_class_0,lidar_class_1,lidar_class_2,lidar_class_3,lidar_class_4,lidar_class_5,lidar_class_6,lidar_class_7,lidar_class_8,lidar_class_9,lidar_class_10,lidar_class_11,lidar_class_12,lidar_class_13,lidar_class_14,lidar_class_15,lidar_class_16
0,-4264.295,988.643,-33.240,97.993,-0.141266,-0.984383,-0.105043,0.989755,-0.138217,-0.035790,0.020713,-0.109022,0.993823,1,0.08000,-0.12000,4.800,-0.240,-1,375.000,-1,400.000,-1,300.000,325.000,325.000,325.000,625.000,350.000,375.000,-1,650.000,725.000,-1,-1,2,0,2,0,2,0,0,0,0,1,1,1,2,0,0,2,2
1,-4265.579,998.157,-33.038,97.691,-0.136136,-0.985130,-0.104813,0.990455,-0.133036,-0.036051,0.021572,-0.108720,0.993838,0,0.16000,-0.15086,9.600,-0.302,-1,375.000,-1,400.000,-1,300.000,325.000,325.000,325.000,650.000,375.000,375.000,-1,650.000,725.000,-1,-1,2,0,2,0,2,0,0,0,0,1,1,1,2,0,0,2,2
2,-4267.430,1012.438,-32.725,97.388,-0.130985,-0.985865,-0.104462,0.991127,-0.127823,-0.036435,0.022568,-0.108308,0.993861,0,0.24000,-0.15171,14.400,-0.303,-1,375.000,-1,400.000,-1,300.000,325.000,325.000,325.000,675.000,375.000,400.000,-1,650.000,725.000,-1,-1,2,0,2,0,2,0,0,0,0,1,1,1,2,0,0,2,2
3,-4269.796,1031.492,-32.294,97.082,-0.125797,-0.986591,-0.103990,0.991773,-0.122564,-0.036941,0.023701,-0.107781,0.993892,0,0.32000,-0.15298,19.200,-0.306,-1,375.000,-1,400.000,-1,300.000,325.000,325.000,325.000,700.000,400.000,425.000,-1,650.000,725.000,-1,-1,2,0,2,0,2,0,0,0,0,1,1,1,2,0,0,2,2
4,-4272.625,1055.325,-31.737,96.772,-0.120557,-0.987307,-0.103394,0.992392,-0.117244,-0.037568,0.024969,-0.107136,0.993931,0,0.40000,-0.15467,24.000,-0.309,-1,375.000,-1,400.000,-1,300.000,325.000,325.000,325.000,725.000,425.000,425.000,-1,650.000,725.000,-1,-1,2,0,2,0,2,0,0,0,0,1,1,1,2,0,0,2,2
5,-4275.863,1083.943,-31.046,96.459,-0.115250,-0.988016,-0.102673,0.992986,-0.111848,-0.038315,0.026373,-0.106368,0.993977,0,0.48000,-0.15679,28.800,-0.314,-1,375.000,-1,400.000,-1,300.000,325.000,325.000,325.000,775.000,450.000,475.000,-1,650.000,725.000,-1,-1,2,0,2,0,2,0,0,0,0,1,1,1,2,0,0,2,2
6,-4279.456,1117.351,-30.215,96.140,-0.109859,-0.988718,-0.101825,0.993555,-0.106361,-0.039182,0.027910,-0.105473,0.994030,0,0.56000,-0.15934,33.600,-0.319,-1,375.000,-1,375.000,-1,300.000,325.000,325.000,325.000,825.000,475.000,500.000,-1,650.000,725.000,-1,-1,2,0,2,0,2,0,0,0,0,1,1,1,2,0,0,2,2
7,-4283.345,1155.554,-29.234,95.815,-0.104368,-0.989412,-0.100848,0.994099,-0.100768,-0.040168,0.029581,-0.104445,0.994091,0,0.64000,-0.16231,38.400,-0.325,-1,375.000,-1,375.000,-1,300.000,325.000,325.000,325.000,900.000,525.000,525.000,-1,650.000,725.000,-1,1000.000,2,0,2,0,2,0,0,0,0,1,1,1,2,0,0,2,1
8,-4287.471,1198.557,-28.096,95.484,-0.098763,-0.990100,-0.099741,0.994616,-0.095055,-0.041272,0.031383,-0.103280,0.994157,0,0.72000,-0.16571,43.200,-0.331,-1,375.000,-1,375.000,1000.000,300.000,325.000,325.000,300.000,1000.000,550.000,500.000,-1,650.000,725.000,-1,975.000,2,0,2,0,1,0,0,0,0,1,1,0,2,0,0,2,1
9,-4291.774,1246.364,-26.792,95.145,-0.093025,-0.990779,-0.098502,0.995106,-0.089206,-0.042494,0.033315,-0.101973,0.994229,0,0.80000,-0.16954,48.000,-0.339,-1,375.000,-1,375.000,975.000,300.000,300.000,300.000,300.000,-1,575.000,475.000,-1,650.000,725.000,-1,925.000,2,0,2,0,1,0,0,0,0,2,0,0,2,0,0,2,1
10,-4296.188,1298.980,-25.237,94.797,-0.087138,-0.991422,-0.097418,0.995572,-0.083204,-0.043744,0.035263,-0.100798,0.994282,0,0.88000,-0.17379,52.800,-0.348,-1,375.000,-1,375.000,900.000,300.000,300.000,300.000,300.000,-1,550.000,450.000,-1,650.000,725.000,-1,875.000,2,0,2,0,1,0,0,0,0,2,0,0,2,0,1,2,1
11,-4300.476,1354.220,-22.974,94.440,-0.081136,-0.991977,-0.096941,0.995996,-0.077031,-0.045377,0.037545,-0.100235,0.994255,0,0.92343,-0.17848,55.406,-0.357,-1,375.000,-1,375.000,850.000,300.000,300.000,300.000,300.000,-1,550.000,450.000,-1,650.000,700.000,-1,825.000,2,0,2,0,1,0,0,0,0,2,0,0,2,0,1,2,1
12,-4304.426,1409.724,-20.391,94.074,-0.074933,-0.992615,-0.095400,0.996386,-0.070691,-0.047099,0.040007,-0.098585,0.994324,0,0.92740,-0.18339,55.644,-0.367,-1,375.000,-1,375.000,800.000,300.000,300.000,300.000,325.000,-1,575.000,450.000,-1,675.000,675.000,-1,800.000,2,0,2,0,1,0,0,0,0,2,0,0,2,0,1,2,1
13,-4308.157,1469.427,-17.553,93.578,-0.066501,-0.993373,-0.093744,0.996869,-0.062117,-0.048933,0.042786,-0.096705,0.994393,0,0.99698,-0.24770,59.819,-0.495,-1,375.000,-1,375.000,750.000,300.000,325.000,300.000,325.000,-1,575.000,475.000,-1,675.000,650.000,-1,750.000,2,0,2,0,1,0,0,0,0,2,0,0,2,0,1,2,1
14,-4311.376,1529.341,-14.645,93.078,-0.057973,-0.994061,-0.092094,0.997279,-0.053458,-0.050756,0.045531,-0.094786,0.994456,0,1.00000,-0.24994,60.000,-0.500,-1,375.000,-1,400.000,700.000,300.000,325.000,300.000,325.000,-1,575.000,475.000,-1,675.000,625.000,-1,675.000,2,0,2,0,1,0,0,0,0,2,0,0,2,0,1,2,1
15,-4314.068,1589.281,-11.677,92.574,-0.049345,-0.994677,-0.090458,0.997616,-0.044711,-0.052564,0.048239,-0.092836,0.994512,0,1.00000,-0.25227,60.000,-0.505,-1,375.000,-1,400.000,650.000,300.000,325.000,300.000,325.000,-1,600.000,475.000,-1,700.000,600.000,-1,625.000,2,0,2,0,1,0,0,0,0,2,0,0,2,0,1,2,1
16,-4316.226,1649.243,-8.651,92.064,-0.040615,-0.995218,-0.088838,0.997877,-0.035872,-0.054356,0.050910,-0.090857,0.994562,0,1.00000,-0.25471,60.000,-0.509,-1,375.000,-1,400.000,575.000,300.000,325.000,300.000,325.000,-1,600.000,500.000,-1,700.000,575.000,-1,575.000,2,0,2,1,1,0,0,0,0,2,0,0,2,0,1,2,1
17,-4317.846,1709.222,-5.569,91.550,-0.031780,-0.995680,-0.087238,0.998060,-0.026938,-0.056135,0.053543,-0.088853,0.994605,0,1.00000,-0.25727,60.000,-0.515,-1,375.000,-1,375.000,525.000,325.000,325.000,300.000,325.000,-1,625.000,500.000,-1,725.000,525.000,-1,525.000,2,0,2,1,1,0,1,0,0,2,0,0,2,0,1,2,1
18,-4319.141,1767.479,-2.544,91.275,-0.027090,-0.995954,-0.085682,0.998079,-0.022170,-0.057856,0.055723,-0.087085,0.994641,0,0.97118,-0.13727,58.271,-0.275,-1,375.000,-1,350.000,475.000,325.000,325.000,300.000,300.000,-1,625.000,500.000,-1,725.000,525.000,-1,475.000,2,0,2,1,1,0,1,0,0,2,0,0,2,0,1,2,1
19,-4320.336,1825.890,0.504,91.174,-0.025391,-0.996133,-0.084112,0.998015,-0.020408,-0.059579,0.057632,-0.085458,0.994674,0,0.97371,-0.05076,58.423,-0.102,-1,375.000,-1,350.000,425.000,325.000,325.000,300.000,300.000,-1,625.000,475.000,-1,750.000,500.000,-1,425.000,2,0,2,1,1,0,1,0,0,2,0,0,2,0,1,2,1
20,-4321.423,1884.438,3.572,91.065,-0.023568,-0.996309,-0.082540,0.997947,-0.018529,-0.061302,0.059546,-0.083815,0.994701,0,0.97597,-0.05414,58.558,-0.108,-1,400.000,-1,325.000,375.000,325.000,325.000,300.000,300.000,-1,625.000,450.000,-1,750.000,475.000,-1,375.000,2,0,2,1,1,0,1,0,0,2,0,0,2,0,1,2,1
21,-4322.394,1943.113,6.659,90.950,-0.021613,-0.996482,-0.080969,0.997875,-0.016523,-0.063024,0.061465,-0.082159,0.994722,0,0.97803,-0.05775,58.682,-0.115,-1,400.000,-1,325.000,300.000,325.000,325.000,300.000,300.000,-1,575.000,425.000,-1,775.000,450.000,-1,325.000,2,0,2,1,1,0,1,0,0,2,0,0,2,0,1,2,1
22,-4323.245,2001.898,11.818,90.827,-0.020269,-0.996065,-0.086279,0.997553,-0.014373,-0.068422,0.066912,-0.087455,0.993919,0,0.97985,-0.06162,58.791,-0.123,-1,400.000,-1,325.000,275.000,325.000,350.000,300.000,325.000,-1,475.000,400.000,-1,800.000,450.000,-1,300.000,2,0,2,1,1,0,1,0,0,2,0,0,2,0,1,2,1
23,-4323.968,2060.779,18.240,90.695,-0.019433,-0.995175,-0.096173,0.996996,-0.012075,-0.076508,0.074978,-0.097371,0.992420,0,0.98140,-0.06577,58.884,-0.132,-1,425.000,-1,325.000,250.000,350.000,350.000,300.000,350.000,-1,375.000,375.000,-1,825.000,450.000,-1,275.000,2,0,2,1,1,0,1,0,0,2,0,0,2,0,1,2,1
24,-4324.547,2119.736,24.692,90.555,-0.018610,-0.994178,-0.106131,0.996373,-0.009626,-0.084545,0.083031,-0.107320,0.990751,0,0.98263,-0.07022,58.958,-0.140,-1,450.000,-1,350.000,250.000,375.000,375.000,275.000,375.000,-1,325.000,350.000,-1,875.000,450.000,-1,275.000,2,0,2,1,1,0,1,0,0,2,0,0,2,0,1,2,1
25,-4324.974,2178.747,31.181,90.405,-0.017797,-0.993067,-0.116192,0.995683,-0.007015,-0.092553,0.091096,-0.117338,0.988905,0,0.98351,-0.07501,59.010,-0.150,-1,475.000,-1,350.000,225.000,400.000,400.000,275.000,400.000,-1,275.000,350.000,-1,925.000,475.000,-1,250.000,2,0,2,1,1,0,1,0,0,2,0,0,2,0,1,2,1
26,-4325.236,2237.787,37.716,90.244,-0.016992,-0.991834,-0.126399,0.994923,-0.004231,-0.100554,0.099198,-0.127466,0.986870,0,0.98397,-0.08015,59.038,-0.160,-1,475.000,-1,350.000,200.000,400.000,425.000,275.000,450.000,-1,225.000,325.000,-1,950.000,525.000,-1,250.000,2,0,2,1,1,0,1,0,0,2,0,0,2,0,1,2,1
27,-4325.323,2296.828,44.307,90.073,-0.016198,-0.990467,-0.136797,0.994088,-0.001263,-0.108569,0.107362,-0.137747,0.984631,0,0.98398,-0.08568,59.039,-0.171,-1,500.000,-1,350.000,200.000,425.000,450.000,250.000,400.000,950.000,175.000,325.000,-1,1000.000,-1,-1,225.000,2,0,2,1,1,0,1,0,1,0,0,0,2,0,2,2,1
28,-4325.222,2355.837,50.964,89.890,-0.015419,-0.988951,-0.147438,0.993174,0.001902,-0.116623,0.115615,-0.148229,0.982172,0,0.98345,-0.09162,59.007,-0.183,-1,525.000,-1,375.000,175.000,450.000,475.000,250.000,325.000,750.000,125.000,275.000,-1,-1,-1,-1,225.000,2,0,2,1,1,0,1,0,1,0,0,0,2,2,2,2,1
29,-4324.922,2414.780,57.699,89.694,-0.014662,-0.987271,-0.158372,0.992176,0.005275,-0.124739,0.123986,-0.158962,0.979468,0,0.98234,-0.09798,58.941,-0.196,-1,550.000,-1,425.000,175.000,475.000,500.000,250.000,300.000,600.000,100.000,275.000,-1,-1,-1,-1,225.000,2,0,2,1,1,0,1,0,1,0,0,0,2,2,2,2,1
30,-4324.408,2473.616,64.521,89.484,-0.013938,-0.985404,-0.169659,0.991085,0.008869,-0.132937,0.132502,-0.169999,0.976496,0,0.98058,-0.10478,58.835,-0.210,-1,575.000,-1,500.000,150.000,500.000,525.000,250.000,250.000,500.000,75.000,250.000,-1,-1,-1,-1,200.000,2,0,2,1,1,0,1,0,1,0,0,0,2,2,2,2,1
31,-4323.668,2532.301,71.445,89.260,-0.013265,-0.983328,-0.181357,0.989894,0.012696,-0.141242,0.141190,-0.181398,0.973222,0,0.97810,-0.11202,58.686,-0.224,-1,575.000,-1,625.000,150.000,525.000,550.000,250.000,225.000,425.000,50.000,225.000,-1,-1,-1,-1,200.000,2,0,2,1,1,0,1,0,1,0,0,0,2,2,2,2,1
32,-3607.591,983.922,29.555,-54.940,0.572446,0.816084,-0.079454,-0.819477,0.572693,-0.021908,0.027624,0.077652,0.996598,1,0.00000,0.00000,58.491,-0.239,900.000,400.000,-1,375.000,-1,325.000,325.000,325.000,325.000,-1,700.000,825.000,-1,650.000,800.000,825.000,-1,1,0,2,0,2,0,0,0,0,2,0,0,2,1,0,1,2
33,-3610.332,987.863,29.415,-55.180,0.569039,0.818457,-0.079517,-0.821862,0.569256,-0.022132,0.027151,0.077946,0.996588,0,-0.08000,-0.12000,-4.800,-0.240,900.000,400.000,-1,375.000,-1,325.000,325.000,325.000,325.000,-1,700.000,825.000,-1,650.000,800.000,825.000,-1,1,0,2,0,2,0,0,0,0,2,0,0,2,1,0,1,2
34,-3615.762,995.779,29.145,-55.546,0.563830,0.822041,-0.079645,-0.825470,0.563994,-0.022581,0.026357,0.078476,0.996567,0,-0.16000,-0.18297,-9.600,-0.366,925.000,400.000,-1,375.000,-1,325.000,325.000,325.000,325.000,-1,700.000,800.000,-1,675.000,775.000,825.000,-1,1,0,2,0,2,0,0,0,0,2,0,0,2,1,0,1,2
35,-3623.833,1007.705,28.758,-55.910,0.558636,0.825561,-0.079841,-0.829024,0.558730,-0.023252,0.025413,0.079180,0.996536,0,-0.24000,-0.18197,-14.400,-0.364,925.000,400.000,-1,375.000,-1,325.000,325.000,325.000,325.000,-1,700.000,800.000,-1,675.000,775.000,825.000,-1,1,0,2,0,2,0,0,0,0,2,0,0,2,1,0,1,2
36,-3632.696,1020.982,28.343,-56.272,0.553461,0.829018,-0.080060,-0.832517,0.553480,-0.023991,0.024422,0.079930,0.996501,0,-0.26607,-0.18064,-15.964,-0.361,950.000,400.000,-1,375.000,-1,325.000,300.000,325.000,325.000,-1,700.000,800.000,-1,675.000,775.000,850.000,-1,1,0,2,0,2,0,0,0,0,2,0,0,2,1,0,1,2
37,-3641.464,1034.295,27.941,-56.630,0.548307,0.832415,-0.080279,-0.835949,0.548251,-0.024722,0.023434,0.080665,0.996466,0,-0.26568,-0.17921,-15.941,-0.358,950.000,400.000,-1,375.000,-1,325.000,300.000,325.000,325.000,-1,700.000,800.000,-1,675.000,775.000,875.000,-1,1,0,2,0,2,0,0,0,0,2,0,0,2,1,0,1,2
38,-3650.137,1047.644,27.552,-56.986,0.543174,0.835752,-0.080499,-0.839320,0.543042,-0.025444,0.022449,0.081385,0.996430,0,-0.26533,-0.17780,-15.920,-0.356,975.000,400.000,-1,375.000,-1,325.000,300.000,325.000,325.000,-1,700.000,800.000,-1,700.000,750.000,875.000,-1,1,0,2,0,2,0,0,0,0,2,0,0,2,1,0,1,2
39,-3658.718,1061.031,27.175,-57.338,0.538062,0.839032,-0.080718,-0.842632,0.537854,-0.026159,0.021467,0.082091,0.996394,0,-0.26502,-0.17641,-15.901,-0.353,975.000,400.000,-1,375.000,-1,325.000,300.000,325.000,325.000,1000.000,700.000,775.000,-1,700.000,750.000,900.000,-1,1,0,2,0,2,0,0,0,0,1,0,0,2,1,0,1,2
40,-3667.209,1074.457,26.784,-57.689,0.532966,0.842261,-0.080894,-0.845887,0.532692,-0.026737,0.020572,0.082677,0.996364,0,-0.26475,-0.17503,-15.885,-0.350,1000.000,400.000,-1,375.000,950.000,325.000,300.000,325.000,325.000,1000.000,675.000,775.000,-1,700.000,750.000,900.000,-1,1,0,2,0,1,0,0,0,0,1,0,0,2,1,0,1,2
41,-3675.610,1087.921,26.369,-58.036,0.527884,0.845445,-0.081007,-0.849086,0.527558,-0.027132,0.019797,0.083104,0.996344,0,-0.26452,-0.17366,-15.871,-0.347,1000.000,400.000,-1,375.000,850.000,325.000,300.000,325.000,325.000,975.000,675.000,750.000,-1,700.000,750.000,925.000,-1,1,0,2,0,1,0,0,0,0,1,0,0,2,1,0,1,2
42,-3683.925,1101.426,25.966,-58.380,0.522823,0.848573,-0.081117,-0.852229,0.522445,-0.027524,0.019023,0.083520,0.996325,0,-0.26432,-0.17231,-15.859,-0.345,-1,400.000,-1,375.000,825.000,325.000,300.000,325.000,325.000,975.000,675.000,750.000,-1,725.000,725.000,925.000,-1,2,0,2,0,1,0,0,0,0,1,0,0,2,1,0,1,2
43,-3692.153,1114.972,25.576,-58.722,0.517784,0.851647,-0.081224,-0.855317,0.517353,-0.027911,0.018251,0.083924,0.996305,0,-0.26416,-0.17098,-15.850,-0.342,-1,400.000,-1,375.000,775.000,325.000,300.000,325.000,325.000,950.000,650.000,725.000,-1,725.000,725.000,950.000,-1,2,0,2,0,1,0,0,0,0,1,0,0,2,1,0,1,2
44,-3700.297,1128.560,25.208,-59.062,0.512763,0.854664,-0.081379,-0.858351,0.512282,-0.028288,0.017512,0.084357,0.996282,0,-0.26404,-0.16966,-15.842,-0.339,-1,400.000,-1,375.000,775.000,325.000,300.000,325.000,325.000,950.000,650.000,725.000,-1,725.000,725.000,950.000,-1,2,0,2,0,1,0,0,0,0,1,0,0,2,1,0,1,2
45,-3708.359,1142.191,24.866,-59.398,0.507760,0.857625,-0.081603,-0.861335,0.507229,-0.028651,0.016820,0.084835,0.996253,0,-0.26395,-0.16836,-15.837,-0.337,-1,400.000,-1,375.000,750.000,325.000,300.000,325.000,325.000,950.000,625.000,700.000,-1,725.000,725.000,975.000,-1,2,0,2,0,1,0,0,0,0,1,0,0,2,1,0,1,2
46,-3716.339,1155.867,24.536,-59.733,0.502777,0.860534,-0.081827,-0.864265,0.502199,-0.029009,0.016130,0.085305,0.996224,0,-0.26389,-0.16708,-15.834,-0.334,-1,400.000,-1,375.000,750.000,325.000,300.000,325.000,325.000,925.000,625.000,700.000,-1,750.000,725.000,975.000,-1,2,0,2,0,1,0,0,0,0,1,0,0,2,1,0,1,2
47,-3724.240,1169.587,24.218,-60.064,0.497817,0.863392,-0.082051,-0.867145,0.497190,-0.029361,0.015444,0.085766,0.996196,0,-0.26387,-0.16581,-15.832,-0.332,-1,400.000,-1,375.000,750.000,325.000,300.000,325.000,325.000,925.000,600.000,675.000,-1,750.000,700.000,1000.000,-1,2,0,2,0,1,0,0,0,0,1,0,0,2,1,0,1,2
48,-3732.062,1183.353,23.913,-60.393,0.492877,0.866200,-0.082274,-0.869974,0.492203,-0.029709,0.014761,0.086219,0.996167,0,-0.26389,-0.16457,-15.833,-0.329,-1,400.000,-1,375.000,750.000,300.000,300.000,325.000,325.000,900.000,575.000,650.000,-1,750.000,700.000,1000.000,-1,2,0,2,0,1,0,0,0,0,1,0,0,2,1,0,1,2
49,-3739.806,1197.166,23.619,-60.720,0.487960,0.868959,-0.082497,-0.872752,0.487237,-0.030052,0.014082,0.086664,0.996138,0,-0.26394,-0.16334,-15.836,-0.327,-1,400.000,-1,375.000,750.000,300.000,300.000,325.000,325.000,900.000,575.000,650.000,-1,750.000,700.000,-1,-1,2,0,2,0,1,0,0,0,0,1,0,0,2,0,0,2,2
50,-3747.475,1211.027,23.337,-61.044,0.483064,0.871669,-0.082720,-0.875483,0.482293,-0.030390,0.013405,0.087101,0.996109,0,-0.26402,-0.16213,-15.841,-0.324,-1,400.000,-1,375.000,750.000,300.000,300.000,325.000,325.000,875.000,550.000,625.000,-1,750.000,700.000,-1,-1,2,0,2,0,1,0,0,0,0,1,0,0,2,0,0,2,2
51,-3755.069,1224.936,23.067,-61.366,0.478189,0.874331,-0.082943,-0.878165,0.477371,-0.030724,0.012732,0.087529,0.996081,0,-0.26413,-0.16093,-15.848,-0.322,-1,400.000,-1,375.000,750.000,300.000,300.000,325.000,325.000,875.000,550.000,600.000,-1,750.000,700.000,-1,-1,2,0,2,0,1,0,0,0,0,1,0,0,2,0,0,2,2
52,-3762.590,1238.896,22.853,-61.686,0.473346,0.876933,-0.083254,-0.880796,0.472463,-0.031262,0.011920,0.088127,0.996038,0,-0.26428,-0.15975,-15.857,-0.320,-1,400.000,-1,375.000,750.000,300.000,300.000,325.000,325.000,850.000,550.000,600.000,-1,750.000,700.000,-1,-1,2,0,2,0,1,0,0,0,0,1,0,0,2,0,0,2,2
53,-3770.038,1252.907,22.674,-62.003,0.468530,0.879482,-0.083614,-0.883379,0.467572,-0.031905,0.011035,0.088812,0.995987,0,-0.26446,-0.15860,-15.868,-0.317,-1,400.000,-1,375.000,750.000,300.000,300.000,325.000,325.000,850.000,550.000,600.000,-1,750.000,675.000,-1,-1,2,0,2,0,1,0,0,0,0,1,0,0,2,0,0,2,2
54,-3777.414,1266.969,22.506,-62.318,0.463735,0.881985,-0.083978,-0.885916,0.462703,-0.032544,0.010154,0.089489,0.995936,0,-0.26467,-0.15746,-15.880,-0.315,-1,400.000,-1,375.000,775.000,300.000,300.000,325.000,325.000,825.000,550.000,600.000,-1,750.000,675.000,-1,-1,2,0,2,0,1,0,0,0,0,1,0,0,2,0,0,2,2
55,-3784.721,1281.084,22.350,-62.630,0.458963,0.884443,-0.084346,-0.888407,0.457856,-0.033178,0.009274,0.090161,0.995884,0,-0.26491,-0.15633,-15.894,-0.313,-1,400.000,-1,375.000,775.000,300.000,300.000,325.000,325.000,825.000,550.000,575.000,-1,750.000,675.000,-1,-1,2,0,2,0,1,0,0,0,0,1,0,0,2,0,1,2,2
56,-3791.958,1295.253,22.206,-62.941,0.454211,0.886857,-0.084717,-0.890854,0.453029,-0.033807,0.008397,0.090826,0.995831,0,-0.26518,-0.15523,-15.911,-0.310,-1,400.000,-1,375.000,775.000,300.000,300.000,350.000,325.000,800.000,525.000,575.000,-1,750.000,675.000,-1,-1,2,0,2,0,1,0,0,0,0,1,0,0,2,0,1,2,2
57,-3800.765,1312.613,22.036,-63.098,0.451817,0.888039,-0.085134,-0.892078,0.450560,-0.034545,0.007681,0.091555,0.995770,0,-0.32443,-0.07874,-19.466,-0.157,-1,400.000,-1,375.000,800.000,300.000,300.000,350.000,325.000,800.000,525.000,575.000,-1,750.000,675.000,-1,-1,2,0,2,0,1,0,0,0,0,1,0,0,2,0,0,2,2
58,-3807.338,1325.724,21.921,-63.372,0.447609,0.890134,-0.085482,-0.894203,0.446282,-0.035115,0.006892,0.092156,0.995721,0,-0.24443,-0.13702,-14.666,-0.274,-1,375.000,-1,375.000,800.000,300.000,300.000,350.000,325.000,775.000,525.000,575.000,-1,750.000,675.000,-1,-1,2,0,2,0,1,0,0,0,0,1,0,0,2,0,0,2,2
59,-3811.717,1334.564,21.850,-63.644,0.443416,0.892206,-0.085736,-0.896294,0.442036,-0.035504,0.006222,0.092588,0.995685,0,-0.16443,-0.13593,-9.866,-0.272,-1,375.000,-1,375.000,800.000,300.000,300.000,350.000,325.000,775.000,525.000,575.000,-1,750.000,675.000,-1,-1,2,0,2,0,1,0,0,0,0,1,0,0,2,0,0,2,2
60,-3813.944,1339.114,21.818,-63.915,0.439227,0.894260,-0.085896,-0.898358,0.437810,-0.035713,0.005669,0.092851,0.995664,0,-0.08443,-0.13520,-5.066,-0.270,-1,375.000,-1,375.000,800.000,300.000,300.000,350.000,325.000,775.000,525.000,550.000,-1,750.000,675.000,-1,1000.000,2,0,2,0,1,0,0,0,0,1,0,0,2,0,0,2,1
61,-3814.060,1339.353,21.819,-64.184,0.435032,0.896302,-0.085961,-0.900400,0.433592,-0.035744,0.005234,0.092949,0.995657,0,-0.00443,-0.13482,-0.266,-0.270,-1,375.000,-1,375.000,800.000,300.000,300.000,350.000,325.000,775.000,525.000,550.000,-1,750.000,675.000,-1,975.000,2,0,2,0,1,0,0,0,0,1,0,0,2,0,0,2,1
62,-3812.105,1335.262,21.850,-64.454,0.430818,0.898338,-0.085931,-0.902425,0.429373,-0.035600,0.004916,0.092884,0.995665,0,0.07557,-0.13480,4.534,-0.270,-1,375.000,-1,375.000,800.000,300.000,300.000,350.000,325.000,775.000,525.000,550.000,-1,750.000,675.000,-1,975.000,2,0,2,0,1,0,0,0,0,1,0,0,2,0,0,2,1
63,-3808.120,1326.821,21.907,-64.724,0.426575,0.900373,-0.085808,-0.904440,0.425139,-0.035282,0.004713,0.092658,0.995687,0,0.15557,-0.13514,9.334,-0.270,-1,375.000,-1,375.000,800.000,300.000,300.000,350.000,325.000,800.000,525.000,550.000,-1,750.000,675.000,-1,950.000,2,0,2,0,1,0,0,0,0,1,0,0,2,0,0,2,1
64,-3802.146,1314.012,21.988,-64.996,0.422290,0.902411,-0.085592,-0.906449,0.420880,-0.034792,0.004627,0.092277,0.995723,0,0.23557,-0.13584,14.134,-0.272,-1,375.000,-1,375.000,775.000,300.000,300.000,350.000,325.000,800.000,525.000,550.000,-1,750.000,675.000,-1,950.000,2,0,2,0,1,0,0,0,0,1,0,0,2,0,1,2,1
65,-3794.225,1296.814,22.092,-65.270,0.417953,0.904456,-0.085285,-0.908457,0.416583,-0.034134,0.004656,0.091744,0.995772,0,0.31557,-0.13691,18.934,-0.274,-1,375.000,-1,375.000,775.000,300.000,300.000,350.000,325.000,825.000,525.000,575.000,-1,750.000,675.000,-1,925.000,2,0,2,0,1,0,0,0,0,1,0,0,2,0,1,2,1
66,-3784.401,1275.208,22.218,-65.546,0.413552,0.906515,-0.084890,-0.910468,0.412236,-0.033308,0.004800,0.091064,0.995833,0,0.39557,-0.13835,23.734,-0.277,-1,375.000,-1,375.000,750.000,300.000,300.000,350.000,325.000,850.000,525.000,575.000,-1,750.000,675.000,-1,925.000,2,0,2,0,1,0,0,0,0,1,0,0,2,0,1,2,1
67,-3772.784,1249.146,22.362,-65.973,0.406761,0.909624,-0.084438,-0.913522,0.405502,-0.032337,0.004825,0.090289,0.995904,0,0.47557,-0.21335,28.534,-0.427,-1,375.000,-1,375.000,725.000,300.000,300.000,325.000,325.000,875.000,525.000,575.000,-1,750.000,675.000,-1,900.000,2,0,2,0,1,0,0,0,0,1,0,0,2,0,1,2,1
68,-3759.440,1218.599,22.620,-66.402,0.399923,0.912679,-0.084141,-0.916537,0.398695,-0.031662,0.004649,0.089780,0.995951,0,0.55557,-0.21463,33.334,-0.429,-1,375.000,-1,375.000,700.000,300.000,300.000,325.000,325.000,925.000,550.000,600.000,-1,725.000,675.000,-1,875.000,2,0,2,0,1,0,0,0,0,1,0,0,2,0,1,2,1
69,-3744.584,1183.477,22.964,-67.072,0.389250,0.917292,-0.084019,-0.921124,0.388015,-0.031240,0.003945,0.089552,0.995974,0,0.63557,-0.33463,38.134,-0.669,-1,375.000,-1,375.000,675.000,300.000,300.000,325.000,325.000,950.000,575.000,625.000,-1,725.000,675.000,-1,825.000,2,0,2,0,1,0,0,0,0,1,0,0,2,0,1,2,1
70,-3728.485,1143.675,23.305,-67.977,0.374689,0.923325,-0.084139,-0.927144,0.373483,-0.030235,0.003508,0.089338,0.995995,0,0.71557,-0.45257,42.934,-0.905,975.000,375.000,-1,375.000,650.000,300.000,300.000,325.000,325.000,1000.000,600.000,625.000,-1,725.000,675.000,-1,800.000,1,0,2,0,1,0,0,0,0,1,0,0,2,0,1,2,1
71,-3711.290,1099.145,23.513,-68.886,0.359927,0.929193,-0.083977,-0.932973,0.358816,-0.028496,0.003654,0.088605,0.996060,0,0.79557,-0.45438,47.734,-0.909,925.000,375.000,-1,375.000,625.000,300.000,300.000,325.000,325.000,-1,575.000,625.000,-1,750.000,675.000,-1,750.000,1,0,2,0,1,0,0,0,0,2,0,0,2,0,1,2,1
72,-3694.389,1053.212,23.695,-69.799,0.345006,0.934849,-0.083837,-0.938593,0.343984,-0.026801,0.003784,0.087936,0.996119,0,0.81571,-0.45651,48.943,-0.913,900.000,375.000,-1,375.000,575.000,300.000,300.000,325.000,325.000,-1,575.000,625.000,-1,750.000,675.000,-1,725.000,1,0,2,0,1,0,0,0,0,2,0,0,2,0,1,2,1
73,-3678.191,1006.915,23.843,-70.716,0.329928,0.940286,-0.083727,-0.943998,0.328988,-0.025184,0.003865,0.087347,0.996170,0,0.81746,-0.45875,49.048,-0.918,875.000,375.000,-1,375.000,550.000,300.000,300.000,325.000,325.000,-1,575.000,625.000,-1,775.000,675.000,-1,675.000,1,0,2,1,1,0,0,0,0,2,0,0,2,0,1,2,1
74,-3662.709,960.267,23.954,-71.638,0.314692,0.945501,-0.083647,-0.949186,0.313827,-0.023645,0.003895,0.086838,0.996215,0,0.81916,-0.46106,49.149,-0.922,875.000,375.000,-1,375.000,525.000,300.000,300.000,325.000,325.000,-1,575.000,625.000,-1,800.000,675.000,-1,625.000,1,0,2,1,1,0,0,0,0,2,0,0,2,0,1,2,1
75,-3647.953,913.281,24.028,-72.565,0.299300,0.950489,-0.083602,-0.954151,0.298503,-0.022180,0.003874,0.086407,0.996252,0,0.82079,-0.46343,49.248,-0.927,875.000,375.000,-1,375.000,475.000,300.000,300.000,325.000,325.000,-1,575.000,625.000,-1,800.000,675.000,-1,600.000,1,0,2,1,1,0,0,0,0,2,0,0,2,0,1,2,1
76,-3633.937,865.971,24.061,-73.497,0.283753,0.955247,-0.083592,-0.958890,0.283016,-0.020787,0.003801,0.086054,0.996283,0,0.82236,-0.46587,49.342,-0.932,875.000,400.000,-1,375.000,450.000,325.000,300.000,325.000,325.000,-1,575.000,625.000,-1,825.000,675.000,-1,550.000,1,0,2,1,1,0,0,0,0,2,0,0,2,0,1,2,1
77,-3620.672,818.352,24.052,-74.434,0.268049,0.959770,-0.083620,-0.963398,0.267367,-0.019465,0.003675,0.085776,0.996308,0,0.82386,-0.46839,49.432,-0.937,875.000,400.000,-1,375.000,400.000,325.000,325.000,325.000,325.000,-1,575.000,625.000,-1,825.000,675.000,-1,500.000,1,0,2,1,1,0,0,0,0,2,0,0,2,0,1,2,1
78,-3608.170,770.439,23.997,-75.376,0.252190,0.964052,-0.083687,-0.967671,0.251556,-0.018209,0.003497,0.085574,0.996326,0,0.82527,-0.47100,49.516,-0.942,875.000,400.000,-1,375.000,375.000,325.000,325.000,325.000,325.000,-1,575.000,625.000,-1,850.000,650.000,-1,475.000,1,0,2,1,1,0,0,0,0,2,0,0,2,0,1,2,1
79,-3596.444,722.250,23.924,-76.323,0.236183,0.968099,-0.083674,-0.971703,0.235586,-0.017075,0.003182,0.085339,0.996347,0,0.82658,-0.47371,49.595,-0.947,875.000,400.000,-1,375.000,350.000,325.000,325.000,325.000,325.000,-1,500.000,600.000,-1,875.000,650.000,-1,425.000,1,0,2,1,1,0,0,0,0,2,0,0,2,0,1,2,1
80,-3585.507,673.801,24.711,-77.276,0.219864,0.972172,-0.080879,-0.975518,0.219516,-0.013282,0.004842,0.081819,0.996635,0,0.82778,-0.47651,49.667,-0.953,900.000,425.000,-1,400.000,325.000,325.000,325.000,325.000,325.000,-1,375.000,525.000,-1,900.000,650.000,-1,400.000,1,0,2,1,1,0,0,0,0,2,0,0,2,0,1,2,1
81,-3575.372,625.112,26.025,-78.235,0.203282,0.976144,-0.076290,-0.979086,0.203307,-0.007515,0.008175,0.076222,0.997057,0,0.82887,-0.47943,49.732,-0.959,925.000,425.000,-1,400.000,300.000,350.000,350.000,325.000,350.000,-1,250.000,425.000,-1,950.000,650.000,-1,400.000,1,0,2,1,1,0,0,0,0,2,0,0,2,1,1,2,1
82,-3566.047,576.204,27.156,-79.200,0.186647,0.979829,-0.071401,-0.982371,0.186916,-0.002958,0.010447,0.070694,0.997443,0,0.82981,-0.48247,49.789,-0.965,925.000,450.000,-1,425.000,275.000,350.000,375.000,300.000,375.000,-1,225.000,375.000,-1,1000.000,675.000,-1,400.000,1,0,2,1,1,0,0,0,0,2,0,0,2,1,1,2,1
83,-3556.616,522.436,28.000,-80.046,0.172088,0.982927,-0.065113,-0.985009,0.172502,0.000756,0.011975,0.064007,0.997878,0,0.90981,-0.42311,54.589,-0.846,-1,450.000,-1,425.000,275.000,375.000,375.000,300.000,375.000,-1,225.000,375.000,-1,-1,700.000,-1,375.000,2,0,2,1,1,0,0,0,0,2,0,0,2,2,1,2,1
84,-3547.228,463.793,28.765,-80.900,0.157383,0.985801,-0.058540,-0.987446,0.157897,0.004243,0.013426,0.057137,0.998276,0,0.98981,-0.42706,59.389,-0.854,-1,475.000,-1,425.000,250.000,375.000,400.000,300.000,400.000,-1,225.000,375.000,-1,-1,725.000,-1,350.000,2,0,2,1,1,0,0,0,1,2,0,0,2,2,1,2,1
85,-3538.637,404.411,29.416,-81.764,0.142510,0.988425,-0.052032,-0.989685,0.143077,0.007320,0.014680,0.050452,0.998619,0,1.00000,-0.43169,60.000,-0.863,-1,475.000,-1,425.000,225.000,400.000,400.000,275.000,350.000,-1,225.000,375.000,-1,-1,750.000,-1,325.000,2,0,2,1,1,0,0,0,1,2,0,0,2,2,1,2,1
86,-3530.952,344.905,29.983,-82.637,0.127453,0.990799,-0.045530,-0.991718,0.128035,0.010097,0.015833,0.043866,0.998912,0,1.00000,-0.43664,60.000,-0.873,-1,500.000,-1,450.000,200.000,400.000,425.000,275.000,300.000,-1,200.000,375.000,-1,-1,775.000,-1,300.000,2,0,2,1,1,0,0,0,1,2,0,0,2,2,1,2,1
87,-3524.184,285.288,30.508,-83.521,0.112200,0.992924,-0.038899,-0.993540,0.112768,0.012717,0.017014,0.037221,0.999162,0,1.00000,-0.44189,60.000,-0.884,-1,500.000,-1,450.000,175.000,425.000,425.000,275.000,275.000,-1,175.000,375.000,-1,-1,800.000,-1,275.000,2,0,2,1,1,0,0,0,1,2,0,0,2,2,1,2,1
88,-3518.349,225.572,31.029,-84.415,0.096744,0.994795,-0.031995,-0.995140,0.097270,0.015320,0.018352,0.030357,0.999371,0,1.00000,-0.44742,60.000,-0.895,-1,525.000,-1,475.000,175.000,425.000,450.000,275.000,250.000,-1,150.000,350.000,-1,-1,800.000,-1,250.000,2,0,2,1,1,0,0,0,1,2,0,0,2,2,1,2,1
89,-3513.458,165.771,31.590,-85.322,0.081080,0.996403,-0.024658,-0.996507,0.081535,0.018035,0.019981,0.023109,0.999533,0,1.00000,-0.45326,60.000,-0.907,-1,525.000,-1,475.000,150.000,450.000,475.000,275.000,225.000,-1,125.000,325.000,-1,-1,825.000,-1,225.000,2,0,2,1,1,0,0,0,1,2,0,0,2,2,1,2,1
90,-3509.526,105.900,32.231,-86.241,0.065212,0.997731,-0.016716,-0.997628,0.065556,0.020989,0.022037,0.015307,0.999640,0,1.00000,-0.45941,60.000,-0.919,-1,550.000,-1,500.000,125.000,475.000,500.000,275.000,200.000,-1,100.000,300.000,-1,-1,875.000,-1,-1,2,0,2,1,1,0,0,0,1,2,0,0,2,2,1,2,2
91,-3506.568,45.973,32.997,-87.172,0.049148,0.998760,-0.007983,-0.998487,0.049329,0.024296,0.024660,0.006776,0.999673,0,1.00000,-0.46585,60.000,-0.932,-1,575.000,-1,500.000,125.000,475.000,525.000,275.000,175.000,-1,75.000,300.000,-1,-1,-1,-1,-1,2,0,2,1,1,0,0,0,1,2,0,0,2,2,2,2,2
92,327.967,-9511.017,29.802,28.110,0.881666,-0.471160,0.025934,0.471164,0.882023,0.006333,-0.025858,0.006636,0.999644,1,0.00000,0.00000,55.200,-0.692,-1,400.000,-1,400.000,-1,325.000,325.000,325.000,325.000,-1,-1,-1,-1,725.000,725.000,-1,-1,2,0,2,0,2,0,0,0,0,2,2,2,2,0,0,2,2
93,332.210,-9508.773,29.665,27.870,0.883634,-0.467462,0.025880,0.467462,0.883990,0.006429,-0.025883,0.006417,0.999644,0,0.08000,-0.12000,4.800,-0.240,-1,400.000,-1,400.000,-1,325.000,325.000,325.000,325.000,-1,-1,-1,-1,725.000,725.000,-1,-1,2,0,2,0,2,0,0,0,0,2,2,2,2,0,0,2,2
94,340.734,-9504.356,29.392,27.390,0.887523,-0.460041,0.025783,0.460033,0.887877,0.006615,-0.025935,0.005990,0.999646,0,0.16000,-0.24000,9.600,-0.480,-1,400.000,-1,400.000,-1,325.000,325.000,325.000,325.000,-1,-1,-1,-1,725.000,725.000,-1,-1,2,0,2,0,2,0,0,0,0,2,2,2,2,0,0,2,2
95,353.587,-9497.864,28.995,26.798,0.892237,-0.450838,0.025667,0.450818,0.892589,0.006878,-0.026011,0.005435,0.999647,0,0.24000,-0.29621,14.400,-0.592,-1,400.000,-1,400.000,-1,325.000,325.000,325.000,325.000,-1,-1,-1,-1,725.000,725.000,-1,-1,2,0,2,0,2,0,0,0,0,2,2,2,2,0,0,2,2
96,370.814,-9489.386,28.484,26.205,0.896855,-0.441586,0.025555,0.441554,0.897206,0.007205,-0.026110,0.004822,0.999647,0,0.32000,-0.29621,19.200,-0.592,-1,400.000,-1,400.000,-1,325.000,325.000,325.000,325.000,-1,-1,-1,-1,725.000,725.000,-1,-1,2,0,2,0,2,0,0,0,0,2,2,2,2,0,0,2,2
97,392.456,-9479.011,27.863,25.613,0.901377,-0.432287,0.025460,0.432241,0.901726,0.007580,-0.026234,0.004172,0.999647,0,0.40000,-0.29621,24.000,-0.592,-1,400.000,-1,400.000,-1,325.000,325.000,325.000,325.000,-1,-1,-1,-1,700.000,725.000,-1,-1,2,0,2,0,2,0,0,0,0,2,2,2,2,0,0,2,2
98,418.553,-9466.830,27.138,25.021,0.905801,-0.422942,0.025395,0.422881,0.906150,0.007984,-0.026388,0.003507,0.999646,0,0.48000,-0.29621,28.800,-0.592,-1,375.000,-1,400.000,-1,325.000,325.000,325.000,325.000,-1,-1,-1,-1,700.000,725.000,-1,-1,2,0,2,0,2,0,0,0,0,2,2,2,2,0,0,2,2
99,449.145,-9452.935,26.314,24.428,0.910127,-0.413551,0.025373,0.413475,0.910477,0.008395,-0.026573,0.002850,0.999643,0,0.56000,-0.29621,33.600,-0.592,-1,375.000,-1,400.000,-1,325.000,325.000,325.000,325.000,-1,-1,-1,-1,700.000,725.000,-1,-1,2,0,2,0,2,0,0,0,0,2,2,2,2,0,0,2,2
100,484.270,-9437.416,25.400,23.836,0.914355,-0.404115,0.025408,0.404026,0.914705,0.008792,-0.026793,0.002226,0.999639,0,0.64000,-0.29621,38.400,-0.592,-1,375.000,-1,375.000,-1,325.000,325.000,325.000,325.000,-1,-1,-1,-1,700.000,725.000,-1,-1,2,0,2,0,2,0,0,0,0,2,2,2,2,0,0,2,2
101,523.964,-9420.368,24.404,23.243,0.918483,-0.394637,0.025511,0.394534,0.918836,0.009149,-0.027051,0.001661,0.999633,0,0.72000,-0.29621,43.200,-0.592,-1,375.000,-1,375.000,-1,325.000,325.000,325.000,325.000,-1,-1,-1,-1,675.000,725.000,-1,-1,2,0,2,0,2,0,0,0,0,2,2,2,2,0,0,2,2
102,568.261,-9401.883,23.119,22.651,0.922511,-0.385115,0.025690,0.385024,0.922867,0.008582,-0.027014,0.001975,0.999633,0,0.80000,-0.29621,48.000,-0.592,-1,375.000,-1,375.000,-1,300.000,325.000,325.000,325.000,-1,-1,-1,-1,675.000,725.000,-1,-1,2,0,2,0,2,0,0,0,0,2,2,2,2,0,0,2,2
103,614.267,-9383.241,21.871,22.058,0.926445,-0.375552,0.025682,0.375475,0.926799,0.007959,-0.026791,0.002269,0.999638,0,0.82732,-0.29621,49.639,-0.592,-1,375.000,-1,375.000,-1,300.000,300.000,325.000,325.000,-1,-1,-1,-1,675.000,725.000,-1,-1,2,0,2,0,2,0,0,0,0,2,2,2,2,0,0,2,2
104,660.462,-9365.075,20.744,21.466,0.930290,-0.365949,0.025345,0.365882,0.930632,0.007419,-0.026302,0.002372,0.999651,0,0.82732,-0.29621,49.639,-0.592,-1,375.000,-1,375.000,-1,300.000,300.000,325.000,325.000,-1,-1,-1,-1,650.000,700.000,-1,-1,2,0,2,0,2,0,0,0,0,2,2,2,2,0,0,2,2
105,706.844,-9347.388,19.659,20.874,0.934034,-0.356307,0.024996,0.356252,0.934365,0.006789,-0.025775,0.002564,0.999664,0,0.82732,-0.29621,49.639,-0.592,-1,375.000,-1,375.000,-1,300.000,300.000,325.000,325.000,-1,-1,-1,-1,650.000,700.000,-1,-1,2,0,2,0,2,0,0,0,0,2,2,2,2,0,0,2,2
106,753.405,-9330.182,18.515,20.281,0.937691,-0.346627,0.024189,0.346578,0.938000,0.006342,-0.024888,0.002437,0.999687,0,0.82732,-0.29621,49.639,-0.592,-1,375.000,-1,375.000,-1,300.000,300.000,325.000,325.000,-1,-1,-1,-1,650.000,700.000,-1,-1,2,0,2,0,2,0,0,0,0,2,2,2,2,0,0,2,2
107,800.142,-9313.458,17.457,19.689,0.941255,-0.336910,0.023013,0.336876,0.941533,0.005486,-0.023516,0.002589,0.999720,0,0.82732,-0.29621,49.639,-0.592,-1,375.000,-1,375.000,-1,300.000,300.000,325.000,325.000,-1,-1,-1,-1,650.000,675.000,-1,-1,2,0,2,0,2,0,0,0,0,2,2,2,2,0,0,2,2
108,844.432,-9298.332,16.558,18.856,0.946081,-0.323196,0.021817,0.323180,0.946328,0.004358,-0.022054,0.002928,0.999752,0,0.78004,-0.41621,46.802,-0.832,-1,375.000,-1,375.000,-1,300.000,300.000,325.000,325.000,-1,-1,-1,-1,650.000,675.000,-1,-1,2,0,2,0,2,0,0,0,0,2,2,2,2,0,0,2,2
109,888.998,-9284.037,15.698,17.784,0.951992,-0.305427,0.020637,0.305428,0.952210,0.003177,-0.020621,0.003278,0.999782,0,0.78004,-0.53621,46.802,-1.072,-1,375.000,-1,375.000,-1,300.000,300.000,325.000,325.000,-1,-1,-1,-1,650.000,675.000,-1,-1,2,0,2,0,2,0,0,0,0,2,2,2,2,0,0,2,2
110,933.880,-9270.767,14.870,16.472,0.958763,-0.283537,0.019484,0.283554,0.958954,0.001947,-0.019236,0.003658,0.999808,0,0.78004,-0.65621,46.802,-1.312,-1,375.000,-1,375.000,-1,300.000,300.000,325.000,325.000,-1,-1,-1,-1,650.000,675.000,-1,-1,2,0,2,0,2,0,0,0,0,2,2,2,2,0,0,2,2
111,979.105,-9258.717,14.070,14.919,0.966116,-0.257453,0.018369,0.257485,0.966282,0.000672,-0.017922,0.004081,0.999831,0,0.78004,-0.77621,46.802,-1.552,-1,375.000,-1,375.000,-1,300.000,325.000,325.000,325.000,-1,900.000,400.000,-1,625.000,675.000,-1,-1,2,0,2,0,2,0,0,0,0,2,0,0,2,0,0,2,2
112,1024.684,-9248.088,13.289,13.127,0.973717,-0.227103,0.017303,0.227148,0.973860,-0.000640,-0.016705,0.004554,0.999850,0,0.78004,-0.89621,46.802,-1.792,-1,375.000,-1,375.000,-1,300.000,325.000,325.000,325.000,-1,950.000,400.000,-1,625.000,675.000,-1,-1,2,0,2,0,2,0,0,0,0,2,0,0,2,0,0,2,2
113,1070.607,-9239.056,12.518,11.127,0.981068,-0.192977,0.016294,0.193034,0.981190,-0.001985,-0.015605,0.005093,0.999865,0,0.78004,-1.00000,46.802,-2.000,-1,375.000,-1,375.000,-1,300.000,325.000,325.000,325.000,-1,-1,450.000,-1,625.000,675.000,-1,-1,2,0,2,0,2,0,0,0,0,2,2,0,2,0,0,2,2
114,1116.816,-9231.633,11.748,9.127,0.987221,-0.158616,0.015335,0.158685,0.987324,-0.003387,-0.014604,0.005777,0.999877,0,0.78004,-1.00000,46.802,-2.000,1000.000,375.000,-1,375.000,-1,300.000,300.000,300.000,325.000,-1,-1,475.000,-1,625.000,675.000,1000.000,-1,0,0,2,0,2,0,0,0,0,2,2,0,2,0,0,0,2
115,1163.257,-9225.826,10.956,7.127,0.992170,-0.124061,0.014381,0.124143,0.992252,-0.004901,-0.013661,0.006648,0.999885,0,0.78004,-1.00000,46.802,-2.000,975.000,350.000,-1,375.000,-1,300.000,300.000,300.000,325.000,-1,-1,500.000,-1,600.000,675.000,1000.000,-1,0,0,2,0,2,0,0,0,0,2,2,0,2,0,0,0,2
116,1209.872,-9221.644,10.072,5.127,0.995911,-0.089356,0.013262,0.089451,0.995968,-0.006754,-0.012605,0.007913,0.999889,0,0.78004,-1.00000,46.802,-2.000,975.000,350.000,-1,375.000,-1,300.000,300.000,300.000,325.000,-1,-1,525.000,-1,600.000,675.000,975.000,-1,0,0,2,0,2,0,0,0,0,2,2,0,2,0,0,0,2
117,1256.605,-9219.091,9.186,3.127,0.998437,-0.054542,0.012206,0.054648,0.998469,-0.008548,-0.011722,0.009201,0.999889,0,0.78004,-1.00000,46.802,-2.000,950.000,350.000,-1,375.000,-1,300.000,300.000,300.000,325.000,-1,-1,550.000,-1,600.000,650.000,975.000,-1,0,0,2,0,2,0,0,0,0,2,2,0,2,0,0,0,2
118,1303.398,-9218.170,8.307,1.127,0.999743,-0.019662,0.011264,0.019778,0.999752,-0.010220,-0.011060,0.010440,0.999884,0,0.78004,-1.00000,46.802,-2.000,950.000,350.000,-1,375.000,-1,300.000,300.000,300.000,325.000,-1,-1,575.000,-1,600.000,650.000,950.000,-1,0,0,2,0,2,0,0,0,0,2,2,0,2,0,0,0,2
119,1350.195,-9218.884,8.414,-0.873,0.999844,0.015240,0.008950,-0.015133,0.999814,-0.011930,-0.009130,0.011792,0.999889,0,0.78004,-1.00000,46.802,-2.000,950.000,350.000,-1,375.000,-1,300.000,300.000,300.000,325.000,-1,-1,575.000,-1,600.000,675.000,1000.000,-1,0,0,2,0,2,0,0,0,0,2,2,0,2,0,0,0,2
120,1396.939,-9221.229,8.746,-2.873,0.998725,0.050123,0.006020,-0.050036,0.998652,-0.013814,-0.006704,0.013495,0.999886,0,0.78004,-1.00000,46.802,-2.000,1000.000,350.000,-1,375.000,-1,300.000,300.000,300.000,325.000,-1,-1,575.000,-1,625.000,675.000,-1,-1,0,0,2,0,2,0,0,0,0,2,2,0,2,0,0,2,2
121,1443.572,-9225.205,9.049,-4.873,0.996381,0.084943,0.003137,-0.084884,0.996270,-0.015499,-0.004442,0.015177,0.999875,0,0.78004,-1.00000,46.802,-2.000,-1,350.000,-1,375.000,-1,300.000,300.000,300.000,325.000,-1,-1,575.000,-1,625.000,700.000,-1,-1,2,0,2,0,2,0,0,0,0,2,2,0,2,0,0,2,2
122,1490.038,-9230.806,9.316,-6.873,0.992815,0.119657,0.000312,-0.119635,0.992673,-0.016990,-0.002342,0.016830,0.999856,0,0.78004,-1.00000,46.802,-2.000,-1,350.000,-1,375.000,-1,300.000,300.000,300.000,325.000,-1,-1,575.000,-1,625.000,700.000,-1,-1,2,0,2,0,2,0,0,0,0,2,2,0,2,0,0,2,2
123,1536.281,-9238.024,9.527,-8.873,0.988033,0.154224,-0.002421,-0.154242,0.987863,-0.018339,-0.000437,0.018493,0.999829,0,0.78004,-1.00000,46.802,-2.000,-1,350.000,-1,375.000,-1,300.000,300.000,300.000,325.000,-1,-1,575.000,-1,650.000,725.000,-1,-1,2,0,2,0,2,0,0,0,0,2,2,0,2,0,0,2,2
124,1582.243,-9246.853,9.685,-10.873,0.982041,0.188600,-0.005082,-0.188663,0.981848,-0.019507,0.001311,0.020115,0.999797,0,0.78004,-1.00000,46.802,-2.000,-1,375.000,-1,375.000,-1,300.000,300.000,300.000,325.000,-1,-1,575.000,-1,650.000,750.000,-1,-1,2,0,2,0,2,0,0,0,0,2,2,0,2,0,0,2,2
125,1627.869,-9257.280,9.783,-12.873,0.974847,0.222743,-0.007668,-0.222856,0.974636,-0.020494,0.002909,0.021688,0.999761,0,0.78004,-1.00000,46.802,-2.000,-1,375.000,-1,400.000,-1,300.000,325.000,300.000,325.000,-1,975.000,575.000,-1,650.000,750.000,-1,-1,2,0,2,0,2,0,0,0,0,2,0,0,2,0,0,2,2
126,1673.104,-9269.292,9.814,-14.873,0.966461,0.256613,-0.010175,-0.256778,0.966236,-0.021301,0.004365,0.023199,0.999721,0,0.78004,-1.00000,46.802,-2.000,-1,375.000,-1,400.000,-1,300.000,325.000,300.000,325.000,-1,925.000,550.000,-1,675.000,775.000,-1,-1,2,0,2,0,2,0,0,0,0,2,0,0,2,0,0,2,2
127,1717.892,-9282.877,9.771,-16.873,0.956893,0.290168,-0.012596,-0.290386,0.956658,-0.021928,0.005688,0.024640,0.999680,0,0.78004,-1.00000,46.802,-2.000,-1,375.000,-1,400.000,-1,300.000,325.000,300.000,325.000,-1,900.000,550.000,-1,675.000,800.000,-1,-1,2,0,2,0,2,0,0,0,0,2,0,0,2,0,0,2,2
128,1762.178,-9298.016,9.649,-18.873,0.946156,0.323367,-0.014929,-0.323638,0.945916,-0.022374,0.006887,0.026000,0.999638,0,0.78004,-1.00000,46.802,-2.000,-1,375.000,-1,400.000,-1,300.000,325.000,300.000,325.000,-1,850.000,550.000,-1,700.000,825.000,-1,-1,2,0,2,0,2,0,0,0,0,2,0,0,2,0,0,2,2
129,1805.909,-9314.691,9.442,-20.873,0.934263,0.356170,-0.017167,-0.356494,0.934023,-0.022638,0.007972,0.027270,0.999596,0,0.78004,-1.00000,46.802,-2.000,-1,375.000,-1,400.000,-1,325.000,325.000,300.000,325.000,-1,800.000,525.000,-1,700.000,825.000,-1,-1,2,0,2,0,2,0,0,0,0,2,0,0,2,0,0,2,2
130,1849.032,-9332.882,9.315,-22.873,0.921239,0.388530,-0.019066,-0.388906,0.920976,-0.023573,0.008401,0.029132,0.999540,0,0.78004,-1.00000,46.802,-2.000,-1,375.000,-1,400.000,-1,325.000,325.000,300.000,325.000,-1,800.000,500.000,-1,700.000,850.000,-1,-1,2,0,2,0,2,0,0,0,0,2,0,0,2,0,0,2,2
131,1891.493,-9352.567,9.422,-24.873,0.907109,0.420395,-0.020538,-0.420826,0.906769,-0.025992,0.007696,0.032221,0.999451,0,0.78004,-1.00000,46.802,-2.000,-1,375.000,-1,400.000,-1,325.000,325.000,300.000,325.000,-1,950.000,575.000,-1,725.000,850.000,-1,-1,2,0,2,0,2,0,0,0,0,2,0,0,2,0,0,2,2
132,1933.242,-9373.721,9.477,-26.873,0.891874,0.451736,-0.022279,-0.452230,0.891450,-0.028382,0.007039,0.035388,0.999349,0,0.78004,-1.00000,46.802,-2.000,-1,375.000,-1,400.000,-1,325.000,325.000,300.000,300.000,-1,-1,625.000,-1,750.000,875.000,-1,-1,2,0,2,0,2,0,0,0,0,2,2,0,2,0,0,2,2
