timestep,x_cm,y_cm,z_cm,yaw_deg,basis_xx,basis_xy,basis_xz,basis_yx,basis_yy,basis_yz,basis_zx,basis_zy,basis_zz,teleport_flag,throttle_cmd,steering_cmd,cmd_move_cm,cmd_turn_deg,lidar_cm_0,lidar_cm_1,lidar_cm_2,lidar_cm_3,lidar_cm_4,lidar_cm_5,lidar_cm_6,lidar_cm_7,lidar_cm_8,lidar_cm_9,lidar_cm_10,lidar_cm_11,lidar_cm_12,lidar_cm_13,lidar_cm_14,lidar_cm_15,lidar_cm_16,lidar_class_0,lidar_class_1,lidar_class_2,lidar_class_3,lidar_class_4,lidar_class_5,lidar_class_6,lidar_class_7,lidar_class_8,lidar_class_9,lidar_class_10,lidar_class_11,lidar_class_12,lidar_class_13,lidar_class_14,lidar_class_15,lidar_class_16
0,7824.867,5441.459,55.388,163.814,-0.960255,-0.278568,-0.017604,0.278728,-0.960342,-0.007390,-0.014847,-0.012003,0.999818,0,0.96551,-0.47621,0.221,-0.016,-1,460.792,-1,684.939,-1,408.488,457.704,682.667,739.316,-1,-1,-1,-1,-1,-1,-1,-1,2,0,2,0,2,0,0,0,0,2,2,2,2,2,2,2,2
1,7823.978,5442.252,56.210,163.740,-0.959966,-0.279842,-0.012383,0.279979,-0.959941,-0.011191,-0.008756,-0.014210,0.999861,0,0.96561,-0.47602,1.192,-0.073,-1,471.410,-1,718.032,-1,419.004,470.787,680.438,746.792,-1,-1,-1,-1,-1,-1,-1,-1,2,0,2,0,2,0,0,0,0,2,2,2,2,2,2,2,2
2,7822.335,5443.477,56.145,163.618,-0.959400,-0.281964,-0.006880,0.282039,-0.959276,-0.015588,-0.002205,-0.016896,0.999855,0,0.96600,-0.47520,2.048,-0.122,-1,480.875,-1,752.273,-1,428.583,483.481,674.951,753.258,-1,-1,-1,-1,-1,-1,-1,-1,2,0,2,0,2,0,0,0,0,2,2,2,2,2,2,2,2
3,7820.031,5445.021,55.459,163.440,-0.958518,-0.285018,-0.002735,0.285017,-0.958327,-0.019338,0.002891,-0.019315,0.999809,0,0.96665,-0.47387,2.774,-0.178,-1,486.617,-1,777.346,-1,434.942,493.577,668.381,757.494,-1,-1,-1,-1,-1,-1,-1,-1,2,0,2,0,2,0,0,0,0,2,2,2,2,2,2,2,2
4,7817.202,5446.907,54.397,163.230,-0.957458,-0.288569,-0.001633,0.288535,-0.957220,-0.021828,0.004735,-0.021371,0.999760,0,0.96758,-0.47196,3.400,-0.211,-1,485.736,-1,786.649,-1,435.619,496.726,661.393,759.637,-1,-1,-1,-1,-1,-1,-1,-1,2,0,2,0,2,0,0,0,0,2,2,2,2,2,2,2,2
5,7813.846,5449.192,53.111,162.981,-0.956201,-0.292686,-0.003727,0.292693,-0.955938,-0.022648,0.003066,-0.022747,0.999737,0,0.96869,-0.46971,4.060,-0.249,-1,478.269,-1,780.303,-1,430.661,492.583,654.668,759.246,-1,-1,-1,-1,-1,-1,-1,-1,2,0,2,0,2,0,0,0,0,2,2,2,2,2,2,2,2
6,7809.829,5452.082,51.846,162.668,-0.954595,-0.297827,-0.006932,0.297907,-0.954353,-0.021501,-0.000211,-0.022590,0.999745,0,0.96999,-0.46703,4.948,-0.313,-1,468.800,-1,766.418,-1,423.973,485.594,649.943,755.055,-1,-1,-1,-1,-1,-1,-1,-1,2,0,2,0,2,0,0,0,0,2,2,2,2,2,2,2,2
7,7805.140,5455.646,50.753,162.278,-0.952536,-0.304258,-0.010075,0.304399,-0.952363,-0.018617,-0.003930,-0.020801,0.999776,0,0.97164,-0.46365,5.890,-0.390,-1,459.838,-1,750.667,-1,417.642,478.551,648.933,747.367,-1,-1,-1,-1,-1,-1,-1,-1,2,0,2,0,2,0,0,0,0,2,2,2,2,2,2,2,2
8,7799.883,5459.842,49.887,161.830,-0.950109,-0.311670,-0.012451,0.311832,-0.950028,-0.014373,-0.007349,-0.017539,0.999819,0,0.97371,-0.45942,6.726,-0.448,-1,453.748,-1,735.655,-1,412.845,472.924,651.667,736.876,-1,-1,-1,-1,-1,-1,-1,-1,2,0,2,0,2,0,0,0,0,2,2,2,2,2,2,2,2
9,7794.076,5464.663,49.288,161.329,-0.947329,-0.319980,-0.013425,0.320113,-0.947333,-0.009338,-0.009730,-0.013144,0.999866,0,0.97609,-0.45454,7.547,-0.500,-1,451.696,-1,724.663,-1,410.941,470.192,657.504,724.671,-1,-1,-1,-1,-1,-1,-1,-1,2,0,2,0,2,0,0,0,0,2,2,2,2,2,2,2,2
10,7787.818,5470.084,49.035,160.777,-0.944195,-0.329149,-0.012485,0.329220,-0.944244,-0.004105,-0.010438,-0.007986,0.999914,0,0.97344,-0.44906,8.280,-0.552,-1,453.860,-1,722.230,-1,413.537,471.767,666.031,711.964,-1,-1,-1,-1,-1,-1,-1,-1,2,0,2,0,2,0,0,0,0,2,2,2,2,2,2,2,2
11,7781.109,5476.162,49.094,160.156,-0.940581,-0.339437,-0.009457,0.339449,-0.940624,0.000387,-0.009027,-0.002846,0.999955,0,0.97048,-0.44299,9.052,-0.622,-1,460.661,-1,731.148,-1,420.833,478.724,675.500,700.463,-1,-1,-1,-1,-1,-1,-1,-1,2,0,2,0,2,0,0,0,0,2,2,2,2,2,2,2,2
12,7774.152,5482.920,49.446,159.444,-0.936315,-0.351134,-0.004386,0.351119,-0.936323,0.003759,-0.005427,0.001980,0.999983,0,0.96714,-0.43614,9.700,-0.712,-1,473.642,-1,750.991,-1,433.006,491.640,684.398,690.740,-1,-1,-1,-1,-1,-1,-1,-1,2,0,2,0,2,0,0,0,0,2,2,2,2,2,2,2,2
13,7766.947,5490.401,49.993,158.629,-0.931240,-0.364401,0.002046,0.364407,-0.931225,0.005233,-0.000001,0.005619,0.999984,0,0.96330,-0.42829,10.387,-0.815,-1,491.099,-1,780.689,-1,449.965,510.400,688.629,684.268,-1,-1,-1,-1,-1,-1,-1,-1,2,0,2,0,2,0,0,0,0,2,2,2,2,2,2,2,2
14,7759.253,5498.501,50.678,157.750,-0.925523,-0.378594,0.008607,0.378639,-0.925534,0.004333,0.006325,0.007269,0.999954,0,0.95891,-0.41929,11.171,-0.879,-1,514.158,-1,809.808,-1,471.234,533.212,688.020,682.444,-1,-1,-1,-1,-1,-1,-1,-1,2,0,2,0,2,0,0,0,0,2,2,2,2,2,2,2,2
15,7751.095,5507.157,51.513,156.794,-0.919018,-0.393951,0.014450,0.394008,-0.919106,0.001231,0.012796,0.006824,0.999895,0,0.95417,-0.40958,11.895,-0.956,-1,541.529,-1,843.790,-1,494.252,561.287,682.262,685.166,-1,-1,-1,-1,-1,-1,-1,-1,2,0,2,0,2,0,0,0,0,2,2,2,2,2,2,2,2
16,7742.411,5516.303,52.496,155.788,-0.911864,-0.410023,0.019605,0.410040,-0.912061,-0.003323,0.019243,0.005009,0.999802,0,0.94902,-0.39901,12.612,-1.006,-1,573.512,-1,879.357,-1,522.094,592.516,668.632,691.154,-1,-1,-1,-1,-1,-1,-1,-1,2,0,2,0,2,0,0,0,0,2,2,2,2,2,2,2,2
17,7731.600,5527.950,53.979,154.506,-0.902309,-0.430364,0.025014,0.430261,-0.902653,-0.009634,0.026725,0.002070,0.999641,0,0.94359,-0.38789,15.892,-1.282,-1,628.345,-1,919.995,-1,559.792,633.810,650.922,700.840,-1,-1,-1,-1,-1,-1,-1,-1,2,0,2,0,2,0,0,0,0,2,2,2,2,2,2,2,2
18,7724.172,5536.220,55.058,153.603,-0.895290,-0.444603,0.028004,0.444360,-0.895727,-0.014741,0.031638,-0.000753,0.999499,0,0.93666,-0.37370,11.116,-0.903,-1,664.311,-1,947.792,-1,587.586,663.164,635.875,709.497,-1,-1,-1,-1,-1,-1,-1,-1,2,0,2,0,2,0,0,0,0,2,2,2,2,2,2,2,2
19,7714.703,5547.114,56.463,152.417,-0.885711,-0.463195,0.031084,0.462710,-0.886243,-0.021750,0.037623,-0.004881,0.999280,0,0.93177,-0.36368,14.434,-1.187,-1,712.306,-1,981.440,-1,623.899,700.617,615.650,722.010,-1,-1,-1,-1,-1,-1,-1,-1,2,0,2,0,2,0,0,0,0,2,2,2,2,2,2,2,2
20,7705.067,5558.553,58.009,151.178,-0.875292,-0.482405,0.033908,0.481635,-0.875905,-0.028610,0.043501,-0.008711,0.999015,0,0.92533,-0.35048,14.957,-1.239,-1,766.968,-1,-1,-1,662.699,738.060,596.229,734.539,-1,-1,-1,-1,-1,-1,-1,-1,2,0,2,2,2,0,0,0,0,2,2,2,2,2,2,2,2
21,7695.377,5570.670,59.554,149.890,-0.864026,-0.502162,0.035950,0.501067,-0.864681,-0.035470,0.048897,-0.012634,0.998724,0,0.91859,-0.33666,15.515,-1.288,-1,801.750,-1,-1,-1,701.778,773.367,575.796,745.296,-1,-1,-1,-1,-1,-1,-1,-1,2,0,2,2,2,0,0,0,0,2,2,2,2,2,2,2,2
22,7685.593,5583.487,60.827,148.556,-0.851903,-0.522368,0.037320,0.520909,-0.852556,-0.042452,0.053993,-0.016724,0.998401,0,0.91154,-0.32222,16.125,-1.334,-1,835.880,-1,-1,-1,733.995,798.713,554.960,755.525,-1,-1,-1,-1,-1,-1,-1,-1,2,0,2,2,2,0,0,0,0,2,2,2,2,2,2,2,2
23,7675.726,5596.922,61.747,147.190,-0.839044,-0.542735,0.037998,0.540941,-0.839663,-0.048470,0.058212,-0.020114,0.998102,0,0.90421,-0.30720,16.669,-1.366,-1,861.557,-1,-1,-1,763.343,821.009,536.052,763.705,-1,972.106,968.531,-1,-1,-1,-1,-1,2,0,2,2,2,0,0,0,0,2,0,0,2,2,2,2,2
24,7665.858,5610.965,62.285,145.793,-0.825472,-0.563185,0.037670,0.561141,-0.826021,-0.053010,0.060971,-0.022620,0.997883,0,0.89667,-0.29175,17.163,-1.397,-1,873.262,-1,-1,-1,783.491,836.779,517.363,769.611,-1,931.063,940.174,-1,-1,-1,-1,-1,2,0,2,2,2,0,0,0,0,2,0,0,2,2,2,2,2
25,7656.046,5625.663,62.436,144.372,-0.811231,-0.583585,0.036495,0.581376,-0.811683,-0.056331,0.062496,-0.024480,0.997745,0,0.88891,-0.27586,17.672,-1.420,-1,883.728,-1,-1,-1,798.042,847.072,500.693,773.436,-1,916.220,923.330,-1,-1,-1,-1,-1,2,0,2,2,2,0,0,0,0,2,0,0,2,2,2,2,2
26,7646.301,5640.936,62.149,142.948,-0.796542,-0.603584,0.034730,0.601368,-0.796915,-0.057300,0.062262,-0.024756,0.997753,0,0.88098,-0.25961,18.118,-1.424,-1,882.932,-1,-1,-1,804.356,851.576,485.823,772.845,-1,931.751,928.345,-1,-1,-1,-1,-1,2,0,2,2,2,0,0,0,0,2,0,0,2,2,2,2,2
