timestep,x_cm,y_cm,z_cm,yaw_deg,basis_xx,basis_xy,basis_xz,basis_yx,basis_yy,basis_yz,basis_zx,basis_zy,basis_zz,teleport_flag,throttle_cmd,steering_cmd,cmd_move_cm,cmd_turn_deg,lidar_cm_0,lidar_cm_1,lidar_cm_2,lidar_cm_3,lidar_cm_4,lidar_cm_5,lidar_cm_6,lidar_cm_7,lidar_cm_8,lidar_cm_9,lidar_cm_10,lidar_cm_11,lidar_cm_12,lidar_cm_13,lidar_cm_14,lidar_cm_15,lidar_cm_16,lidar_class_0,lidar_class_1,lidar_class_2,lidar_class_3,lidar_class_4,lidar_class_5,lidar_class_6,lidar_class_7,lidar_class_8,lidar_class_9,lidar_class_10,lidar_class_11,lidar_class_12,lidar_class_13,lidar_class_14,lidar_class_15,lidar_class_16
0,5575.782,-3602.840,80.359,85.482,0.080141,-0.995620,0.048143,0.996393,0.078664,-0.031825,0.027898,0.050520,0.998333,1,0.08000,0.12000,4.800,0.240,-1,375.000,-1,400.000,-1,325.000,325.000,300.000,300.000,-1,-1,-1,-1,700.000,825.000,-1,-1,2,0,2,0,2,0,0,0,0,2,2,2,2,0,0,2,2
1,5576.458,-3593.263,80.638,85.962,0.071811,-0.996239,0.048497,0.997018,0.070320,-0.031790,0.028260,0.050635,0.998317,0,0.16000,0.24000,9.600,0.480,-1,375.000,-1,400.000,-1,325.000,325.000,300.000,300.000,-1,-1,-1,-1,700.000,825.000,-1,-1,2,0,2,0,2,0,0,0,0,2,2,2,2,0,0,2,2
2,5577.291,-3578.888,81.066,86.682,0.059309,-0.997035,0.049025,0.997824,0.057795,-0.031744,0.028817,0.050801,0.998293,0,0.24000,0.36000,14.400,0.720,-1,375.000,-1,400.000,-1,325.000,325.000,300.000,300.000,-1,-1,-1,-1,700.000,825.000,-1,-1,2,0,2,0,2,0,0,0,0,2,2,2,2,0,0,2,2
3,5578.081,-3559.704,81.652,87.642,0.042627,-0.997853,0.049724,0.998653,0.041082,-0.031695,0.029585,0.051009,0.998260,0,0.32000,0.48000,19.200,0.960,-1,375.000,-1,400.000,-1,325.000,325.000,300.000,300.000,-1,-1,-1,-1,700.000,825.000,-1,-1,2,0,2,0,2,0,0,0,0,2,2,2,2,0,0,2,2
4,5578.565,-3535.710,82.409,88.842,0.021761,-0.998482,0.050589,0.999295,0.020175,-0.031654,0.030585,0.051243,0.998218,0,0.40000,0.60000,24.000,1.200,-1,375.000,-1,400.000,-1,325.000,325.000,300.000,300.000,-1,-1,-1,-1,700.000,800.000,-1,-1,2,0,2,0,2,0,0,0,0,2,2,2,2,0,0,2,2
5,5578.463,-3506.910,83.350,90.203,-0.001904,-0.998665,0.051616,0.999493,-0.003540,-0.031629,0.031770,0.051530,0.998166,0,0.48000,0.68033,28.800,1.361,-1,375.000,-1,400.000,-1,325.000,325.000,300.000,300.000,-1,-1,-1,-1,700.000,800.000,-1,-1,2,0,2,0,2,0,0,0,0,2,2,2,2,0,0,2,2
6,5577.545,-3473.323,84.485,91.564,-0.025558,-0.998278,0.052804,0.999128,-0.027252,-0.031631,0.033015,0.051949,0.998104,0,0.56000,0.68033,33.600,1.361,-1,375.000,-1,400.000,-1,325.000,325.000,300.000,300.000,-1,-1,-1,-1,700.000,800.000,-1,-1,2,0,2,0,2,0,0,0,0,2,2,2,2,0,0,2,2
7,5575.586,-3434.973,85.829,92.924,-0.049186,-0.997321,0.054146,0.998199,-0.050948,-0.031667,0.034340,0.052491,0.998031,0,0.64000,0.68033,38.400,1.361,-1,375.000,-1,400.000,-1,300.000,325.000,300.000,325.000,-1,-1,-1,-1,700.000,775.000,-1,-1,2,0,2,0,2,0,0,0,0,2,2,2,2,0,0,2,2
8,5572.357,-3391.895,87.399,94.285,-0.072773,-0.995796,0.055634,0.996707,-0.074613,-0.031747,0.035764,0.053141,0.997946,0,0.72000,0.68033,43.200,1.361,-1,375.000,-1,400.000,-1,300.000,325.000,300.000,325.000,-1,-1,-1,-1,700.000,775.000,-1,-1,2,0,2,0,2,0,0,0,0,2,2,2,2,0,0,2,2
9,5567.883,-3346.643,89.121,95.646,-0.096309,-0.993708,0.057174,0.994653,-0.098235,-0.031875,0.037291,0.053798,0.997855,0,0.75788,0.68033,45.473,1.361,-1,375.000,-1,400.000,-1,300.000,325.000,300.000,325.000,-1,-1,-1,-1,700.000,775.000,-1,-1,2,0,2,0,2,0,0,0,0,2,2,2,2,0,0,2,2
10,5562.336,-3301.511,90.926,97.006,-0.119783,-0.991066,0.058657,0.992036,-0.121799,-0.032081,0.038938,0.054347,0.997763,0,0.75788,0.68033,45.473,1.361,-1,375.000,-1,400.000,-1,300.000,325.000,300.000,325.000,-1,-1,-1,-1,700.000,750.000,-1,-1,2,0,2,0,2,0,0,0,0,2,2,2,2,0,0,2,2
11,5555.719,-3256.523,92.956,98.367,-0.143180,-0.987898,0.059637,0.988842,-0.145299,-0.032847,0.041115,0.054269,0.997680,0,0.75788,0.68033,45.473,1.361,-1,375.000,-1,400.000,-1,300.000,325.000,300.000,325.000,-1,-1,-1,-1,700.000,750.000,-1,-1,2,0,2,0,2,0,0,0,0,2,2,2,2,0,0,2,2
12,5548.035,-3211.704,95.052,99.728,-0.166488,-0.984178,0.060626,0.985088,-0.168718,-0.033709,0.043404,0.054110,0.997591,0,0.75788,0.68033,45.473,1.361,-1,375.000,-1,400.000,-1,300.000,325.000,300.000,325.000,-1,-1,-1,-1,700.000,750.000,-1,-1,2,0,2,0,2,0,0,0,0,2,2,2,2,0,0,2,2
13,5539.290,-3167.081,97.227,101.088,-0.189696,-0.979905,0.061660,0.980776,-0.192043,-0.034620,0.045765,0.053908,0.997497,0,0.75788,0.68033,45.473,1.361,-1,375.000,-1,400.000,-1,300.000,325.000,300.000,325.000,-1,-1,725.000,-1,700.000,725.000,-1,-1,2,0,2,0,2,0,0,0,0,2,2,0,2,0,0,2,2
14,5529.487,-3122.678,99.476,102.449,-0.212794,-0.975083,0.062698,0.975910,-0.215260,-0.035542,0.048153,0.053625,0.997399,0,0.75788,0.68033,45.473,1.361,-1,375.000,-1,400.000,-1,300.000,325.000,300.000,325.000,-1,-1,675.000,-1,700.000,725.000,-1,-1,2,0,2,0,2,0,0,0,0,2,2,0,2,0,0,2,2
15,5518.633,-3078.520,101.801,103.810,-0.235772,-0.969716,0.063737,0.970492,-0.238358,-0.036473,0.050561,0.053257,0.997300,0,0.75788,0.68033,45.473,1.361,-1,375.000,-1,400.000,-1,300.000,325.000,300.000,325.000,-1,825.000,650.000,-1,700.000,725.000,-1,-1,2,0,2,0,2,0,0,0,0,2,0,0,2,0,0,2,2
16,5506.733,-3034.633,104.204,105.170,-0.258617,-0.963806,0.064772,0.964526,-0.261324,-0.037408,0.052981,0.052800,0.997199,0,0.75788,0.68033,45.473,1.361,-1,375.000,-1,400.000,-1,325.000,325.000,325.000,325.000,-1,775.000,600.000,-1,725.000,725.000,-1,-1,2,0,2,0,2,0,0,0,0,2,0,0,2,0,0,2,2
17,5493.795,-2991.040,106.688,106.531,-0.281316,-0.957357,0.065799,0.958014,-0.284145,-0.038344,0.055406,0.052250,0.997096,0,0.75788,0.68033,45.473,1.361,-1,375.000,-1,400.000,-1,325.000,325.000,325.000,325.000,-1,700.000,575.000,-1,725.000,725.000,-1,-1,2,0,2,0,2,0,0,0,0,2,0,0,2,0,0,2,2
18,5479.825,-2947.767,109.255,107.892,-0.303858,-0.950371,0.066815,0.950961,-0.306808,-0.039278,0.057828,0.051604,0.996992,0,0.75788,0.68033,45.473,1.361,-1,375.000,-1,400.000,-1,325.000,325.000,325.000,325.000,-1,675.000,550.000,-1,725.000,725.000,-1,-1,2,0,2,0,2,0,0,0,0,2,0,0,2,0,0,2,2
19,5464.832,-2904.837,111.906,109.252,-0.326231,-0.942854,0.067815,0.943368,-0.329301,-0.040208,0.060241,0.050857,0.996887,0,0.75788,0.68033,45.473,1.361,-1,375.000,-1,400.000,-1,325.000,325.000,325.000,325.000,-1,625.000,525.000,-1,750.000,725.000,-1,-1,2,0,2,0,2,0,0,0,0,2,0,0,2,0,0,2,2
20,5448.823,-2862.276,114.607,110.613,-0.348424,-0.934803,0.068883,0.935249,-0.351610,-0.040980,0.062528,0.050145,0.996783,0,0.75788,0.68033,45.473,1.361,-1,375.000,-1,400.000,-1,325.000,325.000,325.000,325.000,-1,600.000,525.000,-1,750.000,725.000,-1,-1,2,0,2,0,2,0,0,0,0,2,0,0,2,0,0,2,2
21,5431.809,-2820.107,117.350,111.974,-0.370423,-0.926220,0.070026,0.926610,-0.373720,-0.041548,0.064653,0.049497,0.996680,0,0.75788,0.68033,45.473,1.361,-1,375.000,-1,400.000,-1,325.000,325.000,325.000,325.000,-1,575.000,525.000,-1,775.000,725.000,-1,-1,2,0,2,0,2,0,0,0,0,2,0,0,2,0,0,2,2
22,5413.797,-2778.354,120.179,113.334,-0.392218,-0.917118,0.071130,0.917448,-0.395623,-0.042084,0.066737,0.048752,0.996579,0,0.75788,0.68033,45.473,1.361,-1,375.000,-1,375.000,-1,325.000,325.000,325.000,325.000,-1,575.000,500.000,-1,775.000,725.000,-1,-1,2,0,2,0,2,0,0,0,0,2,0,0,2,0,0,2,2
23,5394.800,-2737.040,123.178,114.695,-0.413834,-0.907516,0.071810,0.907769,-0.417312,-0.042495,0.068532,0.047601,0.996513,0,0.75788,0.68033,45.473,1.361,-1,375.000,-1,375.000,-1,325.000,325.000,325.000,325.000,-1,575.000,525.000,-1,800.000,750.000,-1,-1,2,0,2,0,2,0,0,0,0,2,0,0,2,0,0,2,2
24,5374.828,-2696.189,126.332,116.056,-0.435254,-0.897413,0.072134,0.897576,-0.438775,-0.042824,0.070081,0.046106,0.996475,0,0.75788,0.68033,45.473,1.361,-1,400.000,-1,375.000,-1,325.000,325.000,325.000,325.000,-1,575.000,550.000,-1,800.000,750.000,-1,-1,2,0,2,0,2,0,0,0,0,2,0,0,2,0,0,2,2
25,5351.868,-2651.466,129.999,117.176,-0.452707,-0.888726,0.072262,0.888767,-0.456277,-0.043652,0.071767,0.044463,0.996430,0,0.83788,0.56033,50.273,1.121,-1,400.000,-1,400.000,-1,325.000,325.000,325.000,325.000,-1,600.000,575.000,-1,825.000,750.000,-1,-1,2,0,2,0,2,0,0,0,0,2,0,0,2,0,0,2,2
26,5327.607,-2605.945,133.814,118.057,-0.466294,-0.881659,0.072436,0.881597,-0.469909,-0.044411,0.073194,0.043150,0.996384,0,0.85970,0.44033,51.582,0.881,-1,400.000,-1,400.000,-1,325.000,325.000,325.000,325.000,-1,600.000,600.000,-1,825.000,750.000,-1,-1,2,0,2,0,2,0,0,0,0,2,0,0,2,0,0,2,2
27,5302.839,-2560.699,137.598,118.698,-0.476136,-0.876397,0.072270,0.876243,-0.479764,-0.044994,0.074105,0.041903,0.996370,0,0.85970,0.32033,51.582,0.641,-1,400.000,-1,400.000,-1,325.000,325.000,325.000,325.000,-1,625.000,625.000,-1,850.000,750.000,-1,-1,2,0,2,0,2,0,0,0,0,2,0,0,2,0,0,2,2
28,5277.755,-2515.627,141.298,119.098,-0.482327,-0.873070,0.071485,0.872834,-0.485908,-0.045326,0.074308,0.040533,0.996411,0,0.85970,0.20033,51.582,0.401,-1,400.000,-1,400.000,-1,325.000,325.000,325.000,325.000,-1,675.000,675.000,-1,850.000,775.000,-1,-1,2,0,2,0,2,0,0,0,0,2,0,0,2,0,0,2,2
29,5252.545,-2470.626,145.030,119.259,-0.484839,-0.871738,0.070744,0.871445,-0.488373,-0.045557,0.074264,0.039562,0.996454,0,0.85970,0.08033,51.582,0.161,-1,400.000,-1,400.000,-1,325.000,325.000,325.000,300.000,-1,725.000,750.000,-1,850.000,775.000,-1,-1,2,0,2,0,2,0,0,0,0,2,0,0,2,0,0,2,2
30,5227.179,-2425.475,148.753,119.328,-0.485975,-0.871181,0.069801,0.870839,-0.489443,-0.045672,0.073952,0.038590,0.996515,0,0.86313,0.03456,51.788,0.069,-1,400.000,-1,400.000,-1,325.000,325.000,325.000,300.000,-1,800.000,800.000,-1,850.000,775.000,-1,-1,2,0,2,0,2,0,0,0,0,2,0,0,2,0,0,2,2
31,5201.644,-2380.137,152.446,119.390,-0.487019,-0.870689,0.068650,0.870300,-0.490401,-0.045666,0.073427,0.037505,0.996595,0,0.86725,0.03086,52.035,0.062,-1,400.000,-1,400.000,-1,325.000,325.000,325.000,300.000,-1,875.000,875.000,-1,850.000,775.000,-1,-1,2,0,2,0,2,0,0,0,0,2,0,0,2,0,0,2,2
32,5175.949,-2334.615,156.095,119.444,-0.487917,-0.870252,0.067811,0.869831,-0.491236,-0.045621,0.073013,0.036724,0.996655,0,0.87122,0.02700,52.273,0.054,-1,400.000,-1,400.000,-1,325.000,325.000,325.000,300.000,-1,925.000,950.000,-1,850.000,775.000,-1,-1,2,0,2,0,2,0,0,0,0,2,0,0,2,0,0,2,2
33,5150.104,-2288.915,159.769,119.490,-0.488696,-0.869881,0.066959,0.869436,-0.491947,-0.045483,0.072505,0.035989,0.996719,0,0.87502,0.02299,52.501,0.046,-1,400.000,-1,400.000,-1,325.000,325.000,325.000,300.000,-1,1000.000,-1,-1,850.000,775.000,-1,-1,2,0,2,0,2,0,0,0,0,2,0,2,2,0,0,2,2
34,5124.123,-2243.043,163.467,119.527,-0.489351,-0.869579,0.066094,0.869118,-0.492530,-0.045250,0.071902,0.035301,0.996787,0,0.87866,0.01882,52.719,0.038,-1,400.000,-1,400.000,-1,325.000,325.000,325.000,300.000,-1,-1,-1,-1,850.000,775.000,-1,-1,2,0,2,0,2,0,0,0,0,2,2,2,2,0,0,2,2
35,5098.016,-2197.004,167.189,119.556,-0.489876,-0.869349,0.065217,0.868880,-0.492981,-0.044920,0.071202,0.034661,0.996860,0,0.88210,0.01449,52.926,0.029,-1,400.000,-1,400.000,-1,325.000,325.000,325.000,300.000,-1,-1,-1,-1,850.000,775.000,-1,-1,2,0,2,0,2,0,0,0,0,2,2,2,2,0,0,2,2
36,5071.797,-2150.805,170.934,119.576,-0.490268,-0.869195,0.064328,0.868724,-0.493295,-0.044492,0.070405,0.034070,0.996937,0,0.88534,0.01000,53.120,0.020,-1,400.000,-1,400.000,-1,325.000,325.000,325.000,300.000,-1,-1,-1,-1,850.000,775.000,-1,-1,2,0,2,0,2,0,0,0,0,2,2,2,2,0,0,2,2
37,5045.480,-2104.453,174.776,119.587,-0.490551,-0.869126,0.063080,0.868653,-0.493471,-0.043910,0.069291,0.033254,0.997042,0,0.88837,0.00535,53.302,0.011,-1,400.000,-1,400.000,-1,325.000,325.000,325.000,300.000,-1,-1,-1,-1,850.000,775.000,-1,-1,2,0,2,0,2,0,0,0,0,2,2,2,2,0,0,2,2
38,5019.080,-2057.956,178.648,119.588,-0.490693,-0.869140,0.061776,0.868671,-0.493500,-0.043221,0.068051,0.032455,0.997154,0,0.89116,0.00054,53.470,0.001,-1,400.000,-1,400.000,-1,325.000,325.000,325.000,300.000,-1,-1,-1,-1,850.000,775.000,-1,-1,2,0,2,0,2,0,0,0,0,2,2,2,2,0,0,2,2
39,4992.611,-2011.322,182.477,119.579,-0.490677,-0.869237,0.060523,0.868775,-0.493377,-0.042531,0.066831,0.031712,0.997260,0,0.89371,-0.00444,53.622,-0.009,-1,400.000,-1,400.000,-1,325.000,325.000,325.000,300.000,-1,-1,-1,-1,850.000,775.000,-1,-1,2,0,2,0,2,0,0,0,0,2,2,2,2,0,0,2,2
40,4963.994,-1960.388,186.412,119.330,-0.487017,-0.871403,0.058915,0.870899,-0.489614,-0.042591,0.065959,0.030566,0.997354,0,0.97371,-0.12444,58.422,-0.249,-1,400.000,-1,400.000,-1,325.000,325.000,325.000,300.000,-1,-1,-1,-1,850.000,775.000,-1,-1,2,0,2,0,2,0,0,0,0,2,2,2,2,0,0,2,2
41,4935.051,-1907.831,190.412,118.841,-0.479671,-0.875569,0.057404,0.875045,-0.482171,-0.042516,0.064904,0.029838,0.997445,0,1.00000,-0.24444,60.000,-0.489,-1,400.000,-1,400.000,-1,325.000,325.000,325.000,300.000,-1,-1,-1,-1,850.000,775.000,-1,-1,2,0,2,0,2,0,0,0,0,2,2,2,2,0,0,2,2
42,4906.673,-1854.966,194.304,118.228,-0.470362,-0.880701,0.055904,0.880153,-0.472774,-0.042604,0.063951,0.029165,0.997527,0,1.00000,-0.30689,60.000,-0.614,-1,400.000,-1,400.000,-1,325.000,325.000,325.000,300.000,-1,-1,-1,-1,850.000,775.000,-1,-1,2,0,2,0,2,0,0,0,0,2,2,2,2,0,0,2,2
43,4878.873,-1801.795,198.100,117.603,-0.460819,-0.885824,0.054419,0.885247,-0.463148,-0.042800,0.063117,0.028451,0.997600,0,1.00000,-0.31252,60.000,-0.625,-1,400.000,-1,400.000,-1,325.000,325.000,325.000,300.000,-1,-1,-1,-1,825.000,800.000,-1,-1,2,0,2,0,2,0,0,0,0,2,2,2,2,0,0,2,2
44,4851.666,-1748.318,201.772,116.966,-0.451063,-0.890937,0.052663,0.890335,-0.453289,-0.042812,0.062014,0.027577,0.997694,0,1.00000,-0.31828,60.000,-0.637,-1,400.000,-1,400.000,-1,325.000,325.000,300.000,300.000,-1,-1,-1,-1,825.000,800.000,-1,-1,2,0,2,0,2,0,0,0,0,2,2,2,2,0,0,2,2
45,4825.066,-1694.537,205.321,116.318,-0.441057,-0.896021,0.051140,0.895426,-0.443185,-0.042415,0.060669,0.027085,0.997790,0,1.00000,-0.32417,60.000,-0.648,-1,400.000,-1,400.000,-1,325.000,325.000,300.000,300.000,-1,-1,-1,-1,825.000,800.000,-1,-1,2,0,2,0,2,0,0,0,0,2,2,2,2,0,0,2,2
46,4799.087,-1640.453,208.822,115.657,-0.430796,-0.901079,0.049712,0.900499,-0.432832,-0.041928,0.059298,0.026703,0.997883,0,1.00000,-0.33020,60.000,-0.660,-1,400.000,-1,400.000,-1,325.000,325.000,300.000,300.000,-1,-1,-1,-1,825.000,800.000,-1,-1,2,0,2,0,2,0,0,0,0,2,2,2,2,0,0,2,2
47,4773.745,-1586.068,212.285,114.985,-0.420277,-0.906106,0.048355,0.905544,-0.422226,-0.041408,0.057937,0.026385,0.997972,0,1.00000,-0.33637,60.000,-0.673,-1,400.000,-1,400.000,1000.000,325.000,325.000,300.000,300.000,-1,-1,-1,-1,825.000,800.000,-1,-1,2,0,2,0,1,0,0,0,0,2,2,2,2,0,0,2,2
48,4749.055,-1531.383,215.711,114.299,-0.409493,-0.911098,0.047070,0.910557,-0.411360,-0.040855,0.056586,0.026130,0.998056,0,1.00000,-0.34268,60.000,-0.685,-1,400.000,-1,400.000,975.000,325.000,325.000,300.000,300.000,-1,-1,-1,-1,825.000,800.000,-1,-1,2,0,2,0,1,0,0,0,0,2,2,2,2,0,0,2,2
49,4725.034,-1476.402,219.099,113.601,-0.398438,-0.916048,0.045858,0.915530,-0.400229,-0.040273,0.055246,0.025938,0.998136,0,1.00000,-0.34912,60.000,-0.698,-1,400.000,-1,400.000,925.000,325.000,325.000,300.000,300.000,-1,-1,-1,-1,800.000,800.000,-1,-1,2,0,2,0,1,0,0,0,0,2,2,2,2,0,0,2,2
50,4701.696,-1421.126,222.441,112.890,-0.387105,-0.920949,0.044749,0.920457,-0.388826,-0.039673,0.053936,0.025832,0.998210,0,1.00000,-0.35570,60.000,-0.711,-1,400.000,-1,400.000,900.000,325.000,325.000,300.000,300.000,-1,-1,-1,-1,800.000,775.000,-1,1000.000,2,0,2,0,1,0,0,0,0,2,2,2,2,0,0,2,1
51,4679.060,-1365.560,225.717,112.165,-0.375484,-0.925793,0.043817,0.925332,-0.377144,-0.039022,0.052651,0.025893,0.998277,0,1.00000,-0.36240,60.000,-0.725,-1,400.000,-1,400.000,850.000,325.000,325.000,300.000,300.000,-1,-1,-1,-1,800.000,750.000,-1,950.000,2,0,2,0,1,0,0,0,0,2,2,2,2,0,1,2,1
52,4657.142,-1309.707,228.905,111.426,-0.363572,-0.930569,0.043094,0.930154,-0.365179,-0.038186,0.051272,0.026200,0.998341,0,1.00000,-0.36921,60.000,-0.738,-1,400.000,-1,400.000,825.000,325.000,325.000,300.000,300.000,-1,-1,-1,-1,800.000,725.000,-1,900.000,2,0,2,0,1,0,0,0,0,2,2,2,2,0,1,2,1
53,4635.959,-1253.571,232.045,110.674,-0.351367,-0.935273,0.042482,0.934906,-0.352926,-0.037347,0.049923,0.026594,0.998399,0,1.00000,-0.37614,60.000,-0.752,-1,400.000,-1,400.000,775.000,325.000,325.000,300.000,300.000,-1,-1,-1,-1,800.000,700.000,-1,825.000,2,0,2,0,1,0,0,0,0,2,2,2,2,0,1,2,1
54,4615.529,-1197.156,235.060,109.908,-0.338873,-0.939906,0.041741,0.939567,-0.340384,-0.036780,0.048777,0.026754,0.998451,0,1.00000,-0.38315,60.000,-0.766,-1,400.000,-1,400.000,725.000,325.000,325.000,300.000,300.000,-1,-1,-1,-1,800.000,675.000,-1,775.000,2,0,2,0,1,0,0,0,1,2,2,2,2,0,1,2,1
55,4595.869,-1140.469,237.952,109.127,-0.326098,-0.944457,0.040753,0.944141,-0.327550,-0.036172,0.047511,0.026681,0.998514,0,1.00000,-0.39024,60.000,-0.780,-1,400.000,-1,400.000,675.000,325.000,325.000,300.000,300.000,-1,-1,-1,-1,800.000,625.000,-1,725.000,2,0,2,0,1,0,0,0,1,2,2,2,2,0,1,2,1
56,4576.997,-1083.514,240.761,108.332,-0.313010,-0.948906,0.040025,0.948616,-0.314417,-0.035638,0.046402,0.026813,0.998563,0,1.00000,-0.39738,60.000,-0.795,-1,400.000,-1,400.000,600.000,325.000,325.000,300.000,275.000,-1,-1,-1,-1,800.000,600.000,-1,650.000,2,0,2,0,1,0,0,0,1,2,2,2,2,0,1,2,1
57,4558.926,-1026.300,243.487,107.529,-0.299695,-0.953215,0.039552,0.952952,-0.301073,-0.035189,0.045451,0.027145,0.998598,0,1.00000,-0.40188,60.000,-0.804,-1,400.000,-1,400.000,550.000,325.000,325.000,300.000,275.000,-1,-1,-1,-1,800.000,575.000,-1,600.000,2,0,2,1,1,0,0,0,1,2,2,2,2,0,1,2,1
58,4541.678,-968.879,246.180,106.719,-0.286219,-0.957366,0.039104,0.957130,-0.287567,-0.034746,0.044509,0.027483,0.998631,0,0.99925,-0.40492,59.955,-0.810,-1,400.000,-1,375.000,500.000,325.000,325.000,300.000,275.000,-1,-1,-1,-1,800.000,550.000,-1,550.000,2,0,2,1,1,0,0,0,1,2,2,2,2,0,1,2,1
59,4525.306,-911.417,248.833,105.904,-0.272592,-0.961352,0.038683,0.961142,-0.273913,-0.034309,0.043578,0.027827,0.998662,0,0.99582,-0.40766,59.749,-0.815,-1,400.000,-1,350.000,450.000,325.000,325.000,300.000,275.000,-1,-1,-1,-1,800.000,525.000,-1,500.000,2,0,2,1,1,0,1,0,1,2,2,2,2,0,1,2,1
60,4509.816,-853.944,251.444,105.083,-0.258827,-0.965165,0.038285,0.964981,-0.260121,-0.033879,0.042658,0.028176,0.998692,0,0.99206,-0.41008,59.524,-0.820,-1,400.000,-1,350.000,400.000,325.000,300.000,300.000,275.000,-1,-1,-1,-1,800.000,500.000,-1,450.000,2,0,2,1,1,1,1,0,1,2,2,2,2,0,1,2,1
61,4495.215,-796.491,254.013,104.259,-0.244936,-0.968798,0.037911,0.968640,-0.246206,-0.033458,0.041748,0.028527,0.998721,0,0.98799,-0.41218,59.280,-0.824,-1,400.000,-1,325.000,350.000,325.000,300.000,300.000,275.000,-1,-1,-1,-1,825.000,475.000,-1,375.000,2,0,2,1,1,1,1,0,1,2,2,2,2,0,1,2,1
62,4481.506,-739.085,256.539,103.431,-0.230935,-0.972244,0.037558,0.972111,-0.232180,-0.033045,0.040848,0.028879,0.998748,0,0.98366,-0.41394,59.020,-0.828,-1,400.000,-1,300.000,300.000,325.000,275.000,300.000,275.000,-1,-1,-1,-1,825.000,450.000,-1,325.000,2,0,2,1,1,1,1,0,1,2,2,2,2,0,1,2,1
63,4469.455,-686.221,259.528,102.843,-0.220989,-0.974639,0.035241,0.974354,-0.222207,-0.035482,0.042413,0.026497,0.998749,0,0.90366,-0.29394,54.220,-0.588,-1,400.000,-1,300.000,275.000,325.000,275.000,300.000,275.000,-1,-1,-1,-1,850.000,450.000,-1,300.000,2,0,2,1,1,0,1,0,1,2,2,2,2,0,1,2,1
64,4458.793,-637.965,264.122,102.463,-0.214703,-0.976293,0.027470,0.975420,-0.215769,-0.044725,0.049591,0.017192,0.998622,0,0.82366,-0.19036,49.420,-0.381,-1,425.000,-1,300.000,275.000,350.000,300.000,300.000,300.000,-1,-1,-1,-1,900.000,450.000,-1,300.000,2,0,2,1,1,0,1,0,1,2,2,2,2,0,1,2,1
65,4449.348,-593.777,268.176,102.069,-0.208271,-0.977857,0.020449,0.976471,-0.209080,-0.052829,0.055935,0.008965,0.998394,0,0.75308,-0.19681,45.185,-0.394,-1,450.000,-1,325.000,275.000,375.000,300.000,300.000,300.000,-1,750.000,-1,-1,975.000,475.000,-1,300.000,2,0,2,1,1,0,1,0,1,2,0,2,2,0,1,2,1
66,4440.193,-549.420,271.999,101.663,-0.201743,-0.979353,0.012911,0.977492,-0.202155,-0.060358,0.061722,0.000444,0.998093,0,0.75486,-0.20296,45.292,-0.406,-1,450.000,-1,325.000,250.000,375.000,325.000,275.000,325.000,-1,425.000,700.000,-1,-1,475.000,-1,300.000,2,0,2,1,1,0,1,0,1,2,0,0,2,2,1,2,1
67,4431.346,-504.912,275.725,101.244,-0.195066,-0.980775,0.005416,0.978483,-0.194982,-0.067472,0.067231,-0.007862,0.997706,0,0.75629,-0.20948,45.377,-0.419,-1,475.000,-1,325.000,250.000,400.000,325.000,275.000,325.000,-1,300.000,525.000,-1,-1,500.000,-1,300.000,2,0,2,1,1,0,1,0,1,2,0,0,2,2,1,2,1
68,4422.823,-460.280,279.374,100.811,-0.188214,-0.982126,-0.001998,0.979447,-0.187550,-0.074224,0.072522,-0.015927,0.997240,0,0.75730,-0.21641,45.438,-0.433,-1,500.000,-1,325.000,250.000,400.000,325.000,275.000,350.000,-1,225.000,425.000,-1,-1,-1,-1,300.000,2,0,2,1,1,0,1,0,1,2,0,0,2,2,2,2,1
69,4414.643,-415.549,282.951,100.364,-0.181168,-0.983408,-0.009351,0.980384,-0.179845,-0.080638,0.077619,-0.023776,0.996700,0,0.75786,-0.22378,45.471,-0.448,-1,500.000,-1,325.000,225.000,425.000,350.000,275.000,325.000,1000.000,175.000,375.000,-1,-1,-1,-1,275.000,2,0,2,1,1,0,1,0,1,0,0,0,2,2,2,2,1
70,4406.823,-370.752,286.463,99.900,-0.173908,-0.984621,-0.016668,0.981296,-0.171852,-0.086741,0.082543,-0.031441,0.996091,0,0.75790,-0.23160,45.474,-0.463,-1,525.000,-1,350.000,225.000,450.000,350.000,275.000,325.000,850.000,150.000,325.000,-1,-1,-1,-1,275.000,2,0,2,1,1,0,1,0,1,0,0,0,2,2,2,2,1
71,4399.384,-325.922,289.918,99.421,-0.166413,-0.985765,-0.023976,0.982182,-0.163557,-0.092560,0.087321,-0.038952,0.995418,0,0.75736,-0.23991,45.442,-0.480,-1,550.000,-1,350.000,225.000,450.000,375.000,250.000,325.000,725.000,125.000,300.000,-1,-1,-1,-1,275.000,2,0,2,1,1,0,1,0,1,0,0,0,2,2,2,2,1
72,4392.345,-281.100,293.322,98.923,-0.158666,-0.986836,-0.031305,0.983038,-0.154943,-0.098123,0.091981,-0.046343,0.994682,0,0.75618,-0.24874,45.371,-0.497,-1,550.000,-1,400.000,200.000,475.000,400.000,250.000,300.000,625.000,100.000,300.000,-1,-1,-1,-1,275.000,2,0,2,1,1,0,1,0,1,0,0,0,2,2,2,2,1
73,4385.726,-236.328,296.686,98.407,-0.150649,-0.987830,-0.038688,0.983861,-0.145992,-0.103458,0.096551,-0.053649,0.993881,0,0.75430,-0.25811,45.258,-0.516,-1,575.000,-1,475.000,200.000,475.000,450.000,250.000,275.000,550.000,75.000,275.000,-1,-1,-1,-1,250.000,2,0,2,1,1,0,1,0,1,0,0,0,2,2,2,2,1
74,4379.120,-187.829,300.326,97.753,-0.140407,-0.988978,-0.047001,0.984878,-0.134644,-0.109024,0.101494,-0.061598,0.992927,0,0.81575,-0.32704,48.945,-0.654,-1,600.000,-1,575.000,175.000,500.000,475.000,250.000,250.000,500.000,75.000,250.000,-1,-1,-1,-1,-1,2,0,2,1,1,0,1,0,1,0,0,0,2,2,2,2,2
75,4373.113,-139.471,303.951,97.076,-0.129859,-0.989977,-0.055522,0.985802,-0.122895,-0.114414,0.106444,-0.069591,0.991880,0,0.81213,-0.33821,48.728,-0.676,-1,625.000,-1,725.000,175.000,525.000,525.000,250.000,250.000,450.000,50.000,250.000,-1,-1,-1,-1,-1,2,0,2,1,1,0,1,0,1,0,0,0,2,2,2,2,2
76,-6887.636,-6231.659,5.103,140.975,-0.802472,-0.596689,0.000470,0.547632,-0.736184,0.397659,-0.236933,0.319368,0.917533,1,0.00000,0.00000,48.448,-0.700,-1,375.000,625.000,175.000,0.000,275.000,200.000,1000.000,150.000,125.000,-1,-1,-1,600.000,225.000,-1,0.000,2,0,0,0,0,0,0,1,0,1,2,2,2,0,0,2,0
77,7543.214,6231.357,80.978,141.794,-0.785654,-0.618000,0.028681,0.614962,-0.785177,-0.072932,0.067592,-0.039661,0.996924,1,0.00000,0.00000,4.800,0.240,1000.000,400.000,-1,425.000,-1,325.000,325.000,300.000,300.000,-1,-1,-1,-1,600.000,925.000,775.000,-1,1,1,2,0,2,0,0,0,0,2,2,2,2,1,1,1,2
78,7539.430,6234.310,81.304,142.034,-0.788240,-0.614701,0.028645,0.611673,-0.787751,-0.072831,0.067335,-0.039887,0.996933,0,0.08000,0.12000,4.800,0.240,1000.000,400.000,-1,425.000,-1,325.000,325.000,300.000,300.000,-1,-1,-1,-1,600.000,925.000,775.000,-1,1,1,2,0,2,0,0,0,0,2,2,2,2,1,1,1,2
79,7531.812,6240.152,81.928,142.514,-0.793365,-0.608071,0.028678,0.605061,-0.792862,-0.072603,0.066885,-0.040249,0.996949,0,0.16000,0.24000,9.600,0.480,1000.000,400.000,-1,425.000,-1,325.000,325.000,300.000,300.000,-1,-1,-1,-1,600.000,900.000,775.000,-1,1,1,2,0,2,0,0,0,0,2,2,2,2,1,1,1,2
80,7520.278,6248.773,82.851,143.222,-0.800817,-0.598220,0.028738,0.595237,-0.800295,-0.072251,0.066221,-0.040754,0.996972,0,0.24000,0.35384,14.400,0.708,1000.000,400.000,-1,425.000,-1,325.000,325.000,300.000,300.000,-1,-1,-1,-1,575.000,875.000,775.000,-1,1,1,2,0,2,0,0,0,0,2,2,2,2,1,1,1,2
81,7504.760,6260.078,84.057,143.926,-0.808107,-0.588332,0.028780,0.585384,-0.807571,-0.071793,0.065480,-0.041169,0.997004,0,0.32000,0.35199,19.200,0.704,975.000,400.000,-1,425.000,-1,325.000,325.000,300.000,300.000,-1,-1,-1,-1,575.000,850.000,750.000,-1,1,1,2,0,2,0,0,0,0,2,2,2,2,1,1,1,2
82,7485.190,6273.971,85.530,144.627,-0.815246,-0.578400,0.028761,0.575496,-0.814696,-0.071236,0.064634,-0.041523,0.997045,0,0.40000,0.35048,24.000,0.701,975.000,375.000,-1,425.000,-1,325.000,325.000,300.000,300.000,-1,-1,-1,-1,575.000,825.000,725.000,-1,1,1,2,0,2,0,0,0,0,2,2,2,2,1,1,1,2
83,7461.505,6290.356,87.261,145.325,-0.822238,-0.568419,0.028711,0.565567,-0.821678,-0.070565,0.063702,-0.041784,0.997094,0,0.48000,0.34924,28.800,0.698,950.000,375.000,-1,425.000,-1,325.000,325.000,300.000,300.000,-1,-1,-1,-1,550.000,800.000,700.000,-1,1,1,2,0,2,0,0,0,0,2,2,2,2,1,1,1,2
84,7433.642,6309.134,89.239,146.022,-0.829088,-0.558386,0.028624,0.555594,-0.828520,-0.069776,0.062678,-0.041947,0.997152,0,0.56000,0.34823,33.600,0.696,925.000,375.000,-1,425.000,-1,325.000,325.000,300.000,300.000,-1,-1,-1,-1,525.000,775.000,675.000,-1,1,1,2,0,2,1,0,0,0,2,2,2,2,1,1,1,2
85,7401.541,6330.207,91.539,146.717,-0.835795,-0.548304,0.028451,0.545614,-0.835242,-0.068388,0.061262,-0.041635,0.997253,0,0.64000,0.34741,38.400,0.695,875.000,350.000,-1,425.000,-1,325.000,325.000,300.000,300.000,-1,-1,-1,-1,500.000,725.000,650.000,-1,1,1,2,0,2,1,0,0,0,2,2,2,2,1,1,1,2
86,7365.046,6353.321,94.078,147.651,-0.844626,-0.534611,0.028230,0.532040,-0.844087,-0.066712,0.059494,-0.041327,0.997373,0,0.72000,0.46741,43.200,0.935,850.000,325.000,800.000,425.000,-1,300.000,325.000,300.000,300.000,-1,-1,-1,-1,475.000,675.000,600.000,-1,1,1,1,1,2,1,1,0,0,2,2,2,2,1,1,1,2
87,7324.051,6378.290,96.810,148.655,-0.853861,-0.519750,0.027936,0.517310,-0.853337,-0.064852,0.057545,-0.040923,0.997504,0,0.80000,0.50190,48.000,1.004,800.000,325.000,675.000,400.000,-1,275.000,300.000,300.000,300.000,-1,-1,-1,-1,450.000,625.000,575.000,-1,1,1,1,1,2,1,1,0,0,2,2,2,2,1,1,1,2
88,7278.486,6404.966,100.102,149.654,-0.862710,-0.504841,0.029460,0.502506,-0.862342,-0.062080,0.056745,-0.038753,0.997636,0,0.88000,0.49938,52.800,0.999,750.000,300.000,625.000,350.000,-1,275.000,300.000,300.000,300.000,-1,-1,-1,-1,425.000,550.000,525.000,-1,1,1,1,1,2,1,1,0,0,2,2,2,2,1,1,1,2
89,7228.281,6433.202,104.087,150.647,-0.871135,-0.489898,0.033520,0.487652,-0.871109,-0.057999,0.057613,-0.034179,0.997754,0,0.96000,0.49663,57.600,0.993,725.000,275.000,575.000,325.000,-1,250.000,275.000,300.000,300.000,-1,-1,-1,-1,400.000,500.000,500.000,-1,1,1,1,1,2,1,1,0,0,2,2,2,2,1,1,1,2
90,7175.486,6461.709,108.381,151.634,-0.879175,-0.474907,0.038925,0.472778,-0.879583,-0.053063,0.059437,-0.028249,0.997832,0,1.00000,0.49356,60.000,0.987,675.000,275.000,525.000,300.000,-1,225.000,250.000,325.000,300.000,-1,-1,-1,-1,375.000,450.000,475.000,-1,1,1,1,1,2,1,1,0,0,2,2,2,2,1,1,1,2
91,7122.210,6489.309,112.840,152.614,-0.886828,-0.459874,0.045304,0.457916,-0.887728,-0.047453,0.062040,-0.021338,0.997846,0,1.00000,0.48994,60.000,0.980,625.000,250.000,475.000,250.000,-1,225.000,225.000,325.000,300.000,-1,-1,-1,-1,350.000,400.000,450.000,-1,1,1,1,1,2,1,1,0,0,2,2,2,2,1,1,1,2
92,7068.474,6516.002,117.531,153.585,-0.894070,-0.444821,0.052669,0.443093,-0.895514,-0.041516,0.065633,-0.013781,0.997749,0,1.00000,0.48558,60.000,0.971,600.000,250.000,425.000,225.000,-1,200.000,200.000,350.000,300.000,-1,-1,-1,-1,325.000,350.000,450.000,-1,1,1,1,1,2,1,1,0,0,2,2,2,2,1,1,1,2
93,7014.295,6541.791,127.538,154.546,-0.900538,-0.429651,0.066559,0.426312,-0.902659,-0.058866,0.085372,-0.024636,0.996045,0,1.00000,0.48042,60.000,0.961,575.000,250.000,450.000,225.000,-1,200.000,200.000,350.000,325.000,-1,425.000,300.000,-1,350.000,400.000,475.000,-1,1,1,1,1,2,1,1,0,0,2,0,0,2,1,1,1,2
94,6959.695,6566.679,137.264,155.495,-0.906358,-0.414545,0.081659,0.409333,-0.909426,-0.073417,0.104698,-0.033116,0.993953,0,1.00000,0.47438,60.000,0.949,575.000,250.000,450.000,225.000,-1,200.000,200.000,350.000,375.000,-1,225.000,200.000,-1,350.000,550.000,475.000,-1,1,1,1,1,2,1,1,0,0,2,0,0,2,1,1,1,2
95,6231.354,-8855.089,-74.023,172.355,-0.990693,-0.132961,-0.029134,0.131794,-0.990515,0.038864,-0.034025,0.034662,0.998820,1,0.00000,0.00000,60.000,0.935,-1,400.000,-1,400.000,-1,325.000,325.000,300.000,325.000,725.000,-1,-1,-1,775.000,750.000,-1,-1,2,0,2,0,2,0,0,0,0,1,2,2,2,0,0,2,2
96,6226.594,-8854.470,-74.187,172.595,-0.991241,-0.128810,-0.029135,0.127644,-0.991058,0.038859,-0.033880,0.034799,0.998820,0,0.08000,0.12000,4.800,0.240,-1,400.000,-1,400.000,-1,325.000,325.000,300.000,325.000,725.000,-1,-1,-1,775.000,750.000,-1,-1,2,0,2,0,2,0,0,0,0,1,2,2,2,0,0,2,2
97,6217.064,-8853.313,-74.513,173.075,-0.992285,-0.120502,-0.029139,0.119338,-0.992093,0.038845,-0.033589,0.035068,0.998820,0,0.16000,0.24000,9.600,0.480,-1,400.000,-1,400.000,-1,325.000,325.000,300.000,325.000,725.000,-1,-1,-1,775.000,750.000,-1,-1,2,0,2,0,2,0,0,0,0,1,2,2,2,0,0,2,2
98,6202.748,-8851.757,-74.995,173.795,-0.993721,-0.108024,-0.029147,0.106864,-0.993516,0.038817,-0.033152,0.035458,0.998821,0,0.24000,0.36000,14.400,0.720,-1,400.000,-1,400.000,-1,325.000,325.000,300.000,325.000,750.000,-1,-1,-1,775.000,750.000,-1,-1,2,0,2,0,2,0,0,0,0,1,2,2,2,0,0,2,2
99,6183.633,-8849.957,-75.626,174.621,-0.995175,-0.093678,-0.029168,0.092521,-0.994956,0.038767,-0.032652,0.035881,0.998822,0,0.32000,0.41332,19.200,0.827,-1,400.000,-1,400.000,-1,325.000,325.000,300.000,325.000,775.000,-1,-1,-1,775.000,750.000,-1,-1,2,0,2,0,2,0,0,0,0,1,2,2,2,0,0,2,2
100,6159.709,-8848.051,-76.398,175.445,-0.996417,-0.079372,-0.029204,0.078220,-0.996185,0.038689,-0.032163,0.036266,0.998824,0,0.40000,0.41162,24.000,0.823,-1,400.000,-1,400.000,-1,325.000,325.000,300.000,325.000,800.000,-1,-1,-1,775.000,750.000,-1,-1,2,0,2,0,2,0,0,0,0,1,2,2,2,0,0,2,2
101,6130.970,-8846.175,-77.307,176.264,-0.997448,-0.065124,-0.029257,0.063977,-0.997206,0.038575,-0.031687,0.036605,0.998827,0,0.48000,0.40950,28.800,0.819,-1,400.000,-1,400.000,-1,325.000,325.000,300.000,325.000,800.000,-1,-1,-1,800.000,750.000,-1,-1,2,0,2,0,2,0,0,0,0,1,2,2,2,0,0,2,2
102,6097.414,-8844.462,-78.348,177.077,-0.998270,-0.050952,-0.029328,0.049810,-0.998019,0.038421,-0.031227,0.036894,0.998831,0,0.56000,0.40696,33.600,0.814,-1,400.000,-1,400.000,-1,325.000,325.000,300.000,325.000,825.000,-1,-1,-1,800.000,750.000,-1,-1,2,0,2,0,2,0,0,0,0,1,2,2,2,0,0,2,2
103,6059.040,-8843.045,-79.515,177.885,-0.998887,-0.036873,-0.029418,0.035738,-0.998630,0.038221,-0.030787,0.037127,0.998836,0,0.64000,0.40398,38.400,0.808,-1,400.000,-1,400.000,-1,325.000,325.000,300.000,325.000,850.000,-1,-1,-1,800.000,750.000,-1,-1,2,0,2,0,2,0,0,0,0,1,2,2,2,0,0,2,2
104,6015.852,-8842.055,-80.804,178.687,-0.999301,-0.022907,-0.029528,0.021779,-0.999042,0.037970,-0.030369,0.037300,0.998843,0,0.72000,0.40055,43.200,0.801,-1,400.000,-1,400.000,-1,325.000,325.000,300.000,300.000,875.000,-1,-1,-1,800.000,750.000,-1,-1,2,0,2,0,2,0,0,0,0,1,2,2,2,0,0,2,2
105,5967.854,-8841.619,-82.210,179.480,-0.999519,-0.009073,-0.029658,0.007953,-0.999259,0.037663,-0.029978,0.037409,0.998850,0,0.80000,0.39665,48.000,0.793,-1,400.000,-1,400.000,-1,325.000,325.000,300.000,300.000,900.000,-1,-1,-1,800.000,750.000,-1,-1,2,0,2,0,2,0,0,0,0,1,2,2,2,0,0,2,2
106,5916.021,-8841.858,-83.701,180.264,-0.999545,0.004610,-0.029807,-0.005721,-0.999288,0.037305,-0.029614,0.037458,0.998859,0,0.86390,0.39225,51.834,0.784,-1,400.000,-1,400.000,-1,325.000,325.000,325.000,300.000,925.000,-1,-1,-1,800.000,750.000,-1,975.000,2,0,2,0,2,0,0,0,0,1,2,2,2,0,1,2,1
107,5864.104,-8842.800,-85.242,181.039,-0.999388,0.018123,-0.029936,-0.019219,-0.999140,0.036738,-0.029244,0.037291,0.998876,0,0.86543,0.38742,51.926,0.775,-1,400.000,-1,400.000,950.000,325.000,325.000,300.000,300.000,950.000,-1,-1,-1,800.000,725.000,-1,925.000,2,0,2,0,1,0,0,0,0,1,2,2,2,0,1,2,1
108,5812.102,-8844.438,-86.783,181.804,-0.999051,0.031461,-0.030107,-0.032541,-0.998819,0.036080,-0.028937,0.037026,0.998895,0,0.86712,0.38249,52.027,0.765,-1,400.000,-1,400.000,900.000,325.000,325.000,300.000,300.000,975.000,-1,-1,-1,800.000,700.000,-1,900.000,2,0,2,0,1,0,0,0,0,1,2,2,2,0,1,2,1
109,5755.322,-8846.758,-88.448,182.340,-0.998708,0.040801,-0.030304,-0.041865,-0.998498,0.035332,-0.028816,0.036555,0.998916,0,0.94712,0.26793,56.827,0.536,-1,400.000,-1,400.000,825.000,325.000,325.000,300.000,300.000,1000.000,-1,-1,-1,825.000,675.000,-1,850.000,2,0,2,0,1,0,0,0,0,1,2,2,2,0,1,2,1
110,5696.822,-8849.687,-90.150,182.866,-0.998284,0.049974,-0.030513,-0.051021,-0.998100,0.034545,-0.028728,0.036043,0.998937,0,0.97623,0.26320,58.574,0.526,-1,400.000,-1,400.000,775.000,325.000,325.000,300.000,300.000,-1,-1,-1,-1,825.000,650.000,-1,800.000,2,0,2,0,1,0,0,0,0,2,2,2,2,0,1,2,1
111,5638.037,-8853.161,-91.847,183.382,-0.997787,0.058960,-0.030730,-0.059990,-0.997629,0.033739,-0.028668,0.035508,0.998958,0,0.98146,0.25796,58.888,0.516,-1,400.000,-1,400.000,725.000,325.000,325.000,300.000,300.000,-1,-1,-1,-1,825.000,625.000,-1,750.000,2,0,2,0,1,0,0,0,0,2,2,2,2,0,1,2,1
112,5578.990,-8857.172,-93.539,183.887,-0.997222,0.067744,-0.030957,-0.068757,-0.997090,0.032916,-0.028637,0.034953,0.998979,0,0.98638,0.25227,59.183,0.505,-1,400.000,-1,375.000,675.000,325.000,325.000,300.000,300.000,-1,-1,-1,-1,825.000,625.000,-1,700.000,2,0,2,1,1,0,0,0,0,2,2,2,2,0,1,2,1
113,5519.707,-8861.712,-95.228,184.379,-0.996596,0.076309,-0.031193,-0.077305,-0.996491,0.032079,-0.028635,0.034381,0.998998,0,0.99094,0.24610,59.456,0.492,-1,400.000,-1,375.000,600.000,325.000,325.000,300.000,300.000,-1,-1,-1,-1,825.000,600.000,-1,650.000,2,0,2,1,1,0,1,0,0,2,2,2,2,0,1,2,1
114,5460.218,-8866.768,-96.915,184.858,-0.995916,0.084636,-0.031439,-0.085615,-0.995839,0.031228,-0.028665,0.033792,0.999018,0,0.99507,0.23943,59.704,0.479,-1,400.000,-1,375.000,550.000,325.000,325.000,300.000,300.000,-1,-1,-1,-1,825.000,600.000,-1,625.000,2,0,2,1,1,0,1,0,0,2,2,2,2,0,1,2,1
115,5400.553,-8872.326,-98.599,185.322,-0.995189,0.092707,-0.031695,-0.093670,-0.995140,0.030366,-0.028726,0.033189,0.999036,0,0.99871,0.23222,59.923,0.464,-1,400.000,-1,375.000,500.000,325.000,325.000,300.000,300.000,-1,-1,-1,-1,850.000,575.000,-1,575.000,2,0,2,1,1,0,0,0,0,2,2,2,2,0,1,2,1
116,5340.885,-8878.625,-100.272,186.027,-0.993965,0.104937,-0.031961,-0.105883,-0.993941,0.029495,-0.028672,0.032701,0.999054,0,1.00000,0.35222,60.000,0.704,975.000,400.000,-1,350.000,475.000,325.000,325.000,300.000,300.000,-1,-1,-1,-1,850.000,575.000,-1,550.000,1,0,2,1,1,0,0,0,0,2,2,2,2,0,1,2,1
117,5281.329,-8885.907,-101.926,186.971,-0.992091,0.121307,-0.032236,-0.122237,-0.992088,0.028614,-0.028510,0.032329,0.999071,0,1.00000,0.47222,60.000,0.944,925.000,400.000,-1,350.000,425.000,325.000,325.000,300.000,300.000,-1,-1,-1,-1,825.000,575.000,-1,500.000,1,0,2,1,1,0,0,0,0,2,2,2,2,1,1,2,1
118,5221.936,-8894.418,-102.589,188.156,-0.989466,0.141806,-0.029124,-0.142532,-0.989485,0.024574,-0.025333,0.028467,0.999274,0,1.00000,0.59222,60.000,1.184,900.000,425.000,-1,375.000,425.000,325.000,325.000,300.000,325.000,-1,-1,-1,-1,800.000,600.000,-1,525.000,1,0,2,1,1,0,0,0,0,2,2,2,2,1,1,2,1
119,5162.773,-8904.403,-103.429,189.580,-0.985714,0.166376,-0.026217,-0.166929,-0.985756,0.020505,-0.022432,0.024589,0.999446,0,1.00000,0.71222,60.000,1.424,850.000,425.000,-1,400.000,400.000,350.000,325.000,300.000,325.000,-1,-1,-1,-1,775.000,625.000,1000.000,575.000,1,0,2,1,1,0,0,0,0,2,2,2,2,1,1,1,1
120,5103.924,-8916.102,-104.643,191.245,-0.980505,0.194950,-0.024571,-0.195402,-0.980566,0.017543,-0.020673,0.022002,0.999544,0,1.00000,0.83222,60.000,1.664,775.000,425.000,-1,425.000,425.000,350.000,350.000,300.000,325.000,-1,-1,-1,-1,750.000,625.000,950.000,600.000,1,0,2,1,1,0,0,0,0,2,2,2,2,1,1,1,1
121,5045.458,-8929.582,-106.250,192.983,-0.974142,0.224613,-0.024414,-0.225030,-0.974222,0.015927,-0.020207,0.021009,0.999575,0,1.00000,0.86922,60.000,1.738,725.000,425.000,-1,425.000,425.000,350.000,350.000,300.000,300.000,-1,-1,-1,-1,725.000,625.000,875.000,575.000,1,0,2,0,1,0,0,0,1,2,2,2,2,1,1,1,1
122,4987.420,-8944.798,-108.283,194.691,-0.966976,0.253540,-0.025981,-0.253987,-0.967082,0.015576,-0.021177,0.021660,0.999541,0,1.00000,0.85381,60.000,1.708,675.000,425.000,975.000,425.000,425.000,350.000,350.000,300.000,275.000,-1,-1,-1,-1,675.000,575.000,800.000,575.000,1,0,1,1,1,0,0,0,1,2,2,2,2,1,1,1,1
123,4929.851,-8961.705,-110.772,196.366,-0.959051,0.281693,-0.029490,-0.282242,-0.959203,0.016414,-0.023664,0.024066,0.999430,0,1.00000,0.83775,60.000,1.676,600.000,425.000,900.000,400.000,425.000,350.000,350.000,300.000,250.000,-1,-1,-1,-1,650.000,525.000,725.000,525.000,1,0,1,1,1,0,0,0,1,2,2,2,2,1,1,1,1
124,4872.790,-8980.255,-113.748,198.009,-0.950401,0.309035,-0.035139,-0.309787,-0.950629,0.018345,-0.027734,0.028321,0.999214,0,1.00000,0.82121,60.000,1.642,550.000,425.000,825.000,350.000,375.000,325.000,325.000,300.000,225.000,-1,-1,-1,-1,600.000,475.000,650.000,475.000,1,0,1,1,1,0,1,0,1,2,2,2,2,1,1,1,1
125,4816.273,-9000.400,-115.893,199.618,-0.941253,0.335595,-0.037672,-0.336415,-0.941544,0.017887,-0.029467,0.029510,0.999130,0,1.00000,0.80454,60.000,1.609,500.000,400.000,775.000,325.000,350.000,325.000,300.000,300.000,200.000,-1,-1,-1,-1,550.000,450.000,575.000,425.000,1,1,1,1,1,1,1,0,1,2,2,2,2,1,1,1,1
126,4760.994,-9021.865,-117.650,201.221,-0.931443,0.361812,-0.038793,-0.362631,-0.931788,0.016447,-0.030196,0.029387,0.999112,0,0.98833,0.80176,59.300,1.604,450.000,375.000,725.000,300.000,350.000,300.000,275.000,300.000,200.000,-1,-1,-1,-1,525.000,400.000,500.000,375.000,1,1,1,1,1,1,1,0,1,2,2,2,2,1,1,1,1
127,4707.086,-9044.548,-119.149,202.821,-0.920910,0.387693,-0.040242,-0.388486,-0.921349,0.013925,-0.031678,0.028457,0.999093,0,0.97477,0.79982,58.486,1.600,400.000,350.000,650.000,275.000,300.000,300.000,250.000,300.000,200.000,-1,-1,-1,-1,475.000,375.000,450.000,300.000,1,1,1,1,1,1,1,1,1,2,2,2,2,1,1,1,1
128,4654.607,-9068.372,-119.411,204.418,-0.909696,0.413284,-0.040619,-0.413872,-0.910309,0.006915,-0.034119,0.023101,0.999151,0,0.96056,0.79874,57.634,1.597,325.000,325.000,600.000,250.000,250.000,275.000,250.000,300.000,200.000,-1,-1,-1,-1,425.000,350.000,375.000,250.000,1,1,1,1,1,1,1,1,1,2,2,2,2,1,1,1,1
129,4603.591,-9093.270,-116.494,206.015,-0.898323,0.438602,-0.025379,-0.438606,-0.898661,-0.005700,-0.025307,0.006011,0.999662,0,0.94614,0.79849,56.768,1.597,300.000,325.000,600.000,250.000,250.000,250.000,225.000,275.000,225.000,-1,-1,-1,-1,425.000,350.000,350.000,250.000,1,1,1,1,1,1,1,1,1,2,2,2,2,1,1,1,1
130,4554.046,-9119.187,-113.979,207.613,-0.886055,0.463481,-0.009563,-0.463313,-0.886056,-0.015681,-0.015741,-0.009464,0.999831,0,0.93192,0.79905,55.915,1.598,250.000,300.000,-1,250.000,250.000,250.000,225.000,250.000,275.000,-1,-1,-1,-1,400.000,350.000,300.000,250.000,1,1,2,1,1,1,1,1,1,2,2,2,2,1,1,1,1
131,4505.957,-9146.079,-109.788,209.214,-0.872790,0.488022,0.008489,-0.488093,-0.872709,-0.011998,0.001553,-0.014615,0.999892,0,0.91828,0.80037,55.097,1.601,250.000,300.000,-1,250.000,250.000,250.000,225.000,250.000,275.000,-1,600.000,-1,-1,425.000,350.000,300.000,250.000,1,1,2,1,1,1,1,1,1,2,0,2,2,1,1,1,1
132,4454.583,-9176.874,-105.232,210.941,-0.857258,0.514080,0.028816,-0.514338,-0.857586,-0.001826,0.023774,-0.016387,0.999583,0,0.99828,0.86327,59.897,1.727,250.000,300.000,-1,275.000,275.000,275.000,250.000,275.000,275.000,950.000,225.000,425.000,-1,525.000,375.000,325.000,275.000,1,1,2,1,1,1,1,1,1,0,0,0,2,1,1,1,1
133,4404.051,-9209.229,-100.750,212.631,-0.840777,0.539178,0.048789,-0.539175,-0.842071,0.014345,0.048818,-0.014245,0.998706,0,1.00000,0.84541,60.000,1.691,275.000,325.000,-1,275.000,275.000,275.000,250.000,275.000,300.000,775.000,125.000,225.000,-1,-1,400.000,1000.000,300.000,1,1,2,1,1,1,1,1,1,0,0,0,2,2,1,1,1
134,-2295.745,5575.452,306.370,-32.961,0.838818,0.542664,-0.043600,-0.544387,0.836864,-0.057455,0.005308,0.071930,0.997396,1,0.00000,0.00000,60.000,1.926,-1,475.000,-1,425.000,-1,375.000,350.000,100.000,275.000,-1,500.000,300.000,950.000,950.000,800.000,-1,-1,2,0,2,0,2,0,0,1,0,2,0,0,0,0,0,2,2
