timestep,x_cm,y_cm,z_cm,yaw_deg,basis_xx,basis_xy,basis_xz,basis_yx,basis_yy,basis_yz,basis_zx,basis_zy,basis_zz,teleport_flag,throttle_cmd,steering_cmd,cmd_move_cm,cmd_turn_deg,lidar_cm_0,lidar_cm_1,lidar_cm_2,lidar_cm_3,lidar_cm_4,lidar_cm_5,lidar_cm_6,lidar_cm_7,lidar_cm_8,lidar_cm_9,lidar_cm_10,lidar_cm_11,lidar_cm_12,lidar_cm_13,lidar_cm_14,lidar_cm_15,lidar_cm_16,lidar_class_0,lidar_class_1,lidar_class_2,lidar_class_3,lidar_class_4,lidar_class_5,lidar_class_6,lidar_class_7,lidar_class_8,lidar_class_9,lidar_class_10,lidar_class_11,lidar_class_12,lidar_class_13,lidar_class_14,lidar_class_15,lidar_class_16
0,6235.462,330.453,-120.714,31.087,0.855448,-0.515808,-0.046383,0.517189,0.855513,0.024746,0.026917,-0.045158,0.998617,1,0.08000,0.12000,4.800,0.240,-1,375.000,-1,400.000,-1,300.000,325.000,275.000,300.000,-1,-1,-1,-1,675.000,800.000,-1,-1,2,0,2,0,2,0,0,0,0,2,2,2,2,0,0,2,2
1,6243.642,335.479,-120.464,31.567,0.851109,-0.522961,-0.046089,0.524322,0.851169,0.024441,0.026447,-0.044967,0.998638,0,0.16000,0.24000,9.600,0.480,-1,375.000,-1,400.000,-1,300.000,325.000,275.000,300.000,-1,-1,-1,-1,675.000,800.000,-1,-1,2,0,2,0,2,0,0,0,0,2,2,2,2,0,0,2,2
2,6255.815,343.170,-120.096,32.287,0.844490,-0.533623,-0.045636,0.534952,0.844542,0.023981,0.025745,-0.044665,0.998670,0,0.24000,0.36000,14.400,0.720,-1,375.000,-1,400.000,-1,300.000,325.000,300.000,300.000,-1,-1,-1,-1,675.000,800.000,-1,-1,2,0,2,0,2,0,0,0,0,2,2,2,2,0,0,2,2
3,6271.872,353.697,-119.621,33.247,0.835457,-0.547709,-0.045015,0.548995,0.835499,0.023363,0.024813,-0.044232,0.998713,0,0.32000,0.48000,19.200,0.960,-1,375.000,-1,400.000,-1,300.000,325.000,300.000,300.000,-1,-1,-1,-1,675.000,775.000,-1,-1,2,0,2,0,2,0,0,0,0,2,2,2,2,0,0,2,2
4,6291.664,367.272,-118.813,34.447,0.823793,-0.565078,-0.045289,0.566367,0.823835,0.022917,0.024361,-0.044529,0.998711,0,0.40000,0.60000,24.000,1.200,-1,375.000,-1,400.000,-1,300.000,325.000,300.000,300.000,-1,-1,-1,-1,675.000,775.000,-1,-1,2,0,2,0,2,0,0,0,0,2,2,2,2,0,0,2,2
5,6314.996,384.154,-117.858,35.887,0.809317,-0.585594,-0.045672,0.586886,0.809361,0.022340,0.023883,-0.044884,0.998707,0,0.48000,0.72000,28.800,1.440,-1,375.000,-1,400.000,-1,300.000,325.000,300.000,300.000,-1,-1,-1,-1,675.000,775.000,-1,-1,2,0,2,0,2,0,0,0,0,2,2,2,2,0,0,2,2
6,6341.629,404.639,-116.809,37.567,0.791781,-0.609063,-0.046104,0.610356,0.791836,0.021476,0.023426,-0.045144,0.998706,0,0.56000,0.84000,33.600,1.680,-1,375.000,-1,400.000,-1,300.000,325.000,300.000,300.000,-1,-1,925.000,-1,675.000,775.000,-1,-1,2,0,2,0,2,0,0,0,0,2,2,0,2,0,0,2,2
7,6371.265,429.058,-115.797,39.487,0.770895,-0.635259,-0.046552,0.636535,0.770995,0.019763,0.023336,-0.044867,0.998720,0,0.64000,0.96000,38.400,1.920,-1,375.000,-1,400.000,-1,300.000,325.000,300.000,300.000,-1,-1,825.000,-1,675.000,775.000,-1,-1,2,0,2,0,2,0,0,0,0,2,2,0,2,0,0,2,2
8,6403.626,457.675,-114.713,41.487,0.748218,-0.661793,-0.046901,0.663042,0.748371,0.017775,0.023336,-0.044397,0.998741,0,0.72000,1.00000,43.200,2.000,-1,375.000,-1,400.000,-1,300.000,325.000,300.000,300.000,-1,975.000,675.000,-1,675.000,775.000,-1,-1,2,0,2,0,2,0,0,0,0,2,0,0,2,0,0,2,2
9,6438.452,490.707,-113.569,43.487,0.724627,-0.687529,-0.047107,0.688741,0.724841,0.015519,0.023476,-0.043690,0.998769,0,0.80000,1.00000,48.000,2.000,-1,375.000,-1,400.000,-1,300.000,325.000,300.000,300.000,-1,775.000,575.000,-1,675.000,775.000,-1,-1,2,0,2,0,2,0,0,0,0,2,0,0,2,0,0,2,2
10,6474.439,527.311,-112.409,45.487,0.700152,-0.712434,-0.047173,0.713600,0.700432,0.013079,0.023724,-0.042819,0.998801,0,0.85553,1.00000,51.332,2.000,-1,375.000,-1,400.000,-1,300.000,325.000,300.000,300.000,-1,675.000,500.000,-1,700.000,775.000,-1,-1,2,0,2,0,2,0,0,0,0,2,0,0,2,0,0,2,2
11,6509.127,565.148,-111.380,47.487,0.674840,-0.736483,-0.046733,0.737581,0.675177,0.010537,0.023793,-0.041580,0.998852,0,0.85553,1.00000,51.332,2.000,-1,375.000,-1,400.000,-1,300.000,325.000,300.000,325.000,-1,625.000,450.000,-1,700.000,775.000,-1,-1,2,0,2,0,2,0,0,0,0,2,0,0,2,0,0,2,2
12,6542.474,604.172,-110.312,49.487,0.648701,-0.759656,-0.045937,0.760657,0.649112,0.007358,0.024229,-0.039715,0.998917,0,0.85553,1.00000,51.332,2.000,-1,375.000,-1,400.000,-1,300.000,325.000,300.000,325.000,-1,575.000,425.000,-1,700.000,775.000,-1,-1,2,0,2,0,2,0,0,0,0,2,0,0,2,0,0,2,2
13,6574.439,644.337,-109.298,51.487,0.621772,-0.781901,-0.045051,0.782808,0.622249,0.004246,0.024713,-0.037907,0.998976,0,0.85553,1.00000,51.332,2.000,-1,375.000,-1,400.000,-1,325.000,325.000,300.000,325.000,-1,525.000,375.000,-1,700.000,775.000,-1,-1,2,0,2,0,2,0,0,0,0,2,0,0,2,0,0,2,2
14,6604.982,685.593,-108.342,53.487,0.594085,-0.803194,-0.044076,0.804006,0.594620,0.001203,0.025242,-0.036152,0.999027,0,0.85553,1.00000,51.332,2.000,-1,375.000,-1,400.000,-1,325.000,325.000,300.000,325.000,-1,500.000,375.000,-1,725.000,775.000,-1,-1,2,0,2,0,2,0,0,0,0,2,0,0,2,0,0,2,2
15,6634.067,727.889,-107.444,55.487,0.565675,-0.823506,-0.043012,0.824224,0.566261,-0.001772,0.025815,-0.034449,0.999073,0,0.85553,1.00000,51.332,2.000,-1,375.000,-1,400.000,-1,325.000,325.000,300.000,300.000,-1,475.000,375.000,-1,725.000,775.000,-1,-1,2,0,2,0,2,0,0,0,0,2,0,0,2,0,0,2,2
16,6661.657,771.175,-106.154,57.487,0.536592,-0.842761,-0.042710,0.843468,0.537172,-0.002570,0.025108,-0.034645,0.999084,0,0.85553,1.00000,51.332,2.000,-1,375.000,-1,400.000,-1,325.000,325.000,300.000,300.000,-1,500.000,400.000,-1,725.000,750.000,-1,-1,2,0,2,0,2,0,0,0,0,2,0,0,2,0,0,2,2
17,6687.720,815.398,-104.881,59.487,0.506855,-0.860984,-0.042486,0.861689,0.507427,-0.003193,0.024307,-0.034991,0.999092,0,0.85553,1.00000,51.332,2.000,-1,375.000,-1,400.000,-1,325.000,325.000,300.000,300.000,-1,500.000,425.000,-1,725.000,750.000,-1,-1,2,0,2,0,2,0,0,0,0,2,0,0,2,0,0,2,2
18,6712.223,860.504,-103.597,61.487,0.476488,-0.878150,-0.042574,0.878862,0.477060,-0.003831,0.023675,-0.035591,0.999086,0,0.85553,1.00000,51.332,2.000,-1,375.000,-1,400.000,-1,325.000,325.000,300.000,325.000,-1,525.000,450.000,-1,725.000,750.000,-1,-1,2,0,2,0,2,0,0,0,0,2,0,0,2,0,0,2,2
19,6735.138,906.437,-102.353,63.487,0.445538,-0.894243,-0.042731,0.894966,0.446112,-0.004471,0.023061,-0.036251,0.999077,0,0.85553,1.00000,51.332,2.000,-1,375.000,-1,400.000,-1,325.000,325.000,300.000,325.000,-1,550.000,500.000,-1,750.000,775.000,-1,-1,2,0,2,0,2,0,0,0,0,2,0,0,2,0,0,2,2
20,6756.437,953.145,-101.169,65.486,0.414060,-0.909240,-0.042871,0.909974,0.414635,-0.005104,0.022416,-0.036898,0.999068,0,0.85559,0.99959,51.336,1.999,-1,375.000,-1,400.000,-1,325.000,325.000,300.000,325.000,-1,575.000,525.000,-1,750.000,775.000,-1,-1,2,0,2,0,2,0,0,0,0,2,0,0,2,0,0,2,2
21,6776.099,1000.573,-100.046,67.483,0.382119,-0.923112,-0.042992,0.923857,0.382694,-0.005732,0.021744,-0.037528,0.999059,0,0.85571,0.99835,51.343,1.997,-1,375.000,-1,400.000,-1,325.000,325.000,300.000,325.000,-1,600.000,550.000,-1,750.000,775.000,-1,-1,2,0,2,0,2,0,0,0,0,2,0,0,2,0,0,2,2
22,6794.098,1048.656,-99.072,69.478,0.349736,-0.935866,-0.042885,0.936606,0.350320,-0.006710,0.021303,-0.037820,0.999057,0,0.85569,0.99759,51.341,1.995,-1,400.000,-1,400.000,-1,325.000,325.000,300.000,325.000,-1,625.000,575.000,-1,750.000,775.000,-1,-1,2,0,2,0,2,0,0,0,0,2,0,0,2,0,0,2,2
23,6810.410,1097.330,-98.173,71.472,0.316939,-0.947484,-0.042704,0.948216,0.317532,-0.007721,0.020876,-0.038045,0.999058,0,0.85558,0.99731,51.335,1.995,-1,400.000,-1,400.000,-1,325.000,325.000,300.000,325.000,-1,650.000,600.000,-1,750.000,775.000,-1,-1,2,0,2,0,2,0,0,0,0,2,0,0,2,0,0,2,2
24,6825.015,1146.535,-97.322,73.467,0.283752,-0.957955,-0.042514,0.958681,0.284352,-0.008660,0.020385,-0.038300,0.999058,0,0.85545,0.99752,51.327,1.995,-1,400.000,-1,400.000,-1,325.000,325.000,300.000,300.000,-1,675.000,625.000,-1,750.000,775.000,-1,-1,2,0,2,0,2,0,0,0,0,2,0,0,2,0,0,2,2
25,6837.897,1196.215,-96.522,75.464,0.250201,-0.967269,-0.042319,0.967991,0.250804,-0.009536,0.019837,-0.038578,0.999059,0,0.85539,0.99820,51.323,1.996,-1,400.000,-1,400.000,-1,325.000,325.000,300.000,300.000,-1,675.000,650.000,-1,750.000,775.000,-1,-1,2,0,2,0,2,0,0,0,0,2,0,0,2,0,0,2,2
26,6849.038,1246.318,-95.741,77.463,0.216314,-0.975421,-0.041970,0.976136,0.216915,-0.010283,0.019134,-0.038744,0.999066,0,0.85545,0.99937,51.327,1.999,-1,400.000,-1,400.000,-1,325.000,325.000,300.000,300.000,-1,700.000,675.000,-1,775.000,775.000,-1,-1,2,0,2,0,2,0,0,0,0,2,0,0,2,0,0,2,2
27,6858.426,1296.784,-94.926,79.463,0.182167,-0.982404,-0.041198,0.983103,0.182742,-0.010626,0.017967,-0.038566,0.999095,0,0.85553,1.00000,51.332,2.000,-1,400.000,-1,400.000,-1,325.000,325.000,300.000,300.000,-1,750.000,725.000,-1,775.000,775.000,-1,-1,2,0,2,0,2,0,0,0,0,2,0,0,2,0,0,2,2
28,6866.046,1347.546,-94.168,81.463,0.147799,-0.988185,-0.040572,0.988877,0.148345,-0.010790,0.016681,-0.038526,0.999118,0,0.85553,1.00000,51.332,2.000,-1,400.000,-1,400.000,-1,325.000,325.000,300.000,300.000,-1,800.000,775.000,-1,775.000,775.000,-1,-1,2,0,2,0,2,0,0,0,0,2,0,0,2,0,0,2,2
29,6871.890,1398.544,-93.422,83.463,0.113257,-0.992754,-0.040157,0.993450,0.113767,-0.010660,0.015151,-0.038687,0.999137,0,0.85553,1.00000,51.332,2.000,-1,400.000,-1,400.000,-1,325.000,325.000,300.000,300.000,-1,825.000,825.000,-1,800.000,800.000,-1,-1,2,0,2,0,2,0,0,0,0,2,0,0,2,0,0,2,2
30,6876.326,1451.624,-92.715,85.223,0.082745,-0.995777,-0.039774,0.996476,0.083223,-0.010501,0.013766,-0.038765,0.999154,0,0.88776,0.88000,53.265,1.760,-1,400.000,-1,400.000,-1,325.000,325.000,300.000,300.000,-1,875.000,875.000,-1,800.000,800.000,-1,-1,2,0,2,0,2,0,0,0,0,2,0,0,2,0,0,2,2
31,6879.353,1504.803,-92.065,86.743,0.056332,-0.997633,-0.039434,0.998333,0.056780,-0.010331,0.012546,-0.038787,0.999169,0,0.88776,0.76000,53.265,1.520,-1,400.000,-1,400.000,-1,325.000,325.000,300.000,300.000,-1,925.000,925.000,-1,800.000,800.000,-1,-1,2,0,2,0,2,0,0,0,0,2,0,0,2,0,0,2,2
32,6881.190,1558.037,-91.463,88.023,0.034058,-0.998653,-0.039131,0.999354,0.034480,-0.010155,0.011490,-0.038760,0.999182,0,0.88776,0.64000,53.265,1.280,-1,400.000,-1,400.000,-1,325.000,325.000,300.000,300.000,-1,1000.000,975.000,-1,825.000,825.000,-1,-1,2,0,2,0,2,0,0,0,0,2,0,0,2,0,0,2,2
33,6882.062,1611.295,-90.901,89.063,0.015949,-0.999117,-0.038858,0.999817,0.016348,-0.009974,0.010600,-0.038692,0.999195,0,0.88776,0.52000,53.265,1.040,-1,400.000,-1,400.000,-1,325.000,325.000,300.000,300.000,-1,-1,-1,-1,825.000,825.000,-1,-1,2,0,2,0,2,0,0,0,0,2,2,2,2,0,0,2,2
34,6882.190,1664.560,-90.370,89.863,0.002017,-0.999252,-0.038608,0.999949,0.002397,-0.009790,0.009875,-0.038586,0.999206,0,0.88776,0.40000,53.265,0.800,-1,400.000,-1,400.000,-1,325.000,325.000,300.000,300.000,-1,-1,-1,-1,825.000,825.000,-1,-1,2,0,2,0,2,0,0,0,0,2,2,2,2,0,0,2,2
35,6881.797,1717.824,-89.859,90.423,-0.007733,-0.999234,-0.038373,0.999927,-0.007370,-0.009603,0.009313,-0.038445,0.999217,0,0.88776,0.28000,53.265,0.560,-1,400.000,-1,400.000,-1,325.000,325.000,300.000,300.000,-1,-1,-1,-1,850.000,825.000,-1,-1,2,0,2,0,2,0,0,0,0,2,2,2,2,0,0,2,2
36,6881.106,1771.085,-89.361,90.743,-0.013300,-0.999184,-0.038150,0.999872,-0.012950,-0.009414,0.008912,-0.038270,0.999228,0,0.88776,0.16000,53.265,0.320,-1,400.000,-1,400.000,-1,325.000,325.000,300.000,300.000,-1,-1,-1,-1,850.000,850.000,-1,-1,2,0,2,0,2,0,0,0,0,2,2,2,2,0,0,2,2
37,6880.342,1824.345,-88.865,90.823,-0.014685,-0.999172,-0.037931,0.999855,-0.014345,-0.009221,0.008669,-0.038061,0.999238,0,0.88776,0.04000,53.265,0.080,-1,400.000,-1,400.000,-1,325.000,325.000,300.000,300.000,-1,-1,-1,-1,850.000,850.000,-1,-1,2,0,2,0,2,0,0,0,0,2,2,2,2,0,0,2,2
38,6879.726,1877.607,-88.364,90.663,-0.011888,-0.999218,-0.037712,0.999893,-0.011555,-0.009025,0.008582,-0.037815,0.999248,0,0.88776,-0.08000,53.265,-0.160,-1,400.000,-1,400.000,-1,325.000,325.000,300.000,300.000,-1,-1,-1,-1,875.000,875.000,-1,-1,2,0,2,0,2,0,0,0,0,2,2,2,2,0,0,2,2
39,6879.482,1930.872,-87.847,90.263,-0.004907,-0.999285,-0.037488,0.999951,-0.004579,-0.008825,0.008647,-0.037529,0.999258,0,0.88776,-0.20000,53.265,-0.400,-1,425.000,-1,425.000,-1,325.000,325.000,300.000,300.000,-1,-1,-1,-1,900.000,875.000,-1,-1,2,0,2,0,2,0,0,0,0,2,2,2,2,0,0,2,2
40,6879.833,1984.136,-87.504,89.623,0.006272,-0.999278,-0.037459,0.999945,0.006583,-0.008185,0.008426,-0.037406,0.999265,0,0.88776,-0.32000,53.265,-0.640,-1,425.000,-1,425.000,-1,350.000,325.000,300.000,300.000,-1,-1,-1,-1,925.000,900.000,-1,-1,2,0,2,0,2,0,0,0,0,2,2,2,2,0,0,2,2
41,6880.912,2037.391,-87.663,88.839,0.019999,-0.999089,-0.037695,0.999777,0.020243,-0.006091,0.006849,-0.037565,0.999271,0,0.88776,-0.39164,53.265,-0.783,-1,425.000,-1,425.000,-1,325.000,325.000,300.000,300.000,-1,-1,-1,-1,925.000,900.000,-1,-1,2,0,2,0,2,0,0,0,0,2,2,2,2,0,0,2,2
42,6882.719,2090.626,-87.793,88.056,0.033723,-0.998713,-0.037871,0.999417,0.033898,-0.003998,0.005277,-0.037714,0.999275,0,0.88776,-0.39164,53.265,-0.783,-1,425.000,-1,400.000,-1,325.000,325.000,300.000,300.000,-1,-1,-1,-1,925.000,875.000,-1,-1,2,0,2,0,2,0,0,0,0,2,2,2,2,0,0,2,2
43,6885.253,2143.831,-87.893,87.273,0.047441,-0.998151,-0.037989,0.998867,0.047548,-0.001909,0.003712,-0.037856,0.999276,0,0.88776,-0.39164,53.265,-0.783,-1,425.000,-1,400.000,-1,325.000,325.000,300.000,300.000,-1,-1,-1,-1,925.000,875.000,-1,-1,2,0,2,0,2,0,0,0,0,2,2,2,2,0,0,2,2
44,6888.514,2196.997,-87.962,86.489,0.061150,-0.997403,-0.038049,0.998126,0.061188,0.000173,0.002156,-0.037988,0.999276,0,0.88776,-0.39164,53.265,-0.783,-1,400.000,-1,400.000,-1,325.000,325.000,300.000,300.000,-1,-1,-1,-1,900.000,875.000,-1,-1,2,0,2,0,2,0,0,0,0,2,2,2,2,0,0,2,2
45,6892.502,2250.113,-88.000,85.706,0.074848,-0.996469,-0.038052,0.997195,0.074817,0.002246,0.000609,-0.038113,0.999273,0,0.88776,-0.39164,53.265,-0.783,-1,400.000,-1,400.000,-1,325.000,325.000,300.000,300.000,-1,-1,-1,-1,900.000,875.000,-1,-1,2,0,2,0,2,0,0,0,0,2,2,2,2,0,0,2,2
46,6897.216,2303.170,-88.008,84.923,0.088532,-0.995348,-0.037997,0.996073,0.088432,0.004306,-0.000926,-0.038229,0.999269,0,0.88776,-0.39164,53.265,-0.783,-1,400.000,-1,400.000,-1,325.000,325.000,300.000,300.000,-1,-1,-1,-1,900.000,875.000,-1,-1,2,0,2,0,2,0,0,0,0,2,2,2,2,0,0,2,2
47,6902.654,2356.157,-87.984,84.140,0.102198,-0.994042,-0.037888,0.994761,0.102030,0.006352,-0.002448,-0.038338,0.999262,0,0.88776,-0.39164,53.265,-0.783,-1,425.000,-1,400.000,-1,325.000,325.000,300.000,300.000,-1,-1,-1,-1,900.000,875.000,-1,-1,2,0,2,0,2,0,0,0,0,2,2,2,2,0,0,2,2
48,6908.816,2409.065,-87.929,83.356,0.115844,-0.992551,-0.037723,0.993260,0.115609,0.008380,-0.003956,-0.038440,0.999253,0,0.88776,-0.39164,53.265,-0.783,-1,425.000,-1,400.000,-1,325.000,325.000,300.000,300.000,-1,-1,-1,-1,900.000,850.000,-1,-1,2,0,2,0,2,0,0,0,0,2,2,2,2,0,0,2,2
49,6914.880,2457.150,-87.861,82.813,0.125313,-0.991407,-0.037547,0.992102,0.125014,0.010208,-0.005426,-0.038529,0.999243,0,0.80776,-0.27164,48.465,-0.543,-1,425.000,-1,400.000,-1,325.000,325.000,300.000,300.000,-1,-1,-1,-1,900.000,850.000,-1,-1,2,0,2,0,2,0,0,0,0,2,2,2,2,0,0,2,2
50,6920.572,2500.443,-87.791,82.510,0.130617,-0.990728,-0.037387,0.991409,0.130260,0.011843,-0.006863,-0.038613,0.999231,0,0.72776,-0.15164,43.665,-0.303,-1,425.000,-1,400.000,-1,325.000,325.000,300.000,300.000,-1,-1,-1,-1,900.000,850.000,-1,-1,2,0,2,0,2,0,0,0,0,2,2,2,2,0,0,2,2
51,6925.680,2538.971,-87.729,82.447,0.131765,-0.990580,-0.037268,0.991246,0.131353,0.013293,-0.008273,-0.038693,0.999217,0,0.64776,-0.03164,38.865,-0.063,-1,425.000,-1,400.000,-1,325.000,325.000,300.000,300.000,-1,-1,-1,-1,900.000,850.000,-1,-1,2,0,2,0,2,0,0,0,0,2,2,2,2,0,0,2,2
52,6930.054,2572.755,-87.681,82.623,0.128759,-0.990978,-0.037208,0.991629,0.128297,0.014562,-0.009657,-0.038771,0.999201,0,0.56776,0.08836,34.065,0.177,-1,425.000,-1,400.000,-1,350.000,325.000,300.000,300.000,-1,-1,-1,-1,900.000,850.000,-1,-1,2,0,2,0,2,0,0,0,0,2,2,2,2,0,0,2,2
53,6933.695,2601.793,-87.827,82.851,0.124850,-0.991450,-0.037948,0.992119,0.124344,0.015416,-0.010566,-0.039574,0.999161,0,0.48776,0.11413,29.265,0.228,-1,425.000,-1,425.000,-1,350.000,325.000,300.000,300.000,-1,-1,-1,-1,900.000,850.000,-1,-1,2,0,2,0,2,0,0,0,0,2,2,2,2,0,0,2,2
54,6936.642,2626.080,-88.096,83.080,0.120951,-0.991887,-0.039132,0.992590,0.120387,0.016478,-0.011634,-0.040835,0.999098,0,0.40776,0.11413,24.465,0.228,-1,425.000,-1,425.000,-1,350.000,325.000,300.000,300.000,-1,-1,-1,-1,900.000,850.000,-1,-1,2,0,2,0,2,0,0,0,0,2,2,2,2,0,0,2,2
55,6938.933,2645.612,-88.335,83.308,0.117040,-0.992321,-0.040019,0.993049,0.116430,0.017253,-0.012461,-0.041760,0.999050,0,0.32776,0.11413,19.665,0.228,-1,425.000,-1,425.000,-1,350.000,325.000,300.000,300.000,-1,-1,-1,-1,900.000,875.000,-1,-1,2,0,2,0,2,0,0,0,0,2,2,2,2,0,0,2,2
56,6940.607,2660.383,-88.625,83.536,0.113107,-0.992765,-0.040312,0.993498,0.112474,0.017639,-0.012977,-0.042045,0.999031,0,0.24776,0.11413,14.865,0.228,-1,425.000,-1,425.000,-1,350.000,325.000,300.000,300.000,-1,-1,-1,-1,900.000,875.000,-1,-1,2,0,2,0,2,0,0,0,0,2,2,2,2,0,0,2,2
57,6941.700,2670.389,-88.880,83.765,0.109171,-0.993207,-0.040267,0.993931,0.108519,0.018043,-0.013551,-0.041992,0.999026,0,0.16776,0.11413,10.065,0.228,-1,425.000,-1,425.000,-1,350.000,325.000,300.000,300.000,-1,-1,-1,-1,900.000,875.000,-1,-1,2,0,2,0,2,0,0,0,0,2,2,2,2,0,0,2,2
58,6942.251,2675.625,-89.016,83.993,0.105224,-0.993635,-0.040223,0.994351,0.104561,0.018252,-0.013930,-0.041916,0.999024,0,0.08776,0.11413,5.265,0.228,-1,425.000,-1,425.000,-1,350.000,325.000,300.000,300.000,-1,-1,-1,-1,900.000,875.000,-1,-1,2,0,2,0,2,0,0,0,0,2,2,2,2,0,0,2,2
59,6942.298,2676.088,-89.030,84.221,0.101268,-0.994048,-0.040177,0.994759,0.100602,0.018264,-0.014114,-0.041816,0.999026,0,0.00776,0.11413,0.465,0.228,-1,425.000,-1,425.000,-1,350.000,325.000,300.000,300.000,-1,-1,-1,-1,900.000,875.000,-1,-1,2,0,2,0,2,0,0,0,0,2,2,2,2,0,0,2,2
60,6941.879,2671.774,-88.922,84.449,0.097302,-0.994446,-0.040128,0.995155,0.096642,0.018080,-0.014101,-0.041693,0.999031,0,-0.07224,0.11413,-4.335,0.228,-1,425.000,-1,425.000,-1,350.000,325.000,300.000,300.000,-1,-1,-1,-1,900.000,875.000,-1,-1,2,0,2,0,2,0,0,0,0,2,2,2,2,0,0,2,2
61,6941.031,2662.679,-88.689,84.678,0.093326,-0.994829,-0.040074,0.995539,0.092680,0.017698,-0.013893,-0.041547,0.999040,0,-0.15224,0.11413,-9.135,0.228,-1,425.000,-1,425.000,-1,350.000,325.000,300.000,300.000,-1,-1,-1,-1,900.000,875.000,-1,-1,2,0,2,0,2,0,0,0,0,2,2,2,2,0,0,2,2
62,6939.794,2648.799,-88.336,84.906,0.089341,-0.995198,-0.039985,0.995910,0.088716,0.017136,-0.013507,-0.041353,0.999053,0,-0.23224,0.11413,-13.935,0.228,-1,425.000,-1,425.000,-1,350.000,325.000,300.000,300.000,-1,-1,-1,-1,900.000,875.000,-1,-1,2,0,2,0,2,0,0,0,0,2,2,2,2,0,0,2,2
63,6938.539,2634.054,-88.058,85.134,0.085358,-0.995567,-0.039504,0.996261,0.084753,0.016753,-0.013331,-0.040786,0.999079,0,-0.24664,0.11413,-14.798,0.228,-1,425.000,-1,425.000,-1,350.000,325.000,300.000,300.000,-1,-1,-1,-1,900.000,875.000,-1,-1,2,0,2,0,2,0,0,0,0,2,2,2,2,0,0,2,2
64,6937.343,2619.304,-87.855,85.362,0.081361,-0.995931,-0.038755,0.996601,0.080788,0.016124,-0.012928,-0.039936,0.999119,0,-0.24664,0.11413,-14.798,0.228,-1,425.000,-1,425.000,-1,350.000,325.000,300.000,300.000,-1,-1,-1,-1,900.000,875.000,-1,-1,2,0,2,0,2,0,0,0,0,2,2,2,2,0,0,2,2
65,6936.206,2604.550,-87.663,85.591,0.077366,-0.996276,-0.038059,0.996923,0.076822,0.015554,-0.012572,-0.039145,0.999154,0,-0.24664,0.11413,-14.798,0.228,-1,425.000,-1,425.000,-1,350.000,325.000,300.000,300.000,-1,-1,-1,-1,900.000,875.000,-1,-1,2,0,2,0,2,0,0,0,0,2,2,2,2,0,0,2,2
66,6935.127,2589.791,-87.589,85.819,0.073383,-0.996586,-0.037831,0.997227,0.072854,0.015188,-0.012380,-0.038841,0.999169,0,-0.24664,0.11413,-14.798,0.228,-1,425.000,-1,425.000,-1,350.000,325.000,300.000,300.000,-1,-1,-1,-1,900.000,875.000,-1,-1,2,0,2,0,2,0,0,0,0,2,2,2,2,0,0,2,2
67,6934.107,2575.028,-87.578,86.047,0.069394,-0.996870,-0.037884,0.997518,0.068883,0.014626,-0.011970,-0.038805,0.999175,0,-0.24664,0.11413,-14.798,0.228,-1,425.000,-1,425.000,-1,350.000,325.000,300.000,300.000,-1,-1,-1,-1,900.000,875.000,-1,-1,2,0,2,0,2,0,0,0,0,2,2,2,2,0,0,2,2
68,6933.146,2560.261,-87.565,86.275,0.065403,-0.997138,-0.037933,0.997792,0.064911,0.014062,-0.011560,-0.038769,0.999181,0,-0.24664,0.11413,-14.798,0.228,-1,425.000,-1,425.000,-1,325.000,325.000,300.000,300.000,-1,-1,-1,-1,900.000,875.000,-1,-1,2,0,2,0,2,0,0,0,0,2,2,2,2,0,0,2,2
69,6932.244,2545.490,-87.550,86.504,0.061411,-0.997390,-0.037978,0.998050,0.060938,0.013498,-0.011148,-0.038733,0.999187,0,-0.24664,0.11413,-14.798,0.228,-1,425.000,-1,425.000,-1,325.000,325.000,300.000,300.000,-1,-1,-1,-1,900.000,875.000,-1,-1,2,0,2,0,2,0,0,0,0,2,2,2,2,0,0,2,2
70,6931.400,2530.716,-87.532,86.732,0.057418,-0.997626,-0.038018,0.998292,0.056964,0.012932,-0.010736,-0.038696,0.999193,0,-0.24664,0.11413,-14.798,0.228,-1,425.000,-1,425.000,-1,325.000,325.000,300.000,300.000,-1,-1,-1,-1,900.000,875.000,-1,-1,2,0,2,0,2,0,0,0,0,2,2,2,2,0,0,2,2
71,6930.615,2515.939,-87.511,86.960,0.053425,-0.997847,-0.038054,0.998519,0.052989,0.012365,-0.010322,-0.038658,0.999199,0,-0.24664,0.11413,-14.798,0.228,-1,425.000,-1,400.000,-1,325.000,325.000,300.000,300.000,-1,-1,-1,-1,900.000,875.000,-1,-1,2,0,2,0,2,0,0,0,0,2,2,2,2,0,0,2,2
72,6929.890,2501.159,-87.488,87.189,0.049430,-0.998051,-0.038085,0.998728,0.049013,0.011798,-0.009908,-0.038619,0.999205,0,-0.24664,0.11413,-14.798,0.228,-1,425.000,-1,400.000,-1,325.000,325.000,300.000,300.000,-1,-1,-1,-1,900.000,875.000,-1,-1,2,0,2,0,2,0,0,0,0,2,2,2,2,0,0,2,2
73,6929.223,2486.375,-87.463,87.417,0.045434,-0.998240,-0.038111,0.998922,0.045037,0.011229,-0.009493,-0.038580,0.999210,0,-0.24664,0.11413,-14.798,0.228,-1,425.000,-1,400.000,-1,325.000,325.000,300.000,300.000,-1,-1,-1,-1,900.000,875.000,-1,-1,2,0,2,0,2,0,0,0,0,2,2,2,2,0,0,2,2
74,6928.615,2471.590,-87.435,87.645,0.041438,-0.998413,-0.038133,0.999100,0.041060,0.010660,-0.009077,-0.038540,0.999216,0,-0.24664,0.11413,-14.798,0.228,-1,425.000,-1,400.000,-1,325.000,325.000,300.000,300.000,-1,-1,-1,-1,900.000,875.000,-1,-1,2,0,2,0,2,0,0,0,0,2,2,2,2,0,0,2,2
75,6928.066,2456.802,-87.405,87.873,0.037441,-0.998570,-0.038150,0.999261,0.037082,0.010089,-0.008660,-0.038500,0.999221,0,-0.24664,0.11413,-14.798,0.228,-1,425.000,-1,400.000,-1,325.000,325.000,300.000,300.000,-1,-1,-1,-1,900.000,875.000,-1,-1,2,0,2,0,2,0,0,0,0,2,2,2,2,0,0,2,2
76,6927.575,2442.011,-87.372,88.102,0.033444,-0.998712,-0.038163,0.999407,0.033103,0.009518,-0.008243,-0.038459,0.999226,0,-0.24664,0.11413,-14.798,0.228,-1,425.000,-1,400.000,-1,325.000,325.000,300.000,300.000,-1,-1,-1,-1,900.000,875.000,-1,-1,2,0,2,0,2,0,0,0,0,2,2,2,2,0,0,2,2
77,6927.144,2427.220,-87.336,88.330,0.029445,-0.998837,-0.038171,0.999536,0.029124,0.008947,-0.007825,-0.038417,0.999231,0,-0.24664,0.11413,-14.798,0.228,-1,425.000,-1,400.000,-1,325.000,325.000,300.000,300.000,-1,-1,-1,-1,900.000,875.000,-1,-1,2,0,2,0,2,0,0,0,0,2,2,2,2,0,0,2,2
78,6926.772,2412.426,-87.298,88.558,0.025447,-0.998947,-0.038175,0.999649,0.025145,0.008375,-0.007406,-0.038374,0.999236,0,-0.24664,0.11413,-14.798,0.228,-1,425.000,-1,400.000,-1,325.000,325.000,300.000,300.000,-1,-1,-1,-1,900.000,875.000,-1,-1,2,0,2,0,2,0,0,0,0,2,2,2,2,0,0,2,2
79,6926.459,2397.631,-87.258,88.786,0.021448,-0.999041,-0.038173,0.999746,0.021165,0.007802,-0.006986,-0.038331,0.999241,0,-0.24664,0.11413,-14.798,0.228,-1,425.000,-1,400.000,-1,325.000,325.000,300.000,300.000,-1,-1,-1,-1,900.000,875.000,-1,-1,2,0,2,0,2,0,0,0,0,2,2,2,2,0,0,2,2
80,6926.204,2382.835,-87.215,89.015,0.017448,-0.999119,-0.038167,0.999826,0.017184,0.007229,-0.006566,-0.038287,0.999245,0,-0.24664,0.11413,-14.798,0.228,-1,400.000,-1,400.000,-1,325.000,325.000,300.000,300.000,-1,-1,-1,-1,900.000,875.000,-1,-1,2,0,2,0,2,0,0,0,0,2,2,2,2,0,0,2,2
81,6926.114,2372.837,-87.184,89.483,0.009273,-0.999228,-0.038177,0.999936,0.009018,0.006835,-0.006485,-0.038238,0.999248,0,-0.16664,0.23413,-9.998,0.468,-1,400.000,-1,400.000,-1,325.000,325.000,300.000,300.000,-1,-1,-1,-1,900.000,875.000,-1,-1,2,0,2,0,2,0,0,0,0,2,2,2,2,0,0,2,2
82,6926.131,2367.639,-87.167,90.191,-0.003079,-0.999265,-0.038200,0.999973,-0.003334,0.006620,-0.006743,-0.038178,0.999248,0,-0.08664,0.35413,-5.198,0.708,-1,400.000,-1,400.000,-1,325.000,325.000,300.000,300.000,-1,-1,-1,-1,900.000,875.000,-1,-1,2,0,2,0,2,0,0,0,0,2,2,2,2,0,0,2,2
83,6926.139,2367.241,-87.167,91.139,-0.019605,-0.999076,-0.038241,0.999781,-0.019871,0.006586,-0.007339,-0.038103,0.999247,0,-0.00664,0.47413,-0.398,0.948,-1,400.000,-1,400.000,-1,325.000,325.000,300.000,300.000,-1,-1,-1,-1,900.000,875.000,-1,-1,2,0,2,0,2,0,0,0,0,2,2,2,2,0,0,2,2
84,6925.960,2371.639,-87.190,92.328,-0.040299,-0.998453,-0.038307,0.999153,-0.040585,0.006730,-0.008274,-0.038003,0.999243,0,0.07336,0.59413,4.402,1.188,-1,400.000,-1,400.000,-1,325.000,325.000,300.000,300.000,-1,-1,-1,-1,900.000,875.000,-1,-1,2,0,2,0,2,0,0,0,0,2,2,2,2,0,0,2,2
85,6925.358,2380.821,-87.246,93.756,-0.065143,-0.997136,-0.038410,0.997830,-0.065460,0.007053,-0.009548,-0.037868,0.999237,0,0.15336,0.71413,9.202,1.428,-1,400.000,-1,400.000,-1,325.000,325.000,300.000,300.000,-1,-1,-1,-1,900.000,900.000,-1,-1,2,0,2,0,2,0,0,0,0,2,2,2,2,0,0,2,2
86,6924.034,2394.760,-87.344,95.424,-0.094104,-0.994815,-0.038568,0.995500,-0.094462,0.007553,-0.011157,-0.037684,0.999227,0,0.23336,0.83413,14.002,1.668,-1,400.000,-1,400.000,-1,325.000,325.000,300.000,300.000,-1,-1,-1,-1,900.000,900.000,-1,-1,2,0,2,0,2,0,0,0,0,2,2,2,2,0,0,2,2
87,6921.634,2413.407,-87.498,97.332,-0.127129,-0.991127,-0.038801,0.991800,-0.127538,0.008226,-0.013101,-0.037437,0.999213,0,0.31336,0.95413,18.802,1.908,-1,400.000,-1,425.000,-1,325.000,325.000,300.000,300.000,-1,-1,-1,-1,875.000,900.000,-1,-1,2,0,2,0,2,0,0,0,0,2,2,2,2,0,0,2,2
88,6917.807,2436.697,-87.720,99.332,-0.161584,-0.986083,-0.039120,0.986741,-0.162051,0.009069,-0.015282,-0.037136,0.999193,0,0.39336,1.00000,23.602,2.000,-1,400.000,-1,425.000,-1,325.000,325.000,300.000,300.000,-1,-1,-1,-1,875.000,900.000,-1,-1,2,0,2,0,2,0,0,0,0,2,2,2,2,0,0,2,2
89,6912.226,2464.544,-88.024,101.332,-0.195835,-0.979839,-0.039540,0.980478,-0.196369,0.010078,-0.017639,-0.036794,0.999167,0,0.47336,1.00000,28.402,2.000,-1,400.000,-1,425.000,-1,325.000,325.000,300.000,300.000,-1,-1,-1,-1,875.000,900.000,-1,-1,2,0,2,0,2,0,0,0,0,2,2,2,2,0,0,2,2
90,6904.569,2496.851,-88.423,103.332,-0.229839,-0.972403,-0.040076,0.973020,-0.230449,0.011246,-0.020171,-0.036409,0.999133,0,0.55336,1.00000,33.202,2.000,-1,400.000,-1,425.000,-1,325.000,325.000,300.000,300.000,-1,-1,-1,-1,875.000,900.000,-1,-1,2,0,2,0,2,0,0,0,0,2,2,2,2,0,0,2,2
91,6894.521,2533.500,-88.931,105.332,-0.263556,-0.963783,-0.040743,0.964373,-0.264249,0.012566,-0.022877,-0.035980,0.999091,0,0.63336,1.00000,38.002,2.000,-1,400.000,-1,425.000,-1,325.000,325.000,300.000,300.000,-1,-1,-1,-1,875.000,925.000,-1,-1,2,0,2,0,2,0,0,0,0,2,2,2,2,0,0,2,2
92,6882.829,2570.966,-89.782,107.332,-0.297003,-0.954025,-0.040326,0.954551,-0.297739,0.013524,-0.024909,-0.034477,0.999095,0,0.65414,1.00000,39.248,2.000,-1,400.000,-1,425.000,-1,325.000,350.000,300.000,300.000,-1,-1,-1,-1,850.000,925.000,-1,-1,2,0,2,0,2,0,0,0,0,2,2,2,2,0,0,2,2
93,6869.837,2608.002,-91.000,109.332,-0.330094,-0.943138,-0.039095,0.943543,-0.330883,0.015608,-0.027656,-0.031736,0.999114,0,0.65414,1.00000,39.248,2.000,-1,400.000,-1,425.000,-1,325.000,325.000,300.000,300.000,-1,-1,-1,-1,850.000,925.000,-1,-1,2,0,2,0,2,0,0,0,0,2,2,2,2,0,0,2,2
94,6855.560,2644.562,-92.258,111.332,-0.362792,-0.931094,-0.038019,0.931375,-0.363627,0.017765,-0.030366,-0.028964,0.999119,0,0.65414,1.00000,39.248,2.000,-1,400.000,-1,425.000,-1,325.000,325.000,300.000,300.000,-1,-1,-1,-1,825.000,900.000,-1,-1,2,0,2,0,2,0,0,0,0,2,2,2,2,0,0,2,2
95,6840.016,2680.601,-93.557,113.332,-0.395056,-0.917908,-0.037100,0.918063,-0.395931,0.019986,-0.033035,-0.026164,0.999112,0,0.65414,1.00000,39.248,2.000,-1,400.000,-1,425.000,-1,325.000,325.000,300.000,300.000,-1,-1,-1,-1,825.000,900.000,-1,-1,2,0,2,0,2,0,0,0,0,2,2,2,2,0,0,2,2
96,6823.223,2716.075,-94.990,115.332,-0.426845,-0.903586,-0.036561,0.903634,-0.427750,0.021809,-0.035346,-0.023729,0.999093,0,0.65414,1.00000,39.248,2.000,-1,400.000,-1,425.000,-1,325.000,325.000,300.000,300.000,-1,-1,-1,-1,800.000,875.000,-1,-1,2,0,2,0,2,0,0,0,0,2,2,2,2,0,0,2,2
97,6805.203,2750.942,-96.552,117.332,-0.458116,-0.888148,-0.036376,0.888111,-0.459045,0.023157,-0.037265,-0.021697,0.999070,0,0.65414,1.00000,39.248,2.000,-1,400.000,-1,425.000,-1,325.000,325.000,300.000,300.000,-1,-1,-1,-1,800.000,875.000,-1,-1,2,0,2,0,2,0,0,0,0,2,2,2,2,0,0,2,2
98,6785.976,2785.159,-98.135,119.332,-0.488831,-0.871623,-0.036310,0.871502,-0.489782,0.024446,-0.039092,-0.019694,0.999042,0,0.65414,1.00000,39.248,2.000,-1,400.000,-1,425.000,-1,325.000,325.000,300.000,300.000,-1,-1,-1,-1,800.000,875.000,-1,-1,2,0,2,0,2,0,0,0,0,2,2,2,2,0,0,2,2
99,6768.187,2814.659,-99.558,121.092,-0.515367,-0.856196,-0.036387,0.856003,-0.516338,0.025565,-0.040677,-0.017972,0.999011,0,0.57414,0.88000,34.448,1.760,-1,400.000,-1,425.000,-1,325.000,325.000,300.000,300.000,-1,-1,-1,-1,775.000,875.000,-1,-1,2,0,2,0,2,0,0,0,0,2,2,2,2,0,0,2,2
100,6752.208,2839.633,-100.873,122.612,-0.537876,-0.842216,-0.036901,0.841965,-0.538878,0.026547,-0.042243,-0.016791,0.998966,0,0.49414,0.76000,29.648,1.520,-1,400.000,-1,425.000,-1,325.000,325.000,300.000,300.000,-1,-1,-1,-1,775.000,850.000,-1,-1,2,0,2,0,2,0,0,0,0,2,2,2,2,0,0,2,2
101,6738.352,2860.259,-101.984,123.892,-0.556538,-0.829982,-0.037357,0.829682,-0.557567,0.027335,-0.043517,-0.015782,0.998928,0,0.41414,0.64000,24.848,1.280,-1,400.000,-1,425.000,-1,325.000,325.000,300.000,300.000,-1,-1,-1,-1,775.000,850.000,-1,-1,2,0,2,0,2,0,0,0,0,2,2,2,2,0,0,2,2
102,6726.872,2876.696,-102.884,124.932,-0.571497,-0.819736,-0.037742,0.819396,-0.572547,0.027947,-0.044518,-0.014954,0.998897,0,0.33414,0.52000,20.048,1.040,-1,400.000,-1,400.000,-1,325.000,325.000,300.000,300.000,-1,-1,-1,-1,750.000,850.000,-1,-1,2,0,2,0,2,0,0,0,0,2,2,2,2,0,0,2,2
103,6717.967,2889.074,-103.572,125.732,-0.582877,-0.811669,-0.038043,0.811299,-0.583942,0.028398,-0.045264,-0.014312,0.998873,0,0.25414,0.40000,15.248,0.800,-1,400.000,-1,400.000,-1,325.000,325.000,300.000,300.000,-1,-1,-1,-1,750.000,850.000,-1,-1,2,0,2,0,2,0,0,0,0,2,2,2,2,0,0,2,2
104,6711.782,2897.495,-104.044,126.292,-0.590776,-0.805928,-0.038254,0.805537,-0.591851,0.028699,-0.045770,-0.013860,0.998856,0,0.17414,0.28000,10.448,0.560,-1,400.000,-1,400.000,-1,325.000,325.000,300.000,300.000,-1,-1,-1,-1,750.000,850.000,-1,-1,2,0,2,0,2,0,0,0,0,2,2,2,2,0,0,2,2
105,6708.413,2902.029,-104.298,126.612,-0.595264,-0.802613,-0.038369,0.802210,-0.596345,0.028860,-0.046045,-0.013601,0.998847,0,0.09414,0.16000,5.648,0.320,-1,400.000,-1,400.000,-1,325.000,325.000,300.000,300.000,-1,-1,-1,-1,750.000,850.000,-1,-1,2,0,2,0,2,0,0,0,0,2,2,2,2,0,0,2,2
106,6707.906,2902.710,-104.335,126.692,-0.596385,-0.801781,-0.038386,0.801374,-0.597465,0.028884,-0.046093,-0.013536,0.998845,0,0.01414,0.04000,0.848,0.080,-1,400.000,-1,400.000,-1,325.000,325.000,300.000,300.000,-1,-1,-1,-1,750.000,850.000,-1,-1,2,0,2,0,2,0,0,0,0,2,2,2,2,0,0,2,2
107,6710.259,2899.535,-104.154,126.532,-0.594146,-0.803444,-0.038304,0.803045,-0.595223,0.028772,-0.045916,-0.013665,0.998852,0,-0.06586,-0.08000,-3.952,-0.160,-1,400.000,-1,400.000,-1,325.000,325.000,300.000,300.000,-1,-1,-1,-1,750.000,850.000,-1,-1,2,0,2,0,2,0,0,0,0,2,2,2,2,0,0,2,2
108,6715.419,2892.466,-103.757,126.132,-0.588529,-0.807577,-0.038124,0.807194,-0.589597,0.028520,-0.045510,-0.013989,0.998866,0,-0.14586,-0.20000,-8.752,-0.400,-1,400.000,-1,400.000,-1,325.000,325.000,300.000,300.000,-1,-1,-1,-1,750.000,850.000,-1,-1,2,0,2,0,2,0,0,0,0,2,2,2,2,0,0,2,2
109,6723.287,2881.433,-103.144,125.492,-0.579482,-0.814106,-0.037850,0.813749,-0.580535,0.028123,-0.044868,-0.014503,0.998888,0,-0.22586,-0.32000,-13.552,-0.640,-1,400.000,-1,400.000,-1,325.000,325.000,300.000,300.000,-1,-1,-1,-1,750.000,850.000,-1,-1,2,0,2,0,2,0,0,0,0,2,2,2,2,0,0,2,2
110,6733.711,2866.329,-102.318,124.612,-0.566923,-0.822917,-0.037486,0.822596,-0.567957,0.027568,-0.043977,-0.015207,0.998917,0,-0.30586,-0.44000,-18.352,-0.880,-1,400.000,-1,425.000,-1,325.000,325.000,300.000,300.000,-1,-1,-1,-1,750.000,850.000,-1,-1,2,0,2,0,2,0,0,0,0,2,2,2,2,0,0,2,2
111,6746.487,2847.021,-101.284,123.492,-0.550747,-0.833850,-0.037041,0.833573,-0.551756,0.026843,-0.042821,-0.016093,0.998953,0,-0.38586,-0.56000,-23.152,-1.120,-1,400.000,-1,425.000,-1,325.000,325.000,300.000,300.000,-1,-1,-1,-1,775.000,850.000,-1,-1,2,0,2,0,2,0,0,0,0,2,2,2,2,0,0,2,2
112,6759.577,2826.179,-100.200,122.132,-0.530817,-0.846696,-0.036598,0.846469,-0.531801,0.026035,-0.041507,-0.017159,0.998991,0,-0.41020,-0.68000,-24.612,-1.360,-1,400.000,-1,425.000,-1,325.000,325.000,300.000,300.000,-1,-1,-1,-1,775.000,875.000,-1,-1,2,0,2,0,2,0,0,0,0,2,2,2,2,0,0,2,2
113,6772.080,2804.980,-99.160,120.532,-0.506977,-0.861194,-0.036318,0.861024,-0.507940,0.025202,-0.040151,-0.018494,0.999022,0,-0.41020,-0.80000,-24.612,-1.600,-1,400.000,-1,425.000,-1,325.000,325.000,300.000,300.000,-1,-1,-1,-1,775.000,875.000,-1,-1,2,0,2,0,2,0,0,0,0,2,2,2,2,0,0,2,2
114,6783.896,2783.390,-98.170,118.692,-0.479064,-0.877032,-0.036243,0.876924,-0.480011,0.024354,-0.038756,-0.020115,0.999046,0,-0.41020,-0.92000,-24.612,-1.840,-1,400.000,-1,425.000,-1,325.000,325.000,300.000,300.000,-1,-1,-1,-1,800.000,875.000,-1,-1,2,0,2,0,2,0,0,0,0,2,2,2,2,0,0,2,2
115,6794.952,2761.400,-97.196,116.692,-0.448164,-0.893218,-0.036210,0.893176,-0.449095,0.023476,-0.037231,-0.021821,0.999068,0,-0.41020,-1.00000,-24.612,-2.000,-1,400.000,-1,425.000,-1,325.000,325.000,300.000,300.000,-1,-1,-1,-1,800.000,875.000,-1,-1,2,0,2,0,2,0,0,0,0,2,2,2,2,0,0,2,2
116,6805.233,2739.039,-96.238,114.692,-0.416720,-0.908312,-0.036250,0.908336,-0.417632,0.022572,-0.035641,-0.023522,0.999088,0,-0.41020,-1.00000,-24.612,-2.000,-1,400.000,-1,425.000,-1,325.000,325.000,300.000,300.000,-1,-1,-1,-1,800.000,875.000,-1,-1,2,0,2,0,2,0,0,0,0,2,2,2,2,0,0,2,2
117,6814.727,2716.332,-95.290,112.692,-0.384771,-0.922295,-0.036383,0.922387,-0.385662,0.021619,-0.033970,-0.025241,0.999104,0,-0.41020,-1.00000,-24.612,-2.000,-1,400.000,-1,425.000,-1,325.000,325.000,300.000,300.000,-1,-1,-1,-1,825.000,875.000,-1,-1,2,0,2,0,2,0,0,0,0,2,2,2,2,0,0,2,2
118,6821.805,2697.827,-94.540,110.932,-0.356268,-0.933669,-0.036533,0.933818,-0.357140,0.020842,-0.032507,-0.026690,0.999115,0,-0.33020,-0.88000,-19.812,-1.760,-1,400.000,-1,425.000,-1,325.000,325.000,300.000,300.000,-1,-1,-1,-1,825.000,900.000,-1,-1,2,0,2,0,2,0,0,0,0,2,2,2,2,0,0,2,2
119,6826.794,2683.669,-94.002,109.412,-0.331382,-0.942781,-0.036740,0.942981,-0.332237,0.020138,-0.031192,-0.027972,0.999122,0,-0.25020,-0.76000,-15.012,-1.520,-1,400.000,-1,425.000,-1,325.000,325.000,300.000,300.000,-1,-1,-1,-1,825.000,900.000,-1,-1,2,0,2,0,2,0,0,0,0,2,2,2,2,0,0,2,2
120,6829.972,2673.964,-93.661,108.132,-0.310244,-0.949938,-0.036970,0.950182,-0.311084,0.019535,-0.030058,-0.029067,0.999125,0,-0.17020,-0.64000,-10.212,-1.280,-1,425.000,-1,425.000,-1,325.000,325.000,300.000,300.000,-1,-1,-1,-1,850.000,900.000,-1,-1,2,0,2,0,2,0,0,0,0,2,2,2,2,0,0,2,2
121,6831.562,2668.791,-93.468,107.092,-0.292955,-0.955407,-0.037085,0.955679,-0.293784,0.019211,-0.029250,-0.029813,0.999127,0,-0.09020,-0.52000,-5.412,-1.040,-1,425.000,-1,425.000,-1,325.000,325.000,300.000,300.000,-1,-1,-1,-1,850.000,900.000,-1,-1,2,0,2,0,2,0,0,0,0,2,2,2,2,0,0,2,2
122,6831.734,2668.203,-93.419,106.292,-0.279590,-0.959404,-0.037066,0.959688,-0.280413,0.019159,-0.028775,-0.030215,0.999129,0,-0.01020,-0.40000,-0.612,-0.800,-1,425.000,-1,425.000,-1,325.000,325.000,300.000,300.000,-1,-1,-1,-1,850.000,900.000,-1,-1,2,0,2,0,2,0,0,0,0,2,2,2,2,0,0,2,2
123,6830.598,2672.234,-93.511,105.732,-0.270200,-0.962097,-0.036900,0.962378,-0.271022,0.019372,-0.028639,-0.030277,0.999131,0,0.06980,-0.28000,4.188,-0.560,-1,425.000,-1,425.000,-1,325.000,325.000,300.000,300.000,-1,-1,-1,-1,850.000,900.000,-1,-1,2,0,2,0,2,0,0,0,0,2,2,2,2,0,0,2,2
124,6828.210,2680.899,-93.774,105.412,-0.264821,-0.963600,-0.036676,0.963869,-0.265646,0.019719,-0.028744,-0.030129,0.999133,0,0.14980,-0.16000,8.988,-0.320,-1,425.000,-1,425.000,-1,325.000,325.000,300.000,300.000,-1,-1,-1,-1,850.000,900.000,-1,-1,2,0,2,0,2,0,0,0,0,2,2,2,2,0,0,2,2
125,6824.564,2694.196,-94.232,105.332,-0.263472,-0.963977,-0.036470,0.964230,-0.264302,0.020101,-0.029016,-0.029869,0.999133,0,0.22980,-0.04000,13.788,-0.080,-1,425.000,-1,425.000,-1,325.000,325.000,300.000,300.000,-1,-1,-1,-1,850.000,900.000,-1,-1,2,0,2,0,2,0,0,0,0,2,2,2,2,0,0,2,2
126,6819.671,2712.129,-94.868,105.261,-0.262267,-0.964313,-0.036275,0.964545,-0.263108,0.020656,-0.029463,-0.029572,0.999128,0,0.30980,-0.03556,18.588,-0.071,-1,425.000,-1,425.000,-1,325.000,325.000,300.000,300.000,-1,-1,-1,-1,850.000,900.000,-1,-1,2,0,2,0,2,0,0,0,0,2,2,2,2,0,0,2,2
127,6813.543,2734.700,-95.784,105.190,-0.261033,-0.964636,-0.036589,0.964851,-0.261910,0.021598,-0.030417,-0.029665,0.999097,0,0.38980,-0.03556,23.388,-0.071,-1,425.000,-1,425.000,-1,325.000,325.000,300.000,300.000,-1,-1,-1,-1,850.000,900.000,-1,-1,2,0,2,0,2,0,0,0,0,2,2,2,2,0,0,2,2
128,6806.190,2761.912,-96.890,105.119,-0.259789,-0.964958,-0.036959,0.965149,-0.260711,0.022734,-0.031573,-0.029765,0.999058,0,0.46980,-0.03556,28.188,-0.071,-1,425.000,-1,425.000,-1,325.000,325.000,300.000,300.000,-1,-1,-1,-1,850.000,875.000,-1,-1,2,0,2,0,2,0,0,0,0,2,2,2,2,0,0,2,2
129,6797.759,2793.805,-98.183,104.808,-0.254490,-0.966351,-0.037411,0.966519,-0.255466,0.024056,-0.032803,-0.030037,0.999010,0,0.54980,-0.15556,32.988,-0.311,-1,400.000,-1,425.000,-1,325.000,325.000,300.000,300.000,-1,-1,-1,-1,850.000,875.000,-1,-1,2,0,2,0,2,0,0,0,0,2,2,2,2,0,0,2,2
130,6788.453,2830.429,-99.659,104.257,-0.245119,-0.968751,-0.037926,0.968893,-0.246156,0.025567,-0.034104,-0.030479,0.998953,0,0.62980,-0.27556,37.788,-0.551,-1,400.000,-1,425.000,-1,325.000,325.000,300.000,300.000,-1,-1,-1,-1,825.000,875.000,-1,-1,2,0,2,0,2,0,0,0,0,2,2,2,2,0,0,2,2
131,6779.081,2869.314,-101.209,103.550,-0.233072,-0.971699,-0.038447,0.971815,-0.234174,0.027171,-0.035405,-0.031030,0.998891,0,0.66663,-0.35365,39.998,-0.707,-1,400.000,-1,400.000,-1,325.000,325.000,300.000,300.000,-1,-1,-1,-1,825.000,875.000,-1,-1,2,0,2,0,2,0,0,0,0,2,2,2,2,0,0,2,2
132,6770.191,2908.311,-102.747,102.842,-0.220988,-0.974499,-0.038928,0.974586,-0.222158,0.028782,-0.036696,-0.031578,0.998827,0,0.66663,-0.35365,39.998,-0.707,-1,400.000,-1,400.000,-1,325.000,325.000,300.000,300.000,-1,-1,-1,-1,825.000,850.000,-1,-1,2,0,2,0,2,0,0,0,0,2,2,2,2,0,0,2,2
133,6761.782,2947.415,-104.270,102.135,-0.208871,-0.977150,-0.039371,0.977206,-0.210107,0.030399,-0.037977,-0.032124,0.998762,0,0.66663,-0.35365,39.998,-0.707,-1,400.000,-1,400.000,-1,325.000,325.000,300.000,300.000,-1,-1,-1,-1,825.000,850.000,-1,-1,2,0,2,0,2,0,0,0,0,2,2,2,2,0,0,2,2
134,6753.857,2986.620,-105.780,101.428,-0.196721,-0.979652,-0.039776,0.979674,-0.198026,0.032022,-0.039247,-0.032668,0.998695,0,0.66663,-0.35365,39.998,-0.707,-1,400.000,-1,400.000,-1,325.000,325.000,300.000,300.000,-1,-1,-1,-1,800.000,850.000,-1,-1,2,0,2,0,2,0,0,0,0,2,2,2,2,0,0,2,2
135,6746.416,3025.920,-107.275,100.720,-0.184541,-0.982005,-0.040142,0.981990,-0.185914,0.033650,-0.040507,-0.033209,0.998627,0,0.66663,-0.35365,39.998,-0.707,-1,400.000,-1,400.000,-1,325.000,325.000,300.000,300.000,-1,-1,-1,-1,800.000,850.000,-1,-1,2,0,2,0,2,0,0,0,0,2,2,2,2,0,0,2,2
136,6739.461,3065.309,-108.755,100.013,-0.172333,-0.984207,-0.040470,0.984153,-0.173774,0.035282,-0.041757,-0.033748,0.998558,0,0.66663,-0.35365,39.998,-0.707,-1,400.000,-1,400.000,-1,325.000,325.000,300.000,300.000,-1,-1,-1,-1,800.000,825.000,-1,-1,2,0,2,0,2,0,0,0,0,2,2,2,2,0,0,2,2
137,6732.993,3104.780,-110.219,99.306,-0.160098,-0.986259,-0.040760,0.986164,-0.161609,0.036916,-0.042996,-0.034285,0.998487,0,0.66663,-0.35365,39.998,-0.707,-1,400.000,-1,400.000,-1,325.000,325.000,300.000,300.000,-1,-1,-1,-1,800.000,825.000,-1,-1,2,0,2,0,2,0,0,0,0,2,2,2,2,0,0,2,2
138,6727.013,3144.329,-111.668,98.598,-0.147839,-0.988161,-0.041012,0.988022,-0.149419,0.038554,-0.044225,-0.034821,0.998415,0,0.66663,-0.35365,39.998,-0.707,-1,400.000,-1,400.000,-1,325.000,325.000,300.000,300.000,-1,-1,-1,-1,800.000,825.000,-1,-1,2,0,2,0,2,0,0,0,0,2,2,2,2,0,0,2,2
