timestep,x_cm,y_cm,z_cm,yaw_deg,basis_xx,basis_xy,basis_xz,basis_yx,basis_yy,basis_yz,basis_zx,basis_zy,basis_zz,teleport_flag,throttle_cmd,steering_cmd,cmd_move_cm,cmd_turn_deg,lidar_cm_0,lidar_cm_1,lidar_cm_2,lidar_cm_3,lidar_cm_4,lidar_cm_5,lidar_cm_6,lidar_cm_7,lidar_cm_8,lidar_cm_9,lidar_cm_10,lidar_cm_11,lidar_cm_12,lidar_cm_13,lidar_cm_14,lidar_cm_15,lidar_cm_16,lidar_class_0,lidar_class_1,lidar_class_2,lidar_class_3,lidar_class_4,lidar_class_5,lidar_class_6,lidar_class_7,lidar_class_8,lidar_class_9,lidar_class_10,lidar_class_11,lidar_class_12,lidar_class_13,lidar_class_14,lidar_class_15,lidar_class_16
0,8859.463,-6889.313,522.093,-24.806,0.899096,0.419553,-0.124909,-0.415195,0.907727,0.060363,0.138709,-0.002410,0.990330,1,0.08000,-0.05942,4.800,-0.119,750.000,400.000,-1,400.000,-1,325.000,325.000,350.000,325.000,-1,-1,-1,-1,675.000,-1,800.000,-1,1,1,2,0,2,0,0,0,0,2,2,2,2,1,2,1,2
1,8868.169,-6893.358,523.467,-24.924,0.898303,0.421414,-0.124349,-0.417090,0.906866,0.060258,0.138161,-0.002265,0.990407,0,0.16000,-0.05875,9.600,-0.117,750.000,400.000,-1,400.000,-1,325.000,325.000,350.000,325.000,-1,-1,-1,-1,675.000,-1,800.000,-1,1,1,2,0,2,0,0,0,0,2,2,2,2,1,2,1,2
2,8881.216,-6899.453,525.528,-25.039,0.897561,0.423238,-0.123510,-0.418956,0.906016,0.060090,0.137334,-0.002189,0.990522,0,0.24000,-0.05763,14.400,-0.115,725.000,400.000,-1,400.000,-1,325.000,325.000,350.000,325.000,-1,-1,-1,-1,675.000,-1,775.000,-1,1,1,2,0,2,0,0,0,0,2,2,2,2,1,2,1,2
3,8898.595,-6907.613,528.285,-25.151,0.896875,0.425010,-0.122399,-0.420780,0.905186,0.059848,0.136229,-0.002173,0.990675,0,0.32000,-0.05605,19.200,-0.112,700.000,400.000,-1,400.000,-1,325.000,325.000,350.000,325.000,-1,-1,-1,-1,650.000,-1,750.000,-1,1,1,2,0,2,0,0,0,0,2,2,2,2,1,2,1,2
4,8920.300,-6917.854,531.750,-25.259,0.896253,0.426714,-0.121021,-0.422549,0.904384,0.059518,0.134847,-0.002206,0.990864,0,0.40000,-0.05398,24.000,-0.108,675.000,400.000,-1,375.000,-1,325.000,325.000,350.000,300.000,-1,-1,-1,-1,650.000,-1,725.000,-1,1,1,2,0,2,0,0,0,0,2,2,2,2,1,2,1,2
5,8946.323,-6930.190,535.938,-25.362,0.895698,0.428336,-0.119386,-0.424247,0.903617,0.059085,0.133187,-0.002273,0.991088,0,0.48000,-0.05138,28.800,-0.103,650.000,375.000,-1,375.000,-1,325.000,325.000,350.000,300.000,-1,-1,-1,-1,650.000,-1,725.000,-1,1,1,2,0,2,1,0,0,0,2,2,2,2,1,2,1,2
6,8976.660,-6944.633,540.866,-25.458,0.895220,0.429855,-0.117500,-0.425858,0.902895,0.058529,0.131250,-0.002358,0.991347,0,0.56000,-0.04820,33.600,-0.096,600.000,375.000,-1,375.000,-1,325.000,325.000,375.000,300.000,-1,-1,-1,-1,650.000,-1,700.000,-1,1,1,2,0,2,1,0,0,0,2,2,2,2,1,2,1,2
7,9011.305,-6961.193,546.555,-25.547,0.894824,0.431253,-0.115373,-0.427364,0.902228,0.057832,0.129033,-0.002443,0.991637,0,0.64000,-0.04436,38.400,-0.089,575.000,375.000,-1,375.000,-1,325.000,325.000,375.000,300.000,-1,-1,-1,-1,650.000,-1,675.000,-1,1,1,2,1,2,1,1,0,0,2,2,2,2,1,2,1,2
8,9050.255,-6979.877,552.633,-25.627,0.894467,0.432503,-0.113448,-0.428487,0.901623,0.058945,0.127781,-0.004113,0.991794,0,0.72000,-0.03978,43.200,-0.080,525.000,375.000,-1,400.000,-1,325.000,325.000,375.000,300.000,-1,-1,-1,-1,650.000,-1,650.000,-1,1,1,2,1,2,1,1,0,0,2,2,2,2,1,2,1,2
9,9093.508,-7000.690,559.064,-25.695,0.894233,0.433575,-0.111174,-0.429206,0.901085,0.061865,0.127001,-0.007606,0.991873,0,0.80000,-0.03437,48.000,-0.069,475.000,375.000,-1,425.000,-1,325.000,325.000,375.000,300.000,-1,-1,-1,-1,675.000,-1,600.000,-1,1,1,2,1,2,1,1,0,0,2,2,2,2,1,2,1,2
10,9141.065,-7023.630,567.515,-25.751,0.893366,0.434459,-0.114641,-0.430042,0.900670,0.062103,0.130234,-0.006180,0.991464,0,0.88000,-0.02797,52.800,-0.056,450.000,375.000,-1,475.000,-1,325.000,350.000,375.000,300.000,-1,-1,-1,-1,725.000,-1,-1,-1,1,1,2,0,2,1,1,0,0,2,2,2,2,1,2,2,2
11,9192.928,-7048.693,576.855,-25.792,0.892553,0.435104,-0.118465,-0.430645,0.900368,0.062308,0.133773,-0.004597,0.991001,0,0.96000,-0.02041,57.600,-0.041,425.000,400.000,-1,550.000,-1,350.000,375.000,400.000,300.000,-1,-1,-1,-1,-1,-1,-1,-1,1,1,2,0,2,1,1,1,0,2,2,2,2,2,2,2,2
12,9245.757,-7074.248,586.172,-25.815,0.892054,0.435466,-0.120868,-0.430876,0.900195,0.063211,0.136331,-0.004308,0.990654,0,0.97807,-0.01149,58.684,-0.023,425.000,425.000,-1,600.000,-1,375.000,425.000,375.000,325.000,-1,-1,-1,-1,-1,-1,-1,-1,1,1,2,0,2,1,1,1,0,2,2,2,2,2,2,2,2
13,9298.666,-7099.846,594.372,-25.818,0.891369,0.435519,-0.125639,-0.430957,0.900178,0.062899,0.140491,-0.001922,0.990080,0,0.97959,-0.00157,58.775,-0.003,450.000,450.000,-1,675.000,-1,425.000,500.000,350.000,325.000,-1,-1,-1,-1,-1,-1,-1,-1,1,1,2,0,2,1,1,1,0,2,2,2,2,2,2,2,2
14,9351.614,-7125.440,601.305,-25.800,0.891145,0.435226,-0.128217,-0.431286,0.900316,0.058514,0.140902,0.003153,0.990019,0,0.98014,0.00928,58.809,0.019,475.000,475.000,-1,700.000,-1,450.000,550.000,325.000,325.000,-1,275.000,175.000,-1,-1,-1,-1,-1,1,1,2,0,2,1,0,1,0,2,0,0,2,2,2,2,2
15,9404.549,-7150.977,606.770,-25.757,0.891512,0.434533,-0.128014,-0.431927,0.900580,0.048927,0.136548,0.011673,0.990565,0,0.97957,0.02117,58.774,0.042,-1,550.000,-1,700.000,-1,475.000,575.000,300.000,300.000,-1,-1,200.000,-1,-1,-1,-1,-1,2,1,2,0,2,1,0,1,0,2,2,0,2,2,2,2,2
16,9457.412,-7176.401,611.680,-25.689,0.892359,0.433399,-0.125938,-0.432175,0.900975,0.038318,0.130074,0.020234,0.991298,0,0.97769,0.03418,58.661,0.068,-1,750.000,-1,675.000,-1,550.000,575.000,275.000,275.000,-1,-1,275.000,-1,-1,-1,-1,-1,2,1,2,0,2,1,0,1,0,2,2,0,2,2,2,2,2
17,9506.074,-7199.483,615.838,-25.381,0.895201,0.428465,-0.122611,-0.428482,0.903129,0.027579,0.122550,0.027848,0.992072,0,0.89769,0.15418,53.861,0.308,-1,875.000,-1,675.000,-1,650.000,575.000,250.000,250.000,-1,-1,-1,-1,-1,-1,-1,-1,2,1,2,0,2,1,0,1,0,2,2,2,2,2,2,2,2
18,9551.747,-7220.613,619.660,-24.832,0.899880,0.419720,-0.118535,-0.420746,0.907010,0.017454,0.114838,0.034167,0.992796,0,0.83877,0.27418,50.326,0.548,-1,950.000,-1,675.000,-1,700.000,600.000,250.000,250.000,-1,-1,-1,-1,-1,-1,-1,-1,2,1,2,0,2,0,0,1,0,2,2,2,2,2,2,2,2
19,9597.459,-7241.004,623.449,-24.044,0.906283,0.407115,-0.113619,-0.408993,0.912508,0.007326,0.106660,0.039830,0.993497,0,0.83428,0.39418,50.057,0.788,-1,-1,-1,675.000,-1,700.000,600.000,225.000,225.000,-1,-1,-1,-1,-1,-1,-1,-1,2,2,2,0,2,0,0,1,0,2,2,2,2,2,2,2,2
20,9643.226,-7260.498,627.225,-23.075,0.913811,0.391539,-0.107921,-0.394105,0.919062,-0.002680,0.098136,0.044981,0.994156,0,0.82913,0.48452,49.748,0.969,-1,-1,-1,700.000,-1,725.000,625.000,225.000,200.000,-1,-1,-1,-1,-1,-1,-1,-1,2,2,2,0,2,0,0,1,0,2,2,2,2,2,2,2,2
21,9688.993,-7279.060,630.758,-22.080,0.921237,0.375449,-0.101791,-0.378443,0.925557,-0.011161,0.090023,0.048804,0.994743,0,0.82317,0.49761,49.390,0.995,-1,-1,-1,700.000,-1,725.000,625.000,200.000,225.000,-1,-1,-1,-1,-1,-1,-1,-1,2,2,2,0,2,0,0,1,0,2,2,2,2,2,2,2,2
22,9734.675,-7296.643,635.014,-21.057,0.928706,0.358744,-0.093853,-0.362251,0.931800,-0.022879,0.079244,0.055246,0.995323,0,0.81587,0.51149,48.952,1.023,-1,-1,-1,700.000,-1,725.000,625.000,200.000,225.000,-1,-1,-1,-1,-1,-1,-1,-1,2,2,2,0,2,0,0,1,0,2,2,2,2,2,2,2,2
23,3607.962,6887.247,662.210,-60.423,0.555230,0.830577,0.043138,-0.742184,0.471398,0.476389,0.375343,-0.296521,0.878176,1,0.00000,0.00000,48.433,1.052,-1,-1,-1,400.000,125.000,-1,-1,225.000,350.000,50.000,0.000,175.000,-1,-1,-1,-1,125.000,2,2,2,1,1,2,2,0,1,0,0,0,2,2,2,2,1
24,-8194.643,-3609.273,389.313,-20.051,0.939290,0.342834,0.014134,-0.342621,0.939346,-0.015483,-0.018585,0.009701,0.999780,1,0.08000,0.12000,4.800,0.240,800.000,375.000,-1,400.000,-1,325.000,325.000,300.000,300.000,-1,475.000,375.000,-1,650.000,800.000,-1,-1,0,0,2,0,2,0,0,0,0,2,0,0,2,0,0,2,2
25,-8185.598,-3612.488,389.097,-19.571,0.942139,0.334951,0.013495,-0.334741,0.942180,-0.015632,-0.017950,0.010210,0.999787,0,0.16000,0.24000,9.600,0.480,800.000,375.000,-1,400.000,-1,325.000,325.000,300.000,300.000,-1,475.000,375.000,-1,650.000,800.000,-1,-1,0,0,2,0,2,0,0,0,0,2,0,0,2,0,0,2,2
26,-8171.970,-3617.141,388.776,-18.851,0.946288,0.323082,0.012541,-0.322878,0.946307,-0.015870,-0.016995,0.010969,0.999795,0,0.24000,0.36000,14.400,0.720,800.000,375.000,-1,400.000,-1,325.000,325.000,300.000,300.000,-1,450.000,350.000,-1,650.000,800.000,-1,-1,0,0,2,0,2,0,0,0,0,2,0,0,2,0,0,2,2
27,-8153.698,-3623.039,388.352,-17.891,0.951585,0.307178,0.011281,-0.306983,0.951577,-0.016218,-0.015716,0.011970,0.999805,0,0.32000,0.48000,19.200,0.960,800.000,375.000,-1,400.000,-1,325.000,325.000,300.000,300.000,-1,450.000,325.000,-1,650.000,800.000,1000.000,-1,0,0,2,0,2,0,0,0,0,2,0,0,2,0,0,0,2
28,-8130.710,-3629.932,387.832,-16.691,0.957828,0.287178,0.009721,-0.286996,0.957786,-0.016698,-0.014106,0.013204,0.999813,0,0.40000,0.60000,24.000,1.200,800.000,375.000,-1,400.000,-1,325.000,325.000,300.000,300.000,-1,400.000,300.000,-1,650.000,800.000,1000.000,-1,0,0,2,0,2,0,0,0,0,2,0,0,2,0,0,0,2
29,-8102.924,-3637.507,387.221,-15.251,0.964760,0.263013,0.007869,-0.262850,0.964681,-0.017337,-0.012151,0.014658,0.999819,0,0.48000,0.72000,28.800,1.440,800.000,375.000,-1,400.000,-1,325.000,325.000,300.000,300.000,-1,375.000,275.000,-1,625.000,825.000,975.000,-1,0,0,2,0,2,0,0,0,0,2,0,0,2,0,0,0,2
30,-8070.297,-3645.535,386.510,-13.824,0.971026,0.238906,0.005760,-0.238770,0.970908,-0.018062,-0.009907,0.016163,0.999820,0,0.56000,0.71338,33.600,1.427,775.000,375.000,-1,400.000,-1,325.000,325.000,300.000,300.000,-1,350.000,275.000,-1,625.000,825.000,975.000,-1,0,0,2,0,2,0,0,0,0,2,0,0,2,0,0,0,2
31,-8032.795,-3653.789,385.704,-12.413,0.976624,0.214929,0.003392,-0.214830,0.976469,-0.018879,-0.007370,0.017709,0.999816,0,0.64000,0.70524,38.400,1.410,775.000,375.000,-1,400.000,-1,325.000,325.000,300.000,300.000,-1,325.000,250.000,-1,625.000,825.000,950.000,-1,0,0,2,0,2,0,0,0,0,2,0,0,2,0,0,0,2
32,-7990.391,-3662.047,384.808,-11.021,0.981563,0.191137,0.000766,-0.191084,0.981374,-0.019797,-0.004536,0.019286,0.999804,0,0.72000,0.69608,43.200,1.392,775.000,375.000,-1,400.000,-1,300.000,325.000,275.000,300.000,-1,300.000,250.000,-1,625.000,825.000,950.000,-1,0,0,2,0,2,0,0,0,0,2,0,0,2,0,0,0,2
33,-7943.071,-3670.096,383.827,-9.654,0.985843,0.167659,-0.002124,-0.167667,0.985624,-0.020824,-0.001398,0.020885,0.999781,0,0.80000,0.68366,48.000,1.367,775.000,375.000,-1,400.000,-1,300.000,325.000,275.000,300.000,-1,300.000,225.000,-1,625.000,825.000,925.000,-1,0,0,2,0,2,0,0,0,0,2,0,0,2,0,0,0,2
34,-7895.053,-3677.094,383.336,-8.293,0.989542,0.144184,-0.004218,-0.144244,0.989251,-0.023985,0.000715,0.024343,0.999703,0,0.80875,0.68069,48.525,1.361,775.000,350.000,-1,400.000,-1,300.000,325.000,275.000,300.000,-1,300.000,250.000,-1,625.000,825.000,925.000,-1,0,0,2,0,2,0,0,0,0,2,0,0,2,0,0,0,2
35,-7846.600,-3682.987,383.388,-6.937,0.992664,0.120734,-0.006445,-0.120871,0.992246,-0.028958,0.002899,0.029525,0.999560,0,0.81352,0.67751,48.811,1.355,800.000,350.000,-1,400.000,-1,300.000,325.000,300.000,300.000,-1,325.000,275.000,-1,625.000,800.000,950.000,-1,0,0,2,0,2,0,0,0,0,2,0,0,2,0,0,0,2
36,-7793.419,-3688.290,384.211,-5.696,0.995033,0.099195,-0.008330,-0.099411,0.994539,-0.031770,0.005133,0.032440,0.999461,0,0.89073,0.62084,53.444,1.242,825.000,350.000,-1,400.000,-1,300.000,325.000,300.000,300.000,-1,375.000,300.000,-1,625.000,800.000,950.000,-1,0,0,2,0,2,0,0,0,0,2,0,0,2,0,0,0,2
37,-7739.862,-3692.469,385.117,-4.463,0.996917,0.077759,-0.010493,-0.078077,0.996352,-0.034437,0.007777,0.035150,0.999352,0,0.89534,0.61665,53.720,1.233,850.000,350.000,-1,400.000,-1,300.000,325.000,300.000,300.000,-1,400.000,350.000,-1,625.000,800.000,975.000,-1,0,0,2,0,2,0,0,0,0,2,0,0,2,0,0,0,2
38,-7685.974,-3695.516,386.044,-3.238,0.998324,0.056450,-0.012746,-0.056889,0.997685,-0.037247,0.010614,0.037909,0.999225,0,0.89957,0.61207,53.974,1.224,875.000,350.000,-1,400.000,-1,300.000,325.000,300.000,300.000,-1,425.000,375.000,-1,625.000,800.000,1000.000,-1,0,0,2,0,2,0,0,0,0,2,0,0,2,0,0,0,2
39,-7631.805,-3697.429,387.001,-2.024,0.999263,0.035292,-0.015083,-0.035874,0.998548,-0.040191,0.013643,0.040703,0.999078,0,0.90339,0.60709,54.203,1.214,900.000,350.000,-1,400.000,-1,300.000,325.000,300.000,300.000,-1,475.000,400.000,-1,625.000,800.000,-1,-1,0,0,2,0,2,0,0,0,0,2,0,0,2,0,0,2,2
40,-7577.405,-3698.206,387.999,-0.821,0.999744,0.014311,-0.017499,-0.015057,0.998950,-0.043262,0.016861,0.043514,0.998911,0,0.90676,0.60171,54.406,1.203,950.000,350.000,-1,400.000,-1,300.000,325.000,300.000,300.000,-1,475.000,400.000,-1,625.000,800.000,-1,-1,0,0,2,0,2,0,0,0,0,2,0,0,2,0,0,2,2
41,-7522.827,-3697.851,389.047,0.371,0.999779,-0.006471,-0.019986,0.005536,0.998905,-0.046450,0.020265,0.046329,0.998721,0,0.90965,0.59596,54.579,1.192,-1,350.000,-1,400.000,-1,300.000,325.000,300.000,300.000,-1,500.000,425.000,-1,625.000,800.000,-1,-1,2,0,2,0,2,0,0,0,0,2,0,0,2,0,0,2,2
42,-7468.127,-3696.367,390.156,1.551,0.999380,-0.027031,-0.022541,0.025883,0.998427,-0.049744,0.023850,0.049130,0.998508,0,0.91201,0.58983,54.721,1.180,-1,350.000,-1,400.000,-1,300.000,325.000,300.000,300.000,-1,525.000,425.000,-1,625.000,775.000,-1,-1,2,0,2,0,2,0,0,0,0,2,0,0,2,0,0,2,2
43,-7413.360,-3693.766,391.334,2.717,0.998562,-0.047348,-0.025156,0.045960,0.997529,-0.053136,0.027610,0.051904,0.998270,0,0.91381,0.58335,54.829,1.167,-1,350.000,-1,400.000,-1,300.000,325.000,300.000,300.000,-1,525.000,375.000,-1,625.000,775.000,-1,-1,2,0,2,0,2,0,0,0,0,2,0,0,2,0,0,2,2
44,-7358.585,-3690.057,392.591,3.871,0.997338,-0.067402,-0.027828,0.065748,0.996229,-0.056615,0.031539,0.054635,0.998008,0,0.91502,0.57654,54.901,1.153,-1,350.000,-1,400.000,-1,300.000,325.000,300.000,300.000,-1,550.000,325.000,-1,625.000,775.000,-1,-1,2,0,2,0,2,0,0,0,0,2,0,0,2,0,0,2,2
45,-7303.858,-3685.257,393.935,5.009,0.995724,-0.087176,-0.030550,0.085227,0.994543,-0.060170,0.035629,0.057309,0.997721,0,0.91560,0.56943,54.936,1.139,-1,350.000,-1,400.000,-1,300.000,325.000,300.000,300.000,-1,475.000,300.000,-1,650.000,775.000,-1,-1,2,0,2,0,2,0,0,0,0,2,0,0,2,0,0,2,2
46,-7249.240,-3679.385,395.390,6.134,0.993739,-0.106655,-0.033283,0.104386,0.992492,-0.063736,0.039831,0.059862,0.997412,0,0.91555,0.56206,54.933,1.124,-1,350.000,-1,400.000,-1,300.000,300.000,300.000,300.000,-1,425.000,275.000,-1,650.000,775.000,-1,-1,2,0,2,0,2,0,0,0,0,2,0,0,2,0,0,2,2
47,-7194.787,-3672.464,397.566,7.242,0.991406,-0.125841,-0.035753,0.123347,0.990231,-0.065031,0.043587,0.060062,0.997243,0,0.91486,0.55446,54.891,1.109,-1,375.000,-1,400.000,-1,300.000,300.000,300.000,325.000,-1,425.000,275.000,-1,650.000,775.000,-1,-1,2,0,2,0,2,0,0,0,0,2,0,0,2,0,0,2,2
48,-7140.556,-3664.516,400.272,8.336,0.988773,-0.144701,-0.037284,0.141978,0.987564,-0.067527,0.046592,0.061475,0.997021,0,0.91351,0.54669,54.810,1.093,-1,375.000,-1,400.000,-1,300.000,300.000,300.000,325.000,-1,425.000,300.000,-1,650.000,775.000,-1,-1,2,0,2,0,2,0,0,0,0,2,0,0,2,0,0,2,2
49,-7086.602,-3655.569,403.114,9.413,0.985824,-0.163234,-0.038801,0.160267,0.984579,-0.070135,0.049651,0.062922,0.996783,0,0.91152,0.53880,54.691,1.078,-1,375.000,-1,400.000,-1,300.000,300.000,300.000,325.000,-1,450.000,325.000,-1,675.000,775.000,-1,-1,2,0,2,0,2,0,0,0,0,2,0,0,2,0,0,2,2
50,-7032.976,-3645.653,406.055,10.475,0.982576,-0.181435,-0.040334,0.178217,0.981304,-0.072671,0.052765,0.064216,0.996540,0,0.90891,0.53086,54.535,1.062,-1,375.000,-1,400.000,-1,300.000,300.000,300.000,325.000,-1,450.000,350.000,-1,675.000,775.000,-1,-1,2,0,2,0,2,0,0,0,0,2,0,0,2,0,0,2,2
51,-6979.728,-3634.797,409.098,11.521,0.979043,-0.199301,-0.041883,0.195826,0.977757,-0.075117,0.055922,0.065341,0.996295,0,0.90573,0.52294,54.344,1.046,-1,375.000,-1,375.000,-1,300.000,300.000,300.000,325.000,-1,475.000,375.000,-1,700.000,775.000,-1,-1,2,0,2,0,2,0,0,0,0,2,0,0,2,0,0,2,2
52,-6926.903,-3623.031,412.246,12.556,0.975225,-0.216908,-0.043449,0.213172,0.973940,-0.077454,0.059117,0.066273,0.996049,0,0.90200,0.51724,54.120,1.034,-1,375.000,-1,375.000,-1,300.000,300.000,300.000,325.000,-1,475.000,400.000,-1,700.000,775.000,-1,-1,2,0,2,0,2,0,0,0,0,2,0,0,2,0,0,2,2
53,-6874.542,-3610.377,415.501,13.585,0.971106,-0.234360,-0.045034,0.230360,0.969839,-0.079668,0.062347,0.066992,0.995804,0,0.89780,0.51473,53.868,1.029,-1,375.000,-1,375.000,-1,300.000,300.000,300.000,325.000,-1,500.000,400.000,-1,725.000,775.000,-1,-1,2,0,2,0,2,0,0,0,0,2,0,0,2,0,0,2,2
54,-6822.685,-3596.858,418.868,14.610,0.966689,-0.251670,-0.046644,0.247405,0.965458,-0.081742,0.065605,0.067479,0.995561,0,0.89318,0.51268,53.591,1.025,-1,375.000,-1,375.000,-1,300.000,300.000,300.000,325.000,-1,500.000,400.000,-1,750.000,775.000,-1,-1,2,0,2,0,2,0,0,0,0,2,0,0,2,0,0,2,2
55,-6771.363,-3582.496,422.347,15.633,0.961972,-0.268849,-0.048282,0.264322,0.960799,-0.083665,0.068882,0.067721,0.995324,0,0.88822,0.51110,53.293,1.022,-1,375.000,-1,375.000,-1,300.000,325.000,300.000,325.000,-1,525.000,400.000,-1,750.000,775.000,-1,-1,2,0,2,0,2,0,0,0,0,2,0,0,2,0,0,2,2
56,-6720.605,-3567.313,425.943,16.653,0.956954,-0.285910,-0.049954,0.281124,0.955862,-0.085424,0.072173,0.067704,0.995092,0,0.88300,0.50999,52.980,1.020,-1,375.000,-1,400.000,-1,325.000,325.000,300.000,325.000,-1,525.000,375.000,-1,775.000,775.000,-1,-1,2,0,2,0,2,0,0,0,0,2,0,0,2,0,0,2,2
57,-6670.433,-3551.328,429.656,17.671,0.951632,-0.302865,-0.051667,0.297827,0.950646,-0.087011,0.075469,0.067415,0.994867,0,0.87763,0.50935,52.658,1.019,-1,400.000,-1,400.000,-1,325.000,325.000,300.000,325.000,-1,500.000,375.000,-1,800.000,775.000,-1,-1,2,0,2,0,2,0,0,0,0,2,0,0,2,0,0,2,2
58,-6620.861,-3534.560,433.679,18.690,0.946015,-0.319739,-0.053133,0.314542,0.945193,-0.087595,0.078228,0.066154,0.994738,0,0.87219,0.50918,52.331,1.018,-1,400.000,-1,400.000,-1,325.000,325.000,300.000,325.000,-1,500.000,375.000,-1,850.000,825.000,-1,-1,2,0,2,0,2,0,0,0,0,2,0,0,2,0,0,2,2
59,-6571.901,-3517.022,437.713,19.709,0.940130,-0.336522,-0.053936,0.331214,0.939429,-0.088155,0.080335,0.065013,0.994645,0,0.86677,0.50946,52.006,1.019,-1,400.000,-1,400.000,-1,325.000,325.000,300.000,325.000,-1,500.000,400.000,-1,875.000,850.000,-1,-1,2,0,2,0,2,0,0,0,0,2,0,0,2,0,0,2,2
60,-6523.135,-3498.802,441.840,20.487,0.935421,-0.349283,-0.054666,0.343881,0.934823,-0.088608,0.082052,0.064087,0.994565,0,0.86764,0.38946,52.059,0.779,-1,400.000,-1,400.000,-1,325.000,325.000,300.000,350.000,-1,525.000,425.000,-1,925.000,875.000,-1,-1,2,0,2,0,2,0,0,0,0,2,0,0,2,0,0,2,2
61,-6474.807,-3480.225,445.862,21.026,0.932105,-0.358060,-0.054526,0.352596,0.931496,-0.089399,0.082801,0.064103,0.994502,0,0.86294,0.26946,51.776,0.539,-1,400.000,-1,400.000,-1,325.000,325.000,300.000,325.000,-1,550.000,475.000,-1,975.000,900.000,-1,-1,2,0,2,0,2,0,0,0,0,2,0,0,2,0,0,2,2
62,-6426.803,-3461.484,449.832,21.325,0.930270,-0.362903,-0.053837,0.357421,0.929586,-0.090114,0.082749,0.064588,0.994475,0,0.85888,0.14946,51.533,0.299,-1,400.000,-1,400.000,-1,325.000,325.000,300.000,325.000,-1,600.000,525.000,-1,1000.000,925.000,-1,-1,2,0,2,0,2,0,0,0,0,2,0,0,2,0,0,2,2
63,-6379.008,-3442.768,453.680,21.384,0.929952,-0.363857,-0.052893,0.358450,0.929207,-0.089934,0.081872,0.064675,0.994542,0,0.85548,0.02946,51.329,0.059,-1,400.000,-1,400.000,-1,325.000,325.000,325.000,325.000,-1,675.000,575.000,-1,-1,925.000,-1,-1,2,0,2,0,2,0,0,0,0,2,0,0,2,2,0,2,2
64,-6331.338,-3424.187,457.538,21.295,0.930571,-0.362412,-0.051907,0.357099,0.929760,-0.089588,0.080729,0.064832,0.994625,0,0.85274,-0.04443,51.164,-0.089,-1,400.000,-1,400.000,-1,325.000,325.000,325.000,325.000,-1,750.000,650.000,-1,-1,925.000,-1,-1,2,0,2,0,2,0,0,0,0,2,0,0,2,2,0,2,2
65,-6283.766,-3405.725,461.406,21.211,0.931160,-0.361045,-0.050873,0.355839,0.930289,-0.089116,0.079502,0.064878,0.994721,0,0.85049,-0.04207,51.029,-0.084,-1,400.000,-1,400.000,-1,325.000,325.000,325.000,325.000,-1,825.000,725.000,-1,-1,950.000,-1,-1,2,0,2,0,2,0,0,0,0,2,0,0,2,2,0,2,2
66,-6236.280,-3387.371,465.286,21.132,0.931714,-0.359764,-0.049791,0.354677,0.930789,-0.088520,0.078191,0.064815,0.994829,0,0.84850,-0.03948,50.910,-0.079,-1,400.000,-1,400.000,-1,325.000,325.000,325.000,325.000,-1,925.000,825.000,-1,-1,950.000,-1,-1,2,0,2,0,2,0,0,0,0,2,0,0,2,2,0,2,2
67,-6188.866,-3369.115,469.178,21.059,0.932231,-0.358577,-0.048659,0.353620,0.931259,-0.087800,0.076798,0.064643,0.994949,0,0.84678,-0.03666,50.807,-0.073,-1,400.000,-1,400.000,-1,325.000,325.000,325.000,325.000,-1,-1,900.000,-1,-1,950.000,-1,-1,2,0,2,0,2,0,0,0,0,2,2,0,2,2,0,2,2
68,-6141.512,-3350.946,473.084,20.992,0.932709,-0.357490,-0.047479,0.352675,0.931696,-0.086959,0.075323,0.064363,0.995080,0,0.84534,-0.03362,50.720,-0.067,-1,400.000,-1,425.000,-1,325.000,325.000,325.000,325.000,-1,-1,-1,-1,-1,-1,-1,-1,2,0,2,0,2,0,0,0,0,2,2,2,2,2,2,2,2
69,-6094.203,-3332.852,477.006,20.931,0.933145,-0.356512,-0.046249,0.351849,0.932098,-0.085996,0.073767,0.063974,0.995221,0,0.84419,-0.03036,50.651,-0.061,-1,425.000,-1,425.000,-1,325.000,325.000,325.000,325.000,-1,-1,-1,-1,-1,-1,-1,-1,2,0,2,0,2,0,0,0,0,2,2,2,2,2,2,2,2
70,-6046.926,-3314.821,480.869,20.877,0.933541,-0.355655,-0.044852,0.351189,0.932480,-0.084541,0.071891,0.063171,0.995410,0,0.84333,-0.02689,50.600,-0.054,-1,425.000,-1,425.000,-1,325.000,325.000,325.000,325.000,-1,-1,-1,-1,-1,-1,-1,-1,2,0,2,0,2,0,0,0,0,2,2,2,2,2,2,2,2
71,-5999.665,-3296.841,484.484,20.831,0.933894,-0.354931,-0.043186,0.350731,0.932855,-0.082280,0.069490,0.061694,0.995673,0,0.84276,-0.02323,50.565,-0.046,-1,425.000,-1,425.000,-1,325.000,350.000,325.000,325.000,-1,-1,-1,-1,-1,-1,-1,-1,2,0,2,0,2,0,0,0,0,2,2,2,2,2,2,2,2
72,-5956.946,-3280.423,487.557,21.024,0.932766,-0.358103,-0.041342,0.354120,0.931710,-0.080723,0.067426,0.060656,0.995879,0,0.76276,0.09677,45.765,0.194,-1,425.000,-1,425.000,-1,325.000,350.000,325.000,325.000,-1,-1,-1,-1,-1,-1,-1,-1,2,0,2,0,2,0,0,0,0,2,2,2,2,2,2,2,2
73,-5918.379,-3265.264,490.009,21.458,0.930161,-0.365146,-0.038329,0.361390,0.928982,-0.079931,0.064793,0.060497,0.996063,0,0.69068,0.21677,41.441,0.434,-1,425.000,-1,425.000,-1,325.000,325.000,325.000,325.000,-1,-1,-1,-1,-1,-1,-1,-1,2,0,2,0,2,0,0,0,0,2,2,2,2,2,2,2,2
74,-5880.003,-3249.658,492.340,22.131,0.925923,-0.376044,-0.035472,0.372475,0.924632,-0.079487,0.062689,0.060386,0.996205,0,0.69047,0.33677,41.428,0.674,-1,425.000,-1,425.000,-1,325.000,325.000,325.000,325.000,-1,-1,-1,-1,-1,-1,-1,-1,2,0,2,0,2,0,0,0,0,2,2,2,2,2,2,2,2
75,-5841.890,-3233.445,494.648,23.045,0.919918,-0.390748,-0.032659,0.387360,0.918542,-0.078952,0.060849,0.059979,0.996343,0,0.69032,0.45677,41.419,0.914,-1,425.000,-1,425.000,-1,325.000,325.000,350.000,325.000,-1,-1,-1,-1,-1,-1,-1,-1,2,0,2,0,2,0,0,0,0,2,2,2,2,2,2,2,2
76,-5804.113,-3216.470,496.879,24.198,0.911946,-0.409191,-0.030304,0.405978,0.910556,-0.077913,0.059474,0.058749,0.996500,0,0.69029,0.57677,41.417,1.154,-1,450.000,-1,425.000,-1,325.000,325.000,350.000,300.000,-1,-1,-1,-1,-1,-1,-1,-1,2,0,2,0,2,0,0,0,0,2,2,2,2,2,2,2,2
77,-5766.751,-3198.577,499.101,25.592,0.901787,-0.431260,-0.028190,0.428221,0.900432,-0.076484,0.058368,0.056900,0.996672,0,0.69044,0.69677,41.426,1.394,-1,450.000,-1,400.000,-1,325.000,325.000,350.000,300.000,-1,-1,-1,-1,-1,-1,-1,-1,2,0,2,0,2,0,0,0,0,2,2,2,2,2,2,2,2
78,-5729.863,-3179.675,501.276,27.134,0.889903,-0.455404,-0.026071,0.452574,0.888626,-0.074304,0.057006,0.054325,0.996895,0,0.69083,0.77114,41.450,1.542,-1,450.000,-1,400.000,-1,325.000,325.000,350.000,300.000,-1,-1,-1,-1,-1,-1,-1,-1,2,0,2,0,2,0,0,0,0,2,2,2,2,2,2,2,2
79,-5693.461,-3159.761,503.398,28.686,0.877282,-0.479375,-0.023992,0.476788,0.876118,-0.071354,0.055226,0.051158,0.997162,0,0.69157,0.77568,41.494,1.551,-1,425.000,-1,400.000,-1,325.000,325.000,325.000,300.000,-1,-1,-1,-1,-1,-1,-1,-1,2,0,2,0,2,0,0,0,0,2,2,2,2,2,2,2,2
80,-5657.554,-3138.826,505.589,30.247,0.863920,-0.503144,-0.022106,0.500788,0.862874,-0.068255,0.053417,0.047897,0.997423,0,0.69276,0.78044,41.566,1.561,-1,425.000,-1,400.000,-1,325.000,325.000,325.000,300.000,-1,-1,-1,-1,-1,-1,-1,-1,2,0,2,0,2,0,0,0,0,2,2,2,2,2,2,2,2
81,-5622.150,-3116.863,507.848,31.817,0.849812,-0.526690,-0.020421,0.524556,0.848890,-0.065016,0.051578,0.044540,0.997675,0,0.69440,0.78541,41.664,1.571,-1,425.000,-1,400.000,-1,325.000,325.000,325.000,325.000,-1,-1,-1,-1,-1,-1,-1,-1,2,0,2,0,2,0,0,0,0,2,2,2,2,2,2,2,2
82,-5587.262,-3093.863,510.177,33.399,0.834954,-0.549994,-0.018948,0.548071,0.834157,-0.061647,0.049711,0.041088,0.997918,0,0.69646,0.79058,41.788,1.581,-1,425.000,-1,400.000,-1,325.000,325.000,325.000,325.000,-1,-1,-1,-1,-1,-1,-1,-1,2,0,2,0,2,0,0,0,0,2,2,2,2,2,2,2,2
83,-5552.905,-3069.817,512.576,34.990,0.819340,-0.573035,-0.017697,0.571310,0.818671,-0.058158,0.047814,0.037541,0.998151,0,0.69894,0.79593,41.936,1.592,-1,425.000,-1,400.000,-1,350.000,325.000,325.000,325.000,-1,-1,-1,-1,-1,-1,-1,-1,2,0,2,0,2,0,0,0,0,2,2,2,2,2,2,2,2
84,-5519.096,-3044.717,515.043,36.593,0.802968,-0.595788,-0.016677,0.594253,0.802426,-0.054559,0.045888,0.033899,0.998371,0,0.70181,0.80147,42.109,1.603,-1,425.000,-1,425.000,-1,350.000,325.000,325.000,325.000,-1,-1,-1,-1,-1,-1,-1,-1,2,0,2,0,2,0,0,0,0,2,2,2,2,2,2,2,2
85,-5485.854,-3018.553,517.581,38.208,0.785835,-0.618232,-0.015898,0.616874,0.785417,-0.050863,0.043932,0.030163,0.998579,0,0.70506,0.80718,42.304,1.614,-1,425.000,-1,425.000,-1,350.000,325.000,325.000,325.000,-1,-1,-1,-1,-1,-1,-1,-1,2,0,2,0,2,0,0,0,0,2,2,2,2,2,2,2,2
86,-5453.202,-2991.318,519.827,39.834,0.767957,-0.640317,-0.015332,0.639056,0.767612,-0.048772,0.042999,0.027657,0.998692,0,0.70866,0.81306,42.520,1.626,-1,425.000,-1,450.000,-1,350.000,325.000,325.000,325.000,-1,-1,-1,-1,-1,-1,-1,-1,2,0,2,0,2,0,0,0,0,2,2,2,2,2,2,2,2
87,-5421.166,-2963.003,521.702,41.472,0.749370,-0.662018,-0.013317,0.660860,0.749013,-0.047370,0.041335,0.026697,0.998789,0,0.71260,0.81910,42.756,1.638,-1,425.000,-1,450.000,-1,350.000,325.000,325.000,325.000,-1,-1,-1,-1,-1,-1,-1,-1,2,0,2,0,2,0,0,0,0,2,2,2,2,2,2,2,2
88,-5389.772,-2933.602,523.315,43.123,0.730058,-0.683314,-0.009828,0.682294,0.729629,-0.046003,0.038605,0.026879,0.998893,0,0.71685,0.82529,43.011,1.651,-1,425.000,-1,450.000,-1,325.000,325.000,325.000,325.000,-1,-1,-1,-1,-1,-1,-1,-1,2,0,2,0,2,0,0,0,0,2,2,2,2,2,2,2,2
89,-5359.052,-2903.111,524.761,44.786,0.709941,-0.704220,-0.007595,0.703313,0.709504,-0.044218,0.036528,0.026050,0.998993,0,0.72140,0.83164,43.284,1.663,-1,425.000,-1,450.000,-1,325.000,350.000,325.000,325.000,-1,-1,-1,-1,-1,-1,-1,-1,2,0,2,0,2,0,0,0,0,2,2,2,2,2,2,2,2
90,-5329.037,-2871.526,526.194,46.462,0.689045,-0.724695,-0.005847,0.723892,0.688622,-0.042188,0.034600,0.024836,0.999093,0,0.72621,0.83812,43.572,1.676,-1,425.000,-1,450.000,-1,325.000,350.000,325.000,325.000,-1,-1,-1,-1,-1,-1,-1,-1,2,0,2,0,2,0,0,0,0,2,2,2,2,2,2,2,2
91,-5299.946,-2839.058,527.300,48.139,0.667573,-0.744540,-0.002604,0.743875,0.667116,-0.040077,0.031576,0.024817,0.999193,0,0.72658,0.83861,43.595,1.677,-1,425.000,-1,450.000,-1,325.000,325.000,325.000,325.000,-1,-1,-1,-1,-1,-1,-1,-1,2,0,2,0,2,0,0,0,0,2,2,2,2,2,2,2,2
92,-5268.566,-2802.217,528.421,49.577,0.648715,-0.761030,0.001223,0.760526,0.648225,-0.037483,0.027733,0.025246,0.999297,0,0.80658,0.71861,48.395,1.437,-1,425.000,-1,425.000,-1,325.000,325.000,325.000,325.000,-1,-1,-1,-1,-1,-1,-1,-1,2,0,2,0,2,0,0,0,0,2,2,2,2,2,2,2,2
93,-5234.926,-2761.010,529.715,50.774,0.632674,-0.774403,0.004836,0.774059,0.632178,-0.034408,0.023588,0.025513,0.999396,0,0.88658,0.59861,53.195,1.197,-1,425.000,-1,425.000,-1,325.000,325.000,325.000,325.000,-1,-1,-1,-1,-1,975.000,-1,-1,2,0,2,0,2,0,0,0,0,2,2,2,2,2,0,2,2
94,-5199.912,-2716.625,531.121,51.731,0.619625,-0.784856,0.008097,0.784663,0.619153,-0.030884,0.019226,0.025490,0.999490,0,0.94224,0.47861,56.534,0.957,-1,425.000,-1,425.000,-1,325.000,325.000,325.000,325.000,-1,-1,-1,-1,-1,950.000,-1,-1,2,0,2,0,2,0,0,0,0,2,2,2,2,2,0,2,2
95,-5165.454,-2671.805,531.896,52.448,0.609657,-0.792602,0.010008,0.792562,0.609324,-0.023880,0.012829,0.022491,0.999665,0,0.94224,0.35861,56.534,0.717,-1,425.000,-1,425.000,-1,325.000,325.000,325.000,325.000,-1,-1,-1,-1,1000.000,900.000,-1,-1,2,0,2,0,2,0,0,0,0,2,2,2,2,0,0,2,2
96,-5131.372,-2626.701,532.453,52.925,0.602946,-0.797718,0.010145,0.797748,0.602753,-0.016966,0.007419,0.018322,0.999805,0,0.94224,0.23861,56.534,0.477,-1,425.000,-1,400.000,-1,325.000,325.000,325.000,325.000,-1,-1,-1,-1,950.000,875.000,-1,-1,2,0,2,0,2,0,0,0,0,2,2,2,2,0,0,2,2
97,-5097.630,-2581.340,533.084,53.358,0.596839,-0.802298,0.010008,0.802358,0.596758,-0.010104,0.002134,0.014060,0.999899,0,0.94224,0.21616,56.534,0.432,-1,425.000,-1,400.000,-1,325.000,325.000,325.000,350.000,-1,-1,-1,-1,900.000,850.000,-1,-1,2,0,2,0,2,0,0,0,0,2,2,2,2,0,0,2,2
98,-5064.160,-2535.627,533.567,53.790,0.590730,-0.806809,0.009870,0.806866,0.590720,-0.004284,-0.002374,0.010494,0.999942,0,0.94426,0.21593,56.656,0.432,-1,400.000,-1,400.000,-1,325.000,325.000,325.000,350.000,-1,-1,-1,-1,875.000,825.000,-1,-1,2,0,2,0,2,0,0,0,0,2,2,2,2,0,0,2,2
99,-5030.777,-2489.308,533.573,54.220,0.584635,-0.811232,0.010177,0.811280,0.584657,-0.000991,-0.005146,0.008836,0.999948,0,0.95159,0.21500,57.095,0.430,-1,400.000,-1,400.000,-1,325.000,325.000,325.000,375.000,-1,-1,-1,-1,850.000,825.000,-1,-1,2,0,2,0,2,0,0,0,0,2,2,2,2,0,0,2,2
100,-4997.486,-2442.380,533.656,54.647,0.578544,-0.815587,0.010265,0.815614,0.578592,0.002294,-0.007811,0.007045,0.999945,0,0.95895,0.21390,57.537,0.428,-1,400.000,-1,400.000,-1,325.000,325.000,325.000,375.000,-1,-1,-1,-1,825.000,800.000,-1,-1,2,0,2,0,2,0,0,0,0,2,2,2,2,0,0,2,2
101,-4964.291,-2394.845,533.496,55.073,0.572442,-0.819862,0.011663,0.819867,0.572526,0.005664,-0.011322,0.006320,0.999916,0,0.96632,0.21262,57.979,0.425,-1,400.000,-1,400.000,-1,325.000,325.000,325.000,375.000,-1,-1,-1,-1,800.000,775.000,-1,-1,2,0,2,0,2,0,0,0,0,2,2,2,2,0,0,2,2
102,-4931.195,-2346.700,532.992,55.495,0.566329,-0.824056,0.014276,0.824044,0.566465,0.008349,-0.014967,0.007036,0.999863,0,0.97371,0.21114,58.423,0.422,-1,400.000,-1,400.000,-1,325.000,325.000,325.000,375.000,-1,-1,-1,-1,800.000,750.000,-1,-1,2,0,2,0,2,0,0,0,0,2,2,2,2,0,0,2,2
103,-4898.205,-2297.947,532.101,55.914,0.560227,-0.828160,0.017218,0.828166,0.560414,0.008795,-0.016933,0.009332,0.999813,0,0.98110,0.20946,58.866,0.419,-1,400.000,-1,375.000,-1,325.000,325.000,350.000,350.000,-1,-1,-1,-1,775.000,725.000,-1,-1,2,0,2,0,2,0,0,0,0,2,2,2,2,0,0,2,2
104,-4865.322,-2248.587,531.307,56.329,0.554150,-0.832184,0.019673,0.832201,0.554390,0.009701,-0.018979,0.010996,0.999759,0,0.98850,0.20756,59.310,0.415,-1,400.000,-1,375.000,-1,325.000,300.000,350.000,350.000,-1,-1,-1,-1,750.000,700.000,-1,-1,2,0,2,0,2,0,0,0,0,2,2,2,2,0,1,2,2
105,-4832.551,-2198.622,530.582,56.740,0.548107,-0.836130,0.021581,0.836139,0.548403,0.011205,-0.021204,0.011903,0.999704,0,0.99588,0.20542,59.753,0.411,-1,400.000,-1,375.000,-1,300.000,300.000,350.000,350.000,-1,-1,-1,-1,750.000,650.000,-1,950.000,2,0,2,0,2,0,0,0,0,2,2,2,2,0,1,2,1
106,-4800.001,-2148.219,529.663,57.146,0.542171,-0.840004,0.021083,0.839984,0.542469,0.012417,-0.021867,0.010977,0.999701,0,1.00000,0.20302,60.000,0.406,-1,375.000,-1,350.000,-1,300.000,300.000,350.000,350.000,-1,-1,-1,-1,725.000,625.000,-1,875.000,2,0,2,0,2,0,0,0,0,2,2,2,2,0,1,2,1
107,-4767.804,-2097.590,528.601,57.547,0.536344,-0.843798,0.018441,0.843735,0.536595,0.013306,-0.021123,0.008423,0.999741,0,1.00000,0.20036,60.000,0.401,-1,375.000,-1,350.000,-1,300.000,300.000,350.000,350.000,-1,-1,-1,-1,725.000,600.000,-1,800.000,2,0,2,0,2,0,0,0,0,2,2,2,2,0,1,2,1
108,-4735.957,-2046.739,527.735,57.941,0.530582,-0.847493,0.015477,0.847393,0.530778,0.014129,-0.020189,0.005619,0.999780,0,1.00000,0.19741,60.000,0.395,-1,375.000,-1,350.000,975.000,300.000,300.000,350.000,350.000,-1,25.000,-1,-1,725.000,575.000,-1,750.000,2,0,2,1,1,0,0,0,0,2,0,2,2,0,1,2,1
109,-4704.455,-1995.674,527.018,58.330,0.524894,-0.851082,0.012117,0.850951,0.525028,0.015105,-0.019218,0.002382,0.999812,0,1.00000,0.19417,60.000,0.388,-1,375.000,-1,350.000,850.000,300.000,300.000,350.000,350.000,-1,75.000,-1,-1,700.000,550.000,-1,675.000,2,0,2,1,1,0,0,0,0,2,0,2,2,0,1,2,1
110,-4673.294,-1944.401,526.499,58.711,0.519287,-0.854558,0.008458,0.854409,0.519355,0.015964,-0.018034,-0.001063,0.999837,0,1.00000,0.19060,60.000,0.381,-1,375.000,-1,350.000,775.000,300.000,300.000,350.000,375.000,-1,125.000,-1,-1,700.000,525.000,-1,625.000,2,0,2,1,1,0,0,0,0,2,0,2,2,0,1,2,1
111,-4642.467,-1892.925,526.149,59.084,0.513771,-0.857915,0.004556,0.857768,0.513771,0.016568,-0.016555,-0.004604,0.999852,0,1.00000,0.18668,60.000,0.373,-1,375.000,-1,350.000,700.000,300.000,300.000,350.000,375.000,-1,150.000,-1,-1,700.000,500.000,-1,575.000,2,0,2,1,1,0,0,0,0,2,0,2,2,0,1,2,1
112,-4611.969,-1841.255,525.080,59.449,0.508314,-0.861167,0.002899,0.861056,0.508298,0.014691,-0.014125,-0.004971,0.999888,0,1.00000,0.18238,60.000,0.365,-1,375.000,-1,325.000,600.000,300.000,300.000,350.000,375.000,-1,150.000,-1,-1,700.000,475.000,-1,500.000,2,0,2,1,1,0,1,0,0,2,0,2,2,0,1,2,1
113,-4581.792,-1789.396,524.266,59.804,0.502978,-0.864299,0.000828,0.864222,0.502946,0.012874,-0.011543,-0.005760,0.999917,0,1.00000,0.17765,60.000,0.355,-1,375.000,-1,325.000,525.000,300.000,275.000,350.000,375.000,-1,175.000,-1,-1,700.000,450.000,-1,450.000,2,0,2,1,1,0,1,0,0,2,0,2,2,0,1,2,1
114,-4551.928,-1737.356,524.109,60.149,0.497783,-0.867294,-0.003572,0.867268,0.497723,0.010813,-0.007600,-0.008480,0.999935,0,1.00000,0.17247,60.000,0.345,-1,375.000,-1,300.000,475.000,300.000,275.000,350.000,375.000,-1,200.000,275.000,-1,700.000,425.000,-1,400.000,2,0,2,1,1,0,1,0,0,2,0,0,2,0,1,2,1
115,-4522.367,-1685.144,524.568,60.483,0.492708,-0.870133,-0.010368,0.870192,0.492641,0.008452,-0.002247,-0.013186,0.999911,0,1.00000,0.16677,60.000,0.334,-1,375.000,-1,300.000,400.000,300.000,275.000,350.000,400.000,-1,200.000,300.000,-1,700.000,400.000,-1,375.000,2,0,2,1,1,0,1,0,0,2,0,0,2,0,1,2,1
116,-4494.875,-1636.397,525.443,60.576,0.491184,-0.870844,-0.019234,0.871045,0.491167,0.005893,0.004315,-0.019648,0.999798,0,0.93275,0.04677,55.965,0.094,-1,375.000,-1,275.000,375.000,300.000,250.000,350.000,400.000,-1,175.000,275.000,-1,725.000,375.000,-1,325.000,2,0,2,1,1,0,1,0,0,2,0,0,2,0,1,2,1
117,-4467.111,-1587.462,526.913,60.430,0.493167,-0.869426,-0.029754,0.869853,0.493301,0.003136,0.011951,-0.027428,0.999552,0,0.93770,-0.07323,56.262,-0.146,-1,400.000,-1,275.000,350.000,300.000,250.000,325.000,425.000,-1,150.000,275.000,-1,750.000,350.000,-1,300.000,2,0,2,1,1,1,1,0,0,2,0,0,2,1,1,2,1
118,-4438.873,-1538.460,528.992,60.044,0.498580,-0.865829,-0.041937,0.866596,0.499010,0.000253,0.020708,-0.036469,0.999120,0,0.94259,-0.19323,56.556,-0.386,-1,400.000,-1,250.000,325.000,300.000,250.000,325.000,450.000,-1,150.000,250.000,-1,750.000,350.000,-1,300.000,2,0,2,1,1,1,1,0,0,2,0,0,2,1,1,2,1
119,-4409.952,-1489.518,531.675,59.417,0.507307,-0.859951,-0.055890,0.861219,0.508228,-0.002655,0.030688,-0.046787,0.998433,0,0.94747,-0.31323,56.848,-0.626,-1,400.000,-1,250.000,300.000,300.000,225.000,325.000,500.000,-1,125.000,225.000,-1,800.000,325.000,-1,275.000,2,1,2,1,1,1,1,0,0,2,0,0,2,1,1,2,1
120,-4380.143,-1440.767,534.930,58.551,0.519177,-0.851639,-0.071872,0.853630,0.520851,-0.005456,0.042081,-0.058520,0.997399,0,0.95234,-0.43323,57.140,-0.866,-1,400.000,-1,250.000,275.000,275.000,225.000,325.000,550.000,1000.000,100.000,225.000,-1,875.000,325.000,-1,250.000,2,1,2,1,1,1,1,0,0,0,0,0,2,0,1,2,1
121,-4349.241,-1392.353,538.825,57.444,0.534012,-0.840718,-0.089579,0.843705,0.536749,-0.007887,0.054712,-0.071366,0.995949,0,0.95724,-0.55323,57.435,-1.106,-1,400.000,-1,225.000,275.000,275.000,225.000,300.000,625.000,800.000,75.000,200.000,-1,950.000,300.000,-1,250.000,2,1,2,1,1,1,1,0,0,0,0,0,2,0,1,2,1
122,-4317.046,-1344.429,543.339,56.098,0.551593,-0.826960,-0.109008,0.831300,0.555742,-0.009515,0.068449,-0.085370,0.993995,0,0.96219,-0.67323,57.731,-1.346,-1,425.000,-1,225.000,250.000,300.000,200.000,300.000,750.000,675.000,50.000,175.000,-1,-1,325.000,-1,225.000,2,1,2,1,1,1,1,0,0,0,0,0,2,2,1,2,1
123,-4283.407,-1297.137,548.465,54.565,0.570904,-0.810641,-0.130116,0.816793,0.576843,-0.010005,0.083167,-0.100566,0.991448,0,0.96719,-0.76649,58.031,-1.533,-1,425.000,-1,225.000,250.000,300.000,225.000,300.000,950.000,550.000,25.000,175.000,-1,-1,375.000,-1,200.000,2,1,2,1,1,1,1,0,0,0,0,0,2,2,1,2,1
124,-4248.329,-1250.529,554.021,53.021,0.589188,-0.793434,-0.152707,0.801852,0.597433,-0.010366,0.099457,-0.116341,0.988217,0,0.97215,-0.77172,58.329,-1.543,-1,475.000,-1,250.000,225.000,325.000,225.000,275.000,-1,450.000,25.000,150.000,-1,-1,475.000,-1,200.000,2,1,2,1,1,1,1,0,2,0,0,0,2,2,1,2,1
125,-4211.819,-1204.680,562.266,51.466,0.606017,-0.776103,-0.174376,0.785851,0.618096,-0.019885,0.123214,-0.124983,0.984478,0,0.97669,-0.77774,58.601,-1.555,-1,600.000,-1,275.000,225.000,375.000,275.000,275.000,-1,400.000,25.000,125.000,-1,-1,675.000,-1,200.000,2,1,2,1,1,1,1,0,2,0,0,0,2,2,1,2,1
126,-4263.692,4919.423,459.977,118.292,-0.480331,-0.868643,-0.121414,0.875814,-0.467561,-0.119737,0.047240,-0.163849,0.985354,1,0.00000,0.00000,58.840,-1.570,-1,775.000,-1,275.000,225.000,375.000,275.000,275.000,725.000,250.000,25.000,175.000,-1,-1,600.000,-1,175.000,2,0,2,1,1,1,1,0,0,0,0,0,2,2,1,2,1
127,-5575.096,-2956.487,515.999,-86.087,0.069235,0.997433,-0.018263,-0.996357,0.068223,-0.051160,-0.049783,0.021739,0.998523,1,0.08000,0.12000,4.800,0.240,-1,425.000,-1,425.000,-1,325.000,325.000,300.000,300.000,-1,-1,-1,-1,-1,-1,-1,-1,2,0,2,0,2,0,0,0,0,2,2,2,2,2,2,2,2
128,-5574.360,-2966.059,515.541,-85.607,0.077611,0.996819,-0.018140,-0.995702,0.076576,-0.052089,-0.050534,0.022104,0.998478,0,0.16000,0.24000,9.600,0.480,-1,425.000,-1,425.000,-1,325.000,325.000,300.000,300.000,-1,-1,-1,-1,-1,-1,-1,-1,2,0,2,0,2,0,0,0,0,2,2,2,2,2,2,2,2
129,-5573.077,-2980.402,514.859,-84.887,0.090164,0.995766,-0.017914,-0.994587,0.089095,-0.053474,-0.051651,0.022638,0.998409,0,0.24000,0.36000,14.400,0.720,-1,425.000,-1,425.000,-1,325.000,325.000,300.000,300.000,-1,-1,-1,-1,-1,-1,-1,-1,2,0,2,0,2,0,0,0,0,2,2,2,2,2,2,2,2
130,-5571.046,-2999.494,513.963,-83.927,0.106876,0.994118,-0.017540,-0.992852,0.105764,-0.055302,-0.053122,0.023325,0.998316,0,0.32000,0.48000,19.200,0.960,-1,425.000,-1,450.000,-1,325.000,325.000,300.000,300.000,-1,-1,-1,-1,-1,-1,-1,-1,2,0,2,0,2,0,0,0,0,2,2,2,2,2,2,2,2
131,-5568.011,-3023.302,512.860,-82.737,0.127553,0.991687,-0.016958,-0.990309,0.126392,-0.057556,-0.054935,0.024135,0.998198,0,0.40000,0.59520,24.000,1.190,-1,425.000,-1,450.000,-1,325.000,325.000,300.000,300.000,-1,-1,-1,-1,-1,-1,-1,-1,2,0,2,0,2,0,0,0,0,2,2,2,2,2,2,2,2
132,-5563.782,-3051.790,511.552,-81.556,0.148003,0.988855,-0.016150,-0.987332,0.146792,-0.060237,-0.057195,0.024860,0.998053,0,0.48000,0.59021,28.800,1.180,-1,425.000,-1,450.000,-1,325.000,325.000,300.000,325.000,-1,-1,-1,-1,-1,-1,-1,-1,2,0,2,0,2,0,0,0,0,2,2,2,2,2,2,2,2
133,-5558.172,-3084.918,510.045,-80.388,0.168177,0.985642,-0.015074,-0.983935,0.166917,-0.063328,-0.059902,0.025482,0.997879,0,0.56000,0.58406,33.600,1.168,-1,450.000,-1,450.000,-1,350.000,350.000,300.000,325.000,-1,-1,-1,-1,-1,-1,-1,-1,2,0,2,0,2,0,0,0,0,2,2,2,2,2,2,2,2
134,-5550.999,-3122.643,508.347,-79.235,0.188019,0.982070,-0.013690,-0.980139,0.186719,-0.066808,-0.063054,0.025979,0.997672,0,0.64000,0.57662,38.400,1.153,-1,450.000,-1,450.000,-1,350.000,350.000,300.000,325.000,-1,-1,-1,-1,-1,-1,-1,-1,2,0,2,0,2,0,0,0,0,2,2,2,2,2,2,2,2
135,-5542.091,-3164.915,506.463,-78.099,0.207472,0.978168,-0.011955,-0.975968,0.206142,-0.070655,-0.066648,0.026327,0.997429,0,0.72000,0.56775,43.200,1.136,-1,450.000,-1,450.000,-1,350.000,350.000,300.000,325.000,-1,-1,-1,-1,-1,-1,-1,-1,2,0,2,0,2,0,0,0,0,2,2,2,2,2,2,2,2
136,-5531.281,-3211.683,504.344,-76.985,0.226484,0.973963,-0.010073,-0.971459,0.225128,-0.074730,-0.070517,0.026711,0.997153,0,0.80000,0.55731,48.000,1.115,-1,450.000,-1,450.000,-1,350.000,350.000,300.000,325.000,-1,-1,-1,-1,-1,-1,-1,-1,2,0,2,0,2,0,0,0,0,2,2,2,2,2,2,2,2
137,-5518.412,-3262.891,500.662,-75.895,0.245333,0.969351,-0.013047,-0.966644,0.243582,-0.079160,-0.073556,0.032032,0.996777,0,0.88000,0.54515,52.800,1.090,-1,450.000,-1,450.000,-1,350.000,350.000,300.000,325.000,-1,-1,-1,-1,-1,-1,-1,-1,2,0,2,0,2,0,0,0,0,2,2,2,2,2,2,2,2
138,-5503.340,-3318.485,496.272,-74.832,0.263798,0.964424,-0.017198,-0.961405,0.261444,-0.085716,-0.078171,0.039146,0.996171,0,0.96000,0.53111,57.600,1.062,-1,450.000,-1,450.000,-1,350.000,350.000,325.000,325.000,-1,-1,-1,-1,-1,-1,-1,-1,2,0,2,0,2,0,0,0,0,2,2,2,2,2,2,2,2
