timestep,x_cm,y_cm,z_cm,yaw_deg,basis_xx,basis_xy,basis_xz,basis_yx,basis_yy,basis_yz,basis_zx,basis_zy,basis_zz,teleport_flag,throttle_cmd,steering_cmd,cmd_move_cm,cmd_turn_deg,lidar_cm_0,lidar_cm_1,lidar_cm_2,lidar_cm_3,lidar_cm_4,lidar_cm_5,lidar_cm_6,lidar_cm_7,lidar_cm_8,lidar_cm_9,lidar_cm_10,lidar_cm_11,lidar_cm_12,lidar_cm_13,lidar_cm_14,lidar_cm_15,lidar_cm_16,lidar_class_0,lidar_class_1,lidar_class_2,lidar_class_3,lidar_class_4,lidar_class_5,lidar_class_6,lidar_class_7,lidar_class_8,lidar_class_9,lidar_class_10,lidar_class_11,lidar_class_12,lidar_class_13,lidar_class_14,lidar_class_15,lidar_class_16
0,-8199.209,-8199.234,-102.777,163.646,-0.943432,-0.280300,0.177110,0.292372,-0.955214,0.045659,0.156380,0.094858,0.983131,1,0.00000,0.00000,-4.800,-0.240,350.000,225.000,-1,525.000,-1,225.000,300.000,425.000,300.000,-1,125.000,75.000,400.000,300.000,825.000,275.000,-1,1,1,2,1,2,1,1,1,0,2,0,0,0,1,1,1,2
1,9506.234,-9510.642,-229.721,-4.036,0.996157,0.070221,-0.052340,-0.073560,0.995178,-0.064874,0.047532,0.068475,0.996520,1,-0.08000,-0.12000,-4.800,-0.240,775.000,350.000,-1,350.000,750.000,300.000,300.000,325.000,325.000,-1,275.000,325.000,875.000,550.000,550.000,725.000,725.000,0,0,2,0,0,0,0,0,0,2,0,0,0,0,0,0,0
2,9496.664,-9509.886,-230.192,-4.516,0.995617,0.078553,-0.050754,-0.081785,0.994522,-0.065090,0.045363,0.068955,0.996588,0,-0.16000,-0.24000,-9.600,-0.480,775.000,350.000,-1,350.000,750.000,300.000,300.000,325.000,325.000,-1,275.000,325.000,875.000,550.000,550.000,725.000,700.000,0,0,2,0,0,0,0,0,0,2,0,0,0,0,0,0,0
3,9482.324,-9508.572,-230.890,-5.236,0.994671,0.091039,-0.048385,-0.094109,0.993406,-0.065478,0.042105,0.069683,0.996680,0,-0.24000,-0.36000,-14.400,-0.720,750.000,350.000,-1,350.000,750.000,300.000,300.000,325.000,325.000,-1,300.000,325.000,875.000,550.000,550.000,725.000,700.000,0,0,2,0,0,0,0,0,0,2,0,0,0,0,0,0,0
4,9463.237,-9506.499,-231.807,-6.196,0.993157,0.107663,-0.045252,-0.110514,0.991673,-0.066116,0.037757,0.070665,0.996785,0,-0.32000,-0.48000,-19.200,-0.960,750.000,350.000,-1,350.000,750.000,300.000,300.000,325.000,325.000,-1,300.000,325.000,875.000,550.000,550.000,700.000,700.000,0,0,2,0,0,0,0,0,0,2,0,0,0,0,0,0,0
5,9439.437,-9503.410,-232.930,-7.396,0.990859,0.128396,-0.041382,-0.130972,0.989112,-0.067104,0.032316,0.071911,0.996887,0,-0.40000,-0.60000,-24.000,-1.200,725.000,350.000,-1,350.000,750.000,300.000,300.000,325.000,325.000,-1,300.000,325.000,875.000,550.000,550.000,675.000,700.000,0,0,2,0,0,0,0,0,0,2,0,0,0,0,0,0,0
6,9410.979,-9498.985,-234.245,-8.836,0.987510,0.153195,-0.036822,-0.155434,0.985464,-0.068564,0.025783,0.073431,0.996967,0,-0.48000,-0.72000,-28.800,-1.440,700.000,350.000,-1,325.000,750.000,300.000,275.000,325.000,300.000,-1,300.000,300.000,875.000,550.000,550.000,675.000,700.000,0,0,2,0,0,0,0,0,0,2,0,0,0,0,0,0,0
7,9380.839,-9493.476,-235.608,-10.359,0.983269,0.179309,-0.032086,-0.181179,0.980925,-0.070433,0.018845,0.075068,0.997000,0,-0.51066,-0.76144,-30.640,-1.523,675.000,325.000,-1,325.000,725.000,300.000,275.000,325.000,300.000,-1,300.000,300.000,875.000,550.000,550.000,650.000,700.000,0,0,2,0,0,0,0,0,0,2,0,0,0,0,0,0,0
8,9350.540,-9487.109,-236.945,-11.865,0.978377,0.205003,-0.027437,-0.206489,0.975750,-0.072628,0.011883,0.076723,0.996982,0,-0.51603,-0.75304,-30.962,-1.506,650.000,325.000,-1,325.000,675.000,275.000,275.000,325.000,300.000,-1,300.000,300.000,875.000,525.000,525.000,625.000,675.000,0,0,2,0,0,0,0,0,0,2,0,0,0,0,0,0,0
9,9320.094,-9479.882,-238.255,-13.354,0.972861,0.230256,-0.022893,-0.231340,0.969967,-0.075144,0.004903,0.078401,0.996910,0,-0.52154,-0.74445,-31.293,-1.489,650.000,325.000,-1,325.000,650.000,275.000,275.000,325.000,275.000,-1,300.000,300.000,875.000,525.000,525.000,625.000,650.000,0,0,2,0,0,0,0,0,0,2,0,0,0,0,0,0,0
10,9289.517,-9471.788,-239.538,-14.825,0.966751,0.255051,-0.018473,-0.255711,0.963604,-0.077971,-0.002086,0.080103,0.996784,0,-0.52718,-0.73565,-31.631,-1.471,625.000,325.000,-1,325.000,650.000,275.000,275.000,325.000,275.000,-1,325.000,275.000,875.000,525.000,500.000,625.000,625.000,0,0,2,0,0,0,0,0,0,2,0,0,0,0,0,0,0
11,9258.823,-9462.825,-240.525,-16.279,0.960065,0.279391,-0.014675,-0.279654,0.956767,-0.079942,-0.008294,0.080854,0.996691,0,-0.53295,-0.72667,-31.977,-1.453,625.000,325.000,-1,325.000,625.000,275.000,275.000,325.000,275.000,-1,300.000,275.000,875.000,525.000,500.000,600.000,600.000,0,0,2,0,0,0,0,0,0,2,0,0,0,0,0,0,0
12,9228.026,-9452.993,-240.495,-17.714,0.952807,0.303333,-0.012145,-0.303334,0.949687,-0.077990,-0.012123,0.077993,0.996880,0,-0.53883,-0.71749,-32.330,-1.435,625.000,325.000,-1,325.000,650.000,275.000,275.000,300.000,275.000,-1,300.000,250.000,875.000,525.000,525.000,600.000,650.000,0,0,2,0,0,0,0,0,0,2,0,0,0,0,0,0,0
13,9197.142,-9442.285,-240.038,-19.130,0.945053,0.326819,-0.007982,-0.326470,0.942206,-0.075263,-0.017077,0.073733,0.997132,0,-0.54481,-0.70813,-32.688,-1.416,600.000,325.000,-1,325.000,700.000,275.000,275.000,300.000,275.000,-1,300.000,250.000,925.000,525.000,525.000,600.000,675.000,0,0,2,0,0,0,0,0,0,2,0,0,0,0,0,0,0
14,9166.188,-9430.700,-239.550,-20.527,0.936816,0.349801,-0.003724,-0.349129,0.934241,-0.072822,-0.021994,0.069521,0.997338,0,-0.55087,-0.69858,-33.052,-1.397,575.000,325.000,-1,350.000,725.000,275.000,275.000,300.000,275.000,-1,300.000,275.000,975.000,525.000,525.000,575.000,700.000,0,0,2,0,0,0,0,0,0,2,0,0,0,0,0,0,0
15,9135.236,-9418.096,-239.011,-22.164,0.926434,0.376457,0.000521,-0.375481,0.924129,-0.070703,-0.027098,0.065306,0.997497,0,-0.55702,-0.81858,-33.421,-1.637,550.000,325.000,-1,350.000,775.000,300.000,300.000,300.000,275.000,-1,300.000,275.000,-1,525.000,550.000,575.000,725.000,0,0,2,0,0,0,0,0,0,2,0,0,2,0,0,0,0
16,9104.317,-9404.430,-238.269,-23.853,0.914900,0.403643,0.005417,-0.402358,0.912907,-0.068618,-0.032643,0.060598,0.997628,0,-0.56342,-0.84422,-33.805,-1.688,525.000,325.000,-1,350.000,800.000,300.000,300.000,275.000,300.000,-1,300.000,275.000,-1,525.000,550.000,550.000,750.000,0,0,2,0,0,0,0,0,0,2,0,0,2,0,0,0,0
17,9073.462,-9389.687,-236.618,-25.543,0.902578,0.430454,0.007889,-0.428983,0.900741,-0.068117,-0.036427,0.058096,0.997646,0,-0.56995,-0.84498,-34.197,-1.690,550.000,350.000,-1,375.000,850.000,300.000,300.000,275.000,300.000,-1,325.000,300.000,-1,525.000,575.000,575.000,800.000,0,0,2,0,0,0,0,0,0,2,0,0,2,0,0,0,0
18,9042.705,-9373.859,-234.917,-27.234,0.889451,0.456914,0.010307,-0.455262,0.887767,-0.067869,-0.040160,0.055674,0.997641,0,-0.57653,-0.84562,-34.592,-1.691,550.000,350.000,-1,375.000,900.000,300.000,300.000,275.000,300.000,1000.000,350.000,300.000,-1,525.000,600.000,575.000,825.000,0,0,2,0,0,0,0,0,0,1,0,0,2,0,0,0,0
19,9012.081,-9356.938,-233.164,-28.926,0.875533,0.482993,0.012651,-0.481166,0.873998,-0.067871,-0.043838,0.053336,0.997614,0,-0.58315,-0.84613,-34.989,-1.692,550.000,350.000,-1,375.000,950.000,300.000,325.000,275.000,300.000,975.000,375.000,325.000,-1,550.000,600.000,600.000,875.000,0,0,2,0,0,0,0,0,0,1,0,0,2,0,0,0,0
20,8981.628,-9338.916,-231.243,-30.619,0.860842,0.508652,0.014987,-0.506618,0.859426,-0.068732,-0.047841,0.051574,0.997523,0,-0.58978,-0.84652,-35.387,-1.693,575.000,350.000,-1,375.000,1000.000,325.000,325.000,275.000,300.000,950.000,425.000,375.000,-1,550.000,625.000,625.000,900.000,0,0,2,0,0,0,0,0,0,1,0,0,2,0,0,0,0
21,8951.387,-9319.790,-229.200,-32.313,0.845394,0.533866,0.017216,-0.531605,0.844077,-0.070213,-0.052016,0.050206,0.997383,0,-0.59638,-0.84677,-35.783,-1.694,600.000,375.000,-1,375.000,-1,325.000,325.000,275.000,300.000,925.000,500.000,450.000,-1,550.000,625.000,650.000,925.000,0,0,2,0,2,0,0,0,0,1,0,0,2,0,0,0,0
22,8921.398,-9299.559,-227.118,-34.006,0.829202,0.558617,0.019250,-0.556126,0.827982,-0.071895,-0.056101,0.048910,0.997226,0,-0.60293,-0.84688,-36.176,-1.694,600.000,375.000,-1,375.000,-1,325.000,300.000,275.000,300.000,875.000,525.000,525.000,-1,575.000,650.000,650.000,975.000,0,0,2,0,2,0,0,0,0,1,0,1,2,0,0,0,0
23,8895.842,-9281.358,-225.303,-35.460,0.814725,0.579473,0.020834,-0.576783,0.813585,-0.073487,-0.059534,0.047855,0.997079,0,-0.52293,-0.72688,-31.376,-1.454,625.000,375.000,-1,375.000,1000.000,325.000,300.000,275.000,300.000,875.000,575.000,525.000,750.000,575.000,650.000,675.000,1000.000,0,0,2,0,0,0,0,0,0,1,0,1,1,0,0,0,0
24,8874.527,-9265.486,-223.761,-36.674,0.802236,0.596600,0.022041,-0.593742,0.801160,-0.074922,-0.062357,0.047019,0.996946,0,-0.44293,-0.60688,-26.576,-1.214,625.000,375.000,-1,375.000,1000.000,325.000,300.000,275.000,300.000,850.000,600.000,500.000,625.000,575.000,650.000,700.000,-1,0,0,2,0,0,0,0,0,0,1,1,1,1,0,0,0,2
25,8857.285,-9252.186,-222.423,-37.648,0.791962,0.610140,0.022942,-0.607119,0.790918,-0.076515,-0.064830,0.046668,0.996804,0,-0.36293,-0.48688,-21.776,-0.974,650.000,375.000,-1,375.000,975.000,325.000,300.000,275.000,275.000,825.000,575.000,500.000,575.000,600.000,650.000,700.000,-1,0,0,2,0,0,0,0,0,0,1,1,1,1,0,0,0,2
26,8843.978,-9241.646,-221.364,-38.381,0.784071,0.620223,0.023578,-0.617071,0.783046,-0.077853,-0.066749,0.046493,0.996686,0,-0.28293,-0.36688,-16.976,-0.734,650.000,375.000,-1,375.000,950.000,325.000,300.000,275.000,275.000,825.000,575.000,475.000,550.000,600.000,625.000,725.000,-1,0,0,2,0,0,0,0,0,0,1,1,1,1,0,0,0,2
27,8834.499,-9234.005,-220.603,-38.875,0.778690,0.626950,0.023997,-0.623704,0.777675,-0.078829,-0.068084,0.046416,0.996599,0,-0.20293,-0.24688,-12.176,-0.494,650.000,375.000,-1,375.000,950.000,325.000,300.000,300.000,275.000,800.000,575.000,475.000,525.000,600.000,625.000,725.000,-1,0,0,2,0,0,0,0,0,0,1,1,1,1,0,0,0,2
28,8828.777,-9229.350,-220.139,-39.129,0.775902,0.630388,0.024236,-0.627086,0.774891,-0.079425,-0.068848,0.046428,0.996546,0,-0.12293,-0.12688,-7.376,-0.254,650.000,375.000,-1,375.000,950.000,325.000,300.000,300.000,275.000,800.000,575.000,475.000,500.000,600.000,625.000,725.000,-1,0,0,2,0,0,0,0,0,0,1,1,1,1,0,0,0,2
29,8826.781,-9227.723,-219.976,-39.200,0.775122,0.631343,0.024316,-0.628021,0.774111,-0.079633,-0.069099,0.046454,0.996528,0,-0.04293,-0.03535,-2.576,-0.071,650.000,375.000,-1,375.000,950.000,325.000,300.000,300.000,275.000,800.000,575.000,475.000,500.000,600.000,625.000,725.000,-1,0,0,2,0,0,0,0,0,0,1,1,1,1,0,0,0,2
30,8828.503,-9229.130,-220.125,-39.270,0.774342,0.632302,0.024253,-0.628994,0.773339,-0.079455,-0.068995,0.046270,0.996543,0,0.03707,-0.03531,2.224,-0.071,650.000,375.000,-1,375.000,950.000,325.000,300.000,300.000,275.000,800.000,575.000,475.000,500.000,600.000,625.000,725.000,-1,0,0,2,0,0,0,0,0,0,1,1,1,1,0,0,0,2
31,8833.935,-9233.583,-220.587,-39.341,0.773559,0.633267,0.024049,-0.630007,0.772572,-0.078888,-0.068536,0.045874,0.996593,0,0.11707,-0.03534,7.024,-0.071,650.000,375.000,-1,375.000,950.000,325.000,300.000,300.000,275.000,800.000,575.000,475.000,525.000,600.000,625.000,725.000,-1,0,0,2,0,0,0,0,0,0,1,1,1,1,0,0,0,2
32,8843.070,-9241.090,-221.364,-39.412,0.772772,0.634240,0.023703,-0.631060,0.771810,-0.077929,-0.067719,0.045264,0.996677,0,0.19707,-0.03545,11.824,-0.071,650.000,375.000,-1,375.000,950.000,325.000,300.000,275.000,275.000,800.000,600.000,500.000,525.000,600.000,625.000,725.000,-1,0,0,2,0,0,0,0,0,0,1,1,1,1,0,0,0,2
33,8855.901,-9251.661,-222.460,-39.483,0.771979,0.635224,0.023215,-0.632155,0.771049,-0.076573,-0.066540,0.044437,0.996794,0,0.27707,-0.03564,16.624,-0.071,650.000,375.000,-1,375.000,975.000,325.000,300.000,275.000,275.000,825.000,600.000,500.000,550.000,600.000,625.000,725.000,-1,0,0,2,0,0,0,0,0,0,1,1,1,1,0,0,0,2
34,8872.419,-9265.304,-223.880,-39.555,0.771178,0.636219,0.022583,-0.633294,0.770287,-0.074813,-0.064993,0.043392,0.996942,0,0.35707,-0.03593,21.424,-0.072,625.000,375.000,-1,375.000,975.000,325.000,300.000,275.000,275.000,825.000,600.000,525.000,575.000,575.000,650.000,700.000,-1,0,0,2,0,0,0,0,0,0,1,0,1,1,0,0,0,2
35,8892.616,-9282.030,-225.543,-39.628,0.770373,0.637221,0.021796,-0.634440,0.769510,-0.073082,-0.063342,0.042471,0.997088,0,0.43707,-0.03633,26.224,-0.073,625.000,375.000,-1,375.000,1000.000,325.000,300.000,275.000,300.000,825.000,550.000,550.000,600.000,575.000,650.000,700.000,-1,0,0,2,0,0,0,0,0,0,1,0,1,1,0,0,0,2
36,8916.486,-9301.848,-227.517,-39.701,0.769556,0.638239,0.020855,-0.635622,0.768722,-0.071066,-0.061389,0.041433,0.997254,0,0.51707,-0.03689,31.024,-0.074,600.000,375.000,-1,375.000,1000.000,325.000,300.000,275.000,300.000,850.000,500.000,550.000,650.000,575.000,650.000,675.000,-1,0,0,2,0,0,0,0,0,0,1,0,0,1,0,0,0,2
37,8944.018,-9324.768,-229.656,-39.777,0.768736,0.639262,0.019737,-0.636782,0.767900,-0.069552,-0.059618,0.040899,0.997383,0,0.59707,-0.03762,35.824,-0.075,600.000,375.000,-1,375.000,1000.000,325.000,300.000,275.000,300.000,875.000,475.000,550.000,700.000,550.000,650.000,650.000,1000.000,0,0,2,0,0,0,0,0,0,1,0,0,1,0,0,0,0
38,8975.204,-9350.801,-231.961,-39.854,0.767908,0.640295,0.018431,-0.637926,0.767040,-0.068562,-0.058037,0.040892,0.997477,0,0.67707,-0.03855,40.624,-0.077,575.000,350.000,-1,375.000,1000.000,325.000,300.000,275.000,300.000,900.000,500.000,525.000,775.000,550.000,650.000,625.000,975.000,0,0,2,0,0,0,0,0,0,1,0,0,1,0,0,0,0
39,9007.109,-9377.509,-234.353,-39.933,0.767052,0.641358,0.017071,-0.639103,0.766151,-0.067524,-0.056386,0.040885,0.997572,0,0.69347,-0.03972,41.608,-0.079,550.000,350.000,-1,375.000,1000.000,300.000,300.000,275.000,300.000,925.000,500.000,500.000,875.000,525.000,650.000,600.000,950.000,0,0,2,0,0,0,0,0,0,1,0,0,1,0,0,0,0
40,9039.306,-9404.540,-236.800,-40.015,0.766163,0.642456,0.015674,-0.640316,0.765232,-0.066453,-0.054687,0.040877,0.997666,0,0.70067,-0.04105,42.040,-0.082,550.000,350.000,-1,375.000,975.000,300.000,300.000,275.000,300.000,950.000,500.000,475.000,1000.000,525.000,625.000,575.000,925.000,0,0,2,0,0,0,0,0,0,1,0,0,1,0,0,0,0
41,9071.810,-9431.911,-239.304,-40.100,0.765238,0.643590,0.014240,-0.641568,0.764278,-0.065345,-0.052938,0.040869,0.997761,0,0.70822,-0.04250,42.493,-0.085,525.000,325.000,-1,375.000,975.000,300.000,300.000,275.000,300.000,975.000,475.000,450.000,-1,525.000,625.000,550.000,900.000,0,0,2,0,0,0,0,0,0,1,0,0,2,0,0,0,0
42,9104.635,-9459.638,-241.440,-40.189,0.764347,0.644719,0.010554,-0.642885,0.763231,-0.064636,-0.049727,0.042619,0.997853,0,0.71614,-0.04409,42.969,-0.088,525.000,325.000,-1,375.000,975.000,300.000,300.000,275.000,300.000,1000.000,450.000,400.000,-1,500.000,600.000,525.000,875.000,0,0,2,0,0,0,0,0,0,1,0,0,2,0,0,0,0
43,9137.795,-9487.737,-243.171,-40.280,0.763466,0.645833,0.004424,-0.644284,0.762075,-0.064348,-0.044929,0.046277,0.997918,0,0.72442,-0.04581,43.465,-0.092,525.000,325.000,-1,375.000,975.000,300.000,300.000,300.000,300.000,-1,400.000,350.000,-1,500.000,600.000,550.000,850.000,0,0,2,0,0,0,0,0,0,2,0,0,2,0,0,0,0
44,9171.303,-9516.226,-244.808,-40.376,0.762515,0.646965,-0.002578,-0.645760,0.760840,-0.064159,-0.039547,0.050587,0.997936,0,0.73304,-0.04766,43.983,-0.095,550.000,325.000,-1,375.000,975.000,300.000,300.000,300.000,300.000,-1,375.000,325.000,-1,525.000,600.000,550.000,850.000,0,0,2,0,0,0,0,0,0,2,0,0,2,0,0,0,0
45,9201.006,-9541.780,-245.938,-40.711,0.758793,0.651261,-0.009565,-0.650420,0.756872,-0.064027,-0.034459,0.054804,0.997902,0,0.65304,-0.16766,39.183,-0.335,575.000,325.000,-1,375.000,975.000,300.000,300.000,300.000,275.000,-1,350.000,300.000,-1,525.000,600.000,575.000,850.000,0,0,2,0,0,0,0,0,0,2,0,0,2,0,0,0,0
46,9226.843,-9564.465,-246.774,-41.286,0.752238,0.658722,-0.014954,-0.658178,0.750173,-0.063585,-0.030667,0.057673,0.997864,0,0.57304,-0.28766,34.383,-0.575,600.000,325.000,-1,375.000,950.000,300.000,300.000,300.000,275.000,-1,350.000,300.000,-1,525.000,600.000,600.000,850.000,0,0,2,0,0,0,0,0,0,2,0,0,2,0,0,0,0
47,9248.794,-9584.297,-247.521,-42.101,0.742785,0.669241,-0.019676,-0.668962,0.740624,-0.062972,-0.027571,0.059938,0.997821,0,0.49304,-0.40766,29.583,-0.815,600.000,325.000,-1,375.000,975.000,300.000,300.000,300.000,275.000,-1,350.000,275.000,950.000,525.000,600.000,625.000,850.000,0,0,2,0,0,0,0,0,0,2,0,0,0,0,0,0,0
48,9266.873,-9601.247,-248.027,-43.157,0.730315,0.682722,-0.023013,-0.682630,0.728124,-0.062063,-0.025615,0.061034,0.997807,0,0.41304,-0.52766,24.783,-1.055,600.000,325.000,-1,375.000,975.000,300.000,300.000,300.000,275.000,-1,350.000,275.000,925.000,550.000,600.000,650.000,875.000,0,0,2,0,0,0,0,0,0,2,0,0,0,0,0,0,0
49,9281.160,-9615.219,-248.374,-44.362,0.715779,0.697868,-0.025326,-0.697897,0.713596,-0.060991,-0.024491,0.061331,0.997817,0,0.33304,-0.60237,19.983,-1.205,600.000,325.000,-1,375.000,975.000,300.000,300.000,300.000,275.000,-1,350.000,300.000,925.000,550.000,600.000,650.000,900.000,0,0,2,0,0,0,0,0,0,2,0,0,0,0,0,0,0
50,9291.789,-9626.061,-248.664,-45.569,0.700896,0.712749,-0.027098,-0.712867,0.698733,-0.059941,-0.023789,0.061330,0.997834,0,0.25304,-0.60369,15.183,-1.207,600.000,350.000,-1,375.000,1000.000,300.000,300.000,300.000,275.000,-1,325.000,300.000,925.000,550.000,600.000,650.000,900.000,0,0,2,0,0,0,0,0,0,2,0,0,0,0,0,0,0
51,9298.899,-9633.627,-248.885,-46.778,0.685679,0.727352,-0.028356,-0.727525,0.683543,-0.058963,-0.023504,0.061060,0.997857,0,0.17304,-0.60477,10.383,-1.210,600.000,350.000,-1,375.000,-1,300.000,300.000,300.000,275.000,-1,300.000,300.000,925.000,550.000,600.000,650.000,925.000,0,0,2,0,2,0,0,0,0,2,0,0,0,0,0,0,0
52,9302.636,-9637.776,-249.023,-47.990,0.670143,0.741660,-0.029132,-0.741855,0.668038,-0.058104,-0.023632,0.060550,0.997885,0,0.09304,-0.60555,5.583,-1.211,625.000,350.000,-1,375.000,-1,300.000,300.000,300.000,275.000,-1,300.000,300.000,925.000,550.000,600.000,675.000,950.000,0,0,2,0,2,0,0,0,0,2,0,0,0,0,0,0,0
53,9303.147,-9638.369,-249.069,-49.202,0.654305,0.755657,-0.029461,-0.755845,0.652229,-0.057407,-0.024165,0.059829,0.997916,0,0.01304,-0.60600,0.783,-1.212,625.000,350.000,-1,375.000,-1,300.000,300.000,300.000,275.000,-1,300.000,275.000,900.000,550.000,625.000,675.000,975.000,0,0,2,0,2,0,0,0,0,2,0,0,1,0,0,0,0
54,9300.586,-9635.274,-249.012,-50.414,0.638180,0.769326,-0.029378,-0.769478,0.636132,-0.056914,-0.025097,0.058927,0.997947,0,-0.06696,-0.60606,-4.017,-1.212,625.000,350.000,-1,375.000,-1,300.000,325.000,300.000,275.000,-1,275.000,275.000,875.000,575.000,625.000,700.000,1000.000,0,0,2,0,2,0,0,0,0,2,0,0,1,0,0,0,0
55,9295.112,-9628.362,-248.841,-51.625,0.621787,0.782652,-0.028924,-0.782740,0.619764,-0.056661,-0.026420,0.057871,0.997974,0,-0.14696,-0.60571,-8.817,-1.211,625.000,350.000,-1,375.000,-1,300.000,325.000,300.000,275.000,-1,275.000,275.000,850.000,575.000,625.000,700.000,-1,0,0,2,0,2,0,0,0,0,2,0,0,1,0,0,0,2
56,9286.885,-9617.512,-248.540,-52.835,0.605147,0.795618,-0.028108,-0.795616,0.603143,-0.056683,-0.028145,0.056665,0.997996,0,-0.22696,-0.60490,-13.617,-1.210,625.000,350.000,-1,400.000,-1,300.000,325.000,275.000,275.000,-1,275.000,250.000,850.000,575.000,625.000,725.000,-1,0,0,2,0,2,0,0,0,0,2,0,0,1,0,0,0,2
57,9276.070,-9602.605,-247.795,-54.042,0.588275,0.808258,-0.025542,-0.808061,0.586327,-0.057081,-0.031160,0.054219,0.998043,0,-0.30696,-0.60359,-18.417,-1.207,625.000,350.000,-1,400.000,-1,300.000,325.000,275.000,275.000,-1,275.000,275.000,850.000,575.000,650.000,725.000,-1,0,0,2,0,2,0,0,0,0,2,0,0,1,0,0,0,2
58,9264.261,-9585.590,-246.951,-55.246,0.571184,0.820506,-0.022764,-0.820100,0.569300,-0.057738,-0.034415,0.051648,0.998072,0,-0.34520,-0.60174,-20.712,-1.203,625.000,350.000,-1,400.000,1000.000,300.000,325.000,275.000,275.000,-1,300.000,300.000,825.000,575.000,650.000,725.000,-1,0,0,2,0,0,0,0,0,0,2,0,0,1,0,0,0,2
59,9252.663,-9568.106,-246.084,-56.445,0.553891,0.832349,-0.020022,-0.831736,0.552075,-0.058546,-0.037677,0.049081,0.998084,0,-0.34969,-0.59958,-20.981,-1.199,625.000,350.000,-1,375.000,1000.000,300.000,325.000,275.000,275.000,-1,300.000,325.000,825.000,575.000,650.000,700.000,-1,0,0,2,0,0,0,0,0,0,2,0,0,1,0,0,0,2
60,9241.287,-9550.158,-245.193,-57.639,0.536408,0.843781,-0.017324,-0.842965,0.534667,-0.059502,-0.040945,0.046521,0.998078,0,-0.35417,-0.59731,-21.250,-1.195,625.000,350.000,-1,375.000,1000.000,300.000,325.000,275.000,275.000,-1,325.000,350.000,825.000,575.000,650.000,700.000,-1,0,0,2,0,0,0,0,0,0,2,0,0,1,0,0,0,2
61,9230.149,-9531.748,-244.276,-58.829,0.518749,0.854801,-0.014665,-0.853782,0.517091,-0.060607,-0.044224,0.043960,0.998054,0,-0.35863,-0.59492,-21.518,-1.190,600.000,350.000,-1,375.000,1000.000,300.000,325.000,275.000,275.000,-1,350.000,350.000,825.000,575.000,650.000,675.000,-1,0,0,2,0,0,0,0,0,0,2,0,0,1,0,0,0,2
62,9219.261,-9512.882,-243.234,-60.014,0.500917,0.865418,-0.011596,-0.864174,0.499367,-0.061926,-0.047801,0.041041,0.998013,0,-0.36306,-0.59241,-21.783,-1.185,600.000,350.000,-1,375.000,975.000,300.000,325.000,275.000,275.000,-1,400.000,375.000,825.000,575.000,650.000,675.000,-1,0,0,2,0,0,0,0,0,0,2,0,0,1,0,0,0,2
63,9208.636,-9493.565,-242.175,-61.194,0.482934,0.875614,-0.008630,-0.874149,0.481502,-0.063400,-0.051358,0.038162,0.997951,0,-0.36744,-0.58977,-22.047,-1.180,575.000,350.000,-1,375.000,975.000,300.000,325.000,275.000,275.000,-1,425.000,425.000,825.000,575.000,625.000,650.000,-1,0,0,2,0,0,0,0,0,0,2,0,0,1,0,0,0,2
64,9200.574,-9478.319,-241.345,-62.133,0.468453,0.883465,-0.006399,-0.881829,0.467118,-0.064639,-0.054117,0.035923,0.997888,0,-0.28744,-0.46977,-17.247,-0.940,575.000,350.000,-1,375.000,975.000,325.000,325.000,275.000,300.000,-1,425.000,450.000,800.000,575.000,625.000,650.000,-1,0,0,2,0,0,0,0,0,0,2,0,0,1,0,0,0,2
65,9194.891,-9467.246,-240.747,-62.833,0.457585,0.889153,-0.004838,-0.887394,0.456323,-0.065579,-0.056102,0.034301,0.997836,0,-0.20744,-0.34977,-12.447,-0.700,575.000,350.000,-1,375.000,950.000,325.000,300.000,275.000,300.000,-1,425.000,450.000,800.000,575.000,625.000,650.000,1000.000,0,0,2,0,0,0,0,0,0,2,0,0,1,0,0,0,0
66,9191.454,-9460.415,-240.381,-63.292,0.450406,0.892815,-0.003897,-0.890981,0.449192,-0.066174,-0.057331,0.033277,0.997800,0,-0.12744,-0.22977,-7.647,-0.460,550.000,350.000,-1,375.000,950.000,325.000,300.000,275.000,300.000,-1,450.000,450.000,800.000,550.000,625.000,650.000,1000.000,0,0,2,0,0,0,0,0,0,2,0,0,1,0,0,0,0
67,9190.184,-9457.868,-240.247,-63.512,0.446968,0.894543,-0.003544,-0.892679,0.445774,-0.066397,-0.057815,0.032841,0.997787,0,-0.04744,-0.10977,-2.847,-0.220,550.000,350.000,-1,375.000,950.000,325.000,300.000,275.000,300.000,-1,450.000,450.000,800.000,550.000,625.000,650.000,1000.000,0,0,2,0,0,0,0,0,0,2,0,0,1,0,0,0,0
68,9191.056,-9459.616,-240.345,-63.491,0.447294,0.894379,-0.003769,-0.892533,0.446092,-0.066236,-0.057559,0.032991,0.997797,0,0.03256,0.01023,1.953,0.020,550.000,350.000,-1,375.000,950.000,325.000,300.000,275.000,300.000,-1,450.000,450.000,800.000,575.000,625.000,650.000,1000.000,0,0,2,0,0,0,0,0,0,2,0,0,1,0,0,0,0
69,9194.098,-9465.645,-240.674,-63.231,0.451380,0.892320,-0.004580,-0.890537,0.450142,-0.065695,-0.056560,0.033732,0.997829,0,0.11256,0.13023,6.753,0.260,575.000,350.000,-1,375.000,950.000,325.000,300.000,275.000,300.000,-1,425.000,450.000,800.000,575.000,625.000,650.000,1000.000,0,0,2,0,0,0,0,0,0,2,0,0,1,0,0,0,0
70,9199.392,-9475.914,-241.232,-62.730,0.459199,0.888313,-0.006003,-0.886641,0.457897,-0.064792,-0.054807,0.035075,0.997881,0,0.19256,0.25023,11.553,0.500,575.000,350.000,-1,375.000,975.000,325.000,325.000,275.000,300.000,-1,425.000,450.000,825.000,575.000,625.000,650.000,-1,0,0,2,0,0,0,0,0,0,2,0,0,1,0,0,0,2
71,9207.072,-9490.351,-242.018,-61.990,0.470695,0.882259,-0.008087,-0.880745,0.469305,-0.063564,-0.052285,0.037042,0.997945,0,0.27256,0.37023,16.353,0.740,575.000,350.000,-1,375.000,975.000,325.000,325.000,275.000,275.000,-1,400.000,425.000,825.000,575.000,625.000,650.000,-1,0,0,2,0,0,0,0,0,0,2,0,0,1,0,0,0,2
72,9217.325,-9508.852,-243.030,-61.009,0.485784,0.874011,-0.010896,-0.872706,0.484285,-0.062066,-0.048970,0.039659,0.998013,0,0.35256,0.49023,21.153,0.980,600.000,350.000,-1,375.000,975.000,300.000,325.000,275.000,275.000,-1,400.000,400.000,825.000,575.000,650.000,675.000,-1,0,0,2,0,0,0,0,0,0,2,0,0,1,0,0,0,2
73,9230.386,-9531.279,-244.228,-59.789,0.504342,0.863385,-0.014351,-0.862334,0.502725,-0.060398,-0.044932,0.042837,0.998071,0,0.43256,0.61023,25.953,1.220,600.000,350.000,-1,375.000,1000.000,300.000,325.000,275.000,275.000,-1,350.000,375.000,825.000,575.000,650.000,700.000,-1,0,0,2,0,0,0,0,0,0,2,0,0,1,0,0,0,2
74,9246.534,-9557.451,-245.510,-58.329,0.526211,0.850162,-0.018080,-0.849392,0.524487,-0.058709,-0.040430,0.046250,0.998111,0,0.51256,0.73023,30.753,1.460,625.000,350.000,-1,375.000,1000.000,300.000,325.000,275.000,275.000,-1,325.000,325.000,825.000,575.000,650.000,700.000,-1,0,0,2,0,0,0,0,0,0,2,0,0,1,0,0,0,2
75,9266.082,-9587.147,-246.959,-56.649,0.550903,0.834264,-0.022577,-0.833827,0.549072,-0.057030,-0.035181,0.050243,0.998117,0,0.59256,0.83973,35.553,1.679,650.000,350.000,-1,400.000,-1,300.000,325.000,275.000,275.000,-1,275.000,275.000,825.000,575.000,650.000,725.000,-1,0,0,2,0,2,0,0,0,0,2,0,0,1,0,0,0,2
76,9289.243,-9620.191,-248.560,-54.977,0.574966,0.817705,-0.027802,-0.817651,0.573046,-0.055367,-0.029342,0.054567,0.998079,0,0.67256,0.83585,40.353,1.672,650.000,350.000,-1,400.000,-1,300.000,325.000,275.000,275.000,-1,250.000,250.000,850.000,575.000,650.000,725.000,-1,0,0,2,0,2,0,0,0,0,2,0,0,1,0,0,0,2
77,9316.221,-9656.398,-249.812,-53.314,0.598376,0.800596,-0.031495,-0.800846,0.596443,-0.053868,-0.024341,0.057456,0.998051,0,0.75256,0.83168,45.153,1.663,625.000,350.000,-1,375.000,-1,300.000,325.000,275.000,275.000,-1,250.000,250.000,875.000,575.000,625.000,725.000,-1,0,0,2,0,2,0,0,0,0,2,0,0,1,0,0,0,2
78,9347.067,-9695.395,-250.970,-51.659,0.621131,0.782928,-0.034940,-0.783467,0.619220,-0.052408,-0.019396,0.059926,0.998014,0,0.82871,0.82727,49.723,1.655,625.000,350.000,-1,375.000,-1,300.000,300.000,300.000,275.000,-1,275.000,250.000,900.000,575.000,625.000,700.000,1000.000,0,0,2,0,2,0,0,0,0,2,0,0,1,0,0,0,0
79,9379.423,-9733.965,-252.100,-50.010,0.643275,0.764658,-0.038667,-0.765501,0.641396,-0.051172,-0.014328,0.062518,0.997941,0,0.83908,0.82469,50.345,1.649,600.000,350.000,-1,375.000,-1,300.000,300.000,300.000,275.000,-1,275.000,250.000,850.000,575.000,600.000,675.000,975.000,0,0,2,0,2,0,0,0,0,2,0,0,0,0,0,0,0
80,9413.084,-9771.803,-253.079,-48.346,0.665034,0.745600,-0.042551,-0.746761,0.663235,-0.049681,-0.008821,0.064815,0.997858,0,0.84408,0.83208,50.645,1.664,600.000,350.000,-1,350.000,-1,300.000,300.000,300.000,275.000,-1,275.000,275.000,800.000,575.000,600.000,675.000,925.000,0,0,2,0,2,0,0,0,0,2,0,0,0,0,0,0,0
81,9448.061,-9808.872,-253.739,-46.667,0.686355,0.725778,-0.046514,-0.727263,0.684737,-0.047158,-0.002377,0.066195,0.997804,0,0.84944,0.83964,50.966,1.679,600.000,350.000,-1,350.000,975.000,300.000,300.000,275.000,275.000,-1,275.000,275.000,775.000,550.000,600.000,650.000,925.000,0,0,2,0,0,0,0,0,0,2,0,0,0,0,0,0,0
82,9480.575,-9841.646,-253.594,-45.227,0.704027,0.708414,-0.049960,-0.710151,0.702814,-0.041681,0.005585,0.064824,0.997881,0,0.76944,0.71964,46.166,1.439,600.000,350.000,-1,350.000,-1,300.000,300.000,275.000,275.000,-1,275.000,250.000,750.000,550.000,600.000,650.000,975.000,0,0,2,0,2,0,0,0,0,2,0,0,0,0,0,0,0
83,9511.797,-9871.827,-252.963,-44.028,0.718303,0.693684,-0.053316,-0.695580,0.717627,-0.034338,0.014441,0.061751,0.997987,0,0.72376,0.59964,43.426,1.199,600.000,350.000,-1,350.000,-1,300.000,300.000,275.000,275.000,-1,250.000,225.000,750.000,550.000,625.000,675.000,-1,0,0,2,0,2,0,0,0,0,2,0,0,0,0,0,0,2
84,9543.662,-9901.615,-252.359,-43.069,0.729410,0.681696,-0.057025,-0.683687,0.729272,-0.027103,0.023111,0.058756,0.998005,0,0.72699,0.47964,43.620,0.959,600.000,350.000,-1,375.000,-1,300.000,300.000,275.000,300.000,-1,225.000,175.000,750.000,575.000,650.000,700.000,-1,0,0,2,0,2,0,0,0,0,2,0,0,0,0,0,0,2
85,9575.899,-9931.000,-251.438,-42.350,0.737531,0.672546,-0.061068,-0.674628,0.737837,-0.021776,0.030413,0.057259,0.997896,0,0.72699,0.35964,43.620,0.719,625.000,350.000,-1,375.000,-1,300.000,300.000,275.000,300.000,-1,225.000,150.000,750.000,575.000,650.000,700.000,-1,0,0,2,0,2,0,0,0,0,2,0,0,0,0,0,0,2
86,9608.382,-9960.112,-249.695,-41.870,0.742834,0.666270,-0.065430,-0.668577,0.743347,-0.020973,0.034664,0.059324,0.997637,0,0.72699,0.23964,43.620,0.479,650.000,350.000,-1,375.000,-1,300.000,300.000,275.000,300.000,-1,250.000,175.000,750.000,575.000,675.000,725.000,-1,0,0,2,0,2,0,0,0,0,2,0,0,0,0,0,0,2
87,9641.113,-9989.120,-247.945,-41.553,0.746197,0.662056,-0.069798,-0.664602,0.746919,-0.020383,0.038639,0.061597,0.997353,0,0.72892,0.15851,43.735,0.317,675.000,350.000,-1,375.000,-1,300.000,300.000,275.000,300.000,-1,275.000,200.000,750.000,575.000,675.000,750.000,-1,0,0,2,0,2,0,0,0,0,2,0,0,0,0,0,0,2
88,9674.098,-10018.036,-246.190,-41.243,0.749438,0.657903,-0.074203,-0.660703,0.750384,-0.019886,0.042597,0.063930,0.997045,0,0.73108,0.15518,43.865,0.310,700.000,350.000,-1,375.000,-1,300.000,300.000,275.000,300.000,-1,275.000,200.000,750.000,575.000,675.000,775.000,-1,0,0,2,0,2,0,0,0,0,2,0,0,0,0,0,0,2
89,9707.325,-10046.855,-244.430,-40.939,0.752555,0.653816,-0.078642,-0.656883,0.753741,-0.019483,0.046538,0.066320,0.996713,0,0.73306,0.15177,43.984,0.304,725.000,350.000,-1,375.000,-1,300.000,300.000,275.000,300.000,-1,300.000,225.000,750.000,575.000,675.000,800.000,-1,0,0,2,0,2,0,0,0,0,2,0,0,0,0,0,0,2
90,9740.783,-10075.571,-242.666,-40.643,0.755549,0.649798,-0.083113,-0.653146,0.756990,-0.019170,0.050459,0.068769,0.996356,0,0.73485,0.14829,44.091,0.297,750.000,350.000,-1,375.000,-1,300.000,300.000,275.000,300.000,-1,300.000,225.000,750.000,575.000,675.000,825.000,-1,0,0,2,0,2,0,0,0,0,2,0,0,0,0,0,0,2
91,9774.461,-10104.179,-240.531,-40.353,0.758261,0.645781,-0.089486,-0.649581,0.760047,-0.019313,0.055542,0.072773,0.995801,0,0.73646,0.14475,44.188,0.290,900.000,350.000,-1,375.000,-1,300.000,300.000,275.000,300.000,-1,300.000,225.000,750.000,600.000,675.000,975.000,-1,0,0,2,0,2,0,0,0,0,2,0,0,0,0,0,0,2
92,9808.345,-10132.675,-238.346,-40.071,0.760806,0.641823,-0.096118,-0.646130,0.762975,-0.019610,0.060750,0.077024,0.995177,0,0.73788,0.14115,44.273,0.282,-1,350.000,-1,375.000,-1,300.000,300.000,300.000,300.000,-1,325.000,250.000,725.000,600.000,675.000,-1,-1,2,0,2,0,2,0,0,0,0,2,0,0,0,0,0,2,2
93,9842.422,-10161.056,-236.157,-39.796,0.763203,0.637934,-0.102771,-0.642786,0.765784,-0.020014,0.065933,0.081334,0.994504,0,0.73911,0.13751,44.347,0.275,-1,350.000,-1,375.000,-1,300.000,300.000,300.000,300.000,-1,325.000,250.000,700.000,625.000,675.000,-1,-1,2,0,2,0,2,0,0,0,0,2,0,0,0,0,0,2,2
94,9876.999,-10189.560,-233.690,-39.511,0.765589,0.633867,-0.109939,-0.639352,0.768637,-0.020622,0.071432,0.086078,0.993724,0,0.74684,0.14237,44.810,0.285,-1,375.000,-1,375.000,-1,300.000,300.000,300.000,300.000,-1,325.000,250.000,700.000,650.000,675.000,-1,-1,2,0,2,0,2,0,0,0,0,2,0,0,0,0,0,2,2
95,9911.848,-10218.009,-230.930,-39.234,0.767925,0.629915,-0.116183,-0.635978,0.771418,-0.021136,0.076312,0.090121,0.993003,0,0.74976,0.13860,44.986,0.277,-1,375.000,-1,375.000,-1,300.000,300.000,300.000,275.000,-1,350.000,250.000,650.000,650.000,675.000,-1,-1,2,0,2,0,2,0,0,0,0,2,0,0,0,0,0,2,2
96,9946.954,-10246.400,-227.188,-38.965,0.770637,0.626252,-0.118011,-0.632436,0.774334,-0.020769,0.078374,0.090640,0.992795,0,0.75250,0.13467,45.150,0.269,-1,375.000,-1,375.000,1000.000,300.000,300.000,300.000,275.000,-1,375.000,300.000,675.000,650.000,675.000,-1,-1,2,0,2,0,1,0,0,0,0,2,0,0,0,0,0,2,2
97,9982.309,-10274.726,-223.386,-38.703,0.773272,0.622696,-0.119581,-0.628977,0.777156,-0.020392,0.080235,0.090982,0.992615,0,0.75504,0.13059,45.303,0.261,-1,375.000,-1,375.000,975.000,300.000,300.000,300.000,275.000,-1,400.000,325.000,700.000,675.000,650.000,-1,-1,2,0,2,0,1,0,0,0,0,2,0,0,0,0,0,2,2
98,10017.898,-10302.984,-219.588,-38.451,0.775797,0.619240,-0.121164,-0.625622,0.779868,-0.020062,0.082068,0.091367,0.992430,0,0.75738,0.12637,45.443,0.253,-1,375.000,-1,375.000,950.000,300.000,300.000,300.000,275.000,-1,450.000,375.000,725.000,675.000,650.000,-1,-1,2,0,2,0,1,0,0,0,0,2,0,0,0,0,0,2,2
99,10053.706,-10331.168,-215.794,-38.207,0.778211,0.615888,-0.122758,-0.622377,0.782467,-0.019781,0.083872,0.091795,0.992239,0,0.75950,0.12201,45.570,0.244,-1,375.000,-1,375.000,925.000,300.000,300.000,300.000,275.000,-1,475.000,400.000,725.000,675.000,650.000,-1,-1,2,0,2,0,1,0,0,0,0,2,0,0,0,0,0,2,2
100,10089.719,-10359.276,-211.652,-37.972,0.780450,0.612721,-0.124382,-0.619178,0.785048,-0.017865,0.086700,0.090957,0.992074,0,0.76138,0.11750,45.683,0.235,-1,375.000,-1,375.000,900.000,300.000,300.000,300.000,275.000,-1,500.000,425.000,750.000,700.000,675.000,-1,-1,2,0,2,0,1,0,0,0,0,2,0,0,0,0,0,2,2
101,10125.920,-10387.303,-207.401,-37.746,0.782554,0.609692,-0.126034,-0.616065,0.787544,-0.015437,0.089846,0.089726,0.991906,0,0.76303,0.11286,45.782,0.226,-1,375.000,-1,375.000,875.000,300.000,325.000,300.000,275.000,-1,500.000,450.000,775.000,700.000,675.000,-1,-1,2,0,2,0,1,0,0,0,0,2,0,0,0,0,0,2,2
102,10162.293,-10415.244,-203.162,-37.530,0.784543,0.606781,-0.127707,-0.613067,0.789923,-0.013063,0.092952,0.088542,0.991726,0,0.76443,0.10809,45.866,0.216,-1,375.000,-1,375.000,875.000,300.000,325.000,300.000,300.000,-1,475.000,500.000,800.000,725.000,675.000,-1,-1,2,0,2,0,1,0,0,0,0,2,0,0,0,0,0,2,2
103,10198.821,-10443.096,-198.857,-37.323,0.786402,0.604008,-0.129406,-0.610169,0.792204,-0.010363,0.096256,0.087109,0.991538,0,0.76557,0.10319,45.934,0.206,-1,375.000,-1,375.000,875.000,325.000,325.000,275.000,300.000,-1,450.000,475.000,825.000,750.000,700.000,-1,-1,2,0,2,0,1,0,0,0,0,2,0,0,0,0,0,2,2
104,10235.485,-10470.854,-194.465,-37.127,0.788127,0.601382,-0.131133,-0.607364,0.794391,-0.007225,0.099826,0.085339,0.991338,0,0.76644,0.09817,45.986,0.196,-1,375.000,-1,375.000,875.000,325.000,325.000,275.000,300.000,-1,400.000,450.000,850.000,750.000,700.000,-1,-1,2,0,2,0,1,0,0,0,0,2,0,0,0,0,0,2,2
105,10272.269,-10498.514,-189.942,-36.941,0.789759,0.598858,-0.132853,-0.604727,0.796418,-0.004874,0.102888,0.084189,0.991124,0,0.76704,0.09304,46.022,0.186,-1,400.000,-1,375.000,900.000,325.000,325.000,275.000,300.000,-1,400.000,425.000,850.000,775.000,725.000,-1,-1,2,0,2,0,1,0,0,0,0,2,0,0,0,0,0,2,2
106,10309.153,-10526.071,-185.140,-36.765,0.791326,0.596410,-0.134531,-0.602319,0.798245,-0.004081,0.104955,0.084261,0.990901,0,0.76735,0.08781,46.041,0.176,-1,400.000,-1,400.000,-1,325.000,325.000,275.000,300.000,-1,425.000,450.000,875.000,775.000,725.000,-1,-1,2,0,2,0,2,0,0,0,0,2,0,0,0,0,0,2,2
107,10346.118,-10553.523,-180.355,-36.600,0.792773,0.594103,-0.136208,-0.600056,0.799951,-0.003333,0.106980,0.084375,0.990675,0,0.76738,0.08249,46.043,0.165,-1,400.000,-1,400.000,-1,325.000,325.000,275.000,300.000,-1,425.000,450.000,900.000,775.000,725.000,-1,-1,2,0,2,0,2,0,0,0,0,2,0,0,0,0,0,2,2
108,10383.144,-10580.866,-175.537,-36.446,0.794110,0.591930,-0.137870,-0.597958,0.801522,-0.002901,0.108789,0.084744,0.990446,0,0.76712,0.07710,46.027,0.154,-1,400.000,-1,400.000,-1,325.000,325.000,275.000,300.000,-1,450.000,475.000,925.000,800.000,750.000,-1,-1,2,0,2,0,2,0,0,0,0,2,0,0,0,0,0,2,2
109,10420.211,-10608.096,-170.674,-36.303,0.795425,0.589889,-0.139032,-0.596033,0.802953,-0.003212,0.109741,0.085423,0.990283,0,0.76658,0.07164,45.995,0.143,-1,400.000,-1,400.000,-1,325.000,325.000,275.000,300.000,-1,475.000,500.000,950.000,800.000,750.000,-1,-1,2,0,2,0,2,0,0,0,0,2,0,0,0,0,0,2,2
110,10453.572,-10632.263,-166.401,-35.920,0.799255,0.584513,-0.139770,-0.590688,0.806893,-0.003376,0.110806,0.085259,0.990178,0,0.68658,0.19164,41.195,0.383,-1,400.000,-1,400.000,-1,325.000,325.000,275.000,300.000,-1,500.000,500.000,975.000,800.000,750.000,-1,-1,2,0,2,0,2,0,0,0,0,2,0,0,0,0,0,2,2
111,10483.276,-10653.292,-162.614,-35.296,0.805472,0.575732,-0.140523,-0.581906,0.813248,-0.003533,0.112246,0.084617,0.990071,0,0.60658,0.31164,36.395,0.623,-1,400.000,-1,400.000,-1,325.000,325.000,275.000,300.000,-1,525.000,500.000,1000.000,800.000,750.000,-1,-1,2,0,2,0,2,0,0,0,0,2,0,0,0,0,0,2,2
112,10509.304,-10671.201,-159.311,-34.529,0.813019,0.564841,-0.141261,-0.570992,0.820947,-0.003699,0.113878,0.083666,0.989966,0,0.52658,0.38346,31.595,0.767,-1,400.000,-1,400.000,-1,325.000,325.000,275.000,300.000,-1,550.000,500.000,1000.000,800.000,750.000,-1,-1,2,0,2,0,2,0,0,0,0,2,0,0,0,0,0,2,2
113,10531.577,-10686.096,-156.494,-33.772,0.820336,0.553988,-0.141940,-0.560110,0.828409,-0.003876,0.115436,0.082682,0.989868,0,0.44658,0.37862,26.795,0.757,-1,400.000,-1,400.000,-1,325.000,325.000,275.000,300.000,-1,550.000,500.000,-1,825.000,750.000,-1,-1,2,0,2,0,2,0,0,0,0,2,0,0,2,0,0,2,2
114,10550.017,-10698.083,-154.170,-33.022,0.827450,0.543145,-0.142545,-0.549233,0.835660,-0.004055,0.116916,0.081646,0.989780,0,0.36658,0.37493,21.995,0.750,-1,400.000,-1,400.000,-1,325.000,325.000,300.000,300.000,-1,575.000,475.000,-1,825.000,750.000,-1,-1,2,0,2,0,2,0,0,0,0,2,0,0,2,0,0,2,2
115,10564.555,-10707.265,-152.344,-32.275,0.834415,0.532244,-0.143065,-0.538286,0.842752,-0.004224,0.118320,0.080535,0.989704,0,0.28658,0.37380,17.195,0.748,-1,400.000,-1,400.000,-1,325.000,325.000,300.000,300.000,-1,575.000,475.000,-1,825.000,750.000,-1,-1,2,0,2,0,2,0,0,0,0,2,0,0,2,0,0,2,2
116,10575.118,-10713.748,-150.932,-31.529,0.841297,0.521291,-0.143094,-0.527226,0.849715,-0.004227,0.119385,0.078999,0.989700,0,0.20658,0.37299,12.395,0.746,-1,400.000,-1,400.000,-1,325.000,325.000,300.000,300.000,-1,575.000,475.000,-1,825.000,750.000,-1,-1,2,0,2,0,2,0,0,0,0,2,0,0,2,0,0,2,2
117,10581.641,-10717.636,-150.033,-30.784,0.848039,0.510266,-0.143032,-0.516081,0.856529,-0.004192,0.120372,0.077372,0.989709,0,0.12658,0.37245,7.595,0.745,-1,425.000,-1,400.000,-1,325.000,325.000,300.000,300.000,-1,575.000,475.000,-1,825.000,750.000,-1,-1,2,0,2,0,2,0,0,0,0,2,0,0,2,0,0,2,2
118,10584.060,-10719.036,-149.706,-30.040,0.854616,0.499156,-0.143087,-0.504865,0.863188,-0.004193,0.121418,0.075823,0.989701,0,0.04658,0.37214,2.795,0.744,-1,425.000,-1,400.000,-1,325.000,325.000,300.000,300.000,-1,575.000,475.000,-1,825.000,750.000,-1,-1,2,0,2,0,2,0,0,0,0,2,0,0,2,0,0,2,2
119,10582.310,-10718.056,-149.960,-29.295,0.861031,0.487959,-0.143254,-0.493572,0.869694,-0.004229,0.122524,0.074348,0.989677,0,-0.03342,0.37203,-2.005,0.744,-1,425.000,-1,400.000,-1,325.000,325.000,300.000,300.000,-1,550.000,475.000,-1,825.000,750.000,-1,-1,2,0,2,0,2,0,0,0,0,2,0,0,2,0,0,2,2
120,10576.331,-10714.804,-150.803,-28.551,0.867285,0.476672,-0.143533,-0.482201,0.876050,-0.004299,0.123693,0.072940,0.989636,0,-0.11342,0.37210,-6.805,0.744,-1,425.000,-1,400.000,-1,325.000,325.000,275.000,300.000,-1,525.000,450.000,-1,825.000,750.000,-1,-1,2,0,2,0,2,0,0,0,0,2,0,0,2,0,0,2,2
121,10566.065,-10709.391,-152.245,-27.807,0.873379,0.465291,-0.143923,-0.470747,0.882257,-0.004403,0.124928,0.071597,0.989579,0,-0.19342,0.37234,-11.605,0.745,-1,425.000,-1,400.000,-1,325.000,325.000,275.000,300.000,-1,500.000,425.000,-1,825.000,750.000,-1,-1,2,0,2,0,2,0,0,0,0,2,0,0,2,0,0,2,2
122,10551.454,-10701.929,-154.144,-27.061,0.879409,0.453833,-0.143794,-0.459143,0.888352,-0.004250,0.125811,0.069759,0.989599,0,-0.27342,0.37272,-16.405,0.745,-1,425.000,-1,400.000,-1,325.000,325.000,275.000,300.000,-1,500.000,400.000,-1,825.000,750.000,-1,-1,2,0,2,0,2,0,0,0,0,2,0,0,2,0,0,2,2
123,10532.445,-10692.530,-156.585,-26.315,0.885326,0.442283,-0.143470,-0.447416,0.894317,-0.003963,0.126556,0.067699,0.989647,0,-0.35342,0.37326,-21.205,0.747,-1,425.000,-1,400.000,-1,325.000,325.000,275.000,300.000,-1,475.000,400.000,-1,850.000,750.000,-1,-1,2,0,2,0,2,0,0,0,0,2,0,0,2,0,0,2,2
124,10509.121,-10681.374,-159.583,-25.567,0.891117,0.430635,-0.143056,-0.435573,0.900146,-0.003577,0.127231,0.065498,0.989708,0,-0.43091,0.37396,-25.854,0.748,-1,425.000,-1,400.000,-1,325.000,325.000,275.000,300.000,-1,450.000,375.000,1000.000,850.000,775.000,-1,-1,2,0,2,0,2,0,0,0,0,2,0,0,0,0,0,2,2
125,10485.664,-10670.530,-162.605,-24.817,0.896764,0.418881,-0.142661,-0.423622,0.905834,-0.003169,0.127900,0.063276,0.989766,0,-0.43070,0.37482,-25.842,0.750,-1,425.000,-1,400.000,-1,325.000,325.000,275.000,300.000,-1,425.000,350.000,1000.000,825.000,775.000,-1,-1,2,0,2,0,2,0,0,0,0,2,0,0,0,0,0,2,2
126,10462.078,-10659.998,-165.651,-24.066,0.902267,0.407023,-0.142287,-0.411565,0.911376,-0.002741,0.128561,0.061034,0.989822,0,-0.43050,0.37569,-25.830,0.751,-1,400.000,-1,400.000,-1,325.000,325.000,275.000,300.000,-1,400.000,350.000,975.000,825.000,775.000,-1,-1,2,0,2,0,2,0,0,0,0,2,0,0,0,0,0,2,2
