timestep,x_cm,y_cm,z_cm,yaw_deg,basis_xx,basis_xy,basis_xz,basis_yx,basis_yy,basis_yz,basis_zx,basis_zy,basis_zz,teleport_flag,throttle_cmd,steering_cmd,cmd_move_cm,cmd_turn_deg,lidar_cm_0,lidar_cm_1,lidar_cm_2,lidar_cm_3,lidar_cm_4,lidar_cm_5,lidar_cm_6,lidar_cm_7,lidar_cm_8,lidar_cm_9,lidar_cm_10,lidar_cm_11,lidar_cm_12,lidar_cm_13,lidar_cm_14,lidar_cm_15,lidar_cm_16,lidar_class_0,lidar_class_1,lidar_class_2,lidar_class_3,lidar_class_4,lidar_class_5,lidar_class_6,lidar_class_7,lidar_class_8,lidar_class_9,lidar_class_10,lidar_class_11,lidar_class_12,lidar_class_13,lidar_class_14,lidar_class_15,lidar_class_16
0,-2213.939,-7332.127,26.749,-41.956,0.742769,0.668272,0.041321,-0.667763,0.743880,-0.027111,-0.048855,-0.007455,0.998778,0,0.19868,0.84046,1.988,-0.147,15.689,812.331,-1,880.019,-1,679.955,691.347,443.820,783.969,-1,-1,-1,-1,-1,-1,11.786,-1,1,0,2,0,2,0,0,0,0,2,2,2,2,2,2,1,2
1,-2212.781,-7333.870,29.298,-42.100,0.741216,0.670042,0.040527,-0.669733,0.742252,-0.022786,-0.045348,-0.010253,0.998919,0,0.19868,0.84046,2.092,-0.144,-1,826.602,-1,900.441,-1,696.564,708.443,445.979,818.009,-1,-1,-1,-1,-1,-1,-1,-1,2,0,2,0,2,0,0,0,0,2,2,2,2,2,2,2,2
2,-2211.480,-7335.608,30.737,-42.233,0.739751,0.671639,0.040862,-0.671534,0.740748,-0.018297,-0.042557,-0.013906,0.998997,0,0.19868,0.84046,2.171,-0.133,-1,834.949,-1,914.841,-1,707.398,721.285,444.335,850.398,-1,-1,-1,-1,-1,-1,-1,-1,2,0,2,0,2,0,0,0,0,2,2,2,2,2,2,2,2
3,-2210.017,-7337.334,31.020,-42.339,0.738571,0.672876,0.041830,-0.672975,0.739537,-0.013794,-0.040217,-0.017962,0.999030,0,0.19868,0.84046,2.263,-0.107,-1,838.807,-1,925.680,-1,714.089,730.041,439.531,875.339,-1,-1,-1,-1,-1,-1,-1,-1,2,0,2,0,2,0,0,0,0,2,2,2,2,2,2,2,2
4,-2208.408,-7338.972,30.245,-42.413,0.737739,0.673685,0.043470,-0.673950,0.738703,-0.010447,-0.039149,-0.021590,0.999000,0,0.19868,0.84046,2.296,-0.073,-1,836.850,-1,929.963,-1,714.779,732.393,432.938,892.888,-1,-1,-1,-1,-1,-1,-1,-1,2,0,2,0,2,0,0,0,0,2,2,2,2,2,2,2,2
5,-2206.661,-7340.481,28.648,-42.432,0.737478,0.673827,0.045647,-0.674167,0.738514,-0.009816,-0.040325,-0.023535,0.998909,0,0.19868,0.84046,2.309,-0.019,-1,828.107,-1,924.215,-1,707.719,725.945,426.704,896.099,-1,-1,-1,-1,-1,-1,-1,-1,2,0,2,0,2,0,0,0,0,2,2,2,2,2,2,2,2
6,-2204.814,-7342.040,26.557,-42.413,0.737605,0.673544,0.047710,-0.673841,0.738779,-0.011995,-0.043327,-0.023301,0.998789,0,0.19868,0.84046,2.417,0.019,13.538,815.082,-1,910.073,-1,695.138,712.816,422.229,883.443,-1,-1,-1,-1,-1,-1,27.831,-1,1,0,2,0,2,0,0,0,0,2,2,2,2,2,2,1,2
7,-2202.905,-7343.810,24.258,-42.385,0.737788,0.673217,0.049468,-0.673340,0.739146,-0.016642,-0.047768,-0.021030,0.998637,0,0.19868,0.84046,2.604,0.028,13.494,799.561,-1,889.763,-1,679.046,695.222,419.972,857.830,-1,-1,-1,-1,-1,-1,34.937,-1,1,0,2,0,2,0,0,0,0,2,2,2,2,2,2,1,2
8,-2200.922,-7345.853,21.980,-42.357,0.737917,0.672983,0.050721,-0.672786,0.739466,-0.023423,-0.053270,-0.016840,0.998438,0,0.19868,0.84046,2.846,0.028,13.482,782.526,-1,863.574,-1,660.203,675.234,420.324,820.363,-1,-1,-1,-1,-1,-1,35.355,-1,1,0,2,0,2,0,0,0,0,2,2,2,2,2,2,1,2
9,-2198.836,-7348.184,19.884,-42.330,0.737976,0.672865,0.051418,-0.672209,0.739681,-0.031737,-0.059388,-0.011142,0.998173,0,0.19868,0.84046,3.129,0.027,13.506,765.967,-1,835.211,-1,641.112,653.784,423.186,771.819,-1,-1,-1,-1,-1,-1,34.525,-1,1,0,2,0,2,0,0,0,0,2,2,2,2,2,2,1,2
10,-2196.521,-7350.846,18.272,-42.304,0.738053,0.672775,0.051496,-0.671670,0.739824,-0.038989,-0.064329,-0.005812,0.997912,0,0.19868,0.84046,3.528,0.026,13.602,753.709,-1,812.795,14.485,626.818,636.921,426.829,736.719,-1,-1,-1,-1,-1,-1,32.051,24.607,1,0,2,0,1,0,0,0,0,2,2,2,2,2,2,1,1
11,-2193.796,-7353.737,17.436,-42.264,0.738418,0.672444,0.050577,-0.671058,0.740145,-0.043201,-0.066485,-0.002039,0.997785,0,0.19868,0.84046,3.973,0.040,13.614,749.358,-1,801.847,14.464,621.445,629.880,430.293,716.147,-1,-1,-1,-1,-1,-1,31.778,24.673,1,0,2,0,1,0,0,0,0,2,2,2,2,2,2,1,1
12,-2190.656,-7356.790,17.340,-42.220,0.738943,0.671966,0.049240,-0.670495,0.740582,-0.044439,-0.066328,-0.000177,0.997798,0,0.19868,0.84046,4.379,0.044,13.631,751.228,-1,800.764,14.441,623.185,631.032,432.884,709.679,-1,-1,-1,-1,-1,-1,31.458,24.757,1,0,2,0,1,0,0,0,0,2,2,2,2,2,2,1,1
13,-2187.204,-7359.893,17.807,-42.183,0.739418,0.671494,0.048543,-0.670069,0.741010,-0.043726,-0.065333,-0.000195,0.997864,0,0.19868,0.84046,4.641,0.036,13.639,755.196,-1,805.014,14.429,628.246,636.310,434.075,715.177,-1,-1,-1,-1,-1,-1,31.295,24.802,1,0,2,0,1,0,0,0,0,2,2,2,2,2,2,1,1
14,-2183.476,-7363.117,18.595,-42.149,0.739866,0.670969,0.048982,-0.669667,0.741483,-0.041822,-0.064381,-0.001859,0.997924,0,0.42284,0.76019,4.929,0.034,13.691,758.583,-1,811.448,-1,633.849,642.767,433.740,730.319,-1,-1,-1,-1,-1,-1,30.377,-1,1,0,2,0,2,0,0,0,0,2,2,2,2,2,2,1,2
15,-2179.436,-7366.688,19.448,-42.142,0.739993,0.670740,0.050186,-0.669614,0.741678,-0.039114,-0.063457,-0.004661,0.997974,0,0.42284,0.76019,5.392,0.007,14.138,761.263,-1,819.012,-1,639.548,648.971,432.178,751.861,-1,-1,-1,-1,-1,-1,26.139,-1,1,0,2,0,2,0,0,0,0,2,2,2,2,2,2,1,2
16,-2175.166,-7370.713,20.209,-42.198,0.739380,0.671264,0.052175,-0.670372,0.741168,-0.035642,-0.062596,-0.008624,0.998002,0,0.42284,0.76019,5.869,-0.056,14.569,762.664,-1,827.294,-1,644.375,655.283,428.932,779.655,-1,-1,-1,-1,-1,-1,24.344,-1,1,0,2,0,2,0,0,0,0,2,2,2,2,2,2,1,2
17,-2170.553,-7375.107,20.715,-42.271,0.738560,0.672005,0.054201,-0.671346,0.740440,-0.032301,-0.061839,-0.012531,0.998007,0,0.42284,0.76019,6.370,-0.073,14.637,763.009,-1,834.693,-1,648.185,660.963,425.320,804.549,-1,-1,-1,-1,-1,-1,24.151,-1,1,0,2,0,2,0,0,0,0,2,2,2,2,2,2,1,2
18,-2165.625,-7379.874,20.860,-42.349,0.737670,0.672836,0.055982,-0.672375,0.739621,-0.029523,-0.061269,-0.015863,0.997995,0,0.42284,0.76019,6.856,-0.078,14.809,762.486,-1,840.161,-1,650.893,665.298,421.813,823.852,-1,-1,-1,-1,-1,-1,23.730,-1,1,0,2,0,2,0,0,0,0,2,2,2,2,2,2,1,2
19,-2160.507,-7385.030,20.640,-42.451,0.736471,0.674016,0.057556,-0.673686,0.738492,-0.027878,-0.061295,-0.018243,0.997953,0,0.42284,0.76019,7.265,-0.102,14.974,760.435,-1,841.529,-1,651.600,667.197,418.903,837.569,-1,-1,-1,-1,-1,-1,23.405,-1,1,0,2,0,2,0,0,0,0,2,2,2,2,2,2,1,2
20,-2155.238,-7390.570,20.089,-42.570,0.735024,0.675467,0.059028,-0.675172,0.737135,-0.027837,-0.062314,-0.019393,0.997868,0,0.42284,0.76019,7.646,-0.119,15.086,756.185,-1,838.100,-1,649.497,665.695,416.973,842.902,-1,-1,-1,-1,-1,-1,23.218,-1,1,0,2,0,2,0,0,0,0,2,2,2,2,2,2,1,2
21,-2149.816,-7396.513,19.214,-42.706,0.733331,0.677183,0.060407,-0.676835,0.735557,-0.029172,-0.064188,-0.019492,0.997747,0,0.42284,0.76019,8.044,-0.136,15.160,749.987,-1,830.785,-1,644.929,661.220,415.793,840.692,-1,-1,-1,-1,-1,-1,23.110,-1,1,0,2,0,2,0,0,0,0,2,2,2,2,2,2,1,2
22,-2144.250,-7402.853,18.086,-42.854,0.731458,0.679112,0.061447,-0.678624,0.733801,-0.031701,-0.066618,-0.018512,0.997607,0,0.42284,0.76019,8.437,-0.148,15.221,742.765,-1,820.594,-1,638.799,654.709,415.561,832.143,-1,-1,-1,-1,-1,-1,23.031,-1,1,0,2,0,2,0,0,0,0,2,2,2,2,2,2,1,2
23,-2138.542,-7409.591,16.770,-43.025,0.729269,0.681367,0.062493,-0.680658,0.731750,-0.035312,-0.069790,-0.016784,0.997420,0,0.42284,0.76019,8.830,-0.171,15.301,734.048,-1,807.580,-1,630.860,646.039,415.915,819.761,-1,-1,-1,-1,-1,-1,22.930,-1,1,0,2,0,2,0,0,0,0,2,2,2,2,2,2,1,2
24,-2132.673,-7416.655,15.379,-43.212,0.726832,0.683851,0.063740,-0.682830,0.729479,-0.040043,-0.073880,-0.014419,0.997163,0,0.42284,0.76019,9.185,-0.187,15.288,723.646,-1,791.843,-1,621.042,635.180,417.687,804.184,-1,-1,-1,-1,-1,-1,22.944,-1,1,0,2,0,2,0,0,0,0,2,2,2,2,2,2,1,2
25,-2126.615,-7424.026,14.008,-43.408,0.724227,0.686476,0.065154,-0.685060,0.727059,-0.045584,-0.078663,-0.011621,0.996834,0,0.42284,0.76019,9.541,-0.196,15.252,712.216,-1,773.787,-1,610.133,623.042,420.540,787.097,-1,-1,-1,-1,-1,-1,22.988,-1,1,0,2,0,2,0,0,0,0,2,2,2,2,2,2,1,2
26,-2120.301,-7431.689,12.687,-43.612,0.721460,0.689193,0.067145,-0.687337,0.724521,-0.051364,-0.084047,-0.009094,0.996420,0,0.42284,0.76019,9.929,-0.204,15.220,699.595,-1,755.062,-1,598.361,610.138,422.686,771.898,-1,-1,-1,-1,-1,-1,23.030,-1,1,0,2,0,2,0,0,0,0,2,2,2,2,2,2,1,2
