timestep,x_cm,y_cm,z_cm,yaw_deg,basis_xx,basis_xy,basis_xz,basis_yx,basis_yy,basis_yz,basis_zx,basis_zy,basis_zz,teleport_flag,throttle_cmd,steering_cmd,cmd_move_cm,cmd_turn_deg,lidar_cm_0,lidar_cm_1,lidar_cm_2,lidar_cm_3,lidar_cm_4,lidar_cm_5,lidar_cm_6,lidar_cm_7,lidar_cm_8,lidar_cm_9,lidar_cm_10,lidar_cm_11,lidar_cm_12,lidar_cm_13,lidar_cm_14,lidar_cm_15,lidar_cm_16,lidar_class_0,lidar_class_1,lidar_class_2,lidar_class_3,lidar_class_4,lidar_class_5,lidar_class_6,lidar_class_7,lidar_class_8,lidar_class_9,lidar_class_10,lidar_class_11,lidar_class_12,lidar_class_13,lidar_class_14,lidar_class_15,lidar_class_16
0,-8859.636,-6229.825,56.708,161.327,-0.946329,-0.320061,-0.044980,0.320841,-0.947068,-0.011142,-0.039033,-0.024976,0.998926,1,0.08000,-0.12000,4.800,-0.240,-1,375.000,-1,400.000,-1,300.000,325.000,325.000,325.000,-1,-1,-1,-1,675.000,775.000,-1,-1,2,0,2,0,2,0,0,0,0,2,2,2,2,0,0,2,2
1,-8868.715,-6226.704,56.341,161.030,-0.944668,-0.324966,-0.044704,0.325731,-0.945400,-0.010833,-0.038743,-0.024795,0.998942,0,0.16000,-0.14847,9.600,-0.297,-1,375.000,-1,400.000,-1,300.000,325.000,325.000,325.000,-1,-1,-1,-1,675.000,775.000,-1,-1,2,0,2,0,2,0,0,0,0,2,2,2,2,0,0,2,2
2,-8882.308,-6221.952,55.787,160.733,-0.942990,-0.329865,-0.044274,0.330604,-0.943712,-0.010373,-0.038360,-0.024418,0.998966,0,0.24000,-0.14847,14.400,-0.297,-1,375.000,-1,400.000,-1,300.000,325.000,325.000,325.000,-1,-1,-1,-1,675.000,775.000,-1,-1,2,0,2,0,2,0,0,0,0,2,2,2,2,0,0,2,2
3,-8900.399,-6215.523,55.047,160.437,-0.941292,-0.334756,-0.043685,0.335462,-0.942003,-0.009764,-0.037883,-0.023845,0.998998,0,0.32000,-0.14847,19.200,-0.297,-1,375.000,-1,400.000,-1,300.000,325.000,325.000,325.000,-1,-1,-1,-1,675.000,775.000,-1,-1,2,0,2,0,2,0,0,0,0,2,2,2,2,0,0,2,2
4,-8922.972,-6207.369,54.121,160.140,-0.939575,-0.339639,-0.042936,0.340303,-0.940273,-0.009011,-0.037311,-0.023077,0.999037,0,0.40000,-0.14847,24.000,-0.297,-1,375.000,-1,400.000,-1,300.000,325.000,325.000,325.000,-1,-1,-1,-1,675.000,775.000,-1,-1,2,0,2,0,2,0,0,0,0,2,2,2,2,0,0,2,2
5,-8950.008,-6197.444,53.008,159.843,-0.937840,-0.344515,-0.042021,0.345129,-0.938520,-0.008119,-0.036641,-0.022117,0.999084,0,0.48000,-0.14847,28.800,-0.297,-1,375.000,-1,400.000,-1,300.000,325.000,325.000,325.000,-1,-1,-1,-1,675.000,775.000,-1,-1,2,0,2,0,2,0,0,0,0,2,2,2,2,0,0,2,2
6,-8981.489,-6185.702,51.709,159.546,-0.936085,-0.349383,-0.040937,0.349939,-0.936745,-0.007096,-0.035868,-0.020968,0.999137,0,0.56000,-0.14847,33.600,-0.297,-1,375.000,-1,400.000,-1,300.000,325.000,325.000,325.000,-1,-1,-1,-1,675.000,775.000,-1,-1,2,0,2,0,2,0,0,0,0,2,2,2,2,0,0,2,2
7,-9017.398,-6172.096,50.220,159.249,-0.934311,-0.354242,-0.039680,0.354736,-0.934947,-0.005953,-0.034990,-0.019638,0.999195,0,0.64000,-0.14847,38.400,-0.297,-1,375.000,-1,400.000,-1,300.000,325.000,325.000,325.000,-1,-1,-1,-1,675.000,775.000,-1,-1,2,0,2,0,2,0,0,0,0,2,2,2,2,0,0,2,2
8,-9057.715,-6156.580,48.544,158.952,-0.932518,-0.359093,-0.038250,0.359519,-0.933126,-0.004685,-0.034010,-0.018120,0.999257,0,0.72000,-0.14847,43.200,-0.297,-1,375.000,-1,400.000,-1,300.000,325.000,325.000,325.000,-1,-1,-1,-1,700.000,750.000,-1,-1,2,0,2,0,2,0,0,0,0,2,2,2,2,0,0,2,2
9,-9102.422,-6139.108,46.824,158.655,-0.930693,-0.363938,-0.036864,0.364274,-0.931288,-0.002593,-0.033388,-0.015842,0.999317,0,0.80000,-0.14847,48.000,-0.297,-1,375.000,-1,400.000,-1,300.000,325.000,325.000,325.000,-1,-1,-1,-1,700.000,750.000,-1,-1,2,0,2,0,2,0,0,0,0,2,2,2,2,0,0,2,2
10,-9151.500,-6119.634,45.082,158.358,-0.928874,-0.368776,-0.034603,0.368995,-0.929431,0.000077,-0.032189,-0.012697,0.999401,0,0.88000,-0.14847,52.800,-0.297,-1,375.000,-1,400.000,-1,325.000,325.000,325.000,325.000,-1,-1,-1,-1,700.000,750.000,-1,-1,2,0,2,0,2,0,0,0,0,2,2,2,2,0,0,2,2
11,-9199.259,-6100.629,43.399,158.301,-0.928586,-0.369713,-0.032253,0.369823,-0.929098,0.002719,-0.030972,-0.009403,0.999476,0,0.85670,-0.02847,51.402,-0.057,-1,375.000,-1,400.000,-1,325.000,325.000,325.000,325.000,-1,-1,-1,-1,700.000,750.000,-1,-1,2,0,2,0,2,0,0,0,0,2,2,2,2,0,0,2,2
12,-9247.059,-6081.725,41.543,158.422,-0.929414,-0.367751,-0.030811,0.367783,-0.929899,0.004824,-0.030425,-0.006848,0.999514,0,0.85670,0.06070,51.402,0.121,-1,375.000,-1,400.000,-1,325.000,325.000,325.000,325.000,-1,-1,275.000,-1,700.000,750.000,-1,-1,2,0,2,0,2,0,0,0,0,2,2,0,2,0,0,2,2
13,-9294.899,-6062.922,39.911,158.544,-0.930209,-0.365784,-0.030233,0.365764,-0.930686,0.006391,-0.030476,-0.005113,0.999522,0,0.85670,0.06070,51.402,0.121,-1,375.000,-1,375.000,-1,300.000,325.000,325.000,325.000,-1,-1,300.000,-1,700.000,725.000,-1,-1,2,0,2,0,2,0,0,0,0,2,2,0,2,0,0,2,2
14,-9342.778,-6044.221,38.528,158.665,-0.931012,-0.363812,-0.029292,0.363774,-0.931462,0.006823,-0.029767,-0.004303,0.999548,0,0.85670,0.06070,51.402,0.121,-1,375.000,-1,375.000,-1,300.000,325.000,325.000,325.000,-1,-1,325.000,-1,700.000,725.000,-1,-1,2,0,2,0,2,0,0,0,0,2,2,0,2,0,0,2,2
15,-9390.697,-6025.622,37.173,158.787,-0.931811,-0.361839,-0.028294,0.361786,-0.932234,0.007128,-0.028956,-0.003595,0.999574,0,0.85670,0.06070,51.402,0.121,-1,375.000,-1,375.000,-1,300.000,325.000,325.000,325.000,-1,-1,350.000,-1,700.000,725.000,-1,-1,2,0,2,0,2,0,0,0,0,2,2,0,2,0,0,2,2
16,-9438.656,-6007.124,35.829,158.908,-0.932607,-0.359863,-0.027264,0.359799,-0.933000,0.007384,-0.028095,-0.002923,0.999601,0,0.85670,0.06070,51.402,0.121,-1,375.000,-1,375.000,-1,325.000,325.000,325.000,325.000,-1,-1,400.000,-1,700.000,725.000,-1,-1,2,0,2,0,2,0,0,0,0,2,2,0,2,0,0,2,2
17,-9486.653,-5988.728,34.496,159.030,-0.933397,-0.357886,-0.026203,0.357813,-0.933762,0.007593,-0.027184,-0.002289,0.999628,0,0.85670,0.06070,51.402,0.121,-1,375.000,-1,375.000,-1,325.000,325.000,325.000,325.000,-1,-1,425.000,-1,700.000,725.000,-1,-1,2,0,2,0,2,0,0,0,0,2,2,0,2,0,0,2,2
18,-9534.690,-5970.433,33.174,159.151,-0.934184,-0.355907,-0.025109,0.355827,-0.934520,0.007754,-0.026224,-0.001690,0.999655,0,0.85670,0.06070,51.402,0.121,-1,375.000,-1,375.000,-1,325.000,325.000,325.000,325.000,-1,-1,450.000,-1,700.000,725.000,-1,-1,2,0,2,0,2,0,0,0,0,2,2,0,2,0,0,2,2
19,-9582.765,-5952.241,31.862,159.272,-0.934966,-0.353927,-0.023982,0.353841,-0.935273,0.007870,-0.025215,-0.001128,0.999681,0,0.85670,0.06070,51.402,0.121,-1,375.000,-1,375.000,-1,325.000,325.000,325.000,325.000,-1,975.000,475.000,-1,700.000,725.000,-1,-1,2,0,2,0,2,0,0,0,0,2,0,0,2,0,0,2,2
20,-9630.878,-5934.150,30.561,159.394,-0.935743,-0.351944,-0.022824,0.351855,-0.936021,0.007939,-0.024158,-0.000602,0.999708,0,0.85670,0.06070,51.402,0.121,-1,375.000,-1,375.000,-1,325.000,325.000,325.000,325.000,-1,825.000,500.000,-1,700.000,725.000,-1,-1,2,0,2,0,2,0,0,0,0,2,0,0,2,0,0,2,2
21,-9679.030,-5916.161,29.266,159.515,-0.936515,-0.349960,-0.021639,0.349869,-0.936765,0.007982,-0.023064,-0.000096,0.999734,0,0.85670,0.06070,51.402,0.121,-1,375.000,-1,375.000,-1,325.000,325.000,325.000,325.000,-1,750.000,500.000,-1,700.000,725.000,-1,-1,2,0,2,0,2,0,0,0,0,2,0,0,2,0,0,2,2
22,-9727.219,-5898.274,27.992,159.637,-0.937279,-0.347974,-0.020524,0.347876,-0.937504,0.008287,-0.022125,0.000628,0.999755,0,0.85670,0.06070,51.402,0.121,-1,375.000,-1,375.000,-1,325.000,325.000,325.000,325.000,-1,700.000,525.000,-1,725.000,725.000,-1,-1,2,0,2,0,2,0,0,0,0,2,0,0,2,0,0,2,2
23,-9775.447,-5880.490,26.887,159.758,-0.938036,-0.345986,-0.019527,0.345867,-0.938237,0.009306,-0.021541,0.001975,0.999766,0,0.85670,0.06070,51.402,0.121,-1,375.000,-1,375.000,-1,325.000,325.000,325.000,325.000,-1,725.000,550.000,-1,725.000,725.000,-1,-1,2,0,2,0,2,0,0,0,0,2,0,0,2,0,0,2,2
24,-9823.712,-5862.808,25.853,159.879,-0.938800,-0.343996,-0.017946,0.343858,-0.938964,0.010369,-0.020418,0.003563,0.999785,0,0.85670,0.06070,51.402,0.121,-1,375.000,-1,375.000,-1,325.000,325.000,325.000,325.000,-1,550.000,550.000,-1,725.000,725.000,-1,-1,2,0,2,0,2,0,0,0,0,2,0,0,2,0,0,2,2
25,-9872.014,-5845.228,24.697,160.001,-0.939559,-0.342004,-0.016164,0.341865,-0.939687,0.010771,-0.018872,0.004594,0.999811,0,0.85670,0.06070,51.402,0.121,-1,375.000,-1,375.000,-1,325.000,325.000,325.000,300.000,-1,525.000,525.000,-1,725.000,750.000,-1,-1,2,0,2,0,2,0,0,0,0,2,0,0,2,0,0,2,2
26,-9920.354,-5827.750,23.689,160.122,-0.940303,-0.340011,-0.014945,0.339877,-0.940407,0.010849,-0.017743,0.005121,0.999829,0,0.85670,0.06070,51.402,0.121,-1,375.000,-1,375.000,-1,325.000,325.000,325.000,300.000,-1,550.000,525.000,-1,725.000,750.000,-1,-1,2,0,2,0,2,0,0,0,0,2,0,0,2,0,0,2,2
27,-9968.731,-5810.375,22.842,160.244,-0.941032,-0.338018,-0.014241,0.337892,-0.941126,0.010535,-0.016963,0.005101,0.999843,0,0.85670,0.06070,51.402,0.121,-1,375.000,-1,375.000,-1,325.000,325.000,325.000,300.000,-1,575.000,550.000,-1,725.000,750.000,-1,-1,2,0,2,0,2,0,0,0,0,2,0,0,2,0,0,2,2
28,-10017.144,-5793.103,22.024,160.365,-0.941756,-0.336023,-0.013552,0.335907,-0.941840,0.010158,-0.016177,0.005014,0.999857,0,0.85670,0.06070,51.402,0.121,-1,375.000,-1,400.000,-1,325.000,325.000,325.000,300.000,-1,600.000,575.000,-1,725.000,750.000,-1,-1,2,0,2,0,2,0,0,0,0,2,0,0,2,0,0,2,2
29,-10065.594,-5775.933,21.218,160.486,-0.942475,-0.334027,-0.012904,0.333920,-0.942551,0.009799,-0.015436,0.004926,0.999869,0,0.85670,0.06070,51.402,0.121,-1,375.000,-1,400.000,-1,325.000,325.000,325.000,300.000,-1,625.000,600.000,-1,725.000,750.000,-1,-1,2,0,2,0,2,0,0,0,0,2,0,0,2,0,0,2,2
30,-10114.080,-5758.866,20.424,160.608,-0.943189,-0.332029,-0.012299,0.331930,-0.943257,0.009459,-0.014742,0.004839,0.999880,0,0.85670,0.06070,51.402,0.121,-1,375.000,-1,400.000,-1,325.000,325.000,325.000,300.000,-1,650.000,625.000,-1,725.000,750.000,-1,-1,2,0,2,0,2,0,0,0,0,2,0,0,2,0,0,2,2
31,-10162.602,-5741.901,19.642,160.729,-0.943898,-0.330030,-0.011736,0.329938,-0.943959,0.009136,-0.014093,0.004751,0.999889,0,0.85670,0.06070,51.402,0.121,-1,375.000,-1,400.000,-1,325.000,325.000,300.000,300.000,-1,675.000,650.000,-1,725.000,775.000,-1,-1,2,0,2,0,2,0,0,0,0,2,0,0,2,0,0,2,2
32,-10211.159,-5725.040,18.870,160.851,-0.944601,-0.328029,-0.011214,0.327943,-0.944656,0.008830,-0.013490,0.004663,0.999898,0,0.85670,0.06070,51.402,0.121,-1,375.000,-1,400.000,-1,325.000,325.000,300.000,300.000,-1,700.000,700.000,-1,725.000,775.000,-1,-1,2,0,2,0,2,0,0,0,0,2,0,0,2,0,0,2,2
33,-10259.753,-5708.281,18.111,160.972,-0.945300,-0.326027,-0.010734,0.325947,-0.945349,0.008541,-0.012932,0.004575,0.999906,0,0.85670,0.06070,51.402,0.121,-1,375.000,-1,400.000,-1,325.000,325.000,300.000,300.000,-1,725.000,725.000,-1,725.000,775.000,-1,-1,2,0,2,0,2,0,0,0,0,2,0,0,2,0,0,2,2
34,-10308.382,-5691.625,17.341,161.093,-0.945994,-0.324023,-0.010211,0.323948,-0.946038,0.008322,-0.012357,0.004565,0.999913,0,0.85670,0.06070,51.402,0.121,-1,375.000,-1,400.000,-1,325.000,325.000,300.000,300.000,-1,750.000,750.000,-1,725.000,775.000,-1,-1,2,0,2,0,2,0,0,0,0,2,0,0,2,0,0,2,2
35,-10357.046,-5675.073,16.571,161.215,-0.946684,-0.322018,-0.009682,0.321947,-0.946723,0.008149,-0.011791,0.004598,0.999920,0,0.85670,0.06070,51.402,0.121,-1,375.000,-1,400.000,-1,325.000,325.000,300.000,300.000,-1,775.000,775.000,-1,725.000,775.000,-1,-1,2,0,2,0,2,0,0,0,0,2,0,0,2,0,0,2,2
36,-10405.745,-5658.623,15.871,161.336,-0.947368,-0.320010,-0.009293,0.319940,-0.947401,0.008294,-0.011458,0.004884,0.999922,0,0.85670,0.06070,51.402,0.121,-1,375.000,-1,400.000,-1,325.000,325.000,300.000,300.000,-1,800.000,800.000,-1,725.000,775.000,-1,-1,2,0,2,0,2,0,0,0,0,2,0,0,2,0,0,2,2
37,-10454.479,-5642.277,15.303,161.458,-0.948050,-0.318001,-0.008801,0.317926,-0.948073,0.008947,-0.011190,0.005684,0.999921,0,0.85670,0.06070,51.402,0.121,-1,375.000,-1,400.000,-1,325.000,325.000,300.000,300.000,-1,850.000,850.000,-1,725.000,775.000,-1,-1,2,0,2,0,2,0,0,0,0,2,0,0,2,0,0,2,2
38,-10503.247,-5626.034,14.784,161.579,-0.948728,-0.315989,-0.008126,0.315910,-0.948739,0.009726,-0.010782,0.006660,0.999920,0,0.85670,0.06070,51.402,0.121,-1,375.000,-1,400.000,-1,325.000,325.000,300.000,300.000,-1,900.000,875.000,-1,725.000,775.000,-1,-1,2,0,2,0,2,0,0,0,0,2,0,0,2,0,0,2,2
39,-10552.050,-5609.895,14.266,161.700,-0.949401,-0.313976,-0.007508,0.313893,-0.949401,0.010473,-0.010416,0.007586,0.999917,0,0.85670,0.06070,51.402,0.121,-1,375.000,-1,400.000,-1,325.000,325.000,300.000,300.000,-1,925.000,925.000,-1,725.000,775.000,-1,-1,2,0,2,0,2,0,0,0,0,2,0,0,2,0,0,2,2
40,-10601.558,-5593.868,13.779,162.062,-0.951367,-0.307979,-0.007035,0.307894,-0.951356,0.011085,-0.010107,0.008380,0.999914,0,0.86730,0.18070,52.038,0.361,-1,375.000,-1,400.000,-1,325.000,325.000,300.000,300.000,-1,975.000,950.000,-1,725.000,800.000,-1,-1,2,0,2,0,2,0,0,0,0,2,0,0,2,0,0,2,2
41,-10651.233,-5578.361,13.317,162.663,-0.954551,-0.297975,-0.006538,0.297889,-0.954530,0.011561,-0.009686,0.009088,0.999912,0,0.86730,0.30070,52.038,0.601,-1,375.000,-1,400.000,-1,325.000,325.000,300.000,300.000,-1,1000.000,1000.000,-1,725.000,800.000,-1,-1,2,0,2,0,2,0,0,0,0,2,0,0,2,0,0,2,2
42,-10701.129,-5563.586,12.851,163.505,-0.958828,-0.283924,-0.006070,0.283838,-0.958796,0.012050,-0.009242,0.009831,0.999909,0,0.86730,0.42070,52.038,0.841,-1,375.000,-1,400.000,-1,325.000,325.000,300.000,300.000,-1,-1,-1,-1,725.000,800.000,-1,-1,2,0,2,0,2,0,0,0,0,2,2,2,2,0,0,2,2
43,-10751.295,-5549.754,12.387,164.586,-0.964018,-0.265776,-0.005630,0.265691,-0.963977,0.012555,-0.008764,0.010607,0.999905,0,0.86730,0.54070,52.038,1.081,-1,375.000,-1,400.000,-1,325.000,325.000,300.000,300.000,-1,-1,-1,-1,725.000,800.000,-1,-1,2,0,2,0,2,0,0,0,0,2,2,2,2,0,0,2,2
44,-10801.767,-5537.084,11.928,165.907,-0.969894,-0.243473,-0.005213,0.243389,-0.969841,0.013077,-0.008240,0.011415,0.999901,0,0.86730,0.66070,52.038,1.321,-1,375.000,-1,400.000,-1,325.000,325.000,300.000,300.000,-1,-1,-1,-1,725.000,800.000,-1,-1,2,0,2,0,2,0,0,0,0,2,2,2,2,0,0,2,2
45,-10852.566,-5525.793,11.481,167.469,-0.976170,-0.216954,-0.004817,0.216872,-0.976105,0.013617,-0.007656,0.012248,0.999896,0,0.86730,0.78070,52.038,1.561,-1,375.000,-1,400.000,-1,325.000,325.000,300.000,300.000,-1,-1,-1,-1,725.000,800.000,-1,-1,2,0,2,0,2,0,0,0,0,2,2,2,2,0,0,2,2
46,-10903.694,-5516.105,11.052,169.270,-0.982509,-0.186160,-0.004438,0.186082,-0.982432,0.014173,-0.006999,0.013099,0.999890,0,0.86730,0.90070,52.038,1.801,-1,375.000,-1,400.000,-1,325.000,325.000,300.000,300.000,-1,-1,-1,-1,725.000,800.000,-1,-1,2,0,2,0,2,0,0,0,0,2,2,2,2,0,0,2,2
47,-10955.129,-5508.207,10.647,171.270,-0.988409,-0.151759,-0.004071,0.151684,-0.988319,0.014742,-0.006260,0.013954,0.999883,0,0.86730,1.00000,52.038,2.000,-1,375.000,-1,400.000,-1,325.000,325.000,300.000,300.000,-1,-1,-1,-1,725.000,800.000,-1,-1,2,0,2,0,2,0,0,0,0,2,2,2,2,0,0,2,2
48,-11006.809,-5502.109,10.267,173.270,-0.993105,-0.117173,-0.003705,0.117104,-0.993002,0.015314,-0.005473,0.014774,0.999876,0,0.86730,1.00000,52.038,2.000,-1,375.000,-1,400.000,-1,325.000,325.000,300.000,300.000,-1,-1,-1,-1,725.000,800.000,-1,-1,2,0,2,0,2,0,0,0,0,2,2,2,2,0,0,2,2
49,-11058.670,-5497.819,9.915,175.270,-0.996590,-0.082446,-0.003334,0.082383,-0.996474,0.015886,-0.004632,0.015557,0.999868,0,0.86730,1.00000,52.038,2.000,-1,375.000,-1,400.000,-1,325.000,325.000,300.000,300.000,-1,-1,-1,-1,725.000,775.000,-1,-1,2,0,2,0,2,0,0,0,0,2,2,2,2,0,0,2,2
50,-11110.649,-5495.341,9.595,177.270,-0.998861,-0.047618,-0.002953,0.047564,-0.998733,0.016458,-0.003733,0.016299,0.999860,0,0.86730,1.00000,52.038,2.000,-1,375.000,-1,400.000,-1,325.000,325.000,300.000,300.000,-1,-1,-1,-1,725.000,775.000,-1,-1,2,0,2,0,2,0,0,0,0,2,2,2,2,0,0,2,2
51,-11162.683,-5494.678,9.397,179.270,-0.999915,-0.012734,-0.002676,0.012686,-0.999771,0.017243,-0.002895,0.017208,0.999848,0,0.86730,1.00000,52.038,2.000,-1,375.000,-1,400.000,-1,325.000,325.000,300.000,300.000,-1,-1,-1,-1,725.000,800.000,-1,-1,2,0,2,0,2,0,0,0,0,2,2,2,2,0,0,2,2
52,-11214.708,-5495.832,9.412,181.270,-0.999752,0.022165,-0.002295,-0.022203,-0.999591,0.018038,-0.001894,0.018085,0.999835,0,0.86730,1.00000,52.038,2.000,-1,375.000,-1,400.000,-1,325.000,325.000,300.000,300.000,-1,-1,-1,-1,725.000,800.000,-1,-1,2,0,2,0,2,0,0,0,0,2,2,2,2,0,0,2,2
53,-11266.661,-5498.801,9.465,183.270,-0.998370,0.057036,-0.001882,-0.057061,-0.998193,0.018821,-0.000805,0.018897,0.999821,0,0.86730,1.00000,52.038,2.000,-1,375.000,-1,400.000,-1,325.000,325.000,300.000,300.000,-1,-1,-1,-1,725.000,800.000,-1,-1,2,0,2,0,2,0,0,0,0,2,2,2,2,0,0,2,2
54,-11318.479,-5503.581,9.560,185.270,-0.995773,0.091836,-0.001431,-0.091847,-0.995580,0.019590,0.000374,0.019638,0.999807,0,0.86730,1.00000,52.038,2.000,-1,375.000,-1,400.000,-1,325.000,325.000,300.000,300.000,-1,-1,-1,-1,725.000,800.000,-1,-1,2,0,2,0,2,0,0,0,0,2,2,2,2,0,0,2,2
55,-11367.619,-5509.641,9.689,187.030,-0.992484,0.122369,-0.000965,-0.122363,-0.992277,0.020315,0.001528,0.020280,0.999793,0,0.82521,0.88000,49.512,1.760,-1,375.000,-1,400.000,-1,325.000,325.000,300.000,300.000,-1,-1,-1,-1,725.000,800.000,-1,-1,2,0,2,0,2,0,0,0,0,2,2,2,2,0,0,2,2
56,-11416.581,-5517.003,9.854,188.550,-0.988891,0.148645,-0.000461,-0.148622,-0.988670,0.021037,0.002671,0.020872,0.999779,0,0.82521,0.76000,49.512,1.520,-1,375.000,-1,400.000,-1,325.000,325.000,300.000,300.000,-1,-1,-1,-1,725.000,825.000,-1,-1,2,0,2,0,2,0,0,0,0,2,2,2,2,0,0,2,2
57,-11465.367,-5525.456,10.054,189.830,-0.985325,0.170691,0.000078,-0.170649,-0.985092,0.021759,0.003791,0.021426,0.999763,0,0.82521,0.64000,49.512,1.280,-1,375.000,-1,400.000,-1,325.000,325.000,325.000,300.000,-1,-1,-1,-1,750.000,825.000,-1,-1,2,0,2,0,2,0,0,0,0,2,2,2,2,0,0,2,2
58,-11513.991,-5534.794,10.286,190.870,-0.982065,0.188541,0.000649,-0.188479,-0.981820,0.022480,0.004875,0.021955,0.999747,0,0.82521,0.52000,49.512,1.040,-1,375.000,-1,400.000,-1,325.000,325.000,325.000,300.000,-1,-1,1000.000,-1,750.000,825.000,-1,-1,2,0,2,0,2,0,0,0,0,2,2,0,2,0,0,2,2
59,-11562.465,-5544.879,10.550,191.753,-0.979045,0.203639,0.001245,-0.203556,-0.978788,0.023201,0.005944,0.022462,0.999730,0,0.82521,0.44127,49.512,0.883,-1,375.000,-1,400.000,-1,325.000,325.000,325.000,300.000,-1,-1,950.000,-1,750.000,850.000,-1,-1,2,0,2,0,2,0,0,0,0,2,2,0,2,0,0,2,2
60,-11610.778,-5555.710,10.848,192.635,-0.975793,0.218688,0.001867,-0.218582,-0.975525,0.023919,0.007052,0.022932,0.999712,0,0.82521,0.44127,49.512,0.883,-1,375.000,-1,400.000,-1,325.000,325.000,325.000,325.000,-1,1000.000,925.000,-1,750.000,850.000,-1,-1,2,0,2,0,2,0,0,0,0,2,0,0,2,0,0,2,2
61,-11658.919,-5567.283,11.184,193.518,-0.972309,0.233685,0.002515,-0.233555,-0.972031,0.024635,0.008201,0.023365,0.999693,0,0.82521,0.44127,49.512,0.883,-1,400.000,-1,400.000,-1,325.000,325.000,325.000,325.000,-1,950.000,900.000,-1,750.000,850.000,-1,-1,2,0,2,0,2,0,0,0,0,2,0,0,2,0,0,2,2
62,-11706.876,-5579.597,11.558,194.400,-0.968594,0.248627,0.003189,-0.248470,-0.968308,0.025349,0.009390,0.023760,0.999674,0,0.82521,0.44127,49.512,0.883,-1,400.000,-1,400.000,-1,325.000,325.000,325.000,325.000,-1,925.000,850.000,-1,750.000,875.000,-1,-1,2,0,2,0,2,0,0,0,0,2,0,0,2,0,0,2,2
63,-11754.637,-5592.648,12.006,195.283,-0.964649,0.263511,0.003826,-0.263329,-0.964358,0.025913,0.010518,0.023989,0.999657,0,0.82521,0.44127,49.512,0.883,-1,400.000,-1,425.000,-1,325.000,325.000,300.000,325.000,-1,900.000,825.000,-1,775.000,900.000,-1,-1,2,0,2,0,2,0,0,0,0,2,0,0,2,0,0,2,2
64,-11802.191,-5606.434,12.229,196.166,-0.960481,0.278325,0.003317,-0.278137,-0.960157,0.027170,0.010747,0.025174,0.999625,0,0.82521,0.44127,49.512,0.883,-1,400.000,-1,425.000,-1,325.000,325.000,325.000,300.000,-1,925.000,875.000,-1,750.000,900.000,-1,-1,2,0,2,0,2,0,0,0,0,2,0,0,2,0,0,2,2
65,-11844.994,-5619.363,12.448,196.808,-0.957305,0.289067,0.002812,-0.288876,-0.956948,0.028309,0.010874,0.026288,0.999595,0,0.74521,0.32127,44.712,0.643,-1,400.000,-1,425.000,-1,325.000,325.000,325.000,300.000,-1,975.000,900.000,-1,750.000,900.000,-1,-1,2,0,2,0,2,0,0,0,0,2,0,0,2,0,0,2,2
66,-11883.119,-5631.173,12.694,197.211,-0.955255,0.295774,0.002239,-0.295584,-0.954864,0.029396,0.010832,0.027418,0.999565,0,0.66521,0.20127,39.912,0.403,-1,400.000,-1,425.000,-1,325.000,325.000,325.000,300.000,-1,-1,925.000,-1,750.000,900.000,-1,-1,2,0,2,0,2,0,0,0,0,2,2,0,2,0,0,2,2
67,-11916.602,-5641.744,12.905,197.520,-0.953648,0.300920,0.001534,-0.300739,-0.953229,0.030188,0.010546,0.028328,0.999543,0,0.58521,0.15475,35.112,0.310,-1,400.000,-1,425.000,-1,325.000,325.000,325.000,300.000,-1,-1,975.000,-1,750.000,900.000,-1,-1,2,0,2,0,2,0,0,0,0,2,2,0,2,0,0,2,2
68,-11945.459,-5651.025,13.023,197.830,-0.952012,0.306061,0.000772,-0.305896,-0.951577,0.030484,0.010065,0.028785,0.999535,0,0.50521,0.15475,30.312,0.310,-1,400.000,-1,425.000,-1,325.000,325.000,325.000,300.000,-1,-1,-1,-1,775.000,900.000,-1,-1,2,0,2,0,2,0,0,0,0,2,2,2,2,0,0,2,2
69,-11969.703,-5658.968,13.135,198.139,-0.950347,0.311193,0.000132,-0.311042,-0.949899,0.030737,0.009690,0.029170,0.999527,0,0.42521,0.15475,25.512,0.310,-1,400.000,-1,400.000,-1,325.000,325.000,300.000,300.000,-1,-1,-1,-1,775.000,900.000,-1,-1,2,0,2,0,2,0,0,0,0,2,2,2,2,0,0,2,2
70,-11989.351,-5665.522,13.237,198.449,-0.948653,0.316317,-0.000387,-0.316177,-0.948195,0.030946,0.009422,0.029479,0.999521,0,0.34521,0.15475,20.712,0.310,-1,400.000,-1,400.000,-1,325.000,325.000,300.000,300.000,-1,-1,-1,-1,775.000,900.000,-1,-1,2,0,2,0,2,0,0,0,0,2,2,2,2,0,0,2,2
71,-12004.418,-5670.640,13.322,198.758,-0.946932,0.321432,-0.000786,-0.321300,-0.946466,0.031109,0.009256,0.029711,0.999516,0,0.26521,0.15475,15.912,0.310,-1,400.000,-1,400.000,-1,325.000,325.000,300.000,300.000,-1,-1,-1,-1,775.000,900.000,-1,-1,2,0,2,0,2,0,0,0,0,2,2,2,2,0,0,2,2
72,-12014.921,-5674.270,13.388,199.068,-0.945183,0.326539,-0.001066,-0.326411,-0.944712,0.031227,0.009190,0.029863,0.999512,0,0.18521,0.15475,11.112,0.310,-1,400.000,-1,400.000,-1,325.000,325.000,300.000,300.000,-1,-1,-1,-1,800.000,900.000,-1,-1,2,0,2,0,2,0,0,0,0,2,2,2,2,0,0,2,2
73,-12020.876,-5676.364,13.430,199.377,-0.943406,0.331637,-0.001228,-0.331511,-0.942932,0.031300,0.009223,0.029936,0.999509,0,0.10521,0.15475,6.312,0.310,-1,400.000,-1,400.000,-1,325.000,325.000,300.000,300.000,-1,-1,-1,-1,800.000,900.000,-1,-1,2,0,2,0,2,0,0,0,0,2,2,2,2,0,0,2,2
74,-12022.300,-5676.874,13.446,199.687,-0.941602,0.336726,-0.001273,-0.336598,-0.941127,0.031331,0.009352,0.029930,0.999508,0,0.02521,0.15475,1.512,0.310,-1,400.000,-1,400.000,-1,325.000,325.000,300.000,300.000,-1,-1,-1,-1,800.000,900.000,-1,-1,2,0,2,0,2,0,0,0,0,2,2,2,2,0,0,2,2
75,-12019.210,-5675.750,13.435,199.996,-0.939770,0.341805,-0.001204,-0.341673,-0.939297,0.031321,0.009575,0.029846,0.999509,0,-0.05479,0.15475,-3.288,0.310,-1,400.000,-1,400.000,-1,325.000,325.000,300.000,300.000,-1,-1,-1,-1,800.000,900.000,-1,-1,2,0,2,0,2,0,0,0,0,2,2,2,2,0,0,2,2
76,-12011.625,-5672.943,13.395,200.306,-0.937910,0.346876,-0.001023,-0.346736,-0.937441,0.031273,0.009889,0.029686,0.999510,0,-0.13479,0.15475,-8.088,0.310,-1,400.000,-1,400.000,-1,325.000,325.000,300.000,300.000,-1,-1,-1,-1,775.000,900.000,-1,-1,2,0,2,0,2,0,0,0,0,2,2,2,2,0,0,2,2
77,-11999.563,-5668.405,13.326,200.615,-0.936023,0.351937,-0.000731,-0.351787,-0.935560,0.031193,0.010294,0.029455,0.999513,0,-0.21479,0.15475,-12.888,0.310,-1,400.000,-1,400.000,-1,325.000,325.000,325.000,300.000,-1,-1,-1,-1,775.000,900.000,-1,-1,2,0,2,0,2,0,0,0,0,2,2,2,2,0,0,2,2
78,-11985.861,-5663.166,13.247,200.925,-0.934109,0.356989,-0.000402,-0.356828,-0.933652,0.031107,0.010730,0.029201,0.999516,0,-0.24449,0.15475,-14.669,0.310,-1,400.000,-1,400.000,-1,325.000,325.000,325.000,300.000,-1,-1,-1,-1,775.000,900.000,-1,-1,2,0,2,0,2,0,0,0,0,2,2,2,2,0,0,2,2
79,-11972.188,-5657.853,13.169,201.234,-0.932167,0.362030,-0.000078,-0.361857,-0.931717,0.031029,0.011161,0.028952,0.999518,0,-0.24449,0.15475,-14.669,0.310,-1,400.000,-1,400.000,-1,325.000,325.000,325.000,300.000,-1,-1,-1,-1,775.000,900.000,-1,-1,2,0,2,0,2,0,0,0,0,2,2,2,2,0,0,2,2
80,-11958.544,-5652.466,13.091,201.544,-0.930197,0.367060,0.000242,-0.366877,-0.929754,0.030959,0.011589,0.028709,0.999521,0,-0.24449,0.15475,-14.669,0.310,-1,400.000,-1,400.000,-1,325.000,325.000,325.000,300.000,-1,-1,-1,-1,775.000,900.000,-1,-1,2,0,2,0,2,0,0,0,0,2,2,2,2,0,0,2,2
81,-11944.929,-5647.006,13.014,201.853,-0.928201,0.372080,0.000558,-0.371886,-0.927764,0.030897,0.012014,0.028471,0.999522,0,-0.24449,0.15475,-14.669,0.310,-1,400.000,-1,400.000,-1,325.000,325.000,325.000,300.000,-1,-1,1000.000,-1,775.000,900.000,-1,-1,2,0,2,0,2,0,0,0,0,2,2,0,2,0,0,2,2
82,-11931.343,-5641.472,12.919,202.163,-0.926177,0.377089,0.000841,-0.376887,-0.925749,0.030750,0.012374,0.028163,0.999527,0,-0.24449,0.15475,-14.669,0.310,-1,400.000,-1,400.000,-1,325.000,325.000,325.000,300.000,-1,-1,950.000,-1,775.000,900.000,-1,-1,2,0,2,0,2,0,0,0,0,2,2,0,2,0,0,2,2
83,-11917.788,-5635.865,12.776,202.472,-0.924125,0.382090,0.001048,-0.381884,-0.923711,0.030362,0.012570,0.027658,0.999538,0,-0.24449,0.15475,-14.669,0.310,-1,400.000,-1,400.000,-1,325.000,325.000,325.000,300.000,-1,-1,950.000,-1,775.000,900.000,-1,-1,2,0,2,0,2,0,0,0,0,2,2,0,2,0,0,2,2
84,-11904.263,-5630.185,12.633,202.782,-0.922046,0.387079,0.001254,-0.386871,-0.921646,0.029980,0.012761,0.027158,0.999550,0,-0.24449,0.15475,-14.669,0.310,-1,400.000,-1,400.000,-1,325.000,325.000,325.000,300.000,-1,1000.000,925.000,-1,775.000,900.000,-1,-1,2,0,2,0,2,0,0,0,0,2,0,0,2,0,0,2,2
85,-11890.769,-5624.431,12.491,203.091,-0.919940,0.392058,0.001458,-0.391846,-0.919554,0.029603,0.012947,0.026662,0.999561,0,-0.24449,0.15475,-14.669,0.310,-1,400.000,-1,400.000,-1,325.000,325.000,325.000,300.000,-1,975.000,900.000,-1,775.000,900.000,-1,-1,2,0,2,0,2,0,0,0,0,2,0,0,2,0,0,2,2
86,-11877.307,-5618.605,12.353,203.401,-0.917807,0.397024,0.001642,-0.396811,-0.917435,0.029240,0.013116,0.026185,0.999571,0,-0.24449,0.15475,-14.669,0.310,-1,400.000,-1,400.000,-1,325.000,325.000,325.000,300.000,-1,950.000,900.000,-1,775.000,875.000,-1,-1,2,0,2,0,2,0,0,0,0,2,0,0,2,0,0,2,2
87,-11863.876,-5612.706,12.233,203.710,-0.915647,0.401978,0.001742,-0.401765,-0.915286,0.028925,0.013222,0.025785,0.999580,0,-0.24449,0.15475,-14.669,0.310,-1,400.000,-1,400.000,-1,325.000,325.000,325.000,300.000,-1,950.000,875.000,-1,775.000,875.000,-1,-1,2,0,2,0,2,0,0,0,0,2,0,0,2,0,0,2,2
88,-11850.477,-5606.735,12.114,204.020,-0.913462,0.406921,0.001840,-0.406707,-0.913110,0.028614,0.013323,0.025389,0.999589,0,-0.24449,0.15475,-14.669,0.310,-1,400.000,-1,400.000,-1,325.000,325.000,325.000,300.000,-1,925.000,875.000,-1,775.000,875.000,-1,-1,2,0,2,0,2,0,0,0,0,2,0,0,2,0,0,2,2
89,-11837.111,-5600.691,11.996,204.329,-0.911249,0.411852,0.001935,-0.411638,-0.910908,0.028306,0.013420,0.024997,0.999597,0,-0.24449,0.15475,-14.669,0.310,-1,400.000,-1,400.000,-1,325.000,325.000,325.000,300.000,-1,925.000,875.000,-1,775.000,875.000,-1,-1,2,0,2,0,2,0,0,0,0,2,0,0,2,0,0,2,2
90,-11823.777,-5594.576,11.878,204.639,-0.909010,0.416770,0.002027,-0.416556,-0.908679,0.028002,0.013513,0.024610,0.999606,0,-0.24449,0.15475,-14.669,0.310,-1,400.000,-1,400.000,-1,325.000,325.000,325.000,300.000,-1,925.000,850.000,-1,775.000,875.000,-1,-1,2,0,2,0,2,0,0,0,0,2,0,0,2,0,0,2,2
91,-11810.477,-5588.388,11.760,204.948,-0.906744,0.421677,0.002118,-0.421463,-0.906423,0.027702,0.013601,0.024226,0.999614,0,-0.24449,0.15475,-14.669,0.310,-1,400.000,-1,400.000,-1,325.000,325.000,325.000,300.000,-1,900.000,850.000,-1,775.000,875.000,-1,-1,2,0,2,0,2,0,0,0,0,2,0,0,2,0,0,2,2
92,-11797.210,-5582.129,11.644,205.258,-0.904451,0.426571,0.002205,-0.426357,-0.904140,0.027406,0.013684,0.023847,0.999622,0,-0.24449,0.15475,-14.669,0.310,-1,400.000,-1,400.000,-1,325.000,325.000,325.000,300.000,-1,900.000,850.000,-1,775.000,875.000,-1,-1,2,0,2,0,2,0,0,0,0,2,0,0,2,0,0,2,2
93,-11783.977,-5575.798,11.528,205.567,-0.902133,0.431453,0.002290,-0.431239,-0.901830,0.027113,0.013763,0.023472,0.999630,0,-0.24449,0.15475,-14.669,0.310,-1,400.000,-1,400.000,-1,325.000,325.000,325.000,325.000,-1,875.000,850.000,-1,775.000,850.000,-1,-1,2,0,2,0,2,0,0,0,0,2,0,0,2,0,0,2,2
94,-11770.779,-5569.396,11.412,205.877,-0.899788,0.436322,0.002372,-0.436109,-0.899494,0.026824,0.013837,0.023101,0.999637,0,-0.24449,0.15475,-14.669,0.310,-1,400.000,-1,400.000,-1,325.000,325.000,325.000,325.000,-1,875.000,825.000,-1,775.000,850.000,-1,-1,2,0,2,0,2,0,0,0,0,2,0,0,2,0,0,2,2
95,-11757.616,-5562.922,11.298,206.186,-0.897416,0.441178,0.002451,-0.440966,-0.897132,0.026539,0.013907,0.022735,0.999645,0,-0.24449,0.15475,-14.669,0.310,-1,400.000,-1,400.000,-1,325.000,325.000,325.000,325.000,-1,875.000,825.000,-1,775.000,850.000,-1,-1,2,0,2,0,2,0,0,0,0,2,0,0,2,0,0,2,2
96,-11744.487,-5556.378,11.184,206.496,-0.895019,0.446021,0.002528,-0.445810,-0.894743,0.026257,0.013973,0.022373,0.999652,0,-0.24449,0.15475,-14.669,0.310,-1,400.000,-1,400.000,-1,325.000,325.000,325.000,325.000,-1,850.000,825.000,-1,750.000,850.000,-1,-1,2,0,2,0,2,0,0,0,0,2,0,0,2,0,0,2,2
97,-11733.739,-5550.890,11.091,207.045,-0.890699,0.454586,0.002571,-0.454373,-0.890431,0.026030,0.014122,0.022017,0.999658,0,-0.20113,0.27475,-12.068,0.550,-1,400.000,-1,400.000,-1,325.000,325.000,325.000,325.000,-1,850.000,825.000,-1,750.000,850.000,-1,-1,2,0,2,0,2,0,0,0,0,2,0,0,2,0,0,2,2
98,-11723.068,-5545.256,10.940,207.835,-0.884353,0.466814,0.002343,-0.466604,-0.884086,0.025921,0.014172,0.021830,0.999661,0,-0.20113,0.39475,-12.068,0.790,-1,400.000,-1,400.000,-1,325.000,325.000,325.000,325.000,-1,850.000,825.000,-1,750.000,825.000,-1,-1,2,0,2,0,2,0,0,0,0,2,0,0,2,0,0,2,2
99,-11712.499,-5539.430,10.791,208.864,-0.875824,0.482626,0.002107,-0.482418,-0.875561,0.025806,0.014300,0.021585,0.999665,0,-0.20113,0.51475,-12.068,1.030,-1,375.000,-1,400.000,-1,325.000,325.000,325.000,325.000,-1,850.000,825.000,-1,750.000,825.000,-1,-1,2,0,2,0,2,0,0,0,0,2,0,0,2,0,0,2,2
100,-11702.042,-5533.406,10.639,209.944,-0.866577,0.499041,0.001864,-0.498835,-0.866316,0.025689,0.014435,0.021332,0.999668,0,-0.20113,0.53984,-12.068,1.080,-1,375.000,-1,400.000,-1,325.000,325.000,325.000,325.000,-1,850.000,825.000,-1,750.000,825.000,-1,-1,2,0,2,0,2,0,0,0,0,2,0,0,2,0,0,2,2
101,-11691.700,-5527.186,10.484,211.024,-0.857021,0.515278,0.001615,-0.515075,-0.856763,0.025571,0.014560,0.021083,0.999672,0,-0.20113,0.53984,-12.068,1.080,-1,375.000,-1,400.000,-1,325.000,325.000,325.000,325.000,-1,850.000,825.000,-1,750.000,800.000,-1,-1,2,0,2,0,2,0,0,0,0,2,0,0,2,0,0,2,2
102,-11681.478,-5520.773,10.326,212.103,-0.847162,0.531334,0.001360,-0.531133,-0.846906,0.025452,0.014676,0.020840,0.999675,0,-0.20113,0.53984,-12.068,1.080,-1,375.000,-1,400.000,-1,325.000,325.000,325.000,325.000,-1,875.000,825.000,-1,750.000,800.000,-1,-1,2,0,2,0,2,0,0,0,0,2,0,0,2,0,0,2,2
103,-11671.378,-5514.168,10.146,213.183,-0.837001,0.547201,0.001192,-0.547001,-0.836750,0.025301,0.014842,0.020525,0.999679,0,-0.20113,0.53984,-12.068,1.080,-1,375.000,-1,400.000,-1,325.000,325.000,325.000,325.000,-1,875.000,825.000,-1,750.000,800.000,-1,-1,2,0,2,0,2,0,0,0,0,2,0,0,2,0,0,2,2
104,-11661.404,-5507.374,9.956,214.263,-0.826542,0.562874,0.001057,-0.562675,-0.826296,0.025141,0.015025,0.020185,0.999683,0,-0.20113,0.53984,-12.068,1.080,-1,375.000,-1,400.000,-1,325.000,325.000,325.000,325.000,-1,850.000,800.000,-1,750.000,800.000,-1,-1,2,0,2,0,2,0,0,0,0,2,0,0,2,0,0,2,2
105,-11651.560,-5500.393,9.763,215.342,-0.815790,0.578348,0.000922,-0.578149,-0.815549,0.024983,0.015201,0.019848,0.999687,0,-0.20113,0.53984,-12.068,1.080,-1,375.000,-1,400.000,-1,325.000,325.000,325.000,325.000,-1,850.000,800.000,-1,750.000,800.000,-1,-1,2,0,2,0,2,0,0,0,0,2,0,0,2,0,0,2,2
106,-11641.850,-5493.228,9.567,216.422,-0.804748,0.593616,0.000785,-0.593418,-0.804512,0.024829,0.015370,0.019515,0.999691,0,-0.20113,0.53984,-12.068,1.080,-1,375.000,-1,400.000,-1,325.000,325.000,325.000,325.000,-1,825.000,800.000,-1,750.000,775.000,-1,-1,2,0,2,0,2,0,0,0,0,2,0,0,2,0,0,2,2
107,-11632.276,-5485.881,9.368,217.502,-0.793420,0.608674,0.000647,-0.608476,-0.793188,0.024677,0.015534,0.019186,0.999695,0,-0.20113,0.53984,-12.068,1.080,-1,375.000,-1,400.000,-1,325.000,325.000,325.000,325.000,-1,825.000,775.000,-1,750.000,775.000,-1,-1,2,0,2,0,2,0,0,0,0,2,0,0,2,0,0,2,2
108,-11622.842,-5478.355,9.166,218.581,-0.781811,0.623516,0.000508,-0.623318,-0.781583,0.024530,0.015692,0.018861,0.999699,0,-0.20113,0.53984,-12.068,1.080,-1,375.000,-1,400.000,-1,325.000,325.000,325.000,325.000,-1,825.000,775.000,-1,750.000,775.000,-1,-1,2,0,2,0,2,0,0,0,0,2,0,0,2,0,0,2,2
109,-11613.552,-5470.652,8.961,219.661,-0.769924,0.638136,0.000368,-0.637939,-0.769700,0.024385,0.015844,0.018540,0.999703,0,-0.20113,0.53984,-12.068,1.080,-1,375.000,-1,400.000,-1,325.000,325.000,325.000,325.000,-1,800.000,775.000,-1,750.000,775.000,-1,-1,2,0,2,0,2,0,0,0,0,2,0,0,2,0,0,2,2
110,-11604.409,-5462.776,8.754,220.741,-0.757763,0.652530,0.000226,-0.652334,-0.757544,0.024245,0.015992,0.018225,0.999706,0,-0.20113,0.53984,-12.068,1.080,-1,375.000,-1,400.000,-1,325.000,325.000,325.000,325.000,-1,800.000,775.000,-1,750.000,775.000,-1,-1,2,0,2,0,2,0,0,0,0,2,0,0,2,0,0,2,2
111,-11595.415,-5454.730,8.544,221.820,-0.745333,0.666692,0.000083,-0.666497,-0.745118,0.024109,0.016135,0.017914,0.999709,0,-0.20113,0.53984,-12.068,1.080,-1,375.000,-1,375.000,-1,325.000,325.000,325.000,325.000,-1,800.000,750.000,-1,750.000,775.000,-1,-1,2,0,2,0,2,0,0,0,0,2,0,0,2,0,0,2,2
112,-11586.575,-5446.515,8.332,222.900,-0.732639,0.680617,-0.000062,-0.680423,-0.732427,0.023977,0.016274,0.017608,0.999713,0,-0.20113,0.53984,-12.068,1.080,-1,375.000,-1,375.000,-1,325.000,325.000,325.000,325.000,-1,775.000,750.000,-1,750.000,775.000,-1,-1,2,0,2,0,2,0,0,0,0,2,0,0,2,0,0,2,2
113,-11577.891,-5438.135,8.118,223.980,-0.719685,0.694301,-0.000208,-0.694107,-0.719477,0.023849,0.016409,0.017308,0.999716,0,-0.20113,0.53984,-12.068,1.080,-1,375.000,-1,375.000,-1,325.000,325.000,325.000,325.000,-1,775.000,750.000,-1,775.000,750.000,-1,-1,2,0,2,0,2,0,0,0,0,2,0,0,2,0,0,2,2
114,-11569.367,-5429.592,7.901,225.060,-0.706475,0.707738,-0.000355,-0.707545,-0.706270,0.023726,0.016541,0.017013,0.999718,0,-0.20113,0.53984,-12.068,1.080,-1,375.000,-1,375.000,-1,325.000,325.000,325.000,325.000,-1,775.000,750.000,-1,775.000,750.000,-1,-1,2,0,2,0,2,0,0,0,0,2,0,0,2,0,0,2,2
115,-11561.005,-5420.891,7.682,226.139,-0.693014,0.720924,-0.000504,-0.720732,-0.692812,0.023608,0.016670,0.016724,0.999721,0,-0.20113,0.53984,-12.068,1.080,-1,375.000,-1,375.000,-1,325.000,325.000,325.000,325.000,-1,750.000,750.000,-1,775.000,750.000,-1,-1,2,0,2,0,2,0,0,0,0,2,0,0,2,0,0,2,2
116,-11554.500,-5413.921,7.508,226.979,-0.682375,0.731002,-0.000624,-0.730810,-0.682175,0.023518,0.016766,0.016504,0.999723,0,-0.15890,0.41984,-9.534,0.840,-1,400.000,-1,375.000,-1,325.000,325.000,300.000,325.000,-1,750.000,750.000,-1,775.000,750.000,-1,-1,2,0,2,0,2,0,0,0,0,2,0,0,2,0,0,2,2
117,-11548.069,-5406.883,7.335,227.579,-0.674687,0.738104,-0.000759,-0.737913,-0.674489,0.023437,0.016787,0.016373,0.999725,0,-0.15890,0.29984,-9.534,0.600,-1,400.000,-1,375.000,-1,325.000,325.000,300.000,325.000,-1,750.000,750.000,-1,775.000,750.000,-1,-1,2,0,2,0,2,0,0,0,0,2,0,0,2,0,0,2,2
118,-11541.681,-5399.804,7.163,227.938,-0.670041,0.742324,-0.000909,-0.742136,-0.669842,0.023364,0.016734,0.016329,0.999727,0,-0.15890,0.17984,-9.534,0.360,-1,400.000,-1,375.000,-1,325.000,325.000,300.000,325.000,-1,750.000,750.000,-1,775.000,750.000,-1,-1,2,0,2,0,2,0,0,0,0,2,0,0,2,0,0,2,2
119,-11535.309,-5392.713,6.995,228.058,-0.668490,0.743721,-0.001074,-0.743536,-0.668290,0.023297,0.016609,0.016372,0.999728,0,-0.15890,0.05984,-9.534,0.120,-1,400.000,-1,375.000,-1,325.000,325.000,300.000,325.000,-1,750.000,750.000,-1,775.000,750.000,-1,-1,2,0,2,0,2,0,0,0,0,2,0,0,2,0,0,2,2
120,-11528.922,-5385.634,6.829,227.938,-0.670051,0.742314,-0.001251,-0.742134,-0.669849,0.023237,0.016411,0.016499,0.999729,0,-0.15890,-0.06016,-9.534,-0.120,-1,400.000,-1,375.000,-1,325.000,325.000,300.000,325.000,-1,750.000,725.000,-1,775.000,750.000,-1,-1,2,0,2,0,2,0,0,0,0,2,0,0,2,0,0,2,2
121,-11522.490,-5378.597,6.668,227.577,-0.674707,0.738084,-0.001441,-0.737909,-0.674502,0.023183,0.016139,0.016705,0.999730,0,-0.15890,-0.18016,-9.534,-0.360,-1,400.000,-1,375.000,-1,325.000,325.000,300.000,325.000,-1,750.000,725.000,-1,775.000,750.000,-1,-1,2,0,2,0,2,0,0,0,0,2,0,0,2,0,0,2,2
122,-11515.985,-5371.627,6.513,226.977,-0.682404,0.730973,-0.001642,-0.730805,-0.682195,0.023131,0.015788,0.016985,0.999731,0,-0.15890,-0.30016,-9.534,-0.600,-1,375.000,-1,375.000,-1,325.000,325.000,300.000,325.000,-1,750.000,725.000,-1,750.000,750.000,-1,-1,2,0,2,0,2,0,0,0,0,2,0,0,2,0,0,2,2
123,-11509.379,-5364.753,6.368,226.137,-0.693052,0.720886,-0.001850,-0.720725,-0.692838,0.023063,0.015344,0.017317,0.999732,0,-0.15890,-0.42016,-9.534,-0.840,-1,375.000,-1,375.000,-1,325.000,300.000,300.000,325.000,-1,750.000,725.000,-1,750.000,750.000,-1,-1,2,0,2,0,2,0,0,0,0,2,0,0,2,0,0,2,2
124,-11502.644,-5358.004,6.230,225.056,-0.706520,0.707690,-0.002067,-0.707538,-0.706301,0.023001,0.014818,0.017713,0.999733,0,-0.15890,-0.54016,-9.534,-1.080,-1,375.000,-1,375.000,-1,325.000,300.000,300.000,325.000,-1,775.000,750.000,-1,750.000,750.000,-1,-1,2,0,2,0,2,0,0,0,0,2,0,0,2,0,0,2,2
125,-11495.755,-5351.413,6.099,223.736,-0.722639,0.691222,-0.002292,-0.691079,-0.722415,0.022947,0.014206,0.018166,0.999734,0,-0.15890,-0.66016,-9.534,-1.320,-1,375.000,-1,375.000,-1,325.000,300.000,300.000,325.000,-1,775.000,750.000,-1,750.000,750.000,-1,-1,2,0,2,0,2,0,0,0,0,2,0,0,2,0,0,2,2
126,-11488.689,-5345.012,5.976,222.176,-0.741192,0.671288,-0.002523,-0.671157,-0.740961,0.022902,0.013504,0.018668,0.999735,0,-0.15890,-0.78016,-9.534,-1.560,-1,375.000,-1,375.000,-1,325.000,300.000,325.000,325.000,-1,800.000,750.000,-1,725.000,750.000,-1,-1,2,0,2,0,2,0,0,0,0,2,0,0,2,0,0,2,2
127,-11481.430,-5338.832,5.861,220.407,-0.761559,0.648090,-0.002758,-0.647971,-0.761322,0.022868,0.012721,0.019202,0.999735,0,-0.15890,-0.88444,-9.534,-1.769,-1,375.000,-1,375.000,-1,325.000,300.000,325.000,325.000,-1,825.000,775.000,-1,725.000,750.000,-1,-1,2,0,2,0,2,0,0,0,0,2,0,0,2,0,0,2,2
128,-11473.982,-5332.879,5.753,218.638,-0.781199,0.624274,-0.002983,-0.624168,-0.780957,0.022838,0.011927,0.019703,0.999735,0,-0.15890,-0.88444,-9.534,-1.769,-1,375.000,-1,375.000,-1,325.000,300.000,325.000,325.000,-1,825.000,775.000,-1,725.000,750.000,-1,-1,2,0,2,0,2,0,0,0,0,2,0,0,2,0,0,2,2
129,-11466.355,-5327.159,5.651,216.869,-0.800095,0.599865,-0.003200,-0.599770,-0.799847,0.022813,0.011125,0.020171,0.999735,0,-0.15890,-0.88444,-9.534,-1.769,-1,375.000,-1,375.000,-1,325.000,300.000,325.000,325.000,-1,850.000,800.000,-1,725.000,750.000,-1,-1,2,0,2,0,2,0,0,0,0,2,0,0,2,0,0,2,2
130,-11458.555,-5321.677,5.555,215.100,-0.818228,0.574884,-0.003406,-0.574802,-0.817975,0.022791,0.010316,0.020606,0.999734,0,-0.15890,-0.88444,-9.534,-1.769,-1,375.000,-1,375.000,-1,300.000,300.000,325.000,325.000,-1,875.000,825.000,-1,725.000,750.000,-1,-1,2,0,2,0,2,0,0,0,0,2,0,0,2,0,0,2,2
131,-11450.589,-5316.439,5.467,213.331,-0.835580,0.549357,-0.003602,-0.549286,-0.835324,0.022773,0.009501,0.021007,0.999734,0,-0.15890,-0.88444,-9.534,-1.769,-1,375.000,-1,375.000,-1,300.000,300.000,325.000,325.000,-1,900.000,825.000,-1,725.000,775.000,-1,-1,2,0,2,0,2,0,0,0,0,2,0,0,2,0,0,2,2
132,-11442.466,-5311.448,5.385,211.562,-0.852136,0.523306,-0.003787,-0.523248,-0.851877,0.022757,0.008682,0.021374,0.999734,0,-0.15890,-0.88444,-9.534,-1.769,-1,375.000,-1,375.000,-1,300.000,300.000,325.000,300.000,-1,950.000,850.000,-1,725.000,775.000,-1,-1,2,0,2,0,2,0,0,0,0,2,0,0,2,0,0,2,2
133,-11434.192,-5306.711,5.311,209.793,-0.867880,0.496758,-0.003961,-0.496711,-0.867618,0.022743,0.007861,0.021706,0.999733,0,-0.15890,-0.88444,-9.534,-1.769,-1,375.000,-1,375.000,-1,300.000,300.000,325.000,300.000,-1,975.000,875.000,-1,725.000,775.000,-1,-1,2,0,2,0,2,0,0,0,0,2,0,0,2,0,0,2,2
134,-11425.776,-5302.232,5.244,208.025,-0.882797,0.469736,-0.004123,-0.469702,-0.882533,0.022732,0.007039,0.022004,0.999733,0,-0.15890,-0.88444,-9.534,-1.769,-1,375.000,-1,375.000,-1,300.000,300.000,325.000,300.000,-1,-1,900.000,-1,725.000,775.000,-1,-1,2,0,2,0,2,0,0,0,0,2,2,0,2,0,0,2,2
135,-11417.225,-5298.014,5.183,206.256,-0.896873,0.442268,-0.004273,-0.442245,-0.896607,0.022721,0.006218,0.022268,0.999733,0,-0.15890,-0.88444,-9.534,-1.769,-1,375.000,-1,375.000,-1,300.000,325.000,325.000,300.000,-1,-1,950.000,-1,725.000,775.000,-1,-1,2,0,2,0,2,0,0,0,0,2,2,0,2,0,0,2,2
