timestep,x_cm,y_cm,z_cm,yaw_deg,basis_xx,basis_xy,basis_xz,basis_yx,basis_yy,basis_yz,basis_zx,basis_zy,basis_zz,teleport_flag,throttle_cmd,steering_cmd,cmd_move_cm,cmd_turn_deg,lidar_cm_0,lidar_cm_1,lidar_cm_2,lidar_cm_3,lidar_cm_4,lidar_cm_5,lidar_cm_6,lidar_cm_7,lidar_cm_8,lidar_cm_9,lidar_cm_10,lidar_cm_11,lidar_cm_12,lidar_cm_13,lidar_cm_14,lidar_cm_15,lidar_cm_16,lidar_class_0,lidar_class_1,lidar_class_2,lidar_class_3,lidar_class_4,lidar_class_5,lidar_class_6,lidar_class_7,lidar_class_8,lidar_class_9,lidar_class_10,lidar_class_11,lidar_class_12,lidar_class_13,lidar_class_14,lidar_class_15,lidar_class_16
0,-1640.448,2300.526,-259.508,97.014,-0.126186,-0.989189,0.074718,0.990637,-0.121698,0.061865,-0.052103,0.081825,0.995284,1,0.08000,0.12000,4.800,0.240,-1,375.000,850.000,375.000,-1,325.000,325.000,325.000,325.000,-1,275.000,-1,-1,600.000,525.000,-1,725.000,2,0,1,1,2,0,0,0,0,2,0,2,2,1,1,2,1
1,-1641.701,2310.044,-260.007,97.494,-0.134449,-0.988075,0.075036,0.989598,-0.129973,0.061672,-0.051184,0.082547,0.995272,0,0.16000,0.24000,9.600,0.480,-1,375.000,850.000,375.000,-1,325.000,325.000,325.000,325.000,-1,275.000,975.000,-1,600.000,525.000,-1,700.000,2,0,1,1,2,0,0,0,0,2,0,0,2,1,1,2,1
2,-1643.759,2324.295,-260.742,98.214,-0.146823,-0.986277,0.075510,0.987909,-0.142366,0.061382,-0.049790,0.083609,0.995254,0,0.24000,0.36000,14.400,0.720,-1,375.000,850.000,375.000,-1,325.000,325.000,325.000,325.000,-1,250.000,825.000,-1,600.000,500.000,-1,675.000,2,0,1,1,2,0,0,0,0,2,0,0,2,1,1,2,1
3,-1646.822,2343.249,-261.695,99.174,-0.163278,-0.983638,0.076138,0.985416,-0.158852,0.060997,-0.047904,0.084987,0.995230,0,0.32000,0.48000,19.200,0.960,-1,375.000,875.000,350.000,-1,325.000,325.000,325.000,325.000,-1,275.000,400.000,-1,600.000,475.000,-1,625.000,2,1,1,1,2,0,1,0,0,2,0,0,2,1,1,2,1
4,-1651.146,2366.855,-262.844,100.374,-0.183774,-0.979954,0.076920,0.981915,-0.179391,0.060520,-0.045508,0.086651,0.995199,0,0.40000,0.60000,24.000,1.200,-1,375.000,900.000,350.000,-1,325.000,300.000,325.000,325.000,-1,275.000,400.000,-1,600.000,450.000,-1,575.000,2,1,1,1,2,1,1,0,0,2,0,0,2,1,1,2,1
5,-1657.044,2395.043,-264.160,101.814,-0.208249,-0.974972,0.077857,0.977149,-0.203926,0.059955,-0.042578,0.088564,0.995160,0,0.48000,0.72000,28.800,1.440,-1,375.000,-1,325.000,-1,300.000,300.000,325.000,325.000,-1,300.000,400.000,-1,625.000,425.000,-1,525.000,2,1,2,1,2,1,1,0,0,2,0,0,2,1,1,2,1
6,-1664.887,2427.714,-265.606,103.494,-0.236621,-0.968389,0.078954,0.970815,-0.232378,0.059311,-0.039089,0.090684,0.995112,0,0.56000,0.84000,33.600,1.680,-1,375.000,-1,300.000,650.000,300.000,275.000,325.000,325.000,-1,300.000,400.000,-1,650.000,400.000,-1,450.000,2,1,2,1,1,1,1,0,0,2,0,0,2,1,1,2,1
7,-1675.096,2464.730,-267.140,105.414,-0.268775,-0.959857,0.080220,0.962566,-0.264636,0.058601,-0.035020,0.092967,0.995053,0,0.64000,0.96000,38.400,1.920,-1,350.000,-1,300.000,500.000,300.000,275.000,325.000,325.000,-1,300.000,400.000,-1,725.000,375.000,-1,400.000,2,1,2,1,1,1,1,0,0,2,0,0,2,1,1,2,1
8,-1687.967,2505.966,-268.727,107.330,-0.300537,-0.950271,0.081618,0.953275,-0.296521,0.057816,-0.030739,0.095181,0.994985,0,0.72000,0.95809,43.200,1.916,-1,350.000,-1,275.000,400.000,275.000,250.000,325.000,300.000,-1,325.000,400.000,-1,800.000,375.000,-1,325.000,2,1,2,1,1,1,1,0,0,2,0,0,2,0,1,2,1
9,-1703.778,2551.285,-270.162,109.229,-0.331689,-0.939780,0.082438,0.943009,-0.327808,0.057239,-0.026769,0.096726,0.994951,0,0.80000,0.94976,48.000,1.900,-1,350.000,-1,250.000,300.000,275.000,250.000,325.000,300.000,-1,350.000,425.000,-1,800.000,350.000,-1,275.000,2,1,2,1,1,1,1,0,0,2,0,0,2,0,1,2,1
10,-1722.785,2600.543,-268.194,111.110,-0.361205,-0.929450,0.075192,0.932389,-0.358828,0.043505,-0.013455,0.085822,0.996220,0,0.88000,0.94018,52.800,1.880,-1,375.000,-1,275.000,275.000,275.000,250.000,325.000,350.000,-1,225.000,350.000,-1,850.000,350.000,-1,250.000,2,1,2,1,1,1,1,0,0,2,0,0,2,0,1,2,1
11,-1745.249,2653.580,-264.521,112.968,-0.389906,-0.918535,0.065318,0.920842,-0.389290,0.022432,0.004823,0.068894,0.997612,0,0.96000,0.92910,57.600,1.858,-1,425.000,-1,275.000,275.000,300.000,275.000,300.000,400.000,-1,125.000,275.000,-1,950.000,400.000,-1,225.000,2,1,2,1,1,1,1,0,0,2,0,0,2,0,1,2,1
12,-1770.409,2708.049,-261.503,114.800,-0.418332,-0.906396,0.058693,0.908058,-0.418821,0.004286,0.020697,0.055090,0.998267,0,1.00000,0.91619,60.000,1.832,-1,500.000,-1,300.000,225.000,325.000,275.000,300.000,425.000,-1,125.000,250.000,-1,-1,450.000,-1,250.000,2,0,2,1,1,1,1,0,1,2,0,0,2,2,1,2,1
13,-1797.272,2761.700,-258.935,116.603,-0.446193,-0.893254,0.054864,0.894282,-0.447373,-0.010855,0.034241,0.044220,0.998435,0,1.00000,0.90146,60.000,1.803,-1,525.000,-1,325.000,225.000,375.000,300.000,275.000,425.000,-1,100.000,250.000,-1,-1,525.000,-1,275.000,2,0,2,1,1,1,1,0,1,2,0,0,2,2,1,2,1
14,-1825.782,2814.494,-256.902,118.374,-0.473275,-0.879294,0.053403,0.879735,-0.474909,-0.022989,0.045575,0.036100,0.998308,0,1.00000,0.88512,60.000,1.770,-1,550.000,-1,350.000,225.000,425.000,350.000,275.000,400.000,925.000,75.000,225.000,-1,-1,-1,-1,325.000,2,0,2,1,1,1,1,0,1,0,0,0,2,2,2,2,1
15,-1855.878,2866.401,-255.690,120.108,-0.499522,-0.864704,0.052579,0.864633,-0.501406,-0.031658,0.053738,0.029648,0.998115,0,1.00000,0.86704,60.000,1.734,-1,550.000,-1,400.000,250.000,500.000,400.000,275.000,375.000,775.000,75.000,200.000,-1,-1,-1,-1,-1,2,0,2,1,1,0,1,0,1,0,0,0,2,2,2,2,2
16,-1887.496,2917.395,-255.403,121.802,-0.524869,-0.849619,0.051569,0.849178,-0.526827,-0.036745,0.058387,0.024504,0.997993,0,1.00000,0.84717,60.000,1.694,-1,550.000,-1,500.000,275.000,500.000,450.000,275.000,325.000,700.000,75.000,200.000,-1,-1,-1,-1,-1,2,0,2,1,1,0,1,0,1,0,0,0,2,2,2,2,2
17,-1920.570,2967.456,-255.516,123.453,-0.549051,-0.834121,0.052777,0.833545,-0.551108,-0.038515,0.061212,0.022845,0.997863,0,1.00000,0.82547,60.000,1.651,-1,550.000,-1,700.000,-1,500.000,550.000,250.000,225.000,675.000,75.000,225.000,-1,-1,-1,-1,-1,2,0,2,1,2,0,0,0,1,0,0,0,2,2,2,2,2
18,-6887.288,-1639.827,-226.707,80.723,0.159859,-0.986636,-0.031544,0.985938,0.161159,-0.044211,0.048703,-0.024033,0.998524,1,0.00000,0.00000,60.000,1.604,-1,375.000,-1,400.000,-1,300.000,325.000,325.000,325.000,-1,-1,-1,-1,650.000,750.000,-1,-1,2,0,2,0,2,0,0,0,0,2,2,2,2,0,0,2,2
19,-6886.495,-1635.094,-226.476,80.483,0.164000,-0.985962,-0.031353,0.985245,0.165293,-0.044382,0.048942,-0.023612,0.998523,0,0.08000,-0.12000,4.800,-0.240,-1,375.000,-1,400.000,-1,300.000,325.000,325.000,325.000,-1,-1,-1,-1,650.000,750.000,-1,-1,2,0,2,0,2,0,0,0,0,2,2,2,2,0,0,2,2
20,-6884.853,-1625.635,-226.011,80.156,0.169647,-0.985018,-0.030974,0.984268,0.170925,-0.044733,0.049357,-0.022898,0.998519,0,0.16000,-0.16365,9.600,-0.327,-1,375.000,-1,400.000,-1,300.000,325.000,325.000,325.000,-1,-1,-1,-1,650.000,750.000,-1,-1,2,0,2,0,2,0,0,0,0,2,2,2,2,0,0,2,2
21,-6882.310,-1611.461,-225.312,79.828,0.175296,-0.984046,-0.030409,0.983250,0.176553,-0.045267,0.049913,-0.021965,0.998512,0,0.24000,-0.16365,14.400,-0.327,-1,375.000,-1,400.000,-1,300.000,325.000,325.000,325.000,-1,-1,-1,-1,650.000,750.000,-1,-1,2,0,2,0,2,0,0,0,0,2,2,2,2,0,0,2,2
22,-6878.811,-1592.583,-224.379,79.501,0.180946,-0.983046,-0.029658,0.982190,0.182175,-0.045985,0.050609,-0.020809,0.998502,0,0.32000,-0.16365,19.200,-0.327,-1,375.000,-1,400.000,-1,300.000,325.000,325.000,325.000,-1,-1,-1,-1,650.000,750.000,-1,-1,2,0,2,0,2,0,0,0,0,2,2,2,2,0,0,2,2
23,-6874.303,-1569.010,-223.214,79.174,0.186598,-0.982016,-0.028722,0.981089,0.187793,-0.046891,0.051442,-0.019429,0.998487,0,0.40000,-0.16365,24.000,-0.327,-1,375.000,-1,400.000,-1,300.000,325.000,325.000,325.000,-1,-1,-1,-1,650.000,750.000,-1,-1,2,0,2,0,2,0,0,0,0,2,2,2,2,0,0,2,2
24,-6868.732,-1540.753,-221.821,78.847,0.192254,-0.980957,-0.027601,0.979945,0.193406,-0.047988,0.052413,-0.017822,0.998466,0,0.48000,-0.16365,28.800,-0.327,-1,350.000,-1,400.000,-1,300.000,325.000,325.000,325.000,-1,-1,475.000,-1,650.000,750.000,-1,-1,2,0,2,0,2,0,0,0,0,2,2,0,2,0,0,2,2
25,-6862.044,-1507.826,-220.204,78.519,0.197914,-0.979867,-0.026298,0.978757,0.199012,-0.049279,0.053521,-0.015986,0.998439,0,0.56000,-0.16365,33.600,-0.327,-1,350.000,-1,400.000,-1,300.000,325.000,325.000,325.000,-1,-1,400.000,-1,650.000,750.000,-1,-1,2,0,2,0,2,0,0,0,0,2,2,0,2,0,0,2,2
26,-6854.186,-1470.238,-218.367,78.192,0.203579,-0.978744,-0.024813,0.977525,0.204613,-0.050770,0.054768,-0.013920,0.998402,0,0.64000,-0.16365,38.400,-0.327,-1,350.000,-1,400.000,-1,300.000,325.000,325.000,325.000,-1,-1,325.000,-1,675.000,750.000,-1,-1,2,0,2,0,2,0,0,0,0,2,2,0,2,0,0,2,2
27,-6845.104,-1428.003,-216.319,77.865,0.209251,-0.977588,-0.023151,0.976248,0.210207,-0.052466,0.056156,-0.011623,0.998354,0,0.72000,-0.16365,43.200,-0.327,-1,350.000,-1,400.000,-1,300.000,325.000,325.000,325.000,-1,-1,300.000,-1,675.000,750.000,-1,-1,2,0,2,0,2,0,0,0,0,2,2,0,2,0,0,2,2
28,-6835.641,-1385.185,-214.256,77.537,0.214923,-0.976395,-0.021464,0.974934,0.215793,-0.054202,0.057555,-0.009277,0.998299,0,0.73086,-0.16365,43.852,-0.327,-1,350.000,-1,400.000,-1,300.000,325.000,325.000,325.000,-1,-1,250.000,-1,675.000,750.000,-1,-1,2,0,2,0,2,0,0,0,0,2,2,0,2,0,0,2,2
29,-6825.918,-1342.363,-211.933,77.208,0.220714,-0.975162,-0.018549,0.973592,0.221417,-0.055617,0.058343,-0.005784,0.998280,0,0.73186,-0.16495,43.912,-0.330,-1,350.000,-1,400.000,-1,300.000,300.000,325.000,325.000,-1,-1,250.000,-1,675.000,725.000,-1,-1,2,0,2,0,2,0,0,0,0,2,2,0,2,0,0,2,2
30,-6815.910,-1299.454,-209.549,76.871,0.226631,-0.973859,-0.015379,0.972171,0.227143,-0.057347,0.059341,-0.001955,0.998236,0,0.73433,-0.16825,44.060,-0.336,-1,350.000,-1,375.000,-1,300.000,300.000,325.000,325.000,-1,-1,250.000,-1,675.000,725.000,-1,-1,2,0,2,0,2,0,0,0,0,2,2,0,2,0,0,2,2
31,-6805.612,-1256.467,-207.039,76.528,0.232642,-0.972482,-0.012510,0.970711,0.232973,-0.058692,0.059992,0.001511,0.998198,0,0.73673,-0.17160,44.204,-0.343,-1,375.000,-1,375.000,-1,300.000,300.000,325.000,300.000,-1,-1,275.000,-1,675.000,725.000,-1,-1,2,0,2,0,2,0,0,0,0,2,2,0,2,0,0,2,2
32,-6795.019,-1213.407,-204.061,76.178,0.238665,-0.971036,-0.011273,0.969201,0.238908,-0.059777,0.060739,0.003341,0.998148,0,0.73905,-0.17500,44.343,-0.350,-1,375.000,-1,375.000,-1,300.000,300.000,325.000,300.000,-1,-1,325.000,-1,675.000,725.000,-1,-1,2,0,2,0,2,0,0,0,0,2,2,0,2,0,0,2,2
33,-6784.124,-1170.285,-200.952,75.821,0.244770,-0.969524,-0.010539,0.967604,0.244951,-0.061176,0.061893,0.004777,0.998071,0,0.74129,-0.17845,44.477,-0.357,-1,375.000,-1,375.000,-1,300.000,300.000,325.000,325.000,-1,-1,350.000,-1,675.000,725.000,-1,-1,2,0,2,0,2,0,0,0,0,2,2,0,2,0,0,2,2
34,-6772.923,-1127.107,-197.831,75.457,0.250989,-0.967940,-0.009793,0.965931,0.251102,-0.062654,0.063104,0.006266,0.997987,0,0.74344,-0.18196,44.606,-0.364,-1,375.000,-1,375.000,-1,300.000,300.000,325.000,325.000,-1,-1,375.000,-1,700.000,725.000,-1,-1,2,0,2,0,2,0,0,0,0,2,2,0,2,0,0,2,2
35,-6761.412,-1083.884,-194.698,75.086,0.257321,-0.966284,-0.009038,0.964179,0.257361,-0.064213,0.064374,0.007809,0.997895,0,0.74550,-0.18551,44.730,-0.371,-1,375.000,-1,375.000,-1,300.000,325.000,325.000,325.000,-1,-1,400.000,-1,700.000,750.000,-1,-1,2,0,2,0,2,0,0,0,0,2,2,0,2,0,0,2,2
36,-6749.584,-1040.623,-191.555,74.708,0.263769,-0.964550,-0.008274,0.962346,0.263731,-0.065857,0.065704,0.009408,0.997795,0,0.74746,-0.18911,44.848,-0.378,-1,375.000,-1,375.000,-1,300.000,325.000,325.000,325.000,-1,925.000,425.000,-1,725.000,750.000,-1,-1,2,0,2,0,2,0,0,0,0,2,0,0,2,0,0,2,2
37,-6737.435,-997.336,-188.401,74.322,0.270333,-0.962738,-0.007504,0.960426,0.270210,-0.067588,0.067098,0.011064,0.997685,0,0.74933,-0.19277,44.960,-0.386,-1,375.000,-1,400.000,-1,300.000,325.000,325.000,325.000,-1,850.000,450.000,-1,725.000,775.000,-1,-1,2,0,2,0,2,0,0,0,0,2,0,0,2,0,0,2,2
38,-6724.960,-954.032,-185.237,73.929,0.277014,-0.960842,-0.006730,0.958417,0.276801,-0.069411,0.068556,0.012778,0.997565,0,0.75109,-0.19647,45.065,-0.393,-1,375.000,-1,400.000,-1,325.000,325.000,325.000,325.000,-1,800.000,450.000,-1,725.000,800.000,-1,-1,2,0,2,0,2,0,0,0,0,2,0,0,2,0,0,2,2
39,-6712.155,-910.721,-182.157,73.529,0.283790,-0.958866,-0.006232,0.956344,0.283504,-0.070930,0.069779,0.014169,0.997462,0,0.75274,-0.20022,45.164,-0.400,-1,375.000,-1,400.000,-1,325.000,325.000,325.000,325.000,-1,800.000,475.000,-1,750.000,800.000,-1,-1,2,0,2,0,2,0,0,0,0,2,0,0,2,0,0,2,2
40,-6699.015,-867.413,-179.154,73.121,0.290661,-0.956807,-0.005983,0.954204,0.290321,-0.072173,0.070793,0.015269,0.997374,0,0.75428,-0.20403,45.257,-0.408,-1,375.000,-1,400.000,-1,325.000,325.000,325.000,325.000,-1,775.000,500.000,-1,750.000,825.000,-1,-1,2,0,2,0,2,0,0,0,0,2,0,0,2,0,0,2,2
41,-6685.535,-824.121,-176.150,72.705,0.297648,-0.954658,-0.005745,0.951968,0.297251,-0.073481,0.071857,0.016403,0.997280,0,0.75570,-0.20788,45.342,-0.416,-1,400.000,-1,400.000,-1,325.000,325.000,325.000,325.000,-1,775.000,450.000,-1,750.000,850.000,-1,-1,2,0,2,0,2,0,0,0,0,2,0,0,2,0,0,2,2
42,-6671.713,-780.856,-173.146,72.281,0.304751,-0.952416,-0.005519,0.949633,0.304294,-0.074855,0.072972,0.017571,0.997179,0,0.75700,-0.21177,45.420,-0.424,-1,400.000,-1,400.000,-1,325.000,325.000,325.000,325.000,-1,775.000,425.000,-1,775.000,875.000,-1,-1,2,0,2,0,2,0,0,0,0,2,0,0,2,0,0,2,2
43,-6657.543,-737.628,-170.077,71.850,0.311990,-0.950072,-0.004990,0.947205,0.311448,-0.076179,0.073929,0.019040,0.997082,0,0.75817,-0.21571,45.490,-0.431,-1,400.000,-1,400.000,-1,325.000,325.000,325.000,325.000,-1,775.000,400.000,-1,775.000,875.000,-1,-1,2,0,2,0,2,0,0,0,0,2,0,0,2,0,0,2,2
44,-6643.022,-694.452,-166.986,71.411,0.319353,-0.947626,-0.004296,0.944692,0.318715,-0.077321,0.074641,0.020634,0.996997,0,0.75922,-0.21969,45.553,-0.439,-1,400.000,-1,400.000,-1,325.000,325.000,325.000,325.000,-1,775.000,400.000,-1,775.000,900.000,-1,-1,2,0,2,0,2,0,0,0,0,2,0,0,2,0,0,2,2
45,-6628.146,-651.338,-163.911,70.963,0.326830,-0.945076,-0.003629,0.942079,0.326094,-0.078417,0.075293,0.022210,0.996914,0,0.76013,-0.22372,45.608,-0.447,-1,400.000,-1,400.000,-1,325.000,325.000,325.000,325.000,-1,800.000,400.000,-1,800.000,925.000,-1,-1,2,0,2,0,2,0,0,0,0,2,0,0,2,0,0,2,2
46,-6612.913,-608.300,-160.831,70.508,0.334424,-0.942418,-0.002928,0.939357,0.333585,-0.079556,0.075952,0.023855,0.996826,0,0.76090,-0.22777,45.654,-0.456,-1,400.000,-1,400.000,-1,325.000,325.000,325.000,325.000,-1,825.000,400.000,-1,800.000,950.000,-1,-1,2,0,2,0,2,0,0,0,0,2,0,0,2,0,0,2,2
47,-6597.319,-565.351,-157.437,70.044,0.342058,-0.939674,-0.002953,0.936623,0.341197,-0.079510,0.075721,0.024431,0.996830,0,0.76154,-0.23187,45.692,-0.464,-1,400.000,-1,400.000,-1,325.000,325.000,325.000,325.000,-1,875.000,450.000,-1,825.000,975.000,-1,-1,2,0,2,0,2,0,0,0,0,2,0,0,2,0,0,2,2
48,-6581.360,-522.505,-154.031,69.572,0.349808,-0.936817,-0.002793,0.933811,0.348921,-0.079064,0.075043,0.025049,0.996866,0,0.76203,-0.23599,45.722,-0.472,-1,400.000,-1,400.000,-1,325.000,325.000,325.000,325.000,-1,975.000,500.000,-1,825.000,1000.000,-1,-1,2,0,2,0,2,0,0,0,0,2,0,0,2,0,0,2,2
49,-6565.037,-479.774,-150.825,69.092,0.357727,-0.933825,-0.001622,0.930914,0.356748,-0.078298,0.073695,0.026499,0.996929,0,0.76238,-0.24014,45.743,-0.480,-1,400.000,-1,400.000,-1,325.000,325.000,325.000,325.000,-1,-1,575.000,-1,825.000,1000.000,-1,-1,2,0,2,0,2,0,0,0,0,2,2,0,2,0,0,2,2
50,-6547.484,-434.398,-147.502,68.851,0.361745,-0.932277,0.000235,0.929493,0.360645,-0.077318,0.071997,0.028188,0.997006,0,0.81088,-0.12014,48.653,-0.240,-1,400.000,-1,400.000,1000.000,325.000,325.000,325.000,325.000,-1,-1,700.000,-1,825.000,1000.000,-1,-1,2,0,2,0,1,0,0,0,0,2,2,0,2,0,0,2,2
51,-6529.911,-389.049,-144.158,68.817,0.362397,-0.932021,0.002181,0.929366,0.361186,-0.076305,0.070330,0.029680,0.997082,0,0.81059,-0.01712,48.635,-0.034,-1,400.000,-1,400.000,975.000,325.000,325.000,325.000,325.000,-1,-1,-1,-1,825.000,1000.000,-1,-1,2,0,2,0,1,0,0,0,0,2,2,2,2,0,0,2,2
52,-6512.319,-343.757,-140.894,68.773,0.363192,-0.931706,0.003800,0.929166,0.361895,-0.075377,0.068854,0.030907,0.997148,0,0.80980,-0.02220,48.588,-0.044,-1,400.000,-1,400.000,950.000,325.000,325.000,325.000,325.000,-1,-1,-1,-1,825.000,1000.000,-1,-1,2,0,2,0,1,0,0,0,0,2,2,2,2,0,0,2,2
53,-6494.707,-298.541,-137.744,68.718,0.364125,-0.931337,0.004941,0.928889,0.362772,-0.074582,0.067669,0.031747,0.997203,0,0.80877,-0.02726,48.526,-0.055,-1,400.000,-1,400.000,950.000,325.000,325.000,325.000,325.000,-1,-1,-1,-1,800.000,1000.000,-1,-1,2,0,2,0,1,0,0,0,0,2,2,2,2,0,0,2,2
54,-6477.071,-253.414,-134.597,68.654,0.365221,-0.930901,0.006156,0.928549,0.363810,-0.073749,0.066414,0.032651,0.997258,0,0.80750,-0.03228,48.450,-0.065,-1,400.000,-1,425.000,925.000,300.000,325.000,325.000,325.000,-1,-1,-1,-1,800.000,1000.000,-1,-1,2,0,2,0,1,0,0,0,0,2,2,2,2,0,0,2,2
55,-6459.413,-208.393,-131.453,68.583,0.366411,-0.930423,0.007444,0.928173,0.364942,-0.072880,0.065092,0.033613,0.997313,0,0.80601,-0.03519,48.361,-0.070,-1,400.000,-1,425.000,925.000,300.000,325.000,325.000,325.000,-1,-1,-1,-1,800.000,1000.000,-1,-1,2,0,2,0,1,0,0,0,0,2,2,2,2,0,0,2,2
56,-6441.733,-163.491,-128.313,68.508,0.367679,-0.929911,0.008806,0.927768,0.366150,-0.071974,0.063705,0.034633,0.997368,0,0.80430,-0.03759,48.258,-0.075,-1,400.000,-1,425.000,900.000,300.000,325.000,325.000,325.000,-1,-1,-1,-1,800.000,1000.000,-1,-1,2,0,2,0,1,0,0,0,0,2,2,2,2,0,0,2,2
57,-6424.033,-118.720,-125.193,68.429,0.369012,-0.929369,0.010170,0.927334,0.367427,-0.071055,0.062300,0.035652,0.997421,0,0.80238,-0.03976,48.143,-0.080,-1,400.000,-1,425.000,900.000,300.000,325.000,325.000,325.000,-1,-1,-1,-1,800.000,1000.000,-1,-1,2,0,2,0,1,0,0,0,0,2,2,2,2,0,0,2,2
58,-6406.315,-74.092,-122.127,68.345,0.370399,-0.928803,0.011375,0.926869,0.368768,-0.070173,0.060982,0.036536,0.997470,0,0.80028,-0.04171,48.017,-0.083,-1,400.000,-1,425.000,900.000,300.000,325.000,325.000,325.000,-1,-1,-1,-1,800.000,1000.000,-1,-1,2,0,2,0,1,0,0,0,0,2,2,2,2,0,1,2,2
59,-6388.579,-29.618,-119.262,68.258,0.371789,-0.928238,0.012141,0.926441,0.370174,-0.068401,0.058998,0.036679,0.997584,0,0.79800,-0.04344,47.880,-0.087,-1,400.000,-1,425.000,925.000,300.000,325.000,325.000,325.000,-1,-1,-1,-1,800.000,1000.000,-1,-1,2,0,2,0,1,0,0,0,0,2,2,2,2,0,1,2,2
60,-6370.828,14.692,-116.418,68.168,0.373223,-0.927651,0.012939,0.925993,0.371628,-0.066554,0.056931,0.036821,0.997699,0,0.79557,-0.04494,47.734,-0.090,-1,375.000,-1,425.000,-1,300.000,325.000,325.000,350.000,-1,-1,-1,-1,800.000,975.000,-1,-1,2,0,2,0,2,0,0,0,0,2,2,2,2,0,1,2,2
61,-6352.231,60.999,-113.453,68.120,0.373978,-0.927335,0.013796,0.925822,0.372407,-0.064547,0.054719,0.036912,0.997819,0,0.83171,-0.02411,49.902,-0.048,-1,375.000,-1,425.000,-1,325.000,325.000,325.000,350.000,-1,-1,-1,-1,800.000,925.000,-1,-1,2,0,2,0,2,0,0,0,0,2,2,2,2,0,1,2,2
62,-6333.591,107.274,-110.722,68.059,0.374980,-0.926908,0.015202,0.925514,0.373377,-0.063360,0.053053,0.037828,0.997875,0,0.83147,-0.03035,49.888,-0.061,-1,375.000,-1,425.000,-1,325.000,325.000,325.000,350.000,-1,-1,-1,-1,800.000,875.000,-1,-1,2,0,2,0,2,0,0,0,0,2,2,2,2,0,1,2,2
63,-6314.906,153.493,-108.374,67.986,0.376250,-0.926346,0.017873,0.925092,0.374531,-0.062705,0.051393,0.040127,0.997872,0,0.83088,-0.03672,49.853,-0.073,-1,375.000,-1,425.000,-1,325.000,325.000,325.000,350.000,-1,-1,-1,-1,775.000,850.000,-1,-1,2,0,2,0,2,0,0,0,0,2,2,2,2,0,1,2,2
64,-6296.173,199.630,-106.101,67.900,0.377727,-0.925683,0.020809,0.924589,0.375887,-0.061998,0.049569,0.042658,0.997859,0,0.82992,-0.04318,49.795,-0.086,-1,375.000,-1,425.000,-1,325.000,325.000,325.000,350.000,-1,-1,-1,-1,775.000,800.000,-1,-1,2,0,2,0,2,0,0,0,0,2,2,2,2,1,1,2,2
65,-6277.390,245.661,-103.850,67.800,0.379407,-0.924925,0.023770,0.923998,0.377451,-0.061311,0.047736,0.045225,0.997836,0,0.82861,-0.04974,49.716,-0.099,-1,375.000,-1,425.000,-1,325.000,325.000,325.000,325.000,-1,-1,-1,-1,750.000,750.000,-1,-1,2,0,2,0,2,0,0,0,0,2,2,2,2,1,1,2,2
66,-6258.554,291.562,-101.623,67.687,0.381291,-0.924068,0.026756,0.923315,0.379224,-0.060646,0.045894,0.047828,0.997801,0,0.82693,-0.05636,49.616,-0.113,-1,375.000,-1,425.000,-1,325.000,325.000,325.000,325.000,-1,-1,-1,-1,725.000,700.000,-1,950.000,2,0,2,0,2,0,0,0,0,2,2,2,2,1,1,2,1
67,-6239.665,337.309,-99.423,67.561,0.383379,-0.923111,0.029767,0.922540,0.381207,-0.060006,0.044045,0.050466,0.997754,0,0.82489,-0.06303,49.493,-0.126,-1,375.000,975.000,425.000,-1,325.000,325.000,325.000,325.000,-1,-1,-1,-1,700.000,675.000,-1,900.000,2,1,1,0,2,0,0,0,0,2,2,2,2,1,1,2,1
68,-6220.719,382.878,-97.250,67.422,0.385671,-0.922053,0.032803,0.921671,0.383399,-0.059393,0.042187,0.053140,0.997696,0,0.82251,-0.06972,49.351,-0.139,-1,375.000,925.000,425.000,-1,325.000,325.000,325.000,325.000,-1,-1,-1,-1,675.000,625.000,-1,825.000,2,1,1,0,2,0,0,0,0,2,2,2,2,1,1,2,1
69,-6201.714,428.246,-95.105,67.269,0.388167,-0.920891,0.035863,0.920706,0.385799,-0.058810,0.040322,0.055848,0.997625,0,0.81980,-0.07639,49.188,-0.153,-1,375.000,875.000,425.000,975.000,325.000,325.000,325.000,325.000,-1,-1,-1,-1,650.000,600.000,-1,775.000,2,1,1,1,1,1,0,0,0,2,2,2,2,1,1,2,1
70,-6182.655,473.393,-92.992,67.110,0.390746,-0.919674,0.038946,0.919695,0.388287,-0.058259,0.038457,0.058583,0.997542,0,0.81677,-0.07935,49.006,-0.159,-1,375.000,800.000,400.000,900.000,300.000,325.000,325.000,325.000,-1,-1,-1,-1,600.000,550.000,-1,700.000,2,1,1,1,1,1,1,0,0,2,2,2,2,1,1,2,1
71,-6163.545,518.303,-90.916,66.947,0.393388,-0.918412,0.042017,0.918643,0.390845,-0.057749,0.036615,0.061316,0.997447,0,0.81343,-0.08172,48.806,-0.163,-1,350.000,750.000,375.000,825.000,300.000,300.000,325.000,325.000,-1,-1,-1,-1,575.000,500.000,-1,650.000,2,1,1,1,1,1,1,0,0,2,2,2,2,1,1,2,1
72,-6144.389,562.956,-89.065,66.779,0.396088,-0.917151,0.044151,0.917530,0.393482,-0.057538,0.035399,0.063300,0.997367,0,0.80982,-0.08382,48.589,-0.168,-1,350.000,700.000,350.000,750.000,275.000,300.000,350.000,325.000,-1,-1,-1,-1,550.000,475.000,-1,575.000,2,1,1,1,1,1,1,0,0,2,2,2,2,1,1,2,1
73,-6123.403,612.048,-87.158,66.852,0.394918,-0.917551,0.046253,0.918086,0.392282,-0.056860,0.034028,0.064920,0.997310,0,0.88982,0.03618,53.389,0.072,-1,325.000,650.000,325.000,650.000,275.000,275.000,350.000,325.000,-1,-1,-1,-1,500.000,425.000,-1,525.000,2,1,1,1,1,1,1,0,0,2,2,2,2,1,1,2,1
74,-6101.931,662.549,-85.289,66.965,0.393072,-0.918243,0.048209,0.918934,0.390434,-0.055877,0.032486,0.066264,0.997273,0,0.91461,0.05660,54.877,0.113,-1,300.000,575.000,300.000,575.000,250.000,250.000,350.000,325.000,-1,-1,-1,-1,475.000,400.000,-1,450.000,2,1,1,1,1,1,1,0,0,2,2,2,2,1,1,2,1
75,-6080.391,713.483,-83.262,67.075,0.391318,-0.918866,0.050556,0.919715,0.388615,-0.055695,0.031529,0.068292,0.997167,0,0.92168,0.05507,55.301,0.110,-1,275.000,525.000,275.000,475.000,225.000,225.000,350.000,325.000,-1,-1,-1,-1,425.000,350.000,-1,375.000,2,1,1,1,1,1,1,0,1,2,2,2,2,1,1,2,1
76,-6058.784,764.850,-81.159,67.182,0.389762,-0.919323,0.054137,0.920351,0.386791,-0.057857,0.032249,0.072376,0.996856,0,0.92878,0.05336,55.727,0.107,-1,275.000,475.000,225.000,400.000,225.000,200.000,350.000,300.000,-1,-1,-1,-1,400.000,300.000,-1,325.000,2,1,1,1,1,1,1,0,1,2,2,2,2,1,1,2,1
77,-6035.383,820.100,-75.274,67.049,0.392260,-0.918807,0.043893,0.918808,0.389092,-0.066323,0.043859,0.066345,0.996832,0,1.00000,-0.06664,60.000,-0.133,-1,250.000,450.000,225.000,350.000,200.000,200.000,350.000,300.000,-1,-1,200.000,-1,375.000,300.000,-1,275.000,2,1,1,1,1,1,1,0,1,2,2,0,2,1,1,2,1
78,-6011.620,875.196,-67.549,66.675,0.398398,-0.916783,0.028076,0.915187,0.395299,-0.078556,0.060920,0.056991,0.996514,0,1.00000,-0.18664,60.000,-0.373,-1,250.000,450.000,225.000,350.000,200.000,200.000,350.000,300.000,-1,125.000,150.000,-1,375.000,275.000,-1,275.000,2,1,1,1,1,1,1,0,1,2,0,0,2,1,1,2,1
79,-5987.488,930.133,-59.030,66.291,0.404319,-0.914548,0.011307,0.911064,0.401629,-0.093044,0.080552,0.047921,0.995598,0,1.00000,-0.19209,60.000,-0.384,-1,250.000,425.000,225.000,350.000,200.000,200.000,350.000,325.000,-1,50.000,125.000,-1,375.000,275.000,-1,275.000,2,1,1,1,1,1,1,0,1,2,0,0,2,1,1,2,1
80,-6231.360,4263.561,-159.088,85.147,0.083769,-0.995940,0.032952,0.996143,0.084561,0.023426,-0.026117,0.030862,0.999182,1,0.00000,0.00000,60.000,-0.386,-1,375.000,-1,400.000,-1,300.000,325.000,300.000,300.000,900.000,725.000,675.000,925.000,650.000,750.000,-1,-1,2,0,2,0,2,0,0,0,0,1,0,0,1,0,0,2,2
81,-6230.974,4268.345,-159.210,85.387,0.079598,-0.996280,0.033027,0.996491,0.080388,0.023302,-0.025870,0.031056,0.999183,0,0.08000,0.12000,4.800,0.240,-1,375.000,-1,400.000,-1,300.000,325.000,300.000,300.000,925.000,725.000,675.000,925.000,650.000,750.000,-1,-1,2,0,2,0,2,0,0,0,0,1,0,0,1,0,0,2,2
82,-6230.223,4277.916,-159.462,85.516,0.077359,-0.996449,0.033250,0.996676,0.078144,0.023024,-0.025541,0.031358,0.999182,0,0.16000,0.06448,9.600,0.129,-1,375.000,-1,400.000,-1,300.000,325.000,300.000,300.000,925.000,725.000,675.000,925.000,650.000,725.000,-1,-1,2,0,2,0,2,0,0,0,0,1,0,0,1,0,0,2,2
83,-6229.131,4292.274,-159.842,85.647,0.075084,-0.996611,0.033601,0.996862,0.075865,0.022601,-0.025074,0.031799,0.999180,0,0.24000,0.06549,14.400,0.131,-1,375.000,-1,400.000,-1,300.000,325.000,300.000,300.000,925.000,725.000,675.000,925.000,650.000,725.000,-1,-1,2,0,2,0,2,0,0,0,0,1,0,0,1,0,0,2,2
84,-6227.718,4311.422,-160.351,85.781,0.072758,-0.996767,0.034085,0.997049,0.073532,0.022032,-0.024467,0.032381,0.999176,0,0.32000,0.06702,19.200,0.134,-1,375.000,-1,400.000,-1,300.000,325.000,300.000,300.000,950.000,725.000,675.000,925.000,650.000,725.000,-1,-1,2,0,2,0,2,0,0,0,0,1,0,0,1,0,0,2,2
85,-6226.011,4335.361,-160.987,85.919,0.070362,-0.996918,0.034707,0.997240,0.071127,0.021315,-0.023718,0.033111,0.999170,0,0.40000,0.06908,24.000,0.138,-1,375.000,-1,400.000,-1,300.000,325.000,300.000,300.000,975.000,725.000,675.000,925.000,650.000,725.000,-1,-1,2,0,2,0,2,0,0,0,0,1,0,0,1,0,0,2,2
86,-6224.033,4364.093,-161.753,86.062,0.067877,-0.997063,0.035472,0.997433,0.068630,0.020451,-0.022826,0.033993,0.999161,0,0.48000,0.07169,28.800,0.143,-1,375.000,-1,400.000,-1,300.000,300.000,300.000,300.000,1000.000,725.000,675.000,950.000,650.000,725.000,-1,-1,2,0,2,0,2,0,0,0,0,1,0,0,1,0,0,2,2
87,-6221.814,4397.620,-162.649,86.212,0.065284,-0.997203,0.036387,0.997629,0.066021,0.019439,-0.021787,0.035032,0.999149,0,0.56000,0.07487,33.600,0.150,-1,350.000,-1,400.000,-1,300.000,300.000,300.000,300.000,-1,725.000,700.000,950.000,650.000,725.000,-1,-1,2,0,2,0,2,0,0,0,0,2,0,0,1,0,0,2,2
88,-6219.383,4435.942,-163.675,86.369,0.062564,-0.997338,0.037460,0.997828,0.063281,0.018278,-0.020600,0.036235,0.999131,0,0.64000,0.07863,38.400,0.157,-1,350.000,-1,375.000,-1,300.000,300.000,300.000,300.000,-1,725.000,700.000,950.000,650.000,725.000,-1,-1,2,0,2,0,2,0,0,0,0,2,0,0,1,0,0,2,2
89,-6216.773,4479.063,-164.831,86.535,0.059696,-0.997466,0.038698,0.998031,0.060388,0.016967,-0.019261,0.037609,0.999107,0,0.72000,0.08300,43.200,0.166,-1,350.000,-1,375.000,-1,300.000,300.000,300.000,300.000,-1,725.000,700.000,975.000,625.000,725.000,-1,-1,2,0,2,0,2,0,0,0,0,2,0,0,1,0,0,2,2
90,-6214.149,4524.748,-166.059,86.711,0.056659,-0.997590,0.040040,0.998234,0.057321,0.015575,-0.017833,0.039087,0.999077,0,0.76267,0.08800,45.760,0.176,-1,350.000,-1,375.000,-1,300.000,300.000,300.000,300.000,-1,725.000,675.000,1000.000,625.000,700.000,-1,-1,2,0,2,0,2,0,0,0,0,2,0,0,1,0,0,2,2
91,-6211.664,4570.614,-167.282,86.898,0.053436,-0.997710,0.041462,0.998436,0.054065,0.014208,-0.016417,0.040638,0.999039,0,0.76555,0.09339,45.933,0.187,-1,350.000,-1,375.000,-1,300.000,300.000,300.000,300.000,-1,725.000,675.000,-1,625.000,700.000,-1,-1,2,0,2,0,2,0,0,0,0,2,0,0,2,0,0,2,2
92,-6209.329,4616.673,-167.873,87.096,0.050004,-0.997782,0.043932,0.998635,0.050615,0.012900,-0.015095,0.043227,0.998951,0,0.76863,0.09890,46.118,0.198,-1,350.000,-1,375.000,-1,300.000,300.000,300.000,300.000,-1,750.000,700.000,-1,625.000,700.000,-1,-1,2,0,2,0,2,0,0,0,0,2,0,0,2,0,0,2,2
93,-6207.152,4662.935,-167.898,87.305,0.046447,-0.997919,0.044735,0.998838,0.046972,0.010759,-0.012837,0.044183,0.998941,0,0.77190,0.10452,46.314,0.209,-1,350.000,-1,375.000,-1,300.000,300.000,325.000,325.000,-1,775.000,650.000,-1,650.000,700.000,-1,-1,2,0,2,0,2,0,0,0,0,2,0,0,2,0,0,2,2
94,-6205.168,4711.493,-167.913,87.659,0.040374,-0.998146,0.045555,0.999131,0.040801,0.008494,-0.010337,0.045172,0.998926,0,0.80997,0.17708,48.598,0.354,-1,350.000,-1,375.000,-1,300.000,300.000,325.000,325.000,-1,750.000,600.000,-1,650.000,700.000,-1,-1,2,0,2,0,2,0,0,0,0,2,0,0,2,0,0,2,2
95,-6203.487,4760.289,-167.922,88.026,0.034092,-0.998340,0.046427,0.999388,0.034416,0.006198,-0.007785,0.046187,0.998902,0,0.81376,0.18320,48.826,0.366,-1,350.000,-1,375.000,-1,300.000,300.000,325.000,325.000,-1,700.000,575.000,-1,650.000,700.000,-1,-1,2,0,2,0,2,0,0,0,0,2,0,0,2,0,0,2,2
96,-6202.120,4809.223,-167.922,88.399,0.027699,-0.998494,0.047349,0.999603,0.027914,0.003878,-0.005194,0.047223,0.998871,0,0.81588,0.18652,48.953,0.373,-1,350.000,-1,375.000,-1,300.000,300.000,325.000,325.000,-1,675.000,550.000,-1,650.000,700.000,-1,-1,2,0,2,0,2,0,0,0,0,2,0,0,2,0,0,2,2
97,-6201.072,4858.164,-167.913,88.772,0.021311,-0.998605,0.048316,0.999770,0.021411,0.001543,-0.002575,0.048272,0.998831,0,0.81588,0.18652,48.953,0.373,-1,375.000,-1,375.000,-1,300.000,300.000,325.000,350.000,-1,650.000,525.000,-1,650.000,700.000,-1,-1,2,0,2,0,2,0,0,0,0,2,0,0,2,0,0,2,2
98,-6200.342,4907.111,-167.894,89.145,0.014930,-0.998671,0.049322,0.999889,0.014908,-0.000805,0.000069,0.049329,0.998783,0,0.81588,0.18652,48.953,0.373,-1,375.000,-1,375.000,-1,300.000,300.000,325.000,350.000,-1,625.000,525.000,-1,650.000,700.000,-1,-1,2,0,2,0,2,0,0,0,0,2,0,0,2,0,0,2,2
99,-6199.931,4956.062,-167.863,89.518,0.008554,-0.998694,0.050364,0.999960,0.008405,-0.003163,0.002736,0.050389,0.998726,0,0.81588,0.18652,48.953,0.373,-1,375.000,-1,375.000,-1,300.000,300.000,325.000,350.000,-1,600.000,500.000,-1,675.000,700.000,-1,-1,2,0,2,0,2,0,0,0,0,2,0,0,2,0,0,2,2
100,-6199.839,5005.015,-167.820,89.891,0.002184,-0.998674,0.051435,0.999983,0.001902,-0.005529,0.005424,0.051446,0.998661,0,0.81588,0.18652,48.953,0.373,-1,375.000,-1,375.000,-1,300.000,300.000,325.000,325.000,-1,575.000,500.000,-1,675.000,700.000,-1,-1,2,0,2,0,2,0,0,0,0,2,0,0,2,0,0,2,2
101,-6200.065,5053.967,-167.764,90.264,-0.004178,-0.998611,0.052531,0.999958,-0.004600,-0.007900,0.008130,0.052495,0.998588,0,0.81588,0.18652,48.953,0.373,-1,375.000,-1,375.000,-1,300.000,300.000,325.000,325.000,-1,575.000,475.000,-1,675.000,700.000,-1,-1,2,0,2,0,2,0,0,0,0,2,0,0,2,0,0,2,2
102,-6200.610,5102.917,-167.692,90.637,-0.010534,-0.998504,0.053645,0.999886,-0.011101,-0.010274,0.010854,0.053531,0.998507,0,0.81588,0.18652,48.953,0.373,-1,375.000,-1,375.000,-1,300.000,300.000,325.000,325.000,-1,550.000,400.000,-1,675.000,700.000,-1,-1,2,0,2,0,2,0,0,0,0,2,0,0,2,0,0,2,2
103,-6201.474,5151.862,-167.605,91.010,-0.016883,-0.998356,0.054773,0.999765,-0.017601,-0.012649,0.013592,0.054547,0.998419,0,0.81588,0.18652,48.953,0.373,-1,375.000,-1,375.000,-1,300.000,300.000,325.000,325.000,-1,475.000,350.000,-1,675.000,700.000,-1,-1,2,0,2,0,2,0,0,0,0,2,0,0,2,0,0,2,2
104,-6202.657,5200.800,-167.501,91.383,-0.023224,-0.998166,0.055910,0.999597,-0.024099,-0.015023,0.016343,0.055538,0.998323,0,0.81588,0.18652,48.953,0.373,-1,375.000,-1,375.000,-1,300.000,300.000,325.000,325.000,-1,375.000,300.000,-1,700.000,700.000,-1,-1,2,0,2,0,2,0,0,0,0,2,0,0,2,0,0,2,2
105,-6204.158,5249.730,-167.144,91.756,-0.029598,-0.997977,0.056273,0.999388,-0.030597,-0.016972,0.018660,0.055736,0.998271,0,0.81588,0.18652,48.953,0.373,-1,375.000,-1,375.000,-1,300.000,300.000,325.000,325.000,-1,325.000,275.000,-1,700.000,700.000,-1,-1,2,0,2,0,2,0,0,0,0,2,0,0,2,0,0,2,2
106,-6205.976,5298.649,-165.748,92.129,-0.036008,-0.997775,0.056117,0.999141,-0.037095,-0.018449,0.020489,0.055404,0.998254,0,0.81588,0.18652,48.953,0.373,-1,375.000,-1,375.000,-1,300.000,300.000,325.000,325.000,-1,350.000,300.000,-1,700.000,700.000,-1,-1,2,0,2,0,2,0,0,0,0,2,0,0,2,0,0,2,2
107,-6208.114,5347.554,-164.296,92.502,-0.042407,-0.997524,0.056111,0.998848,-0.043591,-0.020047,0.022443,0.055196,0.998223,0,0.81588,0.18652,48.953,0.373,-1,375.000,-1,375.000,-1,300.000,300.000,325.000,325.000,-1,375.000,350.000,-1,700.000,700.000,-1,-1,2,0,2,0,2,0,0,0,0,2,0,0,2,0,0,2,2
108,-6210.579,5396.521,-162.823,92.882,-0.048915,-0.997227,0.056091,0.998505,-0.050196,-0.021650,0.024405,0.054948,0.998191,0,0.81714,0.18969,49.028,0.379,-1,375.000,-1,375.000,-1,300.000,300.000,325.000,325.000,-1,375.000,375.000,-1,725.000,700.000,-1,-1,2,0,2,0,2,0,0,0,0,2,0,0,2,0,0,2,2
109,-6213.377,5445.541,-161.330,93.267,-0.055536,-0.996882,0.056057,0.998108,-0.056912,-0.023256,0.026374,0.054660,0.998157,0,0.81834,0.19295,49.100,0.386,-1,375.000,-1,375.000,-1,300.000,300.000,325.000,350.000,-1,400.000,400.000,-1,725.000,725.000,-1,-1,2,0,2,0,2,0,0,0,0,2,0,0,2,0,0,2,2
110,-6216.516,5494.607,-159.816,93.660,-0.062269,-0.996487,0.056007,0.997657,-0.063739,-0.024865,0.028348,0.054327,0.998121,0,0.81943,0.19621,49.166,0.392,-1,375.000,-1,375.000,-1,300.000,300.000,325.000,350.000,-1,400.000,400.000,-1,750.000,725.000,-1,-1,2,0,2,0,2,0,0,0,0,2,0,0,2,0,0,2,2
111,-6220.000,5543.709,-158.281,94.059,-0.069113,-0.996039,0.055939,0.997148,-0.070677,-0.026477,0.030326,0.053949,0.998083,0,0.82042,0.19945,49.225,0.399,-1,375.000,-1,375.000,-1,300.000,300.000,325.000,350.000,-1,400.000,425.000,-1,750.000,725.000,-1,-1,2,0,2,0,2,0,0,0,0,2,0,0,2,0,0,2,2
112,-6223.835,5592.837,-156.724,94.464,-0.076068,-0.995537,0.055851,0.996579,-0.077724,-0.028092,0.032308,0.053523,0.998044,0,0.82130,0.20268,49.278,0.405,-1,375.000,-1,375.000,-1,300.000,300.000,325.000,350.000,-1,425.000,450.000,-1,775.000,725.000,-1,-1,2,0,2,0,2,0,0,0,0,2,0,0,2,0,0,2,2
113,-6227.796,5637.139,-155.289,95.109,-0.087193,-0.994631,0.055734,0.995599,-0.088935,-0.029563,0.034361,0.052911,0.998008,0,0.74130,0.32268,44.478,0.645,-1,375.000,-1,375.000,-1,300.000,300.000,325.000,325.000,-1,425.000,475.000,-1,775.000,725.000,-1,-1,2,0,2,0,2,0,0,0,0,2,0,0,2,0,0,2,2
114,-6231.940,5676.600,-153.973,95.995,-0.102476,-0.993180,0.055598,0.994066,-0.104297,-0.030896,0.036484,0.052102,0.997975,0,0.66130,0.44268,39.678,0.885,-1,400.000,-1,375.000,-1,300.000,300.000,325.000,325.000,-1,375.000,475.000,-1,800.000,750.000,-1,-1,2,0,2,0,2,0,0,0,0,2,0,0,2,0,0,2,2
115,-6236.189,5711.218,-152.782,96.999,-0.119796,-0.991248,0.055459,0.992050,-0.121689,-0.032088,0.038556,0.051174,0.997945,0,0.58130,0.50197,34.878,1.004,-1,400.000,-1,375.000,-1,300.000,300.000,325.000,325.000,-1,325.000,500.000,-1,800.000,750.000,-1,-1,2,0,2,0,2,0,0,0,0,2,0,0,2,0,0,2,2
116,-6240.374,5741.003,-151.724,97.997,-0.136999,-0.989025,0.055327,0.989745,-0.138952,-0.033134,0.040458,0.050221,0.997918,0,0.50130,0.49929,30.078,0.999,-1,400.000,-1,375.000,-1,325.000,300.000,325.000,325.000,-1,300.000,500.000,-1,825.000,750.000,-1,-1,2,0,2,0,2,0,0,0,0,2,0,0,2,0,0,2,2
117,-6244.324,5765.971,-150.811,98.991,-0.154081,-0.986514,0.055213,0.987157,-0.156086,-0.034033,0.042192,0.049260,0.997894,0,0.42130,0.49673,25.278,0.993,-1,400.000,-1,375.000,-1,325.000,300.000,325.000,325.000,-1,275.000,475.000,-1,825.000,750.000,-1,-1,2,0,2,0,2,0,0,0,0,2,0,0,2,0,0,2,2
118,-6247.872,5786.139,-150.050,99.980,-0.171045,-0.983720,0.055126,0.984291,-0.173094,-0.034782,0.043757,0.048311,0.997873,0,0.34130,0.49434,20.478,0.989,-1,400.000,-1,375.000,-1,325.000,300.000,325.000,325.000,-1,250.000,475.000,-1,825.000,750.000,-1,-1,2,0,2,0,2,0,0,0,0,2,0,0,2,0,0,2,2
119,-6250.853,5801.531,-149.451,100.964,-0.187892,-0.980644,0.055078,0.981151,-0.189976,-0.035378,0.045157,0.047393,0.997855,0,0.26130,0.49218,15.678,0.984,-1,400.000,-1,375.000,-1,325.000,300.000,325.000,325.000,-1,225.000,475.000,-1,850.000,750.000,-1,-1,2,0,2,0,2,0,0,0,0,2,0,0,2,0,0,2,2
120,-6253.104,5812.173,-149.024,101.944,-0.204626,-0.977289,0.055079,0.977740,-0.206739,-0.035819,0.046392,0.046523,0.997839,0,0.18130,0.49028,10.878,0.981,-1,400.000,-1,375.000,1000.000,325.000,300.000,325.000,325.000,-1,250.000,475.000,-1,850.000,750.000,-1,-1,2,0,2,0,1,0,0,0,0,2,0,0,2,0,0,2,2
121,-6254.463,5818.097,-148.776,102.922,-0.221251,-0.973657,0.055137,0.974061,-0.223387,-0.036099,0.047465,0.045720,0.997826,0,0.10130,0.48869,6.078,0.977,-1,400.000,-1,375.000,1000.000,325.000,300.000,325.000,325.000,-1,250.000,475.000,-1,850.000,750.000,-1,-1,2,0,2,0,1,0,0,0,0,2,0,0,2,0,0,2,2
122,-6257.031,5828.668,-148.331,103.659,-0.233749,-0.970735,0.055093,0.971089,-0.235907,-0.036530,0.048458,0.044961,0.997813,0,0.18130,0.36869,10.878,0.737,-1,400.000,-1,375.000,1000.000,325.000,325.000,325.000,325.000,-1,250.000,475.000,-1,850.000,750.000,-1,-1,2,0,2,0,1,0,0,0,0,2,0,0,2,0,1,2,2
123,-6260.865,5843.870,-147.574,104.157,-0.242191,-0.968699,0.054458,0.968988,-0.244337,-0.036897,0.049048,0.043833,0.997834,0,0.26130,0.24869,15.678,0.497,-1,400.000,-1,375.000,975.000,325.000,325.000,325.000,325.000,-1,250.000,500.000,-1,850.000,750.000,-1,-1,2,0,2,0,1,0,0,0,0,2,0,0,2,0,1,2,2
124,-6265.962,5863.703,-146.613,104.414,-0.246571,-0.967638,0.053660,0.967861,-0.248698,-0.037328,0.049465,0.042731,0.997861,0,0.34130,0.12869,20.478,0.257,-1,400.000,-1,375.000,975.000,325.000,325.000,325.000,325.000,-1,250.000,525.000,-1,875.000,750.000,-1,-1,2,0,2,0,1,0,0,0,0,2,0,0,2,0,1,2,2
125,-6272.330,5888.166,-145.458,104.592,-0.249611,-0.966909,0.052745,0.967066,-0.251711,-0.037757,0.049784,0.041583,0.997894,0,0.42130,0.08887,25.278,0.178,-1,400.000,-1,375.000,950.000,325.000,325.000,325.000,325.000,-1,250.000,525.000,-1,875.000,750.000,-1,-1,2,0,2,0,1,0,0,0,0,2,0,0,2,1,1,2,2
126,-6279.994,5917.252,-144.083,104.765,-0.252578,-0.966197,0.051651,0.966277,-0.254645,-0.038265,0.050125,0.040244,0.997932,0,0.50130,0.08654,30.078,0.173,-1,400.000,-1,375.000,925.000,325.000,325.000,325.000,325.000,-1,275.000,550.000,-1,875.000,775.000,-1,-1,2,0,2,0,1,0,0,0,0,2,0,0,2,1,1,2,2
127,-6288.981,5950.952,-142.489,104.932,-0.255458,-0.965507,0.050377,0.965501,-0.257484,-0.038849,0.050481,0.038715,0.997974,0,0.58130,0.08374,34.878,0.167,-1,425.000,-1,400.000,925.000,325.000,325.000,325.000,325.000,-1,275.000,575.000,-1,875.000,775.000,-1,-1,2,0,2,0,1,0,0,0,0,2,0,0,2,1,1,2,2
128,-6299.312,5989.262,-140.532,105.093,-0.258229,-0.964822,0.049359,0.964770,-0.260204,-0.038885,0.050361,0.037579,0.998024,0,0.66130,0.08041,39.678,0.161,-1,425.000,-1,400.000,900.000,325.000,325.000,325.000,325.000,-1,300.000,625.000,-1,875.000,800.000,-1,-1,2,0,2,0,1,0,0,0,0,2,0,0,2,1,0,2,2
129,-6311.007,6032.175,-138.416,105.246,-0.260906,-0.964179,0.047819,0.964077,-0.262796,-0.038659,0.049841,0.036015,0.998108,0,0.74130,0.07654,44.478,0.153,-1,425.000,-1,400.000,875.000,325.000,325.000,325.000,325.000,-1,375.000,700.000,-1,850.000,800.000,-1,-1,2,0,2,0,1,0,0,0,0,2,0,0,2,1,0,2,2
130,-6324.084,6079.686,-136.076,105.390,-0.263442,-0.963573,0.046099,0.963419,-0.265236,-0.038394,0.049222,0.034298,0.998199,0,0.82130,0.07206,49.278,0.144,-1,425.000,-1,400.000,850.000,325.000,325.000,325.000,325.000,-1,450.000,800.000,-1,850.000,800.000,-1,-1,2,0,2,0,1,0,0,0,0,2,0,0,2,1,0,2,2
131,-6338.266,6130.745,-133.565,105.524,-0.265810,-0.963010,0.044235,0.962804,-0.267503,-0.038089,0.048513,0.032465,0.998295,0,0.88320,0.06693,52.992,0.134,-1,425.000,-1,400.000,800.000,325.000,325.000,325.000,325.000,-1,575.000,925.000,-1,825.000,825.000,-1,-1,2,0,2,0,1,0,0,0,0,2,0,0,2,1,0,2,2
132,-6352.596,6181.913,-131.054,105.647,-0.267984,-0.962492,0.042354,0.962239,-0.269575,-0.037764,0.047765,0.030634,0.998389,0,0.88562,0.06120,53.137,0.122,-1,425.000,-1,400.000,800.000,325.000,325.000,325.000,325.000,-1,700.000,-1,-1,800.000,825.000,1000.000,-1,2,0,2,0,1,0,0,0,0,2,0,2,2,1,0,1,2
133,-6367.059,6233.173,-128.544,105.757,-0.269955,-0.962023,0.040457,0.961726,-0.271445,-0.037418,0.046978,0.028808,0.998480,0,0.88769,0.05522,53.262,0.110,1000.000,425.000,-1,400.000,775.000,325.000,325.000,325.000,350.000,-1,825.000,-1,-1,775.000,825.000,950.000,-1,1,0,2,0,1,0,0,0,0,2,0,2,2,1,0,1,2
134,-6381.637,6284.507,-126.083,105.855,-0.271711,-0.961602,0.038674,0.961278,-0.273103,-0.036870,0.046016,0.027158,0.998571,0,0.88940,0.04899,53.364,0.098,950.000,425.000,-1,400.000,750.000,325.000,325.000,325.000,350.000,-1,1000.000,-1,-1,750.000,850.000,900.000,-1,1,0,2,0,1,0,0,0,0,2,0,2,2,1,0,1,2
