timestep,x_cm,y_cm,z_cm,yaw_deg,basis_xx,basis_xy,basis_xz,basis_yx,basis_yy,basis_yz,basis_zx,basis_zy,basis_zz,teleport_flag,throttle_cmd,steering_cmd,cmd_move_cm,cmd_turn_deg,lidar_cm_0,lidar_cm_1,lidar_cm_2,lidar_cm_3,lidar_cm_4,lidar_cm_5,lidar_cm_6,lidar_cm_7,lidar_cm_8,lidar_cm_9,lidar_cm_10,lidar_cm_11,lidar_cm_12,lidar_cm_13,lidar_cm_14,lidar_cm_15,lidar_cm_16,lidar_class_0,lidar_class_1,lidar_class_2,lidar_class_3,lidar_class_4,lidar_class_5,lidar_class_6,lidar_class_7,lidar_class_8,lidar_class_9,lidar_class_10,lidar_class_11,lidar_class_12,lidar_class_13,lidar_class_14,lidar_class_15,lidar_class_16
0,-2952.425,8850.286,136.114,-100.204,-0.135645,0.966282,0.218862,-0.970601,-0.173935,0.166375,0.198832,-0.189860,0.961467,1,0.08000,-0.03031,4.800,-0.061,-1,775.000,-1,225.000,125.000,500.000,250.000,225.000,600.000,200.000,25.000,175.000,-1,-1,275.000,-1,125.000,2,0,2,1,1,1,1,0,1,0,0,0,2,2,1,2,1
1,-2954.126,8840.835,138.604,-100.266,-0.134106,0.964748,0.226445,-0.969811,-0.174735,0.170100,0.203671,-0.196797,0.959056,0,0.16000,-0.03095,9.600,-0.062,-1,775.000,-1,225.000,125.000,500.000,250.000,225.000,600.000,175.000,0.000,175.000,-1,-1,275.000,-1,125.000,2,0,2,1,1,1,1,0,1,0,0,0,2,2,1,2,1
2,-2956.692,8826.661,142.381,-100.331,-0.131115,0.962393,0.237926,-0.968666,-0.175434,0.175808,0.210937,-0.207420,0.955240,0,0.24000,-0.03242,14.400,-0.065,-1,825.000,-1,225.000,125.000,525.000,275.000,225.000,625.000,175.000,0.000,175.000,-1,-1,275.000,-1,125.000,2,0,2,1,1,1,1,0,1,0,0,0,2,2,1,2,1
3,-5575.428,9511.014,168.129,-133.913,-0.691198,0.720238,0.059178,-0.719814,-0.693426,0.032058,0.064125,-0.020439,0.997733,1,0.00000,0.00000,19.200,-0.070,850.000,300.000,-1,300.000,600.000,250.000,250.000,300.000,325.000,-1,675.000,625.000,-1,425.000,425.000,550.000,525.000,1,1,2,1,1,1,1,0,0,2,0,0,2,1,1,1,1
4,-5578.772,9507.570,168.606,-134.153,-0.694188,0.717336,0.059439,-0.716861,-0.696445,0.032791,0.064918,-0.019847,0.997693,0,0.08000,-0.12000,4.800,-0.240,850.000,300.000,-1,300.000,600.000,250.000,250.000,300.000,325.000,-1,650.000,625.000,-1,425.000,425.000,550.000,525.000,1,1,2,1,1,1,1,0,0,2,0,0,2,1,1,1,1
5,-5585.517,9500.738,169.571,-134.633,-0.700129,0.711493,0.059977,-0.710910,-0.702447,0.034292,0.066529,-0.018629,0.997611,0,0.16000,-0.24000,9.600,-0.480,825.000,300.000,-1,300.000,600.000,250.000,250.000,325.000,325.000,-1,625.000,575.000,-1,425.000,425.000,550.000,525.000,1,1,2,1,1,1,1,0,0,2,0,0,2,1,1,1,1
6,-5595.762,9490.619,171.045,-135.353,-0.708948,0.702633,0.060828,-0.701877,-0.711356,0.036629,0.069007,-0.016725,0.997476,0,0.24000,-0.36000,14.400,-0.720,775.000,275.000,-1,300.000,600.000,250.000,250.000,325.000,325.000,-1,575.000,525.000,-1,425.000,450.000,525.000,525.000,1,1,2,1,1,1,1,0,0,2,0,0,2,1,1,1,1
7,-5609.644,9477.354,173.085,-136.302,-0.720393,0.690794,0.061948,-0.689783,-0.722916,0.039898,0.072345,-0.013988,0.997282,0,0.32000,-0.47411,19.200,-0.948,750.000,275.000,-1,300.000,600.000,250.000,250.000,325.000,325.000,-1,525.000,475.000,-1,425.000,450.000,525.000,525.000,1,1,2,1,1,1,1,0,0,2,0,0,2,1,1,1,1
8,-5627.264,9461.058,175.760,-137.234,-0.731416,0.678963,0.063554,-0.677627,-0.734091,0.043956,0.076499,-0.010915,0.997010,0,0.40000,-0.46626,24.000,-0.933,700.000,275.000,-1,300.000,600.000,250.000,250.000,325.000,325.000,-1,450.000,400.000,-1,425.000,450.000,500.000,550.000,1,1,2,1,1,1,1,0,0,2,0,0,2,1,1,1,1
9,-5648.718,9441.842,179.085,-138.150,-0.741988,0.667162,0.065938,-0.665413,-0.744873,0.048877,0.081724,-0.007610,0.996626,0,0.48000,-0.45795,28.800,-0.916,675.000,275.000,-1,300.000,600.000,225.000,250.000,350.000,325.000,950.000,400.000,350.000,-1,400.000,450.000,475.000,550.000,1,1,2,1,1,1,1,0,0,1,0,0,2,1,1,1,1
10,-5674.095,9419.819,183.051,-139.048,-0.752085,0.655421,0.069222,-0.653115,-0.755254,0.055071,0.088374,-0.003792,0.996080,0,0.56000,-0.44898,33.600,-0.898,650.000,275.000,-1,300.000,625.000,225.000,250.000,350.000,325.000,825.000,350.000,275.000,-1,400.000,475.000,475.000,575.000,1,1,2,1,1,1,1,0,0,1,0,0,2,1,1,1,1
11,-5703.480,9395.096,187.768,-139.926,-0.761671,0.643773,0.073583,-0.640737,-0.765217,0.062442,0.096506,0.000413,0.995332,0,0.64000,-0.43912,38.400,-0.878,625.000,275.000,-1,300.000,650.000,225.000,250.000,375.000,350.000,750.000,300.000,225.000,-1,400.000,475.000,450.000,625.000,1,1,2,1,1,1,1,0,0,1,0,0,2,1,1,1,1
12,-5736.951,9367.779,193.318,-140.782,-0.770696,0.632260,0.079212,-0.628272,-0.774740,0.071075,0.106307,0.005010,0.994321,0,0.72000,-0.42804,43.200,-0.856,600.000,275.000,-1,300.000,700.000,225.000,250.000,375.000,350.000,725.000,250.000,200.000,-1,400.000,500.000,450.000,-1,1,1,2,1,1,1,1,0,0,1,0,0,2,1,1,1,2
13,2295.713,-8855.096,-97.203,123.022,-0.552414,-0.832998,0.030869,0.825351,-0.541405,0.160236,-0.116764,0.113995,0.986596,1,0.00000,0.00000,48.000,-0.831,1000.000,325.000,975.000,250.000,250.000,250.000,225.000,650.000,300.000,-1,0.000,100.000,-1,500.000,375.000,700.000,250.000,0,0,0,0,0,0,0,0,0,2,1,1,2,0,0,0,0
14,-4267.895,-7541.159,-27.607,154.571,-0.902925,-0.429393,0.018650,0.429239,-0.903114,-0.011799,0.021910,-0.002649,0.999756,1,0.08000,-0.12000,4.800,-0.240,-1,375.000,-1,375.000,-1,325.000,300.000,300.000,300.000,-1,875.000,1000.000,-1,700.000,700.000,-1,-1,2,0,2,0,2,0,0,0,0,2,0,0,2,0,0,2,2
15,-4276.530,-7536.964,-27.407,154.091,-0.899293,-0.436943,0.018798,0.436785,-0.899485,-0.012047,0.022172,-0.002623,0.999751,0,0.16000,-0.24000,9.600,-0.480,-1,375.000,-1,375.000,-1,325.000,300.000,300.000,300.000,-1,850.000,975.000,-1,700.000,700.000,-1,-1,2,0,2,0,2,0,0,0,0,2,0,0,2,0,0,2,2
16,-4289.402,-7530.510,-27.106,153.371,-0.893725,-0.448212,0.019013,0.448047,-0.893924,-0.012422,0.022564,-0.002583,0.999742,0,0.24000,-0.36000,14.400,-0.720,-1,375.000,-1,375.000,-1,325.000,300.000,300.000,300.000,-1,800.000,925.000,-1,675.000,700.000,-1,-1,2,0,2,0,2,0,0,0,0,2,0,0,2,0,0,2,2
17,-4306.419,-7521.618,-26.702,152.411,-0.886082,-0.463126,0.019288,0.462953,-0.886289,-0.012932,0.023084,-0.002530,0.999730,0,0.32000,-0.48000,19.200,-0.960,-1,375.000,-1,375.000,-1,325.000,300.000,300.000,300.000,-1,775.000,875.000,-1,675.000,700.000,-1,-1,2,0,2,0,2,0,0,0,0,2,0,0,2,0,0,2,2
18,-4327.453,-7510.060,-26.193,151.211,-0.876179,-0.481586,0.019611,0.481401,-0.876395,-0.013582,0.023728,-0.002459,0.999715,0,0.40000,-0.60000,24.000,-1.200,-1,375.000,-1,375.000,-1,325.000,300.000,300.000,300.000,-1,725.000,825.000,-1,675.000,700.000,-1,-1,2,0,2,0,2,0,0,0,0,2,0,0,2,0,0,2,2
19,-4352.337,-7495.560,-25.577,149.771,-0.863789,-0.503458,0.019969,0.503258,-0.864017,-0.014379,0.024492,-0.002371,0.999697,0,0.48000,-0.72000,28.800,-1.440,-1,375.000,-1,375.000,-1,325.000,300.000,300.000,300.000,-1,675.000,775.000,-1,675.000,700.000,-1,-1,2,0,2,0,2,0,0,0,0,2,0,0,2,0,0,2,2
20,-4380.859,-7477.800,-24.828,148.091,-0.848642,-0.528572,0.020451,0.528355,-0.848886,-0.015290,0.025443,-0.002170,0.999674,0,0.56000,-0.84000,33.600,-1.680,-1,375.000,-1,375.000,-1,325.000,300.000,300.000,300.000,-1,625.000,700.000,-1,675.000,700.000,-1,-1,2,0,2,0,2,0,0,0,0,2,0,0,2,0,0,2,2
21,-4412.815,-7456.507,-23.791,146.324,-0.831915,-0.554496,0.021269,0.554274,-0.832185,-0.015751,0.026434,-0.001314,0.999650,0,0.64000,-0.88345,38.400,-1.767,-1,375.000,-1,375.000,-1,300.000,300.000,300.000,300.000,-1,625.000,650.000,-1,675.000,700.000,-1,-1,2,0,2,0,2,0,0,0,0,2,0,0,2,0,0,2,2
22,-4446.477,-7432.545,-22.624,144.554,-0.814364,-0.579932,0.022137,0.579707,-0.814665,-0.016123,0.027385,-0.000297,0.999625,0,0.68865,-0.88485,41.319,-1.770,-1,375.000,-1,375.000,-1,300.000,300.000,300.000,300.000,-1,600.000,650.000,-1,675.000,700.000,-1,-1,2,0,2,0,2,0,0,0,0,2,0,0,2,0,0,2,2
23,-4479.154,-7407.724,-21.450,142.781,-0.795995,-0.604866,0.023007,0.604640,-0.796327,-0.016543,0.028328,0.000743,0.999598,0,0.68392,-0.88673,41.035,-1.773,-1,375.000,-1,375.000,-1,300.000,325.000,300.000,300.000,-1,625.000,625.000,-1,675.000,725.000,-1,-1,2,0,2,0,2,0,0,0,0,2,0,0,2,0,0,2,2
24,-4510.845,-7382.064,-20.193,141.003,-0.776801,-0.629279,0.024257,0.629055,-0.777176,-0.016926,0.029503,0.002111,0.999562,0,0.67961,-0.88895,40.776,-1.778,-1,375.000,-1,375.000,-1,300.000,325.000,300.000,300.000,-1,600.000,625.000,-1,675.000,725.000,-1,-1,2,0,2,0,2,0,0,0,0,2,0,0,2,0,0,2,2
25,-4541.547,-7355.582,-18.843,139.220,-0.756782,-0.653152,0.025953,0.652935,-0.757217,-0.017294,0.030947,0.003858,0.999514,0,0.67577,-0.89150,40.546,-1.783,-1,375.000,-1,375.000,-1,300.000,325.000,300.000,300.000,975.000,600.000,600.000,-1,675.000,725.000,-1,-1,2,0,2,0,2,0,0,0,0,1,0,0,2,0,0,2,2
26,-4571.261,-7328.289,-17.498,137.431,-0.735958,-0.676465,0.027582,0.676254,-0.736454,-0.017770,0.032334,0.005575,0.999462,0,0.67243,-0.89437,40.346,-1.789,-1,375.000,-1,400.000,-1,300.000,325.000,300.000,300.000,850.000,600.000,575.000,-1,675.000,725.000,-1,-1,2,0,2,0,2,0,0,0,0,1,0,0,2,0,0,2,2
27,-4599.985,-7300.196,-16.158,135.636,-0.714337,-0.699194,0.029140,0.698991,-0.714895,-0.018346,0.033659,0.007263,0.999407,0,0.66963,-0.89754,40.178,-1.795,-1,375.000,-1,400.000,-1,300.000,325.000,300.000,300.000,800.000,575.000,575.000,-1,675.000,750.000,-1,-1,2,0,2,0,2,0,0,0,0,1,0,0,2,0,0,2,2
28,-4627.718,-7271.311,-14.884,133.834,-0.691926,-0.721318,0.030655,0.721132,-0.692544,-0.018738,0.034746,0.009141,0.999354,0,0.66739,-0.90099,40.043,-1.802,-1,375.000,-1,400.000,-1,300.000,325.000,300.000,300.000,800.000,575.000,550.000,-1,700.000,750.000,-1,-1,2,0,2,0,2,0,0,0,0,1,0,0,2,0,0,2,2
29,-4654.458,-7241.640,-13.646,132.025,-0.668730,-0.742810,0.032128,0.742649,-0.669410,-0.019071,0.035673,0.011106,0.999302,0,0.66570,-0.90472,39.942,-1.809,-1,375.000,-1,400.000,-1,300.000,325.000,300.000,300.000,800.000,600.000,550.000,-1,700.000,750.000,-1,-1,2,0,2,0,2,0,0,0,0,1,0,0,2,0,0,2,2
30,-4680.200,-7211.187,-12.348,130.207,-0.644774,-0.763651,0.033217,0.763509,-0.645502,-0.019497,0.036330,0.012791,0.999258,0,0.66458,-0.90870,39.875,-1.817,-1,375.000,-1,400.000,-1,325.000,325.000,300.000,300.000,825.000,600.000,550.000,-1,700.000,750.000,-1,-1,2,0,2,0,2,0,0,0,0,1,0,0,2,0,0,2,2
31,-4704.937,-7179.956,-11.043,128.381,-0.620056,-0.783813,0.034175,0.783691,-0.620830,-0.019977,0.036875,0.014395,0.999216,0,0.66402,-0.91292,39.841,-1.826,-1,375.000,-1,400.000,-1,325.000,325.000,300.000,300.000,825.000,625.000,575.000,-1,700.000,775.000,-1,-1,2,0,2,0,2,0,0,0,0,1,0,0,2,0,0,2,2
32,-4728.662,-7147.949,-9.748,126.547,-0.594583,-0.803269,0.035071,0.803167,-0.595402,-0.020502,0.037350,0.015978,0.999174,0,0.66401,-0.91738,39.841,-1.835,-1,375.000,-1,400.000,-1,325.000,325.000,300.000,300.000,850.000,625.000,575.000,-1,700.000,775.000,-1,-1,2,0,2,0,2,0,0,0,0,1,0,0,2,0,0,2,2
33,-4751.362,-7115.169,-8.433,124.703,-0.568366,-0.821990,0.035953,0.821914,-0.569227,-0.020908,0.037651,0.017667,0.999135,0,0.66454,-0.92206,39.872,-1.844,-1,375.000,-1,400.000,-1,325.000,325.000,300.000,300.000,900.000,650.000,600.000,-1,725.000,800.000,-1,-1,2,0,2,0,2,0,0,0,0,1,0,0,2,0,0,2,2
34,-4773.025,-7081.620,-7.061,122.849,-0.541417,-0.839945,0.036892,0.839911,-0.542318,-0.021012,0.037656,0.019609,0.999098,0,0.66559,-0.92695,39.935,-1.854,-1,375.000,-1,400.000,-1,325.000,325.000,300.000,300.000,950.000,675.000,625.000,-1,725.000,800.000,-1,-1,2,0,2,0,2,0,0,0,0,1,0,0,2,0,0,2,2
35,-4796.223,-7043.369,-5.523,121.235,-0.517484,-0.854852,0.037931,0.854863,-0.518426,-0.021086,0.037689,0.021514,0.999058,0,0.74559,-0.80695,44.735,-1.614,-1,375.000,-1,400.000,-1,325.000,325.000,300.000,300.000,1000.000,700.000,650.000,-1,725.000,825.000,-1,-1,2,0,2,0,2,0,0,0,0,1,0,0,2,0,0,2,2
36,-4819.275,-7003.217,-3.998,119.861,-0.496796,-0.867007,0.038628,0.867057,-0.497763,-0.021077,0.037501,0.023022,0.999031,0,0.77165,-0.68695,46.299,-1.374,-1,375.000,-1,400.000,-1,325.000,325.000,300.000,300.000,-1,725.000,675.000,-1,725.000,825.000,-1,-1,2,0,2,0,2,0,0,0,0,2,0,0,2,0,0,2,2
37,-4841.615,-6962.446,-2.470,118.720,-0.479399,-0.876722,0.039181,0.876812,-0.480381,-0.020862,0.037112,0.024354,0.999014,0,0.77484,-0.57062,46.490,-1.141,-1,375.000,-1,400.000,-1,325.000,325.000,300.000,300.000,-1,775.000,725.000,-1,725.000,825.000,-1,-1,2,0,2,0,2,0,0,0,0,2,0,0,2,0,0,2,2
38,-4863.232,-6921.038,-0.805,117.566,-0.461616,-0.886177,0.039999,0.886339,-0.462604,-0.020010,0.036237,0.026216,0.998999,0,0.77851,-0.57703,46.711,-1.154,-1,375.000,-1,400.000,-1,325.000,325.000,300.000,300.000,-1,875.000,800.000,-1,725.000,825.000,-1,-1,2,0,2,0,2,0,0,0,0,2,0,0,2,0,0,2,2
39,-4884.107,-6878.983,0.858,116.398,-0.443444,-0.895372,0.040816,0.895606,-0.444434,-0.019192,0.035324,0.028044,0.998982,0,0.78252,-0.58360,46.951,-1.167,-1,375.000,-1,400.000,-1,325.000,325.000,300.000,300.000,-1,950.000,875.000,-1,725.000,825.000,-1,-1,2,0,2,0,2,0,0,0,0,2,0,0,2,0,0,2,2
40,-4904.222,-6836.273,2.516,115.218,-0.424878,-0.904293,0.041629,0.904598,-0.425869,-0.018405,0.034372,0.029837,0.998964,0,0.78684,-0.59032,47.210,-1.181,-1,375.000,-1,400.000,-1,325.000,325.000,300.000,300.000,-1,-1,950.000,-1,750.000,825.000,-1,-1,2,0,2,0,2,0,0,0,0,2,2,0,2,0,0,2,2
41,-4923.555,-6792.899,4.168,114.023,-0.405918,-0.912924,0.042438,0.913300,-0.406906,-0.017647,0.033378,0.031595,0.998943,0,0.79146,-0.59718,47.487,-1.194,-1,375.000,-1,400.000,-1,325.000,325.000,300.000,300.000,-1,-1,-1,-1,750.000,825.000,-1,-1,2,0,2,0,2,0,0,0,0,2,2,2,2,0,0,2,2
42,-4942.084,-6748.856,5.813,112.815,-0.386560,-0.921250,0.043242,0.921697,-0.387541,-0.016915,0.032341,0.033317,0.998921,0,0.79635,-0.60418,47.781,-1.208,-1,375.000,-1,400.000,-1,325.000,325.000,300.000,300.000,-1,-1,-1,-1,750.000,825.000,-1,-1,2,0,2,0,2,0,0,0,0,2,2,2,2,0,0,2,2
43,-4959.782,-6704.140,7.448,111.592,-0.366802,-0.929256,0.044040,0.929774,-0.367775,-0.016208,0.031258,0.035002,0.998898,0,0.80151,-0.61132,48.091,-1.223,-1,375.000,-1,400.000,-1,325.000,325.000,300.000,300.000,-1,-1,-1,-1,750.000,850.000,-1,-1,2,0,2,0,2,0,0,0,0,2,2,2,2,0,0,2,2
44,-4976.623,-6658.749,9.031,110.355,-0.346635,-0.936919,0.045017,0.937512,-0.347603,-0.015582,0.030247,0.036802,0.998865,0,0.80691,-0.61858,48.415,-1.237,-1,400.000,-1,400.000,-1,325.000,325.000,300.000,300.000,-1,-1,-1,-1,750.000,850.000,-1,-1,2,0,2,0,2,0,0,0,0,2,2,2,2,0,0,2,2
45,-4992.579,-6612.682,10.498,109.103,-0.326051,-0.944214,0.046382,0.944898,-0.327023,-0.014985,0.029317,0.038941,0.998811,0,0.81253,-0.62598,48.752,-1.252,-1,400.000,-1,400.000,-1,325.000,325.000,300.000,300.000,-1,-1,-1,-1,775.000,850.000,-1,-1,2,0,2,0,2,0,0,0,0,2,2,2,2,0,0,2,2
46,-5007.531,-6566.256,11.761,107.850,-0.305308,-0.951033,0.048202,0.951847,-0.306265,-0.013723,0.027814,0.041691,0.998743,0,0.81290,-0.62645,48.774,-1.253,-1,400.000,-1,400.000,-1,325.000,325.000,300.000,300.000,-1,-1,-1,-1,775.000,850.000,-1,-1,2,0,2,0,2,0,0,0,0,2,2,2,2,0,0,2,2
47,-5021.465,-6519.515,12.995,106.597,-0.284428,-0.957391,0.050034,0.958337,-0.285364,-0.012524,0.026269,0.044387,0.998669,0,0.81290,-0.62645,48.774,-1.253,-1,400.000,-1,400.000,-1,325.000,325.000,300.000,300.000,-1,-1,-1,-1,775.000,850.000,-1,-1,2,0,2,0,2,0,0,0,0,2,2,2,2,0,0,2,2
48,-5034.373,-6472.480,14.116,105.345,-0.263417,-0.963300,0.051624,0.964360,-0.264334,-0.011707,0.024923,0.046701,0.998598,0,0.81290,-0.62645,48.774,-1.253,-1,400.000,-1,400.000,-1,325.000,325.000,300.000,300.000,-1,-1,-1,-1,775.000,850.000,-1,-1,2,0,2,0,2,0,0,0,0,2,2,2,2,0,0,2,2
49,-5046.249,-6425.173,14.959,104.092,-0.242340,-0.968792,0.052098,0.969920,-0.243193,-0.010625,0.022964,0.047956,0.998585,0,0.81290,-0.62645,48.774,-1.253,-1,400.000,-1,400.000,-1,325.000,325.000,300.000,300.000,-1,-1,-1,-1,775.000,850.000,-1,-1,2,0,2,0,2,0,0,0,0,2,2,2,2,0,0,2,2
50,-5057.087,-6377.619,15.767,102.839,-0.221153,-0.973820,0.052585,0.975014,-0.221939,-0.009537,0.020958,0.049162,0.998571,0,0.81290,-0.62645,48.774,-1.253,-1,400.000,-1,400.000,-1,325.000,325.000,300.000,300.000,-1,-1,-1,-1,775.000,850.000,-1,-1,2,0,2,0,2,0,0,0,0,2,2,2,2,0,0,2,2
51,-5067.422,-6328.264,16.578,101.826,-0.203960,-0.977538,0.053108,0.978793,-0.204678,-0.008389,0.019071,0.050270,0.998554,0,0.84041,-0.50645,50.425,-1.013,-1,400.000,-1,400.000,-1,325.000,325.000,300.000,300.000,-1,-1,-1,-1,775.000,825.000,-1,-1,2,0,2,0,2,0,0,0,0,2,2,2,2,0,0,2,2
52,-5077.089,-6278.775,17.374,101.053,-0.190813,-0.980160,0.053639,0.981473,-0.191464,-0.007224,0.017351,0.051267,0.998534,0,0.84041,-0.38645,50.425,-0.773,-1,400.000,-1,400.000,-1,325.000,325.000,300.000,300.000,-1,-1,-1,-1,775.000,825.000,-1,-1,2,0,2,0,2,0,0,0,0,2,2,2,2,0,0,2,2
53,-5086.296,-6229.198,18.164,100.520,-0.181744,-0.981853,0.054170,0.983219,-0.182331,-0.006045,0.015812,0.052162,0.998513,0,0.84041,-0.26645,50.425,-0.533,-1,400.000,-1,400.000,-1,325.000,325.000,300.000,300.000,-1,-1,-1,-1,775.000,825.000,-1,-1,2,0,2,0,2,0,0,0,0,2,2,2,2,0,0,2,2
54,-5095.249,-6179.575,18.957,100.227,-0.176777,-0.982730,0.054687,0.984145,-0.177302,-0.004854,0.014466,0.052962,0.998492,0,0.84041,-0.14645,50.425,-0.293,-1,400.000,-1,400.000,-1,325.000,325.000,300.000,300.000,-1,-1,-1,-1,775.000,825.000,-1,-1,2,0,2,0,2,0,0,0,0,2,2,2,2,0,0,2,2
55,-5104.157,-6129.943,19.766,100.174,-0.175921,-0.982857,0.055174,0.984314,-0.176388,-0.003663,0.013333,0.053664,0.998470,0,0.84041,-0.02645,50.425,-0.053,-1,400.000,-1,400.000,-1,325.000,325.000,300.000,300.000,-1,-1,-1,-1,775.000,825.000,-1,-1,2,0,2,0,2,0,0,0,0,2,2,2,2,0,0,2,2
56,-5113.226,-6080.341,20.619,100.361,-0.179175,-0.982247,0.055564,0.983738,-0.179591,-0.002543,0.012476,0.054205,0.998452,0,0.84041,0.09355,50.425,0.187,-1,400.000,-1,400.000,-1,325.000,325.000,300.000,300.000,-1,-1,-1,-1,775.000,825.000,-1,-1,2,0,2,0,2,0,0,0,0,2,2,2,2,0,0,2,2
57,-5122.665,-6030.808,21.510,100.788,-0.186532,-0.980857,0.055902,0.982377,-0.186903,-0.001433,0.011854,0.054649,0.998435,0,0.84041,0.21355,50.425,0.427,-1,400.000,-1,400.000,-1,325.000,325.000,300.000,300.000,-1,-1,-1,-1,775.000,800.000,-1,-1,2,0,2,0,2,0,0,0,0,2,2,2,2,0,0,2,2
58,-5132.650,-5981.382,22.449,101.420,-0.197376,-0.978717,0.056182,0.980261,-0.197707,-0.000343,0.011443,0.055006,0.998420,0,0.84041,0.31601,50.425,0.632,-1,400.000,-1,400.000,-1,325.000,325.000,300.000,300.000,-1,-1,-1,-1,775.000,800.000,-1,-1,2,0,2,0,2,0,0,0,0,2,2,2,2,0,0,2,2
59,-5143.179,-5932.070,23.226,102.052,-0.208160,-0.976417,0.057260,0.978027,-0.208479,0.000427,0.011521,0.056091,0.998359,0,0.84041,0.31601,50.425,0.632,-1,400.000,-1,400.000,-1,325.000,325.000,300.000,300.000,-1,-1,-1,-1,775.000,800.000,-1,-1,2,0,2,0,2,0,0,0,0,2,2,2,2,0,0,2,2
60,-5154.253,-5882.876,23.906,102.684,-0.218911,-0.973970,0.058825,0.975675,-0.219216,0.001298,0.011631,0.057678,0.998267,0,0.84041,0.31601,50.425,0.632,-1,400.000,-1,400.000,-1,325.000,325.000,300.000,300.000,-1,-1,-1,-1,775.000,800.000,-1,-1,2,0,2,0,2,0,0,0,0,2,2,2,2,0,0,2,2
61,-5165.868,-5833.808,24.532,103.316,-0.229621,-0.971425,0.060066,0.973205,-0.229930,0.001805,0.012058,0.058871,0.998193,0,0.84041,0.31601,50.425,0.632,-1,400.000,-1,400.000,-1,325.000,325.000,325.000,300.000,-1,-1,-1,-1,800.000,800.000,-1,-1,2,0,2,0,2,0,0,0,0,2,2,2,2,0,0,2,2
62,-5178.023,-5784.871,25.010,103.949,-0.240313,-0.968806,0.060536,0.970615,-0.240626,0.002175,0.012460,0.059279,0.998164,0,0.84041,0.31601,50.425,0.632,-1,400.000,-1,400.000,-1,325.000,325.000,325.000,300.000,-1,-1,-1,-1,800.000,800.000,-1,-1,2,0,2,0,2,0,0,0,0,2,2,2,2,0,0,2,2
63,-5190.717,-5736.070,25.520,104.581,-0.250978,-0.966073,0.060939,0.967908,-0.251293,0.002575,0.012826,0.059630,0.998138,0,0.84041,0.31601,50.425,0.632,-1,400.000,-1,400.000,-1,325.000,325.000,325.000,300.000,-1,-1,-1,-1,800.000,800.000,-1,-1,2,0,2,0,2,0,0,0,0,2,2,2,2,0,0,2,2
64,-5203.949,-5687.413,26.072,105.213,-0.261613,-0.963223,0.061325,0.965083,-0.261928,0.002984,0.013188,0.059964,0.998113,0,0.84041,0.31601,50.425,0.632,-1,400.000,-1,400.000,-1,325.000,325.000,325.000,300.000,-1,-1,-1,-1,800.000,800.000,-1,-1,2,0,2,0,2,0,0,0,0,2,2,2,2,0,0,2,2
65,-5217.716,-5638.905,26.668,105.845,-0.272216,-0.960256,0.061691,0.962141,-0.272532,0.003402,0.013546,0.060281,0.998090,0,0.84041,0.31601,50.425,0.632,-1,400.000,-1,400.000,-1,325.000,325.000,325.000,300.000,-1,-1,-1,-1,800.000,800.000,-1,-1,2,0,2,0,2,0,0,0,0,2,2,2,2,0,0,2,2
66,-5232.018,-5590.551,27.272,106.477,-0.282797,-0.957183,0.061857,0.959081,-0.283105,0.003903,0.013776,0.060429,0.998077,0,0.84041,0.31601,50.425,0.632,-1,400.000,-1,400.000,-1,325.000,325.000,325.000,300.000,-1,-1,-1,-1,825.000,800.000,-1,-1,2,0,2,0,2,0,0,0,0,2,2,2,2,0,0,2,2
67,-5246.852,-5542.358,27.873,107.109,-0.293355,-0.954006,0.061770,0.955903,-0.293647,0.004501,0.013845,0.060367,0.998080,0,0.84041,0.31601,50.425,0.632,-1,400.000,-1,400.000,-1,325.000,325.000,325.000,300.000,-1,-1,-1,-1,825.000,800.000,-1,-1,2,0,2,0,2,0,0,0,0,2,2,2,2,0,0,2,2
68,-5262.217,-5494.332,28.544,107.741,-0.303885,-0.950719,0.061535,0.952608,-0.304156,0.005146,0.013824,0.060182,0.998092,0,0.84041,0.31601,50.425,0.632,-1,400.000,-1,400.000,-1,325.000,325.000,325.000,300.000,-1,-1,-1,-1,825.000,800.000,-1,-1,2,0,2,0,2,0,0,0,0,2,2,2,2,0,0,2,2
69,-5278.110,-5446.478,29.260,108.373,-0.314380,-0.947319,0.061258,0.949197,-0.314628,0.005795,0.013784,0.059968,0.998105,0,0.84041,0.31601,50.425,0.632,-1,400.000,-1,400.000,-1,325.000,325.000,325.000,300.000,-1,-1,-1,-1,825.000,800.000,-1,-1,2,0,2,0,2,0,0,0,0,2,2,2,2,0,0,2,2
70,-5294.530,-5398.802,30.019,109.005,-0.324837,-0.943804,0.060949,0.945670,-0.325063,0.006443,0.013731,0.059731,0.998120,0,0.84041,0.31601,50.425,0.632,-1,400.000,-1,400.000,-1,325.000,325.000,325.000,300.000,-1,-1,-1,-1,825.000,800.000,-1,-1,2,0,2,0,2,0,0,0,0,2,2,2,2,0,0,2,2
71,-5311.475,-5351.310,30.813,109.637,-0.335254,-0.940174,0.060647,0.942028,-0.335459,0.007077,0.013691,0.059504,0.998134,0,0.84041,0.31601,50.425,0.632,-1,400.000,-1,400.000,-1,325.000,325.000,325.000,300.000,-1,-1,-1,-1,825.000,800.000,-1,-1,2,0,2,0,2,0,0,0,0,2,2,2,2,0,0,2,2
72,-5327.460,-5308.578,31.501,110.509,-0.349524,-0.934963,0.060641,0.936820,-0.349730,0.007532,0.014165,0.059442,0.998131,0,0.76041,0.43601,45.625,0.872,-1,400.000,-1,400.000,-1,325.000,325.000,325.000,300.000,-1,-1,-1,-1,825.000,800.000,-1,-1,2,0,2,0,2,0,0,0,0,2,2,2,2,0,0,2,2
73,-5342.620,-5270.327,32.106,111.621,-0.367604,-0.927998,0.060720,0.929866,-0.367808,0.008176,0.014746,0.059467,0.998121,0,0.68577,0.55601,41.146,1.112,-1,400.000,-1,400.000,-1,325.000,325.000,325.000,300.000,-1,-1,-1,-1,850.000,800.000,-1,-1,2,0,2,0,2,0,0,0,0,2,2,2,2,0,0,2,2
74,-5358.679,-5232.444,32.759,112.973,-0.389394,-0.919066,0.060749,0.920940,-0.389604,0.008847,0.015537,0.059392,0.998114,0,0.68577,0.67601,41.146,1.352,-1,400.000,-1,400.000,-1,325.000,325.000,325.000,300.000,-1,-1,-1,-1,850.000,800.000,-1,-1,2,0,2,0,2,0,0,0,0,2,2,2,2,0,0,2,2
75,-5375.785,-5195.022,33.469,114.565,-0.414772,-0.907897,0.060719,0.909775,-0.414992,0.009548,0.016530,0.059201,0.998109,0,0.68577,0.79601,41.146,1.592,-1,400.000,-1,400.000,-1,325.000,325.000,325.000,300.000,-1,-1,-1,-1,850.000,800.000,-1,-1,2,0,2,0,2,0,0,0,0,2,2,2,2,0,0,2,2
76,-5394.077,-5158.167,34.218,116.397,-0.443575,-0.894189,0.060560,0.896060,-0.443816,0.010155,0.017797,0.058770,0.998113,0,0.68577,0.91601,41.146,1.832,-1,400.000,-1,400.000,-1,325.000,325.000,325.000,300.000,-1,-1,-1,-1,850.000,800.000,-1,-1,2,0,2,0,2,0,0,0,0,2,2,2,2,0,0,2,2
77,-5413.645,-5121.971,34.986,118.397,-0.474496,-0.878195,0.060224,0.880045,-0.474774,0.010524,0.019350,0.057993,0.998129,0,0.68577,1.00000,41.146,2.000,-1,400.000,-1,400.000,-1,325.000,325.000,325.000,300.000,-1,-1,-1,-1,850.000,800.000,-1,-1,2,0,2,0,2,0,0,0,0,2,2,2,2,0,0,2,2
78,-5434.464,-5086.481,35.830,120.397,-0.504846,-0.861132,0.059852,0.862958,-0.505158,0.010916,0.020835,0.057160,0.998148,0,0.68577,1.00000,41.146,2.000,-1,400.000,-1,400.000,-1,325.000,325.000,325.000,300.000,-1,-1,-1,-1,875.000,825.000,-1,-1,2,0,2,0,2,0,0,0,0,2,2,2,2,0,0,2,2
79,-5456.508,-5051.739,36.750,122.397,-0.534587,-0.843020,0.059441,0.844821,-0.534930,0.011326,0.022249,0.056272,0.998168,0,0.68577,1.00000,41.146,2.000,-1,400.000,-1,400.000,-1,325.000,325.000,325.000,300.000,-1,-1,-1,-1,900.000,825.000,-1,-1,2,0,2,0,2,0,0,0,0,2,2,2,2,0,0,2,2
80,-5479.752,-5017.788,37.677,124.397,-0.563703,-0.823895,0.058625,0.825647,-0.564064,0.011780,0.023362,0.055044,0.998211,0,0.68577,1.00000,41.146,2.000,-1,400.000,-1,400.000,-1,325.000,325.000,325.000,300.000,-1,-1,-1,-1,925.000,825.000,-1,-1,2,0,2,0,2,0,0,0,0,2,2,2,2,0,0,2,2
81,-5504.166,-4984.668,38.668,126.397,-0.592141,-0.803765,0.057712,0.805466,-0.592516,0.012224,0.024370,0.053724,0.998258,0,0.68577,1.00000,41.146,2.000,-1,400.000,-1,400.000,-1,325.000,325.000,325.000,300.000,-1,-1,-1,-1,925.000,825.000,-1,-1,2,0,2,0,2,0,0,0,0,2,2,2,2,0,0,2,2
82,-5529.721,-4952.420,39.734,128.397,-0.619864,-0.782654,0.056753,0.784301,-0.620252,0.012648,0.025302,0.052352,0.998308,0,0.68577,1.00000,41.146,2.000,-1,400.000,-1,400.000,-1,325.000,325.000,325.000,300.000,-1,-1,-1,-1,950.000,850.000,-1,-1,2,0,2,0,2,0,0,0,0,2,2,2,2,0,0,2,2
83,-5556.386,-4921.084,40.851,130.397,-0.646841,-0.760584,0.055765,0.762179,-0.647233,0.013149,0.026092,0.051008,0.998357,0,0.68577,1.00000,41.146,2.000,-1,400.000,-1,400.000,-1,325.000,325.000,325.000,300.000,-1,-1,-1,-1,950.000,850.000,-1,-1,2,0,2,0,2,0,0,0,0,2,2,2,2,0,0,2,2
84,-5584.129,-4890.698,41.886,132.397,-0.673048,-0.737563,0.054837,0.739129,-0.673411,0.014355,0.026340,0.050194,0.998392,0,0.68577,1.00000,41.146,2.000,-1,400.000,-1,400.000,-1,325.000,325.000,325.000,300.000,-1,-1,-1,-1,975.000,850.000,-1,-1,2,0,2,0,2,0,0,0,0,2,2,2,2,0,0,2,2
85,-5612.915,-4861.298,42.960,134.397,-0.698437,-0.713647,0.053790,0.715176,-0.698775,0.015368,0.026620,0.049203,0.998434,0,0.68577,1.00000,41.146,2.000,-1,400.000,-1,400.000,-1,325.000,325.000,325.000,300.000,-1,-1,-1,-1,975.000,850.000,-1,-1,2,0,2,0,2,0,0,0,0,2,2,2,2,0,0,2,2
86,-5642.709,-4832.921,43.997,136.397,-0.722960,-0.688858,0.052942,0.690355,-0.723290,0.016163,0.027159,0.048234,0.998467,0,0.68577,1.00000,41.146,2.000,-1,425.000,-1,400.000,-1,325.000,325.000,325.000,300.000,-1,-1,-1,-1,975.000,850.000,-1,-1,2,0,2,0,2,0,0,0,0,2,2,2,2,0,0,2,2
87,-5673.476,-4805.601,45.088,138.397,-0.746605,-0.663228,0.052067,0.664692,-0.746926,0.016914,0.027672,0.047237,0.998500,0,0.68577,1.00000,41.146,2.000,-1,425.000,-1,400.000,-1,325.000,325.000,325.000,300.000,-1,-1,-1,-1,1000.000,850.000,-1,-1,2,0,2,0,2,0,0,0,0,2,2,2,2,0,0,2,2
88,-5705.178,-4779.371,46.234,140.397,-0.769340,-0.636787,0.051169,0.638218,-0.769654,0.017620,0.028162,0.046213,0.998535,0,0.68577,1.00000,41.146,2.000,-1,425.000,-1,400.000,-1,325.000,325.000,325.000,300.000,-1,-1,-1,-1,-1,875.000,-1,-1,2,0,2,0,2,0,0,0,0,2,2,2,2,2,0,2,2
89,-5737.776,-4754.264,47.432,142.397,-0.791140,-0.609567,0.050253,0.610965,-0.791447,0.018280,0.028629,0.045165,0.998569,0,0.68577,1.00000,41.146,2.000,-1,425.000,-1,400.000,-1,325.000,325.000,300.000,300.000,-1,-1,-1,-1,-1,875.000,-1,-1,2,0,2,0,2,0,0,0,0,2,2,2,2,2,0,2,2
90,-5771.230,-4730.310,48.682,144.397,-0.811976,-0.581603,0.049324,0.582966,-0.812277,0.018893,0.029077,0.044095,0.998604,0,0.68577,1.00000,41.146,2.000,-1,425.000,-1,400.000,-1,325.000,325.000,300.000,300.000,-1,-1,-1,-1,-1,900.000,-1,-1,2,0,2,0,2,0,0,0,0,2,2,2,2,2,0,2,2
91,-5805.500,-4707.537,49.983,146.397,-0.831824,-0.552927,0.048386,0.554255,-0.832119,0.019457,0.029505,0.043003,0.998639,0,0.68577,1.00000,41.146,2.000,-1,450.000,-1,400.000,-1,350.000,325.000,300.000,300.000,-1,-1,-1,-1,-1,900.000,-1,-1,2,0,2,0,2,0,0,0,0,2,2,2,2,2,0,2,2
92,-5840.543,-4685.974,50.972,148.397,-0.850736,-0.523606,0.045660,0.524807,-0.851002,0.019332,0.028735,0.040409,0.998770,0,0.68577,1.00000,41.146,2.000,-1,450.000,-1,400.000,-1,350.000,325.000,300.000,300.000,-1,-1,-1,-1,-1,900.000,-1,-1,2,0,2,0,2,0,0,0,0,2,2,2,2,2,0,2,2
93,-5876.317,-4665.647,51.933,150.397,-0.868620,-0.493644,0.042606,0.494705,-0.868856,0.018883,0.027697,0.037480,0.998913,0,0.68577,1.00000,41.146,2.000,-1,450.000,-1,425.000,-1,350.000,325.000,300.000,300.000,-1,-1,-1,-1,-1,925.000,-1,-1,2,0,2,0,2,0,0,0,0,2,2,2,2,2,0,2,2
94,-5912.779,-4646.581,52.940,152.397,-0.885436,-0.463070,0.039615,0.463997,-0.885649,0.018235,0.026641,0.034527,0.999049,0,0.68577,1.00000,41.146,2.000,-1,450.000,-1,425.000,-1,350.000,350.000,300.000,300.000,-1,-1,-1,-1,-1,925.000,-1,-1,2,0,2,0,2,0,0,0,0,2,2,2,2,2,0,2,2
95,-5949.884,-4628.799,53.994,154.397,-0.901164,-0.431922,0.036697,0.432723,-0.901359,0.017390,0.025566,0.031551,0.999175,0,0.68577,1.00000,41.146,2.000,-1,450.000,-1,425.000,-1,350.000,350.000,300.000,300.000,-1,-1,-1,-1,-1,925.000,-1,-1,2,0,2,0,2,0,0,0,0,2,2,2,2,2,0,2,2
96,-5987.587,-4612.323,54.985,156.397,-0.915774,-0.400233,0.034221,0.400934,-0.915956,0.016627,0.024691,0.028947,0.999276,0,0.68577,1.00000,41.146,2.000,-1,450.000,-1,425.000,-1,350.000,350.000,300.000,325.000,-1,-1,-1,-1,-1,925.000,-1,-1,2,0,2,0,2,0,0,0,0,2,2,2,2,2,0,2,2
97,-6025.843,-4597.173,55.851,158.397,-0.929255,-0.368044,0.032066,0.368670,-0.929418,0.016271,0.023815,0.026942,0.999353,0,0.68577,1.00000,41.146,2.000,-1,450.000,-1,425.000,-1,350.000,350.000,300.000,325.000,-1,-1,-1,-1,-1,925.000,-1,-1,2,0,2,0,2,0,0,0,0,2,2,2,2,2,0,2,2
98,-6064.604,-4583.368,56.262,160.397,-0.941629,-0.335385,0.029176,0.335969,-0.941701,0.018011,0.021435,0.026762,0.999412,0,0.68577,1.00000,41.146,2.000,-1,425.000,-1,425.000,-1,350.000,350.000,300.000,300.000,-1,-1,-1,-1,-1,925.000,-1,-1,2,0,2,0,2,0,0,0,0,2,2,2,2,2,0,2,2
99,-6103.824,-4570.924,56.722,162.397,-0.952847,-0.302318,0.026188,0.302851,-0.952838,0.019519,0.019052,0.026529,0.999466,0,0.68577,1.00000,41.146,2.000,-1,425.000,-1,425.000,-1,350.000,350.000,300.000,300.000,-1,-1,-1,-1,-1,925.000,-1,-1,2,0,2,0,2,0,0,0,0,2,2,2,2,2,0,2,2
100,-6143.453,-4559.856,57.173,164.397,-0.962893,-0.268883,0.023228,0.269359,-0.962821,0.020524,0.016846,0.026019,0.999519,0,0.68577,1.00000,41.146,2.000,-1,425.000,-1,425.000,-1,350.000,325.000,300.000,300.000,-1,-1,-1,-1,-1,900.000,-1,-1,2,0,2,0,2,0,0,0,0,2,2,2,2,2,0,2,2
101,-6183.445,-4550.179,57.647,166.397,-0.971755,-0.235122,0.020261,0.235535,-0.971635,0.021196,0.014703,0.025370,0.999570,0,0.68577,1.00000,41.146,2.000,-1,425.000,-1,400.000,-1,350.000,325.000,300.000,300.000,-1,-1,-1,-1,-1,900.000,-1,-1,2,0,2,0,2,0,0,0,0,2,2,2,2,2,0,2,2
102,-6223.750,-4541.902,58.165,168.397,-0.979424,-0.201072,0.017257,0.201421,-0.979266,0.021643,0.012547,0.024674,0.999617,0,0.68577,1.00000,41.146,2.000,-1,425.000,-1,400.000,-1,325.000,325.000,300.000,300.000,-1,-1,-1,-1,-1,900.000,-1,-1,2,0,2,0,2,0,0,0,0,2,2,2,2,2,0,2,2
103,-6264.320,-4535.038,58.725,170.397,-0.985892,-0.166777,0.014226,0.167061,-0.985704,0.021866,0.010376,0.023934,0.999660,0,0.68577,1.00000,41.146,2.000,-1,425.000,-1,400.000,-1,325.000,325.000,300.000,300.000,-1,-1,-1,-1,-1,900.000,-1,-1,2,0,2,0,2,0,0,0,0,2,2,2,2,2,0,2,2
104,-6300.326,-4530.078,59.252,172.157,-0.990583,-0.136427,0.011536,0.136653,-0.990377,0.021878,0.008440,0.023248,0.999694,0,0.60577,0.88000,36.346,1.760,-1,425.000,-1,400.000,-1,325.000,325.000,300.000,300.000,-1,-1,-1,-1,-1,900.000,-1,-1,2,0,2,0,2,0,0,0,0,2,2,2,2,2,0,2,2
105,-6331.681,-4526.603,59.732,173.677,-0.993877,-0.110109,0.009196,0.110287,-0.993662,0.021750,0.006743,0.022631,0.999721,0,0.52577,0.76000,31.546,1.520,-1,425.000,-1,400.000,-1,350.000,325.000,300.000,300.000,-1,-1,-1,-1,-1,900.000,-1,-1,2,0,2,0,2,0,0,0,0,2,2,2,2,2,0,2,2
106,-6360.764,-4524.036,60.195,174.957,-0.996106,-0.087886,0.007021,0.088019,-0.995886,0.021551,0.005098,0.022085,0.999743,0,0.48660,0.64000,29.196,1.280,-1,425.000,-1,400.000,-1,350.000,325.000,300.000,300.000,-1,-1,-1,-1,-1,900.000,-1,-1,2,0,2,0,2,0,0,0,0,2,2,2,2,2,0,2,2
107,-6389.889,-4521.997,60.672,175.997,-0.997550,-0.069797,0.004828,0.069884,-0.997327,0.021327,0.003327,0.021612,0.999761,0,0.48660,0.52000,29.196,1.040,-1,425.000,-1,425.000,-1,350.000,325.000,300.000,300.000,-1,-1,-1,-1,-1,900.000,-1,-1,2,0,2,0,2,0,0,0,0,2,2,2,2,2,0,2,2
108,-6419.039,-4520.366,61.161,176.797,-0.998435,-0.055866,0.002617,0.055909,-0.998213,0.021102,0.001434,0.021215,0.999774,0,0.48660,0.40000,29.196,0.800,-1,450.000,-1,425.000,-1,350.000,325.000,300.000,300.000,-1,-1,-1,-1,-1,900.000,-1,-1,2,0,2,0,2,0,0,0,0,2,2,2,2,2,0,2,2
109,-6448.205,-4519.019,61.657,177.357,-0.998936,-0.046107,0.000386,0.046105,-0.998718,0.020905,-0.000578,0.020901,0.999781,0,0.48660,0.28000,29.196,0.560,-1,450.000,-1,425.000,-1,350.000,350.000,300.000,300.000,-1,-1,-1,-1,-1,875.000,-1,-1,2,0,2,0,2,0,0,0,0,2,2,2,2,2,0,2,2
110,-6477.377,-4517.835,62.158,177.677,-0.999177,-0.040529,-0.001866,0.040481,-0.998965,0.020763,-0.002705,0.020671,0.999783,0,0.48660,0.16000,29.196,0.320,-1,450.000,-1,425.000,-1,350.000,350.000,300.000,300.000,-1,-1,-1,-1,-1,875.000,-1,-1,2,0,2,0,2,0,0,0,0,2,2,2,2,2,0,2,2
111,-6506.551,-4516.693,62.662,177.757,-0.999225,-0.039134,-0.004138,0.039040,-0.999023,0.020706,-0.004944,0.020529,0.999777,0,0.48660,0.04000,29.196,0.080,-1,450.000,-1,425.000,-1,350.000,350.000,325.000,300.000,-1,-1,-1,-1,-1,875.000,-1,-1,2,0,2,0,2,0,0,0,0,2,2,2,2,2,0,2,2
112,-6535.722,-4515.468,63.166,177.597,-0.999100,-0.041924,-0.006429,0.041782,-0.998911,0.020764,-0.007293,0.020476,0.999764,0,0.48660,-0.08000,29.196,-0.160,-1,450.000,-1,425.000,-1,350.000,350.000,325.000,300.000,-1,-1,-1,-1,-1,875.000,-1,-1,2,0,2,0,2,0,0,0,0,2,2,2,2,2,0,2,2
113,-6564.883,-4514.040,63.125,177.197,-0.998771,-0.048898,-0.008066,0.048739,-0.998633,0.018893,-0.008979,0.018477,0.999789,0,0.48660,-0.20000,29.196,-0.400,-1,450.000,-1,425.000,-1,350.000,350.000,325.000,325.000,-1,-1,-1,-1,-1,875.000,-1,-1,2,0,2,0,2,0,0,0,0,2,2,2,2,2,0,2,2
114,-6598.818,-4511.998,62.286,176.557,-0.998147,-0.060051,-0.009860,0.059870,-0.998049,0.017730,-0.010906,0.017107,0.999794,0,0.56660,-0.32000,33.996,-0.640,-1,450.000,-1,425.000,-1,350.000,350.000,300.000,325.000,-1,-1,-1,-1,-1,850.000,-1,-1,2,0,2,0,2,0,0,0,0,2,2,2,2,2,0,2,2
115,-6637.504,-4509.073,61.227,175.677,-0.997081,-0.075374,-0.012178,0.075165,-0.997029,0.016819,-0.013409,0.015854,0.999784,0,0.64660,-0.44000,38.796,-0.880,-1,425.000,-1,400.000,-1,350.000,350.000,300.000,325.000,-1,-1,-1,-1,-1,850.000,-1,-1,2,0,2,0,2,0,0,0,0,2,2,2,2,2,0,2,2
116,-6680.904,-4504.937,60.034,174.557,-0.995382,-0.094850,-0.014766,0.094615,-0.995387,0.015877,-0.016204,0.014407,0.999765,0,0.72660,-0.56000,43.596,-1.120,-1,425.000,-1,400.000,-1,350.000,325.000,300.000,300.000,-1,-1,-1,-1,1000.000,825.000,-1,-1,2,0,2,0,2,0,0,0,0,2,2,2,2,0,0,2,2
117,-6728.977,-4499.349,58.712,173.371,-0.993160,-0.115431,-0.017589,0.115174,-0.993232,0.014972,-0.019198,0.012844,0.999733,0,0.80660,-0.59289,48.396,-1.186,-1,425.000,-1,400.000,-1,350.000,325.000,300.000,300.000,-1,-1,-1,-1,975.000,825.000,-1,-1,2,0,2,0,2,0,0,0,0,2,2,2,2,0,0,2,2
118,-6781.679,-4492.116,57.266,172.185,-0.990499,-0.135963,-0.020622,0.135690,-0.990651,0.014133,-0.022351,0.011200,0.999687,0,0.88660,-0.59289,53.196,-1.186,-1,425.000,-1,400.000,-1,325.000,325.000,300.000,300.000,-1,-1,-1,-1,950.000,800.000,-1,-1,2,0,2,0,2,0,0,0,0,2,2,2,2,0,0,2,2
119,-6836.465,-4483.438,55.773,170.999,-0.987403,-0.156438,-0.023706,0.156153,-0.987642,0.013409,-0.025511,0.009538,0.999629,0,0.92447,-0.59289,55.468,-1.186,-1,425.000,-1,400.000,-1,325.000,325.000,300.000,300.000,-1,-1,-1,-1,925.000,775.000,-1,-1,2,0,2,0,2,0,0,0,0,2,2,2,2,0,0,2,2
120,-6891.059,-4473.628,54.300,169.814,-0.983876,-0.176845,-0.026704,0.176556,-0.984207,0.012832,-0.028552,0.007910,0.999561,0,0.92447,-0.59289,55.468,-1.186,-1,425.000,-1,400.000,-1,325.000,325.000,300.000,300.000,-1,-1,-1,-1,900.000,775.000,-1,-1,2,0,2,0,2,0,0,0,0,2,2,2,2,0,0,2,2
121,-6945.439,-4462.691,52.852,168.628,-0.979921,-0.197177,-0.029606,0.196888,-0.980348,0.012399,-0.031469,0.006321,0.999485,0,0.92447,-0.59289,55.468,-1.186,-1,425.000,-1,400.000,-1,325.000,325.000,300.000,300.000,-1,-1,-1,-1,875.000,750.000,-1,-1,2,0,2,0,2,0,0,0,0,2,2,2,2,0,0,2,2
122,-6999.580,-4450.630,51.433,167.442,-0.975539,-0.217424,-0.032402,0.217140,-0.976066,0.012106,-0.034258,0.004774,0.999402,0,0.92447,-0.59289,55.468,-1.186,-1,400.000,-1,375.000,-1,325.000,325.000,300.000,300.000,-1,-1,-1,-1,850.000,750.000,-1,-1,2,0,2,0,2,0,0,0,0,2,2,2,2,0,0,2,2
123,-7053.461,-4437.452,50.048,166.256,-0.970735,-0.237578,-0.035082,0.237300,-0.971363,0.011947,-0.036915,0.003273,0.999313,0,0.92447,-0.59289,55.468,-1.186,-1,400.000,-1,375.000,-1,325.000,325.000,325.000,300.000,-1,-1,-1,-1,825.000,725.000,-1,-1,2,0,2,0,2,0,0,0,0,2,2,2,2,0,0,2,2
124,-7107.057,-4423.162,48.702,165.070,-0.965510,-0.257630,-0.037637,0.257361,-0.966242,0.011917,-0.039436,0.001820,0.999220,0,0.92447,-0.59289,55.468,-1.186,-1,400.000,-1,375.000,-1,325.000,325.000,325.000,300.000,-1,-1,-1,-1,825.000,725.000,-1,-1,2,0,2,0,2,0,0,0,0,2,2,2,2,0,0,2,2
125,-7160.346,-4407.765,46.983,163.885,-0.959903,-0.277571,-0.039260,0.277390,-0.960704,0.010087,-0.040517,-0.001207,0.999178,0,0.92447,-0.59289,55.468,-1.186,-1,400.000,-1,375.000,-1,325.000,325.000,325.000,300.000,-1,-1,-1,-1,800.000,725.000,-1,-1,2,0,2,0,2,0,0,0,0,2,2,2,2,0,0,2,2
126,-7213.305,-4391.270,45.022,162.699,-0.953888,-0.297389,-0.040725,0.297346,-0.954742,0.007248,-0.041037,-0.005196,0.999144,0,0.92447,-0.59289,55.468,-1.186,-1,400.000,-1,375.000,-1,325.000,325.000,325.000,325.000,-1,-1,-1,-1,800.000,725.000,-1,-1,2,0,2,0,2,0,0,0,0,2,2,2,2,0,0,2,2
127,-7265.912,-4373.682,43.113,161.513,-0.947462,-0.317074,-0.042183,0.317172,-0.948357,0.004526,-0.041439,-0.009091,0.999100,0,0.92447,-0.59289,55.468,-1.186,-1,400.000,-1,375.000,-1,325.000,325.000,325.000,325.000,-1,-1,-1,-1,775.000,700.000,-1,-1,2,0,2,0,2,0,0,0,0,2,2,2,2,0,0,2,2
128,-7318.143,-4355.010,40.851,160.327,-0.940703,-0.336624,-0.041988,0.336803,-0.941571,0.002939,-0.040524,-0.011377,0.999114,0,0.92447,-0.59289,55.468,-1.186,-1,400.000,-1,375.000,-1,325.000,325.000,325.000,325.000,-1,-1,-1,-1,775.000,725.000,-1,-1,2,0,2,0,2,0,0,0,0,2,2,2,2,0,0,2,2
129,-7369.976,-4335.260,38.528,159.142,-0.933538,-0.356029,-0.041833,0.356265,-0.934383,0.001936,-0.039777,-0.013096,0.999123,0,0.92447,-0.59289,55.468,-1.186,-1,400.000,-1,375.000,-1,325.000,325.000,325.000,325.000,-1,-1,-1,-1,775.000,700.000,-1,-1,2,0,2,0,2,0,0,0,0,2,2,2,2,0,0,2,2
130,-7421.390,-4314.442,36.274,157.956,-0.925976,-0.375281,-0.041635,0.375568,-0.926794,0.000995,-0.038961,-0.014715,0.999132,0,0.92447,-0.59289,55.468,-1.186,-1,400.000,-1,375.000,-1,325.000,325.000,325.000,325.000,-1,-1,-1,-1,750.000,700.000,-1,-1,2,0,2,0,2,0,0,0,0,2,2,2,2,0,0,2,2
131,-7472.361,-4292.564,34.099,156.770,-0.918019,-0.394371,-0.041389,0.394705,-0.918808,0.000100,-0.038068,-0.016244,0.999143,0,0.92447,-0.59289,55.468,-1.186,-1,400.000,-1,375.000,-1,325.000,325.000,325.000,325.000,-1,-1,-1,-1,750.000,700.000,-1,-1,2,0,2,0,2,0,0,0,0,2,2,2,2,0,0,2,2
132,-7522.869,-4269.636,32.008,155.584,-0.909672,-0.413290,-0.041095,0.413668,-0.910428,-0.000749,-0.037104,-0.017681,0.999155,0,0.92447,-0.59289,55.468,-1.186,-1,400.000,-1,375.000,-1,325.000,325.000,325.000,325.000,-1,-1,-1,-1,750.000,700.000,-1,-1,2,0,2,0,2,0,0,0,0,2,2,2,2,0,0,2,2
133,-7572.892,-4245.668,30.005,154.398,-0.900937,-0.432032,-0.040752,0.432447,-0.901658,-0.001554,-0.036073,-0.019023,0.999168,0,0.92447,-0.59289,55.468,-1.186,-1,400.000,-1,375.000,-1,325.000,325.000,325.000,325.000,-1,-1,-1,-1,750.000,725.000,-1,-1,2,0,2,0,2,0,0,0,0,2,2,2,2,0,0,2,2
134,-7618.200,-4222.986,28.252,153.407,-0.893340,-0.447561,-0.040402,0.448007,-0.894027,-0.002251,-0.035113,-0.020111,0.999181,0,0.84447,-0.49578,50.668,-0.992,-1,400.000,-1,375.000,-1,325.000,325.000,325.000,325.000,-1,-1,-1,-1,750.000,725.000,-1,-1,2,0,2,0,2,0,0,0,0,2,2,2,2,0,0,2,2
135,-7659.608,-4201.354,26.708,152.415,-0.885476,-0.462956,-0.040045,0.463427,-0.886131,-0.002863,-0.034160,-0.021093,0.999194,0,0.77863,-0.49578,46.718,-0.992,-1,400.000,-1,375.000,-1,325.000,325.000,325.000,325.000,-1,-1,-1,-1,750.000,725.000,-1,-1,2,0,2,0,2,0,0,0,0,2,2,2,2,0,0,2,2
136,-7700.635,-4179.008,25.220,151.424,-0.877348,-0.478211,-0.039678,0.478707,-0.877968,-0.003497,-0.033164,-0.022063,0.999206,0,0.77863,-0.49578,46.718,-0.992,-1,400.000,-1,375.000,-1,325.000,300.000,325.000,325.000,-1,-1,-1,-1,750.000,725.000,-1,-1,2,0,2,0,2,0,0,0,0,2,2,2,2,0,0,2,2
137,-7741.269,-4155.955,23.682,150.432,-0.868952,-0.493317,-0.039515,0.493853,-0.869533,-0.004544,-0.032118,-0.023463,0.999209,0,0.77863,-0.49578,46.718,-0.992,-1,400.000,-1,375.000,-1,325.000,300.000,325.000,325.000,-1,-1,-1,-1,750.000,725.000,-1,-1,2,0,2,0,2,0,0,0,0,2,2,2,2,0,0,2,2
