timestep,x_cm,y_cm,z_cm,yaw_deg,basis_xx,basis_xy,basis_xz,basis_yx,basis_yy,basis_yz,basis_zx,basis_zy,basis_zz,teleport_flag,throttle_cmd,steering_cmd,cmd_move_cm,cmd_turn_deg,lidar_cm_0,lidar_cm_1,lidar_cm_2,lidar_cm_3,lidar_cm_4,lidar_cm_5,lidar_cm_6,lidar_cm_7,lidar_cm_8,lidar_cm_9,lidar_cm_10,lidar_cm_11,lidar_cm_12,lidar_cm_13,lidar_cm_14,lidar_cm_15,lidar_cm_16,lidar_class_0,lidar_class_1,lidar_class_2,lidar_class_3,lidar_class_4,lidar_class_5,lidar_class_6,lidar_class_7,lidar_class_8,lidar_class_9,lidar_class_10,lidar_class_11,lidar_class_12,lidar_class_13,lidar_class_14,lidar_class_15,lidar_class_16
0,8855.106,5575.423,141.497,-92.697,-0.047642,0.997277,0.056301,-0.998810,-0.046977,-0.013070,-0.010390,-0.056856,0.998328,1,0.00000,0.00000,4.800,-0.240,-1,400.000,-1,400.000,-1,325.000,325.000,300.000,300.000,-1,-1,-1,-1,800.000,850.000,-1,-1,2,0,2,0,2,0,0,0,0,2,2,2,2,0,0,2,2
1,8854.860,5570.629,141.449,-92.937,-0.051818,0.997069,0.056292,-0.998604,-0.051154,-0.013168,-0.010250,-0.056896,0.998328,0,0.08000,-0.12000,4.800,-0.240,-1,400.000,-1,400.000,-1,325.000,325.000,300.000,300.000,-1,-1,-1,-1,800.000,850.000,-1,-1,2,0,2,0,2,0,0,0,0,2,2,2,2,0,0,2,2
2,8854.288,5561.046,141.357,-93.417,-0.060167,0.996601,0.056272,-0.998139,-0.059505,-0.013364,-0.009970,-0.056972,0.998326,0,0.16000,-0.24000,9.600,-0.480,-1,400.000,-1,400.000,-1,325.000,325.000,300.000,300.000,-1,-1,-1,-1,800.000,850.000,-1,-1,2,0,2,0,2,0,0,0,0,2,2,2,2,0,0,2,2
3,8853.249,5546.683,141.229,-94.137,-0.072682,0.995768,0.056238,-0.997309,-0.072023,-0.013657,-0.009549,-0.057080,0.998324,0,0.24000,-0.36000,14.400,-0.720,-1,400.000,-1,400.000,-1,325.000,325.000,300.000,300.000,-1,-1,-1,-1,800.000,850.000,-1,-1,2,0,2,0,2,0,0,0,0,2,2,2,2,0,0,2,2
4,8851.544,5527.559,141.078,-95.097,-0.089351,0.994414,0.056184,-0.995960,-0.088696,-0.014047,-0.008985,-0.057212,0.998322,0,0.32000,-0.48000,19.200,-0.960,-1,400.000,-1,400.000,-1,325.000,325.000,300.000,300.000,-1,-1,-1,-1,825.000,850.000,-1,-1,2,0,2,0,2,0,0,0,0,2,2,2,2,0,0,2,2
5,8848.911,5503.703,140.918,-96.297,-0.110150,0.992330,0.056100,-0.993880,-0.109501,-0.014531,-0.008277,-0.057357,0.998319,0,0.40000,-0.60000,24.000,-1.200,-1,400.000,-1,400.000,-1,325.000,325.000,300.000,300.000,-1,-1,-1,-1,825.000,850.000,-1,-1,2,0,2,0,2,0,0,0,0,2,2,2,2,0,0,2,2
6,8845.034,5475.165,140.768,-97.737,-0.135045,0.989257,0.055977,-0.990812,-0.134403,-0.015109,-0.007423,-0.057503,0.998318,0,0.48000,-0.72000,28.800,-1.440,-1,400.000,-1,400.000,-1,325.000,325.000,300.000,300.000,-1,-1,-1,-1,825.000,850.000,-1,-1,2,0,2,0,2,0,0,0,0,2,2,2,2,0,0,2,2
7,8839.536,5442.017,140.652,-99.417,-0.163980,0.984884,0.055803,-0.986443,-0.163346,-0.015775,-0.006421,-0.057633,0.998317,0,0.56000,-0.84000,33.600,-1.680,-1,400.000,-1,400.000,-1,325.000,325.000,300.000,300.000,-1,-1,-1,-1,825.000,850.000,-1,-1,2,0,2,0,2,0,0,0,0,2,2,2,2,0,0,2,2
8,8832.061,5404.351,140.589,-101.226,-0.194974,0.979233,0.055568,-0.980794,-0.194347,-0.016527,-0.005385,-0.057724,0.998318,0,0.64000,-0.90429,38.400,-1.809,-1,400.000,-1,400.000,-1,325.000,325.000,300.000,300.000,-1,-1,-1,-1,825.000,850.000,-1,-1,2,0,2,0,2,0,0,0,0,2,2,2,2,0,0,2,2
9,8822.318,5362.263,140.598,-103.034,-0.225779,0.972609,0.055271,-0.974168,-0.225155,-0.017364,-0.004444,-0.057763,0.998320,0,0.72000,-0.90429,43.200,-1.809,-1,400.000,-1,400.000,-1,325.000,325.000,300.000,300.000,-1,-1,-1,-1,825.000,850.000,-1,-1,2,0,2,0,2,0,0,0,0,2,2,2,2,0,0,2,2
10,8810.021,5315.864,140.636,-104.843,-0.256356,0.965006,0.055175,-0.966576,-0.255735,-0.018160,-0.003414,-0.057986,0.998312,0,0.80000,-0.90429,48.000,-1.809,-1,400.000,-1,400.000,-1,325.000,325.000,300.000,300.000,-1,-1,-1,-1,825.000,850.000,-1,-1,2,0,2,0,2,0,0,0,0,2,2,2,2,0,0,2,2
11,8794.892,5265.277,140.527,-106.651,-0.286686,0.956387,0.055990,-0.958021,-0.286043,-0.019351,-0.002491,-0.059187,0.998244,0,0.88000,-0.90429,52.800,-1.809,-1,400.000,-1,400.000,-1,325.000,325.000,300.000,300.000,-1,-1,-1,-1,825.000,875.000,-1,-1,2,0,2,0,2,0,0,0,0,2,2,2,2,0,0,2,2
12,8777.730,5213.863,140.467,-108.460,-0.316740,0.946805,0.056882,-0.948511,-0.316059,-0.020841,-0.001755,-0.060554,0.998163,0,0.90337,-0.90429,54.202,-1.809,-1,400.000,-1,400.000,-1,325.000,325.000,300.000,300.000,-1,-1,-1,-1,825.000,875.000,-1,-1,2,0,2,0,2,0,0,0,0,2,2,2,2,0,0,2,2
13,8758.954,5163.016,140.395,-110.268,-0.346463,0.936302,0.057459,-0.938063,-0.345762,-0.022032,-0.000762,-0.061534,0.998105,0,0.90337,-0.90429,54.202,-1.809,-1,400.000,-1,400.000,-1,325.000,325.000,300.000,300.000,-1,-1,-1,-1,850.000,900.000,-1,-1,2,0,2,0,2,0,0,0,0,2,2,2,2,0,0,2,2
14,8738.582,5112.788,140.254,-112.077,-0.375844,0.924901,0.057436,-0.926683,-0.375131,-0.023136,0.000147,-0.061920,0.998081,0,0.90337,-0.90429,54.202,-1.809,-1,400.000,-1,400.000,-1,325.000,325.000,300.000,300.000,-1,-1,-1,-1,850.000,925.000,-1,-1,2,0,2,0,2,0,0,0,0,2,2,2,2,0,0,2,2
15,8716.634,5063.227,140.076,-113.886,-0.404875,0.912608,0.056777,-0.914372,-0.404137,-0.024438,0.000643,-0.061810,0.998088,0,0.90337,-0.90429,54.202,-1.809,-1,400.000,-1,400.000,-1,325.000,325.000,300.000,300.000,-1,-1,-1,-1,850.000,925.000,-1,-1,2,0,2,0,2,0,0,0,0,2,2,2,2,0,0,2,2
16,8693.134,5014.384,139.983,-115.694,-0.433507,0.899406,0.056044,-0.901150,-0.432742,-0.025762,0.001082,-0.061672,0.998096,0,0.90337,-0.90429,54.202,-1.809,-1,400.000,-1,400.000,-1,325.000,325.000,300.000,300.000,-1,-1,-1,-1,850.000,925.000,-1,-1,2,0,2,0,2,0,0,0,0,2,2,2,2,0,0,2,2
17,8668.103,4966.306,139.970,-117.503,-0.461711,0.885309,0.055237,-0.887029,-0.460916,-0.027113,0.001457,-0.061515,0.998105,0,0.90337,-0.90429,54.202,-1.809,-1,400.000,-1,400.000,-1,325.000,325.000,300.000,300.000,-1,-1,-1,-1,850.000,925.000,-1,-1,2,0,2,0,2,0,0,0,0,2,2,2,2,0,0,2,2
18,8641.568,4919.043,140.038,-119.311,-0.489459,0.870331,0.054353,-0.872024,-0.488633,-0.028487,0.001766,-0.061340,0.998115,0,0.90337,-0.90429,54.202,-1.809,-1,400.000,-1,425.000,-1,325.000,325.000,300.000,300.000,-1,-1,-1,-1,850.000,950.000,-1,-1,2,0,2,0,2,0,0,0,0,2,2,2,2,0,0,2,2
19,8613.554,4872.641,140.186,-121.120,-0.516724,0.854486,0.053387,-0.856149,-0.515864,-0.029881,0.002007,-0.061147,0.998127,0,0.90337,-0.90429,54.202,-1.809,-1,400.000,-1,425.000,-1,325.000,325.000,300.000,300.000,-1,-1,-1,-1,850.000,950.000,-1,-1,2,0,2,0,2,0,0,0,0,2,2,2,2,0,0,2,2
20,8584.090,4827.146,140.412,-122.928,-0.543479,0.837790,0.052335,-0.839420,-0.542581,-0.031291,0.002181,-0.060937,0.998139,0,0.90337,-0.90429,54.202,-1.809,-1,400.000,-1,425.000,-1,325.000,325.000,300.000,300.000,-1,-1,-1,-1,850.000,950.000,-1,-1,2,0,2,0,2,0,0,0,0,2,2,2,2,0,0,2,2
21,8553.204,4782.603,140.437,-124.737,-0.569712,0.820279,0.050695,-0.821842,-0.568774,-0.032745,0.001974,-0.060318,0.998177,0,0.90337,-0.90429,54.202,-1.809,-1,400.000,-1,425.000,-1,325.000,325.000,300.000,300.000,-1,-1,-1,-1,850.000,950.000,-1,-1,2,0,2,0,2,0,0,0,0,2,2,2,2,0,0,2,2
22,8520.928,4739.058,140.419,-126.546,-0.595368,0.801937,0.049334,-0.803450,-0.594391,-0.034157,0.001932,-0.059973,0.998198,0,0.90337,-0.90429,54.202,-1.809,-1,400.000,-1,425.000,-1,325.000,325.000,300.000,300.000,-1,-1,-1,-1,875.000,950.000,-1,-1,2,0,2,0,2,0,0,0,0,2,2,2,2,0,0,2,2
23,8487.294,4696.553,140.459,-128.354,-0.620435,0.782795,0.047886,-0.784256,-0.619418,-0.035559,0.001826,-0.059617,0.998220,0,0.90337,-0.90429,54.202,-1.809,-1,400.000,-1,425.000,-1,325.000,325.000,300.000,300.000,-1,-1,-1,-1,875.000,950.000,-1,-1,2,0,2,0,2,0,0,0,0,2,2,2,2,0,0,2,2
24,8454.917,4658.439,140.491,-130.347,-0.647332,0.760785,0.046549,-0.762206,-0.646267,-0.037158,0.001814,-0.059533,0.998225,0,0.83348,-0.99641,50.009,-1.993,-1,400.000,-1,425.000,-1,325.000,325.000,300.000,300.000,-1,-1,-1,-1,875.000,975.000,-1,-1,2,0,2,0,2,0,0,0,0,2,2,2,2,0,0,2,2
25,8421.234,4621.473,140.568,-132.340,-0.673452,0.737852,0.045123,-0.739229,-0.672333,-0.038859,0.001665,-0.059525,0.998225,0,0.83348,-0.99641,50.009,-1.993,-1,400.000,-1,425.000,-1,325.000,325.000,300.000,300.000,-1,-1,-1,-1,900.000,975.000,-1,-1,2,0,2,0,2,0,0,0,0,2,2,2,2,0,0,2,2
26,8386.286,4585.702,140.711,-134.333,-0.698760,0.714027,0.043592,-0.715355,-0.697585,-0.040524,0.001474,-0.059500,0.998227,0,0.83348,-0.99641,50.009,-1.993,-1,425.000,-1,425.000,-1,325.000,325.000,300.000,300.000,-1,-1,-1,-1,900.000,975.000,-1,-1,2,0,2,0,2,0,0,0,0,2,2,2,2,0,0,2,2
27,8350.116,4551.168,140.920,-136.325,-0.723222,0.689339,0.041972,-0.690614,-0.721995,-0.042146,0.001251,-0.059467,0.998229,0,0.83348,-0.99641,50.009,-1.993,-1,425.000,-1,425.000,-1,325.000,325.000,300.000,300.000,-1,-1,-1,-1,900.000,975.000,-1,-1,2,0,2,0,2,0,0,0,0,2,2,2,2,0,0,2,2
28,8312.766,4517.912,141.165,-138.318,-0.746807,0.663821,0.040263,-0.665040,-0.745536,-0.043566,0.001097,-0.059312,0.998239,0,0.83348,-0.99641,50.009,-1.993,-1,425.000,-1,425.000,-1,325.000,350.000,300.000,300.000,-1,-1,-1,-1,900.000,975.000,-1,-1,2,0,2,0,2,0,0,0,0,2,2,2,2,0,0,2,2
29,8274.283,4485.975,141.300,-140.311,-0.769472,0.637520,0.038477,-0.638679,-0.768200,-0.044246,0.001350,-0.058620,0.998279,0,0.83348,-0.99641,50.009,-1.993,-1,425.000,-1,425.000,-1,350.000,350.000,300.000,300.000,-1,-1,-1,-1,925.000,950.000,-1,-1,2,0,2,0,2,0,0,0,0,2,2,2,2,0,0,2,2
30,8234.712,4455.396,141.196,-142.304,-0.791244,0.610401,0.036652,-0.611500,-0.789880,-0.046449,0.000598,-0.059165,0.998248,0,0.83348,-0.99641,50.009,-1.993,-1,425.000,-1,425.000,-1,325.000,325.000,300.000,300.000,-1,-1,-1,-1,900.000,950.000,-1,-1,2,0,2,0,2,0,0,0,0,2,2,2,2,0,0,2,2
31,8194.102,4426.210,141.157,-144.297,-0.812056,0.582546,0.034715,-0.583579,-0.810602,-0.048582,-0.000161,-0.059710,0.998216,0,0.83348,-0.99641,50.009,-1.993,-1,425.000,-1,425.000,-1,325.000,325.000,300.000,300.000,-1,-1,-1,-1,900.000,950.000,-1,-1,2,0,2,0,2,0,0,0,0,2,2,2,2,0,0,2,2
32,8152.502,4398.455,141.184,-146.290,-0.831884,0.553987,0.032673,-0.554949,-0.830342,-0.050634,-0.000921,-0.060254,0.998183,0,0.83348,-0.99641,50.009,-1.993,-1,425.000,-1,425.000,-1,325.000,325.000,300.000,300.000,-1,-1,-1,-1,900.000,925.000,-1,-1,2,0,2,0,2,0,0,0,0,2,2,2,2,0,0,2,2
33,8109.962,4372.163,141.281,-148.282,-0.850702,0.524760,0.030535,-0.525645,-0.849077,-0.052595,-0.001673,-0.060793,0.998149,0,0.83348,-0.99641,50.009,-1.993,-1,425.000,-1,425.000,-1,325.000,325.000,300.000,300.000,-1,-1,-1,-1,900.000,925.000,-1,-1,2,0,2,0,2,0,0,0,0,2,2,2,2,0,0,2,2
34,8066.533,4347.366,141.448,-150.275,-0.868488,0.494901,0.028311,-0.495704,-0.866783,-0.054453,-0.002410,-0.061325,0.998115,0,0.83348,-0.99641,50.009,-1.993,-1,425.000,-1,425.000,-1,325.000,325.000,300.000,300.000,-1,-1,-1,-1,900.000,900.000,-1,-1,2,0,2,0,2,0,0,0,0,2,2,2,2,0,0,2,2
35,8022.268,4324.094,141.570,-152.268,-0.885211,0.464441,0.026396,-0.465182,-0.883433,-0.056135,-0.002752,-0.061970,0.998074,0,0.83348,-0.99641,50.009,-1.993,-1,425.000,-1,425.000,-1,325.000,325.000,300.000,300.000,-1,-1,-1,-1,900.000,900.000,-1,-1,2,0,2,0,2,0,0,0,0,2,2,2,2,0,0,2,2
36,7977.221,4302.376,141.596,-154.261,-0.900847,0.433435,0.024671,-0.434129,-0.899041,-0.057071,-0.002557,-0.062122,0.998065,0,0.83348,-0.99641,50.009,-1.993,-1,425.000,-1,425.000,-1,325.000,325.000,300.000,300.000,-1,-1,-1,-1,925.000,900.000,-1,-1,2,0,2,0,2,0,0,0,0,2,2,2,2,0,0,2,2
37,7931.445,4282.238,141.652,-156.254,-0.915395,0.401911,0.022781,-0.402549,-0.913572,-0.057794,-0.002416,-0.062075,0.998069,0,0.83348,-0.99641,50.009,-1.993,-1,425.000,-1,425.000,-1,325.000,325.000,300.000,300.000,-1,-1,-1,-1,925.000,900.000,-1,-1,2,0,2,0,2,0,0,0,0,2,2,2,2,0,0,2,2
38,7884.997,4263.705,141.605,-158.247,-0.928846,0.369916,0.020180,-0.370456,-0.927040,-0.057963,-0.002733,-0.061314,0.998115,0,0.83348,-0.99641,50.009,-1.993,-1,425.000,-1,425.000,-1,325.000,325.000,300.000,300.000,-1,-1,-1,-1,925.000,875.000,-1,-1,2,0,2,0,2,0,0,0,0,2,2,2,2,0,0,2,2
39,7837.932,4246.797,141.635,-160.239,-0.941170,0.337472,0.017642,-0.337920,-0.939390,-0.057938,-0.002980,-0.060491,0.998164,0,0.83348,-0.99641,50.009,-1.993,-1,425.000,-1,400.000,-1,325.000,325.000,300.000,300.000,-1,-1,-1,-1,925.000,875.000,-1,-1,2,0,2,0,2,0,0,0,0,2,2,2,2,0,0,2,2
40,7790.308,4231.537,141.614,-162.232,-0.952347,0.304608,0.015749,-0.305003,-0.950578,-0.058096,-0.002726,-0.060131,0.998187,0,0.83348,-0.99641,50.009,-1.993,-1,425.000,-1,400.000,-1,325.000,325.000,300.000,300.000,-1,-1,-1,-1,925.000,850.000,-1,-1,2,0,2,0,2,0,0,0,0,2,2,2,2,0,0,2,2
41,7742.182,4217.940,141.309,-164.225,-0.962373,0.271351,0.014376,-0.271721,-0.960532,-0.059540,-0.002347,-0.061206,0.998122,0,0.83348,-0.99641,50.009,-1.993,-1,425.000,-1,400.000,-1,325.000,325.000,300.000,300.000,-1,-1,-1,-1,925.000,850.000,-1,-1,2,0,2,0,2,0,0,0,0,2,2,2,2,0,0,2,2
42,7693.613,4206.026,141.002,-166.218,-0.971238,0.237764,0.012807,-0.238099,-0.969305,-0.061295,-0.002160,-0.062581,0.998038,0,0.83348,-0.99641,50.009,-1.993,-1,425.000,-1,400.000,-1,325.000,325.000,300.000,300.000,-1,-1,-1,-1,925.000,850.000,-1,-1,2,0,2,0,2,0,0,0,0,2,2,2,2,0,0,2,2
43,7644.659,4195.807,140.787,-168.211,-0.978928,0.203897,0.011215,-0.204196,-0.976905,-0.062930,-0.001875,-0.063894,0.997955,0,0.83348,-0.99641,50.009,-1.993,-1,425.000,-1,400.000,-1,325.000,325.000,300.000,300.000,-1,-1,-1,-1,900.000,825.000,-1,-1,2,0,2,0,2,0,0,0,0,2,2,2,2,0,0,2,2
44,7590.688,4186.254,140.641,-169.963,-0.984717,0.173905,0.009455,-0.174151,-0.982600,-0.064563,-0.001937,-0.065223,0.997869,0,0.91348,-0.87641,54.809,-1.753,-1,425.000,-1,400.000,-1,325.000,325.000,300.000,300.000,-1,-1,-1,-1,900.000,825.000,-1,-1,2,0,2,0,2,0,0,0,0,2,2,2,2,0,0,2,2
45,7535.636,4178.002,140.568,-171.476,-0.988974,0.147891,0.007667,-0.148073,-0.986766,-0.066092,-0.002209,-0.066499,0.997784,0,0.92777,-0.75641,55.666,-1.513,-1,400.000,-1,400.000,-1,325.000,325.000,300.000,300.000,-1,-1,-1,-1,900.000,825.000,-1,-1,2,0,2,0,2,0,0,0,0,2,2,2,2,0,0,2,2
46,7480.415,4170.975,140.561,-172.749,-0.992022,0.125925,0.005886,-0.126034,-0.989726,-0.067517,-0.002676,-0.067720,0.997701,0,0.92777,-0.63641,55.666,-1.273,-1,400.000,-1,400.000,-1,325.000,325.000,300.000,300.000,-1,-1,-1,-1,900.000,825.000,-1,-1,2,0,2,0,2,0,0,0,0,2,2,2,2,0,0,2,2
47,7425.057,4165.112,140.618,-173.956,-0.994459,0.105049,0.004116,-0.105082,-0.992077,-0.068852,-0.003150,-0.068903,0.997618,0,0.92777,-0.60325,55.666,-1.207,-1,400.000,-1,400.000,-1,325.000,325.000,300.000,300.000,-1,-1,-1,-1,875.000,800.000,-1,-1,2,0,2,0,2,0,0,0,0,2,2,2,2,0,0,2,2
48,7369.589,4160.416,140.744,-175.162,-0.996452,0.084129,0.002360,-0.084088,-0.993989,-0.070103,-0.003552,-0.070053,0.997537,0,0.92777,-0.60325,55.666,-1.207,-1,425.000,-1,400.000,-1,325.000,325.000,300.000,300.000,-1,-1,-1,-1,875.000,800.000,-1,-1,2,0,2,0,2,0,0,0,0,2,2,2,2,0,0,2,2
49,7314.034,4156.889,140.943,-176.369,-0.998002,0.063176,0.000622,-0.063060,-0.995462,-0.071272,-0.003883,-0.071168,0.997457,0,0.92777,-0.60325,55.666,-1.207,-1,425.000,-1,400.000,-1,325.000,325.000,300.000,300.000,-1,-1,-1,-1,875.000,800.000,-1,-1,2,0,2,0,2,0,0,0,0,2,2,2,2,0,0,2,2
50,7258.416,4154.533,141.219,-177.575,-0.999109,0.042199,-0.001093,-0.042009,-0.996494,-0.072359,-0.004143,-0.072249,0.997378,0,0.92777,-0.60325,55.666,-1.207,-1,425.000,-1,400.000,-1,325.000,325.000,300.000,300.000,-1,-1,-1,-1,875.000,800.000,-1,-1,2,0,2,0,2,0,0,0,0,2,2,2,2,0,0,2,2
51,7202.762,4153.349,141.306,-178.782,-0.999772,0.021206,-0.002412,-0.020974,-0.997114,-0.072970,-0.003952,-0.072903,0.997331,0,0.92777,-0.60325,55.666,-1.207,-1,425.000,-1,400.000,-1,325.000,325.000,300.000,300.000,-1,-1,-1,-1,875.000,800.000,-1,-1,2,0,2,0,2,0,0,0,0,2,2,2,2,0,0,2,2
52,7147.095,4153.336,140.810,-179.988,-0.999993,0.000206,-0.003691,0.000068,-0.997252,-0.074089,-0.003697,-0.074089,0.997245,0,0.92777,-0.60325,55.666,-1.207,-1,400.000,-1,400.000,-1,325.000,325.000,300.000,300.000,-1,-1,-1,-1,875.000,800.000,-1,-1,2,0,2,0,2,0,0,0,0,2,2,2,2,0,0,2,2
53,7091.440,4154.496,140.402,-181.195,-0.999772,-0.020790,-0.004947,0.021103,-0.996949,-0.075146,-0.003370,-0.075234,0.997160,0,0.92777,-0.60325,55.666,-1.207,-1,400.000,-1,400.000,-1,325.000,325.000,300.000,300.000,-1,-1,-1,-1,875.000,800.000,-1,-1,2,0,2,0,2,0,0,0,0,2,2,2,2,0,0,2,2
54,7035.822,4156.827,140.083,-182.401,-0.999108,-0.041774,-0.006177,0.042123,-0.996207,-0.076145,-0.002973,-0.076338,0.997078,0,0.92777,-0.60325,55.666,-1.207,-1,400.000,-1,400.000,-1,325.000,325.000,300.000,300.000,-1,-1,-1,-1,850.000,800.000,-1,-1,2,0,2,0,2,0,0,0,0,2,2,2,2,0,0,2,2
55,6980.265,4160.329,139.859,-183.608,-0.998003,-0.062735,-0.007382,0.063118,-0.995024,-0.077090,-0.002509,-0.077402,0.996997,0,0.92777,-0.60325,55.666,-1.207,-1,400.000,-1,400.000,-1,325.000,325.000,300.000,300.000,-1,-1,-1,-1,850.000,775.000,-1,-1,2,0,2,0,2,0,0,0,0,2,2,2,2,0,0,2,2
56,6924.794,4165.000,139.732,-184.814,-0.996457,-0.083666,-0.008560,0.084079,-0.993403,-0.077982,-0.001979,-0.078426,0.996918,0,0.92777,-0.60325,55.666,-1.207,-1,400.000,-1,400.000,-1,325.000,325.000,300.000,300.000,-1,-1,-1,-1,850.000,775.000,-1,-1,2,0,2,0,2,0,0,0,0,2,2,2,2,0,0,2,2
57,6869.371,4170.851,139.706,-186.027,-0.994460,-0.104665,-0.009713,0.105106,-0.991332,-0.078828,-0.001379,-0.079412,0.996841,0,0.92884,-0.60640,55.730,-1.213,-1,400.000,-1,400.000,-1,325.000,325.000,300.000,300.000,-1,-1,-1,-1,850.000,775.000,-1,-1,2,0,2,0,2,0,0,0,0,2,2,2,2,0,0,2,2
58,6814.016,4177.889,139.787,-187.247,-0.992005,-0.125734,-0.010842,0.126199,-0.988804,-0.079629,-0.000708,-0.080360,0.996766,0,0.93000,-0.60988,55.800,-1.220,-1,400.000,-1,400.000,-1,325.000,325.000,300.000,300.000,-1,-1,-1,-1,850.000,775.000,-1,-1,2,0,2,0,2,0,0,0,0,2,2,2,2,0,0,2,2
59,6758.756,4186.120,139.978,-188.473,-0.989085,-0.146864,-0.011945,0.147349,-0.985812,-0.080387,0.000030,-0.081270,0.996692,0,0.93115,-0.61337,55.869,-1.227,-1,400.000,-1,400.000,-1,325.000,325.000,300.000,300.000,-1,-1,-1,-1,850.000,775.000,-1,-1,2,0,2,0,2,0,0,0,0,2,2,2,2,0,0,2,2
60,6703.620,4195.551,140.284,-189.707,-0.985694,-0.168044,-0.013024,0.168545,-0.982351,-0.081106,0.000835,-0.082141,0.996620,0,0.93227,-0.61686,55.936,-1.234,-1,400.000,-1,400.000,-1,325.000,325.000,300.000,300.000,-1,-1,-1,-1,850.000,775.000,-1,-1,2,0,2,0,2,0,0,0,0,2,2,2,2,0,0,2,2
61,6648.636,4206.187,140.708,-190.948,-0.981826,-0.189262,-0.014080,0.189777,-0.978415,-0.081788,0.001703,-0.082974,0.996550,0,0.93337,-0.62036,56.002,-1.241,-1,400.000,-1,400.000,-1,325.000,325.000,300.000,300.000,-1,-1,-1,-1,850.000,775.000,-1,-1,2,0,2,0,2,0,0,0,0,2,2,2,2,0,0,2,2
62,6598.542,4216.786,141.063,-191.949,-0.978376,-0.206299,-0.014876,0.206818,-0.974858,-0.082929,0.002606,-0.084212,0.996444,0,0.85337,-0.50036,51.202,-1.001,-1,400.000,-1,400.000,-1,325.000,325.000,300.000,300.000,-1,-1,-1,-1,850.000,775.000,-1,-1,2,0,2,0,2,0,0,0,0,2,2,2,2,0,0,2,2
63,6553.275,4226.993,141.248,-192.709,-0.975552,-0.219187,-0.015994,0.219749,-0.971871,-0.084712,0.003023,-0.086156,0.996277,0,0.77337,-0.38036,46.402,-0.761,-1,400.000,-1,400.000,-1,325.000,325.000,300.000,300.000,-1,-1,-1,-1,850.000,775.000,-1,-1,2,0,2,0,2,0,0,0,0,2,2,2,2,0,0,2,2
64,6512.776,4236.513,141.431,-193.230,-0.973520,-0.227978,-0.016910,0.228581,-0.969700,-0.086215,0.003257,-0.087797,0.996133,0,0.69337,-0.26036,41.602,-0.521,-1,400.000,-1,400.000,-1,325.000,325.000,300.000,300.000,-1,-1,-1,-1,825.000,775.000,-1,-1,2,0,2,0,2,0,0,0,0,2,2,2,2,0,0,2,2
65,6476.992,4245.110,141.439,-193.511,-0.972391,-0.232709,-0.017400,0.233334,-0.968502,-0.086939,0.003379,-0.088599,0.996062,0,0.61337,-0.14036,36.802,-0.281,-1,400.000,-1,400.000,-1,325.000,325.000,300.000,300.000,-1,-1,-1,-1,825.000,775.000,-1,-1,2,0,2,0,2,0,0,0,0,2,2,2,2,0,0,2,2
66,6445.881,4252.608,141.366,-193.551,-0.972217,-0.233390,-0.017996,0.234064,-0.968304,-0.087182,0.002922,-0.088972,0.996030,0,0.53337,-0.02036,32.002,-0.041,-1,400.000,-1,400.000,-1,325.000,325.000,300.000,300.000,-1,-1,-1,-1,825.000,775.000,-1,-1,2,0,2,0,2,0,0,0,0,2,2,2,2,0,0,2,2
67,6419.414,4258.890,141.295,-193.352,-0.973011,-0.230014,-0.018502,0.230747,-0.969084,-0.087365,0.002166,-0.089276,0.996005,0,0.45337,0.09964,27.202,0.199,-1,400.000,-1,400.000,-1,325.000,325.000,300.000,300.000,-1,-1,-1,-1,825.000,775.000,-1,-1,2,0,2,0,2,0,0,0,0,2,2,2,2,0,0,2,2
68,6397.578,4263.895,141.219,-192.913,-0.974733,-0.222572,-0.018917,0.223372,-0.970799,-0.087491,0.001108,-0.089506,0.995986,0,0.37337,0.21964,22.402,0.439,-1,400.000,-1,400.000,-1,325.000,325.000,300.000,300.000,-1,-1,-1,-1,825.000,775.000,-1,-1,2,0,2,0,2,0,0,0,0,2,2,2,2,0,0,2,2
69,6380.382,4267.652,141.141,-192.324,-0.976955,-0.212575,-0.019244,0.213444,-0.973022,-0.087573,-0.000109,-0.089662,0.995972,0,0.29337,0.29460,17.602,0.589,-1,400.000,-1,400.000,-1,325.000,325.000,300.000,300.000,-1,-1,-1,-1,825.000,775.000,-1,-1,2,0,2,0,2,0,0,0,0,2,2,2,2,0,0,2,2
70,6367.848,4270.255,141.070,-191.736,-0.979071,-0.202584,-0.019483,0.203515,-0.975143,-0.087623,-0.001248,-0.089754,0.995963,0,0.21337,0.29378,12.802,0.588,-1,400.000,-1,400.000,-1,325.000,325.000,300.000,300.000,-1,-1,-1,-1,825.000,775.000,-1,-1,2,0,2,0,2,0,0,0,0,2,2,2,2,0,0,2,2
71,6359.997,4271.802,141.016,-191.150,-0.981082,-0.192592,-0.019631,0.193577,-0.977163,-0.087637,-0.002305,-0.089780,0.995959,0,0.13337,0.29321,8.002,0.586,-1,400.000,-1,400.000,-1,325.000,325.000,300.000,300.000,-1,-1,-1,-1,825.000,775.000,-1,-1,2,0,2,0,2,0,0,0,0,2,2,2,2,0,0,2,2
72,6356.850,4272.389,140.985,-190.564,-0.982991,-0.182593,-0.019685,0.183622,-0.979085,-0.087614,-0.003275,-0.089738,0.995960,0,0.05337,0.29287,3.202,0.586,-1,400.000,-1,400.000,-1,325.000,325.000,300.000,300.000,-1,-1,-1,-1,825.000,775.000,-1,-1,2,0,2,0,2,0,0,0,0,2,2,2,2,0,0,2,2
73,6358.424,4272.112,140.986,-189.978,-0.984800,-0.172581,-0.019641,0.173645,-0.980909,-0.087549,-0.004157,-0.089628,0.995967,0,-0.02663,0.29275,-1.598,0.585,-1,400.000,-1,400.000,-1,325.000,325.000,300.000,300.000,-1,-1,-1,-1,825.000,775.000,-1,-1,2,0,2,0,2,0,0,0,0,2,2,2,2,0,0,2,2
74,6364.736,4271.068,141.028,-189.393,-0.986508,-0.162549,-0.019499,0.163639,-0.982638,-0.087439,-0.004947,-0.089450,0.995979,0,-0.10663,0.29281,-6.398,0.586,-1,400.000,-1,400.000,-1,325.000,325.000,300.000,300.000,-1,-1,-1,-1,825.000,775.000,-1,-1,2,0,2,0,2,0,0,0,0,2,2,2,2,0,0,2,2
75,6375.802,4269.354,141.119,-188.807,-0.988117,-0.152492,-0.019256,0.153600,-0.984271,-0.087281,-0.005643,-0.089201,0.995998,0,-0.18663,0.29304,-11.198,0.586,-1,400.000,-1,400.000,-1,325.000,325.000,300.000,300.000,-1,-1,-1,-1,825.000,775.000,-1,-1,2,0,2,0,2,0,0,0,0,2,2,2,2,0,0,2,2
76,6387.962,4267.597,141.232,-188.220,-0.989626,-0.142406,-0.018988,0.143527,-0.985805,-0.087109,-0.006314,-0.088930,0.996018,0,-0.20475,0.29345,-12.285,0.587,-1,400.000,-1,400.000,-1,325.000,325.000,300.000,300.000,-1,-1,-1,-1,825.000,775.000,-1,-1,2,0,2,0,2,0,0,0,0,2,2,2,2,0,0,2,2
77,6400.150,4265.964,141.357,-187.632,-0.991034,-0.132289,-0.018719,0.133424,-0.987239,-0.086931,-0.006980,-0.088649,0.996038,0,-0.20495,0.29388,-12.297,0.588,-1,400.000,-1,400.000,-1,325.000,325.000,300.000,300.000,-1,-1,-1,-1,825.000,775.000,-1,-1,2,0,2,0,2,0,0,0,0,2,2,2,2,0,0,2,2
78,6412.367,4264.455,141.494,-187.044,-0.992341,-0.122143,-0.018449,0.123292,-0.988572,-0.086749,-0.007642,-0.088359,0.996059,0,-0.20515,0.29431,-12.309,0.589,-1,400.000,-1,400.000,-1,325.000,325.000,300.000,300.000,-1,-1,-1,-1,825.000,775.000,-1,-1,2,0,2,0,2,0,0,0,0,2,2,2,2,0,0,2,2
79,6419.825,4263.580,141.581,-186.695,-0.993066,-0.116128,-0.018283,0.117284,-0.989312,-0.086636,-0.008027,-0.088179,0.996072,0,-0.12515,0.17431,-7.509,0.349,-1,400.000,-1,400.000,-1,325.000,325.000,300.000,300.000,-1,-1,-1,-1,825.000,775.000,-1,-1,2,0,2,0,2,0,0,0,0,2,2,2,2,0,0,2,2
80,6422.516,4263.269,141.613,-186.586,-0.993284,-0.114253,-0.018224,0.115411,-0.989536,-0.086597,-0.008139,-0.088118,0.996077,0,-0.04515,0.05431,-2.709,0.109,-1,400.000,-1,400.000,-1,325.000,325.000,300.000,300.000,-1,-1,-1,-1,825.000,775.000,-1,-1,2,0,2,0,2,0,0,0,0,2,2,2,2,0,0,2,2
81,6420.439,4263.511,141.589,-186.660,-0.993137,-0.115520,-0.018270,0.116677,-0.989385,-0.086626,-0.008069,-0.088163,0.996073,0,0.03485,-0.03669,2.091,-0.073,-1,400.000,-1,400.000,-1,325.000,325.000,300.000,300.000,-1,-1,-1,-1,825.000,775.000,-1,-1,2,0,2,0,2,0,0,0,0,2,2,2,2,0,0,2,2
82,6413.595,4264.319,141.504,-186.733,-0.992986,-0.116788,-0.018419,0.117954,-0.989227,-0.086702,-0.008094,-0.088267,0.996064,0,0.11485,-0.03676,6.891,-0.074,-1,400.000,-1,400.000,-1,325.000,325.000,300.000,300.000,-1,-1,-1,-1,825.000,775.000,-1,-1,2,0,2,0,2,0,0,0,0,2,2,2,2,0,0,2,2
83,6401.986,4265.705,141.362,-186.807,-0.992830,-0.118064,-0.018670,0.119248,-0.989061,-0.086827,-0.008215,-0.088431,0.996048,0,0.19485,-0.03699,11.691,-0.074,-1,400.000,-1,400.000,-1,325.000,325.000,300.000,300.000,-1,-1,-1,-1,825.000,775.000,-1,-1,2,0,2,0,2,0,0,0,0,2,2,2,2,0,0,2,2
84,6385.614,4267.681,141.164,-186.882,-0.992670,-0.119352,-0.019026,0.120565,-0.988886,-0.086999,-0.008431,-0.088655,0.996027,0,0.27485,-0.03738,16.491,-0.075,-1,400.000,-1,400.000,-1,325.000,325.000,300.000,300.000,-1,-1,-1,-1,825.000,775.000,-1,-1,2,0,2,0,2,0,0,0,0,2,2,2,2,0,0,2,2
85,6364.479,4270.259,140.911,-186.958,-0.992503,-0.120658,-0.019485,0.121908,-0.988702,-0.087218,-0.008741,-0.088940,0.995999,0,0.35485,-0.03792,21.291,-0.076,-1,400.000,-1,400.000,-1,325.000,325.000,300.000,300.000,-1,-1,-1,-1,825.000,775.000,-1,-1,2,0,2,0,2,0,0,0,0,2,2,2,2,0,0,2,2
86,6338.585,4273.454,140.606,-187.035,-0.992329,-0.121986,-0.020049,0.123284,-0.988508,-0.087486,-0.009146,-0.089286,0.995964,0,0.43485,-0.03859,26.091,-0.077,-1,400.000,-1,400.000,-1,325.000,325.000,300.000,300.000,-1,-1,-1,-1,825.000,775.000,-1,-1,2,0,2,0,2,0,0,0,0,2,2,2,2,0,0,2,2
87,6307.931,4277.279,140.251,-187.114,-0.992148,-0.123339,-0.020718,0.124695,-0.988303,-0.087802,-0.009646,-0.089696,0.995922,0,0.51485,-0.03936,30.891,-0.079,-1,400.000,-1,400.000,-1,325.000,325.000,300.000,300.000,-1,-1,-1,-1,825.000,775.000,-1,-1,2,0,2,0,2,0,0,0,0,2,2,2,2,0,0,2,2
88,6272.521,4281.748,139.848,-187.194,-0.991959,-0.124721,-0.021494,0.126144,-0.988086,-0.088167,-0.010242,-0.090169,0.995874,0,0.59485,-0.04021,35.691,-0.080,-1,400.000,-1,400.000,-1,325.000,325.000,300.000,300.000,-1,-1,-1,-1,825.000,775.000,-1,-1,2,0,2,0,2,0,0,0,0,2,2,2,2,0,0,2,2
89,6232.356,4286.876,139.402,-187.276,-0.991761,-0.126132,-0.022378,0.127634,-0.987858,-0.088582,-0.010933,-0.090709,0.995817,0,0.67485,-0.04110,40.491,-0.082,-1,400.000,-1,400.000,-1,325.000,325.000,300.000,300.000,-1,-1,-1,-1,825.000,775.000,-1,-1,2,0,2,0,2,0,0,0,0,2,2,2,2,0,0,2,2
90,6187.437,4292.677,138.914,-187.360,-0.991554,-0.127573,-0.023372,0.129166,-0.987617,-0.089049,-0.011722,-0.091315,0.995753,0,0.75485,-0.04200,45.291,-0.084,-1,400.000,-1,400.000,-1,325.000,325.000,300.000,300.000,-1,-1,-1,-1,800.000,775.000,-1,-1,2,0,2,0,2,0,0,0,0,2,2,2,2,0,0,2,2
91,6142.261,4298.581,138.437,-187.446,-0.991339,-0.129043,-0.024377,0.130728,-0.987368,-0.089520,-0.012517,-0.091931,0.995687,0,0.75934,-0.04286,45.560,-0.086,-1,400.000,-1,400.000,-1,325.000,325.000,300.000,300.000,-1,-1,-1,-1,800.000,775.000,-1,-1,2,0,2,0,2,0,0,0,0,2,2,2,2,0,0,2,2
92,6097.135,4304.547,137.973,-187.533,-0.991118,-0.130537,-0.025387,0.132315,-0.987114,-0.089993,-0.013312,-0.092553,0.995619,0,0.75864,-0.04356,45.518,-0.087,-1,400.000,-1,400.000,-1,325.000,325.000,300.000,300.000,-1,-1,-1,-1,800.000,775.000,-1,-1,2,0,2,0,2,0,0,0,0,2,2,2,2,0,0,2,2
93,6052.062,4310.577,137.522,-187.621,-0.990892,-0.132049,-0.026401,0.133921,-0.986854,-0.090468,-0.014108,-0.093180,0.995549,0,0.75790,-0.04410,45.474,-0.088,-1,400.000,-1,400.000,-1,325.000,325.000,300.000,300.000,-1,-1,-1,-1,800.000,775.000,-1,-1,2,0,2,0,2,0,0,0,0,2,2,2,2,0,0,2,2
94,6007.044,4316.671,137.086,-187.710,-0.990660,-0.133573,-0.027420,0.135541,-0.986589,-0.090945,-0.014905,-0.093812,0.995478,0,0.75714,-0.04448,45.429,-0.089,-1,400.000,-1,400.000,-1,325.000,325.000,300.000,300.000,-1,-1,-1,-1,800.000,775.000,-1,-1,2,0,2,0,2,0,0,0,0,2,2,2,2,0,0,2,2
95,5962.082,4322.829,136.663,-187.800,-0.990423,-0.135104,-0.028445,0.137170,-0.986320,-0.091423,-0.015704,-0.094449,0.995406,0,0.75636,-0.04470,45.382,-0.089,-1,400.000,-1,400.000,-1,325.000,325.000,300.000,300.000,-1,-1,-1,-1,800.000,775.000,-1,-1,2,0,2,0,2,0,0,0,0,2,2,2,2,0,0,2,2
96,5917.176,4329.050,136.132,-187.889,-0.990191,-0.136630,-0.029225,0.138780,-0.986000,-0.092430,-0.016187,-0.095579,0.995290,0,0.75558,-0.04476,45.335,-0.090,-1,400.000,-1,400.000,-1,325.000,325.000,300.000,300.000,-1,-1,-1,-1,775.000,775.000,-1,-1,2,0,2,0,2,0,0,0,0,2,2,2,2,0,0,2,2
97,5872.326,4335.335,135.523,-187.979,-0.989961,-0.138150,-0.029864,0.140374,-0.985669,-0.093549,-0.016512,-0.096802,0.995167,0,0.75479,-0.04465,45.288,-0.089,-1,400.000,-1,400.000,-1,325.000,325.000,300.000,300.000,-1,-1,-1,-1,775.000,775.000,-1,-1,2,0,2,0,2,0,0,0,0,2,2,2,2,0,0,2,2
98,5826.796,4341.790,134.678,-188.071,-0.989732,-0.139731,-0.030110,0.141977,-0.985408,-0.093877,-0.016553,-0.097188,0.995128,0,0.76643,-0.04610,45.986,-0.092,-1,400.000,-1,400.000,-1,325.000,325.000,300.000,300.000,-1,-1,-1,-1,775.000,775.000,-1,-1,2,0,2,0,2,0,0,0,0,2,2,2,2,0,0,2,2
99,5781.294,4348.320,133.826,-188.167,-0.989488,-0.141384,-0.030404,0.143655,-0.985140,-0.094137,-0.016643,-0.097515,0.995095,0,0.76613,-0.04819,45.968,-0.096,-1,400.000,-1,400.000,-1,325.000,325.000,300.000,300.000,-1,-1,-1,-1,775.000,775.000,-1,-1,2,0,2,0,2,0,0,0,0,2,2,2,2,0,0,2,2
100,5735.828,4354.926,132.985,-188.267,-0.989231,-0.143102,-0.030706,0.145400,-0.984859,-0.094399,-0.016732,-0.097847,0.995061,0,0.76571,-0.05012,45.943,-0.100,-1,400.000,-1,400.000,-1,325.000,325.000,300.000,300.000,-1,-1,-1,-1,775.000,775.000,-1,-1,2,0,2,0,2,0,0,0,0,2,2,2,2,0,0,2,2
101,5690.406,4361.610,132.156,-188.371,-0.988963,-0.144881,-0.031015,0.147206,-0.984566,-0.094663,-0.016822,-0.098184,0.995026,0,0.76519,-0.05190,45.911,-0.104,-1,400.000,-1,400.000,-1,325.000,325.000,300.000,300.000,-1,-1,-1,-1,775.000,775.000,-1,-1,2,0,2,0,2,0,0,0,0,2,2,2,2,0,0,2,2
102,5640.218,4368.873,131.230,-188.235,-0.989293,-0.142536,-0.031363,0.144910,-0.984879,-0.094946,-0.017355,-0.098474,0.994988,0,0.84519,0.06810,50.711,0.136,-1,400.000,-1,400.000,-1,325.000,325.000,300.000,300.000,-1,-1,-1,-1,775.000,775.000,-1,-1,2,0,2,0,2,0,0,0,0,2,2,2,2,0,0,2,2
103,5586.993,4376.219,130.219,-187.859,-0.990192,-0.136063,-0.031739,0.138509,-0.985771,-0.095242,-0.018329,-0.098704,0.994948,0,0.89549,0.18810,53.730,0.376,-1,400.000,-1,400.000,-1,325.000,325.000,300.000,300.000,-1,-1,-1,-1,775.000,775.000,-1,-1,2,0,2,0,2,0,0,0,0,2,2,2,2,0,0,2,2
104,5533.774,4382.981,129.156,-187.243,-0.991580,-0.125452,-0.032122,0.127988,-0.987164,-0.095535,-0.019725,-0.098842,0.994908,0,0.89412,0.30810,53.647,0.616,-1,400.000,-1,400.000,-1,325.000,325.000,300.000,300.000,-1,-1,-1,-1,775.000,775.000,-1,-1,2,0,2,0,2,0,0,0,0,2,2,2,2,0,0,2,2
105,5480.579,4389.090,128.038,-186.551,-0.993002,-0.113531,-0.032514,0.116165,-0.988596,-0.095831,-0.021263,-0.098938,0.994866,0,0.89243,0.34566,53.546,0.691,-1,400.000,-1,400.000,-1,325.000,325.000,300.000,300.000,-1,-1,-1,-1,750.000,775.000,-1,-1,2,0,2,0,2,0,0,0,0,2,2,2,2,0,0,2,2
106,5427.424,4394.546,126.863,-185.861,-0.994279,-0.101617,-0.032913,0.104350,-0.989884,-0.096133,-0.022812,-0.099017,0.994824,0,0.89058,0.34499,53.435,0.690,-1,400.000,-1,400.000,-1,325.000,325.000,300.000,300.000,-1,-1,-1,-1,750.000,775.000,-1,-1,2,0,2,0,2,0,0,0,0,2,2,2,2,0,0,2,2
107,5374.321,4399.352,125.632,-185.172,-0.995411,-0.089700,-0.033319,0.092533,-0.991028,-0.096439,-0.024370,-0.099079,0.994781,0,0.88868,0.34468,53.321,0.689,-1,400.000,-1,400.000,-1,325.000,325.000,300.000,300.000,-1,-1,-1,-1,750.000,775.000,-1,-1,2,0,2,0,2,0,0,0,0,2,2,2,2,0,0,2,2
108,5321.279,4403.509,124.346,-184.482,-0.996401,-0.077768,-0.033731,0.080702,-0.992032,-0.096749,-0.025938,-0.099123,0.994737,0,0.88675,0.34472,53.205,0.689,-1,400.000,-1,400.000,-1,325.000,325.000,300.000,300.000,-1,-1,-1,-1,750.000,775.000,-1,-1,2,0,2,0,2,0,0,0,0,2,2,2,2,0,0,2,2
109,5268.305,4407.020,123.000,-183.792,-0.997248,-0.065812,-0.034134,0.068847,-0.992893,-0.097080,-0.027502,-0.099163,0.994691,0,0.88486,0.34511,53.092,0.690,-1,400.000,-1,400.000,-1,325.000,325.000,300.000,300.000,-1,-1,-1,-1,750.000,775.000,-1,-1,2,0,2,0,2,0,0,0,0,2,2,2,2,0,0,2,2
110,5215.401,4409.886,121.550,-183.100,-0.997966,-0.053822,-0.034149,0.056913,-0.993642,-0.097138,-0.028704,-0.098884,0.994685,0,0.88303,0.34585,52.982,0.692,-1,400.000,-1,400.000,-1,325.000,325.000,300.000,300.000,-1,-1,-1,-1,750.000,775.000,-1,-1,2,0,2,0,2,0,0,0,0,2,2,2,2,0,0,2,2
111,5162.570,4412.107,119.966,-182.407,-0.998546,-0.041788,-0.034048,0.044912,-0.994284,-0.096864,-0.029805,-0.098252,0.994715,0,0.88131,0.34693,52.879,0.694,-1,400.000,-1,400.000,-1,325.000,325.000,300.000,300.000,-1,-1,-1,-1,750.000,775.000,-1,-1,2,0,2,0,2,0,0,0,0,2,2,2,2,0,0,2,2
112,5109.810,4413.682,118.324,-181.710,-0.998982,-0.029697,-0.033948,0.032854,-0.994783,-0.096579,-0.030903,-0.097596,0.994746,0,0.87973,0.34836,52.784,0.697,-1,400.000,-1,400.000,-1,325.000,325.000,300.000,300.000,-1,-1,-1,-1,750.000,775.000,-1,-1,2,0,2,0,2,0,0,0,0,2,2,2,2,0,0,2,2
113,5057.119,4414.612,116.626,-181.010,-0.999273,-0.017538,-0.033849,0.020727,-0.995138,-0.096283,-0.031996,-0.096915,0.994778,0,0.87833,0.35011,52.700,0.700,-1,400.000,-1,400.000,-1,325.000,325.000,300.000,300.000,-1,-1,-1,-1,725.000,775.000,-1,-1,2,0,2,0,2,0,0,0,0,2,2,2,2,0,0,2,2
114,5004.492,4414.893,114.870,-180.305,-0.999416,-0.005304,-0.033748,0.008523,-0.995347,-0.095976,-0.033082,-0.096208,0.994811,0,0.87714,0.35219,52.629,0.704,-1,400.000,-1,400.000,-1,325.000,325.000,300.000,300.000,-1,-1,-1,-1,725.000,775.000,-1,-1,2,0,2,0,2,0,0,0,0,2,2,2,2,0,0,2,2
115,4951.922,4414.523,113.058,-179.596,-0.999409,0.007017,-0.033642,-0.003769,-0.995407,-0.095657,-0.034159,-0.095474,0.994846,0,0.87619,0.35459,52.571,0.709,-1,400.000,-1,400.000,-1,325.000,325.000,300.000,300.000,-1,-1,-1,-1,725.000,775.000,-1,-1,2,0,2,0,2,0,0,0,0,2,2,2,2,0,0,2,2
116,4899.403,4413.498,111.189,-178.882,-0.999249,0.019432,-0.033532,-0.016157,-0.995315,-0.095326,-0.035227,-0.094713,0.994881,0,0.87550,0.35730,52.530,0.715,-1,400.000,-1,400.000,-1,325.000,325.000,300.000,300.000,-1,-1,-1,-1,725.000,775.000,-1,-1,2,0,2,0,2,0,0,0,0,2,2,2,2,0,0,2,2
117,4846.925,4411.814,109.264,-178.161,-0.998931,0.031951,-0.033413,-0.028650,-0.995067,-0.094983,-0.036283,-0.093924,0.994918,0,0.87510,0.36031,52.506,0.721,-1,400.000,-1,400.000,-1,325.000,325.000,300.000,300.000,-1,-1,-1,-1,725.000,800.000,-1,-1,2,0,2,0,2,0,0,0,0,2,2,2,2,0,0,2,2
118,4794.479,4409.464,107.281,-177.434,-0.998451,0.044582,-0.033286,-0.041258,-0.994658,-0.094625,-0.037326,-0.093105,0.994956,0,0.87500,0.36362,52.500,0.727,-1,400.000,-1,400.000,-1,325.000,325.000,300.000,300.000,-1,-1,-1,-1,725.000,800.000,-1,-1,2,0,2,0,2,0,0,0,0,2,2,2,2,0,0,2,2
119,4742.054,4406.441,105.242,-176.699,-0.997805,0.057332,-0.033147,-0.053987,-0.994083,-0.094253,-0.038354,-0.092256,0.994996,0,0.87521,0.36722,52.513,0.734,-1,400.000,-1,400.000,-1,325.000,325.000,300.000,300.000,-1,-1,-1,-1,725.000,800.000,-1,-1,2,0,2,0,2,0,0,0,0,2,2,2,2,0,0,2,2
120,4689.640,4402.737,103.145,-175.957,-0.996986,0.070210,-0.032995,-0.066847,-0.993338,-0.093864,-0.039365,-0.091376,0.995038,0,0.87576,0.37110,52.545,0.742,-1,375.000,-1,400.000,-1,325.000,325.000,300.000,300.000,-1,-1,-1,-1,725.000,800.000,-1,-1,2,0,2,0,2,0,0,0,0,2,2,2,2,0,0,2,2
121,4637.226,4398.343,100.989,-175.207,-0.995990,0.083222,-0.032827,-0.079843,-0.992417,-0.093459,-0.040356,-0.090463,0.995082,0,0.87664,0.37524,52.599,0.750,-1,375.000,-1,400.000,-1,325.000,325.000,300.000,300.000,-1,-1,-1,-1,725.000,800.000,-1,-1,2,0,2,0,2,0,0,0,0,2,2,2,2,0,0,2,2
122,4584.801,4393.247,98.736,-174.447,-0.994811,0.096376,-0.032615,-0.092992,-0.991325,-0.092887,-0.041284,-0.089372,0.995142,0,0.87787,0.37966,52.672,0.759,-1,375.000,-1,400.000,-1,325.000,325.000,300.000,300.000,-1,-1,-1,-1,725.000,800.000,-1,-1,2,0,2,0,2,0,0,0,0,2,2,2,2,0,0,2,2
123,4532.355,4387.439,96.462,-173.679,-0.993435,0.109680,-0.032514,-0.106298,-0.990071,-0.091979,-0.042280,-0.087919,0.995230,0,0.87945,0.38433,52.767,0.769,-1,375.000,-1,400.000,-1,325.000,325.000,300.000,300.000,-1,-1,-1,-1,725.000,800.000,-1,-1,2,0,2,0,2,0,0,0,0,2,2,2,2,0,0,2,2
124,4479.878,4380.904,94.162,-172.900,-0.991861,0.123139,-0.032390,-0.119768,-0.988628,-0.090943,-0.043221,-0.086323,0.995329,0,0.88138,0.38925,52.883,0.778,-1,375.000,-1,400.000,-1,325.000,325.000,300.000,300.000,-1,-1,-1,-1,700.000,800.000,-1,-1,2,0,2,0,2,0,0,0,0,2,2,2,2,0,0,2,2
125,4429.325,4374.126,91.916,-172.362,-0.990666,0.132441,-0.032261,-0.129095,-0.987546,-0.089931,-0.043770,-0.084926,0.995425,0,0.85010,0.26925,51.006,0.538,-1,375.000,-1,400.000,-1,325.000,325.000,300.000,300.000,-1,-1,-1,-1,700.000,800.000,-1,-1,2,0,2,0,2,0,0,0,0,2,2,2,2,0,0,2,2
126,4378.658,4367.064,89.654,-172.063,-0.989967,0.137598,-0.032123,-0.134293,-0.986945,-0.088905,-0.043937,-0.083699,0.995522,0,0.85262,0.14925,51.157,0.298,-1,375.000,-1,400.000,-1,325.000,325.000,300.000,300.000,-1,-1,-1,-1,700.000,800.000,-1,-1,2,0,2,0,2,0,0,0,0,2,2,2,2,0,0,2,2
127,4327.911,4359.937,87.395,-172.005,-0.989830,0.138618,-0.031978,-0.135368,-0.986891,-0.087871,-0.043740,-0.082648,0.995618,0,0.85409,0.02925,51.245,0.058,-1,375.000,-1,400.000,-1,325.000,325.000,300.000,300.000,-1,-1,-1,-1,700.000,800.000,-1,-1,2,0,2,0,2,0,0,0,0,2,2,2,2,0,0,2,2
128,4277.141,4352.971,85.161,-172.186,-0.990266,0.135501,-0.031828,-0.132317,-0.987397,-0.086832,-0.043193,-0.081775,0.995714,0,0.85409,-0.09075,51.245,-0.182,-1,375.000,-1,400.000,-1,325.000,325.000,300.000,300.000,-1,-1,-1,-1,700.000,800.000,-1,-1,2,0,2,0,2,0,0,0,0,2,2,2,2,0,0,2,2
129,4226.321,4346.378,82.967,-172.608,-0.991237,0.128240,-0.031675,-0.125135,-0.988423,-0.085793,-0.042310,-0.081078,0.995809,0,0.85409,-0.21075,51.245,-0.422,-1,375.000,-1,400.000,-1,325.000,325.000,300.000,300.000,-1,-1,-1,-1,700.000,800.000,-1,-1,2,0,2,0,2,0,0,0,0,2,2,2,2,0,0,2,2
130,4175.428,4340.373,80.828,-173.269,-0.992652,0.116825,-0.031522,-0.113807,-0.989881,-0.084760,-0.041105,-0.080549,0.995903,0,0.85409,-0.33075,51.245,-0.662,-1,375.000,-1,400.000,-1,325.000,325.000,300.000,300.000,-1,-1,-1,-1,700.000,800.000,-1,-1,2,0,2,0,2,0,0,0,0,2,2,2,2,0,0,2,2
131,4124.447,4335.169,78.760,-174.171,-0.994367,0.101239,-0.031374,-0.098318,-0.991626,-0.083738,-0.039588,-0.080181,0.995994,0,0.85409,-0.45075,51.245,-0.902,-1,375.000,-1,400.000,-1,325.000,325.000,300.000,300.000,-1,-1,-1,-1,700.000,800.000,-1,-1,2,0,2,0,2,0,0,0,0,2,2,2,2,0,0,2,2
132,4073.373,4330.981,76.776,-175.312,-0.996187,0.081466,-0.031235,-0.078649,-0.993463,-0.082734,-0.037771,-0.079962,0.996082,0,0.85409,-0.57075,51.245,-1.142,-1,375.000,-1,400.000,-1,325.000,325.000,300.000,300.000,-1,-1,-1,-1,700.000,825.000,-1,-1,2,0,2,0,2,0,0,0,0,2,2,2,2,0,0,2,2
133,4022.211,4328.026,74.889,-176.694,-0.997861,0.057491,-0.031113,-0.054785,-0.995145,-0.081758,-0.035662,-0.079878,0.996166,0,0.85409,-0.69075,51.245,-1.382,-1,375.000,-1,400.000,-1,325.000,325.000,300.000,300.000,-1,-1,-1,-1,725.000,825.000,-1,-1,2,0,2,0,2,0,0,0,0,2,2,2,2,0,0,2,2
134,3970.987,4326.520,73.114,-178.315,-0.999089,0.029308,-0.031017,-0.026719,-0.996371,-0.080816,-0.033273,-0.079914,0.996246,0,0.85409,-0.81075,51.245,-1.622,-1,375.000,-1,400.000,-1,325.000,325.000,300.000,300.000,-1,-1,-1,-1,725.000,825.000,-1,-1,2,0,2,0,2,0,0,0,0,2,2,2,2,0,0,2,2
135,3919.741,4326.678,71.456,-180.177,-0.999513,-0.003073,-0.031040,0.005542,-0.996799,-0.079754,-0.030695,-0.079887,0.996331,0,0.85409,-0.93075,51.245,-1.862,-1,375.000,-1,400.000,-1,325.000,325.000,300.000,300.000,-1,-1,-1,-1,725.000,850.000,-1,-1,2,0,2,0,2,0,0,0,0,2,2,2,2,0,0,2,2
136,3868.531,4328.626,69.911,-182.177,-0.998793,-0.037860,-0.031296,0.040216,-0.996107,-0.078447,-0.028204,-0.079611,0.996427,0,0.85409,-1.00000,51.245,-2.000,-1,400.000,-1,400.000,-1,325.000,325.000,300.000,300.000,-1,-1,-1,-1,725.000,850.000,-1,-1,2,0,2,0,2,0,0,0,0,2,2,2,2,0,0,2,2
137,3817.420,4332.359,68.494,-184.177,-0.996860,-0.072603,-0.031605,0.074856,-0.994204,-0.077169,-0.025819,-0.079293,0.996517,0,0.85409,-1.00000,51.245,-2.000,-1,400.000,-1,400.000,-1,325.000,325.000,300.000,300.000,-1,-1,-1,-1,725.000,850.000,-1,-1,2,0,2,0,2,0,0,0,0,2,2,2,2,0,0,2,2
138,3766.471,4337.874,67.201,-186.177,-0.993717,-0.107258,-0.031976,0.109418,-0.991092,-0.075921,-0.023548,-0.078943,0.996601,0,0.85409,-1.00000,51.245,-2.000,-1,400.000,-1,400.000,-1,325.000,325.000,300.000,300.000,-1,-1,-1,-1,725.000,875.000,-1,-1,2,0,2,0,2,0,0,0,0,2,2,2,2,0,0,2,2
