timestep,x_cm,y_cm,z_cm,yaw_deg,basis_xx,basis_xy,basis_xz,basis_yx,basis_yy,basis_yz,basis_zx,basis_zy,basis_zz,teleport_flag,throttle_cmd,steering_cmd,cmd_move_cm,cmd_turn_deg,lidar_cm_0,lidar_cm_1,lidar_cm_2,lidar_cm_3,lidar_cm_4,lidar_cm_5,lidar_cm_6,lidar_cm_7,lidar_cm_8,lidar_cm_9,lidar_cm_10,lidar_cm_11,lidar_cm_12,lidar_cm_13,lidar_cm_14,lidar_cm_15,lidar_cm_16,lidar_class_0,lidar_class_1,lidar_class_2,lidar_class_3,lidar_class_4,lidar_class_5,lidar_class_6,lidar_class_7,lidar_class_8,lidar_class_9,lidar_class_10,lidar_class_11,lidar_class_12,lidar_class_13,lidar_class_14,lidar_class_15,lidar_class_16
0,-1644.573,-3608.370,34.668,-171.103,-0.987793,0.154635,0.018777,-0.154874,-0.987861,-0.012007,0.016693,-0.014768,0.999752,1,0.08000,0.12000,4.800,0.240,900.000,400.000,-1,400.000,-1,325.000,325.000,300.000,300.000,-1,-1,-1,-1,800.000,775.000,-1,-1,1,0,2,0,2,0,0,0,0,2,2,2,2,0,0,2,2
1,-1654.045,-3609.934,34.840,-170.623,-0.986467,0.162904,0.018594,-0.163145,-0.986526,-0.012228,0.016352,-0.015096,0.999752,0,0.16000,0.24000,9.600,0.480,900.000,400.000,-1,400.000,-1,325.000,325.000,300.000,300.000,-1,-1,-1,-1,800.000,775.000,-1,-1,1,0,2,0,2,0,0,0,0,2,2,2,2,0,0,2,2
2,-1668.222,-3612.459,35.096,-169.903,-0.984347,0.175287,0.018324,-0.175529,-0.984394,-0.012570,0.015834,-0.015589,0.999753,0,0.24000,0.36000,14.400,0.720,875.000,400.000,-1,400.000,-1,325.000,325.000,300.000,300.000,-1,-1,-1,-1,800.000,775.000,-1,-1,1,0,2,0,2,0,0,0,0,2,2,2,2,0,0,2,2
3,-1687.065,-3616.141,35.433,-168.943,-0.981279,0.191753,0.017970,-0.191998,-0.981309,-0.013043,0.015133,-0.016249,0.999753,0,0.32000,0.48000,19.200,0.960,825.000,400.000,-1,400.000,-1,325.000,325.000,300.000,300.000,-1,-1,-1,-1,800.000,775.000,-1,-1,1,0,2,0,2,0,0,0,0,2,2,2,2,0,0,2,2
4,-1710.518,-3621.236,35.849,-167.743,-0.977056,0.212259,0.017544,-0.212506,-0.977064,-0.013660,0.014242,-0.017075,0.999753,0,0.40000,0.60000,24.000,1.200,800.000,400.000,-1,400.000,-1,325.000,325.000,300.000,300.000,-1,-1,-1,-1,800.000,775.000,-1,-1,1,0,2,0,2,0,0,0,0,2,2,2,2,0,0,2,2
5,-1738.499,-3628.056,36.338,-166.303,-0.971423,0.236742,0.017058,-0.236991,-0.971405,-0.014438,0.013152,-0.018068,0.999750,0,0.48000,0.72000,28.800,1.440,750.000,400.000,-1,400.000,-1,325.000,325.000,300.000,300.000,-1,-1,-1,-1,800.000,775.000,-1,-1,1,0,2,0,2,0,0,0,0,2,2,2,2,0,0,2,2
6,-1770.896,-3636.965,36.893,-164.623,-0.964076,0.265113,0.016533,-0.265363,-0.964026,-0.015392,0.011857,-0.019226,0.999745,0,0.56000,0.84000,33.600,1.680,700.000,400.000,-1,400.000,-1,325.000,325.000,300.000,300.000,-1,-1,-1,-1,775.000,775.000,1000.000,-1,1,0,2,0,2,0,0,0,0,2,2,2,2,0,0,1,2
7,-1807.559,-3648.383,37.505,-162.703,-0.954664,0.297255,0.015995,-0.297505,-0.954577,-0.016535,0.010353,-0.020544,0.999735,0,0.64000,0.96000,38.400,1.920,650.000,400.000,-1,400.000,-1,325.000,325.000,300.000,300.000,-1,-1,-1,-1,775.000,775.000,900.000,-1,1,0,2,0,2,0,0,0,0,2,2,2,2,1,0,1,2
8,-1848.332,-3662.659,38.160,-160.703,-0.943722,0.330378,0.015473,-0.330626,-0.943593,-0.017859,0.008700,-0.021969,0.999721,0,0.72000,1.00000,43.200,2.000,600.000,400.000,-1,400.000,-1,325.000,325.000,300.000,300.000,-1,-1,-1,-1,725.000,775.000,825.000,-1,1,0,2,0,2,0,0,0,0,2,2,2,2,1,0,1,2
9,-1893.054,-3680.093,38.641,-158.703,-0.931624,0.363102,0.015277,-0.363345,-0.931472,-0.018444,0.007533,-0.022734,0.999713,0,0.80000,1.00000,48.000,2.000,550.000,400.000,-1,400.000,-1,325.000,325.000,300.000,300.000,-1,-1,-1,-1,700.000,775.000,725.000,-1,1,0,2,0,2,0,0,0,0,2,2,2,2,1,0,1,2
10,-1941.549,-3700.975,39.037,-156.703,-0.918392,0.395384,0.015063,-0.395619,-0.918222,-0.018793,0.006401,-0.023219,0.999710,0,0.88000,1.00000,52.800,2.000,500.000,400.000,-1,400.000,-1,325.000,325.000,300.000,300.000,-1,-1,-1,-1,650.000,775.000,650.000,-1,1,0,2,0,2,0,0,0,0,2,2,2,2,1,0,1,2
11,-1990.666,-3724.189,39.280,-154.703,-0.904048,0.427188,0.014381,-0.427402,-0.903863,-0.018966,0.004896,-0.023293,0.999717,0,0.90544,1.00000,54.327,2.000,450.000,400.000,-1,400.000,-1,325.000,325.000,300.000,300.000,-1,-1,-1,-1,625.000,750.000,575.000,-1,1,0,2,0,2,0,0,0,0,2,2,2,2,1,0,1,2
12,-2042.125,-3750.745,39.486,-152.703,-0.888604,0.458471,0.013694,-0.458663,-0.888401,-0.019253,0.003339,-0.023390,0.999721,0,0.96512,1.00000,57.907,2.000,425.000,400.000,-1,400.000,-1,325.000,325.000,300.000,300.000,-1,-1,-1,-1,575.000,750.000,525.000,-1,1,0,2,0,2,0,0,0,0,2,2,2,2,1,0,1,2
13,-2092.702,-3779.123,39.589,-150.703,-0.872073,0.489192,0.013389,-0.489371,-0.871852,-0.019766,0.002004,-0.023790,0.999715,0,0.96658,1.00000,57.995,2.000,375.000,375.000,-1,400.000,-1,325.000,325.000,300.000,300.000,-1,-1,-1,-1,550.000,750.000,450.000,-1,1,1,2,0,2,0,0,1,0,2,2,2,2,1,0,1,2
14,-2142.318,-3809.287,39.645,-148.703,-0.854481,0.519315,0.013215,-0.519483,-0.854238,-0.020365,0.000713,-0.024266,0.999705,0,0.96776,1.00000,58.065,2.000,325.000,375.000,-1,400.000,-1,325.000,325.000,300.000,300.000,-1,-1,-1,-1,500.000,725.000,375.000,-1,1,1,2,0,2,0,0,1,0,2,2,2,2,1,0,1,2
15,-2190.894,-3841.192,39.685,-146.703,-0.835847,0.548806,0.013149,-0.548963,-0.835585,-0.020903,-0.000484,-0.024690,0.999695,0,0.96862,1.00000,58.117,2.000,275.000,350.000,-1,400.000,-1,325.000,325.000,275.000,300.000,-1,-1,-1,-1,475.000,725.000,325.000,-1,1,1,2,0,2,0,0,1,0,2,2,2,2,1,0,1,2
16,-2238.354,-3874.789,41.034,-144.703,-0.816137,0.577698,0.013592,-0.577851,-0.816015,-0.014405,0.002770,-0.019610,0.999804,0,0.96914,1.00000,58.149,2.000,250.000,325.000,-1,400.000,-1,325.000,325.000,275.000,300.000,-1,-1,-1,-1,450.000,750.000,300.000,-1,1,1,2,0,2,1,0,1,0,2,2,2,2,1,0,1,2
17,-2284.620,-3910.027,43.657,-142.703,-0.795409,0.605916,0.013801,-0.605984,-0.795476,-0.001008,0.010368,-0.009166,0.999904,0,0.96929,1.00000,58.157,2.000,250.000,325.000,-1,425.000,-1,300.000,350.000,275.000,300.000,-1,-1,-1,-1,450.000,775.000,300.000,-1,1,1,2,0,2,1,0,1,0,2,2,2,2,1,1,1,2
18,-2329.615,-3946.850,46.294,-140.703,-0.773767,0.633334,0.013133,-0.633209,-0.773877,0.012650,0.018175,0.001472,0.999834,0,0.96902,1.00000,58.141,2.000,250.000,300.000,-1,425.000,-1,300.000,350.000,275.000,300.000,-1,-1,525.000,-1,425.000,775.000,275.000,-1,1,1,2,0,2,1,1,1,0,2,2,0,2,1,1,1,2
19,-2373.263,-3985.194,48.940,-138.703,-0.751258,0.659907,0.011559,-0.659489,-0.751247,0.026510,0.026177,0.012293,0.999582,0,0.96830,1.00000,58.098,2.000,250.000,300.000,-1,425.000,-1,275.000,325.000,275.000,275.000,-1,450.000,275.000,-1,425.000,775.000,275.000,-1,1,1,2,1,2,1,1,1,0,2,0,0,2,1,1,1,2
20,-2415.492,-4024.989,51.486,-136.703,-0.727939,0.685583,0.009013,-0.684765,-0.727610,0.041004,0.034669,0.023677,0.999118,0,0.96707,1.00000,58.024,2.000,250.000,300.000,-1,425.000,-1,275.000,325.000,275.000,275.000,-1,350.000,175.000,-1,425.000,775.000,275.000,-1,1,1,2,1,2,1,1,1,0,2,0,0,2,1,1,1,2
21,-2456.230,-4066.159,53.975,-134.703,-0.703867,0.710311,0.005449,-0.709000,-0.702995,0.055831,0.043488,0.035434,0.998425,0,0.96530,1.00000,57.918,2.000,250.000,300.000,-1,400.000,-1,275.000,300.000,275.000,275.000,-1,300.000,125.000,950.000,425.000,825.000,275.000,-1,1,1,2,1,2,1,1,1,0,2,0,0,0,1,1,1,2
22,-2495.407,-4108.624,56.470,-132.703,-0.679093,0.734051,0.000871,-0.732178,-0.677444,0.070606,0.052418,0.047310,0.997504,0,0.96293,1.00000,57.776,2.000,250.000,275.000,-1,375.000,-1,250.000,300.000,275.000,275.000,-1,250.000,100.000,700.000,400.000,975.000,275.000,-1,1,1,2,1,2,1,1,1,0,2,0,0,0,1,0,1,2
23,-2532.959,-4152.293,58.966,-130.703,-0.653674,0.756762,-0.004727,-0.754279,-0.650996,0.085251,0.061438,0.059292,0.996348,0,0.95990,1.00000,57.594,2.000,250.000,275.000,-1,375.000,-1,250.000,275.000,275.000,250.000,-1,225.000,75.000,575.000,400.000,-1,275.000,-1,1,1,2,1,2,1,1,1,0,2,0,0,0,1,2,1,2
24,-2568.827,-4197.067,63.795,-128.703,-0.627191,0.778866,-0.000142,-0.775006,-0.624065,0.099537,0.077438,0.062539,0.995034,0,0.95614,1.00000,57.368,2.000,250.000,275.000,-1,375.000,-1,250.000,275.000,275.000,275.000,-1,200.000,75.000,500.000,425.000,-1,275.000,-1,1,1,2,1,2,1,1,1,0,2,0,0,0,1,2,1,2
25,5575.430,-9510.991,-242.749,-11.268,0.979929,0.195062,0.041119,-0.197067,0.979001,0.052173,-0.030078,-0.059229,0.997791,1,0.00000,0.00000,57.095,2.000,-1,-1,-1,400.000,-1,325.000,325.000,325.000,325.000,650.000,-1,-1,-1,-1,-1,-1,-1,2,2,2,0,2,0,0,0,0,1,2,2,2,2,2,2,2
26,5580.141,-9511.910,-242.897,-11.028,0.980738,0.190961,0.041069,-0.192967,0.979818,0.052167,-0.030278,-0.059087,0.997794,0,0.08000,0.12000,4.800,0.240,-1,-1,-1,400.000,-1,325.000,325.000,325.000,325.000,675.000,-1,-1,-1,-1,-1,-1,-1,2,2,2,0,2,0,0,0,0,1,2,2,2,2,2,2,2
27,5589.579,-9513.667,-243.197,-10.548,0.982306,0.182749,0.040969,-0.184756,0.981400,0.052155,-0.030676,-0.058802,0.997798,0,0.16000,0.24000,9.600,0.480,-1,-1,-1,400.000,-1,325.000,325.000,325.000,325.000,675.000,-1,-1,-1,-1,-1,-1,-1,2,2,2,0,2,0,0,0,0,1,2,2,2,2,2,2,2
28,5603.767,-9516.125,-243.658,-9.828,0.984528,0.170407,0.040821,-0.172416,0.983643,0.052139,-0.031269,-0.058371,0.997805,0,0.24000,0.36000,14.400,0.720,-1,-1,-1,400.000,-1,325.000,325.000,325.000,325.000,675.000,-1,-1,-1,-1,-1,-1,-1,2,2,2,1,2,0,0,0,0,1,2,2,2,2,2,2,2
29,5622.737,-9519.086,-244.291,-8.868,0.987250,0.153908,0.040627,-0.155919,0.986394,0.052121,-0.032052,-0.057791,0.997814,0,0.32000,0.48000,19.200,0.960,-1,-1,-1,-1,-1,325.000,325.000,325.000,325.000,700.000,-1,-1,-1,-1,-1,-1,-1,2,2,2,2,2,1,0,0,0,1,2,2,2,2,2,2,2
30,5646.522,-9522.289,-245.110,-7.668,0.990263,0.133222,0.040388,-0.135237,0.989442,0.052102,-0.033020,-0.057057,0.997825,0,0.40000,0.60000,24.000,1.200,-1,-1,-1,-1,-1,-1,-1,325.000,325.000,725.000,-1,-1,-1,-1,-1,-1,-1,2,2,2,2,2,2,2,0,0,1,2,2,2,2,2,2,2
31,5675.151,-9525.414,-246.132,-6.228,0.993307,0.108321,0.040106,-0.110339,0.992528,0.052086,-0.034164,-0.056162,0.997837,0,0.48000,0.72000,28.800,1.440,-1,-1,-1,-1,-1,-1,-1,325.000,325.000,750.000,-1,-1,-1,-1,-1,-1,-1,2,2,2,2,2,2,2,0,0,1,2,2,2,2,2,2,2
32,5708.645,-9528.079,-247.379,-4.548,0.996066,0.079181,0.039782,-0.081202,0.995336,0.052074,-0.035473,-0.055100,0.997851,0,0.56000,0.84000,33.600,1.680,-1,-1,-1,-1,-1,-1,-1,325.000,325.000,775.000,-1,-1,-1,-1,-1,-1,-1,2,2,2,2,2,2,2,0,0,1,2,2,2,2,2,2,2
33,5747.004,-9529.840,-248.872,-2.628,0.998173,0.045792,0.039419,-0.047817,0.997498,0.052072,-0.036936,-0.053862,0.997865,0,0.64000,0.96000,38.400,1.920,-1,1000.000,-1,-1,-1,-1,-1,325.000,325.000,825.000,-1,-1,-1,-1,-1,-1,-1,2,1,2,2,2,2,2,0,0,1,2,2,2,2,2,2,2
34,5790.201,-9530.315,-250.630,-0.628,0.999179,0.010952,0.039016,-0.012979,0.998558,0.052086,-0.038389,-0.052549,0.997880,0,0.72000,1.00000,43.200,2.000,-1,950.000,-1,-1,-1,-1,-1,325.000,325.000,850.000,-1,-1,-1,-1,-1,-1,-1,2,1,2,2,2,2,2,0,0,1,2,2,2,2,2,2,2
35,5838.186,-9529.166,-252.668,1.372,0.998970,-0.023905,0.038570,0.021879,0.998401,0.052123,-0.039754,-0.051226,0.997896,0,0.80000,1.00000,48.000,2.000,-1,900.000,-1,-1,-1,-1,-1,325.000,300.000,900.000,-1,-1,-1,-1,-1,-1,-1,2,1,2,2,2,2,2,0,0,1,2,2,2,2,2,2,2
36,5890.894,-9526.064,-254.984,3.370,0.997547,-0.058703,0.038123,0.056675,0.997024,0.052253,-0.041077,-0.049964,0.997906,0,0.88000,0.99899,52.800,1.998,-1,850.000,-1,-1,-1,-1,-1,325.000,300.000,950.000,-1,-1,-1,-1,-1,-1,-1,2,1,2,2,2,2,2,0,0,1,2,2,2,2,2,2,2
37,5948.250,-9520.705,-270.571,5.356,0.992348,-0.093335,0.080831,0.092311,0.995597,0.016315,-0.081997,-0.008728,0.996594,0,0.96000,0.99304,57.600,1.986,-1,700.000,-1,-1,-1,925.000,-1,350.000,225.000,-1,-1,-1,-1,-1,-1,-1,-1,2,1,2,2,2,1,2,0,0,2,2,2,2,2,2,2,2
38,6007.774,-9513.057,-288.700,7.328,0.982981,-0.127510,0.132252,0.129625,0.991535,-0.007473,-0.130179,0.024489,0.991188,0,1.00000,0.98613,60.000,1.972,550.000,550.000,-1,-1,-1,700.000,900.000,350.000,125.000,-1,-1,-1,-1,875.000,-1,775.000,-1,1,1,2,2,2,1,1,0,0,2,2,2,2,1,2,1,2
39,6231.321,4919.544,-128.714,80.675,0.169085,-0.985392,-0.020335,0.966749,0.161799,0.198034,-0.191851,-0.053144,0.979984,1,0.00000,0.00000,60.000,1.956,400.000,300.000,475.000,250.000,250.000,275.000,225.000,375.000,525.000,-1,50.000,50.000,-1,400.000,300.000,400.000,225.000,1,0,1,1,1,1,1,0,1,2,1,1,2,1,1,1,1
40,-9510.526,-4268.337,148.374,-84.176,0.103092,0.994225,-0.029826,-0.993410,0.101405,-0.053412,-0.050079,0.035135,0.998127,1,0.08000,-0.12000,4.800,-0.240,-1,400.000,-1,375.000,-1,325.000,325.000,325.000,300.000,-1,-1,-1,-1,700.000,675.000,-1,-1,2,0,2,0,2,0,0,0,0,2,2,2,2,0,0,2,2
41,-9509.601,-4277.893,147.895,-84.466,0.098055,0.994738,-0.029705,-0.993916,0.096383,-0.053302,-0.050158,0.034750,0.998137,0,0.16000,-0.14471,9.600,-0.289,-1,400.000,-1,375.000,-1,325.000,325.000,325.000,300.000,-1,-1,-1,-1,700.000,675.000,-1,-1,2,0,2,0,2,0,0,0,0,2,2,2,2,0,0,2,2
42,-9508.285,-4292.232,147.173,-84.758,0.092961,0.995232,-0.029531,-0.994404,0.091307,-0.053141,-0.050191,0.034305,0.998150,0,0.24000,-0.14620,14.400,-0.292,-1,400.000,-1,375.000,-1,325.000,325.000,325.000,300.000,-1,-1,-1,-1,700.000,675.000,-1,-1,2,0,2,0,2,0,0,0,0,2,2,2,2,0,0,2,2
43,-9506.630,-4311.361,146.205,-85.055,0.087779,0.995709,-0.029306,-0.994875,0.086148,-0.052928,-0.050177,0.033802,0.998168,0,0.32000,-0.14849,19.200,-0.297,-1,400.000,-1,375.000,-1,325.000,325.000,325.000,300.000,-1,-1,-1,-1,700.000,675.000,-1,-1,2,0,2,0,2,0,0,0,0,2,2,2,2,0,0,2,2
44,-9504.688,-4335.282,144.990,-85.358,0.082481,0.996170,-0.029032,-0.995332,0.080877,-0.052664,-0.050114,0.033240,0.998190,0,0.40000,-0.15168,24.000,-0.303,-1,375.000,-1,375.000,-1,325.000,325.000,325.000,300.000,-1,-1,-1,-1,700.000,675.000,-1,-1,2,0,2,0,2,0,0,0,0,2,2,2,2,0,0,2,2
45,-9502.514,-4364.000,143.524,-85.670,0.077031,0.996615,-0.028710,-0.995774,0.075458,-0.052345,-0.050002,0.032621,0.998216,0,0.48000,-0.15583,28.800,-0.312,-1,375.000,-1,375.000,-1,325.000,325.000,325.000,300.000,-1,-1,-1,-1,700.000,675.000,-1,-1,2,0,2,0,2,0,0,0,0,2,2,2,2,0,0,2,2
46,-9500.166,-4397.518,141.806,-85.992,0.071394,0.997045,-0.028344,-0.996202,0.069856,-0.051973,-0.049839,0.031946,0.998246,0,0.56000,-0.16105,33.600,-0.322,-1,375.000,-1,375.000,-1,325.000,300.000,325.000,300.000,-1,-1,-1,-1,675.000,675.000,-1,-1,2,0,2,0,2,0,0,0,0,2,2,2,2,0,0,2,2
47,-9497.706,-4435.839,139.833,-86.327,0.065527,0.997460,-0.027934,-0.996616,0.064028,-0.051544,-0.049624,0.031217,0.998280,0,0.64000,-0.16745,38.400,-0.335,-1,375.000,-1,375.000,-1,300.000,300.000,300.000,300.000,-1,-1,-1,-1,675.000,675.000,-1,-1,2,0,2,0,2,0,0,0,0,2,2,2,2,0,0,2,2
48,-9495.203,-4478.966,137.601,-86.677,0.059386,0.997857,-0.027482,-0.997014,0.057930,-0.051058,-0.049356,0.030432,0.998317,0,0.72000,-0.17516,43.200,-0.350,-1,375.000,-1,375.000,-1,300.000,300.000,300.000,300.000,-1,-1,-1,-1,675.000,650.000,-1,-1,2,0,2,0,2,0,0,0,0,2,2,2,2,0,0,2,2
49,-9492.817,-4525.198,135.197,-87.046,0.052922,0.998233,-0.027007,-0.997393,0.051511,-0.050533,-0.049053,0.029611,0.998357,0,0.77155,-0.18430,46.293,-0.369,-1,375.000,-1,375.000,-1,300.000,300.000,300.000,300.000,-1,-1,-1,-1,675.000,650.000,-1,-1,2,0,2,0,2,0,0,0,0,2,2,2,2,0,0,2,2
50,-9490.749,-4571.370,132.785,-87.435,0.046097,0.998584,-0.026537,-0.997747,0.044729,-0.050004,-0.048747,0.028782,0.998396,0,0.77030,-0.19461,46.218,-0.389,-1,375.000,-1,350.000,-1,300.000,300.000,300.000,300.000,-1,-1,-1,-1,650.000,650.000,-1,-1,2,0,2,0,2,0,0,0,0,2,2,2,2,0,0,2,2
51,-9489.014,-4617.527,130.840,-87.846,0.038847,0.998918,-0.025582,-0.998108,0.037569,-0.048678,-0.047664,0.027425,0.998487,0,0.76983,-0.20542,46.190,-0.411,-1,375.000,-1,350.000,-1,300.000,300.000,300.000,300.000,-1,-1,-1,-1,650.000,650.000,-1,-1,2,0,2,0,2,0,0,0,0,2,2,2,2,0,0,2,2
52,-9487.626,-4663.714,129.335,-88.280,0.031225,0.999182,-0.025697,-0.998476,0.030011,-0.046324,-0.045514,0.027104,0.998596,0,0.77013,-0.21673,46.208,-0.433,-1,375.000,-1,375.000,-1,300.000,300.000,300.000,300.000,-1,725.000,-1,-1,650.000,650.000,-1,-1,2,0,2,0,2,0,0,0,0,2,0,2,2,0,0,2,2
53,-9486.606,-4709.974,127.817,-88.737,0.023189,0.999398,-0.025792,-0.998790,0.022040,-0.043961,-0.043367,0.026781,0.998700,0,0.77120,-0.22852,46.272,-0.457,-1,375.000,-1,375.000,-1,300.000,300.000,325.000,325.000,-1,650.000,700.000,-1,675.000,675.000,-1,-1,2,0,2,0,2,0,0,0,0,2,0,0,2,0,0,2,2
54,-9485.973,-4756.351,126.283,-89.218,0.014723,0.999557,-0.025868,-0.999042,0.013639,-0.041590,-0.041219,0.026456,0.998800,0,0.77302,-0.24080,46.381,-0.482,-1,375.000,-1,375.000,-1,300.000,300.000,325.000,325.000,-1,575.000,625.000,-1,675.000,675.000,-1,-1,2,0,2,0,2,0,0,0,0,2,0,0,2,0,0,2,2
55,-9485.750,-4802.885,124.731,-89.725,0.005812,0.999647,-0.025922,-0.999220,0.004792,-0.039208,-0.039070,0.026130,0.998895,0,0.77559,-0.25355,46.535,-0.507,-1,375.000,-1,375.000,-1,300.000,300.000,325.000,325.000,-1,550.000,550.000,-1,675.000,675.000,-1,-1,2,0,2,0,2,0,0,0,0,2,0,0,2,0,0,2,2
56,-9485.961,-4849.618,123.160,-90.259,-0.003562,0.999657,-0.025953,-0.999312,-0.004516,-0.036814,-0.036919,0.025804,0.998985,0,0.77890,-0.26677,46.734,-0.534,-1,375.000,-1,375.000,-1,300.000,300.000,325.000,325.000,-1,500.000,500.000,-1,675.000,700.000,-1,-1,2,0,2,0,2,0,0,0,0,2,0,0,2,0,0,2,2
57,-9486.633,-4896.591,121.566,-90.820,-0.013413,0.999573,-0.025960,-0.999306,-0.014303,-0.034407,-0.034764,0.025480,0.999071,0,0.78295,-0.28047,46.977,-0.561,-1,375.000,-1,375.000,-1,300.000,300.000,325.000,325.000,-1,475.000,475.000,-1,675.000,700.000,-1,-1,2,0,2,0,2,0,0,0,0,2,0,0,2,0,0,2,2
58,-9487.796,-4943.841,119.948,-91.409,-0.023757,0.999381,-0.025940,-0.999186,-0.024583,-0.031986,-0.032604,0.025159,0.999152,0,0.78774,-0.29464,47.265,-0.589,-1,375.000,-1,375.000,-1,300.000,300.000,325.000,325.000,-1,475.000,450.000,-1,700.000,700.000,-1,-1,2,0,2,0,2,0,0,0,0,2,0,0,2,0,0,2,2
59,-9489.479,-4991.407,118.304,-92.028,-0.034610,0.999065,-0.025891,-0.998937,-0.035371,-0.029548,-0.030437,0.024841,0.999228,0,0.79326,-0.30929,47.596,-0.619,-1,375.000,-1,375.000,-1,300.000,300.000,325.000,325.000,-1,450.000,425.000,-1,700.000,725.000,-1,-1,2,0,2,0,2,0,0,0,0,2,0,0,2,0,0,2,2
60,-9491.720,-5039.325,116.630,-92.677,-0.045986,0.998609,-0.025813,-0.998542,-0.046683,-0.027095,-0.028262,0.024529,0.999300,0,0.79951,-0.32443,47.971,-0.649,-1,375.000,-1,375.000,-1,300.000,300.000,325.000,325.000,-1,400.000,375.000,-1,700.000,725.000,-1,-1,2,0,2,0,2,0,0,0,0,2,0,0,2,0,0,2,2
61,-9494.553,-5087.631,114.926,-93.357,-0.057900,0.997992,-0.025702,-0.997982,-0.058533,-0.024623,-0.026078,0.024225,0.999366,0,0.80648,-0.34005,48.389,-0.680,-1,375.000,-1,375.000,-1,300.000,300.000,325.000,325.000,-1,375.000,350.000,-1,700.000,725.000,-1,-1,2,0,2,0,2,0,0,0,0,2,0,0,2,0,0,2,2
62,-9498.463,-5140.676,113.028,-94.216,-0.072934,0.997010,-0.025534,-0.997055,-0.073499,-0.021913,-0.023724,0.023861,0.999434,0,0.88648,-0.42978,53.189,-0.860,-1,375.000,-1,375.000,-1,300.000,300.000,300.000,325.000,-1,350.000,325.000,-1,700.000,750.000,-1,-1,2,0,2,0,2,0,0,0,0,2,0,0,2,0,0,2,2
63,-9503.450,-5196.424,111.008,-95.112,-0.088585,0.995747,-0.025316,-0.995842,-0.089078,-0.019070,-0.021244,0.023521,0.999498,0,0.93284,-0.44791,55.971,-0.896,-1,375.000,-1,400.000,-1,300.000,300.000,300.000,325.000,-1,325.000,300.000,-1,725.000,750.000,-1,-1,2,0,2,0,2,0,0,0,0,2,0,0,2,0,0,2,2
64,-9509.662,-5254.038,109.322,-96.154,-0.106699,0.993928,-0.026887,-0.994095,-0.107176,-0.016971,-0.019749,0.024918,0.999494,0,0.96581,-0.52125,57.949,-1.042,-1,375.000,-1,400.000,-1,300.000,325.000,300.000,300.000,-1,325.000,300.000,-1,725.000,775.000,-1,-1,2,0,2,0,2,0,0,0,0,2,0,0,2,0,0,2,2
65,-9517.005,-5311.940,108.226,-97.228,-0.125295,0.991727,-0.027900,-0.991929,-0.125773,-0.016092,-0.019468,0.025658,0.999481,0,0.97276,-0.53666,58.365,-1.073,-1,375.000,-1,400.000,-1,300.000,325.000,325.000,300.000,-1,375.000,350.000,-1,750.000,775.000,-1,-1,2,0,2,0,2,0,0,0,0,2,0,0,2,0,0,2,2
66,-9525.528,-5370.130,107.220,-98.333,-0.144394,0.989110,-0.028505,-0.989332,-0.144869,-0.015345,-0.019308,0.025986,0.999476,0,0.98017,-0.55236,58.810,-1.105,-1,375.000,-1,400.000,-1,300.000,325.000,325.000,300.000,-1,450.000,400.000,-1,750.000,800.000,-1,-1,2,0,2,0,2,0,0,0,0,2,0,0,2,0,0,2,2
67,-9535.269,-5428.553,106.175,-99.466,-0.163936,0.986039,-0.029178,-0.986285,-0.164408,-0.014571,-0.019165,0.026389,0.999468,0,0.98715,-0.56683,59.229,-1.134,-1,375.000,-1,400.000,-1,300.000,325.000,325.000,300.000,-1,500.000,450.000,-1,750.000,800.000,-1,-1,2,0,2,0,2,0,0,0,0,2,0,0,2,0,0,2,2
68,-9546.171,-5486.781,105.095,-100.605,-0.183495,0.982565,-0.029919,-0.982836,-0.183965,-0.013769,-0.019033,0.026879,0.999457,0,0.98734,-0.56924,59.240,-1.138,-1,375.000,-1,400.000,-1,300.000,325.000,325.000,300.000,-1,550.000,500.000,-1,775.000,825.000,-1,-1,2,0,2,0,2,0,0,0,0,2,0,0,2,0,0,2,2
69,-9558.234,-5544.788,103.982,-101.748,-0.203059,0.978684,-0.030737,-0.978984,-0.203527,-0.012934,-0.018914,0.027464,0.999444,0,0.98746,-0.57157,59.248,-1.143,-1,375.000,-1,400.000,-1,300.000,325.000,325.000,300.000,-1,600.000,550.000,-1,775.000,825.000,-1,-1,2,0,2,0,2,0,0,0,0,2,0,0,2,0,0,2,2
70,-9571.457,-5602.545,102.835,-102.895,-0.222616,0.974393,-0.031637,-0.974725,-0.223084,-0.012057,-0.018806,0.028153,0.999427,0,0.98752,-0.57381,59.251,-1.148,-1,375.000,-1,400.000,-1,325.000,325.000,325.000,300.000,-1,675.000,600.000,-1,800.000,825.000,-1,-1,2,0,2,0,2,0,0,0,0,2,0,0,2,0,0,2,2
71,-9585.838,-5660.024,101.653,-104.047,-0.242155,0.969689,-0.032627,-0.970057,-0.242622,-0.011132,-0.018710,0.028954,0.999406,0,0.98752,-0.57596,59.251,-1.152,-1,400.000,-1,400.000,-1,325.000,325.000,325.000,300.000,-1,725.000,650.000,-1,800.000,850.000,-1,-1,2,0,2,0,2,0,0,0,0,2,0,0,2,0,0,2,2
72,-9601.375,-5717.199,100.436,-105.203,-0.261663,0.964570,-0.033712,-0.964980,-0.262128,-0.010148,-0.018625,0.029876,0.999380,0,0.98747,-0.57801,59.248,-1.156,-1,400.000,-1,400.000,-1,325.000,325.000,325.000,300.000,-1,775.000,700.000,-1,825.000,850.000,-1,-1,2,0,2,0,2,0,0,0,0,2,0,0,2,0,0,2,2
73,-9618.065,-5774.040,99.185,-106.363,-0.281127,0.959036,-0.034897,-0.959491,-0.281592,-0.009098,-0.018552,0.030926,0.999349,0,0.98735,-0.57996,59.241,-1.160,-1,400.000,-1,425.000,-1,325.000,325.000,325.000,300.000,-1,825.000,750.000,-1,850.000,875.000,-1,-1,2,0,2,0,2,0,0,0,0,2,0,0,2,0,0,2,2
74,-9635.902,-5830.522,97.960,-107.527,-0.300524,0.953076,-0.036477,-0.953591,-0.300996,-0.008084,-0.018684,0.032355,0.999302,0,0.98718,-0.58181,59.231,-1.164,-1,400.000,-1,425.000,-1,325.000,325.000,325.000,300.000,-1,875.000,800.000,-1,875.000,900.000,-1,-1,2,0,2,0,2,0,0,0,0,2,0,0,2,0,0,2,2
75,-9654.882,-5886.615,96.431,-108.694,-0.319823,0.946733,-0.037533,-0.947264,-0.320341,-0.008544,-0.020112,0.032821,0.999259,0,0.98696,-0.58356,59.217,-1.167,-1,425.000,-1,425.000,-1,325.000,325.000,325.000,300.000,-1,975.000,875.000,-1,900.000,900.000,-1,-1,2,0,2,0,2,0,0,0,0,2,0,0,2,0,0,2,2
76,-9674.999,-5942.293,94.620,-109.864,-0.339028,0.940005,-0.038086,-0.940510,-0.339617,-0.010031,-0.022364,0.032419,0.999224,0,0.98668,-0.58521,59.201,-1.170,-1,425.000,-1,425.000,-1,325.000,325.000,325.000,300.000,-1,-1,1000.000,-1,900.000,900.000,-1,-1,2,0,2,0,2,0,0,0,0,2,2,0,2,0,0,2,2
77,-9696.244,-5997.529,92.766,-111.038,-0.358133,0.932877,-0.038501,-0.933334,-0.358807,-0.012073,-0.025077,0.031610,0.999186,0,0.98635,-0.58675,59.181,-1.174,-1,400.000,-1,425.000,-1,325.000,325.000,325.000,300.000,-1,-1,-1,-1,875.000,875.000,-1,-1,2,0,2,0,2,0,0,0,0,2,2,2,2,0,0,2,2
78,-9718.611,-6052.297,90.819,-112.214,-0.377110,0.925327,-0.039476,-0.925740,-0.377889,-0.014312,-0.028161,0.031148,0.999118,0,0.98598,-0.58819,59.159,-1.176,-1,400.000,-1,400.000,-1,325.000,325.000,325.000,300.000,-1,-1,-1,-1,875.000,875.000,-1,-1,2,0,2,0,2,0,0,0,0,2,2,2,2,0,0,2,2
79,-9742.090,-6106.570,88.796,-113.393,-0.395954,0.917360,-0.040877,-0.917735,-0.396851,-0.016508,-0.031366,0.030978,0.999028,0,0.98556,-0.58951,59.133,-1.179,-1,400.000,-1,400.000,-1,325.000,325.000,325.000,300.000,-1,-1,-1,-1,850.000,850.000,-1,-1,2,0,2,0,2,0,0,0,0,2,2,2,2,0,0,2,2
80,-9766.671,-6160.322,86.756,-114.575,-0.414663,0.908985,-0.042436,-0.909320,-0.415683,-0.018566,-0.034516,0.030889,0.998927,0,0.98509,-0.59073,59.106,-1.181,-1,400.000,-1,400.000,-1,325.000,325.000,325.000,300.000,-1,-1,-1,-1,850.000,850.000,-1,-1,2,0,2,0,2,0,0,0,0,2,2,2,2,0,0,2,2
81,-9792.344,-6213.527,84.700,-115.758,-0.433224,0.900204,-0.044151,-0.900501,-0.434371,-0.020473,-0.037608,0.030888,0.998815,0,0.98459,-0.59184,59.076,-1.184,-1,400.000,-1,400.000,-1,325.000,325.000,325.000,300.000,-1,-1,-1,-1,825.000,825.000,-1,-1,2,0,2,0,2,0,0,0,0,2,2,2,2,0,0,2,2
82,-9819.099,-6266.162,82.536,-116.944,-0.451599,0.891011,-0.046448,-0.891283,-0.452899,-0.022306,-0.040912,0.031325,0.998672,0,0.98406,-0.59283,59.043,-1.186,-1,400.000,-1,400.000,-1,325.000,325.000,325.000,300.000,-1,-1,-1,-1,825.000,825.000,-1,-1,2,0,2,0,2,0,0,0,0,2,2,2,2,0,0,2,2
83,-9846.922,-6318.201,80.284,-118.132,-0.469775,0.881412,-0.049241,-0.881671,-0.471254,-0.024010,-0.044367,0.032135,0.998498,0,0.98349,-0.59371,59.009,-1.187,-1,400.000,-1,400.000,-1,325.000,325.000,325.000,300.000,-1,-1,-1,-1,800.000,800.000,-1,-1,2,0,2,0,2,0,0,0,0,2,2,2,2,0,0,2,2
84,-9875.801,-6369.620,78.010,-119.320,-0.487756,0.871417,-0.052216,-0.871672,-0.489426,-0.025500,-0.047777,0.033078,0.998310,0,0.98289,-0.59447,58.974,-1.189,-1,400.000,-1,400.000,-1,325.000,325.000,325.000,300.000,-1,-1,-1,-1,800.000,775.000,-1,-1,2,0,2,0,2,0,0,0,0,2,2,2,2,0,0,2,2
85,-9905.724,-6420.396,75.375,-120.511,-0.505649,0.861071,-0.053627,-0.861287,-0.507427,-0.026518,-0.050046,0.032780,0.998209,0,0.98228,-0.59512,58.937,-1.190,-1,400.000,-1,400.000,-1,325.000,325.000,325.000,300.000,-1,-1,-1,-1,775.000,775.000,-1,-1,2,0,2,0,2,0,0,0,0,2,2,2,2,0,0,2,2
86,-9936.675,-6470.506,72.403,-121.702,-0.523442,0.850375,-0.053586,-0.850517,-0.525244,-0.027204,-0.051280,0.031336,0.998193,0,0.98164,-0.59565,58.898,-1.191,-1,400.000,-1,400.000,-1,325.000,325.000,325.000,300.000,-1,-1,-1,-1,775.000,775.000,-1,-1,2,0,2,0,2,0,0,0,0,2,2,2,2,0,0,2,2
87,-9968.642,-6519.928,69.254,-122.894,-0.541021,0.839312,-0.053398,-0.839342,-0.542855,-0.028519,-0.052924,0.029389,0.998166,0,0.98099,-0.59607,58.859,-1.192,-1,400.000,-1,400.000,-1,325.000,325.000,300.000,300.000,-1,-1,-1,-1,750.000,750.000,-1,-1,2,0,2,0,2,0,0,0,0,2,2,2,2,0,0,2,2
88,-10001.608,-6568.642,66.108,-124.087,-0.558372,0.827871,-0.053394,-0.827804,-0.560236,-0.029600,-0.054418,0.027672,0.998135,0,0.98032,-0.59637,58.819,-1.193,-1,375.000,-1,400.000,-1,325.000,325.000,325.000,325.000,-1,-1,-1,-1,750.000,750.000,-1,-1,2,0,2,0,2,0,0,0,0,2,2,2,2,0,0,2,2
89,-10035.557,-6616.625,62.967,-125.280,-0.575482,0.816059,-0.053563,-0.815912,-0.577375,-0.030431,-0.055759,0.026191,0.998101,0,0.97965,-0.59656,58.779,-1.193,-1,375.000,-1,400.000,-1,325.000,325.000,325.000,325.000,-1,-1,-1,-1,750.000,750.000,-1,-1,2,0,2,0,2,0,0,0,0,2,2,2,2,0,0,2,2
90,-10067.463,-6660.166,60.014,-126.233,-0.588964,0.806357,-0.053932,-0.806176,-0.590882,-0.030651,-0.056583,0.025427,0.998074,0,0.89965,-0.47656,53.979,-0.953,-1,375.000,-1,400.000,-1,325.000,325.000,325.000,325.000,-1,-1,-1,-1,725.000,725.000,-1,-1,2,0,2,0,2,0,0,0,0,2,2,2,2,0,0,2,2
91,-10098.419,-6701.225,57.176,-127.014,-0.599882,0.798237,-0.054406,-0.798048,-0.601820,-0.030524,-0.057108,0.025108,0.998052,0,0.85702,-0.39041,51.421,-0.781,-1,375.000,-1,400.000,-1,325.000,325.000,325.000,325.000,-1,-1,-1,-1,725.000,725.000,-1,-1,2,0,2,0,2,0,0,0,0,2,2,2,2,0,0,2,2
92,-10129.902,-6741.819,54.365,-127.794,-0.610680,0.789970,-0.054940,-0.789782,-0.612640,-0.030277,-0.057576,0.024901,0.998031,0,0.85619,-0.39021,51.371,-0.780,-1,375.000,-1,400.000,-1,325.000,325.000,325.000,325.000,-1,-1,-1,-1,725.000,725.000,-1,-1,2,0,2,0,2,0,0,0,0,2,2,2,2,0,0,2,2
93,-10161.902,-6781.943,51.583,-128.574,-0.621353,0.781561,-0.055530,-0.781382,-0.623336,-0.029909,-0.057989,0.024806,0.998009,0,0.85537,-0.38989,51.322,-0.780,-1,375.000,-1,375.000,-1,325.000,325.000,325.000,325.000,-1,-1,-1,-1,725.000,700.000,-1,-1,2,0,2,0,2,0,0,0,0,2,2,2,2,0,0,2,2
94,-10194.415,-6821.591,48.697,-129.353,-0.631915,0.773023,-0.055850,-0.772838,-0.633909,-0.029677,-0.058345,0.024410,0.997998,0,0.85457,-0.38944,51.274,-0.779,-1,375.000,-1,375.000,-1,300.000,325.000,325.000,325.000,-1,-1,-1,-1,725.000,700.000,-1,-1,2,0,2,0,2,0,0,0,0,2,2,2,2,0,0,2,2
95,-10227.434,-6860.758,45.732,-130.131,-0.642352,0.764354,-0.056104,-0.764170,-0.644348,-0.029308,-0.058552,0.024047,0.997995,0,0.85379,-0.38887,51.228,-0.778,-1,375.000,-1,375.000,-1,300.000,300.000,325.000,325.000,-1,-1,-1,-1,700.000,700.000,-1,-1,2,0,2,0,2,0,0,0,0,2,2,2,2,0,0,2,2
96,-10260.950,-6899.441,42.816,-130.907,-0.652656,0.755558,-0.056320,-0.755383,-0.654650,-0.028787,-0.058620,0.023755,0.997998,0,0.85305,-0.38817,51.183,-0.776,-1,375.000,-1,375.000,-1,300.000,300.000,325.000,325.000,-1,-1,-1,-1,700.000,700.000,-1,-1,2,0,2,0,2,0,0,0,0,2,2,2,2,0,0,2,2
97,-10294.958,-6937.635,39.948,-131.682,-0.662823,0.746642,-0.056493,-0.746483,-0.664810,-0.028115,-0.058549,0.023536,0.998007,0,0.85234,-0.38735,51.140,-0.775,-1,375.000,-1,375.000,-1,300.000,300.000,325.000,325.000,-1,-1,-1,-1,700.000,675.000,-1,-1,2,0,2,0,2,0,0,0,0,2,2,2,2,0,0,2,2
98,-10329.451,-6975.337,37.020,-132.455,-0.672888,0.737617,-0.056064,-0.737468,-0.674829,-0.027333,-0.057995,0.022954,0.998053,0,0.85167,-0.38642,51.100,-0.773,-1,375.000,-1,375.000,-1,300.000,300.000,325.000,325.000,-1,-1,-1,-1,700.000,675.000,-1,-1,2,0,2,0,2,0,0,0,0,2,2,2,2,0,0,2,2
99,-10364.422,-7012.544,34.128,-133.225,-0.682812,0.728482,-0.055516,-0.728347,-0.684699,-0.026426,-0.057262,0.022391,0.998108,0,0.85104,-0.38536,51.063,-0.771,-1,375.000,-1,375.000,-1,300.000,300.000,325.000,325.000,-1,-1,-1,-1,700.000,675.000,-1,-1,2,0,2,0,2,0,0,0,0,2,2,2,2,0,0,2,2
100,-10399.865,-7049.254,31.303,-133.994,-0.692580,0.719242,-0.054998,-0.719129,-0.694413,-0.025384,-0.056449,0.021970,0.998164,0,0.85047,-0.38418,51.028,-0.768,-1,375.000,-1,375.000,-1,300.000,300.000,325.000,325.000,-1,-1,-1,-1,700.000,675.000,-1,-1,2,0,2,0,2,0,0,0,0,2,2,2,2,0,0,2,2
101,-10435.773,-7085.465,28.589,-134.760,-0.702203,0.709903,-0.054290,-0.709816,-0.703970,-0.024232,-0.055421,0.021520,0.998231,0,0.84994,-0.38289,50.996,-0.766,-1,375.000,-1,375.000,-1,300.000,300.000,325.000,325.000,-1,-1,-1,-1,675.000,675.000,-1,-1,2,0,2,0,2,0,0,0,0,2,2,2,2,0,0,2,2
102,-10472.141,-7121.175,25.999,-135.523,-0.711682,0.700474,-0.053337,-0.700412,-0.713369,-0.022982,-0.054148,0.021002,0.998312,0,0.84947,-0.38149,50.968,-0.763,-1,375.000,-1,375.000,-1,300.000,300.000,325.000,325.000,-1,-1,-1,-1,675.000,675.000,-1,-1,2,0,2,0,2,0,0,0,0,2,2,2,2,0,0,2,2
103,-10508.960,-7156.382,23.436,-136.282,-0.720991,0.690958,-0.052426,-0.690920,-0.722603,-0.021766,-0.052923,0.020529,0.998388,0,0.84906,-0.37997,50.944,-0.760,-1,375.000,-1,375.000,-1,300.000,300.000,325.000,325.000,-1,-1,-1,-1,675.000,675.000,-1,-1,2,0,2,0,2,0,0,0,0,2,2,2,2,0,0,2,2
104,-10546.226,-7191.086,20.931,-137.039,-0.730130,0.681359,-0.051569,-0.681353,-0.731670,-0.020423,-0.051647,0.020225,0.998461,0,0.84871,-0.37834,50.923,-0.757,-1,375.000,-1,375.000,-1,300.000,300.000,325.000,325.000,-1,-1,-1,-1,675.000,675.000,-1,-1,2,0,2,0,2,0,0,0,0,2,2,2,2,0,0,2,2
105,-10583.933,-7225.285,18.487,-137.792,-0.739097,0.671684,-0.050763,-0.671718,-0.740565,-0.018942,-0.050316,0.020099,0.998531,0,0.84843,-0.37660,50.906,-0.753,-1,375.000,-1,375.000,-1,300.000,300.000,325.000,325.000,-1,-1,-1,-1,675.000,675.000,-1,-1,2,0,2,0,2,0,0,0,0,2,2,2,2,0,0,2,2
106,-10622.074,-7258.980,15.929,-138.542,-0.747939,0.661948,-0.049122,-0.662003,-0.749298,-0.017477,-0.048376,0.019447,0.998640,0,0.84822,-0.37475,50.893,-0.750,-1,375.000,-1,375.000,-1,300.000,300.000,325.000,325.000,-1,975.000,800.000,-1,675.000,675.000,-1,-1,2,0,2,0,2,0,0,0,0,2,0,0,2,0,0,2,2
107,-10660.644,-7292.170,13.445,-139.287,-0.756602,0.652148,-0.047502,-0.652226,-0.757856,-0.015988,-0.046426,0.018885,0.998743,0,0.84807,-0.37280,50.884,-0.746,-1,375.000,-1,375.000,-1,300.000,300.000,325.000,325.000,-1,750.000,600.000,-1,675.000,675.000,-1,-1,2,0,2,0,2,0,0,0,0,2,0,0,2,0,0,2,2
108,-10699.636,-7324.855,11.079,-140.029,-0.765082,0.642293,-0.045932,-0.642387,-0.766240,-0.014638,-0.044597,0.018307,0.998837,0,0.84800,-0.37074,50.880,-0.741,-1,375.000,-1,375.000,-1,300.000,300.000,325.000,325.000,-1,600.000,425.000,-1,675.000,675.000,-1,-1,2,0,2,0,2,0,0,0,0,2,0,0,2,0,0,2,2
109,-10739.046,-7357.035,8.794,-140.766,-0.773378,0.632387,-0.044421,-0.632500,-0.774447,-0.013263,-0.042789,0.017839,0.998925,0,0.84800,-0.36858,50.880,-0.737,-1,375.000,-1,375.000,-1,300.000,300.000,325.000,325.000,-1,475.000,425.000,-1,675.000,675.000,-1,-1,2,0,2,0,2,0,0,0,0,2,0,0,2,0,0,2,2
110,-10778.868,-7388.712,6.614,-141.499,-0.781491,0.622436,-0.042967,-0.622573,-0.782474,-0.011744,-0.040930,0.017572,0.999007,0,0.84807,-0.36632,50.884,-0.733,-1,375.000,-1,375.000,-1,300.000,300.000,325.000,325.000,-1,425.000,400.000,-1,675.000,675.000,-1,-1,2,0,2,0,2,0,0,0,0,2,0,0,2,0,0,2,2
111,-10819.096,-7419.887,4.509,-142.227,-0.789418,0.612447,-0.041567,-0.612608,-0.790320,-0.010227,-0.039114,0.017391,0.999083,0,0.84822,-0.36396,50.893,-0.728,-1,375.000,-1,375.000,-1,300.000,300.000,325.000,325.000,-1,425.000,400.000,-1,700.000,675.000,-1,-1,2,0,2,0,2,0,0,0,0,2,0,0,2,0,0,2,2
112,-10859.725,-7450.559,2.477,-142.950,-0.797160,0.602426,-0.040220,-0.602611,-0.797987,-0.008719,-0.037348,0.017287,0.999153,0,0.84845,-0.36150,50.907,-0.723,-1,375.000,-1,375.000,-1,300.000,300.000,325.000,325.000,-1,425.000,400.000,-1,700.000,675.000,-1,-1,2,0,2,0,2,0,0,0,0,2,0,0,2,0,0,2,2
113,-10901.537,-7481.034,0.486,-143.913,-0.807246,0.588932,-0.038906,-0.589136,-0.808002,-0.007201,-0.035677,0.017108,0.999217,0,0.86233,-0.48150,51.740,-0.963,-1,375.000,-1,375.000,-1,300.000,300.000,325.000,325.000,-1,425.000,400.000,-1,700.000,675.000,-1,-1,2,0,2,0,2,0,0,0,0,2,0,0,2,0,0,2,2
114,-10944.003,-7510.642,-1.441,-145.116,-0.819502,0.571840,-0.037621,-0.572060,-0.820192,-0.005699,-0.034116,0.016851,0.999276,0,0.86282,-0.60150,51.769,-1.203,-1,375.000,-1,375.000,-1,300.000,300.000,325.000,325.000,-1,425.000,400.000,-1,700.000,675.000,-1,-1,2,0,2,0,2,0,0,0,0,2,0,0,2,0,0,2,2
115,-10988.326,-7539.913,-3.285,-146.559,-0.833710,0.551011,-0.036254,-0.551226,-0.834343,-0.004671,-0.032822,0.016089,0.999332,0,0.88526,-0.72150,53.116,-1.443,-1,375.000,-1,375.000,-1,300.000,300.000,325.000,325.000,-1,450.000,425.000,-1,700.000,675.000,-1,-1,2,0,2,0,2,0,0,0,0,2,0,0,2,0,0,2,2
116,-11033.408,-7568.063,-5.065,-148.019,-0.847545,0.529569,-0.034994,-0.529783,-0.848126,-0.003626,-0.031599,0.015466,0.999381,0,0.88582,-0.73034,53.149,-1.461,-1,375.000,-1,375.000,-1,300.000,300.000,325.000,325.000,-1,475.000,425.000,-1,675.000,675.000,-1,-1,2,0,2,0,2,0,0,0,0,2,0,0,2,0,0,2,2
117,-11079.193,-7595.064,-6.763,-149.470,-0.860736,0.507932,-0.033740,-0.508144,-0.861268,-0.002580,-0.030369,0.014924,0.999427,0,0.88589,-0.72536,53.153,-1.451,-1,375.000,-1,375.000,-1,300.000,300.000,325.000,325.000,-1,475.000,450.000,-1,675.000,675.000,-1,-1,2,0,2,0,2,0,0,0,0,2,0,0,2,0,0,2,2
118,-11125.621,-7620.894,-8.209,-150.911,-0.873314,0.486122,-0.031741,-0.486315,-0.873782,-0.001848,-0.028632,0.013822,0.999494,0,0.88550,-0.72043,53.130,-1.441,-1,375.000,-1,375.000,-1,300.000,300.000,325.000,325.000,-1,500.000,450.000,-1,675.000,675.000,-1,-1,2,0,2,0,2,0,0,0,0,2,0,0,2,0,0,2,2
119,-11172.636,-7645.533,-9.598,-152.342,-0.885252,0.464153,-0.029866,-0.464330,-0.885662,-0.001117,-0.026969,0.012878,0.999553,0,0.88468,-0.71559,53.081,-1.431,-1,375.000,-1,375.000,-1,300.000,300.000,325.000,325.000,-1,500.000,450.000,-1,675.000,700.000,-1,-1,2,0,2,0,2,0,0,0,0,2,0,0,2,0,0,2,2
120,-11220.885,-7669.285,-10.953,-153.790,-0.896757,0.441632,-0.028087,-0.441797,-0.897115,-0.000376,-0.025364,0.012072,0.999605,0,0.89630,-0.72389,53.778,-1.448,-1,375.000,-1,375.000,-1,300.000,300.000,325.000,325.000,-1,500.000,475.000,-1,675.000,700.000,-1,-1,2,0,2,0,2,0,0,0,0,2,0,0,2,0,0,2,2
121,-11269.749,-7691.837,-12.233,-155.226,-0.907591,0.419016,-0.026534,-0.419174,-0.907906,0.000425,-0.023912,0.011508,0.999648,0,0.89696,-0.71793,53.817,-1.436,-1,375.000,-1,375.000,-1,300.000,300.000,325.000,325.000,-1,525.000,475.000,-1,675.000,700.000,-1,-1,2,0,2,0,2,0,0,0,0,2,0,0,2,0,0,2,2
122,-11319.163,-7713.170,-13.383,-156.649,-0.917768,0.396331,-0.024957,-0.396492,-0.918037,0.001666,-0.022251,0.011425,0.999687,0,0.89703,-0.71182,53.822,-1.424,-1,375.000,-1,375.000,-1,300.000,300.000,325.000,325.000,-1,525.000,475.000,-1,675.000,700.000,-1,-1,2,0,2,0,2,0,0,0,0,2,0,0,2,0,0,2,2
123,-11369.060,-7733.268,-14.426,-158.061,-0.927297,0.373600,-0.023324,-0.373770,-0.927516,0.003246,-0.020421,0.011727,0.999723,0,0.89655,-0.70561,53.793,-1.411,-1,375.000,-1,375.000,-1,300.000,300.000,325.000,325.000,-1,525.000,475.000,-1,675.000,700.000,-1,-1,2,0,2,0,2,0,0,0,0,2,0,0,2,0,0,2,2
124,-11419.374,-7752.121,-15.437,-159.459,-0.936181,0.350846,-0.021729,-0.351022,-0.936355,0.004781,-0.018669,0.012104,0.999752,0,0.89551,-0.69938,53.730,-1.399,-1,375.000,-1,375.000,-1,300.000,300.000,325.000,325.000,-1,525.000,475.000,-1,675.000,700.000,-1,-1,2,0,2,0,2,0,0,0,0,2,0,0,2,0,0,2,2
125,-11470.041,-7769.719,-16.420,-160.846,-0.944432,0.328088,-0.020174,-0.328267,-0.944564,0.006275,-0.016997,0.012549,0.999777,0,0.89394,-0.69317,53.637,-1.386,-1,375.000,-1,375.000,-1,300.000,325.000,325.000,325.000,-1,550.000,475.000,-1,675.000,700.000,-1,-1,2,0,2,0,2,0,0,0,0,2,0,0,2,0,0,2,2
126,-11520.999,-7786.060,-17.377,-162.221,-0.952067,0.305320,-0.018658,-0.305502,-0.952160,0.007727,-0.015407,0.013056,0.999796,0,0.89190,-0.68765,53.514,-1.375,-1,375.000,-1,375.000,-1,300.000,325.000,325.000,325.000,-1,550.000,475.000,-1,675.000,700.000,-1,-1,2,0,2,0,2,0,0,0,0,2,0,0,2,0,0,2,2
127,-11572.191,-7801.135,-18.310,-163.591,-0.959124,0.282463,-0.017182,-0.282644,-0.959181,0.009137,-0.013900,0.013620,0.999811,0,0.88942,-0.68509,53.365,-1.370,-1,375.000,-1,375.000,-1,300.000,325.000,325.000,300.000,-1,550.000,475.000,-1,675.000,725.000,-1,-1,2,0,2,0,2,0,0,0,0,2,0,0,2,0,0,2,2
128,-11623.561,-7814.941,-19.222,-164.957,-0.965611,0.259515,-0.015744,-0.259693,-0.965634,0.010506,-0.012476,0.014233,0.999821,0,0.88656,-0.68298,53.194,-1.366,-1,375.000,-1,375.000,-1,300.000,325.000,325.000,300.000,-1,550.000,475.000,-1,675.000,725.000,-1,-1,2,0,2,0,2,0,0,0,0,2,0,0,2,0,0,2,2
129,-11670.535,-7826.581,-20.038,-166.083,-0.970544,0.240488,-0.014463,-0.240661,-0.970538,0.011730,-0.011216,0.014866,0.999827,0,0.80656,-0.56298,48.394,-1.126,-1,375.000,-1,375.000,-1,300.000,325.000,325.000,300.000,-1,575.000,475.000,-1,675.000,725.000,-1,-1,2,0,2,0,2,0,0,0,0,2,0,0,2,0,0,2,2
130,-11716.333,-7837.180,-20.818,-166.969,-0.974165,0.225450,-0.013243,-0.225618,-0.974130,0.012918,-0.009988,0.015572,0.999829,0,0.78349,-0.44298,47.009,-0.886,-1,375.000,-1,375.000,-1,300.000,325.000,325.000,300.000,-1,550.000,450.000,-1,675.000,725.000,-1,-1,2,0,2,0,2,0,0,0,0,2,0,0,2,0,0,2,2
131,-11762.085,-7847.227,-21.466,-167.615,-0.976657,0.214452,-0.012288,-0.214612,-0.976604,0.013626,-0.009079,0.015945,0.999832,0,0.78070,-0.32298,46.842,-0.646,-1,375.000,-1,375.000,-1,300.000,300.000,325.000,300.000,-1,575.000,475.000,-1,675.000,725.000,-1,-1,2,0,2,0,2,0,0,0,0,2,0,0,2,0,0,2,2
132,-11807.755,-7856.917,-21.889,-168.021,-0.978165,0.207528,-0.011154,-0.207670,-0.978104,0.013604,-0.008087,0.015624,0.999845,0,0.77812,-0.20298,46.687,-0.406,-1,375.000,-1,375.000,-1,300.000,300.000,325.000,300.000,-1,575.000,475.000,-1,675.000,725.000,-1,-1,2,0,2,0,2,0,0,0,0,2,0,0,2,0,0,2,2
133,-11854.825,-7866.762,-22.270,-168.187,-0.978774,0.204695,-0.010062,-0.204820,-0.978705,0.013628,-0.007058,0.015400,0.999856,0,0.80146,-0.08298,48.088,-0.166,-1,375.000,-1,375.000,-1,300.000,300.000,325.000,300.000,-1,575.000,500.000,-1,675.000,725.000,-1,-1,2,0,2,0,2,0,0,0,0,2,0,0,2,0,0,2,2
134,-11901.825,-7876.655,-22.409,-168.113,-0.978518,0.205957,-0.009166,-0.206074,-0.978429,0.014500,-0.005982,0.016077,0.999853,0,0.80050,0.03702,48.030,0.074,-1,375.000,-1,375.000,-1,300.000,300.000,325.000,300.000,-1,600.000,525.000,-1,675.000,750.000,-1,-1,2,0,2,0,2,0,0,0,0,2,0,0,2,0,0,2,2
135,-11948.716,-7886.795,-22.461,-167.799,-0.977385,0.211314,-0.008106,-0.211419,-0.977270,0.015640,-0.004617,0.017000,0.999845,0,0.79958,0.15702,47.975,0.314,-1,375.000,-1,375.000,-1,300.000,300.000,325.000,300.000,-1,600.000,525.000,-1,675.000,750.000,-1,-1,2,0,2,0,2,0,0,0,0,2,0,0,2,0,0,2,2
