timestep,x_cm,y_cm,z_cm,yaw_deg,basis_xx,basis_xy,basis_xz,basis_yx,basis_yy,basis_yz,basis_zx,basis_zy,basis_zz,teleport_flag,throttle_cmd,steering_cmd,cmd_move_cm,cmd_turn_deg,lidar_cm_0,lidar_cm_1,lidar_cm_2,lidar_cm_3,lidar_cm_4,lidar_cm_5,lidar_cm_6,lidar_cm_7,lidar_cm_8,lidar_cm_9,lidar_cm_10,lidar_cm_11,lidar_cm_12,lidar_cm_13,lidar_cm_14,lidar_cm_15,lidar_cm_16,lidar_class_0,lidar_class_1,lidar_class_2,lidar_class_3,lidar_class_4,lidar_class_5,lidar_class_6,lidar_class_7,lidar_class_8,lidar_class_9,lidar_class_10,lidar_class_11,lidar_class_12,lidar_class_13,lidar_class_14,lidar_class_15,lidar_class_16
0,8857.414,-9515.214,188.885,-60.980,0.484902,0.874432,-0.015443,-0.874331,0.485106,0.014733,0.020374,0.006358,0.999772,1,0.08000,0.12000,4.800,0.240,-1,400.000,-1,425.000,-1,325.000,325.000,300.000,325.000,-1,-1,-1,-1,875.000,1000.000,-1,-1,2,0,2,0,2,0,0,0,0,2,2,2,2,0,0,2,2
1,8862.141,-9523.570,189.110,-60.500,0.492219,0.870338,-0.015215,-0.870243,0.492415,0.014304,0.019941,0.006200,0.999782,0,0.16000,0.24000,9.600,0.480,-1,400.000,-1,425.000,-1,325.000,325.000,300.000,325.000,-1,-1,-1,-1,875.000,1000.000,-1,-1,2,0,2,0,2,0,0,0,0,2,2,2,2,0,0,2,2
2,8869.389,-9536.013,189.450,-59.780,0.503130,0.864083,-0.014858,-0.863995,0.503314,0.013678,0.019297,0.005955,0.999796,0,0.24000,0.36000,14.400,0.720,-1,400.000,-1,425.000,-1,325.000,325.000,300.000,325.000,-1,-1,-1,-1,875.000,1000.000,-1,-1,2,0,2,0,2,0,0,0,0,2,2,2,2,0,0,2,2
3,8879.329,-9552.439,189.912,-58.820,0.517553,0.855531,-0.014351,-0.855452,0.517721,0.012876,0.018446,0.005613,0.999814,0,0.32000,0.48000,19.200,0.960,-1,400.000,-1,425.000,-1,325.000,325.000,300.000,325.000,-1,-1,-1,-1,875.000,1000.000,-1,-1,2,0,2,0,2,0,0,0,0,2,2,2,2,0,0,2,2
4,8892.182,-9572.708,190.491,-57.620,0.535376,0.844503,-0.013686,-0.844435,0.535526,0.011887,0.017367,0.005193,0.999836,0,0.40000,0.60000,24.000,1.200,-1,400.000,-1,425.000,-1,325.000,325.000,300.000,325.000,-1,-1,-1,-1,875.000,975.000,-1,-1,2,0,2,0,2,0,0,0,0,2,2,2,2,0,0,2,2
5,8908.212,-9596.634,191.158,-56.180,0.556452,0.830780,-0.012885,-0.830727,0.556580,0.010575,0.015957,0.004819,0.999861,0,0.48000,0.72000,28.800,1.440,-1,400.000,-1,425.000,-1,325.000,325.000,300.000,325.000,-1,-1,-1,-1,850.000,975.000,-1,-1,2,0,2,0,2,0,0,0,0,2,2,2,2,0,0,2,2
6,8927.723,-9623.989,191.957,-54.500,0.580594,0.814107,-0.011853,-0.814067,0.580699,0.009142,0.014326,0.004342,0.999888,0,0.56000,0.84000,33.600,1.680,-1,400.000,-1,425.000,-1,325.000,325.000,300.000,325.000,-1,-1,-1,-1,850.000,975.000,-1,-1,2,0,2,0,2,0,0,0,0,2,2,2,2,0,0,2,2
7,8951.057,-9654.486,192.454,-52.580,0.607538,0.794190,-0.012626,-0.794171,0.607645,0.007681,0.013773,0.005361,0.999891,0,0.64000,0.96000,38.400,1.920,-1,400.000,-1,425.000,-1,325.000,325.000,300.000,325.000,-1,-1,-1,-1,850.000,950.000,-1,-1,2,0,2,0,2,0,0,0,0,2,2,2,2,0,0,2,2
8,8978.489,-9687.858,192.982,-50.580,0.634876,0.772494,-0.013612,-0.772499,0.634987,0.006041,0.013310,0.006680,0.999889,0,0.72000,1.00000,43.200,2.000,-1,400.000,-1,425.000,-1,325.000,325.000,300.000,325.000,-1,-1,-1,-1,850.000,950.000,-1,-1,2,0,2,0,2,0,0,0,0,2,2,2,2,0,0,2,2
9,9010.245,-9723.852,193.610,-48.580,0.661444,0.749855,-0.014470,-0.749886,0.661553,0.004222,0.012738,0.008058,0.999886,0,0.80000,1.00000,48.000,2.000,-1,400.000,-1,425.000,-1,325.000,325.000,300.000,325.000,-1,-1,-1,-1,875.000,950.000,-1,-1,2,0,2,0,2,0,0,0,0,2,2,2,2,0,0,2,2
10,9046.537,-9762.203,194.348,-46.580,0.687209,0.726301,-0.015175,-0.726360,0.687311,0.002244,0.012059,0.009480,0.999882,0,0.88000,1.00000,52.800,2.000,-1,400.000,-1,425.000,-1,325.000,325.000,300.000,325.000,-1,-1,-1,-1,875.000,950.000,-1,-1,2,0,2,0,2,0,0,0,0,2,2,2,2,0,0,2,2
11,9087.564,-9802.632,194.879,-44.580,0.712146,0.701852,-0.015862,-0.701955,0.712220,-0.001413,0.010305,0.012141,0.999873,0,0.96000,1.00000,57.600,2.000,-1,400.000,-1,425.000,-1,325.000,325.000,300.000,325.000,-1,-1,-1,-1,875.000,950.000,-1,-1,2,0,2,0,2,0,0,0,0,2,2,2,2,0,0,2,2
12,9130.730,-9842.297,195.251,-42.580,0.736240,0.676554,-0.015035,-0.676676,0.736265,-0.004866,0.007778,0.013757,0.999875,0,0.97704,1.00000,58.623,2.000,-1,400.000,-1,425.000,-1,325.000,325.000,300.000,325.000,-1,-1,-1,-1,875.000,925.000,-1,-1,2,0,2,0,2,0,0,0,0,2,2,2,2,0,0,2,2
13,9175.583,-9880.713,195.671,-40.580,0.759438,0.650434,-0.013797,-0.650559,0.759412,-0.008124,0.005194,0.015145,0.999872,0,0.98427,1.00000,59.056,2.000,-1,400.000,-1,400.000,-1,325.000,325.000,300.000,325.000,-1,-1,-1,-1,875.000,900.000,-1,-1,2,0,2,0,2,0,0,0,0,2,2,2,2,0,0,2,2
14,9222.096,-9917.817,196.153,-38.580,0.781710,0.623522,-0.012233,-0.623637,0.781634,-0.011168,0.002598,0.016359,0.999863,0,0.99166,1.00000,59.500,2.000,-1,400.000,-1,400.000,-1,325.000,325.000,300.000,325.000,-1,-1,-1,-1,850.000,900.000,-1,-1,2,0,2,0,2,0,0,0,0,2,2,2,2,0,0,2,2
15,9270.240,-9953.546,196.259,-36.580,0.803012,0.595869,-0.010552,-0.595961,0.802926,-0.011873,0.001397,0.015823,0.999874,0,0.99921,1.00000,59.952,2.000,900.000,400.000,-1,425.000,-1,325.000,325.000,300.000,325.000,-1,-1,-1,-1,850.000,900.000,-1,-1,1,0,2,0,2,0,0,0,0,2,2,2,2,0,0,2,2
16,9319.640,-9987.599,196.308,-34.580,0.823330,0.567489,-0.009116,-0.567562,0.823240,-0.012237,0.000561,0.015249,0.999884,0,1.00000,1.00000,60.000,2.000,800.000,400.000,-1,425.000,-1,325.000,325.000,300.000,325.000,-1,-1,-1,-1,850.000,900.000,-1,-1,1,0,2,0,2,0,0,0,0,2,2,2,2,0,0,2,2
17,9370.198,-10019.908,196.411,-32.580,0.842643,0.538418,-0.007594,-0.538472,0.842552,-0.012437,-0.000298,0.014569,0.999894,0,1.00000,1.00000,60.000,2.000,725.000,400.000,-1,425.000,-1,325.000,325.000,300.000,325.000,-1,-1,-1,-1,850.000,900.000,-1,-1,1,0,2,0,2,0,0,0,0,2,2,2,2,0,0,2,2
18,9421.853,-10050.432,196.176,-30.580,0.860936,0.508681,-0.005736,-0.508708,0.860820,-0.014324,-0.002349,0.015250,0.999881,0,1.00000,1.00000,60.000,2.000,650.000,400.000,-1,425.000,-1,325.000,325.000,300.000,325.000,-1,-1,-1,-1,850.000,875.000,-1,-1,1,0,2,0,2,0,0,0,0,2,2,2,2,0,0,2,2
19,9474.542,-10079.135,195.996,-28.580,0.878176,0.478324,-0.003691,-0.478318,0.878041,-0.016000,-0.004413,0.015816,0.999865,0,1.00000,1.00000,60.000,2.000,600.000,400.000,-1,400.000,-1,325.000,325.000,325.000,325.000,-1,-1,-1,-1,850.000,875.000,-1,-1,1,0,2,0,2,0,0,0,0,2,2,2,2,0,0,2,2
20,9528.201,-10105.982,195.744,-26.580,0.894340,0.447383,-0.002024,-0.447346,0.894186,-0.017707,-0.006112,0.016742,0.999841,0,1.00000,1.00000,60.000,2.000,550.000,400.000,-1,400.000,-1,325.000,325.000,325.000,325.000,-1,-1,-1,-1,825.000,875.000,-1,-1,1,0,2,0,2,0,0,0,0,2,2,2,2,0,0,2,2
21,9582.764,-10130.939,195.337,-24.580,0.909413,0.415892,-0.001063,-0.415831,0.909229,-0.019658,-0.007209,0.018319,0.999806,0,1.00000,1.00000,60.000,2.000,475.000,400.000,-1,400.000,-1,325.000,325.000,325.000,325.000,-1,-1,-1,-1,825.000,850.000,-1,-1,1,0,2,0,2,0,0,0,0,2,2,2,2,0,0,2,2
22,9638.165,-10153.977,194.996,-22.580,0.923376,0.383897,0.000131,-0.383806,0.923165,-0.021433,-0.008350,0.019741,0.999770,0,1.00000,1.00000,60.000,2.000,425.000,400.000,-1,400.000,-1,325.000,325.000,325.000,300.000,-1,-1,-1,-1,825.000,850.000,-1,-1,1,0,2,0,2,0,0,0,0,2,2,2,2,0,0,2,2
23,9694.336,-10175.068,194.720,-20.580,0.936211,0.351436,0.001542,-0.351310,0.935976,-0.023016,-0.009532,0.021006,0.999734,0,1.00000,1.00000,60.000,2.000,400.000,400.000,-1,400.000,-1,325.000,325.000,325.000,300.000,-1,-1,-1,-1,825.000,850.000,-1,-1,1,0,2,0,2,0,0,0,0,2,2,2,2,0,0,2,2
24,9751.208,-10194.185,194.379,-18.580,0.947901,0.318553,0.002926,-0.318398,0.947659,-0.023763,-0.010342,0.021593,0.999713,0,1.00000,1.00000,60.000,2.000,350.000,400.000,-1,400.000,-1,325.000,325.000,325.000,300.000,-1,-1,-1,-1,825.000,850.000,550.000,-1,1,0,2,0,2,0,0,0,0,2,2,2,2,0,0,1,2
25,9808.714,-10211.305,194.856,-16.580,0.958449,0.285262,0.000394,-0.285153,0.958120,-0.026344,-0.007893,0.025137,0.999653,0,1.00000,1.00000,60.000,2.000,300.000,425.000,-1,425.000,-1,325.000,325.000,325.000,300.000,-1,-1,-1,-1,875.000,875.000,475.000,-1,1,0,2,0,2,0,0,0,0,2,2,2,2,0,0,1,2
26,9866.782,-10226.407,195.985,-14.580,0.967819,0.251610,-0.004393,-0.251624,0.967334,-0.030832,-0.003508,0.030945,0.999515,0,1.00000,1.00000,60.000,2.000,275.000,425.000,-1,425.000,-1,350.000,350.000,350.000,300.000,-1,-1,-1,-1,875.000,900.000,425.000,-1,1,0,2,0,2,0,0,0,0,2,2,2,2,1,0,1,2
27,9925.342,-10239.471,196.788,-12.580,0.975979,0.217643,-0.009825,-0.217859,0.975283,-0.036880,0.001556,0.038135,0.999271,0,1.00000,1.00000,60.000,2.000,275.000,450.000,-1,450.000,-1,350.000,350.000,375.000,300.000,-1,-1,-1,-1,825.000,925.000,375.000,-1,1,0,2,0,2,0,0,0,0,2,2,2,2,1,0,1,2
28,9984.276,-10250.730,197.376,-10.820,0.982147,0.187521,-0.014938,-0.188008,0.981167,-0.044313,0.006347,0.046330,0.998906,0,1.00000,0.88000,60.000,1.760,250.000,475.000,-1,450.000,-1,375.000,375.000,400.000,300.000,-1,-1,-1,-1,800.000,950.000,350.000,-1,1,1,2,0,2,0,0,0,0,2,2,2,2,1,0,1,2
29,10043.488,-10260.420,198.031,-9.300,0.986697,0.161363,-0.019793,-0.162191,0.985393,-0.051902,0.011129,0.054422,0.998456,0,1.00000,0.76000,60.000,1.520,225.000,475.000,-1,475.000,-1,400.000,375.000,375.000,300.000,-1,-1,225.000,-1,775.000,1000.000,325.000,-1,1,1,2,0,2,0,0,1,0,2,2,0,2,1,0,1,2
30,10102.912,-10268.718,198.757,-7.955,0.990111,0.138132,-0.024477,-0.139374,0.988440,-0.059672,0.015952,0.062493,0.997918,0,1.00000,0.67224,60.000,1.344,200.000,475.000,-1,475.000,-1,400.000,400.000,325.000,275.000,-1,-1,175.000,-1,775.000,-1,300.000,-1,1,1,2,0,2,0,0,1,0,2,2,0,2,1,2,1,2
31,10162.518,-10275.574,199.663,-6.570,0.993033,0.114134,-0.029295,-0.115901,0.990919,-0.068159,0.021250,0.071079,0.997244,0,1.00000,0.69254,60.000,1.385,175.000,475.000,-1,500.000,-1,425.000,400.000,300.000,275.000,-1,325.000,150.000,-1,750.000,-1,275.000,-1,1,1,2,0,2,0,0,1,0,2,0,0,2,1,2,1,2
32,10222.277,-10280.942,200.822,-5.143,0.995405,0.089350,-0.034443,-0.091799,0.992744,-0.077669,0.027253,0.080474,0.996384,0,1.00000,0.71369,60.000,1.427,175.000,475.000,-1,500.000,-1,450.000,425.000,275.000,275.000,-1,300.000,125.000,-1,750.000,-1,250.000,-1,1,1,2,0,2,0,0,1,0,2,0,0,2,1,2,1,2
33,10282.154,-10284.771,202.306,-3.671,0.997159,0.063770,-0.040086,-0.067115,0.993809,-0.088539,0.034192,0.090978,0.995266,0,1.00000,0.73573,60.000,1.471,150.000,475.000,-1,525.000,-1,475.000,450.000,250.000,275.000,-1,250.000,100.000,-1,725.000,-1,225.000,-1,1,1,2,0,2,0,0,1,0,2,0,0,2,1,2,1,2
34,10342.112,-10287.008,204.190,-2.154,0.998225,0.037387,-0.046356,-0.041925,0.993989,-0.101139,0.042296,0.102903,0.993792,0,1.00000,0.75871,60.000,1.517,150.000,475.000,-1,550.000,-1,500.000,450.000,225.000,250.000,-1,250.000,75.000,725.000,725.000,1000.000,200.000,-1,1,1,2,0,2,0,0,1,0,2,0,0,0,1,1,1,2
35,10402.108,-10287.602,206.551,-0.589,0.998524,0.010206,-0.053337,-0.016340,0.993131,-0.115865,0.051788,0.116566,0.991832,0,1.00000,0.78265,60.000,1.565,125.000,475.000,-1,575.000,-1,525.000,500.000,200.000,250.000,-1,225.000,50.000,575.000,725.000,950.000,175.000,-1,1,1,2,0,2,0,0,1,0,2,0,0,0,1,1,1,2
36,1639.856,8855.086,-173.834,-86.606,0.057912,0.996436,-0.061330,-0.998094,0.059102,0.017774,0.021335,0.060184,0.997959,1,0.00000,0.00000,60.000,1.615,-1,375.000,-1,400.000,-1,325.000,325.000,300.000,300.000,800.000,-1,-1,-1,725.000,800.000,-1,-1,2,0,2,0,2,0,0,0,0,1,2,2,2,0,0,2,2
37,1640.121,8850.293,-173.737,-86.846,0.053740,0.996663,-0.061439,-0.998332,0.054927,0.017793,0.021108,0.060380,0.997952,0,0.08000,-0.12000,4.800,-0.240,-1,375.000,-1,400.000,-1,325.000,325.000,300.000,300.000,800.000,-1,-1,-1,725.000,800.000,-1,-1,2,0,2,0,2,0,0,0,0,1,2,2,2,0,0,2,2
38,1640.569,8840.703,-173.548,-87.326,0.045395,0.997065,-0.061655,-0.998756,0.046574,0.017830,0.020649,0.060769,0.997938,0,0.16000,-0.24000,9.600,-0.480,-1,375.000,-1,400.000,-1,325.000,325.000,300.000,300.000,825.000,825.000,-1,-1,725.000,800.000,-1,-1,2,0,2,0,2,0,0,0,0,1,1,2,2,0,0,2,2
39,1641.060,8826.311,-173.275,-88.046,0.032872,0.997536,-0.061979,-0.999260,0.034040,0.017883,0.019948,0.061346,0.997917,0,0.24000,-0.36000,14.400,-0.720,-1,375.000,-1,400.000,-1,325.000,325.000,300.000,300.000,850.000,700.000,-1,-1,725.000,800.000,-1,-1,2,0,2,0,2,0,0,0,0,1,1,2,2,0,0,2,2
40,1641.394,8807.114,-172.931,-89.006,0.016170,0.997920,-0.062411,-0.999689,0.017322,0.017948,0.018992,0.062101,0.997889,0,0.32000,-0.48000,19.200,-0.960,-1,375.000,-1,400.000,-1,325.000,325.000,300.000,300.000,900.000,650.000,-1,-1,725.000,800.000,-1,-1,2,0,2,0,2,0,0,0,0,1,1,2,2,0,0,2,2
41,1641.308,8783.113,-172.532,-90.206,-0.004709,0.998006,-0.062949,-0.999831,-0.003581,0.018024,0.017762,0.063023,0.997854,0,0.40000,-0.60000,24.000,-1.200,-1,375.000,-1,400.000,-1,325.000,325.000,300.000,300.000,950.000,625.000,-1,-1,750.000,825.000,-1,-1,2,0,2,0,2,0,0,0,0,1,1,2,2,0,0,2,2
42,1640.482,8754.325,-172.101,-91.646,-0.029755,0.997532,-0.063593,-0.999425,-0.028658,0.018104,0.016237,0.064095,0.997812,0,0.48000,-0.72000,28.800,-1.440,-1,375.000,-1,400.000,-1,325.000,325.000,300.000,300.000,1000.000,625.000,-1,-1,750.000,825.000,-1,-1,2,0,2,0,2,0,0,0,0,1,1,2,2,0,0,2,2
43,1638.534,8720.780,-171.663,-93.326,-0.058944,0.996185,-0.064344,-0.998158,-0.057886,0.018184,0.014390,0.065298,0.997762,0,0.56000,-0.84000,33.600,-1.680,-1,375.000,-1,400.000,-1,325.000,325.000,300.000,300.000,-1,625.000,975.000,-1,750.000,825.000,-1,-1,2,0,2,0,2,0,0,0,0,2,1,1,2,0,0,2,2
44,1635.092,8682.534,-171.245,-95.143,-0.090457,0.993764,-0.065199,-0.995824,-0.089447,0.018258,0.012312,0.066579,0.997705,0,0.64000,-0.90883,38.400,-1.818,-1,400.000,-1,400.000,-1,325.000,325.000,300.000,300.000,-1,650.000,825.000,-1,750.000,825.000,-1,-1,2,0,2,0,2,0,0,0,0,2,1,1,2,0,0,2,2
45,1629.857,8639.652,-170.869,-96.961,-0.121865,0.990339,-0.066157,-0.992495,-0.120906,0.018320,0.010144,0.067893,0.997641,0,0.72000,-0.90866,43.200,-1.817,-1,400.000,-1,400.000,950.000,325.000,325.000,300.000,300.000,-1,700.000,800.000,-1,750.000,825.000,-1,-1,2,0,2,0,1,0,0,0,0,2,1,1,2,0,0,2,2
46,1622.790,8593.877,-170.575,-98.778,-0.153133,0.985919,-0.067186,-0.988174,-0.152232,0.018365,0.007878,0.069203,0.997571,0,0.77193,-0.90848,46.316,-1.817,-1,400.000,-1,400.000,900.000,325.000,325.000,300.000,300.000,-1,750.000,800.000,-1,750.000,850.000,-1,-1,2,0,2,0,1,0,0,0,0,2,1,1,2,0,0,2,2
47,1614.280,8548.372,-170.398,-100.594,-0.184218,0.980514,-0.068240,-0.982871,-0.183392,0.018227,0.005357,0.070429,0.997502,0,0.77155,-0.90827,46.293,-1.817,-1,400.000,-1,400.000,825.000,325.000,325.000,300.000,300.000,-1,775.000,825.000,-1,775.000,850.000,-1,-1,2,0,2,0,1,0,0,0,0,2,1,1,2,0,0,2,2
48,1604.336,8503.182,-170.373,-102.410,-0.215088,0.974139,-0.069216,-0.976591,-0.214358,0.017889,0.002589,0.071444,0.997441,0,0.77118,-0.90803,46.271,-1.816,-1,400.000,-1,400.000,775.000,325.000,325.000,300.000,300.000,-1,850.000,850.000,-1,775.000,850.000,-1,-1,2,0,2,0,1,0,0,0,0,2,1,1,2,0,0,2,2
49,1592.150,8455.043,-170.455,-104.206,-0.245381,0.966876,-0.070270,-0.969427,-0.244759,0.017468,-0.000310,0.072408,0.997375,0,0.82761,-0.89778,49.656,-1.796,-1,400.000,-1,400.000,725.000,325.000,325.000,300.000,300.000,-1,900.000,900.000,-1,775.000,850.000,-1,-1,2,0,2,0,1,0,0,0,0,2,1,1,2,0,1,2,2
50,1578.440,8407.255,-170.681,-106.008,-0.275540,0.958631,-0.071447,-0.961284,-0.275037,0.016991,-0.003362,0.073363,0.997300,0,0.82858,-0.90142,49.715,-1.803,-1,400.000,-1,400.000,650.000,325.000,325.000,300.000,300.000,-1,950.000,950.000,-1,775.000,800.000,-1,-1,2,0,2,0,1,0,0,0,0,2,1,1,2,0,1,2,2
51,1564.069,8361.871,-171.006,-107.571,-0.301452,0.950712,-0.072614,-0.953462,-0.301060,0.016551,-0.006126,0.074224,0.997223,0,0.79340,-0.78142,47.604,-1.563,-1,400.000,-1,400.000,625.000,325.000,325.000,300.000,300.000,-1,-1,1000.000,-1,800.000,775.000,-1,1000.000,2,0,2,0,1,0,0,0,0,2,2,1,2,0,1,2,1
52,1548.646,8316.808,-171.430,-108.894,-0.323195,0.943449,-0.073812,-0.946293,-0.322907,0.016125,-0.008621,0.075059,0.997142,0,0.79381,-0.66142,47.629,-1.323,-1,400.000,-1,400.000,575.000,325.000,325.000,300.000,300.000,-1,-1,-1,-1,800.000,725.000,-1,825.000,2,0,2,0,1,0,0,0,0,2,2,2,2,0,1,2,1
53,1532.378,8272.057,-171.941,-109.977,-0.340848,0.937119,-0.075039,-0.940056,-0.340657,0.015716,-0.010835,0.075898,0.997057,0,0.79359,-0.54142,47.615,-1.083,-1,400.000,-1,400.000,525.000,325.000,325.000,300.000,300.000,-1,-1,-1,-1,800.000,700.000,-1,725.000,2,0,2,0,1,0,0,0,0,2,2,2,2,0,1,2,1
54,1515.474,8227.602,-172.527,-110.820,-0.354483,0.931945,-0.076290,-0.934975,-0.354382,0.015324,-0.012755,0.076761,0.996968,0,0.79266,-0.42142,47.560,-0.843,-1,400.000,-1,400.000,500.000,325.000,325.000,300.000,300.000,-1,-1,-1,-1,800.000,675.000,-1,675.000,2,0,2,0,1,0,0,0,0,2,2,2,2,0,1,2,1
55,1498.141,8183.422,-173.202,-111.423,-0.364159,0.928108,-0.077489,-0.931224,-0.364145,0.014818,-0.014464,0.077556,0.996883,0,0.79097,-0.30142,47.458,-0.603,-1,400.000,-1,400.000,475.000,325.000,325.000,300.000,300.000,-1,-1,-1,-1,800.000,650.000,-1,625.000,2,0,2,0,1,0,0,0,0,2,2,2,2,0,1,2,1
56,1480.583,8139.492,-173.963,-111.785,-0.369920,0.925732,-0.078612,-0.928926,-0.369994,0.014155,-0.015982,0.078261,0.996805,0,0.78846,-0.18142,47.308,-0.363,-1,400.000,-1,400.000,450.000,325.000,325.000,300.000,300.000,-1,-1,-1,-1,800.000,650.000,-1,575.000,2,0,2,0,1,0,0,0,1,2,2,2,2,0,1,2,1
57,1463.008,8095.789,-174.756,-111.908,-0.371804,0.924879,-0.079753,-0.928152,-0.371955,0.013507,-0.017172,0.079045,0.996723,0,0.78508,-0.06142,47.105,-0.123,-1,400.000,-1,400.000,425.000,325.000,325.000,300.000,300.000,-1,-1,-1,-1,800.000,625.000,-1,550.000,2,0,2,0,1,0,0,0,1,2,2,2,2,0,1,2,1
58,1445.448,8052.357,-175.583,-112.014,-0.373416,0.924129,-0.080906,-0.927483,-0.373644,0.012872,-0.018335,0.079845,0.996639,0,0.78079,-0.05308,46.847,-0.106,-1,400.000,-1,400.000,375.000,325.000,325.000,300.000,275.000,-1,-1,-1,-1,800.000,625.000,-1,525.000,2,0,2,0,1,0,0,0,1,2,2,2,2,0,1,2,1
59,1427.910,8009.218,-176.444,-112.125,-0.375091,0.923348,-0.082070,-0.926783,-0.375397,0.012248,-0.019499,0.080655,0.996551,0,0.77612,-0.05513,46.567,-0.110,-1,400.000,-1,400.000,350.000,325.000,325.000,300.000,275.000,-1,-1,-1,-1,800.000,625.000,-1,500.000,2,0,2,0,1,0,0,0,1,2,2,2,2,0,1,2,1
60,1410.399,7966.390,-177.390,-112.239,-0.376836,0.922555,-0.082987,-0.926053,-0.377211,0.011714,-0.020496,0.081264,0.996482,0,0.77116,-0.05688,46.269,-0.114,-1,400.000,-1,400.000,325.000,325.000,325.000,300.000,275.000,-1,-1,-1,-1,800.000,600.000,-1,475.000,2,0,2,1,1,0,0,0,1,2,2,2,2,0,1,2,1
61,1392.920,7923.887,-178.440,-112.355,-0.378614,0.921760,-0.083721,-0.925300,-0.379079,0.010892,-0.021696,0.081591,0.996430,0,0.76594,-0.05834,45.957,-0.117,-1,400.000,-1,400.000,300.000,325.000,325.000,300.000,250.000,-1,-1,-1,-1,800.000,600.000,-1,450.000,2,0,2,1,1,0,0,0,1,2,2,2,2,0,1,2,1
62,1375.476,7881.721,-179.572,-112.474,-0.380417,0.920961,-0.084343,-0.924527,-0.380989,0.009841,-0.023071,0.081722,0.996388,0,0.76053,-0.05951,45.632,-0.119,-1,400.000,-1,375.000,275.000,325.000,325.000,300.000,250.000,-1,-1,-1,-1,800.000,600.000,-1,450.000,2,0,2,1,1,0,0,0,1,2,2,2,2,0,1,2,1
63,1358.072,7839.899,-180.723,-112.595,-0.382246,0.920142,-0.085011,-0.923738,-0.382923,0.008843,-0.024416,0.081908,0.996341,0,0.75497,-0.06038,45.298,-0.121,-1,400.000,-1,375.000,250.000,325.000,325.000,300.000,250.000,-1,-1,-1,-1,800.000,600.000,-1,425.000,2,0,2,1,1,0,0,0,1,2,2,2,2,0,1,2,1
64,1338.837,7793.749,-182.024,-112.626,-0.382625,0.919909,-0.085823,-0.923546,-0.383408,0.007828,-0.025704,0.082256,0.996280,0,0.83331,-0.01542,49.999,-0.031,-1,400.000,-1,350.000,250.000,325.000,325.000,300.000,225.000,-1,-1,-1,-1,800.000,625.000,-1,400.000,2,0,2,1,1,0,0,0,1,2,2,2,2,0,1,2,1
65,1319.603,7747.724,-181.902,-112.675,-0.383787,0.919943,-0.080074,-0.923144,-0.384353,0.008833,-0.022651,0.077310,0.996750,0,0.83136,-0.02470,49.882,-0.049,-1,400.000,-1,375.000,250.000,325.000,325.000,300.000,225.000,-1,-1,-1,-1,825.000,725.000,-1,-1,2,0,2,1,1,0,0,0,1,2,2,2,2,0,1,2,2
66,1300.376,7701.870,-181.647,-112.744,-0.385271,0.919859,-0.073658,-0.922605,-0.385615,0.010070,-0.019141,0.071837,0.997233,0,0.82871,-0.03436,49.723,-0.069,-1,425.000,-1,375.000,275.000,350.000,350.000,300.000,225.000,-1,-1,-1,-1,850.000,825.000,-1,-1,2,0,2,1,1,0,0,0,1,2,2,2,2,0,0,2,2
67,1281.157,7656.232,-181.632,-112.833,-0.386978,0.919558,-0.068275,-0.921945,-0.387163,0.011044,-0.016278,0.067220,0.997605,0,0.82532,-0.04436,49.519,-0.089,-1,425.000,-1,375.000,325.000,350.000,350.000,300.000,225.000,-1,-1,-1,-1,850.000,850.000,-1,-1,2,0,2,1,1,0,1,0,1,2,2,2,2,0,0,2,2
68,1261.949,7610.859,-181.870,-112.942,-0.388941,0.919048,-0.063847,-0.921156,-0.389015,0.011775,-0.014016,0.063393,0.997890,0,0.82119,-0.05468,49.272,-0.109,-1,425.000,-1,400.000,-1,350.000,350.000,300.000,200.000,-1,-1,-1,-1,875.000,875.000,-1,-1,2,0,2,1,2,0,1,0,1,2,2,2,2,0,0,2,2
69,1242.763,7566.296,-182.317,-113.291,-0.394697,0.916861,-0.059834,-0.918728,-0.394699,0.012298,-0.012341,0.059826,0.998133,0,0.80862,-0.17468,48.517,-0.349,-1,450.000,-1,425.000,-1,350.000,350.000,300.000,200.000,-1,-1,-1,-1,900.000,900.000,-1,-1,2,0,2,1,2,0,1,0,1,2,2,2,2,0,0,2,2
70,1223.239,7522.205,-182.936,-113.881,-0.404220,0.912924,-0.056356,-0.914592,-0.404185,0.012530,-0.011339,0.056607,0.998332,0,0.80368,-0.29468,48.221,-0.589,-1,450.000,-1,425.000,-1,375.000,375.000,275.000,200.000,-1,-1,-1,-1,900.000,925.000,-1,-1,2,0,2,1,2,0,1,0,1,2,2,2,2,0,0,2,2
71,1203.204,7478.670,-183.735,-114.710,-0.417465,0.907124,-0.053373,-0.908627,-0.417423,0.012449,-0.010987,0.053693,0.998497,0,0.79872,-0.41468,47.923,-0.829,-1,450.000,-1,450.000,-1,375.000,375.000,275.000,200.000,-1,-1,-1,-1,900.000,950.000,-1,-1,2,0,2,1,2,0,1,0,1,2,2,2,2,0,0,2,2
72,1182.487,7435.779,-184.720,-115.779,-0.434362,0.899302,-0.050857,-0.900668,-0.434341,0.012045,-0.011257,0.051038,0.998633,0,0.79386,-0.53468,47.632,-1.069,-1,450.000,-1,475.000,-1,375.000,375.000,275.000,175.000,-1,-1,-1,-1,925.000,950.000,-1,-1,2,0,2,0,2,0,0,0,1,2,2,2,2,0,0,2,2
73,1160.923,7393.623,-185.897,-117.089,-0.454812,0.889251,-0.048776,-0.890505,-0.454832,0.011323,-0.012116,0.048585,0.998746,0,0.78918,-0.65468,47.351,-1.309,-1,450.000,-1,475.000,-1,375.000,375.000,275.000,175.000,-1,500.000,-1,-1,925.000,950.000,-1,-1,2,0,2,0,2,0,0,0,1,2,0,2,2,0,0,2,2
74,1138.354,7352.297,-187.392,-118.638,-0.478706,0.876744,-0.046475,-0.877877,-0.478773,0.010403,-0.013130,0.045780,0.998865,0,0.78477,-0.77468,47.086,-1.549,-1,450.000,-1,475.000,-1,375.000,375.000,275.000,175.000,-1,425.000,800.000,-1,900.000,925.000,-1,-1,2,0,2,0,2,0,0,0,1,2,0,0,2,0,0,2,2
75,1114.630,7311.907,-189.112,-120.427,-0.505855,0.861477,-0.044358,-0.862496,-0.505981,0.009184,-0.014532,0.042905,0.998973,0,0.78070,-0.89468,46.842,-1.789,-1,450.000,-1,475.000,-1,375.000,375.000,275.000,175.000,-1,350.000,625.000,-1,900.000,925.000,-1,-1,2,0,2,0,2,0,0,0,1,2,0,0,2,0,0,2,2
76,1089.628,7272.555,-191.047,-122.427,-0.535603,0.843396,-0.042576,-0.844310,-0.535802,0.007543,-0.016451,0.039988,0.999065,0,0.77704,-1.00000,46.622,-2.000,-1,450.000,-1,475.000,-1,375.000,375.000,275.000,175.000,-1,300.000,575.000,-1,900.000,900.000,-1,-1,2,0,2,0,2,0,0,0,1,2,0,0,2,0,0,2,2
77,1063.379,7234.262,-193.219,-124.427,-0.564686,0.824261,-0.041527,-0.825095,-0.564963,0.005834,-0.018653,0.037558,0.999120,0,0.77376,-1.00000,46.426,-2.000,-1,450.000,-1,475.000,-1,375.000,375.000,275.000,150.000,-1,275.000,525.000,-1,875.000,900.000,-1,-1,2,0,2,0,2,0,0,0,1,2,0,0,2,0,0,2,2
78,1035.937,7197.078,-195.610,-126.427,-0.593067,0.804099,-0.041189,-0.804877,-0.593428,0.004168,-0.021091,0.035624,0.999143,0,0.77022,-1.00000,46.213,-2.000,-1,450.000,-1,475.000,-1,375.000,375.000,275.000,150.000,-1,250.000,500.000,-1,875.000,875.000,-1,-1,2,0,2,0,2,0,0,0,1,2,0,0,2,0,0,2,2
79,1007.354,7161.052,-198.206,-128.427,-0.620713,0.782939,-0.041510,-0.783679,-0.621161,0.002617,-0.023735,0.034155,0.999135,0,0.76645,-1.00000,45.987,-2.000,-1,450.000,-1,475.000,-1,375.000,375.000,275.000,150.000,-1,225.000,475.000,-1,850.000,850.000,-1,-1,2,0,2,0,2,0,0,0,1,2,0,0,2,0,0,2,2
80,977.686,7126.228,-200.942,-130.427,-0.647589,0.760805,-0.042475,-0.761533,-0.648125,0.001504,-0.026385,0.033320,0.999096,0,0.76247,-1.00000,45.748,-2.000,-1,425.000,-1,475.000,-1,350.000,375.000,275.000,150.000,-1,250.000,450.000,-1,825.000,825.000,-1,-1,2,0,2,0,2,0,0,0,1,2,0,0,2,0,0,2,2
81,946.989,7092.644,-203.532,-132.427,-0.673661,0.737734,-0.043934,-0.738465,-0.674292,0.000610,-0.029174,0.032855,0.999034,0,0.75831,-1.00000,45.499,-2.000,-1,425.000,-1,450.000,-1,350.000,375.000,300.000,150.000,-1,250.000,450.000,-1,825.000,800.000,-1,-1,2,0,2,0,2,0,0,0,1,2,0,0,2,0,0,2,2
82,915.319,7060.337,-204.967,-134.427,-0.698839,0.713859,-0.045049,-0.714378,-0.699733,-0.006118,-0.035890,0.027907,0.998966,0,0.75399,-1.00000,45.240,-2.000,-1,425.000,-1,450.000,-1,350.000,350.000,300.000,150.000,-1,375.000,675.000,-1,775.000,775.000,-1,-1,2,0,2,0,2,0,0,0,1,2,0,0,2,0,0,2,2
83,882.735,7029.339,-206.614,-136.427,-0.723161,0.689082,-0.046945,-0.689374,-0.724302,-0.012234,-0.042432,0.023516,0.998823,0,0.74956,-1.00000,44.973,-2.000,-1,400.000,-1,425.000,-1,350.000,350.000,275.000,150.000,-1,575.000,-1,-1,750.000,725.000,-1,-1,2,0,2,0,2,0,0,0,1,2,0,2,2,0,0,2,2
84,849.291,6999.676,-208.461,-138.427,-0.746592,0.663440,-0.049487,-0.663496,-0.747972,-0.017655,-0.048728,0.019653,0.998619,0,0.74504,-1.00000,44.702,-2.000,-1,400.000,-1,425.000,-1,325.000,350.000,275.000,150.000,-1,-1,-1,-1,725.000,700.000,-1,-1,2,0,2,0,2,0,0,0,1,2,2,2,2,0,0,2,2
85,815.044,6971.373,-210.495,-140.427,-0.769097,0.636970,-0.052530,-0.636787,-0.770716,-0.022326,-0.054707,0.016280,0.998370,0,0.74047,-1.00000,44.428,-2.000,-1,400.000,-1,400.000,-1,325.000,325.000,275.000,150.000,-1,-1,-1,-1,675.000,675.000,-1,-1,2,0,2,0,2,0,0,0,1,2,2,2,2,0,0,2,2
86,780.047,6944.449,-212.704,-142.427,-0.790648,0.609711,-0.055925,-0.609294,-0.792511,-0.026214,-0.060304,0.013348,0.998091,0,0.73590,-1.00000,44.154,-2.000,-1,375.000,-1,400.000,-1,325.000,325.000,275.000,150.000,-1,-1,-1,-1,650.000,650.000,-1,-1,2,0,2,0,2,0,0,0,1,2,2,2,2,0,0,2,2
87,740.348,6915.804,-215.477,-144.187,-0.808655,0.585097,-0.061149,-0.584440,-0.810882,-0.030002,-0.067138,0.011477,0.997678,0,0.81590,-0.88000,48.954,-1.760,-1,375.000,-1,375.000,975.000,300.000,300.000,300.000,150.000,-1,-1,-1,-1,600.000,625.000,925.000,925.000,2,0,2,0,0,0,0,0,1,2,2,2,2,0,0,0,0
88,695.937,6885.518,-218.419,-145.707,-0.823568,0.563395,-0.065733,-0.562451,-0.826137,-0.033850,-0.073375,0.009094,0.997263,0,0.89590,-0.76000,53.754,-1.520,850.000,350.000,-1,350.000,875.000,300.000,300.000,275.000,150.000,-1,-1,-1,-1,575.000,575.000,800.000,825.000,0,0,2,0,0,0,0,0,1,2,2,2,2,0,0,0,0
89,650.414,6855.941,-221.332,-146.987,-0.835688,0.544810,-0.069338,-0.543594,-0.838532,-0.037012,-0.078306,0.006761,0.996906,0,0.90478,-0.64000,54.287,-1.280,750.000,325.000,-1,350.000,825.000,275.000,275.000,275.000,150.000,-1,-1,-1,-1,550.000,550.000,700.000,775.000,0,0,2,0,0,0,0,0,1,2,2,2,2,0,0,0,0
90,604.829,6827.485,-222.797,-148.027,-0.845761,0.529513,-0.065604,-0.527877,-0.848302,-0.041592,-0.077675,-0.000547,0.996979,0,0.89562,-0.52000,53.737,-1.040,675.000,325.000,-1,350.000,825.000,275.000,275.000,275.000,150.000,-1,-1,-1,-1,525.000,575.000,650.000,750.000,0,0,2,0,0,0,0,0,1,2,2,2,2,0,0,0,0
91,559.334,6799.961,-224.384,-148.827,-0.853368,0.517606,-0.062020,-0.515676,-0.855594,-0.045135,-0.076426,-0.006535,0.997054,0,0.88623,-0.40000,53.174,-0.800,625.000,325.000,-1,350.000,825.000,275.000,275.000,275.000,175.000,-1,-1,-1,-1,525.000,575.000,600.000,750.000,0,0,2,0,0,0,0,0,1,2,2,2,2,0,0,0,0
92,514.060,6773.171,-225.986,-149.387,-0.858623,0.509200,-0.059004,-0.507107,-0.860581,-0.047363,-0.074895,-0.010745,0.997134,0,0.87677,-0.28000,52.606,-0.560,575.000,325.000,-1,350.000,825.000,275.000,275.000,275.000,175.000,-1,-1,-1,-1,500.000,575.000,575.000,750.000,0,0,2,0,0,0,0,0,1,2,2,2,2,0,0,0,0
93,469.122,6746.918,-227.720,-149.707,-0.861693,0.504368,-0.055665,-0.502238,-0.863381,-0.048276,-0.072409,-0.013642,0.997282,0,0.86743,-0.16000,52.046,-0.320,550.000,325.000,-1,350.000,825.000,275.000,275.000,275.000,200.000,-1,-1,-1,-1,500.000,550.000,550.000,725.000,0,0,2,0,0,0,0,0,1,2,2,2,2,0,0,0,0
94,424.617,6721.003,-229.080,-149.787,-0.862649,0.503166,-0.051580,-0.501304,-0.864090,-0.045188,-0.067307,-0.013124,0.997646,0,0.85835,-0.04000,51.501,-0.080,575.000,325.000,-1,350.000,825.000,275.000,275.000,275.000,200.000,-1,-1,-1,-1,525.000,550.000,600.000,750.000,0,0,2,0,0,0,0,0,1,2,2,2,2,0,0,0,0
95,380.633,6695.227,-230.659,-149.627,-0.861485,0.505586,-0.047184,-0.504050,-0.862698,-0.041054,-0.061462,-0.011584,0.998042,0,0.84969,0.08000,50.981,0.160,625.000,325.000,-1,350.000,825.000,275.000,275.000,275.000,225.000,-1,-1,-1,-1,525.000,550.000,625.000,750.000,0,0,2,0,0,0,0,0,1,2,2,2,2,0,0,0,0
96,337.250,6669.395,-232.466,-149.227,-0.858164,0.511611,-0.042526,-0.510438,-0.859170,-0.035768,-0.054836,-0.008988,0.998455,0,0.84155,0.20000,50.493,0.400,675.000,325.000,-1,350.000,825.000,275.000,300.000,275.000,225.000,-1,-1,-1,425.000,550.000,550.000,675.000,750.000,0,0,2,0,0,0,0,0,1,2,2,2,1,0,0,0,0
97,294.541,6643.314,-234.514,-148.587,-0.852609,0.521189,-0.037680,-0.520398,-0.853425,-0.029196,-0.047374,-0.005284,0.998863,0,0.83405,0.32000,50.043,0.640,775.000,325.000,-1,350.000,800.000,275.000,300.000,275.000,250.000,-1,-1,-1,350.000,550.000,550.000,775.000,750.000,0,0,2,0,0,0,0,0,1,2,2,2,1,0,0,0,0
98,252.582,6616.797,-236.808,-147.707,-0.844697,0.534242,-0.032749,-0.533826,-0.845331,-0.021093,-0.038952,-0.000335,0.999241,0,0.82727,0.44000,49.636,0.880,900.000,350.000,-1,350.000,800.000,300.000,300.000,300.000,250.000,-1,925.000,-1,325.000,575.000,575.000,850.000,750.000,0,0,2,0,0,0,0,0,1,2,0,2,1,0,0,0,0
99,211.435,6589.686,-239.382,-146.620,-0.834578,0.550183,-0.027898,-0.550100,-0.835023,-0.011257,-0.029489,0.005952,0.999547,0,0.82128,0.54384,49.277,1.088,-1,350.000,-1,350.000,800.000,300.000,300.000,300.000,250.000,-1,725.000,850.000,300.000,600.000,575.000,975.000,775.000,2,0,2,0,0,0,0,0,1,2,0,0,1,0,0,0,0
100,171.066,6561.963,-241.954,-145.522,-0.824040,0.566046,-0.023473,-0.566181,-0.824280,-0.001062,-0.019950,0.012415,0.999724,0,0.81619,0.54887,48.971,1.098,-1,350.000,-1,350.000,775.000,300.000,300.000,300.000,275.000,-1,475.000,325.000,275.000,625.000,575.000,-1,800.000,2,0,2,0,0,0,0,0,1,2,1,1,1,0,0,2,0
101,131.427,6533.597,-244.495,-144.414,-0.813080,0.581825,-0.019502,-0.582059,-0.813093,0.009349,-0.010417,0.018953,0.999766,0,0.81239,0.55422,48.744,1.108,-1,375.000,-1,350.000,775.000,300.000,300.000,300.000,275.000,-1,425.000,300.000,275.000,650.000,575.000,-1,800.000,2,0,2,0,0,0,0,0,1,2,1,1,1,0,0,2,0
102,92.476,6504.554,-247.145,-143.294,-0.801704,0.597507,-0.015973,-0.597721,-0.801439,0.020608,-0.000488,0.026069,0.999660,0,0.80979,0.55985,48.587,1.120,-1,375.000,-1,350.000,750.000,300.000,300.000,325.000,300.000,-1,300.000,300.000,275.000,675.000,575.000,-1,825.000,2,0,2,0,0,0,0,0,1,2,0,1,1,0,0,2,0
103,54.177,6474.806,-247.313,-142.162,-0.789811,0.613245,-0.011333,-0.613334,-0.789521,0.021879,0.004469,0.024231,0.999696,0,0.80826,0.56574,48.495,1.131,-1,375.000,-1,350.000,775.000,300.000,300.000,325.000,300.000,-1,275.000,325.000,300.000,700.000,600.000,-1,875.000,2,0,2,0,0,0,0,0,0,2,0,1,1,0,0,2,0
104,16.504,6444.321,-246.782,-141.019,-0.777430,0.628941,-0.005942,-0.628912,-0.777196,0.020908,0.008531,0.019991,0.999764,0,0.80771,0.57187,48.462,1.144,-1,375.000,-1,350.000,825.000,300.000,300.000,325.000,300.000,-1,300.000,350.000,325.000,700.000,600.000,-1,925.000,2,0,2,0,0,0,0,0,0,2,0,1,1,0,0,2,0
105,-20.562,6413.068,-246.233,-139.862,-0.764565,0.644546,-0.000684,-0.644426,-0.764400,0.020182,0.012485,0.015871,0.999796,0,0.80804,0.57821,48.482,1.156,-1,375.000,-1,350.000,900.000,325.000,300.000,300.000,300.000,-1,300.000,375.000,350.000,700.000,625.000,-1,-1,2,0,2,0,0,0,0,0,0,2,0,1,1,0,0,2,2
106,-59.534,6378.827,-245.627,-138.696,-0.751247,0.660004,0.004786,-0.659813,-0.751172,0.019658,0.016569,0.011610,0.999795,0,0.86463,0.58291,51.878,1.166,-1,400.000,-1,350.000,975.000,325.000,300.000,300.000,300.000,-1,300.000,400.000,375.000,700.000,625.000,-1,-1,2,0,2,0,0,0,0,0,0,2,0,1,1,0,0,2,2
107,-97.545,6344.025,-244.908,-137.523,-0.737505,0.675274,0.009548,-0.675039,-0.737525,0.019463,0.020185,0.007909,0.999765,0,0.85894,0.58674,51.536,1.173,-1,400.000,-1,375.000,-1,325.000,300.000,300.000,300.000,-1,325.000,425.000,425.000,725.000,650.000,-1,-1,2,0,2,0,2,0,0,0,0,2,0,0,1,0,0,2,2
108,-134.624,6308.642,-243.768,-136.341,-0.723374,0.690352,0.012006,-0.690095,-0.723448,0.019772,0.022336,0.006018,0.999732,0,0.85420,0.59097,51.252,1.182,-1,400.000,-1,375.000,-1,325.000,300.000,300.000,300.000,-1,350.000,475.000,450.000,725.000,650.000,-1,-1,2,0,2,0,2,0,0,0,0,2,0,1,1,0,0,2,2
109,-170.798,6272.657,-242.619,-135.150,-0.708814,0.705249,0.014374,-0.704972,-0.708948,0.020185,0.024426,0.004174,0.999693,0,0.85041,0.59558,51.024,1.191,-1,400.000,-1,375.000,-1,325.000,300.000,300.000,300.000,-1,400.000,525.000,475.000,725.000,650.000,-1,-1,2,0,2,0,2,0,0,0,0,2,0,1,1,0,0,2,2
110,-206.091,6236.046,-241.450,-133.949,-0.693816,0.719958,0.016698,-0.719665,-0.694013,0.020693,0.026487,0.002340,0.999646,0,0.84753,0.60053,50.852,1.201,-1,400.000,-1,375.000,-1,325.000,300.000,300.000,300.000,-1,425.000,550.000,525.000,725.000,650.000,-1,-1,2,0,2,0,2,0,0,0,0,2,0,1,1,0,0,2,2
111,-240.520,6198.784,-240.285,-132.737,-0.678375,0.734474,0.018865,-0.734165,-0.678637,0.021302,0.028448,0.000601,0.999595,0,0.84555,0.60580,50.733,1.212,-1,400.000,-1,375.000,-1,325.000,300.000,300.000,300.000,-1,475.000,575.000,550.000,725.000,675.000,-1,-1,2,0,2,0,2,0,0,0,0,2,0,1,1,0,0,2,2
112,-274.101,6160.846,-239.114,-131.514,-0.662483,0.748788,0.020823,-0.748465,-0.662809,0.022007,0.030280,-0.001006,0.999541,0,0.84442,0.61136,50.665,1.223,-1,400.000,-1,375.000,-1,325.000,300.000,300.000,300.000,-1,475.000,600.000,600.000,725.000,675.000,-1,-1,2,0,2,0,2,0,0,0,0,2,0,0,1,0,0,2,2
113,-306.845,6122.209,-237.924,-130.280,-0.646135,0.762891,0.022522,-0.762554,-0.646523,0.022797,0.031953,-0.002444,0.999486,0,0.84409,0.61720,50.646,1.234,-1,400.000,-1,375.000,-1,325.000,300.000,300.000,275.000,-1,450.000,575.000,625.000,750.000,675.000,-1,-1,2,0,2,0,2,0,0,0,0,2,0,0,1,0,0,2,2
114,-338.757,6082.849,-236.678,-129.033,-0.629323,0.776773,0.023992,-0.776412,-0.629770,0.023949,0.033713,-0.003556,0.999425,0,0.84452,0.62330,50.671,1.247,-1,400.000,-1,375.000,-1,325.000,300.000,300.000,275.000,-1,425.000,550.000,675.000,750.000,700.000,-1,-1,2,0,2,0,2,0,0,0,0,2,0,0,1,0,0,2,2
115,-369.838,6042.742,-234.673,-127.774,-0.612028,0.790416,0.025763,-0.790100,-0.612539,0.023181,0.034104,-0.006168,0.999399,0,0.84567,0.62964,50.740,1.259,-1,400.000,-1,375.000,-1,325.000,325.000,300.000,275.000,-1,500.000,600.000,750.000,750.000,700.000,-1,-1,2,0,2,0,2,0,0,0,0,2,0,0,1,0,0,2,2
116,-400.084,6001.868,-232.705,-126.502,-0.594255,0.803808,0.027444,-0.803541,-0.594825,0.022480,0.034394,-0.008693,0.999371,0,0.84747,0.63621,50.848,1.272,-1,400.000,-1,375.000,-1,325.000,325.000,300.000,275.000,-1,550.000,675.000,800.000,750.000,700.000,-1,-1,2,0,2,0,2,0,0,0,0,2,0,0,1,0,0,2,2
117,-429.490,5960.208,-230.737,-125.216,-0.575999,0.816937,0.028965,-0.816712,-0.576623,0.022079,0.034739,-0.010938,0.999337,0,0.84989,0.64300,50.993,1.286,-1,400.000,-1,375.000,-1,325.000,325.000,300.000,275.000,-1,600.000,750.000,875.000,750.000,700.000,-1,-1,2,0,2,0,2,0,0,0,0,2,0,0,1,0,0,2,2
118,-458.043,5917.742,-228.803,-123.916,-0.557252,0.829788,0.030364,-0.829604,-0.557926,0.021798,0.035028,-0.013043,0.999301,0,0.85287,0.64998,51.172,1.300,-1,400.000,-1,375.000,-1,325.000,325.000,300.000,300.000,-1,650.000,800.000,975.000,750.000,725.000,-1,-1,2,0,2,0,2,0,0,0,0,2,0,0,1,0,0,2,2
119,-483.201,5878.787,-227.087,-122.856,-0.541752,0.839947,0.031521,-0.839797,-0.542468,0.021649,0.035283,-0.014743,0.999269,0,0.77287,0.52998,46.372,1.060,-1,400.000,-1,375.000,-1,325.000,325.000,300.000,300.000,-1,700.000,850.000,-1,750.000,725.000,-1,-1,2,0,2,0,2,0,0,0,0,2,0,1,2,0,0,2,2
120,-507.864,5839.319,-225.394,-122.001,-0.529113,0.847926,0.032569,-0.847805,-0.529867,0.021606,0.035577,-0.016180,0.999236,0,0.77566,0.42733,46.540,0.855,-1,400.000,-1,375.000,-1,325.000,325.000,300.000,300.000,-1,725.000,900.000,-1,750.000,725.000,-1,-1,2,0,2,0,2,0,0,0,0,2,0,1,2,0,0,2,2
121,-532.053,5799.273,-223.702,-121.133,-0.516157,0.855836,0.033567,-0.855748,-0.516947,0.021501,0.035754,-0.017627,0.999205,0,0.77974,0.43407,46.784,0.868,-1,400.000,-1,375.000,-1,325.000,325.000,300.000,300.000,-1,775.000,925.000,-1,750.000,725.000,-1,-1,2,0,2,0,2,0,0,0,0,2,0,1,2,0,0,2,2
122,-555.754,5758.634,-222.030,-120.251,-0.502878,0.863669,0.034489,-0.863613,-0.503701,0.021417,0.035869,-0.019014,0.999176,0,0.78410,0.44093,47.046,0.882,-1,400.000,-1,375.000,-1,325.000,325.000,300.000,300.000,-1,825.000,975.000,-1,750.000,725.000,-1,-1,2,0,2,0,2,0,0,0,0,2,0,1,2,0,0,2,2
123,-578.952,5717.387,-220.350,-119.355,-0.489263,0.871414,0.035477,-0.871391,-0.490122,0.021409,0.036044,-0.020439,0.999141,0,0.78872,0.44792,47.323,0.896,-1,400.000,-1,400.000,-1,325.000,325.000,300.000,300.000,-1,875.000,1000.000,-1,725.000,750.000,-1,-1,2,0,2,0,2,0,0,0,0,2,0,1,2,0,0,2,2
124,-601.632,5675.521,-218.653,-118.445,-0.475305,0.879061,0.036572,-0.879072,-0.476205,0.021489,0.036306,-0.021935,0.999100,0,0.79358,0.45502,47.615,0.910,-1,400.000,-1,400.000,-1,325.000,325.000,300.000,300.000,-1,900.000,-1,-1,725.000,750.000,-1,-1,2,0,2,0,2,0,0,0,0,2,0,2,2,0,0,2,2
125,-623.774,5633.023,-216.958,-117.521,-0.461000,0.886599,0.037691,-0.886645,-0.461944,0.021650,0.036606,-0.023438,0.999055,0,0.79867,0.46223,47.920,0.924,-1,400.000,-1,400.000,-1,325.000,325.000,300.000,300.000,-1,925.000,-1,-1,725.000,750.000,-1,-1,2,0,2,0,2,0,0,0,0,2,0,2,2,0,0,2,2
126,-645.359,5589.883,-215.252,-116.582,-0.446341,0.894018,0.038881,-0.894099,-0.447334,0.021905,0.036976,-0.024986,0.999004,0,0.80398,0.46956,48.239,0.939,-1,400.000,-1,400.000,-1,325.000,325.000,300.000,300.000,-1,975.000,-1,-1,725.000,750.000,-1,-1,2,0,2,0,2,0,0,0,0,2,0,2,2,0,0,2,2
127,-666.366,5546.092,-213.575,-115.628,-0.431332,0.901308,0.039954,-0.901422,-0.432371,0.022219,0.037301,-0.026432,0.998954,0,0.80948,0.47699,48.569,0.954,-1,400.000,-1,400.000,-1,325.000,325.000,300.000,300.000,-1,1000.000,-1,-1,725.000,750.000,-1,-1,2,0,2,0,2,0,0,0,0,2,0,2,2,0,0,2,2
128,-686.772,5501.642,-211.928,-114.659,-0.415968,0.908459,0.040908,-0.908603,-0.417051,0.022587,0.037580,-0.027774,0.998908,0,0.81517,0.48453,48.910,0.969,-1,400.000,-1,400.000,-1,325.000,325.000,300.000,300.000,-1,-1,-1,-1,725.000,750.000,-1,-1,2,0,2,0,2,0,0,0,0,2,2,2,2,0,0,2,2
129,-706.552,5456.525,-210.283,-113.674,-0.400253,0.915460,0.041601,-0.915628,-0.401370,0.022969,0.037724,-0.028897,0.998870,0,0.82104,0.49217,49.262,0.984,-1,400.000,-1,400.000,-1,325.000,325.000,300.000,300.000,-1,-1,-1,-1,725.000,750.000,-1,-1,2,0,2,0,2,0,0,0,0,2,2,2,2,0,0,2,2
130,-725.682,5410.737,-208.477,-112.675,-0.384227,0.922318,0.041226,-0.922488,-0.385332,0.023125,0.037214,-0.029146,0.998882,0,0.82706,0.49991,49.624,1.000,-1,375.000,-1,400.000,-1,325.000,325.000,300.000,300.000,-1,-1,-1,-1,725.000,750.000,-1,-1,2,0,2,0,2,0,0,0,0,2,2,2,2,0,0,2,2
131,-744.227,5363.499,-206.680,-111.435,-0.364196,0.930432,0.040711,-0.930605,-0.365283,0.023294,0.036545,-0.029402,0.998899,0,0.84580,0.61991,50.748,1.240,-1,375.000,-1,400.000,-1,325.000,325.000,300.000,300.000,-1,-1,-1,-1,725.000,750.000,-1,-1,2,0,2,0,2,0,0,0,0,2,2,2,2,0,0,2,2
132,-761.627,5315.575,-204.911,-109.955,-0.340070,0.939550,0.039964,-0.939723,-0.341131,0.023467,0.035681,-0.029575,0.998926,0,0.84975,0.73991,50.985,1.480,-1,375.000,-1,400.000,-1,325.000,325.000,300.000,300.000,-1,-1,-1,-1,725.000,750.000,-1,-1,2,0,2,0,2,0,0,0,0,2,2,2,2,0,0,2,2
133,-777.581,5267.151,-203.100,-108.235,-0.311746,0.949373,0.038795,-0.949517,-0.312782,0.024191,0.035100,-0.029295,0.998954,0,0.84975,0.85991,50.985,1.720,-1,375.000,-1,400.000,-1,325.000,325.000,300.000,300.000,-1,-1,-1,-1,725.000,750.000,-1,-1,2,0,2,0,2,0,0,0,0,2,2,2,2,0,0,2,2
134,-791.869,5218.209,-201.372,-106.275,-0.279126,0.959521,0.037510,-0.959638,-0.280134,0.024903,0.034403,-0.029045,0.998986,0,0.84975,0.97991,50.985,1.960,-1,375.000,-1,400.000,-1,325.000,325.000,300.000,300.000,-1,-1,-1,-1,725.000,750.000,-1,-1,2,0,2,0,2,0,0,0,0,2,2,2,2,0,0,2,2
