timestep,x_cm,y_cm,z_cm,yaw_deg,basis_xx,basis_xy,basis_xz,basis_yx,basis_yy,basis_yz,basis_zx,basis_zy,basis_zz,teleport_flag,throttle_cmd,steering_cmd,cmd_move_cm,cmd_turn_deg,lidar_cm_0,lidar_cm_1,lidar_cm_2,lidar_cm_3,lidar_cm_4,lidar_cm_5,lidar_cm_6,lidar_cm_7,lidar_cm_8,lidar_cm_9,lidar_cm_10,lidar_cm_11,lidar_cm_12,lidar_cm_13,lidar_cm_14,lidar_cm_15,lidar_cm_16,lidar_class_0,lidar_class_1,lidar_class_2,lidar_class_3,lidar_class_4,lidar_class_5,lidar_class_6,lidar_class_7,lidar_class_8,lidar_class_9,lidar_class_10,lidar_class_11,lidar_class_12,lidar_class_13,lidar_class_14,lidar_class_15,lidar_class_16
0,4733.023,2418.537,-198.020,48.364,0.664354,-0.747418,-0.000433,0.747346,0.664281,0.014319,-0.010415,-0.009836,0.999897,0,0.37495,0.73813,0.845,0.001,-1,741.138,-1,648.021,-1,560.260,545.379,710.491,549.054,-1,521.658,525.922,-1,-1,-1,-1,-1,2,0,2,0,2,0,0,0,0,2,0,0,2,2,2,2,2
1,4734.086,2419.453,-198.091,48.380,0.664173,-0.747578,0.000384,0.747541,0.664145,0.009698,-0.007505,-0.006155,0.999953,0,0.37495,0.73813,1.403,0.015,-1,754.587,-1,652.223,-1,567.600,551.084,718.350,540.698,-1,508.888,513.512,-1,-1,-1,-1,-1,2,0,2,0,2,0,0,0,0,2,0,0,2,2,2,2,2
2,4735.489,2420.761,-199.112,48.396,0.663974,-0.747756,0.000131,0.747748,0.663968,0.004405,-0.003381,-0.002827,0.999990,0,0.37495,0.73813,1.918,0.016,-1,769.001,-1,657.165,-1,575.282,557.203,723.406,530.546,-1,484.923,492.320,-1,-1,-1,-1,-1,2,0,2,0,2,0,0,0,0,2,0,0,2,2,2,2,2
3,4737.141,2422.431,-200.641,48.405,0.663856,-0.747860,-0.000761,0.747860,0.663856,0.000713,-0.000028,-0.001042,0.999999,0,0.37495,0.73813,2.349,0.009,-1,777.721,-1,660.028,-1,579.582,560.685,723.898,522.399,-1,462.457,472.536,-1,-1,-1,-1,-1,2,0,2,0,2,0,0,0,0,2,0,0,2,2,2,2,2
4,4738.938,2424.524,-202.338,48.421,0.663649,-0.748042,-0.001732,0.748042,0.663651,-0.000397,0.001447,-0.001032,0.999998,0,0.37495,0.73813,2.759,0.016,-1,777.471,-1,659.162,-1,578.862,559.908,719.948,517.424,-1,448.130,460.552,-1,-1,-1,-1,-1,2,0,2,0,2,0,0,0,0,2,0,0,2,2,2,2,2
5,4740.836,2427.069,-203.971,48.449,0.663289,-0.748358,-0.002696,0.748363,0.663288,0.001503,0.000664,-0.003014,0.999995,0,0.37495,0.73813,3.174,0.028,-1,767.393,-1,654.426,-1,572.807,554.665,711.354,516.356,-1,444.272,458.989,-1,-1,-1,-1,-1,2,0,2,0,2,0,0,0,0,2,0,0,2,2,2,2,2
6,4742.851,2430.091,-205.399,48.487,0.662783,-0.748801,-0.003936,0.748809,0.662758,0.005989,-0.001876,-0.006917,0.999974,0,0.37495,0.73813,3.632,0.039,-1,750.146,-1,647.459,-1,563.066,546.554,697.582,519.540,-1,449.076,466.590,-1,-1,-1,-1,-1,2,0,2,0,2,0,0,0,0,2,0,0,2,2,2,2,2
7,4745.031,2433.684,-206.438,48.556,0.661876,-0.749592,-0.005591,0.749601,0.661805,0.010577,-0.004228,-0.011192,0.999928,0,0.37495,0.73813,4.202,0.069,-1,735.035,-1,642.542,-1,554.917,540.241,684.314,524.610,-1,455.808,476.390,-1,-1,-1,-1,-1,2,0,2,0,2,0,0,0,0,2,0,0,2,2,2,2,2
8,4747.458,2437.840,-207.034,48.661,0.660500,-0.750786,-0.007724,0.750808,0.660378,0.013765,-0.005233,-0.014891,0.999875,0,0.37495,0.73813,4.814,0.105,-1,726.889,-1,641.944,-1,551.352,538.181,673.848,529.950,-1,459.806,483.559,-1,-1,-1,-1,-1,2,0,2,0,2,0,0,0,0,2,0,0,2,2,2,2,2
9,4750.237,2442.495,-207.212,48.786,0.658869,-0.752189,-0.010112,0.752243,0.658715,0.015001,-0.004622,-0.017490,0.999836,0,0.37495,0.73813,5.421,0.124,-1,726.724,-1,645.779,-1,552.905,540.706,667.159,534.400,-1,459.816,486.448,-1,-1,-1,-1,-1,2,0,2,0,2,0,0,0,0,2,0,0,2,2,2,2,2
10,4753.391,2447.580,-207.087,48.927,0.657020,-0.753775,-0.012148,0.753868,0.656869,0.014371,-0.002853,-0.018600,0.999823,0,0.37495,0.73813,5.983,0.141,-1,733.016,-1,652.327,-1,558.252,546.444,664.644,536.466,-1,457.475,486.227,-1,-1,-1,-1,-1,2,0,2,0,2,0,0,0,0,2,0,0,2,2,2,2,2
11,4756.896,2453.016,-206.799,49.080,0.655000,-0.755508,-0.013546,0.755629,0.654881,0.012500,-0.000573,-0.018424,0.999830,0,0.37495,0.73813,6.469,0.154,-1,743.012,-1,659.750,-1,565.564,553.638,665.389,536.073,-1,454.883,484.947,-1,-1,-1,-1,-1,2,0,2,0,2,0,0,0,0,2,0,0,2,2,2,2,2
12,4760.717,2458.774,-206.487,49.246,0.652817,-0.757381,-0.014271,0.757514,0.652742,0.010055,0.001700,-0.017375,0.999848,0,0.37495,0.73813,6.911,0.165,-1,751.963,-1,666.664,-1,573.283,560.494,668.091,533.762,-1,453.358,484.141,-1,-1,-1,-1,-1,2,0,2,0,2,0,0,0,0,2,0,0,2,2,2,2,2
13,4764.817,2464.840,-206.285,49.420,0.650499,-0.759372,-0.014336,0.759499,0.650464,0.007577,0.003571,-0.015817,0.999869,0,0.37495,0.73813,7.321,0.175,-1,760.014,-1,671.927,-1,580.055,566.226,671.776,530.171,-1,453.654,484.784,-1,-1,-1,-1,-1,2,0,2,0,2,0,0,0,0,2,0,0,2,2,2,2,2
14,4769.144,2471.173,-206.240,49.607,0.648022,-0.761497,-0.013752,0.761607,0.648016,0.005491,0.004730,-0.014032,0.999890,0,0.37495,0.73813,7.670,0.186,-1,765.779,-1,674.518,-1,584.861,569.881,675.563,525.941,-1,456.724,487.890,-1,-1,-1,-1,-1,2,0,2,0,2,0,0,0,0,2,0,0,2,2,2,2,2
15,4773.688,2477.755,-206.341,49.790,0.645581,-0.763582,-0.012905,0.763673,0.645591,0.003943,0.005320,-0.012401,0.999909,0,0.37495,0.73813,7.999,0.183,-1,769.246,-1,675.276,-1,587.786,571.957,678.549,521.568,-1,462.110,492.928,-1,-1,-1,-1,-1,2,0,2,0,2,0,0,0,0,2,0,0,2,2,2,2,2
16,4778.379,2484.669,-206.633,49.987,0.642950,-0.765812,-0.012146,0.765888,0.642967,0.002919,0.005574,-0.011180,0.999922,0,0.37495,0.73813,8.355,0.197,-1,770.702,-1,675.101,-1,589.426,573.052,680.043,517.434,-1,468.009,498.862,-1,-1,-1,-1,-1,2,0,2,0,2,0,0,0,0,2,0,0,2,2,2,2,2
17,4783.158,2491.949,-207.118,50.207,0.640001,-0.768281,-0.011943,0.768354,0.640020,0.002651,0.005607,-0.010873,0.999925,0,0.37495,0.73813,8.709,0.220,-1,770.042,-1,674.705,-1,589.947,573.441,678.859,514.507,-1,473.744,505.366,-1,-1,-1,-1,-1,2,0,2,0,2,0,0,0,0,2,0,0,2,2,2,2,2
18,4787.990,2499.611,-207.732,50.446,0.636789,-0.770936,-0.012553,0.771018,0.636806,0.003135,0.005577,-0.011675,0.999916,0,0.37495,0.73813,9.058,0.239,-1,767.743,-1,674.775,-1,589.914,573.664,674.729,513.376,-1,478.933,512.139,-1,-1,-1,-1,-1,2,0,2,0,2,0,0,0,0,2,0,0,2,2,2,2,2
19,4792.858,2507.662,-208.404,50.704,0.633321,-0.773763,-0.013947,0.773869,0.633332,0.004190,0.005591,-0.013446,0.999894,0,0.37495,0.73813,9.408,0.257,-1,764.498,-1,675.669,-1,589.803,574.128,668.214,513.982,-1,483.558,519.046,-1,-1,-1,-1,-1,2,0,2,0,2,0,0,0,0,2,0,0,2,2,2,2,2
20,4798.844,2517.875,-209.225,51.029,0.628912,-0.777306,-0.016265,0.777455,0.628911,0.005812,0.005711,-0.016300,0.999851,0,0.46342,0.81437,11.838,0.326,-1,760.218,-1,677.652,-1,589.857,575.150,658.755,516.100,-1,488.813,527.561,-1,-1,-1,-1,-1,2,0,2,0,2,0,0,0,0,2,0,0,2,2,2,2,2
21,4802.931,2525.056,-209.710,51.263,0.625734,-0.779825,-0.018175,0.780013,0.625726,0.006818,0.006055,-0.018443,0.999812,0,0.46342,0.81437,8.263,0.234,-1,758.158,-1,680.081,-1,590.736,576.739,652.155,518.182,-1,491.776,532.870,-1,-1,-1,-1,-1,2,0,2,0,2,0,0,0,0,2,0,0,2,2,2,2,2
22,4808.103,2534.474,-210.227,51.591,0.621256,-0.783342,-0.020399,0.783581,0.621240,0.007856,0.006519,-0.020865,0.999761,0,0.46342,0.81437,10.744,0.328,-1,756.259,-1,683.490,-1,592.379,579.166,644.797,520.496,-1,496.256,540.260,-1,-1,-1,-1,-1,2,0,2,0,2,0,0,0,0,2,0,0,2,2,2,2,2
23,4813.413,2544.292,-210.630,51.944,0.616417,-0.787110,-0.022082,0.787392,0.616388,0.008917,0.006592,-0.022884,0.999716,0,0.46342,0.81437,11.161,0.353,-1,753.484,-1,686.112,-1,593.631,581.070,638.643,522.237,-1,503.493,550.356,-1,-1,-1,-1,-1,2,0,2,0,2,0,0,0,0,2,0,0,2,2,2,2,2
24,4818.854,2554.485,-210.919,52.321,0.611227,-0.791121,-0.022996,0.791431,0.611177,0.009978,0.006161,-0.024298,0.999686,0,0.46342,0.81437,11.555,0.377,-1,749.834,-1,687.485,-1,594.255,581.869,634.084,523.834,-1,514.089,563.691,-1,-1,-1,-1,-1,2,0,2,0,2,0,0,0,0,2,0,0,2,2,2,2,2
25,4824.418,2565.075,-211.160,52.723,0.605661,-0.795385,-0.023178,0.795705,0.605585,0.010956,0.005323,-0.025078,0.999671,0,0.46342,0.81437,11.962,0.402,-1,745.766,-1,687.632,-1,593.606,581.878,630.985,524.545,-1,527.844,579.634,-1,-1,-1,-1,-1,2,0,2,0,2,0,0,0,0,2,0,0,2,2,2,2,2
26,4830.085,2576.082,-211.434,53.147,0.599759,-0.799846,-0.023134,0.800168,0.599661,0.011736,0.004486,-0.025550,0.999663,0,0.46342,0.81437,12.380,0.424,-1,741.887,-1,687.607,-1,593.019,581.857,628.451,524.574,-1,542.301,596.031,-1,-1,-1,-1,-1,2,0,2,0,2,0,0,0,0,2,0,0,2,2,2,2,2
27,4835.853,2587.470,-211.751,53.592,0.593521,-0.804489,-0.023034,0.804810,0.593400,0.012514,0.003601,-0.025965,0.999656,0,0.46342,0.81437,12.765,0.446,-1,737.761,-1,687.443,-1,592.302,581.873,625.909,524.383,-1,557.386,613.144,-1,-1,-1,-1,-1,2,0,2,0,2,0,0,0,0,2,0,0,2,2,2,2,2
28,4841.745,2599.208,-212.077,54.037,0.587255,-0.809072,-0.023116,0.809397,0.587108,0.013405,0.002726,-0.026582,0.999643,0,0.46342,0.81437,13.134,0.445,-1,733.242,-1,687.414,-1,591.673,582.035,622.883,524.585,-1,572.872,630.833,-1,-1,-1,-1,-1,2,0,2,0,2,0,0,0,0,2,0,0,2,2,2,2,2
29,4847.693,2611.326,-212.478,54.497,0.580738,-0.813761,-0.023167,0.814088,0.580563,0.014361,0.001763,-0.027200,0.999628,0,0.46342,0.81437,13.499,0.460,-1,728.290,-1,687.047,-1,590.814,581.902,619.393,524.595,-1,588.977,649.269,-1,-1,-1,-1,-1,2,0,2,0,2,0,0,0,0,2,0,0,2,2,2,2,2
30,4854.772,2626.347,-212.985,55.088,0.572317,-0.819692,-0.023638,0.820033,0.572094,0.015964,0.000438,-0.028520,0.999593,0,0.46342,0.81437,16.606,0.591,-1,721.377,-1,686.856,-1,589.360,581.587,613.884,525.522,-1,609.566,674.023,-1,-1,-1,-1,-1,2,0,2,0,2,0,0,0,0,2,0,0,2,2,2,2,2
31,4859.436,2636.660,-213.351,55.501,0.566394,-0.823786,-0.023958,0.824134,0.566128,0.017390,-0.000762,-0.029594,0.999562,0,0.46342,0.81437,11.318,0.413,-1,715.745,-1,686.200,-1,587.656,580.286,609.705,526.594,-1,625.197,692.411,-1,-1,-1,-1,-1,2,0,2,0,2,0,0,0,0,2,0,0,2,2,2,2,2
32,4865.367,2649.840,-213.872,56.006,0.559110,-0.828730,-0.024543,0.829089,0.558771,0.019646,-0.002567,-0.031332,0.999506,0,0.46342,0.81437,14.453,0.505,-1,707.489,-1,684.723,-1,584.601,577.807,603.389,528.713,-1,646.276,717.556,-1,-1,-1,-1,-1,2,0,2,0,2,0,0,0,0,2,0,0,2,2,2,2,2
33,4871.388,2663.367,-214.484,56.510,0.551791,-0.833607,-0.025023,0.833970,0.551374,0.021929,-0.004483,-0.032968,0.999446,0,0.46342,0.81437,14.807,0.504,-1,698.877,-1,682.687,-1,579.852,574.900,597.032,530.405,-1,668.321,743.882,-1,-1,-1,-1,-1,2,0,2,0,2,0,0,0,0,2,0,0,2,2,2,2,2
34,4877.414,2677.225,-215.152,57.031,0.544171,-0.838602,-0.024991,0.838947,0.543670,0.024332,-0.006818,-0.034207,0.999392,0,0.46342,0.81437,15.111,0.521,-1,689.481,-1,679.106,-1,574.264,571.105,591.360,531.180,-1,693.558,773.525,-1,-1,-1,-1,-1,2,0,2,0,2,0,0,0,0,2,0,0,2,2,2,2,2
35,4883.443,2691.437,-215.828,57.565,0.536321,-0.843646,-0.024932,0.843965,0.535736,0.026661,-0.009136,-0.035340,0.999334,0,0.46342,0.81437,15.439,0.534,-1,680.286,-1,675.354,-1,568.739,567.453,585.889,531.776,-1,719.905,804.474,-1,-1,-1,-1,-1,2,0,2,0,2,0,0,0,0,2,0,0,2,2,2,2,2
36,4889.388,2705.946,-216.377,58.119,0.528113,-0.848809,-0.024875,0.849093,0.527432,0.029282,-0.011735,-0.036585,0.999262,0,0.46342,0.81437,15.680,0.555,-1,670.683,-1,671.517,-1,562.963,563.673,580.535,532.967,-1,749.869,839.569,-1,-1,-1,-1,-1,2,0,2,0,2,0,0,0,0,2,0,0,2,2,2,2,2
37,4895.351,2720.787,-216.819,58.669,0.519936,-0.853845,-0.024808,0.854090,0.519170,0.031511,-0.014026,-0.037572,0.999196,0,0.46342,0.81437,15.994,0.549,-1,662.124,-1,668.546,-1,558.146,560.803,575.995,534.080,-1,781.205,874.811,-1,-1,-1,-1,-1,2,0,2,0,2,0,0,0,0,2,0,0,2,2,2,2,2
38,4902.458,2739.081,-217.349,59.358,0.509604,-0.860069,-0.024210,0.860245,0.508755,0.033873,-0.016816,-0.038088,0.999133,0,0.51185,0.94225,19.627,0.689,-1,652.442,-1,664.627,-1,552.503,556.326,571.929,534.288,-1,821.995,919.675,-1,-1,-1,-1,-1,2,0,2,0,2,0,0,0,0,2,0,0,2,2,2,2,2
39,4907.224,2751.577,-217.736,59.828,0.502514,-0.864249,-0.023523,0.864363,0.501615,0.035495,-0.018877,-0.038169,0.999093,0,0.51185,0.94225,13.374,0.470,-1,645.690,-1,661.351,-1,548.375,552.512,569.737,533.831,-1,851.591,952.697,-1,-1,-1,-1,-1,2,0,2,0,2,0,0,0,0,2,0,0,2,2,2,2,2
40,4913.264,2767.528,-218.281,60.389,0.493991,-0.869169,-0.022745,0.869203,0.493028,0.037555,-0.021428,-0.038322,0.999036,0,0.51185,0.94225,17.056,0.562,-1,637.191,-1,656.531,-1,543.154,547.603,567.018,533.230,-1,888.356,995.111,-1,-1,-1,-1,-1,2,0,2,0,2,0,0,0,0,2,0,0,2,2,2,2,2
41,4919.365,2783.838,-218.926,60.939,0.485606,-0.873893,-0.022317,0.873849,0.484565,0.039803,-0.023969,-0.038831,0.998958,0,0.51185,0.94225,17.414,0.549,-1,628.305,-1,651.235,-1,536.963,542.545,563.239,533.104,-1,926.131,-1,-1,-1,-1,-1,-1,2,0,2,0,2,0,0,0,0,2,0,2,2,2,2,2,2
42,4925.505,2800.442,-219.585,61.481,0.477272,-0.878476,-0.022184,0.878338,0.476115,0.042865,-0.027094,-0.039943,0.998835,0,0.51185,0.94225,17.703,0.543,-1,617.836,-1,644.944,-1,529.314,536.538,558.082,533.681,-1,970.080,-1,-1,-1,-1,-1,-1,2,0,2,0,2,0,0,0,0,2,0,2,2,2,2,2,2
43,4931.613,2817.392,-220.288,62.028,0.468817,-0.883024,-0.021883,0.882765,0.467535,0.046227,-0.030589,-0.040990,0.998691,0,0.51185,0.94225,18.017,0.547,-1,606.671,-1,637.791,-1,521.032,529.845,552.917,533.870,-1,-1,-1,-1,-1,-1,-1,-1,2,0,2,0,2,0,0,0,0,2,2,2,2,2,2,2,2
44,4937.585,2834.714,-220.986,62.602,0.459902,-0.887717,-0.021186,0.887316,0.458517,0.049329,-0.034076,-0.041485,0.998558,0,0.51185,0.94225,18.322,0.574,-1,596.039,-1,630.512,-1,513.028,523.224,548.932,533.128,-1,-1,-1,-1,-1,-1,-1,-1,2,0,2,0,2,0,0,0,0,2,2,2,2,2,2,2,2
45,4943.558,2852.374,-221.733,63.185,0.450796,-0.892405,-0.019900,0.891836,0.449345,0.052134,-0.037583,-0.041249,0.998442,0,0.51185,0.94225,18.643,0.583,-1,585.605,-1,622.655,-1,505.105,516.108,546.302,530.931,-1,-1,-1,-1,-1,-1,-1,-1,2,0,2,0,2,0,0,0,0,2,2,2,2,2,2,2,2
46,4949.456,2870.424,-222.609,63.791,0.441282,-0.897181,-0.018321,0.896436,0.439801,0.054571,-0.040902,-0.040505,0.998342,0,0.51185,0.94225,18.990,0.606,-1,575.572,-1,613.909,-1,497.395,508.481,544.374,527.542,-1,-1,-1,-1,992.613,-1,-1,-1,2,0,2,0,2,0,0,0,0,2,2,2,2,0,2,2,2
47,4955.338,2888.838,-223.587,64.404,0.431597,-0.901908,-0.016928,0.900991,0.430091,0.056889,-0.044028,-0.039805,0.998237,0,0.51185,0.94225,19.330,0.614,-1,565.743,-1,605.120,-1,489.844,500.967,542.071,524.092,-1,-1,-1,-1,971.111,1005.876,-1,-1,2,0,2,0,2,0,0,0,0,2,2,2,2,0,0,2,2
48,4961.278,2907.586,-224.572,64.996,0.422219,-0.906355,-0.015878,0.905283,0.420685,0.059045,-0.046836,-0.039304,0.998129,0,0.51185,0.94225,19.667,0.592,-1,556.614,-1,597.174,-1,482.510,494.054,539.308,521.090,-1,-1,-1,-1,952.229,989.778,-1,-1,2,0,2,0,2,0,0,0,0,2,2,2,2,0,0,2,2
49,4967.149,2926.607,-225.426,65.572,0.413040,-0.910583,-0.015385,0.909345,0.411435,0.061747,-0.049896,-0.039495,0.997973,0,0.51185,0.94225,19.907,0.576,-1,547.111,-1,589.551,-1,474.994,487.151,535.434,519.825,-1,-1,-1,-1,931.246,974.773,-1,-1,2,0,2,0,2,0,0,0,0,2,2,2,2,0,0,2,2
50,4972.971,2945.914,-226.181,66.126,0.404152,-0.914575,-0.014629,0.913135,0.402480,0.064756,-0.053336,-0.039529,0.997794,0,0.51185,0.94225,20.165,0.554,-1,537.339,-1,581.239,-1,467.196,479.891,532.078,518.596,-1,-1,-1,-1,909.395,957.743,-1,-1,2,0,2,0,2,0,0,0,0,2,2,2,2,0,0,2,2
51,4979.876,2969.299,-227.079,66.776,0.393677,-0.919147,-0.013665,0.917467,0.391946,0.068062,-0.057203,-0.039331,0.997588,0,0.24107,1.00000,24.383,0.650,-1,526.413,-1,571.451,-1,458.404,471.558,528.886,517.003,-1,-1,-1,-1,886.942,938.524,-1,-1,2,0,2,0,2,0,0,0,0,2,2,2,2,0,0,2,2
52,4984.317,2984.838,-227.722,67.213,0.386596,-0.922164,-0.012577,0.920278,0.384842,0.070596,-0.060261,-0.038867,0.997426,0,0.24107,1.00000,16.162,0.437,-1,518.453,-1,563.812,-1,451.871,465.017,527.019,515.479,-1,-1,-1,-1,869.810,923.273,-1,-1,2,0,2,0,2,0,0,0,0,2,2,2,2,0,0,2,2
53,4989.704,3004.234,-228.591,67.760,0.377709,-0.925857,-0.011127,0.923702,0.375944,0.073763,-0.064110,-0.038139,0.997214,0,0.24107,1.00000,20.129,0.547,-1,508.282,-1,554.133,-1,443.632,456.755,524.780,513.195,-1,-1,-1,-1,848.942,904.083,-1,-1,2,0,2,0,2,0,0,0,0,2,2,2,2,0,0,2,2
54,4994.612,3023.637,-229.515,68.361,0.367910,-0.929816,-0.009196,0.927399,0.366199,0.076348,-0.067622,-0.036617,0.997039,0,0.24107,1.00000,20.014,0.601,-1,499.006,-1,544.801,-1,435.638,448.873,523.878,509.542,-1,-1,-1,-1,832.443,885.326,-1,-1,2,0,2,0,2,0,0,0,0,2,2,2,2,0,0,2,2
55,4998.851,3043.035,-230.475,69.071,0.356320,-0.934341,-0.006561,0.931699,0.354765,0.077963,-0.070516,-0.033893,0.996935,0,0.24107,1.00000,19.856,0.710,-1,491.318,-1,535.838,-1,428.666,441.734,525.178,504.137,-1,-1,-1,-1,822.604,868.441,-1,-1,2,0,2,0,2,0,0,0,0,2,2,2,2,0,0,2,2
