timestep,x_cm,y_cm,z_cm,yaw_deg,basis_xx,basis_xy,basis_xz,basis_yx,basis_yy,basis_yz,basis_zx,basis_zy,basis_zz,teleport_flag,throttle_cmd,steering_cmd,cmd_move_cm,cmd_turn_deg,lidar_cm_0,lidar_cm_1,lidar_cm_2,lidar_cm_3,lidar_cm_4,lidar_cm_5,lidar_cm_6,lidar_cm_7,lidar_cm_8,lidar_cm_9,lidar_cm_10,lidar_cm_11,lidar_cm_12,lidar_cm_13,lidar_cm_14,lidar_cm_15,lidar_cm_16,lidar_class_0,lidar_class_1,lidar_class_2,lidar_class_3,lidar_class_4,lidar_class_5,lidar_class_6,lidar_class_7,lidar_class_8,lidar_class_9,lidar_class_10,lidar_class_11,lidar_class_12,lidar_class_13,lidar_class_14,lidar_class_15,lidar_class_16
0,2293.414,6891.474,81.732,119.255,-0.488656,-0.872257,0.019585,0.872473,-0.488596,0.008069,0.002531,0.021031,0.999776,1,0.08000,0.12000,4.800,0.240,-1,375.000,-1,375.000,-1,300.000,325.000,300.000,300.000,-1,850.000,775.000,-1,700.000,725.000,-1,-1,2,0,2,0,2,0,0,0,0,2,0,0,2,0,0,2,2
1,2288.653,6899.810,81.745,119.735,-0.495941,-0.868130,0.019830,0.868352,-0.495885,0.008006,0.002883,0.021189,0.999771,0,0.16000,0.24000,9.600,0.480,-1,375.000,-1,375.000,-1,300.000,325.000,300.000,300.000,-1,850.000,775.000,-1,700.000,725.000,-1,-1,2,0,2,0,2,0,0,0,0,2,0,0,2,0,0,2,2
2,2281.354,6912.223,81.770,120.455,-0.506802,-0.861826,0.020199,0.862056,-0.506752,0.007917,0.003413,0.021426,0.999765,0,0.24000,0.36000,14.400,0.720,-1,375.000,-1,375.000,-1,300.000,325.000,300.000,300.000,-1,825.000,750.000,-1,700.000,725.000,-1,-1,2,0,2,0,2,0,0,0,0,2,0,0,2,0,0,2,2
3,2271.387,6928.634,81.814,121.273,-0.519042,-0.854498,0.020699,0.854739,-0.519000,0.007807,0.004072,0.021744,0.999755,0,0.32000,0.40898,19.200,0.818,-1,375.000,-1,375.000,-1,300.000,325.000,300.000,300.000,-1,825.000,750.000,-1,700.000,700.000,-1,-1,2,0,2,0,2,0,0,0,0,2,0,0,2,0,0,2,2
4,2258.635,6948.966,81.893,122.093,-0.531200,-0.846978,0.021318,0.847232,-0.531168,0.007638,0.004854,0.022118,0.999744,0,0.40000,0.40989,24.000,0.820,-1,375.000,-1,375.000,-1,300.000,325.000,300.000,300.000,-1,800.000,725.000,-1,700.000,700.000,-1,-1,2,0,2,0,2,0,0,0,0,2,0,0,2,0,0,2,2
5,2242.985,6973.143,82.082,122.915,-0.543278,-0.839266,0.021957,0.839532,-0.543264,0.007107,0.005964,0.022295,0.999734,0,0.48000,0.41107,28.800,0.822,-1,375.000,-1,375.000,-1,300.000,325.000,300.000,300.000,-1,775.000,700.000,-1,700.000,700.000,-1,-1,2,0,2,0,2,0,0,0,0,2,0,0,2,0,0,2,2
6,2224.323,7001.083,82.322,123.740,-0.555281,-0.831352,0.022730,0.831631,-0.555290,0.006511,0.007208,0.022519,0.999720,0,0.56000,0.41254,33.600,0.825,-1,375.000,-1,375.000,-1,300.000,325.000,300.000,300.000,-1,750.000,700.000,-1,700.000,700.000,-1,-1,2,0,2,0,2,0,0,0,0,2,0,0,2,0,0,2,2
7,2202.535,7032.703,82.661,124.569,-0.567220,-0.823232,0.023451,0.823523,-0.567253,0.005869,0.008471,0.022642,0.999708,0,0.64000,0.41432,38.400,0.829,-1,375.000,-1,375.000,-1,325.000,325.000,300.000,300.000,-1,725.000,675.000,-1,700.000,700.000,-1,-1,2,0,2,0,2,0,0,0,0,2,0,0,2,0,0,2,2
8,2177.508,7067.916,83.108,125.402,-0.579100,-0.814899,0.024130,0.815198,-0.579159,0.005177,0.009756,0.022669,0.999695,0,0.72000,0.41643,43.200,0.833,-1,375.000,-1,375.000,-1,325.000,325.000,300.000,300.000,-1,725.000,650.000,-1,700.000,700.000,-1,-1,2,0,2,0,2,0,0,0,0,2,0,0,2,0,0,2,2
9,2149.133,7106.630,83.641,126.240,-0.590923,-0.806343,0.024912,0.806651,-0.591012,0.004427,0.011154,0.022711,0.999680,0,0.80000,0.41889,48.000,0.838,-1,375.000,-1,375.000,-1,325.000,325.000,300.000,300.000,-1,700.000,650.000,-1,700.000,700.000,-1,-1,2,0,2,0,2,0,0,0,0,2,0,0,2,0,0,2,2
10,2120.132,7144.999,84.235,127.083,-0.602697,-0.797557,0.025694,0.797871,-0.602818,0.003600,0.012618,0.022670,0.999663,0,0.80160,0.42173,48.096,0.843,-1,375.000,-1,375.000,-1,325.000,325.000,300.000,300.000,-1,700.000,650.000,-1,700.000,700.000,-1,-1,2,0,2,0,2,0,0,0,0,2,0,0,2,0,0,2,2
11,2090.509,7183.007,84.933,127.932,-0.614417,-0.788538,0.026431,0.788852,-0.614578,0.002492,0.014278,0.022381,0.999648,0,0.80314,0.42467,48.188,0.849,-1,375.000,-1,375.000,-1,325.000,325.000,300.000,300.000,-1,675.000,625.000,-1,700.000,725.000,-1,-1,2,0,2,0,2,0,0,0,0,2,0,0,2,0,0,2,2
12,2060.258,7220.648,85.669,128.788,-0.626085,-0.779280,0.027204,0.779592,-0.626286,0.001414,0.015935,0.022093,0.999629,0,0.80484,0.42771,48.291,0.855,-1,375.000,-1,375.000,-1,325.000,325.000,300.000,300.000,-1,650.000,625.000,-1,700.000,725.000,-1,-1,2,0,2,0,2,0,0,0,0,2,0,0,2,0,0,2,2
13,2029.434,7257.850,86.474,129.645,-0.637624,-0.769832,0.028173,0.770145,-0.637869,0.000372,0.017684,0.021935,0.999603,0,0.80520,0.42832,48.312,0.857,-1,375.000,-1,375.000,-1,325.000,325.000,300.000,300.000,-1,650.000,600.000,-1,700.000,725.000,-1,-1,2,0,2,0,2,0,0,0,0,2,0,0,2,0,0,2,2
14,1998.057,7294.586,87.324,130.501,-0.649018,-0.760212,0.029216,0.760524,-0.649309,-0.000629,0.019449,0.021812,0.999573,0,0.80520,0.42832,48.312,0.857,-1,375.000,-1,375.000,-1,325.000,325.000,300.000,300.000,-1,625.000,600.000,-1,725.000,725.000,-1,-1,2,0,2,0,2,0,0,0,0,2,0,0,2,0,0,2,2
15,1966.134,7330.849,88.254,131.358,-0.660267,-0.750418,0.030331,0.750736,-0.660601,-0.001366,0.021062,0.021868,0.999539,0,0.80520,0.42832,48.312,0.857,-1,375.000,-1,375.000,-1,325.000,325.000,300.000,300.000,-1,625.000,600.000,-1,725.000,725.000,-1,-1,2,0,2,0,2,0,0,0,0,2,0,0,2,0,0,2,2
16,1933.672,7366.630,89.240,132.214,-0.671367,-0.740456,0.031484,0.740780,-0.671745,-0.001967,0.022606,0.022002,0.999502,0,0.80520,0.42832,48.312,0.857,-1,375.000,-1,375.000,-1,325.000,325.000,300.000,300.000,-1,625.000,600.000,-1,725.000,725.000,-1,-1,2,0,2,0,2,0,0,0,0,2,0,0,2,0,0,2,2
17,1900.636,7401.974,90.263,133.068,-0.682274,-0.730367,0.032655,0.730698,-0.682696,-0.002532,0.024143,0.022133,0.999463,0,0.80633,0.42666,48.380,0.853,-1,375.000,-1,375.000,-1,325.000,325.000,300.000,300.000,-1,625.000,600.000,-1,725.000,725.000,-1,-1,2,0,2,0,2,0,0,0,0,2,0,0,2,0,0,2,2
18,1866.944,7436.953,91.448,133.925,-0.693097,-0.720076,0.033271,0.720400,-0.693552,-0.003116,0.025319,0.021808,0.999442,0,0.80943,0.42864,48.566,0.857,-1,375.000,-1,375.000,-1,325.000,325.000,300.000,300.000,-1,625.000,600.000,-1,725.000,725.000,-1,-1,2,0,2,0,2,0,0,0,0,2,0,0,2,0,0,2,2
19,1832.586,7471.574,92.686,134.783,-0.703770,-0.709621,0.033849,0.709935,-0.704257,-0.003688,0.026455,0.021436,0.999420,0,0.81293,0.42879,48.776,0.858,-1,375.000,-1,375.000,-1,325.000,325.000,300.000,300.000,-1,650.000,625.000,-1,725.000,725.000,-1,-1,2,0,2,0,2,0,0,0,0,2,0,0,2,0,0,2,2
20,1797.562,7505.824,93.966,135.640,-0.714287,-0.699005,0.034436,0.699309,-0.714807,-0.004242,0.027580,0.021051,0.999398,0,0.81645,0.42884,48.987,0.858,-1,375.000,-1,375.000,-1,325.000,325.000,300.000,300.000,-1,675.000,650.000,-1,725.000,725.000,-1,-1,2,0,2,0,2,0,0,0,0,2,0,0,2,0,0,2,2
21,1760.261,7541.521,95.386,136.258,-0.721747,-0.691261,0.035217,0.691560,-0.722303,-0.004797,0.028753,0.020892,0.999368,0,0.86050,0.30884,51.630,0.618,-1,375.000,-1,375.000,-1,325.000,325.000,300.000,300.000,-1,675.000,675.000,-1,750.000,725.000,-1,-1,2,0,2,0,2,0,0,0,0,2,0,0,2,0,0,2,2
22,1722.563,7577.126,96.848,136.636,-0.726252,-0.686485,0.036003,0.686781,-0.726845,-0.005346,0.029838,0.020843,0.999337,0,0.86423,0.18884,51.854,0.378,-1,375.000,-1,375.000,-1,325.000,325.000,300.000,300.000,-1,700.000,675.000,-1,750.000,725.000,-1,-1,2,0,2,0,2,0,0,0,0,2,0,0,2,0,0,2,2
23,1684.616,7612.794,98.432,136.773,-0.727874,-0.684741,0.036462,0.685023,-0.728497,-0.006053,0.030707,0.020571,0.999317,0,0.86798,0.06884,52.079,0.138,-1,375.000,-1,375.000,-1,325.000,325.000,300.000,300.000,-1,725.000,700.000,-1,750.000,725.000,-1,-1,2,0,2,0,2,0,0,0,0,2,0,0,2,0,0,2,2
24,1646.568,7648.685,100.067,136.671,-0.726627,-0.686044,0.036841,0.686311,-0.727276,-0.006830,0.031479,0.020321,0.999298,0,0.87174,-0.05116,52.304,-0.102,-1,375.000,-1,375.000,-1,325.000,325.000,300.000,300.000,-1,750.000,725.000,-1,750.000,725.000,-1,-1,2,0,2,0,2,0,0,0,0,2,0,0,2,0,0,2,2
25,1608.572,7684.958,101.719,136.329,-0.722491,-0.690378,0.037219,0.690632,-0.723166,-0.007595,0.032159,0.020217,0.999278,0,0.87551,-0.17116,52.531,-0.342,-1,400.000,-1,375.000,-1,325.000,325.000,300.000,300.000,-1,775.000,750.000,-1,750.000,750.000,-1,-1,2,0,2,0,2,0,0,0,0,2,0,0,2,0,0,2,2
26,1570.783,7721.775,103.417,135.746,-0.715413,-0.697689,0.037607,0.697940,-0.716110,-0.008171,0.032632,0.020402,0.999259,0,0.87930,-0.29116,52.758,-0.582,-1,400.000,-1,400.000,-1,325.000,325.000,300.000,300.000,-1,800.000,775.000,-1,750.000,750.000,-1,-1,2,0,2,0,2,0,0,0,0,2,0,0,2,0,0,2,2
27,1533.366,7759.291,105.142,134.924,-0.705301,-0.707889,0.037997,0.708142,-0.706017,-0.008643,0.032945,0.020811,0.999240,0,0.88310,-0.41116,52.986,-0.822,-1,400.000,-1,400.000,-1,325.000,325.000,300.000,300.000,-1,850.000,800.000,-1,725.000,750.000,-1,-1,2,0,2,0,2,0,0,0,0,2,0,0,2,1,0,2,2
28,1496.411,7797.580,106.872,133.984,-0.693567,-0.719369,0.038375,0.719627,-0.694301,-0.009103,0.033192,0.021303,0.999222,0,0.88689,-0.47001,53.214,-0.940,-1,400.000,975.000,400.000,-1,325.000,325.000,300.000,300.000,-1,850.000,825.000,-1,675.000,750.000,-1,-1,2,0,1,0,2,0,0,0,0,2,0,0,2,1,0,2,2
29,1459.933,7836.634,108.613,133.046,-0.681673,-0.730630,0.038737,0.730893,-0.682425,-0.009567,0.033425,0.021791,0.999204,0,0.89067,-0.46898,53.440,-0.938,-1,400.000,925.000,400.000,-1,325.000,325.000,300.000,300.000,-1,875.000,875.000,-1,625.000,750.000,925.000,-1,2,0,1,0,2,1,0,0,0,2,0,0,2,1,0,1,2
30,1423.946,7876.447,110.357,132.111,-0.669628,-0.741667,0.039085,0.741935,-0.670398,-0.010012,0.033628,0.022295,0.999186,0,0.89444,-0.46777,53.666,-0.936,-1,375.000,875.000,400.000,-1,325.000,325.000,300.000,300.000,-1,875.000,875.000,-1,600.000,750.000,825.000,-1,2,1,1,0,2,1,0,0,0,2,0,0,2,1,0,1,2
31,1388.464,7917.008,112.083,131.178,-0.657448,-0.752475,0.039303,0.752745,-0.658229,-0.010441,0.033727,0.022721,0.999173,0,0.89818,-0.46636,53.891,-0.933,-1,375.000,825.000,400.000,-1,300.000,325.000,300.000,300.000,-1,900.000,900.000,-1,550.000,725.000,750.000,-1,2,1,1,0,2,1,0,0,0,2,0,0,2,1,1,1,2
32,1353.502,7958.310,113.775,130.248,-0.645145,-0.763048,0.039311,0.763318,-0.645932,-0.010850,0.033671,0.023007,0.999168,0,0.90188,-0.46475,54.113,-0.930,-1,350.000,775.000,400.000,-1,300.000,325.000,300.000,300.000,-1,925.000,925.000,-1,525.000,700.000,675.000,-1,2,1,1,0,2,1,0,0,0,2,0,0,2,1,1,1,2
33,1319.073,8000.340,115.517,129.323,-0.632723,-0.773377,0.039368,0.773656,-0.633511,-0.010993,0.033441,0.023502,0.999164,0,0.90553,-0.46292,54.332,-0.926,900.000,325.000,725.000,400.000,-1,300.000,325.000,300.000,300.000,-1,975.000,950.000,-1,475.000,675.000,575.000,-1,1,1,1,0,2,1,0,0,0,2,0,0,2,1,1,1,2
34,1285.190,8043.088,117.264,128.401,-0.620193,-0.783458,0.039432,0.783747,-0.620981,-0.011101,0.033183,0.024020,0.999161,0,0.90911,-0.46084,54.547,-0.922,700.000,325.000,675.000,400.000,-1,275.000,325.000,300.000,300.000,-1,1000.000,1000.000,-1,450.000,650.000,500.000,-1,1,1,1,0,2,1,1,0,0,2,0,0,2,1,1,1,2
35,1249.277,8090.334,119.153,127.239,-0.604173,-0.795873,0.039502,0.796177,-0.604960,-0.011200,0.032811,0.024683,0.999157,0,0.98911,-0.58084,59.347,-1.162,550.000,300.000,625.000,400.000,-1,250.000,300.000,300.000,300.000,-1,-1,-1,-1,400.000,625.000,425.000,-1,1,1,1,0,2,1,1,0,0,2,2,2,2,1,1,1,2
36,1214.083,8138.929,122.337,125.911,-0.585237,-0.809556,0.046003,0.810047,-0.586250,-0.011581,0.036345,0.030487,0.998874,0,1.00000,-0.66428,60.000,-1.329,450.000,275.000,625.000,400.000,-1,250.000,300.000,325.000,300.000,-1,925.000,875.000,-1,375.000,625.000,375.000,-1,1,1,1,1,2,1,1,0,0,2,0,0,2,1,1,1,2
37,1180.016,8188.321,126.411,124.590,-0.565759,-0.822578,0.057284,0.823457,-0.567239,-0.012576,0.042838,0.040056,0.998279,0,1.00000,-0.66051,60.000,-1.321,375.000,275.000,625.000,400.000,-1,250.000,275.000,350.000,300.000,-1,725.000,625.000,-1,350.000,625.000,325.000,-1,1,1,1,1,2,1,1,0,0,2,0,0,2,1,1,1,2
38,1147.086,8238.479,131.039,123.277,-0.545740,-0.834895,0.071536,0.836390,-0.547947,-0.014342,0.051172,0.052005,0.997335,0,1.00000,-0.65626,60.000,-1.313,325.000,250.000,650.000,400.000,-1,225.000,275.000,375.000,300.000,-1,550.000,425.000,-1,325.000,650.000,300.000,-1,1,1,1,1,2,1,1,0,0,2,0,0,2,1,1,1,2
39,1115.301,8289.370,136.188,121.974,-0.525094,-0.846425,0.088553,0.848839,-0.528376,-0.017054,0.061224,0.066212,0.995925,0,1.00000,-0.65145,60.000,-1.303,300.000,250.000,700.000,400.000,-1,225.000,275.000,425.000,275.000,-1,425.000,250.000,-1,325.000,675.000,250.000,-1,1,1,1,1,2,1,1,0,0,2,0,0,2,1,1,1,2
40,1084.666,8340.963,141.825,120.682,-0.503719,-0.857075,0.108116,0.860789,-0.508534,-0.020861,0.072860,0.082557,0.993919,0,1.00000,-0.64602,60.000,-1.292,250.000,225.000,750.000,400.000,-1,225.000,275.000,475.000,275.000,-1,325.000,175.000,875.000,300.000,700.000,225.000,-1,1,1,1,1,2,1,1,0,0,2,0,0,0,1,1,1,2
41,1055.184,8393.224,147.908,119.402,-0.481513,-0.866751,0.129952,0.872214,-0.488437,-0.025940,0.085957,0.100855,0.991181,0,1.00000,-0.63991,60.000,-1.280,225.000,225.000,850.000,425.000,-1,225.000,275.000,525.000,275.000,-1,275.000,100.000,650.000,300.000,750.000,200.000,-1,1,1,1,1,2,1,1,0,0,2,0,0,0,1,1,1,2
42,-8854.969,-4263.547,280.644,15.410,0.917035,-0.265573,0.297518,0.263504,0.963472,0.047830,-0.299353,0.034536,0.953517,1,0.00000,0.00000,60.000,-1.266,375.000,250.000,500.000,225.000,275.000,225.000,200.000,650.000,475.000,-1,0.000,0.000,800.000,325.000,300.000,325.000,250.000,0,0,0,0,0,0,0,0,0,2,1,1,1,0,0,0,0
43,6235.473,-986.373,168.517,-31.002,0.856072,0.515057,-0.043104,-0.514063,0.857138,0.032467,0.053668,-0.005636,0.998543,1,0.08000,-0.12000,4.800,-0.240,-1,300.000,450.000,225.000,325.000,225.000,200.000,275.000,400.000,-1,250.000,400.000,-1,450.000,300.000,975.000,275.000,2,1,1,1,1,1,1,0,0,2,0,0,2,1,1,1,1
44,6243.660,-991.387,169.226,-31.482,0.851727,0.522214,-0.043048,-0.521105,0.852784,0.034762,0.054863,-0.007175,0.998468,0,0.16000,-0.24000,9.600,-0.480,-1,275.000,450.000,225.000,325.000,225.000,200.000,275.000,400.000,-1,250.000,400.000,-1,425.000,300.000,925.000,250.000,2,1,1,1,1,1,1,0,0,2,0,0,2,1,1,1,1
45,6255.845,-999.061,170.300,-32.202,0.845104,0.532878,-0.042901,-0.531588,0.846138,0.038274,0.056696,-0.009540,0.998346,0,0.24000,-0.36000,14.400,-0.720,-1,275.000,425.000,225.000,325.000,225.000,200.000,275.000,425.000,-1,225.000,375.000,-1,425.000,275.000,850.000,250.000,2,1,1,1,1,1,1,0,0,2,0,0,2,1,1,1,1
46,6271.918,-1009.563,171.750,-33.162,0.836075,0.546960,-0.042585,-0.545411,0.837061,0.043087,0.059213,-0.012798,0.998163,0,0.32000,-0.48000,19.200,-0.960,-1,250.000,425.000,200.000,300.000,200.000,200.000,275.000,425.000,-1,200.000,350.000,-1,400.000,275.000,775.000,250.000,2,1,1,1,1,1,1,0,0,2,0,0,2,1,1,1,1
47,2295.762,-8199.149,94.526,16.469,0.958895,-0.283445,0.013408,0.283057,0.958774,0.025125,-0.019976,-0.020297,0.999594,1,0.00000,0.00000,24.000,-1.200,-1,400.000,-1,400.000,-1,325.000,325.000,300.000,300.000,-1,-1,-1,-1,750.000,750.000,-1,-1,2,0,2,0,2,0,0,0,0,2,2,2,2,0,0,2,2
48,2300.367,-8197.792,94.432,16.416,0.959159,-0.282551,0.013378,0.282165,0.959037,0.025112,-0.019925,-0.020312,0.999595,0,0.08000,-0.02670,4.800,-0.053,-1,400.000,-1,400.000,-1,325.000,325.000,300.000,300.000,-1,-1,-1,-1,750.000,750.000,-1,-1,2,0,2,0,2,0,0,0,0,2,2,2,2,0,0,2,2
49,2309.578,-8195.088,94.245,16.363,0.959423,-0.281657,0.013318,0.281272,0.959300,0.025088,-0.019842,-0.020324,0.999597,0,0.16000,-0.02670,9.600,-0.053,-1,400.000,-1,400.000,-1,325.000,325.000,300.000,300.000,-1,-1,-1,-1,750.000,750.000,-1,-1,2,0,2,0,2,0,0,0,0,2,2,2,2,0,0,2,2
50,2323.398,-8191.044,93.963,16.309,0.959686,-0.280763,0.013228,0.280381,0.959562,0.025051,-0.019727,-0.020332,0.999599,0,0.24000,-0.02670,14.400,-0.053,-1,400.000,-1,400.000,-1,325.000,325.000,300.000,300.000,-1,-1,-1,-1,750.000,750.000,-1,-1,2,0,2,0,2,0,0,0,0,2,2,2,2,0,0,2,2
51,2341.831,-8185.670,93.587,16.256,0.959949,-0.279868,0.013107,0.279490,0.959823,0.025003,-0.019578,-0.020338,0.999601,0,0.32000,-0.02670,19.200,-0.053,-1,400.000,-1,400.000,-1,325.000,325.000,300.000,300.000,-1,-1,-1,-1,750.000,750.000,-1,-1,2,0,2,0,2,0,0,0,0,2,2,2,2,0,0,2,2
52,2364.877,-8178.973,93.117,16.202,0.960211,-0.278973,0.012952,0.278600,0.960083,0.024942,-0.019394,-0.020341,0.999605,0,0.40000,-0.02670,24.000,-0.053,-1,400.000,-1,400.000,-1,325.000,325.000,300.000,300.000,-1,-1,-1,-1,750.000,750.000,-1,-1,2,0,2,0,2,0,0,0,0,2,2,2,2,0,0,2,2
53,2392.541,-8170.963,92.552,16.149,0.960474,-0.278079,0.012764,0.277710,0.960343,0.024869,-0.019173,-0.020341,0.999609,0,0.48000,-0.02670,28.800,-0.053,-1,400.000,-1,400.000,-1,325.000,325.000,300.000,300.000,-1,-1,-1,-1,750.000,750.000,-1,-1,2,0,2,0,2,0,0,0,0,2,2,2,2,0,0,2,2
54,2424.824,-8161.647,91.892,16.096,0.960735,-0.277183,0.012539,0.276822,0.960602,0.024782,-0.018914,-0.020338,0.999614,0,0.56000,-0.02670,33.600,-0.053,-1,400.000,-1,400.000,-1,325.000,325.000,300.000,300.000,-1,-1,-1,-1,750.000,750.000,-1,-1,2,0,2,0,2,0,0,0,0,2,2,2,2,0,0,2,2
55,2461.729,-8151.036,91.135,16.042,0.960996,-0.276288,0.012275,0.275934,0.960860,0.024681,-0.018614,-0.020332,0.999620,0,0.64000,-0.02670,38.400,-0.053,-1,400.000,-1,400.000,-1,325.000,325.000,300.000,300.000,-1,-1,-1,-1,750.000,750.000,-1,-1,2,0,2,0,2,0,0,0,0,2,2,2,2,0,0,2,2
56,2503.257,-8139.136,90.282,15.989,0.961257,-0.275393,0.011971,0.275046,0.961117,0.024566,-0.018271,-0.020322,0.999627,0,0.72000,-0.02670,43.200,-0.053,-1,400.000,-1,400.000,-1,325.000,325.000,300.000,300.000,-1,-1,-1,-1,750.000,750.000,-1,-1,2,0,2,0,2,0,0,0,0,2,2,2,2,0,0,2,2
57,2549.413,-8125.958,89.346,15.935,0.961518,-0.274497,0.011648,0.274158,0.961373,0.024497,-0.017923,-0.020360,0.999632,0,0.80000,-0.02670,48.000,-0.053,-1,400.000,-1,400.000,-1,325.000,325.000,300.000,300.000,-1,-1,-1,-1,750.000,750.000,-1,-1,2,0,2,0,2,0,0,0,0,2,2,2,2,0,0,2,2
58,2600.196,-8111.505,88.375,15.885,0.961762,-0.273656,0.011265,0.273323,0.961606,0.024652,-0.017579,-0.020631,0.999633,0,0.88000,-0.02500,52.800,-0.050,-1,400.000,-1,400.000,-1,325.000,325.000,300.000,300.000,-1,-1,-1,-1,750.000,750.000,-1,-1,2,0,2,0,2,0,0,0,0,2,2,2,2,0,0,2,2
59,2652.779,-8096.587,87.389,15.840,0.961985,-0.272889,0.010784,0.272562,0.961817,0.024877,-0.017161,-0.020992,0.999632,0,0.91096,-0.02279,54.658,-0.046,-1,400.000,-1,400.000,-1,325.000,325.000,300.000,300.000,-1,-1,-1,-1,750.000,750.000,-1,-1,2,0,2,0,2,0,0,0,0,2,2,2,2,0,0,2,2
60,2705.475,-8081.676,86.449,15.799,0.962183,-0.272201,0.010486,0.271879,0.962007,0.024972,-0.016885,-0.021176,0.999633,0,0.91275,-0.02045,54.765,-0.041,-1,400.000,-1,400.000,-1,325.000,325.000,300.000,300.000,-1,-1,-1,-1,725.000,750.000,-1,-1,2,0,2,0,2,0,0,0,0,2,2,2,2,0,0,2,2
61,2758.276,-8066.772,85.599,15.763,0.962357,-0.271596,0.010251,0.271284,0.962182,0.024708,-0.016574,-0.020997,0.999642,0,0.91441,-0.01804,54.865,-0.036,-1,400.000,-1,400.000,-1,325.000,325.000,300.000,300.000,-1,-1,-1,-1,725.000,750.000,-1,-1,2,0,2,0,2,0,0,0,0,2,2,2,2,0,0,2,2
62,2811.174,-8051.871,84.758,15.732,0.962506,-0.271075,0.009992,0.270773,0.962334,0.024408,-0.016232,-0.020787,0.999652,0,0.91595,-0.01556,54.957,-0.031,-1,400.000,-1,400.000,-1,325.000,325.000,300.000,300.000,-1,-1,-1,-1,725.000,750.000,-1,-1,2,0,2,0,2,0,0,0,0,2,2,2,2,0,0,2,2
63,2860.877,-8038.124,83.995,15.461,0.963781,-0.266519,0.009668,0.266228,0.963607,0.024170,-0.015758,-0.020720,0.999661,0,0.85948,-0.13556,51.569,-0.271,-1,400.000,-1,400.000,-1,325.000,325.000,300.000,300.000,-1,-1,-1,-1,725.000,750.000,-1,-1,2,0,2,0,2,0,0,0,0,2,2,2,2,0,0,2,2
64,2910.766,-8024.804,83.242,14.949,0.966123,-0.257912,0.009335,0.257634,0.965946,0.023926,-0.015188,-0.020710,0.999670,0,0.86060,-0.25556,51.636,-0.511,-1,400.000,-1,400.000,-1,325.000,325.000,300.000,300.000,-1,-1,-1,-1,725.000,750.000,-1,-1,2,0,2,0,2,0,0,0,0,2,2,2,2,0,0,2,2
65,2960.876,-8012.126,82.501,14.198,0.969424,-0.245227,0.008995,0.244962,0.969243,0.023680,-0.014526,-0.020753,0.999679,0,0.86150,-0.37556,51.690,-0.751,-1,400.000,-1,400.000,-1,325.000,325.000,300.000,300.000,-1,-1,-1,-1,725.000,750.000,-1,-1,2,0,2,0,2,0,0,0,0,2,2,2,2,0,0,2,2
66,3011.235,-8000.307,81.779,13.207,0.973523,-0.228425,0.008646,0.228173,0.973338,0.023439,-0.013769,-0.020846,0.999688,0,0.86212,-0.49556,51.727,-0.991,-1,400.000,-1,400.000,-1,325.000,325.000,300.000,300.000,-1,-1,-1,-1,750.000,750.000,-1,-1,2,0,2,0,2,0,0,0,0,2,2,2,2,0,0,2,2
67,3061.855,-7989.570,81.080,11.976,0.978209,-0.207459,0.008286,0.207222,0.978019,0.023208,-0.012919,-0.020985,0.999696,0,0.86243,-0.61556,51.746,-1.231,-1,400.000,-1,400.000,-1,325.000,325.000,300.000,300.000,-1,-1,-1,-1,750.000,750.000,-1,-1,2,0,2,0,2,0,0,0,0,2,2,2,2,0,0,2,2
68,3112.731,-7980.136,80.408,10.505,0.983215,-0.182281,0.007915,0.182060,0.983019,0.022994,-0.011972,-0.021167,0.999704,0,0.86239,-0.73556,51.743,-1.471,-1,400.000,-1,400.000,-1,325.000,325.000,300.000,300.000,-1,-1,-1,-1,750.000,750.000,-1,-1,2,0,2,0,2,0,0,0,0,2,2,2,2,0,0,2,2
69,3163.841,-7972.229,79.768,8.794,0.988221,-0.152846,0.007534,0.152641,0.988019,0.022804,-0.010929,-0.021386,0.999712,0,0.86197,-0.85556,51.718,-1.711,-1,400.000,-1,400.000,-1,325.000,325.000,300.000,300.000,-1,-1,-1,-1,750.000,750.000,-1,-1,2,0,2,0,2,0,0,0,0,2,2,2,2,0,0,2,2
70,3215.141,-7966.055,79.165,6.862,0.992813,-0.119459,0.007143,0.119270,0.992604,0.022645,-0.009795,-0.021630,0.999718,0,0.86116,-0.96572,51.670,-1.931,-1,400.000,-1,400.000,-1,325.000,325.000,300.000,300.000,-1,-1,-1,-1,750.000,750.000,-1,-1,2,0,2,0,2,0,0,0,0,2,2,2,2,0,0,2,2
71,3266.546,-7961.614,78.616,4.937,0.996268,-0.086047,0.006787,0.085874,0.996050,0.022582,-0.008703,-0.021915,0.999722,0,0.85995,-0.96254,51.597,-1.925,-1,400.000,-1,400.000,-1,325.000,325.000,300.000,300.000,-1,-1,-1,-1,750.000,750.000,-1,-1,2,0,2,0,2,0,0,0,0,2,2,2,2,0,0,2,2
72,3317.983,-7958.905,78.176,3.015,0.998595,-0.052584,0.006587,0.052424,0.998372,0.022496,-0.007759,-0.022119,0.999725,0,0.85847,-0.96121,51.508,-1.922,-1,400.000,-1,400.000,-1,325.000,325.000,300.000,300.000,-1,-1,-1,-1,750.000,775.000,-1,-1,2,0,2,0,2,0,0,0,0,2,2,2,2,0,0,2,2
73,3369.379,-7957.923,77.818,1.095,0.999797,-0.019100,0.006467,0.018952,0.999572,0.022269,-0.006890,-0.022141,0.999731,0,0.85676,-0.96015,51.405,-1.920,-1,400.000,-1,400.000,-1,325.000,325.000,300.000,300.000,-1,-1,-1,-1,750.000,775.000,-1,-1,2,0,2,0,2,0,0,0,0,2,2,2,2,0,0,2,2
74,3420.666,-7958.661,77.512,-0.824,0.999877,0.014378,0.006321,-0.014515,0.999650,0.022104,-0.006001,-0.022193,0.999736,0,0.85487,-0.95937,51.292,-1.919,-1,400.000,-1,400.000,-1,325.000,325.000,300.000,300.000,-1,-1,-1,-1,750.000,775.000,-1,-1,2,0,2,0,2,0,0,0,0,2,2,2,2,0,0,2,2
75,3471.778,-7961.109,77.264,-2.742,0.998836,0.047824,0.006215,-0.047950,0.998607,0.022021,-0.005153,-0.022293,0.999738,0,0.85285,-0.95888,51.171,-1.918,-1,400.000,-1,400.000,-1,325.000,325.000,300.000,300.000,-1,-1,-1,-1,750.000,775.000,-1,-1,2,0,2,0,2,0,0,0,0,2,2,2,2,0,0,2,2
76,3522.655,-7965.255,77.054,-4.659,0.996678,0.081208,0.006114,-0.081324,0.996446,0.021951,-0.004310,-0.022376,0.999740,0,0.85076,-0.95867,51.045,-1.917,-1,400.000,-1,400.000,-1,325.000,325.000,300.000,300.000,-1,-1,-1,-1,750.000,775.000,-1,-1,2,0,2,0,2,0,0,0,0,2,2,2,2,0,0,2,2
77,3573.239,-7971.087,76.882,-6.577,0.993405,0.114504,0.006021,-0.114609,0.993169,0.021895,-0.003473,-0.022441,0.999742,0,0.84865,-0.95875,50.919,-1.918,-1,400.000,-1,400.000,-1,325.000,325.000,300.000,300.000,-1,-1,-1,-1,750.000,775.000,-1,-1,2,0,2,0,2,0,0,0,0,2,2,2,2,0,0,2,2
78,3623.477,-7978.590,76.747,-8.495,0.989017,0.147684,0.005938,-0.147780,0.988779,0.021852,-0.002644,-0.022489,0.999744,0,0.84658,-0.95912,50.795,-1.918,-1,400.000,-1,400.000,-1,325.000,325.000,300.000,300.000,-1,-1,-1,-1,750.000,775.000,-1,-1,2,0,2,0,2,0,0,0,0,2,2,2,2,0,0,2,2
79,3673.318,-7987.751,76.647,-10.414,0.983517,0.180721,0.005866,-0.180807,0.983277,0.021821,-0.001824,-0.022522,0.999745,0,0.84461,-0.95976,50.676,-1.920,-1,400.000,-1,400.000,-1,325.000,325.000,300.000,300.000,-1,-1,-1,-1,750.000,775.000,-1,-1,2,0,2,0,2,0,0,0,0,2,2,2,2,0,0,2,2
80,3722.718,-7998.554,76.583,-12.336,0.976907,0.213586,0.005806,-0.213663,0.976664,0.021801,-0.001014,-0.022538,0.999745,0,0.84278,-0.96068,50.567,-1.921,-1,400.000,-1,400.000,-1,325.000,325.000,300.000,300.000,-1,-1,-1,-1,750.000,775.000,-1,-1,2,0,2,0,2,0,0,0,0,2,2,2,2,0,0,2,2
81,3771.633,-8010.986,76.554,-14.260,0.969189,0.246252,0.005760,-0.246319,0.968944,0.021792,-0.000214,-0.022540,0.999746,0,0.84116,-0.96186,50.469,-1.924,-1,400.000,-1,400.000,-1,325.000,325.000,300.000,300.000,-1,-1,-1,-1,750.000,775.000,-1,-1,2,0,2,0,2,0,0,0,0,2,2,2,2,0,0,2,2
82,3820.021,-8025.031,76.559,-16.186,0.960365,0.278688,0.005728,-0.278746,0.960118,0.021794,0.000574,-0.022527,0.999746,0,0.83977,-0.96330,50.386,-1.927,-1,400.000,-1,400.000,-1,325.000,325.000,300.000,300.000,-1,-1,-1,-1,775.000,775.000,-1,-1,2,0,2,0,2,0,0,0,0,2,2,2,2,0,0,2,2
83,3867.846,-8040.678,76.608,-18.116,0.950437,0.310865,0.005731,-0.310915,0.950189,0.021752,0.001316,-0.022456,0.999747,0,0.83865,-0.96500,50.319,-1.930,-1,400.000,-1,400.000,-1,325.000,325.000,300.000,300.000,-1,-1,-1,-1,775.000,775.000,-1,-1,2,0,2,0,2,0,0,0,0,2,2,2,2,0,0,2,2
84,3915.069,-8057.912,76.694,-20.050,0.939408,0.342754,0.005762,-0.342796,0.939159,0.021697,0.002026,-0.022358,0.999748,0,0.83782,-0.96693,50.269,-1.934,-1,400.000,-1,400.000,-1,325.000,325.000,300.000,300.000,-1,-1,-1,-1,775.000,775.000,-1,-1,2,0,2,0,2,0,0,0,0,2,2,2,2,0,0,2,2
85,3961.654,-8076.723,76.809,-21.988,0.927281,0.374322,0.005814,-0.374357,0.927032,0.021655,0.002716,-0.022257,0.999749,0,0.83732,-0.96909,50.239,-1.938,-1,400.000,-1,400.000,-1,325.000,325.000,300.000,300.000,-1,-1,-1,-1,775.000,775.000,-1,-1,2,0,2,0,2,0,0,0,0,2,2,2,2,0,0,2,2
86,4007.968,-8097.275,76.955,-23.929,0.914071,0.405512,0.005895,-0.405541,0.913821,0.021627,0.003383,-0.022160,0.999749,0,0.84449,-0.97066,50.669,-1.941,-1,400.000,-1,400.000,-1,325.000,325.000,300.000,300.000,-1,-1,-1,-1,775.000,775.000,-1,-1,2,0,2,0,2,0,0,0,0,2,2,2,2,0,0,2,2
87,4053.499,-8119.357,77.136,-25.873,0.899794,0.436274,0.006029,-0.436297,0.899543,0.021623,0.004010,-0.022086,0.999748,0,0.84338,-0.97185,50.603,-1.944,-1,400.000,-1,400.000,-1,325.000,325.000,300.000,300.000,-1,-1,-1,-1,775.000,775.000,-1,-1,2,0,2,0,2,0,0,0,0,2,2,2,2,0,0,2,2
88,4098.205,-8142.948,77.352,-27.820,0.884458,0.466578,0.006242,-0.466598,0.884205,0.021630,0.004573,-0.022043,0.999747,0,0.84248,-0.97330,50.549,-1.947,-1,400.000,-1,400.000,-1,325.000,325.000,300.000,300.000,-1,-1,-1,-1,775.000,775.000,-1,-1,2,0,2,0,2,0,0,0,0,2,2,2,2,0,0,2,2
89,4142.049,-8168.027,77.583,-29.770,0.868072,0.496396,0.006498,-0.496413,0.867818,0.021583,0.005074,-0.021961,0.999746,0,0.84183,-0.97500,50.510,-1.950,-1,400.000,-1,400.000,-1,325.000,325.000,300.000,300.000,-1,-1,-1,-1,775.000,775.000,-1,-1,2,0,2,0,2,0,0,0,0,2,2,2,2,0,0,2,2
90,4182.776,-8193.132,77.826,-31.650,0.851315,0.524611,0.006768,-0.524625,0.851061,0.021535,0.005538,-0.021883,0.999745,0,0.79738,-0.94036,47.843,-1.881,-1,400.000,-1,400.000,-1,325.000,325.000,300.000,300.000,-1,-1,-1,-1,775.000,775.000,-1,-1,2,0,2,0,2,0,0,0,0,2,2,2,2,0,0,2,2
91,4222.651,-8219.560,78.092,-33.535,0.833603,0.552319,0.007065,-0.552332,0.833347,0.021482,0.005978,-0.021809,0.999744,0,0.79729,-0.94240,47.837,-1.885,-1,400.000,-1,400.000,-1,325.000,325.000,300.000,300.000,-1,-1,-1,-1,775.000,775.000,-1,-1,2,0,2,0,2,0,0,0,0,2,2,2,2,0,0,2,2
92,4261.641,-8247.294,78.393,-35.425,0.814943,0.579494,0.007328,-0.579505,0.814688,0.021405,0.006434,-0.021691,0.999744,0,0.79748,-0.94464,47.849,-1.889,-1,400.000,-1,400.000,-1,325.000,325.000,300.000,300.000,-1,-1,-1,-1,775.000,775.000,-1,-1,2,0,2,0,2,0,0,0,0,2,2,2,2,0,0,2,2
93,4299.717,-8276.320,78.735,-37.319,0.795347,0.606108,0.007527,-0.606115,0.795092,0.021300,0.006926,-0.021503,0.999745,0,0.79795,-0.94707,47.877,-1.894,-1,400.000,-1,400.000,-1,325.000,325.000,300.000,300.000,-1,-1,-1,-1,800.000,800.000,-1,-1,2,0,2,0,2,0,0,0,0,2,2,2,2,0,0,2,2
94,4336.845,-8306.620,79.098,-39.218,0.774824,0.632130,0.007751,-0.632134,0.774569,0.021196,0.007395,-0.021323,0.999745,0,0.79872,-0.94968,47.923,-1.899,-1,400.000,-1,400.000,-1,325.000,325.000,300.000,300.000,-1,-1,-1,-1,800.000,800.000,-1,-1,2,0,2,0,2,0,0,0,0,2,2,2,2,0,0,2,2
95,4372.993,-8338.180,79.481,-41.123,0.753386,0.657530,0.008000,-0.657532,0.753131,0.021098,0.007848,-0.021155,0.999745,0,0.79977,-0.95246,47.986,-1.905,-1,400.000,-1,400.000,-1,325.000,325.000,300.000,300.000,-1,-1,-1,-1,800.000,800.000,-1,-1,2,0,2,0,2,0,0,0,0,2,2,2,2,0,0,2,2
96,4408.127,-8370.982,79.883,-43.034,0.731045,0.682279,0.008275,-0.682279,0.730790,0.021008,0.008286,-0.021003,0.999745,0,0.80111,-0.95540,48.066,-1.911,-1,400.000,-1,400.000,-1,325.000,325.000,300.000,300.000,-1,-1,-1,-1,800.000,800.000,-1,-1,2,0,2,0,2,0,0,0,0,2,2,2,2,0,0,2,2
97,4442.213,-8405.009,80.305,-44.951,0.707816,0.706345,0.008575,-0.706343,0.707560,0.020923,0.008712,-0.020867,0.999744,0,0.80272,-0.95850,48.163,-1.917,-1,400.000,-1,400.000,-1,325.000,325.000,300.000,300.000,-1,-1,-1,-1,800.000,800.000,-1,-1,2,0,2,0,2,0,0,0,0,2,2,2,2,0,0,2,2
98,4475.215,-8440.244,80.746,-46.874,0.683712,0.729698,0.008901,-0.729695,0.683455,0.020844,0.009127,-0.020746,0.999743,0,0.80460,-0.96174,48.276,-1.923,-1,400.000,-1,400.000,-1,325.000,325.000,300.000,300.000,-1,-1,-1,-1,800.000,800.000,-1,-1,2,0,2,0,2,0,0,0,0,2,2,2,2,0,0,2,2
99,4507.054,-8476.615,81.165,-48.801,0.658791,0.752269,0.009243,-0.752267,0.658536,0.020597,0.009408,-0.020522,0.999745,0,0.80565,-0.96343,48.339,-1.927,-1,400.000,-1,400.000,-1,325.000,325.000,300.000,300.000,-1,-1,-1,-1,800.000,800.000,-1,-1,2,0,2,0,2,0,0,0,0,2,2,2,2,0,0,2,2
100,4537.653,-8514.037,81.564,-50.728,0.633125,0.773989,0.009701,-0.773991,0.632872,0.020290,0.009565,-0.020354,0.999747,0,0.80565,-0.96343,48.339,-1.927,-1,400.000,-1,400.000,-1,325.000,325.000,300.000,300.000,-1,-1,-1,-1,825.000,800.000,-1,-1,2,0,2,0,2,0,0,0,0,2,2,2,2,0,0,2,2
101,4566.976,-8552.466,81.980,-52.655,0.606743,0.794833,0.010177,-0.794839,0.606491,0.019978,0.009707,-0.020210,0.999749,0,0.80565,-0.96343,48.339,-1.927,-1,400.000,-1,400.000,-1,325.000,325.000,300.000,300.000,-1,-1,-1,-1,825.000,800.000,-1,-1,2,0,2,0,2,0,0,0,0,2,2,2,2,0,0,2,2
102,4594.990,-8591.859,82.410,-54.582,0.579675,0.814778,0.010668,-0.814789,0.579425,0.019660,0.009838,-0.020088,0.999750,0,0.80565,-0.96343,48.339,-1.927,-1,400.000,-1,400.000,-1,325.000,325.000,300.000,300.000,-1,-1,-1,-1,825.000,800.000,-1,-1,2,0,2,0,2,0,0,0,0,2,2,2,2,0,0,2,2
103,4621.664,-8632.172,82.870,-56.509,0.551950,0.833802,0.011150,-0.833818,0.551703,0.019274,0.009919,-0.019936,0.999752,0,0.80565,-0.96343,48.339,-1.927,-1,400.000,-1,400.000,-1,325.000,325.000,300.000,300.000,-1,-1,-1,-1,825.000,800.000,-1,-1,2,0,2,0,2,0,0,0,0,2,2,2,2,0,0,2,2
104,4646.967,-8673.359,83.360,-58.435,0.523601,0.851885,0.011590,-0.851906,0.523358,0.018799,0.009949,-0.019717,0.999756,0,0.80565,-0.96343,48.339,-1.927,-1,400.000,-1,400.000,-1,325.000,325.000,300.000,300.000,-1,-1,-1,-1,825.000,800.000,-1,-1,2,0,2,0,2,0,0,0,0,2,2,2,2,0,0,2,2
105,4670.872,-8715.374,83.845,-60.362,0.494659,0.869004,0.012019,-0.869030,0.494420,0.018326,0.009983,-0.019510,0.999760,0,0.80565,-0.96343,48.339,-1.927,-1,400.000,-1,400.000,-1,325.000,325.000,300.000,300.000,-1,-1,-1,-1,825.000,800.000,-1,-1,2,0,2,0,2,0,0,0,0,2,2,2,2,0,0,2,2
106,4693.350,-8758.169,84.299,-62.289,0.465158,0.885137,0.012683,-0.885173,0.464922,0.017810,0.009867,-0.019511,0.999761,0,0.80565,-0.96343,48.339,-1.927,-1,400.000,-1,400.000,-1,325.000,325.000,300.000,300.000,-1,-1,-1,-1,825.000,800.000,-1,-1,2,0,2,0,2,0,0,0,0,2,2,2,2,0,0,2,2
107,4714.376,-8801.695,84.770,-64.216,0.435131,0.900269,0.013329,-0.900314,0.434897,0.017281,0.009761,-0.019520,0.999762,0,0.80565,-0.96343,48.339,-1.927,-1,400.000,-1,400.000,-1,325.000,325.000,300.000,300.000,-1,-1,-1,-1,825.000,800.000,-1,-1,2,0,2,0,2,0,0,0,0,2,2,2,2,0,0,2,2
108,4733.927,-8845.903,85.260,-66.143,0.404612,0.914382,0.013954,-0.914437,0.404381,0.016743,0.009667,-0.019534,0.999762,0,0.80565,-0.96343,48.339,-1.927,-1,400.000,-1,400.000,-1,325.000,325.000,300.000,300.000,-1,-1,-1,-1,825.000,800.000,-1,-1,2,0,2,0,2,0,0,0,0,2,2,2,2,0,0,2,2
109,4751.980,-8890.744,85.768,-68.070,0.373635,0.927462,0.014553,-0.927526,0.373407,0.016198,0.009589,-0.019551,0.999763,0,0.80565,-0.96343,48.339,-1.927,-1,400.000,-1,400.000,-1,325.000,325.000,300.000,300.000,-1,-1,-1,-1,825.000,800.000,-1,-1,2,0,2,0,2,0,0,0,0,2,2,2,2,0,0,2,2
110,4768.516,-8936.167,86.296,-69.997,0.342236,0.939492,0.015124,-0.939566,0.342011,0.015648,0.009528,-0.019566,0.999763,0,0.80565,-0.96343,48.339,-1.927,-1,400.000,-1,400.000,-1,325.000,325.000,300.000,300.000,-1,-1,-1,-1,825.000,800.000,-1,-1,2,0,2,0,2,0,0,0,0,2,2,2,2,0,0,2,2
111,4783.515,-8982.120,86.826,-71.923,0.310452,0.950459,0.015722,-0.950541,0.310228,0.015184,0.009554,-0.019658,0.999761,0,0.80565,-0.96343,48.339,-1.927,-1,400.000,-1,400.000,-1,325.000,325.000,300.000,300.000,-1,-1,-1,-1,825.000,800.000,-1,-1,2,0,2,0,2,0,0,0,0,2,2,2,2,0,0,2,2
112,4796.960,-9028.551,87.369,-73.850,0.278318,0.960350,0.016315,-0.960441,0.278094,0.014751,0.009629,-0.019775,0.999758,0,0.80565,-0.96343,48.339,-1.927,-1,400.000,-1,400.000,-1,325.000,325.000,300.000,300.000,-1,-1,-1,-1,825.000,800.000,-1,-1,2,0,2,0,2,0,0,0,0,2,2,2,2,0,0,2,2
113,4808.837,-9075.408,87.934,-75.777,0.245870,0.969156,0.016884,-0.969254,0.245646,0.014325,0.009735,-0.019887,0.999755,0,0.80565,-0.96343,48.339,-1.927,-1,400.000,-1,400.000,-1,325.000,325.000,300.000,300.000,-1,-1,-1,-1,825.000,800.000,-1,-1,2,0,2,0,2,0,0,0,0,2,2,2,2,0,0,2,2
114,4819.131,-9122.638,88.512,-77.704,0.213145,0.976866,0.017385,-0.976970,0.212920,0.013926,0.009902,-0.019953,0.999752,0,0.80565,-0.96343,48.339,-1.927,-1,400.000,-1,400.000,-1,325.000,325.000,300.000,300.000,-1,-1,-1,-1,825.000,825.000,-1,-1,2,0,2,0,2,0,0,0,0,2,2,2,2,0,0,2,2
115,4827.832,-9170.188,88.991,-79.631,0.180172,0.983481,0.017427,-0.983584,0.179955,0.013334,0.009978,-0.019543,0.999759,0,0.80565,-0.96343,48.339,-1.927,-1,400.000,-1,400.000,-1,325.000,325.000,300.000,300.000,-1,-1,-1,-1,825.000,825.000,-1,-1,2,0,2,0,2,0,0,0,0,2,2,2,2,0,0,2,2
116,4834.928,-9218.003,89.422,-81.558,0.146991,0.988988,0.017230,-0.989088,0.146787,0.012579,0.009912,-0.018891,0.999772,0,0.80565,-0.96343,48.339,-1.927,-1,400.000,-1,400.000,-1,325.000,325.000,300.000,300.000,-1,-1,-1,-1,850.000,825.000,-1,-1,2,0,2,0,2,0,0,0,0,2,2,2,2,0,0,2,2
117,4841.179,-9270.773,89.722,-83.245,0.117804,0.992878,0.017763,-0.992992,0.117610,0.011608,0.009436,-0.019006,0.999775,0,0.88565,-0.84343,53.139,-1.687,-1,400.000,-1,400.000,-1,325.000,325.000,300.000,300.000,-1,-1,-1,-1,825.000,800.000,-1,-1,2,0,2,0,2,0,0,0,0,2,2,2,2,0,0,2,2
118,4846.457,-9327.571,90.035,-84.691,0.092684,0.995526,0.018388,-0.995657,0.092502,0.010475,0.008727,-0.019279,0.999776,0,0.95072,-0.72343,57.043,-1.447,-1,400.000,-1,400.000,-1,325.000,325.000,300.000,300.000,-1,-1,-1,-1,825.000,800.000,-1,-1,2,0,2,0,2,0,0,0,0,2,2,2,2,0,0,2,2
119,4850.537,-9384.468,90.367,-85.898,0.071680,0.997248,0.018941,-0.997396,0.071514,0.009342,0.007962,-0.019561,0.999777,0,0.95072,-0.60343,57.043,-1.207,-1,400.000,-1,400.000,-1,325.000,325.000,300.000,300.000,-1,-1,-1,-1,825.000,800.000,-1,-1,2,0,2,0,2,0,0,0,0,2,2,2,2,0,0,2,2
120,4853.657,-9441.425,90.713,-86.865,0.054826,0.998307,0.019436,-0.998470,0.054675,0.008210,0.007134,-0.019856,0.999777,0,0.95072,-0.48343,57.043,-0.967,-1,400.000,-1,400.000,-1,325.000,325.000,300.000,300.000,-1,-1,-1,-1,825.000,800.000,-1,-1,2,0,2,0,2,0,0,0,0,2,2,2,2,0,0,2,2
121,4856.053,-9498.418,91.072,-87.592,0.042140,0.998914,0.019889,-0.999092,0.042006,0.007079,0.006236,-0.020169,0.999777,0,0.95072,-0.36343,57.043,-0.727,-1,400.000,-1,400.000,-1,325.000,325.000,300.000,300.000,-1,-1,-1,-1,825.000,800.000,-1,-1,2,0,2,0,2,0,0,0,0,2,2,2,2,0,0,2,2
122,4857.776,-9555.435,91.441,-88.270,0.030300,0.999335,0.020307,-0.999527,0.030185,0.005952,0.005335,-0.020478,0.999776,0,0.95072,-0.33895,57.043,-0.678,-1,400.000,-1,400.000,-1,325.000,325.000,300.000,300.000,-1,-1,-1,-1,825.000,800.000,-1,-1,2,0,2,0,2,0,0,0,0,2,2,2,2,0,0,2,2
123,4858.823,-9612.468,91.823,-88.948,0.018456,0.999616,0.020689,-0.999820,0.018360,0.004830,0.004449,-0.020774,0.999774,0,0.95072,-0.33895,57.043,-0.678,-1,400.000,-1,400.000,-1,325.000,325.000,300.000,300.000,-1,-1,-1,-1,825.000,800.000,-1,-1,2,0,2,0,2,0,0,0,0,2,2,2,2,0,0,2,2
124,4859.196,-9669.510,92.219,-89.626,0.006608,0.999757,0.021033,-0.999972,0.006532,0.003713,0.003575,-0.021057,0.999772,0,0.95072,-0.33895,57.043,-0.678,-1,400.000,-1,400.000,-1,325.000,325.000,300.000,300.000,-1,-1,-1,-1,800.000,800.000,-1,-1,2,0,2,0,2,0,0,0,0,2,2,2,2,0,0,2,2
125,4858.894,-9726.552,92.628,-90.304,-0.005240,0.999759,0.021340,-0.999983,-0.005297,0.002602,0.002714,-0.021326,0.999769,0,0.95072,-0.33895,57.043,-0.678,-1,400.000,-1,400.000,-1,325.000,325.000,300.000,300.000,-1,-1,-1,-1,800.000,800.000,-1,-1,2,0,2,0,2,0,0,0,0,2,2,2,2,0,0,2,2
126,4857.917,-9783.586,93.052,-90.981,-0.017089,0.999621,0.021606,-0.999852,-0.017125,0.001496,0.001865,-0.021577,0.999765,0,0.95072,-0.33895,57.043,-0.678,-1,400.000,-1,400.000,-1,325.000,325.000,300.000,300.000,-1,-1,-1,-1,800.000,800.000,-1,-1,2,0,2,0,2,0,0,0,0,2,2,2,2,0,0,2,2
127,4856.265,-9840.605,93.422,-91.659,-0.028931,0.999338,0.022044,-0.999581,-0.028950,0.000536,0.001173,-0.022019,0.999757,0,0.95072,-0.33895,57.043,-0.678,-1,400.000,-1,400.000,-1,325.000,325.000,300.000,300.000,-1,-1,-1,-1,800.000,800.000,-1,-1,2,0,2,0,2,0,0,0,0,2,2,2,2,0,0,2,2
128,4853.939,-9897.601,93.292,-92.337,-0.040764,0.998922,0.022225,-0.999168,-0.040771,-0.000128,0.000778,-0.022212,0.999753,0,0.95072,-0.33895,57.043,-0.678,-1,400.000,-1,400.000,-1,325.000,325.000,300.000,300.000,-1,-1,-1,-1,800.000,800.000,-1,-1,2,0,2,0,2,0,0,0,0,2,2,2,2,0,0,2,2
129,4850.939,-9954.565,93.158,-93.015,-0.052592,0.998367,0.022293,-0.998616,-0.052587,-0.000847,0.000327,-0.022307,0.999751,0,0.95072,-0.33895,57.043,-0.678,-1,400.000,-1,400.000,-1,325.000,325.000,300.000,300.000,-1,-1,-1,-1,800.000,800.000,-1,-1,2,0,2,0,2,0,0,0,0,2,2,2,2,0,0,2,2
130,4847.265,-10011.489,93.040,-93.693,-0.064413,0.997673,0.022327,-0.997923,-0.064395,-0.001560,-0.000118,-0.022381,0.999749,0,0.95072,-0.33895,57.043,-0.678,-1,400.000,-1,400.000,-1,325.000,325.000,300.000,300.000,-1,-1,-1,-1,800.000,800.000,-1,-1,2,0,2,0,2,0,0,0,0,2,2,2,2,0,0,2,2
131,4842.917,-10068.366,92.939,-94.371,-0.076225,0.996841,0.022326,-0.997090,-0.076194,-0.002267,-0.000559,-0.022433,0.999748,0,0.95072,-0.33895,57.043,-0.678,-1,400.000,-1,400.000,-1,325.000,325.000,300.000,300.000,-1,-1,-1,-1,800.000,800.000,-1,-1,2,0,2,0,2,0,0,0,0,2,2,2,2,0,0,2,2
132,4837.897,-10125.188,92.855,-95.049,-0.088027,0.995869,0.022287,-0.996118,-0.087982,-0.002967,-0.000994,-0.022462,0.999747,0,0.95072,-0.33895,57.043,-0.678,-1,400.000,-1,400.000,-1,325.000,325.000,300.000,300.000,-1,-1,-1,-1,775.000,800.000,-1,-1,2,0,2,0,2,0,0,0,0,2,2,2,2,0,0,2,2
133,4832.205,-10181.946,92.789,-95.727,-0.099815,0.994758,0.022212,-0.995005,-0.099758,-0.003661,-0.001426,-0.022466,0.999747,0,0.95072,-0.33895,57.043,-0.678,-1,400.000,-1,400.000,-1,325.000,325.000,300.000,300.000,-1,-1,-1,-1,775.000,775.000,-1,-1,2,0,2,0,2,0,0,0,0,2,2,2,2,0,0,2,2
134,4825.842,-10238.633,92.741,-96.405,-0.111590,0.993509,0.022098,-0.993753,-0.111520,-0.004346,-0.001854,-0.022445,0.999746,0,0.95072,-0.33895,57.043,-0.678,-1,400.000,-1,400.000,-1,325.000,325.000,300.000,300.000,-1,-1,-1,-1,775.000,775.000,-1,-1,2,0,2,0,2,0,0,0,0,2,2,2,2,0,0,2,2
135,4818.809,-10295.241,92.711,-97.082,-0.123348,0.992121,0.021944,-0.992361,-0.123267,-0.005023,-0.002278,-0.022396,0.999747,0,0.95072,-0.33895,57.043,-0.678,-1,400.000,-1,400.000,-1,325.000,325.000,300.000,300.000,-1,-1,-1,-1,775.000,775.000,-1,-1,2,0,2,0,2,0,0,0,0,2,2,2,2,0,0,2,2
136,4811.107,-10351.761,92.700,-97.760,-0.135090,0.990595,0.021751,-0.990830,-0.134997,-0.005691,-0.002701,-0.022320,0.999747,0,0.95072,-0.33895,57.043,-0.678,-1,400.000,-1,400.000,-1,325.000,325.000,300.000,300.000,-1,-1,-1,-1,775.000,775.000,-1,-1,2,0,2,0,2,0,0,0,0,2,2,2,2,0,0,2,2
137,4803.657,-10403.471,92.701,-98.198,-0.142668,0.989536,0.021554,-0.989766,-0.142564,-0.006306,-0.003167,-0.022233,0.999748,0,0.87072,-0.21895,52.243,-0.438,-1,400.000,-1,400.000,-1,325.000,325.000,325.000,300.000,-1,-1,-1,-1,775.000,775.000,-1,-1,2,0,2,0,2,0,0,0,0,2,2,2,2,0,0,2,2
