timestep,x_cm,y_cm,z_cm,yaw_deg,basis_xx,basis_xy,basis_xz,basis_yx,basis_yy,basis_yz,basis_zx,basis_zy,basis_zz,teleport_flag,throttle_cmd,steering_cmd,cmd_move_cm,cmd_turn_deg,lidar_cm_0,lidar_cm_1,lidar_cm_2,lidar_cm_3,lidar_cm_4,lidar_cm_5,lidar_cm_6,lidar_cm_7,lidar_cm_8,lidar_cm_9,lidar_cm_10,lidar_cm_11,lidar_cm_12,lidar_cm_13,lidar_cm_14,lidar_cm_15,lidar_cm_16,lidar_class_0,lidar_class_1,lidar_class_2,lidar_class_3,lidar_class_4,lidar_class_5,lidar_class_6,lidar_class_7,lidar_class_8,lidar_class_9,lidar_class_10,lidar_class_11,lidar_class_12,lidar_class_13,lidar_class_14,lidar_class_15,lidar_class_16
0,6887.288,6887.288,-456.518,165.967,-0.970145,-0.242478,-0.004735,0.242509,-0.970119,-0.007685,-0.002730,-0.008604,0.999959,1,0.00000,0.00000,4.800,0.240,-1,400.000,-1,400.000,700.000,325.000,325.000,300.000,325.000,600.000,-1,-1,-1,750.000,725.000,-1,950.000,2,0,2,0,1,0,0,0,0,1,2,2,2,0,0,2,1
1,6882.626,6888.432,-456.532,166.207,-0.971153,-0.238412,-0.004683,0.238443,-0.971126,-0.007694,-0.002714,-0.008589,0.999959,0,0.08000,0.12000,4.800,0.240,-1,400.000,-1,400.000,700.000,325.000,325.000,300.000,325.000,600.000,-1,-1,-1,750.000,725.000,-1,950.000,2,0,2,0,1,0,0,0,0,1,2,2,2,0,0,2,1
2,6873.284,6890.643,-456.562,166.687,-0.973116,-0.230268,-0.004581,0.230298,-0.973090,-0.007713,-0.002681,-0.008561,0.999960,0,0.16000,0.24000,9.600,0.480,-1,400.000,-1,400.000,725.000,325.000,325.000,300.000,325.000,600.000,-1,-1,-1,750.000,725.000,-1,950.000,2,0,2,0,1,0,0,0,0,1,2,2,2,0,0,2,1
3,6859.231,6893.782,-456.607,167.407,-0.975934,-0.218022,-0.004430,0.218051,-0.975907,-0.007743,-0.002635,-0.008522,0.999960,0,0.24000,0.36000,14.400,0.720,-1,400.000,-1,400.000,725.000,325.000,325.000,300.000,325.000,600.000,-1,-1,-1,750.000,725.000,-1,975.000,2,0,2,0,1,0,0,0,0,1,2,2,2,0,0,2,1
4,6840.435,6897.699,-456.667,168.229,-0.978962,-0.203997,-0.004237,0.204024,-0.978935,-0.007788,-0.002559,-0.008489,0.999961,0,0.32000,0.41108,19.200,0.822,-1,400.000,-1,400.000,725.000,325.000,325.000,300.000,325.000,625.000,-1,-1,-1,750.000,725.000,-1,1000.000,2,0,2,0,1,0,0,0,0,1,2,2,2,0,0,2,1
5,6816.872,6902.259,-456.742,169.047,-0.981775,-0.190002,-0.004007,0.190029,-0.981747,-0.007854,-0.002441,-0.008473,0.999961,0,0.40000,0.40894,24.000,0.818,-1,400.000,-1,400.000,725.000,325.000,325.000,300.000,325.000,650.000,-1,-1,-1,750.000,725.000,-1,-1,2,0,2,0,1,0,0,0,0,1,2,2,2,0,0,2,2
6,6788.522,6907.330,-456.833,169.860,-0.984373,-0.176056,-0.003741,0.176081,-0.984344,-0.007944,-0.002283,-0.008479,0.999961,0,0.48000,0.40641,28.800,0.813,-1,400.000,-1,400.000,725.000,325.000,325.000,300.000,325.000,650.000,-1,-1,-1,750.000,725.000,-1,-1,2,0,2,0,1,0,0,0,0,1,2,2,2,0,0,2,2
7,6755.367,6912.779,-456.940,170.667,-0.986756,-0.162175,-0.003440,0.162198,-0.986725,-0.008061,-0.002087,-0.008512,0.999962,0,0.56000,0.40350,33.600,0.807,-1,400.000,-1,400.000,725.000,325.000,325.000,300.000,300.000,675.000,-1,-1,-1,750.000,725.000,-1,-1,2,0,2,0,1,0,0,0,0,1,2,2,2,0,0,2,2
8,6717.392,6918.477,-457.062,171.467,-0.988926,-0.148376,-0.003105,0.148396,-0.988894,-0.008207,-0.001853,-0.008577,0.999961,0,0.64000,0.40019,38.400,0.800,-1,400.000,-1,400.000,725.000,325.000,325.000,300.000,300.000,700.000,-1,-1,-1,750.000,725.000,-1,-1,2,0,2,0,1,0,0,0,0,1,2,2,2,0,0,2,2
9,6674.585,6924.295,-457.202,172.260,-0.990886,-0.134676,-0.002737,0.134695,-0.990852,-0.008385,-0.001583,-0.008678,0.999961,0,0.72000,0.39646,43.200,0.793,-1,400.000,-1,375.000,725.000,325.000,325.000,300.000,300.000,725.000,-1,-1,-1,750.000,725.000,-1,-1,2,0,2,0,1,0,0,0,0,1,2,2,2,0,0,2,2
10,6626.939,6930.108,-457.358,173.044,-0.992638,-0.121095,-0.002337,0.121111,-0.992602,-0.008598,-0.001279,-0.008817,0.999960,0,0.80000,0.39232,48.000,0.785,-1,400.000,-1,375.000,750.000,325.000,325.000,300.000,300.000,750.000,-1,-1,-1,750.000,725.000,-1,-1,2,0,2,0,1,0,0,0,0,1,2,2,2,0,0,2,2
11,6576.220,6935.600,-457.498,173.820,-0.994187,-0.107649,-0.001970,0.107662,-0.994149,-0.008717,-0.001020,-0.008879,0.999960,0,0.85025,0.38776,51.015,0.776,-1,400.000,-1,375.000,750.000,325.000,325.000,300.000,300.000,775.000,-1,-1,-1,750.000,725.000,-1,-1,2,0,2,0,1,0,0,0,0,1,2,2,2,0,0,2,2
12,6525.572,6940.400,-457.563,174.586,-0.995538,-0.094351,-0.001684,0.094362,-0.995499,-0.008754,-0.000851,-0.008874,0.999960,0,0.84791,0.38294,50.875,0.766,-1,400.000,-1,375.000,750.000,325.000,325.000,300.000,300.000,825.000,-1,-1,-1,750.000,725.000,-1,-1,2,0,2,0,1,0,0,0,0,1,2,2,2,0,0,2,2
13,6475.023,6944.516,-457.556,175.345,-0.996701,-0.081145,-0.001470,0.081155,-0.996660,-0.009076,-0.000729,-0.009166,0.999958,0,0.84527,0.37979,50.716,0.760,-1,400.000,-1,375.000,750.000,325.000,325.000,300.000,300.000,850.000,-1,-1,-1,750.000,725.000,-1,-1,2,0,2,0,1,0,0,0,0,1,2,2,2,0,0,2,2
14,6424.598,6947.951,-457.552,176.102,-0.997687,-0.067971,-0.001263,0.067980,-0.997642,-0.009410,-0.000620,-0.009474,0.999955,0,0.84236,0.37849,50.542,0.757,-1,400.000,-1,375.000,750.000,325.000,325.000,300.000,300.000,875.000,-1,-1,-1,750.000,725.000,-1,-1,2,0,2,0,1,0,0,0,0,1,2,2,2,0,0,2,2
15,6374.322,6950.712,-457.551,176.857,-0.998496,-0.054822,-0.001062,0.054830,-0.998448,-0.009752,-0.000525,-0.009796,0.999952,0,0.83921,0.37742,50.352,0.755,-1,400.000,-1,400.000,800.000,325.000,325.000,300.000,300.000,900.000,-1,-1,-1,750.000,725.000,-1,-1,2,0,2,0,1,0,0,0,0,1,2,2,2,0,0,2,2
16,6324.214,6952.803,-457.556,177.610,-0.999130,-0.041693,-0.000866,0.041699,-0.999079,-0.010100,-0.000444,-0.010128,0.999949,0,0.83586,0.37658,50.151,0.753,-1,400.000,-1,400.000,850.000,325.000,325.000,300.000,300.000,925.000,-1,-1,-1,750.000,725.000,-1,-1,2,0,2,0,1,0,0,0,0,1,2,2,2,0,0,2,2
17,6274.293,6954.230,-457.566,178.362,-0.999591,-0.028578,-0.000676,0.028583,-0.999537,-0.010451,-0.000377,-0.010466,0.999945,0,0.83235,0.37597,49.941,0.752,-1,400.000,-1,400.000,950.000,325.000,325.000,300.000,300.000,975.000,-1,-1,-1,750.000,725.000,-1,-1,2,0,2,0,1,0,0,0,0,1,2,2,2,0,0,2,2
18,6224.574,6954.999,-457.582,179.114,-0.999880,-0.015470,-0.000490,0.015475,-0.999822,-0.010802,-0.000323,-0.010809,0.999942,0,0.82875,0.37561,49.725,0.751,-1,400.000,-1,400.000,-1,325.000,325.000,300.000,300.000,1000.000,-1,-1,-1,750.000,725.000,-1,-1,2,0,2,0,2,0,0,0,0,1,2,2,2,0,0,2,2
19,6175.069,6955.116,-457.605,179.864,-0.999997,-0.002365,-0.000310,0.002369,-0.999935,-0.011151,-0.000283,-0.011152,0.999938,0,0.82510,0.37547,49.506,0.751,-1,400.000,-1,400.000,-1,325.000,325.000,300.000,300.000,-1,-1,-1,-1,750.000,725.000,-1,-1,2,0,2,0,2,0,0,0,0,2,2,2,2,0,0,2,2
20,6125.785,6954.587,-457.635,180.616,-0.999942,0.010744,-0.000134,-0.010741,-0.999876,-0.011495,-0.000258,-0.011493,0.999934,0,0.82145,0.37557,49.287,0.751,-1,400.000,-1,375.000,-1,325.000,325.000,300.000,300.000,-1,-1,-1,-1,750.000,725.000,-1,-1,2,0,2,0,2,0,0,0,0,2,2,2,2,0,0,2,2
21,6076.727,6953.416,-457.673,181.367,-0.999715,0.023862,0.000036,-0.023861,-0.999645,-0.011831,-0.000246,-0.011828,0.999930,0,0.81786,0.37591,49.072,0.752,-1,400.000,-1,375.000,-1,325.000,325.000,300.000,300.000,-1,-1,-1,-1,750.000,725.000,-1,-1,2,0,2,0,2,0,0,0,0,2,2,2,2,0,0,2,2
22,6027.897,6951.608,-457.720,182.120,-0.999315,0.036996,0.000201,-0.036996,-0.999241,-0.012157,-0.000248,-0.012156,0.999926,0,0.81439,0.37646,48.863,0.753,-1,400.000,-1,375.000,-1,325.000,325.000,300.000,300.000,-1,-1,-1,-1,750.000,725.000,-1,-1,2,0,2,0,2,0,0,0,0,2,2,2,2,0,0,2,2
23,5979.294,6949.167,-457.777,182.875,-0.998742,0.050150,0.000361,-0.050151,-0.998664,-0.012470,-0.000265,-0.012473,0.999922,0,0.81106,0.37724,48.664,0.754,-1,400.000,-1,375.000,-1,325.000,325.000,300.000,300.000,-1,-1,-1,-1,750.000,725.000,-1,-1,2,0,2,0,2,0,0,0,0,2,2,2,2,0,0,2,2
24,5930.916,6946.097,-457.843,183.631,-0.997992,0.063330,0.000514,-0.063332,-0.997911,-0.012769,-0.000295,-0.012776,0.999918,0,0.80793,0.37823,48.476,0.756,-1,400.000,-1,375.000,-1,325.000,325.000,300.000,300.000,-1,-1,-1,-1,750.000,725.000,-1,-1,2,0,2,0,2,0,0,0,0,2,2,2,2,0,0,2,2
25,5882.756,6942.399,-457.824,184.390,-0.997066,0.076540,0.000755,-0.076544,-0.996977,-0.013365,-0.000271,-0.013383,0.999910,0,0.80503,0.37942,48.302,0.759,-1,400.000,-1,375.000,-1,325.000,325.000,300.000,300.000,-1,-1,-1,-1,750.000,725.000,-1,-1,2,0,2,0,2,0,0,0,0,2,2,2,2,0,0,2,2
26,5832.855,6937.902,-457.694,185.150,-0.995963,0.089753,0.001226,-0.089761,-0.995869,-0.013677,-0.000007,-0.013732,0.999906,0,0.83504,0.37988,50.102,0.760,-1,400.000,-1,375.000,-1,325.000,325.000,300.000,300.000,-1,-1,-1,-1,750.000,725.000,-1,-1,2,0,2,0,2,0,0,0,0,2,2,2,2,0,0,2,2
27,5783.216,6932.765,-457.570,185.908,-0.994687,0.102930,0.001708,-0.102944,-0.994590,-0.013933,0.000265,-0.014034,0.999901,0,0.83174,0.37930,49.904,0.759,-1,400.000,-1,375.000,-1,325.000,325.000,300.000,300.000,-1,-1,-1,-1,750.000,725.000,-1,-1,2,0,2,0,2,0,0,0,0,2,2,2,2,0,0,2,2
28,5733.852,6926.995,-457.460,186.666,-0.993238,0.116076,0.002182,-0.116096,-0.993137,-0.014159,0.000523,-0.014317,0.999897,0,0.82834,0.37895,49.701,0.758,-1,400.000,-1,375.000,-1,325.000,325.000,300.000,300.000,-1,-1,-1,-1,725.000,725.000,-1,-1,2,0,2,0,2,0,0,0,0,2,2,2,2,0,0,2,2
29,5684.773,6920.600,-457.364,187.424,-0.991615,0.129199,0.002645,-0.129223,-0.991512,-0.014355,0.000767,-0.014577,0.999893,0,0.82490,0.37883,49.494,0.758,-1,400.000,-1,400.000,-1,325.000,325.000,300.000,300.000,-1,-1,-1,-1,725.000,725.000,-1,-1,2,0,2,0,2,0,0,0,0,2,2,2,2,0,0,2,2
30,5640.560,6914.054,-457.295,188.422,-0.989215,0.146442,0.003045,-0.146471,-0.989109,-0.014494,0.000890,-0.014784,0.999890,0,0.74490,0.49883,44.694,0.998,-1,400.000,-1,400.000,-1,325.000,325.000,300.000,300.000,-1,-1,-1,825.000,725.000,725.000,-1,-1,2,0,2,0,2,0,0,0,0,2,2,2,1,0,0,2,2
31,5601.224,6907.407,-457.252,189.590,-0.986021,0.166586,0.003383,-0.166618,-0.985914,-0.014579,0.000906,-0.014939,0.999888,0,0.66490,0.58437,39.894,1.169,-1,400.000,-1,400.000,-1,325.000,325.000,300.000,300.000,-1,-1,-1,775.000,725.000,700.000,-1,-1,2,0,2,0,2,0,0,0,0,2,2,2,1,0,0,2,2
32,5566.746,6900.855,-457.231,190.760,-0.982415,0.186677,0.003661,-0.186711,-0.982306,-0.014621,0.000867,-0.015048,0.999886,0,0.58490,0.58484,35.094,1.170,-1,400.000,-1,400.000,-1,325.000,325.000,300.000,300.000,-1,-1,-1,725.000,725.000,700.000,-1,-1,2,0,2,0,2,0,0,0,0,2,2,2,1,0,0,2,2
33,5537.107,6894.592,-457.227,191.931,-0.978395,0.206709,0.003883,-0.206744,-0.978286,-0.014628,0.000775,-0.015115,0.999885,0,0.50490,0.58540,30.294,1.171,-1,400.000,-1,400.000,-1,325.000,325.000,300.000,300.000,-1,-1,-1,725.000,725.000,700.000,-1,-1,2,0,2,0,2,0,0,0,0,2,2,2,1,0,0,2,2
34,5512.276,6888.813,-457.237,193.103,-0.973962,0.226676,0.004049,-0.226711,-0.973853,-0.014607,0.000632,-0.015145,0.999885,0,0.42490,0.58600,25.494,1.172,-1,400.000,-1,375.000,-1,325.000,325.000,300.000,300.000,-1,-1,-1,700.000,725.000,700.000,-1,-1,2,0,2,0,2,0,0,0,0,2,2,2,1,0,0,2,2
35,5492.221,6883.710,-457.257,194.276,-0.969117,0.246568,0.004163,-0.246603,-0.969007,-0.014567,0.000443,-0.015144,0.999885,0,0.34490,0.58660,20.694,1.173,-1,400.000,-1,375.000,-1,325.000,325.000,300.000,300.000,-1,-1,-1,675.000,725.000,700.000,-1,-1,2,0,2,0,2,0,0,0,0,2,2,2,1,0,0,2,2
36,5476.901,6879.475,-457.283,195.450,-0.963860,0.266375,0.004228,-0.266409,-0.963751,-0.014516,0.000208,-0.015118,0.999886,0,0.26490,0.58716,15.894,1.174,-1,400.000,-1,375.000,-1,325.000,325.000,300.000,300.000,-1,-1,-1,675.000,725.000,700.000,-1,-1,2,0,2,0,2,0,0,0,0,2,2,2,1,0,0,2,2
37,5466.271,6876.301,-457.310,196.626,-0.958194,0.286086,0.004248,-0.286118,-0.958085,-0.014461,-0.000067,-0.015072,0.999886,0,0.18490,0.58762,11.094,1.175,-1,400.000,-1,375.000,-1,325.000,325.000,300.000,300.000,-1,-1,-1,650.000,725.000,700.000,-1,-1,2,0,2,0,2,0,0,0,0,2,2,2,1,0,0,2,2
38,5460.278,6874.377,-457.334,197.802,-0.952122,0.305689,0.004227,-0.305718,-0.952013,-0.014410,-0.000381,-0.015012,0.999887,0,0.10490,0.58798,6.294,1.176,-1,400.000,-1,375.000,-1,325.000,325.000,300.000,300.000,-1,-1,-1,650.000,725.000,700.000,-1,-1,2,0,2,0,2,0,0,0,0,2,2,2,1,0,0,2,2
39,5458.865,6873.891,-457.353,198.978,-0.945646,0.325170,0.004168,-0.325196,-0.945537,-0.014368,-0.000731,-0.014943,0.999888,0,0.02490,0.58820,1.494,1.176,-1,400.000,-1,375.000,-1,325.000,325.000,300.000,300.000,-1,-1,-1,625.000,725.000,700.000,-1,-1,2,0,2,0,2,0,0,0,0,2,2,2,1,0,0,2,2
40,5461.968,6875.030,-457.363,200.155,-0.938772,0.344516,0.004078,-0.344538,-0.938663,-0.014341,-0.001113,-0.014868,0.999889,0,-0.05510,0.58825,-3.306,1.176,-1,400.000,-1,375.000,-1,325.000,325.000,300.000,300.000,-1,-1,-1,625.000,725.000,700.000,-1,-1,2,0,2,0,2,0,0,0,0,2,2,2,1,0,0,2,2
41,5469.518,6877.978,-457.359,201.331,-0.931503,0.363713,0.003960,-0.363731,-0.931394,-0.014332,-0.001525,-0.014791,0.999889,0,-0.13510,0.58812,-8.106,1.176,-1,400.000,-1,375.000,-1,325.000,325.000,300.000,300.000,-1,-1,-1,600.000,725.000,700.000,-1,-1,2,0,2,0,2,0,0,0,0,2,2,2,1,0,0,2,2
42,5480.967,6882.722,-457.341,202.506,-0.923846,0.382746,0.003821,-0.382760,-0.923736,-0.014343,-0.001960,-0.014714,0.999890,0,-0.20654,0.58781,-12.392,1.176,-1,400.000,-1,375.000,-1,325.000,325.000,300.000,300.000,-1,-1,-1,575.000,725.000,700.000,-1,-1,2,0,2,0,2,0,0,0,0,2,2,2,1,0,0,2,2
43,5492.363,6887.720,-457.319,203.681,-0.915807,0.401602,0.003687,-0.401612,-0.915697,-0.014362,-0.002391,-0.014634,0.999890,0,-0.20741,0.58731,-12.444,1.175,-1,400.000,-1,375.000,-1,325.000,325.000,300.000,300.000,-1,-1,-1,575.000,725.000,700.000,-1,-1,2,0,2,0,2,0,0,0,0,2,2,2,1,0,0,2,2
44,5503.703,6892.973,-457.293,204.855,-0.907390,0.420274,0.003558,-0.420279,-0.907281,-0.014389,-0.002819,-0.014552,0.999890,0,-0.20828,0.58680,-12.497,1.174,-1,400.000,-1,375.000,-1,325.000,325.000,300.000,300.000,-1,-1,-1,550.000,725.000,700.000,-1,-1,2,0,2,0,2,0,0,0,0,2,2,2,1,0,0,2,2
45,5514.980,6898.480,-457.264,206.027,-0.898602,0.438752,0.003434,-0.438754,-0.898492,-0.014423,-0.003242,-0.014468,0.999890,0,-0.20917,0.58627,-12.550,1.173,-1,400.000,-1,375.000,-1,325.000,325.000,300.000,300.000,-1,-1,-1,550.000,725.000,700.000,-1,-1,2,0,2,0,2,0,0,0,0,2,2,2,1,0,0,2,2
46,5526.190,6904.241,-457.232,207.199,-0.889445,0.457030,0.003316,-0.457028,-0.889335,-0.014464,-0.003662,-0.014381,0.999890,0,-0.21006,0.58573,-12.604,1.171,-1,400.000,-1,400.000,-1,325.000,325.000,300.000,300.000,-1,-1,-1,525.000,725.000,700.000,-1,-1,2,0,2,0,2,0,0,0,0,2,2,2,1,0,0,2,2
47,5537.328,6910.255,-457.195,208.369,-0.879926,0.475100,0.003203,-0.475094,-0.879816,-0.014512,-0.004076,-0.014292,0.999890,0,-0.21096,0.58518,-12.658,1.170,-1,400.000,-1,400.000,-1,325.000,325.000,300.000,300.000,-1,-1,-1,525.000,750.000,700.000,-1,-1,2,0,2,0,2,0,0,0,0,2,2,2,1,0,0,2,2
48,5548.388,6916.522,-457.155,209.538,-0.870049,0.492955,0.003097,-0.492944,-0.869939,-0.014567,-0.004487,-0.014201,0.999889,0,-0.21187,0.58461,-12.712,1.169,-1,400.000,-1,400.000,-1,325.000,325.000,300.000,300.000,-1,-1,-1,500.000,750.000,725.000,-1,-1,2,0,2,0,2,0,0,0,0,2,2,2,1,0,0,2,2
49,5555.208,6920.534,-457.132,210.467,-0.861941,0.506999,0.003023,-0.506985,-0.861831,-0.014606,-0.004800,-0.014122,0.999889,0,-0.13187,0.46461,-7.912,0.929,-1,400.000,-1,400.000,-1,325.000,325.000,300.000,300.000,-1,-1,-1,500.000,750.000,725.000,-1,-1,2,0,2,0,2,0,0,0,0,2,2,2,1,0,0,2,2
50,5557.872,6922.145,-457.127,211.157,-0.855781,0.517330,0.002977,-0.517314,-0.855671,-0.014627,-0.005019,-0.014058,0.999889,0,-0.05187,0.34461,-3.112,0.689,-1,400.000,-1,400.000,-1,325.000,325.000,300.000,300.000,-1,-1,-1,475.000,750.000,725.000,-1,-1,2,0,2,0,2,0,0,0,0,2,2,2,1,0,0,2,2
51,5556.434,6921.260,-457.144,211.606,-0.851699,0.524023,0.002958,-0.524006,-0.851589,-0.014627,-0.005146,-0.014008,0.999889,0,0.02813,0.22461,1.688,0.449,-1,400.000,-1,400.000,-1,325.000,325.000,300.000,300.000,-1,-1,-1,475.000,750.000,725.000,-1,-1,2,0,2,0,2,0,0,0,0,2,2,2,1,0,0,2,2
52,5550.921,6917.840,-457.181,211.815,-0.849780,0.527129,0.002963,-0.527112,-0.849670,-0.014603,-0.005180,-0.013971,0.999889,0,0.10813,0.10461,6.488,0.209,-1,400.000,-1,400.000,-1,325.000,325.000,300.000,300.000,-1,-1,1000.000,475.000,750.000,725.000,-1,-1,2,0,2,0,2,0,0,0,0,2,2,1,1,0,0,2,2
53,5541.347,6911.862,-457.245,211.978,-0.848282,0.529537,0.002979,-0.529520,-0.848173,-0.014556,-0.005181,-0.013925,0.999890,0,0.18813,0.08123,11.288,0.162,-1,400.000,-1,400.000,-1,325.000,325.000,300.000,300.000,-1,-1,975.000,500.000,750.000,700.000,-1,-1,2,0,2,0,2,0,0,0,0,2,2,1,1,0,0,2,2
54,5527.725,6903.304,-457.336,212.141,-0.846766,0.531957,0.003004,-0.531940,-0.846658,-0.014483,-0.005161,-0.013862,0.999891,0,0.26813,0.08178,16.088,0.164,-1,400.000,-1,375.000,-1,325.000,325.000,300.000,300.000,-1,-1,975.000,500.000,750.000,700.000,-1,-1,2,0,2,0,2,0,0,0,0,2,2,1,1,0,0,2,2
55,5510.071,6892.140,-457.456,212.306,-0.845229,0.534396,0.003032,-0.534380,-0.845122,-0.014380,-0.005122,-0.013775,0.999892,0,0.34813,0.08258,20.888,0.165,-1,400.000,-1,375.000,-1,325.000,325.000,300.000,300.000,-1,-1,975.000,500.000,725.000,700.000,-1,-1,2,0,2,0,2,0,0,0,0,2,2,1,1,0,0,2,2
56,5488.400,6878.349,-457.608,212.474,-0.843665,0.536862,0.003061,-0.536847,-0.843560,-0.014240,-0.005062,-0.013657,0.999894,0,0.42813,0.08364,25.688,0.167,-1,400.000,-1,375.000,-1,325.000,325.000,300.000,300.000,-1,-1,1000.000,525.000,725.000,700.000,-1,-1,2,0,2,0,2,0,0,0,0,2,2,1,1,0,0,2,2
57,5462.728,6861.903,-457.795,212.644,-0.842068,0.539363,0.003086,-0.539349,-0.841965,-0.014056,-0.004982,-0.013500,0.999896,0,0.50813,0.08498,30.488,0.170,-1,400.000,-1,375.000,-1,325.000,325.000,300.000,300.000,-1,-1,1000.000,525.000,725.000,700.000,-1,-1,2,0,2,0,2,0,0,0,0,2,2,1,1,0,0,2,2
58,5433.072,6842.779,-457.965,212.817,-0.840433,0.541906,0.003296,-0.541895,-0.840331,-0.013934,-0.004781,-0.013496,0.999897,0,0.58813,0.08661,35.288,0.173,-1,400.000,-1,375.000,-1,325.000,325.000,300.000,300.000,-1,-1,-1,550.000,725.000,700.000,-1,-1,2,0,2,0,2,0,0,0,0,2,2,2,1,0,0,2,2
59,5399.449,6820.949,-458.099,212.994,-0.838754,0.544499,0.003596,-0.544491,-0.838649,-0.014015,-0.004616,-0.013713,0.999895,0,0.66813,0.08855,40.088,0.177,-1,400.000,-1,375.000,-1,325.000,325.000,300.000,300.000,-1,-1,-1,575.000,725.000,700.000,-1,-1,2,0,2,0,2,0,0,0,0,2,2,2,1,0,0,2,2
60,5361.878,6796.386,-458.256,213.176,-0.837023,0.547153,0.003930,-0.547149,-0.836916,-0.014080,-0.004415,-0.013936,0.999893,0,0.74813,0.09082,44.888,0.182,-1,400.000,-1,375.000,-1,325.000,325.000,300.000,300.000,-1,-1,-1,600.000,725.000,700.000,-1,-1,2,0,2,0,2,0,0,0,0,2,2,2,1,0,0,2,2
61,5320.379,6769.062,-458.413,213.362,-0.835233,0.549878,0.004414,-0.549880,-0.835124,-0.014158,-0.004099,-0.014252,0.999890,0,0.82813,0.09345,49.688,0.187,-1,400.000,-1,375.000,-1,325.000,325.000,300.000,300.000,-1,-1,-1,625.000,725.000,700.000,-1,-1,2,0,2,0,2,0,0,0,0,2,2,2,1,0,0,2,2
62,5276.778,6740.142,-458.407,213.555,-0.833375,0.552678,0.005744,-0.552699,-0.833256,-0.014468,-0.003210,-0.015232,0.999879,0,0.87200,0.09644,52.320,0.193,-1,400.000,-1,375.000,-1,325.000,325.000,300.000,300.000,-1,-1,-1,675.000,725.000,700.000,-1,-1,2,0,2,0,2,0,0,0,0,2,2,2,1,0,0,2,2
63,5233.240,6711.046,-458.413,213.755,-0.831442,0.555566,0.007059,-0.555606,-0.831315,-0.014730,-0.002316,-0.016169,0.999867,0,0.87276,0.09970,52.366,0.199,-1,375.000,-1,375.000,-1,325.000,325.000,300.000,300.000,-1,-1,-1,700.000,725.000,700.000,-1,-1,2,0,2,0,2,0,0,0,0,2,2,2,1,0,0,2,2
64,5189.758,6681.759,-458.433,213.961,-0.829432,0.558545,0.008359,-0.558605,-0.829299,-0.014945,-0.001416,-0.017065,0.999853,0,0.87375,0.10305,52.425,0.206,-1,375.000,-1,375.000,-1,325.000,325.000,300.000,300.000,-1,-1,-1,750.000,725.000,700.000,-1,-1,2,0,2,0,2,0,0,0,0,2,2,2,1,0,0,2,2
65,5146.324,6652.271,-458.445,214.174,-0.827343,0.561616,0.009536,-0.561697,-0.827206,-0.015078,-0.000580,-0.017831,0.999841,0,0.87497,0.10649,52.498,0.213,-1,375.000,-1,375.000,-1,325.000,325.000,300.000,300.000,-1,-1,-1,775.000,725.000,700.000,-1,-1,2,0,2,0,2,0,0,0,0,2,2,2,1,0,0,2,2
66,5102.934,6622.568,-458.397,214.394,-0.825173,0.564784,0.010446,-0.564881,-0.825037,-0.014977,0.000160,-0.018259,0.999833,0,0.87639,0.11001,52.583,0.220,-1,375.000,-1,375.000,-1,325.000,325.000,300.000,300.000,-1,-1,-1,825.000,725.000,700.000,-1,-1,2,0,2,0,2,0,0,0,0,2,2,2,1,0,0,2,2
67,5059.582,6592.638,-458.343,214.621,-0.822917,0.568049,0.011350,-0.568161,-0.822786,-0.014717,0.000979,-0.018560,0.999827,0,0.87800,0.11362,52.680,0.227,975.000,375.000,-1,375.000,-1,325.000,325.000,300.000,300.000,-1,-1,-1,875.000,725.000,700.000,-1,-1,1,0,2,0,2,0,0,0,0,2,2,2,1,0,0,2,2
68,5016.265,6562.469,-458.246,214.856,-0.820571,0.571413,0.012259,-0.571541,-0.820453,-0.014105,0.001998,-0.018581,0.999825,0,0.87979,0.11730,52.787,0.235,950.000,375.000,-1,375.000,-1,325.000,325.000,300.000,300.000,-1,-1,-1,925.000,725.000,725.000,1000.000,-1,1,0,2,0,2,0,0,0,0,2,2,2,1,0,0,1,2
69,4972.980,6532.050,-458.072,215.098,-0.818133,0.574879,0.013179,-0.575020,-0.818037,-0.012963,0.003328,-0.018184,0.999829,0,0.88175,0.12106,52.905,0.242,900.000,375.000,-1,375.000,-1,325.000,325.000,300.000,300.000,-1,-1,-1,950.000,725.000,725.000,950.000,-1,1,0,2,0,2,0,0,0,0,2,2,2,1,0,0,1,2
70,4927.225,6499.464,-457.904,215.458,-0.814482,0.580018,0.014119,-0.580171,-0.814410,-0.011756,0.004680,-0.017766,0.999831,0,0.93622,0.18021,56.173,0.360,850.000,400.000,-1,375.000,-1,325.000,325.000,300.000,300.000,-1,950.000,-1,-1,750.000,725.000,925.000,-1,1,0,2,0,2,0,0,0,0,2,0,2,2,0,0,1,2
71,4881.543,6466.489,-457.668,215.823,-0.810754,0.585195,0.015003,-0.585359,-0.810701,-0.010943,0.005759,-0.017655,0.999828,0,0.93900,0.18249,56.340,0.365,825.000,400.000,-1,375.000,-1,325.000,325.000,300.000,300.000,-1,875.000,925.000,-1,750.000,725.000,875.000,-1,1,0,2,0,2,0,0,0,0,2,0,0,2,0,0,1,2
72,4835.943,6433.124,-457.446,216.193,-0.806944,0.590415,0.015855,-0.590588,-0.806909,-0.010134,0.006811,-0.017541,0.999823,0,0.94170,0.18485,56.502,0.370,775.000,400.000,-1,375.000,-1,325.000,325.000,300.000,300.000,-1,825.000,875.000,-1,750.000,725.000,825.000,-1,1,0,2,0,2,0,0,0,0,2,0,0,2,1,0,1,2
73,4790.437,6399.368,-457.152,216.568,-0.803052,0.595676,0.016660,-0.595861,-0.803029,-0.009737,0.007578,-0.017747,0.999814,0,0.94433,0.18732,56.660,0.375,725.000,400.000,-1,375.000,-1,325.000,325.000,300.000,300.000,-1,825.000,850.000,-1,725.000,725.000,775.000,-1,1,0,2,0,2,0,0,0,0,2,0,0,2,1,0,1,2
74,4745.033,6365.219,-456.731,216.947,-0.799076,0.600978,0.017418,-0.601179,-0.799052,-0.010016,0.007899,-0.018475,0.999798,0,0.94688,0.18991,56.813,0.380,675.000,400.000,-1,375.000,-1,325.000,325.000,300.000,300.000,-1,850.000,875.000,-1,700.000,725.000,725.000,-1,1,0,2,0,2,0,0,0,0,2,0,0,2,1,0,1,2
75,4699.743,6330.676,-456.330,217.333,-0.795007,0.606329,0.018157,-0.606545,-0.794982,-0.010279,0.008202,-0.019185,0.999782,0,0.94932,0.19261,56.959,0.385,625.000,400.000,-1,375.000,-1,325.000,325.000,300.000,300.000,-1,875.000,900.000,-1,675.000,725.000,675.000,-1,1,0,2,0,2,0,0,0,0,2,0,0,2,1,0,1,2
76,4654.580,6295.740,-455.913,217.723,-0.790838,0.611729,0.019045,-0.611965,-0.790814,-0.010568,0.008596,-0.020012,0.999763,0,0.95165,0.19546,57.099,0.391,575.000,400.000,-1,375.000,-1,325.000,325.000,300.000,300.000,-1,900.000,925.000,-1,650.000,725.000,625.000,-1,1,0,2,0,2,0,0,0,0,2,0,0,2,1,0,1,2
77,4609.555,6260.411,-455.452,218.120,-0.786563,0.617179,0.020214,-0.617442,-0.786541,-0.010910,0.009165,-0.021062,0.999736,0,0.95384,0.19845,57.231,0.397,525.000,400.000,-1,375.000,-1,325.000,325.000,300.000,300.000,-1,900.000,950.000,-1,625.000,750.000,600.000,-1,1,0,2,0,2,0,0,0,0,2,0,0,2,1,0,1,2
78,4564.685,6224.688,-454.968,218.524,-0.782182,0.622685,0.021324,-0.622975,-0.782161,-0.011222,0.009691,-0.022062,0.999710,0,0.95590,0.20160,57.354,0.403,500.000,400.000,-1,400.000,-1,325.000,325.000,300.000,300.000,-1,925.000,950.000,-1,600.000,750.000,550.000,-1,1,0,2,0,2,0,0,0,0,2,0,0,2,1,0,1,2
79,4523.663,6191.839,-454.500,218.687,-0.780387,0.624898,0.022317,-0.625213,-0.780370,-0.011493,0.010233,-0.022922,0.999685,0,0.87590,0.08160,52.554,0.163,450.000,400.000,-1,400.000,-1,325.000,325.000,300.000,300.000,-1,925.000,950.000,-1,600.000,750.000,500.000,-1,1,0,2,0,2,0,0,0,0,2,0,0,2,1,0,1,2
80,4486.347,6162.040,-454.032,218.610,-0.781213,0.623845,0.022908,-0.624175,-0.781197,-0.011677,0.010611,-0.023421,0.999669,0,0.79590,-0.03840,47.754,-0.077,400.000,400.000,-1,400.000,-1,325.000,325.000,300.000,300.000,-1,925.000,975.000,-1,575.000,750.000,475.000,-1,1,0,2,0,2,0,0,0,0,2,0,0,2,1,0,1,2
81,4452.127,6135.021,-453.535,218.293,-0.784647,0.619514,0.023044,-0.619849,-0.784633,-0.011769,0.010790,-0.023518,0.999665,0,0.72669,-0.15840,43.601,-0.317,375.000,400.000,-1,400.000,-1,325.000,325.000,300.000,300.000,-1,975.000,1000.000,-1,575.000,750.000,450.000,-1,1,1,2,0,2,0,0,0,0,2,0,0,2,1,0,1,2
82,4417.627,6108.321,-453.041,217.736,-0.790627,0.611859,0.023170,-0.612198,-0.790615,-0.011879,0.011051,-0.023576,0.999661,0,0.72708,-0.27840,43.625,-0.557,350.000,375.000,-1,400.000,-1,325.000,325.000,300.000,300.000,-1,1000.000,-1,-1,575.000,750.000,450.000,-1,1,1,2,0,2,0,0,0,0,2,0,2,2,1,0,1,2
83,4382.763,6082.107,-452.545,216.940,-0.799056,0.600805,0.023290,-0.601148,-0.799047,-0.012010,0.011394,-0.023598,0.999657,0,0.72699,-0.39840,43.619,-0.797,325.000,375.000,-1,400.000,-1,325.000,325.000,300.000,300.000,-1,-1,-1,-1,575.000,750.000,425.000,-1,1,1,2,0,2,0,0,0,0,2,2,2,2,1,0,1,2
84,4347.462,6056.550,-452.014,215.903,-0.809792,0.586250,0.023414,-0.586597,-0.809790,-0.012010,0.011920,-0.023460,0.999654,0,0.72635,-0.51840,43.581,-1.037,325.000,375.000,-1,400.000,-1,325.000,325.000,300.000,300.000,-1,-1,-1,-1,600.000,750.000,425.000,-1,1,1,2,0,2,0,0,0,0,2,2,2,2,1,0,1,2
85,4311.704,6031.771,-451.443,214.722,-0.821697,0.569438,0.023557,-0.569786,-0.821708,-0.011868,0.012599,-0.023175,0.999652,0,0.72508,-0.59055,43.505,-1.181,300.000,375.000,-1,400.000,-1,325.000,325.000,300.000,300.000,-1,-1,-1,-1,625.000,750.000,450.000,-1,1,1,2,0,2,0,0,1,0,2,2,2,2,1,0,1,2
86,4275.541,6007.788,-450.866,213.552,-0.833143,0.552549,0.023718,-0.552899,-0.833165,-0.011755,0.013266,-0.022908,0.999650,0,0.72320,-0.58482,43.392,-1.170,300.000,375.000,-1,400.000,-1,325.000,325.000,275.000,300.000,-1,-1,-1,-1,700.000,750.000,-1,-1,1,1,2,0,2,0,0,1,0,2,2,2,2,1,0,2,2
87,4239.021,5984.616,-450.285,212.394,-0.844130,0.535605,0.023895,-0.535957,-0.844164,-0.011671,0.013920,-0.022658,0.999646,0,0.72086,-0.57888,43.252,-1.158,300.000,375.000,-1,400.000,-1,325.000,325.000,275.000,300.000,-1,-1,-1,-1,750.000,750.000,-1,-1,1,1,2,0,2,0,0,1,0,2,2,2,2,0,0,2,2
88,4202.187,5962.268,-448.943,211.249,-0.854628,0.518658,0.024598,-0.518961,-0.854764,-0.007661,0.017052,-0.019313,0.999668,0,0.71805,-0.57278,43.083,-1.146,350.000,375.000,-1,400.000,-1,325.000,325.000,250.000,300.000,-1,950.000,1000.000,-1,775.000,775.000,-1,-1,1,1,2,0,2,0,0,1,0,2,0,0,2,0,0,2,2
89,4165.089,5940.750,-447.401,210.116,-0.864668,0.501690,0.025622,-0.501912,-0.864914,-0.002684,0.020814,-0.015181,0.999668,0,0.71477,-0.56653,42.886,-1.133,900.000,400.000,-1,400.000,-1,325.000,325.000,250.000,300.000,-1,825.000,850.000,-1,800.000,775.000,-1,-1,1,1,2,0,2,1,0,1,0,2,0,0,2,0,0,2,2
90,4127.773,5920.070,-446.111,208.995,-0.874274,0.484702,0.026626,-0.484853,-0.874595,0.000907,0.023727,-0.012117,0.999645,0,0.71106,-0.56019,42.664,-1.120,950.000,425.000,-1,400.000,-1,350.000,325.000,225.000,300.000,-1,775.000,775.000,-1,825.000,800.000,-1,-1,1,1,2,0,2,0,0,1,0,2,0,0,2,0,0,2,2
91,4090.283,5900.230,-445.046,207.888,-0.883450,0.467717,0.027533,-0.467815,-0.883821,0.003151,0.025808,-0.010097,0.999616,0,0.70693,-0.55379,42.416,-1.108,975.000,425.000,-1,400.000,-1,350.000,350.000,225.000,300.000,-1,750.000,725.000,-1,850.000,800.000,-1,-1,1,0,2,0,2,0,0,1,0,2,0,0,2,0,0,2,2
92,4052.659,5881.236,-444.144,206.786,-0.892255,0.450647,0.028239,-0.450724,-0.892655,0.003923,0.026976,-0.009228,0.999593,0,0.70243,-0.55065,42.146,-1.101,-1,425.000,-1,400.000,-1,350.000,350.000,200.000,300.000,-1,750.000,725.000,-1,850.000,800.000,-1,-1,2,0,2,0,2,0,0,1,0,2,0,0,2,0,0,2,2
93,4014.939,5863.093,-443.436,205.687,-0.900725,0.433438,0.028730,-0.433523,-0.901136,0.003536,0.027422,-0.009270,0.999581,0,0.69761,-0.54964,41.857,-1.099,-1,425.000,-1,400.000,-1,350.000,350.000,200.000,300.000,-1,775.000,750.000,-1,850.000,800.000,-1,-1,2,0,2,0,2,0,0,1,0,2,0,0,2,0,0,2,2
94,3977.156,5845.804,-442.883,204.589,-0.908859,0.416091,0.029038,-0.416212,-0.909265,0.002036,0.027250,-0.010235,0.999576,0,0.69251,-0.54886,41.551,-1.098,-1,425.000,-1,400.000,-1,350.000,350.000,200.000,300.000,-1,800.000,800.000,-1,850.000,800.000,-1,-1,2,0,2,0,2,0,0,1,0,2,0,0,2,0,0,2,2
95,3934.570,5827.506,-442.480,203.252,-0.918332,0.394742,0.029070,-0.394931,-0.918710,-0.000846,0.026373,-0.012258,0.999577,0,0.77251,-0.66886,46.351,-1.338,-1,425.000,-1,400.000,-1,350.000,325.000,200.000,300.000,-1,850.000,850.000,-1,825.000,800.000,-1,-1,2,0,2,0,2,0,0,1,0,2,0,0,2,0,0,2,2
96,3891.529,5810.247,-442.275,201.849,-0.927739,0.372126,0.028688,-0.372403,-0.928059,-0.004797,0.024840,-0.015134,0.999577,0,0.77287,-0.70115,46.372,-1.402,-1,400.000,-1,400.000,-1,325.000,325.000,200.000,300.000,-1,950.000,950.000,-1,825.000,775.000,-1,-1,2,0,2,0,2,0,0,1,0,2,0,0,2,0,0,2,2
97,3848.442,5794.182,-442.204,200.447,-0.936607,0.349284,0.027724,-0.349649,-0.936833,-0.009490,0.022658,-0.018582,0.999571,0,0.76641,-0.70111,45.985,-1.402,-1,400.000,-1,400.000,-1,325.000,325.000,200.000,300.000,-1,-1,-1,-1,775.000,775.000,-1,-1,2,0,2,0,2,0,0,1,0,2,2,2,2,0,0,2,2
98,3805.337,5779.302,-441.802,199.044,-0.944907,0.326232,0.026906,-0.326645,-0.945063,-0.012606,0.021316,-0.020700,0.999558,0,0.76003,-0.70137,45.602,-1.403,-1,400.000,-1,400.000,-1,325.000,325.000,200.000,300.000,-1,-1,-1,-1,775.000,750.000,-1,-1,2,0,2,0,2,0,0,1,0,2,2,2,2,0,0,2,2
99,3762.234,5765.595,-440.824,197.641,-0.952612,0.302983,0.027048,-0.303400,-0.952776,-0.012876,0.021869,-0.020472,0.999551,0,0.75382,-0.70191,45.229,-1.404,-1,400.000,-1,400.000,-1,325.000,325.000,200.000,300.000,-1,-1,-1,-1,775.000,750.000,-1,-1,2,0,2,0,2,0,0,1,0,2,2,2,2,0,0,2,2
100,3719.149,5753.049,-439.846,196.235,-0.959753,0.279524,0.027199,-0.279947,-0.959925,-0.013185,0.022424,-0.020269,0.999543,0,0.74791,-0.70272,44.875,-1.405,-1,400.000,-1,400.000,-1,325.000,325.000,200.000,300.000,-1,-1,-1,-1,775.000,750.000,-1,-1,2,0,2,0,2,0,0,1,0,2,2,2,2,0,0,2,2
101,3676.089,5741.650,-438.093,194.828,-0.966408,0.255875,0.024148,-0.256194,-0.966561,-0.011150,0.020487,-0.016962,0.999646,0,0.74238,-0.70380,44.543,-1.408,-1,400.000,-1,400.000,-1,325.000,325.000,225.000,300.000,450.000,-1,-1,-1,750.000,725.000,-1,-1,2,0,2,0,2,0,0,1,0,1,2,2,2,0,0,2,2
102,3633.059,5731.386,-436.133,193.417,-0.972496,0.232023,0.020389,-0.232229,-0.972625,-0.008344,0.017895,-0.012850,0.999757,0,0.73729,-0.70512,44.238,-1.410,-1,400.000,-1,375.000,-1,325.000,325.000,250.000,300.000,375.000,-1,-1,-1,750.000,725.000,-1,-1,2,0,2,0,2,0,0,1,0,1,2,2,2,0,0,2,2
103,3590.058,5722.243,-434.462,192.004,-0.977970,0.207970,0.017964,-0.208111,-0.978085,-0.006342,0.016251,-0.009941,0.999819,0,0.73270,-0.70668,43.962,-1.413,-1,400.000,-1,375.000,-1,325.000,325.000,275.000,300.000,375.000,-1,-1,-1,750.000,700.000,-1,-1,2,0,2,0,2,0,0,1,0,1,2,2,2,0,0,2,2
104,3547.084,5714.211,-433.056,190.587,-0.982836,0.183724,0.016725,-0.183832,-0.982944,-0.005164,0.015491,-0.008150,0.999847,0,0.72863,-0.70845,43.718,-1.417,-1,400.000,-1,375.000,-1,325.000,325.000,325.000,300.000,400.000,-1,-1,-1,750.000,700.000,-1,1000.000,2,0,2,0,2,0,0,1,0,1,2,2,2,0,0,2,1
105,3504.133,5707.280,-431.895,189.166,-0.987093,0.159296,0.016527,-0.159394,-0.987203,-0.004819,0.015548,-0.007391,0.999852,0,0.72511,-0.71042,43.507,-1.421,-1,400.000,-1,375.000,-1,325.000,325.000,325.000,300.000,400.000,-1,-1,-1,750.000,675.000,-1,975.000,2,0,2,0,2,0,0,0,0,1,2,2,2,0,0,2,1
106,3461.200,5701.444,-430.956,187.741,-0.990737,0.134694,0.017229,-0.134803,-0.990858,-0.005306,0.016357,-0.007579,0.999837,0,0.72213,-0.71257,43.328,-1.425,-1,400.000,1000.000,375.000,1000.000,325.000,325.000,325.000,300.000,425.000,-1,-1,-1,750.000,675.000,-1,925.000,2,0,1,0,1,0,0,0,0,1,2,2,2,0,0,2,1
107,3418.281,5696.697,-430.216,186.311,-0.993764,0.109927,0.018693,-0.110067,-0.993902,-0.006611,0.017852,-0.008627,0.999803,0,0.71969,-0.71489,43.181,-1.430,-1,400.000,950.000,375.000,975.000,325.000,325.000,325.000,300.000,425.000,-1,-1,-1,750.000,700.000,-1,900.000,2,0,1,0,1,0,0,0,0,1,2,2,2,0,0,2,1
108,3375.371,5693.036,-429.654,184.877,-0.996164,0.085005,0.020782,-0.085201,-0.996326,-0.008713,0.019965,-0.010450,0.999746,0,0.71776,-0.71737,43.066,-1.435,-1,400.000,900.000,375.000,950.000,325.000,325.000,300.000,300.000,450.000,-1,-1,-1,750.000,700.000,-1,875.000,2,0,1,0,1,0,0,0,0,1,2,2,2,0,0,2,1
109,3332.467,5690.459,-429.246,183.437,-0.997929,0.059939,0.023366,-0.060222,-0.998118,-0.011577,0.022628,-0.012960,0.999660,0,0.71634,-0.72000,42.980,-1.440,-1,400.000,850.000,375.000,925.000,325.000,325.000,300.000,300.000,450.000,-1,-1,-1,750.000,700.000,-1,850.000,2,0,1,0,1,0,0,0,0,1,2,2,2,0,0,2,1
110,3289.570,5688.968,-428.965,181.991,-0.999050,0.034740,0.026306,-0.035147,-0.999267,-0.015175,0.025759,-0.016086,0.999539,0,0.71539,-0.72276,42.923,-1.446,-1,400.000,800.000,375.000,900.000,325.000,325.000,300.000,300.000,475.000,-1,-1,-1,750.000,725.000,950.000,800.000,2,0,1,0,1,0,0,0,0,1,2,2,2,1,1,1,1
111,3246.679,5688.564,-427.907,180.540,-0.999584,0.009420,0.027244,-0.009869,-0.999817,-0.016378,0.027085,-0.016640,0.999495,0,0.71488,-0.72564,42.893,-1.451,-1,400.000,775.000,375.000,875.000,325.000,325.000,300.000,300.000,525.000,-1,-1,-1,700.000,700.000,850.000,775.000,2,0,1,0,1,0,0,0,0,1,2,2,2,1,1,1,1
112,3203.797,5689.250,-426.578,179.083,-0.999489,-0.016010,0.027655,0.015553,-0.999741,-0.016643,0.027915,-0.016205,0.999479,0,0.71479,-0.72863,42.887,-1.457,-1,400.000,725.000,375.000,850.000,325.000,325.000,300.000,300.000,575.000,-1,-1,-1,650.000,650.000,800.000,750.000,2,0,1,0,1,0,0,0,0,1,2,2,2,1,1,1,1
113,3160.930,5691.033,-425.237,177.619,-0.998742,-0.041538,0.028080,0.041072,-0.999012,-0.016961,0.028757,-0.015786,0.999462,0,0.71507,-0.73173,42.904,-1.463,-1,400.000,675.000,375.000,825.000,325.000,325.000,300.000,300.000,625.000,-1,-1,-1,625.000,625.000,725.000,725.000,2,0,1,0,1,0,0,0,0,1,2,2,2,1,1,1,1
114,3118.084,5693.917,-423.882,176.149,-0.997335,-0.067150,0.028513,0.066674,-0.997624,-0.017330,0.029609,-0.015382,0.999443,0,0.71571,-0.73493,42.943,-1.470,850.000,400.000,650.000,375.000,800.000,325.000,325.000,300.000,300.000,675.000,700.000,-1,-1,575.000,600.000,650.000,675.000,1,0,1,0,1,0,0,0,0,1,1,2,2,1,1,1,1
115,3075.269,5697.909,-422.512,174.673,-0.995261,-0.092833,0.028951,0.092345,-0.995569,-0.017749,0.030470,-0.014991,0.999423,0,0.71668,-0.73821,43.001,-1.476,700.000,400.000,600.000,375.000,775.000,325.000,325.000,300.000,300.000,725.000,600.000,-1,-1,525.000,575.000,600.000,650.000,1,0,1,0,1,0,0,0,0,1,1,2,2,1,1,1,1
116,3032.496,5703.018,-421.127,173.190,-0.992511,-0.118570,0.029389,0.118070,-0.992838,-0.018217,0.031339,-0.014610,0.999402,0,0.71794,-0.74158,43.076,-1.483,625.000,400.000,550.000,375.000,725.000,325.000,325.000,300.000,300.000,750.000,550.000,-1,-1,475.000,525.000,550.000,625.000,1,0,1,0,1,0,0,0,0,1,1,2,2,1,1,1,1
117,2985.134,5710.018,-419.572,171.592,-0.988804,-0.146198,0.029873,0.145682,-0.989153,-0.018792,0.032296,-0.014229,0.999377,0,0.79794,-0.79860,47.876,-1.597,550.000,400.000,525.000,375.000,700.000,325.000,325.000,300.000,300.000,800.000,550.000,-1,-1,450.000,500.000,475.000,575.000,1,1,1,0,1,0,0,0,0,1,1,2,2,1,1,1,1
118,2936.263,5718.634,-417.942,170.001,-0.984346,-0.173612,0.030365,0.173077,-0.984716,-0.019441,0.033276,-0.013881,0.999350,0,0.82708,-0.79565,49.625,-1.591,475.000,350.000,475.000,375.000,675.000,325.000,325.000,300.000,300.000,825.000,550.000,925.000,-1,400.000,475.000,425.000,550.000,1,1,1,0,1,0,0,0,0,1,1,1,2,1,1,1,1
119,2887.490,5728.631,-416.289,168.417,-0.979151,-0.200777,0.030842,0.200223,-0.979543,-0.020141,0.034255,-0.013546,0.999321,0,0.82978,-0.79232,49.787,-1.585,400.000,325.000,425.000,375.000,625.000,300.000,325.000,300.000,300.000,825.000,575.000,825.000,-1,350.000,425.000,375.000,500.000,1,1,1,1,1,1,1,0,0,1,1,1,2,1,1,1,1
120,2838.867,5740.001,-414.612,166.839,-0.973237,-0.227663,0.031299,0.227088,-0.973650,-0.020888,0.035230,-0.013221,0.999292,0,0.83224,-0.78861,49.934,-1.577,325.000,275.000,375.000,350.000,600.000,275.000,300.000,300.000,300.000,850.000,600.000,775.000,-1,300.000,375.000,300.000,475.000,1,1,1,1,1,1,1,0,0,1,1,1,2,1,1,1,1
121,2790.447,5752.731,-412.911,165.270,-0.966621,-0.254238,0.031732,0.253641,-0.967056,-0.021675,0.036197,-0.012903,0.999261,0,0.83443,-0.78450,50.066,-1.569,275.000,250.000,325.000,300.000,550.000,225.000,275.000,300.000,300.000,875.000,625.000,750.000,-1,275.000,350.000,250.000,425.000,1,1,1,1,1,1,1,0,0,1,1,1,2,1,1,1,1
122,2746.947,5765.252,-411.306,163.941,-0.960442,-0.276600,0.032316,0.275984,-0.960904,-0.022261,0.037210,-0.012462,0.999230,0,0.75443,-0.66450,45.266,-1.329,200.000,200.000,300.000,275.000,525.000,200.000,225.000,300.000,300.000,875.000,650.000,750.000,-1,225.000,325.000,200.000,400.000,1,1,1,1,1,1,1,0,0,1,1,1,2,1,1,1,1
123,2708.280,5777.183,-409.823,162.852,-0.954993,-0.294814,0.032767,0.294188,-0.955479,-0.022637,0.037982,-0.011978,0.999207,0,0.67443,-0.54450,40.466,-1.089,175.000,175.000,250.000,250.000,475.000,175.000,200.000,300.000,300.000,900.000,700.000,750.000,-1,200.000,275.000,150.000,375.000,1,1,1,1,1,1,1,0,0,1,1,1,2,1,1,1,1
124,2674.358,5788.202,-405.143,162.003,-0.949882,-0.308961,0.047621,0.308689,-0.951072,-0.013143,0.049351,0.002215,0.998779,0,0.59443,-0.42450,35.666,-0.849,125.000,150.000,250.000,225.000,450.000,150.000,200.000,325.000,300.000,950.000,550.000,575.000,-1,175.000,250.000,125.000,350.000,1,1,1,1,1,1,1,0,0,1,0,0,2,1,1,1,1
125,2645.098,5798.040,-396.602,161.394,-0.944376,-0.318880,0.080435,0.320485,-0.947224,0.007550,0.073783,0.032908,0.996731,0,0.51443,-0.30450,30.866,-0.609,125.000,150.000,225.000,225.000,450.000,150.000,200.000,425.000,275.000,-1,325.000,225.000,-1,175.000,250.000,125.000,325.000,1,1,1,1,1,1,1,0,0,2,0,0,2,1,1,1,1
126,2620.437,5806.495,-389.504,161.025,-0.939690,-0.324596,0.107796,0.328896,-0.944052,0.024351,0.093860,0.058336,0.993875,0,0.43443,-0.18450,26.066,-0.369,125.000,150.000,225.000,225.000,425.000,150.000,175.000,500.000,275.000,-1,275.000,125.000,675.000,175.000,250.000,125.000,325.000,1,1,1,1,1,1,1,0,0,2,0,0,0,1,1,1,1
127,2600.330,5813.433,-383.828,160.896,-0.936360,-0.326266,0.129537,0.333460,-0.942007,0.037778,0.109699,0.078570,0.990855,0,0.35443,-0.06450,21.266,-0.129,125.000,150.000,225.000,200.000,425.000,150.000,175.000,575.000,250.000,-1,225.000,75.000,500.000,175.000,250.000,125.000,300.000,1,1,1,1,1,1,1,1,0,2,0,0,0,1,1,1,1
128,2584.750,5818.771,-379.564,161.007,-0.934788,-0.324018,0.145548,0.333812,-0.941408,0.048164,0.121414,0.093609,0.988178,0,0.27443,0.05550,16.466,0.111,125.000,150.000,225.000,200.000,400.000,150.000,175.000,625.000,250.000,-1,225.000,75.000,400.000,175.000,225.000,125.000,300.000,1,1,1,1,1,1,1,1,0,2,0,0,0,1,1,1,1
129,2573.688,5822.484,-376.713,161.358,-0.935232,-0.317934,0.155753,0.329662,-0.942456,0.055670,0.129091,0.103410,0.986226,0,0.19443,0.17550,11.666,0.351,125.000,150.000,225.000,200.000,375.000,150.000,175.000,650.000,250.000,-1,225.000,50.000,350.000,175.000,225.000,125.000,275.000,1,1,1,1,1,1,1,1,0,2,0,0,0,1,1,1,1
130,2567.158,5824.603,-375.277,161.949,-0.937805,-0.308049,0.160084,0.320778,-0.945235,0.060270,0.132751,0.107873,0.985262,0,0.11443,0.29550,6.866,0.591,125.000,150.000,225.000,200.000,350.000,150.000,175.000,700.000,250.000,-1,200.000,50.000,350.000,175.000,225.000,125.000,275.000,1,1,1,1,1,1,1,1,0,2,0,0,0,1,1,1,1
131,2565.186,5825.216,-375.282,162.780,-0.942458,-0.294338,0.158550,0.306998,-0.949701,0.061803,0.132384,0.106921,0.985415,0,0.03443,0.41550,2.066,0.831,125.000,150.000,225.000,175.000,325.000,150.000,150.000,700.000,250.000,-1,200.000,50.000,350.000,175.000,200.000,125.000,250.000,1,1,1,1,1,1,1,1,0,2,0,0,0,1,1,1,1
132,2566.435,5824.863,-376.373,163.851,-0.948769,-0.276684,0.152588,0.288461,-0.955551,0.060929,0.128948,0.101824,0.986410,0,-0.02157,0.53550,-1.294,1.071,125.000,150.000,200.000,175.000,300.000,125.000,150.000,675.000,250.000,-1,225.000,50.000,350.000,150.000,200.000,125.000,250.000,1,1,1,1,1,1,1,1,0,2,0,0,0,1,1,1,1
