timestep,x_cm,y_cm,z_cm,yaw_deg,basis_xx,basis_xy,basis_xz,basis_yx,basis_yy,basis_yz,basis_zx,basis_zy,basis_zz,teleport_flag,throttle_cmd,steering_cmd,cmd_move_cm,cmd_turn_deg,lidar_cm_0,lidar_cm_1,lidar_cm_2,lidar_cm_3,lidar_cm_4,lidar_cm_5,lidar_cm_6,lidar_cm_7,lidar_cm_8,lidar_cm_9,lidar_cm_10,lidar_cm_11,lidar_cm_12,lidar_cm_13,lidar_cm_14,lidar_cm_15,lidar_cm_16,lidar_class_0,lidar_class_1,lidar_class_2,lidar_class_3,lidar_class_4,lidar_class_5,lidar_class_6,lidar_class_7,lidar_class_8,lidar_class_9,lidar_class_10,lidar_class_11,lidar_class_12,lidar_class_13,lidar_class_14,lidar_class_15,lidar_class_16
0,6888.230,1635.123,-51.735,-78.778,0.195791,0.980021,-0.035007,-0.980162,0.194449,-0.038374,-0.030800,0.041825,0.998650,1,0.08000,-0.12000,4.800,-0.240,775.000,400.000,900.000,325.000,-1,300.000,275.000,350.000,225.000,175.000,-1,-1,-1,550.000,675.000,625.000,-1,1,0,1,0,2,0,0,1,0,1,2,2,2,1,0,1,2
1,6890.019,1625.691,-51.506,-79.258,0.187559,0.981636,-0.034831,-0.981770,0.186236,-0.038005,-0.030820,0.041324,0.998670,0,0.16000,-0.24000,9.600,-0.480,750.000,400.000,900.000,325.000,-1,300.000,275.000,375.000,225.000,175.000,-1,-1,-1,525.000,675.000,625.000,-1,1,0,1,0,2,0,0,1,0,1,2,2,2,1,0,1,2
2,6892.525,1611.510,-51.242,-79.978,0.175165,0.983942,-0.034270,-0.984064,0.173894,-0.037129,-0.030574,0.040228,0.998723,0,0.24000,-0.36000,14.400,-0.720,700.000,400.000,925.000,325.000,-1,300.000,275.000,400.000,225.000,200.000,-1,-1,-1,525.000,700.000,600.000,-1,1,1,1,0,2,0,0,1,0,1,2,2,2,1,0,1,2
3,6895.548,1592.550,-51.027,-80.938,0.158563,0.986798,-0.032966,-0.986901,0.157397,-0.035405,-0.029749,0.038149,0.998829,0,0.32000,-0.48000,19.200,-0.960,675.000,400.000,950.000,325.000,-1,300.000,275.000,475.000,225.000,200.000,-1,-1,-1,500.000,725.000,575.000,-1,1,1,1,0,2,0,0,1,0,1,2,2,2,1,0,1,2
4,6898.830,1568.775,-50.970,-82.138,0.137701,0.990006,-0.030442,-0.990079,0.136714,-0.032446,-0.027960,0.034607,0.999010,0,0.40000,-0.60000,24.000,-1.200,625.000,375.000,975.000,325.000,-1,300.000,275.000,525.000,225.000,200.000,-1,-1,-1,500.000,750.000,550.000,-1,1,1,1,0,2,0,0,0,0,1,2,2,2,1,0,1,2
5,6902.050,1540.156,-51.192,-83.578,0.112540,0.993304,-0.026100,-0.993338,0.111812,-0.027874,-0.024769,0.029063,0.999271,0,0.48000,-0.72000,28.800,-1.440,575.000,350.000,975.000,350.000,-1,300.000,300.000,500.000,225.000,225.000,-1,-1,-1,475.000,775.000,500.000,-1,1,1,1,0,2,1,1,0,0,1,2,2,2,1,0,1,2
6,6904.868,1506.674,-51.821,-85.187,0.084304,0.996256,-0.019163,-0.996244,0.083890,-0.021466,-0.019778,0.020900,0.999586,0,0.56000,-0.80460,33.600,-1.609,500.000,350.000,975.000,375.000,-1,300.000,300.000,475.000,250.000,225.000,-1,-1,-1,450.000,850.000,475.000,-1,1,1,1,0,2,1,0,0,0,1,2,2,2,1,0,1,2
7,6907.007,1468.334,-52.936,-86.804,0.055876,0.998398,-0.008919,-0.998355,0.055755,-0.013341,-0.012822,0.009650,0.999871,0,0.64000,-0.80848,38.400,-1.617,450.000,325.000,975.000,400.000,-1,300.000,325.000,425.000,250.000,250.000,-1,-1,-1,450.000,875.000,425.000,-1,1,1,1,0,2,1,0,0,0,1,2,2,2,1,1,1,2
8,6908.181,1425.499,-54.546,-88.430,0.027381,0.999614,0.004773,-0.999618,0.027399,-0.003737,-0.003867,-0.004669,0.999982,0,0.71419,-0.81313,42.851,-1.626,400.000,325.000,975.000,425.000,-1,300.000,350.000,400.000,275.000,275.000,-1,-1,-1,450.000,875.000,375.000,-1,1,1,1,0,2,1,0,0,0,1,2,2,2,1,1,1,2
9,6908.133,1382.746,-56.471,-90.067,-0.001043,0.999791,0.020400,-0.999980,-0.001170,0.006228,0.006250,-0.020394,0.999772,0,0.71255,-0.81856,42.753,-1.637,325.000,325.000,950.000,475.000,-1,325.000,375.000,350.000,275.000,300.000,275.000,-1,-1,425.000,875.000,325.000,-1,1,1,1,0,2,1,0,0,0,1,1,2,2,1,1,1,2
10,6906.860,1340.054,-58.653,-91.715,-0.029285,0.998856,0.037798,-0.999421,-0.029915,0.016205,0.017317,-0.037301,0.999154,0,0.71185,-0.82419,42.711,-1.648,275.000,325.000,950.000,525.000,-1,325.000,400.000,325.000,300.000,325.000,125.000,-1,-1,425.000,900.000,275.000,-1,1,1,1,0,2,1,0,0,0,1,1,2,2,1,1,1,2
11,6904.343,1297.408,-56.801,-93.375,-0.057962,0.997589,0.038154,-0.998019,-0.058839,0.022277,0.024468,-0.036788,0.999024,0,0.71200,-0.83001,42.720,-1.660,250.000,325.000,925.000,550.000,-1,375.000,425.000,325.000,300.000,375.000,125.000,-1,-1,450.000,925.000,250.000,-1,1,1,1,0,2,1,0,0,0,1,1,2,2,1,1,1,2
12,6900.032,1250.083,-54.291,-95.199,-0.089879,0.995634,0.025208,-0.995471,-0.090594,0.028823,0.030981,-0.022504,0.999267,0,0.79200,-0.91182,47.520,-1.824,225.000,350.000,900.000,575.000,-1,450.000,450.000,350.000,275.000,450.000,175.000,675.000,-1,500.000,950.000,250.000,-1,1,1,1,0,2,1,0,0,0,1,1,1,2,1,1,1,2
13,6893.654,1198.152,-52.230,-97.000,-0.121474,0.992506,0.013259,-0.991960,-0.121863,0.034136,0.035496,-0.009006,0.999329,0,0.87200,-0.90042,52.320,-1.801,200.000,400.000,900.000,600.000,-1,525.000,475.000,375.000,275.000,575.000,225.000,475.000,-1,575.000,-1,250.000,-1,1,1,1,0,2,0,0,0,0,1,1,1,2,1,2,1,2
14,6885.098,1142.714,-50.726,-98.775,-0.152530,0.988293,0.003484,-0.987581,-0.152553,0.037577,0.037668,0.002291,0.999288,0,0.93490,-0.88749,56.094,-1.775,200.000,450.000,875.000,600.000,-1,550.000,500.000,400.000,250.000,725.000,275.000,375.000,-1,575.000,-1,250.000,-1,1,1,1,0,2,1,0,0,0,1,1,1,2,1,2,1,2
15,6874.898,1087.790,-50.010,-100.521,-0.182831,0.983140,-0.002973,-0.982448,-0.182587,0.038190,0.037004,0.009903,0.999266,0,0.93106,-0.87305,55.864,-1.746,175.000,475.000,875.000,575.000,-1,500.000,500.000,325.000,250.000,900.000,325.000,350.000,-1,550.000,-1,275.000,-1,1,1,1,1,2,1,0,1,0,1,1,1,2,1,2,1,2
16,6863.129,1033.517,-50.148,-102.237,-0.212270,0.977192,-0.006148,-0.976643,-0.211928,0.035411,0.033301,0.013521,0.999354,0,0.92557,-0.85776,55.534,-1.716,175.000,475.000,850.000,550.000,-1,475.000,475.000,250.000,250.000,-1,375.000,400.000,-1,525.000,-1,300.000,-1,1,1,1,1,2,1,1,1,0,2,1,1,2,1,2,1,2
17,6849.873,980.034,-51.194,-103.920,-0.240814,0.970552,-0.006168,-0.970212,-0.240547,0.028737,0.026407,0.012904,0.999568,0,0.91837,-0.84174,55.102,-1.683,175.000,450.000,850.000,525.000,-1,425.000,450.000,200.000,225.000,-1,450.000,450.000,-1,500.000,-1,375.000,-1,1,1,1,1,2,1,1,1,0,2,1,1,2,1,2,1,2
18,6835.224,927.469,-53.185,-105.570,-0.268508,0.963272,-0.003245,-0.963141,-0.268412,0.017742,0.016219,0.007889,0.999837,0,0.90948,-0.82514,54.569,-1.650,175.000,400.000,850.000,475.000,950.000,375.000,400.000,175.000,225.000,-1,525.000,550.000,-1,450.000,925.000,325.000,-1,1,1,1,1,1,1,1,1,0,2,1,1,2,1,1,1,2
19,6819.286,875.939,-56.145,-107.187,-0.295479,0.955346,0.002335,-0.955345,-0.295484,0.002094,0.002691,-0.001612,0.999995,0,0.89898,-0.80814,53.939,-1.616,175.000,350.000,875.000,450.000,875.000,350.000,375.000,125.000,225.000,-1,625.000,650.000,-1,375.000,850.000,275.000,975.000,1,1,1,1,1,1,1,1,0,2,1,1,2,1,1,1,1
20,6802.163,825.545,-60.081,-108.769,-0.321930,0.946708,0.010231,-0.946658,-0.321713,-0.018443,-0.014169,-0.015622,0.999778,0,0.88706,-0.79118,53.224,-1.582,175.000,300.000,925.000,400.000,800.000,300.000,325.000,100.000,250.000,-1,725.000,750.000,-1,325.000,775.000,225.000,875.000,1,1,1,1,1,1,1,1,0,2,1,1,2,1,1,1,1
21,6783.938,776.375,-64.958,-110.346,-0.348590,0.937066,0.019828,-0.936636,-0.347493,-0.044283,-0.034606,-0.034008,0.998822,0,0.87396,-0.78870,52.438,-1.577,150.000,250.000,675.000,375.000,700.000,250.000,300.000,100.000,250.000,-1,825.000,875.000,-1,275.000,700.000,175.000,750.000,1,1,1,1,1,1,1,1,0,2,1,1,2,1,1,1,1
22,6764.684,728.503,-67.822,-111.920,-0.375241,0.926770,0.017063,-0.924612,-0.372940,-0.077516,-0.065476,-0.044864,0.996845,0,0.85991,-0.78696,51.595,-1.574,100.000,200.000,500.000,300.000,575.000,200.000,250.000,75.000,250.000,-1,950.000,-1,-1,225.000,600.000,125.000,600.000,1,1,1,1,1,1,1,1,0,2,1,2,2,1,1,1,1
23,-983.514,-8199.511,-258.487,-128.804,-0.572859,0.737814,-0.357020,-0.802610,-0.593303,0.061720,-0.166283,0.321905,0.932055,1,0.00000,0.00000,50.717,-1.572,-1,375.000,675.000,200.000,0.000,275.000,200.000,200.000,150.000,175.000,-1,825.000,925.000,625.000,250.000,-1,0.000,2,0,0,0,0,0,0,1,0,1,2,1,1,0,0,2,0
24,-4920.249,-2953.316,98.914,156.430,-0.941681,-0.334211,0.039239,0.295668,-0.766073,0.570713,-0.160679,0.549031,0.820212,1,0.00000,0.00000,4.800,-0.240,-1,725.000,-1,275.000,50.000,450.000,325.000,175.000,150.000,-1,-1,-1,550.000,-1,350.000,-1,75.000,2,1,2,0,0,0,0,1,0,2,2,2,0,2,0,2,0
25,-8194.922,-8857.374,-326.072,-28.799,0.876707,0.479717,0.035447,-0.472506,0.872646,-0.123395,-0.090127,0.091432,0.991724,1,0.08000,0.12000,4.800,0.240,-1,375.000,-1,350.000,925.000,300.000,300.000,300.000,300.000,-1,-1,-1,-1,600.000,600.000,-1,875.000,2,0,2,0,0,0,0,0,0,2,2,2,2,0,0,2,0
26,-8186.471,-8861.927,-326.839,-28.319,0.880693,0.472380,0.035188,-0.465291,0.876615,-0.122676,-0.088796,0.091667,0.991823,0,0.16000,0.24000,9.600,0.480,-1,375.000,-1,350.000,925.000,300.000,300.000,300.000,300.000,-1,-1,-1,-1,600.000,600.000,-1,875.000,2,0,2,0,0,0,0,0,0,2,2,2,2,0,0,2,0
27,-8173.710,-8868.597,-327.972,-27.599,0.886557,0.461312,0.034762,-0.454409,0.882454,-0.121604,-0.086773,0.092013,0.991970,0,0.24000,0.36000,14.400,0.720,-1,375.000,-1,350.000,925.000,300.000,300.000,300.000,300.000,-1,700.000,-1,-1,600.000,600.000,-1,850.000,2,0,2,0,0,0,0,0,0,2,0,2,2,0,0,2,0
28,-8156.548,-8877.204,-329.454,-26.639,0.894161,0.446444,0.034124,-0.439790,0.890022,-0.120189,-0.084028,0.092461,0.992164,0,0.32000,0.48000,19.200,0.960,-1,375.000,-1,350.000,950.000,300.000,300.000,300.000,300.000,-1,550.000,725.000,-1,600.000,575.000,-1,850.000,2,0,2,0,0,0,0,0,0,2,0,0,2,0,0,2,0
29,-8134.876,-8887.512,-331.261,-25.439,0.903317,0.427685,0.033216,-0.421347,0.899131,-0.118450,-0.080525,0.093003,0.992404,0,0.40000,0.60000,24.000,1.200,-1,375.000,-1,350.000,925.000,300.000,300.000,300.000,325.000,-1,500.000,625.000,-1,625.000,575.000,-1,850.000,2,0,2,0,0,0,0,0,0,2,0,0,2,0,0,2,0
30,-8108.567,-8899.223,-333.365,-23.999,0.913788,0.404931,0.031973,-0.398975,0.909541,-0.116420,-0.076223,0.093627,0.992685,0,0.48000,0.72000,28.800,1.440,-1,375.000,-1,350.000,925.000,300.000,300.000,300.000,325.000,-1,475.000,575.000,-1,625.000,575.000,-1,850.000,2,0,2,0,0,0,0,0,0,2,0,0,2,0,0,2,0
31,-8077.485,-8911.980,-335.731,-22.319,0.925282,0.378066,0.030319,-0.372561,0.920961,-0.114147,-0.071078,0.094323,0.993001,0,0.56000,0.84000,33.600,1.680,-1,375.000,-1,350.000,900.000,300.000,300.000,300.000,325.000,-1,450.000,525.000,-1,625.000,575.000,-1,825.000,2,0,2,0,0,0,0,0,0,2,0,0,2,0,0,2,0
32,-8042.034,-8925.160,-338.280,-20.399,0.937451,0.346972,0.028210,-0.341978,0.933041,-0.111738,-0.065091,0.095102,0.993337,0,0.63039,0.96000,37.824,1.920,-1,375.000,-1,350.000,900.000,300.000,300.000,300.000,325.000,-1,400.000,500.000,-1,625.000,575.000,-1,825.000,2,0,2,0,0,0,0,0,0,2,0,0,2,0,0,2,0
33,-8006.151,-8937.110,-340.714,-18.423,0.948883,0.314567,0.025853,-0.310089,0.944378,-0.109522,-0.058867,0.095906,0.993648,0,0.63039,0.98808,37.824,1.976,-1,375.000,-1,350.000,875.000,300.000,300.000,300.000,325.000,-1,375.000,475.000,-1,625.000,575.000,-1,825.000,2,0,2,0,0,0,0,0,0,2,0,0,2,0,0,2,0
34,-7969.876,-8947.816,-343.035,-16.446,0.959193,0.281793,0.023284,-0.277831,0.954592,-0.107533,-0.052529,0.096676,0.993929,0,0.63039,0.98808,37.824,1.976,-1,375.000,-1,350.000,875.000,300.000,300.000,300.000,325.000,-1,350.000,450.000,-1,625.000,575.000,-1,825.000,2,0,2,0,0,0,0,0,0,2,0,0,2,0,0,2,0
35,-7933.254,-8957.264,-345.143,-14.470,0.968364,0.248679,0.020751,-0.245187,0.963633,-0.106281,-0.046426,0.097830,0.994120,0,0.63039,0.98808,37.824,1.976,-1,375.000,-1,350.000,850.000,300.000,300.000,300.000,325.000,-1,350.000,450.000,-1,650.000,575.000,-1,825.000,2,0,2,0,0,0,0,0,0,2,0,0,2,0,0,2,0
36,-7896.328,-8965.442,-346.894,-12.494,0.976406,0.215256,0.017203,-0.212289,0.971429,-0.106112,-0.039552,0.099956,0.994205,0,0.63039,0.98808,37.824,1.976,-1,375.000,-1,350.000,850.000,300.000,300.000,300.000,325.000,-1,325.000,425.000,-1,650.000,575.000,-1,825.000,2,0,2,0,0,0,0,0,0,2,0,0,2,0,0,2,0
37,-7859.141,-8972.341,-348.446,-10.518,0.983285,0.181583,0.013346,-0.179165,0.978026,-0.106603,-0.032410,0.102430,0.994212,0,0.63039,0.98808,37.824,1.976,-1,375.000,-1,350.000,825.000,300.000,300.000,300.000,300.000,-1,325.000,375.000,-1,675.000,575.000,-1,825.000,2,0,2,0,0,0,0,0,0,2,0,0,2,0,0,2,0
38,-7821.739,-8977.955,-349.476,-8.542,0.988970,0.147734,0.010641,-0.145789,0.983601,-0.106178,-0.026152,0.103455,0.994290,0,0.63039,0.98808,37.824,1.976,-1,375.000,-1,350.000,825.000,300.000,300.000,300.000,300.000,-1,325.000,350.000,-1,675.000,575.000,-1,825.000,2,0,2,0,0,0,0,0,0,2,0,0,2,0,0,2,0
39,-7784.166,-8982.280,-349.734,-6.566,0.993477,0.113743,0.008121,-0.112297,0.988248,-0.103710,-0.019821,0.102121,0.994574,0,0.63039,0.98808,37.824,1.976,-1,375.000,-1,350.000,850.000,300.000,300.000,300.000,300.000,-1,350.000,375.000,-1,675.000,575.000,-1,850.000,2,0,2,0,0,0,0,0,0,2,0,0,2,0,0,2,0
40,-7746.466,-8985.306,-349.841,-4.589,0.996810,0.079609,0.005613,-0.078632,0.991728,-0.101448,-0.013643,0.100683,0.994825,0,0.63039,0.98808,37.824,1.976,-1,375.000,-1,350.000,900.000,300.000,300.000,300.000,300.000,-1,350.000,375.000,-1,675.000,600.000,-1,900.000,2,0,2,0,0,0,0,0,0,2,0,0,2,0,0,2,0
41,-7708.684,-8987.031,-349.803,-2.613,0.998965,0.045370,0.003130,-0.044835,0.994037,-0.099401,-0.007622,0.099157,0.995043,0,0.63039,0.98808,37.824,1.976,-1,375.000,-1,350.000,950.000,300.000,300.000,300.000,300.000,-1,375.000,400.000,-1,675.000,600.000,-1,950.000,2,0,2,0,0,0,0,0,0,2,0,0,2,0,0,2,0
42,-7670.865,-8987.452,-349.624,-0.637,0.999939,0.011066,0.000686,-0.010947,0.995168,-0.097575,-0.001762,0.097562,0.995228,0,0.63039,0.98808,37.824,1.976,-1,400.000,-1,350.000,1000.000,325.000,300.000,300.000,300.000,-1,375.000,425.000,-1,675.000,600.000,-1,1000.000,2,0,2,0,0,0,0,0,0,2,0,0,2,0,0,2,0
43,-7633.054,-8986.569,-349.313,1.339,0.999728,-0.023261,-0.001708,0.022990,0.995118,-0.095979,0.003932,0.095914,0.995382,0,0.63039,0.98808,37.824,1.976,-1,400.000,-1,350.000,-1,325.000,300.000,300.000,300.000,-1,400.000,450.000,-1,675.000,625.000,-1,-1,2,0,2,0,2,0,0,0,0,2,0,0,2,0,0,2,2
44,-7600.079,-8984.798,-348.945,3.075,0.998566,-0.053407,-0.003748,0.052812,0.994097,-0.094773,0.008788,0.094440,0.995492,0,0.55039,0.86808,33.024,1.736,-1,400.000,-1,375.000,-1,325.000,300.000,300.000,300.000,-1,400.000,450.000,-1,675.000,625.000,-1,-1,2,0,2,0,2,0,0,0,0,2,0,0,2,0,0,2,2
45,-7571.947,-8982.549,-348.563,4.571,0.996832,-0.079354,-0.005449,0.078495,0.992484,-0.093885,0.012858,0.093160,0.995568,0,0.47039,0.74808,28.224,1.496,-1,400.000,-1,375.000,-1,325.000,300.000,300.000,300.000,-1,425.000,475.000,-1,675.000,625.000,-1,-1,2,0,2,0,2,0,0,0,0,2,0,0,2,0,0,2,2
46,-7548.646,-8980.172,-348.201,5.828,0.994853,-0.101103,-0.006826,0.100032,0.990605,-0.093249,0.016189,0.092087,0.995619,0,0.39039,0.62808,23.424,1.256,-1,400.000,-1,375.000,-1,325.000,325.000,300.000,300.000,-1,425.000,500.000,-1,675.000,625.000,-1,-1,2,0,2,0,2,0,0,0,0,2,0,0,2,0,0,2,2
47,-7530.156,-8977.953,-347.886,6.844,0.992903,-0.118665,-0.007896,0.117428,0.988735,-0.092812,0.018820,0.091226,0.995652,0,0.31039,0.50808,18.624,1.016,-1,400.000,-1,375.000,-1,325.000,325.000,300.000,300.000,-1,425.000,500.000,-1,675.000,650.000,-1,-1,2,0,2,0,2,0,0,0,0,2,0,0,2,0,0,2,2
48,-7516.455,-8976.120,-347.639,7.620,0.991204,-0.132055,-0.008675,0.130698,0.987095,-0.092527,0.020782,0.090579,0.995672,0,0.23039,0.38808,13.824,0.776,-1,400.000,-1,375.000,-1,325.000,325.000,300.000,300.000,-1,450.000,500.000,-1,675.000,650.000,-1,-1,2,0,2,0,2,0,0,0,0,2,0,0,2,0,0,2,2
49,-7507.524,-8974.830,-347.473,8.219,0.989770,-0.142378,-0.009180,0.140936,0.985700,-0.092368,0.022200,0.090129,0.995683,0,0.15039,0.29963,9.024,0.599,-1,400.000,-1,375.000,-1,325.000,325.000,300.000,300.000,-1,450.000,525.000,-1,675.000,650.000,-1,-1,2,0,2,0,2,0,0,0,0,2,0,0,2,0,0,2,2
50,-7503.351,-8974.183,-347.407,8.818,0.988230,-0.152684,-0.009426,0.151178,0.984185,-0.092331,0.023374,0.089819,0.995684,0,0.07039,0.29963,4.224,0.599,-1,400.000,-1,375.000,-1,325.000,325.000,300.000,300.000,-1,450.000,525.000,-1,675.000,650.000,-1,-1,2,0,2,0,2,0,0,0,0,2,0,0,2,0,0,2,2
51,-7503.920,-8974.278,-347.450,9.418,0.986586,-0.162971,-0.009420,0.161422,0.982550,-0.092398,0.024314,0.089638,0.995678,0,-0.00961,0.29963,-0.576,0.599,-1,400.000,-1,375.000,-1,325.000,325.000,300.000,300.000,-1,450.000,525.000,-1,675.000,650.000,-1,-1,2,0,2,0,2,0,0,0,0,2,0,0,2,0,0,2,2
52,-7509.215,-8975.213,-347.610,10.017,0.984837,-0.173240,-0.009172,0.171667,0.980798,-0.092554,0.025030,0.089576,0.995665,0,-0.08961,0.29963,-5.376,0.599,-1,400.000,-1,375.000,-1,325.000,325.000,300.000,300.000,-1,450.000,525.000,-1,675.000,650.000,-1,-1,2,0,2,0,2,0,0,0,0,2,0,0,2,0,0,2,2
53,-7509.783,-8975.317,-347.643,10.376,0.983736,-0.179388,-0.009158,0.177791,0.979702,-0.092594,0.025582,0.089460,0.995662,0,-0.00961,0.17963,-0.576,0.359,-1,400.000,-1,375.000,-1,325.000,325.000,300.000,300.000,-1,450.000,525.000,-1,675.000,650.000,-1,-1,2,0,2,0,2,0,0,0,0,2,0,0,2,0,0,2,2
54,-7505.630,-8974.547,-347.543,10.495,0.983359,-0.181429,-0.009372,0.179806,0.979341,-0.092528,0.025966,0.089303,0.995666,0,0.07039,0.05963,4.224,0.119,-1,400.000,-1,375.000,-1,325.000,325.000,300.000,300.000,-1,450.000,525.000,-1,675.000,650.000,-1,-1,2,0,2,0,2,0,0,0,0,2,0,0,2,0,0,2,2
55,-7496.754,-8972.922,-347.313,10.375,0.983733,-0.179368,-0.009819,0.177718,0.979738,-0.092355,0.026185,0.089107,0.995678,0,0.15039,-0.06037,9.024,-0.121,-1,400.000,-1,375.000,-1,325.000,325.000,300.000,300.000,-1,450.000,525.000,-1,675.000,650.000,-1,-1,2,0,2,0,2,0,0,0,0,2,0,0,2,0,0,2,2
56,-7483.140,-8970.519,-346.961,10.014,0.984831,-0.173200,-0.010505,0.171521,0.980870,-0.092061,0.026249,0.088863,0.995698,0,0.23039,-0.18037,13.824,-0.361,-1,400.000,-1,375.000,-1,325.000,325.000,300.000,300.000,-1,475.000,550.000,-1,675.000,650.000,-1,-1,2,0,2,0,2,0,0,0,0,2,0,0,2,0,0,2,2
57,-7464.778,-8967.408,-346.510,9.617,0.985992,-0.166398,-0.011447,0.164674,0.982080,-0.091655,0.026493,0.088487,0.995725,0,0.31039,-0.19871,18.624,-0.397,-1,400.000,-1,375.000,-1,325.000,325.000,300.000,300.000,-1,475.000,550.000,-1,675.000,650.000,-1,-1,2,0,2,0,2,0,0,0,0,2,0,0,2,0,0,2,2
58,-7441.656,-8963.656,-345.969,9.219,0.987102,-0.159589,-0.012653,0.157800,0.983257,-0.091133,0.026985,0.087961,0.995758,0,0.39039,-0.19871,23.424,-0.397,-1,400.000,-1,375.000,-1,325.000,325.000,300.000,300.000,-1,475.000,550.000,-1,675.000,650.000,-1,-1,2,0,2,0,2,0,0,0,0,2,0,0,2,0,0,2,2
59,-7413.766,-8959.328,-345.350,8.822,0.988160,-0.152775,-0.014130,0.150899,0.984399,-0.090487,0.027734,0.087284,0.995797,0,0.47039,-0.19871,28.224,-0.397,-1,400.000,-1,375.000,-1,325.000,325.000,300.000,300.000,-1,475.000,550.000,-1,675.000,650.000,-1,-1,2,0,2,0,2,0,0,0,0,2,0,0,2,0,0,2,2
60,-7381.098,-8954.491,-344.664,8.424,0.989164,-0.145953,-0.015888,0.143973,0.985507,-0.089711,0.028751,0.086452,0.995841,0,0.55039,-0.19871,33.024,-0.397,-1,375.000,-1,375.000,-1,325.000,325.000,300.000,300.000,-1,450.000,550.000,-1,675.000,650.000,-1,-1,2,0,2,0,2,0,0,0,0,2,0,0,2,0,0,2,2
61,-7343.645,-8949.210,-343.921,8.027,0.990112,-0.139126,-0.017932,0.137021,0.986580,-0.088798,0.030046,0.085463,0.995888,0,0.63039,-0.19871,37.824,-0.397,-1,375.000,-1,375.000,-1,325.000,325.000,300.000,300.000,-1,400.000,550.000,-1,675.000,650.000,-1,-1,2,0,2,0,2,0,0,0,0,2,0,0,2,0,0,2,2
62,-7301.398,-8943.552,-343.132,7.629,0.991003,-0.132292,-0.020272,0.130046,0.987618,-0.087742,0.031629,0.084316,0.995937,0,0.71039,-0.19871,42.624,-0.397,-1,375.000,-1,375.000,-1,325.000,325.000,300.000,275.000,1000.000,375.000,475.000,-1,675.000,675.000,-1,-1,2,0,2,0,2,0,0,0,0,0,0,0,2,0,0,2,2
63,-7254.351,-8937.583,-342.289,7.232,0.991836,-0.125453,-0.022867,0.123054,0.988627,-0.086456,0.033453,0.082937,0.995993,0,0.79039,-0.19871,47.424,-0.397,-1,375.000,-1,375.000,-1,325.000,325.000,300.000,275.000,1000.000,350.000,425.000,-1,675.000,675.000,-1,-1,2,0,2,0,2,0,0,0,0,0,0,0,2,0,0,2,2
64,-7202.498,-8931.372,-340.843,6.835,0.992617,-0.118629,-0.025268,0.116180,0.989769,-0.082822,0.034835,0.079275,0.996244,0,0.87039,-0.19871,52.224,-0.397,-1,375.000,-1,375.000,-1,325.000,325.000,275.000,300.000,975.000,350.000,425.000,-1,675.000,675.000,-1,-1,2,0,2,0,2,0,0,0,0,0,0,0,2,0,0,2,2
65,-7149.139,-8925.353,-338.576,6.437,0.993369,-0.111769,-0.026928,0.109244,0.990643,-0.081810,0.035820,0.078326,0.996284,0,0.89495,-0.19871,53.697,-0.397,-1,375.000,-1,375.000,-1,325.000,325.000,275.000,300.000,975.000,375.000,450.000,-1,675.000,675.000,-1,-1,2,0,2,0,2,0,0,0,0,0,0,0,2,0,0,2,2
66,-7095.740,-8919.702,-336.031,6.040,0.994064,-0.104892,-0.028896,0.102222,0.991369,-0.082087,0.037256,0.078646,0.996206,0,0.89495,-0.19871,53.697,-0.397,-1,375.000,-1,375.000,-1,325.000,325.000,300.000,300.000,1000.000,425.000,475.000,-1,675.000,700.000,-1,-1,2,0,2,0,2,0,0,0,0,0,0,0,2,0,0,2,2
67,-7042.124,-8914.405,-333.517,5.642,0.994706,-0.098003,-0.030925,0.095182,0.992050,-0.082321,0.038747,0.078942,0.996126,0,0.89793,-0.19894,53.876,-0.398,-1,375.000,-1,375.000,-1,325.000,325.000,300.000,300.000,-1,450.000,500.000,-1,675.000,700.000,-1,-1,2,0,2,0,2,0,0,0,0,2,0,0,2,0,0,2,2
68,-6988.053,-8909.443,-331.025,5.243,0.995295,-0.091093,-0.033022,0.088116,0.992687,-0.082510,0.040297,0.079212,0.996043,0,0.90497,-0.19943,54.298,-0.399,-1,375.000,-1,375.000,-1,325.000,325.000,300.000,300.000,-1,475.000,525.000,-1,675.000,700.000,-1,-1,2,0,2,0,2,0,0,0,0,2,0,0,2,0,0,2,2
69,-6933.523,-8904.821,-328.554,4.843,0.995831,-0.084164,-0.035183,0.081028,0.993279,-0.082653,0.041903,0.079457,0.995957,0,0.91208,-0.19984,54.725,-0.400,-1,375.000,-1,375.000,-1,325.000,325.000,300.000,300.000,-1,500.000,525.000,-1,675.000,725.000,-1,-1,2,0,2,0,2,0,0,0,0,2,0,0,2,0,0,2,2
70,-6878.534,-8900.548,-326.104,4.443,0.996312,-0.077220,-0.037405,0.073921,0.993825,-0.082745,0.043564,0.079674,0.995869,0,0.91924,-0.20018,55.155,-0.400,-1,375.000,-1,375.000,-1,325.000,325.000,300.000,300.000,-1,525.000,550.000,-1,675.000,725.000,-1,-1,2,0,2,0,2,0,0,0,0,2,0,0,2,0,0,2,2
71,-6823.083,-8896.629,-323.676,4.042,0.996739,-0.070264,-0.039684,0.066798,0.994326,-0.082784,0.045276,0.079863,0.995777,0,0.92647,-0.20044,55.588,-0.401,-1,375.000,-1,400.000,-1,325.000,325.000,300.000,300.000,-1,550.000,550.000,-1,675.000,725.000,-1,-1,2,0,2,0,2,0,0,0,0,2,0,0,2,0,0,2,2
72,-6767.170,-8893.071,-321.270,3.641,0.997110,-0.063298,-0.042017,0.059663,0.994781,-0.082767,0.047037,0.080021,0.995683,0,0.93376,-0.20062,56.026,-0.401,-1,375.000,-1,400.000,-1,325.000,325.000,300.000,300.000,-1,550.000,575.000,-1,675.000,750.000,-1,-1,2,0,2,0,2,0,0,0,0,2,0,0,2,0,0,2,2
73,-6710.792,-8889.880,-318.886,3.239,0.997425,-0.056327,-0.044398,0.052519,0.995190,-0.082692,0.048843,0.080148,0.995586,0,0.94112,-0.20071,56.467,-0.401,-1,375.000,1000.000,400.000,-1,325.000,325.000,300.000,300.000,-1,575.000,575.000,-1,675.000,750.000,-1,975.000,2,0,1,0,2,0,0,0,0,2,0,0,2,0,0,2,1
74,-6653.950,-8887.061,-316.523,2.838,0.997683,-0.049352,-0.046825,0.045372,0.995553,-0.082557,0.050691,0.080241,0.995486,0,0.94853,-0.20072,56.912,-0.401,-1,375.000,950.000,400.000,-1,325.000,325.000,300.000,300.000,-1,600.000,600.000,-1,700.000,775.000,-1,925.000,2,0,1,0,2,0,0,0,0,2,0,0,2,0,0,2,1
75,-6596.640,-8884.622,-314.183,2.437,0.997885,-0.042379,-0.049292,0.038225,0.995869,-0.082358,0.052578,0.080300,0.995383,0,0.95601,-0.20062,57.361,-0.401,-1,375.000,900.000,400.000,975.000,325.000,325.000,300.000,300.000,-1,550.000,550.000,-1,700.000,750.000,-1,875.000,2,0,1,0,1,0,0,0,0,2,0,0,2,0,1,2,1
76,-6538.863,-8882.568,-311.522,2.036,0.998082,-0.035410,-0.050787,0.031153,0.996122,-0.082282,0.053503,0.080542,0.995314,0,0.96355,-0.20043,57.813,-0.401,-1,375.000,825.000,400.000,900.000,325.000,325.000,275.000,300.000,-1,550.000,550.000,-1,700.000,700.000,-1,800.000,2,0,1,0,1,0,0,0,0,2,0,0,2,0,1,2,1
77,-6480.618,-8880.902,-308.309,1.636,0.998285,-0.028446,-0.051159,0.024088,0.996187,-0.083856,0.053349,0.082480,0.995164,0,0.97115,-0.20013,58.269,-0.400,-1,375.000,775.000,400.000,825.000,325.000,325.000,275.000,300.000,-1,600.000,600.000,-1,675.000,675.000,900.000,750.000,2,0,1,0,1,0,0,0,0,2,0,0,2,1,1,1,1
78,-6421.903,-8879.633,-305.104,1.236,0.998440,-0.021496,-0.051536,0.017040,0.996201,-0.085403,0.053177,0.084391,0.995013,0,0.97881,-0.19972,58.728,-0.399,-1,375.000,725.000,400.000,775.000,325.000,325.000,300.000,275.000,-1,650.000,650.000,-1,625.000,625.000,825.000,700.000,2,0,1,0,1,0,0,0,0,2,0,0,2,1,1,1,1
79,-6362.718,-8878.766,-301.909,0.838,0.998545,-0.014567,-0.051917,0.010013,0.996165,-0.086924,0.052984,0.086278,0.994861,0,0.98652,-0.19919,59.191,-0.398,-1,375.000,650.000,400.000,700.000,325.000,325.000,300.000,275.000,-1,700.000,700.000,-1,575.000,575.000,750.000,650.000,2,0,1,0,1,0,0,0,0,2,0,0,2,1,1,1,1
80,-6303.061,-8878.304,-298.726,0.441,0.998602,-0.007662,-0.052297,0.003012,0.996078,-0.088423,0.052769,0.088142,0.994709,0,0.99430,-0.19853,59.658,-0.397,-1,375.000,600.000,400.000,650.000,325.000,325.000,300.000,275.000,-1,750.000,750.000,-1,525.000,525.000,675.000,575.000,2,0,1,0,1,0,0,0,0,2,0,0,2,1,1,1,1
81,-6243.061,-8878.255,-295.564,0.045,0.998612,-0.000787,-0.052673,-0.003957,0.995943,-0.089899,0.052530,0.089983,0.994557,0,1.00000,-0.19773,60.000,-0.395,-1,375.000,525.000,400.000,575.000,325.000,325.000,300.000,275.000,-1,800.000,800.000,-1,475.000,475.000,600.000,525.000,2,0,1,1,1,0,0,0,0,2,0,0,2,1,1,1,1
82,-6183.062,-8878.617,-292.443,-0.348,0.998574,0.006053,-0.053039,-0.010888,0.995759,-0.091349,0.052261,0.091796,0.994405,0,1.00000,-0.19677,60.000,-0.394,-1,350.000,475.000,350.000,500.000,325.000,325.000,300.000,300.000,-1,825.000,825.000,-1,425.000,400.000,525.000,450.000,2,1,1,1,1,1,1,0,0,2,0,0,2,1,1,1,1
83,-6123.066,-8879.390,-289.365,-0.740,0.998491,0.012851,-0.053394,-0.017774,0.995528,-0.092774,0.051963,0.093583,0.994254,0,1.00000,-0.19565,60.000,-0.391,-1,325.000,425.000,325.000,450.000,275.000,275.000,300.000,300.000,-1,875.000,875.000,-1,375.000,350.000,450.000,400.000,2,1,1,1,1,1,1,0,0,2,0,0,2,1,1,1,1
84,-6067.881,-8880.708,-286.603,-1.371,0.998273,0.023814,-0.053708,-0.028802,0.995148,-0.094080,0.051207,0.095464,0.994115,0,0.92000,-0.31565,55.200,-0.631,525.000,275.000,350.000,275.000,375.000,250.000,250.000,300.000,300.000,-1,925.000,925.000,-1,325.000,325.000,375.000,350.000,1,1,1,1,1,1,1,0,0,2,0,0,2,1,1,1,1
85,-6017.513,-8882.514,-284.150,-2.056,0.997904,0.035705,-0.053978,-0.040740,0.994619,-0.095254,0.050286,0.097253,0.993988,0,0.84000,-0.34253,50.400,-0.685,400.000,225.000,300.000,225.000,325.000,225.000,225.000,300.000,300.000,-1,950.000,975.000,-1,275.000,275.000,325.000,300.000,1,1,1,1,1,1,1,0,0,2,0,0,2,1,1,1,1
86,-5971.964,-8884.689,-281.995,-2.736,0.997399,0.047502,-0.054203,-0.052572,0.993963,-0.096301,0.049301,0.098900,0.993875,0,0.76000,-0.34009,45.600,-0.680,325.000,200.000,275.000,200.000,275.000,175.000,175.000,300.000,300.000,-1,1000.000,-1,-1,250.000,225.000,250.000,250.000,1,1,1,1,1,1,1,0,0,2,0,2,2,1,1,1,1
87,-5931.235,-8887.115,-280.124,-3.411,0.996764,0.059197,-0.054386,-0.064290,0.993184,-0.097227,0.048260,0.100408,0.993775,0,0.68000,-0.33745,40.800,-0.675,250.000,175.000,225.000,175.000,250.000,150.000,150.000,300.000,300.000,-1,-1,-1,-1,200.000,200.000,225.000,225.000,1,1,1,1,1,1,1,0,0,2,2,2,2,1,1,1,1
88,-5895.323,-8889.655,-275.698,-4.080,0.995448,0.070696,-0.063914,-0.077369,0.991048,-0.108799,0.055650,0.113249,0.992007,0,0.60000,-0.33463,36.000,-0.669,225.000,150.000,200.000,150.000,200.000,125.000,150.000,325.000,275.000,-1,875.000,875.000,-1,175.000,175.000,200.000,175.000,1,1,1,1,1,1,1,0,0,2,0,0,2,1,1,1,1
89,-5864.224,-8892.219,-267.094,-4.744,0.992853,0.082102,-0.086612,-0.091649,0.989391,-0.112719,0.076439,0.119852,0.989845,0,0.52000,-0.33170,31.200,-0.663,250.000,150.000,200.000,150.000,200.000,125.000,125.000,350.000,300.000,-1,500.000,450.000,-1,175.000,175.000,200.000,175.000,1,1,1,1,1,1,1,0,0,2,0,0,2,1,1,1,1
90,-5837.934,-8894.701,-257.439,-5.401,0.989281,0.093470,-0.112186,-0.105562,0.988620,-0.107181,0.100891,0.117875,0.987890,0,0.44000,-0.32869,26.400,-0.657,275.000,150.000,200.000,150.000,200.000,125.000,150.000,375.000,325.000,-1,300.000,250.000,875.000,175.000,175.000,200.000,175.000,1,1,1,1,1,1,1,0,0,2,0,0,0,1,1,1,1
91,8199.029,-983.738,-29.068,116.591,-0.400534,-0.893736,0.202009,0.828946,-0.447378,-0.335711,0.390411,0.032991,0.920049,1,0.00000,0.00000,21.600,-0.651,-1,800.000,-1,325.000,-1,375.000,300.000,225.000,450.000,550.000,125.000,75.000,275.000,-1,-1,-1,400.000,2,1,2,1,2,1,1,1,1,1,0,0,0,2,2,2,1
92,-2947.175,-3605.983,-142.127,19.979,0.935026,-0.341421,0.095701,0.343493,0.939139,-0.005574,-0.087974,0.038084,0.995395,1,0.08000,-0.00907,4.800,-0.018,-1,425.000,-1,400.000,-1,325.000,325.000,300.000,300.000,-1,400.000,450.000,675.000,875.000,800.000,-1,-1,2,0,2,0,2,0,0,0,0,2,1,1,1,0,0,2,2
93,-2938.151,-3602.707,-142.984,19.957,0.935129,-0.341064,0.095963,0.343118,0.939278,-0.005271,-0.088338,0.037855,0.995371,0,0.16000,-0.01099,9.600,-0.022,-1,425.000,-1,400.000,-1,325.000,325.000,300.000,300.000,-1,400.000,450.000,675.000,850.000,800.000,-1,-1,2,0,2,0,2,0,0,0,0,2,1,1,1,0,0,2,2
94,-2924.613,-3597.799,-144.270,19.927,0.935264,-0.340582,0.096356,0.342608,0.939466,-0.004813,-0.088884,0.037513,0.995335,0,0.24000,-0.01482,14.400,-0.030,-1,425.000,-1,400.000,-1,325.000,325.000,300.000,300.000,-1,425.000,475.000,675.000,850.000,800.000,-1,-1,2,0,2,0,2,0,0,0,0,2,1,1,1,0,0,2,2
95,-2906.558,-3591.268,-145.988,19.886,0.935453,-0.339913,0.096882,0.341901,0.939727,-0.004194,-0.089617,0.037047,0.995287,0,0.32000,-0.02057,19.200,-0.041,-1,425.000,-1,400.000,-1,325.000,325.000,300.000,325.000,-1,450.000,500.000,700.000,850.000,800.000,-1,-1,2,0,2,0,2,0,0,0,0,2,1,1,1,0,0,2,2
96,-2887.855,-3584.524,-147.770,19.829,0.935730,-0.338993,0.097431,0.340937,0.940079,-0.003545,-0.090391,0.036535,0.995236,0,0.33136,-0.02826,19.882,-0.057,-1,425.000,-1,400.000,-1,325.000,325.000,300.000,325.000,-1,475.000,525.000,725.000,850.000,800.000,-1,-1,2,0,2,0,2,0,0,0,0,2,1,1,1,0,0,2,2
97,-2868.866,-3577.704,-149.582,19.757,0.936099,-0.337810,0.097993,0.339709,0.940526,-0.002877,-0.091193,0.035982,0.995183,0,0.33627,-0.03624,20.176,-0.072,-1,425.000,-1,400.000,-1,325.000,325.000,300.000,325.000,-1,500.000,525.000,750.000,850.000,800.000,-1,-1,2,0,2,0,2,0,0,0,0,2,1,1,1,0,0,2,2
98,-2849.583,-3570.812,-151.425,19.668,0.936561,-0.336361,0.098568,0.338210,0.941068,-0.002191,-0.092023,0.035389,0.995128,0,0.34129,-0.04434,20.478,-0.089,-1,425.000,-1,400.000,-1,325.000,325.000,300.000,325.000,-1,500.000,550.000,750.000,850.000,800.000,-1,-1,2,0,2,0,2,0,0,0,0,2,1,1,1,0,0,2,2
99,-2829.997,-3563.852,-153.300,19.563,0.937114,-0.334640,0.099159,0.336437,0.941705,-0.001486,-0.092881,0.034754,0.995071,0,0.34642,-0.05259,20.785,-0.105,-1,425.000,-1,400.000,-1,325.000,325.000,300.000,325.000,-1,525.000,575.000,775.000,825.000,800.000,-1,-1,2,0,2,0,2,0,0,0,0,2,1,1,1,0,0,2,2
100,-2810.101,-3556.830,-155.208,19.441,0.937761,-0.332643,0.099764,0.334383,0.942437,-0.000764,-0.093767,0.034076,0.995011,0,0.35166,-0.06098,21.099,-0.122,-1,425.000,-1,400.000,-1,325.000,325.000,300.000,325.000,-1,550.000,600.000,800.000,825.000,800.000,-1,-1,2,0,2,0,2,0,0,0,0,2,1,1,1,0,0,2,2
101,-2785.623,-3548.364,-157.566,19.079,0.939766,-0.326695,0.100547,0.328348,0.944557,0.000121,-0.095012,0.032901,0.994932,0,0.43166,-0.18098,25.899,-0.362,-1,425.000,-1,400.000,-1,325.000,325.000,300.000,325.000,-1,575.000,625.000,825.000,825.000,800.000,-1,-1,2,0,2,0,2,0,0,0,0,2,1,1,1,0,0,2,2
102,-2756.506,-3538.635,-160.380,18.477,0.943053,-0.316771,0.101521,0.318303,0.947988,0.001159,-0.096608,0.031221,0.994833,0,0.51166,-0.30098,30.699,-0.602,-1,400.000,-1,400.000,-1,325.000,325.000,300.000,325.000,-1,625.000,650.000,850.000,825.000,800.000,-1,-1,2,0,2,0,2,0,0,0,0,2,1,1,1,0,0,2,2
103,-2722.674,-3527.881,-163.663,17.635,0.947496,-0.302826,0.102701,0.304205,0.952604,0.002335,-0.098541,0.029030,0.994709,0,0.59166,-0.42098,35.499,-0.842,-1,400.000,-1,400.000,-1,325.000,325.000,300.000,325.000,-1,650.000,700.000,875.000,800.000,775.000,-1,-1,2,0,2,0,2,0,0,0,0,2,1,1,1,0,0,2,2
104,-2688.395,-3517.693,-167.123,16.553,0.952954,-0.284802,0.103760,0.286051,0.958210,0.002946,-0.100263,0.026873,0.994598,0,0.59601,-0.54098,35.760,-1.082,-1,400.000,-1,400.000,-1,325.000,325.000,300.000,325.000,-1,675.000,725.000,925.000,800.000,775.000,-1,-1,2,0,2,0,2,0,0,0,0,2,1,1,1,0,0,2,2
105,-2653.624,-3508.226,-170.676,15.231,0.959168,-0.262636,0.104968,0.263748,0.964586,0.003388,-0.102141,0.024436,0.994470,0,0.60061,-0.66098,36.036,-1.322,-1,400.000,-1,400.000,-1,325.000,325.000,300.000,325.000,-1,725.000,750.000,950.000,800.000,775.000,-1,-1,2,0,2,0,2,0,0,0,0,2,1,1,1,0,0,2,2
106,-2618.309,-3499.638,-174.308,13.669,0.965859,-0.236261,0.106288,0.237222,0.971449,0.003693,-0.104126,0.021647,0.994328,0,0.60573,-0.78098,36.344,-1.562,-1,400.000,-1,400.000,-1,325.000,325.000,300.000,325.000,-1,750.000,775.000,975.000,800.000,750.000,-1,-1,2,0,2,0,2,0,0,0,0,2,1,1,1,0,0,2,2
107,-2582.407,-3492.094,-178.008,11.867,0.972696,-0.205610,0.107640,0.206399,0.978460,0.003880,-0.106120,0.018443,0.994182,0,0.61142,-0.90098,36.685,-1.802,-1,400.000,-1,400.000,-1,325.000,325.000,300.000,325.000,-1,800.000,825.000,1000.000,800.000,750.000,-1,-1,2,0,2,0,2,0,0,0,0,2,1,1,1,0,0,2,2
108,-2545.896,-3485.724,-181.994,9.897,0.979184,-0.171864,0.107992,0.172376,0.985020,0.004645,-0.107173,0.014067,0.994141,0,0.61770,-0.98503,37.062,-1.970,-1,400.000,-1,400.000,-1,325.000,325.000,300.000,325.000,-1,825.000,850.000,-1,775.000,725.000,-1,-1,2,0,2,0,2,0,0,0,0,2,1,1,2,0,0,2,2
109,-2508.783,-3480.569,-186.026,7.908,0.984557,-0.137569,0.108269,0.137816,0.990444,0.005239,-0.107955,0.009764,0.994108,0,0.62449,-0.99479,37.469,-1.990,-1,400.000,-1,375.000,-1,325.000,325.000,300.000,325.000,-1,850.000,875.000,-1,775.000,725.000,-1,-1,2,0,2,0,2,0,0,0,0,2,1,1,2,0,0,2,2
110,-2471.093,-3476.669,-190.128,5.908,0.988751,-0.102923,0.108532,0.102904,0.994674,0.005792,-0.108550,0.005441,0.994076,0,0.63152,-1.00000,37.891,-2.000,-1,400.000,-1,375.000,-1,325.000,325.000,300.000,325.000,-1,900.000,900.000,-1,750.000,725.000,-1,-1,2,0,2,0,2,0,0,0,0,2,1,1,2,0,0,2,2
111,-2432.856,-3474.057,-194.295,3.908,0.991728,-0.068148,0.108777,0.067864,0.997675,0.006307,-0.108954,0.001127,0.994046,0,0.63876,-1.00000,38.326,-2.000,-1,400.000,-1,375.000,-1,325.000,325.000,300.000,325.000,-1,950.000,950.000,-1,725.000,725.000,-1,-1,2,0,2,0,2,0,0,0,0,2,1,1,2,0,0,2,2
112,-2394.108,-3472.766,-198.521,1.908,0.993484,-0.033288,0.109003,0.032743,0.999441,0.006784,-0.109168,-0.003171,0.994018,0,0.64616,-1.00000,38.769,-2.000,-1,400.000,-1,375.000,-1,325.000,325.000,300.000,325.000,-1,1000.000,975.000,-1,725.000,725.000,-1,-1,2,0,2,0,2,0,0,0,0,2,1,1,2,0,0,2,2
113,-2354.889,-3472.828,-202.801,-0.092,0.994017,0.001613,0.109209,-0.002416,0.999971,0.007226,-0.109194,-0.007446,0.993993,0,0.65367,-1.00000,39.220,-2.000,-1,400.000,-1,400.000,-1,325.000,325.000,300.000,325.000,-1,-1,-1,-1,725.000,725.000,-1,-1,2,0,2,0,2,0,0,0,0,2,2,2,2,0,0,2,2
114,-2315.240,-3474.276,-207.128,-2.092,0.993328,0.036509,0.109394,-0.037567,0.999265,0.007632,-0.109035,-0.011690,0.993969,0,0.66126,-1.00000,39.675,-2.000,-1,400.000,-1,400.000,-1,325.000,325.000,300.000,325.000,-1,-1,-1,-1,700.000,725.000,-1,-1,2,0,2,0,2,0,0,0,0,2,2,2,2,0,0,2,2
115,-2275.208,-3477.138,-211.496,-4.092,0.991416,0.071356,0.109558,-0.072666,0.997324,0.008003,-0.108694,-0.015895,0.993948,0,0.66890,-1.00000,40.134,-2.000,-1,400.000,-1,400.000,-1,325.000,325.000,300.000,325.000,-1,-1,-1,-1,700.000,700.000,-1,-1,2,0,2,0,2,0,0,0,0,2,2,2,2,0,0,2,2
116,-2234.844,-3481.445,-215.896,-6.092,0.988285,0.106111,0.109700,-0.107666,0.994152,0.008339,-0.108173,-0.020052,0.993930,0,0.67655,-1.00000,40.593,-2.000,-1,375.000,-1,375.000,950.000,325.000,325.000,300.000,325.000,-1,-1,-1,-1,675.000,700.000,-1,-1,2,0,2,0,1,0,0,0,0,2,2,2,2,0,0,2,2
117,-2194.200,-3487.222,-220.321,-8.092,0.983939,0.140729,0.109819,-0.142525,0.989754,0.008640,-0.107478,-0.024153,0.993914,0,0.68420,-1.00000,41.052,-2.000,-1,375.000,-1,375.000,900.000,325.000,325.000,300.000,325.000,-1,-1,-1,-1,675.000,700.000,-1,-1,2,0,2,0,1,0,0,0,0,2,2,2,2,0,0,2,2
118,-2153.333,-3494.494,-224.764,-10.092,0.978384,0.175167,0.109917,-0.177197,0.984135,0.008905,-0.106613,-0.028190,0.993901,0,0.69181,-1.00000,41.509,-2.000,-1,375.000,-1,375.000,825.000,300.000,325.000,300.000,325.000,-1,-1,-1,-1,675.000,700.000,-1,-1,2,0,2,0,1,0,0,0,0,2,2,2,2,0,0,2,2
119,-2112.303,-3503.283,-229.214,-12.092,0.971628,0.209381,0.109992,-0.211638,0.977305,0.009134,-0.105583,-0.032153,0.993891,0,0.69935,-1.00000,41.961,-2.000,-1,375.000,-1,375.000,775.000,300.000,300.000,300.000,325.000,-1,-1,-1,-1,675.000,700.000,-1,-1,2,0,2,0,1,0,0,0,0,2,2,2,2,0,0,2,2
120,-2071.170,-3513.607,-233.663,-14.092,0.963681,0.243328,0.110044,-0.245805,0.969274,0.009323,-0.104395,-0.036034,0.993883,0,0.70680,-1.00000,42.408,-2.000,-1,375.000,-1,375.000,725.000,300.000,300.000,300.000,325.000,-1,-1,-1,-1,675.000,700.000,-1,-1,2,0,2,0,1,0,0,0,0,2,2,2,2,0,0,2,2
121,-2030.000,-3525.482,-238.065,-16.092,0.954545,0.276969,0.110143,-0.279642,0.960059,0.009304,-0.103167,-0.039681,0.993872,0,0.71414,-1.00000,42.848,-2.000,-1,375.000,-1,375.000,675.000,300.000,300.000,300.000,325.000,-1,-1,-1,-1,650.000,700.000,-1,925.000,2,0,2,0,1,0,0,0,0,2,2,2,2,0,0,2,1
122,-1989.186,-3538.815,-242.064,-18.092,0.944397,0.310279,0.108816,-0.312974,0.949726,0.008198,-0.100801,-0.041799,0.994028,0,0.71562,-1.00000,42.937,-2.000,1000.000,375.000,-1,375.000,625.000,300.000,300.000,325.000,325.000,-1,-1,-1,-1,675.000,700.000,-1,850.000,0,0,2,0,1,0,0,0,0,2,2,2,2,0,0,2,1
123,-1948.830,-3553.576,-246.002,-20.092,0.933101,0.343205,0.107393,-0.345920,0.938237,0.007176,-0.098297,-0.043846,0.994191,0,0.71617,-1.00000,42.970,-2.000,1000.000,375.000,-1,375.000,575.000,300.000,300.000,325.000,325.000,-1,-1,-1,-1,675.000,700.000,-1,775.000,0,0,2,0,1,0,0,0,0,2,2,2,2,0,0,2,1
124,-1906.406,-3570.795,-250.157,-22.092,0.920669,0.375706,0.105898,-0.378440,0.925605,0.006253,-0.095670,-0.045833,0.994357,0,0.76309,-1.00000,45.785,-2.000,-1,375.000,1000.000,375.000,550.000,300.000,300.000,325.000,325.000,-1,-1,-1,-1,675.000,700.000,-1,700.000,2,0,1,0,1,0,0,0,0,2,2,2,2,1,0,2,1
125,-1864.472,-3589.546,-254.320,-24.092,0.907124,0.407745,0.104260,-0.410490,0.911849,0.005403,-0.092866,-0.047699,0.994535,0,0.76560,-1.00000,45.936,-2.000,-1,375.000,950.000,375.000,500.000,300.000,300.000,325.000,325.000,-1,-1,-1,-1,650.000,700.000,-1,625.000,2,0,1,0,1,0,0,0,0,2,2,2,2,1,1,2,1
126,-1823.080,-3609.816,-258.435,-26.092,0.892464,0.439278,0.102682,-0.442048,0.896979,0.004760,-0.090012,-0.049638,0.994703,0,0.76814,-1.00000,46.088,-2.000,-1,375.000,900.000,375.000,450.000,300.000,300.000,325.000,325.000,-1,-1,-1,-1,625.000,650.000,950.000,575.000,2,0,1,0,1,0,0,0,0,2,2,2,2,1,1,1,1
127,-1778.086,-3633.589,-262.735,-27.852,0.878717,0.466568,0.100848,-0.469409,0.882966,0.005099,-0.086666,-0.051819,0.994889,0,0.84814,-0.88000,50.888,-1.760,-1,375.000,875.000,375.000,425.000,300.000,300.000,300.000,325.000,-1,-1,-1,-1,600.000,600.000,825.000,525.000,2,0,1,0,1,0,0,0,0,2,2,2,2,1,1,1,1
128,-1732.007,-3659.523,-267.146,-29.372,0.866197,0.489776,0.099103,-0.492680,0.870192,0.005634,-0.083480,-0.053706,0.995061,0,0.88127,-0.76000,52.876,-1.520,-1,375.000,825.000,375.000,375.000,300.000,300.000,300.000,325.000,-1,-1,975.000,-1,575.000,550.000,750.000,475.000,2,0,1,0,1,0,0,0,0,2,2,0,2,1,1,1,1
129,-1686.523,-3686.657,-271.494,-30.819,0.853711,0.511541,0.097489,-0.514509,0.857462,0.006306,-0.080367,-0.055543,0.995217,0,0.88270,-0.72343,52.962,-1.447,-1,375.000,775.000,375.000,350.000,300.000,300.000,300.000,325.000,-1,975.000,900.000,-1,550.000,525.000,650.000,425.000,2,0,1,0,1,0,0,0,0,2,0,0,2,1,1,1,1
130,-1641.688,-3714.973,-275.735,-32.276,0.840591,0.533127,0.095826,-0.536150,0.844093,0.007036,-0.077135,-0.057292,0.995373,0,0.88380,-0.72856,53.028,-1.457,850.000,375.000,725.000,375.000,300.000,300.000,300.000,300.000,325.000,-1,925.000,825.000,-1,500.000,475.000,575.000,375.000,1,0,1,0,1,0,0,0,0,2,0,0,2,1,1,1,1
131,-1597.549,-3744.458,-279.874,-33.744,0.826827,0.554517,0.094171,-0.557591,0.830079,0.007845,-0.073819,-0.058996,0.995525,0,0.88469,-0.73384,53.081,-1.468,675.000,375.000,675.000,375.000,275.000,300.000,325.000,300.000,325.000,-1,875.000,750.000,-1,475.000,425.000,525.000,325.000,1,1,1,1,1,0,0,0,0,2,0,0,2,1,1,1,1
