timestep,x_cm,y_cm,z_cm,yaw_deg,basis_xx,basis_xy,basis_xz,basis_yx,basis_yy,basis_yz,basis_zx,basis_zy,basis_zz,teleport_flag,throttle_cmd,steering_cmd,cmd_move_cm,cmd_turn_deg,lidar_cm_0,lidar_cm_1,lidar_cm_2,lidar_cm_3,lidar_cm_4,lidar_cm_5,lidar_cm_6,lidar_cm_7,lidar_cm_8,lidar_cm_9,lidar_cm_10,lidar_cm_11,lidar_cm_12,lidar_cm_13,lidar_cm_14,lidar_cm_15,lidar_cm_16,lidar_class_0,lidar_class_1,lidar_class_2,lidar_class_3,lidar_class_4,lidar_class_5,lidar_class_6,lidar_class_7,lidar_class_8,lidar_class_9,lidar_class_10,lidar_class_11,lidar_class_12,lidar_class_13,lidar_class_14,lidar_class_15,lidar_class_16
0,8202.872,-4922.528,180.060,-39.426,0.771199,0.634427,-0.052472,-0.635863,0.771641,-0.015766,0.030487,0.045524,0.998498,1,0.08000,0.12000,4.800,0.240,-1,400.000,-1,375.000,-1,325.000,300.000,350.000,300.000,550.000,0.000,0.000,-1,750.000,700.000,-1,-1,2,0,2,0,2,0,0,0,0,1,1,1,2,0,0,2,2
1,8210.338,-4928.562,179.711,-38.946,0.776359,0.627928,-0.054525,-0.629430,0.776913,-0.015000,0.032942,0.045965,0.998400,0,0.16000,0.24000,9.600,0.480,-1,400.000,-1,375.000,-1,325.000,300.000,350.000,300.000,550.000,0.000,0.000,-1,775.000,700.000,-1,-1,2,0,2,0,2,0,0,0,0,1,1,1,2,0,0,2,2
2,8221.650,-4937.473,179.848,-38.226,0.784146,0.618163,-0.054679,-0.619605,0.784802,-0.013261,0.034714,0.044278,0.998416,0,0.24000,0.36000,14.400,0.720,-1,400.000,-1,375.000,-1,325.000,300.000,350.000,300.000,550.000,0.000,0.000,-1,775.000,700.000,-1,-1,2,0,2,0,2,0,0,0,0,1,1,1,2,0,0,2,2
3,8236.929,-4949.100,180.164,-37.266,0.794364,0.604995,-0.054476,-0.606332,0.795137,-0.010903,0.036720,0.041692,0.998456,0,0.32000,0.48000,19.200,0.960,-1,400.000,-1,375.000,-1,325.000,325.000,350.000,300.000,550.000,0.000,0.000,-1,775.000,725.000,-1,-1,2,0,2,0,2,0,0,0,0,1,1,1,2,0,0,2,2
4,8256.328,-4963.231,180.609,-36.066,0.806828,0.588285,-0.054308,-0.589490,0.807736,-0.008065,0.039122,0.038520,0.998492,0,0.40000,0.60000,24.000,1.200,-1,400.000,-1,375.000,-1,325.000,325.000,325.000,300.000,550.000,0.000,0.000,-1,775.000,725.000,-1,-1,2,0,2,0,2,0,0,0,0,1,1,1,2,0,0,2,2
5,8279.959,-4979.693,181.152,-34.859,0.819011,0.571208,-0.054245,-0.572244,0.820071,-0.004491,0.041920,0.034720,0.998518,0,0.48000,0.60390,28.800,1.208,-1,400.000,-1,375.000,-1,325.000,325.000,325.000,300.000,575.000,0.000,25.000,-1,800.000,750.000,-1,-1,2,0,2,0,2,0,0,0,0,1,1,1,2,0,0,2,2
6,8307.920,-4998.325,181.837,-33.675,0.830595,0.554222,-0.054314,-0.555057,0.831812,-0.000340,0.044990,0.030430,0.998524,0,0.56000,0.59185,33.600,1.184,-1,400.000,-1,400.000,-1,325.000,325.000,325.000,300.000,575.000,0.000,50.000,-1,800.000,750.000,-1,-1,2,0,2,0,2,0,0,0,0,1,1,1,2,0,0,2,2
7,8339.045,-5018.170,183.221,-32.519,0.841603,0.537369,-0.054213,-0.538104,0.842877,0.001216,0.046349,0.028149,0.998529,0,0.61522,0.57783,36.913,1.156,-1,400.000,-1,400.000,-1,325.000,325.000,325.000,300.000,600.000,50.000,100.000,-1,800.000,750.000,-1,-1,2,0,2,0,2,0,0,0,0,1,1,1,2,0,0,2,2
8,8371.150,-5037.762,184.968,-31.394,0.852013,0.520734,-0.053947,-0.521432,0.853292,0.001321,0.046720,0.027004,0.998543,0,0.62685,0.56246,37.611,1.125,-1,400.000,-1,400.000,-1,325.000,325.000,325.000,300.000,625.000,75.000,150.000,-1,800.000,750.000,-1,-1,2,0,2,0,2,0,0,0,0,1,1,1,2,0,0,2,2
9,8404.231,-5057.095,186.786,-30.301,0.861821,0.504368,-0.053648,-0.505026,0.863103,0.001485,0.047052,0.025813,0.998559,0,0.63861,0.54685,38.316,1.094,-1,400.000,-1,400.000,-1,325.000,325.000,325.000,300.000,675.000,125.000,200.000,-1,800.000,750.000,-1,-1,2,0,2,0,2,0,0,0,0,1,1,1,2,0,0,2,2
10,8438.287,-5076.158,188.675,-29.239,0.871046,0.488300,-0.053318,-0.488915,0.872330,0.001709,0.047345,0.024579,0.998576,0,0.65047,0.53098,39.028,1.062,-1,400.000,-1,400.000,-1,325.000,325.000,325.000,300.000,700.000,150.000,250.000,-1,800.000,775.000,-1,-1,2,0,2,0,2,0,0,0,0,1,1,1,2,0,0,2,2
11,8473.313,-5094.947,190.555,-28.209,0.879728,0.472562,-0.052577,-0.473116,0.880998,0.002159,0.047340,0.022976,0.998615,0,0.66245,0.51486,39.747,1.030,-1,400.000,-1,400.000,-1,325.000,325.000,325.000,300.000,725.000,200.000,300.000,-1,800.000,775.000,-1,-1,2,0,2,0,2,0,0,0,0,1,1,1,2,0,0,2,2
12,8509.304,-5113.454,192.499,-27.212,0.887866,0.457179,-0.051787,-0.457667,0.889120,0.002696,0.047278,0.021308,0.998654,0,0.67452,0.49849,40.471,0.997,-1,400.000,-1,400.000,-1,325.000,325.000,325.000,300.000,750.000,250.000,350.000,-1,800.000,750.000,-1,-1,2,0,2,0,2,0,0,0,0,1,1,1,2,0,0,2,2
13,8546.258,-5131.677,194.511,-26.248,0.895479,0.442175,-0.050969,-0.442597,0.896715,0.003314,0.047170,0.019591,0.998695,0,0.68670,0.48186,41.202,0.964,-1,400.000,-1,400.000,-1,325.000,325.000,325.000,325.000,775.000,275.000,425.000,-1,825.000,750.000,-1,-1,2,0,2,0,2,0,0,0,0,1,1,1,2,0,0,2,2
14,8584.168,-5149.612,196.591,-25.318,0.902588,0.427578,-0.050123,-0.427931,0.903803,0.004013,0.047017,0.017827,0.998735,0,0.69898,0.46496,41.939,0.930,-1,400.000,-1,400.000,-1,325.000,325.000,300.000,325.000,825.000,325.000,500.000,-1,825.000,750.000,-1,-1,2,0,2,0,2,0,0,0,0,1,1,1,2,0,0,2,2
15,8617.928,-5165.089,198.353,-24.628,0.907692,0.416672,-0.049789,-0.416983,0.908903,0.004471,0.047116,0.016703,0.998750,0,0.61898,0.34496,37.139,0.690,-1,400.000,-1,400.000,-1,325.000,325.000,300.000,325.000,850.000,375.000,550.000,-1,825.000,750.000,-1,-1,2,0,2,0,2,0,0,0,0,1,1,1,2,0,0,2,2
16,8647.430,-5178.335,199.872,-24.178,0.910948,0.409527,-0.049612,-0.409808,0.912159,0.004834,0.047234,0.015928,0.998757,0,0.53898,0.22496,32.339,0.450,-1,400.000,-1,400.000,-1,325.000,325.000,300.000,325.000,875.000,425.000,575.000,-1,825.000,750.000,-1,-1,2,0,2,0,2,0,0,0,0,1,1,1,2,0,0,2,2
17,8676.150,-5191.103,201.300,-23.968,0.912457,0.406185,-0.049353,-0.406452,0.913659,0.004944,0.047100,0.015548,0.998769,0,0.52385,0.10496,31.431,0.210,-1,400.000,-1,400.000,-1,325.000,325.000,300.000,325.000,900.000,450.000,625.000,-1,825.000,750.000,-1,-1,2,0,2,0,2,0,0,0,0,1,1,1,2,0,0,2,2
18,8705.342,-5204.100,202.728,-23.999,0.912260,0.406665,-0.049033,-0.406929,0.913446,0.004924,0.046791,0.015461,0.998785,0,0.53257,-0.01504,31.954,-0.030,-1,400.000,-1,400.000,-1,325.000,325.000,300.000,325.000,925.000,475.000,650.000,-1,825.000,750.000,-1,-1,2,0,2,0,2,0,0,0,0,1,1,1,2,0,0,2,2
19,8734.947,-5217.447,204.189,-24.269,0.910349,0.410966,-0.048703,-0.411230,0.911518,0.004930,0.046420,0.015540,0.998801,0,0.54124,-0.13504,32.475,-0.270,-1,400.000,-1,400.000,-1,325.000,325.000,325.000,325.000,950.000,525.000,675.000,-1,850.000,750.000,-1,-1,2,0,2,0,2,0,0,0,0,1,1,1,2,0,0,2,2
20,8764.904,-5231.276,205.663,-24.779,0.906669,0.419062,-0.048348,-0.419334,0.907819,0.004858,0.045927,0.015869,0.998819,0,0.54992,-0.25504,32.995,-0.510,-1,400.000,-1,400.000,-1,325.000,325.000,325.000,325.000,975.000,550.000,700.000,-1,850.000,750.000,-1,-1,2,0,2,0,2,0,0,0,0,1,1,1,2,0,0,2,2
21,8795.152,-5245.722,207.164,-25.529,0.901119,0.430907,-0.047997,-0.431192,0.902248,0.004778,0.045364,0.016390,0.998836,0,0.55867,-0.37504,33.520,-0.750,-1,400.000,-1,400.000,-1,325.000,325.000,325.000,325.000,1000.000,575.000,725.000,-1,850.000,750.000,-1,-1,2,0,2,0,2,0,0,0,0,1,1,1,2,0,0,2,2
22,8825.622,-5260.926,208.694,-26.519,0.893550,0.446427,-0.047660,-0.446730,0.894656,0.004684,0.044731,0.017105,0.998853,0,0.56755,-0.49504,34.053,-0.990,-1,400.000,-1,400.000,-1,325.000,325.000,325.000,300.000,-1,600.000,725.000,-1,850.000,750.000,-1,-1,2,0,2,0,2,0,0,0,0,2,1,1,2,0,0,2,2
23,8856.242,-5277.035,210.252,-27.749,0.883768,0.465523,-0.047348,-0.465849,0.884852,0.004567,0.044022,0.018021,0.998868,0,0.57665,-0.61504,34.599,-1.230,-1,400.000,-1,400.000,-1,325.000,325.000,325.000,300.000,-1,650.000,750.000,-1,850.000,750.000,-1,-1,2,0,2,0,2,0,0,0,0,2,1,1,2,0,0,2,2
24,8890.628,-5296.267,212.025,-29.219,0.871541,0.488060,-0.047038,-0.488416,0.872600,0.004392,0.043189,0.019146,0.998883,0,0.65665,-0.73504,39.399,-1.470,-1,400.000,-1,400.000,-1,325.000,325.000,325.000,300.000,-1,675.000,750.000,-1,850.000,750.000,-1,-1,2,0,2,0,2,0,0,0,0,2,1,1,2,0,0,2,2
25,8926.640,-5317.844,213.907,-30.929,0.856592,0.513870,-0.046774,-0.514260,0.857624,0.004191,0.042268,0.020464,0.998897,0,0.69967,-0.85504,41.980,-1.710,-1,400.000,-1,375.000,-1,325.000,325.000,325.000,300.000,-1,725.000,775.000,-1,850.000,750.000,-1,-1,2,0,2,0,2,0,0,0,0,2,1,1,2,0,0,2,2
26,8962.329,-5340.902,215.761,-32.866,0.838729,0.542552,-0.046604,-0.542973,0.839740,0.004178,0.041402,0.021800,0.998905,0,0.70817,-0.96859,42.490,-1.937,-1,400.000,-1,375.000,-1,325.000,325.000,325.000,300.000,-1,775.000,800.000,-1,850.000,750.000,-1,-1,2,0,2,0,2,0,0,0,0,2,1,1,2,0,0,2,2
27,8997.653,-5365.480,217.546,-34.830,0.819635,0.570994,-0.046520,-0.571433,0.820636,0.004554,0.040777,0.022851,0.998907,0,0.71722,-0.98183,43.033,-1.964,-1,400.000,-1,375.000,-1,325.000,325.000,325.000,300.000,-1,825.000,825.000,-1,850.000,750.000,-1,-1,2,0,2,0,2,0,0,0,0,2,1,1,2,0,0,2,2
28,9032.553,-5391.608,219.308,-36.821,0.799294,0.599140,-0.046474,-0.599592,0.800290,0.005080,0.040237,0.023805,0.998907,0,0.72661,-0.99528,43.596,-1.991,-1,400.000,-1,375.000,-1,325.000,325.000,325.000,300.000,-1,875.000,850.000,-1,850.000,775.000,-1,-1,2,0,2,0,2,0,0,0,0,2,1,1,2,0,0,2,2
29,9066.972,-5419.301,221.083,-38.821,0.777883,0.626690,-0.046449,-0.627156,0.778874,0.005566,0.039666,0.024801,0.998905,0,0.73628,-1.00000,44.177,-2.000,-1,400.000,-1,375.000,-1,325.000,325.000,325.000,300.000,-1,950.000,900.000,-1,850.000,775.000,-1,-1,2,0,2,0,2,0,0,0,0,2,1,1,2,0,0,2,2
30,9100.853,-5448.567,222.796,-40.821,0.755542,0.653479,-0.046060,-0.653949,0.756514,0.006080,0.038818,0.025527,0.998920,0,0.74617,-1.00000,44.770,-2.000,-1,400.000,-1,375.000,700.000,325.000,325.000,325.000,300.000,-1,-1,950.000,-1,850.000,775.000,-1,-1,2,0,2,0,1,0,0,0,0,2,2,1,2,0,0,2,2
31,9134.134,-5479.409,224.390,-42.821,0.732313,0.679478,-0.045021,-0.679934,0.733243,0.006626,0.037514,0.025759,0.998964,0,0.75624,-1.00000,45.375,-2.000,-1,400.000,-1,375.000,625.000,325.000,325.000,325.000,300.000,-1,-1,-1,-1,850.000,775.000,-1,-1,2,0,2,0,1,0,0,0,0,2,2,2,2,0,0,2,2
32,9166.753,-5511.824,225.995,-44.821,0.708190,0.704649,-0.044006,-0.705095,0.709078,0.007052,0.036173,0.026034,0.999006,0,0.76644,-1.00000,45.987,-2.000,-1,400.000,-1,375.000,575.000,325.000,325.000,325.000,325.000,-1,-1,-1,-1,850.000,775.000,-1,-1,2,0,2,0,1,0,0,0,0,2,2,2,2,0,0,2,2
33,9198.644,-5545.808,227.583,-46.821,0.683209,0.728962,-0.042885,-0.729398,0.684050,0.007371,0.034708,0.026245,0.999053,0,0.77673,-1.00000,46.604,-2.000,-1,400.000,-1,375.000,525.000,325.000,325.000,325.000,325.000,-1,-1,-1,-1,850.000,775.000,-1,-1,2,0,2,0,1,0,0,0,0,2,2,2,2,0,0,2,2
34,9229.737,-5581.352,229.145,-48.821,0.657402,0.752389,-0.041631,-0.752813,0.658191,0.007567,0.033095,0.026366,0.999104,0,0.78706,-1.00000,47.224,-2.000,-1,400.000,-1,375.000,475.000,325.000,325.000,325.000,325.000,-1,-1,-1,-1,825.000,775.000,-1,-1,2,0,2,0,1,0,0,0,0,2,2,2,2,0,0,2,2
35,9259.963,-5618.439,230.668,-50.821,0.630785,0.774895,-0.040599,-0.775316,0.631527,0.007622,0.031545,0.026669,0.999146,0,0.79741,-1.00000,47.844,-2.000,-1,400.000,-1,375.000,450.000,325.000,325.000,325.000,325.000,-1,-1,-1,-1,825.000,775.000,-1,-1,2,0,2,0,1,0,0,0,0,2,2,2,2,0,0,2,2
36,9289.250,-5657.052,232.127,-52.821,0.603385,0.796451,-0.039910,-0.796881,0.604090,0.007556,0.030127,0.027244,0.999175,0,0.80771,-1.00000,48.463,-2.000,-1,400.000,-1,375.000,400.000,325.000,325.000,325.000,325.000,-1,-1,-1,-1,825.000,775.000,-1,-1,2,0,2,0,1,0,0,0,0,2,2,2,2,0,0,2,2
37,9317.329,-5696.888,233.571,-54.821,0.575250,0.817034,-0.039287,-0.817476,0.575916,0.007384,0.028659,0.027869,0.999201,0,0.81230,-1.00000,48.738,-2.000,-1,400.000,-1,375.000,350.000,325.000,325.000,325.000,325.000,-1,-1,-1,-1,825.000,750.000,-1,-1,2,0,2,0,1,0,0,0,0,2,2,2,2,0,0,2,2
38,9344.080,-5737.799,234.959,-56.821,0.546406,0.836616,-0.038909,-0.837077,0.547039,0.007126,0.027246,0.028676,0.999217,0,0.81467,-1.00000,48.880,-2.000,-1,400.000,-1,375.000,325.000,325.000,325.000,325.000,325.000,-1,-1,-1,-1,825.000,750.000,-1,-1,2,0,2,0,1,0,0,0,0,2,2,2,2,0,0,2,2
39,9369.460,-5779.738,236.324,-58.821,0.516897,0.855176,-0.038613,-0.855659,0.517495,0.006782,0.025781,0.029534,0.999231,0,0.81701,-1.00000,49.021,-2.000,-1,400.000,-1,375.000,275.000,325.000,325.000,325.000,325.000,-1,-1,-1,-1,825.000,750.000,-1,-1,2,0,2,0,1,0,0,0,0,2,2,2,2,0,0,2,2
40,9393.427,-5822.659,237.663,-60.821,0.486758,0.872692,-0.038409,-0.873200,0.487321,0.006357,0.024265,0.030444,0.999242,0,0.81931,-1.00000,49.159,-2.000,-1,400.000,-1,375.000,250.000,325.000,325.000,325.000,325.000,-1,-1,-1,-1,825.000,750.000,-1,350.000,2,0,2,0,1,0,0,0,0,2,2,2,2,0,0,2,1
41,9415.941,-5866.510,241.212,-62.821,0.455980,0.889343,-0.033928,-0.889506,0.456658,0.015602,0.029369,0.023065,0.999302,0,0.82154,-1.00000,49.292,-2.000,-1,425.000,-1,400.000,225.000,325.000,325.000,325.000,350.000,-1,-1,-1,-1,850.000,825.000,-1,350.000,2,0,2,0,1,0,0,0,0,2,2,2,2,0,0,2,1
42,9436.965,-5911.237,244.665,-64.821,0.424726,0.904887,-0.028067,-0.904623,0.425412,0.026112,0.035569,0.014300,0.999265,0,0.82369,-1.00000,49.421,-2.000,-1,425.000,-1,425.000,225.000,350.000,350.000,300.000,375.000,-1,900.000,-1,-1,900.000,950.000,-1,375.000,2,0,2,0,1,0,0,0,0,2,0,2,2,0,0,2,1
43,9454.699,-5952.183,247.606,-66.581,0.396871,0.917597,-0.022540,-0.916970,0.397450,0.034618,0.040724,0.006930,0.999146,0,0.74369,-0.88000,44.621,-1.760,-1,450.000,-1,475.000,225.000,375.000,375.000,300.000,400.000,-1,475.000,675.000,-1,950.000,-1,-1,375.000,2,0,2,0,1,0,0,0,1,2,0,0,2,0,2,2,1
44,9469.551,-5989.132,250.098,-68.101,0.372573,0.927839,-0.017415,-0.926907,0.372979,0.041596,0.045090,0.000645,0.998983,0,0.66369,-0.76000,39.821,-1.520,-1,450.000,-1,475.000,200.000,375.000,375.000,300.000,375.000,-1,325.000,525.000,-1,1000.000,-1,-1,350.000,2,0,2,0,1,0,0,0,1,2,0,0,2,0,2,2,1
45,9481.884,-6021.911,252.181,-69.381,0.351957,0.935929,-0.012764,-0.934743,0.352156,0.047355,0.048816,-0.004736,0.998797,0,0.58369,-0.64000,35.021,-1.280,-1,475.000,-1,500.000,200.000,375.000,400.000,300.000,350.000,-1,225.000,450.000,-1,-1,-1,-1,350.000,2,0,2,0,1,0,0,0,1,2,0,0,2,2,2,2,1
46,9492.011,-6050.385,253.875,-70.421,0.335121,0.942136,-0.008558,-0.940753,0.335100,0.051894,0.051758,-0.009340,0.998616,0,0.50369,-0.52000,30.221,-1.040,-1,475.000,-1,525.000,175.000,400.000,400.000,300.000,325.000,-1,175.000,400.000,-1,-1,-1,-1,325.000,2,0,2,0,1,0,0,0,1,2,0,0,2,2,2,2,1
47,9500.195,-6074.454,255.238,-71.221,0.322122,0.946684,-0.005107,-0.945151,0.321899,0.055409,0.054099,-0.013021,0.998451,0,0.42369,-0.40000,25.421,-0.800,-1,475.000,-1,550.000,175.000,400.000,425.000,275.000,325.000,-1,125.000,375.000,-1,-1,-1,-1,325.000,2,0,2,0,1,0,0,0,1,2,0,0,2,2,2,2,1
48,9506.643,-6094.041,256.279,-71.781,0.313008,0.949747,-0.002488,-0.948107,0.312619,0.057988,0.055852,-0.015792,0.998314,0,0.34369,-0.28000,20.621,-0.560,-1,500.000,-1,550.000,175.000,400.000,425.000,275.000,300.000,-1,125.000,350.000,-1,-1,-1,-1,325.000,2,0,2,0,1,0,0,0,1,2,0,0,2,2,2,2,1
49,9511.506,-6109.097,257.000,-72.101,0.307806,0.951449,-0.000755,-0.949739,0.307300,0.059692,0.057026,-0.017657,0.998217,0,0.26369,-0.16000,15.821,-0.320,-1,500.000,-1,550.000,175.000,400.000,425.000,275.000,300.000,-1,100.000,325.000,-1,-1,-1,-1,325.000,2,0,2,0,1,0,0,0,1,2,0,0,2,2,2,2,1
50,9514.878,-6119.590,257.407,-72.181,0.306533,0.951860,0.000065,-0.950114,0.305966,0.060568,0.057633,-0.018628,0.998164,0,0.18369,-0.04000,11.021,-0.080,-1,500.000,-1,575.000,175.000,400.000,425.000,275.000,275.000,-1,100.000,325.000,-1,-1,-1,-1,325.000,2,0,2,0,1,0,0,0,1,2,0,0,2,2,2,2,1
51,9516.799,-6125.508,257.508,-72.021,0.309190,0.951000,-0.000023,-0.949248,0.308622,0.060662,0.057696,-0.018734,0.998158,0,0.10369,0.08000,6.221,0.160,-1,500.000,-1,575.000,175.000,400.000,425.000,275.000,275.000,-1,100.000,325.000,-1,-1,-1,-1,325.000,2,0,2,0,1,0,0,0,1,2,0,0,2,2,2,2,1
52,9517.247,-6126.856,257.317,-71.621,0.315772,0.948835,-0.000978,-0.947106,0.315258,0.060021,0.057258,-0.018027,0.998197,0,0.02369,0.20000,1.421,0.400,-1,500.000,-1,550.000,175.000,400.000,425.000,275.000,275.000,-1,100.000,325.000,-1,-1,-1,-1,375.000,2,0,2,0,1,0,0,0,1,2,0,0,2,2,2,2,1
53,9516.146,-6123.662,256.851,-70.981,0.326255,0.945278,-0.002724,-0.943599,0.325845,0.058703,0.056378,-0.016581,0.998272,0,-0.05631,0.32000,-3.379,0.640,-1,500.000,-1,550.000,175.000,400.000,425.000,275.000,275.000,-1,125.000,350.000,-1,-1,-1,-1,425.000,2,0,2,0,1,0,0,0,1,2,0,0,2,2,2,2,1
54,9513.388,-6115.963,256.243,-70.294,0.337455,0.941330,-0.004696,-0.939712,0.337160,0.057129,0.055361,-0.014865,0.998356,0,-0.13631,0.34335,-8.179,0.687,-1,500.000,-1,550.000,175.000,400.000,425.000,275.000,275.000,-1,125.000,350.000,-1,-1,-1,-1,-1,2,0,2,0,1,0,0,0,1,2,0,0,2,2,2,2,2
55,9508.866,-6103.797,255.529,-69.608,0.348597,0.937249,-0.006747,-0.935699,0.348419,0.055422,0.054295,-0.013007,0.998440,0,-0.21631,0.34313,-12.979,0.686,-1,475.000,-1,550.000,175.000,400.000,400.000,275.000,275.000,-1,150.000,375.000,-1,-1,-1,-1,-1,2,0,2,0,1,0,0,0,1,2,0,0,2,2,2,2,2
56,9502.471,-6087.208,254.697,-68.920,0.359710,0.933022,-0.008902,-0.931549,0.359653,0.053533,0.053149,-0.010964,0.998526,0,-0.29631,0.34388,-17.779,0.688,-1,475.000,-1,525.000,200.000,400.000,400.000,300.000,275.000,-1,150.000,400.000,-1,-1,-1,-1,-1,2,0,2,0,1,0,0,0,1,2,0,0,2,2,2,2,2
57,9494.097,-6066.240,253.712,-68.229,0.370820,0.928637,-0.011233,-0.927257,0.370890,0.051329,0.051832,-0.008618,0.998619,0,-0.37631,0.34558,-22.579,0.691,-1,475.000,-1,525.000,200.000,400.000,400.000,300.000,300.000,-1,175.000,425.000,-1,-1,-1,-1,-1,2,0,2,0,1,0,0,0,1,2,0,0,2,2,2,2,2
58,9484.937,-6044.090,252.639,-67.532,0.381959,0.924078,-0.013675,-0.922807,0.382157,0.048823,0.050342,-0.006029,0.998714,0,-0.39949,0.34819,-23.969,0.696,-1,475.000,-1,500.000,200.000,400.000,400.000,300.000,300.000,-1,225.000,450.000,-1,-1,-1,-1,-1,2,0,2,0,1,0,0,0,1,2,0,0,2,2,2,2,2
59,9475.510,-6022.064,251.490,-66.830,0.393140,0.919338,-0.016089,-0.918192,0.393455,0.046016,0.048634,-0.003318,0.998811,0,-0.39930,0.35101,-23.958,0.702,-1,475.000,-1,500.000,200.000,375.000,400.000,300.000,325.000,-1,250.000,475.000,-1,-1,-1,-1,-1,2,0,2,0,1,0,0,0,1,2,0,0,2,2,2,2,2
60,9465.815,-6000.162,250.269,-66.123,0.404356,0.914414,-0.018511,-0.913407,0.404780,0.042898,0.046720,-0.000438,0.998908,0,-0.39919,0.35377,-23.952,0.708,-1,450.000,-1,500.000,200.000,375.000,375.000,300.000,325.000,-1,325.000,525.000,-1,1000.000,-1,-1,-1,2,0,2,0,1,0,0,0,1,2,0,0,2,0,2,2,2
61,9455.849,-5978.383,248.981,-65.410,0.415603,0.909304,-0.020995,-0.908451,0.416124,0.039463,0.044620,0.002672,0.999000,0,-0.39918,0.35646,-23.951,0.713,-1,450.000,-1,475.000,225.000,375.000,375.000,300.000,350.000,-1,375.000,600.000,-1,975.000,-1,-1,-1,2,0,2,0,1,0,0,0,1,2,0,0,2,0,2,2,2
62,9445.609,-5956.728,247.597,-64.692,0.426879,0.904004,-0.023480,-0.903314,0.427483,0.035804,0.042404,0.005925,0.999083,0,-0.39924,0.35908,-23.954,0.718,-1,450.000,-1,475.000,225.000,375.000,375.000,300.000,375.000,-1,475.000,675.000,-1,950.000,-1,-1,-1,2,0,2,0,1,0,0,0,1,2,0,0,2,0,2,2,2
63,9435.094,-5935.196,246.137,-63.968,0.438178,0.898511,-0.026026,-0.897999,0.438849,0.031776,0.039972,0.009447,0.999156,0,-0.39937,0.36165,-23.962,0.723,-1,450.000,-1,450.000,225.000,350.000,350.000,300.000,375.000,-1,575.000,750.000,-1,950.000,1000.000,-1,-1,2,0,2,0,1,0,0,0,1,2,0,0,2,0,0,2,2
64,9424.299,-5913.788,244.597,-63.240,0.449500,0.892822,-0.028628,-0.892501,0.450215,0.027352,0.037309,0.013256,0.999216,0,-0.39958,0.36417,-23.975,0.728,-1,425.000,-1,450.000,225.000,350.000,350.000,300.000,375.000,-1,750.000,-1,-1,925.000,950.000,-1,-1,2,0,2,0,1,0,0,0,0,2,0,2,2,0,0,2,2
65,9413.225,-5892.505,242.935,-62.507,0.460842,0.886933,-0.031203,-0.886811,0.461576,0.022684,0.034522,0.017218,0.999256,0,-0.39986,0.36663,-23.992,0.733,-1,425.000,-1,425.000,225.000,350.000,350.000,300.000,350.000,-1,-1,-1,-1,900.000,900.000,-1,400.000,2,0,2,0,1,0,0,0,0,2,2,2,2,0,0,2,1
66,9401.867,-5871.349,241.118,-61.769,0.472202,0.880846,-0.033694,-0.880921,0.472926,0.017880,0.031684,0.021239,0.999272,0,-0.40020,0.36903,-24.012,0.738,-1,425.000,-1,425.000,225.000,350.000,325.000,300.000,350.000,-1,-1,-1,-1,875.000,850.000,-1,375.000,2,0,2,0,1,0,0,0,0,2,2,2,2,0,0,2,1
67,9390.225,-5850.320,239.205,-61.026,0.483577,0.874552,-0.036233,-0.874835,0.484256,0.012609,0.028573,0.025601,0.999264,0,-0.40061,0.37140,-24.036,0.743,-1,400.000,-1,400.000,225.000,325.000,325.000,325.000,325.000,-1,-1,-1,-1,850.000,800.000,-1,325.000,2,0,2,0,1,0,0,0,0,2,2,2,2,0,0,2,1
68,9378.295,-5829.420,237.192,-60.278,0.494965,0.868046,-0.038811,-0.868548,0.495558,0.006842,0.025173,0.030323,0.999223,0,-0.40107,0.37371,-24.064,0.747,-1,400.000,-1,375.000,225.000,325.000,325.000,325.000,325.000,-1,-1,-1,-1,825.000,750.000,-1,325.000,2,0,2,0,1,0,0,0,0,2,2,2,2,0,0,2,1
69,9368.597,-5812.776,236.534,-59.771,0.502629,0.863615,-0.039145,-0.864134,0.503221,0.006405,0.025230,0.030607,0.999213,0,-0.32107,0.25371,-19.264,0.507,-1,400.000,-1,375.000,250.000,325.000,325.000,325.000,325.000,-1,-1,-1,-1,825.000,750.000,-1,325.000,2,0,2,0,1,0,0,0,0,2,2,2,2,0,0,2,1
70,9361.257,-5800.313,236.134,-59.504,0.506649,0.861259,-0.039243,-0.861776,0.507248,0.006463,0.025473,0.030544,0.999209,0,-0.24107,0.13371,-14.464,0.267,-1,400.000,-1,375.000,250.000,325.000,325.000,325.000,325.000,-1,-1,-1,-1,825.000,750.000,-1,350.000,2,0,2,0,1,0,0,0,0,2,2,2,2,0,0,2,1
71,9356.348,-5791.988,235.870,-59.476,0.507058,0.861015,-0.039321,-0.861534,0.507659,0.006475,0.025537,0.030593,0.999206,0,-0.16107,0.01371,-9.664,0.027,-1,400.000,-1,375.000,250.000,325.000,325.000,325.000,325.000,-1,-1,-1,-1,825.000,750.000,-1,350.000,2,0,2,0,1,0,0,0,0,2,2,2,2,0,0,2,1
72,9353.894,-5787.789,235.740,-59.689,0.503859,0.862888,-0.039377,-0.863412,0.504458,0.006444,0.025425,0.030752,0.999204,0,-0.08107,-0.10629,-4.864,-0.213,-1,400.000,-1,375.000,250.000,325.000,325.000,325.000,325.000,-1,-1,-1,-1,800.000,750.000,-1,350.000,2,0,2,0,1,0,0,0,0,2,2,2,2,0,0,2,1
73,9353.862,-5787.733,235.743,-60.141,0.497028,0.866839,-0.039416,-0.867370,0.497623,0.006370,0.025135,0.031022,0.999203,0,-0.00107,-0.22629,-0.064,-0.453,-1,400.000,-1,375.000,250.000,325.000,325.000,325.000,325.000,-1,-1,-1,-1,800.000,750.000,-1,325.000,2,0,2,1,1,0,0,0,0,2,2,2,2,0,0,2,1
74,9356.183,-5791.861,235.875,-60.652,0.489283,0.871233,-0.039426,-0.871773,0.489870,0.006280,0.024785,0.031298,0.999203,0,0.07893,-0.25542,4.736,-0.511,-1,400.000,-1,375.000,250.000,325.000,325.000,325.000,325.000,-1,-1,-1,-1,800.000,750.000,-1,325.000,2,0,2,1,1,0,0,0,0,2,2,2,2,0,0,2,1
75,9360.783,-5800.215,236.132,-61.162,0.481513,0.875553,-0.039408,-0.876099,0.482091,0.006181,0.024410,0.031550,0.999204,0,0.15893,-0.25502,9.536,-0.510,-1,400.000,-1,375.000,250.000,325.000,325.000,325.000,325.000,-1,-1,-1,-1,800.000,750.000,-1,300.000,2,0,2,1,1,0,0,0,0,2,2,2,2,0,0,2,1
76,9367.585,-5812.834,236.514,-61.673,0.473694,0.879809,-0.039364,-0.880362,0.474264,0.006069,0.024008,0.031780,0.999207,0,0.23893,-0.25539,14.336,-0.511,-1,400.000,-1,375.000,225.000,325.000,325.000,325.000,325.000,-1,-1,-1,-1,800.000,750.000,-1,300.000,2,0,2,1,1,0,0,0,0,2,2,2,2,0,0,2,1
77,9376.514,-5829.759,237.031,-62.186,0.465804,0.884016,-0.039270,-0.884573,0.466363,0.005999,0.023617,0.031943,0.999211,0,0.31893,-0.25654,19.136,-0.513,-1,400.000,-1,375.000,225.000,325.000,325.000,325.000,325.000,-1,-1,-1,-1,800.000,750.000,-1,275.000,2,0,2,1,1,0,0,0,0,2,2,2,2,0,0,2,1
78,9387.490,-5851.031,239.156,-62.703,0.457775,0.888328,-0.036266,-0.888639,0.458440,0.012375,0.027619,0.026563,0.999266,0,0.39893,-0.25850,23.936,-0.517,-1,400.000,-1,400.000,225.000,325.000,325.000,325.000,325.000,-1,-1,-1,-1,850.000,800.000,-1,275.000,2,0,2,0,1,0,0,0,0,2,2,2,2,0,0,2,1
79,9400.433,-5876.688,241.555,-63.226,0.449657,0.892598,-0.032820,-0.892626,0.450382,0.019333,0.032038,0.020603,0.999274,0,0.47893,-0.26128,28.736,-0.523,-1,425.000,-1,425.000,225.000,350.000,350.000,300.000,350.000,-1,-1,-1,-1,875.000,875.000,-1,300.000,2,0,2,0,1,0,0,0,0,2,2,2,2,0,0,2,1
80,9415.261,-5906.768,244.100,-63.756,0.441434,0.896823,-0.029040,-0.896543,0.442157,0.026583,0.036680,0.014301,0.999225,0,0.55893,-0.26493,33.536,-0.530,-1,425.000,-1,450.000,225.000,350.000,350.000,300.000,375.000,-1,800.000,-1,-1,900.000,950.000,-1,325.000,2,0,2,0,1,0,0,0,0,2,0,2,2,0,0,2,1
81,9431.888,-5941.311,246.612,-64.294,0.433083,0.901008,-0.024991,-0.900402,0.433733,0.033949,0.041428,0.007799,0.999111,0,0.63893,-0.26948,38.336,-0.539,-1,450.000,-1,450.000,225.000,375.000,375.000,300.000,375.000,-1,525.000,700.000,-1,950.000,-1,-1,-1,2,0,2,0,1,0,0,0,1,2,0,0,2,0,2,2,2
82,9450.224,-5980.357,249.050,-64.844,0.424556,0.905155,-0.021120,-0.904251,0.425077,0.040491,0.045628,0.001907,0.998957,0,0.71893,-0.27499,43.136,-0.550,-1,450.000,-1,475.000,200.000,375.000,375.000,300.000,350.000,-1,375.000,575.000,-1,1000.000,-1,-1,-1,2,0,2,0,1,0,0,0,1,2,0,0,2,0,2,2,2
83,9470.173,-6023.945,251.227,-65.407,0.415798,0.909286,-0.017618,-0.908134,0.416160,0.045860,0.049032,-0.003069,0.998793,0,0.79893,-0.28152,47.936,-0.563,-1,475.000,-1,500.000,200.000,375.000,400.000,300.000,300.000,-1,275.000,500.000,-1,-1,-1,-1,-1,2,0,2,0,1,0,0,0,1,2,0,0,2,2,2,2,2
84,9491.634,-6072.117,253.011,-65.986,0.406738,0.913425,-0.014787,-0.912122,0.406955,0.049198,0.050956,-0.006523,0.998680,0,0.87893,-0.28915,52.736,-0.578,-1,475.000,-1,500.000,200.000,400.000,400.000,300.000,275.000,-1,225.000,450.000,-1,-1,-1,-1,-1,2,0,2,0,1,0,0,0,1,2,0,0,2,2,2,2,2
85,9514.501,-6124.913,254.249,-66.582,0.397294,0.917599,-0.013021,-0.916277,0.397429,0.049874,0.050940,-0.007884,0.998671,0,0.95893,-0.29795,57.536,-0.596,-1,475.000,-1,525.000,200.000,400.000,400.000,300.000,225.000,-1,200.000,425.000,-1,-1,-1,-1,-1,2,0,2,0,1,0,0,0,1,2,0,0,2,2,2,2,2
86,9537.754,-6180.224,254.823,-67.198,0.387391,0.921827,-0.012799,-0.920624,0.387545,0.047533,0.048777,-0.006630,0.998788,0,1.00000,-0.30797,60.000,-0.616,-1,475.000,-1,500.000,200.000,375.000,400.000,300.000,175.000,-1,200.000,450.000,-1,-1,-1,-1,-1,2,0,2,0,1,0,0,0,1,2,0,0,2,2,2,2,2
87,9560.391,-6235.789,254.722,-67.835,0.377015,0.926099,-0.014176,-0.925134,0.377271,0.042364,0.044582,-0.002858,0.999002,0,1.00000,-0.31879,60.000,-0.638,-1,450.000,-1,500.000,175.000,375.000,375.000,300.000,150.000,-1,225.000,500.000,-1,-1,-1,-1,-1,2,0,2,0,1,0,0,0,1,2,0,0,2,2,2,2,2
88,9582.386,-6291.612,253.993,-68.495,0.366196,0.930380,-0.017136,-0.929741,0.366583,0.034623,0.038494,0.003253,0.999254,0,1.00000,-0.32984,60.000,-0.660,-1,450.000,-1,475.000,175.000,375.000,375.000,300.000,125.000,-1,300.000,650.000,-1,975.000,-1,-1,-1,2,0,2,0,1,0,0,0,1,2,0,0,2,0,2,2,2
89,9603.729,-6347.687,252.666,-69.164,0.355192,0.934541,-0.021706,-0.934292,0.355666,0.024497,0.030613,0.011579,0.999464,0,1.00000,-0.33470,60.000,-0.669,-1,425.000,-1,450.000,175.000,350.000,350.000,300.000,100.000,-1,775.000,-1,-1,925.000,1000.000,-1,-1,2,0,2,0,1,0,0,0,1,2,0,2,2,0,0,2,2
90,9624.410,-6404.009,250.776,-69.839,0.344145,0.938502,-0.027886,-0.938681,0.344572,0.012194,0.021053,0.021979,0.999537,0,1.00000,-0.33749,60.000,-0.675,-1,400.000,-1,425.000,150.000,325.000,325.000,300.000,75.000,-1,-1,-1,-1,850.000,875.000,-1,-1,2,0,2,0,1,0,0,0,1,2,2,2,2,0,0,2,2
91,9643.041,-6455.970,251.215,-70.274,0.337124,0.941061,-0.027430,-0.941325,0.337427,0.007143,0.015978,0.023413,0.999598,0,0.92000,-0.21749,55.200,-0.435,-1,400.000,-1,400.000,-1,325.000,325.000,300.000,75.000,-1,-1,-1,-1,825.000,825.000,-1,-1,2,0,2,0,2,0,0,0,1,2,2,2,2,0,0,2,2
92,9659.887,-6503.471,255.328,-70.469,0.334252,0.942405,-0.012208,-0.942468,0.334294,0.001519,0.005513,0.010998,0.999924,0,0.84000,-0.09749,50.400,-0.195,-1,375.000,-1,400.000,-1,325.000,325.000,300.000,100.000,-1,-1,-1,-1,750.000,825.000,-1,-1,2,0,2,0,2,0,0,0,1,2,2,2,2,0,0,2,2
93,9675.497,-6547.369,258.528,-70.424,0.335058,0.942197,-0.000527,-0.942192,0.335054,-0.003628,-0.003242,0.001713,0.999993,0,0.77651,0.02251,46.591,0.045,-1,375.000,-1,400.000,-1,300.000,325.000,300.000,100.000,-1,-1,-1,-1,700.000,800.000,-1,-1,2,0,2,0,2,0,0,0,1,2,2,2,2,0,0,2,2
94,9691.141,-6590.677,261.297,-70.139,0.339658,0.940503,0.009291,-0.940489,0.339731,-0.007937,-0.010621,-0.006043,0.999925,0,0.76746,0.14251,46.047,0.285,-1,375.000,-1,400.000,-1,300.000,325.000,275.000,100.000,-1,-1,-1,-1,675.000,800.000,-1,-1,2,0,2,0,2,0,0,0,1,2,2,2,2,0,0,2,2
95,9706.978,-6633.290,263.644,-69.614,0.348100,0.937296,0.017385,-0.937310,0.348315,-0.011286,-0.016634,-0.012367,0.999785,0,0.75767,0.26251,45.460,0.525,-1,350.000,-1,400.000,-1,300.000,325.000,275.000,125.000,-1,-1,-1,-1,650.000,775.000,-1,-1,2,0,2,0,2,0,0,0,1,2,2,2,2,0,0,2,2
96,9723.103,-6675.127,265.514,-68.923,0.359196,0.932962,0.023673,-0.933023,0.359563,-0.013510,-0.021116,-0.017235,0.999628,0,0.74729,0.34536,44.837,0.691,-1,350.000,-1,400.000,-1,300.000,325.000,275.000,125.000,-1,-1,-1,-1,625.000,775.000,-1,-1,2,0,2,0,2,0,0,0,1,2,2,2,2,0,0,2,2
97,9739.498,-6716.178,266.769,-68.231,0.370293,0.928493,0.027986,-0.928599,0.370785,-0.014928,-0.024237,-0.020460,0.999497,0,0.73673,0.34611,44.204,0.692,-1,350.000,-1,400.000,-1,300.000,300.000,275.000,125.000,-1,-1,-1,-1,625.000,775.000,-1,-1,2,0,2,0,2,0,0,0,1,2,2,2,2,0,0,2,2
98,9756.157,-6756.468,267.476,-67.537,0.381449,0.923905,0.029927,-0.924031,0.382003,-0.015506,-0.025758,-0.021738,0.999432,0,0.72663,0.34728,43.598,0.695,-1,350.000,-1,400.000,-1,300.000,300.000,275.000,150.000,-1,-1,-1,225.000,600.000,775.000,-1,-1,2,0,2,0,2,0,0,0,1,2,2,2,1,0,0,2,2
99,9773.080,-6796.027,267.649,-66.839,0.392694,0.919200,0.029373,-0.919312,0.393231,-0.015307,-0.025621,-0.020992,0.999451,0,0.71711,0.34885,43.026,0.698,-1,350.000,-1,400.000,-1,300.000,300.000,275.000,175.000,-1,-1,-1,200.000,600.000,775.000,-1,-1,2,0,2,0,2,0,0,0,1,2,2,2,1,0,0,2,2
100,9790.270,-6834.889,267.274,-66.137,0.404033,0.914365,0.026339,-0.914434,0.404478,-0.014432,-0.023850,-0.018254,0.999549,0,0.70825,0.35079,42.495,0.702,-1,350.000,-1,400.000,-1,300.000,300.000,275.000,200.000,-1,-1,-1,175.000,625.000,775.000,-1,-1,2,0,2,0,2,0,0,0,1,2,2,2,1,0,0,2,2
101,9807.735,-6873.094,266.246,-65.431,0.415433,0.909374,0.021298,-0.909387,0.415745,-0.013097,-0.020764,-0.013927,0.999687,0,0.70013,0.35307,42.008,0.706,-1,350.000,-1,400.000,-1,300.000,300.000,275.000,225.000,-1,-1,-1,150.000,625.000,775.000,-1,-1,2,0,2,0,2,0,0,0,1,2,2,2,1,0,0,2,2
102,9825.485,-6910.681,264.669,-64.720,0.426881,0.904205,0.013640,-0.904166,0.427033,-0.011236,-0.015985,-0.007537,0.999844,0,0.69278,0.35567,41.567,0.711,-1,350.000,-1,400.000,-1,300.000,300.000,300.000,225.000,-1,-1,-1,150.000,650.000,775.000,-1,-1,2,0,2,0,2,0,0,0,1,2,2,2,1,0,0,2,2
103,9843.531,-6947.688,262.538,-64.003,0.438317,0.898814,0.003314,-0.898770,0.438329,-0.008941,-0.009489,0.000941,0.999955,0,0.68622,0.35857,41.173,0.717,-1,375.000,-1,400.000,-1,300.000,325.000,300.000,250.000,-1,-1,-1,150.000,700.000,775.000,-1,-1,2,0,2,0,2,0,0,0,1,2,2,2,1,0,0,2,2
104,9861.890,-6984.154,259.842,-63.279,0.449656,0.893149,-0.009739,-0.893201,0.449613,-0.006307,-0.001255,0.011535,0.999933,0,0.68044,0.36174,40.827,0.723,-1,375.000,-1,400.000,-1,300.000,325.000,300.000,250.000,-1,-1,-1,150.000,750.000,800.000,-1,-1,2,0,2,0,2,0,0,0,1,2,2,2,1,0,0,2,2
105,9880.574,-7020.117,257.634,-62.549,0.460882,0.887220,-0.020681,-0.887443,0.460896,-0.004401,0.005627,0.020382,0.999776,0,0.67545,0.36516,40.527,0.730,-1,400.000,-1,400.000,-1,325.000,325.000,325.000,275.000,-1,-1,-1,150.000,775.000,800.000,-1,-1,2,0,2,0,2,0,0,0,1,2,2,2,1,0,0,2,2
106,9899.597,-7055.613,257.977,-61.811,0.472282,0.881222,-0.019959,-0.881433,0.472284,-0.004900,0.005109,0.019907,0.999789,0,0.67120,0.36881,40.272,0.738,-1,400.000,-1,400.000,-1,325.000,325.000,325.000,275.000,-1,-1,-1,175.000,775.000,800.000,-1,-1,2,0,2,0,2,0,0,0,1,2,2,2,1,0,0,2,2
107,9918.979,-7090.673,258.187,-61.066,0.483708,0.875002,-0.019930,-0.875215,0.483707,-0.005229,0.005065,0.019972,0.999788,0,0.66769,0.37268,40.061,0.745,-1,400.000,-1,400.000,-1,325.000,325.000,325.000,300.000,-1,-1,-1,200.000,775.000,800.000,-1,-1,2,0,2,0,2,0,0,0,1,2,2,2,1,0,0,2,2
108,9938.736,-7125.329,258.421,-60.312,0.495177,0.868565,-0.019871,-0.868778,0.495171,-0.005530,0.005037,0.020002,0.999787,0,0.66486,0.37675,39.892,0.753,-1,400.000,-1,400.000,-1,325.000,325.000,325.000,300.000,-1,-1,-1,225.000,775.000,775.000,-1,-1,2,0,2,0,2,0,0,0,1,2,2,2,1,0,0,2,2
109,9957.401,-7156.786,258.590,-59.319,0.510167,0.859846,-0.019876,-0.860061,0.510155,-0.006041,0.004946,0.020176,0.999784,0,0.60963,0.49675,36.578,0.993,-1,400.000,-1,400.000,-1,325.000,325.000,325.000,325.000,-1,-1,-1,250.000,775.000,775.000,-1,-1,2,0,2,0,2,0,0,0,1,2,2,2,1,0,0,2,2
110,9976.676,-7187.736,258.734,-58.085,0.528565,0.848660,-0.019889,-0.848879,0.528544,-0.006708,0.004820,0.020428,0.999780,0,0.60769,0.61675,36.461,1.233,-1,400.000,-1,400.000,-1,325.000,325.000,325.000,325.000,-1,-1,575.000,275.000,775.000,775.000,-1,-1,2,0,2,0,2,0,0,0,0,2,2,1,1,0,0,2,2
111,9996.684,-7218.094,258.914,-56.612,0.550218,0.834786,-0.019804,-0.835007,0.550191,-0.007280,0.004819,0.020542,0.999777,0,0.60597,0.73675,36.358,1.473,-1,400.000,-1,400.000,-1,325.000,325.000,325.000,325.000,-1,-1,575.000,300.000,775.000,775.000,-1,-1,2,0,2,0,2,0,0,0,0,2,2,1,1,0,0,2,2
112,10017.520,-7247.783,259.134,-54.939,0.574361,0.818367,-0.019618,-0.818587,0.574330,-0.007750,0.004925,0.020510,0.999778,0,0.60453,0.83654,36.272,1.673,-1,400.000,-1,400.000,-1,325.000,325.000,325.000,325.000,-1,-1,550.000,325.000,775.000,775.000,-1,-1,2,0,2,0,2,0,0,0,0,2,2,1,1,0,0,2,2
113,10039.182,-7276.798,259.398,-53.257,0.598143,0.801156,-0.019354,-0.801374,0.598109,-0.008135,0.005059,0.020375,0.999780,0,0.60348,0.84114,36.209,1.682,-1,400.000,-1,400.000,-1,325.000,325.000,325.000,325.000,-1,-1,550.000,375.000,775.000,775.000,-1,-1,2,0,2,0,2,0,0,0,0,2,2,1,1,0,0,2,2
114,10061.675,-7305.142,259.706,-51.565,0.621539,0.783152,-0.019015,-0.783366,0.621504,-0.008430,0.005216,0.020135,0.999784,0,0.60309,0.84590,36.185,1.692,-1,400.000,-1,400.000,-1,325.000,325.000,325.000,325.000,-1,-1,550.000,400.000,775.000,750.000,-1,-1,2,0,2,0,2,0,0,0,0,2,2,1,1,0,0,2,2
115,10085.010,-7332.817,259.985,-49.863,0.644521,0.764362,-0.018531,-0.764565,0.644493,-0.008253,0.005635,0.019488,0.999794,0,0.60332,0.85081,36.199,1.702,-1,400.000,-1,400.000,-1,325.000,325.000,325.000,325.000,-1,775.000,550.000,450.000,775.000,750.000,-1,-1,2,0,2,0,2,0,0,0,0,2,1,1,1,0,0,2,2
116,10109.192,-7359.818,260.308,-48.151,0.667067,0.744780,-0.018007,-0.744973,0.667047,-0.007974,0.006072,0.018734,0.999806,0,0.60412,0.85586,36.247,1.712,-1,400.000,-1,400.000,-1,325.000,325.000,325.000,325.000,-1,750.000,550.000,525.000,775.000,750.000,-1,-1,2,0,2,0,2,0,0,0,0,2,1,1,1,0,0,2,2
117,10134.231,-7386.138,260.600,-46.429,0.689152,0.724405,-0.017498,-0.724589,0.689135,-0.007967,0.006287,0.018170,0.999815,0,0.60545,0.86104,36.327,1.722,-1,400.000,-1,400.000,-1,325.000,325.000,325.000,325.000,-1,725.000,575.000,600.000,775.000,750.000,-1,-1,2,0,2,0,2,0,0,0,0,2,1,1,1,0,0,2,2
118,10160.131,-7411.765,260.807,-44.697,0.710750,0.703239,-0.017007,-0.703418,0.710725,-0.008498,0.006111,0.018003,0.999819,0,0.60727,0.86634,36.436,1.733,-1,400.000,-1,400.000,-1,325.000,325.000,325.000,325.000,-1,725.000,575.000,725.000,775.000,750.000,-1,-1,2,0,2,0,2,0,0,0,0,2,1,1,1,0,0,2,2
119,10186.898,-7436.685,261.062,-42.953,0.731826,0.681293,-0.016430,-0.681465,0.731796,-0.008931,0.005939,0.017732,0.999825,0,0.60954,0.87176,36.572,1.744,-1,400.000,-1,375.000,-1,325.000,325.000,325.000,325.000,-1,725.000,600.000,950.000,775.000,725.000,-1,-1,2,0,2,0,2,0,0,0,0,2,1,1,1,0,0,2,2
120,10214.537,-7460.881,261.366,-41.199,0.752353,0.658572,-0.015774,-0.658735,0.752318,-0.009262,0.005768,0.017359,0.999833,0,0.61222,0.87728,36.733,1.755,-1,400.000,-1,375.000,-1,325.000,325.000,325.000,325.000,-1,725.000,600.000,-1,750.000,725.000,-1,-1,2,0,2,0,2,0,0,0,0,2,1,1,2,0,0,2,2
121,10243.051,-7484.329,261.716,-39.433,0.772298,0.635082,-0.015044,-0.635235,0.772261,-0.009472,0.005602,0.016872,0.999842,0,0.61528,0.88291,36.917,1.766,-1,400.000,-1,375.000,-1,325.000,325.000,325.000,325.000,-1,725.000,625.000,-1,750.000,725.000,-1,-1,2,0,2,0,2,0,0,0,0,2,1,1,2,0,0,2,2
122,10272.439,-7507.007,262.011,-37.655,0.791629,0.610835,-0.014254,-0.610975,0.791599,-0.009047,0.005757,0.015871,0.999857,0,0.61868,0.88863,37.121,1.777,-1,400.000,-1,375.000,-1,325.000,325.000,325.000,325.000,-1,750.000,650.000,-1,750.000,700.000,-1,-1,2,0,2,0,2,0,0,0,0,2,1,1,2,0,0,2,2
123,10302.702,-7528.887,262.350,-35.867,0.810318,0.585836,-0.013437,-0.585960,0.810295,-0.008488,0.005915,0.014751,0.999874,0,0.62240,0.89445,37.344,1.789,-1,400.000,-1,375.000,-1,325.000,325.000,325.000,325.000,-1,750.000,650.000,-1,750.000,700.000,-1,-1,2,0,2,0,2,0,0,0,0,2,1,1,2,0,0,2,2
124,10333.835,-7549.939,262.618,-34.066,0.828327,0.560092,-0.013107,-0.560208,0.828314,-0.007952,0.006403,0.013929,0.999882,0,0.62639,0.90035,37.583,1.801,-1,400.000,-1,375.000,-1,325.000,325.000,325.000,325.000,-1,750.000,675.000,-1,750.000,700.000,-1,-1,2,0,2,0,2,0,0,0,0,2,1,1,2,0,0,2,2
125,10365.834,-7570.132,262.922,-32.253,0.845630,0.533617,-0.012777,-0.533725,0.845626,-0.007321,0.006898,0.013010,0.999892,0,0.63063,0.90633,37.838,1.813,-1,400.000,-1,375.000,-1,325.000,300.000,325.000,325.000,-1,775.000,700.000,-1,750.000,700.000,-1,-1,2,0,2,0,2,0,0,0,0,2,1,1,2,0,0,2,2
126,10398.691,-7589.431,263.275,-30.428,0.862194,0.506426,-0.012397,-0.506524,0.862201,-0.006577,0.007357,0.011950,0.999902,0,0.63509,0.91239,38.105,1.825,-1,400.000,-1,375.000,-1,325.000,325.000,325.000,300.000,-1,800.000,725.000,-1,775.000,700.000,-1,-1,2,0,2,0,2,0,0,0,0,2,1,1,2,0,0,2,2
127,10432.395,-7607.800,263.637,-28.591,0.877990,0.478534,-0.011793,-0.478618,0.878005,-0.005644,0.007654,0.010600,0.999915,0,0.63974,0.91851,38.385,1.837,-1,400.000,-1,375.000,-1,325.000,325.000,325.000,325.000,-1,800.000,750.000,-1,775.000,700.000,-1,-1,2,0,2,0,2,0,0,0,0,2,1,1,2,0,0,2,2
128,10466.932,-7625.203,264.034,-26.742,0.892982,0.449956,-0.011103,-0.450024,0.893005,-0.004558,0.007864,0.009066,0.999928,0,0.64456,0.92470,38.674,1.849,-1,400.000,-1,375.000,-1,325.000,325.000,325.000,325.000,-1,825.000,775.000,-1,775.000,700.000,-1,-1,2,0,2,0,2,0,0,0,0,2,1,1,2,0,0,2,2
129,10502.286,-7641.599,264.474,-24.880,0.907136,0.420710,-0.010386,-0.420762,0.907165,-0.003339,0.008017,0.007399,0.999940,0,0.64953,0.93095,38.972,1.862,-1,400.000,-1,375.000,-1,325.000,325.000,325.000,325.000,-1,850.000,800.000,-1,775.000,700.000,-1,-1,2,0,2,0,2,0,0,0,0,2,1,1,2,0,0,2,2
130,10538.439,-7656.949,264.957,-23.006,0.920418,0.390816,-0.009652,-0.390851,0.920452,-0.001990,0.008107,0.005604,0.999951,0,0.65460,0.93724,39.276,1.874,-1,400.000,-1,375.000,-1,325.000,325.000,300.000,325.000,-1,875.000,850.000,-1,775.000,700.000,-1,-1,2,0,2,0,2,0,0,0,0,2,1,1,2,0,0,2,2
131,10579.073,-7672.850,265.388,-21.371,0.931193,0.364405,-0.009406,-0.364427,0.931232,-0.000701,0.008504,0.004081,0.999956,0,0.72724,0.81724,43.635,1.634,-1,400.000,-1,375.000,-1,325.000,325.000,300.000,325.000,-1,900.000,875.000,-1,775.000,700.000,-1,-1,2,0,2,0,2,0,0,0,0,2,1,1,2,0,0,2,2
132,10620.407,-7687.875,265.725,-19.977,0.939784,0.341636,-0.009521,-0.341649,0.939828,0.000286,0.009046,0.002984,0.999955,0,0.73301,0.69724,43.980,1.394,-1,400.000,-1,375.000,-1,325.000,325.000,300.000,325.000,-1,950.000,925.000,-1,775.000,700.000,-1,-1,2,0,2,0,2,0,0,0,0,2,1,1,2,0,0,2,2
133,10662.365,-7702.177,266.062,-18.822,0.946477,0.322631,-0.009530,-0.322636,0.946523,0.001141,0.009389,0.001995,0.999954,0,0.73881,0.57724,44.328,1.154,-1,400.000,-1,375.000,-1,325.000,325.000,300.000,325.000,-1,975.000,975.000,-1,775.000,700.000,-1,-1,2,0,2,0,2,0,0,0,0,2,1,1,2,0,0,2,2
134,10704.879,-7715.915,266.442,-17.908,0.951506,0.307484,-0.009504,-0.307479,0.951553,0.002067,0.009679,0.000955,0.999953,0,0.74463,0.45724,44.678,0.914,-1,400.000,-1,375.000,-1,325.000,325.000,300.000,325.000,-1,-1,-1,-1,775.000,700.000,-1,-1,2,0,2,0,2,0,0,0,0,2,2,2,2,0,0,2,2
135,10747.885,-7729.255,266.862,-17.233,0.955060,0.296262,-0.009455,-0.296246,0.955107,0.003057,0.009936,-0.000118,0.999951,0,0.75047,0.33724,45.028,0.674,-1,400.000,-1,375.000,-1,325.000,325.000,300.000,300.000,-1,-1,-1,-1,800.000,700.000,-1,-1,2,0,2,0,2,0,0,0,0,2,2,2,2,0,0,2,2
