timestep,x_cm,y_cm,z_cm,yaw_deg,basis_xx,basis_xy,basis_xz,basis_yx,basis_yy,basis_yz,basis_zx,basis_zy,basis_zz,teleport_flag,throttle_cmd,steering_cmd,cmd_move_cm,cmd_turn_deg,lidar_cm_0,lidar_cm_1,lidar_cm_2,lidar_cm_3,lidar_cm_4,lidar_cm_5,lidar_cm_6,lidar_cm_7,lidar_cm_8,lidar_cm_9,lidar_cm_10,lidar_cm_11,lidar_cm_12,lidar_cm_13,lidar_cm_14,lidar_cm_15,lidar_cm_16,lidar_class_0,lidar_class_1,lidar_class_2,lidar_class_3,lidar_class_4,lidar_class_5,lidar_class_6,lidar_class_7,lidar_class_8,lidar_class_9,lidar_class_10,lidar_class_11,lidar_class_12,lidar_class_13,lidar_class_14,lidar_class_15,lidar_class_16
0,5572.191,1636.279,560.851,-132.370,-0.673840,0.738668,0.017605,-0.737332,-0.673780,0.048607,0.047766,0.019773,0.998663,1,0.08000,0.01079,4.800,0.022,-1,400.000,-1,400.000,-1,325.000,325.000,300.000,300.000,-1,650.000,775.000,-1,925.000,925.000,-1,-1,2,0,2,0,2,0,0,0,0,2,1,1,2,0,0,2,2
1,5565.724,1629.184,561.298,-132.350,-0.673584,0.738905,0.017437,-0.737580,-0.673520,0.048434,0.047532,0.019764,0.998674,0,0.16000,0.01006,9.600,0.020,-1,400.000,-1,400.000,-1,325.000,325.000,300.000,300.000,-1,650.000,775.000,-1,925.000,925.000,-1,-1,2,0,2,0,2,0,0,0,0,2,1,1,2,0,0,2,2
2,5556.026,1618.539,561.966,-132.332,-0.673369,0.739107,0.017183,-0.737800,-0.673298,0.048172,0.047173,0.019760,0.998691,0,0.24000,0.00862,14.400,0.017,-1,400.000,-1,400.000,-1,325.000,325.000,300.000,300.000,-1,675.000,800.000,-1,925.000,925.000,-1,-1,2,0,2,0,2,0,0,0,0,2,1,1,2,0,0,2,2
3,5543.100,1604.342,562.856,-132.319,-0.673211,0.739259,0.016840,-0.737975,-0.673132,0.047817,0.046685,0.019763,0.998714,0,0.32000,0.00644,19.200,0.013,-1,400.000,-1,400.000,-1,325.000,325.000,300.000,300.000,-1,700.000,825.000,-1,925.000,925.000,-1,-1,2,0,2,0,2,0,0,0,0,2,1,1,2,0,0,2,2
4,5526.943,1586.595,563.963,-132.312,-0.673131,0.739341,0.016406,-0.738087,-0.673040,0.047374,0.046067,0.019780,0.998742,0,0.40000,0.00354,24.000,0.007,-1,400.000,-1,400.000,-1,325.000,325.000,300.000,300.000,-1,725.000,850.000,-1,925.000,925.000,-1,-1,2,0,2,0,2,0,0,0,0,2,1,1,2,0,0,2,2
5,5507.556,1565.298,565.243,-132.313,-0.673140,0.739341,0.016073,-0.738118,-0.673044,0.046833,0.045443,0.019661,0.998773,0,0.48000,-0.00010,28.800,-0.000,-1,400.000,-1,400.000,-1,325.000,325.000,300.000,300.000,-1,750.000,875.000,-1,925.000,925.000,-1,-1,2,0,2,0,2,0,0,0,0,2,1,1,2,0,0,2,2
6,5484.933,1540.455,566.720,-132.322,-0.673262,0.739237,0.015698,-0.738050,-0.673162,0.046204,0.044723,0.019521,0.998809,0,0.56000,-0.00448,33.600,-0.009,-1,400.000,-1,400.000,-1,325.000,325.000,300.000,300.000,-1,775.000,925.000,-1,925.000,950.000,-1,-1,2,0,2,0,2,0,0,0,0,2,1,1,2,0,0,2,2
7,5459.070,1512.071,568.390,-132.341,-0.673517,0.739014,0.015259,-0.737867,-0.673411,0.045491,0.043894,0.019380,0.998848,0,0.64000,-0.00959,38.400,-0.019,-1,425.000,-1,400.000,-1,325.000,325.000,300.000,300.000,-1,825.000,950.000,-1,925.000,950.000,-1,-1,2,0,2,0,2,0,0,0,0,2,1,1,2,0,0,2,2
8,5429.956,1480.156,570.246,-132.372,-0.673925,0.738653,0.014753,-0.737550,-0.673812,0.044696,0.042956,0.019241,0.998892,0,0.72000,-0.01546,43.200,-0.031,-1,425.000,-1,425.000,-1,325.000,325.000,300.000,300.000,-1,875.000,1000.000,-1,925.000,975.000,-1,-1,2,0,2,0,2,0,0,0,0,2,1,1,2,0,0,2,2
9,5399.264,1446.563,572.175,-132.416,-0.674504,0.738135,0.014206,-0.737078,-0.674382,0.043867,0.041960,0.019118,0.998936,0,0.75838,-0.02207,45.503,-0.044,-1,425.000,-1,425.000,-1,325.000,325.000,300.000,300.000,-1,925.000,-1,-1,950.000,1000.000,-1,-1,2,0,2,0,2,0,0,0,0,2,1,2,2,0,1,2,2
10,5368.327,1412.770,574.090,-132.474,-0.675262,0.737452,0.013639,-0.736440,-0.675132,0.043041,0.040949,0.019020,0.998980,0,0.76359,-0.02906,45.815,-0.058,-1,425.000,-1,425.000,-1,325.000,325.000,300.000,300.000,-1,975.000,-1,-1,975.000,975.000,-1,-1,2,0,2,0,2,0,0,0,0,2,1,2,2,0,1,2,2
11,5337.132,1378.783,575.771,-132.546,-0.676185,0.736613,0.013229,-0.735688,-0.676073,0.041084,0.039207,0.018048,0.999068,0,0.76889,-0.03612,46.133,-0.072,-1,425.000,-1,425.000,1000.000,325.000,325.000,300.000,300.000,-1,-1,-1,-1,975.000,950.000,-1,-1,2,0,2,0,1,0,0,0,0,2,2,2,2,0,1,2,2
12,5302.488,1341.447,577.393,-132.858,-0.680201,0.732926,0.012113,-0.732111,-0.680085,0.038699,0.036601,0.017455,0.999178,0,0.84889,-0.15612,50.933,-0.312,-1,425.000,-1,425.000,950.000,325.000,325.000,300.000,300.000,-1,-1,-1,-1,1000.000,925.000,-1,-1,2,0,2,0,1,0,0,0,0,2,2,2,2,0,1,2,2
13,5267.225,1303.896,578.848,-133.200,-0.684592,0.728855,0.010197,-0.728155,-0.684445,0.036404,0.033513,0.017497,0.999285,0,0.85856,-0.17091,51.514,-0.342,-1,425.000,-1,425.000,900.000,325.000,325.000,300.000,300.000,-1,-1,-1,-1,1000.000,900.000,-1,-1,2,0,2,0,1,0,0,0,0,2,2,2,2,0,1,2,2
14,5234.903,1270.170,580.122,-133.782,-0.691986,0.721863,0.008317,-0.721262,-0.691807,0.034411,0.030593,0.017813,0.999373,0,0.77856,-0.29091,46.714,-0.582,-1,425.000,-1,425.000,875.000,325.000,325.000,300.000,300.000,-1,-1,-1,-1,975.000,875.000,-1,-1,2,0,2,0,1,0,0,0,0,2,2,2,2,0,1,2,2
15,5202.542,1237.359,581.328,-134.604,-0.702294,0.711859,0.006306,-0.711350,-0.702082,0.032588,0.027625,0.018400,0.999449,0,0.76808,-0.41091,46.085,-0.822,-1,425.000,-1,425.000,825.000,325.000,325.000,300.000,300.000,-1,-1,-1,-1,975.000,850.000,-1,-1,2,0,2,0,1,0,0,0,0,2,2,2,2,0,1,2,2
16,5169.492,1204.911,582.422,-135.527,-0.713700,0.700440,0.004107,-0.700012,-0.713447,0.031232,0.024806,0.019415,0.999504,0,0.77193,-0.46164,46.316,-0.923,-1,425.000,-1,425.000,775.000,325.000,350.000,300.000,300.000,-1,-1,-1,-1,1000.000,800.000,-1,-1,2,0,2,0,1,0,0,0,0,2,2,2,2,0,1,2,2
17,5135.750,1172.842,583.439,-136.457,-0.724988,0.688758,0.001996,-0.688407,-0.724706,0.029957,0.022079,0.020345,0.999549,0,0.77585,-0.46487,46.551,-0.930,-1,425.000,-1,425.000,725.000,325.000,350.000,300.000,300.000,-1,-1,-1,-1,1000.000,775.000,-1,-1,2,0,2,0,1,0,0,0,0,2,2,2,2,0,1,2,2
18,5101.315,1141.170,584.392,-137.393,-0.736157,0.676811,-0.000103,-0.676533,-0.735850,0.028772,0.019397,0.021250,0.999586,0,0.77976,-0.46815,46.786,-0.936,-1,425.000,-1,425.000,675.000,350.000,350.000,325.000,300.000,-1,-1,-1,-1,1000.000,750.000,-1,1000.000,2,0,2,0,1,0,0,0,0,2,2,2,2,0,1,2,1
19,5066.189,1109.913,585.302,-138.336,-0.747200,0.664595,-0.002294,-0.664389,-0.746873,0.027695,0.016693,0.022218,0.999614,0,0.78366,-0.47150,47.019,-0.943,-1,425.000,-1,425.000,650.000,350.000,350.000,325.000,300.000,-1,-1,-1,-1,1000.000,725.000,-1,875.000,2,0,2,0,1,0,0,0,0,2,2,2,2,0,1,2,1
20,5030.373,1079.092,586.170,-139.286,-0.758113,0.652107,-0.004573,-0.651974,-0.757770,0.026733,0.013968,0.023248,0.999632,0,0.78753,-0.47493,47.252,-0.950,-1,425.000,-1,425.000,600.000,350.000,350.000,325.000,300.000,-1,-1,-1,-1,1000.000,700.000,-1,775.000,2,0,2,0,1,0,0,0,0,2,2,2,2,0,1,2,1
21,4993.871,1048.725,586.969,-140.243,-0.768887,0.639347,-0.006931,-0.639287,-0.768536,0.025764,0.011146,0.024241,0.999644,0,0.79136,-0.47844,47.482,-0.957,-1,425.000,-1,425.000,550.000,350.000,350.000,325.000,300.000,-1,-1,-1,-1,1000.000,675.000,-1,700.000,2,0,2,0,1,0,0,0,0,2,2,2,2,0,1,2,1
22,4956.685,1018.835,587.368,-141.207,-0.779501,0.626331,-0.009363,-0.626360,-0.779193,0.023055,0.007144,0.023836,0.999690,0,0.79516,-0.48205,47.709,-0.964,-1,425.000,-1,425.000,525.000,350.000,350.000,325.000,300.000,-1,-1,-1,-1,975.000,625.000,-1,650.000,2,0,2,0,1,0,0,0,0,2,2,2,2,0,1,2,1
23,4918.821,989.442,587.623,-142.179,-0.789969,0.613039,-0.011461,-0.613137,-0.789715,0.020337,0.003417,0.023093,0.999727,0,0.79889,-0.48578,47.934,-0.972,-1,425.000,-1,425.000,475.000,350.000,350.000,325.000,300.000,-1,-1,-1,-1,975.000,600.000,-1,575.000,2,0,2,1,1,0,0,0,0,2,2,2,2,0,1,2,1
24,4880.284,960.569,587.541,-143.158,-0.800291,0.599469,-0.013109,-0.599612,-0.800098,0.017565,0.000041,0.021917,0.999760,0,0.80256,-0.48963,48.154,-0.979,-1,425.000,-1,400.000,425.000,325.000,325.000,325.000,300.000,-1,-1,-1,-1,950.000,575.000,-1,525.000,2,0,2,1,1,0,0,0,0,2,2,2,2,0,1,2,1
25,4841.081,932.239,587.437,-144.145,-0.810457,0.585609,-0.014867,-0.585788,-0.810328,0.014868,-0.003341,0.020759,0.999779,0,0.80614,-0.49363,48.368,-0.987,-1,400.000,-1,375.000,400.000,325.000,325.000,300.000,300.000,-1,-1,-1,-1,950.000,550.000,-1,475.000,2,0,2,1,1,0,0,0,0,2,2,2,2,0,1,2,1
26,4801.220,904.474,587.309,-145.141,-0.820463,0.571454,-0.016734,-0.571659,-0.820400,0.012253,-0.006726,0.019619,0.999785,0,0.80962,-0.49779,48.577,-0.996,-1,400.000,-1,350.000,350.000,325.000,325.000,300.000,300.000,-1,-1,-1,-1,950.000,525.000,-1,425.000,2,0,2,1,1,0,1,0,0,2,2,2,2,0,1,2,1
27,4760.712,877.299,586.912,-146.145,-0.830311,0.556990,-0.018609,-0.557221,-0.830293,0.010873,-0.009395,0.019398,0.999768,0,0.81298,-0.50213,48.779,-1.004,-1,400.000,-1,350.000,325.000,325.000,325.000,300.000,300.000,-1,-1,-1,-1,950.000,500.000,-1,375.000,2,0,2,1,1,0,1,0,0,2,2,2,2,0,1,2,1
28,4719.567,850.741,586.442,-147.158,-0.839987,0.542219,-0.020524,-0.542476,-0.840014,0.009822,-0.011914,0.019384,0.999741,0,0.81619,-0.50667,48.972,-1.013,-1,400.000,-1,325.000,275.000,325.000,300.000,300.000,300.000,-1,-1,-1,-1,950.000,475.000,-1,325.000,2,0,2,1,1,1,1,0,0,2,2,2,2,0,1,2,1
29,4677.799,824.825,585.931,-148.181,-0.849484,0.527136,-0.022479,-0.527419,-0.849558,0.008939,-0.014385,0.019449,0.999707,0,0.81924,-0.51145,49.154,-1.023,-1,400.000,-1,300.000,225.000,325.000,300.000,300.000,300.000,-1,-1,-1,-1,950.000,450.000,-1,275.000,2,0,2,1,1,1,1,0,0,2,2,2,2,0,1,2,1
30,4635.425,799.580,587.998,-149.214,-0.859006,0.511807,-0.012776,-0.511887,-0.859044,0.003830,-0.009015,0.009830,0.999911,0,0.82208,-0.51648,49.325,-1.033,-1,425.000,-1,300.000,225.000,325.000,300.000,300.000,325.000,-1,-1,-1,-1,1000.000,475.000,-1,275.000,2,0,2,1,1,1,1,0,0,2,2,2,2,0,1,2,1
31,4592.461,775.033,590.559,-150.258,-0.868265,0.496099,-0.000895,-0.496096,-0.868264,-0.002472,-0.002004,-0.001702,0.999997,0,0.82469,-0.52180,49.481,-1.044,-1,450.000,-1,325.000,225.000,350.000,300.000,300.000,350.000,-1,-1,-1,-1,-1,525.000,-1,275.000,2,0,2,1,1,1,1,0,0,2,2,2,2,2,1,2,1
32,4548.931,751.212,592.884,-151.313,-0.877216,0.479994,0.009899,-0.480075,-0.877184,-0.008758,0.004479,-0.012434,0.999913,0,0.82703,-0.52745,49.622,-1.055,-1,500.000,-1,325.000,225.000,375.000,325.000,275.000,350.000,-1,-1,-1,-1,-1,550.000,-1,275.000,2,0,2,1,1,1,1,0,1,2,2,2,2,2,1,2,1
33,4504.858,728.149,594.935,-152.379,-0.885876,0.463494,0.019916,-0.463800,-0.885811,-0.015114,0.010636,-0.022627,0.999687,0,0.82904,-0.53345,49.743,-1.067,-1,525.000,-1,350.000,225.000,400.000,325.000,275.000,350.000,-1,-1,-1,-1,-1,575.000,-1,275.000,2,0,2,1,1,1,1,0,1,2,2,2,2,2,1,2,1
34,4460.270,705.876,596.365,-153.459,-0.894222,0.446580,0.030564,-0.447291,-0.894106,-0.022502,0.017278,-0.033793,0.999279,0,0.83069,-0.53986,49.841,-1.080,-1,550.000,-1,350.000,225.000,450.000,350.000,275.000,325.000,-1,150.000,-1,-1,-1,925.000,-1,300.000,2,0,2,1,1,0,1,0,1,2,0,2,2,2,1,2,1
35,4415.200,684.424,597.382,-154.553,-0.902301,0.429242,0.040042,-0.430502,-0.902056,-0.031030,0.022801,-0.045237,0.998716,0,0.83191,-0.54671,49.915,-1.093,-1,575.000,-1,375.000,200.000,475.000,375.000,275.000,325.000,-1,125.000,-1,-1,-1,-1,-1,300.000,2,0,2,1,1,0,1,0,1,2,0,2,2,2,2,2,1
36,4367.287,662.487,598.009,-155.406,-0.908281,0.415512,0.048729,-0.417452,-0.907810,-0.040180,0.027541,-0.056837,0.998004,0,0.87826,-0.42671,52.696,-0.853,-1,575.000,-1,375.000,200.000,475.000,400.000,275.000,300.000,900.000,100.000,275.000,-1,-1,-1,-1,300.000,2,0,2,1,1,0,1,0,1,0,0,0,2,2,2,2,1
37,4319.176,641.079,598.325,-156.019,-0.912361,0.405509,0.056215,-0.408165,-0.911622,-0.048444,0.031602,-0.067143,0.997243,0,0.87763,-0.30671,52.658,-0.613,-1,600.000,-1,400.000,200.000,500.000,425.000,250.000,275.000,700.000,75.000,275.000,-1,-1,-1,-1,325.000,2,0,2,1,1,0,1,0,1,0,0,0,2,2,2,2,1
38,4271.047,620.038,598.242,-156.393,-0.914685,0.399310,0.062470,-0.402652,-0.913676,-0.055376,0.034965,-0.075805,0.996509,0,0.87546,-0.18671,52.527,-0.373,-1,600.000,-1,450.000,200.000,525.000,475.000,250.000,250.000,575.000,75.000,275.000,-1,-1,-1,-1,-1,2,0,2,1,1,0,1,0,1,0,0,0,2,2,2,2,2
39,4223.088,599.205,597.732,-156.526,-0.915360,0.396964,0.067345,-0.400894,-0.914103,-0.060830,0.037413,-0.082680,0.995874,0,0.87147,-0.06671,52.288,-0.133,-1,625.000,-1,500.000,200.000,525.000,550.000,250.000,225.000,500.000,75.000,275.000,-1,-1,-1,-1,-1,2,0,2,1,1,0,1,0,1,0,0,0,2,2,2,2,2
40,-1639.832,-327.964,385.070,70.811,0.328883,-0.944370,-0.000622,0.943673,0.328665,-0.038224,0.036302,0.011984,0.999269,1,0.00000,0.00000,51.924,0.107,900.000,400.000,-1,400.000,-1,325.000,325.000,300.000,300.000,-1,-1,-1,-1,975.000,850.000,-1,-1,1,0,2,0,2,0,0,0,0,2,2,2,2,0,0,2,2
41,-1638.273,-323.424,385.243,71.051,0.324924,-0.945740,-0.000492,0.945050,0.324707,-0.038015,0.036112,0.011887,0.999277,0,0.08000,0.12000,4.800,0.240,900.000,400.000,-1,400.000,-1,325.000,325.000,300.000,300.000,-1,-1,-1,-1,975.000,850.000,-1,-1,1,0,2,0,2,0,0,0,0,2,2,2,2,0,0,2,2
42,-1635.232,-314.319,385.590,71.531,0.316989,-0.948429,-0.000241,0.947756,0.316774,-0.037593,0.035730,0.011688,0.999293,0,0.16000,0.24000,9.600,0.480,875.000,425.000,-1,400.000,-1,325.000,325.000,300.000,300.000,-1,-1,-1,-1,975.000,850.000,-1,-1,1,0,2,0,2,0,0,0,0,2,2,2,2,0,0,2,2
43,-1630.842,-300.604,386.114,72.251,0.305044,-0.952338,0.000118,0.951689,0.304832,-0.036950,0.035153,0.011384,0.999317,0,0.24000,0.36000,14.400,0.720,850.000,425.000,-1,400.000,-1,325.000,325.000,300.000,300.000,-1,-1,-1,-1,975.000,850.000,-1,-1,1,0,2,0,2,0,0,0,0,2,2,2,2,1,0,2,2
44,-1625.236,-282.241,386.823,73.022,0.292192,-0.956360,0.000582,0.955743,0.291981,-0.036074,0.034330,0.011097,0.999349,0,0.32000,0.38577,19.200,0.772,825.000,425.000,-1,400.000,-1,325.000,325.000,300.000,300.000,-1,-1,-1,-1,950.000,850.000,-1,-1,1,0,2,0,2,0,0,0,0,2,2,2,2,1,0,2,2
45,-1618.539,-259.194,387.720,73.799,0.279198,-0.960233,0.001139,0.959658,0.278989,-0.034959,0.033251,0.010853,0.999388,0,0.40000,0.38841,24.000,0.777,800.000,425.000,-1,400.000,-1,325.000,325.000,300.000,300.000,-1,-1,-1,-1,925.000,850.000,-1,-1,1,0,2,0,2,0,0,0,0,2,2,2,2,1,0,2,2
46,-1610.884,-231.430,388.806,74.584,0.266012,-0.963968,0.001771,0.963441,0.265805,-0.033602,0.031920,0.010645,0.999434,0,0.48000,0.39259,28.800,0.785,750.000,425.000,-1,400.000,-1,325.000,325.000,300.000,300.000,-1,-1,-1,-1,925.000,850.000,-1,-1,1,0,2,0,2,0,0,0,0,2,2,2,2,1,0,2,2
47,-1602.403,-198.918,390.080,75.381,0.252581,-0.967573,0.002461,0.967100,0.252376,-0.032002,0.030343,0.010463,0.999485,0,0.56000,0.39836,33.600,0.797,725.000,425.000,-1,400.000,-1,325.000,325.000,300.000,300.000,-1,-1,-1,-1,900.000,850.000,-1,-1,1,0,2,0,2,0,0,0,0,2,2,2,2,1,0,2,2
48,-1593.239,-161.628,391.544,76.193,0.238848,-0.971052,0.003190,0.970638,0.238647,-0.030158,0.028523,0.010299,0.999540,0,0.64000,0.40576,38.400,0.812,700.000,425.000,-1,400.000,-1,325.000,325.000,300.000,300.000,-1,-1,-1,-1,900.000,825.000,-1,-1,1,0,2,0,2,0,0,0,0,2,2,2,2,1,0,2,2
49,-1583.537,-119.532,393.196,77.022,0.224753,-0.974408,0.003936,0.974056,0.224559,-0.028070,0.026468,0.010143,0.999598,0,0.72000,0.41491,43.200,0.830,650.000,425.000,-1,400.000,-1,325.000,325.000,325.000,300.000,-1,-1,-1,-1,875.000,825.000,-1,-1,1,0,2,0,2,0,0,0,0,2,2,2,2,1,0,2,2
50,-1573.455,-72.603,395.037,77.874,0.210233,-0.977640,0.004680,0.977352,0.210048,-0.025739,0.024180,0.009985,0.999658,0,0.80000,0.42592,48.000,0.852,625.000,425.000,-1,400.000,-1,350.000,325.000,325.000,300.000,-1,-1,-1,-1,875.000,825.000,-1,-1,1,0,2,0,2,0,0,0,0,2,2,2,2,1,0,2,2
51,-1563.155,-20.817,396.742,78.752,0.195196,-0.980757,0.003769,0.980483,0.195047,-0.024675,0.023465,0.008512,0.999688,0,0.88000,0.43895,52.800,0.878,575.000,425.000,-1,425.000,-1,350.000,350.000,325.000,300.000,-1,-1,-1,-1,900.000,825.000,-1,-1,1,0,2,0,2,0,0,0,0,2,2,2,2,1,0,2,2
52,-1552.817,35.847,398.666,79.660,0.179603,-0.983734,0.003174,0.983466,0.179476,-0.024150,0.023187,0.007459,0.999703,0,0.96000,0.45418,57.600,0.908,550.000,450.000,-1,425.000,-1,350.000,350.000,325.000,300.000,-1,-1,-1,-1,900.000,850.000,-1,-1,1,0,2,0,2,0,0,0,0,2,2,2,2,1,0,2,2
53,-1543.022,95.043,399.832,80.604,0.163417,-0.986543,0.005241,0.986289,0.163247,-0.024162,0.022981,0.009118,0.999694,0,1.00000,0.47187,60.000,0.944,500.000,450.000,-1,425.000,-1,350.000,350.000,325.000,300.000,-1,-1,-1,-1,950.000,850.000,-1,-1,1,1,2,0,2,0,0,0,0,2,2,2,2,1,0,2,2
54,-1534.244,154.397,400.866,81.587,0.146520,-0.989178,0.007682,0.988956,0.146303,-0.023693,0.022313,0.011069,0.999690,0,1.00000,0.49125,60.000,0.983,475.000,450.000,-1,425.000,-1,350.000,350.000,325.000,300.000,-1,-1,-1,-1,1000.000,850.000,-1,-1,1,1,2,0,2,0,0,0,0,2,2,2,2,1,0,2,2
55,-1526.527,213.898,401.911,82.610,0.128877,-0.991609,0.010064,0.991425,0.128619,-0.023111,0.021623,0.012956,0.999682,0,1.00000,0.51143,60.000,1.023,450.000,450.000,-1,425.000,-1,350.000,350.000,325.000,300.000,-1,-1,-1,-1,-1,850.000,-1,-1,1,1,2,0,2,0,0,0,0,2,2,2,2,2,0,2,2
56,-1519.916,273.533,402.991,83.675,0.110463,-0.993802,0.012484,0.993659,0.110164,-0.022500,0.020985,0.014891,0.999669,0,1.00000,0.53246,60.000,1.065,425.000,450.000,-1,425.000,-1,375.000,350.000,300.000,300.000,-1,-1,-1,-1,-1,850.000,-1,-1,1,1,2,0,2,0,0,1,0,2,2,2,2,2,0,2,2
57,-1514.165,333.257,404.066,84.499,0.096174,-0.995256,0.014710,0.995158,0.095842,-0.021781,0.020268,0.016733,0.999655,0,1.00000,0.41246,60.000,0.825,375.000,450.000,-1,425.000,-1,375.000,350.000,300.000,275.000,-1,-1,-1,-1,-1,850.000,-1,-1,1,1,2,0,2,0,0,1,0,2,2,2,2,2,0,2,2
58,-1509.025,393.036,405.112,85.084,0.086029,-0.996153,0.016664,0.996104,0.085674,-0.020918,0.019410,0.018399,0.999642,0,1.00000,0.29246,60.000,0.585,350.000,475.000,-1,425.000,-1,375.000,350.000,275.000,275.000,-1,-1,-1,-1,-1,825.000,-1,-1,1,1,2,0,2,0,0,1,0,2,2,2,2,2,0,2,2
59,-1504.244,452.845,406.100,85.429,0.080037,-0.996625,0.018244,0.996623,0.079674,-0.019851,0.018330,0.019771,0.999636,0,1.00000,0.17246,60.000,0.345,-1,475.000,-1,425.000,-1,375.000,350.000,250.000,275.000,-1,-1,-1,-1,-1,825.000,-1,-1,2,1,2,0,2,0,0,1,0,2,2,2,2,2,0,2,2
60,-1499.572,512.663,406.994,85.534,0.078202,-0.996750,0.019318,0.996794,0.077847,-0.018485,0.016921,0.020701,0.999643,0,1.00000,0.05246,60.000,0.105,-1,475.000,-1,425.000,-1,375.000,375.000,225.000,275.000,-1,-1,-1,-1,-1,825.000,-1,-1,2,1,2,0,2,0,0,1,0,2,2,2,2,2,0,2,2
61,-1494.759,572.470,407.753,85.399,0.080520,-0.996558,0.019727,0.996639,0.080196,-0.016689,0.015050,0.021004,0.999666,0,1.00000,-0.06754,60.000,-0.135,-1,500.000,-1,425.000,-1,375.000,375.000,225.000,275.000,-1,-1,-1,-1,-1,825.000,-1,-1,2,1,2,0,2,0,0,1,0,2,2,2,2,2,0,2,2
62,-1489.881,632.271,408.520,85.336,0.081575,-0.996463,0.020170,0.996585,0.081290,-0.014528,0.012837,0.021287,0.999691,0,1.00000,-0.03147,60.000,-0.063,-1,500.000,-1,425.000,-1,375.000,375.000,200.000,275.000,-1,-1,-1,-1,-1,800.000,-1,-1,2,1,2,0,2,0,0,1,0,2,2,2,2,2,0,2,2
63,-1484.997,692.072,408.222,85.332,0.081492,-0.996510,0.018109,0.996656,0.081367,-0.007492,0.005992,0.018659,0.999808,0,1.00000,-0.00209,60.000,-0.004,-1,475.000,-1,425.000,-1,375.000,350.000,200.000,275.000,-1,-1,-1,-1,-1,775.000,-1,-1,2,1,2,0,2,0,0,1,0,2,2,2,2,2,0,2,2
64,-1480.124,751.873,407.527,85.343,0.081194,-0.996562,0.016503,0.996698,0.081184,-0.001276,-0.000068,0.016552,0.999863,0,1.00000,0.00536,60.000,0.011,-1,475.000,-1,400.000,-1,350.000,350.000,175.000,275.000,-1,-1,-1,-1,-1,725.000,-1,-1,2,1,2,0,2,0,0,1,0,2,2,2,2,2,0,2,2
65,-1475.355,810.686,406.863,85.365,0.080725,-0.996625,0.014882,0.996721,0.080798,0.004376,-0.005564,0.014480,0.999880,0,0.98343,0.01117,59.006,0.022,-1,450.000,-1,400.000,-1,350.000,325.000,175.000,275.000,-1,-1,-1,-1,975.000,700.000,-1,-1,2,0,2,0,2,0,0,1,0,2,2,2,2,0,0,2,2
66,-1470.750,867.862,406.233,85.395,0.080143,-0.996695,0.013255,0.996728,0.080271,0.009442,-0.010475,0.012455,0.999868,0,0.95602,0.01520,57.361,0.030,-1,450.000,-1,375.000,-1,350.000,325.000,150.000,275.000,-1,-1,-1,-1,925.000,675.000,-1,-1,2,0,2,0,2,0,0,1,0,2,2,2,2,0,0,2,2
67,-1466.313,923.382,405.635,85.430,0.079506,-0.996767,0.011620,0.996724,0.079665,0.013965,-0.014845,0.010471,0.999835,0,0.92827,0.01748,55.696,0.035,-1,450.000,-1,375.000,975.000,350.000,325.000,150.000,275.000,-1,-1,-1,-1,875.000,650.000,-1,-1,2,0,2,0,0,0,0,1,0,2,2,2,2,0,0,2,2
68,-1462.040,977.262,405.066,85.467,0.078867,-0.996835,0.009976,0.996709,0.079037,0.017989,-0.018721,0.008524,0.999788,0,0.90082,0.01810,54.049,0.036,-1,425.000,-1,375.000,900.000,325.000,325.000,175.000,275.000,-1,-1,-1,-1,850.000,625.000,-1,-1,2,0,2,0,0,0,0,1,0,2,2,2,2,0,0,2,2
69,-1457.925,1029.556,404.524,85.501,0.078275,-0.996897,0.008328,0.996686,0.078439,0.021560,-0.022147,0.006613,0.999733,0,0.87426,0.01722,52.455,0.034,-1,425.000,-1,350.000,850.000,325.000,300.000,175.000,275.000,-1,-1,-1,-1,825.000,625.000,-1,1000.000,2,0,2,0,0,0,0,1,0,2,2,2,2,0,0,2,0
70,-1453.956,1080.343,404.008,85.531,0.077777,-0.996948,0.006681,0.996653,0.077919,0.024718,-0.025163,0.004736,0.999672,0,0.84902,0.01495,50.941,0.030,-1,400.000,-1,350.000,800.000,325.000,300.000,200.000,275.000,-1,-1,-1,-1,800.000,600.000,-1,925.000,2,0,2,0,0,0,0,1,0,2,2,2,2,0,0,2,0
71,-1450.117,1129.721,403.517,85.554,0.077411,-0.996987,0.005041,0.996611,0.077521,0.027499,-0.027807,0.002895,0.999609,0,0.82545,0.01146,49.527,0.023,-1,400.000,-1,350.000,750.000,325.000,300.000,200.000,275.000,-1,-1,-1,-1,775.000,600.000,-1,850.000,2,0,2,0,0,0,0,1,0,2,2,2,2,0,0,2,0
72,-1446.390,1177.801,403.051,85.568,0.077214,-0.997009,0.003417,0.996560,0.077282,0.029937,-0.030112,0.001093,0.999546,0,0.80374,0.00687,48.224,0.014,-1,400.000,-1,350.000,725.000,325.000,300.000,225.000,275.000,-1,-1,-1,-1,775.000,575.000,-1,825.000,2,0,2,0,0,0,0,1,0,2,2,2,2,0,0,2,0
73,-1442.757,1224.701,402.609,85.570,0.077218,-0.997013,0.001815,0.996497,0.077236,0.032059,-0.032103,-0.000667,0.999484,0,0.78401,0.00132,47.040,0.003,-1,400.000,-1,350.000,700.000,300.000,300.000,225.000,275.000,-1,-1,-1,-1,750.000,575.000,-1,775.000,2,0,2,0,0,0,0,1,0,2,2,2,2,0,0,2,0
74,-1439.198,1270.540,402.192,85.560,0.077450,-0.996996,0.000244,0.996423,0.077413,0.033885,-0.033802,-0.002381,0.999426,0,0.76628,-0.00510,45.977,-0.010,-1,400.000,-1,325.000,675.000,300.000,300.000,250.000,275.000,-1,-1,-1,-1,725.000,575.000,-1,750.000,2,0,2,0,0,0,0,1,0,2,2,2,2,0,0,2,0
75,-1435.693,1315.434,401.200,85.536,0.078008,-0.996945,-0.003942,0.996432,0.077839,0.032623,-0.032217,-0.006473,0.999460,0,0.75052,-0.01227,45.031,-0.025,-1,375.000,-1,325.000,675.000,300.000,300.000,250.000,275.000,-1,-1,-1,-1,725.000,575.000,-1,750.000,2,0,2,0,0,0,0,1,0,2,2,2,2,0,0,2,0
76,-1432.222,1359.497,400.248,85.495,0.078819,-0.996853,-0.008437,0.996465,0.078536,0.029809,-0.029053,-0.010756,0.999520,0,0.73666,-0.02012,44.200,-0.040,-1,375.000,-1,350.000,725.000,300.000,300.000,275.000,275.000,300.000,-1,-1,-1,725.000,575.000,-1,825.000,2,0,2,0,0,0,0,1,0,1,2,2,2,0,0,2,0
77,-1428.765,1402.836,399.400,85.438,0.079896,-0.996720,-0.012867,0.996466,0.079526,0.027024,-0.025912,-0.014980,0.999552,0,0.72461,-0.02858,43.477,-0.057,-1,400.000,-1,350.000,775.000,300.000,300.000,300.000,300.000,300.000,-1,-1,-1,725.000,575.000,-1,875.000,2,0,2,0,0,0,0,1,0,1,2,2,2,0,0,2,0
78,-1425.302,1445.552,398.609,85.363,0.081256,-0.996547,-0.017093,0.996430,0.080828,0.024377,-0.022911,-0.019013,0.999557,0,0.71427,-0.03758,42.856,-0.075,-1,400.000,-1,350.000,850.000,300.000,300.000,300.000,300.000,300.000,-1,-1,-1,725.000,600.000,-1,950.000,2,0,2,0,0,0,0,1,0,1,2,2,2,0,0,2,0
79,-1421.811,1487.738,397.873,85.269,0.082921,-0.996332,-0.021137,0.996355,0.082459,0.021857,-0.020034,-0.022872,0.999538,0,0.70551,-0.04708,42.330,-0.094,-1,400.000,-1,350.000,900.000,300.000,300.000,325.000,300.000,325.000,-1,-1,-1,725.000,600.000,-1,1000.000,2,0,2,0,0,0,0,1,0,1,2,2,2,0,0,2,0
80,-1418.274,1529.482,397.188,85.155,0.084910,-0.996075,-0.025016,0.996239,0.084435,0.019455,-0.017267,-0.026574,0.999498,0,0.69823,-0.05704,41.894,-0.114,-1,400.000,-1,350.000,975.000,300.000,300.000,325.000,300.000,325.000,-1,-1,-1,725.000,625.000,-1,-1,2,0,2,0,0,0,0,1,0,1,2,2,2,0,0,2,2
81,-1414.669,1570.864,396.551,85.020,0.087239,-0.995773,-0.028747,0.996080,0.086771,0.017163,-0.014596,-0.030132,0.999439,0,0.69232,-0.06743,41.539,-0.135,-1,400.000,-1,350.000,-1,300.000,300.000,350.000,300.000,350.000,-1,-1,-1,725.000,625.000,-1,-1,2,0,2,0,2,0,0,0,0,1,2,2,2,0,0,2,2
82,-1410.976,1611.960,395.961,84.863,0.089925,-0.995423,-0.032344,0.995876,0.089480,0.014975,-0.012012,-0.033557,0.999365,0,0.68769,-0.07822,41.261,-0.156,-1,400.000,-1,350.000,-1,325.000,300.000,350.000,300.000,375.000,-1,-1,-1,725.000,625.000,-1,-1,2,0,2,0,2,0,0,0,0,1,2,2,2,0,0,2,2
83,-1407.174,1652.838,395.418,84.685,0.092982,-0.995023,-0.035818,0.995622,0.092575,0.012884,-0.009504,-0.036859,0.999275,0,0.68424,-0.08939,41.055,-0.179,-1,400.000,-1,350.000,-1,325.000,300.000,325.000,300.000,375.000,-1,-1,-1,725.000,625.000,-1,-1,2,0,2,0,2,0,0,0,0,1,2,2,2,0,0,2,2
84,-1403.242,1693.563,394.920,84.483,0.096425,-0.994569,-0.039179,0.995315,0.096068,0.010888,-0.007065,-0.040046,0.999173,0,0.68190,-0.10093,40.914,-0.202,-1,400.000,-1,375.000,-1,325.000,300.000,325.000,300.000,400.000,-1,-1,-1,725.000,650.000,-1,-1,2,0,2,0,2,0,0,0,0,1,2,2,2,0,0,2,2
85,-1399.434,1733.278,394.453,84.521,0.095692,-0.994507,-0.042418,0.995399,0.095394,0.008990,-0.004895,-0.043083,0.999060,0,0.66495,0.01907,39.897,0.038,-1,400.000,-1,375.000,-1,325.000,300.000,325.000,300.000,425.000,-1,-1,-1,725.000,650.000,-1,-1,2,0,2,0,2,0,0,0,0,1,2,2,2,0,0,2,2
86,-1395.708,1773.036,394.026,84.644,0.093483,-0.994580,-0.045507,0.995617,0.093251,0.007193,-0.002910,-0.045980,0.998938,0,0.66554,0.06138,39.932,0.123,-1,400.000,-1,375.000,-1,325.000,300.000,325.000,300.000,450.000,-1,-1,-1,725.000,650.000,-1,-1,2,0,2,0,2,0,0,0,0,1,2,2,2,0,0,2,2
87,-1392.040,1812.901,393.648,84.742,0.091690,-0.994610,-0.048417,0.995787,0.091530,0.005508,-0.001047,-0.048718,0.998812,0,0.66722,0.04921,40.033,0.098,-1,375.000,-1,375.000,-1,325.000,300.000,325.000,300.000,475.000,850.000,-1,-1,725.000,675.000,-1,-1,2,0,2,0,2,0,0,0,0,1,0,2,2,0,0,2,2
88,-1388.412,1852.908,393.317,84.816,0.090325,-0.994597,-0.051161,0.995912,0.090243,0.003932,0.000706,-0.051307,0.998683,0,0.66952,0.03676,40.171,0.074,-1,375.000,-1,375.000,-1,325.000,300.000,300.000,300.000,500.000,700.000,-1,-1,725.000,675.000,-1,-1,2,0,2,0,2,0,0,0,0,1,0,2,2,0,0,2,2
89,-1384.801,1893.091,393.032,84.864,0.089399,-0.994544,-0.053754,0.995993,0.089397,0.002457,0.002362,-0.053758,0.998551,0,0.67241,0.02403,40.345,0.048,-1,375.000,-1,375.000,-1,325.000,300.000,300.000,300.000,500.000,600.000,1000.000,-1,725.000,675.000,-1,-1,2,0,2,0,2,0,0,0,0,1,0,0,2,0,0,2,2
90,-1381.188,1933.482,392.791,84.886,0.088923,-0.994451,-0.056205,0.996031,0.089003,0.001080,0.003929,-0.056078,0.998419,0,0.67587,0.01101,40.552,0.022,-1,375.000,-1,375.000,-1,300.000,300.000,300.000,300.000,550.000,550.000,850.000,-1,725.000,675.000,-1,-1,2,0,2,0,2,0,0,0,0,1,0,0,2,0,0,2,2
91,-1377.548,1974.112,393.025,84.881,0.088945,-0.994419,-0.056750,0.996024,0.089080,0.000152,0.004904,-0.056538,0.998388,0,0.67988,-0.00229,40.793,-0.005,-1,375.000,-1,375.000,-1,300.000,300.000,300.000,300.000,575.000,550.000,825.000,-1,725.000,700.000,-1,-1,2,0,2,0,2,0,0,0,0,1,0,0,2,0,0,2,2
92,-1373.862,2015.011,393.458,84.849,0.089433,-0.994340,-0.057361,0.995975,0.089629,-0.000847,0.005984,-0.057055,0.998353,0,0.68441,-0.01588,41.065,-0.032,-1,375.000,-1,375.000,-1,325.000,300.000,300.000,300.000,600.000,550.000,800.000,-1,725.000,700.000,-1,-1,2,0,2,0,2,0,0,0,0,1,0,0,2,0,0,2,2
93,-1370.106,2056.207,393.944,84.790,0.090397,-0.994208,-0.058133,0.995880,0.090658,-0.001867,0.007127,-0.057724,0.998307,0,0.68946,-0.02976,41.367,-0.060,-1,375.000,-1,375.000,-1,325.000,300.000,300.000,300.000,650.000,550.000,775.000,-1,725.000,700.000,-1,-1,2,0,2,0,2,0,0,0,0,1,0,0,2,0,0,2,2
94,-1366.255,2097.729,394.442,84.702,0.091850,-0.994029,-0.058911,0.995738,0.092179,-0.002884,0.008297,-0.058395,0.998259,0,0.69500,-0.04394,41.700,-0.088,-1,375.000,-1,375.000,-1,325.000,300.000,300.000,300.000,675.000,550.000,750.000,-1,725.000,700.000,-1,-1,2,0,2,0,2,0,0,0,0,1,0,0,2,0,0,2,2
95,-1362.286,2139.604,394.955,84.585,0.093804,-0.993799,-0.059699,0.995545,0.094203,-0.003898,0.009498,-0.059067,0.998209,0,0.70104,-0.05843,42.062,-0.117,-1,375.000,-1,375.000,-1,325.000,300.000,325.000,300.000,725.000,550.000,750.000,-1,725.000,700.000,-1,-1,2,0,2,0,2,0,0,0,0,1,0,0,2,0,0,2,2
96,-1358.172,2181.858,395.484,84.439,0.096267,-0.993515,-0.060498,0.995298,0.096739,-0.004910,0.010731,-0.059741,0.998156,0,0.70756,-0.07323,42.453,-0.146,-1,375.000,-1,375.000,-1,325.000,325.000,325.000,300.000,775.000,550.000,725.000,-1,725.000,700.000,-1,-1,2,0,2,0,2,0,0,0,0,1,0,0,2,0,0,2,2
97,-1353.886,2224.516,396.030,84.262,0.099251,-0.993172,-0.061311,0.994990,0.099798,-0.005919,0.011998,-0.060416,0.998101,0,0.71456,-0.08834,42.873,-0.177,-1,375.000,-1,375.000,-1,325.000,325.000,325.000,300.000,825.000,550.000,725.000,-1,725.000,725.000,-1,-1,2,0,2,0,2,0,0,0,0,1,0,0,2,0,0,2,2
98,-1349.399,2267.605,396.597,84.054,0.102766,-0.992763,-0.062139,0.994617,0.103391,-0.006925,0.013300,-0.061093,0.998043,0,0.72203,-0.10379,43.322,-0.208,-1,400.000,-1,375.000,-1,325.000,325.000,300.000,300.000,850.000,575.000,700.000,-1,725.000,725.000,-1,-1,2,0,2,0,2,0,0,0,0,1,0,0,2,0,0,2,2
99,-1344.681,2311.148,397.186,83.815,0.106823,-0.992281,-0.062985,0.994170,0.107529,-0.007928,0.014639,-0.061771,0.997983,0,0.72997,-0.11957,43.798,-0.239,-1,400.000,-1,375.000,-1,325.000,325.000,300.000,300.000,900.000,575.000,700.000,-1,725.000,725.000,-1,-1,2,0,2,0,2,0,0,0,0,1,0,0,2,0,0,2,2
100,-1339.700,2355.170,397.799,83.544,0.111432,-0.991719,-0.063851,0.993643,0.112223,-0.008926,0.016017,-0.062450,0.997920,0,0.73838,-0.13569,44.303,-0.271,-1,375.000,-1,375.000,-1,325.000,325.000,300.000,300.000,950.000,575.000,700.000,-1,725.000,725.000,-1,-1,2,0,2,0,2,0,0,0,0,1,0,0,2,0,0,2,2
101,-1334.422,2399.694,398.439,83.240,0.116605,-0.991066,-0.064738,0.993025,0.117484,-0.009917,0.017434,-0.063130,0.997853,0,0.74725,-0.15216,44.835,-0.304,-1,375.000,-1,375.000,-1,325.000,325.000,300.000,300.000,975.000,575.000,675.000,-1,725.000,725.000,-1,-1,2,0,2,0,2,0,0,0,0,1,0,0,2,0,0,2,2
102,-1328.812,2444.742,399.114,82.902,0.122355,-0.990315,-0.065623,0.992307,0.123322,-0.010884,0.018872,-0.063786,0.997785,0,0.75660,-0.16899,45.396,-0.338,-1,375.000,-1,375.000,-1,325.000,325.000,300.000,300.000,-1,575.000,675.000,-1,725.000,750.000,-1,-1,2,0,2,0,2,0,0,0,0,2,0,0,2,0,0,2,2
103,-1322.834,2490.337,399.824,82.529,0.128691,-0.989451,-0.066526,0.991476,0.129751,-0.011838,0.020345,-0.064435,0.997714,0,0.76642,-0.18619,45.985,-0.372,-1,375.000,-1,400.000,-1,325.000,325.000,300.000,300.000,-1,575.000,675.000,-1,725.000,750.000,-1,-1,2,0,2,0,2,0,0,0,0,2,0,0,2,0,0,2,2
104,-1316.446,2536.500,400.571,82.122,0.135625,-0.988461,-0.067452,0.990519,0.136779,-0.012776,0.021855,-0.065079,0.997641,0,0.77671,-0.20376,46.603,-0.408,-1,375.000,-1,400.000,-1,325.000,325.000,300.000,300.000,-1,575.000,675.000,-1,725.000,750.000,-1,-1,2,0,2,0,2,0,0,0,0,2,0,0,2,0,0,2,2
105,-1309.608,2583.251,401.410,81.678,0.143184,-0.987346,-0.068170,0.989423,0.144422,-0.013561,0.023234,-0.065507,0.997582,0,0.78748,-0.22173,47.249,-0.443,-1,375.000,-1,400.000,-1,325.000,325.000,300.000,300.000,-1,550.000,675.000,-1,725.000,750.000,-1,-1,2,0,2,0,2,0,0,0,0,2,0,0,2,0,0,2,2
106,-1302.274,2630.610,402.597,81.198,0.151418,-0.986152,-0.067648,0.988171,0.152699,-0.014160,0.024294,-0.064703,0.997609,0,0.79872,-0.24010,47.923,-0.480,-1,375.000,-1,400.000,-1,325.000,325.000,300.000,300.000,-1,575.000,700.000,-1,725.000,750.000,-1,-1,2,0,2,0,2,0,0,0,0,2,0,0,2,0,0,2,2
107,-1294.398,2678.595,403.893,80.680,0.160287,-0.984778,-0.067230,0.986745,0.161611,-0.014709,0.025350,-0.063982,0.997629,0,0.81044,-0.25887,48.627,-0.518,-1,375.000,-1,400.000,-1,325.000,325.000,300.000,300.000,-1,625.000,700.000,-1,725.000,750.000,-1,-1,2,0,2,0,2,0,0,0,0,2,0,0,2,0,0,2,2
108,-1285.862,2727.646,405.302,80.128,0.169728,-0.983209,-0.067029,0.985136,0.171099,-0.015233,0.026445,-0.063447,0.997635,0,0.82980,-0.27604,49.788,-0.552,-1,375.000,-1,400.000,-1,325.000,325.000,300.000,300.000,-1,650.000,725.000,-1,725.000,750.000,-1,-1,2,0,2,0,2,0,0,0,0,2,0,0,2,0,0,2,2
109,-1276.718,2777.173,406.754,79.541,0.179759,-0.981438,-0.066834,0.983325,0.181177,-0.015743,0.027559,-0.062890,0.997640,0,0.83940,-0.29373,50.364,-0.587,-1,375.000,-1,400.000,-1,325.000,325.000,300.000,300.000,-1,675.000,750.000,-1,725.000,775.000,-1,-1,2,0,2,0,2,0,0,0,0,2,0,0,2,0,0,2,2
110,-1266.919,2827.198,408.252,78.917,0.190393,-0.979443,-0.066653,0.981289,0.191857,-0.016239,0.028693,-0.062314,0.997644,0,0.84958,-0.31187,50.975,-0.624,-1,400.000,-1,400.000,-1,325.000,325.000,300.000,300.000,-1,700.000,775.000,-1,725.000,775.000,-1,-1,2,0,2,0,2,0,0,0,0,2,0,0,2,0,0,2,2
111,-1256.411,2877.738,409.799,78.256,0.201640,-0.977200,-0.066486,0.979005,0.203150,-0.016719,0.029845,-0.061718,0.997647,0,0.86035,-0.33048,51.621,-0.661,-1,400.000,-1,400.000,-1,325.000,325.000,300.000,300.000,-1,725.000,800.000,-1,750.000,775.000,-1,-1,2,0,2,0,2,0,0,0,0,2,0,0,2,0,0,2,2
112,-1245.141,2928.812,411.399,77.557,0.213512,-0.974686,-0.066334,0.976448,0.215067,-0.017181,0.031012,-0.061103,0.997650,0,0.87171,-0.34957,52.302,-0.699,-1,400.000,-1,400.000,-1,325.000,325.000,300.000,300.000,-1,775.000,825.000,-1,750.000,775.000,-1,-1,2,0,2,0,2,0,0,0,0,2,0,0,2,0,0,2,2
113,-1233.079,2980.335,413.051,76.824,0.225924,-0.971893,-0.066198,0.973613,0.227524,-0.017620,0.032186,-0.060471,0.997651,0,0.88192,-0.36638,52.915,-0.733,-1,400.000,-1,400.000,-1,325.000,325.000,300.000,300.000,-1,800.000,825.000,-1,750.000,775.000,-1,-1,2,0,2,0,2,0,0,0,0,2,0,0,2,0,0,2,2
114,-1219.925,3034.421,414.811,76.331,0.234245,-0.969931,-0.066058,0.971614,0.235881,-0.018047,0.033087,-0.059956,0.997653,0,0.92771,-0.24638,55.663,-0.493,-1,400.000,-1,400.000,-1,325.000,325.000,300.000,300.000,-1,825.000,875.000,-1,750.000,775.000,-1,-1,2,0,2,0,2,0,0,0,0,2,0,0,2,0,0,2,2
115,-1206.462,3088.734,416.591,76.079,0.238501,-0.968903,-0.065914,0.970557,0.240163,-0.018446,0.033703,-0.059574,0.997655,0,0.93262,-0.12638,55.957,-0.253,-1,400.000,-1,400.000,-1,325.000,325.000,300.000,300.000,-1,875.000,900.000,-1,750.000,775.000,-1,-1,2,0,2,0,2,0,0,0,0,2,0,0,2,0,0,2,2
116,-1192.858,3143.241,418.377,75.986,0.240044,-0.968532,-0.065764,0.970162,0.241726,-0.018819,0.034123,-0.059284,0.997658,0,0.93630,-0.04609,56.178,-0.092,-1,400.000,-1,400.000,-1,325.000,325.000,300.000,300.000,-1,900.000,925.000,-1,750.000,775.000,-1,-1,2,0,2,0,2,0,0,0,0,2,0,0,2,0,0,2,2
117,-1179.124,3197.930,420.172,75.903,0.241442,-0.968196,-0.065597,0.969802,0.243140,-0.019158,0.034498,-0.058990,0.997662,0,0.93978,-0.04172,56.387,-0.083,-1,400.000,-1,400.000,-1,325.000,325.000,300.000,300.000,-1,950.000,950.000,-1,750.000,800.000,-1,-1,2,0,2,0,2,0,0,0,0,2,0,0,2,0,0,2,2
118,-1165.270,3252.790,422.101,75.829,0.242729,-0.967925,-0.064829,0.969481,0.244409,-0.019248,0.034475,-0.058178,0.997711,0,0.94304,-0.03719,56.582,-0.074,-1,400.000,-1,400.000,-1,325.000,325.000,300.000,300.000,-1,1000.000,-1,-1,750.000,800.000,-1,-1,2,0,2,0,2,0,0,0,0,2,0,2,2,0,0,2,2
119,-1151.311,3307.809,424.042,75.764,0.243858,-0.967694,-0.064041,0.969198,0.245519,-0.019376,0.034474,-0.057343,0.997759,0,0.94604,-0.03252,56.763,-0.065,-1,400.000,-1,400.000,-1,325.000,325.000,300.000,300.000,-1,-1,-1,-1,750.000,800.000,-1,-1,2,0,2,0,2,0,0,0,0,2,2,2,2,0,0,2,2
120,-1137.257,3362.975,426.021,75.708,0.244822,-0.967494,-0.063377,0.968958,0.246464,-0.019413,0.034402,-0.056657,0.997801,0,0.94880,-0.02769,56.928,-0.055,-1,400.000,-1,400.000,-1,325.000,325.000,300.000,300.000,-1,-1,-1,-1,775.000,800.000,-1,-1,2,0,2,0,2,0,0,0,0,2,2,2,2,0,0,2,2
121,-1123.123,3418.274,428.039,75.663,0.245609,-0.967327,-0.062882,0.968759,0.247239,-0.019488,0.034399,-0.056131,0.997831,0,0.95128,-0.02273,57.077,-0.045,-1,400.000,-1,400.000,-1,325.000,325.000,300.000,300.000,-1,-1,-1,-1,775.000,800.000,-1,-1,2,0,2,0,2,0,0,0,0,2,2,2,2,0,0,2,2
122,-1110.349,3468.966,429.864,75.857,0.242345,-0.968181,-0.062410,0.969589,0.243958,-0.019560,0.034163,-0.055772,0.997859,0,0.87128,0.09727,52.277,0.195,-1,400.000,-1,400.000,-1,325.000,325.000,300.000,300.000,-1,-1,-1,-1,775.000,825.000,-1,-1,2,0,2,0,2,0,0,0,0,2,2,2,2,0,0,2,2
123,-1098.297,3517.636,431.590,76.091,0.238411,-0.969187,-0.061938,0.970573,0.240006,-0.019630,0.033891,-0.055435,0.997887,0,0.83568,0.11699,50.141,0.234,-1,400.000,-1,400.000,-1,325.000,325.000,300.000,300.000,-1,-1,-1,-1,775.000,825.000,-1,-1,2,0,2,0,2,0,0,0,0,2,2,2,2,0,0,2,2
124,-1086.427,3566.453,433.294,76.334,0.234322,-0.970215,-0.061447,0.971578,0.235899,-0.019703,0.033611,-0.055083,0.997916,0,0.83733,0.12148,50.240,0.243,-1,400.000,-1,400.000,-1,325.000,325.000,300.000,300.000,-1,-1,-1,-1,800.000,850.000,-1,-1,2,0,2,0,2,0,0,0,0,2,2,2,2,0,0,2,2
125,-1074.752,3615.407,434.977,76.586,0.230075,-0.971263,-0.060936,0.972602,0.231633,-0.019777,0.033324,-0.054716,0.997946,0,0.83878,0.12604,50.327,0.252,-1,400.000,-1,400.000,-1,325.000,325.000,300.000,300.000,-1,-1,-1,-1,800.000,850.000,-1,-1,2,0,2,0,2,0,0,0,0,2,2,2,2,0,0,2,2
126,-1063.283,3664.488,436.636,76.848,0.225666,-0.972330,-0.060407,0.973645,0.227205,-0.019854,0.033029,-0.054335,0.997976,0,0.84004,0.13068,50.403,0.261,-1,400.000,-1,400.000,-1,325.000,325.000,300.000,300.000,-1,-1,-1,-1,800.000,875.000,-1,-1,2,0,2,0,2,0,0,0,0,2,2,2,2,0,0,2,2
127,-1052.032,3713.684,438.273,77.118,0.221093,-0.973414,-0.059861,0.974703,0.222612,-0.019931,0.032727,-0.053940,0.998008,0,0.84110,0.13540,50.466,0.271,-1,400.000,-1,400.000,-1,325.000,325.000,300.000,300.000,-1,-1,-1,-1,825.000,875.000,-1,-1,2,0,2,0,2,0,0,0,0,2,2,2,2,0,0,2,2
128,-1041.011,3762.983,439.885,77.399,0.216353,-0.974513,-0.059298,0.975777,0.217851,-0.020010,0.032418,-0.053532,0.998040,0,0.84194,0.14017,50.516,0.280,-1,400.000,-1,400.000,-1,325.000,325.000,300.000,300.000,-1,-1,-1,-1,825.000,900.000,-1,-1,2,0,2,0,2,0,0,0,0,2,2,2,2,0,0,2,2
129,-1030.232,3812.374,441.473,77.689,0.211443,-0.975625,-0.058719,0.976863,0.212920,-0.020089,0.032102,-0.053112,0.998072,0,0.84257,0.14501,50.554,0.290,-1,400.000,-1,400.000,-1,325.000,325.000,300.000,300.000,-1,-1,-1,-1,825.000,900.000,-1,-1,2,0,2,0,2,0,0,0,0,2,2,2,2,0,0,2,2
130,-1019.706,3861.845,443.035,77.989,0.206361,-0.976748,-0.058124,0.977960,0.207817,-0.020169,0.031779,-0.052681,0.998106,0,0.84297,0.14990,50.578,0.300,-1,400.000,-1,425.000,-1,325.000,325.000,300.000,300.000,-1,-1,-1,-1,850.000,925.000,-1,-1,2,0,2,0,2,0,0,0,0,2,2,2,2,0,0,2,2
131,-1009.446,3911.383,444.489,78.298,0.201116,-0.977862,-0.057775,0.979075,0.202536,-0.019806,0.031069,-0.052583,0.998133,0,0.84315,0.15483,50.589,0.310,-1,400.000,-1,425.000,-1,325.000,325.000,300.000,300.000,-1,-1,-1,-1,875.000,950.000,-1,-1,2,0,2,0,2,0,0,0,0,2,2,2,2,0,0,2,2
132,-999.463,3960.974,445.787,78.618,0.195707,-0.978955,-0.057852,0.980207,0.197074,-0.018897,0.029901,-0.053008,0.998146,0,0.84311,0.15980,50.587,0.320,-1,400.000,-1,425.000,-1,325.000,325.000,300.000,300.000,-1,-1,-1,-1,900.000,1000.000,-1,-1,2,0,2,0,2,0,0,0,0,2,2,2,2,0,0,2,2
133,-989.769,4010.606,446.977,78.947,0.190156,-0.980067,-0.057535,0.981347,0.191438,-0.017616,0.028279,-0.053112,0.998188,0,0.84284,0.16479,50.570,0.330,-1,400.000,-1,425.000,-1,325.000,325.000,300.000,300.000,-1,-1,-1,-1,900.000,-1,-1,-1,2,0,2,0,2,0,0,0,0,2,2,2,2,0,2,2,2
134,-981.064,4055.541,447.870,79.037,0.188742,-0.980399,-0.056521,0.981670,0.189912,-0.016051,0.026471,-0.052455,0.998272,0,0.76284,0.04479,45.770,0.090,-1,400.000,-1,425.000,-1,325.000,325.000,300.000,300.000,-1,-1,-1,-1,925.000,-1,-1,-1,2,0,2,0,2,0,0,0,0,2,2,2,2,0,2,2,2
135,-972.506,4099.110,448.733,78.887,0.191424,-0.979936,-0.055519,0.981191,0.192493,-0.014539,0.024934,-0.051691,0.998352,0,0.74002,-0.07521,44.401,-0.150,-1,400.000,-1,425.000,-1,325.000,325.000,300.000,300.000,-1,-1,-1,-1,925.000,-1,-1,-1,2,0,2,0,2,0,0,0,0,2,2,2,2,0,2,2,2
136,-963.668,4142.533,449.601,78.496,0.198200,-0.978646,-0.054482,0.979877,0.199175,-0.013039,0.023612,-0.050801,0.998430,0,0.73855,-0.19521,44.313,-0.390,-1,400.000,-1,425.000,-1,325.000,325.000,300.000,300.000,-1,-1,-1,-1,925.000,-1,-1,-1,2,0,2,0,2,0,0,0,0,2,2,2,2,0,2,2,2
