timestep,x_cm,y_cm,z_cm,yaw_deg,basis_xx,basis_xy,basis_xz,basis_yx,basis_yy,basis_yz,basis_zx,basis_zy,basis_zz,teleport_flag,throttle_cmd,steering_cmd,cmd_move_cm,cmd_turn_deg,lidar_cm_0,lidar_cm_1,lidar_cm_2,lidar_cm_3,lidar_cm_4,lidar_cm_5,lidar_cm_6,lidar_cm_7,lidar_cm_8,lidar_cm_9,lidar_cm_10,lidar_cm_11,lidar_cm_12,lidar_cm_13,lidar_cm_14,lidar_cm_15,lidar_cm_16,lidar_class_0,lidar_class_1,lidar_class_2,lidar_class_3,lidar_class_4,lidar_class_5,lidar_class_6,lidar_class_7,lidar_class_8,lidar_class_9,lidar_class_10,lidar_class_11,lidar_class_12,lidar_class_13,lidar_class_14,lidar_class_15,lidar_class_16
0,3610.432,-8858.983,-23.552,-54.275,0.583190,0.811824,0.028826,-0.811168,0.583887,-0.032904,-0.043543,-0.004194,0.999043,1,0.08000,-0.10497,4.800,-0.210,-1,425.000,-1,425.000,-1,325.000,350.000,300.000,300.000,-1,-1,-1,450.000,900.000,-1,-1,-1,2,0,2,0,2,0,0,0,0,2,2,2,1,0,2,2,2
1,3616.009,-8866.797,-23.987,-54.484,0.580206,0.813949,0.029129,-0.813275,0.580921,-0.033383,-0.044094,-0.004320,0.999018,0,0.16000,-0.10451,9.600,-0.209,-1,425.000,-1,425.000,-1,325.000,350.000,300.000,300.000,-1,-1,-1,475.000,900.000,-1,-1,-1,2,0,2,0,2,0,0,0,0,2,2,2,1,0,2,2,2
2,3624.332,-8878.548,-24.627,-54.692,0.577232,0.816044,0.029597,-0.815346,0.577973,-0.034041,-0.044885,-0.004482,0.998982,0,0.24000,-0.10360,14.400,-0.207,-1,425.000,-1,425.000,-1,325.000,350.000,300.000,300.000,-1,-1,-1,475.000,900.000,-1,-1,-1,2,0,2,0,2,0,0,0,0,2,2,2,1,0,2,2,2
3,3635.373,-8894.256,-25.477,-54.896,0.574280,0.818100,0.030234,-0.817370,0.575056,-0.034877,-0.045919,-0.004683,0.998934,0,0.32000,-0.10223,19.200,-0.204,-1,425.000,-1,425.000,-1,325.000,350.000,300.000,300.000,-1,-1,-1,475.000,900.000,-1,-1,-1,2,0,2,0,2,0,0,0,0,2,2,2,1,0,2,2,2
4,3649.106,-8913.939,-26.550,-55.097,0.571364,0.820110,0.031034,-0.819337,0.572185,-0.035925,-0.047219,-0.004901,0.998873,0,0.40000,-0.10039,24.000,-0.201,-1,425.000,-1,425.000,-1,325.000,325.000,300.000,300.000,-1,-1,-1,500.000,925.000,-1,-1,-1,2,0,2,0,2,0,0,0,0,2,2,2,1,0,2,2,2
5,3665.504,-8937.615,-27.856,-55.293,0.568498,0.822062,0.031999,-0.821237,0.569374,-0.037191,-0.048793,-0.005136,0.998796,0,0.48000,-0.09806,28.800,-0.196,-1,425.000,-1,425.000,-1,325.000,325.000,275.000,300.000,-1,-1,-1,500.000,925.000,-1,-1,-1,2,0,2,0,2,0,0,0,0,2,2,2,1,0,2,2,2
6,3684.543,-8965.300,-29.407,-55.483,0.565694,0.823949,0.033133,-0.823058,0.566638,-0.038683,-0.050647,-0.005387,0.998702,0,0.56000,-0.09521,33.600,-0.190,-1,400.000,-1,450.000,-1,325.000,325.000,275.000,300.000,-1,-1,-1,525.000,925.000,-1,-1,-1,2,0,2,0,2,0,0,0,0,2,2,2,1,0,2,2,2
7,3706.201,-8997.010,-31.314,-55.667,0.562995,0.825762,0.033971,-0.824791,0.563994,-0.040373,-0.052498,-0.005289,0.998607,0,0.64000,-0.09183,38.400,-0.184,-1,400.000,-1,450.000,-1,325.000,350.000,275.000,300.000,-1,-1,-1,550.000,925.000,-1,-1,-1,2,0,2,0,2,0,0,0,0,2,2,2,1,0,2,2,2
8,3730.457,-9032.758,-33.611,-55.843,0.560424,0.827490,0.034427,-0.826424,0.561460,-0.042258,-0.054298,-0.004769,0.998513,0,0.72000,-0.08789,43.200,-0.176,-1,400.000,-1,450.000,-1,325.000,350.000,275.000,300.000,-1,-1,-1,575.000,925.000,-1,-1,-1,2,0,2,0,2,0,0,0,0,2,2,2,1,0,2,2,2
9,3757.291,-9072.557,-36.225,-56.009,0.557975,0.829122,0.034932,-0.827944,0.559052,-0.044379,-0.056324,-0.004159,0.998404,0,0.80000,-0.08335,48.000,-0.167,-1,425.000,-1,450.000,-1,350.000,350.000,275.000,300.000,-1,-1,-1,600.000,950.000,-1,-1,-1,2,0,2,0,2,0,0,0,0,2,2,2,1,0,2,2,2
10,3786.866,-9116.298,-39.331,-55.936,0.559011,0.828411,0.035246,-0.827056,0.560115,-0.047422,-0.059027,-0.002640,0.998253,0,0.88000,0.03665,52.800,0.073,-1,425.000,-1,450.000,-1,350.000,350.000,275.000,300.000,-1,-1,-1,625.000,950.000,-1,-1,-1,2,0,2,0,2,0,0,0,0,2,2,2,1,0,2,2,2
11,3817.416,-9160.955,-43.018,-55.623,0.563554,0.825338,0.034979,-0.823668,0.564638,-0.052486,-0.063069,0.000768,0.998009,0,0.90178,0.15665,54.107,0.313,-1,425.000,-1,450.000,-1,350.000,350.000,275.000,275.000,-1,-1,-1,650.000,950.000,-1,-1,-1,2,0,2,0,2,0,0,0,0,2,2,2,1,0,2,2,2
12,3848.112,-9205.297,-46.762,-55.307,0.568121,0.822210,0.034778,-0.820206,0.569169,-0.057520,-0.067088,0.004154,0.997738,0,0.89882,0.15772,53.929,0.315,-1,425.000,-1,450.000,-1,350.000,350.000,300.000,275.000,-1,-1,-1,700.000,925.000,-1,-1,-1,2,0,2,0,2,0,0,0,0,2,2,2,1,0,2,2,2
13,3878.951,-9249.332,-50.558,-54.994,0.572647,0.819071,0.034623,-0.816715,0.573643,-0.062524,-0.071073,0.007527,0.997443,0,0.89598,0.15659,53.759,0.313,-1,425.000,-1,450.000,-1,350.000,350.000,300.000,275.000,-1,-1,-1,725.000,925.000,-1,-1,-1,2,0,2,0,2,0,0,0,0,2,2,2,1,0,2,2,2
14,3911.701,-9295.711,-54.797,-54.772,0.575844,0.816824,0.034681,-0.814139,0.576795,-0.066966,-0.074704,0.010327,0.997152,0,0.94628,0.11089,56.777,0.222,-1,425.000,-1,450.000,-1,350.000,350.000,300.000,275.000,-1,-1,-1,750.000,925.000,-1,-1,-1,2,0,2,0,2,0,0,0,0,2,2,2,1,0,2,2,2
15,3944.530,-9341.828,-59.256,-54.554,0.578968,0.814601,0.034960,-0.811636,0.579888,-0.070545,-0.077739,0.012469,0.996896,0,0.94345,0.10912,56.607,0.218,-1,425.000,-1,450.000,-1,350.000,350.000,300.000,300.000,-1,-1,-1,800.000,925.000,-1,-1,-1,2,0,2,0,2,0,0,0,0,2,2,2,1,0,2,2,2
16,3977.440,-9387.694,-63.774,-54.340,0.582030,0.812404,0.035222,-0.809154,0.582912,-0.074051,-0.080691,0.014599,0.996632,0,0.94085,0.10706,56.451,0.214,-1,425.000,-1,450.000,-1,350.000,350.000,300.000,300.000,-1,-1,-1,825.000,925.000,1000.000,-1,-1,2,0,2,0,2,0,0,0,0,2,2,2,1,0,0,2,2
17,4010.435,-9433.326,-68.566,-54.131,0.584899,0.810258,0.037084,-0.806686,0.585870,-0.077557,-0.084567,0.015448,0.996298,0,0.93851,0.10471,56.311,0.209,-1,425.000,-1,425.000,-1,350.000,350.000,300.000,300.000,-1,-1,-1,850.000,900.000,975.000,-1,-1,2,0,2,0,2,0,0,0,0,2,2,2,1,0,0,2,2
18,4043.519,-9478.740,-73.530,-53.926,0.587601,0.808165,0.039942,-0.804242,0.588753,-0.081021,-0.088994,0.015485,0.995912,0,0.93643,0.10209,56.186,0.204,-1,425.000,-1,425.000,-1,350.000,350.000,300.000,300.000,-1,-1,-1,900.000,900.000,950.000,-1,-1,2,0,2,0,2,0,0,0,0,2,2,2,1,0,0,2,2
19,4076.697,-9523.953,-78.556,-53.728,0.590208,0.806120,0.042726,-0.801841,0.591548,-0.084395,-0.093307,0.015552,0.995516,0,0.93465,0.09920,56.079,0.198,-1,400.000,-1,425.000,-1,325.000,350.000,300.000,300.000,-1,-1,-1,925.000,875.000,925.000,-1,-1,2,0,2,0,2,0,0,0,0,2,2,2,1,0,0,2,2
20,4109.973,-9568.982,-83.644,-53.536,0.592713,0.804131,0.045435,-0.799489,0.594246,-0.087681,-0.097507,0.015645,0.995112,0,0.93316,0.09606,55.989,0.192,-1,400.000,-1,425.000,-1,325.000,325.000,300.000,300.000,-1,-1,-1,975.000,875.000,900.000,-1,-1,2,0,2,0,2,0,0,0,0,2,2,2,1,0,0,2,2
21,4143.352,-9613.846,-88.798,-53.351,0.595113,0.802203,0.048069,-0.797194,0.596843,-0.090883,-0.101596,0.015765,0.994701,0,0.93197,0.09267,55.918,0.185,-1,400.000,-1,425.000,-1,325.000,325.000,300.000,300.000,-1,-1,-1,1000.000,850.000,900.000,-1,-1,2,0,2,0,2,0,0,0,0,2,2,2,1,0,0,2,2
22,4176.839,-9658.565,-94.523,-53.172,0.597631,0.800317,0.048270,-0.794984,0.599314,-0.093937,-0.104108,0.017766,0.994407,0,0.93110,0.08904,55.866,0.178,-1,400.000,-1,425.000,-1,325.000,325.000,300.000,300.000,-1,-1,-1,-1,850.000,875.000,-1,-1,2,0,2,0,2,0,0,0,0,2,2,2,2,0,0,2,2
23,4210.438,-9703.156,-100.403,-53.002,0.600083,0.798496,0.047995,-0.792848,0.601664,-0.096917,-0.106264,0.020105,0.994135,0,0.93054,0.08518,55.832,0.170,-1,400.000,-1,425.000,-1,325.000,325.000,300.000,300.000,-1,-1,-1,-1,850.000,875.000,-1,-1,2,0,2,0,2,0,0,0,0,2,2,2,2,0,0,2,2
24,4244.154,-9747.640,-106.337,-52.840,0.602420,0.796751,0.047721,-0.790789,0.603892,-0.099838,-0.108364,0.022407,0.993859,0,0.93029,0.08109,55.818,0.162,-1,400.000,-1,425.000,-1,325.000,325.000,300.000,300.000,-1,-1,-1,-1,875.000,850.000,-1,-1,2,0,2,0,2,0,0,0,0,2,2,2,2,0,0,2,2
25,4277.993,-9792.037,-112.348,-52.686,0.604643,0.795084,0.047404,-0.788792,0.605991,-0.102868,-0.110515,0.024806,0.993565,0,0.93036,0.07680,55.822,0.154,-1,400.000,-1,400.000,-1,325.000,325.000,300.000,300.000,-1,-1,-1,-1,875.000,850.000,-1,-1,2,0,2,0,2,0,0,0,0,2,2,2,2,0,0,2,2
26,4309.199,-9832.403,-117.855,-52.293,0.610196,0.790848,0.047113,-0.784257,0.611397,-0.105525,-0.112260,0.027442,0.993300,0,0.85036,0.19680,51.022,0.394,-1,400.000,-1,400.000,-1,325.000,325.000,300.000,300.000,-1,-1,-1,-1,875.000,825.000,-1,-1,2,0,2,0,2,0,0,0,0,2,2,2,2,0,0,2,2
27,4337.873,-9868.657,-122.858,-51.659,0.619025,0.783973,0.046858,-0.777107,0.620052,-0.107892,-0.113638,0.030374,0.993058,0,0.77036,0.31680,46.222,0.634,-1,400.000,-1,400.000,-1,325.000,325.000,300.000,300.000,-1,-1,-1,-1,875.000,825.000,-1,-1,2,0,2,0,2,0,0,0,0,2,2,2,2,0,0,2,2
28,4365.955,-9903.070,-127.671,-50.786,0.631042,0.774345,0.046643,-0.767214,0.631865,-0.110132,-0.114752,0.033713,0.992822,0,0.74028,0.43680,44.417,0.874,-1,400.000,-1,400.000,-1,325.000,325.000,300.000,300.000,-1,-1,-1,-1,900.000,800.000,-1,-1,2,0,2,0,2,0,0,0,0,2,2,2,2,0,0,2,2
29,4394.755,-9936.995,-132.562,-49.672,0.646110,0.761823,0.046552,-0.754466,0.646714,-0.111993,-0.115425,0.037238,0.992618,0,0.74169,0.55680,44.501,1.114,-1,400.000,-1,400.000,-1,325.000,325.000,300.000,300.000,-1,-1,-1,-1,900.000,800.000,-1,-1,2,0,2,0,2,0,0,0,0,2,2,2,2,0,0,2,2
30,4424.414,-9970.303,-137.706,-48.318,0.664025,0.746248,0.046741,-0.738806,0.664453,-0.112554,-0.115050,0.040206,0.992546,0,0.74331,0.67680,44.599,1.354,-1,400.000,-1,400.000,-1,325.000,325.000,300.000,300.000,-1,-1,-1,-1,900.000,800.000,-1,-1,2,0,2,0,2,0,0,0,0,2,2,2,2,0,0,2,2
31,4455.062,-10002.852,-142.835,-46.725,0.684634,0.727375,0.046919,-0.719851,0.684850,-0.113114,-0.114409,0.043667,0.992474,0,0.74512,0.79680,44.707,1.594,-1,425.000,-1,400.000,-1,325.000,325.000,300.000,300.000,-1,-1,-1,-1,925.000,800.000,-1,-1,2,0,2,0,2,0,0,0,0,2,2,2,2,0,0,2,2
32,4486.818,-10034.486,-147.935,-44.891,0.707680,0.704962,0.047083,-0.697364,0.707645,-0.113677,-0.113457,0.047613,0.992401,0,0.74706,0.91680,44.824,1.834,-1,425.000,-1,400.000,-1,325.000,325.000,300.000,300.000,-1,-1,-1,-1,925.000,825.000,-1,-1,2,0,2,0,2,0,0,0,0,2,2,2,2,0,0,2,2
33,4519.748,-10065.074,-153.198,-42.891,0.731881,0.679720,0.048271,-0.672020,0.731692,-0.114087,-0.112867,0.051059,0.992297,0,0.74908,1.00000,44.945,2.000,-1,425.000,-1,400.000,-1,325.000,325.000,300.000,300.000,-1,-1,-1,-1,950.000,825.000,-1,-1,2,0,2,0,2,0,0,0,0,2,2,2,2,0,0,2,2
34,4553.817,-10094.575,-158.528,-40.891,0.755130,0.653667,0.049980,-0.645857,0.754849,-0.114333,-0.112463,0.054057,0.992184,0,0.75111,1.00000,45.067,2.000,-1,425.000,-1,400.000,-1,325.000,325.000,300.000,300.000,-1,-1,-1,-1,950.000,825.000,-1,-1,2,0,2,0,2,0,0,0,0,2,2,2,2,0,0,2,2
35,4588.986,-10122.941,-163.807,-38.891,0.777451,0.626821,0.051634,-0.618912,0.777072,-0.114487,-0.111886,0.057051,0.992082,0,0.75304,1.00000,45.183,2.000,-1,425.000,-1,400.000,-1,325.000,325.000,300.000,300.000,-1,-1,-1,-1,950.000,850.000,-1,-1,2,0,2,0,2,0,0,0,0,2,2,2,2,0,0,2,2
36,4625.210,-10150.128,-169.028,-36.891,0.798817,0.599214,0.053228,-0.591219,0.798334,-0.114551,-0.111135,0.060036,0.991990,0,0.75487,1.00000,45.292,2.000,-1,425.000,-1,400.000,-1,325.000,325.000,300.000,300.000,-1,-1,-1,-1,950.000,850.000,-1,-1,2,0,2,0,2,0,0,0,0,2,2,2,2,0,0,2,2
37,4662.446,-10176.093,-174.241,-34.891,0.819226,0.570876,0.054502,-0.562815,0.818599,-0.114607,-0.110042,0.063215,0.991915,0,0.75659,1.00000,45.396,2.000,-1,425.000,-1,400.000,-1,325.000,325.000,300.000,300.000,-1,-1,-1,-1,950.000,850.000,-1,-1,2,0,2,0,2,0,0,0,0,2,2,2,2,0,0,2,2
38,4700.648,-10200.795,-179.321,-32.891,0.838605,0.541856,0.055978,-0.533733,0.837864,-0.114510,-0.108950,0.066151,0.991844,0,0.75822,1.00000,45.493,2.000,-1,425.000,-1,425.000,-1,350.000,325.000,300.000,300.000,-1,-1,-1,-1,950.000,875.000,-1,-1,2,0,2,0,2,0,0,0,0,2,2,2,2,0,0,2,2
39,4739.767,-10224.197,-184.299,-30.891,0.856949,0.512186,0.057474,-0.504013,0.856100,-0.114299,-0.107745,0.068981,0.991783,0,0.75975,1.00000,45.585,2.000,-1,425.000,-1,425.000,-1,350.000,350.000,300.000,300.000,-1,-1,-1,-1,975.000,875.000,-1,-1,2,0,2,0,2,0,0,0,0,2,2,2,2,0,0,2,2
40,4779.754,-10246.260,-189.419,-28.891,0.874244,0.481872,0.059128,-0.473527,0.873227,-0.115093,-0.107092,0.072620,0.991593,0,0.76118,1.00000,45.671,2.000,-1,425.000,-1,425.000,-1,350.000,350.000,300.000,300.000,-1,-1,-1,-1,975.000,875.000,-1,-1,2,0,2,0,2,0,0,0,0,2,2,2,2,0,0,2,2
41,4820.559,-10266.949,-194.698,-26.891,0.890450,0.450955,0.061147,-0.442307,0.889219,-0.116853,-0.107068,0.077006,0.991265,0,0.76251,1.00000,45.751,2.000,-1,425.000,-1,425.000,-1,350.000,325.000,300.000,300.000,-1,-1,-1,-1,950.000,875.000,-1,-1,2,0,2,0,2,0,0,0,0,2,2,2,2,0,0,2,2
42,4862.129,-10286.233,-199.864,-24.891,0.905546,0.419503,0.063274,-0.410556,0.904105,-0.118481,-0.106909,0.081313,0.990938,0,0.76375,1.00000,45.825,2.000,-1,425.000,-1,425.000,-1,325.000,325.000,300.000,300.000,-1,-1,-1,-1,950.000,850.000,-1,-1,2,0,2,0,2,0,0,0,0,2,2,2,2,0,0,2,2
43,4904.409,-10304.082,-204.909,-22.891,0.919516,0.387557,0.065498,-0.378317,0.917869,-0.119969,-0.106614,0.085534,0.990615,0,0.76490,1.00000,45.894,2.000,-1,425.000,-1,400.000,-1,325.000,325.000,300.000,300.000,-1,-1,-1,-1,925.000,850.000,-1,-1,2,0,2,0,2,0,0,0,0,2,2,2,2,0,0,2,2
44,4948.709,-10320.986,-209.978,-20.891,0.932338,0.355158,0.067887,-0.345620,0.930495,-0.121350,-0.106267,0.089676,0.990286,0,0.79027,1.00000,47.416,2.000,-1,425.000,-1,400.000,-1,325.000,325.000,300.000,300.000,-1,-1,-1,-1,925.000,850.000,-1,-1,2,0,2,0,2,0,0,0,0,2,2,2,2,0,0,2,2
45,4993.925,-10336.455,-214.938,-18.891,0.944002,0.322347,0.070373,-0.312515,0.941971,-0.122579,-0.105802,0.093723,0.989961,0,0.79650,1.00000,47.790,2.000,-1,425.000,-1,400.000,-1,325.000,325.000,300.000,300.000,-1,-1,-1,-1,925.000,850.000,-1,-1,2,0,2,0,2,0,0,0,0,2,2,2,2,0,0,2,2
46,5040.016,-10350.446,-219.781,-16.891,0.954496,0.289166,0.072945,-0.279046,0.952284,-0.123649,-0.105220,0.097667,0.989641,0,0.80282,1.00000,48.169,2.000,-1,425.000,-1,400.000,-1,325.000,325.000,300.000,300.000,-1,-1,-1,-1,900.000,850.000,-1,-1,2,0,2,0,2,0,0,0,0,2,2,2,2,1,0,2,2
47,5086.938,-10362.918,-224.496,-14.891,0.963808,0.255657,0.075594,-0.245256,0.961424,-0.124551,-0.104521,0.101503,0.989329,0,0.80920,1.00000,48.552,2.000,-1,425.000,-1,400.000,-1,325.000,325.000,325.000,300.000,-1,-1,-1,-1,875.000,825.000,-1,-1,2,0,2,0,2,0,0,0,0,2,2,2,2,1,0,2,2
48,5134.641,-10373.831,-229.075,-12.891,0.971929,0.221862,0.078309,-0.211187,0.969384,-0.125280,-0.103706,0.105225,0.989026,0,0.81561,1.00000,48.937,2.000,-1,425.000,-1,400.000,-1,325.000,325.000,325.000,300.000,-1,-1,-1,-1,850.000,825.000,-1,-1,2,0,2,0,2,0,0,0,0,2,2,2,2,1,0,2,2
49,5183.072,-10383.148,-233.512,-10.894,0.978843,0.187868,0.081070,-0.176931,0.976149,-0.125813,-0.102773,0.108808,0.988736,0,0.82202,0.99867,49.321,1.997,-1,425.000,-1,400.000,-1,325.000,325.000,325.000,300.000,-1,-1,-1,-1,825.000,825.000,-1,-1,2,0,2,0,2,0,0,0,0,2,2,2,2,1,0,2,2
50,5232.175,-10390.835,-238.258,-8.901,0.984576,0.153784,0.083434,-0.142841,0.981917,-0.124237,-0.101031,0.110403,0.988739,0,0.82839,0.99637,49.703,1.993,-1,425.000,-1,400.000,-1,325.000,325.000,325.000,300.000,-1,-1,-1,-1,800.000,825.000,-1,975.000,2,0,2,0,2,0,0,0,0,2,2,2,2,1,1,2,1
51,5281.890,-10396.861,-243.114,-6.914,0.989114,0.119625,0.085698,-0.108697,0.986500,-0.122483,-0.099193,0.111834,0.988764,0,0.83468,0.99353,50.081,1.987,-1,425.000,-1,400.000,-1,325.000,325.000,325.000,300.000,-1,-1,-1,-1,800.000,775.000,-1,900.000,2,0,2,0,2,0,0,0,0,2,2,2,2,1,1,2,1
52,5332.151,-10401.195,-248.503,-4.934,0.992502,0.085430,0.087413,-0.074365,0.989636,-0.122842,-0.097001,0.115420,0.988569,0,0.84083,0.99011,50.450,1.980,-1,400.000,-1,400.000,925.000,325.000,325.000,300.000,300.000,-1,-1,-1,-1,775.000,700.000,-1,825.000,2,0,2,0,1,0,0,0,0,2,2,2,2,0,1,2,1
53,5382.889,-10403.814,-253.736,-2.962,0.994692,0.051302,0.089191,-0.040108,0.991589,-0.123055,-0.094754,0.118825,0.988384,0,0.84680,0.98609,50.808,1.972,-1,400.000,-1,400.000,850.000,325.000,325.000,300.000,300.000,-1,-1,-1,-1,775.000,650.000,-1,775.000,2,0,2,0,1,0,0,0,0,2,2,2,2,0,1,2,1
54,5434.031,-10404.701,-258.799,-0.999,0.995700,0.017301,0.091003,-0.005990,0.992373,-0.123127,-0.092440,0.122053,0.988210,0,0.85253,0.98143,51.152,1.963,-1,400.000,-1,400.000,750.000,325.000,325.000,300.000,300.000,-1,-1,-1,-1,750.000,600.000,-1,700.000,2,0,2,0,1,0,0,0,0,2,2,2,2,0,1,2,1
55,5485.498,-10403.839,-263.683,0.953,0.995544,-0.016508,0.092842,0.027926,0.992007,-0.123054,-0.090069,0.125099,0.988048,0,0.85795,0.97610,51.477,1.952,-1,400.000,-1,400.000,675.000,325.000,325.000,300.000,300.000,-1,-1,-1,-1,750.000,575.000,-1,625.000,2,0,2,0,1,0,0,0,0,2,2,2,2,0,1,2,1
56,5537.207,-10401.220,-268.381,2.894,0.994246,-0.050065,0.094699,0.061577,0.990515,-0.122833,-0.087651,0.127957,0.987899,0,0.86297,0.97007,51.778,1.940,-1,400.000,-1,400.000,600.000,325.000,325.000,300.000,300.000,-1,-1,-1,-1,725.000,525.000,-1,575.000,2,0,2,0,1,0,0,0,0,2,2,2,2,0,1,2,1
57,5589.071,-10396.842,-272.883,4.820,0.991834,-0.083308,0.096565,0.094902,0.987926,-0.122459,-0.085197,0.130623,0.987765,0,0.86752,0.96330,52.051,1.927,-1,400.000,-1,375.000,525.000,325.000,325.000,300.000,300.000,-1,-1,-1,-1,725.000,500.000,-1,500.000,2,0,2,1,1,0,0,0,0,2,2,2,2,0,1,2,1
58,5642.410,-10390.541,-277.301,6.732,0.988335,-0.116176,0.098475,0.127846,0.984272,-0.121919,-0.082762,0.133086,0.987643,0,0.89522,0.95576,53.713,1.912,-1,400.000,-1,350.000,450.000,325.000,325.000,300.000,300.000,-1,-1,-1,-1,700.000,450.000,-1,450.000,2,0,2,1,1,1,1,0,0,2,2,2,2,0,1,2,1
59,5695.716,-10382.450,-281.504,8.626,0.983789,-0.148607,0.100374,0.160341,0.979590,-0.121218,-0.080311,0.135347,0.987538,0,0.89867,0.94729,53.920,1.895,-1,375.000,-1,325.000,400.000,325.000,300.000,300.000,300.000,-1,-1,-1,-1,700.000,425.000,-1,400.000,2,0,2,1,1,1,1,0,0,2,2,2,2,0,1,2,1
60,5748.884,-10372.590,-285.487,10.502,0.978238,-0.180543,0.102250,0.192327,0.973922,-0.120357,-0.077854,0.137403,0.987451,0,0.90131,0.93795,54.078,1.876,-1,375.000,-1,300.000,350.000,300.000,275.000,300.000,300.000,-1,-1,-1,-1,675.000,400.000,-1,350.000,2,0,2,1,1,1,1,0,0,2,2,2,2,0,1,2,1
61,5801.805,-10360.991,-289.242,12.358,0.971726,-0.211927,0.104091,0.223747,0.967314,-0.119335,-0.075398,0.139251,0.987383,0,0.90301,0.92773,54.181,1.855,-1,375.000,-1,275.000,275.000,300.000,275.000,300.000,300.000,-1,-1,-1,-1,675.000,375.000,-1,275.000,2,0,2,1,1,0,1,0,0,2,2,2,2,0,1,2,1
62,5854.365,-10347.696,-292.905,14.191,0.964338,-0.242688,0.105614,0.254537,0.959746,-0.118739,-0.072546,0.141387,0.987293,0,0.90365,0.91659,54.219,1.833,-1,375.000,-1,275.000,225.000,300.000,250.000,300.000,300.000,-1,-1,-1,-1,650.000,375.000,-1,225.000,2,0,2,1,1,0,1,0,0,2,2,2,2,0,1,2,1
63,5906.450,-10332.775,-292.276,16.000,0.957614,-0.273345,0.090877,0.282311,0.953278,-0.107520,-0.057241,0.128618,0.990041,0,0.90309,0.90454,54.185,1.809,-1,375.000,-1,275.000,225.000,300.000,275.000,300.000,350.000,-1,-1,-1,-1,700.000,400.000,-1,225.000,2,0,2,1,1,0,1,0,0,2,2,2,2,0,1,2,1
64,5957.938,-10316.273,-291.949,17.783,0.949744,-0.303294,0.077460,0.310011,0.945613,-0.098539,-0.043361,0.117600,0.992114,0,0.90120,0.89159,54.072,1.783,-1,400.000,-1,300.000,225.000,325.000,300.000,300.000,375.000,-1,-1,-1,-1,775.000,450.000,-1,250.000,2,0,2,1,1,0,1,0,0,2,2,2,2,0,1,2,1
65,6008.707,-10298.266,-292.351,19.539,0.940849,-0.332484,0.065258,0.337430,0.936901,-0.091425,-0.030743,0.108037,0.993671,0,0.89786,0.87777,53.872,1.756,-1,425.000,-1,325.000,200.000,350.000,325.000,275.000,400.000,-1,625.000,-1,-1,800.000,525.000,-1,250.000,2,0,2,1,1,0,0,0,1,2,0,2,2,0,1,2,1
66,6058.637,-10278.838,-292.861,21.265,0.931044,-0.360764,0.054828,0.364422,0.926993,-0.088775,-0.018798,0.102634,0.994542,0,0.89298,0.86313,53.579,1.726,-1,425.000,-1,375.000,225.000,350.000,350.000,275.000,325.000,-1,225.000,600.000,-1,850.000,675.000,-1,300.000,2,0,2,1,1,0,0,0,1,2,0,0,2,0,1,2,1
67,6107.611,-10258.090,-293.839,22.960,0.920387,-0.388134,0.047316,0.390906,0.916150,-0.088662,-0.008936,0.100100,0.994937,0,0.88650,0.84776,53.190,1.696,-1,450.000,-1,425.000,225.000,350.000,350.000,275.000,275.000,-1,175.000,400.000,-1,900.000,775.000,-1,375.000,2,0,2,1,1,0,0,0,1,2,0,0,2,0,0,2,1
68,6155.521,-10236.129,-295.385,24.624,0.908997,-0.414568,0.043096,0.416799,0.904495,-0.090370,-0.001516,0.100109,0.994975,0,0.87842,0.83180,52.705,1.664,-1,450.000,-1,450.000,225.000,375.000,375.000,300.000,250.000,-1,150.000,325.000,-1,950.000,775.000,-1,-1,2,0,2,0,1,0,0,0,1,2,0,0,2,0,0,2,2
69,6202.267,-10213.067,-297.500,26.255,0.896988,-0.440026,0.042306,0.442042,0.892098,-0.093597,0.003444,0.102656,0.994711,0,0.86879,0.81541,52.127,1.631,-1,450.000,-1,450.000,250.000,375.000,375.000,300.000,200.000,-1,150.000,325.000,-1,975.000,775.000,-1,-1,2,0,2,0,1,0,0,0,1,2,0,0,2,0,0,2,2
70,6247.764,-10189.017,-300.177,27.852,0.884440,-0.464477,0.045011,0.466615,0.879012,-0.098026,0.005966,0.107701,0.994165,0,0.85774,0.79879,51.464,1.598,-1,450.000,-1,425.000,300.000,350.000,350.000,300.000,175.000,-1,150.000,325.000,-1,975.000,775.000,-1,-1,2,0,2,0,1,0,0,0,1,2,0,0,2,0,0,2,2
71,6291.939,-10164.081,-303.412,29.432,0.871269,-0.488122,0.051250,0.490767,0.865138,-0.103366,0.006117,0.115211,0.993322,0,0.84548,0.78996,50.729,1.580,-1,450.000,-1,400.000,-1,350.000,350.000,300.000,150.000,-1,175.000,350.000,-1,950.000,725.000,-1,-1,2,0,2,0,2,0,0,0,1,2,0,0,2,0,0,2,2
72,6334.728,-10138.346,-307.196,31.008,0.857346,-0.511110,0.061030,0.514726,0.850357,-0.109321,0.003978,0.125139,0.992131,0,0.83224,0.78794,49.934,1.576,-1,425.000,-1,375.000,800.000,350.000,325.000,300.000,125.000,-1,225.000,375.000,-1,925.000,675.000,-1,-1,2,0,2,0,1,0,0,0,1,2,0,0,2,0,0,2,2
73,6376.094,-10111.906,-308.704,32.581,0.842935,-0.534119,0.064633,0.537996,0.835778,-0.109701,0.004574,0.127243,0.991861,0,0.81828,0.78661,49.097,1.573,-1,425.000,-1,375.000,800.000,325.000,325.000,300.000,125.000,-1,300.000,475.000,-1,900.000,650.000,-1,-1,2,0,2,0,0,0,0,0,1,2,0,0,2,0,0,2,2
74,6416.022,-10084.846,-305.659,34.153,0.827488,-0.557794,0.064256,0.561482,0.822211,-0.093310,-0.000784,0.113292,0.993561,0,0.80395,0.78595,48.237,1.572,-1,400.000,-1,375.000,875.000,325.000,325.000,300.000,150.000,-1,-1,-1,-1,825.000,675.000,-1,-1,2,0,2,0,0,0,0,0,1,2,2,2,2,0,0,2,2
75,6454.492,-10057.198,-303.072,35.725,0.811533,-0.580889,0.063111,0.584287,0.807643,-0.079501,-0.004790,0.101393,0.994835,0,0.78960,0.78595,47.376,1.572,-1,400.000,-1,375.000,1000.000,325.000,325.000,300.000,150.000,-1,-1,-1,-1,775.000,675.000,-1,-1,2,0,2,0,0,0,0,0,1,2,2,2,2,0,0,2,2
76,6496.137,-10025.768,-300.726,37.057,0.797604,-0.600140,0.060495,0.603135,0.794764,-0.067660,-0.007474,0.090452,0.995873,0,0.86960,0.66595,52.176,1.332,-1,400.000,-1,375.000,-1,325.000,325.000,275.000,175.000,-1,-1,-1,-1,750.000,675.000,-1,-1,2,0,2,0,2,0,0,0,1,2,2,2,2,0,0,2,2
77,6536.579,-9993.854,-298.760,38.289,0.784469,-0.617589,0.056504,0.620118,0.782301,-0.058807,-0.007885,0.081171,0.996669,0,0.85864,0.61614,51.519,1.232,-1,375.000,-1,375.000,-1,325.000,325.000,275.000,200.000,-1,-1,-1,-1,725.000,700.000,-1,-1,2,0,2,0,2,0,0,0,1,2,2,2,2,0,0,2,2
78,6575.739,-9961.551,-297.421,39.526,0.771000,-0.634656,0.052641,0.636799,0.769199,-0.053098,-0.006792,0.074460,0.997201,0,0.84607,0.61812,50.764,1.236,-1,375.000,-1,375.000,-1,325.000,325.000,275.000,225.000,-1,-1,-1,-1,725.000,725.000,-1,-1,2,0,2,0,2,0,0,0,1,2,2,2,2,0,0,2,2
79,6613.667,-9928.855,-296.700,40.767,0.757172,-0.651369,0.049086,0.653202,0.755498,-0.050489,-0.004198,0.070292,0.997518,0,0.83461,0.62068,50.076,1.241,-1,375.000,-1,400.000,-1,325.000,325.000,275.000,250.000,-1,-1,-1,500.000,725.000,750.000,-1,-1,2,0,2,0,2,0,0,0,1,2,2,2,1,0,0,2,2
80,6650.416,-9895.750,-296.701,42.014,0.742952,-0.667760,0.046026,0.669344,0.741247,-0.050315,-0.000518,0.068189,0.997672,0,0.82438,0.62375,49.463,1.248,-1,375.000,-1,400.000,-1,325.000,325.000,275.000,275.000,-1,-1,-1,400.000,725.000,775.000,-1,-1,2,0,2,0,2,0,0,0,1,2,2,2,1,0,0,2,2
81,6686.040,-9862.213,-296.824,43.269,0.728293,-0.683719,0.046017,0.685258,0.726331,-0.053524,0.003171,0.070515,0.997506,0,0.81544,0.62730,48.927,1.255,-1,400.000,-1,400.000,-1,325.000,325.000,275.000,300.000,-1,-1,-1,350.000,750.000,775.000,-1,-1,2,0,2,0,2,0,0,0,1,2,2,2,1,0,0,2,2
82,6720.588,-9828.218,-297.562,44.532,0.713287,-0.699314,0.046712,0.700821,0.710842,-0.059618,0.008487,0.075262,0.997128,0,0.80783,0.63128,48.470,1.263,-1,400.000,-1,400.000,-1,325.000,325.000,275.000,300.000,-1,-1,-1,300.000,775.000,775.000,-1,-1,2,0,2,0,2,0,0,0,1,2,2,2,1,0,0,2,2
83,6754.106,-9793.735,-298.910,45.803,0.697960,-0.714507,0.048293,0.715971,0.694757,-0.068544,0.015423,0.082417,0.996479,0,0.80150,0.63564,48.090,1.271,-1,400.000,-1,400.000,-1,325.000,325.000,275.000,300.000,-1,-1,-1,300.000,800.000,800.000,-1,-1,2,0,2,0,2,0,0,0,0,2,2,2,1,0,0,2,2
84,6786.637,-9758.733,-300.234,47.084,0.682222,-0.729398,0.050517,0.730810,0.678187,-0.077324,0.022140,0.089671,0.995725,0,0.79641,0.64036,47.785,1.281,-1,425.000,-1,400.000,-1,325.000,325.000,275.000,275.000,-1,-1,-1,275.000,850.000,800.000,-1,-1,2,0,2,0,2,0,0,0,0,2,2,2,1,0,0,2,2
85,6818.222,-9723.191,-299.343,48.374,0.665585,-0.744532,0.051666,0.745989,0.661622,-0.075876,0.022309,0.089045,0.995778,0,0.79251,0.64539,47.550,1.291,-1,400.000,-1,400.000,-1,325.000,325.000,275.000,275.000,-1,-1,-1,300.000,825.000,800.000,-1,-1,2,0,2,0,2,0,0,0,0,2,2,2,1,0,0,2,2
86,6848.883,-9687.068,-298.472,49.676,0.648470,-0.759392,0.053020,0.760910,0.644562,-0.074541,0.022431,0.088681,0.995807,0,0.78970,0.65072,47.382,1.301,-1,400.000,-1,400.000,-1,325.000,325.000,300.000,275.000,-1,-1,-1,325.000,825.000,775.000,-1,-1,2,0,2,0,2,0,0,0,0,2,2,2,1,0,0,2,2
87,6878.641,-9650.335,-297.616,50.988,0.630872,-0.773965,0.054577,0.775561,0.627003,-0.073301,0.022513,0.088572,0.995815,0,0.78792,0.65631,47.275,1.313,-1,400.000,-1,400.000,-1,325.000,325.000,300.000,275.000,-1,-1,-1,375.000,800.000,775.000,-1,-1,2,0,2,0,2,0,0,0,0,2,2,2,1,0,0,2,2
88,6907.511,-9612.965,-296.524,52.313,0.612747,-0.788292,0.056013,0.789969,0.608981,-0.071354,0.022137,0.087971,0.995877,0,0.78707,0.66215,47.224,1.324,-1,400.000,-1,400.000,-1,325.000,325.000,300.000,275.000,-1,-1,-1,425.000,800.000,775.000,-1,-1,2,0,2,0,2,0,0,0,0,2,2,2,1,0,0,2,2
89,6935.504,-9574.932,-294.965,53.649,0.594123,-0.802399,0.056332,0.804070,0.590517,-0.068996,0.022097,0.086287,0.996025,0,0.78709,0.66821,47.226,1.336,-1,400.000,-1,400.000,-1,325.000,325.000,300.000,275.000,-1,-1,-1,475.000,775.000,775.000,-1,-1,2,0,2,0,2,0,0,0,0,2,2,2,1,0,0,2,2
90,6962.621,-9536.210,-293.411,54.998,0.575012,-0.816184,0.056615,0.817842,0.571537,-0.066927,0.022267,0.084786,0.996150,0,0.78790,0.67448,47.274,1.349,-1,400.000,-1,400.000,-1,325.000,325.000,300.000,275.000,-1,-1,-1,525.000,775.000,775.000,-1,-1,2,0,2,0,2,0,0,0,0,2,2,2,1,0,0,2,2
91,6988.861,-9496.778,-291.861,56.360,0.555408,-0.829630,0.056882,0.831269,0.552039,-0.065148,0.022648,0.083469,0.996253,0,0.78943,0.68095,47.366,1.362,-1,400.000,-1,400.000,-1,325.000,325.000,300.000,275.000,-1,-1,-1,600.000,775.000,750.000,-1,-1,2,0,2,0,2,0,0,0,0,2,2,2,1,0,0,2,2
92,7014.217,-9456.617,-290.311,57.735,0.535311,-0.842719,0.057153,0.844335,0.532020,-0.063660,0.023241,0.082334,0.996334,0,0.79161,0.68759,47.497,1.375,-1,400.000,-1,400.000,-1,325.000,325.000,300.000,275.000,-1,-1,700.000,650.000,750.000,750.000,-1,-1,2,0,2,0,2,0,0,0,0,2,2,1,1,0,0,2,2
93,7039.638,-9414.525,-288.732,58.870,0.518487,-0.853148,0.057534,0.854758,0.515252,-0.062485,0.023664,0.081575,0.996386,0,0.81956,0.56759,49.173,1.135,-1,400.000,-1,400.000,-1,325.000,325.000,300.000,275.000,-1,-1,700.000,725.000,750.000,750.000,-1,-1,2,0,2,0,2,0,0,0,0,2,2,1,1,0,0,2,2
94,7064.509,-9371.853,-287.183,59.766,0.505078,-0.861121,0.058015,0.862741,0.501877,-0.061626,0.023951,0.081177,0.996412,0,0.82319,0.44759,49.391,0.895,-1,400.000,-1,400.000,-1,325.000,325.000,300.000,300.000,-1,-1,750.000,800.000,750.000,725.000,-1,-1,2,0,2,0,2,0,0,0,0,2,2,1,1,0,0,2,2
95,7089.015,-9328.680,-285.813,60.421,0.495201,-0.866847,0.057889,0.868432,0.492022,-0.061165,0.024538,0.080562,0.996447,0,0.82741,0.32759,49.644,0.655,-1,400.000,-1,400.000,-1,325.000,325.000,300.000,300.000,-1,-1,775.000,875.000,750.000,725.000,-1,-1,2,0,2,0,2,0,0,0,0,2,2,1,1,0,0,2,2
96,7110.868,-9289.521,-284.623,60.836,0.488914,-0.870411,0.057869,0.871975,0.485739,-0.060973,0.024963,0.080271,0.996460,0,0.74741,0.20759,44.844,0.415,-1,400.000,-1,400.000,-1,325.000,325.000,300.000,300.000,-1,-1,825.000,975.000,750.000,725.000,-1,-1,2,0,2,0,2,0,0,0,0,2,2,1,1,0,0,2,2
97,7132.161,-9251.088,-283.513,61.011,0.486255,-0.871894,0.057945,0.873455,0.483076,-0.060938,0.025140,0.080244,0.996458,0,0.73228,0.08759,43.937,0.175,-1,400.000,-1,400.000,-1,325.000,325.000,300.000,300.000,-1,-1,850.000,-1,725.000,725.000,-1,-1,2,0,2,0,2,0,0,0,0,2,2,1,2,0,0,2,2
98,7153.814,-9212.112,-282.442,60.946,0.487245,-0.871329,0.058127,0.872905,0.484052,-0.061080,0.025084,0.080500,0.996439,0,0.74311,-0.03241,44.587,-0.065,-1,375.000,-1,400.000,-1,325.000,325.000,300.000,300.000,-1,-1,900.000,-1,725.000,725.000,-1,-1,2,0,2,0,2,0,0,0,0,2,2,1,2,0,0,2,2
99,7176.010,-9172.653,-281.389,60.642,0.491881,-0.868707,0.058313,0.870306,0.488662,-0.061455,0.024891,0.080979,0.996405,0,0.75455,-0.15241,45.273,-0.305,-1,375.000,-1,375.000,-1,325.000,325.000,300.000,300.000,-1,-1,950.000,-1,725.000,700.000,-1,-1,2,0,2,0,2,0,0,0,0,2,2,1,2,0,0,2,2
100,7198.938,-9132.784,-280.314,60.097,0.500135,-0.863986,0.058246,0.865595,0.496880,-0.062097,0.024710,0.081475,0.996369,0,0.76651,-0.27241,45.991,-0.545,-1,375.000,-1,375.000,-1,325.000,325.000,300.000,300.000,-1,-1,1000.000,-1,725.000,700.000,-1,-1,2,0,2,0,2,0,0,0,0,2,2,1,2,0,0,2,2
101,7219.729,-9097.071,-279.336,59.792,0.504739,-0.861313,0.058133,0.862918,0.501458,-0.062541,0.024716,0.081731,0.996348,0,0.68874,-0.15241,41.324,-0.305,-1,375.000,-1,375.000,-1,325.000,325.000,300.000,300.000,-1,-1,-1,-1,725.000,700.000,-1,-1,2,0,2,0,2,0,0,0,0,2,2,2,2,0,0,2,2
102,7240.895,-9060.812,-278.267,59.727,0.505717,-0.860755,0.057890,0.862342,0.502438,-0.062624,0.024818,0.081591,0.996357,0,0.69975,-0.03241,41.985,-0.065,-1,375.000,-1,375.000,-1,325.000,325.000,300.000,300.000,-1,-1,-1,-1,725.000,700.000,-1,-1,2,0,2,0,2,0,0,0,0,2,2,2,2,0,0,2,2
103,7262.283,-9023.912,-277.188,59.902,0.503101,-0.862300,0.057686,0.863858,0.499812,-0.062755,0.025281,0.081405,0.996360,0,0.71083,0.08759,42.650,0.175,-1,375.000,-1,375.000,-1,325.000,325.000,300.000,300.000,-1,-1,-1,-1,725.000,700.000,-1,-1,2,0,2,0,2,0,0,0,0,2,2,2,2,0,0,2,2
104,7285.733,-8982.773,-275.800,60.317,0.496883,-0.865950,0.056894,0.867412,0.493579,-0.063058,0.026523,0.080683,0.996387,0,0.78923,0.20759,47.354,0.415,-1,375.000,-1,375.000,-1,325.000,325.000,300.000,300.000,-1,-1,-1,-1,725.000,700.000,-1,-1,2,0,2,0,2,0,0,0,0,2,2,2,2,0,0,2,2
105,7308.969,-8941.005,-274.231,60.913,0.487914,-0.871076,0.056267,0.872443,0.484583,-0.063424,0.027981,0.080035,0.996399,0,0.79661,0.29759,47.797,0.595,-1,375.000,-1,375.000,-1,325.000,325.000,300.000,300.000,-1,-1,-1,-1,750.000,700.000,-1,-1,2,0,2,0,2,0,0,0,0,2,2,2,2,0,0,2,2
106,7331.962,-8898.587,-272.611,61.539,0.478414,-0.876371,0.055629,0.877637,0.475049,-0.063890,0.029565,0.079388,0.996405,0,0.80417,0.31339,48.250,0.627,-1,375.000,-1,375.000,-1,325.000,325.000,300.000,300.000,-1,-1,-1,-1,750.000,700.000,-1,-1,2,0,2,0,2,0,0,0,0,2,2,2,2,0,0,2,2
107,7354.682,-8855.500,-270.938,62.198,0.468370,-0.881820,0.054984,0.882979,0.464966,-0.064459,0.031275,0.078741,0.996404,0,0.81183,0.32938,48.710,0.659,-1,375.000,-1,375.000,-1,325.000,325.000,300.000,300.000,-1,-1,-1,-1,750.000,700.000,-1,-1,2,0,2,0,2,0,0,0,0,2,2,2,2,0,0,2,2
108,7377.092,-8811.728,-269.209,62.889,0.457768,-0.887410,0.054338,0.888455,0.454319,-0.065132,0.033112,0.078092,0.996396,0,0.81959,0.34556,49.176,0.691,-1,400.000,-1,375.000,-1,325.000,325.000,300.000,300.000,-1,-1,-1,-1,750.000,700.000,-1,-1,2,0,2,0,2,0,0,0,0,2,2,2,2,0,0,2,2
109,7399.156,-8767.254,-267.422,63.613,0.446595,-0.893124,0.053695,0.894049,0.443095,-0.065910,0.035074,0.077441,0.996380,0,0.82745,0.36191,49.647,0.724,-1,400.000,-1,375.000,-1,325.000,325.000,300.000,300.000,-1,-1,-1,-1,750.000,725.000,-1,-1,2,0,2,0,2,0,0,0,0,2,2,2,2,0,0,2,2
110,7420.838,-8722.063,-265.574,64.370,0.434839,-0.898944,0.053060,0.899741,0.431282,-0.066794,0.037160,0.076785,0.996355,0,0.83539,0.37838,50.123,0.757,-1,400.000,-1,375.000,-1,325.000,325.000,300.000,300.000,-1,-1,-1,-1,775.000,725.000,-1,-1,2,0,2,0,2,0,0,0,0,2,2,2,2,0,0,2,2
111,7442.098,-8676.141,-263.664,65.158,0.422517,-0.904837,0.052438,0.905500,0.418898,-0.067785,0.039368,0.076123,0.996321,0,0.84341,0.39404,50.605,0.788,-1,400.000,-1,375.000,-1,325.000,325.000,300.000,300.000,-1,-1,-1,-1,775.000,725.000,-1,-1,2,0,2,0,2,0,0,0,0,2,2,2,2,0,0,2,2
112,7462.832,-8629.640,-261.644,65.969,0.409748,-0.910732,0.051714,0.911253,0.406084,-0.068657,0.041528,0.075257,0.996299,0,0.84858,0.40525,50.915,0.810,-1,400.000,-1,375.000,-1,325.000,325.000,300.000,300.000,-1,-1,-1,-1,775.000,725.000,-1,-1,2,0,2,0,2,0,0,0,0,2,2,2,2,0,0,2,2
113,7482.894,-8582.870,-259.547,66.784,0.396791,-0.916497,0.050900,0.916880,0.393111,-0.069244,0.043453,0.074145,0.996300,0,0.84818,0.40782,50.891,0.816,-1,400.000,-1,375.000,-1,325.000,325.000,300.000,300.000,-1,-1,-1,-1,775.000,725.000,-1,-1,2,0,2,0,2,0,0,0,0,2,2,2,2,0,0,2,2
114,7502.272,-8535.847,-257.435,67.605,0.383664,-0.922114,0.050088,0.922362,0.379979,-0.069738,0.045274,0.072955,0.996307,0,0.84766,0.41028,50.860,0.821,-1,400.000,-1,375.000,-1,325.000,325.000,300.000,300.000,-1,-1,-1,-1,800.000,725.000,-1,-1,2,0,2,0,2,0,0,0,0,2,2,2,2,0,0,2,2
115,7520.957,-8488.585,-255.273,68.430,0.370384,-0.927566,0.049364,0.927684,0.366689,-0.070299,0.047106,0.071832,0.996304,0,0.84703,0.41261,50.822,0.825,-1,400.000,-1,375.000,-1,325.000,325.000,300.000,300.000,-1,-1,-1,-1,800.000,750.000,-1,-1,2,0,2,0,2,0,0,0,0,2,2,2,2,0,0,2,2
116,7538.940,-8441.099,-252.928,69.260,0.356915,-0.932882,0.048411,0.932874,0.353260,-0.070385,0.048559,0.070282,0.996345,0,0.84629,0.41481,50.777,0.830,-1,400.000,-1,400.000,-1,325.000,325.000,300.000,300.000,-1,-1,975.000,-1,800.000,750.000,-1,-1,2,0,2,0,2,0,0,0,0,2,2,0,2,0,0,2,2
117,7556.213,-8393.405,-250.476,70.093,0.343271,-0.938034,0.047508,0.937930,0.339688,-0.069996,0.049520,0.068586,0.996415,0,0.84543,0.41688,50.726,0.834,-1,400.000,-1,400.000,-1,325.000,325.000,300.000,300.000,-1,-1,-1,-1,800.000,750.000,-1,-1,2,0,2,0,2,0,0,0,0,2,2,2,2,0,0,2,2
118,7572.767,-8345.518,-248.011,70.931,0.329488,-0.942997,0.046848,0.942819,0.325972,-0.069531,0.050296,0.067079,0.996479,0,0.84448,0.41882,50.669,0.838,-1,400.000,-1,400.000,-1,325.000,325.000,300.000,300.000,-1,-1,-1,-1,800.000,750.000,-1,-1,2,0,2,0,2,0,0,0,0,2,2,2,2,0,0,2,2
119,7588.598,-8297.453,-245.485,71.772,0.315572,-0.947776,0.046201,0.947528,0.312123,-0.069064,0.051037,0.065572,0.996542,0,0.84342,0.42062,50.605,0.841,-1,400.000,-1,400.000,-1,325.000,325.000,300.000,300.000,-1,-1,-1,-1,800.000,750.000,-1,-1,2,0,2,0,2,0,0,0,0,2,2,2,2,0,0,2,2
120,7603.697,-8249.225,-242.898,72.617,0.301530,-0.952367,0.045567,0.952052,0.298148,-0.068595,0.051742,0.064066,0.996603,0,0.84227,0.42229,50.536,0.845,-1,400.000,-1,400.000,-1,325.000,325.000,300.000,300.000,-1,-1,-1,-1,800.000,750.000,-1,-1,2,0,2,0,2,0,0,0,0,2,2,2,2,0,0,2,2
121,7618.060,-8200.851,-240.252,73.464,0.287368,-0.956765,0.044946,0.956385,0.284054,-0.068123,0.052411,0.062562,0.996664,0,0.84103,0.42381,50.462,0.848,-1,400.000,-1,400.000,-1,325.000,325.000,300.000,300.000,-1,-1,-1,-1,800.000,750.000,-1,-1,2,0,2,0,2,0,0,0,0,2,2,2,2,0,0,2,2
122,7631.682,-8152.345,-237.549,74.315,0.273095,-0.960965,0.044336,0.960524,0.269848,-0.067649,0.053044,0.061060,0.996724,0,0.83972,0.42519,50.383,0.850,-1,400.000,-1,400.000,-1,325.000,325.000,300.000,300.000,-1,-1,-1,-1,800.000,750.000,-1,-1,2,0,2,0,2,0,0,0,0,2,2,2,2,0,0,2,2
123,7644.560,-8103.722,-234.791,75.168,0.258716,-0.964963,0.043738,0.964463,0.255538,-0.067171,0.053640,0.059562,0.996782,0,0.83832,0.42643,50.299,0.853,-1,400.000,-1,400.000,-1,325.000,325.000,300.000,300.000,-1,-1,-1,-1,800.000,750.000,-1,-1,2,0,2,0,2,0,0,0,0,2,2,2,2,0,0,2,2
124,7656.689,-8054.997,-231.980,76.023,0.244241,-0.968754,0.043150,0.968199,0.241130,-0.066689,0.054200,0.058066,0.996840,0,0.83687,0.42753,50.212,0.855,-1,400.000,-1,400.000,-1,325.000,325.000,300.000,300.000,-1,-1,-1,-1,800.000,750.000,-1,-1,2,0,2,0,2,0,0,0,0,2,2,2,2,0,0,2,2
125,7668.067,-8006.185,-229.117,76.880,0.229676,-0.972336,0.042572,0.971727,0.226634,-0.066203,0.054723,0.056574,0.996898,0,0.83535,0.42848,50.121,0.857,975.000,400.000,-1,400.000,-1,325.000,325.000,300.000,300.000,-1,-1,-1,-1,800.000,750.000,-1,-1,1,0,2,0,2,0,0,0,0,2,2,2,2,0,0,2,2
126,7678.693,-7957.300,-226.205,77.738,0.215031,-0.975704,0.042004,0.975046,0.212057,-0.065712,0.055209,0.055086,0.996954,0,0.83379,0.42928,50.027,0.859,950.000,400.000,-1,400.000,-1,325.000,325.000,300.000,300.000,-1,-1,-1,-1,800.000,750.000,-1,-1,1,0,2,0,2,0,0,0,0,2,2,2,2,0,0,2,2
127,7688.565,-7908.354,-223.298,78.598,0.200306,-0.978866,0.041210,0.978143,0.197409,-0.065316,0.055801,0.053392,0.997013,0,0.83219,0.42994,49.931,0.860,900.000,400.000,-1,400.000,-1,325.000,325.000,300.000,300.000,-1,-1,-1,-1,800.000,775.000,-1,-1,1,0,2,0,2,0,0,0,0,2,2,2,2,0,0,2,2
128,7697.683,-7859.362,-220.394,79.459,0.185506,-0.981819,0.040233,0.981025,0.182697,-0.064891,0.056361,0.051507,0.997081,0,0.83056,0.43044,49.833,0.861,850.000,400.000,-1,400.000,-1,325.000,325.000,300.000,300.000,-1,-1,-1,-1,800.000,775.000,-1,-1,1,0,2,0,2,0,0,0,0,2,2,2,2,0,0,2,2
129,7706.046,-7810.337,-217.547,80.321,0.170672,-0.984533,0.039571,0.983678,0.167926,-0.064643,0.056998,0.049958,0.997124,0,0.82890,0.43081,49.734,0.862,800.000,400.000,-1,400.000,-1,325.000,325.000,300.000,300.000,-1,-1,-1,-1,800.000,775.000,950.000,-1,1,0,2,0,2,0,0,0,0,2,2,2,2,0,0,1,2
130,7713.121,-7765.963,-215.073,80.942,0.159955,-0.986336,0.039445,0.985463,0.157241,-0.064320,0.057239,0.049160,0.997149,0,0.74890,0.31081,44.934,0.622,775.000,400.000,-1,400.000,-1,325.000,325.000,300.000,300.000,-1,-1,-1,-1,825.000,775.000,900.000,-1,1,0,2,0,2,0,0,0,0,2,2,2,2,1,0,1,2
131,7719.867,-7721.757,-212.592,81.324,0.153355,-0.987390,0.039295,0.986512,0.150673,-0.063973,0.057245,0.048575,0.997178,0,0.74531,0.19081,44.718,0.382,725.000,400.000,-1,400.000,-1,325.000,325.000,300.000,300.000,-1,-1,-1,-1,825.000,800.000,875.000,-1,1,0,2,0,2,0,0,0,0,2,2,2,2,1,0,1,2
132,7726.485,-7677.660,-210.112,81.465,0.150886,-0.987777,0.039118,0.986905,0.148234,-0.063598,0.057022,0.048202,0.997209,0,0.74318,0.07081,44.591,0.142,700.000,400.000,-1,400.000,-1,325.000,325.000,300.000,300.000,-1,-1,-1,-1,825.000,800.000,825.000,-1,1,0,2,0,2,0,0,0,0,2,2,2,2,1,0,1,2
133,7733.151,-7633.721,-207.644,81.373,0.152443,-0.987546,0.038916,0.986692,0.149821,-0.063195,0.056577,0.048032,0.997242,0,0.74069,-0.04599,44.441,-0.092,650.000,400.000,-1,400.000,-1,325.000,325.000,300.000,300.000,-1,-1,-1,-1,825.000,800.000,825.000,-1,1,0,2,0,2,0,0,0,0,2,2,2,2,0,0,1,2
134,7739.863,-7589.960,-205.189,81.280,0.154017,-0.987310,0.038705,0.986473,0.151426,-0.062774,0.056116,0.047849,0.997277,0,0.73788,-0.04653,44.273,-0.093,625.000,400.000,-1,400.000,-1,325.000,325.000,300.000,300.000,-1,-1,-1,-1,825.000,800.000,800.000,-1,1,0,2,0,2,0,0,0,0,2,2,2,2,0,0,1,2
135,7746.622,-7546.372,-202.749,81.186,0.155616,-0.987068,0.038484,0.986249,0.153057,-0.062336,0.055640,0.047655,0.997313,0,0.73516,-0.04729,44.109,-0.095,575.000,400.000,-1,400.000,-1,325.000,325.000,300.000,300.000,-1,-1,-1,-1,825.000,800.000,800.000,-1,1,0,2,0,2,0,0,0,0,2,2,2,2,0,0,1,2
136,7753.430,-7502.950,-200.322,81.089,0.157248,-0.986818,0.038254,0.986018,0.154721,-0.061881,0.055146,0.047450,0.997350,0,0.73253,-0.04827,43.952,-0.097,550.000,400.000,-1,400.000,-1,325.000,325.000,300.000,300.000,-1,-1,-1,-1,850.000,800.000,800.000,-1,1,0,2,0,2,0,0,0,0,2,2,2,2,0,0,1,2
137,7760.290,-7459.689,-197.904,80.990,0.158920,-0.986559,0.038033,0.985778,0.156426,-0.061427,0.054652,0.047254,0.997387,0,0.73003,-0.04945,43.802,-0.099,525.000,400.000,-1,400.000,-1,325.000,325.000,300.000,300.000,-1,-1,-1,-1,850.000,825.000,800.000,-1,1,0,2,0,2,0,0,0,0,2,2,2,2,0,0,1,2
138,7768.048,-7411.711,-195.200,80.815,0.161920,-0.986077,0.037879,0.985319,0.159451,-0.061013,0.054123,0.047202,0.997418,0,0.81003,-0.08786,48.602,-0.176,500.000,400.000,-1,400.000,-1,325.000,325.000,300.000,300.000,-1,-1,-1,-1,850.000,825.000,825.000,-1,1,0,2,0,2,0,0,0,0,2,2,2,2,0,0,1,2
