timestep,x_cm,y_cm,z_cm,yaw_deg,basis_xx,basis_xy,basis_xz,basis_yx,basis_yy,basis_yz,basis_zx,basis_zy,basis_zz,teleport_flag,throttle_cmd,steering_cmd,cmd_move_cm,cmd_turn_deg,lidar_cm_0,lidar_cm_1,lidar_cm_2,lidar_cm_3,lidar_cm_4,lidar_cm_5,lidar_cm_6,lidar_cm_7,lidar_cm_8,lidar_cm_9,lidar_cm_10,lidar_cm_11,lidar_cm_12,lidar_cm_13,lidar_cm_14,lidar_cm_15,lidar_cm_16,lidar_class_0,lidar_class_1,lidar_class_2,lidar_class_3,lidar_class_4,lidar_class_5,lidar_class_6,lidar_class_7,lidar_class_8,lidar_class_9,lidar_class_10,lidar_class_11,lidar_class_12,lidar_class_13,lidar_class_14,lidar_class_15,lidar_class_16
0,2292.781,3611.390,-129.326,128.391,-0.621070,-0.783744,0.004062,0.783500,-0.620993,-0.022256,0.019966,-0.010640,0.999744,1,0.08000,0.07063,4.800,0.141,-1,400.000,-1,400.000,-1,325.000,325.000,300.000,300.000,-1,950.000,950.000,-1,775.000,825.000,-1,-1,2,0,2,0,2,0,0,0,0,2,0,0,2,0,0,2,2
1,2286.801,3618.899,-129.143,128.532,-0.623000,-0.782211,0.004096,0.781967,-0.622923,-0.022229,0.019939,-0.010646,0.999745,0,0.16000,0.07063,9.600,0.141,-1,400.000,-1,400.000,-1,325.000,325.000,300.000,300.000,-1,975.000,950.000,-1,775.000,825.000,-1,-1,2,0,2,0,2,0,0,0,0,2,0,0,2,0,0,2,2
2,2277.803,3630.142,-128.869,128.674,-0.624926,-0.780673,0.004141,0.780430,-0.624850,-0.022186,0.019907,-0.010633,0.999745,0,0.24000,0.07063,14.400,0.141,-1,400.000,-1,400.000,-1,325.000,325.000,300.000,300.000,-1,975.000,975.000,-1,775.000,825.000,-1,-1,2,0,2,0,2,0,0,0,0,2,0,0,2,0,0,2,2
3,2265.768,3645.102,-128.503,128.815,-0.626848,-0.779130,0.004193,0.778888,-0.626773,-0.022127,0.019867,-0.010604,0.999746,0,0.32000,0.07063,19.200,0.141,-1,400.000,-1,400.000,-1,325.000,325.000,300.000,300.000,-1,1000.000,975.000,-1,775.000,825.000,-1,-1,2,0,2,0,2,0,0,0,0,2,0,0,2,0,0,2,2
4,2250.678,3663.765,-128.048,128.956,-0.628766,-0.777583,0.004248,0.777342,-0.628692,-0.022050,0.019817,-0.010563,0.999748,0,0.40000,0.07063,24.000,0.141,-1,400.000,-1,400.000,-1,325.000,325.000,300.000,300.000,-1,-1,1000.000,-1,775.000,825.000,-1,-1,2,0,2,0,2,0,0,0,0,2,2,0,2,0,0,2,2
5,2232.516,3686.116,-127.501,129.098,-0.630680,-0.776031,0.004300,0.775791,-0.630607,-0.021957,0.019750,-0.010512,0.999750,0,0.48000,0.07063,28.800,0.141,-1,400.000,-1,400.000,-1,325.000,325.000,300.000,300.000,-1,-1,-1,-1,775.000,825.000,-1,-1,2,0,2,0,2,0,0,0,0,2,2,2,2,0,0,2,2
6,2211.262,3712.139,-126.866,129.239,-0.632590,-0.774474,0.004347,0.774237,-0.632519,-0.021844,0.019667,-0.010453,0.999752,0,0.56000,0.07063,33.600,0.141,-1,400.000,-1,400.000,-1,325.000,325.000,300.000,300.000,-1,-1,-1,-1,775.000,825.000,-1,-1,2,0,2,0,2,0,0,0,0,2,2,2,2,0,0,2,2
7,2186.899,3741.821,-126.144,129.380,-0.634497,-0.772913,0.004387,0.772678,-0.634427,-0.021712,0.019565,-0.010386,0.999755,0,0.64000,0.07063,38.400,0.141,-1,400.000,-1,400.000,-1,325.000,325.000,300.000,300.000,-1,-1,-1,-1,800.000,825.000,-1,-1,2,0,2,0,2,0,0,0,0,2,2,2,2,0,0,2,2
8,2159.408,3775.145,-125.334,129.521,-0.636399,-0.771347,0.004404,0.771115,-0.636331,-0.021559,0.019432,-0.010324,0.999758,0,0.72000,0.07063,43.200,0.141,-1,400.000,-1,400.000,-1,325.000,325.000,300.000,300.000,-1,-1,-1,-1,800.000,825.000,-1,-1,2,0,2,0,2,0,0,0,0,2,2,2,2,0,0,2,2
9,2131.357,3808.978,-124.513,129.663,-0.638299,-0.769776,0.004392,0.769547,-0.638231,-0.021400,0.019277,-0.010280,0.999761,0,0.73249,0.07063,43.949,0.141,-1,400.000,-1,400.000,-1,325.000,325.000,300.000,300.000,-1,-1,-1,-1,800.000,850.000,-1,-1,2,0,2,0,2,0,0,0,0,2,2,2,2,0,0,2,2
10,2103.222,3842.741,-123.694,129.804,-0.640194,-0.768201,0.004351,0.767976,-0.640127,-0.021238,0.019100,-0.010255,0.999765,0,0.73249,0.07063,43.949,0.141,-1,400.000,-1,400.000,-1,325.000,325.000,300.000,300.000,-1,-1,-1,-1,800.000,850.000,-1,-1,2,0,2,0,2,0,0,0,0,2,2,2,2,0,0,2,2
11,2075.004,3876.435,-122.965,129.945,-0.642083,-0.766623,0.004361,0.766408,-0.642021,-0.020667,0.018644,-0.009927,0.999777,0,0.73249,0.07063,43.949,0.141,-1,400.000,-1,400.000,-1,325.000,325.000,300.000,300.000,-1,-1,-1,-1,800.000,850.000,-1,-1,2,0,2,0,2,0,0,0,0,2,2,2,2,0,0,2,2
12,2046.704,3910.060,-122.307,130.086,-0.643966,-0.765042,0.004387,0.764843,-0.643913,-0.019785,0.017961,-0.009386,0.999795,0,0.73249,0.07063,43.949,0.141,-1,400.000,-1,400.000,-1,325.000,325.000,300.000,300.000,-1,-1,-1,-1,825.000,875.000,-1,-1,2,0,2,0,2,0,0,0,0,2,2,2,2,0,0,2,2
13,2018.320,3943.614,-121.662,130.228,-0.645846,-0.763455,0.004340,0.763273,-0.645800,-0.018889,0.017224,-0.008887,0.999812,0,0.73249,0.07063,43.949,0.141,-1,400.000,-1,400.000,-1,325.000,325.000,300.000,300.000,-1,-1,-1,-1,825.000,875.000,-1,-1,2,0,2,0,2,0,0,0,0,2,2,2,2,0,0,2,2
14,1989.854,3977.099,-121.024,130.369,-0.647723,-0.761864,0.004251,0.761698,-0.647683,-0.017980,0.016451,-0.008409,0.999829,0,0.73249,0.07063,43.949,0.141,-1,400.000,-1,400.000,-1,325.000,325.000,300.000,300.000,-1,-1,-1,-1,825.000,875.000,-1,-1,2,0,2,0,2,0,0,0,0,2,2,2,2,0,0,2,2
15,1961.305,4010.513,-120.393,130.510,-0.649597,-0.760268,0.004119,0.760118,-0.649561,-0.017058,0.015644,-0.007950,0.999846,0,0.73249,0.07063,43.949,0.141,-1,400.000,-1,400.000,-1,325.000,325.000,300.000,300.000,-1,-1,-1,-1,825.000,900.000,-1,-1,2,0,2,0,2,0,0,0,0,2,2,2,2,0,0,2,2
16,1932.675,4043.857,-119.775,130.651,-0.651468,-0.758666,0.003939,0.758532,-0.651436,-0.016149,0.014818,-0.007533,0.999862,0,0.73249,0.07063,43.949,0.141,-1,400.000,-1,400.000,-1,325.000,325.000,300.000,300.000,-1,-1,-1,-1,825.000,900.000,-1,-1,2,0,2,0,2,0,0,0,0,2,2,2,2,0,0,2,2
17,1903.962,4077.130,-119.169,130.793,-0.653335,-0.757060,0.003711,0.756940,-0.653306,-0.015255,0.013973,-0.007158,0.999877,0,0.73249,0.07063,43.949,0.141,-1,400.000,-1,400.000,-1,325.000,325.000,300.000,300.000,-1,-1,-1,-1,825.000,925.000,-1,-1,2,0,2,0,2,0,0,0,0,2,2,2,2,0,0,2,2
18,1875.167,4110.332,-118.598,130.934,-0.655197,-0.755449,0.003566,0.755343,-0.655173,-0.014347,0.013174,-0.006706,0.999891,0,0.73249,0.07063,43.949,0.141,-1,400.000,-1,400.000,-1,325.000,325.000,300.000,300.000,-1,-1,-1,-1,825.000,925.000,-1,-1,2,0,2,0,2,0,0,0,0,2,2,2,2,0,0,2,2
19,1842.982,4146.947,-117.986,131.315,-0.660208,-0.751075,0.003380,0.750983,-0.660187,-0.013325,0.012240,-0.006259,0.999906,0,0.81249,0.19063,48.749,0.381,-1,400.000,-1,400.000,-1,325.000,325.000,300.000,300.000,-1,-1,-1,-1,825.000,925.000,-1,-1,2,0,2,0,2,0,0,0,0,2,2,2,2,0,0,2,2
20,1807.195,4186.782,-117.338,131.936,-0.668312,-0.743875,0.003125,0.743798,-0.668294,-0.012190,0.011157,-0.005823,0.999921,0,0.89249,0.31063,53.549,0.621,-1,400.000,-1,400.000,-1,325.000,325.000,300.000,300.000,-1,-1,-1,-1,825.000,950.000,-1,-1,2,0,2,0,2,0,0,0,0,2,2,2,2,0,0,2,2
21,1767.690,4229.447,-116.764,132.798,-0.679421,-0.733746,0.002261,0.733686,-0.679400,-0.010986,0.009597,-0.005805,0.999937,0,0.96909,0.43063,58.146,0.861,-1,400.000,-1,400.000,-1,325.000,325.000,300.000,300.000,-1,-1,-1,-1,825.000,950.000,-1,-1,2,0,2,0,2,0,0,0,0,2,2,2,2,0,0,2,2
22,1727.398,4271.368,-116.286,133.865,-0.692977,-0.720959,0.000983,0.720918,-0.692951,-0.009825,0.007765,-0.006100,0.999951,0,0.96909,0.53378,58.146,1.068,-1,400.000,-1,400.000,-1,325.000,325.000,300.000,300.000,-1,-1,-1,-1,825.000,975.000,-1,-1,2,0,2,0,2,0,0,0,0,2,2,2,2,0,0,2,2
23,1686.331,4312.531,-115.849,134.933,-0.706291,-0.707922,-0.000330,0.707898,-0.706262,-0.008649,0.005890,-0.006342,0.999963,0,0.96909,0.53378,58.146,1.068,-1,400.000,-1,400.000,-1,325.000,325.000,300.000,300.000,-1,-1,-1,-1,800.000,975.000,-1,-1,2,0,2,0,2,0,0,0,0,2,2,2,2,0,0,2,2
24,1644.504,4352.922,-115.683,136.000,-0.719354,-0.694643,-0.000744,0.694629,-0.719332,-0.007185,0.004456,-0.005686,0.999974,0,0.96909,0.53378,58.146,1.068,-1,400.000,-1,425.000,-1,325.000,325.000,300.000,300.000,-1,-1,-1,-1,800.000,975.000,-1,-1,2,0,2,0,2,0,0,0,0,2,2,2,2,0,0,2,2
25,1601.932,4392.527,-115.573,137.068,-0.732168,-0.681123,-0.001105,0.681117,-0.732152,-0.005689,0.003066,-0.004918,0.999983,0,0.96909,0.53378,58.146,1.068,-1,400.000,-1,425.000,-1,325.000,325.000,300.000,300.000,-1,-1,-1,-1,800.000,975.000,-1,-1,2,0,2,0,2,0,0,0,0,2,2,2,2,0,0,2,2
26,1558.630,4431.332,-115.507,138.135,-0.744728,-0.667366,-0.001511,0.667366,-0.744718,-0.004218,0.001690,-0.004149,0.999990,0,0.96909,0.53378,58.146,1.068,-1,400.000,-1,425.000,-1,325.000,325.000,300.000,300.000,-1,-1,-1,-1,800.000,975.000,-1,-1,2,0,2,0,2,0,0,0,0,2,2,2,2,0,0,2,2
27,1514.612,4469.323,-115.485,139.203,-0.757030,-0.653377,-0.001959,0.653380,-0.757025,-0.002767,0.000325,-0.003374,0.999994,0,0.96909,0.53378,58.146,1.068,-1,400.000,-1,425.000,-1,325.000,325.000,300.000,300.000,-1,-1,-1,-1,800.000,1000.000,-1,-1,2,0,2,0,2,0,0,0,0,2,2,2,2,0,0,2,2
28,1469.894,4506.488,-115.502,140.271,-0.769069,-0.639161,-0.002447,0.639165,-0.769069,-0.001319,-0.001038,-0.002578,0.999996,0,0.96909,0.53378,58.146,1.068,-1,400.000,-1,425.000,-1,325.000,325.000,300.000,300.000,-1,-1,-1,-1,800.000,1000.000,-1,-1,2,0,2,0,2,0,0,0,0,2,2,2,2,0,0,2,2
29,1424.491,4542.813,-115.731,141.338,-0.780841,-0.624723,-0.002973,0.624723,-0.780846,0.000951,-0.002916,-0.001114,0.999995,0,0.96909,0.53378,58.146,1.068,-1,400.000,-1,425.000,-1,325.000,325.000,300.000,300.000,-1,-1,-1,-1,800.000,1000.000,-1,-1,2,0,2,0,2,0,0,0,0,2,2,2,2,0,0,2,2
30,1378.419,4578.285,-116.159,142.406,-0.792342,-0.610067,-0.003585,0.610054,-0.792350,0.003975,-0.005266,0.000962,0.999986,0,0.96909,0.53378,58.146,1.068,-1,400.000,-1,425.000,-1,325.000,325.000,300.000,300.000,-1,-1,-1,-1,800.000,975.000,-1,-1,2,0,2,0,2,0,0,0,0,2,2,2,2,0,0,2,2
31,1331.695,4612.893,-116.618,143.473,-0.803569,-0.595196,-0.004292,0.595163,-0.803575,0.006963,-0.007593,0.003040,0.999967,0,0.96909,0.53378,58.146,1.068,-1,400.000,-1,425.000,-1,325.000,325.000,300.000,300.000,-1,-1,-1,-1,775.000,975.000,-1,-1,2,0,2,0,2,0,0,0,0,2,2,2,2,0,0,2,2
32,1284.334,4646.625,-117.108,144.541,-0.814518,-0.580116,-0.005087,0.580054,-0.814518,0.009911,-0.009893,0.005122,0.999938,0,0.96909,0.53378,58.146,1.068,-1,400.000,-1,425.000,-1,325.000,325.000,300.000,300.000,-1,-1,-1,-1,775.000,950.000,-1,-1,2,0,2,0,2,0,0,0,0,2,2,2,2,0,0,2,2
33,1240.440,4676.941,-117.636,145.368,-0.822811,-0.568285,-0.005859,0.568192,-0.822803,0.012362,-0.011846,0.006842,0.999906,0,0.88909,0.41378,53.346,0.828,-1,375.000,-1,425.000,-1,325.000,325.000,300.000,300.000,-1,-1,-1,-1,775.000,950.000,-1,-1,2,0,2,0,2,0,0,0,0,2,2,2,2,0,0,2,2
34,1198.510,4705.270,-118.308,145.956,-0.828595,-0.559812,-0.006390,0.559691,-0.828579,0.014222,-0.013256,0.008208,0.999878,0,0.84338,0.29378,50.603,0.588,-1,375.000,-1,425.000,-1,325.000,325.000,300.000,300.000,-1,-1,-1,-1,775.000,950.000,-1,-1,2,0,2,0,2,0,0,0,0,2,2,2,2,0,0,2,2
35,1156.338,4733.306,-119.017,146.384,-0.832756,-0.553597,-0.006901,0.553446,-0.832729,0.016107,-0.014664,0.009594,0.999846,0,0.84400,0.21409,50.640,0.428,-1,375.000,-1,425.000,-1,325.000,325.000,300.000,300.000,-1,-1,-1,-1,775.000,950.000,-1,-1,2,0,2,0,2,0,0,0,0,2,2,2,2,0,0,2,2
36,1113.834,4761.115,-119.752,146.805,-0.836797,-0.547462,-0.007424,0.547277,-0.836758,0.017989,-0.016061,0.010990,0.999811,0,0.84655,0.21028,50.793,0.421,-1,375.000,-1,425.000,-1,325.000,325.000,300.000,300.000,-1,-1,-1,-1,775.000,950.000,-1,-1,2,0,2,0,2,0,0,0,0,2,2,2,2,0,0,2,2
37,1071.014,4788.691,-120.504,147.217,-0.840720,-0.541412,-0.007952,0.541190,-0.840667,0.019815,-0.017413,0.012355,0.999772,0,0.84886,0.20636,50.931,0.413,-1,375.000,-1,425.000,-1,325.000,325.000,300.000,325.000,-1,-1,-1,-1,775.000,925.000,-1,-1,2,0,2,0,2,0,0,0,0,2,2,2,2,0,0,2,2
38,1027.897,4816.031,-121.284,147.622,-0.844524,-0.535451,-0.008490,0.535190,-0.844455,0.021638,-0.018755,0.013730,0.999730,0,0.85091,0.20235,51.054,0.405,-1,375.000,-1,425.000,-1,325.000,325.000,300.000,325.000,-1,-1,-1,-1,775.000,925.000,-1,-1,2,0,2,0,2,0,0,0,0,2,2,2,2,0,0,2,2
39,984.500,4843.129,-122.090,148.019,-0.848210,-0.529584,-0.009035,0.529280,-0.848123,0.023457,-0.020086,0.015115,0.999684,0,0.85270,0.19825,51.162,0.397,-1,400.000,-1,425.000,-1,325.000,325.000,300.000,325.000,-1,-1,-1,-1,750.000,925.000,-1,-1,2,0,2,0,2,0,0,0,0,2,2,2,2,0,0,2,2
40,940.843,4869.979,-122.923,148.407,-0.851779,-0.523814,-0.009589,0.523464,-0.851673,0.025273,-0.021405,0.016508,0.999635,0,0.85422,0.19409,51.253,0.388,-1,400.000,-1,425.000,-1,325.000,325.000,300.000,325.000,-1,-1,-1,-1,750.000,925.000,-1,-1,2,0,2,0,2,0,0,0,0,2,2,2,2,0,0,2,2
41,896.945,4896.579,-123.990,148.787,-0.855247,-0.518138,-0.009230,0.517749,-0.855093,0.027421,-0.022101,0.018673,0.999581,0,0.85548,0.18987,51.329,0.380,-1,400.000,-1,425.000,-1,325.000,325.000,300.000,325.000,-1,-1,-1,-1,750.000,900.000,-1,-1,2,0,2,0,2,0,0,0,0,2,2,2,2,0,0,2,2
42,852.824,4922.924,-125.168,149.158,-0.858608,-0.512562,-0.008510,0.512137,-0.858390,0.029715,-0.022536,0.021156,0.999522,0,0.85646,0.18561,51.388,0.371,-1,400.000,-1,425.000,-1,325.000,325.000,325.000,325.000,-1,-1,-1,-1,775.000,900.000,-1,-1,2,0,2,0,2,0,0,0,0,2,2,2,2,0,0,2,2
43,808.500,4949.011,-126.373,149.520,-0.861858,-0.507090,-0.007799,0.506630,-0.861569,0.032015,-0.022954,0.023642,0.999457,0,0.85718,0.18133,51.431,0.363,-1,400.000,-1,425.000,-1,325.000,325.000,325.000,325.000,-1,-1,-1,-1,775.000,900.000,-1,-1,2,0,2,0,2,0,0,0,0,2,2,2,2,0,0,2,2
44,763.993,4974.836,-127.603,149.875,-0.864999,-0.501724,-0.007098,0.501230,-0.864633,0.034329,-0.023360,0.026137,0.999385,0,0.85762,0.17705,51.457,0.354,-1,400.000,-1,425.000,-1,325.000,325.000,325.000,300.000,-1,-1,-1,-1,775.000,900.000,-1,-1,2,0,2,0,2,0,0,0,0,2,2,2,2,0,0,2,2
45,719.321,5000.399,-128.920,150.220,-0.868028,-0.496470,-0.006719,0.495936,-0.867590,0.036532,-0.023966,0.028379,0.999310,0,0.85781,0.17279,51.469,0.346,-1,400.000,-1,425.000,-1,325.000,325.000,325.000,300.000,-1,-1,-1,-1,775.000,900.000,-1,-1,2,0,2,0,2,0,0,0,0,2,2,2,2,0,0,2,2
46,674.503,5025.696,-130.393,150.557,-0.870944,-0.491332,-0.006994,0.490745,-0.870453,0.038483,-0.024996,0.030084,0.999235,0,0.85774,0.16856,51.465,0.337,-1,400.000,-1,425.000,-1,325.000,325.000,325.000,300.000,-1,-1,-1,-1,775.000,875.000,-1,-1,2,0,2,0,2,0,0,0,0,2,2,2,2,0,0,2,2
47,629.557,5050.727,-131.884,150.886,-0.873761,-0.486302,-0.007247,0.485661,-0.873211,0.040446,-0.025997,0.031820,0.999155,0,0.85743,0.16440,51.446,0.329,-1,400.000,-1,425.000,-1,325.000,325.000,325.000,300.000,-1,-1,-1,-1,775.000,875.000,-1,-1,2,0,2,0,2,0,0,0,0,2,2,2,2,0,0,2,2
48,584.498,5075.487,-133.390,151.209,-0.876503,-0.481338,-0.007480,0.480640,-0.875891,0.042419,-0.026969,0.033586,0.999072,0,0.85689,0.16170,51.413,0.323,-1,400.000,-1,400.000,-1,325.000,325.000,325.000,300.000,-1,-1,-1,-1,750.000,875.000,-1,-1,2,0,2,0,2,0,0,0,0,2,2,2,2,0,0,2,2
49,539.344,5099.975,-134.898,151.528,-0.879176,-0.476433,-0.007757,0.475675,-0.878501,0.044376,-0.027957,0.035325,0.998985,0,0.85613,0.15925,51.368,0.319,-1,400.000,-1,400.000,-1,325.000,325.000,325.000,300.000,-1,-1,-1,-1,750.000,850.000,-1,-1,2,0,2,0,2,0,0,0,0,2,2,2,2,0,0,2,2
50,494.106,5124.188,-136.408,151.842,-0.881787,-0.471580,-0.008012,0.470763,-0.881045,0.046290,-0.028888,0.037046,0.998896,0,0.85516,0.15706,51.310,0.314,-1,400.000,-1,400.000,-1,325.000,325.000,325.000,300.000,-1,-1,-1,-1,750.000,850.000,-1,-1,2,0,2,0,2,0,0,0,0,2,2,2,2,0,0,2,2
51,452.891,5145.738,-137.683,152.396,-0.886315,-0.463012,-0.008124,0.462159,-0.885517,0.047641,-0.029252,0.038471,0.998831,0,0.77516,0.27706,46.510,0.554,-1,400.000,-1,400.000,-1,325.000,325.000,325.000,300.000,-1,-1,-1,-1,750.000,850.000,-1,-1,2,0,2,0,2,0,0,0,0,2,2,2,2,0,0,2,2
52,415.664,5164.550,-138.805,153.190,-0.892654,-0.450669,-0.008185,0.449789,-0.891797,0.048860,-0.029319,0.039934,0.998772,0,0.69516,0.39706,41.710,0.794,-1,400.000,-1,400.000,-1,325.000,325.000,325.000,300.000,-1,-1,-1,-1,750.000,825.000,-1,-1,2,0,2,0,2,0,0,0,0,2,2,2,2,0,0,2,2
53,382.493,5180.736,-139.786,153.988,-0.898849,-0.438181,-0.008227,0.437280,-0.897938,0.049930,-0.029266,0.041282,0.998719,0,0.61516,0.39900,36.910,0.798,-1,400.000,-1,400.000,-1,325.000,325.000,325.000,300.000,-1,-1,-1,-1,750.000,825.000,-1,-1,2,0,2,0,2,0,0,0,0,2,2,2,2,0,0,2,2
54,353.443,5194.414,-140.626,154.785,-0.904858,-0.425634,-0.008255,0.424718,-0.903896,0.050857,-0.029108,0.042513,0.998672,0,0.53516,0.39825,32.110,0.797,-1,400.000,-1,400.000,-1,325.000,325.000,325.000,300.000,-1,-1,-1,-1,750.000,825.000,-1,-1,2,0,2,0,2,0,0,0,0,2,2,2,2,0,0,2,2
55,328.577,5205.704,-141.326,155.580,-0.910683,-0.413023,-0.008273,0.412097,-0.909675,0.051648,-0.028858,0.043626,0.998631,0,0.45516,0.39778,27.310,0.796,-1,400.000,-1,400.000,-1,325.000,325.000,325.000,325.000,-1,-1,-1,-1,750.000,800.000,-1,-1,2,0,2,0,2,0,0,0,0,2,2,2,2,0,0,2,2
56,307.954,5214.724,-141.889,156.375,-0.916327,-0.400344,-0.008284,0.399413,-0.915278,0.052310,-0.028524,0.044624,0.998597,0,0.37516,0.39750,22.510,0.795,-1,400.000,-1,400.000,-1,325.000,325.000,325.000,325.000,-1,-1,-1,-1,750.000,800.000,-1,-1,2,0,2,0,2,0,0,0,0,2,2,2,2,0,0,2,2
57,291.631,5221.595,-142.317,157.170,-0.921793,-0.387595,-0.008291,0.386662,-0.920706,0.052847,-0.028117,0.045508,0.998568,0,0.29516,0.39738,17.710,0.795,-1,400.000,-1,400.000,-1,325.000,325.000,325.000,325.000,-1,-1,-1,-1,750.000,800.000,-1,-1,2,0,2,0,2,0,0,0,0,2,2,2,2,0,0,2,2
58,279.665,5226.438,-142.614,157.965,-0.927079,-0.374774,-0.008296,0.373845,-0.925960,0.053268,-0.027646,0.046282,0.998546,0,0.21516,0.39735,12.910,0.795,-1,400.000,-1,400.000,-1,325.000,325.000,325.000,325.000,-1,-1,-1,-1,750.000,800.000,-1,-1,2,0,2,0,2,0,0,0,0,2,2,2,2,0,0,2,2
59,272.106,5229.375,-142.784,158.760,-0.932186,-0.361883,-0.008301,0.360961,-0.931041,0.053575,-0.027117,0.046946,0.998529,0,0.13516,0.39738,8.110,0.795,-1,400.000,-1,400.000,-1,325.000,325.000,325.000,325.000,-1,-1,-1,-1,750.000,800.000,-1,-1,2,0,2,0,2,0,0,0,0,2,2,2,2,0,0,2,2
60,269.005,5230.531,-142.830,159.554,-0.937114,-0.348924,-0.008306,0.348012,-0.935946,0.053774,-0.026537,0.047502,0.998519,0,0.05516,0.39742,3.310,0.795,-1,400.000,-1,400.000,-1,325.000,325.000,325.000,325.000,-1,-1,-1,-1,750.000,800.000,-1,-1,2,0,2,0,2,0,0,0,0,2,2,2,2,0,0,2,2
61,270.409,5230.029,-142.759,160.349,-0.941861,-0.335899,-0.008314,0.335000,-0.940677,0.053872,-0.025916,0.047954,0.998513,0,-0.02484,0.39744,-1.490,0.795,-1,400.000,-1,400.000,-1,325.000,325.000,325.000,325.000,-1,-1,-1,-1,750.000,800.000,-1,-1,2,0,2,0,2,0,0,0,0,2,2,2,2,0,0,2,2
62,276.362,5227.996,-142.574,161.144,-0.946427,-0.322811,-0.008325,0.321929,-0.945230,0.053872,-0.025260,0.048306,0.998513,0,-0.10484,0.39743,-6.290,0.795,-1,400.000,-1,400.000,-1,325.000,325.000,325.000,325.000,-1,-1,-1,-1,750.000,800.000,-1,-1,2,0,2,0,2,0,0,0,0,2,2,2,2,0,0,2,2
63,286.906,5224.557,-142.283,161.939,-0.950809,-0.309666,-0.008339,0.308802,-0.949605,0.053781,-0.024573,0.048560,0.998518,0,-0.18484,0.39735,-11.090,0.795,-1,400.000,-1,400.000,-1,325.000,325.000,325.000,325.000,-1,-1,-1,-1,750.000,775.000,-1,-1,2,0,2,0,2,0,0,0,0,2,2,2,2,0,0,2,2
64,301.990,5219.868,-141.892,162.733,-0.955006,-0.296468,-0.008357,0.295625,-0.953799,0.053604,-0.023863,0.048721,0.998527,0,-0.26326,0.39720,-15.796,0.794,-1,400.000,-1,400.000,-1,325.000,325.000,325.000,325.000,-1,-1,-1,-1,750.000,775.000,-1,-1,2,0,2,0,2,0,0,0,0,2,2,2,2,0,0,2,2
65,317.154,5215.384,-141.511,163.527,-0.959018,-0.283222,-0.008379,0.282397,-0.957808,0.053437,-0.023160,0.048881,0.998536,0,-0.26355,0.39697,-15.813,0.794,-1,400.000,-1,400.000,-1,325.000,325.000,325.000,325.000,-1,-1,-1,-1,750.000,775.000,-1,-1,2,0,2,0,2,0,0,0,0,2,2,2,2,0,0,2,2
66,332.395,5211.106,-141.138,164.321,-0.962844,-0.269929,-0.008405,0.269124,-0.961631,0.053281,-0.022465,0.049039,0.998544,0,-0.26383,0.39672,-15.830,0.793,-1,400.000,-1,400.000,-1,325.000,325.000,325.000,325.000,-1,-1,-1,-1,750.000,775.000,-1,-1,2,0,2,0,2,0,0,0,0,2,2,2,2,0,0,2,2
67,347.710,5207.035,-140.774,165.114,-0.966483,-0.256593,-0.008437,0.255807,-0.965267,0.053135,-0.021778,0.049196,0.998552,0,-0.26412,0.39646,-15.847,0.793,-1,400.000,-1,400.000,-1,325.000,325.000,325.000,325.000,-1,-1,-1,-1,750.000,775.000,-1,-1,2,0,2,0,2,0,0,0,0,2,2,2,2,0,0,2,2
68,363.097,5203.171,-140.418,165.906,-0.969935,-0.243218,-0.008474,0.242449,-0.968715,0.052999,-0.021100,0.049351,0.998559,0,-0.26441,0.39619,-15.864,0.792,-1,400.000,-1,400.000,-1,325.000,325.000,325.000,325.000,-1,-1,-1,-1,750.000,775.000,-1,-1,2,0,2,0,2,0,0,0,0,2,2,2,2,0,0,2,2
69,378.553,5199.517,-140.072,166.698,-0.973199,-0.229806,-0.008518,0.229055,-0.971977,0.052873,-0.020430,0.049505,0.998565,0,-0.26470,0.39591,-15.882,0.792,-1,400.000,-1,400.000,-1,325.000,325.000,325.000,325.000,-1,-1,-1,-1,750.000,775.000,-1,-1,2,0,2,0,2,0,0,0,0,2,2,2,2,0,0,2,2
70,394.075,5196.072,-139.734,167.489,-0.976276,-0.216361,-0.008569,0.215626,-0.975050,0.052757,-0.019770,0.049658,0.998571,0,-0.26499,0.39561,-15.899,0.791,-1,400.000,-1,400.000,-1,325.000,325.000,325.000,325.000,-1,-1,-1,-1,750.000,775.000,-1,-1,2,0,2,0,2,0,0,0,0,2,2,2,2,0,0,2,2
71,409.661,5192.839,-139.405,168.280,-0.979165,-0.202885,-0.008627,0.202166,-0.977935,0.052650,-0.019119,0.049809,0.998576,0,-0.26529,0.39530,-15.917,0.791,-1,400.000,-1,400.000,-1,325.000,325.000,325.000,325.000,-1,-1,-1,-1,750.000,775.000,-1,-1,2,0,2,0,2,0,0,0,0,2,2,2,2,0,0,2,2
72,425.307,5189.817,-139.085,169.069,-0.981865,-0.189382,-0.008694,0.188678,-0.980632,0.052553,-0.018478,0.049960,0.998580,0,-0.26558,0.39497,-15.935,0.790,-1,400.000,-1,400.000,-1,325.000,325.000,325.000,325.000,-1,-1,-1,-1,750.000,775.000,-1,-1,2,0,2,0,2,0,0,0,0,2,2,2,2,0,0,2,2
73,441.011,5187.008,-138.774,169.859,-0.984377,-0.175854,-0.008769,0.175166,-0.983140,0.052465,-0.017847,0.050109,0.998584,0,-0.26588,0.39463,-15.953,0.789,-1,400.000,-1,400.000,-1,325.000,325.000,325.000,325.000,-1,-1,-1,-1,750.000,775.000,-1,-1,2,0,2,0,2,0,0,0,0,2,2,2,2,0,0,2,2
74,456.770,5184.412,-138.471,170.647,-0.986701,-0.162306,-0.008853,0.161632,-0.985460,0.052385,-0.017227,0.050258,0.998588,0,-0.26618,0.39428,-15.971,0.789,-1,400.000,-1,400.000,-1,325.000,325.000,325.000,325.000,-1,-1,-1,-1,750.000,775.000,-1,-1,2,0,2,0,2,0,0,0,0,2,2,2,2,0,0,2,2
75,472.581,5182.031,-138.177,171.435,-0.988836,-0.148739,-0.008947,0.148079,-0.987591,0.052314,-0.016617,0.050405,0.998591,0,-0.26649,0.39392,-15.989,0.788,-1,400.000,-1,400.000,-1,325.000,325.000,325.000,325.000,-1,-1,-1,-1,725.000,775.000,-1,-1,2,0,2,0,2,0,0,0,0,2,2,2,2,0,0,2,2
76,488.442,5179.864,-137.892,172.222,-0.990783,-0.135158,-0.009052,0.134510,-0.989534,0.052251,-0.016019,0.050552,0.998593,0,-0.26680,0.39354,-16.008,0.787,-1,375.000,-1,400.000,-1,325.000,325.000,325.000,325.000,-1,-1,-1,-1,725.000,775.000,-1,-1,2,0,2,0,2,0,0,0,0,2,2,2,2,0,0,2,2
77,504.349,5177.913,-137.615,173.009,-0.992541,-0.121565,-0.009167,0.120929,-0.991288,0.052196,-0.015432,0.050698,0.998595,0,-0.26711,0.39315,-16.026,0.786,-1,375.000,-1,400.000,-1,325.000,325.000,325.000,325.000,-1,-1,-1,-1,725.000,775.000,-1,-1,2,0,2,0,2,0,0,0,0,2,2,2,2,0,0,2,2
78,515.505,5176.653,-137.426,173.555,-0.993653,-0.112107,-0.009253,0.111480,-0.992397,0.052161,-0.015030,0.050798,0.998596,0,-0.18711,0.27315,-11.226,0.546,-1,375.000,-1,400.000,-1,325.000,325.000,325.000,325.000,-1,-1,-1,-1,725.000,775.000,-1,-1,2,0,2,0,2,0,0,0,0,2,2,2,2,0,0,2,2
79,521.896,5175.977,-137.314,173.965,-0.994429,-0.104995,-0.009314,0.104374,-0.993169,0.052161,-0.014727,0.050898,0.998595,0,-0.10711,0.20520,-6.426,0.410,-1,375.000,-1,400.000,-1,325.000,325.000,325.000,325.000,-1,-1,-1,-1,725.000,775.000,-1,-1,2,0,2,0,2,0,0,0,0,2,2,2,2,0,0,2,2
80,523.514,5175.817,-137.267,174.375,-0.995154,-0.097884,-0.009357,0.097268,-0.993887,0.052220,-0.014412,0.051057,0.998592,0,-0.02711,0.20504,-1.626,0.410,-1,375.000,-1,400.000,-1,325.000,325.000,325.000,325.000,-1,-1,-1,-1,725.000,775.000,-1,-1,2,0,2,0,2,0,0,0,0,2,2,2,2,0,0,2,2
81,520.354,5176.106,-137.283,174.785,-0.995828,-0.090768,-0.009383,0.090159,-0.994551,0.052338,-0.014082,0.051273,0.998585,0,0.05289,0.20499,3.174,0.410,-1,375.000,-1,400.000,-1,325.000,325.000,325.000,325.000,-1,-1,-1,-1,725.000,775.000,-1,-1,2,0,2,0,2,0,0,0,0,2,2,2,2,0,0,2,2
82,512.409,5176.773,-137.358,175.195,-0.996451,-0.083645,-0.009387,0.083042,-0.995162,0.052510,-0.013734,0.051544,0.998576,0,0.13289,0.20508,7.974,0.410,-1,375.000,-1,400.000,-1,325.000,325.000,350.000,325.000,-1,-1,-1,-1,725.000,750.000,-1,-1,2,0,2,0,2,0,0,0,0,2,2,2,2,0,0,2,2
83,499.673,5177.752,-137.490,175.606,-0.997025,-0.076509,-0.009367,0.075914,-0.995719,0.052736,-0.013362,0.051868,0.998565,0,0.21289,0.20532,12.774,0.411,-1,375.000,-1,400.000,-1,325.000,325.000,350.000,325.000,-1,-1,-1,-1,725.000,750.000,-1,-1,2,0,2,0,2,0,0,0,0,2,2,2,2,0,0,2,2
84,482.142,5178.972,-137.677,176.018,-0.997548,-0.069356,-0.009321,0.068769,-0.996223,0.053012,-0.012962,0.052242,0.998550,0,0.29289,0.20572,17.574,0.411,-1,375.000,-1,400.000,-1,325.000,325.000,350.000,325.000,-1,-1,-1,-1,725.000,750.000,-1,-1,2,0,2,0,2,0,0,0,0,2,2,2,2,0,0,2,2
85,459.812,5180.365,-137.916,176.430,-0.998022,-0.062178,-0.009245,0.061600,-0.996675,0.053339,-0.012531,0.052664,0.998534,0,0.37289,0.20631,22.374,0.413,-1,375.000,-1,400.000,-1,325.000,325.000,350.000,325.000,-1,-1,-1,-1,725.000,750.000,-1,-1,2,0,2,0,2,0,0,0,0,2,2,2,2,0,0,2,2
86,432.680,5181.860,-138.203,176.844,-0.998446,-0.054969,-0.009137,0.054402,-0.997073,0.053712,-0.012063,0.053132,0.998515,0,0.45289,0.20714,27.174,0.414,-1,375.000,-1,400.000,-1,325.000,325.000,350.000,325.000,-1,-1,-1,-1,725.000,750.000,-1,-1,2,0,2,0,2,0,0,0,0,2,2,2,2,0,0,2,2
87,400.743,5183.388,-138.537,177.261,-0.998820,-0.047719,-0.008993,0.047165,-0.997419,0.054132,-0.011553,0.053644,0.998493,0,0.53289,0.20822,31.974,0.416,-1,400.000,-1,400.000,-1,325.000,325.000,350.000,325.000,-1,-1,-1,-1,750.000,750.000,-1,-1,2,0,2,0,2,0,0,0,0,2,2,2,2,0,0,2,2
88,363.999,5184.876,-138.913,177.680,-0.999144,-0.040419,-0.008812,0.039879,-0.997712,0.054595,-0.010998,0.054197,0.998470,0,0.61289,0.20962,36.774,0.419,-1,400.000,-1,400.000,-1,325.000,325.000,350.000,325.000,-1,-1,-1,-1,750.000,750.000,-1,-1,2,0,2,0,2,0,0,0,0,2,2,2,2,0,0,2,2
89,322.449,5186.252,-139.330,178.103,-0.999417,-0.033055,-0.008589,0.032533,-0.997951,0.055101,-0.010392,0.054789,0.998444,0,0.69289,0.21137,41.574,0.423,-1,400.000,-1,400.000,-1,325.000,325.000,350.000,325.000,-1,-1,-1,-1,750.000,750.000,-1,-1,2,0,2,0,2,0,0,0,0,2,2,2,2,0,0,2,2
90,276.091,5187.441,-139.784,178.530,-0.999637,-0.025615,-0.008322,0.025113,-0.998135,0.055647,-0.009732,0.055418,0.998416,0,0.77289,0.21353,46.374,0.427,-1,400.000,-1,400.000,-1,325.000,325.000,350.000,325.000,-1,-1,-1,-1,750.000,750.000,-1,-1,2,0,2,0,2,0,0,0,0,2,2,2,2,0,0,2,2
91,228.992,5188.293,-140.230,178.962,-0.999804,-0.018083,-0.008038,0.017603,-0.998265,0.056194,-0.009041,0.056041,0.998388,0,0.78511,0.21615,47.107,0.432,-1,400.000,-1,400.000,-1,325.000,325.000,350.000,325.000,-1,-1,-1,-1,750.000,750.000,-1,-1,2,0,2,0,2,0,0,0,0,2,2,2,2,0,0,2,2
92,181.914,5188.786,-140.661,179.400,-0.999915,-0.010450,-0.007744,0.009994,-0.998339,0.056733,-0.008324,0.056651,0.998359,0,0.78467,0.21903,47.080,0.438,-1,400.000,-1,400.000,-1,325.000,325.000,350.000,325.000,-1,-1,-1,-1,750.000,750.000,-1,-1,2,0,2,0,2,0,0,0,0,2,2,2,2,0,0,2,2
93,130.999,5188.817,-141.103,179.963,-0.999972,-0.000637,-0.007439,0.000210,-0.998357,0.057308,-0.007463,0.057305,0.998329,0,0.84859,0.28157,50.915,0.563,-1,400.000,-1,400.000,-1,325.000,325.000,350.000,325.000,-1,-1,-1,-1,750.000,750.000,-1,-1,2,0,2,0,2,0,0,0,0,2,2,2,2,0,0,2,2
94,79.692,5188.344,-141.576,180.528,-0.999932,0.009201,-0.007156,-0.009599,-0.998289,0.057674,-0.006613,0.057738,0.998310,0,0.85516,0.28232,51.310,0.565,-1,400.000,-1,400.000,-1,325.000,325.000,350.000,325.000,-1,-1,-1,-1,750.000,725.000,975.000,-1,2,0,2,0,2,0,0,0,0,2,2,2,2,0,0,1,2
95,27.993,5187.356,-142.036,181.094,-0.999795,0.019061,-0.006854,-0.019427,-0.998128,0.057995,-0.005736,0.058117,0.998293,0,0.86181,0.28299,51.708,0.566,-1,375.000,-1,375.000,-1,325.000,325.000,350.000,300.000,-1,-1,-1,-1,750.000,725.000,925.000,-1,2,0,2,0,2,0,0,0,0,2,2,2,2,1,0,1,2
96,-24.096,5185.846,-142.314,181.661,-0.999559,0.028941,-0.006646,-0.029278,-0.997894,0.057884,-0.004957,0.058053,0.998301,0,0.86852,0.28359,52.111,0.567,1000.000,375.000,-1,375.000,-1,325.000,325.000,350.000,325.000,-1,-1,-1,-1,725.000,725.000,875.000,-1,1,0,2,0,2,0,0,0,0,2,2,2,2,1,1,1,2
97,-76.573,5183.803,-142.445,182.229,-0.999225,0.038837,-0.006357,-0.039139,-0.997572,0.057596,-0.004105,0.057800,0.998320,0,0.87529,0.28412,52.517,0.568,950.000,375.000,975.000,375.000,-1,325.000,325.000,350.000,325.000,-1,-1,-1,-1,675.000,700.000,825.000,-1,1,0,1,0,2,0,0,0,0,2,2,2,2,1,1,1,2
98,-129.438,5181.219,-142.554,182.799,-0.998793,0.048745,-0.006077,-0.049013,-0.997153,0.057295,-0.003267,0.057524,0.998339,0,0.88213,0.28457,52.928,0.569,900.000,375.000,900.000,375.000,-1,325.000,325.000,350.000,325.000,-1,-1,-1,-1,650.000,675.000,775.000,-1,1,0,1,0,2,0,0,0,0,2,2,2,2,1,1,1,2
99,-182.688,5178.084,-142.637,183.369,-0.998261,0.058662,-0.005805,-0.058898,-0.996636,0.056983,-0.002443,0.057226,0.998358,0,0.88904,0.28495,53.342,0.570,825.000,375.000,850.000,375.000,-1,325.000,325.000,350.000,325.000,-1,-1,-1,-1,600.000,650.000,725.000,-1,1,0,1,0,2,0,0,0,0,2,2,2,2,1,1,1,2
100,-236.321,5174.391,-142.697,183.939,-0.997630,0.068583,-0.005544,-0.068788,-0.996021,0.056659,-0.001636,0.056906,0.998378,0,0.89601,0.28525,53.761,0.571,775.000,375.000,800.000,375.000,-1,325.000,325.000,350.000,325.000,-1,-1,-1,-1,575.000,625.000,675.000,-1,1,0,1,0,2,0,0,0,0,2,2,2,2,1,1,1,2
101,-290.336,5170.131,-142.731,184.510,-0.996900,0.078507,-0.005293,-0.078680,-0.995308,0.056322,-0.000847,0.056564,0.998399,0,0.90305,0.28547,54.183,0.571,725.000,375.000,725.000,375.000,-1,325.000,325.000,350.000,325.000,-1,-1,-1,-1,525.000,575.000,625.000,-1,1,0,1,0,2,0,0,0,0,2,2,2,2,1,1,1,2
102,-344.730,5165.295,-142.739,185.081,-0.996070,0.088427,-0.005055,-0.088571,-0.994496,0.055973,-0.000077,0.056201,0.998419,0,0.91015,0.28560,54.609,0.571,650.000,400.000,675.000,375.000,-1,325.000,325.000,350.000,325.000,-1,-1,-1,-1,475.000,550.000,575.000,-1,1,1,1,1,2,0,0,0,0,2,2,2,2,1,1,1,2
103,-399.502,5159.874,-142.722,185.652,-0.995141,0.098341,-0.004829,-0.098457,-0.993586,0.055611,0.000671,0.055816,0.998441,0,0.91732,0.28565,55.039,0.571,600.000,350.000,600.000,350.000,-1,325.000,300.000,350.000,325.000,-1,-1,-1,-1,450.000,500.000,525.000,-1,1,1,1,1,2,1,1,0,0,2,2,2,2,1,1,1,2
104,-454.648,5153.860,-142.678,186.224,-0.994114,0.108244,-0.004617,-0.108334,-0.992579,0.055236,0.001397,0.055411,0.998463,0,0.92456,0.28562,55.473,0.571,550.000,325.000,550.000,325.000,-1,275.000,275.000,350.000,325.000,-1,-1,-1,-1,400.000,450.000,450.000,-1,1,1,1,1,2,1,1,0,0,2,2,2,2,1,1,1,2
105,-510.167,5147.245,-142.632,186.795,-0.992988,0.118133,-0.004330,-0.118193,-0.991480,0.054760,0.002176,0.054888,0.998490,0,0.93186,0.28548,55.911,0.571,475.000,275.000,500.000,300.000,-1,250.000,250.000,350.000,300.000,-1,-1,-1,-1,350.000,425.000,400.000,775.000,1,1,1,1,2,1,1,0,0,2,2,2,2,1,1,1,1
106,-566.055,5140.022,-142.571,187.365,-0.991766,0.128004,-0.004011,-0.128032,-0.990286,0.054228,0.002969,0.054295,0.998521,0,0.93922,0.28526,56.353,0.571,400.000,250.000,425.000,275.000,-1,225.000,225.000,325.000,300.000,-1,-1,-1,-1,300.000,375.000,350.000,550.000,1,1,1,1,2,1,1,0,0,2,2,2,2,1,1,1,1
107,-622.310,5132.181,-142.465,187.935,-0.990446,0.137852,-0.003740,-0.137854,-0.989003,0.053571,0.003686,0.053575,0.998557,0,0.94665,0.28493,56.799,0.570,350.000,225.000,375.000,250.000,-1,200.000,200.000,325.000,300.000,-1,-1,-1,-1,275.000,325.000,300.000,425.000,1,1,1,1,2,1,1,0,0,2,2,2,2,1,1,1,1
108,-673.769,5124.711,-139.871,188.265,-0.989623,0.143613,0.004709,-0.143262,-0.988670,0.044802,0.011090,0.043663,0.998985,0,0.86665,0.16493,51.999,0.330,275.000,200.000,325.000,225.000,-1,175.000,175.000,325.000,325.000,-1,875.000,975.000,-1,225.000,300.000,250.000,425.000,1,1,1,1,2,1,1,0,0,2,0,0,2,1,1,1,1
109,-720.467,5117.852,-134.839,188.355,-0.989210,0.145169,0.019738,-0.144143,-0.988484,0.046076,0.026199,0.042733,0.998743,0,0.78665,0.04493,47.199,0.090,250.000,175.000,325.000,225.000,-1,150.000,175.000,350.000,350.000,-1,375.000,475.000,-1,225.000,300.000,225.000,475.000,1,1,1,1,2,1,1,0,0,2,0,0,2,1,1,1,1
110,-762.433,5111.790,-127.158,188.205,-0.988919,0.142496,0.041636,-0.139830,-0.988286,0.061139,0.049861,0.054640,0.997260,0,0.70665,-0.07507,42.399,-0.150,250.000,175.000,325.000,225.000,-1,150.000,175.000,400.000,350.000,-1,225.000,225.000,-1,225.000,325.000,225.000,-1,1,1,1,1,2,1,1,0,0,2,0,0,2,1,1,1,2
111,327.903,8855.214,-351.280,27.512,0.889159,-0.457363,-0.014696,0.454176,0.878133,0.150355,-0.055862,-0.140364,0.988523,1,0.00000,0.00000,37.599,-0.313,350.000,300.000,-1,375.000,-1,275.000,300.000,250.000,325.000,825.000,450.000,325.000,-1,475.000,625.000,400.000,-1,0,0,2,0,2,0,0,0,1,1,1,1,2,0,0,0,2
112,332.171,8857.412,-351.451,27.272,0.891021,-0.453731,-0.014461,0.450614,0.880140,0.149331,-0.055029,-0.139574,0.988681,0,0.08000,-0.12000,4.800,-0.240,375.000,300.000,-1,375.000,-1,275.000,300.000,250.000,325.000,825.000,450.000,350.000,-1,475.000,625.000,400.000,-1,0,0,2,0,2,0,0,0,1,1,1,1,2,0,0,0,2
113,340.743,8861.736,-351.782,26.792,0.894703,-0.446441,-0.014028,0.443463,0.884106,0.147299,-0.053358,-0.138010,0.988992,0,0.16000,-0.24000,9.600,-0.480,375.000,300.000,-1,375.000,-1,275.000,300.000,250.000,325.000,850.000,475.000,350.000,-1,475.000,625.000,425.000,-1,0,0,2,0,2,0,0,0,1,1,1,1,2,0,0,0,2
114,353.681,8868.061,-352.258,26.072,0.900119,-0.435436,-0.013467,0.432667,0.889933,0.144288,-0.050844,-0.135703,0.989444,0,0.24000,-0.36000,14.400,-0.720,375.000,300.000,-1,375.000,-1,275.000,300.000,250.000,325.000,900.000,475.000,375.000,-1,475.000,625.000,425.000,-1,0,0,2,0,2,0,0,0,1,1,1,1,2,0,0,0,2
115,371.071,8876.204,-352.857,25.112,0.907137,-0.420638,-0.012877,0.418148,0.897473,0.140339,-0.047476,-0.132691,0.990020,0,0.32000,-0.48000,19.200,-0.960,375.000,300.000,-1,375.000,-1,275.000,300.000,250.000,325.000,950.000,500.000,400.000,-1,500.000,650.000,450.000,-1,0,0,2,0,2,0,0,0,1,1,1,1,2,0,0,0,2
116,393.016,8885.926,-353.552,23.912,0.915579,-0.401947,-0.012377,0.399805,0.906528,0.135513,-0.043248,-0.129021,0.990698,0,0.40000,-0.60000,24.000,-1.200,400.000,300.000,-1,375.000,-1,275.000,300.000,250.000,325.000,-1,525.000,450.000,-1,500.000,650.000,450.000,-1,0,0,2,0,2,0,0,0,1,2,1,1,2,0,0,0,2
117,419.635,8896.927,-354.312,22.472,0.925216,-0.379248,-0.012103,0.377517,0.916848,0.129888,-0.038164,-0.124744,0.991455,0,0.48000,-0.72000,28.800,-1.440,425.000,325.000,-1,375.000,-1,275.000,300.000,250.000,325.000,-1,550.000,500.000,-1,500.000,650.000,475.000,-1,0,0,2,0,2,0,0,0,1,2,1,1,2,0,0,0,2
118,451.053,8908.846,-355.102,20.792,0.935764,-0.352417,-0.012186,0.351151,0.928130,0.123567,-0.032236,-0.119909,0.992261,0,0.56000,-0.84000,33.600,-1.680,450.000,325.000,-1,375.000,-1,275.000,300.000,275.000,300.000,-1,600.000,550.000,-1,500.000,650.000,500.000,-1,0,0,2,0,2,0,0,0,1,2,1,1,2,0,0,0,2
119,487.394,8921.258,-355.886,18.872,0.946882,-0.321327,-0.012750,0.320567,0.940013,0.116671,-0.025504,-0.114561,0.993089,0,0.64000,-0.96000,38.400,-1.920,475.000,325.000,-1,375.000,-1,275.000,300.000,275.000,300.000,-1,625.000,575.000,475.000,525.000,650.000,550.000,-1,0,0,2,0,2,0,0,0,1,2,1,1,1,0,0,0,2
120,527.335,8933.361,-356.604,16.872,0.957377,-0.288507,-0.013878,0.288252,0.951254,0.109664,-0.018438,-0.108990,0.993872,0,0.69553,-1.00000,41.732,-2.000,500.000,325.000,-1,375.000,-1,275.000,300.000,275.000,300.000,-1,675.000,625.000,475.000,525.000,650.000,575.000,-1,0,0,2,0,2,0,0,0,1,2,1,1,1,0,0,0,2
121,567.590,8944.041,-357.206,14.872,0.966744,-0.255282,-0.015403,0.255487,0.961304,0.103058,-0.011502,-0.103566,0.994556,0,0.69408,-1.00000,41.645,-2.000,525.000,325.000,-1,375.000,-1,275.000,300.000,275.000,300.000,-1,700.000,650.000,475.000,550.000,650.000,600.000,-1,0,0,2,0,2,0,0,0,1,2,1,1,1,0,0,0,2
122,608.160,8953.302,-357.980,12.872,0.974948,-0.221720,-0.017803,0.222398,0.970250,0.095676,-0.003940,-0.097238,0.995253,0,0.69352,-1.00000,41.611,-2.000,575.000,325.000,-1,375.000,-1,275.000,300.000,275.000,300.000,-1,750.000,700.000,450.000,550.000,650.000,650.000,-1,0,0,2,0,2,0,0,0,1,2,1,1,1,0,0,0,2
123,649.040,8961.146,-358.346,10.872,0.981967,-0.187815,-0.021617,0.189006,0.977874,0.089664,0.004298,-0.092133,0.995737,0,0.69373,-1.00000,41.624,-2.000,625.000,325.000,-1,375.000,-1,300.000,300.000,275.000,300.000,-1,775.000,725.000,425.000,575.000,675.000,725.000,-1,0,0,2,0,2,0,0,0,1,2,1,1,1,0,0,0,2
124,690.222,8967.567,-358.413,8.872,0.987798,-0.153637,-0.025492,0.155268,0.984243,0.084602,0.012092,-0.087528,0.996089,0,0.69462,-1.00000,41.677,-2.000,675.000,350.000,-1,375.000,-1,300.000,300.000,275.000,300.000,-1,800.000,750.000,425.000,575.000,675.000,825.000,-1,0,0,2,0,2,0,0,0,1,2,1,1,1,0,0,0,2
125,731.691,8972.557,-357.715,6.872,0.992465,-0.119258,-0.028116,0.121127,0.989539,0.078367,0.018476,-0.081182,0.996528,0,0.69611,-1.00000,41.767,-2.000,775.000,350.000,-1,375.000,-1,300.000,300.000,275.000,300.000,-1,825.000,800.000,425.000,600.000,700.000,925.000,-1,0,0,2,0,2,0,0,0,1,2,1,1,1,0,0,0,2
126,773.430,8976.108,-356.760,4.872,0.995927,-0.084692,-0.030928,0.086750,0.993573,0.072714,0.024571,-0.075100,0.996873,0,0.69813,-1.00000,41.888,-2.000,850.000,350.000,-1,375.000,-1,300.000,300.000,275.000,300.000,-1,850.000,850.000,425.000,625.000,700.000,-1,-1,0,0,2,0,2,0,0,0,1,2,1,1,1,0,0,2,2
127,815.415,8978.209,-355.603,2.872,0.998179,-0.049985,-0.033756,0.052186,0.996333,0.067808,0.030243,-0.069446,0.997127,0,0.70061,-1.00000,42.036,-2.000,975.000,350.000,-1,375.000,-1,300.000,300.000,275.000,300.000,-1,875.000,875.000,425.000,625.000,700.000,-1,-1,0,0,2,0,2,0,0,0,1,2,1,1,1,0,0,2,2
128,857.621,8978.846,-354.250,0.872,0.999216,-0.015189,-0.036551,0.017494,0.997822,0.063608,0.035505,-0.064198,0.997305,0,0.70350,-1.00000,42.210,-2.000,-1,350.000,-1,375.000,-1,300.000,300.000,300.000,300.000,-1,900.000,900.000,425.000,650.000,700.000,-1,-1,2,0,2,0,2,0,0,0,1,2,1,1,1,0,0,2,2
129,900.019,8978.007,-352.710,-1.128,0.999035,0.019650,-0.039271,-0.017269,0.998045,0.060066,0.040375,-0.059330,0.997422,0,0.70675,-1.00000,42.405,-2.000,-1,375.000,-1,375.000,-1,300.000,325.000,300.000,325.000,-1,900.000,925.000,425.000,650.000,700.000,-1,-1,2,0,2,0,2,0,0,0,1,2,0,1,1,0,0,2,2
130,942.575,8975.678,-350.994,-3.128,0.997636,0.054483,-0.041885,-0.052050,0.997009,0.057132,0.044872,-0.054817,0.997488,0,0.71031,-1.00000,42.619,-2.000,-1,375.000,-1,375.000,-1,300.000,325.000,300.000,325.000,-1,825.000,900.000,450.000,675.000,725.000,-1,-1,2,0,2,0,2,0,0,0,1,2,0,0,1,0,0,2,2
131,985.253,8971.846,-349.112,-5.128,0.995019,0.089265,-0.044367,-0.086797,0.994720,0.054753,0.049020,-0.050629,0.997514,0,0.71416,-1.00000,42.849,-2.000,-1,375.000,-1,375.000,-1,300.000,325.000,300.000,325.000,-1,800.000,825.000,475.000,675.000,725.000,-1,-1,2,0,2,0,2,0,0,0,1,2,0,0,1,0,0,2,2
132,1028.016,8966.496,-347.076,-7.128,0.991189,0.123949,-0.046701,-0.121458,0.991187,0.052871,0.052843,-0.046733,0.997509,0,0.71825,-1.00000,43.095,-2.000,-1,375.000,-1,375.000,-1,325.000,325.000,300.000,325.000,-1,775.000,800.000,500.000,700.000,725.000,-1,-1,2,0,2,0,2,0,0,0,0,2,0,0,1,0,0,2,2
133,1070.820,8959.616,-344.899,-9.128,0.986150,0.158492,-0.048882,-0.155986,0.986419,0.051431,0.056369,-0.043094,0.997480,0,0.72255,-1.00000,43.353,-2.000,-1,375.000,-1,400.000,-1,325.000,325.000,300.000,325.000,-1,775.000,775.000,500.000,700.000,725.000,-1,-1,2,0,2,0,2,0,0,0,0,2,0,0,1,0,0,2,2
134,1113.622,8951.195,-342.593,-11.128,0.979907,0.192848,-0.050911,-0.190333,0.980426,0.050376,0.059629,-0.039674,0.997432,0,0.72704,-1.00000,43.622,-2.000,-1,375.000,-1,400.000,-1,325.000,325.000,300.000,325.000,-1,750.000,750.000,525.000,725.000,725.000,-1,-1,2,0,2,0,2,0,0,0,0,2,0,0,1,0,0,2,2
135,1156.376,8941.222,-340.174,-13.128,0.972468,0.226975,-0.052799,-0.224454,0.973219,0.049650,0.062655,-0.036432,0.997370,0,0.73169,-1.00000,43.901,-2.000,-1,375.000,-1,400.000,-1,325.000,325.000,300.000,325.000,-1,750.000,750.000,550.000,725.000,750.000,-1,-1,2,0,2,0,2,0,0,0,0,2,0,0,1,0,0,2,2
136,1199.034,8929.689,-337.657,-15.128,0.963841,0.260830,-0.054568,-0.258306,0.964809,0.049200,0.065481,-0.033325,0.997297,0,0.73647,-1.00000,44.188,-2.000,-1,400.000,-1,400.000,-1,325.000,325.000,300.000,300.000,-1,775.000,750.000,575.000,725.000,750.000,-1,-1,2,0,2,0,2,0,0,0,0,2,0,0,1,0,0,2,2
