timestep,x_cm,y_cm,z_cm,yaw_deg,basis_xx,basis_xy,basis_xz,basis_yx,basis_yy,basis_yz,basis_zx,basis_zy,basis_zz,teleport_flag,throttle_cmd,steering_cmd,cmd_move_cm,cmd_turn_deg,lidar_cm_0,lidar_cm_1,lidar_cm_2,lidar_cm_3,lidar_cm_4,lidar_cm_5,lidar_cm_6,lidar_cm_7,lidar_cm_8,lidar_cm_9,lidar_cm_10,lidar_cm_11,lidar_cm_12,lidar_cm_13,lidar_cm_14,lidar_cm_15,lidar_cm_16,lidar_class_0,lidar_class_1,lidar_class_2,lidar_class_3,lidar_class_4,lidar_class_5,lidar_class_6,lidar_class_7,lidar_class_8,lidar_class_9,lidar_class_10,lidar_class_11,lidar_class_12,lidar_class_13,lidar_class_14,lidar_class_15,lidar_class_16
0,8857.884,6883.376,47.619,-54.505,0.576667,0.813997,0.069751,-0.811867,0.580502,-0.062369,-0.091259,-0.020663,0.995613,1,0.08000,-0.12000,4.800,-0.240,-1,375.000,-1,350.000,700.000,300.000,300.000,300.000,275.000,-1,-1,-1,-1,650.000,575.000,-1,700.000,2,0,2,0,0,0,0,0,0,2,2,2,2,0,0,2,0
1,8863.392,6875.514,46.834,-54.985,0.569845,0.818819,0.069370,-0.816752,0.573654,-0.061944,-0.090516,-0.021360,0.995666,0,0.16000,-0.24000,9.600,-0.480,-1,375.000,-1,350.000,700.000,300.000,300.000,300.000,275.000,-1,-1,-1,-1,650.000,575.000,-1,700.000,2,0,2,0,0,0,0,0,0,2,2,2,2,0,0,2,0
2,8871.506,6863.617,45.657,-55.705,0.559538,0.825944,0.068800,-0.823973,0.563307,-0.061278,-0.089368,-0.022402,0.995747,0,0.24000,-0.36000,14.400,-0.720,-1,375.000,-1,350.000,700.000,300.000,300.000,300.000,275.000,-1,-1,-1,-1,650.000,550.000,-1,700.000,2,0,2,0,0,0,0,0,0,2,2,2,2,0,0,2,0
3,8882.057,6847.577,44.099,-56.665,0.545659,0.835239,0.068057,-0.833400,0.549371,-0.060299,-0.087752,-0.023816,0.995858,0,0.32000,-0.48000,19.200,-0.960,-1,375.000,-1,350.000,700.000,300.000,300.000,300.000,275.000,-1,-1,-1,-1,650.000,550.000,1000.000,700.000,2,0,2,0,0,0,0,0,0,2,2,2,2,0,0,0,0
4,8894.824,6827.254,42.188,-57.865,0.528097,0.846522,0.067191,-0.844865,0.531734,-0.058844,-0.085541,-0.025692,0.996003,0,0.40000,-0.60000,24.000,-1.200,-1,375.000,-1,350.000,700.000,300.000,300.000,300.000,275.000,-1,-1,-1,-1,650.000,550.000,975.000,675.000,2,0,2,0,0,0,0,0,0,2,2,2,2,0,0,0,0
5,8909.532,6802.494,39.898,-59.289,0.506967,0.859421,0.066185,-0.857983,0.510507,-0.056987,-0.082764,-0.027896,0.996179,0,0.48000,-0.71186,28.800,-1.424,-1,375.000,-1,350.000,675.000,300.000,300.000,325.000,275.000,-1,-1,-1,-1,625.000,550.000,950.000,675.000,2,0,2,0,0,0,0,0,0,2,2,2,2,0,0,0,0
6,8925.970,6773.189,37.220,-60.713,0.485547,0.871783,0.065101,-0.870588,0.488965,-0.054684,-0.079505,-0.030124,0.996379,0,0.56000,-0.71186,33.600,-1.424,-1,375.000,-1,350.000,675.000,300.000,300.000,325.000,275.000,-1,-1,-1,-1,625.000,550.000,925.000,675.000,2,0,2,0,0,0,0,0,0,2,2,2,2,0,0,0,0
7,8943.917,6739.242,34.157,-62.137,0.463855,0.883601,0.063933,-0.882669,0.467121,-0.051897,-0.075721,-0.032359,0.996604,0,0.64000,-0.71186,38.400,-1.424,-1,375.000,-1,350.000,675.000,300.000,300.000,325.000,275.000,-1,-1,-1,-1,600.000,550.000,900.000,675.000,2,0,2,0,0,0,0,0,0,2,2,2,2,0,0,0,0
8,8963.153,6700.561,30.825,-63.560,0.441859,0.894855,0.063212,-0.894214,0.444983,-0.048700,-0.071707,-0.035007,0.996811,0,0.72000,-0.71186,43.200,-1.424,1000.000,375.000,-1,325.000,675.000,300.000,300.000,325.000,275.000,-1,350.000,-1,-1,600.000,525.000,875.000,650.000,0,0,2,0,0,0,0,0,0,2,0,2,2,0,0,0,0
9,8982.996,6658.051,27.514,-64.980,0.419557,0.905480,0.063864,-0.905172,0.422615,-0.045391,-0.068091,-0.038763,0.996926,0,0.78191,-0.70989,46.914,-1.420,925.000,350.000,-1,325.000,675.000,300.000,275.000,325.000,275.000,-1,325.000,475.000,-1,575.000,525.000,825.000,650.000,0,0,2,0,0,0,0,0,0,2,0,0,2,0,0,0,0
10,9001.885,6614.836,24.455,-66.393,0.397111,0.915453,0.065191,-0.915566,0.400077,-0.040959,-0.063577,-0.043421,0.997032,0,0.78604,-0.70667,47.162,-1.413,875.000,350.000,-1,325.000,700.000,300.000,275.000,325.000,275.000,-1,300.000,400.000,-1,550.000,525.000,775.000,650.000,0,0,2,0,0,0,0,0,0,2,0,0,2,0,0,0,0
11,9019.795,6570.960,21.979,-67.800,0.374565,0.924701,0.068034,-0.925435,0.377370,-0.034094,-0.057201,-0.050191,0.997100,0,0.78985,-0.70312,47.391,-1.406,825.000,350.000,-1,325.000,750.000,275.000,275.000,300.000,275.000,-1,275.000,350.000,-1,550.000,525.000,750.000,700.000,0,0,2,0,0,0,0,0,0,2,0,0,2,0,0,0,0
12,9036.703,6526.466,19.530,-69.198,0.351978,0.933295,0.071215,-0.934638,0.354560,-0.027199,-0.050634,-0.056987,0.997090,0,0.79332,-0.69926,47.599,-1.399,775.000,350.000,-1,325.000,825.000,275.000,275.000,300.000,300.000,-1,250.000,300.000,-1,550.000,550.000,725.000,750.000,0,0,2,0,0,0,0,0,0,2,0,0,2,0,0,0,0
13,9053.839,6478.045,17.231,-70.516,0.330558,0.940862,0.074230,-0.942737,0.332874,-0.021005,-0.044472,-0.063036,0.997020,0,0.85606,-0.65910,51.363,-1.318,725.000,325.000,-1,325.000,925.000,275.000,275.000,300.000,300.000,-1,250.000,300.000,-1,525.000,550.000,675.000,800.000,0,0,2,0,0,0,0,0,0,2,0,0,2,0,0,0,0
14,9069.915,6429.076,16.096,-71.825,0.309342,0.948130,0.073197,-0.950183,0.311268,-0.016272,-0.038212,-0.064517,0.997185,0,0.85901,-0.65438,51.540,-1.309,725.000,325.000,-1,325.000,1000.000,275.000,275.000,300.000,300.000,-1,275.000,325.000,-1,525.000,550.000,675.000,850.000,0,0,2,0,0,0,0,0,0,2,0,0,2,0,0,0,0
15,9084.919,6379.611,15.661,-73.124,0.288364,0.955016,0.069213,-0.957056,0.289721,-0.010232,-0.029824,-0.063290,0.997549,0,0.86150,-0.64937,51.690,-1.299,775.000,325.000,-1,350.000,-1,275.000,275.000,300.000,300.000,-1,275.000,325.000,-1,550.000,575.000,725.000,925.000,0,0,2,0,2,0,0,0,0,2,0,0,2,0,0,0,0
16,9098.839,6329.705,15.300,-74.412,0.267380,0.961371,0.065372,-0.963355,0.268201,-0.003966,-0.021345,-0.061916,0.997853,0,0.86352,-0.64409,51.811,-1.288,850.000,325.000,-1,350.000,-1,275.000,275.000,300.000,300.000,-1,300.000,325.000,-1,550.000,575.000,800.000,-1,0,0,2,0,2,0,0,0,0,2,0,0,2,0,0,0,2
17,9111.666,6279.413,15.012,-75.689,0.246411,0.967200,0.061696,-0.969081,0.246730,0.002507,-0.012798,-0.060406,0.998092,0,0.86504,-0.63856,51.902,-1.277,975.000,350.000,-1,350.000,-1,275.000,300.000,325.000,300.000,-1,300.000,325.000,-1,575.000,600.000,900.000,-1,0,0,2,0,2,0,0,0,0,2,0,0,2,0,0,0,2
18,9123.392,6228.790,14.793,-76.955,0.225476,0.972509,0.058205,-0.974240,0.225329,0.009165,-0.004202,-0.058772,0.998263,0,0.86604,-0.63282,51.962,-1.266,-1,350.000,-1,350.000,-1,300.000,300.000,325.000,300.000,-1,275.000,275.000,-1,575.000,625.000,-1,-1,2,0,2,0,2,0,0,0,0,2,0,0,2,0,0,2,2
19,9134.014,6177.895,14.642,-78.209,0.204593,0.977305,0.054917,-0.978837,0.204016,0.015985,0.004418,-0.057025,0.998363,0,0.86652,-0.62690,51.991,-1.254,-1,350.000,-1,350.000,-1,300.000,300.000,325.000,300.000,-1,225.000,225.000,-1,600.000,650.000,-1,-1,2,0,2,0,2,0,0,0,0,2,0,0,2,0,0,2,2
20,9143.530,6126.784,14.554,-79.450,0.183781,0.981599,0.051850,-0.982881,0.182809,0.022943,0.013042,-0.055179,0.998391,0,0.86648,-0.62084,51.989,-1.242,-1,350.000,-1,375.000,-1,300.000,300.000,325.000,300.000,-1,200.000,200.000,-1,625.000,650.000,-1,-1,2,0,2,0,2,0,0,0,0,2,0,0,2,0,0,2,2
21,9151.943,6075.514,14.564,-80.680,0.163052,0.985392,0.049169,-0.986382,0.161723,0.029929,0.021540,-0.053380,0.998342,0,0.86591,-0.61469,51.955,-1.229,-1,350.000,-1,375.000,-1,300.000,300.000,325.000,300.000,-1,175.000,175.000,-1,625.000,675.000,-1,-1,2,0,2,0,2,0,0,0,0,2,0,0,2,0,0,2,2
22,9159.255,6024.141,14.756,-81.897,0.142423,0.988678,0.047237,-0.989362,0.140768,0.036699,0.029634,-0.051961,0.998209,0,0.86484,-0.60849,51.891,-1.217,-1,375.000,-1,375.000,-1,300.000,300.000,325.000,300.000,-1,175.000,150.000,-1,650.000,700.000,-1,-1,2,0,2,0,2,0,0,0,0,2,0,0,2,0,0,2,2
23,9165.475,5972.717,15.008,-83.101,0.121919,0.991493,0.045575,-0.991826,0.119961,0.043487,0.037650,-0.050505,0.998014,0,0.86329,-0.60231,51.797,-1.205,-1,375.000,-1,375.000,-1,300.000,300.000,300.000,275.000,-1,150.000,125.000,975.000,675.000,725.000,-1,-1,2,0,2,0,2,0,0,0,0,2,0,0,0,0,0,2,2
24,9170.612,5921.295,15.636,-84.294,0.101563,0.993790,0.045448,-0.993826,0.099304,0.049477,0.044657,-0.050192,0.997741,0,0.86128,-0.59620,51.677,-1.192,-1,375.000,-1,400.000,-1,300.000,325.000,300.000,275.000,-1,150.000,125.000,900.000,675.000,800.000,-1,-1,2,0,2,0,2,0,0,0,0,2,0,0,0,0,0,2,2
25,9174.673,5869.923,17.460,-85.480,0.081174,0.995614,0.046504,-0.995507,0.078707,0.052642,0.048750,-0.050569,0.997530,0,0.85887,-0.59313,51.532,-1.186,-1,375.000,-1,400.000,-1,300.000,325.000,300.000,275.000,-1,175.000,175.000,925.000,675.000,850.000,-1,-1,2,0,2,0,2,0,0,0,0,2,0,0,0,0,0,2,2
26,9177.662,5818.645,20.143,-86.662,0.060565,0.997168,0.044591,-0.996882,0.058164,0.053321,0.050577,-0.047682,0.997581,0,0.85608,-0.59091,51.365,-1.182,-1,375.000,-1,400.000,-1,300.000,325.000,300.000,300.000,-1,225.000,200.000,925.000,700.000,875.000,-1,-1,2,0,2,0,2,0,0,0,0,2,0,0,0,0,0,2,2
27,9179.590,5767.502,22.875,-87.840,0.039979,0.998287,0.042706,-0.997833,0.037653,0.053960,0.052259,-0.044771,0.997629,0,0.85298,-0.58910,51.179,-1.178,-1,375.000,-1,400.000,-1,300.000,325.000,300.000,300.000,-1,275.000,250.000,925.000,750.000,925.000,-1,-1,2,0,2,0,2,0,0,0,0,2,0,0,0,0,0,2,2
28,9180.464,5716.532,25.649,-89.015,0.019412,0.998977,0.040849,-0.998363,0.017169,0.054558,0.053801,-0.041841,0.997675,0,0.84961,-0.58770,50.977,-1.175,-1,375.000,-1,400.000,-1,325.000,325.000,300.000,300.000,-1,325.000,300.000,950.000,800.000,950.000,-1,-1,2,0,2,0,2,0,0,0,0,2,0,0,0,0,0,2,2
29,9180.296,5665.769,28.457,-90.189,-0.001142,0.999238,0.039021,-0.998475,-0.003293,0.055116,0.055202,-0.038898,0.997717,0,0.84606,-0.58673,50.764,-1.173,-1,375.000,-1,400.000,-1,325.000,325.000,300.000,300.000,-1,400.000,350.000,950.000,850.000,975.000,-1,-1,2,0,2,0,2,0,0,0,0,2,0,0,0,0,0,2,2
30,9179.094,5615.240,31.291,-91.361,-0.021687,0.999072,0.037223,-0.998169,-0.023740,0.055635,0.056467,-0.035948,0.997757,0,0.84238,-0.58618,50.543,-1.172,-1,375.000,-1,400.000,-1,325.000,325.000,300.000,300.000,-1,450.000,400.000,975.000,875.000,1000.000,-1,-1,2,0,2,0,2,0,0,0,0,2,0,0,0,0,0,2,2
31,9176.869,5564.969,34.145,-92.533,-0.042227,0.998479,0.035455,-0.997447,-0.044176,0.056115,0.057596,-0.032995,0.997795,0,0.83865,-0.58605,50.319,-1.172,-1,375.000,-1,400.000,-1,325.000,325.000,300.000,300.000,-1,500.000,450.000,1000.000,925.000,-1,-1,-1,2,0,2,0,2,0,0,0,0,2,0,0,0,0,2,2,2
32,9173.630,5514.977,37.011,-93.706,-0.062768,0.997458,0.033719,-0.996307,-0.064607,0.056558,0.058593,-0.030045,0.997830,0,0.83494,-0.58634,50.097,-1.173,-1,400.000,-1,425.000,-1,325.000,325.000,300.000,275.000,-1,550.000,500.000,1000.000,975.000,-1,-1,-1,2,0,2,0,2,0,0,0,0,2,0,0,0,0,2,2,2
33,9169.386,5465.279,39.882,-94.880,-0.083313,0.996009,0.032015,-0.994748,-0.085039,0.056964,0.059459,-0.027101,0.997863,0,0.83132,-0.58704,49.879,-1.174,-1,400.000,-1,425.000,-1,325.000,325.000,300.000,275.000,-1,600.000,550.000,-1,-1,-1,-1,-1,2,0,2,0,2,0,0,0,0,2,0,0,2,2,2,2,2
34,9164.144,5415.885,42.754,-96.056,-0.103867,0.994128,0.030344,-0.992768,-0.105475,0.057334,0.060198,-0.024170,0.997894,0,0.82785,-0.58813,49.671,-1.176,-1,425.000,-1,450.000,-1,350.000,350.000,300.000,275.000,-1,675.000,600.000,-1,-1,-1,-1,-1,2,0,2,0,2,0,0,0,0,2,0,0,2,2,2,2,2
35,9157.912,5366.804,45.620,-97.236,-0.124434,0.991813,0.028706,-0.990363,-0.125921,0.057668,0.060810,-0.021253,0.997923,0,0.82459,-0.58963,49.475,-1.179,-1,450.000,-1,450.000,-1,350.000,350.000,325.000,275.000,-1,725.000,650.000,-1,-1,-1,-1,-1,2,0,2,0,2,0,0,0,0,2,0,0,2,2,2,2,2
36,9150.695,5318.039,48.475,-98.419,-0.145015,0.989058,0.027101,-0.987529,-0.146379,0.057967,0.061300,-0.018357,0.997951,0,0.82160,-0.59150,49.296,-1.183,-1,450.000,-1,450.000,-1,350.000,350.000,325.000,275.000,-1,800.000,700.000,-1,-1,-1,-1,-1,2,0,2,0,2,0,0,0,0,2,0,0,2,2,2,2,2
37,9142.495,5269.592,51.134,-99.606,-0.165571,0.985843,0.026471,-0.984325,-0.166850,0.057138,0.060746,-0.016596,0.998015,0,0.81893,-0.59375,49.136,-1.187,-1,475.000,-1,475.000,-1,375.000,375.000,300.000,275.000,-1,875.000,775.000,-1,-1,-1,-1,-1,2,0,2,0,2,0,0,0,0,2,0,0,2,2,2,2,2
38,9133.316,5221.464,53.175,-100.799,-0.186047,0.982140,0.028057,-0.980832,-0.187331,0.053629,0.057927,-0.017541,0.998167,0,0.81661,-0.59635,48.996,-1.193,-1,475.000,-1,475.000,-1,375.000,375.000,300.000,275.000,-1,975.000,875.000,-1,-1,-1,-1,-1,2,0,2,0,2,0,0,0,0,2,0,0,2,2,2,2,2
39,9122.868,5172.289,55.158,-101.994,-0.206554,0.978010,0.028845,-0.976938,-0.207778,0.049206,0.054117,-0.018016,0.998372,0,0.83788,-0.59770,50.273,-1.195,-1,450.000,-1,450.000,-1,375.000,375.000,300.000,275.000,-1,-1,1000.000,-1,-1,-1,-1,-1,2,0,2,0,2,0,0,0,0,2,2,0,2,2,2,2,2
40,9111.440,5123.527,56.753,-103.190,-0.227099,0.973477,0.027723,-0.972634,-0.228154,0.043918,0.049078,-0.016991,0.998650,0,0.83472,-0.59808,50.083,-1.196,-1,450.000,-1,450.000,-1,350.000,350.000,275.000,275.000,-1,-1,-1,-1,-1,-1,-1,-1,2,0,2,0,2,0,0,0,0,2,2,2,2,2,2,2,2
41,9100.373,5079.618,58.196,-104.146,-0.243465,0.969548,0.026470,-0.968888,-0.244370,0.039221,0.044495,-0.016097,0.998880,0,0.75472,-0.47808,45.283,-0.956,-1,450.000,-1,450.000,-1,350.000,350.000,275.000,275.000,-1,-1,-1,-1,-1,-1,-1,-1,2,0,2,0,2,0,0,0,0,2,2,2,2,2,2,2,2
42,9089.989,5040.489,59.479,-104.863,-0.255695,0.966430,0.025178,-0.965914,-0.256473,0.035099,0.040378,-0.015345,0.999067,0,0.67472,-0.35808,40.483,-0.716,-1,450.000,-1,450.000,-1,350.000,350.000,275.000,275.000,-1,-1,-1,-1,-1,1000.000,-1,-1,2,0,2,0,2,0,0,0,0,2,2,2,2,2,0,2,2
43,9080.550,5006.077,60.597,-105.339,-0.263826,0.964274,0.023924,-0.963871,-0.264498,0.031528,0.036729,-0.014742,0.999217,0,0.59472,-0.23808,35.683,-0.476,-1,450.000,-1,425.000,-1,350.000,350.000,275.000,275.000,-1,-1,-1,-1,-1,975.000,-1,-1,2,0,2,0,2,0,0,0,0,2,2,2,2,2,0,2,2
44,9072.258,4976.328,61.549,-105.575,-0.267886,0.963182,0.022771,-0.962866,-0.268472,0.028483,0.033548,-0.014295,0.999335,0,0.51472,-0.11808,30.883,-0.236,-1,450.000,-1,425.000,-1,350.000,350.000,300.000,275.000,-1,-1,-1,-1,-1,950.000,-1,-1,2,0,2,0,2,0,0,0,0,2,2,2,2,2,0,2,2
45,9065.257,4951.202,62.333,-105.571,-0.267891,0.963203,0.021765,-0.962956,-0.268408,0.025944,0.030831,-0.014008,0.999426,0,0.43472,0.00192,26.083,0.004,-1,450.000,-1,425.000,-1,350.000,350.000,300.000,275.000,-1,-1,-1,-1,-1,950.000,-1,-1,2,0,2,0,2,0,0,0,0,2,2,2,2,2,0,2,2
46,9059.631,4930.676,62.952,-105.327,-0.263842,0.964339,0.020942,-0.964143,-0.264307,0.023892,0.028575,-0.013887,0.999495,0,0.35472,0.12192,21.283,0.244,-1,425.000,-1,425.000,-1,350.000,350.000,300.000,275.000,-1,-1,-1,-1,-1,925.000,-1,-1,2,0,2,0,2,0,0,0,0,2,2,2,2,2,0,2,2
47,9055.408,4914.743,63.408,-104.843,-0.255726,0.966535,0.020325,-0.966378,-0.256154,0.022315,0.026775,-0.013935,0.999544,0,0.27472,0.24192,16.483,0.484,-1,425.000,-1,425.000,-1,350.000,350.000,300.000,275.000,-1,-1,-1,-1,-1,925.000,-1,-1,2,0,2,0,2,0,0,0,0,2,2,2,2,2,0,2,2
48,9052.558,4903.412,63.705,-104.120,-0.243519,0.969691,0.019925,-0.969563,-0.243923,0.021209,0.025426,-0.014154,0.999576,0,0.19472,0.36192,11.683,0.724,-1,425.000,-1,425.000,-1,350.000,350.000,300.000,275.000,-1,-1,-1,-1,-1,925.000,-1,-1,2,0,2,0,2,0,0,0,0,2,2,2,2,2,0,2,2
49,9050.992,4896.710,63.849,-103.156,-0.227184,0.973652,0.019741,-0.973543,-0.227575,0.020574,0.024524,-0.014544,0.999593,0,0.11472,0.48192,6.883,0.964,-1,425.000,-1,425.000,-1,350.000,350.000,300.000,275.000,-1,-1,-1,-1,-1,925.000,-1,-1,2,0,2,0,2,0,0,0,0,2,2,2,2,2,0,2,2
50,9050.560,4894.672,63.846,-101.952,-0.206676,0.978210,0.019756,-0.978114,-0.207068,0.020418,0.024064,-0.015104,0.999596,0,0.03472,0.60192,2.083,1.204,-1,425.000,-1,425.000,-1,350.000,350.000,300.000,275.000,-1,-1,-1,-1,-1,925.000,-1,-1,2,0,2,0,2,0,0,0,0,2,2,2,2,2,0,2,2
51,9051.056,4897.343,63.704,-100.508,-0.181948,0.983106,0.019943,-0.983014,-0.182352,0.020751,0.024037,-0.015829,0.999586,0,-0.04528,0.72192,-2.717,1.444,-1,425.000,-1,425.000,-1,350.000,350.000,300.000,275.000,-1,-1,-1,-1,-1,925.000,-1,-1,2,0,2,0,2,0,0,0,0,2,2,2,2,2,0,2,2
52,9052.209,4904.770,63.433,-98.824,-0.152955,0.988025,0.020258,-0.987931,-0.153383,0.021586,0.024435,-0.016712,0.999562,0,-0.12528,0.84192,-7.517,1.684,-1,425.000,-1,425.000,-1,350.000,350.000,300.000,275.000,-1,-1,-1,-1,-1,925.000,-1,-1,2,0,2,0,2,0,0,0,0,2,2,2,2,2,0,2,2
53,9053.689,4916.998,63.096,-96.900,-0.119660,0.992597,0.020809,-0.992498,-0.120125,0.022761,0.025092,-0.017929,0.999524,0,-0.20528,0.96192,-12.317,1.924,-1,425.000,-1,425.000,-1,350.000,350.000,275.000,275.000,-1,-1,-1,-1,-1,950.000,-1,-1,2,0,2,0,2,0,0,0,0,2,2,2,2,2,0,2,2
54,9055.166,4934.050,62.695,-94.950,-0.085754,0.996085,0.021489,-0.995975,-0.086270,0.024335,0.026094,-0.019316,0.999473,0,-0.28528,0.97524,-17.117,1.950,-1,425.000,-1,425.000,-1,350.000,350.000,275.000,275.000,-1,-1,-1,-1,-1,975.000,-1,-1,2,0,2,0,2,0,0,0,0,2,2,2,2,2,0,2,2
55,9056.300,4955.680,62.215,-92.999,-0.051729,0.998416,0.022141,-0.998282,-0.052308,0.026386,0.027502,-0.020738,0.999407,0,-0.36099,0.97547,-21.659,1.951,-1,425.000,-1,425.000,-1,350.000,350.000,275.000,275.000,-1,-1,-1,-1,-1,975.000,-1,-1,2,0,2,0,2,0,0,0,0,2,2,2,2,2,0,2,2
56,9056.679,4972.535,61.877,-91.288,-0.021846,0.999507,0.022560,-0.999356,-0.022474,0.027967,0.028460,-0.021935,0.999354,0,-0.28099,0.85547,-16.859,1.711,-1,425.000,-1,425.000,-1,350.000,350.000,275.000,275.000,-1,-1,-1,-1,-1,1000.000,-1,-1,2,0,2,0,2,0,0,0,0,2,2,2,2,2,0,2,2
57,9056.640,4984.594,61.665,-89.817,0.003854,0.999733,0.022804,-0.999572,0.003190,0.029078,0.028997,-0.022907,0.999317,0,-0.20099,0.73547,-12.059,1.471,-1,425.000,-1,425.000,-1,350.000,350.000,275.000,275.000,-1,-1,-1,-1,-1,-1,-1,-1,2,0,2,0,2,0,0,0,0,2,2,2,2,2,2,2,2
58,9056.462,4991.851,61.563,-88.586,0.025352,0.999416,0.022920,-0.999254,0.024666,0.029725,0.029142,-0.023657,0.999295,0,-0.12099,0.61547,-7.259,1.231,-1,425.000,-1,450.000,-1,350.000,350.000,275.000,275.000,-1,-1,-1,-1,-1,-1,-1,-1,2,0,2,0,2,0,0,0,0,2,2,2,2,2,2,2,2
59,9056.359,4994.308,61.561,-87.595,0.042639,0.998827,0.022944,-0.998672,0.041946,0.029914,0.028917,-0.024189,0.999289,0,-0.04099,0.49547,-2.459,0.991,-1,425.000,-1,450.000,-1,350.000,350.000,275.000,275.000,-1,-1,-1,-1,-1,-1,-1,-1,2,0,2,0,2,0,0,0,0,2,2,2,2,2,2,2,2
60,9056.487,4991.971,61.649,-86.844,0.055720,0.998184,0.022901,-0.998044,0.055032,0.029652,0.028338,-0.024508,0.999298,0,0.03901,0.37547,2.341,0.751,-1,425.000,-1,450.000,-1,350.000,350.000,275.000,275.000,-1,-1,-1,-1,-1,-1,-1,-1,2,0,2,0,2,0,0,0,0,2,2,2,2,2,2,2,2
61,9056.944,4984.844,61.822,-86.333,0.064600,0.997651,0.022807,-0.997535,0.063931,0.028942,0.027416,-0.024621,0.999321,0,0.11901,0.25547,7.141,0.511,-1,425.000,-1,450.000,-1,350.000,350.000,275.000,275.000,-1,-1,-1,-1,-1,-1,-1,-1,2,0,2,0,2,0,0,0,0,2,2,2,2,2,2,2,2
62,9057.764,4972.932,62.078,-86.062,0.069285,0.997339,0.022669,-0.997254,0.068648,0.027783,0.026152,-0.024532,0.999357,0,0.19901,0.13547,11.941,0.271,-1,425.000,-1,425.000,-1,350.000,350.000,275.000,275.000,-1,-1,-1,-1,-1,-1,-1,-1,2,0,2,0,2,0,0,0,0,2,2,2,2,2,2,2,2
63,9058.923,4956.231,62.419,-86.032,0.069780,0.997309,0.022482,-0.997260,0.069187,0.026169,0.024543,-0.024246,0.999405,0,0.27901,0.01547,16.741,0.031,-1,425.000,-1,425.000,-1,350.000,350.000,275.000,275.000,-1,-1,-1,-1,-1,1000.000,-1,-1,2,0,2,0,2,0,0,0,0,2,2,2,2,2,0,2,2
64,9060.423,4934.743,62.859,-86.006,0.070177,0.997286,0.022246,-0.997281,0.069639,0.024091,0.022476,-0.023876,0.999462,0,0.35901,0.01296,21.541,0.026,-1,425.000,-1,425.000,-1,350.000,350.000,275.000,275.000,-1,-1,-1,-1,-1,1000.000,-1,-1,2,0,2,0,2,0,0,0,0,2,2,2,2,2,0,2,2
65,9062.270,4908.467,63.399,-85.979,0.070573,0.997265,0.021966,-0.997307,0.070101,0.021545,0.019946,-0.023427,0.999527,0,0.43901,0.01326,26.341,0.027,-1,425.000,-1,425.000,-1,350.000,350.000,275.000,275.000,-1,-1,-1,-1,-1,975.000,-1,-1,2,0,2,0,2,0,0,0,0,2,2,2,2,2,0,2,2
66,9064.469,4877.404,64.040,-85.952,0.070970,0.997244,0.021645,-0.997334,0.070574,0.018528,0.016949,-0.022903,0.999594,0,0.51901,0.01356,31.141,0.027,-1,425.000,-1,425.000,-1,350.000,350.000,275.000,275.000,-1,-1,-1,-1,-1,950.000,-1,-1,2,0,2,0,2,0,0,0,0,2,2,2,2,2,0,2,2
67,9067.023,4841.554,64.785,-85.924,0.071368,0.997223,0.021290,-0.997359,0.071057,0.015036,0.013482,-0.022307,0.999660,0,0.59901,0.01384,35.941,0.028,-1,425.000,-1,425.000,-1,350.000,350.000,275.000,275.000,-1,-1,-1,-1,-1,925.000,-1,-1,2,0,2,0,2,0,0,0,0,2,2,2,2,2,0,2,2
68,9069.939,4800.918,65.634,-85.896,0.071767,0.997202,0.020905,-0.997376,0.071547,0.011067,0.009540,-0.021644,0.999720,0,0.67901,0.01406,40.741,0.028,-1,425.000,-1,425.000,-1,350.000,350.000,300.000,300.000,-1,-1,-1,-1,-1,925.000,-1,-1,2,0,2,0,2,0,0,0,0,2,2,2,2,2,0,2,2
69,9073.220,4755.496,66.592,-85.868,0.072163,0.997182,0.020498,-0.997380,0.072041,0.006614,0.005118,-0.020921,0.999768,0,0.75901,0.01416,45.541,0.028,-1,425.000,-1,425.000,-1,350.000,350.000,300.000,300.000,-1,-1,-1,-1,-1,900.000,-1,-1,2,0,2,0,2,0,0,0,0,2,2,2,2,2,0,2,2
70,9076.873,4705.288,67.660,-85.840,0.072552,0.997163,0.020075,-0.997365,0.072533,0.001672,0.000211,-0.020144,0.999797,0,0.83901,0.01410,50.341,0.028,-1,425.000,-1,425.000,-1,350.000,350.000,300.000,300.000,-1,-1,-1,-1,-1,850.000,-1,-1,2,0,2,0,2,0,0,0,0,2,2,2,2,2,0,2,2
71,9080.655,4653.633,68.768,-85.812,0.072934,0.997143,0.019664,-0.997325,0.073015,-0.003441,-0.004867,-0.019360,0.999801,0,0.86322,0.01381,51.793,0.028,-1,425.000,-1,425.000,-1,350.000,325.000,325.000,300.000,-1,-1,-1,-1,-1,825.000,-1,-1,2,0,2,0,2,0,0,0,0,2,2,2,2,2,0,2,2
72,9084.611,4598.360,69.655,-85.906,0.071217,0.997299,0.017986,-0.997415,0.071375,-0.008312,-0.009573,-0.017348,0.999804,0,0.92356,-0.04718,55.414,-0.094,-1,425.000,-1,400.000,-1,350.000,325.000,325.000,300.000,-1,-1,-1,-1,-1,800.000,-1,-1,2,0,2,0,2,0,0,0,0,2,2,2,2,2,0,2,2
73,9088.508,4542.665,68.904,-85.997,0.069602,0.997426,0.017258,-0.997503,0.069794,-0.010811,-0.011988,-0.016462,0.999793,0,0.93053,-0.04543,55.832,-0.091,-1,425.000,-1,400.000,-1,350.000,325.000,325.000,300.000,-1,-1,-1,-1,-1,775.000,-1,-1,2,0,2,0,2,0,0,0,0,2,2,2,2,2,0,2,2
74,9092.349,4486.546,67.560,-86.084,0.068024,0.997505,0.018900,-0.997581,0.068276,-0.013069,-0.014326,-0.017965,0.999736,0,0.93751,-0.04354,56.250,-0.087,-1,425.000,-1,400.000,-1,350.000,325.000,325.000,300.000,-1,-1,-1,-1,-1,750.000,-1,-1,2,0,2,0,2,0,0,0,0,2,2,2,2,2,0,2,2
75,9096.138,4430.003,66.200,-86.167,0.066508,0.997574,0.020566,-0.997646,0.066830,-0.015382,-0.016719,-0.019495,0.999670,0,0.94450,-0.04150,56.670,-0.083,-1,425.000,-1,400.000,-1,350.000,325.000,325.000,300.000,-1,-1,-1,-1,-1,750.000,-1,-1,2,0,2,0,2,0,0,0,0,2,2,2,2,2,0,2,2
76,9099.876,4373.036,64.826,-86.246,0.065060,0.997633,0.022258,-0.997697,0.065460,-0.017751,-0.019166,-0.021052,0.999595,0,0.95149,-0.03927,57.089,-0.079,-1,425.000,-1,400.000,-1,350.000,325.000,325.000,300.000,-1,-1,-1,-1,-1,725.000,-1,-1,2,0,2,0,2,0,0,0,0,2,2,2,2,2,0,2,2
77,9103.569,4315.646,63.436,-86.320,0.063686,0.997682,0.023975,-0.997735,0.064174,-0.020175,-0.021666,-0.022635,0.999509,0,0.95848,-0.03686,57.509,-0.074,-1,425.000,-1,400.000,-1,325.000,325.000,300.000,300.000,-1,-1,-1,-1,-1,700.000,-1,-1,2,0,2,0,2,0,0,0,0,2,2,2,2,2,1,2,2
78,9107.219,4257.834,62.032,-86.388,0.062394,0.997720,0.025716,-0.997758,0.062980,-0.022653,-0.024221,-0.024245,0.999413,0,0.96545,-0.03422,57.927,-0.068,-1,-1,-1,400.000,-1,325.000,325.000,300.000,300.000,-1,-1,-1,-1,-1,700.000,-1,-1,2,2,2,1,2,0,0,0,0,2,2,2,2,2,1,2,2
79,9110.677,4197.933,60.582,-86.697,0.056907,0.998000,0.027525,-0.998020,0.057605,-0.025268,-0.026803,-0.026033,0.999302,0,1.00000,-0.15422,60.000,-0.308,-1,-1,-1,400.000,-1,350.000,325.000,300.000,300.000,-1,-1,-1,-1,-1,675.000,-1,-1,2,2,2,1,2,1,1,0,0,2,2,2,2,2,1,2,2
80,9113.562,4138.002,59.153,-87.245,0.047227,0.998454,0.029312,-0.998455,0.048047,-0.027924,-0.029289,-0.027948,0.999180,0,1.00000,-0.27422,60.000,-0.548,-1,-1,-1,400.000,-1,400.000,350.000,325.000,300.000,-1,-1,-1,-1,-1,650.000,-1,-1,2,2,2,1,2,1,1,0,0,2,2,2,2,2,1,2,2
81,9115.635,4078.038,57.763,-88.021,0.033569,0.998954,0.031050,-0.998935,0.034520,-0.030611,-0.031651,-0.029989,0.999049,0,1.00000,-0.38795,60.000,-0.776,-1,-1,-1,400.000,-1,450.000,350.000,325.000,300.000,-1,-1,-1,-1,-1,625.000,-1,-1,2,2,2,1,2,1,1,0,0,2,2,2,2,2,1,2,2
82,9116.908,4018.051,56.403,-88.785,0.020102,0.999262,0.032719,-0.999221,0.021191,-0.033282,-0.033951,-0.032024,0.998910,0,1.00000,-0.38215,60.000,-0.764,-1,-1,-1,400.000,-1,500.000,375.000,325.000,300.000,-1,-1,-1,-1,-1,625.000,-1,-1,2,2,2,1,2,1,1,0,0,2,2,2,2,2,0,2,2
83,9117.395,3958.053,55.076,-89.537,0.006851,0.999388,0.034316,-0.999322,0.008085,-0.035923,-0.036179,-0.034047,0.998765,0,1.00000,-0.37568,60.000,-0.751,-1,-1,-1,375.000,-1,525.000,375.000,325.000,325.000,-1,-1,-1,-1,-1,600.000,-1,950.000,2,2,2,1,2,1,1,0,0,2,2,2,2,2,0,2,0
84,9117.118,3898.053,50.707,-90.273,-0.006945,0.998791,0.048672,-0.998989,-0.004767,-0.044710,-0.044424,-0.048933,0.997814,0,1.00000,-0.36848,60.000,-0.737,-1,-1,-1,375.000,975.000,500.000,375.000,300.000,325.000,-1,-1,-1,-1,-1,550.000,-1,825.000,2,2,2,1,0,1,1,0,0,2,2,2,2,2,0,2,0
85,9116.101,3838.059,44.427,-90.994,-0.021550,0.997165,0.072097,-0.998110,-0.017307,-0.058968,-0.057553,-0.073232,0.995653,0,1.00000,-0.36044,60.000,-0.721,-1,1000.000,-1,350.000,875.000,475.000,350.000,250.000,350.000,-1,-1,-1,-1,-1,500.000,-1,700.000,2,1,2,1,0,1,1,0,0,2,2,2,2,2,1,2,0
86,9114.356,3778.082,38.432,-91.697,-0.036366,0.994806,0.095073,-0.996906,-0.029479,-0.072869,-0.069688,-0.097428,0.992800,0,1.00000,-0.35148,60.000,-0.703,-1,850.000,-1,325.000,825.000,450.000,325.000,200.000,375.000,-1,-1,-1,-1,-1,475.000,-1,600.000,2,1,2,1,0,1,1,0,0,2,2,2,2,2,1,2,0
87,9111.904,3718.129,32.693,-92.380,-0.051269,0.991765,0.117360,-0.995402,-0.041225,-0.086463,-0.080913,-0.121253,0.989318,0,1.00000,-0.34148,60.000,-0.683,-1,725.000,-1,300.000,750.000,400.000,300.000,175.000,425.000,-1,-1,-1,-1,-1,425.000,-1,500.000,2,1,2,1,0,1,1,0,0,2,2,2,2,2,1,2,0
88,9108.767,3658.207,27.003,-93.041,-0.066144,0.988218,0.138022,-0.993574,-0.052497,-0.100276,-0.091848,-0.143768,0.985340,0,1.00000,-0.33029,60.000,-0.661,-1,625.000,-1,275.000,700.000,375.000,275.000,150.000,450.000,-1,-1,-1,-1,-1,400.000,-1,400.000,2,1,2,1,0,1,1,1,0,2,2,2,2,2,1,2,0
89,9104.971,3598.323,21.539,-93.676,-0.080855,0.984182,0.157633,-0.991495,-0.063237,-0.113750,-0.101982,-0.165490,0.980924,0,1.00000,-0.31777,60.000,-0.636,-1,550.000,-1,250.000,625.000,350.000,250.000,200.000,500.000,-1,-1,-1,-1,-1,350.000,-1,350.000,2,1,2,1,0,1,1,1,0,2,2,2,2,2,1,2,0
90,-8199.572,-983.522,280.775,56.790,0.583123,-0.810176,0.059847,0.772674,0.530362,-0.348843,0.250884,0.249661,0.935268,1,0.00000,0.00000,60.000,-0.607,100.000,425.000,-1,-1,-1,-1,-1,300.000,225.000,-1,150.000,0.000,75.000,-1,-1,100.000,-1,1,1,2,2,2,2,2,1,0,2,0,0,0,2,2,1,2
91,2292.475,-324.460,315.505,132.781,-0.681929,-0.731226,-0.016778,0.728252,-0.676667,-0.108494,0.067980,-0.086204,0.993956,1,0.08000,-0.12000,4.800,-0.240,-1,400.000,-1,450.000,-1,325.000,350.000,325.000,300.000,-1,-1,-1,-1,800.000,-1,-1,-1,2,0,2,0,2,0,0,0,0,2,2,2,2,0,2,2,2
92,2286.014,-317.359,316.036,132.301,-0.675784,-0.736901,-0.017146,0.733935,-0.670546,-0.108204,0.068239,-0.085707,0.993981,0,0.16000,-0.24000,9.600,-0.480,-1,400.000,-1,450.000,-1,325.000,350.000,325.000,300.000,-1,-1,-1,-1,800.000,-1,-1,-1,2,0,2,0,2,0,0,0,0,2,2,2,2,0,2,2,2
93,2276.458,-306.587,316.889,131.581,-0.666464,-0.745328,-0.017672,0.742387,-0.661285,-0.107530,0.068459,-0.084784,0.994045,0,0.24000,-0.36000,14.400,-0.720,-1,400.000,-1,450.000,-1,325.000,350.000,325.000,300.000,-1,-1,-1,-1,800.000,-1,-1,-1,2,0,2,0,2,0,0,0,0,2,2,2,2,0,2,2,2
94,2263.958,-292.012,318.091,130.621,-0.653861,-0.756393,-0.018344,0.753502,-0.648782,-0.106376,0.068561,-0.083378,0.994157,0,0.32000,-0.48000,19.200,-0.960,-1,400.000,-1,450.000,-1,325.000,350.000,300.000,300.000,-1,-1,-1,-1,800.000,-1,-1,-1,2,0,2,0,2,0,0,0,0,2,2,2,2,0,2,2,2
95,2248.719,-273.471,319.640,129.421,-0.637841,-0.769929,-0.019179,0.767109,-0.632894,-0.104827,0.068571,-0.081575,0.994306,0,0.40000,-0.60000,24.000,-1.200,-1,400.000,-1,475.000,-1,325.000,350.000,300.000,300.000,-1,-1,-1,-1,800.000,-1,-1,-1,2,0,2,0,2,0,0,0,0,2,2,2,2,0,2,2,2
96,2230.997,-250.768,321.563,127.981,-0.618238,-0.785732,-0.020162,0.783008,-0.613456,-0.102809,0.068412,-0.079347,0.994497,0,0.48000,-0.72000,28.800,-1.440,-1,400.000,-1,475.000,-1,325.000,350.000,300.000,300.000,-1,-1,-1,-1,850.000,-1,-1,-1,2,0,2,0,2,0,0,0,0,2,2,2,2,0,2,2,2
97,2211.106,-223.687,323.895,126.301,-0.594859,-0.803549,-0.021263,0.800949,-0.590282,-0.100237,0.067994,-0.076658,0.994736,0,0.56000,-0.84000,33.600,-1.680,-1,400.000,-1,475.000,-1,325.000,350.000,300.000,300.000,-1,-1,-1,-1,925.000,-1,-1,-1,2,0,2,0,2,0,0,0,0,2,2,2,2,0,2,2,2
98,2189.424,-191.993,326.517,124.381,-0.567470,-0.823108,-0.021708,0.820608,-0.563188,-0.097065,0.067669,-0.072895,0.995041,0,0.64000,-0.96000,38.400,-1.920,-1,400.000,-1,500.000,-1,325.000,350.000,275.000,300.000,-1,-1,-1,-1,1000.000,-1,-1,-1,2,0,2,0,2,0,0,0,0,2,2,2,2,0,2,2,2
99,2166.291,-155.508,329.437,122.381,-0.538201,-0.842549,-0.021230,0.840126,-0.534301,-0.093335,0.067296,-0.068069,0.995408,0,0.72000,-1.00000,43.200,-2.000,-1,400.000,-1,500.000,-1,325.000,350.000,275.000,300.000,-1,-1,-1,-1,-1,-1,-1,-1,2,0,2,0,2,0,0,0,0,2,2,2,2,2,2,2,2
100,2142.351,-114.664,332.757,120.381,-0.508225,-0.860984,-0.020348,0.858660,-0.504748,-0.089066,0.066414,-0.062738,0.995818,0,0.78905,-1.00000,47.343,-2.000,-1,400.000,-1,525.000,-1,350.000,375.000,250.000,300.000,-1,-1,-1,-1,-1,-1,-1,-1,2,0,2,0,2,0,0,0,0,2,2,2,2,2,2,2,2
101,2119.850,-73.009,336.158,118.381,-0.477590,-0.878376,-0.019070,0.876165,-0.474555,-0.084457,0.065135,-0.057044,0.996245,0,0.78905,-1.00000,47.343,-2.000,-1,425.000,-1,525.000,-1,350.000,375.000,275.000,300.000,-1,-1,-1,-1,-1,-1,-1,-1,2,0,2,0,2,0,0,0,0,2,2,2,2,2,2,2,2
102,2098.818,-30.595,338.838,116.381,-0.446134,-0.894828,-0.015745,0.892877,-0.443822,-0.076117,0.061123,-0.048017,0.996975,0,0.78905,-1.00000,47.343,-2.000,-1,450.000,-1,525.000,-1,375.000,375.000,275.000,275.000,-1,-1,-1,-1,-1,-1,-1,-1,2,0,2,0,2,0,0,0,0,2,2,2,2,2,2,2,2
103,2079.278,12.527,341.615,114.381,-0.414135,-0.910140,-0.011743,0.908442,-0.412489,-0.067713,0.056784,-0.038711,0.997636,0,0.78905,-1.00000,47.343,-2.000,-1,475.000,-1,500.000,-1,375.000,375.000,275.000,275.000,-1,-1,-1,-1,-1,-1,-1,-1,2,0,2,0,2,0,0,0,0,2,2,2,2,2,2,2,2
104,2061.254,56.305,344.491,112.381,-0.381647,-0.924281,-0.007053,0.922836,-0.380598,-0.059316,0.052140,-0.029147,0.998214,0,0.78905,-1.00000,47.343,-2.000,-1,475.000,-1,500.000,-1,375.000,375.000,300.000,250.000,-1,-1,-1,-1,-1,-1,-1,-1,2,0,2,0,2,0,0,0,0,2,2,2,2,2,2,2,2
105,2044.768,100.684,346.710,110.381,-0.348870,-0.937164,-0.003683,0.935855,-0.348170,-0.054338,0.049641,-0.022404,0.998516,0,0.78905,-1.00000,47.343,-2.000,-1,500.000,-1,500.000,-1,400.000,400.000,300.000,250.000,-1,-1,-1,-1,-1,-1,-1,-1,2,0,2,0,2,0,0,0,0,2,2,2,2,2,2,2,2
106,2029.839,145.611,347.672,108.381,-0.315907,-0.948773,-0.005746,0.947728,-0.315261,-0.049225,0.044892,-0.020996,0.998771,0,0.78905,-1.00000,47.343,-2.000,-1,500.000,-1,475.000,-1,400.000,375.000,300.000,250.000,-1,-1,-1,-1,-1,-1,-1,-1,2,0,2,0,2,0,0,0,0,2,2,2,2,2,2,2,2
107,2016.487,191.032,348.260,106.381,-0.282601,-0.959190,-0.009520,0.958453,-0.281955,-0.043240,0.038791,-0.021344,0.999019,0,0.78905,-1.00000,47.343,-2.000,-1,500.000,-1,475.000,-1,375.000,375.000,275.000,250.000,-1,-1,-1,-1,-1,-1,-1,-1,2,0,2,0,2,0,0,0,0,2,2,2,2,2,2,2,2
108,2004.729,236.891,348.878,104.381,-0.248922,-0.968436,-0.012992,0.967972,-0.248306,-0.037065,0.032669,-0.021802,0.999228,0,0.78905,-1.00000,47.343,-2.000,-1,500.000,-1,450.000,-1,375.000,375.000,275.000,250.000,-1,-1,-1,-1,-1,-1,-1,-1,2,0,2,0,2,0,0,0,0,2,2,2,2,2,2,2,2
109,1994.578,283.133,349.535,102.381,-0.214912,-0.976500,-0.016133,0.976272,-0.214354,-0.030734,0.026554,-0.022355,0.999397,0,0.78905,-1.00000,47.343,-2.000,-1,475.000,-1,450.000,-1,375.000,375.000,275.000,250.000,-1,-1,-1,-1,-1,-1,-1,-1,2,0,2,0,2,0,0,0,0,2,2,2,2,2,2,2,2
110,1986.047,329.700,350.354,100.381,-0.180616,-0.983363,-0.019386,0.983347,-0.180139,-0.024033,0.020141,-0.023404,0.999523,0,0.78905,-1.00000,47.343,-2.000,-1,475.000,-1,450.000,-1,375.000,350.000,250.000,250.000,-1,-1,-1,-1,-1,-1,-1,-1,2,0,2,0,2,0,0,0,0,2,2,2,2,2,2,2,2
111,1979.146,376.537,351.287,98.381,-0.146071,-0.989019,-0.022474,0.989180,-0.145706,-0.017083,0.013620,-0.024726,0.999601,0,0.78905,-1.00000,47.343,-2.000,-1,475.000,-1,425.000,-1,350.000,350.000,250.000,275.000,-1,-1,-1,-1,-1,-1,-1,-1,2,0,2,0,2,0,0,0,0,2,2,2,2,2,2,2,2
112,1973.883,423.587,352.273,96.381,-0.111319,-0.993468,-0.025090,0.993758,-0.111097,-0.010073,0.007220,-0.026054,0.999634,0,0.78905,-1.00000,47.343,-2.000,-1,450.000,-1,425.000,-1,350.000,350.000,250.000,275.000,-1,-1,-1,-1,-1,975.000,-1,-1,2,0,2,0,2,0,0,0,0,2,2,2,2,2,0,2,2
113,1970.266,470.792,353.323,94.381,-0.076410,-0.996705,-0.027219,0.997076,-0.076356,-0.003052,0.000964,-0.027372,0.999625,0,0.78905,-1.00000,47.343,-2.000,-1,450.000,-1,425.000,-1,350.000,350.000,275.000,275.000,-1,-1,-1,-1,-1,925.000,-1,-1,2,0,2,0,2,0,0,0,0,2,2,2,2,2,0,2,2
114,1968.299,518.094,354.443,92.381,-0.041393,-0.998726,-0.028852,0.999130,-0.041523,0.003930,-0.005123,-0.028664,0.999576,0,0.78905,-1.00000,47.343,-2.000,-1,450.000,-1,400.000,-1,350.000,325.000,275.000,275.000,-1,-1,-1,-1,1000.000,875.000,-1,-1,2,0,2,0,2,0,0,0,0,2,2,2,2,0,0,2,2
115,1967.983,565.436,355.644,90.381,-0.006315,-0.999530,-0.029984,0.999919,-0.006642,0.010825,-0.011019,-0.029913,0.999492,0,0.78905,-1.00000,47.343,-2.000,-1,425.000,-1,400.000,-1,350.000,325.000,300.000,275.000,-1,-1,-1,-1,950.000,850.000,-1,-1,2,0,2,0,2,0,0,0,0,2,2,2,2,0,0,2,2
116,1969.237,617.565,357.030,88.621,0.024616,-0.999217,-0.030970,0.999544,0.024058,0.018244,-0.017485,-0.031405,0.999354,0,0.86905,-0.88000,52.143,-1.760,-1,425.000,-1,400.000,-1,350.000,325.000,300.000,300.000,-1,-1,-1,-1,925.000,825.000,-1,-1,2,0,2,0,2,0,0,0,0,2,2,2,2,0,0,2,2
117,1972.115,674.436,357.243,87.101,0.051312,-0.998071,-0.034943,0.998469,0.050547,0.022443,-0.020633,-0.036041,0.999137,0,0.94905,-0.76000,56.943,-1.520,-1,425.000,-1,400.000,-1,325.000,325.000,300.000,300.000,-1,-1,-1,-1,900.000,850.000,-1,-1,2,0,2,0,2,0,0,0,0,2,2,2,2,0,0,2,2
118,1976.374,732.735,355.596,85.821,0.073676,-0.996597,-0.036971,0.997058,0.072822,0.023918,-0.021144,-0.038624,0.999030,0,0.97424,-0.64000,58.454,-1.280,-1,425.000,-1,400.000,-1,325.000,325.000,300.000,300.000,-1,-1,-1,-1,900.000,900.000,-1,-1,2,0,2,0,2,0,0,0,0,2,2,2,2,0,0,2,2
119,1981.690,790.947,353.974,84.781,0.091835,-0.995014,-0.038892,0.995537,0.090890,0.025403,-0.021741,-0.041051,0.998920,0,0.97424,-0.52000,58.454,-1.040,-1,425.000,-1,400.000,-1,325.000,325.000,300.000,300.000,-1,-1,-1,-1,875.000,925.000,-1,-1,2,0,2,0,2,0,0,0,0,2,2,2,2,0,0,2,2
120,1987.818,849.079,352.377,83.981,0.105806,-0.993553,-0.040717,0.994133,0.104764,0.026922,-0.022482,-0.043327,0.998808,0,0.97424,-0.40000,58.454,-0.800,-1,425.000,-1,400.000,-1,325.000,325.000,300.000,300.000,-1,-1,-1,-1,875.000,975.000,-1,-1,2,0,2,0,2,0,0,0,0,2,2,2,2,0,0,2,2
121,1994.514,907.149,350.805,83.421,0.115604,-0.992387,-0.042460,0.993019,0.114459,0.028495,-0.023418,-0.045458,0.998692,0,0.97424,-0.28000,58.454,-0.560,-1,425.000,-1,400.000,-1,325.000,325.000,300.000,275.000,-1,-1,-1,-1,875.000,-1,-1,-1,2,0,2,0,2,0,0,0,0,2,2,2,2,0,2,2,2
122,2001.534,965.180,349.257,83.101,0.121247,-0.991641,-0.044138,0.992318,0.119988,0.030141,-0.024593,-0.047453,0.998571,0,0.97424,-0.16000,58.454,-0.320,-1,400.000,-1,400.000,-1,325.000,325.000,300.000,275.000,-1,-1,-1,-1,875.000,-1,-1,-1,2,0,2,0,2,0,0,0,0,2,2,2,2,0,2,2,2
123,2008.636,1023.201,347.729,83.021,0.122745,-0.991382,-0.045770,0.992096,0.121362,0.031872,-0.026043,-0.049321,0.998443,0,0.97424,-0.04000,58.454,-0.080,-1,425.000,-1,400.000,-1,325.000,325.000,300.000,275.000,-1,-1,-1,-1,875.000,-1,-1,-1,2,0,2,0,2,0,0,0,0,2,2,2,2,0,2,2,2
124,2015.575,1081.242,346.204,83.181,0.120103,-0.991632,-0.047339,0.992371,0.118583,0.033727,-0.027832,-0.051029,0.998309,0,0.97424,0.08000,58.454,0.160,-1,425.000,-1,400.000,-1,325.000,325.000,300.000,300.000,-1,-1,-1,-1,850.000,-1,-1,-1,2,0,2,0,2,0,0,0,0,2,2,2,2,0,2,2,2
125,2022.109,1139.330,344.662,83.581,0.113322,-0.992358,-0.048822,0.993105,0.111648,0.035745,-0.030021,-0.052536,0.998168,0,0.97424,0.20000,58.454,0.400,-1,425.000,-1,425.000,-1,325.000,325.000,300.000,300.000,-1,-1,-1,-1,850.000,-1,-1,-1,2,0,2,0,2,0,0,0,0,2,2,2,2,0,2,2,2
126,2027.994,1197.487,343.125,84.221,0.102392,-0.993468,-0.050377,0.994212,0.100549,0.037851,-0.032538,-0.053961,0.998013,0,0.97424,0.32000,58.454,0.640,-1,425.000,-1,425.000,-1,325.000,325.000,300.000,300.000,-1,-1,-1,-1,825.000,-1,-1,-1,2,0,2,0,2,0,0,0,0,2,2,2,2,0,2,2,2
127,2033.092,1255.719,341.590,84.995,0.089135,-0.994659,-0.052035,0.995395,0.087107,0.040022,-0.035276,-0.055363,0.997843,0,0.97424,0.38718,58.454,0.774,-1,425.000,-1,425.000,-1,350.000,350.000,300.000,300.000,-1,-1,-1,-1,825.000,-1,-1,-1,2,0,2,0,2,0,0,0,0,2,2,2,2,0,2,2,2
128,2037.402,1314.014,339.936,85.769,0.075894,-0.995639,-0.054248,0.996389,0.073649,0.042257,-0.038078,-0.057259,0.997633,0,0.97424,0.38718,58.454,0.774,-1,425.000,-1,450.000,-1,350.000,350.000,300.000,325.000,-1,-1,-1,-1,800.000,-1,-1,-1,2,0,2,0,2,0,0,0,0,2,2,2,2,0,2,2,2
129,2040.927,1372.362,337.021,86.544,0.062535,-0.996624,-0.053190,0.997191,0.060191,0.044571,-0.041219,-0.055828,0.997589,0,0.97424,0.38718,58.454,0.774,-1,400.000,-1,450.000,-1,350.000,350.000,300.000,325.000,-1,-1,-1,-1,775.000,-1,-1,-1,2,0,2,0,2,0,0,0,0,2,2,2,2,0,2,2,2
130,2043.663,1430.752,333.748,87.318,0.049131,-0.997491,-0.050975,0.997783,0.046724,0.047394,-0.044893,-0.053190,0.997575,0,0.97424,0.38718,58.454,0.774,-1,400.000,-1,450.000,-1,325.000,350.000,300.000,325.000,-1,-1,-1,-1,750.000,-1,-1,-1,2,0,2,0,2,0,0,0,0,2,2,2,2,0,2,2,2
131,2045.611,1489.174,330.451,88.093,0.035701,-0.998167,-0.048865,0.998185,0.033243,0.050225,-0.048509,-0.050569,0.997542,0,0.97424,0.38718,58.454,0.774,-1,400.000,-1,450.000,-1,325.000,350.000,300.000,300.000,-1,-1,-1,-1,750.000,-1,-1,-1,2,0,2,0,2,0,0,0,0,2,2,2,2,0,2,2,2
132,2046.768,1547.617,327.134,88.867,0.022248,-0.998654,-0.046860,0.998397,0.019753,0.053048,-0.052050,-0.047965,0.997492,0,0.97424,0.38718,58.454,0.774,-1,400.000,-1,450.000,-1,325.000,350.000,300.000,300.000,-1,-1,-1,-1,725.000,-1,-1,-1,2,0,2,0,2,0,0,0,0,2,2,2,2,0,2,2,2
133,2047.136,1606.070,323.789,89.641,0.008772,-0.998953,-0.044903,0.998418,0.006256,0.055886,-0.055547,-0.045322,0.997427,0,0.97424,0.38718,58.454,0.774,-1,400.000,-1,425.000,-1,325.000,350.000,300.000,300.000,-1,-1,-1,-1,700.000,1000.000,-1,-1,2,0,2,0,2,0,0,0,0,2,2,2,2,0,0,2,2
134,2046.713,1664.523,320.405,90.416,-0.004724,-0.999066,-0.042946,0.998245,-0.007246,0.058767,-0.059023,-0.042593,0.997348,0,0.97424,0.38718,58.454,0.774,-1,375.000,-1,425.000,-1,325.000,325.000,300.000,300.000,-1,-1,-1,-1,675.000,975.000,-1,-1,2,0,2,0,2,0,0,0,0,2,2,2,2,0,0,2,2
135,2045.501,1722.965,317.002,91.190,-0.018240,-0.998991,-0.041039,0.997887,-0.020750,0.061578,-0.062367,-0.039829,0.997258,0,0.97424,0.38718,58.454,0.774,950.000,375.000,-1,425.000,-1,325.000,325.000,300.000,325.000,-1,-1,-1,-1,650.000,950.000,-1,-1,0,0,2,0,2,0,0,0,0,2,2,2,2,0,0,2,2
136,2043.498,1781.385,313.584,91.964,-0.031774,-0.998727,-0.039179,0.997342,-0.034253,0.064302,-0.065562,-0.037032,0.997161,0,0.97424,0.38718,58.454,0.774,900.000,375.000,-1,425.000,-1,325.000,325.000,300.000,325.000,-1,-1,-1,-1,650.000,900.000,1000.000,-1,0,0,2,0,2,0,0,0,0,2,2,2,2,0,0,0,2
137,2040.707,1839.773,310.170,92.739,-0.045318,-0.998272,-0.037412,0.996613,-0.047752,0.066957,-0.068628,-0.034251,0.997054,0,0.97424,0.38718,58.454,0.774,825.000,375.000,-1,425.000,-1,300.000,325.000,300.000,325.000,-1,-1,-1,-1,625.000,875.000,925.000,-1,0,0,2,0,2,0,0,0,0,2,2,2,2,0,0,0,2
138,2037.126,1898.117,306.767,93.513,-0.058866,-0.997626,-0.035745,0.995698,-0.061244,0.069531,-0.071556,-0.031498,0.996939,0,0.97424,0.38718,58.454,0.774,775.000,350.000,-1,400.000,-1,300.000,325.000,300.000,350.000,-1,-1,-1,-1,600.000,850.000,850.000,-1,0,0,2,0,2,0,0,0,0,2,2,2,2,0,0,0,2
139,2032.758,1956.408,303.181,94.287,-0.072493,-0.996809,-0.033402,0.994643,-0.074728,0.071423,-0.073691,-0.028046,0.996887,0,0.97424,0.38718,58.454,0.774,750.000,350.000,-1,400.000,-1,300.000,325.000,300.000,350.000,-1,-1,-1,-1,600.000,800.000,800.000,-1,0,0,2,0,2,0,0,0,0,2,2,2,2,0,0,0,2
