timestep,x_cm,y_cm,z_cm,yaw_deg,basis_xx,basis_xy,basis_xz,basis_yx,basis_yy,basis_yz,basis_zx,basis_zy,basis_zz,teleport_flag,throttle_cmd,steering_cmd,cmd_move_cm,cmd_turn_deg,lidar_cm_0,lidar_cm_1,lidar_cm_2,lidar_cm_3,lidar_cm_4,lidar_cm_5,lidar_cm_6,lidar_cm_7,lidar_cm_8,lidar_cm_9,lidar_cm_10,lidar_cm_11,lidar_cm_12,lidar_cm_13,lidar_cm_14,lidar_cm_15,lidar_cm_16,lidar_class_0,lidar_class_1,lidar_class_2,lidar_class_3,lidar_class_4,lidar_class_5,lidar_class_6,lidar_class_7,lidar_class_8,lidar_class_9,lidar_class_10,lidar_class_11,lidar_class_12,lidar_class_13,lidar_class_14,lidar_class_15,lidar_class_16
0,6234.053,4915.521,-250.771,-55.826,0.561681,0.827306,0.008878,-0.827345,0.561693,0.001306,-0.003906,-0.008079,0.999960,1,0.08000,-0.12000,4.800,-0.240,-1,400.000,-1,400.000,-1,325.000,325.000,300.000,325.000,-1,-1,-1,-1,825.000,850.000,-1,-1,2,0,2,0,2,0,0,0,0,2,2,2,2,0,0,2,2
1,6239.402,4907.549,-250.819,-56.135,0.557208,0.830323,0.009091,-0.830363,0.557222,0.001156,-0.004106,-0.008193,0.999958,0,0.16000,-0.15451,9.600,-0.309,-1,400.000,-1,400.000,-1,325.000,325.000,300.000,325.000,-1,-1,-1,-1,825.000,850.000,-1,-1,2,0,2,0,2,0,0,0,0,2,2,2,2,0,0,2,2
2,6247.362,4895.549,-250.882,-56.443,0.552724,0.833311,0.009409,-0.833352,0.552741,0.000931,-0.004425,-0.008356,0.999955,0,0.24000,-0.15431,14.400,-0.309,-1,400.000,-1,400.000,-1,325.000,325.000,300.000,325.000,-1,-1,-1,-1,825.000,850.000,-1,-1,2,0,2,0,2,0,0,0,0,2,2,2,2,0,0,2,2
3,6257.889,4879.492,-250.957,-56.751,0.548232,0.836269,0.009831,-0.836312,0.548253,0.000630,-0.004863,-0.008567,0.999951,0,0.32000,-0.15399,19.200,-0.308,-1,400.000,-1,400.000,-1,325.000,325.000,300.000,325.000,-1,-1,-1,-1,825.000,850.000,-1,-1,2,0,2,0,2,0,0,0,0,2,2,2,2,0,0,2,2
4,6270.940,4859.351,-251.081,-57.058,0.543734,0.839194,0.010299,-0.839239,0.543762,0.000087,-0.005528,-0.008691,0.999947,0,0.40000,-0.15355,24.000,-0.307,-1,400.000,-1,400.000,-1,325.000,325.000,300.000,325.000,-1,-1,-1,-1,825.000,850.000,-1,-1,2,0,2,0,2,0,0,0,0,2,2,2,2,0,0,2,2
5,6286.471,4835.098,-251.224,-57.364,0.539236,0.842085,0.010854,-0.842131,0.539273,-0.000578,-0.006340,-0.008829,0.999941,0,0.48000,-0.15296,28.800,-0.306,-1,400.000,-1,400.000,-1,325.000,325.000,300.000,325.000,-1,-1,-1,-1,825.000,850.000,-1,-1,2,0,2,0,2,0,0,0,0,2,2,2,2,0,0,2,2
6,6304.441,4806.707,-251.383,-57.669,0.534743,0.844937,0.011493,-0.844983,0.534791,-0.001363,-0.007298,-0.008982,0.999933,0,0.56000,-0.15220,33.600,-0.304,-1,400.000,-1,400.000,-1,325.000,325.000,300.000,325.000,-1,-1,-1,-1,825.000,850.000,-1,-1,2,0,2,0,2,0,0,0,0,2,2,2,2,0,0,2,2
7,6324.806,4774.152,-251.582,-57.971,0.530262,0.847748,0.012100,-0.847793,0.530322,-0.002256,-0.008330,-0.009062,0.999924,0,0.64000,-0.15123,38.400,-0.302,-1,400.000,-1,400.000,-1,325.000,325.000,300.000,325.000,-1,-1,-1,-1,825.000,850.000,-1,-1,2,0,2,0,2,0,0,0,0,2,2,2,2,0,0,2,2
8,6345.215,4741.144,-251.942,-58.271,0.525812,0.850517,0.011925,-0.850554,0.525878,-0.003071,-0.008883,-0.008529,0.999924,0,0.64681,-0.15001,38.808,-0.300,-1,400.000,-1,400.000,-1,325.000,325.000,300.000,325.000,-1,-1,-1,-1,825.000,850.000,-1,-1,2,0,2,0,2,0,0,0,0,2,2,2,2,0,0,2,2
9,6365.404,4708.109,-252.294,-58.569,0.521389,0.853238,0.011745,-0.853267,0.521460,-0.003882,-0.009437,-0.007998,0.999923,0,0.64525,-0.14866,38.715,-0.297,-1,400.000,-1,400.000,-1,325.000,325.000,300.000,325.000,-1,-1,-1,-1,825.000,850.000,-1,-1,2,0,2,0,2,0,0,0,0,2,2,2,2,0,0,2,2
10,6385.378,4675.047,-252.638,-58.863,0.516997,0.855909,0.011560,-0.855929,0.517072,-0.004689,-0.009991,-0.007470,0.999922,0,0.64379,-0.14718,38.627,-0.294,-1,400.000,-1,400.000,-1,325.000,325.000,300.000,325.000,-1,-1,-1,-1,825.000,850.000,-1,-1,2,0,2,0,2,0,0,0,0,2,2,2,2,0,0,2,2
11,6405.142,4641.953,-253.085,-59.154,0.512638,0.858532,0.011182,-0.858536,0.512719,-0.005994,-0.010879,-0.006527,0.999920,0,0.64244,-0.14559,38.546,-0.291,-1,400.000,-1,400.000,-1,325.000,325.000,300.000,325.000,-1,-1,-1,-1,825.000,850.000,-1,-1,2,0,2,0,2,0,0,0,0,2,2,2,2,0,0,2,2
12,6427.333,4604.718,-253.616,-59.205,0.511871,0.858996,0.010677,-0.858979,0.511955,-0.007597,-0.011992,-0.005283,0.999914,0,0.72244,-0.02559,43.346,-0.051,-1,400.000,-1,400.000,-1,325.000,325.000,300.000,300.000,-1,-1,-1,-1,825.000,825.000,-1,-1,2,0,2,0,2,0,0,0,0,2,2,2,2,0,0,2,2
13,6452.118,4563.442,-254.200,-59.017,0.514701,0.857310,0.010123,-0.857267,0.514786,-0.009366,-0.013240,-0.003857,0.999905,0,0.80244,0.09441,48.146,0.189,-1,400.000,-1,400.000,-1,325.000,325.000,300.000,300.000,-1,-1,-1,-1,825.000,825.000,-1,-1,2,0,2,0,2,0,0,0,0,2,2,2,2,0,0,2,2
14,6479.182,4518.877,-254.822,-58.730,0.518992,0.854726,0.009559,-0.854654,0.519075,-0.011266,-0.014591,-0.002322,0.999891,0,0.86897,0.14344,52.138,0.287,-1,400.000,-1,400.000,-1,325.000,325.000,325.000,300.000,-1,-1,-1,-1,825.000,825.000,-1,-1,2,0,2,0,2,0,0,0,0,2,2,2,2,0,0,2,2
15,6506.414,4474.549,-255.671,-58.437,0.523351,0.852061,0.009742,-0.851973,0.523439,-0.012413,-0.015676,-0.001803,0.999875,0,0.86708,0.14647,52.025,0.293,-1,400.000,-1,400.000,-1,325.000,325.000,325.000,300.000,-1,-1,-1,-1,825.000,825.000,-1,-1,2,0,2,0,2,0,0,0,0,2,2,2,2,0,0,2,2
16,6533.828,4430.442,-256.610,-58.137,0.527789,0.849313,0.010275,-0.849212,0.527886,-0.013237,-0.016667,-0.001739,0.999860,0,0.86554,0.14978,51.932,0.300,-1,400.000,-1,400.000,-1,325.000,325.000,325.000,300.000,-1,-1,-1,-1,825.000,825.000,-1,-1,2,0,2,0,2,0,0,0,0,2,2,2,2,0,0,2,2
17,6561.440,4386.543,-257.564,-57.831,0.532314,0.846475,0.011004,-0.846361,0.532425,-0.014062,-0.017762,-0.001828,0.999841,0,0.86435,0.15334,51.861,0.307,-1,400.000,-1,400.000,-1,325.000,325.000,325.000,300.000,-1,-1,-1,-1,825.000,825.000,-1,-1,2,0,2,0,2,0,0,0,0,2,2,2,2,0,0,2,2
18,6589.267,4342.837,-258.617,-57.516,0.536923,0.843541,0.012366,-0.843412,0.537060,-0.014931,-0.019236,-0.002413,0.999812,0,0.86353,0.15715,51.812,0.314,-1,400.000,-1,400.000,-1,325.000,325.000,325.000,300.000,-1,-1,-1,-1,800.000,800.000,-1,-1,2,0,2,0,2,0,0,0,0,2,2,2,2,0,0,2,2
19,6617.324,4299.312,-259.676,-57.194,0.541633,0.840504,0.013641,-0.840361,0.541797,-0.015759,-0.020637,-0.002928,0.999783,0,0.86308,0.16121,51.785,0.322,-1,400.000,-1,400.000,-1,325.000,325.000,325.000,300.000,-1,-1,-1,1000.000,800.000,800.000,-1,-1,2,0,2,0,2,0,0,0,0,2,2,2,1,0,0,2,2
20,6645.629,4255.953,-260.790,-56.863,0.546458,0.837359,0.014596,-0.837202,0.546643,-0.016527,-0.021817,-0.003188,0.999757,0,0.86300,0.16550,51.780,0.331,-1,400.000,-1,400.000,-1,325.000,325.000,300.000,300.000,-1,-1,-1,1000.000,800.000,800.000,-1,-1,2,0,2,0,2,0,0,0,0,2,2,2,1,0,0,2,2
21,6674.200,4212.749,-261.891,-56.523,0.551394,0.834100,0.015557,-0.833928,0.551603,-0.017267,-0.022984,-0.003452,0.999730,0,0.86328,0.17002,51.797,0.340,-1,400.000,-1,400.000,-1,325.000,325.000,300.000,325.000,-1,-1,-1,1000.000,800.000,800.000,-1,-1,2,0,2,0,2,0,0,0,0,2,2,2,1,0,0,2,2
22,6703.056,4169.688,-262.978,-56.173,0.556447,0.830719,0.016526,-0.830532,0.556680,-0.017981,-0.024137,-0.003720,0.999702,0,0.86393,0.17475,51.836,0.350,-1,400.000,-1,400.000,-1,325.000,325.000,300.000,325.000,-1,-1,-1,1000.000,800.000,800.000,-1,-1,2,0,2,0,2,0,0,0,0,2,2,2,1,0,0,2,2
23,6732.216,4126.759,-264.094,-55.814,0.561626,0.827210,0.017305,-0.827009,0.561880,-0.018651,-0.025152,-0.003837,0.999676,0,0.86493,0.17970,51.896,0.359,-1,400.000,-1,400.000,-1,325.000,325.000,300.000,325.000,-1,-1,-1,-1,800.000,800.000,-1,-1,2,0,2,0,2,0,0,0,0,2,2,2,2,0,0,2,2
24,6761.698,4083.952,-265.351,-55.444,0.566950,0.823569,0.017374,-0.823351,0.567206,-0.019245,-0.025704,-0.003394,0.999664,0,0.86628,0.18484,51.977,0.370,-1,400.000,-1,400.000,-1,325.000,325.000,300.000,325.000,-1,-1,-1,-1,800.000,800.000,-1,-1,2,0,2,0,2,0,0,0,0,2,2,2,2,0,0,2,2
25,6791.522,4041.259,-266.593,-55.064,0.572404,0.819786,0.017460,-0.819552,0.572662,-0.019822,-0.026248,-0.002963,0.999651,0,0.86798,0.19019,52.079,0.380,-1,400.000,-1,400.000,-1,325.000,325.000,300.000,325.000,-1,-1,-1,-1,800.000,800.000,-1,-1,2,0,2,0,2,0,0,0,0,2,2,2,2,0,0,2,2
26,6821.707,3998.670,-267.860,-54.672,0.577990,0.815856,0.017511,-0.815600,0.578250,-0.020562,-0.026901,-0.002398,0.999635,0,0.87002,0.19572,52.201,0.391,-1,400.000,-1,400.000,-1,325.000,325.000,300.000,325.000,-1,-1,-1,-1,800.000,800.000,-1,-1,2,0,2,0,2,0,0,0,0,2,2,2,2,0,0,2,2
27,6852.274,3956.179,-269.178,-54.269,0.583714,0.811771,0.017498,-0.811485,0.583974,-0.021588,-0.027743,-0.001598,0.999614,0,0.87238,0.20144,52.343,0.403,-1,400.000,-1,400.000,-1,325.000,325.000,300.000,325.000,-1,-1,-1,-1,800.000,775.000,-1,-1,2,0,2,0,2,0,0,0,0,2,2,2,2,0,0,2,2
28,6883.242,3913.782,-270.588,-53.855,0.589571,0.807524,0.017656,-0.807223,0.589834,-0.022060,-0.028228,-0.001247,0.999601,0,0.87506,0.20734,52.503,0.415,-1,400.000,-1,400.000,-1,325.000,325.000,325.000,325.000,-1,-1,-1,-1,800.000,775.000,-1,-1,2,0,2,0,2,0,0,0,0,2,2,2,2,0,0,2,2
29,6914.869,3871.148,-272.113,-53.430,0.595537,0.803132,0.017728,-0.802805,0.595801,-0.022917,-0.028968,-0.000584,0.999580,0,0.88473,0.21225,53.084,0.425,-1,400.000,-1,400.000,-1,325.000,325.000,325.000,325.000,-1,-1,-1,-1,800.000,775.000,-1,-1,2,0,2,0,2,0,0,0,0,2,2,2,2,0,0,2,2
30,6946.848,3828.714,-273.723,-52.998,0.601584,0.798610,0.017856,-0.798260,0.601849,-0.023633,-0.029620,-0.000037,0.999561,0,0.88558,0.21633,53.135,0.433,-1,400.000,-1,400.000,-1,325.000,325.000,325.000,325.000,-1,-1,-1,-1,800.000,775.000,-1,-1,2,0,2,0,2,0,0,0,0,2,2,2,2,0,0,2,2
31,6979.195,3786.473,-275.401,-52.556,0.607712,0.793951,0.018121,-0.793592,0.607982,-0.023865,-0.029965,0.000122,0.999551,0,0.88673,0.22064,53.204,0.441,-1,400.000,-1,400.000,-1,325.000,325.000,325.000,325.000,-1,-1,-1,-1,800.000,775.000,-1,-1,2,0,2,0,2,0,0,0,0,2,2,2,2,0,0,2,2
32,7011.927,3744.419,-277.057,-52.106,0.613928,0.789148,0.018404,-0.788781,0.614204,-0.024067,-0.030296,0.000258,0.999541,0,0.88817,0.22518,53.290,0.450,-1,400.000,-1,400.000,-1,325.000,325.000,325.000,300.000,-1,-1,-1,-1,775.000,775.000,-1,-1,2,0,2,0,2,0,0,0,0,2,2,2,2,0,0,2,2
33,7045.059,3702.547,-278.692,-51.646,0.620236,0.784192,0.018704,-0.783818,0.620518,-0.024237,-0.030613,0.000372,0.999531,0,0.88992,0.22994,53.395,0.460,-1,400.000,-1,400.000,-1,325.000,325.000,325.000,300.000,-1,-1,-1,-1,775.000,775.000,-1,-1,2,0,2,0,2,0,0,0,0,2,2,2,2,0,0,2,2
34,7078.611,3660.852,-280.354,-51.176,0.626631,0.779078,0.019282,-0.778696,0.626927,-0.024375,-0.031078,0.000259,0.999517,0,0.89197,0.23491,53.518,0.470,-1,400.000,-1,400.000,-1,325.000,325.000,325.000,325.000,-1,-1,-1,-1,775.000,775.000,-1,-1,2,0,2,0,2,0,0,0,0,2,2,2,2,0,0,2,2
35,7112.601,3619.331,-282.004,-50.696,0.633121,0.773796,0.019926,-0.773409,0.633435,-0.024475,-0.031560,0.000084,0.999502,0,0.89431,0.24010,53.659,0.480,-1,400.000,-1,400.000,-1,325.000,325.000,325.000,325.000,-1,-1,-1,-1,775.000,750.000,-1,-1,2,0,2,0,2,0,0,0,0,2,2,2,2,0,0,2,2
36,7147.138,3577.860,-283.694,-50.213,0.639601,0.768423,0.020885,-0.768032,0.639942,-0.024528,-0.032213,-0.000352,0.999481,0,0.89948,0.24175,53.969,0.483,-1,400.000,-1,400.000,-1,325.000,325.000,325.000,325.000,-1,-1,-1,-1,775.000,750.000,-1,-1,2,0,2,0,2,0,0,0,0,2,2,2,2,0,0,2,2
37,7182.276,3536.404,-285.413,-49.715,0.646208,0.762841,0.022101,-0.762447,0.646585,-0.024529,-0.033002,-0.001000,0.999455,0,0.90575,0.24858,54.345,0.497,-1,400.000,-1,400.000,-1,325.000,325.000,325.000,325.000,-1,-1,-1,-1,775.000,750.000,-1,-1,2,0,2,0,2,0,0,0,0,2,2,2,2,0,0,2,2
38,7218.041,3494.948,-287.189,-49.215,0.652819,0.757166,0.022955,-0.756771,0.653221,-0.024493,-0.033540,-0.001382,0.999436,0,0.91253,0.25016,54.752,0.500,-1,400.000,-1,400.000,-1,325.000,325.000,300.000,325.000,-1,-1,-1,-1,750.000,750.000,-1,-1,2,0,2,0,2,0,0,0,0,2,2,2,2,0,0,2,2
39,7254.440,3453.499,-288.981,-48.712,0.659427,0.751397,0.023639,-0.751001,0.659849,-0.024420,-0.033947,-0.001649,0.999422,0,0.91937,0.25172,55.162,0.503,-1,400.000,-1,400.000,-1,325.000,325.000,300.000,325.000,-1,-1,-1,-1,750.000,750.000,-1,-1,2,0,2,0,2,0,0,0,0,2,2,2,2,0,0,2,2
40,7291.480,3412.065,-290.787,-48.205,0.666030,0.745534,0.024154,-0.745139,0.666465,-0.024314,-0.034225,-0.001804,0.999413,0,0.92627,0.25326,55.576,0.507,-1,400.000,-1,400.000,-1,325.000,325.000,300.000,325.000,-1,-1,-1,-1,750.000,750.000,-1,-1,2,0,2,0,2,0,0,0,0,2,2,2,2,1,0,2,2
41,7325.496,3374.367,-292.516,-47.939,0.669495,0.742426,0.024096,-0.742032,0.669926,-0.024231,-0.034133,-0.001658,0.999416,0,0.84627,0.13326,50.776,0.267,-1,400.000,-1,400.000,-1,325.000,325.000,300.000,325.000,-1,-1,-1,-1,750.000,750.000,-1,-1,2,0,2,0,2,0,0,0,0,2,2,2,2,1,0,2,2
42,7356.313,3340.248,-294.061,-47.912,0.669841,0.742116,0.024033,-0.741723,0.670270,-0.024195,-0.034065,-0.001619,0.999418,0,0.76627,0.01326,45.976,0.027,-1,400.000,-1,400.000,-1,325.000,325.000,325.000,325.000,-1,-1,-1,-1,725.000,750.000,-1,-1,2,0,2,0,2,0,0,0,0,2,2,2,2,1,0,2,2
43,7384.057,3309.425,-295.439,-48.009,0.668587,0.743248,0.023961,-0.742856,0.669014,-0.024200,-0.034018,-0.001620,0.999420,0,0.69118,-0.04844,41.471,-0.097,-1,400.000,-1,400.000,-1,325.000,325.000,325.000,325.000,-1,-1,-1,-1,700.000,750.000,975.000,-1,2,0,2,0,2,0,0,0,0,2,2,2,2,1,0,1,2
44,7411.954,3278.330,-296.806,-48.103,0.667372,0.744341,0.023879,-0.743949,0.667798,-0.024200,-0.033960,-0.001615,0.999422,0,0.69625,-0.04685,41.775,-0.094,-1,400.000,-1,400.000,-1,325.000,325.000,325.000,325.000,-1,-1,-1,-1,700.000,750.000,925.000,-1,2,0,2,0,2,0,0,0,0,2,2,2,2,1,0,1,2
45,7440.006,3246.964,-298.161,-48.193,0.666201,0.745393,0.023787,-0.745002,0.666624,-0.024194,-0.033891,-0.001604,0.999424,0,0.70133,-0.04515,42.080,-0.090,-1,400.000,-1,400.000,-1,325.000,325.000,325.000,325.000,-1,-1,-1,-1,675.000,750.000,875.000,975.000,2,0,2,0,2,0,0,0,0,2,2,2,2,1,1,1,1
46,7468.213,3215.327,-299.504,-48.280,0.665075,0.746401,0.023685,-0.746011,0.665495,-0.024181,-0.033811,-0.001587,0.999427,0,0.70642,-0.04335,42.385,-0.087,-1,400.000,-1,400.000,-1,325.000,325.000,325.000,325.000,-1,-1,-1,-1,650.000,725.000,825.000,925.000,2,0,2,0,2,0,0,0,0,2,2,2,2,1,1,1,1
47,7496.577,3183.422,-300.844,-48.363,0.663998,0.747363,0.023581,-0.746975,0.664414,-0.024115,-0.033690,-0.001602,0.999431,0,0.71150,-0.04145,42.690,-0.083,-1,400.000,-1,400.000,-1,325.000,325.000,325.000,325.000,-1,-1,-1,-1,625.000,700.000,800.000,900.000,2,0,2,0,2,0,0,0,0,2,2,2,2,1,1,1,1
48,7525.099,3151.250,-302.251,-48.441,0.662972,0.748276,0.023473,-0.747893,0.663385,-0.024003,-0.033532,-0.001642,0.999436,0,0.71658,-0.03942,42.995,-0.079,975.000,400.000,975.000,400.000,-1,325.000,325.000,325.000,325.000,-1,-1,-1,-1,600.000,675.000,750.000,850.000,1,0,1,0,2,0,0,0,0,2,2,2,2,1,1,1,1
49,7553.781,3118.813,-303.681,-48.516,0.662002,0.749139,0.023327,-0.748754,0.662411,-0.024047,-0.033467,-0.001546,0.999439,0,0.72164,-0.03727,43.299,-0.075,900.000,400.000,950.000,400.000,975.000,325.000,325.000,325.000,325.000,-1,-1,-1,-1,600.000,650.000,700.000,800.000,1,0,1,0,1,0,0,0,0,2,2,2,2,1,1,1,1
50,7582.623,3086.115,-305.184,-48.586,0.661090,0.749947,0.023249,-0.749576,0.661496,-0.023635,-0.033104,-0.001802,0.999450,0,0.72669,-0.03498,43.602,-0.070,825.000,400.000,900.000,400.000,900.000,325.000,325.000,325.000,325.000,-1,-1,-1,-1,575.000,650.000,650.000,775.000,1,0,1,0,1,0,0,0,0,2,2,2,2,1,1,1,1
51,7611.627,3053.157,-306.667,-48.651,0.660240,0.750697,0.023161,-0.750341,0.660643,-0.023225,-0.032736,-0.002044,0.999462,0,0.73172,-0.03254,43.903,-0.065,750.000,400.000,850.000,400.000,850.000,325.000,325.000,325.000,325.000,-1,-1,-1,-1,550.000,625.000,600.000,725.000,1,1,1,0,1,0,0,0,0,2,2,2,2,1,1,1,1
52,7640.795,3019.943,-308.132,-48.711,0.659458,0.751387,0.023061,-0.751044,0.659858,-0.022818,-0.032362,-0.002272,0.999474,0,0.73672,-0.02995,44.203,-0.060,675.000,375.000,800.000,400.000,775.000,325.000,325.000,325.000,325.000,-1,-1,-1,-1,525.000,600.000,550.000,675.000,1,1,1,0,1,0,0,0,0,2,2,2,2,1,1,1,1
53,7670.127,2986.478,-309.596,-48.765,0.658746,0.752013,0.023054,-0.751683,0.659144,-0.022409,-0.032048,-0.002568,0.999483,0,0.74167,-0.02719,44.500,-0.054,600.000,375.000,775.000,400.000,725.000,325.000,325.000,325.000,325.000,-1,-1,-1,-1,500.000,575.000,500.000,650.000,1,1,1,0,1,0,0,0,0,2,2,2,2,1,1,1,1
54,7699.625,2952.767,-311.042,-48.814,0.658110,0.752569,0.023047,-0.752253,0.658507,-0.022002,-0.031734,-0.002857,0.999492,0,0.74658,-0.02424,44.795,-0.048,550.000,350.000,725.000,375.000,675.000,325.000,325.000,325.000,325.000,-1,-1,-1,-1,450.000,550.000,475.000,600.000,1,1,1,0,1,0,0,0,0,2,2,2,2,1,1,1,1
55,7729.289,2918.815,-312.467,-48.856,0.657556,0.753053,0.023032,-0.752750,0.657952,-0.021597,-0.031418,-0.003136,0.999501,0,0.75143,-0.02109,45.086,-0.042,475.000,325.000,675.000,375.000,600.000,325.000,325.000,325.000,325.000,-1,-1,-1,-1,425.000,525.000,425.000,550.000,1,1,1,0,1,0,0,0,0,2,2,2,2,1,1,1,1
56,7759.121,2884.628,-313.871,-48.891,0.657091,0.753460,0.023009,-0.753169,0.657485,-0.021195,-0.031097,-0.003402,0.999511,0,0.75621,-0.01773,45.372,-0.035,425.000,325.000,625.000,375.000,550.000,300.000,325.000,325.000,325.000,-1,-1,-1,-1,400.000,500.000,375.000,500.000,1,1,1,1,1,1,0,0,0,2,2,2,2,1,1,1,1
57,7789.121,2850.215,-315.051,-48.920,0.656759,0.753785,0.021813,-0.753502,0.657115,-0.020846,-0.030047,-0.002746,0.999545,0,0.76089,-0.01412,45.654,-0.028,375.000,300.000,600.000,350.000,500.000,300.000,325.000,325.000,300.000,-1,-1,-1,-1,375.000,475.000,325.000,475.000,1,1,1,1,1,1,0,0,0,2,2,2,2,1,1,1,1
58,7822.096,2812.029,-315.290,-49.188,0.653411,0.756855,0.014999,-0.756576,0.653580,-0.020663,-0.025442,0.002154,0.999674,0,0.84089,-0.13412,50.454,-0.268,325.000,275.000,550.000,350.000,450.000,275.000,325.000,325.000,300.000,-1,-1,-1,-1,350.000,450.000,300.000,425.000,1,1,1,1,1,1,1,0,0,2,2,2,2,1,1,1,1
59,7856.944,2770.944,-314.982,-49.696,0.646863,0.762590,0.004964,-0.762375,0.646813,-0.020436,-0.018795,0.009435,0.999779,0,0.89789,-0.25412,53.873,-0.508,300.000,275.000,525.000,325.000,400.000,275.000,300.000,350.000,300.000,-1,675.000,600.000,-1,350.000,425.000,275.000,400.000,1,1,1,1,1,1,1,0,0,2,0,0,2,1,1,1,1
60,7891.420,2729.206,-314.075,-50.444,0.636944,0.770868,-0.008064,-0.770842,0.636713,-0.019987,-0.010273,0.018947,0.999768,0,0.90227,-0.37412,54.136,-0.748,250.000,250.000,500.000,300.000,375.000,250.000,300.000,375.000,300.000,-1,475.000,350.000,-1,325.000,400.000,250.000,350.000,1,1,1,1,1,1,1,0,0,2,0,0,2,1,1,1,1
61,7925.308,2686.711,-311.647,-51.433,0.623371,0.781583,-0.023169,-0.781921,0.623202,-0.014806,0.002867,0.027346,0.999622,0,0.90589,-0.49412,54.353,-0.988,225.000,250.000,475.000,300.000,350.000,250.000,275.000,400.000,300.000,-1,325.000,200.000,-1,300.000,375.000,225.000,325.000,1,1,1,1,1,1,1,0,0,2,0,0,2,1,1,1,1
62,7958.374,2643.372,-306.890,-52.661,0.605776,0.794662,-0.039333,-0.795290,0.606229,-0.000522,0.023429,0.031597,0.999226,0,0.90853,-0.61412,54.512,-1.228,225.000,250.000,500.000,300.000,350.000,250.000,275.000,450.000,300.000,-1,225.000,125.000,-1,300.000,375.000,200.000,325.000,1,1,1,1,1,1,1,0,1,2,0,0,2,1,1,1,1
63,7990.369,2599.134,-301.254,-54.129,0.583918,0.809785,-0.057334,-0.810465,0.585561,0.016272,0.046749,0.036965,0.998222,0,0.90989,-0.73412,54.593,-1.468,200.000,250.000,525.000,300.000,375.000,225.000,250.000,475.000,325.000,-1,175.000,100.000,850.000,300.000,375.000,200.000,350.000,1,1,1,1,1,1,1,0,1,2,0,0,0,1,1,1,1
64,8021.025,2553.974,-294.818,-55.837,0.557468,0.826667,-0.076496,-0.827039,0.561015,0.035618,0.072360,0.043410,0.996433,0,0.90962,-0.85412,54.577,-1.708,200.000,250.000,625.000,300.000,400.000,225.000,250.000,500.000,325.000,-1,150.000,75.000,650.000,325.000,375.000,200.000,350.000,1,1,1,1,1,1,1,1,1,2,0,0,0,1,1,1,1
65,8050.205,2508.009,-287.711,-57.601,0.528850,0.843246,-0.096198,-0.842821,0.535128,0.057366,0.099852,0.050740,0.993708,0,0.90731,-0.88164,54.439,-1.763,175.000,250.000,-1,300.000,450.000,225.000,250.000,450.000,350.000,-1,125.000,50.000,525.000,325.000,375.000,175.000,400.000,1,1,2,1,1,1,1,1,1,2,0,0,0,1,1,1,1
66,-5575.413,4919.492,-157.538,-84.567,0.093594,0.994827,0.039478,-0.995200,0.094621,-0.024983,-0.028589,-0.036950,0.998908,1,0.00000,0.00000,54.175,-1.730,-1,400.000,-1,375.000,-1,325.000,325.000,300.000,300.000,-1,-1,-1,-1,725.000,725.000,-1,-1,2,0,2,0,2,0,0,0,0,2,2,2,2,0,0,2,2
67,-5574.938,4914.715,-157.678,-84.327,0.097763,0.994427,0.039466,-0.994797,0.098787,-0.024905,-0.028665,-0.036826,0.998911,0,0.08000,0.12000,4.800,0.240,-1,400.000,-1,375.000,-1,325.000,325.000,300.000,300.000,-1,-1,-1,-1,725.000,725.000,-1,-1,2,0,2,0,2,0,0,0,0,2,2,2,2,0,0,2,2
68,-5573.909,4905.170,-157.961,-83.847,0.106094,0.993574,0.039440,-0.993939,0.107116,-0.024748,-0.028814,-0.036575,0.998915,0,0.16000,0.24000,9.600,0.480,-1,400.000,-1,375.000,-1,325.000,325.000,300.000,300.000,-1,-1,-1,-1,725.000,725.000,-1,-1,2,0,2,0,2,0,0,0,0,2,2,2,2,0,0,2,2
69,-5572.186,4890.874,-158.392,-83.127,0.118578,0.992163,0.039395,-0.992520,0.119594,-0.024515,-0.029034,-0.036193,0.998923,0,0.24000,0.36000,14.400,0.720,-1,400.000,-1,375.000,-1,325.000,325.000,300.000,300.000,-1,-1,-1,-1,725.000,725.000,-1,-1,2,0,2,0,2,0,0,0,0,2,2,2,2,0,0,2,2
70,-5569.570,4871.853,-158.979,-82.167,0.135194,0.990038,0.039324,-0.990385,0.136203,-0.024207,-0.029322,-0.035673,0.998933,0,0.32000,0.48000,19.200,0.960,-1,400.000,-1,375.000,-1,325.000,325.000,300.000,300.000,-1,-1,-1,-1,725.000,725.000,-1,-1,2,0,2,0,2,0,0,0,0,2,2,2,2,0,0,2,2
71,-5565.802,4848.151,-159.732,-80.967,0.155911,0.986992,0.039217,-0.987325,0.156911,-0.023829,-0.029673,-0.035005,0.998947,0,0.40000,0.60000,24.000,1.200,-1,400.000,-1,375.000,-1,325.000,325.000,300.000,300.000,-1,-1,-1,-1,725.000,725.000,-1,-1,2,0,2,0,2,0,0,0,0,2,2,2,2,0,0,2,2
72,-5560.633,4819.819,-160.660,-79.661,0.178381,0.983186,0.039070,-0.983504,0.179368,-0.023383,-0.029998,-0.034254,0.998963,0,0.48000,0.65294,28.800,1.306,-1,400.000,-1,375.000,-1,325.000,325.000,300.000,300.000,-1,-1,-1,-1,725.000,725.000,-1,-1,2,0,2,0,2,0,0,0,0,2,2,2,2,0,0,2,2
73,-5553.865,4786.908,-161.767,-78.379,0.200351,0.978952,0.038879,-0.979258,0.201322,-0.022874,-0.030220,-0.033490,0.998982,0,0.56000,0.64091,33.600,1.282,-1,400.000,-1,375.000,-1,325.000,325.000,300.000,300.000,-1,-1,-1,-1,725.000,725.000,-1,-1,2,0,2,0,2,0,0,0,0,2,2,2,2,0,0,2,2
74,-5545.309,4749.473,-163.061,-77.125,0.221750,0.974338,0.038640,-0.974632,0.222701,-0.022305,-0.030338,-0.032713,0.999004,0,0.64000,0.62692,38.400,1.254,-1,400.000,-1,375.000,-1,325.000,325.000,300.000,300.000,-1,-1,-1,-1,750.000,725.000,-1,-1,2,0,2,0,2,0,0,0,0,2,2,2,2,0,0,2,2
75,-5534.788,4707.574,-164.548,-75.903,0.242507,0.969391,0.038349,-0.969675,0.243435,-0.021682,-0.030354,-0.031928,0.999029,0,0.72000,0.61099,43.200,1.222,-1,400.000,-1,375.000,-1,325.000,325.000,300.000,300.000,-1,-1,-1,-1,750.000,725.000,-1,-1,2,0,2,0,2,0,0,0,0,2,2,2,2,0,0,2,2
76,-5522.136,4661.272,-166.188,-74.717,0.262547,0.964163,0.038188,-0.964440,0.263458,-0.021090,-0.030395,-0.031293,0.999048,0,0.80000,0.59315,48.000,1.186,-1,400.000,-1,375.000,-1,325.000,325.000,300.000,300.000,-1,-1,-1,-1,750.000,725.000,-1,-1,2,0,2,0,2,0,0,0,0,2,2,2,2,0,0,2,2
77,-5507.182,4610.634,-167.844,-73.548,0.282168,0.958584,0.038694,-0.958878,0.283080,-0.020462,-0.030568,-0.031329,0.999042,0,0.88000,0.58470,52.800,1.169,-1,400.000,-1,375.000,-1,325.000,325.000,300.000,300.000,-1,-1,-1,-1,750.000,725.000,-1,-1,2,0,2,0,2,0,0,0,0,2,2,2,2,0,0,2,2
78,-5491.033,4559.794,-169.522,-72.378,0.301672,0.952604,0.039248,-0.952919,0.302583,-0.019694,-0.030637,-0.031459,0.999035,0,0.88905,0.58470,53.343,1.169,-1,400.000,-1,375.000,-1,325.000,325.000,300.000,300.000,-1,-1,-1,-1,750.000,725.000,-1,-1,2,0,2,0,2,0,0,0,0,2,2,2,2,0,0,2,2
79,-5473.850,4509.294,-171.189,-71.209,0.321051,0.946233,0.039619,-0.946559,0.321962,-0.019135,-0.030862,-0.031359,0.999032,0,0.88905,0.58470,53.343,1.169,-1,400.000,-1,375.000,-1,325.000,325.000,300.000,300.000,-1,-1,-1,-1,725.000,725.000,-1,-1,2,0,2,0,2,0,0,0,0,2,2,2,2,0,0,2,2
80,-5455.641,4459.155,-172.800,-70.039,0.340303,0.939480,0.039639,-0.939798,0.341212,-0.018813,-0.031200,-0.030850,0.999037,0,0.88905,0.58470,53.343,1.169,-1,400.000,-1,375.000,-1,325.000,325.000,300.000,300.000,-1,-1,-1,-1,725.000,725.000,-1,-1,2,0,2,0,2,0,0,0,0,2,2,2,2,0,0,2,2
81,-5436.411,4409.399,-174.383,-68.870,0.359425,0.932338,0.039502,-0.932648,0.360321,-0.018332,-0.031325,-0.030252,0.999051,0,0.88905,0.58470,53.343,1.169,-1,400.000,-1,375.000,-1,325.000,325.000,300.000,300.000,-1,-1,-1,-1,725.000,725.000,-1,-1,2,0,2,0,2,0,0,0,0,2,2,2,2,0,0,2,2
82,-5416.171,4360.045,-176.001,-67.701,0.378397,0.924807,0.039340,-0.925109,0.379281,-0.017860,-0.031437,-0.029636,0.999066,0,0.88905,0.58470,53.343,1.169,-1,400.000,-1,400.000,-1,325.000,325.000,300.000,300.000,-1,-1,-1,-1,725.000,725.000,-1,-1,2,0,2,0,2,0,0,0,0,2,2,2,2,0,0,2,2
83,-5394.927,4311.114,-177.653,-66.531,0.397213,0.916891,0.039153,-0.917184,0.398083,-0.017395,-0.031536,-0.029000,0.999082,0,0.88905,0.58470,53.343,1.169,-1,400.000,-1,400.000,-1,325.000,325.000,300.000,300.000,-1,-1,-1,-1,725.000,725.000,-1,-1,2,0,2,0,2,0,0,0,0,2,2,2,2,0,0,2,2
84,-5372.689,4262.628,-179.338,-65.362,0.415864,0.908593,0.038940,-0.908877,0.416720,-0.016941,-0.031619,-0.028347,0.999098,0,0.88905,0.58470,53.343,1.169,-1,400.000,-1,400.000,-1,325.000,325.000,300.000,300.000,-1,-1,-1,-1,725.000,750.000,-1,-1,2,0,2,0,2,0,0,0,0,2,2,2,2,0,0,2,2
85,-5349.466,4214.605,-181.057,-64.192,0.434343,0.899916,0.038703,-0.900190,0.435185,-0.016497,-0.031689,-0.027675,0.999115,0,0.88905,0.58470,53.343,1.169,-1,400.000,-1,400.000,-1,325.000,325.000,300.000,300.000,-1,-1,-1,-1,725.000,750.000,-1,-1,2,0,2,0,2,0,0,0,0,2,2,2,2,0,0,2,2
86,-5325.268,4167.066,-182.807,-63.023,0.452642,0.890864,0.038441,-0.891127,0.453469,-0.016064,-0.031743,-0.026984,0.999132,0,0.88905,0.58470,53.343,1.169,-1,400.000,-1,400.000,-1,325.000,325.000,300.000,300.000,-1,-1,-1,-1,725.000,750.000,-1,-1,2,0,2,0,2,0,0,0,0,2,2,2,2,0,0,2,2
87,-5300.105,4120.031,-184.563,-61.854,0.470759,0.881442,0.038021,-0.881693,0.471566,-0.015620,-0.031697,-0.026170,0.999155,0,0.88905,0.58470,53.343,1.169,-1,400.000,-1,400.000,-1,325.000,325.000,300.000,300.000,-1,-1,-1,-1,725.000,750.000,-1,-1,2,0,2,0,2,0,0,0,0,2,2,2,2,0,0,2,2
88,-5273.987,4073.519,-186.255,-60.684,0.488679,0.871653,0.037586,-0.871889,0.489467,-0.015196,-0.031642,-0.025345,0.999178,0,0.88905,0.58470,53.343,1.169,-1,400.000,-1,400.000,-1,325.000,325.000,300.000,300.000,-1,-1,-1,-1,725.000,750.000,-1,-1,2,0,2,0,2,0,0,0,0,2,2,2,2,0,0,2,2
89,-5246.926,4027.550,-187.938,-59.515,0.506390,0.861498,0.037288,-0.861723,0.507163,-0.014814,-0.031674,-0.024630,0.999195,0,0.88905,0.58470,53.343,1.169,-1,400.000,-1,400.000,-1,325.000,325.000,300.000,300.000,-1,-1,-1,-1,725.000,750.000,-1,-1,2,0,2,0,2,0,0,0,0,2,2,2,2,0,0,2,2
90,-5218.932,3982.143,-189.618,-58.345,0.523891,0.850981,0.037003,-0.851199,0.524648,-0.014300,-0.031583,-0.024006,0.999213,0,0.88905,0.58470,53.343,1.169,-1,375.000,-1,400.000,-1,325.000,325.000,300.000,300.000,-1,-1,-1,-1,725.000,750.000,-1,-1,2,0,2,0,2,0,0,0,0,2,2,2,2,0,0,2,2
91,-5190.016,3937.316,-191.299,-57.176,0.541175,0.840108,0.036732,-0.840323,0.541913,-0.013708,-0.031421,-0.023449,0.999231,0,0.88905,0.58470,53.343,1.169,-1,375.000,-1,400.000,-1,325.000,325.000,300.000,300.000,-1,-1,-1,-1,725.000,750.000,-1,-1,2,0,2,0,2,0,0,0,0,2,2,2,2,0,0,2,2
92,-5160.192,3893.089,-192.982,-56.006,0.558230,0.828882,0.036522,-0.829097,0.558952,-0.013112,-0.031282,-0.022960,0.999247,0,0.88905,0.58470,53.343,1.169,-1,375.000,-1,400.000,-1,325.000,325.000,300.000,300.000,-1,-1,-1,-1,725.000,725.000,-1,-1,2,0,2,0,2,0,0,0,0,2,2,2,2,0,0,2,2
93,-5126.907,3845.416,-194.832,-55.077,0.571625,0.819713,0.036275,-0.819931,0.572327,-0.012444,-0.030962,-0.022630,0.999264,0,0.96905,0.46470,58.143,0.929,-1,375.000,-1,400.000,-1,325.000,325.000,300.000,300.000,-1,-1,-1,-1,725.000,725.000,-1,-1,2,0,2,0,2,0,0,0,0,2,2,2,2,0,0,2,2
94,-5092.487,3797.361,-196.651,-54.388,0.581468,0.812776,0.035912,-0.812988,0.582155,-0.012107,-0.030746,-0.022157,0.999282,0,0.98517,0.34470,59.110,0.689,-1,375.000,-1,400.000,-1,325.000,325.000,300.000,300.000,-1,-1,-1,-1,725.000,725.000,-1,-1,2,0,2,0,2,0,0,0,0,2,2,2,2,0,0,2,2
95,-5057.692,3749.577,-198.475,-53.938,0.587847,0.808190,0.035556,-0.808400,0.588516,-0.011741,-0.030414,-0.021842,0.999299,0,0.98517,0.22470,59.110,0.449,-1,375.000,-1,400.000,-1,325.000,325.000,300.000,300.000,-1,-1,-1,-1,725.000,725.000,-1,-1,2,0,2,0,2,0,0,0,0,2,2,2,2,0,0,2,2
96,-5022.722,3701.921,-200.284,-53.729,0.590820,0.806038,0.035131,-0.806248,0.591469,-0.011339,-0.029918,-0.021625,0.999318,0,0.98517,0.10470,59.110,0.209,-1,375.000,-1,375.000,-1,325.000,325.000,300.000,300.000,-1,-1,-1,-1,725.000,725.000,-1,-1,2,0,2,0,2,0,0,0,0,2,2,2,2,0,0,2,2
97,-4987.777,3654.246,-202.009,-53.759,0.590429,0.806360,0.034305,-0.806566,0.591043,-0.010885,-0.029053,-0.021242,0.999352,0,0.98517,-0.01530,59.110,-0.031,-1,375.000,-1,375.000,-1,325.000,325.000,300.000,300.000,-1,-1,-1,-1,725.000,725.000,-1,-1,2,0,2,0,2,0,0,0,0,2,2,2,2,0,0,2,2
98,-4953.058,3606.406,-203.715,-54.030,0.586653,0.809147,0.033461,-0.809352,0.587231,-0.010387,-0.028054,-0.020988,0.999386,0,0.98517,-0.13530,59.110,-0.271,-1,375.000,-1,375.000,-1,325.000,325.000,300.000,300.000,-1,-1,-1,-1,725.000,725.000,-1,-1,2,0,2,0,2,0,0,0,0,2,2,2,2,0,0,2,2
99,-4918.767,3558.259,-205.314,-54.541,0.579456,0.814356,0.032484,-0.814550,0.580003,-0.010256,-0.027193,-0.020517,0.999420,0,0.98517,-0.25530,59.110,-0.511,-1,375.000,-1,375.000,-1,325.000,325.000,300.000,300.000,-1,-1,-1,-1,725.000,725.000,-1,-1,2,0,2,0,2,0,0,0,0,2,2,2,2,0,0,2,2
100,-4885.109,3509.667,-206.827,-55.291,0.568776,0.821888,0.031543,-0.822079,0.569288,-0.009894,-0.026089,-0.020304,0.999453,0,0.98517,-0.37530,59.110,-0.751,-1,375.000,-1,375.000,-1,325.000,325.000,300.000,300.000,-1,-1,-1,-1,725.000,725.000,-1,-1,2,0,2,0,2,0,0,0,0,2,2,2,2,0,0,2,2
101,-4852.297,3460.500,-208.265,-56.282,0.554516,0.831606,0.030714,-0.831802,0.554993,-0.009383,-0.024849,-0.020344,0.999484,0,0.98517,-0.49530,59.110,-0.991,-1,375.000,-1,375.000,-1,325.000,325.000,300.000,300.000,-1,-1,-1,-1,725.000,725.000,-1,-1,2,0,2,0,2,0,0,0,0,2,2,2,2,0,0,2,2
102,-4820.547,3410.640,-209.638,-57.512,0.536558,0.843329,0.030025,-0.843534,0.537003,-0.008851,-0.023588,-0.020578,0.999510,0,0.98517,-0.61530,59.110,-1.231,-1,375.000,-1,375.000,-1,325.000,325.000,300.000,300.000,-1,-1,-1,-1,725.000,725.000,-1,-1,2,0,2,0,2,0,0,0,0,2,2,2,2,0,0,2,2
103,-4790.088,3359.981,-210.970,-58.983,0.514767,0.856827,0.029360,-0.857042,0.515180,-0.008282,-0.022222,-0.020900,0.999535,0,0.98517,-0.73530,59.110,-1.471,-1,375.000,-1,375.000,-1,325.000,325.000,300.000,300.000,-1,-1,-1,-1,725.000,725.000,-1,-1,2,0,2,0,2,0,0,0,0,2,2,2,2,0,0,2,2
104,-4761.155,3308.436,-212.155,-60.694,0.488991,0.871810,0.028910,-0.872049,0.489365,-0.007232,-0.020453,-0.021675,0.999556,0,0.98517,-0.85530,59.110,-1.711,-1,375.000,-1,375.000,-1,325.000,325.000,300.000,300.000,-1,-1,1000.000,-1,725.000,725.000,-1,-1,2,0,2,0,2,0,0,0,0,2,2,0,2,0,0,2,2
105,-4733.992,3255.936,-213.282,-62.644,0.459064,0.887944,0.028552,-0.888210,0.459398,-0.006121,-0.018552,-0.022550,0.999574,0,0.98517,-0.97530,59.110,-1.951,-1,375.000,-1,375.000,-1,325.000,325.000,300.000,300.000,-1,1000.000,975.000,-1,725.000,725.000,-1,-1,2,0,2,0,2,0,0,0,0,2,0,0,2,0,0,2,2
106,-4708.679,3202.520,-214.355,-64.644,0.427827,0.903418,0.028292,-0.903708,0.428120,-0.004985,-0.016616,-0.023435,0.999587,0,0.98517,-1.00000,59.110,-2.000,-1,375.000,-1,375.000,-1,325.000,325.000,300.000,300.000,-1,975.000,950.000,-1,725.000,725.000,-1,-1,2,0,2,0,2,0,0,0,0,2,0,0,2,0,0,2,2
107,-4685.245,3148.253,-215.255,-66.644,0.396065,0.917800,0.027852,-0.918099,0.396327,-0.004368,-0.015048,-0.023841,0.999603,0,0.98517,-1.00000,59.110,-2.000,-1,375.000,-1,375.000,-1,325.000,325.000,300.000,300.000,-1,1000.000,975.000,-1,725.000,725.000,-1,-1,2,0,2,0,2,0,0,0,0,2,0,0,2,0,0,2,2
108,-4663.720,3093.201,-215.988,-68.644,0.363835,0.931074,0.026936,-0.931370,0.364055,-0.003598,-0.013156,-0.023779,0.999631,0,0.98517,-1.00000,59.110,-2.000,-1,375.000,-1,375.000,-1,325.000,325.000,300.000,300.000,-1,1000.000,975.000,-1,725.000,725.000,-1,-1,2,0,2,0,2,0,0,0,0,2,0,0,2,0,0,2,2
109,-4644.129,3037.431,-216.648,-70.644,0.331161,0.943215,0.026040,-0.943507,0.331341,-0.002790,-0.011259,-0.023645,0.999657,0,0.98517,-1.00000,59.110,-2.000,-1,375.000,-1,375.000,-1,325.000,325.000,300.000,300.000,-1,1000.000,950.000,-1,725.000,725.000,-1,-1,2,0,2,0,2,0,0,0,0,2,0,0,2,0,0,2,2
110,-4626.496,2981.012,-217.246,-72.644,0.298081,0.954208,0.025210,-0.954494,0.298222,-0.001960,-0.009389,-0.023478,0.999680,0,0.98517,-1.00000,59.110,-2.000,-1,375.000,-1,400.000,-1,325.000,325.000,300.000,300.000,-1,-1,950.000,-1,725.000,725.000,-1,-1,2,0,2,0,2,0,0,0,0,2,2,0,2,0,0,2,2
111,-4610.843,2924.011,-217.783,-74.644,0.264635,0.964039,0.024447,-0.964319,0.264740,-0.001115,-0.007547,-0.023280,0.999701,0,0.98517,-1.00000,59.110,-2.000,-1,375.000,-1,400.000,-1,325.000,325.000,300.000,300.000,-1,1000.000,950.000,-1,725.000,725.000,-1,-1,2,0,2,0,2,0,0,0,0,2,0,0,2,0,0,2,2
112,-4597.189,2866.500,-218.228,-76.644,0.230863,0.972694,0.023847,-0.972969,0.230935,-0.000302,-0.005800,-0.023133,0.999716,0,0.98517,-1.00000,59.110,-2.000,-1,400.000,-1,375.000,-1,325.000,325.000,300.000,300.000,-1,975.000,950.000,-1,725.000,725.000,-1,-1,2,0,2,0,2,0,0,0,0,2,0,0,2,0,0,2,2
113,-4586.272,2813.297,-218.562,-78.404,0.200906,0.979329,0.023469,-0.979601,0.200952,0.000386,-0.004338,-0.023068,0.999724,0,0.90517,-0.88000,54.310,-1.760,-1,400.000,-1,375.000,-1,325.000,325.000,300.000,300.000,-1,950.000,950.000,-1,725.000,725.000,-1,-1,2,0,2,0,2,0,0,0,0,2,0,0,2,0,0,2,2
114,-4577.578,2764.370,-218.835,-79.924,0.174881,0.984317,0.023158,-0.984585,0.174905,0.001010,-0.003056,-0.022978,0.999731,0,0.82822,-0.76000,49.693,-1.520,-1,375.000,-1,375.000,-1,325.000,325.000,300.000,300.000,-1,950.000,925.000,-1,750.000,725.000,-1,-1,2,0,2,0,2,0,0,0,0,2,0,0,2,0,0,2,2
115,-4569.979,2715.261,-219.079,-81.204,0.152870,0.987982,0.022865,-0.988244,0.152873,0.001630,-0.001885,-0.022846,0.999737,0,0.82822,-0.64000,49.693,-1.280,-1,375.000,-1,375.000,-1,325.000,325.000,300.000,300.000,-1,950.000,925.000,-1,750.000,725.000,-1,-1,2,0,2,0,2,0,0,0,0,2,0,0,2,0,0,2,2
116,-4563.273,2666.023,-219.295,-82.244,0.134932,0.990597,0.022598,-0.990854,0.134916,0.002236,-0.000834,-0.022693,0.999742,0,0.82822,-0.52000,49.693,-1.040,-1,375.000,-1,375.000,-1,325.000,325.000,300.000,300.000,-1,950.000,925.000,-1,750.000,725.000,-1,-1,2,0,2,0,2,0,0,0,0,2,0,0,2,0,0,2,2
117,-4557.255,2616.695,-219.322,-83.044,0.121105,0.992374,0.022964,-0.992640,0.121071,0.002854,0.000052,-0.023140,0.999732,0,0.82822,-0.40000,49.693,-0.800,-1,375.000,-1,375.000,-1,325.000,325.000,300.000,300.000,-1,950.000,925.000,-1,750.000,725.000,-1,-1,2,0,2,0,2,0,0,0,0,2,0,0,2,0,0,2,2
118,-4551.720,2567.311,-219.210,-83.604,0.111415,0.993505,0.023135,-0.993774,0.111366,0.003414,0.000815,-0.023371,0.999727,0,0.82822,-0.28000,49.693,-0.560,-1,375.000,-1,375.000,-1,325.000,325.000,300.000,300.000,-1,975.000,950.000,-1,750.000,725.000,-1,-1,2,0,2,0,2,0,0,0,0,2,0,0,2,0,0,2,2
119,-4546.460,2517.897,-219.031,-83.924,0.105879,0.994111,0.023081,-0.994378,0.105815,0.003966,0.001500,-0.023371,0.999726,0,0.82822,-0.16000,49.693,-0.320,-1,400.000,-1,375.000,-1,325.000,325.000,300.000,300.000,-1,1000.000,975.000,-1,750.000,725.000,-1,-1,2,0,2,0,2,0,0,0,0,2,0,0,2,0,0,2,2
120,-4541.306,2468.471,-218.848,-84.047,0.103765,0.994335,0.023037,-0.994600,0.103688,0.004514,0.002100,-0.023381,0.999724,0,0.82822,-0.06130,49.693,-0.123,-1,400.000,-1,375.000,-1,325.000,325.000,300.000,300.000,-1,1000.000,975.000,-1,750.000,750.000,-1,-1,2,0,2,0,2,0,0,0,0,2,0,0,2,0,0,2,2
121,-4536.258,2419.035,-218.663,-84.169,0.101650,0.994554,0.022999,-0.994817,0.101560,0.005054,0.002691,-0.023393,0.999723,0,0.82822,-0.06130,49.693,-0.123,-1,400.000,-1,375.000,-1,325.000,325.000,300.000,300.000,-1,-1,1000.000,-1,750.000,750.000,-1,-1,2,0,2,0,2,0,0,0,0,2,2,0,2,0,0,2,2
122,-4531.315,2369.588,-218.476,-84.292,0.099534,0.994769,0.022965,-0.995029,0.099431,0.005587,0.003274,-0.023407,0.999721,0,0.82822,-0.06130,49.693,-0.123,-1,400.000,-1,400.000,-1,325.000,325.000,300.000,300.000,-1,-1,-1,-1,750.000,750.000,-1,-1,2,0,2,0,2,0,0,0,0,2,2,2,2,0,0,2,2
123,-4526.479,2320.131,-218.287,-84.415,0.097418,0.994979,0.022937,-0.995236,0.097303,0.006111,0.003849,-0.023423,0.999718,0,0.82822,-0.06130,49.693,-0.123,-1,400.000,-1,400.000,-1,325.000,325.000,300.000,300.000,-1,-1,-1,-1,750.000,750.000,-1,-1,2,0,2,0,2,0,0,0,0,2,2,2,2,0,0,2,2
124,-4521.748,2270.663,-218.096,-84.537,0.095302,0.995185,0.022913,-0.995439,0.095173,0.006629,0.004416,-0.023440,0.999715,0,0.82822,-0.06130,49.693,-0.123,-1,400.000,-1,400.000,-1,325.000,325.000,300.000,300.000,-1,-1,-1,-1,750.000,750.000,-1,-1,2,0,2,0,2,0,0,0,0,2,2,2,2,0,0,2,2
125,-4517.123,2221.185,-217.903,-84.660,0.093184,0.995386,0.022893,-0.995636,0.093044,0.007139,0.004975,-0.023459,0.999712,0,0.82822,-0.06130,49.693,-0.123,-1,400.000,-1,400.000,-1,325.000,325.000,300.000,300.000,-1,-1,-1,-1,775.000,750.000,-1,-1,2,0,2,0,2,0,0,0,0,2,2,2,2,0,0,2,2
126,-4512.604,2171.698,-217.707,-84.782,0.091067,0.995582,0.022878,-0.995829,0.090914,0.007641,0.005528,-0.023479,0.999709,0,0.82822,-0.06130,49.693,-0.123,-1,400.000,-1,400.000,-1,325.000,325.000,300.000,300.000,-1,-1,-1,-1,775.000,750.000,-1,-1,2,0,2,0,2,0,0,0,0,2,2,2,2,0,0,2,2
127,-4508.191,2122.201,-217.509,-84.905,0.088948,0.995774,0.022868,-0.996018,0.088783,0.008138,0.006073,-0.023500,0.999705,0,0.82822,-0.06130,49.693,-0.123,-1,400.000,-1,400.000,-1,325.000,325.000,300.000,300.000,-1,-1,-1,-1,775.000,750.000,-1,-1,2,0,2,0,2,0,0,0,0,2,2,2,2,0,0,2,2
128,-4503.884,2072.695,-217.308,-85.028,0.086829,0.995961,0.022859,-0.996201,0.086652,0.008625,0.006609,-0.023521,0.999702,0,0.82822,-0.06130,49.693,-0.123,-1,400.000,-1,400.000,-1,325.000,325.000,300.000,300.000,-1,-1,-1,-1,775.000,750.000,-1,-1,2,0,2,0,2,0,0,0,0,2,2,2,2,0,0,2,2
129,-4499.682,2023.179,-217.102,-85.150,0.084710,0.996144,0.022844,-0.996380,0.084521,0.009097,0.007131,-0.023532,0.999698,0,0.82822,-0.06130,49.693,-0.123,-1,400.000,-1,400.000,-1,325.000,325.000,300.000,300.000,-1,-1,-1,-1,775.000,750.000,-1,-1,2,0,2,0,2,0,0,0,0,2,2,2,2,0,0,2,2
130,-4495.587,1973.655,-216.840,-85.273,0.082587,0.996317,0.023051,-0.996556,0.082389,0.009412,0.007478,-0.023749,0.999690,0,0.82822,-0.06130,49.693,-0.123,-1,400.000,-1,400.000,-1,325.000,325.000,300.000,300.000,-1,-1,-1,-1,775.000,750.000,-1,-1,2,0,2,0,2,0,0,0,0,2,2,2,2,0,0,2,2
131,-4491.598,1924.122,-216.495,-85.395,0.080457,0.996484,0.023379,-0.996730,0.080256,0.009402,0.007493,-0.024059,0.999682,0,0.82822,-0.06130,49.693,-0.123,-1,400.000,-1,400.000,-1,325.000,325.000,300.000,300.000,-1,-1,-1,-1,775.000,750.000,-1,-1,2,0,2,0,2,0,0,0,0,2,2,2,2,0,0,2,2
132,-4487.714,1874.581,-216.141,-85.518,0.078324,0.996647,0.023678,-0.996900,0.078123,0.009288,0.007407,-0.024332,0.999676,0,0.82822,-0.06130,49.693,-0.123,-1,400.000,-1,400.000,-1,325.000,325.000,300.000,300.000,-1,-1,-1,-1,775.000,750.000,-1,-1,2,0,2,0,2,0,0,0,0,2,2,2,2,0,0,2,2
133,-4483.937,1825.031,-215.786,-85.641,0.076191,0.996805,0.023978,-0.997066,0.075990,0.009175,0.007323,-0.024607,0.999670,0,0.82822,-0.06130,49.693,-0.123,-1,400.000,-1,400.000,-1,325.000,325.000,300.000,300.000,-1,-1,-1,-1,775.000,750.000,-1,-1,2,0,2,0,2,0,0,0,0,2,2,2,2,0,0,2,2
134,-4480.265,1775.474,-215.432,-85.763,0.074057,0.996958,0.024280,-0.997228,0.073857,0.009063,0.007242,-0.024884,0.999664,0,0.82822,-0.06130,49.693,-0.123,-1,400.000,-1,400.000,-1,325.000,325.000,300.000,300.000,-1,-1,-1,-1,775.000,750.000,-1,-1,2,0,2,0,2,0,0,0,0,2,2,2,2,0,0,2,2
135,-4476.700,1725.908,-215.077,-85.886,0.071923,0.997107,0.024583,-0.997384,0.071723,0.008952,0.007163,-0.025162,0.999658,0,0.82822,-0.06130,49.693,-0.123,-1,400.000,-1,400.000,-1,325.000,325.000,300.000,300.000,-1,-1,-1,-1,775.000,750.000,-1,-1,2,0,2,0,2,0,0,0,0,2,2,2,2,0,0,2,2
136,-4473.241,1676.336,-214.722,-86.008,0.069789,0.997251,0.024887,-0.997537,0.069589,0.008842,0.007086,-0.025442,0.999651,0,0.82822,-0.06130,49.693,-0.123,-1,400.000,-1,400.000,-1,325.000,325.000,300.000,300.000,-1,-1,-1,-1,775.000,750.000,-1,-1,2,0,2,0,2,0,0,0,0,2,2,2,2,0,0,2,2
