timestep,x_cm,y_cm,z_cm,yaw_deg,basis_xx,basis_xy,basis_xz,basis_yx,basis_yy,basis_yz,basis_zx,basis_zy,basis_zz,teleport_flag,throttle_cmd,steering_cmd,cmd_move_cm,cmd_turn_deg,lidar_cm_0,lidar_cm_1,lidar_cm_2,lidar_cm_3,lidar_cm_4,lidar_cm_5,lidar_cm_6,lidar_cm_7,lidar_cm_8,lidar_cm_9,lidar_cm_10,lidar_cm_11,lidar_cm_12,lidar_cm_13,lidar_cm_14,lidar_cm_15,lidar_cm_16,lidar_class_0,lidar_class_1,lidar_class_2,lidar_class_3,lidar_class_4,lidar_class_5,lidar_class_6,lidar_class_7,lidar_class_8,lidar_class_9,lidar_class_10,lidar_class_11,lidar_class_12,lidar_class_13,lidar_class_14,lidar_class_15,lidar_class_16
0,-6882.537,6232.046,-46.602,8.253,0.989186,-0.143525,-0.030177,0.144015,0.989466,0.014717,0.027747,-0.018903,0.999436,1,0.08000,-0.12000,4.800,-0.240,-1,425.000,-1,400.000,-1,325.000,325.000,300.000,300.000,-1,-1,-1,-1,900.000,800.000,-1,-1,2,0,2,0,2,0,0,0,0,2,2,2,2,0,0,2,2
1,-6873.025,6233.344,-46.320,7.773,0.990361,-0.135230,-0.029977,0.135724,0.990632,0.015099,0.027654,-0.019022,0.999437,0,0.16000,-0.24000,9.600,-0.480,-1,425.000,-1,400.000,-1,325.000,325.000,300.000,300.000,-1,-1,-1,-1,900.000,800.000,-1,-1,2,0,2,0,2,0,0,0,0,2,2,2,2,0,0,2,2
2,-6858.734,6235.113,-45.895,7.053,0.991991,-0.122771,-0.029679,0.123272,0.992249,0.015661,0.027526,-0.019194,0.999437,0,0.24000,-0.36000,14.400,-0.720,-1,425.000,-1,400.000,-1,325.000,325.000,300.000,300.000,-1,-1,-1,-1,900.000,800.000,-1,-1,2,0,2,0,2,0,0,0,0,2,2,2,2,0,0,2,2
3,-6839.643,6237.151,-45.324,6.093,0.993921,-0.106129,-0.029286,0.106638,0.994163,0.016388,0.027376,-0.019412,0.999437,0,0.32000,-0.48000,19.200,-0.960,-1,400.000,-1,400.000,-1,325.000,325.000,300.000,300.000,-1,-1,-1,-1,875.000,800.000,-1,-1,2,0,2,0,2,0,0,0,0,2,2,2,2,0,0,2,2
4,-6815.730,6239.198,-44.605,4.893,0.995940,-0.085285,-0.028804,0.085803,0.996163,0.017262,0.027221,-0.019664,0.999436,0,0.40000,-0.60000,24.000,-1.200,-1,400.000,-1,400.000,-1,325.000,325.000,300.000,300.000,-1,-1,-1,-1,875.000,800.000,-1,-1,2,0,2,0,2,0,0,0,0,2,2,2,2,0,0,2,2
5,-6786.982,6240.933,-43.732,3.453,0.997785,-0.060224,-0.028239,0.060753,0.997986,0.018259,0.027082,-0.019935,0.999434,0,0.48000,-0.72000,28.800,-1.440,-1,400.000,-1,400.000,-1,325.000,325.000,300.000,300.000,-1,-1,-1,-1,875.000,800.000,-1,-1,2,0,2,0,2,0,0,0,0,2,2,2,2,0,0,2,2
6,-6753.399,6241.973,-42.698,1.773,0.999140,-0.030940,-0.027602,0.031480,0.999317,0.019352,0.026985,-0.020204,0.999432,0,0.56000,-0.84000,33.600,-1.680,-1,400.000,-1,400.000,-1,325.000,325.000,325.000,300.000,-1,-1,-1,-1,875.000,800.000,-1,-1,2,0,2,0,2,0,0,0,0,2,2,2,2,0,0,2,2
7,-6714.999,6241.874,-41.494,-0.147,0.999635,0.002559,-0.026908,-0.002007,0.999788,0.020506,0.026955,-0.020444,0.999428,0,0.64000,-0.96000,38.400,-1.920,-1,400.000,-1,400.000,-1,325.000,325.000,325.000,300.000,-1,-1,-1,-1,850.000,800.000,-1,-1,2,0,2,0,2,0,0,0,0,2,2,2,2,0,0,2,2
8,-6671.829,6240.256,-40.112,-2.147,0.998956,0.037449,-0.026172,-0.036886,0.999084,0.021697,0.026960,-0.020708,0.999422,0,0.72000,-1.00000,43.200,-2.000,-1,400.000,-1,400.000,-1,325.000,325.000,325.000,300.000,-1,-1,-1,-1,850.000,800.000,-1,-1,2,0,2,0,2,0,0,0,0,2,2,2,2,0,0,2,2
9,-6623.954,6236.786,-38.543,-4.147,0.997060,0.072293,-0.025410,-0.071717,0.997162,0.022902,0.026993,-0.021012,0.999415,0,0.80000,-1.00000,48.000,-2.000,-1,400.000,-1,400.000,-1,325.000,325.000,325.000,325.000,-1,-1,-1,-1,850.000,800.000,-1,-1,2,0,2,0,2,0,0,0,0,2,2,2,2,0,0,2,2
10,-6571.458,6231.132,-36.854,-6.147,0.993948,0.107048,-0.024673,-0.106449,0.994018,0.024435,0.027142,-0.021661,0.999397,0,0.88000,-1.00000,52.800,-2.000,-1,400.000,-1,400.000,-1,325.000,325.000,325.000,325.000,-1,-1,-1,-1,850.000,800.000,-1,-1,2,0,2,0,2,0,0,0,0,2,2,2,2,0,0,2,2
11,-6518.557,6223.559,-35.355,-8.147,0.989625,0.141670,-0.023908,-0.141036,0.989652,0.026409,0.027402,-0.022763,0.999365,0,0.89067,-1.00000,53.440,-2.000,-1,400.000,-1,400.000,-1,325.000,325.000,325.000,325.000,-1,-1,-1,-1,850.000,825.000,-1,-1,2,0,2,0,2,0,0,0,0,2,2,2,2,0,0,2,2
12,-6465.953,6214.145,-34.170,-10.147,0.984101,0.176124,-0.022932,-0.175500,0.984113,0.026871,0.027300,-0.022420,0.999376,0,0.89067,-1.00000,53.440,-2.000,-1,400.000,-1,400.000,-1,325.000,325.000,325.000,325.000,-1,-1,-1,-1,850.000,825.000,-1,-1,2,0,2,0,2,0,0,0,0,2,2,2,2,0,0,2,2
13,-6413.709,6202.900,-32.938,-12.147,0.977376,0.210364,-0.022004,-0.209752,0.977377,0.027185,0.027225,-0.021954,0.999388,0,0.89067,-1.00000,53.440,-2.000,-1,400.000,-1,400.000,-1,325.000,325.000,325.000,325.000,-1,-1,-1,-1,825.000,825.000,-1,-1,2,0,2,0,2,0,0,0,0,2,2,2,2,0,0,2,2
14,-6361.889,6189.839,-31.656,-14.147,0.969457,0.244349,-0.021132,-0.243751,0.969452,0.027354,0.027170,-0.021368,0.999402,0,0.89067,-1.00000,53.440,-2.000,-1,400.000,-1,400.000,-1,325.000,325.000,325.000,300.000,-1,-1,-1,-1,825.000,825.000,-1,-1,2,0,2,0,2,0,0,0,0,2,2,2,2,0,0,2,2
15,-6310.557,6174.977,-30.320,-16.147,0.960355,0.278037,-0.020317,-0.277456,0.960348,0.027380,0.027124,-0.020657,0.999419,0,0.89067,-1.00000,53.440,-2.000,-1,400.000,-1,400.000,-1,325.000,325.000,325.000,300.000,-1,-1,-1,-1,825.000,825.000,-1,-1,2,0,2,0,2,0,0,0,0,2,2,2,2,0,0,2,2
16,-6259.775,6158.333,-28.929,-18.147,0.950081,0.311389,-0.019562,-0.310826,0.950076,0.027260,0.027074,-0.019819,0.999437,0,0.89067,-1.00000,53.440,-2.000,-1,400.000,-1,400.000,-1,325.000,325.000,325.000,300.000,-1,-1,-1,-1,825.000,825.000,-1,-1,2,0,2,0,2,0,0,0,0,2,2,2,2,0,0,2,2
17,-6209.605,6139.927,-27.480,-20.147,0.938647,0.344363,-0.018870,-0.343820,0.938647,0.026996,0.027009,-0.018851,0.999457,0,0.89067,-1.00000,53.440,-2.000,-1,400.000,-1,400.000,-1,325.000,325.000,325.000,300.000,-1,-1,-1,-1,825.000,825.000,-1,-1,2,0,2,0,2,0,0,0,0,2,2,2,2,0,0,2,2
18,-6163.673,6121.456,-26.091,-21.907,0.927637,0.373036,-0.018280,-0.372514,0.927645,0.026618,0.026887,-0.017882,0.999479,0,0.82512,-0.88000,49.507,-1.760,-1,400.000,-1,400.000,-1,325.000,325.000,325.000,300.000,-1,-1,-1,-1,850.000,850.000,-1,-1,2,0,2,0,2,0,0,0,0,2,2,2,2,0,0,2,2
19,-6118.246,6101.773,-24.717,-23.427,0.917429,0.397516,-0.017477,-0.397019,0.917435,0.026239,0.026464,-0.017133,0.999503,0,0.82512,-0.76000,49.507,-1.520,-1,400.000,-1,400.000,-1,325.000,325.000,325.000,300.000,-1,-1,-1,-1,850.000,850.000,-1,-1,2,0,2,0,2,0,0,0,0,2,2,2,2,0,0,2,2
20,-6073.271,6081.080,-23.395,-24.707,0.908341,0.417914,-0.016269,-0.417445,0.908332,0.025941,0.025618,-0.016772,0.999531,0,0.82512,-0.64000,49.507,-1.280,-1,400.000,-1,400.000,-1,325.000,325.000,325.000,300.000,-1,-1,-1,-1,850.000,850.000,-1,-1,2,0,2,0,2,0,0,0,0,2,2,2,2,0,0,2,2
21,-6028.679,6059.575,-22.119,-25.747,0.900626,0.434331,-0.015159,-0.433881,0.900597,0.025929,0.024914,-0.016775,0.999549,0,0.82512,-0.52000,49.507,-1.040,-1,400.000,-1,400.000,-1,325.000,325.000,325.000,300.000,-1,-1,-1,-1,850.000,850.000,-1,-1,2,0,2,0,2,0,0,0,0,2,2,2,2,0,0,2,2
22,-5984.391,6037.449,-20.870,-26.547,0.894493,0.446861,-0.014060,-0.446425,0.894441,0.026100,0.024239,-0.017069,0.999560,0,0.82512,-0.40000,49.507,-0.800,-1,400.000,-1,400.000,-1,325.000,325.000,325.000,300.000,-1,-1,-1,-1,850.000,850.000,-1,-1,2,0,2,0,2,0,0,0,0,2,2,2,2,0,0,2,2
23,-5940.322,6014.891,-19.701,-27.107,0.890111,0.455575,-0.012421,-0.455159,0.890018,0.026445,0.023102,-0.017885,0.999573,0,0.82512,-0.28000,49.507,-0.560,-1,400.000,-1,400.000,-1,325.000,325.000,325.000,300.000,-1,-1,-1,-1,850.000,850.000,-1,-1,2,0,2,0,2,0,0,0,0,2,2,2,2,0,0,2,2
24,-5896.380,5992.088,-18.511,-27.427,0.887579,0.460531,-0.010717,-0.460138,0.887444,0.026761,0.021835,-0.018821,0.999584,0,0.82512,-0.16000,49.507,-0.320,-1,400.000,-1,400.000,-1,325.000,325.000,300.000,300.000,-1,-1,-1,-1,850.000,850.000,-1,-1,2,0,2,0,2,0,0,0,0,2,2,2,2,0,0,2,2
25,-5852.469,5969.223,-17.305,-27.507,0.886960,0.461760,-0.008947,-0.461394,0.886782,0.027077,0.020437,-0.019889,0.999593,0,0.82512,-0.04000,49.507,-0.080,-1,400.000,-1,400.000,-1,325.000,325.000,300.000,300.000,-1,-1,-1,-1,825.000,850.000,-1,-1,2,0,2,0,2,0,0,0,0,2,2,2,2,0,0,2,2
26,-5808.494,5946.481,-16.247,-27.347,0.888259,0.459276,-0.007816,-0.458933,0.888057,0.027108,0.019391,-0.020492,0.999602,0,0.82512,0.08000,49.507,0.160,-1,400.000,-1,400.000,-1,325.000,325.000,300.000,325.000,-1,-1,-1,-1,825.000,850.000,-1,-1,2,0,2,0,2,0,0,0,0,2,2,2,2,0,0,2,2
27,-5764.362,5924.047,-15.363,-26.947,0.891449,0.453065,-0.007104,-0.452746,0.891241,0.026666,0.018413,-0.020555,0.999619,0,0.82512,0.20000,49.507,0.400,-1,400.000,-1,400.000,-1,325.000,325.000,300.000,325.000,-1,-1,-1,-1,850.000,850.000,-1,-1,2,0,2,0,2,0,0,0,0,2,2,2,2,0,0,2,2
28,-5720.025,5902.021,-14.665,-26.416,0.895608,0.444802,-0.006191,-0.444526,0.895405,0.025418,0.016849,-0.020012,0.999658,0,0.82512,0.26514,49.507,0.530,-1,400.000,-1,400.000,-1,325.000,325.000,300.000,300.000,-1,-1,-1,-1,850.000,850.000,-1,-1,2,0,2,0,2,0,0,0,0,2,2,2,2,0,0,2,2
29,-5679.722,5882.672,-14.088,-25.646,0.901508,0.432729,-0.005289,-0.432495,0.901314,0.024102,0.015196,-0.019441,0.999696,0,0.74512,0.38514,44.707,0.770,-1,400.000,-1,400.000,-1,325.000,325.000,300.000,300.000,-1,-1,-1,-1,825.000,850.000,-1,-1,2,0,2,0,2,0,0,0,0,2,2,2,2,0,0,2,2
30,-5639.503,5864.228,-13.532,-24.636,0.909000,0.416774,-0.004344,-0.416579,0.908813,0.022825,0.013460,-0.018938,0.999730,0,0.73744,0.50514,44.246,1.010,-1,400.000,-1,400.000,-1,325.000,325.000,300.000,300.000,-1,-1,-1,-1,825.000,850.000,-1,-1,2,0,2,0,2,0,0,0,0,2,2,2,2,0,0,2,2
31,-5598.892,5846.666,-13.040,-23.386,0.917879,0.396847,-0.003400,-0.396686,0.917695,0.021828,0.011783,-0.018686,0.999756,0,0.73744,0.62514,44.246,1.250,-1,400.000,-1,400.000,-1,325.000,325.000,300.000,300.000,-1,-1,-1,-1,825.000,850.000,-1,-1,2,0,2,0,2,0,0,0,0,2,2,2,2,0,0,2,2
32,-5557.837,5830.166,-12.622,-21.895,0.927890,0.372845,-0.002479,-0.372714,0.927705,0.021168,0.010193,-0.018718,0.999773,0,0.73744,0.74514,44.246,1.490,-1,400.000,-1,400.000,-1,325.000,325.000,300.000,300.000,-1,-1,-1,-1,825.000,850.000,-1,-1,2,0,2,0,2,0,0,0,0,2,2,2,2,0,0,2,2
33,-5516.303,5814.913,-12.223,-20.165,0.938725,0.344663,-0.001510,-0.344562,0.938538,0.020582,0.008511,-0.018801,0.999787,0,0.73744,0.86514,44.246,1.730,-1,400.000,-1,400.000,-1,325.000,325.000,300.000,300.000,-1,-1,-1,-1,825.000,850.000,-1,-1,2,0,2,0,2,0,0,0,0,2,2,2,2,0,0,2,2
34,-5474.269,5801.098,-11.845,-18.195,0.950019,0.312191,-0.000495,-0.312118,0.949831,0.020090,0.006742,-0.018931,0.999798,0,0.73744,0.98514,44.246,1.970,-1,400.000,-1,400.000,-1,325.000,325.000,300.000,300.000,-1,-1,-1,-1,825.000,850.000,-1,-1,2,0,2,0,2,0,0,0,0,2,2,2,2,0,0,2,2
35,-5431.779,5788.758,-11.488,-16.195,0.960334,0.278851,0.000557,-0.278808,0.960145,0.019689,0.004956,-0.019063,0.999806,0,0.73744,1.00000,44.246,2.000,-1,400.000,-1,400.000,-1,325.000,325.000,300.000,300.000,-1,-1,-1,-1,825.000,850.000,-1,-1,2,0,2,0,2,0,0,0,0,2,2,2,2,0,0,2,2
36,-5388.884,5777.908,-11.152,-14.195,0.969478,0.245172,0.001635,-0.245157,0.969290,0.019383,0.003168,-0.019192,0.999811,0,0.73744,1.00000,44.246,2.000,-1,400.000,-1,400.000,-1,325.000,325.000,300.000,300.000,-1,-1,-1,-1,800.000,850.000,-1,-1,2,0,2,0,2,0,0,0,0,2,2,2,2,0,0,2,2
37,-5345.636,5768.562,-10.836,-12.195,0.977440,0.211195,0.002729,-0.211208,0.977253,0.019172,0.001382,-0.019315,0.999812,0,0.73744,1.00000,44.246,2.000,-1,400.000,-1,400.000,-1,325.000,325.000,300.000,300.000,-1,-1,-1,-1,800.000,850.000,-1,-1,2,0,2,0,2,0,0,0,0,2,2,2,2,0,0,2,2
38,-5302.088,5760.730,-10.557,-10.195,0.984211,0.176960,0.003791,-0.177000,0.984025,0.019130,-0.000345,-0.019499,0.999810,0,0.73744,1.00000,44.246,2.000,-1,400.000,-1,400.000,-1,325.000,325.000,300.000,300.000,-1,-1,-1,-1,800.000,850.000,-1,-1,2,0,2,0,2,0,0,0,0,2,2,2,2,0,0,2,2
39,-5258.294,5754.424,-10.486,-8.195,0.989783,0.142509,0.004650,-0.142573,0.989592,0.019493,-0.001824,-0.019957,0.999799,0,0.73744,1.00000,44.246,2.000,-1,400.000,-1,400.000,-1,325.000,325.000,300.000,300.000,-1,-1,-1,-1,800.000,850.000,-1,-1,2,0,2,0,2,0,0,0,0,2,2,2,2,0,0,2,2
40,-5214.306,5749.650,-10.555,-6.195,0.994149,0.107885,0.005371,-0.107971,0.993956,0.019821,-0.003200,-0.020285,0.999789,0,0.73744,1.00000,44.246,2.000,-1,400.000,-1,400.000,-1,325.000,325.000,300.000,325.000,-1,-1,-1,-1,800.000,850.000,-1,-1,2,0,2,0,2,0,0,0,0,2,2,2,2,0,0,2,2
41,-5174.978,5746.599,-10.936,-4.435,0.996989,0.077308,0.005967,-0.077409,0.996817,0.019057,-0.004475,-0.019462,0.999801,0,0.65744,0.88000,39.446,1.760,-1,400.000,-1,400.000,-1,325.000,325.000,300.000,300.000,-1,-1,-1,-1,775.000,850.000,-1,-1,2,0,2,0,2,0,0,0,0,2,2,2,2,0,0,2,2
42,-5140.377,5744.838,-11.281,-2.915,0.998686,0.050840,0.006507,-0.050952,0.998531,0.018440,-0.005560,-0.018748,0.999809,0,0.57744,0.76000,34.646,1.520,-1,400.000,-1,400.000,-1,325.000,325.000,300.000,300.000,-1,-1,-1,-1,775.000,825.000,-1,-1,2,0,2,0,2,0,0,0,0,2,2,2,2,0,0,2,2
43,-5110.543,5743.986,-11.586,-1.635,0.999569,0.028522,0.006983,-0.028643,0.999429,0.017949,-0.006467,-0.018141,0.999815,0,0.49744,0.64000,29.846,1.280,-1,400.000,-1,400.000,-1,325.000,325.000,300.000,300.000,-1,-1,-1,-1,775.000,825.000,-1,-1,2,0,2,0,2,0,0,0,0,2,2,2,2,0,0,2,2
44,-5085.498,5743.726,-11.847,-0.595,0.999919,0.010377,0.007389,-0.010506,0.999791,0.017564,-0.007206,-0.017640,0.999818,0,0.41744,0.52000,25.046,1.040,-1,400.000,-1,400.000,-1,325.000,325.000,300.000,300.000,-1,-1,-1,-1,775.000,825.000,-1,-1,2,0,2,0,2,0,0,0,0,2,2,2,2,0,0,2,2
45,-5065.252,5743.798,-12.061,0.205,0.999964,-0.003583,0.007722,0.003449,0.999845,0.017273,-0.007783,-0.017245,0.999821,0,0.33744,0.40000,20.246,0.800,-1,400.000,-1,400.000,-1,325.000,325.000,300.000,300.000,-1,-1,-1,-1,775.000,825.000,-1,-1,2,0,2,0,2,0,0,0,0,2,2,2,2,0,0,2,2
46,-5049.807,5744.005,-12.225,0.765,0.999879,-0.013355,0.007979,0.013217,0.999767,0.017063,-0.008205,-0.016955,0.999823,0,0.25744,0.28000,15.446,0.560,-1,400.000,-1,400.000,-1,325.000,325.000,300.000,300.000,-1,-1,-1,-1,775.000,825.000,-1,-1,2,0,2,0,2,0,0,0,0,2,2,2,2,0,0,2,2
47,-5039.163,5744.206,-12.339,1.085,0.999787,-0.018939,0.008160,0.018798,0.999680,0.016926,-0.008478,-0.016769,0.999823,0,0.17744,0.16000,10.646,0.320,-1,400.000,-1,400.000,-1,325.000,325.000,300.000,300.000,-1,-1,-1,-1,775.000,825.000,-1,-1,2,0,2,0,2,0,0,0,0,2,2,2,2,0,0,2,2
48,-5033.318,5744.325,-12.402,1.165,0.999759,-0.020334,0.008265,0.020193,0.999654,0.016857,-0.008605,-0.016686,0.999824,0,0.09744,0.04000,5.846,0.080,-1,400.000,-1,400.000,-1,325.000,325.000,300.000,300.000,-1,-1,-1,-1,775.000,825.000,-1,-1,2,0,2,0,2,0,0,0,0,2,2,2,2,0,0,2,2
49,-5032.272,5744.344,-12.413,1.005,0.999812,-0.017543,0.008292,0.017401,0.999707,0.016855,-0.008586,-0.016708,0.999824,0,0.01744,-0.08000,1.046,-0.160,-1,400.000,-1,400.000,-1,325.000,325.000,300.000,300.000,-1,-1,-1,-1,775.000,825.000,-1,-1,2,0,2,0,2,0,0,0,0,2,2,2,2,0,0,2,2
50,-5036.026,5744.304,-12.374,0.605,0.999910,-0.010563,0.008243,0.010422,0.999803,0.016921,-0.008420,-0.016833,0.999823,0,-0.06256,-0.20000,-3.754,-0.400,-1,400.000,-1,400.000,-1,325.000,325.000,300.000,300.000,-1,-1,-1,-1,775.000,825.000,-1,-1,2,0,2,0,2,0,0,0,0,2,2,2,2,0,0,2,2
51,-5044.579,5744.309,-12.285,-0.035,0.999967,0.000605,0.008117,-0.000744,0.999854,0.017058,-0.008106,-0.017064,0.999822,0,-0.14256,-0.32000,-8.554,-0.640,-1,400.000,-1,400.000,-1,325.000,325.000,300.000,300.000,-1,-1,-1,-1,775.000,825.000,-1,-1,2,0,2,0,2,0,0,0,0,2,2,2,2,0,0,2,2
52,-5057.931,5744.522,-12.148,-0.915,0.999841,0.015961,0.007916,-0.016096,0.999721,0.017276,-0.007638,-0.017400,0.999819,0,-0.22256,-0.44000,-13.354,-0.880,-1,400.000,-1,400.000,-1,325.000,325.000,300.000,300.000,-1,-1,-1,-1,775.000,825.000,-1,-1,2,0,2,0,2,0,0,0,0,2,2,2,2,0,0,2,2
53,-5076.074,5745.167,-11.965,-2.035,0.999341,0.035499,0.007640,-0.035629,0.999210,0.017583,-0.007010,-0.017844,0.999816,0,-0.30256,-0.56000,-18.154,-1.120,-1,400.000,-1,400.000,-1,325.000,325.000,300.000,300.000,-1,-1,-1,-1,775.000,825.000,-1,-1,2,0,2,0,2,0,0,0,0,2,2,2,2,0,0,2,2
54,-5098.988,5746.507,-11.739,-3.346,0.998269,0.058361,0.007291,-0.058484,0.998126,0.017990,-0.006227,-0.018386,0.999812,0,-0.38256,-0.65582,-22.954,-1.312,-1,400.000,-1,400.000,-1,325.000,325.000,300.000,300.000,-1,-1,-1,-1,775.000,825.000,-1,-1,2,0,2,0,2,0,0,0,0,2,2,2,2,0,0,2,2
55,-5122.614,5748.432,-11.512,-4.658,0.996674,0.081192,0.006935,-0.081308,0.996518,0.018436,-0.005414,-0.018938,0.999806,0,-0.39506,-0.65582,-23.703,-1.312,-1,400.000,-1,400.000,-1,325.000,325.000,300.000,300.000,-1,-1,-1,-1,775.000,825.000,-1,-1,2,0,2,0,2,0,0,0,0,2,2,2,2,0,0,2,2
56,-5146.188,5750.897,-11.291,-5.970,0.994557,0.103981,0.006589,-0.104088,0.994388,0.018909,-0.004586,-0.019492,0.999799,0,-0.39506,-0.65582,-23.703,-1.312,-1,400.000,-1,400.000,-1,325.000,325.000,300.000,300.000,-1,-1,-1,-1,775.000,850.000,-1,-1,2,0,2,0,2,0,0,0,0,2,2,2,2,0,0,2,2
57,-5169.701,5753.901,-11.077,-7.281,0.991920,0.126714,0.006255,-0.126813,0.991737,0.019410,-0.003744,-0.020046,0.999792,0,-0.39506,-0.65582,-23.703,-1.312,-1,400.000,-1,400.000,-1,325.000,325.000,300.000,300.000,-1,-1,-1,-1,775.000,850.000,-1,-1,2,0,2,0,2,0,0,0,0,2,2,2,2,0,0,2,2
58,-5193.138,5757.443,-10.871,-8.593,0.988762,0.149380,0.005934,-0.149470,0.988565,0.019938,-0.002887,-0.020601,0.999784,0,-0.39506,-0.65582,-23.703,-1.312,-1,400.000,-1,400.000,-1,325.000,325.000,300.000,325.000,-1,-1,-1,-1,800.000,850.000,-1,-1,2,0,2,0,2,0,0,0,0,2,2,2,2,0,0,2,2
59,-5216.488,5761.520,-10.739,-9.904,0.985085,0.171969,0.005782,-0.172051,0.984881,0.020210,-0.002219,-0.020904,0.999779,0,-0.39506,-0.65582,-23.703,-1.312,-1,400.000,-1,400.000,-1,325.000,325.000,300.000,325.000,-1,-1,-1,-1,800.000,850.000,-1,-1,2,0,2,0,2,0,0,0,0,2,2,2,2,0,0,2,2
60,-5239.739,5766.131,-10.815,-11.216,0.980895,0.194469,0.005150,-0.194534,0.980695,0.019851,-0.001190,-0.020473,0.999790,0,-0.39506,-0.65582,-23.703,-1.312,-1,400.000,-1,400.000,-1,325.000,325.000,300.000,300.000,-1,-1,-1,-1,800.000,850.000,-1,-1,2,0,2,0,2,0,0,0,0,2,2,2,2,0,0,2,2
61,-5262.878,5771.272,-10.905,-12.528,0.976191,0.216869,0.004466,-0.216915,0.975996,0.019510,-0.000128,-0.020015,0.999800,0,-0.39506,-0.65582,-23.703,-1.312,-1,400.000,-1,400.000,-1,325.000,325.000,300.000,300.000,-1,-1,-1,-1,800.000,850.000,-1,-1,2,0,2,0,2,0,0,0,0,2,2,2,2,0,0,2,2
62,-5285.893,5776.942,-11.004,-13.839,0.970974,0.239155,0.003762,-0.239183,0.970784,0.019216,0.000943,-0.019558,0.999808,0,-0.39506,-0.65582,-23.703,-1.312,-1,400.000,-1,400.000,-1,325.000,325.000,300.000,300.000,-1,-1,-1,-1,800.000,850.000,-1,-1,2,0,2,0,2,0,0,0,0,2,2,2,2,0,0,2,2
63,-5308.773,5783.137,-11.124,-15.151,0.965248,0.261316,0.003095,-0.261327,0.965063,0.019007,0.001980,-0.019155,0.999815,0,-0.39506,-0.65582,-23.703,-1.312,-1,400.000,-1,400.000,-1,325.000,325.000,300.000,300.000,-1,-1,-1,-1,800.000,850.000,-1,-1,2,0,2,0,2,0,0,0,0,2,2,2,2,0,0,2,2
64,-5326.923,5788.418,-11.253,-16.223,0.960194,0.279320,0.002674,-0.279320,0.960011,0.018956,0.002727,-0.018948,0.999817,0,-0.31506,-0.53582,-18.903,-1.072,-1,400.000,-1,400.000,-1,325.000,325.000,300.000,300.000,-1,-1,-1,-1,800.000,850.000,-1,-1,2,0,2,0,2,0,0,0,0,2,2,2,2,0,0,2,2
65,-5340.407,5792.554,-11.353,-17.054,0.956040,0.293226,0.002357,-0.293217,0.955859,0.018933,0.003299,-0.018791,0.999818,0,-0.23506,-0.41582,-14.103,-0.832,-1,400.000,-1,400.000,-1,325.000,325.000,300.000,300.000,-1,-1,-1,-1,825.000,850.000,-1,-1,2,0,2,0,2,0,0,0,0,2,2,2,2,0,0,2,2
66,-5349.272,5795.374,-11.422,-17.646,0.952962,0.303081,0.002144,-0.303066,0.952782,0.018924,0.003693,-0.018683,0.999819,0,-0.15506,-0.29582,-9.303,-0.592,-1,400.000,-1,400.000,-1,325.000,325.000,300.000,300.000,-1,-1,-1,-1,825.000,850.000,-1,-1,2,0,2,0,2,0,0,0,0,2,2,2,2,0,0,2,2
67,-5353.555,5796.766,-11.457,-17.998,0.951085,0.308923,0.002037,-0.308905,0.950905,0.018919,0.003908,-0.018623,0.999819,0,-0.07506,-0.17582,-4.503,-0.352,-1,400.000,-1,400.000,-1,325.000,325.000,300.000,300.000,-1,-1,-1,-1,825.000,850.000,-1,-1,2,0,2,0,2,0,0,0,0,2,2,2,2,0,0,2,2
68,-5353.274,5796.673,-11.458,-18.109,0.950481,0.310775,0.002036,-0.310757,0.950301,0.018914,0.003943,-0.018610,0.999819,0,0.00494,-0.05582,0.297,-0.112,-1,400.000,-1,400.000,-1,325.000,325.000,300.000,300.000,-1,-1,-1,-1,825.000,850.000,-1,-1,2,0,2,0,2,0,0,0,0,2,2,2,2,0,0,2,2
69,-5348.426,5795.100,-11.425,-17.981,0.951175,0.308645,0.002141,-0.308629,0.950995,0.018908,0.003800,-0.018646,0.999819,0,0.08494,0.06418,5.097,0.128,-1,400.000,-1,400.000,-1,325.000,325.000,300.000,300.000,-1,-1,-1,-1,825.000,850.000,-1,-1,2,0,2,0,2,0,0,0,0,2,2,2,2,0,0,2,2
70,-5338.993,5792.106,-11.359,-17.612,0.953139,0.302524,0.002352,-0.302513,0.952958,0.018905,0.003477,-0.018730,0.999819,0,0.16494,0.18418,9.897,0.368,-1,400.000,-1,400.000,-1,325.000,325.000,300.000,300.000,-1,-1,-1,-1,825.000,850.000,-1,-1,2,0,2,0,2,0,0,0,0,2,2,2,2,0,0,2,2
71,-5324.946,5787.785,-11.263,-17.097,0.955820,0.293939,0.002664,-0.293936,0.955638,0.018906,0.003012,-0.018854,0.999818,0,0.24494,0.25770,14.697,0.515,-1,400.000,-1,400.000,-1,325.000,325.000,300.000,300.000,-1,-1,-1,-1,825.000,850.000,-1,-1,2,0,2,0,2,0,0,0,0,2,2,2,2,0,0,2,2
72,-5306.260,5782.221,-11.149,-16.582,0.958424,0.285330,0.003087,-0.285336,0.958241,0.018927,0.002442,-0.019021,0.999816,0,0.32494,0.25770,19.497,0.515,-1,400.000,-1,400.000,-1,325.000,325.000,300.000,300.000,-1,-1,-1,-1,800.000,850.000,-1,-1,2,0,2,0,2,0,0,0,0,2,2,2,2,0,0,2,2
73,-5282.913,5775.497,-11.066,-16.066,0.960950,0.276697,0.003824,-0.276719,0.960761,0.019116,0.001615,-0.019427,0.999810,0,0.40494,0.25770,24.297,0.515,-1,400.000,-1,400.000,-1,325.000,325.000,300.000,300.000,-1,-1,-1,-1,800.000,850.000,-1,-1,2,0,2,0,2,0,0,0,0,2,2,2,2,0,0,2,2
74,-5254.881,5767.697,-10.975,-15.551,0.963396,0.268041,0.004703,-0.268081,0.963202,0.019363,0.000660,-0.019915,0.999801,0,0.48494,0.25770,29.097,0.515,-1,400.000,-1,400.000,-1,325.000,325.000,300.000,300.000,-1,-1,-1,-1,800.000,850.000,-1,-1,2,0,2,0,2,0,0,0,0,2,2,2,2,0,0,2,2
75,-5222.145,5758.904,-10.881,-15.035,0.965763,0.259363,0.005724,-0.259426,0.965563,0.019679,-0.000422,-0.020490,0.999790,0,0.56494,0.25770,33.897,0.515,-1,400.000,-1,400.000,-1,325.000,325.000,300.000,300.000,-1,-1,-1,-1,800.000,850.000,-1,-1,2,0,2,0,2,0,0,0,0,2,2,2,2,0,0,2,2
76,-5184.685,5749.202,-10.871,-14.520,0.968052,0.250665,0.006563,-0.250747,0.967849,0.019829,-0.001381,-0.020841,0.999782,0,0.64494,0.25770,38.697,0.515,-1,400.000,-1,400.000,-1,325.000,325.000,300.000,325.000,-1,-1,-1,-1,800.000,850.000,-1,-1,2,0,2,0,2,0,0,0,0,2,2,2,2,0,0,2,2
77,-5145.564,5739.445,-11.070,-14.005,0.970261,0.241951,0.007309,-0.242049,0.970072,0.019293,-0.002422,-0.020488,0.999787,0,0.67198,0.25770,40.319,0.515,-1,400.000,-1,400.000,-1,325.000,325.000,300.000,300.000,-1,-1,-1,-1,800.000,850.000,-1,-1,2,0,2,0,2,0,0,0,0,2,2,2,2,0,0,2,2
78,-5106.357,5730.039,-11.356,-13.489,0.972391,0.233218,0.008030,-0.233330,0.972222,0.018504,-0.003492,-0.019866,0.999797,0,0.67198,0.25770,40.319,0.515,-1,400.000,-1,400.000,-1,325.000,325.000,300.000,300.000,-1,-1,-1,-1,800.000,850.000,-1,-1,2,0,2,0,2,0,0,0,0,2,2,2,2,0,0,2,2
79,-5067.068,5720.987,-11.666,-12.974,0.974443,0.224466,0.008718,-0.224590,0.974293,0.017704,-0.004520,-0.019210,0.999805,0,0.67198,0.25770,40.319,0.515,-1,400.000,-1,400.000,-1,325.000,325.000,300.000,300.000,-1,-1,-1,-1,775.000,825.000,-1,-1,2,0,2,0,2,0,0,0,0,2,2,2,2,0,0,2,2
80,-5025.418,5711.602,-12.000,-12.699,0.975503,0.219783,0.009482,-0.219918,0.975372,0.016896,-0.005535,-0.018567,0.999812,0,0.71157,0.13770,42.694,0.275,-1,400.000,-1,400.000,-1,325.000,325.000,300.000,300.000,-1,-1,-1,-1,775.000,825.000,-1,-1,2,0,2,0,2,0,0,0,0,2,2,2,2,0,0,2,2
81,-4983.762,5702.243,-12.338,-12.663,0.975630,0.219183,0.010273,-0.219328,0.975518,0.016115,-0.006490,-0.017975,0.999817,0,0.71157,0.01770,42.694,0.035,-1,400.000,-1,400.000,-1,325.000,325.000,300.000,300.000,-1,-1,-1,-1,775.000,825.000,-1,-1,2,0,2,0,2,0,0,0,0,2,2,2,2,0,0,2,2
82,-4942.141,5692.735,-12.679,-12.868,0.974831,0.222668,0.011087,-0.222821,0.974739,0.015350,-0.007389,-0.017434,0.999821,0,0.71157,-0.10230,42.694,-0.205,-1,400.000,-1,400.000,-1,325.000,325.000,300.000,300.000,-1,-1,-1,-1,775.000,825.000,-1,-1,2,0,2,0,2,0,0,0,0,2,2,2,2,0,0,2,2
83,-4900.594,5682.904,-13.019,-13.312,0.973064,0.230227,0.011920,-0.230388,0.972990,0.014591,-0.008238,-0.016944,0.999823,0,0.71157,-0.22230,42.694,-0.445,-1,400.000,-1,400.000,-1,325.000,325.000,300.000,300.000,-1,-1,-1,-1,775.000,825.000,-1,-1,2,0,2,0,2,0,0,0,0,2,2,2,2,0,0,2,2
84,-4859.167,5672.577,-13.358,-13.997,0.970233,0.241838,0.012767,-0.242006,0.970176,0.013828,-0.009043,-0.016506,0.999823,0,0.71157,-0.34230,42.694,-0.685,-1,400.000,-1,400.000,-1,325.000,325.000,300.000,300.000,-1,-1,-1,-1,775.000,825.000,-1,-1,2,0,2,0,2,0,0,0,0,2,2,2,2,0,0,2,2
85,-4817.913,5661.584,-13.693,-14.922,0.966192,0.257463,0.013627,-0.257637,0.966154,0.013051,-0.009806,-0.016121,0.999822,0,0.71157,-0.46230,42.694,-0.925,-1,400.000,-1,400.000,-1,325.000,325.000,300.000,300.000,-1,-1,-1,-1,775.000,800.000,-1,-1,2,0,2,0,2,0,0,0,0,2,2,2,2,0,0,2,2
86,-4776.890,5649.754,-14.023,-16.086,0.960747,0.277049,0.014496,-0.277228,0.960726,0.012251,-0.010533,-0.015789,0.999820,0,0.71157,-0.58230,42.694,-1.165,-1,400.000,-1,400.000,-1,325.000,325.000,300.000,300.000,-1,-1,-1,-1,775.000,800.000,-1,-1,2,0,2,0,2,0,0,0,0,2,2,2,2,0,0,2,2
87,-4736.138,5637.024,-14.348,-17.347,0.954403,0.298127,0.015365,-0.298310,0.954401,0.011426,-0.011258,-0.015488,0.999817,0,0.71157,-0.63053,42.694,-1.261,-1,400.000,-1,400.000,-1,325.000,325.000,300.000,300.000,-1,-1,-1,-1,775.000,800.000,-1,-1,2,0,2,0,2,0,0,0,0,2,2,2,2,0,0,2,2
88,-4695.676,5623.400,-14.687,-18.608,0.947596,0.319060,0.016200,-0.319247,0.947611,0.010660,-0.011950,-0.015273,0.999812,0,0.71157,-0.63053,42.694,-1.261,-1,400.000,-1,400.000,-1,325.000,325.000,300.000,300.000,-1,-1,-1,-1,775.000,800.000,-1,-1,2,0,2,0,2,0,0,0,0,2,2,2,2,0,0,2,2
89,-4655.524,5608.890,-15.129,-19.869,0.940334,0.339836,0.016845,-0.340031,0.940357,0.010390,-0.012309,-0.015498,0.999804,0,0.71157,-0.63053,42.694,-1.261,-1,400.000,-1,400.000,-1,325.000,325.000,300.000,300.000,-1,-1,-1,-1,775.000,800.000,-1,-1,2,0,2,0,2,0,0,0,0,2,2,2,2,0,0,2,2
90,-4615.700,5593.499,-15.553,-21.130,0.932616,0.360448,0.017434,-0.360649,0.932647,0.010071,-0.012630,-0.015680,0.999797,0,0.71157,-0.63053,42.694,-1.261,-1,400.000,-1,400.000,-1,325.000,325.000,300.000,300.000,-1,-1,-1,-1,750.000,800.000,-1,-1,2,0,2,0,2,0,0,0,0,2,2,2,2,0,0,2,2
91,-4576.225,5577.235,-15.979,-22.392,0.924446,0.380886,0.018050,-0.381092,0.924486,0.009756,-0.012971,-0.015898,0.999789,0,0.71157,-0.63053,42.694,-1.261,-1,400.000,-1,400.000,-1,325.000,325.000,300.000,300.000,-1,-1,-1,-1,750.000,800.000,-1,-1,2,0,2,0,2,0,0,0,0,2,2,2,2,0,0,2,2
92,-4537.117,5560.107,-16.408,-23.653,0.915827,0.401138,0.018693,-0.401352,0.915875,0.009446,-0.013332,-0.016154,0.999781,0,0.71157,-0.63053,42.694,-1.261,-1,400.000,-1,400.000,-1,325.000,325.000,300.000,300.000,-1,-1,-1,-1,750.000,775.000,-1,-1,2,0,2,0,2,0,0,0,0,2,2,2,2,0,0,2,2
93,-4498.396,5542.122,-16.940,-24.914,0.906771,0.421198,0.018945,-0.421410,0.906826,0.008933,-0.013417,-0.016083,0.999781,0,0.71157,-0.63053,42.694,-1.261,-1,400.000,-1,400.000,-1,325.000,325.000,300.000,300.000,-1,-1,-1,-1,750.000,775.000,-1,-1,2,0,2,0,2,0,0,0,0,2,2,2,2,0,0,2,2
94,-4460.080,5523.289,-17.509,-26.175,0.897278,0.441054,0.019082,-0.441262,0.897339,0.008380,-0.013427,-0.015939,0.999783,0,0.71157,-0.63053,42.694,-1.261,-1,400.000,-1,400.000,-1,325.000,325.000,300.000,300.000,-1,-1,-1,-1,750.000,775.000,-1,-1,2,0,2,0,2,0,0,0,0,2,2,2,2,0,0,2,2
95,-4422.188,5503.618,-18.078,-27.436,0.887349,0.460696,0.019239,-0.460902,0.887416,0.007880,-0.013443,-0.015859,0.999784,0,0.71157,-0.63053,42.694,-1.261,-1,400.000,-1,400.000,-1,325.000,325.000,300.000,300.000,-1,-1,-1,-1,725.000,775.000,-1,-1,2,0,2,0,2,0,0,0,0,2,2,2,2,0,0,2,2
96,-4384.738,5483.117,-18.644,-28.697,0.876991,0.480115,0.019400,-0.480319,0.877063,0.007417,-0.013454,-0.015822,0.999784,0,0.71157,-0.63053,42.694,-1.261,-1,400.000,-1,400.000,-1,325.000,325.000,300.000,300.000,-1,-1,-1,-1,725.000,775.000,-1,-1,2,0,2,0,2,0,0,0,0,2,2,2,2,0,0,2,2
97,-4347.748,5461.797,-19.205,-29.958,0.866208,0.499302,0.019531,-0.499503,0.866284,0.006962,-0.013443,-0.015787,0.999785,0,0.71157,-0.63053,42.694,-1.261,-1,400.000,-1,400.000,-1,325.000,325.000,300.000,300.000,-1,-1,-1,-1,725.000,750.000,-1,-1,2,0,2,0,2,0,0,0,0,2,2,2,2,0,0,2,2
98,-4311.237,5439.668,-19.765,-31.219,0.855006,0.518246,0.019657,-0.518445,0.855086,0.006529,-0.013425,-0.015774,0.999785,0,0.71157,-0.63053,42.694,-1.261,-1,400.000,-1,400.000,-1,325.000,325.000,300.000,300.000,-1,-1,-1,-1,725.000,750.000,-1,-1,2,0,2,0,2,0,0,0,0,2,2,2,2,0,0,2,2
99,-4275.221,5416.741,-20.323,-32.480,0.843389,0.536939,0.019779,-0.537136,0.843473,0.006119,-0.013397,-0.015785,0.999786,0,0.71157,-0.63053,42.694,-1.261,-1,400.000,-1,400.000,-1,325.000,325.000,300.000,300.000,-1,-1,-1,-1,725.000,750.000,-1,-1,2,0,2,0,2,0,0,0,0,2,2,2,2,0,0,2,2
100,-4239.718,5393.027,-20.881,-33.741,0.831364,0.555372,0.019897,-0.555568,0.831451,0.005734,-0.013358,-0.015821,0.999786,0,0.71157,-0.63053,42.694,-1.261,-1,400.000,-1,400.000,-1,325.000,325.000,300.000,300.000,-1,-1,-1,-1,725.000,750.000,-1,-1,2,0,2,0,2,0,0,0,0,2,2,2,2,0,0,2,2
101,-4204.746,5368.537,-21.439,-35.002,0.818936,0.573536,0.020013,-0.573730,0.819027,0.005376,-0.013307,-0.015885,0.999785,0,0.71157,-0.63053,42.694,-1.261,-1,400.000,-1,400.000,-1,325.000,325.000,300.000,300.000,-1,-1,-1,-1,725.000,750.000,-1,-1,2,0,2,0,2,0,0,0,0,2,2,2,2,0,0,2,2
102,-4170.322,5343.284,-21.997,-36.263,0.806112,0.591421,0.020128,-0.591615,0.806205,0.005047,-0.013243,-0.015976,0.999785,0,0.71157,-0.63053,42.694,-1.261,-1,400.000,-1,400.000,-1,325.000,325.000,300.000,300.000,-1,-1,-1,-1,725.000,725.000,-1,-1,2,0,2,0,2,0,0,0,0,2,2,2,2,0,0,2,2
103,-4136.461,5317.279,-22.537,-37.524,0.792896,0.609020,0.020247,-0.609213,0.792993,0.004657,-0.013219,-0.016027,0.999784,0,0.71157,-0.63053,42.694,-1.261,-1,375.000,-1,400.000,-1,325.000,325.000,300.000,300.000,-1,-1,-1,-1,725.000,725.000,-1,-1,2,0,2,0,2,0,0,0,0,2,2,2,2,0,0,2,2
104,-4099.315,5287.684,-23.093,-38.545,0.781914,0.623053,0.020373,-0.623247,0.782012,0.004499,-0.013129,-0.016215,0.999782,0,0.79157,-0.51053,47.494,-1.021,-1,375.000,-1,400.000,-1,325.000,325.000,300.000,300.000,-1,-1,-1,-1,725.000,725.000,-1,-1,2,0,2,0,2,0,0,0,0,2,2,2,2,0,0,2,2
105,-4058.945,5254.443,-23.692,-39.468,0.771778,0.635561,0.020522,-0.635759,0.771874,0.004492,-0.012985,-0.016514,0.999779,0,0.87157,-0.46130,52.294,-0.923,-1,375.000,-1,400.000,-1,325.000,325.000,300.000,300.000,-1,-1,-1,-1,700.000,725.000,-1,-1,2,0,2,0,2,0,0,0,0,2,2,2,2,0,0,2,2
106,-4017.507,5219.188,-24.241,-40.391,0.761450,0.647905,0.020326,-0.648103,0.761539,0.004544,-0.012535,-0.016633,0.999783,0,0.90678,-0.46130,54.407,-0.923,-1,375.000,-1,375.000,-1,325.000,325.000,300.000,300.000,-1,-1,-1,-1,700.000,725.000,-1,-1,2,0,2,0,2,0,0,0,0,2,2,2,2,0,0,2,2
107,-3976.641,5183.270,-24.630,-41.313,0.750939,0.660088,0.019342,-0.660271,0.751013,0.004596,-0.011492,-0.016223,0.999802,0,0.90678,-0.46130,54.407,-0.923,-1,375.000,-1,375.000,-1,325.000,325.000,300.000,300.000,-1,-1,-1,-1,700.000,700.000,-1,-1,2,0,2,0,2,0,0,0,0,2,2,2,2,0,0,2,2
108,-3936.360,5146.699,-25.022,-42.236,0.740233,0.672098,0.018429,-0.672270,0.740291,0.004804,-0.010414,-0.015945,0.999819,0,0.90678,-0.46130,54.407,-0.923,-1,375.000,-1,375.000,-1,325.000,325.000,300.000,300.000,-1,-1,-1,-1,700.000,700.000,-1,-1,2,0,2,0,2,0,0,0,0,2,2,2,2,0,0,2,2
109,-3896.672,5109.484,-25.405,-43.158,0.729333,0.683933,0.017590,-0.684095,0.729375,0.005112,-0.009334,-0.015762,0.999832,0,0.90678,-0.46130,54.407,-0.923,-1,375.000,-1,375.000,-1,325.000,325.000,300.000,300.000,-1,-1,-1,-1,700.000,700.000,-1,-1,2,0,2,0,2,0,0,0,0,2,2,2,2,0,0,2,2
110,-3857.589,5071.634,-25.784,-44.081,0.718243,0.695589,0.016837,-0.695744,0.718269,0.005537,-0.008242,-0.015691,0.999843,0,0.90678,-0.46130,54.407,-0.923,-1,375.000,-1,375.000,-1,325.000,325.000,300.000,300.000,-1,-1,-1,-1,700.000,700.000,-1,-1,2,0,2,0,2,0,0,0,0,2,2,2,2,0,0,2,2
111,-3819.120,5033.161,-26.151,-45.004,0.706964,0.707063,0.016202,-0.707213,0.706975,0.006078,-0.007157,-0.015755,0.999850,0,0.90678,-0.46130,54.407,-0.923,-1,375.000,-1,375.000,-1,300.000,325.000,300.000,300.000,-1,-1,-1,-1,700.000,700.000,-1,-1,2,0,2,0,2,0,0,0,0,2,2,2,2,0,0,2,2
112,-3781.276,4994.073,-26.516,-45.926,0.695502,0.718353,0.015650,-0.718498,0.695496,0.006725,-0.006053,-0.015922,0.999855,0,0.90678,-0.46130,54.407,-0.923,-1,375.000,-1,375.000,-1,300.000,300.000,300.000,300.000,-1,-1,-1,-1,700.000,700.000,-1,-1,2,0,2,0,2,0,0,0,0,2,2,2,2,0,0,2,2
113,-3744.065,4954.380,-26.798,-46.849,0.683864,0.729460,0.014766,-0.729594,0.683840,0.007441,-0.004669,-0.015862,0.999863,0,0.90678,-0.46130,54.407,-0.923,-1,375.000,-1,375.000,-1,300.000,300.000,300.000,300.000,-1,-1,-1,-1,700.000,700.000,-1,-1,2,0,2,0,2,0,0,0,0,2,2,2,2,0,0,2,2
114,-3705.054,4911.760,-26.951,-47.531,0.675152,0.737562,0.013142,-0.737673,0.675107,0.008247,-0.002790,-0.015262,0.999880,0,0.96297,-0.34130,57.778,-0.683,-1,375.000,-1,375.000,-1,300.000,300.000,300.000,300.000,-1,-1,-1,-1,700.000,700.000,-1,-1,2,0,2,0,2,0,0,0,0,2,2,2,2,0,0,2,2
115,-3666.251,4868.703,-27.099,-47.974,0.669457,0.742761,0.011528,-0.742850,0.669395,0.009152,-0.000918,-0.014690,0.999892,0,0.96604,-0.22130,57.962,-0.443,-1,375.000,-1,375.000,-1,300.000,300.000,300.000,300.000,-1,-1,-1,-1,700.000,700.000,-1,-1,2,0,2,0,2,0,0,0,0,2,2,2,2,0,0,2,2
116,-3627.502,4825.400,-27.153,-48.177,0.666847,0.745126,0.010116,-0.745194,0.666767,0.010409,0.001011,-0.014479,0.999895,0,0.96848,-0.10130,58.109,-0.203,-1,375.000,-1,375.000,-1,300.000,325.000,300.000,300.000,-1,-1,-1,-1,700.000,700.000,-1,-1,2,0,2,0,2,0,0,0,0,2,2,2,2,0,0,2,2
117,-3588.647,4782.036,-27.024,-48.139,0.667352,0.744688,0.008996,-0.744737,0.667251,0.011962,0.002905,-0.014683,0.999888,0,0.97041,0.01870,58.225,0.037,-1,375.000,-1,375.000,-1,325.000,325.000,300.000,300.000,-1,825.000,775.000,-1,700.000,700.000,-1,-1,2,0,2,0,2,0,0,0,0,2,0,0,2,0,0,2,2
118,-3549.521,4738.792,-26.707,-47.862,0.670959,0.741453,0.007796,-0.741483,0.670853,0.012652,0.004151,-0.014270,0.999890,0,0.97195,0.13870,58.317,0.277,-1,375.000,-1,375.000,-1,325.000,325.000,300.000,300.000,-1,775.000,725.000,-1,700.000,725.000,-1,-1,2,0,2,0,2,0,0,0,0,2,0,0,2,0,0,2,2
119,-3509.955,4695.848,-26.391,-47.344,0.677635,0.735368,0.006665,-0.735379,0.677524,0.013412,0.005347,-0.013990,0.999888,0,0.97321,0.25870,58.392,0.517,-1,375.000,-1,375.000,-1,325.000,325.000,300.000,300.000,-1,725.000,700.000,-1,700.000,725.000,-1,-1,2,0,2,0,2,0,0,0,0,2,0,0,2,0,0,2,2
120,-3469.780,4653.384,-26.054,-46.587,0.687304,0.726348,0.005608,-0.726340,0.687186,0.014344,0.006565,-0.013932,0.999881,0,0.97428,0.37870,58.457,0.757,-1,375.000,-1,375.000,-1,325.000,325.000,300.000,300.000,-1,700.000,675.000,-1,700.000,725.000,-1,-1,2,0,2,0,2,0,0,0,0,2,0,0,2,0,0,2,2
121,-3428.831,4611.583,-25.673,-45.590,0.699851,0.714274,0.004620,-0.714246,0.699723,0.015539,0.007867,-0.014175,0.999869,0,0.97527,0.49870,58.516,0.997,-1,375.000,-1,375.000,-1,325.000,325.000,300.000,300.000,-1,650.000,625.000,-1,700.000,725.000,-1,-1,2,0,2,0,2,0,0,0,0,2,0,0,2,0,0,2,2
122,-3386.946,4570.635,-25.299,-44.352,0.715119,0.698993,0.003648,-0.698943,0.714981,0.016764,0.009110,-0.014538,0.999853,0,0.97626,0.61870,58.575,1.237,-1,375.000,-1,375.000,-1,325.000,325.000,300.000,300.000,-1,625.000,625.000,-1,700.000,725.000,-1,-1,2,0,2,0,2,0,0,0,0,2,0,0,2,0,0,2,2
123,-3343.973,4530.737,-24.800,-42.875,0.732906,0.680327,0.001976,-0.680246,0.732766,0.017898,0.010728,-0.014462,0.999838,0,0.97733,0.73870,58.640,1.477,-1,375.000,-1,375.000,-1,325.000,325.000,300.000,300.000,-1,600.000,600.000,-1,700.000,725.000,-1,-1,2,0,2,0,2,0,0,0,0,2,0,0,2,0,0,2,2
124,-3299.774,4492.087,-24.192,-41.168,0.752844,0.658199,-0.000031,-0.658085,0.752714,0.018615,0.012276,-0.013994,0.999827,0,0.97856,0.85360,58.714,1.707,-1,375.000,-1,400.000,-1,325.000,325.000,300.000,300.000,-1,575.000,575.000,-1,725.000,750.000,-1,-1,2,0,2,0,2,0,0,0,0,2,0,0,2,0,0,2,2
125,-3254.367,4454.728,-23.479,-39.446,0.772264,0.635299,-0.002005,-0.635161,0.772155,0.018622,0.013379,-0.013108,0.999825,0,0.98002,0.86068,58.801,1.721,-1,375.000,-1,400.000,-1,325.000,325.000,300.000,300.000,-1,600.000,575.000,-1,725.000,750.000,-1,-1,2,0,2,0,2,0,0,0,0,2,0,0,2,0,0,2,2
126,-3207.778,4418.706,-22.779,-37.711,0.791137,0.611627,-0.003895,-0.611470,0.791051,0.018536,0.014418,-0.012282,0.999821,0,0.98150,0.86781,58.890,1.736,-1,375.000,-1,400.000,-1,325.000,325.000,300.000,300.000,-1,600.000,575.000,-1,725.000,750.000,-1,-1,2,0,2,0,2,0,0,0,0,2,0,0,2,0,0,2,2
127,-3160.039,4384.072,-21.926,-35.961,0.809437,0.587186,-0.004937,-0.587017,0.809361,0.018570,0.014900,-0.012134,0.999815,0,0.98300,0.87499,58.980,1.750,-1,375.000,-1,400.000,-1,325.000,325.000,300.000,300.000,-1,625.000,600.000,-1,725.000,750.000,-1,-1,2,0,2,0,2,0,0,0,0,2,0,0,2,0,0,2,2
128,-3111.180,4350.872,-21.087,-34.196,0.827125,0.561987,-0.005903,-0.561809,0.827058,0.018568,0.015317,-0.012042,0.999810,0,0.98452,0.88222,59.071,1.764,-1,400.000,-1,400.000,-1,325.000,325.000,300.000,300.000,-1,650.000,625.000,-1,750.000,775.000,-1,-1,2,0,2,0,2,0,0,0,0,2,0,0,2,0,0,2,2
129,-3061.235,4319.155,-20.207,-32.417,0.844165,0.536040,-0.006886,-0.535848,0.844104,0.018831,0.015907,-0.012207,0.999799,0,0.98607,0.88950,59.164,1.779,-1,400.000,-1,400.000,-1,325.000,325.000,300.000,300.000,-1,675.000,650.000,-1,750.000,775.000,-1,-1,2,0,2,0,2,0,0,0,0,2,0,0,2,0,0,2,2
130,-3010.242,4288.969,-19.270,-30.624,0.860523,0.509354,-0.007727,-0.509145,0.860464,0.019318,0.016489,-0.012689,0.999784,0,0.98763,0.89682,59.258,1.794,-1,400.000,-1,400.000,-1,325.000,325.000,300.000,300.000,-1,700.000,650.000,-1,750.000,775.000,-1,-1,2,0,2,0,2,0,0,0,0,2,0,0,2,0,0,2,2
131,-2958.238,4260.362,-18.338,-28.815,0.876162,0.481943,-0.008420,-0.481720,0.876102,0.019750,0.016895,-0.013249,0.999769,0,0.98922,0.90419,59.353,1.808,-1,400.000,-1,400.000,-1,325.000,325.000,300.000,300.000,-1,700.000,675.000,-1,750.000,800.000,-1,-1,2,0,2,0,2,0,0,0,0,2,0,0,2,0,0,2,2
132,-2905.265,4233.381,-17.447,-26.992,0.891046,0.453822,-0.009116,-0.453586,0.890986,0.020079,0.017235,-0.013756,0.999757,0,0.99081,0.91161,59.449,1.823,-1,400.000,-1,400.000,-1,325.000,325.000,300.000,300.000,-1,725.000,700.000,-1,750.000,800.000,-1,-1,2,0,2,0,2,0,0,0,0,2,0,0,2,0,0,2,2
133,-2851.366,4208.071,-16.595,-25.154,0.905137,0.425006,-0.009816,-0.424759,0.905079,0.020308,0.017516,-0.014212,0.999746,0,0.99243,0.91907,59.546,1.838,-1,400.000,-1,400.000,-1,325.000,325.000,300.000,300.000,-1,750.000,725.000,-1,750.000,825.000,-1,-1,2,0,2,0,2,0,0,0,0,2,0,0,2,0,0,2,2
134,-2796.587,4184.479,-15.780,-23.301,0.918400,0.395514,-0.010520,-0.395255,0.918344,0.020443,0.017747,-0.014617,0.999736,0,0.99405,0.92657,59.643,1.853,-1,400.000,-1,400.000,-1,325.000,325.000,300.000,300.000,-1,750.000,725.000,-1,750.000,825.000,-1,-1,2,0,2,0,2,0,0,0,0,2,0,0,2,0,0,2,2
135,-2740.976,4162.649,-14.947,-21.432,0.930798,0.365364,-0.011145,-0.365102,0.930748,0.020220,0.017761,-0.014751,0.999733,0,0.99569,0.93412,59.742,1.868,-1,400.000,-1,400.000,-1,325.000,325.000,300.000,300.000,-1,800.000,775.000,-1,750.000,825.000,-1,-1,2,0,2,0,2,0,0,0,0,2,0,0,2,0,0,2,2
136,-2684.586,4142.625,-13.995,-19.549,0.942297,0.334579,-0.011534,-0.334332,0.942260,0.019174,0.017284,-0.014211,0.999750,0,0.99734,0.94170,59.840,1.883,-1,400.000,-1,400.000,-1,325.000,325.000,300.000,300.000,-1,850.000,825.000,-1,750.000,850.000,-1,-1,2,0,2,0,2,0,0,0,0,2,0,0,2,0,0,2,2
137,-2627.468,4124.451,-13.050,-17.650,0.952857,0.303180,-0.012018,-0.302947,0.952837,0.018003,0.016910,-0.013514,0.999766,0,0.99899,0.94932,59.939,1.899,-1,400.000,-1,400.000,-1,325.000,325.000,300.000,300.000,-1,875.000,850.000,-1,750.000,850.000,-1,-1,2,0,2,0,2,0,0,0,0,2,0,0,2,0,0,2,2
138,-2570.379,4108.458,-12.139,-15.650,0.962852,0.269744,-0.012399,-0.269525,0.962846,0.016851,0.016484,-0.012883,0.999781,0,0.98812,1.00000,59.287,2.000,-1,400.000,-1,400.000,-1,325.000,325.000,300.000,300.000,-1,925.000,900.000,-1,750.000,850.000,-1,-1,2,0,2,0,2,0,0,0,0,2,0,0,2,0,0,2,2
139,-2512.655,4094.439,-11.186,-13.650,0.971681,0.235978,-0.012262,-0.235778,0.971678,0.015832,0.015651,-0.012492,0.999799,0,0.99002,1.00000,59.401,2.000,-1,400.000,-1,400.000,-1,325.000,325.000,300.000,300.000,-1,1000.000,975.000,-1,750.000,850.000,-1,-1,2,0,2,0,2,0,0,0,0,2,0,0,2,0,0,2,2
