timestep,x_cm,y_cm,z_cm,yaw_deg,basis_xx,basis_xy,basis_xz,basis_yx,basis_yy,basis_yz,basis_zx,basis_zy,basis_zz,teleport_flag,throttle_cmd,steering_cmd,cmd_move_cm,cmd_turn_deg,lidar_cm_0,lidar_cm_1,lidar_cm_2,lidar_cm_3,lidar_cm_4,lidar_cm_5,lidar_cm_6,lidar_cm_7,lidar_cm_8,lidar_cm_9,lidar_cm_10,lidar_cm_11,lidar_cm_12,lidar_cm_13,lidar_cm_14,lidar_cm_15,lidar_cm_16,lidar_class_0,lidar_class_1,lidar_class_2,lidar_class_3,lidar_class_4,lidar_class_5,lidar_class_6,lidar_class_7,lidar_class_8,lidar_class_9,lidar_class_10,lidar_class_11,lidar_class_12,lidar_class_13,lidar_class_14,lidar_class_15,lidar_class_16
0,1641.451,3612.146,395.303,70.243,0.337537,-0.940843,0.029713,0.941134,0.337919,0.008795,-0.018315,0.024995,0.999520,1,0.08000,-0.12000,4.800,-0.240,-1,350.000,-1,375.000,-1,300.000,300.000,300.000,275.000,-1,-1,-1,350.000,675.000,725.000,-1,-1,2,0,2,0,2,0,0,0,1,2,2,2,1,0,0,2,2
1,1644.771,3621.153,395.189,69.763,0.345404,-0.937967,0.030238,0.938277,0.345785,0.008277,-0.018220,0.025513,0.999508,0,0.16000,-0.24000,9.600,-0.480,-1,350.000,-1,375.000,-1,300.000,300.000,300.000,275.000,-1,-1,-1,375.000,675.000,725.000,-1,-1,2,0,2,0,2,0,0,0,1,2,2,2,1,0,0,2,2
2,1649.921,3634.601,395.019,69.043,0.357158,-0.933530,0.030991,0.933869,0.357537,0.007516,-0.018097,0.026257,0.999491,0,0.24000,-0.36000,14.400,-0.720,-1,350.000,-1,375.000,-1,300.000,300.000,300.000,275.000,-1,-1,-1,375.000,675.000,725.000,-1,-1,2,0,2,0,2,0,0,0,1,2,2,2,1,0,0,2,2
3,1657.087,3652.413,394.793,68.083,0.372743,-0.927385,0.031936,0.927761,0.373118,0.006523,-0.017965,0.027198,0.999469,0,0.32000,-0.48000,19.200,-0.960,-1,350.000,-1,375.000,-1,300.000,300.000,300.000,275.000,-1,-1,-1,375.000,700.000,725.000,-1,-1,2,0,2,0,2,0,0,0,1,2,2,2,1,0,0,2,2
4,1666.510,3674.487,394.506,66.883,0.392076,-0.919339,0.033036,0.919760,0.392446,0.005301,-0.017838,0.028307,0.999440,0,0.40000,-0.60000,24.000,-1.200,-1,375.000,-1,375.000,-1,300.000,300.000,300.000,275.000,-1,-1,-1,400.000,700.000,725.000,-1,-1,2,0,2,0,2,0,0,0,1,2,2,2,1,0,0,2,2
5,1678.478,3700.682,394.152,65.443,0.415050,-0.909154,0.034254,0.909626,0.415410,0.003844,-0.017724,0.029563,0.999406,0,0.48000,-0.72000,28.800,-1.440,-1,375.000,-1,375.000,-1,300.000,300.000,300.000,275.000,-1,-1,-1,400.000,700.000,725.000,-1,-1,2,0,2,0,2,0,0,0,1,2,2,2,1,0,0,2,2
6,1693.332,3730.821,393.717,63.763,0.441521,-0.896546,0.035560,0.897078,0.441867,0.002123,-0.017616,0.030962,0.999365,0,0.56000,-0.84000,33.600,-1.680,-1,375.000,-1,375.000,-1,300.000,300.000,300.000,300.000,-1,-1,-1,425.000,725.000,725.000,-1,-1,2,0,2,0,2,0,0,0,1,2,2,2,1,0,0,2,2
7,1711.390,3764.710,393.203,61.948,0.469701,-0.882056,0.036846,0.882653,0.470025,0.000158,-0.017458,0.032449,0.999321,0,0.64000,-0.90770,38.400,-1.815,-1,375.000,-1,375.000,-1,300.000,300.000,300.000,300.000,-1,-1,-1,450.000,725.000,750.000,-1,-1,2,0,2,0,2,0,0,0,1,2,2,2,1,0,0,2,2
8,1732.899,3802.174,392.567,60.138,0.497335,-0.866727,0.037977,0.867389,0.497628,-0.001998,-0.017166,0.033935,0.999277,0,0.72000,-0.90506,43.200,-1.810,-1,375.000,-1,375.000,-1,300.000,300.000,300.000,325.000,-1,-1,-1,450.000,750.000,750.000,-1,-1,2,0,2,0,2,0,0,0,1,2,2,2,1,0,0,2,2
9,1758.097,3843.029,391.747,58.334,0.524394,-0.850578,0.039079,0.851315,0.524635,-0.004642,-0.016554,0.035703,0.999225,0,0.80000,-0.90205,48.000,-1.804,-1,375.000,-1,375.000,-1,325.000,325.000,300.000,325.000,-1,-1,-1,475.000,750.000,750.000,-1,-1,2,0,2,0,2,0,0,0,1,2,2,2,1,0,0,2,2
10,1787.211,3887.077,390.426,56.537,0.550834,-0.833662,0.039869,0.834459,0.551025,-0.007006,-0.016128,0.037128,0.999180,0,0.88000,-0.89864,52.800,-1.797,-1,400.000,-1,375.000,-1,325.000,325.000,300.000,350.000,-1,-1,-1,475.000,750.000,750.000,-1,-1,2,0,2,0,2,0,0,0,1,2,2,2,1,0,0,2,2
11,1817.945,3930.562,388.845,54.747,0.576639,-0.815980,0.040800,0.816860,0.576744,-0.010332,-0.015100,0.039286,0.999114,0,0.88749,-0.89480,53.249,-1.790,-1,400.000,-1,400.000,-1,325.000,325.000,300.000,325.000,-1,-1,-1,500.000,775.000,775.000,-1,-1,2,0,2,0,2,0,0,0,0,2,2,2,1,0,0,2,2
12,1850.012,3973.065,387.004,52.965,0.601793,-0.797555,0.041834,0.798540,0.601760,-0.014797,-0.013373,0.042311,0.999015,0,0.88738,-0.89083,53.243,-1.782,-1,400.000,-1,400.000,-1,325.000,325.000,300.000,325.000,-1,-1,-1,500.000,825.000,775.000,-1,-1,2,0,2,0,2,0,0,0,0,2,2,2,1,0,0,2,2
13,1883.385,4014.563,385.032,51.192,0.626272,-0.778432,0.042743,0.779522,0.626061,-0.019820,-0.011331,0.045732,0.998889,0,0.88754,-0.88677,53.252,-1.774,-1,400.000,-1,400.000,-1,325.000,325.000,300.000,325.000,-1,-1,-1,500.000,850.000,775.000,-1,-1,2,0,2,0,2,0,0,0,0,2,2,2,1,0,0,2,2
14,1918.038,4055.030,384.268,49.426,0.649922,-0.758814,0.042466,0.759888,0.649775,-0.019060,-0.013130,0.044656,0.998916,0,0.88793,-0.88262,53.276,-1.765,-1,400.000,-1,400.000,-1,325.000,325.000,300.000,325.000,-1,-1,-1,525.000,875.000,775.000,-1,-1,2,0,2,0,2,0,0,0,0,2,2,2,1,0,0,2,2
15,1953.939,4094.442,383.431,47.670,0.672842,-0.738566,0.042480,0.739634,0.672758,-0.018379,-0.015004,0.043786,0.998928,0,0.88853,-0.87840,53.312,-1.757,-1,400.000,-1,400.000,-1,325.000,325.000,325.000,325.000,-1,-1,-1,550.000,875.000,775.000,-1,-1,2,0,2,0,2,0,0,0,0,2,2,2,1,0,0,2,2
16,1991.059,4132.775,382.558,45.921,0.695024,-0.717723,0.042609,0.718789,0.695001,-0.017784,-0.016849,0.042987,0.998934,0,0.88934,-0.87410,53.360,-1.748,-1,400.000,-1,400.000,-1,325.000,325.000,325.000,325.000,-1,-1,-1,575.000,875.000,775.000,-1,-1,2,0,2,0,2,0,0,0,0,2,2,2,1,0,0,2,2
17,2029.368,4170.004,381.651,44.182,0.716455,-0.696317,0.042846,0.697384,0.716489,-0.017281,-0.018666,0.042261,0.998932,0,0.89032,-0.86974,53.419,-1.739,-1,400.000,-1,400.000,-1,325.000,325.000,325.000,325.000,-1,-1,-1,625.000,875.000,775.000,-1,-1,2,0,2,0,2,0,0,0,0,2,2,2,1,0,0,2,2
18,2068.835,4206.107,380.698,42.451,0.737124,-0.674380,0.043125,0.675449,0.737214,-0.016864,-0.020419,0.041560,0.998927,0,0.89146,-0.86532,53.488,-1.731,-1,400.000,-1,400.000,-1,325.000,325.000,325.000,325.000,-1,-1,-1,650.000,875.000,775.000,-1,-1,2,0,2,0,2,0,0,0,0,2,2,2,1,0,0,2,2
19,2109.427,4241.057,379.653,40.730,0.757021,-0.651944,0.043442,0.653016,0.757164,-0.016535,-0.022113,0.040886,0.998919,0,0.89275,-0.86085,53.565,-1.722,-1,400.000,-1,400.000,-1,325.000,325.000,325.000,325.000,-1,-1,-1,675.000,875.000,775.000,-1,-1,2,0,2,0,2,0,0,0,0,2,2,2,1,0,0,2,2
20,2151.112,4274.833,378.345,39.017,0.776137,-0.629040,0.043814,0.630116,0.776330,-0.016296,-0.023764,0.040256,0.998907,0,0.89417,-0.85633,53.650,-1.713,-1,400.000,-1,400.000,-1,325.000,325.000,325.000,325.000,-1,-1,-1,725.000,875.000,775.000,-1,-1,2,0,2,0,2,0,0,0,0,2,2,2,1,0,0,2,2
21,2193.856,4307.410,376.863,37.313,0.794494,-0.605712,0.043496,0.606761,0.794724,-0.015964,-0.024898,0.039075,0.998926,0,0.89571,-0.85176,53.743,-1.704,-1,400.000,-1,400.000,-1,325.000,325.000,325.000,325.000,-1,-1,-1,750.000,875.000,775.000,-1,-1,2,0,2,0,2,0,0,0,0,2,2,2,1,0,0,2,2
22,2237.624,4338.766,375.262,35.619,0.812048,-0.581984,0.043283,0.582996,0.812333,-0.015164,-0.026335,0.037548,0.998948,0,0.89736,-0.84715,53.841,-1.694,-1,400.000,-1,400.000,-1,325.000,325.000,325.000,325.000,-1,-1,-1,775.000,875.000,775.000,-1,-1,2,0,2,0,2,0,0,0,0,2,2,2,1,0,0,2,2
23,2281.453,4368.512,373.660,34.165,0.826546,-0.561208,0.043209,0.562189,0.826884,-0.014363,-0.027668,0.036164,0.998963,0,0.88281,-0.72715,52.969,-1.454,-1,400.000,-1,400.000,-1,325.000,325.000,325.000,325.000,-1,-1,-1,825.000,875.000,775.000,-1,-1,2,0,2,0,2,0,0,0,0,2,2,2,1,0,0,2,2
24,2326.029,4397.291,372.047,32.847,0.839219,-0.542072,0.043240,0.543024,0.839606,-0.013615,-0.028924,0.034906,0.998972,0,0.88432,-0.65873,53.059,-1.317,-1,400.000,-1,400.000,-1,325.000,325.000,325.000,325.000,-1,-1,-1,850.000,875.000,775.000,-1,-1,2,0,2,0,2,0,0,0,0,2,2,2,1,0,0,2,2
25,2371.325,4425.090,370.422,31.539,0.851361,-0.522786,0.043351,0.523712,0.851798,-0.012911,-0.030176,0.033695,0.998976,0,0.88577,-0.65403,53.146,-1.308,-1,400.000,-1,400.000,-1,325.000,325.000,325.000,325.000,-1,-1,-1,875.000,875.000,775.000,-1,-1,2,0,2,0,2,0,0,0,0,2,2,2,1,0,0,2,2
26,2417.321,4451.904,368.786,30.241,0.862975,-0.503368,0.043539,0.504269,0.863460,-0.012253,-0.031426,0.032530,0.998977,0,0.88734,-0.64928,53.240,-1.299,-1,400.000,-1,400.000,-1,325.000,325.000,325.000,325.000,-1,-1,-1,925.000,875.000,775.000,-1,-1,2,0,2,0,2,0,0,0,0,2,2,2,1,0,0,2,2
27,2463.997,4477.725,367.124,28.952,0.874063,-0.483834,0.043791,0.484715,0.874594,-0.011710,-0.032634,0.031462,0.998972,0,0.88903,-0.64446,53.342,-1.289,-1,400.000,-1,400.000,-1,325.000,325.000,325.000,325.000,-1,-1,-1,950.000,875.000,775.000,-1,-1,2,0,2,0,2,0,0,0,0,2,2,2,1,0,0,2,2
28,2511.333,4502.548,365.384,27.673,0.884634,-0.464200,0.044052,0.465071,0.885199,-0.011528,-0.033644,0.030686,0.998963,0,0.89084,-0.63959,53.450,-1.279,-1,400.000,-1,400.000,-1,325.000,325.000,325.000,325.000,-1,-1,-1,975.000,875.000,775.000,-1,-1,2,0,2,0,2,0,0,0,0,2,2,2,1,0,0,2,2
29,2559.311,4526.367,363.618,26.403,0.894684,-0.444487,0.044407,0.445351,0.895283,-0.011429,-0.034677,0.030002,0.998948,0,0.89274,-0.63466,53.564,-1.269,-1,400.000,-1,400.000,-1,325.000,325.000,325.000,325.000,-1,-1,-1,-1,875.000,775.000,-1,-1,2,0,2,0,2,0,0,0,0,2,2,2,2,0,0,2,2
30,2607.908,4549.177,361.649,25.144,0.904198,-0.424715,0.045195,0.425567,0.904863,-0.010802,-0.036307,0.029001,0.998920,0,0.89474,-0.62969,53.684,-1.259,-1,400.000,-1,400.000,-1,325.000,325.000,325.000,325.000,-1,-1,-1,-1,850.000,775.000,-1,-1,2,0,2,0,2,0,0,0,0,2,2,2,2,0,0,2,2
31,2657.106,4570.972,359.599,23.895,0.913197,-0.404899,0.046139,0.405730,0.913939,-0.009936,-0.038145,0.027793,0.998886,0,0.89682,-0.62466,53.809,-1.249,-1,400.000,-1,400.000,-1,325.000,325.000,325.000,325.000,-1,-1,-1,-1,850.000,775.000,-1,-1,2,0,2,0,2,0,0,0,0,2,2,2,2,0,0,2,2
32,2708.277,4592.325,357.458,22.651,0.921723,-0.384984,0.047051,0.385791,0.922541,-0.009130,-0.039891,0.026567,0.998851,0,0.92412,-0.62172,55.447,-1.243,-1,400.000,-1,400.000,-1,325.000,325.000,325.000,325.000,-1,-1,-1,-1,850.000,775.000,-1,-1,2,0,2,0,2,0,0,0,0,2,2,2,2,0,0,2,2
33,2759.877,4612.559,355.190,21.412,0.929807,-0.364954,0.047622,0.365724,0.930686,-0.008302,-0.041292,0.025136,0.998831,0,0.92375,-0.61966,55.425,-1.239,-1,400.000,-1,400.000,-1,325.000,325.000,325.000,325.000,-1,-1,-1,-1,825.000,775.000,-1,-1,2,0,2,0,2,0,0,0,0,2,2,2,2,0,0,2,2
34,2811.884,4631.670,352.730,20.177,0.937434,-0.344819,0.048147,0.345565,0.938362,-0.007883,-0.042461,0.024027,0.998809,0,0.92346,-0.61751,55.408,-1.235,-1,400.000,-1,400.000,-1,300.000,325.000,325.000,325.000,-1,-1,-1,-1,825.000,775.000,-1,-1,2,0,2,0,2,0,0,0,0,2,2,2,2,0,0,2,2
35,2864.279,4649.656,350.273,18.946,0.944598,-0.324596,0.048706,0.325321,0.945573,-0.007565,-0.043600,0.022991,0.998785,0,0.92325,-0.61527,55.395,-1.231,-1,400.000,-1,400.000,-1,300.000,325.000,325.000,325.000,-1,-1,-1,-1,825.000,775.000,-1,-1,2,0,2,0,2,0,0,0,0,2,2,2,2,0,0,2,2
36,2912.410,4665.253,348.029,17.956,0.950044,-0.308207,0.049242,0.308916,0.951061,-0.007322,-0.044575,0.022168,0.998760,0,0.84325,-0.49527,50.595,-0.991,-1,400.000,-1,400.000,-1,300.000,325.000,325.000,325.000,-1,-1,-1,-1,825.000,750.000,-1,-1,2,0,2,0,2,0,0,0,0,2,2,2,2,0,0,2,2
37,2956.156,4678.799,345.999,17.205,0.953977,-0.295727,0.049742,0.296424,0.955030,-0.007119,-0.045399,0.021536,0.998737,0,0.76325,-0.37527,45.795,-0.751,-1,400.000,-1,375.000,-1,300.000,325.000,350.000,325.000,-1,-1,-1,-1,800.000,750.000,-1,-1,2,0,2,0,2,0,0,0,0,2,2,2,2,0,0,2,2
38,2995.423,4690.575,344.180,16.695,0.956552,-0.287208,0.050197,0.287897,0.957636,-0.006927,-0.046081,0.021077,0.998715,0,0.68325,-0.25527,40.995,-0.511,-1,400.000,-1,375.000,-1,300.000,300.000,350.000,325.000,-1,-1,-1,-1,800.000,750.000,-1,-1,2,0,2,0,2,0,0,0,0,2,2,2,2,0,0,2,2
39,3030.141,4700.809,342.574,16.424,0.957877,-0.282685,0.050600,0.283368,0.958988,-0.006722,-0.046624,0.020777,0.998696,0,0.60325,-0.13527,36.195,-0.271,-1,400.000,-1,375.000,-1,300.000,300.000,350.000,325.000,-1,-1,-1,-1,800.000,750.000,-1,-1,2,0,2,0,2,0,0,0,0,2,2,2,2,0,0,2,2
40,3060.288,4709.574,341.184,16.210,0.958908,-0.279103,0.050953,0.279781,0.960042,-0.006548,-0.047090,0.020535,0.998680,0,0.52325,-0.10698,31.395,-0.214,-1,400.000,-1,375.000,-1,300.000,300.000,350.000,325.000,-1,-1,-1,-1,800.000,750.000,-1,-1,2,0,2,0,2,0,0,0,0,2,2,2,2,0,0,2,2
41,3085.853,4716.904,340.011,16.000,0.959912,-0.275574,0.051257,0.276247,0.961065,-0.006417,-0.047493,0.020319,0.998665,0,0.44325,-0.10530,26.595,-0.211,-1,400.000,-1,375.000,-1,300.000,300.000,350.000,325.000,-1,-1,-1,-1,800.000,750.000,-1,-1,2,0,2,0,2,0,0,0,0,2,2,2,2,0,0,2,2
42,3106.826,4722.835,339.053,15.792,0.960892,-0.272089,0.051509,0.272760,0.962061,-0.006326,-0.047834,0.020129,0.998652,0,0.36325,-0.10384,21.795,-0.208,-1,400.000,-1,375.000,-1,300.000,300.000,350.000,325.000,-1,-1,-1,-1,800.000,750.000,-1,-1,2,0,2,0,2,0,0,0,0,2,2,2,2,0,0,2,2
43,3123.196,4727.402,338.308,15.587,0.961851,-0.268643,0.051710,0.269310,0.963033,-0.006274,-0.048113,0.019961,0.998642,0,0.28325,-0.10260,16.995,-0.205,-1,400.000,-1,375.000,-1,300.000,300.000,350.000,325.000,-1,-1,-1,-1,800.000,750.000,-1,-1,2,0,2,0,2,0,0,0,0,2,2,2,2,0,0,2,2
44,3134.954,4730.637,337.776,15.383,0.962791,-0.265226,0.051859,0.265891,0.963983,-0.006258,-0.048331,0.019814,0.998635,0,0.20325,-0.10163,12.195,-0.203,-1,400.000,-1,375.000,-1,300.000,300.000,350.000,325.000,-1,-1,-1,-1,800.000,750.000,-1,-1,2,0,2,0,2,0,0,0,0,2,2,2,2,0,0,2,2
45,3142.091,4732.574,337.456,15.182,0.963715,-0.261829,0.051954,0.262493,0.964914,-0.006277,-0.048488,0.019686,0.998630,0,0.12325,-0.10092,7.395,-0.202,-1,400.000,-1,375.000,-1,300.000,300.000,350.000,325.000,-1,-1,-1,-1,800.000,750.000,-1,-1,2,0,2,0,2,0,0,0,0,2,2,2,2,0,0,2,2
46,3144.598,4733.244,337.349,14.981,0.964626,-0.258443,0.051995,0.259106,0.965828,-0.006326,-0.048583,0.019575,0.998627,0,0.04325,-0.10049,2.595,-0.201,-1,400.000,-1,375.000,-1,300.000,300.000,350.000,325.000,-1,-1,-1,-1,800.000,750.000,-1,-1,2,0,2,0,2,0,0,0,0,2,2,2,2,0,0,2,2
47,3142.466,4732.682,337.455,14.780,0.965527,-0.255060,0.051982,0.255722,0.966729,-0.006405,-0.048619,0.019477,0.998627,0,-0.03675,-0.10034,-2.205,-0.201,-1,400.000,-1,375.000,-1,300.000,300.000,350.000,325.000,-1,-1,-1,-1,800.000,750.000,-1,-1,2,0,2,0,2,0,0,0,0,2,2,2,2,0,0,2,2
48,3135.687,4730.919,337.774,14.579,0.966420,-0.251668,0.051914,0.252330,0.967619,-0.006511,-0.048595,0.019392,0.998630,0,-0.11675,-0.10046,-7.005,-0.201,-1,400.000,-1,375.000,-1,300.000,300.000,350.000,325.000,-1,-1,-1,-1,800.000,750.000,-1,-1,2,0,2,0,2,0,0,0,0,2,2,2,2,0,0,2,2
49,3124.252,4727.987,338.307,14.377,0.967308,-0.248260,0.051792,0.248922,0.968501,-0.006641,-0.048512,0.019316,0.998636,0,-0.19675,-0.10086,-11.805,-0.202,-1,400.000,-1,375.000,-1,300.000,300.000,350.000,325.000,-1,-1,-1,-1,800.000,750.000,-1,-1,2,0,2,0,2,0,0,0,0,2,2,2,2,0,0,2,2
50,3108.153,4723.921,339.057,14.174,0.968192,-0.244827,0.051614,0.245489,0.969376,-0.006792,-0.048370,0.019247,0.998644,0,-0.27675,-0.10152,-16.605,-0.203,-1,400.000,-1,375.000,-1,300.000,300.000,350.000,325.000,-1,-1,-1,-1,800.000,750.000,-1,-1,2,0,2,0,2,0,0,0,0,2,2,2,2,0,0,2,2
51,3087.381,4718.754,340.024,13.969,0.969074,-0.241361,0.051381,0.242022,0.970246,-0.006963,-0.048171,0.019183,0.998655,0,-0.35675,-0.10241,-21.405,-0.205,-1,400.000,-1,375.000,-1,300.000,300.000,350.000,325.000,-1,-1,-1,-1,800.000,750.000,-1,-1,2,0,2,0,2,0,0,0,0,2,2,2,2,0,0,2,2
52,3061.928,4712.520,341.211,13.762,0.969956,-0.237853,0.051092,0.238513,0.971113,-0.007149,-0.047916,0.019120,0.998668,0,-0.43675,-0.10352,-26.205,-0.207,-1,400.000,-1,375.000,-1,300.000,300.000,350.000,325.000,-1,-1,-1,-1,800.000,750.000,-1,-1,2,0,2,0,2,0,0,0,0,2,2,2,2,0,0,2,2
53,3033.049,4705.559,342.561,13.553,0.970838,-0.234299,0.050763,0.234958,0.971978,-0.007342,-0.047620,0.019055,0.998684,0,-0.49511,-0.10481,-29.706,-0.210,-1,400.000,-1,375.000,-1,300.000,300.000,350.000,325.000,-1,-1,-1,-1,800.000,750.000,-1,-1,2,0,2,0,2,0,0,0,0,2,2,2,2,0,0,2,2
54,3004.189,4698.715,343.915,13.340,0.971718,-0.230695,0.050432,0.231352,0.972841,-0.007526,-0.047326,0.018981,0.998699,0,-0.49433,-0.10619,-29.660,-0.212,-1,400.000,-1,400.000,-1,300.000,325.000,350.000,325.000,-1,-1,-1,-1,800.000,750.000,-1,-1,2,0,2,0,2,0,0,0,0,2,2,2,2,0,0,2,2
55,2975.354,4691.991,345.272,13.125,0.972595,-0.227044,0.050101,0.227699,0.973701,-0.007701,-0.047035,0.018898,0.998714,0,-0.49348,-0.10747,-29.609,-0.215,-1,400.000,-1,400.000,-1,300.000,325.000,350.000,325.000,-1,-1,-1,-1,800.000,775.000,-1,-1,2,0,2,0,2,0,0,0,0,2,2,2,2,0,0,2,2
56,2951.192,4686.363,346.406,13.112,0.972664,-0.226811,0.049824,0.227465,0.973755,-0.007796,-0.046748,0.018916,0.998728,0,-0.41348,-0.00686,-24.809,-0.014,-1,400.000,-1,400.000,-1,300.000,325.000,350.000,325.000,-1,-1,-1,-1,800.000,775.000,-1,-1,2,0,2,0,2,0,0,0,0,2,2,2,2,0,0,2,2
57,2931.704,4681.830,347.322,13.096,0.972737,-0.226546,0.049600,0.227199,0.973817,-0.007874,-0.046518,0.018928,0.998738,0,-0.33348,-0.00780,-20.009,-0.016,-1,400.000,-1,400.000,-1,300.000,325.000,350.000,325.000,-1,-1,-1,-1,800.000,775.000,-1,-1,2,0,2,0,2,0,0,0,0,2,2,2,2,0,0,2,2
58,2916.890,4678.388,348.021,13.079,0.972813,-0.226256,0.049431,0.226909,0.973884,-0.007933,-0.046345,0.018934,0.998746,0,-0.25348,-0.00851,-15.209,-0.017,-1,400.000,-1,400.000,-1,300.000,325.000,350.000,325.000,-1,-1,-1,-1,800.000,775.000,-1,-1,2,0,2,0,2,0,0,0,0,2,2,2,2,0,0,2,2
59,2906.751,4676.036,348.499,13.061,0.972890,-0.225949,0.049315,0.226601,0.973955,-0.007975,-0.046228,0.018934,0.998751,0,-0.17348,-0.00903,-10.409,-0.018,-1,400.000,-1,400.000,-1,300.000,325.000,350.000,325.000,-1,-1,-1,-1,800.000,775.000,-1,-1,2,0,2,0,2,0,0,0,0,2,2,2,2,0,0,2,2
60,2901.287,4674.770,348.758,13.042,0.972967,-0.225631,0.049252,0.226282,0.974029,-0.008000,-0.046167,0.018929,0.998754,0,-0.09348,-0.00937,-5.609,-0.019,-1,400.000,-1,400.000,-1,300.000,325.000,350.000,325.000,-1,-1,-1,-1,800.000,775.000,-1,-1,2,0,2,0,2,0,0,0,0,2,2,2,2,0,0,2,2
61,2900.499,4674.588,348.796,13.023,0.973043,-0.225306,0.049242,0.225957,0.974104,-0.008008,-0.046163,0.018919,0.998755,0,-0.01348,-0.00955,-0.809,-0.019,-1,400.000,-1,400.000,-1,300.000,325.000,350.000,325.000,-1,-1,-1,-1,800.000,775.000,-1,-1,2,0,2,0,2,0,0,0,0,2,2,2,2,0,0,2,2
62,2904.388,4675.486,348.613,13.004,0.973116,-0.224980,0.049286,0.225632,0.974180,-0.008000,-0.046214,0.018905,0.998753,0,0.06652,-0.00958,3.991,-0.019,-1,400.000,-1,400.000,-1,300.000,325.000,350.000,325.000,-1,-1,-1,-1,800.000,775.000,-1,-1,2,0,2,0,2,0,0,0,0,2,2,2,2,0,0,2,2
63,2912.954,4677.461,348.210,12.985,0.973185,-0.224659,0.049383,0.225311,0.974254,-0.007975,-0.046320,0.018887,0.998748,0,0.14652,-0.00945,8.791,-0.019,-1,400.000,-1,400.000,-1,300.000,325.000,350.000,325.000,-1,-1,-1,-1,800.000,775.000,-1,-1,2,0,2,0,2,0,0,0,0,2,2,2,2,0,0,2,2
64,2926.199,4680.511,347.587,12.967,0.973250,-0.224347,0.049534,0.224999,0.974327,-0.007933,-0.046483,0.018866,0.998741,0,0.22652,-0.00917,13.591,-0.018,-1,400.000,-1,400.000,-1,300.000,325.000,350.000,325.000,-1,-1,-1,-1,800.000,775.000,-1,-1,2,0,2,0,2,0,0,0,0,2,2,2,2,0,0,2,2
65,2944.123,4684.632,346.744,12.949,0.973307,-0.224051,0.049739,0.224704,0.974395,-0.007874,-0.046701,0.018840,0.998731,0,0.30652,-0.00871,18.391,-0.017,-1,400.000,-1,400.000,-1,300.000,325.000,350.000,325.000,-1,-1,-1,-1,800.000,775.000,-1,-1,2,0,2,0,2,0,0,0,0,2,2,2,2,0,0,2,2
66,2966.726,4689.823,345.684,12.933,0.973357,-0.223777,0.049997,0.224430,0.974459,-0.007799,-0.046975,0.018812,0.998719,0,0.38652,-0.00807,23.191,-0.016,-1,400.000,-1,400.000,-1,300.000,325.000,350.000,325.000,-1,-1,-1,-1,800.000,775.000,-1,-1,2,0,2,0,2,0,0,0,0,2,2,2,2,0,0,2,2
67,2994.009,4696.081,344.407,12.919,0.973398,-0.223531,0.050310,0.224186,0.974516,-0.007706,-0.047306,0.018780,0.998704,0,0.46652,-0.00723,27.991,-0.014,-1,400.000,-1,400.000,-1,300.000,325.000,350.000,325.000,-1,-1,-1,-1,800.000,775.000,-1,-1,2,0,2,0,2,0,0,0,0,2,2,2,2,0,0,2,2
68,3025.869,4703.382,342.921,12.907,0.973426,-0.223322,0.050677,0.223979,0.974564,-0.007596,-0.047692,0.018745,0.998686,0,0.54478,-0.00614,32.687,-0.012,-1,400.000,-1,400.000,-1,300.000,300.000,350.000,325.000,-1,-1,-1,-1,800.000,750.000,-1,-1,2,0,2,0,2,0,0,0,0,2,2,2,2,0,0,2,2
69,3057.688,4710.668,341.441,12.897,0.973445,-0.223159,0.051044,0.223817,0.974602,-0.007485,-0.048077,0.018710,0.998668,0,0.54404,-0.00479,32.642,-0.010,-1,400.000,-1,375.000,-1,300.000,300.000,350.000,325.000,-1,-1,-1,-1,800.000,750.000,-1,-1,2,0,2,0,2,0,0,0,0,2,2,2,2,0,0,2,2
70,3089.469,4717.941,339.967,12.890,0.973451,-0.223045,0.051412,0.223704,0.974629,-0.007372,-0.048463,0.018677,0.998650,0,0.54337,-0.00335,32.602,-0.007,-1,400.000,-1,375.000,-1,300.000,300.000,350.000,325.000,-1,-1,-1,-1,800.000,750.000,-1,-1,2,0,2,0,2,0,0,0,0,2,2,2,2,0,0,2,2
71,3121.215,4725.204,338.500,12.887,0.973446,-0.222983,0.051780,0.223644,0.974644,-0.007257,-0.048849,0.018645,0.998632,0,0.54277,-0.00183,32.566,-0.004,-1,400.000,-1,375.000,-1,300.000,300.000,350.000,325.000,-1,-1,-1,-1,800.000,750.000,-1,-1,2,0,2,0,2,0,0,0,0,2,2,2,2,0,0,2,2
72,3152.931,4732.459,336.985,12.886,0.973440,-0.222977,0.051927,0.223626,0.974650,-0.006964,-0.049058,0.018392,0.998627,0,0.54225,-0.00021,32.535,-0.000,-1,400.000,-1,375.000,-1,300.000,300.000,350.000,325.000,-1,-1,-1,-1,800.000,750.000,-1,-1,2,0,2,0,2,0,0,0,0,2,2,2,2,0,0,2,2
73,3184.620,4739.711,335.447,12.889,0.973426,-0.223029,0.051962,0.223659,0.974645,-0.006579,-0.049177,0.018026,0.998627,0,0.54181,0.00148,32.509,0.003,-1,400.000,-1,375.000,-1,300.000,300.000,350.000,325.000,-1,-1,-1,-1,800.000,750.000,-1,-1,2,0,2,0,2,0,0,0,0,2,2,2,2,0,0,2,2
74,3216.288,4746.961,333.905,12.896,0.973399,-0.223141,0.051977,0.223755,0.974625,-0.006232,-0.049268,0.017697,0.998629,0,0.54146,0.00327,32.487,0.007,-1,400.000,-1,375.000,-1,300.000,300.000,350.000,325.000,-1,-1,-1,-1,800.000,750.000,-1,-1,2,0,2,0,2,0,0,0,0,2,2,2,2,0,0,2,2
75,3247.939,4754.214,332.328,12.906,0.973360,-0.223316,0.051956,0.223921,0.974589,-0.006044,-0.049286,0.017517,0.998631,0,0.54118,0.00513,32.471,0.010,-1,400.000,-1,375.000,-1,300.000,300.000,350.000,325.000,-1,-1,-1,-1,800.000,750.000,-1,-1,2,0,2,0,2,0,0,0,0,2,2,2,2,0,0,2,2
76,3279.577,4761.471,330.744,12.920,0.973303,-0.223558,0.051984,0.224155,0.974536,-0.005892,-0.049343,0.017387,0.998631,0,0.54099,0.00708,32.460,0.014,-1,400.000,-1,375.000,-1,300.000,300.000,350.000,325.000,-1,-1,-1,-1,800.000,750.000,-1,-1,2,0,2,0,2,0,0,0,0,2,2,2,2,0,0,2,2
77,3311.207,4768.738,329.164,12.938,0.973231,-0.223868,0.052012,0.224459,0.974467,-0.005737,-0.049399,0.017258,0.998630,0,0.54089,0.00910,32.454,0.018,-1,400.000,-1,375.000,-1,300.000,300.000,350.000,325.000,-1,-1,-1,-1,800.000,750.000,-1,-1,2,0,2,0,2,0,0,0,0,2,2,2,2,0,0,2,2
78,3342.833,4776.016,327.564,12.961,0.973146,-0.224250,0.051942,0.224828,0.974383,-0.005502,-0.049378,0.017032,0.998635,0,0.54088,0.01121,32.453,0.022,-1,400.000,-1,375.000,-1,300.000,300.000,350.000,325.000,-1,-1,-1,-1,800.000,750.000,-1,-1,2,0,2,0,2,0,0,0,0,2,2,2,2,0,0,2,2
79,3374.460,4783.311,325.936,12.987,0.973046,-0.224707,0.051842,0.225266,0.974284,-0.005134,-0.049355,0.016674,0.998642,0,0.54096,0.01339,32.457,0.027,-1,400.000,-1,375.000,-1,300.000,300.000,350.000,325.000,-1,-1,-1,-1,800.000,750.000,-1,-1,2,0,2,0,2,0,0,0,0,2,2,2,2,0,0,2,2
80,3406.093,4790.625,324.306,13.019,0.972928,-0.225240,0.051756,0.225779,0.974167,-0.004734,-0.049352,0.016291,0.998649,0,0.54112,0.01565,32.467,0.031,-1,400.000,-1,375.000,-1,300.000,300.000,350.000,325.000,-1,-1,-1,-1,800.000,750.000,-1,-1,2,0,2,0,2,0,0,0,0,2,2,2,2,0,0,2,2
81,3442.433,4798.888,322.432,12.810,0.973749,-0.221693,0.051618,0.222203,0.974991,-0.004293,-0.049376,0.015650,0.998658,0,0.62112,-0.10435,37.267,-0.209,-1,400.000,-1,375.000,-1,300.000,300.000,325.000,325.000,-1,-1,-1,-1,800.000,750.000,-1,-1,2,0,2,0,2,0,0,0,0,2,2,2,2,0,0,2,2
82,3483.525,4807.893,320.314,12.361,0.975466,-0.214054,0.051448,0.214529,0.976710,-0.003830,-0.049430,0.014773,0.998668,0,0.70112,-0.22435,42.067,-0.449,-1,400.000,-1,375.000,-1,300.000,300.000,325.000,325.000,-1,-1,-1,-1,800.000,775.000,-1,-1,2,0,2,0,2,0,0,0,0,2,2,2,2,0,0,2,2
83,3529.416,4817.408,317.955,11.714,0.977834,-0.203008,0.051268,0.203443,0.979081,-0.003363,-0.049513,0.013719,0.998679,0,0.78112,-0.32369,46.867,-0.647,-1,400.000,-1,375.000,-1,300.000,300.000,325.000,325.000,-1,-1,-1,-1,800.000,775.000,-1,-1,2,0,2,0,2,0,0,0,0,2,2,2,2,0,0,2,2
84,3577.418,4826.803,315.500,11.074,0.980051,-0.192058,0.051123,0.192456,0.981301,-0.002923,-0.049605,0.012704,0.998688,0,0.81522,-0.32009,48.913,-0.640,-1,400.000,-1,375.000,-1,300.000,300.000,325.000,325.000,-1,-1,-1,-1,800.000,775.000,-1,-1,2,0,2,0,2,0,0,0,0,2,2,2,2,0,0,2,2
85,3625.594,4835.681,313.048,10.441,0.982120,-0.181215,0.051013,0.181578,0.983373,-0.002530,-0.049706,0.011748,0.998695,0,0.81645,-0.31627,48.987,-0.633,-1,400.000,-1,375.000,-1,300.000,300.000,325.000,325.000,-1,-1,-1,-1,800.000,775.000,-1,-1,2,0,2,0,2,0,0,0,0,2,2,2,2,0,0,2,2
86,3673.942,4844.046,310.597,9.817,0.984043,-0.170484,0.050936,0.170815,0.985301,-0.002184,-0.049815,0.010850,0.998700,0,0.81777,-0.31237,49.066,-0.625,-1,400.000,-1,375.000,-1,300.000,300.000,325.000,325.000,-1,-1,-1,-1,800.000,775.000,-1,-1,2,0,2,0,2,0,0,0,0,2,2,2,2,0,0,2,2
87,3722.462,4851.905,308.147,9.200,0.985826,-0.159869,0.050892,0.160171,0.987088,-0.001886,-0.049933,0.010011,0.998702,0,0.81919,-0.30840,49.152,-0.617,-1,400.000,-1,400.000,-1,300.000,300.000,325.000,325.000,-1,-1,-1,-1,800.000,775.000,-1,-1,2,0,2,0,2,0,0,0,0,2,2,2,2,0,0,2,2
88,3771.152,4859.260,305.698,8.591,0.987471,-0.149375,0.050877,0.149650,0.988738,-0.001636,-0.050059,0.009229,0.998704,0,0.82071,-0.30434,49.242,-0.609,-1,400.000,-1,400.000,-1,300.000,300.000,325.000,325.000,-1,-1,-1,-1,800.000,800.000,-1,-1,2,0,2,0,2,0,0,0,0,2,2,2,2,0,0,2,2
89,3820.011,4866.119,303.248,7.991,0.988983,-0.139006,0.050890,0.139259,0.990255,-0.001434,-0.050194,0.008505,0.998703,0,0.82231,-0.30021,49.339,-0.600,-1,400.000,-1,400.000,-1,325.000,300.000,325.000,325.000,-1,-1,-1,-1,800.000,800.000,-1,-1,2,0,2,0,2,0,0,0,0,2,2,2,2,0,0,2,2
90,3869.041,4872.486,300.797,7.399,0.990366,-0.128767,0.050929,0.128999,0.991644,-0.001280,-0.050338,0.007838,0.998701,0,0.82401,-0.29601,49.441,-0.592,-1,400.000,-1,400.000,-1,325.000,300.000,325.000,325.000,-1,-1,-1,-1,800.000,800.000,-1,-1,2,0,2,0,2,0,0,0,0,2,2,2,2,0,0,2,2
91,3918.238,4878.365,298.318,6.815,0.991624,-0.118663,0.050999,0.118882,0.992908,-0.001277,-0.050486,0.007329,0.998698,0,0.82580,-0.29173,49.548,-0.583,-1,400.000,-1,400.000,-1,325.000,325.000,325.000,325.000,-1,-1,-1,-1,800.000,800.000,-1,-1,2,0,2,0,2,0,0,0,0,2,2,2,2,0,0,2,2
92,3967.605,4883.763,295.728,6.240,0.992751,-0.108697,0.051290,0.108923,0.994049,-0.001631,-0.050808,0.007206,0.998682,0,0.82768,-0.28738,49.661,-0.575,-1,400.000,-1,400.000,-1,325.000,325.000,325.000,325.000,-1,-1,-1,-1,800.000,825.000,-1,-1,2,0,2,0,2,0,0,0,0,2,2,2,2,0,0,2,2
93,4017.139,4888.685,292.995,5.674,0.993750,-0.098874,0.051811,0.099081,0.995078,-0.001443,-0.051414,0.006568,0.998656,0,0.82964,-0.28296,49.778,-0.566,-1,400.000,-1,400.000,-1,325.000,325.000,325.000,325.000,-1,-1,-1,-1,825.000,825.000,-1,-1,2,0,2,0,2,0,0,0,0,2,2,2,2,0,0,2,2
94,4066.795,4893.129,290.254,5.114,0.994642,-0.089137,0.052369,0.089327,0.996002,-0.001291,-0.052045,0.005963,0.998627,0,0.83090,-0.28019,49.854,-0.560,-1,400.000,-1,400.000,-1,325.000,325.000,325.000,325.000,-1,-1,-1,-1,825.000,825.000,-1,-1,2,0,2,0,2,0,0,0,0,2,2,2,2,0,0,2,2
95,4116.491,4897.087,287.515,4.554,0.995436,-0.079392,0.052947,0.079567,0.996829,-0.001198,-0.052684,0.005405,0.998597,0,0.83090,-0.28019,49.854,-0.560,-1,400.000,-1,400.000,-1,325.000,325.000,325.000,325.000,-1,-1,-1,-1,825.000,825.000,-1,-1,2,0,2,0,2,0,0,0,0,2,2,2,2,0,0,2,2
96,4166.224,4900.559,284.778,3.993,0.996134,-0.069639,0.053543,0.069801,0.997560,-0.001162,-0.053331,0.004895,0.998565,0,0.83090,-0.28019,49.854,-0.560,-1,400.000,-1,400.000,-1,325.000,300.000,325.000,325.000,-1,-1,-1,-1,825.000,825.000,-1,-1,2,0,2,0,2,0,0,0,0,2,2,2,2,0,0,2,2
97,4215.988,4903.544,282.041,3.433,0.996736,-0.059879,0.054154,0.060031,0.998196,-0.001186,-0.053985,0.004433,0.998532,0,0.83090,-0.28019,49.854,-0.560,-1,400.000,-1,400.000,-1,325.000,300.000,325.000,325.000,-1,-1,-1,-1,825.000,825.000,-1,-1,2,0,2,0,2,0,0,0,0,2,2,2,2,0,0,2,2
98,4265.779,4906.042,279.305,2.873,0.997240,-0.050113,0.054779,0.050258,0.998735,-0.001267,-0.054647,0.004017,0.998498,0,0.83090,-0.28019,49.854,-0.560,-1,400.000,-1,400.000,-1,325.000,300.000,325.000,325.000,-1,-1,-1,-1,825.000,825.000,-1,-1,2,0,2,0,2,0,0,0,0,2,2,2,2,0,0,2,2
99,4315.592,4908.054,276.570,2.312,0.997648,-0.040343,0.055417,0.040483,0.999179,-0.001408,-0.055314,0.003648,0.998462,0,0.83090,-0.28019,49.854,-0.560,-1,400.000,-1,400.000,-1,300.000,300.000,325.000,325.000,-1,-1,-1,-1,825.000,825.000,-1,-1,2,0,2,0,2,0,0,0,0,2,2,2,2,0,0,2,2
100,4365.423,4909.578,273.835,1.752,0.997959,-0.030569,0.056064,0.030707,0.999527,-0.001607,-0.055988,0.003325,0.998426,0,0.83090,-0.28019,49.854,-0.560,-1,400.000,-1,400.000,-1,325.000,325.000,325.000,325.000,-1,-1,-1,-1,825.000,850.000,-1,-1,2,0,2,0,2,0,0,0,0,2,2,2,2,0,0,2,2
101,4415.266,4910.614,271.100,1.191,0.998174,-0.020791,0.056719,0.020931,0.999779,-0.001864,-0.056668,0.003048,0.998388,0,0.83090,-0.28019,49.854,-0.560,-1,400.000,-1,400.000,-1,325.000,325.000,325.000,325.000,-1,-1,-1,-1,825.000,850.000,-1,-1,2,0,2,0,2,0,0,0,0,2,2,2,2,0,0,2,2
102,4465.117,4911.163,268.365,0.631,0.998292,-0.011012,0.057380,0.011156,0.999935,-0.002180,-0.057352,0.002816,0.998350,0,0.83090,-0.28019,49.854,-0.560,-1,400.000,-1,400.000,-1,325.000,325.000,325.000,325.000,-1,-1,-1,-1,825.000,850.000,-1,-1,2,0,2,0,2,0,0,0,0,2,2,2,2,0,0,2,2
103,4514.971,4911.225,265.629,0.071,0.998313,-0.001232,0.058045,0.001382,0.999996,-0.002554,-0.058042,0.002630,0.998311,0,0.83090,-0.28019,49.854,-0.560,-1,400.000,-1,400.000,-1,325.000,325.000,325.000,325.000,-1,-1,-1,-1,825.000,850.000,-1,-1,2,0,2,0,2,0,0,0,0,2,2,2,2,0,0,2,2
104,4565.039,4910.802,262.881,-0.484,0.998239,0.008444,0.058715,-0.008283,0.999961,-0.002987,-0.058738,0.002495,0.998270,0,0.83451,-0.27719,50.070,-0.554,-1,400.000,-1,400.000,-1,325.000,325.000,325.000,325.000,-1,-1,-1,-1,850.000,850.000,-1,-1,2,0,2,0,2,0,0,0,0,2,2,2,2,0,0,2,2
105,4615.338,4909.897,259.812,-1.031,0.998066,0.017992,0.059495,-0.017837,0.999836,-0.003138,-0.059542,0.002071,0.998224,0,0.83844,-0.27356,50.307,-0.547,-1,400.000,-1,400.000,-1,325.000,325.000,325.000,325.000,-1,-1,-1,-1,850.000,850.000,-1,-1,2,0,2,0,2,0,0,0,0,2,2,2,2,0,0,2,2
106,4665.849,4908.512,256.419,-1.570,0.997776,0.027405,0.060760,-0.027252,0.999623,-0.003340,-0.060828,0.001677,0.998147,0,0.84216,-0.26973,50.529,-0.539,-1,400.000,-1,400.000,-1,325.000,325.000,325.000,325.000,-1,-1,-1,-1,825.000,850.000,-1,-1,2,0,2,0,2,0,0,0,0,2,2,2,2,0,0,2,2
107,4716.552,4906.651,253.012,-2.102,0.997401,0.036675,0.062025,-0.036521,0.999326,-0.003606,-0.062116,0.001332,0.998068,0,0.84563,-0.26569,50.738,-0.531,-1,400.000,-1,400.000,-1,325.000,325.000,325.000,325.000,-1,-1,-1,-1,825.000,850.000,-1,-1,2,0,2,0,2,0,0,0,0,2,2,2,2,0,0,2,2
108,4767.429,4904.319,249.592,-2.625,0.996944,0.045793,0.063290,-0.045635,0.998950,-0.003934,-0.063404,0.001034,0.997987,0,0.84884,-0.26144,50.930,-0.523,-1,400.000,-1,400.000,-1,325.000,325.000,325.000,325.000,-1,-1,-1,-1,825.000,825.000,-1,-1,2,0,2,0,2,0,0,0,0,2,2,2,2,0,0,2,2
109,4818.459,4901.521,246.161,-3.139,0.996411,0.054753,0.064551,-0.054587,0.998500,-0.004322,-0.064691,0.000783,0.997905,0,0.85177,-0.25700,51.106,-0.514,-1,400.000,-1,400.000,-1,325.000,325.000,325.000,325.000,-1,-1,-1,-1,825.000,825.000,-1,-1,2,0,2,0,2,0,0,0,0,2,2,2,2,0,0,2,2
110,4869.621,4898.263,242.719,-3.643,0.995807,0.063547,0.065806,-0.063370,0.997979,-0.004767,-0.065976,0.000577,0.997821,0,0.85441,-0.25237,51.265,-0.505,-1,400.000,-1,400.000,-1,325.000,325.000,325.000,325.000,-1,-1,-1,-1,825.000,825.000,-1,-1,2,0,2,0,2,0,0,0,0,2,2,2,2,0,0,2,2
111,4920.891,4894.553,239.268,-4.139,0.995136,0.072168,0.067054,-0.071977,0.997392,-0.005266,-0.067259,0.000414,0.997735,0,0.85674,-0.24755,51.405,-0.495,-1,400.000,-1,400.000,-1,325.000,325.000,325.000,325.000,-1,-1,-1,-1,800.000,825.000,-1,-1,2,0,2,0,2,0,0,0,0,2,2,2,2,0,0,2,2
112,4972.249,4890.400,235.809,-4.624,0.994404,0.080610,0.068292,-0.080400,0.996746,-0.005817,-0.068538,0.000294,0.997648,0,0.85875,-0.24255,51.525,-0.485,-1,400.000,-1,400.000,-1,325.000,325.000,325.000,325.000,-1,-1,-1,-1,800.000,825.000,-1,-1,2,0,2,0,2,0,0,0,0,2,2,2,2,0,0,2,2
113,5018.805,4886.434,232.671,-4.869,0.993972,0.084873,0.069405,-0.084637,0.996392,-0.006340,-0.069693,0.000428,0.997568,0,0.77875,-0.12255,46.725,-0.245,-1,400.000,-1,400.000,-1,325.000,325.000,325.000,325.000,-1,-1,-1,-1,800.000,800.000,-1,-1,2,0,2,0,2,0,0,0,0,2,2,2,2,0,0,2,2
114,5063.397,4882.552,229.662,-4.975,0.993737,0.086720,0.070466,-0.086452,0.996232,-0.006845,-0.070794,0.000711,0.997491,0,0.74600,-0.05311,44.760,-0.106,-1,400.000,-1,400.000,-1,325.000,325.000,325.000,325.000,-1,-1,-1,-1,800.000,800.000,-1,-1,2,0,2,0,2,0,0,0,0,2,2,2,2,0,0,2,2
115,5108.051,4878.589,226.648,-5.072,0.993513,0.088412,0.071524,-0.088111,0.996084,-0.007355,-0.071894,0.001005,0.997412,0,0.74716,-0.04866,44.829,-0.097,-1,400.000,-1,400.000,-1,325.000,325.000,325.000,325.000,-1,-1,-1,-1,800.000,800.000,-1,-1,2,0,2,0,2,0,0,0,0,2,2,2,2,0,0,2,2
116,5152.755,4874.551,223.630,-5.160,0.993299,0.089946,0.072579,-0.089611,0.995946,-0.007867,-0.072992,0.001310,0.997332,0,0.74809,-0.04412,44.885,-0.088,-1,400.000,-1,400.000,-1,325.000,325.000,325.000,325.000,-1,-1,-1,-1,800.000,800.000,-1,-1,2,0,2,0,2,0,0,0,0,2,2,2,2,0,0,2,2
117,5197.495,4870.448,220.608,-5.239,0.993096,0.091319,0.073629,-0.090948,0.995820,-0.008380,-0.074087,0.001626,0.997250,0,0.74880,-0.03951,44.928,-0.079,-1,400.000,-1,400.000,-1,325.000,325.000,325.000,325.000,-1,-1,-1,-1,800.000,800.000,-1,-1,2,0,2,0,2,0,0,0,0,2,2,2,2,0,0,2,2
118,5242.259,4866.289,217.435,-5.309,0.992925,0.092529,0.074420,-0.092169,0.995709,-0.008269,-0.074865,0.001351,0.997193,0,0.74928,-0.03482,44.957,-0.070,-1,400.000,-1,400.000,-1,325.000,325.000,325.000,325.000,-1,-1,-1,-1,800.000,800.000,-1,-1,2,0,2,0,2,0,0,0,0,2,2,2,2,0,0,2,2
119,5287.033,4862.081,214.031,-5.369,0.992790,0.093575,0.074918,-0.093231,0.995612,-0.008081,-0.075345,0.001038,0.997157,0,0.74952,-0.03007,44.971,-0.060,-1,400.000,-1,400.000,-1,325.000,325.000,325.000,325.000,-1,-1,-1,-1,800.000,800.000,-1,-1,2,0,2,0,2,0,0,0,0,2,2,2,2,0,0,2,2
120,5331.804,4857.833,210.515,-5.420,0.992677,0.094453,0.075303,-0.094095,0.995529,-0.008298,-0.075750,0.001152,0.997126,0,0.74953,-0.02527,44.972,-0.051,-1,400.000,-1,400.000,-1,325.000,325.000,325.000,325.000,-1,-1,-1,-1,775.000,775.000,-1,-1,2,0,2,0,2,0,0,0,0,2,2,2,2,0,0,2,2
121,5376.559,4853.554,207.000,-5.461,0.992580,0.095163,0.075687,-0.094790,0.995461,-0.008508,-0.076153,0.001270,0.997095,0,0.74931,-0.02043,44.959,-0.041,-1,400.000,-1,400.000,-1,325.000,325.000,325.000,325.000,-1,-1,-1,-1,775.000,775.000,-1,-1,2,0,2,0,2,0,0,0,0,2,2,2,2,0,0,2,2
122,5421.284,4849.254,203.489,-5.492,0.992499,0.095703,0.076070,-0.095317,0.995409,-0.008710,-0.076554,0.001394,0.997064,0,0.74886,-0.01556,44.931,-0.031,-1,400.000,-1,400.000,-1,325.000,325.000,325.000,325.000,-1,-1,-1,-1,775.000,775.000,-1,-1,2,0,2,0,2,0,0,0,0,2,2,2,2,0,0,2,2
123,5465.967,4844.941,199.981,-5.513,0.992434,0.096074,0.076452,-0.095673,0.995373,-0.008902,-0.076953,0.001520,0.997034,0,0.74817,-0.01068,44.890,-0.021,-1,400.000,-1,400.000,-1,325.000,325.000,325.000,325.000,-1,-1,-1,-1,775.000,775.000,-1,-1,2,0,2,0,2,0,0,0,0,2,2,2,2,0,0,2,2
124,5510.594,4840.625,196.479,-5.525,0.992385,0.096276,0.076834,-0.095860,0.995353,-0.009085,-0.077351,0.001650,0.997003,0,0.74726,-0.00579,44.835,-0.012,-1,400.000,-1,400.000,-1,325.000,325.000,325.000,325.000,-1,-1,-1,-1,775.000,775.000,-1,-1,2,0,2,0,2,0,0,0,0,2,2,2,2,0,0,2,2
125,5555.153,4836.313,192.983,-5.527,0.992352,0.096307,0.077214,-0.095878,0.995350,-0.009256,-0.077747,0.001782,0.996972,0,0.74612,-0.00092,44.767,-0.002,-1,400.000,-1,400.000,-1,325.000,325.000,325.000,325.000,-1,-1,-1,-1,775.000,775.000,-1,-1,2,0,2,0,2,0,0,0,0,2,2,2,2,0,0,2,2
126,5599.633,4832.016,189.494,-5.519,0.992336,0.096171,0.077595,-0.095728,0.995363,-0.009417,-0.078141,0.001917,0.996940,0,0.74478,0.00392,44.687,0.008,-1,400.000,-1,400.000,-1,325.000,325.000,325.000,325.000,-1,-1,-1,-1,775.000,775.000,-1,-1,2,0,2,0,2,0,0,0,0,2,2,2,2,0,0,2,2
127,5644.021,4827.738,186.014,-5.505,0.992329,0.095933,0.077975,-0.095477,0.995386,-0.009565,-0.078533,0.002047,0.996909,0,0.74323,0.00684,44.594,0.014,-1,400.000,-1,400.000,-1,325.000,325.000,325.000,325.000,-1,-1,-1,-1,775.000,775.000,-1,-1,2,0,2,0,2,0,0,0,0,2,2,2,2,0,0,2,2
128,5688.306,4823.484,182.542,-5.487,0.992330,0.095618,0.078354,-0.095149,0.995416,-0.009701,-0.078922,0.002171,0.996878,0,0.74148,0.00907,44.489,0.018,-1,400.000,-1,400.000,-1,325.000,325.000,325.000,325.000,-1,-1,-1,-1,775.000,750.000,-1,-1,2,0,2,0,2,0,0,0,0,2,2,2,2,0,0,2,2
129,5732.477,4819.258,179.081,-5.465,0.992337,0.095232,0.078732,-0.094752,0.995452,-0.009824,-0.079309,0.002289,0.996847,0,0.73954,0.01110,44.372,0.022,-1,400.000,-1,400.000,-1,325.000,325.000,325.000,325.000,-1,-1,-1,-1,775.000,750.000,-1,-1,2,0,2,0,2,0,0,0,0,2,2,2,2,0,0,2,2
130,5776.523,4815.064,175.630,-5.439,0.992350,0.094783,0.079109,-0.094291,0.995495,-0.009935,-0.079694,0.002399,0.996816,0,0.73743,0.01294,44.246,0.026,-1,400.000,-1,400.000,-1,325.000,325.000,325.000,325.000,-1,-1,-1,-1,775.000,750.000,-1,-1,2,0,2,0,2,0,0,0,0,2,2,2,2,0,0,2,2
131,5815.809,4811.508,172.551,-5.173,0.992751,0.090162,0.079468,-0.089649,0.995923,-0.010016,-0.080048,0.002819,0.996787,0,0.65743,0.13294,39.446,0.266,-1,400.000,-1,400.000,-1,325.000,325.000,325.000,325.000,-1,-1,-1,-1,775.000,750.000,-1,-1,2,0,2,0,2,0,0,0,0,2,2,2,2,0,0,2,2
132,5850.340,4808.689,169.845,-4.667,0.993484,0.081366,0.079813,-0.080819,0.996678,-0.010062,-0.080366,0.003546,0.996759,0,0.57743,0.25294,34.646,0.506,-1,400.000,-1,400.000,-1,325.000,325.000,325.000,325.000,-1,-1,-1,-1,775.000,750.000,-1,-1,2,0,2,0,2,0,0,0,0,2,2,2,2,0,0,2,2
133,5880.116,4806.647,167.506,-3.921,0.994436,0.068384,0.080125,-0.067796,0.997649,-0.010044,-0.080624,0.004556,0.996734,0,0.49743,0.37294,29.846,0.746,-1,400.000,-1,400.000,-1,325.000,325.000,325.000,325.000,-1,-1,-1,-1,775.000,750.000,-1,-1,2,0,2,0,2,0,0,0,0,2,2,2,2,0,0,2,2
134,5905.129,4805.365,165.515,-2.935,0.995451,0.051208,0.080339,-0.050576,0.998671,-0.009889,-0.080738,0.005781,0.996719,0,0.41743,0.49294,25.046,0.986,-1,400.000,-1,400.000,-1,325.000,325.000,325.000,325.000,-1,-1,-1,-1,775.000,750.000,-1,-1,2,0,2,0,2,0,0,0,0,2,2,2,2,0,0,2,2
135,5925.366,4804.761,163.882,-1.709,0.996311,0.029831,0.080461,-0.029131,0.999527,-0.009853,-0.080717,0.007473,0.996709,0,0.33743,0.61294,20.246,1.226,-1,400.000,-1,400.000,-1,325.000,325.000,325.000,325.000,-1,-1,-1,-1,775.000,750.000,-1,-1,2,0,2,0,2,0,0,0,0,2,2,2,2,0,0,2,2
136,5940.812,4804.695,162.638,-0.244,0.996737,0.004252,0.080604,-0.003471,0.999946,-0.009826,-0.080641,0.009514,0.996698,0,0.25743,0.73294,15.446,1.466,-1,400.000,-1,400.000,-1,325.000,325.000,325.000,325.000,-1,-1,-1,-1,775.000,750.000,-1,-1,2,0,2,0,2,0,0,0,0,2,2,2,2,0,0,2,2
137,5951.455,4804.925,161.784,1.238,0.996499,-0.021605,0.080761,0.022470,0.999699,-0.009813,-0.080524,0.011593,0.996685,0,0.17743,0.74083,10.646,1.482,-1,400.000,-1,400.000,-1,325.000,325.000,325.000,300.000,-1,-1,-1,-1,775.000,750.000,-1,-1,2,0,2,0,2,0,0,0,0,2,2,2,2,0,0,2,2
138,5957.295,4805.203,161.321,2.720,0.995589,-0.047459,0.080929,0.048410,0.998779,-0.009826,-0.080364,0.013700,0.996671,0,0.09743,0.74120,5.846,1.482,-1,400.000,-1,375.000,-1,325.000,325.000,325.000,300.000,-1,-1,-1,-1,775.000,750.000,-1,-1,2,0,2,0,2,0,0,0,0,2,2,2,2,0,0,2,2
139,5958.338,4805.280,161.245,4.203,0.994007,-0.073287,0.081111,0.074327,0.997185,-0.009880,-0.080159,0.015850,0.996656,0,0.01743,0.74143,1.046,1.483,-1,400.000,-1,375.000,-1,325.000,325.000,325.000,300.000,-1,-1,-1,-1,775.000,750.000,-1,-1,2,0,2,0,2,0,0,0,0,2,2,2,2,0,0,2,2
140,5954.602,4804.908,161.554,5.686,0.991754,-0.099065,0.081308,0.100200,0.994917,-0.009989,-0.079906,0.018054,0.996639,0,-0.06257,0.74147,-3.754,1.483,-1,400.000,-1,375.000,-1,325.000,325.000,325.000,300.000,-1,-1,-1,-1,775.000,750.000,-1,-1,2,0,2,0,2,0,0,0,0,2,2,2,2,0,0,2,2
