timestep,x_cm,y_cm,z_cm,yaw_deg,basis_xx,basis_xy,basis_xz,basis_yx,basis_yy,basis_yz,basis_zx,basis_zy,basis_zz,teleport_flag,throttle_cmd,steering_cmd,cmd_move_cm,cmd_turn_deg,lidar_cm_0,lidar_cm_1,lidar_cm_2,lidar_cm_3,lidar_cm_4,lidar_cm_5,lidar_cm_6,lidar_cm_7,lidar_cm_8,lidar_cm_9,lidar_cm_10,lidar_cm_11,lidar_cm_12,lidar_cm_13,lidar_cm_14,lidar_cm_15,lidar_cm_16,lidar_class_0,lidar_class_1,lidar_class_2,lidar_class_3,lidar_class_4,lidar_class_5,lidar_class_6,lidar_class_7,lidar_class_8,lidar_class_9,lidar_class_10,lidar_class_11,lidar_class_12,lidar_class_13,lidar_class_14,lidar_class_15,lidar_class_16
0,-2745.895,4642.727,-125.836,-107.904,-0.294921,0.943752,-0.149514,-0.951162,-0.304889,-0.048306,-0.091174,0.127965,0.987579,1,0.08000,0.05836,4.800,0.117,750.000,450.000,-1,-1,-1,375.000,500.000,300.000,275.000,-1,-1,-1,925.000,850.000,-1,1000.000,-1,1,1,2,2,2,1,1,0,1,2,2,2,0,1,2,1,2
1,-2748.826,4633.585,-127.062,-107.792,-0.292490,0.944043,-0.152423,-0.951679,-0.302962,-0.050205,-0.093574,0.130373,0.987039,0,0.16000,0.05557,9.600,0.111,750.000,450.000,-1,-1,-1,375.000,500.000,300.000,275.000,-1,-1,-1,925.000,825.000,-1,975.000,-1,1,1,2,2,2,1,1,0,1,2,2,2,0,1,2,1,2
2,-2753.198,4619.864,-128.955,-107.690,-0.289854,0.944125,-0.156886,-0.952103,-0.301130,-0.053117,-0.097392,0.133975,0.986187,0,0.24000,0.05116,14.400,0.102,725.000,450.000,-1,-1,-1,375.000,500.000,300.000,275.000,-1,-1,-1,925.000,825.000,-1,950.000,-1,1,1,2,2,2,1,1,0,1,2,2,2,0,1,2,1,2
3,-2758.950,4601.545,-131.482,-107.447,-0.284536,0.944756,-0.162714,-0.953194,-0.296915,-0.057119,-0.102276,0.138846,0.985019,0,0.32000,0.12170,19.200,0.243,700.000,450.000,-1,1000.000,-1,375.000,475.000,300.000,275.000,-1,-1,-1,950.000,800.000,-1,925.000,-1,1,1,2,1,2,1,1,0,1,2,2,2,0,1,2,1,2
4,-2766.045,4578.616,-134.746,-107.211,-0.278894,0.945133,-0.170124,-0.954151,-0.292769,-0.062301,-0.108690,0.144948,0.983451,0,0.40000,0.11779,24.000,0.236,675.000,425.000,-1,975.000,-1,375.000,475.000,275.000,300.000,-1,-1,-1,950.000,775.000,-1,875.000,-1,1,1,2,1,2,1,1,0,1,2,2,2,0,1,2,1,2
5,-2774.450,4551.068,-138.808,-106.986,-0.272882,0.945218,-0.179158,-0.954938,-0.288726,-0.068785,-0.116744,0.152314,0.981413,0,0.48000,0.11270,28.800,0.225,625.000,425.000,-1,925.000,-1,375.000,475.000,275.000,300.000,-1,-1,-1,975.000,750.000,-1,825.000,-1,1,1,2,1,2,1,1,0,1,2,2,2,0,1,2,1,2
6,-8199.168,-8199.146,6.983,78.809,0.195873,-0.980096,-0.032343,0.979443,0.193908,0.055592,-0.048214,-0.042567,0.997930,1,0.00000,0.00000,33.600,0.212,-1,425.000,-1,425.000,-1,350.000,350.000,275.000,275.000,-1,-1,-1,-1,925.000,975.000,-1,-1,2,0,2,0,2,0,0,0,0,2,2,2,2,0,0,2,2
7,-8198.237,-8194.438,6.754,78.817,0.195749,-0.980125,-0.032195,0.979444,0.193771,0.056056,-0.048703,-0.042506,0.997908,0,0.08000,0.00400,4.800,0.008,-1,425.000,-1,425.000,-1,350.000,350.000,275.000,275.000,-1,-1,-1,-1,925.000,975.000,-1,-1,2,0,2,0,2,0,0,0,0,2,2,2,2,0,0,2,2
8,-8196.376,-8185.020,6.295,78.821,0.195696,-0.980146,-0.031902,0.979406,0.193693,0.056984,-0.049673,-0.042397,0.997865,0,0.16000,0.00231,9.600,0.005,-1,425.000,-1,425.000,-1,350.000,350.000,275.000,275.000,-1,-1,-1,-1,925.000,975.000,-1,-1,2,0,2,0,2,0,0,0,0,2,2,2,2,0,0,2,2
9,-8193.584,-8170.893,5.606,78.819,0.195771,-0.980145,-0.031464,0.979316,0.193732,0.058377,-0.051122,-0.042242,0.997799,0,0.24000,-0.00108,14.400,-0.002,-1,425.000,-1,425.000,-1,350.000,350.000,275.000,275.000,-1,-1,-1,-1,925.000,950.000,-1,-1,2,0,2,0,2,0,0,0,0,2,2,2,2,0,0,2,2
10,-8189.857,-8152.058,4.685,78.807,0.196032,-0.980111,-0.030884,0.979162,0.193944,0.060234,-0.053046,-0.042048,0.997706,0,0.32000,-0.00618,19.200,-0.012,-1,425.000,-1,425.000,-1,350.000,350.000,275.000,275.000,-1,-1,-1,-1,900.000,950.000,-1,-1,2,0,2,0,2,0,0,0,0,2,2,2,2,0,0,2,2
11,-8185.187,-8128.516,3.529,78.781,0.196538,-0.980032,-0.030163,0.978927,0.194391,0.062555,-0.055443,-0.041821,0.997586,0,0.40000,-0.01300,24.000,-0.026,-1,425.000,-1,425.000,-1,350.000,350.000,275.000,275.000,-1,-1,-1,-1,900.000,925.000,-1,-1,2,0,2,0,2,0,0,0,0,2,2,2,2,0,0,2,2
12,-8179.563,-8100.270,2.138,78.738,0.197346,-0.979896,-0.029303,0.978598,0.195130,0.065341,-0.058309,-0.041570,0.997433,0,0.48000,-0.02156,28.800,-0.043,-1,425.000,-1,425.000,-1,350.000,350.000,275.000,275.000,-1,-1,-1,-1,875.000,925.000,-1,-1,2,0,2,0,2,0,0,0,0,2,2,2,2,0,0,2,2
13,-8172.964,-8067.324,0.507,78.674,0.198515,-0.979689,-0.028306,0.978157,0.196223,0.068591,-0.061643,-0.041304,0.997243,0,0.56000,-0.03188,33.600,-0.064,-1,425.000,-1,425.000,-1,350.000,350.000,275.000,275.000,-1,-1,-1,-1,875.000,900.000,-1,-1,2,0,2,0,2,0,0,0,0,2,2,2,2,0,0,2,2
14,-8165.365,-8029.683,-1.366,78.586,0.200106,-0.979397,-0.027174,0.977586,0.197730,0.072303,-0.065441,-0.041033,0.997012,0,0.64000,-0.04400,38.400,-0.088,-1,425.000,-1,425.000,-1,350.000,350.000,275.000,275.000,-1,-1,-1,-1,850.000,875.000,-1,-1,2,0,2,0,2,0,0,0,0,2,2,2,2,0,0,2,2
15,-8156.638,-7987.373,-3.479,78.345,0.204323,-0.978562,-0.025870,0.976425,0.201855,0.076482,-0.069620,-0.040887,0.996735,0,0.72000,-0.12069,43.200,-0.241,-1,425.000,-1,400.000,-1,350.000,325.000,275.000,275.000,-1,-1,-1,-1,825.000,875.000,-1,-1,2,0,2,0,2,0,0,0,0,2,2,2,2,0,0,2,2
16,-8147.507,-7944.125,-5.650,78.077,0.208978,-0.977613,-0.024529,0.975125,0.206420,0.080754,-0.073883,-0.040794,0.996432,0,0.73667,-0.13369,44.200,-0.267,-1,425.000,-1,400.000,-1,325.000,325.000,300.000,275.000,-1,-1,-1,-1,825.000,850.000,-1,-1,2,0,2,0,2,0,0,0,0,2,2,2,2,0,0,2,2
17,-8138.078,-7900.567,-8.515,77.783,0.214236,-0.976430,-0.026211,0.973805,0.211412,0.083723,-0.076208,-0.043461,0.996144,0,0.74277,-0.14705,44.566,-0.294,-1,425.000,-1,400.000,-1,325.000,325.000,300.000,275.000,-1,-1,-1,-1,800.000,850.000,-1,-1,2,0,2,0,2,0,0,0,0,2,2,2,2,0,0,2,2
18,-8128.324,-7856.699,-11.497,77.462,0.219990,-0.975094,-0.028228,0.972331,0.216852,0.086881,-0.078595,-0.046560,0.995819,0,0.74898,-0.16059,44.939,-0.321,-1,400.000,-1,400.000,-1,325.000,325.000,275.000,300.000,-1,-1,-1,-1,775.000,850.000,-1,-1,2,0,2,0,2,0,0,0,0,2,2,2,2,0,0,2,2
19,-8118.219,-7812.522,-14.837,77.113,0.226103,-0.973662,-0.029335,0.970806,0.222759,0.088966,-0.080088,-0.048594,0.995603,0,0.75529,-0.17430,45.318,-0.349,-1,400.000,-1,400.000,-1,325.000,325.000,275.000,300.000,-1,-1,-1,-1,775.000,825.000,-1,-1,2,0,2,0,2,0,0,0,0,2,2,2,2,0,0,2,2
20,-8107.734,-7768.038,-18.697,76.737,0.232527,-0.972159,-0.028943,0.969224,0.229146,0.089985,-0.080848,-0.048976,0.995522,0,0.76171,-0.18818,45.703,-0.376,-1,400.000,-1,400.000,-1,325.000,325.000,275.000,300.000,-1,-1,-1,-1,750.000,800.000,-1,-1,2,0,2,0,2,0,0,0,0,2,2,2,2,0,0,2,2
21,-8096.941,-7723.585,-22.594,76.352,0.239082,-0.970581,-0.028491,0.967556,0.235663,0.091092,-0.081698,-0.049345,0.995435,0,0.76240,-0.19232,45.744,-0.385,-1,400.000,-1,400.000,-1,325.000,325.000,275.000,300.000,-1,-1,-1,-1,750.000,800.000,-1,-1,2,0,2,0,2,0,0,0,0,2,2,2,2,0,0,2,2
22,-8085.845,-7679.204,-26.505,75.963,0.245718,-0.968935,-0.028068,0.965818,0.242255,0.092244,-0.082579,-0.049775,0.995341,0,0.76245,-0.19490,45.747,-0.390,-1,400.000,-1,400.000,-1,325.000,325.000,275.000,300.000,-1,-1,-1,-1,725.000,775.000,-1,-1,2,0,2,0,2,0,0,0,0,2,2,2,2,0,0,2,2
23,-8074.445,-7634.904,-30.430,75.568,0.252428,-0.967220,-0.027677,0.964007,0.248916,0.093442,-0.083490,-0.050268,0.995240,0,0.76239,-0.19729,45.743,-0.395,-1,400.000,-1,400.000,-1,325.000,325.000,275.000,300.000,-1,-1,-1,-1,700.000,750.000,-1,-1,2,0,2,0,2,0,0,0,0,2,2,2,2,0,0,2,2
24,-8062.739,-7590.693,-34.369,75.169,0.259208,-0.965435,-0.027315,0.962124,0.255640,0.094688,-0.084432,-0.050825,0.995132,0,0.76223,-0.19957,45.734,-0.399,-1,400.000,-1,400.000,-1,325.000,325.000,275.000,300.000,-1,-1,-1,-1,700.000,750.000,-1,-1,2,0,2,0,2,0,0,0,0,2,2,2,2,0,0,2,2
25,-8050.726,-7546.580,-38.323,74.765,0.266054,-0.963580,-0.026985,0.960167,0.262424,0.095983,-0.085406,-0.051446,0.995017,0,0.76198,-0.20173,45.719,-0.403,975.000,400.000,-1,400.000,-1,325.000,325.000,275.000,300.000,-1,-1,-1,-1,675.000,725.000,-1,-1,0,0,2,0,2,0,0,0,0,2,2,2,2,0,0,2,2
26,-8038.405,-7502.575,-42.292,74.358,0.272961,-0.961655,-0.026684,0.958136,0.269262,0.097330,-0.086413,-0.052134,0.994894,0,0.76162,-0.20377,45.697,-0.408,950.000,375.000,-1,400.000,-1,325.000,325.000,275.000,300.000,-1,-1,-1,-1,675.000,725.000,-1,-1,0,0,2,0,2,0,0,0,0,2,2,2,2,0,0,2,2
27,-8025.776,-7458.685,-46.236,73.946,0.279907,-0.959667,-0.026294,0.956047,0.276151,0.098561,-0.087325,-0.052727,0.994784,0,0.76118,-0.20569,45.671,-0.411,900.000,375.000,-1,400.000,-1,325.000,325.000,275.000,300.000,-1,-1,-1,-1,650.000,700.000,-1,-1,0,0,2,0,2,0,0,0,0,2,2,2,2,0,0,2,2
28,-8012.838,-7414.918,-50.067,73.532,0.286849,-0.957635,-0.025554,0.953938,0.283092,0.099301,-0.087860,-0.052861,0.994729,0,0.76064,-0.20748,45.639,-0.415,875.000,375.000,-1,400.000,-1,325.000,325.000,275.000,300.000,-1,-1,-1,-1,625.000,675.000,1000.000,-1,0,0,2,0,2,0,0,0,0,2,2,2,2,0,0,0,2
29,-7999.592,-7371.282,-53.902,73.113,0.293833,-0.955534,-0.024824,0.951761,0.290073,0.100047,-0.088398,-0.053024,0.994673,0,0.76002,-0.20915,45.601,-0.418,850.000,375.000,-1,375.000,-1,300.000,325.000,275.000,300.000,-1,-1,-1,-1,625.000,675.000,950.000,-1,0,0,2,0,2,0,0,0,0,2,2,2,2,0,0,0,2
30,-7986.037,-7327.786,-57.744,72.692,0.300854,-0.953366,-0.024105,0.949514,0.297089,0.100800,-0.088938,-0.053215,0.994615,0,0.75933,-0.21069,45.560,-0.421,825.000,350.000,-1,375.000,-1,300.000,300.000,275.000,300.000,-1,-1,-1,-1,625.000,650.000,900.000,-1,0,0,2,0,2,0,0,0,0,2,2,2,2,0,0,0,2
31,-7972.176,-7284.434,-61.656,72.268,0.307924,-0.951115,-0.023714,0.947214,0.304132,0.101441,-0.089270,-0.053698,0.994559,0,0.75856,-0.21210,45.513,-0.424,800.000,350.000,-1,375.000,-1,300.000,300.000,275.000,300.000,-1,-1,-1,-1,600.000,650.000,850.000,-1,0,0,2,0,2,0,0,0,0,2,2,2,2,0,0,0,2
32,-7958.005,-7241.236,-65.107,71.841,0.314823,-0.948894,-0.022046,0.945065,0.311230,0.099940,-0.087971,-0.052299,0.994749,0,0.75772,-0.21338,45.463,-0.427,775.000,350.000,-1,375.000,-1,300.000,300.000,275.000,300.000,-1,-1,-1,-1,600.000,625.000,825.000,-1,0,0,2,0,2,0,0,0,0,2,2,2,2,0,0,0,2
33,-7943.529,-7198.197,-68.501,71.412,0.321724,-0.946617,-0.020256,0.942880,0.318354,0.098125,-0.086438,-0.050669,0.994968,0,0.75681,-0.21452,45.409,-0.429,775.000,350.000,-1,375.000,-1,300.000,300.000,275.000,300.000,-1,-1,-1,-1,600.000,625.000,825.000,-1,0,0,2,0,2,0,0,0,0,2,2,2,2,0,0,0,2
34,-7930.456,-7159.750,-71.571,71.223,0.324672,-0.945641,-0.018735,0.941978,0.321503,0.096508,-0.085239,-0.048982,0.995156,0,0.67681,-0.09452,40.609,-0.189,775.000,350.000,-1,375.000,-1,300.000,300.000,300.000,275.000,-1,-1,-1,-1,600.000,625.000,800.000,-1,0,0,2,0,2,0,0,0,0,2,2,2,2,0,0,0,2
35,-7918.098,-7123.300,-74.623,71.274,0.323631,-0.946029,-0.017091,0.942446,0.320696,0.094604,-0.084017,-0.046724,0.995368,0,0.64147,0.02548,38.488,0.051,775.000,350.000,-1,375.000,-1,300.000,300.000,300.000,275.000,-1,-1,-1,-1,600.000,625.000,800.000,-1,0,0,2,0,2,0,0,0,0,2,2,2,2,0,0,0,2
36,-7905.928,-7086.795,-77.245,71.565,0.318736,-0.947680,-0.017600,0.944325,0.315900,0.091963,-0.081591,-0.045932,0.995607,0,0.64135,0.14548,38.481,0.291,775.000,350.000,-1,375.000,-1,300.000,300.000,300.000,275.000,-1,-1,-1,-1,600.000,625.000,775.000,-1,0,0,2,0,2,0,0,0,0,2,2,2,2,0,0,0,2
37,-7894.108,-7050.210,-79.789,72.096,0.309874,-0.950594,-0.018664,0.947491,0.307113,0.089119,-0.078984,-0.045299,0.995846,0,0.64079,0.26548,38.447,0.531,775.000,350.000,-1,375.000,-1,300.000,300.000,300.000,300.000,-1,-1,-1,-1,600.000,625.000,775.000,-1,0,0,2,0,2,0,0,0,0,2,2,2,2,0,0,0,2
38,-7882.799,-7013.529,-82.364,72.867,0.296983,-0.954678,-0.019769,0.951814,0.294306,0.086218,-0.076492,-0.044422,0.996080,0,0.63976,0.38548,38.385,0.771,775.000,350.000,-1,375.000,-1,300.000,300.000,300.000,300.000,-1,-1,-1,-1,600.000,650.000,775.000,-1,0,0,2,0,2,0,0,0,0,2,2,2,2,0,0,0,2
39,-7872.030,-6976.783,-84.975,73.667,0.283541,-0.958734,-0.020799,0.956103,0.280957,0.083244,-0.073965,-0.043489,0.996312,0,0.63822,0.40008,38.293,0.800,775.000,350.000,-1,375.000,-1,300.000,300.000,300.000,300.000,-1,-1,-1,-1,575.000,650.000,775.000,-1,0,0,2,0,2,0,0,0,0,2,2,2,2,0,0,0,2
40,-7861.799,-6939.996,-87.577,74.459,0.270181,-0.962560,-0.021920,0.960169,0.267685,0.080122,-0.071255,-0.042695,0.996544,0,0.63640,0.39606,38.184,0.792,750.000,350.000,-1,375.000,-1,300.000,300.000,300.000,300.000,-1,-1,-1,-1,575.000,625.000,775.000,-1,0,0,2,0,2,0,0,0,0,2,2,2,2,0,0,0,2
41,-7852.105,-6903.190,-90.146,75.247,0.256820,-0.966190,-0.022794,0.964022,0.254427,0.076999,-0.068596,-0.041748,0.996771,0,0.63436,0.39415,38.062,0.788,750.000,375.000,-1,375.000,-1,300.000,300.000,300.000,300.000,-1,950.000,625.000,-1,575.000,625.000,775.000,-1,0,0,2,0,2,0,0,0,0,2,0,0,2,0,0,0,2
42,-7842.950,-6866.384,-92.664,76.032,0.243445,-0.969638,-0.023147,0.967654,0.241180,0.074009,-0.066179,-0.040416,0.996989,0,0.63213,0.39246,37.928,0.785,750.000,350.000,-1,375.000,-1,300.000,300.000,300.000,300.000,-1,625.000,400.000,-1,575.000,625.000,775.000,-1,0,0,2,0,2,0,0,0,0,2,0,0,2,0,0,0,2
43,-7834.330,-6829.598,-95.213,76.814,0.230071,-0.972893,-0.023390,0.971085,0.227937,0.070985,-0.063730,-0.039046,0.997203,0,0.62971,0.39099,37.783,0.782,750.000,350.000,-1,375.000,-1,300.000,325.000,275.000,300.000,-1,425.000,350.000,-1,575.000,625.000,775.000,-1,0,0,2,0,2,0,0,0,0,2,0,0,2,0,0,0,2
44,-7825.008,-6788.049,-98.124,77.356,0.220733,-0.975047,-0.023648,0.973446,0.218733,0.067518,-0.060661,-0.037924,0.997438,0,0.70971,0.27099,42.583,0.542,750.000,350.000,-1,375.000,-1,300.000,325.000,275.000,300.000,-1,375.000,300.000,-1,575.000,625.000,775.000,-1,0,0,2,0,2,0,0,0,0,2,0,0,2,0,0,0,2
45,-7814.880,-6741.762,-101.393,77.658,0.215462,-0.976218,-0.023958,0.974848,0.213598,0.063614,-0.056984,-0.037062,0.997687,0,0.78971,0.15099,47.383,0.302,750.000,350.000,-1,375.000,-1,300.000,300.000,275.000,300.000,-1,325.000,275.000,-1,575.000,625.000,775.000,-1,0,0,2,0,2,0,0,0,0,2,0,0,2,0,0,0,2
46,-7803.842,-6691.057,-104.998,77.720,0.214272,-0.976470,-0.024369,0.975349,0.212546,0.059309,-0.052733,-0.036476,0.997942,0,0.86488,0.03099,51.893,0.062,750.000,350.000,-1,375.000,-1,300.000,300.000,275.000,300.000,-1,275.000,250.000,-1,575.000,625.000,775.000,-1,0,0,2,0,2,0,0,0,0,2,0,0,2,0,0,0,2
47,-7792.681,-6640.540,-108.605,77.542,0.217180,-0.975814,-0.024902,0.974935,0.215581,0.055005,-0.048306,-0.036224,0.998175,0,0.86227,-0.08901,51.736,-0.178,750.000,350.000,-1,375.000,-1,300.000,300.000,275.000,300.000,-1,250.000,225.000,-1,575.000,600.000,775.000,-1,0,0,2,0,2,0,0,0,0,2,0,0,2,0,0,0,2
48,-7781.181,-6590.242,-111.360,77.124,0.224051,-0.974328,-0.022047,0.973553,0.222721,0.050901,-0.044684,-0.032868,0.998460,0,0.85993,-0.20901,51.596,-0.418,775.000,350.000,-1,350.000,-1,300.000,300.000,275.000,300.000,-1,275.000,225.000,-1,575.000,600.000,775.000,-1,0,0,2,0,2,0,0,0,0,2,0,0,2,0,0,0,2
49,-7769.133,-6540.200,-113.473,76.466,0.234888,-0.971869,-0.017242,0.971217,0.233935,0.044865,-0.039570,-0.027284,0.998844,0,0.85788,-0.32901,51.473,-0.658,850.000,350.000,-1,350.000,-1,300.000,300.000,300.000,275.000,-1,275.000,225.000,-1,575.000,600.000,825.000,-1,0,0,2,0,2,0,0,0,0,2,0,0,2,0,0,0,2
50,-7756.427,-6490.426,-115.153,75.682,0.247958,-0.968673,-0.013777,0.968118,0.247244,0.040216,-0.035550,-0.023310,0.999096,0,0.85616,-0.39226,51.370,-0.785,900.000,350.000,-1,350.000,-1,300.000,300.000,300.000,275.000,-1,300.000,250.000,-1,575.000,600.000,875.000,-1,0,0,2,0,2,0,0,0,0,2,0,0,2,0,0,0,2
51,-7743.066,-6440.921,-115.790,74.897,0.261118,-0.965199,-0.014447,0.964828,0.260488,0.035383,-0.030388,-0.023178,0.999269,0,0.85461,-0.39235,51.277,-0.785,925.000,350.000,-1,350.000,-1,300.000,300.000,300.000,275.000,-1,325.000,275.000,1000.000,600.000,625.000,925.000,-1,0,0,2,0,2,0,0,0,0,2,0,0,0,0,0,0,2
52,-7729.054,-6391.693,-116.348,74.112,0.274229,-0.961538,-0.015564,0.961339,0.273680,0.030453,-0.025022,-0.023313,0.999415,0,0.85307,-0.39229,51.184,-0.785,975.000,350.000,-1,350.000,-1,300.000,300.000,325.000,275.000,-1,350.000,300.000,975.000,600.000,650.000,1000.000,-1,0,0,2,0,2,0,0,0,0,2,0,0,0,0,0,0,2
53,-7714.395,-6342.748,-116.913,73.328,0.287277,-0.957701,-0.016759,0.957645,0.286813,0.025592,-0.019702,-0.023401,0.999532,0,0.85154,-0.39208,51.093,-0.784,-1,350.000,-1,375.000,-1,300.000,300.000,325.000,300.000,-1,350.000,300.000,950.000,625.000,650.000,-1,-1,2,0,2,0,2,0,0,0,0,2,0,0,0,0,0,2,2
54,-7699.096,-6294.095,-117.484,72.545,0.300254,-0.953689,-0.018028,0.953750,0.299880,0.020799,-0.014430,-0.023440,0.999621,0,0.85004,-0.39171,51.002,-0.783,-1,350.000,-1,375.000,-1,300.000,300.000,300.000,300.000,-1,375.000,325.000,950.000,625.000,675.000,-1,-1,2,0,2,0,2,0,0,0,0,2,0,0,0,0,0,2,2
55,-7683.162,-6245.739,-118.064,71.762,0.313152,-0.949506,-0.019366,0.949659,0.312874,0.016077,-0.009206,-0.023426,0.999683,0,0.84857,-0.39119,50.914,-0.782,-1,375.000,-1,375.000,-1,300.000,300.000,300.000,300.000,-1,375.000,325.000,925.000,650.000,675.000,-1,-1,2,0,2,0,2,0,0,0,0,2,0,0,0,0,0,2,2
56,-7666.598,-6197.685,-118.618,70.981,0.325966,-0.945151,-0.020861,0.945372,0.325787,0.011569,-0.004138,-0.023492,0.999715,0,0.84714,-0.39051,50.828,-0.781,-1,375.000,-1,375.000,-1,300.000,300.000,300.000,300.000,-1,325.000,275.000,925.000,650.000,700.000,-1,-1,2,0,2,0,2,0,0,0,0,2,0,0,0,0,0,2,2
57,-7649.410,-6149.939,-119.109,70.202,0.338692,-0.940626,-0.022589,0.940897,0.338611,0.007424,0.000666,-0.023768,0.999717,0,0.84576,-0.38969,50.746,-0.779,-1,375.000,-1,375.000,-1,300.000,325.000,300.000,300.000,-1,275.000,250.000,925.000,675.000,725.000,-1,-1,2,0,2,0,2,0,0,0,0,2,0,0,0,0,0,2,2
58,-7631.603,-6102.504,-119.609,69.424,0.351316,-0.935940,-0.024370,0.936241,0.351341,0.003372,0.005407,-0.024000,0.999697,0,0.84444,-0.38873,50.667,-0.777,-1,375.000,-1,400.000,-1,300.000,325.000,300.000,300.000,-1,250.000,225.000,925.000,675.000,725.000,-1,-1,2,0,2,0,2,0,0,0,0,2,0,0,0,0,0,2,2
59,-7613.184,-6055.385,-120.118,68.649,0.363831,-0.931096,-0.026198,0.931410,0.363971,-0.000589,0.010083,-0.024187,0.999657,0,0.84319,-0.38761,50.591,-0.775,-1,375.000,-1,400.000,-1,325.000,325.000,300.000,300.000,-1,250.000,225.000,925.000,700.000,750.000,-1,-1,2,0,2,0,2,0,0,0,0,2,0,0,0,0,0,2,2
60,-7594.157,-6008.584,-120.208,67.876,0.376293,-0.926138,-0.025935,0.926405,0.376509,-0.003827,0.013310,-0.022587,0.999656,0,0.84201,-0.38636,50.521,-0.773,-1,375.000,-1,400.000,-1,325.000,325.000,300.000,300.000,-1,250.000,225.000,900.000,700.000,750.000,-1,-1,2,0,2,0,2,0,0,0,0,2,0,0,0,0,0,2,2
61,-7574.528,-5962.104,-119.913,67.107,0.388698,-0.921058,-0.023798,0.921236,0.388946,-0.006672,0.015401,-0.019330,0.999695,0,0.84091,-0.38497,50.454,-0.770,-1,375.000,-1,400.000,-1,325.000,325.000,300.000,300.000,-1,275.000,250.000,900.000,700.000,775.000,-1,-1,2,0,2,0,2,0,0,0,0,2,0,0,0,0,0,2,2
62,-7554.304,-5915.947,-119.581,66.340,0.400997,-0.915826,-0.021542,0.915910,0.401264,-0.009759,0.017582,-0.015817,0.999720,0,0.83989,-0.38344,50.393,-0.767,-1,375.000,-1,400.000,-1,325.000,325.000,300.000,300.000,-1,300.000,275.000,900.000,725.000,775.000,-1,-1,2,0,2,0,2,0,0,0,0,2,0,0,0,0,0,2,2
63,-7533.490,-5870.114,-119.271,65.576,0.413185,-0.910442,-0.019309,0.910435,0.413453,-0.012828,0.019662,-0.012280,0.999731,0,0.83896,-0.38178,50.337,-0.764,-1,375.000,-1,400.000,-1,325.000,325.000,300.000,300.000,-1,325.000,275.000,900.000,725.000,775.000,-1,-1,2,0,2,0,2,0,0,0,0,2,0,0,0,0,0,2,2
64,-7512.091,-5824.607,-118.754,64.816,0.425250,-0.904905,-0.017571,0.904833,0.425506,-0.014911,0.020970,-0.009558,0.999734,0,0.83812,-0.37999,50.287,-0.760,-1,400.000,-1,400.000,-1,325.000,325.000,300.000,275.000,-1,375.000,325.000,900.000,725.000,775.000,-1,-1,2,0,2,0,2,0,0,0,0,2,0,0,0,0,0,2,2
65,-7490.113,-5779.426,-117.714,64.060,0.437175,-0.899217,-0.016926,0.899141,0.437414,-0.014644,0.020572,-0.008816,0.999750,0,0.83738,-0.37807,50.243,-0.756,-1,375.000,-1,400.000,-1,325.000,325.000,300.000,275.000,-1,425.000,375.000,950.000,725.000,775.000,-1,-1,2,0,2,0,2,0,0,0,0,2,0,0,0,0,0,2,2
66,-7467.562,-5734.572,-116.601,63.308,0.448949,-0.893402,-0.016697,0.893324,0.449180,-0.014492,0.020447,-0.008410,0.999756,0,0.83674,-0.37603,50.204,-0.752,-1,375.000,-1,400.000,-1,325.000,325.000,300.000,275.000,-1,500.000,425.000,975.000,725.000,775.000,-1,-1,2,0,2,0,2,0,0,0,0,2,0,0,0,0,0,2,2
67,-7444.442,-5690.045,-115.405,62.560,0.460567,-0.887465,-0.016863,0.887385,0.460801,-0.014493,0.020633,-0.008289,0.999753,0,0.83620,-0.37386,50.172,-0.748,-1,375.000,-1,400.000,-1,325.000,325.000,300.000,300.000,-1,550.000,500.000,-1,725.000,800.000,-1,-1,2,0,2,0,2,0,0,0,0,2,0,0,2,0,0,2,2
68,-7420.758,-5645.844,-114.206,61.817,0.472038,-0.881415,-0.016944,0.881330,0.472274,-0.014629,0.020897,-0.008027,0.999749,0,0.83577,-0.37158,50.146,-0.743,-1,375.000,-1,400.000,-1,325.000,325.000,300.000,300.000,-1,600.000,550.000,-1,725.000,800.000,-1,-1,2,0,2,0,2,0,0,0,0,2,0,0,2,0,0,2,2
69,-7396.516,-5601.969,-113.030,61.079,0.483357,-0.875258,-0.016991,0.875167,0.483594,-0.014792,0.021164,-0.007720,0.999746,0,0.83544,-0.36918,50.127,-0.738,-1,400.000,-1,400.000,-1,325.000,325.000,300.000,300.000,-1,675.000,600.000,-1,725.000,800.000,-1,-1,2,0,2,0,2,0,0,0,0,2,0,0,2,0,0,2,2
70,-7371.722,-5558.419,-111.877,60.345,0.494520,-0.869000,-0.017004,0.868902,0.494758,-0.014985,0.021435,-0.007364,0.999743,0,0.83522,-0.36666,50.113,-0.733,-1,400.000,-1,400.000,-1,325.000,325.000,300.000,300.000,-1,725.000,650.000,-1,725.000,800.000,-1,-1,2,0,2,0,2,0,0,0,0,2,0,0,2,0,0,2,2
71,-7346.379,-5515.193,-110.748,59.617,0.505524,-0.862645,-0.016983,0.862539,0.505761,-0.015214,0.021713,-0.006958,0.999740,0,0.83511,-0.36403,50.107,-0.728,-1,400.000,-1,400.000,-1,325.000,325.000,300.000,300.000,-1,775.000,700.000,-1,725.000,825.000,-1,-1,2,0,2,0,2,0,0,0,0,2,0,0,2,0,0,2,2
72,-7320.493,-5472.291,-109.643,58.895,0.516365,-0.856201,-0.016927,0.856086,0.516602,-0.015480,0.021999,-0.006498,0.999737,0,0.83511,-0.36129,50.107,-0.723,-1,400.000,-1,400.000,-1,325.000,325.000,300.000,300.000,-1,825.000,750.000,-1,750.000,825.000,-1,-1,2,0,2,0,2,0,0,0,0,2,0,0,2,0,0,2,2
73,-7294.069,-5429.710,-108.535,58.178,0.527045,-0.849674,-0.016686,0.849548,0.527276,-0.015772,0.022199,-0.005863,0.999736,0,0.83522,-0.35845,50.113,-0.717,-1,400.000,-1,400.000,-1,325.000,325.000,300.000,300.000,-1,900.000,825.000,-1,750.000,825.000,-1,-1,2,0,2,0,2,0,0,0,0,2,0,0,2,0,0,2,2
74,-7267.112,-5387.450,-107.405,57.467,0.537563,-0.843069,-0.016143,0.842930,0.537782,-0.016085,0.022242,-0.004961,0.999740,0,0.83544,-0.35550,50.126,-0.711,-1,400.000,-1,400.000,-1,325.000,325.000,300.000,300.000,-1,950.000,875.000,-1,750.000,825.000,-1,-1,2,0,2,0,2,0,0,0,0,2,0,0,2,0,0,2,2
75,-7238.319,-5343.120,-106.298,56.996,0.544494,-0.838624,-0.015387,0.838471,0.544697,-0.016464,0.022188,-0.003937,0.999746,0,0.88099,-0.23550,52.860,-0.471,-1,400.000,-1,400.000,-1,325.000,325.000,300.000,300.000,-1,-1,925.000,-1,750.000,825.000,-1,-1,2,0,2,0,2,0,0,0,0,2,2,0,2,0,0,2,2
76,-7209.339,-5298.893,-105.212,56.765,0.547892,-0.836424,-0.014445,0.836253,0.548076,-0.017165,0.022274,-0.002675,0.999748,0,0.88127,-0.11550,52.876,-0.231,-1,400.000,-1,400.000,-1,325.000,325.000,300.000,300.000,-1,-1,975.000,-1,750.000,825.000,-1,-1,2,0,2,0,2,0,0,0,0,2,2,0,2,0,0,2,2
77,-7180.270,-5254.704,-104.192,56.662,0.549419,-0.835440,-0.013368,0.835247,0.549580,-0.017980,0.022368,-0.001287,0.999749,0,0.88155,-0.05151,52.893,-0.103,-1,400.000,-1,400.000,-1,325.000,325.000,300.000,300.000,-1,-1,-1,-1,750.000,850.000,-1,-1,2,0,2,0,2,0,0,0,0,2,2,2,2,0,0,2,2
78,-7151.113,-5210.543,-103.246,56.566,0.550840,-0.834522,-0.012152,0.834309,0.550974,-0.018891,0.022460,0.000267,0.999748,0,0.88196,-0.04779,52.918,-0.096,-1,400.000,-1,400.000,-1,325.000,325.000,300.000,300.000,-1,-1,-1,-1,750.000,850.000,-1,-1,2,0,2,0,2,0,0,0,0,2,2,2,2,0,0,2,2
79,-7121.868,-5166.394,-102.311,56.478,0.552150,-0.833676,-0.010722,0.833445,0.552251,-0.019717,0.022359,0.001950,0.999748,0,0.88260,-0.04390,52.956,-0.088,-1,400.000,-1,400.000,-1,325.000,325.000,300.000,300.000,-1,-1,-1,-1,775.000,850.000,-1,-1,2,0,2,0,2,0,0,0,0,2,2,2,2,0,0,2,2
80,-7092.534,-5122.244,-101.219,56.399,0.553337,-0.832905,-0.009385,0.832678,0.553408,-0.019668,0.021575,0.003068,0.999763,0,0.88346,-0.03982,53.008,-0.080,-1,375.000,-1,400.000,-1,325.000,325.000,300.000,300.000,-1,-1,-1,-1,775.000,850.000,-1,-1,2,0,2,0,2,0,0,0,0,2,2,2,2,0,0,2,2
81,-7063.108,-5078.076,-100.176,56.328,0.554399,-0.832213,-0.007919,0.831993,0.554439,-0.019614,0.020713,0.004285,0.999776,0,0.88454,-0.03558,53.072,-0.071,-1,375.000,-1,400.000,-1,325.000,325.000,300.000,300.000,-1,-1,-1,-1,775.000,850.000,-1,-1,2,0,2,0,2,0,0,0,0,2,2,2,2,0,0,2,2
82,-7033.591,-5033.875,-99.108,56.265,0.555327,-0.831606,-0.006661,0.831392,0.555341,-0.019582,0.019983,0.005336,0.999786,0,0.88584,-0.03116,53.151,-0.062,-1,400.000,-1,400.000,-1,325.000,325.000,300.000,300.000,-1,-1,-1,-1,775.000,850.000,-1,-1,2,0,2,0,2,0,0,0,0,2,2,2,2,0,0,2,2
83,-7003.982,-4989.625,-97.986,56.212,0.556114,-0.831086,-0.005764,0.830878,0.556110,-0.019584,0.019481,0.006101,0.999792,0,0.88737,-0.02658,53.242,-0.053,-1,400.000,-1,400.000,-1,325.000,325.000,300.000,300.000,-1,-1,-1,-1,775.000,850.000,-1,-1,2,0,2,0,2,0,0,0,0,2,2,2,2,0,0,2,2
84,-6974.281,-4945.311,-96.887,56.168,0.556762,-0.830658,-0.004849,0.830455,0.556741,-0.019588,0.018970,0.006879,0.999796,0,0.88911,-0.02184,53.347,-0.044,-1,400.000,-1,400.000,-1,325.000,325.000,300.000,300.000,-1,-1,-1,-1,775.000,875.000,-1,-1,2,0,2,0,2,0,0,0,0,2,2,2,2,0,0,2,2
85,-6943.877,-4899.889,-95.787,56.203,0.556279,-0.830986,-0.003898,0.830791,0.556240,-0.019585,0.018443,0.007657,0.999801,0,0.91098,0.01714,54.659,0.034,-1,400.000,-1,400.000,-1,325.000,325.000,300.000,300.000,-1,-1,-1,-1,800.000,875.000,-1,-1,2,0,2,0,2,0,0,0,0,2,2,2,2,0,0,2,2
86,-6913.419,-4854.313,-94.710,56.246,0.555667,-0.831400,-0.002927,0.831212,0.555611,-0.019584,0.017908,0.008450,0.999804,0,0.91362,0.02158,54.817,0.043,-1,400.000,-1,400.000,-1,325.000,325.000,300.000,300.000,-1,-1,-1,-1,800.000,900.000,-1,-1,2,0,2,0,2,0,0,0,0,2,2,2,2,0,0,2,2
87,-6885.834,-4812.590,-93.790,56.529,0.551565,-0.834130,-0.001974,0.833947,0.551491,-0.019747,0.017561,0.009245,0.999803,0,0.83362,0.14158,50.017,0.283,-1,400.000,-1,400.000,-1,325.000,325.000,300.000,300.000,-1,-1,-1,-1,800.000,900.000,-1,-1,2,0,2,0,2,0,0,0,0,2,2,2,2,0,0,2,2
88,-6861.242,-4774.646,-92.968,57.052,0.543940,-0.839124,-0.000926,0.838947,0.543848,-0.019954,0.017248,0.010077,0.999800,0,0.75362,0.26158,45.217,0.523,-1,400.000,-1,400.000,-1,325.000,325.000,300.000,300.000,-1,-1,-1,-1,800.000,900.000,-1,-1,2,0,2,0,2,0,0,0,0,2,2,2,2,0,0,2,2
89,-6839.714,-4740.439,-92.253,57.815,0.532729,-0.846286,0.000100,0.846115,0.532619,-0.020182,0.017026,0.010836,0.999796,0,0.67362,0.38158,40.417,0.763,-1,400.000,-1,400.000,-1,325.000,325.000,300.000,300.000,-1,-1,-1,-1,800.000,900.000,-1,-1,2,0,2,0,2,0,0,0,0,2,2,2,2,0,0,2,2
90,-6821.273,-4709.968,-91.665,58.818,0.517842,-0.855476,0.000999,0.855310,0.517717,-0.020330,0.016875,0.011382,0.999793,0,0.59362,0.50158,35.617,1.003,-1,400.000,-1,400.000,-1,325.000,325.000,300.000,300.000,-1,-1,-1,-1,800.000,900.000,-1,-1,2,0,2,0,2,0,0,0,0,2,2,2,2,0,0,2,2
91,-6805.894,-4683.263,-91.195,60.062,0.499168,-0.866504,0.001759,0.866343,0.499034,-0.020383,0.016784,0.011698,0.999791,0,0.51362,0.62158,30.817,1.243,-1,400.000,-1,400.000,-1,325.000,325.000,300.000,300.000,-1,-1,-1,-1,825.000,900.000,-1,-1,2,0,2,0,2,0,0,0,0,2,2,2,2,0,0,2,2
92,-6793.497,-4660.389,-90.836,61.545,0.476578,-0.879129,0.002365,0.878973,0.476438,-0.020319,0.016736,0.011763,0.999791,0,0.43362,0.74158,26.017,1.483,-1,400.000,-1,400.000,-1,325.000,325.000,300.000,300.000,-1,-1,-1,-1,825.000,900.000,-1,-1,2,0,2,0,2,0,0,0,0,2,2,2,2,0,0,2,2
93,-6783.954,-4641.440,-90.540,63.268,0.449931,-0.893059,0.002894,0.892904,0.449787,-0.020333,0.016857,0.011732,0.999789,0,0.35362,0.86158,21.217,1.723,-1,400.000,-1,400.000,-1,325.000,325.000,300.000,300.000,-1,-1,-1,-1,850.000,900.000,-1,-1,2,0,2,0,2,0,0,0,0,2,2,2,2,0,0,2,2
94,-6777.047,-4626.547,-90.299,65.119,0.420846,-0.907126,0.003357,0.906970,0.420699,-0.020430,0.017120,0.011643,0.999786,0,0.27362,0.92577,16.417,1.852,-1,400.000,-1,400.000,-1,325.000,325.000,300.000,300.000,-1,-1,-1,-1,850.000,900.000,-1,-1,2,0,2,0,2,0,0,0,0,2,2,2,2,0,0,2,2
95,-6772.502,-4615.856,-90.147,66.971,0.391318,-0.920248,0.003665,0.920092,0.391170,-0.020429,0.017366,0.011367,0.999785,0,0.19362,0.92581,11.617,1.852,-1,400.000,-1,400.000,-1,325.000,325.000,300.000,300.000,-1,-1,-1,-1,850.000,900.000,-1,-1,2,0,2,0,2,0,0,0,0,2,2,2,2,0,0,2,2
96,-6770.039,-4609.499,-90.070,68.822,0.361393,-0.932406,0.003838,0.932247,0.361247,-0.020380,0.017616,0.010943,0.999785,0,0.11362,0.92537,6.817,1.851,-1,400.000,-1,400.000,-1,325.000,325.000,300.000,300.000,-1,-1,-1,-1,850.000,875.000,-1,-1,2,0,2,0,2,0,0,0,0,2,2,2,2,0,0,2,2
97,-6769.372,-4607.596,-90.057,70.671,0.331119,-0.943581,0.003897,0.943419,0.330978,-0.020326,0.017890,0.010407,0.999786,0,0.03362,0.92444,2.017,1.849,-1,400.000,-1,400.000,-1,325.000,325.000,300.000,300.000,-1,-1,-1,-1,850.000,875.000,-1,-1,2,0,2,0,2,0,0,0,0,2,2,2,2,0,0,2,2
98,-6770.208,-4610.251,-90.107,72.517,0.300545,-0.953760,0.003844,0.953594,0.300412,-0.020265,0.018173,0.009756,0.999787,0,-0.04638,0.92304,-2.783,1.846,-1,400.000,-1,400.000,-1,325.000,325.000,300.000,300.000,-1,-1,-1,-1,825.000,875.000,-1,-1,2,0,2,0,2,0,0,0,0,2,2,2,2,0,0,2,2
99,-6772.252,-4617.553,-90.221,74.359,0.269719,-0.962932,0.003681,0.962762,0.269594,-0.020194,0.018453,0.008991,0.999789,0,-0.12638,0.92120,-7.583,1.842,-1,400.000,-1,400.000,-1,325.000,325.000,300.000,300.000,-1,-1,-1,-1,825.000,850.000,-1,-1,2,0,2,0,2,0,0,0,0,2,2,2,2,0,0,2,2
100,-6774.961,-4628.581,-90.386,76.197,0.238688,-0.971090,0.003435,0.970916,0.238574,-0.020116,0.018715,0.008137,0.999792,0,-0.18927,0.91896,-11.356,1.838,-1,400.000,-1,400.000,-1,325.000,325.000,300.000,300.000,-1,-1,-1,-1,800.000,850.000,-1,-1,2,0,2,0,2,0,0,0,0,2,2,2,2,0,0,2,2
101,-6777.314,-4639.680,-90.554,78.030,0.207497,-0.978231,0.003183,0.978052,0.207394,-0.020029,0.018933,0.007269,0.999794,0,-0.18909,0.91644,-11.346,1.833,-1,400.000,-1,400.000,-1,325.000,325.000,300.000,300.000,-1,-1,975.000,-1,800.000,850.000,-1,-1,2,0,2,0,2,0,0,0,0,2,2,0,2,1,0,2,2
102,-6779.311,-4650.846,-90.754,79.858,0.176174,-0.984355,0.002825,0.984175,0.176085,-0.019822,0.019014,0.006273,0.999800,0,-0.18905,0.91400,-11.343,1.828,-1,400.000,-1,400.000,-1,325.000,325.000,300.000,300.000,-1,-1,900.000,-1,775.000,825.000,-1,-1,2,0,2,0,2,0,0,0,0,2,2,0,2,1,0,2,2
103,-6780.953,-4662.074,-90.928,81.681,0.144755,-0.989464,0.002585,0.989285,0.144678,-0.019562,0.018982,0.005389,0.999805,0,-0.18913,0.91163,-11.348,1.823,-1,400.000,-1,400.000,-1,325.000,325.000,325.000,300.000,-1,-1,850.000,-1,775.000,825.000,-1,-1,2,0,2,0,2,0,0,0,0,2,2,0,2,1,0,2,2
104,-6781.721,-4668.577,-91.028,83.265,0.117353,-0.993087,0.002459,0.992909,0.117284,-0.019395,0.018973,0.004718,0.999809,0,-0.10913,0.79163,-6.548,1.583,-1,400.000,-1,400.000,-1,325.000,325.000,325.000,300.000,-1,1000.000,800.000,-1,775.000,825.000,-1,-1,2,0,2,0,2,0,0,0,0,2,0,0,2,1,0,2,2
105,-6781.885,-4670.317,-91.057,84.608,0.094036,-0.995566,0.002446,0.995387,0.093972,-0.019324,0.019008,0.004252,0.999810,0,-0.02913,0.67163,-1.748,1.343,-1,400.000,-1,400.000,-1,325.000,325.000,325.000,300.000,-1,950.000,775.000,-1,775.000,825.000,-1,-1,2,0,2,0,2,0,0,0,0,2,0,0,2,1,0,2,2
106,-6781.657,-4667.274,-91.015,85.711,0.074848,-0.997192,0.002546,0.997012,0.074785,-0.019346,0.019101,0.003986,0.999810,0,0.05087,0.55163,3.052,1.103,-1,400.000,-1,400.000,-1,325.000,325.000,325.000,325.000,-1,925.000,750.000,-1,775.000,825.000,-1,-1,2,0,2,0,2,0,0,0,0,2,0,0,2,1,0,2,2
107,-6781.188,-4659.435,-90.904,86.574,0.059818,-0.998206,0.002759,0.998023,0.059753,-0.019461,0.019261,0.003918,0.999807,0,0.13087,0.43163,7.852,0.863,-1,400.000,-1,400.000,-1,325.000,325.000,325.000,300.000,-1,900.000,725.000,-1,775.000,825.000,-1,-1,2,0,2,0,2,0,0,0,0,2,0,0,2,1,0,2,2
108,-6780.569,-4646.798,-90.723,87.198,0.048961,-0.998796,0.003086,0.998610,0.048891,-0.019668,0.019493,0.004045,0.999802,0,0.21087,0.31163,12.652,0.623,-1,400.000,-1,400.000,-1,325.000,325.000,325.000,300.000,-1,875.000,725.000,-1,775.000,825.000,-1,-1,2,0,2,0,2,0,0,0,0,2,0,0,2,1,0,2,2
109,-6779.833,-4629.362,-90.473,87.581,0.042287,-0.999099,0.003525,0.998909,0.042209,-0.019966,0.019800,0.004365,0.999794,0,0.29087,0.19163,17.452,0.383,-1,400.000,-1,400.000,-1,325.000,325.000,325.000,300.000,-1,875.000,725.000,-1,775.000,850.000,-1,-1,2,0,2,0,2,0,0,0,0,2,0,0,2,1,0,2,2
110,-6778.949,-4607.127,-90.150,87.724,0.039801,-0.999199,0.004090,0.999004,0.039710,-0.020343,0.020164,0.004896,0.999785,0,0.37087,0.07163,22.252,0.143,-1,400.000,-1,400.000,-1,325.000,325.000,325.000,300.000,-1,875.000,725.000,-1,775.000,850.000,-1,-1,2,0,2,0,2,0,0,0,0,2,0,0,2,1,0,2,2
111,-6777.899,-4580.095,-89.719,87.776,0.038908,-0.999232,0.004577,0.999038,0.038807,-0.020439,0.020246,0.005367,0.999781,0,0.45087,0.02589,27.052,0.052,-1,400.000,-1,400.000,-1,325.000,325.000,325.000,300.000,-1,900.000,750.000,-1,775.000,875.000,-1,-1,2,0,2,0,2,0,0,0,0,2,0,0,2,1,0,2,2
112,-6776.694,-4548.266,-89.198,87.831,0.037947,-0.999267,0.004959,0.999083,0.037840,-0.020039,0.019837,0.005715,0.999787,0,0.53087,0.02771,31.852,0.055,1000.000,400.000,-1,400.000,-1,325.000,325.000,325.000,300.000,-1,950.000,775.000,-1,750.000,875.000,-1,-1,1,0,2,0,2,0,0,0,0,2,0,0,2,1,0,2,2
113,-6775.345,-4511.638,-88.602,87.891,0.036909,-0.999304,0.005408,0.999131,0.036797,-0.019572,0.019359,0.006126,0.999794,0,0.61087,0.02991,36.652,0.060,975.000,400.000,-1,400.000,-1,325.000,325.000,325.000,300.000,-1,1000.000,825.000,-1,750.000,900.000,-1,-1,1,0,2,0,2,0,0,0,0,2,0,0,2,1,0,2,2
114,-6773.867,-4470.213,-87.929,87.956,0.035781,-0.999342,0.005913,0.999182,0.035662,-0.019043,0.018820,0.006589,0.999801,0,0.69087,0.03252,41.452,0.065,925.000,400.000,-1,400.000,-1,325.000,325.000,325.000,300.000,-1,-1,875.000,-1,750.000,925.000,1000.000,-1,1,0,2,0,2,0,0,0,0,2,2,0,2,1,0,1,2
115,-6772.275,-4423.988,-87.179,88.027,0.034545,-0.999382,0.006472,0.999237,0.034421,-0.018455,0.018220,0.007105,0.999809,0,0.77087,0.03559,46.252,0.071,900.000,400.000,-1,400.000,-1,325.000,325.000,325.000,300.000,-1,-1,950.000,-1,725.000,925.000,975.000,-1,1,0,2,0,2,0,0,0,0,2,2,0,2,1,0,1,2
116,-6770.588,-4372.964,-86.353,88.106,0.033185,-0.999424,0.007086,0.999295,0.033055,-0.017805,0.017561,0.007672,0.999816,0,0.85087,0.03915,51.052,0.078,850.000,400.000,-1,400.000,-1,325.000,325.000,300.000,300.000,-1,-1,-1,-1,725.000,950.000,925.000,-1,1,0,2,0,2,0,0,0,0,2,2,2,2,1,0,1,2
117,-6768.826,-4317.139,-85.451,88.192,0.031681,-0.999468,0.007754,0.999356,0.031545,-0.017096,0.016842,0.008290,0.999824,0,0.93087,0.04327,55.852,0.087,800.000,400.000,-1,400.000,-1,325.000,325.000,300.000,300.000,-1,-1,-1,-1,725.000,975.000,900.000,-1,1,0,2,0,2,0,0,0,0,2,2,2,2,1,0,1,2
118,-6767.086,-4258.910,-84.512,88.288,0.030011,-0.999514,0.008444,0.999420,0.029870,-0.016356,0.016096,0.008930,0.999831,0,0.97091,0.04801,58.255,0.096,750.000,400.000,-1,400.000,-1,325.000,325.000,300.000,300.000,-1,-1,-1,-1,700.000,1000.000,850.000,-1,1,1,2,0,2,0,0,0,0,2,2,2,2,1,0,1,2
119,-6765.446,-4200.397,-83.570,88.395,0.028157,-0.999562,0.009132,0.999486,0.028013,-0.015613,0.015350,0.009567,0.999836,0,0.97560,0.05323,58.536,0.106,700.000,400.000,-1,425.000,-1,325.000,325.000,325.000,300.000,-1,-1,-1,-1,700.000,-1,800.000,-1,1,1,2,0,2,0,0,0,0,2,2,2,2,1,2,1,2
120,-6763.919,-4141.615,-82.625,88.512,0.026109,-0.999611,0.009817,0.999552,0.025962,-0.014867,0.014606,0.010201,0.999841,0,0.98004,0.05878,58.802,0.118,650.000,400.000,-1,425.000,-1,325.000,325.000,325.000,300.000,-1,-1,-1,-1,700.000,-1,750.000,-1,1,1,2,0,2,0,0,0,0,2,2,2,2,1,2,1,2
121,-6762.520,-4082.580,-81.677,88.642,0.023854,-0.999660,0.010497,0.999619,0.023705,-0.014118,0.013864,0.010830,0.999845,0,0.98419,0.06468,59.051,0.129,600.000,400.000,-1,425.000,-1,325.000,350.000,325.000,300.000,-1,-1,-1,-1,675.000,-1,725.000,-1,1,1,2,0,2,0,0,0,0,2,2,2,2,1,2,1,2
122,-6761.261,-4023.313,-80.725,88.784,0.021378,-0.999709,0.011171,0.999685,0.021228,-0.013367,0.013126,0.011454,0.999848,0,0.98800,0.07096,59.280,0.142,550.000,400.000,-1,450.000,-1,350.000,350.000,325.000,300.000,-1,-1,-1,-1,675.000,-1,675.000,-1,1,1,2,0,2,0,0,0,0,2,2,2,2,1,2,1,2
123,-6760.160,-3963.837,-79.771,88.939,0.018668,-0.999756,0.011839,0.999749,0.018518,-0.012614,0.012391,0.012072,0.999850,0,0.99144,0.07765,59.486,0.155,525.000,400.000,-1,450.000,-1,350.000,350.000,325.000,300.000,-1,-1,-1,-1,675.000,-1,625.000,-1,1,1,2,0,2,0,0,0,0,2,2,2,2,1,2,1,2
124,-6759.232,-3904.177,-79.185,89.108,0.015726,-0.999775,0.014242,0.999809,0.015559,-0.011787,0.011562,0.014424,0.999829,0,0.99445,0.08478,59.667,0.170,475.000,400.000,-1,450.000,-1,350.000,375.000,325.000,300.000,-1,-1,-1,-1,650.000,-1,600.000,-1,1,1,2,0,2,0,0,0,0,2,2,2,2,1,2,1,2
125,-6758.495,-3844.364,-79.073,89.293,0.012524,-0.999740,0.019066,0.999873,0.012334,-0.010068,0.009831,0.019190,0.999768,0,0.99696,0.09239,59.817,0.185,450.000,400.000,-1,475.000,-1,375.000,375.000,325.000,300.000,-1,-1,-1,-1,625.000,-1,550.000,-1,1,1,2,0,2,0,0,0,0,2,2,2,2,1,2,1,2
126,-6757.967,-3784.432,-78.950,89.494,0.009023,-0.999673,0.023925,0.999926,0.008825,-0.008348,0.008134,0.023999,0.999679,0,0.99891,0.10050,59.935,0.201,400.000,400.000,-1,475.000,-1,375.000,375.000,325.000,300.000,-1,-1,-1,-1,600.000,-1,525.000,-1,1,1,2,0,2,0,0,0,0,2,2,2,2,1,2,1,2
127,-6757.667,-3724.433,-78.809,89.713,0.005205,-0.999570,0.028842,0.999965,0.005016,-0.006647,0.006499,0.028876,0.999562,0,1.00000,0.10915,60.000,0.218,375.000,400.000,-1,475.000,-1,375.000,375.000,325.000,275.000,-1,-1,-1,-1,575.000,-1,475.000,-1,1,1,2,0,2,0,0,0,0,2,2,2,2,1,2,1,2
128,-6757.616,-3664.433,-78.641,89.949,0.001054,-0.999427,0.033844,0.999987,0.000885,-0.004988,0.004955,0.033849,0.999415,0,1.00000,0.11837,60.000,0.237,350.000,400.000,-1,475.000,-1,375.000,375.000,350.000,275.000,-1,-1,-1,-1,525.000,-1,450.000,-1,1,1,2,1,2,0,0,0,0,2,2,2,2,1,2,1,2
129,-6757.834,-3604.433,-78.437,90.206,-0.003451,-0.999235,0.038966,0.999988,-0.003586,-0.003394,0.003531,0.038954,0.999235,0,1.00000,0.12819,60.000,0.256,325.000,400.000,950.000,450.000,-1,375.000,375.000,325.000,275.000,-1,-1,-1,-1,500.000,-1,425.000,-1,1,1,1,1,2,1,1,1,0,2,2,2,2,1,2,1,2
130,-6758.513,-3549.238,-78.150,90.702,-0.012137,-0.998953,0.044114,0.999923,-0.012240,-0.002052,0.002590,0.044086,0.999024,0,0.92000,0.24819,55.200,0.496,300.000,375.000,875.000,425.000,-1,350.000,350.000,300.000,275.000,-1,-1,-1,-1,475.000,850.000,375.000,-1,1,1,1,1,2,1,1,1,0,2,2,2,2,1,1,1,2
131,-6759.781,-3498.854,-77.742,91.438,-0.024990,-0.998466,0.049415,0.999685,-0.025071,-0.001011,0.002249,0.049374,0.998778,0,0.84000,0.36819,50.400,0.736,275.000,350.000,800.000,400.000,-1,325.000,350.000,300.000,275.000,-1,-1,-1,-1,450.000,750.000,350.000,-1,1,1,1,1,2,1,1,1,0,2,2,2,2,1,1,1,2
132,-6761.817,-3450.655,-77.169,92.415,-0.041991,-0.997591,0.055224,0.999115,-0.042069,-0.000232,0.002555,0.055166,0.998474,0,0.80403,0.48819,48.242,0.976,250.000,325.000,725.000,375.000,-1,325.000,325.000,275.000,275.000,-1,-1,-1,-1,400.000,675.000,300.000,-1,1,1,1,1,2,1,1,1,0,2,2,2,2,1,1,1,2
133,-6764.873,-3402.576,-76.377,93.631,-0.063110,-0.996086,0.061893,0.998000,-0.063211,0.000314,0.003599,0.061789,0.998083,0,0.80294,0.60819,48.176,1.216,225.000,300.000,675.000,375.000,-1,300.000,300.000,275.000,275.000,-1,-1,-1,-1,375.000,600.000,275.000,-1,1,1,1,1,2,1,1,1,0,2,2,2,2,1,1,1,2
134,-6769.052,-3354.644,-75.361,94.974,-0.086338,-0.993844,0.069420,0.996251,-0.086502,0.000644,0.005365,0.069215,0.997587,0,0.80191,0.67163,48.115,1.343,225.000,275.000,600.000,350.000,-1,275.000,275.000,275.000,275.000,-1,-1,-1,-1,350.000,550.000,250.000,-1,1,1,1,1,2,1,1,1,0,2,2,2,2,1,1,1,2
135,-6774.359,-3306.897,-74.274,96.332,-0.109653,-0.990881,0.078303,0.993936,-0.109958,0.000418,0.008196,0.077874,0.996929,0,0.80070,0.67891,48.042,1.358,200.000,250.000,550.000,325.000,-1,250.000,250.000,275.000,275.000,-1,-1,-1,-1,325.000,475.000,225.000,-1,1,1,1,1,2,1,1,1,0,2,2,2,2,1,1,1,2
