timestep,x_cm,y_cm,z_cm,yaw_deg,basis_xx,basis_xy,basis_xz,basis_yx,basis_yy,basis_yz,basis_zx,basis_zy,basis_zz,teleport_flag,throttle_cmd,steering_cmd,cmd_move_cm,cmd_turn_deg,lidar_cm_0,lidar_cm_1,lidar_cm_2,lidar_cm_3,lidar_cm_4,lidar_cm_5,lidar_cm_6,lidar_cm_7,lidar_cm_8,lidar_cm_9,lidar_cm_10,lidar_cm_11,lidar_cm_12,lidar_cm_13,lidar_cm_14,lidar_cm_15,lidar_cm_16,lidar_class_0,lidar_class_1,lidar_class_2,lidar_class_3,lidar_class_4,lidar_class_5,lidar_class_6,lidar_class_7,lidar_class_8,lidar_class_9,lidar_class_10,lidar_class_11,lidar_class_12,lidar_class_13,lidar_class_14,lidar_class_15,lidar_class_16
0,-5577.619,9506.746,-57.927,-117.206,-0.456360,0.889261,0.030819,-0.889008,-0.457140,0.026243,0.037425,-0.015422,0.999180,1,0.08000,0.12000,4.800,0.240,-1,375.000,-1,375.000,-1,300.000,300.000,325.000,325.000,-1,500.000,525.000,-1,675.000,675.000,-1,-1,2,0,2,0,2,0,0,0,0,2,0,0,2,0,0,2,2
1,-5581.969,9498.189,-57.535,-116.947,-0.452316,0.891313,0.031162,-0.891056,-0.453115,0.026583,0.037814,-0.015743,0.999161,0,0.16000,0.12943,9.600,0.259,-1,375.000,-1,375.000,-1,300.000,300.000,325.000,325.000,-1,500.000,500.000,-1,675.000,675.000,-1,-1,2,0,2,0,2,0,0,0,0,2,0,0,2,0,0,2,2
2,-5588.437,9485.323,-56.949,-116.688,-0.448245,0.893350,0.031657,-0.893083,-0.449073,0.027124,0.038447,-0.016114,0.999131,0,0.24000,0.12969,14.400,0.259,-1,375.000,-1,375.000,-1,300.000,300.000,325.000,325.000,-1,500.000,500.000,-1,675.000,675.000,-1,-1,2,0,2,0,2,0,0,0,0,2,0,0,2,0,0,2,2
3,-5596.982,9468.129,-56.164,-116.428,-0.444142,0.895374,0.032298,-0.895093,-0.445008,0.027877,0.039333,-0.016529,0.999089,0,0.32000,0.13011,19.200,0.260,-1,375.000,-1,375.000,-1,300.000,300.000,325.000,325.000,-1,475.000,500.000,-1,675.000,675.000,1000.000,-1,2,0,2,0,2,0,0,0,0,2,0,0,2,0,0,1,2
4,-5607.566,9446.589,-55.178,-116.166,-0.440000,0.897388,0.033079,-0.897085,-0.440915,0.028856,0.040480,-0.016978,0.999036,0,0.40000,0.13069,24.000,0.261,1000.000,375.000,-1,375.000,-1,300.000,300.000,325.000,325.000,-1,475.000,500.000,-1,700.000,675.000,1000.000,-1,1,0,2,0,2,0,0,0,0,2,0,0,2,0,0,1,2
5,-5620.147,9420.682,-53.983,-115.903,-0.435814,0.899395,0.033990,-0.899061,-0.436789,0.030078,0.041899,-0.017451,0.998969,0,0.48000,0.13145,28.800,0.263,975.000,375.000,-1,375.000,-1,300.000,300.000,325.000,325.000,-1,450.000,475.000,-1,700.000,675.000,975.000,-1,1,0,2,0,2,0,0,0,0,2,0,0,2,0,0,1,2
6,-5634.686,9390.390,-52.575,-115.639,-0.431577,0.901396,0.035021,-0.901022,-0.432624,0.031565,0.043604,-0.017932,0.998888,0,0.56000,0.13239,33.600,0.265,950.000,375.000,-1,375.000,-1,300.000,300.000,325.000,325.000,-1,425.000,475.000,-1,700.000,675.000,950.000,-1,1,0,2,0,2,0,0,0,0,2,0,0,2,0,0,1,2
7,-5651.140,9355.694,-50.945,-115.372,-0.427283,0.903395,0.036159,-0.902967,-0.428415,0.033340,0.045610,-0.018405,0.998790,0,0.64000,0.13352,38.400,0.267,925.000,375.000,-1,375.000,-1,300.000,300.000,325.000,325.000,-1,400.000,450.000,-1,700.000,700.000,900.000,-1,1,0,2,0,2,0,0,0,0,2,0,0,2,0,0,1,2
8,-5665.523,9325.327,-49.458,-115.345,-0.426790,0.903596,0.036931,-0.903109,-0.427988,0.034939,0.047377,-0.018442,0.998707,0,0.56000,0.01352,33.600,0.027,900.000,375.000,-1,375.000,-1,300.000,300.000,325.000,325.000,-1,400.000,425.000,-1,700.000,700.000,875.000,-1,1,0,2,0,2,0,0,0,0,2,0,0,2,0,0,1,2
9,-5677.948,9299.345,-48.107,-115.558,-0.430109,0.902006,0.037295,-0.901454,-0.431347,0.036325,0.048852,-0.017996,0.998644,0,0.48000,-0.10648,28.800,-0.213,875.000,375.000,-1,375.000,-1,300.000,300.000,325.000,325.000,-1,400.000,400.000,-1,700.000,700.000,850.000,-1,1,0,2,0,2,0,0,0,0,2,0,0,2,0,0,1,2
10,-5688.473,9277.776,-47.019,-116.010,-0.437198,0.898575,0.037703,-0.897976,-0.438468,0.037224,0.049980,-0.017582,0.998595,0,0.40000,-0.22648,24.000,-0.453,850.000,375.000,-1,375.000,-1,300.000,300.000,325.000,325.000,-1,400.000,400.000,-1,725.000,700.000,825.000,-1,1,0,2,0,2,0,0,0,0,2,0,0,2,0,0,1,2
11,-5697.101,9260.624,-46.140,-116.703,-0.448017,0.893216,0.038032,-0.892572,-0.449308,0.037918,0.050957,-0.016958,0.998557,0,0.32000,-0.34648,19.200,-0.693,825.000,375.000,-1,375.000,-1,300.000,300.000,325.000,325.000,-1,400.000,400.000,-1,700.000,700.000,825.000,-1,1,0,2,0,2,0,0,0,0,2,0,0,2,0,0,1,2
12,-5703.781,9247.867,-45.472,-117.636,-0.462497,0.885794,0.038282,-0.885107,-0.463799,0.038424,0.051791,-0.016112,0.998528,0,0.24000,-0.46648,14.400,-0.933,800.000,375.000,-1,375.000,-1,300.000,300.000,325.000,325.000,-1,400.000,400.000,-1,700.000,725.000,800.000,-1,1,0,2,0,2,0,0,0,0,2,0,0,2,0,0,1,2
13,-5708.390,9239.445,-45.022,-118.692,-0.478735,0.877116,0.038459,-0.876391,-0.480038,0.038743,0.052444,-0.015157,0.998509,0,0.16000,-0.52756,9.600,-1.055,775.000,375.000,-1,375.000,-1,300.000,300.000,325.000,325.000,-1,400.000,400.000,-1,700.000,725.000,800.000,-1,1,0,2,0,2,0,0,0,0,2,0,0,2,0,0,1,2
14,-5710.772,9235.278,-44.799,-119.744,-0.494785,0.868159,0.038561,-0.867405,-0.496082,0.038876,0.052880,-0.014213,0.998500,0,0.08000,-0.52645,4.800,-1.053,775.000,375.000,-1,375.000,-1,300.000,300.000,325.000,325.000,-1,400.000,400.000,-1,700.000,725.000,800.000,-1,1,0,2,0,2,0,0,0,0,2,0,0,2,0,0,1,2
15,-5710.772,9235.278,-44.808,-120.796,-0.510647,0.858924,0.038588,-0.858149,-0.511931,0.038821,0.053099,-0.013290,0.998501,0,-0.00000,-0.52555,-0.000,-1.051,775.000,375.000,-1,375.000,-1,300.000,300.000,325.000,325.000,-1,400.000,400.000,-1,700.000,725.000,800.000,-1,1,0,2,0,2,0,0,0,0,2,0,0,2,0,0,1,2
16,-5708.239,9239.356,-45.051,-121.845,-0.526324,0.849411,0.038536,-0.848625,-0.527587,0.038578,0.053100,-0.012398,0.998512,0,-0.08000,-0.52488,-4.800,-1.050,775.000,375.000,-1,375.000,-1,300.000,300.000,325.000,325.000,-1,400.000,400.000,-1,700.000,725.000,800.000,-1,1,0,2,0,2,0,0,0,0,2,0,0,2,0,0,1,2
17,-5703.025,9247.416,-45.532,-122.894,-0.541817,0.839619,0.038399,-0.838831,-0.543053,0.038151,0.052885,-0.011540,0.998534,0,-0.16000,-0.52445,-9.600,-1.049,775.000,375.000,-1,375.000,-1,300.000,300.000,325.000,325.000,-1,400.000,400.000,-1,700.000,725.000,800.000,-1,1,0,2,0,2,0,0,0,0,2,0,0,2,0,0,1,2
18,-5694.985,9259.363,-46.249,-123.943,-0.557129,0.829548,0.038171,-0.828768,-0.558332,0.037545,0.052458,-0.010717,0.998566,0,-0.24000,-0.52427,-14.400,-1.049,800.000,375.000,-1,375.000,-1,300.000,300.000,325.000,325.000,-1,400.000,400.000,-1,700.000,725.000,825.000,-1,1,0,2,0,2,0,0,0,0,2,0,0,2,0,0,1,2
19,-5685.868,9272.388,-47.041,-124.991,-0.572258,0.819198,0.037899,-0.818426,-0.573426,0.036898,0.051959,-0.009903,0.998600,0,-0.26499,-0.52435,-15.899,-1.049,800.000,375.000,-1,375.000,-1,300.000,300.000,325.000,325.000,-1,400.000,400.000,-1,700.000,725.000,825.000,-1,1,0,2,0,2,0,0,0,0,2,0,0,2,0,0,1,2
20,-5676.479,9285.291,-47.834,-126.040,-0.587199,0.808568,0.037608,-0.807805,-0.588332,0.036273,0.051455,-0.009081,0.998634,0,-0.26596,-0.52452,-15.957,-1.049,800.000,375.000,-1,375.000,-1,300.000,300.000,325.000,325.000,-1,425.000,400.000,-1,700.000,725.000,850.000,-1,1,0,2,0,2,0,0,0,0,2,0,0,2,0,0,1,2
21,-5666.821,9298.066,-48.630,-127.090,-0.601949,0.797663,0.037300,-0.796908,-0.603047,0.035667,0.050944,-0.008255,0.998667,0,-0.26691,-0.52471,-16.014,-1.049,825.000,375.000,-1,375.000,-1,300.000,300.000,325.000,325.000,-1,425.000,400.000,-1,675.000,750.000,875.000,-1,1,0,2,0,2,0,0,0,0,2,0,0,2,0,0,1,2
22,-5656.896,9310.706,-49.429,-128.140,-0.616501,0.786485,0.036977,-0.785738,-0.617565,0.035078,0.050424,-0.007428,0.998700,0,-0.26784,-0.52492,-16.071,-1.050,825.000,375.000,-1,375.000,-1,300.000,300.000,325.000,325.000,-1,425.000,400.000,-1,675.000,750.000,875.000,-1,1,0,2,0,2,0,0,0,0,2,0,0,2,0,0,1,2
23,-5646.706,9323.204,-50.230,-129.190,-0.630852,0.775037,0.036641,-0.774297,-0.631881,0.034506,0.049897,-0.006603,0.998733,0,-0.26876,-0.52515,-16.126,-1.050,850.000,375.000,-1,375.000,-1,300.000,300.000,325.000,325.000,-1,425.000,400.000,-1,675.000,750.000,900.000,-1,1,0,2,0,2,0,0,0,0,2,0,0,2,0,0,1,2
24,-5636.254,9335.555,-51.032,-130.241,-0.644997,0.763323,0.036295,-0.762589,-0.645991,0.033953,0.049364,-0.005779,0.998764,0,-0.26967,-0.52540,-16.180,-1.051,850.000,375.000,-1,375.000,-1,300.000,300.000,325.000,325.000,-1,425.000,400.000,-1,675.000,750.000,925.000,-1,1,0,2,0,2,0,0,0,0,2,0,0,2,0,0,1,2
25,-5625.542,9347.752,-51.835,-131.292,-0.658930,0.751345,0.035940,-0.750618,-0.659891,0.033418,0.048825,-0.004957,0.998795,0,-0.27055,-0.52567,-16.233,-1.051,875.000,375.000,-1,375.000,-1,300.000,300.000,325.000,325.000,-1,450.000,400.000,-1,675.000,750.000,950.000,-1,1,0,2,0,2,0,0,0,0,2,0,0,2,0,0,1,2
26,-5614.572,9359.789,-52.640,-132.344,-0.672648,0.739106,0.035578,-0.738385,-0.673576,0.032902,0.048282,-0.004139,0.998825,0,-0.27142,-0.52596,-16.285,-1.052,875.000,375.000,-1,375.000,-1,300.000,300.000,325.000,325.000,-1,450.000,400.000,-1,675.000,750.000,950.000,-1,1,0,2,0,2,0,0,0,0,2,0,0,2,0,0,1,2
27,-5603.348,9371.659,-53.436,-133.397,-0.686146,0.726611,0.035215,-0.725897,-0.687041,0.032369,0.047714,-0.003352,0.998855,0,-0.27228,-0.52626,-16.337,-1.053,900.000,375.000,-1,375.000,-1,300.000,300.000,325.000,325.000,-1,450.000,400.000,-1,675.000,750.000,975.000,-1,1,0,2,0,2,0,0,0,0,2,0,0,2,0,0,1,2
28,-5591.873,9383.357,-54.227,-134.450,-0.699418,0.713862,0.034851,-0.713157,-0.700281,0.031830,0.047127,-0.002591,0.998886,0,-0.27311,-0.52658,-16.387,-1.053,900.000,375.000,-1,375.000,-1,300.000,300.000,325.000,300.000,-1,450.000,400.000,-1,675.000,750.000,1000.000,-1,1,0,2,0,2,0,0,0,0,2,0,0,2,0,0,1,2
29,-5580.149,9394.876,-55.014,-135.504,-0.712462,0.700863,0.034484,-0.700167,-0.713293,0.031294,0.046530,-0.001849,0.998915,0,-0.27393,-0.52691,-16.436,-1.054,925.000,375.000,-1,375.000,-1,300.000,300.000,325.000,300.000,-1,450.000,425.000,-1,675.000,750.000,-1,-1,1,0,2,0,2,0,0,0,0,2,0,0,2,0,0,2,2
30,-5568.181,9406.211,-55.797,-136.558,-0.725271,0.687618,0.034116,-0.686931,-0.726072,0.030761,0.045922,-0.001125,0.998944,0,-0.27473,-0.52726,-16.484,-1.055,950.000,375.000,-1,375.000,-1,300.000,300.000,325.000,300.000,-1,475.000,425.000,-1,675.000,750.000,-1,-1,1,0,2,0,2,0,0,0,0,2,0,0,2,0,0,2,2
31,-5559.518,9414.051,-56.369,-137.853,-0.740649,0.671040,0.033839,-0.670351,-0.741421,0.030385,0.045479,-0.000179,0.998965,0,-0.19473,-0.64726,-11.684,-1.295,950.000,375.000,-1,375.000,-1,300.000,300.000,325.000,300.000,-1,475.000,425.000,-1,675.000,750.000,-1,-1,1,0,2,0,2,0,0,0,0,2,0,0,2,0,0,2,2
32,-5554.293,9418.532,-56.739,-139.387,-0.758379,0.650944,0.033652,-0.650245,-0.759125,0.030166,0.045183,0.000995,0.998978,0,-0.11473,-0.76726,-6.884,-1.535,975.000,375.000,-1,375.000,-1,300.000,300.000,325.000,300.000,-1,550.000,425.000,-1,675.000,750.000,-1,-1,1,0,2,0,2,0,0,0,0,2,0,0,2,0,0,2,2
33,-5552.669,9419.838,-56.908,-141.162,-0.778197,0.627123,0.033551,-0.626405,-0.778916,0.030105,0.045013,0.002411,0.998984,0,-0.03473,-0.88726,-2.084,-1.775,975.000,375.000,-1,375.000,-1,300.000,300.000,325.000,300.000,-1,625.000,425.000,-1,675.000,750.000,-1,-1,1,0,2,0,2,0,0,0,0,2,0,0,2,0,0,2,2
34,-5554.842,9418.208,-56.878,-143.120,-0.799198,0.600133,0.033526,-0.599386,-0.799890,0.030201,0.044942,0.004042,0.998981,0,0.04527,-0.97929,2.716,-1.959,975.000,375.000,-1,375.000,-1,300.000,300.000,325.000,300.000,-1,725.000,450.000,-1,675.000,750.000,-1,-1,1,0,2,0,2,0,0,0,0,2,0,0,2,0,0,2,2
35,-5561.005,9413.905,-56.638,-145.077,-0.819241,0.572466,0.033567,-0.571685,-0.819908,0.030457,0.044958,0.005762,0.998972,0,0.12527,-0.97834,7.516,-1.957,1000.000,375.000,-1,400.000,-1,300.000,325.000,325.000,300.000,-1,825.000,450.000,-1,675.000,750.000,-1,-1,1,0,2,0,2,0,0,0,0,2,0,0,2,0,0,2,2
36,-5571.338,9407.202,-56.187,-147.031,-0.838302,0.544166,0.033657,-0.543342,-0.838943,0.030874,0.045037,0.007594,0.998956,0,0.20527,-0.97716,12.316,-1.954,1000.000,375.000,-1,400.000,-1,300.000,325.000,325.000,300.000,-1,950.000,475.000,-1,675.000,775.000,-1,-1,1,0,2,0,2,0,0,0,0,2,0,0,2,0,0,2,2
37,-5586.006,9398.382,-55.520,-148.983,-0.856360,0.515273,0.033774,-0.514401,-0.856972,0.031457,0.045152,0.009566,0.998934,0,0.28527,-0.97572,17.116,-1.951,1000.000,375.000,-1,400.000,-1,300.000,325.000,325.000,300.000,-1,-1,500.000,-1,675.000,775.000,-1,-1,1,0,2,0,2,0,0,0,0,2,2,0,2,0,0,2,2
38,-5605.162,9387.733,-54.634,-150.931,-0.873394,0.485833,0.033894,-0.484905,-0.873973,0.032214,0.045273,0.011701,0.998906,0,0.36527,-0.97403,21.916,-1.948,-1,375.000,-1,400.000,-1,300.000,325.000,325.000,300.000,-1,-1,550.000,-1,675.000,775.000,-1,-1,2,0,2,0,2,0,0,0,0,2,2,0,2,0,0,2,2
39,-5628.940,9375.552,-53.522,-152.875,-0.889387,0.455889,0.033994,-0.454898,-0.889926,0.033155,0.045367,0.014024,0.998872,0,0.44527,-0.97210,26.716,-1.944,-1,375.000,-1,400.000,-1,300.000,325.000,325.000,300.000,-1,-1,675.000,-1,675.000,775.000,-1,-1,2,0,2,0,2,0,0,0,0,2,2,0,2,0,0,2,2
40,-5657.460,9362.140,-52.181,-154.815,-0.904324,0.425487,0.034049,-0.424426,-0.904813,0.034290,0.045398,0.016558,0.998832,0,0.52527,-0.96993,31.516,-1.940,-1,375.000,-1,400.000,-1,300.000,325.000,300.000,300.000,-1,-1,825.000,-1,700.000,800.000,-1,-1,2,0,2,0,2,0,0,0,0,2,2,0,2,0,0,2,2
41,-5690.826,9347.803,-50.605,-156.750,-0.918192,0.394672,0.034036,-0.393535,-0.918619,0.035636,0.045330,0.019326,0.998785,0,0.60527,-0.96754,36.316,-1.935,-1,375.000,-1,400.000,-1,300.000,325.000,300.000,300.000,-1,-1,-1,-1,700.000,800.000,-1,-1,2,0,2,0,2,0,0,0,0,2,2,2,2,0,0,2,2
42,-5729.129,9332.853,-48.791,-158.680,-0.930983,0.363482,0.033931,-0.362262,-0.931333,0.037207,0.045125,0.022347,0.998731,0,0.68527,-0.96518,41.116,-1.930,-1,375.000,-1,400.000,-1,300.000,325.000,300.000,300.000,-1,-1,-1,-1,725.000,800.000,-1,-1,2,0,2,0,2,0,0,0,0,2,2,2,2,0,0,2,2
43,-5772.440,9317.607,-46.737,-160.608,-0.942707,0.331913,0.033715,-0.330606,-0.942962,0.039021,0.044744,0.025639,0.998669,0,0.76527,-0.96411,45.916,-1.928,-1,375.000,-1,400.000,-1,325.000,325.000,300.000,300.000,-1,-1,-1,-1,725.000,800.000,-1,-1,2,0,2,0,2,0,0,0,0,2,2,2,2,0,0,2,2
44,-5819.175,9302.901,-44.531,-162.535,-0.953355,0.300000,0.033391,-0.298605,-0.953493,0.041063,0.044157,0.029177,0.998598,0,0.81656,-0.96314,48.994,-1.926,-1,375.000,-1,400.000,-1,325.000,325.000,300.000,300.000,-1,-1,-1,-1,750.000,800.000,-1,-1,2,0,2,0,2,0,0,0,0,2,2,2,2,0,0,2,2
45,-5866.281,9289.800,-42.351,-164.459,-0.962917,0.267775,0.032984,-0.266292,-0.962919,0.043309,0.043359,0.032920,0.998517,0,0.81489,-0.96235,48.893,-1.925,-1,400.000,-1,400.000,-1,325.000,325.000,300.000,300.000,-1,-1,-1,-1,750.000,800.000,-1,-1,2,0,2,0,2,0,0,0,0,2,2,2,2,0,0,2,2
46,-5913.694,9278.312,-40.204,-166.383,-0.971388,0.235269,0.032474,-0.233702,-0.971232,0.045732,0.042299,0.036834,0.998426,0,0.81309,-0.96183,48.785,-1.924,-1,400.000,-1,400.000,-1,325.000,325.000,300.000,300.000,-1,-1,-1,-1,775.000,800.000,-1,-1,2,0,2,0,2,0,0,0,0,2,2,2,2,0,0,2,2
47,-5962.027,9268.310,-38.128,-168.310,-0.978762,0.202449,0.032235,-0.200802,-0.978452,0.048060,0.041270,0.040566,0.998324,0,0.82260,-0.96345,49.356,-1.927,-1,400.000,-1,400.000,-1,325.000,325.000,300.000,275.000,-1,-1,-1,-1,800.000,800.000,-1,-1,2,0,2,0,2,0,0,0,0,2,2,2,2,0,0,2,2
48,-6010.591,9259.947,-36.553,-170.230,-0.985009,0.169541,0.031820,-0.167905,-0.984609,0.048508,0.039555,0.042438,0.998316,0,0.82132,-0.95997,49.279,-1.920,-1,400.000,-1,400.000,-1,325.000,325.000,300.000,275.000,-1,-1,-1,-1,800.000,800.000,-1,-1,2,0,2,0,2,0,0,0,0,2,2,2,2,0,0,2,2
49,-6059.315,9253.225,-35.060,-172.147,-0.990146,0.136506,0.031247,-0.134897,-0.989654,0.048857,0.037594,0.044161,0.998317,0,0.81976,-0.95830,49.186,-1.917,-1,400.000,-1,400.000,-1,325.000,325.000,300.000,275.000,-1,-1,-1,-1,825.000,800.000,-1,-1,2,0,2,0,2,0,0,0,0,2,2,2,2,0,0,2,2
50,-6108.131,9248.146,-33.619,-174.061,-0.994173,0.103361,0.030613,-0.101783,-0.993586,0.049268,0.035509,0.045865,0.998316,0,0.81797,-0.95721,49.078,-1.914,-1,400.000,-1,400.000,-1,325.000,325.000,300.000,275.000,-1,-1,-1,-1,825.000,775.000,-1,-1,2,0,2,0,2,0,0,0,0,2,2,2,2,0,0,2,2
51,-6156.970,9244.708,-32.230,-175.974,-0.997088,0.070134,0.029935,-0.068592,-0.996404,0.049742,0.033316,0.047544,0.998313,0,0.81600,-0.95639,48.960,-1.913,-1,400.000,-1,400.000,-1,325.000,325.000,300.000,275.000,-1,-1,-1,-1,825.000,775.000,-1,-1,2,0,2,0,2,0,0,0,0,2,2,2,2,0,0,2,2
52,-6205.770,9242.905,-30.800,-177.885,-0.998901,0.036854,0.028967,-0.035378,-0.998127,0.049918,0.030752,0.048839,0.998333,0,0.81388,-0.95583,48.833,-1.912,-1,400.000,-1,400.000,-1,325.000,325.000,275.000,275.000,-1,-1,-1,-1,825.000,775.000,-1,-1,2,0,2,0,2,0,0,0,0,2,2,2,2,0,0,2,2
53,-6254.470,9242.732,-29.422,-179.797,-0.999603,0.003547,0.027964,-0.002140,-0.998739,0.050167,0.028107,0.050087,0.998349,0,0.81167,-0.95555,48.700,-1.911,-1,400.000,-1,400.000,-1,325.000,325.000,300.000,275.000,-1,-1,-1,-1,825.000,750.000,-1,-1,2,0,2,0,2,0,0,0,0,2,2,2,2,0,0,2,2
54,-6303.015,9244.179,-28.106,-181.708,-0.999193,-0.029759,0.026962,0.031094,-0.998240,0.050505,0.025411,0.051302,0.998360,0,0.80944,-0.95553,48.566,-1.911,-1,400.000,-1,400.000,-1,325.000,325.000,300.000,275.000,-1,-1,-1,-1,825.000,750.000,-1,-1,2,0,2,0,2,0,0,0,0,2,2,2,2,0,0,2,2
55,-6351.352,9247.235,-26.839,-183.619,-0.997672,-0.063037,0.026020,0.064298,-0.996633,0.050879,0.022725,0.052433,0.998366,0,0.80722,-0.95578,48.433,-1.912,-1,400.000,-1,400.000,-1,325.000,325.000,300.000,275.000,-1,-1,-1,-1,825.000,725.000,-1,-1,2,0,2,0,2,0,0,0,0,2,2,2,2,0,0,2,2
56,-6399.432,9251.892,-25.499,-185.532,-0.995030,-0.096261,0.025486,0.097457,-0.993944,0.050773,0.020444,0.053005,0.998385,0,0.80507,-0.95629,48.304,-1.913,-1,400.000,-1,400.000,-1,325.000,325.000,300.000,275.000,-1,-1,-1,-1,825.000,725.000,-1,-1,2,0,2,0,2,0,0,0,0,2,2,2,2,0,0,2,2
57,-6447.210,9258.136,-24.215,-187.446,-0.991277,-0.129403,0.025007,0.130534,-0.990148,0.050670,0.018204,0.053492,0.998402,0,0.80305,-0.95706,48.183,-1.914,-1,400.000,-1,375.000,-1,325.000,325.000,300.000,275.000,-1,-1,-1,-1,825.000,700.000,-1,-1,2,0,2,0,2,0,0,0,0,2,2,2,2,0,0,2,2
58,-6490.890,9265.148,-23.089,-189.120,-0.987089,-0.158272,0.024618,0.159347,-0.985926,0.050582,0.016266,0.053852,0.998416,0,0.73731,-0.83706,44.239,-1.674,-1,400.000,-1,375.000,-1,325.000,325.000,300.000,275.000,-1,-1,-1,-1,825.000,700.000,-1,-1,2,0,2,0,2,0,0,0,0,2,2,2,2,0,0,2,2
59,-6534.294,9273.235,-22.270,-190.554,-0.982820,-0.182905,0.024702,0.183938,-0.981695,0.049423,0.015210,0.053117,0.998472,0,0.73584,-0.71706,44.151,-1.434,-1,400.000,-1,375.000,-1,325.000,325.000,300.000,275.000,-1,-1,-1,-1,800.000,700.000,-1,-1,2,0,2,0,2,0,0,0,0,2,2,2,2,0,0,2,2
60,-6577.452,9282.212,-21.625,-191.748,-0.978796,-0.203338,0.024756,0.204326,-0.977737,0.047771,0.014492,0.051817,0.998551,0,0.73469,-0.59706,44.082,-1.194,-1,400.000,-1,375.000,-1,325.000,325.000,300.000,275.000,-1,-1,-1,-1,800.000,700.000,-1,-1,2,0,2,0,2,0,0,0,0,2,2,2,2,0,0,2,2
61,-6620.406,9291.895,-21.018,-192.702,-0.975273,-0.219605,0.024845,0.220558,-0.974279,0.046209,0.014058,0.050546,0.998623,0,0.73386,-0.47706,44.032,-0.954,-1,400.000,-1,375.000,-1,325.000,325.000,300.000,275.000,-1,-1,-1,-1,800.000,700.000,-1,-1,2,0,2,0,2,0,0,0,0,2,2,2,2,0,0,2,2
62,-6663.205,9302.105,-20.452,-193.416,-0.972457,-0.231744,0.024930,0.232670,-0.971523,0.044798,0.013838,0.049365,0.998685,0,0.73332,-0.35706,43.999,-0.714,-1,400.000,-1,375.000,-1,325.000,325.000,300.000,275.000,-1,-1,-1,-1,800.000,700.000,-1,-1,2,0,2,0,2,0,0,0,0,2,2,2,2,0,0,2,2
63,-6705.903,9312.665,-19.905,-193.891,-0.970503,-0.239789,0.025018,0.240694,-0.969626,0.043487,0.013831,0.048226,0.998741,0,0.73307,-0.23706,43.984,-0.474,-1,400.000,-1,375.000,-1,325.000,325.000,300.000,275.000,-1,-1,-1,-1,800.000,700.000,-1,-1,2,0,2,0,2,0,0,0,0,2,2,2,2,0,0,2,2
64,-6748.550,9323.426,-19.365,-194.161,-0.969354,-0.244382,0.025114,0.245270,-0.968533,0.042260,0.013996,0.047124,0.998791,0,0.73306,-0.13540,43.984,-0.271,-1,400.000,-1,375.000,-1,325.000,325.000,300.000,275.000,-1,-1,-1,-1,800.000,700.000,-1,-1,2,0,2,0,2,0,0,0,0,2,2,2,2,0,0,2,2
65,-6791.157,9334.395,-18.822,-194.436,-0.968166,-0.249035,0.025218,0.249907,-0.967399,0.041069,0.014168,0.046063,0.998838,0,0.73327,-0.13734,43.996,-0.275,-1,400.000,-1,375.000,-1,325.000,325.000,300.000,275.000,-1,-1,-1,-1,800.000,725.000,-1,-1,2,0,2,0,2,0,0,0,0,2,2,2,2,0,0,2,2
66,-6833.729,9345.576,-18.273,-194.715,-0.966938,-0.253750,0.025331,0.254607,-0.966221,0.039914,0.014347,0.045044,0.998882,0,0.73360,-0.13937,44.016,-0.279,-1,400.000,-1,375.000,-1,325.000,325.000,300.000,275.000,-1,-1,-1,-1,800.000,725.000,-1,-1,2,0,2,0,2,0,0,0,0,2,2,2,2,0,0,2,2
67,-6876.272,9356.974,-17.719,-194.998,-0.965668,-0.258530,0.025454,0.259373,-0.964998,0.038797,0.014533,0.044067,0.998923,0,0.73406,-0.14148,44.044,-0.283,-1,400.000,-1,375.000,-1,325.000,325.000,300.000,275.000,-1,-1,-1,-1,800.000,725.000,-1,-1,2,0,2,0,2,0,0,0,0,2,2,2,2,0,0,2,2
68,-6918.791,9368.595,-17.057,-195.285,-0.964363,-0.263381,0.025197,0.264190,-0.963744,0.037433,0.014424,0.042756,0.998981,0,0.73464,-0.14367,44.078,-0.287,-1,400.000,-1,375.000,-1,325.000,325.000,300.000,275.000,-1,-1,-1,-1,800.000,725.000,-1,-1,2,0,2,0,2,0,0,0,0,2,2,2,2,0,0,2,2
69,-6961.291,9380.444,-16.387,-195.577,-0.963012,-0.268301,0.024938,0.269077,-0.962442,0.036105,0.014314,0.041480,0.999037,0,0.73534,-0.14594,44.120,-0.292,-1,400.000,-1,375.000,-1,325.000,325.000,300.000,275.000,-1,-1,-1,-1,800.000,750.000,-1,-1,2,0,2,0,2,0,0,0,0,2,2,2,2,0,0,2,2
70,-7003.776,9392.525,-15.709,-195.874,-0.961614,-0.273293,0.024686,0.274038,-0.961088,0.034820,0.014210,0.040248,0.999089,0,0.73616,-0.14828,44.169,-0.297,-1,400.000,-1,375.000,-1,325.000,325.000,300.000,275.000,-1,-1,-1,-1,800.000,750.000,-1,-1,2,0,2,0,2,0,0,0,0,2,2,2,2,0,0,2,2
71,-7046.251,9404.846,-15.025,-196.175,-0.960166,-0.278358,0.024443,0.279073,-0.959683,0.033578,0.014111,0.039061,0.999137,0,0.73709,-0.15070,44.226,-0.301,-1,400.000,-1,375.000,-1,325.000,325.000,300.000,275.000,-1,-1,-1,-1,800.000,750.000,-1,-1,2,0,2,0,2,0,0,0,0,2,2,2,2,0,0,2,2
72,-7091.595,9418.051,-14.279,-196.236,-0.959871,-0.279401,0.024138,0.280085,-0.959432,0.032291,0.014136,0.037756,0.999187,0,0.78713,-0.03070,47.228,-0.061,-1,400.000,-1,375.000,-1,325.000,325.000,300.000,275.000,-1,-1,-1,-1,800.000,750.000,-1,-1,2,0,2,0,2,0,0,0,0,2,2,2,2,0,0,2,2
73,-7137.053,9431.137,-13.540,-196.058,-0.960740,-0.276424,0.023853,0.277079,-0.960350,0.030908,0.014364,0.036303,0.999238,0,0.78840,0.08930,47.304,0.179,-1,400.000,-1,400.000,-1,325.000,325.000,300.000,300.000,-1,-1,-1,-1,800.000,775.000,-1,-1,2,0,2,0,2,0,0,0,0,2,2,2,2,0,0,2,2
74,-7182.687,9443.912,-12.817,-195.639,-0.962734,-0.269416,0.023609,0.270042,-0.962401,0.029360,0.014811,0.034641,0.999290,0,0.78980,0.20930,47.388,0.419,-1,400.000,-1,400.000,-1,325.000,325.000,300.000,300.000,-1,-1,-1,-1,800.000,775.000,-1,-1,2,0,2,0,2,0,0,0,0,2,2,2,2,0,0,2,2
75,-7228.549,9456.185,-12.063,-194.981,-0.965770,-0.258351,0.023303,0.258948,-0.965489,0.027859,0.015302,0.032940,0.999340,0,0.79127,0.32930,47.476,0.659,-1,400.000,-1,400.000,-1,325.000,325.000,300.000,300.000,-1,-1,-1,-1,800.000,800.000,-1,-1,2,0,2,0,2,0,0,0,0,2,2,2,2,0,0,2,2
76,-7274.688,9467.759,-11.281,-194.082,-0.969706,-0.243191,0.022991,0.243760,-0.969475,0.026432,0.015861,0.031235,0.999386,0,0.79281,0.44930,47.568,0.899,-1,400.000,-1,400.000,-1,325.000,325.000,300.000,300.000,-1,-1,-1,-1,800.000,800.000,-1,-1,2,0,2,0,2,0,0,0,0,2,2,2,2,0,0,2,2
77,-7321.137,9478.442,-10.618,-192.952,-0.974324,-0.224029,0.022452,0.224574,-0.974118,0.025716,0.016110,0.030098,0.999417,0,0.79436,0.56511,47.662,1.130,-1,400.000,-1,400.000,-1,325.000,325.000,300.000,300.000,-1,-1,-1,-1,800.000,800.000,-1,-1,2,0,2,0,2,0,0,0,0,2,2,2,2,0,0,2,2
78,-7367.818,9488.215,-9.975,-191.823,-0.978558,-0.204809,0.021833,0.205333,-0.978366,0.025279,0.016183,0.029220,0.999442,0,0.79489,0.56415,47.693,1.128,-1,400.000,-1,400.000,-1,325.000,325.000,300.000,300.000,-1,-1,-1,-1,800.000,825.000,-1,-1,2,0,2,0,2,0,0,0,0,2,2,2,2,0,0,2,2
79,-7414.683,9497.066,-9.308,-190.695,-0.982414,-0.185508,0.021218,0.186012,-0.982231,0.024918,0.016219,0.028427,0.999464,0,0.79489,0.56415,47.693,1.128,-1,400.000,-1,400.000,-1,325.000,325.000,300.000,300.000,-1,-1,-1,-1,775.000,825.000,-1,-1,2,0,2,0,2,0,0,0,0,2,2,2,2,0,0,2,2
80,-7461.713,9504.993,-8.615,-189.567,-0.985888,-0.166134,0.020607,0.166620,-0.985714,0.024625,0.016221,0.027711,0.999484,0,0.79489,0.56415,47.693,1.128,-1,400.000,-1,400.000,-1,325.000,325.000,300.000,300.000,-1,-1,-1,-1,775.000,825.000,-1,-1,2,0,2,0,2,0,0,0,0,2,2,2,2,0,0,2,2
81,-7508.890,9511.992,-7.895,-188.439,-0.988980,-0.146695,0.019997,0.147163,-0.988811,0.024389,0.016196,0.027063,0.999503,0,0.79489,0.56415,47.693,1.128,-1,400.000,-1,400.000,-1,325.000,325.000,300.000,300.000,-1,-1,-1,-1,775.000,825.000,-1,-1,2,0,2,0,2,0,0,0,0,2,2,2,2,0,0,2,2
82,-7556.195,9518.061,-7.149,-187.310,-0.991688,-0.127198,0.019390,0.127650,-0.991524,0.024201,0.016147,0.026475,0.999519,0,0.79489,0.56415,47.693,1.128,-1,400.000,-1,400.000,-1,325.000,325.000,300.000,300.000,-1,-1,-1,-1,775.000,825.000,-1,-1,2,0,2,0,2,0,0,0,0,2,2,2,2,0,0,2,2
83,-7603.611,9523.197,-6.376,-186.182,-0.994011,-0.107650,0.018784,0.108087,-0.993850,0.024052,0.016080,0.025938,0.999534,0,0.79489,0.56415,47.693,1.128,-1,400.000,-1,400.000,-1,325.000,325.000,300.000,300.000,-1,-1,-1,-1,775.000,825.000,-1,-1,2,0,2,0,2,0,0,0,0,2,2,2,2,0,0,2,2
84,-7651.119,9527.399,-5.575,-185.054,-0.995949,-0.088061,0.018183,0.088483,-0.995790,0.023933,0.015999,0.025445,0.999548,0,0.79489,0.56415,47.693,1.128,-1,400.000,-1,400.000,-1,325.000,325.000,300.000,300.000,-1,-1,-1,-1,750.000,825.000,-1,-1,2,0,2,0,2,0,0,0,0,2,2,2,2,0,0,2,2
85,-7698.701,9530.664,-4.747,-183.925,-0.997500,-0.068436,0.017587,0.068845,-0.997343,0.023834,0.015910,0.024985,0.999561,0,0.79489,0.56415,47.693,1.128,-1,400.000,-1,400.000,-1,325.000,325.000,300.000,300.000,-1,-1,-1,-1,750.000,850.000,-1,-1,2,0,2,0,2,0,0,0,0,2,2,2,2,0,0,2,2
86,-7746.337,9532.991,-3.889,-182.797,-0.998665,-0.048785,0.017000,0.049181,-0.998508,0.023747,0.015817,0.024551,0.999573,0,0.79489,0.56415,47.693,1.128,-1,400.000,-1,400.000,-1,325.000,325.000,300.000,300.000,-1,-1,-1,-1,750.000,850.000,-1,-1,2,0,2,0,2,0,0,0,0,2,2,2,2,0,0,2,2
87,-7794.010,9534.380,-3.003,-181.669,-0.999441,-0.029114,0.016425,0.029498,-0.999285,0.023662,0.015725,0.024133,0.999585,0,0.79489,0.56415,47.693,1.128,-1,400.000,-1,400.000,-1,325.000,325.000,300.000,300.000,-1,-1,-1,-1,750.000,825.000,-1,-1,2,0,2,0,2,0,0,0,0,2,2,2,2,0,0,2,2
88,-7841.701,9534.830,-2.088,-180.541,-0.999830,-0.009431,0.015867,0.009804,-0.999674,0.023571,0.015639,0.023722,0.999596,0,0.79489,0.56415,47.693,1.128,-1,400.000,-1,400.000,-1,325.000,325.000,300.000,300.000,-1,-1,-1,-1,750.000,825.000,-1,-1,2,0,2,0,2,0,0,0,0,2,2,2,2,0,0,2,2
89,-7889.392,9534.341,-1.292,-179.412,-0.999828,0.010256,0.015484,-0.009882,-0.999664,0.023983,0.015725,0.023826,0.999592,0,0.79489,0.56415,47.693,1.128,-1,400.000,-1,400.000,-1,325.000,325.000,300.000,300.000,-1,-1,-1,-1,725.000,825.000,-1,-1,2,0,2,0,2,0,0,0,0,2,2,2,2,0,0,2,2
90,-7932.271,9533.236,-0.717,-178.524,-0.999554,0.025752,0.015125,-0.025370,-0.999368,0.024896,0.015757,0.024501,0.999576,0,0.71489,0.44415,42.893,0.888,-1,400.000,-1,400.000,-1,325.000,325.000,300.000,300.000,-1,-1,-1,-1,725.000,800.000,-1,-1,2,0,2,0,2,0,0,0,0,2,2,2,2,0,0,2,2
91,-7970.339,9531.824,-0.190,-177.876,-0.999203,0.037057,0.014819,-0.036668,-0.998996,0.025720,0.015758,0.025156,0.999559,0,0.63489,0.32415,38.093,0.648,-1,400.000,-1,400.000,-1,325.000,325.000,300.000,300.000,-1,-1,-1,-1,725.000,800.000,-1,-1,2,0,2,0,2,0,0,0,0,2,2,2,2,0,0,2,2
92,-8003.599,9530.352,0.278,-177.467,-0.998918,0.044174,0.014561,-0.043778,-0.998691,0.026451,0.015711,0.025785,0.999544,0,0.55489,0.20415,33.293,0.408,-1,375.000,-1,400.000,-1,325.000,325.000,300.000,300.000,-1,-1,-1,-1,725.000,800.000,-1,-1,2,0,2,0,2,0,0,0,0,2,2,2,2,0,0,2,2
93,-8032.061,9529.009,0.683,-177.299,-0.998787,0.047107,0.014348,-0.046706,-0.998541,0.027087,0.015603,0.026384,0.999530,0,0.47489,0.08415,28.493,0.168,-1,375.000,-1,400.000,-1,325.000,325.000,300.000,300.000,-1,-1,-1,-1,725.000,775.000,-1,-1,2,0,2,0,2,0,0,0,0,2,2,2,2,0,0,2,2
94,-8055.730,9527.922,1.019,-177.371,-0.998847,0.045856,0.014175,-0.045452,-0.998584,0.027626,0.015422,0.026950,0.999518,0,0.39489,-0.03585,23.693,-0.072,-1,375.000,-1,400.000,-1,325.000,325.000,300.000,300.000,-1,-1,-1,-1,725.000,775.000,-1,-1,2,0,2,0,2,0,0,0,0,2,2,2,2,0,0,2,2
95,-8074.608,9527.158,1.283,-177.682,-0.999084,0.040422,0.014043,-0.040016,-0.998805,0.028065,0.015161,0.027478,0.999507,0,0.31489,-0.15585,18.893,-0.312,-1,375.000,-1,400.000,-1,325.000,325.000,300.000,300.000,-1,-1,-1,-1,700.000,775.000,-1,-1,2,0,2,0,2,0,0,0,0,2,2,2,2,0,0,2,2
96,-8088.695,9526.724,1.473,-178.234,-0.999428,0.030802,0.013950,-0.030397,-0.999134,0.028403,0.014813,0.027963,0.999499,0,0.23489,-0.27585,14.093,-0.552,-1,375.000,-1,400.000,-1,325.000,325.000,300.000,300.000,-1,-1,-1,-1,700.000,775.000,-1,-1,2,0,2,0,2,0,0,0,0,2,2,2,2,0,0,2,2
97,-8097.987,9526.566,1.590,-179.026,-0.999759,0.016994,0.013899,-0.016590,-0.999452,0.028638,0.014378,0.028401,0.999493,0,0.15489,-0.39585,9.293,-0.792,-1,375.000,-1,400.000,-1,325.000,325.000,300.000,300.000,-1,-1,-1,-1,700.000,775.000,-1,-1,2,0,2,0,2,0,0,0,0,2,2,2,2,0,0,2,2
98,-8102.480,9526.570,1.637,-180.058,-0.999903,-0.001005,0.013890,0.001404,-0.999585,0.028769,0.013856,0.028785,0.999490,0,0.07489,-0.51585,4.493,-1.032,-1,400.000,-1,400.000,-1,325.000,325.000,300.000,300.000,-1,-1,-1,-1,725.000,775.000,-1,-1,2,0,2,0,2,0,0,0,0,2,2,2,2,0,0,2,2
99,-8102.174,9526.563,1.620,-181.329,-0.999634,-0.023189,0.013930,0.023582,-0.999307,0.028794,0.013253,0.029112,0.999488,0,-0.00511,-0.63585,-0.307,-1.272,-1,400.000,-1,400.000,-1,325.000,325.000,300.000,300.000,-1,-1,-1,-1,725.000,775.000,-1,-1,2,0,2,0,2,0,0,0,0,2,2,2,2,0,0,2,2
100,-8097.074,9526.310,1.545,-182.841,-0.998674,-0.049543,0.014023,0.049930,-0.998340,0.028712,0.012577,0.029374,0.999489,0,-0.08511,-0.75585,-5.107,-1.512,-1,400.000,-1,400.000,-1,325.000,325.000,300.000,300.000,-1,-1,-1,-1,725.000,775.000,-1,-1,2,0,2,0,2,0,0,0,0,2,2,2,2,0,0,2,2
101,-8087.199,9525.516,1.422,-184.593,-0.996691,-0.080037,0.014177,0.080416,-0.996353,0.028524,0.011843,0.029570,0.999493,0,-0.16511,-0.87585,-9.907,-1.752,-1,400.000,-1,400.000,-1,325.000,325.000,300.000,300.000,-1,-1,-1,-1,725.000,800.000,-1,-1,2,0,2,0,2,0,0,0,0,2,2,2,2,0,0,2,2
102,-8072.590,9523.830,1.262,-186.584,-0.993305,-0.114617,0.014402,0.114987,-0.992966,0.028229,0.011065,0.029696,0.999498,0,-0.24511,-0.99585,-14.707,-1.992,-1,400.000,-1,400.000,-1,325.000,325.000,300.000,300.000,-1,-1,-1,-1,725.000,800.000,-1,-1,2,0,2,0,2,0,0,0,0,2,2,2,2,0,0,2,2
103,-8057.054,9521.485,1.108,-188.584,-0.988698,-0.149200,0.014655,0.149563,-0.988358,0.027907,0.010321,0.029783,0.999503,0,-0.26187,-1.00000,-15.712,-2.000,-1,400.000,-1,400.000,-1,325.000,325.000,300.000,300.000,-1,-1,-1,-1,725.000,800.000,-1,-1,2,0,2,0,2,0,0,0,0,2,2,2,2,0,0,2,2
104,-8041.571,9518.592,0.971,-190.584,-0.982887,-0.183602,0.014926,0.183958,-0.982547,0.027577,0.009603,0.029851,0.999508,0,-0.26252,-1.00000,-15.751,-2.000,-1,400.000,-1,400.000,-1,325.000,325.000,300.000,300.000,-1,-1,-1,-1,750.000,825.000,-1,-1,2,0,2,0,2,0,0,0,0,2,2,2,2,0,0,2,2
105,-8026.198,9515.160,0.849,-192.584,-0.975879,-0.217781,0.015215,0.218129,-0.975540,0.027240,0.008910,0.029902,0.999513,0,-0.26252,-1.00000,-15.751,-2.000,-1,400.000,-1,400.000,-1,325.000,325.000,300.000,300.000,-1,-1,-1,-1,750.000,825.000,-1,-1,2,0,2,0,2,0,0,0,0,2,2,2,2,0,0,2,2
106,-8010.955,9511.194,0.742,-194.584,-0.967683,-0.251693,0.015520,0.252037,-0.967344,0.026895,0.008244,0.029938,0.999518,0,-0.26252,-1.00000,-15.751,-2.000,-1,400.000,-1,400.000,-1,325.000,325.000,300.000,300.000,-1,-1,-1,-1,750.000,825.000,-1,-1,2,0,2,0,2,0,0,0,0,2,2,2,2,0,0,2,2
107,-7995.859,9506.698,0.651,-196.584,-0.958307,-0.285300,0.015843,0.285638,-0.957970,0.026542,0.007605,0.029960,0.999522,0,-0.26252,-1.00000,-15.751,-2.000,-1,400.000,-1,400.000,-1,325.000,325.000,300.000,300.000,-1,-1,-1,-1,750.000,850.000,-1,-1,2,0,2,0,2,0,0,0,0,2,2,2,2,0,0,2,2
108,-7980.929,9501.678,0.574,-198.584,-0.947765,-0.318559,0.016182,0.318893,-0.947429,0.026179,0.006992,0.029972,0.999526,0,-0.26252,-1.00000,-15.751,-2.000,-1,400.000,-1,425.000,-1,325.000,325.000,300.000,300.000,-1,-1,-1,-1,775.000,850.000,-1,-1,2,0,2,0,2,0,0,0,0,2,2,2,2,0,0,2,2
109,-7966.184,9496.140,0.477,-200.584,-0.936070,-0.351428,0.016485,0.351758,-0.935731,0.025966,0.006301,0.030105,0.999527,0,-0.26252,-1.00000,-15.751,-2.000,-1,400.000,-1,425.000,-1,325.000,325.000,300.000,300.000,-1,-1,-1,-1,775.000,850.000,-1,-1,2,0,2,0,2,0,0,0,0,2,2,2,2,0,0,2,2
110,-7951.641,9490.091,0.366,-202.584,-0.923236,-0.383868,0.016777,0.384194,-0.922890,0.025873,0.005552,0.030332,0.999524,0,-0.26252,-1.00000,-15.751,-2.000,-1,400.000,-1,400.000,-1,325.000,325.000,300.000,300.000,-1,-1,-1,-1,775.000,875.000,-1,-1,2,0,2,0,2,0,0,0,0,2,2,2,2,0,0,2,2
111,-7937.318,9483.538,0.268,-204.584,-0.909277,-0.415839,0.017103,0.416163,-0.908925,0.025773,0.004828,0.030553,0.999521,0,-0.26252,-1.00000,-15.751,-2.000,-1,400.000,-1,400.000,-1,325.000,325.000,300.000,300.000,-1,-1,-1,-1,775.000,850.000,-1,-1,2,0,2,0,2,0,0,0,0,2,2,2,2,0,0,2,2
112,-7923.232,9476.489,0.146,-206.584,-0.894209,-0.447302,0.017625,0.447629,-0.893849,0.025741,0.004240,0.030907,0.999513,0,-0.26252,-1.00000,-15.751,-2.000,-1,400.000,-1,400.000,-1,325.000,325.000,300.000,300.000,-1,-1,-1,-1,800.000,850.000,-1,-1,2,0,2,0,2,0,0,0,0,2,2,2,2,0,0,2,2
113,-7909.401,9468.953,0.039,-208.584,-0.878052,-0.478220,0.018173,0.478551,-0.877684,0.025684,0.003667,0.031249,0.999505,0,-0.26252,-1.00000,-15.751,-2.000,-1,400.000,-1,400.000,-1,325.000,325.000,300.000,300.000,-1,950.000,-1,-1,800.000,850.000,-1,-1,2,0,2,0,2,0,0,0,0,2,0,2,2,0,0,2,2
114,-7895.842,9460.939,-0.044,-210.584,-0.860827,-0.508554,0.018704,0.508889,-0.860452,0.025586,0.003082,0.031544,0.999498,0,-0.26252,-1.00000,-15.751,-2.000,-1,400.000,-1,400.000,-1,325.000,325.000,300.000,300.000,-1,875.000,-1,-1,800.000,850.000,-1,-1,2,0,2,0,2,0,0,0,0,2,0,2,2,0,0,2,2
115,-7882.570,9452.456,-0.039,-212.584,-0.842558,-0.538274,0.018926,0.538601,-0.842179,0.025352,0.002292,0.031554,0.999499,0,-0.26252,-1.00000,-15.751,-2.000,-1,400.000,-1,400.000,-1,325.000,325.000,300.000,300.000,-1,825.000,950.000,-1,825.000,850.000,-1,-1,2,0,2,0,2,0,0,0,0,2,0,0,2,0,0,2,2
116,-7869.602,9443.516,-0.007,-214.584,-0.823263,-0.567338,0.019105,0.567658,-0.822882,0.025102,0.001480,0.031511,0.999502,0,-0.26252,-1.00000,-15.751,-2.000,-1,400.000,-1,400.000,-1,325.000,325.000,300.000,300.000,-1,775.000,850.000,-1,825.000,850.000,-1,-1,2,0,2,0,2,0,0,0,0,2,0,0,2,0,0,2,2
117,-7856.954,9434.128,0.049,-216.584,-0.802967,-0.595712,0.019243,0.596023,-0.802583,0.024843,0.000645,0.031417,0.999506,0,-0.26252,-1.00000,-15.751,-2.000,-1,400.000,-1,400.000,-1,325.000,325.000,300.000,300.000,-1,725.000,800.000,-1,825.000,850.000,-1,-1,2,0,2,0,2,0,0,0,0,2,0,0,2,0,0,2,2
118,-7844.642,9424.305,0.128,-218.584,-0.781694,-0.623362,0.019339,0.623662,-0.781308,0.024580,-0.000212,0.031276,0.999511,0,-0.26252,-1.00000,-15.751,-2.000,-1,400.000,-1,400.000,-1,325.000,325.000,300.000,300.000,-1,700.000,750.000,-1,825.000,850.000,-1,-1,2,0,2,0,2,0,0,0,0,2,0,0,2,0,0,2,2
119,-7832.680,9414.058,0.231,-220.584,-0.759470,-0.650253,0.019396,0.650542,-0.759081,0.024321,-0.001092,0.031089,0.999516,0,-0.26252,-1.00000,-15.751,-2.000,-1,400.000,-1,400.000,-1,325.000,325.000,300.000,300.000,-1,675.000,725.000,-1,850.000,825.000,-1,-1,2,0,2,0,2,0,0,0,0,2,0,0,2,0,0,2,2
120,-7821.083,9403.400,0.354,-222.584,-0.736321,-0.676354,0.019414,0.676629,-0.735930,0.024070,-0.001992,0.030859,0.999522,0,-0.26252,-1.00000,-15.751,-2.000,-1,400.000,-1,400.000,-1,325.000,325.000,300.000,300.000,-1,625.000,675.000,-1,850.000,825.000,-1,-1,2,0,2,0,2,0,0,0,0,2,0,0,2,0,0,2,2
121,-7809.864,9392.344,0.498,-224.584,-0.712276,-0.701631,0.019397,0.701893,-0.711884,0.023834,-0.002914,0.030591,0.999528,0,-0.26252,-1.00000,-15.751,-2.000,-1,400.000,-1,400.000,-1,325.000,325.000,300.000,300.000,-1,625.000,650.000,-1,850.000,825.000,-1,-1,2,0,2,0,2,0,0,0,0,2,0,0,2,0,0,2,2
122,-7802.305,9384.421,0.619,-226.344,-0.690399,-0.723170,0.019344,0.723419,-0.690004,0.023653,-0.003758,0.030324,0.999533,0,-0.18252,-0.88000,-10.951,-1.760,-1,400.000,-1,400.000,-1,325.000,325.000,300.000,300.000,-1,600.000,625.000,-1,850.000,825.000,-1,-1,2,0,2,0,2,0,0,0,0,2,0,0,2,0,0,2,2
123,-7798.178,9379.859,0.705,-227.864,-0.670981,-0.741224,0.019273,0.741461,-0.670584,0.023521,-0.004510,0.030073,0.999538,0,-0.10252,-0.76000,-6.151,-1.520,-1,400.000,-1,400.000,-1,325.000,325.000,300.000,300.000,-1,600.000,625.000,-1,850.000,825.000,-1,-1,2,0,2,0,2,0,0,0,0,2,0,0,2,0,0,2,2
124,-7797.294,9378.838,0.748,-229.144,-0.654262,-0.756024,0.019198,0.756250,-0.653863,0.023429,-0.005160,0.029847,0.999541,0,-0.02252,-0.64000,-1.351,-1.280,-1,400.000,-1,400.000,-1,325.000,325.000,300.000,300.000,-1,600.000,600.000,-1,850.000,825.000,-1,-1,2,0,2,0,2,0,0,0,0,2,0,0,2,0,0,2,2
125,-7799.502,9381.487,0.742,-230.184,-0.640438,-0.767772,0.019122,0.767989,-0.640037,0.023371,-0.005705,0.029653,0.999544,0,0.05748,-0.52000,3.449,-1.040,-1,400.000,-1,400.000,-1,325.000,325.000,300.000,300.000,-1,600.000,600.000,-1,850.000,825.000,-1,-1,2,0,2,0,2,0,0,0,0,2,0,0,2,0,0,2,2
126,-7804.695,9387.896,0.681,-230.984,-0.629661,-0.776637,0.019042,0.776846,-0.629258,0.023344,-0.006148,0.029492,0.999546,0,0.13748,-0.40000,8.249,-0.800,-1,400.000,-1,400.000,-1,325.000,325.000,300.000,300.000,-1,600.000,625.000,-1,850.000,800.000,-1,-1,2,0,2,0,2,0,0,0,0,2,0,0,2,0,0,2,2
127,-7812.810,9398.115,0.564,-231.544,-0.622044,-0.782753,0.018948,0.782955,-0.621640,0.023351,-0.006499,0.029360,0.999548,0,0.21748,-0.28000,13.049,-0.560,-1,400.000,-1,400.000,-1,325.000,325.000,300.000,300.000,-1,625.000,625.000,-1,850.000,800.000,-1,-1,2,0,2,0,2,0,0,0,0,2,0,0,2,0,0,2,2
128,-7823.833,9412.154,0.386,-231.864,-0.617666,-0.786215,0.018824,0.786411,-0.617260,0.023396,-0.006775,0.029254,0.999549,0,0.29748,-0.16000,17.849,-0.320,-1,400.000,-1,400.000,-1,325.000,325.000,300.000,300.000,-1,625.000,650.000,-1,875.000,825.000,-1,-1,2,0,2,0,2,0,0,0,0,2,0,0,2,0,0,2,2
129,-7837.794,9429.988,0.135,-231.944,-0.616572,-0.787080,0.018577,0.787267,-0.616164,0.023489,-0.007041,0.029108,0.999551,0,0.37748,-0.04000,22.649,-0.080,-1,400.000,-1,400.000,-1,325.000,325.000,300.000,300.000,-1,650.000,675.000,-1,875.000,825.000,-1,-1,2,0,2,0,2,0,0,0,0,2,0,0,2,0,0,2,2
130,-7854.593,9451.696,-0.192,-232.264,-0.612173,-0.790516,0.018110,0.790687,-0.611765,0.023612,-0.007586,0.028774,0.999557,0,0.45748,-0.16000,27.449,-0.320,-1,400.000,-1,400.000,-1,325.000,325.000,300.000,300.000,-1,700.000,700.000,-1,875.000,825.000,-1,-1,2,0,2,0,2,0,0,0,0,2,0,0,2,0,0,2,2
131,-7874.079,9477.391,-0.586,-232.824,-0.604427,-0.796468,0.017490,0.796616,-0.604017,0.023777,-0.008373,0.028304,0.999564,0,0.53748,-0.28000,32.249,-0.560,-1,400.000,-1,400.000,-1,325.000,325.000,300.000,300.000,-1,725.000,750.000,-1,875.000,825.000,-1,-1,2,0,2,0,2,0,0,0,0,2,0,0,2,0,0,2,2
132,-7896.052,9507.221,-1.054,-233.624,-0.593259,-0.804838,0.016698,0.804956,-0.592848,0.024005,-0.009420,0.027683,0.999572,0,0.61748,-0.40000,37.049,-0.800,-1,400.000,-1,400.000,-1,325.000,325.000,300.000,300.000,-1,800.000,800.000,-1,875.000,825.000,-1,-1,2,0,2,0,2,0,0,0,0,2,0,0,2,0,0,2,2
133,-7920.256,9541.361,-1.605,-234.664,-0.578567,-0.815484,0.015716,0.815564,-0.578155,0.024319,-0.010745,0.026888,0.999581,0,0.69748,-0.52000,41.849,-1.040,-1,400.000,-1,400.000,-1,325.000,325.000,300.000,300.000,-1,850.000,850.000,-1,875.000,800.000,-1,-1,2,0,2,0,2,0,0,0,0,2,0,0,2,0,0,2,2
134,-7946.379,9580.010,-2.284,-235.944,-0.560219,-0.828214,0.014693,0.828254,-0.559807,0.024736,-0.012261,0.026027,0.999586,0,0.77748,-0.64000,46.649,-1.280,-1,400.000,-1,400.000,-1,325.000,325.000,300.000,300.000,-1,925.000,925.000,-1,850.000,800.000,-1,-1,2,0,2,0,2,0,0,0,0,2,0,0,2,0,0,2,2
135,-7974.067,9623.373,-3.100,-237.440,-0.538425,-0.842564,0.013601,0.842557,-0.538013,0.025278,-0.013981,0.025070,0.999588,0,0.85748,-0.74780,51.449,-1.496,-1,425.000,-1,400.000,-1,325.000,325.000,300.000,300.000,-1,-1,-1,-1,850.000,800.000,-1,-1,2,0,2,0,2,0,0,0,0,2,2,2,2,0,0,2,2
