timestep,x_cm,y_cm,z_cm,yaw_deg,basis_xx,basis_xy,basis_xz,basis_yx,basis_yy,basis_yz,basis_zx,basis_zy,basis_zz,teleport_flag,throttle_cmd,steering_cmd,cmd_move_cm,cmd_turn_deg,lidar_cm_0,lidar_cm_1,lidar_cm_2,lidar_cm_3,lidar_cm_4,lidar_cm_5,lidar_cm_6,lidar_cm_7,lidar_cm_8,lidar_cm_9,lidar_cm_10,lidar_cm_11,lidar_cm_12,lidar_cm_13,lidar_cm_14,lidar_cm_15,lidar_cm_16,lidar_class_0,lidar_class_1,lidar_class_2,lidar_class_3,lidar_class_4,lidar_class_5,lidar_class_6,lidar_class_7,lidar_class_8,lidar_class_9,lidar_class_10,lidar_class_11,lidar_class_12,lidar_class_13,lidar_class_14,lidar_class_15,lidar_class_16
0,984.766,8194.431,215.857,-79.590,0.180646,0.983539,0.004234,-0.983268,0.180695,-0.023111,-0.023496,0.000012,0.999724,1,0.08000,-0.12000,4.800,-0.240,-1,375.000,925.000,375.000,-1,325.000,325.000,325.000,325.000,850.000,-1,-1,-1,625.000,500.000,-1,650.000,2,0,1,1,2,0,0,0,0,1,2,2,2,1,1,2,1
1,986.421,8184.975,215.631,-80.070,0.172399,0.985018,0.004180,-0.984745,0.172449,-0.023219,-0.023592,-0.000114,0.999722,0,0.16000,-0.24000,9.600,-0.480,-1,375.000,900.000,375.000,-1,325.000,325.000,325.000,325.000,850.000,-1,-1,-1,600.000,500.000,-1,650.000,2,0,1,1,2,0,0,0,0,1,2,2,2,1,1,2,1
2,988.726,8170.760,215.294,-80.790,0.160006,0.987108,0.004084,-0.986831,0.160058,-0.023388,-0.023740,-0.000288,0.999718,0,0.24000,-0.36000,14.400,-0.720,-1,375.000,850.000,375.000,-1,325.000,325.000,325.000,325.000,875.000,-1,-1,-1,600.000,500.000,-1,650.000,2,0,1,1,2,0,0,0,0,1,2,2,2,1,1,2,1
3,991.481,8151.759,214.844,-81.750,0.143444,0.989651,0.003929,-0.989369,0.143497,-0.023627,-0.023946,-0.000498,0.999713,0,0.32000,-0.48000,19.200,-0.960,-1,375.000,800.000,350.000,-1,325.000,325.000,325.000,325.000,925.000,-1,-1,-1,575.000,475.000,-1,625.000,2,1,1,1,2,0,1,0,0,1,2,2,2,1,1,2,1
4,994.427,8127.940,214.282,-82.950,0.122686,0.992439,0.003691,-0.992150,0.122740,-0.023945,-0.024217,-0.000725,0.999706,0,0.40000,-0.60000,24.000,-1.200,-1,375.000,750.000,350.000,-1,325.000,300.000,325.000,325.000,950.000,-1,-1,-1,550.000,475.000,-1,625.000,2,1,1,1,2,1,1,0,0,1,2,2,2,1,1,2,1
5,997.248,8099.279,213.607,-84.380,0.097884,0.995192,0.003347,-0.994895,0.097936,-0.024354,-0.024565,-0.000946,0.999698,0,0.48000,-0.71495,28.800,-1.430,-1,350.000,700.000,350.000,-1,300.000,300.000,325.000,325.000,-1,-1,-1,-1,525.000,450.000,-1,625.000,2,1,1,1,2,1,1,0,0,2,2,2,2,1,1,2,1
6,999.710,8065.769,212.827,-85.797,0.073245,0.997310,0.002879,-0.997000,0.073294,-0.024871,-0.025015,-0.001049,0.999687,0,0.56000,-0.70856,33.600,-1.417,-1,325.000,650.000,325.000,-1,275.000,275.000,325.000,325.000,-1,-1,-1,-1,500.000,450.000,-1,625.000,2,1,1,1,2,1,1,0,0,2,2,2,2,1,1,2,1
7,1001.586,8027.415,211.937,-87.201,0.048798,0.998806,0.002268,-0.998481,0.048840,-0.025501,-0.025582,-0.001021,0.999672,0,0.64000,-0.70191,38.400,-1.404,-1,325.000,575.000,300.000,-1,275.000,275.000,325.000,325.000,-1,-1,-1,-1,450.000,425.000,975.000,600.000,2,1,1,1,2,1,1,0,0,2,2,2,2,1,1,1,1
8,1002.649,7984.228,210.937,-88.590,0.024572,0.999697,0.001496,-0.999353,0.024603,-0.026250,-0.026279,-0.000850,0.999654,0,0.72000,-0.69482,43.200,-1.390,-1,300.000,525.000,300.000,-1,250.000,250.000,325.000,325.000,-1,-1,-1,-1,425.000,400.000,725.000,600.000,2,1,1,1,2,1,1,0,0,2,2,2,2,1,1,1,1
9,1002.678,7936.228,209.823,-89.964,0.000606,1.000000,0.000546,-0.999632,0.000621,-0.027124,-0.027124,-0.000530,0.999632,0,0.80000,-0.68710,48.000,-1.374,975.000,275.000,450.000,275.000,-1,225.000,225.000,325.000,325.000,-1,-1,-1,-1,375.000,375.000,525.000,575.000,1,1,1,1,2,1,1,0,0,2,2,2,2,1,1,1,1
10,1001.461,7883.442,208.588,-91.321,-0.023055,0.999734,-0.000588,-0.999338,-0.023062,-0.028127,-0.028133,-0.000061,0.999604,0,0.88000,-0.67853,52.800,-1.357,875.000,225.000,400.000,250.000,-1,200.000,200.000,325.000,325.000,-1,-1,-1,-1,325.000,350.000,400.000,525.000,1,1,1,1,2,1,1,0,0,2,2,2,2,1,1,1,1
11,998.788,7825.905,211.307,-92.659,-0.046313,0.998910,-0.005893,-0.998818,-0.046395,-0.014498,-0.014756,0.005214,0.999878,0,0.96000,-0.66886,57.600,-1.338,825.000,225.000,400.000,250.000,-1,200.000,200.000,325.000,325.000,-1,875.000,-1,-1,325.000,375.000,425.000,875.000,1,1,1,1,2,1,1,0,0,2,1,2,2,1,1,1,1
12,994.630,7766.049,215.817,-93.975,-0.069358,0.997552,-0.008880,-0.997581,-0.069313,0.005244,0.004616,0.009222,0.999947,0,1.00000,-0.65775,60.000,-1.316,750.000,225.000,425.000,250.000,-1,175.000,200.000,350.000,350.000,-1,400.000,150.000,-1,325.000,400.000,475.000,-1,1,1,1,1,2,1,1,0,0,2,0,0,2,1,1,1,2
13,989.126,7706.301,220.325,-95.265,-0.092083,0.995672,-0.012588,-0.995462,-0.091744,0.025256,0.023992,0.014856,0.999602,0,1.00000,-0.64491,60.000,-1.290,675.000,225.000,450.000,275.000,-1,175.000,200.000,375.000,350.000,-1,200.000,100.000,-1,300.000,475.000,550.000,-1,1,1,1,1,2,1,1,0,0,2,0,0,2,1,1,1,2
14,8854.901,2951.644,183.932,105.656,-0.267599,-0.948621,0.168846,0.963438,-0.265864,0.033231,0.013367,0.171565,0.985082,1,0.00000,0.00000,60.000,-1.260,-1,550.000,550.000,375.000,400.000,450.000,400.000,150.000,200.000,400.000,-1,-1,650.000,625.000,425.000,800.000,400.000,2,1,1,1,1,1,1,1,0,1,2,2,0,1,1,1,1
15,-6235.734,-985.879,98.755,-155.652,-0.909034,0.412274,-0.060719,-0.411793,-0.911040,-0.020813,-0.063898,0.006084,0.997938,1,0.08000,0.12000,4.800,0.240,-1,450.000,-1,400.000,-1,350.000,325.000,300.000,300.000,-1,-1,-1,-1,950.000,750.000,-1,-1,2,0,2,0,2,0,0,0,0,2,2,2,2,0,0,2,2
16,-6244.451,-989.900,98.134,-155.238,-0.906004,0.418846,-0.061023,-0.418344,-0.908036,-0.021402,-0.064375,0.006138,0.997907,0,0.16000,0.20702,9.600,0.414,-1,450.000,-1,400.000,-1,350.000,325.000,300.000,300.000,-1,-1,-1,-1,950.000,750.000,-1,-1,2,0,2,0,2,0,0,0,0,2,2,2,2,0,0,2,2
17,-6257.483,-996.026,97.195,-154.821,-0.902895,0.425444,-0.061467,-0.424901,-0.904965,-0.022305,-0.065115,0.005979,0.997860,0,0.24000,0.20848,14.400,0.417,-1,450.000,-1,400.000,-1,350.000,325.000,300.000,300.000,-1,-1,-1,-1,950.000,750.000,-1,-1,2,0,2,0,2,0,0,0,0,2,2,2,2,0,0,2,2
18,-6274.798,-1004.323,95.929,-154.399,-0.899694,0.432088,-0.062058,-0.431484,-0.901814,-0.023520,-0.066128,0.005616,0.997795,0,0.32000,0.21067,19.200,0.421,-1,450.000,-1,400.000,-1,350.000,325.000,300.000,300.000,-1,-1,-1,-1,950.000,750.000,-1,-1,2,0,2,0,2,0,0,0,0,2,2,2,2,0,0,2,2
19,-6296.365,-1014.854,94.327,-153.972,-0.896387,0.438801,-0.062802,-0.438115,-0.898570,-0.025046,-0.067422,0.005064,0.997712,0,0.40000,0.21360,24.000,0.427,-1,450.000,-1,400.000,-1,350.000,325.000,300.000,300.000,-1,-1,-1,-1,925.000,750.000,-1,-1,2,0,2,0,2,0,0,0,0,2,2,2,2,0,0,2,2
20,-6322.147,-1027.688,92.374,-153.538,-0.892960,0.445606,-0.063709,-0.444815,-0.895219,-0.026878,-0.069011,0.004338,0.997606,0,0.48000,0.21729,28.800,0.435,-1,450.000,-1,400.000,-1,350.000,325.000,300.000,300.000,-1,-1,-1,-1,925.000,750.000,-1,-1,2,0,2,0,2,0,0,0,0,2,2,2,2,0,0,2,2
21,-6352.067,-1042.979,90.057,-152.930,-0.888091,0.455078,-0.064799,-0.454168,-0.890444,-0.029000,-0.070897,0.003675,0.997477,0,0.56000,0.30389,33.600,0.608,-1,425.000,-1,400.000,-1,350.000,325.000,300.000,300.000,-1,-1,-1,-1,925.000,725.000,-1,-1,2,0,2,0,2,0,0,0,0,2,2,2,2,0,0,2,2
22,-6386.072,-1060.819,87.321,-152.317,-0.883057,0.464570,-0.066221,-0.463520,-0.885532,-0.031359,-0.073209,0.003003,0.997312,0,0.64000,0.30618,38.400,0.612,-1,425.000,-1,400.000,-1,350.000,325.000,300.000,300.000,-1,-1,-1,-1,900.000,725.000,-1,-1,2,0,2,0,2,0,0,0,0,2,2,2,2,0,0,2,2
23,-6424.108,-1081.300,84.089,-151.700,-0.877850,0.474090,-0.067959,-0.472897,-0.880473,-0.033707,-0.075816,0.002548,0.997119,0,0.72000,0.30885,43.200,0.618,-1,425.000,-1,400.000,-1,350.000,325.000,300.000,300.000,-1,-1,-1,-1,875.000,725.000,-1,-1,2,0,2,0,2,0,0,0,0,2,2,2,2,0,0,2,2
24,-6464.421,-1103.576,80.532,-151.076,-0.872475,0.483648,-0.069805,-0.482307,-0.875260,-0.036051,-0.078533,0.002214,0.996909,0,0.76763,0.31190,46.058,0.624,-1,425.000,-1,375.000,-1,325.000,325.000,275.000,300.000,-1,-1,-1,-1,850.000,700.000,-1,-1,2,0,2,0,2,0,0,0,0,2,2,2,2,0,0,2,2
25,-6504.507,-1126.306,77.054,-150.446,-0.866991,0.493248,-0.070940,-0.491733,-0.869888,-0.038656,-0.080777,0.001369,0.996731,0,0.76802,0.31516,46.081,0.630,-1,425.000,-1,375.000,-1,325.000,325.000,275.000,300.000,-1,-1,-1,-1,850.000,700.000,-1,-1,2,0,2,0,2,0,0,0,0,2,2,2,2,0,0,2,2
26,-6544.353,-1149.489,73.650,-149.809,-0.861401,0.502886,-0.071372,-0.501172,-0.864352,-0.041494,-0.082557,0.000027,0.996586,0,0.76832,0.31842,46.099,0.637,-1,425.000,-1,375.000,-1,325.000,325.000,275.000,300.000,-1,-1,-1,-1,825.000,700.000,-1,-1,2,0,2,0,2,0,0,0,0,2,2,2,2,0,0,2,2
27,-6583.948,-1173.125,70.162,-149.166,-0.855645,0.512559,-0.071793,-0.510645,-0.858651,-0.044271,-0.084337,-0.001219,0.996437,0,0.76854,0.32165,46.112,0.643,-1,425.000,-1,375.000,-1,325.000,325.000,275.000,300.000,-1,-1,-1,-1,825.000,700.000,-1,-1,2,0,2,0,2,0,0,0,0,2,2,2,2,0,0,2,2
28,-6623.279,-1197.212,66.588,-148.516,-0.849729,0.522252,-0.072206,-0.520139,-0.852788,-0.046984,-0.086113,-0.002367,0.996283,0,0.76867,0.32453,46.120,0.649,-1,400.000,-1,375.000,-1,325.000,325.000,300.000,300.000,-1,-1,-1,-1,825.000,700.000,-1,-1,2,0,2,0,2,0,0,0,0,2,2,2,2,0,0,2,2
29,-6662.335,-1221.748,62.861,-147.862,-0.843685,0.531950,-0.072286,-0.529632,-0.846768,-0.049745,-0.087672,-0.003684,0.996143,0,0.76872,0.32703,46.123,0.654,-1,400.000,-1,375.000,-1,325.000,325.000,300.000,300.000,-1,-1,-1,-1,800.000,700.000,-1,-1,2,0,2,0,2,0,0,0,0,2,2,2,2,0,0,2,2
30,-6701.104,-1246.730,58.947,-147.204,-0.837524,0.541648,-0.071909,-0.539112,-0.840589,-0.052620,-0.088947,-0.005303,0.996022,0,0.76868,0.32943,46.121,0.659,-1,400.000,-1,375.000,-1,325.000,325.000,300.000,300.000,-1,-1,-1,-1,800.000,675.000,-1,-1,2,0,2,0,2,0,0,0,0,2,2,2,2,0,0,2,2
31,-6739.575,-1272.155,54.940,-146.540,-0.831211,0.551341,-0.071498,-0.548591,-0.834252,-0.055420,-0.090203,-0.006843,0.995900,0,0.76855,0.33175,46.113,0.663,-1,400.000,-1,375.000,-1,325.000,325.000,275.000,300.000,-1,-1,-1,-1,775.000,675.000,-1,-1,2,0,2,0,2,0,0,0,0,2,2,2,2,0,0,2,2
32,-6777.736,-1298.020,50.929,-145.872,-0.824747,0.561024,-0.071019,-0.558108,-0.827762,-0.057677,-0.091144,-0.007933,0.995806,0,0.76834,0.33397,46.101,0.668,-1,400.000,-1,375.000,-1,325.000,325.000,275.000,300.000,-1,-1,-1,-1,775.000,675.000,-1,-1,2,0,2,0,2,0,0,0,0,2,2,2,2,0,0,2,2
33,-6815.577,-1324.321,47.069,-145.200,-0.818134,0.570697,-0.070438,-0.567739,-0.821123,-0.058565,-0.091261,-0.007923,0.995796,0,0.76805,0.33610,46.083,0.672,-1,400.000,-1,375.000,-1,325.000,325.000,300.000,300.000,-1,-1,-1,-1,775.000,675.000,-1,-1,2,0,2,0,2,0,0,0,0,2,2,2,2,0,0,2,2
34,-6853.087,-1351.053,43.129,-144.524,-0.811366,0.580349,-0.069865,-0.577364,-0.814331,-0.059294,-0.091304,-0.007771,0.995793,0,0.76768,0.33812,46.061,0.676,-1,400.000,-1,375.000,-1,325.000,325.000,300.000,275.000,-1,-1,-1,-1,775.000,675.000,-1,-1,2,0,2,0,2,0,0,0,0,2,2,2,2,0,0,2,2
35,-6890.255,-1378.212,39.085,-143.844,-0.804442,0.589975,-0.069300,-0.586988,-0.807388,-0.059749,-0.091203,-0.007387,0.995805,0,0.76722,0.34005,46.033,0.680,-1,400.000,-1,375.000,-1,325.000,325.000,300.000,275.000,-1,-1,-1,-1,775.000,675.000,-1,-1,2,0,2,0,2,0,0,0,0,2,2,2,2,0,0,2,2
36,-6927.070,-1405.794,34.908,-143.160,-0.797363,0.599571,-0.068749,-0.596618,-0.800294,-0.059805,-0.090877,-0.006669,0.995840,0,0.76669,0.34187,46.002,0.684,-1,400.000,-1,375.000,-1,325.000,325.000,300.000,275.000,-1,-1,-1,-1,775.000,675.000,-1,-1,2,0,2,0,2,0,0,0,0,2,2,2,2,0,0,2,2
37,-6963.523,-1433.793,30.661,-142.473,-0.790131,0.609129,-0.068229,-0.606221,-0.793049,-0.059740,-0.090498,-0.005840,0.995879,0,0.76609,0.34359,45.965,0.687,-1,400.000,-1,375.000,-1,325.000,325.000,300.000,275.000,-1,-1,-1,-1,775.000,650.000,-1,-1,2,0,2,0,2,0,0,0,0,2,2,2,2,0,0,2,2
38,-6999.575,-1462.423,26.429,-141.546,-0.780171,0.621885,-0.067764,-0.618995,-0.783093,-0.060091,-0.090435,-0.004936,0.995890,0,0.76728,0.46359,46.037,0.927,-1,400.000,-1,375.000,-1,325.000,325.000,300.000,275.000,-1,-1,-1,-1,775.000,650.000,-1,-1,2,0,2,0,2,0,0,0,0,2,2,2,2,0,0,2,2
39,-7035.015,-1491.764,22.349,-140.378,-0.767328,0.637709,-0.067343,-0.634757,-0.770265,-0.061452,-0.091060,-0.004408,0.995836,0,0.76682,0.58359,46.009,1.167,-1,400.000,-1,375.000,-1,325.000,325.000,300.000,275.000,-1,-1,-1,-1,750.000,650.000,-1,-1,2,0,2,0,2,0,0,0,0,2,2,2,2,0,0,2,2
40,-7069.782,-1521.877,18.195,-139.103,-0.752917,0.654701,-0.066950,-0.651701,-0.755879,-0.062713,-0.091665,-0.003587,0.995783,0,0.76660,0.63782,45.996,1.276,-1,400.000,-1,375.000,-1,325.000,325.000,300.000,275.000,-1,-1,-1,-1,750.000,650.000,-1,-1,2,0,2,0,2,0,0,0,0,2,2,2,2,0,0,2,2
41,-7103.864,-1552.755,13.969,-137.824,-0.738092,0.671406,-0.066587,-0.668369,-0.741085,-0.063845,-0.092213,-0.002619,0.995736,0,0.76648,0.63928,45.989,1.279,-1,400.000,-1,375.000,-1,325.000,325.000,300.000,275.000,-1,-1,-1,-1,750.000,650.000,-1,-1,2,0,2,0,2,0,0,0,0,2,2,2,2,0,0,2,2
42,-7137.241,-1584.380,9.672,-136.543,-0.722858,0.687813,-0.066257,-0.684750,-0.725887,-0.064849,-0.092699,-0.001507,0.995693,0,0.76633,0.64070,45.980,1.281,-1,400.000,-1,375.000,-1,325.000,300.000,300.000,275.000,-1,-1,-1,-1,750.000,625.000,-1,-1,2,0,2,0,2,0,0,0,0,2,2,2,2,0,0,2,2
43,-7169.892,-1616.739,5.787,-135.259,-0.707429,0.703907,-0.063707,-0.700809,-0.710289,-0.065999,-0.091708,-0.002044,0.995784,0,0.76616,0.64208,45.970,1.284,-1,400.000,-1,375.000,-1,325.000,300.000,300.000,300.000,-1,-1,-1,-1,750.000,650.000,-1,-1,2,0,2,0,2,0,0,0,0,2,2,2,2,0,0,2,2
44,-7201.800,-1649.814,1.903,-133.972,-0.691633,0.719680,-0.060871,-0.716564,-0.694301,-0.066953,-0.090447,-0.002689,0.995898,0,0.76597,0.64342,45.958,1.287,-1,400.000,-1,375.000,-1,325.000,300.000,300.000,300.000,-1,-1,-1,-1,750.000,650.000,-1,-1,2,0,2,0,2,0,0,0,0,2,2,2,2,0,0,2,2
45,-7232.947,-1683.590,-2.036,-132.682,-0.675449,0.735121,-0.058023,-0.732007,-0.677929,-0.067669,-0.089081,-0.003234,0.996019,0,0.76575,0.64473,45.945,1.289,-1,400.000,-1,375.000,-1,325.000,300.000,300.000,300.000,-1,-1,-1,-1,750.000,650.000,-1,-1,2,0,2,0,2,0,0,0,0,2,2,2,2,0,0,2,2
46,-7263.315,-1718.047,-6.036,-131.390,-0.658888,0.750218,-0.055132,-0.747126,-0.661180,-0.068149,-0.087578,-0.003712,0.996151,0,0.76550,0.64600,45.930,1.292,-1,400.000,-1,375.000,-1,325.000,325.000,300.000,300.000,-1,-1,-1,-1,750.000,650.000,-1,-1,2,0,2,0,2,0,0,0,0,2,2,2,2,0,0,2,2
47,-7292.887,-1753.170,-10.080,-130.096,-0.641950,0.764962,-0.052285,-0.761910,-0.644063,-0.068385,-0.085987,-0.004063,0.996288,0,0.76523,0.64722,45.914,1.294,-1,400.000,-1,375.000,-1,325.000,325.000,300.000,300.000,-1,-1,-1,-1,750.000,675.000,-1,-1,2,0,2,0,2,0,0,0,0,2,2,2,2,0,0,2,2
48,-7321.645,-1788.939,-13.941,-128.799,-0.624545,0.779344,-0.050654,-0.776347,-0.626587,-0.068372,-0.085024,-0.003376,0.996373,0,0.76494,0.64841,45.896,1.297,-1,400.000,-1,375.000,-1,325.000,325.000,300.000,300.000,-1,-1,-1,-1,750.000,675.000,-1,-1,2,0,2,0,2,0,0,0,0,2,2,2,2,0,0,2,2
49,-7349.573,-1825.336,-17.775,-127.500,-0.606752,0.793352,-0.049442,-0.790420,-0.608759,-0.068178,-0.084188,-0.002287,0.996447,0,0.76462,0.64955,45.877,1.299,-1,400.000,-1,375.000,-1,325.000,325.000,300.000,300.000,-1,-1,-1,-1,750.000,675.000,-1,-1,2,0,2,0,2,0,0,0,0,2,2,2,2,0,0,2,2
50,-7376.655,-1862.341,-21.644,-126.199,-0.588607,0.806974,-0.048322,-0.804120,-0.590586,-0.067819,-0.083267,-0.001062,0.996527,0,0.76428,0.65065,45.857,1.301,-1,400.000,-1,375.000,-1,325.000,325.000,300.000,300.000,-1,-1,-1,-1,750.000,675.000,-1,-1,2,0,2,0,2,0,0,0,0,2,2,2,2,0,0,2,2
51,-7402.876,-1899.934,-25.545,-124.895,-0.570118,0.820199,-0.047306,-0.817435,-0.572078,-0.067290,-0.082254,0.000306,0.996611,0,0.76391,0.65170,45.835,1.303,975.000,400.000,-1,375.000,-1,325.000,325.000,300.000,300.000,-1,-1,-1,-1,775.000,700.000,-1,-1,1,0,2,0,2,0,0,0,0,2,2,2,2,0,0,2,2
52,-7428.221,-1938.096,-29.472,-123.590,-0.551296,0.833018,-0.046408,-0.830355,-0.553242,-0.066586,-0.081142,0.001827,0.996701,0,0.76353,0.65271,45.812,1.305,925.000,400.000,-1,375.000,-1,325.000,325.000,300.000,300.000,-1,-1,-1,-1,775.000,700.000,-1,-1,1,0,2,0,2,0,0,0,0,2,2,2,2,0,0,2,2
53,-7452.676,-1976.805,-33.424,-122.282,-0.532148,0.845420,-0.045637,-0.842869,-0.534090,-0.065718,-0.079934,0.003495,0.996794,0,0.76312,0.65368,45.787,1.307,875.000,400.000,-1,375.000,-1,325.000,325.000,300.000,275.000,-1,-1,-1,-1,775.000,700.000,-1,-1,1,0,2,0,2,0,0,0,0,2,2,2,2,0,0,2,2
54,-7476.226,-2016.041,-37.397,-120.973,-0.512686,0.857396,-0.045003,-0.854968,-0.514630,-0.064695,-0.078629,0.005308,0.996890,0,0.76269,0.65460,45.761,1.309,825.000,400.000,-1,375.000,-1,325.000,325.000,300.000,275.000,-1,-1,-1,-1,775.000,725.000,-1,-1,1,0,2,0,2,0,0,0,0,2,2,2,2,0,0,2,2
55,-7498.859,-2055.783,-41.203,-119.662,-0.492943,0.868939,-0.044186,-0.866578,-0.494876,-0.064341,-0.077775,0.006574,0.996949,0,0.76224,0.65548,45.735,1.311,800.000,400.000,-1,375.000,-1,325.000,325.000,300.000,275.000,-1,-1,-1,-1,775.000,725.000,-1,-1,1,0,2,0,2,0,0,0,0,2,2,2,2,0,0,2,2
56,-7520.563,-2096.007,-44.666,-118.350,-0.472953,0.880046,-0.042821,-0.877639,-0.474841,-0.065383,-0.077873,0.006658,0.996941,0,0.76177,0.65630,45.706,1.313,750.000,400.000,-1,375.000,-1,325.000,325.000,300.000,275.000,-1,-1,-1,-1,775.000,725.000,-1,-1,1,0,2,0,2,0,0,0,0,2,2,2,2,0,0,2,2
57,-7541.325,-2136.693,-48.149,-117.036,-0.452680,0.890704,-0.041562,-0.888258,-0.454532,-0.066315,-0.077959,0.006898,0.996933,0,0.76129,0.65708,45.677,1.314,700.000,400.000,-1,375.000,-1,325.000,325.000,300.000,275.000,-1,-1,-1,-1,775.000,725.000,-1,-1,1,0,2,0,2,0,0,0,0,2,2,2,2,0,0,2,2
58,-7561.135,-2177.818,-51.663,-115.720,-0.432130,0.900902,-0.040479,-0.898425,-0.433960,-0.067162,-0.078073,0.007345,0.996921,0,0.76079,0.65782,45.647,1.316,650.000,400.000,-1,375.000,-1,325.000,325.000,300.000,275.000,-1,-1,-1,-1,775.000,750.000,-1,-1,1,0,2,0,2,0,0,0,0,2,2,2,2,0,0,2,2
59,-7579.981,-2219.359,-55.182,-114.403,-0.411324,0.910634,-0.039468,-0.908133,-0.413137,-0.067910,-0.078147,0.007909,0.996910,0,0.76027,0.65850,45.616,1.317,625.000,400.000,-1,375.000,-1,325.000,325.000,300.000,275.000,-1,-1,-1,-1,775.000,750.000,-1,-1,1,0,2,0,2,0,0,0,0,2,2,2,2,0,0,2,2
60,-7597.854,-2261.293,-58.705,-113.085,-0.390272,0.919893,-0.038529,-0.917374,-0.392076,-0.068565,-0.078179,0.008586,0.996902,0,0.75973,0.65914,45.584,1.318,575.000,400.000,-1,375.000,-1,325.000,325.000,275.000,275.000,-1,-1,-1,-1,750.000,750.000,-1,-1,1,0,2,0,2,0,0,0,0,2,2,2,2,0,0,2,2
61,-7615.910,-2306.388,-62.466,-111.822,-0.369918,0.928303,-0.037606,-0.925768,-0.371710,-0.069176,-0.078195,0.009225,0.996895,0,0.80960,0.63125,48.576,1.263,550.000,400.000,-1,400.000,-1,325.000,325.000,275.000,300.000,-1,-1,-1,-1,750.000,750.000,-1,-1,1,0,2,0,2,0,0,0,0,2,2,2,2,0,0,2,2
62,-7633.013,-2352.005,-66.240,-110.552,-0.349249,0.936309,-0.036760,-0.933764,-0.351036,-0.069704,-0.078169,0.009981,0.996890,0,0.81196,0.63516,48.718,1.270,500.000,400.000,-1,400.000,-1,325.000,325.000,275.000,300.000,-1,-1,-1,-1,750.000,750.000,-1,-1,1,0,2,0,2,0,0,0,0,2,2,2,2,0,0,2,2
63,-7649.139,-2398.123,-70.021,-109.274,-0.328270,0.943898,-0.035992,-0.941350,-0.330059,-0.070154,-0.078098,0.010851,0.996887,0,0.81427,0.63913,48.856,1.278,475.000,400.000,-1,400.000,-1,325.000,325.000,275.000,300.000,-1,-1,-1,-1,750.000,750.000,-1,-1,1,0,2,0,2,0,0,0,0,2,2,2,2,0,0,2,2
64,-7664.267,-2444.719,-73.808,-107.987,-0.306986,0.951059,-0.035302,-0.948514,-0.308782,-0.070530,-0.077979,0.011833,0.996885,0,0.81650,0.64319,48.990,1.286,425.000,400.000,-1,400.000,-1,325.000,325.000,275.000,300.000,-1,-1,-1,-1,750.000,775.000,-1,-1,1,0,2,0,2,0,0,0,0,2,2,2,2,0,0,2,2
65,-7678.376,-2491.768,-77.596,-106.692,-0.285401,0.957780,-0.034693,-0.955244,-0.287211,-0.070838,-0.077811,0.012923,0.996884,0,0.81866,0.64733,49.119,1.295,400.000,400.000,-1,400.000,-1,325.000,325.000,275.000,300.000,-1,-1,-1,-1,725.000,775.000,-1,-1,1,0,2,0,2,0,0,0,0,2,2,2,2,0,0,2,2
66,-7691.444,-2539.246,-81.382,-105.389,-0.263521,0.964049,-0.034163,-0.961528,-0.265351,-0.071081,-0.077591,0.014117,0.996885,0,0.82072,0.65156,49.243,1.303,375.000,400.000,-1,400.000,-1,325.000,325.000,275.000,300.000,-1,-1,-1,-1,725.000,775.000,-1,-1,1,0,2,0,2,0,0,0,0,2,2,2,2,0,0,2,2
67,-7703.450,-2587.124,-85.015,-104.078,-0.241322,0.969843,-0.034186,-0.967397,-0.243204,-0.070671,-0.076854,0.016017,0.996914,0,0.82268,0.65590,49.361,1.312,325.000,400.000,-1,400.000,-1,325.000,325.000,275.000,300.000,-1,-1,-1,-1,725.000,775.000,675.000,-1,1,0,2,0,2,0,0,0,0,2,2,2,2,0,0,1,2
68,-7714.373,-2635.374,-88.433,-102.757,-0.218798,0.975142,-0.034994,-0.972851,-0.220775,-0.069418,-0.075418,0.018855,0.996974,0,0.82452,0.66035,49.471,1.321,300.000,400.000,-1,400.000,-1,325.000,325.000,275.000,300.000,-1,-1,-1,-1,725.000,775.000,575.000,-1,1,0,2,0,2,0,0,0,0,2,2,2,2,0,0,1,2
69,-7723.578,-2679.915,-91.632,-101.676,-0.200279,0.979087,-0.035739,-0.976921,-0.202334,-0.068458,-0.074258,0.021203,0.997014,0,0.75804,0.54035,45.483,1.081,275.000,400.000,-1,400.000,-1,325.000,325.000,300.000,300.000,-1,-1,-1,-1,725.000,800.000,525.000,-1,1,0,2,0,2,0,0,0,0,2,2,2,2,0,0,1,2
70,-7732.141,-2724.656,-94.922,-100.835,-0.185831,0.981913,-0.036241,-0.979839,-0.187940,-0.067774,-0.073359,0.022916,0.997042,0,0.75922,0.42035,45.553,0.841,275.000,400.000,-1,400.000,-1,325.000,325.000,300.000,300.000,-1,-1,-1,-1,725.000,775.000,475.000,-1,1,0,2,0,2,0,0,0,0,2,2,2,2,0,0,1,2
71,-7740.240,-2769.515,-98.359,-100.235,-0.175497,0.983809,-0.036328,-0.981767,-0.177632,-0.067685,-0.073042,0.023788,0.997045,0,0.75974,0.30035,45.585,0.601,250.000,400.000,-1,400.000,-1,325.000,325.000,300.000,300.000,-1,-1,-1,-1,725.000,775.000,450.000,-1,1,0,2,0,2,0,0,0,0,2,2,2,2,0,0,1,2
72,-7748.055,-2814.412,-102.008,-99.874,-0.169312,0.984914,-0.035757,-0.982816,-0.171436,-0.068435,-0.073532,0.023556,0.997015,0,0.75954,0.18035,45.572,0.361,225.000,400.000,-1,400.000,-1,325.000,325.000,300.000,300.000,-1,-1,-1,-1,700.000,775.000,450.000,-1,1,0,2,0,2,0,0,0,0,2,2,2,2,0,0,1,2
73,-7755.765,-2859.265,-105.802,-99.753,-0.167281,0.985297,-0.034747,-0.983082,-0.169365,-0.069759,-0.074618,0.022490,0.996959,0,0.75851,0.06035,45.510,0.121,225.000,375.000,-1,400.000,-1,325.000,325.000,250.000,300.000,-1,-1,-1,-1,700.000,775.000,450.000,-1,1,0,2,0,2,0,0,1,0,2,2,2,2,0,0,1,2
74,-7763.548,-2903.986,-109.157,-99.873,-0.169299,0.984931,-0.035338,-0.982753,-0.171414,-0.069387,-0.074398,0.022981,0.996964,0,0.75655,-0.05965,45.393,-0.119,225.000,375.000,-1,400.000,-1,325.000,325.000,225.000,300.000,-1,-1,-1,-1,700.000,750.000,-1,-1,1,0,2,0,2,0,0,1,0,2,2,2,2,0,0,2,2
75,-7771.580,-2948.482,-112.514,-100.232,-0.175445,0.983832,-0.035979,-0.981680,-0.177586,-0.069041,-0.074315,0.023207,0.996965,0,0.75358,-0.17965,45.215,-0.359,225.000,375.000,-1,400.000,-1,325.000,325.000,200.000,300.000,-1,-1,-1,-1,700.000,750.000,-1,-1,1,0,2,0,2,0,0,1,0,2,2,2,2,0,0,2,2
76,-7780.031,-2992.651,-115.877,-100.831,-0.185705,0.981922,-0.036653,-0.979787,-0.187867,-0.068728,-0.074371,0.023149,0.996962,0,0.74951,-0.29965,44.971,-0.599,250.000,375.000,-1,400.000,-1,325.000,325.000,175.000,300.000,-1,-1,-1,-1,700.000,750.000,-1,-1,1,0,2,0,2,0,0,1,0,2,2,2,2,0,0,2,2
77,-7789.064,-3036.385,-119.247,-101.671,-0.200057,0.979073,-0.037341,-0.976943,-0.202232,-0.068449,-0.074568,0.022786,0.996956,0,0.74427,-0.41965,44.656,-0.839,275.000,375.000,-1,400.000,-1,325.000,325.000,175.000,300.000,-1,-1,-1,-1,675.000,750.000,-1,-1,1,0,2,0,2,0,0,1,0,2,2,2,2,0,0,2,2
78,-7798.706,-3079.592,-122.625,-102.580,-0.215559,0.975751,-0.038003,-0.973620,-0.217744,-0.068207,-0.074828,0.022298,0.996947,0,0.73783,-0.45459,44.270,-0.909,350.000,375.000,-1,400.000,-1,325.000,325.000,150.000,300.000,-1,-1,-1,-1,675.000,750.000,-1,-1,1,0,2,0,2,0,0,1,0,2,2,2,2,0,0,2,2
79,-7808.926,-3122.220,-126.007,-103.481,-0.230869,0.972218,-0.038631,-0.970081,-0.233064,-0.068003,-0.075117,0.021775,0.996937,0,0.73060,-0.45052,43.836,-0.901,475.000,375.000,-1,400.000,-1,325.000,325.000,150.000,300.000,-1,-1,-1,-1,675.000,750.000,-1,-1,1,0,2,0,2,0,0,1,0,2,2,2,2,0,0,2,2
80,-7819.696,-3164.233,-129.391,-104.378,-0.246061,0.968460,-0.039227,-0.966314,-0.248263,-0.067838,-0.075437,0.021213,0.996925,0,0.72286,-0.44863,43.371,-0.897,-1,375.000,-1,400.000,-1,325.000,325.000,150.000,300.000,-1,-1,-1,-1,675.000,725.000,-1,-1,2,0,2,0,2,0,0,1,0,2,2,2,2,0,0,2,2
81,-7830.991,-3205.600,-132.442,-105.272,-0.261000,0.964452,-0.041368,-0.962275,-0.263344,-0.068387,-0.076850,0.021958,0.996801,0,0.71470,-0.44715,42.882,-0.894,-1,375.000,-1,400.000,-1,300.000,325.000,150.000,300.000,950.000,-1,-1,-1,675.000,725.000,-1,-1,2,0,2,0,2,0,0,1,0,1,2,2,2,0,0,2,2
82,-7842.788,-3246.300,-134.922,-106.164,-0.275617,0.960167,-0.045985,-0.957994,-0.278309,-0.069229,-0.079269,0.024972,0.996540,0,0.70624,-0.44606,42.374,-0.892,-1,375.000,-1,375.000,-1,300.000,325.000,150.000,300.000,950.000,-1,-1,-1,675.000,700.000,-1,-1,2,0,2,0,2,0,0,1,0,1,2,2,2,0,0,2,2
83,-7855.064,-3286.314,-137.590,-107.055,-0.290246,0.955669,-0.049528,-0.953556,-0.293185,-0.069092,-0.080550,0.027174,0.996380,0,0.69758,-0.44538,41.855,-0.891,-1,375.000,-1,375.000,-1,300.000,300.000,175.000,300.000,925.000,-1,-1,-1,675.000,700.000,-1,-1,2,0,2,0,2,0,0,1,0,1,2,2,2,0,0,2,2
84,-7867.798,-3325.635,-140.541,-107.945,-0.304937,0.950975,-0.051574,-0.948931,-0.307989,-0.068353,-0.080886,0.028097,0.996327,0,0.68885,-0.44509,41.331,-0.890,-1,375.000,-1,375.000,-1,300.000,300.000,175.000,275.000,925.000,-1,-1,-1,675.000,700.000,-1,-1,2,0,2,0,2,0,0,1,0,1,2,2,2,0,0,2,2
85,-7880.974,-3364.259,-143.700,-108.836,-0.319747,0.946094,-0.051649,-0.944114,-0.322736,-0.067009,-0.080066,0.027337,0.996415,0,0.68017,-0.44517,40.810,-0.890,-1,375.000,-1,375.000,-1,300.000,300.000,175.000,275.000,900.000,-1,-1,-1,675.000,700.000,-1,-1,2,0,2,0,2,0,0,1,0,1,2,2,2,0,0,2,2
86,-7894.577,-3402.191,-147.049,-109.727,-0.334703,0.941024,-0.049467,-0.939103,-0.337436,-0.064986,-0.077845,0.024703,0.996659,0,0.67163,-0.44562,40.298,-0.891,-1,375.000,-1,375.000,-1,300.000,325.000,200.000,300.000,900.000,-1,-1,-1,675.000,700.000,-1,-1,2,0,2,0,2,0,0,1,0,1,2,2,2,0,0,2,2
87,-7908.593,-3439.442,-150.636,-110.620,-0.349785,0.935745,-0.045065,-0.933883,-0.352094,-0.062390,-0.074248,0.020262,0.997034,0,0.66335,-0.44643,39.801,-0.893,-1,375.000,-1,375.000,-1,325.000,325.000,200.000,300.000,300.000,-1,-1,-1,675.000,725.000,-1,-1,2,0,2,0,2,0,0,1,0,1,2,2,2,0,0,2,2
88,-7923.015,-3476.027,-153.304,-111.515,-0.364414,0.930145,-0.045086,-0.928324,-0.366675,-0.061350,-0.073597,0.019498,0.997097,0,0.65541,-0.44756,39.325,-0.895,-1,375.000,-1,400.000,-1,325.000,325.000,225.000,300.000,250.000,-1,-1,-1,675.000,725.000,-1,-1,2,0,2,0,2,0,0,1,0,1,2,2,2,0,0,2,2
89,-7937.837,-3511.963,-155.972,-112.413,-0.379002,0.924298,-0.045063,-0.922515,-0.381214,-0.060354,-0.072964,0.018697,0.997159,0,0.64788,-0.44902,38.873,-0.898,-1,375.000,-1,400.000,-1,325.000,325.000,225.000,300.000,250.000,-1,-1,-1,675.000,725.000,-1,-1,2,0,2,0,2,0,0,1,0,1,2,2,2,0,0,2,2
90,-7953.054,-3547.272,-158.645,-113.315,-0.393556,0.918200,-0.044983,-0.916450,-0.395716,-0.059399,-0.072340,0.017848,0.997220,0,0.64081,-0.45077,38.449,-0.902,-1,375.000,-1,400.000,-1,325.000,325.000,250.000,300.000,250.000,-1,-1,-1,675.000,725.000,-1,-1,2,0,2,0,2,0,0,1,0,1,2,2,2,0,0,2,2
91,-7968.666,-3581.977,-161.325,-114.220,-0.408078,0.911845,-0.044846,-0.910125,-0.410185,-0.058483,-0.071723,0.016950,0.997281,0,0.63426,-0.45280,38.056,-0.906,-1,375.000,-1,400.000,-1,325.000,325.000,275.000,300.000,250.000,-1,-1,-1,675.000,725.000,-1,-1,2,0,2,0,2,0,0,1,0,1,2,2,2,0,0,2,2
92,-7984.675,-3616.104,-164.013,-115.130,-0.422574,0.905228,-0.044654,-0.903535,-0.424625,-0.057608,-0.071109,0.016003,0.997340,0,0.62825,-0.45510,37.695,-0.910,-1,375.000,-1,400.000,-1,325.000,325.000,275.000,300.000,250.000,-1,-1,-1,675.000,725.000,-1,-1,2,0,2,0,2,0,0,1,0,1,2,2,2,0,0,2,2
93,-8001.083,-3649.677,-166.711,-116.046,-0.437044,0.898343,-0.044407,-0.896673,-0.439038,-0.056774,-0.070498,0.015006,0.997399,0,0.62281,-0.45764,37.368,-0.915,-1,375.000,-1,400.000,-1,325.000,325.000,300.000,300.000,250.000,-1,-1,-1,675.000,725.000,-1,-1,2,0,2,0,2,0,0,1,0,1,2,2,2,0,0,2,2
94,-8017.896,-3682.722,-169.421,-116.966,-0.451491,0.891185,-0.044104,-0.889535,-0.453425,-0.055981,-0.069887,0.013957,0.997457,0,0.61793,-0.46042,37.076,-0.921,-1,375.000,-1,400.000,-1,325.000,325.000,300.000,300.000,250.000,-1,-1,-1,675.000,750.000,-1,-1,2,0,2,0,2,0,0,0,0,1,2,2,2,0,0,2,2
95,-8035.120,-3715.263,-172.146,-117.893,-0.465915,0.883747,-0.043747,-0.882114,-0.467788,-0.055230,-0.069273,0.012857,0.997515,0,0.61364,-0.46341,36.818,-0.927,-1,375.000,-1,400.000,-1,325.000,325.000,300.000,300.000,275.000,-1,-1,-1,675.000,750.000,-1,-1,2,0,2,0,2,0,0,0,0,1,2,2,2,0,0,2,2
96,-8052.764,-3747.322,-174.888,-118.827,-0.480317,0.876024,-0.043335,-0.874404,-0.482126,-0.054521,-0.068655,0.011705,0.997572,0,0.60991,-0.46660,36.595,-0.933,-1,375.000,-1,400.000,-1,325.000,325.000,300.000,300.000,275.000,-1,-1,-1,675.000,750.000,-1,-1,2,0,2,0,2,0,0,0,0,1,2,2,2,0,0,2,2
97,-8070.838,-3778.924,-177.508,-119.766,-0.494643,0.868003,-0.043582,-0.866394,-0.496436,-0.053965,-0.068478,0.011066,0.997591,0,0.60674,-0.46999,36.405,-0.940,-1,375.000,-1,400.000,-1,325.000,325.000,300.000,300.000,300.000,-1,-1,-1,675.000,750.000,-1,-1,2,0,2,0,2,0,0,0,0,1,2,2,2,0,0,2,2
98,-8089.351,-3810.086,-180.096,-120.714,-0.508925,0.859683,-0.044056,-0.858084,-0.510718,-0.053467,-0.068465,0.010592,0.997597,0,0.60412,-0.47356,36.247,-0.947,-1,375.000,-1,400.000,-1,325.000,325.000,300.000,300.000,325.000,-1,-1,-1,675.000,725.000,-1,-1,2,0,2,0,2,0,0,0,0,1,2,2,2,0,0,2,2
99,-8108.315,-3840.830,-182.705,-121.668,-0.523181,0.851060,-0.044487,-0.849468,-0.524972,-0.052983,-0.068447,0.010071,0.997604,0,0.60203,-0.47729,36.122,-0.955,-1,375.000,-1,400.000,-1,325.000,325.000,300.000,300.000,350.000,-1,-1,-1,675.000,725.000,-1,-1,2,0,2,0,2,0,0,0,0,1,2,2,2,0,0,2,2
100,-8130.233,-3875.386,-185.481,-122.385,-0.533769,0.844415,-0.045315,-0.842925,-0.535580,-0.051300,-0.067588,0.010815,0.997655,0,0.68203,-0.35860,40.922,-0.717,-1,375.000,-1,400.000,-1,325.000,325.000,300.000,300.000,375.000,-1,-1,-1,675.000,725.000,-1,-1,2,0,2,0,2,0,0,0,0,1,2,2,2,0,0,2,2
101,-8155.210,-3913.683,-188.593,-123.112,-0.544404,0.837548,-0.046232,-0.836184,-0.546235,-0.049231,-0.066487,0.011857,0.997717,0,0.76203,-0.36318,45.722,-0.726,-1,375.000,-1,400.000,-1,325.000,325.000,300.000,300.000,400.000,750.000,-1,-1,700.000,725.000,-1,-1,2,0,2,0,2,0,0,0,0,1,1,2,2,0,0,2,2
102,-8182.748,-3954.742,-191.962,-123.849,-0.555111,0.830442,-0.047086,-0.829201,-0.556956,-0.047181,-0.065406,0.012853,0.997776,0,0.82398,-0.36850,49.439,-0.737,-1,375.000,-1,400.000,-1,325.000,325.000,300.000,300.000,425.000,750.000,1000.000,-1,700.000,725.000,-1,-1,2,0,2,0,2,0,0,0,0,1,1,0,2,0,0,2,2
103,-8210.842,-3995.471,-195.304,-124.598,-0.565907,0.823085,-0.047756,-0.821938,-0.567758,-0.045489,-0.064555,0.013509,0.997823,0,0.82464,-0.37445,49.478,-0.749,-1,375.000,-1,400.000,-1,325.000,325.000,300.000,300.000,475.000,775.000,1000.000,-1,700.000,725.000,-1,-1,2,0,2,0,2,0,0,0,0,1,1,0,2,0,0,2,2
104,-8239.517,-4035.883,-198.480,-125.359,-0.576794,0.815469,-0.048159,-0.814367,-0.578642,-0.044485,-0.064143,0.013561,0.997849,0,0.82588,-0.38060,49.553,-0.761,-1,375.000,-1,400.000,-1,325.000,325.000,300.000,275.000,525.000,800.000,1000.000,-1,700.000,725.000,-1,-1,2,0,2,0,2,0,0,0,0,1,1,0,2,0,0,2,2
105,-8268.800,-4075.991,-201.506,-126.133,-0.587760,0.807579,-0.048524,-0.806524,-0.589603,-0.043446,-0.063696,0.013600,0.997877,0,0.82766,-0.38694,49.660,-0.774,-1,375.000,-1,400.000,-1,325.000,325.000,300.000,275.000,550.000,825.000,1000.000,-1,675.000,725.000,-1,-1,2,0,2,0,2,0,0,0,0,1,1,1,2,0,0,2,2
106,-8298.713,-4115.803,-204.594,-126.920,-0.598804,0.799406,-0.048825,-0.798393,-0.600639,-0.042453,-0.063264,0.013560,0.997905,0,0.82996,-0.39345,49.797,-0.787,-1,375.000,-1,400.000,-1,325.000,325.000,300.000,275.000,600.000,875.000,-1,-1,675.000,725.000,-1,-1,2,0,2,0,2,0,0,0,0,1,1,2,2,0,0,2,2
107,-8329.280,-4155.324,-207.746,-127.720,-0.609924,0.790940,-0.049064,-0.789964,-0.611746,-0.041509,-0.062845,0.013442,0.997933,0,0.83272,-0.40014,49.963,-0.800,-1,375.000,-1,375.000,-1,325.000,325.000,300.000,275.000,675.000,900.000,-1,-1,675.000,725.000,-1,-1,2,0,2,0,2,0,0,0,0,1,1,2,2,0,0,2,2
108,-8360.526,-4194.557,-210.720,-128.534,-0.621195,0.782181,-0.048069,-0.781223,-0.622930,-0.040615,-0.061712,0.012323,0.998018,0,0.83592,-0.40699,50.155,-0.814,-1,375.000,-1,375.000,-1,325.000,325.000,300.000,300.000,725.000,925.000,925.000,-1,675.000,725.000,-1,-1,2,0,2,0,2,0,0,0,0,1,1,0,2,0,0,2,2
109,-8392.473,-4233.503,-213.759,-129.362,-0.632531,0.773108,-0.046996,-0.772163,-0.634177,-0.039808,-0.060580,0.011109,0.998102,0,0.83953,-0.41399,50.372,-0.828,-1,375.000,-1,400.000,-1,325.000,325.000,300.000,300.000,800.000,950.000,875.000,-1,675.000,725.000,-1,-1,2,0,2,0,2,0,0,0,0,1,1,0,2,0,0,2,2
110,-8425.143,-4272.157,-216.873,-130.204,-0.643924,0.763712,-0.045882,-0.762775,-0.645482,-0.039092,-0.059471,0.009826,0.998182,0,0.84352,-0.42115,50.611,-0.842,-1,375.000,-1,400.000,-1,325.000,325.000,300.000,300.000,900.000,975.000,850.000,-1,675.000,725.000,-1,-1,2,0,2,0,2,0,0,0,0,1,1,0,2,0,0,2,2
111,-8455.223,-4306.998,-219.749,-130.806,-0.651999,0.756892,-0.044846,-0.755962,-0.653481,-0.038522,-0.058463,0.008786,0.998251,0,0.76716,-0.30115,46.030,-0.602,-1,375.000,-1,400.000,-1,325.000,325.000,300.000,300.000,1000.000,950.000,825.000,-1,675.000,750.000,-1,-1,2,0,2,0,2,0,0,0,0,1,0,0,2,0,0,2,2
112,-8486.069,-4341.956,-222.449,-131.423,-0.660190,0.749824,-0.043752,-0.748899,-0.661593,-0.038011,-0.057448,0.007671,0.998319,0,0.77703,-0.30827,46.622,-0.617,-1,375.000,-1,400.000,-1,325.000,325.000,300.000,300.000,-1,925.000,825.000,-1,675.000,750.000,-1,-1,2,0,2,0,2,0,0,0,0,2,0,0,2,0,0,2,2
113,-8517.730,-4377.027,-225.063,-132.076,-0.668724,0.742242,-0.043411,-0.741328,-0.670094,-0.037515,-0.056935,0.007095,0.998353,0,0.78748,-0.32631,47.249,-0.653,-1,375.000,-1,400.000,-1,325.000,325.000,300.000,300.000,-1,950.000,850.000,-1,675.000,750.000,-1,-1,2,0,2,0,2,0,0,0,0,2,0,0,2,0,0,2,2
114,-8550.261,-4412.200,-227.763,-132.765,-0.677646,0.734128,-0.043044,-0.733220,-0.678981,-0.037068,-0.056439,0.006442,0.998385,0,0.79850,-0.34477,47.910,-0.690,-1,375.000,-1,400.000,-1,325.000,325.000,300.000,300.000,-1,975.000,875.000,-1,675.000,750.000,-1,-1,2,0,2,0,2,0,0,0,0,2,0,0,2,0,0,2,2
115,-8583.714,-4447.461,-230.552,-133.492,-0.686949,0.725453,-0.042647,-0.724548,-0.688248,-0.036676,-0.055959,0.005705,0.998417,0,0.81008,-0.36365,48.605,-0.727,-1,375.000,-1,400.000,-1,325.000,325.000,300.000,300.000,-1,1000.000,900.000,-1,650.000,750.000,-1,-1,2,0,2,0,2,0,0,0,0,2,0,0,2,0,0,2,2
116,-8618.142,-4482.793,-233.427,-134.258,-0.696623,0.716191,-0.042267,-0.715285,-0.697887,-0.036340,-0.055524,0.004918,0.998445,0,0.82221,-0.38298,49.332,-0.766,-1,375.000,-1,400.000,-1,325.000,325.000,300.000,300.000,-1,-1,925.000,-1,650.000,750.000,-1,-1,2,0,2,0,2,0,0,0,0,2,2,0,2,0,0,2,2
117,-8653.193,-4518.108,-236.034,-134.784,-0.703161,0.709751,-0.042634,-0.708918,-0.704429,-0.034848,-0.054766,0.005721,0.998483,0,0.82928,-0.26298,49.757,-0.526,-1,375.000,-1,400.000,-1,325.000,325.000,300.000,300.000,-1,1000.000,950.000,-1,650.000,725.000,-1,-1,2,0,2,0,2,0,0,0,0,2,0,0,2,0,0,2,2
118,-8688.980,-4553.808,-238.562,-135.070,-0.706684,0.706219,-0.043050,-0.705514,-0.707954,-0.032411,-0.053367,0.007469,0.998547,0,0.84248,-0.14298,50.549,-0.286,-1,375.000,-1,400.000,-1,325.000,325.000,300.000,300.000,-1,925.000,900.000,-1,650.000,725.000,-1,-1,2,0,2,0,2,0,0,0,0,2,0,0,2,0,0,2,2
119,-8725.379,-4590.059,-241.180,-135.116,-0.707239,0.705638,-0.043451,-0.705069,-0.708508,-0.029883,-0.051872,0.009501,0.998609,0,0.85620,-0.02298,51.372,-0.046,-1,375.000,-1,400.000,-1,325.000,325.000,300.000,300.000,-1,875.000,850.000,-1,650.000,725.000,-1,-1,2,0,2,0,2,0,0,0,0,2,0,0,2,0,0,2,2
120,-8762.254,-4627.034,-243.890,-134.922,-0.704831,0.708016,-0.043886,-0.707591,-0.706097,-0.027242,-0.050275,0.011853,0.998665,0,0.87033,0.09702,52.220,0.194,-1,375.000,-1,400.000,-1,325.000,325.000,300.000,300.000,-1,850.000,800.000,-1,650.000,700.000,-1,-1,2,0,2,0,2,0,0,0,0,2,0,0,2,0,0,2,2
121,-8799.457,-4664.908,-246.682,-134.488,-0.699431,0.713320,-0.044405,-0.713046,-0.700688,-0.024513,-0.048599,0.014518,0.998713,0,0.88482,0.21702,53.089,0.434,-1,375.000,-1,400.000,-1,300.000,325.000,300.000,275.000,-1,800.000,750.000,-1,650.000,700.000,-1,-1,2,0,2,0,2,0,0,0,0,2,0,0,2,0,0,2,2
122,-8836.825,-4703.856,-249.234,-133.814,-0.690968,0.721488,-0.044930,-0.721326,-0.692224,-0.022666,-0.047455,0.016748,0.998733,0,0.89959,0.33702,53.975,0.674,-1,375.000,-1,400.000,-1,300.000,325.000,300.000,275.000,-1,825.000,750.000,-1,650.000,675.000,-1,-1,2,0,2,0,2,0,0,0,0,2,0,0,2,0,0,2,2
123,-8873.744,-4743.586,-251.764,-132.900,-0.679341,0.732400,-0.045686,-0.732384,-0.680590,-0.020263,-0.045934,0.019694,0.998750,0,0.90394,0.45702,54.237,0.914,-1,375.000,-1,375.000,-1,300.000,325.000,300.000,275.000,-1,825.000,750.000,-1,650.000,675.000,-1,-1,2,0,2,0,2,0,0,0,0,2,0,0,2,0,0,2,2
124,-8909.856,-4784.053,-254.231,-131.746,-0.664413,0.745913,-0.046570,-0.746029,-0.665661,-0.018327,-0.044670,0.022566,0.998747,0,0.90395,0.57702,54.237,1.154,-1,375.000,-1,375.000,-1,300.000,300.000,300.000,275.000,-1,825.000,725.000,-1,650.000,675.000,-1,-1,2,0,2,0,2,0,0,0,0,2,0,0,2,0,0,2,2
125,-8944.973,-4825.386,-256.651,-130.352,-0.646020,0.761834,-0.047611,-0.762074,-0.647272,-0.016773,-0.043595,0.025448,0.998725,0,0.90395,0.69702,54.237,1.394,-1,375.000,-1,375.000,-1,300.000,300.000,300.000,275.000,-1,850.000,700.000,-1,650.000,650.000,-1,-1,2,0,2,0,2,0,0,0,0,2,0,0,2,0,0,2,2
126,-8978.933,-4867.674,-258.422,-128.768,-0.624833,0.779426,-0.045600,-0.779714,-0.625952,-0.015180,-0.040375,0.026070,0.998844,0,0.90395,0.79214,54.237,1.584,-1,375.000,-1,375.000,-1,300.000,300.000,300.000,275.000,-1,800.000,650.000,-1,650.000,650.000,-1,-1,2,0,2,0,2,0,0,0,0,2,0,0,2,0,0,2,2
127,-9011.712,-4910.884,-260.137,-127.183,-0.603183,0.796425,-0.043329,-0.796754,-0.604157,-0.013316,-0.036783,0.026491,0.998972,0,0.90395,0.79214,54.237,1.584,-1,375.000,-1,375.000,-1,300.000,300.000,300.000,300.000,-1,725.000,600.000,-1,650.000,650.000,-1,-1,2,0,2,0,2,0,0,0,0,2,0,0,2,0,0,2,2
128,-9040.657,-4950.961,-261.724,-125.839,-0.584456,0.810371,-0.041352,-0.810737,-0.585300,-0.011371,-0.033418,0.026880,0.999080,0,0.82395,0.67214,49.437,1.344,-1,375.000,-1,375.000,-1,300.000,325.000,300.000,300.000,-1,650.000,575.000,-1,650.000,675.000,-1,-1,2,0,2,0,2,0,0,0,0,2,0,0,2,0,0,2,2
129,-9066.090,-4987.643,-263.178,-124.735,-0.568839,0.821493,-0.039643,-0.821890,-0.569569,-0.009432,-0.030327,0.027217,0.999169,0,0.74395,0.55214,44.637,1.104,-1,375.000,-1,375.000,-1,300.000,325.000,275.000,300.000,-1,625.000,550.000,-1,650.000,675.000,-1,-1,2,0,2,0,2,0,0,0,0,2,0,0,2,0,0,2,2
130,-9088.291,-5020.720,-264.498,-123.871,-0.556478,0.829985,-0.038174,-0.830405,-0.557108,-0.007570,-0.027550,0.027487,0.999242,0,0.66395,0.43214,39.837,0.864,-1,375.000,-1,375.000,-1,300.000,325.000,275.000,300.000,-1,525.000,475.000,-1,650.000,675.000,-1,-1,2,0,2,0,2,0,0,0,0,2,0,0,2,0,0,2,2
131,-9107.499,-5050.022,-265.556,-123.246,-0.547459,0.835990,-0.037546,-0.836443,-0.548021,-0.005905,-0.025513,0.028172,0.999277,0,0.58395,0.31214,35.037,0.624,-1,375.000,-1,375.000,-1,300.000,325.000,275.000,300.000,-1,475.000,450.000,-1,650.000,675.000,-1,-1,2,0,2,0,2,0,0,0,0,2,0,0,2,0,0,2,2
132,-9123.906,-5075.420,-266.340,-122.862,-0.541859,0.839619,-0.037788,-0.840118,-0.542384,-0.004506,-0.024279,0.029305,0.999276,0,0.50395,0.19214,30.237,0.384,-1,375.000,-1,375.000,-1,300.000,325.000,275.000,300.000,-1,475.000,450.000,-1,650.000,650.000,-1,-1,2,0,2,0,2,0,0,0,0,2,0,0,2,0,0,2,2
133,-9137.654,-5096.821,-266.924,-122.718,-0.539773,0.840967,-0.037683,-0.841493,-0.540258,-0.003285,-0.023122,0.029937,0.999284,0,0.42395,0.07214,25.437,0.144,-1,375.000,-1,375.000,-1,300.000,325.000,300.000,300.000,-1,475.000,450.000,-1,650.000,650.000,-1,-1,2,0,2,0,2,0,0,0,0,2,0,0,2,0,0,2,2
134,-9148.837,-5114.165,-267.358,-122.813,-0.541207,0.840055,-0.037450,-0.840596,-0.541657,-0.002281,-0.022201,0.030246,0.999296,0,0.34395,-0.04786,20.637,-0.096,-1,375.000,-1,375.000,-1,300.000,325.000,300.000,300.000,-1,475.000,450.000,-1,650.000,650.000,-1,-1,2,0,2,0,2,0,0,0,0,2,0,0,2,0,0,2,2
