timestep,x_cm,y_cm,z_cm,yaw_deg,basis_xx,basis_xy,basis_xz,basis_yx,basis_yy,basis_yz,basis_zx,basis_zy,basis_zz,teleport_flag,throttle_cmd,steering_cmd,cmd_move_cm,cmd_turn_deg,lidar_cm_0,lidar_cm_1,lidar_cm_2,lidar_cm_3,lidar_cm_4,lidar_cm_5,lidar_cm_6,lidar_cm_7,lidar_cm_8,lidar_cm_9,lidar_cm_10,lidar_cm_11,lidar_cm_12,lidar_cm_13,lidar_cm_14,lidar_cm_15,lidar_cm_16,lidar_class_0,lidar_class_1,lidar_class_2,lidar_class_3,lidar_class_4,lidar_class_5,lidar_class_6,lidar_class_7,lidar_class_8,lidar_class_9,lidar_class_10,lidar_class_11,lidar_class_12,lidar_class_13,lidar_class_14,lidar_class_15,lidar_class_16
0,1637.987,-2956.127,90.821,67.427,0.383955,-0.923313,-0.008453,0.923306,0.383830,0.013431,-0.009156,-0.012962,0.999874,1,-0.08000,-0.08522,-4.800,-0.170,-1,425.000,-1,450.000,-1,350.000,350.000,300.000,300.000,-1,-1,-1,650.000,975.000,-1,-1,-1,2,0,2,0,2,0,0,0,0,2,2,2,1,0,2,2,2
1,1634.275,-2964.980,90.942,67.254,0.386737,-0.922145,-0.009137,0.922154,0.386616,0.012638,-0.008122,-0.013314,0.999878,0,-0.16000,-0.08656,-9.600,-0.173,-1,425.000,-1,450.000,-1,350.000,350.000,300.000,300.000,-1,-1,-1,650.000,975.000,-1,-1,-1,2,0,2,0,2,0,0,0,0,2,2,2,1,0,2,2,2
2,1628.666,-2978.243,91.113,67.075,0.389595,-0.920930,-0.010161,0.920963,0.389482,0.011457,-0.006594,-0.013822,0.999883,0,-0.24000,-0.08919,-14.400,-0.178,-1,425.000,-1,450.000,-1,350.000,350.000,300.000,300.000,-1,-1,-1,650.000,1000.000,-1,-1,-1,2,0,2,0,2,0,0,0,0,2,2,2,1,0,2,2,2
3,1621.129,-2995.902,91.333,66.889,0.392568,-0.919651,-0.011525,0.919712,0.392470,0.009896,-0.004578,-0.014484,0.999885,0,-0.32000,-0.09311,-19.200,-0.186,-1,425.000,-1,450.000,-1,350.000,350.000,300.000,300.000,-1,-1,-1,650.000,1000.000,-1,-1,-1,2,0,2,0,2,0,0,0,0,2,2,2,1,0,2,2,2
4,1611.634,-3017.943,91.595,66.693,0.395692,-0.918288,-0.013227,0.918381,0.395617,0.007964,-0.002080,-0.015299,0.999881,0,-0.40000,-0.09825,-24.000,-0.197,-1,425.000,-1,450.000,-1,350.000,350.000,300.000,300.000,-1,-1,-1,625.000,-1,-1,-1,-1,2,0,2,0,2,0,0,0,0,2,2,2,1,2,2,2,2
5,1600.142,-3044.351,91.895,66.484,0.398999,-0.916824,-0.015267,0.916951,0.398960,0.005672,0.000891,-0.016262,0.999867,0,-0.48000,-0.10456,-28.800,-0.209,-1,425.000,-1,450.000,-1,350.000,350.000,300.000,300.000,-1,-1,-1,625.000,-1,-1,-1,-1,2,0,2,0,2,0,0,0,0,2,2,2,1,2,2,2,2
6,1586.615,-3075.108,92.224,66.260,0.402521,-0.915241,-0.017641,0.915401,0.402532,0.003035,0.004323,-0.017370,0.999840,0,-0.56000,-0.11196,-33.600,-0.224,-1,450.000,-1,450.000,-1,350.000,350.000,300.000,300.000,-1,-1,-1,625.000,-1,-1,-1,-1,2,0,2,0,2,0,0,0,0,2,2,2,1,2,2,2,2
7,1571.008,-3110.193,92.575,66.019,0.406281,-0.913522,-0.020345,0.913711,0.406364,0.000069,0.008204,-0.018618,0.999793,0,-0.64000,-0.12034,-38.400,-0.241,-1,450.000,-1,475.000,-1,350.000,350.000,300.000,325.000,-1,-1,-1,625.000,-1,-1,-1,-1,2,0,2,0,2,0,0,0,0,2,2,2,1,2,2,2,2
8,1554.310,-3147.277,92.919,65.760,0.410309,-0.911651,-0.023202,0.911864,0.410482,-0.003015,0.012273,-0.019920,0.999726,0,-0.67783,-0.12957,-40.670,-0.259,-1,450.000,-1,475.000,-1,350.000,375.000,300.000,325.000,-1,-1,-1,625.000,-1,-1,-1,-1,2,0,2,0,2,0,0,0,0,2,2,2,1,2,2,2,2
9,1537.503,-3184.128,92.502,65.482,0.414694,-0.909675,-0.022809,0.909846,0.414910,-0.005491,0.014459,-0.018476,0.999725,0,-0.67505,-0.13894,-40.503,-0.278,-1,450.000,-1,475.000,-1,350.000,350.000,300.000,325.000,-1,-1,-1,625.000,-1,-1,-1,-1,2,0,2,0,2,0,0,0,0,2,2,2,1,2,2,2,2
10,1520.598,-3220.691,91.945,65.186,0.419354,-0.907552,-0.022175,0.907665,0.419612,-0.008413,0.016940,-0.016599,0.999719,0,-0.67137,-0.14783,-40.282,-0.296,-1,450.000,-1,450.000,-1,350.000,350.000,300.000,325.000,-1,-1,-1,650.000,-1,-1,-1,-1,2,0,2,0,2,0,0,0,0,2,2,2,1,2,2,2,2
11,1503.610,-3256.914,90.955,64.874,0.424276,-0.905296,-0.020706,0.905299,0.424576,-0.013033,0.020590,-0.013216,0.999701,0,-0.66680,-0.15620,-40.008,-0.312,-1,450.000,-1,450.000,-1,350.000,350.000,300.000,300.000,-1,-1,-1,650.000,-1,-1,-1,-1,2,0,2,0,2,0,0,0,0,2,2,2,1,2,2,2,2
12,1486.557,-3292.742,89.964,64.546,0.429448,-0.902885,-0.019325,0.902769,0.429769,-0.017538,0.024140,-0.009914,0.999659,0,-0.66134,-0.16403,-39.680,-0.328,-1,450.000,-1,450.000,-1,350.000,350.000,300.000,300.000,-1,-1,-1,675.000,-1,-1,-1,-1,2,0,2,0,2,0,0,0,0,2,2,2,1,2,2,2,2
13,1469.454,-3328.126,88.975,64.203,0.434849,-0.900323,-0.018033,0.900081,0.435171,-0.021921,0.027584,-0.006699,0.999597,0,-0.65501,-0.17129,-39.301,-0.343,-1,450.000,-1,450.000,-1,350.000,350.000,300.000,300.000,-1,-1,-1,725.000,-1,-1,-1,-1,2,0,2,0,2,0,0,0,0,2,2,2,1,2,2,2,2
14,1452.321,-3363.017,87.982,63.847,0.440455,-0.897617,-0.016851,0.897243,0.440762,-0.026143,0.030894,-0.003605,0.999516,0,-0.64785,-0.17796,-38.871,-0.356,-1,450.000,-1,425.000,-1,350.000,350.000,325.000,300.000,-1,-1,-1,800.000,-1,-1,-1,-1,2,0,2,0,2,0,0,0,0,2,2,2,1,2,2,2,2
15,1435.177,-3397.372,86.575,63.479,0.446215,-0.894770,-0.016690,0.894328,0.446521,-0.028240,0.032721,-0.002325,0.999462,0,-0.63991,-0.18402,-38.395,-0.368,-1,450.000,-1,425.000,-1,350.000,350.000,325.000,300.000,-1,-1,-1,875.000,-1,-1,-1,-1,2,0,2,0,2,0,0,0,0,2,2,2,1,2,2,2,2
16,1418.041,-3431.149,85.189,63.100,0.452127,-0.891800,-0.016564,0.891287,0.452429,-0.030263,0.034482,-0.001080,0.999405,0,-0.63126,-0.18946,-37.876,-0.379,-1,450.000,-1,425.000,-1,350.000,325.000,325.000,275.000,-1,-1,-1,975.000,-1,-1,-1,-1,2,0,2,0,2,0,0,0,1,2,2,2,1,2,2,2,2
17,1400.932,-3464.314,83.673,62.712,0.458142,-0.888712,-0.017248,0.888122,0.458466,-0.032363,0.036669,-0.000491,0.999327,0,-0.62196,-0.19427,-37.318,-0.389,-1,450.000,-1,400.000,-1,325.000,325.000,325.000,250.000,-1,-1,-1,-1,-1,-1,-1,-1,2,0,2,0,2,0,0,0,1,2,2,2,2,2,2,2,2
18,1383.868,-3496.836,82.075,62.315,0.464244,-0.885514,-0.018503,0.884843,0.464612,-0.034477,0.039127,-0.000366,0.999234,0,-0.61212,-0.19846,-36.727,-0.397,-1,450.000,-1,400.000,-1,325.000,325.000,325.000,250.000,-1,-1,-1,-1,-1,-1,-1,-1,2,0,2,0,2,0,0,0,1,2,2,2,2,2,2,2,2
19,1366.867,-3528.691,80.495,61.911,0.470427,-0.882216,-0.019830,0.881461,0.470845,-0.036500,0.041538,-0.000309,0.999137,0,-0.60180,-0.20203,-36.108,-0.404,-1,425.000,-1,425.000,-1,325.000,325.000,325.000,250.000,-1,-1,-1,-1,-1,-1,-1,-1,2,0,2,0,2,0,0,0,1,2,2,2,2,2,2,2,2
20,1349.944,-3559.860,78.919,61.501,0.476670,-0.878824,-0.021302,0.877983,0.477145,-0.038444,0.043950,-0.000378,0.999034,0,-0.59113,-0.20498,-35.468,-0.410,-1,425.000,-1,425.000,-1,325.000,325.000,325.000,250.000,-1,-1,-1,-1,-1,-1,-1,-1,2,0,2,0,2,0,0,0,1,2,2,2,2,2,2,2,2
21,1333.113,-3590.332,77.392,61.086,0.482960,-0.875348,-0.022695,0.874421,0.483493,-0.040269,0.046222,-0.000397,0.998931,0,-0.58019,-0.20733,-34.811,-0.415,-1,425.000,-1,425.000,-1,325.000,325.000,325.000,250.000,-1,-1,-1,-1,-1,-1,-1,-1,2,0,2,0,2,0,0,0,1,2,2,2,2,2,2,2,2
22,1316.387,-3620.099,75.912,60.668,0.489281,-0.871796,-0.024009,0.870785,0.489869,-0.041978,0.048358,-0.000368,0.998830,0,-0.56908,-0.20911,-34.145,-0.418,-1,425.000,-1,425.000,-1,325.000,325.000,325.000,250.000,-1,-1,-1,-1,-1,-1,-1,-1,2,0,2,0,2,0,0,0,1,2,2,2,2,2,2,2,2
23,1299.775,-3649.161,74.480,60.247,0.495614,-0.868176,-0.025247,0.867082,0.496257,-0.043576,0.050360,-0.000295,0.998731,0,-0.55791,-0.21032,-33.474,-0.421,-1,425.000,-1,425.000,-1,325.000,325.000,325.000,250.000,-1,-1,-1,-1,-1,-1,-1,-1,2,0,2,0,2,0,0,0,1,2,2,2,2,2,2,2,2
24,1283.286,-3677.520,73.095,59.825,0.501943,-0.864497,-0.026410,0.863322,0.502637,-0.045066,0.052234,-0.000180,0.998635,0,-0.54675,-0.21100,-32.805,-0.422,-1,425.000,-1,425.000,-1,350.000,325.000,325.000,250.000,-1,900.000,-1,-1,-1,-1,-1,-1,2,0,2,0,2,0,0,0,1,2,0,2,2,2,2,2,2
25,1266.926,-3705.188,71.755,59.403,0.508252,-0.860769,-0.027500,0.859515,0.508996,-0.046454,0.053984,-0.000026,0.998542,0,-0.53571,-0.21116,-32.143,-0.422,-1,425.000,-1,425.000,-1,350.000,325.000,325.000,250.000,-1,775.000,950.000,-1,-1,-1,-1,-1,2,0,2,0,2,0,0,0,1,2,0,0,2,2,2,2,2
26,1252.738,-3728.560,70.601,58.741,0.518142,-0.854828,-0.028255,0.853507,0.518912,-0.047507,0.055272,0.000499,0.998471,0,-0.45571,-0.33116,-27.343,-0.662,-1,425.000,-1,425.000,-1,350.000,325.000,325.000,275.000,-1,700.000,875.000,-1,-1,1000.000,-1,-1,2,0,2,0,2,0,0,0,1,2,0,0,2,2,0,2,2
27,1240.738,-3747.644,69.669,57.838,0.531525,-0.846549,-0.028910,0.845173,0.532309,-0.048262,0.056245,0.001219,0.998416,0,-0.37571,-0.45116,-22.543,-0.902,-1,425.000,-1,425.000,-1,350.000,325.000,325.000,275.000,-1,625.000,800.000,-1,-1,975.000,-1,-1,2,0,2,0,2,0,0,0,1,2,0,0,2,2,0,2,2
28,1231.058,-3762.513,68.734,56.937,0.544831,-0.838064,-0.028432,0.836653,0.545566,-0.048682,0.056311,0.002736,0.998410,0,-0.29571,-0.45093,-17.743,-0.902,-1,425.000,-1,425.000,-1,350.000,325.000,325.000,275.000,-1,600.000,750.000,-1,-1,950.000,-1,-1,2,0,2,0,2,0,0,0,1,2,0,0,2,2,0,2,2
29,1223.828,-3773.247,68.006,56.037,0.557980,-0.829387,-0.027846,0.827954,0.558658,-0.048920,0.056130,0.004241,0.998414,0,-0.21571,-0.44995,-12.943,-0.900,-1,425.000,-1,425.000,-1,350.000,325.000,325.000,300.000,-1,575.000,725.000,-1,-1,950.000,-1,-1,2,0,2,0,2,0,0,0,1,2,0,0,2,2,0,2,2
30,1219.173,-3779.928,67.543,55.138,0.570954,-0.820523,-0.027450,0.819076,0.571587,-0.049015,0.055908,0.005501,0.998421,0,-0.13571,-0.44909,-8.143,-0.898,-1,425.000,-1,425.000,-1,350.000,325.000,325.000,300.000,-1,550.000,700.000,-1,-1,925.000,-1,-1,2,0,2,0,2,0,0,0,1,2,0,0,2,2,0,2,2
31,1217.220,-3782.641,67.341,54.242,0.583759,-0.811470,-0.027233,0.810018,0.584357,-0.048971,0.055652,0.006528,0.998429,0,-0.05571,-0.44846,-3.343,-0.897,-1,425.000,-1,425.000,-1,325.000,325.000,325.000,300.000,-1,550.000,675.000,-1,-1,925.000,-1,-1,2,0,2,0,2,0,0,0,1,2,0,0,2,2,0,2,2
32,1218.090,-3781.471,67.396,53.345,0.596402,-0.802225,-0.027182,0.800774,0.596977,-0.048789,0.055366,0.007332,0.998439,0,0.02429,-0.44817,1.457,-0.896,-1,425.000,-1,400.000,-1,325.000,325.000,325.000,300.000,-1,550.000,675.000,-1,-1,925.000,-1,-1,2,0,2,0,2,0,0,0,1,2,0,0,2,2,0,2,2
33,1221.903,-3776.510,67.707,52.449,0.608895,-0.792782,-0.027278,0.791338,0.609454,-0.048469,0.055050,0.007926,0.998452,0,0.10429,-0.44831,6.257,-0.897,-1,425.000,-1,400.000,-1,325.000,325.000,325.000,300.000,-1,550.000,675.000,-1,-1,925.000,-1,-1,2,0,2,0,2,0,0,0,1,2,0,0,2,2,0,2,2
34,1228.779,-3767.851,68.275,51.551,0.621247,-0.783132,-0.027503,0.781703,0.621800,-0.048010,0.054699,0.008327,0.998468,0,0.18429,-0.44892,11.057,-0.898,-1,425.000,-1,425.000,-1,325.000,325.000,325.000,300.000,-1,550.000,675.000,-1,-1,925.000,-1,-1,2,0,2,0,2,0,0,0,1,2,0,0,2,2,0,2,2
35,1238.834,-3755.588,69.101,50.651,0.633470,-0.773266,-0.027831,0.771859,0.634024,-0.047410,0.054306,0.008551,0.998488,0,0.26429,-0.45004,15.857,-0.900,-1,425.000,-1,425.000,-1,325.000,325.000,325.000,300.000,-1,575.000,675.000,-1,-1,925.000,-1,-1,2,0,2,0,2,0,0,0,1,2,0,0,2,2,0,2,2
36,1252.182,-3739.822,70.268,49.747,0.645557,-0.763176,-0.028607,0.761794,0.646137,-0.046654,0.054089,0.008325,0.998501,0,0.34429,-0.45167,20.657,-0.903,-1,425.000,-1,425.000,-1,325.000,325.000,325.000,300.000,-1,575.000,700.000,-1,-1,925.000,-1,-1,2,0,2,0,2,0,0,0,1,2,0,0,2,2,0,2,2
37,1268.937,-3720.656,71.669,48.840,0.657545,-0.752847,-0.029261,0.751499,0.658146,-0.045745,0.053697,0.008089,0.998524,0,0.42429,-0.45380,25.457,-0.908,-1,425.000,-1,425.000,-1,325.000,325.000,325.000,275.000,-1,600.000,725.000,-1,-1,950.000,-1,-1,2,0,2,0,2,0,0,0,1,2,0,0,2,2,0,2,2
38,1289.212,-3698.196,73.157,47.927,0.669478,-0.742264,-0.029021,0.740963,0.670054,-0.044732,0.052649,0.008444,0.998577,0,0.50429,-0.45640,30.257,-0.913,-1,425.000,-1,425.000,-1,325.000,350.000,325.000,275.000,-1,650.000,750.000,-1,-1,950.000,-1,-1,2,0,2,0,2,0,0,0,1,2,0,0,2,2,0,2,2
39,1313.117,-3672.554,74.674,47.008,0.681375,-0.731417,-0.027527,0.730175,0.681863,-0.043679,0.050717,0.009662,0.998666,0,0.58429,-0.45939,35.057,-0.919,-1,425.000,-1,425.000,-1,325.000,325.000,325.000,250.000,-1,725.000,850.000,-1,-1,925.000,-1,-1,2,0,2,0,2,0,0,0,1,2,0,0,2,2,0,2,2
40,1340.763,-3643.843,76.422,46.083,0.693190,-0.720298,-0.025643,0.719125,0.693576,-0.042557,0.048439,0.011060,0.998765,0,0.66429,-0.46269,39.857,-0.925,-1,425.000,-1,425.000,-1,325.000,325.000,325.000,250.000,-1,850.000,950.000,-1,-1,925.000,-1,-1,2,0,2,0,2,0,0,0,1,2,0,0,2,2,0,2,2
41,1372.257,-3612.182,78.403,45.150,0.704922,-0.708903,-0.023268,0.707808,0.705191,-0.041386,0.045747,0.012705,0.998872,0,0.74429,-0.46618,44.657,-0.932,-1,425.000,-1,425.000,-1,325.000,325.000,325.000,225.000,-1,1000.000,-1,-1,-1,900.000,-1,-1,2,0,2,0,2,0,0,0,1,2,0,2,2,2,0,2,2
42,1407.706,-3577.695,80.599,44.211,0.716556,-0.697229,-0.020473,0.696222,0.716702,-0.040168,0.042680,0.014529,0.998983,0,0.82429,-0.46972,49.457,-0.939,-1,425.000,-1,425.000,-1,325.000,325.000,325.000,225.000,-1,-1,-1,-1,-1,875.000,-1,-1,2,0,2,0,2,0,0,0,1,2,2,2,2,2,0,2,2
43,1447.216,-3540.509,82.504,43.265,0.727993,-0.685298,-0.019826,0.684367,0.728119,-0.038540,0.040846,0.014489,0.999060,0,0.90429,-0.47313,54.257,-0.946,-1,425.000,-1,425.000,-1,350.000,325.000,325.000,200.000,-1,-1,-1,-1,-1,875.000,-1,-1,2,0,2,0,2,0,0,0,1,2,2,2,2,2,0,2,2
44,1487.578,-3503.767,84.416,42.312,0.739305,-0.673101,-0.019068,0.672245,0.739410,-0.036889,0.038929,0.014454,0.999137,0,0.90967,-0.47621,54.580,-0.952,-1,450.000,-1,425.000,-1,350.000,325.000,325.000,200.000,-1,-1,-1,-1,-1,875.000,-1,-1,2,0,2,0,2,0,0,0,1,2,2,2,2,2,0,2,2
45,1528.079,-3468.118,86.302,41.355,0.750468,-0.660656,-0.018218,0.659872,0.750550,-0.035250,0.036962,0.014432,0.999212,0,0.89926,-0.47857,53.956,-0.957,-1,450.000,-1,425.000,-1,350.000,350.000,325.000,200.000,-1,-1,-1,-1,-1,875.000,-1,-1,2,0,2,0,2,0,0,0,1,2,2,2,2,2,0,2,2
46,1568.693,-3433.559,88.152,40.395,0.761458,-0.647984,-0.017281,0.647273,0.761518,-0.033581,0.034920,0.014384,0.999287,0,0.88879,-0.48017,53.327,-0.960,-1,450.000,-1,425.000,-1,350.000,350.000,325.000,200.000,-1,-1,-1,-1,-1,875.000,-1,-1,2,0,2,0,2,0,0,0,1,2,2,2,2,2,0,2,2
47,1609.398,-3400.085,89.672,39.433,0.772244,-0.635117,-0.016280,0.634527,0.772305,-0.030336,0.031840,0.013096,0.999407,0,0.87836,-0.48105,52.701,-0.962,-1,450.000,-1,425.000,-1,350.000,350.000,325.000,200.000,-1,-1,-1,-1,-1,850.000,-1,-1,2,0,2,0,2,0,0,0,1,2,2,2,2,2,0,2,2
48,1650.971,-3366.766,91.192,38.711,0.780203,-0.625345,-0.015060,0.624869,0.780261,-0.027028,0.028653,0.011676,0.999521,0,0.88796,-0.36105,53.278,-0.722,-1,475.000,-1,425.000,-1,350.000,325.000,325.000,225.000,-1,-1,-1,-1,-1,850.000,-1,-1,2,0,2,0,2,0,0,0,1,2,2,2,2,2,0,2,2
49,1692.267,-3334.238,92.207,38.229,0.785446,-0.618779,-0.013677,0.618469,0.785522,-0.021228,0.023879,0.008214,0.999681,0,0.87614,-0.24105,52.569,-0.482,-1,450.000,-1,400.000,-1,350.000,325.000,325.000,225.000,-1,-1,-1,-1,-1,825.000,-1,-1,2,0,2,0,2,0,0,0,1,2,2,2,2,2,0,2,2
50,1733.093,-3302.357,93.166,37.986,0.788068,-0.615468,-0.012165,0.615295,0.788148,-0.015295,0.019001,0.004569,0.999809,0,0.86333,-0.12105,51.800,-0.242,-1,450.000,-1,400.000,-1,350.000,325.000,300.000,250.000,-1,-1,-1,-1,-1,825.000,-1,-1,2,0,2,0,2,0,0,0,1,2,2,2,2,2,0,2,2
51,1773.276,-3270.980,94.471,37.984,0.788108,-0.615446,-0.010579,0.615400,0.788179,-0.007510,0.012960,-0.000592,0.999916,0,0.84971,-0.00105,50.983,-0.002,-1,450.000,-1,400.000,-1,350.000,325.000,300.000,275.000,-1,-1,-1,-1,-1,800.000,-1,-1,2,0,2,0,2,0,0,0,1,2,2,2,2,2,0,2,2
52,1812.659,-3239.964,95.153,38.222,0.785568,-0.618709,-0.009048,0.618716,0.785611,-0.002397,0.008591,-0.003715,0.999956,0,0.83550,0.11895,50.130,0.238,-1,450.000,-1,400.000,-1,350.000,325.000,300.000,300.000,-1,-1,-1,-1,-1,800.000,-1,-1,2,0,2,0,2,0,0,0,1,2,2,2,2,2,0,2,2
53,1851.099,-3209.168,95.187,38.700,0.780397,-0.625238,-0.007602,0.625255,0.780420,-0.000076,0.005981,-0.004694,0.999971,0,0.82091,0.23895,49.255,0.478,-1,450.000,-1,375.000,-1,350.000,325.000,300.000,300.000,-1,-1,-1,-1,-1,800.000,-1,-1,2,0,2,0,2,0,0,0,0,2,2,2,2,2,0,2,2
54,1888.525,-3178.523,95.346,39.311,0.773708,-0.633512,-0.006221,0.633536,0.773707,0.003090,0.002856,-0.006332,0.999976,0,0.80620,0.30525,48.372,0.611,-1,450.000,-1,375.000,-1,350.000,325.000,300.000,300.000,-1,-1,-1,-1,-1,800.000,-1,-1,2,0,2,0,2,0,0,0,0,2,2,2,2,2,0,2,2
55,1924.969,-3148.015,95.497,39.934,0.766790,-0.641878,-0.005069,0.641898,0.766764,0.006312,-0.000165,-0.008094,0.999967,0,0.79214,0.31145,47.528,0.623,-1,450.000,-1,400.000,-1,350.000,325.000,300.000,300.000,-1,-1,-1,-1,-1,800.000,-1,-1,2,0,2,0,2,0,0,0,0,2,2,2,2,2,0,2,2
56,1960.495,-3117.597,95.622,40.571,0.759622,-0.650352,-0.004050,0.650357,0.759568,0.009568,-0.003147,-0.009902,0.999946,0,0.77947,0.31850,46.768,0.637,-1,450.000,-1,400.000,-1,350.000,325.000,300.000,300.000,-1,-1,-1,675.000,-1,800.000,-1,-1,2,0,2,0,2,0,0,0,0,2,2,2,1,2,0,2,2
57,1995.163,-3087.222,95.721,41.223,0.752181,-0.658949,-0.003163,0.658928,0.752096,0.012858,-0.006094,-0.011755,0.999912,0,0.76821,0.32633,46.093,0.653,-1,450.000,-1,400.000,-1,350.000,325.000,300.000,325.000,-1,-1,-1,550.000,-1,800.000,-1,-1,2,0,2,0,2,0,0,0,0,2,2,2,1,2,0,2,2
58,2029.034,-3056.838,95.796,41.893,0.744446,-0.667679,-0.002408,0.667622,0.744324,0.016181,-0.009011,-0.013654,0.999866,0,0.75837,0.33487,45.502,0.670,-1,450.000,-1,400.000,-1,350.000,325.000,300.000,325.000,-1,-1,-1,525.000,-1,800.000,-1,-1,2,0,2,0,2,0,0,0,0,2,2,2,1,2,0,2,2
59,2062.165,-3026.392,95.820,42.581,0.736394,-0.676550,-0.001921,0.676449,0.736229,0.019559,-0.011818,-0.015702,0.999807,0,0.74993,0.34408,44.996,0.688,-1,450.000,-1,400.000,-1,350.000,325.000,300.000,325.000,-1,-1,-1,525.000,-1,800.000,-1,-1,2,0,2,0,2,0,0,0,0,2,2,2,1,2,0,2,2
60,2094.608,-2995.830,95.627,43.289,0.728012,-0.685560,-0.002502,0.685421,0.727780,0.023099,-0.014015,-0.018531,0.999730,0,0.74285,0.35391,44.571,0.708,-1,450.000,-1,400.000,-1,350.000,325.000,300.000,325.000,-1,-1,-1,525.000,-1,800.000,-1,-1,2,0,2,0,2,0,0,0,0,2,2,2,1,2,0,2,2
61,2126.412,-2965.098,94.720,44.018,0.719245,-0.694756,0.000028,0.694517,0.718999,0.026223,-0.018238,-0.018842,0.999656,0,0.73710,0.36433,44.226,0.729,-1,450.000,-1,400.000,-1,350.000,325.000,300.000,325.000,-1,-1,-1,550.000,-1,775.000,-1,-1,2,0,2,0,2,0,0,0,0,2,2,2,1,2,0,2,2
62,2157.621,-2934.140,93.778,44.768,0.710086,-0.704111,0.002455,0.703757,0.709831,0.029433,-0.022466,-0.019172,0.999564,0,0.73264,0.37531,43.958,0.751,-1,425.000,-1,400.000,-1,350.000,325.000,300.000,325.000,-1,-1,-1,550.000,-1,750.000,-1,-1,2,0,2,0,2,0,0,0,0,2,2,2,1,2,0,2,2
63,2188.273,-2902.902,92.651,45.542,0.700524,-0.713618,0.004013,0.713147,0.700246,0.032810,-0.026224,-0.020123,0.999454,0,0.72941,0.38681,43.765,0.774,-1,425.000,-1,400.000,-1,350.000,325.000,300.000,300.000,-1,-1,-1,575.000,1000.000,750.000,-1,-1,2,0,2,0,2,0,0,0,0,2,2,2,1,0,0,2,2
64,2218.403,-2871.329,91.230,46.340,0.690557,-0.723266,0.004128,0.722690,0.690215,0.036376,-0.029159,-0.022136,0.999330,0,0.72738,0.39883,43.643,0.798,-1,425.000,-1,400.000,-1,325.000,325.000,300.000,300.000,-1,-1,-1,600.000,975.000,725.000,-1,-1,2,0,2,0,2,0,0,0,0,2,2,2,1,0,0,2,2
65,2248.040,-2839.364,89.761,47.162,0.680145,-0.733066,0.004086,0.732375,0.679726,0.039981,-0.032086,-0.024201,0.999192,0,0.72649,0.41133,43.590,0.823,-1,425.000,-1,400.000,-1,325.000,325.000,300.000,300.000,-1,-1,-1,625.000,975.000,725.000,-1,-1,2,0,2,0,2,0,0,0,0,2,2,2,1,0,0,2,2
66,2277.209,-2806.955,88.244,48.011,0.669265,-0.743014,0.003879,0.742199,0.668759,0.043624,-0.035007,-0.026317,0.999040,0,0.72672,0.42432,43.603,0.849,-1,425.000,-1,375.000,-1,325.000,325.000,300.000,300.000,-1,-1,-1,650.000,950.000,725.000,-1,-1,2,0,2,0,2,0,0,0,0,2,2,2,1,0,0,2,2
67,2305.931,-2774.045,86.826,48.886,0.657879,-0.753115,0.003644,0.752193,0.657299,0.046521,-0.037431,-0.027864,0.998911,0,0.72800,0.43778,43.680,0.876,-1,425.000,-1,375.000,-1,325.000,325.000,300.000,300.000,-1,-1,-1,675.000,950.000,725.000,-1,-1,2,0,2,0,2,0,0,0,0,2,2,2,1,0,0,2,2
68,2334.219,-2740.580,85.394,49.790,0.645977,-0.763350,0.003262,0.762317,0.645314,0.049431,-0.039838,-0.029445,0.998772,0,0.73032,0.45171,43.819,0.903,-1,425.000,-1,375.000,-1,325.000,325.000,300.000,300.000,-1,-1,-1,725.000,925.000,725.000,-1,-1,2,0,2,0,2,0,0,0,0,2,2,2,1,0,0,2,2
69,2362.085,-2706.506,83.906,50.722,0.633542,-0.773704,0.002661,0.772545,0.632774,0.052653,-0.042421,-0.031302,0.998609,0,0.73363,0.46610,44.018,0.932,-1,425.000,-1,375.000,-1,325.000,325.000,300.000,275.000,-1,-1,-1,750.000,900.000,725.000,-1,-1,2,0,2,0,2,0,0,0,0,2,2,2,1,0,0,2,2
70,2386.544,-2675.850,82.498,51.414,0.624230,-0.781238,0.001884,0.779953,0.623338,0.055887,-0.044835,-0.033417,0.998435,0,0.65363,0.34610,39.218,0.692,-1,425.000,-1,375.000,-1,325.000,325.000,300.000,275.000,-1,-1,-1,800.000,875.000,725.000,-1,-1,2,0,2,0,2,0,0,0,0,2,2,2,1,0,0,2,2
71,2407.796,-2648.777,81.249,51.866,0.618127,-0.786078,0.001074,0.784681,0.617109,0.058761,-0.046853,-0.035479,0.998272,0,0.57363,0.22610,34.418,0.452,-1,425.000,-1,375.000,-1,325.000,325.000,300.000,275.000,-1,-1,-1,825.000,875.000,700.000,-1,-1,2,0,2,0,2,0,0,0,0,2,2,2,1,0,0,2,2
72,2426.525,-2624.735,80.135,52.079,0.615292,-0.788299,0.000274,0.786805,0.614148,0.061323,-0.048509,-0.037516,0.998118,0,0.50794,0.10610,30.476,0.212,-1,425.000,-1,375.000,-1,325.000,325.000,300.000,300.000,-1,-1,-1,850.000,850.000,700.000,-1,-1,2,0,2,0,2,0,0,0,0,2,2,2,1,0,0,2,2
73,2445.452,-2600.463,79.005,52.051,0.615764,-0.787930,-0.000586,0.786342,0.614475,0.063924,-0.050008,-0.039823,0.997955,0,0.51298,-0.01390,30.779,-0.028,-1,425.000,-1,375.000,-1,325.000,325.000,300.000,300.000,-1,-1,-1,875.000,850.000,700.000,-1,-1,2,0,2,0,2,0,0,0,0,2,2,2,1,0,0,2,2
74,2464.702,-2576.012,77.860,51.783,0.619537,-0.784966,-0.001481,0.783287,0.618086,0.066574,-0.051343,-0.042405,0.997780,0,0.51866,-0.13390,31.120,-0.268,-1,425.000,-1,375.000,-1,325.000,325.000,300.000,300.000,-1,-1,-1,925.000,825.000,700.000,-1,-1,2,0,2,0,2,0,0,0,0,2,2,2,1,0,0,2,2
75,2484.402,-2551.440,76.702,51.275,0.626572,-0.779360,-0.002386,0.777593,0.624940,0.069284,-0.052506,-0.045266,0.997594,0,0.52488,-0.25390,31.493,-0.508,-1,400.000,-1,375.000,-1,325.000,325.000,300.000,300.000,-1,-1,-1,950.000,825.000,700.000,-1,-1,2,0,2,0,2,0,0,0,0,2,2,2,1,0,0,2,2
76,2504.677,-2526.820,75.098,50.527,0.636730,-0.771082,-0.002852,0.769316,0.635013,0.070083,-0.052229,-0.046818,0.997537,0,0.53157,-0.37390,31.894,-0.748,-1,425.000,-1,375.000,-1,325.000,325.000,300.000,300.000,-1,-1,-1,975.000,800.000,700.000,-1,-1,2,0,2,0,2,0,0,0,0,2,2,2,1,0,0,2,2
77,2525.649,-2502.229,73.429,49.540,0.649961,-0.759961,-0.003292,0.758214,0.648161,0.070700,-0.051595,-0.048448,0.997492,0,0.53865,-0.49390,32.319,-0.988,-1,425.000,-1,375.000,-1,325.000,325.000,300.000,300.000,-1,-1,-1,1000.000,800.000,675.000,-1,-1,2,0,2,0,2,0,0,0,0,2,2,2,1,0,0,2,2
78,2547.438,-2477.762,71.752,48.312,0.666129,-0.745827,-0.003762,0.744109,0.664234,0.071384,-0.050741,-0.050350,0.997442,0,0.54604,-0.61390,32.762,-1.228,-1,425.000,-1,375.000,-1,325.000,325.000,300.000,300.000,-1,-1,-1,-1,800.000,675.000,-1,-1,2,0,2,0,2,0,0,0,0,2,2,2,2,0,0,2,2
79,2570.119,-2453.488,70.185,46.939,0.683855,-0.729602,-0.004829,0.727945,0.681824,0.072189,-0.049377,-0.052882,0.997379,0,0.55368,-0.68648,33.221,-1.373,-1,425.000,-1,375.000,-1,325.000,325.000,300.000,300.000,-1,-1,-1,-1,775.000,675.000,-1,-1,2,0,2,0,2,0,0,0,0,2,2,2,2,0,0,2,2
80,2593.691,-2429.424,68.651,45.589,0.700901,-0.713232,-0.006156,0.711651,0.698717,0.073129,-0.047857,-0.055637,0.997303,0,0.56142,-0.67490,33.685,-1.350,-1,425.000,-1,375.000,-1,325.000,325.000,300.000,300.000,-1,-1,-1,-1,750.000,675.000,-1,-1,2,0,2,0,2,0,0,0,0,2,2,2,2,0,0,2,2
81,2618.141,-2405.593,67.121,44.262,0.717273,-0.696751,-0.007599,0.695254,0.714924,0.074203,-0.046268,-0.058507,0.997214,0,0.56904,-0.66326,34.142,-1.327,-1,425.000,-1,375.000,-1,325.000,325.000,300.000,300.000,-1,-1,-1,-1,750.000,675.000,-1,-1,2,0,2,0,2,0,0,0,0,2,2,2,2,0,0,2,2
82,2646.538,-2378.945,65.398,43.176,0.730413,-0.682941,-0.009428,0.681539,0.727871,0.075550,-0.044734,-0.061608,0.997097,0,0.64904,-0.54326,38.942,-1.087,-1,425.000,-1,375.000,-1,325.000,325.000,300.000,325.000,-1,-1,-1,-1,725.000,650.000,-1,-1,2,0,2,0,2,0,0,0,0,2,2,2,2,0,0,2,2
83,2678.875,-2349.487,63.482,42.329,0.740488,-0.671967,-0.011696,0.670676,0.737722,0.077199,-0.043247,-0.065009,0.996947,0,0.72904,-0.42326,43.742,-0.847,-1,400.000,-1,375.000,-1,325.000,325.000,300.000,325.000,-1,-1,-1,-1,725.000,650.000,-1,-1,2,0,2,0,2,0,0,0,0,2,2,2,2,0,0,2,2
84,2715.103,-2317.179,61.281,41.723,0.747629,-0.663970,-0.013981,0.662781,0.744625,0.079091,-0.042103,-0.068397,0.996769,0,0.80904,-0.30326,48.542,-0.607,-1,400.000,-1,375.000,-1,325.000,300.000,300.000,325.000,-1,-1,-1,-1,700.000,650.000,-1,-1,2,0,2,0,2,0,0,0,0,2,2,2,2,0,0,2,2
85,2752.853,-2283.946,59.154,41.356,0.751911,-0.659105,-0.014497,0.657899,0.748758,0.080813,-0.042409,-0.070302,0.996624,0,0.83822,-0.18326,50.293,-0.367,-1,400.000,-1,375.000,-1,325.000,300.000,300.000,325.000,-1,-1,-1,-1,675.000,650.000,-1,-1,2,0,2,0,2,0,0,0,0,2,2,2,2,0,0,2,2
86,2791.007,-2250.507,56.920,41.230,0.753430,-0.657341,-0.015681,0.656146,0.750087,0.082716,-0.042611,-0.072610,0.996450,0,0.84555,-0.06326,50.733,-0.127,-1,400.000,-1,350.000,-1,325.000,300.000,300.000,325.000,-1,-1,-1,-1,650.000,625.000,-1,-1,2,0,2,0,2,0,0,0,0,2,2,2,2,0,0,2,2
87,2830.644,-2215.629,54.587,41.343,0.752205,-0.658706,-0.017155,0.657525,0.748648,0.084781,-0.043003,-0.075052,0.996252,0,0.87997,0.05674,52.798,0.113,-1,375.000,-1,350.000,-1,300.000,300.000,300.000,325.000,-1,-1,-1,-1,650.000,625.000,-1,975.000,2,0,2,0,2,0,0,0,0,2,2,2,2,0,0,2,0
88,2870.368,-2180.236,52.216,41.697,0.748217,-0.663184,-0.018914,0.662021,0.744426,0.086930,-0.043571,-0.077564,0.996035,0,0.88673,0.17674,53.204,0.353,-1,375.000,-1,350.000,-1,300.000,300.000,300.000,325.000,-1,-1,-1,-1,625.000,600.000,-1,950.000,2,0,2,0,2,0,0,0,0,2,2,2,2,0,0,2,0
89,2910.137,-2144.269,50.102,42.124,0.743294,-0.668639,-0.020883,0.667571,0.739369,0.087653,-0.043168,-0.079093,0.995932,0,0.89370,0.21374,53.622,0.427,-1,375.000,-1,350.000,-1,300.000,300.000,300.000,325.000,-1,-1,-1,-1,625.000,600.000,-1,925.000,2,0,2,0,2,0,0,0,0,2,2,2,2,0,0,2,0
90,2949.894,-2107.736,48.274,42.580,0.737938,-0.674476,-0.023026,0.673582,0.733997,0.086808,-0.041649,-0.079569,0.995959,0,0.89989,0.22795,53.994,0.456,1000.000,350.000,-1,350.000,1000.000,300.000,300.000,300.000,325.000,-1,-1,-1,-1,600.000,600.000,-1,900.000,0,0,2,0,0,0,0,0,0,2,2,2,2,0,0,2,0
91,2989.373,-2070.864,46.462,43.044,0.732434,-0.680364,-0.025406,0.679668,0.728478,0.085860,-0.039909,-0.080155,0.995983,0,0.90034,0.23194,54.020,0.464,975.000,350.000,-1,350.000,975.000,300.000,300.000,300.000,325.000,-1,-1,-1,-1,600.000,600.000,-1,875.000,0,0,2,0,0,0,0,0,0,2,2,2,2,0,0,2,0
92,3028.560,-2033.657,45.077,43.516,0.726725,-0.686361,-0.027902,0.685926,0.722873,0.083422,-0.037088,-0.079764,0.996124,0,0.90063,0.23591,54.038,0.472,1000.000,350.000,-1,350.000,975.000,300.000,300.000,300.000,300.000,-1,925.000,-1,-1,625.000,600.000,-1,875.000,0,0,2,0,0,0,0,0,0,2,0,2,2,0,0,2,0
93,3067.441,-1996.118,44.011,43.996,0.720868,-0.692396,-0.030624,0.692230,0.717109,0.081072,-0.034173,-0.079641,0.996238,0,0.90076,0.23984,54.046,0.480,-1,350.000,-1,350.000,1000.000,300.000,300.000,300.000,300.000,-1,775.000,-1,-1,625.000,600.000,-1,925.000,2,0,2,0,0,0,0,0,0,2,0,2,2,0,0,2,0
94,3106.000,-1958.250,42.948,44.482,0.714880,-0.698440,-0.033588,0.698549,0.711196,0.078926,-0.031238,-0.079885,0.996314,0,0.90074,0.24303,54.045,0.486,-1,350.000,-1,350.000,1000.000,300.000,300.000,300.000,300.000,-1,625.000,925.000,-1,625.000,600.000,-1,950.000,2,0,2,0,0,0,0,0,0,2,0,0,2,0,0,2,0
95,3144.226,-1920.060,41.886,44.973,0.708766,-0.704483,-0.036797,0.704876,0.705141,0.076977,-0.028282,-0.080496,0.996354,0,0.90058,0.24585,54.035,0.492,-1,350.000,-1,350.000,-1,300.000,300.000,300.000,300.000,-1,475.000,750.000,-1,650.000,600.000,-1,-1,2,0,2,0,2,0,0,0,0,2,0,0,2,0,0,2,2
96,3182.105,-1881.554,40.713,45.470,0.702507,-0.710541,-0.040193,0.711239,0.698971,0.074690,-0.024977,-0.081057,0.996397,0,0.90027,0.24851,54.016,0.497,-1,375.000,-1,350.000,-1,300.000,300.000,300.000,300.000,-1,350.000,600.000,-1,650.000,600.000,-1,-1,2,0,2,0,2,0,0,0,0,2,0,0,2,0,0,2,2
97,3219.628,-1842.736,39.455,45.972,0.696080,-0.716602,-0.044200,0.717662,0.692684,0.071758,-0.020805,-0.081670,0.996442,0,0.89981,0.25100,53.989,0.502,-1,375.000,-1,350.000,-1,300.000,300.000,300.000,325.000,-1,325.000,450.000,-1,650.000,625.000,-1,-1,2,0,2,0,2,0,0,0,0,2,0,0,2,0,0,2,2
98,3256.780,-1803.613,38.375,46.479,0.689508,-0.722601,-0.049250,0.724098,0.686228,0.069086,-0.016125,-0.083298,0.996394,0,0.89922,0.25333,53.953,0.507,-1,375.000,-1,350.000,-1,300.000,300.000,300.000,325.000,-1,300.000,350.000,-1,675.000,625.000,-1,-1,2,0,2,0,2,0,0,0,0,2,0,0,2,0,0,2,2
99,3293.552,-1764.192,37.313,46.990,0.682798,-0.728566,-0.054584,0.730518,0.679639,0.066589,-0.011418,-0.085341,0.996286,0,0.89850,0.25547,53.910,0.511,-1,375.000,-1,375.000,-1,300.000,300.000,300.000,325.000,-1,275.000,325.000,-1,675.000,650.000,-1,-1,2,0,2,0,2,0,0,0,0,2,0,0,2,0,0,2,2
100,3329.934,-1724.479,36.269,47.505,0.675948,-0.734486,-0.060201,0.736919,0.672920,0.064257,-0.006686,-0.087797,0.996116,0,0.89766,0.25744,53.859,0.515,-1,375.000,-1,375.000,-1,300.000,300.000,300.000,325.000,1000.000,250.000,300.000,-1,675.000,675.000,-1,-1,2,0,2,0,2,0,0,0,0,0,0,0,2,0,0,2,2
101,3365.916,-1684.481,35.283,48.023,0.668951,-0.740344,-0.066304,0.743305,0.666065,0.062091,-0.001806,-0.090819,0.995866,0,0.89670,0.25923,53.802,0.518,-1,375.000,-1,375.000,-1,325.000,325.000,300.000,325.000,950.000,250.000,250.000,-1,700.000,700.000,-1,-1,2,0,2,0,2,0,0,0,0,0,0,0,2,0,0,2,2
102,3401.492,-1644.205,34.865,48.545,0.661961,-0.746318,-0.069405,0.749538,0.659245,0.059914,0.001040,-0.091683,0.995788,0,0.89564,0.26083,53.738,0.522,-1,375.000,-1,375.000,-1,325.000,325.000,300.000,325.000,950.000,250.000,250.000,-1,700.000,725.000,-1,-1,2,0,2,0,2,0,0,0,0,0,0,0,2,0,0,2,2
103,3436.653,-1603.658,34.444,49.069,0.654891,-0.752264,-0.072220,0.755715,0.652336,0.057908,0.003550,-0.092501,0.995706,0,0.89448,0.26225,53.669,0.525,-1,400.000,-1,375.000,-1,325.000,325.000,275.000,325.000,950.000,250.000,250.000,-1,700.000,725.000,-1,-1,2,0,2,0,2,0,0,0,0,0,0,0,2,0,0,2,2
104,3471.391,-1562.846,34.123,49.596,0.647776,-0.758207,-0.074221,0.761812,0.645368,0.056064,0.005392,-0.092859,0.995665,0,0.89325,0.26348,53.595,0.527,-1,400.000,-1,400.000,-1,325.000,325.000,275.000,300.000,950.000,250.000,250.000,-1,700.000,750.000,-1,-1,2,0,2,0,2,0,0,0,0,0,0,0,2,0,0,2,2
105,3502.741,-1525.456,34.165,50.023,0.642064,-0.763060,-0.074121,0.766629,0.639770,0.054540,0.005803,-0.091841,0.995757,0,0.81325,0.21314,48.795,0.426,-1,400.000,-1,400.000,-1,325.000,325.000,275.000,300.000,1000.000,275.000,275.000,-1,700.000,750.000,-1,-1,2,0,2,0,2,0,0,0,0,0,0,0,2,0,0,2,2
106,3532.964,-1488.859,34.168,50.450,0.636308,-0.767877,-0.074010,0.771412,0.634105,0.053239,0.006049,-0.090968,0.995835,0,0.79106,0.21391,47.463,0.428,-1,375.000,-1,400.000,-1,325.000,325.000,275.000,300.000,-1,325.000,300.000,-1,725.000,750.000,-1,-1,2,0,2,0,2,0,0,0,0,2,0,0,2,0,0,2,2
107,3562.862,-1452.098,34.133,50.879,0.630509,-0.772657,-0.073888,0.776157,0.628381,0.052122,0.006158,-0.090212,0.995904,0,0.78975,0.21450,47.385,0.429,-1,375.000,-1,400.000,-1,325.000,325.000,275.000,300.000,-1,350.000,325.000,-1,725.000,750.000,-1,-1,2,0,2,0,2,0,0,0,0,2,0,0,2,0,0,2,2
108,3592.434,-1415.175,34.063,51.309,0.624674,-0.777395,-0.073760,0.780862,0.622603,0.051187,0.006130,-0.089571,0.995962,0,0.78842,0.21494,47.305,0.430,-1,375.000,-1,400.000,-1,325.000,325.000,275.000,300.000,-1,375.000,350.000,-1,725.000,750.000,-1,-1,2,0,2,0,2,0,0,0,0,2,0,0,2,0,0,2,2
109,3621.677,-1378.096,34.217,51.740,0.618772,-0.782129,-0.073455,0.785544,0.616808,0.049683,0.006450,-0.088445,0.996060,0,0.78707,0.21521,47.224,0.430,-1,375.000,-1,400.000,-1,325.000,325.000,275.000,300.000,-1,400.000,375.000,-1,725.000,750.000,-1,-1,2,0,2,0,2,0,0,0,0,2,0,0,2,0,0,2,2
110,3650.591,-1340.862,34.711,52.170,0.612833,-0.786824,-0.073096,0.790183,0.610974,0.048175,0.006755,-0.087282,0.996161,0,0.78571,0.21534,47.142,0.431,-1,375.000,-1,400.000,-1,325.000,325.000,300.000,300.000,-1,450.000,425.000,-1,725.000,775.000,-1,-1,2,0,2,0,2,0,0,0,0,2,0,0,2,0,0,2,2
111,3679.175,-1303.477,35.166,52.601,0.606874,-0.791462,-0.072748,0.794768,0.605096,0.046932,0.006875,-0.086300,0.996245,0,0.78435,0.21530,47.061,0.431,-1,375.000,-1,400.000,-1,325.000,325.000,300.000,275.000,-1,475.000,450.000,-1,725.000,775.000,-1,-1,2,0,2,0,2,0,0,0,0,2,0,0,2,0,0,2,2
112,3707.428,-1265.942,35.583,53.031,0.600898,-0.796038,-0.072419,0.799297,0.599177,0.045951,0.006813,-0.085496,0.996315,0,0.78300,0.21512,46.980,0.430,-1,400.000,-1,400.000,-1,325.000,325.000,300.000,275.000,-1,525.000,500.000,-1,725.000,775.000,-1,-1,2,0,2,0,2,0,0,0,0,2,0,0,2,0,0,2,2
113,3737.836,-1224.545,36.000,53.701,0.591559,-0.803032,-0.072094,0.806238,0.589854,0.045300,0.006148,-0.084922,0.996369,0,0.85609,0.33512,51.366,0.670,-1,400.000,-1,400.000,-1,325.000,325.000,300.000,275.000,-1,550.000,550.000,-1,725.000,775.000,-1,-1,2,0,2,0,2,0,0,0,0,2,0,0,2,0,0,2,2
114,3767.541,-1182.728,36.349,54.612,0.578772,-0.812324,-0.071782,0.815475,0.577039,0.045019,0.004851,-0.084592,0.996404,0,0.85490,0.45512,51.294,0.910,-1,400.000,-1,400.000,-1,325.000,325.000,300.000,275.000,-1,600.000,600.000,-1,725.000,775.000,-1,-1,2,0,2,0,2,0,0,0,0,2,0,0,2,0,0,2,2
115,3796.370,-1140.368,36.536,55.762,0.562410,-0.823772,-0.071376,0.826853,0.560635,0.044751,0.003152,-0.084186,0.996445,0,0.85402,0.57512,51.241,1.150,-1,400.000,-1,400.000,-1,325.000,325.000,300.000,275.000,-1,650.000,650.000,-1,725.000,775.000,-1,-1,2,0,2,0,2,0,0,0,0,2,0,0,2,0,0,2,2
116,3824.263,-1097.427,36.674,56.994,0.544607,-0.835645,-0.071415,0.838690,0.542796,0.044406,0.001656,-0.084079,0.996458,0,0.85343,0.61608,51.206,1.232,-1,400.000,-1,400.000,-1,325.000,325.000,300.000,275.000,-1,700.000,700.000,-1,700.000,775.000,-1,-1,2,0,2,0,2,0,0,0,0,2,0,0,2,0,0,2,2
117,3851.212,-1053.920,36.759,58.225,0.526554,-0.847098,-0.071874,0.850142,0.524717,0.043941,0.000491,-0.084240,0.996445,0,0.85296,0.61530,51.178,1.231,-1,400.000,-1,400.000,-1,325.000,325.000,275.000,300.000,-1,725.000,725.000,-1,700.000,800.000,-1,-1,2,0,2,0,2,0,0,0,0,2,0,0,2,0,0,2,2
118,3877.208,-1009.868,36.677,59.454,0.508286,-0.858157,-0.072198,0.861188,0.506429,0.043406,-0.000686,-0.084239,0.996445,0,0.85252,0.61445,51.151,1.229,-1,400.000,-1,400.000,-1,325.000,325.000,275.000,300.000,-1,775.000,750.000,-1,700.000,800.000,-1,-1,2,0,2,0,2,0,0,0,0,2,0,0,2,0,0,2,2
119,3902.243,-965.292,36.443,60.681,0.489811,-0.868814,-0.072443,0.871827,0.487941,0.042795,-0.001833,-0.084119,0.996454,0,0.85210,0.61353,51.126,1.227,-1,400.000,-1,400.000,-1,325.000,325.000,275.000,300.000,-1,800.000,800.000,-1,700.000,775.000,-1,-1,2,0,2,0,2,0,0,0,0,2,0,0,2,0,0,2,2
120,3926.308,-920.211,36.069,61.906,0.471138,-0.879062,-0.072652,0.882055,0.469262,0.042101,-0.002916,-0.083918,0.996468,0,0.85171,0.61255,51.103,1.225,-1,375.000,-1,400.000,-1,325.000,325.000,275.000,300.000,-1,825.000,825.000,-1,675.000,775.000,-1,-1,2,0,2,0,2,0,0,0,0,2,0,0,2,0,0,2,2
121,3949.395,-874.647,35.551,63.129,0.452279,-0.888901,-0.072790,0.891868,0.450404,0.041329,-0.003953,-0.083611,0.996491,0,0.85135,0.61150,51.081,1.223,-1,375.000,-1,400.000,-1,325.000,325.000,275.000,300.000,-1,850.000,850.000,-1,675.000,775.000,-1,-1,2,0,2,0,2,0,0,0,0,2,0,0,2,0,0,2,2
122,3971.498,-828.619,34.893,64.350,0.433246,-0.898326,-0.072853,0.901262,0.431379,0.040481,-0.004937,-0.083198,0.996521,0,0.85101,0.61038,51.061,1.221,-1,375.000,-1,400.000,-1,325.000,325.000,275.000,300.000,-1,850.000,875.000,-1,675.000,775.000,-1,-1,2,0,2,0,2,0,0,0,0,2,0,0,2,0,0,2,2
123,3992.611,-782.148,34.287,65.568,0.414090,-0.907392,-0.071898,0.910213,0.412224,0.039796,-0.006473,-0.081921,0.996618,0,0.85071,0.60921,51.042,1.218,1000.000,375.000,-1,400.000,-1,325.000,325.000,275.000,300.000,-1,900.000,900.000,-1,675.000,750.000,-1,-1,0,0,2,0,2,0,0,0,0,2,0,0,2,0,0,2,2
124,4012.726,-735.256,33.763,66.784,0.394821,-0.916103,-0.069796,0.918718,0.392947,0.039375,-0.008645,-0.079669,0.996784,0,0.85043,0.60797,51.026,1.216,950.000,375.000,-1,400.000,-1,325.000,325.000,275.000,300.000,-1,975.000,975.000,-1,650.000,750.000,-1,-1,0,0,2,0,2,0,0,0,0,2,0,0,2,0,0,2,2
125,4031.841,-687.962,33.429,67.997,0.375315,-0.924484,-0.066841,0.926847,0.373568,0.037441,-0.009644,-0.076004,0.997061,0,0.85019,0.60668,51.011,1.213,975.000,375.000,-1,400.000,-1,300.000,325.000,300.000,300.000,-1,1000.000,1000.000,-1,650.000,725.000,-1,-1,0,0,2,0,2,0,0,0,0,2,0,0,2,0,0,2,2
126,4049.947,-640.287,32.980,69.208,0.355667,-0.932436,-0.063750,0.934554,0.354053,0.035437,-0.010471,-0.072182,0.997337,0,0.84998,0.60532,50.999,1.211,975.000,375.000,-1,400.000,-1,300.000,325.000,300.000,300.000,-1,-1,1000.000,-1,650.000,725.000,-1,-1,0,0,2,0,2,0,0,0,0,2,2,0,2,0,0,2,2
127,4067.041,-592.250,32.439,70.416,0.335902,-0.939942,-0.060654,0.941829,0.334408,0.033592,-0.011292,-0.068410,0.997593,0,0.84980,0.60390,50.988,1.208,975.000,375.000,-1,375.000,-1,300.000,325.000,300.000,300.000,-1,-1,975.000,-1,650.000,700.000,-1,-1,0,0,2,0,2,0,0,0,0,2,2,0,2,0,0,2,2
128,4083.117,-543.873,32.122,71.621,0.316043,-0.946930,-0.058661,0.948668,0.314625,0.032255,-0.012087,-0.065844,0.997757,0,0.84965,0.60243,50.979,1.205,975.000,375.000,-1,375.000,-1,300.000,325.000,300.000,300.000,-1,-1,950.000,-1,650.000,700.000,-1,-1,0,0,2,0,2,0,0,0,0,2,2,0,2,0,0,2,2
129,4098.171,-495.175,32.097,72.822,0.296028,-0.953390,-0.058433,0.955110,0.294716,0.030117,-0.011492,-0.064725,0.997837,0,0.84953,0.60090,50.972,1.202,975.000,375.000,-1,375.000,-1,300.000,325.000,300.000,300.000,-1,-1,775.000,-1,650.000,700.000,-1,-1,0,0,2,0,2,0,0,0,0,2,2,0,2,0,0,2,2
130,4112.203,-446.178,31.949,74.021,0.275927,-0.959422,-0.058091,0.961118,0.274729,0.027839,-0.010750,-0.063514,0.997923,0,0.84945,0.59932,50.967,1.199,975.000,375.000,-1,375.000,-1,300.000,325.000,300.000,300.000,-1,1000.000,650.000,-1,650.000,700.000,-1,-1,0,0,2,0,2,0,0,0,0,2,0,0,2,0,0,2,2
131,4125.208,-396.902,31.704,75.216,0.255756,-0.965019,-0.057686,0.966690,0.254674,0.025507,-0.009924,-0.062289,0.998009,0,0.84941,0.59768,50.964,1.195,1000.000,375.000,-1,375.000,-1,325.000,325.000,300.000,300.000,-1,825.000,600.000,-1,650.000,700.000,-1,-1,0,0,2,0,2,0,0,0,0,2,0,0,2,0,0,2,2
132,4136.468,-351.162,31.396,76.172,0.239535,-0.969198,-0.057250,0.970847,0.238566,0.023304,-0.008928,-0.061163,0.998088,0,0.78511,0.47768,47.106,0.955,1000.000,375.000,-1,400.000,-1,325.000,325.000,300.000,300.000,-1,750.000,550.000,-1,650.000,700.000,-1,-1,0,0,2,0,2,0,0,0,0,2,0,0,2,0,0,2,2
133,4147.155,-305.290,31.016,76.887,0.227311,-0.972166,-0.056772,0.973793,0.226462,0.021055,-0.007612,-0.060070,0.998165,0,0.78501,0.35768,47.101,0.715,1000.000,375.000,-1,400.000,-1,325.000,325.000,300.000,300.000,-1,675.000,525.000,-1,650.000,700.000,-1,-1,0,0,2,0,2,0,0,0,0,2,0,0,2,0,0,2,2
134,4157.458,-259.344,30.580,77.362,0.219125,-0.974072,-0.056285,0.975678,0.218402,0.018775,-0.005995,-0.059030,0.998238,0,0.78478,0.23768,47.087,0.475,-1,375.000,-1,400.000,-1,325.000,325.000,300.000,325.000,-1,650.000,500.000,-1,650.000,700.000,-1,-1,2,0,2,0,2,0,0,0,0,2,0,0,2,0,0,2,2
135,4167.567,-213.377,30.101,77.598,0.215004,-0.975016,-0.055826,0.976605,0.214411,0.016478,-0.004096,-0.058062,0.998305,0,0.78444,0.11768,47.066,0.235,-1,375.000,-1,400.000,-1,325.000,325.000,300.000,300.000,-1,600.000,500.000,-1,650.000,700.000,-1,-1,2,0,2,0,2,0,0,0,0,2,0,0,2,0,0,2,2
136,4177.675,-167.435,29.594,77.593,0.214960,-0.975049,-0.055431,0.976621,0.214501,0.014178,-0.001934,-0.057183,0.998362,0,0.78402,-0.00232,47.041,-0.005,-1,375.000,-1,375.000,-1,325.000,325.000,300.000,300.000,-1,600.000,450.000,-1,650.000,700.000,-1,-1,2,0,2,0,2,0,0,0,0,2,0,0,2,0,0,2,2
137,4187.973,-121.562,29.069,77.349,0.218994,-0.974167,-0.055138,0.975726,0.218672,0.011891,0.000473,-0.056404,0.998408,0,0.78356,-0.12232,47.014,-0.245,-1,375.000,-1,375.000,-1,300.000,325.000,300.000,300.000,-1,550.000,400.000,-1,650.000,675.000,-1,-1,2,0,2,0,2,0,0,0,0,2,0,0,2,0,0,2,2
138,4198.652,-75.806,28.553,76.864,0.227098,-0.972322,-0.054919,0.973867,0.226913,0.009667,0.003062,-0.055679,0.998444,0,0.78310,-0.24232,46.986,-0.485,-1,375.000,-1,375.000,-1,300.000,325.000,300.000,300.000,-1,475.000,375.000,-1,650.000,675.000,-1,-1,2,0,2,0,2,0,0,0,0,2,0,0,2,0,0,2,2
