timestep,x_cm,y_cm,z_cm,yaw_deg,basis_xx,basis_xy,basis_xz,basis_yx,basis_yy,basis_yz,basis_zx,basis_zy,basis_zz,teleport_flag,throttle_cmd,steering_cmd,cmd_move_cm,cmd_turn_deg,lidar_cm_0,lidar_cm_1,lidar_cm_2,lidar_cm_3,lidar_cm_4,lidar_cm_5,lidar_cm_6,lidar_cm_7,lidar_cm_8,lidar_cm_9,lidar_cm_10,lidar_cm_11,lidar_cm_12,lidar_cm_13,lidar_cm_14,lidar_cm_15,lidar_cm_16,lidar_class_0,lidar_class_1,lidar_class_2,lidar_class_3,lidar_class_4,lidar_class_5,lidar_class_6,lidar_class_7,lidar_class_8,lidar_class_9,lidar_class_10,lidar_class_11,lidar_class_12,lidar_class_13,lidar_class_14,lidar_class_15,lidar_class_16
0,8603.591,1499.615,91.904,-92.146,-0.046718,0.992637,-0.111752,-0.995614,-0.037194,0.085840,0.081051,0.115272,0.990022,1,0.08000,0.12000,4.800,0.240,-1,350.000,-1,575.000,-1,300.000,375.000,300.000,275.000,950.000,225.000,100.000,475.000,900.000,-1,-1,-1,2,1,2,1,2,1,1,1,0,1,0,0,0,1,2,2,2
1,8603.314,1490.019,92.373,-91.666,-0.038690,0.992858,-0.112857,-0.995760,-0.028875,0.087343,0.083460,0.115758,0.989765,0,0.16000,0.24000,9.600,0.480,-1,350.000,-1,575.000,-1,325.000,375.000,300.000,275.000,950.000,225.000,100.000,475.000,900.000,-1,-1,-1,2,1,2,1,2,1,1,1,0,1,0,0,0,1,2,2,2
2,-983.901,-8855.082,-189.490,44.115,0.717570,-0.695831,0.030216,0.696318,0.717676,-0.009135,-0.015329,0.027595,0.999502,1,0.00000,0.00000,14.400,0.720,-1,350.000,-1,350.000,-1,300.000,300.000,300.000,300.000,-1,275.000,300.000,-1,600.000,600.000,-1,975.000,2,0,2,0,2,0,0,0,0,2,0,0,2,0,0,2,0
3,-987.333,-8858.438,-189.428,44.355,0.714635,-0.698830,0.030553,0.699321,0.714754,-0.008779,-0.015703,0.027640,0.999495,0,-0.08000,0.12000,-4.800,0.240,-1,350.000,-1,350.000,-1,300.000,300.000,300.000,300.000,-1,275.000,300.000,-1,600.000,600.000,-1,975.000,2,0,2,0,2,0,0,0,0,2,0,0,2,0,0,2,0
4,-994.141,-8865.206,-189.305,44.835,0.708727,-0.704791,0.031222,0.705291,0.708872,-0.008064,-0.016449,0.027736,0.999480,0,-0.16000,0.24000,-9.600,0.480,-1,350.000,-1,350.000,-1,300.000,300.000,300.000,300.000,-1,300.000,300.000,-1,600.000,600.000,-1,975.000,2,0,2,0,2,0,0,0,0,2,0,0,2,0,0,2,0
5,-1004.224,-8875.487,-189.122,45.555,0.699772,-0.713640,0.032208,0.714151,0.699957,-0.006985,-0.017559,0.027889,0.999457,0,-0.24000,0.36000,-14.400,0.720,-1,350.000,-1,350.000,-1,300.000,300.000,300.000,300.000,-1,300.000,325.000,-1,600.000,600.000,-1,950.000,2,0,2,0,2,0,0,0,0,2,0,0,2,0,0,2,0
6,-1015.306,-8887.171,-188.889,46.515,0.687669,-0.725260,0.033300,0.725786,0.687895,-0.005932,-0.018604,0.028248,0.999428,0,-0.26840,0.48000,-16.104,0.960,-1,350.000,-1,350.000,-1,300.000,300.000,300.000,300.000,-1,300.000,325.000,-1,600.000,600.000,-1,925.000,2,0,2,0,2,0,0,0,0,2,0,0,2,0,0,2,0
7,-1026.142,-8899.085,-188.518,47.715,0.672290,-0.739485,0.034472,0.740044,0.672536,-0.005622,-0.019026,0.029290,0.999390,0,-0.26840,0.60000,-16.104,1.200,-1,350.000,-1,350.000,-1,300.000,300.000,300.000,300.000,-1,300.000,325.000,-1,600.000,600.000,-1,925.000,2,0,2,0,2,0,0,0,0,2,0,0,2,0,0,2,0
8,-1036.704,-8911.241,-188.154,49.015,0.655293,-0.754534,0.035641,0.755127,0.655557,-0.005301,-0.019365,0.030388,0.999351,0,-0.26840,0.65025,-16.104,1.301,-1,350.000,-1,350.000,1000.000,300.000,300.000,300.000,300.000,-1,325.000,350.000,-1,625.000,600.000,-1,925.000,2,0,2,0,0,0,0,0,0,2,0,0,2,0,0,2,0
9,-1046.988,-8923.635,-187.801,50.316,0.637957,-0.769192,0.036809,0.769820,0.638242,-0.004944,-0.019690,0.031490,0.999310,0,-0.26840,0.65025,-16.104,1.301,-1,350.000,-1,350.000,975.000,300.000,300.000,300.000,300.000,-1,325.000,350.000,-1,625.000,600.000,-1,900.000,2,0,2,0,0,0,0,0,0,2,0,0,2,0,0,2,0
10,-1056.988,-8936.258,-187.459,51.616,0.620292,-0.783451,0.037971,0.784116,0.620598,-0.004553,-0.019998,0.032598,0.999268,0,-0.26840,0.65025,-16.104,1.301,-1,375.000,-1,350.000,950.000,300.000,300.000,300.000,300.000,-1,325.000,375.000,-1,625.000,600.000,-1,900.000,2,0,2,0,0,0,0,0,0,2,0,0,2,0,0,2,0
11,-1066.699,-8949.105,-187.129,52.917,0.602307,-0.797305,0.039127,0.798007,0.602634,-0.004127,-0.020289,0.033709,0.999226,0,-0.26840,0.65025,-16.104,1.301,-1,375.000,-1,350.000,925.000,300.000,300.000,300.000,300.000,-1,350.000,375.000,-1,625.000,600.000,-1,900.000,2,0,2,0,0,0,0,0,0,2,0,0,2,0,0,2,0
12,-1076.116,-8962.169,-186.809,54.217,0.584010,-0.810746,0.040273,0.811486,0.584361,-0.003668,-0.020561,0.034823,0.999182,0,-0.26840,0.65025,-16.104,1.301,-1,375.000,-1,350.000,925.000,300.000,300.000,300.000,300.000,-1,350.000,375.000,-1,625.000,600.000,-1,875.000,2,0,2,0,0,0,0,0,0,2,0,0,2,0,0,2,0
13,-1085.233,-8975.444,-186.502,55.518,0.565413,-0.823768,0.041409,0.824545,0.565787,-0.003176,-0.020812,0.035940,0.999137,0,-0.26840,0.65025,-16.104,1.301,-1,375.000,-1,350.000,900.000,300.000,300.000,300.000,300.000,-1,350.000,350.000,-1,650.000,600.000,-1,875.000,2,0,2,0,0,0,0,0,0,2,0,0,2,0,0,2,0
14,-1094.048,-8988.922,-186.206,56.818,0.546524,-0.836363,0.042532,0.837179,0.546923,-0.002654,-0.021042,0.037057,0.999092,0,-0.26840,0.65025,-16.104,1.301,-1,375.000,-1,350.000,900.000,300.000,300.000,300.000,300.000,-1,375.000,350.000,-1,650.000,600.000,-1,875.000,2,0,2,0,0,0,0,0,0,2,0,0,2,0,0,2,0
15,-1102.554,-9002.597,-185.917,58.119,0.527355,-0.848525,0.043610,0.849380,0.527778,-0.002105,-0.021230,0.038152,0.999046,0,-0.26840,0.65025,-16.104,1.301,-1,375.000,-1,350.000,875.000,300.000,300.000,325.000,300.000,-1,375.000,350.000,-1,650.000,600.000,-1,875.000,2,0,2,0,0,0,0,0,0,2,0,0,2,0,0,2,0
16,-1110.747,-9016.461,-185.611,59.419,0.507920,-0.860252,0.044538,0.861141,0.508364,-0.001548,-0.021310,0.039139,0.999006,0,-0.26840,0.65025,-16.104,1.301,-1,375.000,-1,350.000,875.000,300.000,300.000,325.000,300.000,-1,350.000,350.000,-1,650.000,600.000,-1,875.000,2,0,2,0,0,0,0,0,0,2,0,0,2,0,0,2,0
17,-1118.624,-9030.507,-185.316,60.720,0.488224,-0.871535,0.045439,0.872457,0.488690,-0.000972,-0.021359,0.040118,0.998967,0,-0.26840,0.65025,-16.104,1.301,-1,375.000,-1,350.000,875.000,300.000,300.000,325.000,300.000,-1,350.000,350.000,-1,650.000,600.000,-1,875.000,2,0,2,0,0,0,0,0,0,2,0,0,2,0,0,2,0
18,-1126.180,-9044.729,-185.032,62.020,0.468278,-0.882367,0.046311,0.883323,0.468765,-0.000379,-0.021375,0.041085,0.998927,0,-0.26840,0.65025,-16.104,1.301,-1,375.000,-1,350.000,850.000,300.000,300.000,325.000,300.000,-1,350.000,350.000,-1,675.000,600.000,-1,875.000,2,0,2,0,0,0,0,0,0,2,0,0,2,0,0,2,0
19,-1133.411,-9059.119,-184.760,63.321,0.448092,-0.892743,0.047155,0.893733,0.448600,0.000228,-0.021358,0.042041,0.998888,0,-0.26840,0.65025,-16.104,1.301,-1,375.000,-1,350.000,850.000,300.000,300.000,325.000,300.000,-1,350.000,325.000,-1,675.000,600.000,-1,875.000,2,0,2,0,0,0,0,0,0,2,0,0,2,0,0,2,0
20,-1140.314,-9073.669,-184.499,64.621,0.427676,-0.902659,0.047967,0.903681,0.428206,0.000849,-0.021306,0.042984,0.998849,0,-0.26840,0.65025,-16.104,1.301,-1,375.000,-1,350.000,850.000,300.000,300.000,325.000,300.000,-1,325.000,325.000,-1,675.000,600.000,-1,875.000,2,0,2,0,0,0,0,0,0,2,0,0,2,0,0,2,0
21,-1146.885,-9088.372,-184.251,65.922,0.407042,-0.912108,0.048747,0.913163,0.407592,0.001479,-0.021218,0.043912,0.998810,0,-0.26840,0.65025,-16.104,1.301,-1,375.000,-1,350.000,850.000,300.000,300.000,325.000,300.000,-1,325.000,325.000,-1,675.000,600.000,-1,875.000,2,0,2,0,0,0,0,0,0,2,0,0,2,0,0,2,0
22,-1153.120,-9103.220,-184.015,67.222,0.386200,-0.921086,0.049494,0.922174,0.386770,0.002119,-0.021095,0.044824,0.998772,0,-0.26840,0.65025,-16.104,1.301,-1,375.000,-1,350.000,850.000,300.000,300.000,325.000,300.000,-1,325.000,325.000,-1,675.000,600.000,-1,875.000,2,0,2,0,0,0,0,0,0,2,0,0,2,0,0,2,0
23,-1159.017,-9118.206,-183.791,68.523,0.365161,-0.929589,0.050208,0.930709,0.365750,0.002765,-0.020934,0.045719,0.998735,0,-0.26840,0.65025,-16.104,1.301,-1,375.000,-1,350.000,850.000,300.000,300.000,325.000,300.000,-1,325.000,325.000,-1,675.000,600.000,-1,875.000,2,0,2,0,0,0,0,0,0,2,0,0,2,0,0,2,0
24,-1162.961,-9128.800,-183.626,69.583,0.347870,-0.936173,0.050659,0.937313,0.348473,0.003325,-0.020766,0.046326,0.998710,0,-0.18840,0.53025,-11.304,1.061,-1,375.000,-1,350.000,850.000,300.000,300.000,325.000,300.000,-1,300.000,325.000,-1,675.000,600.000,-1,900.000,2,0,2,0,0,0,0,0,0,2,0,0,2,0,0,2,0
25,-1165.143,-9134.928,-183.527,70.404,0.334414,-0.941051,0.050900,0.942202,0.335025,0.003736,-0.020568,0.046708,0.998697,0,-0.10840,0.41025,-6.504,0.821,-1,375.000,-1,350.000,850.000,300.000,300.000,300.000,300.000,-1,300.000,325.000,-1,675.000,600.000,-1,900.000,2,0,2,0,0,0,0,0,0,2,0,0,2,0,0,2,0
26,-1165.698,-9136.539,-183.531,70.984,0.324862,-0.944383,0.051048,0.945545,0.325469,0.003832,-0.020234,0.047024,0.998689,0,-0.02840,0.29025,-1.704,0.581,-1,375.000,-1,350.000,825.000,300.000,300.000,300.000,300.000,-1,300.000,325.000,-1,675.000,600.000,-1,900.000,2,0,2,0,0,0,0,0,0,2,0,0,2,0,0,2,0
27,-1164.707,-9133.606,-183.633,71.325,0.319256,-0.946289,0.051117,0.947462,0.319847,0.003616,-0.019771,0.047277,0.998686,0,0.05160,0.17025,3.096,0.341,-1,375.000,-1,350.000,825.000,300.000,300.000,300.000,300.000,-1,300.000,325.000,-1,675.000,600.000,-1,900.000,2,0,2,0,0,0,0,0,0,2,0,0,2,0,0,2,0
28,-1162.192,-9126.122,-183.804,71.425,0.317618,-0.946844,0.051037,0.948023,0.318185,0.003194,-0.019264,0.047369,0.998692,0,0.13160,0.05025,7.896,0.101,-1,375.000,-1,350.000,825.000,300.000,300.000,325.000,300.000,-1,300.000,325.000,-1,675.000,600.000,-1,900.000,2,0,2,0,0,0,0,0,0,2,0,0,2,0,0,2,0
29,-1158.119,-9114.097,-184.007,71.286,0.319951,-0.946076,0.050708,0.947247,0.320493,0.002709,-0.018814,0.047167,0.998710,0,0.21160,-0.06975,12.696,-0.139,-1,375.000,-1,350.000,825.000,300.000,300.000,325.000,300.000,-1,325.000,325.000,-1,675.000,600.000,-1,875.000,2,0,2,0,0,0,0,0,0,2,0,0,2,0,0,2,0
30,-1152.395,-9097.564,-184.274,70.906,0.326250,-0.943949,0.050204,0.945106,0.326758,0.002025,-0.018316,0.046787,0.998737,0,0.29160,-0.18975,17.496,-0.379,-1,375.000,-1,350.000,825.000,300.000,300.000,325.000,300.000,-1,325.000,325.000,-1,675.000,600.000,-1,875.000,2,0,2,0,0,0,0,0,0,2,0,0,2,0,0,2,0
31,-1144.894,-9076.568,-184.595,70.340,0.335615,-0.940700,0.049454,0.941834,0.336078,0.001118,-0.017672,0.046202,0.998776,0,0.37160,-0.28307,22.296,-0.566,-1,375.000,-1,350.000,825.000,300.000,300.000,325.000,300.000,-1,325.000,350.000,-1,675.000,600.000,-1,875.000,2,0,2,0,0,0,0,0,0,2,0,0,2,0,0,2,0
32,-1135.526,-9051.143,-184.863,69.774,0.344986,-0.937382,0.047952,0.938465,0.345375,-0.000185,-0.016388,0.045065,0.998850,0,0.45160,-0.28307,27.096,-0.566,-1,375.000,-1,350.000,825.000,325.000,300.000,325.000,300.000,-1,325.000,350.000,-1,675.000,600.000,-1,900.000,2,0,2,0,0,0,0,0,0,2,0,0,2,0,0,2,0
33,-1124.203,-9021.325,-185.176,69.208,0.354337,-0.933978,0.046155,0.935001,0.354640,-0.001720,-0.014762,0.043764,0.998933,0,0.53160,-0.28307,31.896,-0.566,-1,375.000,-1,350.000,850.000,325.000,300.000,325.000,300.000,-1,350.000,350.000,-1,675.000,600.000,-1,900.000,2,0,2,0,0,0,0,0,0,2,0,0,2,0,0,2,0
34,-1110.838,-8987.149,-185.530,68.642,0.363667,-0.930487,0.044051,0.931441,0.363875,-0.003490,-0.012781,0.042300,0.999023,0,0.61160,-0.28307,36.696,-0.566,-1,375.000,-1,350.000,850.000,325.000,300.000,325.000,300.000,-1,350.000,350.000,-1,675.000,600.000,-1,900.000,2,0,2,0,0,0,0,0,0,2,0,0,2,0,0,2,0
35,-1095.343,-8948.655,-185.917,68.075,0.372971,-0.926909,0.041628,0.927784,0.373076,-0.005498,-0.010434,0.040673,0.999118,0,0.69160,-0.28307,41.496,-0.566,-1,375.000,-1,350.000,850.000,325.000,300.000,325.000,300.000,-1,350.000,375.000,-1,675.000,600.000,-1,900.000,2,0,2,0,0,0,0,0,0,2,0,0,2,0,0,2,0
36,-1079.245,-8909.773,-186.225,67.509,0.382227,-0.923247,0.038966,0.924032,0.382246,-0.007258,-0.008194,0.038780,0.999214,0,0.70138,-0.28307,42.083,-0.566,-1,400.000,-1,350.000,875.000,325.000,300.000,300.000,300.000,-1,350.000,375.000,-1,675.000,600.000,-1,925.000,2,0,2,0,0,0,0,0,0,2,0,0,2,0,0,2,0
37,-1062.762,-8871.052,-186.478,66.943,0.391434,-0.919495,0.036177,0.920187,0.391380,-0.008866,-0.006007,0.036760,0.999306,0,0.70138,-0.28307,42.083,-0.566,-1,400.000,-1,350.000,875.000,325.000,300.000,300.000,300.000,-1,325.000,375.000,-1,675.000,600.000,-1,925.000,2,0,2,0,0,0,0,0,0,2,0,0,2,0,0,2,0
38,-1045.898,-8832.496,-186.703,66.377,0.400593,-0.915650,0.033324,0.916248,0.400475,-0.010434,-0.003791,0.034713,0.999390,0,0.70138,-0.28307,42.083,-0.566,-1,375.000,-1,350.000,900.000,300.000,300.000,300.000,300.000,-1,325.000,375.000,-1,675.000,600.000,-1,950.000,2,0,2,0,0,0,0,0,0,2,0,0,2,0,0,2,0
39,-1028.654,-8794.108,-186.899,65.811,0.409704,-0.911712,0.030409,0.912217,0.409532,-0.011960,-0.001549,0.032640,0.999466,0,0.70138,-0.28307,42.083,-0.566,-1,375.000,-1,350.000,925.000,300.000,300.000,300.000,300.000,-1,300.000,375.000,-1,675.000,600.000,-1,950.000,2,0,2,0,0,0,0,0,0,2,0,0,2,0,0,2,0
40,-1011.032,-8755.893,-187.064,65.245,0.418763,-0.907681,0.027432,0.908095,0.418548,-0.013441,0.000719,0.030539,0.999533,0,0.70138,-0.28307,42.083,-0.566,-1,375.000,-1,350.000,950.000,300.000,300.000,300.000,300.000,-1,275.000,350.000,-1,650.000,625.000,-1,975.000,2,0,2,0,0,0,0,0,0,2,0,0,2,0,0,2,0
41,-993.033,-8717.853,-187.197,64.679,0.427772,-0.903558,0.024393,0.903882,0.427524,-0.014875,0.003012,0.028412,0.999592,0,0.70138,-0.28307,42.083,-0.566,-1,375.000,-1,350.000,975.000,300.000,300.000,300.000,300.000,-1,275.000,350.000,-1,650.000,625.000,-1,1000.000,2,0,2,0,0,0,0,0,0,2,0,0,2,0,0,2,0
42,-974.658,-8679.994,-187.269,64.112,0.436725,-0.899339,0.021439,0.899580,0.436455,-0.016228,0.005237,0.026373,0.999638,0,0.70138,-0.28307,42.083,-0.566,-1,375.000,-1,350.000,1000.000,300.000,300.000,300.000,325.000,-1,275.000,350.000,-1,650.000,625.000,-1,-1,2,0,2,0,0,0,0,0,0,2,0,0,2,0,0,2,2
43,-955.911,-8642.317,-187.101,63.546,0.445618,-0.895011,0.019472,0.895197,0.445334,-0.017307,0.006819,0.025144,0.999661,0,0.70138,-0.28307,42.083,-0.566,-1,375.000,-1,350.000,1000.000,300.000,300.000,300.000,325.000,-1,275.000,350.000,-1,650.000,625.000,-1,-1,2,0,2,0,0,0,0,0,0,2,0,0,2,0,0,2,2
44,-936.793,-8604.828,-186.846,62.980,0.454467,-0.890590,0.017572,0.890722,0.454168,-0.018590,0.008576,0.024100,0.999673,0,0.70138,-0.28307,42.083,-0.566,-1,375.000,-1,350.000,-1,300.000,300.000,300.000,300.000,-1,300.000,350.000,-1,650.000,625.000,-1,-1,2,0,2,0,2,0,0,0,0,2,0,0,2,0,0,2,2
45,-917.305,-8567.529,-186.314,62.414,0.463288,-0.886061,0.016131,0.886138,0.462946,-0.020986,0.011127,0.024017,0.999650,0,0.70138,-0.28307,42.083,-0.566,-1,375.000,-1,350.000,-1,300.000,300.000,300.000,300.000,-1,300.000,350.000,-1,650.000,625.000,-1,-1,2,0,2,0,2,0,0,0,0,2,0,0,2,0,0,2,2
46,-897.450,-8530.424,-185.732,61.848,0.472061,-0.881444,0.014647,0.881459,0.471680,-0.023411,0.013727,0.023962,0.999619,0,0.70138,-0.28307,42.083,-0.566,-1,375.000,-1,350.000,-1,300.000,300.000,300.000,300.000,-1,300.000,350.000,-1,650.000,625.000,-1,-1,2,0,2,0,2,0,0,0,0,2,0,0,2,0,0,2,2
47,-877.229,-8493.518,-184.917,61.282,0.480802,-0.876725,0.013488,0.876665,0.480358,-0.026745,0.016969,0.024684,0.999551,0,0.70138,-0.28307,42.083,-0.566,-1,375.000,-1,350.000,-1,300.000,300.000,300.000,300.000,-1,300.000,350.000,-1,650.000,625.000,-1,-1,2,0,2,0,2,0,0,0,0,2,0,0,2,0,0,2,2
48,-856.645,-8456.813,-184.074,60.716,0.489493,-0.871922,0.012220,0.871774,0.488989,-0.029996,0.020179,0.025336,0.999475,0,0.70138,-0.28307,42.083,-0.566,-1,375.000,-1,350.000,-1,300.000,300.000,300.000,300.000,-1,300.000,350.000,-1,675.000,625.000,-1,-1,2,0,2,0,2,0,0,0,0,2,0,0,2,0,0,2,2
49,-835.698,-8420.313,-182.963,60.149,0.498105,-0.867054,0.010435,0.866821,0.497584,-0.032121,0.022658,0.025045,0.999430,0,0.70138,-0.28307,42.083,-0.566,-1,375.000,-1,350.000,-1,300.000,300.000,300.000,300.000,-1,325.000,350.000,-1,675.000,625.000,-1,-1,2,0,2,0,2,0,0,0,0,2,0,0,2,0,0,2,2
50,-814.392,-8384.022,-181.822,59.583,0.506661,-0.862103,0.008566,0.861780,0.506132,-0.034143,0.025099,0.024681,0.999380,0,0.70138,-0.28307,42.083,-0.566,-1,375.000,-1,375.000,-1,300.000,300.000,300.000,300.000,-1,325.000,375.000,-1,675.000,650.000,-1,-1,2,0,2,0,2,0,0,0,0,2,0,0,2,0,0,2,2
51,-792.729,-8347.943,-180.643,59.017,0.515159,-0.857069,0.006570,0.856652,0.514632,-0.036086,0.027547,0.024218,0.999327,0,0.70138,-0.28307,42.083,-0.566,-1,375.000,-1,375.000,-1,300.000,300.000,300.000,300.000,-1,350.000,375.000,-1,700.000,650.000,-1,-1,2,0,2,0,2,0,0,0,0,2,0,0,2,0,0,2,2
52,-770.710,-8312.081,-179.359,58.451,0.523593,-0.851959,0.004136,0.851433,0.523085,-0.037985,0.030198,0.023410,0.999270,0,0.70138,-0.28307,42.083,-0.566,-1,375.000,-1,375.000,-1,300.000,300.000,300.000,300.000,-1,350.000,400.000,-1,700.000,650.000,-1,-1,2,0,2,0,2,0,0,0,0,2,0,0,2,0,0,2,2
53,-748.337,-8276.437,-178.062,57.885,0.531965,-0.846764,0.001703,0.846132,0.531488,-0.039775,0.032775,0.022600,0.999207,0,0.70138,-0.28307,42.083,-0.566,-1,375.000,-1,375.000,-1,300.000,300.000,300.000,300.000,-1,350.000,400.000,-1,700.000,650.000,-1,-1,2,0,2,0,2,0,0,0,0,2,0,0,2,0,0,2,2
54,-725.613,-8241.016,-176.752,57.319,0.540278,-0.841487,-0.000726,0.840747,0.539839,-0.041456,0.035277,0.021787,0.999140,0,0.70138,-0.28307,42.083,-0.566,-1,375.000,-1,375.000,-1,300.000,300.000,300.000,300.000,-1,325.000,400.000,-1,725.000,675.000,-1,-1,2,0,2,0,2,0,0,0,0,2,0,0,2,0,0,2,2
55,-702.541,-8205.822,-175.391,56.752,0.548524,-0.836128,-0.003327,0.835280,0.548138,-0.043044,0.037814,0.020832,0.999068,0,0.70138,-0.28307,42.083,-0.566,-1,375.000,-1,375.000,-1,300.000,300.000,300.000,300.000,-1,325.000,400.000,-1,725.000,675.000,-1,-1,2,0,2,0,2,0,0,0,0,2,0,0,2,0,0,2,2
56,-676.705,-8166.897,-173.779,56.426,0.553204,-0.833020,-0.006535,0.832044,0.552906,-0.044708,0.040856,0.019296,0.998979,0,0.77864,-0.16307,46.719,-0.326,-1,375.000,-1,375.000,-1,325.000,325.000,300.000,300.000,-1,325.000,400.000,-1,750.000,700.000,-1,-1,2,0,2,0,2,0,0,0,0,2,0,0,2,0,0,2,2
57,-650.810,-8128.011,-172.136,56.340,0.554370,-0.832214,-0.009666,0.831114,0.554175,-0.046265,0.043859,0.017615,0.998882,0,0.77864,-0.04307,46.719,-0.086,-1,400.000,-1,375.000,-1,325.000,325.000,300.000,300.000,-1,325.000,400.000,-1,750.000,700.000,-1,-1,2,0,2,0,2,0,0,0,0,2,0,0,2,0,0,2,2
58,-624.918,-8089.123,-170.461,56.345,0.554204,-0.832284,-0.012726,0.831066,0.554123,-0.047731,0.046777,0.015876,0.998779,0,0.77864,0.00236,46.719,0.005,-1,400.000,-1,375.000,-1,325.000,325.000,300.000,300.000,-1,325.000,400.000,-1,775.000,725.000,-1,-1,2,0,2,0,2,0,0,0,0,2,0,0,2,0,0,2,2
59,-599.030,-8050.233,-168.508,56.350,0.554078,-0.832339,-0.014461,0.831033,0.554061,-0.048995,0.048793,0.015130,0.998694,0,0.77864,0.00236,46.719,0.005,-1,400.000,-1,375.000,-1,325.000,325.000,300.000,300.000,-1,350.000,400.000,-1,775.000,725.000,-1,-1,2,0,2,0,2,0,0,0,0,2,0,0,2,0,0,2,2
60,-573.145,-8011.340,-166.393,56.354,0.553978,-0.832387,-0.015474,0.831011,0.553994,-0.050111,0.050285,0.014901,0.998624,0,0.77864,0.00236,46.719,0.005,-1,400.000,-1,375.000,-1,325.000,325.000,300.000,300.000,-1,375.000,400.000,-1,800.000,750.000,-1,-1,2,0,2,0,2,0,0,0,0,2,0,0,2,0,0,2,2
61,-547.263,-7972.445,-164.099,56.359,0.553911,-0.832428,-0.015669,0.831000,0.553922,-0.051070,0.051191,0.015268,0.998572,0,0.77864,0.00236,46.719,0.005,-1,400.000,-1,375.000,-1,325.000,325.000,300.000,300.000,-1,400.000,425.000,-1,800.000,750.000,-1,-1,2,0,2,0,2,0,0,0,0,2,0,0,2,0,0,2,2
62,-521.385,-7933.549,-161.853,56.364,0.553834,-0.832473,-0.015993,0.831013,0.553854,-0.051614,0.051825,0.015295,0.998539,0,0.77864,0.00236,46.719,0.005,-1,400.000,-1,375.000,-1,325.000,325.000,300.000,300.000,-1,425.000,450.000,-1,800.000,750.000,-1,-1,2,0,2,0,2,0,0,0,0,2,0,0,2,0,0,2,2
63,-495.510,-7894.650,-159.616,56.368,0.553752,-0.832521,-0.016379,0.831036,0.553787,-0.051951,0.052320,0.015157,0.998515,0,0.77864,0.00236,46.719,0.005,-1,400.000,-1,400.000,-1,325.000,325.000,300.000,300.000,-1,475.000,475.000,-1,825.000,750.000,-1,-1,2,0,2,0,2,0,0,0,0,2,0,0,2,0,0,2,2
64,-469.638,-7855.749,-157.367,56.373,0.553667,-0.832569,-0.016796,0.831067,0.553720,-0.052179,0.052743,0.014932,0.998496,0,0.77864,0.00236,46.719,0.005,-1,400.000,-1,400.000,-1,325.000,325.000,300.000,300.000,-1,500.000,500.000,-1,825.000,775.000,-1,-1,2,0,2,0,2,0,0,0,0,2,0,0,2,0,0,2,2
65,-443.769,-7816.846,-155.105,56.378,0.553579,-0.832618,-0.017243,0.831103,0.553654,-0.052299,0.053092,0.014620,0.998483,0,0.77864,0.00236,46.719,0.005,-1,400.000,-1,400.000,-1,325.000,325.000,300.000,300.000,-1,550.000,525.000,-1,825.000,775.000,-1,-1,2,0,2,0,2,0,0,0,0,2,0,0,2,0,0,2,2
66,-417.903,-7777.941,-152.779,56.383,0.553482,-0.832671,-0.017799,0.831160,0.553590,-0.052070,0.053211,0.014026,0.998485,0,0.77864,0.00236,46.719,0.005,-1,400.000,-1,400.000,-1,325.000,325.000,300.000,300.000,-1,575.000,575.000,-1,825.000,775.000,-1,-1,2,0,2,0,2,0,0,0,0,2,0,0,2,0,0,2,2
67,-392.041,-7739.034,-150.398,56.387,0.553378,-0.832726,-0.018446,0.831234,0.553528,-0.051547,0.053135,0.013192,0.998500,0,0.77864,0.00236,46.719,0.005,-1,400.000,-1,400.000,-1,325.000,325.000,300.000,300.000,-1,625.000,625.000,-1,850.000,775.000,-1,-1,2,0,2,0,2,0,0,0,0,2,0,0,2,0,0,2,2
68,-366.181,-7700.125,-148.025,56.392,0.553274,-0.832781,-0.019097,0.831309,0.553466,-0.051000,0.053041,0.012341,0.998516,0,0.77864,0.00236,46.719,0.005,-1,400.000,-1,400.000,-1,325.000,325.000,300.000,300.000,-1,675.000,675.000,-1,850.000,775.000,-1,-1,2,0,2,0,2,0,0,0,0,2,0,0,2,0,0,2,2
69,-340.325,-7661.214,-145.661,56.397,0.553177,-0.832835,-0.019527,0.831405,0.553403,-0.050107,0.052537,0.011483,0.998553,0,0.77864,0.00236,46.719,0.005,-1,400.000,-1,400.000,-1,325.000,325.000,300.000,300.000,-1,725.000,725.000,-1,850.000,775.000,-1,-1,2,0,2,0,2,0,0,0,0,2,0,0,2,0,0,2,2
70,-314.472,-7622.300,-143.342,56.401,0.553096,-0.832887,-0.019612,0.831518,0.553339,-0.048930,0.051605,0.010755,0.998610,0,0.77864,0.00236,46.719,0.005,-1,400.000,-1,400.000,-1,325.000,325.000,300.000,300.000,-1,800.000,800.000,-1,850.000,775.000,-1,-1,2,0,2,0,2,0,0,0,0,2,0,0,2,0,0,2,2
71,-288.623,-7583.385,-141.036,56.406,0.553015,-0.832939,-0.019677,0.831630,0.553274,-0.047729,0.050642,0.010031,0.998666,0,0.77864,0.00236,46.719,0.005,-1,400.000,-1,400.000,-1,325.000,325.000,300.000,300.000,-1,850.000,900.000,-1,825.000,775.000,-1,-1,2,0,2,0,2,0,0,0,0,2,0,0,2,0,0,2,2
72,-262.776,-7544.467,-138.665,56.411,0.552945,-0.832987,-0.019600,0.831722,0.553208,-0.046888,0.049900,0.009625,0.998708,0,0.77864,0.00236,46.719,0.005,-1,400.000,-1,400.000,-1,325.000,325.000,300.000,300.000,-1,925.000,975.000,-1,825.000,775.000,-1,-1,2,0,2,0,2,0,0,0,0,2,0,0,2,0,0,2,2
73,-236.933,-7505.547,-136.286,56.416,0.552877,-0.833035,-0.019468,0.831809,0.553141,-0.046133,0.049199,0.009312,0.998746,0,0.77864,0.00236,46.719,0.005,-1,400.000,-1,400.000,-1,325.000,325.000,300.000,300.000,-1,975.000,-1,-1,825.000,775.000,-1,-1,2,0,2,0,2,0,0,0,0,2,0,2,2,0,0,2,2
74,-211.093,-7466.625,-133.919,56.420,0.552810,-0.833083,-0.019318,0.831896,0.553074,-0.045355,0.048469,0.009002,0.998784,0,0.77864,0.00236,46.719,0.005,-1,400.000,-1,400.000,-1,325.000,325.000,300.000,300.000,-1,-1,-1,-1,825.000,775.000,-1,-1,2,0,2,0,2,0,0,0,0,2,2,2,2,0,0,2,2
75,-185.256,-7427.701,-131.565,56.425,0.552744,-0.833131,-0.019148,0.831984,0.553007,-0.044554,0.047708,0.008696,0.998823,0,0.77864,0.00236,46.719,0.005,-1,400.000,-1,400.000,-1,325.000,325.000,300.000,300.000,-1,-1,-1,-1,825.000,775.000,-1,-1,2,0,2,0,2,0,0,0,0,2,2,2,2,0,0,2,2
76,-161.931,-7392.871,-129.537,56.190,0.556151,-0.830856,-0.019375,0.829738,0.556426,-0.043871,0.047231,0.008323,0.998849,0,0.69864,-0.11764,41.919,-0.235,-1,400.000,-1,400.000,-1,325.000,325.000,300.000,300.000,-1,-1,-1,-1,825.000,775.000,-1,-1,2,0,2,0,2,0,0,0,0,2,2,2,2,0,0,2,2
77,-141.041,-7362.189,-127.758,55.751,0.562494,-0.826569,-0.019604,0.825476,0.562776,-0.043269,0.046798,0.008156,0.998871,0,0.61864,-0.21951,37.119,-0.439,-1,400.000,-1,400.000,-1,325.000,325.000,300.000,300.000,-1,-1,-1,-1,825.000,775.000,-1,-1,2,0,2,0,2,0,0,0,0,2,2,2,2,0,0,2,2
78,-121.095,-7333.372,-126.090,55.312,0.568805,-0.822234,-0.019824,0.821164,0.569094,-0.042686,0.046379,0.008002,0.998892,0,0.58411,-0.21951,35.047,-0.439,-1,400.000,-1,400.000,-1,325.000,325.000,300.000,300.000,-1,-1,-1,-1,825.000,775.000,-1,-1,2,0,2,0,2,0,0,0,0,2,2,2,2,0,0,2,2
79,-100.929,-7304.708,-124.449,54.873,0.575081,-0.817850,-0.020067,0.816808,0.575378,-0.042012,0.045906,0.007769,0.998916,0,0.58411,-0.21951,35.047,-0.439,-1,400.000,-1,400.000,-1,325.000,325.000,300.000,300.000,-1,-1,-1,-1,825.000,775.000,-1,-1,2,0,2,0,2,0,0,0,0,2,2,2,2,0,0,2,2
80,-80.544,-7276.200,-122.915,54.434,0.581315,-0.813422,-0.020446,0.812427,0.581631,-0.040850,0.045120,0.007136,0.998956,0,0.58411,-0.21951,35.047,-0.439,-1,400.000,-1,400.000,-1,325.000,325.000,300.000,300.000,-1,-1,-1,-1,825.000,775.000,-1,-1,2,0,2,0,2,0,0,0,0,2,2,2,2,0,0,2,2
81,-59.942,-7247.848,-121.387,53.995,0.587516,-0.808945,-0.020810,0.807996,0.587849,-0.039696,0.044345,0.006507,0.998995,0,0.58411,-0.21951,35.047,-0.439,-1,400.000,-1,400.000,-1,325.000,325.000,300.000,300.000,-1,-1,-1,-1,825.000,775.000,-1,-1,2,0,2,0,2,0,0,0,0,2,2,2,2,0,0,2,2
82,-39.122,-7219.656,-119.867,53.556,0.593684,-0.804420,-0.021161,0.803517,0.594032,-0.038550,0.043581,0.005883,0.999033,0,0.58411,-0.21951,35.047,-0.439,-1,400.000,-1,400.000,-1,325.000,325.000,300.000,300.000,-1,-1,-1,-1,800.000,775.000,-1,-1,2,0,2,0,2,0,0,0,0,2,2,2,2,0,0,2,2
83,-18.088,-7191.623,-118.352,53.117,0.599818,-0.799847,-0.021508,0.798989,0.600180,-0.037413,0.042833,0.005256,0.999068,0,0.58411,-0.21951,35.047,-0.439,-1,400.000,-1,400.000,-1,325.000,325.000,300.000,300.000,-1,-1,-1,-1,800.000,775.000,-1,-1,2,0,2,0,2,0,0,0,0,2,2,2,2,0,0,2,2
84,3.161,-7163.753,-116.844,52.678,0.605917,-0.795228,-0.021849,0.794413,0.606293,-0.036284,0.042101,0.004628,0.999103,0,0.58411,-0.21951,35.047,-0.439,-1,400.000,-1,400.000,-1,325.000,325.000,300.000,300.000,-1,-1,-1,-1,800.000,775.000,-1,-1,2,0,2,0,2,0,0,0,0,2,2,2,2,0,0,2,2
85,24.623,-7136.046,-115.358,52.239,0.611982,-0.790561,-0.022168,0.789785,0.612370,-0.035239,0.041434,0.004057,0.999133,0,0.58411,-0.21951,35.047,-0.439,-1,400.000,-1,400.000,-1,325.000,325.000,300.000,300.000,-1,-1,-1,-1,800.000,775.000,-1,-1,2,0,2,0,2,0,0,0,0,2,2,2,2,0,0,2,2
86,46.297,-7108.505,-113.971,51.800,0.618017,-0.785846,-0.022385,0.785092,0.618410,-0.034630,0.041057,0.003828,0.999149,0,0.58411,-0.21951,35.047,-0.439,-1,400.000,-1,400.000,-1,325.000,325.000,300.000,300.000,-1,-1,-1,-1,775.000,775.000,-1,-1,2,0,2,0,2,0,0,0,0,2,2,2,2,0,0,2,2
87,68.181,-7081.130,-112.593,51.361,0.624015,-0.781085,-0.022603,0.780352,0.624414,-0.034040,0.040702,0.003603,0.999165,0,0.58411,-0.21951,35.047,-0.439,-1,400.000,-1,400.000,-1,325.000,325.000,300.000,300.000,-1,-1,-1,-1,775.000,775.000,-1,-1,2,0,2,0,2,0,0,0,0,2,2,2,2,0,0,2,2
88,90.273,-7053.924,-111.196,50.922,0.629982,-0.776278,-0.022686,0.775564,0.630381,-0.033470,0.040283,0.003491,0.999182,0,0.58411,-0.21951,35.047,-0.439,-1,400.000,-1,400.000,-1,325.000,325.000,300.000,300.000,-1,-1,-1,-1,775.000,750.000,-1,-1,2,0,2,0,2,0,0,0,0,2,2,2,2,0,0,2,2
89,112.574,-7026.888,-109.750,50.482,0.635923,-0.771425,-0.022476,0.770731,0.636310,-0.032926,0.039702,0.003615,0.999205,0,0.58411,-0.21951,35.047,-0.439,-1,400.000,-1,400.000,-1,325.000,325.000,300.000,300.000,-1,-1,-1,-1,775.000,750.000,-1,-1,2,0,2,0,2,0,0,0,0,2,2,2,2,0,0,2,2
90,135.081,-7000.023,-108.313,50.043,0.641826,-0.766527,-0.022267,0.765850,0.642202,-0.032408,0.039141,0.003747,0.999227,0,0.58411,-0.21951,35.047,-0.439,-1,400.000,-1,400.000,-1,325.000,325.000,300.000,300.000,-1,-1,-1,-1,775.000,750.000,-1,-1,2,0,2,0,2,0,0,0,0,2,2,2,2,0,0,2,2
91,157.794,-6973.332,-106.886,49.604,0.647693,-0.761583,-0.022039,0.760924,0.648056,-0.031916,0.038589,0.003901,0.999248,0,0.58411,-0.21951,35.047,-0.439,-1,400.000,-1,400.000,-1,325.000,325.000,300.000,300.000,-1,-1,-1,-1,750.000,750.000,-1,-1,2,0,2,0,2,0,0,0,0,2,2,2,2,0,0,2,2
92,180.710,-6946.816,-105.495,49.165,0.653525,-0.756594,-0.021685,0.755952,0.653871,-0.031455,0.037978,0.004164,0.999270,0,0.58411,-0.21951,35.047,-0.439,-1,400.000,-1,400.000,-1,325.000,325.000,300.000,300.000,-1,-1,-1,-1,750.000,750.000,-1,-1,2,0,2,0,2,0,0,0,0,2,2,2,2,0,0,2,2
93,207.120,-6916.979,-103.914,48.486,0.662464,-0.748791,-0.021300,0.748164,0.662790,-0.030971,0.037308,0.004581,0.999293,0,0.66411,-0.33951,39.847,-0.679,-1,400.000,-1,400.000,-1,325.000,325.000,300.000,300.000,-1,-1,-1,-1,750.000,750.000,-1,-1,2,0,2,0,2,0,0,0,0,2,2,2,2,0,0,2,2
94,237.244,-6884.026,-102.148,47.567,0.674409,-0.738062,-0.020897,0.737450,0.674713,-0.030479,0.036595,0.005144,0.999317,0,0.74411,-0.45951,44.647,-0.919,-1,400.000,-1,400.000,-1,325.000,325.000,300.000,300.000,-1,-1,-1,-1,750.000,750.000,-1,-1,2,0,2,0,2,0,0,0,0,2,2,2,2,0,0,2,2
95,271.339,-6848.213,-100.199,46.408,0.689222,-0.724261,-0.020489,0.723663,0.689502,-0.029996,0.035852,0.005847,0.999340,0,0.82411,-0.57951,49.447,-1.159,-1,400.000,-1,375.000,-1,325.000,325.000,300.000,300.000,-1,-1,-1,-1,725.000,750.000,-1,-1,2,0,2,0,2,0,0,0,0,2,2,2,2,0,0,2,2
96,308.565,-6810.974,-98.267,45.009,0.706696,-0.707209,-0.020884,0.706617,0.706978,-0.029581,0.035684,0.006147,0.999344,0,0.87758,-0.69951,52.655,-1.399,-1,400.000,-1,375.000,-1,325.000,325.000,300.000,300.000,-1,-1,-1,-1,725.000,750.000,-1,-1,2,0,2,0,2,0,0,0,0,2,2,2,2,0,0,2,2
97,346.809,-6774.781,-96.324,43.422,0.726010,-0.687352,-0.021382,0.686755,0.726294,-0.029392,0.035732,0.006655,0.999339,0,0.87758,-0.79368,52.655,-1.587,-1,400.000,-1,375.000,-1,325.000,325.000,300.000,300.000,-1,-1,-1,-1,725.000,775.000,-1,-1,2,0,2,0,2,0,0,0,0,2,2,2,2,0,0,2,2
98,386.041,-6739.661,-94.377,41.835,0.744767,-0.666966,-0.021865,0.666363,0.745053,-0.029269,0.035812,0.007228,0.999332,0,0.87758,-0.79368,52.655,-1.587,-1,375.000,-1,400.000,-1,325.000,325.000,300.000,300.000,-1,-1,-1,-1,725.000,775.000,-1,-1,2,0,2,0,2,0,0,0,0,2,2,2,2,0,0,2,2
99,426.230,-6705.641,-92.426,40.247,0.762953,-0.646068,-0.022341,0.645456,0.763239,-0.029209,0.035923,0.007865,0.999324,0,0.87758,-0.79368,52.655,-1.587,-1,375.000,-1,400.000,-1,325.000,325.000,300.000,300.000,-1,-1,-1,-1,725.000,775.000,-1,-1,2,0,2,0,2,0,0,0,0,2,2,2,2,0,0,2,2
100,467.346,-6672.748,-90.473,38.660,0.780552,-0.624674,-0.022812,0.624050,0.780838,-0.029202,0.036054,0.008558,0.999313,0,0.87758,-0.79368,52.655,-1.587,-1,375.000,-1,400.000,-1,325.000,325.000,300.000,300.000,-1,-1,-1,-1,725.000,775.000,-1,-1,2,0,2,0,2,0,0,0,0,2,2,2,2,0,0,2,2
101,509.358,-6641.006,-88.514,37.073,0.797552,-0.602801,-0.023283,0.602162,0.797837,-0.029261,0.036215,0.009317,0.999301,0,0.87758,-0.79368,52.655,-1.587,-1,375.000,-1,400.000,-1,325.000,325.000,300.000,300.000,-1,-1,-1,-1,725.000,800.000,-1,-1,2,0,2,0,2,0,0,0,0,2,2,2,2,0,0,2,2
102,552.233,-6610.440,-86.498,35.485,0.813940,-0.580462,-0.023774,0.579796,0.814221,-0.029667,0.036578,0.010363,0.999277,0,0.87758,-0.79368,52.655,-1.587,-1,375.000,-1,400.000,-1,325.000,325.000,300.000,300.000,-1,-1,-1,-1,725.000,800.000,-1,-1,2,0,2,0,2,0,0,0,0,2,2,2,2,0,0,2,2
103,595.938,-6581.073,-84.579,33.898,0.829715,-0.557676,-0.023877,0.556981,0.829975,-0.030217,0.036669,0.011773,0.999258,0,0.87758,-0.79368,52.655,-1.587,-1,375.000,-1,400.000,-1,325.000,325.000,300.000,300.000,-1,-1,-1,-1,725.000,800.000,-1,-1,2,0,2,0,2,0,0,0,0,2,2,2,2,0,0,2,2
104,640.440,-6552.928,-82.793,32.311,0.844869,-0.534458,-0.023458,0.533734,0.845084,-0.030992,0.036388,0.013664,0.999244,0,0.87758,-0.79368,52.655,-1.587,-1,375.000,-1,400.000,-1,325.000,325.000,300.000,300.000,-1,-1,-1,-1,725.000,825.000,-1,-1,2,0,2,0,2,0,0,0,0,2,2,2,2,0,0,2,2
105,685.705,-6526.027,-81.021,30.723,0.859373,-0.510829,-0.023074,0.510075,0.859541,-0.031830,0.036093,0.015585,0.999227,0,0.87758,-0.79368,52.655,-1.587,-1,375.000,-1,400.000,-1,325.000,325.000,300.000,300.000,-1,-1,-1,-1,725.000,825.000,-1,-1,2,0,2,0,2,0,0,0,0,2,2,2,2,0,0,2,2
106,731.697,-6500.390,-79.289,29.136,0.873214,-0.486806,-0.022746,0.486017,0.873332,-0.032837,0.035850,0.017619,0.999202,0,0.87758,-0.79368,52.655,-1.587,-1,400.000,-1,400.000,-1,325.000,325.000,300.000,300.000,-1,-1,-1,-1,750.000,825.000,-1,-1,2,0,2,0,2,0,0,0,0,2,2,2,2,0,0,2,2
107,778.381,-6476.036,-77.534,27.548,0.886389,-0.462408,-0.022238,0.461582,0.886444,-0.034043,0.035454,0.019910,0.999173,0,0.87758,-0.79368,52.655,-1.587,-1,400.000,-1,400.000,-1,325.000,325.000,300.000,300.000,-1,-1,-1,-1,750.000,850.000,-1,-1,2,0,2,0,2,0,0,0,0,2,2,2,2,0,0,2,2
108,825.723,-6452.985,-75.836,25.961,0.898882,-0.437656,-0.021635,0.436809,0.898874,-0.034988,0.034760,0.022000,0.999154,0,0.87758,-0.79368,52.655,-1.587,-1,400.000,-1,400.000,-1,325.000,325.000,300.000,300.000,-1,-1,-1,-1,750.000,850.000,-1,-1,2,0,2,0,2,0,0,0,0,2,2,2,2,0,0,2,2
109,869.229,-6433.054,-74.437,24.614,0.908947,-0.416387,-0.020896,0.415553,0.908890,-0.035146,0.033626,0.023262,0.999164,0,0.79758,-0.67368,47.855,-1.347,-1,400.000,-1,400.000,-1,325.000,325.000,300.000,300.000,-1,-1,-1,-1,750.000,850.000,-1,-1,2,0,2,0,2,0,0,0,0,2,2,2,2,0,0,2,2
110,908.908,-6415.795,-73.169,23.506,0.916844,-0.398734,-0.020197,0.397911,0.916743,-0.035334,0.032604,0.024359,0.999171,0,0.72115,-0.55368,43.269,-1.107,-1,400.000,-1,400.000,-1,325.000,325.000,300.000,300.000,-1,-1,-1,-1,750.000,850.000,-1,-1,2,0,2,0,2,0,0,0,0,2,2,2,2,0,0,2,2
111,948.843,-6399.140,-71.892,22.639,0.922794,-0.384801,-0.019471,0.383991,0.922651,-0.035569,0.031652,0.025346,0.999178,0,0.72115,-0.43368,43.269,-0.867,-1,400.000,-1,400.000,-1,325.000,325.000,300.000,300.000,-1,-1,-1,-1,750.000,850.000,-1,-1,2,0,2,0,2,0,0,0,0,2,2,2,2,0,0,2,2
112,988.988,-6382.996,-70.607,21.906,0.927663,-0.372950,-0.018727,0.372153,0.927479,-0.035838,0.030734,0.026276,0.999182,0,0.72115,-0.36674,43.269,-0.733,-1,400.000,-1,400.000,-1,325.000,325.000,300.000,300.000,-1,-1,-1,-1,750.000,850.000,-1,-1,2,0,2,0,2,0,0,0,0,2,2,2,2,0,0,2,2
113,1029.336,-6367.369,-69.320,21.172,0.932378,-0.361037,-0.017968,0.360254,0.932154,-0.036132,0.029794,0.027215,0.999185,0,0.72115,-0.36674,43.269,-0.733,-1,375.000,-1,400.000,-1,325.000,325.000,300.000,300.000,-1,-1,-1,-1,750.000,850.000,-1,-1,2,0,2,0,2,0,0,0,0,2,2,2,2,0,0,2,2
114,1069.881,-6352.258,-67.986,20.439,0.936945,-0.349064,-0.016997,0.348298,0.936670,-0.036570,0.028686,0.028344,0.999187,0,0.72115,-0.36674,43.269,-0.733,-1,375.000,-1,400.000,-1,325.000,325.000,300.000,300.000,-1,-1,-1,-1,750.000,850.000,-1,-1,2,0,2,0,2,0,0,0,0,2,2,2,2,0,0,2,2
115,1110.617,-6337.668,-66.653,19.705,0.941356,-0.337034,-0.016026,0.336287,0.941031,-0.037031,0.027562,0.029470,0.999186,0,0.72115,-0.36674,43.269,-0.733,-1,375.000,-1,400.000,-1,325.000,325.000,300.000,300.000,-1,-1,-1,-1,750.000,850.000,-1,-1,2,0,2,0,2,0,0,0,0,2,2,2,2,0,0,2,2
116,1151.535,-6323.601,-65.324,18.972,0.945612,-0.324949,-0.015056,0.324223,0.945237,-0.037515,0.026422,0.030593,0.999183,0,0.72115,-0.36674,43.269,-0.733,-1,375.000,-1,400.000,-1,325.000,325.000,300.000,300.000,-1,-1,-1,-1,750.000,850.000,-1,-1,2,0,2,0,2,0,0,0,0,2,2,2,2,0,0,2,2
117,1192.631,-6310.059,-63.998,18.238,0.949711,-0.312811,-0.014086,0.312107,0.949286,-0.038021,0.025265,0.031713,0.999178,0,0.72115,-0.36674,43.269,-0.733,-1,400.000,-1,400.000,-1,325.000,325.000,300.000,300.000,-1,-1,-1,-1,750.000,850.000,-1,-1,2,0,2,0,2,0,0,0,0,2,2,2,2,0,0,2,2
118,1233.896,-6297.044,-62.769,17.505,0.953652,-0.300619,-0.013271,0.299925,0.953167,-0.038951,0.024359,0.033166,0.999153,0,0.72115,-0.36674,43.269,-0.733,-1,400.000,-1,400.000,-1,325.000,325.000,300.000,300.000,-1,-1,-1,-1,750.000,850.000,-1,-1,2,0,2,0,2,0,0,0,0,2,2,2,2,0,0,2,2
119,1275.325,-6284.557,-61.691,16.771,0.957438,-0.288373,-0.012415,0.287679,0.956873,-0.040444,0.023543,0.035151,0.999105,0,0.72115,-0.36674,43.269,-0.733,-1,400.000,-1,400.000,-1,325.000,325.000,300.000,300.000,-1,-1,-1,-1,775.000,850.000,-1,-1,2,0,2,0,2,0,0,0,0,2,2,2,2,0,0,2,2
120,1316.910,-6272.602,-60.690,16.038,0.961069,-0.276078,-0.011310,0.275392,0.960408,-0.042149,0.022498,0.037393,0.999047,0,0.72115,-0.36674,43.269,-0.733,-1,400.000,-1,400.000,-1,325.000,325.000,300.000,300.000,-1,-1,-1,-1,775.000,875.000,-1,-1,2,0,2,0,2,0,0,0,0,2,2,2,2,0,0,2,2
121,1358.644,-6261.180,-59.699,15.304,0.964540,-0.263738,-0.010225,0.263065,0.963780,-0.043881,0.021428,0.039635,0.998984,0,0.72115,-0.36674,43.269,-0.733,-1,400.000,-1,400.000,-1,325.000,325.000,300.000,300.000,-1,-1,-1,-1,775.000,875.000,-1,-1,2,0,2,0,2,0,0,0,0,2,2,2,2,0,0,2,2
122,1400.522,-6250.294,-58.900,14.571,0.967844,-0.251364,-0.009722,0.250697,0.967018,-0.045028,0.020720,0.041142,0.998938,0,0.72115,-0.36674,43.269,-0.733,-1,400.000,-1,400.000,-1,325.000,325.000,300.000,300.000,-1,-1,-1,-1,775.000,875.000,-1,-1,2,0,2,0,2,0,0,0,0,2,2,2,2,0,0,2,2
123,1442.535,-6239.945,-58.294,13.837,0.970989,-0.238957,-0.008939,0.238327,0.970126,-0.045344,0.019508,0.041898,0.998931,0,0.72115,-0.36674,43.269,-0.733,-1,400.000,-1,400.000,-1,325.000,325.000,300.000,300.000,-1,-1,-1,-1,775.000,875.000,-1,-1,2,0,2,0,2,0,0,0,0,2,2,2,2,0,0,2,2
124,1484.678,-6230.135,-57.701,13.104,0.973975,-0.226511,-0.008131,0.225921,0.973074,-0.045675,0.018258,0.042649,0.998923,0,0.72115,-0.36674,43.269,-0.733,-1,400.000,-1,400.000,-1,325.000,325.000,300.000,300.000,-1,-1,-1,-1,800.000,875.000,-1,-1,2,0,2,0,2,0,0,0,0,2,2,2,2,0,0,2,2
125,1526.943,-6220.865,-57.122,12.370,0.976800,-0.214029,-0.007299,0.213480,0.975863,-0.046021,0.016973,0.043395,0.998914,0,0.72115,-0.36674,43.269,-0.733,-1,400.000,-1,400.000,-1,325.000,325.000,300.000,300.000,-1,-1,-1,-1,800.000,875.000,-1,-1,2,0,2,0,2,0,0,0,0,2,2,2,2,0,0,2,2
126,1569.323,-6212.137,-56.556,11.637,0.979465,-0.201513,-0.006445,0.201007,0.978491,-0.046383,0.015653,0.044135,0.998903,0,0.72115,-0.36674,43.269,-0.733,-1,400.000,-1,400.000,-1,325.000,325.000,300.000,300.000,-1,-1,-1,-1,800.000,875.000,-1,-1,2,0,2,0,2,0,0,0,0,2,2,2,2,0,0,2,2
127,1611.811,-6203.952,-56.004,10.903,0.981968,-0.188964,-0.005569,0.188505,0.980958,-0.046761,0.014299,0.044868,0.998891,0,0.72115,-0.36674,43.269,-0.733,-1,400.000,-1,400.000,-1,325.000,325.000,300.000,300.000,-1,-1,-1,-1,800.000,875.000,-1,-1,2,0,2,0,2,0,0,0,0,2,2,2,2,0,0,2,2
128,1654.400,-6196.312,-55.468,10.170,0.984310,-0.176386,-0.004674,0.175974,0.983265,-0.047156,0.012913,0.045593,0.998877,0,0.72115,-0.36674,43.269,-0.733,-1,400.000,-1,400.000,-1,325.000,325.000,300.000,300.000,-1,-1,-1,-1,800.000,875.000,-1,-1,2,0,2,0,2,0,0,0,0,2,2,2,2,0,0,2,2
129,1697.084,-6189.217,-54.948,9.437,0.986490,-0.163779,-0.003760,0.163418,0.985410,-0.047567,0.011496,0.046310,0.998861,0,0.72115,-0.36674,43.269,-0.733,-1,400.000,-1,400.000,-1,325.000,325.000,300.000,300.000,-1,-1,-1,-1,825.000,875.000,-1,-1,2,0,2,0,2,0,0,0,0,2,2,2,2,0,0,2,2
130,1739.855,-6182.670,-54.444,8.703,0.988507,-0.151146,-0.002830,0.150838,0.987393,-0.047995,0.010049,0.047017,0.998844,0,0.72115,-0.36674,43.269,-0.733,-1,400.000,-1,425.000,-1,325.000,325.000,300.000,300.000,-1,-1,-1,-1,825.000,875.000,-1,-1,2,0,2,0,2,0,0,0,0,2,2,2,2,0,0,2,2
131,1782.707,-6176.670,-53.959,7.970,0.990362,-0.138489,-0.001886,0.138236,0.989214,-0.048440,0.008574,0.047713,0.998824,0,0.72115,-0.36674,43.269,-0.733,-1,400.000,-1,425.000,-1,325.000,325.000,300.000,300.000,-1,-1,-1,-1,825.000,875.000,-1,-1,2,0,2,0,2,0,0,0,0,2,2,2,2,0,0,2,2
132,1825.631,-6171.220,-53.491,7.236,0.992054,-0.125810,-0.000927,0.125615,0.990873,-0.048903,0.007071,0.048398,0.998803,0,0.72115,-0.36674,43.269,-0.733,-1,400.000,-1,425.000,-1,325.000,325.000,300.000,300.000,-1,-1,-1,-1,825.000,875.000,-1,-1,2,0,2,0,2,0,0,0,0,2,2,2,2,0,0,2,2
133,1868.622,-6166.320,-53.043,6.503,0.993582,-0.113112,0.000043,0.112976,0.992370,-0.049382,0.005543,0.049070,0.998780,0,0.72115,-0.36674,43.269,-0.733,-1,400.000,-1,425.000,-1,325.000,325.000,300.000,300.000,-1,-1,-1,-1,825.000,875.000,-1,-1,2,0,2,0,2,0,0,0,0,2,2,2,2,0,0,2,2
134,1911.785,-6161.953,-52.613,5.776,0.994935,-0.100516,0.001026,0.100441,0.993692,-0.049879,0.003995,0.049730,0.998755,0,0.72304,-0.36329,43.383,-0.727,-1,400.000,-1,425.000,-1,325.000,350.000,300.000,300.000,-1,-1,-1,-1,850.000,875.000,-1,-1,2,0,2,0,2,0,0,0,0,2,2,2,2,0,0,2,2
135,1955.249,-6158.100,-52.286,5.066,0.996101,-0.088197,0.001968,0.088183,0.994812,-0.050715,0.002515,0.050691,0.998711,0,0.72723,-0.35482,43.634,-0.710,-1,425.000,-1,425.000,-1,325.000,350.000,300.000,300.000,-1,-1,-1,-1,850.000,850.000,-1,-1,2,0,2,0,2,0,0,0,0,2,2,2,2,0,0,2,2
136,1998.975,-6154.754,-52.381,4.374,0.997090,-0.076164,0.003239,0.076229,0.995729,-0.052089,0.000742,0.052184,0.998637,0,0.73090,-0.34616,43.854,-0.692,-1,425.000,-1,425.000,-1,350.000,350.000,300.000,300.000,-1,-1,-1,-1,850.000,850.000,-1,-1,2,0,2,0,2,0,0,0,0,2,2,2,2,0,0,2,2
