timestep,x_cm,y_cm,z_cm,yaw_deg,basis_xx,basis_xy,basis_xz,basis_yx,basis_yy,basis_yz,basis_zx,basis_zy,basis_zz,teleport_flag,throttle_cmd,steering_cmd,cmd_move_cm,cmd_turn_deg,lidar_cm_0,lidar_cm_1,lidar_cm_2,lidar_cm_3,lidar_cm_4,lidar_cm_5,lidar_cm_6,lidar_cm_7,lidar_cm_8,lidar_cm_9,lidar_cm_10,lidar_cm_11,lidar_cm_12,lidar_cm_13,lidar_cm_14,lidar_cm_15,lidar_cm_16,lidar_class_0,lidar_class_1,lidar_class_2,lidar_class_3,lidar_class_4,lidar_class_5,lidar_class_6,lidar_class_7,lidar_class_8,lidar_class_9,lidar_class_10,lidar_class_11,lidar_class_12,lidar_class_13,lidar_class_14,lidar_class_15,lidar_class_16
0,5570.644,-8199.705,74.603,-173.753,-0.988724,0.108367,0.103346,-0.116743,-0.990035,-0.078753,0.093782,-0.089930,0.991523,1,0.08000,0.12000,4.800,0.240,-1,400.000,-1,400.000,-1,325.000,325.000,325.000,325.000,-1,-1,-1,-1,1000.000,-1,-1,-1,2,0,2,0,2,0,0,0,0,2,2,2,2,0,2,2,2
1,5561.106,-8200.791,75.518,-173.509,-0.988279,0.112576,0.103111,-0.120960,-0.989507,-0.079025,0.093132,-0.090571,0.991526,0,0.16000,0.12199,9.600,0.244,-1,400.000,-1,400.000,-1,325.000,325.000,325.000,325.000,-1,-1,-1,-1,1000.000,-1,-1,-1,2,0,2,0,2,0,0,0,0,2,2,2,2,0,2,2,2
2,5546.806,-8202.482,76.885,-173.261,-0.987818,0.116857,0.102757,-0.125253,-0.988939,-0.079441,0.092337,-0.091344,0.991529,0,0.24000,0.12423,14.400,0.248,-1,400.000,-1,400.000,-1,325.000,325.000,325.000,325.000,-1,-1,-1,-1,1000.000,-1,-1,-1,2,0,2,0,2,0,0,0,0,2,2,2,2,0,2,2,2
3,5527.750,-8204.821,78.697,-173.006,-0.987338,0.121252,0.102286,-0.129662,-0.988326,-0.080003,0.091392,-0.092252,0.991533,0,0.32000,0.12765,19.200,0.255,-1,425.000,-1,400.000,-1,325.000,325.000,325.000,325.000,-1,-1,-1,-1,1000.000,-1,-1,-1,2,0,2,0,2,0,0,0,0,2,2,2,2,0,2,2,2
4,5503.942,-8207.855,80.951,-172.741,-0.986829,0.125802,0.101699,-0.134226,-0.987658,-0.080716,0.090290,-0.093303,0.991535,0,0.40000,0.13229,24.000,0.265,-1,425.000,-1,400.000,-1,325.000,325.000,325.000,325.000,-1,-1,-1,-1,1000.000,-1,-1,-1,2,0,2,0,2,0,0,0,0,2,2,2,2,0,2,2,2
5,5475.392,-8211.633,83.639,-172.465,-0.986284,0.130552,0.100998,-0.138992,-0.986927,-0.081585,0.089026,-0.094504,0.991536,0,0.48000,0.13824,28.800,0.276,-1,425.000,-1,400.000,-1,325.000,325.000,325.000,325.000,-1,-1,-1,-1,1000.000,-1,-1,-1,2,0,2,0,2,0,0,0,0,2,2,2,2,0,2,2,2
6,5442.106,-8216.210,86.755,-172.173,-0.985693,0.135547,0.100183,-0.144003,-0.986123,-0.082615,0.087595,-0.095860,0.991533,0,0.56000,0.14556,33.600,0.291,-1,425.000,-1,425.000,-1,325.000,325.000,325.000,325.000,-1,-1,-1,-1,1000.000,-1,-1,-1,2,0,2,0,2,0,0,0,0,2,2,2,2,1,2,2,2
7,5404.093,-8221.646,90.290,-171.865,-0.985044,0.140837,0.099258,-0.149310,-0.985232,-0.083812,0.085989,-0.097379,0.991526,0,0.64000,0.15435,38.400,0.309,-1,425.000,-1,425.000,-1,325.000,325.000,325.000,325.000,-1,-1,-1,-1,975.000,-1,-1,-1,2,0,2,0,2,0,0,0,0,2,2,2,2,1,2,2,2
8,5365.727,-8227.358,93.834,-171.535,-0.984315,0.146476,0.098333,-0.154963,-0.984253,-0.085043,0.084328,-0.098948,0.991513,0,0.64649,0.16468,38.789,0.329,-1,425.000,-1,425.000,-1,350.000,325.000,325.000,325.000,-1,-1,-1,-1,950.000,-1,-1,-1,2,0,2,0,2,0,0,0,0,2,2,2,2,1,2,2,2
9,5327.305,-8233.318,97.355,-171.185,-0.983494,0.152476,0.097416,-0.160975,-0.983178,-0.086303,0.082618,-0.100560,0.991495,0,0.64804,0.17544,38.882,0.351,-1,450.000,-1,450.000,-1,350.000,350.000,325.000,325.000,-1,-1,-1,-1,900.000,-1,-1,-1,2,0,2,0,2,0,0,0,0,2,2,2,2,1,2,2,2
10,5288.799,-8239.549,100.811,-170.811,-0.982565,0.158849,0.096609,-0.167355,-0.982014,-0.087411,0.080987,-0.102055,0.991477,0,0.65013,0.18652,39.008,0.373,-1,450.000,-1,450.000,-1,350.000,350.000,325.000,325.000,-1,-1,-1,-1,875.000,-1,1000.000,-1,2,0,2,0,2,0,0,0,0,2,2,2,2,1,2,1,2
11,5250.180,-8246.070,103.609,-170.416,-0.981658,0.165644,0.094396,-0.173840,-0.980974,-0.086433,0.078283,-0.101257,0.991776,0,0.65277,0.19792,39.166,0.396,-1,450.000,-1,450.000,-1,350.000,350.000,325.000,325.000,-1,-1,-1,-1,825.000,-1,975.000,-1,2,0,2,0,2,0,0,0,0,2,2,2,2,1,2,1,2
12,5211.423,-8252.906,106.230,-169.996,-0.980675,0.172841,0.091665,-0.180649,-0.979862,-0.085068,0.075116,-0.099984,0.992150,0,0.65594,0.20966,39.356,0.419,-1,450.000,1000.000,450.000,-1,350.000,350.000,325.000,300.000,-1,-1,-1,-1,800.000,-1,925.000,-1,2,0,1,0,2,0,0,0,0,2,2,2,2,1,2,1,2
13,5172.502,-8260.083,108.532,-169.553,-0.979562,0.180419,0.088925,-0.187941,-0.978494,-0.085019,0.071674,-0.099994,0.992403,0,0.65964,0.22173,39.578,0.443,-1,450.000,950.000,450.000,-1,350.000,350.000,325.000,300.000,-1,-1,-1,-1,750.000,-1,900.000,-1,2,0,1,0,2,0,0,0,0,2,2,2,2,1,2,1,2
14,5128.954,-8268.623,110.858,-168.909,-0.977795,0.191388,0.085367,-0.198605,-0.976297,-0.086020,0.066880,-0.101064,0.992629,0,0.73964,0.32210,44.378,0.644,1000.000,425.000,900.000,425.000,-1,350.000,350.000,325.000,300.000,-1,-1,-1,-1,725.000,-1,850.000,-1,1,0,1,0,2,0,0,0,0,2,2,2,2,1,2,1,2
15,5082.783,-8278.233,113.289,-168.246,-0.975840,0.202648,0.081674,-0.209544,-0.973903,-0.087203,0.061871,-0.102211,0.992837,0,0.78603,0.33147,47.162,0.663,950.000,425.000,825.000,425.000,-1,350.000,350.000,300.000,300.000,-1,-1,-1,-1,675.000,-1,800.000,-1,1,0,1,0,2,0,0,0,0,2,2,2,2,1,2,1,2
16,5036.163,-8288.518,115.707,-167.563,-0.973664,0.214219,0.078036,-0.220792,-0.971296,-0.088515,0.056834,-0.103413,0.993013,0,0.79571,0.34159,47.742,0.683,900.000,425.000,750.000,425.000,-1,350.000,350.000,300.000,300.000,-1,-1,-1,-1,625.000,-1,750.000,-1,1,0,1,0,2,0,0,0,0,2,2,2,2,1,2,1,2
17,4989.075,-8299.514,118.112,-166.859,-0.971253,0.226105,0.074463,-0.232353,-0.968463,-0.089958,0.051775,-0.104673,0.993158,0,0.80593,0.35196,48.356,0.704,850.000,425.000,700.000,425.000,-1,350.000,350.000,300.000,300.000,-1,-1,-1,-1,600.000,-1,700.000,-1,1,0,1,1,2,0,0,0,0,2,2,2,2,1,2,1,2
18,4941.503,-8311.260,120.503,-166.134,-0.968593,0.238310,0.070968,-0.244228,-0.965388,-0.091535,0.046698,-0.105992,0.993270,0,0.81671,0.36255,49.002,0.725,800.000,425.000,650.000,400.000,-1,325.000,325.000,300.000,300.000,-1,-1,-1,-1,550.000,750.000,650.000,-1,1,0,1,1,2,0,0,0,0,2,2,2,2,1,1,1,2
19,4893.430,-8323.797,122.877,-165.387,-0.965670,0.250833,0.067563,-0.256419,-0.962057,-0.093249,0.041610,-0.107373,0.993348,0,0.82803,0.37336,49.682,0.747,725.000,400.000,575.000,400.000,-1,325.000,325.000,300.000,325.000,-1,-1,-1,-1,500.000,625.000,600.000,-1,1,0,1,1,2,0,0,0,0,2,2,2,2,1,1,1,2
20,4844.844,-8337.167,125.235,-164.618,-0.962468,0.263677,0.064262,-0.268927,-0.958454,-0.095103,0.036516,-0.108816,0.993391,0,0.83990,0.38438,50.394,0.769,675.000,400.000,525.000,375.000,-1,325.000,325.000,300.000,325.000,-1,-1,-1,-1,450.000,525.000,550.000,-1,1,1,1,1,2,0,1,0,0,2,2,2,2,1,1,1,2
21,4795.731,-8351.414,127.501,-163.827,-0.958988,0.276849,0.060801,-0.281723,-0.954590,-0.096902,0.031213,-0.110057,0.993435,0,0.85231,0.39560,51.139,0.791,625.000,350.000,450.000,325.000,-1,300.000,300.000,300.000,325.000,-1,-1,-1,-1,400.000,475.000,500.000,950.000,1,1,1,1,2,1,1,0,0,2,2,2,2,1,1,1,1
22,4746.083,-8366.584,129.615,-163.013,-0.955222,0.290355,0.056964,-0.294786,-0.950472,-0.098508,0.025540,-0.110889,0.993505,0,0.86526,0.40700,51.916,0.814,550.000,325.000,400.000,300.000,1000.000,275.000,250.000,300.000,325.000,-1,-1,-1,-1,350.000,400.000,450.000,875.000,1,1,1,1,1,1,1,0,0,2,2,2,2,1,1,1,1
23,4695.890,-8382.725,131.694,-162.176,-0.951127,0.304181,0.053214,-0.308162,-0.946038,-0.100244,0.019850,-0.111744,0.993539,0,0.87876,0.41857,52.725,0.837,500.000,275.000,350.000,275.000,925.000,250.000,225.000,300.000,350.000,-1,-1,-1,-1,300.000,350.000,400.000,700.000,1,1,1,1,1,1,1,0,0,2,2,2,2,1,1,1,1
24,4645.147,-8399.884,133.052,-161.315,-0.946556,0.318413,0.051426,-0.322094,-0.941530,-0.098879,0.016935,-0.110158,0.993770,0,0.89278,0.43030,53.567,0.861,425.000,225.000,300.000,225.000,850.000,200.000,200.000,300.000,350.000,-1,-1,-1,-1,275.000,275.000,350.000,500.000,1,1,1,1,1,1,1,0,0,2,2,2,2,1,1,1,1
25,4593.855,-8418.125,136.317,-160.431,-0.941250,0.332693,0.057994,-0.337101,-0.935905,-0.102201,0.020276,-0.115746,0.993072,0,0.90734,0.44215,54.440,0.884,375.000,200.000,250.000,200.000,800.000,175.000,175.000,300.000,350.000,-1,-1,-1,-1,225.000,225.000,300.000,375.000,1,1,1,1,1,1,1,0,0,2,2,2,2,1,1,1,1
26,4542.373,-8437.341,140.815,-159.544,-0.935372,0.346691,0.069885,-0.352605,-0.929466,-0.108456,0.027355,-0.126089,0.991642,0,0.91586,0.44319,54.952,0.886,300.000,150.000,200.000,175.000,750.000,150.000,150.000,300.000,400.000,-1,-1,-1,-1,175.000,200.000,250.000,300.000,1,1,1,1,1,1,1,0,0,2,2,2,2,1,1,1,1
27,4490.789,-8457.518,146.277,-158.661,-0.928637,0.360160,0.088984,-0.368893,-0.921898,-0.118411,0.039387,-0.142787,0.988969,0,0.92317,0.44183,55.390,0.884,250.000,125.000,150.000,125.000,675.000,100.000,125.000,300.000,475.000,-1,-1,-1,-1,150.000,150.000,200.000,250.000,1,1,1,1,1,1,1,0,0,2,2,2,2,1,1,1,1
28,4439.092,-8478.616,159.331,-157.780,-0.918869,0.374452,0.124359,-0.387037,-0.916666,-0.099627,0.076690,-0.139676,0.987223,0,0.93054,0.44023,55.832,0.880,225.000,100.000,150.000,125.000,600.000,100.000,100.000,325.000,525.000,-1,100.000,150.000,-1,125.000,150.000,175.000,250.000,1,1,1,1,1,1,1,0,0,2,0,0,2,1,1,1,1
29,-327.768,-6231.326,231.226,-15.906,0.885035,0.273519,-0.376696,-0.276623,0.959828,0.047014,0.374422,0.062594,0.925143,1,0.00000,0.00000,56.277,0.877,200.000,200.000,475.000,275.000,-1,200.000,225.000,450.000,450.000,575.000,100.000,50.000,225.000,250.000,400.000,200.000,500.000,1,1,1,1,2,1,1,1,0,0,0,0,0,1,1,1,1
30,1324.241,-4046.546,221.183,19.164,0.926966,-0.324766,-0.187781,0.283908,0.934500,-0.214723,0.245216,0.145728,0.958453,1,0.00000,0.00000,4.800,-0.240,250.000,-1,-1,925.000,-1,825.000,750.000,725.000,275.000,-1,150.000,25.000,250.000,-1,-1,200.000,-1,1,2,2,0,2,0,0,1,0,2,0,1,0,2,2,1,2
31,3607.979,-7548.018,233.664,-86.799,0.067293,0.989405,0.128647,-0.994002,0.055341,0.094329,0.086210,-0.134223,0.987194,1,0.08000,-0.12000,4.800,-0.240,-1,500.000,625.000,325.000,100.000,450.000,425.000,225.000,375.000,275.000,50.000,250.000,-1,650.000,400.000,-1,125.000,2,1,1,1,1,1,1,0,1,0,0,0,2,1,1,2,1
32,3608.442,-7557.608,234.675,-87.279,0.059788,0.989164,0.134086,-0.994226,0.047019,0.096459,0.089109,-0.139079,0.986264,0,0.16000,-0.24000,9.600,-0.480,-1,500.000,625.000,325.000,100.000,425.000,400.000,225.000,375.000,250.000,50.000,250.000,-1,650.000,400.000,-1,125.000,2,1,1,1,1,1,1,0,1,0,0,0,2,1,1,2,1
33,3608.955,-7572.001,236.243,-87.999,0.048630,0.988595,0.142529,-0.994421,0.034547,0.099667,0.093606,-0.146580,0.984760,0,0.24000,-0.36000,14.400,-0.720,-1,475.000,600.000,325.000,100.000,425.000,400.000,225.000,375.000,225.000,25.000,250.000,-1,625.000,375.000,-1,125.000,2,1,1,1,1,1,1,0,1,0,0,0,2,1,1,2,1
34,3609.318,-7591.201,238.433,-88.959,0.033956,0.987437,0.154323,-0.994421,0.017950,0.103950,0.099874,-0.156992,0.982537,0,0.32000,-0.48000,19.200,-0.960,-1,475.000,575.000,325.000,100.000,425.000,375.000,225.000,375.000,200.000,25.000,250.000,-1,600.000,375.000,-1,125.000,2,1,1,1,1,1,1,0,1,0,0,0,2,1,1,2,1
35,3609.273,-7615.205,241.336,-90.159,0.015982,0.985322,0.169957,-0.994007,-0.002727,0.109285,0.108144,-0.170685,0.979373,0,0.40000,-0.60000,24.000,-1.200,-1,450.000,550.000,325.000,100.000,400.000,350.000,200.000,375.000,175.000,25.000,225.000,-1,550.000,350.000,-1,125.000,2,1,1,1,1,1,1,0,1,0,0,0,2,1,1,2,1
36,3608.499,-7644.002,245.071,-91.599,-0.004962,0.981758,0.190072,-0.992918,-0.027399,0.115599,0.118698,-0.188153,0.974941,0,0.48000,-0.72000,28.800,-1.440,-1,425.000,525.000,300.000,100.000,375.000,325.000,200.000,375.000,150.000,0.000,225.000,-1,525.000,350.000,-1,100.000,2,1,1,1,1,1,1,0,1,0,0,0,2,1,1,2,1
37,3606.735,-7677.564,249.656,-93.076,-0.025053,0.976412,0.214455,-0.991005,-0.052467,0.123107,0.131455,-0.209442,0.968945,0,0.56000,-0.73860,33.600,-1.477,-1,400.000,500.000,275.000,100.000,350.000,325.000,200.000,375.000,125.000,0.000,225.000,-1,475.000,325.000,-1,100.000,2,1,1,1,1,1,1,0,1,0,0,0,2,1,1,2,1
38,3603.730,-7715.858,255.228,-94.569,-0.043409,0.968878,0.243704,-0.988244,-0.077435,0.131825,0.146593,-0.235117,0.960849,0,0.64000,-0.74685,38.400,-1.494,-1,375.000,475.000,275.000,100.000,325.000,300.000,200.000,375.000,100.000,0.000,200.000,-1,450.000,325.000,625.000,100.000,2,1,1,1,1,1,1,0,1,0,0,0,2,1,1,1,1
39,4263.560,4919.492,137.347,-44.512,0.712845,0.701049,-0.019568,-0.701010,0.713082,0.009924,0.020911,0.006643,0.999759,1,0.00000,0.00000,43.200,-1.517,775.000,225.000,350.000,200.000,350.000,175.000,175.000,300.000,300.000,800.000,200.000,350.000,-1,300.000,275.000,400.000,275.000,1,1,1,1,1,1,1,0,0,0,0,0,2,1,1,1,1
40,4266.997,4916.141,137.792,-44.272,0.715749,0.698060,-0.020392,-0.697983,0.716017,0.011857,0.022877,0.005747,0.999722,0,0.08000,0.12000,4.800,0.240,800.000,225.000,350.000,200.000,350.000,175.000,175.000,300.000,300.000,775.000,175.000,325.000,-1,300.000,275.000,400.000,275.000,1,1,1,1,1,1,1,0,0,0,0,0,2,1,1,1,1
41,4273.927,4909.497,138.699,-43.792,0.721518,0.692043,-0.022084,-0.691874,0.721846,0.015776,0.026859,0.003897,0.999632,0,0.16000,0.24000,9.600,0.480,825.000,225.000,350.000,200.000,325.000,175.000,175.000,300.000,300.000,750.000,175.000,300.000,-1,300.000,275.000,425.000,275.000,1,1,1,1,1,1,1,0,0,0,0,0,2,1,1,1,1
42,4284.421,4899.636,140.139,-43.217,0.728335,0.684763,-0.025069,-0.684429,0.728764,0.021448,0.032956,0.001537,0.999456,0,0.24000,0.28771,14.400,0.575,875.000,225.000,350.000,200.000,325.000,175.000,175.000,300.000,325.000,700.000,150.000,275.000,-1,300.000,275.000,425.000,250.000,1,1,1,1,1,1,1,0,0,0,0,0,2,1,1,1,1
43,4298.545,4886.628,142.190,-42.645,0.734962,0.677458,-0.029704,-0.676847,0.735561,0.028771,0.041340,-0.001041,0.999145,0,0.32000,0.28586,19.200,0.572,-1,225.000,350.000,200.000,325.000,200.000,175.000,300.000,325.000,650.000,125.000,225.000,-1,300.000,250.000,450.000,250.000,2,1,1,1,1,1,1,0,0,0,0,0,2,1,1,1,1
44,4316.359,4870.544,145.364,-42.078,0.741462,0.670126,-0.034141,-0.669057,0.742227,0.038233,0.050961,-0.005506,0.998685,0,0.40000,0.28387,24.000,0.568,-1,225.000,350.000,200.000,300.000,200.000,175.000,300.000,325.000,600.000,125.000,225.000,-1,300.000,250.000,475.000,250.000,2,1,1,1,1,1,1,0,0,0,0,0,2,1,1,1,1
45,4337.925,4851.453,149.470,-41.514,0.747771,0.662764,-0.039775,-0.660965,0.748746,0.050046,0.062950,-0.011133,0.997955,0,0.48000,0.28171,28.800,0.563,-1,225.000,350.000,200.000,300.000,200.000,175.000,300.000,350.000,550.000,100.000,200.000,-1,300.000,250.000,500.000,250.000,2,1,1,1,1,1,1,0,0,0,0,0,2,1,1,1,1
46,4363.302,4829.427,154.543,-40.956,0.753821,0.655372,-0.047347,-0.652450,0.755102,0.064257,0.077864,-0.017547,0.996810,0,0.56000,0.27932,33.600,0.559,-1,225.000,350.000,200.000,275.000,200.000,175.000,325.000,375.000,500.000,100.000,200.000,-1,300.000,250.000,525.000,250.000,2,1,1,1,1,1,1,0,0,0,0,0,2,1,1,1,1
47,4392.547,4804.535,160.725,-40.402,0.759532,0.647952,-0.057176,-0.643342,0.761279,0.081032,0.096032,-0.024763,0.995070,0,0.64000,0.27661,38.400,0.553,-1,225.000,350.000,200.000,250.000,200.000,175.000,325.000,400.000,475.000,100.000,175.000,-1,325.000,250.000,575.000,250.000,2,1,1,1,1,1,1,0,0,0,0,0,2,1,1,1,1
48,4425.714,4776.846,168.169,-39.855,0.764792,0.640505,-0.069611,-0.633410,0.767251,0.100585,0.117834,-0.032834,0.992490,0,0.72000,0.27350,43.200,0.547,-1,225.000,375.000,200.000,250.000,200.000,175.000,350.000,425.000,425.000,100.000,175.000,-1,350.000,250.000,650.000,225.000,2,1,1,1,1,1,1,0,1,0,0,0,2,1,1,1,1
49,8854.548,-4263.230,-124.821,68.205,0.256312,-0.862552,0.436243,0.928681,0.344913,0.136332,-0.268059,0.370187,0.889441,1,0.00000,0.00000,48.000,0.540,-1,-1,-1,225.000,100.000,300.000,225.000,175.000,150.000,-1,-1,-1,175.000,-1,300.000,-1,125.000,2,2,2,1,1,1,1,1,1,2,2,2,1,2,1,2,1
50,-2953.279,4924.004,-110.687,-70.496,0.328284,0.942219,-0.066732,-0.937120,0.333739,0.102104,0.118476,0.029017,0.992533,1,-0.08000,0.12000,-4.800,0.240,-1,425.000,-1,450.000,-1,350.000,350.000,275.000,300.000,-1,-1,-1,-1,-1,-1,-1,-1,2,0,2,0,2,0,0,0,0,2,2,2,2,2,2,2,2
51,-2956.560,4933.026,-111.755,-70.016,0.336155,0.939414,-0.067092,-0.934197,0.341629,0.102786,0.119479,0.028125,0.992438,0,-0.16000,0.24000,-9.600,0.480,-1,425.000,-1,450.000,-1,350.000,350.000,275.000,300.000,-1,-1,-1,-1,-1,-1,-1,-1,2,0,2,0,2,0,0,0,0,2,2,2,2,2,2,2,2
52,-2961.651,4946.495,-113.359,-69.296,0.347918,0.935081,-0.067646,-0.929690,0.353420,0.103783,0.120953,0.026782,0.992297,0,-0.24000,0.36000,-14.400,0.720,-1,425.000,-1,450.000,-1,350.000,350.000,300.000,300.000,-1,-1,-1,-1,-1,-1,-1,-1,2,0,2,0,2,0,0,0,0,2,2,2,2,2,2,2,2
53,-2968.740,4964.338,-115.500,-68.336,0.363518,0.929072,-0.068409,-0.923450,0.369054,0.105065,0.122860,0.024980,0.992110,0,-0.32000,0.48000,-19.200,0.960,-1,425.000,-1,450.000,-1,350.000,350.000,300.000,300.000,-1,-1,-1,-1,-1,-1,-1,-1,2,0,2,0,2,0,0,0,0,2,2,2,2,2,2,2,2
54,-2977.230,4984.470,-117.936,-67.136,0.382885,0.921189,-0.069348,-0.915299,0.388451,0.106455,0.125003,0.022714,0.991896,0,-0.36416,0.60000,-21.849,1.200,-1,425.000,-1,450.000,-1,350.000,350.000,300.000,300.000,-1,-1,1000.000,-1,-1,-1,-1,-1,2,0,2,0,2,0,0,0,0,2,2,0,2,2,2,2,2
55,-2986.143,5004.205,-120.341,-65.696,0.405926,0.911190,-0.070410,-0.905018,0.411502,0.107742,0.127148,0.019987,0.991682,0,-0.36090,0.72000,-21.654,1.440,-1,425.000,-1,450.000,-1,350.000,350.000,300.000,300.000,-1,-1,875.000,-1,-1,-1,-1,-1,2,0,2,0,2,0,0,0,0,2,2,0,2,2,2,2,2
56,-2995.553,5023.508,-122.713,-64.016,0.432498,0.898787,-0.071610,-0.892322,0.438064,0.108906,0.129253,0.016797,0.991469,0,-0.35791,0.84000,-21.475,1.680,-1,425.000,-1,450.000,-1,350.000,350.000,300.000,300.000,-1,900.000,750.000,-1,-1,-1,-1,-1,2,0,2,0,2,0,0,0,0,2,0,0,2,2,2,2,2
57,-3005.530,5042.345,-125.050,-62.096,0.462422,0.883653,-0.072955,-0.876888,0.467957,0.109921,0.131272,0.013143,0.991259,0,-0.35527,0.96000,-21.316,1.920,-1,425.000,-1,450.000,-1,350.000,350.000,325.000,300.000,-1,775.000,650.000,-1,-1,-1,-1,-1,2,0,2,0,2,0,0,0,0,2,0,0,2,2,2,2,2
58,-3016.092,5060.708,-127.364,-60.096,0.493042,0.866821,-0.074375,-0.859763,0.498533,0.110783,0.133107,0.009324,0.991058,0,-0.35307,1.00000,-21.184,2.000,-1,425.000,-1,450.000,-1,350.000,350.000,325.000,300.000,-1,675.000,550.000,-1,-1,-1,-1,-1,2,0,2,0,2,0,0,0,0,2,0,0,2,2,2,2,2
59,-3027.230,5078.609,-130.060,-58.114,0.523090,0.849092,-0.073624,-0.841806,0.528231,0.111059,0.133189,0.003883,0.991083,0,-0.35140,0.99095,-21.084,1.982,-1,425.000,-1,450.000,-1,350.000,350.000,325.000,300.000,-1,625.000,525.000,-1,-1,-1,-1,-1,2,0,2,0,2,0,0,0,0,2,0,0,2,2,2,2,2
60,-3038.936,5096.063,-132.799,-56.156,0.552203,0.830556,-0.072447,-0.823085,0.556932,0.111165,0.132676,-0.001756,0.991158,0,-0.35026,0.97883,-21.015,1.958,-1,425.000,-1,450.000,-1,350.000,350.000,325.000,300.000,-1,600.000,500.000,-1,-1,-1,-1,-1,2,0,2,0,2,0,0,0,0,2,0,0,2,2,2,2,2
61,-3051.201,5113.083,-135.508,-54.222,0.580309,0.811268,-0.071313,-0.803631,0.584629,0.111293,0.131980,-0.007275,0.991226,0,-0.34965,0.96696,-20.979,1.934,-1,400.000,-1,450.000,-1,350.000,350.000,325.000,300.000,-1,575.000,500.000,-1,-1,-1,-1,-1,2,0,2,0,2,0,0,0,0,2,0,0,2,2,2,2,2
62,-3064.024,5129.680,-138.189,-52.311,0.607405,0.791282,-0.070224,-0.783498,0.611320,0.111440,0.131110,-0.012669,0.991287,0,-0.34956,0.95535,-20.974,1.911,-1,400.000,-1,425.000,-1,325.000,350.000,325.000,300.000,-1,550.000,475.000,-1,-1,-1,-1,-1,2,0,2,0,2,0,0,0,0,2,0,0,2,2,2,2,2
63,-3077.403,5145.866,-140.844,-50.423,0.633493,0.770650,-0.069179,-0.762737,0.637006,0.111602,0.130074,-0.017933,0.991342,0,-0.34998,0.94401,-20.999,1.888,-1,400.000,-1,425.000,-1,325.000,350.000,325.000,300.000,-1,525.000,1000.000,-1,-1,-1,-1,-1,2,0,2,0,2,0,0,0,0,2,0,1,2,2,2,2,2
64,-3088.134,5158.001,-142.871,-48.512,0.659144,0.748903,-0.068366,-0.740889,0.662283,0.111645,0.128889,-0.022939,0.991394,0,-0.26998,0.95548,-16.199,1.911,-1,400.000,-1,425.000,-1,325.000,325.000,325.000,300.000,-1,500.000,-1,-1,-1,-1,-1,-1,2,0,2,0,2,0,0,0,0,2,0,2,2,2,2,2,2
65,-3098.831,5169.322,-144.781,-46.621,0.683785,0.726544,-0.067619,-0.718454,0.686560,0.111623,0.127523,-0.027745,0.991447,0,-0.25958,0.94585,-15.575,1.892,-1,375.000,-1,425.000,-1,325.000,325.000,325.000,300.000,-1,500.000,-1,-1,-1,-1,-1,-1,2,0,2,0,2,0,0,0,0,2,0,2,2,2,2,2,2
66,-3109.964,5180.359,-146.680,-44.748,0.707427,0.703613,-0.066897,-0.695459,0.709842,0.111627,0.126028,-0.032444,0.991496,0,-0.26127,0.93662,-15.676,1.873,-1,375.000,-1,425.000,-1,325.000,325.000,325.000,300.000,-1,975.000,-1,-1,-1,-1,-1,-1,2,0,2,0,2,0,0,0,0,2,1,2,2,2,2,2,2
67,-3121.538,5191.113,-148.567,-42.892,0.730072,0.680156,-0.066201,-0.671950,0.732131,0.111655,0.124411,-0.037033,0.991539,0,-0.26332,0.92758,-15.799,1.855,-1,375.000,-1,425.000,-1,300.000,325.000,325.000,300.000,-1,1000.000,-1,-1,-1,-1,-1,-1,2,0,2,0,2,0,0,0,0,2,1,2,2,2,2,2,2
68,-3133.559,5201.585,-150.444,-41.055,0.751722,0.656216,-0.065533,-0.647969,0.753431,0.111704,0.122677,-0.041507,0.991578,0,-0.26571,0.91874,-15.943,1.837,-1,375.000,-1,425.000,-1,300.000,325.000,325.000,325.000,-1,-1,-1,-1,-1,-1,-1,-1,2,0,2,0,2,0,0,0,0,2,2,2,2,2,2,2,2
69,-3146.034,5211.774,-152.311,-39.235,0.772384,0.631832,-0.064897,-0.623557,0.773747,0.111770,0.120833,-0.045862,0.991613,0,-0.26844,0.91011,-16.107,1.820,-1,375.000,-1,425.000,-1,300.000,325.000,325.000,325.000,-1,-1,-1,-1,-1,-1,-1,-1,2,0,2,0,2,0,0,0,0,2,2,2,2,2,2,2,2
70,-3158.969,5221.678,-154.170,-37.431,0.792062,0.607046,-0.064292,-0.598753,0.793086,0.111848,0.118886,-0.050096,0.991643,0,-0.27150,0.90169,-16.290,1.803,-1,375.000,-1,400.000,-1,300.000,325.000,325.000,325.000,-1,-1,-1,-1,-1,975.000,-1,-1,2,0,2,0,2,0,0,0,0,2,2,2,2,2,0,2,2
71,-3172.371,5231.291,-156.020,-35.644,0.810764,0.581895,-0.063720,-0.573594,0.811456,0.111935,0.116841,-0.054203,0.991670,0,-0.27488,0.89347,-16.493,1.787,-1,375.000,-1,400.000,-1,300.000,325.000,325.000,325.000,-1,-1,-1,-1,-1,925.000,-1,-1,2,0,2,0,2,0,0,0,0,2,2,2,2,2,0,2,2
72,-3189.314,5242.764,-158.282,-34.097,0.826313,0.559665,-0.063100,-0.551374,0.826703,0.112020,0.114859,-0.057772,0.991701,0,-0.34102,0.77347,-20.461,1.547,-1,375.000,-1,400.000,-1,300.000,300.000,325.000,325.000,-1,-1,-1,-1,-1,900.000,-1,-1,2,0,2,0,2,0,0,0,0,2,2,2,2,2,0,2,2
73,-3206.722,5253.980,-160.696,-32.790,0.838911,0.540586,-0.063205,-0.532303,0.839133,0.111840,0.113497,-0.060179,0.991714,0,-0.34514,0.65347,-20.709,1.307,-1,375.000,-1,400.000,-1,300.000,300.000,325.000,325.000,-1,-1,-1,-1,-1,900.000,-1,-1,2,0,2,0,2,0,0,0,0,2,2,2,2,2,0,2,2
74,-3226.940,5266.473,-167.006,-31.723,0.847308,0.525191,-0.079016,-0.516722,0.849578,0.105906,0.122751,-0.048906,0.991232,0,-0.39614,0.53347,-23.769,1.067,-1,400.000,-1,400.000,-1,325.000,300.000,325.000,275.000,-1,125.000,75.000,-1,-1,900.000,-1,-1,2,0,2,0,2,0,0,0,0,2,0,0,2,2,0,2,2
75,-3247.655,5278.864,-173.393,-30.897,0.853038,0.513141,-0.094934,-0.504778,0.857514,0.099343,0.132384,-0.036823,0.990514,0,-0.40235,0.41347,-24.141,0.827,-1,425.000,-1,400.000,-1,325.000,325.000,350.000,250.000,-1,0.000,0.000,-1,-1,925.000,-1,-1,2,0,2,0,2,0,0,0,0,2,0,0,2,2,0,2,2
76,-3268.826,5291.240,-179.854,-30.310,0.856236,0.504527,-0.110961,-0.496581,0.863063,0.092356,0.142363,-0.023977,0.989524,0,-0.40878,0.29347,-24.527,0.587,-1,450.000,-1,400.000,-1,325.000,325.000,375.000,225.000,-1,0.000,0.000,-1,-1,950.000,-1,-1,2,0,2,0,2,0,0,0,0,2,0,0,2,2,0,2,2
77,-3290.414,5303.686,-186.461,-29.963,0.857004,0.499410,-0.127021,-0.492268,0.866307,0.084762,0.152370,-0.010113,0.988272,0,-0.41537,0.17347,-24.922,0.347,-1,450.000,-1,400.000,-1,350.000,325.000,375.000,200.000,-1,0.000,0.000,-1,-1,975.000,-1,-1,2,0,2,0,2,0,0,0,0,2,0,0,2,2,0,2,2
78,-3312.372,5316.296,-193.128,-29.856,0.855395,0.497812,-0.143115,-0.491823,0.867274,0.077117,0.162510,0.004422,0.986697,0,-0.42209,0.05347,-25.325,0.107,-1,475.000,-1,400.000,-1,350.000,325.000,400.000,175.000,-1,0.000,0.000,-1,-1,975.000,-1,-1,2,0,2,0,2,0,0,0,0,2,0,1,2,2,0,2,2
79,-3334.651,5329.164,-199.794,-29.989,0.851422,0.499736,-0.159200,-0.495210,0.865961,0.069845,0.172765,0.019370,0.984773,0,-0.42887,-0.06653,-25.732,-0.133,-1,525.000,-1,400.000,-1,375.000,325.000,425.000,150.000,-1,0.000,0.000,-1,-1,1000.000,-1,-1,2,0,2,0,2,0,0,0,0,2,0,1,2,2,0,2,2
80,-3357.196,5342.385,-206.422,-30.362,0.845063,0.505156,-0.175172,-0.502376,0.862335,0.063219,0.182992,0.034578,0.982506,0,-0.43567,-0.18653,-26.140,-0.373,-1,550.000,-1,400.000,-1,375.000,325.000,450.000,125.000,-1,0.000,0.000,-1,-1,-1,-1,-1,2,0,2,0,2,0,0,0,0,2,0,1,2,2,2,2,2
81,-3379.955,5356.036,-212.954,-30.921,0.836741,0.513217,-0.190979,-0.512439,0.856807,0.057334,0.193057,0.049892,0.979918,0,-0.44241,-0.27965,-26.545,-0.559,-1,575.000,-1,400.000,-1,400.000,350.000,475.000,125.000,-1,0.000,0.000,-1,-1,-1,-1,-1,2,0,2,0,2,0,0,0,0,2,1,1,2,2,2,2,2
82,-3402.915,5370.123,-219.372,-31.491,0.828052,0.521259,-0.206441,-0.522717,0.850925,0.051907,0.202723,0.064929,0.977081,0,-0.44904,-0.28486,-26.943,-0.570,-1,600.000,-1,400.000,-1,400.000,350.000,525.000,100.000,-1,0.000,0.000,-1,-1,-1,-1,-1,2,0,2,0,2,0,0,0,0,2,1,1,2,2,2,2,2
83,-3426.063,5384.654,-225.692,-32.071,0.819050,0.529290,-0.221381,-0.533165,0.844705,0.047002,0.211879,0.079535,0.974054,0,-0.45560,-0.29018,-27.336,-0.580,-1,650.000,-1,400.000,-1,425.000,350.000,550.000,75.000,-1,0.000,0.000,-1,-1,-1,-1,-1,2,0,2,0,2,0,0,0,0,2,1,1,2,2,2,2,2
84,-3449.385,5399.633,-231.900,-32.662,0.809764,0.537315,-0.235741,-0.543749,0.838165,0.042632,0.220497,0.093662,0.970880,0,-0.46206,-0.29561,-27.724,-0.591,-1,700.000,-1,400.000,-1,425.000,350.000,600.000,75.000,-1,0.000,0.000,-1,-1,-1,-1,-1,2,0,2,0,2,0,0,0,0,2,1,1,2,2,2,2,2
85,-3472.864,5415.067,-237.984,-33.265,0.800230,0.545343,-0.249465,-0.554434,0.831322,0.038807,0.228549,0.107258,0.967606,0,-0.46839,-0.30114,-28.103,-0.602,-1,725.000,-1,400.000,0.000,450.000,350.000,650.000,125.000,-1,0.000,0.000,-1,-1,-1,-1,0.000,2,0,2,0,0,0,0,0,1,2,1,1,2,2,2,2,0
86,-3496.483,5430.956,-244.221,-33.878,0.790418,0.553466,-0.262515,-0.564909,0.824322,0.037029,0.236891,0.119029,0.964217,0,-0.47455,-0.30677,-28.473,-0.614,-1,775.000,-1,400.000,0.000,450.000,375.000,675.000,300.000,-1,0.000,0.000,-1,-1,-1,-1,0.000,2,0,2,0,0,0,0,0,1,2,1,1,2,2,2,2,0
87,-327.964,9511.020,-306.403,-18.514,0.948141,0.317396,-0.016987,-0.316612,0.947810,0.037603,0.028035,-0.030274,0.999148,1,0.00000,0.00000,-28.829,-0.625,850.000,375.000,-1,350.000,-1,300.000,300.000,325.000,325.000,-1,250.000,275.000,-1,600.000,625.000,850.000,-1,0,0,2,0,2,0,0,0,0,2,0,0,2,0,0,0,2
88,-323.406,9509.515,-306.267,-18.274,0.949454,0.313421,-0.017436,-0.312617,0.949124,0.037861,0.028415,-0.030497,0.999131,0,0.08000,0.12000,4.800,0.240,850.000,375.000,-1,350.000,-1,300.000,300.000,325.000,325.000,-1,250.000,275.000,-1,600.000,625.000,850.000,-1,0,0,2,0,2,0,0,0,0,2,0,0,2,0,0,0,2
89,-314.265,9506.581,-305.999,-17.794,0.952030,0.305455,-0.018338,-0.304611,0.951704,0.038366,0.029171,-0.030939,0.999095,0,0.16000,0.24000,9.600,0.480,875.000,375.000,-1,375.000,-1,300.000,300.000,325.000,325.000,-1,250.000,275.000,-1,600.000,625.000,850.000,-1,0,0,2,0,2,0,0,0,0,2,0,0,2,0,0,0,2
90,-300.500,9502.353,-305.600,-17.074,0.955767,0.293466,-0.019700,-0.292562,0.955447,0.039093,0.030295,-0.031600,0.999041,0,0.24000,0.36000,14.400,0.720,875.000,375.000,-1,375.000,-1,300.000,300.000,300.000,325.000,-1,250.000,275.000,-1,600.000,625.000,875.000,-1,0,0,2,0,2,0,0,0,0,2,0,0,2,0,0,0,2
91,-282.054,9497.024,-305.076,-16.114,0.960511,0.277409,-0.021531,-0.276423,0.960203,0.040007,0.031773,-0.032475,0.998967,0,0.32000,0.48000,19.200,0.960,875.000,375.000,-1,375.000,-1,300.000,300.000,300.000,325.000,-1,225.000,275.000,-1,600.000,625.000,875.000,-1,0,0,2,0,2,0,0,0,0,2,0,0,2,0,0,0,2
92,-258.863,9490.848,-304.435,-14.914,0.966056,0.257230,-0.023842,-0.256139,0.965767,0.041060,0.033587,-0.033560,0.998872,0,0.40000,0.60000,24.000,1.200,900.000,375.000,-1,375.000,-1,300.000,300.000,300.000,325.000,-1,225.000,250.000,-1,600.000,625.000,875.000,-1,0,0,2,0,2,0,0,0,0,2,0,0,2,0,0,0,2
93,-230.881,9484.031,-303.692,-13.692,0.971253,0.236556,-0.026640,-0.235334,0.970996,0.042249,0.035861,-0.034765,0.998752,0,0.48000,0.61128,28.800,1.223,900.000,350.000,-1,375.000,-1,300.000,300.000,300.000,325.000,-1,225.000,250.000,-1,600.000,625.000,900.000,-1,0,0,2,0,2,0,0,0,0,2,0,0,2,0,0,0,2
94,-198.073,9476.775,-302.851,-12.471,0.975978,0.215805,-0.029927,-0.214424,0.975770,0.043541,0.038599,-0.036078,0.998603,0,0.56000,0.61037,33.600,1.221,925.000,350.000,-1,375.000,-1,300.000,300.000,300.000,325.000,-1,225.000,250.000,-1,600.000,625.000,925.000,-1,0,0,2,0,2,0,0,0,0,2,0,0,2,0,0,0,2
95,-160.411,9469.283,-301.917,-11.252,0.980226,0.194988,-0.033702,-0.193416,0.980089,0.044901,0.041787,-0.037495,0.998423,0,0.64000,0.60951,38.400,1.219,950.000,350.000,-1,375.000,-1,300.000,300.000,300.000,325.000,-1,200.000,250.000,-1,600.000,650.000,975.000,-1,0,0,2,0,2,0,0,0,0,2,0,0,2,0,0,0,2
96,-117.872,9461.756,-300.892,-10.034,0.983995,0.174108,-0.037962,-0.172315,0.983954,0.046293,0.045413,-0.039011,0.998206,0,0.72000,0.60877,43.200,1.218,1000.000,350.000,-1,375.000,-1,300.000,300.000,300.000,300.000,1000.000,200.000,225.000,-1,600.000,650.000,-1,-1,0,0,2,0,2,0,0,0,0,0,0,0,2,0,0,2,2
97,-70.439,9454.398,-299.782,-8.818,0.987277,0.153170,-0.042701,-0.151121,0.987365,0.047680,0.049465,-0.040620,0.997950,0,0.80000,0.60823,48.000,1.216,-1,350.000,-1,375.000,-1,300.000,300.000,300.000,300.000,975.000,200.000,225.000,-1,600.000,650.000,-1,-1,2,0,2,0,2,0,0,0,0,0,0,0,2,0,0,2,2
98,-18.102,9447.412,-297.956,-7.602,0.990103,0.132187,-0.047143,-0.130025,0.990428,0.046328,0.052815,-0.039739,0.997813,0,0.88000,0.60798,52.800,1.216,-1,350.000,-1,350.000,-1,300.000,300.000,300.000,300.000,975.000,200.000,225.000,-1,600.000,650.000,-1,-1,2,0,2,0,2,0,0,0,0,0,0,0,2,0,0,2,2
99,37.472,9441.191,-294.909,-6.386,0.992461,0.111147,-0.051638,-0.108993,0.993120,0.042816,0.056041,-0.036865,0.997748,0,0.93202,0.60811,55.921,1.216,-1,350.000,-1,350.000,-1,300.000,300.000,300.000,300.000,-1,250.000,250.000,-1,625.000,650.000,-1,-1,2,0,2,0,2,0,0,0,0,2,0,0,2,0,0,2,2
100,93.062,9436.163,-290.753,-5.168,0.994399,0.090018,-0.055391,-0.087679,0.995207,0.043301,0.059023,-0.038202,0.997525,0,0.93027,0.60869,55.816,1.217,-1,350.000,-1,375.000,-1,300.000,300.000,300.000,300.000,-1,275.000,275.000,-1,625.000,650.000,-1,-1,2,0,2,0,2,0,0,0,0,2,0,0,2,0,0,2,2
101,148.648,9432.326,-286.649,-3.949,0.995874,0.068815,-0.059150,-0.066294,0.996848,0.043575,0.061963,-0.039474,0.997298,0,0.92864,0.60972,55.718,1.219,-1,350.000,-1,375.000,-1,300.000,300.000,300.000,300.000,-1,325.000,300.000,-1,650.000,675.000,-1,-1,2,0,2,0,2,0,0,0,0,2,0,0,2,0,0,2,2
102,204.216,9429.680,-282.594,-2.727,0.996886,0.047531,-0.062915,-0.044832,0.998041,0.043647,0.064866,-0.040691,0.997064,0,0.92717,0.61119,55.630,1.222,-1,350.000,-1,375.000,-1,300.000,300.000,325.000,300.000,-1,350.000,350.000,-1,650.000,700.000,-1,-1,2,0,2,0,2,0,0,0,0,2,0,0,2,0,0,2,2
103,259.753,9428.226,-278.589,-1.500,0.997431,0.026162,-0.066684,-0.023287,0.998781,0.043525,0.067741,-0.041860,0.996824,0,0.92593,0.61310,55.556,1.226,-1,375.000,-1,375.000,-1,300.000,300.000,325.000,300.000,-1,375.000,375.000,-1,675.000,725.000,-1,-1,2,0,2,0,2,0,0,0,0,2,0,0,2,0,0,2,2
104,315.251,9427.965,-274.633,-0.270,0.997504,0.004701,-0.070456,-0.001656,0.999064,0.043216,0.070593,-0.042992,0.996578,0,0.92496,0.61542,55.498,1.231,-1,375.000,-1,375.000,-1,300.000,300.000,325.000,325.000,-1,400.000,400.000,-1,700.000,725.000,-1,-1,2,0,2,0,2,0,0,0,0,2,0,0,2,0,0,2,2
105,370.702,9428.901,-270.724,0.967,0.997099,-0.016856,-0.074232,0.020067,0.998885,0.042729,0.073429,-0.044094,0.996325,0,0.92431,0.61817,55.459,1.236,-1,375.000,-1,375.000,-1,300.000,300.000,325.000,300.000,-1,425.000,425.000,-1,725.000,750.000,-1,-1,2,0,2,0,2,0,0,0,0,2,0,0,2,0,0,2,2
106,422.891,9430.863,-267.084,2.153,0.996263,-0.037531,-0.077793,0.040895,0.998276,0.042112,0.076079,-0.045136,0.996080,0,0.87043,0.59316,52.226,1.186,-1,375.000,-1,400.000,-1,300.000,325.000,325.000,300.000,-1,450.000,400.000,-1,750.000,775.000,-1,-1,2,0,2,0,2,0,0,0,0,2,0,0,2,0,0,2,2
107,475.032,9433.912,-263.484,3.346,0.994978,-0.058304,-0.081361,0.061817,0.997231,0.041344,0.078726,-0.046166,0.995827,0,0.87050,0.59648,52.230,1.193,-1,375.000,-1,400.000,-1,325.000,325.000,325.000,300.000,-1,400.000,350.000,-1,750.000,800.000,-1,-1,2,0,2,0,2,0,0,0,0,2,0,0,2,0,0,2,2
108,527.125,9438.054,-259.924,4.546,0.993235,-0.079176,-0.084938,0.082834,0.995743,0.040430,0.081375,-0.047192,0.995566,0,0.87094,0.60014,52.256,1.200,-1,400.000,-1,400.000,-1,325.000,325.000,300.000,300.000,-1,350.000,325.000,-1,775.000,825.000,-1,-1,2,0,2,0,2,0,0,0,0,2,0,0,2,0,0,2,2
109,579.168,9443.299,-256.402,5.755,0.991026,-0.100151,-0.088525,0.103948,0.993803,0.039373,0.084033,-0.048222,0.995296,0,0.87177,0.60413,52.306,1.208,-1,400.000,-1,400.000,-1,325.000,325.000,300.000,300.000,-1,325.000,300.000,-1,800.000,850.000,-1,-1,2,0,2,0,2,0,0,0,0,2,0,0,2,0,0,2,2
110,631.161,9449.657,-252.767,6.971,0.988375,-0.121224,-0.091756,0.125192,0.991374,0.038779,0.086264,-0.049815,0.995026,0,0.87300,0.60844,52.380,1.217,-1,400.000,-1,425.000,-1,325.000,325.000,300.000,300.000,-1,300.000,275.000,-1,825.000,900.000,-1,-1,2,0,2,0,2,0,0,0,0,2,0,0,2,0,0,2,2
111,683.103,9457.141,-249.075,8.198,0.985440,-0.142396,-0.092905,0.146481,0.988456,0.038706,0.086321,-0.051751,0.994922,0,0.87464,0.61306,52.479,1.226,-1,400.000,-1,425.000,-1,325.000,350.000,300.000,300.000,-1,325.000,300.000,-1,825.000,900.000,-1,-1,2,0,2,0,2,0,0,0,0,2,0,0,2,0,0,2,2
112,734.993,9465.763,-245.050,9.434,0.982271,-0.163681,-0.091385,0.167641,0.985137,0.037428,0.083901,-0.052084,0.995112,0,0.87670,0.61798,52.602,1.236,-1,400.000,-1,425.000,-1,325.000,350.000,300.000,300.000,-1,375.000,350.000,-1,825.000,900.000,-1,-1,2,0,2,0,2,0,0,0,0,2,0,0,2,0,0,2,2
113,786.829,9475.540,-241.187,10.680,0.978641,-0.185064,-0.089518,0.188926,0.981305,0.036712,0.081050,-0.052840,0.995308,0,0.87918,0.62320,52.751,1.246,-1,400.000,-1,425.000,-1,325.000,350.000,300.000,300.000,-1,450.000,425.000,-1,825.000,900.000,-1,-1,2,0,2,0,2,0,0,0,0,2,0,0,2,0,0,2,2
114,838.456,9486.446,-237.377,11.927,0.974541,-0.206375,-0.087627,0.210137,0.977008,0.036019,0.078179,-0.053516,0.995502,0,0.87944,0.62371,52.767,1.247,-1,400.000,-1,425.000,-1,325.000,350.000,300.000,300.000,-1,525.000,475.000,-1,800.000,900.000,-1,-1,2,0,2,0,2,0,0,0,0,2,0,0,2,0,0,2,2
115,889.832,9498.473,-233.620,13.175,0.969978,-0.227589,-0.085708,0.231246,0.972253,0.035354,0.075284,-0.054113,0.995693,0,0.87944,0.62371,52.767,1.247,-1,400.000,-1,425.000,-1,325.000,325.000,300.000,300.000,-1,600.000,550.000,-1,800.000,900.000,-1,-1,2,0,2,0,2,0,0,0,0,2,0,0,2,0,0,2,2
116,940.935,9511.616,-229.917,14.422,0.964954,-0.248693,-0.083756,0.252245,0.967040,0.034722,0.072360,-0.054632,0.995881,0,0.87944,0.62371,52.767,1.247,-1,400.000,-1,425.000,-1,325.000,325.000,300.000,300.000,-1,675.000,650.000,-1,800.000,900.000,-1,-1,2,0,2,0,2,0,0,0,0,2,0,0,2,0,0,2,2
117,991.740,9525.868,-226.268,15.670,0.959472,-0.269680,-0.081766,0.273123,0.961374,0.034126,0.069404,-0.055075,0.996067,0,0.87944,0.62371,52.767,1.247,-1,400.000,-1,425.000,-1,325.000,325.000,300.000,300.000,-1,775.000,750.000,-1,775.000,900.000,-1,-1,2,0,2,0,2,0,0,0,0,2,0,0,2,0,0,2,2
118,1046.866,9542.449,-222.335,16.739,0.954447,-0.287582,-0.079549,0.290895,0.956167,0.033529,0.066419,-0.055142,0.996267,0,0.95944,0.53491,57.567,1.070,-1,400.000,-1,425.000,-1,325.000,325.000,300.000,300.000,-1,900.000,850.000,-1,775.000,900.000,-1,-1,2,0,2,0,2,0,0,0,0,2,0,0,2,0,0,2,2
119,1102.228,9560.234,-218.407,17.809,0.949090,-0.305385,-0.077258,0.308565,0.950632,0.032971,0.063375,-0.055132,0.996466,0,0.96915,0.53491,58.149,1.070,-1,400.000,-1,425.000,-1,325.000,325.000,300.000,300.000,-1,-1,975.000,-1,750.000,900.000,-1,-1,2,0,2,0,2,0,0,0,0,2,2,0,2,0,0,2,2
120,1157.248,9579.050,-214.524,18.879,0.943402,-0.323082,-0.074912,0.326128,0.944768,0.032463,0.060286,-0.055057,0.996662,0,0.96915,0.53491,58.149,1.070,-1,400.000,-1,425.000,-1,325.000,325.000,300.000,300.000,-1,-1,-1,-1,750.000,875.000,-1,-1,2,0,2,0,2,0,0,0,0,2,2,2,2,0,0,2,2
121,1211.908,9598.890,-210.749,19.949,0.937375,-0.340672,-0.072604,0.343571,0.938591,0.031724,0.057338,-0.054682,0.996856,0,0.96915,0.53491,58.149,1.070,-1,400.000,-1,425.000,-1,325.000,325.000,300.000,300.000,-1,-1,-1,-1,725.000,850.000,-1,-1,2,0,2,0,2,0,0,0,0,2,2,2,2,0,0,2,2
122,1266.188,9619.745,-207.406,21.019,0.931001,-0.358173,-0.070354,0.360845,0.932160,0.029461,0.055029,-0.052815,0.997087,0,0.96915,0.53491,58.149,1.070,-1,400.000,-1,400.000,-1,325.000,325.000,300.000,300.000,-1,-1,-1,-1,725.000,825.000,-1,-1,2,0,2,0,2,0,0,0,0,2,2,2,2,0,0,2,2
123,1320.069,9641.611,-204.132,22.089,0.924303,-0.375554,-0.067994,0.378000,0.925407,0.027147,0.052727,-0.050794,0.997316,0,0.96915,0.53491,58.149,1.070,-1,400.000,-1,400.000,-1,325.000,325.000,300.000,300.000,-1,-1,-1,-1,700.000,800.000,-1,-1,2,0,2,0,2,0,0,0,0,2,2,2,2,0,0,2,2
124,1373.532,9664.479,-200.869,23.158,0.917267,-0.392805,-0.065764,0.395044,0.918324,0.024910,0.050608,-0.048829,0.997524,0,0.96915,0.53491,58.149,1.070,-1,400.000,-1,400.000,-1,325.000,325.000,300.000,300.000,-1,-1,-1,-1,700.000,775.000,-1,-1,2,0,2,0,2,0,0,0,0,2,2,2,2,0,0,2,2
125,1426.559,9688.342,-197.914,24.228,0.909823,-0.409900,-0.064836,0.412035,0.910869,0.023339,0.049490,-0.047949,0.997623,0,0.96915,0.53491,58.149,1.070,-1,400.000,-1,400.000,-1,325.000,325.000,300.000,300.000,-1,-1,-1,-1,700.000,775.000,-1,-1,2,0,2,0,2,0,0,0,0,2,2,2,2,0,0,2,2
126,1479.132,9713.190,-195.139,25.298,0.902046,-0.426842,-0.064182,0.428913,0.903070,0.022297,0.048444,-0.047641,0.997689,0,0.96915,0.53491,58.149,1.070,-1,400.000,-1,400.000,-1,325.000,325.000,300.000,300.000,-1,-1,-1,-1,675.000,750.000,-1,-1,2,0,2,0,2,0,0,0,0,2,2,2,2,0,0,2,2
127,1531.231,9739.016,-192.514,26.368,0.893964,-0.443626,-0.063433,0.445657,0.894937,0.021829,0.047085,-0.047784,0.997747,0,0.96915,0.53491,58.149,1.070,-1,375.000,-1,400.000,-1,325.000,325.000,300.000,300.000,-1,-1,-1,-1,675.000,725.000,-1,-1,2,0,2,0,2,0,0,0,0,2,2,2,2,0,0,2,2
128,1582.839,9765.811,-189.914,27.438,0.885566,-0.460256,-0.062750,0.462247,0.886495,0.021286,0.045831,-0.047856,0.997802,0,0.96915,0.53491,58.149,1.070,1000.000,375.000,-1,400.000,-1,325.000,325.000,300.000,300.000,-1,-1,-1,-1,650.000,725.000,-1,-1,0,0,2,0,2,0,0,0,0,2,2,2,2,0,0,2,2
129,1633.937,9793.564,-187.160,28.508,0.876832,-0.476744,-0.062293,0.478661,0.877778,0.019739,0.045269,-0.047125,0.997863,0,0.96915,0.53491,58.149,1.070,975.000,375.000,-1,400.000,-1,325.000,325.000,300.000,300.000,-1,-1,-1,-1,650.000,725.000,-1,-1,0,0,2,0,2,0,0,0,0,2,2,2,2,0,0,2,2
130,1680.445,9819.701,-184.543,29.337,0.869833,-0.489437,-0.061981,0.491258,0.870835,0.017657,0.045333,-0.045807,0.997921,0,0.88915,0.41491,53.349,0.830,950.000,375.000,-1,400.000,-1,325.000,325.000,300.000,300.000,-1,-1,-1,-1,650.000,700.000,-1,-1,0,0,2,0,2,0,0,0,0,2,2,2,2,0,0,2,2
131,1722.521,9843.922,-182.166,29.927,0.864745,-0.498407,-0.061698,0.500135,0.865806,0.015638,0.045625,-0.044380,0.997972,0,0.80915,0.29491,48.549,0.590,950.000,375.000,-1,400.000,-1,325.000,325.000,300.000,300.000,-1,-1,-1,-1,650.000,700.000,-1,-1,0,0,2,0,2,0,0,0,0,2,2,2,2,0,0,2,2
132,1760.303,9865.979,-180.024,30.277,0.861680,-0.503717,-0.061447,0.505352,0.862804,0.013716,0.046107,-0.042871,0.998016,0,0.72915,0.17491,43.749,0.350,950.000,375.000,-1,400.000,-1,325.000,325.000,300.000,300.000,-1,-1,-1,-1,625.000,700.000,-1,-1,0,0,2,0,2,0,0,0,0,2,2,2,2,0,0,2,2
133,1794.676,9886.134,-178.070,30.387,0.860708,-0.505405,-0.061226,0.506947,0.861895,0.011882,0.046765,-0.041265,0.998053,0,0.66411,0.05491,39.846,0.110,975.000,375.000,-1,375.000,-1,325.000,325.000,300.000,300.000,-1,-1,-1,-1,625.000,700.000,-1,-1,0,0,2,0,2,0,0,0,0,2,2,2,2,0,0,2,2
134,1829.095,9906.211,-176.129,30.257,0.861846,-0.503484,-0.061035,0.504922,0.863109,0.009880,0.047706,-0.039333,0.998087,0,0.66411,-0.06509,39.846,-0.130,975.000,375.000,-1,375.000,-1,325.000,325.000,300.000,300.000,-1,-1,-1,-1,625.000,700.000,-1,-1,0,0,2,0,2,0,0,0,0,2,2,2,2,0,0,2,2
135,1863.643,9926.065,-174.153,29.886,0.865075,-0.497938,-0.060857,0.499264,0.866414,0.007902,0.048793,-0.037220,0.998115,0,0.66411,-0.18509,39.846,-0.370,1000.000,375.000,-1,375.000,-1,300.000,325.000,300.000,300.000,-1,-1,-1,-1,625.000,700.000,-1,-1,0,0,2,0,2,0,0,0,0,2,2,2,2,0,0,2,2
