timestep,x_cm,y_cm,z_cm,yaw_deg,basis_xx,basis_xy,basis_xz,basis_yx,basis_yy,basis_yz,basis_zx,basis_zy,basis_zz,teleport_flag,throttle_cmd,steering_cmd,cmd_move_cm,cmd_turn_deg,lidar_cm_0,lidar_cm_1,lidar_cm_2,lidar_cm_3,lidar_cm_4,lidar_cm_5,lidar_cm_6,lidar_cm_7,lidar_cm_8,lidar_cm_9,lidar_cm_10,lidar_cm_11,lidar_cm_12,lidar_cm_13,lidar_cm_14,lidar_cm_15,lidar_cm_16,lidar_class_0,lidar_class_1,lidar_class_2,lidar_class_3,lidar_class_4,lidar_class_5,lidar_class_6,lidar_class_7,lidar_class_8,lidar_class_9,lidar_class_10,lidar_class_11,lidar_class_12,lidar_class_13,lidar_class_14,lidar_class_15,lidar_class_16
0,-9515.676,329.122,490.409,166.039,-0.970457,-0.241215,-0.005375,0.241274,-0.970274,-0.018838,-0.000671,-0.019578,0.999808,1,0.08000,-0.12000,4.800,-0.240,475.000,375.000,600.000,400.000,-1,325.000,325.000,325.000,325.000,-1,-1,-1,-1,425.000,550.000,450.000,700.000,1,1,1,0,2,0,0,0,0,2,2,2,2,1,1,1,1
1,-9524.975,331.507,490.430,165.614,-0.968638,-0.248413,-0.005646,0.248475,-0.968463,-0.018401,-0.000897,-0.019226,0.999815,0,0.16000,-0.21266,9.600,-0.425,450.000,350.000,600.000,400.000,-1,325.000,325.000,325.000,325.000,-1,-1,-1,-1,425.000,550.000,425.000,700.000,1,1,1,0,2,0,0,0,0,2,2,2,2,1,1,1,1
2,-9538.897,335.187,490.456,165.196,-0.966797,-0.255473,-0.006022,0.255541,-0.966635,-0.017742,-0.001288,-0.018692,0.999824,0,0.24000,-0.20897,14.400,-0.418,425.000,350.000,575.000,400.000,-1,325.000,325.000,325.000,325.000,-1,-1,-1,-1,400.000,550.000,425.000,675.000,1,1,1,0,2,0,0,0,0,2,2,2,2,1,1,1,1
3,-9557.424,340.225,490.486,164.787,-0.964945,-0.262370,-0.006495,0.262444,-0.964800,-0.016860,-0.001843,-0.017974,0.999837,0,0.32000,-0.20450,19.200,-0.409,400.000,325.000,550.000,400.000,-1,325.000,325.000,325.000,325.000,-1,-1,-1,-1,400.000,525.000,400.000,675.000,1,1,1,0,2,1,0,0,0,2,2,2,2,1,1,1,1
4,-9580.538,346.684,490.519,164.388,-0.963093,-0.269076,-0.007058,0.269156,-0.962968,-0.015754,-0.002558,-0.017072,0.999851,0,0.40000,-0.19917,24.000,-0.398,375.000,325.000,550.000,400.000,-1,300.000,325.000,325.000,325.000,-1,-1,-1,-1,375.000,500.000,375.000,650.000,1,1,1,1,2,1,0,0,0,2,2,2,2,1,1,1,1
5,-9608.223,354.621,490.556,164.003,-0.961254,-0.275558,-0.007702,0.275644,-0.961152,-0.014424,-0.003428,-0.015988,0.999866,0,0.48000,-0.19287,28.800,-0.386,350.000,300.000,500.000,375.000,-1,300.000,325.000,325.000,325.000,-1,-1,-1,-1,350.000,475.000,350.000,625.000,1,1,1,1,2,1,1,0,0,2,2,2,2,1,1,1,1
6,-9640.461,364.090,490.592,163.632,-0.959442,-0.281780,-0.008418,0.281870,-0.959366,-0.012875,-0.004448,-0.014726,0.999882,0,0.56000,-0.18547,33.600,-0.371,325.000,275.000,475.000,350.000,-1,275.000,300.000,325.000,325.000,-1,-1,-1,-1,325.000,450.000,300.000,575.000,1,1,1,1,2,1,1,0,0,2,2,2,2,1,1,1,1
7,-9677.237,375.139,490.627,163.278,-0.957676,-0.287701,-0.009196,0.287793,-0.957628,-0.011115,-0.005609,-0.013291,0.999896,0,0.64000,-0.17680,38.400,-0.354,275.000,250.000,450.000,325.000,-1,250.000,275.000,325.000,325.000,-1,-1,-1,-1,300.000,425.000,275.000,525.000,1,1,1,1,2,1,1,0,0,2,2,2,2,1,1,1,1
8,-9718.537,387.810,490.655,162.945,-0.955976,-0.293273,-0.010026,0.293363,-0.955957,-0.009154,-0.006900,-0.011692,0.999908,0,0.72000,-0.16667,43.200,-0.333,225.000,225.000,400.000,300.000,-1,225.000,250.000,325.000,325.000,-1,-1,-1,-1,275.000,375.000,225.000,475.000,1,1,1,1,2,1,1,0,0,2,2,2,2,1,1,1,1
9,-9764.350,402.136,490.510,162.635,-0.954370,-0.298439,-0.010591,0.298525,-0.954370,-0.007798,-0.007780,-0.010604,0.999914,0,0.80000,-0.15482,48.000,-0.310,175.000,200.000,350.000,275.000,-1,200.000,225.000,325.000,325.000,-1,-1,-1,-1,225.000,350.000,175.000,425.000,1,1,1,1,2,1,1,0,0,2,2,2,2,1,1,1,1
10,-9814.665,418.141,495.972,162.353,-0.952846,-0.303119,0.014262,0.303270,-0.952853,0.009926,0.010581,0.013783,0.999849,0,0.88000,-0.14095,52.800,-0.282,175.000,175.000,350.000,250.000,-1,175.000,225.000,400.000,300.000,-1,-1,-1,-1,225.000,325.000,150.000,400.000,1,1,1,1,2,1,1,0,0,2,2,2,2,1,1,1,1
11,-9869.485,435.825,503.847,162.104,-0.950412,-0.306931,0.050103,0.308788,-0.950498,0.034695,0.036974,0.048445,0.998141,0,0.96000,-0.12465,57.600,-0.249,150.000,175.000,350.000,250.000,-1,175.000,200.000,525.000,275.000,-1,525.000,25.000,975.000,225.000,325.000,150.000,375.000,1,1,1,1,2,1,1,0,0,2,0,0,0,1,1,1,1
12,-9926.530,454.435,511.980,161.893,-0.946730,-0.309653,0.088416,0.315422,-0.947000,0.060824,0.064896,0.085472,0.994225,0,1.00000,-0.10539,60.000,-0.211,150.000,175.000,350.000,225.000,-1,175.000,200.000,550.000,250.000,-1,200.000,0.000,500.000,225.000,300.000,150.000,325.000,1,1,1,1,2,1,1,1,0,2,0,0,0,1,1,1,1
13,-7543.219,-9511.022,-326.053,-79.036,0.189812,0.981746,0.012065,-0.979918,0.190194,-0.059885,-0.061086,-0.000456,0.998132,1,0.00000,0.00000,60.000,0.029,675.000,350.000,-1,375.000,-1,300.000,300.000,325.000,300.000,-1,400.000,325.000,-1,550.000,575.000,650.000,825.000,0,0,2,0,2,0,0,0,0,2,0,0,2,0,0,0,0
14,-7542.301,-9515.733,-326.343,-78.966,0.191028,0.981514,0.011768,-0.979722,0.191390,-0.059289,-0.060445,-0.000203,0.998171,0,0.08000,0.03489,4.800,0.070,675.000,350.000,-1,375.000,-1,300.000,300.000,325.000,300.000,-1,400.000,325.000,-1,550.000,575.000,650.000,825.000,0,0,2,0,2,0,0,0,0,2,0,0,2,0,0,0,0
15,-7540.452,-9525.153,-326.919,-78.896,0.192261,0.981280,0.011161,-0.979559,0.192585,-0.058090,-0.059152,0.000235,0.998249,0,0.16000,0.03489,9.600,0.070,675.000,350.000,-1,375.000,-1,300.000,300.000,325.000,300.000,-1,375.000,300.000,-1,550.000,575.000,650.000,850.000,0,0,2,0,2,0,0,0,0,2,0,0,2,0,0,0,0
16,-7537.662,-9539.280,-327.780,-78.827,0.193511,0.981045,0.010242,-0.979429,0.193780,-0.056282,-0.057200,0.000860,0.998362,0,0.24000,0.03489,14.400,0.070,675.000,350.000,-1,375.000,-1,300.000,300.000,325.000,300.000,-1,375.000,300.000,-1,550.000,575.000,650.000,850.000,0,0,2,0,2,0,0,0,0,2,0,0,2,0,0,0,0
17,-7533.918,-9558.111,-328.925,-78.757,0.194773,0.980807,0.009005,-0.979328,0.194974,-0.053862,-0.054584,0.001672,0.998508,0,0.32000,0.03489,19.200,0.070,675.000,350.000,-1,375.000,-1,300.000,300.000,325.000,300.000,-1,350.000,275.000,-1,550.000,575.000,650.000,850.000,0,0,2,0,2,0,0,0,0,2,0,0,2,0,0,0,0
18,-7529.211,-9581.644,-330.351,-78.687,0.196045,0.980567,0.007445,-0.979252,0.196168,-0.050822,-0.051295,0.002673,0.998680,0,0.40000,0.03489,24.000,0.070,650.000,350.000,-1,375.000,-1,300.000,300.000,325.000,300.000,-1,350.000,275.000,-1,525.000,575.000,650.000,850.000,0,0,2,0,2,0,0,0,0,2,0,0,2,0,0,0,0
19,-7523.527,-9609.877,-332.055,-78.617,0.197320,0.980323,0.005558,-0.979196,0.197361,-0.047152,-0.047321,0.003861,0.998872,0,0.48000,0.03489,28.800,0.070,650.000,350.000,-1,350.000,-1,300.000,300.000,325.000,300.000,-1,325.000,250.000,-1,525.000,575.000,650.000,875.000,0,0,2,0,2,0,0,0,0,2,0,0,2,0,0,0,0
20,-7516.855,-9642.808,-334.035,-78.547,0.198594,0.980076,0.003338,-0.979153,0.198553,-0.042839,-0.042648,0.005239,0.999076,0,0.56000,0.03489,33.600,0.070,650.000,350.000,-1,350.000,-1,300.000,300.000,325.000,300.000,-1,300.000,250.000,-1,525.000,575.000,650.000,875.000,0,0,2,0,2,0,0,0,0,2,0,0,2,0,0,0,0
21,-7509.185,-9680.433,-336.287,-78.478,0.199859,0.979824,0.000778,-0.979116,0.199745,-0.037871,-0.037262,0.006807,0.999282,0,0.64000,0.03489,38.400,0.070,650.000,350.000,-1,350.000,-1,300.000,300.000,325.000,275.000,-1,300.000,225.000,-1,525.000,575.000,650.000,900.000,0,0,2,0,2,0,0,0,0,2,0,0,2,0,0,0,0
22,-7500.504,-9722.751,-338.806,-78.408,0.201106,0.979567,-0.002126,-0.979074,0.200935,-0.032231,-0.031145,0.008564,0.999478,0,0.72000,0.03489,43.200,0.070,650.000,350.000,-1,350.000,-1,300.000,300.000,325.000,275.000,-1,275.000,225.000,975.000,525.000,575.000,650.000,900.000,0,0,2,0,2,0,0,0,0,2,0,0,0,0,0,0,0
23,-7491.464,-9766.550,-341.400,-78.338,0.202325,0.979305,-0.005162,-0.979006,0.202124,-0.026338,-0.024749,0.010382,0.999640,0,0.74536,0.03489,44.722,0.070,650.000,325.000,-1,350.000,-1,275.000,300.000,300.000,275.000,-1,250.000,200.000,900.000,525.000,575.000,650.000,925.000,0,0,2,0,2,0,0,0,0,2,0,0,0,0,0,0,0
24,-7482.371,-9810.337,-343.107,-78.268,0.203462,0.979071,-0.004784,-0.978883,0.203320,-0.021180,-0.019764,0.008992,0.999764,0,0.74536,0.03489,44.722,0.070,625.000,325.000,-1,350.000,-1,275.000,300.000,300.000,275.000,1000.000,250.000,200.000,875.000,525.000,575.000,625.000,950.000,0,0,2,0,2,0,0,0,0,0,0,0,0,0,0,0,0
25,-7473.225,-9854.113,-344.098,-78.199,0.204568,0.978850,-0.002101,-0.978757,0.204517,-0.014387,-0.013653,0.004999,0.999894,0,0.74536,0.03489,44.722,0.070,600.000,325.000,-1,350.000,-1,275.000,300.000,300.000,300.000,950.000,250.000,225.000,900.000,525.000,600.000,625.000,-1,0,0,2,0,2,0,0,0,0,0,0,0,0,0,0,0,2
26,-7464.025,-9897.878,-344.629,-78.129,0.205727,0.978609,-0.000747,-0.978569,0.205711,-0.009205,-0.008855,0.002625,0.999957,0,0.74536,0.03489,44.722,0.070,600.000,325.000,-1,350.000,-1,275.000,275.000,300.000,300.000,925.000,250.000,250.000,900.000,525.000,600.000,600.000,-1,0,0,2,0,2,0,0,0,0,0,0,0,0,0,0,0,2
27,-7454.772,-9941.632,-343.932,-78.059,0.206921,0.978349,-0.004089,-0.978350,0.206901,-0.004907,-0.003955,0.005016,0.999980,0,0.74536,0.03489,44.722,0.070,625.000,325.000,-1,350.000,-1,275.000,300.000,300.000,300.000,950.000,275.000,275.000,900.000,525.000,600.000,625.000,-1,0,0,2,0,2,0,0,0,0,0,0,0,0,0,0,0,2
28,-7445.465,-9985.375,-343.083,-77.989,0.208084,0.978079,-0.007885,-0.978110,0.208088,-0.000316,0.001331,0.007778,0.999969,0,0.74536,0.03489,44.722,0.070,650.000,325.000,-1,350.000,-1,275.000,300.000,300.000,300.000,975.000,300.000,300.000,875.000,525.000,600.000,650.000,-1,0,0,2,0,2,0,0,0,0,0,0,0,0,0,0,0,2
29,-7436.105,-10029.106,-342.188,-77.920,0.209213,0.977801,-0.011633,-0.977847,0.209274,0.004316,0.006654,0.010472,0.999923,0,0.74536,0.03489,44.722,0.070,675.000,325.000,-1,350.000,-1,275.000,300.000,300.000,300.000,975.000,325.000,300.000,850.000,550.000,625.000,675.000,-1,0,0,2,0,2,0,0,0,0,0,0,0,0,0,0,0,2
30,-7426.692,-10072.826,-341.248,-77.850,0.210307,0.977515,-0.015332,-0.977562,0.210458,0.008989,0.012014,0.013098,0.999842,0,0.74536,0.03489,44.722,0.070,725.000,325.000,-1,350.000,-1,275.000,300.000,300.000,300.000,1000.000,350.000,325.000,850.000,550.000,625.000,725.000,-1,0,0,2,0,2,0,0,0,0,0,0,0,0,0,0,0,2
31,-7417.225,-10116.534,-340.261,-77.780,0.211368,0.977222,-0.018983,-0.977251,0.211641,0.013703,0.017409,0.015654,0.999726,0,0.74536,0.03489,44.722,0.070,775.000,350.000,-1,350.000,-1,275.000,300.000,325.000,300.000,-1,375.000,350.000,825.000,550.000,625.000,775.000,-1,0,0,2,0,2,0,0,0,0,2,0,0,0,0,0,0,2
32,-7407.704,-10160.231,-339.227,-77.710,0.212396,0.976923,-0.022583,-0.976917,0.212822,0.018459,0.022839,0.018141,0.999575,0,0.74536,0.03489,44.722,0.070,850.000,350.000,-1,375.000,-1,300.000,300.000,325.000,300.000,-1,375.000,375.000,825.000,575.000,625.000,825.000,-1,0,0,2,0,2,0,0,0,0,2,0,0,0,0,0,0,2
33,-7398.131,-10203.917,-338.147,-77.640,0.213392,0.976617,-0.026133,-0.976557,0.214001,0.023256,0.028305,0.020558,0.999388,0,0.74536,0.03489,44.722,0.070,950.000,350.000,-1,375.000,-1,300.000,300.000,325.000,300.000,-1,400.000,350.000,800.000,575.000,650.000,900.000,-1,0,0,2,0,2,0,0,0,0,2,0,0,0,0,0,0,2
34,-7387.673,-10252.322,-336.897,-77.811,0.210236,0.977190,-0.030012,-0.977047,0.211086,0.028660,0.034342,0.023298,0.999139,0,0.82536,-0.08511,49.522,-0.170,-1,350.000,-1,375.000,-1,300.000,300.000,325.000,300.000,-1,350.000,325.000,775.000,600.000,650.000,-1,-1,2,0,2,0,2,0,0,0,0,2,0,0,0,0,0,2,2
35,-7377.285,-10302.134,-335.564,-78.221,0.202934,0.978607,-0.033865,-0.978355,0.204070,0.034315,0.040492,0.026168,0.998837,0,0.84805,-0.20511,50.883,-0.410,-1,350.000,-1,375.000,-1,300.000,300.000,325.000,300.000,-1,325.000,300.000,775.000,600.000,675.000,-1,-1,2,0,2,0,2,0,0,0,0,2,0,0,0,0,0,2,2
36,-7367.461,-10352.060,-334.191,-78.871,0.191478,0.980780,-0.037514,-0.980393,0.192935,0.040076,0.046543,0.029105,0.998492,0,0.84805,-0.32511,50.883,-0.650,-1,350.000,-1,375.000,-1,300.000,300.000,325.000,300.000,-1,275.000,275.000,750.000,625.000,675.000,-1,-1,2,0,2,0,2,0,0,0,0,2,0,0,0,0,0,2,2
37,-7358.415,-10402.133,-332.786,-79.761,0.175846,0.983569,-0.040866,-0.983018,0.177658,0.045963,0.052468,0.032089,0.998107,0,0.84805,-0.44511,50.883,-0.890,-1,350.000,-1,375.000,-1,300.000,300.000,325.000,300.000,-1,250.000,225.000,725.000,625.000,700.000,-1,-1,2,0,2,0,2,0,0,0,0,2,0,0,0,0,0,2,2
38,-7350.358,-10452.375,-331.244,-80.892,0.156059,0.986797,-0.043335,-0.986056,0.158208,0.051610,0.057785,0.034676,0.997727,0,0.84805,-0.56511,50.883,-1.130,-1,375.000,-1,375.000,-1,300.000,300.000,300.000,300.000,-1,225.000,200.000,700.000,650.000,725.000,-1,-1,2,0,2,0,2,0,0,0,0,2,0,0,0,0,0,2,2
39,-7343.507,-10502.795,-329.008,-82.262,0.132273,0.990295,-0.042650,-0.989303,0.134566,0.056321,0.061514,0.034744,0.997501,0,0.84805,-0.68511,50.883,-1.370,-1,375.000,-1,375.000,-1,300.000,300.000,300.000,300.000,-1,225.000,225.000,725.000,650.000,750.000,-1,-1,2,0,2,0,2,0,0,0,0,2,0,0,0,0,0,2,2
40,-7338.073,-10553.388,-326.081,-83.872,0.104184,0.993586,-0.043953,-0.992557,0.106675,0.058748,0.063060,0.037505,0.997305,0,0.84805,-0.80511,50.883,-1.610,-1,375.000,-1,400.000,-1,300.000,325.000,300.000,300.000,-1,250.000,250.000,725.000,675.000,775.000,-1,-1,2,0,2,0,2,0,0,0,0,2,0,0,0,0,0,2,2
41,-7334.123,-10604.118,-322.836,-85.551,0.074784,0.996124,-0.046312,-0.995178,0.077508,0.060117,0.063473,0.041593,0.997116,0,0.84805,-0.83939,50.883,-1.679,-1,375.000,-1,400.000,-1,300.000,325.000,300.000,300.000,-1,300.000,275.000,750.000,675.000,800.000,-1,-1,2,0,2,0,2,0,0,0,0,2,0,0,0,0,0,2,2
42,-7331.661,-10654.941,-319.619,-87.230,0.045339,0.997793,-0.048506,-0.996947,0.048284,0.061369,0.063576,0.045575,0.996936,0,0.84805,-0.83939,50.883,-1.679,-1,375.000,-1,400.000,-1,300.000,325.000,300.000,300.000,-1,350.000,325.000,775.000,700.000,825.000,-1,-1,2,0,2,0,2,0,0,0,0,2,0,0,0,0,0,2,2
43,-7330.689,-10705.815,-316.444,-88.908,0.015875,0.998595,-0.050562,-0.997864,0.019028,0.062498,0.063372,0.049462,0.996764,0,0.84805,-0.83939,50.883,-1.679,-1,375.000,-1,400.000,-1,300.000,325.000,300.000,300.000,-1,400.000,350.000,800.000,725.000,850.000,-1,-1,2,0,2,0,2,0,0,0,0,2,0,0,0,0,0,2,2
44,-7331.208,-10756.696,-313.325,-90.587,-0.013580,0.998528,-0.052508,-0.997929,-0.010233,0.063499,0.062868,0.053261,0.996600,0,0.84805,-0.83939,50.883,-1.679,-1,375.000,-1,400.000,-1,325.000,325.000,300.000,300.000,-1,450.000,400.000,800.000,750.000,875.000,-1,-1,2,0,2,0,2,0,0,0,0,2,0,0,0,0,0,2,2
45,-7333.217,-10807.540,-310.275,-92.266,-0.043001,0.997594,-0.054371,-0.997145,-0.039474,0.064372,0.062070,0.056984,0.996444,0,0.84805,-0.83939,50.883,-1.679,-1,375.000,-1,400.000,-1,325.000,325.000,300.000,300.000,-1,500.000,450.000,825.000,775.000,900.000,-1,-1,2,0,2,0,2,0,0,0,0,2,0,0,0,0,0,2,2
46,-7336.714,-10858.303,-307.308,-93.945,-0.072362,0.995795,-0.056178,-0.995512,-0.068668,0.065118,0.060987,0.060638,0.996295,0,0.84805,-0.83939,50.883,-1.679,-1,375.000,-1,400.000,-1,325.000,325.000,300.000,300.000,-1,550.000,500.000,850.000,775.000,925.000,-1,-1,2,0,2,0,2,0,0,0,0,2,0,0,0,0,0,2,2
47,-7341.697,-10908.942,-304.440,-95.624,-0.101636,0.993132,-0.057955,-0.993033,-0.097789,0.065745,0.059626,0.064233,0.996152,0,0.84805,-0.83939,50.883,-1.679,-1,400.000,-1,400.000,-1,325.000,325.000,300.000,300.000,-1,625.000,550.000,875.000,800.000,950.000,-1,-1,2,0,2,0,2,0,0,0,0,2,0,0,0,0,0,2,2
48,-7348.162,-10959.413,-301.682,-97.302,-0.130798,0.989608,-0.059726,-0.989711,-0.126812,0.066260,0.057998,0.067778,0.996013,0,0.84805,-0.83939,50.883,-1.679,-1,400.000,-1,425.000,-1,325.000,325.000,300.000,300.000,-1,675.000,600.000,900.000,825.000,975.000,-1,-1,2,0,2,0,2,0,0,0,0,2,0,0,0,0,0,2,2
49,-7355.162,-11004.962,-299.278,-98.741,-0.155687,0.985901,-0.061331,-0.986195,-0.151588,0.066638,0.056402,0.070859,0.995890,0,0.76805,-0.71939,46.083,-1.439,-1,400.000,-1,425.000,-1,325.000,325.000,300.000,300.000,-1,725.000,650.000,925.000,825.000,-1,-1,-1,2,0,2,0,2,0,0,0,0,2,0,0,0,0,2,2,2
50,-7362.286,-11045.626,-297.201,-99.940,-0.176340,0.982325,-0.062783,-0.982796,-0.172148,0.066915,0.054925,0.073503,0.995781,0,0.68805,-0.59939,41.283,-1.199,-1,400.000,-1,425.000,-1,325.000,325.000,300.000,300.000,-1,800.000,700.000,950.000,875.000,-1,-1,-1,2,0,2,0,2,0,0,0,0,2,0,0,0,0,2,2,2
51,-7369.182,-11081.452,-295.425,-100.899,-0.192799,0.979144,-0.064082,-0.979771,-0.188530,0.067118,0.053637,0.075726,0.995685,0,0.60805,-0.47939,36.483,-0.959,-1,400.000,-1,425.000,-1,325.000,325.000,300.000,300.000,-1,850.000,750.000,950.000,925.000,-1,-1,-1,2,0,2,0,2,0,0,0,0,2,0,0,0,0,2,2,2
52,-7375.561,-11112.486,-293.928,-101.617,-0.205084,0.976566,-0.065265,-0.977345,-0.200771,0.066987,0.052314,0.077524,0.995617,0,0.52805,-0.35939,31.683,-0.719,-1,400.000,-1,425.000,-1,325.000,325.000,300.000,300.000,-1,900.000,800.000,975.000,950.000,-1,-1,-1,2,0,2,0,2,0,0,0,0,2,0,0,0,0,2,2,2
53,-7381.194,-11138.773,-292.839,-102.096,-0.213183,0.974796,-0.065778,-0.975691,-0.208912,0.066201,0.050790,0.078292,0.995636,0,0.44805,-0.23939,26.883,-0.479,-1,400.000,-1,425.000,-1,325.000,325.000,300.000,300.000,-1,950.000,825.000,1000.000,975.000,-1,-1,-1,2,0,2,0,2,0,0,0,0,2,0,0,0,0,2,2,2
54,-7385.911,-11160.346,-291.950,-102.335,-0.217203,0.973878,-0.066222,-0.974858,-0.212964,0.065559,0.049743,0.078797,0.995649,0,0.36805,-0.11939,22.083,-0.239,-1,400.000,-1,425.000,-1,325.000,325.000,300.000,300.000,-1,975.000,875.000,1000.000,1000.000,-1,-1,-1,2,0,2,0,2,0,0,0,0,2,0,0,0,0,2,2,2
55,-7389.602,-11177.230,-291.248,-102.334,-0.217157,0.973864,-0.066570,-0.974896,-0.212939,0.065067,0.049191,0.079028,0.995658,0,0.28805,0.00061,17.283,0.001,-1,400.000,-1,425.000,-1,325.000,325.000,300.000,300.000,-1,-1,900.000,-1,1000.000,-1,-1,-1,2,0,2,0,2,0,0,0,0,2,2,0,2,0,2,2,2
56,-7392.217,-11189.435,-290.718,-102.093,-0.213041,0.974759,-0.066775,-0.975808,-0.208839,0.064695,0.049116,0.078942,0.995668,0,0.20805,0.12061,12.483,0.241,-1,400.000,-1,425.000,-1,325.000,325.000,300.000,300.000,-1,-1,900.000,-1,1000.000,-1,-1,-1,2,0,2,0,2,0,0,0,0,2,2,0,2,0,2,2,2
57,-7393.775,-11196.958,-290.344,-101.693,-0.206221,0.976224,-0.066786,-0.977260,-0.202035,0.064380,0.049356,0.078543,0.995688,0,0.12805,0.20000,7.683,0.400,-1,400.000,-1,425.000,-1,325.000,325.000,300.000,300.000,-1,-1,925.000,-1,1000.000,-1,-1,-1,2,0,2,0,2,0,0,0,0,2,2,0,2,0,2,2,2
58,-7394.340,-11199.785,-290.184,-101.293,-0.199403,0.977642,-0.066747,-0.978651,-0.195221,0.064269,0.049801,0.078138,0.995698,0,0.04805,0.20000,2.883,0.400,-1,400.000,-1,425.000,-1,325.000,325.000,300.000,300.000,-1,-1,925.000,-1,1000.000,-1,-1,-1,2,0,2,0,2,0,0,0,0,2,2,0,2,0,2,2,2
59,-7393.978,-11197.902,-290.241,-100.893,-0.192588,0.979013,-0.066663,-0.979982,-0.188397,0.064354,0.050444,0.077722,0.995698,0,-0.03195,0.20000,-1.917,0.400,-1,400.000,-1,425.000,-1,325.000,325.000,300.000,300.000,-1,-1,900.000,-1,1000.000,-1,-1,-1,2,0,2,0,2,0,0,0,0,2,2,0,2,0,2,2,2
60,-7392.754,-11191.297,-290.521,-100.493,-0.185777,0.980337,-0.066538,-0.981253,-0.181564,0.064630,0.051278,0.077298,0.995689,0,-0.11195,0.20000,-6.717,0.400,-1,400.000,-1,425.000,-1,325.000,325.000,300.000,300.000,-1,1000.000,900.000,-1,1000.000,-1,-1,-1,2,0,2,0,2,0,0,0,0,2,0,0,2,0,2,2,2
61,-7390.736,-11179.957,-291.027,-100.093,-0.178966,0.981614,-0.066371,-0.982465,-0.174721,0.065079,0.052286,0.076854,0.995670,0,-0.19195,0.20000,-11.517,0.400,-1,400.000,-1,425.000,-1,325.000,325.000,300.000,300.000,-1,975.000,875.000,-1,1000.000,-1,-1,-1,2,0,2,0,2,0,0,0,0,2,0,0,2,0,2,2,2
62,-7387.990,-11163.873,-291.713,-99.693,-0.172138,0.982858,-0.066014,-0.983629,-0.167872,0.065517,0.053312,0.076212,0.995665,0,-0.27195,0.20000,-16.317,0.400,-1,400.000,-1,425.000,-1,325.000,325.000,300.000,300.000,-1,925.000,825.000,1000.000,975.000,-1,-1,-1,2,0,2,0,2,0,0,0,0,2,0,0,0,0,2,2,2
63,-7384.580,-11143.033,-292.625,-99.293,-0.165305,0.984059,-0.065591,-0.984738,-0.161015,0.066069,0.054455,0.075512,0.995657,0,-0.35195,0.20000,-21.117,0.400,-1,400.000,-1,425.000,-1,325.000,325.000,300.000,300.000,-1,900.000,800.000,1000.000,975.000,-1,-1,-1,2,0,2,0,2,0,0,0,0,2,0,0,0,0,2,2,2
64,-7380.574,-11117.427,-293.771,-98.893,-0.158468,0.985215,-0.065118,-0.985791,-0.154150,0.066733,0.055709,0.074767,0.995644,0,-0.43195,0.20000,-25.917,0.400,-1,400.000,-1,425.000,-1,325.000,325.000,300.000,300.000,-1,850.000,775.000,975.000,950.000,-1,-1,-1,2,0,2,0,2,0,0,0,0,2,0,0,0,0,2,2,2
65,-7376.412,-11089.540,-295.232,-98.493,-0.151536,0.986378,-0.063997,-0.986847,-0.147285,0.066639,0.056305,0.073253,0.995723,0,-0.46993,0.20000,-28.196,0.400,-1,400.000,-1,425.000,-1,325.000,325.000,300.000,300.000,-1,825.000,725.000,950.000,925.000,-1,-1,-1,2,0,2,0,2,0,0,0,0,2,0,0,0,0,2,2,2
66,-7372.444,-11061.624,-296.700,-98.093,-0.144591,0.987484,-0.062991,-0.987863,-0.140409,0.066423,0.056747,0.071830,0.995801,0,-0.46993,0.20000,-28.196,0.400,-1,400.000,-1,425.000,-1,325.000,325.000,300.000,300.000,-1,800.000,700.000,950.000,875.000,-1,-1,-1,2,0,2,0,2,0,0,0,0,2,0,0,0,0,2,2,2
67,-7368.671,-11033.682,-298.192,-97.693,-0.137637,0.988540,-0.062003,-0.988832,-0.133525,0.066198,0.057160,0.070422,0.995878,0,-0.46993,0.20000,-28.196,0.400,-1,400.000,-1,425.000,-1,325.000,325.000,300.000,300.000,-1,750.000,675.000,925.000,850.000,-1,-1,-1,2,0,2,0,2,0,0,0,0,2,0,0,0,0,2,2,2
68,-7365.093,-11005.714,-299.708,-97.293,-0.130674,0.989545,-0.061032,-0.989754,-0.126633,0.065963,0.057545,0.069027,0.995954,0,-0.46993,0.20000,-28.196,0.400,-1,400.000,-1,425.000,-1,325.000,325.000,300.000,300.000,-1,725.000,650.000,925.000,825.000,-1,-1,-1,2,0,2,0,2,0,0,0,0,2,0,0,0,0,2,2,2
69,-7361.711,-10977.722,-301.246,-96.893,-0.123703,0.990499,-0.060077,-0.990629,-0.119733,0.065717,0.057900,0.067643,0.996028,0,-0.46993,0.20000,-28.196,0.400,-1,400.000,-1,425.000,-1,325.000,325.000,300.000,300.000,-1,700.000,625.000,900.000,825.000,1000.000,-1,-1,2,0,2,0,2,0,0,0,0,2,0,0,0,0,0,2,2
70,-7358.524,-10949.707,-302.806,-96.493,-0.116724,0.991402,-0.059135,-0.991456,-0.112826,0.065460,0.058225,0.066271,0.996101,0,-0.46993,0.20000,-28.196,0.400,-1,400.000,-1,425.000,-1,325.000,325.000,300.000,300.000,-1,675.000,600.000,900.000,800.000,975.000,-1,-1,2,0,2,0,2,0,0,0,0,2,0,0,0,0,0,2,2
71,-7355.533,-10921.670,-304.387,-96.093,-0.109737,0.992255,-0.058205,-0.992236,-0.105911,0.065190,0.058520,0.064907,0.996174,0,-0.46993,0.20000,-28.196,0.400,-1,400.000,-1,400.000,-1,325.000,325.000,300.000,300.000,-1,625.000,575.000,875.000,800.000,975.000,-1,-1,2,0,2,0,2,0,0,0,0,2,0,0,0,0,0,2,2
72,-7352.737,-10893.613,-305.987,-95.693,-0.102743,0.993057,-0.057284,-0.992969,-0.098990,0.064905,0.058784,0.063550,0.996246,0,-0.46993,0.20000,-28.196,0.400,-1,400.000,-1,400.000,-1,325.000,325.000,300.000,300.000,-1,600.000,550.000,875.000,800.000,950.000,-1,-1,2,0,2,0,2,0,0,0,0,2,0,0,0,0,0,2,2
73,-7350.137,-10865.537,-307.607,-95.293,-0.095742,0.993809,-0.056372,-0.993655,-0.092063,0.064607,0.059017,0.062200,0.996317,0,-0.46993,0.20000,-28.196,0.400,-1,375.000,-1,400.000,-1,325.000,325.000,300.000,300.000,-1,575.000,525.000,850.000,800.000,950.000,-1,-1,2,0,2,0,2,0,0,0,0,2,0,0,0,0,0,2,2
74,-7347.734,-10837.444,-309.244,-94.893,-0.088734,0.994510,-0.055466,-0.994293,-0.085129,0.064293,0.059218,0.060854,0.996388,0,-0.46993,0.20000,-28.196,0.400,-1,375.000,-1,400.000,-1,325.000,325.000,300.000,300.000,-1,550.000,475.000,850.000,775.000,925.000,-1,-1,2,0,2,0,2,0,0,0,0,2,0,0,0,0,0,2,2
75,-7345.618,-10811.870,-310.758,-94.733,-0.085899,0.994801,-0.054695,-0.994544,-0.082356,0.064029,0.059192,0.059896,0.996448,0,-0.42769,0.08000,-25.662,0.160,-1,375.000,-1,400.000,-1,325.000,325.000,300.000,300.000,-1,525.000,475.000,825.000,775.000,925.000,-1,-1,2,0,2,0,2,0,0,0,0,2,0,0,0,0,0,2,2
76,-7343.465,-10786.299,-312.296,-94.813,-0.087236,0.994723,-0.053991,-0.994442,-0.083748,0.063806,0.058948,0.059257,0.996501,0,-0.42769,-0.04000,-25.662,-0.080,-1,375.000,-1,400.000,-1,325.000,325.000,300.000,300.000,-1,500.000,450.000,825.000,775.000,925.000,-1,-1,2,0,2,0,2,0,0,0,0,2,0,0,0,0,0,2,2
77,-7341.170,-10760.740,-313.852,-95.133,-0.092747,0.994259,-0.053364,-0.993969,-0.089304,0.063641,0.058510,0.058945,0.996545,0,-0.42769,-0.16000,-25.662,-0.320,-1,375.000,-1,400.000,-1,325.000,325.000,300.000,300.000,-1,475.000,425.000,800.000,750.000,900.000,-1,-1,2,0,2,0,2,0,0,0,0,2,0,0,0,0,0,2,2
78,-7338.625,-10735.206,-315.424,-95.693,-0.102426,0.993337,-0.052822,-0.993054,-0.099017,0.063555,0.057901,0.058965,0.996579,0,-0.42769,-0.28000,-25.662,-0.560,-1,375.000,-1,400.000,-1,325.000,325.000,300.000,300.000,-1,450.000,400.000,775.000,750.000,900.000,-1,-1,2,0,2,0,2,0,0,0,0,2,0,0,0,0,0,2,2
79,-7335.723,-10709.709,-317.008,-96.493,-0.116261,0.991837,-0.052365,-0.991574,-0.112874,0.063564,0.057134,0.059314,0.996603,0,-0.42769,-0.40000,-25.662,-0.800,-1,375.000,-1,400.000,-1,325.000,325.000,300.000,300.000,-1,425.000,375.000,775.000,750.000,900.000,-1,-1,2,0,2,0,2,0,0,0,0,2,0,0,0,0,0,2,2
80,-7332.359,-10684.269,-318.490,-97.533,-0.134192,0.989609,-0.051643,-0.989377,-0.130856,0.063321,0.055905,0.059592,0.996656,0,-0.42769,-0.52000,-25.662,-1.040,-1,375.000,-1,400.000,-1,325.000,325.000,300.000,275.000,-1,400.000,350.000,750.000,750.000,900.000,-1,-1,2,0,2,0,2,0,0,0,0,2,0,0,0,0,0,2,2
81,-7328.448,-10658.908,-319.948,-98.767,-0.155425,0.986534,-0.050935,-0.986343,-0.152137,0.063103,0.054504,0.060047,0.996706,0,-0.42769,-0.61711,-25.662,-1.234,-1,375.000,-1,400.000,-1,325.000,325.000,300.000,275.000,-1,400.000,325.000,750.000,750.000,900.000,-1,-1,2,0,2,0,2,0,0,0,0,2,0,0,0,0,0,2,2
82,-7323.991,-10633.637,-321.380,-100.001,-0.176589,0.983002,-0.050242,-0.982850,-0.173347,0.062907,0.053128,0.060489,0.996754,0,-0.42769,-0.61711,-25.662,-1.234,-1,375.000,-1,400.000,-1,325.000,325.000,300.000,275.000,-1,375.000,300.000,750.000,750.000,900.000,-1,-1,2,0,2,0,2,0,0,0,0,2,0,0,0,0,0,2,2
83,-7318.992,-10608.468,-322.789,-101.235,-0.197674,0.979014,-0.049568,-0.978899,-0.194475,0.062733,0.051777,0.060923,0.996799,0,-0.42769,-0.61711,-25.662,-1.234,-1,375.000,-1,400.000,-1,325.000,325.000,300.000,275.000,-1,350.000,300.000,750.000,750.000,900.000,-1,-1,2,0,2,0,2,0,0,0,0,2,0,0,0,0,0,2,2
84,-7313.451,-10583.412,-324.175,-102.469,-0.218670,0.974572,-0.048918,-0.974494,-0.215511,0.062581,0.050448,0.061355,0.996840,0,-0.42769,-0.61711,-25.662,-1.234,-1,375.000,-1,400.000,-1,325.000,325.000,300.000,275.000,-1,350.000,275.000,725.000,750.000,900.000,-1,-1,2,0,2,0,2,0,0,0,0,2,0,0,0,0,0,2,2
85,-7307.372,-10558.482,-325.512,-103.704,-0.239567,0.969684,-0.048176,-0.969631,-0.236448,0.062506,0.049220,0.061687,0.996881,0,-0.42769,-0.61711,-25.662,-1.234,-1,375.000,-1,400.000,-1,325.000,325.000,300.000,275.000,-1,325.000,250.000,725.000,750.000,900.000,-1,-1,2,0,2,0,2,0,0,0,0,2,0,0,0,0,0,2,2
86,-7300.758,-10533.688,-326.629,-104.938,-0.260322,0.964390,-0.046743,-0.964327,-0.257286,0.062272,0.048028,0.061286,0.996964,0,-0.42769,-0.61711,-25.662,-1.234,-1,375.000,-1,400.000,-1,325.000,325.000,300.000,275.000,-1,300.000,225.000,725.000,725.000,900.000,-1,-1,2,0,2,0,2,0,0,0,0,2,0,0,0,0,0,2,2
87,-7293.612,-10509.041,-327.334,-106.172,-0.280846,0.958730,-0.044297,-0.958664,-0.278030,0.060524,0.045710,0.059464,0.997183,0,-0.42769,-0.61711,-25.662,-1.234,-1,375.000,-1,400.000,-1,325.000,325.000,300.000,275.000,-1,300.000,225.000,750.000,725.000,900.000,-1,-1,2,0,2,0,2,0,0,0,0,2,0,0,0,0,0,2,2
88,-7285.938,-10484.555,-328.026,-107.406,-0.301256,0.952619,-0.041978,-0.952555,-0.298647,0.058732,0.043412,0.057680,0.997391,0,-0.42769,-0.61711,-25.662,-1.234,-1,375.000,-1,400.000,-1,325.000,325.000,300.000,275.000,-1,300.000,225.000,775.000,725.000,900.000,-1,-1,2,0,2,0,2,0,0,0,0,2,0,0,0,0,0,2,2
89,-7277.737,-10460.239,-328.709,-108.640,-0.321541,0.946059,-0.039794,-0.946002,-0.319129,0.056900,0.041132,0.055941,0.997586,0,-0.42769,-0.61711,-25.662,-1.234,-1,375.000,-1,400.000,-1,325.000,325.000,275.000,275.000,-1,300.000,225.000,775.000,700.000,900.000,-1,-1,2,0,2,0,2,0,0,0,0,2,0,0,0,0,0,2,2
90,-7269.015,-10436.106,-329.383,-109.875,-0.341693,0.939053,-0.037753,-0.939008,-0.339464,0.055035,0.038865,0.054255,0.997770,0,-0.42769,-0.61711,-25.662,-1.234,-1,375.000,-1,400.000,-1,325.000,325.000,275.000,275.000,-1,300.000,225.000,775.000,700.000,875.000,-1,-1,2,0,2,0,2,0,0,0,0,2,0,0,0,0,0,2,2
91,-7259.775,-10412.166,-330.033,-111.109,-0.361705,0.931601,-0.035906,-0.931572,-0.359642,0.053219,0.036665,0.052699,0.997937,0,-0.42769,-0.61711,-25.662,-1.234,-1,375.000,-1,400.000,-1,325.000,325.000,275.000,300.000,-1,300.000,225.000,800.000,700.000,875.000,-1,-1,2,0,2,0,2,0,0,0,0,2,0,0,0,0,0,2,2
92,-7250.021,-10388.431,-330.586,-112.343,-0.381567,0.923692,-0.034630,-0.923705,-0.379647,0.051355,0.034289,0.051584,0.998080,0,-0.42769,-0.61711,-25.662,-1.234,-1,375.000,-1,400.000,-1,325.000,325.000,275.000,300.000,-1,325.000,225.000,800.000,700.000,875.000,-1,-1,2,0,2,0,2,0,0,0,0,2,0,0,0,0,0,2,2
93,-7239.757,-10364.911,-331.080,-113.577,-0.401264,0.915339,-0.033786,-0.915413,-0.399472,0.049421,0.031740,0.050758,0.998206,0,-0.42769,-0.61711,-25.662,-1.234,-1,375.000,-1,400.000,-1,325.000,325.000,275.000,300.000,-1,325.000,250.000,800.000,700.000,875.000,-1,-1,2,0,2,0,2,0,0,0,0,2,0,0,0,0,0,2,2
94,-7228.990,-10341.619,-331.522,-114.812,-0.420783,0.906548,-0.033363,-0.906697,-0.419106,0.047444,0.029028,0.050214,0.998317,0,-0.42769,-0.61711,-25.662,-1.234,-1,375.000,-1,400.000,-1,325.000,325.000,275.000,300.000,-1,350.000,250.000,800.000,700.000,850.000,-1,-1,2,0,2,0,2,0,0,0,0,2,0,0,0,0,0,2,2
95,-7217.722,-10318.563,-331.750,-116.046,-0.440112,0.897292,-0.034195,-0.897577,-0.438527,0.045264,0.025620,0.050614,0.998390,0,-0.42769,-0.61711,-25.662,-1.234,-1,375.000,-1,400.000,-1,325.000,325.000,275.000,300.000,-1,350.000,300.000,800.000,675.000,825.000,-1,-1,2,0,2,0,2,0,0,0,0,2,0,0,0,0,0,2,2
96,-7205.961,-10295.756,-331.978,-117.280,-0.459236,0.887616,-0.035224,-0.888037,-0.457741,0.043176,0.022200,0.051108,0.998446,0,-0.42769,-0.61711,-25.662,-1.234,-1,375.000,-1,400.000,-1,325.000,325.000,275.000,300.000,-1,350.000,325.000,800.000,675.000,825.000,-1,-1,2,0,2,0,2,0,0,0,0,2,0,0,0,0,0,2,2
97,-7193.711,-10273.208,-332.208,-118.514,-0.478147,0.877523,-0.036450,-0.878079,-0.476739,0.041188,0.018766,0.051699,0.998486,0,-0.42769,-0.61711,-25.662,-1.234,-1,375.000,-1,400.000,-1,325.000,325.000,275.000,300.000,-1,375.000,400.000,775.000,675.000,800.000,-1,-1,2,0,2,0,2,0,0,0,0,2,0,0,0,0,0,2,2
98,-7180.978,-10250.928,-332.441,-119.748,-0.496833,0.867020,-0.037874,-0.867711,-0.495512,0.039309,0.015315,0.052394,0.998509,0,-0.42769,-0.61711,-25.662,-1.234,-1,375.000,-1,400.000,-1,325.000,325.000,275.000,300.000,-1,375.000,425.000,775.000,675.000,775.000,-1,-1,2,0,2,0,2,0,0,0,0,2,0,0,0,0,0,2,2
99,-7170.314,-10232.999,-332.635,-120.743,-0.511714,0.858262,-0.039176,-0.859065,-0.510464,0.037866,0.012501,0.053031,0.998515,0,-0.34769,-0.49711,-20.862,-0.994,-1,375.000,-1,400.000,-1,300.000,325.000,275.000,300.000,-1,375.000,425.000,775.000,675.000,775.000,-1,-1,2,0,2,0,2,0,0,0,0,2,0,0,0,0,0,2,2
100,-7161.922,-10219.304,-332.759,-121.497,-0.522900,0.851449,-0.040127,-0.852330,-0.521706,0.036825,0.010420,0.053458,0.998516,0,-0.26769,-0.37711,-16.062,-0.754,-1,375.000,-1,400.000,-1,300.000,325.000,275.000,275.000,-1,400.000,425.000,775.000,675.000,750.000,-1,-1,2,0,2,0,2,0,0,0,0,2,0,0,0,0,0,2,2
101,-7155.953,-10209.755,-332.814,-122.011,-0.530475,0.846724,-0.040681,-0.847652,-0.529320,0.036139,0.009067,0.053654,0.998518,0,-0.18769,-0.25711,-11.262,-0.514,-1,375.000,-1,375.000,-1,300.000,325.000,275.000,275.000,-1,400.000,425.000,750.000,675.000,750.000,-1,-1,2,0,2,0,2,0,0,0,0,2,0,0,0,0,0,2,2
102,-7152.502,-10204.292,-332.844,-122.285,-0.534496,0.844176,-0.041007,-0.845130,-0.533364,0.035753,0.008310,0.053766,0.998519,0,-0.10769,-0.13711,-6.462,-0.274,-1,375.000,-1,375.000,-1,300.000,325.000,275.000,275.000,-1,400.000,425.000,750.000,675.000,750.000,-1,-1,2,0,2,0,2,0,0,0,0,2,0,0,0,0,0,2,2
103,-7151.613,-10202.888,-332.848,-122.320,-0.534994,0.843856,-0.041093,-0.844817,-0.533867,0.035652,0.008147,0.053790,0.998519,0,-0.02769,-0.01711,-1.662,-0.034,-1,375.000,-1,375.000,-1,300.000,325.000,275.000,275.000,-1,400.000,425.000,750.000,675.000,750.000,-1,-1,2,0,2,0,2,0,0,0,0,2,0,0,0,0,0,2,2
104,-7153.282,-10205.546,-332.826,-122.114,-0.531974,0.845771,-0.040934,-0.846717,-0.530835,0.035835,0.008579,0.053723,0.998519,0,0.05231,0.10289,3.138,0.206,-1,375.000,-1,375.000,-1,300.000,325.000,275.000,275.000,-1,400.000,425.000,750.000,675.000,750.000,-1,-1,2,0,2,0,2,0,0,0,0,2,0,0,0,0,0,2,2
105,-7157.449,-10212.303,-332.775,-121.668,-0.525411,0.849882,-0.040541,-0.850794,-0.524243,0.036313,0.009609,0.053572,0.998518,0,0.13231,0.22289,7.938,0.446,-1,375.000,-1,375.000,-1,300.000,325.000,275.000,275.000,-1,400.000,425.000,775.000,675.000,750.000,-1,-1,2,0,2,0,2,0,0,0,0,2,0,0,0,0,0,2,2
106,-7164.007,-10223.224,-332.692,-120.982,-0.515254,0.856106,-0.039934,-0.856963,-0.514039,0.037111,0.011243,0.053344,0.998513,0,0.21231,0.34289,12.738,0.686,-1,375.000,-1,400.000,-1,300.000,325.000,275.000,300.000,-1,400.000,425.000,775.000,675.000,750.000,-1,-1,2,0,2,0,2,0,0,0,0,2,0,0,0,0,0,2,2
107,-7172.791,-10238.403,-332.524,-120.056,-0.501431,0.864322,-0.038923,-0.865090,-0.500152,0.038299,0.013636,0.052876,0.998508,0,0.29231,0.46289,17.538,0.926,-1,375.000,-1,400.000,-1,325.000,325.000,275.000,300.000,-1,375.000,425.000,775.000,675.000,775.000,-1,-1,2,0,2,0,2,0,0,0,0,2,0,0,0,0,0,2,2
108,-7183.649,-10257.925,-332.299,-119.083,-0.486765,0.872723,-0.037602,-0.873376,-0.485409,0.039916,0.016583,0.052270,0.998495,0,0.37231,0.48682,22.338,0.974,-1,375.000,-1,400.000,-1,325.000,325.000,275.000,300.000,-1,375.000,425.000,775.000,675.000,775.000,-1,-1,2,0,2,0,2,0,0,0,0,2,0,0,0,0,0,2,2
109,-7196.435,-10281.863,-332.042,-118.109,-0.471970,0.880874,-0.036128,-0.881388,-0.470524,0.041970,0.019971,0.051651,0.998465,0,0.45231,0.48682,27.138,0.974,-1,375.000,-1,400.000,-1,325.000,325.000,275.000,300.000,-1,375.000,375.000,800.000,675.000,800.000,-1,-1,2,0,2,0,2,0,0,0,0,2,0,0,0,0,0,2,2
110,-7211.002,-10310.286,-331.760,-117.136,-0.457050,0.888769,-0.034572,-0.889123,-0.455502,0.044478,0.023783,0.051068,0.998412,0,0.53231,0.48682,31.938,0.974,-1,375.000,-1,400.000,-1,325.000,325.000,275.000,300.000,-1,350.000,325.000,800.000,675.000,825.000,-1,-1,2,0,2,0,2,0,0,0,0,2,0,0,0,0,0,2,2
111,-7227.200,-10343.261,-331.320,-116.162,-0.442008,0.896378,-0.033695,-0.896588,-0.440333,0.047296,0.027558,0.051116,0.998312,0,0.61231,0.48682,36.738,0.974,-1,375.000,-1,400.000,-1,325.000,325.000,275.000,300.000,-1,350.000,275.000,800.000,700.000,850.000,-1,-1,2,0,2,0,2,0,0,0,0,2,0,0,0,0,0,2,2
112,-7244.877,-10380.850,-330.480,-115.188,-0.426856,0.903649,-0.034828,-0.903807,-0.424999,0.050091,0.030463,0.052860,0.998137,0,0.69231,0.48682,41.538,0.974,-1,375.000,-1,400.000,-1,325.000,325.000,275.000,300.000,-1,375.000,275.000,800.000,700.000,875.000,-1,-1,2,0,2,0,2,0,0,0,0,2,0,0,0,0,0,2,2
113,-7263.881,-10423.112,-329.533,-114.215,-0.411614,0.910625,-0.036553,-0.910743,-0.409531,0.053215,0.033489,0.055194,0.997914,0,0.77231,0.48682,46.338,0.974,-1,375.000,-1,400.000,-1,325.000,325.000,275.000,300.000,-1,350.000,250.000,800.000,700.000,900.000,-1,-1,2,0,2,0,2,0,0,0,0,2,0,0,0,0,0,2,2
114,-7284.057,-10470.102,-328.260,-113.241,-0.396311,0.917247,-0.039940,-0.917401,-0.393910,0.056664,0.036242,0.059097,0.997594,0,0.85231,0.48682,51.138,0.974,-1,375.000,-1,400.000,-1,325.000,325.000,275.000,275.000,-1,375.000,275.000,800.000,725.000,900.000,-1,-1,2,0,2,0,2,0,0,0,0,2,0,0,0,0,0,2,2
115,-7303.471,-10517.526,-327.018,-112.267,-0.380925,0.923573,-0.043694,-0.923785,-0.378171,0.060064,0.038950,0.063244,0.997238,0,0.85406,0.48682,51.244,0.974,-1,375.000,-1,400.000,-1,325.000,325.000,300.000,275.000,-1,375.000,275.000,800.000,750.000,925.000,-1,-1,2,0,2,0,2,0,0,0,0,2,0,0,0,0,0,2,2
116,-7322.076,-10565.272,-325.614,-111.294,-0.365406,0.929646,-0.047298,-0.929942,-0.362337,0.062609,0.041066,0.066862,0.996917,0,0.85406,0.48682,51.244,0.974,-1,400.000,-1,400.000,-1,325.000,325.000,300.000,275.000,-1,400.000,300.000,800.000,775.000,950.000,-1,-1,2,0,2,0,2,0,0,0,0,2,0,0,0,0,0,2,2
117,-7339.870,-10613.326,-323.516,-110.320,-0.349609,0.935596,-0.049334,-0.935984,-0.346461,0.062439,0.041325,0.068005,0.996829,0,0.85406,0.48682,51.244,0.974,-1,375.000,-1,400.000,-1,325.000,325.000,300.000,275.000,-1,450.000,350.000,800.000,775.000,950.000,-1,-1,2,0,2,0,2,0,0,0,0,2,0,0,0,0,0,2,2
118,-7356.845,-10661.676,-321.246,-109.347,-0.333719,0.941311,-0.050658,-0.941730,-0.330500,0.062566,0.042152,0.068586,0.996754,0,0.85406,0.48682,51.244,0.974,-1,375.000,-1,425.000,-1,325.000,325.000,300.000,275.000,-1,500.000,400.000,800.000,775.000,975.000,-1,-1,2,0,2,0,2,0,0,0,0,2,0,0,0,0,0,2,2
119,-7372.996,-10710.307,-318.990,-108.373,-0.317741,0.946744,-0.052113,-0.947202,-0.314442,0.062718,0.042992,0.069289,0.996670,0,0.85406,0.48682,51.244,0.974,-1,375.000,-1,425.000,-1,325.000,325.000,300.000,275.000,-1,550.000,450.000,800.000,775.000,975.000,-1,-1,2,0,2,0,2,0,0,0,0,2,0,0,0,0,0,2,2
120,-7388.318,-10759.206,-316.742,-107.399,-0.301680,0.951896,-0.053688,-0.952400,-0.298293,0.062891,0.043851,0.070105,0.996575,0,0.85406,0.48682,51.244,0.974,-1,375.000,-1,425.000,-1,325.000,325.000,300.000,275.000,-1,600.000,475.000,825.000,800.000,1000.000,-1,-1,2,0,2,0,2,0,0,0,0,2,0,0,0,0,0,2,2
121,-7402.807,-10808.358,-314.455,-106.426,-0.285527,0.956776,-0.055258,-0.957332,-0.282060,0.062915,0.044609,0.070864,0.996488,0,0.85406,0.48682,51.244,0.974,-1,375.000,-1,425.000,-1,325.000,325.000,300.000,275.000,-1,625.000,525.000,825.000,800.000,1000.000,-1,-1,2,0,2,0,2,0,0,0,0,2,0,0,0,0,0,2,2
122,-7416.460,-10857.748,-312.021,-105.452,-0.269253,0.961409,-0.056524,-0.962019,-0.265755,0.062406,0.044976,0.071180,0.996449,0,0.85406,0.48682,51.244,0.974,-1,400.000,-1,425.000,-1,325.000,325.000,300.000,300.000,-1,700.000,575.000,850.000,800.000,-1,-1,-1,2,0,2,0,2,0,0,0,0,2,0,0,0,0,2,2,2
123,-7429.270,-10907.364,-309.622,-104.478,-0.252922,0.965748,-0.057971,-0.966416,-0.249370,0.062081,0.045498,0.071726,0.996386,0,0.85406,0.48682,51.244,0.974,-1,400.000,-1,425.000,-1,325.000,325.000,300.000,300.000,-1,750.000,650.000,875.000,800.000,-1,-1,-1,2,0,2,0,2,0,0,0,0,2,0,0,0,0,2,2,2
124,-7441.236,-10957.190,-307.253,-103.505,-0.236538,0.969793,-0.059591,-0.970524,-0.232911,0.061926,0.046175,0.072483,0.996300,0,0.85406,0.48682,51.244,0.974,-1,400.000,-1,425.000,-1,325.000,325.000,300.000,300.000,-1,800.000,675.000,900.000,800.000,-1,-1,-1,2,0,2,0,2,0,0,0,0,2,0,0,0,0,2,2,2
125,-7452.353,-11007.213,-304.906,-102.531,-0.220107,0.973543,-0.061376,-0.974342,-0.216384,0.061926,0.047007,0.073431,0.996192,0,0.85406,0.48682,51.244,0.974,-1,400.000,-1,425.000,-1,325.000,325.000,300.000,300.000,-1,825.000,725.000,900.000,825.000,-1,-1,-1,2,0,2,0,2,0,0,0,0,2,0,0,0,0,2,2,2
126,-7462.618,-11057.417,-302.574,-101.557,-0.203634,0.976998,-0.063313,-0.977870,-0.199793,0.062070,0.047993,0.074552,0.996062,0,0.85406,0.48682,51.244,0.974,-1,400.000,-1,425.000,-1,325.000,325.000,300.000,300.000,-1,875.000,775.000,925.000,850.000,-1,-1,-1,2,0,2,0,2,0,0,0,0,2,0,0,0,0,2,2,2
127,-7472.029,-11107.789,-300.214,-100.584,-0.187123,0.980147,-0.065558,-0.981113,-0.183143,0.062256,0.049014,0.075969,0.995905,0,0.85406,0.48682,51.244,0.974,-1,400.000,-1,425.000,-1,325.000,325.000,300.000,300.000,-1,900.000,800.000,950.000,900.000,-1,-1,-1,2,0,2,0,2,0,0,0,0,2,0,0,0,0,2,2,2
128,-7480.626,-11157.310,-298.180,-99.850,-0.174559,0.982359,-0.067078,-0.983441,-0.170570,0.061236,0.048714,0.076657,0.995867,0,0.83772,0.36682,50.263,0.734,-1,400.000,-1,425.000,-1,325.000,325.000,300.000,300.000,-1,975.000,850.000,975.000,925.000,-1,-1,-1,2,0,2,0,2,0,0,0,0,2,0,0,0,0,2,2,2
129,-7488.797,-11206.904,-296.099,-99.357,-0.166040,0.983741,-0.068441,-0.984967,-0.162091,0.059724,0.047659,0.077328,0.995866,0,0.83772,0.24682,50.263,0.494,-1,400.000,-1,425.000,-1,325.000,325.000,300.000,300.000,-1,-1,925.000,1000.000,950.000,-1,-1,-1,2,0,2,0,2,0,0,0,0,2,2,0,0,0,2,2,2
130,-7496.693,-11256.543,-294.114,-99.038,-0.160482,0.984534,-0.070278,-0.985983,-0.156611,0.057537,0.045641,0.078527,0.995867,0,0.83772,0.15910,50.263,0.318,-1,400.000,-1,425.000,-1,325.000,325.000,300.000,300.000,-1,-1,-1,-1,950.000,-1,-1,-1,2,0,2,0,2,0,0,0,0,2,2,2,2,0,2,2,2
