timestep,x_cm,y_cm,z_cm,yaw_deg,basis_xx,basis_xy,basis_xz,basis_yx,basis_yy,basis_yz,basis_zx,basis_zy,basis_zz,teleport_flag,throttle_cmd,steering_cmd,cmd_move_cm,cmd_turn_deg,lidar_cm_0,lidar_cm_1,lidar_cm_2,lidar_cm_3,lidar_cm_4,lidar_cm_5,lidar_cm_6,lidar_cm_7,lidar_cm_8,lidar_cm_9,lidar_cm_10,lidar_cm_11,lidar_cm_12,lidar_cm_13,lidar_cm_14,lidar_cm_15,lidar_cm_16,lidar_class_0,lidar_class_1,lidar_class_2,lidar_class_3,lidar_class_4,lidar_class_5,lidar_class_6,lidar_class_7,lidar_class_8,lidar_class_9,lidar_class_10,lidar_class_11,lidar_class_12,lidar_class_13,lidar_class_14,lidar_class_15,lidar_class_16
0,4920.154,-4914.737,198.690,81.556,0.145083,-0.985398,-0.089114,0.989219,0.146278,-0.006993,0.019927,-0.087139,0.995997,1,0.08000,-0.12000,4.800,-0.240,-1,375.000,-1,375.000,-1,300.000,300.000,325.000,325.000,600.000,-1,-1,-1,700.000,675.000,-1,-1,2,0,2,0,2,0,0,0,0,1,2,2,2,0,0,2,2
1,4921.643,-4905.253,198.892,81.076,0.153267,-0.984141,-0.089306,0.987961,0.154529,-0.007346,0.021030,-0.087104,0.995977,0,0.16000,-0.24000,9.600,-0.480,-1,375.000,-1,375.000,-1,300.000,300.000,325.000,325.000,600.000,-1,-1,-1,700.000,675.000,-1,-1,2,0,2,0,2,0,0,0,0,1,2,2,2,0,0,2,2
2,4924.036,-4891.052,199.210,80.436,0.164167,-0.982355,-0.089594,0.986174,0.165524,-0.007879,0.022570,-0.087062,0.995947,0,0.24000,-0.32033,14.400,-0.641,-1,375.000,-1,375.000,-1,300.000,300.000,325.000,325.000,600.000,-1,-1,-1,700.000,675.000,-1,-1,2,0,2,0,2,0,0,0,0,1,2,2,2,0,0,2,2
3,4927.441,-4872.156,199.653,79.788,0.175152,-0.980421,-0.089978,0.984241,0.176623,-0.008596,0.024320,-0.087054,0.995907,0,0.32000,-0.32399,19.200,-0.648,-1,375.000,-1,375.000,-1,300.000,300.000,325.000,325.000,600.000,-1,-1,-1,700.000,675.000,-1,-1,2,0,2,0,2,0,0,0,0,1,2,2,2,0,0,2,2
4,4931.967,-4848.586,200.232,79.130,0.186264,-0.978326,-0.090460,0.982148,0.187870,-0.009499,0.026288,-0.087076,0.995855,0,0.40000,-0.32900,24.000,-0.658,-1,375.000,-1,375.000,-1,300.000,300.000,325.000,325.000,600.000,-1,-1,-1,700.000,675.000,-1,-1,2,0,2,0,2,0,0,0,0,1,2,2,2,0,0,2,2
5,4937.730,-4820.368,200.959,78.459,0.197550,-0.976056,-0.091045,0.979879,0.199312,-0.010591,0.028484,-0.087121,0.995790,0,0.48000,-0.33545,28.800,-0.671,-1,375.000,-1,375.000,-1,300.000,300.000,325.000,325.000,600.000,875.000,-1,-1,700.000,675.000,-1,-1,2,0,2,0,2,0,0,0,0,1,0,2,2,0,0,2,2
6,4944.847,-4787.530,201.850,77.772,0.209057,-0.973591,-0.091737,0.977415,0.210997,-0.011873,0.030916,-0.087183,0.995712,0,0.56000,-0.34342,33.600,-0.687,-1,375.000,-1,375.000,-1,300.000,300.000,325.000,325.000,625.000,450.000,450.000,-1,700.000,675.000,-1,-1,2,0,2,0,2,0,0,0,0,1,0,0,2,0,0,2,2
7,4953.443,-4750.103,202.919,77.066,0.220835,-0.970911,-0.092542,0.974733,0.222976,-0.013347,0.033593,-0.087256,0.995619,0,0.64000,-0.35301,38.400,-0.706,-1,375.000,-1,375.000,-1,300.000,300.000,325.000,325.000,625.000,425.000,425.000,-1,700.000,675.000,-1,-1,2,0,2,0,2,0,0,0,0,1,0,0,2,0,0,2,2
8,4963.488,-4708.783,204.164,76.337,0.232938,-0.967991,-0.093453,0.971806,0.235303,-0.014987,0.036497,-0.087327,0.995511,0,0.70872,-0.36431,42.523,-0.729,-1,375.000,-1,375.000,-1,300.000,300.000,325.000,325.000,650.000,400.000,400.000,-1,700.000,675.000,-1,-1,2,0,2,0,2,0,0,0,0,1,0,0,2,0,0,2,2
9,4974.114,-4667.452,205.527,75.583,0.245455,-0.964823,-0.094171,0.968611,0.248033,-0.016538,0.039313,-0.087156,0.995419,0,0.71123,-0.37723,42.674,-0.754,-1,375.000,-1,375.000,-1,300.000,300.000,325.000,325.000,675.000,375.000,375.000,-1,700.000,700.000,-1,-1,2,0,2,0,2,0,0,0,0,1,0,0,2,0,0,2,2
10,4985.356,-4626.078,207.244,74.802,0.258449,-0.961465,-0.093753,0.965117,0.261194,-0.018083,0.041874,-0.085809,0.995431,0,0.71456,-0.39058,42.873,-0.781,-1,375.000,-1,375.000,-1,300.000,300.000,325.000,325.000,700.000,400.000,375.000,-1,700.000,700.000,-1,-1,2,0,2,0,2,0,0,0,0,1,0,0,2,0,0,2,2
11,4997.249,-4584.629,209.130,73.993,0.271846,-0.957827,-0.093095,0.961298,0.274780,-0.020047,0.044782,-0.084042,0.995455,0,0.71867,-0.40437,43.120,-0.809,-1,375.000,-1,375.000,-1,300.000,300.000,325.000,325.000,750.000,400.000,375.000,-1,700.000,700.000,-1,-1,2,0,2,0,2,0,0,0,0,1,0,0,2,0,0,2,2
12,5009.831,-4543.078,211.104,73.156,0.285668,-0.953857,-0.092471,0.957138,0.288790,-0.022070,0.047756,-0.082203,0.995471,0,0.72357,-0.41859,43.414,-0.837,-1,375.000,-1,375.000,-1,300.000,300.000,325.000,300.000,800.000,400.000,375.000,-1,725.000,700.000,-1,-1,2,0,2,0,2,0,0,0,0,1,0,0,2,0,0,2,2
13,5023.144,-4501.397,213.404,72.289,0.299941,-0.949465,-0.092481,0.952640,0.303209,-0.023252,0.050118,-0.081127,0.995443,0,0.72923,-0.43326,43.754,-0.867,-1,375.000,-1,375.000,-1,300.000,300.000,325.000,300.000,850.000,425.000,375.000,-1,725.000,700.000,-1,-1,2,0,2,0,2,0,0,0,0,1,0,0,2,0,0,2,2
14,5037.229,-4459.565,215.925,71.393,0.314591,-0.944658,-0.093026,0.947754,0.318050,-0.024649,0.052872,-0.080412,0.995358,0,0.73565,-0.44836,44.139,-0.897,-1,375.000,-1,375.000,-1,300.000,300.000,325.000,300.000,925.000,450.000,400.000,-1,750.000,700.000,-1,-1,2,0,2,0,2,0,0,0,0,1,0,0,2,0,0,2,2
15,5052.134,-4417.562,218.559,70.465,0.329670,-0.939443,-0.093619,0.942451,0.333326,-0.026090,0.055716,-0.079631,0.995266,0,0.74281,-0.46392,44.569,-0.928,-1,375.000,-1,375.000,-1,300.000,300.000,325.000,300.000,1000.000,450.000,425.000,-1,750.000,725.000,-1,-1,2,0,2,0,2,0,0,0,0,1,0,0,2,0,0,2,2
16,5067.906,-4375.371,221.273,69.505,0.345188,-0.933783,-0.094305,0.936708,0.349038,-0.027414,0.058515,-0.078873,0.995166,0,0.75070,-0.47994,45.042,-0.960,-1,375.000,-1,375.000,-1,325.000,300.000,325.000,300.000,-1,475.000,450.000,-1,775.000,725.000,-1,-1,2,0,2,0,2,0,0,0,0,2,0,0,2,0,0,2,2
17,5082.759,-4337.969,223.732,68.342,0.363904,-0.926574,-0.095050,0.929418,0.367934,-0.028395,0.061282,-0.078009,0.995067,0,0.67070,-0.58118,40.242,-1.162,-1,375.000,-1,375.000,-1,325.000,325.000,325.000,325.000,-1,500.000,450.000,-1,775.000,750.000,-1,-1,2,0,2,0,2,0,0,0,0,2,0,0,2,0,0,2,2
18,5096.523,-4305.308,225.963,67.150,0.382969,-0.918788,-0.095723,0.921547,0.387164,-0.029235,0.063922,-0.077017,0.994979,0,0.59070,-0.59616,35.442,-1.192,-1,375.000,-1,375.000,-1,325.000,325.000,325.000,325.000,-1,500.000,475.000,-1,800.000,750.000,-1,-1,2,0,2,0,2,0,0,0,0,2,0,0,2,0,0,2,2
19,5109.639,-4275.948,228.048,65.931,0.402308,-0.910420,-0.096348,0.913088,0.406660,-0.029976,0.066472,-0.075915,0.994896,0,0.53593,-0.60957,32.156,-1.219,-1,375.000,-1,375.000,-1,325.000,325.000,325.000,325.000,-1,525.000,475.000,-1,800.000,775.000,-1,-1,2,0,2,0,2,0,0,0,0,2,0,0,2,0,0,2,2
20,5123.571,-4246.495,230.223,64.687,0.421858,-0.901460,-0.096983,0.904030,0.426365,-0.030708,0.069032,-0.074721,0.994812,0,0.54301,-0.62190,32.581,-1.244,-1,375.000,-1,375.000,-1,325.000,325.000,325.000,325.000,-1,550.000,500.000,-1,800.000,775.000,-1,-1,2,0,2,0,2,0,0,0,0,2,0,0,2,0,0,2,2
21,5138.355,-4216.953,232.494,63.418,0.441608,-0.891881,-0.097625,0.894347,0.446269,-0.031429,0.071598,-0.073431,0.994727,0,0.55055,-0.63457,33.033,-1.269,-1,400.000,-1,375.000,-1,325.000,325.000,325.000,325.000,-1,550.000,525.000,-1,825.000,800.000,-1,-1,2,0,2,0,2,0,0,0,0,2,0,0,2,0,0,2,2
22,5154.027,-4187.329,234.864,62.123,0.461546,-0.881656,-0.098274,0.884010,0.466361,-0.032140,0.074168,-0.072041,0.994640,0,0.55856,-0.64756,33.514,-1.295,-1,400.000,-1,400.000,-1,325.000,325.000,325.000,325.000,-1,575.000,525.000,-1,825.000,800.000,-1,-1,2,0,2,0,2,0,0,0,0,2,0,0,2,0,0,2,2
23,5170.626,-4157.630,237.339,60.801,0.481659,-0.870757,-0.098926,0.872993,0.486627,-0.032840,0.076736,-0.070544,0.994553,0,0.56703,-0.66089,34.022,-1.322,-1,400.000,-1,400.000,-1,325.000,325.000,325.000,325.000,-1,575.000,550.000,-1,825.000,825.000,-1,-1,2,0,2,0,2,0,0,0,0,2,0,0,2,0,0,2,2
24,5188.191,-4127.870,239.924,59.452,0.501932,-0.859155,-0.099579,0.861264,0.507050,-0.033528,0.079297,-0.068936,0.994465,0,0.57593,-0.67456,34.556,-1.349,-1,400.000,-1,400.000,-1,325.000,325.000,300.000,325.000,-1,575.000,550.000,-1,825.000,850.000,-1,-1,2,0,2,0,2,0,0,0,0,2,0,0,2,0,0,2,2
25,5206.763,-4098.066,242.720,58.075,0.522464,-0.846866,-0.099244,0.848782,0.527642,-0.034090,0.081236,-0.066426,0.994479,0,0.58527,-0.68857,35.116,-1.377,-1,400.000,-1,400.000,-1,325.000,325.000,300.000,325.000,-1,600.000,550.000,-1,850.000,850.000,-1,-1,2,0,2,0,2,0,0,0,0,2,0,0,2,0,0,2,2
26,5226.383,-4068.238,245.591,56.669,0.543159,-0.833822,-0.098581,0.835521,0.548364,-0.034661,0.082960,-0.063540,0.994525,0,0.59503,-0.70293,35.702,-1.406,-1,400.000,-1,400.000,-1,325.000,325.000,300.000,325.000,-1,650.000,600.000,-1,850.000,850.000,-1,-1,2,0,2,0,2,0,0,0,0,2,0,0,2,0,0,2,2
27,5246.967,-4038.577,248.563,55.244,0.563817,-0.820079,-0.097881,0.821552,0.569041,-0.035282,0.084632,-0.060522,0.994573,0,0.60171,-0.71264,36.103,-1.425,-1,400.000,-1,400.000,-1,325.000,325.000,300.000,325.000,-1,700.000,625.000,-1,850.000,850.000,-1,-1,2,0,2,0,2,0,0,0,0,2,0,0,2,0,0,2,2
28,5268.282,-4009.437,251.459,53.819,0.584142,-0.805792,-0.097351,0.807109,0.589351,-0.035214,0.085749,-0.058003,0.994627,0,0.60171,-0.71264,36.103,-1.425,-1,400.000,-1,400.000,-1,325.000,325.000,300.000,325.000,-1,750.000,675.000,-1,875.000,850.000,-1,-1,2,0,2,0,2,0,0,0,0,2,0,0,2,0,0,2,2
29,5290.314,-3980.836,254.352,52.393,0.604118,-0.790989,-0.096843,0.792180,0.609292,-0.034834,0.086559,-0.055673,0.994690,0,0.60171,-0.71264,36.103,-1.425,-1,400.000,-1,400.000,-1,325.000,325.000,300.000,325.000,-1,825.000,750.000,-1,900.000,875.000,-1,-1,2,0,2,0,2,0,0,0,0,2,0,0,2,0,0,2,2
30,5313.052,-3952.793,257.316,50.968,0.623729,-0.775692,-0.096249,0.776751,0.628862,-0.034514,0.087299,-0.053234,0.994759,0,0.60171,-0.71264,36.103,-1.425,-1,400.000,-1,400.000,-1,325.000,325.000,300.000,325.000,-1,925.000,825.000,-1,925.000,875.000,-1,-1,2,0,2,0,2,0,0,0,0,2,0,0,2,0,0,2,2
31,5336.479,-3925.323,260.334,49.543,0.642955,-0.759909,-0.095640,0.760831,0.648046,-0.034254,0.088009,-0.050742,0.994826,0,0.60171,-0.71264,36.103,-1.425,-1,400.000,-1,400.000,-1,325.000,325.000,300.000,325.000,-1,1000.000,900.000,-1,925.000,900.000,-1,-1,2,0,2,0,2,0,0,0,0,2,0,0,2,0,0,2,2
32,5360.583,-3898.444,263.352,48.117,0.661753,-0.743641,-0.095294,0.744438,0.666824,-0.034038,0.088856,-0.048416,0.994867,0,0.60171,-0.71264,36.103,-1.425,-1,400.000,-1,400.000,-1,325.000,325.000,300.000,325.000,-1,-1,975.000,-1,950.000,925.000,-1,-1,2,0,2,0,2,0,0,0,0,2,2,0,2,0,0,2,2
33,5385.348,-3872.174,266.429,46.692,0.680146,-0.726908,-0.094900,0.727575,0.685192,-0.033871,0.089646,-0.046010,0.994910,0,0.60171,-0.71264,36.103,-1.425,-1,400.000,-1,400.000,-1,325.000,325.000,325.000,325.000,-1,-1,-1,-1,975.000,950.000,-1,-1,2,0,2,0,2,0,0,0,0,2,2,2,2,0,0,2,2
34,5410.758,-3846.527,269.624,45.267,0.698125,-0.709712,-0.094496,0.710271,0.703132,-0.033474,0.090200,-0.043748,0.994962,0,0.60171,-0.71264,36.103,-1.425,-1,425.000,-1,400.000,-1,325.000,325.000,325.000,325.000,-1,-1,-1,-1,1000.000,975.000,-1,-1,2,0,2,0,2,0,0,0,0,2,2,2,2,0,0,2,2
35,5436.798,-3821.520,272.905,43.842,0.715678,-0.692069,-0.094049,0.692529,0.720636,-0.032988,0.090605,-0.041523,0.995021,0,0.60171,-0.71264,36.103,-1.425,-1,425.000,-1,400.000,-1,325.000,325.000,325.000,325.000,-1,-1,-1,-1,1000.000,975.000,-1,-1,2,0,2,0,2,0,0,0,0,2,2,2,2,0,0,2,2
36,5463.453,-3797.169,276.237,42.416,0.732791,-0.673994,-0.093540,0.674347,0.737696,-0.032570,0.090956,-0.039212,0.995083,0,0.60171,-0.71264,36.103,-1.425,-1,425.000,-1,400.000,-1,325.000,325.000,325.000,325.000,-1,-1,-1,-1,-1,1000.000,-1,-1,2,0,2,0,2,0,0,0,0,2,2,2,2,2,0,2,2
37,5490.704,-3773.488,279.617,40.991,0.749454,-0.655496,-0.092974,0.655738,0.754301,-0.032223,0.091252,-0.036817,0.995147,0,0.60171,-0.71264,36.103,-1.425,-1,425.000,-1,400.000,-1,325.000,325.000,325.000,325.000,-1,-1,-1,-1,-1,-1,-1,-1,2,0,2,0,2,0,0,0,0,2,2,2,2,2,2,2,2
38,5518.536,-3750.493,282.914,39.566,0.765663,-0.636576,-0.092368,0.636763,0.770425,-0.031275,0.091071,-0.034870,0.995234,0,0.60171,-0.71264,36.103,-1.425,-1,425.000,-1,400.000,-1,325.000,325.000,325.000,325.000,-1,-1,-1,-1,-1,-1,-1,-1,2,0,2,0,2,0,0,0,0,2,2,2,2,2,2,2,2
39,5546.931,-3728.196,286.148,38.140,0.781408,-0.617249,-0.091676,0.617426,0.786063,-0.029840,0.090482,-0.033286,0.995342,0,0.60171,-0.71264,36.103,-1.425,-1,425.000,-1,400.000,-1,325.000,325.000,325.000,325.000,-1,-1,-1,-1,-1,-1,-1,-1,2,0,2,0,2,0,0,0,0,2,2,2,2,2,2,2,2
40,5575.872,-3706.613,289.413,36.715,0.796674,-0.597538,-0.090877,0.597701,0.801215,-0.028431,0.089800,-0.031667,0.995456,0,0.60171,-0.71264,36.103,-1.425,-1,425.000,-1,400.000,-1,325.000,325.000,325.000,325.000,-1,-1,-1,-1,-1,-1,-1,-1,2,0,2,0,2,0,0,0,0,2,2,2,2,2,2,2,2
41,5605.341,-3685.757,292.709,35.290,0.811451,-0.577454,-0.089970,0.577600,0.815872,-0.027056,0.089027,-0.030012,0.995577,0,0.60171,-0.71264,36.103,-1.425,-1,425.000,-1,400.000,-1,325.000,325.000,325.000,325.000,-1,-1,-1,-1,-1,-1,-1,-1,2,0,2,0,2,0,0,0,0,2,2,2,2,2,2,2,2
42,5635.319,-3665.639,296.032,33.865,0.825728,-0.557009,-0.088957,0.557135,0.830023,-0.025723,0.088164,-0.028321,0.995703,0,0.60171,-0.71264,36.103,-1.425,-1,425.000,-1,400.000,-1,325.000,325.000,325.000,325.000,-1,-1,-1,-1,-1,-1,-1,-1,2,0,2,0,2,0,0,0,0,2,2,2,2,2,2,2,2
43,5665.789,-3646.274,299.251,32.439,0.839436,-0.536209,-0.088472,0.536348,0.843649,-0.024220,0.087626,-0.027120,0.995784,0,0.60171,-0.71264,36.103,-1.425,-1,425.000,-1,425.000,-1,325.000,325.000,325.000,325.000,-1,-1,-1,-1,-1,-1,-1,-1,2,0,2,0,2,0,0,0,0,2,2,2,2,2,2,2,2
44,5696.730,-3627.672,302.409,31.014,0.852589,-0.515072,-0.088283,0.515244,0.856746,-0.022589,0.087272,-0.026228,0.995839,0,0.60171,-0.71264,36.103,-1.425,-1,425.000,-1,425.000,-1,325.000,325.000,300.000,325.000,-1,-1,-1,-1,-1,-1,-1,-1,2,0,2,0,2,0,0,0,0,2,2,2,2,2,2,2,2
45,5728.125,-3609.846,305.594,29.589,0.865222,-0.493614,-0.087956,0.493816,0.869313,-0.020982,0.086818,-0.025280,0.995903,0,0.60171,-0.71264,36.103,-1.425,-1,425.000,-1,425.000,-1,325.000,325.000,300.000,325.000,-1,-1,-1,-1,-1,-1,-1,-1,2,0,2,0,2,0,0,0,0,2,2,2,2,2,2,2,2
46,5759.954,-3592.806,308.721,28.164,0.877318,-0.471854,-0.087560,0.472048,0.881351,-0.019792,0.086510,-0.023968,0.995963,0,0.60171,-0.71264,36.103,-1.425,-1,425.000,-1,425.000,-1,325.000,350.000,300.000,325.000,-1,-1,-1,-1,-1,-1,-1,-1,2,0,2,0,2,0,0,0,0,2,2,2,2,2,2,2,2
47,5792.196,-3576.563,311.847,26.738,0.888874,-0.449801,-0.087071,0.449973,0.892845,-0.018757,0.086178,-0.022507,0.996025,0,0.60171,-0.71264,36.103,-1.425,-1,425.000,-1,450.000,-1,350.000,350.000,300.000,325.000,-1,-1,-1,-1,-1,-1,-1,-1,2,0,2,0,2,0,0,0,0,2,2,2,2,2,2,2,2
48,5824.833,-3561.127,314.991,25.313,0.899884,-0.427469,-0.086479,0.427613,0.903787,-0.017787,0.085762,-0.020973,0.996095,0,0.60171,-0.71264,36.103,-1.425,-1,425.000,-1,450.000,-1,350.000,350.000,300.000,325.000,-1,-1,-1,-1,-1,-1,-1,-1,2,0,2,0,2,0,0,0,0,2,2,2,2,2,2,2,2
49,5853.401,-3548.332,317.485,24.128,0.908714,-0.408700,-0.084869,0.408754,0.912476,-0.017540,0.084609,-0.018752,0.996238,0,0.52171,-0.59264,31.303,-1.185,-1,450.000,-1,450.000,-1,350.000,350.000,300.000,325.000,-1,-1,-1,-1,-1,-1,-1,-1,2,0,2,0,2,0,0,0,0,2,2,2,2,2,2,2,2
50,5877.763,-3537.899,319.516,23.182,0.915515,-0.393606,-0.083106,0.393561,0.919130,-0.017609,0.083316,-0.016585,0.996385,0,0.44171,-0.47264,26.503,-0.945,-1,450.000,-1,450.000,-1,350.000,350.000,300.000,325.000,-1,-1,-1,-1,-1,-1,-1,-1,2,0,2,0,2,0,0,0,0,2,2,2,2,2,2,2,2
51,5897.817,-3529.602,321.183,22.477,0.920435,-0.382273,-0.081652,0.382151,0.923930,-0.017727,0.082217,-0.014887,0.996503,0,0.36171,-0.35264,21.703,-0.705,-1,450.000,-1,450.000,-1,350.000,350.000,300.000,325.000,-1,-1,-1,-1,-1,-1,-1,-1,2,0,2,0,2,0,0,0,0,2,2,2,2,2,2,2,2
52,5913.488,-3523.267,322.483,22.012,0.923617,-0.374764,-0.080520,0.374588,0.927020,-0.017853,0.081334,-0.013672,0.996593,0,0.28171,-0.23264,16.903,-0.465,-1,450.000,-1,450.000,-1,350.000,350.000,300.000,325.000,-1,-1,-1,-1,-1,-1,-1,-1,2,0,2,0,2,0,0,0,0,2,2,2,2,2,2,2,2
53,5924.737,-3518.802,323.414,21.646,0.926068,-0.368844,-0.079700,0.368627,0.929404,-0.017958,0.080697,-0.012749,0.996657,0,0.20171,-0.18285,12.103,-0.366,-1,450.000,-1,450.000,-1,350.000,350.000,300.000,325.000,-1,-1,-1,-1,-1,-1,-1,-1,2,0,2,0,2,0,0,0,0,2,2,2,2,2,2,2,2
54,5931.542,-3516.152,323.978,21.280,0.928454,-0.362908,-0.079187,0.362657,0.931748,-0.018030,0.080326,-0.011978,0.996697,0,0.12171,-0.18285,7.303,-0.366,-1,450.000,-1,450.000,-1,350.000,350.000,300.000,325.000,-1,-1,-1,-1,-1,-1,-1,-1,2,0,2,0,2,0,0,0,0,2,2,2,2,2,2,2,2
55,5933.880,-3515.258,324.173,20.915,0.930776,-0.356956,-0.078985,0.356680,0.934052,-0.018059,0.080222,-0.011364,0.996712,0,0.04171,-0.18285,2.503,-0.366,-1,450.000,-1,450.000,-1,350.000,350.000,300.000,325.000,-1,-1,-1,-1,-1,-1,-1,-1,2,0,2,0,2,0,0,0,0,2,2,2,2,2,2,2,2
56,5931.729,-3516.065,323.999,20.549,0.933033,-0.350988,-0.079096,0.350694,0.936316,-0.018034,0.080388,-0.010912,0.996704,0,-0.03829,-0.18285,-2.297,-0.366,-1,450.000,-1,450.000,-1,350.000,350.000,300.000,325.000,-1,-1,-1,-1,-1,-1,-1,-1,2,0,2,0,2,0,0,0,0,2,2,2,2,2,2,2,2
57,5925.068,-3518.513,323.456,20.183,0.935226,-0.345006,-0.079521,0.344703,0.938540,-0.017944,0.080824,-0.010630,0.996672,0,-0.11829,-0.18285,-7.097,-0.366,-1,450.000,-1,450.000,-1,350.000,350.000,300.000,325.000,-1,-1,-1,-1,-1,-1,-1,-1,2,0,2,0,2,0,0,0,0,2,2,2,2,2,2,2,2
58,5913.876,-3522.547,322.544,19.818,0.937353,-0.339009,-0.080260,0.338706,0.940724,-0.017777,0.081529,-0.010521,0.996615,0,-0.19829,-0.18285,-11.897,-0.366,-1,450.000,-1,450.000,-1,350.000,350.000,300.000,325.000,-1,-1,-1,-1,-1,-1,-1,-1,2,0,2,0,2,0,0,0,0,2,2,2,2,2,2,2,2
59,5898.132,-3528.107,321.261,19.452,0.939415,-0.332997,-0.081311,0.332705,0.942868,-0.017522,0.082500,-0.010592,0.996535,0,-0.27829,-0.18285,-16.697,-0.366,-1,450.000,-1,450.000,-1,350.000,350.000,300.000,325.000,-1,-1,-1,-1,-1,-1,-1,-1,2,0,2,0,2,0,0,0,0,2,2,2,2,2,2,2,2
60,5878.697,-3534.832,319.680,19.086,0.941417,-0.326972,-0.082610,0.326699,0.944972,-0.017180,0.083681,-0.010815,0.996434,0,-0.34276,-0.18285,-20.565,-0.366,-1,450.000,-1,450.000,-1,350.000,350.000,300.000,325.000,-1,-1,-1,-1,-1,-1,-1,-1,2,0,2,0,2,0,0,0,0,2,2,2,2,2,2,2,2
61,5863.787,-3539.954,318.466,18.961,0.942046,-0.324896,-0.083618,0.324649,0.945683,-0.016913,0.084571,-0.011213,0.996354,0,-0.26276,-0.06285,-15.765,-0.126,-1,450.000,-1,450.000,-1,350.000,350.000,300.000,325.000,-1,-1,-1,-1,-1,-1,-1,-1,2,0,2,0,2,0,0,0,0,2,2,2,2,2,2,2,2
62,5853.424,-3543.538,317.618,19.075,0.941330,-0.326780,-0.084341,0.326563,0.945027,-0.016744,0.085176,-0.011781,0.996296,0,-0.18276,0.05715,-10.965,0.114,-1,450.000,-1,450.000,-1,350.000,350.000,300.000,325.000,-1,-1,-1,-1,-1,-1,-1,-1,2,0,2,0,2,0,0,0,0,2,2,2,2,2,2,2,2
63,5847.610,-3545.589,317.139,19.429,0.939244,-0.332614,-0.084782,0.332431,0.942980,-0.016679,0.085496,-0.012518,0.996260,0,-0.10276,0.17715,-6.165,0.354,-1,450.000,-1,450.000,-1,350.000,350.000,300.000,325.000,-1,-1,-1,-1,-1,-1,-1,-1,2,0,2,0,2,0,0,0,0,2,2,2,2,2,2,2,2
64,5846.327,-3546.056,317.029,20.023,0.935716,-0.342373,-0.084946,0.342228,0.939468,-0.016717,0.085528,-0.013429,0.996245,0,-0.02276,0.29715,-1.365,0.594,-1,450.000,-1,450.000,-1,350.000,350.000,300.000,325.000,-1,-1,-1,-1,-1,-1,-1,-1,2,0,2,0,2,0,0,0,0,2,2,2,2,2,2,2,2
65,5849.536,-3544.833,317.289,20.858,0.930623,-0.356011,-0.084838,0.355908,0.934369,-0.016840,0.085265,-0.014522,0.996252,0,0.05724,0.41715,3.435,0.834,-1,450.000,-1,450.000,-1,350.000,350.000,300.000,325.000,-1,-1,-1,-1,-1,-1,-1,-1,2,0,2,0,2,0,0,0,0,2,2,2,2,2,2,2,2
66,5857.175,-3541.760,317.921,21.912,0.923927,-0.373129,-0.084458,0.373075,0.927645,-0.017019,0.084698,-0.015785,0.996282,0,0.13724,0.52696,8.235,1.054,-1,450.000,-1,450.000,-1,350.000,350.000,300.000,325.000,-1,-1,-1,-1,-1,-1,-1,-1,2,0,2,0,2,0,0,0,0,2,2,2,2,2,2,2,2
67,5869.177,-3536.674,318.924,22.966,0.916943,-0.390122,-0.083785,0.390109,0.920608,-0.017202,0.083844,-0.016913,0.996335,0,0.21724,0.52696,13.035,1.054,-1,450.000,-1,450.000,-1,350.000,350.000,300.000,325.000,-1,-1,-1,-1,-1,-1,-1,-1,2,0,2,0,2,0,0,0,0,2,2,2,2,2,2,2,2
68,5885.467,-3529.415,320.297,24.019,0.909674,-0.406982,-0.082824,0.407006,0.913261,-0.017355,0.082704,-0.017922,0.996413,0,0.29724,0.52696,17.835,1.054,-1,450.000,-1,450.000,-1,350.000,350.000,300.000,325.000,-1,-1,-1,-1,-1,-1,-1,-1,2,0,2,0,2,0,0,0,0,2,2,2,2,2,2,2,2
69,5905.968,-3519.823,321.995,25.073,0.902135,-0.423705,-0.081400,0.423753,0.905608,-0.017540,0.081148,-0.018670,0.996527,0,0.37724,0.52696,22.635,1.054,-1,450.000,-1,450.000,-1,350.000,350.000,300.000,325.000,-1,-1,-1,-1,-1,-1,-1,-1,2,0,2,0,2,0,0,0,0,2,2,2,2,2,2,2,2
70,5930.598,-3507.741,323.867,26.127,0.894383,-0.440291,-0.078889,0.440316,0.897662,-0.018009,0.078745,-0.018629,0.996721,0,0.45724,0.52696,27.435,1.054,-1,450.000,-1,450.000,-1,350.000,350.000,300.000,325.000,-1,-1,-1,-1,-1,-1,-1,-1,2,0,2,0,2,0,0,0,0,2,2,2,2,2,2,2,2
71,5959.273,-3493.016,326.066,27.181,0.886358,-0.456729,-0.075944,0.456730,0.889416,-0.018384,0.075942,-0.018391,0.996943,0,0.53724,0.52696,32.235,1.054,-1,450.000,-1,450.000,-1,350.000,350.000,300.000,300.000,-1,-1,-1,-1,-1,-1,-1,-1,2,0,2,0,2,0,0,0,0,2,2,2,2,2,2,2,2
72,5991.900,-3475.496,328.544,28.235,0.878047,-0.473014,-0.072741,0.472997,0.880869,-0.018548,0.072849,-0.018121,0.997178,0,0.61724,0.52696,37.035,1.054,-1,450.000,-1,450.000,-1,350.000,350.000,325.000,300.000,-1,-1,-1,-1,-1,-1,-1,-1,2,0,2,0,2,0,0,0,0,2,2,2,2,2,2,2,2
73,6028.386,-3455.030,331.168,29.289,0.869405,-0.489134,-0.069880,0.489138,0.872016,-0.018225,0.069851,-0.018336,0.997389,0,0.69724,0.52696,41.835,1.054,-1,450.000,-1,450.000,-1,350.000,350.000,325.000,300.000,-1,-1,-1,-1,-1,-1,-1,-1,2,0,2,0,2,0,0,0,0,2,2,2,2,2,2,2,2
74,6068.632,-3431.471,334.065,30.343,0.860485,-0.505089,-0.066713,0.505118,0.862869,-0.017675,0.066492,-0.018489,0.997616,0,0.77724,0.52696,46.635,1.054,-1,450.000,-1,450.000,-1,350.000,350.000,325.000,300.000,-1,-1,-1,-1,-1,-1,-1,-1,2,0,2,0,2,0,0,0,0,2,2,2,2,2,2,2,2
75,6112.535,-3404.677,337.001,31.396,0.851316,-0.520845,-0.063100,0.520974,0.853428,-0.015690,0.062023,-0.019516,0.997884,0,0.85724,0.52630,51.435,1.053,-1,450.000,-1,450.000,-1,350.000,350.000,325.000,300.000,-1,-1,-1,-1,-1,-1,-1,-1,2,0,2,0,2,0,0,0,0,2,2,2,2,2,2,2,2
76,6157.262,-3376.243,339.745,32.444,0.841912,-0.536347,-0.059297,0.536643,0.843722,-0.012174,0.056559,-0.021572,0.998166,0,0.88334,0.52410,53.000,1.048,-1,450.000,-1,450.000,-1,350.000,350.000,325.000,300.000,-1,-1,-1,-1,-1,-1,-1,-1,2,0,2,0,2,0,0,0,0,2,2,2,2,2,2,2,2
77,6197.569,-3349.814,342.135,33.252,0.834497,-0.548169,-0.055909,0.548614,0.836033,-0.008426,0.051361,-0.023641,0.998400,0,0.80334,0.40410,48.200,0.808,-1,450.000,-1,425.000,-1,350.000,350.000,325.000,300.000,-1,-1,-1,-1,-1,-1,-1,-1,2,0,2,0,2,0,0,0,0,2,2,2,2,2,2,2,2
78,6233.624,-3325.658,344.035,33.820,0.829236,-0.556396,-0.052842,0.557005,0.830500,-0.003752,0.045973,-0.026322,0.998596,0,0.72334,0.28410,43.400,0.568,-1,450.000,-1,425.000,-1,350.000,350.000,325.000,300.000,-1,-1,-1,-1,-1,-1,-1,-1,2,0,2,0,2,0,0,0,0,2,2,2,2,2,2,2,2
79,6268.504,-3301.998,345.854,34.148,0.826237,-0.561106,-0.049930,0.561843,0.827244,0.000883,0.040808,-0.028782,0.998752,0,0.70247,0.16410,42.148,0.328,-1,450.000,-1,425.000,-1,350.000,350.000,300.000,325.000,-1,-1,-1,-1,-1,-1,-1,-1,2,0,2,0,2,0,0,0,0,2,2,2,2,2,2,2,2
80,6303.571,-3278.133,347.662,34.237,0.825569,-0.562339,-0.047013,0.563171,0.826322,0.005600,0.035698,-0.031099,0.998879,0,0.70696,0.04410,42.417,0.088,-1,425.000,-1,425.000,-1,350.000,325.000,300.000,325.000,-1,-1,-1,-1,-1,-1,-1,-1,2,0,2,0,2,0,0,0,0,2,2,2,2,2,2,2,2
81,6338.924,-3254.209,349.462,34.085,0.827248,-0.560109,-0.044037,0.561001,0.827751,0.010355,0.030652,-0.033271,0.998976,0,0.71145,-0.07590,42.687,-0.152,-1,425.000,-1,425.000,-1,325.000,325.000,300.000,325.000,-1,-1,-1,-1,-1,-1,-1,-1,2,0,2,0,2,0,0,0,0,2,2,2,2,2,2,2,2
82,6374.665,-3230.378,351.089,33.693,0.831233,-0.554409,-0.041018,0.555307,0.831522,0.014289,0.026186,-0.034655,0.999056,0,0.71597,-0.19590,42.958,-0.392,-1,425.000,-1,425.000,-1,325.000,325.000,300.000,325.000,-1,-1,-1,-1,-1,-1,-1,-1,2,0,2,0,2,0,0,0,0,2,2,2,2,2,2,2,2
83,6410.870,-3206.748,352.207,33.131,0.836761,-0.546241,-0.038100,0.547073,0.836936,0.015779,0.023268,-0.034046,0.999149,0,0.72057,-0.28091,43.234,-0.562,-1,425.000,-1,425.000,-1,325.000,325.000,300.000,325.000,-1,-1,-1,-1,-1,-1,-1,-1,2,0,2,0,2,0,0,0,0,2,2,2,2,2,2,2,2
84,6447.543,-3183.327,353.272,32.565,0.842239,-0.537956,-0.035157,0.538714,0.842318,0.016951,0.020494,-0.033216,0.999238,0,0.72524,-0.28318,43.514,-0.566,-1,425.000,-1,425.000,-1,325.000,325.000,300.000,300.000,-1,-1,-1,-1,-1,-1,-1,-1,2,0,2,0,2,0,0,0,0,2,2,2,2,2,2,2,2
85,6484.687,-3160.122,354.305,31.994,0.847672,-0.529552,-0.032047,0.530228,0.847664,0.017990,0.017639,-0.032242,0.999324,0,0.72993,-0.28548,43.796,-0.571,-1,425.000,-1,425.000,-1,350.000,325.000,300.000,300.000,-1,-1,-1,-1,1000.000,-1,-1,-1,2,0,2,0,2,0,0,0,0,2,2,2,2,0,2,2,2
86,6522.303,-3137.145,355.006,31.418,0.853088,-0.521046,-0.027423,0.521585,0.853001,0.018399,0.013806,-0.029999,0.999455,0,0.73465,-0.28781,44.079,-0.576,-1,425.000,-1,425.000,-1,350.000,325.000,300.000,300.000,-1,-1,-1,-1,1000.000,-1,-1,-1,2,0,2,0,2,0,0,0,0,2,2,2,2,0,2,2,2
87,6560.395,-3114.405,355.705,30.838,0.858437,-0.512413,-0.022782,0.512822,0.858292,0.018683,0.009980,-0.027722,0.999566,0,0.73939,-0.29018,44.363,-0.580,-1,425.000,-1,425.000,-1,350.000,325.000,300.000,300.000,-1,-1,-1,-1,975.000,-1,-1,-1,2,0,2,0,2,0,0,0,0,2,2,2,2,0,2,2,2
88,6598.963,-3091.911,356.403,30.253,0.863717,-0.503651,-0.018128,0.503940,0.863533,0.018842,0.006164,-0.025409,0.999658,0,0.74414,-0.29259,44.649,-0.585,-1,425.000,-1,400.000,-1,350.000,325.000,325.000,300.000,-1,-1,-1,-1,950.000,-1,-1,-1,2,0,2,0,2,0,0,0,0,2,2,2,2,0,2,2,2
89,6638.010,-3069.673,357.101,29.663,0.868926,-0.494759,-0.013462,0.494937,0.868724,0.018871,0.002358,-0.023060,0.999731,0,0.74891,-0.29505,44.935,-0.590,-1,425.000,-1,400.000,-1,325.000,325.000,325.000,300.000,-1,-1,-1,-1,950.000,-1,-1,-1,2,0,2,0,2,0,0,0,0,2,2,2,2,0,2,2,2
90,6677.535,-3047.703,357.347,29.067,0.874049,-0.485715,-0.010944,0.485839,0.873827,0.019654,0.000017,-0.022496,0.999747,0,0.75369,-0.29757,45.221,-0.595,-1,425.000,-1,400.000,-1,350.000,325.000,325.000,300.000,-1,-1,-1,-1,925.000,-1,-1,-1,2,0,2,0,2,0,0,0,0,2,2,2,2,0,2,2,2
91,6717.541,-3026.011,357.403,28.467,0.879108,-0.476532,-0.009310,0.476620,0.878865,0.020732,-0.001697,-0.022663,0.999742,0,0.75847,-0.30014,45.508,-0.600,-1,425.000,-1,400.000,-1,350.000,325.000,325.000,300.000,-1,-1,-1,-1,-1,-1,-1,-1,2,0,2,0,2,0,0,0,0,2,2,2,2,2,2,2,2
92,6758.028,-3004.609,357.077,27.862,0.884114,-0.467198,-0.008277,0.467258,0.883817,0.023169,-0.003510,-0.024352,0.999697,0,0.76325,-0.30279,45.795,-0.606,-1,425.000,-1,400.000,-1,350.000,325.000,325.000,300.000,-1,-1,-1,-1,-1,-1,-1,-1,2,0,2,0,2,0,0,0,0,2,2,2,2,2,2,2,2
93,6798.995,-2983.508,356.669,27.250,0.889067,-0.457723,-0.007107,0.457744,0.888705,0.025962,-0.005568,-0.026335,0.999638,0,0.76803,-0.30552,46.082,-0.611,-1,425.000,-1,400.000,-1,325.000,325.000,325.000,300.000,-1,-1,-1,-1,-1,-1,-1,-1,2,0,2,0,2,0,0,0,0,2,2,2,2,2,2,2,2
94,6840.442,-2962.721,356.264,26.634,0.893960,-0.448107,-0.005879,0.448081,0.893533,0.028676,-0.007597,-0.028269,0.999571,0,0.77280,-0.30835,46.368,-0.617,-1,425.000,-1,400.000,-1,325.000,325.000,325.000,300.000,-1,-1,-1,-1,-1,-1,-1,-1,2,0,2,0,2,0,0,0,0,2,2,2,2,2,2,2,2
95,6882.369,-2942.261,355.862,26.011,0.898794,-0.438348,-0.004594,0.438267,0.898299,0.031308,-0.009598,-0.030153,0.999499,0,0.77754,-0.31128,46.653,-0.623,-1,425.000,-1,-1,-1,325.000,325.000,325.000,325.000,-1,-1,-1,-1,-1,-1,-1,-1,2,0,2,2,2,0,0,0,0,2,2,2,2,2,2,2,2
96,6924.773,-2922.141,355.463,25.383,0.903564,-0.428441,-0.003252,0.428297,0.903003,0.033858,-0.011569,-0.031986,0.999421,0,0.78226,-0.31433,46.935,-0.629,-1,425.000,-1,-1,-1,325.000,325.000,325.000,325.000,-1,-1,-1,-1,-1,-1,-1,-1,2,0,2,2,2,0,0,0,0,2,2,2,2,2,2,2,2
97,6967.653,-2902.374,355.067,24.748,0.908269,-0.418383,-0.001856,0.418168,0.907643,0.036323,-0.013512,-0.033767,0.999338,0,0.78693,-0.31751,47.216,-0.635,-1,400.000,-1,-1,-1,325.000,-1,300.000,325.000,-1,-1,-1,-1,-1,-1,-1,-1,2,0,2,2,2,0,2,0,0,2,2,2,2,2,2,2,2
98,7011.004,-2882.976,354.675,24.106,0.912907,-0.408167,-0.000406,0.407875,0.912217,0.038700,-0.015426,-0.035495,0.999251,0,0.79156,-0.32085,47.493,-0.642,-1,-1,-1,-1,-1,325.000,-1,300.000,325.000,-1,-1,-1,-1,-1,-1,-1,-1,2,2,2,2,2,1,2,0,0,2,2,2,2,2,2,2,2
99,7054.823,-2863.961,354.288,23.457,0.917477,-0.397788,0.001097,0.397412,0.916724,0.040988,-0.017310,-0.037170,0.999159,0,0.79611,-0.32437,47.767,-0.649,-1,-1,-1,-1,-1,-1,-1,300.000,325.000,-1,-1,-1,-1,-1,-1,-1,-1,2,2,2,2,2,2,2,0,0,2,2,2,2,2,2,2,2
100,7099.105,-2845.345,353.729,22.801,0.921971,-0.387249,0.002760,0.386792,0.921186,0.042523,-0.019010,-0.038138,0.999092,0,0.80059,-0.32809,48.035,-0.656,-1,-1,-1,-1,-1,-1,-1,300.000,325.000,-1,-1,-1,-1,-1,-1,-1,-1,2,2,2,2,2,2,2,0,0,2,2,2,2,2,2,2,2
101,7143.842,-2827.145,352.830,22.137,0.926386,-0.376551,0.004366,0.376042,0.925625,0.042553,-0.020065,-0.037779,0.999085,0,0.80495,-0.33204,48.297,-0.664,-1,-1,-1,-1,-1,-1,-1,300.000,325.000,-1,-1,-1,-1,-1,-1,-1,-1,2,2,2,2,2,2,2,0,0,2,2,2,2,2,2,2,2
102,7191.746,-2808.079,344.843,21.713,0.928393,-0.369931,0.035180,0.369190,0.928994,0.025878,-0.042255,-0.011037,0.999046,0,0.85928,-0.21204,51.557,-0.424,-1,-1,-1,-1,-1,-1,-1,325.000,275.000,-1,-1,-1,-1,-1,-1,-1,-1,2,2,2,2,2,2,2,0,0,2,2,2,2,2,2,2,2
103,7239.982,-2789.213,335.507,21.365,0.928573,-0.364227,0.071348,0.364783,0.931076,0.005531,-0.068445,0.020891,0.997436,0,0.86319,-0.17394,51.791,-0.348,-1,-1,-1,-1,-1,-1,-1,375.000,200.000,-1,-1,-1,-1,-1,-1,-1,-1,2,2,2,2,2,2,2,0,0,2,2,2,2,2,2,2,2
104,7288.529,-2770.567,325.835,21.004,0.927455,-0.357915,0.108280,0.361611,0.932192,-0.016002,-0.095211,0.053996,0.993992,0,0.86664,-0.18029,51.999,-0.361,-1,-1,-1,-1,-1,-1,-1,400.000,125.000,-1,-1,-1,-1,-1,-1,-1,-1,2,2,2,2,2,2,2,0,0,2,2,2,2,2,2,2,2
105,-8854.395,-984.670,-219.747,-138.069,-0.756016,0.615493,0.222729,-0.652937,-0.685244,-0.322666,-0.045975,-0.389369,0.919934,1,0.00000,0.00000,52.182,-0.374,450.000,300.000,550.000,275.000,-1,250.000,225.000,425.000,-1,475.000,0.000,0.000,-1,425.000,425.000,450.000,-1,1,1,1,1,2,1,1,1,2,1,1,1,2,1,0,1,2
106,3354.859,5652.482,285.610,-159.886,-0.921252,0.343683,-0.182146,-0.329823,-0.938455,-0.102564,-0.206185,-0.034411,0.977908,1,0.00000,0.00000,4.800,-0.240,-1,-1,-1,-1,-1,-1,-1,250.000,225.000,-1,-1,-1,-1,-1,-1,-1,-1,2,2,2,2,2,2,2,1,1,2,2,2,2,2,2,2,2
107,3350.345,5650.850,284.734,-160.126,-0.922559,0.339742,-0.182921,-0.325778,-0.939866,-0.102570,-0.206769,-0.035035,0.977762,0,0.08000,-0.12000,4.800,-0.240,-1,-1,-1,-1,-1,-1,-1,250.000,225.000,-1,-1,-1,-1,-1,-1,-1,-1,2,2,2,2,2,2,2,1,1,2,2,2,2,2,2,2,2
108,3345.381,5649.101,283.815,-160.606,-0.925279,0.331837,-0.183690,-0.317670,-0.942624,-0.102695,-0.207229,-0.036668,0.977605,0,0.08771,-0.24000,5.263,-0.480,-1,-1,-1,-1,-1,-1,-1,250.000,225.000,-1,-1,-1,-1,-1,-1,-1,-1,2,2,2,2,2,2,2,1,1,2,2,2,2,2,2,2,2
109,3340.344,5647.396,282.932,-161.326,-0.929325,0.319933,-0.184387,-0.305461,-0.946623,-0.102952,-0.207482,-0.039353,0.977447,0,0.08862,-0.36000,5.317,-0.720,-1,-1,-1,-1,-1,-1,-1,250.000,225.000,-1,-1,-1,-1,-1,-1,-1,-1,2,2,2,2,2,2,2,1,1,2,2,2,2,2,2,2,2
110,3335.219,5645.757,281.988,-162.286,-0.934461,0.303986,-0.185407,-0.289147,-0.951718,-0.103082,-0.207791,-0.042716,0.977240,0,0.08968,-0.48000,5.381,-0.960,-1,-1,-1,-1,-1,-1,-1,250.000,225.000,-1,-1,-1,-1,-1,-1,-1,-1,2,2,2,2,2,2,2,1,1,2,2,2,2,2,2,2,2
111,3329.992,5644.204,280.774,-163.486,-0.940318,0.283947,-0.187553,-0.268763,-0.957737,-0.102497,-0.208730,-0.045973,0.976892,0,0.09085,-0.60000,5.451,-1.200,-1,-1,-1,-1,-1,-1,-1,250.000,225.000,-1,-1,-1,-1,-1,-1,-1,-1,2,2,2,2,2,2,2,1,1,2,2,2,2,2,2,2,2
112,3324.656,5642.763,279.722,-164.926,-0.946964,0.259729,-0.189209,-0.244053,-0.964349,-0.102321,-0.209039,-0.050717,0.976591,0,0.09210,-0.72000,5.526,-1.440,-1,-1,-1,-1,-1,-1,-1,275.000,225.000,-1,-1,-1,-1,-1,-1,-1,-1,2,2,2,2,2,2,2,1,1,2,2,2,2,2,2,2,2
113,3319.212,5641.437,278.683,-166.355,-0.952943,0.235536,-0.190846,-0.219366,-0.970282,-0.102138,-0.209231,-0.055466,0.976292,0,0.09337,-0.71462,5.602,-1.429,-1,-1,-1,-1,-1,-1,-1,275.000,225.000,-1,-1,-1,-1,-1,-1,-1,-1,2,2,2,2,2,2,2,1,1,2,2,2,2,2,2,2,2
114,3313.669,5640.231,277.656,-167.773,-0.958263,0.211399,-0.192463,-0.194735,-0.975543,-0.101949,-0.209308,-0.060214,0.975994,0,0.09452,-0.70888,5.671,-1.418,-1,-1,-1,-1,-1,-1,-1,275.000,225.000,-1,-1,-1,-1,-1,-1,-1,-1,2,2,2,2,2,2,2,1,1,2,2,2,2,2,2,2,2
115,3308.038,5639.150,276.644,-169.179,-0.962935,0.187341,-0.194059,-0.170182,-0.980145,-0.101757,-0.209269,-0.064960,0.975698,0,0.09554,-0.70306,5.733,-1.406,-1,-1,-1,-1,-1,-1,-1,275.000,225.000,-1,-1,-1,-1,-1,-1,-1,-1,2,2,2,2,2,2,2,1,1,2,2,2,2,2,2,2,2
116,3302.329,5638.197,275.649,-170.574,-0.966972,0.163383,-0.195630,-0.145729,-0.984097,-0.101565,-0.209113,-0.069702,0.975404,0,0.09644,-0.69716,5.786,-1.394,-1,-1,-1,-1,-1,-1,-1,275.000,225.000,-1,-1,-1,-1,-1,-1,-1,-1,2,2,2,2,2,2,2,1,1,2,2,2,2,2,2,2,2
117,-6887.288,-3607.629,-138.442,-107.135,-0.293815,0.955402,-0.029650,-0.955300,-0.294564,-0.025173,-0.032784,0.020929,0.999243,1,0.00000,0.00000,5.832,-1.382,-1,375.000,-1,375.000,-1,325.000,325.000,325.000,325.000,650.000,425.000,375.000,-1,750.000,750.000,-1,-1,2,0,2,0,2,0,0,0,0,1,1,1,2,0,0,2,2
118,-6888.721,-3612.210,-138.598,-107.375,-0.297818,0.954163,-0.029623,-0.954059,-0.298565,-0.025109,-0.032803,0.020784,0.999246,0,0.08000,-0.12000,4.800,-0.240,-1,375.000,-1,375.000,-1,325.000,325.000,325.000,325.000,650.000,425.000,375.000,-1,750.000,750.000,-1,-1,2,0,2,0,2,0,0,0,0,1,1,1,2,0,0,2,2
119,-6891.665,-3621.347,-138.911,-107.855,-0.305808,0.951634,-0.029570,-0.951527,-0.306549,-0.024981,-0.032837,0.020497,0.999251,0,0.16000,-0.24000,9.600,-0.480,-1,375.000,-1,375.000,-1,325.000,325.000,325.000,325.000,650.000,425.000,400.000,-1,750.000,750.000,-1,-1,2,0,2,0,2,0,0,0,0,1,1,1,2,0,0,2,2
120,-6896.252,-3634.997,-139.384,-108.575,-0.317752,0.947715,-0.029492,-0.947603,-0.318486,-0.024784,-0.032881,0.020072,0.999258,0,0.24000,-0.36000,14.400,-0.720,-1,375.000,-1,375.000,-1,325.000,325.000,325.000,325.000,675.000,450.000,400.000,-1,750.000,750.000,-1,-1,2,0,2,0,2,0,0,0,0,1,1,1,2,0,0,2,2
121,-6902.672,-3653.092,-140.018,-109.535,-0.333600,0.942256,-0.029392,-0.942139,-0.334324,-0.024514,-0.032925,0.019513,0.999267,0,0.32000,-0.48000,19.200,-0.960,-1,375.000,-1,375.000,-1,325.000,325.000,325.000,325.000,675.000,475.000,425.000,825.000,750.000,750.000,-1,-1,2,0,2,0,2,0,0,0,0,1,1,1,1,0,0,2,2
122,-6911.169,-3675.537,-140.818,-110.735,-0.353278,0.935060,-0.029270,-0.934938,-0.353988,-0.024165,-0.032957,0.018829,0.999279,0,0.40000,-0.60000,24.000,-1.200,-1,375.000,-1,400.000,-1,325.000,325.000,325.000,325.000,700.000,500.000,450.000,800.000,750.000,750.000,-1,-1,2,0,2,0,2,0,0,0,0,1,1,1,1,0,0,2,2
123,-6920.858,-3699.308,-141.678,-112.175,-0.376684,0.925883,-0.029142,-0.925753,-0.377380,-0.023777,-0.033013,0.018022,0.999292,0,0.42782,-0.72000,25.669,-1.440,-1,400.000,-1,400.000,-1,325.000,325.000,325.000,325.000,725.000,550.000,500.000,775.000,750.000,750.000,-1,-1,2,0,2,0,2,0,0,0,0,1,1,1,1,0,0,2,2
124,-6931.443,-3723.244,-142.562,-113.855,-0.403689,0.914436,-0.029012,-0.914298,-0.404369,-0.023363,-0.033096,0.017095,0.999306,0,0.43620,-0.84000,26.172,-1.680,-1,400.000,-1,400.000,-1,325.000,325.000,325.000,325.000,775.000,575.000,525.000,750.000,750.000,750.000,-1,-1,2,0,2,0,2,0,0,0,0,1,1,1,1,0,0,2,2
125,-6943.006,-3747.308,-143.470,-115.664,-0.432369,0.901234,-0.028882,-0.901087,-0.433033,-0.022919,-0.033163,0.016116,0.999320,0,0.44497,-0.90423,26.698,-1.808,-1,400.000,-1,400.000,-1,325.000,325.000,325.000,325.000,825.000,625.000,550.000,750.000,750.000,750.000,-1,-1,2,0,2,0,2,0,0,0,0,1,1,1,1,0,0,2,2
126,-6955.562,-3771.478,-144.397,-117.451,-0.460295,0.887299,-0.028786,-0.887145,-0.460944,-0.022451,-0.033189,0.015204,0.999333,0,0.45395,-0.89386,27.237,-1.788,-1,400.000,-1,400.000,-1,325.000,325.000,325.000,325.000,875.000,675.000,600.000,750.000,750.000,750.000,-1,-1,2,0,2,0,2,0,0,0,0,1,1,1,1,0,0,2,2
127,-6969.120,-3795.719,-145.318,-119.218,-0.487445,0.872675,-0.028895,-0.872516,-0.488087,-0.022058,-0.033353,0.014460,0.999339,0,0.46290,-0.88339,27.774,-1.767,-1,400.000,-1,400.000,-1,325.000,325.000,325.000,325.000,975.000,700.000,650.000,750.000,750.000,725.000,-1,-1,2,0,2,0,2,0,0,0,0,1,1,1,1,0,0,2,2
128,-6983.685,-3819.992,-146.329,-120.964,-0.513816,0.857414,-0.028887,-0.857239,-0.514451,-0.021951,-0.033682,0.013484,0.999342,0,0.47180,-0.87283,28.308,-1.746,-1,400.000,-1,400.000,-1,325.000,325.000,325.000,325.000,-1,750.000,675.000,750.000,750.000,725.000,-1,-1,2,0,2,0,2,0,0,0,0,2,1,1,1,0,0,2,2
129,-6999.259,-3844.263,-147.363,-122.688,-0.539398,0.841555,-0.028901,-0.841366,-0.540025,-0.021811,-0.033962,0.012551,0.999344,0,0.48063,-0.86218,28.838,-1.724,-1,400.000,-1,400.000,-1,325.000,325.000,325.000,325.000,-1,800.000,725.000,775.000,750.000,725.000,-1,-1,2,0,2,0,2,0,0,0,0,2,1,1,1,0,0,2,2
130,-7015.844,-3868.492,-148.436,-124.391,-0.564181,0.825145,-0.028907,-0.824940,-0.564802,-0.021726,-0.034254,0.011589,0.999346,0,0.48936,-0.85146,29.362,-1.703,-1,400.000,-1,400.000,-1,325.000,325.000,325.000,325.000,-1,875.000,775.000,775.000,750.000,725.000,-1,-1,2,0,2,0,2,0,0,0,0,2,1,1,1,0,0,2,2
131,-7033.437,-3892.643,-149.530,-126.073,-0.588161,0.808226,-0.028938,-0.808008,-0.588776,-0.021611,-0.034504,0.010671,0.999348,0,0.49800,-0.84068,29.880,-1.681,-1,400.000,-1,400.000,-1,325.000,325.000,300.000,325.000,-1,925.000,825.000,800.000,750.000,725.000,-1,-1,2,0,2,0,2,0,0,0,0,2,1,1,1,0,0,2,2
132,-7052.036,-3916.679,-150.642,-127.732,-0.611334,0.790842,-0.028990,-0.790611,-0.611942,-0.021463,-0.034714,0.009799,0.999349,0,0.50652,-0.82982,30.391,-1.660,-1,400.000,-1,400.000,-1,325.000,325.000,300.000,325.000,-1,950.000,875.000,800.000,750.000,725.000,-1,-1,2,0,2,0,2,0,0,0,0,2,1,1,1,0,0,2,2
133,-7071.634,-3940.563,-151.771,-129.370,-0.633698,0.773034,-0.029063,-0.772793,-0.634301,-0.021283,-0.034888,0.008973,0.999351,0,0.51492,-0.81892,30.895,-1.638,-1,400.000,-1,375.000,-1,325.000,325.000,300.000,325.000,-1,925.000,925.000,825.000,750.000,725.000,-1,-1,2,0,2,0,2,0,0,0,0,2,1,1,1,0,0,2,2
134,-7092.222,-3964.259,-152.916,-130.986,-0.655255,0.754845,-0.029156,-0.754596,-0.655852,-0.021069,-0.035026,0.008196,0.999353,0,0.52318,-0.80796,31.391,-1.616,-1,400.000,-1,375.000,-1,325.000,325.000,300.000,325.000,-1,925.000,1000.000,850.000,750.000,725.000,-1,-1,2,0,2,0,2,0,0,0,0,2,1,1,1,0,0,2,2
135,-7113.791,-3987.732,-154.075,-132.580,-0.676006,0.736315,-0.029268,-0.736058,-0.676598,-0.020821,-0.035133,0.007468,0.999355,0,0.53130,-0.79695,31.878,-1.594,-1,400.000,-1,375.000,-1,325.000,325.000,300.000,325.000,-1,925.000,-1,875.000,750.000,725.000,-1,-1,2,0,2,0,2,0,0,0,0,2,1,2,1,0,0,2,2
136,-7136.330,-4010.947,-155.242,-134.152,-0.695957,0.717482,-0.029393,-0.717219,-0.696544,-0.020558,-0.035223,0.006774,0.999357,0,0.53927,-0.78591,32.356,-1.572,-1,400.000,-1,375.000,-1,325.000,325.000,300.000,325.000,-1,950.000,-1,875.000,750.000,700.000,-1,-1,2,0,2,0,2,0,0,0,0,2,1,2,1,0,0,2,2
137,-7159.823,-4033.873,-156.344,-135.701,-0.715120,0.698387,-0.029310,-0.698112,-0.715697,-0.020429,-0.035244,0.005853,0.999362,0,0.54710,-0.77484,32.826,-1.550,-1,400.000,-1,375.000,-1,325.000,325.000,300.000,325.000,-1,950.000,-1,900.000,725.000,700.000,-1,-1,2,0,2,0,2,0,0,0,0,2,1,2,1,0,0,2,2
138,-7184.258,-4056.476,-157.444,-137.229,-0.733498,0.679064,-0.029198,-0.678779,-0.734062,-0.020285,-0.035208,0.004940,0.999368,0,0.55476,-0.76373,33.286,-1.527,-1,400.000,-1,375.000,-1,325.000,325.000,300.000,325.000,-1,950.000,-1,925.000,725.000,700.000,-1,-1,2,0,2,0,2,0,0,0,0,2,1,2,1,0,0,2,2
139,-7209.616,-4078.727,-158.550,-138.734,-0.751097,0.659550,-0.029104,-0.659256,-0.751649,-0.020121,-0.035147,0.004074,0.999374,0,0.56228,-0.75260,33.737,-1.505,-1,400.000,-1,375.000,-1,325.000,325.000,300.000,325.000,-1,975.000,-1,950.000,725.000,700.000,-1,-1,2,0,2,0,2,0,0,0,0,2,1,2,1,0,0,2,2
140,-7235.881,-4100.598,-159.661,-140.217,-0.767927,0.639880,-0.029028,-0.639577,-0.768468,-0.019938,-0.035065,0.003255,0.999380,0,0.56964,-0.74145,34.178,-1.483,-1,375.000,-1,375.000,-1,325.000,325.000,300.000,325.000,-1,975.000,-1,975.000,725.000,700.000,-1,-1,2,0,2,0,2,0,0,0,0,2,1,2,1,0,0,2,2
