timestep,x_cm,y_cm,z_cm,yaw_deg,basis_xx,basis_xy,basis_xz,basis_yx,basis_yy,basis_yz,basis_zx,basis_zy,basis_zz,teleport_flag,throttle_cmd,steering_cmd,cmd_move_cm,cmd_turn_deg,lidar_cm_0,lidar_cm_1,lidar_cm_2,lidar_cm_3,lidar_cm_4,lidar_cm_5,lidar_cm_6,lidar_cm_7,lidar_cm_8,lidar_cm_9,lidar_cm_10,lidar_cm_11,lidar_cm_12,lidar_cm_13,lidar_cm_14,lidar_cm_15,lidar_cm_16,lidar_class_0,lidar_class_1,lidar_class_2,lidar_class_3,lidar_class_4,lidar_class_5,lidar_class_6,lidar_class_7,lidar_class_8,lidar_class_9,lidar_class_10,lidar_class_11,lidar_class_12,lidar_class_13,lidar_class_14,lidar_class_15,lidar_class_16
0,3612.381,-2951.023,125.132,7.756,0.990572,-0.134750,0.024678,0.133105,0.989329,0.059256,-0.032399,-0.055413,0.997938,1,0.08000,-0.12000,4.800,-0.240,-1,400.000,-1,400.000,-1,325.000,325.000,300.000,300.000,-1,-1,-1,-1,775.000,750.000,-1,-1,2,0,2,0,2,0,0,0,0,2,2,2,2,0,0,2,2
1,3621.904,-2949.807,124.829,7.276,0.991664,-0.126454,0.024735,0.124811,0.990400,0.059413,-0.032011,-0.055831,0.997927,0,0.16000,-0.24000,9.600,-0.480,-1,400.000,-1,400.000,-1,325.000,325.000,300.000,300.000,-1,-1,-1,-1,775.000,750.000,-1,-1,2,0,2,0,2,0,0,0,0,2,2,2,2,0,0,2,2
2,3636.210,-2948.163,124.385,6.556,0.993171,-0.113995,0.024822,0.112356,0.991876,0.059646,-0.031420,-0.056450,0.997911,0,0.24000,-0.36000,14.400,-0.720,-1,400.000,-1,400.000,-1,325.000,325.000,300.000,300.000,-1,-1,-1,-1,775.000,750.000,-1,-1,2,0,2,0,2,0,0,0,0,2,2,2,2,0,0,2,2
3,3655.319,-2946.290,123.811,5.596,0.994937,-0.097356,0.024936,0.095723,0.993601,0.059950,-0.030613,-0.057259,0.997890,0,0.32000,-0.48000,19.200,-0.960,-1,400.000,-1,400.000,-1,325.000,325.000,300.000,300.000,-1,-1,-1,-1,775.000,750.000,-1,-1,2,0,2,0,2,0,0,0,0,2,2,2,2,0,0,2,2
4,3679.248,-2944.439,123.120,4.422,0.996718,-0.076966,0.025078,0.075342,0.995332,0.060318,-0.029604,-0.058231,0.997864,0,0.40000,-0.58721,24.000,-1.174,-1,400.000,-1,400.000,-1,325.000,325.000,300.000,300.000,-1,-1,-1,-1,775.000,725.000,-1,-1,2,0,2,0,2,0,0,0,0,2,2,2,2,0,0,2,2
5,3708.002,-2942.807,122.325,3.247,0.998081,-0.056546,0.025248,0.054928,0.996641,0.060740,-0.028598,-0.059237,0.997834,0,0.48000,-0.58721,28.800,-1.174,-1,400.000,-1,400.000,-1,325.000,325.000,300.000,300.000,-1,-1,-1,-1,775.000,725.000,-1,-1,2,0,2,0,2,0,0,0,0,2,2,2,2,0,0,2,2
6,3741.581,-2941.591,121.435,2.073,0.999024,-0.036105,0.025442,0.034492,0.997529,0.061212,-0.027589,-0.060275,0.997800,0,0.56000,-0.58721,33.600,-1.174,-1,400.000,-1,375.000,-1,325.000,325.000,300.000,300.000,-1,-1,-1,-1,775.000,725.000,-1,-1,2,0,2,0,2,0,0,0,0,2,2,2,2,0,0,2,2
7,3779.976,-2940.988,120.465,0.898,0.999548,-0.015651,0.025657,0.014042,0.997994,0.061731,-0.026572,-0.061343,0.997763,0,0.64000,-0.58721,38.400,-1.174,-1,400.000,-1,375.000,-1,325.000,325.000,300.000,300.000,-1,-1,-1,-1,775.000,725.000,-1,-1,2,0,2,0,2,0,0,0,0,2,2,2,2,0,0,2,2
8,3823.176,-2941.195,119.427,-0.276,0.999653,0.004807,0.025891,-0.006413,0.998037,0.062296,-0.025541,-0.062441,0.997722,0,0.72000,-0.58721,43.200,-1.174,-1,400.000,-1,375.000,-1,325.000,325.000,300.000,300.000,-1,-1,-1,-1,750.000,725.000,-1,-1,2,0,2,0,2,0,0,0,0,2,2,2,2,0,0,2,2
9,3870.642,-2942.396,118.347,-1.450,0.999339,0.025260,0.026136,-0.026862,0.997658,0.062900,-0.024486,-0.063561,0.997678,0,0.79134,-0.58721,47.480,-1.174,-1,400.000,-1,375.000,-1,325.000,325.000,300.000,300.000,-1,-1,-1,-1,750.000,725.000,-1,-1,2,0,2,0,2,0,0,0,0,2,2,2,2,0,0,2,2
10,3918.073,-2944.570,117.329,-2.625,0.998607,0.045699,0.026361,-0.047296,0.996860,0.063505,-0.023376,-0.064664,0.997633,0,0.79134,-0.58721,47.480,-1.174,-1,400.000,-1,375.000,-1,325.000,325.000,300.000,300.000,-1,-1,-1,-1,750.000,725.000,-1,-1,2,0,2,0,2,0,0,0,0,2,2,2,2,0,0,2,2
11,3965.449,-2947.715,116.397,-3.799,0.997471,0.066118,0.026093,-0.067671,0.995654,0.063981,-0.021750,-0.065585,0.997610,0,0.79134,-0.58721,47.480,-1.174,-1,400.000,-1,375.000,-1,325.000,325.000,300.000,300.000,-1,-1,-1,-1,750.000,725.000,-1,-1,2,0,2,0,2,0,0,0,0,2,2,2,2,0,0,2,2
12,4012.751,-2951.831,115.559,-4.974,0.995922,0.086506,0.025625,-0.088001,0.994031,0.064483,-0.019894,-0.066475,0.997590,0,0.79134,-0.58721,47.480,-1.174,-1,400.000,-1,375.000,-1,325.000,325.000,300.000,300.000,-1,-1,-1,-1,750.000,725.000,-1,-1,2,0,2,0,2,0,0,0,0,2,2,2,2,0,0,2,2
13,4059.959,-2956.916,114.788,-6.148,0.993956,0.106855,0.025152,-0.108289,0.991992,0.065005,-0.018004,-0.067335,0.997568,0,0.79134,-0.58721,47.480,-1.174,-1,400.000,-1,375.000,-1,325.000,325.000,300.000,300.000,-1,-1,-1,-1,750.000,725.000,-1,-1,2,0,2,0,2,0,0,0,0,2,2,2,2,0,0,2,2
14,4107.052,-2962.967,114.085,-7.322,0.991576,0.127157,0.024676,-0.128527,0.989537,0.065546,-0.016083,-0.068166,0.997544,0,0.79134,-0.58721,47.480,-1.174,-1,400.000,-1,375.000,-1,325.000,325.000,300.000,300.000,-1,-1,-1,-1,750.000,725.000,-1,-1,2,0,2,0,2,0,0,0,0,2,2,2,2,0,0,2,2
15,4158.727,-2970.908,113.404,-8.737,0.988157,0.151535,0.024153,-0.152827,0.986035,0.066172,-0.013788,-0.069079,0.997516,0,0.87134,-0.70721,52.280,-1.414,-1,400.000,-1,375.000,-1,325.000,325.000,300.000,300.000,-1,-1,-1,-1,725.000,725.000,-1,-1,2,0,2,0,2,0,0,0,0,2,2,2,2,0,0,2,2
16,4211.859,-2980.651,112.815,-10.391,0.983396,0.179927,0.023616,-0.181128,0.981184,0.066856,-0.011142,-0.070024,0.997483,0,0.90028,-0.82721,54.017,-1.654,-1,400.000,-1,375.000,-1,325.000,325.000,300.000,300.000,-1,-1,-1,-1,725.000,725.000,-1,-1,2,0,2,0,2,0,0,0,0,2,2,2,2,0,0,2,2
17,4264.640,-2992.145,112.358,-12.286,0.976942,0.212251,0.023090,-0.213347,0.974636,0.067587,-0.008159,-0.070955,0.997446,0,0.90028,-0.94721,54.017,-1.894,-1,400.000,-1,375.000,-1,325.000,325.000,300.000,300.000,-1,-1,-1,-1,725.000,725.000,-1,-1,2,0,2,0,2,0,0,0,0,2,2,2,2,0,0,2,2
18,4316.987,-3005.474,112.042,-14.286,0.968976,0.246121,0.022583,-0.247104,0.966574,0.068363,-0.005002,-0.071823,0.997405,0,0.90028,-1.00000,54.017,-2.000,-1,400.000,-1,375.000,-1,325.000,325.000,300.000,300.000,-1,-1,-1,-1,725.000,725.000,-1,-1,2,0,2,0,2,0,0,0,0,2,2,2,2,0,0,2,2
19,4368.838,-3020.622,111.869,-16.286,0.959837,0.279688,0.022100,-0.280554,0.957342,0.069181,-0.001808,-0.072602,0.997359,0,0.90028,-1.00000,54.017,-2.000,-1,400.000,-1,375.000,-1,325.000,325.000,300.000,300.000,-1,-1,-1,-1,725.000,725.000,-1,-1,2,0,2,0,2,0,0,0,0,2,2,2,2,0,0,2,2
20,4420.129,-3037.571,111.842,-18.286,0.949535,0.312912,0.021649,-0.313657,0.946950,0.070038,0.001415,-0.073294,0.997309,0,0.90028,-1.00000,54.017,-2.000,-1,375.000,-1,375.000,-1,325.000,325.000,300.000,300.000,-1,-1,-1,-1,725.000,725.000,-1,-1,2,0,2,0,2,0,0,0,0,2,2,2,2,0,0,2,2
21,4470.796,-3056.299,111.964,-20.286,0.938085,0.345754,0.021239,-0.346375,0.935411,0.070929,0.004657,-0.073893,0.997255,0,0.90028,-1.00000,54.017,-2.000,-1,375.000,-1,375.000,-1,325.000,325.000,300.000,300.000,-1,-1,-1,-1,725.000,725.000,-1,-1,2,0,2,0,2,0,0,0,0,2,2,2,2,0,0,2,2
22,4520.780,-3076.785,112.355,-22.286,0.925491,0.378188,0.020966,-0.378692,0.922772,0.071301,0.007618,-0.073928,0.997234,0,0.90028,-1.00000,54.017,-2.000,-1,375.000,-1,375.000,-1,325.000,325.000,300.000,300.000,-1,-1,-1,-1,725.000,725.000,-1,-1,2,0,2,0,2,0,0,0,0,2,2,2,2,0,0,2,2
23,4569.424,-3098.491,113.060,-24.046,0.913492,0.406374,0.019827,-0.406711,0.910773,0.071257,0.010900,-0.073156,0.997261,0,0.88778,-0.88000,53.267,-1.760,-1,375.000,-1,375.000,-1,325.000,325.000,300.000,300.000,-1,925.000,-1,-1,725.000,750.000,-1,-1,2,0,2,0,2,0,0,0,0,2,0,2,2,0,0,2,2
24,4617.476,-3121.479,113.869,-25.566,0.902438,0.430413,0.018735,-0.430598,0.899721,0.071327,0.013844,-0.072436,0.997277,0,0.88778,-0.76000,53.267,-1.520,-1,375.000,-1,375.000,-1,325.000,325.000,300.000,300.000,-1,875.000,950.000,-1,725.000,750.000,-1,-1,2,0,2,0,2,0,0,0,0,2,0,0,2,0,0,2,2
25,4665.002,-3145.535,114.771,-26.846,0.892639,0.450424,0.017737,-0.450474,0.889921,0.071509,0.016425,-0.071822,0.997282,0,0.88778,-0.64000,53.267,-1.280,-1,375.000,-1,400.000,-1,325.000,325.000,300.000,300.000,-1,850.000,875.000,-1,725.000,750.000,-1,-1,2,0,2,0,2,0,0,0,0,2,0,0,2,0,0,2,2
26,4712.084,-3170.450,115.788,-27.886,0.884351,0.466514,0.016981,-0.466455,0.881622,0.071846,0.018546,-0.071458,0.997271,0,0.88778,-0.52000,53.267,-1.040,-1,400.000,-1,400.000,-1,325.000,325.000,300.000,300.000,-1,850.000,875.000,-1,750.000,750.000,-1,-1,2,0,2,0,2,0,0,0,0,2,0,0,2,0,0,2,2
27,4758.814,-3196.019,116.864,-28.686,0.877780,0.478786,0.016289,-0.478631,0.875038,0.072251,0.020340,-0.071216,0.997253,0,0.88778,-0.40000,53.267,-0.800,-1,400.000,-1,400.000,-1,325.000,325.000,300.000,300.000,-1,850.000,850.000,-1,750.000,750.000,-1,-1,2,0,2,0,2,0,0,0,0,2,0,0,2,0,0,2,2
28,4805.291,-3222.043,117.989,-29.246,0.873083,0.487319,0.015655,-0.487082,0.870323,0.072723,0.021815,-0.071119,0.997229,0,0.88778,-0.28000,53.267,-0.560,-1,400.000,-1,400.000,-1,325.000,325.000,300.000,300.000,-1,850.000,850.000,-1,750.000,775.000,-1,-1,2,0,2,0,2,0,0,0,0,2,0,0,2,0,0,2,2
29,4851.622,-3248.326,119.128,-29.566,0.870366,0.492173,0.015091,-0.491871,0.867589,0.073155,0.022912,-0.071095,0.997206,0,0.88778,-0.16000,53.267,-0.320,-1,400.000,-1,400.000,-1,325.000,325.000,300.000,300.000,-1,850.000,850.000,-1,750.000,775.000,-1,-1,2,0,2,0,2,0,0,0,0,2,0,0,2,0,0,2,2
30,4897.916,-3274.674,120.264,-29.646,0.869690,0.493382,0.014592,-0.493032,0.866898,0.073537,0.023632,-0.071148,0.997186,0,0.88778,-0.04000,53.267,-0.080,-1,400.000,-1,400.000,-1,325.000,325.000,300.000,300.000,-1,850.000,850.000,-1,750.000,775.000,-1,-1,2,0,2,0,2,0,0,0,0,2,0,0,2,0,0,2,2
31,4944.284,-3300.892,121.390,-29.486,0.871070,0.490954,0.014148,-0.490572,0.868263,0.073881,0.023988,-0.071296,0.997167,0,0.88778,0.08000,53.267,0.160,-1,400.000,-1,400.000,-1,325.000,325.000,300.000,300.000,-1,850.000,875.000,-1,750.000,775.000,-1,-1,2,0,2,0,2,0,0,0,0,2,0,0,2,0,0,2,2
32,4991.050,-3326.907,122.493,-29.086,0.874477,0.484873,0.013752,-0.484474,0.871654,0.074184,0.023983,-0.071535,0.997150,0,0.89192,0.20000,53.515,0.400,-1,400.000,-1,400.000,-1,325.000,325.000,300.000,300.000,-1,875.000,875.000,-1,750.000,800.000,-1,-1,2,0,2,0,2,0,0,0,0,2,0,0,2,0,0,2,2
33,5038.474,-3352.597,123.580,-28.446,0.879831,0.475097,0.013414,-0.474702,0.876999,0.074366,0.023567,-0.071797,0.997141,0,0.89893,0.32000,53.936,0.640,-1,400.000,-1,400.000,-1,325.000,325.000,300.000,300.000,-1,900.000,900.000,-1,775.000,800.000,-1,-1,2,0,2,0,2,0,0,0,0,2,0,0,2,0,0,2,2
34,5086.664,-3377.753,124.667,-27.566,0.887007,0.461567,0.013168,-0.461200,0.884184,0.074251,0.022629,-0.071934,0.997153,0,0.90601,0.44000,54.361,0.880,-1,400.000,-1,400.000,-1,325.000,325.000,300.000,300.000,-1,925.000,925.000,-1,775.000,800.000,-1,-1,2,0,2,0,2,0,0,0,0,2,0,0,2,0,0,2,2
35,5135.687,-3402.218,125.789,-26.522,0.895243,0.445387,0.013077,-0.445078,0.892460,0.073623,0.021120,-0.071731,0.997200,0,0.91315,0.52201,54.789,1.044,-1,400.000,-1,400.000,-1,325.000,325.000,300.000,300.000,-1,1000.000,1000.000,-1,775.000,800.000,-1,-1,2,0,2,0,2,0,0,0,0,2,0,0,2,0,0,2,2
36,5185.537,-3425.973,126.851,-25.479,0.903177,0.429072,0.013008,-0.428821,0.900436,0.072985,0.019603,-0.071496,0.997248,0,0.92035,0.52159,55.221,1.043,-1,400.000,-1,400.000,-1,325.000,325.000,300.000,300.000,-1,-1,-1,-1,775.000,800.000,-1,-1,2,0,2,0,2,0,0,0,0,2,2,2,2,0,0,2,2
37,5236.207,-3448.997,127.856,-24.437,0.910803,0.412638,0.012946,-0.412445,0.908107,0.072329,0.018089,-0.071218,0.997297,0,0.92760,0.52089,55.656,1.042,-1,400.000,-1,400.000,-1,325.000,325.000,300.000,300.000,-1,-1,-1,-1,775.000,825.000,-1,-1,2,0,2,0,2,0,0,0,0,2,2,2,2,0,0,2,2
38,5287.687,-3471.271,128.789,-23.397,0.918116,0.396099,0.012961,-0.395966,0.915462,0.071695,0.016533,-0.070956,0.997342,0,0.93489,0.51989,56.093,1.040,-1,400.000,-1,400.000,-1,325.000,325.000,300.000,300.000,-1,-1,-1,-1,775.000,825.000,-1,-1,2,0,2,0,2,0,0,0,0,2,2,2,2,0,0,2,2
39,5339.968,-3492.777,129.652,-22.360,0.925112,0.379469,0.013070,-0.379401,0.922497,0.071097,0.014923,-0.070731,0.997384,0,0.94220,0.51857,56.532,1.037,-1,400.000,-1,400.000,-1,325.000,325.000,300.000,300.000,-1,-1,-1,-1,775.000,825.000,-1,-1,2,0,2,0,2,0,0,0,0,2,2,2,2,0,0,2,2
40,5393.037,-3513.495,130.412,-21.326,0.931784,0.362771,0.013213,-0.362769,0.929214,0.070422,0.013269,-0.070411,0.997430,0,0.94951,0.51692,56.971,1.034,-1,400.000,-1,400.000,-1,325.000,325.000,300.000,300.000,-1,-1,-1,-1,775.000,-1,-1,-1,2,0,2,0,2,0,0,0,0,2,2,2,2,0,2,2,2
41,5446.882,-3533.409,131.059,-20.296,0.938131,0.346023,0.013376,-0.346088,0.935613,0.069651,0.011586,-0.069971,0.997482,0,0.95682,0.51490,57.409,1.030,-1,400.000,-1,400.000,-1,325.000,325.000,300.000,300.000,-1,-1,-1,-1,775.000,-1,-1,-1,2,0,2,0,2,0,0,0,0,2,2,2,2,0,2,2,2
42,5501.486,-3552.500,131.611,-19.271,0.944148,0.329242,0.013553,-0.329372,0.941686,0.068855,0.009907,-0.069473,0.997535,0,0.96411,0.51250,57.846,1.025,-1,400.000,-1,400.000,-1,325.000,325.000,300.000,300.000,-1,-1,-1,-1,775.000,-1,-1,-1,2,0,2,0,2,0,0,0,0,2,2,2,2,0,2,2,2
43,5556.834,-3570.753,132.070,-18.252,0.949835,0.312449,0.013743,-0.312643,0.947431,0.068036,0.008237,-0.068920,0.997588,0,0.97134,0.50970,58.280,1.019,-1,400.000,-1,400.000,-1,325.000,325.000,300.000,300.000,-1,-1,-1,-1,775.000,-1,-1,-1,2,0,2,0,2,0,0,0,0,2,2,2,2,0,2,2,2
44,5612.906,-3588.153,132.434,-17.239,0.955190,0.295665,0.013947,-0.295920,0.952846,0.067198,0.006579,-0.068314,0.997642,0,0.97850,0.50644,58.710,1.013,-1,400.000,-1,400.000,-1,325.000,325.000,300.000,300.000,-1,-1,-1,-1,750.000,-1,-1,-1,2,0,2,0,2,0,0,0,0,2,2,2,2,0,2,2,2
45,5669.681,-3604.683,132.706,-16.233,0.960212,0.278912,0.014162,-0.279228,0.957930,0.066342,0.004937,-0.067657,0.997696,0,0.98555,0.50271,59.133,1.005,-1,400.000,-1,425.000,-1,325.000,325.000,300.000,300.000,-1,-1,-1,-1,750.000,-1,-1,-1,2,0,2,1,2,1,1,0,0,2,2,2,2,0,2,2,2
46,5727.135,-3620.333,132.887,-15.237,0.964902,0.262216,0.014388,-0.262589,0.962684,0.065471,0.003316,-0.066951,0.997751,0,0.99246,0.49846,59.548,0.997,-1,400.000,-1,450.000,-1,325.000,325.000,300.000,300.000,-1,-1,-1,-1,750.000,-1,-1,-1,2,0,2,1,2,1,1,0,0,2,2,2,2,0,2,2,2
47,5785.241,-3635.090,132.977,-14.249,0.969260,0.245602,0.014624,-0.246031,0.967108,0.064586,0.001720,-0.066199,0.997805,0,0.99918,0.49363,59.951,0.987,-1,400.000,-1,475.000,-1,325.000,350.000,300.000,300.000,-1,-1,-1,-1,750.000,-1,-1,-1,2,0,2,1,2,1,1,0,0,2,2,2,2,0,2,2,2
48,5843.638,-3648.865,132.988,-13.273,0.973289,0.229099,0.014888,-0.229582,0.971206,0.063650,0.000122,-0.065368,0.997861,0,1.00000,0.48819,60.000,0.976,-1,400.000,-1,500.000,-1,325.000,350.000,300.000,300.000,-1,-1,-1,-1,750.000,-1,-1,-1,2,0,2,1,2,1,1,0,0,2,2,2,2,0,2,2,2
49,5902.258,-3661.657,132.917,-12.309,0.976991,0.212736,0.015253,-0.213277,0.974979,0.062682,-0.001536,-0.064493,0.997917,0,1.00000,0.48208,60.000,0.964,-1,400.000,-1,550.000,-1,350.000,375.000,300.000,300.000,-1,-1,-1,-1,750.000,-1,-1,-1,2,1,2,1,2,1,1,0,0,2,2,2,2,0,2,2,2
50,5961.082,-3673.474,132.742,-11.358,0.980371,0.196546,0.015589,-0.197138,0.978433,0.061692,-0.003128,-0.063555,0.997973,0,1.00000,0.47525,60.000,0.950,-1,400.000,-1,600.000,-1,350.000,375.000,300.000,300.000,-1,-1,-1,-1,750.000,-1,-1,-1,2,1,2,1,2,1,1,0,0,2,2,2,2,0,2,2,2
51,6015.331,-3683.677,131.046,-10.648,0.982653,0.184469,0.019081,-0.185251,0.981171,0.054631,-0.008644,-0.057218,0.998324,0,0.92000,0.35525,55.200,0.710,-1,375.000,-1,600.000,-1,350.000,375.000,300.000,300.000,-1,-1,-1,-1,725.000,-1,-1,-1,2,1,2,1,2,1,1,0,0,2,2,2,2,0,2,2,2
52,6064.937,-3692.586,129.427,-10.177,0.984052,0.176462,0.022418,-0.177364,0.982968,0.048118,-0.013545,-0.051327,0.998590,0,0.84000,0.23525,50.400,0.470,-1,375.000,-1,600.000,-1,325.000,375.000,300.000,275.000,-1,-1,-1,-1,700.000,-1,-1,-1,2,1,2,1,2,1,1,0,0,2,2,2,2,0,2,2,2
53,6113.781,-3701.155,127.781,-9.947,0.984663,0.172555,0.025771,-0.173520,0.983951,0.041613,-0.018177,-0.045447,0.998801,0,0.82649,0.11525,49.589,0.230,-1,375.000,-1,-1,-1,325.000,375.000,325.000,275.000,-1,-1,-1,-1,700.000,-1,-1,-1,2,1,2,2,2,1,1,0,0,2,2,2,2,0,2,2,2
54,6162.832,-3709.768,126.079,-9.956,0.984532,0.172763,0.029160,-0.173734,0.984174,0.034905,-0.022668,-0.039432,0.998965,0,0.83004,-0.00475,49.802,-0.010,-1,375.000,-1,-1,-1,325.000,375.000,325.000,250.000,-1,-1,-1,-1,675.000,-1,-1,-1,2,1,2,2,2,1,1,0,0,2,2,2,2,0,2,2,2
55,6212.049,-3718.632,124.322,-10.206,0.983657,0.177087,0.032541,-0.178006,0.983634,0.027902,-0.027068,-0.033238,0.999081,0,0.83347,-0.12475,50.008,-0.250,-1,375.000,-1,-1,-1,325.000,375.000,325.000,250.000,-1,-1,-1,-1,650.000,-1,-1,-1,2,1,2,2,2,1,1,0,0,2,2,2,2,0,2,2,2
56,6261.385,-3727.952,122.508,-10.695,0.981986,0.185520,0.035868,-0.186323,0.982275,0.020503,-0.031428,-0.026817,0.999146,0,0.83681,-0.24475,50.208,-0.490,-1,375.000,-1,-1,-1,325.000,400.000,325.000,225.000,-1,-1,-1,-1,650.000,-1,-1,-1,2,1,2,2,2,1,1,0,0,2,2,2,2,1,2,2,2
57,6310.791,-3737.939,120.635,-11.425,0.979414,0.198042,0.039082,-0.198661,0.979987,0.012607,-0.035803,-0.020112,0.999156,0,0.84007,-0.36475,50.404,-0.730,-1,375.000,-1,-1,-1,350.000,500.000,325.000,225.000,-1,-1,-1,-1,675.000,-1,-1,-1,2,1,2,2,2,1,1,0,1,2,2,2,2,1,2,2,2
58,6360.230,-3748.702,118.692,-12.279,0.976213,0.212662,0.042219,-0.213021,0.977039,0.004150,-0.040367,-0.013045,0.999100,0,0.84328,-0.42731,50.597,-0.855,-1,400.000,-1,-1,-1,400.000,675.000,350.000,250.000,-1,-1,-1,-1,725.000,-1,-1,-1,2,1,2,2,2,1,1,0,1,2,2,2,2,1,2,2,2
59,6409.671,-3760.252,116.668,-13.148,0.972731,0.227461,0.045346,-0.227476,0.973771,-0.004886,-0.045268,-0.005562,0.998959,0,0.84620,-0.43418,50.772,-0.868,-1,425.000,-1,-1,-1,450.000,-1,350.000,250.000,-1,-1,-1,-1,800.000,-1,-1,-1,2,1,2,2,2,1,2,0,1,2,2,2,2,1,2,2,2
60,6459.065,-3772.598,114.558,-14.032,0.968952,0.242456,0.048441,-0.242032,0.970159,-0.014531,-0.050519,0.002356,0.998720,0,0.84855,-0.44189,50.913,-0.884,-1,450.000,-1,-1,-1,525.000,-1,350.000,250.000,-1,-1,-1,-1,850.000,-1,-1,-1,2,1,2,2,2,1,2,0,1,2,2,2,2,1,2,2,2
61,6508.353,-3785.743,112.301,-14.933,0.964852,0.257671,0.051639,-0.256707,0.966176,-0.024617,-0.056235,0.010496,0.998362,0,0.85017,-0.45059,51.010,-0.901,-1,500.000,-1,-1,-1,700.000,-1,350.000,250.000,-1,-1,-1,-1,900.000,-1,-1,-1,2,1,2,2,2,1,2,0,1,2,2,2,2,1,2,2,2
62,6557.465,-3799.691,108.892,-15.854,0.960146,0.273153,0.059220,-0.271660,0.961858,-0.032090,-0.065727,0.014723,0.997729,0,0.85087,-0.46047,51.052,-0.921,-1,525.000,-1,-1,-1,825.000,-1,350.000,250.000,-1,-1,-1,-1,925.000,-1,-1,-1,2,1,2,2,2,1,2,0,1,2,2,2,2,1,2,2,2
63,6606.314,-3814.437,104.909,-16.797,0.954870,0.288941,0.068818,-0.286837,0.957188,-0.038935,-0.077121,0.017438,0.996869,0,0.85040,-0.47175,51.024,-0.943,875.000,575.000,-1,-1,-1,825.000,-1,350.000,275.000,-1,-1,-1,-1,950.000,-1,-1,-1,0,1,2,2,2,1,2,0,1,2,2,2,2,1,2,2,2
64,-2951.700,9511.019,-102.411,62.529,0.461127,-0.886835,0.029761,0.887312,0.461093,-0.008404,-0.006269,0.030283,0.999522,1,0.00000,0.00000,50.906,-0.969,-1,450.000,-1,425.000,-1,350.000,350.000,300.000,300.000,-1,-1,-1,-1,-1,-1,-1,-1,2,0,2,0,2,0,0,0,0,2,2,2,2,2,2,2,2
65,-2949.503,9515.287,-102.465,62.769,0.457395,-0.888756,0.030032,0.889239,0.457373,-0.007991,-0.006634,0.030361,0.999517,0,0.08000,0.12000,4.800,0.240,-1,450.000,-1,425.000,-1,350.000,350.000,300.000,300.000,-1,-1,-1,-1,-1,-1,-1,-1,2,0,2,0,2,0,0,0,0,2,2,2,2,2,2,2,2
66,-2945.182,9523.860,-102.569,63.249,0.449906,-0.892553,0.030564,0.893045,0.449910,-0.007152,-0.007367,0.030512,0.999507,0,0.16000,0.24000,9.600,0.480,-1,450.000,-1,425.000,-1,350.000,350.000,300.000,300.000,-1,-1,-1,-1,-1,-1,-1,-1,2,0,2,0,2,0,0,0,0,2,2,2,2,2,2,2,2
67,-2938.862,9536.799,-102.718,63.969,0.438613,-0.898130,0.031334,0.898636,0.438655,-0.005866,-0.008477,0.030730,0.999492,0,0.24000,0.36000,14.400,0.720,-1,450.000,-1,425.000,-1,350.000,350.000,300.000,300.000,-1,-1,-1,-1,-1,-1,-1,-1,2,0,2,0,2,0,0,0,0,2,2,2,2,2,2,2,2
68,-2930.727,9554.190,-102.902,64.929,0.423445,-0.905346,0.032309,0.905867,0.423543,-0.004099,-0.009974,0.031004,0.999470,0,0.32000,0.48000,19.200,0.960,-1,450.000,-1,425.000,-1,350.000,350.000,300.000,300.000,-1,-1,-1,-1,-1,-1,-1,-1,2,0,2,0,2,0,0,0,0,2,2,2,2,2,2,2,2
69,-2921.014,9576.137,-103.110,66.129,0.404315,-0.914008,0.033443,0.914543,0.404486,-0.001812,-0.011871,0.031317,0.999439,0,0.40000,0.60000,24.000,1.200,-1,450.000,-1,425.000,-1,350.000,325.000,325.000,300.000,-1,-1,-1,-1,-1,-1,-1,-1,2,0,2,0,2,0,0,0,0,2,2,2,2,2,2,2,2
70,-2910.025,9602.758,-103.328,67.569,0.381122,-0.923874,0.034671,0.924416,0.381385,0.001041,-0.014185,0.031654,0.999398,0,0.48000,0.72000,28.800,1.440,-1,450.000,-1,400.000,-1,350.000,325.000,325.000,275.000,-1,-1,-1,-1,-1,-1,-1,-1,2,0,2,0,2,0,0,0,0,2,2,2,2,2,2,2,2
71,-2899.124,9631.527,-103.533,69.249,0.353767,-0.934649,0.035784,0.935186,0.354132,0.004224,-0.016620,0.031970,0.999351,0,0.51275,0.84000,30.765,1.680,-1,450.000,-1,425.000,-1,350.000,325.000,325.000,275.000,-1,-1,-1,-1,-1,-1,-1,-1,2,0,2,0,2,0,0,0,0,2,2,2,2,2,2,2,2
72,-2889.006,9661.194,-103.710,71.169,0.322144,-0.945981,0.036654,0.946499,0.322616,0.007618,-0.019031,0.032239,0.999299,0,0.52242,0.96000,31.345,1.920,-1,450.000,-1,425.000,-1,350.000,350.000,325.000,275.000,-1,-1,-1,-1,-1,-1,-1,-1,2,0,2,0,2,0,0,0,0,2,2,2,2,2,2,2,2
73,-2879.757,9691.770,-103.842,73.169,0.288820,-0.956657,0.037278,0.957142,0.289403,0.011208,-0.021511,0.032443,0.999242,0,0.53240,1.00000,31.944,2.000,-1,450.000,-1,425.000,-1,350.000,350.000,325.000,275.000,-1,-1,-1,-1,-1,-1,-1,-1,2,0,2,0,2,0,0,0,0,2,2,2,2,2,2,2,2
74,-2871.423,9723.242,-103.918,75.169,0.255140,-0.966170,0.037658,0.966604,0.255839,0.014976,-0.024103,0.032580,0.999178,0,0.54262,1.00000,32.557,2.000,-1,450.000,-1,425.000,-1,350.000,350.000,325.000,275.000,-1,-1,-1,-1,-1,-1,-1,-1,2,0,2,0,2,0,0,0,0,2,2,2,2,2,2,2,2
75,-2864.054,9755.595,-103.938,77.169,0.221148,-0.974508,0.037778,0.974872,0.221963,0.018905,-0.026809,0.032648,0.999107,0,0.55302,1.00000,33.181,2.000,-1,450.000,-1,425.000,-1,350.000,350.000,325.000,300.000,-1,-1,-1,-1,-1,-1,-1,-1,2,0,2,0,2,0,0,0,0,2,2,2,2,2,2,2,2
76,-2857.699,9788.805,-104.157,79.169,0.186946,-0.981694,0.036444,0.981948,0.187825,0.022362,-0.028798,0.031606,0.999085,0,0.56355,1.00000,33.813,2.000,-1,450.000,-1,425.000,-1,350.000,350.000,325.000,300.000,-1,-1,-1,-1,-1,-1,-1,-1,2,0,2,0,2,0,0,0,0,2,2,2,2,2,2,2,2
77,-2851.770,9826.960,-104.798,81.169,0.152563,-0.987745,0.032943,0.987791,0.153464,0.026802,-0.031529,0.028452,0.999098,0,0.64355,1.00000,38.613,2.000,-1,450.000,-1,450.000,-1,350.000,350.000,300.000,300.000,-1,-1,-1,-1,-1,-1,-1,-1,2,0,2,0,2,0,0,0,0,2,2,2,2,2,2,2,2
78,-2846.723,9869.082,-105.804,83.169,0.118020,-0.992586,0.029055,0.992420,0.118909,0.031050,-0.034275,0.025170,0.999095,0,0.70705,1.00000,42.423,2.000,975.000,450.000,-1,450.000,-1,350.000,350.000,300.000,300.000,-1,-1,-1,-1,-1,-1,-1,-1,1,0,2,0,2,0,0,0,0,2,2,2,2,2,2,2,2
79,-2842.549,9916.120,-108.450,84.929,0.087344,-0.995727,0.029992,0.995488,0.088364,0.034570,-0.037072,0.026837,0.998952,0,0.78705,0.88000,47.223,1.760,925.000,450.000,-1,450.000,-1,350.000,350.000,300.000,300.000,-1,-1,-1,-1,-1,-1,-1,-1,1,0,2,0,2,0,0,0,0,2,2,2,2,2,2,2,2
80,-2839.355,9967.588,-111.353,86.449,0.060744,-0.997676,0.030860,0.997334,0.061918,0.038627,-0.040448,0.028431,0.998777,0,0.85945,0.76000,51.567,1.520,875.000,425.000,-1,425.000,-1,350.000,350.000,300.000,300.000,-1,-1,-1,-1,-1,-1,-1,-1,1,0,2,0,2,0,0,0,0,2,2,2,2,2,2,2,2
81,-2837.276,10020.017,-114.264,87.729,0.038286,-0.998772,0.031433,0.998299,0.039614,0.042783,-0.043976,0.029742,0.998590,0,0.87450,0.64000,52.470,1.280,825.000,425.000,-1,425.000,-1,350.000,350.000,300.000,300.000,-1,-1,-1,-1,-1,-1,-1,-1,1,0,2,0,2,0,0,0,0,2,2,2,2,2,2,2,2
82,-2836.129,10073.380,-117.193,88.769,0.019997,-0.999295,0.031765,0.998663,0.021479,0.047019,-0.047668,0.030782,0.998389,0,0.88958,0.52000,53.375,1.040,775.000,425.000,-1,425.000,-1,350.000,350.000,300.000,300.000,-1,-1,-1,-1,-1,-1,1000.000,-1,1,0,2,0,2,0,0,0,0,2,2,2,2,2,2,1,2
83,-2835.720,10127.664,-120.146,89.569,0.005891,-0.999473,0.031909,0.998654,0.007524,0.051323,-0.051536,0.031563,0.998172,0,0.90475,0.40000,54.285,0.800,725.000,425.000,-1,425.000,-1,350.000,350.000,300.000,275.000,-1,-1,-1,-1,1000.000,-1,925.000,-1,1,1,2,1,2,0,0,0,0,2,2,2,2,1,2,1,2
84,-2835.844,10182.866,-123.130,90.129,-0.004027,-0.999482,0.031921,0.998446,-0.002245,0.055690,-0.055590,0.032096,0.997938,0,0.92003,0.28000,55.202,0.560,675.000,575.000,-1,-1,-1,325.000,325.000,300.000,275.000,-1,-1,-1,-1,975.000,-1,875.000,-1,1,1,2,2,2,0,0,0,0,2,2,2,2,1,2,1,2
85,-2836.283,10238.995,-126.155,90.449,-0.009756,-0.999445,0.031860,0.998161,-0.007827,0.060118,-0.059836,0.032388,0.997683,0,0.93549,0.16000,56.130,0.320,625.000,625.000,-1,-1,-1,-1,-1,300.000,300.000,-1,-1,-1,-1,950.000,-1,825.000,-1,1,1,2,2,2,2,2,0,0,2,2,2,2,1,2,1,2
86,-2836.809,10296.064,-129.229,90.529,-0.011295,-0.999431,0.031786,0.997868,-0.009222,0.064609,-0.064279,0.032448,0.997404,0,0.95118,0.04000,57.071,0.080,575.000,650.000,-1,-1,-1,-1,-1,300.000,300.000,-1,-1,-1,-1,925.000,-1,800.000,-1,1,1,2,2,2,2,2,0,0,2,2,2,2,1,2,1,2
87,-2837.180,10353.763,-132.342,90.369,-0.008644,-0.999458,0.031759,0.997586,-0.006431,0.069140,-0.068898,0.032280,0.997101,0,0.96166,-0.08000,57.700,-0.160,525.000,675.000,-1,-1,-1,-1,-1,300.000,300.000,-1,-1,-1,-1,950.000,-1,775.000,-1,1,1,2,2,2,2,2,0,0,2,2,2,2,1,2,1,2
88,-2837.148,10411.909,-135.493,89.969,-0.001805,-0.999491,0.031841,0.997281,0.000547,0.073696,-0.073676,0.031887,0.996772,0,0.96908,-0.20000,58.145,-0.400,500.000,725.000,-1,-1,-1,-1,-1,300.000,300.000,-1,-1,-1,-1,1000.000,-1,750.000,-1,1,1,2,2,2,2,2,0,0,2,2,2,2,1,2,1,2
89,-2836.461,10470.493,-138.687,89.329,0.009221,-0.999442,0.032093,0.996863,0.011711,0.078277,-0.078610,0.031270,0.996415,0,0.97646,-0.32000,58.587,-0.640,475.000,750.000,-1,-1,-1,-1,-1,300.000,300.000,-1,-1,-1,-1,-1,-1,775.000,-1,1,1,2,2,2,2,2,0,0,2,2,2,2,2,2,1,2
90,-2834.861,10529.500,-150.463,88.449,0.023183,-0.998972,0.038950,0.994416,0.027055,0.102006,-0.102955,0.036367,0.994021,0,0.98372,-0.44000,59.023,-0.880,425.000,775.000,-1,-1,-1,-1,-1,300.000,275.000,-1,-1,-1,-1,-1,-1,775.000,-1,1,1,2,2,2,2,2,0,0,2,2,2,2,2,2,1,2
91,-2832.275,10588.906,-170.679,87.508,0.034797,-0.997548,0.060729,0.988176,0.043422,0.147049,-0.149325,0.054894,0.987263,0,0.99079,-0.47054,59.448,-0.941,350.000,725.000,-1,-1,-1,-1,-1,275.000,200.000,-1,-1,-1,-1,-1,-1,650.000,-1,1,1,2,2,2,2,2,0,0,2,2,2,2,2,2,1,2
92,8199.153,2951.695,-125.904,-12.384,0.976722,0.214457,-0.004711,-0.214487,0.976699,-0.007429,0.003008,0.008266,0.999961,1,0.00000,0.00000,59.858,-0.929,-1,375.000,-1,400.000,-1,325.000,325.000,300.000,300.000,-1,-1,-1,-1,725.000,800.000,-1,-1,2,0,2,0,2,0,0,0,0,2,2,2,2,0,0,2,2
93,8203.837,2950.646,-125.893,-12.624,0.975815,0.218546,-0.004695,-0.218576,0.975791,-0.007547,0.002932,0.008391,0.999961,0,0.08000,-0.12000,4.800,-0.240,-1,375.000,-1,400.000,-1,325.000,325.000,300.000,300.000,-1,-1,-1,-1,725.000,800.000,-1,-1,2,0,2,0,2,0,0,0,0,2,2,2,2,0,0,2,2
94,8213.187,2948.470,-125.874,-13.104,0.973951,0.226712,-0.004661,-0.226743,0.973924,-0.007784,0.002774,0.008638,0.999959,0,0.16000,-0.24000,9.600,-0.480,-1,375.000,-1,400.000,-1,325.000,325.000,300.000,300.000,-1,-1,-1,-1,725.000,800.000,-1,-1,2,0,2,0,2,0,0,0,0,2,2,2,2,0,0,2,2
95,8227.170,2945.029,-125.847,-13.824,0.971025,0.238932,-0.004607,-0.238963,0.970995,-0.008141,0.002528,0.009006,0.999956,0,0.24000,-0.36000,14.400,-0.720,-1,375.000,-1,400.000,-1,325.000,325.000,300.000,300.000,-1,-1,-1,-1,725.000,800.000,-1,-1,2,0,2,0,2,0,0,0,0,2,2,2,2,0,0,2,2
96,8245.750,2940.193,-125.815,-14.590,0.967747,0.251883,-0.004536,-0.251914,0.967711,-0.008620,0.002218,0.009484,0.999953,0,0.32000,-0.38277,19.200,-0.766,-1,375.000,-1,400.000,-1,325.000,325.000,300.000,300.000,-1,-1,-1,-1,725.000,800.000,-1,-1,2,0,2,0,2,0,0,0,0,2,2,2,2,0,0,2,2
97,8268.894,2933.838,-125.783,-15.355,0.964298,0.264783,-0.004446,-0.264814,0.964255,-0.009220,0.001846,0.010068,0.999948,0,0.40000,-0.38262,24.000,-0.765,-1,375.000,-1,400.000,-1,325.000,325.000,300.000,300.000,-1,-1,-1,-1,725.000,800.000,-1,-1,2,0,2,0,2,0,0,0,0,2,2,2,2,0,0,2,2
98,8296.561,2925.842,-125.756,-16.120,0.960678,0.277632,-0.004337,-0.277662,0.960627,-0.009939,0.001407,0.010753,0.999941,0,0.48000,-0.38252,28.800,-0.765,-1,375.000,-1,400.000,-1,325.000,325.000,300.000,300.000,-1,-1,-1,-1,725.000,800.000,-1,-1,2,0,2,0,2,0,0,0,0,2,2,2,2,0,0,2,2
99,8325.085,2917.184,-125.743,-16.885,0.956886,0.290432,-0.004218,-0.290461,0.956827,-0.010682,0.000934,0.011447,0.999934,0,0.49681,-0.38253,29.809,-0.765,-1,375.000,-1,400.000,-1,325.000,325.000,300.000,300.000,-1,-1,-1,-1,725.000,800.000,-1,-1,2,0,2,0,2,0,0,0,0,2,2,2,2,0,0,2,2
100,8353.464,2908.154,-125.745,-17.650,0.952923,0.303184,-0.004094,-0.303211,0.952855,-0.011420,0.000439,0.012124,0.999926,0,0.49634,-0.38267,29.781,-0.765,-1,375.000,-1,400.000,-1,325.000,325.000,300.000,300.000,-1,-1,-1,-1,725.000,800.000,-1,-1,2,0,2,0,2,0,0,0,0,2,2,2,2,0,0,2,2
101,8381.693,2898.755,-125.763,-18.416,0.948787,0.315891,-0.003964,-0.315916,0.948709,-0.012154,-0.000078,0.012784,0.999918,0,0.49589,-0.38294,29.753,-0.766,-1,375.000,-1,400.000,-1,325.000,325.000,300.000,300.000,-1,-1,-1,-1,725.000,800.000,-1,-1,2,0,2,0,2,0,0,0,0,2,2,2,2,0,0,2,2
102,8414.376,2887.538,-125.801,-18.942,0.945850,0.324582,-0.003814,-0.324603,0.945761,-0.013004,-0.000614,0.013538,0.999908,0,0.57589,-0.26294,34.553,-0.526,-1,375.000,-1,400.000,-1,325.000,325.000,300.000,300.000,-1,-1,-1,-1,725.000,800.000,-1,-1,2,0,2,0,2,0,0,0,0,2,2,2,2,0,0,2,2
103,8451.480,2874.424,-125.857,-19.466,0.942844,0.333216,-0.003619,-0.333233,0.942740,-0.014018,-0.001259,0.014422,0.999895,0,0.65589,-0.26207,39.353,-0.524,-1,375.000,-1,400.000,-1,325.000,325.000,300.000,300.000,-1,-1,-1,-1,700.000,800.000,-1,-1,2,0,2,0,2,0,0,0,0,2,2,2,2,0,0,2,2
104,8492.972,2859.329,-125.833,-19.992,0.939748,0.341846,-0.003923,-0.341865,0.939622,-0.015465,-0.001601,0.015874,0.999873,0,0.73589,-0.26293,44.153,-0.526,-1,375.000,-1,400.000,-1,325.000,325.000,300.000,300.000,-1,-1,-1,-1,700.000,775.000,-1,-1,2,0,2,0,2,0,0,0,0,2,2,2,2,0,0,2,2
105,8538.820,2842.169,-125.818,-20.520,0.936558,0.350484,-0.004384,-0.350506,0.936404,-0.017120,-0.001895,0.017570,0.999844,0,0.81589,-0.26410,48.953,-0.528,-1,375.000,-1,400.000,-1,325.000,325.000,300.000,300.000,-1,-1,-1,-1,700.000,775.000,-1,-1,2,0,2,0,2,0,0,0,0,2,2,2,2,0,0,2,2
106,8588.986,2822.861,-125.846,-21.052,0.933271,0.359140,-0.004897,-0.359166,0.933082,-0.018907,-0.002221,0.019404,0.999809,0,0.89589,-0.26564,53.753,-0.531,-1,375.000,-1,400.000,-1,325.000,325.000,300.000,300.000,-1,-1,-1,-1,700.000,775.000,-1,-1,2,0,2,0,2,0,0,0,0,2,2,2,2,0,0,2,2
107,8641.473,2802.094,-125.936,-21.587,0.929879,0.367827,-0.005297,-0.367855,0.929653,-0.020669,-0.002678,0.021168,0.999772,0,0.94078,-0.26761,56.447,-0.535,-1,375.000,-1,400.000,-1,325.000,325.000,300.000,300.000,-1,-1,-1,-1,700.000,775.000,-1,-1,2,0,2,0,2,0,0,0,0,2,2,2,2,0,0,2,2
108,8693.771,2780.830,-125.872,-22.127,0.926371,0.376564,-0.005971,-0.376603,0.926127,-0.021416,-0.002534,0.022087,0.999753,0,0.94092,-0.26998,56.455,-0.540,-1,375.000,-1,400.000,-1,325.000,325.000,300.000,300.000,-1,-1,-1,-1,675.000,775.000,-1,-1,2,0,2,0,2,0,0,0,0,2,2,2,2,0,0,2,2
109,8745.883,2759.061,-125.853,-22.672,0.922745,0.385354,-0.006660,-0.385404,0.922483,-0.022091,-0.002369,0.022951,0.999734,0,0.94127,-0.27266,56.476,-0.545,-1,375.000,-1,400.000,-1,325.000,325.000,300.000,300.000,-1,-1,-1,-1,675.000,775.000,-1,-1,2,0,2,0,2,0,0,0,0,2,2,2,2,0,0,2,2
110,8793.459,2738.889,-125.870,-22.977,0.920677,0.390257,-0.007301,-0.390320,0.920400,-0.022670,-0.002127,0.023721,0.999716,0,0.86127,-0.15266,51.676,-0.305,-1,375.000,-1,400.000,-1,325.000,325.000,300.000,300.000,-1,-1,-1,-1,675.000,750.000,-1,-1,2,0,2,0,2,0,0,0,0,2,2,2,2,0,0,2,2
111,8836.595,2720.541,-125.909,-23.043,0.920229,0.391300,-0.007898,-0.391376,0.919939,-0.023167,-0.001799,0.024410,0.999700,0,0.78127,-0.03266,46.876,-0.065,-1,375.000,-1,400.000,-1,325.000,325.000,300.000,300.000,-1,-1,-1,-1,675.000,750.000,-1,-1,2,0,2,0,2,0,0,0,0,2,2,2,2,0,0,2,2
112,8875.796,2703.895,-125.965,-23.008,0.920463,0.390737,-0.008456,-0.390826,0.920162,-0.023603,-0.001442,0.025031,0.999686,0,0.70980,0.01734,42.588,0.035,-1,375.000,-1,400.000,-1,325.000,325.000,300.000,300.000,-1,-1,-1,-1,650.000,750.000,-1,-1,2,0,2,0,2,0,0,0,0,2,2,2,2,0,0,2,2
113,8915.304,2687.149,-126.044,-22.971,0.920713,0.390137,-0.009032,-0.390240,0.920400,-0.024029,-0.001061,0.025649,0.999670,0,0.71517,0.01850,42.910,0.037,-1,375.000,-1,400.000,-1,325.000,325.000,300.000,300.000,-1,-1,-1,-1,650.000,750.000,-1,-1,2,0,2,0,2,0,0,0,0,2,2,2,2,0,0,2,2
114,8955.121,2670.303,-126.147,-22.932,0.920977,0.389497,-0.009627,-0.389616,0.920653,-0.024444,-0.000658,0.026263,0.999655,0,0.72057,0.01971,43.234,0.039,-1,375.000,-1,400.000,-1,325.000,325.000,300.000,300.000,-1,-1,-1,-1,650.000,725.000,-1,-1,2,0,2,0,2,0,0,0,0,2,2,2,2,0,0,2,2
115,8995.251,2653.361,-126.273,-22.890,0.921258,0.388817,-0.010241,-0.388952,0.920923,-0.024848,-0.000230,0.026875,0.999639,0,0.72600,0.02097,43.560,0.042,-1,375.000,-1,400.000,-1,325.000,325.000,300.000,300.000,-1,-1,-1,-1,650.000,725.000,-1,-1,2,0,2,0,2,0,0,0,0,2,2,2,2,0,0,2,2
116,9035.696,2636.322,-126.441,-22.845,0.921556,0.388093,-0.010850,-0.388245,0.921208,-0.025327,0.000166,0.027553,0.999620,0,0.73145,0.02228,43.887,0.045,-1,375.000,-1,400.000,-1,300.000,325.000,300.000,325.000,-1,-1,-1,-1,650.000,725.000,-1,-1,2,0,2,0,2,0,0,0,0,2,2,2,2,0,0,2,2
117,9076.457,2619.190,-126.536,-22.798,0.921876,0.387320,-0.011323,-0.387486,0.921499,-0.026344,0.000231,0.028674,0.999589,0,0.73693,0.02366,44.216,0.047,-1,375.000,-1,400.000,-1,300.000,325.000,300.000,300.000,-1,-1,-1,-1,625.000,700.000,-1,-1,2,0,2,0,2,0,0,0,0,2,2,2,2,0,0,2,2
118,9117.538,2601.966,-126.516,-22.748,0.922211,0.386493,-0.012237,-0.386687,0.921793,-0.027764,0.000550,0.030336,0.999540,0,0.74243,0.02511,44.546,0.050,-1,350.000,-1,375.000,-1,300.000,300.000,300.000,300.000,-1,-1,-1,-1,625.000,700.000,-1,-1,2,0,2,0,2,0,0,0,0,2,2,2,2,0,0,2,2
119,9158.941,2584.653,-126.221,-22.694,0.922551,0.385601,-0.014526,-0.385870,0.922068,-0.029915,0.001859,0.033203,0.999447,0,0.74795,0.02663,44.877,0.053,-1,350.000,-1,375.000,-1,300.000,300.000,300.000,300.000,-1,-1,-1,-1,625.000,675.000,-1,-1,2,0,2,0,2,0,0,0,0,2,2,2,2,0,0,2,2
120,9200.668,2567.253,-125.951,-22.638,0.922906,0.384654,-0.016890,-0.385011,0.922357,-0.032003,0.003268,0.036039,0.999345,0,0.75349,0.02823,45.209,0.056,-1,350.000,-1,375.000,-1,300.000,300.000,300.000,300.000,-1,-1,-1,-1,625.000,675.000,-1,-1,2,0,2,0,2,0,0,0,0,2,2,2,2,0,0,2,2
121,9246.764,2547.861,-125.669,-22.818,0.921662,0.387502,-0.019549,-0.387966,0.921037,-0.034252,0.004733,0.039153,0.999222,0,0.83349,-0.08990,50.009,-0.180,-1,350.000,-1,375.000,-1,300.000,300.000,325.000,300.000,-1,-1,-1,-1,-1,675.000,-1,-1,2,0,2,0,2,0,0,0,0,2,2,2,2,2,0,2,2
122,9295.445,2527.206,-125.181,-22.993,0.920446,0.390276,-0.021538,-0.390828,0.919754,-0.036139,0.005706,0.041681,0.999115,0,0.88136,-0.08760,52.882,-0.175,-1,350.000,-1,375.000,-1,300.000,300.000,325.000,300.000,-1,-1,-1,-1,-1,675.000,-1,-1,2,0,2,0,2,0,0,0,0,2,2,2,2,2,0,2,2
123,9344.412,2506.257,-124.267,-23.163,0.919226,0.392988,-0.024147,-0.393648,0.918557,-0.035982,0.008040,0.042581,0.999061,0,0.88767,-0.08500,53.260,-0.170,-1,350.000,-1,375.000,-1,300.000,300.000,325.000,300.000,-1,-1,775.000,-1,-1,675.000,-1,-1,2,0,2,0,2,0,0,0,0,2,2,0,2,2,0,2,2
124,9393.665,2485.018,-123.214,-23.327,0.918019,0.395616,-0.026999,-0.396387,0.917413,-0.035093,0.010886,0.042918,0.999019,0,0.89394,-0.08217,53.636,-0.164,-1,350.000,-1,375.000,-1,300.000,300.000,300.000,300.000,-1,1000.000,650.000,-1,-1,675.000,-1,-1,2,0,2,0,2,0,0,0,0,2,0,0,2,2,0,2,2
125,9443.200,2463.495,-122.170,-23.485,0.916836,0.398142,-0.029904,-0.399025,0.916304,-0.034155,0.013802,0.043247,0.998969,0,0.90016,-0.07911,54.009,-0.158,-1,375.000,-1,375.000,-1,300.000,300.000,300.000,300.000,-1,750.000,575.000,-1,-1,-1,-1,-1,2,0,2,0,2,0,0,0,0,2,0,0,2,2,2,2,2
126,9493.017,2441.693,-121.135,-23.637,0.915682,0.400559,-0.032861,-0.401554,0.915235,-0.033168,0.016790,0.043567,0.998909,0,0.90631,-0.07578,54.379,-0.152,-1,375.000,-1,375.000,-1,300.000,300.000,300.000,325.000,-1,650.000,525.000,-1,-1,-1,-1,-1,2,1,2,0,2,0,0,0,0,2,0,0,2,2,2,2,2
127,9543.112,2419.619,-120.111,-23.781,0.914559,0.402857,-0.035874,-0.403964,0.914210,-0.032132,0.019852,0.043878,0.998840,0,0.91238,-0.07216,54.743,-0.144,-1,-1,-1,375.000,-1,300.000,300.000,300.000,325.000,-1,600.000,500.000,-1,-1,-1,-1,-1,2,2,2,0,2,0,0,0,0,2,0,0,2,2,2,2,2
128,9593.482,2397.280,-119.096,-23.918,0.913475,0.405028,-0.038942,-0.406245,0.913236,-0.031047,0.022988,0.044180,0.998759,0,0.91835,-0.06821,55.101,-0.136,-1,-1,-1,375.000,-1,300.000,300.000,300.000,325.000,-1,550.000,450.000,-1,-1,-1,-1,-1,2,2,2,0,2,1,0,0,0,2,0,0,2,2,2,2,2
129,9644.121,2374.686,-118.115,-24.045,0.912429,0.407057,-0.042165,-0.408391,0.912315,-0.029964,0.026271,0.044559,0.998661,0,0.92418,-0.06391,55.451,-0.128,-1,-1,-1,375.000,-1,-1,325.000,300.000,325.000,-1,450.000,375.000,-1,-1,-1,-1,-1,2,2,2,0,2,2,1,0,0,2,0,0,2,2,2,2,2
130,9695.024,2351.849,-117.128,-24.164,0.911432,0.408932,-0.045446,-0.410385,0.911452,-0.028972,0.029574,0.045056,0.998547,0,0.92985,-0.05920,55.791,-0.118,-1,-1,-1,-1,-1,-1,-1,300.000,325.000,-1,400.000,325.000,-1,-1,-1,-1,-1,2,2,2,2,2,2,2,0,0,2,0,0,2,2,2,2,2
131,9746.184,2328.782,-115.666,-24.272,0.910541,0.410605,-0.048147,-0.412225,0.910577,-0.030322,0.031391,0.047457,0.998380,0,0.93532,-0.05404,56.119,-0.108,-1,-1,-1,-1,-1,-1,-1,300.000,325.000,-1,400.000,325.000,-1,-1,-1,-1,-1,2,2,2,2,2,2,2,0,0,2,0,0,2,2,2,2,2
132,9797.583,2305.488,-118.870,-24.369,0.910534,0.412413,-0.029050,-0.413043,0.910480,-0.020539,0.017979,0.030700,0.999367,0,0.94053,-0.04837,56.432,-0.097,-1,-1,-1,-1,-1,-1,-1,250.000,325.000,-1,725.000,700.000,-1,-1,-1,-1,-1,2,2,2,2,2,2,2,0,0,2,0,0,2,2,2,2,2
133,9849.218,2282.000,-124.273,-24.453,0.910304,0.413941,0.000438,-0.413933,0.910291,-0.005537,-0.002691,0.004859,0.999985,0,0.94544,-0.04213,56.726,-0.084,-1,-1,-1,-1,-1,-1,-1,200.000,350.000,-1,-1,-1,-1,-1,-1,-1,-1,2,2,2,2,2,2,2,0,0,2,2,2,2,2,2,2,2
134,9901.076,2258.347,-130.296,-24.523,0.909245,0.414948,0.033026,-0.415480,0.909536,0.011001,-0.025474,-0.023724,0.999394,0,0.94996,-0.03522,56.997,-0.070,-1,-1,-1,1000.000,-1,-1,-1,150.000,375.000,-1,-1,-1,-1,-1,-1,-1,-1,2,2,2,1,2,2,2,0,0,2,2,2,2,2,2,2,2
135,6231.444,-6231.477,179.724,-128.669,-0.588966,0.766525,0.256045,-0.789487,-0.613427,0.020413,0.172711,-0.190122,0.966449,1,0.00000,0.00000,57.240,-0.055,-1,450.000,-1,850.000,-1,400.000,475.000,175.000,575.000,-1,-1,-1,-1,-1,-1,-1,-1,2,0,2,0,2,0,0,1,0,2,2,2,2,2,2,2,2
136,-6236.135,-2295.305,44.786,174.526,-0.995020,-0.095379,-0.028965,0.094852,-0.995309,0.019058,-0.030647,0.016216,0.999399,1,0.08000,0.12000,4.800,0.240,-1,375.000,-1,400.000,-1,300.000,325.000,325.000,325.000,-1,-1,-1,-1,800.000,800.000,-1,-1,2,0,2,0,2,0,0,0,0,2,2,2,2,0,0,2,2
137,-6245.699,-2294.469,44.490,175.006,-0.995782,-0.087037,-0.029021,0.086508,-0.996070,0.019020,-0.030562,0.016429,0.999398,0,0.16000,0.24000,9.600,0.480,-1,375.000,-1,400.000,-1,300.000,300.000,325.000,325.000,-1,-1,-1,-1,800.000,800.000,-1,-1,2,0,2,0,2,0,0,0,0,2,2,2,2,0,0,2,2
138,-6260.054,-2293.339,44.050,175.499,-0.996492,-0.078467,-0.029100,0.077935,-0.996778,0.018981,-0.030496,0.016646,0.999396,0,0.24000,0.24639,14.400,0.493,-1,375.000,-1,400.000,-1,300.000,300.000,325.000,325.000,-1,-1,-1,-1,800.000,800.000,-1,-1,2,0,2,0,2,0,0,0,0,2,2,2,2,0,0,2,2
139,-6279.207,-2291.997,43.468,175.991,-0.997126,-0.069901,-0.029204,0.069367,-0.997411,0.018937,-0.030453,0.016857,0.999394,0,0.32000,0.24610,19.200,0.492,-1,400.000,-1,400.000,-1,300.000,300.000,325.000,325.000,-1,-1,-1,-1,800.000,775.000,-1,-1,2,0,2,0,2,0,0,0,0,2,2,2,2,0,0,2,2
140,-6303.162,-2290.525,42.745,176.483,-0.997686,-0.061338,-0.029333,0.060801,-0.997971,0.018885,-0.030432,0.017058,0.999391,0,0.40000,0.24587,24.000,0.492,-1,400.000,-1,400.000,-1,300.000,300.000,325.000,325.000,-1,-1,-1,-1,800.000,775.000,-1,-1,2,0,2,0,2,0,0,0,0,2,2,2,2,0,0,2,2
141,-6331.922,-2289.005,41.883,176.974,-0.998171,-0.052779,-0.029488,0.052238,-0.998457,0.018820,-0.030436,0.017245,0.999388,0,0.48000,0.24564,28.800,0.491,-1,400.000,-1,400.000,-1,300.000,300.000,325.000,325.000,-1,-1,-1,-1,800.000,775.000,-1,-1,2,0,2,0,2,0,0,0,0,2,2,2,2,0,0,2,2
