timestep,x_cm,y_cm,z_cm,yaw_deg,basis_xx,basis_xy,basis_xz,basis_yx,basis_yy,basis_yz,basis_zx,basis_zy,basis_zz,teleport_flag,throttle_cmd,steering_cmd,cmd_move_cm,cmd_turn_deg,lidar_cm_0,lidar_cm_1,lidar_cm_2,lidar_cm_3,lidar_cm_4,lidar_cm_5,lidar_cm_6,lidar_cm_7,lidar_cm_8,lidar_cm_9,lidar_cm_10,lidar_cm_11,lidar_cm_12,lidar_cm_13,lidar_cm_14,lidar_cm_15,lidar_cm_16,lidar_class_0,lidar_class_1,lidar_class_2,lidar_class_3,lidar_class_4,lidar_class_5,lidar_class_6,lidar_class_7,lidar_class_8,lidar_class_9,lidar_class_10,lidar_class_11,lidar_class_12,lidar_class_13,lidar_class_14,lidar_class_15,lidar_class_16
0,1636.829,4923.240,106.005,127.572,-0.606978,-0.787160,-0.109347,0.794250,-0.605574,-0.049467,-0.027279,-0.116874,0.992772,1,0.08000,0.07605,4.800,0.152,-1,450.000,-1,450.000,-1,350.000,350.000,300.000,300.000,-1,-1,-1,-1,-1,-1,-1,-1,2,0,2,0,2,0,0,0,0,2,2,2,2,2,2,2,2
1,1630.955,4930.832,105.668,127.724,-0.608946,-0.785542,-0.110033,0.792699,-0.607656,-0.048815,-0.028516,-0.116949,0.992728,0,0.16000,0.07605,9.600,0.152,-1,450.000,-1,450.000,-1,350.000,350.000,300.000,300.000,-1,-1,-1,-1,-1,-1,-1,-1,2,0,2,0,2,0,0,0,0,2,2,2,2,2,2,2,2
2,1622.113,4942.198,105.150,127.876,-0.610855,-0.783910,-0.111089,0.791165,-0.609727,-0.047859,-0.030217,-0.117124,0.992657,0,0.24000,0.07605,14.400,0.152,-1,450.000,-1,450.000,-1,350.000,350.000,300.000,300.000,-1,-1,-1,-1,-1,-1,-1,-1,2,0,2,0,2,0,0,0,0,2,2,2,2,2,2,2,2
3,1610.284,4957.322,104.441,128.028,-0.612702,-0.782262,-0.112524,0.789650,-0.611785,-0.046602,-0.032385,-0.117408,0.992556,0,0.32000,0.07605,19.200,0.152,-1,450.000,-1,450.000,-1,350.000,350.000,300.000,300.000,-1,-1,-1,-1,-1,-1,-1,-1,2,0,2,0,2,0,0,0,0,2,2,2,2,2,2,2,2
4,1595.448,4976.187,103.522,128.180,-0.614484,-0.780598,-0.114354,0.788152,-0.613830,-0.045053,-0.035026,-0.117812,0.992418,0,0.40000,0.07605,24.000,0.152,-1,450.000,-1,450.000,-1,350.000,350.000,275.000,300.000,-1,-1,-1,-1,-1,-1,-1,-1,2,0,2,0,2,0,0,0,0,2,2,2,2,2,2,2,2
5,1577.584,4998.777,102.376,128.332,-0.616195,-0.778915,-0.116595,0.786669,-0.615860,-0.043218,-0.038143,-0.118352,0.992239,0,0.48000,0.07605,28.800,0.152,-1,450.000,-1,450.000,-1,350.000,350.000,275.000,300.000,-1,-1,-1,-1,1000.000,-1,-1,-1,2,0,2,0,2,0,0,0,0,2,2,2,2,0,2,2,2
6,1556.674,5025.077,100.938,128.484,-0.617851,-0.777226,-0.119077,0.785193,-0.617885,-0.041110,-0.041624,-0.118898,0.992034,0,0.56000,0.07605,33.600,0.152,-1,450.000,-1,450.000,-1,350.000,350.000,275.000,300.000,-1,-1,-1,-1,1000.000,-1,-1,-1,2,0,2,0,2,0,0,0,0,2,2,2,2,0,2,2,2
7,1532.696,5055.072,99.091,128.636,-0.619489,-0.775560,-0.121408,0.783702,-0.619928,-0.038741,-0.045218,-0.119147,0.991846,0,0.64000,0.07605,38.400,0.152,-1,450.000,-1,425.000,-1,350.000,350.000,275.000,300.000,-1,-1,-1,-1,975.000,1000.000,-1,-1,2,0,2,0,2,0,0,0,0,2,2,2,2,0,0,2,2
8,1505.632,5088.744,96.909,128.788,-0.621059,-0.773879,-0.124085,0.782217,-0.621959,-0.036119,-0.049224,-0.119493,0.991614,0,0.72000,0.07605,43.200,0.152,-1,450.000,-1,425.000,-1,350.000,350.000,275.000,300.000,-1,-1,-1,-1,950.000,975.000,-1,-1,2,0,2,0,2,0,0,0,0,2,2,2,2,0,0,2,2
9,1475.462,5126.077,94.355,128.941,-0.622555,-0.772182,-0.127124,0.780736,-0.623976,-0.033259,-0.053641,-0.119956,0.991329,0,0.80000,0.07605,48.000,0.152,-1,450.000,-1,425.000,-1,350.000,350.000,275.000,300.000,-1,-1,-1,-1,925.000,975.000,-1,-1,2,0,2,0,2,0,0,0,0,2,2,2,2,0,0,2,2
10,1442.721,5166.371,91.440,129.093,-0.623982,-0.770468,-0.130484,0.779254,-0.625979,-0.030227,-0.058391,-0.120541,0.990990,0,0.86530,0.07605,51.918,0.152,-1,425.000,-1,425.000,-1,350.000,350.000,275.000,300.000,-1,-1,-1,-1,875.000,950.000,-1,-1,2,0,2,0,2,0,0,0,0,2,2,2,2,0,0,2,2
11,1409.875,5206.578,88.115,129.245,-0.625329,-0.768828,-0.133671,0.777742,-0.628042,-0.026097,-0.063887,-0.120281,0.990682,0,0.86530,0.07605,51.918,0.152,-1,425.000,-1,425.000,-1,350.000,350.000,275.000,275.000,-1,-1,-1,-1,850.000,900.000,-1,-1,2,0,2,0,2,0,0,0,0,2,2,2,2,0,0,2,2
12,1376.922,5246.698,84.681,129.397,-0.626668,-0.767169,-0.136892,0.776205,-0.630090,-0.022185,-0.069234,-0.120159,0.990338,0,0.86530,0.07605,51.918,0.152,-1,425.000,-1,425.000,-1,350.000,350.000,275.000,275.000,-1,-1,-1,-1,825.000,875.000,-1,-1,2,0,2,0,2,0,0,0,0,2,2,2,2,0,0,2,2
13,1343.862,5286.731,81.176,129.549,-0.628017,-0.765495,-0.140041,0.774643,-0.632126,-0.018568,-0.074310,-0.120143,0.989972,0,0.86530,0.07605,51.918,0.152,-1,400.000,-1,425.000,-1,325.000,325.000,300.000,275.000,-1,-1,-1,-1,800.000,850.000,-1,-1,2,0,2,0,2,0,0,0,0,2,2,2,2,0,0,2,2
14,1310.696,5326.675,77.598,129.701,-0.629378,-0.763805,-0.143124,0.773061,-0.634148,-0.015245,-0.079118,-0.120238,0.989587,0,0.86530,0.07605,51.918,0.152,-1,400.000,-1,400.000,-1,325.000,325.000,300.000,275.000,-1,-1,-1,-1,775.000,825.000,-1,-1,2,0,2,0,2,0,0,0,0,2,2,2,2,0,0,2,2
15,1277.423,5366.531,73.814,129.853,-0.630780,-0.762050,-0.146273,0.771485,-0.636116,-0.012888,-0.083225,-0.120977,0.989160,0,0.86530,0.07605,51.918,0.152,-1,400.000,-1,400.000,-1,325.000,325.000,300.000,300.000,-1,-1,-1,-1,750.000,800.000,-1,-1,2,0,2,0,2,0,0,0,0,2,2,2,2,0,0,2,2
16,1244.045,5406.298,69.886,130.005,-0.632224,-0.760273,-0.149259,0.769903,-0.638065,-0.011040,-0.086844,-0.121895,0.988736,0,0.86530,0.07605,51.918,0.152,-1,400.000,-1,400.000,-1,325.000,325.000,300.000,300.000,-1,-1,-1,-1,725.000,775.000,-1,-1,2,0,2,0,2,0,0,0,0,2,2,2,2,0,0,2,2
17,1210.563,5445.978,65.501,130.157,-0.633950,-0.758618,-0.150352,0.768221,-0.640117,-0.009374,-0.089131,-0.121446,0.988588,0,0.86530,0.07605,51.918,0.152,-1,375.000,-1,400.000,-1,325.000,325.000,300.000,300.000,-1,-1,-1,-1,700.000,750.000,-1,-1,2,0,2,0,2,0,0,0,0,2,2,2,2,0,0,2,2
18,1176.977,5485.569,61.042,130.310,-0.635709,-0.756957,-0.151296,0.766527,-0.642163,-0.007927,-0.091157,-0.121012,0.988457,0,0.86530,0.07605,51.918,0.152,-1,375.000,-1,400.000,-1,325.000,325.000,300.000,300.000,-1,-1,-1,-1,700.000,750.000,-1,-1,2,0,2,0,2,0,0,0,0,2,2,2,2,0,0,2,2
19,1143.285,5525.070,56.559,130.462,-0.637540,-0.755307,-0.151837,0.764812,-0.644219,-0.006687,-0.092765,-0.120390,0.988383,0,0.86530,0.07605,51.918,0.152,1000.000,375.000,-1,400.000,-1,300.000,325.000,300.000,300.000,-1,-1,-1,-1,675.000,725.000,-1,-1,0,0,2,0,2,0,0,0,0,2,2,2,2,0,0,2,2
20,1106.281,5568.054,51.622,130.726,-0.640911,-0.752417,-0.151995,0.761805,-0.647782,-0.005576,-0.094265,-0.119365,0.988365,0,0.94530,0.13234,56.718,0.265,950.000,375.000,-1,375.000,-1,300.000,325.000,300.000,300.000,-1,-1,-1,-1,650.000,725.000,1000.000,-1,0,0,2,0,2,0,0,0,0,2,2,2,2,0,0,0,2
21,1067.937,5612.181,46.448,130.991,-0.644331,-0.749517,-0.151863,0.758773,-0.651338,-0.004685,-0.095403,-0.118249,0.988390,0,0.97432,0.13234,58.459,0.265,900.000,375.000,-1,375.000,-1,300.000,300.000,300.000,300.000,-1,-1,-1,-1,650.000,700.000,950.000,-1,0,0,2,0,2,0,0,0,0,2,2,2,2,0,0,0,2
22,1029.389,5656.130,41.177,131.256,-0.647812,-0.746610,-0.151372,0.755713,-0.654890,-0.004048,-0.096109,-0.117016,0.988469,0,0.97432,0.13234,58.459,0.265,875.000,375.000,-1,375.000,-1,300.000,300.000,300.000,300.000,-1,-1,-1,-1,625.000,700.000,900.000,-1,0,0,2,0,2,0,0,0,0,2,2,2,2,0,0,0,2
23,990.640,5699.901,35.706,131.520,-0.651574,-0.743726,-0.149405,0.752599,-0.658464,-0.004397,-0.095108,-0.115307,0.988766,0,0.97432,0.13234,58.459,0.265,850.000,375.000,-1,375.000,-1,300.000,300.000,300.000,300.000,-1,-1,-1,-1,625.000,700.000,875.000,-1,0,0,2,0,2,0,0,0,0,2,2,2,2,0,0,0,2
24,951.688,5743.493,30.348,131.785,-0.655358,-0.740777,-0.147499,0.749499,-0.661982,-0.005487,-0.093577,-0.114146,0.989047,0,0.97432,0.13234,58.459,0.265,825.000,375.000,-1,375.000,-1,300.000,300.000,300.000,300.000,-1,-1,-1,-1,625.000,675.000,875.000,-1,0,0,2,0,2,0,0,0,0,2,2,2,2,0,0,0,2
25,912.536,5786.903,25.034,132.050,-0.659136,-0.737806,-0.145539,0.746383,-0.665483,-0.006670,-0.091932,-0.113024,0.989330,0,0.97432,0.13234,58.459,0.265,825.000,375.000,-1,375.000,-1,300.000,300.000,300.000,300.000,-1,-1,-1,-1,600.000,675.000,850.000,-1,0,0,2,0,2,0,0,0,0,2,2,2,2,0,0,0,2
26,873.183,5830.133,19.758,132.314,-0.662908,-0.734816,-0.143521,0.743249,-0.668968,-0.007929,-0.090185,-0.111928,0.989616,0,0.97432,0.13234,58.459,0.265,800.000,375.000,-1,375.000,-1,300.000,300.000,300.000,300.000,-1,-1,-1,-1,600.000,675.000,825.000,-1,0,0,2,0,2,0,0,0,0,2,2,2,2,0,0,0,2
27,833.632,5873.180,14.491,132.579,-0.666668,-0.731815,-0.141423,0.740091,-0.672445,-0.009119,-0.088426,-0.110745,0.989907,0,0.97432,0.13234,58.459,0.265,775.000,350.000,-1,375.000,-1,300.000,300.000,325.000,325.000,-1,-1,-1,-1,600.000,675.000,800.000,-1,0,0,2,0,2,0,0,0,0,2,2,2,2,0,0,0,2
28,793.881,5916.044,9.286,132.844,-0.670424,-0.728789,-0.139281,0.736919,-0.675899,-0.010488,-0.086496,-0.109670,0.990197,0,0.97432,0.13234,58.459,0.265,775.000,350.000,-1,375.000,-1,300.000,300.000,325.000,325.000,-1,-1,-1,-1,575.000,675.000,775.000,-1,0,0,2,0,2,0,0,0,0,2,2,2,2,0,0,0,2
29,753.934,5958.724,4.142,133.108,-0.674176,-0.725736,-0.137093,0.733733,-0.679331,-0.012036,-0.084397,-0.108704,0.990485,0,0.97432,0.13234,58.459,0.265,750.000,350.000,-1,375.000,-1,300.000,300.000,325.000,325.000,-1,-1,-1,-1,575.000,675.000,775.000,-1,0,0,2,0,2,0,0,0,0,2,2,2,2,0,0,0,2
30,713.792,6001.221,-0.414,133.373,-0.678258,-0.722823,-0.132260,0.730391,-0.682897,-0.013458,-0.080592,-0.105730,0.991124,0,0.97432,0.13234,58.459,0.265,750.000,350.000,-1,375.000,-1,300.000,300.000,325.000,325.000,-1,-1,475.000,-1,575.000,675.000,800.000,-1,0,0,2,0,2,0,0,0,0,2,2,0,2,0,0,0,2
31,673.455,6043.532,-4.727,133.638,-0.682354,-0.719933,-0.126844,0.726996,-0.686488,-0.014532,-0.076614,-0.102131,0.991816,0,0.97432,0.13234,58.459,0.265,750.000,350.000,-1,375.000,-1,300.000,300.000,325.000,325.000,-1,500.000,375.000,-1,575.000,675.000,800.000,-1,0,0,2,0,2,0,0,0,0,2,0,0,2,0,0,0,2
32,632.922,6085.657,-8.970,133.902,-0.686405,-0.717010,-0.121427,0.723590,-0.690052,-0.015659,-0.072563,-0.098612,0.992477,0,0.97432,0.13234,58.459,0.265,775.000,350.000,-1,375.000,-1,300.000,300.000,300.000,325.000,-1,425.000,350.000,-1,575.000,675.000,800.000,-1,0,0,2,0,2,0,0,0,0,2,0,0,2,0,0,0,2
33,592.195,6127.594,-13.145,134.167,-0.690411,-0.714055,-0.116008,0.720173,-0.693591,-0.016838,-0.068438,-0.095171,0.993106,0,0.97432,0.13234,58.459,0.265,775.000,350.000,-1,375.000,-1,300.000,300.000,300.000,325.000,-1,400.000,325.000,-1,600.000,675.000,825.000,-1,0,0,2,0,2,0,0,0,0,2,0,0,2,0,0,0,2
34,551.274,6169.341,-17.015,134.432,-0.694257,-0.711012,-0.111666,0.716795,-0.697047,-0.018179,-0.064910,-0.092663,0.993580,0,0.97432,0.13234,58.459,0.265,775.000,350.000,-1,375.000,-1,300.000,300.000,300.000,325.000,-1,400.000,325.000,-1,600.000,675.000,825.000,-1,0,0,2,0,2,0,0,0,0,2,0,0,2,0,0,0,2
35,510.160,6210.899,-20.721,134.696,-0.698053,-0.707936,-0.107462,0.713409,-0.700474,-0.019598,-0.061401,-0.090345,0.994016,0,0.97432,0.13234,58.459,0.265,775.000,350.000,-1,375.000,-1,300.000,300.000,300.000,325.000,-1,375.000,325.000,-1,600.000,675.000,825.000,-1,0,0,2,0,2,0,0,0,0,2,0,0,2,0,0,0,2
36,468.638,6252.488,-24.329,134.957,-0.701774,-0.704891,-0.103157,0.710055,-0.703830,-0.021081,-0.057745,-0.088041,0.994442,0,0.97948,0.13020,58.769,0.260,800.000,350.000,-1,375.000,-1,300.000,300.000,300.000,325.000,-1,350.000,300.000,-1,600.000,675.000,825.000,-1,0,0,2,0,2,0,0,0,0,2,0,0,2,0,0,0,2
37,426.653,6294.169,-27.881,135.211,-0.705392,-0.701894,-0.098825,0.706758,-0.707093,-0.022641,-0.053987,-0.085816,0.994847,0,0.98604,0.12727,59.162,0.255,800.000,350.000,-1,375.000,-1,300.000,300.000,300.000,325.000,-1,325.000,275.000,-1,600.000,675.000,850.000,-1,0,0,2,0,2,0,0,0,0,2,0,0,2,0,0,0,2
38,384.212,6335.940,-31.349,135.460,-0.708912,-0.698946,-0.094432,0.703524,-0.710251,-0.024457,-0.049977,-0.083773,0.995231,0,0.99250,0.12411,59.550,0.248,800.000,350.000,-1,375.000,-1,300.000,300.000,300.000,325.000,-1,300.000,250.000,-1,600.000,675.000,850.000,-1,0,0,2,0,2,0,0,0,0,2,0,0,2,0,0,0,2
39,341.320,6377.797,-34.292,135.701,-0.712371,-0.695962,-0.090353,0.700380,-0.713204,-0.028413,-0.044666,-0.083522,0.995504,0,0.99885,0.12070,59.931,0.241,825.000,350.000,-1,375.000,-1,300.000,300.000,300.000,325.000,-1,275.000,225.000,-1,600.000,675.000,900.000,-1,0,0,2,0,2,0,0,0,0,2,0,0,2,0,0,0,2
40,298.208,6419.525,-37.154,135.935,-0.715693,-0.693052,-0.086387,0.697300,-0.716051,-0.032311,-0.039465,-0.083363,0.995738,0,1.00000,0.11704,60.000,0.234,850.000,350.000,-1,375.000,-1,300.000,300.000,300.000,325.000,-1,250.000,200.000,-1,600.000,675.000,925.000,-1,0,0,2,0,2,0,0,0,0,2,0,0,2,0,0,0,2
41,254.933,6461.085,-39.484,136.161,-0.718798,-0.690326,-0.082336,0.694295,-0.718894,-0.033843,-0.035829,-0.081492,0.996030,0,1.00000,0.11312,60.000,0.226,900.000,375.000,-1,375.000,-1,300.000,300.000,300.000,325.000,-1,275.000,225.000,-1,625.000,700.000,975.000,1000.000,0,0,2,0,2,0,0,0,0,2,0,0,2,0,0,0,1
42,211.501,6502.480,-41.553,136.379,-0.721729,-0.687727,-0.078347,0.691393,-0.721661,-0.034371,-0.032902,-0.078975,0.996333,0,1.00000,0.10895,60.000,0.218,925.000,350.000,-1,375.000,950.000,300.000,300.000,300.000,325.000,-1,300.000,225.000,-1,625.000,700.000,1000.000,950.000,0,0,2,0,1,0,0,0,0,2,0,0,2,0,0,0,1
43,167.917,6543.716,-43.544,136.588,-0.724518,-0.685216,-0.074517,0.688602,-0.724297,-0.034939,-0.030031,-0.076626,0.996608,0,1.00000,0.10449,60.000,0.209,950.000,350.000,-1,375.000,900.000,300.000,300.000,300.000,325.000,-1,325.000,250.000,-1,625.000,700.000,-1,900.000,0,0,2,0,1,0,0,0,0,2,0,0,2,0,0,2,1
44,124.190,6584.800,-45.449,136.788,-0.727160,-0.682802,-0.070848,0.685929,-0.726797,-0.035595,-0.027188,-0.074481,0.996852,0,1.00000,0.09975,60.000,0.199,975.000,350.000,-1,375.000,850.000,300.000,300.000,300.000,325.000,-1,350.000,275.000,-1,625.000,700.000,-1,850.000,0,0,2,0,1,0,0,0,0,2,0,0,2,0,0,2,1
45,80.327,6625.739,-47.136,136.977,-0.729690,-0.680519,-0.066677,0.683358,-0.729183,-0.036247,-0.023953,-0.072013,0.997116,0,1.00000,0.09470,60.000,0.189,1000.000,350.000,-1,375.000,775.000,300.000,300.000,300.000,325.000,-1,350.000,300.000,-1,625.000,700.000,-1,800.000,0,0,2,0,1,0,0,0,0,2,0,0,2,0,0,2,1
46,36.338,6666.542,-48.426,137.156,-0.732128,-0.678411,-0.061217,0.680876,-0.731483,-0.036622,-0.019934,-0.068494,0.997452,0,1.00000,0.08932,60.000,0.179,-1,375.000,-1,375.000,725.000,300.000,300.000,300.000,325.000,-1,375.000,300.000,-1,625.000,700.000,-1,775.000,2,0,2,0,1,0,0,0,0,2,0,0,2,0,1,2,1
47,-7.771,6707.217,-49.612,137.323,-0.734378,-0.676426,-0.056006,0.678550,-0.733626,-0.036918,-0.016115,-0.065115,0.997748,0,1.00000,0.08361,60.000,0.167,-1,375.000,-1,375.000,675.000,300.000,300.000,300.000,325.000,-1,375.000,300.000,-1,650.000,675.000,-1,725.000,2,0,2,0,1,0,0,0,0,2,0,0,2,0,1,2,1
48,-51.989,6747.771,-50.724,137.478,-0.736441,-0.674572,-0.051057,0.676388,-0.735600,-0.037300,-0.012395,-0.062004,0.997999,0,1.00000,0.07754,60.000,0.155,-1,375.000,-1,375.000,625.000,300.000,300.000,300.000,325.000,-1,400.000,325.000,-1,675.000,650.000,-1,675.000,2,0,2,0,1,0,0,0,0,2,0,0,2,0,1,2,1
49,-96.149,6788.391,-51.502,137.393,-0.735606,-0.675739,-0.047544,0.677346,-0.734683,-0.037983,-0.009264,-0.060144,0.998147,0,1.00000,-0.04246,60.000,-0.085,-1,375.000,-1,375.000,575.000,300.000,300.000,300.000,300.000,-1,425.000,350.000,-1,675.000,625.000,-1,650.000,2,0,2,0,1,0,0,0,0,2,0,0,2,0,1,2,1
50,-140.078,6829.259,-51.971,137.068,-0.731881,-0.679925,-0.045308,0.681401,-0.730873,-0.038966,-0.006620,-0.059391,0.998213,0,1.00000,-0.16246,60.000,-0.325,-1,375.000,-1,375.000,550.000,300.000,300.000,300.000,300.000,-1,475.000,375.000,-1,675.000,600.000,-1,600.000,2,0,2,0,1,0,0,0,0,2,0,0,2,0,1,2,1
51,-183.603,6870.559,-52.346,136.503,-0.725259,-0.687124,-0.043143,0.688467,-0.724160,-0.040075,-0.003705,-0.058767,0.998265,0,1.00000,-0.28246,60.000,-0.565,-1,375.000,-1,375.000,500.000,300.000,300.000,300.000,300.000,-1,500.000,400.000,-1,675.000,550.000,-1,550.000,2,0,2,0,1,0,0,0,0,2,0,0,2,0,1,2,1
52,-226.543,6912.466,-52.576,135.698,-0.715656,-0.697256,-0.040867,0.698453,-0.714464,-0.041299,-0.000402,-0.058100,0.998311,0,1.00000,-0.40246,60.000,-0.805,-1,375.000,-1,375.000,450.000,300.000,325.000,300.000,300.000,-1,525.000,450.000,-1,675.000,525.000,-1,500.000,2,0,2,0,1,0,0,0,0,2,0,0,2,0,1,2,1
53,-268.711,6955.149,-52.703,134.653,-0.702941,-0.710191,-0.038773,0.711242,-0.701651,-0.042682,0.003107,-0.057580,0.998336,0,1.00000,-0.52246,60.000,-1.045,-1,375.000,-1,375.000,400.000,300.000,325.000,300.000,300.000,-1,500.000,450.000,-1,700.000,500.000,-1,450.000,2,0,2,1,1,0,0,0,0,2,0,0,2,0,1,2,1
54,-309.912,6998.767,-52.618,133.369,-0.686967,-0.725747,-0.036981,0.726655,-0.685550,-0.044659,0.007059,-0.057552,0.998318,0,1.00000,-0.64246,60.000,-1.285,-1,375.000,-1,350.000,375.000,325.000,325.000,300.000,300.000,-1,475.000,425.000,-1,700.000,475.000,-1,400.000,2,0,2,1,1,0,0,0,0,2,0,0,2,0,1,2,1
55,-349.938,7043.466,-52.318,131.844,-0.667521,-0.743748,-0.035419,0.744513,-0.666007,-0.046209,0.010779,-0.057215,0.998304,0,1.00000,-0.76246,60.000,-1.525,-1,375.000,-1,325.000,325.000,325.000,325.000,300.000,300.000,-1,475.000,425.000,-1,700.000,425.000,-1,350.000,2,0,2,1,1,0,1,0,0,2,0,0,2,1,1,2,1
56,-388.645,7089.312,-51.514,130.175,-0.645623,-0.762910,-0.033743,0.763543,-0.644136,-0.045731,0.013154,-0.055289,0.998384,0,1.00000,-0.83435,60.000,-1.669,-1,375.000,-1,300.000,275.000,325.000,300.000,300.000,300.000,-1,525.000,450.000,-1,650.000,400.000,-1,300.000,2,0,2,1,1,0,1,0,0,2,0,0,2,1,1,2,1
57,-425.991,7136.273,-50.630,128.496,-0.623026,-0.781536,-0.032252,0.782049,-0.621562,-0.045397,0.015433,-0.053506,0.998448,0,1.00000,-0.83968,60.000,-1.679,-1,400.000,-1,275.000,225.000,300.000,275.000,300.000,300.000,-1,575.000,500.000,-1,600.000,350.000,-1,250.000,2,0,2,1,1,1,1,0,0,2,0,0,2,1,1,2,1
58,-459.261,7180.322,-45.761,127.056,-0.603899,-0.796260,-0.035721,0.796527,-0.601249,-0.063594,0.029160,-0.066858,0.997336,0,0.92000,-0.71968,55.200,-1.439,-1,375.000,-1,275.000,225.000,300.000,250.000,275.000,350.000,-1,400.000,400.000,-1,600.000,350.000,-1,225.000,2,1,2,1,1,1,1,0,1,2,0,0,2,1,1,2,1
59,-490.129,7223.018,-41.048,125.857,-0.587969,-0.807896,-0.039960,0.807791,-0.583891,-0.080909,0.042034,-0.079851,0.995920,0,0.87807,-0.59968,52.684,-1.199,-1,375.000,-1,275.000,225.000,300.000,250.000,275.000,350.000,-1,300.000,350.000,-1,600.000,350.000,-1,225.000,2,1,2,1,1,1,1,0,1,2,0,0,2,1,1,2,1
60,-520.341,7266.313,-36.279,124.897,-0.575436,-0.816614,-0.044876,0.816021,-0.569623,-0.098179,0.054612,-0.093115,0.994156,0,0.87987,-0.47968,52.792,-0.959,-1,350.000,-1,250.000,225.000,275.000,250.000,275.000,375.000,1000.000,250.000,300.000,-1,625.000,350.000,-1,225.000,2,1,2,1,1,1,1,0,1,0,0,0,2,1,1,2,1
61,-550.037,7310.024,-31.466,124.178,-0.566422,-0.822584,-0.050221,0.821402,-0.558567,-0.115331,0.066818,-0.106578,0.992057,0,0.88070,-0.35968,52.842,-0.719,-1,350.000,-1,250.000,225.000,275.000,250.000,275.000,375.000,775.000,200.000,275.000,-1,675.000,350.000,-1,225.000,2,1,2,1,1,1,1,0,1,0,0,0,2,1,1,2,1
62,-579.357,7353.966,-26.582,123.699,-0.560979,-0.825956,-0.055675,0.824104,-0.550816,-0.132112,0.078452,-0.119994,0.989670,0,0.88038,-0.23968,52.823,-0.479,-1,350.000,-1,250.000,225.000,250.000,225.000,250.000,375.000,600.000,150.000,275.000,-1,-1,350.000,-1,225.000,2,1,2,1,1,1,1,0,1,0,0,0,2,2,1,2,1
63,-608.439,7397.945,-21.616,123.459,-0.559150,-0.826852,-0.060551,0.824170,-0.546437,-0.148832,0.089975,-0.133124,0.987007,0,0.87870,-0.11968,52.722,-0.239,-1,350.000,-1,250.000,225.000,250.000,225.000,250.000,375.000,500.000,100.000,250.000,-1,-1,350.000,-1,225.000,2,1,2,1,1,1,1,0,1,0,0,0,2,2,1,2,1
64,327.955,6231.353,-38.692,-152.998,-0.885974,0.453923,-0.094888,-0.453729,-0.890793,-0.024858,-0.095809,0.021030,0.995178,1,0.00000,0.00000,52.526,0.001,-1,375.000,-1,375.000,800.000,300.000,300.000,300.000,300.000,-1,650.000,-1,-1,700.000,600.000,-1,825.000,2,0,2,0,0,0,0,0,0,2,0,2,2,0,0,2,0
65,323.687,6229.155,-39.158,-152.758,-0.884085,0.457647,-0.094616,-0.457472,-0.888878,-0.024822,-0.095462,0.021339,0.995204,0,0.08000,0.12000,4.800,0.240,-1,375.000,-1,375.000,800.000,300.000,300.000,300.000,300.000,-1,650.000,-1,-1,700.000,600.000,-1,825.000,2,0,2,0,0,0,0,0,0,2,0,2,2,0,0,2,0
66,315.189,6224.690,-40.091,-152.278,-0.880260,0.465071,-0.094078,-0.464932,-0.885001,-0.024739,-0.094765,0.021963,0.995257,0,0.16000,0.24000,9.600,0.480,-1,375.000,-1,375.000,775.000,300.000,300.000,300.000,300.000,-1,650.000,-1,-1,700.000,600.000,-1,850.000,2,0,2,0,0,0,0,0,0,2,0,2,2,0,0,2,0
67,302.528,6217.831,-41.491,-151.558,-0.874404,0.476146,-0.093288,-0.476062,-0.879068,-0.024591,-0.093715,0.022909,0.995335,0,0.24000,0.36000,14.400,0.720,-1,375.000,-1,350.000,775.000,300.000,300.000,300.000,300.000,-1,675.000,-1,-1,700.000,600.000,-1,850.000,2,0,2,0,0,0,0,0,0,2,0,2,2,0,0,2,0
68,285.801,6208.405,-43.359,-150.598,-0.866378,0.490792,-0.092265,-0.490784,-0.870941,-0.024347,-0.092306,0.024189,0.995437,0,0.32000,0.48000,19.200,0.960,-1,375.000,-1,350.000,775.000,300.000,300.000,300.000,300.000,-1,675.000,-1,-1,700.000,600.000,-1,850.000,2,0,2,0,0,0,0,0,0,2,0,2,2,0,0,2,0
69,265.145,6196.187,-45.697,-149.398,-0.855996,0.508903,-0.091035,-0.508994,-0.860436,-0.023967,-0.090527,0.025820,0.995559,0,0.40000,0.60000,24.000,1.200,-1,375.000,-1,350.000,775.000,325.000,300.000,300.000,275.000,-1,675.000,-1,-1,725.000,600.000,-1,850.000,2,0,2,0,0,0,0,0,0,2,0,2,2,0,0,2,0
70,240.674,6181.002,-48.462,-148.180,-0.845104,0.527058,-0.089493,-0.527248,-0.849388,-0.023440,-0.088369,0.027376,0.995712,0,0.48000,0.60906,28.800,1.218,-1,400.000,-1,350.000,775.000,325.000,300.000,300.000,275.000,-1,675.000,-1,-1,725.000,600.000,-1,850.000,2,0,2,0,0,0,0,0,0,2,0,2,2,0,0,2,0
71,212.509,6162.680,-51.658,-146.955,-0.833796,0.545070,-0.087650,-0.545360,-0.837894,-0.022722,-0.085827,0.028855,0.995892,0,0.56000,0.61237,33.600,1.225,-1,400.000,-1,350.000,775.000,325.000,300.000,300.000,275.000,-1,650.000,-1,-1,725.000,600.000,-1,875.000,2,0,2,0,0,0,0,0,0,2,0,2,2,0,0,2,0
72,180.780,6141.052,-55.035,-145.722,-0.822021,0.562972,-0.085701,-0.563266,-0.825955,-0.023016,-0.083743,0.029353,0.996055,0,0.64000,0.61671,38.400,1.233,-1,400.000,-1,350.000,800.000,325.000,300.000,300.000,275.000,-1,650.000,-1,-1,725.000,600.000,-1,875.000,2,0,2,0,0,0,0,0,0,2,0,2,2,0,0,2,0
73,145.620,6115.952,-58.561,-144.477,-0.809752,0.580788,-0.083592,-0.580984,-0.813547,-0.024470,-0.082218,0.028750,0.996200,0,0.72000,0.62226,43.200,1.245,-1,400.000,-1,350.000,800.000,325.000,300.000,300.000,275.000,-1,700.000,-1,-1,725.000,600.000,-1,900.000,2,0,2,0,0,0,0,0,0,2,0,2,2,0,0,2,0
74,108.476,6088.183,-62.356,-143.219,-0.796968,0.598526,-0.081296,-0.598624,-0.800612,-0.025865,-0.080567,0.028053,0.996354,0,0.77294,0.62917,46.377,1.258,-1,400.000,-1,350.000,800.000,325.000,300.000,300.000,275.000,-1,725.000,-1,-1,725.000,600.000,-1,925.000,2,0,2,0,0,0,0,0,0,2,0,2,2,0,0,2,0
75,71.877,6059.531,-66.071,-141.944,-0.783661,0.616205,-0.078533,-0.616197,-0.787121,-0.027227,-0.078592,0.027055,0.996540,0,0.77468,0.63735,46.481,1.275,-1,400.000,-1,350.000,825.000,325.000,300.000,300.000,300.000,-1,625.000,-1,-1,725.000,600.000,-1,950.000,2,0,2,0,0,0,0,0,0,2,0,2,2,0,0,2,0
76,35.820,6029.968,-69.415,-140.652,-0.769921,0.633843,-0.073928,-0.633667,-0.773069,-0.028820,-0.075419,0.024657,0.996847,0,0.77713,0.64627,46.628,1.293,-1,400.000,-1,350.000,900.000,325.000,300.000,300.000,300.000,-1,525.000,-1,-1,725.000,600.000,-1,-1,2,0,2,0,0,0,0,0,0,2,0,2,2,0,0,2,2
77,0.305,5999.462,-72.786,-139.340,-0.755553,0.651411,-0.069304,-0.651096,-0.758396,-0.030157,-0.072205,0.022338,0.997140,0,0.78031,0.65595,46.819,1.312,-1,400.000,-1,350.000,-1,325.000,300.000,300.000,300.000,-1,475.000,-1,-1,725.000,625.000,-1,-1,2,0,2,0,2,0,0,0,0,2,0,2,2,0,0,2,2
78,-34.506,5968.148,-76.110,-138.027,-0.740767,0.668639,-0.064709,-0.668233,-0.743309,-0.030919,-0.068772,0.020337,0.997425,0,0.78039,0.65618,46.823,1.312,-1,400.000,-1,350.000,-1,325.000,300.000,300.000,300.000,975.000,450.000,700.000,-1,750.000,625.000,-1,-1,2,0,2,0,2,0,0,0,0,0,0,0,2,0,0,2,2
79,-68.591,5936.045,-79.435,-136.715,-0.725572,0.685512,-0.060155,-0.685043,-0.727827,-0.031360,-0.065281,0.018455,0.997696,0,0.78039,0.65618,46.823,1.312,-1,400.000,-1,375.000,-1,325.000,300.000,300.000,300.000,950.000,425.000,625.000,-1,750.000,650.000,-1,-1,2,0,2,0,2,0,0,0,0,0,0,0,2,0,0,2,2
80,-101.931,5903.169,-82.579,-135.403,-0.709905,0.702015,-0.056663,-0.701526,-0.711949,-0.031458,-0.062426,0.017419,0.997898,0,0.78039,0.65618,46.823,1.312,-1,400.000,-1,375.000,-1,325.000,300.000,300.000,300.000,925.000,450.000,625.000,-1,750.000,650.000,-1,-1,2,0,2,0,2,0,0,0,0,0,0,0,2,0,0,2,2
81,-134.510,5869.539,-85.401,-134.090,-0.693733,0.718131,-0.054975,-0.717674,-0.695680,-0.031213,-0.060660,0.017801,0.998000,0,0.78039,0.65618,46.823,1.312,-1,400.000,-1,375.000,-1,325.000,300.000,300.000,300.000,950.000,475.000,650.000,-1,775.000,675.000,-1,-1,2,0,2,0,2,0,0,0,0,0,0,0,2,0,0,2,2
82,-166.310,5835.171,-88.237,-132.778,-0.677190,0.733871,-0.053359,-0.733447,-0.679045,-0.030877,-0.058893,0.018227,0.998098,0,0.78039,0.65618,46.823,1.312,-1,400.000,-1,375.000,-1,325.000,325.000,300.000,300.000,950.000,525.000,700.000,-1,750.000,675.000,-1,-1,2,0,2,0,2,0,0,0,0,0,0,0,2,0,0,2,2
83,-197.315,5800.083,-91.030,-131.465,-0.660287,0.749227,-0.051773,-0.748825,-0.662056,-0.030717,-0.057291,0.018487,0.998186,0,0.78039,0.65618,46.823,1.312,-1,400.000,-1,375.000,-1,325.000,325.000,275.000,300.000,975.000,550.000,725.000,-1,750.000,700.000,-1,-1,2,0,2,0,2,0,0,0,0,0,0,0,2,0,0,2,2
84,-227.508,5764.295,-93.819,-130.153,-0.643032,0.764189,-0.050243,-0.763809,-0.644720,-0.030535,-0.055727,0.018741,0.998270,0,0.78039,0.65618,46.823,1.312,-1,400.000,-1,375.000,-1,325.000,325.000,275.000,300.000,975.000,600.000,775.000,-1,750.000,725.000,-1,-1,2,0,2,0,2,0,0,0,0,0,0,0,2,0,0,2,2
85,-256.873,5727.825,-96.614,-128.841,-0.625434,0.778751,-0.048777,-0.778394,-0.627045,-0.030287,-0.054172,0.019025,0.998350,0,0.78039,0.65618,46.823,1.312,-1,400.000,-1,375.000,-1,325.000,325.000,275.000,275.000,1000.000,625.000,825.000,-1,750.000,725.000,-1,-1,2,0,2,0,2,0,0,0,0,0,0,0,2,0,0,2,2
86,-285.396,5690.692,-99.411,-127.528,-0.607503,0.792903,-0.047379,-0.792572,-0.609041,-0.029975,-0.052623,0.019341,0.998427,0,0.78039,0.65618,46.823,1.312,-1,400.000,-1,375.000,-1,325.000,325.000,275.000,275.000,1000.000,675.000,850.000,-1,750.000,750.000,-1,-1,2,0,2,0,2,0,0,0,0,0,0,0,2,0,0,2,2
87,-313.060,5652.915,-102.294,-126.216,-0.589224,0.806633,-0.046462,-0.806337,-0.590714,-0.029617,-0.051336,0.020013,0.998481,0,0.78039,0.65618,46.823,1.312,-1,400.000,-1,375.000,-1,325.000,325.000,275.000,275.000,-1,725.000,900.000,-1,750.000,775.000,-1,-1,2,0,2,0,2,0,0,0,0,2,0,0,2,0,0,2,2
88,-339.853,5614.514,-104.801,-124.904,-0.570629,0.819961,-0.045229,-0.819600,-0.572092,-0.031073,-0.051354,0.019339,0.998493,0,0.78039,0.65618,46.823,1.312,-1,400.000,-1,375.000,-1,325.000,325.000,275.000,275.000,-1,800.000,1000.000,-1,725.000,775.000,-1,-1,2,0,2,0,2,0,0,0,0,2,0,0,2,0,0,2,2
89,-365.759,5575.510,-107.244,-123.591,-0.551731,0.832862,-0.043967,-0.832420,-0.553172,-0.032830,-0.051664,0.018486,0.998493,0,0.78039,0.65618,46.823,1.312,-1,400.000,-1,400.000,-1,325.000,325.000,275.000,275.000,-1,900.000,-1,-1,700.000,775.000,-1,-1,2,0,2,0,2,0,0,0,0,2,0,2,2,0,0,2,2
90,-390.764,5535.923,-109.606,-122.279,-0.532534,0.845318,-0.042959,-0.844830,-0.533954,-0.033992,-0.051672,0.018191,0.998498,0,0.78039,0.65618,46.823,1.312,-1,400.000,-1,400.000,-1,325.000,325.000,275.000,275.000,-1,-1,-1,-1,700.000,775.000,-1,-1,2,0,2,0,2,0,0,0,0,2,2,2,2,0,0,2,2
91,-414.857,5495.773,-111.905,-120.967,-0.513048,0.857322,-0.042200,-0.856817,-0.514453,-0.034683,-0.051444,0.018364,0.998507,0,0.78039,0.65618,46.823,1.312,-1,400.000,-1,400.000,-1,325.000,325.000,275.000,275.000,-1,-1,-1,-1,700.000,775.000,-1,-1,2,0,2,0,2,0,0,0,0,2,2,2,2,0,0,2,2
92,-440.586,5451.019,-114.466,-119.894,-0.496927,0.866800,-0.041490,-0.866274,-0.498318,-0.035348,-0.051314,0.018376,0.998513,0,0.86039,0.53618,51.623,1.072,-1,375.000,-1,400.000,-1,325.000,325.000,275.000,275.000,-1,-1,-1,-1,675.000,775.000,-1,-1,2,0,2,0,2,0,0,0,0,2,2,2,2,0,0,2,2
93,-466.004,5405.279,-117.043,-119.062,-0.484278,0.873945,-0.041155,-0.873398,-0.485672,-0.036039,-0.051484,0.018492,0.998503,0,0.87213,0.41618,52.328,0.832,-1,375.000,-1,400.000,-1,325.000,325.000,275.000,275.000,-1,-1,-1,-1,675.000,775.000,-1,-1,2,0,2,0,2,0,0,0,0,2,2,2,2,0,0,2,2
94,-490.948,5359.279,-119.617,-118.470,-0.475198,0.878917,-0.041125,-0.878346,-0.476610,-0.036774,-0.051922,0.018647,0.998477,0,0.87213,0.29618,52.328,0.592,975.000,375.000,-1,400.000,-1,325.000,325.000,275.000,275.000,-1,-1,-1,-1,650.000,775.000,-1,-1,0,0,2,0,2,0,0,0,0,2,2,2,2,0,0,2,2
95,-515.523,5313.081,-122.019,-118.010,-0.468101,0.882696,-0.041588,-0.882160,-0.469535,-0.036472,-0.051720,0.019614,0.998469,0,0.87213,0.22982,52.328,0.460,950.000,375.000,-1,400.000,-1,300.000,325.000,275.000,275.000,-1,-1,-1,-1,650.000,775.000,-1,-1,0,0,2,0,2,0,0,0,0,2,2,2,2,0,0,2,2
96,-539.725,5266.687,-124.198,-117.550,-0.460958,0.886396,-0.042656,-0.885974,-0.462419,-0.034909,-0.050668,0.021701,0.998480,0,0.87213,0.22982,52.328,0.460,950.000,375.000,-1,400.000,-1,300.000,325.000,275.000,275.000,-1,-1,-1,-1,650.000,775.000,-1,-1,0,0,2,0,2,0,0,0,0,2,2,2,2,0,0,2,2
97,-563.555,5220.100,-126.437,-117.091,-0.453787,0.890036,-0.043747,-0.889724,-0.455272,-0.033457,-0.049695,0.023741,0.998482,0,0.87213,0.22982,52.328,0.460,950.000,375.000,-1,400.000,-1,300.000,325.000,275.000,275.000,-1,-1,-1,-1,675.000,775.000,-1,-1,0,0,2,0,2,0,0,0,0,2,2,2,2,0,0,2,2
98,-587.010,5173.323,-128.745,-116.631,-0.446586,0.893614,-0.044881,-0.893411,-0.448095,-0.032065,-0.048764,0.025777,0.998478,0,0.87213,0.22982,52.328,0.460,950.000,375.000,-1,400.000,-1,300.000,325.000,300.000,275.000,-1,-1,-1,-1,650.000,775.000,-1,-1,0,0,2,0,2,0,0,0,0,2,2,2,2,0,0,2,2
99,-610.089,5126.360,-131.198,-116.171,-0.439355,0.897124,-0.046210,-0.897049,-0.440884,-0.030403,-0.047649,0.028095,0.998469,0,0.87213,0.22982,52.328,0.460,950.000,375.000,-1,400.000,-1,300.000,325.000,300.000,275.000,-1,-1,-1,-1,650.000,775.000,-1,-1,0,0,2,0,2,0,0,0,0,2,2,2,2,0,0,2,2
100,-632.810,5079.171,-133.493,-115.711,-0.432149,0.900602,-0.046507,-0.900637,-0.433637,-0.028502,-0.045836,0.029569,0.998511,0,0.87291,0.23037,52.374,0.461,975.000,375.000,-1,400.000,-1,300.000,325.000,275.000,275.000,-1,-1,-1,-1,650.000,775.000,-1,-1,0,0,2,0,2,0,0,0,0,2,2,2,2,0,0,2,2
101,-655.267,5031.540,-135.664,-115.243,-0.424869,0.904091,-0.045886,-0.904215,-0.426264,-0.026349,-0.043382,0.030296,0.998599,0,0.87767,0.23379,52.660,0.468,975.000,375.000,-1,400.000,-1,325.000,325.000,275.000,300.000,-1,-1,-1,-1,675.000,800.000,-1,-1,0,0,2,0,2,0,0,0,0,2,2,2,2,0,0,2,2
102,-677.448,4983.466,-137.908,-114.769,-0.417451,0.907571,-0.045283,-0.907780,-0.418752,-0.024149,-0.040880,0.031026,0.998682,0,0.88240,0.23728,52.944,0.475,1000.000,375.000,-1,400.000,-1,325.000,325.000,275.000,300.000,-1,-1,-1,-1,675.000,800.000,-1,-1,0,0,2,0,2,0,0,0,0,2,2,2,2,0,0,2,2
103,-699.339,4934.951,-140.226,-114.287,-0.409892,0.911038,-0.044700,-0.911328,-0.411097,-0.021899,-0.038327,0.031760,0.998760,0,0.88710,0.24085,53.226,0.482,1000.000,375.000,-1,400.000,-1,325.000,325.000,275.000,300.000,-1,-1,-1,-1,675.000,800.000,-1,-1,1,0,2,0,2,0,0,0,0,2,2,2,2,0,0,2,2
104,-720.929,4885.995,-142.400,-113.798,-0.402131,0.914465,-0.045211,-0.914858,-0.403286,-0.019879,-0.036411,0.033368,0.998780,0,0.89176,0.24450,53.506,0.489,975.000,375.000,-1,400.000,-1,325.000,325.000,275.000,300.000,-1,1000.000,-1,-1,675.000,800.000,-1,-1,1,0,2,0,2,0,0,0,0,2,0,2,2,0,0,2,2
105,-742.202,4836.599,-144.569,-113.301,-0.394204,0.917865,-0.046123,-0.918368,-0.395321,-0.017926,-0.034687,0.035291,0.998775,0,0.89637,0.24824,53.782,0.496,925.000,375.000,-1,425.000,-1,325.000,325.000,275.000,300.000,-1,950.000,-1,-1,675.000,800.000,-1,-1,1,0,2,0,2,0,0,0,0,2,0,2,2,0,0,2,2
106,-763.147,4786.765,-146.812,-112.797,-0.386132,0.921244,-0.047031,-0.921857,-0.387202,-0.015936,-0.032891,0.037203,0.998766,0,0.90093,0.25208,54.056,0.504,900.000,375.000,-1,425.000,-1,325.000,325.000,275.000,300.000,-1,925.000,1000.000,-1,675.000,800.000,1000.000,-1,1,0,2,0,2,0,0,0,0,2,0,0,2,0,0,1,2
107,-783.747,4736.497,-149.127,-112.285,-0.377910,0.924600,-0.047939,-0.925322,-0.378926,-0.013904,-0.031021,0.039105,0.998753,0,0.90543,0.25602,54.326,0.512,850.000,375.000,-1,400.000,-1,325.000,325.000,275.000,325.000,-1,875.000,675.000,-1,675.000,800.000,975.000,-1,1,0,2,0,2,0,0,0,0,2,0,0,2,0,0,1,2
108,-803.988,4685.797,-151.100,-111.765,-0.369424,0.927867,-0.050882,-0.928764,-0.370463,-0.012445,-0.030398,0.042660,0.998627,0,0.90986,0.26007,54.591,0.520,825.000,375.000,-1,400.000,-1,325.000,325.000,275.000,300.000,-1,925.000,600.000,-1,675.000,800.000,925.000,-1,1,0,2,0,2,0,0,0,0,2,0,0,2,0,0,1,2
109,-823.854,4634.669,-152.868,-111.237,-0.360755,0.931049,-0.054809,-0.932192,-0.361813,-0.010444,-0.029554,0.047325,0.998442,0,0.91420,0.26424,54.852,0.528,800.000,375.000,-1,400.000,-1,325.000,325.000,275.000,300.000,-1,975.000,575.000,-1,675.000,775.000,900.000,-1,1,0,2,0,2,0,0,0,0,2,0,0,2,0,0,1,2
110,-843.329,4583.119,-154.590,-110.699,-0.351937,0.934160,-0.059030,-0.935598,-0.352979,-0.007913,-0.028229,0.052444,0.998225,0,0.91844,0.26855,55.107,0.537,750.000,375.000,-1,400.000,-1,325.000,325.000,275.000,300.000,-1,1000.000,525.000,-1,675.000,775.000,875.000,-1,1,0,2,0,2,0,0,0,0,2,0,0,2,1,0,1,2
111,-862.398,4531.152,-156.334,-110.153,-0.342959,0.937222,-0.063193,-0.938966,-0.343966,-0.005476,-0.026869,0.057458,0.997986,0,0.92258,0.27299,55.355,0.546,725.000,375.000,-1,400.000,-1,325.000,325.000,300.000,300.000,-1,975.000,500.000,-1,675.000,775.000,850.000,-1,1,0,2,0,2,0,0,0,0,2,0,0,2,1,0,1,2
112,-881.044,4478.777,-157.616,-109.598,-0.333789,0.940336,-0.065972,-0.942275,-0.334807,-0.004687,-0.026495,0.060600,0.997810,0,0.92659,0.27759,55.596,0.555,700.000,375.000,-1,400.000,-1,325.000,325.000,300.000,300.000,-1,-1,550.000,-1,675.000,775.000,825.000,-1,1,0,2,0,2,0,0,0,0,2,2,0,2,1,0,1,2
113,-899.249,4426.001,-158.574,-109.034,-0.324546,0.943487,-0.067094,-0.945541,-0.325487,-0.003298,-0.024949,0.062369,0.997741,0,0.93047,0.28234,55.828,0.565,650.000,375.000,-1,400.000,-1,325.000,325.000,300.000,300.000,-1,975.000,575.000,-1,675.000,775.000,800.000,-1,1,0,2,0,2,0,0,0,0,2,0,0,2,1,0,1,2
114,-916.995,4372.833,-159.563,-108.459,-0.315120,0.946600,-0.068178,-0.948766,-0.315975,-0.001862,-0.023305,0.064098,0.997671,0,0.93419,0.28728,56.051,0.575,625.000,375.000,-1,400.000,-1,325.000,325.000,300.000,300.000,-1,925.000,575.000,-1,675.000,775.000,775.000,-1,1,0,2,0,2,0,0,0,0,2,0,0,2,1,0,1,2
115,-934.262,4319.285,-160.580,-107.874,-0.305504,0.949671,-0.069229,-0.951947,-0.306263,-0.000379,-0.021562,0.065786,0.997601,0,0.93772,0.29241,56.263,0.585,600.000,375.000,-1,400.000,-1,325.000,325.000,300.000,300.000,-1,875.000,600.000,-1,675.000,775.000,750.000,-1,1,0,2,0,2,0,0,0,0,2,0,0,2,1,0,1,2
116,-951.031,4265.369,-161.622,-107.279,-0.295690,0.952697,-0.070251,-0.955080,-0.296344,0.001155,-0.019718,0.067437,0.997529,0,0.94106,0.29774,56.464,0.595,550.000,375.000,-1,400.000,-1,325.000,325.000,300.000,300.000,-1,850.000,600.000,-1,675.000,775.000,725.000,-1,1,1,2,0,2,0,0,0,0,2,0,0,2,1,0,1,2
117,-967.282,4211.100,-162.685,-106.672,-0.285671,0.955675,-0.071250,-0.958163,-0.286210,0.002741,-0.017772,0.069052,0.997455,0,0.94418,0.30329,56.651,0.607,525.000,375.000,-1,400.000,-1,325.000,325.000,300.000,300.000,-1,825.000,625.000,-1,675.000,775.000,700.000,-1,1,1,2,0,2,0,0,0,0,2,0,0,2,1,0,1,2
118,-982.995,4156.493,-163.765,-106.054,-0.275439,0.958601,-0.072229,-0.961190,-0.275853,0.004382,-0.015724,0.070633,0.997378,0,0.94704,0.30908,56.822,0.618,500.000,375.000,-1,400.000,-1,325.000,325.000,300.000,300.000,-1,800.000,625.000,-1,700.000,775.000,650.000,-1,1,1,2,0,2,0,0,0,0,2,0,0,2,1,0,1,2
119,-998.146,4101.568,-164.860,-105.424,-0.264985,0.961471,-0.073195,-0.964157,-0.265262,0.006080,-0.013570,0.072182,0.997299,0,0.94962,0.31512,56.977,0.630,450.000,400.000,-1,400.000,-1,325.000,325.000,300.000,300.000,-1,800.000,625.000,-1,700.000,775.000,625.000,-1,1,1,2,0,2,0,0,0,0,2,0,0,2,1,0,1,2
120,-1012.715,4046.345,-165.964,-104.781,-0.254299,0.964279,-0.074153,-0.967060,-0.254429,0.007835,-0.011312,0.073702,0.997216,0,0.95189,0.32143,57.113,0.643,425.000,400.000,-1,400.000,-1,325.000,325.000,275.000,300.000,-1,775.000,625.000,-1,700.000,775.000,600.000,-1,1,0,2,0,2,0,0,0,0,2,0,0,2,1,0,1,2
121,-1026.679,3990.846,-166.922,-104.125,-0.243329,0.966976,-0.075819,-0.969898,-0.243333,0.009323,-0.009435,0.075805,0.997078,0,0.95381,0.32804,57.228,0.656,400.000,400.000,-1,400.000,-1,325.000,325.000,275.000,300.000,-1,800.000,650.000,-1,700.000,775.000,575.000,-1,1,0,2,0,2,0,0,0,0,2,0,0,2,1,0,1,2
122,-1040.402,3932.437,-166.849,-103.229,-0.228474,0.970159,-0.081189,-0.973540,-0.228062,0.014433,-0.004514,0.082338,0.996594,0,1.00000,0.44804,60.000,0.896,400.000,400.000,-1,400.000,-1,325.000,325.000,300.000,300.000,-1,750.000,500.000,-1,725.000,800.000,600.000,-1,1,0,2,0,2,0,0,0,0,2,0,0,2,1,0,1,2
123,-1052.964,3873.768,-166.565,-102.093,-0.209505,0.974012,-0.086073,-0.977808,-0.208680,0.018571,0.000127,0.088053,0.996116,0,1.00000,0.56804,60.000,1.136,375.000,425.000,-1,400.000,-1,325.000,325.000,300.000,300.000,-1,675.000,450.000,-1,750.000,800.000,575.000,-1,1,0,2,0,2,0,0,0,0,2,0,0,2,1,0,1,2
124,-1064.190,3814.829,-165.804,-100.788,-0.187598,0.978146,-0.089647,-0.982235,-0.186386,0.021783,0.004598,0.092141,0.995735,0,1.00000,0.65214,60.000,1.304,350.000,425.000,-1,425.000,-1,350.000,350.000,325.000,300.000,-1,600.000,450.000,-1,750.000,825.000,550.000,-1,1,0,2,0,2,0,0,0,0,2,0,0,2,1,0,1,2
125,-1074.056,3755.647,-164.959,-99.470,-0.165407,0.981792,-0.093408,-0.986183,-0.163774,0.024942,0.009190,0.096243,0.995315,0,1.00000,0.65902,60.000,1.318,350.000,425.000,-1,425.000,-1,350.000,350.000,325.000,300.000,-1,575.000,425.000,-1,750.000,825.000,525.000,-1,1,1,2,0,2,0,0,0,0,2,0,0,2,1,0,1,2
126,-1082.542,3696.251,-163.997,-98.138,-0.142941,0.984921,-0.097460,-0.989632,-0.140840,0.028142,0.013991,0.100473,0.994841,0,1.00000,0.66623,60.000,1.332,325.000,425.000,-1,425.000,-1,350.000,350.000,300.000,300.000,-1,550.000,425.000,-1,750.000,850.000,600.000,-1,1,1,2,0,2,0,0,1,0,2,0,0,2,1,0,1,2
127,-1089.629,3636.672,-162.882,-96.790,-0.120214,0.987502,-0.101920,-0.992564,-0.117583,0.031465,0.019088,0.104944,0.994295,0,1.00000,0.67380,60.000,1.348,300.000,425.000,-1,425.000,-1,375.000,350.000,300.000,300.000,-1,550.000,425.000,-1,750.000,875.000,725.000,-1,1,1,2,0,2,0,0,1,0,2,0,0,2,1,0,1,2
128,-1095.295,3576.942,-161.580,-95.427,-0.097247,0.989501,-0.106911,-0.994957,-0.094003,0.034986,0.024568,0.109774,0.993653,0,1.00000,0.68175,60.000,1.363,275.000,425.000,-1,450.000,-1,375.000,375.000,275.000,300.000,-1,550.000,425.000,975.000,750.000,875.000,850.000,-1,1,1,2,0,2,0,0,1,0,2,0,0,0,1,0,1,2
129,-1099.520,3517.092,-160.056,-94.047,-0.074061,0.990880,-0.112569,-0.996787,-0.070099,0.038763,0.030518,0.115078,0.992888,0,1.00000,0.69011,60.000,1.380,275.000,450.000,-1,450.000,-1,375.000,375.000,250.000,275.000,-1,525.000,375.000,925.000,750.000,900.000,-1,-1,1,1,2,0,2,0,0,1,0,2,0,0,0,1,0,2,2
130,-1102.281,3457.158,-158.274,-92.649,-0.050688,0.991595,-0.119037,-0.998028,-0.045874,0.042843,0.037023,0.120974,0.991965,0,1.00000,0.69891,60.000,1.398,250.000,450.000,-1,450.000,-1,400.000,375.000,250.000,275.000,-1,525.000,300.000,875.000,750.000,925.000,-1,-1,1,1,2,0,2,0,0,1,0,2,0,0,0,1,0,2,2
131,-1103.558,3397.173,-156.200,-91.232,-0.027167,0.991599,-0.126465,-0.998655,-0.021333,0.047258,0.044163,0.127578,0.990845,0,1.00000,0.70817,60.000,1.416,250.000,450.000,-1,475.000,-1,400.000,400.000,250.000,275.000,-1,450.000,250.000,825.000,775.000,950.000,-1,-1,1,1,2,0,2,0,0,1,0,2,0,0,0,1,0,2,2
132,-1103.329,3337.175,-153.797,-89.797,-0.003544,0.990838,-0.135007,-0.998640,0.003516,0.052020,0.052018,0.135008,0.989478,0,1.00000,0.71789,60.000,1.436,275.000,450.000,-1,475.000,-1,425.000,400.000,225.000,275.000,-1,400.000,200.000,725.000,775.000,1000.000,-1,-1,1,1,2,0,2,0,0,1,0,2,0,0,0,1,0,2,2
