timestep,x_cm,y_cm,z_cm,yaw_deg,basis_xx,basis_xy,basis_xz,basis_yx,basis_yy,basis_yz,basis_zx,basis_zy,basis_zz,teleport_flag,throttle_cmd,steering_cmd,cmd_move_cm,cmd_turn_deg,lidar_cm_0,lidar_cm_1,lidar_cm_2,lidar_cm_3,lidar_cm_4,lidar_cm_5,lidar_cm_6,lidar_cm_7,lidar_cm_8,lidar_cm_9,lidar_cm_10,lidar_cm_11,lidar_cm_12,lidar_cm_13,lidar_cm_14,lidar_cm_15,lidar_cm_16,lidar_class_0,lidar_class_1,lidar_class_2,lidar_class_3,lidar_class_4,lidar_class_5,lidar_class_6,lidar_class_7,lidar_class_8,lidar_class_9,lidar_class_10,lidar_class_11,lidar_class_12,lidar_class_13,lidar_class_14,lidar_class_15,lidar_class_16
0,988.692,-4919.751,42.910,-3.146,0.998338,0.054859,0.017628,-0.054292,0.998038,-0.031191,-0.019304,0.030183,0.999358,1,0.08000,0.12000,4.800,0.240,500.000,375.000,525.000,375.000,-1,325.000,325.000,300.000,300.000,-1,675.000,650.000,-1,425.000,500.000,475.000,650.000,1,1,1,0,2,0,0,0,0,2,0,0,2,1,1,1,1
1,998.281,-4920.197,42.725,-2.666,0.998766,0.046496,0.017434,-0.045938,0.998459,-0.031148,-0.018855,0.030309,0.999363,0,0.16000,0.24000,9.600,0.480,500.000,375.000,525.000,375.000,-1,325.000,325.000,300.000,300.000,-1,675.000,650.000,-1,425.000,475.000,450.000,625.000,1,1,1,1,2,0,0,0,0,2,0,0,2,1,1,1,1
2,1012.673,-4920.686,42.452,-1.946,0.999277,0.033946,0.017144,-0.033401,0.998958,-0.031089,-0.018181,0.030494,0.999370,0,0.24000,0.36000,14.400,0.720,500.000,350.000,500.000,375.000,-1,325.000,325.000,300.000,300.000,-1,675.000,675.000,-1,425.000,475.000,450.000,600.000,1,1,1,1,2,0,0,0,0,2,0,0,2,1,1,1,1
3,1031.870,-4921.016,42.098,-0.986,0.999712,0.017204,0.016759,-0.016678,0.999380,-0.031021,-0.017283,0.030732,0.999378,0,0.32000,0.48000,19.200,0.960,475.000,350.000,475.000,350.000,-1,325.000,325.000,300.000,300.000,-1,675.000,675.000,-1,400.000,450.000,450.000,550.000,1,1,1,1,2,1,1,0,0,2,0,0,2,1,1,1,1
4,1055.870,-4920.927,41.670,0.214,0.999860,-0.003729,0.016283,0.004232,0.999512,-0.030953,-0.016159,0.031018,0.999388,0,0.40000,0.60000,24.000,1.200,475.000,325.000,450.000,350.000,-1,300.000,300.000,300.000,300.000,-1,675.000,675.000,-1,375.000,425.000,425.000,500.000,1,1,1,1,2,1,1,0,0,2,0,0,2,1,1,1,1
5,1084.658,-4920.104,41.178,1.638,0.999468,-0.028563,0.015718,0.029038,0.999101,-0.030898,-0.014821,0.031338,0.999399,0,0.48000,0.71188,28.800,1.424,450.000,325.000,425.000,325.000,-1,300.000,275.000,300.000,300.000,-1,675.000,700.000,-1,350.000,375.000,400.000,450.000,1,1,1,1,2,1,1,0,0,2,0,0,2,1,1,1,1
6,1118.210,-4918.313,40.629,3.055,0.998467,-0.053261,0.015066,0.053706,0.998080,-0.030854,-0.013394,0.031616,0.999410,0,0.56000,0.70854,33.600,1.417,425.000,300.000,375.000,300.000,550.000,275.000,275.000,300.000,300.000,-1,675.000,700.000,-1,325.000,350.000,375.000,400.000,1,1,1,1,1,1,1,0,0,2,0,0,2,1,1,1,1
7,1156.493,-4915.324,40.031,4.464,0.996866,-0.077799,0.014331,0.078211,0.996460,-0.030829,-0.011882,0.031853,0.999422,0,0.64000,0.70487,38.400,1.410,400.000,275.000,350.000,250.000,425.000,250.000,225.000,300.000,300.000,-1,675.000,725.000,-1,300.000,300.000,350.000,350.000,1,1,1,1,1,1,1,0,0,2,0,0,2,1,1,1,1
8,1189.931,-4912.025,39.527,5.634,0.995080,-0.098125,0.013697,0.098508,0.994658,-0.030834,-0.010599,0.032032,0.999431,0,0.56000,0.58487,33.600,1.170,375.000,250.000,325.000,225.000,350.000,225.000,225.000,300.000,300.000,-1,700.000,725.000,-1,275.000,275.000,325.000,300.000,1,1,1,1,1,1,1,0,0,2,0,0,2,1,1,1,1
9,1218.542,-4908.733,39.109,6.564,0.993365,-0.114251,0.013161,0.114610,0.992931,-0.030855,-0.009543,0.032158,0.999437,0,0.48000,0.46487,28.800,0.930,350.000,225.000,275.000,225.000,300.000,200.000,200.000,300.000,300.000,-1,700.000,725.000,-1,250.000,250.000,300.000,275.000,1,1,1,1,1,1,1,0,0,2,0,0,2,1,1,1,1
10,1242.338,-4905.617,38.771,7.459,0.991464,-0.129756,0.012723,0.130094,0.991020,-0.030900,-0.008599,0.032291,0.999442,0,0.40000,0.44778,24.000,0.896,325.000,200.000,250.000,200.000,275.000,200.000,175.000,300.000,300.000,-1,700.000,750.000,-1,250.000,225.000,275.000,225.000,1,1,1,1,1,1,1,0,0,2,0,0,2,1,1,1,1
11,1261.335,-4902.829,38.507,8.348,0.989337,-0.145117,0.012382,0.145437,0.988883,-0.030966,-0.007751,0.032437,0.999444,0,0.32000,0.44454,19.200,0.889,300.000,200.000,250.000,175.000,225.000,175.000,175.000,300.000,300.000,-1,725.000,750.000,-1,225.000,200.000,275.000,200.000,1,1,1,1,1,1,1,0,0,2,0,0,2,1,1,1,1
12,1275.548,-4900.519,38.365,9.231,0.986987,-0.160333,0.012257,0.160642,0.986531,-0.030837,-0.007147,0.032405,0.999449,0,0.24000,0.44133,14.400,0.883,300.000,200.000,225.000,175.000,200.000,175.000,150.000,300.000,300.000,-1,725.000,775.000,-1,225.000,200.000,250.000,200.000,1,1,1,1,1,1,1,0,0,2,0,0,2,1,1,1,1
13,1284.999,-4898.835,39.449,10.108,0.984459,-0.175428,0.008036,0.175583,0.984092,-0.027069,-0.003159,0.028059,0.999601,0,0.16000,0.43824,9.600,0.876,300.000,175.000,225.000,150.000,200.000,175.000,150.000,300.000,300.000,-1,650.000,700.000,-1,225.000,175.000,250.000,175.000,1,1,1,1,1,1,1,0,0,2,0,0,2,1,1,1,1
14,1289.712,-4897.922,40.514,10.978,0.981702,-0.190381,0.003990,0.190422,0.981416,-0.023697,0.000596,0.024023,0.999711,0,0.08000,0.43532,4.800,0.871,300.000,175.000,225.000,150.000,200.000,175.000,150.000,300.000,325.000,-1,525.000,650.000,-1,225.000,175.000,250.000,175.000,1,1,1,1,1,1,1,0,0,2,0,0,2,1,1,1,1
15,1289.712,-4897.923,40.935,11.843,0.978720,-0.205187,0.002415,0.205188,0.978462,-0.022591,0.002272,0.022606,0.999742,0,-0.00000,0.43264,-0.000,0.865,300.000,200.000,225.000,150.000,200.000,175.000,150.000,300.000,325.000,-1,500.000,600.000,-1,225.000,175.000,275.000,175.000,1,1,1,1,1,1,1,0,0,2,0,0,2,1,1,1,1
16,1285.029,-4898.978,40.686,12.704,0.975527,-0.219851,0.003489,0.219872,0.975241,-0.023699,0.001808,0.023886,0.999713,0,-0.08000,0.43025,-4.800,0.861,325.000,200.000,225.000,150.000,200.000,175.000,150.000,300.000,325.000,-1,525.000,650.000,-1,225.000,175.000,275.000,175.000,1,1,1,1,1,1,1,0,0,2,0,0,2,1,1,1,1
17,1275.696,-4901.228,39.751,13.560,0.972117,-0.234379,0.007349,0.234493,0.971745,-0.026931,-0.000829,0.027904,0.999610,0,-0.16000,0.42821,-9.600,0.856,350.000,200.000,250.000,175.000,200.000,175.000,150.000,300.000,325.000,-1,650.000,725.000,-1,225.000,200.000,300.000,175.000,1,1,1,1,1,1,1,0,0,2,0,0,2,1,1,1,1
18,1261.749,-4904.810,38.473,14.414,0.968476,-0.248780,0.012764,0.249064,0.967985,-0.031168,-0.004601,0.033365,0.999433,0,-0.24000,0.42655,-14.400,0.853,375.000,225.000,250.000,175.000,200.000,175.000,175.000,300.000,300.000,-1,750.000,825.000,-1,250.000,200.000,325.000,175.000,1,1,1,1,1,1,1,0,0,2,0,0,2,1,1,1,1
19,1243.226,-4909.865,38.595,15.264,0.964675,-0.263118,0.013039,0.263406,0.964173,-0.031427,-0.004302,0.033751,0.999421,0,-0.32000,0.42529,-19.200,0.851,425.000,225.000,275.000,175.000,200.000,200.000,175.000,300.000,300.000,-1,750.000,825.000,-1,275.000,200.000,350.000,200.000,1,1,1,1,1,1,1,0,0,2,0,0,2,1,1,1,1
20,1223.161,-4915.661,38.718,16.113,0.960670,-0.277371,0.013336,0.277662,0.960156,-0.031695,-0.004013,0.034151,0.999409,0,-0.34809,0.42445,-20.886,0.849,450.000,250.000,300.000,200.000,225.000,225.000,200.000,300.000,300.000,-1,750.000,800.000,-1,300.000,225.000,375.000,200.000,1,1,1,1,1,1,1,0,0,2,0,0,2,1,1,1,1
21,1203.017,-4921.805,38.881,16.961,0.956460,-0.291542,0.013727,0.291839,0.955941,-0.031731,-0.003872,0.034355,0.999402,0,-0.35100,0.42380,-21.060,0.848,500.000,275.000,325.000,200.000,250.000,225.000,200.000,300.000,300.000,-1,750.000,825.000,-1,325.000,250.000,400.000,225.000,1,1,1,1,1,1,1,0,0,2,0,0,2,1,1,1,1
22,1182.799,-4928.299,39.033,17.807,0.952046,-0.305630,0.014117,0.305933,0.951523,-0.031756,-0.003727,0.034552,0.999396,0,-0.35392,0.42323,-21.235,0.846,550.000,300.000,350.000,225.000,250.000,250.000,225.000,300.000,300.000,-1,750.000,825.000,-1,350.000,250.000,450.000,250.000,1,1,1,1,1,1,1,0,0,2,0,0,2,1,1,1,1
23,1162.513,-4935.146,39.175,18.653,0.947430,-0.319635,0.014504,0.319944,0.946904,-0.031770,-0.003579,0.034741,0.999390,0,-0.35684,0.42273,-21.410,0.845,625.000,325.000,375.000,250.000,275.000,275.000,225.000,300.000,300.000,-1,775.000,825.000,-1,375.000,275.000,475.000,250.000,1,1,1,1,1,1,1,0,0,2,0,0,2,1,1,1,1
24,1142.165,-4942.351,39.305,19.497,0.942613,-0.333555,0.014889,0.333870,0.942083,-0.031775,-0.003428,0.034922,0.999384,0,-0.35977,0.42229,-21.586,0.845,675.000,350.000,400.000,250.000,300.000,275.000,250.000,300.000,300.000,-1,775.000,825.000,-1,400.000,300.000,500.000,275.000,1,1,1,1,1,1,1,0,0,2,0,0,2,1,1,1,1
25,1121.760,-4949.915,39.424,20.341,0.937596,-0.347392,0.015271,0.347712,0.937063,-0.031769,-0.003273,0.035096,0.999379,0,-0.36270,0.42193,-21.762,0.844,750.000,375.000,425.000,275.000,325.000,300.000,275.000,300.000,300.000,-1,775.000,850.000,-1,425.000,300.000,550.000,300.000,1,1,1,1,1,1,1,0,0,2,0,0,2,1,1,1,1
26,1101.304,-4957.843,39.531,21.184,0.932379,-0.361143,0.015650,0.361468,0.931844,-0.031754,-0.003115,0.035263,0.999373,0,-0.36563,0.42163,-21.938,0.843,825.000,375.000,450.000,275.000,325.000,325.000,275.000,300.000,300.000,-1,775.000,850.000,-1,450.000,325.000,575.000,325.000,1,1,1,1,1,1,1,0,0,2,0,0,2,1,1,1,1
27,1080.804,-4966.137,39.626,22.027,0.926964,-0.374808,0.016025,0.375139,0.926426,-0.031728,-0.002954,0.035423,0.999368,0,-0.36857,0.42139,-22.114,0.843,925.000,400.000,475.000,300.000,350.000,325.000,300.000,300.000,300.000,-1,775.000,850.000,-1,475.000,350.000,625.000,325.000,1,0,1,1,1,0,1,0,0,2,0,0,2,1,1,1,1
28,1060.265,-4974.799,39.708,22.869,0.921351,-0.388386,0.016398,0.388722,0.920810,-0.031693,-0.002790,0.035575,0.999363,0,-0.37151,0.42122,-22.291,0.842,-1,400.000,500.000,325.000,375.000,325.000,325.000,300.000,300.000,-1,775.000,850.000,-1,500.000,350.000,650.000,350.000,2,0,1,1,1,0,1,0,0,2,0,0,2,1,1,1,1
29,1039.695,-4983.834,39.778,23.712,0.915540,-0.401878,0.016767,0.402219,0.914996,-0.031649,-0.002622,0.035720,0.999358,0,-0.37445,0.42112,-22.467,0.842,-1,400.000,525.000,325.000,375.000,325.000,325.000,300.000,300.000,-1,775.000,875.000,-1,550.000,375.000,700.000,375.000,2,0,1,1,1,0,0,0,0,2,0,0,2,1,1,1,1
30,1019.099,-4993.244,39.835,24.554,0.909532,-0.415280,0.017132,0.415626,0.908986,-0.031596,-0.002451,0.035858,0.999354,0,-0.37739,0.42107,-22.644,0.842,-1,400.000,550.000,350.000,400.000,325.000,325.000,300.000,300.000,-1,800.000,875.000,-1,575.000,400.000,750.000,400.000,2,0,1,1,1,0,0,0,0,2,0,0,2,1,1,1,1
31,998.484,-5003.031,39.879,25.396,0.903328,-0.428594,0.017493,0.428945,0.902780,-0.031534,-0.002277,0.035989,0.999350,0,-0.38034,0.42109,-22.820,0.842,-1,400.000,575.000,350.000,425.000,325.000,325.000,300.000,300.000,-1,800.000,875.000,-1,600.000,425.000,800.000,400.000,2,0,1,1,1,0,0,0,0,2,0,0,2,1,1,1,1
32,977.856,-5013.197,39.909,26.238,0.896928,-0.441817,0.017850,0.442173,0.896378,-0.031463,-0.002099,0.036113,0.999346,0,-0.38328,0.42116,-22.997,0.842,-1,400.000,600.000,375.000,450.000,325.000,325.000,300.000,300.000,-1,800.000,875.000,-1,650.000,425.000,850.000,425.000,2,0,1,1,1,0,0,0,0,2,0,0,2,1,1,1,1
33,957.224,-5023.747,39.921,27.081,0.890332,-0.454949,0.018182,0.455309,0.889781,-0.031374,-0.001905,0.036212,0.999342,0,-0.38622,0.42129,-23.173,0.843,-1,400.000,625.000,375.000,450.000,325.000,325.000,300.000,300.000,-1,800.000,900.000,-1,675.000,450.000,900.000,450.000,2,0,1,0,1,0,0,0,0,2,0,0,2,1,1,1,1
34,936.593,-5034.681,39.914,27.924,0.883541,-0.467989,0.018490,0.468351,0.882989,-0.031269,-0.001692,0.036287,0.999340,0,-0.38916,0.42148,-23.349,0.843,-1,400.000,650.000,375.000,475.000,325.000,325.000,300.000,300.000,-1,800.000,900.000,-1,700.000,475.000,950.000,475.000,2,0,1,0,1,0,0,0,0,2,0,0,2,1,1,1,1
35,915.970,-5046.003,39.892,28.767,0.876555,-0.480936,0.018785,0.481300,0.876002,-0.031154,-0.001473,0.036350,0.999338,0,-0.39209,0.42173,-23.526,0.843,-1,400.000,700.000,375.000,500.000,325.000,325.000,300.000,300.000,-1,800.000,900.000,-1,750.000,475.000,-1,500.000,2,0,1,0,1,0,0,0,0,2,0,0,2,1,1,2,1
36,899.651,-5055.187,39.865,29.371,0.871439,-0.490135,0.019011,0.490501,0.870887,-0.031059,-0.001333,0.036391,0.999337,0,-0.31209,0.30173,-18.726,0.603,-1,400.000,700.000,375.000,500.000,325.000,325.000,300.000,300.000,-1,800.000,900.000,-1,750.000,500.000,-1,500.000,2,0,1,0,1,0,0,0,0,2,0,0,2,0,1,2,1
37,887.559,-5062.094,39.843,29.734,0.868311,-0.495649,0.019175,0.496018,0.867759,-0.030989,-0.001280,0.036419,0.999336,0,-0.23209,0.18173,-13.926,0.363,-1,400.000,725.000,375.000,525.000,325.000,325.000,300.000,300.000,-1,800.000,900.000,-1,750.000,525.000,-1,525.000,2,0,1,0,1,0,0,0,0,2,0,0,2,0,1,2,1
38,879.645,-5066.637,39.830,29.858,0.867240,-0.497517,0.019282,0.497889,0.866688,-0.030947,-0.001315,0.036439,0.999335,0,-0.15209,0.06173,-9.126,0.123,-1,400.000,750.000,375.000,525.000,325.000,325.000,300.000,300.000,-1,800.000,900.000,-1,750.000,525.000,-1,525.000,2,0,1,0,1,0,0,0,0,2,0,0,2,0,1,2,1
39,875.889,-5068.783,39.827,29.741,0.868248,-0.495753,0.019335,0.496128,0.867698,-0.030934,-0.001441,0.036451,0.999334,0,-0.07209,-0.05827,-4.326,-0.117,-1,400.000,750.000,375.000,525.000,325.000,325.000,300.000,300.000,-1,800.000,900.000,-1,750.000,525.000,-1,525.000,2,0,1,0,1,0,0,0,0,2,0,0,2,0,1,2,1
40,876.303,-5068.551,39.836,29.385,0.871314,-0.490344,0.019334,0.490722,0.870766,-0.030952,-0.001658,0.036457,0.999334,0,0.00791,-0.17827,0.474,-0.357,-1,400.000,725.000,375.000,525.000,325.000,325.000,300.000,300.000,-1,800.000,900.000,-1,750.000,525.000,-1,525.000,2,0,1,0,1,0,0,0,0,2,0,0,2,0,1,2,1
41,880.925,-5066.011,39.851,28.788,0.876370,-0.481252,0.019276,0.481634,0.875824,-0.030999,-0.001964,0.036450,0.999334,0,0.08791,-0.29827,5.274,-0.597,-1,400.000,725.000,375.000,525.000,325.000,325.000,300.000,300.000,-1,800.000,875.000,-1,750.000,525.000,-1,525.000,2,0,1,0,1,0,0,0,0,2,0,0,2,0,1,2,1
42,889.812,-5061.266,39.866,28.099,0.882097,-0.470678,0.019155,0.471063,0.881553,-0.031064,-0.002265,0.036425,0.999334,0,0.16791,-0.34473,10.074,-0.689,-1,400.000,700.000,375.000,525.000,325.000,325.000,300.000,300.000,-1,800.000,875.000,-1,750.000,500.000,-1,525.000,2,0,1,0,1,0,0,0,0,2,0,0,2,0,1,2,1
43,903.017,-5054.418,39.874,27.410,0.887689,-0.460052,0.018967,0.460436,0.887146,-0.031143,-0.002499,0.036379,0.999335,0,0.24791,-0.34425,14.874,-0.688,-1,400.000,700.000,375.000,525.000,325.000,325.000,300.000,300.000,-1,775.000,875.000,-1,750.000,500.000,1000.000,500.000,2,0,1,0,1,0,0,0,0,2,0,0,2,1,1,1,1
44,920.590,-5045.571,39.868,26.722,0.893153,-0.449365,0.018707,0.449746,0.892610,-0.031233,-0.002663,0.036310,0.999337,0,0.32791,-0.34411,19.674,-0.688,-1,400.000,675.000,375.000,500.000,325.000,325.000,300.000,300.000,-1,775.000,875.000,-1,700.000,475.000,950.000,475.000,2,0,1,0,1,0,0,0,0,2,0,0,2,1,1,1,1
45,942.581,-5034.830,39.844,26.033,0.898491,-0.438607,0.018373,0.438982,0.897949,-0.031332,-0.002755,0.036217,0.999340,0,0.40791,-0.34429,24.474,-0.689,-1,400.000,625.000,375.000,475.000,325.000,325.000,300.000,300.000,-1,775.000,875.000,-1,675.000,450.000,900.000,475.000,2,0,1,0,1,0,0,0,0,2,0,0,2,1,1,1,1
46,969.038,-5022.299,39.794,25.344,0.903710,-0.427770,0.017950,0.428137,0.903167,-0.031434,-0.002765,0.036092,0.999345,0,0.48791,-0.34479,29.274,-0.690,-1,400.000,600.000,375.000,450.000,325.000,325.000,300.000,300.000,-1,775.000,875.000,-1,625.000,450.000,825.000,450.000,2,0,1,1,1,0,0,0,0,2,0,0,2,1,1,1,1
47,1000.007,-5008.086,39.708,24.653,0.908811,-0.416845,0.017419,0.417200,0.908268,-0.031529,-0.002679,0.035921,0.999351,0,0.56791,-0.34563,34.074,-0.691,-1,400.000,575.000,350.000,425.000,325.000,325.000,300.000,300.000,-1,775.000,875.000,-1,600.000,400.000,775.000,400.000,2,0,1,1,1,0,0,0,0,2,0,0,2,1,1,1,1
48,1035.465,-4992.150,39.589,24.201,0.912074,-0.409681,0.016819,0.410019,0.911528,-0.031635,-0.002371,0.035750,0.999358,0,0.64791,-0.22563,38.874,-0.451,-1,400.000,525.000,325.000,400.000,325.000,325.000,300.000,300.000,-1,800.000,875.000,-1,550.000,375.000,725.000,375.000,2,0,1,1,1,0,0,0,0,2,0,0,2,1,1,1,1
49,1074.111,-4975.138,39.441,23.758,0.915222,-0.402626,0.016165,0.402946,0.914673,-0.031751,-0.002002,0.035573,0.999365,0,0.70374,-0.22140,42.224,-0.443,-1,400.000,475.000,300.000,350.000,325.000,300.000,300.000,300.000,-1,800.000,875.000,-1,500.000,350.000,650.000,325.000,2,0,1,1,1,0,1,0,0,2,0,0,2,1,1,1,1
50,1113.145,-4958.319,39.274,23.311,0.918349,-0.395469,0.015504,0.395769,0.917797,-0.031868,-0.001627,0.035402,0.999372,0,0.70838,-0.22387,42.503,-0.448,925.000,400.000,425.000,275.000,300.000,325.000,275.000,300.000,300.000,-1,800.000,875.000,-1,450.000,325.000,600.000,300.000,1,1,1,1,1,1,1,0,0,2,0,0,2,1,1,1,1
51,1152.566,-4941.701,39.088,22.858,0.921454,-0.388204,0.014835,0.388485,0.920900,-0.031985,-0.001245,0.035236,0.999378,0,0.71300,-0.22646,42.780,-0.453,775.000,350.000,400.000,250.000,275.000,300.000,250.000,300.000,300.000,-1,800.000,875.000,-1,400.000,275.000,550.000,250.000,1,1,1,1,1,1,1,0,0,2,0,0,2,1,1,1,1
52,1192.373,-4925.295,38.903,22.399,0.924538,-0.380826,0.014184,0.381089,0.923984,-0.032012,-0.000915,0.035001,0.999387,0,0.71759,-0.22920,43.056,-0.458,675.000,325.000,350.000,225.000,225.000,250.000,225.000,300.000,300.000,-1,800.000,875.000,-1,375.000,250.000,475.000,225.000,1,1,1,1,1,1,1,0,0,2,0,0,2,1,1,1,1
53,1232.565,-4909.109,38.804,21.935,0.927595,-0.373336,0.013669,0.373585,0.927059,-0.031560,-0.000890,0.034382,0.999408,0,0.72214,-0.23211,43.329,-0.464,575.000,275.000,300.000,200.000,175.000,225.000,200.000,300.000,300.000,-1,825.000,900.000,-1,325.000,225.000,425.000,175.000,1,1,1,1,1,1,1,0,0,2,0,0,2,1,1,1,1
54,1273.141,-4893.160,42.921,21.465,0.930656,-0.365870,-0.004349,0.365707,0.930492,-0.021037,0.011744,0.017987,0.999769,0,0.72664,-0.23520,43.598,-0.470,500.000,250.000,275.000,175.000,175.000,200.000,175.000,300.000,350.000,-1,425.000,575.000,-1,275.000,200.000,375.000,150.000,1,1,1,1,1,1,1,0,0,2,0,0,2,1,1,1,1
55,1314.097,-4877.451,49.685,20.988,0.933071,-0.358156,-0.033206,0.358235,0.933624,-0.003750,0.032345,-0.008396,0.999441,0,0.73106,-0.23850,43.864,-0.477,450.000,225.000,250.000,175.000,175.000,200.000,150.000,275.000,400.000,950.000,200.000,325.000,-1,250.000,200.000,350.000,150.000,1,1,1,1,1,1,1,0,0,0,0,0,2,1,1,1,1
56,1355.426,-4861.992,56.767,20.504,0.934602,-0.350038,-0.063179,0.351584,0.936038,0.014909,0.053919,-0.036147,0.997891,0,0.73539,-0.24204,44.124,-0.484,375.000,200.000,250.000,150.000,175.000,175.000,150.000,275.000,500.000,600.000,100.000,250.000,-1,225.000,175.000,300.000,150.000,1,1,1,1,1,1,1,0,1,0,0,0,2,1,1,1,1
57,983.893,983.949,31.260,65.870,0.407875,-0.912008,-0.043361,0.893794,0.408527,-0.185036,0.186469,0.036716,0.981775,1,0.00000,0.00000,44.377,-0.492,-1,200.000,-1,275.000,575.000,200.000,225.000,650.000,400.000,750.000,75.000,50.000,475.000,300.000,400.000,300.000,450.000,2,1,2,1,1,1,1,0,0,0,0,0,0,1,1,1,1
58,2948.849,-6891.155,-47.732,-126.587,-0.596982,0.801924,0.023010,-0.801714,-0.595281,-0.053807,-0.029452,-0.050569,0.998286,1,0.08000,0.12000,4.800,0.240,-1,400.000,-1,375.000,-1,325.000,325.000,300.000,325.000,-1,-1,-1,-1,750.000,725.000,-1,-1,2,0,2,0,2,0,0,0,0,2,2,2,2,0,0,2,2
59,2943.192,-6898.911,-48.023,-126.107,-0.590248,0.806894,0.023032,-0.806671,-0.588550,-0.053770,-0.029831,-0.050317,0.998288,0,0.16000,0.24000,9.600,0.480,-1,400.000,-1,375.000,-1,325.000,325.000,300.000,325.000,-1,-1,-1,-1,750.000,725.000,-1,-1,2,0,2,0,2,0,0,0,0,2,2,2,2,0,0,2,2
60,2934.853,-6910.650,-48.467,-125.387,-0.580068,0.814241,0.023070,-0.814000,-0.578375,-0.053720,-0.030398,-0.049940,0.998289,0,0.24000,0.36000,14.400,0.720,-1,400.000,-1,375.000,-1,325.000,325.000,300.000,325.000,-1,-1,-1,-1,750.000,725.000,-1,-1,2,0,2,0,2,0,0,0,0,2,2,2,2,0,0,2,2
61,2923.952,-6926.455,-49.065,-124.594,-0.568743,0.822190,0.023124,-0.821930,-0.567054,-0.053675,-0.031019,-0.049533,0.998291,0,0.32000,0.39679,19.200,0.794,-1,400.000,-1,375.000,-1,325.000,325.000,300.000,300.000,-1,-1,-1,-1,750.000,725.000,-1,-1,2,0,2,0,2,0,0,0,0,2,2,2,2,0,0,2,2
62,2910.603,-6946.400,-49.822,-123.794,-0.557227,0.830036,0.023198,-0.829757,-0.555540,-0.053647,-0.031642,-0.049142,0.998290,0,0.40000,0.39962,24.000,0.799,-1,400.000,-1,375.000,-1,325.000,325.000,300.000,300.000,-1,-1,-1,-1,750.000,725.000,-1,-1,2,0,2,0,2,0,0,0,0,2,2,2,2,0,0,2,2
63,2894.923,-6970.557,-50.730,-122.986,-0.545471,0.837806,0.023287,-0.837509,-0.543789,-0.053589,-0.032234,-0.048734,0.998292,0,0.48000,0.40407,28.800,0.808,-1,400.000,-1,375.000,-1,325.000,325.000,300.000,300.000,-1,-1,-1,-1,750.000,725.000,-1,-1,2,0,2,0,2,0,0,0,0,2,2,2,2,0,0,2,2
64,2877.035,-6999.000,-51.794,-122.166,-0.533427,0.845522,0.023402,-0.845209,-0.531749,-0.053516,-0.032805,-0.048327,0.998293,0,0.56000,0.41016,33.600,0.820,-1,400.000,-1,375.000,-1,325.000,325.000,300.000,300.000,-1,-1,-1,-1,750.000,725.000,-1,-1,2,0,2,0,2,0,0,0,0,2,2,2,2,0,0,2,2
65,2857.069,-7031.800,-53.033,-121.330,-0.521045,0.853202,0.023636,-0.852879,-0.519367,-0.053441,-0.033320,-0.048004,0.998291,0,0.64000,0.41791,38.400,0.836,-1,400.000,-1,375.000,-1,325.000,325.000,300.000,300.000,-1,-1,-1,-1,750.000,725.000,-1,-1,2,0,2,0,2,0,0,0,0,2,2,2,2,0,0,2,2
66,2835.159,-7069.032,-54.462,-120.475,-0.508269,0.860862,0.024054,-0.860537,-0.506587,-0.053354,-0.033744,-0.047818,0.998286,0,0.72000,0.42735,43.200,0.855,-1,400.000,-1,375.000,-1,325.000,325.000,300.000,300.000,-1,-1,-1,-1,750.000,725.000,-1,-1,2,0,2,0,2,0,0,0,0,2,2,2,2,0,0,2,2
67,2811.570,-7110.560,-56.052,-119.598,-0.495044,0.868520,0.024565,-0.868197,-0.493353,-0.053267,-0.034144,-0.047696,0.998278,0,0.79600,0.43852,47.760,0.877,975.000,400.000,-1,375.000,-1,325.000,325.000,300.000,300.000,-1,-1,-1,-1,750.000,700.000,-1,-1,1,0,2,0,2,0,0,0,0,2,2,2,2,0,0,2,2
68,2788.674,-7152.388,-57.644,-118.695,-0.481310,0.876191,0.025109,-0.875870,-0.479611,-0.053149,-0.034526,-0.047573,0.998271,0,0.79475,0.45138,47.685,0.903,925.000,400.000,-1,375.000,-1,325.000,325.000,300.000,300.000,-1,-1,-1,-1,750.000,700.000,-1,-1,1,0,2,0,2,0,0,0,0,2,2,2,2,1,0,2,2
69,2764.396,-7198.920,-59.415,-117.553,-0.463754,0.885590,0.025755,-0.885271,-0.462045,-0.053003,-0.035039,-0.047380,0.998262,0,0.87475,0.57138,52.485,1.143,900.000,400.000,-1,375.000,-1,325.000,325.000,300.000,300.000,-1,-1,-1,-1,725.000,700.000,-1,-1,1,0,2,0,2,0,0,0,0,2,2,2,2,1,0,2,2
70,2739.132,-7250.332,-61.384,-116.170,-0.442266,0.896491,0.026529,-0.896173,-0.440545,-0.052861,-0.035702,-0.047153,0.998249,0,0.95475,0.69138,57.285,1.383,850.000,400.000,-1,375.000,-1,325.000,325.000,300.000,300.000,-1,-1,-1,-1,700.000,700.000,975.000,-1,1,0,2,0,2,0,0,0,0,2,2,2,2,1,0,1,2
71,2714.772,-7303.668,-63.478,-114.547,-0.416718,0.908625,0.027335,-0.908304,-0.414989,-0.052606,-0.036456,-0.046750,0.998241,0,0.97728,0.81138,58.637,1.623,800.000,400.000,-1,375.000,-1,325.000,325.000,300.000,300.000,-1,-1,-1,-1,675.000,700.000,900.000,-1,1,0,2,0,2,0,0,1,0,2,2,2,2,1,0,1,2
72,2692.191,-7357.691,-65.666,-112.684,-0.386975,0.921661,0.028137,-0.921337,-0.385245,-0.052192,-0.037264,-0.046120,0.998241,0,0.97587,0.93138,58.552,1.863,750.000,400.000,-1,375.000,-1,325.000,325.000,300.000,300.000,-1,-1,-1,-1,675.000,700.000,825.000,-1,1,0,2,0,2,0,0,1,0,2,2,2,2,1,0,1,2
73,2671.525,-7412.426,-67.908,-110.684,-0.354589,0.934571,0.029042,-0.934244,-0.352855,-0.051782,-0.038147,-0.045493,0.998236,0,0.97511,1.00000,58.507,2.000,700.000,400.000,-1,375.000,-1,325.000,325.000,300.000,300.000,-1,-1,-1,-1,650.000,700.000,775.000,-1,1,0,2,0,2,0,0,1,0,2,2,2,2,1,0,1,2
74,2652.792,-7467.819,-70.215,-108.684,-0.321773,0.946342,0.029987,-0.946012,-0.320033,-0.051387,-0.039032,-0.044903,0.998229,0,0.97459,1.00000,58.476,2.000,650.000,400.000,-1,375.000,-1,325.000,325.000,275.000,300.000,-1,-1,-1,-1,625.000,700.000,700.000,-1,1,0,2,0,2,0,0,1,0,2,2,2,2,1,0,1,2
75,2636.020,-7523.777,-72.587,-106.684,-0.288569,0.956958,0.030966,-0.956626,-0.286818,-0.051003,-0.039926,-0.044341,0.998218,0,0.97364,1.00000,58.418,2.000,600.000,400.000,-1,375.000,-1,325.000,325.000,275.000,300.000,-1,-1,-1,-1,600.000,700.000,650.000,-1,1,1,2,0,2,0,0,1,0,2,2,2,2,1,0,1,2
76,2621.232,-7580.206,-75.025,-104.684,-0.255016,0.966408,0.031975,-0.966074,-0.253252,-0.050630,-0.040831,-0.043802,0.998205,0,0.97224,1.00000,58.335,2.000,550.000,375.000,-1,375.000,-1,325.000,325.000,275.000,300.000,-1,-1,-1,-1,575.000,700.000,600.000,-1,1,1,2,0,2,0,0,1,0,2,2,2,2,1,0,1,2
77,2608.447,-7637.007,-77.513,-102.684,-0.221153,0.974683,0.032940,-0.974343,-0.219376,-0.050298,-0.041799,-0.043218,0.998191,0,0.97038,1.00000,58.223,2.000,500.000,350.000,-1,375.000,-1,300.000,325.000,275.000,300.000,-1,-1,-1,-1,525.000,700.000,525.000,-1,1,1,2,0,2,1,1,1,0,2,2,2,2,1,0,1,2
78,2597.679,-7694.083,-80.045,-100.684,-0.187023,0.981773,0.033829,-0.981420,-0.185232,-0.050030,-0.042852,-0.042557,0.998175,0,0.96805,1.00000,58.083,2.000,450.000,350.000,-1,375.000,-1,300.000,300.000,275.000,300.000,-1,-1,-1,-1,500.000,700.000,475.000,-1,1,1,2,0,2,1,1,1,0,2,2,2,2,1,0,1,2
79,2588.934,-7751.333,-82.637,-98.684,-0.152667,0.987668,0.034714,-0.987300,-0.150860,-0.049793,-0.043942,-0.041875,0.998156,0,0.96524,1.00000,57.914,2.000,400.000,325.000,-1,375.000,-1,275.000,300.000,250.000,300.000,-1,-1,-1,-1,475.000,700.000,425.000,-1,1,1,2,0,2,1,1,1,0,2,2,2,2,1,0,1,2
80,2582.215,-7808.657,-85.290,-96.684,-0.118127,0.992360,0.035593,-0.991975,-0.116303,-0.049587,-0.045068,-0.041165,0.998135,0,0.96195,1.00000,57.717,2.000,375.000,300.000,-1,375.000,-1,275.000,300.000,250.000,300.000,-1,-1,-1,-1,450.000,700.000,375.000,975.000,1,1,2,1,2,1,1,1,0,2,2,2,2,1,0,1,1
81,2577.671,-7861.378,-87.350,-94.924,-0.087487,0.995559,0.034768,-0.995161,-0.085778,-0.047931,-0.044736,-0.038793,0.998245,0,0.88195,0.88000,52.917,1.760,325.000,300.000,1000.000,375.000,-1,275.000,275.000,250.000,300.000,-1,-1,-1,-1,425.000,725.000,325.000,925.000,1,1,1,1,2,1,1,1,0,2,2,2,2,1,0,1,1
82,2574.809,-7909.409,-87.662,-93.404,-0.060536,0.997769,0.028134,-0.997393,-0.059356,-0.041036,-0.039275,-0.030545,0.998761,0,0.80195,0.76000,48.117,1.520,325.000,300.000,1000.000,375.000,975.000,275.000,300.000,275.000,300.000,-1,-1,-1,-1,425.000,725.000,325.000,875.000,1,1,1,1,1,1,1,1,0,2,2,2,2,1,1,1,1
83,2573.200,-7952.696,-87.809,-92.124,-0.037840,0.999039,0.022113,-0.998711,-0.037060,-0.034672,-0.033819,-0.023397,0.999154,0,0.72195,0.64000,43.317,1.280,325.000,300.000,-1,375.000,900.000,250.000,300.000,275.000,300.000,-1,650.000,625.000,-1,425.000,700.000,325.000,825.000,1,1,2,1,1,1,1,1,0,2,0,0,2,1,1,1,1
84,2572.469,-7991.206,-87.874,-91.084,-0.019407,0.999675,0.016518,-0.999402,-0.018924,-0.028945,-0.028623,-0.017070,0.999445,0,0.64195,0.52000,38.517,1.040,300.000,300.000,-1,400.000,850.000,250.000,300.000,275.000,300.000,-1,525.000,450.000,-1,425.000,675.000,325.000,775.000,1,1,2,1,1,1,1,1,0,2,0,0,2,1,1,1,1
85,2572.300,-8024.922,-87.875,-90.284,-0.005238,0.999921,0.011429,-0.999704,-0.004964,-0.023833,-0.023775,-0.011551,0.999651,0,0.56195,0.40000,33.717,0.800,300.000,275.000,-1,400.000,825.000,250.000,300.000,300.000,275.000,-1,425.000,350.000,-1,425.000,650.000,300.000,750.000,1,1,2,1,1,1,1,1,0,2,0,0,2,1,1,1,1
86,2572.557,-8053.838,-87.843,-89.489,0.008790,0.999937,0.007029,-0.999770,0.008926,-0.019485,-0.019547,-0.006856,0.999785,0,0.48195,0.39794,28.917,0.796,300.000,275.000,-1,400.000,775.000,250.000,300.000,300.000,275.000,-1,375.000,300.000,-1,400.000,625.000,300.000,725.000,1,1,2,1,1,1,1,1,0,2,0,0,2,1,1,1,1
87,2573.109,-8077.949,-87.784,-88.687,0.022856,0.999733,0.003358,-0.999611,0.022907,-0.015907,-0.015979,-0.002993,0.999868,0,0.40195,0.40058,24.117,0.801,300.000,275.000,-1,400.000,750.000,250.000,300.000,300.000,275.000,-1,350.000,250.000,-1,400.000,600.000,300.000,700.000,1,1,2,1,1,1,1,1,0,2,0,0,2,1,1,1,1
88,2573.822,-8097.252,-87.708,-87.883,0.036941,0.999317,0.000452,-0.999231,0.036944,-0.013105,-0.013113,0.000033,0.999914,0,0.32195,0.40232,19.317,0.805,300.000,275.000,-1,400.000,725.000,250.000,300.000,300.000,275.000,-1,325.000,225.000,-1,400.000,600.000,300.000,675.000,1,1,2,1,1,1,1,1,0,2,0,0,2,1,1,1,1
89,2574.563,-8111.751,-87.627,-87.076,0.051026,0.998696,-0.001656,-0.998637,0.051004,-0.011096,-0.010997,0.002220,0.999937,0,0.24195,0.40319,14.517,0.806,300.000,275.000,-1,400.000,700.000,250.000,300.000,300.000,275.000,-1,325.000,225.000,-1,400.000,575.000,300.000,675.000,1,1,2,1,1,1,1,1,0,2,0,0,2,1,1,1,1
90,2575.195,-8121.447,-87.555,-86.270,0.065086,0.997875,-0.002933,-0.997833,0.065055,-0.009898,-0.009686,0.003571,0.999947,0,0.16195,0.40320,9.717,0.806,300.000,275.000,-1,400.000,700.000,250.000,300.000,300.000,275.000,-1,300.000,200.000,-1,400.000,575.000,300.000,650.000,1,1,2,1,1,1,1,1,0,2,0,0,2,1,1,1,1
91,2575.584,-8126.349,-87.506,-85.465,0.079097,0.996861,-0.003347,-0.996824,0.079062,-0.009532,-0.009237,0.004090,0.999949,0,0.08195,0.40234,4.917,0.805,300.000,275.000,-1,400.000,675.000,250.000,300.000,300.000,275.000,-1,300.000,200.000,-1,400.000,575.000,300.000,650.000,1,1,2,1,1,1,1,1,0,2,0,0,2,1,1,1,1
92,2575.671,-8127.277,-87.488,-84.664,0.093029,0.995659,-0.003016,-0.995618,0.092995,-0.009865,-0.009541,0.003920,0.999947,0,0.01554,0.40064,0.933,0.801,300.000,275.000,-1,400.000,675.000,250.000,275.000,300.000,275.000,-1,300.000,200.000,-1,400.000,575.000,300.000,650.000,1,1,2,1,1,1,1,1,0,2,0,0,2,1,1,1,1
93,2575.793,-8128.421,-87.469,-83.868,0.106859,0.994271,-0.002684,-0.994226,0.106827,-0.010141,-0.009796,0.003752,0.999945,0,0.01918,0.39825,1.151,0.797,300.000,275.000,-1,375.000,675.000,250.000,275.000,300.000,275.000,-1,300.000,200.000,-1,400.000,550.000,300.000,650.000,1,1,2,1,1,1,1,1,0,2,0,0,2,1,1,1,1
94,2575.958,-8129.775,-87.449,-83.076,0.120587,0.992700,-0.002348,-0.992652,0.120557,-0.010363,-0.010004,0.003581,0.999944,0,0.02273,0.39591,1.364,0.792,300.000,275.000,-1,375.000,675.000,250.000,275.000,300.000,300.000,-1,300.000,200.000,-1,375.000,550.000,300.000,650.000,1,1,2,1,1,1,1,1,0,2,0,0,2,1,1,1,1
95,2576.169,-8131.334,-87.427,-82.288,0.134213,0.990950,-0.002010,-0.990900,0.134185,-0.010529,-0.010164,0.003404,0.999943,0,0.02622,0.39362,1.573,0.787,325.000,275.000,-1,375.000,650.000,250.000,275.000,300.000,300.000,-1,300.000,200.000,-1,375.000,550.000,300.000,625.000,1,1,2,1,1,1,1,1,0,2,0,0,2,1,1,1,1
96,2576.432,-8133.093,-87.403,-81.506,0.147736,0.989025,-0.001675,-0.988974,0.147710,-0.010636,-0.010272,0.003228,0.999942,0,0.02964,0.39137,1.778,0.783,325.000,275.000,-1,375.000,650.000,250.000,275.000,300.000,300.000,-1,300.000,200.000,-1,375.000,550.000,300.000,625.000,1,1,2,1,1,1,1,1,0,2,0,0,2,1,1,1,1
97,2576.751,-8135.046,-87.377,-80.727,0.161155,0.986928,-0.001347,-0.986875,0.161132,-0.010682,-0.010325,0.003051,0.999942,0,0.03299,0.38917,1.979,0.778,325.000,275.000,-1,375.000,650.000,250.000,275.000,300.000,300.000,-1,300.000,200.000,-1,375.000,550.000,300.000,625.000,1,1,2,1,1,1,1,1,0,2,0,0,2,1,1,1,1
98,2577.130,-8137.189,-87.349,-79.953,0.174470,0.984662,-0.001027,-0.984608,0.174449,-0.010668,-0.010325,0.002872,0.999943,0,0.03627,0.38702,2.176,0.774,325.000,275.000,-1,350.000,650.000,250.000,275.000,300.000,300.000,-1,300.000,200.000,-1,375.000,550.000,300.000,625.000,1,1,2,1,1,1,1,1,0,2,0,0,2,1,1,1,1
99,2577.575,-8139.517,-87.319,-79.184,0.187681,0.982230,-0.000716,-0.982176,0.187663,-0.010591,-0.010269,0.002691,0.999944,0,0.03950,0.38490,2.370,0.770,325.000,275.000,-1,350.000,625.000,250.000,275.000,300.000,300.000,-1,275.000,200.000,-1,375.000,550.000,300.000,625.000,1,1,2,1,1,1,1,1,0,2,0,0,2,1,1,1,1
100,2578.089,-8142.026,-87.284,-78.418,0.200787,0.979635,-0.000416,-0.979582,0.200772,-0.010453,-0.010156,0.002507,0.999945,0,0.04267,0.38283,2.560,0.766,325.000,275.000,-1,350.000,625.000,250.000,275.000,300.000,300.000,-1,275.000,200.000,-1,375.000,525.000,300.000,600.000,1,1,2,1,1,1,1,1,0,2,0,0,2,1,1,1,1
101,2578.676,-8144.709,-87.247,-77.656,0.213787,0.976880,-0.000129,-0.976829,0.213775,-0.010251,-0.009987,0.002318,0.999947,0,0.04579,0.38079,2.747,0.762,325.000,275.000,-1,350.000,625.000,250.000,275.000,300.000,300.000,-1,275.000,200.000,-1,375.000,525.000,300.000,600.000,1,1,2,1,1,1,1,1,0,2,0,0,2,1,1,1,1
102,2579.341,-8147.564,-87.205,-76.899,0.226682,0.973969,0.000143,-0.973920,0.226672,-0.009987,-0.009759,0.002124,0.999950,0,0.04885,0.37879,2.931,0.758,325.000,275.000,-1,350.000,625.000,225.000,275.000,300.000,300.000,-1,275.000,200.000,-1,375.000,525.000,300.000,600.000,1,1,2,1,1,1,1,1,0,2,0,0,2,1,1,1,1
103,2580.086,-8150.585,-87.159,-76.145,0.239471,0.970903,0.000400,-0.970857,0.239464,-0.009658,-0.009473,0.001925,0.999953,0,0.05186,0.37682,3.112,0.754,325.000,250.000,-1,350.000,625.000,225.000,250.000,300.000,300.000,-1,275.000,200.000,-1,375.000,525.000,300.000,600.000,1,1,2,1,1,1,1,1,0,2,0,0,2,1,1,1,1
104,2582.082,-8158.240,-87.016,-75.386,0.252319,0.967644,-0.000284,-0.967611,0.252308,-0.008348,-0.008007,0.002381,0.999965,0,0.13186,0.37962,7.912,0.759,325.000,250.000,-1,325.000,600.000,225.000,250.000,300.000,300.000,-1,275.000,200.000,-1,350.000,525.000,300.000,600.000,1,1,2,1,1,1,1,1,0,2,0,0,2,1,1,1,1
105,2585.451,-8170.497,-86.758,-74.629,0.265083,0.964224,-0.001950,-0.964211,0.265067,-0.006019,-0.005287,0.003476,0.999980,0,0.21186,0.37844,12.712,0.757,325.000,250.000,-1,325.000,600.000,225.000,250.000,300.000,300.000,-1,250.000,200.000,-1,350.000,525.000,300.000,575.000,1,1,2,1,1,1,1,1,0,2,0,0,2,1,1,1,1
106,6887.287,983.891,57.723,-176.615,-0.997850,0.059016,0.028491,-0.058155,-0.997852,0.030140,0.030209,0.028419,0.999140,1,0.00000,0.00000,17.512,0.756,-1,400.000,-1,400.000,-1,325.000,325.000,300.000,300.000,-1,-1,-1,-1,900.000,925.000,-1,-1,2,0,2,0,2,0,0,0,0,2,2,2,2,0,0,2,2
107,6882.495,983.628,57.870,-176.855,-0.998093,0.054835,0.028334,-0.053981,-0.998089,0.030082,0.029929,0.028495,0.999146,0,0.08000,-0.12000,4.800,-0.240,-1,400.000,-1,400.000,-1,325.000,325.000,300.000,300.000,-1,-1,-1,-1,900.000,925.000,-1,-1,2,0,2,0,2,0,0,0,0,2,2,2,2,0,0,2,2
108,6872.905,983.181,58.161,-177.335,-0.998527,0.046472,0.028020,-0.045630,-0.998509,0.029971,0.029371,0.028648,0.999158,0,0.16000,-0.24000,9.600,-0.480,-1,400.000,-1,400.000,-1,325.000,325.000,300.000,300.000,-1,-1,-1,-1,925.000,925.000,-1,-1,2,0,2,0,2,0,0,0,0,2,2,2,2,0,0,2,2
109,6858.513,982.693,58.593,-178.055,-0.999045,0.033921,0.027551,-0.033097,-0.999007,0.029817,0.028535,0.028876,0.999176,0,0.24000,-0.36000,14.400,-0.720,-1,400.000,-1,400.000,-1,325.000,325.000,300.000,300.000,-1,-1,-1,-1,925.000,925.000,-1,-1,2,0,2,0,2,0,0,0,0,2,2,2,2,0,0,2,2
110,6839.316,982.346,59.160,-178.967,-0.999475,0.018025,0.026928,-0.017225,-0.999412,0.029633,0.027447,0.029154,0.999198,0,0.32000,-0.45573,19.200,-0.911,-1,400.000,-1,400.000,-1,325.000,325.000,300.000,300.000,-1,-1,-1,-1,925.000,925.000,-1,-1,2,0,2,0,2,0,0,0,0,2,2,2,2,0,0,2,2
111,6815.316,982.295,59.856,-179.878,-0.999656,0.002123,0.026154,-0.001353,-0.999566,0.029426,0.026205,0.029381,0.999225,0,0.40000,-0.45577,24.000,-0.912,-1,400.000,-1,400.000,-1,325.000,325.000,300.000,300.000,-1,-1,-1,-1,925.000,925.000,-1,-1,2,0,2,0,2,0,0,0,0,2,2,2,2,0,0,2,2
112,6786.519,982.693,60.678,-180.790,-0.999587,-0.013785,0.025231,0.014520,-0.999468,0.029207,0.024814,0.029561,0.999255,0,0.48000,-0.45594,28.800,-0.912,-1,425.000,-1,400.000,-1,325.000,325.000,300.000,300.000,-1,-1,-1,-1,925.000,925.000,-1,-1,2,0,2,0,2,0,0,0,0,2,2,2,2,0,0,2,2
113,6754.649,983.640,61.571,-181.703,-0.999265,-0.029702,0.024214,0.030400,-0.999117,0.029001,0.023331,0.029716,0.999286,0,0.53140,-0.45631,31.884,-0.913,-1,425.000,-1,400.000,-1,325.000,325.000,300.000,300.000,-1,-1,-1,-1,925.000,925.000,-1,-1,2,0,2,0,2,0,0,0,0,2,2,2,2,1,0,2,2
114,6723.072,985.083,62.442,-182.617,-0.998689,-0.045632,0.023214,0.046295,-0.998511,0.028841,0.021863,0.029878,0.999314,0,0.52684,-0.45691,31.611,-0.914,-1,425.000,1000.000,425.000,-1,325.000,325.000,300.000,300.000,-1,-1,-1,-1,900.000,925.000,1000.000,-1,2,0,1,0,2,0,0,0,0,2,2,2,2,1,1,1,2
115,6691.786,987.014,63.292,-183.532,-0.997855,-0.061579,0.022231,0.062206,-0.997650,0.028728,0.020409,0.030049,0.999340,0,0.52242,-0.45772,31.345,-0.915,-1,425.000,975.000,425.000,-1,325.000,325.000,300.000,300.000,-1,-1,-1,-1,850.000,900.000,975.000,-1,2,0,1,0,2,0,0,0,0,2,2,2,2,1,1,1,2
116,6660.789,989.426,64.121,-184.449,-0.996762,-0.077545,0.021265,0.078138,-0.996530,0.028661,0.018968,0.030229,0.999363,0,0.51816,-0.45871,31.090,-0.917,-1,425.000,975.000,425.000,-1,325.000,325.000,300.000,300.000,-1,-1,-1,-1,825.000,875.000,925.000,-1,2,0,1,0,2,0,0,0,0,2,2,2,2,1,1,1,2
117,6630.079,992.313,64.929,-185.369,-0.995409,-0.093531,0.020317,0.094091,-0.995152,0.028639,0.017539,0.030419,0.999383,0,0.51409,-0.45989,30.846,-0.920,975.000,425.000,950.000,425.000,-1,325.000,325.000,300.000,300.000,-1,-1,-1,-1,800.000,875.000,875.000,-1,1,0,1,0,2,0,0,0,0,2,2,2,2,1,1,1,2
118,6604.179,995.058,65.603,-186.049,-0.994246,-0.105331,0.019521,0.105864,-0.993968,0.028639,0.016387,0.030541,0.999399,0,0.43409,-0.33989,26.046,-0.680,925.000,425.000,925.000,425.000,-1,350.000,350.000,325.000,300.000,-1,-1,-1,-1,775.000,850.000,850.000,-1,1,0,1,0,2,0,0,0,0,2,2,2,2,1,1,1,2
119,6583.069,997.459,66.061,-186.489,-0.993418,-0.112958,0.019029,0.113468,-0.993139,0.028267,0.015705,0.030240,0.999419,0,0.35409,-0.21989,21.246,-0.440,900.000,425.000,900.000,425.000,-1,350.000,350.000,325.000,300.000,-1,-1,-1,-1,750.000,850.000,825.000,-1,1,0,1,0,2,0,0,0,0,2,2,2,2,1,1,1,2
120,6566.736,999.375,66.273,-186.689,-0.993032,-0.116423,0.018249,0.116896,-0.992765,0.027434,0.014923,0.029377,0.999457,0,0.27409,-0.09989,16.446,-0.200,875.000,425.000,900.000,425.000,-1,350.000,350.000,300.000,300.000,-1,-1,-1,-1,725.000,850.000,800.000,-1,1,0,1,0,2,0,0,0,0,2,2,2,2,1,1,1,2
121,6555.168,1000.723,66.432,-186.648,-0.993123,-0.115729,0.017702,0.116177,-0.992865,0.026853,0.014468,0.028725,0.999483,0,0.19409,0.02011,11.646,0.040,875.000,425.000,875.000,425.000,-1,350.000,350.000,300.000,300.000,-1,-1,-1,-1,725.000,825.000,800.000,-1,1,0,1,0,2,0,0,0,0,2,2,2,2,1,1,1,2
122,6548.365,1001.483,66.539,-186.368,-0.993682,-0.110873,0.017395,0.111309,-0.993432,0.026517,0.014340,0.028286,0.999497,0,0.11409,0.14011,6.846,0.280,850.000,425.000,875.000,425.000,-1,350.000,350.000,300.000,300.000,-1,-1,-1,-1,725.000,825.000,800.000,-1,1,0,1,0,2,0,0,0,0,2,2,2,2,1,1,1,2
123,6546.330,1001.691,66.591,-185.848,-0.994649,-0.101849,0.017329,0.102285,-0.994404,0.026428,0.014540,0.028060,0.999501,0,0.03409,0.26011,2.046,0.520,850.000,425.000,850.000,425.000,-1,350.000,350.000,300.000,300.000,-1,-1,-1,-1,725.000,825.000,800.000,-1,1,0,1,0,2,0,0,0,0,2,2,2,2,1,1,1,2
124,6549.074,1001.447,66.588,-185.088,-0.995909,-0.088647,0.017500,0.089093,-0.995668,0.026595,0.015066,0.028046,0.999493,0,-0.04591,0.38011,-2.754,0.760,875.000,425.000,850.000,425.000,-1,350.000,350.000,300.000,300.000,-1,-1,-1,-1,725.000,800.000,800.000,-1,1,0,1,0,2,0,0,0,0,2,2,2,2,1,1,1,2
125,6556.609,1000.908,66.525,-184.088,-0.997298,-0.071252,0.017897,0.071720,-0.997058,0.027033,0.015918,0.028244,0.999474,0,-0.12591,0.50011,-7.554,1.000,900.000,425.000,850.000,425.000,-1,350.000,350.000,300.000,300.000,-1,-1,-1,-1,725.000,800.000,825.000,-1,1,0,1,0,2,0,0,0,0,2,2,2,2,1,1,1,2
126,6568.949,1000.294,66.396,-182.847,-0.998595,-0.049655,0.018502,0.050157,-0.998355,0.027764,0.017093,0.028653,0.999443,0,-0.20591,0.62011,-12.354,1.240,925.000,425.000,850.000,425.000,-1,350.000,350.000,300.000,300.000,-1,-1,-1,-1,750.000,800.000,850.000,-1,1,0,1,0,2,0,0,0,0,2,2,2,2,1,1,1,2
127,6584.252,999.903,66.018,-181.464,-0.999497,-0.025542,0.018819,0.026061,-0.999271,0.027889,0.018093,0.028365,0.999434,0,-0.25514,0.69157,-15.309,1.383,975.000,425.000,850.000,425.000,-1,350.000,350.000,300.000,300.000,-1,-1,-1,-1,775.000,800.000,875.000,-1,1,0,1,0,2,0,0,0,0,2,2,2,2,1,1,1,2
128,6594.761,999.845,65.714,-180.316,-0.999801,-0.005513,0.019146,0.006045,-0.999595,0.027794,0.018985,0.027904,0.999430,0,-0.17514,0.57408,-10.509,1.148,1000.000,425.000,875.000,425.000,-1,350.000,350.000,300.000,300.000,-1,-1,-1,-1,775.000,800.000,900.000,-1,1,0,1,0,2,0,0,0,0,2,2,2,2,1,1,1,2
129,6600.469,999.928,65.547,-179.167,-0.999708,0.014531,0.019322,-0.013994,-0.999519,0.027664,0.019715,0.027385,0.999431,0,-0.09514,0.57447,-5.709,1.149,-1,425.000,875.000,425.000,-1,350.000,350.000,300.000,300.000,-1,-1,-1,-1,800.000,800.000,900.000,-1,2,0,1,0,2,0,0,0,0,2,2,2,2,1,1,1,2
