timestep,x_cm,y_cm,z_cm,yaw_deg,basis_xx,basis_xy,basis_xz,basis_yx,basis_yy,basis_yz,basis_zx,basis_zy,basis_zz,teleport_flag,throttle_cmd,steering_cmd,cmd_move_cm,cmd_turn_deg,lidar_cm_0,lidar_cm_1,lidar_cm_2,lidar_cm_3,lidar_cm_4,lidar_cm_5,lidar_cm_6,lidar_cm_7,lidar_cm_8,lidar_cm_9,lidar_cm_10,lidar_cm_11,lidar_cm_12,lidar_cm_13,lidar_cm_14,lidar_cm_15,lidar_cm_16,lidar_class_0,lidar_class_1,lidar_class_2,lidar_class_3,lidar_class_4,lidar_class_5,lidar_class_6,lidar_class_7,lidar_class_8,lidar_class_9,lidar_class_10,lidar_class_11,lidar_class_12,lidar_class_13,lidar_class_14,lidar_class_15,lidar_class_16
0,-980.934,3611.403,127.678,51.867,0.617382,-0.786571,0.012083,0.786568,0.617473,0.006140,-0.012290,0.005713,0.999908,1,0.08000,0.12000,4.800,0.240,-1,375.000,-1,375.000,-1,300.000,300.000,300.000,300.000,-1,300.000,325.000,-1,675.000,650.000,-1,-1,2,0,2,0,2,0,0,0,0,2,0,0,2,0,0,2,2
1,-975.070,3619.003,127.552,52.347,0.610778,-0.791717,0.011610,0.791714,0.610863,0.005931,-0.011788,0.005570,0.999915,0,0.16000,0.24000,9.600,0.480,-1,375.000,-1,375.000,-1,300.000,300.000,300.000,300.000,-1,300.000,325.000,-1,675.000,675.000,-1,-1,2,0,2,0,2,0,0,0,0,2,0,0,2,0,0,2,2
2,-966.417,3630.514,127.389,53.067,0.600791,-0.799332,0.010886,0.799329,0.600867,0.005704,-0.011101,0.005274,0.999924,0,0.24000,0.36000,14.400,0.720,-1,375.000,-1,375.000,-1,300.000,300.000,300.000,300.000,-1,300.000,350.000,-1,675.000,675.000,-1,-1,2,0,2,0,2,0,0,0,0,2,0,0,2,0,0,2,2
3,-955.139,3646.053,127.184,54.027,0.587327,-0.809288,0.009942,0.809286,0.587391,0.005347,-0.010167,0.004906,0.999936,0,0.32000,0.48000,19.200,0.960,-1,375.000,-1,375.000,-1,300.000,300.000,300.000,300.000,-1,300.000,350.000,-1,675.000,675.000,-1,-1,2,0,2,0,2,0,0,0,0,2,0,0,2,0,0,2,2
4,-941.452,3665.767,126.961,55.227,0.570265,-0.821414,0.008817,0.821412,0.570315,0.004764,-0.008942,0.004526,0.999950,0,0.40000,0.60000,24.000,1.200,-1,375.000,-1,375.000,-1,300.000,300.000,300.000,300.000,-1,300.000,350.000,-1,675.000,675.000,-1,-1,2,0,2,0,2,0,0,0,0,2,0,0,2,0,0,2,2
5,-925.626,3689.829,126.706,56.667,0.549457,-0.835488,0.007502,0.835488,0.549494,0.004050,-0.007506,0.004042,0.999964,0,0.48000,0.72000,28.800,1.440,-1,375.000,-1,375.000,-1,300.000,300.000,300.000,300.000,-1,325.000,375.000,-1,675.000,675.000,-1,-1,2,0,2,0,2,0,0,0,0,2,0,0,2,0,0,2,2
6,-907.994,3718.431,126.425,58.347,0.524741,-0.851241,0.006015,0.851242,0.524764,0.003199,-0.005879,0.003441,0.999977,0,0.56000,0.84000,33.600,1.680,-1,375.000,-1,375.000,-1,300.000,300.000,300.000,300.000,-1,325.000,375.000,-1,675.000,675.000,-1,-1,2,0,2,0,2,0,0,0,0,2,0,0,2,0,0,2,2
7,-889.246,3751.021,126.135,60.090,0.498627,-0.866805,0.004423,0.866807,0.498640,0.002216,-0.004126,0.002729,0.999988,0,0.62663,0.87122,37.598,1.742,-1,375.000,-1,375.000,-1,300.000,300.000,300.000,300.000,-1,325.000,400.000,-1,675.000,675.000,-1,-1,2,0,2,0,2,0,0,0,0,2,0,0,2,0,0,2,2
8,-871.165,3784.743,125.994,61.801,0.472522,-0.881312,0.003528,0.881314,0.472528,0.001321,-0.002832,0.002485,0.999993,0,0.63773,0.85576,38.264,1.712,-1,375.000,-1,375.000,-1,300.000,300.000,300.000,300.000,-1,350.000,425.000,-1,675.000,675.000,-1,-1,2,0,2,0,2,0,0,0,0,2,0,0,2,0,0,2,2
9,-853.784,3819.577,125.877,63.482,0.446481,-0.894789,0.002682,0.894792,0.446484,0.000443,-0.001594,0.002203,0.999996,0,0.64882,0.84013,38.929,1.680,-1,375.000,-1,375.000,-1,300.000,300.000,300.000,300.000,-1,375.000,450.000,-1,675.000,675.000,-1,-1,2,0,2,0,2,0,0,0,0,2,0,0,2,0,0,2,2
10,-837.133,3855.499,125.786,65.130,0.420555,-0.907265,0.001888,0.907267,0.420555,-0.000422,-0.000411,0.001890,0.999998,0,0.65989,0.82434,39.594,1.649,-1,375.000,-1,375.000,-1,300.000,300.000,300.000,300.000,-1,400.000,500.000,-1,675.000,650.000,-1,-1,2,0,2,0,2,0,0,0,0,2,0,0,2,0,0,2,2
11,-821.240,3892.484,125.868,66.747,0.394792,-0.918769,0.001508,0.918770,0.394789,-0.001952,0.001198,0.002156,0.999997,0,0.67092,0.80840,40.255,1.617,-1,375.000,-1,375.000,-1,300.000,300.000,300.000,300.000,-1,425.000,525.000,-1,675.000,650.000,-1,-1,2,0,2,0,2,0,0,0,0,2,0,0,2,0,0,2,2
12,-804.803,3934.434,125.987,68.604,0.364818,-0.931078,0.001184,0.931074,0.364812,-0.003585,0.002906,0.002410,0.999993,0,0.75092,0.92840,45.055,1.857,-1,375.000,-1,375.000,-1,300.000,300.000,300.000,300.000,-1,450.000,550.000,-1,675.000,650.000,-1,-1,2,0,2,0,2,0,0,0,0,2,0,0,2,0,0,2,2
13,-788.247,3981.460,126.154,70.604,0.332105,-0.943242,0.000958,0.943231,0.332096,-0.005297,0.004678,0.002663,0.999986,0,0.83092,1.00000,49.855,2.000,-1,375.000,-1,375.000,-1,300.000,300.000,300.000,300.000,-1,475.000,575.000,-1,675.000,650.000,-1,-1,2,0,2,0,2,0,0,0,0,2,0,0,2,0,0,2,2
14,-772.824,4030.686,126.518,72.604,0.298984,-0.954258,0.000408,0.954239,0.298975,-0.006475,0.006057,0.002326,0.999979,0,0.85975,1.00000,51.585,2.000,-1,375.000,-1,375.000,-1,300.000,300.000,300.000,300.000,-1,525.000,625.000,-1,675.000,650.000,-1,-1,2,0,2,0,2,0,0,0,0,2,0,0,2,0,0,2,2
15,-759.104,4080.508,127.230,74.604,0.265488,-0.964113,-0.001430,0.964080,0.265490,-0.008096,0.008185,0.000771,0.999966,0,0.86128,1.00000,51.677,2.000,-1,375.000,-1,375.000,-1,300.000,300.000,300.000,300.000,-1,550.000,650.000,-1,675.000,675.000,-1,-1,2,0,2,0,2,0,0,0,0,2,0,0,2,0,0,2,2
16,-747.109,4130.876,127.954,76.604,0.231662,-0.972791,-0.003110,0.972742,0.231682,-0.009790,0.010245,-0.000757,0.999947,0,0.86294,1.00000,51.776,2.000,-1,375.000,-1,375.000,-1,300.000,300.000,300.000,300.000,-1,575.000,650.000,-1,675.000,675.000,-1,-1,2,0,2,0,2,0,0,0,0,2,0,0,2,0,0,2,2
17,-736.794,4182.049,128.693,78.604,0.197549,-0.980282,-0.004633,0.980217,0.197590,-0.011555,0.012243,-0.002259,0.999923,0,0.87004,1.00000,52.202,2.000,-1,375.000,-1,375.000,-1,300.000,300.000,300.000,300.000,-1,600.000,650.000,-1,675.000,675.000,-1,-1,2,0,2,0,2,0,0,0,0,2,0,0,2,0,0,2,2
18,-728.210,4233.923,129.442,80.604,0.163190,-0.986576,-0.005993,0.986493,0.163258,-0.013374,0.014173,-0.003729,0.999893,0,0.87632,1.00000,52.579,2.000,-1,375.000,-1,375.000,-1,300.000,300.000,300.000,300.000,-1,600.000,650.000,-1,675.000,650.000,-1,-1,2,0,2,0,2,0,0,0,0,2,0,0,2,0,0,2,2
19,-721.391,4286.451,130.198,82.604,0.128629,-0.991667,-0.007183,0.991563,0.128726,-0.015232,0.016030,-0.005163,0.999858,0,0.88281,1.00000,52.969,2.000,-1,375.000,-1,375.000,-1,325.000,300.000,300.000,300.000,-1,600.000,650.000,-1,675.000,650.000,-1,-1,2,0,2,0,2,0,0,0,0,2,0,0,2,0,0,2,2
20,-716.372,4339.584,130.959,84.604,0.093909,-0.995547,-0.008201,0.995421,0.094038,-0.017114,0.017809,-0.006556,0.999820,0,0.88949,1.00000,53.370,2.000,-1,375.000,-1,375.000,-1,325.000,325.000,300.000,300.000,-1,600.000,625.000,-1,675.000,650.000,-1,-1,2,0,2,0,2,0,0,0,0,2,0,0,2,0,0,2,2
21,-713.187,4393.271,131.721,86.604,0.059073,-0.998213,-0.009045,0.998063,0.059236,-0.019005,0.019507,-0.007905,0.999778,0,0.89635,1.00000,53.781,2.000,-1,375.000,-1,375.000,-1,300.000,300.000,300.000,300.000,-1,600.000,625.000,-1,700.000,650.000,-1,-1,2,0,2,0,2,0,0,0,0,2,0,0,2,0,0,2,2
22,-711.866,4447.456,132.481,88.604,0.024164,-0.999661,-0.009713,0.999485,0.024363,-0.020890,0.021120,-0.009203,0.999735,0,0.90336,1.00000,54.202,2.000,-1,375.000,-1,375.000,-1,300.000,300.000,300.000,300.000,-1,575.000,625.000,-1,700.000,650.000,1000.000,975.000,2,0,2,0,2,0,0,0,0,2,0,0,2,0,0,1,1
23,-712.442,4502.084,133.276,90.604,-0.010769,-0.999892,-0.010040,0.999687,-0.010539,-0.022687,0.022579,-0.010281,0.999692,0,0.91052,1.00000,54.631,2.000,-1,375.000,975.000,375.000,1000.000,300.000,300.000,300.000,300.000,-1,575.000,600.000,-1,700.000,650.000,975.000,900.000,2,0,1,0,1,0,0,0,0,2,0,0,2,0,0,1,1
24,-714.944,4557.095,134.148,92.604,-0.045681,-0.998908,-0.009837,0.998666,-0.045428,-0.024543,0.024069,-0.010945,0.999650,0,0.91780,1.00000,55.068,2.000,-1,375.000,925.000,375.000,925.000,300.000,300.000,300.000,300.000,-1,525.000,575.000,-1,700.000,650.000,950.000,825.000,2,0,1,0,1,0,0,0,0,2,0,0,2,0,0,1,1
25,-719.400,4612.427,135.627,94.604,-0.080587,-0.996681,-0.011484,0.996420,-0.080259,-0.026576,0.025566,-0.013585,0.999581,0,0.92517,1.00000,55.510,2.000,-1,375.000,875.000,375.000,850.000,300.000,300.000,275.000,300.000,-1,500.000,575.000,-1,700.000,650.000,925.000,775.000,2,0,1,0,1,0,0,0,0,2,0,0,2,0,0,1,1
26,-725.835,4668.013,137.783,96.604,-0.115391,-0.993243,-0.012416,0.992937,-0.114991,-0.029200,0.027575,-0.015698,0.999496,0,0.93262,1.00000,55.957,2.000,-1,375.000,825.000,375.000,775.000,300.000,300.000,300.000,300.000,-1,500.000,575.000,-1,700.000,625.000,925.000,725.000,2,0,1,0,1,0,0,0,0,2,0,0,2,1,1,1,1
27,-734.396,4724.625,139.954,98.599,-0.149970,-0.988605,-0.012997,0.988248,-0.149497,-0.031878,0.029572,-0.017625,0.999407,0,0.95425,0.99761,57.255,1.995,-1,375.000,775.000,375.000,700.000,325.000,300.000,300.000,300.000,-1,500.000,575.000,-1,675.000,575.000,975.000,650.000,2,0,1,0,1,0,0,0,0,2,0,0,2,1,1,1,1
28,-745.002,4781.353,142.073,100.589,-0.184272,-0.982785,-0.013331,0.982373,-0.183727,-0.034467,0.031424,-0.019447,0.999317,0,0.96185,0.99492,57.711,1.990,-1,400.000,725.000,375.000,625.000,325.000,300.000,300.000,300.000,-1,500.000,575.000,-1,650.000,550.000,-1,600.000,2,0,1,0,1,0,0,0,0,2,0,0,2,1,1,2,1
29,-757.663,4838.123,144.129,102.572,-0.218233,-0.975804,-0.013424,0.975334,-0.217620,-0.036937,0.033122,-0.021153,0.999227,0,0.96942,0.99159,58.165,1.983,1000.000,400.000,675.000,375.000,550.000,325.000,325.000,300.000,300.000,-1,500.000,575.000,-1,625.000,500.000,-1,525.000,1,0,1,0,1,0,0,0,0,2,0,0,2,1,1,2,1
30,-772.385,4894.858,146.114,104.547,-0.251791,-0.967690,-0.013284,0.967161,-0.251114,-0.039261,0.034656,-0.022733,0.999141,0,0.97689,0.98758,58.613,1.975,925.000,400.000,650.000,375.000,500.000,325.000,325.000,300.000,300.000,-1,525.000,575.000,-1,600.000,450.000,-1,475.000,1,0,1,1,1,0,0,0,0,2,0,0,2,1,1,2,1
31,-789.170,4951.474,148.017,106.513,-0.284882,-0.958475,-0.012923,0.957885,-0.284149,-0.041411,0.036019,-0.024176,0.999059,0,0.98420,0.98281,59.052,1.966,875.000,400.000,625.000,350.000,425.000,325.000,325.000,300.000,300.000,-1,525.000,575.000,-1,575.000,425.000,-1,425.000,1,0,1,1,1,0,0,0,0,2,0,0,2,1,1,2,1
32,-808.011,5007.889,149.832,108.467,-0.317445,-0.948196,-0.012356,0.947547,-0.316663,-0.043362,0.037203,-0.025473,0.998983,0,0.99129,0.97724,59.478,1.954,825.000,400.000,600.000,325.000,375.000,325.000,300.000,300.000,300.000,-1,525.000,600.000,-1,550.000,375.000,-1,350.000,1,1,1,1,1,0,1,0,0,2,0,0,2,1,1,2,1
33,-828.894,5064.014,151.548,110.409,-0.349417,-0.936895,-0.011599,0.936188,-0.348595,-0.045090,0.038201,-0.026615,0.998916,0,0.99807,0.97078,59.884,1.942,775.000,375.000,575.000,275.000,300.000,300.000,275.000,300.000,300.000,-1,550.000,600.000,-1,550.000,350.000,-1,300.000,1,1,1,1,1,1,1,0,0,2,0,0,2,1,1,2,1
34,-851.696,5119.512,153.150,112.336,-0.380739,-0.924621,-0.010675,0.923860,-0.379888,-0.046569,0.039003,-0.027592,0.998858,0,1.00000,0.96335,60.000,1.927,725.000,350.000,575.000,250.000,250.000,275.000,250.000,300.000,275.000,-1,500.000,575.000,-1,550.000,300.000,950.000,250.000,1,1,1,1,1,1,1,0,0,2,0,0,2,1,1,1,1
35,-876.335,5174.219,155.226,114.245,-0.411397,-0.911377,-0.012039,0.910670,-0.410458,-0.046947,0.037845,-0.030277,0.998825,0,1.00000,0.95488,60.000,1.910,650.000,325.000,575.000,225.000,175.000,250.000,225.000,300.000,275.000,-1,575.000,675.000,-1,575.000,250.000,850.000,175.000,1,1,1,1,1,1,1,0,0,2,0,0,2,1,1,1,1
36,-902.776,5228.082,164.432,116.136,-0.442858,-0.896156,-0.027948,0.894735,-0.439720,-0.078076,0.057679,-0.059582,0.996556,0,1.00000,0.94526,60.000,1.891,625.000,350.000,-1,200.000,175.000,275.000,225.000,275.000,350.000,925.000,250.000,375.000,-1,825.000,250.000,825.000,175.000,1,1,2,1,1,1,1,0,0,0,0,0,2,1,1,1,1
37,-930.969,5281.050,174.149,118.005,-0.474443,-0.879242,-0.042859,0.876730,-0.467595,-0.112688,0.079040,-0.091040,0.992706,0,1.00000,0.93440,60.000,1.869,600.000,400.000,-1,225.000,175.000,275.000,225.000,250.000,400.000,625.000,150.000,300.000,-1,800.000,275.000,800.000,175.000,1,1,2,1,1,1,1,0,1,0,0,0,2,1,1,1,1
38,-960.859,5333.078,183.803,119.849,-0.505895,-0.860808,-0.055502,0.856768,-0.493969,-0.148135,0.100100,-0.122493,0.987409,0,1.00000,0.92216,60.000,1.844,550.000,475.000,-1,250.000,150.000,325.000,250.000,250.000,375.000,425.000,100.000,250.000,-1,800.000,325.000,775.000,150.000,1,1,2,1,1,1,1,0,1,0,0,0,2,1,1,1,1
39,-992.391,5384.129,193.635,121.666,-0.536900,-0.841099,-0.065509,0.835060,-0.518782,-0.183139,0.120053,-0.153032,0.980902,0,1.00000,0.90841,60.000,1.817,525.000,600.000,-1,275.000,150.000,375.000,275.000,225.000,375.000,325.000,75.000,250.000,-1,775.000,400.000,725.000,150.000,1,1,2,1,1,1,1,0,1,0,0,0,2,1,1,1,1
40,2295.762,-6231.371,-267.120,-152.182,-0.879514,0.465695,0.097889,-0.469653,-0.882604,-0.020862,0.076682,-0.064323,0.994979,1,0.00000,0.00000,60.000,1.786,675.000,350.000,-1,375.000,-1,300.000,300.000,300.000,325.000,-1,325.000,200.000,750.000,575.000,800.000,725.000,-1,0,0,2,0,2,0,0,0,0,2,0,0,0,0,0,0,2
41,2291.527,-6233.629,-266.771,-151.942,-0.877533,0.469392,0.098020,-0.473328,-0.880653,-0.020296,0.076795,-0.064206,0.994977,0,0.08000,0.12000,4.800,0.240,675.000,350.000,-1,375.000,-1,300.000,300.000,300.000,325.000,-1,325.000,200.000,750.000,575.000,800.000,725.000,-1,0,0,2,0,2,0,0,0,0,2,0,0,0,0,0,0,2
42,2283.093,-6238.215,-266.074,-151.462,-0.873523,0.476760,0.098277,-0.480651,-0.876702,-0.019163,0.077024,-0.063976,0.994975,0,0.16000,0.24000,9.600,0.480,675.000,350.000,-1,375.000,-1,300.000,300.000,300.000,325.000,-1,300.000,200.000,750.000,575.000,800.000,725.000,-1,0,0,2,0,2,0,0,0,0,2,0,0,0,0,0,0,2
43,2270.530,-6245.253,-265.031,-150.742,-0.867392,0.487749,0.098649,-0.491574,-0.870661,-0.017462,0.077372,-0.063640,0.994969,0,0.24000,0.36000,14.400,0.720,675.000,350.000,-1,375.000,-1,300.000,300.000,300.000,325.000,-1,300.000,175.000,775.000,575.000,800.000,750.000,-1,0,0,2,0,2,0,0,0,0,2,0,0,0,0,0,0,2
44,2253.939,-6254.916,-263.642,-149.782,-0.859004,0.502282,0.099119,-0.506016,-0.862390,-0.015196,0.077847,-0.063209,0.994960,0,0.32000,0.48000,19.200,0.960,675.000,350.000,-1,375.000,-1,300.000,300.000,300.000,325.000,-1,300.000,175.000,775.000,575.000,800.000,750.000,-1,0,0,2,0,2,0,0,0,0,2,0,0,0,0,0,0,2
45,2233.458,-6267.426,-261.908,-148.582,-0.848179,0.520249,0.099668,-0.523868,-0.851709,-0.012371,0.078452,-0.062706,0.994944,0,0.40000,0.60000,24.000,1.200,700.000,350.000,-1,375.000,-1,300.000,300.000,300.000,325.000,-1,300.000,175.000,775.000,575.000,800.000,750.000,-1,0,0,2,0,2,0,0,0,0,2,0,0,0,0,0,0,2
46,2209.265,-6283.052,-259.569,-147.142,-0.834576,0.541474,0.101431,-0.545060,-0.838344,-0.009394,0.079948,-0.063126,0.994798,0,0.48000,0.72000,28.800,1.440,725.000,350.000,-1,375.000,-1,300.000,300.000,300.000,325.000,-1,275.000,175.000,800.000,575.000,800.000,775.000,-1,0,0,2,0,2,0,0,0,0,2,0,0,0,0,0,0,2
47,2181.587,-6302.102,-256.804,-145.462,-0.818013,0.565793,0.103596,-0.569353,-0.822072,-0.005936,0.081805,-0.063838,0.994602,0,0.56000,0.84000,33.600,1.680,750.000,350.000,-1,400.000,-1,300.000,300.000,300.000,325.000,-1,275.000,175.000,825.000,575.000,800.000,825.000,-1,0,0,2,0,2,0,0,0,0,2,0,0,0,0,0,0,2
48,2150.703,-6324.921,-253.551,-143.542,-0.798233,0.592969,0.105888,-0.596530,-0.802587,-0.002455,0.083529,-0.065125,0.994375,0,0.64000,0.96000,38.400,1.920,775.000,350.000,-1,400.000,-1,300.000,300.000,300.000,325.000,-1,275.000,175.000,850.000,600.000,825.000,875.000,-1,0,0,2,0,2,0,0,0,0,2,0,0,0,0,0,0,2
49,2116.875,-6351.789,-249.870,-141.542,-0.776653,0.620561,0.108232,-0.624114,-0.781332,0.001329,0.085390,-0.066517,0.994125,0,0.72000,1.00000,43.200,2.000,825.000,350.000,-1,400.000,-1,300.000,300.000,300.000,325.000,-1,250.000,200.000,900.000,600.000,825.000,950.000,-1,0,0,2,0,2,0,0,0,0,2,0,0,0,0,0,0,2
50,2080.353,-6382.936,-245.788,-139.542,-0.754091,0.647395,0.110571,-0.650911,-0.759134,0.005541,0.087525,-0.067794,0.993853,0,0.80000,1.00000,48.000,2.000,850.000,350.000,-1,400.000,-1,300.000,300.000,300.000,325.000,-1,275.000,200.000,950.000,600.000,825.000,975.000,-1,1,0,2,0,2,0,0,0,0,2,0,0,0,0,0,1,2
51,2044.355,-6415.875,-241.649,-137.542,-0.730607,0.673431,0.112714,-0.676902,-0.736008,0.009771,0.089538,-0.069158,0.993579,0,0.81322,1.00000,48.793,2.000,825.000,350.000,-1,400.000,-1,300.000,325.000,300.000,325.000,-1,275.000,200.000,1000.000,600.000,850.000,925.000,-1,1,0,2,0,2,0,0,0,0,2,0,0,0,0,0,1,2
52,2009.321,-6450.252,-237.942,-135.542,-0.706489,0.698715,0.112564,-0.701969,-0.712066,0.014197,0.090073,-0.068987,0.993543,0,0.81807,1.00000,49.084,2.000,800.000,350.000,-1,400.000,-1,300.000,325.000,325.000,325.000,-1,275.000,225.000,-1,625.000,825.000,875.000,-1,1,0,2,0,2,0,0,0,0,2,0,0,2,0,0,1,2
53,1975.299,-6486.051,-234.014,-133.542,-0.681495,0.723176,0.112166,-0.726134,-0.687281,0.019334,0.091071,-0.068272,0.993501,0,0.82311,1.00000,49.387,2.000,775.000,350.000,-1,400.000,-1,300.000,325.000,325.000,325.000,-1,300.000,225.000,-1,625.000,825.000,825.000,-1,1,0,2,0,2,0,0,0,0,2,0,0,2,0,0,1,2
54,1942.339,-6523.250,-229.902,-131.542,-0.655666,0.746777,0.111473,-0.749377,-0.661674,0.024956,0.092395,-0.067172,0.993454,0,0.82834,1.00000,49.701,2.000,750.000,350.000,-1,400.000,-1,300.000,325.000,325.000,325.000,-1,300.000,250.000,-1,625.000,825.000,800.000,-1,1,0,2,0,2,0,0,0,0,2,0,0,2,0,0,1,2
55,1910.490,-6561.827,-225.764,-129.542,-0.629050,0.769458,0.110596,-0.771719,-0.635244,0.030231,0.093517,-0.066333,0.993406,0,0.83376,1.00000,50.026,2.000,725.000,350.000,-1,400.000,-1,300.000,325.000,325.000,325.000,-1,300.000,250.000,-1,650.000,800.000,750.000,-1,1,0,2,0,2,0,0,0,0,2,0,0,2,0,0,1,2
56,1879.802,-6601.759,-221.577,-127.542,-0.601694,0.791194,0.109439,-0.793135,-0.608031,0.035140,0.094345,-0.065656,0.993372,0,0.83937,1.00000,50.362,2.000,700.000,350.000,-1,400.000,-1,300.000,325.000,325.000,325.000,-1,325.000,250.000,-1,650.000,800.000,700.000,-1,1,0,2,0,2,0,0,0,0,2,0,0,2,0,0,1,2
57,1850.325,-6643.020,-217.164,-125.542,-0.573679,0.811953,0.107821,-0.813631,-0.580063,0.039145,0.094327,-0.065270,0.993399,0,0.84515,1.00000,50.709,2.000,675.000,350.000,-1,400.000,-1,300.000,325.000,325.000,325.000,-1,350.000,275.000,-1,650.000,800.000,675.000,-1,1,0,2,0,2,0,0,0,0,2,0,0,2,1,0,1,2
58,1822.109,-6685.584,-212.341,-123.542,-0.544979,0.831628,0.106736,-0.833284,-0.551324,0.040981,0.092927,-0.066608,0.993443,0,0.85112,1.00000,51.067,2.000,625.000,350.000,-1,400.000,-1,300.000,325.000,325.000,325.000,-1,375.000,300.000,-1,600.000,775.000,625.000,-1,1,0,2,0,2,0,0,0,0,2,0,0,2,1,0,1,2
59,1795.203,-6729.421,-207.543,-121.542,-0.515611,0.850277,0.105710,-0.851935,-0.521912,0.042603,0.091395,-0.068091,0.993484,0,0.85726,1.00000,51.436,2.000,600.000,350.000,925.000,400.000,-1,300.000,300.000,325.000,325.000,-1,400.000,325.000,-1,575.000,775.000,575.000,-1,1,0,1,0,2,0,0,0,0,2,0,0,2,1,0,1,2
60,1769.658,-6774.500,-202.502,-119.542,-0.485445,0.867814,0.106033,-0.869568,-0.491829,0.044223,0.090527,-0.070735,0.993379,0,0.86358,1.00000,51.815,2.000,575.000,350.000,875.000,400.000,-1,300.000,300.000,325.000,325.000,-1,425.000,375.000,-1,525.000,775.000,550.000,-1,1,0,1,0,2,0,0,0,0,2,0,0,2,1,0,1,2
61,1743.503,-6824.147,-197.084,-117.782,-0.458351,0.882353,0.106621,-0.884188,-0.464862,0.045989,0.090142,-0.073194,0.993236,0,0.93526,0.88000,56.116,1.760,525.000,350.000,800.000,400.000,-1,300.000,325.000,325.000,350.000,-1,475.000,400.000,-1,500.000,725.000,500.000,-1,1,0,1,0,2,0,0,0,0,2,0,0,2,1,1,1,2
62,1718.494,-6874.839,-191.702,-116.262,-0.434579,0.894230,0.107211,-0.896129,-0.441222,0.047709,0.089966,-0.075341,0.993091,0,0.94210,0.76000,56.526,1.520,475.000,350.000,725.000,400.000,-1,300.000,325.000,325.000,350.000,-1,500.000,425.000,-1,450.000,675.000,450.000,925.000,1,0,1,0,2,0,0,0,0,2,0,0,2,1,1,1,1
63,1694.449,-6926.444,-186.806,-114.982,-0.414290,0.903852,0.106839,-0.905547,-0.421131,0.051307,0.091368,-0.075492,0.992952,0,0.94887,0.64000,56.932,1.280,450.000,350.000,675.000,400.000,-1,300.000,325.000,325.000,350.000,-1,500.000,450.000,-1,425.000,600.000,400.000,825.000,1,1,1,0,2,0,0,0,0,2,0,0,2,1,1,1,1
64,1671.183,-6978.843,-181.907,-113.942,-0.397624,0.911354,0.106437,-0.912827,-0.404660,0.054746,0.092964,-0.075390,0.992811,0,0.95553,0.52000,57.332,1.040,400.000,325.000,600.000,400.000,-1,300.000,325.000,325.000,350.000,-1,475.000,400.000,-1,400.000,550.000,375.000,725.000,1,1,1,0,2,1,0,0,0,2,0,0,2,1,1,1,1
65,1648.690,-7032.002,-177.001,-112.934,-0.381341,0.918335,0.106016,-0.919593,-0.388563,0.058035,0.094490,-0.075360,0.992669,0,0.96203,0.50409,57.722,1.008,350.000,275.000,550.000,375.000,900.000,275.000,300.000,325.000,350.000,-1,425.000,325.000,-1,350.000,500.000,325.000,650.000,1,1,1,1,1,1,1,0,0,2,0,0,2,1,1,1,1
66,1626.997,-7085.911,-172.069,-111.920,-0.364869,0.925067,0.105456,-0.926115,-0.372253,0.061147,0.095822,-0.075353,0.992542,0,0.96850,0.50693,58.110,1.014,300.000,250.000,500.000,350.000,775.000,250.000,275.000,325.000,350.000,-1,375.000,250.000,-1,325.000,450.000,275.000,550.000,1,1,1,1,1,1,1,0,0,2,0,0,2,1,1,1,1
67,1606.128,-7140.559,-166.703,-110.900,-0.348489,0.931661,0.102779,-0.932416,-0.355772,0.063453,0.095682,-0.073720,0.992678,0,0.97496,0.50994,58.497,1.020,225.000,225.000,425.000,300.000,625.000,225.000,250.000,325.000,325.000,-1,400.000,250.000,-1,275.000,375.000,225.000,475.000,1,1,1,1,1,1,1,0,0,2,0,0,2,1,1,1,1
68,1586.097,-7195.934,-156.815,-109.874,-0.332280,0.939084,0.087815,-0.936695,-0.339462,0.085835,0.110416,-0.053734,0.992432,0,0.98138,0.51314,58.883,1.026,250.000,200.000,400.000,275.000,525.000,200.000,225.000,375.000,325.000,-1,300.000,100.000,-1,275.000,350.000,225.000,425.000,1,1,1,1,1,1,1,0,0,2,0,0,2,1,1,1,1
69,1566.950,-7252.025,-146.465,-108.841,-0.316516,0.945939,0.070824,-0.940092,-0.322776,0.109737,0.126665,-0.031848,0.991434,0,0.98775,0.51659,59.265,1.033,250.000,200.000,375.000,250.000,450.000,175.000,200.000,450.000,300.000,-1,250.000,50.000,-1,250.000,325.000,200.000,350.000,1,1,1,1,1,1,1,0,0,2,0,0,2,1,1,1,1
70,1548.717,-7308.818,-135.664,-107.800,-0.301192,0.952081,0.053160,-0.942799,-0.305681,0.132996,0.142873,-0.010062,0.989690,0,0.99403,0.52036,59.642,1.041,275.000,200.000,350.000,225.000,350.000,175.000,200.000,500.000,275.000,-1,225.000,25.000,750.000,250.000,275.000,200.000,300.000,1,1,1,1,1,1,1,1,0,2,0,0,0,1,1,1,1
71,8855.093,-983.914,-11.543,-71.367,0.323421,0.946148,0.014209,-0.938946,0.319024,0.128858,0.117386,-0.055017,0.991561,1,0.00000,0.00000,60.000,1.049,-1,275.000,-1,225.000,-1,225.000,200.000,425.000,525.000,600.000,75.000,100.000,850.000,375.000,325.000,425.000,600.000,2,1,2,1,2,1,1,0,0,0,0,0,0,1,1,1,1
72,7543.202,-7543.217,-314.624,167.454,-0.968899,-0.217227,0.118522,0.216039,-0.976115,-0.022938,0.120674,0.003381,0.992686,1,0.00000,0.00000,4.800,-0.240,-1,400.000,-1,375.000,-1,325.000,300.000,300.000,300.000,-1,425.000,500.000,-1,975.000,700.000,-1,-1,2,0,2,0,2,0,0,0,0,2,0,0,2,0,0,2,2
73,7547.883,-7544.280,-315.208,167.214,-0.967986,-0.221313,0.118421,0.220186,-0.975194,-0.022685,0.120504,0.004116,0.992704,0,-0.08000,-0.12000,-4.800,-0.240,-1,400.000,-1,375.000,-1,325.000,300.000,300.000,300.000,-1,425.000,475.000,-1,975.000,700.000,-1,-1,2,0,2,0,2,0,0,0,0,2,0,0,2,0,0,2,2
74,7556.167,-7546.233,-316.242,166.734,-0.966106,-0.229473,0.118242,0.228461,-0.973299,-0.022234,0.120187,0.005533,0.992736,0,-0.14184,-0.24000,-8.511,-0.480,-1,400.000,-1,375.000,-1,325.000,300.000,300.000,300.000,-1,425.000,475.000,-1,975.000,700.000,-1,-1,2,0,2,0,2,0,0,0,0,2,0,0,2,0,0,2,2
75,7564.332,-7548.267,-317.262,166.014,-0.963146,-0.241683,0.118068,0.240814,-0.970327,-0.021783,0.119829,0.007453,0.992767,0,-0.14024,-0.36000,-8.415,-0.720,-1,400.000,-1,375.000,-1,325.000,300.000,300.000,300.000,-1,425.000,475.000,-1,950.000,675.000,-1,-1,2,0,2,0,2,0,0,0,0,2,0,0,2,0,0,2,2
76,7572.343,-7550.407,-318.264,165.054,-0.958951,-0.257901,0.117902,0.257206,-0.966121,-0.021332,0.119409,0.009869,0.992796,0,-0.13820,-0.48000,-8.292,-0.960,-1,400.000,-1,350.000,-1,325.000,300.000,300.000,300.000,-1,400.000,450.000,-1,950.000,675.000,-1,-1,2,0,2,0,2,0,0,0,0,2,0,0,2,0,0,2,2
77,7580.166,-7552.673,-319.247,163.854,-0.953318,-0.278068,0.117744,0.277577,-0.960476,-0.020880,0.118896,0.012778,0.992825,0,-0.13574,-0.60000,-8.145,-1.200,-1,400.000,-1,350.000,-1,325.000,300.000,300.000,300.000,-1,400.000,450.000,-1,950.000,675.000,-1,-1,2,0,2,0,2,0,0,0,0,2,0,0,2,0,0,2,2
78,7587.766,-7555.083,-320.207,162.414,-0.945994,-0.302102,0.117596,0.301844,-0.953138,-0.020428,0.118257,0.016171,0.992851,0,-0.13287,-0.72000,-7.972,-1.440,-1,400.000,-1,350.000,-1,325.000,300.000,300.000,300.000,-1,400.000,425.000,-1,925.000,650.000,-1,-1,2,0,2,0,2,0,0,0,0,2,0,0,2,0,0,2,2
79,7595.107,-7557.650,-321.144,160.734,-0.936682,-0.329892,0.117463,0.329896,-0.943806,-0.019976,0.117452,0.020039,0.992876,0,-0.12962,-0.84000,-7.777,-1.680,-1,400.000,-1,350.000,-1,325.000,300.000,325.000,300.000,-1,400.000,425.000,-1,900.000,650.000,-1,-1,2,0,2,0,2,0,0,0,0,2,0,0,2,0,0,2,2
80,7602.156,-7560.384,-322.055,158.814,-0.925039,-0.361294,0.117346,0.361588,-0.932134,-0.019526,0.116437,0.024368,0.992899,0,-0.12601,-0.96000,-7.561,-1.920,-1,400.000,-1,350.000,-1,300.000,300.000,325.000,300.000,-1,375.000,400.000,-1,900.000,625.000,-1,-1,2,0,2,0,2,0,0,0,0,2,0,0,2,0,0,2,2
81,7608.889,-7563.270,-322.938,156.814,-0.911793,-0.393558,0.117244,0.394150,-0.918848,-0.019081,0.115239,0.028814,0.992920,0,-0.12208,-1.00000,-7.325,-2.000,-1,375.000,-1,350.000,750.000,300.000,300.000,325.000,300.000,-1,375.000,400.000,-1,875.000,625.000,-1,-1,2,0,2,0,1,0,0,0,0,2,0,0,2,0,0,2,2
82,7615.302,-7566.288,-323.792,154.814,-0.897425,-0.425328,0.117156,0.426214,-0.904430,-0.018644,0.113889,0.033202,0.992939,0,-0.11813,-1.00000,-7.088,-2.000,-1,375.000,-1,350.000,700.000,300.000,300.000,325.000,300.000,-1,375.000,375.000,-1,850.000,625.000,-1,-1,2,0,2,0,1,0,0,0,0,2,0,0,2,0,0,2,2
83,7621.402,-7569.425,-324.618,152.814,-0.881954,-0.456563,0.117082,0.457740,-0.888899,-0.018216,0.112391,0.037527,0.992955,0,-0.11433,-1.00000,-6.860,-2.000,-1,375.000,-1,350.000,650.000,300.000,300.000,325.000,300.000,-1,350.000,375.000,-1,825.000,625.000,-1,-1,2,0,2,0,1,0,0,0,0,2,0,0,2,0,0,2,2
84,7627.199,-7572.665,-325.416,150.814,-0.865400,-0.487225,0.117023,0.488689,-0.872276,-0.017799,0.110748,0.041785,0.992970,0,-0.11068,-1.00000,-6.641,-2.000,-1,375.000,-1,350.000,625.000,300.000,300.000,325.000,300.000,-1,325.000,375.000,-1,800.000,625.000,-1,-1,2,0,2,0,1,0,0,0,0,2,0,0,2,0,1,2,2
85,7632.698,-7575.998,-326.188,148.814,-0.847787,-0.517275,0.116979,0.519022,-0.854584,-0.017394,0.108965,0.045968,0.992982,0,-0.10718,-1.00000,-6.431,-2.000,-1,375.000,-1,350.000,600.000,300.000,300.000,325.000,300.000,-1,325.000,350.000,-1,775.000,625.000,-1,850.000,2,0,2,0,1,0,0,0,0,2,0,0,2,0,1,2,1
86,7637.911,-7579.410,-326.896,146.814,-0.829158,-0.546680,0.116784,0.548691,-0.835851,-0.017058,0.106939,0.049935,0.993011,0,-0.10383,-1.00000,-6.230,-2.000,-1,375.000,-1,350.000,575.000,300.000,300.000,325.000,300.000,-1,325.000,350.000,-1,775.000,600.000,-1,750.000,2,0,2,0,1,0,0,0,0,2,0,0,2,0,1,2,1
87,7642.844,-7582.891,-327.512,144.814,-0.809554,-0.575409,0.116301,0.577653,-0.816109,-0.016813,0.104589,0.053571,0.993072,0,-0.10064,-1.00000,-6.039,-2.000,-1,375.000,-1,350.000,575.000,300.000,300.000,325.000,300.000,-1,325.000,350.000,-1,750.000,600.000,-1,700.000,2,0,2,0,1,0,0,0,0,2,0,0,2,0,1,2,1
88,7647.508,-7586.433,-328.104,142.814,-0.788966,-0.603421,0.115824,0.605893,-0.795374,-0.016551,0.102111,0.057118,0.993132,0,-0.09761,-1.00000,-5.856,-2.000,-1,375.000,-1,350.000,550.000,300.000,300.000,325.000,300.000,-1,325.000,350.000,-1,725.000,600.000,-1,675.000,2,0,2,0,1,0,0,0,0,2,0,0,2,0,1,2,1
89,7651.911,-7590.025,-328.639,140.814,-0.767416,-0.630688,0.115351,0.633365,-0.773679,-0.016433,0.099609,0.060449,0.993189,0,-0.09473,-1.00000,-5.684,-2.000,-1,375.000,-1,350.000,550.000,300.000,300.000,325.000,325.000,-1,325.000,350.000,-1,700.000,600.000,-1,650.000,2,0,2,0,1,0,0,0,0,2,0,0,2,0,1,2,1
90,7656.064,-7593.662,-329.134,138.814,-0.744933,-0.657175,0.114872,0.660044,-0.751048,-0.016385,0.097043,0.063615,0.993245,0,-0.09201,-1.00000,-5.520,-2.000,-1,375.000,-1,350.000,550.000,300.000,300.000,325.000,325.000,-1,325.000,350.000,-1,700.000,575.000,-1,625.000,2,0,2,0,1,0,0,0,0,2,0,0,2,0,1,2,1
91,7659.974,-7597.336,-329.608,136.814,-0.721549,-0.682849,0.114387,0.685903,-0.727510,-0.016318,0.094361,0.066684,0.993302,0,-0.08944,-1.00000,-5.366,-2.000,-1,375.000,-1,350.000,525.000,300.000,300.000,325.000,325.000,-1,325.000,350.000,-1,675.000,575.000,-1,600.000,2,0,2,0,1,0,0,0,0,2,0,0,2,0,1,2,1
92,7663.652,-7601.041,-330.063,134.814,-0.697293,-0.707679,0.113898,0.710913,-0.703092,-0.016231,0.091567,0.069654,0.993360,0,-0.08703,-1.00000,-5.222,-2.000,-1,375.000,-1,350.000,525.000,300.000,300.000,325.000,325.000,-1,325.000,350.000,-1,650.000,575.000,-1,600.000,2,0,2,0,1,0,0,0,0,2,0,0,2,0,1,2,1
93,7667.107,-7604.774,-330.500,132.814,-0.672197,-0.731636,0.113406,0.735044,-0.677828,-0.016124,0.088667,0.072520,0.993418,0,-0.08478,-1.00000,-5.087,-2.000,-1,350.000,-1,350.000,525.000,300.000,300.000,325.000,325.000,-1,325.000,350.000,-1,650.000,575.000,-1,600.000,2,0,2,0,1,0,0,0,0,2,0,0,2,0,1,2,1
94,7670.346,-7608.529,-330.897,130.814,-0.646277,-0.754686,0.113031,0.758272,-0.651743,-0.015992,0.085736,0.075373,0.993463,0,-0.08267,-1.00000,-4.960,-2.000,-1,350.000,-1,350.000,525.000,300.000,300.000,325.000,325.000,-1,325.000,350.000,-1,625.000,550.000,-1,575.000,2,0,2,0,1,0,0,0,0,2,0,0,2,0,1,2,1
95,7673.380,-7612.303,-331.242,128.814,-0.619558,-0.776798,0.112842,0.780570,-0.624868,-0.015846,0.082820,0.078263,0.993487,0,-0.08073,-1.00000,-4.844,-2.000,-1,350.000,-1,375.000,525.000,300.000,300.000,325.000,325.000,-1,350.000,350.000,-1,625.000,550.000,-1,575.000,2,0,2,0,1,0,0,0,0,2,0,0,2,0,1,2,1
96,7676.215,-7616.095,-331.572,126.814,-0.592096,-0.797955,0.112652,0.801906,-0.597245,-0.015701,0.079809,0.081040,0.993510,0,-0.07893,-1.00000,-4.736,-2.000,-1,350.000,-1,375.000,525.000,300.000,300.000,325.000,325.000,-1,350.000,350.000,-1,625.000,550.000,-1,575.000,2,0,2,0,1,0,0,0,0,2,0,0,2,0,1,2,1
97,7678.859,-7619.903,-331.889,124.814,-0.563926,-0.818131,0.112463,0.822255,-0.568907,-0.015555,0.076707,0.083702,0.993534,0,-0.07729,-1.00000,-4.637,-2.000,-1,350.000,-1,375.000,550.000,300.000,300.000,325.000,325.000,-1,350.000,350.000,-1,625.000,550.000,-1,575.000,2,0,2,0,1,0,0,0,0,2,0,0,2,0,1,2,1
98,7681.321,-7623.725,-332.192,122.814,-0.535083,-0.837305,0.112275,0.841594,-0.539890,-0.015409,0.073519,0.086245,0.993558,0,-0.07580,-1.00000,-4.548,-2.000,-1,350.000,-1,375.000,550.000,300.000,300.000,325.000,325.000,-1,350.000,350.000,-1,625.000,550.000,-1,575.000,2,0,2,0,1,0,0,0,0,2,0,0,2,0,1,2,1
99,7683.607,-7627.561,-332.484,120.814,-0.505603,-0.855454,0.112088,0.859902,-0.510231,-0.015262,0.070247,0.088668,0.993581,0,-0.07445,-1.00000,-4.467,-2.000,-1,350.000,-1,375.000,550.000,300.000,300.000,325.000,325.000,-1,350.000,350.000,-1,625.000,550.000,-1,575.000,2,0,2,0,1,0,0,0,0,2,0,0,2,0,1,2,1
100,7685.723,-7631.412,-332.764,118.814,-0.475521,-0.872558,0.111902,0.877157,-0.479965,-0.015115,0.066898,0.090969,0.993604,0,-0.07326,-1.00000,-4.395,-2.000,-1,350.000,-1,375.000,575.000,300.000,300.000,325.000,325.000,-1,375.000,350.000,-1,625.000,550.000,-1,575.000,2,0,2,0,1,0,0,0,0,2,0,0,2,0,1,2,1
101,7687.674,-7635.278,-333.033,116.814,-0.444874,-0.888598,0.111718,0.893341,-0.449130,-0.014965,0.063474,0.093145,0.993627,0,-0.07221,-1.00000,-4.332,-2.000,-1,350.000,-1,375.000,575.000,300.000,300.000,325.000,325.000,-1,375.000,350.000,-1,625.000,550.000,-1,575.000,2,0,2,0,1,0,0,0,0,2,0,0,2,0,1,2,1
102,7689.467,-7639.160,-333.293,114.814,-0.413701,-0.903555,0.111536,0.908435,-0.417764,-0.014814,0.059981,0.095195,0.993650,0,-0.07130,-1.00000,-4.278,-2.000,-1,350.000,-1,375.000,575.000,300.000,300.000,325.000,325.000,-1,375.000,350.000,-1,625.000,550.000,-1,575.000,2,0,2,0,1,0,0,0,0,2,0,0,2,0,1,2,1
103,7691.106,-7643.060,-333.543,112.814,-0.382038,-0.917413,0.111356,0.922423,-0.385904,-0.014661,0.056422,0.097116,0.993672,0,-0.07054,-1.00000,-4.232,-2.000,-1,350.000,-1,375.000,600.000,300.000,300.000,325.000,325.000,-1,375.000,350.000,-1,625.000,550.000,-1,600.000,2,0,2,0,1,0,0,0,0,2,0,0,2,0,1,2,1
104,7690.902,-7642.528,-333.516,110.814,-0.349883,-0.930142,0.111431,0.935287,-0.353583,-0.014731,0.053102,0.099066,0.993663,0,0.00946,-1.00000,0.568,-2.000,-1,350.000,-1,375.000,600.000,300.000,300.000,300.000,325.000,-1,375.000,350.000,-1,625.000,550.000,-1,600.000,2,0,2,0,1,0,0,0,0,2,0,0,2,0,1,2,1
105,7689.168,-7637.445,-333.234,108.814,-0.317279,-0.941721,0.111779,0.947015,-0.320840,-0.014974,0.049965,0.101106,0.993620,0,0.08946,-1.00000,5.368,-2.000,-1,350.000,-1,375.000,600.000,300.000,300.000,300.000,325.000,-1,400.000,350.000,-1,625.000,550.000,-1,600.000,2,0,2,0,1,0,0,0,0,2,0,0,2,1,1,2,1
106,7686.224,-7627.711,-332.723,106.814,-0.284271,-0.952131,0.112411,0.957593,-0.287714,-0.015358,0.046965,0.103278,0.993543,0,0.16946,-1.00000,10.168,-2.000,-1,350.000,975.000,375.000,600.000,300.000,300.000,300.000,325.000,-1,400.000,375.000,-1,600.000,525.000,-1,600.000,2,0,1,0,1,0,0,0,0,2,0,0,2,1,1,2,1
107,7682.394,-7613.239,-332.031,104.814,-0.250898,-0.961364,0.113266,0.967007,-0.254250,-0.015950,0.044132,0.105528,0.993437,0,0.24946,-1.00000,14.968,-2.000,-1,350.000,925.000,375.000,600.000,300.000,300.000,300.000,325.000,-1,425.000,375.000,-1,600.000,525.000,975.000,575.000,2,0,1,0,1,0,0,0,0,2,0,0,2,1,1,0,1
108,7678.007,-7593.961,-331.192,102.814,-0.217205,-0.969408,0.114328,0.975246,-0.220488,-0.016744,0.041439,0.107861,0.993302,0,0.32946,-1.00000,19.768,-2.000,-1,350.000,875.000,375.000,600.000,300.000,300.000,300.000,325.000,-1,450.000,375.000,-1,575.000,525.000,875.000,575.000,2,0,1,0,1,0,0,0,0,2,0,0,2,1,1,1,1
109,7673.395,-7569.828,-330.240,100.814,-0.183238,-0.976251,0.115575,0.982300,-0.186472,-0.017730,0.038860,0.110280,0.993141,0,0.40946,-1.00000,24.568,-2.000,-1,375.000,825.000,400.000,600.000,300.000,325.000,300.000,325.000,-1,475.000,400.000,-1,575.000,500.000,800.000,550.000,2,0,1,1,1,0,0,0,0,2,0,0,2,1,1,1,1
110,7668.891,-7540.804,-329.210,98.814,-0.149041,-0.981887,0.116985,0.988162,-0.152245,-0.018896,0.036364,0.112784,0.992954,0,0.48946,-1.00000,29.368,-2.000,-1,375.000,775.000,375.000,575.000,300.000,325.000,300.000,325.000,-1,475.000,400.000,-1,550.000,500.000,750.000,550.000,2,0,1,1,1,0,0,0,0,2,0,0,2,1,1,1,1
111,7664.834,-7506.875,-328.140,96.814,-0.114661,-0.986307,0.118537,0.992825,-0.117850,-0.020229,0.033922,0.115367,0.992744,0,0.56946,-1.00000,34.168,-2.000,-1,375.000,725.000,375.000,550.000,300.000,325.000,300.000,325.000,-1,500.000,425.000,-1,525.000,475.000,675.000,525.000,2,1,1,1,1,0,1,0,0,2,0,0,2,1,1,1,1
112,7661.560,-7468.042,-327.071,94.814,-0.080144,-0.989509,0.120206,0.996285,-0.083330,-0.021712,0.031501,0.118019,0.992512,0,0.64946,-1.00000,38.968,-2.000,-1,350.000,675.000,350.000,525.000,300.000,300.000,300.000,325.000,-1,550.000,450.000,-1,500.000,450.000,625.000,500.000,2,1,1,1,1,1,1,0,0,2,0,0,2,1,1,1,1
113,7659.406,-7424.324,-326.047,92.817,-0.045587,-0.991487,0.121967,0.998537,-0.048780,-0.023327,0.029078,0.120725,0.992260,0,0.72946,-0.99855,43.768,-1.997,-1,325.000,650.000,325.000,500.000,300.000,300.000,300.000,300.000,-1,575.000,475.000,-1,450.000,425.000,550.000,450.000,2,1,1,1,1,1,1,0,0,2,0,0,2,1,1,1,1
114,7658.504,-7375.762,-325.082,91.060,-0.015110,-0.992189,0.123822,0.999517,-0.018350,-0.025065,0.027142,0.123384,0.991988,0,0.80946,-0.87855,48.568,-1.757,625.000,300.000,600.000,300.000,450.000,275.000,275.000,300.000,300.000,-1,600.000,475.000,-1,425.000,400.000,475.000,425.000,1,1,1,1,1,1,1,0,0,2,0,0,2,1,1,1,1
115,7658.926,-7322.393,-324.193,89.542,0.011249,-0.991995,0.125773,0.999606,0.007922,-0.026921,0.025709,0.126027,0.991694,0,0.88946,-0.75855,53.368,-1.517,525.000,275.000,550.000,275.000,400.000,250.000,250.000,300.000,300.000,-1,625.000,450.000,-1,375.000,375.000,425.000,375.000,1,1,1,1,1,1,1,0,0,2,0,0,2,1,1,1,1
116,7660.683,-7264.250,-323.389,88.265,0.033478,-0.991231,0.127826,0.999132,0.030019,-0.028889,0.024798,0.128682,0.991376,0,0.96946,-0.63855,58.168,-1.277,425.000,250.000,475.000,250.000,350.000,225.000,225.000,300.000,300.000,-1,650.000,450.000,-1,350.000,325.000,350.000,325.000,1,1,1,1,1,1,1,0,0,2,0,0,2,1,1,1,1
117,7663.570,-7204.317,-321.322,87.228,0.052098,-0.989486,0.134918,0.998268,0.047905,-0.034141,0.027318,0.136463,0.990268,0,1.00000,-0.51855,60.000,-1.037,375.000,225.000,425.000,225.000,300.000,200.000,200.000,300.000,300.000,-1,600.000,375.000,-1,300.000,300.000,300.000,275.000,1,1,1,1,1,1,1,0,0,2,0,0,2,1,1,1,1
118,7667.298,-7144.429,-311.607,86.431,0.069141,-0.988781,0.132407,0.996308,0.061669,-0.059729,0.050894,0.136047,0.989394,0,1.00000,-0.39855,60.000,-0.797,500.000,225.000,475.000,225.000,300.000,200.000,200.000,325.000,325.000,-1,300.000,225.000,900.000,325.000,300.000,325.000,275.000,1,1,1,1,1,1,1,0,0,2,0,0,0,1,1,1,1
119,7671.611,-7084.578,-301.430,85.874,0.082033,-0.988451,0.127414,0.993687,0.071303,-0.086610,0.076525,0.133715,0.988061,0,1.00000,-0.27855,60.000,-0.557,-1,250.000,525.000,250.000,325.000,200.000,200.000,350.000,350.000,-1,225.000,175.000,825.000,325.000,325.000,400.000,275.000,2,1,1,1,1,1,1,0,0,2,0,0,0,1,1,1,1
120,327.993,8199.134,206.809,-118.167,-0.474257,0.879860,-0.030444,-0.878870,-0.471127,0.075016,0.051661,0.062333,0.996717,1,0.00000,0.00000,60.000,-0.317,-1,400.000,950.000,400.000,-1,325.000,325.000,300.000,275.000,-1,550.000,500.000,-1,675.000,725.000,-1,-1,2,1,1,0,2,0,0,0,0,2,1,1,2,1,1,2,2
121,325.745,8194.894,207.073,-117.927,-0.470561,0.881838,-0.030566,-0.880855,-0.467444,0.074776,0.051653,0.062111,0.996732,0,0.08000,0.12000,4.800,0.240,-1,400.000,950.000,400.000,-1,325.000,325.000,300.000,275.000,-1,550.000,500.000,-1,675.000,700.000,-1,1000.000,2,1,1,0,2,0,0,0,0,2,1,1,2,1,1,2,1
122,321.320,8186.375,207.604,-117.447,-0.463144,0.885747,-0.030810,-0.884777,-0.460052,0.074301,0.051637,0.061672,0.996760,0,0.16000,0.24000,9.600,0.480,-1,400.000,925.000,400.000,-1,325.000,325.000,300.000,275.000,-1,575.000,525.000,-1,675.000,700.000,-1,975.000,2,1,1,0,2,0,0,0,0,2,1,1,2,1,1,2,1
123,314.843,8173.514,208.406,-116.727,-0.451959,0.891494,-0.031175,-0.890544,-0.448904,0.073598,0.051618,0.061026,0.996801,0,0.24000,0.36000,14.400,0.720,-1,400.000,925.000,400.000,-1,325.000,325.000,300.000,275.000,-1,575.000,525.000,-1,675.000,675.000,-1,950.000,2,1,1,0,2,0,0,0,0,2,1,1,2,1,1,2,1
124,306.496,8156.224,209.484,-115.767,-0.436935,0.898936,-0.031657,-0.898012,-0.433926,0.072681,0.051599,0.060186,0.996853,0,0.32000,0.48000,19.200,0.960,-1,400.000,900.000,400.000,-1,325.000,325.000,300.000,275.000,-1,600.000,550.000,-1,675.000,650.000,-1,900.000,2,1,1,0,2,0,0,0,0,2,1,1,2,1,1,2,1
125,296.495,8134.407,210.845,-114.626,-0.418922,0.907449,-0.032262,-0.906559,-0.415967,0.071567,0.051523,0.059228,0.996914,0,0.40000,0.57039,24.000,1.141,-1,400.000,875.000,400.000,-1,325.000,325.000,300.000,275.000,-1,600.000,575.000,-1,675.000,625.000,-1,825.000,2,1,1,0,2,1,0,0,0,2,1,1,2,1,1,2,1
126,285.012,8107.996,212.490,-113.497,-0.400926,0.915516,-0.033010,-0.914679,-0.398025,0.070275,0.051199,0.058369,0.996981,0,0.48000,0.56454,28.800,1.129,-1,400.000,875.000,400.000,1000.000,325.000,325.000,300.000,275.000,-1,625.000,600.000,-1,650.000,575.000,-1,775.000,2,1,1,0,1,1,0,0,0,2,1,1,2,1,1,2,1
127,272.218,8076.928,214.418,-112.381,-0.382976,0.923136,-0.033902,-0.922369,-0.380130,0.068821,0.050644,0.057627,0.997053,0,0.56000,0.55816,33.600,1.116,-1,375.000,825.000,400.000,900.000,325.000,325.000,300.000,275.000,-1,675.000,650.000,-1,650.000,550.000,-1,700.000,2,1,1,1,1,1,1,0,0,2,1,1,2,1,1,2,1
128,258.282,8041.147,216.628,-111.279,-0.365107,0.930310,-0.034937,-0.929629,-0.362315,0.067218,0.049875,0.057021,0.997126,0,0.64000,0.55108,38.400,1.102,-1,375.000,800.000,375.000,825.000,300.000,325.000,300.000,275.000,-1,700.000,700.000,-1,650.000,525.000,-1,650.000,2,1,1,1,1,1,1,0,0,2,1,1,2,1,1,2,1
129,243.370,8000.603,219.116,-110.193,-0.347362,0.937035,-0.036116,-0.936455,-0.344623,0.065483,0.048914,0.056567,0.997200,0,0.72000,0.54312,43.200,1.086,-1,375.000,775.000,350.000,725.000,300.000,300.000,300.000,275.000,-1,750.000,750.000,-1,625.000,475.000,-1,575.000,2,1,1,1,1,1,1,0,0,2,1,1,2,1,1,2,1
