timestep,x_cm,y_cm,z_cm,yaw_deg,basis_xx,basis_xy,basis_xz,basis_yx,basis_yy,basis_yz,basis_zx,basis_zy,basis_zz,teleport_flag,throttle_cmd,steering_cmd,cmd_move_cm,cmd_turn_deg,lidar_cm_0,lidar_cm_1,lidar_cm_2,lidar_cm_3,lidar_cm_4,lidar_cm_5,lidar_cm_6,lidar_cm_7,lidar_cm_8,lidar_cm_9,lidar_cm_10,lidar_cm_11,lidar_cm_12,lidar_cm_13,lidar_cm_14,lidar_cm_15,lidar_cm_16,lidar_class_0,lidar_class_1,lidar_class_2,lidar_class_3,lidar_class_4,lidar_class_5,lidar_class_6,lidar_class_7,lidar_class_8,lidar_class_9,lidar_class_10,lidar_class_11,lidar_class_12,lidar_class_13,lidar_class_14,lidar_class_15,lidar_class_16
0,-5575.001,-979.109,-240.869,83.858,0.096238,-0.984814,-0.144496,0.992480,0.105975,-0.061259,0.075641,-0.137514,0.987607,1,0.08000,-0.12000,4.800,-0.240,-1,525.000,-1,500.000,-1,275.000,325.000,100.000,475.000,-1,0.000,0.000,-1,-1,-1,-1,-1,2,1,2,0,2,1,0,1,0,2,1,0,2,2,2,2,2
1,-5573.890,-969.573,-239.770,83.378,0.105318,-0.984356,-0.141249,0.991821,0.114275,-0.056855,0.072107,-0.134106,0.988340,0,0.16000,-0.24000,9.600,-0.480,-1,500.000,-1,475.000,-1,275.000,325.000,100.000,450.000,-1,0.000,0.000,-1,-1,-1,-1,-1,2,1,2,0,2,1,0,1,0,2,1,0,2,2,2,2,2
2,-5572.096,-955.285,-238.119,82.866,0.115284,-0.983947,-0.136225,0.991089,0.123149,-0.050769,0.066730,-0.129158,0.989376,0,0.24000,-0.25602,14.400,-0.512,-1,475.000,-1,475.000,-1,275.000,325.000,125.000,450.000,-1,0.000,0.000,-1,-1,-1,-1,-1,2,1,2,0,2,1,0,1,0,2,1,0,2,2,2,2,2
3,-5569.536,-936.257,-235.908,82.357,0.125458,-0.983632,-0.129342,0.990310,0.131988,-0.043182,0.059547,-0.122671,0.990659,0,0.32000,-0.25432,19.200,-0.509,-1,450.000,-1,450.000,-1,250.000,300.000,150.000,450.000,-1,0.000,0.000,-1,-1,-1,-1,-1,2,1,2,0,2,1,0,1,0,2,1,0,2,2,2,2,2
4,-5566.127,-912.501,-233.128,81.852,0.135756,-0.983384,-0.120525,0.989447,0.140790,-0.034244,0.050644,-0.114605,0.992119,0,0.40000,-0.25252,24.000,-0.505,-1,425.000,-1,425.000,-1,250.000,300.000,175.000,425.000,-1,0.000,0.000,-1,-1,-1,-1,-1,2,1,2,0,2,0,0,1,0,2,1,0,2,2,2,2,2
5,-5561.787,-884.031,-229.773,81.351,0.146066,-0.983170,-0.109729,0.988460,0.149547,-0.024142,0.040145,-0.104937,0.993668,0,0.48000,-0.25058,28.800,-0.501,-1,400.000,-1,400.000,-1,250.000,300.000,225.000,400.000,-1,-1,0.000,-1,-1,-1,-1,-1,2,1,2,0,2,0,0,1,0,2,2,0,2,2,2,2,2
6,-5556.436,-850.860,-225.848,80.854,0.156260,-0.982948,-0.096936,0.987313,0.158247,-0.013107,0.028223,-0.093658,0.995204,0,0.56000,-0.24847,33.600,-0.497,-1,375.000,-1,375.000,-1,250.000,275.000,275.000,400.000,-1,-1,0.000,-1,-1,975.000,-1,-1,2,1,2,0,2,0,0,1,0,2,2,0,2,2,0,2,2
7,-5549.997,-813.004,-221.359,80.362,0.166196,-0.982664,-0.082162,0.985977,0.166875,-0.001418,0.015104,-0.080774,0.996618,0,0.64000,-0.24612,38.400,-0.492,-1,350.000,-1,375.000,-1,250.000,275.000,375.000,375.000,-1,-1,-1,-1,-1,850.000,-1,-1,2,1,2,0,2,0,0,1,0,2,2,2,2,2,0,2,2
8,-5542.468,-770.901,-216.371,79.875,0.175716,-0.982252,-0.065610,0.984440,0.175407,0.010482,0.001212,-0.066431,0.997790,0,0.71285,-0.24350,42.771,-0.487,-1,325.000,-1,350.000,-1,225.000,250.000,500.000,350.000,-1,-1,-1,-1,-1,750.000,-1,-1,2,1,2,0,2,0,0,1,0,2,2,2,2,2,0,2,2
9,-5534.643,-729.165,-211.407,79.394,0.184645,-0.981585,-0.048971,0.982735,0.183807,0.021134,-0.011744,-0.052028,0.998577,0,0.70771,-0.24058,42.463,-0.481,-1,300.000,-1,325.000,-1,225.000,250.000,900.000,350.000,-1,-1,-1,-1,-1,650.000,-1,-1,2,1,2,0,2,0,0,1,0,2,2,2,2,2,0,2,2
10,-5526.544,-687.818,-210.643,78.914,0.192877,-0.979889,-0.051154,0.981156,0.191990,0.021761,-0.011502,-0.054387,0.998454,0,0.70221,-0.23973,42.133,-0.479,-1,275.000,-1,325.000,-1,250.000,250.000,-1,350.000,-1,-1,-1,-1,950.000,675.000,-1,-1,2,1,2,0,2,0,0,2,0,2,2,2,2,1,0,2,2
11,-5518.162,-646.886,-211.398,78.419,0.201289,-0.977711,-0.059696,0.979492,0.200355,0.021303,-0.008868,-0.062760,0.997989,0,0.69636,-0.24765,41.782,-0.495,-1,275.000,-1,350.000,-1,250.000,250.000,-1,350.000,-1,-1,-1,-1,775.000,700.000,-1,-1,2,0,2,0,2,0,0,2,0,2,2,2,2,1,0,2,2
12,-5509.492,-606.396,-211.890,77.907,0.209871,-0.975444,-0.066807,0.977713,0.208990,0.020005,-0.005552,-0.069517,0.997565,0,0.69013,-0.25600,41.408,-0.512,-1,275.000,-1,350.000,-1,250.000,275.000,-1,375.000,-1,-1,-1,-1,575.000,750.000,-1,-1,2,0,2,0,2,0,0,2,0,2,2,2,2,1,0,2,2
13,-5500.532,-566.370,-212.353,77.378,0.218668,-0.973177,-0.071483,0.975797,0.217930,0.018066,-0.002003,-0.073704,0.997278,0,0.68361,-0.26477,41.017,-0.530,-1,275.000,-1,350.000,-1,250.000,275.000,-1,375.000,-1,0.000,-1,-1,500.000,775.000,-1,-1,2,0,2,0,2,0,0,2,0,2,1,2,2,0,0,2,2
14,-5491.279,-526.822,-212.562,76.830,0.227709,-0.970876,-0.074486,0.973727,0.227186,0.015534,0.001841,-0.076067,0.997101,0,0.67692,-0.27396,40.615,-0.548,-1,275.000,-1,375.000,-1,250.000,275.000,-1,375.000,-1,0.000,-1,-1,525.000,825.000,-1,-1,2,0,2,0,2,0,0,2,0,2,1,2,2,0,0,2,2
15,-5481.730,-487.760,-212.409,76.263,0.236996,-0.968516,-0.076216,0.971490,0.236768,0.012144,0.006284,-0.076922,0.997017,0,0.67020,-0.28354,40.212,-0.567,-1,300.000,-1,375.000,-1,250.000,275.000,-1,375.000,-1,0.000,0.000,-1,550.000,875.000,-1,-1,2,0,2,0,2,0,0,2,0,2,1,0,2,0,0,2,2
16,-5471.877,-449.182,-211.883,75.676,0.246555,-0.966091,-0.076667,0.969062,0.246692,0.007832,0.011347,-0.076226,0.997026,0,0.66360,-0.29352,39.816,-0.587,-1,300.000,-1,400.000,-1,275.000,300.000,-1,375.000,675.000,0.000,0.000,-1,600.000,950.000,-1,-1,2,0,2,0,2,0,0,2,0,1,1,0,2,0,0,2,2
17,-5461.713,-411.078,-210.970,75.068,0.256415,-0.963587,-0.075831,0.966416,0.256970,0.002524,0.017055,-0.073931,0.997118,0,0.65727,-0.30386,39.436,-0.608,-1,325.000,-1,400.000,-1,275.000,300.000,-1,375.000,725.000,0.000,0.000,-1,650.000,-1,-1,-1,2,0,2,0,2,0,0,2,0,1,1,0,2,0,2,2,2
18,-5451.224,-373.430,-209.659,74.439,0.266611,-0.960982,-0.073702,0.963519,0.267610,-0.003859,0.023432,-0.069984,0.997273,0,0.65134,-0.31455,39.080,-0.629,-1,325.000,-1,425.000,-1,300.000,325.000,-1,375.000,800.000,0.000,0.000,-1,725.000,-1,-1,-1,2,0,2,0,2,0,0,2,0,1,1,0,2,0,2,2,2
19,-5440.397,-336.215,-207.933,73.788,0.277181,-0.958245,-0.070272,0.960333,0.278621,-0.011406,0.030509,-0.064323,0.997463,0,0.64595,-0.32559,38.757,-0.651,-1,350.000,-1,450.000,-1,300.000,325.000,-1,350.000,875.000,0.000,0.000,-1,825.000,-1,-1,-1,2,0,2,0,2,0,0,2,0,1,1,0,2,0,2,2,2
20,-5429.216,-299.403,-205.778,73.114,0.288171,-0.955334,-0.065528,0.956812,0.290004,-0.020214,0.038314,-0.056873,0.997646,0,0.64120,-0.33695,38.472,-0.674,-1,400.000,-1,475.000,-1,325.000,350.000,-1,350.000,950.000,0.000,0.000,-1,950.000,-1,-1,-1,2,0,2,0,2,0,0,2,0,1,1,0,2,0,2,2,2
21,-5417.660,-262.959,-203.175,72.416,0.299637,-0.952199,-0.059456,0.952901,0.301755,-0.030393,0.046881,-0.047549,0.997768,0,0.63718,-0.34863,38.231,-0.697,-1,425.000,-1,500.000,-1,350.000,375.000,-1,350.000,-1,0.000,0.000,-1,-1,-1,-1,-1,2,0,2,0,2,0,0,2,0,2,1,0,2,2,2,2,2
22,-5405.714,-226.846,-202.929,71.695,0.311594,-0.948313,-0.060099,0.949057,0.313713,-0.029577,0.046902,-0.047821,0.997754,0,0.63396,-0.36061,38.038,-0.721,-1,450.000,-1,500.000,-1,350.000,375.000,-1,350.000,-1,0.000,0.000,-1,-1,-1,-1,-1,2,0,2,0,2,0,0,2,0,2,1,0,2,2,2,2,2
23,-5394.848,-194.902,-202.765,71.214,0.319610,-0.945624,-0.060376,0.946449,0.321659,-0.027726,0.045639,-0.048281,0.997791,0,0.56235,-0.24061,33.741,-0.481,-1,450.000,-1,500.000,-1,350.000,375.000,-1,350.000,-1,0.000,0.000,-1,-1,-1,-1,-1,2,0,2,0,2,0,0,2,0,2,0,0,2,2,2,2,2
24,-5383.865,-163.053,-202.409,70.973,0.323719,-0.944276,-0.059573,0.945141,0.325643,-0.025799,0.043761,-0.047954,0.997890,0,0.56150,-0.12061,33.690,-0.241,-1,450.000,-1,500.000,-1,350.000,375.000,-1,350.000,-1,0.000,0.000,-1,-1,-1,-1,-1,2,0,2,0,2,0,0,2,0,2,0,0,2,2,2,2,2
25,-5372.871,-131.176,-201.866,70.972,0.323929,-0.944318,-0.057733,0.945180,0.325680,-0.023808,0.041285,-0.046856,0.998048,0,0.56200,-0.00061,33.720,-0.001,-1,450.000,-1,500.000,-1,350.000,375.000,-1,350.000,-1,0.000,0.000,-1,-1,-1,-1,-1,2,0,2,0,2,0,0,2,0,2,0,0,2,2,2,2,2
26,-5361.976,-99.154,-201.376,71.210,0.320152,-0.945707,-0.056050,0.946564,0.321755,-0.022150,0.038982,-0.045964,0.998182,0,0.56375,0.11939,33.825,0.239,-1,450.000,-1,500.000,-1,375.000,375.000,-1,350.000,-1,0.000,0.000,-1,-1,-1,-1,-1,2,0,2,0,2,0,0,2,0,2,0,0,2,2,2,2,2
27,-5351.295,-66.878,-200.978,71.689,0.312362,-0.948385,-0.054734,0.949243,0.313849,-0.020878,0.036978,-0.045435,0.998283,0,0.56663,0.23939,33.998,0.479,-1,450.000,-1,500.000,-1,375.000,375.000,-1,350.000,-1,0.000,0.000,-1,-1,-1,-1,-1,2,0,2,0,2,0,0,2,0,2,0,0,2,2,2,2,2
28,-5340.949,-34.247,-200.581,72.408,0.300637,-0.952270,-0.052900,0.953152,0.301934,-0.018333,0.033430,-0.044910,0.998432,0,0.57054,0.35939,34.232,0.719,-1,450.000,-1,500.000,-1,375.000,375.000,-1,350.000,-1,0.000,0.000,-1,-1,-1,-1,-1,2,0,2,0,2,0,0,2,0,2,0,0,2,2,2,2,2
29,-5331.067,-1.169,-199.964,73.367,0.284910,-0.957250,-0.049996,0.958112,0.285976,-0.015490,0.029125,-0.043488,0.998629,0,0.57538,0.47939,34.523,0.959,-1,450.000,-1,500.000,-1,350.000,375.000,-1,350.000,-1,0.000,0.000,-1,-1,-1,-1,-1,2,0,2,0,2,0,0,2,0,2,0,0,2,2,2,2,2
30,-5321.787,32.437,-199.124,74.565,0.265102,-0.963118,-0.046092,0.963918,0.265913,-0.012327,0.024129,-0.041161,0.998861,0,0.58107,0.59939,34.864,1.199,-1,450.000,-1,500.000,-1,350.000,375.000,-1,350.000,-1,0.000,0.000,-1,-1,-1,-1,-1,2,0,2,0,2,0,0,2,0,2,0,0,2,2,2,2,2
31,-5312.034,70.883,-198.398,75.766,0.245134,-0.968613,-0.041209,0.969301,0.245702,-0.009261,0.019095,-0.037674,0.999108,0,0.66107,0.60047,39.664,1.201,-1,425.000,-1,475.000,-1,350.000,375.000,-1,325.000,-1,0.000,0.000,-1,-1,-1,-1,-1,2,0,2,0,2,0,0,2,0,2,0,0,2,2,2,2,2
32,-5302.619,111.490,-198.010,76.948,0.225415,-0.973660,-0.034278,0.974176,0.225724,-0.005385,0.012980,-0.032179,0.999398,0,0.69474,0.59065,41.684,1.181,-1,425.000,-1,475.000,-1,350.000,350.000,-1,325.000,-1,0.000,0.000,-1,1000.000,-1,-1,-1,2,0,2,0,2,0,0,2,0,2,0,0,2,0,2,2,2
33,-5293.989,152.459,-197.549,78.108,0.205894,-0.978201,-0.027043,0.978553,0.205995,-0.000968,0.006518,-0.026264,0.999634,0,0.69781,0.58024,41.869,1.160,-1,425.000,-1,450.000,-1,350.000,350.000,-1,325.000,-1,0.000,0.000,-1,975.000,-1,-1,-1,2,0,2,0,2,0,0,2,0,2,0,0,2,0,2,2,2
34,-5286.144,193.765,-197.010,79.247,0.186572,-0.982245,-0.019644,0.982441,0.186531,0.003940,-0.000206,-0.020034,0.999799,0,0.70074,0.56966,42.045,1.139,-1,425.000,-1,450.000,-1,350.000,350.000,-1,300.000,-1,0.000,200.000,-1,950.000,-1,-1,-1,2,0,2,0,2,0,0,2,0,2,0,0,2,0,2,2,2
35,-5279.078,235.382,-196.406,80.365,0.167458,-0.985804,-0.012149,0.985853,0.167351,0.009319,-0.007153,-0.013538,0.999883,0,0.70354,0.55891,42.213,1.118,-1,425.000,-1,425.000,-1,350.000,350.000,-1,300.000,-1,-1,-1,-1,925.000,950.000,-1,-1,2,0,2,0,2,0,0,2,0,2,2,2,2,0,0,2,2
36,-5272.785,277.287,-195.748,81.461,0.148559,-0.988893,-0.004629,0.988800,0.148475,0.015138,-0.014282,-0.006826,0.999875,0,0.70624,0.54800,42.374,1.096,-1,425.000,-1,425.000,-1,325.000,325.000,-1,300.000,-1,-1,-1,-1,900.000,900.000,-1,-1,2,0,2,0,2,0,0,2,0,2,2,2,2,0,0,2,2
37,-5267.259,319.458,-195.050,82.535,0.129888,-0.991525,0.002847,0.991295,0.129919,0.021361,-0.021550,0.000048,0.999768,0,0.70886,0.53692,42.531,1.074,-1,425.000,-1,400.000,-1,325.000,325.000,-1,300.000,-1,-1,-1,-1,875.000,850.000,-1,-1,2,0,2,0,2,0,0,2,0,2,2,2,2,0,0,2,2
38,-5262.491,361.876,-195.811,83.586,0.111647,-0.993741,0.003702,0.993455,0.111704,0.023849,-0.024113,0.001015,0.999709,0,0.71142,0.52567,42.685,1.051,-1,400.000,-1,400.000,-1,325.000,325.000,-1,275.000,-1,-1,-1,-1,875.000,825.000,-1,-1,2,0,2,0,2,0,0,2,0,2,2,2,2,0,0,2,2
39,-5258.502,404.294,-196.749,84.627,0.093566,-0.995606,0.003688,0.995271,0.093631,0.025859,-0.026091,0.001251,0.999659,0,0.71008,0.52052,42.605,1.041,-1,400.000,-1,400.000,-1,325.000,325.000,-1,300.000,-1,-1,-1,-1,875.000,825.000,-1,-1,2,0,2,0,2,0,0,2,0,2,2,2,2,0,0,2,2
40,-5255.300,446.546,-197.682,85.666,0.075491,-0.997140,0.003604,0.996752,0.075562,0.027864,-0.028057,0.001488,0.999605,0,0.70622,0.51949,42.373,1.039,-1,400.000,-1,400.000,-1,325.000,325.000,-1,300.000,-1,-1,-1,-1,850.000,825.000,-1,-1,2,0,2,0,2,0,0,2,0,2,2,2,2,0,0,2,2
41,-5252.876,488.629,-198.610,86.703,0.057433,-0.998343,0.003448,0.997898,0.057511,0.029863,-0.030012,0.001726,0.999548,0,0.70254,0.51829,42.152,1.037,-1,400.000,-1,400.000,-1,325.000,325.000,-1,300.000,-1,-1,-1,-1,850.000,825.000,-1,-1,2,0,2,0,2,0,0,2,0,2,2,2,2,0,0,2,2
42,-5251.267,534.226,-199.615,87.980,0.035171,-0.999376,0.003172,0.998865,0.035255,0.032029,-0.032121,0.002042,0.999482,0,0.76042,0.63829,45.625,1.277,-1,400.000,-1,400.000,-1,325.000,325.000,-1,300.000,-1,-1,-1,-1,850.000,800.000,-1,-1,2,0,2,0,2,0,0,2,0,2,2,2,2,0,0,2,2
43,-5250.868,579.661,-200.618,89.496,0.008704,-0.999958,0.002752,0.999377,0.008793,0.034185,-0.034208,0.002452,0.999412,0,0.75728,0.75829,45.437,1.517,-1,400.000,-1,400.000,-1,325.000,325.000,-1,300.000,-1,-1,-1,-1,850.000,800.000,-1,-1,2,0,2,0,2,0,0,2,0,2,2,2,2,0,0,2,2
44,-5251.858,624.950,-201.620,91.253,-0.021956,-0.999757,0.002162,0.999101,-0.021863,0.036329,-0.036273,0.002958,0.999338,0,0.75499,0.87829,45.299,1.757,-1,400.000,-1,400.000,-1,325.000,325.000,-1,300.000,-1,-1,-1,-1,825.000,800.000,-1,-1,2,0,2,0,2,0,0,2,0,2,2,2,2,0,0,2,2
45,-5254.421,670.088,-203.022,93.249,-0.056813,-0.998382,0.002438,0.997678,-0.056681,0.037766,-0.037567,0.004578,0.999284,0,0.75351,0.99829,45.211,1.997,-1,400.000,-1,400.000,-1,325.000,325.000,-1,300.000,-1,-1,-1,-1,825.000,800.000,-1,-1,2,0,2,0,2,0,0,2,0,2,2,2,2,0,0,2,2
46,-5258.996,719.889,-205.160,95.249,-0.091639,-0.995790,0.002128,0.995055,-0.091489,0.038671,-0.038314,0.005662,0.999250,0,0.83351,1.00000,50.011,2.000,-1,400.000,-1,400.000,-1,325.000,325.000,-1,300.000,-1,-1,-1,-1,825.000,800.000,-1,-1,2,0,2,0,2,0,0,2,0,2,2,2,2,0,0,2,2
47,-5265.430,770.468,-207.341,97.249,-0.126351,-0.991984,0.001695,0.991214,-0.126185,0.039643,-0.039111,0.006689,0.999212,0,0.84978,1.00000,50.987,2.000,-1,400.000,-1,400.000,-1,325.000,325.000,-1,300.000,-1,-1,-1,-1,825.000,800.000,-1,-1,2,0,2,0,2,0,0,2,0,2,2,2,2,0,0,2,2
48,-5273.616,820.730,-211.459,99.249,-0.160546,-0.986998,-0.007739,0.985942,-0.160732,0.045641,-0.046292,-0.000302,0.998928,0,0.84871,1.00000,50.923,2.000,-1,375.000,-1,375.000,-1,300.000,325.000,-1,300.000,-1,-1,-1,-1,750.000,750.000,-1,-1,2,0,2,0,2,0,0,2,0,2,2,2,2,0,0,2,2
49,-5283.536,870.597,-215.559,101.249,-0.194420,-0.980762,-0.017541,0.979462,-0.195074,0.050993,-0.053434,-0.007267,0.998545,0,0.84739,1.00000,50.844,2.000,-1,375.000,-1,375.000,-1,300.000,300.000,-1,300.000,-1,-1,-1,-1,700.000,725.000,-1,-1,2,1,2,0,2,0,0,2,0,2,2,2,2,0,0,2,2
50,-5295.169,919.995,-219.472,103.249,-0.227987,-0.973293,-0.026883,0.971814,-0.229169,0.055304,-0.059987,-0.013517,0.998108,0,0.84581,1.00000,50.749,2.000,-1,350.000,-1,350.000,-1,275.000,300.000,-1,325.000,-1,-1,-1,-1,650.000,700.000,-1,-1,2,1,2,0,2,0,0,2,0,2,2,2,2,0,0,2,2
51,-5308.490,968.850,-223.175,105.249,-0.261244,-0.964617,-0.035577,0.963022,-0.262973,0.058591,-0.065874,-0.018955,0.997648,0,0.84396,1.00000,50.638,2.000,950.000,350.000,-1,350.000,-1,275.000,275.000,-1,325.000,-1,-1,-1,-1,600.000,675.000,-1,-1,1,1,2,0,2,0,0,2,0,2,2,2,2,0,0,2,2
52,-5323.470,1017.088,-226.646,107.249,-0.294187,-0.954760,-0.043452,0.953105,-0.296449,0.060902,-0.071028,-0.023497,0.997198,0,0.84183,1.00000,50.510,2.000,850.000,325.000,-1,350.000,-1,250.000,275.000,-1,325.000,-1,-1,-1,-1,575.000,650.000,-1,-1,1,1,2,0,2,0,0,2,0,2,2,2,2,0,0,2,2
53,-5340.077,1064.638,-229.868,109.249,-0.326813,-0.943747,-0.050352,0.942077,-0.329559,0.062303,-0.075393,-0.027074,0.996786,0,0.83943,1.00000,50.366,2.000,700.000,325.000,-1,325.000,-1,250.000,275.000,-1,325.000,-1,-1,-1,-1,525.000,625.000,775.000,-1,0,1,2,0,2,1,0,2,0,2,2,2,2,0,0,0,2
54,-5356.415,1107.175,-232.533,111.009,-0.355260,-0.933120,-0.055471,0.931462,-0.358366,0.062863,-0.078537,-0.029337,0.996479,0,0.75943,0.88000,45.566,1.760,625.000,300.000,-1,325.000,-1,250.000,250.000,-1,350.000,-1,-1,-1,-1,525.000,600.000,625.000,-1,1,1,2,0,2,1,0,2,0,2,2,2,2,0,0,0,2
55,-5373.456,1148.253,-234.824,112.529,-0.379642,-0.923256,-0.058913,0.921613,-0.382980,0.062901,-0.080636,-0.030415,0.996279,0,0.74121,0.76000,44.472,1.520,600.000,300.000,-1,325.000,-1,250.000,250.000,-1,350.000,-1,-1,-1,-1,500.000,600.000,550.000,-1,0,1,2,0,2,1,0,2,0,2,2,2,2,0,0,0,2
56,-5391.323,1188.744,-236.800,113.809,-0.400099,-0.914478,-0.060419,0.912835,-0.403512,0.062542,-0.081573,-0.030129,0.996212,0,0.73763,0.64000,44.258,1.280,550.000,300.000,-1,325.000,-1,250.000,250.000,-1,350.000,-1,-1,-1,-1,500.000,600.000,525.000,-1,1,0,2,0,2,0,0,2,0,2,2,2,2,0,0,0,2
57,-5409.807,1228.659,-238.523,114.849,-0.416779,-0.907057,-0.059530,0.905385,-0.420068,0.061821,-0.081082,-0.028132,0.996310,0,0.73312,0.52000,43.987,1.040,525.000,300.000,-1,325.000,-1,250.000,250.000,-1,350.000,-1,-1,-1,-1,500.000,600.000,575.000,-1,0,0,2,0,2,0,0,2,0,2,2,2,2,0,0,0,2
58,-5428.704,1268.017,-239.872,115.649,-0.429717,-0.901183,-0.056673,0.899458,-0.432730,0.060988,-0.079486,-0.024767,0.996528,0,0.72768,0.40000,43.661,0.800,575.000,300.000,-1,325.000,-1,250.000,250.000,-1,325.000,-1,-1,-1,-1,525.000,600.000,650.000,-1,1,0,2,0,2,0,0,2,0,2,2,2,2,0,0,0,2
59,-5447.928,1306.794,-240.907,116.373,-0.441500,-0.895738,-0.052267,0.893957,-0.444122,0.059969,-0.076929,-0.020248,0.996831,0,0.72134,0.36180,43.281,0.724,600.000,300.000,-1,325.000,-1,250.000,275.000,-1,325.000,-1,-1,-1,-1,550.000,625.000,675.000,-1,1,0,2,0,2,0,0,2,0,2,2,2,2,0,0,1,2
60,-5467.457,1344.967,-241.660,117.098,-0.453319,-0.890133,-0.046527,0.888314,-0.455463,0.058757,-0.073493,-0.014695,0.997187,0,0.71466,0.36247,42.880,0.725,600.000,325.000,-1,350.000,-1,275.000,275.000,-1,325.000,-1,-1,-1,-1,575.000,625.000,675.000,-1,1,0,2,0,2,0,0,2,0,2,2,2,2,0,0,1,2
61,-5487.281,1382.533,-242.317,117.824,-0.465114,-0.884354,-0.039836,0.882589,-0.466733,0.056544,-0.068598,-0.008859,0.997605,0,0.70794,0.36286,42.476,0.726,625.000,325.000,-1,350.000,-1,275.000,275.000,-1,325.000,-1,-1,-1,-1,600.000,650.000,675.000,-1,1,0,2,0,2,0,0,2,0,2,2,2,2,0,0,1,2
62,-5507.389,1419.490,-244.603,118.550,-0.476666,-0.878362,-0.035632,0.877254,-0.477897,0.045172,-0.056706,-0.009726,0.998344,0,0.70124,0.36299,42.075,0.726,625.000,350.000,-1,375.000,-1,300.000,300.000,-1,325.000,-1,-1,-1,-1,650.000,700.000,675.000,-1,1,0,2,0,2,0,0,2,0,2,2,2,2,0,0,1,2
63,-5527.768,1455.844,-246.451,119.275,-0.488175,-0.872245,-0.029549,0.871610,-0.488987,0.034456,-0.044503,-0.008935,0.998969,0,0.69464,0.36286,41.678,0.726,625.000,375.000,-1,400.000,-1,300.000,325.000,-1,325.000,-1,0.000,-1,-1,675.000,775.000,650.000,-1,1,0,2,0,2,0,0,2,0,2,0,2,2,1,0,1,2
64,-5548.413,1491.601,-247.840,120.000,-0.499570,-0.866005,-0.021574,0.865679,-0.499994,0.024588,-0.032081,-0.006393,0.999465,0,0.68818,0.36249,41.291,0.725,625.000,400.000,-1,425.000,-1,325.000,325.000,-1,325.000,-1,0.000,25.000,-1,675.000,850.000,650.000,-1,1,0,2,0,2,0,0,2,0,2,0,0,2,1,0,1,2
65,-5569.317,1526.772,-251.042,120.724,-0.510455,-0.859581,-0.023572,0.859484,-0.510871,0.017270,-0.026887,-0.011444,0.999573,0,0.68191,0.36188,40.914,0.724,575.000,400.000,-1,425.000,-1,325.000,350.000,-1,325.000,-1,0.000,0.000,-1,650.000,875.000,625.000,-1,1,0,2,0,2,0,0,2,0,2,0,0,2,1,0,1,2
66,-5590.474,1561.368,-254.158,121.446,-0.521247,-0.853018,-0.025736,0.853104,-0.521628,0.010890,-0.022714,-0.016279,0.999609,0,0.67588,0.36104,40.553,0.722,550.000,400.000,-1,450.000,-1,325.000,350.000,-1,350.000,-1,0.000,0.000,-1,625.000,925.000,575.000,-1,1,0,2,0,2,0,0,2,0,2,0,0,2,1,0,1,2
67,-5611.880,1595.404,-257.062,122.166,-0.531949,-0.846333,-0.027394,0.846560,-0.532266,0.005393,-0.019146,-0.020322,0.999610,0,0.67012,0.35999,40.207,0.720,500.000,400.000,-1,450.000,-1,325.000,350.000,-1,350.000,-1,0.000,0.000,-1,600.000,950.000,550.000,-1,1,0,2,0,2,0,0,2,0,2,0,0,2,1,0,1,2
68,-5633.533,1628.894,-259.824,122.884,-0.542540,-0.839547,-0.028477,0.839870,-0.542787,0.001112,-0.016391,-0.023314,0.999594,0,0.66467,0.35873,39.880,0.717,450.000,400.000,-1,450.000,-1,325.000,350.000,-1,350.000,-1,0.000,0.000,-1,575.000,975.000,500.000,-1,1,0,2,0,2,0,0,2,0,2,0,0,2,1,0,1,2
69,-5655.432,1661.855,-262.370,123.598,-0.553006,-0.832668,-0.029136,0.833056,-0.553185,-0.002261,-0.014235,-0.025522,0.999573,0,0.65955,0.35728,39.573,0.715,425.000,400.000,-1,450.000,-1,350.000,350.000,-1,350.000,-1,0.000,0.000,-1,525.000,975.000,450.000,-1,1,0,2,0,2,0,0,2,0,2,0,0,2,1,0,1,2
70,-5677.576,1694.305,-264.701,124.309,-0.563335,-0.825705,-0.029405,0.826131,-0.563458,-0.004708,-0.012682,-0.026945,0.999556,0,0.65476,0.35565,39.286,0.711,375.000,400.000,-1,450.000,-1,350.000,350.000,-1,350.000,-1,0.000,0.000,-1,500.000,1000.000,425.000,-1,1,0,2,0,2,0,0,2,0,2,0,0,2,1,0,1,2
71,-5699.966,1726.261,-266.817,125.017,-0.573517,-0.818669,-0.029319,0.819110,-0.573603,-0.006211,-0.011733,-0.027578,0.999551,0,0.65033,0.35384,39.020,0.708,350.000,400.000,-1,450.000,-1,350.000,350.000,-1,350.000,-1,0.000,0.000,-1,475.000,1000.000,375.000,-1,1,1,2,0,2,0,0,2,0,2,1,0,2,1,0,1,2
72,-5722.604,1757.742,-268.718,125.721,-0.583546,-0.811566,-0.028909,0.812001,-0.583618,-0.006753,-0.011391,-0.027415,0.999559,0,0.64625,0.35187,38.775,0.704,325.000,375.000,950.000,450.000,-1,350.000,350.000,-1,350.000,-1,0.000,0.000,-1,450.000,975.000,350.000,-1,1,1,1,0,2,0,0,2,0,2,1,0,2,1,0,1,2
73,-5745.492,1788.763,-270.414,126.420,-0.593417,-0.804402,-0.028167,0.804811,-0.593498,-0.006319,-0.011634,-0.026419,0.999583,0,0.64252,0.34974,38.551,0.699,275.000,350.000,875.000,450.000,-1,350.000,350.000,-1,350.000,-1,0.000,0.000,-1,425.000,975.000,300.000,-1,1,1,1,0,2,0,0,2,0,2,1,0,2,1,0,1,2
74,-5768.632,1819.344,-271.888,127.115,-0.603128,-0.797181,-0.027203,0.797546,-0.603238,-0.004888,-0.012513,-0.024644,0.999618,0,0.63914,0.34747,38.349,0.695,250.000,325.000,825.000,450.000,-1,325.000,350.000,-1,350.000,-1,0.000,0.000,-1,400.000,950.000,275.000,-1,1,1,1,0,2,0,0,2,0,2,1,0,2,1,0,1,2
75,-5795.226,1853.322,-273.247,128.050,-0.616047,-0.787290,-0.025708,0.787579,-0.616211,-0.001890,-0.014354,-0.021411,0.999668,0,0.71914,0.46747,43.149,0.935,225.000,300.000,750.000,450.000,-1,325.000,350.000,-1,350.000,-1,0.000,0.000,-1,375.000,925.000,225.000,-1,1,1,1,0,2,1,0,2,0,2,1,0,2,1,0,1,2
76,-5825.502,1890.503,-273.741,129.158,-0.631228,-0.775334,-0.020192,0.775451,-0.631401,0.002966,-0.015049,-0.013785,0.999792,0,0.79914,0.55387,47.949,1.108,200.000,275.000,675.000,450.000,-1,300.000,350.000,-1,350.000,-1,0.000,0.000,-1,325.000,850.000,200.000,-1,1,1,1,0,2,1,0,2,0,2,1,0,2,1,1,1,2
77,-5858.701,1929.710,-271.475,130.259,-0.646251,-0.763122,-0.002142,0.763074,-0.646237,0.009773,-0.008842,0.004681,0.999950,0,0.85624,0.55054,51.375,1.101,175.000,250.000,625.000,450.000,-1,275.000,375.000,-1,325.000,-1,0.000,0.000,-1,300.000,775.000,200.000,-1,1,1,1,0,2,1,0,2,0,2,1,0,2,1,1,1,2
78,-5892.558,1968.170,-268.252,131.353,-0.660729,-0.750387,0.018853,0.750622,-0.660453,0.019208,-0.001962,0.026843,0.999638,0,0.85398,0.54677,51.239,1.094,175.000,250.000,575.000,475.000,-1,250.000,350.000,-1,300.000,-1,0.000,0.000,-1,275.000,700.000,175.000,-1,1,1,1,0,2,1,1,2,0,2,0,0,2,1,1,1,2
79,-5927.071,2005.896,-264.070,132.438,-0.674570,-0.736980,0.042607,0.738190,-0.673858,0.031469,0.005519,0.052680,0.998596,0,0.85220,0.54283,51.132,1.086,175.000,225.000,525.000,450.000,-1,250.000,325.000,-1,275.000,-1,100.000,25.000,-1,275.000,625.000,175.000,-1,1,1,1,1,2,1,1,2,0,2,0,0,2,1,1,1,2
80,-5965.466,2046.568,-258.353,133.319,-0.685103,-0.724904,0.071744,0.728305,-0.683577,0.047891,0.014326,0.085062,0.996273,0,0.93220,0.44053,55.932,0.881,175.000,225.000,500.000,400.000,-1,225.000,300.000,-1,275.000,-1,250.000,75.000,775.000,250.000,550.000,150.000,-1,1,1,1,1,2,1,1,2,0,2,1,0,0,1,1,1,2
81,-6007.337,2089.544,-253.623,134.212,-0.694169,-0.712030,0.105557,0.719044,-0.692704,0.056002,0.033245,0.114775,0.992835,0,1.00000,0.44622,60.000,0.892,150.000,200.000,475.000,375.000,-1,200.000,275.000,-1,250.000,-1,225.000,75.000,500.000,250.000,500.000,150.000,-1,1,1,1,1,2,1,1,2,0,2,0,0,0,1,1,1,2
82,-6049.894,2131.841,-248.959,135.118,-0.701467,-0.698243,0.142828,0.710395,-0.701124,0.061357,0.057298,0.144504,0.987844,0,1.00000,0.45308,60.000,0.906,150.000,200.000,475.000,350.000,-1,200.000,250.000,-1,250.000,-1,200.000,25.000,350.000,250.000,475.000,125.000,-1,1,1,1,1,2,1,1,2,0,2,0,0,0,1,1,1,2
83,-1639.833,6231.362,-141.842,18.703,0.947172,-0.320491,0.012271,0.320720,0.946696,-0.030091,-0.001973,0.032437,0.999472,1,0.00000,0.00000,60.000,0.921,-1,350.000,-1,350.000,475.000,300.000,300.000,275.000,275.000,325.000,-1,-1,-1,625.000,600.000,-1,550.000,2,0,2,0,1,0,0,1,0,1,2,2,2,0,0,2,1
84,-1635.280,6232.882,-141.638,18.463,0.948506,-0.316517,0.012351,0.316752,0.948013,-0.030642,-0.002011,0.032977,0.999454,0,0.08000,-0.12000,4.800,-0.240,-1,350.000,-1,350.000,450.000,300.000,300.000,275.000,275.000,325.000,-1,-1,-1,625.000,600.000,-1,525.000,2,0,2,0,1,0,0,1,0,1,2,2,2,0,0,2,1
85,-1626.149,6235.847,-141.252,17.983,0.951126,-0.308554,0.012412,0.308797,0.950600,-0.031687,-0.002022,0.033971,0.999421,0,0.16000,-0.24000,9.600,-0.480,-1,350.000,-1,350.000,450.000,300.000,300.000,275.000,275.000,325.000,-1,-1,-1,625.000,600.000,-1,525.000,2,0,2,0,1,0,0,1,0,1,2,2,2,0,0,2,1
86,-1612.397,6240.120,-140.721,17.263,0.954932,-0.296571,0.012265,0.296819,0.954360,-0.033109,-0.001886,0.035257,0.999376,0,0.24000,-0.36000,14.400,-0.720,-1,350.000,-1,350.000,450.000,300.000,300.000,300.000,275.000,325.000,-1,-1,-1,625.000,600.000,-1,500.000,2,0,2,0,1,0,0,1,0,1,2,2,2,0,0,2,1
87,-1593.970,6245.511,-140.104,16.303,0.959776,-0.280526,0.011645,0.280764,0.959148,-0.034727,-0.001428,0.036600,0.999329,0,0.32000,-0.48000,19.200,-0.960,-1,350.000,-1,350.000,425.000,300.000,300.000,325.000,275.000,325.000,-1,-1,-1,625.000,600.000,-1,475.000,2,0,2,0,1,0,0,1,0,1,2,2,2,0,1,2,1
88,-1570.798,6251.765,-139.471,15.103,0.965455,-0.260367,0.010234,0.260568,0.964773,-0.036284,-0.000426,0.037698,0.999289,0,0.40000,-0.60000,24.000,-1.200,-1,375.000,-1,350.000,400.000,300.000,300.000,350.000,275.000,325.000,-1,-1,-1,625.000,575.000,-1,475.000,2,0,2,0,1,0,0,1,0,1,2,2,2,0,1,2,1
89,-1542.813,6258.568,-138.912,13.663,0.971714,-0.236036,0.007685,0.236157,0.970993,-0.037440,0.001375,0.038196,0.999269,0,0.48000,-0.72000,28.800,-1.440,-1,375.000,-1,350.000,400.000,300.000,300.000,375.000,275.000,325.000,-1,-1,-1,650.000,575.000,-1,450.000,2,0,2,1,1,0,0,1,0,1,2,2,2,0,1,2,1
90,-1509.954,6265.586,-138.528,12.057,0.977965,-0.208735,0.003674,0.208723,0.977248,-0.037694,0.004278,0.037630,0.999283,0,0.56000,-0.80298,33.600,-1.606,-1,375.000,-1,350.000,375.000,300.000,300.000,400.000,275.000,350.000,-1,-1,-1,650.000,550.000,-1,425.000,2,0,2,1,1,0,0,1,0,1,2,2,2,0,1,2,1
91,-1472.190,6272.547,-138.408,10.444,0.983451,-0.181162,-0.001968,0.180971,0.982811,-0.036502,0.008547,0.035542,0.999332,0,0.64000,-0.80639,38.400,-1.613,-1,375.000,-1,350.000,350.000,300.000,300.000,375.000,275.000,350.000,-1,-1,-1,650.000,525.000,-1,400.000,2,0,2,1,1,0,0,1,0,1,2,2,2,0,1,2,1
92,-1429.501,6279.172,-138.598,8.823,0.988135,-0.153306,-0.009283,0.152918,0.987669,-0.033560,0.014313,0.031743,0.999394,0,0.72000,-0.81054,43.200,-1.621,-1,375.000,-1,350.000,325.000,300.000,300.000,375.000,275.000,350.000,-1,-1,-1,675.000,525.000,-1,375.000,2,0,2,1,1,0,0,1,0,1,2,2,2,0,1,2,1
93,-1381.904,6285.387,-139.104,7.442,0.991418,-0.129478,-0.018079,0.128933,0.991241,-0.028611,0.021625,0.026034,0.999427,0,0.80000,-0.69054,48.000,-1.381,-1,375.000,-1,350.000,300.000,300.000,300.000,350.000,300.000,375.000,-1,-1,-1,675.000,500.000,-1,350.000,2,0,2,1,1,0,0,0,0,1,2,2,2,0,1,2,1
94,-1333.735,6290.704,-139.816,6.301,0.993584,-0.109729,-0.027377,0.109138,0.993778,-0.022225,0.029645,0.019094,0.999378,0,0.80768,-0.57054,48.461,-1.141,-1,375.000,-1,350.000,275.000,325.000,325.000,325.000,300.000,375.000,350.000,-1,-1,700.000,500.000,-1,325.000,2,0,2,1,1,0,0,0,0,1,1,2,2,0,1,2,1
95,-1285.515,6295.259,-138.249,5.400,0.994712,-0.094103,-0.041137,0.093759,0.995543,-0.010215,0.041914,0.006304,0.999101,0,0.80722,-0.45054,48.433,-0.901,-1,400.000,-1,350.000,275.000,325.000,350.000,300.000,325.000,400.000,200.000,600.000,-1,750.000,525.000,-1,325.000,2,0,2,1,1,0,0,0,0,1,1,0,2,0,1,2,1
96,-1237.204,6299.263,-134.688,4.739,0.995461,-0.082612,-0.047249,0.082470,0.996581,-0.004949,0.047497,0.001030,0.998871,0,0.80794,-0.33054,48.476,-0.661,-1,400.000,-1,375.000,275.000,350.000,350.000,300.000,350.000,425.000,200.000,525.000,-1,800.000,525.000,-1,300.000,2,0,2,1,1,0,0,0,0,1,1,0,2,0,1,2,1
97,-1184.047,6302.828,-130.738,3.838,0.996305,-0.066929,-0.053818,0.067094,0.997746,0.001271,0.053612,-0.004877,0.998550,0,0.88794,-0.45054,53.276,-0.901,-1,425.000,-1,375.000,250.000,350.000,375.000,275.000,350.000,475.000,225.000,475.000,-1,875.000,500.000,-1,300.000,2,0,2,1,1,0,0,0,0,1,1,0,2,0,1,2,1
98,-1126.039,6305.674,-126.316,2.809,0.996934,-0.049000,-0.061009,0.049625,0.998729,0.008772,0.060502,-0.011773,0.998099,0,0.96794,-0.51442,58.076,-1.029,-1,450.000,-1,375.000,225.000,375.000,400.000,275.000,375.000,525.000,250.000,425.000,-1,950.000,500.000,-1,275.000,2,0,2,1,1,0,0,0,0,1,1,0,2,0,1,2,1
99,-1066.067,6307.522,-121.586,1.766,0.997169,-0.030810,-0.068588,0.032077,0.999333,0.017444,0.068004,-0.019595,0.997493,0,1.00000,-0.52144,60.000,-1.043,-1,450.000,-1,375.000,200.000,400.000,425.000,275.000,425.000,550.000,275.000,400.000,-1,-1,500.000,-1,250.000,2,0,2,1,1,0,0,0,0,1,1,1,2,2,1,2,1
100,-1006.070,6308.264,-116.644,0.707,0.997000,-0.012342,-0.076417,0.014464,0.999523,0.027285,0.076044,-0.028308,0.996703,0,1.00000,-0.52924,60.000,-1.058,-1,500.000,-1,350.000,175.000,425.000,450.000,275.000,400.000,575.000,225.000,350.000,-1,-1,500.000,-1,225.000,2,0,2,1,1,0,0,0,1,1,0,1,2,2,1,2,1
101,-946.069,6307.880,-111.446,-0.368,0.996395,0.006412,-0.084588,-0.003159,0.999252,0.038529,0.084772,-0.038123,0.995671,0,1.00000,-0.53753,60.000,-1.075,-1,525.000,-1,350.000,175.000,450.000,475.000,250.000,350.000,575.000,175.000,325.000,-1,-1,525.000,-1,200.000,2,0,2,1,1,0,1,0,1,1,0,0,2,2,1,2,1
102,-886.087,6306.353,-105.945,-1.460,0.995325,0.025455,-0.093171,-0.020722,0.998462,0.051425,0.094337,-0.049254,0.994321,0,1.00000,-0.54639,60.000,-1.093,-1,575.000,-1,375.000,150.000,500.000,500.000,250.000,300.000,550.000,125.000,275.000,-1,-1,525.000,-1,200.000,2,0,2,1,1,0,1,0,1,1,0,0,2,2,1,2,1
103,-830.929,6304.129,-100.676,-2.313,0.994025,0.040288,-0.101449,-0.033855,0.997353,0.064346,0.103773,-0.060527,0.992758,0,0.92000,-0.42639,55.200,-0.853,-1,600.000,-1,375.000,150.000,525.000,500.000,250.000,275.000,500.000,100.000,250.000,-1,-1,525.000,-1,175.000,2,0,2,1,1,0,1,0,1,1,0,0,2,2,1,2,1
104,-780.592,6301.560,-95.730,-2.926,0.992698,0.050914,-0.109351,-0.042632,0.996136,0.076785,0.112838,-0.071562,0.991033,0,0.84000,-0.30639,50.400,-0.613,-1,650.000,-1,375.000,125.000,575.000,500.000,250.000,250.000,475.000,75.000,225.000,-1,-1,550.000,-1,175.000,2,0,2,1,1,0,1,0,1,1,0,0,2,2,1,2,1
105,-735.065,6298.941,-91.196,-3.299,0.991498,0.057348,-0.116804,-0.047156,0.994984,0.088226,0.121278,-0.081968,0.989228,0,0.76000,-0.18639,45.600,-0.373,-1,700.000,-1,400.000,125.000,600.000,525.000,225.000,225.000,400.000,50.000,225.000,-1,-1,575.000,-1,150.000,2,0,2,1,1,0,1,0,1,0,0,0,2,2,1,2,1
106,-694.344,6296.346,-87.001,-3.655,0.990289,0.063477,-0.123685,-0.051307,0.993743,0.099208,0.129208,-0.091898,0.987350,0,0.68000,-0.17808,40.800,-0.356,-1,725.000,-1,400.000,100.000,650.000,550.000,225.000,225.000,350.000,50.000,200.000,-1,-1,575.000,-1,150.000,2,0,2,1,1,0,1,0,1,0,0,0,2,2,1,2,1
107,327.951,-9511.038,-7.221,144.217,-0.811630,-0.583426,-0.029519,0.584058,-0.809436,-0.060744,0.011546,-0.066542,0.997717,1,0.00000,0.00000,36.000,-0.375,-1,400.000,-1,400.000,-1,325.000,325.000,300.000,300.000,-1,-1,-1,-1,850.000,900.000,-1,-1,2,0,2,0,2,0,0,0,0,2,2,2,2,0,0,2,2
108,324.045,-9508.247,-7.185,144.457,-0.814059,-0.580033,-0.029492,0.580675,-0.811877,-0.060596,0.011204,-0.066454,0.997727,0,0.08000,0.12000,4.800,0.240,-1,400.000,-1,400.000,-1,325.000,325.000,300.000,300.000,-1,-1,-1,-1,850.000,900.000,-1,-1,2,0,2,0,2,0,0,0,0,2,2,2,2,0,0,2,2
109,316.188,-9502.733,-7.118,144.937,-0.818873,-0.573218,-0.029445,0.573878,-0.816718,-0.060301,0.010517,-0.066277,0.997746,0,0.16000,0.24000,9.600,0.480,-1,400.000,-1,400.000,-1,325.000,325.000,300.000,300.000,-1,-1,-1,-1,850.000,900.000,-1,-1,2,0,2,0,2,0,0,0,0,2,2,2,2,0,0,2,2
110,304.298,-9494.609,-7.030,145.657,-0.825989,-0.562920,-0.029389,0.563607,-0.823871,-0.059858,0.009483,-0.066006,0.997774,0,0.24000,0.36000,14.400,0.720,-1,400.000,-1,400.000,-1,325.000,325.000,300.000,300.000,-1,-1,-1,-1,850.000,900.000,-1,-1,2,0,2,0,2,0,0,0,0,2,2,2,2,0,0,2,2
111,288.267,-9484.045,-6.934,146.617,-0.835274,-0.549051,-0.029339,0.549775,-0.833207,-0.059268,0.008096,-0.065635,0.997811,0,0.32000,0.48000,19.200,0.960,-1,400.000,-1,400.000,-1,325.000,325.000,300.000,300.000,-1,-1,-1,-1,850.000,900.000,-1,-1,2,0,2,0,2,0,0,0,0,2,2,2,2,0,0,2,2
112,267.992,-9471.202,-6.840,147.649,-0.844994,-0.533971,-0.029322,0.534736,-0.842989,-0.058540,0.006540,-0.065146,0.997854,0,0.40000,0.51604,24.000,1.032,-1,400.000,-1,400.000,-1,325.000,325.000,300.000,300.000,-1,-1,-1,-1,850.000,900.000,-1,-1,2,0,2,0,2,0,0,0,0,2,2,2,2,0,0,2,2
113,243.395,-9456.223,-6.756,148.661,-0.854260,-0.519017,-0.029358,0.519823,-0.852324,-0.057682,0.004916,-0.064536,0.997903,0,0.48000,0.50610,28.800,1.012,-1,400.000,-1,400.000,-1,325.000,325.000,300.000,300.000,-1,-1,-1,-1,850.000,900.000,-1,-1,2,0,2,0,2,0,0,0,0,2,2,2,2,0,0,2,2
114,214.400,-9439.246,-6.707,149.649,-0.863048,-0.504259,-0.029517,0.505112,-0.861188,-0.056720,0.003182,-0.063861,0.997954,0,0.56000,0.49420,33.600,0.988,-1,400.000,-1,400.000,-1,325.000,325.000,300.000,300.000,-1,-1,-1,-1,850.000,925.000,-1,-1,2,0,2,0,2,0,0,0,0,2,2,2,2,0,0,2,2
115,180.943,-9420.401,-6.728,150.610,-0.871339,-0.489769,-0.029919,0.490680,-0.869557,-0.055704,0.001266,-0.063217,0.997999,0,0.64000,0.48036,38.400,0.961,-1,400.000,-1,400.000,-1,325.000,325.000,300.000,300.000,-1,-1,-1,-1,850.000,925.000,-1,-1,2,0,2,0,2,0,0,0,0,2,2,2,2,0,0,2,2
116,142.964,-9399.814,-6.811,151.539,-0.879122,-0.475623,-0.030440,0.476596,-0.877423,-0.054633,-0.000724,-0.062537,0.998042,0,0.72000,0.46460,43.200,0.929,-1,400.000,-1,400.000,-1,325.000,325.000,300.000,300.000,-1,-1,-1,-1,850.000,925.000,-1,-1,2,0,2,0,2,0,0,0,0,2,2,2,2,0,0,2,2
117,100.512,-9377.651,-6.967,152.433,-0.886388,-0.461899,-0.031089,0.462935,-0.884775,-0.053511,-0.002790,-0.061823,0.998083,0,0.79815,0.44692,47.889,0.894,-1,400.000,-1,425.000,-1,325.000,325.000,300.000,300.000,-1,-1,-1,-1,850.000,925.000,-1,-1,2,0,2,0,2,0,0,0,0,2,2,2,2,0,0,2,2
118,57.009,-9355.760,-7.232,153.288,-0.893127,-0.448663,-0.032017,0.449776,-0.891596,-0.052523,-0.004981,-0.061310,0.998106,0,0.81170,0.42737,48.702,0.855,-1,400.000,-1,425.000,-1,325.000,325.000,300.000,300.000,-1,-1,-1,-1,850.000,925.000,-1,-1,2,0,2,0,2,0,0,0,0,2,2,2,2,0,0,2,2
119,12.460,-9334.131,-7.592,154.103,-0.899363,-0.435944,-0.033156,0.437143,-0.897908,-0.051654,-0.007253,-0.060949,0.998115,0,0.82537,0.40754,49.522,0.815,-1,400.000,-1,425.000,-1,325.000,325.000,300.000,300.000,-1,-1,-1,-1,850.000,925.000,-1,-1,2,0,2,0,2,0,0,0,0,2,2,2,2,0,0,2,2
120,-34.537,-9311.893,-8.034,154.678,-0.903635,-0.426917,-0.034448,0.428201,-0.902252,-0.050841,-0.009375,-0.060693,0.998112,0,0.86655,0.28754,51.993,0.575,-1,400.000,-1,425.000,-1,325.000,325.000,300.000,300.000,-1,-1,-1,-1,850.000,925.000,-1,-1,2,0,2,0,2,0,0,0,0,2,2,2,2,0,0,2,2
121,-81.664,-9289.931,-8.571,155.013,-0.906062,-0.421640,-0.035646,0.422997,-0.904749,-0.050024,-0.011159,-0.060403,0.998112,0,0.86655,0.16754,51.993,0.335,-1,400.000,-1,425.000,-1,325.000,325.000,300.000,300.000,-1,-1,-1,-1,850.000,925.000,-1,-1,2,0,2,0,2,0,0,0,0,2,2,2,2,0,0,2,2
122,-128.891,-9268.185,-9.244,155.276,-0.907943,-0.417498,-0.036534,0.418903,-0.906703,-0.049079,-0.012635,-0.059865,0.998126,0,0.86655,0.13143,51.993,0.263,-1,400.000,-1,425.000,-1,325.000,325.000,300.000,300.000,-1,-1,-1,-1,850.000,950.000,-1,-1,2,0,2,0,2,0,0,0,0,2,2,2,2,0,0,2,2
123,-176.217,-9246.655,-10.141,155.539,-0.909788,-0.413362,-0.037649,0.414816,-0.908671,-0.047382,-0.014625,-0.058724,0.998167,0,0.86655,0.13143,51.993,0.263,-1,400.000,-1,425.000,-1,325.000,325.000,300.000,300.000,-1,-1,-1,-1,850.000,950.000,-1,-1,2,0,2,0,2,0,0,0,0,2,2,2,2,0,0,2,2
124,-223.641,-9225.343,-11.123,155.802,-0.911610,-0.409219,-0.038835,0.410717,-0.910623,-0.045568,-0.016717,-0.057490,0.998206,0,0.86655,0.13143,51.993,0.263,-1,400.000,-1,425.000,-1,325.000,325.000,300.000,300.000,-1,-1,-1,-1,850.000,950.000,-1,-1,2,0,2,0,2,0,0,0,0,2,2,2,2,0,0,2,2
125,-271.163,-9204.248,-12.186,156.065,-0.913408,-0.405067,-0.040092,0.406607,-0.912560,-0.043651,-0.018905,-0.056172,0.998242,0,0.86655,0.13143,51.993,0.263,-1,400.000,-1,425.000,-1,325.000,325.000,300.000,300.000,-1,-1,-1,-1,850.000,950.000,-1,-1,2,0,2,0,2,0,0,0,0,2,2,2,2,0,0,2,2
126,-318.780,-9183.372,-13.350,156.327,-0.915180,-0.400909,-0.041443,0.402485,-0.914483,-0.041544,-0.021244,-0.054701,0.998277,0,0.86655,0.13143,51.993,0.263,-1,400.000,-1,425.000,-1,325.000,325.000,300.000,300.000,-1,-1,-1,-1,850.000,950.000,-1,-1,2,0,2,0,2,0,0,0,0,2,2,2,2,0,0,2,2
127,-366.493,-9162.714,-14.567,156.590,-0.916931,-0.396740,-0.042831,0.398348,-0.916385,-0.039469,-0.023591,-0.053252,0.998302,0,0.86655,0.13143,51.993,0.263,-1,400.000,-1,425.000,-1,325.000,325.000,300.000,300.000,-1,-1,-1,-1,850.000,950.000,-1,-1,2,0,2,0,2,0,0,0,0,2,2,2,2,0,0,2,2
128,-414.301,-9142.275,-15.834,156.853,-0.918661,-0.392561,-0.044254,0.394195,-0.918264,-0.037425,-0.025946,-0.051826,0.998319,0,0.86655,0.13143,51.993,0.263,-1,400.000,-1,425.000,-1,325.000,325.000,300.000,300.000,-1,-1,-1,-1,850.000,950.000,-1,-1,2,0,2,0,2,0,0,0,0,2,2,2,2,0,0,2,2
129,-462.202,-9122.056,-17.213,157.116,-0.920374,-0.388368,-0.045629,0.390027,-0.920111,-0.035711,-0.028114,-0.050664,0.998320,0,0.86655,0.13143,51.993,0.263,-1,400.000,-1,425.000,-1,325.000,325.000,300.000,300.000,-1,-1,-1,-1,850.000,925.000,-1,-1,2,0,2,0,2,0,0,0,0,2,2,2,2,0,0,2,2
130,-510.195,-9102.058,-18.659,157.379,-0.922068,-0.384163,-0.047009,0.385846,-0.921932,-0.034114,-0.030234,-0.049594,0.998312,0,0.86655,0.13143,51.993,0.263,-1,400.000,-1,425.000,-1,325.000,325.000,300.000,300.000,-1,-1,-1,-1,850.000,925.000,-1,-1,2,0,2,0,2,0,0,0,0,2,2,2,2,0,0,2,2
131,-558.279,-9082.279,-20.213,157.642,-0.923746,-0.379944,-0.048335,0.381653,-0.923722,-0.032838,-0.032171,-0.048781,0.998291,0,0.86655,0.13143,51.993,0.263,-1,400.000,-1,425.000,-1,325.000,325.000,300.000,300.000,-1,-1,-1,-1,850.000,925.000,-1,-1,2,0,2,0,2,0,0,0,0,2,2,2,2,0,0,2,2
132,-606.454,-9062.722,-21.925,157.905,-0.925384,-0.375709,-0.050068,0.377471,-0.925471,-0.031915,-0.034346,-0.048432,0.998236,0,0.86655,0.13143,51.993,0.263,-1,400.000,-1,425.000,-1,325.000,325.000,300.000,300.000,-1,-1,-1,-1,875.000,925.000,-1,-1,2,0,2,0,2,0,0,0,0,2,2,2,2,0,0,2,2
133,-654.718,-9043.386,-23.769,158.167,-0.926982,-0.371459,-0.052180,0.373299,-0.927184,-0.031253,-0.036772,-0.048449,0.998149,0,0.86655,0.13143,51.993,0.263,-1,400.000,-1,425.000,-1,325.000,325.000,300.000,300.000,-1,-1,-1,-1,875.000,925.000,-1,-1,2,0,2,0,2,0,0,0,0,2,2,2,2,0,0,2,2
134,-703.070,-9024.272,-25.666,158.430,-0.928555,-0.367200,-0.054308,0.369120,-0.928876,-0.030650,-0.039191,-0.048506,0.998054,0,0.86655,0.13143,51.993,0.263,-1,400.000,-1,425.000,-1,325.000,325.000,300.000,300.000,-1,-1,-1,-1,850.000,925.000,-1,-1,2,0,2,0,2,0,0,0,0,2,2,2,2,0,0,2,2
135,-751.509,-9005.380,-27.763,158.693,-0.930136,-0.362942,-0.055853,0.364899,-0.930571,-0.029760,-0.041174,-0.048062,0.997995,0,0.86655,0.13143,51.993,0.263,-1,400.000,-1,425.000,-1,325.000,325.000,300.000,300.000,-1,-1,-1,-1,875.000,950.000,-1,-1,2,0,2,0,2,0,0,0,0,2,2,2,2,0,0,2,2
136,-800.034,-8986.709,-30.099,158.956,-0.931693,-0.358688,-0.057366,0.360649,-0.932275,-0.028197,-0.043367,-0.046960,0.997955,0,0.86655,0.13143,51.993,0.263,-1,400.000,-1,425.000,-1,325.000,325.000,300.000,300.000,-1,-1,-1,-1,875.000,950.000,-1,-1,2,0,2,0,2,0,0,0,0,2,2,2,2,0,0,2,2
137,-848.645,-8968.262,-32.579,159.219,-0.933222,-0.354430,-0.058949,0.356376,-0.933972,-0.026294,-0.045737,-0.045547,0.997915,0,0.86655,0.13143,51.993,0.263,-1,400.000,-1,425.000,-1,325.000,325.000,300.000,300.000,-1,-1,-1,-1,875.000,925.000,-1,-1,2,0,2,0,2,0,0,0,0,2,2,2,2,0,0,2,2
