timestep,x_cm,y_cm,z_cm,yaw_deg,basis_xx,basis_xy,basis_xz,basis_yx,basis_yy,basis_yz,basis_zx,basis_zy,basis_zz,teleport_flag,throttle_cmd,steering_cmd,cmd_move_cm,cmd_turn_deg,lidar_cm_0,lidar_cm_1,lidar_cm_2,lidar_cm_3,lidar_cm_4,lidar_cm_5,lidar_cm_6,lidar_cm_7,lidar_cm_8,lidar_cm_9,lidar_cm_10,lidar_cm_11,lidar_cm_12,lidar_cm_13,lidar_cm_14,lidar_cm_15,lidar_cm_16,lidar_class_0,lidar_class_1,lidar_class_2,lidar_class_3,lidar_class_4,lidar_class_5,lidar_class_6,lidar_class_7,lidar_class_8,lidar_class_9,lidar_class_10,lidar_class_11,lidar_class_12,lidar_class_13,lidar_class_14,lidar_class_15,lidar_class_16
0,2949.601,332.286,144.374,115.174,-0.425358,-0.900879,0.086525,0.905025,-0.423419,0.040573,0.000085,0.095565,0.995423,1,0.08000,0.12000,4.800,0.240,475.000,400.000,-1,375.000,450.000,325.000,325.000,300.000,300.000,-1,-1,-1,700.000,700.000,450.000,600.000,425.000,1,0,2,1,1,0,0,0,0,2,2,2,1,1,1,1,1
1,2945.464,340.948,144.359,115.528,-0.430901,-0.898251,0.086420,0.902399,-0.428992,0.040526,0.000671,0.095448,0.995434,0,0.16000,0.17732,9.600,0.355,475.000,400.000,-1,375.000,425.000,325.000,325.000,300.000,300.000,-1,-1,-1,725.000,700.000,450.000,600.000,425.000,1,0,2,1,1,0,0,0,0,2,2,2,1,1,1,1,1
2,2939.179,353.904,144.341,115.880,-0.436379,-0.895621,0.086235,0.899762,-0.434501,0.040460,0.001233,0.095247,0.995453,0,0.24000,0.17570,14.400,0.351,450.000,400.000,-1,375.000,400.000,325.000,325.000,300.000,300.000,-1,-1,-1,750.000,675.000,450.000,575.000,400.000,1,0,2,1,1,0,0,0,0,2,2,2,1,1,1,1,1
3,2930.694,371.127,144.327,116.227,-0.441778,-0.892996,0.085964,0.897123,-0.439932,0.040378,0.001761,0.094959,0.995480,0,0.32000,0.17359,19.200,0.347,450.000,400.000,-1,350.000,400.000,325.000,325.000,300.000,300.000,-1,-1,-1,775.000,675.000,425.000,550.000,375.000,1,0,2,1,1,0,0,0,0,2,2,2,1,1,1,1,1
4,2919.960,392.592,144.320,116.569,-0.447083,-0.890387,0.085599,0.894490,-0.445269,0.040288,0.002243,0.094580,0.995515,0,0.40000,0.17096,24.000,0.342,425.000,400.000,-1,350.000,375.000,325.000,325.000,300.000,300.000,-1,-1,-1,800.000,650.000,425.000,525.000,350.000,1,0,2,1,1,0,0,0,0,2,2,2,1,1,1,1,1
5,2906.929,418.275,144.325,116.904,-0.452278,-0.887805,0.085131,0.891873,-0.450496,0.040197,0.002664,0.094106,0.995559,0,0.48000,0.16775,28.800,0.336,400.000,400.000,-1,325.000,325.000,325.000,325.000,300.000,300.000,-1,-1,-1,825.000,650.000,400.000,525.000,325.000,1,0,2,1,1,0,1,0,0,2,2,2,1,1,1,1,1
6,2891.554,448.151,144.347,117.232,-0.457346,-0.885261,0.084547,0.889284,-0.455593,0.040117,0.003005,0.093534,0.995612,0,0.56000,0.16392,33.600,0.328,375.000,400.000,-1,300.000,300.000,325.000,300.000,300.000,300.000,-1,-1,-1,875.000,625.000,400.000,475.000,300.000,1,0,2,1,1,0,1,0,0,2,2,2,1,1,1,1,1
7,2873.793,482.196,144.332,117.551,-0.462281,-0.882751,0.083945,0.886728,-0.460530,0.040315,0.003072,0.093073,0.995655,0,0.64000,0.15936,38.400,0.319,375.000,400.000,-1,300.000,275.000,325.000,300.000,300.000,300.000,-1,-1,-1,925.000,600.000,375.000,450.000,275.000,1,1,2,1,1,1,1,0,0,2,2,2,1,1,1,1,1
8,2853.607,520.389,144.327,117.859,-0.467075,-0.880305,0.083091,0.884214,-0.465292,0.040867,0.002686,0.092558,0.995704,0,0.72000,0.15400,43.200,0.308,325.000,400.000,-1,275.000,225.000,325.000,275.000,300.000,300.000,-1,-1,-1,1000.000,575.000,350.000,425.000,225.000,1,1,2,1,1,1,1,0,0,2,2,2,1,1,1,1,1
9,2830.959,562.710,144.363,118.154,-0.471685,-0.877950,0.081962,0.881765,-0.469854,0.041566,0.002018,0.091878,0.995768,0,0.80000,0.14771,48.000,0.295,300.000,400.000,-1,250.000,175.000,300.000,250.000,300.000,300.000,-1,-1,-1,-1,550.000,325.000,375.000,200.000,1,1,2,1,1,1,1,0,0,2,2,2,2,1,1,1,1
10,2805.829,609.146,148.116,118.435,-0.475297,-0.876713,0.073941,0.879741,-0.474732,0.026174,0.012155,0.077490,0.996919,0,0.88000,0.14035,52.800,0.281,275.000,425.000,-1,250.000,150.000,325.000,250.000,300.000,350.000,-1,-1,-1,-1,550.000,325.000,350.000,175.000,1,1,2,1,1,1,1,0,0,2,2,2,2,1,1,1,1
11,2778.294,658.948,154.325,118.956,-0.482506,-0.873713,0.061744,0.875385,-0.483427,0.000034,0.029819,0.054066,0.998092,0,0.94843,0.26035,56.906,0.521,250.000,425.000,-1,275.000,150.000,350.000,275.000,275.000,400.000,-1,250.000,550.000,-1,575.000,375.000,325.000,175.000,1,1,2,1,1,1,1,0,1,2,0,0,2,1,1,1,1
12,2750.079,708.404,159.715,119.717,-0.493870,-0.867993,0.051776,0.868355,-0.495426,-0.022645,0.045307,0.033776,0.998402,0,0.94896,0.38035,56.938,0.761,225.000,425.000,-1,300.000,150.000,400.000,300.000,250.000,400.000,-1,125.000,375.000,-1,600.000,450.000,275.000,175.000,1,1,2,1,1,1,1,1,1,2,0,0,2,1,1,1,1
13,2721.033,757.303,164.148,120.717,-0.509082,-0.859576,0.044331,0.858740,-0.510728,-0.041506,0.058318,0.016939,0.998154,0,0.94789,0.50035,56.873,1.001,175.000,400.000,-1,325.000,150.000,475.000,350.000,250.000,375.000,675.000,75.000,325.000,-1,650.000,575.000,250.000,175.000,1,1,2,1,1,1,1,1,1,0,0,0,2,1,1,1,1
14,2691.026,805.407,168.622,121.958,-0.527384,-0.848406,0.045536,0.846546,-0.529276,-0.056796,0.072288,0.008595,0.997347,0,0.94488,0.62035,56.693,1.241,150.000,400.000,-1,400.000,150.000,475.000,475.000,225.000,325.000,575.000,75.000,250.000,-1,-1,-1,200.000,200.000,1,1,2,1,1,1,1,1,1,0,0,0,2,2,2,1,1
15,2660.001,852.483,177.531,123.377,-0.545030,-0.834757,0.078253,0.832349,-0.549932,-0.069060,0.100682,0.027494,0.994539,0,0.93958,0.70937,56.375,1.419,150.000,450.000,-1,650.000,175.000,550.000,675.000,225.000,250.000,600.000,75.000,150.000,-1,-1,-1,225.000,-1,1,1,2,1,1,1,0,1,1,0,0,0,2,2,2,1,2
16,-9510.702,-328.373,431.028,-122.109,-0.560467,0.827656,-0.029361,-0.745044,-0.519371,-0.418525,-0.361644,-0.212695,0.907730,1,0.00000,0.00000,55.909,1.383,75.000,150.000,275.000,225.000,-1,150.000,200.000,300.000,-1,-1,100.000,25.000,-1,200.000,300.000,75.000,400.000,0,1,1,1,2,1,1,0,2,2,1,1,2,1,1,0,1
17,-2948.256,987.248,42.014,44.130,0.717362,-0.695675,0.037803,0.696600,0.717127,-0.021865,-0.011898,0.042019,0.999046,1,0.08000,-0.12000,4.800,-0.240,375.000,400.000,825.000,375.000,775.000,325.000,325.000,300.000,275.000,-1,600.000,725.000,-1,500.000,650.000,425.000,1000.000,1,0,1,0,0,0,0,0,0,2,1,1,2,1,0,1,0
18,-2941.310,993.874,41.993,43.650,0.723153,-0.689644,0.037963,0.690576,0.722931,-0.021782,-0.012423,0.041968,0.999042,0,0.16000,-0.24000,9.600,-0.480,375.000,400.000,825.000,375.000,750.000,325.000,325.000,300.000,275.000,-1,600.000,725.000,-1,500.000,650.000,400.000,975.000,1,0,1,0,0,0,0,0,0,2,1,1,2,1,0,1,0
19,-2930.766,1003.682,41.948,42.930,0.731745,-0.680508,0.038180,0.681451,0.731543,-0.021664,-0.013188,0.041870,0.999036,0,0.24000,-0.36000,14.400,-0.720,350.000,400.000,825.000,375.000,725.000,325.000,325.000,300.000,275.000,-1,625.000,725.000,-1,500.000,650.000,400.000,950.000,1,0,1,0,0,0,0,0,0,2,1,1,2,1,0,1,0
20,-2916.491,1016.522,41.706,41.970,0.743049,-0.668178,0.037624,0.669097,0.742867,-0.021383,-0.013662,0.041063,0.999063,0,0.32000,-0.48000,19.200,-0.960,350.000,425.000,825.000,375.000,725.000,325.000,325.000,300.000,275.000,-1,625.000,725.000,-1,475.000,625.000,400.000,925.000,1,1,1,0,0,0,0,0,0,2,1,1,2,1,0,1,0
21,-2898.315,1032.195,41.367,40.773,0.756850,-0.652548,0.036881,0.653435,0.756691,-0.021009,-0.014198,0.040000,0.999099,0,0.40000,-0.59829,24.000,-1.197,325.000,425.000,825.000,375.000,700.000,325.000,325.000,300.000,275.000,-1,625.000,750.000,-1,475.000,625.000,375.000,875.000,1,1,1,0,0,0,0,0,0,2,1,1,2,1,0,1,0
22,-2876.127,1050.556,40.903,39.609,0.769967,-0.637066,0.036021,0.637915,0.769833,-0.020536,-0.014647,0.038790,0.999140,0,0.48000,-0.58222,28.800,-1.164,325.000,425.000,825.000,375.000,675.000,325.000,325.000,300.000,275.000,-1,650.000,750.000,-1,475.000,625.000,350.000,850.000,1,1,1,0,0,0,0,0,0,2,1,1,2,1,0,1,0
23,-2849.824,1071.463,40.339,38.481,0.782374,-0.621823,0.035038,0.622625,0.782270,-0.019766,-0.015119,0.037280,0.999190,0,0.56000,-0.56403,33.600,-1.128,300.000,400.000,800.000,375.000,675.000,325.000,325.000,300.000,275.000,-1,650.000,775.000,-1,450.000,600.000,325.000,825.000,1,1,1,0,0,0,0,0,0,2,1,1,2,1,0,1,0
24,-2819.315,1094.782,39.831,37.394,0.794037,-0.606920,0.033954,0.607656,0.793999,-0.017890,-0.016101,0.034838,0.999263,0,0.64000,-0.54364,38.400,-1.087,275.000,375.000,800.000,375.000,650.000,325.000,325.000,300.000,275.000,-1,675.000,800.000,-1,450.000,600.000,300.000,775.000,1,1,1,0,0,0,0,0,0,2,1,1,2,1,0,1,0
25,-2784.521,1120.388,39.186,36.352,0.804950,-0.592436,0.032784,0.593097,0.804977,-0.015736,-0.017068,0.032111,0.999339,0,0.72000,-0.52097,43.200,-1.042,250.000,375.000,775.000,350.000,625.000,325.000,325.000,300.000,275.000,-1,725.000,825.000,-1,425.000,575.000,275.000,750.000,1,1,1,0,0,0,0,0,0,2,1,1,2,1,0,1,0
26,-2745.375,1148.165,38.383,35.360,0.815098,-0.578464,0.031527,0.579043,0.815188,-0.013330,-0.017990,0.029121,0.999414,0,0.80000,-0.49598,48.000,-0.992,225.000,350.000,750.000,350.000,600.000,325.000,300.000,300.000,275.000,-1,750.000,850.000,-1,400.000,575.000,250.000,700.000,1,1,1,0,0,0,0,0,0,2,1,1,2,1,0,1,0
27,-2701.820,1178.012,37.407,34.422,0.824471,-0.565101,0.030126,0.565591,0.824616,-0.010686,-0.018804,0.025850,0.999489,0,0.88000,-0.46869,52.800,-0.937,175.000,325.000,725.000,350.000,575.000,325.000,300.000,300.000,275.000,-1,800.000,900.000,-1,375.000,550.000,225.000,675.000,1,1,1,0,0,0,0,1,0,2,1,1,2,1,0,1,0
28,-2654.333,1209.494,37.282,33.544,0.833181,-0.552484,0.023903,0.552757,0.833318,-0.006360,-0.016405,0.018512,0.999694,0,0.94958,-0.43918,56.975,-0.878,150.000,300.000,700.000,350.000,600.000,325.000,300.000,275.000,300.000,-1,825.000,925.000,-1,350.000,575.000,175.000,700.000,1,1,1,0,0,0,0,1,0,2,1,1,2,1,0,1,0
29,-2607.248,1239.727,37.681,32.705,0.841314,-0.540265,0.017475,0.540418,0.841380,-0.005356,-0.011809,0.013950,0.999833,0,0.93260,-0.41943,55.956,-0.839,125.000,275.000,675.000,350.000,650.000,325.000,300.000,225.000,300.000,-1,850.000,950.000,-1,325.000,575.000,150.000,750.000,1,1,1,0,0,0,0,1,0,2,1,1,2,1,0,1,0
30,-2556.875,1270.889,44.128,31.735,0.850658,-0.525676,0.006701,0.525549,0.849989,-0.036300,0.013386,0.034401,0.999318,0,0.98720,-0.48524,59.232,-0.970,125.000,275.000,725.000,375.000,800.000,325.000,350.000,225.000,300.000,-1,275.000,325.000,-1,325.000,675.000,125.000,-1,1,1,1,0,0,1,0,1,0,2,0,0,2,1,0,1,2
31,-2506.694,1300.815,50.470,30.795,0.859455,-0.511199,-0.003507,0.509885,0.857699,-0.066105,0.036801,0.055026,0.997806,0,0.97376,-0.46966,58.425,-0.939,100.000,275.000,-1,425.000,975.000,325.000,375.000,200.000,275.000,-1,225.000,175.000,-1,325.000,750.000,125.000,-1,1,1,2,0,0,1,0,1,0,2,0,0,2,1,0,1,2
32,-2456.842,1329.492,56.597,29.887,0.867721,-0.496867,-0.013573,0.493569,0.864546,-0.094602,0.058739,0.075388,0.995423,0,0.95849,-0.45443,57.509,-0.909,100.000,300.000,-1,475.000,-1,325.000,425.000,200.000,250.000,-1,200.000,100.000,775.000,350.000,850.000,125.000,-1,1,1,2,0,2,1,0,1,0,2,0,0,0,1,0,1,2
33,-2407.442,1356.919,62.770,29.007,0.875467,-0.482653,-0.024583,0.476420,0.870464,-0.123759,0.081132,0.096635,0.992008,0,0.94163,-0.43960,56.498,-0.879,100.000,300.000,-1,500.000,-1,350.000,450.000,200.000,250.000,-1,175.000,75.000,500.000,350.000,950.000,125.000,-1,1,1,2,0,2,1,1,1,0,2,0,0,0,1,0,1,2
34,-2358.604,1383.101,68.490,28.157,0.882645,-0.468655,-0.036066,0.458747,0.875616,-0.151152,0.102418,0.116868,0.987852,0,0.92346,-0.42520,55.408,-0.850,100.000,300.000,-1,550.000,-1,350.000,475.000,175.000,250.000,-1,150.000,50.000,375.000,375.000,-1,125.000,-1,1,1,2,0,2,1,1,1,0,2,0,0,0,1,2,1,2
35,-2310.418,1408.054,73.677,27.334,0.889231,-0.454965,-0.047695,0.440906,0.880179,-0.175748,0.121939,0.135251,0.983279,0,0.90427,-0.41126,54.256,-0.823,100.000,325.000,-1,600.000,-1,350.000,475.000,175.000,225.000,-1,150.000,25.000,300.000,400.000,-1,125.000,-1,1,1,2,0,2,1,1,1,0,2,0,0,0,1,2,1,2
36,-2262.960,1431.803,78.364,26.539,0.895238,-0.441619,-0.059349,0.423093,0.884253,-0.197708,0.139791,0.151885,0.978463,0,0.88434,-0.39786,53.060,-0.796,100.000,325.000,-1,625.000,-1,375.000,500.000,175.000,225.000,-1,150.000,25.000,250.000,425.000,-1,125.000,-1,1,1,2,0,2,1,1,1,0,2,0,0,0,1,2,1,2
37,-5575.293,5574.986,348.048,-160.355,-0.944033,0.326174,-0.049115,-0.301521,-0.913707,-0.272442,-0.133740,-0.242385,0.960918,1,0.00000,0.00000,51.837,-0.770,175.000,350.000,-1,725.000,-1,375.000,475.000,175.000,100.000,-1,-1,-1,-1,525.000,-1,250.000,-1,0,0,2,1,2,0,0,0,1,2,2,2,2,0,2,0,2
38,9514.029,2299.504,20.267,51.166,0.626304,-0.778965,0.030928,0.777958,0.627067,0.039596,-0.050238,-0.000739,0.998737,1,0.08000,-0.12000,4.800,-0.240,475.000,425.000,-1,425.000,425.000,325.000,350.000,350.000,350.000,500.000,-1,-1,-1,550.000,700.000,525.000,600.000,1,1,2,0,1,0,0,0,0,1,2,2,2,1,1,1,1
39,9520.111,2306.932,19.813,50.686,0.632784,-0.773684,0.031579,0.772639,0.633571,0.040212,-0.051119,-0.001047,0.998692,0,0.16000,-0.24000,9.600,-0.480,475.000,400.000,-1,425.000,425.000,325.000,350.000,350.000,350.000,500.000,-1,-1,-1,525.000,700.000,500.000,575.000,1,1,2,0,1,0,0,0,0,1,2,2,2,1,1,1,1
40,9529.367,2317.964,19.067,50.004,0.641912,-0.766089,0.032521,0.764969,0.642733,0.041432,-0.052643,-0.001718,0.998612,0,0.24000,-0.34093,14.400,-0.682,450.000,400.000,-1,425.000,400.000,325.000,325.000,325.000,350.000,500.000,-1,-1,-1,525.000,675.000,500.000,525.000,1,1,2,0,1,0,0,0,0,1,2,2,2,1,1,1,1
41,9541.880,2332.526,17.974,49.329,0.650835,-0.758461,0.033935,0.757274,0.651716,0.042449,-0.054312,-0.001929,0.998522,0,0.32000,-0.33763,19.200,-0.675,425.000,400.000,-1,425.000,400.000,325.000,325.000,325.000,350.000,500.000,-1,-1,-1,525.000,650.000,475.000,500.000,1,1,2,0,1,0,0,0,0,1,2,2,2,1,1,1,1
42,9557.732,2350.546,16.608,48.662,0.659538,-0.750820,0.035768,0.749558,0.660504,0.043548,-0.056321,-0.001911,0.998411,0,0.40000,-0.33362,24.000,-0.667,425.000,400.000,-1,425.000,375.000,325.000,325.000,325.000,350.000,525.000,-1,-1,-1,500.000,625.000,450.000,475.000,1,1,2,1,1,0,0,0,0,1,2,2,2,1,1,1,1
43,9577.002,2371.950,14.783,48.004,0.668059,-0.743188,0.037011,0.741843,0.669079,0.044759,-0.058028,-0.002446,0.998312,0,0.48000,-0.32885,28.800,-0.658,400.000,375.000,-1,400.000,350.000,325.000,325.000,325.000,350.000,525.000,-1,-1,-1,500.000,625.000,425.000,450.000,1,1,2,1,1,0,0,0,0,1,2,2,2,1,1,1,1
44,9599.763,2396.666,12.586,47.357,0.676357,-0.735589,0.038084,0.734153,0.677421,0.046056,-0.059677,-0.003191,0.998213,0,0.56000,-0.32327,33.600,-0.647,350.000,375.000,-1,400.000,325.000,325.000,325.000,325.000,350.000,550.000,-1,-1,-1,475.000,625.000,400.000,400.000,1,1,2,1,1,0,0,0,0,1,2,2,2,1,1,1,1
45,9626.087,2424.624,10.101,46.724,0.684392,-0.728051,0.039354,0.726517,0.685512,0.047395,-0.061483,-0.003845,0.998101,0,0.64000,-0.31680,38.400,-0.634,325.000,350.000,-1,375.000,300.000,325.000,325.000,325.000,350.000,600.000,-1,-1,-1,450.000,825.000,350.000,375.000,1,1,2,1,1,0,0,0,0,1,2,2,2,1,1,1,1
46,9656.040,2455.755,7.339,46.105,0.692144,-0.720605,0.040804,0.718967,0.693332,0.048751,-0.063421,-0.004406,0.997977,0,0.72000,-0.30936,43.200,-0.619,300.000,325.000,-1,350.000,275.000,325.000,325.000,325.000,325.000,625.000,-1,-1,-1,425.000,800.000,325.000,325.000,1,1,2,1,1,1,0,0,0,1,2,2,2,1,1,1,1
47,9689.681,2489.993,4.310,45.503,0.699593,-0.713282,0.042413,0.711537,0.700860,0.050101,-0.065462,-0.004872,0.997843,0,0.80000,-0.30088,48.000,-0.602,250.000,300.000,-1,350.000,225.000,300.000,325.000,325.000,325.000,650.000,-1,-1,-1,400.000,775.000,275.000,300.000,1,1,2,1,1,1,1,0,0,1,2,2,2,1,1,1,1
48,9727.069,2527.277,1.029,44.921,0.706716,-0.706118,0.044155,0.704263,0.708074,0.051422,-0.067575,-0.005244,0.997700,0,0.88000,-0.29125,52.800,-0.583,225.000,300.000,-1,325.000,200.000,300.000,325.000,325.000,325.000,700.000,-1,0.000,-1,375.000,750.000,225.000,250.000,1,1,2,1,1,1,1,1,0,1,2,0,2,1,1,1,1
49,9768.250,2567.546,1.231,44.360,0.713579,-0.699156,0.044560,0.698187,0.714954,0.037078,-0.057782,0.004653,0.998318,0,0.96000,-0.28041,57.600,-0.561,200.000,275.000,-1,350.000,175.000,275.000,350.000,325.000,325.000,750.000,-1,0.000,-1,375.000,825.000,225.000,225.000,1,1,2,1,1,1,1,1,1,1,2,0,2,1,1,1,1
50,9810.408,2608.008,6.061,43.823,0.721057,-0.692438,0.024626,0.692040,0.721478,0.023463,-0.034014,0.000124,0.999421,0,0.97392,-0.26827,58.435,-0.537,225.000,300.000,-1,500.000,200.000,300.000,375.000,300.000,300.000,775.000,-1,50.000,-1,400.000,-1,250.000,-1,1,1,2,1,1,1,1,1,1,1,2,0,2,1,2,1,2
51,9852.671,2647.851,9.689,43.312,0.727555,-0.685974,0.010192,0.685909,0.727626,0.009403,-0.013867,0.000150,0.999904,0,0.96807,-0.25557,58.084,-0.511,225.000,300.000,-1,550.000,225.000,325.000,400.000,275.000,250.000,800.000,100.000,75.000,-1,425.000,-1,250.000,-1,1,1,2,1,1,1,1,1,1,1,0,0,2,1,2,1,2
52,9896.820,2688.481,12.286,42.622,0.735838,-0.677158,0.000277,0.677149,0.735826,-0.005446,0.003484,0.004195,0.999985,0,1.00000,-0.34493,60.000,-0.690,225.000,325.000,-1,625.000,275.000,350.000,425.000,275.000,225.000,825.000,100.000,100.000,-1,500.000,-1,275.000,-1,1,1,2,1,1,1,1,1,1,1,0,0,2,1,2,1,2
53,7543.197,-6887.321,59.509,154.498,-0.898136,-0.429602,0.093777,0.433742,-0.900589,0.028412,0.072248,0.066193,0.995188,1,0.00000,0.00000,60.000,-0.669,-1,375.000,-1,375.000,-1,300.000,300.000,300.000,300.000,575.000,350.000,400.000,-1,675.000,650.000,-1,-1,2,0,2,0,2,0,0,0,0,1,0,0,2,0,0,2,2
54,7538.857,-6885.272,59.874,154.738,-0.899907,-0.425839,0.093960,0.429960,-0.902409,0.028131,0.072811,0.065714,0.995178,0,0.08000,0.12000,4.800,0.240,-1,375.000,-1,375.000,-1,300.000,300.000,300.000,300.000,575.000,350.000,400.000,-1,675.000,650.000,-1,-1,2,0,2,0,2,0,0,0,0,1,0,0,2,0,0,2,2
55,7530.141,-6881.247,60.608,155.218,-0.903402,-0.418290,0.094334,0.422374,-0.906002,0.027575,0.073933,0.064756,0.995159,0,0.16000,0.24000,9.600,0.480,-1,375.000,-1,375.000,-1,300.000,300.000,300.000,300.000,575.000,350.000,400.000,-1,675.000,650.000,-1,-1,2,0,2,0,2,0,0,0,0,1,0,0,2,0,0,2,2
56,7516.993,-6875.375,61.722,155.938,-0.908524,-0.406910,0.094912,0.410936,-0.911271,0.026760,0.075602,0.063315,0.995126,0,0.24000,0.36000,14.400,0.720,-1,375.000,-1,375.000,-1,300.000,300.000,300.000,300.000,600.000,350.000,400.000,-1,675.000,650.000,-1,-1,2,0,2,0,2,0,0,0,0,1,0,0,2,0,0,2,2
57,7499.334,-6867.841,63.228,156.898,-0.915130,-0.391632,0.095712,0.395580,-0.918072,0.025708,0.077803,0.061388,0.995077,0,0.32000,0.48000,19.200,0.960,-1,375.000,-1,375.000,-1,300.000,300.000,300.000,300.000,600.000,350.000,400.000,-1,675.000,650.000,-1,-1,2,0,2,0,2,0,0,0,0,1,0,0,2,0,0,2,2
58,7477.067,-6858.886,65.141,158.098,-0.923025,-0.372374,0.096757,0.376221,-0.926207,0.024449,0.080513,0.058969,0.995008,0,0.40000,0.60000,24.000,1.200,-1,375.000,-1,375.000,-1,300.000,300.000,300.000,300.000,625.000,350.000,425.000,-1,675.000,675.000,-1,-1,2,0,2,0,2,0,0,0,0,1,0,0,2,0,0,2,2
59,7450.085,-6848.816,67.481,159.538,-0.931962,-0.349040,0.098069,0.352761,-0.935430,0.023021,0.083702,0.056050,0.994913,0,0.48000,0.72000,28.800,1.440,-1,375.000,-1,375.000,-1,300.000,300.000,300.000,300.000,625.000,350.000,425.000,-1,700.000,675.000,-1,-1,2,0,2,0,2,0,0,0,0,1,0,0,2,0,0,2,2
60,7418.275,-6837.996,70.267,161.218,-0.941640,-0.321525,0.099675,0.325095,-0.945437,0.021476,0.087331,0.052626,0.994788,0,0.56000,0.84000,33.600,1.680,-1,375.000,-1,375.000,-1,300.000,300.000,300.000,300.000,650.000,350.000,425.000,-1,700.000,675.000,-1,-1,2,0,2,0,2,0,0,0,0,1,0,0,2,0,0,2,2
61,7381.527,-6826.855,73.520,163.138,-0.951702,-0.289727,0.101595,0.293117,-0.955870,0.019871,0.091355,0.048691,0.994627,0,0.64000,0.96000,38.400,1.920,-1,375.000,-1,375.000,-1,300.000,300.000,300.000,300.000,675.000,350.000,425.000,-1,700.000,675.000,-1,-1,2,0,2,0,2,0,0,0,0,1,0,0,2,0,0,2,2
62,7339.772,-6815.772,77.250,165.138,-0.961019,-0.256241,0.103840,0.259432,-0.965589,0.018251,0.095590,0.044479,0.994427,0,0.72000,1.00000,43.200,2.000,-1,375.000,-1,375.000,-1,325.000,300.000,300.000,300.000,700.000,350.000,425.000,-1,700.000,700.000,-1,-1,2,0,2,0,2,0,0,0,0,1,0,0,2,0,0,2,2
63,7292.977,-6805.084,81.467,167.138,-0.969125,-0.222428,0.106406,0.225404,-0.974123,0.016657,0.099948,0.040127,0.994183,0,0.80000,1.00000,48.000,2.000,-1,375.000,-1,375.000,-1,325.000,300.000,300.000,300.000,725.000,350.000,425.000,-1,725.000,700.000,-1,-1,2,0,2,0,2,0,0,0,0,1,0,0,2,0,0,2,2
64,7244.582,-6795.796,86.188,169.138,-0.976096,-0.188318,0.108503,0.191198,-0.981410,0.016679,0.103345,0.037026,0.993956,0,0.82130,1.00000,49.278,2.000,-1,375.000,-1,375.000,-1,325.000,300.000,300.000,300.000,750.000,375.000,450.000,-1,725.000,700.000,-1,-1,2,0,2,0,2,0,0,0,0,1,0,0,2,0,0,2,2
65,7195.359,-6788.120,91.108,171.138,-0.981853,-0.153968,0.110718,0.156792,-0.987482,0.017213,0.106681,0.034261,0.993703,0,0.83031,1.00000,49.818,2.000,-1,400.000,-1,375.000,-1,325.000,325.000,300.000,300.000,775.000,375.000,450.000,-1,775.000,700.000,-1,-1,2,0,2,0,2,0,0,0,0,1,0,0,2,0,0,2,2
66,7141.163,-6781.596,97.138,173.138,-0.986555,-0.119430,0.111558,0.121969,-0.992402,0.016200,0.108776,0.029589,0.993626,0,0.90978,1.00000,54.587,2.000,-1,400.000,-1,375.000,-1,325.000,325.000,300.000,300.000,825.000,425.000,475.000,-1,800.000,725.000,-1,-1,2,0,2,0,2,0,0,0,0,1,0,0,2,0,0,2,2
67,7086.363,-6776.932,103.371,175.138,-0.990051,-0.084734,0.112333,0.086952,-0.996100,0.014989,0.110624,0.024608,0.993558,0,0.91664,1.00000,54.998,2.000,-1,400.000,-1,375.000,-1,325.000,325.000,300.000,300.000,850.000,500.000,525.000,-1,825.000,750.000,-1,-1,2,0,2,0,2,0,0,0,0,1,0,0,2,0,0,2,2
68,7031.028,-6774.163,109.699,177.138,-0.992328,-0.049924,0.113109,0.051824,-0.998559,0.013917,0.112251,0.019672,0.993485,0,0.92340,1.00000,55.404,2.000,-1,400.000,-1,375.000,-1,325.000,325.000,300.000,300.000,900.000,550.000,550.000,-1,875.000,775.000,-1,-1,2,0,2,0,2,0,0,0,0,1,0,0,2,0,0,2,2
69,6980.433,-6773.188,115.512,178.898,-0.993317,-0.019234,0.113802,0.020852,-0.999697,0.013052,0.113517,0.015338,0.993418,0,0.84340,0.88000,50.604,1.760,-1,400.000,-1,375.000,-1,325.000,325.000,300.000,300.000,925.000,600.000,600.000,-1,900.000,800.000,-1,-1,2,0,2,0,2,0,0,0,0,1,0,0,2,0,0,2,2
70,6934.631,-6773.521,120.792,180.418,-0.993407,0.007291,0.114408,-0.005917,-0.999906,0.012350,0.114488,0.011592,0.993357,0,0.76340,0.76000,45.804,1.520,-1,400.000,-1,375.000,-1,325.000,325.000,300.000,300.000,950.000,625.000,625.000,-1,925.000,825.000,-1,-1,2,0,2,0,2,0,0,0,0,1,0,0,2,0,0,2,2
71,6893.644,-6774.735,125.531,181.698,-0.992932,0.029627,0.114929,-0.028460,-0.999526,0.011778,0.115224,0.008424,0.993304,0,0.68340,0.64000,41.004,1.280,-1,400.000,-1,375.000,-1,325.000,325.000,300.000,300.000,975.000,650.000,675.000,-1,950.000,850.000,-1,-1,2,0,2,0,2,0,0,0,0,1,0,0,2,0,0,2,2
72,6857.481,-6776.463,129.720,182.738,-0.992174,0.047765,0.115369,-0.046770,-0.998842,0.011312,0.115775,0.005828,0.993258,0,0.60340,0.52000,36.204,1.040,-1,400.000,-1,400.000,-1,325.000,325.000,300.000,300.000,1000.000,675.000,700.000,-1,975.000,875.000,-1,-1,2,0,2,0,2,0,0,0,0,1,0,0,2,0,0,2,2
73,6826.137,-6778.401,133.358,183.538,-0.991362,0.061707,0.115731,-0.060849,-0.998087,0.010934,0.116185,0.003797,0.993220,0,0.52340,0.40000,31.404,0.800,-1,400.000,-1,400.000,-1,325.000,325.000,300.000,300.000,-1,700.000,725.000,-1,1000.000,900.000,-1,-1,2,0,2,0,2,0,0,0,0,2,0,0,2,0,0,2,2
74,6799.601,-6780.301,136.443,184.098,-0.990673,0.071459,0.116023,-0.070702,-0.997441,0.010632,0.116486,0.002330,0.993190,0,0.44340,0.28000,26.604,0.560,-1,400.000,-1,400.000,-1,325.000,325.000,300.000,300.000,-1,725.000,725.000,-1,-1,900.000,-1,-1,2,0,2,0,2,0,0,0,0,2,0,0,2,2,0,2,2
75,6777.862,-6781.981,138.973,184.418,-0.990229,0.077029,0.116247,-0.076337,-0.997028,0.010401,0.116703,0.001425,0.993166,0,0.36340,0.16000,21.804,0.320,-1,425.000,-1,400.000,-1,325.000,325.000,300.000,300.000,-1,725.000,750.000,-1,-1,925.000,-1,-1,2,0,2,0,2,0,0,0,0,2,0,0,2,2,0,2,2
76,6760.910,-6783.314,140.949,184.498,-0.990101,0.078421,0.116407,-0.077757,-0.996920,0.010236,0.116851,0.001083,0.993149,0,0.28340,0.04000,17.004,0.080,-1,425.000,-1,400.000,-1,325.000,325.000,300.000,300.000,-1,750.000,775.000,-1,-1,925.000,-1,-1,2,0,2,0,2,0,0,0,0,2,0,0,2,2,0,2,2
77,6748.741,-6784.237,142.371,184.338,-0.990306,0.075637,0.116507,-0.074965,-0.997135,0.010137,0.116940,0.001305,0.993138,0,0.20340,-0.08000,12.204,-0.160,-1,425.000,-1,400.000,-1,325.000,325.000,300.000,300.000,-1,750.000,775.000,-1,-1,950.000,-1,-1,2,0,2,0,2,0,0,0,0,2,0,0,2,2,0,2,2
78,6741.354,-6784.746,143.240,183.938,-0.990808,0.068673,0.116547,-0.067958,-0.997637,0.010106,0.116966,0.002093,0.993134,0,0.12340,-0.20000,7.404,-0.400,-1,425.000,-1,425.000,-1,325.000,325.000,300.000,300.000,-1,750.000,775.000,-1,-1,950.000,-1,-1,2,0,2,0,2,0,0,0,0,2,0,0,2,2,0,2,2
79,6738.755,-6784.896,143.556,183.298,-0.991520,0.057525,0.116530,-0.056729,-0.998338,0.010146,0.116920,0.003449,0.993135,0,0.04340,-0.32000,2.604,-0.640,-1,425.000,-1,425.000,-1,325.000,325.000,300.000,300.000,-1,750.000,775.000,-1,-1,950.000,-1,-1,2,0,2,0,2,0,0,0,0,2,0,0,2,2,0,2,2
80,6740.949,-6784.804,143.319,182.418,-0.992300,0.042185,0.116455,-0.041270,-0.999095,0.010262,0.116783,0.005377,0.993143,0,-0.03660,-0.44000,-2.196,-0.880,-1,425.000,-1,400.000,-1,325.000,325.000,300.000,300.000,-1,750.000,775.000,-1,-1,925.000,-1,-1,2,0,2,0,2,0,0,0,0,2,0,0,2,2,0,2,2
81,6747.943,-6784.644,142.530,181.313,-0.992947,0.022914,0.116324,-0.021845,-0.999707,0.010459,0.116530,0.007844,0.993156,0,-0.11660,-0.55238,-6.996,-1.105,-1,425.000,-1,400.000,-1,325.000,325.000,300.000,300.000,-1,750.000,775.000,-1,-1,925.000,-1,-1,2,0,2,0,2,0,0,0,0,2,0,0,2,2,0,2,2
82,6759.739,-6784.601,141.188,180.213,-0.993225,0.003714,0.116146,-0.002486,-0.999939,0.010719,0.116179,0.010358,0.993174,0,-0.19660,-0.55012,-11.796,-1.100,-1,425.000,-1,400.000,-1,325.000,325.000,300.000,300.000,-1,750.000,750.000,-1,-1,900.000,-1,-1,2,0,2,0,2,0,0,0,0,2,0,0,2,2,0,2,2
83,6776.333,-6784.857,139.293,179.118,-0.993140,-0.015394,0.115917,0.016787,-0.999798,0.011048,0.115724,0.012919,0.993197,0,-0.27660,-0.54748,-16.596,-1.095,-1,425.000,-1,400.000,-1,325.000,325.000,300.000,300.000,1000.000,750.000,750.000,-1,-1,900.000,-1,-1,2,0,2,0,2,0,0,0,0,1,0,0,2,2,0,2,2
84,6797.716,-6785.594,136.850,178.029,-0.992697,-0.034390,0.115632,0.035953,-0.999288,0.011455,0.115156,0.015529,0.993226,0,-0.35660,-0.54444,-21.396,-1.089,-1,400.000,-1,400.000,-1,325.000,325.000,300.000,300.000,1000.000,725.000,725.000,-1,-1,875.000,-1,-1,2,0,2,0,2,0,0,0,0,1,0,0,2,2,0,2,2
85,6823.875,-6786.990,133.864,176.947,-0.991904,-0.053258,0.115287,0.054996,-0.998415,0.011948,0.114468,0.018192,0.993260,0,-0.43660,-0.54119,-26.196,-1.082,-1,400.000,-1,400.000,-1,325.000,325.000,300.000,300.000,975.000,700.000,725.000,-1,1000.000,875.000,-1,-1,2,0,2,0,2,0,0,0,0,1,0,0,2,0,0,2,2
86,6854.791,-6789.223,130.340,175.872,-0.990769,-0.071976,0.114878,0.073896,-0.997187,0.012540,0.113653,0.020914,0.993300,0,-0.51660,-0.53750,-30.996,-1.075,-1,400.000,-1,375.000,-1,325.000,325.000,300.000,300.000,950.000,650.000,700.000,-1,975.000,850.000,-1,-1,2,0,2,0,2,0,0,0,0,1,0,0,2,0,0,2,2
87,6885.876,-6792.050,126.805,174.805,-0.989295,-0.090513,0.114466,0.092615,-0.995615,0.013170,0.112771,0.023631,0.993340,0,-0.52022,-0.53309,-31.213,-1.066,-1,400.000,-1,375.000,-1,325.000,325.000,300.000,300.000,925.000,625.000,675.000,-1,950.000,825.000,-1,-1,2,0,2,0,2,0,0,0,0,1,0,0,2,0,0,2,2
88,6917.121,-6795.474,123.261,173.748,-0.987493,-0.108861,0.114050,0.111144,-0.993708,0.013842,0.111825,0.026345,0.993379,0,-0.52387,-0.52861,-31.432,-1.057,-1,400.000,-1,375.000,-1,325.000,325.000,300.000,300.000,925.000,600.000,650.000,-1,925.000,800.000,-1,-1,2,0,2,0,2,0,0,0,0,1,0,0,2,0,0,2,2
89,6948.519,-6799.498,119.711,172.700,-0.985371,-0.127010,0.113633,0.129476,-0.991476,0.014559,0.110815,0.029058,0.993416,0,-0.52758,-0.52406,-31.655,-1.048,-1,400.000,-1,375.000,-1,325.000,325.000,300.000,300.000,900.000,550.000,650.000,-1,900.000,800.000,-1,-1,2,0,2,0,2,0,0,0,0,1,0,0,2,0,0,2,2
90,6980.062,-6804.123,116.154,171.661,-0.982940,-0.144953,0.113217,0.147601,-0.988928,0.015324,0.109742,0.031774,0.993452,0,-0.53135,-0.51944,-31.881,-1.039,-1,400.000,-1,375.000,-1,325.000,325.000,300.000,300.000,875.000,525.000,625.000,-1,900.000,775.000,-1,-1,2,0,2,0,2,0,0,0,0,1,0,0,2,0,0,2,2
91,7011.745,-6809.351,112.594,170.632,-0.980209,-0.162683,0.112805,0.165515,-0.986075,0.016141,0.108608,0.034493,0.993486,0,-0.53518,-0.51475,-32.111,-1.029,-1,400.000,-1,375.000,-1,325.000,325.000,300.000,300.000,850.000,500.000,575.000,-1,875.000,750.000,-1,-1,2,0,2,0,2,0,0,0,0,1,0,0,2,0,0,2,2
92,7043.559,-6815.185,109.032,169.612,-0.977188,-0.180193,0.112400,0.183208,-0.982927,0.017014,0.107415,0.037218,0.993517,0,-0.53908,-0.50999,-32.345,-1.020,-1,400.000,-1,375.000,-1,325.000,325.000,300.000,300.000,825.000,475.000,550.000,-1,850.000,725.000,-1,-1,2,0,2,0,2,0,0,0,0,1,0,0,2,0,0,2,2
93,7075.498,-6821.626,105.470,168.601,-0.973888,-0.197477,0.112004,0.200677,-0.979493,0.017945,0.106163,0.039953,0.993546,0,-0.54303,-0.50520,-32.582,-1.010,-1,400.000,-1,375.000,-1,325.000,325.000,300.000,300.000,800.000,450.000,500.000,-1,825.000,725.000,-1,-1,2,0,2,0,2,0,0,0,0,1,0,0,2,0,0,2,2
94,7107.555,-6828.676,101.908,167.600,-0.970318,-0.214532,0.111621,0.217919,-0.975783,0.018938,0.104855,0.042700,0.993570,0,-0.54705,-0.50043,-32.823,-1.001,-1,400.000,-1,375.000,-1,325.000,300.000,300.000,300.000,800.000,400.000,475.000,-1,800.000,700.000,-1,-1,2,0,2,0,2,0,0,0,0,1,0,0,2,0,0,2,2
95,7139.722,-6836.336,98.349,166.609,-0.966488,-0.231352,0.111255,0.234927,-0.971807,0.019996,0.103492,0.045462,0.993591,0,-0.55111,-0.49561,-33.067,-0.991,-1,400.000,-1,375.000,-1,325.000,300.000,300.000,300.000,775.000,375.000,450.000,-1,800.000,700.000,-1,-1,2,0,2,0,2,0,0,0,0,1,0,0,2,0,0,2,2
96,7171.993,-6844.606,94.850,165.628,-0.962395,-0.247934,0.111016,0.251680,-0.967585,0.020881,0.102240,0.048037,0.993599,0,-0.55523,-0.49073,-33.314,-0.981,-1,400.000,-1,375.000,-1,325.000,300.000,300.000,300.000,750.000,350.000,400.000,-1,775.000,700.000,-1,-1,2,0,2,0,2,0,0,0,0,1,0,0,2,0,0,2,2
97,7204.361,-6853.489,91.696,164.656,-0.958196,-0.264288,0.109604,0.268052,-0.963178,0.020884,0.100049,0.049390,0.993756,0,-0.55940,-0.48581,-33.564,-0.972,-1,400.000,-1,375.000,-1,325.000,300.000,300.000,300.000,725.000,325.000,400.000,-1,750.000,700.000,-1,-1,2,0,2,0,2,0,0,0,0,1,0,0,2,0,0,2,2
98,7236.817,-6862.984,88.560,163.694,-0.953772,-0.280398,0.108150,0.284178,-0.958542,0.020970,0.097786,0.050735,0.993913,0,-0.56362,-0.48084,-33.817,-0.962,-1,375.000,-1,375.000,-1,325.000,300.000,300.000,300.000,700.000,325.000,375.000,-1,725.000,700.000,-1,-1,2,0,2,0,2,0,0,0,0,1,0,0,2,0,0,2,2
99,7273.698,-6874.434,85.020,162.753,-0.949205,-0.296096,0.106479,0.299886,-0.953740,0.021176,0.095283,0.052032,0.994089,0,-0.64362,-0.47089,-38.617,-0.942,-1,375.000,-1,375.000,-1,325.000,300.000,300.000,300.000,675.000,300.000,375.000,-1,725.000,675.000,-1,-1,2,0,2,0,2,0,0,0,0,1,0,0,2,0,0,2,2
100,7311.164,-6886.727,81.513,161.837,-0.944500,-0.311276,0.105012,0.315105,-0.948810,0.021664,0.092893,0.053552,0.994235,0,-0.65719,-0.45788,-39.431,-0.916,-1,375.000,-1,375.000,-1,325.000,300.000,300.000,300.000,650.000,300.000,350.000,-1,725.000,675.000,-1,-1,2,0,2,0,2,0,0,0,0,1,0,0,2,0,0,2,2
101,7343.845,-6898.185,78.596,160.681,-0.938175,-0.330307,0.103560,0.334239,-0.942214,0.022742,0.090064,0.055950,0.994363,0,-0.57719,-0.57788,-34.631,-1.156,-1,375.000,-1,375.000,-1,325.000,300.000,300.000,300.000,625.000,300.000,350.000,-1,700.000,675.000,-1,-1,2,0,2,0,2,0,0,0,0,1,0,0,2,0,0,2,2
102,7371.770,-6908.679,76.195,159.408,-0.930741,-0.351101,0.102225,0.355164,-0.934493,0.024106,0.087065,0.058743,0.994469,0,-0.49719,-0.63650,-29.831,-1.273,-1,375.000,-1,375.000,-1,325.000,300.000,300.000,300.000,625.000,300.000,350.000,-1,700.000,675.000,-1,-1,2,0,2,0,2,0,0,0,0,1,0,0,2,0,0,2,2
103,7395.003,-6917.995,74.206,158.156,-0.922950,-0.371388,0.101160,0.375568,-0.926450,0.025292,0.084326,0.061335,0.994549,0,-0.41719,-0.62632,-25.031,-1.253,-1,375.000,-1,375.000,-1,325.000,300.000,300.000,300.000,600.000,300.000,350.000,-1,700.000,675.000,-1,-1,2,0,2,0,2,0,0,0,0,1,0,0,2,0,0,2,2
104,7413.614,-6925.927,72.613,156.920,-0.914810,-0.391218,0.100353,0.395502,-0.918089,0.026271,0.081855,0.063723,0.994605,0,-0.33719,-0.61770,-20.231,-1.235,-1,375.000,-1,375.000,-1,325.000,300.000,300.000,300.000,600.000,275.000,325.000,-1,700.000,675.000,-1,-1,2,0,2,0,2,0,0,0,0,1,0,0,2,0,0,2,2
105,7427.678,-6932.279,71.401,155.699,-0.906321,-0.410640,0.099790,0.415016,-0.909413,0.027018,0.079656,0.065901,0.994642,0,-0.25719,-0.61067,-15.431,-1.221,-1,375.000,-1,375.000,-1,300.000,300.000,300.000,300.000,600.000,275.000,325.000,-1,700.000,675.000,-1,-1,2,0,2,0,2,0,0,0,0,1,0,0,2,0,0,2,2
106,7437.271,-6936.859,70.558,154.488,-0.897476,-0.429703,0.099456,0.434159,-0.900416,0.027510,0.077730,0.067869,0.994662,0,-0.17719,-0.60526,-10.631,-1.211,-1,375.000,-1,375.000,-1,300.000,300.000,300.000,300.000,600.000,275.000,325.000,-1,700.000,675.000,-1,-1,2,0,2,0,2,0,0,0,0,1,0,0,2,0,0,2,2
107,7442.479,-6939.482,70.067,153.285,-0.888267,-0.448458,0.099334,0.452983,-0.891088,0.027727,0.076081,0.069625,0.994668,0,-0.09719,-0.60149,-5.831,-1.203,-1,375.000,-1,375.000,-1,300.000,300.000,300.000,300.000,600.000,275.000,300.000,-1,700.000,675.000,-1,-1,2,0,2,0,2,0,0,0,0,1,0,0,2,0,0,2,2
108,7443.389,-6939.965,69.917,152.086,-0.878678,-0.466951,0.099407,0.471534,-0.881415,0.027649,0.074708,0.071168,0.994663,0,-0.01719,-0.59939,-1.031,-1.199,-1,375.000,-1,375.000,-1,300.000,300.000,300.000,300.000,600.000,275.000,300.000,-1,700.000,675.000,-1,-1,2,0,2,0,2,0,0,0,0,1,0,0,2,0,0,2,2
109,7440.096,-6938.133,70.094,150.888,-0.868688,-0.485231,0.099657,0.489860,-0.871375,0.027261,0.073611,0.072499,0.994648,0,0.06281,-0.59902,3.769,-1.198,-1,375.000,-1,375.000,-1,300.000,300.000,300.000,300.000,625.000,250.000,300.000,-1,700.000,675.000,-1,-1,2,0,2,0,2,0,0,0,0,1,0,0,2,0,0,2,2
110,7432.697,-6933.808,70.585,149.688,-0.858272,-0.503344,0.100066,0.508007,-0.860944,0.026549,0.072788,0.073620,0.994627,0,0.14281,-0.60041,8.569,-1.201,-1,375.000,-1,375.000,-1,300.000,300.000,300.000,300.000,650.000,250.000,275.000,-1,675.000,675.000,-1,-1,2,0,2,0,2,0,0,0,0,1,0,0,2,0,0,2,2
111,7421.300,-6926.820,71.379,148.480,-0.847400,-0.521336,0.100614,0.526019,-0.850090,0.025502,0.072236,0.074535,0.994599,0,0.22281,-0.60360,13.369,-1.207,-1,375.000,-1,375.000,-1,300.000,300.000,300.000,300.000,675.000,250.000,275.000,-1,675.000,675.000,-1,-1,2,0,2,0,2,0,0,0,0,1,0,0,2,0,0,2,2
112,7406.016,-6916.995,72.570,147.263,-0.836052,-0.539231,0.101225,0.543956,-0.838751,0.024650,0.071611,0.075671,0.994558,0,0.30281,-0.60864,18.169,-1.217,-1,375.000,-1,375.000,-1,300.000,300.000,300.000,300.000,725.000,250.000,275.000,-1,675.000,675.000,-1,-1,2,0,2,0,2,0,0,0,0,1,0,0,2,0,0,2,2
113,7386.965,-6904.162,74.145,146.032,-0.824188,-0.557070,0.101914,0.561859,-0.826885,0.023986,0.070909,0.077030,0.994504,0,0.38281,-0.61559,22.969,-1.231,-1,375.000,-1,375.000,-1,300.000,300.000,300.000,300.000,775.000,250.000,275.000,-1,675.000,675.000,-1,-1,2,0,2,0,2,0,0,0,0,1,0,0,2,0,0,2,2
114,7364.278,-6888.149,76.022,144.783,-0.811749,-0.574903,0.102717,0.579753,-0.814463,0.023136,0.070358,0.078331,0.994442,0,0.46281,-0.62449,27.769,-1.249,-1,375.000,-1,375.000,-1,300.000,300.000,300.000,300.000,850.000,275.000,275.000,-1,675.000,700.000,-1,-1,2,0,2,0,2,0,0,0,0,1,0,0,2,0,0,2,2
115,7338.092,-6868.782,78.192,143.512,-0.798682,-0.592765,0.103623,0.597675,-0.801434,0.022104,0.069945,0.079587,0.994371,0,0.54281,-0.63537,32.569,-1.271,-1,375.000,-1,375.000,-1,300.000,300.000,300.000,300.000,975.000,275.000,300.000,-1,675.000,700.000,-1,-1,2,0,2,0,2,0,0,0,0,1,0,0,2,0,0,2,2
116,7308.556,-6845.888,80.788,142.216,-0.784858,-0.610658,0.105333,0.615698,-0.787701,0.021068,0.070106,0.081388,0.994214,0,0.62281,-0.64829,37.369,-1.297,-1,375.000,-1,375.000,-1,300.000,300.000,300.000,300.000,-1,300.000,300.000,-1,700.000,700.000,-1,-1,2,0,2,0,2,0,0,0,0,2,0,0,2,0,0,2,2
117,7277.584,-6820.711,83.602,140.889,-0.770245,-0.628616,0.107538,0.633831,-0.773212,0.020009,0.070572,0.083573,0.994000,0,0.66522,-0.66327,39.913,-1.327,-1,375.000,-1,375.000,-1,300.000,300.000,300.000,300.000,-1,300.000,300.000,-1,700.000,725.000,-1,-1,2,0,2,0,2,0,0,0,0,2,0,0,2,0,0,2,2
118,7246.788,-6794.441,86.396,139.530,-0.754858,-0.646656,0.109666,0.652043,-0.757947,0.018867,0.070921,0.085749,0.993789,0,0.67460,-0.67943,40.476,-1.359,-1,375.000,-1,375.000,-1,300.000,300.000,300.000,300.000,-1,325.000,325.000,-1,700.000,750.000,-1,-1,2,0,2,0,2,0,0,0,0,2,0,0,2,0,0,2,2
119,7216.194,-6767.030,89.167,138.138,-0.738666,-0.664751,0.111710,0.670306,-0.741875,0.017644,0.071146,0.087914,0.993584,0,0.68461,-0.69597,41.076,-1.392,-1,375.000,-1,375.000,-1,325.000,300.000,300.000,300.000,-1,325.000,325.000,-1,725.000,750.000,-1,-1,2,0,2,0,2,0,0,0,0,2,0,0,2,0,0,2,2
120,7185.827,-6738.431,91.913,136.713,-0.721641,-0.682872,0.113664,0.688592,-0.724965,0.016347,0.071239,0.090065,0.993385,0,0.69520,-0.71289,41.712,-1.426,-1,375.000,-1,375.000,-1,325.000,325.000,300.000,300.000,-1,350.000,325.000,-1,725.000,775.000,-1,-1,2,0,2,0,2,0,0,0,0,2,0,0,2,0,0,2,2
121,7153.855,-6706.754,94.803,135.263,-0.703869,-0.700858,0.115613,0.706740,-0.707317,0.014903,0.071330,0.092198,0.993183,0,0.75009,-0.72489,45.006,-1.450,-1,375.000,-1,400.000,-1,325.000,325.000,300.000,300.000,-1,375.000,350.000,-1,725.000,775.000,-1,-1,2,0,2,0,2,0,0,0,0,2,0,0,2,0,0,2,2
122,7119.222,-6670.959,98.189,134.053,-0.688762,-0.715575,0.116442,0.721486,-0.692303,0.013203,0.071165,0.093105,0.993110,0,0.83009,-0.60489,49.806,-1.210,-1,375.000,-1,400.000,-1,325.000,325.000,300.000,300.000,-1,400.000,375.000,-1,750.000,800.000,-1,-1,2,0,2,0,2,0,0,0,0,2,0,0,2,0,0,2,2
123,7083.380,-6632.635,101.787,133.083,-0.676460,-0.727171,0.116727,0.733052,-0.680075,0.011560,0.070977,0.093386,0.993097,0,0.87452,-0.48489,52.471,-0.970,-1,400.000,-1,400.000,-1,325.000,325.000,300.000,300.000,-1,400.000,400.000,-1,775.000,825.000,-1,-1,2,0,2,0,2,0,0,0,0,2,0,0,2,0,0,2,2
124,7047.750,-6593.553,105.162,132.353,-0.667090,-0.735717,0.117094,0.741641,-0.670706,0.011030,0.070421,0.094199,0.993060,0,0.88141,-0.36489,52.885,-0.730,-1,375.000,-1,400.000,-1,325.000,325.000,300.000,300.000,-1,450.000,450.000,-1,800.000,825.000,-1,-1,2,0,2,0,2,0,0,0,0,2,0,0,2,0,0,2,2
125,7012.152,-6553.828,108.541,131.864,-0.660729,-0.741381,0.117436,0.747342,-0.664354,0.010654,0.070120,0.094804,0.993023,0,0.88902,-0.24489,53.341,-0.490,-1,400.000,-1,400.000,-1,325.000,325.000,300.000,300.000,-1,475.000,500.000,-1,800.000,825.000,-1,-1,2,0,2,0,2,0,0,0,0,2,0,0,2,0,0,2,2
126,6976.435,-6513.543,111.942,131.560,-0.656751,-0.744855,0.117765,0.750851,-0.660389,0.010434,0.069999,0.095277,0.992987,0,0.89730,-0.15171,53.838,-0.303,-1,400.000,-1,400.000,-1,325.000,325.000,300.000,300.000,-1,500.000,525.000,-1,825.000,825.000,-1,-1,2,0,2,0,2,0,0,0,0,2,0,0,2,0,0,2,2
127,6940.606,-6472.649,115.361,131.222,-0.652304,-0.748700,0.118099,0.754745,-0.655937,0.010358,0.069710,0.095891,0.992948,0,0.90615,-0.16930,54.369,-0.339,-1,400.000,-1,400.000,-1,325.000,325.000,300.000,300.000,-1,525.000,575.000,-1,825.000,825.000,-1,-1,2,0,2,0,2,0,0,0,0,2,0,0,2,0,0,2,2
128,6904.682,-6431.102,119.017,130.847,-0.647401,-0.752864,0.118607,0.759051,-0.650932,0.011357,0.068655,0.097381,0.992876,0,0.91541,-0.18733,54.924,-0.375,-1,400.000,-1,400.000,-1,325.000,325.000,300.000,300.000,-1,600.000,625.000,-1,825.000,825.000,-1,-1,2,0,2,0,2,0,0,0,0,2,0,0,2,0,0,2,2
129,6868.680,-6388.855,122.781,130.435,-0.641991,-0.757401,0.119127,0.763739,-0.645405,0.012452,0.067454,0.098976,0.992801,0,0.92509,-0.20581,55.505,-0.412,-1,400.000,-1,400.000,-1,325.000,325.000,300.000,300.000,-1,675.000,700.000,-1,850.000,825.000,-1,-1,2,0,2,0,2,0,0,0,0,2,0,0,2,0,0,2,2
130,6832.909,-6346.245,126.562,130.010,-0.636383,-0.762032,0.119682,0.768539,-0.639655,0.013773,0.066060,0.100746,0.992717,0,0.92724,-0.21251,55.634,-0.425,-1,400.000,-1,400.000,-1,325.000,325.000,300.000,300.000,-1,750.000,775.000,-1,850.000,825.000,-1,-1,2,0,2,0,2,0,0,0,0,2,0,0,2,0,0,2,2
131,6797.425,-6303.318,130.273,129.576,-0.630640,-0.766733,0.120058,0.773387,-0.633755,0.015067,0.064535,0.102353,0.992653,0,0.92824,-0.21718,55.694,-0.434,-1,400.000,-1,400.000,-1,325.000,325.000,300.000,300.000,-1,825.000,850.000,-1,850.000,825.000,-1,-1,2,0,2,0,2,0,0,0,0,2,0,0,2,0,0,2,2
