timestep,x_cm,y_cm,z_cm,yaw_deg,basis_xx,basis_xy,basis_xz,basis_yx,basis_yy,basis_yz,basis_zx,basis_zy,basis_zz,teleport_flag,throttle_cmd,steering_cmd,cmd_move_cm,cmd_turn_deg,lidar_cm_0,lidar_cm_1,lidar_cm_2,lidar_cm_3,lidar_cm_4,lidar_cm_5,lidar_cm_6,lidar_cm_7,lidar_cm_8,lidar_cm_9,lidar_cm_10,lidar_cm_11,lidar_cm_12,lidar_cm_13,lidar_cm_14,lidar_cm_15,lidar_cm_16,lidar_class_0,lidar_class_1,lidar_class_2,lidar_class_3,lidar_class_4,lidar_class_5,lidar_class_6,lidar_class_7,lidar_class_8,lidar_class_9,lidar_class_10,lidar_class_11,lidar_class_12,lidar_class_13,lidar_class_14,lidar_class_15,lidar_class_16
0,1643.604,-7546.190,21.325,-39.375,0.770398,0.629839,0.098944,-0.636873,0.767458,0.073486,-0.029651,-0.119629,0.992376,1,0.08000,-0.12000,4.800,-0.240,450.000,325.000,-1,375.000,-1,275.000,300.000,250.000,475.000,-1,-1,-1,-1,525.000,675.000,525.000,-1,0,0,2,0,2,0,0,0,1,2,2,2,2,0,0,0,2
1,1650.974,-7552.344,21.161,-39.855,0.765224,0.636291,0.097810,-0.643161,0.762208,0.073370,-0.027868,-0.119052,0.992497,0,0.16000,-0.24000,9.600,-0.480,450.000,325.000,-1,375.000,-1,275.000,300.000,250.000,475.000,-1,-1,-1,-1,525.000,700.000,550.000,-1,0,0,2,0,2,0,0,0,1,2,2,2,2,0,0,0,2
2,1661.911,-7561.712,20.912,-40.575,0.757361,0.645882,0.096129,-0.652511,0.754226,0.073295,-0.025163,-0.118236,0.992667,0,0.24000,-0.36000,14.400,-0.720,475.000,325.000,-1,375.000,-1,275.000,300.000,250.000,475.000,-1,-1,-1,-1,525.000,700.000,550.000,-1,0,0,2,0,2,0,0,0,1,2,2,2,2,0,0,0,2
3,1676.281,-7574.447,20.435,-41.535,0.746736,0.658545,0.093288,-0.664785,0.743432,0.073277,-0.021098,-0.116735,0.992939,0,0.32000,-0.48000,19.200,-0.960,475.000,325.000,-1,375.000,-1,275.000,300.000,250.000,475.000,-1,-1,-1,-1,550.000,700.000,600.000,-1,0,0,2,0,2,0,0,0,1,2,2,2,2,0,0,0,2
4,1693.956,-7590.685,19.604,-42.562,0.735261,0.671978,0.088529,-0.677608,0.731753,0.073386,-0.015467,-0.113946,0.993367,0,0.40000,-0.51326,24.000,-1.027,525.000,325.000,-1,375.000,-1,275.000,300.000,250.000,450.000,-1,-1,-1,-1,550.000,725.000,675.000,-1,0,0,2,0,2,0,0,0,1,2,2,2,2,0,0,0,2
5,1714.439,-7610.186,19.269,-43.572,0.723631,0.685219,0.082664,-0.690099,0.720245,0.070781,-0.011037,-0.108266,0.994061,0,0.47133,-0.50539,28.280,-1.011,600.000,325.000,-1,375.000,-1,300.000,300.000,250.000,450.000,-1,-1,-1,-1,575.000,725.000,800.000,-1,0,0,2,0,2,0,0,0,1,2,2,2,2,0,0,0,2
6,1734.722,-7630.174,18.983,-44.565,0.711958,0.697998,0.076904,-0.702190,0.708689,0.068479,-0.006703,-0.102756,0.994684,0,0.47459,-0.49607,28.475,-0.992,675.000,350.000,-1,400.000,-1,300.000,300.000,250.000,425.000,-1,-1,-1,-1,600.000,725.000,1000.000,-1,0,0,2,0,2,0,0,0,1,2,2,2,2,0,0,0,2
7,1754.809,-7650.654,18.749,-45.538,0.700263,0.710317,0.071276,-0.713880,0.697106,0.066470,-0.002473,-0.097429,0.995239,0,0.47810,-0.48663,28.686,-0.973,800.000,350.000,-1,400.000,-1,300.000,300.000,250.000,425.000,-1,-1,-1,-1,600.000,725.000,-1,-1,0,0,2,0,2,0,0,0,1,2,2,2,2,0,0,2,2
8,1774.709,-7671.628,18.570,-46.492,0.688566,0.722182,0.065805,-0.725172,0.685517,0.064740,0.001644,-0.092298,0.995730,0,0.48185,-0.47708,28.911,-0.954,925.000,350.000,-1,400.000,-1,300.000,300.000,250.000,400.000,-1,-1,-1,-1,625.000,725.000,-1,-1,0,0,2,0,2,0,0,0,1,2,2,2,2,0,0,2,2
9,1794.425,-7693.099,18.448,-47.427,0.676885,0.733597,0.060514,-0.736067,0.673945,0.063279,0.005638,-0.087375,0.996160,0,0.48582,-0.46740,29.149,-0.935,1000.000,350.000,-1,400.000,-1,300.000,300.000,275.000,400.000,-1,-1,-1,-1,650.000,725.000,-1,-1,0,0,2,0,2,0,0,0,1,2,2,2,2,0,0,2,2
10,1813.963,-7715.069,18.387,-48.342,0.665242,0.744568,0.055429,-0.746567,0.662408,0.062072,0.009500,-0.082674,0.996531,0,0.49000,-0.45760,29.400,-0.915,-1,350.000,-1,400.000,-1,300.000,325.000,275.000,375.000,-1,-1,-1,-1,675.000,750.000,-1,-1,2,0,2,0,2,0,0,0,1,2,2,2,2,0,0,2,2
11,1833.327,-7737.539,18.388,-49.237,0.653656,0.755100,0.050572,-0.756677,0.650928,0.061104,0.013221,-0.078208,0.996849,0,0.49436,-0.44767,29.662,-0.895,-1,375.000,-1,400.000,-1,300.000,325.000,275.000,375.000,-1,-1,-1,-1,700.000,750.000,-1,-1,2,0,2,0,2,0,0,0,1,2,2,2,2,0,0,2,2
12,1852.520,-7760.511,18.456,-50.113,0.642147,0.765202,0.045966,-0.766398,0.639524,0.060361,0.016792,-0.073989,0.997118,0,0.49890,-0.43761,29.934,-0.875,-1,375.000,-1,400.000,-1,300.000,325.000,275.000,375.000,-1,-1,-1,-1,700.000,750.000,-1,-1,2,0,2,0,2,0,0,0,1,2,2,2,2,0,0,2,2
13,1871.546,-7783.986,18.592,-50.967,0.630735,0.774880,0.041632,-0.775735,0.628217,0.059825,0.020203,-0.070030,0.997340,0,0.50361,-0.42742,30.216,-0.855,-1,375.000,-1,400.000,-1,300.000,325.000,275.000,350.000,-1,-1,-1,750.000,725.000,750.000,-1,-1,2,0,2,0,2,0,0,0,1,2,2,2,1,0,0,2,2
14,1890.410,-7807.964,18.803,-51.802,0.619441,0.784143,0.037581,-0.784692,0.617025,0.059486,0.023457,-0.066337,0.997522,0,0.50847,-0.41710,30.508,-0.834,-1,375.000,-1,400.000,-1,325.000,325.000,275.000,350.000,-1,-1,-1,675.000,750.000,750.000,-1,-1,2,0,2,0,2,0,0,0,1,2,2,2,1,0,0,2,2
15,1909.114,-7832.446,19.085,-52.615,0.608285,0.792996,0.033864,-0.793276,0.605966,0.059323,0.026522,-0.062949,0.997664,0,0.51349,-0.40664,30.809,-0.813,-1,375.000,-1,400.000,-1,325.000,325.000,300.000,350.000,-1,-1,-1,650.000,775.000,750.000,-1,-1,2,0,2,0,2,0,0,0,0,2,2,2,1,0,0,2,2
16,1927.663,-7857.433,19.434,-53.407,0.597285,0.801448,0.030531,-0.801491,0.595058,0.059315,0.029370,-0.059898,0.997772,0,0.51865,-0.39603,31.119,-0.792,-1,400.000,-1,400.000,-1,325.000,325.000,300.000,325.000,-1,-1,450.000,650.000,775.000,775.000,-1,-1,2,0,2,0,2,0,0,0,0,2,2,1,1,0,0,2,2
17,1946.061,-7882.925,19.853,-54.177,0.586462,0.809507,0.027600,-0.809345,0.584318,0.059442,0.031992,-0.057198,0.997850,0,0.52395,-0.38529,31.437,-0.771,1000.000,400.000,-1,400.000,-1,325.000,325.000,300.000,325.000,-1,-1,425.000,650.000,800.000,775.000,1000.000,-1,1,0,2,0,2,0,0,0,0,2,2,1,1,0,0,1,2
18,1964.312,-7908.922,20.344,-54.926,0.575835,0.817181,0.025086,-0.816843,0.573765,0.059684,0.034380,-0.054859,0.997902,0,0.52940,-0.37440,31.764,-0.749,975.000,400.000,-1,400.000,-1,325.000,325.000,300.000,325.000,-1,-1,425.000,675.000,825.000,775.000,975.000,-1,1,0,2,0,2,0,0,0,0,2,2,1,1,0,0,1,2
19,1982.421,-7935.425,20.911,-55.653,0.565423,0.824480,0.023006,-0.823992,0.563414,0.060022,0.036526,-0.052894,0.997932,0,0.53497,-0.36335,32.098,-0.727,925.000,400.000,-1,400.000,-1,325.000,325.000,300.000,325.000,-1,-1,450.000,675.000,825.000,775.000,975.000,-1,1,0,2,0,2,0,0,0,0,2,2,1,1,0,0,1,2
20,2000.393,-7962.434,21.567,-56.357,0.555243,0.831414,0.021353,-0.830802,0.553284,0.060372,0.038380,-0.051262,0.997947,0,0.54069,-0.35216,32.441,-0.704,900.000,400.000,-1,400.000,-1,325.000,325.000,300.000,300.000,-1,-1,475.000,700.000,850.000,775.000,950.000,-1,1,0,2,0,2,0,0,0,0,2,2,1,1,0,0,1,2
21,2018.234,-7989.948,22.408,-57.039,0.545292,0.838007,0.019992,-0.837308,0.543399,0.060270,0.039643,-0.049604,0.997982,0,0.54654,-0.34081,32.792,-0.682,875.000,400.000,-1,400.000,-1,325.000,325.000,300.000,300.000,-1,-1,500.000,725.000,850.000,775.000,925.000,-1,1,0,2,0,2,0,0,0,0,2,2,1,1,0,0,1,2
22,2035.949,-8017.969,23.674,-57.698,0.535630,0.844201,0.020636,-0.843523,0.533733,0.059989,0.039628,-0.049539,0.997986,0,0.55252,-0.32929,33.151,-0.659,825.000,400.000,-1,400.000,-1,325.000,325.000,300.000,300.000,-1,-1,575.000,775.000,850.000,775.000,900.000,-1,1,0,2,0,2,0,0,0,0,2,2,1,1,0,0,1,2
23,2053.546,-8046.497,24.975,-58.333,0.526245,0.850062,0.021462,-0.849416,0.524338,0.059684,0.039482,-0.049638,0.997987,0,0.55863,-0.31761,33.518,-0.635,800.000,400.000,-1,400.000,-1,325.000,325.000,300.000,300.000,-1,-1,675.000,800.000,850.000,775.000,875.000,-1,1,0,2,0,2,0,0,0,0,2,2,1,1,0,0,1,2
24,2071.031,-8075.532,26.308,-58.944,0.517149,0.855607,0.022226,-0.854990,0.515234,0.059382,0.039356,-0.049712,0.997988,0,0.56489,-0.30577,33.893,-0.612,775.000,400.000,-1,400.000,-1,325.000,325.000,300.000,300.000,-1,-1,-1,850.000,850.000,775.000,875.000,-1,1,0,2,0,2,0,0,0,0,2,2,2,1,1,0,1,2
25,2088.411,-8105.075,27.683,-59.532,0.508354,0.860844,0.022877,-0.860252,0.506433,0.059092,0.039283,-0.049720,0.997990,0,0.57128,-0.29375,34.277,-0.588,750.000,400.000,-1,400.000,-1,325.000,325.000,300.000,300.000,-1,-1,-1,900.000,850.000,775.000,850.000,-1,1,0,2,0,2,0,0,0,0,2,2,2,1,1,0,1,2
26,2105.696,-8135.128,29.074,-60.095,0.499874,0.865778,0.023541,-0.865211,0.497947,0.058800,0.039186,-0.049761,0.997992,0,0.57781,-0.28156,34.669,-0.563,725.000,400.000,-1,400.000,-1,325.000,325.000,300.000,300.000,-1,-1,-1,950.000,825.000,775.000,825.000,-1,1,0,2,0,2,0,0,0,0,2,2,2,1,1,0,1,2
27,2122.894,-8165.691,30.481,-60.633,0.491722,0.870416,0.024219,-0.869876,0.489789,0.058506,0.039062,-0.049836,0.997993,0,0.58449,-0.26918,35.069,-0.538,700.000,400.000,-1,400.000,-1,325.000,325.000,300.000,300.000,-1,-1,-1,1000.000,825.000,775.000,800.000,-1,1,0,2,0,2,0,0,0,0,2,2,2,1,1,0,1,2
28,2140.015,-8196.765,31.904,-61.146,0.483910,0.874763,0.024910,-0.874252,0.481970,0.058208,0.038913,-0.049945,0.997994,0,0.59131,-0.25662,35.479,-0.513,675.000,400.000,-1,400.000,-1,325.000,325.000,300.000,300.000,-1,-1,-1,-1,800.000,775.000,775.000,-1,1,0,2,0,2,0,0,0,0,2,2,2,2,1,0,1,2
29,2157.070,-8228.352,33.343,-61.634,0.476451,0.878828,0.025615,-0.878347,0.474503,0.057909,0.038737,-0.050089,0.997993,0,0.59829,-0.24386,35.897,-0.488,650.000,400.000,-1,400.000,-1,325.000,325.000,300.000,300.000,-1,-1,-1,-1,800.000,775.000,750.000,-1,1,0,2,0,2,0,0,0,0,2,2,2,2,1,0,1,2
30,2174.070,-8260.454,34.796,-62.096,0.469357,0.882616,0.026334,-0.882167,0.467399,0.057606,0.038536,-0.050269,0.997992,0,0.60542,-0.23091,36.325,-0.462,625.000,400.000,-1,400.000,-1,325.000,325.000,300.000,300.000,-1,-1,-1,-1,775.000,775.000,725.000,-1,1,0,2,0,2,0,0,0,0,2,2,2,2,1,0,1,2
31,2191.027,-8293.073,36.264,-62.532,0.462639,0.886134,0.027068,-0.885719,0.460672,0.057301,0.038307,-0.050485,0.997990,0,0.61272,-0.21776,36.763,-0.436,600.000,400.000,-1,400.000,-1,325.000,325.000,300.000,300.000,-1,-1,-1,-1,775.000,775.000,725.000,-1,1,0,2,0,2,0,0,0,0,2,2,2,2,1,0,1,2
32,2208.438,-8326.845,37.767,-62.727,0.459615,0.887682,0.027842,-0.887311,0.457636,0.056998,0.037855,-0.050902,0.997986,0,0.63328,-0.09776,37.997,-0.196,575.000,400.000,-1,400.000,-1,325.000,325.000,300.000,300.000,-1,-1,-1,-1,750.000,775.000,700.000,-1,1,0,2,0,2,0,0,0,0,2,2,2,2,1,0,1,2
33,2226.080,-8360.998,39.259,-62.683,0.460307,0.887297,0.028657,-0.886980,0.458310,0.056736,0.037209,-0.051534,0.997978,0,0.64067,0.02224,38.440,0.044,550.000,400.000,-1,400.000,-1,325.000,325.000,300.000,300.000,-1,-1,-1,-1,725.000,775.000,650.000,-1,1,0,2,0,2,0,0,0,0,2,2,2,2,1,0,1,2
34,2246.114,-8399.316,40.892,-62.398,0.464710,0.884967,0.029626,-0.884719,0.462687,0.056515,0.036306,-0.052474,0.997962,0,0.72067,0.14224,43.240,0.284,525.000,400.000,-1,400.000,-1,325.000,325.000,300.000,300.000,-1,-1,-1,-1,700.000,775.000,625.000,-1,1,0,2,0,2,0,0,0,0,2,2,2,2,1,0,1,2
35,2268.762,-8441.683,42.641,-61.874,0.472793,0.880636,0.030757,-0.880472,0.470737,0.056350,0.035145,-0.053722,0.997937,0,0.80067,0.26224,48.040,0.524,475.000,400.000,-1,400.000,-1,325.000,325.000,300.000,300.000,-1,-1,-1,-1,675.000,775.000,575.000,-1,1,0,2,0,2,0,0,0,0,2,2,2,2,1,0,1,2
36,2292.360,-8484.444,44.281,-61.109,0.484489,0.874218,0.031847,-0.874152,0.482412,0.056008,0.033600,-0.054974,0.997922,0,0.81401,0.38224,48.841,0.764,450.000,400.000,-1,400.000,-1,325.000,325.000,300.000,300.000,-1,-1,-1,-1,625.000,775.000,550.000,-1,1,0,2,0,2,0,0,0,0,2,2,2,2,1,0,1,2
37,2316.940,-8527.196,45.844,-60.105,0.499723,0.865557,0.032994,-0.865601,0.497623,0.055737,0.031825,-0.056413,0.997900,0,0.82191,0.50224,49.315,1.004,400.000,400.000,-1,400.000,-1,325.000,325.000,300.000,300.000,-1,-1,-1,-1,600.000,775.000,500.000,-1,1,0,2,0,2,0,0,0,0,2,2,2,2,1,0,1,2
38,2342.702,-8569.833,47.324,-58.860,0.518381,0.854465,0.034203,-0.854629,0.516256,0.055569,0.029824,-0.058036,0.997869,0,0.83027,0.62224,49.816,1.244,375.000,400.000,-1,400.000,-1,325.000,325.000,300.000,300.000,-1,-1,-1,-1,550.000,800.000,450.000,-1,1,0,2,0,2,0,0,0,0,2,2,2,2,1,0,1,2
39,2369.849,-8612.239,48.605,-57.376,0.540295,0.840735,0.035309,-0.841034,0.538175,0.055049,0.027279,-0.059439,0.997859,0,0.83920,0.74224,50.352,1.484,325.000,400.000,-1,400.000,-1,325.000,325.000,300.000,300.000,-1,-1,-1,-1,500.000,800.000,400.000,-1,1,0,2,0,2,0,0,0,0,2,2,2,2,1,0,1,2
40,2398.584,-8654.284,49.834,-55.651,0.565286,0.824090,0.036427,-0.824535,0.563185,0.054448,0.024356,-0.060814,0.997852,0,0.84878,0.86224,50.927,1.724,300.000,400.000,925.000,400.000,-1,325.000,325.000,300.000,300.000,-1,-1,-1,-1,475.000,775.000,350.000,-1,1,0,1,0,2,0,0,0,0,2,2,2,2,1,0,1,2
41,2429.110,-8695.818,50.960,-53.687,0.593131,0.804227,0.037617,-0.804828,0.591050,0.053965,0.021167,-0.062284,0.997834,0,0.85910,0.98224,51.546,1.964,250.000,375.000,775.000,400.000,-1,325.000,325.000,300.000,300.000,-1,-1,-1,-1,425.000,775.000,300.000,-1,1,1,1,0,2,0,0,0,0,2,2,2,2,1,0,1,2
42,2461.481,-8736.784,51.976,-51.687,0.620760,0.783036,0.038879,-0.783796,0.618699,0.053632,0.017942,-0.063766,0.997804,0,0.87022,1.00000,52.213,2.000,200.000,325.000,650.000,400.000,-1,325.000,325.000,300.000,300.000,-1,-1,-1,-1,375.000,775.000,250.000,-1,1,1,1,0,2,0,0,0,0,2,2,2,2,1,0,1,2
43,2495.714,-8777.129,52.878,-49.687,0.647630,0.760894,0.040196,-0.761813,0.645588,0.053461,0.014728,-0.065245,0.997761,0,0.88186,1.00000,52.912,2.000,175.000,300.000,575.000,400.000,-1,325.000,325.000,300.000,300.000,-1,-1,-1,-1,325.000,775.000,200.000,-1,1,1,1,0,2,1,0,0,0,2,2,2,2,1,0,1,2
44,2531.819,-8816.787,53.729,-47.687,0.673716,0.737842,0.041177,-0.738896,0.671697,0.053440,0.011772,-0.066429,0.997722,0,0.89388,1.00000,53.633,2.000,125.000,250.000,475.000,375.000,-1,275.000,325.000,300.000,300.000,-1,-1,-1,-1,275.000,725.000,150.000,-1,1,1,1,0,2,1,0,1,0,2,2,2,2,1,1,1,2
45,2569.787,-8855.706,62.285,-45.687,0.699043,0.715079,0.001259,-0.714244,0.698139,0.049570,0.034568,-0.035551,0.998770,0,0.90618,1.00000,54.371,2.000,125.000,225.000,450.000,450.000,-1,250.000,350.000,325.000,275.000,-1,-1,1000.000,-1,250.000,650.000,125.000,-1,1,1,1,0,2,1,1,1,0,2,2,1,2,1,1,1,2
46,2609.645,-8893.784,71.481,-43.687,0.721877,0.690715,-0.042513,-0.689412,0.723126,0.042425,0.060046,-0.001317,0.998195,0,0.91867,1.00000,55.120,2.000,125.000,225.000,400.000,450.000,-1,225.000,325.000,350.000,275.000,-1,325.000,125.000,-1,250.000,575.000,125.000,-1,1,1,1,1,2,1,1,1,0,2,0,0,2,1,1,1,2
47,2651.385,-8930.935,80.932,-41.687,0.741866,0.664637,-0.088837,-0.664832,0.746320,0.031700,0.087370,0.035545,0.995542,0,0.93122,1.00000,55.873,2.000,125.000,200.000,375.000,375.000,-1,200.000,275.000,400.000,250.000,-1,225.000,50.000,450.000,225.000,500.000,125.000,-1,1,1,1,1,2,1,1,1,0,2,0,0,0,1,1,1,2
48,2694.992,-8967.067,90.727,-39.687,0.758759,0.636799,-0.137011,-0.640953,0.767389,0.017111,0.116037,0.074834,0.990422,0,0.94374,1.00000,56.625,2.000,100.000,175.000,325.000,325.000,-1,200.000,250.000,450.000,225.000,-1,200.000,25.000,275.000,225.000,425.000,100.000,-1,1,1,1,1,2,1,1,1,0,2,0,0,0,1,1,1,2
49,-1639.830,-6887.288,-25.052,-40.559,0.759719,0.650204,0.007922,-0.650012,0.759713,-0.017883,-0.017646,0.008437,0.999809,1,0.00000,0.00000,57.097,2.000,875.000,350.000,-1,375.000,-1,300.000,300.000,275.000,300.000,-1,275.000,250.000,-1,575.000,625.000,725.000,-1,1,0,2,0,2,0,0,0,0,2,0,0,2,1,0,1,2
50,-1636.170,-6890.394,-25.129,-40.319,0.762440,0.647015,0.007483,-0.646834,0.762429,-0.017513,-0.017036,0.008512,0.999819,0,0.08000,0.12000,4.800,0.240,900.000,350.000,-1,375.000,-1,300.000,300.000,275.000,300.000,-1,275.000,250.000,-1,575.000,625.000,725.000,-1,1,0,2,0,2,0,0,0,0,2,0,0,2,1,0,1,2
51,-1628.799,-6896.544,-25.283,-39.839,0.767843,0.640605,0.006594,-0.640443,0.767822,-0.016781,-0.015814,0.008662,0.999837,0,0.16000,0.24000,9.600,0.480,900.000,350.000,-1,375.000,-1,300.000,300.000,275.000,300.000,-1,275.000,250.000,-1,550.000,625.000,725.000,-1,1,0,2,0,2,0,0,0,0,2,0,0,2,1,0,1,2
52,-1617.627,-6905.629,-25.491,-39.119,0.775842,0.630905,0.005343,-0.630771,0.775810,-0.015685,-0.014041,0.008799,0.999863,0,0.24000,0.36000,14.400,0.720,925.000,350.000,-1,375.000,-1,300.000,300.000,275.000,300.000,-1,250.000,225.000,-1,550.000,625.000,725.000,-1,1,0,2,0,2,0,0,0,0,2,0,0,2,1,0,1,2
53,-1602.530,-6917.492,-25.726,-38.159,0.786312,0.617818,0.003815,-0.617717,0.786272,-0.014223,-0.011787,0.008827,0.999892,0,0.32000,0.48000,19.200,0.960,1000.000,350.000,-1,375.000,-1,300.000,300.000,275.000,325.000,-1,250.000,225.000,-1,550.000,650.000,725.000,-1,1,0,2,0,2,0,0,0,0,2,0,0,2,1,0,1,2
54,-1583.352,-6931.921,-26.008,-36.959,0.799084,0.601216,0.001880,-0.601152,0.799038,-0.012446,-0.008985,0.008815,0.999921,0,0.40000,0.60000,24.000,1.200,-1,350.000,-1,375.000,-1,300.000,300.000,275.000,325.000,-1,225.000,225.000,975.000,550.000,650.000,750.000,-1,2,1,2,0,2,0,0,0,0,2,0,0,1,1,0,1,2
55,-1559.930,-6948.680,-26.333,-35.583,0.813289,0.581860,-0.000476,-0.581833,0.813242,-0.010380,-0.005652,0.008719,0.999946,0,0.48000,0.68782,28.800,1.376,-1,350.000,-1,375.000,-1,300.000,300.000,275.000,325.000,-1,225.000,225.000,925.000,550.000,650.000,750.000,-1,2,1,2,0,2,0,0,0,0,2,0,0,1,1,1,1,2
56,-1532.144,-6967.571,-26.704,-34.210,0.826985,0.562215,-0.003257,-0.562221,0.826948,-0.008030,-0.001821,0.008472,0.999962,0,0.56000,0.68629,33.600,1.373,-1,350.000,-1,375.000,-1,300.000,300.000,275.000,325.000,-1,225.000,200.000,875.000,550.000,650.000,750.000,-1,2,1,2,0,2,0,0,0,0,2,0,0,1,1,1,1,2
57,-1499.881,-6988.395,-26.822,-32.841,0.840170,0.542287,-0.006303,-0.542322,0.840143,-0.006878,0.001566,0.009197,0.999956,0,0.64000,0.68472,38.400,1.369,-1,350.000,-1,375.000,-1,300.000,300.000,275.000,325.000,-1,225.000,225.000,875.000,550.000,625.000,775.000,-1,2,1,2,0,2,1,0,0,0,2,0,0,1,1,1,1,2
58,-1463.037,-7010.951,-26.800,-31.475,0.852833,0.522097,-0.009570,-0.522162,0.852823,-0.006290,0.004878,0.010362,0.999934,0,0.72000,0.68308,43.200,1.366,-1,350.000,-1,375.000,-1,300.000,300.000,275.000,325.000,-1,225.000,225.000,850.000,550.000,600.000,775.000,-1,2,1,2,0,2,1,0,0,0,2,0,0,1,1,1,1,2
59,-1421.514,-7035.032,-26.705,-30.112,0.864965,0.501662,-0.013042,-0.501762,0.864986,-0.005850,0.008347,0.011604,0.999898,0,0.80000,0.68130,48.000,1.363,-1,350.000,-1,375.000,-1,300.000,300.000,300.000,325.000,-1,250.000,250.000,875.000,525.000,575.000,775.000,-1,2,1,2,1,2,1,1,0,0,2,0,0,1,1,1,1,2
60,-1378.911,-7058.408,-26.427,-28.754,0.876555,0.481002,-0.016956,-0.481149,0.876619,-0.005795,0.012077,0.013238,0.999839,0,0.80991,0.67933,48.595,1.359,-1,325.000,-1,350.000,-1,275.000,300.000,300.000,325.000,-1,275.000,250.000,875.000,525.000,550.000,900.000,-1,2,1,2,1,2,1,1,0,0,2,0,0,1,1,1,1,2
61,-1335.418,-7080.952,-25.913,-27.400,0.887586,0.460138,-0.021533,-0.460356,0.887712,-0.006272,0.016229,0.015480,0.999748,0,0.81648,0.67702,48.989,1.354,-1,325.000,-1,350.000,-1,275.000,275.000,300.000,300.000,-1,275.000,275.000,900.000,525.000,550.000,-1,-1,2,1,2,1,2,1,1,0,0,2,0,0,1,1,1,2,2
62,-1291.050,-7102.639,-25.274,-26.051,0.898056,0.439099,-0.026209,-0.439405,0.898261,-0.007077,0.020435,0.017872,0.999631,0,0.82307,0.67436,49.384,1.349,-1,325.000,-1,325.000,-1,275.000,275.000,300.000,300.000,-1,300.000,300.000,925.000,525.000,525.000,-1,-1,2,1,2,1,2,1,1,0,0,2,0,0,1,1,1,2,2
63,-1245.826,-7123.447,-24.503,-24.708,0.907962,0.417912,-0.030899,-0.418327,0.908260,-0.008183,0.024644,0.020355,0.999489,0,0.82967,0.67129,49.780,1.343,-1,325.000,-1,300.000,-1,275.000,250.000,300.000,300.000,-1,300.000,300.000,950.000,525.000,500.000,-1,-1,2,1,2,1,2,1,1,0,0,2,0,0,1,1,1,2,2
64,-1199.768,-7143.351,-23.009,-23.373,0.917384,0.396626,-0.033094,-0.397081,0.917747,-0.008262,0.027095,0.020720,0.999418,0,0.83626,0.66778,50.176,1.336,-1,325.000,-1,300.000,-1,250.000,250.000,300.000,300.000,-1,350.000,325.000,975.000,500.000,475.000,-1,-1,2,1,2,1,2,1,1,0,0,2,0,0,1,1,1,2,2
65,-1152.897,-7162.333,-19.873,-22.045,0.926144,0.375292,-0.037598,-0.375608,0.926778,-0.001458,0.034297,0.015472,0.999292,0,0.84281,0.66379,50.568,1.328,-1,325.000,-1,275.000,-1,250.000,250.000,300.000,300.000,-1,350.000,325.000,975.000,525.000,475.000,-1,-1,2,1,2,1,2,1,1,0,0,2,0,0,1,1,1,2,2
66,-1105.237,-7180.369,-15.993,-20.727,0.934269,0.353898,-0.043555,-0.353896,0.935250,0.008029,0.043576,0.007912,0.999019,0,0.84929,0.65926,50.957,1.319,-1,325.000,-1,275.000,-1,250.000,250.000,300.000,325.000,-1,350.000,325.000,1000.000,575.000,500.000,-1,-1,2,1,2,1,2,1,1,0,0,2,0,0,1,1,1,2,2
67,-1052.571,-7198.678,-11.586,-19.168,0.943191,0.328341,-0.050823,-0.327819,0.944559,0.018518,0.054085,-0.000805,0.998536,0,0.92929,0.77926,55.757,1.559,-1,325.000,-1,275.000,-1,275.000,250.000,300.000,350.000,-1,350.000,325.000,950.000,650.000,525.000,-1,-1,2,1,2,1,2,1,1,0,0,2,0,0,1,1,1,2,2
68,-995.305,-7216.591,-6.802,-17.370,0.952560,0.298518,-0.059302,-0.297253,0.954348,0.029330,0.065350,-0.010311,0.997809,0,1.00000,0.89926,60.000,1.799,-1,350.000,-1,275.000,-1,275.000,250.000,300.000,350.000,925.000,250.000,300.000,925.000,750.000,575.000,-1,-1,2,1,2,1,2,1,1,0,0,0,0,0,1,1,1,2,2
69,-937.466,-7232.554,-2.126,-15.428,0.961565,0.265979,-0.068180,-0.263818,0.963779,0.039113,0.076114,-0.019623,0.996906,0,1.00000,0.97070,60.000,1.941,-1,375.000,-1,275.000,-1,275.000,250.000,300.000,375.000,825.000,175.000,250.000,925.000,875.000,625.000,-1,-1,2,1,2,1,2,1,1,0,0,0,0,0,1,1,1,2,2
70,-879.124,-7246.570,2.702,-13.509,0.969290,0.233510,-0.077133,-0.230378,0.971946,0.047397,0.086036,-0.028172,0.995894,0,1.00000,0.95947,60.000,1.919,-1,400.000,-1,275.000,-1,275.000,250.000,300.000,400.000,725.000,150.000,225.000,925.000,-1,675.000,-1,-1,2,1,2,1,2,1,1,0,1,0,0,0,1,2,1,2,2
71,-3607.632,-6887.290,64.919,109.457,-0.333184,-0.942510,0.025761,0.942855,-0.332955,0.012850,-0.003534,0.028570,0.999586,1,0.00000,0.00000,60.000,1.893,250.000,225.000,-1,350.000,-1,200.000,250.000,625.000,350.000,-1,0.000,0.000,-1,300.000,675.000,225.000,-1,1,1,2,1,2,1,1,0,0,2,1,1,2,1,1,1,2
72,6890.468,-4923.087,182.795,131.685,-0.664511,-0.745959,-0.044374,0.747162,-0.664283,-0.021855,-0.013174,-0.047678,0.998776,1,-0.08000,0.12000,-4.800,0.240,-1,375.000,-1,375.000,-1,300.000,300.000,325.000,300.000,-1,350.000,400.000,-1,725.000,650.000,-1,-1,2,0,2,0,2,0,0,0,0,2,0,0,2,0,0,2,2
73,6895.020,-4928.112,182.859,132.165,-0.670714,-0.740372,-0.044636,0.741585,-0.670512,-0.021574,-0.013956,-0.047572,0.998770,0,-0.11300,0.24000,-6.780,0.480,-1,375.000,-1,375.000,-1,300.000,300.000,325.000,300.000,-1,350.000,400.000,-1,725.000,650.000,-1,-1,2,0,2,0,2,0,0,0,0,2,0,0,2,0,0,2,2
74,6899.528,-4932.966,182.909,132.885,-0.679938,-0.731894,-0.044889,0.733118,-0.679768,-0.021295,-0.014929,-0.047389,0.998765,0,-0.11042,0.36000,-6.625,0.720,-1,375.000,-1,375.000,-1,300.000,300.000,325.000,300.000,-1,350.000,400.000,-1,725.000,650.000,-1,-1,2,0,2,0,2,0,0,0,0,2,0,0,2,0,0,2,2
75,6903.976,-4937.597,182.944,133.845,-0.692077,-0.720412,-0.045132,0.721645,-0.691944,-0.021022,-0.016084,-0.047118,0.998760,0,-0.10701,0.48000,-6.420,0.960,-1,375.000,-1,375.000,-1,300.000,300.000,325.000,300.000,-1,350.000,400.000,-1,725.000,650.000,-1,-1,2,0,2,0,2,0,0,0,0,2,0,0,2,0,0,2,2
76,6908.341,-4941.955,182.962,135.045,-0.706982,-0.705775,-0.045362,0.707017,-0.706892,-0.020757,-0.017416,-0.046746,0.998755,0,-0.10280,0.60000,-6.168,1.200,-1,375.000,-1,375.000,-1,300.000,300.000,325.000,300.000,-1,350.000,425.000,-1,725.000,650.000,-1,-1,2,0,2,0,2,0,0,0,0,2,0,0,2,0,0,2,2
77,6912.587,-4946.008,182.975,136.331,-0.722608,-0.689753,-0.045580,0.691002,-0.722562,-0.020506,-0.018790,-0.046313,0.998750,0,-0.09783,0.64272,-5.870,1.285,-1,375.000,-1,375.000,-1,300.000,300.000,325.000,300.000,-1,375.000,425.000,-1,725.000,650.000,-1,-1,2,0,2,0,2,0,0,0,0,2,0,0,2,0,0,2,2
78,6916.694,-4949.757,183.044,137.605,-0.737748,-0.673542,-0.045485,0.674782,-0.737740,-0.020224,-0.019934,-0.045612,0.998760,0,-0.09268,0.63691,-5.561,1.274,-1,375.000,-1,375.000,-1,300.000,300.000,325.000,300.000,-1,375.000,425.000,-1,725.000,650.000,-1,-1,2,0,2,0,2,0,0,0,0,2,0,0,2,0,0,2,2
79,6920.658,-4953.219,183.125,138.864,-0.752361,-0.657190,-0.045315,0.658416,-0.752390,-0.019933,-0.020995,-0.044833,0.998774,0,-0.08771,0.62959,-5.262,1.259,-1,375.000,-1,375.000,-1,300.000,300.000,325.000,300.000,-1,375.000,450.000,-1,725.000,650.000,-1,-1,2,0,2,0,2,0,0,0,0,2,0,0,2,0,0,2,2
80,6924.475,-4956.410,183.203,140.109,-0.766453,-0.640712,-0.045146,0.641923,-0.766517,-0.019643,-0.022019,-0.044035,0.998787,0,-0.08292,0.62243,-4.975,1.245,-1,375.000,-1,375.000,-1,300.000,300.000,325.000,300.000,-1,375.000,450.000,-1,750.000,650.000,-1,-1,2,0,2,0,2,0,0,0,0,2,0,0,2,0,0,2,2
81,6928.144,-4959.344,183.278,141.339,-0.780032,-0.624121,-0.044976,0.625317,-0.780131,-0.019354,-0.023008,-0.043222,0.998801,0,-0.07830,0.61543,-4.698,1.231,-1,375.000,-1,375.000,-1,300.000,300.000,325.000,300.000,-1,375.000,450.000,-1,750.000,650.000,-1,-1,2,0,2,0,2,0,0,0,0,2,0,0,2,0,0,2,2
82,6931.663,-4962.039,183.348,142.557,-0.793108,-0.607431,-0.044808,0.608610,-0.793241,-0.019067,-0.023962,-0.042393,0.998814,0,-0.07386,0.60858,-4.432,1.217,-1,375.000,-1,375.000,-1,300.000,300.000,325.000,300.000,-1,375.000,475.000,-1,750.000,650.000,-1,-1,2,0,2,0,2,0,0,0,0,2,0,0,2,0,0,2,2
83,6935.031,-4964.507,183.414,143.760,-0.805690,-0.590653,-0.044641,0.591815,-0.805855,-0.018781,-0.024881,-0.041551,0.998827,0,-0.06958,0.60188,-4.175,1.204,-1,375.000,-1,375.000,-1,300.000,300.000,325.000,300.000,-1,375.000,500.000,-1,750.000,650.000,-1,-1,2,0,2,0,2,0,0,0,0,2,0,0,2,0,0,2,2
84,6938.247,-4966.762,183.476,144.951,-0.817787,-0.573800,-0.044475,0.574944,-0.817983,-0.018497,-0.025766,-0.040697,0.998839,0,-0.06547,0.59533,-3.928,1.191,-1,400.000,-1,375.000,-1,300.000,300.000,325.000,300.000,-1,375.000,500.000,-1,750.000,650.000,-1,-1,2,0,2,0,2,0,0,0,0,2,0,0,2,0,0,2,2
85,6941.311,-4968.818,183.533,146.129,-0.829407,-0.556884,-0.044311,0.558010,-0.829635,-0.018214,-0.026619,-0.039833,0.998852,0,-0.06150,0.58894,-3.690,1.178,-1,400.000,-1,375.000,-1,325.000,300.000,325.000,300.000,-1,375.000,525.000,-1,775.000,650.000,-1,-1,2,0,2,0,2,0,0,0,0,2,0,0,2,0,0,2,2
86,6944.224,-4970.688,183.585,147.294,-0.840561,-0.539914,-0.044150,0.541021,-0.840818,-0.017933,-0.027440,-0.038960,0.998864,0,-0.05768,0.58268,-3.461,1.165,-1,400.000,-1,375.000,-1,325.000,300.000,325.000,300.000,-1,400.000,550.000,-1,775.000,650.000,-1,-1,2,0,2,0,2,0,0,0,0,2,0,0,2,0,0,2,2
87,6946.985,-4972.383,183.633,148.447,-0.851257,-0.522901,-0.043991,0.523989,-0.851542,-0.017654,-0.028229,-0.038079,0.998876,0,-0.05399,0.57658,-3.240,1.153,-1,400.000,-1,375.000,-1,325.000,300.000,325.000,300.000,-1,400.000,575.000,-1,775.000,650.000,-1,-1,2,0,2,0,2,0,0,0,0,2,0,0,2,0,0,2,2
88,6949.595,-4973.915,183.675,149.589,-0.861504,-0.505855,-0.043836,0.506922,-0.861817,-0.017376,-0.028989,-0.037191,0.998888,0,-0.05044,0.57061,-3.027,1.141,-1,400.000,-1,375.000,-1,325.000,300.000,325.000,300.000,-1,400.000,600.000,-1,775.000,650.000,-1,-1,2,0,2,0,2,0,0,0,0,2,0,0,2,0,0,2,2
89,6952.056,-4975.295,183.725,150.718,-0.871308,-0.488782,-0.043742,0.489833,-0.871648,-0.017124,-0.029758,-0.036346,0.998896,0,-0.04702,0.56477,-2.821,1.130,-1,400.000,-1,375.000,-1,325.000,300.000,325.000,300.000,-1,400.000,625.000,-1,800.000,650.000,-1,-1,2,0,2,0,2,0,0,0,0,2,0,0,2,0,0,2,2
90,6950.316,-4974.354,183.679,151.608,-0.878784,-0.475197,-0.043880,0.476249,-0.879142,-0.017191,-0.030408,-0.036005,0.998889,0,0.03298,0.44477,1.979,0.890,-1,400.000,-1,375.000,-1,325.000,300.000,325.000,300.000,-1,425.000,675.000,-1,800.000,650.000,-1,-1,2,0,2,0,2,0,0,0,0,2,0,0,2,0,0,2,2
91,6944.313,-4971.204,183.484,152.313,-0.884560,-0.464344,-0.044038,0.465406,-0.884925,-0.017490,-0.030849,-0.035966,0.998877,0,0.11298,0.35254,6.779,0.705,1000.000,400.000,-1,375.000,-1,325.000,300.000,325.000,300.000,-1,450.000,700.000,-1,800.000,650.000,-1,-1,1,0,2,0,2,0,0,0,0,2,0,0,2,0,0,2,2
92,6933.995,-4965.951,183.139,153.016,-0.890188,-0.453441,-0.044236,0.454522,-0.890553,-0.018013,-0.031226,-0.036142,0.998859,0,0.19298,0.35173,11.579,0.703,950.000,400.000,-1,375.000,-1,325.000,300.000,325.000,300.000,-1,475.000,725.000,-1,800.000,650.000,-1,-1,1,0,2,0,2,0,0,0,0,2,0,0,2,0,0,2,2
93,6919.309,-4958.699,182.643,153.721,-0.895693,-0.442444,-0.044468,0.443553,-0.896052,-0.018759,-0.031546,-0.036526,0.998835,0,0.27298,0.35246,16.379,0.705,925.000,400.000,-1,375.000,-1,325.000,300.000,325.000,300.000,-1,500.000,775.000,-1,800.000,650.000,-1,-1,1,0,2,0,2,0,0,0,0,2,0,0,2,0,0,2,2
94,6900.204,-4949.559,181.996,154.431,-0.901096,-0.431306,-0.044728,0.432450,-0.901442,-0.019721,-0.031814,-0.037113,0.998805,0,0.35298,0.35473,21.179,0.709,875.000,400.000,-1,375.000,-1,325.000,300.000,300.000,300.000,-1,525.000,825.000,-1,800.000,675.000,-1,-1,1,0,2,0,2,0,0,0,0,2,0,0,2,0,0,2,2
95,6876.631,-4938.641,181.200,155.148,-0.906418,-0.419978,-0.045010,0.421166,-0.906743,-0.020893,-0.032038,-0.037895,0.998768,0,0.43298,0.35856,25.979,0.717,850.000,400.000,-1,375.000,-1,325.000,300.000,300.000,300.000,-1,550.000,850.000,-1,800.000,675.000,-1,-1,1,0,2,0,2,0,0,0,0,2,0,0,2,0,0,2,2
96,6848.541,-4926.062,180.256,155.876,-0.911674,-0.408408,-0.045306,0.409648,-0.911972,-0.022268,-0.032223,-0.038861,0.998725,0,0.51298,0.36398,30.779,0.728,825.000,400.000,-1,375.000,-1,325.000,300.000,300.000,300.000,-1,600.000,900.000,-1,825.000,675.000,-1,-1,1,0,2,0,2,0,0,0,0,2,0,0,2,0,0,2,2
97,6815.884,-4911.943,179.169,156.618,-0.916881,-0.396545,-0.045608,0.397844,-0.917143,-0.023837,-0.032377,-0.040001,0.998675,0,0.59298,0.37103,35.579,0.742,800.000,400.000,-1,375.000,-1,325.000,300.000,300.000,300.000,-1,625.000,975.000,-1,825.000,675.000,-1,-1,1,0,2,0,2,0,0,0,0,2,0,0,2,0,0,2,2
98,6778.611,-4896.411,177.941,157.377,-0.922053,-0.384332,-0.045908,0.385697,-0.922270,-0.025590,-0.032505,-0.041302,0.998618,0,0.67298,0.37978,40.379,0.760,775.000,400.000,-1,375.000,-1,325.000,300.000,300.000,300.000,-1,675.000,-1,-1,825.000,700.000,-1,-1,1,0,2,0,2,0,0,0,0,2,0,2,2,0,0,2,2
99,6736.676,-4879.603,176.577,158.158,-0.927199,-0.371709,-0.046198,0.373146,-0.927364,-0.027515,-0.032615,-0.042750,0.998553,0,0.75298,0.39031,45.179,0.781,750.000,400.000,-1,375.000,-1,325.000,300.000,300.000,300.000,-1,725.000,-1,-1,825.000,700.000,-1,-1,1,0,2,0,2,0,0,0,0,2,0,2,2,0,0,2,2
100,6693.572,-4862.798,175.202,158.699,-0.930663,-0.362918,-0.046440,0.364427,-0.930767,-0.029434,-0.032543,-0.044317,0.998487,0,0.77108,0.27031,46.265,0.541,725.000,400.000,-1,375.000,-1,325.000,300.000,300.000,300.000,-1,750.000,-1,-1,825.000,700.000,-1,-1,1,0,2,0,2,0,0,0,0,2,0,2,2,0,0,2,2
101,6650.310,-4846.192,173.773,158.999,-0.932564,-0.357997,-0.046504,0.359583,-0.932574,-0.031713,-0.032015,-0.046296,0.998415,0,0.77233,0.15031,46.340,0.301,700.000,400.000,-1,375.000,-1,325.000,325.000,300.000,300.000,-1,750.000,-1,-1,825.000,700.000,-1,-1,1,0,2,0,2,0,0,0,0,2,0,2,2,0,0,2,2
102,6607.051,-4829.639,172.427,159.060,-0.932967,-0.356979,-0.046244,0.358620,-0.932869,-0.033863,-0.031051,-0.048177,0.998356,0,0.77195,0.03031,46.317,0.061,725.000,400.000,-1,375.000,-1,325.000,325.000,300.000,300.000,-1,725.000,-1,-1,850.000,725.000,-1,-1,1,0,2,0,2,0,0,0,0,2,0,2,2,0,0,2,2
103,6563.969,-4813.000,171.012,158.880,-0.931849,-0.359854,-0.046503,0.361582,-0.931634,-0.036278,-0.030269,-0.050621,0.998259,0,0.76974,-0.08969,46.184,-0.179,875.000,400.000,-1,375.000,-1,325.000,325.000,300.000,300.000,-1,725.000,-1,-1,850.000,725.000,-1,-1,1,0,2,0,2,0,0,0,0,2,0,2,2,0,0,2,2
104,6521.207,-4796.239,169.434,158.595,-0.930004,-0.364433,-0.047770,0.366315,-0.929664,-0.039224,-0.030116,-0.053978,0.998088,0,0.76548,-0.14291,45.929,-0.286,-1,400.000,-1,375.000,-1,325.000,325.000,300.000,300.000,-1,750.000,-1,-1,825.000,725.000,-1,-1,2,0,2,0,2,0,0,0,0,2,0,2,2,0,0,2,2
105,6478.844,-4779.427,167.895,158.350,-0.928410,-0.368330,-0.048870,0.370355,-0.927940,-0.042009,-0.029876,-0.057101,0.997921,0,0.75962,-0.12216,45.577,-0.244,-1,400.000,-1,375.000,-1,325.000,325.000,300.000,300.000,-1,775.000,-1,-1,825.000,725.000,-1,-1,2,0,2,0,2,0,0,0,0,2,0,2,2,0,0,2,2
106,6436.921,-4762.616,166.530,158.148,-0.927108,-0.371564,-0.049098,0.373662,-0.926517,-0.044074,-0.029114,-0.059207,0.997821,0,0.75279,-0.10134,45.168,-0.203,-1,400.000,-1,400.000,-1,325.000,325.000,275.000,300.000,-1,775.000,-1,-1,825.000,725.000,-1,-1,2,0,2,0,2,0,0,1,0,2,0,2,2,0,0,2,2
107,6395.475,-4745.860,164.992,157.986,-0.926041,-0.374142,-0.049668,0.376300,-0.925401,-0.045061,-0.029104,-0.060418,0.997749,0,0.74509,-0.08058,44.705,-0.161,-1,400.000,-1,400.000,-1,325.000,325.000,275.000,300.000,-1,800.000,-1,-1,825.000,725.000,-1,-1,2,0,2,0,2,0,0,1,0,2,0,2,2,0,0,2,2
108,6354.537,-4729.210,163.505,157.866,-0.925234,-0.376052,-0.050267,0.378273,-0.924551,-0.045995,-0.029178,-0.061571,0.997676,0,0.73658,-0.05998,44.195,-0.120,-1,400.000,-1,400.000,-1,325.000,325.000,250.000,300.000,-1,825.000,-1,-1,825.000,725.000,-1,-1,2,0,2,0,2,0,0,1,0,2,0,2,2,0,1,2,2
109,6314.134,-4712.713,162.067,157.787,-0.924689,-0.377305,-0.050894,0.379590,-0.923966,-0.046878,-0.029337,-0.062666,0.997603,0,0.72735,-0.03966,43.641,-0.079,-1,400.000,-1,375.000,-1,325.000,325.000,250.000,300.000,-1,875.000,-1,-1,825.000,725.000,-1,-1,2,0,2,0,2,0,0,1,0,2,0,2,2,0,1,2,2
110,6274.295,-4696.396,160.681,157.727,-0.924264,-0.378258,-0.051546,0.380608,-0.923505,-0.047710,-0.029556,-0.063716,0.997530,0,0.71751,-0.03032,43.051,-0.061,-1,400.000,-1,375.000,-1,325.000,325.000,250.000,300.000,-1,925.000,-1,-1,800.000,700.000,-1,-1,2,0,2,0,2,0,0,1,0,2,0,2,2,0,1,2,2
111,6235.050,-4680.283,159.344,157.677,-0.923907,-0.379036,-0.052222,0.381452,-0.923116,-0.048494,-0.029826,-0.064724,0.997457,0,0.70706,-0.02490,42.424,-0.050,-1,400.000,-1,375.000,-1,325.000,325.000,225.000,300.000,-1,975.000,-1,-1,800.000,700.000,-1,-1,2,0,2,0,2,0,0,1,0,2,0,2,2,0,1,2,2
112,6196.428,-4664.393,158.057,157.636,-0.923610,-0.379662,-0.052919,0.382146,-0.922790,-0.049230,-0.030142,-0.065692,0.997385,0,0.69606,-0.02021,41.763,-0.040,-1,400.000,-1,375.000,-1,325.000,325.000,225.000,300.000,-1,-1,-1,-1,800.000,675.000,-1,975.000,2,0,2,0,2,0,0,1,0,2,2,2,2,0,1,2,1
113,6158.449,-4648.744,156.819,157.604,-0.923364,-0.380162,-0.053635,0.382713,-0.922518,-0.049920,-0.030502,-0.066621,0.997312,0,0.68461,-0.01623,41.076,-0.032,-1,400.000,-1,375.000,-1,325.000,325.000,225.000,300.000,-1,-1,-1,-1,800.000,675.000,-1,925.000,2,0,2,0,2,0,0,1,0,2,2,2,2,0,1,2,1
114,6121.131,-4633.347,155.629,157.578,-0.923158,-0.380556,-0.054369,0.383176,-0.922290,-0.050565,-0.030901,-0.067513,0.997240,0,0.67283,-0.01295,40.370,-0.026,-1,400.000,-1,375.000,1000.000,325.000,325.000,225.000,300.000,-1,-1,-1,-1,800.000,650.000,-1,900.000,2,0,2,0,1,0,0,1,0,2,2,2,2,0,1,2,1
115,6084.484,-4618.211,154.486,157.557,-0.922985,-0.380867,-0.055119,0.383557,-0.922099,-0.051167,-0.031338,-0.068368,0.997168,0,0.66083,-0.01036,39.650,-0.021,-1,400.000,-1,375.000,925.000,325.000,325.000,225.000,300.000,-1,-1,-1,-1,800.000,650.000,-1,850.000,2,0,2,1,1,0,0,1,0,2,2,2,2,0,1,2,1
116,6048.514,-4603.342,153.411,157.540,-0.922839,-0.381114,-0.055852,0.383876,-0.921929,-0.051835,-0.031737,-0.069275,0.997093,0,0.64871,-0.00843,38.923,-0.017,-1,400.000,-1,375.000,875.000,325.000,325.000,225.000,300.000,-1,-1,-1,-1,800.000,625.000,-1,825.000,2,0,2,1,1,0,0,1,0,2,2,2,2,0,1,2,1
117,6013.219,-4588.742,152.432,157.526,-0.922704,-0.381324,-0.056647,0.384155,-0.921786,-0.052294,-0.032276,-0.070013,0.997024,0,0.63659,-0.00712,38.195,-0.014,-1,400.000,-1,375.000,850.000,325.000,325.000,250.000,300.000,-1,-1,-1,-1,800.000,625.000,-1,775.000,2,0,2,1,1,0,0,1,0,2,2,2,2,0,1,2,1
118,5978.594,-4574.411,151.390,157.513,-0.922591,-0.381500,-0.057302,0.384408,-0.921627,-0.053238,-0.032501,-0.071145,0.996936,0,0.62455,-0.00643,37.473,-0.013,-1,400.000,-1,375.000,800.000,325.000,325.000,250.000,300.000,-1,-1,-1,-1,775.000,600.000,-1,750.000,2,0,2,1,1,0,0,1,0,2,2,2,2,0,1,2,1
119,5944.630,-4560.345,150.225,157.501,-0.922489,-0.381654,-0.057908,0.384659,-0.921426,-0.054880,-0.032412,-0.072901,0.996812,0,0.61269,-0.00630,36.761,-0.013,-1,400.000,-1,375.000,775.000,325.000,325.000,250.000,300.000,-1,-1,-1,-1,775.000,600.000,-1,725.000,2,0,2,1,1,0,1,1,0,2,2,2,2,0,1,2,1
120,5911.314,-4546.538,148.997,157.487,-0.922396,-0.381810,-0.058370,0.384917,-0.921189,-0.056998,-0.032007,-0.075042,0.996667,0,0.60107,-0.00672,36.064,-0.013,-1,400.000,-1,375.000,725.000,325.000,325.000,250.000,300.000,-1,-1,-1,-1,775.000,575.000,-1,700.000,2,0,2,1,1,0,1,1,0,2,2,2,2,0,1,2,1
121,5878.628,-4532.982,148.019,157.472,-0.922260,-0.382019,-0.059144,0.385218,-0.920999,-0.058032,-0.032303,-0.076304,0.996561,0,0.58976,-0.00765,35.386,-0.015,-1,400.000,-1,350.000,700.000,325.000,325.000,250.000,300.000,-1,-1,-1,-1,750.000,575.000,-1,675.000,2,0,2,1,1,0,1,1,0,2,2,2,2,0,1,2,1
122,5846.552,-4519.667,147.073,157.454,-0.922105,-0.382273,-0.059917,0.385565,-0.920789,-0.059055,-0.032595,-0.077557,0.996455,0,0.57883,-0.00906,34.730,-0.018,-1,400.000,-1,350.000,675.000,325.000,300.000,250.000,300.000,-1,-1,-1,-1,750.000,550.000,-1,625.000,2,0,2,1,1,0,1,1,0,2,2,2,2,0,1,2,1
123,5815.065,-4506.581,145.985,157.432,-0.921963,-0.382606,-0.059979,0.385922,-0.920599,-0.059680,-0.032383,-0.078170,0.996414,0,0.56830,-0.01091,34.098,-0.022,-1,400.000,-1,350.000,625.000,325.000,300.000,275.000,300.000,-1,-1,-1,-1,750.000,550.000,-1,600.000,2,0,2,1,1,0,1,1,0,2,2,2,2,0,1,2,1
124,5784.142,-4493.713,144.897,157.406,-0.921797,-0.383014,-0.059919,0.386343,-0.920386,-0.060229,-0.032080,-0.078669,0.996385,0,0.55822,-0.01319,33.493,-0.026,-1,400.000,-1,350.000,600.000,325.000,300.000,275.000,300.000,-1,-1,-1,-1,750.000,525.000,-1,575.000,2,0,2,1,1,0,1,1,0,2,2,2,2,0,1,2,1
125,5753.759,-4481.051,144.071,157.374,-0.921626,-0.383482,-0.059553,0.386832,-0.920075,-0.061833,-0.031081,-0.080024,0.996308,0,0.54861,-0.01586,32.916,-0.032,-1,400.000,-1,350.000,575.000,325.000,300.000,275.000,300.000,-1,-1,-1,-1,750.000,525.000,-1,550.000,2,0,2,1,1,0,1,1,0,2,2,2,2,0,1,2,1
126,5723.889,-4468.580,143.343,157.336,-0.921424,-0.384038,-0.059096,0.387409,-0.919701,-0.063750,-0.029868,-0.081635,0.996215,0,0.53948,-0.01889,32.369,-0.038,-1,400.000,-1,350.000,550.000,325.000,300.000,275.000,300.000,-1,-1,-1,-1,750.000,500.000,-1,525.000,2,0,2,1,1,0,1,1,0,2,2,2,2,0,1,2,1
127,5689.539,-4454.381,142.579,157.538,-0.922838,-0.380727,-0.058449,0.384125,-0.920899,-0.066281,-0.028590,-0.083619,0.996088,0,0.61948,0.10111,37.169,0.202,-1,400.000,-1,325.000,525.000,325.000,300.000,300.000,325.000,-1,-1,-1,-1,750.000,500.000,-1,525.000,2,0,2,1,1,0,1,1,0,2,2,2,2,0,1,2,1
128,5650.660,-4438.576,141.793,157.875,-0.925139,-0.375238,-0.057572,0.378664,-0.922920,-0.069512,-0.027051,-0.086108,0.995918,0,0.69948,0.16808,41.969,0.336,-1,400.000,-1,325.000,500.000,325.000,300.000,300.000,325.000,-1,-1,-1,-1,750.000,500.000,-1,500.000,2,0,2,1,1,0,1,1,0,2,2,2,2,0,1,2,1
129,5607.305,-4421.037,141.020,157.971,-0.925876,-0.373580,-0.056493,0.377020,-0.923281,-0.073537,-0.024687,-0.089385,0.995691,0,0.77948,0.04808,46.769,0.096,-1,400.000,-1,325.000,475.000,325.000,300.000,300.000,325.000,600.000,-1,-1,-1,750.000,475.000,-1,475.000,2,0,2,1,1,1,1,0,0,1,2,2,2,0,1,2,1
130,5559.548,-4401.579,140.321,157.827,-0.925075,-0.375751,-0.055200,0.379181,-0.921983,-0.078536,-0.021383,-0.093583,0.995382,0,0.85948,-0.07192,51.569,-0.144,-1,425.000,-1,325.000,450.000,325.000,300.000,300.000,325.000,525.000,950.000,-1,-1,750.000,475.000,-1,450.000,2,0,2,1,1,1,1,0,0,1,0,2,2,0,1,2,1
131,5509.383,-4380.942,139.767,157.634,-0.923971,-0.378676,-0.053684,0.382065,-0.920267,-0.084465,-0.017419,-0.098554,0.994979,0,0.90407,-0.09661,54.244,-0.193,-1,425.000,-1,325.000,425.000,325.000,275.000,300.000,350.000,500.000,475.000,-1,-1,775.000,450.000,-1,425.000,2,0,2,1,1,1,1,0,0,1,0,2,2,0,1,2,1
132,5459.409,-4360.162,139.421,157.415,-0.922706,-0.381970,-0.052080,0.385284,-0.918289,-0.091110,-0.013023,-0.104133,0.994478,0,0.90204,-0.10945,54.122,-0.219,-1,425.000,-1,300.000,400.000,325.000,275.000,300.000,350.000,475.000,400.000,750.000,-1,800.000,450.000,-1,400.000,2,0,2,1,1,1,1,0,0,1,0,0,2,0,1,2,1
133,5409.618,-4339.207,139.297,157.168,-0.921260,-0.385662,-0.050459,0.388861,-0.916015,-0.098509,-0.008230,-0.110374,0.993856,0,0.90035,-0.12342,54.021,-0.247,-1,425.000,-1,300.000,375.000,325.000,275.000,300.000,375.000,450.000,325.000,500.000,-1,775.000,450.000,-1,375.000,2,1,2,1,1,1,1,0,0,1,0,0,2,1,1,2,1
