timestep,x_cm,y_cm,z_cm,yaw_deg,basis_xx,basis_xy,basis_xz,basis_yx,basis_yy,basis_yz,basis_zx,basis_zy,basis_zz,teleport_flag,throttle_cmd,steering_cmd,cmd_move_cm,cmd_turn_deg,lidar_cm_0,lidar_cm_1,lidar_cm_2,lidar_cm_3,lidar_cm_4,lidar_cm_5,lidar_cm_6,lidar_cm_7,lidar_cm_8,lidar_cm_9,lidar_cm_10,lidar_cm_11,lidar_cm_12,lidar_cm_13,lidar_cm_14,lidar_cm_15,lidar_cm_16,lidar_class_0,lidar_class_1,lidar_class_2,lidar_class_3,lidar_class_4,lidar_class_5,lidar_class_6,lidar_class_7,lidar_class_8,lidar_class_9,lidar_class_10,lidar_class_11,lidar_class_12,lidar_class_13,lidar_class_14,lidar_class_15,lidar_class_16
0,-8851.106,6234.053,219.933,33.591,0.826666,-0.550413,-0.116913,0.557947,0.828734,0.043542,0.072923,-0.101226,0.992187,1,0.08000,-0.12000,4.800,-0.240,-1,400.000,-1,400.000,-1,325.000,325.000,325.000,300.000,1000.000,450.000,550.000,-1,850.000,875.000,-1,-1,2,0,2,0,2,0,0,0,0,1,0,0,2,0,0,2,2
1,-8843.064,6239.297,220.589,33.111,0.831201,-0.543466,-0.117260,0.551030,0.833340,0.043701,0.073967,-0.100938,0.992139,0,0.16000,-0.24000,9.600,-0.480,-1,400.000,-1,400.000,-1,325.000,325.000,325.000,300.000,-1,475.000,550.000,-1,850.000,875.000,-1,-1,2,0,2,0,2,0,0,0,0,2,0,0,2,0,0,2,2
2,-8830.903,6247.011,221.593,32.391,0.837895,-0.532976,-0.117762,0.540583,0.840142,0.043950,0.075512,-0.100486,0.992069,0,0.24000,-0.36000,14.400,-0.720,-1,400.000,-1,400.000,-1,325.000,325.000,325.000,300.000,-1,475.000,550.000,-1,850.000,875.000,-1,-1,2,0,2,0,2,0,0,0,0,2,0,0,2,0,0,2,2
3,-8814.519,6257.022,222.965,31.431,0.846621,-0.518859,-0.118399,0.526518,0.849009,0.044300,0.077537,-0.099844,0.991977,0,0.32000,-0.48000,19.200,-0.960,-1,425.000,-1,400.000,-1,325.000,325.000,325.000,300.000,-1,475.000,550.000,-1,850.000,900.000,-1,-1,2,0,2,0,2,0,0,0,0,2,0,0,2,0,0,2,2
4,-8793.780,6269.105,224.734,30.231,0.857202,-0.501008,-0.119142,0.508727,0.859764,0.044762,0.080008,-0.098981,0.991868,0,0.40000,-0.60000,24.000,-1.200,-1,425.000,-1,400.000,-1,325.000,325.000,325.000,300.000,-1,500.000,575.000,-1,850.000,900.000,-1,-1,2,0,2,0,2,0,0,0,0,2,0,0,2,0,0,2,2
5,-8768.538,6282.974,226.933,28.791,0.869416,-0.479298,-0.119957,0.487079,0.872180,0.045347,0.082889,-0.097854,0.991743,0,0.48000,-0.72000,28.800,-1.440,-1,425.000,-1,400.000,-1,325.000,325.000,300.000,300.000,-1,500.000,575.000,-1,850.000,925.000,-1,-1,2,0,2,0,2,0,0,0,0,2,0,0,2,0,0,2,2
6,-8738.635,6298.301,229.600,27.141,0.882750,-0.454048,-0.120801,0.461889,0.885741,0.046057,0.086086,-0.096454,0.991608,0,0.56000,-0.82501,33.600,-1.650,-1,425.000,-1,425.000,-1,325.000,325.000,300.000,300.000,-1,500.000,575.000,-1,850.000,950.000,-1,-1,2,0,2,0,2,0,0,0,0,2,0,0,2,0,0,2,2
7,-8703.964,6314.812,232.751,25.470,0.895519,-0.428092,-0.121590,0.435986,0.898734,0.046823,0.089233,-0.094942,0.991475,0,0.64000,-0.83540,38.400,-1.671,-1,425.000,-1,425.000,-1,325.000,325.000,300.000,300.000,-1,500.000,575.000,-1,850.000,975.000,-1,-1,2,0,2,0,2,0,0,0,0,2,0,0,2,0,0,2,2
8,-8664.427,6332.225,236.411,23.773,0.907724,-0.401356,-0.122272,0.409290,0.911160,0.047628,0.092294,-0.093278,0.991353,0,0.72000,-0.84840,43.200,-1.697,-1,425.000,-1,425.000,-1,325.000,350.000,300.000,300.000,-1,475.000,575.000,-1,875.000,-1,-1,-1,2,0,2,0,2,0,0,0,0,2,0,0,2,0,2,2,2
9,-8619.944,6350.264,240.894,22.076,0.919215,-0.374217,-0.122494,0.382267,0.922714,0.049717,0.094422,-0.092526,0.991223,0,0.80000,-0.84867,48.000,-1.697,-1,425.000,-1,425.000,-1,350.000,350.000,300.000,300.000,-1,525.000,625.000,-1,875.000,-1,-1,-1,2,0,2,0,2,0,0,0,0,2,0,0,2,0,2,2,2
10,-8572.435,6367.913,245.557,20.381,0.930022,-0.346825,-0.121534,0.354842,0.933513,0.051386,0.095632,-0.090915,0.991256,0,0.84467,-0.84710,50.680,-1.694,-1,425.000,-1,425.000,-1,350.000,350.000,300.000,300.000,-1,625.000,725.000,-1,850.000,-1,-1,-1,2,0,2,0,2,0,0,0,0,2,0,0,2,0,2,2,2
11,-8524.077,6384.270,249.996,18.691,0.940187,-0.319237,-0.118896,0.326962,0.943611,0.051897,0.095624,-0.087667,0.991550,0,0.85081,-0.84500,51.049,-1.690,-1,425.000,-1,425.000,-1,350.000,350.000,300.000,300.000,-1,725.000,775.000,-1,850.000,-1,-1,-1,2,0,2,0,2,0,0,0,0,2,0,0,2,0,2,2,2
12,-8474.916,6399.303,254.597,17.007,0.949506,-0.291442,-0.116188,0.298855,0.952873,0.052135,0.095518,-0.084225,0.991858,0,0.85679,-0.84242,51.407,-1.685,-1,425.000,-1,425.000,-1,350.000,350.000,300.000,300.000,-1,800.000,850.000,-1,850.000,-1,-1,-1,2,0,2,0,2,0,0,0,0,2,0,0,2,1,2,2,2
13,-8425.002,6412.981,259.265,15.328,0.957995,-0.263475,-0.113256,0.270583,0.961262,0.052531,0.095028,-0.080969,0.992176,0,0.86255,-0.83934,51.753,-1.679,-1,425.000,-1,425.000,-1,350.000,350.000,300.000,275.000,-1,875.000,900.000,-1,800.000,-1,-1,-1,2,0,2,0,2,0,0,0,0,2,0,0,2,1,2,2,2
14,-8374.390,6425.276,263.812,13.656,0.965676,-0.235368,-0.109869,0.242239,0.968720,0.053876,0.093751,-0.078641,0.992485,0,0.86807,-0.83574,52.084,-1.671,-1,425.000,-1,425.000,-1,350.000,350.000,300.000,275.000,-1,950.000,1000.000,-1,775.000,-1,-1,-1,2,0,2,0,2,0,0,0,0,2,0,0,2,1,2,2,2
15,-8323.136,6436.162,268.480,11.993,0.972485,-0.207190,-0.106514,0.213816,0.975326,0.054972,0.092496,-0.076234,0.992790,0,0.87328,-0.83162,52.397,-1.663,1000.000,400.000,-1,425.000,-1,325.000,350.000,300.000,275.000,-1,-1,-1,-1,775.000,-1,975.000,-1,1,0,2,0,2,0,0,0,0,2,2,2,2,1,2,1,2
16,-8271.304,6445.616,273.263,10.339,0.978425,-0.178987,-0.103191,0.185361,0.981083,0.055830,0.091246,-0.073753,0.993094,0,0.87812,-0.82697,52.687,-1.654,900.000,400.000,-1,425.000,-1,325.000,325.000,300.000,275.000,-1,-1,-1,-1,750.000,-1,925.000,-1,1,0,2,0,2,0,0,0,0,2,2,2,2,1,2,1,2
17,-8218.959,6453.620,278.154,8.696,0.983504,-0.150802,-0.099895,0.156920,0.985996,0.056462,0.089982,-0.071206,0.993395,0,0.88255,-0.82177,52.953,-1.644,825.000,400.000,-1,425.000,-1,325.000,325.000,300.000,300.000,-1,-1,-1,-1,750.000,-1,900.000,-1,1,0,2,0,2,0,0,0,0,2,2,2,2,1,2,1,2
18,-8161.949,6460.429,283.556,6.812,0.988286,-0.118338,-0.096368,0.124167,0.990629,0.056896,0.088732,-0.068195,0.993718,0,0.95691,-0.94177,57.415,-1.884,775.000,400.000,-1,425.000,-1,325.000,325.000,300.000,300.000,-1,-1,-1,-1,775.000,-1,875.000,-1,1,0,2,0,2,0,0,0,0,2,2,2,2,1,2,1,2
19,-8104.530,6465.343,289.070,4.894,0.992034,-0.085129,-0.092857,0.090661,0.994245,0.057073,0.087464,-0.065037,0.994042,0,0.96047,-0.95916,57.628,-1.918,700.000,400.000,-1,425.000,-1,325.000,325.000,300.000,300.000,-1,-1,-1,-1,800.000,-1,875.000,-1,1,0,2,0,2,0,0,0,0,2,2,2,2,1,2,1,2
20,-8046.815,6468.356,294.685,2.991,0.994638,-0.052078,-0.089350,0.057308,0.996728,0.057004,0.086089,-0.061819,0.994368,0,0.96323,-0.95145,57.794,-1.903,675.000,400.000,-1,450.000,-1,325.000,350.000,300.000,300.000,-1,-1,-1,-1,800.000,-1,875.000,-1,1,0,2,0,2,0,0,0,0,2,2,2,2,0,2,1,2
21,-7988.918,6469.471,300.387,1.105,0.996124,-0.019248,-0.085830,0.024171,0.998099,0.056692,0.084575,-0.058547,0.994696,0,0.96513,-0.94307,57.908,-1.886,650.000,400.000,-1,450.000,-1,325.000,350.000,300.000,300.000,-1,-1,-1,-1,800.000,-1,900.000,-1,1,0,2,0,2,0,0,0,0,2,2,2,2,0,2,1,2
22,-7930.956,6468.697,306.144,-0.763,0.996525,0.013302,-0.082230,-0.008700,0.998389,0.056072,0.082843,-0.055162,0.995035,0,0.96611,-0.93407,57.966,-1.868,650.000,400.000,-1,450.000,-1,350.000,350.000,300.000,300.000,-1,-1,-1,-1,825.000,-1,-1,-1,1,0,2,0,2,0,0,0,0,2,2,2,2,0,2,2,2
23,-7873.052,6466.054,311.793,-2.612,0.995850,0.045515,-0.078814,-0.041178,0.997592,0.055801,0.081164,-0.052324,0.995326,0,0.96608,-0.92447,57.965,-1.849,650.000,425.000,-1,450.000,-1,350.000,350.000,300.000,325.000,-1,-1,-1,-1,825.000,-1,-1,-1,1,0,2,0,2,0,0,0,0,2,2,2,2,0,2,2,2
24,-7815.327,6461.569,315.760,-4.441,0.994120,0.077342,-0.075786,-0.073348,0.995836,0.054132,0.079657,-0.048255,0.995654,0,0.96499,-0.91434,57.899,-1.829,650.000,400.000,-1,450.000,-1,350.000,350.000,300.000,300.000,-1,-1,-1,-1,850.000,-1,-1,-1,1,0,2,0,2,0,0,0,0,2,2,2,2,0,2,2,2
25,-7757.903,6455.280,319.493,-6.248,0.991435,0.108738,-0.072343,-0.105181,0.993129,0.051292,0.077423,-0.043243,0.996060,0,0.96280,-0.90374,57.768,-1.807,700.000,400.000,-1,450.000,-1,350.000,350.000,300.000,300.000,-1,-1,-1,-1,875.000,-1,-1,-1,1,0,2,0,2,0,0,0,0,2,2,2,2,0,2,2,2
26,-7700.897,6447.232,323.234,-8.034,0.987806,0.139658,-0.068811,-0.136529,0.989459,0.048277,0.074828,-0.038293,0.996461,0,0.95952,-0.89277,57.571,-1.786,825.000,400.000,-1,450.000,-1,350.000,350.000,275.000,300.000,-1,-1,-1,-1,875.000,-1,-1,-1,1,0,2,0,2,0,0,0,0,2,2,2,2,0,2,2,2
27,-7644.425,6437.479,326.958,-9.797,0.983274,0.170064,-0.065191,-0.167349,0.984866,0.045094,0.071873,-0.033430,0.996853,0,0.95514,-0.88154,57.309,-1.763,950.000,400.000,-1,450.000,-1,350.000,350.000,275.000,300.000,-1,-1,-1,-1,900.000,-1,-1,-1,1,0,2,0,2,0,0,1,0,2,2,2,2,0,2,2,2
28,-7588.593,6426.081,330.645,-11.537,0.977880,0.199925,-0.061486,-0.197609,0.979391,0.041749,0.068566,-0.028675,0.997234,0,0.94974,-0.87017,56.985,-1.740,-1,400.000,-1,450.000,-1,350.000,350.000,275.000,300.000,-1,-1,-1,-1,900.000,-1,-1,-1,2,0,2,0,2,0,0,1,0,2,2,2,2,0,2,2,2
29,-7533.498,6413.102,334.275,-13.255,0.971663,0.229219,-0.057701,-0.227282,0.973078,0.038248,0.064915,-0.024050,0.997601,0,0.94340,-0.85880,56.604,-1.718,-1,425.000,-1,450.000,-1,350.000,350.000,275.000,275.000,-1,-1,-1,-1,925.000,-1,-1,-1,2,0,2,0,2,0,0,1,0,2,2,2,2,0,2,2,2
30,-7479.229,6398.596,337.830,-14.965,0.964597,0.258174,-0.053839,-0.256592,0.965900,0.034595,0.060935,-0.019556,0.997950,0,0.93624,-0.85484,56.175,-1.710,-1,425.000,-1,450.000,-1,350.000,350.000,275.000,275.000,-1,-1,-1,-1,925.000,-1,-1,-1,2,0,2,0,2,0,0,1,0,2,2,2,2,0,2,2,2
31,-7425.867,6382.617,341.294,-16.670,0.956681,0.286828,-0.049906,-0.285575,0.957861,0.030793,0.056635,-0.015207,0.998279,0,0.92839,-0.85271,55.704,-1.705,-1,425.000,-1,450.000,-1,350.000,350.000,300.000,275.000,-1,-1,-1,-1,975.000,-1,-1,-1,2,0,2,0,2,0,0,1,0,2,2,2,2,0,2,2,2
32,-7373.480,6365.218,344.653,-18.373,0.947922,0.315176,-0.045909,-0.314224,0.948969,0.026840,0.052026,-0.011017,0.998585,0,0.92002,-0.85123,55.201,-1.702,-1,425.000,-1,450.000,-1,350.000,350.000,300.000,275.000,-1,-1,-1,-1,-1,-1,-1,-1,2,0,2,0,2,0,0,0,0,2,2,2,2,2,2,2,2
33,-7322.123,6346.451,347.795,-20.073,0.938316,0.343214,-0.042047,-0.342511,0.939229,0.023147,0.047436,-0.007317,0.998847,0,0.91133,-0.85041,54.680,-1.701,-1,425.000,-1,450.000,-1,350.000,350.000,300.000,275.000,-1,-1,-1,-1,-1,-1,-1,-1,2,0,2,0,2,0,0,0,0,2,2,2,2,2,2,2,2
34,-7271.836,6326.364,350.342,-21.774,0.927879,0.370938,-0.038025,-0.370370,0.928640,0.021287,0.043207,-0.005669,0.999050,0,0.90251,-0.85023,54.151,-1.700,-1,425.000,-1,450.000,-1,350.000,350.000,275.000,275.000,-1,-1,-1,-1,-1,-1,-1,-1,2,0,2,0,2,0,0,0,0,2,2,2,2,2,2,2,2
35,-7222.649,6305.002,352.484,-23.475,0.916654,0.398347,-0.032630,-0.397882,0.917219,0.019966,0.037882,-0.005319,0.999268,0,0.89377,-0.85069,53.626,-1.701,-1,425.000,-1,450.000,-1,350.000,350.000,275.000,275.000,-1,-1,-1,-1,-1,-1,-1,-1,2,0,2,0,2,0,0,0,0,2,2,2,2,2,2,2,2
36,-7174.578,6282.404,354.503,-25.179,0.904580,0.425439,-0.027162,-0.425071,0.904973,0.018411,0.032414,-0.005109,0.999461,0,0.88530,-0.85177,53.118,-1.704,-1,425.000,-1,450.000,-1,350.000,350.000,275.000,275.000,-1,-1,-1,-1,-1,-1,-1,-1,2,0,2,0,2,0,0,0,0,2,2,2,2,2,2,2,2
37,-7127.631,6258.601,356.151,-26.886,0.891625,0.452207,-0.022661,-0.451938,0.891903,0.016164,0.027521,-0.004171,0.999613,0,0.87728,-0.85344,52.637,-1.707,-1,425.000,-1,450.000,-1,350.000,350.000,275.000,300.000,-1,-1,-1,-1,-1,-1,-1,-1,2,0,2,0,2,0,0,0,0,2,2,2,2,2,2,2,2
38,-7081.808,6233.621,357.352,-28.597,0.877793,0.478644,-0.019489,-0.478468,0.878006,0.013195,0.023427,-0.002258,0.999723,0,0.86984,-0.85566,52.190,-1.711,-1,425.000,-1,450.000,-1,350.000,350.000,275.000,300.000,-1,-1,-1,-1,-1,-1,-1,-1,2,0,2,0,2,0,0,0,0,2,2,2,2,2,2,2,2
39,-7040.795,6209.877,358.299,-30.068,0.865269,0.501032,-0.016618,-0.500926,0.865429,0.010295,0.019540,-0.000584,0.999809,0,0.78984,-0.73566,47.390,-1.471,-1,425.000,-1,450.000,-1,350.000,350.000,275.000,300.000,-1,-1,-1,-1,-1,-1,-1,-1,2,0,2,0,2,0,0,0,0,2,2,2,2,2,2,2,2
40,-7004.403,6187.750,358.917,-31.300,0.854348,0.519513,-0.013995,-0.519467,0.854462,0.007017,0.015604,0.001275,0.999877,0,0.70984,-0.61566,42.590,-1.231,-1,425.000,-1,450.000,-1,350.000,350.000,275.000,275.000,-1,-1,-1,-1,-1,-1,-1,-1,2,0,2,0,2,0,0,0,0,2,2,2,2,2,2,2,2
41,-6972.457,6167.562,359.370,-32.291,0.845267,0.534217,-0.011647,-0.534208,0.845343,0.004130,0.012052,0.002731,0.999924,0,0.62984,-0.49566,37.790,-0.991,-1,425.000,-1,450.000,-1,350.000,350.000,275.000,275.000,-1,-1,-1,-1,-1,-1,-1,-1,2,0,2,0,2,0,0,0,0,2,2,2,2,2,2,2,2
42,-6944.803,6149.574,359.674,-33.042,0.838217,0.545254,-0.009505,-0.545264,0.838263,0.001656,0.008870,0.003794,0.999953,0,0.54984,-0.37566,32.990,-0.751,-1,425.000,-1,450.000,-1,350.000,350.000,275.000,275.000,875.000,-1,-1,-1,-1,1000.000,-1,-1,2,0,2,0,2,0,0,0,0,1,2,2,2,2,0,2,2
43,-6921.310,6133.993,359.884,-33.554,0.833338,0.552711,-0.007702,-0.552730,0.833360,-0.000453,0.006169,0.004635,0.999970,0,0.46984,-0.25566,28.190,-0.511,-1,425.000,-1,450.000,-1,350.000,350.000,275.000,275.000,825.000,-1,-1,-1,-1,1000.000,-1,-1,2,0,2,0,2,0,0,0,0,1,2,2,2,2,0,2,2
44,-6901.906,6120.931,360.024,-33.947,0.829540,0.558413,-0.006223,-0.558433,0.829546,-0.002199,0.003935,0.005299,0.999978,0,0.38984,-0.19652,23.390,-0.393,-1,425.000,-1,450.000,-1,350.000,350.000,275.000,275.000,800.000,-1,-1,-1,-1,975.000,-1,-1,2,0,2,0,2,0,0,0,0,1,2,2,2,2,0,2,2
45,-6886.556,6110.443,360.115,-34.344,0.825658,0.564148,-0.005055,-0.564166,0.825653,-0.003588,0.002149,0.005814,0.999981,0,0.30984,-0.19858,18.590,-0.397,-1,425.000,-1,425.000,-1,350.000,350.000,275.000,275.000,775.000,-1,-1,-1,-1,975.000,-1,-1,2,0,2,0,2,0,0,0,0,1,2,2,2,2,0,2,2
46,-6875.225,6102.584,360.173,-34.744,0.821700,0.569904,-0.004192,-0.569919,0.821688,-0.004625,0.000809,0.006189,0.999981,0,0.22984,-0.20026,13.790,-0.401,-1,425.000,-1,425.000,-1,350.000,350.000,275.000,275.000,775.000,-1,-1,-1,-1,950.000,-1,-1,2,0,2,0,2,0,0,0,0,1,2,2,2,2,0,2,2
47,-6867.874,6097.408,360.208,-35.147,0.817674,0.575670,-0.003631,-0.575681,0.817657,-0.005311,-0.000088,0.006433,0.999979,0,0.14984,-0.20154,8.990,-0.403,-1,450.000,-1,425.000,-1,350.000,350.000,275.000,275.000,750.000,-1,-1,-1,-1,950.000,-1,-1,2,0,2,0,2,0,0,0,0,1,2,2,2,2,0,2,2
48,-6864.464,6094.972,360.229,-35.552,0.813588,0.581431,-0.003371,-0.581441,0.813569,-0.005648,-0.000542,0.006555,0.999978,0,0.06984,-0.20239,4.190,-0.405,-1,450.000,-1,425.000,-1,350.000,350.000,275.000,275.000,750.000,-1,-1,-1,-1,925.000,-1,-1,2,0,2,0,2,0,0,0,0,1,2,2,2,2,0,2,2
49,-6864.958,6095.330,360.239,-35.958,0.809452,0.587176,-0.003408,-0.587185,0.809433,-0.005636,-0.000551,0.006563,0.999978,0,-0.01016,-0.20279,-0.610,-0.406,-1,450.000,-1,425.000,-1,350.000,350.000,275.000,275.000,750.000,-1,-1,-1,-1,925.000,-1,-1,2,0,2,0,2,0,0,0,0,1,2,2,2,2,0,2,2
50,-6869.314,6098.537,360.239,-36.363,0.805275,0.592889,-0.003743,-0.592901,0.805258,-0.005277,-0.000115,0.006469,0.999979,0,-0.09016,-0.20273,-5.410,-0.405,-1,450.000,-1,425.000,-1,350.000,350.000,275.000,275.000,725.000,-1,-1,-1,-1,925.000,-1,-1,2,0,2,0,2,0,0,0,0,1,2,2,2,2,0,2,2
51,-6877.493,6104.648,360.223,-36.768,0.801067,0.598559,-0.004377,-0.598575,0.801054,-0.004569,0.000771,0.006280,0.999980,0,-0.17016,-0.20220,-10.210,-0.404,-1,450.000,-1,425.000,-1,350.000,350.000,275.000,275.000,725.000,-1,-1,-1,-1,925.000,-1,-1,2,0,2,0,2,0,0,0,0,1,2,2,2,2,0,2,2
52,-6889.453,6113.717,360.184,-37.170,0.796837,0.604171,-0.005311,-0.604191,0.796832,-0.003510,0.002111,0.006006,0.999980,0,-0.25016,-0.20120,-15.010,-0.402,-1,425.000,-1,425.000,-1,350.000,350.000,275.000,275.000,700.000,-1,-1,-1,-1,925.000,-1,-1,2,0,2,0,2,0,0,0,0,1,2,2,2,2,0,2,2
53,-6905.155,6125.795,360.109,-37.569,0.792595,0.609713,-0.006550,-0.609736,0.792602,-0.002099,0.003912,0.005657,0.999976,0,-0.33016,-0.19973,-19.810,-0.399,-1,425.000,-1,425.000,-1,350.000,350.000,275.000,275.000,700.000,-1,-1,-1,-1,925.000,-1,-1,2,0,2,0,2,0,0,0,0,1,2,2,2,2,0,2,2
54,-6924.556,6140.935,359.982,-37.965,0.788351,0.615173,-0.008096,-0.615195,0.788375,-0.000330,0.006180,0.005241,0.999967,0,-0.41016,-0.19780,-24.610,-0.396,-1,425.000,-1,425.000,-1,350.000,350.000,275.000,275.000,675.000,-1,-1,-1,-1,925.000,-1,-1,2,0,2,0,2,0,0,0,0,1,2,2,2,2,0,2,2
55,-6940.141,6153.164,359.849,-38.121,0.786663,0.617312,-0.009351,-0.617331,0.786703,0.001110,0.008042,0.004900,0.999956,0,-0.33016,-0.07780,-19.810,-0.156,-1,450.000,-1,450.000,-1,350.000,350.000,275.000,275.000,675.000,-1,-1,-1,-1,925.000,-1,-1,2,0,2,0,2,0,0,0,0,1,2,2,2,2,0,2,2
56,-6951.934,6162.449,359.732,-38.216,0.785617,0.618628,-0.010306,-0.618641,0.785671,0.002206,0.009462,0.004642,0.999944,0,-0.25016,-0.04790,-15.010,-0.096,-1,450.000,-1,450.000,-1,350.000,350.000,275.000,275.000,650.000,-1,-1,-1,-1,925.000,-1,-1,2,0,2,0,2,0,0,0,0,1,2,2,2,2,0,2,2
57,-6959.945,6168.778,359.646,-38.309,0.784603,0.619902,-0.010956,-0.619911,0.784666,0.002953,0.010428,0.004475,0.999936,0,-0.17016,-0.04648,-10.210,-0.093,-1,450.000,-1,450.000,-1,350.000,350.000,275.000,275.000,650.000,-1,-1,-1,-1,950.000,-1,-1,2,0,2,0,2,0,0,0,0,1,2,2,2,2,0,2,2
58,-6964.184,6172.138,359.599,-38.400,0.783611,0.621148,-0.011299,-0.621155,0.783681,0.003349,0.010935,0.004395,0.999931,0,-0.09016,-0.04553,-5.410,-0.091,-1,450.000,-1,450.000,-1,350.000,350.000,275.000,275.000,650.000,-1,-1,-1,-1,950.000,-1,-1,2,0,2,0,2,0,0,0,0,1,2,2,2,2,0,2,2
59,-6964.661,6172.518,359.597,-38.491,0.782634,0.622379,-0.011334,-0.622386,0.782703,0.003391,0.010981,0.004400,0.999930,0,-0.01016,-0.04502,-0.610,-0.090,-1,450.000,-1,450.000,-1,350.000,350.000,275.000,275.000,650.000,-1,-1,-1,-1,950.000,-1,-1,2,0,2,0,2,0,0,0,0,1,2,2,2,2,0,2,2
60,-6961.386,6169.904,359.639,-38.580,0.781660,0.623607,-0.011060,-0.623615,0.781725,0.003081,0.010567,0.004489,0.999934,0,0.06984,-0.04496,4.190,-0.090,-1,450.000,-1,450.000,-1,350.000,350.000,275.000,275.000,650.000,-1,-1,-1,-1,950.000,-1,-1,2,0,2,0,2,0,0,0,0,1,2,2,2,2,0,2,2
61,-6954.366,6164.287,359.721,-38.671,0.780680,0.624843,-0.010479,-0.624856,0.780736,0.002418,0.009692,0.004660,0.999942,0,0.14984,-0.04536,8.990,-0.091,-1,450.000,-1,450.000,-1,350.000,350.000,275.000,275.000,650.000,-1,-1,-1,-1,925.000,-1,-1,2,0,2,0,2,0,0,0,0,1,2,2,2,2,0,2,2
62,-6943.614,6155.653,359.837,-38.764,0.779683,0.626101,-0.009592,-0.626118,0.779727,0.001406,0.008360,0.004910,0.999953,0,0.22984,-0.04620,13.790,-0.092,-1,450.000,-1,450.000,-1,350.000,350.000,275.000,275.000,650.000,-1,-1,-1,-1,925.000,-1,-1,2,0,2,0,2,0,0,0,0,1,2,2,2,2,0,2,2
63,-6929.137,6143.989,359.975,-38.859,0.778658,0.627392,-0.008405,-0.627414,0.778686,0.000048,0.006575,0.005236,0.999965,0,0.30984,-0.04752,18.590,-0.095,-1,450.000,-1,425.000,-1,350.000,350.000,275.000,275.000,650.000,-1,-1,-1,-1,925.000,-1,-1,2,0,2,0,2,0,0,0,0,1,2,2,2,2,0,2,2
64,-6910.949,6129.283,360.118,-38.957,0.777592,0.628731,-0.006922,-0.628754,0.777603,-0.001654,0.004343,0.005638,0.999975,0,0.38984,-0.04932,23.390,-0.099,-1,425.000,-1,425.000,-1,350.000,350.000,275.000,275.000,675.000,-1,-1,-1,-1,900.000,-1,-1,2,0,2,0,2,0,0,0,0,1,2,2,2,2,0,2,2
65,-6889.059,6111.519,360.246,-39.061,0.776473,0.630129,-0.005148,-0.630148,0.776466,-0.003692,0.001671,0.006111,0.999980,0,0.46984,-0.05163,28.190,-0.103,-1,450.000,-1,425.000,-1,350.000,350.000,275.000,275.000,675.000,-1,-1,-1,-1,900.000,-1,-1,2,0,2,0,2,0,0,0,0,1,2,2,2,2,0,2,2
66,-6863.483,6090.681,360.336,-39.169,0.775286,0.631602,-0.003092,-0.631608,0.775264,-0.006061,-0.001432,0.006652,0.999977,0,0.54984,-0.05447,32.990,-0.109,-1,450.000,-1,425.000,-1,350.000,350.000,275.000,275.000,675.000,-1,-1,-1,-1,875.000,-1,-1,2,0,2,0,2,0,0,0,0,1,2,2,2,2,0,2,2
67,-6834.233,6066.753,360.358,-39.285,0.774017,0.633164,-0.000761,-0.633145,0.773983,-0.008754,-0.004954,0.007258,0.999961,0,0.62984,-0.05787,37.790,-0.116,-1,450.000,-1,425.000,-1,350.000,350.000,300.000,275.000,700.000,-1,-1,-1,-1,875.000,-1,-1,2,0,2,0,2,0,0,0,0,1,2,2,2,2,0,2,2
68,-6804.197,6042.074,360.236,-39.409,0.772648,0.634832,0.001612,-0.634779,0.772612,-0.011211,-0.008362,0.007639,0.999936,0,0.64790,-0.06186,38.874,-0.124,-1,450.000,-1,425.000,-1,350.000,350.000,300.000,275.000,725.000,-1,-1,-1,-1,850.000,-1,-1,2,0,2,0,2,0,0,0,0,1,2,2,2,2,0,2,2
69,-6774.182,6017.295,359.845,-39.541,0.771172,0.636614,0.003975,-0.636529,0.771148,-0.012722,-0.011164,0.007281,0.999911,0,0.64870,-0.06606,38.922,-0.132,-1,450.000,-1,425.000,-1,350.000,350.000,300.000,275.000,725.000,-1,-1,-1,-1,850.000,-1,-1,2,0,2,0,2,0,0,0,0,1,2,2,2,2,0,2,2
70,-6744.180,5992.403,359.370,-39.682,0.769589,0.638508,0.006318,-0.638387,0.769584,-0.014248,-0.013959,0.006932,0.999879,0,0.64972,-0.07037,38.983,-0.141,-1,450.000,-1,400.000,-1,350.000,350.000,275.000,275.000,750.000,-1,-1,-1,-1,850.000,-1,-1,2,0,2,0,2,0,0,0,0,1,2,2,2,2,0,2,2
71,-6714.186,5967.385,358.845,-39.831,0.767895,0.640517,0.008645,-0.640359,0.767917,-0.015614,-0.016640,0.006455,0.999841,0,0.65096,-0.07479,39.058,-0.150,-1,450.000,-1,400.000,-1,350.000,350.000,275.000,275.000,775.000,-1,-1,-1,-1,850.000,-1,-1,2,0,2,0,2,0,0,0,0,1,2,2,2,2,0,2,2
72,-6684.195,5942.228,358.415,-39.990,0.766086,0.642644,0.010975,-0.642464,0.766146,-0.016137,-0.018779,0.005311,0.999810,0,0.65242,-0.07930,39.145,-0.159,-1,450.000,-1,400.000,-1,350.000,350.000,275.000,275.000,800.000,-1,-1,-1,-1,850.000,-1,-1,2,0,2,0,2,0,0,0,0,1,2,2,2,2,0,2,2
73,-6654.201,5916.919,357.906,-40.158,0.764161,0.644889,0.013294,-0.644688,0.764265,-0.016638,-0.020890,0.004143,0.999773,0,0.65409,-0.08390,39.245,-0.168,-1,450.000,-1,400.000,-1,350.000,325.000,275.000,275.000,825.000,-1,-1,-1,-1,-1,-1,-1,2,0,2,0,2,0,0,0,0,1,2,2,2,2,2,2,2
74,-6624.200,5891.445,357.007,-40.335,0.762080,0.647254,0.017207,-0.647038,0.762272,-0.016803,-0.023993,0.001672,0.999711,0,0.65595,-0.08861,39.357,-0.177,-1,450.000,-1,400.000,-1,350.000,325.000,275.000,275.000,850.000,-1,-1,-1,-1,-1,-1,-1,2,0,2,0,2,0,0,0,0,1,2,2,2,2,2,2,2
75,-6594.188,5865.793,356.036,-40.522,0.759867,0.649737,0.021068,-0.649516,0.760159,-0.016967,-0.027039,-0.000791,0.999634,0,0.65801,-0.09340,39.481,-0.187,-1,450.000,-1,400.000,-1,350.000,325.000,275.000,275.000,875.000,-1,-1,-1,-1,-1,-1,-1,2,0,2,0,2,0,0,0,0,1,2,2,2,2,2,2,2
76,-6564.162,5839.950,354.995,-40.718,0.757521,0.652338,0.024856,-0.652121,0.757921,-0.017133,-0.030016,-0.003231,0.999544,0,0.66026,-0.09829,39.615,-0.197,-1,450.000,-1,400.000,-1,350.000,325.000,275.000,275.000,900.000,-1,-1,-1,-1,-1,-1,-1,2,0,2,0,2,0,0,0,0,1,2,2,2,2,2,2,2
77,-6534.120,5813.904,353.879,-40.925,0.755037,0.655059,0.028576,-0.654856,0.755557,-0.017267,-0.032902,-0.005676,0.999442,0,0.66268,-0.10327,39.761,-0.207,-1,450.000,-1,400.000,-1,350.000,325.000,275.000,275.000,925.000,-1,-1,-1,-1,-1,-1,-1,2,0,2,0,2,0,0,0,0,1,2,2,2,2,2,2,2
78,-6503.368,5787.042,352.623,-41.139,0.752447,0.657859,0.032316,-0.657687,0.753095,-0.017204,-0.035655,-0.008309,0.999330,0,0.68053,-0.10682,40.832,-0.214,-1,450.000,-1,400.000,-1,350.000,325.000,275.000,275.000,950.000,-1,-1,-1,-1,-1,-1,-1,2,0,2,0,2,0,0,0,0,1,2,2,2,2,2,2,2
79,-6472.704,5760.048,351.226,-41.359,0.749769,0.660739,0.035645,-0.660601,0.750540,-0.017192,-0.038112,-0.010656,0.999217,0,0.68088,-0.11029,40.853,-0.221,-1,450.000,-1,400.000,-1,350.000,325.000,275.000,275.000,950.000,-1,-1,-1,-1,-1,-1,-1,2,0,2,0,2,0,0,0,0,1,2,2,2,2,2,2,2
80,-6438.646,5729.646,349.473,-41.754,0.745057,0.665873,0.038779,-0.665774,0.745953,-0.017273,-0.040429,-0.012948,0.999099,0,0.76088,-0.19723,45.653,-0.394,-1,450.000,-1,400.000,-1,350.000,325.000,275.000,275.000,975.000,-1,-1,-1,-1,-1,-1,-1,2,0,2,0,2,0,0,0,0,1,2,2,2,2,2,2,2
81,-6404.263,5698.524,347.611,-42.152,0.740256,0.671018,0.041896,-0.670968,0.741283,-0.017331,-0.042686,-0.015282,0.998972,0,0.77294,-0.19908,46.377,-0.398,-1,450.000,-1,400.000,-1,350.000,325.000,275.000,275.000,1000.000,-1,-1,-1,-1,-1,-1,-1,2,0,2,0,2,0,0,0,0,1,2,2,2,2,2,2,2
82,-6369.856,5666.937,345.652,-42.554,0.735366,0.676176,0.044967,-0.676183,0.736529,-0.017361,-0.044859,-0.017639,0.998838,0,0.77844,-0.20100,46.706,-0.402,-1,450.000,-1,400.000,-1,350.000,350.000,275.000,275.000,-1,-1,-1,-1,-1,-1,-1,-1,2,0,2,0,2,0,0,0,0,2,2,2,2,2,2,2,2
83,-6332.012,5631.998,343.387,-42.716,0.733270,0.678226,0.048213,-0.678300,0.734581,-0.017298,-0.047148,-0.020019,0.998687,0,0.85844,-0.08100,51.506,-0.162,-1,450.000,-1,400.000,-1,350.000,350.000,275.000,300.000,-1,-1,-1,-1,-1,-1,-1,-1,2,0,2,0,2,0,0,0,0,2,2,2,2,2,2,2,2
84,-6290.589,5593.858,340.630,-42.638,0.733997,0.677201,0.051449,-0.677311,0.735478,-0.017927,-0.049980,-0.021689,0.998515,0,0.93844,0.03900,56.306,0.078,-1,450.000,-1,425.000,-1,350.000,350.000,300.000,275.000,-1,-1,-1,-1,-1,-1,-1,-1,2,0,2,0,2,0,0,0,0,2,2,2,2,2,2,2,2
85,-6248.664,5555.683,337.482,-42.320,0.737589,0.673118,0.053625,-0.673139,0.739235,-0.020384,-0.053363,-0.021062,0.998353,0,0.94503,0.15900,56.702,0.318,-1,450.000,-1,425.000,-1,350.000,350.000,300.000,275.000,-1,-1,-1,-1,-1,-1,-1,-1,2,1,2,0,2,0,0,0,0,2,2,2,2,2,2,2,2
86,-6206.099,5517.677,334.309,-41.762,0.743876,0.665888,0.056940,-0.665828,0.745757,-0.022788,-0.057638,-0.020960,0.998117,0,0.95105,0.27900,57.063,0.558,-1,-1,-1,-1,-1,350.000,350.000,300.000,275.000,-1,-1,-1,-1,-1,-1,-1,-1,2,2,2,2,2,0,0,0,0,2,2,2,2,2,2,2,2
87,-6162.752,5480.044,330.979,-40.964,0.752785,0.655434,0.061010,-0.655301,0.754956,-0.024966,-0.062423,-0.021185,0.997825,0,0.95671,0.39900,57.403,0.798,-1,-1,-1,-1,-1,350.000,350.000,300.000,275.000,-1,-1,-1,-1,-1,-1,-1,-1,2,2,2,2,2,0,0,0,0,2,2,2,2,2,2,2,2
88,-6118.491,5443.004,327.069,-39.926,0.764228,0.641632,0.065294,-0.641519,0.766685,-0.025468,-0.066401,-0.022424,0.997541,0,0.96190,0.51900,57.714,1.038,-1,-1,-1,-1,-1,350.000,350.000,300.000,275.000,-1,-1,-1,-1,-1,-1,-1,-1,2,2,2,2,2,0,0,0,0,2,2,2,2,2,2,2,2
89,-6073.203,5406.790,322.947,-38.648,0.778021,0.624363,0.069670,-0.624242,0.780792,-0.026174,-0.070740,-0.023128,0.997227,0,0.96644,0.63900,57.986,1.278,-1,-1,-1,-1,-1,-1,350.000,300.000,275.000,-1,-1,-1,-1,-1,-1,-1,-1,2,2,2,2,2,2,0,0,0,2,2,2,2,2,2,2,2
90,-6026.863,5371.564,318.617,-37.241,0.792762,0.605009,0.074110,-0.604859,0.795874,-0.027019,-0.075329,-0.023406,0.996884,0,0.97014,0.70312,58.209,1.406,-1,-1,-1,-1,-1,-1,350.000,300.000,275.000,-1,-1,-1,-1,-1,-1,-1,-1,2,2,2,2,2,2,1,0,0,2,2,2,2,2,2,2,2
91,-5978.745,5337.064,313.145,-35.643,0.808557,0.582525,0.083066,-0.582526,0.812372,-0.026745,-0.083060,-0.026764,0.996185,0,0.98677,0.79919,59.206,1.598,-1,-1,-1,-1,-1,-1,-1,275.000,275.000,-1,-1,-1,-1,-1,-1,-1,-1,2,2,2,2,2,2,2,0,0,2,2,2,2,2,2,2,2
92,-5929.291,5303.658,305.682,-34.045,0.822751,0.559475,0.100343,-0.560138,0.828048,-0.024099,-0.096572,-0.036378,0.994661,0,0.99462,0.79897,59.677,1.598,-1,-1,-1,-1,-1,-1,-1,250.000,275.000,-1,-1,-1,-1,-1,-1,-1,-1,2,2,2,2,2,2,2,0,1,2,2,2,2,2,2,2,2
93,-5878.653,5271.463,293.980,-32.448,0.835381,0.536238,0.120778,-0.535950,0.843410,-0.037642,-0.122051,-0.033286,0.991966,0,1.00000,0.79851,60.000,1.597,-1,-1,-1,-1,-1,-1,-1,225.000,300.000,-1,-1,-1,-1,-1,-1,-1,-1,2,2,2,2,2,2,2,0,1,2,2,2,2,2,2,2,2
94,-5827.136,5240.687,281.077,-30.853,0.846562,0.512624,0.143351,-0.510667,0.858145,-0.052978,-0.150174,-0.028356,0.988253,0,1.00000,0.79780,60.000,1.596,-1,-1,-1,-1,-1,-1,-1,225.000,300.000,-1,-1,-1,-1,-1,-1,-1,-1,2,2,2,2,2,2,2,0,1,2,2,2,2,2,2,2,2
95,-5774.782,5211.353,266.502,-29.259,0.856633,0.488663,0.165495,-0.483934,0.872252,-0.070594,-0.178850,-0.019616,0.983681,0,1.00000,0.79681,60.000,1.594,-1,-1,-1,-1,-1,-1,-1,200.000,325.000,-1,-1,-1,-1,-1,-1,-1,-1,2,2,2,2,2,2,2,0,1,2,2,2,2,2,2,2,2
96,-5721.631,5183.474,248.297,-27.668,0.864664,0.464345,0.191677,-0.453164,0.885654,-0.101289,-0.216793,0.000720,0.976217,0,1.00000,0.79552,60.000,1.591,-1,-1,-1,-1,-1,-1,-1,200.000,350.000,-1,-1,-1,-1,-1,-1,-1,-1,2,2,2,2,2,2,2,1,1,2,2,2,2,2,2,2,2
97,7544.561,7541.849,67.953,-134.411,-0.753111,0.617749,0.226295,-0.639052,-0.605174,-0.474739,-0.156322,-0.502145,0.850537,1,0.00000,0.00000,60.000,1.588,-1,1000.000,-1,950.000,0.000,850.000,675.000,100.000,300.000,0.000,0.000,-1,-1,-1,-1,-1,0.000,2,1,2,1,1,1,1,1,1,1,0,2,2,2,2,2,1
98,6231.616,-2950.878,-278.166,-16.893,0.963044,0.268562,-0.020502,-0.254939,0.884339,-0.391089,-0.086901,0.381863,0.920124,1,0.00000,0.00000,4.800,0.240,-1,650.000,-1,375.000,250.000,500.000,400.000,125.000,175.000,-1,-1,-1,325.000,-1,525.000,-1,350.000,2,1,2,0,0,0,0,1,0,2,2,2,0,2,0,2,0
99,-5570.703,327.033,303.507,-11.158,0.976659,0.193503,0.093241,-0.191762,0.981060,-0.027367,-0.096771,0.008848,0.995267,1,0.08000,0.12000,4.800,0.240,725.000,375.000,625.000,400.000,775.000,325.000,325.000,300.000,300.000,-1,-1,-1,-1,475.000,525.000,550.000,650.000,1,1,1,0,1,0,0,0,0,2,2,2,2,1,1,1,1
100,-5561.269,325.255,302.567,-10.678,0.978241,0.185276,0.093368,-0.183471,0.982637,-0.027630,-0.096866,0.009899,0.995248,0,0.16000,0.24000,9.600,0.480,725.000,375.000,625.000,400.000,750.000,325.000,325.000,300.000,300.000,-1,-1,-1,-1,475.000,525.000,525.000,625.000,1,1,1,0,1,0,0,0,0,2,2,2,2,1,1,1,1
101,-5547.092,322.730,301.161,-10.095,0.980062,0.175278,0.093572,-0.173389,0.984455,-0.028005,-0.097026,0.011223,0.995219,0,0.24000,0.29114,14.400,0.582,750.000,350.000,600.000,400.000,725.000,325.000,325.000,300.000,300.000,-1,-1,-1,-1,450.000,500.000,525.000,600.000,1,1,1,1,1,0,0,0,0,2,2,2,2,1,1,1,1
102,-5528.156,319.557,299.289,-9.514,0.981770,0.165283,0.093860,-0.163300,0.986165,-0.028479,-0.097269,0.012632,0.995178,0,0.32000,0.29050,19.200,0.581,725.000,350.000,575.000,400.000,675.000,325.000,325.000,300.000,300.000,-1,-1,-1,-1,450.000,500.000,500.000,575.000,1,1,1,1,1,1,0,0,0,2,2,2,2,1,1,1,1
103,-5504.448,315.829,296.954,-8.934,0.983364,0.155288,0.094235,-0.153201,0.987768,-0.029040,-0.097592,0.014120,0.995126,0,0.40000,0.29002,24.000,0.580,700.000,325.000,550.000,375.000,650.000,300.000,325.000,300.000,300.000,-1,-1,-1,-1,425.000,475.000,500.000,550.000,1,1,1,1,1,1,1,0,0,2,2,2,2,1,1,1,1
104,-5475.953,311.645,294.155,-8.355,0.984847,0.145289,0.094697,-0.143087,0.989265,-0.029680,-0.097993,0.015680,0.995064,0,0.48000,0.28967,28.800,0.579,650.000,325.000,525.000,350.000,600.000,300.000,300.000,300.000,300.000,-1,-1,-1,-1,400.000,425.000,475.000,500.000,1,1,1,1,1,1,1,0,0,2,2,2,2,1,1,1,1
105,-5442.662,307.098,290.894,-7.776,0.986218,0.135283,0.095249,-0.132957,0.990656,-0.030388,-0.098470,0.017305,0.994990,0,0.56000,0.28946,33.600,0.579,600.000,300.000,500.000,325.000,550.000,275.000,275.000,300.000,300.000,-1,-1,-1,-1,375.000,400.000,425.000,475.000,1,1,1,1,1,1,1,0,0,2,2,2,2,1,1,1,1
106,-5404.564,302.287,287.172,-7.197,0.987478,0.125266,0.095891,-0.122807,0.991941,-0.031152,-0.099021,0.018986,0.994904,0,0.64000,0.28936,38.400,0.579,525.000,275.000,450.000,300.000,475.000,250.000,275.000,300.000,300.000,-1,-1,-1,-1,350.000,375.000,400.000,425.000,1,1,1,1,1,1,1,0,0,2,2,2,2,1,1,1,1
107,-5361.652,297.308,282.990,-6.619,0.988628,0.115236,0.096623,-0.112635,0.993122,-0.031964,-0.099642,0.020718,0.994808,0,0.72000,0.28939,43.200,0.579,475.000,250.000,400.000,275.000,425.000,225.000,250.000,300.000,300.000,-1,-1,-1,-1,325.000,325.000,350.000,375.000,1,1,1,1,1,1,1,0,0,2,2,2,2,1,1,1,1
108,-5313.918,292.258,278.349,-6.040,0.989666,0.105188,0.097446,-0.102439,0.994198,-0.032813,-0.100332,0.022492,0.994700,0,0.80000,0.28955,48.000,0.579,400.000,225.000,350.000,250.000,350.000,200.000,200.000,300.000,300.000,-1,-1,-1,-1,275.000,300.000,300.000,300.000,1,1,1,1,1,1,1,0,0,2,2,2,2,1,1,1,1
109,-5261.358,287.234,273.754,-5.460,0.990804,0.095116,0.096226,-0.092076,0.995117,-0.035561,-0.099139,0.026373,0.994724,0,0.88000,0.28984,52.800,0.580,325.000,200.000,300.000,200.000,275.000,175.000,175.000,325.000,300.000,-1,-1,-1,-1,250.000,250.000,250.000,250.000,1,1,1,1,1,1,1,0,0,2,2,2,2,1,1,1,1
110,-5203.971,282.339,274.491,-4.879,0.993514,0.085001,0.075529,-0.081939,0.995719,-0.042769,-0.078842,0.036303,0.996226,0,0.96000,0.29028,57.600,0.581,475.000,175.000,300.000,175.000,250.000,150.000,175.000,350.000,325.000,-1,-1,475.000,-1,250.000,225.000,275.000,200.000,1,1,1,1,1,1,1,0,0,2,2,0,2,1,1,1,1
111,-5144.145,277.844,280.744,-4.298,0.996435,0.074910,0.038797,-0.073799,0.996842,-0.029317,-0.040871,0.026350,0.998817,0,1.00000,0.29090,60.000,0.582,-1,200.000,300.000,200.000,250.000,175.000,175.000,375.000,375.000,-1,150.000,150.000,-1,250.000,250.000,350.000,225.000,2,1,1,1,1,1,1,0,0,2,0,0,2,1,1,1,1
112,-2295.439,2295.590,-61.888,-45.114,0.583453,0.707057,-0.399565,-0.632130,0.704253,0.323172,0.509896,0.064021,0.857850,1,0.00000,0.00000,60.000,0.583,-1,-1,-1,-1,0.000,-1,-1,400.000,175.000,0.000,0.000,-1,-1,-1,-1,-1,0.000,2,2,2,2,1,2,2,1,1,1,1,2,2,2,2,2,1
113,-8199.213,6231.349,293.036,102.518,-0.210097,-0.972709,-0.098470,0.974945,-0.215974,0.053279,-0.073092,-0.084809,0.993713,1,0.00000,0.00000,4.800,-0.240,-1,400.000,-1,400.000,-1,325.000,325.000,325.000,325.000,-1,-1,-1,-1,825.000,750.000,-1,-1,2,0,2,0,2,0,0,0,0,2,2,2,2,0,0,2,2
114,-8200.273,6236.031,292.687,102.758,-0.214151,-0.971817,-0.098541,0.974027,-0.220051,0.053379,-0.073558,-0.084551,0.993700,0,0.08000,0.12000,4.800,0.240,-1,400.000,-1,400.000,-1,325.000,325.000,325.000,325.000,-1,-1,-1,-1,825.000,750.000,-1,-1,2,0,2,0,2,0,0,0,0,2,2,2,2,0,0,2,2
115,-8202.471,6245.375,291.980,103.238,-0.222249,-0.969982,-0.098690,0.972140,-0.228195,0.053576,-0.074488,-0.084033,0.993675,0,0.16000,0.24000,9.600,0.480,-1,400.000,-1,400.000,-1,325.000,325.000,325.000,325.000,-1,-1,-1,-1,825.000,750.000,-1,-1,2,0,2,0,2,0,0,0,0,2,2,2,2,0,0,2,2
116,-8205.939,6259.351,290.904,103.939,-0.234035,-0.967181,-0.098932,0.969265,-0.240049,0.053865,-0.075846,-0.083285,0.993635,0,0.24000,0.35018,14.400,0.700,-1,400.000,-1,400.000,-1,325.000,325.000,325.000,325.000,-1,-1,-1,-1,825.000,750.000,-1,-1,2,0,2,0,2,0,0,0,0,2,2,2,2,0,0,2,2
117,-8210.790,6277.928,289.442,104.635,-0.245706,-0.964243,-0.099313,0.966259,-0.251803,0.054211,-0.077280,-0.082642,0.993578,0,0.32000,0.34829,19.200,0.697,-1,400.000,-1,400.000,-1,325.000,325.000,325.000,325.000,-1,-1,-1,-1,825.000,750.000,-1,-1,2,0,2,0,2,0,0,0,0,2,2,2,2,0,0,2,2
118,-8217.133,6301.074,287.581,105.327,-0.257246,-0.961176,-0.099829,0.963128,-0.263441,0.054612,-0.078791,-0.082100,0.993505,0,0.40000,0.34596,24.000,0.692,-1,400.000,-1,400.000,-1,325.000,325.000,325.000,325.000,-1,-1,-1,-1,825.000,750.000,-1,-1,2,0,2,0,2,0,0,0,0,2,2,2,2,0,0,2,2
119,-8225.078,6328.756,285.313,106.014,-0.268639,-0.957986,-0.100473,0.959881,-0.274946,0.055068,-0.080379,-0.081649,0.993415,0,0.48000,0.34318,28.800,0.686,-1,400.000,-1,400.000,-1,325.000,325.000,325.000,325.000,-1,-1,-1,-1,825.000,750.000,-1,-1,2,0,2,0,2,0,0,0,0,2,2,2,2,0,0,2,2
120,-8234.730,6360.939,282.627,106.694,-0.279871,-0.954686,-0.101230,0.956525,-0.286304,0.055583,-0.082047,-0.081273,0.993309,0,0.56000,0.33996,33.600,0.680,-1,400.000,-1,400.000,-1,325.000,325.000,325.000,325.000,-1,-1,-1,-1,825.000,750.000,-1,-1,2,0,2,0,2,0,0,0,0,2,2,2,2,0,0,2,2
121,-8246.191,6397.589,279.513,107.366,-0.290927,-0.951284,-0.102080,0.953069,-0.297499,0.056165,-0.083797,-0.080950,0.993189,0,0.64000,0.33631,38.400,0.673,-1,400.000,-1,400.000,-1,325.000,325.000,325.000,325.000,-1,-1,-1,-1,825.000,750.000,-1,-1,2,0,2,0,2,0,0,0,0,2,2,2,2,0,0,2,2
122,-8258.459,6435.276,276.258,108.031,-0.301807,-0.947797,-0.102920,0.949522,-0.308521,0.056773,-0.085562,-0.080590,0.993068,0,0.66058,0.33226,39.635,0.665,-1,400.000,-1,400.000,-1,325.000,325.000,325.000,325.000,-1,-1,-1,-1,825.000,750.000,-1,-1,2,0,2,0,2,0,0,0,0,2,2,2,2,0,0,2,2
123,-8271.139,6472.765,272.921,108.687,-0.312543,-0.944247,-0.103510,0.945894,-0.319372,0.057325,-0.087187,-0.079993,0.992975,0,0.65959,0.32813,39.575,0.656,-1,400.000,-1,400.000,1000.000,325.000,325.000,325.000,325.000,-1,-1,-1,-1,825.000,750.000,-1,-1,2,0,2,0,1,0,0,0,0,2,2,2,2,0,0,2,2
124,-8284.219,6510.040,269.518,109.337,-0.323183,-0.940622,-0.103839,0.942189,-0.330086,0.057652,-0.088505,-0.079204,0.992922,0,0.65839,0.32506,39.504,0.650,-1,400.000,-1,400.000,975.000,325.000,325.000,325.000,325.000,-1,-1,-1,-1,825.000,750.000,-1,-1,2,0,2,0,1,0,0,0,0,2,2,2,2,0,0,2,2
125,-8297.690,6547.087,266.173,109.983,-0.333726,-0.936880,-0.104324,0.938408,-0.340688,0.057638,-0.089542,-0.078663,0.992872,0,0.65701,0.32311,39.420,0.646,-1,400.000,-1,400.000,975.000,325.000,325.000,325.000,325.000,-1,-1,-1,-1,825.000,750.000,-1,-1,2,0,2,0,1,0,0,0,0,2,2,2,2,0,0,2,2
126,-8311.543,6583.892,262.790,110.626,-0.344177,-0.933048,-0.104711,0.934524,-0.351194,0.057679,-0.090592,-0.078003,0.992829,0,0.65545,0.32137,39.327,0.643,-1,400.000,-1,400.000,975.000,325.000,325.000,325.000,325.000,-1,-1,-1,-1,825.000,750.000,-1,-1,2,0,2,0,1,0,0,0,0,2,2,2,2,0,0,2,2
127,-8325.768,6620.445,259.314,111.266,-0.354543,-0.929141,-0.104865,0.930520,-0.361617,0.058010,-0.091821,-0.077012,0.992793,0,0.65372,0.31983,39.223,0.640,-1,400.000,-1,400.000,975.000,325.000,325.000,325.000,325.000,-1,-1,-1,-1,825.000,750.000,-1,-1,2,0,2,0,1,0,0,0,0,2,2,2,2,0,0,2,2
128,-8342.362,6661.221,255.216,112.145,-0.368749,-0.923556,-0.105206,0.924859,-0.375870,0.057947,-0.093061,-0.075933,0.992761,0,0.73372,0.43983,44.023,0.880,-1,400.000,-1,400.000,1000.000,325.000,325.000,325.000,325.000,-1,-1,-1,-1,825.000,750.000,-1,-1,2,0,2,0,1,0,0,0,0,2,2,2,2,0,0,2,2
129,-8361.645,6706.074,250.513,113.265,-0.386697,-0.916128,-0.105713,0.917336,-0.393885,0.057875,-0.094660,-0.074595,0.992711,0,0.81372,0.55983,48.823,1.120,-1,400.000,-1,400.000,-1,325.000,325.000,325.000,300.000,-1,-1,-1,-1,825.000,750.000,-1,-1,2,0,2,0,2,0,0,0,0,2,2,2,2,0,0,2,2
130,-8383.988,6754.820,245.111,114.625,-0.408232,-0.906619,-0.106715,0.907714,-0.415556,0.058037,-0.096964,-0.073174,0.992594,0,0.89372,0.67983,53.623,1.360,-1,400.000,-1,400.000,-1,325.000,325.000,325.000,300.000,-1,-1,-1,-1,825.000,750.000,-1,-1,2,0,2,0,2,0,0,0,0,2,2,2,2,0,0,2,2
131,-8409.803,6807.230,239.058,116.224,-0.433290,-0.894791,-0.107740,0.895725,-0.440765,0.058325,-0.099677,-0.071234,0.992467,0,0.97372,0.79983,58.423,1.600,-1,400.000,-1,400.000,-1,325.000,325.000,325.000,300.000,-1,-1,-1,-1,800.000,750.000,-1,-1,2,0,2,0,2,0,0,0,0,2,2,2,2,0,0,2,2
132,-8438.028,6860.176,232.650,118.064,-0.461718,-0.880341,-0.108705,0.881056,-0.469349,0.058760,-0.102749,-0.068645,0.992336,0,1.00000,0.91983,60.000,1.840,-1,400.000,-1,400.000,-1,325.000,325.000,300.000,300.000,-1,-1,-1,-1,800.000,775.000,-1,-1,2,0,2,0,2,0,0,0,0,2,2,2,2,0,0,2,2
133,-8467.931,6912.192,226.037,119.896,-0.489544,-0.865048,-0.109725,0.865525,-0.497339,0.059331,-0.105894,-0.065924,0.992190,0,1.00000,0.91585,60.000,1.832,-1,400.000,-1,400.000,-1,325.000,325.000,300.000,300.000,-1,-1,-1,-1,775.000,775.000,-1,-1,2,0,2,0,2,0,0,0,0,2,2,2,2,0,0,2,2
134,-8499.466,6963.236,219.209,121.709,-0.516583,-0.849027,-0.110881,0.849252,-0.524562,0.060049,-0.109147,-0.063146,0.992018,0,1.00000,0.90682,60.000,1.814,-1,400.000,-1,400.000,-1,325.000,325.000,300.000,300.000,-1,-1,-1,-1,775.000,775.000,-1,-1,2,0,2,0,2,0,0,0,0,2,2,2,2,0,0,2,2
135,-8532.564,7013.236,212.238,123.505,-0.542872,-0.832333,-0.111852,0.832272,-0.551014,0.060884,-0.112308,-0.060039,0.991858,0,0.99938,0.89782,59.963,1.796,-1,400.000,-1,400.000,-1,325.000,325.000,300.000,300.000,-1,-1,-1,-1,750.000,775.000,-1,-1,2,0,2,0,2,0,0,0,0,2,2,2,2,0,0,2,2
136,-8567.043,7061.949,205.346,125.293,-0.568428,-0.814868,-0.113487,0.814528,-0.576812,0.061901,-0.115902,-0.057252,0.991609,0,0.99467,0.89404,59.680,1.788,-1,400.000,-1,400.000,-1,325.000,325.000,300.000,300.000,-1,-1,-1,-1,725.000,775.000,-1,-1,2,0,2,0,2,0,0,0,0,2,2,2,2,0,0,2,2
137,-8602.829,7109.310,198.303,127.077,-0.593432,-0.796671,-0.114690,0.796001,-0.602006,0.063020,-0.119251,-0.053895,0.991400,0,0.98934,0.89174,59.361,1.783,-1,400.000,-1,400.000,-1,325.000,325.000,300.000,300.000,-1,-1,-1,-1,725.000,750.000,-1,-1,2,0,2,0,2,0,0,0,0,2,2,2,2,0,0,2,2
138,-8639.850,7155.265,191.181,128.857,-0.617895,-0.777735,-0.115474,0.776726,-0.626585,0.063935,-0.122079,-0.050186,0.991251,0,0.98354,0.89010,59.012,1.780,-1,400.000,-1,400.000,-1,325.000,325.000,300.000,300.000,-1,-1,-1,-1,700.000,725.000,-1,-1,2,0,2,0,2,0,0,0,0,2,2,2,2,0,0,2,2
139,-8678.040,7199.771,184.075,130.635,-0.641767,-0.758054,-0.116142,0.756724,-0.650536,0.064590,-0.124518,-0.046436,0.991130,0,0.97742,0.88913,58.645,1.778,-1,400.000,-1,375.000,-1,325.000,325.000,300.000,300.000,-1,-1,-1,-1,700.000,700.000,-1,-1,2,0,2,0,2,0,0,0,0,2,2,2,2,0,0,2,2
