timestep,x_cm,y_cm,z_cm,yaw_deg,basis_xx,basis_xy,basis_xz,basis_yx,basis_yy,basis_yz,basis_zx,basis_zy,basis_zz,teleport_flag,throttle_cmd,steering_cmd,cmd_move_cm,cmd_turn_deg,lidar_cm_0,lidar_cm_1,lidar_cm_2,lidar_cm_3,lidar_cm_4,lidar_cm_5,lidar_cm_6,lidar_cm_7,lidar_cm_8,lidar_cm_9,lidar_cm_10,lidar_cm_11,lidar_cm_12,lidar_cm_13,lidar_cm_14,lidar_cm_15,lidar_cm_16,lidar_class_0,lidar_class_1,lidar_class_2,lidar_class_3,lidar_class_4,lidar_class_5,lidar_class_6,lidar_class_7,lidar_class_8,lidar_class_9,lidar_class_10,lidar_class_11,lidar_class_12,lidar_class_13,lidar_class_14,lidar_class_15,lidar_class_16
0,984.940,6226.667,-66.561,-77.488,0.217813,0.975856,-0.016224,-0.974553,0.216561,-0.057858,-0.052948,0.028414,0.998193,1,0.08000,0.12000,4.800,0.240,-1,400.000,-1,400.000,650.000,325.000,325.000,300.000,300.000,-1,-1,-1,-1,750.000,675.000,-1,775.000,2,0,2,1,1,0,0,0,0,2,2,2,2,0,1,2,1
1,987.099,6217.313,-67.063,-77.008,0.225993,0.973993,-0.016283,-0.972700,0.224725,-0.057913,-0.052748,0.028926,0.998189,0,0.16000,0.24000,9.600,0.480,-1,400.000,-1,400.000,625.000,325.000,325.000,300.000,300.000,-1,-1,-1,-1,750.000,675.000,-1,775.000,2,0,2,1,1,0,0,0,0,2,2,2,2,0,1,2,1
2,990.512,6203.323,-67.811,-76.288,0.238232,0.971070,-0.016367,-0.969792,0.236941,-0.057993,-0.052437,0.029689,0.998183,0,0.24000,0.36000,14.400,0.720,-1,400.000,-1,400.000,625.000,325.000,325.000,300.000,300.000,-1,-1,-1,-1,750.000,700.000,-1,800.000,2,0,2,1,1,0,0,0,0,2,2,2,2,0,1,2,1
3,995.356,6184.744,-68.798,-75.388,0.253481,0.967200,-0.016475,-0.965940,0.252161,-0.058094,-0.052034,0.030640,0.998175,0,0.32000,0.45010,19.200,0.900,-1,400.000,-1,400.000,625.000,325.000,325.000,300.000,300.000,-1,-1,-1,-1,750.000,700.000,-1,850.000,2,0,2,1,1,0,0,0,0,2,2,2,2,0,1,2,1
4,1001.767,6161.617,-70.020,-74.508,0.268326,0.963185,-0.016605,-0.961943,0.266977,-0.058214,-0.051637,0.031594,0.998166,0,0.40000,0.43997,24.000,0.880,-1,400.000,-1,400.000,600.000,325.000,325.000,300.000,300.000,-1,-1,-1,-1,725.000,725.000,-1,900.000,2,0,2,0,1,0,0,0,0,2,2,2,2,0,1,2,1
5,1009.874,6133.981,-71.471,-73.651,0.282712,0.959058,-0.016756,-0.957835,0.281332,-0.058349,-0.051246,0.032546,0.998156,0,0.48000,0.42812,28.800,0.856,-1,400.000,-1,400.000,600.000,325.000,325.000,300.000,300.000,-1,-1,-1,-1,725.000,750.000,-1,925.000,2,0,2,0,1,0,0,0,0,2,2,2,2,0,1,2,1
6,1019.798,6101.880,-73.144,-72.822,0.296579,0.954858,-0.016928,-0.953653,0.295167,-0.058498,-0.050860,0.033493,0.998144,0,0.56000,0.41444,33.600,0.829,-1,400.000,-1,400.000,600.000,325.000,325.000,300.000,300.000,-1,-1,-1,-1,725.000,750.000,-1,925.000,2,0,2,0,1,0,0,0,0,2,2,2,2,0,0,2,1
7,1031.648,6065.355,-75.033,-72.025,0.309864,0.950627,-0.017121,-0.949440,0.308421,-0.058659,-0.050482,0.034432,0.998131,0,0.64000,0.39880,38.400,0.798,-1,375.000,-1,400.000,575.000,325.000,325.000,300.000,300.000,-1,-1,-1,-1,725.000,750.000,-1,900.000,2,0,2,0,1,0,0,0,0,2,2,2,2,0,0,2,1
8,1045.526,6024.444,-77.131,-71.263,0.322504,0.946409,-0.017338,-0.945241,0.321028,-0.058830,-0.050111,0.035361,0.998117,0,0.72000,0.38107,43.200,0.762,-1,375.000,-1,400.000,600.000,325.000,325.000,300.000,300.000,-1,-1,-1,-1,725.000,750.000,-1,875.000,2,0,2,0,1,0,0,0,0,2,2,2,2,0,0,2,1
9,1061.517,5979.186,-79.475,-70.541,0.334435,0.942251,-0.017781,-0.941112,0.332918,-0.058940,-0.049617,0.036445,0.998103,0,0.80000,0.36110,48.000,0.722,-1,375.000,-1,400.000,600.000,325.000,325.000,300.000,300.000,-1,-1,-1,-1,725.000,750.000,-1,850.000,2,0,2,0,1,0,0,0,0,2,2,2,2,0,1,2,1
10,1079.694,5929.614,-81.883,-69.863,0.345549,0.938228,-0.017991,-0.937143,0.344030,-0.058366,-0.048571,0.037029,0.998133,0,0.88000,0.33878,52.800,0.678,-1,375.000,-1,400.000,625.000,325.000,325.000,300.000,300.000,-1,-1,-1,-1,725.000,725.000,-1,825.000,2,0,2,0,1,0,0,0,0,2,2,2,2,0,1,2,1
11,1100.116,5875.756,-84.701,-69.235,0.355855,0.934352,-0.018803,-0.933299,0.354273,-0.058683,-0.048169,0.038431,0.998100,0,0.96000,0.31397,57.600,0.628,-1,375.000,-1,400.000,650.000,325.000,325.000,300.000,300.000,-1,-1,-1,-1,725.000,675.000,-1,775.000,2,0,2,0,1,0,0,0,0,2,2,2,2,0,1,2,1
12,1121.949,5819.869,-87.484,-68.662,0.365197,0.930730,-0.019302,-0.929725,0.363591,-0.058421,-0.047356,0.039280,0.998105,0,1.00000,0.28661,60.000,0.573,-1,375.000,-1,400.000,625.000,325.000,325.000,300.000,300.000,-1,-1,-1,-1,725.000,650.000,-1,700.000,2,0,2,0,1,0,0,0,0,2,2,2,2,0,1,2,1
13,1144.283,5764.181,-90.262,-68.146,0.373556,0.927398,-0.019738,-0.926446,0.371940,-0.057948,-0.046399,0.039933,0.998124,0,1.00000,0.25772,60.000,0.515,-1,375.000,-1,400.000,600.000,325.000,325.000,300.000,300.000,-1,-1,-1,-1,725.000,625.000,-1,650.000,2,0,2,0,1,0,0,0,1,2,2,2,2,0,1,2,1
14,1166.940,5708.969,-92.960,-67.689,0.380942,0.924376,-0.020305,-0.923484,0.379313,-0.057444,-0.045398,0.040634,0.998142,0,0.99467,0.22847,59.680,0.457,-1,375.000,-1,400.000,575.000,325.000,325.000,300.000,275.000,-1,-1,-1,-1,725.000,575.000,-1,600.000,2,0,2,0,1,0,0,0,1,2,2,2,2,0,1,2,1
15,1189.668,5654.660,-95.584,-67.291,0.387363,0.921691,-0.020873,-0.920855,0.385722,-0.056954,-0.044443,0.041283,0.998159,0,0.98122,0.19924,58.873,0.398,-1,375.000,-1,400.000,525.000,325.000,325.000,300.000,250.000,-1,-1,-1,-1,750.000,550.000,-1,550.000,2,0,2,0,1,0,0,0,1,2,2,2,2,0,1,2,1
16,1212.397,5601.321,-98.133,-66.921,0.393308,0.919157,-0.021440,-0.918376,0.391657,-0.056478,-0.043515,0.041903,0.998174,0,0.96634,0.18502,57.980,0.370,-1,375.000,-1,400.000,475.000,325.000,325.000,300.000,250.000,-1,-1,-1,-1,750.000,525.000,-1,525.000,2,0,2,1,1,0,0,0,1,2,2,2,2,0,1,2,1
17,1235.070,5549.015,-100.604,-66.564,0.399019,0.916679,-0.022005,-0.915952,0.397358,-0.056018,-0.042606,0.042507,0.998187,0,0.95015,0.17825,57.009,0.356,-1,375.000,-1,375.000,450.000,325.000,325.000,300.000,250.000,-1,-1,-1,-1,750.000,500.000,-1,475.000,2,0,2,1,1,0,0,0,1,2,2,2,2,0,1,2,1
18,1257.642,5497.795,-102.997,-66.219,0.404543,0.914241,-0.022566,-0.913567,0.402873,-0.055572,-0.041715,0.043097,0.998200,0,0.93289,0.17291,55.973,0.346,-1,400.000,-1,350.000,400.000,325.000,325.000,300.000,250.000,-1,-1,-1,-1,750.000,500.000,-1,425.000,2,0,2,1,1,0,1,0,1,2,2,2,2,0,1,2,1
19,1280.073,5447.695,-105.347,-65.881,0.409923,0.911831,-0.022943,-0.911200,0.408251,-0.055189,-0.040957,0.043529,0.998212,0,0.91488,0.16897,54.893,0.338,-1,400.000,-1,325.000,350.000,325.000,300.000,300.000,250.000,-1,-1,-1,-1,750.000,475.000,-1,375.000,2,0,2,1,1,1,1,0,1,2,2,2,2,0,1,2,1
20,1300.800,5401.613,-107.494,-65.783,0.411477,0.911123,-0.023265,-0.910523,0.409805,-0.054848,-0.040439,0.043752,0.998224,0,0.84214,0.04897,50.528,0.098,-1,400.000,-1,325.000,300.000,325.000,300.000,300.000,250.000,-1,-1,-1,-1,750.000,450.000,-1,350.000,2,0,2,1,1,1,1,0,1,2,2,2,2,0,1,2,1
21,1321.017,5356.364,-109.485,-65.925,0.409206,0.912149,-0.023127,-0.911547,0.407550,-0.054639,-0.040414,0.043440,0.998238,0,0.82601,-0.07103,49.560,-0.142,-1,400.000,-1,300.000,275.000,325.000,275.000,300.000,250.000,-1,-1,-1,-1,750.000,450.000,-1,300.000,2,0,2,1,1,0,1,0,1,2,2,2,2,0,1,2,1
22,1340.581,5311.782,-111.281,-66.307,0.403056,0.914888,-0.022944,-0.914327,0.401477,-0.053121,-0.039388,0.042389,0.998324,0,0.81143,-0.19103,48.686,-0.382,-1,400.000,-1,300.000,225.000,325.000,275.000,300.000,250.000,-1,-1,-1,-1,750.000,450.000,-1,250.000,2,0,2,1,1,0,1,0,1,2,2,2,2,0,1,2,1
23,1359.353,5267.700,-110.192,-66.929,0.392548,0.919590,-0.016134,-0.919226,0.391690,-0.040046,-0.030506,0.030550,0.999068,0,0.79855,-0.31103,47.913,-0.622,-1,400.000,-1,300.000,225.000,325.000,300.000,300.000,275.000,-1,575.000,650.000,-1,800.000,475.000,-1,275.000,2,0,2,1,1,0,1,0,1,2,0,0,2,0,1,2,1
24,1379.275,5218.898,-109.246,-67.791,0.378264,0.925656,-0.008790,-0.925447,0.377923,-0.026862,-0.021543,0.018296,0.999601,0,0.87855,-0.43103,52.713,-0.862,-1,425.000,-1,325.000,225.000,350.000,300.000,300.000,300.000,-1,350.000,475.000,-1,850.000,500.000,-1,275.000,2,0,2,1,1,0,1,0,1,2,0,0,2,0,1,2,1
25,1398.749,5168.446,-108.493,-68.893,0.360157,0.932891,-0.001204,-0.932800,0.360103,-0.014505,-0.013098,0.006347,0.999894,0,0.90132,-0.55103,54.079,-1.102,-1,450.000,-1,325.000,225.000,375.000,325.000,275.000,325.000,-1,250.000,375.000,-1,900.000,525.000,-1,275.000,2,0,2,1,1,0,1,0,1,2,0,0,2,0,1,2,1
26,1416.957,5117.774,-107.859,-70.235,0.338132,0.941076,0.006537,-0.941084,0.338157,-0.003219,-0.005240,-0.005063,0.999973,0,0.89740,-0.67103,53.844,-1.342,-1,475.000,-1,350.000,225.000,400.000,350.000,275.000,325.000,-1,200.000,325.000,-1,950.000,550.000,-1,275.000,2,0,2,1,1,0,1,0,1,2,0,0,2,0,1,2,1
27,1433.707,5066.782,-107.264,-71.817,0.312087,0.949941,0.014638,-0.950050,0.312009,0.007415,0.002477,-0.016221,0.999865,0,0.89455,-0.79103,53.673,-1.582,-1,500.000,-1,350.000,200.000,400.000,375.000,275.000,325.000,950.000,150.000,300.000,-1,1000.000,675.000,-1,275.000,2,0,2,1,1,0,1,0,1,0,0,0,2,0,1,2,1
28,1448.798,5015.385,-106.688,-73.639,0.281939,0.959140,0.023700,-0.959379,0.281576,0.017528,0.010139,-0.027679,0.999565,0,0.89278,-0.91103,53.567,-1.822,-1,500.000,-1,350.000,200.000,425.000,375.000,275.000,325.000,775.000,100.000,275.000,-1,-1,775.000,-1,250.000,2,0,2,1,1,0,1,0,1,0,0,0,2,2,1,2,1
29,1462.078,4963.533,-106.078,-75.639,0.248680,0.967990,0.033974,-0.968418,0.247831,0.027318,0.018024,-0.039694,0.999049,0,0.89209,-1.00000,53.525,-2.000,-1,525.000,-1,350.000,200.000,450.000,375.000,275.000,300.000,625.000,75.000,250.000,-1,-1,900.000,-1,250.000,2,0,2,1,1,0,1,0,1,0,0,0,2,2,1,2,1
30,1473.541,4911.247,-105.451,-77.639,0.215342,0.975481,0.045432,-0.976182,0.213773,0.037003,0.026383,-0.052318,0.998282,0,0.89212,-1.00000,53.527,-2.000,-1,550.000,-1,350.000,175.000,475.000,400.000,250.000,300.000,525.000,75.000,225.000,-1,-1,-1,-1,225.000,2,0,2,1,1,0,1,0,1,0,0,0,2,2,2,2,1
31,1483.173,4858.610,-104.728,-79.639,0.182007,0.981581,0.058080,-0.982668,0.179459,0.046465,0.035186,-0.065530,0.997230,0,0.89184,-1.00000,53.510,-2.000,-1,575.000,-1,375.000,175.000,500.000,400.000,250.000,300.000,450.000,50.000,200.000,-1,-1,-1,-1,200.000,2,0,2,1,1,0,1,0,1,0,0,0,2,2,2,2,1
32,1490.957,4805.708,-103.867,-81.639,0.148773,0.986243,0.072057,-0.987868,0.144945,0.055745,0.044534,-0.079476,0.995842,0,0.89116,-1.00000,53.469,-2.000,-1,600.000,-1,400.000,150.000,525.000,425.000,250.000,275.000,375.000,25.000,200.000,-1,-1,-1,-1,200.000,2,0,2,1,1,0,1,0,1,0,0,0,2,2,2,2,1
33,-2295.761,327.966,-151.923,17.377,0.953703,-0.298648,0.035495,0.298845,0.954302,-0.000238,-0.033802,0.010834,0.999370,1,0.00000,0.00000,53.399,-2.000,-1,400.000,-1,425.000,-1,325.000,325.000,300.000,300.000,-1,-1,-1,-1,825.000,900.000,-1,-1,2,0,2,0,2,0,0,0,0,2,2,2,2,0,0,2,2
34,-2291.186,329.419,-152.084,17.617,0.952434,-0.302643,0.035739,0.302844,0.953040,-0.000235,-0.033989,0.011047,0.999361,0,0.08000,0.12000,4.800,0.240,-1,400.000,-1,425.000,-1,325.000,325.000,300.000,300.000,-1,-1,-1,-1,825.000,900.000,-1,-1,2,0,2,0,2,0,0,0,0,2,2,2,2,0,0,2,2
35,-2282.059,332.395,-152.407,18.058,0.950060,-0.309959,0.036225,0.310170,0.950681,-0.000225,-0.034368,0.011450,0.999344,0,0.16000,0.22023,9.600,0.440,-1,400.000,-1,425.000,-1,325.000,325.000,300.000,300.000,-1,-1,-1,-1,800.000,900.000,-1,-1,2,0,2,0,2,0,0,0,0,2,2,2,2,0,0,2,2
36,-2268.403,336.964,-152.894,18.499,0.947614,-0.317272,0.036948,0.317496,0.948260,-0.000199,-0.034974,0.011919,0.999317,0,0.24000,0.22072,14.400,0.441,-1,400.000,-1,425.000,-1,325.000,325.000,300.000,300.000,-1,-1,-1,-1,800.000,900.000,-1,-1,2,0,2,0,2,0,0,0,0,2,2,2,2,0,0,2,2
37,-2250.243,343.197,-153.544,18.942,0.945094,-0.324592,0.037911,0.324831,0.945772,-0.000154,-0.035805,0.012461,0.999281,0,0.32000,0.22150,19.200,0.443,-1,400.000,-1,425.000,-1,325.000,325.000,300.000,300.000,-1,-1,-1,-1,800.000,900.000,-1,-1,2,0,2,0,2,0,0,0,0,2,2,2,2,0,0,2,2
38,-2227.604,351.164,-154.357,19.388,0.942493,-0.331928,0.039115,0.332186,0.943214,-0.000091,-0.036863,0.013079,0.999235,0,0.40000,0.22258,24.000,0.445,-1,400.000,-1,425.000,-1,325.000,325.000,275.000,300.000,-1,-1,-1,-1,800.000,875.000,-1,-1,2,0,2,0,2,0,0,0,0,2,2,2,2,0,0,2,2
39,-2200.512,360.936,-155.330,19.836,0.939807,-0.339291,0.040562,0.339571,0.940581,-0.000009,-0.038149,0.013782,0.999177,0,0.48000,0.22403,28.800,0.448,-1,400.000,-1,425.000,-1,325.000,325.000,275.000,300.000,-1,-1,-1,-1,800.000,875.000,-1,-1,2,0,2,0,2,0,0,0,0,2,2,2,2,0,0,2,2
40,-2168.997,372.587,-156.464,20.287,0.937027,-0.346692,0.042256,0.346998,0.937866,0.000093,-0.039663,0.014576,0.999107,0,0.56000,0.22587,33.600,0.452,-1,400.000,-1,425.000,-1,325.000,325.000,275.000,300.000,-1,-1,-1,-1,775.000,875.000,-1,-1,2,0,2,0,2,0,0,0,0,2,2,2,2,0,0,2,2
41,-2133.086,386.187,-157.757,20.744,0.934145,-0.354146,0.044202,0.354484,0.935062,0.000212,-0.041406,0.015470,0.999023,0,0.64000,0.22816,38.400,0.456,-1,400.000,-1,425.000,-1,325.000,325.000,275.000,300.000,-1,-1,-1,-1,775.000,850.000,-1,-1,2,0,2,0,2,0,0,0,0,2,2,2,2,0,0,2,2
42,-2092.811,401.814,-159.207,21.206,0.931152,-0.361667,0.046404,0.362042,0.932162,0.000350,-0.043383,0.016475,0.998923,0,0.72000,0.23096,43.200,0.462,-1,400.000,-1,400.000,-1,325.000,325.000,275.000,300.000,-1,-1,-1,-1,775.000,850.000,-1,-1,2,0,2,0,2,0,0,0,0,2,2,2,2,0,0,2,2
43,-2052.761,417.731,-160.945,21.674,0.928073,-0.369266,0.048211,0.369733,0.929138,-0.000841,-0.044484,0.018606,0.998837,0,0.71827,0.23432,43.096,0.469,-1,400.000,-1,400.000,-1,325.000,325.000,300.000,300.000,-1,-1,-1,-1,775.000,825.000,-1,-1,2,0,2,0,2,0,0,0,0,2,2,2,2,0,0,2,2
44,-2012.934,433.944,-162.782,22.150,0.924873,-0.376949,0.050186,0.377535,0.925992,-0.002401,-0.045567,0.021168,0.998737,0,0.71667,0.23788,43.000,0.476,-1,400.000,-1,400.000,-1,325.000,325.000,300.000,300.000,-1,-1,-1,925.000,775.000,825.000,-1,-1,2,0,2,0,2,0,0,0,0,2,2,2,1,0,0,2,2
45,-1973.313,450.464,-164.556,22.633,0.921567,-0.384725,0.051967,0.385427,0.922730,-0.003830,-0.046478,0.023559,0.998641,0,0.71547,0.24164,42.928,0.483,-1,400.000,-1,400.000,-1,325.000,325.000,300.000,300.000,-1,-1,-1,875.000,775.000,800.000,-1,-1,2,0,2,0,2,0,0,0,0,2,2,2,1,0,0,2,2
46,-1933.879,467.304,-166.319,23.124,0.918137,-0.392598,0.053768,0.393421,0.919344,-0.005250,-0.047370,0.025973,0.998540,0,0.71465,0.24558,42.879,0.491,-1,400.000,-1,400.000,-1,325.000,325.000,300.000,300.000,-1,-1,-1,850.000,775.000,800.000,-1,-1,2,0,2,0,2,0,0,0,0,2,2,2,1,0,0,2,2
47,-1890.274,486.588,-168.295,23.856,0.912947,-0.404267,0.055636,0.405227,0.914191,-0.006716,-0.048147,0.028677,0.998429,0,0.79465,0.36558,47.679,0.731,-1,400.000,-1,400.000,-1,325.000,325.000,300.000,300.000,-1,-1,-1,825.000,750.000,775.000,-1,-1,2,0,2,0,2,0,0,0,0,2,2,2,1,0,0,2,2
48,-1842.645,508.623,-170.800,24.827,0.905936,-0.419683,0.056088,0.420714,0.907163,-0.007465,-0.047748,0.030360,0.998398,0,0.87465,0.48558,52.479,0.971,-1,400.000,-1,400.000,-1,325.000,325.000,300.000,300.000,-1,-1,-1,825.000,750.000,775.000,-1,-1,2,0,2,0,2,0,0,0,0,2,2,2,1,0,0,2,2
49,-1794.587,532.102,-173.380,26.038,0.896827,-0.438741,0.056631,0.439837,0.898043,-0.007923,-0.047380,0.032014,0.998364,0,0.89145,0.60558,53.487,1.211,-1,400.000,-1,400.000,-1,325.000,325.000,300.000,300.000,-1,-1,-1,850.000,750.000,775.000,-1,-1,2,0,2,0,2,0,0,0,0,2,2,2,1,0,0,2,2
50,-1747.108,556.807,-175.983,27.489,0.885386,-0.461319,0.057239,0.462472,0.886597,-0.008059,-0.047031,0.033607,0.998328,0,0.89203,0.72558,53.522,1.451,-1,400.000,-1,400.000,-1,325.000,325.000,300.000,300.000,-1,-1,-1,875.000,750.000,775.000,-1,-1,2,0,2,0,2,0,0,0,0,2,2,2,1,0,0,2,2
51,-1700.323,582.934,-178.535,29.180,0.871344,-0.487253,0.057831,0.488469,0.872542,-0.008218,-0.046456,0.035409,0.998293,0,0.89310,0.84558,53.586,1.691,-1,400.000,-1,400.000,-1,325.000,325.000,300.000,300.000,-1,-1,-1,925.000,750.000,775.000,-1,-1,2,0,2,0,2,0,0,0,0,2,2,2,1,0,0,2,2
52,-1654.314,610.592,-180.987,31.011,0.855297,-0.514839,0.058379,0.516133,0.856465,-0.008655,-0.045544,0.037534,0.998257,0,0.89471,0.91534,53.683,1.831,-1,400.000,-1,400.000,-1,325.000,325.000,300.000,300.000,-1,-1,-1,975.000,750.000,750.000,-1,-1,2,0,2,0,2,0,0,0,0,2,2,2,1,0,0,2,2
53,-1609.106,639.790,-183.376,32.855,0.838250,-0.542091,0.058933,0.543469,0.839378,-0.009222,-0.044468,0.039758,0.998219,0,0.89697,0.92221,53.818,1.844,-1,400.000,-1,400.000,-1,325.000,325.000,300.000,300.000,-1,-1,-1,-1,750.000,750.000,-1,-1,2,0,2,0,2,0,0,0,0,2,2,2,2,0,0,2,2
54,-1564.722,670.541,-185.711,34.714,0.820196,-0.568978,0.059511,0.570444,0.821278,-0.009856,-0.043267,0.042031,0.998179,0,0.89994,0.92936,53.996,1.859,-1,400.000,-1,400.000,-1,325.000,325.000,300.000,300.000,-1,-1,-1,-1,750.000,750.000,-1,-1,2,0,2,0,2,0,0,0,0,2,2,2,2,0,0,2,2
55,-1521.192,702.856,-188.015,36.588,0.801130,-0.595463,0.060118,0.597023,0.802153,-0.010668,-0.041872,0.044439,0.998134,0,0.90356,0.93677,54.214,1.874,-1,400.000,-1,400.000,-1,325.000,325.000,300.000,300.000,-1,-1,-1,-1,750.000,750.000,-1,-1,2,0,2,0,2,0,0,0,0,2,2,2,2,0,0,2,2
56,-1478.552,736.746,-190.292,38.476,0.781049,-0.621505,0.060775,0.623171,0.781999,-0.011686,-0.040262,0.047001,0.998083,0,0.90780,0.94442,54.468,1.889,-1,400.000,-1,400.000,-1,325.000,325.000,300.000,300.000,-1,-1,-1,-1,750.000,750.000,-1,-1,2,0,2,0,2,0,0,0,0,2,2,2,2,0,0,2,2
57,-1436.843,772.222,-192.410,40.381,0.759937,-0.647082,0.061485,0.648837,0.760828,-0.012305,-0.038817,0.049244,0.998032,0,0.91259,0.95230,54.756,1.905,-1,400.000,-1,400.000,-1,325.000,325.000,300.000,300.000,-1,-1,-1,-1,725.000,725.000,-1,-1,2,0,2,0,2,0,0,0,0,2,2,2,2,0,0,2,2
58,-1396.111,809.289,-194.448,42.302,0.737800,-0.672144,0.062236,0.673988,0.738629,-0.012899,-0.037299,0.051463,0.997978,0,0.91789,0.96039,55.074,1.921,-1,400.000,-1,400.000,-1,325.000,325.000,300.000,300.000,-1,-1,-1,-1,725.000,725.000,-1,-1,2,0,2,0,2,0,0,0,0,2,2,2,2,0,0,2,2
59,-1356.409,847.953,-196.287,44.239,0.714669,-0.696666,0.062486,0.698568,0.715418,-0.013399,-0.035369,0.053226,0.997956,0,0.92365,0.96868,55.419,1.937,-1,400.000,-1,375.000,-1,325.000,325.000,300.000,300.000,-1,-1,-1,-1,725.000,725.000,-1,-1,2,0,2,0,2,0,0,0,0,2,2,2,2,0,0,2,2
60,-1317.792,888.214,-198.022,46.194,0.690518,-0.720594,0.062693,0.722548,0.691181,-0.013899,-0.033317,0.054896,0.997936,0,0.92980,0.97716,55.788,1.954,-1,400.000,-1,375.000,-1,325.000,325.000,300.000,300.000,-1,-1,-1,-1,725.000,725.000,-1,-1,2,0,2,0,2,0,0,0,0,2,2,2,2,0,0,2,2
61,-1280.323,930.072,-199.611,48.165,0.665359,-0.743887,0.062683,0.745878,0.665927,-0.014396,-0.031034,0.056332,0.997930,0,0.93632,0.98580,56.179,1.972,-1,400.000,-1,375.000,-1,325.000,325.000,300.000,300.000,-1,-1,-1,-1,750.000,725.000,-1,-1,2,0,2,0,2,0,0,0,0,2,2,2,2,0,0,2,2
62,-1244.067,973.520,-201.032,50.154,0.639204,-0.766505,0.062362,0.768511,0.639663,-0.014911,-0.028461,0.057457,0.997942,0,0.94314,0.99461,56.589,1.989,-1,400.000,-1,375.000,-1,325.000,325.000,300.000,300.000,-1,-1,-1,-1,750.000,725.000,-1,-1,2,0,2,0,2,0,0,0,0,2,2,2,2,0,0,2,2
63,-1209.192,1018.407,-202.422,52.154,0.612154,-0.788324,0.061747,0.790324,0.612494,-0.015478,-0.025618,0.058275,0.997972,0,0.94739,1.00000,56.844,2.000,-1,400.000,-1,375.000,-1,325.000,325.000,300.000,300.000,-1,-1,-1,-1,750.000,725.000,-1,-1,2,0,2,0,2,0,0,0,0,2,2,2,2,0,0,2,2
64,-1175.906,1064.484,-203.756,54.154,0.584375,-0.809193,0.060931,0.811169,0.584589,-0.016120,-0.022575,0.058845,0.998012,0,0.94739,1.00000,56.844,2.000,-1,400.000,-1,375.000,-1,325.000,325.000,300.000,300.000,-1,-1,925.000,-1,750.000,725.000,-1,-1,2,0,2,0,2,0,0,0,0,2,2,0,2,0,0,2,2
65,-1144.247,1111.695,-204.956,56.154,0.555882,-0.829071,0.060310,0.831031,0.555972,-0.016828,-0.019579,0.059474,0.998038,0,0.94739,1.00000,56.844,2.000,-1,400.000,-1,375.000,-1,325.000,325.000,300.000,300.000,-1,-1,875.000,-1,750.000,725.000,-1,-1,2,0,2,0,2,0,0,0,0,2,2,0,2,0,0,2,2
66,-1114.256,1159.982,-206.002,58.154,0.526703,-0.847930,0.059985,0.849885,0.526675,-0.017570,-0.016695,0.060234,0.998045,0,0.94739,1.00000,56.844,2.000,-1,400.000,-1,375.000,-1,325.000,325.000,300.000,300.000,-1,975.000,825.000,-1,750.000,725.000,-1,-1,2,0,2,0,2,0,0,0,0,2,0,0,2,0,0,2,2
67,-1085.968,1209.286,-206.930,60.154,0.496886,-0.865755,0.059763,0.867706,0.496739,-0.018345,-0.013804,0.060972,0.998044,0,0.94739,1.00000,56.844,2.000,-1,400.000,-1,400.000,-1,325.000,325.000,300.000,300.000,-1,925.000,825.000,-1,775.000,725.000,-1,-1,2,0,2,0,2,0,0,0,0,2,0,0,2,0,0,2,2
68,-1059.418,1259.548,-207.763,62.154,0.466464,-0.882531,0.059595,0.884472,0.466205,-0.019030,-0.010989,0.061587,0.998041,0,0.94739,1.00000,56.844,2.000,-1,400.000,-1,400.000,-1,325.000,325.000,300.000,300.000,-1,900.000,825.000,-1,775.000,750.000,-1,-1,2,0,2,0,2,0,0,0,0,2,0,0,2,0,0,2,2
69,-1034.638,1310.705,-208.373,64.154,0.435458,-0.898256,0.059275,0.900169,0.435117,-0.019211,-0.008535,0.061723,0.998057,0,0.94739,1.00000,56.844,2.000,-1,400.000,-1,400.000,-1,325.000,325.000,300.000,300.000,-1,900.000,875.000,-1,775.000,750.000,-1,-1,2,0,2,0,2,0,0,0,0,2,0,0,2,0,0,2,2
70,-1011.658,1362.696,-208.841,66.154,0.403919,-0.912892,0.058971,0.914774,0.403503,-0.019336,-0.006143,0.061755,0.998072,0,0.94739,1.00000,56.844,2.000,-1,400.000,-1,400.000,-1,325.000,325.000,300.000,300.000,-1,950.000,900.000,-1,775.000,750.000,-1,-1,2,0,2,0,2,0,0,0,0,2,0,0,2,0,0,2,2
71,-990.507,1415.457,-209.086,68.154,0.371873,-0.926439,0.058490,0.928275,0.371406,-0.019076,-0.004051,0.061389,0.998106,0,0.94739,1.00000,56.844,2.000,-1,400.000,-1,400.000,-1,325.000,325.000,300.000,300.000,-1,975.000,950.000,-1,775.000,750.000,-1,-1,2,0,2,0,2,0,0,0,0,2,0,0,2,0,0,2,2
72,-972.634,1464.334,-209.192,69.914,0.343291,-0.937434,0.058036,0.939226,0.342786,-0.018758,-0.002310,0.060948,0.998138,0,0.86739,0.88000,52.044,1.760,-1,400.000,-1,400.000,-1,325.000,325.000,300.000,300.000,-1,-1,1000.000,-1,775.000,750.000,-1,-1,2,0,2,0,2,0,0,0,0,2,2,0,2,0,0,2,2
73,-957.592,1509.119,-209.216,71.434,0.318345,-0.946221,0.057647,0.947975,0.317807,-0.018507,-0.000809,0.060540,0.998165,0,0.78739,0.76000,47.244,1.520,-1,400.000,-1,400.000,-1,325.000,325.000,300.000,300.000,-1,-1,-1,-1,775.000,750.000,-1,-1,2,0,2,0,2,0,0,0,0,2,2,2,2,0,0,2,2
74,-944.591,1550.896,-209.180,72.714,0.297162,-0.953106,0.057303,0.954827,0.296598,-0.018304,0.000450,0.060153,0.998189,0,0.72923,0.64000,43.754,1.280,-1,400.000,-1,400.000,-1,325.000,325.000,300.000,300.000,-1,-1,-1,-1,775.000,750.000,-1,-1,2,0,2,0,2,0,0,0,0,2,2,2,2,0,0,2,2
75,-932.384,1592.912,-209.094,73.799,0.279087,-0.958574,0.056975,0.960265,0.278502,-0.018126,0.001507,0.059769,0.998211,0,0.72923,0.54255,43.754,1.085,-1,400.000,-1,400.000,-1,325.000,325.000,300.000,300.000,-1,-1,-1,-1,800.000,750.000,-1,-1,2,0,2,0,2,0,0,0,0,2,2,2,2,0,0,2,2
76,-920.974,1635.152,-208.959,74.885,0.260912,-0.963698,0.056661,0.965359,0.260305,-0.017968,0.002566,0.059386,0.998232,0,0.72923,0.54255,43.754,1.085,-1,400.000,-1,400.000,-1,325.000,325.000,300.000,300.000,-1,-1,-1,-1,800.000,750.000,-1,-1,2,0,2,0,2,0,0,0,0,2,2,2,2,0,0,2,2
77,-910.367,1677.600,-208.774,75.970,0.242643,-0.968477,0.056363,0.970109,0.242014,-0.017829,0.003627,0.059004,0.998251,0,0.72923,0.54255,43.754,1.085,-1,400.000,-1,400.000,-1,325.000,325.000,300.000,300.000,-1,-1,-1,-1,800.000,750.000,-1,-1,2,0,2,0,2,0,0,0,0,2,2,2,2,0,0,2,2
78,-900.565,1720.241,-208.540,77.055,0.224286,-0.972908,0.056080,0.974512,0.223635,-0.017708,0.004687,0.058623,0.998269,0,0.72923,0.54255,43.754,1.085,-1,400.000,-1,400.000,-1,325.000,325.000,300.000,300.000,-1,-1,-1,-1,800.000,750.000,-1,-1,2,0,2,0,2,0,0,0,0,2,2,2,2,0,0,2,2
79,-891.572,1763.061,-208.256,78.140,0.205849,-0.976991,0.055814,0.978567,0.205175,-0.017602,0.005746,0.058241,0.998286,0,0.72923,0.54255,43.754,1.085,-1,400.000,-1,400.000,-1,325.000,325.000,300.000,300.000,-1,-1,-1,-1,800.000,750.000,-1,-1,2,0,2,0,2,0,0,0,0,2,2,2,2,0,0,2,2
80,-883.392,1806.043,-207.924,79.225,0.187337,-0.980723,0.055563,0.982272,0.186641,-0.017510,0.006802,0.057859,0.998302,0,0.72923,0.54255,43.754,1.085,-1,400.000,-1,400.000,-1,325.000,325.000,300.000,300.000,-1,-1,-1,-1,800.000,750.000,-1,-1,2,0,2,0,2,0,0,0,0,2,2,2,2,0,0,2,2
81,-875.990,1849.379,-207.541,80.307,0.168811,-0.984094,0.055329,0.985617,0.168092,-0.017428,0.007851,0.057475,0.998316,0,0.73274,0.54100,43.964,1.082,-1,400.000,-1,400.000,-1,325.000,325.000,300.000,300.000,-1,-1,-1,-1,800.000,750.000,-1,-1,2,0,2,0,2,0,0,0,0,2,2,2,2,0,0,2,2
82,-869.361,1893.127,-207.107,81.384,0.150306,-0.987102,0.055110,0.988600,0.149565,-0.017355,0.008889,0.057090,0.998329,0,0.73747,0.53861,44.248,1.077,-1,400.000,-1,400.000,-1,325.000,325.000,300.000,300.000,-1,-1,-1,-1,800.000,750.000,-1,-1,2,0,2,0,2,0,0,0,0,2,2,2,2,0,0,2,2
83,-863.516,1937.264,-206.634,82.456,0.131841,-0.989752,0.054854,0.991221,0.131076,-0.017322,0.009954,0.056656,0.998344,0,0.74204,0.53594,44.522,1.072,-1,400.000,-1,400.000,-1,325.000,325.000,300.000,300.000,-1,-1,-1,-1,800.000,750.000,-1,-1,2,0,2,0,2,0,0,0,0,2,2,2,2,0,0,2,2
84,-858.463,1981.763,-206.216,83.522,0.113413,-0.992068,0.054212,0.993489,0.112646,-0.017012,0.010771,0.055788,0.998385,0,0.74643,0.53298,44.786,1.066,-1,400.000,-1,400.000,-1,325.000,325.000,300.000,300.000,-1,-1,-1,-1,800.000,750.000,-1,-1,2,0,2,0,2,0,0,0,0,2,2,2,2,0,0,2,2
85,-854.209,2026.598,-205.785,84.581,0.095055,-0.994022,0.053701,0.995406,0.094288,-0.016659,0.011496,0.055038,0.998418,0,0.75061,0.52973,45.036,1.059,-1,400.000,-1,400.000,-1,325.000,325.000,300.000,300.000,-1,-1,-1,-1,800.000,750.000,-1,-1,2,0,2,0,2,0,0,0,0,2,2,2,2,0,0,2,2
86,-850.762,2071.740,-205.322,85.634,0.076784,-0.995624,0.053258,0.996974,0.076018,-0.016265,0.012145,0.054346,0.998448,0,0.75456,0.52619,45.273,1.052,-1,400.000,-1,400.000,-1,325.000,325.000,300.000,300.000,-1,-1,-1,-1,800.000,750.000,-1,-1,2,0,2,0,2,0,0,0,0,2,2,2,2,0,0,2,2
87,-848.126,2117.158,-204.809,86.679,0.058618,-0.996882,0.052814,0.998199,0.057855,-0.015869,0.012764,0.053649,0.998478,0,0.75825,0.52235,45.495,1.045,-1,400.000,-1,400.000,975.000,325.000,325.000,300.000,300.000,-1,-1,-1,-1,800.000,750.000,-1,-1,2,0,2,0,1,0,0,0,0,2,2,2,2,0,0,2,2
88,-846.304,2162.822,-204.250,87.715,0.040574,-0.997803,0.052370,0.999087,0.039815,-0.015468,0.013349,0.052950,0.998508,0,0.76167,0.51822,45.700,1.036,-1,400.000,-1,400.000,950.000,325.000,325.000,300.000,300.000,-1,-1,-1,-1,825.000,750.000,-1,-1,2,0,2,0,1,0,0,0,0,2,2,2,2,0,0,2,2
89,-845.296,2208.697,-203.645,88.743,0.022669,-0.998394,0.051926,0.999646,0.021914,-0.015060,0.013898,0.052249,0.998537,0,0.76478,0.51380,45.887,1.028,-1,400.000,-1,400.000,925.000,325.000,325.000,300.000,300.000,-1,-1,-1,-1,825.000,750.000,-1,-1,2,0,2,0,1,0,0,0,0,2,2,2,2,0,0,2,2
90,-845.104,2254.750,-202.996,89.761,0.004919,-0.998662,0.051481,0.999884,0.004170,-0.014643,0.014408,0.051547,0.998567,0,0.76757,0.50909,46.054,1.018,-1,400.000,-1,400.000,925.000,325.000,325.000,300.000,300.000,-1,-1,-1,-1,825.000,750.000,-1,-1,2,0,2,0,1,0,0,0,0,2,2,2,2,0,0,2,2
91,-845.723,2300.946,-202.305,90.769,-0.012661,-0.998617,0.051035,0.999809,-0.013403,-0.014214,0.014879,0.050845,0.998596,0,0.76999,0.50409,46.200,1.008,-1,400.000,-1,400.000,900.000,325.000,325.000,300.000,300.000,-1,-1,-1,-1,825.000,750.000,-1,-1,2,0,2,0,1,0,0,0,0,2,2,2,2,0,0,2,2
92,-847.151,2347.246,-201.573,91.767,-0.030056,-0.998267,0.050588,0.999431,-0.030789,-0.013773,0.015306,0.050145,0.998625,0,0.77204,0.49882,46.322,0.998,-1,400.000,-1,400.000,900.000,325.000,325.000,300.000,300.000,-1,-1,-1,-1,825.000,750.000,-1,-1,2,0,2,0,1,0,0,0,0,2,2,2,2,0,0,2,2
93,-849.380,2393.613,-200.802,92.753,-0.047251,-0.997624,0.050139,0.998760,-0.047974,-0.013316,0.015690,0.049448,0.998653,0,0.77369,0.49327,46.421,0.987,-1,400.000,-1,400.000,900.000,325.000,325.000,300.000,300.000,-1,-1,-1,-1,825.000,750.000,-1,-1,2,0,2,0,1,0,0,0,0,2,2,2,2,0,0,2,2
94,-852.403,2440.009,-199.996,93.728,-0.064232,-0.996697,0.049688,0.997806,-0.064944,-0.012842,0.016027,0.048754,0.998682,0,0.77491,0.48748,46.495,0.975,-1,400.000,-1,400.000,925.000,325.000,325.000,300.000,300.000,-1,-1,-1,-1,825.000,750.000,-1,-1,2,0,2,0,1,0,0,0,0,2,2,2,2,0,0,2,2
95,-856.209,2486.395,-199.155,94.691,-0.080988,-0.995498,0.049234,0.996582,-0.081687,-0.012350,0.016316,0.048066,0.998711,0,0.77569,0.48144,46.541,0.963,-1,400.000,-1,400.000,950.000,325.000,325.000,300.000,300.000,-1,-1,-1,-1,825.000,750.000,-1,-1,2,0,2,0,1,0,0,0,0,2,2,2,2,0,0,2,2
96,-860.785,2532.730,-198.281,95.641,-0.097506,-0.994039,0.048777,0.995097,-0.098191,-0.011837,0.016556,0.047383,0.998740,0,0.77601,0.47519,46.561,0.950,-1,400.000,-1,400.000,975.000,325.000,325.000,300.000,300.000,-1,-1,-1,-1,825.000,750.000,-1,-1,2,0,2,0,1,0,0,0,0,2,2,2,2,0,0,2,2
97,-866.118,2578.975,-197.378,96.579,-0.113776,-0.992331,0.048314,0.993365,-0.114445,-0.011303,0.016746,0.046707,0.998768,0,0.77587,0.46874,46.552,0.937,-1,400.000,-1,400.000,-1,325.000,325.000,300.000,300.000,-1,-1,-1,-1,825.000,750.000,-1,-1,2,0,2,0,2,0,0,0,0,2,2,2,2,0,0,2,2
98,-872.192,2625.091,-196.507,97.503,-0.129782,-0.990377,0.048072,0.991398,-0.130439,-0.010783,0.016950,0.046259,0.998786,0,0.77524,0.46211,46.515,0.924,-1,400.000,-1,400.000,-1,325.000,325.000,300.000,300.000,-1,-1,-1,-1,825.000,750.000,-1,-1,2,0,2,0,2,0,0,0,0,2,2,2,2,0,0,2,2
99,-878.988,2671.039,-195.680,98.414,-0.145520,-0.988203,0.047738,0.989206,-0.146167,-0.010355,0.017211,0.045716,0.998806,0,0.77414,0.45535,46.449,0.911,-1,400.000,-1,400.000,-1,325.000,325.000,300.000,300.000,-1,-1,-1,-1,825.000,750.000,-1,-1,2,0,2,0,2,0,0,0,0,2,2,2,2,0,0,2,2
100,-886.487,2716.783,-194.946,99.311,-0.160995,-0.985838,0.046956,0.986802,-0.161626,-0.009948,0.017396,0.044734,0.998847,0,0.77257,0.44848,46.354,0.897,-1,400.000,-1,400.000,-1,325.000,325.000,300.000,300.000,-1,-1,-1,-1,825.000,750.000,-1,-1,2,0,2,0,2,0,0,0,0,2,2,2,2,0,0,2,2
101,-894.668,2762.284,-194.197,100.194,-0.176196,-0.983272,0.046176,0.984199,-0.176809,-0.009518,0.017523,0.043770,0.998888,0,0.77053,0.44155,46.232,0.883,-1,400.000,-1,400.000,-1,325.000,325.000,300.000,300.000,-1,-1,-1,-1,825.000,750.000,-1,-1,2,0,2,0,2,0,0,0,0,2,2,2,2,0,0,2,2
102,-903.510,2807.510,-193.436,101.063,-0.191118,-0.980517,0.045399,0.981409,-0.191712,-0.009065,0.017592,0.042823,0.998928,0,0.76804,0.43458,46.082,0.869,-1,400.000,-1,400.000,-1,325.000,325.000,300.000,300.000,-1,-1,-1,-1,825.000,750.000,-1,-1,2,0,2,0,2,0,0,0,0,2,2,2,2,0,0,2,2
103,-913.821,2857.337,-192.587,101.692,-0.201909,-0.978392,0.044527,0.979250,-0.202475,-0.008532,0.017363,0.041880,0.998972,0,0.84804,0.31458,50.882,0.629,-1,400.000,-1,400.000,-1,325.000,325.000,300.000,300.000,-1,-1,-1,-1,825.000,750.000,-1,-1,2,0,2,0,2,0,0,0,0,2,2,2,2,0,0,2,2
104,-925.475,2911.786,-191.663,102.081,-0.208594,-0.977032,0.043557,0.977857,-0.209124,-0.007919,0.016846,0.040940,0.999020,0,0.92804,0.19458,55.682,0.389,-1,400.000,-1,400.000,-1,325.000,325.000,300.000,300.000,-1,-1,-1,-1,825.000,750.000,-1,-1,2,0,2,0,2,0,0,0,0,2,2,2,2,0,0,2,2
105,-937.489,2967.214,-190.740,102.230,-0.211186,-0.976519,0.042553,0.977313,-0.211674,-0.007272,0.016108,0.040052,0.999068,0,0.94526,0.07458,56.715,0.149,-1,400.000,-1,400.000,-1,325.000,325.000,300.000,300.000,-1,-1,-1,-1,825.000,750.000,-1,-1,2,0,2,0,2,0,0,0,0,2,2,2,2,0,0,2,2
106,-949.372,3022.459,-189.846,102.140,-0.209687,-0.976886,0.041539,0.977651,-0.210133,-0.006610,0.015186,0.039224,0.999115,0,0.94181,-0.04542,56.508,-0.091,-1,400.000,-1,400.000,-1,325.000,325.000,300.000,300.000,-1,-1,-1,-1,825.000,750.000,-1,-1,2,0,2,0,2,0,0,0,0,2,2,2,2,0,0,2,2
107,-960.894,3077.575,-188.990,101.809,-0.204095,-0.978112,0.040515,0.978850,-0.204495,-0.005940,0.014095,0.038445,0.999161,0,0.93846,-0.16542,56.307,-0.331,-1,400.000,-1,400.000,-1,325.000,325.000,300.000,300.000,-1,-1,-1,-1,825.000,750.000,-1,-1,2,0,2,0,2,0,0,0,0,2,2,2,2,0,0,2,2
108,-971.830,3132.616,-188.179,101.238,-0.194392,-0.980129,0.039484,0.980840,-0.194745,-0.005268,0.012853,0.037703,0.999206,0,0.93529,-0.28542,56.117,-0.571,-1,400.000,-1,400.000,-1,325.000,325.000,300.000,300.000,-1,-1,-1,-1,825.000,750.000,-1,-1,2,0,2,0,2,0,0,0,0,2,2,2,2,0,0,2,2
109,-981.955,3187.635,-187.417,100.427,-0.180554,-0.982813,0.038449,0.983498,-0.180860,-0.004602,0.011477,0.036984,0.999250,0,0.93237,-0.40542,55.942,-0.811,-1,400.000,-1,400.000,-1,325.000,325.000,300.000,300.000,-1,-1,-1,-1,825.000,750.000,-1,-1,2,0,2,0,2,0,0,0,0,2,2,2,2,0,0,2,2
110,-991.042,3242.675,-186.722,99.376,-0.162550,-0.985989,0.037460,0.986650,-0.162810,-0.003973,0.010016,0.036314,0.999290,0,0.92976,-0.52542,55.785,-1.051,-1,400.000,-1,400.000,-1,325.000,325.000,300.000,300.000,-1,-1,-1,-1,825.000,725.000,-1,-1,2,0,2,0,2,0,0,0,0,2,2,2,2,0,0,2,2
111,-998.869,3297.772,-186.091,98.085,-0.140340,-0.989430,0.036515,0.990066,-0.140560,-0.003497,0.008592,0.035661,0.999327,0,0.92749,-0.64542,55.649,-1.291,-1,400.000,-1,375.000,-1,325.000,325.000,300.000,300.000,-1,-1,-1,-1,825.000,725.000,-1,-1,2,0,2,0,2,0,0,0,0,2,2,2,2,0,0,2,2
112,-1005.208,3352.946,-185.596,96.555,-0.113891,-0.992865,0.035314,0.993466,-0.114081,-0.003390,0.007394,0.034697,0.999371,0,0.92561,-0.76542,55.536,-1.531,-1,400.000,-1,375.000,-1,325.000,325.000,300.000,300.000,-1,-1,-1,-1,800.000,725.000,-1,-1,2,0,2,0,2,0,0,0,0,2,2,2,2,0,0,2,2
113,-1009.925,3408.192,-185.176,94.881,-0.084873,-0.995809,0.034065,0.996372,-0.085037,-0.003396,0.006279,0.033653,0.999414,0,0.92413,-0.83681,55.448,-1.674,-1,400.000,-1,375.000,-1,325.000,325.000,300.000,300.000,-1,-1,-1,-1,800.000,725.000,-1,-1,2,0,2,0,2,0,0,0,0,2,2,2,2,0,0,2,2
114,-1013.021,3463.479,-184.821,93.206,-0.055751,-0.997906,0.032789,0.998431,-0.055894,-0.003446,0.005272,0.032545,0.999456,0,0.92289,-0.83756,55.373,-1.675,-1,400.000,-1,375.000,-1,325.000,325.000,300.000,300.000,-1,-1,-1,-1,800.000,700.000,-1,-1,2,0,2,0,2,0,0,0,0,2,2,2,2,0,0,2,2
115,-1014.497,3518.757,-184.524,91.529,-0.026553,-0.999151,0.031486,0.999638,-0.026678,-0.003539,0.004376,0.031381,0.999498,0,0.92162,-0.83820,55.297,-1.676,-1,400.000,-1,375.000,-1,325.000,325.000,300.000,300.000,-1,-1,-1,-1,775.000,700.000,-1,-1,2,0,2,0,2,0,0,0,0,2,2,2,2,0,0,2,2
116,-1014.354,3573.977,-184.280,89.852,0.002692,-0.999541,0.030159,0.999990,0.002582,-0.003671,0.003592,0.030169,0.999538,0,0.92033,-0.83873,55.220,-1.677,-1,400.000,-1,375.000,1000.000,325.000,325.000,300.000,300.000,-1,-1,-1,-1,775.000,700.000,-1,-1,2,0,2,0,1,0,0,0,0,2,2,2,2,0,0,2,2
117,-1012.596,3629.090,-184.081,88.174,0.031955,-0.999074,0.028811,0.999485,0.031857,-0.003843,0.002922,0.028919,0.999577,0,0.91902,-0.83916,55.141,-1.678,-1,400.000,-1,375.000,950.000,325.000,325.000,300.000,300.000,-1,-1,-1,-1,775.000,700.000,-1,-1,2,0,2,0,1,0,0,0,0,2,2,2,2,0,0,2,2
118,-1009.229,3684.049,-183.923,86.495,0.061206,-0.997748,0.027443,0.998122,0.061118,-0.004052,0.002366,0.027640,0.999615,0,0.91770,-0.83949,55.062,-1.679,-1,400.000,-1,375.000,875.000,325.000,325.000,300.000,300.000,-1,-1,-1,-1,750.000,675.000,-1,-1,2,0,2,0,1,0,0,0,0,2,2,2,2,0,0,2,2
119,-1004.260,3738.807,-183.797,84.815,0.090417,-0.995563,0.026058,0.995902,0.090336,-0.004298,0.001925,0.026340,0.999651,0,0.91637,-0.83970,54.982,-1.679,-1,400.000,-1,375.000,825.000,325.000,325.000,300.000,300.000,-1,-1,-1,-1,750.000,675.000,-1,-1,2,0,2,0,1,0,0,0,0,2,2,2,2,0,0,2,2
120,-997.697,3793.316,-183.699,83.136,0.119559,-0.992521,0.024657,0.992826,0.119482,-0.004578,0.001598,0.025028,0.999685,0,0.91504,-0.83982,54.903,-1.680,-1,400.000,-1,375.000,775.000,325.000,300.000,300.000,300.000,-1,-1,-1,-1,750.000,675.000,-1,-1,2,0,2,0,1,0,0,0,0,2,2,2,2,0,0,2,2
121,-989.552,3847.530,-183.621,81.456,0.148601,-0.988624,0.023244,0.988896,0.148527,-0.004892,0.001384,0.023713,0.999718,0,0.91372,-0.83983,54.823,-1.680,-1,400.000,-1,375.000,750.000,325.000,300.000,300.000,300.000,-1,-1,-1,-1,750.000,675.000,-1,-1,2,0,2,0,1,0,0,0,0,2,2,2,2,0,0,2,2
122,-980.879,3896.796,-183.556,80.016,0.173396,-0.984607,0.021969,0.984851,0.173323,-0.005192,0.001304,0.022537,0.999745,0,0.83372,-0.71983,50.023,-1.440,-1,375.000,-1,375.000,700.000,325.000,300.000,300.000,300.000,-1,-1,-1,-1,725.000,675.000,-1,-1,2,0,2,0,1,0,0,0,0,2,2,2,2,0,0,2,2
123,-971.209,3945.706,-183.324,78.817,0.193990,-0.980772,0.021292,0.981002,0.193902,-0.006150,0.001903,0.022080,0.999754,0,0.83094,-0.59983,49.856,-1.200,-1,375.000,-1,375.000,675.000,300.000,300.000,300.000,300.000,-1,-1,-1,-1,725.000,675.000,-1,950.000,2,0,2,0,1,0,0,0,0,2,2,2,2,0,0,2,1
124,-960.058,3997.533,-183.068,77.857,0.210408,-0.977399,0.020495,0.977610,0.210303,-0.007147,0.002675,0.021540,0.999764,0,0.88356,-0.47983,53.013,-0.960,-1,375.000,-1,375.000,625.000,300.000,300.000,325.000,300.000,-1,900.000,-1,-1,725.000,675.000,-1,900.000,2,0,2,0,1,0,0,0,0,2,0,2,2,0,0,2,1
125,-948.058,4049.119,-182.646,76.905,0.226641,-0.973793,0.019009,0.973970,0.226518,-0.008436,0.003909,0.020427,0.999784,0,0.88272,-0.47597,52.963,-0.952,-1,375.000,-1,375.000,600.000,300.000,300.000,325.000,300.000,-1,775.000,-1,-1,700.000,675.000,-1,850.000,2,0,2,0,1,0,0,0,0,2,0,2,2,0,0,2,1
126,-935.209,4100.431,-182.213,75.942,0.243003,-0.969868,0.017497,0.970012,0.242864,-0.009728,0.005186,0.019336,0.999800,0,0.88160,-0.48169,52.896,-0.963,-1,375.000,-1,375.000,575.000,300.000,300.000,325.000,300.000,-1,725.000,925.000,-1,700.000,675.000,-1,800.000,2,0,2,0,1,0,0,0,0,2,0,0,2,0,0,2,1
127,-921.510,4151.437,-181.767,74.967,0.259488,-0.965614,0.015959,0.965724,0.259335,-0.011020,0.006502,0.018272,0.999812,0,0.88023,-0.48744,52.814,-0.975,-1,375.000,-1,375.000,550.000,300.000,300.000,325.000,300.000,-1,675.000,825.000,-1,700.000,675.000,-1,775.000,2,0,2,0,1,0,0,0,0,2,0,0,2,0,0,2,1
128,-906.962,4202.107,-181.307,73.980,0.276088,-0.961024,0.014398,0.961100,0.275926,-0.012310,0.007857,0.017237,0.999821,0,0.87861,-0.49322,52.716,-0.986,-1,375.000,-1,375.000,525.000,325.000,300.000,325.000,300.000,-1,625.000,775.000,-1,700.000,675.000,-1,725.000,2,0,2,0,1,0,0,0,0,2,0,0,2,0,0,2,1
129,-891.570,4252.409,-180.829,72.987,0.292713,-0.956114,0.012815,0.956156,0.292544,-0.013597,0.009251,0.016233,0.999825,0,0.87673,-0.49649,52.604,-0.993,-1,375.000,-1,375.000,500.000,325.000,300.000,325.000,300.000,-1,575.000,700.000,-1,700.000,675.000,-1,675.000,2,0,2,0,1,0,0,0,0,2,0,0,2,0,1,2,1
130,-874.187,4305.137,-180.305,71.754,0.313228,-0.949613,0.011115,0.949617,0.313054,-0.014954,0.010721,0.015239,0.999826,0,0.92533,-0.61649,55.520,-1.233,-1,375.000,-1,375.000,475.000,325.000,300.000,300.000,325.000,-1,550.000,675.000,-1,675.000,650.000,-1,625.000,2,0,2,0,1,0,0,0,0,2,0,0,2,0,1,2,1
131,-855.554,4357.125,-179.764,70.281,0.337540,-0.941265,0.009387,0.941233,0.337366,-0.016300,0.012176,0.014337,0.999823,0,0.92044,-0.73649,55.226,-1.473,-1,375.000,-1,375.000,425.000,300.000,300.000,300.000,325.000,-1,525.000,625.000,-1,675.000,625.000,-1,575.000,2,0,2,0,1,0,0,0,1,2,0,0,2,0,1,2,1
132,-835.620,4408.360,-179.193,68.741,0.362730,-0.931863,0.007660,0.931793,0.362558,-0.017681,0.013700,0.013551,0.999814,0,0.91627,-0.77043,54.976,-1.541,-1,375.000,-1,375.000,400.000,300.000,300.000,300.000,325.000,-1,500.000,575.000,-1,675.000,600.000,-1,525.000,2,0,2,0,1,0,0,0,1,2,0,0,2,0,1,2,1
133,-814.403,4458.801,-178.572,67.187,0.387857,-0.921700,0.006015,0.921593,0.387688,-0.019080,0.015254,0.012944,0.999800,0,0.91201,-0.77665,54.721,-1.553,-1,375.000,-1,375.000,350.000,300.000,300.000,300.000,300.000,-1,475.000,550.000,-1,675.000,575.000,-1,475.000,2,0,2,0,1,0,0,0,1,2,0,0,2,0,1,2,1
134,-791.932,4508.390,-177.754,65.622,0.412888,-0.910767,0.005210,0.910636,0.412713,-0.020241,0.016285,0.013102,0.999782,0,0.90739,-0.78243,54.444,-1.565,-1,375.000,-1,375.000,325.000,300.000,300.000,300.000,300.000,-1,475.000,525.000,-1,675.000,525.000,-1,400.000,2,0,2,0,1,0,0,0,1,2,0,0,2,0,1,2,1
135,-768.236,4557.077,-176.647,64.047,0.437799,-0.899059,0.004983,0.898888,0.437590,-0.022695,0.018223,0.014415,0.999730,0,0.90245,-0.78777,54.147,-1.576,-1,375.000,-1,375.000,275.000,300.000,300.000,325.000,275.000,-1,475.000,500.000,-1,675.000,500.000,-1,350.000,2,0,2,1,1,0,0,0,1,2,0,0,2,0,1,2,1
136,-743.347,4604.810,-175.504,62.462,0.462533,-0.886590,0.004686,0.886371,0.462285,-0.025255,0.020225,0.015835,0.999670,0,0.89720,-0.79266,53.832,-1.585,-1,375.000,-1,350.000,250.000,300.000,300.000,325.000,275.000,-1,450.000,475.000,-1,675.000,500.000,-1,325.000,2,0,2,1,1,0,0,0,1,2,0,0,2,0,1,2,1
137,-715.230,4655.503,-174.248,60.984,0.485264,-0.874357,0.004247,0.874080,0.484974,-0.028019,0.022439,0.017309,0.999598,0,0.96614,-0.73855,57.968,-1.477,-1,375.000,-1,325.000,225.000,300.000,300.000,325.000,250.000,-1,450.000,475.000,-1,675.000,475.000,-1,275.000,2,0,2,1,1,0,0,0,1,2,0,0,2,0,1,2,1
