timestep,x_cm,y_cm,z_cm,yaw_deg,basis_xx,basis_xy,basis_xz,basis_yx,basis_yy,basis_yz,basis_zx,basis_zy,basis_zz,teleport_flag,throttle_cmd,steering_cmd,cmd_move_cm,cmd_turn_deg,lidar_cm_0,lidar_cm_1,lidar_cm_2,lidar_cm_3,lidar_cm_4,lidar_cm_5,lidar_cm_6,lidar_cm_7,lidar_cm_8,lidar_cm_9,lidar_cm_10,lidar_cm_11,lidar_cm_12,lidar_cm_13,lidar_cm_14,lidar_cm_15,lidar_cm_16,lidar_class_0,lidar_class_1,lidar_class_2,lidar_class_3,lidar_class_4,lidar_class_5,lidar_class_6,lidar_class_7,lidar_class_8,lidar_class_9,lidar_class_10,lidar_class_11,lidar_class_12,lidar_class_13,lidar_class_14,lidar_class_15,lidar_class_16
0,-3612.426,9511.187,-63.669,177.973,-0.998740,-0.035373,-0.035597,0.034783,-0.999249,0.017062,-0.036174,0.015803,0.999221,1,0.08000,0.12000,4.800,0.240,-1,400.000,-1,400.000,-1,325.000,325.000,300.000,300.000,-1,-1,-1,825.000,800.000,850.000,-1,-1,2,0,2,0,2,0,0,0,0,2,2,2,1,0,0,2,2
1,-3622.022,9511.446,-64.013,178.453,-0.998990,-0.027000,-0.035908,0.026399,-0.999505,0.017125,-0.036352,0.016160,0.999208,0,0.16000,0.24000,9.600,0.480,-1,400.000,-1,400.000,-1,325.000,325.000,300.000,300.000,-1,-1,-1,850.000,800.000,850.000,-1,-1,2,0,2,0,2,0,0,0,0,2,2,2,1,0,0,2,2
2,-3636.421,9511.654,-64.525,179.173,-0.999234,-0.014438,-0.036373,0.013820,-0.999757,0.017203,-0.036613,0.016687,0.999190,0,0.24000,0.36000,14.400,0.720,-1,400.000,-1,400.000,-1,325.000,325.000,300.000,300.000,-1,-1,-1,925.000,800.000,850.000,-1,-1,2,0,2,0,2,0,0,0,0,2,2,2,1,0,0,2,2
3,-3655.621,9511.609,-65.200,180.133,-0.999313,0.002314,-0.036992,-0.002955,-0.999846,0.017276,-0.036947,0.017374,0.999166,0,0.32000,0.48000,19.200,0.960,-1,400.000,-1,400.000,-1,325.000,325.000,300.000,300.000,-1,-1,-1,-1,775.000,850.000,-1,-1,2,0,2,0,2,0,0,0,0,2,2,2,2,0,0,2,2
4,-3679.614,9511.051,-66.030,181.333,-0.999016,0.023252,-0.037761,-0.023920,-0.999564,0.017319,-0.037342,0.018205,0.999137,0,0.40000,0.60000,24.000,1.200,-1,400.000,-1,400.000,-1,325.000,325.000,300.000,300.000,-1,-1,975.000,-1,775.000,850.000,-1,-1,2,0,2,0,2,0,0,0,0,2,2,1,2,0,0,2,2
5,-3708.381,9509.658,-67.007,182.773,-0.998081,0.048363,-0.038672,-0.049061,-0.998646,0.017298,-0.037783,0.019162,0.999102,0,0.48000,0.72000,28.800,1.440,-1,400.000,-1,400.000,-1,325.000,325.000,300.000,300.000,-1,-1,800.000,-1,775.000,825.000,-1,-1,2,0,2,0,2,0,0,0,0,2,2,1,2,0,0,2,2
6,-3741.889,9507.180,-68.125,184.229,-0.996487,0.073730,-0.039717,-0.074459,-0.997076,0.017200,-0.038332,0.020097,0.999063,0,0.56000,0.72825,33.600,1.456,-1,400.000,-1,400.000,-1,325.000,325.000,300.000,300.000,-1,-1,775.000,-1,775.000,825.000,-1,-1,2,0,2,0,2,0,0,0,0,2,2,1,2,0,0,2,2
7,-3780.100,9503.372,-69.375,185.691,-0.994233,0.099145,-0.040883,-0.099906,-0.994852,0.017006,-0.038986,0.020992,0.999019,0,0.64000,0.73105,38.400,1.462,-1,400.000,-1,400.000,-1,325.000,325.000,300.000,325.000,-1,-1,775.000,-1,775.000,825.000,-1,-1,2,0,2,0,2,0,0,0,0,2,2,1,2,0,0,2,2
8,-3822.963,9497.987,-70.751,187.160,-0.991310,0.124607,-0.042156,-0.125399,-0.991966,0.016694,-0.039737,0.021835,0.998972,0,0.72000,0.73428,43.200,1.469,-1,400.000,-1,400.000,-1,325.000,325.000,300.000,325.000,-1,-1,775.000,-1,750.000,800.000,-1,-1,2,0,2,0,2,0,0,0,0,2,2,1,2,0,0,2,2
9,-3870.419,9490.780,-72.244,188.636,-0.987711,0.150113,-0.043519,-0.150935,-0.988410,0.016246,-0.040576,0.022615,0.998920,0,0.80000,0.73796,48.000,1.476,-1,400.000,-1,400.000,-1,325.000,325.000,300.000,325.000,-1,-1,825.000,-1,750.000,800.000,-1,-1,2,0,2,0,2,0,0,0,0,2,2,1,2,0,0,2,2
10,-3921.660,9481.633,-74.107,190.120,-0.983447,0.175656,-0.044455,-0.176541,-0.984150,0.016809,-0.040798,0.024379,0.998870,0,0.86752,0.74208,52.051,1.484,-1,400.000,-1,400.000,-1,325.000,325.000,300.000,325.000,-1,-1,850.000,-1,750.000,800.000,-1,-1,2,0,2,0,2,0,0,0,0,2,2,1,2,0,0,2,2
11,-3972.840,9471.115,-76.079,191.613,-0.978495,0.201229,-0.045320,-0.202197,-0.979182,0.017842,-0.040786,0.026622,0.998813,0,0.87082,0.74659,52.249,1.493,-1,400.000,-1,400.000,-1,325.000,325.000,325.000,325.000,-1,-1,900.000,-1,750.000,775.000,-1,-1,2,0,2,0,2,0,0,0,0,2,2,1,2,0,0,2,2
12,-4023.927,9459.212,-78.199,193.115,-0.972878,0.226823,-0.045383,-0.227822,-0.973534,0.018130,-0.040070,0.027977,0.998805,0,0.87426,0.75115,52.455,1.502,-1,400.000,-1,400.000,-1,325.000,325.000,325.000,325.000,-1,-1,950.000,-1,750.000,775.000,-1,-1,2,0,2,0,2,0,0,0,0,2,2,1,2,0,0,2,2
13,-4074.888,9445.912,-80.279,194.627,-0.966556,0.252415,-0.045345,-0.253437,-0.967179,0.018314,-0.039234,0.029193,0.998804,0,0.87780,0.75575,52.668,1.512,-1,400.000,-1,400.000,-1,325.000,325.000,325.000,325.000,-1,-1,1000.000,-1,725.000,775.000,-1,-1,2,0,2,0,2,0,0,0,0,2,2,1,2,0,0,2,2
14,-4120.924,9432.799,-82.116,195.898,-0.960719,0.273807,-0.045257,-0.274845,-0.961312,0.018448,-0.038455,0.030162,0.998805,0,0.79780,0.63575,47.868,1.272,-1,400.000,-1,400.000,-1,325.000,325.000,325.000,325.000,-1,-1,-1,-1,725.000,750.000,-1,-1,2,0,2,0,2,0,0,0,0,2,2,2,2,0,0,2,2
15,-4162.126,9420.257,-83.728,196.930,-0.955639,0.291062,-0.045137,-0.292110,-0.956205,0.018549,-0.037762,0.030911,0.998809,0,0.71780,0.51575,43.068,1.032,-1,400.000,-1,400.000,-1,325.000,325.000,325.000,325.000,-1,-1,-1,-1,725.000,750.000,-1,-1,2,0,2,0,2,0,0,0,0,2,2,2,2,0,0,2,2
16,-4199.992,9408.116,-85.184,197.777,-0.951235,0.305167,-0.044996,-0.306223,-0.951778,0.018631,-0.037141,0.031501,0.998813,0,0.66276,0.42374,39.765,0.847,-1,375.000,-1,400.000,-1,325.000,325.000,325.000,325.000,-1,-1,-1,-1,725.000,750.000,-1,-1,2,0,2,0,2,0,0,0,0,2,2,2,2,0,0,2,2
17,-4237.835,9395.357,-86.611,198.632,-0.946586,0.319322,-0.044821,-0.320383,-0.947103,0.018704,-0.036477,0.032065,0.998820,0,0.66560,0.42727,39.936,0.855,-1,375.000,-1,400.000,-1,325.000,325.000,325.000,325.000,-1,-1,-1,-1,700.000,750.000,-1,-1,2,0,2,0,2,0,0,0,0,2,2,2,2,0,0,2,2
18,-4275.643,9381.973,-88.035,199.494,-0.941681,0.333522,-0.044724,-0.334591,-0.942175,0.018843,-0.035853,0.032709,0.998822,0,0.66846,0.43081,40.108,0.862,-1,375.000,-1,400.000,-1,325.000,325.000,325.000,325.000,-1,-1,-1,-1,700.000,750.000,-1,-1,2,0,2,0,2,0,0,0,0,2,2,2,2,0,0,2,2
19,-4313.407,9367.956,-89.483,200.362,-0.936512,0.347759,-0.044819,-0.348849,-0.936984,0.019110,-0.035349,0.033532,0.998812,0,0.67135,0.43438,40.281,0.869,-1,375.000,-1,400.000,-1,325.000,325.000,325.000,325.000,-1,-1,-1,-1,700.000,725.000,-1,-1,2,0,2,0,2,0,0,0,0,2,2,2,2,0,0,2,2
20,-4351.114,9353.301,-90.896,201.238,-0.931085,0.362032,-0.044878,-0.363140,-0.931533,0.019361,-0.034796,0.034324,0.998805,0,0.67425,0.43796,40.455,0.876,-1,375.000,-1,400.000,-1,325.000,325.000,325.000,325.000,-1,-1,-1,-1,700.000,725.000,-1,-1,2,0,2,0,2,0,0,0,0,2,2,2,2,0,0,2,2
21,-4388.712,9338.019,-92.270,202.119,-0.925407,0.376306,-0.044900,-0.377430,-0.925831,0.019597,-0.034195,0.035082,0.998799,0,0.67641,0.44062,40.585,0.881,-1,375.000,-1,375.000,-1,325.000,325.000,325.000,325.000,-1,-1,-1,-1,675.000,725.000,-1,-1,2,0,2,0,2,0,0,0,0,2,2,2,2,0,0,2,2
22,-4426.070,9322.161,-93.601,203.001,-0.919512,0.390491,-0.044881,-0.391628,-0.919910,0.019819,-0.033547,0.035801,0.998796,0,0.67641,0.44062,40.585,0.881,-1,375.000,-1,375.000,-1,325.000,325.000,300.000,325.000,-1,-1,-1,-1,675.000,725.000,-1,-1,2,0,2,0,2,0,0,0,0,2,2,2,2,0,0,2,2
23,-4463.180,9305.730,-94.896,203.882,-0.913403,0.404582,-0.044812,-0.405731,-0.913772,0.020068,-0.032828,0.036512,0.998794,0,0.67641,0.44062,40.585,0.881,-1,375.000,-1,375.000,-1,300.000,300.000,300.000,325.000,-1,-1,-1,-1,675.000,700.000,-1,-1,2,0,2,0,2,0,0,0,0,2,2,2,2,0,0,2,2
24,-4500.032,9288.730,-96.194,204.763,-0.907084,0.418575,-0.044646,-0.419737,-0.907413,0.020532,-0.031919,0.037364,0.998792,0,0.67641,0.44062,40.585,0.881,-1,375.000,-1,375.000,-1,300.000,300.000,300.000,325.000,-1,-1,-1,-1,650.000,700.000,-1,-1,2,0,2,0,2,0,0,0,0,2,2,2,2,0,0,2,2
25,-4536.619,9271.165,-97.393,205.644,-0.900562,0.432471,-0.044231,-0.433633,-0.900848,0.020873,-0.030818,0.037977,0.998803,0,0.67641,0.44062,40.585,0.881,-1,375.000,-1,375.000,-1,300.000,300.000,300.000,325.000,-1,-1,-1,-1,650.000,700.000,-1,-1,2,0,2,0,2,0,0,0,0,2,2,2,2,0,0,2,2
26,-4572.932,9253.040,-98.468,206.526,-0.893842,0.446270,-0.043463,-0.447413,-0.894080,0.021059,-0.029461,0.038270,0.998833,0,0.67641,0.44062,40.585,0.881,-1,375.000,-1,375.000,-1,300.000,300.000,300.000,325.000,-1,-1,-1,-1,650.000,700.000,-1,-1,2,0,2,0,2,0,0,0,0,2,2,2,2,0,0,2,2
27,-4613.309,9232.318,-99.581,207.167,-0.888839,0.456245,-0.042498,-0.457362,-0.889023,0.021392,-0.028022,0.038452,0.998867,0,0.75641,0.32062,45.385,0.641,-1,375.000,-1,375.000,-1,300.000,300.000,300.000,325.000,-1,-1,-1,-1,650.000,675.000,-1,-1,2,0,2,0,2,0,0,0,0,2,2,2,2,0,0,2,2
28,-4654.302,9210.916,-100.631,207.568,-0.885674,0.462457,-0.041417,-0.463547,-0.885803,0.021864,-0.026576,0.038564,0.998903,0,0.77071,0.20062,46.243,0.401,-1,375.000,-1,375.000,-1,300.000,300.000,300.000,325.000,-1,-1,-1,-1,650.000,675.000,-1,-1,2,0,2,0,2,0,0,0,0,2,2,2,2,0,0,2,2
29,-4695.233,9189.400,-101.638,207.729,-0.884421,0.464949,-0.040275,-0.466007,-0.884500,0.022310,-0.025250,0.038500,0.998940,0,0.77071,0.08062,46.243,0.161,-1,375.000,-1,375.000,-1,300.000,300.000,300.000,325.000,-1,-1,-1,-1,650.000,675.000,-1,-1,2,0,2,0,2,0,0,0,0,2,2,2,2,0,0,2,2
30,-4736.195,9167.940,-102.608,207.650,-0.885110,0.463736,-0.039100,-0.464759,-0.885145,0.022734,-0.024066,0.038294,0.998977,0,0.77071,-0.03938,46.243,-0.079,-1,375.000,-1,375.000,-1,300.000,300.000,300.000,325.000,-1,-1,-1,-1,625.000,675.000,-1,-1,2,0,2,0,2,0,0,0,0,2,2,2,2,0,0,2,2
31,-4777.371,9146.658,-103.439,207.332,-0.887734,0.458802,-0.037791,-0.459798,-0.887707,0.023720,-0.022665,0.038434,0.999004,0,0.77250,-0.15938,46.350,-0.319,-1,375.000,-1,375.000,-1,300.000,300.000,300.000,325.000,-1,950.000,-1,-1,625.000,675.000,-1,-1,2,0,2,0,2,0,0,0,0,2,0,2,2,0,0,2,2
32,-4818.911,9125.699,-104.240,206.773,-0.892238,0.450108,-0.036247,-0.451088,-0.892108,0.025734,-0.020753,0.039312,0.999011,0,0.77548,-0.27938,46.529,-0.559,-1,375.000,-1,375.000,-1,300.000,300.000,300.000,325.000,-1,675.000,800.000,-1,625.000,675.000,-1,-1,2,0,2,0,2,0,0,0,0,2,0,0,2,0,0,2,2
33,-4860.843,9105.120,-105.017,206.140,-0.897230,0.440203,-0.034654,-0.441161,-0.896999,0.027754,-0.018867,0.040190,0.999014,0,0.77848,-0.31671,46.709,-0.633,-1,375.000,-1,375.000,-1,300.000,300.000,300.000,325.000,-1,625.000,575.000,-1,650.000,675.000,-1,-1,2,0,2,0,2,0,0,0,0,2,0,0,2,0,0,2,2
34,-4903.164,9084.930,-105.771,205.504,-0.902125,0.430211,-0.033012,-0.431142,-0.901793,0.029768,-0.016963,0.041087,0.999012,0,0.78151,-0.31776,46.890,-0.636,-1,375.000,-1,375.000,-1,300.000,300.000,300.000,325.000,-1,575.000,500.000,-1,650.000,675.000,-1,-1,2,0,2,0,2,0,0,0,0,2,0,0,2,0,0,2,2
35,-4945.873,9065.135,-106.502,204.866,-0.906922,0.420134,-0.031321,-0.421031,-0.906490,0.031772,-0.015044,0.042002,0.999004,0,0.78456,-0.31878,47.073,-0.638,-1,375.000,-1,375.000,-1,300.000,300.000,325.000,325.000,-1,525.000,450.000,-1,650.000,675.000,-1,-1,2,0,2,0,2,0,0,0,0,2,0,0,2,0,0,2,2
36,-4988.968,9045.742,-107.212,204.227,-0.911618,0.409973,-0.029585,-0.410829,-0.911087,0.033766,-0.013111,0.042936,0.998992,0,0.78763,-0.31979,47.258,-0.640,-1,375.000,-1,375.000,-1,300.000,300.000,325.000,325.000,-1,500.000,425.000,-1,650.000,675.000,-1,-1,2,0,2,0,2,0,0,0,0,2,0,0,2,0,0,2,2
37,-5032.448,9026.758,-107.901,203.585,-0.916212,0.399729,-0.027802,-0.400539,-0.915582,0.035747,-0.011166,0.043888,0.998974,0,0.79072,-0.32078,47.443,-0.642,-1,375.000,-1,375.000,-1,300.000,300.000,325.000,325.000,-1,475.000,400.000,-1,650.000,675.000,-1,1000.000,2,0,2,0,2,0,0,0,0,2,0,0,2,0,0,2,1
38,-5076.310,9008.192,-108.571,202.942,-0.920701,0.389404,-0.025976,-0.390161,-0.919974,0.037714,-0.009211,0.044858,0.998951,0,0.79384,-0.32175,47.630,-0.644,-1,375.000,-1,375.000,-1,300.000,300.000,325.000,325.000,-1,450.000,375.000,-1,650.000,675.000,-1,975.000,2,0,2,0,2,0,0,0,0,2,0,0,2,0,0,2,1
39,-5120.553,8990.049,-109.224,202.296,-0.925083,0.378999,-0.024106,-0.379696,-0.924261,0.039663,-0.007248,0.045845,0.998922,0,0.79697,-0.32271,47.818,-0.645,-1,375.000,-1,375.000,-1,300.000,300.000,325.000,325.000,-1,425.000,375.000,-1,650.000,700.000,-1,925.000,2,0,2,0,2,0,0,0,0,2,0,0,2,0,0,2,1
40,-5165.175,8972.337,-109.687,201.649,-0.929346,0.368521,-0.022564,-0.369165,-0.928453,0.041122,-0.005796,0.046547,0.998899,0,0.80013,-0.32366,48.008,-0.647,-1,375.000,-1,375.000,-1,300.000,300.000,325.000,325.000,-1,425.000,375.000,-1,650.000,700.000,-1,900.000,2,0,2,0,2,0,0,0,0,2,0,0,2,0,0,2,1
41,-5210.172,8955.064,-109.990,201.000,-0.933504,0.357972,-0.020629,-0.358542,-0.932556,0.042276,-0.004105,0.046861,0.998893,0,0.80331,-0.32460,48.199,-0.649,-1,375.000,-1,375.000,-1,300.000,300.000,325.000,325.000,-1,425.000,350.000,-1,650.000,700.000,-1,850.000,2,0,2,0,2,0,0,0,0,2,0,0,2,0,0,2,1
42,-5255.542,8938.237,-110.194,200.349,-0.937555,0.347352,-0.018369,-0.347831,-0.936563,0.043180,-0.002205,0.046873,0.998898,0,0.80651,-0.32553,48.390,-0.651,-1,375.000,975.000,375.000,1000.000,300.000,300.000,300.000,325.000,-1,425.000,350.000,-1,650.000,675.000,-1,825.000,2,0,1,0,1,0,0,0,0,2,0,0,2,0,1,2,1
43,-5301.284,8921.862,-110.378,199.696,-0.941489,0.336658,-0.016108,-0.337043,-0.940460,0.044018,-0.000330,0.046871,0.998901,0,0.80972,-0.32645,48.583,-0.653,-1,375.000,925.000,375.000,950.000,300.000,300.000,300.000,325.000,-1,400.000,350.000,-1,650.000,650.000,1000.000,775.000,2,0,1,0,1,0,0,0,0,2,0,0,2,0,1,1,1
44,-5347.392,8905.948,-110.353,199.041,-0.945298,0.325877,-0.014678,-0.326207,-0.944212,0.045312,0.000907,0.047621,0.998865,0,0.81296,-0.32736,48.777,-0.655,-1,375.000,900.000,375.000,900.000,300.000,300.000,300.000,325.000,-1,425.000,375.000,-1,650.000,625.000,950.000,750.000,2,0,1,0,1,0,0,0,0,2,0,0,2,0,1,1,1
45,-5393.865,8890.502,-110.139,198.385,-0.948994,0.315015,-0.013287,-0.315286,-0.947818,0.047284,0.002302,0.049061,0.998793,0,0.81621,-0.32827,48.973,-0.657,-1,375.000,850.000,375.000,850.000,300.000,300.000,300.000,325.000,-1,450.000,400.000,-1,650.000,600.000,900.000,700.000,2,0,1,0,1,0,0,0,0,2,0,0,2,0,1,1,1
46,-5440.699,8875.530,-109.883,197.726,-0.952573,0.304080,-0.011855,-0.304288,-0.951302,0.049331,0.003722,0.050599,0.998712,0,0.81948,-0.32918,49.169,-0.658,-1,375.000,800.000,375.000,800.000,300.000,300.000,300.000,325.000,-1,450.000,400.000,-1,650.000,575.000,825.000,650.000,2,0,1,0,1,0,0,0,0,2,0,0,2,1,1,1,1
47,-5488.653,8860.585,-109.594,197.308,-0.954789,0.297102,-0.010389,-0.297235,-0.953422,0.051358,0.005354,0.052124,0.998626,0,0.83714,-0.20918,50.229,-0.418,950.000,375.000,750.000,375.000,750.000,300.000,300.000,300.000,325.000,-1,475.000,425.000,-1,625.000,525.000,775.000,625.000,1,0,1,0,1,0,0,0,0,2,0,0,2,1,1,1,1
48,-5536.841,8845.732,-109.266,197.130,-0.955730,0.294109,-0.008915,-0.294157,-0.954267,0.053342,0.007181,0.053603,0.998537,0,0.84042,-0.08918,50.425,-0.178,900.000,375.000,700.000,375.000,675.000,300.000,300.000,300.000,325.000,-1,500.000,425.000,-1,575.000,500.000,725.000,575.000,1,0,1,0,1,0,0,0,0,2,0,0,2,1,1,1,1
49,-5585.195,8830.771,-108.887,197.191,-0.955433,0.295113,-0.007435,-0.295062,-0.953877,0.055294,0.009225,0.055023,0.998442,0,0.84360,0.03082,50.616,0.062,825.000,375.000,675.000,375.000,600.000,300.000,325.000,300.000,325.000,-1,500.000,450.000,-1,550.000,475.000,675.000,525.000,1,0,1,1,1,0,0,0,0,2,0,0,2,1,1,1,1
50,-5633.645,8815.500,-108.444,197.493,-0.953887,0.300108,-0.005951,-0.299946,-0.952238,0.057224,0.011507,0.056370,0.998344,0,0.84666,0.15082,50.800,0.302,775.000,375.000,625.000,350.000,525.000,300.000,325.000,300.000,325.000,-1,500.000,450.000,-1,500.000,425.000,625.000,475.000,1,0,1,1,1,0,1,0,0,2,0,0,2,1,1,1,1
51,-5682.114,8799.718,-107.925,198.034,-0.951028,0.309074,-0.004462,-0.308787,-0.949291,0.059143,0.014044,0.057625,0.998240,0,0.84956,0.27082,50.973,0.542,725.000,375.000,575.000,325.000,475.000,300.000,300.000,325.000,325.000,-1,525.000,425.000,-1,475.000,400.000,575.000,400.000,1,1,1,1,1,0,1,0,0,2,0,0,2,1,1,1,1
52,-5730.572,8783.395,-107.324,198.615,-0.947868,0.318650,-0.002975,-0.318230,-0.946046,0.061050,0.016639,0.058814,0.998130,0,0.85223,0.29016,51.134,0.580,675.000,350.000,525.000,300.000,400.000,300.000,275.000,325.000,325.000,-1,525.000,425.000,-1,425.000,375.000,525.000,350.000,1,1,1,1,1,1,1,0,0,2,0,0,2,1,1,1,1
53,-5779.006,8766.538,-106.642,199.189,-0.944646,0.328088,-0.001491,-0.327526,-0.942743,0.062940,0.019244,0.059944,0.998016,0,0.85473,0.28693,51.284,0.574,625.000,325.000,475.000,275.000,325.000,275.000,250.000,325.000,325.000,-1,500.000,400.000,-1,400.000,325.000,500.000,300.000,1,1,1,1,1,1,1,0,0,2,0,0,2,1,1,1,1
54,-5827.401,8749.156,-105.725,199.755,-0.941366,0.337387,-0.000237,-0.336706,-0.939422,0.064149,0.021421,0.060468,0.997940,0,0.85703,0.28340,51.422,0.567,550.000,275.000,425.000,225.000,275.000,250.000,225.000,325.000,325.000,-1,500.000,400.000,-1,375.000,300.000,450.000,250.000,1,1,1,1,1,1,1,0,0,2,0,0,2,1,1,1,1
55,-5875.744,8731.268,-101.418,200.314,-0.937848,0.346761,0.014082,-0.345476,-0.936690,0.057073,0.032982,0.048661,0.998271,0,0.85909,0.27954,51.546,0.559,500.000,275.000,400.000,225.000,250.000,225.000,200.000,300.000,350.000,-1,350.000,350.000,-1,350.000,275.000,400.000,225.000,1,1,1,1,1,1,1,0,0,2,0,0,2,1,1,1,1
56,-5924.014,8712.878,-95.525,200.865,-0.933842,0.355995,0.034748,-0.354309,-0.933967,0.046599,0.049043,0.031205,0.998309,0,0.86089,0.27530,51.653,0.551,475.000,250.000,400.000,225.000,250.000,225.000,200.000,300.000,400.000,-1,225.000,275.000,-1,325.000,275.000,375.000,225.000,1,1,1,1,1,1,1,0,0,2,0,0,2,1,1,1,1
57,-5972.191,8693.999,-89.461,201.406,-0.929343,0.364948,0.055995,-0.363388,-0.930932,0.036257,0.065360,0.013347,0.997772,0,0.86236,0.27066,51.741,0.541,425.000,225.000,375.000,200.000,225.000,200.000,200.000,275.000,450.000,-1,150.000,250.000,-1,300.000,275.000,325.000,225.000,1,1,1,1,1,1,1,0,1,2,0,0,2,1,1,1,1
58,-6020.250,8674.647,-83.095,201.938,-0.924373,0.373592,0.077230,-0.372686,-0.927583,0.026373,0.081490,-0.004404,0.996664,0,0.86344,0.26557,51.807,0.531,375.000,225.000,375.000,200.000,225.000,200.000,175.000,275.000,475.000,750.000,125.000,225.000,-1,275.000,250.000,300.000,200.000,1,1,1,1,1,1,1,0,1,0,0,0,2,1,1,1,1
59,327.966,-327.969,40.221,-146.232,-0.830181,0.555606,0.045840,-0.556313,-0.830966,-0.003284,0.036267,-0.028227,0.998943,1,0.00000,0.00000,51.844,0.520,-1,400.000,-1,400.000,500.000,325.000,325.000,325.000,325.000,-1,-1,-1,-1,775.000,575.000,-1,550.000,2,0,2,1,1,0,0,0,0,2,2,2,2,0,1,2,1
60,323.974,-330.634,40.394,-146.270,-0.830548,0.555053,0.045893,-0.555760,-0.831336,-0.003275,0.036335,-0.028226,0.998941,0,0.08000,-0.01908,4.800,-0.038,-1,400.000,-1,400.000,500.000,325.000,325.000,325.000,325.000,-1,-1,-1,-1,775.000,575.000,-1,550.000,2,0,2,1,1,0,0,0,0,2,2,2,2,0,1,2,1
61,315.968,-335.931,40.738,-146.512,-0.832877,0.551543,0.045998,-0.552250,-0.833672,-0.003261,0.036548,-0.028118,0.998936,0,0.16000,-0.12084,9.600,-0.242,-1,400.000,-1,375.000,500.000,325.000,325.000,325.000,325.000,-1,-1,-1,-1,775.000,550.000,-1,550.000,2,0,2,1,1,0,0,0,0,2,2,2,2,0,1,2,1
62,303.924,-343.826,41.259,-146.754,-0.835195,0.548013,0.046152,-0.548720,-0.836000,-0.003238,0.036809,-0.028029,0.998929,0,0.24000,-0.12117,14.400,-0.242,-1,400.000,-1,375.000,475.000,325.000,325.000,300.000,325.000,-1,-1,-1,-1,775.000,550.000,-1,525.000,2,0,2,1,1,0,0,0,0,2,2,2,2,0,1,2,1
63,287.822,-354.283,41.963,-146.998,-0.837508,0.544455,0.046355,-0.545162,-0.838324,-0.003206,0.037115,-0.027957,0.998920,0,0.32000,-0.12182,19.200,-0.244,-1,400.000,-1,375.000,450.000,325.000,325.000,300.000,325.000,-1,-1,-1,-1,775.000,550.000,-1,525.000,2,0,2,1,1,0,0,0,0,2,2,2,2,0,1,2,1
64,267.639,-367.269,42.832,-147.244,-0.839827,0.540859,0.046506,-0.541564,-0.840653,-0.003135,0.037400,-0.027819,0.998913,0,0.40000,-0.12278,24.000,-0.246,-1,400.000,-1,375.000,450.000,325.000,325.000,300.000,325.000,-1,-1,-1,-1,775.000,550.000,-1,500.000,2,0,2,1,1,0,0,0,0,2,2,2,2,0,1,2,1
65,243.351,-382.747,43.880,-147.492,-0.842155,0.537215,0.046644,-0.537917,-0.842992,-0.003036,0.037690,-0.027647,0.998907,0,0.48000,-0.12409,28.800,-0.248,-1,400.000,-1,350.000,425.000,325.000,325.000,300.000,325.000,-1,-1,-1,-1,800.000,525.000,-1,475.000,2,0,2,1,1,0,0,0,0,2,2,2,2,0,1,2,1
66,214.937,-400.679,45.117,-147.743,-0.844497,0.533512,0.046785,-0.534210,-0.845347,-0.002916,0.037994,-0.027456,0.998901,0,0.56000,-0.12575,33.600,-0.252,-1,400.000,-1,350.000,400.000,325.000,325.000,300.000,325.000,-1,-1,-1,-1,800.000,525.000,-1,450.000,2,0,2,1,1,0,1,0,0,2,2,2,2,0,1,2,1
67,182.372,-421.029,46.545,-147.999,-0.846862,0.529738,0.046924,-0.530431,-0.847724,-0.002759,0.038317,-0.027227,0.998895,0,0.64000,-0.12782,38.400,-0.256,-1,400.000,-1,350.000,350.000,325.000,300.000,300.000,325.000,-1,-1,-1,-1,800.000,500.000,-1,425.000,2,0,2,1,1,0,1,0,0,2,2,2,2,0,1,2,1
68,145.633,-443.755,48.152,-148.260,-0.849255,0.525882,0.047063,-0.526562,-0.850133,-0.002470,0.038711,-0.026880,0.998889,0,0.72000,-0.13032,43.200,-0.261,-1,400.000,-1,325.000,325.000,325.000,300.000,300.000,325.000,-1,-1,-1,-1,825.000,500.000,-1,375.000,2,0,2,1,1,1,1,0,0,2,2,2,2,0,1,2,1
69,104.695,-468.816,49.969,-148.526,-0.851685,0.521925,0.047181,-0.522593,-0.852580,-0.002164,0.039096,-0.026499,0.998884,0,0.80000,-0.13331,48.000,-0.267,-1,400.000,-1,325.000,300.000,325.000,300.000,300.000,325.000,-1,-1,-1,-1,825.000,500.000,-1,350.000,2,0,2,1,1,1,1,0,0,2,2,2,2,0,1,2,1
70,59.935,-495.924,53.042,-148.800,-0.853925,0.517794,0.051975,-0.518651,-0.854978,-0.003583,0.042582,-0.030016,0.998642,0,0.87213,-0.13687,52.328,-0.274,-1,400.000,-1,325.000,275.000,325.000,300.000,300.000,325.000,-1,-1,-1,-1,875.000,500.000,-1,325.000,2,0,2,1,1,1,1,1,0,2,2,2,2,0,1,2,1
71,14.997,-522.841,57.682,-149.082,-0.855787,0.513415,0.063502,-0.514854,-0.857244,-0.007611,0.050529,-0.039208,0.997953,0,0.87303,-0.14103,52.382,-0.282,-1,425.000,-1,325.000,275.000,325.000,300.000,300.000,350.000,-1,600.000,700.000,-1,950.000,550.000,-1,350.000,2,0,2,1,1,1,1,1,0,2,0,0,2,0,1,2,1
72,-30.108,-549.547,62.095,-149.373,-0.857676,0.508875,0.073742,-0.510951,-0.859535,-0.011323,0.057622,-0.047390,0.997213,0,0.87362,-0.14549,52.417,-0.291,-1,450.000,-1,350.000,300.000,350.000,325.000,275.000,350.000,-1,400.000,525.000,-1,1000.000,600.000,-1,400.000,2,0,2,1,1,1,1,1,1,2,0,0,2,0,1,2,1
73,-75.365,-576.025,66.283,-149.673,-0.859631,0.504175,0.082716,-0.506906,-0.861876,-0.014710,0.063874,-0.054574,0.996465,0,0.87386,-0.15025,52.432,-0.300,-1,475.000,-1,350.000,300.000,375.000,325.000,250.000,350.000,-1,300.000,425.000,-1,-1,675.000,-1,475.000,2,0,2,1,1,1,1,1,1,2,0,0,2,2,1,2,1
74,-120.756,-602.251,70.233,-149.984,-0.861665,0.499313,0.090668,-0.502693,-0.864284,-0.017702,0.069524,-0.060831,0.995724,0,0.87371,-0.15535,52.423,-0.311,-1,475.000,-1,375.000,325.000,400.000,350.000,250.000,325.000,-1,250.000,375.000,-1,-1,700.000,-1,-1,2,0,2,1,1,0,1,1,1,2,0,0,2,2,1,2,2
75,-166.263,-628.205,73.745,-150.306,-0.863850,0.494257,0.097327,-0.498319,-0.866729,-0.021434,0.073763,-0.067016,0.995022,0,0.87311,-0.16080,52.386,-0.322,-1,500.000,-1,400.000,325.000,400.000,375.000,250.000,300.000,-1,200.000,350.000,-1,-1,750.000,-1,-1,2,0,2,1,1,0,1,1,1,2,0,0,2,2,1,2,2
76,-211.861,-653.862,76.874,-150.639,-0.866215,0.489004,0.102694,-0.493746,-0.869227,-0.025662,0.076716,-0.072934,0.994382,0,0.87201,-0.16663,52.320,-0.333,-1,525.000,-1,425.000,350.000,425.000,400.000,225.000,275.000,-1,175.000,350.000,-1,-1,750.000,-1,-1,2,0,2,1,1,0,1,1,1,2,0,0,2,2,1,2,2
77,-257.527,-679.194,79.780,-150.985,-0.868753,0.483566,0.106919,-0.488917,-0.871829,-0.029570,0.078916,-0.077964,0.993828,0,0.87035,-0.17286,52.221,-0.346,-1,525.000,-1,425.000,375.000,425.000,425.000,225.000,250.000,-1,175.000,325.000,-1,-1,775.000,-1,-1,2,0,2,1,1,0,1,1,1,2,0,0,2,2,1,2,2
78,-299.038,-702.121,82.139,-151.090,-0.869392,0.481814,0.109604,-0.487604,-0.872462,-0.032430,0.080000,-0.081638,0.993446,0,0.79035,-0.05286,47.421,-0.106,-1,525.000,-1,450.000,475.000,425.000,450.000,225.000,225.000,925.000,150.000,325.000,-1,-1,775.000,-1,-1,2,0,2,1,1,0,0,1,1,1,0,0,2,2,1,2,2
79,-338.015,-723.768,84.028,-150.956,-0.868132,0.483760,0.111006,-0.489816,-0.871155,-0.034189,0.080165,-0.084053,0.993231,0,0.74308,0.06714,44.585,0.134,-1,525.000,-1,450.000,750.000,450.000,450.000,225.000,225.000,850.000,150.000,350.000,-1,-1,775.000,-1,-1,2,0,2,1,1,0,1,1,1,1,0,0,2,2,1,2,2
80,-376.653,-745.557,85.579,-150.582,-0.864960,0.489383,0.111126,-0.495542,-0.867874,-0.035114,0.079259,-0.085439,0.993186,0,0.73931,0.18714,44.359,0.374,-1,525.000,-1,450.000,850.000,450.000,425.000,225.000,200.000,800.000,150.000,350.000,-1,-1,775.000,-1,-1,2,0,2,1,1,0,1,1,1,1,0,0,2,2,1,2,2
81,-414.806,-767.615,86.747,-149.968,-0.859822,0.498650,0.109794,-0.504729,-0.862561,-0.035164,0.077170,-0.085651,0.993332,0,0.73451,0.30714,44.071,0.614,-1,525.000,-1,450.000,825.000,425.000,425.000,225.000,200.000,775.000,175.000,375.000,-1,-1,750.000,-1,1000.000,2,0,2,1,1,1,1,1,1,1,0,0,2,2,1,2,1
82,-452.324,-790.056,87.486,-149.113,-0.852615,0.511504,0.106823,-0.517304,-0.855112,-0.034342,0.073779,-0.084541,0.993685,0,0.72863,0.42714,43.718,0.854,-1,525.000,-1,450.000,750.000,425.000,400.000,250.000,175.000,800.000,175.000,400.000,-1,-1,750.000,-1,950.000,2,1,2,1,1,1,1,1,1,1,0,0,2,2,1,2,1
83,-4263.553,2951.677,-3.636,-159.810,-0.938282,0.344562,-0.030048,-0.345696,-0.937020,0.049872,-0.010972,0.057181,0.998304,1,0.00000,0.00000,43.300,0.883,-1,375.000,-1,350.000,725.000,300.000,300.000,250.000,275.000,325.000,-1,-1,-1,700.000,575.000,-1,825.000,2,0,2,0,0,0,0,1,0,1,2,2,2,0,0,2,0
84,-4268.051,2950.002,-3.649,-159.570,-0.936841,0.348492,-0.029710,-0.349597,-0.935588,0.049564,-0.010524,0.056820,0.998329,0,0.08000,0.12000,4.800,0.240,-1,375.000,-1,350.000,725.000,300.000,300.000,250.000,275.000,325.000,-1,-1,-1,700.000,575.000,-1,825.000,2,0,2,0,0,0,0,1,0,1,2,2,2,0,0,2,0
85,-4277.019,2946.576,-3.670,-159.090,-0.933908,0.356331,-0.029049,-0.357383,-0.932673,0.048972,-0.009643,0.056117,0.998378,0,0.16000,0.24000,9.600,0.480,-1,375.000,-1,350.000,750.000,300.000,300.000,250.000,275.000,325.000,-1,-1,-1,700.000,575.000,-1,825.000,2,0,2,0,0,0,0,1,0,1,2,2,2,0,0,2,0
86,-4290.405,2941.269,-3.689,-158.370,-0.929384,0.368044,-0.028085,-0.369020,-0.928174,0.048132,-0.008354,0.055097,0.998446,0,0.24000,0.36000,14.400,0.720,-1,375.000,-1,350.000,750.000,300.000,300.000,250.000,275.000,325.000,-1,-1,-1,700.000,575.000,-1,850.000,2,0,2,0,0,0,0,1,0,1,2,2,2,0,0,2,0
87,-4308.161,2933.966,-3.617,-157.643,-0.924665,0.379817,-0.027099,-0.380718,-0.923475,0.047414,-0.007017,0.054159,0.998508,0,0.32000,0.36368,19.200,0.727,-1,375.000,-1,350.000,750.000,300.000,300.000,250.000,275.000,350.000,-1,-1,-1,700.000,600.000,-1,875.000,2,0,2,0,0,0,0,1,0,1,2,2,2,0,0,2,0
88,-4330.240,2924.557,-3.463,-156.917,-0.919807,0.391505,-0.026052,-0.392331,-0.918633,0.046800,-0.005610,0.053268,0.998565,0,0.40000,0.36296,24.000,0.726,-1,375.000,-1,350.000,775.000,300.000,300.000,275.000,275.000,350.000,-1,-1,-1,725.000,600.000,-1,900.000,2,0,2,0,0,0,0,1,0,1,2,2,2,0,0,2,0
89,-4356.589,2912.932,-3.246,-156.193,-0.914817,0.403103,-0.024849,-0.403848,-0.913657,0.046233,-0.004067,0.052330,0.998622,0,0.48000,0.36205,28.800,0.724,-1,375.000,-1,350.000,775.000,300.000,300.000,275.000,275.000,350.000,-1,-1,-1,725.000,600.000,-1,925.000,2,0,2,0,0,0,0,1,0,1,2,2,2,0,0,2,1
90,-4387.157,2898.984,-2.996,-155.471,-0.909702,0.414606,-0.023344,-0.415256,-0.908559,0.045638,-0.002288,0.051211,0.998685,0,0.56000,0.36093,33.600,0.722,-1,375.000,-1,350.000,800.000,300.000,300.000,300.000,275.000,350.000,-1,-1,-1,725.000,600.000,-1,900.000,2,0,2,0,0,0,0,1,0,1,2,2,2,0,0,2,1
91,-4421.889,2882.605,-2.756,-154.752,-0.904467,0.426009,-0.021338,-0.426543,-0.903351,0.044918,-0.000140,0.049729,0.998763,0,0.64000,0.35958,38.400,0.719,-1,375.000,-1,350.000,825.000,300.000,300.000,300.000,275.000,375.000,-1,-1,-1,750.000,600.000,-1,875.000,2,0,2,0,0,0,0,1,0,1,2,2,2,0,0,2,1
92,-4460.729,2863.693,-2.486,-154.036,-0.899118,0.437315,-0.018493,-0.437699,-0.898063,0.043616,0.002466,0.047311,0.998877,0,0.72000,0.35798,43.200,0.716,-1,400.000,-1,350.000,800.000,300.000,300.000,325.000,275.000,375.000,-1,-1,-1,750.000,600.000,-1,850.000,2,0,2,0,1,0,0,1,0,1,2,2,2,0,0,2,1
93,-4503.620,2842.146,-2.190,-153.324,-0.893654,0.448523,-0.014479,-0.448721,-0.892714,0.041354,0.005622,0.043453,0.999040,0,0.80000,0.35610,48.000,0.712,-1,400.000,-1,350.000,775.000,300.000,300.000,350.000,275.000,375.000,-1,-1,-1,750.000,625.000,-1,825.000,2,0,2,0,1,0,0,0,0,1,2,2,2,0,0,2,1
94,-4548.349,2818.979,-1.955,-152.616,-0.888074,0.459618,-0.008684,-0.459592,-0.887300,0.038384,0.009937,0.038079,0.999225,0,0.83953,0.35392,50.372,0.708,-1,400.000,-1,350.000,750.000,325.000,300.000,325.000,275.000,375.000,-1,-1,-1,775.000,650.000,-1,825.000,2,0,2,0,1,0,0,0,0,1,2,2,2,0,0,2,1
95,-4592.744,2795.290,-1.892,-151.913,-0.882357,0.470577,-0.001532,-0.470337,-0.881794,0.034959,0.015100,0.031567,0.999388,0,0.83867,0.35152,50.320,0.703,-1,400.000,-1,375.000,725.000,325.000,300.000,325.000,300.000,375.000,-1,-1,-1,800.000,675.000,-1,825.000,2,0,2,0,1,0,0,0,0,1,2,2,2,0,0,2,1
96,-4636.818,2771.078,-2.087,-151.215,-0.876484,0.481384,0.006713,-0.480977,-0.876177,0.031241,0.020921,0.024154,0.999489,0,0.83809,0.34902,50.286,0.698,-1,400.000,-1,375.000,725.000,325.000,325.000,300.000,300.000,375.000,-1,-1,-1,825.000,675.000,-1,825.000,2,0,2,0,1,0,0,0,0,1,2,2,2,0,1,2,1
97,-4680.578,2746.345,-2.291,-150.522,-0.870458,0.492018,0.014875,-0.491524,-0.870422,0.027743,0.026597,0.016838,0.999504,0,0.83777,0.34643,50.266,0.693,-1,400.000,-1,375.000,725.000,325.000,325.000,300.000,300.000,375.000,900.000,850.000,-1,850.000,675.000,-1,875.000,2,0,2,0,1,0,0,0,0,1,0,0,2,0,1,2,1
98,-4724.033,2721.089,-0.929,-149.835,-0.864479,0.502434,0.015339,-0.501941,-0.864467,0.027416,0.027035,0.016001,0.999506,0,0.83769,0.34376,50.261,0.688,-1,400.000,-1,375.000,700.000,325.000,325.000,300.000,300.000,400.000,925.000,875.000,-1,850.000,675.000,-1,875.000,2,0,2,0,1,0,0,0,0,1,0,0,2,0,1,2,1
99,-4763.158,2697.938,0.276,-149.387,-0.860519,0.509176,0.015687,-0.508686,-0.860526,0.027099,0.027297,0.015339,0.999510,0,0.75769,0.22376,45.461,0.448,-1,400.000,-1,400.000,675.000,325.000,325.000,300.000,300.000,425.000,950.000,925.000,-1,850.000,675.000,-1,900.000,2,0,2,0,1,0,0,0,0,1,0,0,2,0,1,2,1
100,-4801.988,2674.772,1.443,-149.180,-0.858662,0.512294,0.015970,-0.511810,-0.858683,0.026720,0.027402,0.014770,0.999515,0,0.75359,0.10376,45.215,0.208,-1,400.000,-1,400.000,650.000,325.000,325.000,300.000,300.000,450.000,1000.000,950.000,-1,875.000,675.000,-1,925.000,2,0,2,0,1,0,0,0,0,1,0,0,2,0,1,2,1
101,-4840.838,2651.624,2.603,-149.212,-0.858946,0.511810,0.016223,-0.511330,-0.858978,0.026408,0.027451,0.014388,0.999520,0,0.75372,-0.01624,45.223,-0.032,-1,400.000,-1,400.000,600.000,325.000,325.000,300.000,300.000,475.000,-1,1000.000,-1,875.000,675.000,-1,-1,2,0,2,0,1,0,0,0,0,1,2,0,2,0,1,2,2
102,-4879.805,2628.657,3.735,-149.485,-0.861365,0.507721,0.016445,-0.507249,-0.861406,0.026037,0.027385,0.014086,0.999526,0,0.75386,-0.13624,45.232,-0.272,-1,400.000,-1,400.000,575.000,325.000,325.000,300.000,300.000,500.000,-1,-1,-1,875.000,675.000,-1,-1,2,0,2,0,1,0,0,0,0,1,2,2,2,0,1,2,2
103,-4918.985,2606.033,4.835,-149.997,-0.865867,0.499998,0.016649,-0.499534,-0.865916,0.025598,0.027215,0.013848,0.999534,0,0.75405,-0.25624,45.243,-0.512,-1,425.000,-1,400.000,550.000,325.000,325.000,300.000,300.000,525.000,-1,-1,-1,875.000,675.000,-1,-1,2,0,2,1,1,0,0,0,0,1,2,2,2,0,1,2,2
104,-4958.473,2583.919,5.904,-150.749,-0.872354,0.488584,0.016847,-0.488131,-0.872410,0.025083,0.026952,0.013658,0.999543,0,0.75431,-0.37624,45.259,-0.752,-1,425.000,-1,375.000,525.000,325.000,325.000,300.000,300.000,550.000,-1,-1,-1,875.000,675.000,-1,-1,2,0,2,1,1,0,0,0,0,1,2,2,2,0,1,2,2
105,-5002.566,2560.219,7.129,-151.742,-0.880682,0.473403,0.016999,-0.472974,-0.880748,0.024032,0.026349,0.013125,0.999567,0,0.83431,-0.49624,50.059,-0.992,-1,425.000,-1,375.000,500.000,325.000,325.000,300.000,300.000,600.000,-1,-1,-1,875.000,675.000,-1,800.000,2,0,2,1,1,0,1,0,0,1,2,2,2,0,1,2,1
106,-5047.721,2537.186,8.324,-152.974,-0.890657,0.454352,0.017152,-0.453950,-0.890733,0.022888,0.025678,0.012599,0.999591,0,0.84483,-0.61624,50.690,-1.232,-1,425.000,-1,375.000,450.000,325.000,325.000,300.000,300.000,625.000,-1,-1,-1,875.000,650.000,-1,675.000,2,0,2,1,1,0,1,0,0,1,2,2,2,0,1,2,1
107,-5093.472,2515.162,9.461,-154.294,-0.900880,0.433722,0.017316,-0.433346,-0.900966,0.021705,0.025015,0.012049,0.999614,0,0.84628,-0.65979,50.777,-1.320,-1,425.000,-1,350.000,425.000,325.000,325.000,300.000,300.000,675.000,-1,-1,-1,875.000,650.000,-1,600.000,2,0,2,1,1,0,1,0,0,1,2,2,2,0,1,2,1
108,-5139.799,2494.166,10.678,-155.619,-0.910665,0.412783,0.017332,-0.412450,-0.910764,0.019854,0.023981,0.010932,0.999653,0,0.84771,-0.66233,50.863,-1.325,-1,425.000,-1,350.000,375.000,325.000,325.000,300.000,300.000,725.000,-1,-1,-1,875.000,625.000,-1,525.000,2,0,2,1,1,0,1,0,0,1,2,2,2,0,1,2,1
109,-5186.674,2474.219,12.089,-156.949,-0.919981,0.391541,0.018187,-0.391257,-0.920118,0.017335,0.023522,0.008832,0.999684,0,0.84905,-0.66497,50.943,-1.330,-1,425.000,-1,350.000,350.000,325.000,325.000,300.000,300.000,775.000,800.000,-1,-1,875.000,625.000,-1,475.000,2,0,2,1,1,0,1,0,0,1,1,2,2,0,1,2,1
110,-5234.072,2455.343,14.715,-158.284,-0.928713,0.370005,0.024280,-0.369823,-0.929028,0.011763,0.026909,0.001945,0.999636,0,0.85029,-0.66772,51.017,-1.335,-1,425.000,-1,350.000,350.000,325.000,325.000,300.000,300.000,825.000,775.000,-1,-1,875.000,650.000,-1,500.000,2,0,2,1,1,0,1,0,0,1,1,2,2,0,1,2,1
111,-5281.960,2437.558,17.202,-159.625,-0.936962,0.348156,0.029843,-0.348133,-0.937425,0.006109,0.030103,-0.004666,0.999536,0,0.85141,-0.67058,51.084,-1.341,-1,425.000,-1,375.000,350.000,350.000,350.000,300.000,325.000,850.000,775.000,-1,-1,900.000,675.000,-1,500.000,2,0,2,1,1,0,0,0,0,1,1,2,2,0,1,2,1
112,-5330.309,2420.884,19.536,-160.972,-0.944717,0.326003,0.035098,-0.326195,-0.945302,0.000270,0.033266,-0.011194,0.999384,0,0.85239,-0.67359,51.143,-1.347,-1,450.000,-1,375.000,350.000,350.000,350.000,300.000,325.000,900.000,700.000,900.000,-1,925.000,750.000,-1,525.000,2,0,2,1,1,0,0,0,0,1,0,1,2,0,1,2,1
113,-5379.086,2405.341,21.905,-162.326,-0.951984,0.303559,0.039722,-0.303991,-0.952661,-0.005183,0.036269,-0.017009,0.999197,0,0.85321,-0.67674,51.192,-1.353,-1,450.000,-1,375.000,325.000,350.000,350.000,300.000,350.000,950.000,500.000,900.000,-1,925.000,825.000,-1,500.000,2,0,2,1,1,0,0,0,1,1,0,1,2,0,1,2,1
114,-5428.254,2390.949,24.244,-163.686,-0.958741,0.280830,0.044156,-0.281535,-0.959493,-0.010527,0.039411,-0.022524,0.998969,0,0.85385,-0.68006,51.231,-1.360,-1,450.000,-1,375.000,325.000,375.000,375.000,300.000,325.000,1000.000,400.000,750.000,-1,950.000,900.000,-1,500.000,2,0,2,1,1,0,0,0,1,1,0,0,2,0,1,2,1
115,-5477.777,2377.728,26.528,-165.053,-0.964980,0.257822,0.048386,-0.258842,-0.965787,-0.016026,0.042599,-0.027989,0.998700,0,0.85429,-0.68356,51.257,-1.367,-1,450.000,-1,400.000,300.000,375.000,375.000,300.000,300.000,1000.000,350.000,625.000,-1,975.000,-1,-1,-1,2,0,2,1,1,0,0,0,1,0,0,0,2,0,2,2,2
116,-5527.616,2365.695,28.778,-166.428,-0.970689,0.234542,0.052476,-0.235920,-0.971530,-0.021726,0.045886,-0.033470,0.998386,0,0.85450,-0.68725,51.270,-1.375,-1,475.000,-1,400.000,300.000,375.000,400.000,275.000,300.000,925.000,300.000,550.000,-1,975.000,-1,-1,-1,2,0,2,1,1,0,0,0,1,0,0,0,2,0,2,2,2
117,-5577.728,2354.868,31.018,-167.810,-0.975854,0.210994,0.056485,-0.212781,-0.976708,-0.027684,0.049328,-0.039035,0.998020,0,0.85446,-0.69116,51.268,-1.382,-1,475.000,-1,400.000,300.000,400.000,400.000,275.000,275.000,875.000,225.000,500.000,-1,1000.000,-1,-1,-1,2,0,2,1,1,0,0,0,1,0,0,0,2,0,2,2,2
118,-5628.068,2345.264,33.268,-169.201,-0.980462,0.187185,0.060465,-0.189440,-0.981305,-0.033962,0.052978,-0.044753,0.997592,0,0.85413,-0.69529,51.248,-1.391,-1,475.000,-1,425.000,275.000,400.000,425.000,275.000,275.000,800.000,175.000,450.000,-1,-1,-1,-1,-1,2,0,2,1,1,0,0,0,1,0,0,0,2,2,2,2,2
119,-5678.590,2336.898,35.551,-170.600,-0.984498,0.163118,0.064465,-0.165912,-0.985303,-0.040629,0.056890,-0.050695,0.997093,0,0.85348,-0.69967,51.209,-1.399,-1,500.000,-1,450.000,250.000,400.000,425.000,275.000,250.000,750.000,150.000,400.000,-1,-1,-1,-1,-1,2,0,2,1,1,0,0,0,1,0,0,0,2,2,2,2,2
120,-5729.242,2329.784,37.891,-172.008,-0.987947,0.138801,0.068524,-0.142217,-0.988683,-0.047761,0.061119,-0.056930,0.996506,0,0.85248,-0.70431,51.149,-1.409,-1,500.000,-1,475.000,250.000,425.000,425.000,275.000,250.000,700.000,125.000,350.000,-1,-1,-1,-1,-1,2,0,2,1,1,0,1,0,1,0,0,0,2,2,2,2,2
121,-5775.263,2324.275,40.032,-173.177,-0.990316,0.118566,0.072224,-0.122613,-0.990961,-0.054428,0.065118,-0.062757,0.995902,0,0.77248,-0.58431,46.349,-1.169,-1,525.000,-1,525.000,-1,425.000,450.000,275.000,250.000,650.000,100.000,325.000,-1,-1,-1,-1,-1,2,0,2,1,2,0,1,0,1,0,0,0,2,2,2,2,2
122,-5820.213,2319.631,42.099,-174.106,-0.991843,0.102452,0.075831,-0.107158,-0.992379,-0.060834,0.069021,-0.068464,0.995263,0,0.75314,-0.46431,45.188,-0.929,-1,525.000,-1,550.000,-1,450.000,450.000,275.000,225.000,625.000,75.000,300.000,-1,-1,-1,-1,-1,2,0,2,1,2,0,1,0,1,0,0,0,2,2,2,2,2
123,-5865.080,2315.706,44.200,-175.005,-0.993048,0.086826,0.079481,-0.092263,-0.993445,-0.067487,0.073101,-0.074351,0.994549,0,0.75062,-0.44967,45.037,-0.899,-1,525.000,-1,600.000,-1,450.000,475.000,275.000,225.000,575.000,75.000,275.000,-1,-1,-1,-1,-1,2,0,2,1,2,0,1,0,1,0,0,0,2,2,2,2,2
124,-5909.823,2312.507,46.269,-175.916,-0.994578,0.070993,0.075994,-0.076668,-0.994265,-0.074560,0.070265,-0.079983,0.994317,0,0.74762,-0.45538,44.857,-0.911,-1,525.000,-1,625.000,-1,450.000,475.000,275.000,225.000,575.000,100.000,325.000,-1,-1,-1,-1,-1,2,0,2,1,2,0,1,0,1,0,0,0,2,2,2,2,2
125,2951.672,4263.544,-117.948,124.291,-0.562209,-0.824556,0.063467,0.826738,-0.562290,0.018282,0.020612,0.062749,0.997816,1,0.00000,0.00000,44.652,-0.923,-1,400.000,-1,400.000,-1,325.000,325.000,300.000,300.000,-1,-1,850.000,-1,750.000,725.000,-1,-1,2,0,2,0,2,0,0,0,0,2,2,1,2,0,0,2,2
126,2954.359,4259.567,-118.040,124.051,-0.558756,-0.826902,0.063434,0.829082,-0.558830,0.018242,0.020364,0.062784,0.997819,0,-0.08000,-0.12000,-4.800,-0.240,-1,400.000,-1,400.000,-1,325.000,325.000,300.000,300.000,-1,-1,875.000,-1,750.000,725.000,-1,-1,2,0,2,0,2,0,0,0,0,2,2,1,2,0,0,2,2
127,2959.668,4251.569,-118.221,123.571,-0.551821,-0.831551,0.063369,0.833726,-0.551880,0.018163,0.019868,0.062855,0.997825,0,-0.16000,-0.24000,-9.600,-0.480,-1,400.000,-1,400.000,-1,325.000,325.000,300.000,300.000,-1,-1,875.000,-1,750.000,750.000,-1,-1,2,0,2,0,2,0,0,0,0,2,2,1,2,0,0,2,2
128,2967.479,4239.472,-118.483,122.851,-0.541347,-0.838415,0.063275,0.840582,-0.541384,0.018053,0.019120,0.062961,0.997833,0,-0.24000,-0.36000,-14.400,-0.720,-1,400.000,-1,400.000,-1,325.000,325.000,300.000,300.000,-1,-1,875.000,-1,750.000,750.000,-1,-1,2,0,2,0,2,0,0,0,0,2,2,1,2,0,0,2,2
129,2977.622,4223.170,-118.815,121.891,-0.527249,-0.847360,0.063157,0.849518,-0.527256,0.017920,0.018115,0.063101,0.997843,0,-0.32000,-0.48000,-19.200,-0.960,-1,400.000,-1,400.000,-1,325.000,325.000,300.000,300.000,-1,-1,875.000,-1,750.000,750.000,-1,-1,2,0,2,0,2,0,0,0,0,2,2,1,2,0,0,2,2
130,2989.872,4202.532,-119.203,120.691,-0.509420,-0.858207,0.063021,0.860353,-0.509389,0.017774,0.016848,0.063275,0.997854,0,-0.40000,-0.60000,-24.000,-1.200,-1,400.000,-1,400.000,-1,325.000,325.000,300.000,300.000,-1,-1,875.000,-1,750.000,750.000,-1,-1,2,0,2,0,2,0,0,0,0,2,2,1,2,0,0,2,2
131,3002.795,4179.458,-119.592,119.251,-0.487733,-0.870725,0.062887,0.872859,-0.487654,0.017636,0.015311,0.063493,0.997865,0,-0.44080,-0.72000,-26.448,-1.440,-1,400.000,-1,400.000,-1,325.000,325.000,300.000,300.000,-1,-1,900.000,-1,750.000,750.000,-1,-1,2,0,2,0,2,0,0,0,0,2,2,1,2,0,0,2,2
132,3015.079,4155.933,-119.935,117.571,-0.462045,-0.884633,0.062770,0.886754,-0.461910,0.017518,0.013497,0.063756,0.997874,0,-0.44232,-0.84000,-26.539,-1.680,-1,400.000,-1,400.000,-1,325.000,325.000,300.000,300.000,-1,-1,925.000,-1,750.000,750.000,-1,-1,2,0,2,0,2,0,0,0,0,2,2,1,2,0,0,2,2
133,3026.603,4131.935,-120.227,115.651,-0.432205,-0.899595,0.062670,0.901704,-0.432004,0.017424,0.011399,0.064040,0.997882,0,-0.44372,-0.96000,-26.623,-1.920,-1,400.000,-1,400.000,-1,325.000,325.000,300.000,300.000,-1,-1,975.000,-1,750.000,750.000,-1,-1,2,0,2,0,2,0,0,0,0,2,2,1,2,0,0,2,2
