timestep,x_cm,y_cm,z_cm,yaw_deg,basis_xx,basis_xy,basis_xz,basis_yx,basis_yy,basis_yz,basis_zx,basis_zy,basis_zz,teleport_flag,throttle_cmd,steering_cmd,cmd_move_cm,cmd_turn_deg,lidar_cm_0,lidar_cm_1,lidar_cm_2,lidar_cm_3,lidar_cm_4,lidar_cm_5,lidar_cm_6,lidar_cm_7,lidar_cm_8,lidar_cm_9,lidar_cm_10,lidar_cm_11,lidar_cm_12,lidar_cm_13,lidar_cm_14,lidar_cm_15,lidar_cm_16,lidar_class_0,lidar_class_1,lidar_class_2,lidar_class_3,lidar_class_4,lidar_class_5,lidar_class_6,lidar_class_7,lidar_class_8,lidar_class_9,lidar_class_10,lidar_class_11,lidar_class_12,lidar_class_13,lidar_class_14,lidar_class_15,lidar_class_16
0,-7543.218,7543.222,-160.338,35.095,0.816836,-0.574862,0.048093,0.574862,0.818109,0.015212,-0.048090,0.015221,0.998727,1,0.00000,0.00000,-4.800,0.240,-1,375.000,-1,375.000,-1,300.000,325.000,275.000,300.000,-1,-1,-1,-1,675.000,675.000,-1,-1,2,0,2,0,2,0,0,0,0,2,2,2,2,0,0,2,2
1,-7539.302,7545.998,-160.562,35.335,0.814418,-0.578282,0.048107,0.578291,0.815690,0.015134,-0.047992,0.015495,0.998728,0,0.08000,0.12000,4.800,0.240,-1,375.000,-1,375.000,-1,300.000,325.000,275.000,300.000,-1,-1,-1,-1,675.000,675.000,-1,-1,2,0,2,0,2,0,0,0,0,2,2,2,2,0,0,2,2
2,-7531.517,7551.615,-161.008,35.815,0.809539,-0.585090,0.048137,0.585118,0.810810,0.014973,-0.047791,0.016045,0.998729,0,0.16000,0.24000,9.600,0.480,-1,375.000,-1,375.000,-1,300.000,325.000,275.000,300.000,-1,-1,-1,-1,675.000,675.000,-1,-1,2,0,2,0,2,0,0,0,0,2,2,2,2,0,0,2,2
3,-7519.947,7560.188,-161.600,36.535,0.802132,-0.595227,0.047841,0.595274,0.803386,0.014815,-0.047253,0.016595,0.998745,0,0.24000,0.36000,14.400,0.720,-1,375.000,-1,375.000,-1,300.000,325.000,275.000,300.000,-1,-1,-1,-1,675.000,675.000,-1,-1,2,0,2,0,2,0,0,0,0,2,2,2,2,0,0,2,2
4,-7504.714,7571.875,-162.386,37.495,0.792060,-0.608596,0.047451,0.608668,0.793291,0.014574,-0.046513,0.017338,0.998767,0,0.32000,0.48000,19.200,0.960,-1,375.000,-1,375.000,-1,300.000,325.000,300.000,300.000,-1,-1,-1,-1,675.000,675.000,-1,-1,2,0,2,0,2,0,0,0,0,2,2,2,2,0,0,2,2
5,-7485.982,7586.879,-163.366,38.695,0.779158,-0.625065,0.046980,0.625171,0.780358,0.014223,-0.045551,0.018288,0.998795,0,0.40000,0.60000,24.000,1.200,-1,375.000,-1,375.000,-1,300.000,325.000,300.000,300.000,-1,-1,-1,-1,675.000,675.000,-1,-1,2,0,2,0,2,0,0,0,0,2,2,2,2,0,0,2,2
6,-7463.924,7605.396,-164.536,40.012,0.764600,-0.642827,0.046470,0.642973,0.765766,0.013713,-0.044400,0.019395,0.998826,0,0.48000,0.65868,28.800,1.317,975.000,375.000,-1,375.000,-1,300.000,325.000,300.000,300.000,-1,-1,-1,-1,675.000,675.000,-1,-1,1,0,2,0,2,0,0,0,0,2,2,2,2,0,0,2,2
7,-7438.691,7627.582,-165.890,41.323,0.749710,-0.660168,0.045963,0.660361,0.750836,0.013028,-0.043111,0.020585,0.998858,0,0.56000,0.65569,33.600,1.311,950.000,375.000,-1,375.000,-1,325.000,325.000,300.000,300.000,-1,-1,-1,-1,675.000,675.000,-1,-1,1,0,2,0,2,0,0,0,0,2,2,2,2,0,0,2,2
8,-7410.440,7653.591,-167.416,42.633,0.734451,-0.677138,0.045454,0.677379,0.735533,0.012209,-0.041700,0.021822,0.998892,0,0.64000,0.65478,38.400,1.310,925.000,375.000,-1,375.000,-1,325.000,325.000,300.000,300.000,-1,-1,-1,-1,650.000,675.000,-1,-1,1,0,2,0,2,0,0,0,0,2,2,2,2,0,0,2,2
9,-7379.334,7683.568,-169.109,43.941,0.718833,-0.693729,0.044937,0.694022,0.719866,0.011265,-0.040163,0.023090,0.998926,0,0.72000,0.65389,43.200,1.308,900.000,375.000,-1,375.000,-1,325.000,325.000,300.000,300.000,-1,-1,-1,-1,650.000,675.000,1000.000,-1,1,0,2,0,2,0,0,0,0,2,2,2,2,0,0,1,2
10,-7345.540,7717.655,-170.964,45.247,0.702865,-0.709936,0.044403,0.710281,0.703844,0.010205,-0.038497,0.024366,0.998962,0,0.80000,0.65308,48.000,1.306,850.000,375.000,-1,375.000,-1,325.000,325.000,300.000,300.000,-1,-1,-1,-1,650.000,675.000,950.000,-1,1,0,2,0,2,0,0,0,0,2,2,2,2,0,0,1,2
11,-7309.230,7755.988,-172.976,46.552,0.686553,-0.725757,0.043837,0.726153,0.687474,0.009039,-0.036697,0.025627,0.998998,0,0.88000,0.65241,52.800,1.305,825.000,375.000,-1,375.000,-1,300.000,325.000,300.000,300.000,-1,-1,1000.000,-1,650.000,650.000,900.000,-1,1,0,2,0,2,0,0,0,0,2,2,0,2,0,0,1,2
12,-7273.293,7795.699,-174.723,47.856,0.669931,-0.741185,0.042870,0.741645,0.670756,0.007081,-0.034004,0.027050,0.999056,0,0.89263,0.65195,53.558,1.304,775.000,375.000,-1,375.000,-1,300.000,325.000,300.000,300.000,-1,-1,900.000,-1,650.000,650.000,850.000,-1,1,0,2,0,2,0,0,0,1,2,2,0,2,0,0,1,2
13,-7238.411,7836.053,-176.092,49.159,0.653008,-0.756220,0.041368,0.756748,0.653693,0.004184,-0.030206,0.028573,0.999135,0,0.88902,0.65177,53.341,1.304,750.000,375.000,-1,375.000,-1,300.000,325.000,300.000,300.000,-1,750.000,650.000,-1,650.000,650.000,800.000,-1,1,0,2,0,2,0,0,0,1,2,0,0,2,0,0,1,2
14,-7204.594,7877.023,-177.426,50.463,0.635744,-0.770864,0.039975,0.771449,0.636290,0.001230,-0.026384,0.030056,0.999200,0,0.88540,0.65188,53.124,1.304,700.000,375.000,-1,375.000,-1,300.000,300.000,300.000,300.000,-1,600.000,550.000,-1,650.000,650.000,750.000,-1,1,0,2,0,2,0,0,0,0,2,0,0,2,0,0,1,2
15,-7171.851,7918.585,-178.725,51.767,0.618139,-0.785116,0.038693,0.785745,0.618547,-0.001776,-0.022539,0.031501,0.999250,0,0.88185,0.65228,52.911,1.305,675.000,375.000,-1,375.000,-1,300.000,300.000,300.000,300.000,-1,550.000,475.000,-1,675.000,650.000,725.000,-1,1,0,2,0,2,0,0,0,0,2,0,0,2,0,0,1,2
16,-7140.187,7960.719,-179.907,53.073,0.600191,-0.798981,0.037429,0.799633,0.600472,-0.004452,-0.018918,0.032602,0.999289,0,0.87843,0.65296,52.706,1.306,625.000,375.000,-1,375.000,-1,300.000,300.000,300.000,300.000,-1,500.000,450.000,-1,650.000,675.000,675.000,-1,1,0,2,0,2,0,0,0,0,2,0,0,2,1,0,1,2
17,-7109.605,8003.407,-180.737,54.381,0.581866,-0.812447,0.036908,0.813122,0.582058,-0.006435,-0.016254,0.033755,0.999298,0,0.87521,0.65392,52.512,1.308,600.000,375.000,-1,375.000,-1,300.000,300.000,300.000,300.000,-1,500.000,450.000,-1,625.000,675.000,625.000,-1,1,0,2,0,2,0,0,0,0,2,0,0,2,1,0,1,2
18,-7080.108,8046.635,-181.502,55.691,0.563200,-0.825507,0.036672,0.826208,0.563302,-0.008456,-0.013677,0.035061,0.999292,0,0.87223,0.65514,52.334,1.310,550.000,375.000,-1,375.000,-1,300.000,300.000,300.000,300.000,-1,525.000,475.000,-1,575.000,675.000,575.000,-1,1,0,2,0,2,0,0,0,0,2,0,0,2,1,0,1,2
19,-7051.697,8090.393,-181.961,57.005,0.544235,-0.838190,0.035303,0.838869,0.544229,-0.010636,-0.010298,0.035403,0.999320,0,0.86954,0.65661,52.172,1.313,525.000,375.000,-1,375.000,-1,300.000,300.000,300.000,300.000,-1,500.000,450.000,-1,550.000,675.000,550.000,-1,1,0,2,0,2,0,0,0,0,2,0,0,2,1,0,1,2
20,-7022.304,8138.368,-182.204,58.505,0.522233,-0.852163,0.033026,0.852782,0.522100,-0.013219,-0.005979,0.035068,0.999367,0,0.93773,0.75025,56.264,1.501,475.000,375.000,-1,375.000,-1,300.000,300.000,300.000,300.000,-1,500.000,450.000,-1,525.000,675.000,500.000,-1,1,0,2,0,2,0,0,0,0,2,0,0,2,1,0,1,2
21,-6994.073,8187.281,-182.413,60.008,0.499828,-0.865571,0.030970,0.866123,0.499576,-0.015955,-0.001662,0.034799,0.999393,0,0.94125,0.75142,56.475,1.503,450.000,375.000,-1,375.000,-1,300.000,300.000,300.000,300.000,-1,475.000,450.000,900.000,500.000,700.000,450.000,-1,1,0,2,0,2,0,0,0,0,2,0,0,1,1,1,1,2
22,-6967.035,8237.107,-182.584,61.513,0.477036,-0.878401,0.029139,0.878880,0.476672,-0.018831,0.002651,0.034593,0.999398,0,0.94482,0.75255,56.689,1.505,400.000,350.000,-1,375.000,-1,325.000,325.000,300.000,300.000,-1,400.000,400.000,825.000,450.000,700.000,400.000,-1,1,1,2,0,2,0,0,0,0,2,0,0,1,1,0,1,2
23,-6941.219,8287.819,-182.564,63.020,0.453859,-0.890657,0.027236,0.891050,0.453412,-0.021168,0.006504,0.033876,0.999405,0,0.94842,0.75366,56.905,1.507,350.000,325.000,-1,375.000,-1,325.000,325.000,300.000,300.000,-1,375.000,375.000,800.000,425.000,700.000,350.000,-1,1,1,2,0,2,1,0,0,0,2,0,0,1,1,0,1,2
24,-6916.653,8339.390,-182.375,64.530,0.430313,-0.902326,0.025266,0.902625,0.429808,-0.023089,0.009974,0.032742,0.999414,0,0.95206,0.75475,57.124,1.509,300.000,300.000,-1,375.000,-1,300.000,325.000,300.000,300.000,-1,350.000,375.000,800.000,375.000,725.000,300.000,-1,1,1,2,0,2,1,1,0,0,2,0,0,1,1,0,1,2
25,-6893.368,8391.793,-182.070,66.042,0.406424,-0.913372,0.023909,0.913589,0.405865,-0.025065,0.013190,0.032030,0.999400,0,0.95573,0.75582,57.344,1.512,250.000,275.000,-1,375.000,-1,275.000,300.000,300.000,300.000,-1,350.000,375.000,825.000,350.000,725.000,250.000,-1,1,1,2,1,2,1,1,0,0,2,0,0,1,1,0,1,2
26,-6871.390,8444.998,-181.445,67.555,0.382210,-0.923759,0.024175,0.923945,0.381587,-0.026758,0.015493,0.032564,0.999350,0,0.95942,0.75690,57.565,1.514,225.000,250.000,-1,350.000,-1,250.000,275.000,300.000,300.000,-1,375.000,400.000,850.000,325.000,725.000,225.000,-1,1,1,2,1,2,1,1,0,0,2,0,0,1,1,0,1,2
27,-6850.759,8498.979,-176.590,69.071,0.358510,-0.932839,0.035802,0.932996,0.356750,-0.047417,0.031460,0.050403,0.998233,0,0.96313,0.75800,57.788,1.516,200.000,250.000,-1,350.000,-1,225.000,275.000,325.000,275.000,-1,325.000,275.000,825.000,300.000,775.000,200.000,-1,1,1,2,1,2,1,1,0,0,2,0,0,1,1,0,1,2
28,-6832.956,8548.888,-171.465,70.347,0.339078,-0.939471,0.049202,0.939532,0.335503,-0.068683,0.048018,0.069516,0.996425,0,0.88313,0.63800,52.988,1.276,200.000,250.000,-1,350.000,-1,225.000,275.000,375.000,275.000,-1,275.000,225.000,800.000,300.000,850.000,200.000,-1,1,1,2,1,2,1,1,0,0,2,0,0,1,1,0,1,2
29,-6817.402,8595.131,-166.527,71.383,0.323803,-0.944081,0.062156,0.944032,0.318023,-0.087548,0.062886,0.087026,0.994219,0,0.81312,0.51800,48.787,1.036,200.000,225.000,-1,375.000,-1,225.000,275.000,450.000,275.000,-1,275.000,175.000,625.000,325.000,900.000,200.000,-1,1,1,2,1,2,1,1,1,0,2,0,0,0,1,0,1,2
30,-6802.438,8641.754,-160.266,72.179,0.312731,-0.947176,0.071111,0.946499,0.304481,-0.106915,0.079615,0.100742,0.991722,0,0.81606,0.39800,48.964,0.796,200.000,250.000,-1,400.000,-1,225.000,275.000,450.000,250.000,-1,250.000,175.000,525.000,325.000,1000.000,200.000,-1,1,1,2,1,2,1,1,1,0,2,0,0,0,1,0,1,2
31,-6787.877,8688.678,-152.791,72.735,0.305923,-0.949039,0.075739,0.946825,0.294950,-0.128558,0.099667,0.111040,0.988806,0,0.81879,0.27800,49.127,0.556,225.000,250.000,-1,450.000,-1,250.000,300.000,450.000,275.000,-1,225.000,125.000,450.000,350.000,-1,200.000,-1,1,1,2,1,2,1,1,1,0,2,0,0,0,1,2,1,2
32,6231.352,8199.158,-158.126,109.943,-0.342635,-0.939418,-0.009783,0.936805,-0.340861,-0.078809,0.070700,-0.036167,0.996842,1,0.00000,0.00000,49.275,0.316,-1,375.000,-1,400.000,-1,325.000,325.000,275.000,350.000,-1,350.000,175.000,725.000,775.000,775.000,-1,-1,2,0,2,0,2,0,0,0,0,2,1,1,1,1,0,2,2
33,6229.696,8203.663,-157.894,110.183,-0.346542,-0.937990,-0.009097,0.935341,-0.344796,-0.079072,0.071032,-0.035911,0.996827,0,0.08000,0.12000,4.800,0.240,-1,375.000,-1,400.000,-1,325.000,325.000,275.000,325.000,-1,350.000,175.000,725.000,775.000,775.000,-1,-1,2,0,2,0,2,0,0,0,0,2,1,1,1,1,0,2,2
34,6226.309,8212.646,-157.432,110.663,-0.354336,-0.935086,-0.007722,0.932367,-0.352648,-0.079571,0.071683,-0.035394,0.996799,0,0.16000,0.24000,9.600,0.480,-1,375.000,-1,400.000,-1,325.000,325.000,275.000,325.000,-1,325.000,175.000,750.000,750.000,775.000,-1,-1,2,0,2,0,2,0,0,0,0,2,1,1,1,1,0,2,2
35,6221.059,8226.055,-156.743,111.383,-0.365978,-0.930607,-0.005652,0.927786,-0.364381,-0.080250,0.072622,-0.034614,0.996759,0,0.24000,0.36000,14.400,0.720,-1,400.000,-1,400.000,-1,325.000,325.000,275.000,325.000,975.000,325.000,150.000,775.000,750.000,775.000,1000.000,-1,2,0,2,0,2,0,0,0,0,1,1,1,1,1,0,1,2
36,6213.760,8243.814,-155.830,112.343,-0.381404,-0.924404,-0.002895,0.921458,-0.379935,-0.081025,0.073800,-0.033571,0.996708,0,0.32000,0.48000,19.200,0.960,-1,400.000,-1,400.000,-1,325.000,325.000,275.000,325.000,925.000,300.000,150.000,800.000,750.000,775.000,1000.000,-1,2,0,2,0,2,0,0,0,0,1,1,1,1,1,0,1,2
37,6204.174,8265.816,-154.694,113.543,-0.400530,-0.916283,0.000525,0.913197,-0.399228,-0.081781,0.075144,-0.032277,0.996650,0,0.40000,0.60000,24.000,1.200,-1,400.000,-1,400.000,-1,325.000,325.000,275.000,325.000,900.000,300.000,150.000,850.000,750.000,800.000,1000.000,-1,2,0,2,0,2,0,0,0,0,1,1,1,1,1,0,1,2
38,6192.010,8291.922,-153.334,114.983,-0.423243,-0.906005,0.004547,0.902776,-0.422148,-0.082375,0.076552,-0.030759,0.996591,0,0.48000,0.72000,28.800,1.440,-1,400.000,-1,400.000,-1,325.000,325.000,275.000,300.000,875.000,275.000,150.000,900.000,750.000,800.000,975.000,-1,2,0,2,0,2,0,0,0,0,1,1,1,1,1,0,1,2
39,6176.932,8321.949,-151.745,116.663,-0.449401,-0.893284,0.009059,0.889929,-0.448551,-0.082636,0.077880,-0.029075,0.996539,0,0.56000,0.84000,33.600,1.680,-1,400.000,-1,400.000,-1,325.000,325.000,275.000,300.000,875.000,275.000,150.000,950.000,725.000,800.000,975.000,-1,2,0,2,0,2,0,0,0,0,1,1,1,1,1,0,1,2
40,6158.633,8355.709,-149.833,118.459,-0.476947,-0.878826,0.013675,0.875364,-0.476353,-0.082618,0.079121,-0.027434,0.996487,0,0.64000,0.89814,38.400,1.796,-1,425.000,-1,400.000,-1,325.000,325.000,275.000,275.000,875.000,250.000,150.000,-1,725.000,825.000,950.000,-1,2,0,2,0,2,0,0,0,0,1,1,1,2,1,0,1,2
41,6136.862,8393.022,-146.553,120.262,-0.504421,-0.863351,0.013571,0.859977,-0.503736,-0.081791,0.077450,-0.029586,0.996557,0,0.72000,0.90145,43.200,1.803,-1,425.000,-1,400.000,-1,325.000,325.000,275.000,275.000,900.000,275.000,200.000,-1,700.000,825.000,925.000,-1,2,0,2,0,2,0,0,0,0,1,1,1,2,1,0,1,2
42,6112.941,8431.193,-143.036,122.073,-0.531548,-0.846935,0.012567,0.843701,-0.530716,-0.080684,0.075004,-0.032285,0.996660,0,0.75080,0.90522,45.048,1.810,-1,425.000,-1,400.000,-1,325.000,325.000,275.000,275.000,925.000,325.000,250.000,-1,675.000,850.000,875.000,-1,2,1,2,0,2,0,0,0,0,1,1,1,2,1,0,1,2
43,6087.732,8468.719,-139.627,123.891,-0.558239,-0.829599,0.011622,0.826514,-0.557276,-0.079489,0.072420,-0.034768,0.996768,0,0.75346,0.90917,45.208,1.818,-1,400.000,-1,400.000,-1,325.000,325.000,275.000,275.000,950.000,350.000,300.000,-1,650.000,850.000,850.000,-1,2,1,2,0,2,0,0,0,0,1,1,1,2,1,0,1,2
44,6061.241,8505.561,-136.339,125.717,-0.584459,-0.811352,0.010745,0.808425,-0.583385,-0.078169,0.069691,-0.037000,0.996882,0,0.75631,0.91316,45.378,1.826,-1,400.000,-1,400.000,-1,325.000,325.000,275.000,275.000,1000.000,400.000,350.000,-1,625.000,850.000,825.000,-1,2,1,2,0,2,0,0,0,0,1,1,1,2,1,0,1,2
45,6033.474,8541.679,-133.179,127.552,-0.610177,-0.792203,0.009934,0.789442,-0.609012,-0.076716,0.066825,-0.038968,0.997003,0,0.75930,0.91718,45.558,1.834,-1,400.000,-1,425.000,-1,325.000,325.000,275.000,275.000,-1,450.000,425.000,-1,600.000,875.000,775.000,-1,2,1,2,0,2,0,0,0,0,2,1,1,2,1,0,1,2
46,6004.441,8577.030,-130.153,129.394,-0.635361,-0.772161,0.009187,0.769573,-0.634125,-0.075126,0.063835,-0.040662,0.997132,0,0.76243,0.92122,45.746,1.842,-1,375.000,975.000,425.000,-1,325.000,325.000,275.000,275.000,-1,500.000,475.000,-1,575.000,875.000,750.000,-1,2,1,1,0,2,1,0,0,0,2,1,1,2,1,1,1,2
47,5974.154,8611.571,-127.220,131.245,-0.659968,-0.751243,0.008748,0.748822,-0.658696,-0.073379,0.060888,-0.041877,0.997266,0,0.76565,0.92529,45.939,1.851,-1,375.000,875.000,425.000,-1,325.000,325.000,275.000,275.000,-1,550.000,550.000,-1,550.000,775.000,725.000,-1,2,1,1,0,2,1,0,0,0,2,1,1,2,1,1,1,2
48,5939.391,8648.530,-124.212,133.245,-0.685778,-0.727762,0.008501,0.725495,-0.684480,-0.071722,0.058015,-0.043018,0.997388,0,0.84565,1.00000,50.739,2.000,-1,350.000,800.000,425.000,-1,300.000,325.000,275.000,275.000,-1,600.000,625.000,-1,525.000,700.000,700.000,-1,2,1,1,0,2,1,1,0,0,2,1,1,2,1,1,1,2
49,5901.540,8686.058,-121.275,135.245,-0.710739,-0.703406,0.008362,0.701296,-0.709437,-0.069878,0.055085,-0.043801,0.997521,0,0.88836,1.00000,53.302,2.000,-1,350.000,750.000,400.000,-1,300.000,325.000,300.000,275.000,-1,675.000,700.000,-1,500.000,600.000,675.000,975.000,2,1,1,1,2,1,1,0,0,2,1,1,2,1,1,1,1
50,5862.226,8722.406,-118.536,137.245,-0.734823,-0.678207,0.008349,0.676253,-0.733541,-0.067822,0.052121,-0.044191,0.997663,0,0.89238,1.00000,53.543,2.000,-1,325.000,675.000,375.000,-1,275.000,300.000,300.000,275.000,-1,725.000,775.000,-1,475.000,550.000,650.000,800.000,2,1,1,1,2,1,1,0,0,2,1,1,2,1,1,1,1
51,5821.486,8757.516,-115.964,139.245,-0.758010,-0.652190,0.008289,0.650396,-0.756759,-0.065577,0.049042,-0.044317,0.997813,0,0.89638,1.00000,53.783,2.000,-1,300.000,625.000,325.000,-1,275.000,275.000,300.000,275.000,-1,800.000,875.000,-1,450.000,475.000,625.000,675.000,2,1,1,1,2,1,1,0,0,2,1,1,2,1,1,1,1
52,5779.359,8791.332,-113.435,141.245,-0.780289,-0.625373,0.007588,0.623763,-0.779047,-0.063288,0.045490,-0.044650,0.997966,0,0.90034,1.00000,54.021,2.000,-1,300.000,550.000,300.000,850.000,250.000,250.000,300.000,275.000,-1,900.000,975.000,-1,425.000,425.000,625.000,525.000,2,1,1,1,1,1,1,0,0,2,1,1,2,1,1,1,1
53,5735.893,8823.800,-111.100,143.241,-0.801579,-0.597849,0.006923,0.596417,-0.800365,-0.060855,0.041923,-0.044651,0.998123,0,0.90424,0.99839,54.254,1.997,-1,275.000,500.000,275.000,625.000,225.000,225.000,300.000,275.000,-1,1000.000,-1,-1,400.000,350.000,625.000,425.000,2,1,1,1,1,1,1,0,0,2,1,2,2,1,1,1,1
54,5691.137,8854.867,-108.181,145.232,-0.821881,-0.569622,0.006546,0.568205,-0.820549,-0.061979,0.040676,-0.047220,0.998056,0,0.90803,0.99521,54.482,1.990,-1,250.000,450.000,225.000,475.000,225.000,200.000,300.000,300.000,-1,-1,-1,-1,375.000,325.000,650.000,350.000,2,1,1,1,1,1,1,0,0,2,2,2,2,1,1,1,1
55,5645.146,8884.481,-101.945,147.215,-0.841349,-0.540431,0.008197,0.538187,-0.839063,-0.079553,0.049871,-0.062520,0.996797,0,0.91167,0.99155,54.700,1.983,-1,250.000,450.000,225.000,400.000,200.000,200.000,275.000,325.000,-1,-1,-1,-1,375.000,300.000,750.000,300.000,2,1,1,1,1,1,1,0,0,2,2,2,2,1,1,1,1
56,5594.036,8914.947,-94.901,149.190,-0.859775,-0.510536,0.011849,0.506954,-0.856078,-0.100632,0.061520,-0.080514,0.994853,0,0.99167,0.98736,59.500,1.975,-1,250.000,450.000,225.000,350.000,200.000,200.000,275.000,375.000,-1,975.000,850.000,-1,375.000,275.000,925.000,275.000,2,1,1,1,1,1,1,0,0,2,1,0,2,1,1,1,1
57,-4263.640,-9510.918,-21.888,42.307,0.730214,-0.664738,0.157832,0.679634,0.730368,-0.068262,-0.069899,0.157114,0.985104,1,0.00000,0.00000,60.000,1.965,-1,200.000,250.000,150.000,150.000,150.000,150.000,800.000,250.000,-1,-1,-1,-1,250.000,200.000,375.000,125.000,2,1,1,1,1,1,1,1,0,2,2,2,2,1,1,1,1
58,-4919.429,6887.268,-148.541,-95.966,-0.090573,0.986912,0.133420,-0.990548,-0.103132,0.090438,0.103014,-0.123967,0.986925,1,0.00000,0.00000,-4.800,-0.240,-1,325.000,-1,325.000,-1,250.000,250.000,325.000,225.000,500.000,125.000,225.000,-1,-1,-1,-1,-1,2,1,2,1,2,1,1,1,1,0,0,0,2,2,2,2,2
59,323.327,326.719,304.877,-165.709,-0.968832,0.245844,0.030435,-0.241722,-0.965083,0.100926,0.054184,0.090424,0.994428,1,0.08000,0.12000,4.800,0.240,-1,400.000,-1,375.000,-1,325.000,300.000,325.000,325.000,-1,-1,-1,-1,900.000,775.000,-1,-1,2,0,2,0,2,0,0,0,0,2,2,2,2,0,0,2,2
60,314.044,324.272,305.445,-165.229,-0.966742,0.253939,0.030396,-0.249811,-0.963061,0.100543,0.054805,0.089607,0.994468,0,0.16000,0.24000,9.600,0.480,-1,400.000,-1,375.000,-1,325.000,300.000,325.000,325.000,-1,-1,-1,-1,900.000,775.000,-1,-1,2,0,2,0,2,0,0,0,0,2,2,2,2,0,0,2,2
61,300.168,320.427,306.315,-164.509,-0.963481,0.266051,0.030359,-0.261914,-0.959902,0.099944,0.055732,0.088343,0.994530,0,0.24000,0.36000,14.400,0.720,-1,400.000,-1,375.000,-1,325.000,300.000,325.000,325.000,-1,-1,-1,-1,925.000,775.000,-1,-1,2,0,2,0,2,0,0,0,0,2,2,2,2,0,0,2,2
62,281.754,314.992,307.509,-163.549,-0.958893,0.282140,0.030351,-0.277992,-0.955458,0.099099,0.056959,0.086588,0.994615,0,0.32000,0.48000,19.200,0.960,-1,400.000,-1,375.000,-1,325.000,300.000,325.000,325.000,-1,-1,-1,-1,950.000,775.000,-1,-1,2,0,2,0,2,0,0,0,0,2,2,2,2,0,0,2,2
63,258.879,307.733,309.047,-162.388,-0.952982,0.301497,0.030409,-0.297342,-0.949731,0.097979,0.058420,0.084330,0.994724,0,0.40000,0.58040,24.000,1.161,-1,400.000,-1,375.000,-1,325.000,325.000,325.000,350.000,-1,-1,-1,-1,-1,775.000,-1,-1,2,0,2,0,2,0,0,0,0,2,2,2,2,2,0,2,2
64,231.611,298.468,310.936,-161.229,-0.946684,0.320711,0.030555,-0.316564,-0.943643,0.096562,0.059801,0.081741,0.994858,0,0.48000,0.57938,28.800,1.159,-1,400.000,-1,375.000,-1,325.000,325.000,325.000,350.000,-1,-1,-1,-1,-1,775.000,-1,-1,2,0,2,0,2,0,0,0,0,2,2,2,2,2,0,2,2
65,200.023,287.019,313.192,-160.073,-0.940004,0.339769,0.030821,-0.335647,-0.937202,0.094832,0.061107,0.078798,0.995016,0,0.56000,0.57815,33.600,1.156,-1,425.000,-1,400.000,-1,325.000,325.000,325.000,350.000,-1,-1,-1,-1,-1,800.000,-1,-1,2,0,2,0,2,0,0,0,0,2,2,2,2,2,0,2,2
66,164.192,273.211,315.831,-158.919,-0.932947,0.358656,0.031241,-0.354576,-0.930413,0.092779,0.062342,0.075481,0.995197,0,0.64000,0.57667,38.400,1.153,-1,425.000,-1,400.000,-1,325.000,325.000,325.000,350.000,-1,-1,-1,-1,-1,825.000,-1,975.000,2,0,2,0,2,0,0,0,0,2,2,2,2,2,0,2,1
67,124.203,256.871,318.866,-157.769,-0.925520,0.377358,0.031848,-0.373335,-0.923282,0.090396,0.063516,0.071774,0.995396,0,0.72000,0.57490,43.200,1.150,-1,425.000,-1,400.000,-1,325.000,325.000,325.000,350.000,-1,-1,-1,-1,-1,825.000,-1,950.000,2,0,2,0,2,0,0,0,0,2,2,2,2,2,1,2,1
68,80.142,237.829,322.150,-156.624,-0.917731,0.395840,0.032878,-0.391830,-0.915779,0.088420,0.065109,0.068263,0.995541,0,0.80000,0.57281,48.000,1.146,-1,425.000,-1,400.000,975.000,325.000,325.000,325.000,350.000,-1,-1,-1,-1,-1,800.000,-1,925.000,2,0,2,0,1,0,0,0,0,2,2,2,2,2,1,2,1
69,32.102,215.921,325.258,-155.483,-0.909710,0.414040,0.031597,-0.410145,-0.907822,0.087410,0.064876,0.066558,0.995671,0,0.88000,0.57035,52.800,1.141,-1,425.000,-1,400.000,875.000,350.000,325.000,325.000,350.000,-1,-1,-1,-1,-1,775.000,-1,900.000,2,0,2,0,1,0,0,0,0,2,2,2,2,2,1,2,1
70,-17.502,192.101,328.415,-154.348,-0.901400,0.431976,0.029570,-0.428234,-0.899516,0.086530,0.063978,0.065336,0.995810,0,0.91713,0.56748,55.028,1.135,-1,425.000,-1,400.000,800.000,350.000,325.000,325.000,350.000,-1,-1,-1,-1,-1,750.000,-1,850.000,2,0,2,0,1,0,0,0,0,2,2,2,2,2,1,2,1
71,-66.750,167.247,331.657,-153.220,-0.892783,0.449645,0.027525,-0.446066,-0.890909,0.085476,0.062957,0.064033,0.995960,0,0.91942,0.56424,55.165,1.128,-1,425.000,-1,400.000,725.000,350.000,325.000,325.000,325.000,-1,-1,-1,-1,-1,725.000,-1,825.000,2,0,2,0,1,0,0,0,0,2,2,2,2,2,1,2,1
72,-115.609,141.377,334.906,-152.098,-0.883856,0.467046,0.025823,-0.463625,-0.882032,0.084093,0.062052,0.062354,0.996123,0,0.92144,0.56073,55.286,1.121,-1,425.000,-1,400.000,675.000,325.000,325.000,325.000,325.000,-1,-1,-1,-1,-1,700.000,-1,800.000,2,0,2,0,1,0,0,0,0,2,2,2,2,2,1,2,1
73,-164.047,114.512,338.207,-150.984,-0.874643,0.484159,0.024260,-0.480899,-0.872887,0.082491,0.061115,0.060483,0.996296,0,0.92316,0.55692,55.390,1.114,-1,450.000,-1,400.000,650.000,325.000,325.000,325.000,325.000,-1,-1,-1,-1,-1,700.000,-1,800.000,2,0,2,0,1,0,0,0,0,2,2,2,2,2,1,2,1
74,-212.030,86.677,341.446,-149.879,-0.865159,0.500987,0.022615,-0.497941,-0.863511,0.080025,0.059620,0.057973,0.996536,0,0.92456,0.55283,55.473,1.106,-1,475.000,-1,400.000,600.000,325.000,325.000,350.000,325.000,-1,-1,-1,-1,-1,700.000,-1,800.000,2,0,2,0,1,0,0,0,0,2,2,2,2,2,1,2,1
75,-259.524,57.897,344.426,-148.782,-0.855406,0.517540,0.020804,-0.514820,-0.853952,0.075679,0.056932,0.054026,0.996915,0,0.92558,0.54843,55.535,1.097,-1,475.000,-1,400.000,575.000,325.000,325.000,350.000,325.000,-1,-1,-1,-1,-1,700.000,-1,-1,2,0,2,0,1,0,0,0,0,2,2,2,2,2,1,2,2
76,-306.496,28.202,347.053,-147.694,-0.845393,0.533811,0.018879,-0.531534,-0.844225,0.068968,0.052754,0.048270,0.997440,0,0.92620,0.54374,55.572,1.087,-1,475.000,-1,400.000,550.000,325.000,325.000,325.000,325.000,-1,-1,-1,-1,-1,750.000,-1,-1,2,0,2,1,1,0,0,0,0,2,2,2,2,2,1,2,2
77,-352.910,-2.377,349.689,-146.617,-0.835157,0.549744,0.017141,-0.547890,-0.834267,0.061772,0.048259,0.042198,0.997943,0,0.92638,0.53875,55.583,1.078,-1,475.000,-1,400.000,525.000,325.000,325.000,325.000,325.000,-1,-1,-1,-1,-1,925.000,-1,-1,2,0,2,1,1,0,0,0,0,2,2,2,2,2,0,2,2
78,-398.732,-33.806,352.329,-145.550,-0.824721,0.565325,0.015613,-0.563869,-0.824091,0.054100,0.043450,0.035814,0.998413,0,0.92609,0.53348,55.565,1.067,-1,475.000,-1,375.000,500.000,350.000,300.000,325.000,325.000,-1,-1,-1,-1,-1,1000.000,-1,-1,2,0,2,1,1,0,0,0,0,2,2,2,2,2,1,2,2
79,-443.928,-66.047,354.799,-144.494,-0.814112,0.580530,0.014357,-0.579408,-0.813695,0.046766,0.038831,0.029754,0.998803,0,0.92530,0.52794,55.518,1.056,-1,475.000,-1,375.000,525.000,350.000,300.000,325.000,325.000,-1,-1,-1,-1,-1,975.000,-1,-1,2,0,2,1,1,0,0,0,0,2,2,2,2,2,1,2,2
80,-488.465,-99.060,356.648,-143.450,-0.803369,0.595331,0.013426,-0.594410,-0.803070,0.041894,0.035723,0.025676,0.999032,0,0.92399,0.52214,55.439,1.044,-1,500.000,-1,400.000,575.000,350.000,325.000,325.000,325.000,-1,-1,-1,-1,-1,950.000,-1,-1,2,0,2,0,1,0,0,0,0,2,2,2,2,2,1,2,2
81,-532.312,-132.804,358.457,-142.418,-0.792484,0.609762,0.012633,-0.609031,-0.792294,0.036761,0.032425,0.021439,0.999244,0,0.92214,0.51612,55.328,1.032,-1,500.000,-1,425.000,800.000,350.000,350.000,300.000,325.000,-1,-1,-1,-1,-1,950.000,-1,-1,2,0,2,0,1,0,0,0,0,2,2,2,2,2,1,2,2
82,-575.439,-167.232,360.232,-141.398,-0.781476,0.623820,0.011990,-0.623265,-0.781383,0.031340,0.028919,0.017018,0.999437,0,0.91974,0.50991,55.184,1.020,-1,500.000,-1,425.000,850.000,375.000,350.000,300.000,325.000,-1,-1,-1,-1,-1,950.000,-1,-1,2,0,2,0,1,0,0,0,0,2,2,2,2,2,1,2,2
83,-617.819,-202.302,362.369,-140.391,-0.770324,0.637512,0.013371,-0.637105,-0.770363,0.025252,0.026399,0.010934,0.999592,0,0.91680,0.50355,55.008,1.007,-1,525.000,-1,450.000,850.000,375.000,375.000,300.000,325.000,-1,-1,-1,-1,-1,950.000,-1,-1,2,0,2,0,1,0,0,0,1,2,2,2,2,2,1,2,2
84,-659.426,-237.967,363.788,-139.396,-0.759155,0.650804,0.011743,-0.650550,-0.759211,0.019571,0.021652,0.007218,0.999740,0,0.91335,0.49709,54.801,0.994,-1,525.000,-1,475.000,850.000,400.000,375.000,300.000,300.000,-1,-1,-1,-1,-1,975.000,-1,-1,2,0,2,0,1,0,0,0,1,2,2,2,2,2,1,2,2
85,-700.238,-274.184,364.470,-138.414,-0.747933,0.663737,0.006996,-0.663613,-0.747942,0.014160,0.014632,0.005948,0.999875,0,0.90942,0.49142,54.565,0.983,-1,525.000,-1,475.000,825.000,400.000,375.000,300.000,275.000,-1,-1,-1,-1,-1,1000.000,-1,-1,2,0,2,0,1,0,0,0,1,2,2,2,2,2,1,2,2
86,-740.232,-310.917,364.369,-137.434,-0.736510,0.676426,-0.001088,-0.676407,-0.736474,0.008900,0.005219,0.007291,0.999960,0,0.90506,0.48999,54.304,0.980,-1,525.000,-1,475.000,800.000,400.000,375.000,300.000,250.000,-1,-1,-1,-1,-1,-1,-1,-1,2,0,2,0,1,0,0,0,1,2,2,2,2,2,2,2,2
87,-779.389,-348.132,363.826,-136.456,-0.724809,0.688887,-0.009348,-0.688935,-0.724816,0.003192,-0.004577,0.008754,0.999951,0,0.90034,0.48887,54.020,0.978,-1,525.000,-1,475.000,750.000,375.000,375.000,300.000,225.000,-1,-1,-1,-1,-1,-1,-1,-1,2,0,2,0,1,0,0,0,1,2,2,2,2,2,2,2,2
88,-817.691,-385.798,362.633,-135.480,-0.712875,0.701140,-0.014571,-0.701176,-0.712981,-0.003350,-0.012737,0.007829,0.999888,0,0.89532,0.48807,53.719,0.976,-1,500.000,-1,450.000,750.000,375.000,375.000,300.000,225.000,-1,-1,-1,-1,-1,-1,-1,-1,2,0,2,0,1,0,0,0,1,2,2,2,2,2,2,2,2
89,-855.128,-423.888,361.230,-134.505,-0.700724,0.713180,-0.018972,-0.713133,-0.700952,-0.010328,-0.020664,0.006293,0.999767,0,0.89012,0.48757,53.407,0.975,-1,500.000,-1,450.000,750.000,375.000,375.000,300.000,200.000,-1,-1,-1,-1,-1,-1,-1,-1,2,0,2,0,1,0,0,0,1,2,2,2,2,2,2,2,2
90,-888.753,-458.989,359.850,-133.769,-0.691397,0.722122,-0.022600,-0.721936,-0.691751,-0.016998,-0.027908,0.004564,0.999600,0,0.81012,0.36757,48.607,0.735,-1,500.000,-1,450.000,775.000,375.000,375.000,300.000,200.000,-1,-1,-1,-1,-1,-1,-1,-1,2,0,2,0,1,0,0,0,1,2,2,2,2,2,2,2,2
91,-918.783,-490.884,358.522,-133.274,-0.685018,0.728078,-0.025562,-0.727712,-0.685489,-0.023231,-0.034437,0.002688,0.999403,0,0.73012,0.24757,43.807,0.495,-1,475.000,-1,450.000,-1,375.000,375.000,300.000,225.000,-1,-1,-1,-1,-1,-1,-1,-1,2,0,2,0,2,0,0,0,1,2,2,2,2,2,2,2,2
92,-945.395,-519.404,357.268,-133.019,-0.681670,0.731126,-0.027960,-0.730554,-0.682242,-0.028925,-0.040223,0.000709,0.999190,0,0.65012,0.12757,39.007,0.255,-1,475.000,-1,450.000,-1,375.000,350.000,300.000,225.000,-1,-1,-1,-1,975.000,-1,-1,-1,2,0,2,0,2,0,0,0,1,2,2,2,2,1,2,2,2
93,-968.713,-544.433,356.069,-132.973,-0.680996,0.731678,-0.029863,-0.730878,-0.681649,-0.034232,-0.045403,-0.001486,0.998968,0,0.57012,0.02323,34.207,0.046,-1,475.000,-1,450.000,-1,375.000,350.000,300.000,225.000,-1,-1,-1,-1,950.000,-1,-1,-1,2,0,2,0,2,0,0,0,1,2,2,2,2,1,2,2,2
94,-988.740,-565.967,354.917,-132.925,-0.680327,0.732237,-0.031382,-0.731192,-0.681040,-0.039276,-0.050132,-0.003775,0.998735,0,0.49012,0.02368,29.407,0.047,-1,475.000,-1,450.000,-1,375.000,350.000,300.000,250.000,-1,-1,-1,-1,925.000,1000.000,1000.000,-1,2,0,2,1,2,0,0,0,1,2,2,2,2,1,0,1,2
95,-1007.648,-586.331,353.703,-132.877,-0.679657,0.732801,-0.032698,-0.731473,-0.680413,-0.044561,-0.054902,-0.006368,0.998471,0,0.46314,0.02415,27.788,0.048,-1,450.000,-1,450.000,-1,350.000,350.000,300.000,250.000,-1,-1,-1,-1,900.000,975.000,975.000,-1,2,0,2,1,2,0,0,0,1,2,2,2,2,1,0,1,2
96,-1026.462,-606.630,352.528,-132.828,-0.678983,0.733370,-0.033921,-0.731713,-0.679767,-0.050125,-0.059819,-0.009214,0.998167,0,0.46126,0.02465,27.676,0.049,950.000,450.000,-1,425.000,-1,350.000,350.000,300.000,250.000,-1,-1,-1,-1,875.000,950.000,925.000,-1,1,0,2,1,2,0,0,0,1,2,2,2,2,1,0,1,2
97,-1045.184,-626.865,351.423,-132.777,-0.678308,0.733943,-0.035029,-0.731900,-0.679098,-0.056108,-0.064968,-0.012421,0.997810,0,0.45945,0.02521,27.567,0.050,900.000,450.000,-1,425.000,-1,350.000,350.000,275.000,275.000,-1,-1,-1,-1,850.000,925.000,900.000,-1,1,0,2,0,2,0,0,0,1,2,2,2,2,1,0,1,2
98,-1063.817,-647.042,350.141,-132.726,-0.677613,0.734528,-0.036197,-0.732115,-0.678411,-0.061373,-0.069637,-0.015087,0.997458,0,0.45772,0.02583,27.463,0.052,875.000,450.000,-1,425.000,-1,350.000,350.000,275.000,275.000,-1,-1,-1,-1,825.000,900.000,850.000,-1,1,0,2,0,2,0,0,0,0,2,2,2,2,1,0,1,2
99,-1082.364,-667.162,348.685,-132.673,-0.676893,0.735130,-0.037427,-0.732370,-0.677708,-0.065930,-0.073832,-0.017218,0.997122,0,0.45607,0.02651,27.364,0.053,825.000,425.000,-1,425.000,-1,350.000,350.000,275.000,275.000,-1,-1,-1,-1,800.000,900.000,825.000,-1,1,0,2,0,2,0,0,0,0,2,2,2,2,1,0,1,2
100,-1100.829,-687.230,347.055,-132.618,-0.676143,0.735752,-0.038718,-0.732677,-0.676989,-0.069788,-0.077559,-0.018819,0.996810,0,0.45449,0.02723,27.269,0.054,800.000,425.000,-1,425.000,-1,350.000,350.000,275.000,300.000,-1,-1,-1,-1,775.000,875.000,800.000,-1,1,0,2,0,2,0,0,0,0,2,2,2,2,1,0,1,2
101,-1119.213,-707.250,345.254,-132.562,-0.675360,0.736399,-0.040075,-0.733046,-0.676255,-0.072957,-0.080826,-0.019895,0.996530,0,0.45300,0.02801,27.180,0.056,750.000,425.000,-1,425.000,-1,350.000,350.000,275.000,300.000,-1,-1,-1,-1,750.000,850.000,775.000,-1,1,0,2,0,2,0,0,0,0,2,2,2,2,1,0,1,2
102,-1137.520,-727.226,343.283,-132.504,-0.674540,0.737071,-0.041497,-0.733485,-0.675506,-0.075443,-0.083638,-0.020452,0.996286,0,0.45159,0.02885,27.096,0.058,725.000,425.000,-1,425.000,-1,350.000,350.000,275.000,300.000,-1,-1,-1,-1,725.000,850.000,750.000,-1,1,0,2,0,2,0,0,0,0,2,2,2,2,1,0,1,2
103,-1155.753,-747.163,341.013,-132.445,-0.673667,0.737778,-0.043082,-0.734058,-0.674747,-0.076659,-0.085627,-0.020018,0.996126,0,0.45027,0.02972,27.016,0.059,700.000,425.000,-1,425.000,-1,350.000,350.000,275.000,300.000,-1,-1,-1,-1,725.000,825.000,725.000,-1,1,0,2,0,2,0,0,0,0,2,2,2,2,1,0,1,2
104,-1173.915,-767.064,338.694,-132.384,-0.672766,0.738507,-0.044651,-0.734662,-0.673964,-0.077752,-0.087514,-0.019506,0.995972,0,0.44904,0.03065,26.942,0.061,675.000,425.000,-1,425.000,-1,350.000,350.000,275.000,300.000,-1,-1,-1,-1,700.000,825.000,700.000,-1,1,0,2,0,2,0,0,0,0,2,2,2,2,1,0,1,2
105,-1192.009,-786.934,336.348,-132.320,-0.671837,0.739258,-0.046185,-0.735288,-0.673154,-0.078833,-0.089368,-0.019003,0.995817,0,0.44790,0.03162,26.874,0.063,650.000,425.000,-1,425.000,-1,350.000,350.000,275.000,300.000,-1,-1,-1,-1,675.000,800.000,650.000,-1,1,0,2,0,2,0,0,0,0,2,2,2,2,1,0,1,2
106,-1212.293,-809.260,333.676,-132.256,-0.670880,0.740019,-0.047873,-0.735910,-0.672333,-0.080035,-0.091414,-0.018463,0.995642,0,0.50273,0.03210,30.164,0.064,600.000,425.000,-1,400.000,-1,350.000,325.000,275.000,300.000,-1,-1,-1,-1,650.000,800.000,625.000,-1,1,0,2,0,2,0,0,0,0,2,2,2,2,1,0,1,2
107,-1232.492,-831.542,330.972,-132.194,-0.669944,0.740758,-0.049519,-0.736511,-0.671532,-0.081221,-0.093419,-0.017943,0.995465,0,0.50123,0.03123,30.074,0.062,575.000,425.000,1000.000,400.000,-1,350.000,325.000,275.000,300.000,-1,-1,-1,-1,625.000,775.000,600.000,-1,1,0,1,0,2,0,0,0,1,2,2,2,2,1,0,1,2
108,-1252.604,-853.774,328.366,-132.133,-0.669081,0.741471,-0.050510,-0.737093,-0.670745,-0.082432,-0.095001,-0.017923,0.995316,0,0.49965,0.03042,29.979,0.061,550.000,425.000,975.000,400.000,-1,350.000,325.000,275.000,275.000,-1,-1,-1,-1,600.000,775.000,575.000,-1,1,0,1,0,2,0,0,0,1,2,2,2,2,1,0,1,2
109,-1272.626,-875.953,325.668,-132.074,-0.668212,0.742169,-0.051752,-0.737657,-0.669979,-0.083607,-0.096723,-0.017692,0.995154,0,0.49799,0.02968,29.879,0.059,525.000,425.000,950.000,400.000,-1,350.000,325.000,300.000,275.000,-1,-1,-1,-1,575.000,750.000,550.000,-1,1,0,1,0,2,0,0,0,1,2,2,2,2,1,0,1,2
110,-1292.556,-898.076,322.769,-132.016,-0.667287,0.742858,-0.053759,-0.738204,-0.669237,-0.084713,-0.098907,-0.016843,0.994954,0,0.49626,0.02901,29.775,0.058,500.000,425.000,900.000,400.000,-1,350.000,325.000,300.000,275.000,-1,-1,-1,-1,550.000,750.000,525.000,-1,1,0,1,0,2,0,0,0,1,2,2,2,2,1,0,1,2
111,-1315.768,-923.703,319.370,-132.168,-0.669072,0.741084,-0.056021,-0.736258,-0.671215,-0.085991,-0.101329,-0.016288,0.994720,0,0.57626,-0.07614,34.575,-0.152,475.000,425.000,875.000,400.000,-1,325.000,325.000,300.000,250.000,-1,-1,-1,-1,525.000,725.000,500.000,-1,1,0,1,0,2,0,0,0,1,2,2,2,2,1,0,1,2
112,-1342.279,-952.817,315.546,-132.321,-0.670889,0.739285,-0.058016,-0.734270,-0.673201,-0.087452,-0.103709,-0.016071,0.994478,0,0.65626,-0.07676,39.375,-0.154,425.000,425.000,825.000,400.000,-1,325.000,325.000,300.000,250.000,-1,-1,-1,875.000,500.000,700.000,450.000,-1,1,0,1,0,2,0,0,0,1,2,2,2,1,1,0,1,2
113,-1370.494,-983.634,311.460,-132.476,-0.672729,0.737464,-0.059848,-0.732252,-0.675196,-0.088987,-0.106034,-0.016040,0.994233,0,0.69636,-0.07738,41.782,-0.155,400.000,400.000,775.000,375.000,-1,325.000,325.000,300.000,250.000,-1,-1,-1,850.000,475.000,675.000,425.000,-1,1,0,1,0,2,0,0,0,1,2,2,2,1,1,0,1,2
114,-1398.691,-1014.263,307.361,-132.632,-0.674604,0.735623,-0.061384,-0.730215,-0.677196,-0.090503,-0.108145,-0.016230,0.994003,0,0.69386,-0.07791,41.632,-0.156,350.000,400.000,750.000,375.000,-1,325.000,325.000,300.000,225.000,-1,-1,-1,825.000,450.000,675.000,375.000,-1,1,1,1,0,2,0,0,0,1,2,2,2,1,1,0,1,2
115,-1426.866,-1044.703,303.063,-132.789,-0.676609,0.733755,-0.061673,-0.728163,-0.679191,-0.092076,-0.109449,-0.017392,0.993840,0,0.69130,-0.07831,41.478,-0.157,325.000,375.000,700.000,375.000,-1,325.000,300.000,300.000,225.000,-1,-1,-1,825.000,425.000,650.000,350.000,-1,1,1,1,0,2,0,0,0,1,2,2,2,1,1,0,1,2
116,-1455.019,-1074.952,298.640,-132.946,-0.678706,0.731865,-0.061099,-0.726098,-0.681179,-0.093687,-0.110186,-0.019222,0.993725,0,0.68870,-0.07859,41.322,-0.157,275.000,350.000,650.000,375.000,-1,325.000,300.000,300.000,225.000,-1,-1,-1,825.000,400.000,650.000,300.000,-1,1,1,1,0,2,0,0,0,1,2,2,2,1,1,0,1,2
117,-1483.146,-1105.008,294.228,-133.103,-0.680819,0.729961,-0.060351,-0.724025,-0.683161,-0.095286,-0.110785,-0.021177,0.993619,0,0.68607,-0.07874,41.164,-0.157,250.000,325.000,625.000,375.000,-1,325.000,300.000,300.000,225.000,-1,-1,-1,825.000,375.000,650.000,275.000,-1,1,1,1,0,2,0,0,0,1,2,2,2,1,1,0,1,2
118,-1511.248,-1134.871,289.826,-133.261,-0.682947,0.728046,-0.059433,-0.721947,-0.685134,-0.096874,-0.111248,-0.023252,0.993521,0,0.68344,-0.07877,41.007,-0.158,225.000,300.000,575.000,375.000,-1,300.000,300.000,300.000,250.000,-1,-1,-1,825.000,325.000,625.000,225.000,1000.000,1,1,1,0,2,0,0,0,1,2,2,2,1,1,0,1,1
119,-1539.324,-1164.544,285.434,-133.418,-0.685085,0.726123,-0.058344,-0.719868,-0.687094,-0.098452,-0.111576,-0.025448,0.993430,0,0.68083,-0.07867,40.850,-0.157,175.000,275.000,550.000,350.000,-1,300.000,300.000,300.000,250.000,-1,-1,-1,850.000,300.000,625.000,200.000,950.000,1,1,1,0,2,1,0,0,1,2,2,2,1,1,0,1,1
120,-1567.374,-1194.027,281.052,-133.575,-0.687229,0.724194,-0.057088,-0.717790,-0.689037,-0.100023,-0.111772,-0.027761,0.993346,0,0.67825,-0.07845,40.695,-0.157,150.000,250.000,500.000,350.000,-1,275.000,300.000,300.000,250.000,-1,-1,-1,875.000,275.000,600.000,175.000,900.000,1,1,1,0,2,1,0,0,1,2,2,2,1,1,0,1,1
121,-1598.144,-1226.455,278.120,-133.492,-0.686088,0.725293,-0.056857,-0.719773,-0.688082,-0.092034,-0.105873,-0.022219,0.994131,0,0.74507,0.04155,44.704,0.083,125.000,225.000,475.000,375.000,-1,250.000,300.000,300.000,275.000,-1,-1,-1,850.000,250.000,575.000,125.000,875.000,1,1,1,0,2,1,0,0,1,2,2,2,1,1,1,1,1
122,-1628.851,-1258.981,281.113,-133.340,-0.683636,0.727275,-0.060932,-0.725358,-0.686303,-0.053332,-0.080605,0.007738,0.996716,0,0.74562,0.07604,44.737,0.152,125.000,225.000,475.000,400.000,-1,250.000,325.000,325.000,275.000,-1,-1,-1,750.000,250.000,575.000,125.000,-1,1,1,1,0,2,1,1,1,1,2,2,2,1,1,1,1,2
123,-1659.472,-1291.620,284.071,-133.180,-0.681745,0.728695,-0.065019,-0.729519,-0.683808,-0.014473,-0.055007,0.037566,0.997779,0,0.74598,0.07996,44.759,0.160,100.000,225.000,500.000,425.000,-1,250.000,325.000,350.000,275.000,-1,275.000,125.000,650.000,250.000,575.000,125.000,-1,1,1,1,1,2,1,1,1,1,2,0,0,1,1,1,1,2
124,-1689.993,-1324.363,286.975,-133.012,-0.680379,0.729609,-0.068962,-0.732245,-0.680648,0.023148,-0.030050,0.066247,0.997351,0,0.74608,0.08411,44.765,0.168,100.000,225.000,525.000,425.000,-1,250.000,325.000,375.000,275.000,-1,200.000,75.000,350.000,250.000,600.000,125.000,-1,1,1,1,1,2,1,1,1,0,2,0,0,1,1,1,1,2
125,-1720.395,-1357.203,289.672,-132.835,-0.679501,0.730044,-0.072901,-0.733655,-0.676848,0.060224,-0.005376,0.094406,0.995519,0,0.74588,0.08849,44.753,0.177,100.000,225.000,550.000,425.000,-1,225.000,300.000,375.000,250.000,-1,175.000,50.000,250.000,250.000,625.000,100.000,-1,1,1,1,1,2,1,1,1,0,2,0,0,1,1,1,1,2
126,-1750.660,-1390.129,291.846,-132.648,-0.679174,0.729921,-0.077055,-0.733709,-0.672337,0.098154,0.019838,0.123200,0.992184,0,0.74537,0.09311,44.722,0.186,100.000,225.000,-1,400.000,-1,225.000,300.000,400.000,250.000,-1,150.000,25.000,200.000,275.000,725.000,100.000,-1,1,1,2,1,2,1,1,1,0,2,0,0,1,1,1,1,2
127,-1784.002,-1426.748,294.294,-132.394,-0.678813,0.729753,-0.081693,-0.732840,-0.666206,0.138256,0.046468,0.153718,0.987022,0,0.82537,0.12742,49.522,0.255,100.000,225.000,-1,400.000,-1,225.000,300.000,400.000,225.000,-1,150.000,25.000,175.000,275.000,-1,100.000,-1,1,1,2,1,2,1,1,1,0,2,0,0,1,1,2,1,2
128,-4919.494,-4263.560,149.766,138.650,-0.750120,-0.660599,0.030482,0.660692,-0.750610,-0.008347,0.028394,0.013877,0.999500,1,0.00000,0.00000,54.322,0.266,-1,400.000,-1,400.000,-1,325.000,325.000,300.000,300.000,-1,-1,-1,-1,775.000,775.000,-1,-1,2,0,2,0,2,0,0,0,0,2,2,2,2,0,0,2,2
129,-4923.084,-4260.374,149.916,138.410,-0.747347,-0.663736,0.030440,0.663834,-0.747835,-0.008245,0.028237,0.014045,0.999503,0,0.08000,-0.12000,4.800,-0.240,-1,400.000,-1,400.000,-1,325.000,325.000,300.000,300.000,-1,-1,-1,-1,775.000,775.000,-1,-1,2,0,2,0,2,0,0,0,0,2,2,2,2,0,0,2,2
130,-4930.210,-4253.942,150.213,137.930,-0.741763,-0.669975,0.030359,0.670081,-0.742245,-0.008043,0.027923,0.014377,0.999507,0,0.16000,-0.24000,9.600,-0.480,-1,400.000,-1,400.000,-1,325.000,325.000,300.000,300.000,-1,-1,-1,-1,775.000,775.000,-1,-1,2,0,2,0,2,0,0,0,0,2,2,2,2,0,0,2,2
131,-4940.777,-4244.160,150.655,137.210,-0.733289,-0.679244,0.030245,0.679363,-0.733762,-0.007745,0.027453,0.014868,0.999513,0,0.24000,-0.36000,14.400,-0.720,-1,400.000,-1,400.000,-1,325.000,325.000,300.000,300.000,-1,-1,-1,-1,775.000,775.000,-1,-1,2,0,2,0,2,0,0,0,0,2,2,2,2,0,0,2,2
132,-4954.657,-4230.893,151.237,136.293,-0.722333,-0.690890,0.030100,0.691024,-0.722794,-0.007364,0.026844,0.015480,0.999520,0,0.32000,-0.45834,19.200,-0.917,-1,400.000,-1,400.000,-1,325.000,325.000,300.000,300.000,-1,-1,-1,-1,775.000,775.000,-1,-1,2,0,2,0,2,0,0,0,0,2,2,2,2,0,0,2,2
133,-4971.739,-4214.034,151.936,135.376,-0.711194,-0.702359,0.029898,0.702506,-0.711643,-0.007068,0.026241,0.015977,0.999528,0,0.40000,-0.45834,24.000,-0.917,-1,400.000,-1,400.000,-1,325.000,325.000,300.000,300.000,-1,-1,-1,-1,775.000,750.000,-1,-1,2,0,2,0,2,0,0,0,0,2,2,2,2,0,0,2,2
