timestep,x_cm,y_cm,z_cm,yaw_deg,basis_xx,basis_xy,basis_xz,basis_yx,basis_yy,basis_yz,basis_zx,basis_zy,basis_zz,teleport_flag,throttle_cmd,steering_cmd,cmd_move_cm,cmd_turn_deg,lidar_cm_0,lidar_cm_1,lidar_cm_2,lidar_cm_3,lidar_cm_4,lidar_cm_5,lidar_cm_6,lidar_cm_7,lidar_cm_8,lidar_cm_9,lidar_cm_10,lidar_cm_11,lidar_cm_12,lidar_cm_13,lidar_cm_14,lidar_cm_15,lidar_cm_16,lidar_class_0,lidar_class_1,lidar_class_2,lidar_class_3,lidar_class_4,lidar_class_5,lidar_class_6,lidar_class_7,lidar_class_8,lidar_class_9,lidar_class_10,lidar_class_11,lidar_class_12,lidar_class_13,lidar_class_14,lidar_class_15,lidar_class_16
0,5575.317,3612.426,89.360,91.262,-0.022118,-0.999627,-0.016034,0.999735,-0.022013,-0.006667,0.006312,-0.016178,0.999849,1,0.08000,-0.12000,4.800,-0.240,-1,625.000,-1,-1,-1,325.000,325.000,300.000,300.000,-1,-1,-1,-1,-1,-1,-1,-1,2,1,2,2,2,0,0,0,0,2,2,2,2,2,2,2,2
1,5575.186,3622.025,89.424,90.782,-0.013740,-0.999777,-0.016046,0.999886,-0.013638,-0.006439,0.006219,-0.016132,0.999851,0,0.16000,-0.24000,9.600,-0.480,-1,700.000,-1,-1,-1,325.000,325.000,300.000,300.000,-1,-1,-1,-1,-1,-1,-1,-1,2,1,2,2,2,0,0,0,0,2,2,2,2,2,2,2,2
2,5575.170,3636.425,89.524,90.062,-0.001171,-0.999870,-0.016051,0.999981,-0.001074,-0.006099,0.006081,-0.016058,0.999853,0,0.24000,-0.36000,14.400,-0.720,-1,775.000,-1,-1,-1,325.000,325.000,300.000,300.000,-1,-1,-1,-1,-1,-1,-1,-1,2,1,2,2,2,0,0,0,0,2,2,2,2,2,2,2,2
3,5575.471,3655.623,89.662,89.102,0.015586,-0.999750,-0.016039,0.999861,0.015679,-0.005646,0.005896,-0.015949,0.999855,0,0.32000,-0.48000,19.200,-0.960,-1,850.000,-1,-1,-1,-1,325.000,300.000,300.000,-1,-1,-1,-1,-1,-1,-1,-1,2,1,2,2,2,2,1,0,0,2,2,2,2,2,2,2,2
4,5576.350,3679.607,89.844,87.902,0.036527,-0.999205,-0.015990,0.999317,0.036613,-0.005084,0.005666,-0.015794,0.999859,0,0.40000,-0.60000,24.000,-1.200,-1,950.000,-1,-1,-1,-1,-1,300.000,300.000,-1,-1,-1,-1,-1,-1,-1,-1,2,1,2,2,2,2,2,0,0,2,2,2,2,2,2,2,2
5,5578.128,3708.352,90.075,86.462,0.061634,-0.997972,-0.015884,0.998084,0.061711,-0.004418,0.005390,-0.015582,0.999864,0,0.48000,-0.72000,28.800,-1.440,-1,-1,-1,-1,-1,-1,-1,300.000,300.000,-1,-1,-1,-1,-1,-1,-1,-1,2,2,2,2,2,2,2,0,0,2,2,2,2,2,2,2,2
6,5581.109,3741.819,90.361,84.910,0.088646,-0.995939,-0.015705,0.996050,0.088714,-0.003655,0.005033,-0.015319,0.999870,0,0.56000,-0.77586,33.600,-1.552,-1,-1,-1,-1,-1,-1,-1,300.000,300.000,-1,-1,-1,-1,-1,-1,-1,-1,2,2,2,2,2,2,2,0,0,2,2,2,2,2,2,2,2
7,5585.547,3779.962,90.706,83.363,0.115513,-0.993186,-0.015441,0.993296,0.115569,-0.002801,0.004566,-0.015014,0.999877,0,0.64000,-0.77350,38.400,-1.547,-1,-1,-1,-1,-1,-1,-1,300.000,300.000,-1,-1,-1,-1,-1,-1,-1,-1,2,2,2,2,2,2,2,0,0,2,2,2,2,2,2,2,2
8,5591.033,3818.128,91.070,81.821,0.142204,-0.989722,-0.015103,0.989829,0.142249,-0.001965,0.004093,-0.014670,0.999884,0,0.64264,-0.77084,38.558,-1.542,-1,-1,-1,-1,-1,-1,-1,325.000,300.000,-1,-1,-1,-1,-1,-1,-1,-1,2,2,2,2,2,2,2,0,0,2,2,2,2,2,2,2,2
9,5597.563,3856.274,91.455,80.285,0.168691,-0.985560,-0.014690,0.985662,0.168726,-0.001153,0.003615,-0.014284,0.999891,0,0.64501,-0.76793,38.701,-1.536,-1,-1,-1,-1,-1,-1,-1,325.000,300.000,-1,-1,-1,-1,-1,-1,-1,-1,2,2,2,2,2,2,2,0,0,2,2,2,2,2,2,2,2
10,5605.136,3894.363,91.519,78.756,0.194952,-0.980691,-0.015464,0.980809,0.194968,0.000439,0.002585,-0.015252,0.999880,0,0.64725,-0.76472,38.835,-1.529,-1,-1,-1,-1,-1,-1,-1,300.000,300.000,-1,-1,-1,-1,-1,-1,-1,-1,2,2,2,2,2,2,2,0,0,2,2,2,2,2,2,2,2
11,5613.737,3932.362,86.643,77.233,0.221467,-0.974626,-0.032517,0.975064,0.220833,0.021991,-0.014252,-0.036576,0.999229,0,0.64932,-0.76122,38.959,-1.522,-1,-1,-1,-1,-1,-1,-1,250.000,325.000,-1,-1,-1,-1,-1,-1,-1,-1,2,2,2,2,2,2,2,0,0,2,2,2,2,2,2,2,2
12,5623.359,3970.232,81.426,75.719,0.248413,-0.967387,-0.049532,0.968118,0.246250,0.045911,-0.032217,-0.059358,0.997717,0,0.65121,-0.75739,39.073,-1.515,-1,-1,-1,-1,-1,-1,-1,225.000,350.000,-1,-1,-1,-1,-1,-1,-1,-1,2,2,2,2,2,2,2,0,0,2,2,2,2,2,2,2,2
13,5633.991,4007.936,75.739,74.212,0.275826,-0.958928,-0.066167,0.959852,0.271130,0.071916,-0.051022,-0.083347,0.995214,0,0.65287,-0.75322,39.172,-1.506,-1,-1,-1,-1,-1,-1,-1,175.000,375.000,-1,-1,-1,-1,-1,-1,-1,-1,2,2,2,2,2,2,2,0,0,2,2,2,2,2,2,2,2
14,3607.563,8199.207,-96.889,131.457,-0.637030,-0.749363,0.180687,0.727124,-0.661977,-0.181869,0.255897,0.015525,0.966579,1,0.00000,0.00000,39.255,-1.497,-1,-1,-1,-1,-1,775.000,750.000,225.000,200.000,500.000,-1,-1,650.000,-1,-1,-1,-1,2,2,2,2,2,0,0,1,1,1,2,2,1,2,2,2,2
15,-5579.497,9508.476,103.283,-148.047,-0.848142,0.529200,0.024558,-0.529292,-0.848434,0.003125,0.022489,-0.010347,0.999694,1,0.08000,-0.12000,4.800,-0.240,-1,425.000,-1,400.000,-1,325.000,325.000,300.000,325.000,-1,650.000,750.000,-1,-1,925.000,-1,-1,2,0,2,0,2,0,0,0,0,2,0,0,2,2,0,2,2
16,-5587.685,9503.464,103.504,-148.527,-0.852544,0.522074,0.024633,-0.522168,-0.852838,0.002956,0.022551,-0.010343,0.999692,0,0.16000,-0.24000,9.600,-0.480,-1,425.000,-1,400.000,-1,325.000,325.000,300.000,325.000,-1,675.000,750.000,-1,-1,925.000,-1,-1,2,0,2,0,2,0,0,0,0,2,0,0,2,2,0,2,2
17,-5600.060,9496.101,103.832,-149.247,-0.859036,0.511316,0.024753,-0.511414,-0.859331,0.002690,0.022646,-0.010348,0.999690,0,0.24000,-0.36000,14.400,-0.720,-1,425.000,-1,400.000,-1,325.000,325.000,300.000,325.000,-1,675.000,775.000,-1,-1,925.000,-1,-1,2,0,2,0,2,0,0,0,0,2,0,0,2,2,0,2,2
18,-5616.719,9486.555,104.266,-150.187,-0.867306,0.497150,0.024927,-0.497253,-0.867602,0.002317,0.022778,-0.010385,0.999687,0,0.32000,-0.46997,19.200,-0.940,-1,425.000,-1,400.000,-1,325.000,325.000,300.000,325.000,-1,675.000,775.000,-1,-1,925.000,-1,-1,2,0,2,0,2,0,0,0,0,2,0,0,2,2,0,2,2
19,-5637.735,9474.965,104.802,-151.125,-0.875325,0.482877,0.025215,-0.482990,-0.875624,0.001827,0.022961,-0.010580,0.999680,0,0.40000,-0.46908,24.000,-0.938,-1,425.000,-1,400.000,-1,325.000,325.000,300.000,325.000,-1,700.000,775.000,-1,-1,925.000,-1,-1,2,0,2,0,2,0,0,0,0,2,0,0,2,2,0,2,2
20,-5663.178,9461.471,105.438,-152.061,-0.883088,0.468507,0.025629,-0.468633,-0.883392,0.001195,0.023200,-0.010955,0.999671,0,0.48000,-0.46802,28.800,-0.936,-1,425.000,-1,400.000,-1,325.000,325.000,300.000,325.000,-1,700.000,800.000,-1,-1,950.000,-1,-1,2,0,2,0,2,0,0,0,0,2,0,0,2,2,0,2,2
21,-5693.114,9446.214,106.171,-152.994,-0.890592,0.454049,0.026177,-0.454196,-0.890902,0.000393,0.023499,-0.011539,0.999657,0,0.56000,-0.46675,33.600,-0.934,-1,425.000,-1,425.000,-1,325.000,325.000,300.000,325.000,-1,725.000,800.000,-1,-1,1000.000,-1,-1,2,0,2,0,2,0,0,0,0,2,0,0,2,2,0,2,2
22,-5727.606,9429.336,106.945,-153.925,-0.897838,0.439518,0.026650,-0.439686,-0.898151,-0.000506,0.023714,-0.012172,0.999645,0,0.64000,-0.46525,38.400,-0.930,-1,425.000,-1,425.000,-1,325.000,325.000,300.000,325.000,-1,750.000,825.000,-1,-1,-1,-1,-1,2,0,2,0,2,0,0,0,0,2,0,0,2,2,2,2,2
23,-5766.711,9410.977,107.731,-154.852,-0.904829,0.424927,0.026866,-0.425117,-0.905137,-0.001514,0.023674,-0.012791,0.999638,0,0.72000,-0.46348,43.200,-0.927,-1,425.000,-1,425.000,-1,350.000,350.000,300.000,325.000,-1,775.000,875.000,-1,-1,-1,-1,-1,2,0,2,0,2,0,0,0,0,2,0,0,2,2,2,2,2
24,-5810.484,9391.281,108.667,-155.775,-0.911556,0.410289,0.027009,-0.410514,-0.911849,-0.003147,0.023337,-0.013956,0.999630,0,0.80000,-0.46140,48.000,-0.923,-1,425.000,-1,425.000,-1,350.000,350.000,300.000,325.000,-1,825.000,925.000,-1,-1,-1,-1,-1,2,0,2,0,2,0,0,0,0,2,0,0,2,2,2,2,2
25,-5858.889,9370.191,109.339,-156.457,-0.916417,0.399391,0.025800,-0.399623,-0.916669,-0.004330,0.021920,-0.014278,0.999658,0,0.88000,-0.34140,52.800,-0.683,-1,425.000,-1,450.000,-1,350.000,350.000,300.000,325.000,-1,900.000,1000.000,-1,-1,-1,-1,-1,2,0,2,0,2,0,0,0,0,2,0,0,2,2,2,2,2
26,-5911.870,9347.593,109.675,-156.900,-0.919550,0.392299,0.022983,-0.392502,-0.919738,-0.004915,0.019210,-0.013541,0.999724,0,0.96000,-0.22140,57.600,-0.443,-1,425.000,-1,450.000,-1,350.000,350.000,300.000,325.000,-1,-1,-1,-1,-1,-1,-1,-1,2,0,2,0,2,0,0,0,0,2,2,2,2,2,2,2,2
27,-5966.731,9324.422,109.980,-157.103,-0.921000,0.389044,0.020082,-0.389221,-0.921127,-0.005650,0.016300,-0.013020,0.999782,0,0.99255,-0.10140,59.553,-0.203,-1,425.000,-1,425.000,-1,350.000,350.000,300.000,300.000,-1,-1,-1,-1,-1,-1,-1,-1,2,0,2,0,2,0,0,0,0,2,2,2,2,2,2,2,2
28,-6021.771,9301.235,110.397,-157.156,-0.921427,0.388201,0.016533,-0.388341,-0.921495,-0.006204,0.012827,-0.012137,0.999844,0,0.99542,-0.02637,59.725,-0.053,-1,-1,-1,425.000,-1,350.000,350.000,300.000,300.000,-1,-1,-1,-1,-1,-1,-1,-1,2,2,2,0,2,0,0,0,0,2,2,2,2,2,2,2,2
29,-6076.985,9278.028,110.506,-157.202,-0.921807,0.387449,0.012462,-0.387562,-0.921805,-0.008457,0.008211,-0.012626,0.999887,0,0.99821,-0.02330,59.892,-0.047,-1,-1,-1,425.000,-1,350.000,350.000,300.000,300.000,-1,-1,-1,-1,-1,-1,-1,-1,2,2,2,0,2,0,0,0,0,2,2,2,2,2,2,2,2
30,-6132.313,9254.817,110.494,-157.242,-0.922127,0.386799,0.008297,-0.386875,-0.922062,-0.011399,0.003241,-0.013721,0.999901,0,1.00000,-0.02000,60.000,-0.040,-1,-1,-1,425.000,-1,350.000,350.000,300.000,300.000,-1,-1,-1,-1,-1,-1,-1,-1,2,2,2,0,2,0,0,0,0,2,2,2,2,2,2,2,2
31,-6187.655,9231.639,110.477,-157.275,-0.922379,0.386263,0.004211,-0.386283,-0.922268,-0.014436,-0.001692,-0.014942,0.999887,0,1.00000,-0.01644,60.000,-0.033,-1,-1,-1,425.000,-1,325.000,350.000,300.000,325.000,-1,-1,-1,-1,-1,-1,-1,-1,2,2,2,0,2,0,0,0,0,2,2,2,2,2,2,2,2
32,-6243.007,9208.483,109.392,-157.300,-0.922574,0.385818,-0.001327,-0.385689,-0.922344,-0.022948,-0.010078,-0.020659,0.999736,0,1.00000,-0.01261,60.000,-0.025,-1,-1,-1,425.000,-1,325.000,325.000,275.000,325.000,-1,-1,-1,-1,-1,-1,-1,-1,2,2,2,0,2,0,0,0,0,2,2,2,2,2,2,2,2
33,-6298.365,9185.342,107.575,-157.317,-0.922692,0.385459,-0.007833,-0.384977,-0.922254,-0.035225,-0.020802,-0.029487,0.999349,0,1.00000,-0.00849,60.000,-0.017,-1,-1,-1,400.000,-1,300.000,325.000,250.000,325.000,-1,-1,-1,-1,-1,950.000,-1,-1,2,2,2,0,2,0,0,0,0,2,2,2,2,2,0,2,2
34,-6353.726,9162.205,105.097,-157.325,-0.922720,0.385171,-0.015195,-0.384002,-0.921928,-0.050899,-0.033614,-0.041131,0.998588,0,1.00000,-0.00403,60.000,-0.008,-1,-1,-1,400.000,-1,275.000,300.000,225.000,350.000,-1,-1,-1,-1,-1,875.000,-1,-1,2,2,2,0,2,0,0,0,0,2,2,2,2,2,0,2,2
35,-6409.085,9139.063,101.672,-157.324,-0.922651,0.384948,-0.023033,-0.382680,-0.921325,-0.068679,-0.047659,-0.054553,0.997373,0,1.00000,0.00078,60.000,0.002,-1,-1,-1,375.000,-1,250.000,275.000,225.000,350.000,-1,-1,-1,-1,-1,800.000,-1,-1,2,2,2,0,2,0,0,1,0,2,2,2,2,2,0,2,2
36,-6464.438,9115.905,97.101,-157.312,-0.922479,0.384794,-0.031077,-0.380979,-0.920416,-0.087691,-0.062346,-0.069053,0.995663,0,1.00000,0.00598,60.000,0.012,-1,-1,-1,350.000,-1,275.000,250.000,225.000,375.000,-1,-1,-1,-1,-1,725.000,-1,-1,2,2,2,0,2,1,0,1,0,2,2,2,2,2,0,2,2
37,-6519.781,9092.720,91.227,-157.289,-0.922132,0.384721,-0.040782,-0.378722,-0.919195,-0.107937,-0.079012,-0.084087,0.993321,0,1.00000,0.01160,60.000,0.023,-1,-1,-1,325.000,-1,325.000,250.000,250.000,400.000,-1,-1,-1,-1,-1,625.000,-1,-1,2,2,2,0,2,1,0,1,0,2,2,2,2,2,0,2,2
38,-6575.107,9069.493,84.362,-157.253,-0.921551,0.384686,-0.052535,-0.375545,-0.917522,-0.130838,-0.098534,-0.100845,0.990011,0,1.00000,0.01767,60.000,0.035,-1,-1,-1,275.000,-1,325.000,200.000,250.000,400.000,-1,-1,-1,-1,-1,550.000,-1,-1,2,2,2,0,2,1,0,1,0,2,2,2,2,2,0,2,2
39,-6630.411,9046.209,76.833,-157.205,-0.920795,0.384608,-0.064903,-0.371178,-0.915164,-0.157165,-0.119844,-0.120627,0.985437,0,1.00000,0.02424,60.000,0.048,-1,-1,-1,250.000,-1,350.000,175.000,275.000,425.000,-1,-1,-1,-1,-1,450.000,-1,-1,2,2,2,0,2,1,0,1,0,2,2,2,2,2,0,2,2
40,-6685.684,9022.847,68.215,-157.142,-0.920070,0.384332,-0.075894,-0.365344,-0.911715,-0.187881,-0.141403,-0.145136,0.979255,0,1.00000,0.03132,60.000,0.063,-1,-1,-1,200.000,-1,350.000,150.000,275.000,500.000,-1,-1,-1,-1,-1,375.000,-1,675.000,2,2,2,0,2,1,0,1,0,2,2,2,2,2,0,2,0
41,-6740.923,8999.401,59.687,-157.064,-0.919259,0.384052,-0.086407,-0.358673,-0.907604,-0.218196,-0.162222,-0.169587,0.972072,0,1.00000,0.03893,60.000,0.078,-1,-1,-1,175.000,-1,350.000,125.000,300.000,575.000,-1,0.000,-1,-1,-1,300.000,-1,375.000,2,2,2,0,2,1,0,1,0,2,0,2,2,2,0,2,0
42,-6231.311,-6887.162,-123.733,-13.872,0.962323,0.237836,-0.131791,-0.251277,0.963062,-0.096807,0.103899,0.126276,0.986539,1,0.00000,0.00000,60.000,0.094,-1,75.000,-1,-1,-1,75.000,350.000,-1,225.000,-1,175.000,0.000,225.000,75.000,-1,150.000,-1,2,1,2,2,2,1,1,2,0,2,0,0,0,1,2,1,2
43,1644.616,984.314,-3.329,4.813,0.994786,-0.083779,-0.058146,0.086789,0.994904,0.051326,0.053549,-0.056105,0.996988,1,0.08000,0.12000,4.800,0.240,-1,375.000,-1,400.000,-1,325.000,325.000,325.000,300.000,-1,-1,-1,-1,750.000,875.000,-1,-1,2,0,2,0,2,0,0,0,0,2,2,2,2,0,0,2,2
44,1654.175,985.200,-2.802,5.293,0.994047,-0.092109,-0.058190,0.095123,0.994141,0.051341,0.053120,-0.056570,0.996984,0,0.16000,0.24000,9.600,0.480,-1,375.000,-1,400.000,-1,325.000,325.000,325.000,300.000,-1,-1,-1,-1,750.000,875.000,-1,-1,2,0,2,0,2,0,0,0,0,2,2,2,2,0,0,2,2
45,1668.495,986.709,-2.019,6.013,0.992807,-0.104590,-0.058263,0.107610,0.992865,0.051367,0.052475,-0.057267,0.996979,0,0.24000,0.36000,14.400,0.720,-1,375.000,-1,400.000,-1,325.000,325.000,325.000,300.000,-1,-1,-1,-1,750.000,875.000,-1,-1,2,0,2,0,2,0,0,0,0,2,2,2,2,0,0,2,2
46,1687.553,989.040,-0.988,6.973,0.990910,-0.121204,-0.058375,0.124233,0.990920,0.051409,0.051615,-0.058194,0.996970,0,0.32000,0.48000,19.200,0.960,-1,375.000,-1,400.000,-1,300.000,325.000,325.000,300.000,-1,-1,-1,-1,750.000,875.000,-1,-1,2,0,2,0,2,0,0,0,0,2,2,2,2,0,0,2,2
47,1711.309,992.453,0.282,8.173,0.988146,-0.141920,-0.058541,0.144962,0.988097,0.051472,0.050540,-0.059348,0.996957,0,0.40000,0.60000,24.000,1.200,-1,375.000,-1,400.000,-1,300.000,325.000,325.000,300.000,-1,-1,-1,-1,750.000,875.000,-1,-1,2,0,2,0,2,0,0,0,0,2,2,2,2,0,0,2,2
48,1739.704,997.264,1.777,9.613,0.984255,-0.166692,-0.058784,0.169751,0.984137,0.051563,0.049256,-0.060730,0.996938,0,0.48000,0.72000,28.800,1.440,-1,375.000,-1,400.000,-1,325.000,325.000,325.000,300.000,-1,-1,-1,-1,750.000,875.000,-1,-1,2,0,2,0,2,0,0,0,0,2,2,2,2,0,0,2,2
49,1772.652,1003.845,3.480,11.293,0.978929,-0.195453,-0.059136,0.198536,0.978730,0.051685,0.047776,-0.062336,0.996911,0,0.56000,0.84000,33.600,1.680,-1,375.000,-1,400.000,-1,325.000,325.000,325.000,300.000,-1,-1,-1,-1,750.000,875.000,-1,-1,2,0,2,0,2,0,0,0,0,2,2,2,2,0,0,2,2
50,1810.034,1012.624,5.372,13.213,0.971807,-0.228108,-0.059642,0.231222,0.971519,0.051838,0.046118,-0.064167,0.996873,0,0.64000,0.96000,38.400,1.920,-1,375.000,-1,400.000,-1,325.000,325.000,325.000,325.000,-1,-1,-1,-1,750.000,875.000,-1,-1,2,0,2,0,2,0,0,0,0,2,2,2,2,0,0,2,2
51,1851.719,1023.962,7.429,15.213,0.963221,-0.261842,-0.060358,0.264998,0.962846,0.051988,0.044503,-0.066071,0.996822,0,0.72000,1.00000,43.200,2.000,-1,375.000,-1,400.000,-1,325.000,325.000,325.000,325.000,-1,-1,-1,-1,750.000,875.000,-1,-1,2,0,2,0,2,0,0,0,0,2,2,2,2,0,0,2,2
52,1897.568,1038.168,9.554,17.213,0.953439,-0.295253,-0.061479,0.298460,0.953018,0.051758,0.043309,-0.067697,0.996766,0,0.80000,1.00000,48.000,2.000,-1,400.000,-1,425.000,-1,325.000,325.000,325.000,325.000,-1,-1,-1,-1,750.000,900.000,-1,-1,2,0,2,0,2,0,0,0,0,2,2,2,2,0,0,2,2
53,1943.849,1054.297,11.284,19.213,0.942534,-0.328326,-0.061901,0.331489,0.942113,0.050387,0.041775,-0.068011,0.996810,0,0.81686,1.00000,49.012,2.000,-1,400.000,-1,425.000,-1,325.000,325.000,325.000,325.000,-1,-1,-1,-1,750.000,900.000,-1,-1,2,0,2,0,2,0,0,0,0,2,2,2,2,0,0,2,2
54,1989.538,1072.032,12.834,21.213,0.930504,-0.361006,-0.061941,0.364093,0.930082,0.048821,0.039986,-0.067981,0.996885,0,0.81686,1.00000,49.012,2.000,-1,400.000,-1,425.000,-1,325.000,325.000,325.000,325.000,-1,-1,-1,-1,750.000,925.000,-1,-1,2,0,2,0,2,0,0,0,0,2,2,2,2,0,0,2,2
55,2034.581,1091.350,14.287,23.213,0.917345,-0.393247,-0.061926,0.396258,0.916920,0.047300,0.038180,-0.067929,0.996959,0,0.81686,1.00000,49.012,2.000,-1,400.000,-1,425.000,-1,325.000,325.000,325.000,325.000,-1,-1,-1,-1,750.000,925.000,-1,-1,2,0,2,0,2,0,0,0,0,2,2,2,2,0,0,2,2
56,2078.923,1112.228,15.769,25.213,0.903122,-0.425031,-0.060981,0.427893,0.902688,0.045410,0.035746,-0.067104,0.997105,0,0.81686,1.00000,49.012,2.000,-1,400.000,-1,425.000,-1,325.000,325.000,325.000,325.000,-1,-1,-1,-1,750.000,925.000,-1,-1,2,0,2,0,2,0,0,0,0,2,2,2,2,0,0,2,2
57,2122.508,1134.641,17.222,27.213,0.887804,-0.456301,-0.059947,0.459018,0.887354,0.043656,0.033274,-0.066274,0.997246,0,0.81686,1.00000,49.012,2.000,-1,400.000,-1,400.000,-1,325.000,325.000,325.000,325.000,-1,-1,-1,-1,750.000,925.000,-1,-1,2,0,2,0,2,0,0,0,0,2,2,2,2,0,0,2,2
58,2165.285,1158.562,18.480,29.213,0.871421,-0.486996,-0.058829,0.489595,0.870896,0.042850,0.030366,-0.066143,0.997348,0,0.81686,1.00000,49.012,2.000,-1,400.000,-1,400.000,-1,325.000,325.000,325.000,325.000,-1,-1,-1,-1,750.000,900.000,-1,-1,2,0,2,0,2,0,0,0,0,2,2,2,2,0,0,2,2
59,2207.201,1183.961,19.645,31.213,0.853980,-0.517087,-0.057787,0.519587,0.853360,0.042491,0.027341,-0.066312,0.997424,0,0.81686,1.00000,49.012,2.000,-1,400.000,-1,400.000,-1,325.000,325.000,325.000,325.000,-1,-1,-1,-1,750.000,900.000,-1,-1,2,0,2,0,2,0,0,0,0,2,2,2,2,0,0,2,2
60,2248.204,1210.808,20.772,33.213,0.835496,-0.546544,-0.056886,0.548956,0.834780,0.042308,0.024364,-0.066576,0.997484,0,0.81686,1.00000,49.012,2.000,-1,375.000,-1,400.000,-1,325.000,325.000,325.000,325.000,-1,-1,-1,-1,750.000,900.000,-1,-1,2,0,2,0,2,0,0,0,0,2,2,2,2,0,0,2,2
61,2288.246,1239.069,21.873,35.213,0.815991,-0.575332,-0.056140,0.577666,0.815179,0.042250,0.021457,-0.066906,0.997529,0,0.81686,1.00000,49.012,2.000,-1,375.000,-1,400.000,-1,325.000,325.000,325.000,325.000,-1,-1,-1,-1,725.000,900.000,-1,-1,2,0,2,0,2,0,0,0,0,2,2,2,2,0,0,2,2
62,2327.322,1268.741,22.968,37.210,0.795527,-0.603365,-0.055556,0.605630,0.794626,0.042222,0.018671,-0.067235,0.997562,0,0.81776,0.99812,49.065,1.996,-1,375.000,-1,400.000,-1,325.000,325.000,325.000,325.000,-1,-1,-1,-1,725.000,900.000,-1,-1,2,0,2,0,2,0,0,0,0,2,2,2,2,0,0,2,2
63,2362.649,1297.556,23.952,39.202,0.774140,-0.630607,-0.055160,0.632814,0.773143,0.042386,0.015917,-0.067719,0.997577,0,0.75982,0.99621,45.589,1.992,-1,375.000,-1,400.000,-1,325.000,325.000,300.000,325.000,-1,-1,-1,-1,725.000,900.000,-1,-1,2,0,2,0,2,0,0,0,0,2,2,2,2,0,0,2,2
64,2396.972,1327.594,24.730,41.191,0.751839,-0.657058,-0.054888,0.659206,0.750790,0.041966,0.013636,-0.067734,0.997610,0,0.76020,0.99444,45.612,1.989,-1,375.000,-1,400.000,-1,325.000,325.000,300.000,325.000,-1,-1,-1,-1,725.000,900.000,-1,-1,2,0,2,0,2,0,0,0,0,2,2,2,2,0,0,2,2
65,2430.241,1358.811,25.269,43.176,0.728649,-0.682702,-0.054662,0.684783,0.727604,0.040790,0.011925,-0.067153,0.997671,0,0.76038,0.99272,45.623,1.985,-1,375.000,-1,400.000,-1,325.000,325.000,300.000,325.000,-1,-1,-1,-1,725.000,900.000,-1,-1,2,0,2,0,2,0,0,0,0,2,2,2,2,0,0,2,2
66,2462.411,1391.159,25.739,45.159,0.704615,-0.707495,-0.054485,0.709515,0.703573,0.039659,0.010275,-0.066602,0.997727,0,0.76037,0.99140,45.622,1.983,-1,375.000,-1,400.000,-1,325.000,325.000,300.000,325.000,-1,-1,-1,-1,750.000,900.000,-1,-1,2,0,2,0,2,0,0,0,0,2,2,2,2,0,0,2,2
67,2493.437,1424.593,26.095,47.140,0.679757,-0.731423,-0.054323,0.733384,0.678731,0.038360,0.008813,-0.065915,0.997786,0,0.76021,0.99036,45.613,1.981,-1,375.000,-1,400.000,-1,325.000,325.000,300.000,325.000,-1,-1,950.000,-1,750.000,900.000,-1,-1,2,0,2,0,2,0,0,0,0,2,2,0,2,0,0,2,2
68,2523.278,1459.065,26.406,49.119,0.654109,-0.754455,-0.054210,0.756364,0.653092,0.037206,0.007334,-0.065339,0.997836,0,0.75991,0.98953,45.595,1.979,-1,400.000,-1,425.000,-1,325.000,325.000,300.000,325.000,-1,-1,950.000,-1,750.000,875.000,-1,-1,2,0,2,0,2,0,0,0,0,2,2,0,2,0,0,2,2
69,2551.896,1494.527,26.670,51.097,0.627700,-0.776570,-0.054150,0.778434,0.626683,0.036191,0.005830,-0.064870,0.997877,0,0.75950,0.98894,45.570,1.978,-1,400.000,-1,425.000,-1,325.000,325.000,300.000,325.000,-1,975.000,950.000,-1,750.000,875.000,-1,-1,2,0,2,0,2,0,0,0,0,2,0,0,2,0,0,2,2
70,2579.256,1530.933,26.648,53.074,0.600596,-0.797793,-0.053015,0.799544,0.599566,0.035345,0.003588,-0.063616,0.997968,0,0.75903,0.98857,45.542,1.977,-1,400.000,-1,425.000,-1,325.000,325.000,300.000,325.000,-1,1000.000,1000.000,-1,750.000,875.000,-1,-1,2,0,2,0,2,0,0,0,0,2,0,0,2,0,0,2,2
71,2605.327,1568.235,26.408,55.051,0.572808,-0.818092,-0.051145,0.819689,0.571753,0.034756,0.000808,-0.061832,0.998086,0,0.75850,0.98842,45.510,1.977,-1,400.000,-1,400.000,-1,325.000,325.000,325.000,325.000,-1,-1,-1,-1,750.000,850.000,-1,-1,2,0,2,0,2,0,0,0,0,2,2,2,2,0,0,2,2
72,2630.078,1606.387,26.133,57.028,0.544329,-0.837414,-0.049428,0.838869,0.543244,0.034412,-0.001965,-0.060195,0.998185,0,0.75798,0.98851,45.479,1.977,-1,400.000,-1,400.000,-1,325.000,325.000,325.000,325.000,-1,-1,-1,-1,750.000,850.000,-1,-1,2,0,2,0,2,0,0,0,0,2,2,2,2,0,0,2,2
73,2653.482,1645.345,25.823,59.006,0.515189,-0.855739,-0.047879,0.857064,0.514068,0.034295,-0.004735,-0.058704,0.998264,0,0.75747,0.98882,45.448,1.978,-1,400.000,-1,400.000,-1,325.000,325.000,325.000,325.000,-1,-1,-1,-1,750.000,825.000,-1,-1,2,0,2,0,2,0,0,0,0,2,2,2,2,0,0,2,2
74,2678.040,1689.183,25.433,60.743,0.489079,-0.871006,-0.046360,0.872208,0.487924,0.034392,-0.007335,-0.057256,0.998333,0,0.83747,0.86882,50.248,1.738,-1,375.000,-1,400.000,-1,325.000,325.000,325.000,325.000,-1,-1,-1,-1,750.000,800.000,-1,-1,2,0,2,0,2,0,0,0,0,2,2,2,2,0,0,2,2
75,2703.679,1737.895,24.832,62.241,0.466203,-0.883503,-0.045578,0.884628,0.465014,0.034563,-0.009342,-0.056432,0.998363,0,0.91747,0.74882,55.048,1.498,-1,375.000,-1,400.000,-1,325.000,325.000,325.000,325.000,-1,-1,-1,-1,750.000,800.000,-1,-1,2,0,2,0,2,0,0,0,0,2,2,2,2,0,0,2,2
76,2728.552,1787.780,24.147,63.498,0.446745,-0.893518,-0.045222,0.894594,0.445522,0.034812,-0.010957,-0.056008,0.998370,0,0.92904,0.62882,55.743,1.258,-1,375.000,-1,400.000,-1,300.000,325.000,325.000,325.000,-1,-1,-1,-1,750.000,800.000,-1,-1,2,0,2,0,2,0,0,0,0,2,2,2,2,0,0,2,2
77,2752.536,1838.099,23.499,64.516,0.430852,-0.901312,-0.044753,0.902336,0.429593,0.035217,-0.012516,-0.055555,0.998377,0,0.92905,0.50882,55.743,1.018,-1,375.000,-1,400.000,-1,300.000,325.000,300.000,325.000,-1,-1,-1,-1,750.000,775.000,-1,-1,2,0,2,0,2,0,0,0,0,2,2,2,2,0,0,2,2
78,2775.840,1888.750,22.876,65.294,0.418626,-0.907080,-0.044253,0.908052,0.417330,0.035743,-0.013954,-0.055147,0.998381,0,0.92925,0.38882,55.755,0.778,-1,375.000,-1,400.000,-1,300.000,325.000,300.000,325.000,-1,-1,-1,-1,750.000,775.000,-1,-1,2,0,2,0,2,0,0,0,0,2,2,2,2,0,0,2,2
79,2798.676,1939.638,22.238,65.831,0.410140,-0.910966,-0.043886,0.911895,0.408805,0.036408,-0.015226,-0.054952,0.998373,0,0.92962,0.26882,55.777,0.538,-1,375.000,-1,400.000,-1,300.000,325.000,300.000,325.000,-1,-1,-1,-1,725.000,750.000,-1,-1,2,0,2,0,2,0,0,0,0,2,2,2,2,0,0,2,2
80,2821.261,1990.673,21.614,66.129,0.405443,-0.913081,-0.043588,0.913976,0.404068,0.037112,-0.016274,-0.054885,0.998360,0,0.93015,0.14882,55.809,0.298,-1,375.000,-1,400.000,-1,300.000,325.000,300.000,325.000,-1,-1,-1,-1,725.000,750.000,-1,-1,2,0,2,0,2,0,0,0,0,2,2,2,2,0,0,2,2
81,2843.810,2041.766,20.987,66.187,0.404555,-0.913489,-0.043276,0.914356,0.403151,0.037729,-0.017018,-0.054833,0.998351,0,0.93079,0.02882,55.847,0.058,-1,375.000,-1,400.000,-1,300.000,325.000,300.000,325.000,-1,-1,-1,-1,725.000,750.000,-1,-1,2,0,2,0,2,0,0,0,0,2,2,2,2,0,0,2,2
82,2866.521,2092.786,20.175,66.004,0.407446,-0.912239,-0.042513,0.913073,0.406073,0.037445,-0.016896,-0.054074,0.998394,0,0.93079,-0.09118,55.847,-0.182,-1,375.000,-1,400.000,-1,300.000,325.000,300.000,325.000,-1,-1,-1,-1,725.000,750.000,-1,-1,2,0,2,0,2,0,0,0,0,2,2,2,2,0,0,2,2
83,2889.609,2143.638,19.297,65.582,0.414111,-0.909275,-0.041611,0.910085,0.412811,0.036496,-0.016007,-0.052983,0.998467,0,0.93079,-0.21118,55.847,-0.422,-1,375.000,-1,400.000,-1,300.000,325.000,325.000,325.000,-1,-1,-1,-1,725.000,725.000,-1,-1,2,0,2,0,2,0,0,0,0,2,2,2,2,0,0,2,2
84,2913.283,2194.219,18.499,64.920,0.424545,-0.904487,-0.040800,0.905285,0.423315,0.035549,-0.014883,-0.052028,0.998535,0,0.93079,-0.33118,55.847,-0.662,-1,375.000,-1,400.000,-1,300.000,325.000,325.000,325.000,-1,-1,-1,-1,725.000,725.000,-1,-1,2,0,2,0,2,0,0,0,0,2,2,2,2,0,0,2,2
85,2937.750,2244.421,17.787,64.017,0.438683,-0.897749,-0.040055,0.898540,0.437527,0.034588,-0.013526,-0.051164,0.998599,0,0.93079,-0.45118,55.847,-0.902,-1,375.000,-1,400.000,-1,325.000,325.000,325.000,325.000,-1,-1,-1,-1,725.000,725.000,-1,-1,2,0,2,0,2,0,0,0,0,2,2,2,2,0,0,2,2
86,2963.214,2294.126,17.174,62.875,0.456438,-0.888884,-0.039375,0.889675,0.455356,0.033590,-0.011928,-0.050363,0.998660,0,0.93079,-0.57118,55.847,-1.142,-1,375.000,-1,375.000,-1,325.000,325.000,325.000,325.000,-1,-1,-1,-1,725.000,725.000,-1,-1,2,0,2,0,2,0,0,0,0,2,2,2,2,0,0,2,2
87,2989.869,2343.202,16.671,61.493,0.477689,-0.877674,-0.038757,0.878471,0.476686,0.032535,-0.010080,-0.049589,0.998719,0,0.93079,-0.69118,55.847,-1.382,-1,375.000,-1,375.000,-1,325.000,325.000,325.000,325.000,-1,-1,-1,-1,725.000,725.000,-1,-1,2,0,2,0,2,0,0,0,0,2,2,2,2,0,0,2,2
88,3017.903,2391.504,16.291,59.870,0.502282,-0.863860,-0.038203,0.864667,0.501363,0.031406,-0.007976,-0.048808,0.998776,0,0.93079,-0.81118,55.847,-1.622,-1,375.000,-1,375.000,-1,325.000,325.000,325.000,325.000,-1,-1,-1,-1,725.000,725.000,-1,-1,2,0,2,0,2,0,0,0,0,2,2,2,2,0,0,2,2
89,3047.491,2438.869,15.878,58.008,0.530046,-0.847116,-0.038022,0.847947,0.529176,0.030979,-0.006122,-0.048661,0.998797,0,0.93079,-0.93118,55.847,-1.862,-1,375.000,-1,375.000,-1,325.000,325.000,325.000,325.000,-1,-1,-1,-1,725.000,725.000,-1,-1,2,0,2,0,2,0,0,0,0,2,2,2,2,0,0,2,2
90,3078.715,2485.173,15.590,56.008,0.559238,-0.828139,-0.037937,0.828997,0.558422,0.030465,-0.004045,-0.048487,0.998816,0,0.93079,-1.00000,55.847,-2.000,-1,375.000,-1,375.000,-1,300.000,325.000,325.000,325.000,-1,-1,-1,-1,700.000,725.000,-1,-1,2,0,2,0,2,0,0,0,0,2,2,2,2,0,0,2,2
91,3111.536,2530.359,15.463,54.008,0.587745,-0.808161,-0.037833,0.809044,0.586995,0.029754,-0.001838,-0.048097,0.998841,0,0.93079,-1.00000,55.847,-2.000,-1,375.000,-1,375.000,-1,300.000,300.000,325.000,325.000,-1,-1,-1,-1,700.000,725.000,-1,-1,2,0,2,0,2,0,0,0,0,2,2,2,2,0,0,2,2
92,3145.914,2574.371,15.590,52.008,0.615524,-0.787219,-0.037620,0.788117,0.614870,0.028387,0.000785,-0.047122,0.998889,0,0.93079,-1.00000,55.847,-2.000,-1,375.000,-1,375.000,-1,300.000,300.000,325.000,325.000,-1,-1,-1,-1,700.000,725.000,-1,-1,2,0,2,0,2,0,0,0,0,2,2,2,2,0,0,2,2
93,3181.807,2617.157,15.850,50.008,0.642558,-0.765319,-0.037489,0.766229,0.642001,0.026981,0.003419,-0.046062,0.998933,0,0.93079,-1.00000,55.847,-2.000,-1,375.000,-1,375.000,-1,300.000,300.000,325.000,325.000,-1,-1,-1,-1,700.000,725.000,-1,-1,2,0,2,0,2,0,0,0,0,2,2,2,2,0,0,2,2
94,3219.171,2658.665,16.222,48.008,0.668817,-0.742489,-0.037342,0.743403,0.668356,0.025541,0.005994,-0.044843,0.998976,0,0.93079,-1.00000,55.847,-2.000,-1,375.000,-1,375.000,-1,300.000,325.000,325.000,325.000,-1,-1,-1,-1,700.000,725.000,-1,-1,2,0,2,0,2,0,0,0,0,2,2,2,2,0,0,2,2
95,3257.961,2698.843,16.673,46.008,0.694274,-0.718759,-0.037019,0.719662,0.693907,0.024062,0.008394,-0.043347,0.999025,0,0.93079,-1.00000,55.847,-2.000,-1,375.000,-1,375.000,-1,300.000,325.000,325.000,325.000,-1,-1,-1,-1,700.000,725.000,-1,-1,2,0,2,0,2,0,0,0,0,2,2,2,2,0,0,2,2
96,3298.130,2737.643,17.288,44.008,0.718892,-0.694147,-0.036792,0.695039,0.718614,0.022693,0.010687,-0.041886,0.999065,0,0.93079,-1.00000,55.847,-2.000,-1,375.000,-1,375.000,-1,300.000,325.000,300.000,325.000,-1,-1,-1,-1,700.000,725.000,-1,-1,2,0,2,0,2,0,0,0,0,2,2,2,2,0,0,2,2
97,3339.628,2775.017,18.039,42.008,0.742641,-0.668687,-0.036635,0.669564,0.742448,0.021330,0.012936,-0.040370,0.999101,0,0.93079,-1.00000,55.847,-2.000,-1,375.000,-1,375.000,-1,300.000,325.000,300.000,325.000,-1,-1,-1,-1,700.000,725.000,-1,-1,2,0,2,0,2,0,0,0,0,2,2,2,2,0,0,2,2
98,3382.406,2810.920,18.871,40.008,0.765482,-0.642403,-0.036815,0.643275,0.765373,0.020037,0.015306,-0.039020,0.999121,0,0.93079,-1.00000,55.847,-2.000,-1,375.000,-1,375.000,-1,300.000,325.000,300.000,325.000,-1,-1,-1,-1,700.000,725.000,-1,-1,2,0,2,0,2,0,0,0,0,2,2,2,2,0,0,2,2
99,3426.410,2845.309,19.709,38.008,0.787375,-0.615321,-0.037679,0.616211,0.787354,0.018934,0.018016,-0.038126,0.999111,0,0.93079,-1.00000,55.847,-2.000,-1,375.000,-1,375.000,-1,300.000,325.000,300.000,325.000,-1,-1,-1,-1,700.000,725.000,-1,-1,2,0,2,0,2,0,0,0,0,2,2,2,2,0,0,2,2
100,3471.587,2878.141,20.699,36.008,0.808316,-0.587491,-0.038455,0.588389,0.808380,0.017889,0.020577,-0.037086,0.999100,0,0.93079,-1.00000,55.847,-2.000,-1,375.000,-1,375.000,-1,300.000,325.000,300.000,325.000,-1,-1,-1,-1,700.000,750.000,-1,-1,2,0,2,0,2,0,0,0,0,2,2,2,2,0,0,2,2
101,3517.883,2909.376,21.843,34.008,0.828282,-0.558946,-0.039102,0.559842,0.828427,0.016888,0.022954,-0.035879,0.999093,0,0.93079,-1.00000,55.847,-2.000,-1,375.000,-1,400.000,-1,300.000,325.000,300.000,325.000,-1,-1,-1,-1,700.000,750.000,-1,-1,2,0,2,0,2,0,0,0,0,2,2,2,2,0,0,2,2
102,3565.241,2938.976,23.221,32.008,0.847260,-0.529726,-0.039249,0.530593,0.847481,0.015743,0.024923,-0.034163,0.999105,0,0.93079,-1.00000,55.847,-2.000,-1,375.000,-1,400.000,-1,300.000,325.000,300.000,325.000,-1,-1,-1,-1,700.000,750.000,-1,-1,2,0,2,0,2,0,0,0,0,2,2,2,2,0,0,2,2
103,3613.346,2967.027,24.712,30.248,0.863108,-0.503475,-0.039473,0.504312,0.863398,0.014608,0.026726,-0.032515,0.999114,0,0.92809,-0.88000,55.685,-1.760,-1,375.000,-1,400.000,-1,300.000,325.000,300.000,325.000,-1,-1,-1,-1,700.000,750.000,-1,-1,2,0,2,0,2,0,0,0,0,2,2,2,2,0,0,2,2
104,3662.177,2993.792,26.312,28.728,0.876137,-0.480419,-0.039773,0.481227,0.876492,0.013499,0.028375,-0.030966,0.999118,0,0.92809,-0.76000,55.685,-1.520,-1,375.000,-1,400.000,-1,300.000,325.000,300.000,325.000,-1,-1,-1,-1,700.000,750.000,-1,-1,2,0,2,0,2,0,0,0,0,2,2,2,2,0,0,2,2
105,3711.595,3019.459,28.011,27.448,0.886627,-0.460739,-0.040143,0.461519,0.887043,0.012431,0.029881,-0.029548,0.999117,0,0.92809,-0.64000,55.685,-1.280,-1,375.000,-1,400.000,-1,300.000,325.000,300.000,325.000,-1,-1,-1,-1,725.000,775.000,-1,-1,2,0,2,0,2,0,0,0,0,2,2,2,2,0,0,2,2
106,3761.470,3044.225,29.753,26.408,0.894828,-0.444582,-0.040372,0.445326,0.895297,0.011318,0.031113,-0.028106,0.999121,0,0.92809,-0.52000,55.685,-1.040,-1,375.000,-1,400.000,-1,300.000,325.000,300.000,325.000,-1,-1,-1,-1,725.000,775.000,-1,-1,2,0,2,0,2,0,0,0,0,2,2,2,2,0,0,2,2
107,3811.686,3068.292,31.531,25.608,0.900929,-0.432055,-0.040681,0.432761,0.901453,0.010056,0.032327,-0.026665,0.999122,0,0.92809,-0.40000,55.685,-0.800,-1,375.000,-1,400.000,-1,325.000,325.000,325.000,325.000,-1,-1,-1,-1,725.000,775.000,-1,-1,2,0,2,0,2,0,0,0,0,2,2,2,2,0,0,2,2
108,3862.134,3091.868,33.333,25.048,0.905086,-0.423240,-0.041080,0.423903,0.905666,0.008626,0.033554,-0.025221,0.999119,0,0.92809,-0.28000,55.685,-0.560,-1,375.000,-1,400.000,-1,325.000,325.000,325.000,325.000,-1,-1,-1,-1,725.000,775.000,-1,-1,2,0,2,0,2,0,0,0,0,2,2,2,2,0,0,2,2
109,3912.714,3115.161,35.140,24.728,0.907422,-0.418190,-0.041267,0.418803,0.908049,0.007118,0.034496,-0.023742,0.999123,0,0.92809,-0.16000,55.685,-0.320,-1,375.000,-1,400.000,-1,325.000,325.000,325.000,325.000,-1,-1,-1,-1,725.000,775.000,-1,-1,2,0,2,0,2,0,0,0,0,2,2,2,2,0,0,2,2
110,3963.326,3138.384,36.995,24.648,0.907991,-0.416935,-0.041444,0.417499,0.908660,0.005636,0.035309,-0.022420,0.999125,0,0.92809,-0.04000,55.685,-0.080,-1,375.000,-1,400.000,-1,325.000,325.000,325.000,325.000,-1,-1,775.000,-1,750.000,775.000,-1,-1,2,0,2,0,2,0,0,0,0,2,2,0,2,0,0,2,2
111,4013.873,3161.748,38.897,24.808,0.906809,-0.419481,-0.041622,0.420000,0.907514,0.004195,0.036013,-0.021286,0.999125,0,0.92809,0.08000,55.685,0.160,-1,375.000,-1,400.000,-1,325.000,325.000,325.000,325.000,-1,-1,775.000,-1,750.000,800.000,-1,-1,2,0,2,0,2,0,0,0,0,2,2,0,2,0,0,2,2
112,4064.255,3185.464,40.837,25.208,0.903843,-0.425815,-0.041820,0.426292,0.904581,0.002812,0.036632,-0.020369,0.999121,0,0.92809,0.20000,55.685,0.400,-1,400.000,-1,400.000,-1,325.000,325.000,325.000,325.000,-1,-1,775.000,-1,750.000,800.000,-1,-1,2,0,2,0,2,0,0,0,0,2,2,0,2,0,0,2,2
113,4114.370,3209.742,42.756,25.848,0.899021,-0.435896,-0.041893,0.436347,0.899777,0.001815,0.036903,-0.019911,0.999120,0,0.92809,0.32000,55.685,0.640,-1,400.000,-1,400.000,-1,325.000,325.000,325.000,325.000,-1,950.000,800.000,-1,750.000,800.000,-1,-1,2,0,2,0,2,0,0,0,0,2,0,0,2,0,0,2,2
114,4164.105,3234.787,44.645,26.728,0.892217,-0.449663,-0.041852,0.450104,0.892975,0.001243,0.036814,-0.019946,0.999123,0,0.92809,0.44000,55.685,0.880,-1,400.000,-1,400.000,-1,325.000,325.000,325.000,325.000,-1,950.000,800.000,-1,750.000,800.000,-1,-1,2,0,2,0,2,0,0,0,0,2,0,0,2,0,0,2,2
115,4213.350,3260.803,46.551,27.848,0.883255,-0.467029,-0.041772,0.467468,0.884009,0.000859,0.036525,-0.020286,0.999127,0,0.92824,0.56000,55.694,1.120,-1,400.000,-1,400.000,-1,325.000,325.000,300.000,325.000,-1,975.000,825.000,-1,750.000,800.000,-1,-1,2,0,2,0,2,0,0,0,0,2,0,0,2,0,0,2,2
116,4262.171,3288.030,48.495,29.147,0.872433,-0.486952,-0.041687,0.487398,0.873180,0.000602,0.036107,-0.020843,0.999131,0,0.93167,0.64979,55.900,1.300,-1,400.000,-1,400.000,-1,325.000,325.000,300.000,325.000,-1,975.000,850.000,-1,750.000,800.000,-1,-1,2,0,2,0,2,0,0,0,0,2,0,0,2,0,0,2,2
117,4310.542,3316.465,50.477,30.450,0.861138,-0.506666,-0.041607,0.507122,0.861874,0.000494,0.035610,-0.021525,0.999134,0,0.93516,0.65119,56.110,1.302,-1,400.000,-1,400.000,-1,325.000,325.000,300.000,325.000,-1,1000.000,900.000,-1,750.000,800.000,-1,-1,2,0,2,0,2,0,0,0,0,2,0,0,2,0,0,2,2
118,4358.434,3346.108,52.446,31.755,0.849371,-0.526156,-0.041570,0.526621,0.850100,0.000289,0.035187,-0.022137,0.999136,0,0.93873,0.65250,56.324,1.305,-1,400.000,-1,400.000,-1,325.000,325.000,300.000,325.000,-1,-1,925.000,-1,775.000,800.000,-1,-1,2,0,2,0,2,0,0,0,0,2,2,0,2,0,0,2,2
119,4405.820,3376.954,54.409,33.062,0.837139,-0.545409,-0.041562,0.545882,0.837862,0.000017,0.034814,-0.022702,0.999136,0,0.94235,0.65373,56.541,1.307,-1,400.000,-1,400.000,-1,325.000,325.000,300.000,325.000,-1,-1,950.000,-1,775.000,800.000,-1,-1,2,0,2,0,2,0,0,0,0,2,2,0,2,0,0,2,2
120,4452.671,3409.000,56.340,34.372,0.824445,-0.564412,-0.041587,0.564886,0.825169,-0.000450,0.034570,-0.023121,0.999135,0,0.94604,0.65487,56.763,1.310,-1,400.000,-1,400.000,-1,325.000,325.000,300.000,325.000,-1,-1,975.000,-1,-1,800.000,-1,-1,2,0,2,0,2,0,0,0,0,2,2,0,2,2,0,2,2
121,4498.959,3442.242,58.293,35.684,0.811299,-0.583149,-0.041615,0.583625,0.812023,-0.000863,0.034296,-0.023587,0.999133,0,0.94980,0.65591,56.988,1.312,-1,400.000,-1,400.000,-1,325.000,325.000,300.000,325.000,-1,-1,1000.000,-1,-1,800.000,-1,-1,2,0,2,0,2,0,0,0,0,2,2,0,2,2,0,2,2
122,4544.656,3476.674,60.144,36.997,0.797731,-0.601612,-0.041081,0.602075,0.798439,-0.001367,0.033623,-0.023643,0.999155,0,0.95362,0.65685,57.217,1.314,-1,400.000,-1,400.000,-1,325.000,325.000,300.000,325.000,-1,-1,-1,-1,-1,825.000,-1,-1,2,0,2,0,2,0,0,0,0,2,2,2,2,2,0,2,2
123,4585.921,3508.996,61.810,38.071,0.786343,-0.616470,-0.040364,0.616914,0.787028,-0.001809,0.032882,-0.023479,0.999183,0,0.87362,0.53685,52.417,1.074,-1,400.000,-1,400.000,-1,325.000,325.000,300.000,325.000,-1,-1,-1,-1,-1,825.000,-1,-1,2,0,2,0,2,0,0,0,0,2,2,2,2,2,0,2,2
124,4622.976,3538.901,63.338,38.905,0.777314,-0.627860,-0.039696,0.628287,0.777979,-0.002151,0.032233,-0.023269,0.999209,0,0.79362,0.41685,47.617,0.834,-1,400.000,-1,400.000,-1,325.000,325.000,300.000,325.000,-1,-1,-1,-1,-1,825.000,-1,-1,2,0,2,0,2,0,0,0,0,2,2,2,2,2,0,2,2
125,4656.015,3566.135,64.729,39.499,0.770789,-0.635891,-0.039075,0.636302,0.771436,-0.002419,0.031682,-0.022999,0.999233,0,0.71362,0.29685,42.817,0.594,-1,400.000,-1,400.000,-1,325.000,325.000,300.000,325.000,-1,-1,-1,-1,-1,825.000,-1,-1,2,0,2,0,2,0,0,0,0,2,2,2,2,2,0,2,2
126,4685.201,3590.497,65.960,39.852,0.766871,-0.640646,-0.038495,0.641041,0.767502,-0.002637,0.031234,-0.022655,0.999255,0,0.63362,0.17685,38.017,0.354,-1,400.000,-1,400.000,-1,325.000,325.000,300.000,325.000,-1,-1,-1,-1,-1,825.000,-1,-1,2,0,2,0,2,0,0,0,0,2,2,2,2,2,0,2,2
127,4710.659,3611.833,66.916,39.966,0.765616,-0.642174,-0.038023,0.642554,0.766235,-0.002809,0.030938,-0.022281,0.999273,0,0.55362,0.05685,33.217,0.114,-1,400.000,-1,400.000,-1,325.000,325.000,325.000,325.000,-1,-1,-1,-1,-1,825.000,-1,-1,2,0,2,0,2,0,0,0,0,2,2,2,2,2,0,2,2
128,4732.479,3630.038,67.727,39.840,0.767042,-0.640488,-0.037708,0.640856,0.767655,-0.002941,0.030830,-0.021909,0.999284,0,0.47362,-0.06315,28.417,-0.126,-1,400.000,-1,400.000,-1,325.000,325.000,325.000,325.000,-1,-1,-1,-1,-1,850.000,-1,-1,2,0,2,0,2,0,0,0,0,2,2,2,2,2,0,2,2
129,4750.709,3645.052,68.411,39.473,0.771131,-0.635574,-0.037461,0.635929,0.771742,-0.003060,0.030855,-0.021463,0.999293,0,0.39362,-0.18315,23.617,-0.366,-1,400.000,-1,400.000,-1,325.000,325.000,325.000,325.000,-1,-1,-1,-1,-1,850.000,-1,-1,2,0,2,0,2,0,0,0,0,2,2,2,2,2,0,2,2
130,4765.361,3656.860,68.966,38.867,0.777821,-0.627379,-0.037288,0.627720,0.778433,-0.003173,0.031017,-0.020938,0.999300,0,0.31362,-0.30315,18.817,-0.606,-1,400.000,-1,400.000,-1,325.000,325.000,325.000,300.000,-1,-1,-1,-1,-1,850.000,-1,-1,2,0,2,0,2,0,0,0,0,2,2,2,2,2,0,2,2
131,4776.403,3665.494,69.391,38.021,0.787008,-0.615820,-0.037192,0.616147,0.787624,-0.003281,0.031314,-0.020334,0.999303,0,0.23362,-0.42315,14.017,-0.846,-1,400.000,-1,400.000,-1,325.000,325.000,325.000,300.000,-1,-1,-1,-1,-1,850.000,-1,-1,2,0,2,0,2,0,0,0,0,2,2,2,2,2,0,2,2
132,4783.771,3671.032,69.680,36.935,0.798545,-0.600786,-0.037179,0.601098,0.799168,-0.003380,0.031743,-0.019649,0.999303,0,0.15362,-0.54315,9.217,-1.086,-1,400.000,-1,400.000,-1,325.000,325.000,325.000,300.000,-1,-1,-1,-1,-1,850.000,-1,-1,2,0,2,0,2,0,0,0,0,2,2,2,2,2,0,2,2
133,4787.362,3673.604,69.831,35.608,0.812238,-0.582136,-0.037253,0.582432,0.812872,-0.003463,0.032298,-0.018884,0.999300,0,0.07362,-0.66315,4.417,-1.326,-1,400.000,-1,400.000,-1,325.000,325.000,325.000,300.000,-1,-1,-1,-1,-1,850.000,-1,-1,2,0,2,0,2,0,0,0,0,2,2,2,2,2,0,2,2
134,4787.045,3673.389,69.839,34.042,0.827844,-0.559708,-0.037419,0.559988,0.828493,-0.003519,0.032971,-0.018041,0.999293,0,-0.00638,-0.78315,-0.383,-1.566,-1,400.000,-1,400.000,-1,325.000,325.000,325.000,300.000,-1,-1,-1,-1,-1,850.000,-1,-1,2,0,2,0,2,0,0,0,0,2,2,2,2,2,0,2,2
135,4782.661,3670.624,69.697,32.236,0.845071,-0.533324,-0.037680,0.533587,0.845738,-0.003533,0.033752,-0.017120,0.999284,0,-0.08638,-0.90315,-5.183,-1.806,-1,400.000,-1,400.000,-1,325.000,325.000,325.000,300.000,-1,-1,-1,-1,-1,850.000,-1,-1,2,0,2,0,2,0,0,0,0,2,2,2,2,2,0,2,2
136,4775.229,3666.284,69.444,30.287,0.862712,-0.504265,-0.038006,0.504511,0.863398,-0.003492,0.034576,-0.016162,0.999271,0,-0.14345,-0.97436,-8.607,-1.949,-1,400.000,-1,400.000,-1,325.000,325.000,300.000,300.000,-1,-1,-1,-1,-1,850.000,-1,-1,2,0,2,0,2,0,0,0,0,2,2,2,2,2,0,2,2
137,4767.589,3662.163,69.136,28.341,0.879338,-0.474662,-0.038211,0.474894,0.880036,-0.003339,0.035212,-0.015210,0.999264,0,-0.14466,-0.97298,-8.680,-1.946,-1,400.000,-1,400.000,-1,325.000,325.000,300.000,300.000,-1,-1,-1,-1,-1,875.000,-1,-1,2,0,2,0,2,0,0,0,0,2,2,2,2,2,0,2,2
138,4759.748,3658.271,68.790,26.398,0.894934,-0.444554,-0.038261,0.444766,0.895641,-0.003248,0.035712,-0.014111,0.999263,0,-0.14590,-0.97164,-8.754,-1.943,-1,400.000,-1,400.000,-1,325.000,325.000,300.000,300.000,-1,-1,-1,-1,-1,850.000,-1,-1,2,0,2,0,2,0,0,0,0,2,2,2,2,2,0,2,2
139,4751.712,3654.615,68.441,24.457,0.909481,-0.413975,-0.038322,0.414167,0.910195,-0.003152,0.036185,-0.013005,0.999260,0,-0.14715,-0.97035,-8.829,-1.941,-1,400.000,-1,400.000,-1,325.000,325.000,300.000,300.000,-1,-1,-1,-1,-1,850.000,-1,-1,2,0,2,0,2,0,0,0,0,2,2,2,2,2,0,2,2
140,4743.486,3651.205,68.092,22.519,0.922967,-0.382959,-0.038395,0.383132,0.923689,-0.003051,0.036634,-0.011894,0.999258,0,-0.14841,-0.96910,-8.905,-1.938,-1,400.000,-1,400.000,-1,325.000,325.000,300.000,300.000,-1,-1,-1,-1,-1,850.000,-1,-1,2,0,2,0,2,0,0,0,0,2,2,2,2,2,0,2,2
141,4739.649,3649.746,67.905,20.821,0.933917,-0.355422,-0.038410,0.355577,0.934642,-0.002927,0.036940,-0.010925,0.999258,0,-0.06841,-0.84910,-4.105,-1.698,-1,400.000,-1,400.000,-1,325.000,325.000,300.000,300.000,-1,-1,-1,-1,-1,850.000,-1,-1,2,0,2,0,2,0,0,0,0,2,2,2,2,2,0,2,2
142,4740.305,3649.976,67.882,19.362,0.942666,-0.331525,-0.038355,0.331667,0.943392,-0.002789,0.037108,-0.010092,0.999260,0,0.01159,-0.72910,0.695,-1.458,-1,400.000,-1,400.000,-1,325.000,325.000,300.000,300.000,-1,-1,-1,-1,-1,850.000,-1,-1,2,0,2,0,2,0,0,0,0,2,2,2,2,2,0,2,2
