timestep,x_cm,y_cm,z_cm,yaw_deg,basis_xx,basis_xy,basis_xz,basis_yx,basis_yy,basis_yz,basis_zx,basis_zy,basis_zz,teleport_flag,throttle_cmd,steering_cmd,cmd_move_cm,cmd_turn_deg,lidar_cm_0,lidar_cm_1,lidar_cm_2,lidar_cm_3,lidar_cm_4,lidar_cm_5,lidar_cm_6,lidar_cm_7,lidar_cm_8,lidar_cm_9,lidar_cm_10,lidar_cm_11,lidar_cm_12,lidar_cm_13,lidar_cm_14,lidar_cm_15,lidar_cm_16,lidar_class_0,lidar_class_1,lidar_class_2,lidar_class_3,lidar_class_4,lidar_class_5,lidar_class_6,lidar_class_7,lidar_class_8,lidar_class_9,lidar_class_10,lidar_class_11,lidar_class_12,lidar_class_13,lidar_class_14,lidar_class_15,lidar_class_16
0,-4263.120,-323.186,98.610,84.257,0.101655,-0.992004,-0.074794,0.994601,0.099770,0.028537,-0.020847,-0.077291,0.996791,1,0.08000,0.12000,4.800,0.240,875.000,375.000,-1,375.000,-1,300.000,300.000,300.000,325.000,725.000,375.000,375.000,-1,600.000,625.000,875.000,-1,0,0,2,0,2,0,0,0,0,1,1,1,2,0,0,0,2
1,-4262.239,-313.626,98.404,84.737,0.093310,-0.992821,-0.074837,0.995420,0.091457,0.027822,-0.020778,-0.077090,0.996808,0,0.16000,0.24000,9.600,0.480,875.000,375.000,-1,375.000,-1,300.000,300.000,300.000,325.000,725.000,375.000,375.000,-1,600.000,625.000,875.000,-1,0,0,2,0,2,0,0,0,0,1,1,1,2,0,0,0,2
2,-4261.098,-299.272,98.080,85.457,0.080779,-0.993916,-0.074869,0.996518,0.078976,0.026742,-0.020666,-0.076768,0.996835,0,0.24000,0.36000,14.400,0.720,900.000,375.000,-1,375.000,-1,300.000,300.000,300.000,325.000,750.000,400.000,375.000,-1,600.000,625.000,875.000,-1,0,0,2,0,2,0,0,0,0,1,1,1,2,0,0,0,2
3,-4259.898,-280.110,97.619,86.417,0.064050,-0.995135,-0.074853,0.997736,0.062315,0.025291,-0.020503,-0.076304,0.996874,0,0.32000,0.48000,19.200,0.960,900.000,375.000,-1,375.000,-1,300.000,300.000,300.000,300.000,750.000,400.000,400.000,-1,600.000,625.000,875.000,-1,0,0,2,0,2,0,0,0,0,1,1,1,2,0,0,0,2
4,-4258.899,-256.132,97.000,87.617,0.043112,-0.996271,-0.074742,0.998864,0.041464,0.023462,-0.020276,-0.075668,0.996927,0,0.40000,0.59996,24.000,1.200,900.000,375.000,-1,375.000,-1,300.000,300.000,300.000,300.000,775.000,425.000,425.000,-1,600.000,625.000,875.000,-1,0,0,2,0,2,0,0,0,0,1,1,1,2,0,0,0,2
5,-4258.308,-227.339,96.203,88.824,0.021989,-0.996978,-0.074505,0.999565,0.020458,0.021247,-0.019658,-0.074939,0.996994,0,0.48000,0.60384,28.800,1.208,900.000,375.000,-1,375.000,-1,300.000,300.000,300.000,300.000,775.000,400.000,400.000,-1,600.000,625.000,900.000,-1,0,0,2,0,2,0,0,0,0,1,0,0,2,0,0,0,2
6,-4258.331,-193.740,95.212,90.041,0.000662,-0.997250,-0.074108,0.999826,-0.000722,0.018646,-0.018648,-0.074107,0.997076,0,0.56000,0.60849,33.600,1.217,900.000,350.000,-1,375.000,-1,300.000,300.000,300.000,300.000,800.000,375.000,375.000,-1,600.000,625.000,900.000,-1,0,0,2,0,2,0,0,0,0,1,0,0,2,0,0,0,2
7,-4259.333,-155.412,94.005,91.498,-0.024861,-0.996988,-0.073462,0.999537,-0.026080,0.015675,-0.017543,-0.073038,0.997175,0,0.63904,0.72849,38.342,1.457,900.000,350.000,-1,375.000,-1,300.000,300.000,300.000,300.000,825.000,350.000,325.000,-1,600.000,625.000,900.000,-1,0,0,2,0,2,0,0,0,0,1,0,0,2,0,0,0,2
8,-4261.485,-116.827,92.699,93.195,-0.054536,-0.995873,-0.072551,0.998373,-0.055598,0.012695,-0.016677,-0.071741,0.997284,0,0.64411,0.84849,38.646,1.697,925.000,350.000,-1,350.000,-1,300.000,300.000,300.000,300.000,850.000,325.000,300.000,-1,600.000,625.000,925.000,-1,0,0,2,0,2,0,0,0,0,1,0,0,2,0,0,0,2
9,-4264.802,-78.012,91.295,94.886,-0.084055,-0.993899,-0.071415,0.996337,-0.084959,0.009711,-0.015719,-0.070337,0.997399,0,0.64928,0.84518,38.957,1.690,925.000,350.000,-1,350.000,-1,300.000,300.000,300.000,300.000,875.000,300.000,275.000,-1,600.000,625.000,925.000,-1,0,0,2,0,2,0,0,0,0,1,0,0,2,0,0,0,2
10,-4268.856,-41.492,89.902,96.336,-0.109347,-0.991522,-0.070197,0.993897,-0.110098,0.006914,-0.014584,-0.069012,0.997509,0,0.61243,0.72518,36.746,1.450,950.000,350.000,-1,350.000,-1,300.000,300.000,300.000,300.000,900.000,300.000,250.000,-1,600.000,600.000,925.000,-1,0,0,2,0,2,0,0,0,0,1,0,0,2,0,0,0,2
11,-4273.722,-4.771,89.215,97.547,-0.130358,-0.988865,-0.071784,0.991372,-0.131003,0.004334,-0.013690,-0.070599,0.997411,0,0.61738,0.60518,37.043,1.210,925.000,350.000,-1,350.000,-1,300.000,300.000,300.000,300.000,900.000,300.000,275.000,-1,600.000,600.000,925.000,-1,0,0,2,0,2,0,0,0,0,1,0,0,2,0,0,0,2
12,-4279.581,34.339,88.811,98.517,-0.147224,-0.986316,-0.074200,0.989031,-0.147703,0.000975,-0.011921,-0.073242,0.997243,0,0.65911,0.48518,39.547,0.970,900.000,350.000,-1,350.000,-1,300.000,300.000,300.000,300.000,925.000,300.000,275.000,-1,600.000,625.000,925.000,-1,0,0,2,0,2,0,0,0,0,1,0,0,2,0,0,0,2
13,-4285.944,73.429,89.024,99.247,-0.159952,-0.984356,-0.073887,0.987073,-0.160263,-0.001738,-0.010130,-0.073210,0.997265,0,0.66009,0.36518,39.605,0.730,925.000,350.000,-1,350.000,-1,300.000,300.000,300.000,300.000,950.000,325.000,300.000,-1,600.000,625.000,925.000,-1,0,0,2,0,2,0,0,0,0,1,0,0,2,0,0,0,2
14,-4292.650,112.509,89.379,99.738,-0.168593,-0.982999,-0.072723,0.985657,-0.168691,-0.004844,-0.007506,-0.072497,0.997340,0,0.66087,0.24518,39.652,0.490,950.000,350.000,-1,350.000,-1,300.000,300.000,300.000,300.000,975.000,350.000,325.000,-1,600.000,625.000,950.000,-1,0,0,2,0,2,0,0,0,0,1,0,0,2,0,0,0,2
15,-4299.532,151.597,89.737,99.988,-0.173117,-0.982307,-0.071442,0.984891,-0.172994,-0.007948,-0.004551,-0.071738,0.997413,0,0.66149,0.12518,39.689,0.250,1000.000,350.000,-1,350.000,-1,300.000,300.000,300.000,325.000,975.000,350.000,325.000,-1,600.000,625.000,975.000,-1,0,0,2,0,2,0,0,0,0,1,0,0,2,0,0,0,2
16,-4306.549,190.693,90.096,100.177,-0.176579,-0.981785,-0.070126,0.984285,-0.176239,-0.011056,-0.001504,-0.070977,0.997477,0,0.66200,0.09437,39.720,0.189,-1,350.000,-1,375.000,-1,300.000,300.000,300.000,325.000,975.000,375.000,350.000,-1,625.000,625.000,-1,-1,2,0,2,0,2,0,0,0,0,1,0,0,2,0,0,2,2
17,-4313.696,229.801,90.454,100.359,-0.179917,-0.981273,-0.068798,0.983681,-0.179365,-0.014171,0.001566,-0.070225,0.997530,0,0.66260,0.09097,39.756,0.182,-1,350.000,-1,375.000,-1,300.000,300.000,300.000,325.000,975.000,375.000,375.000,-1,625.000,650.000,-1,-1,2,0,2,0,2,0,0,0,0,1,0,0,2,0,0,2,2
18,-4320.971,268.931,90.814,100.534,-0.183128,-0.980772,-0.067457,0.983078,-0.182370,-0.017293,0.004659,-0.069483,0.997572,0,0.66335,0.08747,39.801,0.175,-1,350.000,-1,375.000,-1,300.000,300.000,325.000,325.000,975.000,400.000,375.000,-1,625.000,650.000,-1,-1,2,0,2,0,2,0,0,0,0,1,0,0,2,0,0,2,2
19,-4328.370,308.092,91.175,100.701,-0.186210,-0.980284,-0.066106,0.982479,-0.185250,-0.020424,0.007775,-0.068751,0.997604,0,0.66423,0.08388,39.854,0.168,-1,350.000,-1,375.000,-1,300.000,300.000,325.000,325.000,1000.000,400.000,375.000,-1,625.000,650.000,-1,-1,2,0,2,0,2,0,0,0,0,1,0,0,2,0,0,2,2
20,-4335.891,347.292,91.538,100.862,-0.189160,-0.979810,-0.064745,0.981886,-0.188003,-0.023564,0.010916,-0.068030,0.997624,0,0.66524,0.08021,39.915,0.160,-1,375.000,-1,375.000,-1,300.000,300.000,325.000,300.000,1000.000,400.000,400.000,-1,625.000,650.000,-1,-1,2,0,2,0,2,0,0,0,0,1,0,0,2,0,0,2,2
21,-4343.529,386.539,91.904,101.015,-0.191973,-0.979352,-0.063376,0.981299,-0.190626,-0.026715,0.014082,-0.067320,0.997632,0,0.66639,0.07645,39.984,0.153,-1,375.000,-1,375.000,-1,300.000,300.000,325.000,300.000,1000.000,425.000,375.000,-1,650.000,650.000,-1,-1,2,0,2,0,2,0,0,0,0,1,0,0,2,0,0,2,2
22,-4351.282,425.842,92.273,101.160,-0.194649,-0.978911,-0.062001,0.980721,-0.193117,-0.029878,0.017275,-0.066621,0.997629,0,0.66768,0.07260,40.061,0.145,-1,375.000,-1,375.000,-1,300.000,300.000,325.000,300.000,1000.000,400.000,350.000,-1,650.000,675.000,-1,-1,2,0,2,0,2,0,0,0,0,1,0,0,2,0,0,2,2
23,-4359.145,465.210,92.647,101.297,-0.197185,-0.978490,-0.060620,0.980152,-0.195472,-0.033054,0.020493,-0.065935,0.997613,0,0.66909,0.06867,40.146,0.137,-1,375.000,-1,375.000,-1,300.000,300.000,325.000,300.000,1000.000,350.000,325.000,-1,650.000,675.000,-1,-1,2,0,2,0,2,0,0,0,0,1,0,0,2,0,0,2,2
24,-4367.116,504.652,93.025,101.426,-0.199576,-0.978090,-0.059236,0.979595,-0.197688,-0.036243,0.023739,-0.065261,0.997586,0,0.67064,0.06466,40.238,0.129,-1,375.000,-1,375.000,-1,300.000,300.000,325.000,300.000,-1,325.000,300.000,-1,650.000,675.000,-1,-1,2,0,2,0,2,0,0,0,0,2,0,0,2,0,0,2,2
25,-4375.952,548.815,93.471,101.316,-0.197895,-0.978521,-0.057747,0.979832,-0.195808,-0.039851,0.027688,-0.064468,0.997536,0,0.75064,-0.05534,45.038,-0.111,-1,375.000,-1,375.000,-1,300.000,300.000,325.000,300.000,-1,300.000,275.000,-1,675.000,675.000,-1,-1,2,0,2,0,2,0,0,0,0,2,0,0,2,0,0,2,2
26,-4385.430,597.744,94.031,100.965,-0.192132,-0.979751,-0.056331,0.980839,-0.189825,-0.043827,0.032247,-0.063672,0.997450,0,0.83064,-0.17534,49.838,-0.351,-1,375.000,-1,375.000,-1,300.000,300.000,300.000,300.000,-1,275.000,250.000,-1,675.000,700.000,-1,-1,2,0,2,0,2,0,0,0,0,2,0,0,2,0,0,2,2
27,-4394.926,649.610,95.402,100.374,-0.182278,-0.981542,-0.057882,0.982593,-0.179694,-0.047131,0.035860,-0.065465,0.997210,0,0.87880,-0.29534,52.728,-0.591,-1,375.000,-1,375.000,-1,300.000,300.000,300.000,300.000,-1,275.000,275.000,-1,675.000,700.000,-1,-1,2,0,2,0,2,0,0,0,0,2,0,0,2,0,0,2,2
28,-4403.695,701.766,97.079,99.544,-0.168275,-0.983958,-0.059247,0.984950,-0.165430,-0.050057,0.039453,-0.066779,0.996987,0,0.88145,-0.41534,52.887,-0.831,-1,375.000,-1,375.000,-1,300.000,300.000,300.000,300.000,-1,275.000,300.000,-1,675.000,725.000,-1,-1,2,0,2,0,2,0,0,0,0,2,0,0,2,0,0,2,2
29,-4411.864,756.613,99.675,98.473,-0.149934,-0.986995,-0.057974,0.987792,-0.147033,-0.051453,0.042259,-0.064980,0.996991,0,0.92420,-0.53534,55.452,-1.071,1000.000,375.000,-1,375.000,-1,300.000,300.000,300.000,300.000,-1,325.000,350.000,-1,675.000,750.000,1000.000,-1,1,0,2,0,2,0,0,0,0,2,0,0,2,0,0,1,2
30,-4418.815,811.943,102.407,97.162,-0.127388,-0.990233,-0.056660,0.990815,-0.124435,-0.052925,0.045358,-0.062882,0.996990,0,0.92940,-0.65534,55.764,-1.311,950.000,375.000,-1,375.000,-1,300.000,325.000,300.000,300.000,-1,375.000,375.000,-1,700.000,750.000,1000.000,-1,1,0,2,0,2,0,0,0,0,2,0,0,2,0,0,1,2
31,-4424.294,867.725,105.260,95.612,-0.100606,-0.993381,-0.055430,0.993737,-0.097606,-0.054408,0.048637,-0.060556,0.996979,0,0.93416,-0.77534,56.050,-1.551,900.000,375.000,-1,375.000,-1,300.000,325.000,300.000,300.000,-1,400.000,425.000,-1,725.000,775.000,1000.000,-1,1,0,2,0,2,0,0,0,0,2,0,0,2,0,0,1,2
32,-4428.044,923.904,108.238,93.821,-0.069566,-0.996099,-0.054299,0.996218,-0.066527,-0.055891,0.052061,-0.057982,0.996959,0,0.93838,-0.89534,56.303,-1.791,850.000,375.000,-1,400.000,-1,300.000,325.000,300.000,300.000,-1,450.000,450.000,-1,725.000,775.000,-1,-1,1,0,2,0,2,0,0,0,0,2,0,0,2,0,0,2,2
33,-4429.905,980.387,111.341,91.890,-0.035990,-0.997930,-0.053287,0.997811,-0.032923,-0.057358,0.055485,-0.055235,0.996931,0,0.94189,-0.96571,56.513,-1.931,825.000,375.000,-1,400.000,-1,325.000,325.000,300.000,300.000,-1,500.000,475.000,-1,750.000,800.000,-1,-1,1,0,2,0,2,0,0,0,0,2,0,0,2,0,0,2,2
34,-4429.875,1037.065,114.559,89.972,-0.002598,-0.998623,-0.052404,0.998270,0.000488,-0.058787,0.058732,-0.052466,0.996894,0,0.94461,-0.95879,56.677,-1.918,800.000,375.000,-1,400.000,-1,325.000,325.000,300.000,300.000,-1,525.000,525.000,-1,750.000,825.000,-1,-1,1,0,2,0,2,0,0,0,0,2,0,0,2,0,0,2,2
35,-4427.960,1093.827,117.881,88.069,0.030553,-0.998198,-0.051638,0.997621,0.033648,-0.060168,0.061797,-0.049677,0.996852,0,0.94656,-0.95132,56.794,-1.903,825.000,400.000,-1,400.000,-1,325.000,325.000,300.000,300.000,-1,575.000,550.000,-1,775.000,850.000,-1,-1,1,0,2,0,2,0,0,0,0,2,0,0,2,0,0,2,2
36,-4424.173,1150.562,121.294,86.183,0.063408,-0.996685,-0.050978,0.995890,0.066502,-0.061491,0.064678,-0.046869,0.996805,0,0.94766,-0.94333,56.860,-1.887,850.000,400.000,-1,400.000,-1,325.000,325.000,300.000,300.000,-1,625.000,600.000,-1,800.000,850.000,-1,-1,1,0,2,0,2,0,0,0,0,2,0,0,2,0,0,2,2
37,-4418.535,1207.155,124.785,84.313,0.095913,-0.994112,-0.050411,0.993107,0.098998,-0.062749,0.067370,-0.044045,0.996755,0,0.94788,-0.93486,56.873,-1.870,900.000,400.000,-1,400.000,-1,325.000,325.000,300.000,300.000,-1,650.000,625.000,-1,800.000,875.000,-1,-1,1,0,2,0,2,0,0,0,0,2,0,0,2,0,0,2,2
38,-4411.078,1263.494,128.340,82.461,0.128023,-0.990514,-0.049924,0.989307,0.131090,-0.063936,0.069874,-0.041205,0.996704,0,0.94717,-0.92599,56.830,-1.852,-1,400.000,-1,425.000,-1,325.000,325.000,300.000,300.000,-1,700.000,675.000,-1,850.000,925.000,-1,-1,2,0,2,0,2,0,0,0,0,2,0,0,2,0,0,2,2
39,-4401.838,1319.468,131.975,80.627,0.159772,-0.985928,-0.049180,0.984614,0.162734,-0.063655,0.070762,-0.038253,0.996759,0,0.94552,-0.91677,56.731,-1.834,-1,400.000,-1,425.000,-1,325.000,325.000,300.000,300.000,-1,775.000,725.000,-1,900.000,950.000,-1,-1,2,0,2,0,2,0,0,0,0,2,0,0,2,0,0,2,2
40,-4390.860,1374.970,135.655,78.813,0.191034,-0.980366,-0.048872,0.979031,0.193890,-0.062490,0.070739,-0.035910,0.996848,0,0.94294,-0.90731,56.576,-1.815,-1,400.000,-1,425.000,-1,325.000,325.000,300.000,300.000,-1,850.000,825.000,-1,925.000,975.000,-1,-1,2,0,2,0,2,0,0,0,0,2,0,0,2,0,0,2,2
41,-4378.196,1429.896,139.255,77.017,0.221853,-0.973904,-0.047887,0.972580,0.224531,-0.060606,0.069776,-0.033129,0.997012,0,0.93945,-0.89770,56.367,-1.795,-1,400.000,-1,425.000,-1,325.000,325.000,300.000,300.000,-1,975.000,925.000,-1,950.000,975.000,-1,-1,2,0,2,0,2,0,0,0,0,2,0,0,2,0,0,2,2
42,-4363.902,1484.152,142.878,75.241,0.252130,-0.966562,-0.046779,0.965253,0.254631,-0.058733,0.068681,-0.030345,0.997177,0,0.93512,-0.88806,56.107,-1.776,-1,400.000,-1,425.000,-1,325.000,325.000,300.000,300.000,-1,-1,-1,-1,975.000,1000.000,-1,-1,2,0,2,0,2,0,0,0,0,2,2,2,2,0,0,2,2
43,-4348.036,1537.649,146.511,73.481,0.281901,-0.958362,-0.045547,0.957069,0.284224,-0.056887,0.067464,-0.027555,0.997341,0,0.93002,-0.88012,55.801,-1.760,-1,400.000,-1,425.000,-1,325.000,325.000,300.000,300.000,-1,-1,-1,-1,1000.000,1000.000,-1,-1,2,0,2,0,2,0,0,0,0,2,2,2,2,0,0,2,2
44,-4330.646,1590.308,150.144,71.726,0.311322,-0.949276,-0.044193,0.948000,0.313468,-0.055082,0.066141,-0.024747,0.997503,0,0.92426,-0.87760,55.456,-1.755,-1,400.000,-1,425.000,-1,325.000,325.000,300.000,300.000,-1,-1,-1,-1,1000.000,1000.000,-1,-1,2,0,2,0,2,0,0,0,0,2,2,2,2,0,0,2,2
45,-4311.785,1642.054,153.767,69.974,0.340387,-0.939315,-0.042719,0.938056,0.342356,-0.053330,0.064719,-0.021920,0.997663,0,0.91795,-0.87568,55.077,-1.751,-1,400.000,-1,425.000,-1,325.000,325.000,300.000,300.000,-1,-1,-1,-1,-1,1000.000,-1,-1,2,0,2,0,2,0,0,0,0,2,2,2,2,2,0,2,2
46,-4291.504,1692.827,157.373,68.226,0.369089,-0.928484,-0.041128,0.927242,0.370883,-0.051647,0.063207,-0.019074,0.997818,0,0.91123,-0.87438,54.674,-1.749,-1,425.000,-1,425.000,-1,325.000,325.000,300.000,300.000,-1,-1,-1,-1,-1,1000.000,-1,-1,2,0,2,0,2,0,0,0,0,2,2,2,2,2,0,2,2
47,-4269.850,1742.575,160.953,66.478,0.397421,-0.916789,-0.039425,0.915566,0.399043,-0.050044,0.061612,-0.016208,0.997969,0,0.90427,-0.87369,54.256,-1.747,-1,425.000,-1,400.000,-1,325.000,325.000,300.000,300.000,-1,-1,-1,-1,975.000,1000.000,-1,-1,2,0,2,0,2,0,0,0,0,2,2,2,2,1,0,2,2
48,-4246.871,1791.256,164.502,64.731,0.425376,-0.904235,-0.037615,0.903029,0.426828,-0.048534,0.059941,-0.013322,0.998113,0,0.89721,-0.87361,53.833,-1.747,-1,425.000,-1,425.000,-1,350.000,325.000,300.000,300.000,-1,-1,-1,-1,950.000,1000.000,-1,-1,2,0,2,0,2,0,0,0,0,2,2,2,2,1,0,2,2
49,-4222.607,1838.841,167.838,62.983,0.452889,-0.890816,-0.036584,0.889628,0.454228,-0.047308,0.058761,-0.011121,0.998210,0,0.89023,-0.87412,53.414,-1.748,-1,450.000,-1,425.000,-1,350.000,350.000,300.000,300.000,-1,-1,-1,-1,900.000,1000.000,-1,-1,2,0,2,0,2,0,0,0,0,2,2,2,2,1,0,2,2
50,-4198.797,1882.647,170.822,61.475,0.476259,-0.878565,-0.036064,0.877403,0.477525,-0.046195,0.057807,-0.009642,0.998281,0,0.83098,-0.75412,49.859,-1.508,-1,450.000,-1,425.000,-1,350.000,350.000,300.000,300.000,-1,-1,-1,-1,875.000,1000.000,-1,-1,2,0,2,0,2,0,0,0,0,2,2,2,2,1,0,2,2
51,-4174.196,1925.614,173.164,60.206,0.495615,-0.867770,-0.036614,0.866814,0.496847,-0.042146,0.054765,-0.010850,0.998440,0,0.82519,-0.63412,49.512,-1.268,-1,450.000,-1,425.000,-1,350.000,350.000,300.000,300.000,-1,-1,-1,-1,825.000,975.000,-1,-1,2,0,2,0,2,0,0,0,0,2,2,2,2,1,0,2,2
52,-4148.982,1967.875,175.434,59.178,0.511141,-0.858699,-0.037023,0.857951,0.512331,-0.037923,0.051532,-0.012380,0.998595,0,0.82020,-0.51412,49.212,-1.028,-1,450.000,-1,425.000,-1,350.000,350.000,300.000,300.000,-1,-1,-1,-1,775.000,975.000,975.000,-1,2,0,2,0,2,0,0,0,0,2,2,2,2,1,0,1,2
53,-4123.320,2009.572,177.676,58.390,0.522947,-0.851551,-0.037244,0.850997,0.524084,-0.033779,0.048283,-0.014030,0.998735,0,0.81603,-0.39412,48.962,-0.788,-1,450.000,-1,425.000,-1,350.000,350.000,300.000,300.000,-1,-1,-1,-1,750.000,975.000,900.000,-1,2,0,2,0,2,0,0,0,0,2,2,2,2,1,0,1,2
54,-4097.367,2050.851,179.837,57.842,0.531119,-0.846477,-0.037257,0.846092,0.532195,-0.029932,0.045165,-0.015626,0.998857,0,0.81266,-0.27412,48.760,-0.548,-1,450.000,-1,425.000,-1,350.000,350.000,300.000,300.000,-1,-1,-1,-1,700.000,950.000,825.000,-1,2,0,2,0,2,0,0,0,0,2,2,2,2,1,0,1,2
55,-4071.276,2091.858,181.814,57.533,0.535720,-0.843586,-0.036962,0.843326,0.536731,-0.026842,0.042482,-0.016792,0.998956,0,0.81007,-0.15412,48.604,-0.308,-1,450.000,-1,425.000,-1,350.000,350.000,300.000,300.000,-1,-1,-1,-1,675.000,950.000,750.000,-1,2,0,2,0,2,0,0,0,0,2,2,2,2,1,0,1,2
56,-4045.197,2132.741,183.755,57.465,0.536778,-0.842927,-0.036640,0.842785,0.537723,-0.023829,0.039788,-0.018089,0.999044,0,0.80822,-0.03412,48.493,-0.068,925.000,450.000,-1,425.000,-1,350.000,350.000,300.000,300.000,-1,-1,-1,-1,625.000,950.000,700.000,-1,1,0,2,0,2,0,0,0,0,2,2,2,2,1,0,1,2
57,-4016.670,2177.756,185.563,57.637,0.534371,-0.844528,-0.034929,0.844485,0.535189,-0.020447,0.035962,-0.018571,0.999181,0,0.88822,0.08588,53.293,0.172,800.000,425.000,-1,425.000,-1,350.000,350.000,300.000,300.000,-1,-1,-1,-1,575.000,925.000,650.000,-1,1,0,2,0,2,0,0,0,0,2,2,2,2,1,1,1,2
58,-3986.791,2225.271,187.176,57.836,0.531601,-0.846392,-0.031946,0.846419,0.532252,-0.016800,0.031223,-0.018109,0.999348,0,0.93550,0.09967,56.130,0.199,675.000,425.000,-1,425.000,-1,350.000,350.000,300.000,300.000,-1,-1,-1,-1,525.000,875.000,575.000,-1,1,0,2,0,2,0,0,0,0,2,2,2,2,1,1,1,2
59,-3956.872,2273.228,188.747,58.041,0.528729,-0.848299,-0.028888,0.848378,0.529227,-0.013158,0.026450,-0.017551,0.999496,0,0.94206,0.10246,56.524,0.205,575.000,425.000,900.000,425.000,-1,350.000,325.000,300.000,300.000,-1,-1,-1,-1,500.000,825.000,500.000,-1,1,1,1,0,2,0,0,0,0,2,2,2,2,1,1,1,2
60,-3926.924,2321.627,190.286,58.252,0.525746,-0.850250,-0.025812,0.850365,0.526107,-0.009528,0.021682,-0.016940,0.999621,0,0.94860,0.10545,56.916,0.211,500.000,375.000,775.000,400.000,-1,325.000,325.000,300.000,300.000,-1,-1,-1,-1,450.000,775.000,450.000,-1,1,1,1,0,2,0,0,0,0,2,2,2,2,1,1,1,2
61,-3895.552,2372.272,191.871,58.223,0.526309,-0.849994,-0.022564,0.850127,0.526545,-0.005793,0.016804,-0.016133,0.999729,0,0.99291,-0.01455,59.575,-0.029,425.000,350.000,700.000,400.000,-1,325.000,325.000,300.000,300.000,-1,-1,-1,-1,400.000,725.000,375.000,-1,1,1,1,0,2,0,0,0,0,2,2,2,2,1,1,1,2
62,-3863.734,2423.099,193.442,57.954,0.530408,-0.847524,-0.019244,0.847657,0.530540,-0.002136,0.012020,-0.015180,0.999813,0,0.99942,-0.13455,59.965,-0.269,350.000,300.000,650.000,400.000,-1,300.000,325.000,325.000,300.000,-1,-1,-1,-1,350.000,675.000,325.000,-1,1,1,1,0,2,1,0,0,0,2,2,2,2,1,1,1,2
63,-3831.544,2473.733,194.214,57.554,0.536342,-0.843768,-0.019831,0.843944,0.536431,0.000972,0.009818,-0.017257,0.999803,0,1.00000,-0.20019,60.000,-0.400,275.000,250.000,575.000,400.000,-1,275.000,325.000,300.000,275.000,-1,-1,-1,-1,300.000,675.000,250.000,-1,1,1,1,0,2,1,1,0,0,2,2,2,2,1,1,1,2
64,-3799.012,2524.148,194.949,57.165,0.542078,-0.840081,-0.020388,0.840293,0.542117,0.004022,0.007673,-0.019312,0.999784,0,1.00000,-0.19417,60.000,-0.388,200.000,225.000,525.000,375.000,-1,225.000,300.000,300.000,275.000,-1,-1,-1,-1,250.000,850.000,200.000,-1,1,1,1,1,2,1,1,0,0,2,2,2,2,1,0,1,2
65,-3766.147,2574.347,201.158,56.790,0.547580,-0.836670,-0.011832,0.836419,0.547706,-0.020518,0.023647,0.001338,0.999719,0,1.00000,-0.18753,60.000,-0.375,175.000,200.000,-1,375.000,-1,200.000,275.000,375.000,275.000,-1,-1,-1,-1,225.000,975.000,175.000,-1,1,1,2,1,2,1,1,0,0,2,2,2,2,1,0,1,2
66,-3732.976,2624.347,209.365,56.430,0.553541,-0.832822,-0.000256,0.831533,0.552702,-0.055438,0.046312,0.030474,0.998462,0,1.00000,-0.18018,60.000,-0.360,175.000,200.000,-1,400.000,-1,200.000,275.000,475.000,275.000,-1,-1,-1,-1,225.000,-1,150.000,-1,1,1,2,1,2,1,1,0,0,2,2,2,2,1,2,1,2
67,-3699.520,2674.158,218.612,56.086,0.560356,-0.828154,0.012746,0.825078,0.556797,-0.096038,0.072437,0.064332,0.995296,0,1.00000,-0.17205,60.000,-0.344,150.000,200.000,-1,450.000,-1,200.000,300.000,625.000,250.000,-1,325.000,75.000,700.000,225.000,-1,150.000,-1,1,1,2,1,2,1,1,0,0,2,0,0,0,1,2,1,2
68,-3665.804,2723.797,228.601,55.760,0.568555,-0.822181,0.027641,0.816216,0.559600,-0.143660,0.102647,0.104240,0.989241,0,1.00000,-0.16302,60.000,-0.326,150.000,200.000,-1,675.000,-1,225.000,325.000,875.000,225.000,-1,200.000,25.000,350.000,250.000,-1,125.000,-1,1,1,2,0,2,1,1,0,0,2,0,0,0,1,2,1,2
69,-6230.637,8855.954,-77.508,-33.452,0.732992,0.513999,0.445564,-0.617150,0.777978,0.117798,-0.286091,-0.361325,0.887466,1,0.00000,0.00000,60.000,-0.306,0.000,175.000,475.000,350.000,-1,175.000,250.000,175.000,450.000,-1,-1,-1,225.000,225.000,500.000,0.000,825.000,0,0,0,0,2,0,0,0,1,2,2,2,1,0,0,0,0
70,-6236.063,-2294.822,197.327,168.477,-0.979847,-0.199454,-0.010830,0.199748,-0.978371,-0.053761,0.000127,-0.054841,0.998495,1,0.08000,-0.12000,4.800,-0.240,-1,400.000,-1,525.000,-1,350.000,375.000,250.000,175.000,-1,525.000,525.000,575.000,725.000,-1,-1,-1,2,0,2,0,2,1,1,0,1,2,1,1,1,0,2,2,2
71,-6245.453,-2292.825,197.208,167.997,-0.978138,-0.207652,-0.011255,0.207957,-0.976706,-0.052905,-0.000007,-0.054089,0.998536,0,0.16000,-0.24000,9.600,-0.480,-1,400.000,-1,525.000,-1,350.000,375.000,250.000,175.000,-1,550.000,525.000,575.000,725.000,-1,-1,-1,2,0,2,0,2,0,1,0,1,2,1,1,1,0,2,2,2
72,-6259.500,-2289.653,197.033,167.277,-0.975445,-0.219922,-0.011916,0.220245,-0.974077,-0.051629,-0.000253,-0.052986,0.998595,0,0.24000,-0.36000,14.400,-0.720,-1,400.000,-1,525.000,-1,350.000,400.000,250.000,175.000,-1,575.000,550.000,575.000,725.000,-1,-1,-1,2,0,2,0,2,0,0,0,1,2,1,1,1,0,2,2,2
73,-6278.155,-2285.111,196.804,166.317,-0.971613,-0.236229,-0.012839,0.236577,-0.970329,-0.049930,-0.000663,-0.051551,0.998670,0,0.32000,-0.48000,19.200,-0.960,-1,400.000,-1,525.000,-1,350.000,400.000,250.000,175.000,-1,600.000,575.000,600.000,725.000,-1,-1,-1,2,0,2,0,2,0,0,0,1,2,1,1,1,0,2,2,2
74,-6301.350,-2278.946,196.520,165.117,-0.966436,-0.256521,-0.014059,0.256903,-0.965255,-0.047794,-0.001310,-0.049801,0.998758,0,0.40000,-0.60000,24.000,-1.200,-1,400.000,-1,525.000,-1,350.000,400.000,250.000,175.000,-1,625.000,600.000,625.000,725.000,-1,-1,-1,2,0,2,0,2,0,0,0,1,2,1,1,1,0,2,2,2
75,-6328.989,-2270.850,196.183,163.677,-0.959661,-0.280725,-0.015613,0.281150,-0.958599,-0.045187,-0.002281,-0.047754,0.998857,0,0.48000,-0.72000,28.800,-1.440,-1,400.000,-1,525.000,-1,350.000,400.000,250.000,175.000,-1,675.000,650.000,625.000,725.000,-1,-1,-1,2,0,2,0,2,0,0,0,1,2,1,1,1,0,2,2,2
76,-6360.944,-2260.464,195.791,161.997,-0.950984,-0.308742,-0.017543,0.309218,-0.950061,-0.042052,-0.003684,-0.045416,0.998961,0,0.56000,-0.84000,33.600,-1.680,-1,400.000,-1,525.000,-1,350.000,400.000,250.000,175.000,-1,750.000,700.000,675.000,750.000,-1,-1,-1,2,0,2,0,2,0,0,0,1,2,1,1,1,0,2,2,2
77,-6397.046,-2247.378,195.338,160.077,-0.940056,-0.340439,-0.019887,0.340973,-0.939293,-0.038299,-0.005641,-0.042784,0.999068,0,0.64000,-0.96000,38.400,-1.920,-1,400.000,-1,525.000,-1,350.000,400.000,250.000,175.000,-1,850.000,775.000,700.000,750.000,-1,-1,-1,2,0,2,0,2,0,0,0,1,2,1,1,1,0,2,2,2
78,-6437.122,-2231.248,194.822,158.077,-0.927527,-0.373057,-0.022846,0.373658,-0.926950,-0.033823,-0.008559,-0.039908,0.999167,0,0.72000,-1.00000,43.200,-2.000,-1,400.000,-1,525.000,-1,350.000,400.000,275.000,175.000,-1,-1,850.000,750.000,750.000,-1,-1,-1,2,0,2,0,2,0,0,0,1,2,2,1,1,0,2,2,2
79,-6480.999,-2211.783,194.203,156.077,-0.913831,-0.405228,-0.026506,0.405897,-0.913475,-0.028473,-0.012675,-0.036779,0.999243,0,0.80000,-1.00000,48.000,-2.000,-1,400.000,-1,525.000,-1,350.000,375.000,275.000,175.000,-1,-1,-1,800.000,750.000,-1,-1,-1,2,0,2,0,2,0,0,0,1,2,2,2,1,0,2,2,2
80,-6528.486,-2188.700,193.182,154.077,-0.898934,-0.436900,-0.032185,0.437667,-0.898857,-0.022456,-0.019119,-0.034273,0.999230,0,0.88000,-1.00000,52.800,-2.000,-1,400.000,-1,500.000,-1,350.000,375.000,275.000,175.000,-1,-1,-1,875.000,725.000,-1,-1,-1,2,0,2,0,2,0,0,0,1,2,2,2,1,0,2,2,2
81,-6574.340,-2164.398,191.741,152.077,-0.882838,-0.468027,-0.039344,0.468893,-0.883105,-0.016272,-0.027129,-0.032813,0.999093,0,0.86491,-1.00000,51.895,-2.000,-1,400.000,-1,500.000,-1,350.000,375.000,275.000,175.000,-1,-1,-1,975.000,700.000,-1,-1,-1,2,0,2,0,2,0,0,0,1,2,2,2,1,0,2,2,2
82,-6618.133,-2139.193,190.215,150.077,-0.865601,-0.498588,-0.046307,0.499474,-0.866280,-0.009240,-0.035508,-0.031127,0.998885,0,0.84213,-1.00000,50.528,-2.000,-1,375.000,-1,475.000,-1,325.000,350.000,250.000,200.000,-1,-1,-1,-1,675.000,-1,-1,-1,2,0,2,0,2,0,0,0,1,2,2,2,2,0,2,2,2
83,-6659.943,-2113.144,188.127,148.077,-0.847365,-0.528575,-0.050812,0.529286,-0.848443,-0.000640,-0.042773,-0.027436,0.998708,0,0.82099,-1.00000,49.260,-2.000,-1,375.000,-1,450.000,-1,325.000,350.000,250.000,175.000,-1,-1,-1,-1,650.000,975.000,-1,-1,2,0,2,0,2,0,0,0,1,2,2,2,2,0,0,2,2
84,-6699.857,-2086.298,185.708,146.077,-0.828149,-0.557931,-0.053690,0.558316,-0.829580,0.008931,-0.049523,-0.022580,0.998518,0,0.80169,-1.00000,48.102,-2.000,-1,350.000,-1,450.000,-1,325.000,325.000,275.000,175.000,-1,-1,-1,-1,650.000,925.000,-1,-1,2,0,2,0,2,0,0,0,1,2,2,2,2,0,0,2,2
85,-6737.965,-2058.687,183.180,144.077,-0.807949,-0.586604,-0.055804,0.586553,-0.809688,0.019013,-0.056337,-0.017371,0.998261,0,0.78430,-1.00000,47.058,-2.000,-1,350.000,-1,425.000,-1,300.000,325.000,275.000,175.000,-1,-1,-1,-1,625.000,850.000,-1,-1,2,0,2,0,2,0,0,0,1,2,2,2,2,0,0,2,2
86,-6774.353,-2030.335,180.539,142.077,-0.786807,-0.614554,-0.057084,0.613956,-0.788787,0.029570,-0.063199,-0.011781,0.997931,0,0.76880,-1.00000,46.128,-2.000,1000.000,350.000,-1,400.000,950.000,300.000,325.000,275.000,175.000,-1,-1,-1,-1,600.000,800.000,-1,-1,0,0,2,0,1,0,0,0,1,2,2,2,2,0,0,2,2
87,-6809.100,-2001.257,178.614,140.077,-0.764770,-0.641727,-0.057554,0.640746,-0.766881,0.036568,-0.067603,-0.008911,0.997672,0,0.75514,-1.00000,45.309,-2.000,1000.000,350.000,-1,400.000,875.000,300.000,325.000,275.000,175.000,-1,-1,-1,-1,600.000,775.000,-1,975.000,0,0,2,0,1,0,0,0,1,2,2,2,2,0,0,2,1
88,-6842.281,-1971.462,177.082,138.077,-0.741841,-0.668108,-0.057485,0.666860,-0.744026,0.041503,-0.070499,-0.007546,0.997483,0,0.74324,-1.00000,44.594,-2.000,-1,350.000,-1,400.000,825.000,300.000,300.000,275.000,175.000,-1,-1,-1,-1,600.000,775.000,-1,925.000,2,0,2,0,1,0,0,0,1,2,2,2,2,0,0,2,1
89,-6873.957,-1940.955,175.480,136.077,-0.718040,-0.693674,-0.056878,0.692137,-0.720264,0.046533,-0.073246,-0.005955,0.997296,0,0.73296,-1.00000,43.977,-2.000,-1,350.000,-1,400.000,775.000,300.000,300.000,275.000,200.000,-1,-1,-1,-1,600.000,775.000,-1,850.000,2,0,2,0,1,0,0,0,1,2,2,2,2,0,1,2,1
90,-6904.182,-1909.739,173.805,134.077,-0.693401,-0.718395,-0.055705,0.716550,-0.695623,0.051618,-0.075832,-0.004123,0.997112,0,0.72418,-1.00000,43.451,-2.000,-1,350.000,-1,400.000,750.000,300.000,300.000,275.000,200.000,-1,-1,-1,-1,625.000,725.000,-1,800.000,2,0,2,0,1,0,0,0,1,2,2,2,2,0,1,2,1
91,-6933.002,-1877.817,171.919,132.077,-0.667952,-0.742238,-0.054060,0.740124,-0.670131,0.056035,-0.077819,-0.002582,0.996964,0,0.71677,-1.00000,43.006,-2.000,-1,350.000,-1,400.000,700.000,300.000,300.000,275.000,200.000,-1,-1,-1,-1,625.000,700.000,-1,750.000,2,0,2,0,1,0,0,0,1,2,2,2,2,0,1,2,1
92,-6960.452,-1845.192,169.571,130.077,-0.641700,-0.765174,-0.052254,0.762937,-0.643820,0.058504,-0.078408,-0.002324,0.996919,0,0.71062,-1.00000,42.637,-2.000,-1,350.000,-1,400.000,650.000,300.000,325.000,275.000,200.000,-1,-1,-1,-1,625.000,650.000,-1,700.000,2,0,2,0,1,0,0,0,1,2,2,2,2,0,1,2,1
93,-6986.561,-1811.866,167.120,128.077,-0.614694,-0.787177,-0.050032,0.784825,-0.616724,0.060833,-0.078743,-0.001872,0.996893,0,0.70559,-1.00000,42.335,-2.000,-1,350.000,-1,400.000,625.000,300.000,325.000,275.000,225.000,-1,-1,-1,-1,650.000,625.000,-1,650.000,2,0,2,0,1,0,0,0,1,2,2,2,2,0,1,2,1
94,-7011.350,-1777.844,164.569,126.077,-0.586968,-0.808222,-0.047385,0.805763,-0.588877,0.063013,-0.078832,-0.001194,0.996887,0,0.70158,-1.00000,42.095,-2.000,-1,350.000,975.000,400.000,575.000,300.000,325.000,275.000,225.000,-1,-1,-1,-1,650.000,600.000,-1,600.000,2,0,1,0,1,0,0,0,1,2,2,2,2,0,1,2,1
95,-7032.246,-1746.953,162.114,124.077,-0.558533,-0.828282,-0.044617,0.825731,-0.560312,0.064955,-0.078800,-0.000563,0.996890,0,0.62158,-1.00000,37.295,-2.000,-1,350.000,900.000,400.000,550.000,300.000,325.000,275.000,225.000,-1,-1,-1,-1,650.000,550.000,-1,575.000,2,0,1,0,1,0,0,0,1,2,2,2,2,0,1,2,1
96,-7049.503,-1719.419,159.712,122.077,-0.529376,-0.847332,-0.042309,0.844702,-0.531064,0.066707,-0.078992,-0.000426,0.996875,0,0.54158,-1.00000,32.495,-2.000,-1,350.000,825.000,400.000,525.000,300.000,325.000,275.000,225.000,-1,-1,-1,-1,675.000,525.000,-1,550.000,2,0,1,0,1,0,0,0,1,2,2,2,2,0,1,2,1
97,-7065.566,-1691.683,157.276,120.077,-0.499585,-0.865349,-0.039809,0.862650,-0.501169,0.068295,-0.079050,-0.000222,0.996871,0,0.53419,-1.00000,32.052,-2.000,-1,350.000,775.000,400.000,500.000,300.000,325.000,275.000,225.000,-1,-1,-1,-1,675.000,500.000,1000.000,500.000,2,0,1,0,1,0,0,0,1,2,2,2,2,0,1,1,1
98,-7080.704,-1663.304,154.776,118.077,-0.469197,-0.882313,-0.037119,0.879555,-0.470663,0.069711,-0.078977,0.000060,0.996876,0,0.53607,-1.00000,32.164,-2.000,-1,350.000,725.000,400.000,475.000,300.000,325.000,275.000,225.000,-1,-1,-1,-1,675.000,475.000,925.000,475.000,2,0,1,1,1,0,0,0,1,2,2,2,2,1,1,1,1
99,-7094.896,-1634.304,152.211,116.077,-0.438249,-0.898201,-0.034239,0.895396,-0.439584,0.070935,-0.078765,0.000429,0.996893,0,0.53811,-1.00000,32.286,-2.000,-1,375.000,675.000,375.000,450.000,300.000,325.000,275.000,225.000,-1,-1,-1,-1,625.000,450.000,825.000,450.000,2,0,1,1,1,0,0,0,1,2,2,2,2,1,1,1,1
100,-7108.121,-1604.707,149.581,114.077,-0.406778,-0.912995,-0.031175,0.910156,-0.407970,0.071951,-0.078409,0.000894,0.996921,0,0.54030,-1.00000,32.418,-2.000,-1,375.000,625.000,350.000,425.000,300.000,325.000,275.000,225.000,-1,-1,-1,-1,575.000,425.000,775.000,425.000,2,0,1,1,1,0,0,0,1,2,2,2,2,1,1,1,1
101,-7120.358,-1574.536,146.887,112.077,-0.374821,-0.926676,-0.027933,0.923818,-0.375858,0.072740,-0.077905,0.001460,0.996960,0,0.54263,-1.00000,32.558,-2.000,900.000,375.000,575.000,325.000,400.000,300.000,325.000,275.000,225.000,-1,-1,-1,-1,525.000,400.000,700.000,400.000,1,0,1,1,1,0,1,0,1,2,2,2,2,1,1,1,1
102,-7131.585,-1543.818,144.130,110.077,-0.342417,-0.939228,-0.024525,0.936367,-0.343288,0.073284,-0.077250,0.002129,0.997009,0,0.54509,-1.00000,32.705,-2.000,800.000,375.000,550.000,325.000,375.000,300.000,300.000,300.000,225.000,-1,-1,-1,-1,500.000,375.000,625.000,350.000,1,0,1,1,1,0,1,0,1,2,2,2,2,1,1,1,1
103,-7141.781,-1512.581,141.312,108.077,-0.309604,-0.950634,-0.020968,0.947788,-0.310300,0.073569,-0.076444,0.002904,0.997070,0,0.54765,-1.00000,32.859,-2.000,725.000,350.000,500.000,300.000,350.000,300.000,275.000,300.000,225.000,-1,-1,-1,-1,450.000,350.000,575.000,325.000,1,1,1,1,1,1,1,0,1,2,2,2,2,1,1,1,1
104,-7150.924,-1480.854,138.437,106.077,-0.276419,-0.960882,-0.017281,0.958068,-0.276933,0.073580,-0.075487,0.003782,0.997140,0,0.55031,-1.00000,33.019,-2.000,625.000,325.000,450.000,275.000,325.000,275.000,250.000,300.000,200.000,-1,-1,-1,-1,400.000,325.000,500.000,300.000,1,1,1,1,1,1,1,0,1,2,2,2,2,1,1,1,1
105,-7158.995,-1448.667,135.507,104.077,-0.242901,-0.969957,-0.013488,0.967195,-0.243229,0.073306,-0.074385,0.004761,0.997218,0,0.55306,-1.00000,33.183,-2.000,550.000,300.000,425.000,250.000,275.000,250.000,250.000,300.000,200.000,-1,-1,-1,-1,375.000,300.000,450.000,275.000,1,1,1,1,1,1,1,0,1,2,2,2,2,1,1,1,1
106,-7165.973,-1416.053,132.527,102.077,-0.209089,-0.977849,-0.009615,0.975158,-0.209229,0.072740,-0.073141,0.005833,0.997305,0,0.55588,-1.00000,33.353,-2.000,475.000,275.000,375.000,225.000,250.000,225.000,225.000,300.000,200.000,-1,-1,-1,-1,325.000,275.000,400.000,250.000,1,1,1,1,1,1,1,0,1,2,2,2,2,1,1,1,1
107,-7171.839,-1383.044,129.502,100.077,-0.175020,-0.984548,-0.005693,0.981946,-0.174973,0.071878,-0.071763,0.006990,0.997397,0,0.55877,-1.00000,33.526,-2.000,425.000,250.000,350.000,200.000,225.000,225.000,200.000,300.000,200.000,-1,-1,-1,-1,300.000,250.000,350.000,225.000,1,1,1,1,1,1,1,0,1,2,2,2,2,1,1,1,1
108,-7176.575,-1349.676,126.521,98.077,-0.140713,-0.990048,-0.002088,0.987537,-0.140506,0.070914,-0.070502,0.007917,0.997480,0,0.56171,-1.00000,33.703,-2.000,350.000,225.000,300.000,200.000,200.000,200.000,175.000,325.000,200.000,-1,-1,-1,-1,275.000,225.000,300.000,200.000,1,1,1,1,1,1,1,0,1,2,2,2,2,1,1,1,1
109,-7180.163,-1315.985,126.559,96.077,-0.105494,-0.994377,-0.009256,0.992325,-0.105871,0.063899,-0.064519,-0.002444,0.997913,0,0.56470,-1.00000,33.882,-2.000,275.000,200.000,275.000,175.000,200.000,175.000,175.000,300.000,200.000,-1,-1,-1,-1,250.000,225.000,250.000,175.000,1,1,1,1,1,1,1,0,1,2,2,2,2,1,1,1,1
110,-7182.587,-1282.009,128.599,94.077,-0.070258,-0.997364,-0.018156,0.996187,-0.071096,0.050560,-0.051718,-0.014534,0.998556,0,0.56774,-1.00000,34.064,-2.000,225.000,175.000,275.000,175.000,200.000,175.000,150.000,300.000,225.000,-1,-1,-1,-1,225.000,200.000,200.000,175.000,1,1,1,1,1,1,1,0,1,2,2,2,2,1,1,1,1
111,-7183.994,-1243.173,135.808,92.077,-0.036066,-0.999305,-0.009382,0.999144,-0.036248,0.019937,-0.020263,-0.008655,0.999757,0,0.64774,-1.00000,38.864,-2.000,250.000,200.000,300.000,175.000,200.000,175.000,175.000,350.000,225.000,-1,250.000,275.000,-1,225.000,225.000,200.000,200.000,1,1,1,1,1,1,1,0,1,2,0,0,2,1,1,1,1
112,-7184.052,-1199.509,143.812,90.077,-0.001392,-0.999995,-0.002796,0.999888,-0.001350,-0.014902,0.014899,-0.002817,0.999885,0,0.72774,-1.00000,43.664,-2.000,250.000,200.000,325.000,200.000,225.000,175.000,175.000,400.000,250.000,-1,125.000,125.000,500.000,250.000,250.000,225.000,200.000,1,1,1,1,1,1,1,0,1,2,0,0,1,1,1,1,1
113,-8199.161,-2295.757,161.028,57.178,0.542398,-0.839722,-0.025922,0.840028,0.541620,0.031633,-0.012523,-0.038933,0.999163,1,0.00000,0.00000,47.789,-2.000,-1,425.000,-1,400.000,-1,325.000,325.000,300.000,300.000,-1,-1,-1,-1,925.000,875.000,-1,-1,2,0,2,0,2,0,0,0,0,2,2,2,2,0,0,2,2
114,-8196.577,-2291.712,160.949,57.418,0.538885,-0.841986,-0.025749,0.842280,0.538099,0.031841,-0.012954,-0.038847,0.999161,0,0.08000,0.12000,4.800,0.240,-1,425.000,-1,400.000,-1,325.000,325.000,300.000,300.000,-1,-1,-1,-1,925.000,875.000,-1,-1,2,0,2,0,2,0,0,0,0,2,2,2,2,0,0,2,2
115,-8191.475,-2283.580,160.790,57.898,0.531830,-0.846470,-0.025407,0.846738,0.531030,0.032266,-0.013820,-0.038673,0.999156,0,0.16000,0.24000,9.600,0.480,-1,425.000,-1,400.000,-1,325.000,325.000,300.000,300.000,-1,-1,-1,-1,925.000,875.000,-1,-1,2,0,2,0,2,0,0,0,0,2,2,2,2,0,0,2,2
116,-8183.976,-2271.287,160.544,58.618,0.521178,-0.853085,-0.024906,0.853314,0.520357,0.032921,-0.015124,-0.038410,0.999148,0,0.24000,0.36000,14.400,0.720,-1,425.000,-1,400.000,-1,325.000,325.000,300.000,300.000,-1,-1,-1,-1,925.000,875.000,-1,-1,2,0,2,0,2,0,0,0,0,2,2,2,2,0,0,2,2
117,-8174.254,-2254.730,160.206,59.578,0.506847,-0.861695,-0.024259,0.861871,0.505998,0.033827,-0.016873,-0.038053,0.999133,0,0.32000,0.48000,19.200,0.960,-1,425.000,-1,400.000,-1,325.000,325.000,300.000,300.000,-1,-1,-1,-1,925.000,875.000,-1,-1,2,0,2,0,2,0,0,0,0,2,2,2,2,0,0,2,2
118,-8162.538,-2233.785,159.767,60.778,0.488732,-0.872118,-0.023488,0.872225,0.487849,0.035010,-0.019074,-0.037598,0.999111,0,0.40000,0.60000,24.000,1.200,-1,425.000,-1,400.000,-1,325.000,325.000,300.000,300.000,-1,-1,-1,-1,925.000,875.000,-1,-1,2,0,2,0,2,0,0,0,0,2,2,2,2,0,0,2,2
119,-8149.114,-2208.305,159.219,62.218,0.466711,-0.884121,-0.022623,0.884143,0.465789,0.036502,-0.021734,-0.037038,0.999077,0,0.48000,0.72000,28.800,1.440,-1,425.000,-1,400.000,-1,325.000,325.000,325.000,300.000,-1,-1,-1,-1,900.000,875.000,-1,-1,2,0,2,0,2,0,0,0,0,2,2,2,2,0,0,2,2
120,-8134.331,-2178.132,158.549,63.898,0.440647,-0.897418,-0.021703,0.897336,0.439679,0.038335,-0.024861,-0.036367,0.999029,0,0.56000,0.84000,33.600,1.680,-1,425.000,-1,400.000,-1,325.000,325.000,325.000,300.000,-1,-1,-1,-1,900.000,875.000,-1,-1,2,0,2,0,2,0,0,0,0,2,2,2,2,1,0,2,2
121,-8118.482,-2143.155,157.761,65.624,0.413479,-0.910277,-0.020747,0.910073,0.412463,0.040526,-0.028333,-0.035638,0.998963,0,0.64000,0.86293,38.400,1.726,-1,425.000,-1,400.000,-1,325.000,325.000,325.000,275.000,-1,-1,-1,-1,875.000,850.000,-1,-1,2,0,2,0,2,0,0,0,0,2,2,2,2,1,0,2,2
122,-8101.847,-2103.286,156.837,67.352,0.385903,-0.922326,-0.019837,0.921981,0.384832,0.043073,-0.032093,-0.034911,0.998875,0,0.72000,0.86411,43.200,1.728,-1,425.000,-1,400.000,-1,325.000,325.000,325.000,300.000,-1,-1,-1,-1,825.000,850.000,975.000,-1,2,0,2,0,2,0,0,0,0,2,2,2,2,1,0,1,2
123,-8084.711,-2058.449,155.451,69.083,0.357960,-0.933510,-0.020570,0.933076,0.356791,0.045484,-0.035121,-0.035475,0.998753,0,0.80000,0.86543,48.000,1.731,-1,425.000,-1,400.000,-1,325.000,325.000,325.000,300.000,-1,-1,-1,-1,800.000,850.000,925.000,-1,2,0,2,0,2,0,0,0,0,2,2,2,2,1,0,1,2
124,-8067.362,-2008.581,153.759,70.817,0.329685,-0.943837,-0.021894,0.943299,0.328371,0.048574,-0.038656,-0.036666,0.998580,0,0.88000,0.86686,52.800,1.734,1000.000,425.000,-1,400.000,-1,325.000,325.000,300.000,300.000,-1,-1,-1,-1,750.000,850.000,875.000,-1,1,0,2,0,2,0,0,0,0,2,2,2,2,1,0,1,2
125,-8050.094,-1953.630,151.767,72.553,0.301107,-0.953292,-0.023837,0.952636,0.299594,0.052235,-0.042653,-0.038437,0.998350,0,0.96000,0.86840,57.600,1.737,925.000,400.000,-1,400.000,-1,325.000,325.000,300.000,300.000,-1,-1,-1,-1,700.000,850.000,825.000,-1,1,0,2,0,2,0,0,0,0,2,2,2,2,1,0,1,2
126,-8033.853,-1895.870,149.324,74.294,0.272158,-0.961919,-0.025317,0.961158,0.270501,0.054810,-0.045875,-0.039250,0.998176,0,1.00000,0.87003,60.000,1.740,875.000,400.000,950.000,400.000,-1,325.000,325.000,300.000,300.000,-1,-1,-1,-1,675.000,800.000,750.000,-1,1,0,1,0,2,0,0,0,0,2,2,2,2,1,1,1,2
127,-8019.374,-1837.643,146.108,76.037,0.242783,-0.969769,-0.024586,0.968864,0.241131,0.056204,-0.048577,-0.037466,0.998117,0,1.00000,0.87157,60.000,1.743,825.000,400.000,875.000,400.000,-1,325.000,325.000,300.000,300.000,-1,-1,-1,-1,625.000,725.000,700.000,925.000,1,0,1,0,2,0,0,0,0,2,2,2,2,1,1,1,1
128,-8006.676,-1779.003,142.779,77.782,0.213128,-0.976735,-0.023775,0.975673,0.211491,0.057734,-0.051362,-0.035501,0.998049,0,1.00000,0.87287,60.000,1.746,775.000,400.000,800.000,400.000,1000.000,325.000,325.000,300.000,300.000,-1,-1,-1,-1,575.000,675.000,650.000,825.000,1,0,1,0,1,0,0,0,0,2,2,2,2,1,1,1,1
129,-7995.772,-1720.002,139.382,79.530,0.183234,-0.982798,-0.023076,0.981580,0.181614,0.059309,-0.054098,-0.033518,0.997973,0,1.00000,0.87392,60.000,1.748,725.000,400.000,725.000,400.000,875.000,325.000,325.000,300.000,300.000,-1,-1,-1,-1,525.000,600.000,600.000,725.000,1,0,1,0,1,0,0,0,0,2,2,2,2,1,1,1,1
130,-7986.674,-1660.695,135.922,81.280,0.153137,-0.987949,-0.022494,0.986572,0.151537,0.060923,-0.056780,-0.031521,0.997889,0,1.00000,0.87470,60.000,1.749,675.000,400.000,675.000,400.000,775.000,325.000,325.000,300.000,300.000,-1,-1,-1,-1,500.000,550.000,550.000,650.000,1,1,1,0,1,0,0,0,0,2,2,2,2,1,1,1,1
131,-7979.393,-1601.139,132.404,83.030,0.122875,-0.992178,-0.022030,0.990643,0.121296,0.062566,-0.059404,-0.029512,0.997798,0,1.00000,0.87521,60.000,1.750,600.000,350.000,600.000,400.000,650.000,325.000,325.000,300.000,300.000,-1,-1,-1,-1,450.000,475.000,500.000,550.000,1,1,1,1,1,1,0,0,0,2,2,2,2,1,1,1,1
132,-7973.934,-1541.388,128.830,84.781,0.092486,-0.995478,-0.021688,0.993784,0.090929,0.064229,-0.061967,-0.027494,0.997699,0,1.00000,0.87545,60.000,1.751,550.000,325.000,550.000,350.000,550.000,300.000,300.000,300.000,300.000,-1,-1,-1,-1,400.000,425.000,450.000,475.000,1,1,1,1,1,1,1,0,0,2,2,2,2,1,1,1,1
