timestep,x_cm,y_cm,z_cm,yaw_deg,basis_xx,basis_xy,basis_xz,basis_yx,basis_yy,basis_yz,basis_zx,basis_zy,basis_zz,teleport_flag,throttle_cmd,steering_cmd,cmd_move_cm,cmd_turn_deg,lidar_cm_0,lidar_cm_1,lidar_cm_2,lidar_cm_3,lidar_cm_4,lidar_cm_5,lidar_cm_6,lidar_cm_7,lidar_cm_8,lidar_cm_9,lidar_cm_10,lidar_cm_11,lidar_cm_12,lidar_cm_13,lidar_cm_14,lidar_cm_15,lidar_cm_16,lidar_class_0,lidar_class_1,lidar_class_2,lidar_class_3,lidar_class_4,lidar_class_5,lidar_class_6,lidar_class_7,lidar_class_8,lidar_class_9,lidar_class_10,lidar_class_11,lidar_class_12,lidar_class_13,lidar_class_14,lidar_class_15,lidar_class_16
0,-8329.083,610.505,461.721,150.560,-0.870419,-0.491417,0.029678,0.491786,-0.870693,0.006286,0.022751,0.020067,0.999540,1,0.08000,-0.12000,4.800,-0.240,-1,350.000,-1,325.000,-1,275.000,275.000,325.000,375.000,-1,300.000,225.000,-1,600.000,600.000,-1,-1,2,1,2,1,2,1,1,0,0,2,0,0,2,1,1,2,2
1,-8337.403,615.293,461.957,150.080,-0.866233,-0.498689,0.030827,0.499077,-0.866537,0.005961,0.023740,0.020549,0.999507,0,0.16000,-0.24000,9.600,-0.480,-1,350.000,-1,325.000,-1,275.000,275.000,325.000,375.000,-1,300.000,225.000,-1,600.000,600.000,-1,-1,2,1,2,1,2,1,1,0,0,2,0,0,2,1,1,2,2
2,-8349.793,622.632,462.354,149.360,-0.859837,-0.509528,0.032568,0.509950,-0.860185,0.005681,0.025120,0.021493,0.999453,0,0.24000,-0.36000,14.400,-0.720,-1,350.000,-1,325.000,-1,275.000,275.000,325.000,375.000,-1,275.000,225.000,-1,600.000,600.000,-1,-1,2,1,2,1,2,1,1,0,0,2,0,0,2,1,1,2,2
3,-8366.147,632.692,462.911,148.400,-0.851091,-0.523852,0.034975,0.524326,-0.851501,0.005376,0.026965,0.022914,0.999374,0,0.32000,-0.48000,19.200,-0.960,-1,350.000,-1,325.000,-1,275.000,275.000,325.000,375.000,-1,250.000,200.000,-1,600.000,625.000,-1,-1,2,1,2,1,2,1,1,0,0,2,0,0,2,1,1,2,2
4,-8383.208,643.686,463.506,147.200,-0.839826,-0.541547,0.037674,0.542086,-0.840307,0.005119,0.028886,0.024721,0.999277,0,0.33828,-0.60000,20.297,-1.200,-1,350.000,-1,325.000,-1,275.000,275.000,350.000,375.000,-1,250.000,200.000,-1,600.000,650.000,-1,-1,2,1,2,1,2,1,1,0,0,2,0,0,2,1,1,2,2
5,-8400.320,655.332,464.118,145.760,-0.825826,-0.562460,0.040614,0.563083,-0.826386,0.004914,0.030799,0.026927,0.999163,0,0.34498,-0.72000,20.699,-1.440,-1,350.000,-1,325.000,-1,275.000,275.000,350.000,375.000,-1,225.000,200.000,-1,600.000,650.000,-1,-1,2,1,2,1,2,1,1,0,0,2,0,0,2,1,1,2,2
6,-8417.412,667.712,464.744,144.080,-0.808833,-0.586403,0.043828,0.587128,-0.809480,0.004730,0.032705,0.029558,0.999028,0,0.35173,-0.84000,21.104,-1.680,-1,350.000,-1,350.000,-1,275.000,275.000,350.000,375.000,-1,225.000,200.000,-1,600.000,675.000,-1,-1,2,1,2,1,2,1,1,0,0,2,0,0,2,1,1,2,2
7,-8434.391,680.900,465.373,142.160,-0.788560,-0.613136,0.047305,0.613986,-0.789304,0.004514,0.034570,0.032604,0.998870,0,0.35832,-0.96000,21.499,-1.920,-1,325.000,-1,350.000,-1,275.000,275.000,350.000,375.000,-1,225.000,175.000,-1,600.000,700.000,-1,-1,2,1,2,1,2,1,1,0,0,2,0,0,2,1,1,2,2
8,-8451.195,694.897,465.927,140.202,-0.766976,-0.639677,0.050597,0.640650,-0.767822,0.004059,0.036253,0.035528,0.998711,0,0.36449,-0.97882,21.869,-1.958,-1,325.000,-1,350.000,-1,275.000,275.000,375.000,375.000,-1,225.000,175.000,-1,625.000,725.000,-1,-1,2,1,2,1,2,1,1,0,0,2,0,0,2,1,1,2,2
9,-8471.166,712.574,466.624,138.484,-0.747221,-0.662331,0.054574,0.663443,-0.748220,0.003097,0.038782,0.038521,0.998505,0,0.44449,-0.85882,26.669,-1.718,-1,325.000,-1,350.000,-1,275.000,275.000,375.000,375.000,-1,200.000,175.000,1000.000,700.000,750.000,-1,-1,2,1,2,1,2,1,1,0,0,2,0,0,0,1,1,2,2
10,-8494.186,734.032,467.469,137.007,-0.729582,-0.681320,0.059262,0.682588,-0.730801,0.001597,0.042221,0.041617,0.998241,0,0.52449,-0.73882,31.469,-1.478,-1,350.000,-1,350.000,-1,275.000,275.000,375.000,375.000,-1,200.000,175.000,950.000,775.000,-1,-1,-1,2,1,2,1,2,1,1,0,0,2,0,0,0,1,2,2,2
11,-8520.177,759.330,468.483,135.769,-0.714295,-0.696847,0.064710,0.698292,-0.715813,-0.000409,0.046606,0.044894,0.997904,0,0.60449,-0.61882,36.269,-1.238,-1,350.000,-1,350.000,-1,300.000,300.000,375.000,375.000,-1,200.000,175.000,900.000,-1,-1,-1,-1,2,1,2,1,2,1,1,1,0,2,1,0,0,2,2,2,2
12,8199.153,-4919.479,65.196,99.467,-0.166094,-0.986080,0.007695,0.980974,-0.164429,0.103212,-0.100510,0.024691,0.994630,1,0.00000,0.00000,41.069,-0.998,-1,400.000,-1,400.000,-1,325.000,325.000,300.000,300.000,-1,-1,-1,-1,800.000,725.000,-1,-1,2,0,2,0,2,0,0,0,0,2,2,2,2,0,0,2,2
13,8198.343,-4914.747,64.703,99.707,-0.170239,-0.985373,0.007658,0.980272,-0.168556,0.103224,-0.100424,0.025080,0.994629,0,0.08000,0.12000,4.800,0.240,-1,400.000,-1,400.000,-1,325.000,325.000,300.000,300.000,-1,-1,-1,-1,800.000,725.000,-1,-1,2,0,2,0,2,0,0,0,0,2,2,2,2,0,0,2,2
14,8196.645,-4905.299,63.719,100.187,-0.178522,-0.983907,0.007589,0.978816,-0.176801,0.103254,-0.100251,0.025861,0.994626,0,0.16000,0.24000,9.600,0.480,-1,400.000,-1,400.000,-1,325.000,325.000,300.000,300.000,-1,-1,-1,-1,800.000,725.000,-1,-1,2,0,2,0,2,0,0,0,0,2,2,2,2,0,0,2,2
15,8193.920,-4891.159,62.244,100.907,-0.190921,-0.981577,0.007492,0.976500,-0.189145,0.103308,-0.099988,0.027040,0.994621,0,0.24000,0.36000,14.400,0.720,-1,400.000,-1,400.000,-1,325.000,325.000,300.000,300.000,-1,-1,-1,-1,800.000,725.000,-1,-1,2,0,2,0,2,0,0,0,0,2,2,2,2,0,0,2,2
16,8189.972,-4872.369,60.282,101.867,-0.207408,-0.978227,0.007377,0.973168,-0.205556,0.103399,-0.099631,0.028624,0.994613,0,0.32000,0.48000,19.200,0.960,-1,400.000,-1,400.000,-1,325.000,325.000,300.000,300.000,-1,-1,-1,-1,800.000,750.000,-1,-1,2,0,2,0,2,0,0,0,0,2,2,2,2,0,0,2,2
17,8184.614,-4848.975,57.836,102.899,-0.225067,-0.974316,0.007236,0.969274,-0.223133,0.103537,-0.099263,0.030316,0.994599,0,0.40000,0.51610,24.000,1.032,-1,400.000,-1,400.000,-1,325.000,325.000,300.000,300.000,-1,-1,-1,-1,800.000,750.000,-1,-1,2,0,2,0,2,0,0,0,0,2,2,2,2,0,0,2,2
18,8177.679,-4821.023,54.911,103.931,-0.242650,-0.970088,0.007071,0.965056,-0.240636,0.103733,-0.098929,0.031995,0.994580,0,0.48000,0.51610,28.800,1.032,-1,400.000,-1,400.000,-1,325.000,325.000,300.000,300.000,-1,-1,-1,-1,825.000,750.000,-1,-1,2,0,2,0,2,0,0,0,0,2,2,2,2,0,0,2,2
19,8169.003,-4788.562,51.507,104.964,-0.260155,-0.965542,0.006891,0.960515,-0.258058,0.104004,-0.098642,0.033676,0.994553,0,0.56000,0.51610,33.600,1.032,-1,400.000,-1,400.000,-1,325.000,325.000,300.000,300.000,-1,-1,-1,-1,825.000,750.000,-1,-1,2,0,2,0,2,0,0,0,0,2,2,2,2,0,0,2,2
20,8158.421,-4751.649,47.623,105.996,-0.277576,-0.960680,0.006706,0.955649,-0.275393,0.104369,-0.098418,0.035379,0.994516,0,0.64000,0.51610,38.400,1.032,-1,400.000,-1,400.000,-1,325.000,325.000,300.000,300.000,-1,-1,-1,-1,825.000,750.000,-1,-1,2,0,2,0,2,0,0,0,0,2,2,2,2,0,0,2,2
21,8146.096,-4711.409,43.372,107.028,-0.294909,-0.955503,0.006532,0.950459,-0.292636,0.104838,-0.098262,0.037126,0.994468,0,0.70143,0.51610,42.086,1.032,-1,400.000,-1,400.000,-1,325.000,325.000,300.000,275.000,-1,-1,-1,-1,825.000,750.000,-1,-1,2,0,2,0,2,0,0,0,0,2,2,2,2,0,0,2,2
22,8133.048,-4671.396,39.158,108.060,-0.312140,-0.950016,0.006235,0.944942,-0.309781,0.105449,-0.098247,0.038807,0.994405,0,0.70143,0.51610,42.086,1.032,-1,400.000,-1,400.000,-1,325.000,325.000,300.000,275.000,-1,-1,-1,-1,800.000,750.000,-1,-1,2,0,2,0,2,0,0,0,0,2,2,2,2,0,0,2,2
23,8119.282,-4631.626,35.021,109.092,-0.329249,-0.944226,0.005695,0.939111,-0.326826,0.106089,-0.098311,0.040278,0.994340,0,0.70143,0.51610,42.086,1.032,-1,400.000,-1,400.000,-1,325.000,325.000,300.000,275.000,-1,-1,-1,-1,800.000,750.000,-1,-1,2,0,2,0,2,0,0,0,0,2,2,2,2,0,0,2,2
24,8104.801,-4592.110,30.917,110.125,-0.346245,-0.938130,0.005115,0.932981,-0.343762,0.106652,-0.098295,0.041700,0.994283,0,0.70143,0.51610,42.086,1.032,-1,400.000,-1,400.000,-1,325.000,325.000,300.000,275.000,-1,-1,-1,-1,800.000,750.000,-1,-1,2,0,2,0,2,0,0,0,0,2,2,2,2,0,0,2,2
25,8089.611,-4552.861,26.811,111.157,-0.363134,-0.931726,0.004590,0.926536,-0.360583,0.107285,-0.098305,0.043212,0.994218,0,0.70143,0.51610,42.086,1.032,-1,400.000,-1,400.000,-1,325.000,325.000,300.000,275.000,-1,-1,-1,-1,800.000,750.000,-1,-1,2,0,2,0,2,0,0,0,0,2,2,2,2,0,0,2,2
26,8073.716,-4513.893,22.829,112.189,-0.379863,-0.925035,0.003791,0.919845,-0.377291,0.107408,-0.097926,0.044287,0.994208,0,0.70143,0.51610,42.086,1.032,-1,400.000,-1,400.000,-1,325.000,325.000,300.000,275.000,-1,-1,-1,-1,800.000,750.000,-1,-1,2,0,2,0,2,0,0,0,0,2,2,2,2,0,0,2,2
27,8055.411,-4470.728,18.358,112.981,-0.392592,-0.919708,0.002897,0.914512,-0.390035,0.107425,-0.097670,0.044824,0.994209,0,0.78143,0.39610,46.886,0.792,-1,400.000,-1,400.000,-1,325.000,325.000,300.000,275.000,-1,-1,-1,-1,800.000,725.000,-1,-1,2,0,2,0,2,0,0,0,0,2,2,2,2,0,0,2,2
28,8034.773,-4423.341,13.411,113.533,-0.401406,-0.915898,0.002081,0.910685,-0.398877,0.107474,-0.097606,0.045036,0.994206,0,0.86143,0.27610,51.686,0.552,-1,400.000,-1,400.000,-1,325.000,325.000,300.000,275.000,-1,-1,-1,-1,800.000,725.000,-1,-1,2,0,2,0,2,0,0,0,0,2,2,2,2,0,0,2,2
29,8012.018,-4371.859,7.975,113.846,-0.406349,-0.913717,0.001296,0.908473,-0.403864,0.107566,-0.097761,0.044887,0.994197,0,0.93811,0.15610,56.287,0.312,-1,400.000,-1,400.000,-1,325.000,325.000,300.000,275.000,-1,-1,-1,-1,800.000,725.000,-1,-1,2,0,2,0,2,0,0,0,0,2,2,2,2,0,0,2,2
30,7989.198,-4320.406,2.470,113.918,-0.407449,-0.913228,0.000555,0.907941,-0.405025,0.107693,-0.098124,0.044383,0.994184,0,0.93811,0.03610,56.287,0.072,-1,400.000,-1,400.000,-1,325.000,325.000,300.000,275.000,-1,-1,-1,-1,775.000,725.000,-1,-1,2,0,2,0,2,0,0,0,0,2,2,2,2,0,0,2,2
31,7966.529,-4268.886,-3.113,113.750,-0.404709,-0.914446,-0.000158,0.909106,-0.402364,0.107843,-0.098680,0.043501,0.994168,0,0.93811,-0.08390,56.287,-0.168,-1,400.000,-1,400.000,-1,325.000,325.000,300.000,275.000,-1,-1,-1,-1,775.000,725.000,-1,-1,2,0,2,0,2,0,0,0,0,2,2,2,2,0,0,2,2
32,7944.228,-4217.205,-8.782,113.342,-0.398111,-0.917337,-0.000856,0.911935,-0.395867,0.108002,-0.099413,0.042216,0.994150,0,0.93811,-0.20390,56.287,-0.408,-1,400.000,-1,400.000,-1,325.000,325.000,300.000,275.000,-1,-1,-1,-1,775.000,725.000,-1,-1,2,0,2,0,2,0,0,0,0,2,2,2,2,0,0,2,2
33,7922.512,-4165.276,-14.543,112.694,-0.387616,-0.921820,-0.001552,0.916348,-0.385498,0.108155,-0.100298,0.040500,0.994133,0,0.93811,-0.32390,56.287,-0.648,-1,400.000,-1,375.000,-1,325.000,325.000,300.000,275.000,-1,-1,-1,-1,750.000,725.000,-1,-1,2,0,2,0,2,0,0,0,0,2,2,2,2,0,0,2,2
34,7901.604,-4113.017,-20.335,111.806,-0.373193,-0.927752,-0.001925,0.922230,-0.371196,0.108187,-0.101086,0.038599,0.994129,0,0.93811,-0.44390,56.287,-0.888,-1,400.000,-1,375.000,-1,325.000,325.000,300.000,275.000,-1,-1,-1,-1,750.000,700.000,-1,-1,2,0,2,0,2,0,0,0,0,2,2,2,2,0,0,2,2
35,7881.551,-4060.423,-26.199,110.872,-0.357916,-0.933751,-0.002222,0.928191,-0.356042,0.108148,-0.101774,0.036646,0.994132,0,0.93811,-0.46725,56.287,-0.934,-1,400.000,-1,375.000,-1,325.000,325.000,300.000,275.000,-1,-1,-1,-1,750.000,700.000,-1,-1,2,0,2,0,2,0,0,0,0,2,2,2,2,0,0,2,2
36,7862.358,-4007.510,-32.090,109.937,-0.342512,-0.939509,-0.002846,0.933895,-0.340793,0.108163,-0.102590,0.034389,0.994129,0,0.93811,-0.46725,56.287,-0.934,-1,400.000,-1,375.000,-1,325.000,325.000,300.000,275.000,-1,-1,-1,-1,750.000,700.000,-1,-1,2,0,2,0,2,0,0,0,0,2,2,2,2,0,0,2,2
37,7844.030,-3954.290,-37.751,109.003,-0.326894,-0.945050,-0.004576,0.939404,-0.325462,0.107675,-0.103247,0.030899,0.994176,0,0.93811,-0.46725,56.287,-0.934,-1,400.000,-1,375.000,-1,325.000,325.000,300.000,300.000,-1,-1,-1,-1,725.000,700.000,-1,-1,2,0,2,0,2,0,0,0,0,2,2,2,2,0,0,2,2
38,7826.574,-3900.779,-43.425,108.069,-0.311153,-0.950337,-0.006564,0.944682,-0.310040,0.107006,-0.103726,0.027094,0.994237,0,0.93811,-0.46725,56.287,-0.934,-1,400.000,-1,375.000,-1,325.000,325.000,275.000,300.000,-1,-1,-1,-1,725.000,700.000,-1,-1,2,0,2,0,2,0,0,0,0,2,2,2,2,0,0,2,2
39,7809.991,-3846.990,-49.157,107.134,-0.295322,-0.955359,-0.008572,0.949703,-0.294528,0.106387,-0.104162,0.023277,0.994288,0,0.93811,-0.46725,56.287,-0.934,-1,375.000,-1,375.000,-1,325.000,325.000,275.000,300.000,-1,-1,-1,-1,725.000,675.000,-1,-1,2,0,2,0,2,0,0,0,0,2,2,2,2,0,0,2,2
40,7794.289,-3792.938,-54.627,106.200,-0.279546,-0.960089,-0.009065,0.954538,-0.278923,0.105161,-0.103492,0.020744,0.994414,0,0.93811,-0.46725,56.287,-0.934,-1,375.000,-1,375.000,-1,325.000,325.000,300.000,300.000,-1,-1,-1,-1,725.000,675.000,-1,-1,2,0,2,0,2,0,0,0,0,2,2,2,2,0,0,2,2
41,7779.470,-3738.638,-60.109,105.265,-0.263712,-0.964556,-0.009383,0.959136,-0.263240,0.103742,-0.102535,0.018359,0.994560,0,0.93811,-0.46725,56.287,-0.934,-1,400.000,-1,375.000,-1,325.000,325.000,300.000,300.000,-1,-1,-1,-1,725.000,675.000,-1,-1,2,0,2,0,2,0,0,0,0,2,2,2,2,0,0,2,2
42,7765.538,-3684.103,-65.650,104.331,-0.247802,-0.968761,-0.009781,0.963483,-0.247484,0.102234,-0.101461,0.015910,0.994712,0,0.93811,-0.46725,56.287,-0.934,-1,400.000,-1,375.000,-1,325.000,325.000,300.000,300.000,-1,-1,-1,-1,700.000,675.000,-1,-1,2,0,2,0,2,0,0,0,0,2,2,2,2,0,0,2,2
43,7752.497,-3629.348,-71.245,103.396,-0.231820,-0.972705,-0.010262,0.967577,-0.231660,0.100644,-0.100274,0.013402,0.994870,0,0.93811,-0.46725,56.287,-0.934,-1,400.000,-1,375.000,-1,325.000,325.000,300.000,300.000,-1,-1,-1,-1,700.000,675.000,-1,-1,2,0,2,0,2,0,0,0,0,2,2,2,2,0,0,2,2
44,7740.352,-3574.388,-76.892,102.462,-0.215772,-0.976384,-0.010829,0.971414,-0.215772,0.098978,-0.098978,0.010837,0.995031,0,0.93811,-0.46725,56.287,-0.934,-1,400.000,-1,375.000,-1,325.000,325.000,300.000,300.000,-1,-1,-1,-1,700.000,675.000,-1,-1,2,0,2,0,2,0,0,0,0,2,2,2,2,0,0,2,2
45,7729.104,-3519.237,-82.507,101.527,-0.199690,-0.979795,-0.011229,0.974964,-0.199823,0.097545,-0.097818,0.008530,0.995168,0,0.93811,-0.46725,56.287,-0.934,-1,400.000,-1,375.000,-1,325.000,325.000,300.000,300.000,-1,1000.000,-1,-1,700.000,675.000,-1,-1,2,0,2,0,2,0,0,0,0,2,0,2,2,0,0,2,2
46,7718.757,-3463.909,-88.153,100.593,-0.183554,-0.982940,-0.011674,0.978253,-0.183820,0.096084,-0.096591,0.006217,0.995305,0,0.93811,-0.46725,56.287,-0.934,-1,375.000,-1,375.000,-1,325.000,325.000,300.000,300.000,-1,800.000,-1,-1,675.000,675.000,-1,-1,2,0,2,0,2,0,0,0,0,2,0,2,2,0,0,2,2
47,7709.314,-3408.421,-93.838,99.658,-0.167366,-0.985819,-0.012207,0.981282,-0.167767,0.094549,-0.095256,0.003846,0.995445,0,0.93811,-0.46725,56.287,-0.934,-1,375.000,-1,375.000,-1,325.000,300.000,300.000,300.000,-1,700.000,950.000,-1,675.000,675.000,-1,-1,2,0,2,0,2,0,0,0,0,2,0,0,2,0,0,2,2
48,7700.776,-3352.786,-99.558,98.724,-0.151130,-0.988431,-0.012831,0.984052,-0.151667,0.092946,-0.093817,0.001420,0.995588,0,0.93811,-0.46725,56.287,-0.934,-1,375.000,-1,375.000,-1,325.000,300.000,300.000,300.000,-1,625.000,800.000,-1,675.000,675.000,-1,-1,2,0,2,0,2,0,0,0,0,2,0,0,2,0,0,2,2
49,7693.148,-3297.019,-105.137,97.789,-0.134791,-0.990772,-0.014196,0.986551,-0.135526,0.091372,-0.092452,-0.001689,0.995716,0,0.93811,-0.46725,56.287,-0.934,-1,375.000,-1,375.000,-1,300.000,300.000,300.000,300.000,-1,550.000,700.000,-1,675.000,675.000,-1,-1,2,0,2,0,2,0,0,0,0,2,0,0,2,0,0,2,2
50,7686.429,-3241.135,-110.282,96.855,-0.118342,-0.992836,-0.016475,0.988801,-0.119348,0.089598,-0.090922,-0.005687,0.995842,0,0.93811,-0.46725,56.287,-0.934,-1,375.000,-1,375.000,-1,300.000,300.000,300.000,300.000,-1,525.000,675.000,-1,675.000,675.000,-1,-1,2,0,2,0,2,0,0,0,0,2,0,0,2,0,0,2,2
51,7680.623,-3185.149,-114.697,95.920,-0.102143,-0.994644,-0.015795,0.990810,-0.103139,0.087509,-0.088669,-0.006711,0.996039,0,0.93811,-0.46725,56.287,-0.934,-1,375.000,-1,375.000,-1,300.000,300.000,300.000,300.000,-1,525.000,625.000,-1,675.000,675.000,-1,-1,2,0,2,0,2,0,0,0,0,2,0,0,2,0,0,2,2
52,7675.732,-3129.076,-119.119,94.986,-0.085911,-0.996186,-0.015228,0.992553,-0.086902,0.085360,-0.086358,-0.007781,0.996234,0,0.93811,-0.46725,56.287,-0.934,-1,375.000,-1,375.000,-1,300.000,300.000,300.000,300.000,-1,525.000,600.000,-1,675.000,700.000,-1,-1,2,0,2,0,2,0,0,0,0,2,0,0,2,0,0,2,2
53,7671.755,-3072.930,-123.547,94.051,-0.069651,-0.997462,-0.014774,0.994029,-0.070643,0.083161,-0.083994,-0.008893,0.996427,0,0.93811,-0.46725,56.287,-0.934,-1,375.000,-1,375.000,-1,300.000,300.000,300.000,300.000,-1,525.000,575.000,-1,675.000,700.000,-1,-1,2,0,2,0,2,0,0,0,0,2,0,0,2,0,0,2,2
54,7668.695,-3016.727,-127.979,93.117,-0.053368,-0.998471,-0.014433,0.995237,-0.054365,0.080922,-0.081583,-0.010045,0.996616,0,0.93811,-0.46725,56.287,-0.934,-1,375.000,-1,375.000,-1,325.000,300.000,300.000,300.000,-1,550.000,575.000,-1,675.000,700.000,-1,-1,2,0,2,0,2,0,0,0,0,2,0,0,2,0,0,2,2
55,7666.552,-2960.482,-132.414,92.182,-0.037068,-0.999212,-0.014203,0.996175,-0.038073,0.078651,-0.079129,-0.011234,0.996801,0,0.93811,-0.46725,56.287,-0.934,-1,375.000,-1,375.000,-1,325.000,325.000,300.000,300.000,-1,550.000,550.000,-1,675.000,725.000,-1,-1,2,0,2,0,2,0,0,0,0,2,0,0,2,0,0,2,2
56,7665.215,-2909.013,-136.474,91.488,-0.024952,-0.999589,-0.014084,0.996728,-0.025959,0.076551,-0.076885,-0.012128,0.996966,0,0.85811,-0.34725,51.487,-0.694,-1,375.000,-1,375.000,-1,325.000,325.000,300.000,300.000,-1,550.000,550.000,-1,675.000,725.000,-1,-1,2,0,2,0,2,0,0,0,0,2,0,0,2,0,0,2,2
57,7664.373,-2862.334,-140.156,91.033,-0.017028,-0.999757,-0.014030,0.997048,-0.018029,0.074634,-0.074869,-0.012717,0.997112,0,0.77811,-0.22725,46.687,-0.454,-1,375.000,-1,375.000,-1,325.000,325.000,300.000,300.000,-1,550.000,550.000,-1,675.000,725.000,-1,-1,2,0,2,0,2,0,0,0,0,2,0,0,2,0,0,2,2
58,7663.774,-2820.452,-143.461,90.819,-0.013299,-0.999814,-0.014001,0.997236,-0.014286,0.072906,-0.073093,-0.012993,0.997241,0,0.69811,-0.10725,41.887,-0.214,-1,375.000,-1,375.000,-1,325.000,325.000,300.000,300.000,-1,550.000,550.000,-1,675.000,725.000,-1,-1,2,0,2,0,2,0,0,0,0,2,0,0,2,0,0,2,2
59,7663.228,-2783.370,-146.387,90.844,-0.013768,-0.999808,-0.013969,0.997341,-0.014731,0.071371,-0.071563,-0.012949,0.997352,0,0.61811,0.01275,37.087,0.026,-1,375.000,-1,375.000,-1,325.000,325.000,300.000,300.000,-1,550.000,550.000,-1,675.000,750.000,-1,-1,2,0,2,0,2,0,0,0,0,2,0,0,2,0,0,2,2
60,7662.603,-2751.089,-148.934,91.110,-0.018433,-0.999733,-0.013911,0.997357,-0.019364,0.070030,-0.070281,-0.012583,0.997448,0,0.53811,0.13275,32.287,0.266,-1,375.000,-1,400.000,-1,325.000,325.000,300.000,300.000,-1,550.000,550.000,-1,700.000,750.000,-1,-1,2,0,2,0,2,0,0,0,0,2,0,0,2,0,0,2,2
61,7661.829,-2723.614,-151.101,91.615,-0.027295,-0.999532,-0.013813,0.997226,-0.028184,0.068885,-0.069242,-0.011894,0.997529,0,0.45811,0.25275,27.487,0.506,-1,375.000,-1,400.000,-1,325.000,325.000,300.000,300.000,-1,525.000,525.000,-1,700.000,750.000,-1,-1,2,0,2,0,2,0,0,0,0,2,0,0,2,0,0,2,2
62,7660.894,-2700.946,-152.889,92.361,-0.040348,-0.999092,-0.013666,0.996839,-0.041187,0.067935,-0.068436,-0.010882,0.997596,0,0.37811,0.37275,22.687,0.746,-1,375.000,-1,400.000,-1,325.000,325.000,300.000,300.000,-1,500.000,500.000,-1,700.000,750.000,-1,-1,2,0,2,0,2,0,0,0,0,2,0,0,2,0,0,2,2
63,7659.851,-2683.090,-154.297,93.346,-0.057587,-0.998250,-0.013472,0.996032,-0.058365,0.067184,-0.067853,-0.009550,0.997650,0,0.29811,0.49275,17.887,0.986,-1,375.000,-1,400.000,-1,325.000,325.000,300.000,300.000,-1,500.000,475.000,-1,700.000,750.000,-1,-1,2,0,2,0,2,0,0,0,0,2,0,0,2,0,0,2,2
64,7658.847,-2670.042,-155.326,94.402,-0.076028,-0.997017,-0.013262,0.994822,-0.076747,0.066634,-0.067453,-0.008128,0.997689,0,0.21811,0.52781,13.087,1.056,-1,375.000,-1,400.000,-1,325.000,325.000,300.000,300.000,-1,475.000,450.000,-1,700.000,750.000,-1,-1,2,0,2,0,2,0,0,0,0,2,0,0,2,0,0,2,2
65,7658.060,-2661.793,-155.976,95.451,-0.094323,-0.995456,-0.013062,0.993269,-0.094986,0.066285,-0.067224,-0.006722,0.997715,0,0.13811,0.52443,8.287,1.049,-1,375.000,-1,400.000,-1,325.000,325.000,300.000,300.000,-1,475.000,450.000,-1,700.000,750.000,-1,-1,2,0,2,0,2,0,0,0,0,2,0,0,2,0,0,2,2
66,7657.666,-2658.329,-156.232,96.494,-0.112490,-0.993568,-0.012953,0.991377,-0.113105,0.066177,-0.067217,-0.005397,0.997724,0,0.05811,0.52191,3.487,1.044,-1,375.000,-1,400.000,-1,325.000,325.000,300.000,300.000,-1,475.000,450.000,-1,700.000,750.000,-1,-1,2,0,2,0,2,0,0,0,0,2,0,0,2,0,0,2,2
67,7657.838,-2659.631,-156.105,97.535,-0.130560,-0.991356,-0.012899,0.989147,-0.131132,0.066274,-0.067393,-0.004106,0.997718,0,-0.02189,0.52031,-1.313,1.041,-1,375.000,-1,400.000,-1,325.000,325.000,300.000,300.000,-1,475.000,450.000,-1,700.000,750.000,-1,-1,2,0,2,0,2,0,0,0,0,2,0,0,2,0,0,2,2
68,7658.750,-2665.676,-155.627,98.574,-0.148568,-0.988819,-0.012803,0.986584,-0.149094,0.066506,-0.067672,-0.002750,0.997704,0,-0.10189,0.51969,-6.113,1.039,-1,375.000,-1,400.000,-1,325.000,325.000,300.000,300.000,-1,475.000,450.000,-1,675.000,750.000,-1,-1,2,0,2,0,2,0,0,0,0,2,0,0,2,0,0,2,2
69,7660.573,-2676.436,-154.796,99.615,-0.166543,-0.985953,-0.012679,0.983683,-0.167020,0.066876,-0.068054,-0.001334,0.997681,0,-0.18189,0.52008,-10.913,1.040,-1,375.000,-1,375.000,-1,325.000,325.000,300.000,300.000,-1,475.000,450.000,-1,675.000,750.000,-1,-1,2,0,2,0,2,0,0,0,0,2,0,0,2,0,0,2,2
70,7663.479,-2691.878,-153.566,100.658,-0.184500,-0.982750,-0.012743,0.980430,-0.184939,0.067487,-0.068679,-0.000042,0.997639,0,-0.26189,0.52150,-15.713,1.043,-1,375.000,-1,375.000,-1,325.000,325.000,300.000,300.000,-1,475.000,475.000,-1,675.000,725.000,-1,-1,2,0,2,0,2,0,0,0,0,2,0,0,2,0,0,2,2
71,7667.640,-2711.964,-151.961,101.705,-0.202473,-0.979203,-0.012924,0.976820,-0.202881,0.068279,-0.069481,0.001200,0.997583,0,-0.34189,0.52396,-20.513,1.048,-1,375.000,-1,375.000,-1,325.000,325.000,300.000,300.000,-1,500.000,475.000,-1,675.000,725.000,-1,-1,2,0,2,0,2,0,0,0,0,2,0,0,2,0,0,2,2
72,7672.436,-2733.138,-150.270,102.760,-0.220495,-0.975299,-0.013167,0.972852,-0.220874,0.069095,-0.070296,0.002426,0.997523,0,-0.36184,0.52746,-21.710,1.055,-1,375.000,-1,375.000,-1,325.000,325.000,300.000,300.000,-1,500.000,500.000,-1,675.000,725.000,-1,-1,2,0,2,0,2,0,0,0,0,2,0,0,2,0,0,2,2
73,7677.670,-2754.413,-148.571,103.823,-0.238569,-0.971032,-0.013459,0.968521,-0.238921,0.069890,-0.071081,0.003638,0.997464,0,-0.36515,0.53127,-21.909,1.063,-1,375.000,-1,375.000,-1,325.000,325.000,300.000,300.000,-1,525.000,525.000,-1,675.000,725.000,-1,-1,2,0,2,0,2,0,0,0,0,2,0,0,2,0,0,2,2
74,7683.351,-2775.774,-146.867,104.893,-0.256692,-0.966395,-0.013801,0.963820,-0.257017,0.070661,-0.071833,0.004837,0.997405,0,-0.36839,0.53518,-22.104,1.070,-1,375.000,-1,375.000,-1,325.000,325.000,300.000,300.000,-1,525.000,550.000,-1,675.000,725.000,-1,-1,2,0,2,0,2,0,0,0,0,2,0,0,2,0,0,2,2
75,7689.486,-2797.206,-145.158,105.972,-0.274857,-0.961380,-0.014191,0.958744,-0.275157,0.071404,-0.072552,0.006020,0.997346,0,-0.37155,0.53918,-22.293,1.078,-1,375.000,-1,375.000,-1,325.000,325.000,300.000,300.000,-1,550.000,575.000,-1,675.000,725.000,-1,-1,2,0,2,0,2,0,0,0,0,2,0,0,2,0,0,2,2
76,7696.079,-2818.695,-143.445,107.058,-0.293059,-0.955982,-0.014630,0.953286,-0.293336,0.072116,-0.073233,0.007188,0.997289,0,-0.37463,0.54328,-22.478,1.087,-1,375.000,-1,375.000,-1,325.000,325.000,300.000,300.000,-1,550.000,575.000,-1,675.000,725.000,-1,-1,2,0,2,0,2,0,0,0,0,2,0,0,2,0,0,2,2
77,7703.138,-2840.224,-141.715,108.153,-0.311296,-0.950193,-0.015071,0.947433,-0.311547,0.072862,-0.073928,0.008403,0.997228,0,-0.37762,0.54747,-22.657,1.095,-1,375.000,-1,375.000,-1,325.000,325.000,300.000,300.000,-1,550.000,575.000,-1,675.000,700.000,-1,-1,2,0,2,0,2,0,0,0,0,2,0,0,2,0,0,2,2
78,7710.668,-2861.777,-139.921,109.257,-0.329573,-0.944005,-0.015388,0.941164,-0.329784,0.073845,-0.074785,0.009855,0.997151,0,-0.38052,0.55175,-22.831,1.103,-1,375.000,-1,375.000,-1,325.000,325.000,300.000,300.000,-1,550.000,600.000,-1,675.000,700.000,-1,-1,2,0,2,0,2,0,0,0,0,2,0,0,2,0,0,2,2
79,7718.673,-2883.339,-138.123,110.369,-0.347868,-0.937411,-0.015753,0.934490,-0.348041,0.074810,-0.075611,0.011303,0.997073,0,-0.38333,0.55611,-23.000,1.112,-1,375.000,-1,375.000,-1,325.000,325.000,300.000,300.000,-1,575.000,650.000,-1,675.000,700.000,-1,-1,2,0,2,0,2,0,0,0,0,2,0,0,2,0,0,2,2
80,7727.099,-2904.751,-136.335,111.482,-0.366038,-0.930460,-0.016165,0.927459,-0.366173,0.075748,-0.076399,0.012734,0.996996,0,-0.38350,0.55638,-23.010,1.113,-1,375.000,-1,375.000,-1,325.000,325.000,300.000,300.000,-1,600.000,675.000,-1,675.000,700.000,-1,-1,2,0,2,0,2,0,0,0,0,2,0,0,2,0,0,2,2
81,7735.940,-2925.994,-134.559,112.594,-0.384067,-0.923155,-0.016622,0.920076,-0.384167,0.076655,-0.077150,0.014147,0.996919,0,-0.38350,0.55638,-23.010,1.113,-1,375.000,-1,375.000,-1,300.000,325.000,300.000,300.000,-1,625.000,725.000,-1,675.000,700.000,-1,-1,2,0,2,0,2,0,0,0,0,2,0,0,2,0,0,2,2
82,7745.191,-2947.063,-132.794,113.707,-0.401949,-0.915502,-0.017122,0.912346,-0.402014,0.077528,-0.077861,0.015541,0.996843,0,-0.38350,0.55638,-23.010,1.113,-1,375.000,-1,375.000,-1,300.000,325.000,300.000,300.000,-1,650.000,750.000,-1,675.000,700.000,-1,-1,2,0,2,0,2,0,0,0,0,2,0,0,2,0,0,2,2
83,7754.850,-2967.947,-131.042,114.820,-0.419677,-0.907502,-0.017665,0.904270,-0.419707,0.078367,-0.078532,0.016915,0.996768,0,-0.38350,0.55638,-23.010,1.113,-1,375.000,-1,375.000,-1,300.000,325.000,300.000,300.000,-1,700.000,775.000,-1,675.000,700.000,-1,-1,2,0,2,0,2,0,0,0,0,2,0,0,2,0,0,2,2
84,7764.912,-2988.640,-129.303,115.933,-0.437242,-0.899159,-0.018248,0.895853,-0.437242,0.079167,-0.079162,0.018268,0.996694,0,-0.38350,0.55638,-23.010,1.113,-1,375.000,-1,375.000,-1,300.000,300.000,300.000,300.000,-1,775.000,800.000,-1,675.000,700.000,-1,-1,2,0,2,0,2,0,0,0,0,2,0,0,2,0,0,2,2
85,7775.375,-3009.134,-127.578,117.045,-0.454640,-0.890475,-0.018870,0.887097,-0.454609,0.079928,-0.079752,0.019599,0.996622,0,-0.38350,0.55638,-23.010,1.113,-1,375.000,-1,375.000,-1,300.000,300.000,300.000,300.000,-1,850.000,825.000,-1,675.000,675.000,-1,-1,2,0,2,0,2,0,0,0,0,2,0,0,2,0,0,2,2
86,7786.233,-3029.421,-125.867,118.158,-0.471863,-0.881455,-0.019529,0.878007,-0.471804,0.080646,-0.080300,0.020907,0.996551,0,-0.38350,0.55638,-23.010,1.113,-1,375.000,-1,375.000,-1,300.000,300.000,300.000,300.000,-1,875.000,875.000,-1,675.000,675.000,-1,-1,2,0,2,0,2,0,0,0,0,2,0,0,2,0,0,2,2
87,7797.483,-3049.493,-124.172,119.271,-0.488905,-0.872103,-0.020223,0.868586,-0.488820,0.081320,-0.080805,0.022192,0.996483,0,-0.38350,0.55638,-23.010,1.113,-1,375.000,-1,375.000,-1,300.000,300.000,300.000,300.000,-1,925.000,925.000,-1,675.000,675.000,-1,-1,2,0,2,0,2,0,0,0,0,2,0,0,2,0,0,2,2
88,7806.627,-3065.240,-122.839,120.144,-0.502140,-0.864536,-0.020795,0.860968,-0.502035,0.081822,-0.081178,0.023182,0.996430,0,-0.30350,0.43638,-18.210,0.873,-1,375.000,-1,375.000,-1,300.000,300.000,300.000,300.000,-1,975.000,1000.000,-1,675.000,675.000,-1,-1,2,0,2,0,2,0,0,0,0,2,0,0,2,0,0,2,2
89,7813.489,-3076.762,-121.863,120.776,-0.511661,-0.858925,-0.021228,0.855319,-0.511544,0.082174,-0.081440,0.023888,0.996392,0,-0.22350,0.31638,-13.410,0.633,-1,375.000,-1,375.000,-1,300.000,300.000,300.000,300.000,-1,-1,-1,-1,675.000,675.000,-1,-1,2,0,2,0,2,0,0,0,0,2,2,2,2,0,0,2,2
90,7817.945,-3084.129,-121.238,121.169,-0.517538,-0.855390,-0.021509,0.851760,-0.517414,0.082392,-0.081606,0.024320,0.996368,0,-0.14350,0.19638,-8.610,0.393,-1,375.000,-1,375.000,-1,300.000,300.000,300.000,300.000,-1,-1,-1,-1,675.000,675.000,-1,-1,2,0,2,0,2,0,0,0,0,2,2,2,2,0,0,2,2
91,7819.926,-3087.383,-120.962,121.322,-0.519817,-0.854004,-0.021633,0.850363,-0.519691,0.082487,-0.081687,0.024482,0.996357,0,-0.06350,0.07638,-3.810,0.153,-1,375.000,-1,375.000,-1,300.000,300.000,300.000,300.000,-1,-1,-1,-1,675.000,675.000,-1,-1,2,0,2,0,2,0,0,0,0,2,2,2,2,0,0,2,2
92,7819.413,-3086.537,-121.033,121.235,-0.518514,-0.854796,-0.021595,0.851158,-0.518391,0.082464,-0.081685,0.024378,0.996360,0,0.01650,-0.04362,0.990,-0.087,-1,375.000,-1,375.000,-1,300.000,300.000,300.000,300.000,-1,-1,-1,-1,675.000,675.000,-1,-1,2,0,2,0,2,0,0,0,0,2,2,2,2,0,0,2,2
93,7816.439,-3081.569,-121.452,120.907,-0.513620,-0.857751,-0.021399,0.854129,-0.513505,0.082321,-0.081599,0.024004,0.996376,0,0.09650,-0.16362,5.790,-0.327,-1,375.000,-1,375.000,-1,300.000,300.000,300.000,300.000,-1,-1,-1,-1,675.000,675.000,-1,-1,2,0,2,0,2,0,0,0,0,2,2,2,2,0,0,2,2
94,7811.089,-3072.429,-122.222,120.340,-0.505097,-0.862806,-0.021048,0.859213,-0.504996,0.082049,-0.081422,0.023358,0.996406,0,0.17650,-0.28362,10.590,-0.567,-1,375.000,-1,375.000,-1,300.000,300.000,300.000,300.000,-1,1000.000,-1,-1,675.000,675.000,-1,-1,2,0,2,0,2,0,0,0,0,2,0,2,2,0,0,2,2
95,7803.503,-3059.039,-123.350,119.533,-0.492882,-0.869853,-0.020554,0.866305,-0.492800,0.081634,-0.081139,0.022430,0.996450,0,0.25650,-0.40362,15.390,-0.807,-1,375.000,-1,375.000,-1,300.000,300.000,300.000,300.000,-1,950.000,975.000,-1,675.000,675.000,-1,-1,2,0,2,0,2,0,0,0,0,2,0,0,2,0,0,2,2
96,7793.815,-3041.326,-124.844,118.678,-0.479848,-0.877125,-0.019947,0.873635,-0.479783,0.081055,-0.080665,0.021468,0.996510,0,0.33650,-0.42728,20.190,-0.855,-1,375.000,-1,375.000,-1,300.000,300.000,300.000,300.000,-1,900.000,900.000,-1,675.000,675.000,-1,-1,2,0,2,0,2,0,0,0,0,2,0,0,2,0,0,2,2
97,7782.151,-3019.225,-126.709,117.824,-0.466712,-0.884200,-0.019238,0.880786,-0.466657,0.080296,-0.079976,0.020531,0.996585,0,0.41650,-0.42728,24.990,-0.855,-1,375.000,-1,375.000,-1,300.000,300.000,300.000,300.000,-1,850.000,850.000,-1,675.000,675.000,-1,-1,2,0,2,0,2,0,0,0,0,2,0,0,2,0,0,2,2
98,7768.641,-2992.675,-128.950,116.969,-0.453475,-0.891078,-0.018437,0.887755,-0.453426,0.079343,-0.079061,0.019612,0.996677,0,0.49650,-0.42728,29.790,-0.855,-1,375.000,-1,375.000,-1,300.000,300.000,300.000,300.000,-1,825.000,800.000,-1,675.000,675.000,-1,-1,2,0,2,0,2,0,0,0,0,2,0,0,2,0,0,2,2
99,7753.415,-2961.616,-131.569,116.115,-0.440141,-0.897757,-0.017554,0.894542,-0.440094,0.078179,-0.077911,0.018707,0.996785,0,0.57650,-0.42728,34.590,-0.855,-1,375.000,-1,375.000,-1,300.000,325.000,300.000,300.000,-1,725.000,775.000,-1,675.000,700.000,-1,-1,2,0,2,0,2,0,0,0,0,2,0,0,2,0,0,2,2
100,7736.607,-2925.993,-134.570,115.260,-0.426711,-0.904236,-0.016600,0.901145,-0.426662,0.076786,-0.076516,0.017807,0.996909,0,0.65650,-0.42728,39.390,-0.855,-1,375.000,-1,375.000,-1,300.000,325.000,300.000,300.000,-1,650.000,725.000,-1,675.000,700.000,-1,-1,2,0,2,0,2,0,0,0,0,2,0,0,2,0,0,2,2
101,7718.348,-2885.752,-137.956,114.406,-0.413187,-0.910513,-0.015585,0.907564,-0.413136,0.075149,-0.074862,0.016906,0.997051,0,0.73650,-0.42728,44.190,-0.855,-1,375.000,-1,375.000,-1,300.000,325.000,300.000,300.000,-1,600.000,700.000,-1,675.000,700.000,-1,-1,2,0,2,0,2,0,0,0,0,2,0,0,2,0,0,2,2
102,7700.545,-2844.909,-141.387,113.551,-0.399568,-0.916587,-0.014621,0.913782,-0.399516,0.073417,-0.073134,0.015974,0.997194,0,0.74257,-0.42728,44.554,-0.855,-1,375.000,-1,375.000,-1,325.000,325.000,300.000,300.000,-1,575.000,625.000,-1,675.000,700.000,-1,-1,2,0,2,0,2,0,0,0,0,2,0,0,2,0,0,2,2
103,7683.319,-2803.708,-144.843,112.690,-0.385748,-0.922502,-0.013719,0.919842,-0.385700,0.071604,-0.071346,0.015002,0.997339,0,0.74429,-0.43061,44.657,-0.861,-1,375.000,-1,375.000,-1,325.000,325.000,300.000,300.000,-1,550.000,600.000,-1,675.000,700.000,-1,-1,2,0,2,0,2,0,0,0,0,2,0,0,2,0,0,2,2
104,7666.629,-2762.003,-148.293,111.811,-0.371566,-0.928319,-0.012769,0.925792,-0.371516,0.069898,-0.069632,0.014150,0.997472,0,0.74868,-0.43923,44.921,-0.878,-1,375.000,-1,375.000,-1,325.000,325.000,300.000,300.000,-1,500.000,525.000,-1,675.000,700.000,-1,-1,2,0,2,0,2,0,0,0,0,2,0,0,2,0,0,2,2
105,7650.499,-2719.796,-151.609,110.916,-0.356998,-0.934026,-0.012143,0.931600,-0.356961,0.068562,-0.068373,0.013164,0.997573,0,0.75307,-0.44792,45.184,-0.896,-1,375.000,-1,375.000,-1,325.000,325.000,300.000,300.000,-1,475.000,500.000,-1,675.000,725.000,-1,-1,2,0,2,0,2,0,0,0,0,2,0,0,2,0,0,2,2
106,7634.953,-2677.091,-154.860,110.002,-0.342024,-0.939614,-0.012020,0.937281,-0.342034,0.067202,-0.067256,0.011719,0.997667,0,0.75746,-0.45666,45.447,-0.913,-1,375.000,-1,375.000,-1,300.000,325.000,300.000,300.000,-1,475.000,475.000,-1,675.000,725.000,-1,-1,2,0,2,0,2,0,0,0,0,2,0,0,2,0,0,2,2
107,7620.018,-2633.890,-158.074,109.071,-0.326652,-0.945066,-0.012188,0.942844,-0.326729,0.065516,-0.065900,0.009909,0.997777,0,0.76183,-0.46547,45.710,-0.931,-1,375.000,-1,375.000,-1,300.000,325.000,300.000,300.000,-1,475.000,475.000,-1,675.000,725.000,-1,-1,2,0,2,0,2,0,0,0,0,2,0,0,2,0,0,2,2
108,7605.718,-2590.199,-161.313,108.123,-0.310893,-0.950363,-0.012498,0.948254,-0.311042,0.063771,-0.064493,0.007974,0.997886,0,0.76619,-0.47434,45.971,-0.949,-1,375.000,-1,375.000,-1,300.000,325.000,300.000,300.000,-1,450.000,450.000,-1,675.000,725.000,-1,-1,2,0,2,0,2,0,0,0,0,2,0,0,2,0,0,2,2
109,7592.309,-2546.949,-164.360,107.225,-0.295935,-0.955126,-0.012506,0.953092,-0.296126,0.062646,-0.063538,0.006620,0.997957,0,0.75469,-0.44861,45.282,-0.897,-1,375.000,-1,375.000,-1,300.000,325.000,300.000,300.000,-1,475.000,475.000,-1,675.000,725.000,-1,-1,2,0,2,0,2,0,0,0,0,2,0,0,2,0,0,2,2
110,7579.553,-2503.388,-167.103,106.321,-0.280859,-0.959680,-0.011491,0.957686,-0.281020,0.062176,-0.062899,0.006458,0.997999,0,0.75651,-0.45199,45.391,-0.904,-1,375.000,-1,375.000,-1,300.000,325.000,300.000,300.000,-1,500.000,500.000,-1,675.000,725.000,-1,-1,2,0,2,0,2,0,0,0,0,2,0,0,2,0,0,2,2
111,7567.463,-2459.525,-169.772,105.411,-0.265617,-0.964025,-0.010163,0.962083,-0.265730,0.061512,-0.061999,0.006561,0.998055,0,0.75831,-0.45538,45.498,-0.911,-1,375.000,-1,375.000,-1,300.000,325.000,300.000,300.000,-1,525.000,525.000,-1,675.000,725.000,-1,-1,2,0,2,0,2,0,0,0,0,2,0,0,2,0,0,2,2
112,7556.050,-2415.372,-172.441,104.493,-0.250188,-0.968157,-0.008883,0.966269,-0.250258,0.060796,-0.061083,0.006627,0.998111,0,0.76007,-0.45880,45.604,-0.918,-1,375.000,-1,400.000,-1,300.000,325.000,300.000,300.000,-1,550.000,550.000,-1,675.000,750.000,-1,-1,2,0,2,0,2,0,0,0,0,2,0,0,2,0,0,2,2
113,7545.326,-2370.939,-175.110,103.569,-0.234574,-0.972068,-0.007653,0.970235,-0.234605,0.060033,-0.060152,0.006657,0.998167,0,0.76181,-0.46223,45.709,-0.924,-1,375.000,-1,400.000,-1,300.000,325.000,300.000,300.000,-1,575.000,550.000,-1,675.000,750.000,-1,-1,2,0,2,0,2,0,0,0,0,2,0,0,2,0,0,2,2
114,7535.304,-2326.238,-177.781,102.637,-0.218778,-0.975753,-0.006475,0.973977,-0.218773,0.059229,-0.059209,0.006652,0.998223,0,0.76352,-0.46569,45.811,-0.931,-1,375.000,-1,400.000,-1,300.000,325.000,300.000,300.000,-1,600.000,575.000,-1,675.000,750.000,-1,-1,2,0,2,0,2,0,0,0,0,2,0,0,2,0,0,2,2
115,7527.151,-2286.045,-180.170,101.466,-0.198805,-0.980024,-0.005444,0.978298,-0.198780,0.058481,-0.058395,0.006300,0.998274,0,0.68352,-0.58569,41.011,-1.171,-1,375.000,-1,400.000,-1,300.000,325.000,300.000,300.000,-1,625.000,600.000,-1,675.000,750.000,-1,-1,2,0,2,0,2,0,0,0,0,2,0,0,2,0,0,2,2
116,7520.829,-2250.390,-182.283,100.054,-0.174612,-0.984627,-0.004562,0.982945,-0.174582,0.057797,-0.057705,0.005608,0.998318,0,0.60352,-0.70569,36.211,-1.411,-1,375.000,-1,400.000,-1,325.000,325.000,300.000,300.000,-1,650.000,625.000,-1,675.000,750.000,-1,-1,2,0,2,0,2,0,0,0,0,2,0,0,2,0,0,2,2
117,7516.239,-2219.317,-184.123,98.403,-0.146157,-0.989254,-0.003825,0.987611,-0.146135,0.057183,-0.057128,0.004580,0.998356,0,0.52352,-0.82569,31.411,-1.651,-1,375.000,-1,400.000,-1,325.000,325.000,300.000,300.000,-1,675.000,625.000,-1,675.000,775.000,-1,-1,2,0,2,0,2,0,0,0,0,2,0,0,2,0,0,2,2
118,7513.221,-2192.877,-185.693,96.512,-0.113405,-0.993544,-0.003232,0.991933,-0.113406,0.056643,-0.056644,0.003218,0.998389,0,0.44352,-0.94569,26.611,-1.891,-1,375.000,-1,400.000,-1,325.000,325.000,300.000,300.000,-1,700.000,650.000,-1,675.000,775.000,-1,-1,2,0,2,0,2,0,0,0,0,2,0,0,2,0,0,2,2
119,7511.506,-2171.134,-186.991,94.512,-0.078631,-0.996900,-0.002779,0.995317,-0.078663,0.056182,-0.056226,0.001652,0.998417,0,0.36352,-1.00000,21.811,-2.000,-1,375.000,-1,400.000,-1,325.000,325.000,300.000,300.000,-1,700.000,675.000,-1,675.000,775.000,-1,-1,2,0,2,0,2,0,0,0,0,2,0,0,2,0,0,2,2
120,7510.760,-2154.139,-188.016,92.512,-0.043755,-0.999039,-0.002458,0.997480,-0.043824,0.055804,-0.055858,-0.000010,0.998439,0,0.28352,-1.00000,17.011,-2.000,-1,375.000,-1,400.000,-1,325.000,325.000,300.000,300.000,-1,700.000,700.000,-1,700.000,800.000,-1,-1,2,0,2,0,2,0,0,0,0,2,0,0,2,0,0,2,2
121,7510.651,-2141.928,-188.764,90.512,-0.008819,-0.999959,-0.002253,0.998418,-0.008931,0.055510,-0.055528,-0.001760,0.998456,0,0.20352,-1.00000,12.211,-2.000,-1,375.000,-1,400.000,-1,325.000,325.000,300.000,300.000,-1,725.000,700.000,-1,700.000,800.000,-1,-1,2,0,2,0,2,0,0,0,0,2,0,0,2,0,0,2,2
122,7510.843,-2134.520,-189.237,88.512,0.026131,-0.999656,-0.002151,0.998132,0.025972,0.055297,-0.055222,-0.003592,0.998468,0,0.12352,-1.00000,7.411,-2.000,-1,375.000,-1,400.000,-1,325.000,325.000,300.000,300.000,-1,725.000,725.000,-1,700.000,825.000,-1,-1,2,0,2,0,2,0,0,0,0,2,0,0,2,0,0,2,2
123,7511.002,-2131.913,-189.432,86.512,0.061054,-0.998132,-0.002138,0.996622,0.060844,0.055159,-0.054926,-0.005498,0.998475,0,0.04352,-1.00000,2.611,-2.000,-1,375.000,-1,400.000,1000.000,325.000,325.000,300.000,300.000,-1,725.000,725.000,-1,700.000,825.000,-1,-1,2,0,2,0,1,0,0,0,0,2,0,0,2,0,0,2,2
124,7510.792,-2134.092,-189.351,84.513,0.095883,-0.995390,-0.002199,0.993893,0.095617,0.055089,-0.054625,-0.007467,0.998479,0,-0.03648,-0.99935,-2.189,-1.999,-1,375.000,-1,400.000,950.000,325.000,325.000,300.000,300.000,-1,725.000,700.000,-1,700.000,825.000,-1,-1,2,0,2,0,1,0,0,0,0,2,0,0,2,0,0,2,2
125,7509.882,-2141.021,-188.996,82.519,0.130521,-0.991443,-0.002320,0.989957,0.130197,0.055079,-0.054306,-0.009486,0.998479,0,-0.11648,-0.99715,-6.989,-1.994,-1,375.000,-1,400.000,925.000,325.000,325.000,300.000,300.000,-1,700.000,700.000,-1,725.000,825.000,-1,-1,2,0,2,0,1,0,0,0,0,2,0,0,2,0,0,2,2
126,7507.942,-2152.649,-188.371,80.530,0.164911,-0.986305,-0.002486,0.984832,0.164526,0.055120,-0.053956,-0.011539,0.998477,0,-0.19648,-0.99451,-11.789,-1.989,-1,375.000,-1,400.000,900.000,325.000,325.000,300.000,300.000,-1,700.000,700.000,-1,725.000,825.000,-1,-1,2,0,2,0,1,0,0,0,0,2,0,0,2,0,0,2,2
127,7505.315,-2165.610,-187.673,78.547,0.198997,-0.979997,-0.002659,0.978537,0.198551,0.055160,-0.053529,-0.013578,0.998474,0,-0.22040,-0.99149,-13.224,-1.983,-1,375.000,-1,400.000,900.000,325.000,325.000,300.000,300.000,-1,700.000,675.000,-1,725.000,850.000,-1,-1,2,0,2,0,1,0,0,0,0,2,0,0,2,0,0,2,2
128,7502.247,-2178.459,-186.986,76.570,0.232737,-0.972536,-0.002824,0.971094,0.232232,0.055180,-0.053009,-0.015585,0.998472,0,-0.22017,-0.98843,-13.210,-1.977,-1,400.000,-1,400.000,900.000,325.000,325.000,300.000,300.000,-1,700.000,675.000,-1,725.000,850.000,-1,-1,2,0,2,0,1,0,0,0,0,2,0,0,2,0,0,2,2
129,7498.739,-2191.191,-186.310,74.599,0.266097,-0.963942,-0.002982,0.962521,0.265534,0.055181,-0.052400,-0.017554,0.998472,0,-0.22011,-0.98547,-13.206,-1.971,-1,400.000,-1,400.000,900.000,325.000,325.000,300.000,300.000,-1,700.000,650.000,-1,725.000,850.000,-1,-1,2,0,2,0,1,0,0,0,0,2,0,0,2,0,0,2,2
130,7494.795,-2203.801,-185.647,72.634,0.299042,-0.954235,-0.003134,0.952838,0.298424,0.055163,-0.051703,-0.019482,0.998472,0,-0.22021,-0.98263,-13.213,-1.965,-1,400.000,-1,400.000,925.000,325.000,325.000,300.000,300.000,-1,675.000,650.000,-1,750.000,850.000,-1,1000.000,2,0,2,0,1,0,0,0,0,2,0,0,2,0,0,2,1
131,7490.416,-2216.284,-184.996,70.674,0.331542,-0.943435,-0.003279,0.942065,0.330869,0.055125,-0.050922,-0.021365,0.998474,0,-0.22048,-0.97989,-13.229,-1.960,-1,400.000,-1,400.000,950.000,325.000,325.000,300.000,300.000,-1,675.000,650.000,-1,750.000,850.000,-1,1000.000,2,0,2,0,1,0,0,0,0,2,0,0,2,0,1,2,1
132,7485.605,-2228.634,-184.359,68.719,0.363564,-0.931563,-0.003419,0.930223,0.362839,0.055068,-0.050059,-0.023201,0.998477,0,-0.22090,-0.97726,-13.254,-1.955,-1,400.000,-1,400.000,975.000,325.000,325.000,300.000,300.000,-1,675.000,625.000,-1,750.000,825.000,-1,975.000,2,0,2,0,1,0,0,0,0,2,0,0,2,0,1,2,1
133,7480.363,-2240.845,-183.737,66.770,0.395078,-0.918641,-0.003553,0.917334,0.394303,0.054992,-0.049117,-0.024985,0.998480,0,-0.22148,-0.97476,-13.289,-1.950,-1,400.000,-1,400.000,-1,325.000,325.000,300.000,300.000,-1,675.000,625.000,-1,750.000,800.000,-1,975.000,2,0,2,0,2,0,0,0,0,2,0,0,2,0,1,2,1
134,7474.692,-2252.911,-183.129,64.825,0.426054,-0.904690,-0.003681,0.903418,0.425231,0.054897,-0.048099,-0.026714,0.998485,0,-0.22220,-0.97237,-13.332,-1.945,-1,400.000,-1,400.000,-1,325.000,325.000,300.000,300.000,-1,675.000,625.000,-1,775.000,800.000,-1,975.000,2,0,2,0,2,0,0,0,0,2,0,0,2,0,1,2,1
135,7468.591,-2264.823,-182.527,62.885,0.456465,-0.889733,-0.003824,0.888497,0.455595,0.054827,-0.047039,-0.028424,0.998489,0,-0.22306,-0.97010,-13.384,-1.940,-1,400.000,-1,400.000,-1,325.000,325.000,300.000,300.000,-1,675.000,625.000,-1,775.000,775.000,-1,1000.000,2,0,2,0,2,0,0,0,0,2,0,0,2,0,1,2,1
