timestep,x_cm,y_cm,z_cm,yaw_deg,basis_xx,basis_xy,basis_xz,basis_yx,basis_yy,basis_yz,basis_zx,basis_zy,basis_zz,teleport_flag,throttle_cmd,steering_cmd,cmd_move_cm,cmd_turn_deg,lidar_cm_0,lidar_cm_1,lidar_cm_2,lidar_cm_3,lidar_cm_4,lidar_cm_5,lidar_cm_6,lidar_cm_7,lidar_cm_8,lidar_cm_9,lidar_cm_10,lidar_cm_11,lidar_cm_12,lidar_cm_13,lidar_cm_14,lidar_cm_15,lidar_cm_16,lidar_class_0,lidar_class_1,lidar_class_2,lidar_class_3,lidar_class_4,lidar_class_5,lidar_class_6,lidar_class_7,lidar_class_8,lidar_class_9,lidar_class_10,lidar_class_11,lidar_class_12,lidar_class_13,lidar_class_14,lidar_class_15,lidar_class_16
0,2299.921,-1637.433,99.239,29.779,0.867735,-0.495996,0.031987,0.496972,0.866797,-0.041002,-0.007389,0.051476,0.998647,1,0.08000,-0.12000,4.800,-0.240,-1,400.000,-1,375.000,-1,325.000,325.000,325.000,300.000,-1,-1,-1,-1,725.000,625.000,-1,1000.000,2,0,2,1,2,0,0,0,0,2,2,2,2,1,1,2,1
1,2308.277,-1632.707,99.148,29.495,0.870179,-0.491707,0.031828,0.492677,0.869253,-0.040847,-0.007581,0.051225,0.998658,0,0.16000,-0.14178,9.600,-0.284,-1,400.000,-1,375.000,-1,325.000,325.000,325.000,300.000,-1,-1,-1,-1,700.000,625.000,-1,1000.000,2,0,2,1,2,0,0,0,0,2,2,2,2,1,1,2,1
2,2320.846,-1625.679,99.013,29.212,0.872598,-0.487413,0.031629,0.488377,0.871687,-0.040629,-0.007767,0.050899,0.998674,0,0.24000,-0.14157,14.400,-0.283,-1,400.000,-1,375.000,-1,325.000,325.000,325.000,300.000,-1,-1,-1,-1,700.000,625.000,-1,1000.000,2,0,2,1,2,0,0,0,0,2,2,2,2,1,1,2,1
3,2337.650,-1616.391,98.832,28.929,0.874993,-0.483115,0.031402,0.484069,0.874098,-0.040359,-0.007951,0.050514,0.998692,0,0.32000,-0.14137,19.200,-0.283,-1,400.000,-1,375.000,-1,325.000,325.000,325.000,300.000,-1,-1,-1,-1,675.000,600.000,-1,975.000,2,0,2,1,2,0,0,0,0,2,2,2,2,1,1,2,1
4,2358.713,-1604.886,98.604,28.647,0.877364,-0.478812,0.031163,0.479756,0.876487,-0.040052,-0.008136,0.050091,0.998712,0,0.40000,-0.14119,24.000,-0.282,-1,400.000,-1,375.000,-1,325.000,325.000,325.000,300.000,-1,-1,-1,-1,650.000,600.000,1000.000,950.000,2,0,2,1,2,0,0,0,0,2,2,2,2,1,1,1,1
5,2384.055,-1591.203,98.328,28.365,0.879711,-0.474502,0.030927,0.475436,0.878853,-0.039729,-0.008329,0.049654,0.998732,0,0.48000,-0.14102,28.800,-0.282,-1,400.000,-1,375.000,-1,325.000,325.000,325.000,300.000,-1,-1,-1,-1,650.000,600.000,975.000,925.000,2,0,2,1,2,0,1,0,0,2,2,2,2,1,1,1,1
6,2413.699,-1575.386,98.002,28.083,0.882033,-0.470185,0.030718,0.471110,0.881194,-0.039411,-0.008538,0.049233,0.998751,0,0.56000,-0.14084,33.600,-0.282,-1,400.000,975.000,375.000,-1,325.000,325.000,325.000,300.000,-1,-1,-1,-1,625.000,575.000,925.000,900.000,2,0,1,1,2,0,1,0,0,2,2,2,2,1,1,1,1
7,2447.667,-1557.476,97.627,27.802,0.884330,-0.465862,0.030547,0.466780,0.883508,-0.039121,-0.008764,0.048855,0.998767,0,0.64000,-0.14066,38.400,-0.281,-1,400.000,950.000,350.000,-1,325.000,300.000,325.000,300.000,-1,-1,-1,-1,600.000,550.000,875.000,850.000,2,1,1,1,2,1,1,0,0,2,2,2,2,1,1,1,1
8,2485.978,-1537.514,97.230,27.521,0.886602,-0.461533,0.030399,0.462445,0.885799,-0.038796,-0.009022,0.048454,0.998785,0,0.72000,-0.14047,43.200,-0.281,-1,375.000,900.000,350.000,-1,300.000,300.000,325.000,300.000,-1,-1,-1,-1,575.000,550.000,800.000,800.000,2,1,1,1,2,1,1,0,0,2,2,2,2,1,1,1,1
9,2528.655,-1515.544,96.811,27.241,0.888849,-0.457199,0.030276,0.458106,0.888065,-0.038473,-0.009297,0.048066,0.998801,0,0.80000,-0.14026,48.000,-0.281,1000.000,350.000,850.000,325.000,-1,300.000,275.000,325.000,300.000,-1,-1,-1,-1,525.000,525.000,750.000,750.000,1,1,1,1,2,1,1,0,0,2,2,2,2,1,1,1,1
10,2575.717,-1491.606,96.702,26.961,0.891107,-0.452886,0.028687,0.453714,0.890355,-0.037579,-0.008522,0.046503,0.998882,0,0.88000,-0.14003,52.800,-0.280,900.000,350.000,800.000,325.000,-1,275.000,275.000,325.000,300.000,-1,-1,-1,-1,500.000,500.000,675.000,700.000,1,1,1,1,2,1,1,0,0,2,2,2,2,1,1,1,1
11,2627.185,-1465.744,97.051,26.681,0.893381,-0.448602,0.025016,0.449255,0.892684,-0.035840,-0.006253,0.043257,0.999044,0,0.96000,-0.13977,57.600,-0.280,825.000,325.000,750.000,325.000,-1,275.000,275.000,300.000,325.000,-1,-1,-1,-1,475.000,475.000,625.000,675.000,1,1,1,1,2,1,1,0,0,2,2,2,2,1,1,1,1
12,2680.569,-1439.243,97.601,26.402,0.895633,-0.444322,0.020495,0.444782,0.895000,-0.033818,-0.003317,0.039404,0.999218,0,0.99334,-0.13947,59.600,-0.279,725.000,300.000,725.000,300.000,-1,250.000,250.000,300.000,325.000,-1,-1,-1,-1,450.000,475.000,550.000,650.000,1,1,1,1,2,1,1,0,0,2,2,2,2,1,1,1,1
13,2734.314,-1412.888,98.313,26.124,0.897850,-0.440044,0.015073,0.440302,0.897298,-0.031479,0.000327,0.034901,0.999391,0,0.99765,-0.13912,59.859,-0.278,625.000,275.000,725.000,300.000,-1,250.000,250.000,300.000,325.000,-1,725.000,-1,-1,400.000,450.000,500.000,650.000,1,1,1,1,2,1,1,0,0,2,0,2,2,1,1,1,1
14,2788.312,-1386.731,99.726,25.846,0.900037,-0.435737,0.008156,0.435766,0.899506,-0.031581,0.006424,0.031978,0.999468,0,1.00000,-0.13870,60.000,-0.277,575.000,275.000,825.000,275.000,-1,225.000,250.000,300.000,325.000,-1,375.000,625.000,-1,400.000,450.000,450.000,675.000,1,1,1,1,2,1,1,0,0,2,0,0,2,1,1,1,1
15,2842.435,-1360.830,103.486,25.570,0.902201,-0.431311,-0.002107,0.430842,0.901427,-0.042489,0.020225,0.037426,0.999095,0,1.00000,-0.13821,60.000,-0.276,600.000,275.000,-1,300.000,-1,225.000,250.000,325.000,325.000,-1,250.000,275.000,-1,400.000,450.000,450.000,775.000,1,1,2,1,2,1,1,0,0,2,0,0,2,1,1,1,1
16,2892.440,-1337.451,107.109,25.054,0.906008,-0.423084,-0.012220,0.421949,0.905096,-0.052546,0.033292,0.042451,0.998544,0,0.92000,-0.25821,55.200,-0.516,625.000,275.000,-1,300.000,-1,225.000,250.000,350.000,350.000,-1,200.000,200.000,-1,400.000,475.000,475.000,975.000,1,1,2,1,2,1,1,0,0,2,0,0,2,1,1,1,1
17,2938.375,-1316.708,110.572,24.297,0.911366,-0.411005,-0.022064,0.409067,0.910397,-0.061984,0.045563,0.047464,0.997833,0,0.84000,-0.37821,50.400,-0.756,650.000,275.000,-1,300.000,-1,225.000,250.000,375.000,350.000,-1,175.000,175.000,-1,425.000,525.000,500.000,-1,1,1,2,1,2,1,1,0,0,2,0,0,2,1,1,1,2
18,2980.256,-1298.665,113.801,23.301,0.918138,-0.395009,-0.031478,0.392167,0.917169,-0.070748,0.056817,0.052612,0.996997,0,0.76000,-0.49821,45.600,-0.996,675.000,275.000,-1,300.000,-1,225.000,250.000,400.000,350.000,-1,150.000,150.000,-1,425.000,550.000,500.000,-1,1,1,2,1,2,1,1,0,0,2,0,0,2,1,1,1,2
19,3020.499,-1282.346,116.917,22.064,0.926117,-0.375011,-0.040912,0.371136,0.925192,-0.079230,0.067564,0.058193,0.996016,0,0.72373,-0.61821,43.424,-1.236,700.000,275.000,-1,325.000,-1,225.000,250.000,425.000,350.000,-1,150.000,125.000,-1,425.000,625.000,525.000,-1,1,1,2,1,2,1,1,0,0,2,0,0,2,1,1,1,2
20,3061.313,-1267.007,120.050,20.588,0.935027,-0.350914,-0.050842,0.345832,0.934190,-0.087689,0.078267,0.064409,0.994850,0,0.72664,-0.73821,43.598,-1.476,-1,275.000,-1,350.000,-1,225.000,250.000,450.000,350.000,-1,125.000,100.000,975.000,500.000,675.000,-1,-1,2,1,2,1,2,1,1,0,0,2,0,0,0,1,1,2,2
21,2951.685,-327.970,151.445,171.387,-0.984913,-0.149742,-0.086736,0.150638,-0.988581,-0.003848,-0.085170,-0.016856,0.996224,1,0.00000,0.00000,43.762,-1.716,650.000,325.000,-1,325.000,-1,275.000,275.000,375.000,375.000,-1,0.000,0.000,-1,525.000,550.000,600.000,850.000,0,0,2,0,2,0,0,0,1,2,1,1,2,0,0,0,0
22,2946.943,-327.232,151.005,171.147,-0.984389,-0.153880,-0.085435,0.154808,-0.987935,-0.004305,-0.083741,-0.017464,0.996334,0,0.08000,-0.12000,4.800,-0.240,650.000,325.000,-1,325.000,-1,275.000,275.000,375.000,375.000,-1,0.000,0.000,-1,525.000,550.000,625.000,875.000,0,0,2,0,2,0,0,0,1,2,1,1,2,0,0,0,0
23,2937.470,-325.675,150.121,170.667,-0.983283,-0.162147,-0.082838,0.163134,-0.986590,-0.005237,-0.080878,-0.018663,0.996549,0,0.16000,-0.24000,9.600,-0.480,650.000,325.000,-1,325.000,-1,275.000,275.000,375.000,375.000,-1,25.000,0.000,-1,525.000,575.000,625.000,925.000,0,0,2,0,2,0,0,0,1,2,1,1,2,0,0,0,0
24,2923.292,-323.162,148.788,169.947,-0.981481,-0.174526,-0.078964,0.175590,-0.984441,-0.006683,-0.076569,-0.020424,0.996855,0,0.24000,-0.36000,14.400,-0.720,650.000,325.000,-1,350.000,-1,275.000,275.000,375.000,375.000,-1,25.000,0.000,-1,525.000,575.000,650.000,1000.000,0,0,2,0,2,0,0,0,1,2,1,1,2,0,0,0,0
25,2904.446,-319.495,146.999,168.987,-0.978812,-0.190986,-0.073841,0.192134,-0.981330,-0.008707,-0.070799,-0.022710,0.997232,0,0.32000,-0.48000,19.200,-0.960,675.000,325.000,-1,350.000,-1,275.000,275.000,350.000,375.000,-1,25.000,0.000,-1,525.000,600.000,675.000,-1,0,0,2,0,2,0,0,0,1,2,1,1,2,0,0,0,2
26,2880.990,-314.419,144.742,167.787,-0.975047,-0.211481,-0.067517,0.212705,-0.977050,-0.011400,-0.063556,-0.025477,0.997653,0,0.40000,-0.60000,24.000,-1.200,700.000,325.000,-1,350.000,-1,275.000,300.000,350.000,375.000,-1,25.000,0.000,-1,550.000,625.000,700.000,-1,0,0,2,0,2,0,0,0,1,2,1,1,2,0,0,0,2
27,2853.005,-307.622,142.010,166.347,-0.969908,-0.235947,-0.060067,0.237218,-0.971342,-0.014885,-0.054833,-0.028686,0.998083,0,0.48000,-0.72000,28.800,-1.440,725.000,325.000,-1,375.000,-1,275.000,300.000,325.000,375.000,-1,50.000,0.000,-1,550.000,650.000,775.000,-1,0,0,2,0,2,0,0,0,1,2,1,1,2,0,0,0,2
28,2820.597,-298.754,138.793,164.695,-0.963190,-0.263823,-0.051590,0.265087,-0.964032,-0.019280,-0.044647,-0.032246,0.998482,0,0.56000,-0.82601,33.600,-1.652,800.000,350.000,-1,375.000,-1,300.000,300.000,325.000,375.000,-1,50.000,0.000,-1,575.000,675.000,850.000,-1,0,0,2,0,2,0,0,0,0,2,1,1,2,0,0,0,2
29,2783.866,-287.559,135.103,163.049,-0.955681,-0.291375,-0.042123,0.292533,-0.955943,-0.024459,-0.033140,-0.035697,0.998813,0,0.64000,-0.82310,38.400,-1.646,875.000,350.000,-1,400.000,-1,300.000,300.000,300.000,375.000,-1,50.000,0.000,-1,600.000,725.000,1000.000,-1,0,0,2,0,2,0,0,0,0,2,1,1,2,0,0,0,2
30,2742.921,-273.787,130.956,161.409,-0.947366,-0.318566,-0.031822,0.319501,-0.947093,-0.030572,-0.020399,-0.039131,0.999026,0,0.72000,-0.81980,43.200,-1.640,1000.000,350.000,-1,400.000,-1,300.000,325.000,275.000,375.000,-1,50.000,0.000,-1,650.000,800.000,-1,-1,0,0,2,0,2,0,0,0,0,2,1,1,2,0,0,2,2
31,2697.881,-257.191,128.792,159.777,-0.938093,-0.345491,-0.024841,0.346086,-0.937846,-0.025883,-0.014355,-0.032878,0.999356,0,0.80000,-0.81609,48.000,-1.632,-1,375.000,-1,400.000,-1,300.000,325.000,275.000,350.000,-1,100.000,50.000,-1,675.000,800.000,-1,-1,2,0,2,0,2,0,0,0,0,2,1,1,2,0,0,2,2
32,2648.875,-237.539,126.923,158.153,-0.928056,-0.372024,-0.017626,0.372325,-0.927910,-0.018889,-0.009328,-0.024092,0.999666,0,0.88000,-0.81200,52.800,-1.624,-1,375.000,-1,400.000,-1,325.000,325.000,275.000,325.000,-1,150.000,75.000,-1,700.000,825.000,-1,-1,2,0,2,0,2,0,0,0,0,2,1,1,2,0,0,2,2
33,2599.831,-216.249,125.081,156.538,-0.917286,-0.398096,-0.010339,0.398204,-0.917212,-0.012467,-0.004520,-0.015553,0.999869,0,0.89109,-0.80751,53.465,-1.615,-1,375.000,-1,400.000,-1,325.000,325.000,300.000,325.000,-1,200.000,125.000,-1,725.000,825.000,-1,-1,2,0,2,0,2,0,0,0,0,2,1,1,2,0,0,2,2
34,2551.194,-193.498,123.531,154.932,-0.905801,-0.423681,-0.004405,0.423703,-0.905772,-0.007323,-0.000887,-0.008500,0.999963,0,0.89491,-0.80298,53.695,-1.606,-1,400.000,-1,400.000,-1,325.000,325.000,300.000,300.000,-1,250.000,150.000,-1,750.000,825.000,-1,-1,2,0,2,0,2,0,0,0,0,2,1,1,2,0,0,2,2
35,2503.006,-169.299,123.470,153.335,-0.893638,-0.448762,-0.004849,0.448785,-0.893622,-0.005613,-0.001815,-0.007192,0.999972,0,0.89872,-0.79844,53.923,-1.597,-1,400.000,-1,400.000,-1,325.000,325.000,300.000,300.000,-1,300.000,225.000,-1,750.000,825.000,-1,-1,2,0,2,0,2,0,0,0,0,2,1,1,2,0,0,2,2
36,2455.306,-143.665,123.383,151.747,-0.880856,-0.473355,-0.005246,0.473376,-0.880851,-0.004032,-0.002713,-0.006035,0.999978,0,0.90252,-0.79391,54.151,-1.588,-1,400.000,-1,400.000,-1,325.000,325.000,300.000,300.000,-1,375.000,300.000,-1,750.000,825.000,-1,-1,2,0,2,0,2,0,0,0,0,2,1,1,2,0,0,2,2
37,2408.134,-116.615,123.292,150.168,-0.867477,-0.497446,-0.005585,0.497465,-0.867480,-0.002721,-0.003491,-0.005139,0.999981,0,0.90629,-0.78938,54.378,-1.579,-1,400.000,-1,400.000,-1,325.000,325.000,300.000,300.000,-1,450.000,350.000,-1,750.000,825.000,-1,-1,2,0,2,0,2,0,0,0,0,2,1,1,2,0,0,2,2
38,2361.528,-88.165,123.149,148.599,-0.853521,-0.521024,-0.005911,0.521040,-0.853531,-0.001487,-0.004271,-0.004349,0.999981,0,0.91005,-0.78484,54.603,-1.570,-1,400.000,-1,400.000,-1,325.000,325.000,300.000,300.000,-1,550.000,425.000,-1,750.000,825.000,-1,-1,2,0,2,0,2,0,0,0,0,2,1,1,2,0,0,2,2
39,2315.526,-58.335,122.951,147.038,-0.839011,-0.544078,-0.006229,0.544090,-0.839027,-0.000338,-0.005042,-0.003672,0.999981,0,0.91379,-0.78031,54.827,-1.561,-1,400.000,-1,400.000,-1,325.000,325.000,300.000,300.000,-1,625.000,500.000,-1,750.000,825.000,-1,-1,2,0,2,0,2,0,0,0,0,2,1,1,2,0,0,2,2
40,2270.166,-27.143,122.675,145.487,-0.823969,-0.566598,-0.006549,0.566605,-0.823989,0.000805,-0.005852,-0.003047,0.999978,0,0.91750,-0.77578,55.050,-1.552,-1,400.000,-1,400.000,-1,325.000,325.000,300.000,300.000,-1,725.000,575.000,-1,750.000,825.000,-1,-1,2,0,2,0,2,0,0,0,0,2,1,1,2,0,0,2,2
41,2225.482,5.388,122.335,143.944,-0.808414,-0.588574,-0.006865,0.588576,-0.808440,0.001852,-0.006640,-0.002543,0.999975,0,0.92118,-0.77125,55.271,-1.543,-1,400.000,-1,400.000,-1,325.000,325.000,300.000,300.000,-1,800.000,675.000,-1,725.000,800.000,-1,-1,2,0,2,0,2,0,0,0,0,2,1,1,2,0,0,2,2
42,2181.512,39.237,121.953,142.411,-0.792370,-0.609998,-0.007186,0.609995,-0.792400,0.002896,-0.007461,-0.002089,0.999970,0,0.92484,-0.76673,55.490,-1.533,-1,400.000,-1,400.000,-1,325.000,325.000,300.000,300.000,-1,900.000,750.000,-1,725.000,800.000,-1,-1,2,0,2,0,2,0,0,0,0,2,1,1,2,0,0,2,2
43,2138.288,74.381,121.540,140.886,-0.775858,-0.630863,-0.007508,0.630852,-0.775893,0.004006,-0.008353,-0.001629,0.999964,0,0.92846,-0.76221,55.708,-1.524,-1,400.000,-1,400.000,-1,325.000,325.000,300.000,300.000,-1,-1,850.000,-1,750.000,800.000,-1,-1,2,0,2,0,2,0,0,0,0,2,2,1,2,0,0,2,2
44,2095.846,110.796,121.050,139.371,-0.758899,-0.651161,-0.007834,0.651144,-0.758938,0.004943,-0.009164,-0.001350,0.999957,0,0.93206,-0.75769,55.924,-1.515,-1,400.000,-1,400.000,-1,325.000,325.000,300.000,300.000,-1,-1,950.000,-1,750.000,800.000,-1,-1,2,0,2,0,2,0,0,0,0,2,2,1,2,0,0,2,2
45,2054.217,148.458,120.532,137.864,-0.741516,-0.670887,-0.007993,0.670863,-0.741559,0.005827,-0.009836,-0.001042,0.999951,0,0.93562,-0.75318,56.137,-1.506,-1,400.000,-1,400.000,-1,325.000,325.000,300.000,300.000,-1,-1,-1,-1,750.000,825.000,-1,-1,2,0,2,0,2,0,0,0,0,2,2,2,2,0,0,2,2
46,2013.433,187.341,120.106,136.367,-0.723737,-0.690036,-0.007409,0.690003,-0.723775,0.006769,-0.010034,-0.000213,0.999950,0,0.93914,-0.74868,56.349,-1.497,-1,400.000,-1,400.000,-1,325.000,325.000,300.000,300.000,-1,-1,-1,-1,750.000,825.000,-1,-1,2,0,2,0,2,0,0,0,0,2,2,2,2,0,0,2,2
47,1973.525,227.418,119.629,134.879,-0.705575,-0.708603,-0.006822,0.708562,-0.705608,0.007629,-0.010220,0.000549,0.999948,0,0.94263,-0.74418,56.558,-1.488,-1,400.000,-1,400.000,-1,325.000,325.000,300.000,300.000,-1,-1,-1,-1,750.000,825.000,-1,-1,2,0,2,0,2,0,0,0,0,2,2,2,2,0,0,2,2
48,1934.523,268.662,119.101,133.399,-0.687051,-0.726583,-0.006234,0.726535,-0.687078,0.008406,-0.010391,0.001246,0.999945,0,0.94608,-0.73969,56.765,-1.479,-1,400.000,-1,400.000,-1,325.000,325.000,300.000,300.000,-1,-1,-1,-1,775.000,850.000,-1,-1,2,0,2,0,2,0,0,0,0,2,2,2,2,0,0,2,2
49,1896.455,311.047,118.487,131.929,-0.668183,-0.743974,-0.005875,0.743921,-0.668206,0.009085,-0.010685,0.001699,0.999941,0,0.94950,-0.73521,56.970,-1.470,-1,400.000,-1,400.000,-1,325.000,325.000,300.000,300.000,-1,-1,-1,-1,775.000,850.000,-1,-1,2,0,2,0,2,0,0,0,0,2,2,2,2,0,0,2,2
50,1859.350,354.542,117.863,130.467,-0.648989,-0.760775,-0.005932,0.760715,-0.649014,0.009676,-0.011211,0.001767,0.999936,0,0.95287,-0.73074,57.172,-1.461,-1,400.000,-1,400.000,-1,325.000,325.000,300.000,300.000,-1,-1,-1,-1,775.000,850.000,-1,-1,2,0,2,0,2,0,0,0,0,2,2,2,2,0,0,2,2
51,1823.233,399.119,117.173,129.015,-0.629493,-0.776982,-0.006084,0.776917,-0.629520,0.010213,-0.011765,0.001702,0.999929,0,0.95620,-0.72628,57.372,-1.453,-1,400.000,-1,400.000,-1,325.000,325.000,300.000,300.000,-1,-1,-1,-1,800.000,875.000,-1,-1,2,0,2,0,2,0,0,0,0,2,2,2,2,0,0,2,2
52,1788.131,444.748,116.412,127.571,-0.609715,-0.792596,-0.006294,0.792525,-0.609745,0.010700,-0.012319,0.001536,0.999923,0,0.95948,-0.72183,57.569,-1.444,-1,400.000,-1,400.000,-1,325.000,325.000,300.000,300.000,-1,-1,-1,-1,800.000,875.000,-1,-1,2,0,2,0,2,0,0,0,0,2,2,2,2,0,0,2,2
53,1754.067,491.398,115.573,126.136,-0.589673,-0.807615,-0.006531,0.807540,-0.589708,0.011141,-0.012849,0.001295,0.999917,0,0.96272,-0.71739,57.763,-1.435,-1,400.000,-1,425.000,-1,325.000,325.000,300.000,300.000,-1,-1,-1,-1,825.000,875.000,-1,-1,2,0,2,0,2,0,0,0,0,2,2,2,2,0,0,2,2
54,1723.193,535.587,114.739,124.942,-0.572700,-0.819736,-0.006826,0.819656,-0.572740,0.011527,-0.013358,0.001007,0.999910,0,0.89842,-0.59739,53.905,-1.195,-1,400.000,-1,425.000,-1,325.000,325.000,300.000,300.000,-1,-1,-1,-1,850.000,900.000,-1,-1,2,0,2,0,2,0,0,0,0,2,2,2,2,0,0,2,2
55,1692.962,580.429,113.841,123.987,-0.558956,-0.829167,-0.007151,0.829080,-0.559001,0.011982,-0.013932,0.000768,0.999903,0,0.90135,-0.47739,54.081,-0.955,-1,400.000,-1,425.000,-1,325.000,325.000,300.000,300.000,-1,-1,-1,-1,850.000,925.000,-1,-1,2,0,2,0,2,0,0,0,0,2,2,2,2,0,0,2,2
56,1663.197,625.790,112.792,123.272,-0.548571,-0.836074,-0.006999,0.835959,-0.548613,0.014032,-0.015571,0.001847,0.999877,0,0.90425,-0.35739,54.255,-0.715,-1,400.000,-1,425.000,-1,325.000,325.000,300.000,300.000,-1,-1,-1,-1,850.000,925.000,-1,-1,2,0,2,0,2,0,0,0,0,2,2,2,2,0,0,2,2
57,1633.715,671.542,111.734,122.797,-0.541630,-0.840589,-0.006812,0.840439,-0.541664,0.016213,-0.017318,0.003056,0.999845,0,0.90714,-0.23739,54.428,-0.475,-1,400.000,-1,425.000,-1,325.000,325.000,300.000,300.000,-1,-1,-1,-1,875.000,925.000,-1,-1,2,0,2,0,2,0,0,0,0,2,2,2,2,0,0,2,2
58,1604.352,717.523,110.641,122.562,-0.538188,-0.842798,-0.006675,0.842610,-0.538213,0.018319,-0.019032,0.004234,0.999810,0,0.90927,-0.11739,54.556,-0.235,-1,400.000,-1,425.000,-1,325.000,325.000,300.000,300.000,-1,-1,-1,-1,875.000,925.000,-1,-1,2,0,2,0,2,0,0,0,0,2,2,2,2,0,0,2,2
59,1575.111,763.581,109.540,122.410,-0.535953,-0.844221,-0.006677,0.843997,-0.535970,0.020128,-0.020572,0.005152,0.999775,0,0.90927,-0.07610,54.556,-0.152,-1,400.000,-1,425.000,-1,325.000,325.000,300.000,300.000,-1,-1,-1,-1,875.000,925.000,-1,-1,2,0,2,0,2,0,0,0,0,2,2,2,2,0,0,2,2
60,1545.992,809.717,108.361,122.258,-0.533714,-0.845638,-0.006745,0.845377,-0.533723,0.021853,-0.022079,0.005961,0.999738,0,0.90927,-0.07610,54.556,-0.152,-1,400.000,-1,425.000,-1,325.000,325.000,300.000,300.000,-1,-1,-1,-1,875.000,925.000,-1,-1,2,0,2,0,2,0,0,0,0,2,2,2,2,0,0,2,2
61,1516.997,855.930,107.106,122.106,-0.531469,-0.847049,-0.006940,0.846747,-0.531473,0.023577,-0.023660,0.006654,0.999698,0,0.90927,-0.07610,54.556,-0.152,-1,425.000,-1,425.000,-1,325.000,325.000,300.000,300.000,-1,-1,-1,-1,900.000,925.000,-1,-1,2,0,2,0,2,0,0,0,0,2,2,2,2,0,0,2,2
62,1488.124,902.219,105.601,121.954,-0.529198,-0.848459,-0.008160,0.848104,-0.529221,0.025408,-0.025876,0.006525,0.999644,0,0.90927,-0.07610,54.556,-0.152,-1,425.000,-1,425.000,-1,325.000,325.000,300.000,300.000,-1,-1,-1,-1,875.000,925.000,-1,-1,2,0,2,0,2,0,0,0,0,2,2,2,2,0,0,2,2
63,1459.374,948.586,104.036,121.801,-0.526920,-0.849863,-0.009414,0.849450,-0.526966,0.027235,-0.028107,0.006354,0.999585,0,0.90927,-0.07610,54.556,-0.152,-1,425.000,-1,400.000,-1,325.000,325.000,300.000,300.000,-1,-1,-1,-1,900.000,925.000,-1,-1,2,0,2,0,2,0,0,0,0,2,2,2,2,0,0,2,2
64,1430.747,995.028,102.412,121.649,-0.524634,-0.851261,-0.010702,0.850787,-0.524707,0.029058,-0.030351,0.006140,0.999520,0,0.90927,-0.07610,54.556,-0.152,-1,400.000,-1,425.000,-1,325.000,325.000,300.000,300.000,-1,-1,-1,-1,900.000,925.000,-1,-1,2,0,2,0,2,0,0,0,0,2,2,2,2,0,0,2,2
65,1402.244,1041.547,100.730,121.497,-0.522340,-0.852653,-0.012022,0.852114,-0.522445,0.030878,-0.032609,0.005884,0.999451,0,0.90927,-0.07610,54.556,-0.152,-1,400.000,-1,425.000,-1,325.000,325.000,300.000,300.000,-1,-1,-1,-1,900.000,925.000,-1,-1,2,0,2,0,2,0,0,0,0,2,2,2,2,0,0,2,2
66,1373.865,1088.141,98.979,121.345,-0.520035,-0.854039,-0.013425,0.853431,-0.520179,0.032700,-0.034911,0.005548,0.999375,0,0.90927,-0.07610,54.556,-0.152,-1,400.000,-1,425.000,-1,325.000,325.000,300.000,300.000,-1,-1,-1,-1,875.000,900.000,-1,-1,2,0,2,0,2,0,0,0,0,2,2,2,2,0,0,2,2
67,1345.609,1134.810,97.131,121.193,-0.517723,-0.855420,-0.014845,0.854739,-0.517910,0.034518,-0.037216,0.005182,0.999294,0,0.90927,-0.07610,54.556,-0.152,-1,400.000,-1,425.000,-1,325.000,325.000,300.000,300.000,-1,-1,-1,-1,875.000,900.000,-1,-1,2,0,2,0,2,0,0,0,0,2,2,2,2,0,0,2,2
68,1317.477,1181.554,95.003,121.040,-0.515439,-0.856790,-0.015256,0.856044,-0.515634,0.036196,-0.038879,0.005597,0.999228,0,0.90927,-0.07610,54.556,-0.152,-1,400.000,-1,425.000,-1,325.000,325.000,300.000,300.000,-1,-1,-1,-1,900.000,900.000,-1,-1,2,0,2,0,2,0,0,0,0,2,2,2,2,0,0,2,2
69,1289.470,1228.373,92.829,120.888,-0.513149,-0.858155,-0.015733,0.857340,-0.513356,0.037871,-0.040576,0.005945,0.999159,0,0.90927,-0.07610,54.556,-0.152,-1,425.000,-1,425.000,-1,325.000,325.000,300.000,300.000,-1,-1,-1,-1,900.000,900.000,-1,-1,2,0,2,0,2,0,0,0,0,2,2,2,2,0,0,2,2
70,1261.587,1275.266,90.335,120.736,-0.510875,-0.859509,-0.015847,0.858570,-0.511070,0.040799,-0.043166,0.007237,0.999042,0,0.90927,-0.07610,54.556,-0.152,-1,425.000,-1,425.000,-1,325.000,325.000,300.000,300.000,-1,-1,-1,-1,900.000,900.000,-1,-1,2,0,2,0,2,0,0,0,0,2,2,2,2,0,0,2,2
71,1233.829,1322.233,87.805,120.584,-0.508593,-0.860855,-0.016167,0.859777,-0.508780,0.043885,-0.046004,0.008420,0.998906,0,0.90927,-0.07610,54.556,-0.152,-1,425.000,-1,425.000,-1,325.000,325.000,300.000,300.000,-1,-1,-1,-1,875.000,875.000,-1,-1,2,0,2,0,2,0,0,0,0,2,2,2,2,0,0,2,2
72,1206.196,1369.273,85.231,120.432,-0.506307,-0.862195,-0.016501,0.860973,-0.506486,0.046875,-0.048773,0.009526,0.998764,0,0.90927,-0.07610,54.556,-0.152,-1,425.000,-1,400.000,-1,325.000,325.000,300.000,300.000,-1,-1,-1,-1,875.000,850.000,-1,-1,2,0,2,0,2,0,0,0,0,2,2,2,2,0,0,2,2
73,1178.688,1416.387,82.524,120.279,-0.504007,-0.863532,-0.017016,0.862181,-0.504191,0.049344,-0.051190,0.010199,0.998637,0,0.90927,-0.07610,54.556,-0.152,-1,425.000,-1,400.000,-1,325.000,325.000,300.000,300.000,-1,-1,-1,-1,875.000,850.000,-1,-1,2,0,2,0,2,0,0,0,0,2,2,2,2,0,0,2,2
74,1151.305,1463.573,79.652,120.127,-0.501686,-0.864867,-0.017774,0.863415,-0.501895,0.051144,-0.053153,0.010312,0.998533,0,0.90927,-0.07610,54.556,-0.152,-1,425.000,-1,400.000,-1,325.000,325.000,300.000,300.000,-1,-1,-1,-1,875.000,850.000,-1,-1,2,0,2,0,2,0,0,0,0,2,2,2,2,0,0,2,2
75,1124.047,1510.833,76.673,119.975,-0.499342,-0.866199,-0.018886,0.864641,-0.499597,0.052907,-0.055263,0.010089,0.998421,0,0.90927,-0.07610,54.556,-0.152,-1,400.000,-1,400.000,-1,325.000,325.000,300.000,300.000,-1,-1,-1,-1,850.000,850.000,-1,-1,2,0,2,0,2,0,0,0,0,2,2,2,2,0,0,2,2
76,1096.915,1558.164,73.542,119.823,-0.496960,-0.867530,-0.020581,0.865856,-0.497298,0.054672,-0.057665,0.009350,0.998292,0,0.90927,-0.07610,54.556,-0.152,-1,400.000,-1,400.000,-1,325.000,325.000,300.000,300.000,-1,-1,-1,-1,850.000,825.000,-1,-1,2,0,2,0,2,0,0,0,0,2,2,2,2,0,0,2,2
77,1069.909,1605.568,70.373,119.671,-0.494568,-0.868854,-0.022272,0.867067,-0.494995,0.056353,-0.059987,0.008559,0.998162,0,0.90927,-0.07610,54.556,-0.152,-1,400.000,-1,400.000,-1,325.000,325.000,300.000,300.000,-1,-1,-1,-1,825.000,825.000,-1,-1,2,0,2,0,2,0,0,0,0,2,2,2,2,0,0,2,2
78,1043.029,1653.042,67.148,119.518,-0.492164,-0.870172,-0.023992,0.868280,-0.492689,0.057866,-0.062174,0.007647,0.998036,0,0.90927,-0.07610,54.556,-0.152,-1,400.000,-1,400.000,-1,325.000,325.000,300.000,300.000,-1,-1,-1,-1,825.000,825.000,-1,-1,2,0,2,0,2,0,0,0,0,2,2,2,2,0,0,2,2
79,1015.299,1702.809,63.720,119.126,-0.486084,-0.873532,-0.025780,0.871538,-0.486725,0.059337,-0.064380,0.006375,0.997905,0,0.94950,-0.19610,56.970,-0.392,-1,400.000,-1,400.000,-1,325.000,325.000,300.000,300.000,-1,-1,-1,-1,800.000,800.000,-1,-1,2,0,2,0,2,0,0,0,0,2,2,2,2,0,0,2,2
80,988.120,1752.879,60.239,118.494,-0.476291,-0.878857,-0.027526,0.876767,-0.477061,0.060767,-0.066537,0.004809,0.997772,0,0.94950,-0.31610,56.970,-0.632,-1,400.000,-1,400.000,-1,325.000,325.000,300.000,300.000,-1,-1,-1,-1,800.000,800.000,-1,-1,2,0,2,0,2,0,0,0,0,2,2,2,2,0,0,2,2
81,961.707,1803.356,56.704,117.622,-0.462719,-0.886023,-0.029219,0.883844,-0.463631,0.062177,-0.068637,0.002946,0.997637,0,0.94950,-0.43610,56.970,-0.872,-1,400.000,-1,400.000,-1,325.000,325.000,300.000,325.000,-1,-1,-1,-1,800.000,800.000,-1,-1,2,0,2,0,2,0,0,0,0,2,2,2,2,0,0,2,2
82,936.278,1854.337,52.850,116.510,-0.445366,-0.894858,-0.029634,0.892616,-0.446347,0.063328,-0.069896,0.001752,0.997553,0,0.94950,-0.55610,56.970,-1.112,-1,400.000,-1,400.000,-1,325.000,325.000,300.000,325.000,-1,-1,-1,-1,775.000,800.000,-1,-1,2,0,2,0,2,0,0,0,0,2,2,2,2,0,0,2,2
83,912.059,1905.903,48.910,115.157,-0.424057,-0.905143,-0.029861,0.902845,-0.425107,0.064460,-0.071040,0.000374,0.997473,0,0.94950,-0.67610,56.970,-1.352,-1,400.000,-1,400.000,-1,325.000,325.000,300.000,325.000,-1,-1,-1,-1,775.000,775.000,-1,-1,2,0,2,0,2,0,0,0,0,2,2,2,2,0,0,2,2
84,889.283,1958.123,44.889,113.565,-0.398667,-0.916605,-0.029997,0.914241,-0.399792,0.065799,-0.072304,-0.001192,0.997382,0,0.94950,-0.79610,56.970,-1.592,-1,400.000,-1,400.000,-1,325.000,325.000,300.000,300.000,-1,-1,-1,-1,775.000,775.000,-1,-1,2,0,2,0,2,0,0,0,0,2,2,2,2,0,0,2,2
85,868.188,2011.044,40.812,111.733,-0.369072,-0.928915,-0.030042,0.926482,-0.370280,0.067257,-0.073600,-0.003011,0.997283,0,0.94950,-0.91610,56.970,-1.832,-1,400.000,-1,400.000,-1,325.000,325.000,300.000,300.000,-1,-1,-1,-1,775.000,750.000,-1,-1,2,0,2,0,2,0,0,0,0,2,2,2,2,0,0,2,2
86,848.952,2064.668,36.610,109.733,-0.336308,-0.941261,-0.030397,0.938810,-0.337632,0.068114,-0.074376,-0.005629,0.997214,0,0.94950,-1.00000,56.970,-2.000,-1,400.000,-1,400.000,-1,325.000,325.000,300.000,300.000,-1,-1,-1,-1,750.000,750.000,-1,-1,2,0,2,0,2,0,0,0,0,2,2,2,2,0,0,2,2
87,831.599,2118.932,32.374,107.733,-0.303136,-0.952452,-0.030719,0.950031,-0.304571,0.068394,-0.074498,-0.008451,0.997185,0,0.94950,-1.00000,56.970,-2.000,-1,400.000,-1,400.000,-1,325.000,325.000,300.000,300.000,-1,-1,-1,-1,750.000,750.000,-1,-1,2,0,2,0,2,0,0,0,0,2,2,2,2,0,0,2,2
88,816.151,2173.768,28.170,105.733,-0.269600,-0.962475,-0.030951,0.960094,-0.271138,0.068583,-0.074401,-0.011226,0.997165,0,0.94950,-1.00000,56.970,-2.000,-1,400.000,-1,400.000,-1,325.000,325.000,300.000,300.000,-1,-1,-1,-1,750.000,750.000,-1,-1,2,0,2,0,2,0,0,0,0,2,2,2,2,0,0,2,2
89,802.625,2229.109,23.983,103.733,-0.235734,-0.971317,-0.031194,0.968984,-0.237375,0.068721,-0.074154,-0.014027,0.997148,0,0.94950,-1.00000,56.970,-2.000,-1,400.000,-1,400.000,-1,325.000,325.000,300.000,300.000,-1,-1,-1,-1,750.000,750.000,-1,-1,2,0,2,0,2,0,0,0,0,2,2,2,2,0,0,2,2
90,791.040,2284.889,19.818,101.733,-0.201580,-0.978967,-0.031452,0.976690,-0.203323,0.068817,-0.073764,-0.016847,0.997133,0,0.94950,-1.00000,56.970,-2.000,-1,400.000,-1,400.000,-1,325.000,325.000,300.000,300.000,-1,-1,-1,-1,750.000,725.000,-1,-1,2,0,2,0,2,0,0,0,0,2,2,2,2,0,0,2,2
91,781.407,2341.039,15.679,99.733,-0.167182,-0.985415,-0.031728,0.983202,-0.169025,0.068881,-0.073239,-0.019679,0.997120,0,0.94950,-1.00000,56.970,-2.000,-1,400.000,-1,400.000,-1,325.000,325.000,300.000,300.000,-1,-1,-1,-1,725.000,725.000,-1,-1,2,0,2,0,2,0,0,0,0,2,2,2,2,0,0,2,2
92,773.693,2396.115,11.662,97.973,-0.136742,-0.990090,-0.032007,0.987937,-0.138673,0.068924,-0.072679,-0.022196,0.997108,0,0.92688,-0.88000,55.613,-1.760,-1,400.000,-1,400.000,-1,325.000,325.000,300.000,325.000,-1,-1,-1,-1,725.000,725.000,-1,-1,2,0,2,0,2,0,0,0,0,2,2,2,2,0,0,2,2
93,767.442,2451.375,7.668,96.453,-0.110346,-0.993369,-0.032291,0.991273,-0.112355,0.068955,-0.072125,-0.024400,0.997097,0,0.92688,-0.76000,55.613,-1.520,-1,375.000,-1,375.000,-1,325.000,325.000,300.000,325.000,-1,-1,-1,-1,725.000,725.000,-1,-1,2,0,2,0,2,0,0,0,0,2,2,2,2,0,0,2,2
94,762.427,2506.762,3.695,95.173,-0.088056,-0.995583,-0.032574,0.993538,-0.090132,0.068977,-0.071608,-0.026289,0.997086,0,0.92688,-0.64000,55.613,-1.280,-1,375.000,-1,375.000,-1,325.000,325.000,300.000,325.000,-1,-1,-1,-1,725.000,725.000,-1,-1,2,0,2,0,2,0,0,0,0,2,2,2,2,0,0,2,2
95,758.418,2562.230,-0.260,94.133,-0.069911,-0.997012,-0.032851,0.995012,-0.072044,0.068994,-0.071154,-0.027863,0.997076,0,0.92688,-0.52000,55.613,-1.040,-1,375.000,-1,375.000,-1,325.000,325.000,300.000,325.000,-1,-1,-1,-1,725.000,725.000,-1,-1,2,0,2,0,2,0,0,0,0,2,2,2,2,0,0,2,2
96,755.184,2617.749,-4.203,93.333,-0.055939,-0.997885,-0.033103,0.995930,-0.058115,0.068890,-0.070668,-0.029115,0.997075,0,0.92688,-0.40000,55.613,-0.800,-1,375.000,-1,375.000,-1,300.000,300.000,300.000,325.000,-1,-1,-1,-1,725.000,725.000,-1,-1,2,0,2,0,2,0,0,0,0,2,2,2,2,0,0,2,2
97,752.493,2673.297,-7.855,92.773,-0.046179,-0.998379,-0.033268,0.996514,-0.048358,0.067977,-0.069475,-0.030013,0.997132,0,0.92688,-0.28000,55.613,-0.560,-1,375.000,-1,375.000,-1,300.000,325.000,300.000,325.000,-1,-1,-1,-1,725.000,700.000,-1,-1,2,0,2,0,2,0,0,0,0,2,2,2,2,0,0,2,2
98,750.113,2728.859,-11.419,92.453,-0.040636,-0.998626,-0.033101,0.996842,-0.042781,0.066898,-0.068222,-0.030278,0.997211,0,0.92688,-0.16000,55.613,-0.320,-1,375.000,-1,375.000,-1,325.000,325.000,300.000,325.000,-1,-1,-1,-1,725.000,700.000,-1,-1,2,0,2,0,2,0,0,0,0,2,2,2,2,0,0,2,2
99,747.810,2784.424,-14.985,92.373,-0.039283,-0.998685,-0.032936,0.996974,-0.041386,0.065804,-0.067081,-0.030251,0.997289,0,0.92688,-0.04000,55.613,-0.080,-1,375.000,-1,375.000,-1,325.000,325.000,300.000,325.000,-1,-1,-1,-1,725.000,700.000,-1,-1,2,0,2,0,2,0,0,0,0,2,2,2,2,0,0,2,2
100,745.353,2839.983,-18.559,92.533,-0.042122,-0.998575,-0.032764,0.996927,-0.044175,0.064698,-0.066053,-0.029938,0.997367,0,0.92688,0.08000,55.613,0.160,-1,375.000,-1,375.000,-1,325.000,325.000,300.000,325.000,-1,-1,-1,-1,725.000,700.000,-1,-1,2,0,2,0,2,0,0,0,0,2,2,2,2,0,0,2,2
101,742.507,2895.522,-22.147,92.933,-0.049150,-0.998260,-0.032575,0.996665,-0.051146,0.063583,-0.065139,-0.029342,0.997445,0,0.92688,0.20000,55.613,0.400,-1,375.000,-1,375.000,-1,325.000,325.000,300.000,325.000,-1,-1,-1,-1,725.000,700.000,-1,-1,2,0,2,0,2,0,0,0,0,2,2,2,2,0,0,2,2
102,739.042,2951.027,-25.756,93.573,-0.060363,-0.997652,-0.032361,0.996101,-0.062295,0.062464,-0.064334,-0.028465,0.997522,0,0.92688,0.32000,55.613,0.640,-1,375.000,-1,375.000,-1,325.000,325.000,300.000,325.000,-1,-1,-1,-1,725.000,700.000,-1,-1,2,0,2,0,2,0,0,0,0,2,2,2,2,0,0,2,2
103,734.725,3006.472,-29.390,94.453,-0.075751,-0.996610,-0.032111,0.995094,-0.077613,0.061346,-0.063631,-0.027307,0.997600,0,0.92688,0.44000,55.613,0.880,-1,375.000,-1,375.000,-1,325.000,325.000,300.000,325.000,-1,-1,-1,-1,725.000,700.000,-1,-1,2,0,2,0,2,0,0,0,0,2,2,2,2,0,0,2,2
104,729.325,3061.822,-33.056,95.573,-0.095298,-0.994940,-0.031815,0.993452,-0.097082,0.060236,-0.063020,-0.025867,0.997677,0,0.92688,0.56000,55.613,1.120,-1,375.000,-1,375.000,-1,325.000,325.000,300.000,300.000,-1,-1,-1,-1,725.000,700.000,-1,-1,2,0,2,0,2,0,0,0,0,2,2,2,2,0,0,2,2
105,722.612,3117.028,-36.757,96.933,-0.118975,-0.992399,-0.031463,0.990929,-0.120674,0.059142,-0.062489,-0.024141,0.997754,0,0.92688,0.68000,55.613,1.360,-1,375.000,-1,375.000,-1,325.000,325.000,300.000,300.000,-1,1000.000,-1,-1,725.000,700.000,-1,-1,2,0,2,0,2,0,0,0,0,2,0,2,2,0,0,2,2
106,714.540,3172.052,-40.489,98.347,-0.143521,-0.989159,-0.031070,0.987706,-0.145134,0.058076,-0.061956,-0.022353,0.997829,0,0.92688,0.70706,55.613,1.414,-1,375.000,-1,375.000,-1,325.000,325.000,300.000,300.000,-1,900.000,900.000,-1,725.000,700.000,-1,-1,2,0,2,0,2,0,0,0,0,2,0,0,2,0,0,2,2
107,705.112,3226.860,-44.243,99.761,-0.167977,-0.985314,-0.030664,0.983876,-0.169507,0.057054,-0.061414,-0.020586,0.997900,0,0.92688,0.70706,55.613,1.414,-1,375.000,-1,375.000,-1,325.000,325.000,300.000,300.000,-1,800.000,800.000,-1,725.000,700.000,-1,-1,2,0,2,0,2,0,0,0,0,2,0,0,2,0,0,2,2
108,694.333,3281.418,-47.637,101.175,-0.192236,-0.980838,-0.031671,0.979443,-0.193773,0.056075,-0.061137,-0.020240,0.997924,0,0.92688,0.70706,55.613,1.414,-1,375.000,-1,375.000,-1,325.000,325.000,300.000,300.000,-1,775.000,775.000,-1,725.000,700.000,-1,-1,2,0,2,0,2,0,0,0,0,2,0,0,2,0,0,2,2
109,682.212,3335.694,-50.965,102.589,-0.216378,-0.975762,-0.032686,0.974417,-0.217921,0.054968,-0.060758,-0.019956,0.997953,0,0.92688,0.70706,55.613,1.414,-1,375.000,-1,375.000,-1,325.000,325.000,300.000,300.000,-1,750.000,750.000,-1,725.000,700.000,-1,-1,2,0,2,0,2,0,0,0,0,2,0,0,2,0,0,2,2
110,668.754,3389.654,-54.169,104.004,-0.240427,-0.970106,-0.032997,0.968781,-0.241939,0.054115,-0.060481,-0.018957,0.997989,0,0.92688,0.70706,55.613,1.414,-1,400.000,-1,375.000,-1,325.000,325.000,300.000,300.000,-1,775.000,775.000,-1,725.000,700.000,-1,-1,2,0,2,0,2,0,0,0,0,2,0,0,2,0,0,2,2
111,653.970,3443.266,-57.336,105.418,-0.264365,-0.963865,-0.032788,0.962561,-0.265813,0.053093,-0.059890,-0.017525,0.998051,0,0.92688,0.70706,55.613,1.414,-1,400.000,-1,375.000,-1,325.000,325.000,300.000,300.000,-1,775.000,800.000,-1,725.000,700.000,-1,-1,2,0,2,0,2,0,0,0,0,2,0,0,2,0,0,2,2
112,637.867,3496.496,-60.525,106.832,-0.288146,-0.957036,-0.032457,0.955751,-0.289526,0.052104,-0.059263,-0.016007,0.998114,0,0.92688,0.70706,55.613,1.414,-1,400.000,-1,375.000,-1,325.000,325.000,300.000,300.000,-1,775.000,800.000,-1,725.000,725.000,-1,-1,2,0,2,0,2,0,0,0,0,2,0,0,2,0,0,2,2
113,620.455,3549.313,-63.735,108.246,-0.311757,-0.949623,-0.032006,0.948353,-0.313064,0.051160,-0.058602,-0.014404,0.998177,0,0.92688,0.70706,55.613,1.414,-1,400.000,-1,400.000,-1,325.000,325.000,300.000,300.000,-1,775.000,825.000,-1,725.000,725.000,-1,-1,2,0,2,0,2,0,0,0,0,2,0,0,2,0,0,2,2
114,603.561,3597.235,-66.684,109.420,-0.331222,-0.943027,-0.031503,0.941772,-0.332463,0.050341,-0.057946,-0.012995,0.998235,0,0.84688,0.58706,50.813,1.174,-1,400.000,-1,400.000,-1,325.000,325.000,300.000,300.000,-1,775.000,825.000,-1,700.000,725.000,-1,-1,2,0,2,0,2,0,0,0,0,2,0,0,2,0,0,2,2
115,585.897,3644.849,-69.641,110.354,-0.346620,-0.937495,-0.030935,0.936259,-0.347798,0.049561,-0.057222,-0.011785,0.998292,0,0.84641,0.46706,50.785,0.934,-1,400.000,-1,400.000,-1,325.000,325.000,300.000,300.000,-1,775.000,825.000,-1,700.000,725.000,-1,-1,2,0,2,0,2,0,0,0,0,2,0,0,2,0,0,2,2
116,567.658,3692.245,-72.605,111.048,-0.358014,-0.933224,-0.030318,0.932009,-0.359134,0.048810,-0.056439,-0.010782,0.998348,0,0.84641,0.34706,50.785,0.694,-1,400.000,-1,400.000,-1,325.000,325.000,300.000,300.000,-1,775.000,825.000,-1,700.000,725.000,-1,-1,2,0,2,0,2,0,0,0,0,2,0,0,2,0,0,2,2
117,549.043,3739.495,-75.572,111.502,-0.365456,-0.930356,-0.029665,0.929166,-0.366522,0.048078,-0.055603,-0.009994,0.998403,0,0.84641,0.22706,50.785,0.454,-1,400.000,-1,400.000,-1,325.000,325.000,300.000,300.000,-1,775.000,825.000,-1,700.000,725.000,-1,-1,2,0,2,0,2,0,0,0,0,2,0,0,2,0,0,2,2
118,530.252,3786.675,-78.540,111.717,-0.368981,-0.928985,-0.028991,0.927825,-0.369998,0.047353,-0.054717,-0.009427,0.998457,0,0.84641,0.10706,50.785,0.214,-1,375.000,-1,400.000,-1,325.000,325.000,300.000,300.000,-1,775.000,825.000,-1,700.000,725.000,-1,-1,2,0,2,0,2,0,0,0,0,2,0,0,2,0,0,2,2
119,511.483,3833.864,-81.437,111.691,-0.368587,-0.929152,-0.028620,0.928024,-0.369579,0.046716,-0.053984,-0.009341,0.998498,0,0.84641,-0.01294,50.785,-0.026,-1,375.000,-1,375.000,-1,325.000,325.000,300.000,300.000,-1,800.000,825.000,-1,700.000,725.000,-1,-1,2,0,2,0,2,0,0,0,0,2,0,0,2,0,0,2,2
120,492.932,3881.140,-84.205,111.425,-0.364264,-0.930852,-0.028741,0.929766,-0.365261,0.046047,-0.053361,-0.009949,0.998526,0,0.84641,-0.13294,50.785,-0.266,-1,375.000,-1,375.000,-1,325.000,325.000,300.000,300.000,-1,800.000,850.000,-1,700.000,725.000,-1,-1,2,0,2,0,2,0,0,0,0,2,0,0,2,0,0,2,2
121,474.799,3928.577,-86.845,110.919,-0.356008,-0.934028,-0.029162,0.933020,-0.357023,0.044814,-0.052269,-0.011254,0.998570,0,0.84641,-0.25294,50.785,-0.506,-1,375.000,-1,400.000,-1,325.000,325.000,300.000,300.000,-1,825.000,850.000,-1,700.000,725.000,-1,-1,2,0,2,0,2,0,0,0,0,2,0,0,2,0,0,2,2
122,457.286,3976.246,-89.450,110.173,-0.343796,-0.938581,-0.029507,0.937647,-0.344828,0.043714,-0.051204,-0.012638,0.998608,0,0.84641,-0.37294,50.785,-0.746,-1,375.000,-1,400.000,-1,325.000,325.000,300.000,300.000,-1,825.000,850.000,-1,700.000,725.000,-1,-1,2,0,2,0,2,0,0,0,0,2,0,0,2,0,0,2,2
123,440.532,4024.389,-91.982,109.187,-0.327576,-0.944359,-0.029676,0.943485,-0.328622,0.042937,-0.050300,-0.013934,0.998637,0,0.84958,-0.49294,50.975,-0.986,-1,375.000,-1,400.000,-1,325.000,325.000,300.000,300.000,-1,825.000,875.000,-1,700.000,725.000,-1,-1,2,0,2,0,2,0,0,0,0,2,0,0,2,0,0,2,2
124,422.889,4077.300,-94.575,108.441,-0.315281,-0.948552,-0.029110,0.947723,-0.316299,0.042135,-0.049175,-0.014304,0.998688,0,0.92958,-0.37294,55.775,-0.746,-1,375.000,-1,400.000,-1,325.000,325.000,300.000,300.000,-1,850.000,875.000,-1,700.000,725.000,1000.000,-1,2,0,2,0,2,0,0,0,0,2,0,0,2,0,0,1,2
125,404.722,4133.427,-97.245,107.935,-0.306948,-0.951310,-0.028140,0.950523,-0.307913,0.041177,-0.047837,-0.014109,0.998756,0,0.98324,-0.25294,58.995,-0.506,1000.000,375.000,-1,400.000,-1,325.000,325.000,300.000,300.000,-1,850.000,850.000,-1,700.000,700.000,950.000,-1,1,0,2,0,2,0,0,0,0,2,0,0,2,0,0,1,2
126,386.755,4189.831,-99.925,107.669,-0.302591,-0.952735,-0.027108,0.951983,-0.303497,0.040235,-0.046561,-0.013632,0.998822,0,0.98660,-0.13294,59.196,-0.266,950.000,375.000,-1,400.000,-1,325.000,325.000,300.000,300.000,-1,825.000,825.000,-1,700.000,700.000,900.000,-1,1,0,2,0,2,0,0,0,0,2,0,0,2,0,0,1,2
127,368.753,4246.430,-102.618,107.644,-0.302227,-0.952882,-0.025993,0.952157,-0.303069,0.039324,-0.045349,-0.012864,0.998888,0,0.98989,-0.01294,59.393,-0.026,875.000,375.000,-1,400.000,-1,325.000,325.000,300.000,300.000,-1,800.000,800.000,-1,700.000,700.000,875.000,-1,1,0,2,0,2,0,0,0,0,2,0,0,2,0,0,1,2
128,350.481,4303.147,-105.328,107.858,-0.305857,-0.951755,-0.024772,0.951051,-0.306632,0.038462,-0.044202,-0.011795,0.998953,0,0.99313,0.10706,59.588,0.214,800.000,375.000,-1,400.000,-1,325.000,325.000,300.000,300.000,-1,800.000,800.000,-1,700.000,700.000,825.000,-1,1,0,2,0,2,0,0,0,0,2,0,0,2,0,0,1,2
129,331.699,4359.901,-108.061,108.312,-0.313469,-0.949309,-0.023423,0.948619,-0.314171,0.037669,-0.043119,-0.010411,0.999016,0,0.99635,0.22706,59.781,0.454,750.000,375.000,-1,400.000,-1,325.000,325.000,300.000,300.000,-1,800.000,775.000,-1,700.000,700.000,775.000,-1,1,0,2,0,2,0,0,0,0,2,0,0,2,0,0,1,2
130,312.168,4416.606,-110.822,109.006,-0.325031,-0.945449,-0.021924,0.944766,-0.325653,0.036973,-0.042095,-0.008696,0.999076,0,0.99958,0.34706,59.975,0.694,700.000,375.000,-1,375.000,-1,325.000,325.000,300.000,300.000,-1,775.000,775.000,-1,700.000,700.000,725.000,-1,1,0,2,0,2,0,0,0,0,2,0,0,2,0,0,1,2
131,291.706,4473.009,-113.608,109.940,-0.340491,-0.940030,-0.020259,0.939348,-0.341029,0.036405,-0.041130,-0.006634,0.999132,0,1.00000,0.46706,60.000,0.934,650.000,375.000,-1,375.000,-1,300.000,325.000,300.000,300.000,-1,775.000,750.000,-1,700.000,675.000,675.000,-1,1,0,2,0,2,0,0,0,0,2,0,0,2,1,0,1,2
132,270.092,4528.981,-116.218,111.114,-0.359739,-0.932853,-0.019311,0.932162,-0.360222,0.036254,-0.040776,-0.004959,0.999156,0,1.00000,0.58706,60.000,1.174,600.000,375.000,-1,375.000,-1,300.000,300.000,300.000,275.000,-1,800.000,775.000,-1,650.000,675.000,625.000,-1,1,0,2,0,2,0,0,0,0,2,0,0,2,1,0,1,2
133,247.104,4584.402,-118.427,112.528,-0.382678,-0.923681,-0.019253,0.923043,-0.383135,0.034629,-0.039363,-0.004520,0.999215,0,1.00000,0.70706,60.000,1.414,550.000,375.000,-1,375.000,-1,300.000,300.000,300.000,300.000,-1,800.000,775.000,-1,625.000,675.000,550.000,-1,1,0,2,0,2,0,0,0,0,2,0,0,2,1,0,1,2
134,222.526,4639.137,-120.520,114.182,-0.409208,-0.912238,-0.019252,0.911668,-0.409638,0.032522,-0.037555,-0.004243,0.999286,0,1.00000,0.82706,60.000,1.654,500.000,375.000,-1,375.000,-1,300.000,300.000,300.000,300.000,-1,775.000,700.000,-1,575.000,675.000,500.000,-1,1,0,2,0,2,0,0,0,0,2,0,0,2,1,0,1,2
135,196.152,4693.029,-122.351,116.076,-0.439165,-0.898201,-0.019222,0.897711,-0.439567,0.029935,-0.035337,-0.004109,0.999367,0,1.00000,0.94706,60.000,1.894,450.000,375.000,-1,375.000,-1,300.000,300.000,300.000,300.000,-1,700.000,650.000,-1,525.000,675.000,450.000,-1,1,0,2,0,2,0,0,0,0,2,0,0,2,1,0,1,2
