timestep,x_cm,y_cm,z_cm,yaw_deg,basis_xx,basis_xy,basis_xz,basis_yx,basis_yy,basis_yz,basis_zx,basis_zy,basis_zz,teleport_flag,throttle_cmd,steering_cmd,cmd_move_cm,cmd_turn_deg,lidar_cm_0,lidar_cm_1,lidar_cm_2,lidar_cm_3,lidar_cm_4,lidar_cm_5,lidar_cm_6,lidar_cm_7,lidar_cm_8,lidar_cm_9,lidar_cm_10,lidar_cm_11,lidar_cm_12,lidar_cm_13,lidar_cm_14,lidar_cm_15,lidar_cm_16,lidar_class_0,lidar_class_1,lidar_class_2,lidar_class_3,lidar_class_4,lidar_class_5,lidar_class_6,lidar_class_7,lidar_class_8,lidar_class_9,lidar_class_10,lidar_class_11,lidar_class_12,lidar_class_13,lidar_class_14,lidar_class_15,lidar_class_16
0,-8858.112,6891.013,-227.359,128.693,-0.624883,-0.778422,-0.059842,0.780706,-0.623473,-0.042190,-0.004468,-0.073083,0.997316,1,0.08000,0.12000,4.800,0.240,-1,400.000,-1,375.000,-1,325.000,325.000,300.000,300.000,-1,-1,-1,-1,750.000,725.000,-1,-1,2,0,2,0,2,0,0,0,0,2,2,2,2,0,0,2,2
1,-8864.176,6898.455,-227.419,129.173,-0.631371,-0.773174,-0.059780,0.775465,-0.629974,-0.042268,-0.004980,-0.073044,0.997316,0,0.16000,0.24000,9.600,0.480,-1,400.000,-1,375.000,-1,325.000,325.000,300.000,300.000,-1,-1,-1,-1,750.000,725.000,-1,-1,2,0,2,0,2,0,0,0,0,2,2,2,2,0,0,2,2
2,-8873.411,6909.503,-227.522,129.893,-0.641020,-0.765200,-0.059688,0.767503,-0.639643,-0.042382,-0.005748,-0.072978,0.997317,0,0.24000,0.36000,14.400,0.720,-1,400.000,-1,375.000,-1,325.000,325.000,300.000,300.000,-1,-1,-1,-1,750.000,725.000,-1,-1,2,0,2,0,2,0,0,0,0,2,2,2,2,0,0,2,2
3,-8885.970,6924.025,-227.683,130.853,-0.653728,-0.754381,-0.059563,0.756699,-0.652379,-0.042529,-0.006775,-0.072873,0.997318,0,0.32000,0.48000,19.200,0.960,-1,400.000,-1,375.000,-1,325.000,325.000,300.000,300.000,-1,-1,-1,-1,750.000,725.000,-1,-1,2,0,2,0,2,0,0,0,0,2,2,2,2,0,0,2,2
4,-8902.045,6941.846,-227.923,132.053,-0.669357,-0.740562,-0.059405,0.742897,-0.668042,-0.042703,-0.008060,-0.072715,0.997320,0,0.40000,0.60000,24.000,1.200,-1,400.000,-1,375.000,-1,325.000,325.000,300.000,300.000,-1,-1,-1,-1,750.000,725.000,-1,-1,2,0,2,0,2,0,0,0,0,2,2,2,2,0,0,2,2
5,-8921.867,6962.738,-228.235,133.493,-0.687720,-0.723547,-0.059342,0.725912,-0.686448,-0.042912,-0.009686,-0.072588,0.997315,0,0.48000,0.72000,28.800,1.440,-1,400.000,-1,375.000,-1,325.000,325.000,300.000,300.000,-1,-1,-1,-1,750.000,725.000,-1,-1,2,0,2,0,2,0,0,0,0,2,2,2,2,0,0,2,2
6,-8945.680,6986.441,-228.619,135.132,-0.708087,-0.703614,-0.059500,0.706029,-0.706866,-0.043174,-0.011681,-0.072579,0.997294,0,0.56000,0.81964,33.600,1.639,-1,400.000,-1,375.000,-1,325.000,325.000,300.000,300.000,-1,-1,-1,-1,750.000,725.000,-1,-1,2,0,2,0,2,0,0,0,0,2,2,2,2,0,0,2,2
7,-8972.021,7011.202,-229.107,136.771,-0.727877,-0.683107,-0.059660,0.685571,-0.726707,-0.043463,-0.013665,-0.072537,0.997272,0,0.60255,0.81964,36.153,1.639,-1,400.000,-1,375.000,-1,325.000,325.000,300.000,300.000,-1,-1,-1,-1,750.000,725.000,-1,-1,2,0,2,0,2,0,0,0,0,2,2,2,2,0,0,2,2
8,-8999.061,7035.199,-229.669,138.411,-0.747075,-0.662043,-0.059817,0.664556,-0.745956,-0.043759,-0.015651,-0.072444,0.997250,0,0.60255,0.81964,36.153,1.639,-1,400.000,-1,375.000,-1,325.000,325.000,300.000,300.000,-1,-1,-1,-1,750.000,725.000,-1,-1,2,0,2,0,2,0,0,0,0,2,2,2,2,0,0,2,2
9,-9026.775,7058.413,-230.305,140.050,-0.765664,-0.640439,-0.059973,0.642999,-0.764598,-0.044064,-0.017635,-0.072301,0.997227,0,0.60255,0.81964,36.153,1.639,-1,400.000,-1,375.000,-1,325.000,325.000,300.000,300.000,-1,-1,-1,-1,750.000,725.000,-1,-1,2,0,2,0,2,0,0,0,0,2,2,2,2,0,0,2,2
10,-9055.142,7080.824,-231.015,141.689,-0.783629,-0.618313,-0.060127,0.620920,-0.782617,-0.044377,-0.019618,-0.072109,0.997204,0,0.60255,0.81964,36.153,1.639,-1,400.000,-1,400.000,-1,325.000,325.000,300.000,300.000,-1,-1,-1,-1,750.000,725.000,-1,-1,2,0,2,0,2,0,0,0,0,2,2,2,2,0,0,2,2
11,-9084.139,7102.415,-231.798,143.329,-0.800956,-0.595682,-0.060278,0.598334,-0.799999,-0.044698,-0.021596,-0.071868,0.997180,0,0.60255,0.81964,36.153,1.639,-1,400.000,-1,400.000,-1,325.000,325.000,300.000,300.000,-1,-1,-1,-1,750.000,725.000,-1,-1,2,0,2,0,2,0,0,0,0,2,2,2,2,0,0,2,2
12,-9113.741,7123.168,-232.627,144.968,-0.817637,-0.572569,-0.060296,0.575256,-0.816735,-0.044991,-0.023485,-0.071472,0.997166,0,0.60255,0.81964,36.153,1.639,-1,400.000,-1,375.000,-1,325.000,325.000,300.000,300.000,-1,-1,-1,-1,750.000,725.000,-1,-1,2,0,2,0,2,0,0,0,0,2,2,2,2,0,0,2,2
13,-9143.925,7143.065,-233.523,146.607,-0.833653,-0.548988,-0.060282,0.551706,-0.832809,-0.045276,-0.025347,-0.071003,0.997154,0,0.60255,0.81964,36.153,1.639,-1,400.000,-1,375.000,-1,325.000,325.000,300.000,300.000,-1,-1,-1,-1,750.000,725.000,-1,-1,2,0,2,0,2,0,0,0,0,2,2,2,2,0,0,2,2
14,-9174.666,7162.091,-234.488,148.246,-0.848991,-0.524959,-0.060264,0.527706,-0.848204,-0.045561,-0.027199,-0.070483,0.997142,0,0.60255,0.81964,36.153,1.639,-1,400.000,-1,375.000,-1,325.000,325.000,300.000,300.000,-1,-1,-1,-1,725.000,725.000,-1,-1,2,0,2,0,2,0,0,0,0,2,2,2,2,0,0,2,2
15,-9205.938,7180.229,-235.506,149.886,-0.863640,-0.500497,-0.060230,0.503274,-0.862905,-0.045927,-0.028986,-0.069977,0.997127,0,0.60255,0.81964,36.153,1.639,-1,400.000,-1,375.000,-1,325.000,325.000,300.000,300.000,-1,-1,-1,-1,725.000,725.000,-1,-1,2,0,2,0,2,0,0,0,0,2,2,2,2,0,0,2,2
16,-9237.717,7197.466,-236.592,151.525,-0.877586,-0.475626,-0.060186,0.478431,-0.876904,-0.046299,-0.030756,-0.069426,0.997113,0,0.60255,0.81964,36.153,1.639,-1,375.000,-1,375.000,-1,325.000,325.000,300.000,300.000,-1,-1,-1,-1,725.000,725.000,-1,-1,2,0,2,0,2,0,0,0,0,2,2,2,2,0,0,2,2
17,-9274.181,7216.106,-237.907,152.924,-0.888935,-0.454087,-0.060001,0.456907,-0.888290,-0.046659,-0.032111,-0.068892,0.997107,0,0.68255,0.69964,40.953,1.399,-1,375.000,-1,375.000,-1,325.000,325.000,300.000,300.000,-1,-1,-1,-1,725.000,725.000,-1,-1,2,0,2,0,2,0,0,0,0,2,2,2,2,0,0,2,2
18,-9315.332,7236.103,-239.452,154.084,-0.897948,-0.436037,-0.059681,0.438859,-0.897326,-0.047004,-0.033058,-0.068399,0.997110,0,0.76255,0.57964,45.753,1.159,-1,375.000,-1,375.000,-1,325.000,325.000,300.000,300.000,-1,-1,-1,-1,725.000,725.000,-1,-1,2,0,2,0,2,0,0,0,0,2,2,2,2,0,0,2,2
19,-9361.209,7257.335,-241.139,155.165,-0.906044,-0.419021,-0.059210,0.421847,-0.905409,-0.047738,-0.033606,-0.068230,0.997103,0,0.84255,0.54096,50.553,1.082,-1,400.000,-1,375.000,-1,325.000,325.000,300.000,300.000,-1,-1,-1,-1,750.000,725.000,-1,-1,2,0,2,0,2,0,0,0,0,2,2,2,2,0,0,2,2
20,-9411.873,7279.631,-242.983,156.247,-0.913819,-0.401858,-0.058691,0.404682,-0.913177,-0.048381,-0.034153,-0.067963,0.997103,0,0.92255,0.54096,55.353,1.082,-1,400.000,-1,375.000,-1,325.000,325.000,300.000,300.000,-1,-1,-1,-1,750.000,725.000,-1,-1,2,0,2,0,2,0,0,0,0,2,2,2,2,0,0,2,2
21,-9464.723,7301.707,-244.933,157.329,-0.921269,-0.384554,-0.058161,0.387372,-0.920626,-0.048889,-0.034744,-0.067570,0.997109,0,0.95461,0.54096,57.276,1.082,-1,400.000,-1,375.000,-1,325.000,325.000,300.000,300.000,-1,-1,-1,-1,750.000,725.000,-1,-1,2,0,2,0,2,0,0,0,0,2,2,2,2,0,0,2,2
22,-9517.981,7322.781,-246.951,158.411,-0.928391,-0.367113,-0.057603,0.369922,-0.927750,-0.049378,-0.035314,-0.067150,0.997118,0,0.95461,0.54096,57.276,1.082,-1,400.000,-1,375.000,-1,325.000,325.000,300.000,300.000,-1,-1,-1,-1,750.000,725.000,-1,-1,2,0,2,0,2,0,0,0,0,2,2,2,2,0,0,2,2
23,-9571.627,7342.847,-249.037,159.493,-0.935185,-0.349540,-0.057019,0.352339,-0.934544,-0.049846,-0.035864,-0.066705,0.997128,0,0.95461,0.54096,57.276,1.082,-1,400.000,-1,375.000,-1,325.000,325.000,300.000,300.000,-1,-1,-1,-1,750.000,725.000,-1,-1,2,0,2,0,2,0,0,0,0,2,2,2,2,0,0,2,2
24,-9625.643,7361.895,-251.191,160.575,-0.941647,-0.331842,-0.056412,0.334629,-0.941007,-0.050291,-0.036396,-0.066234,0.997140,0,0.95461,0.54096,57.276,1.082,-1,400.000,-1,375.000,-1,325.000,325.000,300.000,300.000,-1,-1,-1,-1,750.000,725.000,-1,-1,2,0,2,0,2,0,0,0,0,2,2,2,2,0,0,2,2
25,-9680.148,7379.960,-253.419,161.664,-0.947812,-0.313912,-0.055783,0.316685,-0.947174,-0.050714,-0.036916,-0.065733,0.997154,0,0.95703,0.54438,57.422,1.089,-1,400.000,-1,375.000,-1,325.000,325.000,300.000,300.000,-1,-1,-1,-1,750.000,725.000,-1,-1,2,0,2,0,2,0,0,0,0,2,2,2,2,0,0,2,2
26,-9735.163,7397.031,-255.723,162.761,-0.953681,-0.295725,-0.055132,0.298482,-0.953046,-0.051113,-0.037428,-0.065201,0.997170,0,0.96006,0.54870,57.604,1.097,-1,400.000,-1,400.000,-1,325.000,325.000,300.000,300.000,-1,-1,-1,-1,750.000,725.000,-1,-1,2,0,2,0,2,0,0,0,0,2,2,2,2,0,0,2,2
27,-9790.672,7413.088,-258.023,163.867,-0.959233,-0.277285,-0.054633,0.280029,-0.958620,-0.051293,-0.038149,-0.064501,0.997188,0,0.96308,0.55304,57.785,1.106,-1,400.000,-1,400.000,-1,325.000,325.000,300.000,300.000,-1,-1,-1,-1,750.000,725.000,-1,-1,2,0,2,0,2,0,0,0,0,2,2,2,2,0,0,2,2
28,-9846.657,7428.108,-260.365,164.982,-0.964470,-0.258595,-0.054090,0.261320,-0.963883,-0.051397,-0.038845,-0.063706,0.997212,0,0.96609,0.55740,57.965,1.115,-1,400.000,-1,400.000,-1,325.000,325.000,300.000,300.000,-1,-1,-1,-1,775.000,750.000,-1,-1,2,0,2,0,2,0,0,0,0,2,2,2,2,0,0,2,2
29,-9903.099,7442.071,-262.738,166.106,-0.969371,-0.239655,-0.053711,0.242374,-0.968810,-0.051588,-0.039672,-0.063026,0.997223,0,0.96907,0.56180,58.144,1.124,-1,400.000,-1,400.000,-1,325.000,325.000,300.000,300.000,-1,-1,-1,-1,775.000,750.000,-1,-1,2,0,2,0,2,0,0,0,0,2,2,2,2,0,0,2,2
30,-9959.980,7454.954,-265.097,167.238,-0.973923,-0.220466,-0.053565,0.223205,-0.973382,-0.052031,-0.040668,-0.062630,0.997208,0,0.97203,0.56623,58.322,1.132,-1,400.000,-1,400.000,-1,325.000,325.000,300.000,300.000,-1,-1,-1,-1,775.000,750.000,-1,-1,2,0,2,0,2,0,0,0,0,2,2,2,2,0,0,2,2
31,-10017.278,7466.737,-267.529,168.380,-0.978126,-0.201038,-0.053414,0.203796,-0.977607,-0.052465,-0.041670,-0.062203,0.997193,0,0.97496,0.57070,58.497,1.141,-1,400.000,-1,400.000,-1,325.000,325.000,300.000,300.000,-1,-1,-1,-1,775.000,750.000,-1,-1,2,0,2,0,2,0,0,0,0,2,2,2,2,0,0,2,2
32,-10074.971,7477.399,-270.036,169.530,-0.981971,-0.181374,-0.053261,0.184151,-0.981474,-0.052882,-0.042683,-0.061737,0.997179,0,0.97784,0.57521,58.670,1.150,-1,400.000,-1,400.000,-1,325.000,325.000,300.000,300.000,-1,-1,-1,-1,775.000,775.000,-1,-1,2,0,2,0,2,0,0,0,0,2,2,2,2,0,0,2,2
33,-10133.036,7486.918,-272.619,170.690,-0.985446,-0.161481,-0.053109,0.164275,-0.984975,-0.053281,-0.043707,-0.061230,0.997166,0,0.98068,0.57977,58.841,1.160,-1,400.000,-1,400.000,-1,325.000,325.000,300.000,300.000,-1,-1,-1,-1,775.000,775.000,-1,-1,2,0,2,0,2,0,0,0,0,2,2,2,2,0,0,2,2
34,-10186.497,7494.804,-275.040,171.609,-0.987916,-0.145656,-0.052967,0.148465,-0.987462,-0.053633,-0.044491,-0.060848,0.997155,0,0.90068,0.45977,54.041,0.920,-1,400.000,-1,400.000,-1,325.000,325.000,300.000,300.000,-1,-1,-1,-1,775.000,775.000,-1,-1,2,0,2,0,2,0,0,0,0,2,2,2,2,0,0,2,2
35,-10235.292,7501.412,-277.279,172.289,-0.989580,-0.133936,-0.052836,0.136756,-0.989135,-0.053943,-0.045037,-0.060607,0.997145,0,0.82068,0.33977,49.241,0.680,-1,400.000,-1,400.000,-1,325.000,325.000,300.000,300.000,-1,-1,-1,-1,800.000,800.000,-1,-1,2,0,2,0,2,0,0,0,0,2,2,2,2,0,0,2,2
36,-10282.639,7507.342,-279.475,172.861,-0.990876,-0.124046,-0.052708,0.126876,-0.990435,-0.054236,-0.045476,-0.060429,0.997136,0,0.79528,0.28631,47.717,0.573,-1,400.000,-1,400.000,-1,325.000,325.000,300.000,300.000,-1,-1,-1,-1,800.000,800.000,-1,-1,2,0,2,0,2,0,0,0,0,2,2,2,2,0,0,2,2
37,-10330.143,7512.803,-281.702,173.442,-0.992089,-0.113997,-0.052582,0.116837,-0.991653,-0.054522,-0.045928,-0.060234,0.997127,0,0.79695,0.29051,47.817,0.581,-1,400.000,-1,400.000,-1,325.000,325.000,300.000,300.000,-1,-1,-1,-1,800.000,800.000,-1,-1,2,0,2,0,2,0,0,0,0,2,2,2,2,0,0,2,2
38,-10377.793,7517.784,-283.961,174.032,-0.993215,-0.103789,-0.052457,0.106638,-0.992787,-0.054800,-0.046391,-0.060022,0.997118,0,0.79850,0.29478,47.910,0.590,-1,400.000,-1,400.000,-1,325.000,325.000,300.000,300.000,-1,-1,-1,-1,800.000,825.000,-1,-1,2,0,2,0,2,0,0,0,0,2,2,2,2,0,0,2,2
39,-10425.576,7522.276,-286.252,174.630,-0.994251,-0.093419,-0.052333,0.096278,-0.993830,-0.055072,-0.046865,-0.059794,0.997110,0,0.79991,0.29912,47.994,0.598,-1,400.000,-1,400.000,-1,325.000,325.000,300.000,300.000,-1,-1,-1,-1,800.000,825.000,-1,-1,2,0,2,0,2,0,0,0,0,2,2,2,2,0,0,2,2
40,-10473.481,7526.267,-288.571,175.237,-0.995190,-0.082885,-0.052225,0.085754,-0.994780,-0.055316,-0.047367,-0.059528,0.997102,0,0.80118,0.30352,48.071,0.607,-1,400.000,-1,400.000,-1,325.000,325.000,300.000,300.000,-1,-1,-1,-1,800.000,850.000,-1,-1,2,0,2,0,2,0,0,0,0,2,2,2,2,0,0,2,2
41,-10521.492,7529.748,-291.002,175.853,-0.996007,-0.072186,-0.052531,0.075097,-0.995619,-0.055716,-0.048279,-0.059438,0.997064,0,0.80229,0.30800,48.138,0.616,-1,400.000,-1,400.000,-1,325.000,325.000,300.000,300.000,-1,-1,-1,-1,800.000,850.000,-1,-1,2,0,2,0,2,0,0,0,0,2,2,2,2,0,0,2,2
42,-10569.596,7532.709,-293.671,176.478,-0.996685,-0.061323,-0.053460,0.064275,-0.996396,-0.055359,-0.049872,-0.058611,0.997034,0,0.80326,0.31253,48.195,0.625,-1,400.000,-1,400.000,-1,325.000,325.000,300.000,300.000,-1,-1,-1,-1,800.000,875.000,-1,-1,2,0,2,0,2,0,0,0,0,2,2,2,2,0,0,2,2
43,-10617.778,7535.140,-296.372,177.112,-0.997252,-0.050292,-0.054399,0.053284,-0.997063,-0.055015,-0.051472,-0.057763,0.997003,0,0.80406,0.31713,48.243,0.634,-1,400.000,-1,400.000,-1,325.000,325.000,300.000,300.000,-1,-1,-1,-1,800.000,875.000,-1,-1,2,0,2,0,2,0,0,0,0,2,2,2,2,0,0,2,2
44,-10666.023,7537.031,-299.105,177.756,-0.997702,-0.039091,-0.055346,0.042122,-0.997615,-0.054687,-0.053076,-0.056892,0.996969,0,0.80469,0.32180,48.281,0.644,-1,400.000,-1,400.000,-1,325.000,325.000,300.000,300.000,-1,-1,-1,-1,800.000,875.000,-1,-1,2,0,2,0,2,0,0,0,0,2,2,2,2,0,0,2,2
45,-10714.313,7538.373,-301.868,178.409,-0.998029,-0.027720,-0.056298,0.030788,-0.998046,-0.054374,-0.054681,-0.056000,0.996932,0,0.80515,0.32652,48.309,0.653,-1,400.000,-1,400.000,-1,325.000,325.000,300.000,300.000,-1,-1,-1,-1,800.000,875.000,-1,-1,2,0,2,0,2,0,0,0,0,2,2,2,2,0,0,2,2
46,-10762.632,7539.156,-304.661,179.072,-0.998229,-0.016177,-0.057253,0.019281,-0.998351,-0.054077,-0.056283,-0.055085,0.996894,0,0.80543,0.33130,48.326,0.663,-1,400.000,-1,400.000,-1,325.000,325.000,300.000,300.000,-1,-1,-1,-1,775.000,875.000,-1,-1,2,0,2,0,2,0,0,0,0,2,2,2,2,0,0,2,2
47,-10810.962,7539.373,-307.481,179.744,-0.998295,-0.004462,-0.058207,0.007600,-0.998523,-0.053798,-0.057881,-0.054148,0.996854,0,0.80552,0.33614,48.331,0.672,-1,400.000,-1,400.000,-1,325.000,325.000,300.000,300.000,-1,-1,-1,-1,775.000,900.000,-1,-1,2,0,2,0,2,0,0,0,0,2,2,2,2,0,0,2,2
48,-10859.286,7539.014,-310.329,180.426,-0.998221,0.007424,-0.059158,-0.004254,-0.998557,-0.053537,-0.059470,-0.053190,0.996812,0,0.80542,0.34102,48.325,0.682,-1,400.000,-1,400.000,-1,325.000,325.000,300.000,300.000,-1,-1,-1,-1,775.000,900.000,-1,-1,2,0,2,0,2,0,0,0,0,2,2,2,2,0,0,2,2
49,-10907.585,7538.072,-313.203,181.118,-0.998002,0.019483,-0.060103,-0.016282,-0.998446,-0.053295,-0.061048,-0.052210,0.996768,0,0.80513,0.34595,48.308,0.692,-1,400.000,-1,400.000,-1,325.000,325.000,300.000,300.000,-1,-1,-1,-1,775.000,900.000,-1,-1,2,0,2,0,2,0,0,0,0,2,2,2,2,0,0,2,2
50,-10955.839,7536.539,-316.101,181.820,-0.997631,0.031713,-0.061038,-0.028484,-0.998184,-0.053072,-0.062611,-0.051208,0.996723,0,0.80465,0.35091,48.279,0.702,-1,400.000,-1,400.000,-1,325.000,325.000,300.000,300.000,-1,-1,-1,-1,775.000,900.000,-1,-1,2,0,2,0,2,0,0,0,0,2,2,2,2,0,0,2,2
51,-11004.030,7534.409,-319.023,182.532,-0.997103,0.044114,-0.061961,-0.040858,-0.997765,-0.052869,-0.064155,-0.050184,0.996677,0,0.80396,0.35591,48.238,0.712,-1,400.000,-1,425.000,-1,325.000,325.000,300.000,300.000,-1,-1,-1,-1,750.000,900.000,-1,-1,2,0,2,0,2,0,0,0,0,2,2,2,2,0,0,2,2
52,-11052.137,7531.675,-321.967,183.253,-0.996411,0.056683,-0.062869,-0.053403,-0.997182,-0.052686,-0.065678,-0.049139,0.996630,0,0.80308,0.36092,48.185,0.722,-1,400.000,-1,425.000,-1,325.000,325.000,300.000,300.000,-1,-1,-1,-1,750.000,900.000,-1,-1,2,0,2,0,2,0,0,0,0,2,2,2,2,0,0,2,2
53,-11100.141,7528.332,-324.931,183.985,-0.995548,0.069420,-0.063758,-0.066117,-0.996429,-0.052523,-0.067176,-0.048073,0.996582,0,0.80201,0.36595,48.120,0.732,-1,400.000,-1,425.000,-1,325.000,325.000,300.000,300.000,-1,-1,-1,-1,750.000,900.000,-1,-1,2,0,2,0,2,0,0,0,0,2,2,2,2,0,0,2,2
54,-11148.022,7524.373,-328.114,184.727,-0.994512,0.082324,-0.064560,-0.079056,-0.995532,-0.051641,-0.068523,-0.046254,0.996577,0,0.80073,0.37097,48.044,0.742,-1,400.000,-1,425.000,-1,325.000,325.000,300.000,300.000,-1,-1,-1,-1,750.000,875.000,-1,-1,2,0,2,0,2,0,0,0,0,2,2,2,2,0,0,2,2
55,-11195.759,7519.799,-331.723,185.476,-0.993279,0.095330,-0.065650,-0.092146,-0.994493,-0.049929,-0.070048,-0.043544,0.996593,0,0.79927,0.37415,47.956,0.748,-1,400.000,-1,425.000,-1,325.000,325.000,300.000,300.000,-1,-1,-1,-1,725.000,875.000,-1,-1,2,0,2,0,2,0,0,0,0,2,2,2,2,0,0,2,2
56,-11243.334,7514.608,-335.423,186.229,-0.991862,0.108407,-0.066766,-0.105287,-0.993253,-0.048608,-0.071586,-0.041183,0.996584,0,0.79762,0.37665,47.857,0.753,-1,400.000,-1,425.000,-1,325.000,325.000,300.000,300.000,-1,-1,-1,-1,725.000,850.000,-1,-1,2,0,2,0,2,0,0,0,0,2,2,2,2,0,0,2,2
57,-11290.726,7508.802,-339.120,186.987,-0.990264,0.121549,-0.067847,-0.118499,-0.991826,-0.047312,-0.073044,-0.038812,0.996573,0,0.79577,0.37899,47.746,0.758,-1,400.000,-1,425.000,-1,325.000,325.000,300.000,300.000,-1,-1,-1,-1,725.000,850.000,-1,-1,2,0,2,0,2,0,0,0,0,2,2,2,2,0,0,2,2
58,-11337.916,7502.381,-342.811,187.749,-0.988483,0.134746,-0.068889,-0.131773,-0.990210,-0.046040,-0.074419,-0.036432,0.996561,0,0.79375,0.38117,47.625,0.762,-1,375.000,-1,425.000,-1,325.000,325.000,300.000,300.000,-1,-1,-1,-1,700.000,825.000,-1,-1,2,0,2,0,2,0,0,0,0,2,2,2,2,0,0,2,2
59,-11384.886,7495.350,-346.492,188.515,-0.986516,0.147991,-0.069888,-0.145100,-0.988403,-0.044791,-0.075706,-0.034047,0.996549,0,0.79155,0.38317,47.493,0.766,-1,375.000,-1,425.000,-1,325.000,325.000,300.000,300.000,-1,-1,-1,-1,700.000,800.000,-1,-1,2,0,2,0,2,0,0,0,0,2,2,2,2,0,0,2,2
60,-11431.617,7487.711,-350.161,189.285,-0.984364,0.161273,-0.070841,-0.158472,-0.986402,-0.043564,-0.076903,-0.031656,0.996536,0,0.78919,0.38500,47.351,0.770,-1,375.000,-1,400.000,-1,325.000,325.000,300.000,300.000,-1,-1,-1,-1,675.000,800.000,-1,-1,2,0,2,0,2,0,0,0,0,2,2,2,2,0,0,2,2
61,-11478.093,7479.468,-353.813,190.059,-0.982025,0.174584,-0.071744,-0.171878,-0.984207,-0.042355,-0.078005,-0.029263,0.996523,0,0.78668,0.38666,47.201,0.773,-1,375.000,-1,400.000,-1,325.000,325.000,300.000,300.000,-1,-1,-1,-1,675.000,800.000,-1,-1,2,0,2,0,2,0,0,0,0,2,2,2,2,0,0,2,2
62,-11524.297,7470.626,-357.445,190.835,-0.979499,0.187915,-0.072595,-0.185309,-0.981818,-0.041164,-0.079010,-0.026868,0.996512,0,0.78404,0.38814,47.042,0.776,-1,375.000,-1,400.000,-1,325.000,325.000,300.000,300.000,-1,-1,-1,-1,675.000,775.000,-1,-1,2,0,2,0,2,0,0,0,0,2,2,2,2,0,0,2,2
63,-11570.214,7461.190,-361.053,191.614,-0.976785,0.201256,-0.073391,-0.198756,-0.979233,-0.039989,-0.079915,-0.024474,0.996501,0,0.78127,0.38943,46.876,0.779,-1,375.000,-1,400.000,-1,325.000,325.000,300.000,300.000,-1,-1,-1,-1,650.000,775.000,-1,-1,2,0,2,0,2,0,0,0,0,2,2,2,2,0,0,2,2
64,-11615.829,7451.166,-364.635,192.395,-0.973885,0.214598,-0.074130,-0.212208,-0.976453,-0.038827,-0.080716,-0.022082,0.996493,0,0.77841,0.39054,46.704,0.781,-1,375.000,-1,400.000,-1,300.000,325.000,300.000,300.000,-1,-1,-1,-1,650.000,750.000,-1,-1,2,0,2,0,2,0,0,0,0,2,2,2,2,0,0,2,2
65,-11656.590,7441.444,-367.830,193.416,-0.969845,0.231977,-0.074753,-0.229703,-0.972525,-0.037827,-0.081474,-0.019516,0.996484,0,0.69841,0.51054,41.904,1.021,-1,375.000,-1,400.000,-1,300.000,325.000,300.000,300.000,-1,-1,-1,-1,650.000,750.000,-1,-1,2,0,2,0,2,0,0,0,0,2,2,2,2,0,0,2,2
66,-11692.484,7432.044,-370.640,194.677,-0.964446,0.253337,-0.075266,-0.251181,-0.967233,-0.037002,-0.082174,-0.016781,0.996477,0,0.61841,0.63054,37.104,1.261,-1,375.000,-1,375.000,-1,300.000,300.000,300.000,300.000,-1,-1,-1,-1,625.000,725.000,-1,-1,2,0,2,0,2,0,0,0,0,2,2,2,2,0,0,2,2
67,-11723.510,7423.044,-373.099,196.178,-0.957426,0.278600,-0.075618,-0.276579,-0.960309,-0.036217,-0.082706,-0.013761,0.996479,0,0.53841,0.75054,32.304,1.501,-1,350.000,-1,375.000,-1,300.000,300.000,-1,325.000,-1,-1,-1,-1,625.000,725.000,-1,-1,2,0,2,0,2,0,0,2,0,2,2,2,2,0,0,2,2
68,-11749.680,7414.583,-375.356,197.919,-0.948488,0.307663,-0.075588,-0.305845,-0.951444,-0.034835,-0.082635,-0.009922,0.996530,0,0.45841,0.87054,27.504,1.741,-1,350.000,-1,375.000,-1,300.000,300.000,-1,325.000,-1,-1,-1,-1,675.000,700.000,-1,-1,2,0,2,0,2,0,0,2,0,2,2,2,2,1,0,2,2
69,-11771.028,7406.855,-377.047,199.900,-0.937301,0.340379,-0.074895,-0.338729,-0.940265,-0.034125,-0.082037,-0.006616,0.996607,0,0.37841,0.99054,22.704,1.981,-1,350.000,-1,375.000,-1,300.000,300.000,-1,325.000,-1,-1,-1,-1,725.000,700.000,-1,-1,2,0,2,0,2,0,0,2,0,2,2,2,2,1,0,2,2
70,-11787.641,7400.177,-378.354,201.900,-0.924859,0.372992,-0.074240,-0.371493,-0.927828,-0.033596,-0.081413,-0.003491,0.996674,0,0.29841,1.00000,17.904,2.000,-1,350.000,-1,375.000,-1,300.000,300.000,-1,325.000,-1,-1,-1,-1,750.000,700.000,-1,-1,2,0,2,0,2,0,0,2,0,2,2,2,2,1,0,2,2
71,-11799.621,7394.869,-379.293,203.900,-0.911276,0.405148,-0.073696,-0.403785,-0.914251,-0.033215,-0.080833,-0.000511,0.996728,0,0.21841,1.00000,13.104,2.000,-1,350.000,-1,375.000,-1,300.000,300.000,-1,325.000,-1,-1,-1,-1,800.000,675.000,-1,-1,2,0,2,0,2,0,0,2,0,2,2,2,2,1,0,2,2
72,-11807.092,7391.242,-379.870,205.900,-0.896566,0.436807,-0.073275,-0.435566,-0.899552,-0.032990,-0.080324,0.002339,0.996766,0,0.13841,1.00000,8.304,2.000,-1,350.000,-1,375.000,-1,300.000,300.000,-1,325.000,-1,-1,-1,-1,825.000,675.000,-1,-1,2,0,2,0,2,0,0,2,0,2,2,2,2,1,0,2,2
73,-11810.189,7389.602,-380.088,207.900,-0.880746,0.467930,-0.072989,-0.466798,-0.883751,-0.032924,-0.079910,0.005073,0.996789,0,0.05841,1.00000,3.504,2.000,-1,350.000,-1,375.000,-1,300.000,300.000,-1,325.000,-1,-1,-1,-1,875.000,675.000,-1,-1,2,0,2,0,2,0,0,2,0,2,2,2,2,1,0,2,2
74,-11809.065,7390.248,-379.952,209.900,-0.863835,0.498479,-0.072846,-0.497444,-0.866867,-0.033023,-0.079609,0.007710,0.996796,0,-0.02159,1.00000,-1.296,2.000,-1,350.000,-1,375.000,-1,300.000,300.000,950.000,325.000,-1,-1,-1,-1,925.000,675.000,-1,-1,2,0,2,0,2,0,0,1,0,2,2,2,2,1,0,2,2
75,-11803.890,7393.469,-379.464,211.900,-0.845854,0.528417,-0.072851,-0.527467,-0.848923,-0.033289,-0.079435,0.010269,0.996787,0,-0.10159,1.00000,-6.096,2.000,-1,375.000,-1,375.000,-1,300.000,300.000,325.000,325.000,-1,-1,-1,-1,975.000,675.000,-1,-1,2,1,2,0,2,0,0,1,0,2,2,2,2,1,0,2,2
76,-11794.847,7399.546,-378.626,213.900,-0.826822,0.557706,-0.073007,-0.556832,-0.829940,-0.033721,-0.079398,0.012771,0.996761,0,-0.18159,1.00000,-10.896,2.000,-1,375.000,-1,375.000,-1,300.000,300.000,325.000,325.000,-1,-1,875.000,-1,-1,650.000,-1,-1,2,1,2,0,2,0,0,0,0,2,2,0,2,2,0,2,2
77,-11782.133,7408.749,-377.440,215.900,-0.806762,0.586310,-0.073313,-0.585503,-0.809943,-0.034320,-0.079502,0.015237,0.996718,0,-0.26159,1.00000,-15.696,2.000,-1,600.000,-1,375.000,-1,300.000,300.000,325.000,325.000,-1,-1,850.000,-1,-1,650.000,-1,-1,2,1,2,0,2,0,0,0,0,2,2,0,2,2,0,2,2
78,-11765.960,7421.339,-375.903,217.900,-0.785699,0.614195,-0.073765,-0.613447,-0.788956,-0.035080,-0.079743,0.017689,0.996658,0,-0.34159,1.00000,-20.496,2.000,-1,700.000,-1,375.000,-1,300.000,300.000,325.000,325.000,-1,-1,850.000,-1,-1,650.000,-1,-1,2,1,2,0,2,0,0,0,0,2,2,0,2,2,0,2,2
79,-11749.515,7435.089,-374.302,219.900,-0.763669,0.641325,-0.074247,-0.640640,-0.767004,-0.035853,-0.079941,0.020185,0.996595,0,-0.35727,1.00000,-21.436,2.000,-1,825.000,-1,375.000,-1,300.000,300.000,325.000,325.000,-1,-1,850.000,-1,-1,650.000,-1,-1,2,1,2,0,2,0,0,0,0,2,2,0,2,2,0,2,2
80,-11737.086,7446.147,-373.064,221.660,-0.743513,0.664547,-0.074607,-0.663927,-0.746909,-0.036434,-0.079937,0.022445,0.996547,0,-0.27727,0.88000,-16.636,1.760,-1,950.000,-1,375.000,-1,300.000,300.000,325.000,325.000,-1,-1,875.000,-1,-1,650.000,-1,-1,2,1,2,0,2,0,0,0,0,2,2,0,2,2,0,2,2
81,-11728.455,7454.246,-372.180,223.180,-0.725547,0.684094,-0.074814,-0.683538,-0.728985,-0.036837,-0.079738,0.024411,0.996517,0,-0.19727,0.76000,-11.836,1.520,-1,-1,-1,375.000,-1,300.000,300.000,325.000,325.000,-1,-1,875.000,-1,-1,650.000,-1,-1,2,2,2,0,2,0,0,0,0,2,2,0,2,2,0,2,2
82,-11723.433,7459.174,-371.635,224.460,-0.710037,0.700179,-0.074805,-0.699681,-0.713493,-0.037075,-0.079331,0.026015,0.996509,0,-0.11727,0.64000,-7.036,1.280,-1,-1,-1,375.000,-1,300.000,300.000,325.000,325.000,-1,-1,850.000,-1,-1,650.000,-1,-1,2,2,2,0,2,0,0,0,0,2,2,0,2,2,0,2,2
83,-11721.865,7460.769,-371.463,225.500,-0.697180,0.712988,-0.074755,-0.712547,-0.700641,-0.037133,-0.078852,0.027378,0.996510,0,-0.03727,0.52000,-2.236,1.040,-1,-1,-1,375.000,-1,300.000,300.000,325.000,325.000,-1,-1,850.000,-1,-1,650.000,-1,-1,2,2,2,0,2,0,0,0,0,2,2,0,2,2,0,2,2
84,-11723.636,7458.915,-371.659,226.300,-0.687140,0.722679,-0.074662,-0.722292,-0.690597,-0.037022,-0.078316,0.028488,0.996521,0,0.04273,0.40000,2.564,0.800,-1,-1,-1,375.000,-1,300.000,300.000,325.000,325.000,-1,-1,800.000,-1,-1,650.000,-1,-1,2,2,2,0,2,0,0,0,0,2,2,0,2,2,0,2,2
85,-11728.671,7453.541,-372.220,226.860,-0.680042,0.729376,-0.074520,-0.729040,-0.683484,-0.036749,-0.077737,0.029337,0.996542,0,0.12273,0.28000,7.364,0.560,-1,-1,-1,375.000,-1,300.000,300.000,325.000,325.000,-1,900.000,775.000,-1,-1,650.000,-1,-1,2,2,2,0,2,0,0,0,0,2,0,0,2,2,0,2,2
86,-11736.939,7444.619,-373.125,227.180,-0.675978,0.733170,-0.074261,-0.732879,-0.679389,-0.036321,-0.077082,0.029873,0.996577,0,0.20273,0.16000,12.164,0.320,-1,-1,-1,375.000,-1,300.000,300.000,325.000,325.000,-1,850.000,725.000,-1,-1,625.000,-1,-1,2,2,2,0,2,0,0,0,0,2,0,0,2,2,0,2,2
87,-11748.452,7432.160,-374.343,227.260,-0.675007,0.734116,-0.073752,-0.733858,-0.678362,-0.035744,-0.076271,0.029996,0.996636,0,0.28273,0.04000,16.964,0.080,-1,-1,-1,375.000,-1,300.000,300.000,325.000,325.000,-1,800.000,675.000,-1,-1,625.000,-1,-1,2,2,2,0,2,0,0,0,0,2,0,0,2,2,0,2,2
88,-11763.267,7416.217,-375.891,227.100,-0.677132,0.732223,-0.073094,-0.731992,-0.680413,-0.035006,-0.075367,0.029801,0.996710,0,0.36273,-0.08000,21.764,-0.160,-1,-1,-1,375.000,-1,300.000,300.000,325.000,325.000,-1,750.000,625.000,-1,-1,625.000,-1,-1,2,2,2,0,2,0,0,0,0,2,0,0,2,2,0,2,2
89,-11781.484,7396.884,-377.761,226.700,-0.682327,0.727465,-0.072280,-0.727256,-0.685518,-0.034102,-0.074357,0.029298,0.996801,0,0.44273,-0.20000,26.564,-0.400,-1,-1,-1,375.000,-1,300.000,300.000,325.000,325.000,-1,725.000,600.000,-1,-1,625.000,-1,-1,2,2,2,0,2,0,0,0,0,2,0,0,2,2,0,2,2
90,-11803.248,7374.300,-379.948,226.060,-0.690532,0.719780,-0.071297,-0.719586,-0.693617,-0.033022,-0.073221,0.028501,0.996908,0,0.52273,-0.32000,31.364,-0.640,-1,-1,-1,375.000,-1,300.000,300.000,325.000,325.000,-1,675.000,550.000,-1,-1,625.000,-1,-1,2,2,2,0,2,0,0,0,0,2,0,0,2,2,0,2,2
91,-11828.739,7348.648,-382.443,225.180,-0.701649,0.709063,-0.070132,-0.708882,-0.704611,-0.031761,-0.071936,0.027430,0.997032,0,0.60273,-0.44000,36.164,-0.880,-1,-1,-1,375.000,-1,350.000,300.000,325.000,325.000,-1,625.000,500.000,-1,-1,625.000,-1,-1,2,2,2,0,2,1,0,0,0,2,0,0,2,2,0,2,2
92,-11858.176,7320.162,-385.236,224.060,-0.715539,0.695180,-0.068770,-0.695009,-0.718362,-0.030310,-0.070473,0.026108,0.997172,0,0.68273,-0.56000,40.964,-1.120,-1,-1,-1,375.000,-1,400.000,300.000,550.000,325.000,-1,600.000,475.000,-1,-1,650.000,-1,-1,2,2,2,0,2,1,0,1,0,2,0,0,2,2,1,2,2
93,-11891.810,7289.126,-390.875,222.700,-0.731983,0.678098,-0.066213,-0.676939,-0.734837,-0.042056,-0.077174,0.014038,0.996919,0,0.76273,-0.68000,45.764,-1.360,-1,875.000,-1,350.000,-1,375.000,275.000,675.000,325.000,-1,875.000,825.000,-1,-1,600.000,-1,950.000,2,1,2,0,2,1,0,1,0,2,0,0,2,2,0,2,0
94,-11929.913,7255.882,-399.081,221.100,-0.750914,0.657362,-0.063271,-0.654153,-0.753536,-0.065317,-0.090613,-0.007659,0.995857,0,0.84273,-0.80000,50.564,-1.600,-1,700.000,-1,325.000,950.000,350.000,250.000,750.000,350.000,-1,-1,-1,-1,-1,550.000,-1,800.000,2,1,2,0,0,1,0,1,0,2,2,2,2,2,0,2,0
95,-11972.751,7220.804,-407.774,219.301,-0.771609,0.633100,-0.061677,-0.627465,-0.773471,-0.089613,-0.104439,-0.030446,0.994065,0,0.92273,-0.89973,55.364,-1.799,-1,550.000,-1,300.000,850.000,300.000,225.000,825.000,375.000,-1,-1,-1,-1,850.000,500.000,-1,675.000,2,1,2,0,0,1,0,1,0,2,2,2,2,1,0,2,0
96,-12019.490,7184.876,-416.725,217.530,-0.791316,0.608301,-0.061560,-0.599855,-0.791898,-0.114329,-0.118295,-0.053543,0.991534,0,0.98246,-0.88555,58.948,-1.771,-1,425.000,925.000,275.000,775.000,250.000,200.000,925.000,400.000,-1,-1,-1,-1,700.000,450.000,-1,575.000,2,1,0,0,0,1,0,1,0,2,2,2,2,1,0,2,0
97,-12067.103,7150.526,-423.813,215.791,-0.809749,0.583420,-0.062672,-0.572971,-0.809207,-0.129956,-0.126534,-0.069322,0.989537,0,0.97845,-0.86956,58.707,-1.739,-1,375.000,800.000,250.000,700.000,225.000,200.000,-1,425.000,-1,-1,-1,-1,575.000,400.000,-1,500.000,2,1,0,0,0,1,0,2,0,2,2,2,2,1,0,2,0
98,-12115.421,7117.818,-428.886,214.086,-0.826851,0.558748,-0.064175,-0.547400,-0.825706,-0.136246,-0.129117,-0.077525,0.988594,0,0.97242,-0.85243,58.345,-1.705,-1,325.000,750.000,250.000,675.000,225.000,175.000,-1,425.000,-1,-1,-1,-1,475.000,400.000,-1,475.000,2,1,0,0,0,1,0,2,0,2,2,2,2,1,0,2,0
99,-12164.259,7086.798,-432.775,212.417,-0.842733,0.534316,-0.065623,-0.522795,-0.841384,-0.136963,-0.128396,-0.081116,0.988400,0,0.96426,-0.83425,57.855,-1.668,-1,300.000,725.000,225.000,650.000,225.000,175.000,-1,425.000,-1,-1,-1,-1,425.000,375.000,600.000,450.000,2,1,0,0,0,1,0,2,0,2,2,2,2,1,0,1,0
100,-12213.431,7057.504,-435.568,210.787,-0.857481,0.510188,-0.066594,-0.499180,-0.856290,-0.132617,-0.124684,-0.080474,0.988928,0,0.95394,-0.81519,57.236,-1.630,-1,275.000,725.000,250.000,650.000,200.000,200.000,-1,425.000,-1,-1,-1,-1,375.000,375.000,525.000,425.000,2,1,0,0,0,1,1,2,0,2,2,2,2,1,0,1,0
101,-8199.154,2295.764,-227.763,48.349,0.664685,-0.747104,0.005386,0.747051,0.664503,-0.018690,0.010384,0.016447,0.999811,1,0.00000,0.00000,56.492,-1.591,425.000,375.000,-1,375.000,-1,300.000,300.000,325.000,325.000,-1,625.000,600.000,-1,550.000,700.000,500.000,-1,1,0,2,0,2,0,0,0,0,2,0,0,2,1,0,1,2
102,-8195.979,2299.364,-227.699,48.589,0.661550,-0.749882,0.005285,0.749826,0.661369,-0.018746,0.010562,0.016365,0.999810,0,0.08000,0.12000,4.800,0.240,425.000,375.000,-1,375.000,-1,300.000,300.000,325.000,325.000,-1,625.000,600.000,-1,550.000,700.000,475.000,-1,1,0,2,0,2,0,0,0,0,2,0,0,2,1,0,1,2
103,-8189.690,2306.617,-227.567,49.069,0.655246,-0.755399,0.005078,0.755337,0.655066,-0.018859,0.010920,0.016193,0.999809,0,0.16000,0.24000,9.600,0.480,425.000,375.000,-1,375.000,-1,300.000,300.000,325.000,325.000,-1,625.000,600.000,-1,550.000,675.000,475.000,-1,1,0,2,0,2,0,0,0,0,2,0,0,2,1,0,1,2
104,-8180.393,2317.614,-227.361,49.789,0.645703,-0.763574,0.004755,0.763503,0.645524,-0.019026,0.011458,0.015915,0.999808,0,0.24000,0.36000,14.400,0.720,400.000,375.000,-1,375.000,-1,300.000,300.000,325.000,325.000,-1,625.000,600.000,-1,525.000,675.000,450.000,-1,1,0,2,0,2,0,0,0,0,2,0,0,2,1,0,1,2
105,-8168.245,2332.482,-227.154,50.749,0.632824,-0.774283,0.004388,0.774196,0.632641,-0.019635,0.012427,0.015823,0.999798,0,0.32000,0.48000,19.200,0.960,375.000,375.000,-1,375.000,-1,300.000,300.000,325.000,325.000,-1,625.000,600.000,-1,525.000,675.000,450.000,-1,1,1,2,0,2,0,0,0,0,2,0,0,2,1,0,1,2
106,-8153.409,2351.347,-226.870,51.818,0.618267,-0.785959,0.003920,0.785851,0.618080,-0.020376,0.013592,0.015678,0.999785,0,0.40000,0.53475,24.000,1.070,375.000,375.000,-1,375.000,-1,300.000,300.000,325.000,325.000,-1,600.000,600.000,-1,500.000,675.000,425.000,-1,1,1,2,0,2,0,0,0,0,2,0,0,2,1,0,1,2
107,-8136.034,2374.315,-226.486,52.893,0.603427,-0.797412,0.003338,0.797279,0.603238,-0.021210,0.014900,0.015460,0.999769,0,0.48000,0.53716,28.800,1.074,350.000,350.000,-1,375.000,-1,300.000,300.000,325.000,325.000,-1,600.000,600.000,-1,500.000,675.000,400.000,-1,1,1,2,0,2,0,0,0,0,2,0,0,2,1,0,1,2
108,-8116.272,2401.490,-225.984,53.975,0.588258,-0.808669,0.002623,0.808508,0.588069,-0.022127,0.016351,0.015137,0.999752,0,0.56000,0.54123,33.600,1.082,325.000,350.000,-1,375.000,-1,300.000,300.000,325.000,325.000,-1,575.000,600.000,-1,475.000,675.000,350.000,-1,1,1,2,0,2,0,0,0,0,2,0,0,2,1,0,1,2
109,-8094.285,2432.972,-225.347,55.069,0.572710,-0.819756,0.001750,0.819561,0.572525,-0.023118,0.017950,0.014674,0.999731,0,0.64000,0.54703,38.400,1.094,300.000,325.000,-1,375.000,-1,300.000,300.000,325.000,325.000,-1,575.000,575.000,-1,475.000,675.000,325.000,-1,1,1,2,0,2,1,0,0,0,2,0,0,2,1,0,1,2
110,-8070.239,2468.861,-224.548,56.179,0.556728,-0.830694,0.000717,0.830461,0.556551,-0.024174,0.019682,0.014054,0.999708,0,0.72000,0.55469,43.200,1.109,250.000,325.000,-1,375.000,-1,300.000,300.000,325.000,325.000,-1,550.000,575.000,-1,450.000,700.000,300.000,-1,1,1,2,0,2,1,0,0,0,2,0,0,2,1,0,1,2
111,-8044.313,2509.257,-223.563,57.307,0.540248,-0.841505,-0.000491,0.841230,0.540086,-0.025285,0.021543,0.013247,0.999680,0,0.80000,0.56435,48.000,1.129,225.000,300.000,-1,375.000,-1,275.000,300.000,325.000,325.000,-1,550.000,575.000,-1,425.000,700.000,250.000,-1,1,1,2,0,2,1,1,0,0,2,0,0,2,1,0,1,2
112,-8016.695,2554.259,-220.537,58.460,0.523367,-0.852106,0.001379,0.851596,0.522996,-0.035488,0.029518,0.019748,0.999369,0,0.88000,0.57622,52.800,1.152,200.000,300.000,-1,375.000,-1,275.000,300.000,350.000,325.000,-1,425.000,400.000,-1,425.000,725.000,225.000,-1,1,1,2,0,2,1,1,0,0,2,0,0,2,1,0,1,2
113,-7987.589,2603.965,-215.096,59.641,0.506261,-0.862347,0.007520,0.861221,0.505109,-0.056247,0.044706,0.034952,0.998389,0,0.96000,0.59059,57.600,1.181,200.000,300.000,-1,425.000,-1,300.000,325.000,400.000,300.000,-1,300.000,225.000,-1,475.000,800.000,225.000,-1,1,1,2,0,2,1,1,1,0,2,0,0,2,1,0,1,2
114,-7958.378,2656.376,-209.607,60.857,0.488697,-0.872340,0.014043,0.870431,0.486406,-0.075894,0.059374,0.049313,0.997017,0,1.00000,0.60783,60.000,1.216,200.000,325.000,-1,450.000,-1,325.000,375.000,400.000,300.000,-1,250.000,150.000,-1,525.000,875.000,250.000,-1,1,1,2,0,2,1,1,1,0,2,0,0,2,1,0,1,2
115,-7930.323,2709.415,-204.282,62.111,0.470532,-0.882140,0.020698,0.879361,0.466852,-0.093670,0.072967,0.062276,0.995388,0,1.00000,0.62723,60.000,1.254,200.000,350.000,-1,475.000,-1,350.000,425.000,400.000,275.000,-1,200.000,100.000,-1,600.000,950.000,250.000,-1,1,1,2,0,2,1,0,1,0,2,0,0,2,1,0,1,2
116,-7903.476,2763.076,-199.105,63.407,0.451681,-0.891754,0.027528,0.888064,0.446424,-0.109758,0.085588,0.074022,0.993577,0,1.00000,0.64792,60.000,1.296,200.000,375.000,-1,525.000,-1,375.000,450.000,400.000,275.000,-1,200.000,100.000,900.000,625.000,1000.000,275.000,-1,1,1,2,0,2,1,0,1,0,2,0,0,0,1,1,1,2
117,-7877.894,2817.350,-194.450,64.747,0.432152,-0.901063,0.036475,0.896665,0.425028,-0.123866,0.096108,0.086235,0.991628,0,1.00000,0.67004,60.000,1.340,200.000,375.000,-1,525.000,-1,400.000,475.000,400.000,275.000,-1,200.000,75.000,700.000,650.000,-1,275.000,-1,1,1,2,0,2,1,0,1,0,2,0,0,0,1,2,1,2
118,-7853.635,2872.229,-189.928,66.134,0.411798,-0.910118,0.045916,0.905123,0.402653,-0.136462,0.105708,0.097754,0.989581,0,1.00000,0.69379,60.000,1.388,200.000,400.000,-1,550.000,-1,450.000,500.000,375.000,250.000,-1,175.000,50.000,575.000,650.000,-1,275.000,-1,1,1,2,0,2,1,0,1,0,2,0,0,0,1,2,1,2
119,-7830.763,2927.699,-185.448,67.573,0.390532,-0.918905,0.055662,0.913417,0.379248,-0.147782,0.114688,0.108556,0.987452,0,1.00000,0.71936,60.000,1.439,175.000,425.000,-1,575.000,-1,450.000,500.000,350.000,250.000,-1,175.000,50.000,475.000,650.000,-1,300.000,-1,1,1,2,0,2,1,1,1,0,2,0,0,0,1,2,1,2
120,-7809.346,2983.746,-181.003,69.067,0.368277,-0.927395,0.065651,0.921504,0.354748,-0.158067,0.123302,0.118710,0.985243,0,1.00000,0.74696,60.000,1.494,175.000,400.000,-1,575.000,-1,450.000,500.000,300.000,250.000,-1,175.000,50.000,400.000,650.000,-1,300.000,-1,1,1,2,1,2,1,1,1,0,2,0,0,0,1,2,1,2
121,-4263.560,983.943,-185.959,14.093,0.963483,-0.242189,0.114211,0.251698,0.964684,-0.077677,-0.091365,0.103587,0.990415,1,0.00000,0.00000,60.000,1.554,775.000,325.000,600.000,250.000,175.000,250.000,225.000,475.000,275.000,350.000,0.000,200.000,-1,475.000,350.000,625.000,175.000,1,0,1,0,0,0,0,1,0,1,1,1,2,1,0,1,0
122,2295.050,4914.735,82.403,-98.502,-0.145039,0.988692,-0.038093,-0.985431,-0.147802,-0.084145,-0.088823,0.025334,0.995725,1,0.08000,-0.12000,4.800,-0.240,-1,375.000,-1,375.000,-1,300.000,300.000,300.000,325.000,-1,625.000,675.000,-1,650.000,675.000,-1,-1,2,0,2,0,2,0,0,0,0,2,0,0,2,0,0,2,2
123,2293.551,4905.253,81.523,-98.982,-0.153376,0.987439,-0.037939,-0.984205,-0.156083,-0.083534,-0.088407,0.024528,0.995782,0,0.16000,-0.24000,9.600,-0.480,-1,375.000,-1,375.000,-1,300.000,300.000,300.000,325.000,-1,575.000,625.000,-1,650.000,675.000,-1,-1,2,0,2,0,2,0,0,0,0,2,0,0,2,0,0,2,2
124,2291.124,4891.059,80.199,-99.702,-0.165861,0.985429,-0.037685,-0.982235,-0.168484,-0.082627,-0.087772,0.023311,0.995868,0,0.24000,-0.36000,14.400,-0.720,-1,375.000,-1,375.000,-1,300.000,300.000,300.000,325.000,-1,525.000,575.000,-1,650.000,675.000,-1,-1,2,0,2,0,2,0,0,0,0,2,0,0,2,0,0,2,2
125,2287.571,4872.190,78.422,-100.662,-0.182469,0.982504,-0.037301,-0.979363,-0.184977,-0.081433,-0.086908,0.021672,0.995981,0,0.32000,-0.48000,19.200,-0.960,-1,375.000,-1,375.000,-1,325.000,300.000,300.000,325.000,-1,450.000,500.000,-1,650.000,675.000,-1,-1,2,0,2,0,2,0,0,0,0,2,0,0,2,0,0,2,2
126,2282.638,4848.703,76.188,-101.862,-0.203156,0.978456,-0.036750,-0.975380,-0.205521,-0.079970,-0.085800,0.019599,0.996120,0,0.40000,-0.60000,24.000,-1.200,-1,375.000,-1,375.000,-1,325.000,325.000,300.000,325.000,-1,425.000,450.000,-1,650.000,675.000,-1,-1,2,0,2,0,2,0,0,0,0,2,0,0,2,0,0,2,2
127,2276.011,4820.676,73.486,-103.302,-0.227864,0.973028,-0.035988,-0.970025,-0.230056,-0.078263,-0.084431,0.017076,0.996283,0,0.48000,-0.72000,28.800,-1.440,-1,375.000,-1,375.000,-1,300.000,325.000,300.000,325.000,-1,400.000,400.000,-1,650.000,675.000,-1,-1,2,0,2,0,2,0,0,0,0,2,0,0,2,0,0,2,2
128,2267.325,4788.219,70.310,-104.982,-0.256507,0.965910,-0.034965,-0.962991,-0.258495,-0.076345,-0.082781,0.014088,0.996468,0,0.56000,-0.84000,33.600,-1.680,-1,375.000,-1,375.000,-1,300.000,325.000,300.000,325.000,-1,375.000,375.000,-1,650.000,700.000,-1,-1,2,0,2,0,2,0,0,0,0,2,0,0,2,0,0,2,2
129,2256.160,4751.478,66.653,-106.902,-0.288969,0.956748,-0.033626,-0.953920,-0.290725,-0.074263,-0.080827,0.010616,0.996672,0,0.64000,-0.96000,38.400,-1.920,-1,375.000,-1,375.000,-1,300.000,325.000,300.000,325.000,-1,350.000,350.000,-1,650.000,700.000,-1,-1,2,0,2,0,2,0,0,0,0,2,0,0,2,0,0,2,2
130,2242.166,4710.608,62.518,-108.902,-0.322442,0.946050,-0.031956,-0.943326,-0.323948,-0.072062,-0.078526,0.006909,0.996888,0,0.72000,-1.00000,43.200,-2.000,-1,375.000,-1,375.000,-1,300.000,325.000,300.000,300.000,-1,325.000,325.000,-1,675.000,700.000,-1,-1,2,0,2,0,2,0,0,0,0,2,0,0,2,0,0,2,2
131,2225.041,4665.768,58.453,-110.902,-0.355317,0.934177,-0.032610,-0.931519,-0.356771,-0.070622,-0.077608,0.005283,0.996970,0,0.80000,-1.00000,48.000,-2.000,-1,375.000,-1,375.000,-1,300.000,300.000,300.000,300.000,-1,350.000,350.000,-1,675.000,700.000,-1,-1,2,0,2,0,2,0,0,0,0,2,0,0,2,0,0,2,2
132,2206.074,4620.872,54.643,-112.902,-0.387688,0.921158,-0.034138,-0.918658,-0.389157,-0.068004,-0.075927,0.004997,0.997101,0,0.81230,-1.00000,48.738,-2.000,-1,375.000,-1,375.000,-1,300.000,300.000,300.000,300.000,-1,375.000,350.000,-1,675.000,700.000,-1,-1,2,0,2,0,2,0,0,0,0,2,0,0,2,0,0,2,2
133,2185.491,4576.535,50.817,-114.902,-0.419599,0.907017,-0.035456,-0.904677,-0.421068,-0.065275,-0.074135,0.004687,0.997237,0,0.81470,-1.00000,48.882,-2.000,-1,375.000,-1,375.000,-1,300.000,300.000,300.000,300.000,-1,400.000,375.000,-1,675.000,700.000,-1,-1,2,0,2,0,2,0,0,0,0,2,0,0,2,0,0,2,2
134,2163.305,4532.809,47.073,-116.902,-0.450995,0.891769,-0.036765,-0.889625,-0.452466,-0.061990,-0.071916,0.004750,0.997399,0,0.81722,-1.00000,49.033,-2.000,-1,375.000,-1,375.000,-1,300.000,325.000,300.000,300.000,-1,425.000,375.000,-1,700.000,700.000,-1,-1,2,0,2,0,2,0,0,0,0,2,0,0,2,0,0,2,2
135,2139.529,4489.744,43.631,-118.902,-0.481896,0.875440,-0.037165,-0.873376,-0.483315,-0.060170,-0.070638,0.003463,0.997496,0,0.81986,-1.00000,49.192,-2.000,-1,375.000,-1,375.000,-1,300.000,325.000,300.000,300.000,-1,450.000,400.000,-1,700.000,725.000,-1,-1,2,0,2,0,2,0,0,0,0,2,0,0,2,0,0,2,2
136,2116.891,4451.559,40.596,-120.662,-0.508621,0.860186,-0.037211,-0.858163,-0.509977,-0.058997,-0.069725,0.001926,0.997564,0,0.73986,-0.88000,44.392,-1.760,-1,375.000,-1,375.000,-1,300.000,325.000,300.000,300.000,-1,500.000,450.000,-1,700.000,725.000,-1,-1,2,0,2,0,2,0,0,0,0,2,0,0,2,0,0,2,2
