timestep,x_cm,y_cm,z_cm,yaw_deg,basis_xx,basis_xy,basis_xz,basis_yx,basis_yy,basis_yz,basis_zx,basis_zy,basis_zz,teleport_flag,throttle_cmd,steering_cmd,cmd_move_cm,cmd_turn_deg,lidar_cm_0,lidar_cm_1,lidar_cm_2,lidar_cm_3,lidar_cm_4,lidar_cm_5,lidar_cm_6,lidar_cm_7,lidar_cm_8,lidar_cm_9,lidar_cm_10,lidar_cm_11,lidar_cm_12,lidar_cm_13,lidar_cm_14,lidar_cm_15,lidar_cm_16,lidar_class_0,lidar_class_1,lidar_class_2,lidar_class_3,lidar_class_4,lidar_class_5,lidar_class_6,lidar_class_7,lidar_class_8,lidar_class_9,lidar_class_10,lidar_class_11,lidar_class_12,lidar_class_13,lidar_class_14,lidar_class_15,lidar_class_16
0,3603.721,981.123,420.555,35.401,0.810969,-0.578970,0.084401,0.579628,0.814660,0.018992,-0.079753,0.033519,0.996251,1,-0.08000,-0.10528,-4.800,-0.211,475.000,350.000,-1,350.000,-1,300.000,300.000,325.000,325.000,-1,400.000,400.000,-1,550.000,625.000,500.000,-1,1,0,2,0,2,0,0,0,0,2,0,0,2,1,0,1,2
1,3597.030,976.404,421.223,35.190,0.813059,-0.575979,0.084759,0.576605,0.816793,0.019377,-0.080391,0.033118,0.996213,0,-0.13645,-0.10531,-8.187,-0.211,500.000,350.000,-1,350.000,-1,300.000,300.000,325.000,325.000,-1,400.000,400.000,-1,550.000,625.000,500.000,-1,1,0,2,0,2,0,0,0,0,2,0,0,2,1,0,1,2
2,3590.299,971.694,421.896,34.979,0.815141,-0.572974,0.085121,0.573567,0.818920,0.019761,-0.081030,0.032715,0.996175,0,-0.13694,-0.10551,-8.216,-0.211,500.000,350.000,-1,350.000,-1,300.000,300.000,325.000,325.000,-1,400.000,400.000,-1,550.000,625.000,525.000,-1,1,0,2,0,2,0,0,0,0,2,0,0,2,1,0,1,2
3,3583.525,966.992,422.575,34.768,0.817216,-0.569956,0.085488,0.570516,0.821040,0.020144,-0.081670,0.032310,0.996136,0,-0.13742,-0.10572,-8.245,-0.211,500.000,350.000,-1,375.000,-1,300.000,300.000,325.000,325.000,-1,400.000,400.000,-1,575.000,625.000,525.000,-1,1,0,2,0,2,0,0,0,0,2,0,0,2,1,0,1,2
4,3576.711,962.299,423.259,34.556,0.819284,-0.566924,0.085859,0.567450,0.823152,0.020525,-0.082311,0.031905,0.996096,0,-0.13791,-0.10592,-8.275,-0.212,500.000,350.000,-1,375.000,-1,300.000,300.000,325.000,325.000,-1,400.000,425.000,-1,575.000,625.000,525.000,-1,1,0,2,0,2,0,0,0,0,2,0,0,2,1,0,1,2
5,3569.854,957.614,423.948,34.344,0.821344,-0.563878,0.086235,0.564370,0.825257,0.020904,-0.082953,0.031499,0.996056,0,-0.13840,-0.10612,-8.304,-0.212,525.000,350.000,-1,375.000,-1,300.000,300.000,325.000,325.000,-1,400.000,425.000,-1,575.000,625.000,525.000,-1,1,0,2,0,2,0,0,0,0,2,0,0,2,1,0,1,2
6,3562.956,952.938,424.644,34.131,0.823396,-0.560818,0.086614,0.561276,0.827355,0.021282,-0.083596,0.031091,0.996015,0,-0.13889,-0.10633,-8.334,-0.213,525.000,350.000,-1,375.000,-1,300.000,300.000,325.000,325.000,-1,400.000,425.000,-1,575.000,625.000,550.000,-1,1,0,2,0,2,0,0,0,0,2,0,0,2,1,0,1,2
7,3556.017,948.271,425.344,33.918,0.825441,-0.557744,0.086998,0.558168,0.829445,0.021658,-0.084240,0.030682,0.995973,0,-0.13939,-0.10654,-8.363,-0.213,525.000,350.000,-1,375.000,-1,300.000,300.000,325.000,325.000,-1,400.000,425.000,-1,600.000,625.000,550.000,-1,1,0,2,0,2,0,0,0,0,2,0,0,2,1,0,1,2
8,3549.035,943.614,426.051,33.705,0.827478,-0.554657,0.087386,0.555045,0.831528,0.022032,-0.084884,0.030272,0.995931,0,-0.13988,-0.10675,-8.393,-0.214,525.000,350.000,-1,375.000,-1,300.000,300.000,325.000,325.000,-1,400.000,425.000,-1,600.000,625.000,550.000,-1,1,0,2,0,2,0,0,0,0,2,0,0,2,1,0,1,2
9,3542.011,938.966,426.763,33.491,0.829507,-0.551555,0.087778,0.551908,0.833604,0.022404,-0.085530,0.029861,0.995888,0,-0.14037,-0.10696,-8.422,-0.214,550.000,350.000,-1,375.000,-1,300.000,300.000,325.000,325.000,-1,400.000,450.000,-1,600.000,625.000,550.000,-1,1,0,2,0,2,0,0,0,0,2,0,0,2,1,0,1,2
10,3538.991,936.966,427.067,33.517,0.829235,-0.551934,0.087964,0.552280,0.833353,0.022573,-0.085764,0.029863,0.995868,0,-0.06037,0.01304,-3.622,0.026,550.000,350.000,-1,375.000,-1,300.000,300.000,325.000,325.000,-1,400.000,450.000,-1,600.000,625.000,575.000,-1,1,0,2,0,2,0,0,0,0,2,0,0,2,1,0,1,2
11,3539.970,937.621,426.961,33.783,0.826657,-0.555791,0.087941,0.556159,0.830770,0.022542,-0.085588,0.030274,0.995871,0,0.01963,0.13304,1.178,0.266,550.000,350.000,-1,375.000,-1,300.000,300.000,325.000,325.000,-1,400.000,450.000,-1,600.000,625.000,550.000,-1,1,0,2,0,2,0,0,0,0,2,0,0,2,1,0,1,2
12,3544.908,940.989,426.448,34.289,0.821726,-0.563094,0.087707,0.563509,0.825808,0.022314,-0.084994,0.031087,0.995896,0,0.09963,0.25304,5.978,0.506,550.000,350.000,-1,375.000,-1,300.000,300.000,325.000,325.000,-1,400.000,450.000,-1,600.000,625.000,550.000,-1,1,0,2,0,2,0,0,0,0,2,0,0,2,1,0,1,2
13,3553.733,947.176,425.533,35.035,0.814349,-0.573777,0.087271,0.574268,0.818375,0.021885,-0.083978,0.032295,0.995944,0,0.17963,0.37304,10.778,0.746,525.000,350.000,-1,350.000,-1,300.000,300.000,325.000,325.000,-1,400.000,425.000,-1,575.000,625.000,550.000,-1,1,0,2,0,2,0,0,0,0,2,0,0,2,1,0,1,2
14,3566.331,956.337,424.225,36.021,0.804395,-0.587745,0.086634,0.588336,0.808337,0.021255,-0.082522,0.033873,0.996013,0,0.25963,0.49304,15.578,0.986,525.000,350.000,-1,350.000,-1,300.000,300.000,325.000,325.000,-1,425.000,425.000,-1,575.000,625.000,525.000,-1,1,0,2,0,2,0,0,0,0,2,0,0,2,1,0,1,2
15,3582.552,968.671,422.537,37.247,0.791691,-0.604866,0.085808,0.605580,0.795522,0.020419,-0.080613,0.035798,0.996102,0,0.33963,0.61304,20.378,1.226,525.000,350.000,-1,350.000,-1,300.000,300.000,325.000,325.000,-1,400.000,425.000,-1,550.000,600.000,525.000,-1,1,0,2,0,2,0,0,0,0,2,0,0,2,1,0,1,2
16,3602.197,984.419,420.522,38.713,0.776043,-0.624972,0.084656,0.625821,0.779725,0.019408,-0.078138,0.037918,0.996221,0,0.41963,0.73304,25.178,1.466,500.000,350.000,-1,350.000,-1,300.000,300.000,325.000,325.000,-1,400.000,425.000,-1,525.000,600.000,500.000,1000.000,1,0,2,0,2,0,0,0,0,2,0,0,2,1,0,1,0
17,3625.018,1003.856,418.232,40.419,0.757222,-0.647855,0.083066,0.648838,0.760708,0.018233,-0.075001,0.040090,0.996377,0,0.49963,0.85304,29.978,1.706,500.000,350.000,925.000,350.000,-1,300.000,300.000,325.000,300.000,-1,375.000,400.000,-1,500.000,600.000,475.000,975.000,1,0,1,0,2,0,0,0,0,2,0,0,2,1,0,1,0
18,3650.712,1027.291,415.672,42.365,0.734945,-0.673251,0.081174,0.674372,0.738200,0.016847,-0.071265,0.042359,0.996558,0,0.57963,0.97304,34.778,1.946,475.000,375.000,825.000,350.000,-1,300.000,300.000,325.000,300.000,-1,350.000,400.000,-1,475.000,600.000,450.000,950.000,1,0,1,0,2,0,0,0,0,2,0,0,2,1,0,1,0
19,3679.009,1054.961,412.985,44.356,0.711312,-0.698433,0.078914,0.699646,0.714318,0.015670,-0.067314,0.044066,0.996758,0,0.65963,0.99523,39.578,1.990,450.000,375.000,750.000,350.000,-1,300.000,300.000,325.000,300.000,-1,350.000,400.000,-1,450.000,600.000,425.000,925.000,1,1,1,0,2,0,0,0,0,2,0,0,2,1,0,1,0
20,3709.643,1087.069,410.327,46.345,0.686858,-0.722790,0.076168,0.724012,0.689620,0.015192,-0.063508,0.044712,0.996979,0,0.73963,0.99476,44.378,1.990,425.000,350.000,650.000,350.000,975.000,300.000,300.000,325.000,325.000,-1,350.000,400.000,-1,400.000,600.000,375.000,900.000,1,1,1,0,0,0,0,0,0,2,0,0,2,1,0,1,0
21,3742.334,1123.806,407.544,48.334,0.661622,-0.746275,0.073005,0.747492,0.664114,0.014432,-0.059254,0.045022,0.997227,0,0.81963,0.99432,49.178,1.989,400.000,325.000,575.000,350.000,950.000,300.000,300.000,325.000,325.000,-1,350.000,425.000,-1,375.000,600.000,350.000,875.000,1,1,1,0,0,0,0,0,0,2,0,0,2,1,0,1,0
22,3774.950,1163.123,404.832,50.322,0.635616,-0.768859,0.069625,0.770063,0.637827,0.013434,-0.054737,0.045077,0.997483,0,0.85142,0.99389,51.085,1.988,350.000,275.000,500.000,350.000,925.000,275.000,300.000,325.000,325.000,-1,350.000,425.000,-1,325.000,575.000,300.000,825.000,1,1,1,0,0,1,0,0,0,2,0,0,2,1,1,1,1
23,3806.324,1203.730,402.291,52.308,0.608859,-0.790514,0.066163,0.791695,0.610793,0.012235,-0.050084,0.044932,0.997734,0,0.85527,0.99334,51.316,1.987,325.000,250.000,425.000,350.000,925.000,250.000,300.000,325.000,325.000,-1,350.000,450.000,-1,300.000,500.000,275.000,725.000,1,1,1,0,0,1,0,0,0,2,0,0,2,1,1,1,1
24,3836.407,1245.592,401.556,54.294,0.581499,-0.810949,0.064963,0.812566,0.582863,0.002558,-0.039939,0.051299,0.997884,0,0.85919,0.99260,51.551,1.985,300.000,225.000,375.000,350.000,900.000,225.000,275.000,350.000,325.000,-1,300.000,375.000,-1,275.000,450.000,250.000,625.000,1,1,1,1,0,1,1,0,0,2,0,0,2,1,1,1,1
25,3867.877,1292.335,402.290,56.039,0.557162,-0.827753,0.066298,0.830037,0.557511,-0.014835,-0.024682,0.063296,0.997690,0,0.93919,0.87260,56.351,1.745,300.000,200.000,325.000,300.000,925.000,200.000,250.000,375.000,300.000,-1,250.000,300.000,-1,250.000,375.000,225.000,550.000,1,1,1,1,0,1,1,0,0,2,0,0,2,1,1,1,1
26,3900.062,1342.971,404.019,57.544,0.536227,-0.841238,0.069133,0.844051,0.535020,-0.036500,-0.006282,0.077924,0.996940,0,1.00000,0.75260,60.000,1.505,300.000,175.000,275.000,250.000,975.000,175.000,200.000,425.000,300.000,-1,225.000,175.000,-1,225.000,325.000,225.000,475.000,1,1,1,1,0,1,1,0,0,2,0,0,2,1,1,1,1
27,3931.116,1394.309,406.701,58.809,0.518996,-0.851590,0.073733,0.854658,0.515554,-0.061346,0.014229,0.094855,0.995389,0,1.00000,0.63260,60.000,1.265,275.000,175.000,225.000,225.000,-1,150.000,175.000,475.000,275.000,-1,200.000,125.000,-1,200.000,275.000,200.000,425.000,1,1,1,1,2,1,1,0,0,2,0,0,2,1,1,1,1
28,3607.584,-4919.455,81.831,51.837,0.614230,-0.782073,0.105273,0.788157,0.614604,-0.032721,-0.039111,0.103070,0.993905,1,0.00000,0.00000,60.000,1.025,-1,350.000,-1,375.000,-1,300.000,300.000,325.000,300.000,-1,-1,-1,-1,600.000,650.000,-1,-1,2,0,2,0,2,0,0,0,0,2,2,2,2,0,0,2,2
29,3610.566,-4915.693,81.656,51.597,0.617520,-0.779495,0.105149,0.785579,0.617877,-0.033087,-0.039178,0.103035,0.993906,0,0.08000,-0.12000,4.800,-0.240,-1,350.000,-1,375.000,-1,300.000,300.000,325.000,300.000,-1,-1,-1,-1,600.000,650.000,-1,-1,2,0,2,0,2,0,0,0,0,2,2,2,2,0,0,2,2
30,3616.589,-4908.217,81.294,51.144,0.623703,-0.774593,0.104877,0.780673,0.624027,-0.033768,-0.039289,0.102936,0.993912,0,0.16000,-0.22650,9.600,-0.453,-1,350.000,-1,375.000,-1,300.000,300.000,325.000,300.000,-1,-1,-1,-1,600.000,675.000,-1,-1,2,0,2,0,2,0,0,0,0,2,2,2,2,0,0,2,2
31,3625.712,-4897.075,80.712,50.691,0.629880,-0.769646,0.104383,0.775707,0.630140,-0.034661,-0.039099,0.102803,0.993933,0,0.24000,-0.22650,14.400,-0.453,-1,350.000,-1,375.000,-1,300.000,300.000,325.000,300.000,-1,-1,-1,-1,600.000,675.000,-1,-1,2,0,2,0,2,0,0,0,0,2,2,2,2,0,0,2,2
32,3637.992,-4882.316,79.930,50.238,0.636056,-0.764647,0.103675,0.770681,0.636211,-0.035868,-0.038533,0.102714,0.993964,0,0.32000,-0.22650,19.200,-0.453,-1,350.000,-1,375.000,-1,300.000,300.000,300.000,300.000,-1,-1,-1,-1,600.000,675.000,-1,-1,2,0,2,0,2,0,0,0,0,2,2,2,2,0,0,2,2
33,3653.488,-4863.988,78.945,49.785,0.642229,-0.759598,0.102728,0.765591,0.642241,-0.037376,-0.037585,0.102652,0.994007,0,0.40000,-0.22650,24.000,-0.453,-1,350.000,-1,375.000,-1,300.000,300.000,300.000,300.000,-1,-1,-1,-1,625.000,675.000,-1,-1,2,0,2,0,2,0,0,0,0,2,2,2,2,0,0,2,2
34,3672.256,-4842.142,77.832,49.332,0.648365,-0.754474,0.101942,0.760454,0.648207,-0.039205,-0.036500,0.102941,0.994018,0,0.48000,-0.22650,28.800,-0.453,-1,350.000,-1,375.000,-1,300.000,300.000,300.000,300.000,-1,-1,-1,-1,625.000,675.000,-1,-1,2,0,2,0,2,0,0,0,0,2,2,2,2,0,0,2,2
35,3694.352,-4816.829,76.662,48.879,0.654435,-0.749252,0.101668,0.755285,0.654089,-0.041386,-0.035491,0.103873,0.993957,0,0.56000,-0.22650,33.600,-0.453,-1,350.000,-1,375.000,-1,300.000,300.000,300.000,300.000,-1,-1,500.000,-1,625.000,675.000,-1,-1,2,0,2,0,2,0,0,0,0,2,2,0,2,0,0,2,2
36,3719.832,-4788.101,75.325,48.426,0.660486,-0.743966,0.101356,0.750059,0.659911,-0.043925,-0.034208,0.105035,0.993880,0,0.64000,-0.22650,38.400,-0.453,-1,350.000,-1,375.000,-1,300.000,300.000,300.000,325.000,-1,700.000,450.000,-1,625.000,675.000,-1,-1,2,0,2,0,2,0,0,0,0,2,0,0,2,0,0,2,2
37,3748.676,-4756.094,73.832,47.974,0.666515,-0.738615,0.101023,0.744776,0.665670,-0.046833,-0.032656,0.106454,0.993781,0,0.71810,-0.22643,43.086,-0.453,-1,350.000,-1,375.000,-1,300.000,300.000,300.000,325.000,-1,575.000,400.000,-1,625.000,675.000,-1,-1,2,0,2,0,2,0,0,0,0,2,0,0,2,0,0,2,2
38,3777.893,-4724.180,72.338,47.522,0.672490,-0.733220,0.100723,0.739453,0.671363,-0.049819,-0.031093,0.107983,0.993666,0,0.72113,-0.22594,43.268,-0.452,-1,350.000,-1,375.000,-1,300.000,300.000,300.000,325.000,-1,525.000,375.000,-1,625.000,675.000,-1,-1,2,0,2,0,2,0,0,0,0,2,0,0,2,0,0,2,2
39,3807.485,-4692.365,70.845,47.071,0.678409,-0.727784,0.100456,0.734091,0.676988,-0.052886,-0.029518,0.109623,0.993535,0,0.72416,-0.22537,43.450,-0.451,-1,350.000,-1,375.000,-1,300.000,300.000,325.000,325.000,-1,500.000,350.000,-1,625.000,675.000,-1,-1,2,0,2,0,2,0,0,0,0,2,0,0,2,0,0,2,2
40,3837.449,-4660.650,69.437,46.621,0.684290,-0.722282,0.100282,0.728686,0.682516,-0.056469,-0.027657,0.111715,0.993355,0,0.72718,-0.22473,43.631,-0.449,-1,350.000,-1,375.000,-1,300.000,300.000,325.000,325.000,-1,475.000,350.000,-1,625.000,675.000,-1,-1,2,0,2,0,2,0,0,0,0,2,0,0,2,0,0,2,2
41,3867.786,-4629.039,68.090,46.173,0.690130,-0.716741,0.100011,0.723232,0.687969,-0.060278,-0.025601,0.113931,0.993159,0,0.73020,-0.22402,43.812,-0.448,-1,350.000,-1,375.000,-1,300.000,300.000,325.000,325.000,-1,450.000,325.000,-1,625.000,675.000,-1,1000.000,2,0,2,0,2,0,0,0,0,2,0,0,2,0,0,2,1
42,3898.494,-4597.537,66.865,45.727,0.695952,-0.711198,0.099235,0.717714,0.693376,-0.064156,-0.023180,0.115872,0.992994,0,0.73320,-0.22322,43.992,-0.446,-1,375.000,-1,375.000,-1,300.000,300.000,325.000,325.000,-1,450.000,325.000,-1,650.000,675.000,1000.000,975.000,2,0,2,0,2,0,0,0,0,2,0,0,2,0,0,1,1
43,3929.571,-4566.147,65.636,45.282,0.701707,-0.705617,0.098553,0.712163,0.698698,-0.068155,-0.020767,0.118010,0.992795,0,0.73619,-0.22234,44.172,-0.445,-1,375.000,-1,375.000,-1,300.000,300.000,325.000,325.000,-1,425.000,325.000,-1,650.000,700.000,950.000,950.000,2,0,2,0,2,0,0,0,0,2,0,0,2,0,0,1,1
44,3961.016,-4534.871,64.402,44.840,0.707393,-0.699999,0.097962,0.706582,0.703931,-0.072277,-0.018365,0.120346,0.992562,0,0.73916,-0.22137,44.350,-0.443,-1,375.000,-1,375.000,-1,300.000,300.000,325.000,325.000,-1,425.000,325.000,-1,675.000,700.000,925.000,900.000,2,0,2,0,2,0,0,0,0,2,0,0,2,0,0,1,1
45,3992.829,-4503.716,63.478,44.399,0.712933,-0.694445,0.097328,0.701029,0.709170,-0.075072,-0.016889,0.121751,0.992417,0,0.74211,-0.22031,44.527,-0.441,-1,375.000,-1,375.000,-1,300.000,300.000,325.000,300.000,-1,425.000,325.000,1000.000,675.000,700.000,875.000,875.000,2,0,2,0,2,0,0,0,0,2,0,0,0,0,0,1,1
46,4025.006,-4472.684,62.839,43.961,0.718329,-0.688951,0.096693,0.695513,0.714412,-0.076663,-0.016261,0.122320,0.992357,0,0.74504,-0.21915,44.702,-0.438,-1,375.000,-1,375.000,-1,300.000,300.000,325.000,300.000,-1,475.000,350.000,1000.000,675.000,700.000,825.000,825.000,2,0,2,0,2,0,0,0,0,2,0,0,0,1,1,1,1
47,4057.544,-4441.779,62.097,43.525,0.723686,-0.683475,0.095605,0.689959,0.719607,-0.078243,-0.015321,0.122587,0.992339,0,0.74793,-0.21789,44.876,-0.436,-1,375.000,1000.000,375.000,-1,300.000,300.000,325.000,300.000,-1,500.000,375.000,-1,650.000,675.000,800.000,800.000,2,0,1,0,2,0,0,0,0,2,0,0,2,1,1,1,1
48,4090.440,-4411.003,61.352,43.092,0.728965,-0.677986,0.094577,0.684400,0.724719,-0.079874,-0.014388,0.122953,0.992308,0,0.75078,-0.21652,45.047,-0.433,950.000,375.000,950.000,375.000,950.000,300.000,300.000,325.000,300.000,-1,500.000,400.000,-1,650.000,650.000,750.000,750.000,1,0,1,0,1,0,0,0,0,2,0,0,2,1,1,1,1
49,4123.690,-4380.360,60.606,42.662,0.734164,-0.672488,0.093613,0.678838,0.729745,-0.081556,-0.013468,0.123424,0.992263,0,0.75360,-0.21504,45.216,-0.430,875.000,375.000,925.000,375.000,900.000,300.000,300.000,325.000,300.000,-1,500.000,450.000,-1,625.000,625.000,700.000,725.000,1,0,1,0,1,0,0,0,0,2,0,0,2,1,1,1,1
50,4157.290,-4349.854,59.861,42.235,0.739281,-0.666984,0.092714,0.673280,0.734681,-0.083293,-0.012561,0.123999,0.992203,0,0.75637,-0.21344,45.382,-0.427,775.000,375.000,875.000,375.000,850.000,300.000,300.000,325.000,300.000,-1,475.000,425.000,-1,600.000,600.000,675.000,675.000,1,0,1,0,1,0,0,0,0,2,0,0,2,1,1,1,1
51,4191.237,-4319.489,59.116,41.811,0.744314,-0.661479,0.091880,0.667728,0.739527,-0.085085,-0.011666,0.124681,0.992128,0,0.75908,-0.21171,45.545,-0.423,700.000,375.000,825.000,375.000,775.000,300.000,300.000,325.000,300.000,-1,475.000,425.000,-1,575.000,575.000,625.000,625.000,1,0,1,0,1,0,0,0,0,2,0,0,2,1,1,1,1
52,4225.524,-4289.269,58.367,41.392,0.749260,-0.656002,0.090946,0.662188,0.744304,-0.086706,-0.010813,0.125189,0.992074,0,0.76173,-0.20985,45.704,-0.420,650.000,375.000,775.000,375.000,725.000,300.000,300.000,325.000,300.000,-1,450.000,425.000,-1,575.000,550.000,575.000,600.000,1,0,1,0,1,0,0,0,0,2,0,0,2,1,1,1,1
53,4260.146,-4259.197,57.729,40.976,0.754149,-0.650587,0.089420,0.656632,0.749047,-0.088103,-0.009661,0.125159,0.992090,0,0.76431,-0.20785,45.858,-0.416,575.000,375.000,750.000,375.000,675.000,300.000,325.000,325.000,300.000,-1,425.000,400.000,-1,550.000,525.000,550.000,550.000,1,0,1,0,1,0,0,0,0,2,0,0,2,1,1,1,1
54,4295.097,-4229.276,57.188,40.565,0.758908,-0.645158,0.088489,0.651137,0.753660,-0.089542,-0.008922,0.125572,0.992044,0,0.76680,-0.20570,46.008,-0.411,525.000,375.000,700.000,375.000,600.000,325.000,325.000,325.000,300.000,-1,425.000,400.000,-1,525.000,500.000,500.000,525.000,1,0,1,0,1,0,0,0,0,2,0,0,2,1,1,1,1
55,4330.370,-4199.512,56.648,40.158,0.763565,-0.639752,0.087669,0.645678,0.758175,-0.090942,-0.008288,0.126046,0.991990,0,0.76920,-0.20339,46.152,-0.407,475.000,375.000,650.000,375.000,550.000,325.000,325.000,325.000,300.000,-1,450.000,400.000,-1,500.000,450.000,475.000,475.000,1,0,1,1,1,0,0,0,0,2,0,0,2,1,1,1,1
56,4366.161,-4169.824,56.155,39.674,0.769003,-0.633306,0.086930,0.639193,0.763523,-0.092006,-0.008105,0.126318,0.991957,0,0.77501,-0.24187,46.501,-0.484,425.000,375.000,600.000,350.000,500.000,325.000,325.000,300.000,300.000,-1,450.000,425.000,-1,475.000,425.000,425.000,425.000,1,1,1,1,1,0,0,0,0,2,0,0,2,1,1,1,1
57,4402.349,-4140.322,55.736,39.189,0.774376,-0.626815,0.086280,0.632671,0.768861,-0.092626,-0.008279,0.126314,0.991956,0,0.77815,-0.24272,46.689,-0.485,375.000,375.000,550.000,325.000,450.000,325.000,325.000,300.000,300.000,-1,475.000,450.000,-1,450.000,400.000,375.000,375.000,1,1,1,1,1,0,1,0,0,2,0,0,2,1,1,1,1
58,4438.934,-4111.010,55.287,38.701,0.779707,-0.620247,0.085730,0.626086,0.774154,-0.093282,-0.008510,0.126407,0.991942,0,0.78130,-0.24359,46.878,-0.487,325.000,350.000,525.000,300.000,375.000,325.000,300.000,300.000,300.000,-1,500.000,475.000,-1,425.000,375.000,350.000,350.000,1,1,1,1,1,0,1,0,0,2,0,0,2,1,1,1,1
59,4475.916,-4081.894,54.808,38.212,0.784996,-0.613603,0.085278,0.619438,0.779400,-0.093978,-0.008801,0.126597,0.991915,0,0.78446,-0.24450,47.067,-0.489,300.000,325.000,475.000,275.000,325.000,325.000,275.000,300.000,300.000,-1,550.000,500.000,-1,400.000,325.000,300.000,300.000,1,1,1,1,1,0,1,0,0,2,0,0,2,1,1,1,1
60,4513.297,-4052.981,54.353,37.722,0.790258,-0.606896,0.084669,0.612708,0.784620,-0.094656,-0.008986,0.126680,0.991903,0,0.78762,-0.24544,47.257,-0.491,250.000,300.000,425.000,250.000,275.000,300.000,250.000,300.000,300.000,-1,575.000,525.000,-1,375.000,300.000,250.000,250.000,1,1,1,1,1,1,1,0,0,2,0,0,2,1,1,1,1
61,4554.621,-4021.322,56.910,37.471,0.793689,-0.604266,0.070151,0.608324,0.788328,-0.092090,0.000345,0.115766,0.993276,0,0.86762,-0.12544,52.057,-0.251,225.000,300.000,375.000,225.000,250.000,275.000,225.000,300.000,325.000,-1,425.000,425.000,-1,325.000,275.000,225.000,225.000,1,1,1,1,1,1,1,0,0,2,0,0,2,1,1,1,1
62,4599.751,-3986.738,63.784,37.460,0.795222,-0.604236,0.050217,0.605845,0.788599,-0.105183,0.023954,0.114068,0.993184,0,0.94762,-0.00544,56.857,-0.011,200.000,275.000,350.000,225.000,250.000,250.000,200.000,325.000,350.000,-1,275.000,275.000,-1,300.000,250.000,225.000,225.000,1,1,1,1,1,1,1,1,0,2,0,0,2,1,1,1,1
63,4645.107,-3951.687,72.677,37.689,0.793935,-0.607446,0.026033,0.605594,0.786256,-0.122710,0.054071,0.113189,0.992101,0,0.95531,0.11456,57.318,0.229,200.000,250.000,325.000,200.000,250.000,225.000,200.000,325.000,375.000,-1,175.000,200.000,1000.000,275.000,250.000,225.000,225.000,1,1,1,1,1,1,1,1,0,2,0,0,0,1,1,1,1
64,-9511.017,-3607.630,185.860,-175.651,-0.996933,0.075820,0.019406,-0.075489,-0.996997,0.017267,0.020657,0.015749,0.999663,1,0.00000,0.00000,57.516,0.301,650.000,375.000,-1,400.000,-1,300.000,300.000,300.000,325.000,-1,1000.000,650.000,-1,550.000,750.000,600.000,-1,1,0,2,0,2,0,0,0,0,2,1,0,2,1,0,1,2
65,-9515.805,-3607.974,185.947,-175.891,-0.997241,0.071643,0.019435,-0.071308,-0.997302,0.017427,0.020631,0.015993,0.999659,0,0.08000,-0.12000,4.800,-0.240,650.000,375.000,-1,400.000,-1,300.000,300.000,300.000,325.000,-1,1000.000,650.000,-1,550.000,750.000,600.000,-1,1,0,2,0,2,0,0,0,0,2,1,0,2,1,0,1,2
66,-9525.386,-3608.581,186.121,-176.371,-0.997805,0.063285,0.019490,-0.062942,-0.997859,0.017750,0.020572,0.016484,0.999652,0,0.16000,-0.24000,9.600,-0.480,625.000,375.000,-1,400.000,-1,300.000,300.000,300.000,325.000,-1,-1,675.000,-1,525.000,750.000,575.000,-1,1,1,2,0,2,0,0,0,0,2,2,0,2,1,0,1,2
67,-9539.765,-3609.362,186.387,-176.891,-0.998337,0.054224,0.019586,-0.053868,-0.998382,0.018229,0.020543,0.017144,0.999642,0,0.24000,-0.26006,14.400,-0.520,600.000,375.000,-1,400.000,-1,300.000,300.000,300.000,325.000,-1,-1,700.000,-1,525.000,775.000,575.000,-1,1,1,2,0,2,0,0,0,0,2,2,0,2,1,0,1,2
68,-9558.945,-3610.230,186.746,-177.409,-0.998783,0.045196,0.019723,-0.044825,-0.998817,0.018865,0.020552,0.017958,0.999627,0,0.32000,-0.25895,19.200,-0.518,575.000,375.000,-1,400.000,-1,300.000,300.000,300.000,325.000,-1,-1,725.000,-1,525.000,775.000,550.000,-1,1,1,2,0,2,0,0,0,0,2,2,0,2,1,0,1,2
69,-9582.929,-3611.100,187.197,-177.924,-0.999146,0.036213,0.019897,-0.035822,-0.999165,0.019661,0.020592,0.018931,0.999609,0,0.40000,-0.25760,24.000,-0.515,550.000,350.000,-1,400.000,-1,300.000,300.000,300.000,325.000,-1,-1,750.000,-1,500.000,775.000,525.000,-1,1,1,2,0,2,1,0,0,0,2,2,0,2,1,0,1,2
70,-9611.719,-3611.886,187.739,-178.436,-0.999426,0.027283,0.020104,-0.026869,-0.999426,0.020619,0.020655,0.020067,0.999585,0,0.48000,-0.25597,28.800,-0.512,525.000,350.000,-1,400.000,-1,300.000,300.000,300.000,325.000,-1,-1,800.000,-1,500.000,775.000,500.000,-1,1,1,2,0,2,1,0,0,0,2,2,0,2,1,0,1,2
71,-9645.313,-3612.506,188.372,-178.944,-0.999623,0.018419,0.020342,-0.017977,-0.999602,0.021744,0.020735,0.021370,0.999557,0,0.56000,-0.25404,33.600,-0.508,475.000,350.000,-1,400.000,-1,300.000,300.000,300.000,325.000,-1,-1,825.000,-1,475.000,775.000,475.000,-1,1,1,2,0,2,1,0,0,0,2,2,0,2,1,0,1,2
72,-9683.711,-3612.876,189.093,-179.448,-0.999741,0.009634,0.020610,-0.009158,-0.999693,0.023040,0.020826,0.022845,0.999522,0,0.64000,-0.25176,38.400,-0.504,450.000,325.000,-1,400.000,-1,300.000,300.000,325.000,325.000,-1,-1,875.000,-1,475.000,775.000,425.000,-1,1,1,2,0,2,1,0,0,0,2,2,0,2,1,0,1,2
73,-9726.911,-3612.917,189.901,-179.946,-0.999781,0.000941,0.020907,-0.000428,-0.999699,0.024511,0.020924,0.024497,0.999481,0,0.72000,-0.24911,43.200,-0.498,400.000,325.000,-1,400.000,-1,275.000,300.000,325.000,325.000,-1,-1,925.000,-1,450.000,750.000,400.000,-1,1,1,2,0,2,1,0,0,0,2,2,0,2,1,0,1,2
74,-9774.910,-3612.551,190.792,-180.438,-0.999745,-0.007644,0.021235,0.008198,-0.999624,0.026164,0.021027,0.026331,0.999432,0,0.80000,-0.24601,48.000,-0.492,350.000,300.000,-1,375.000,-1,275.000,300.000,325.000,325.000,-1,-1,950.000,-1,425.000,750.000,350.000,-1,1,1,2,0,2,1,0,0,0,2,2,0,2,1,0,1,2
75,-9823.099,-3611.776,191.678,-180.923,-0.999638,-0.016101,0.021560,0.016698,-0.999473,0.027846,0.021101,0.028196,0.999380,0,0.80326,-0.24240,48.195,-0.485,300.000,300.000,-1,375.000,-1,275.000,300.000,325.000,325.000,-1,-1,1000.000,-1,425.000,750.000,300.000,-1,1,1,2,0,2,1,0,0,0,2,2,0,2,1,0,1,2
76,-9871.356,-3610.600,194.409,-181.400,-0.999321,-0.024415,0.027609,0.025388,-0.999049,0.035459,0.026717,0.036136,0.998990,0,0.80451,-0.23853,48.271,-0.477,275.000,300.000,-1,400.000,-1,275.000,325.000,325.000,325.000,-1,-1,650.000,-1,425.000,775.000,275.000,-1,1,1,2,0,2,1,0,0,0,2,2,0,2,1,0,1,2
77,-9919.660,-3609.031,197.866,-181.869,-0.998821,-0.032575,0.035980,0.034183,-0.998401,0.045032,0.034456,0.046209,0.998337,0,0.80549,-0.23439,48.329,-0.469,275.000,300.000,-1,425.000,-1,300.000,325.000,350.000,300.000,-1,800.000,350.000,-1,425.000,825.000,275.000,-1,1,1,2,0,2,1,0,0,0,2,0,0,2,1,0,1,2
78,-9967.991,-3607.074,201.228,-182.329,-0.998199,-0.040568,0.044194,0.042942,-0.997609,0.054160,0.041891,0.055960,0.997554,0,0.80615,-0.22996,48.369,-0.460,250.000,325.000,-1,425.000,-1,325.000,350.000,400.000,300.000,-1,525.000,225.000,975.000,450.000,875.000,275.000,-1,1,1,2,0,2,1,0,0,0,2,0,0,0,1,0,1,2
79,-10016.324,-3604.737,204.482,-182.779,-0.997464,-0.048382,0.052203,0.051632,-0.996689,0.062813,0.048991,0.065349,0.996659,0,0.80648,-0.22523,48.389,-0.450,250.000,325.000,-1,450.000,-1,325.000,350.000,425.000,300.000,-1,400.000,175.000,900.000,475.000,925.000,275.000,-1,1,1,2,0,2,1,0,0,0,2,0,0,0,1,0,1,2
80,-10064.634,-3602.030,207.619,-183.220,-0.996628,-0.056006,0.059961,0.060221,-0.995659,0.070967,0.055727,0.074339,0.995675,0,0.80642,-0.22019,48.385,-0.440,225.000,325.000,-1,475.000,-1,350.000,375.000,450.000,300.000,-1,350.000,125.000,825.000,500.000,975.000,275.000,-1,1,1,2,0,2,1,0,0,0,2,0,0,0,1,0,1,2
81,-10112.894,-3598.963,210.630,-183.649,-0.995706,-0.063428,0.067426,0.068676,-0.994538,0.078602,0.062072,0.082895,0.994623,0,0.80594,-0.21483,48.356,-0.430,225.000,350.000,-1,475.000,-1,375.000,400.000,425.000,300.000,-1,300.000,75.000,775.000,700.000,-1,275.000,-1,1,1,2,0,2,1,0,1,0,2,0,0,0,1,2,1,2
82,-10161.074,-3595.548,213.504,-184.067,-0.994712,-0.070636,0.074553,0.076962,-0.993344,0.085700,0.068004,0.090985,0.993528,0,0.80499,-0.20913,48.299,-0.418,225.000,350.000,-1,500.000,-1,400.000,400.000,375.000,300.000,-1,275.000,75.000,725.000,-1,-1,275.000,-1,1,1,2,0,2,1,0,1,0,2,0,0,0,2,2,1,2
83,-10209.142,-3591.799,216.234,-184.474,-0.993662,-0.077620,0.081305,0.085046,-0.992098,0.092247,0.073502,0.098577,0.992411,0,0.80354,-0.20310,48.212,-0.406,200.000,400.000,-1,500.000,-1,425.000,425.000,325.000,275.000,-1,250.000,50.000,675.000,-1,-1,275.000,-1,1,1,2,0,2,1,0,1,0,2,0,0,0,2,2,1,2
84,-10257.064,-3587.730,218.813,-184.867,-0.992573,-0.084370,0.087644,0.092895,-0.990818,0.098233,0.078552,0.105645,0.991296,0,0.80154,-0.19673,48.093,-0.393,200.000,450.000,-1,525.000,-1,450.000,425.000,300.000,275.000,-1,225.000,50.000,625.000,-1,-1,250.000,-1,1,1,2,0,2,0,0,1,0,2,0,0,0,2,2,1,2
85,-10304.804,-3583.357,221.234,-185.247,-0.991460,-0.090876,0.093538,0.100477,-0.989525,0.103652,0.083139,0.112165,0.990206,0,0.79897,-0.19004,47.938,-0.380,200.000,475.000,-1,525.000,-1,450.000,450.000,275.000,275.000,-1,225.000,25.000,575.000,-1,-1,-1,-1,1,1,2,0,2,0,0,1,0,2,0,0,0,2,2,2,2
86,-10352.326,-3578.698,223.492,-185.613,-0.990340,-0.097129,0.098957,0.107764,-0.988238,0.108501,0.087255,0.118117,0.989159,0,0.79580,-0.18304,47.748,-0.366,175.000,525.000,-1,550.000,-1,475.000,450.000,250.000,275.000,-1,200.000,25.000,550.000,-1,-1,-1,-1,1,1,2,0,2,0,0,1,0,2,0,0,0,2,2,2,2
87,-10399.591,-3573.770,225.582,-185.965,-0.989230,-0.103122,0.103877,0.114730,-0.986974,0.112782,0.090894,0.123485,0.988175,0,0.79201,-0.17576,47.520,-0.352,175.000,575.000,-1,550.000,-1,475.000,450.000,225.000,275.000,-1,200.000,25.000,500.000,-1,-1,-1,-1,1,1,2,0,2,0,0,1,0,2,0,0,0,2,2,2,2
88,-2295.775,-327.964,560.915,110.193,-0.348051,-0.937017,-0.029329,0.934916,-0.344621,-0.084668,0.069228,-0.056889,0.995977,1,0.00000,0.00000,47.256,-0.336,950.000,425.000,-1,600.000,-1,375.000,425.000,250.000,200.000,700.000,-1,-1,-1,875.000,-1,-1,-1,0,0,2,0,2,0,0,0,1,1,2,2,2,0,2,2,2
89,-2297.450,-323.466,561.035,110.433,-0.351903,-0.935593,-0.028799,0.933542,-0.348554,-0.083729,0.068298,-0.056350,0.996072,0,0.08000,0.12000,4.800,0.240,925.000,425.000,-1,600.000,-1,375.000,400.000,250.000,200.000,700.000,-1,-1,-1,875.000,-1,-1,-1,0,0,2,0,2,0,0,0,1,1,2,2,2,0,2,2,2
90,-2300.876,-314.499,561.252,110.913,-0.359583,-0.932702,-0.027698,0.930749,-0.356403,-0.081750,0.066377,-0.055176,0.996268,0,0.16000,0.24000,9.600,0.480,900.000,425.000,-1,600.000,-1,375.000,400.000,250.000,200.000,725.000,-1,-1,-1,850.000,-1,-1,-1,0,0,2,0,2,0,0,0,1,1,2,2,2,0,2,2,2
91,-2306.184,-301.113,561.517,111.633,-0.371050,-0.928250,-0.025949,0.926450,-0.368135,-0.078532,0.063344,-0.053180,0.996574,0,0.24000,0.36000,14.400,0.720,825.000,425.000,-1,575.000,-1,375.000,400.000,250.000,200.000,750.000,-1,-1,725.000,825.000,-1,-1,-1,0,0,2,0,2,0,0,0,1,1,2,2,1,0,2,2,2
92,-2313.559,-283.387,561.759,112.593,-0.386240,-0.922100,-0.023457,0.920508,-0.383697,-0.073763,0.059017,-0.050082,0.997000,0,0.32000,0.48000,19.200,0.960,775.000,400.000,-1,550.000,-1,350.000,400.000,250.000,175.000,775.000,-1,-1,675.000,800.000,-1,-1,-1,0,0,2,0,2,0,0,0,1,1,2,2,1,0,2,2,2
93,-2323.240,-261.427,561.880,113.793,-0.405074,-0.914063,-0.020114,0.912738,-0.403012,-0.067012,0.053147,-0.045504,0.997549,0,0.40000,0.60000,24.000,1.200,725.000,400.000,-1,525.000,-1,350.000,375.000,250.000,175.000,825.000,-1,-1,625.000,750.000,-1,-1,-1,0,0,2,0,2,0,0,0,1,1,2,2,1,0,2,2,2
94,-2335.515,-235.376,561.756,115.233,-0.427458,-0.903896,-0.015833,0.902893,-0.425973,-0.057710,0.045419,-0.038964,0.998208,0,0.48000,0.72000,28.800,1.440,675.000,375.000,-1,500.000,-1,325.000,350.000,250.000,150.000,900.000,-1,-1,600.000,725.000,-1,-1,-1,0,0,2,0,2,0,0,0,1,1,2,2,1,0,2,2,2
95,-2350.661,-205.384,561.312,116.797,-0.451507,-0.892204,-0.010692,0.891552,-0.450632,-0.045462,0.035744,-0.030059,0.998909,0,0.56000,0.78226,33.600,1.565,625.000,375.000,-1,475.000,-1,325.000,350.000,275.000,150.000,1000.000,-1,-1,575.000,675.000,-1,-1,-1,0,0,2,0,2,0,0,0,1,1,2,2,1,0,2,2,2
96,-2368.901,-171.593,561.878,118.361,-0.475417,-0.879730,-0.007362,0.879308,-0.474888,-0.036047,0.028215,-0.023611,0.999323,0,0.64000,0.78168,38.400,1.563,575.000,350.000,-1,450.000,-1,300.000,325.000,275.000,150.000,-1,-1,-1,550.000,625.000,-1,800.000,-1,0,0,2,0,2,0,0,0,1,2,2,2,1,0,2,0,2
97,-2390.451,-134.153,565.590,119.923,-0.499261,-0.866367,-0.012121,0.866133,-0.498649,-0.034114,0.023511,-0.027531,0.999344,0,0.72000,0.78125,43.200,1.562,525.000,350.000,-1,450.000,-1,300.000,325.000,275.000,150.000,-1,-1,-1,575.000,600.000,-1,650.000,-1,0,0,2,0,2,0,0,0,1,2,2,2,1,0,2,0,2
98,-2415.522,-93.221,569.588,121.485,-0.522686,-0.852361,-0.016745,0.852318,-0.522025,-0.032310,0.018799,-0.031160,0.999338,0,0.80000,0.78104,48.000,1.562,475.000,350.000,-1,450.000,-1,300.000,325.000,250.000,175.000,-1,-1,-1,575.000,575.000,1000.000,550.000,-1,0,0,2,0,2,0,0,0,1,2,2,2,1,0,0,0,2
99,-2441.669,-53.032,572.869,123.048,-0.545665,-0.837789,-0.018970,0.837880,-0.545055,-0.029549,0.014416,-0.032018,0.999383,0,0.79910,0.78114,47.946,1.562,425.000,325.000,-1,450.000,-1,300.000,325.000,250.000,175.000,-1,-1,-1,575.000,550.000,975.000,475.000,-1,0,0,2,0,2,0,0,0,1,2,2,2,1,0,0,0,2
100,-2468.641,-13.949,575.510,124.611,-0.568236,-0.822647,-0.018960,0.822795,-0.567733,-0.026226,0.010811,-0.030503,0.999476,0,0.79146,0.78160,47.488,1.563,400.000,325.000,-1,425.000,-1,300.000,325.000,275.000,200.000,-1,-1,-1,550.000,550.000,950.000,450.000,-1,0,0,2,0,2,0,0,0,1,2,2,2,1,0,0,0,2
101,-2496.412,24.031,577.707,126.175,-0.590429,-0.806911,-0.016972,0.807043,-0.590039,-0.023127,0.008647,-0.027352,0.999588,0,0.78417,0.78238,47.050,1.565,375.000,325.000,-1,425.000,-1,300.000,325.000,275.000,200.000,-1,-1,-1,375.000,525.000,925.000,425.000,-1,0,0,2,0,2,0,0,0,1,2,2,2,1,0,0,0,2
102,-2524.960,60.914,579.448,127.742,-0.612235,-0.790570,-0.012934,0.790636,-0.611957,-0.020080,0.007959,-0.022520,0.999715,0,0.77735,0.78348,46.641,1.567,375.000,325.000,-1,425.000,-1,300.000,325.000,275.000,250.000,-1,-1,-1,325.000,525.000,925.000,400.000,-1,0,0,2,0,2,0,0,0,1,2,2,2,1,0,0,0,2
103,-2554.271,96.712,580.892,129.312,-0.633631,-0.773616,-0.005521,0.773572,-0.633471,-0.017354,0.009928,-0.015267,0.999834,0,0.77111,0.78487,46.266,1.570,375.000,325.000,-1,425.000,-1,300.000,325.000,275.000,275.000,-1,-1,-1,275.000,525.000,900.000,425.000,-1,0,0,2,0,2,0,0,0,1,2,2,2,1,0,0,0,2
104,-2584.334,131.437,581.654,130.885,-0.654550,-0.756004,0.004844,0.755859,-0.654529,-0.016416,0.015581,-0.007083,0.999854,0,0.76552,0.78653,45.931,1.573,425.000,325.000,-1,425.000,-1,300.000,325.000,300.000,300.000,-1,-1,-1,250.000,525.000,875.000,475.000,-1,0,0,2,0,2,0,0,0,1,2,2,2,1,0,0,0,2
105,-2615.144,165.105,581.954,132.462,-0.674876,-0.737721,0.017596,0.737579,-0.675099,-0.014802,0.022799,0.002990,0.999736,0,0.76062,0.78844,45.637,1.577,450.000,325.000,-1,425.000,-1,300.000,325.000,300.000,325.000,-1,-1,-1,225.000,550.000,875.000,575.000,-1,0,0,2,0,2,0,0,0,1,2,2,2,1,0,0,0,2
106,-2646.699,197.728,581.784,134.043,-0.694514,-0.718735,0.032720,0.718785,-0.695123,-0.012306,0.031589,0.014972,0.999389,0,0.75643,0.79058,45.386,1.581,550.000,350.000,-1,425.000,-1,300.000,325.000,300.000,325.000,-1,-1,350.000,225.000,575.000,875.000,700.000,-1,0,0,2,0,2,0,0,0,1,2,2,1,1,0,0,1,2
107,-2678.997,229.317,581.136,135.629,-0.713351,-0.699009,0.050177,0.699551,-0.714530,-0.008722,0.041950,0.028879,0.998702,0,0.75295,0.79293,45.177,1.586,625.000,350.000,-1,425.000,-1,300.000,325.000,325.000,325.000,-1,675.000,250.000,225.000,600.000,850.000,700.000,-1,1,0,2,0,2,0,0,0,0,2,0,1,1,0,0,1,2
108,-2712.036,259.882,581.752,137.220,-0.731822,-0.678686,0.061821,0.679747,-0.733429,-0.005079,0.048789,0.038306,0.998074,0,0.75015,0.79547,45.009,1.591,600.000,350.000,-1,425.000,-1,300.000,325.000,325.000,300.000,-1,450.000,250.000,225.000,625.000,850.000,675.000,-1,1,0,2,0,2,0,0,0,0,2,1,1,1,0,0,1,2
109,-2745.814,289.433,584.283,138.816,-0.750298,-0.657923,0.064728,0.659188,-0.751974,-0.002383,0.050242,0.040880,0.997900,0,0.74800,0.79818,44.880,1.596,575.000,350.000,-1,425.000,-1,300.000,325.000,325.000,300.000,-1,450.000,275.000,250.000,625.000,825.000,625.000,-1,1,0,2,0,2,0,0,0,0,2,1,1,1,1,0,1,2
110,-2780.334,317.969,586.877,140.419,-0.768256,-0.636575,0.067493,0.638052,-0.769993,0.000429,0.051696,0.043394,0.997720,0,0.74647,0.80105,44.788,1.602,525.000,350.000,-1,400.000,-1,300.000,325.000,350.000,300.000,-1,450.000,300.000,300.000,600.000,800.000,600.000,-1,1,0,2,0,2,0,0,0,0,2,1,1,1,1,0,1,2
111,-2815.596,345.489,589.264,142.027,-0.785649,-0.614638,0.070538,0.616362,-0.787456,0.003456,0.053421,0.046192,0.997503,0,0.74551,0.80407,44.730,1.608,500.000,350.000,-1,400.000,-1,300.000,325.000,350.000,300.000,-1,475.000,325.000,325.000,575.000,800.000,550.000,-1,1,0,2,0,2,0,0,0,0,2,1,1,1,1,0,1,2
112,-2851.598,371.990,591.503,143.641,-0.802415,-0.592151,0.074074,0.594091,-0.804380,0.005308,0.056440,0.048266,0.997239,0,0.74507,0.80721,44.704,1.614,475.000,350.000,-1,400.000,-1,300.000,300.000,350.000,300.000,-1,475.000,350.000,375.000,550.000,775.000,500.000,-1,1,0,2,0,2,0,0,0,0,2,1,1,1,1,0,1,2
113,-2888.338,397.465,594.401,145.262,-0.818540,-0.569165,0.077742,0.571176,-0.820815,0.004512,0.061244,0.048098,0.996963,0,0.74512,0.81047,44.707,1.621,450.000,350.000,-1,400.000,-1,300.000,325.000,350.000,325.000,-1,500.000,375.000,425.000,525.000,800.000,475.000,-1,1,0,2,0,2,0,0,0,0,2,1,1,1,1,0,1,2
114,-2925.810,421.902,597.383,146.890,-0.834053,-0.545628,0.081521,0.547707,-0.836661,0.003820,0.066121,0.047836,0.996664,0,0.74561,0.81383,44.736,1.628,425.000,350.000,950.000,400.000,-1,300.000,325.000,350.000,325.000,-1,500.000,225.000,475.000,475.000,800.000,450.000,-1,1,0,1,0,2,0,0,0,0,2,1,0,1,1,1,1,2
115,-2964.010,445.288,600.448,148.524,-0.848936,-0.521548,0.085408,0.523695,-0.851899,0.003244,0.071067,0.047482,0.996341,0,0.74649,0.81730,44.789,1.635,400.000,350.000,850.000,400.000,-1,300.000,325.000,350.000,325.000,-1,425.000,125.000,500.000,450.000,750.000,400.000,-1,1,0,1,0,2,0,0,0,0,2,0,0,1,1,1,1,2
116,-3007.128,469.783,603.945,150.399,-0.865141,-0.493415,0.089849,0.495633,-0.868527,0.002763,0.076673,0.046923,0.995952,0,0.82649,0.93730,49.589,1.875,350.000,350.000,750.000,400.000,-1,300.000,325.000,350.000,325.000,-1,325.000,50.000,575.000,425.000,700.000,375.000,-1,1,1,1,0,2,0,0,0,0,2,0,0,1,1,1,1,2
117,-3055.166,495.289,607.813,152.033,-0.878401,-0.468447,0.094703,0.470751,-0.882263,0.002275,0.082488,0.046580,0.995503,0,0.90649,0.81730,54.389,1.635,325.000,325.000,675.000,400.000,-1,300.000,325.000,350.000,350.000,-1,250.000,75.000,625.000,400.000,625.000,325.000,-1,1,1,1,0,2,1,0,0,0,2,0,0,1,1,1,1,2
118,-3107.994,521.710,612.049,153.428,-0.889012,-0.446838,0.099965,0.449245,-0.893407,0.001766,0.088520,0.046478,0.994989,0,0.98443,0.69730,59.066,1.395,275.000,300.000,625.000,400.000,-1,275.000,325.000,350.000,350.000,-1,175.000,75.000,700.000,375.000,575.000,275.000,-1,1,1,1,1,2,1,1,0,0,2,0,0,1,1,1,1,2
119,-3161.487,547.127,616.896,154.583,-0.897372,-0.428697,0.104602,0.431446,-0.902129,0.004087,0.092613,0.048798,0.994506,0,0.98707,0.57730,59.224,1.155,225.000,250.000,550.000,350.000,-1,250.000,275.000,350.000,350.000,-1,175.000,100.000,750.000,325.000,525.000,250.000,-1,1,1,1,1,2,1,1,0,0,2,0,0,1,1,1,1,2
120,-3215.511,571.740,623.408,155.497,-0.902894,-0.414040,0.115557,0.417940,-0.908412,0.010706,0.100541,0.057962,0.993243,0,0.98941,0.45730,59.365,0.915,200.000,250.000,500.000,325.000,-1,225.000,250.000,375.000,325.000,-1,175.000,125.000,800.000,300.000,475.000,200.000,-1,1,1,1,1,2,1,1,0,0,2,0,0,1,1,1,1,2
121,-3269.940,595.745,633.464,156.172,-0.904269,-0.402643,0.142041,0.410033,-0.911701,0.025976,0.119040,0.081731,0.989520,0,0.99137,0.33730,59.482,0.675,200.000,225.000,500.000,300.000,-1,225.000,250.000,450.000,300.000,-1,175.000,100.000,750.000,300.000,450.000,200.000,-1,1,1,1,1,2,1,1,0,0,2,0,0,1,1,1,1,2
122,-3324.636,619.361,643.665,156.606,-0.903215,-0.394800,0.168334,0.406692,-0.912610,0.041770,0.137133,0.106187,0.984845,0,0.99286,0.21730,59.571,0.435,225.000,225.000,500.000,275.000,-1,225.000,225.000,475.000,300.000,-1,175.000,100.000,575.000,300.000,450.000,200.000,-1,1,1,1,1,2,1,1,1,0,2,0,0,0,1,1,1,2
123,-3379.464,642.808,654.582,156.801,-0.900370,-0.390623,0.191694,0.407507,-0.911437,0.056750,0.152549,0.129212,0.979813,0,0.99374,0.09730,59.625,0.195,225.000,225.000,475.000,275.000,-1,200.000,225.000,450.000,275.000,-1,200.000,75.000,475.000,300.000,450.000,200.000,-1,1,1,1,1,2,1,1,1,0,2,0,0,0,1,1,1,2
124,-5575.472,-5575.346,-65.473,34.844,0.822990,-0.567964,0.010240,0.564591,0.815849,-0.125008,0.062646,0.108662,0.992103,1,0.00000,0.00000,59.634,0.004,-1,375.000,825.000,400.000,-1,325.000,325.000,300.000,300.000,-1,-1,-1,550.000,725.000,575.000,-1,725.000,2,0,1,1,2,0,0,0,0,2,2,2,1,0,1,2,1
125,-5571.544,-5572.587,-65.175,35.084,0.820618,-0.571382,0.010413,0.567993,0.813471,-0.125097,0.063008,0.108571,0.992090,0,0.08000,0.12000,4.800,0.240,-1,375.000,800.000,400.000,-1,325.000,325.000,300.000,300.000,-1,-1,-1,550.000,725.000,550.000,-1,725.000,2,0,1,1,2,0,0,0,0,2,2,2,1,0,1,2,1
126,-5563.735,-5567.004,-64.568,35.564,0.815832,-0.578189,0.010759,0.574766,0.808672,-0.125271,0.063730,0.108384,0.992064,0,0.16000,0.24000,9.600,0.480,-1,375.000,800.000,400.000,1000.000,325.000,325.000,300.000,300.000,-1,-1,-1,550.000,725.000,550.000,-1,700.000,2,0,1,1,1,0,0,0,0,2,2,2,1,0,1,2,1
127,-5552.128,-5558.483,-63.558,36.284,0.808538,-0.588342,0.010927,0.584838,0.801394,-0.125428,0.065038,0.107804,0.992043,0,0.24000,0.36000,14.400,0.720,-1,375.000,800.000,400.000,975.000,325.000,325.000,300.000,300.000,-1,-1,-1,550.000,750.000,550.000,-1,675.000,2,0,1,1,1,0,0,0,0,2,2,2,1,0,1,2,1
128,-5536.844,-5546.865,-62.153,37.244,0.798613,-0.601743,0.011061,0.598123,0.791499,-0.125610,0.066830,0.106929,0.992018,0,0.32000,0.48000,19.200,0.960,-1,375.000,775.000,375.000,925.000,325.000,325.000,300.000,300.000,-1,-1,-1,550.000,750.000,525.000,-1,650.000,2,0,1,1,1,0,0,0,0,2,2,2,1,0,1,2,1
129,-5518.048,-5531.944,-60.330,38.444,0.785890,-0.618264,0.011209,0.614497,0.778820,-0.125827,0.069065,0.105774,0.991989,0,0.40000,0.60000,24.000,1.200,-1,375.000,775.000,375.000,800.000,325.000,325.000,300.000,300.000,-1,-1,-1,550.000,750.000,525.000,-1,600.000,2,0,1,1,1,0,0,0,0,2,2,2,1,0,1,2,1
130,-5495.949,-5513.479,-58.049,39.884,0.770167,-0.637741,0.011359,0.633795,0.763157,-0.126074,0.071734,0.104297,0.991956,0,0.48000,0.72000,28.800,1.440,-1,375.000,775.000,375.000,700.000,325.000,325.000,300.000,300.000,-1,-1,-1,550.000,750.000,500.000,-1,550.000,2,0,1,1,1,0,0,0,0,2,2,2,1,0,1,2,1
