timestep,x_cm,y_cm,z_cm,yaw_deg,basis_xx,basis_xy,basis_xz,basis_yx,basis_yy,basis_yz,basis_zx,basis_zy,basis_zz,teleport_flag,throttle_cmd,steering_cmd,cmd_move_cm,cmd_turn_deg,lidar_cm_0,lidar_cm_1,lidar_cm_2,lidar_cm_3,lidar_cm_4,lidar_cm_5,lidar_cm_6,lidar_cm_7,lidar_cm_8,lidar_cm_9,lidar_cm_10,lidar_cm_11,lidar_cm_12,lidar_cm_13,lidar_cm_14,lidar_cm_15,lidar_cm_16,lidar_class_0,lidar_class_1,lidar_class_2,lidar_class_3,lidar_class_4,lidar_class_5,lidar_class_6,lidar_class_7,lidar_class_8,lidar_class_9,lidar_class_10,lidar_class_11,lidar_class_12,lidar_class_13,lidar_class_14,lidar_class_15,lidar_class_16
0,-8856.650,-2956.235,86.391,-109.237,-0.326891,0.942386,0.071066,-0.944215,-0.328856,0.017652,0.040006,-0.061331,0.997315,1,0.08000,-0.12000,4.800,-0.240,-1,375.000,-1,400.000,-1,325.000,325.000,300.000,300.000,-1,500.000,425.000,700.000,700.000,650.000,-1,-1,2,1,2,0,2,0,0,0,0,2,1,1,1,1,1,2,2
1,-8859.890,-2965.272,86.756,-109.717,-0.334772,0.939629,0.070880,-0.941427,-0.336751,0.017740,0.040538,-0.060790,0.997327,0,0.16000,-0.24000,9.600,-0.480,-1,375.000,-1,400.000,-1,325.000,325.000,300.000,300.000,-1,525.000,425.000,700.000,700.000,650.000,-1,-1,2,1,2,0,2,0,0,0,0,2,1,1,1,1,1,2,2
2,-8864.919,-2978.765,87.312,-110.437,-0.346552,0.935370,0.070601,-0.937120,-0.348549,0.017868,0.041321,-0.059970,0.997345,0,0.24000,-0.36000,14.400,-0.720,-1,375.000,-1,425.000,-1,325.000,325.000,300.000,300.000,-1,550.000,450.000,700.000,675.000,650.000,-1,-1,2,1,2,0,2,0,0,0,0,2,1,1,1,1,1,2,2
3,-8871.924,-2996.642,88.067,-111.397,-0.362176,0.929460,0.070229,-0.931148,-0.364196,0.018029,0.042334,-0.058864,0.997368,0,0.32000,-0.48000,19.200,-0.960,-1,375.000,-1,425.000,-1,325.000,325.000,300.000,300.000,-1,575.000,475.000,725.000,675.000,625.000,-1,-1,2,1,2,0,2,0,0,0,0,2,1,1,1,1,1,2,2
4,-8881.147,-3018.800,89.031,-112.597,-0.381567,0.921705,0.069762,-0.923315,-0.383612,0.018217,0.043552,-0.057461,0.997397,0,0.40000,-0.60000,24.000,-1.200,-1,375.000,1000.000,425.000,-1,325.000,325.000,300.000,300.000,-1,625.000,500.000,725.000,650.000,625.000,-1,-1,2,1,1,0,2,1,0,0,0,2,1,1,1,1,1,2,2
5,-8892.880,-3045.102,90.218,-114.037,-0.404622,0.911862,0.069200,-0.913379,-0.406693,0.018421,0.044941,-0.055752,0.997433,0,0.48000,-0.72000,28.800,-1.440,1000.000,375.000,950.000,425.000,-1,325.000,325.000,300.000,300.000,-1,700.000,550.000,750.000,625.000,625.000,975.000,-1,1,1,1,0,2,1,0,0,0,2,1,1,1,1,1,1,2
6,-8907.378,-3075.414,91.635,-115.559,-0.428726,0.900832,0.068522,-0.902247,-0.430817,0.018635,0.046307,-0.053834,0.997476,0,0.56000,-0.76106,33.600,-1.522,975.000,375.000,900.000,425.000,-1,325.000,325.000,300.000,300.000,-1,825.000,600.000,775.000,600.000,625.000,925.000,-1,1,1,1,1,2,1,0,0,0,2,1,1,1,1,1,1,2
7,-8924.848,-3109.610,93.287,-117.060,-0.452207,0.889339,0.067711,-0.890646,-0.454307,0.018847,0.047523,-0.051783,0.997527,0,0.64000,-0.75023,38.400,-1.500,925.000,350.000,850.000,400.000,-1,300.000,325.000,300.000,300.000,-1,-1,675.000,800.000,550.000,625.000,875.000,-1,1,1,1,1,2,1,1,0,0,2,2,1,1,1,1,1,2
8,-8945.486,-3147.562,95.303,-118.536,-0.475086,0.877460,0.066009,-0.878633,-0.477130,0.018727,0.047927,-0.049101,0.997643,0,0.72000,-0.73804,43.200,-1.476,875.000,350.000,800.000,400.000,-1,300.000,325.000,300.000,300.000,-1,-1,750.000,825.000,525.000,625.000,800.000,-1,1,1,1,1,2,1,1,0,0,2,2,1,1,1,1,1,2
9,-8968.853,-3188.056,97.414,-119.985,-0.497262,0.865215,0.064296,-0.866286,-0.499221,0.018076,0.047738,-0.046710,0.997767,0,0.77920,-0.72443,46.752,-1.449,825.000,325.000,750.000,375.000,-1,275.000,300.000,300.000,300.000,-1,-1,875.000,850.000,500.000,625.000,700.000,-1,1,1,1,1,2,1,1,0,0,2,2,1,1,1,1,1,2
10,-8993.624,-3228.628,99.965,-121.404,-0.518668,0.852736,0.061848,-0.853588,-0.520589,0.019343,0.048692,-0.042760,0.997898,0,0.79227,-0.70962,47.536,-1.419,775.000,325.000,700.000,375.000,-1,275.000,300.000,300.000,300.000,-1,-1,-1,875.000,450.000,625.000,600.000,-1,1,1,1,1,2,1,1,0,0,2,2,2,1,1,1,1,2
11,-9019.794,-3269.244,102.898,-122.792,-0.539304,0.840049,0.058902,-0.840589,-0.541214,0.022300,0.050612,-0.037486,0.998015,0,0.80528,-0.69425,48.317,-1.388,700.000,300.000,-1,350.000,-1,275.000,275.000,300.000,300.000,-1,-1,-1,900.000,425.000,650.000,525.000,-1,1,1,2,1,2,1,1,0,0,2,2,2,1,1,1,1,2
12,-9047.353,-3309.871,106.201,-124.149,-0.559171,0.827187,0.055589,-0.827326,-0.561076,0.026938,0.053472,-0.030927,0.998090,0,0.81820,-0.67827,49.092,-1.357,650.000,300.000,-1,350.000,-1,250.000,275.000,325.000,300.000,-1,-1,-1,925.000,400.000,775.000,475.000,-1,1,1,2,1,2,1,1,0,0,2,2,2,1,1,1,1,2
13,-9076.289,-3350.476,109.882,-125.472,-0.578276,0.814182,0.052005,-0.813826,-0.580152,0.033335,0.057311,-0.023046,0.998090,0,0.83100,-0.66163,49.860,-1.323,600.000,275.000,-1,350.000,-1,250.000,250.000,325.000,275.000,-1,-1,-1,925.000,375.000,-1,425.000,-1,1,1,2,1,2,1,1,0,0,2,2,2,1,1,2,1,2
14,-9106.584,-3391.028,113.952,-126.761,-0.596627,0.801067,0.048251,-0.800108,-0.598416,0.041539,0.062150,-0.013823,0.997971,0,0.84363,-0.64427,50.618,-1.289,525.000,250.000,-1,350.000,-1,225.000,250.000,350.000,275.000,-1,-1,-1,925.000,375.000,-1,400.000,-1,1,1,2,1,2,1,1,0,0,2,2,2,1,1,2,1,2
15,-9138.214,-3431.495,118.006,-128.013,-0.614367,0.787872,0.042557,-0.786176,-0.615837,0.051688,0.066932,-0.001702,0.997756,0,0.85603,-0.62612,51.362,-1.252,475.000,250.000,-1,350.000,-1,225.000,225.000,375.000,275.000,-1,-1,-1,925.000,350.000,-1,350.000,-1,1,1,2,1,2,1,1,0,0,2,2,2,1,1,2,1,2
16,-9171.152,-3471.848,122.164,-129.227,-0.631473,0.774582,0.035569,-0.772045,-0.632342,0.063960,0.072034,0.012928,0.997318,0,0.86813,-0.60710,52.088,-1.214,425.000,225.000,-1,350.000,-1,200.000,250.000,400.000,275.000,-1,-1,575.000,925.000,325.000,-1,325.000,-1,1,1,2,1,2,1,1,0,0,2,2,0,1,1,2,1,2
17,-9205.363,-3512.055,126.687,-130.401,-0.647883,0.761202,0.028631,-0.757710,-0.647861,0.078433,0.078252,0.029122,0.996508,0,0.87984,-0.58708,52.791,-1.174,375.000,225.000,-1,375.000,-1,200.000,250.000,425.000,275.000,-1,-1,275.000,875.000,300.000,-1,275.000,-1,1,1,2,1,2,1,1,0,0,2,2,0,0,1,2,1,2
18,-9240.807,-3552.083,133.204,-131.533,-0.663096,0.747950,0.029576,-0.743057,-0.662501,0.094653,0.090390,0.040787,0.995071,0,0.89104,-0.56595,53.462,-1.132,350.000,200.000,-1,450.000,-1,175.000,275.000,475.000,275.000,-1,600.000,175.000,700.000,275.000,-1,275.000,-1,1,1,2,1,2,1,1,0,0,2,0,0,0,1,2,1,2
19,-2490.601,-18.632,30.776,110.846,-0.351623,-0.933651,0.068240,0.932934,-0.355515,-0.056953,0.077434,0.043638,0.996042,1,0.00000,0.00000,54.094,-1.087,-1,300.000,-1,325.000,525.000,275.000,275.000,575.000,325.000,-1,150.000,50.000,525.000,-1,525.000,-1,525.000,2,1,2,1,1,1,1,1,0,2,0,0,0,2,1,2,1
20,6227.163,-4917.164,300.258,-28.826,0.873511,0.481708,0.070260,-0.483511,0.875277,0.010311,-0.056530,-0.042978,0.997475,1,-0.08000,0.12000,-4.800,0.240,-1,400.000,-1,400.000,-1,325.000,325.000,300.000,325.000,-1,-1,-1,-1,800.000,750.000,-1,-1,2,0,2,0,2,0,0,0,0,2,2,2,2,0,0,2,2
21,6219.043,-4912.783,300.754,-28.346,0.877546,0.474365,0.069935,-0.476160,0.879294,0.010674,-0.056430,-0.042667,0.997494,0,-0.15376,0.24000,-9.226,0.480,-1,400.000,-1,400.000,-1,325.000,325.000,300.000,325.000,-1,-1,-1,-1,825.000,750.000,-1,-1,2,0,2,0,2,0,0,0,0,2,2,2,2,0,0,2,2
22,6210.814,-4908.477,301.247,-27.626,0.883474,0.463289,0.069549,-0.465068,0.885206,0.011057,-0.056443,-0.042114,0.997517,0,-0.15479,0.36000,-9.287,0.720,-1,400.000,-1,400.000,-1,325.000,325.000,300.000,325.000,-1,-1,-1,-1,825.000,750.000,-1,-1,2,0,2,0,2,0,0,0,0,2,2,2,2,0,0,2,2
23,6202.458,-4904.273,301.742,-26.710,0.890806,0.449097,0.069112,-0.450853,0.892525,0.011450,-0.056542,-0.041359,0.997543,0,-0.15590,0.45784,-9.354,0.916,-1,400.000,-1,400.000,-1,325.000,325.000,300.000,325.000,-1,-1,-1,-1,825.000,775.000,-1,-1,2,0,2,0,2,0,0,0,0,2,2,2,2,0,0,2,2
24,6193.972,-4900.171,302.246,-25.797,0.897889,0.434833,0.068668,-0.436564,0.899595,0.011836,-0.056627,-0.040605,0.997569,0,-0.15708,0.45649,-9.425,0.913,-1,400.000,-1,400.000,-1,325.000,325.000,300.000,325.000,-1,-1,-1,-1,825.000,775.000,-1,-1,2,0,2,0,2,0,0,0,0,2,2,2,2,0,0,2,2
25,6185.356,-4896.175,302.758,-24.887,0.904725,0.420499,0.068217,-0.422207,0.906417,0.012213,-0.056697,-0.039851,0.997596,0,-0.15829,0.45513,-9.497,0.910,-1,400.000,-1,400.000,-1,325.000,325.000,300.000,325.000,-1,-1,-1,-1,825.000,775.000,-1,-1,2,0,2,0,2,0,0,0,0,2,2,2,2,0,0,2,2
26,6176.610,-4892.285,303.278,-23.980,0.911312,0.406103,0.067760,-0.407787,0.912991,0.012583,-0.056754,-0.039098,0.997622,0,-0.15952,0.45374,-9.571,0.907,-1,400.000,-1,400.000,-1,325.000,325.000,300.000,325.000,-1,-1,-1,-1,825.000,775.000,-1,-1,2,0,2,0,2,0,0,0,0,2,2,2,2,0,0,2,2
27,6167.736,-4888.505,303.807,-23.075,0.917651,0.391649,0.067297,-0.393308,0.919315,0.012944,-0.056797,-0.038346,0.997649,0,-0.16077,0.45234,-9.646,0.905,-1,400.000,-1,400.000,-1,325.000,325.000,300.000,325.000,-1,-1,-1,-1,850.000,775.000,-1,-1,2,0,2,0,2,0,0,0,0,2,2,2,2,0,0,2,2
28,6158.732,-4884.836,304.345,-22.173,0.923741,0.377142,0.066828,-0.378778,0.925392,0.013297,-0.056827,-0.037596,0.997676,0,-0.16204,0.45091,-9.722,0.902,-1,400.000,-1,400.000,-1,325.000,325.000,300.000,325.000,-1,-1,-1,-1,850.000,800.000,-1,-1,2,0,2,0,2,0,0,0,0,2,2,2,2,0,0,2,2
29,6149.599,-4881.280,304.892,-21.274,0.929585,0.362587,0.066354,-0.364199,0.931221,0.013640,-0.056844,-0.036846,0.997703,0,-0.16333,0.44947,-9.800,0.899,-1,400.000,-1,400.000,-1,325.000,325.000,300.000,325.000,-1,-1,-1,-1,850.000,800.000,-1,-1,2,0,2,0,2,0,0,0,0,2,2,2,2,0,0,2,2
30,6140.339,-4877.841,305.447,-20.378,0.935181,0.347990,0.065875,-0.349578,0.936803,0.013975,-0.056849,-0.036097,0.997730,0,-0.16464,0.44800,-9.879,0.896,-1,400.000,-1,400.000,-1,325.000,325.000,300.000,325.000,-1,-1,-1,-1,850.000,800.000,-1,-1,2,0,2,0,2,0,0,0,0,2,2,2,2,0,0,2,2
31,6130.950,-4874.519,306.011,-19.485,0.940531,0.333356,0.065391,-0.334920,0.942138,0.014300,-0.056840,-0.035350,0.997757,0,-0.16598,0.44652,-9.959,0.893,-1,400.000,-1,400.000,-1,325.000,325.000,300.000,325.000,-1,-1,-1,-1,850.000,800.000,-1,-1,2,0,2,0,2,0,0,0,0,2,2,2,2,0,0,2,2
32,6121.434,-4871.318,306.585,-18.595,0.945634,0.318690,0.064903,-0.320230,0.947227,0.014615,-0.056820,-0.034604,0.997785,0,-0.16733,0.44501,-10.040,0.890,-1,400.000,-1,400.000,-1,325.000,325.000,300.000,325.000,-1,-1,-1,-1,850.000,800.000,-1,-1,2,0,2,0,2,0,0,0,0,2,2,2,2,0,0,2,2
33,6111.791,-4868.239,307.167,-17.708,0.950493,0.303996,0.064411,-0.305512,0.952071,0.014920,-0.056788,-0.033860,0.997812,0,-0.16870,0.44349,-10.122,0.887,-1,400.000,-1,400.000,-1,325.000,325.000,300.000,325.000,-1,-1,-1,-1,850.000,825.000,-1,-1,2,0,2,0,2,0,0,0,0,2,2,2,2,0,0,2,2
34,6102.022,-4865.286,307.759,-16.824,0.955108,0.289280,0.063915,-0.290772,0.956671,0.015215,-0.056744,-0.033117,0.997839,0,-0.17009,0.44194,-10.206,0.884,-1,400.000,-1,400.000,-1,325.000,325.000,300.000,325.000,-1,-1,-1,-1,850.000,825.000,-1,-1,2,0,2,0,2,0,0,0,0,2,2,2,2,0,0,2,2
35,6092.127,-4862.459,308.360,-15.944,0.959480,0.274547,0.063416,-0.276015,0.961028,0.015499,-0.056690,-0.032375,0.997867,0,-0.17150,0.44038,-10.290,0.881,-1,400.000,-1,400.000,-1,325.000,325.000,300.000,325.000,-1,-1,-1,-1,850.000,825.000,-1,-1,2,0,2,0,2,0,0,0,0,2,2,2,2,0,0,2,2
36,6082.108,-4859.763,308.970,-15.066,0.963610,0.259802,0.062914,-0.261245,0.965144,0.015772,-0.056624,-0.031634,0.997894,0,-0.17293,0.43880,-10.376,0.878,-1,400.000,-1,425.000,-1,325.000,325.000,300.000,325.000,-1,-1,-1,-1,850.000,825.000,-1,-1,2,0,2,0,2,0,0,0,0,2,2,2,2,0,0,2,2
37,6071.964,-4857.198,309.589,-14.192,0.967500,0.245049,0.062410,-0.246468,0.969018,0.016033,-0.056547,-0.030894,0.997922,0,-0.17438,0.43719,-10.463,0.874,-1,400.000,-1,425.000,-1,325.000,325.000,300.000,325.000,-1,-1,-1,-1,850.000,825.000,-1,-1,2,0,2,0,2,0,0,0,0,2,2,2,2,0,0,2,2
38,6061.698,-4854.767,310.219,-13.321,0.971150,0.230293,0.061903,-0.231688,0.972654,0.016283,-0.056461,-0.030156,0.997949,0,-0.17584,0.43557,-10.550,0.871,-1,400.000,-1,425.000,-1,325.000,325.000,300.000,325.000,-1,-1,-1,-1,850.000,825.000,-1,-1,2,0,2,0,2,0,0,0,0,2,2,2,2,0,0,2,2
39,6051.309,-4852.474,310.857,-12.453,0.974563,0.215540,0.061395,-0.216910,0.976052,0.016521,-0.056364,-0.029418,0.997977,0,-0.17732,0.43392,-10.639,0.868,-1,400.000,-1,425.000,-1,325.000,325.000,300.000,325.000,-1,-1,-1,-1,850.000,850.000,-1,-1,2,0,2,0,2,0,0,0,0,2,2,2,2,0,0,2,2
40,6040.799,-4850.319,311.506,-11.588,0.977740,0.200793,0.060885,-0.202138,0.979214,0.016746,-0.056257,-0.028681,0.998004,0,-0.17881,0.43226,-10.729,0.865,-1,400.000,-1,425.000,-1,325.000,325.000,300.000,325.000,-1,-1,-1,-1,850.000,850.000,-1,-1,2,0,2,0,2,0,0,0,0,2,2,2,2,0,0,2,2
41,6030.168,-4848.305,312.164,-10.727,0.980682,0.186057,0.060375,-0.187378,0.982141,0.016959,-0.056141,-0.027944,0.998032,0,-0.18032,0.43057,-10.819,0.861,-1,400.000,-1,425.000,-1,325.000,325.000,300.000,325.000,-1,-1,-1,-1,825.000,850.000,-1,-1,2,0,2,0,2,0,0,0,0,2,2,2,2,0,0,2,2
42,6019.419,-4846.435,312.832,-9.869,0.983392,0.171337,0.059864,-0.172634,0.984837,0.017158,-0.056016,-0.027208,0.998059,0,-0.18185,0.42887,-10.911,0.858,-1,400.000,-1,425.000,-1,325.000,325.000,300.000,325.000,-1,-1,-1,-1,825.000,850.000,-1,-1,2,0,2,0,2,0,0,0,0,2,2,2,2,0,0,2,2
43,6008.552,-4844.712,313.510,-9.015,0.985871,0.156638,0.059353,-0.157909,0.987301,0.017344,-0.055882,-0.026471,0.998086,0,-0.18338,0.42715,-11.003,0.854,-1,400.000,-1,425.000,-1,325.000,325.000,300.000,325.000,-1,-1,-1,-1,825.000,850.000,-1,-1,2,0,2,0,2,0,0,0,0,2,2,2,2,0,0,2,2
44,5997.568,-4843.136,314.197,-8.164,0.988122,0.141963,0.058842,-0.143209,0.989537,0.017515,-0.055740,-0.025734,0.998114,0,-0.18493,0.42540,-11.096,0.851,-1,400.000,-1,425.000,-1,325.000,325.000,300.000,325.000,-1,-1,-1,-1,825.000,850.000,-1,-1,2,0,2,0,2,0,0,0,0,2,2,2,2,0,0,2,2
45,5986.469,-4841.711,314.895,-7.317,0.990145,0.127317,0.058332,-0.128539,0.991547,0.017672,-0.055589,-0.024996,0.998141,0,-0.18650,0.42364,-11.190,0.847,-1,400.000,-1,425.000,-1,325.000,325.000,300.000,325.000,-1,-1,-1,-1,825.000,875.000,-1,-1,2,0,2,0,2,0,0,0,0,2,2,2,2,0,0,2,2
46,5975.256,-4840.439,315.603,-6.473,0.991945,0.112705,0.057823,-0.113901,0.993332,0.017815,-0.055430,-0.024257,0.998168,0,-0.18807,0.42186,-11.284,0.844,-1,400.000,-1,425.000,-1,325.000,325.000,300.000,325.000,-1,-1,-1,-1,825.000,875.000,-1,-1,2,0,2,0,2,0,0,0,0,2,2,2,2,0,0,2,2
47,5959.256,-4838.795,316.619,-5.869,0.993114,0.102233,0.057214,-0.103418,0.994473,0.018142,-0.055043,-0.023934,0.998197,0,-0.26807,0.30186,-16.084,0.604,-1,400.000,-1,425.000,-1,325.000,325.000,300.000,325.000,-1,-1,-1,-1,825.000,875.000,-1,-1,2,0,2,0,2,0,0,0,0,2,2,2,2,0,0,2,2
48,5938.468,-4836.791,317.942,-5.506,0.993784,0.095918,0.056500,-0.097106,0.995099,0.018662,-0.054433,-0.024032,0.998228,0,-0.34807,0.18186,-20.884,0.364,-1,400.000,-1,425.000,-1,325.000,325.000,300.000,325.000,-1,-1,-1,-1,825.000,875.000,-1,-1,2,0,2,0,2,0,0,0,0,2,2,2,2,0,0,2,2
49,5916.179,-4834.691,319.287,-5.382,0.994023,0.093768,0.055907,-0.094957,0.995300,0.019000,-0.053863,-0.024195,0.998255,0,-0.37312,0.06186,-22.387,0.124,-1,400.000,-1,425.000,-1,325.000,325.000,300.000,325.000,-1,-1,-1,-1,825.000,875.000,-1,-1,2,0,2,0,2,0,0,0,0,2,2,2,2,0,0,2,2
50,5893.722,-4832.530,320.284,-5.498,0.993914,0.095790,0.054400,-0.096903,0.995128,0.018190,-0.052393,-0.023351,0.998354,0,-0.37601,-0.05814,-22.560,-0.116,-1,400.000,-1,425.000,-1,325.000,325.000,300.000,325.000,-1,-1,-1,-1,825.000,875.000,-1,-1,2,0,2,0,2,0,0,0,0,2,2,2,2,0,0,2,2
51,5871.109,-4830.211,321.217,-5.855,0.993370,0.101977,0.053066,-0.103036,0.994522,0.017600,-0.050980,-0.022951,0.998436,0,-0.37886,-0.17814,-22.732,-0.356,-1,400.000,-1,425.000,-1,325.000,325.000,300.000,325.000,-1,-1,-1,-1,825.000,875.000,-1,-1,2,0,2,0,2,0,0,0,0,2,2,2,2,0,0,2,2
52,5848.353,-4827.638,321.963,-6.451,0.992331,0.112320,0.051608,-0.113366,0.993394,0.017789,-0.049269,-0.023503,0.998509,0,-0.38168,-0.29814,-22.901,-0.596,-1,400.000,-1,425.000,-1,325.000,325.000,300.000,325.000,-1,-1,-1,-1,850.000,900.000,-1,-1,2,0,2,0,2,0,0,0,0,2,2,2,2,0,0,2,2
53,5825.470,-4824.738,322.672,-7.224,0.990804,0.125704,0.050055,-0.126745,0.991769,0.018171,-0.047359,-0.024348,0.998581,0,-0.38444,-0.38635,-23.066,-0.773,-1,400.000,-1,425.000,-1,325.000,325.000,300.000,325.000,-1,-1,-1,-1,850.000,900.000,-1,-1,2,0,2,0,2,0,0,0,0,2,2,2,2,0,0,2,2
54,5802.468,-4821.503,323.386,-8.004,0.989077,0.139191,0.048507,-0.140226,0.989945,0.018614,-0.045428,-0.025212,0.998649,0,-0.38713,-0.39002,-23.228,-0.780,-1,400.000,-1,425.000,-1,325.000,325.000,300.000,325.000,-1,-1,-1,-1,850.000,900.000,-1,-1,2,0,2,0,2,0,0,0,0,2,2,2,2,0,0,2,2
55,5779.356,-4817.929,324.104,-8.791,0.987144,0.152779,0.046967,-0.153808,0.987916,0.019118,-0.043479,-0.026096,0.998713,0,-0.38979,-0.39370,-23.387,-0.787,-1,400.000,-1,425.000,-1,325.000,325.000,300.000,300.000,-1,-1,-1,-1,850.000,900.000,-1,-1,2,0,2,0,2,0,0,0,0,2,2,2,2,0,0,2,2
56,5756.140,-4814.008,324.824,-9.586,0.985000,0.166463,0.045440,-0.167486,0.985678,0.019684,-0.041513,-0.026999,0.998773,0,-0.39240,-0.39739,-23.544,-0.795,-1,400.000,-1,425.000,-1,325.000,325.000,300.000,300.000,-1,-1,-1,-1,875.000,925.000,-1,-1,2,0,2,0,2,0,0,0,0,2,2,2,2,0,0,2,2
57,5732.830,-4809.734,325.548,-10.388,0.982641,0.180242,0.043928,-0.181257,0.983226,0.020314,-0.039530,-0.027924,0.998828,0,-0.39497,-0.40109,-23.698,-0.802,-1,400.000,-1,425.000,-1,325.000,325.000,300.000,300.000,-1,-1,-1,-1,875.000,925.000,-1,-1,2,0,2,0,2,0,0,0,0,2,2,2,2,0,0,2,2
58,5709.436,-4805.103,326.275,-11.198,0.980061,0.194111,0.042436,-0.195118,0.980555,0.021009,-0.037532,-0.028870,0.998878,0,-0.39748,-0.40479,-23.849,-0.810,-1,400.000,-1,425.000,-1,325.000,325.000,300.000,300.000,-1,-1,-1,-1,875.000,925.000,-1,-1,2,0,2,0,2,0,0,0,0,2,2,2,2,0,0,2,2
59,5685.966,-4800.108,327.004,-12.015,0.977256,0.208067,0.040966,-0.209066,0.977659,0.021768,-0.035521,-0.029837,0.998923,0,-0.39992,-0.40851,-23.995,-0.817,-1,425.000,-1,425.000,-1,325.000,325.000,300.000,300.000,-1,-1,-1,-1,875.000,925.000,-1,-1,2,0,2,0,2,0,0,0,0,2,2,2,2,0,0,2,2
60,5662.433,-4794.744,327.735,-12.839,0.974221,0.222106,0.039523,-0.223094,0.974535,0.022593,-0.033498,-0.030828,0.998963,0,-0.40228,-0.41222,-24.137,-0.824,-1,425.000,-1,425.000,-1,325.000,325.000,300.000,300.000,-1,-1,-1,-1,900.000,950.000,-1,-1,2,0,2,0,2,0,0,0,0,2,2,2,2,0,0,2,2
61,5638.847,-4789.007,328.468,-13.671,0.970951,0.236224,0.038111,-0.237201,0.971177,0.023484,-0.031465,-0.031842,0.998998,0,-0.40456,-0.41593,-24.274,-0.832,-1,425.000,-1,425.000,-1,325.000,325.000,300.000,300.000,-1,-1,-1,-1,900.000,950.000,-1,-1,2,0,2,0,2,0,0,0,0,2,2,2,2,0,0,2,2
62,5615.221,-4782.892,329.201,-14.510,0.967441,0.250416,0.036734,-0.251380,0.967580,0.024441,-0.029422,-0.032880,0.999026,0,-0.40674,-0.41965,-24.404,-0.839,-1,425.000,-1,425.000,-1,325.000,325.000,300.000,300.000,-1,-1,-1,-1,900.000,950.000,-1,-1,2,0,2,0,2,0,0,0,0,2,2,2,2,0,0,2,2
63,5591.568,-4776.396,329.935,-15.357,0.963687,0.264677,0.035396,-0.265627,0.963740,0.025465,-0.027373,-0.033942,0.999049,0,-0.40881,-0.42335,-24.529,-0.847,-1,425.000,-1,425.000,-1,325.000,325.000,300.000,300.000,-1,-1,-1,975.000,925.000,975.000,-1,-1,2,0,2,0,2,0,0,0,0,2,2,2,1,0,0,2,2
64,5567.903,-4769.515,330.627,-16.211,0.959690,0.279004,0.033940,-0.279930,0.959656,0.026439,-0.025195,-0.034874,0.999074,0,-0.41076,-0.42704,-24.646,-0.854,-1,425.000,-1,425.000,-1,325.000,350.000,300.000,325.000,-1,-1,-1,950.000,925.000,975.000,-1,-1,2,0,2,0,2,0,0,0,0,2,2,2,1,0,0,2,2
65,5544.239,-4762.248,331.227,-17.072,0.955450,0.293394,0.032173,-0.294275,0.955332,0.027241,-0.022744,-0.035495,0.999111,0,-0.41257,-0.43072,-24.754,-0.861,-1,425.000,-1,425.000,-1,325.000,350.000,300.000,325.000,-1,-1,-1,900.000,950.000,1000.000,-1,-1,2,0,2,0,2,0,0,0,0,2,2,2,1,0,0,2,2
66,5520.594,-4754.592,331.822,-17.941,0.950952,0.307838,0.030437,-0.308674,0.950752,0.028115,-0.020283,-0.036131,0.999141,0,-0.41423,-0.43438,-24.854,-0.869,-1,425.000,-1,425.000,-1,325.000,350.000,300.000,325.000,-1,-1,-1,875.000,950.000,1000.000,-1,-1,2,0,2,0,2,0,0,0,0,2,2,2,1,0,0,2,2
67,5496.983,-4746.546,332.413,-18.817,0.946191,0.322331,0.028736,-0.323118,0.945912,0.029062,-0.017814,-0.036783,0.999164,0,-0.41573,-0.43801,-24.944,-0.876,-1,425.000,-1,425.000,-1,325.000,350.000,300.000,325.000,-1,-1,-1,825.000,975.000,1000.000,-1,-1,2,0,2,0,2,0,0,0,0,2,2,2,1,0,0,2,2
68,5473.425,-4738.111,332.998,-19.700,0.941163,0.336865,0.027076,-0.337603,0.940808,0.030081,-0.015340,-0.037452,0.999181,0,-0.41704,-0.44162,-25.023,-0.883,-1,425.000,-1,450.000,-1,350.000,350.000,300.000,325.000,-1,-1,-1,775.000,975.000,-1,-1,-1,2,0,2,0,2,0,0,0,0,2,2,2,1,0,2,2,2
69,5449.939,-4729.287,333.578,-20.591,0.935866,0.351435,0.025461,-0.352121,0.935435,0.031172,-0.012862,-0.038138,0.999190,0,-0.41816,-0.44519,-25.090,-0.890,-1,425.000,-1,450.000,-1,350.000,350.000,300.000,325.000,-1,-1,-1,750.000,975.000,-1,-1,-1,2,0,2,0,2,0,0,0,0,2,2,2,1,0,2,2,2
70,5426.543,-4720.076,334.152,-21.488,0.930295,0.366034,0.023896,-0.366666,0.929791,0.032334,-0.010383,-0.038843,0.999191,0,-0.41906,-0.44873,-25.143,-0.897,-1,425.000,-1,450.000,-1,350.000,350.000,300.000,325.000,-1,-1,-1,700.000,1000.000,-1,-1,-1,2,0,2,0,2,0,0,0,0,2,2,2,1,0,2,2,2
71,5403.259,-4710.483,334.718,-22.393,0.924447,0.380654,0.022388,-0.381229,0.923871,0.033567,-0.007906,-0.039566,0.999186,0,-0.41972,-0.45221,-25.183,-0.904,-1,425.000,-1,450.000,-1,350.000,350.000,300.000,325.000,-1,-1,-1,675.000,1000.000,-1,-1,-1,2,0,2,0,2,0,0,0,0,2,2,2,1,0,2,2,2
72,5380.108,-4700.511,335.278,-23.304,0.918319,0.395287,0.020941,-0.395804,0.917673,0.034867,-0.005434,-0.040308,0.999173,0,-0.42012,-0.45565,-25.207,-0.911,-1,425.000,-1,450.000,-1,350.000,350.000,300.000,325.000,-1,-1,-1,650.000,-1,-1,-1,-1,2,0,2,0,2,0,0,0,0,2,2,2,1,2,2,2,2
73,5357.113,-4690.166,335.507,-24.222,0.911891,0.409947,0.019941,-0.410413,0.911238,0.034748,-0.003927,-0.039870,0.999197,0,-0.42025,-0.45902,-25.215,-0.918,-1,425.000,-1,450.000,-1,350.000,350.000,300.000,325.000,-1,-1,-1,600.000,-1,-1,-1,-1,2,0,2,0,2,0,0,0,0,2,2,2,1,2,2,2,2
74,5334.297,-4679.456,335.639,-25.147,0.905175,0.424611,0.019063,-0.425031,0.904530,0.034273,-0.002691,-0.039125,0.999231,0,-0.42009,-0.46233,-25.205,-0.925,-1,425.000,-1,450.000,-1,350.000,350.000,300.000,325.000,-1,-1,-1,575.000,-1,-1,-1,-1,2,0,2,0,2,0,0,0,0,2,2,2,1,2,2,2,2
75,5315.975,-4670.474,335.728,-26.114,0.897889,0.439838,0.018385,-0.440220,0.897251,0.033885,-0.001592,-0.038519,0.999257,0,-0.34009,-0.48387,-20.405,-0.968,-1,425.000,-1,425.000,-1,350.000,350.000,300.000,325.000,-1,-1,-1,550.000,-1,-1,-1,-1,2,0,2,0,2,0,0,0,0,2,2,2,1,2,2,2,2
76,5302.081,-4663.368,336.220,-27.087,0.890277,0.454989,0.019784,-0.455415,0.889613,0.034427,-0.001936,-0.039660,0.999211,0,-0.26009,-0.48643,-15.605,-0.973,-1,425.000,-1,425.000,-1,325.000,350.000,300.000,325.000,-1,-1,-1,550.000,1000.000,-1,-1,-1,2,0,2,0,2,0,0,0,0,2,2,2,1,0,2,2,2
77,5292.547,-4658.285,336.553,-28.064,0.882382,0.470072,0.020846,-0.470530,0.881701,0.034727,-0.002056,-0.040452,0.999179,0,-0.18009,-0.48835,-10.805,-0.977,-1,425.000,-1,425.000,-1,325.000,350.000,300.000,325.000,-1,-1,-1,575.000,1000.000,-1,-1,-1,2,0,2,0,2,0,0,0,0,2,2,2,1,0,2,2,2
78,5287.297,-4655.369,336.708,-29.043,0.874214,0.485066,0.021460,-0.485536,0.873525,0.034756,-0.001887,-0.040804,0.999165,0,-0.10009,-0.48964,-6.005,-0.979,-1,425.000,-1,425.000,-1,325.000,325.000,300.000,350.000,-1,-1,-1,575.000,1000.000,-1,-1,-1,2,0,2,0,2,0,0,0,0,2,2,2,1,0,2,2,2
79,5286.254,-4654.766,336.700,-30.024,0.865786,0.499946,0.021677,-0.500413,0.865095,0.034591,-0.001459,-0.040796,0.999166,0,-0.02009,-0.49035,-1.205,-0.981,-1,425.000,-1,425.000,-1,325.000,325.000,300.000,325.000,-1,-1,-1,575.000,1000.000,-1,-1,-1,2,0,2,0,2,0,0,0,0,2,2,2,1,0,2,2,2
80,5289.335,-4656.618,336.558,-31.005,0.857105,0.514691,0.021548,-0.515141,0.856423,0.034202,-0.000851,-0.040415,0.999183,0,0.05991,-0.49049,3.595,-0.981,-1,425.000,-1,425.000,-1,325.000,325.000,300.000,325.000,-1,-1,-1,600.000,1000.000,-1,-1,-1,2,0,2,0,2,0,0,0,0,2,2,2,1,0,2,2,2
81,5296.455,-4661.065,336.292,-31.985,0.848184,0.529281,0.021095,-0.529702,0.847518,0.033604,-0.000093,-0.039677,0.999213,0,0.13991,-0.49008,8.395,-0.980,-1,425.000,-1,425.000,-1,325.000,325.000,300.000,325.000,-1,-1,-1,600.000,1000.000,-1,-1,-1,2,0,2,0,2,0,0,0,0,2,2,2,1,0,2,2,2
82,5307.526,-4668.245,335.898,-32.963,0.839036,0.543697,0.020314,-0.544076,0.838393,0.032856,0.000833,-0.038620,0.999254,0,0.21991,-0.48914,13.195,-0.978,-1,425.000,-1,425.000,-1,325.000,350.000,300.000,325.000,-1,-1,-1,600.000,-1,-1,-1,-1,2,0,2,0,2,0,0,0,0,2,2,2,1,2,2,2,2
83,5322.454,-4678.293,335.397,-33.939,0.829673,0.557918,0.019272,-0.558247,0.829058,0.031985,0.001868,-0.037296,0.999303,0,0.29991,-0.48768,17.995,-0.975,-1,425.000,-1,425.000,-1,325.000,350.000,300.000,325.000,-1,-1,-1,625.000,-1,-1,-1,-1,2,0,2,0,2,0,0,0,0,2,2,2,1,2,2,2,2
84,5341.148,-4691.338,335.284,-34.910,0.820083,0.571888,0.020189,-0.572243,0.819474,0.031636,0.001547,-0.037497,0.999296,0,0.37991,-0.48570,22.795,-0.971,-1,425.000,-1,425.000,-1,350.000,350.000,300.000,325.000,-1,-1,-1,650.000,-1,-1,-1,-1,2,0,2,0,2,0,0,0,0,2,2,2,1,2,2,2,2
85,5363.507,-4707.509,335.168,-35.877,0.810304,0.585622,0.021319,-0.586009,0.809703,0.031205,0.001012,-0.037778,0.999286,0,0.45991,-0.48320,27.595,-0.966,-1,425.000,-1,425.000,-1,350.000,350.000,300.000,325.000,-1,-1,-1,675.000,-1,-1,-1,-1,2,0,2,0,2,0,0,0,0,2,2,2,1,2,2,2,2
86,5389.435,-4726.931,335.052,-36.837,0.800351,0.599103,0.022681,-0.599532,0.799763,0.030674,0.000237,-0.038148,0.999272,0,0.53991,-0.48018,32.395,-0.960,-1,425.000,-1,425.000,-1,350.000,350.000,300.000,325.000,-1,-1,-1,700.000,-1,-1,-1,-1,2,0,2,0,2,0,0,0,0,2,2,2,1,2,2,2,2
87,5418.828,-4749.723,334.942,-37.790,0.790241,0.612314,0.024300,-0.612795,0.789671,0.030023,-0.000805,-0.038616,0.999254,0,0.61991,-0.47662,37.195,-0.953,-1,425.000,-1,425.000,-1,350.000,350.000,300.000,325.000,-1,-1,-1,725.000,-1,1000.000,-1,-1,2,0,2,0,2,0,0,0,0,2,2,2,1,2,0,2,2
88,5451.587,-4776.000,334.840,-38.735,0.779993,0.625240,0.026201,-0.625785,0.779447,0.029234,-0.002145,-0.039198,0.999229,0,0.69991,-0.47250,41.995,-0.945,-1,425.000,-1,450.000,-1,350.000,350.000,300.000,325.000,-1,-1,-1,750.000,-1,1000.000,-1,-1,2,0,2,0,2,0,0,0,0,2,2,2,1,2,0,2,2
89,5486.888,-4805.277,334.675,-39.671,0.769618,0.637874,0.028366,-0.638492,0.769121,0.027935,-0.003998,-0.039611,0.999207,0,0.76437,-0.46782,45.862,-0.936,-1,425.000,-1,450.000,-1,350.000,350.000,300.000,325.000,-1,-1,-1,800.000,-1,1000.000,-1,-1,2,0,2,0,2,0,0,0,0,2,2,2,1,2,0,2,2
90,5521.344,-4834.566,334.179,-40.366,0.761720,0.647186,0.030550,-0.647867,0.761345,0.024949,-0.007113,-0.038797,0.999222,0,0.75371,-0.34782,45.223,-0.696,-1,425.000,-1,425.000,-1,350.000,350.000,300.000,325.000,-1,-1,-1,825.000,1000.000,975.000,-1,-1,2,0,2,0,2,0,0,0,0,2,2,2,1,0,0,2,2
91,5555.648,-4864.200,333.678,-40.822,0.756440,0.653239,0.032830,-0.653979,0.756197,0.021880,-0.010533,-0.038021,0.999221,0,0.75551,-0.22782,45.331,-0.456,-1,425.000,-1,425.000,-1,350.000,350.000,300.000,325.000,-1,-1,-1,850.000,975.000,950.000,-1,-1,2,0,2,0,2,0,0,0,0,2,2,2,1,0,0,2,2
92,5589.917,-4894.029,333.164,-41.038,0.753852,0.656098,0.035241,-0.656890,0.753754,0.018755,-0.014258,-0.037289,0.999203,0,0.75721,-0.10782,45.432,-0.216,-1,425.000,-1,425.000,-1,350.000,350.000,300.000,325.000,-1,-1,-1,875.000,975.000,925.000,-1,-1,2,0,2,0,2,0,0,0,0,2,2,2,1,0,0,2,2
93,5624.273,-4923.908,332.551,-41.013,0.753977,0.655786,0.038242,-0.656639,0.754042,0.015683,-0.018552,-0.036936,0.999145,0,0.75885,0.01218,45.531,0.024,-1,425.000,-1,425.000,-1,350.000,350.000,300.000,325.000,-1,-1,-1,925.000,950.000,900.000,-1,-1,2,0,2,0,2,0,0,0,0,2,2,2,1,0,0,2,2
94,5658.842,-4953.693,331.590,-40.749,0.756838,0.652298,0.041285,-0.653213,0.757057,0.013311,-0.022573,-0.037042,0.999059,0,0.76051,0.13218,45.630,0.264,-1,425.000,-1,425.000,-1,350.000,350.000,300.000,325.000,-1,-1,-1,975.000,925.000,875.000,-1,-1,2,0,2,0,2,0,0,0,0,2,2,2,1,0,0,2,2
95,5693.750,-4983.239,330.256,-40.245,0.762432,0.645616,0.043332,-0.646559,0.762778,0.011440,-0.025667,-0.036738,0.998995,0,0.76222,0.25218,45.733,0.504,-1,425.000,-1,425.000,-1,325.000,325.000,300.000,325.000,-1,-1,-1,-1,900.000,850.000,-1,-1,2,0,2,0,2,0,0,0,0,2,2,2,2,0,0,2,2
96,5729.124,-5012.399,328.880,-39.500,0.770633,0.635661,0.045396,-0.636626,0.771112,0.009664,-0.028862,-0.036348,0.998922,0,0.76406,0.37218,45.843,0.744,-1,425.000,-1,425.000,-1,325.000,325.000,300.000,300.000,-1,-1,-1,-1,900.000,825.000,-1,-1,2,0,2,0,2,0,0,0,0,2,2,2,2,0,0,2,2
97,5765.088,-5041.022,327.460,-38.516,0.781312,0.622330,0.047509,-0.623312,0.781932,0.008012,-0.032163,-0.035873,0.998839,0,0.76606,0.49218,45.964,0.984,-1,425.000,-1,400.000,-1,325.000,325.000,300.000,300.000,-1,-1,-1,-1,875.000,825.000,-1,-1,2,0,2,0,2,0,0,0,0,2,2,2,2,0,0,2,2
98,5801.762,-5068.951,325.992,-37.291,0.794298,0.605492,0.049698,-0.606486,0.795067,0.006513,-0.035569,-0.035314,0.998743,0,0.76830,0.61218,46.098,1.224,-1,425.000,-1,400.000,-1,325.000,325.000,300.000,300.000,-1,-1,-1,-1,850.000,800.000,-1,-1,2,0,2,0,2,0,0,0,0,2,2,2,2,0,0,2,2
99,5839.259,-5096.022,324.353,-35.827,0.809341,0.584979,0.052599,-0.586011,0.810285,0.005374,-0.039477,-0.035173,0.998601,0,0.77080,0.73218,46.248,1.464,-1,425.000,-1,400.000,-1,325.000,325.000,300.000,300.000,-1,-1,-1,-1,850.000,775.000,-1,-1,2,0,2,0,2,0,0,0,0,2,2,2,2,0,0,2,2
100,5881.278,-5125.011,322.473,-34.603,0.821443,0.567523,0.056109,-0.568622,0.822587,0.004521,-0.043589,-0.035618,0.998414,0,0.85080,0.61218,51.048,1.224,-1,400.000,-1,400.000,-1,325.000,325.000,300.000,300.000,-1,-1,-1,-1,825.000,750.000,-1,-1,2,0,2,0,2,0,0,0,0,2,2,2,2,0,0,2,2
101,5925.855,-5154.647,320.465,-33.618,0.830835,0.553291,0.059855,-0.554477,0.832190,0.003947,-0.047627,-0.036467,0.998199,0,0.89216,0.49218,53.529,0.984,-1,400.000,-1,400.000,-1,325.000,325.000,300.000,300.000,-1,-1,-1,-1,800.000,750.000,-1,-1,2,0,2,0,2,0,0,0,0,2,2,2,2,0,0,2,2
102,5971.048,-5183.854,318.417,-32.874,0.837701,0.542409,0.063636,-0.543702,0.839271,0.003637,-0.051435,-0.037646,0.997967,0,0.89681,0.37218,53.809,0.744,-1,400.000,-1,400.000,-1,325.000,325.000,300.000,325.000,-1,-1,-1,-1,775.000,725.000,-1,-1,2,0,2,0,2,0,0,0,0,2,2,2,2,0,0,2,2
103,6016.755,-5212.827,315.733,-32.370,0.842352,0.535014,0.064828,-0.536282,0.844035,0.002586,-0.053334,-0.036944,0.997893,0,0.90194,0.25218,54.116,0.504,-1,400.000,-1,400.000,-1,325.000,325.000,300.000,325.000,-1,-1,-1,-1,775.000,700.000,-1,-1,2,0,2,0,2,0,0,0,0,2,2,2,2,0,0,2,2
104,6066.418,-5243.987,312.724,-32.105,0.844746,0.531128,0.065628,-0.532360,0.846517,0.001531,-0.054742,-0.036231,0.997843,0,0.97715,0.13218,58.629,0.264,-1,400.000,-1,375.000,-1,325.000,325.000,300.000,325.000,-1,-1,-1,-1,775.000,700.000,-1,-1,2,0,2,0,2,0,0,0,0,2,2,2,2,0,0,2,2
105,6116.012,-5275.074,309.704,-32.081,0.844911,0.530776,0.066344,-0.531982,0.846756,0.000595,-0.055862,-0.035797,0.997797,0,0.97553,0.01218,58.532,0.024,-1,400.000,-1,375.000,-1,325.000,325.000,300.000,325.000,-1,-1,-1,-1,775.000,675.000,-1,-1,2,0,2,0,2,0,0,0,0,2,2,2,2,0,0,2,2
106,6165.407,-5306.296,306.712,-32.297,0.842855,0.533961,0.066942,-0.535155,0.844754,-0.000114,-0.056610,-0.035728,0.997757,0,0.97391,-0.10782,58.435,-0.216,-1,400.000,-1,375.000,-1,325.000,300.000,300.000,325.000,-1,-1,-1,-1,750.000,675.000,-1,-1,2,0,2,0,2,0,0,0,0,2,2,2,2,0,0,2,2
107,6214.473,-5337.859,303.682,-32.752,0.838551,0.540647,0.067338,-0.541877,0.840458,0.000016,-0.056586,-0.036502,0.997730,0,0.97235,-0.22782,58.341,-0.456,-1,400.000,-1,375.000,-1,325.000,300.000,325.000,325.000,-1,-1,-1,-1,750.000,650.000,-1,-1,2,0,2,0,2,0,0,0,0,2,2,2,2,0,0,2,2
108,6263.079,-5369.966,300.681,-33.448,0.831909,0.550782,0.067567,-0.552082,0.833789,0.000682,-0.055961,-0.037870,0.997714,0,0.97090,-0.34782,58.254,-0.696,-1,400.000,-1,375.000,-1,325.000,300.000,325.000,325.000,-1,-1,-1,-1,725.000,650.000,-1,-1,2,0,2,0,2,0,0,0,0,2,2,2,2,0,0,2,2
109,6311.091,-5402.819,297.793,-34.383,0.822800,0.564288,0.067674,-0.565668,0.824632,0.001501,-0.054959,-0.039516,0.997706,0,0.96960,-0.46782,58.176,-0.936,-1,400.000,-1,375.000,-1,300.000,300.000,325.000,325.000,-1,-1,-1,-1,725.000,625.000,-1,-1,2,0,2,0,2,0,0,0,0,2,2,2,2,0,0,2,2
110,6358.365,-5436.612,294.923,-35.559,0.811064,0.581034,0.067634,-0.582530,0.812804,0.003006,-0.053227,-0.041837,0.997706,0,0.96850,-0.58782,58.110,-1.176,-1,375.000,-1,375.000,-1,300.000,300.000,325.000,325.000,-1,-1,-1,-1,700.000,625.000,-1,-1,2,0,2,0,2,0,0,0,0,2,2,2,2,0,0,2,2
111,6404.749,-5471.530,292.056,-36.975,0.796503,0.600856,0.067491,-0.602509,0.798095,0.005326,-0.050664,-0.044906,0.997706,0,0.96763,-0.70782,58.058,-1.416,-1,375.000,-1,350.000,-1,300.000,300.000,325.000,325.000,-1,-1,-1,-1,700.000,625.000,-1,-1,2,0,2,0,2,0,0,0,0,2,2,2,2,0,0,2,2
112,6450.192,-5507.603,289.344,-38.444,0.780884,0.621038,0.067318,-0.622838,0.782313,0.007707,-0.047877,-0.047947,0.997702,0,0.96700,-0.73474,58.020,-1.469,-1,375.000,-1,350.000,-1,300.000,300.000,325.000,325.000,-1,-1,-1,-1,675.000,625.000,-1,-1,2,0,2,0,2,0,0,0,0,2,2,2,2,0,0,2,2
113,6494.667,-5544.808,286.795,-39.916,0.764742,0.640833,0.067098,-0.642770,0.765992,0.010146,-0.044895,-0.050888,0.997695,0,0.96641,-0.73589,57.985,-1.472,-1,375.000,-1,350.000,-1,300.000,300.000,325.000,325.000,-1,-1,-1,-1,675.000,625.000,-1,-1,2,0,2,0,2,0,0,0,0,2,2,2,2,0,0,2,2
114,6538.141,-5583.121,284.545,-41.390,0.748132,0.660245,0.066149,-0.662264,0.749166,0.012519,-0.041291,-0.053174,0.997731,0,0.96578,-0.73696,57.947,-1.474,-1,375.000,-1,350.000,-1,300.000,300.000,325.000,325.000,-1,-1,-1,-1,675.000,625.000,-1,-1,2,0,2,0,2,0,0,0,0,2,2,2,2,0,0,2,2
115,6580.584,-5622.514,282.652,-42.866,0.731080,0.679271,0.064131,-0.681295,0.731858,0.014831,-0.036861,-0.054534,0.997831,0,0.96511,-0.73793,57.907,-1.476,-1,375.000,-1,350.000,-1,300.000,300.000,325.000,325.000,-1,-1,-1,-1,675.000,625.000,-1,-1,2,0,2,0,2,0,0,0,0,2,2,2,2,0,0,2,2
116,6622.127,-5663.454,280.953,-44.582,0.710630,0.700830,0.061989,-0.702839,0.711139,0.017273,-0.031977,-0.055842,0.997927,0,0.97211,-0.85793,58.326,-1.716,-1,375.000,-1,350.000,-1,300.000,300.000,325.000,325.000,-1,500.000,625.000,-1,675.000,625.000,-1,-1,2,0,2,0,2,0,0,0,0,2,0,0,2,0,0,2,2
117,6662.332,-5705.631,279.442,-46.371,0.688638,0.722646,0.059672,-0.724611,0.688872,0.019840,-0.026770,-0.056901,0.998021,0,0.97114,-0.89450,58.269,-1.789,-1,375.000,-1,350.000,-1,300.000,300.000,325.000,325.000,-1,400.000,500.000,-1,675.000,650.000,-1,-1,2,0,2,0,2,0,0,0,0,2,0,0,2,0,0,2,2
118,6701.167,-5749.010,278.159,-48.164,0.665924,0.743808,0.057404,-0.745712,0.665887,0.022560,-0.021444,-0.057831,0.998096,0,0.97037,-0.89657,58.222,-1.793,-1,375.000,-1,350.000,-1,300.000,300.000,325.000,325.000,-1,375.000,400.000,-1,675.000,650.000,-1,-1,2,0,2,0,2,0,0,0,0,2,0,0,2,0,0,2,2
119,6738.591,-5793.548,277.116,-49.961,0.642505,0.764286,0.055263,-0.766113,0.642203,0.025425,-0.016058,-0.058674,0.998148,0,0.96957,-0.89852,58.174,-1.797,-1,375.000,-1,375.000,-1,300.000,300.000,325.000,325.000,-1,350.000,350.000,-1,675.000,650.000,-1,-1,2,0,2,0,2,0,0,0,0,2,0,0,2,0,0,2,2
120,6774.567,-5839.203,276.351,-51.762,0.618409,0.784046,0.053312,-0.785786,0.617836,0.028604,-0.010511,-0.059581,0.998168,0,0.96875,-0.90034,58.125,-1.801,-1,375.000,-1,375.000,-1,300.000,300.000,325.000,325.000,-1,325.000,350.000,-1,675.000,675.000,-1,-1,2,0,2,0,2,0,0,0,0,2,0,0,2,0,0,2,2
121,6809.058,-5885.927,275.899,-53.566,0.593665,0.803054,0.051634,-0.804699,0.592807,0.032249,-0.004711,-0.060695,0.998145,0,0.96791,-0.90204,58.075,-1.804,-1,375.000,-1,375.000,-1,300.000,300.000,325.000,350.000,-1,325.000,325.000,-1,700.000,675.000,-1,-1,2,0,2,0,2,0,0,0,0,2,0,0,2,0,0,2,2
122,6842.029,-5933.673,275.666,-55.373,0.568287,0.821301,0.050153,-0.822830,0.567152,0.035913,0.001051,-0.061676,0.998096,0,0.96705,-0.90362,58.023,-1.807,-1,375.000,-1,375.000,-1,300.000,300.000,325.000,350.000,-1,300.000,300.000,-1,725.000,700.000,-1,-1,2,0,2,0,2,0,0,0,0,2,0,0,2,0,0,2,2
123,6873.447,-5982.392,275.657,-57.183,0.542299,0.838764,0.048864,-0.840159,0.540898,0.039530,0.006726,-0.062491,0.998023,0,0.96618,-0.90508,57.971,-1.810,-1,375.000,-1,375.000,-1,300.000,300.000,325.000,350.000,-1,300.000,300.000,-1,725.000,725.000,-1,-1,2,0,2,0,2,0,0,0,0,2,0,0,2,0,0,2,2
124,6903.280,-6032.036,276.143,-58.996,0.515674,0.855480,0.047274,-0.856709,0.514108,0.041743,0.011407,-0.062025,0.998009,0,0.96529,-0.90642,57.917,-1.813,-1,375.000,-1,375.000,-1,300.000,325.000,325.000,325.000,-1,325.000,325.000,-1,750.000,750.000,-1,-1,2,0,2,0,2,0,0,0,0,2,0,0,2,0,0,2,2
125,6931.499,-6082.553,276.904,-60.811,0.488472,0.871383,0.045685,-0.872437,0.486777,0.043597,0.015751,-0.061153,0.998004,0,0.96439,-0.90763,57.863,-1.815,-1,375.000,-1,375.000,-1,325.000,325.000,325.000,325.000,-1,350.000,325.000,-1,750.000,775.000,-1,-1,2,0,2,0,2,0,0,0,0,2,0,0,2,0,0,2,2
126,6958.076,-6133.892,277.800,-62.629,0.460722,0.886430,0.044471,-0.887327,0.458921,0.045198,0.019656,-0.060284,0.997988,0,0.96348,-0.90872,57.809,-1.817,-1,375.000,-1,400.000,-1,325.000,325.000,325.000,325.000,-1,375.000,350.000,-1,750.000,775.000,-1,-1,2,0,2,0,2,0,0,0,0,2,0,0,2,0,0,2,2
127,6981.141,-6181.620,278.721,-64.206,0.436238,0.898787,0.043339,-0.899543,0.434374,0.046265,0.022757,-0.059168,0.997989,0,0.88348,-0.78872,53.009,-1.577,-1,375.000,-1,400.000,-1,325.000,325.000,325.000,325.000,-1,400.000,375.000,-1,775.000,800.000,-1,-1,2,0,2,0,2,0,0,0,0,2,0,0,2,0,0,2,2
128,7001.794,-6227.032,279.718,-65.543,0.415212,0.908739,0.042332,-0.909371,0.413304,0.047153,0.025354,-0.058074,0.997990,0,0.83145,-0.66872,49.887,-1.337,-1,375.000,-1,400.000,-1,325.000,325.000,325.000,325.000,-1,425.000,400.000,-1,800.000,800.000,-1,-1,2,0,2,0,2,0,0,0,0,2,0,0,2,0,0,2,2
129,7021.599,-6272.893,280.827,-66.641,0.397786,0.916546,0.041351,-0.917064,0.395849,0.047927,0.027559,-0.056986,0.997995,0,0.83257,-0.54872,49.954,-1.097,-1,375.000,-1,400.000,-1,325.000,325.000,325.000,325.000,-1,450.000,425.000,-1,825.000,825.000,-1,-1,2,0,2,0,2,0,0,0,0,2,0,0,2,0,0,2,2
130,7040.722,-6319.058,282.033,-67.498,0.384066,0.922422,0.040395,-0.922838,0.382111,0.048594,0.029388,-0.055941,0.998001,0,0.83281,-0.42872,49.969,-0.857,-1,400.000,-1,400.000,-1,325.000,325.000,325.000,325.000,-1,500.000,425.000,-1,850.000,825.000,-1,-1,2,0,2,0,2,0,0,0,0,2,0,0,2,0,0,2,2
131,7059.331,-6365.388,283.318,-68.116,0.374131,0.926536,0.039461,-0.926862,0.372169,0.049157,0.030860,-0.054966,0.998011,0,0.83212,-0.30872,49.927,-0.617,-1,400.000,-1,400.000,-1,325.000,325.000,325.000,325.000,-1,525.000,450.000,-1,875.000,850.000,-1,-1,2,0,2,0,2,0,0,0,0,2,0,0,2,0,0,2,2
132,7077.598,-6411.746,284.666,-68.493,0.368036,0.929012,0.038551,-0.929261,0.366075,0.049624,0.031989,-0.054088,0.998024,0,0.83044,-0.18872,49.826,-0.377,-1,400.000,-1,400.000,-1,325.000,325.000,325.000,325.000,-1,550.000,475.000,-1,900.000,-1,-1,-1,2,0,2,0,2,0,0,0,0,2,0,0,2,0,2,2,2
133,7095.659,-6458.007,286.118,-68.672,0.365136,0.930182,0.037917,-0.930381,0.363179,0.049924,0.032668,-0.053506,0.998033,0,0.82770,-0.08961,49.662,-0.179,-1,400.000,-1,400.000,-1,325.000,325.000,325.000,325.000,-1,600.000,500.000,-1,925.000,-1,-1,-1,2,0,2,0,2,0,0,0,0,2,0,0,2,0,2,2,2
134,7113.488,-6504.122,287.651,-68.862,0.362045,0.931403,0.037584,-0.931580,0.360103,0.049843,0.032890,-0.053058,0.998050,0,0.82402,-0.09493,49.441,-0.190,-1,400.000,-1,425.000,-1,325.000,325.000,325.000,325.000,-1,625.000,550.000,-1,925.000,-1,-1,-1,2,0,2,0,2,0,0,0,0,2,0,0,2,0,2,2,2
135,7131.072,-6550.080,289.013,-69.062,0.358737,0.932715,0.036763,-0.932875,0.356874,0.048829,0.032424,-0.051812,0.998130,0,0.82012,-0.09997,49.207,-0.200,-1,400.000,-1,425.000,-1,325.000,325.000,325.000,325.000,-1,700.000,600.000,-1,950.000,-1,-1,-1,2,0,2,0,2,0,0,0,0,2,0,0,2,0,2,2,2
136,7148.400,-6595.872,290.408,-69.272,0.355265,0.934074,0.035939,-0.934222,0.353485,0.047727,0.031877,-0.050531,0.998214,0,0.81602,-0.10473,48.961,-0.209,-1,425.000,-1,425.000,-1,325.000,325.000,325.000,325.000,-1,775.000,675.000,-1,975.000,-1,-1,-1,2,0,2,0,2,0,0,0,0,2,0,0,2,0,2,2,2
137,7165.464,-6641.489,291.822,-69.490,0.351643,0.935474,0.035144,-0.935611,0.349943,0.046598,0.031293,-0.049267,0.998295,0,0.81174,-0.10922,48.704,-0.218,-1,425.000,-1,425.000,-1,325.000,325.000,325.000,325.000,-1,850.000,750.000,-1,-1,-1,-1,-1,2,0,2,0,2,0,0,0,0,2,0,0,2,2,2,2,2
