timestep,x_cm,y_cm,z_cm,yaw_deg,basis_xx,basis_xy,basis_xz,basis_yx,basis_yy,basis_yz,basis_zx,basis_zy,basis_zz,teleport_flag,throttle_cmd,steering_cmd,cmd_move_cm,cmd_turn_deg,lidar_cm_0,lidar_cm_1,lidar_cm_2,lidar_cm_3,lidar_cm_4,lidar_cm_5,lidar_cm_6,lidar_cm_7,lidar_cm_8,lidar_cm_9,lidar_cm_10,lidar_cm_11,lidar_cm_12,lidar_cm_13,lidar_cm_14,lidar_cm_15,lidar_cm_16,lidar_class_0,lidar_class_1,lidar_class_2,lidar_class_3,lidar_class_4,lidar_class_5,lidar_class_6,lidar_class_7,lidar_class_8,lidar_class_9,lidar_class_10,lidar_class_11,lidar_class_12,lidar_class_13,lidar_class_14,lidar_class_15,lidar_class_16
0,-3606.280,-6891.884,201.967,107.436,-0.288663,-0.948960,-0.127080,0.952545,-0.298041,0.061885,-0.096601,-0.103185,0.989960,1,-0.08000,-0.12000,-4.800,-0.240,750.000,350.000,-1,400.000,-1,300.000,325.000,250.000,425.000,-1,400.000,125.000,375.000,600.000,800.000,1000.000,-1,0,0,2,0,2,0,0,0,0,2,1,1,1,0,0,0,2
1,-3603.467,-6901.061,203.207,107.071,-0.282153,-0.950547,-0.129811,0.954365,-0.291902,0.063086,-0.097859,-0.106087,0.989530,0,-0.16000,-0.18245,-9.600,-0.365,700.000,350.000,-1,400.000,-1,300.000,325.000,250.000,425.000,-1,450.000,125.000,375.000,600.000,800.000,925.000,-1,0,0,2,0,2,0,0,0,0,2,1,1,1,0,0,0,2
2,-3599.335,-6914.855,205.042,106.703,-0.275361,-0.951972,-0.133889,0.956142,-0.285668,0.064707,-0.099848,-0.110199,0.988881,0,-0.24000,-0.18382,-14.400,-0.368,625.000,350.000,-1,400.000,-1,300.000,325.000,250.000,425.000,-1,500.000,150.000,350.000,575.000,800.000,825.000,-1,0,0,2,0,2,0,0,0,0,2,1,1,1,0,0,0,2
3,-3593.946,-6933.281,207.483,106.332,-0.268238,-0.953218,-0.139367,0.957873,-0.279315,0.066799,-0.102601,-0.115578,0.987985,0,-0.32000,-0.18585,-19.200,-0.372,575.000,325.000,-1,400.000,-1,300.000,325.000,250.000,450.000,-1,575.000,150.000,350.000,575.000,800.000,725.000,-1,0,0,2,0,2,0,0,0,0,2,1,1,1,0,0,0,2
4,-3588.424,-6952.634,210.056,105.955,-0.260920,-0.954382,-0.145177,0.959574,-0.272848,0.069081,-0.105541,-0.121283,0.986991,0,-0.33544,-0.18854,-20.126,-0.377,525.000,325.000,-1,400.000,-1,300.000,325.000,250.000,450.000,-1,675.000,150.000,350.000,550.000,775.000,650.000,-1,0,0,2,0,2,0,0,0,0,2,1,1,1,0,0,0,2
5,-3583.027,-6972.042,212.645,105.572,-0.253444,-0.955484,-0.151053,0.961243,-0.266273,0.071485,-0.108524,-0.127081,0.985938,0,-0.33577,-0.19134,-20.146,-0.383,450.000,325.000,-1,400.000,-1,275.000,300.000,250.000,475.000,-1,825.000,150.000,325.000,550.000,775.000,575.000,-1,0,0,2,0,2,0,0,0,0,2,1,1,1,0,0,0,2
6,-3577.761,-6991.495,215.248,105.184,-0.245811,-0.956522,-0.156981,0.962879,-0.259591,0.074009,-0.111542,-0.132961,0.984825,0,-0.33591,-0.19410,-20.155,-0.388,425.000,325.000,-1,400.000,-1,275.000,300.000,250.000,500.000,-1,-1,150.000,325.000,525.000,775.000,525.000,-1,0,0,2,0,2,0,0,0,0,2,2,1,1,0,0,0,2
7,-3572.630,-7010.980,217.862,104.790,-0.238024,-0.957493,-0.162948,0.964476,-0.252805,0.076651,-0.114587,-0.138914,0.983653,0,-0.33586,-0.19683,-20.152,-0.394,375.000,325.000,-1,400.000,-1,275.000,300.000,225.000,500.000,-1,-1,150.000,325.000,525.000,775.000,475.000,-1,0,0,2,0,2,0,0,0,0,2,2,1,1,0,0,0,2
8,-3567.639,-7030.485,220.482,104.391,-0.230084,-0.958395,-0.168938,0.966033,-0.245916,0.079409,-0.117650,-0.144928,0.982423,0,-0.33560,-0.19952,-20.136,-0.399,350.000,300.000,-1,400.000,-1,275.000,300.000,225.000,525.000,-1,-1,150.000,300.000,500.000,775.000,425.000,-1,0,0,2,0,2,0,0,0,0,2,2,1,1,0,0,0,2
9,-3562.793,-7049.997,223.104,103.987,-0.221996,-0.959227,-0.174934,0.967545,-0.238927,0.082280,-0.120722,-0.150991,0.981136,0,-0.33511,-0.20218,-20.106,-0.404,300.000,300.000,-1,400.000,-1,275.000,300.000,225.000,550.000,-1,-1,175.000,300.000,500.000,750.000,375.000,-1,0,0,2,0,2,0,0,0,0,2,2,1,1,0,0,0,2
10,-3558.099,-7069.500,225.725,103.577,-0.213763,-0.959986,-0.180922,0.969010,-0.231841,0.085260,-0.123793,-0.157090,0.979795,0,-0.33437,-0.20478,-20.062,-0.410,275.000,300.000,-1,400.000,-1,275.000,300.000,225.000,575.000,-1,-1,175.000,300.000,475.000,750.000,350.000,-1,0,0,2,0,2,0,0,0,0,2,2,1,1,0,0,0,2
11,-3553.559,-7088.978,228.340,103.163,-0.205390,-0.960672,-0.186883,0.970424,-0.224661,0.088344,-0.126855,-0.163211,0.978402,0,-0.33338,-0.20734,-20.003,-0.415,250.000,300.000,-1,400.000,-1,275.000,300.000,225.000,575.000,-1,-1,-1,275.000,475.000,750.000,325.000,-1,0,0,2,0,2,0,0,0,0,2,2,2,1,0,0,0,2
12,-3549.180,-7108.415,230.944,102.743,-0.196882,-0.961283,-0.192801,0.971784,-0.217390,0.091527,-0.129897,-0.169341,0.976960,0,-0.33211,-0.20984,-19.927,-0.420,225.000,300.000,-1,400.000,-1,275.000,300.000,225.000,575.000,-1,-1,-1,275.000,475.000,750.000,300.000,-1,0,0,2,0,2,0,0,0,1,2,2,2,1,0,0,0,2
13,-3544.966,-7127.793,233.533,102.318,-0.188246,-0.961821,-0.198657,0.973087,-0.210032,0.094805,-0.132909,-0.175464,0.975473,0,-0.33056,-0.21228,-19.833,-0.425,225.000,300.000,-1,400.000,-1,275.000,300.000,225.000,550.000,-1,-1,-1,275.000,450.000,725.000,275.000,-1,0,0,2,0,2,0,0,0,1,2,2,2,1,0,0,0,2
14,-3540.920,-7147.092,236.102,101.889,-0.179489,-0.962284,-0.204434,0.974330,-0.202591,0.098169,-0.135883,-0.181566,0.973945,0,-0.32869,-0.21466,-19.722,-0.429,200.000,300.000,-1,400.000,-1,275.000,300.000,225.000,525.000,-1,-1,-1,275.000,450.000,725.000,250.000,-1,0,0,2,0,2,0,0,0,1,2,2,2,1,0,0,0,2
15,-983.907,6887.403,-265.909,25.410,0.874889,-0.422728,0.236369,0.450095,0.889866,-0.074511,-0.178839,0.171577,0.968802,1,0.00000,0.00000,-19.591,-0.434,-1,325.000,600.000,225.000,125.000,250.000,225.000,425.000,250.000,350.000,25.000,-1,-1,500.000,325.000,800.000,125.000,2,0,1,0,0,0,0,1,0,1,1,2,2,0,0,0,0
16,-2952.922,1644.472,-203.077,104.798,-0.255233,-0.966809,-0.011687,0.966692,-0.255403,0.016596,-0.019030,-0.007061,0.999794,1,0.08000,0.12000,4.800,0.240,-1,400.000,-1,425.000,-1,325.000,325.000,300.000,300.000,-1,-1,-1,-1,800.000,850.000,-1,-1,2,0,2,0,2,0,0,0,0,2,2,2,2,0,0,2,2
17,-2955.451,1653.732,-203.246,105.278,-0.263318,-0.964637,-0.011824,0.964510,-0.263493,0.017083,-0.019594,-0.006906,0.999784,0,0.16000,0.24000,9.600,0.480,-1,400.000,-1,400.000,-1,325.000,325.000,300.000,300.000,-1,-1,-1,-1,800.000,850.000,-1,-1,2,0,2,0,2,0,0,0,0,2,2,2,2,0,0,2,2
18,-2959.420,1667.575,-203.500,105.998,-0.275412,-0.961251,-0.012044,0.961109,-0.275595,0.017807,-0.020436,-0.006672,0.999769,0,0.24000,0.36000,14.400,0.720,-1,400.000,-1,400.000,-1,325.000,325.000,300.000,300.000,-1,-1,-1,-1,800.000,850.000,-1,-1,2,0,2,0,2,0,0,0,0,2,2,2,2,0,0,2,2
19,-2965.020,1685.940,-203.839,106.958,-0.291469,-0.956500,-0.012366,0.956338,-0.291662,0.018761,-0.021552,-0.006358,0.999748,0,0.32000,0.48000,19.200,0.960,-1,400.000,-1,400.000,-1,325.000,325.000,300.000,300.000,-1,-1,-1,-1,800.000,850.000,-1,-1,2,0,2,0,2,0,0,0,0,2,2,2,2,0,0,2,2
20,-2972.499,1708.745,-204.263,108.158,-0.311423,-0.950185,-0.012814,0.949994,-0.311630,0.019936,-0.022936,-0.005964,0.999719,0,0.40000,0.60000,24.000,1.200,-1,400.000,-1,400.000,-1,325.000,325.000,300.000,300.000,-1,-1,-1,-1,775.000,825.000,-1,-1,2,0,2,0,2,0,0,0,0,2,2,2,2,0,0,2,2
21,-2982.159,1735.877,-204.774,109.598,-0.335187,-0.942056,-0.013415,0.941831,-0.335411,0.021318,-0.024582,-0.005490,0.999683,0,0.48000,0.72000,28.800,1.440,-1,400.000,-1,400.000,-1,325.000,325.000,300.000,300.000,-1,-1,-1,-1,775.000,825.000,-1,-1,2,0,2,0,2,0,0,0,0,2,2,2,2,0,0,2,2
22,-2994.309,1767.203,-205.371,111.199,-0.361355,-0.932320,-0.014198,0.932052,-0.361600,0.022890,-0.026475,-0.004962,0.999637,0,0.56000,0.80046,33.600,1.601,-1,400.000,-1,400.000,-1,325.000,325.000,300.000,300.000,-1,-1,-1,-1,775.000,800.000,-1,-1,2,0,2,0,2,0,0,0,0,2,2,2,2,0,0,2,2
23,-3009.189,1802.603,-206.062,112.800,-0.387234,-0.921856,-0.015176,0.921538,-0.387506,0.024642,-0.028597,-0.004443,0.999581,0,0.64000,0.80046,38.400,1.601,-1,400.000,-1,400.000,-1,325.000,325.000,300.000,300.000,-1,-1,-1,-1,750.000,800.000,-1,-1,2,0,2,0,2,0,0,0,0,2,2,2,2,0,0,2,2
24,-3027.036,1841.944,-206.953,114.401,-0.412821,-0.910674,-0.015872,0.910297,-0.413111,0.026434,-0.030630,-0.003536,0.999525,0,0.72000,0.80046,43.200,1.601,-1,400.000,-1,400.000,-1,325.000,325.000,300.000,325.000,-1,-1,-1,-1,750.000,775.000,-1,-1,2,0,2,0,2,0,0,0,0,2,2,2,2,0,0,2,2
25,-3048.079,1885.086,-208.330,116.002,-0.438139,-0.898782,-0.015019,0.898345,-0.438394,0.028058,-0.031802,-0.001199,0.999493,0,0.80000,0.80046,48.000,1.601,-1,400.000,-1,400.000,-1,325.000,325.000,300.000,300.000,-1,-1,-1,-1,750.000,775.000,-1,-1,2,0,2,0,2,0,0,0,0,2,2,2,2,0,0,2,2
26,-3071.367,1929.629,-209.750,117.602,-0.463116,-0.886183,-0.014246,0.885686,-0.463333,0.029696,-0.032917,0.001135,0.999457,0,0.83773,0.80046,50.264,1.601,-1,400.000,-1,400.000,-1,325.000,325.000,300.000,300.000,-1,-1,-1,-1,725.000,750.000,-1,-1,2,0,2,0,2,0,0,0,0,2,2,2,2,0,0,2,2
27,-3095.892,1973.504,-211.147,119.203,-0.487730,-0.872889,-0.013584,0.872336,-0.487908,0.031235,-0.033893,0.003384,0.999420,0,0.83773,0.80046,50.264,1.601,-1,375.000,-1,400.000,-1,325.000,325.000,300.000,300.000,-1,-1,-1,-1,725.000,750.000,-1,-1,2,0,2,0,2,0,0,0,0,2,2,2,2,0,0,2,2
28,-3121.632,2016.677,-212.523,120.804,-0.511964,-0.858908,-0.013014,0.858304,-0.512099,0.032688,-0.034741,0.005565,0.999381,0,0.83773,0.80046,50.264,1.601,-1,375.000,-1,400.000,-1,325.000,325.000,300.000,300.000,-1,-1,-1,-1,725.000,725.000,-1,-1,2,0,2,0,2,0,0,0,0,2,2,2,2,0,0,2,2
29,-3148.568,2059.113,-213.917,122.405,-0.535793,-0.844256,-0.012589,0.843610,-0.535888,0.033860,-0.035333,0.007522,0.999347,0,0.83773,0.80046,50.264,1.601,-1,375.000,-1,375.000,-1,325.000,325.000,325.000,300.000,-1,-1,-1,-1,725.000,725.000,-1,-1,2,0,2,0,2,0,0,0,0,2,2,2,2,0,0,2,2
30,-3176.680,2100.781,-215.598,124.006,-0.559178,-0.828950,-0.012699,0.828317,-0.559263,0.033415,-0.034801,0.008166,0.999361,0,0.83773,0.80046,50.264,1.601,-1,375.000,-1,375.000,-1,325.000,325.000,325.000,300.000,-1,-1,-1,-1,725.000,725.000,-1,-1,2,0,2,0,2,0,0,0,0,2,2,2,2,0,0,2,2
31,-3206.031,2141.774,-217.261,125.602,-0.582058,-0.813046,-0.012809,0.812428,-0.582134,0.032891,-0.034198,0.008738,0.999377,0,0.84030,0.79810,50.418,1.596,-1,375.000,-1,375.000,-1,325.000,325.000,325.000,300.000,-1,-1,-1,-1,700.000,700.000,-1,-1,2,0,2,0,2,0,0,0,0,2,2,2,2,0,0,2,2
32,-3236.636,2182.107,-218.929,127.191,-0.604376,-0.796593,-0.013017,0.795991,-0.604447,0.032291,-0.033591,0.009154,0.999394,0,0.84384,0.79429,50.630,1.589,-1,375.000,-1,375.000,-1,300.000,325.000,325.000,300.000,-1,-1,-1,-1,700.000,700.000,-1,-1,2,0,2,0,2,0,0,0,0,2,2,2,2,0,0,2,2
33,-3268.457,2221.726,-220.544,128.771,-0.626122,-0.779616,-0.013030,0.779035,-0.626183,0.031610,-0.032803,0.009641,0.999415,0,0.84693,0.79016,50.816,1.580,-1,375.000,-1,375.000,-1,300.000,300.000,325.000,300.000,-1,-1,-1,-1,700.000,700.000,-1,-1,2,0,2,0,2,0,0,0,0,2,2,2,2,0,0,2,2
34,-3301.456,2260.578,-222.097,130.343,-0.647279,-0.762146,-0.012795,0.761589,-0.647325,0.030866,-0.031807,0.010235,0.999442,0,0.84957,0.78577,50.974,1.572,-1,375.000,-1,375.000,-1,300.000,300.000,325.000,325.000,-1,-1,-1,-1,700.000,700.000,-1,-1,2,0,2,0,2,0,0,0,0,2,2,2,2,0,0,2,2
35,-3335.588,2298.612,-223.612,131.905,-0.667830,-0.744210,-0.012444,0.743681,-0.667858,0.030073,-0.030692,0.010830,0.999470,0,0.85173,0.78112,51.104,1.562,-1,375.000,-1,375.000,-1,300.000,300.000,325.000,325.000,-1,-1,-1,-1,700.000,700.000,-1,-1,2,0,2,0,2,0,0,0,0,2,2,2,2,0,0,2,2
36,-3370.806,2335.779,-225.102,133.458,-0.687764,-0.725837,-0.011904,0.725338,-0.687771,0.029249,-0.029417,0.011482,0.999501,0,0.85338,0.77626,51.203,1.553,-1,375.000,-1,375.000,-1,300.000,300.000,325.000,325.000,-1,-1,-1,-1,700.000,675.000,-1,-1,2,0,2,0,2,0,0,0,0,2,2,2,2,0,0,2,2
37,-3407.061,2372.034,-226.533,135.000,-0.707067,-0.707055,-0.011333,0.706588,-0.707055,0.028392,-0.028088,0.012067,0.999533,0,0.85453,0.77123,51.272,1.542,-1,375.000,-1,375.000,-1,300.000,300.000,325.000,325.000,-1,-1,-1,-1,700.000,675.000,-1,-1,2,0,2,0,2,0,0,0,0,2,2,2,2,0,0,2,2
38,-3444.300,2407.332,-227.885,136.532,-0.725731,-0.687894,-0.010807,0.687458,-0.725703,0.027496,-0.026757,0.012525,0.999563,0,0.85517,0.76607,51.310,1.532,-1,375.000,-1,375.000,-1,300.000,300.000,325.000,325.000,-1,-1,-1,-1,700.000,675.000,-1,-1,2,0,2,0,2,0,0,0,0,2,2,2,2,0,0,2,2
39,-3482.469,2441.635,-229.168,138.054,-0.743752,-0.668377,-0.010274,0.667973,-0.743711,0.026568,-0.025398,0.012897,0.999594,0,0.85530,0.76084,51.318,1.522,-1,375.000,-1,375.000,-1,300.000,300.000,325.000,325.000,-1,-1,-1,-1,700.000,675.000,-1,-1,2,0,2,0,2,0,0,0,0,2,2,2,2,0,0,2,2
40,-3521.513,2474.905,-230.382,139.565,-0.761128,-0.648529,-0.009736,0.648157,-0.761076,0.025607,-0.024017,0.013179,0.999625,0,0.85495,0.75558,51.297,1.511,-1,375.000,-1,375.000,-1,300.000,300.000,325.000,325.000,-1,-1,-1,-1,700.000,675.000,-1,-1,2,0,2,0,2,0,0,0,0,2,2,2,2,0,0,2,2
41,-3561.377,2507.110,-231.509,141.066,-0.777858,-0.628373,-0.009193,0.628035,-0.777798,0.024535,-0.022568,0.013311,0.999657,0,0.85413,0.75036,51.248,1.501,-1,375.000,-1,375.000,-1,300.000,300.000,325.000,325.000,-1,-1,-1,-1,725.000,675.000,-1,-1,2,0,2,0,2,0,0,0,0,2,2,2,2,0,0,2,2
42,-3602.005,2538.222,-232.559,142.556,-0.793947,-0.607925,-0.008642,0.607621,-0.793882,0.023401,-0.021086,0.013328,0.999689,0,0.85288,0.74539,51.173,1.491,-1,375.000,-1,375.000,-1,300.000,300.000,325.000,300.000,-1,-1,-1,-1,725.000,675.000,-1,-1,2,0,2,0,2,0,0,0,0,2,2,2,2,0,0,2,2
43,-3643.347,2568.212,-233.514,144.042,-0.809447,-0.587137,-0.008075,0.586868,-0.809380,0.022121,-0.019524,0.013166,0.999723,0,0.85124,0.74290,51.074,1.486,-1,375.000,-1,375.000,-1,300.000,300.000,325.000,300.000,-1,-1,-1,-1,725.000,675.000,-1,-1,2,0,2,0,2,0,0,0,0,2,2,2,2,0,0,2,2
44,-3685.353,2597.056,-234.339,145.524,-0.824360,-0.566017,-0.007474,0.565787,-0.824296,0.020529,-0.017781,0.012694,0.999761,0,0.84926,0.74083,50.955,1.482,-1,375.000,-1,375.000,-1,300.000,300.000,325.000,300.000,-1,900.000,-1,-1,725.000,675.000,-1,-1,2,0,2,0,2,0,0,0,0,2,0,2,2,0,0,2,2
45,-3727.974,2624.732,-235.113,147.002,-0.838691,-0.544565,-0.006852,0.544371,-0.838630,0.018989,-0.016087,0.012196,0.999796,0,0.84698,0.73918,50.819,1.478,-1,375.000,-1,375.000,-1,300.000,300.000,325.000,300.000,-1,800.000,-1,-1,725.000,700.000,-1,-1,2,0,2,0,2,0,0,0,0,2,0,2,2,0,0,2,2
46,-3771.167,2651.223,-235.879,148.478,-0.852440,-0.522788,-0.006188,0.522629,-0.852385,0.017272,-0.014304,0.011489,0.999832,0,0.84449,0.73798,50.669,1.476,-1,375.000,-1,375.000,-1,325.000,300.000,325.000,300.000,-1,725.000,900.000,-1,725.000,700.000,-1,-1,2,0,2,0,2,0,0,0,0,2,0,0,2,0,0,2,2
47,-3816.578,2677.744,-236.612,149.714,-0.863520,-0.504285,-0.005471,0.504158,-0.863471,0.015572,-0.012577,0.010689,0.999864,0,0.87648,0.61798,52.589,1.236,-1,375.000,-1,375.000,-1,325.000,300.000,325.000,300.000,-1,700.000,850.000,-1,750.000,700.000,-1,-1,2,0,2,0,2,0,0,0,0,2,0,0,2,0,0,2,2
48,-3862.308,2703.396,-237.259,150.710,-0.872157,-0.489204,-0.004762,0.489102,-0.872113,0.014083,-0.011043,0.009953,0.999889,0,0.87389,0.49798,52.433,0.996,-1,400.000,-1,375.000,-1,325.000,300.000,325.000,300.000,-1,675.000,800.000,-1,750.000,725.000,-1,-1,2,0,2,0,2,0,0,0,0,2,0,0,2,0,0,2,2
49,-3908.246,2728.374,-237.835,151.466,-0.878536,-0.477658,-0.004085,0.477578,-0.878497,0.012750,-0.009679,0.009250,0.999910,0,0.87149,0.37798,52.289,0.756,-1,400.000,-1,375.000,-1,325.000,325.000,325.000,300.000,-1,675.000,775.000,-1,750.000,725.000,-1,-1,2,0,2,0,2,0,0,0,0,2,0,0,2,0,0,2,2
50,-3954.293,2752.876,-238.361,151.982,-0.882803,-0.469731,-0.003432,0.469668,-0.882769,0.011474,-0.008420,0.008518,0.999928,0,0.86933,0.25798,52.160,0.516,-1,400.000,-1,375.000,-1,325.000,325.000,325.000,300.000,-1,650.000,775.000,-1,750.000,725.000,-1,-1,2,0,2,0,2,0,0,0,0,2,0,0,2,0,0,2,2
51,-4000.357,2777.103,-238.841,152.258,-0.885056,-0.465477,-0.002804,0.465429,-0.885026,0.010253,-0.007254,0.007769,0.999944,0,0.86746,0.13798,52.047,0.276,-1,400.000,-1,375.000,-1,325.000,325.000,325.000,300.000,-1,650.000,775.000,-1,750.000,750.000,-1,-1,2,0,2,0,2,0,0,0,0,2,0,0,2,0,0,2,2
52,-4046.354,2801.258,-239.266,152.294,-0.885348,-0.464924,-0.002249,0.464888,-0.885323,0.009061,-0.006204,0.006977,0.999956,0,0.86588,0.01798,51.953,0.036,-1,400.000,-1,375.000,-1,325.000,325.000,325.000,300.000,-1,650.000,750.000,-1,750.000,750.000,-1,-1,2,0,2,0,2,0,0,0,0,2,0,0,2,0,0,2,2
53,-4092.196,2825.541,-239.644,152.090,-0.883686,-0.468076,-0.001748,0.468050,-0.883666,0.007920,-0.005252,0.006181,0.999967,0,0.86461,-0.10202,51.877,-0.204,-1,400.000,-1,400.000,-1,325.000,325.000,325.000,300.000,-1,650.000,750.000,-1,750.000,750.000,-1,-1,2,0,2,0,2,0,0,0,0,2,0,0,2,0,0,2,2
54,-4137.798,2850.150,-240.060,151.646,-0.880032,-0.474912,-0.001362,0.474891,-0.880015,0.007218,-0.004626,0.005705,0.999973,0,0.86364,-0.22202,51.818,-0.444,-1,400.000,-1,400.000,-1,325.000,325.000,325.000,300.000,-1,650.000,750.000,-1,750.000,750.000,-1,-1,2,0,2,0,2,0,0,0,0,2,0,0,2,0,0,2,2
55,-4183.067,2875.283,-240.435,150.962,-0.874300,-0.485385,-0.001007,0.485369,-0.874284,0.006581,-0.004075,0.005265,0.999978,0,0.86296,-0.34202,51.778,-0.684,-1,400.000,-1,400.000,-1,325.000,325.000,325.000,300.000,-1,650.000,750.000,-1,725.000,775.000,-1,-1,2,0,2,0,2,0,0,0,0,2,0,0,2,0,0,2,2
56,-4227.904,2901.130,-240.764,150.038,-0.866358,-0.499423,-0.000696,0.499410,-0.866345,0.006006,-0.003603,0.004855,0.999982,0,0.86256,-0.46202,51.754,-0.924,-1,400.000,-1,400.000,-1,325.000,325.000,325.000,300.000,-1,650.000,750.000,-1,750.000,775.000,-1,-1,2,0,2,0,2,0,0,0,0,2,0,0,2,0,0,2,2
57,-4272.199,2927.878,-241.010,148.874,-0.856033,-0.516921,-0.000579,0.516910,-0.856022,0.005441,-0.003308,0.004358,0.999985,0,0.86241,-0.58202,51.744,-1.164,-1,400.000,-1,400.000,-1,325.000,325.000,325.000,300.000,-1,675.000,750.000,-1,750.000,800.000,-1,-1,2,0,2,0,2,0,0,0,0,2,0,0,2,0,0,2,2
58,-4315.828,2955.706,-241.226,147.470,-0.843110,-0.537741,-0.000408,0.537733,-0.843100,0.004988,-0.003026,0.003986,0.999987,0,0.86248,-0.70202,51.749,-1.404,-1,400.000,-1,400.000,-1,325.000,325.000,325.000,300.000,-1,675.000,775.000,-1,750.000,800.000,-1,-1,2,0,2,0,2,0,0,0,0,2,0,0,2,0,0,2,2
59,-4358.655,2984.783,-241.409,145.826,-0.827335,-0.561709,-0.000170,0.561702,-0.827326,0.004650,-0.002753,0.003752,0.999989,0,0.86274,-0.82202,51.765,-1.644,-1,400.000,-1,400.000,-1,325.000,325.000,325.000,300.000,-1,700.000,775.000,-1,750.000,800.000,-1,-1,2,0,2,0,2,0,0,0,0,2,0,0,2,0,0,2,2
60,-4400.523,3015.267,-241.665,143.942,-0.808420,-0.588606,-0.000408,0.588600,-0.808413,0.004281,-0.002850,0.003221,0.999991,0,0.86318,-0.94202,51.791,-1.884,-1,400.000,-1,400.000,-1,325.000,325.000,325.000,300.000,-1,725.000,800.000,-1,750.000,825.000,-1,-1,2,0,2,0,2,0,0,0,0,2,0,0,2,0,0,2,2
61,-4441.329,3047.215,-241.940,141.942,-0.787384,-0.616462,-0.000823,0.616455,-0.787380,0.003977,-0.003100,0.002624,0.999992,0,0.86375,-1.00000,51.825,-2.000,-1,400.000,-1,400.000,-1,325.000,325.000,325.000,300.000,-1,775.000,825.000,-1,750.000,825.000,-1,-1,2,0,2,0,2,0,0,0,0,2,0,0,2,0,0,2,2
62,-4481.024,3080.592,-242.213,139.942,-0.765389,-0.643567,-0.001296,0.643559,-0.765387,0.003783,-0.003426,0.002062,0.999992,0,0.86438,-1.00000,51.863,-2.000,-1,400.000,-1,400.000,-1,325.000,325.000,300.000,300.000,-1,825.000,875.000,-1,750.000,825.000,-1,-1,2,0,2,0,2,0,0,0,0,2,0,0,2,0,0,2,2
63,-4519.557,3115.358,-242.398,137.942,-0.742462,-0.669886,-0.001386,0.669878,-0.742461,0.003779,-0.003561,0.001877,0.999992,0,0.86496,-1.00000,51.898,-2.000,-1,400.000,-1,400.000,-1,325.000,325.000,300.000,300.000,-1,875.000,900.000,-1,750.000,850.000,-1,-1,2,0,2,0,2,0,0,0,0,2,0,0,2,0,0,2,2
64,-4556.876,3151.471,-242.538,135.942,-0.718632,-0.695390,-0.001298,0.695382,-0.718630,0.003899,-0.003644,0.001899,0.999992,0,0.86552,-1.00000,51.931,-2.000,-1,400.000,-1,400.000,-1,325.000,325.000,300.000,300.000,-1,925.000,950.000,-1,775.000,850.000,-1,-1,2,0,2,0,2,0,0,0,0,2,0,0,2,0,0,2,2
65,-4592.935,3188.887,-242.692,133.942,-0.693925,-0.720046,-0.001345,0.720037,-0.693924,0.004096,-0.003882,0.001874,0.999991,0,0.86605,-1.00000,51.963,-2.000,-1,400.000,-1,400.000,-1,325.000,325.000,300.000,300.000,-1,1000.000,1000.000,-1,775.000,875.000,-1,-1,2,0,2,0,2,0,0,0,0,2,0,0,2,0,0,2,2
66,-4627.685,3227.561,-242.951,131.942,-0.668373,-0.743825,-0.001440,0.743812,-0.668371,0.004821,-0.004548,0.002151,0.999987,0,0.86655,-1.00000,51.993,-2.000,-1,400.000,-1,400.000,-1,325.000,325.000,300.000,300.000,-1,-1,-1,-1,800.000,875.000,-1,-1,2,0,2,0,2,0,0,0,0,2,2,2,2,0,0,2,2
67,-4661.083,3267.445,-243.289,129.942,-0.642008,-0.766696,-0.001515,0.766678,-0.642004,0.005930,-0.005519,0.002646,0.999981,0,0.86702,-1.00000,52.021,-2.000,-1,400.000,-1,425.000,-1,325.000,325.000,300.000,300.000,-1,-1,-1,-1,825.000,875.000,-1,-1,2,0,2,0,2,0,0,0,0,2,2,2,2,0,0,2,2
68,-4693.086,3308.492,-243.706,127.942,-0.614862,-0.788633,-0.001325,0.788608,-0.614855,0.007174,-0.006472,0.003366,0.999973,0,0.86747,-1.00000,52.048,-2.000,-1,400.000,-1,425.000,-1,325.000,325.000,300.000,300.000,-1,-1,-1,-1,825.000,875.000,-1,-1,2,0,2,0,2,0,0,0,0,2,2,2,2,0,0,2,2
69,-4723.650,3350.651,-244.141,125.942,-0.586969,-0.809609,-0.001125,0.809574,-0.586956,0.008538,-0.007573,0.004101,0.999963,0,0.86788,-1.00000,52.073,-2.000,-1,400.000,-1,425.000,-1,325.000,325.000,300.000,300.000,-1,-1,-1,-1,850.000,875.000,-1,-1,2,0,2,0,2,0,0,0,0,2,2,2,2,0,0,2,2
70,-4752.738,3393.871,-244.665,123.942,-0.558360,-0.829598,-0.001014,0.829555,-0.558342,0.009647,-0.008569,0.004545,0.999953,0,0.86827,-1.00000,52.096,-2.000,-1,400.000,-1,425.000,-1,325.000,325.000,300.000,300.000,-1,-1,-1,-1,850.000,875.000,-1,-1,2,0,2,0,2,0,0,0,0,2,2,2,2,0,0,2,2
71,-4780.312,3438.098,-245.277,121.942,-0.529069,-0.848578,-0.001008,0.848526,-0.529049,0.010509,-0.009451,0.004704,0.999944,0,0.86864,-1.00000,52.119,-2.000,-1,400.000,-1,425.000,-1,325.000,325.000,300.000,300.000,-1,-1,-1,-1,875.000,875.000,-1,-1,2,0,2,0,2,0,0,0,0,2,2,2,2,0,0,2,2
72,-4806.335,3483.279,-246.024,119.942,-0.499129,-0.866526,-0.001556,0.866462,-0.499112,0.011454,-0.010702,0.004368,0.999933,0,0.86899,-1.00000,52.139,-2.000,-1,425.000,-1,425.000,-1,325.000,325.000,300.000,300.000,-1,-1,-1,-1,875.000,875.000,-1,-1,2,0,2,0,2,0,0,0,0,2,2,2,2,0,0,2,2
73,-4830.776,3529.357,-246.969,117.942,-0.468571,-0.883421,-0.002993,0.883337,-0.468569,0.012602,-0.012535,0.003261,0.999916,0,0.86931,-1.00000,52.159,-2.000,-1,425.000,-1,400.000,-1,325.000,325.000,300.000,300.000,-1,-1,-1,-1,900.000,875.000,-1,-1,2,0,2,0,2,0,0,0,0,2,2,2,2,0,0,2,2
74,-4853.601,3576.277,-247.813,115.942,-0.437441,-0.899237,-0.004155,0.899124,-0.437453,0.014478,-0.014837,0.002598,0.999887,0,0.86962,-1.00000,52.177,-2.000,-1,425.000,-1,400.000,-1,325.000,325.000,300.000,300.000,-1,-1,-1,-1,900.000,850.000,-1,-1,2,0,2,0,2,0,0,0,0,2,2,2,2,0,0,2,2
75,-4874.781,3623.980,-248.707,113.942,-0.405774,-0.913958,-0.005328,0.913814,-0.405805,0.016334,-0.017091,0.001759,0.999852,0,0.86990,-1.00000,52.194,-2.000,-1,425.000,-1,400.000,-1,325.000,325.000,300.000,300.000,-1,-1,-1,-1,900.000,850.000,-1,-1,2,0,2,0,2,0,0,0,0,2,2,2,2,0,0,2,2
76,-4894.290,3672.409,-249.644,111.942,-0.373605,-0.927565,-0.006506,0.927387,-0.373661,0.018169,-0.019284,0.000754,0.999814,0,0.87017,-1.00000,52.210,-2.000,-1,425.000,-1,400.000,-1,325.000,325.000,300.000,300.000,-1,-1,-1,-1,900.000,825.000,-1,-1,2,0,2,0,2,0,0,0,0,2,2,2,2,0,0,2,2
77,-4912.103,3721.503,-250.619,109.942,-0.340976,-0.940041,-0.007682,0.939828,-0.341062,0.019984,-0.021406,-0.000405,0.999771,0,0.87043,-1.00000,52.226,-2.000,-1,425.000,-1,400.000,-1,325.000,325.000,275.000,300.000,-1,-1,-1,-1,900.000,825.000,-1,-1,2,0,2,0,2,0,0,0,0,2,2,2,2,0,0,2,2
78,-4928.195,3771.203,-251.626,107.942,-0.307925,-0.951370,-0.008844,0.951122,-0.308047,0.021780,-0.023445,-0.001705,0.999724,0,0.87067,-1.00000,52.240,-2.000,-1,425.000,-1,400.000,-1,325.000,325.000,300.000,300.000,-1,-1,-1,-1,900.000,800.000,-1,-1,2,0,2,0,2,0,0,0,0,2,2,2,2,0,0,2,2
79,-4942.637,3821.763,-252.664,105.942,-0.274492,-0.961537,-0.009992,0.961254,-0.274656,0.023566,-0.025404,-0.003137,0.999672,0,0.87636,-1.00000,52.582,-2.000,-1,425.000,-1,400.000,-1,325.000,325.000,300.000,300.000,-1,-1,-1,-1,875.000,800.000,-1,-1,2,0,2,0,2,0,0,0,0,2,2,2,2,0,0,2,2
80,-4955.309,3872.808,-253.769,103.942,-0.240726,-0.970532,-0.010898,0.970214,-0.240930,0.025232,-0.027114,-0.004500,0.999622,0,0.87658,-1.00000,52.595,-2.000,-1,425.000,-1,400.000,-1,325.000,325.000,300.000,300.000,-1,-1,-1,-1,875.000,775.000,-1,-1,2,0,2,0,2,0,0,0,0,2,2,2,2,0,0,2,2
81,-4966.195,3924.277,-255.054,101.942,-0.206681,-0.978345,-0.011139,0.977990,-0.206912,0.026894,-0.028617,-0.005335,0.999576,0,0.87678,-1.00000,52.607,-2.000,-1,425.000,-1,400.000,-1,325.000,325.000,300.000,300.000,-1,-1,-1,-1,875.000,775.000,-1,-1,2,0,2,0,2,0,0,0,0,2,2,2,2,0,0,2,2
82,-4975.279,3976.106,-256.418,99.942,-0.172384,-0.984965,-0.011286,0.984573,-0.172641,0.028470,-0.029990,-0.006205,0.999531,0,0.87698,-1.00000,52.619,-2.000,-1,425.000,-1,400.000,-1,325.000,325.000,300.000,300.000,-1,-1,-1,-1,875.000,750.000,-1,-1,2,0,2,0,2,0,0,0,0,2,2,2,2,0,0,2,2
83,-4982.551,4028.232,-258.103,97.942,-0.137843,-0.990374,-0.012560,0.989979,-0.138159,0.029233,-0.030687,-0.008405,0.999494,0,0.87718,-1.00000,52.631,-2.000,-1,400.000,-1,400.000,-1,325.000,325.000,300.000,300.000,-1,-1,-1,-1,850.000,750.000,-1,-1,2,0,2,0,2,0,0,0,0,2,2,2,2,0,0,2,2
84,-4988.001,4080.591,-259.812,95.942,-0.103130,-0.994571,-0.013915,0.994176,-0.103509,0.030005,-0.031282,-0.010740,0.999453,0,0.87737,-1.00000,52.642,-2.000,-1,400.000,-1,400.000,-1,325.000,325.000,300.000,300.000,-1,-1,-1,-1,825.000,750.000,-1,-1,2,0,2,0,2,0,0,0,0,2,2,2,2,0,0,2,2
85,-4991.621,4133.119,-261.514,93.942,-0.068291,-0.997549,-0.015245,0.997162,-0.068734,0.030731,-0.031703,-0.013103,0.999411,0,0.87755,-1.00000,52.653,-2.000,-1,400.000,-1,400.000,-1,325.000,325.000,300.000,300.000,-1,-1,-1,-1,825.000,725.000,-1,-1,2,0,2,0,2,0,0,0,0,2,2,2,2,0,0,2,2
86,-4993.406,4185.754,-263.200,91.942,-0.033369,-0.999306,-0.016540,0.998932,-0.033877,0.031413,-0.031951,-0.015474,0.999370,0,0.87774,-1.00000,52.664,-2.000,-1,400.000,-1,400.000,-1,325.000,325.000,300.000,300.000,-1,-1,-1,-1,800.000,725.000,-1,-1,2,0,2,0,2,0,0,0,0,2,2,2,2,0,0,2,2
87,-4993.353,4238.429,-264.860,89.942,0.001590,-0.999840,-0.017794,0.999486,0.001019,0.032050,-0.032027,-0.017836,0.999328,0,0.87793,-1.00000,52.676,-2.000,-1,400.000,-1,375.000,-1,325.000,325.000,300.000,300.000,-1,-1,-1,-1,800.000,725.000,-1,-1,2,0,2,0,2,0,0,0,0,2,2,2,2,0,0,2,2
88,-4991.461,4291.082,-266.486,87.942,0.036543,-0.999151,-0.018997,0.998822,0.035911,0.032641,-0.031931,-0.020168,0.999287,0,0.87812,-1.00000,52.687,-2.000,-1,400.000,-1,375.000,-1,325.000,325.000,300.000,300.000,-1,-1,-1,-1,775.000,725.000,-1,-1,2,0,2,0,2,0,0,0,0,2,2,2,2,0,0,2,2
89,-4987.732,4343.649,-268.068,85.942,0.071447,-0.997241,-0.020143,0.996942,0.070755,0.033184,-0.031668,-0.022453,0.999246,0,0.87831,-1.00000,52.699,-2.000,-1,400.000,-1,375.000,-1,325.000,325.000,300.000,300.000,-1,-1,-1,-1,775.000,725.000,-1,-1,2,0,2,0,2,0,0,0,0,2,2,2,2,0,0,2,2
90,-4982.169,4396.066,-269.599,83.942,0.106257,-0.994112,-0.021223,0.993848,0.105510,0.033677,-0.031240,-0.024671,0.999207,0,0.87851,-1.00000,52.711,-2.000,-1,400.000,-1,375.000,-1,325.000,325.000,300.000,300.000,-1,-1,-1,-1,750.000,725.000,-1,-1,2,0,2,0,2,0,0,0,0,2,2,2,2,0,0,2,2
91,-4974.779,4448.268,-271.068,81.942,0.140930,-0.989770,-0.022229,0.989545,0.140132,0.034116,-0.030652,-0.026805,0.999171,0,0.87872,-1.00000,52.723,-2.000,-1,400.000,-1,375.000,-1,325.000,300.000,300.000,300.000,-1,-1,-1,-1,750.000,725.000,-1,-1,2,0,2,0,2,0,0,0,0,2,2,2,2,0,0,2,2
92,-4966.608,4495.490,-272.347,80.182,0.171296,-0.984949,-0.023079,0.984762,0.170456,0.034469,-0.030016,-0.028632,0.999139,0,0.79872,-0.88000,47.923,-1.760,-1,375.000,-1,375.000,-1,300.000,300.000,300.000,300.000,-1,-1,-1,-1,725.000,725.000,-1,-1,2,0,2,0,2,0,0,0,0,2,2,2,2,0,0,2,2
93,-4958.130,4537.772,-273.472,78.662,0.197389,-0.980034,-0.023891,0.979887,0.196513,0.034698,-0.029311,-0.030259,0.999112,0,0.71872,-0.76000,43.123,-1.520,-1,375.000,-1,375.000,-1,300.000,300.000,325.000,300.000,-1,-1,-1,-1,725.000,725.000,-1,-1,2,0,2,0,2,0,0,0,0,2,2,2,2,0,0,2,2
94,-4949.759,4575.170,-274.383,77.382,0.219233,-0.975365,-0.024485,0.975266,0.218349,0.034345,-0.028153,-0.031409,0.999110,0,0.63872,-0.64000,38.323,-1.280,-1,375.000,-1,375.000,-1,300.000,300.000,325.000,300.000,-1,-1,-1,-1,725.000,725.000,-1,-1,2,0,2,0,2,0,0,0,0,2,2,2,2,0,0,2,2
95,-4941.843,4607.745,-275.123,76.342,0.236894,-0.971216,-0.024911,0.971159,0.236010,0.033913,-0.027058,-0.032226,0.999114,0,0.55872,-0.52000,33.523,-1.040,-1,375.000,-1,375.000,-1,300.000,300.000,325.000,300.000,-1,-1,-1,-1,725.000,725.000,-1,-1,2,0,2,0,2,0,0,0,0,2,2,2,2,0,0,2,2
96,-4934.159,4637.546,-275.789,75.542,0.250423,-0.967806,-0.025286,0.967785,0.249542,0.033494,-0.026106,-0.032859,0.999119,0,0.51292,-0.40000,30.775,-0.800,-1,375.000,-1,375.000,-1,300.000,300.000,325.000,300.000,-1,-1,-1,-1,725.000,725.000,-1,-1,2,0,2,0,2,0,0,0,0,2,2,2,2,0,0,2,2
97,-4926.175,4667.305,-276.500,74.982,0.259852,-0.965312,-0.025500,0.965322,0.258987,0.032866,-0.025121,-0.033156,0.999134,0,0.51353,-0.28000,30.812,-0.560,-1,375.000,-1,375.000,-1,300.000,300.000,325.000,300.000,-1,-1,-1,-1,725.000,725.000,-1,-1,2,0,2,0,2,0,0,0,0,2,2,2,2,0,0,2,2
98,-4918.017,4697.047,-277.168,74.662,0.265223,-0.963840,-0.025866,0.963884,0.264371,0.032187,-0.024185,-0.033468,0.999147,0,0.51401,-0.16000,30.841,-0.320,-1,375.000,-1,375.000,-1,300.000,300.000,325.000,300.000,-1,-1,-1,-1,725.000,725.000,-1,-1,2,0,2,0,2,0,0,0,0,2,2,2,2,0,0,2,2
99,-4909.812,4726.798,-277.829,74.582,0.266553,-0.963463,-0.026232,0.963536,0.265715,0.031527,-0.023405,-0.033679,0.999159,0,0.51435,-0.04000,30.861,-0.080,-1,375.000,-1,375.000,-1,300.000,300.000,325.000,300.000,-1,-1,-1,-1,725.000,750.000,-1,-1,2,0,2,0,2,0,0,0,0,2,2,2,2,0,0,2,2
100,-4901.688,4756.581,-278.491,74.742,0.263848,-0.964198,-0.026586,0.964295,0.263022,0.030896,-0.022797,-0.033788,0.999169,0,0.51453,0.08000,30.872,0.160,-1,375.000,-1,375.000,-1,300.000,325.000,325.000,300.000,-1,-1,-1,-1,725.000,750.000,-1,-1,2,0,2,0,2,0,0,0,0,2,2,2,2,0,0,2,2
101,-4893.772,4786.420,-279.158,75.142,0.257098,-0.966010,-0.026925,0.966127,0.256284,0.030297,-0.022366,-0.033802,0.999178,0,0.51452,0.20000,30.871,0.400,-1,375.000,-1,375.000,-1,300.000,325.000,325.000,300.000,-1,-1,-1,-1,725.000,750.000,-1,-1,2,0,2,0,2,0,0,0,0,2,2,2,2,0,0,2,2
102,-4886.192,4816.331,-279.834,75.782,0.246282,-0.968815,-0.027251,0.968946,0.245479,0.029734,-0.022117,-0.033728,0.999186,0,0.51428,0.32000,30.857,0.640,-1,375.000,-1,375.000,-1,300.000,325.000,325.000,300.000,-1,-1,-1,-1,725.000,750.000,-1,-1,2,0,2,0,2,0,0,0,0,2,2,2,2,0,0,2,2
103,-4879.080,4846.329,-280.524,76.662,0.231366,-0.972476,-0.027568,0.972617,0.230572,0.029213,-0.022052,-0.033572,0.999193,0,0.51382,0.44000,30.829,0.880,-1,375.000,-1,375.000,-1,300.000,325.000,325.000,300.000,-1,-1,-1,-1,725.000,750.000,-1,-1,2,0,2,0,2,0,0,0,0,2,2,2,2,0,0,2,2
104,-4872.456,4876.393,-281.225,77.574,0.215847,-0.976029,-0.027869,0.976179,0.215060,0.028712,-0.022030,-0.033402,0.999199,0,0.51310,0.45615,30.786,0.912,-1,375.000,-1,400.000,-1,300.000,325.000,325.000,300.000,-1,-1,-1,-1,725.000,750.000,-1,-1,2,0,2,0,2,0,0,0,0,2,2,2,2,0,0,2,2
105,-4866.274,4907.182,-281.957,78.649,0.197499,-0.979898,-0.028170,0.980053,0.196719,0.028234,-0.022125,-0.033184,0.999204,0,0.52339,0.53730,31.404,1.075,-1,375.000,-1,400.000,-1,300.000,325.000,325.000,300.000,-1,-1,-1,-1,725.000,750.000,-1,-1,2,0,2,0,2,0,0,0,0,2,2,2,2,0,0,2,2
106,-4860.659,4938.164,-282.705,79.727,0.179011,-0.983435,-0.028464,0.983596,0.178237,0.027773,-0.022240,-0.032968,0.999209,0,0.52477,0.53938,31.486,1.079,-1,375.000,-1,400.000,-1,300.000,325.000,325.000,300.000,-1,-1,-1,-1,725.000,750.000,-1,-1,2,0,2,0,2,0,0,0,0,2,2,2,2,0,0,2,2
107,-4855.617,4969.329,-283.471,80.810,0.160389,-0.986635,-0.028753,0.986800,0.159619,0.027328,-0.022373,-0.032757,0.999213,0,0.52618,0.54147,31.571,1.083,-1,375.000,-1,400.000,-1,300.000,325.000,325.000,300.000,-1,-1,-1,-1,750.000,750.000,-1,-1,2,0,2,0,2,0,0,0,0,2,2,2,2,0,0,2,2
108,-4851.155,5000.670,-284.254,81.897,0.141637,-0.989492,-0.029042,0.989662,0.140872,0.026899,-0.022525,-0.032552,0.999216,0,0.52761,0.54356,31.657,1.087,-1,375.000,-1,400.000,-1,300.000,325.000,325.000,300.000,-1,-1,-1,-1,750.000,750.000,-1,-1,2,0,2,0,2,0,0,0,0,2,2,2,2,0,0,2,2
109,-4847.280,5032.177,-285.056,82.989,0.122763,-0.992002,-0.029333,0.992176,0.122002,0.026485,-0.022694,-0.032355,0.999219,0,0.52908,0.54565,31.745,1.091,-1,375.000,-1,400.000,-1,300.000,325.000,325.000,300.000,-1,-1,-1,-1,750.000,750.000,-1,-1,2,0,2,0,2,0,0,0,0,2,2,2,2,0,0,2,2
110,-4843.999,5063.841,-285.875,84.084,0.103773,-0.994160,-0.029630,0.994338,0.103014,0.026083,-0.022879,-0.032169,0.999221,0,0.53057,0.54775,31.834,1.095,-1,375.000,-1,400.000,-1,300.000,325.000,325.000,300.000,-1,-1,-1,-1,750.000,750.000,-1,-1,2,0,2,0,2,0,0,0,0,2,2,2,2,0,0,2,2
111,-4841.319,5095.654,-286.713,85.184,0.084673,-0.995959,-0.029934,0.996142,0.083916,0.025694,-0.023078,-0.031994,0.999222,0,0.53209,0.54985,31.926,1.100,-1,375.000,-1,400.000,-1,300.000,325.000,325.000,300.000,-1,-1,-1,-1,750.000,750.000,-1,-1,2,0,2,0,2,0,0,0,0,2,2,2,2,0,0,2,2
112,-4839.246,5127.606,-287.571,86.288,0.065468,-0.997396,-0.030251,0.997583,0.064713,0.025314,-0.023290,-0.031835,0.999222,0,0.53364,0.55195,32.019,1.104,-1,375.000,-1,400.000,-1,300.000,325.000,325.000,300.000,-1,-1,-1,-1,775.000,750.000,-1,-1,2,0,2,0,2,0,0,0,0,2,2,2,2,0,0,2,2
113,-4837.787,5159.686,-288.447,87.396,0.046168,-0.998465,-0.030582,0.998657,0.045413,0.024941,-0.023514,-0.031692,0.999221,0,0.53522,0.55405,32.113,1.108,-1,375.000,-1,400.000,-1,300.000,325.000,325.000,300.000,-1,-1,-1,-1,775.000,750.000,-1,-1,2,0,2,0,2,0,0,0,0,2,2,2,2,0,0,2,2
114,-4836.948,5191.884,-289.343,88.508,0.026777,-0.999163,-0.030930,0.999359,0.026021,0.024574,-0.023749,-0.031568,0.999219,0,0.53683,0.55616,32.210,1.112,-1,400.000,-1,400.000,-1,300.000,325.000,325.000,300.000,-1,-1,-1,-1,775.000,750.000,-1,-1,2,0,2,0,2,0,0,0,0,2,2,2,2,1,0,2,2
115,-4836.736,5224.191,-290.260,89.625,0.007303,-0.999483,-0.031298,0.999685,0.006546,0.024209,-0.023992,-0.031464,0.999217,0,0.53846,0.55828,32.308,1.117,-1,400.000,-1,400.000,-1,300.000,325.000,325.000,300.000,-1,-1,-1,-1,775.000,750.000,-1,-1,2,0,2,0,2,0,0,0,0,2,2,2,2,1,0,2,2
116,-4837.158,5256.595,-291.124,90.746,-0.012241,-0.999425,-0.031633,0.999626,-0.013005,0.024051,-0.024449,-0.031327,0.999210,0,0.54012,0.56040,32.407,1.121,-1,400.000,-1,400.000,-1,300.000,325.000,325.000,300.000,-1,-1,-1,-1,750.000,750.000,975.000,-1,2,0,2,0,2,0,0,0,0,2,2,2,2,1,0,1,2
117,-4838.219,5289.086,-291.942,91.871,-0.031848,-0.998980,-0.031998,0.999177,-0.032626,0.024087,-0.025107,-0.031204,0.999198,0,0.54180,0.56252,32.508,1.125,1000.000,400.000,-1,375.000,-1,300.000,325.000,325.000,325.000,-1,-1,-1,-1,750.000,750.000,950.000,-1,1,0,2,0,2,0,0,0,0,2,2,2,2,1,0,1,2
118,-4839.926,5321.652,-292.785,93.000,-0.051516,-0.998147,-0.032386,0.998340,-0.052308,0.024121,-0.025770,-0.031090,0.999184,0,0.54351,0.56465,32.611,1.129,975.000,400.000,-1,375.000,-1,300.000,325.000,325.000,325.000,-1,-1,-1,-1,725.000,725.000,925.000,-1,1,0,2,0,2,0,0,0,0,2,2,2,2,1,0,1,2
119,-4842.463,5358.976,-293.771,93.889,-0.066987,-0.997214,-0.032808,0.997407,-0.067794,0.024150,-0.026307,-0.031105,0.999170,0,0.62351,0.44465,37.411,0.889,925.000,400.000,-1,375.000,-1,300.000,300.000,325.000,325.000,-1,-1,-1,-1,700.000,725.000,900.000,-1,1,0,2,0,2,0,0,0,0,2,2,2,2,1,0,1,2
120,-4845.803,5401.054,-294.901,94.538,-0.078267,-0.996377,-0.033272,0.996574,-0.079090,0.024179,-0.026723,-0.031266,0.999154,0,0.70351,0.32465,42.211,0.649,900.000,400.000,-1,375.000,-1,300.000,300.000,325.000,325.000,-1,-1,-1,-1,675.000,725.000,850.000,-1,1,0,2,0,2,0,0,0,0,2,2,2,2,1,0,1,2
121,-4849.858,5447.890,-296.172,94.948,-0.085366,-0.995777,-0.033784,0.995983,-0.086205,0.024210,-0.027020,-0.031581,0.999136,0,0.78351,0.20465,47.011,0.409,850.000,400.000,-1,375.000,-1,325.000,300.000,325.000,325.000,-1,-1,-1,-1,650.000,700.000,800.000,-1,1,0,2,0,2,0,0,0,0,2,2,2,2,1,0,1,2
122,-4854.479,5499.494,-297.581,95.117,-0.088290,-0.995503,-0.034346,0.995723,-0.089146,0.024244,-0.027196,-0.032059,0.999116,0,0.86351,0.08465,51.811,0.169,800.000,400.000,-1,375.000,-1,325.000,300.000,325.000,325.000,-1,-1,-1,-1,625.000,700.000,750.000,-1,1,0,2,0,2,0,0,0,0,2,2,2,2,1,0,1,2
123,-4859.179,5552.708,-299.036,95.046,-0.087043,-0.995592,-0.034925,0.995832,-0.087916,0.024279,-0.027242,-0.032666,0.999095,0,0.89035,-0.03535,53.421,-0.071,750.000,400.000,-1,375.000,-1,325.000,300.000,325.000,325.000,-1,-1,-1,-1,600.000,700.000,700.000,-1,1,0,2,0,2,0,0,0,0,2,2,2,2,1,0,1,2
124,-4863.772,5608.146,-300.544,94.736,-0.081625,-0.996030,-0.035518,0.996293,-0.082514,0.024315,-0.027150,-0.033402,0.999073,0,0.92713,-0.15535,55.628,-0.311,700.000,400.000,-1,375.000,-1,325.000,300.000,325.000,325.000,-1,-1,-1,-1,575.000,700.000,650.000,-1,1,1,2,0,2,0,0,0,0,2,2,2,2,1,0,1,2
125,-4867.855,5663.945,-302.045,94.185,-0.072032,-0.996749,-0.036093,0.997039,-0.072935,0.024350,-0.026903,-0.034232,0.999052,0,0.93247,-0.27535,55.948,-0.551,625.000,375.000,-1,375.000,-1,300.000,300.000,325.000,325.000,-1,-1,-1,-1,550.000,675.000,600.000,-1,1,1,2,0,2,1,0,0,0,2,2,2,2,1,0,1,2
126,-4871.186,5720.088,-303.528,93.394,-0.058257,-0.997629,-0.036633,0.997950,-0.059171,0.024378,-0.026488,-0.035137,0.999031,0,0.93736,-0.39535,56.242,-0.791,550.000,350.000,-1,375.000,-1,300.000,300.000,325.000,325.000,-1,-1,-1,-1,525.000,675.000,525.000,-1,1,1,2,0,2,1,0,0,0,2,2,2,2,1,0,1,2
127,-4873.516,5776.541,-304.980,92.364,-0.040294,-0.998498,-0.037118,0.998852,-0.041215,0.024394,-0.025888,-0.036092,0.999013,0,0.94168,-0.51535,56.501,-1.031,500.000,350.000,-1,375.000,-1,300.000,300.000,325.000,325.000,-1,-1,-1,-1,500.000,675.000,475.000,-1,1,1,2,0,2,1,0,0,0,2,2,2,2,1,0,1,2
128,-4874.618,5833.244,-306.388,91.113,-0.018486,-0.999125,-0.037528,0.999514,-0.019409,0.024391,-0.025098,-0.037059,0.998998,0,0.94523,-0.62537,56.714,-1.251,425.000,325.000,-1,375.000,-1,300.000,300.000,325.000,325.000,-1,-1,-1,-1,475.000,650.000,425.000,-1,1,1,2,0,2,1,0,0,0,2,2,2,2,1,0,1,2
129,-4874.499,5890.116,-307.750,89.880,0.003016,-0.999278,-0.037871,0.999701,0.002093,0.024365,-0.024268,-0.037933,0.998986,0,0.94786,-0.61647,56.871,-1.233,375.000,325.000,-1,350.000,-1,275.000,300.000,325.000,325.000,-1,-1,-1,-1,450.000,650.000,375.000,-1,1,1,2,0,2,1,0,0,0,2,2,2,2,1,0,1,2
130,-4873.170,5947.079,-307.096,88.666,0.023829,-0.999190,-0.032428,0.999572,0.023262,0.017768,-0.016999,-0.032837,0.999316,0,0.94964,-0.60680,56.979,-1.214,325.000,325.000,-1,375.000,-1,300.000,300.000,350.000,325.000,-1,975.000,-1,-1,475.000,675.000,350.000,-1,1,1,2,0,2,1,0,0,0,2,0,2,2,1,0,1,2
131,-4870.653,6004.052,-305.846,87.474,0.044285,-0.998679,-0.026046,0.998987,0.044062,0.009096,-0.007937,-0.026423,0.999619,0,0.95048,-0.59632,57.029,-1.193,325.000,325.000,-1,375.000,-1,325.000,325.000,375.000,325.000,-1,625.000,525.000,-1,500.000,700.000,350.000,-1,1,1,2,0,2,0,0,0,0,2,0,0,2,1,0,1,2
132,-4866.975,6060.948,-304.743,86.304,0.064457,-0.997705,-0.020739,0.997920,0.064454,0.000835,0.000504,-0.020750,0.999785,0,0.95026,-0.58502,57.015,-1.170,300.000,350.000,-1,400.000,-1,325.000,325.000,400.000,300.000,-1,400.000,275.000,-1,525.000,725.000,350.000,-1,1,1,2,0,2,0,0,0,0,2,0,0,2,1,0,1,2
133,-4862.168,6117.676,-303.814,85.158,0.084276,-0.996305,-0.016573,0.996409,0.084399,-0.006842,0.008215,-0.015937,0.999839,0,0.94885,-0.57289,56.931,-1.146,300.000,375.000,-1,400.000,-1,350.000,350.000,400.000,300.000,-1,300.000,200.000,-1,600.000,750.000,350.000,-1,1,1,2,0,2,0,0,0,0,2,0,0,2,1,0,1,2
134,-4856.271,6174.139,-303.085,84.038,0.103675,-0.994518,-0.013594,0.994497,0.103861,-0.013765,0.015101,-0.012092,0.999813,0,0.94616,-0.55995,56.769,-1.120,300.000,375.000,-1,425.000,-1,350.000,350.000,375.000,300.000,-1,250.000,150.000,-1,675.000,750.000,375.000,-1,1,1,2,0,2,0,0,1,0,2,0,0,2,1,0,1,2
135,-4849.329,6230.236,-302.575,82.946,0.122591,-0.992387,-0.011828,0.992233,0.122807,-0.019775,0.021077,-0.009312,0.999734,0,0.94208,-0.54624,56.525,-1.092,275.000,400.000,-1,425.000,-1,375.000,350.000,325.000,300.000,-1,225.000,125.000,-1,775.000,775.000,375.000,-1,1,1,2,0,2,0,0,1,0,2,0,0,2,1,0,1,2
