timestep,x_cm,y_cm,z_cm,yaw_deg,basis_xx,basis_xy,basis_xz,basis_yx,basis_yy,basis_yz,basis_zx,basis_zy,basis_zz,teleport_flag,throttle_cmd,steering_cmd,cmd_move_cm,cmd_turn_deg,lidar_cm_0,lidar_cm_1,lidar_cm_2,lidar_cm_3,lidar_cm_4,lidar_cm_5,lidar_cm_6,lidar_cm_7,lidar_cm_8,lidar_cm_9,lidar_cm_10,lidar_cm_11,lidar_cm_12,lidar_cm_13,lidar_cm_14,lidar_cm_15,lidar_cm_16,lidar_class_0,lidar_class_1,lidar_class_2,lidar_class_3,lidar_class_4,lidar_class_5,lidar_class_6,lidar_class_7,lidar_class_8,lidar_class_9,lidar_class_10,lidar_class_11,lidar_class_12,lidar_class_13,lidar_class_14,lidar_class_15,lidar_class_16
0,6233.147,5570.968,151.997,-68.134,0.373272,0.927610,-0.014397,-0.926907,0.372249,-0.047683,-0.038872,0.031144,0.998759,1,0.08000,0.04894,4.800,0.098,-1,400.000,-1,400.000,-1,325.000,325.000,300.000,300.000,-1,550.000,550.000,-1,800.000,725.000,-1,-1,2,0,2,0,2,0,0,0,0,2,1,1,2,0,0,2,2
1,6236.738,5562.065,151.631,-68.033,0.374916,0.926951,-0.014144,-0.926240,0.373901,-0.047722,-0.038948,0.030993,0.998760,0,0.16000,0.05097,9.600,0.102,-1,400.000,-1,400.000,-1,325.000,325.000,300.000,300.000,-1,575.000,550.000,-1,800.000,725.000,-1,-1,2,0,2,0,2,0,0,0,0,2,1,1,2,0,0,2,2
2,6242.151,5548.721,151.082,-67.922,0.376687,0.926238,-0.013765,-0.925516,0.375683,-0.047779,-0.039083,0.030738,0.998763,0,0.24000,0.05503,14.400,0.110,-1,400.000,-1,400.000,-1,325.000,325.000,300.000,300.000,-1,575.000,575.000,-1,775.000,700.000,-1,-1,2,0,2,0,2,0,0,0,0,2,1,1,2,0,0,2,2
3,6249.405,5530.944,150.347,-67.800,0.378651,0.925445,-0.013264,-0.924706,0.377663,-0.047853,-0.039276,0.030384,0.998766,0,0.32000,0.06112,19.200,0.122,-1,400.000,-1,375.000,-1,325.000,325.000,300.000,300.000,-1,600.000,600.000,-1,775.000,700.000,-1,-1,2,0,2,0,2,0,0,0,0,2,1,1,2,0,0,2,2
4,6258.527,5508.745,149.426,-67.662,0.380871,0.924542,-0.012641,-0.923783,0.379903,-0.047943,-0.039523,0.029938,0.998770,0,0.40000,0.06924,24.000,0.138,-1,400.000,-1,375.000,-1,325.000,325.000,300.000,300.000,-1,625.000,625.000,-1,775.000,700.000,-1,-1,2,0,2,0,2,0,0,0,0,2,1,1,2,0,0,2,2
5,6269.546,5482.137,148.316,-67.503,0.383414,0.923500,-0.011901,-0.922718,0.382470,-0.048049,-0.039822,0.029404,0.998774,0,0.48000,0.07940,28.800,0.159,-1,400.000,-1,375.000,-1,325.000,325.000,300.000,300.000,-1,675.000,650.000,-1,775.000,700.000,-1,-1,2,0,2,0,2,0,0,0,0,2,1,1,2,0,0,2,2
6,6281.763,5452.902,147.090,-67.320,0.386345,0.922288,-0.011096,-0.921480,0.385427,-0.048164,-0.040144,0.028832,0.998778,0,0.52808,0.09159,31.685,0.183,-1,400.000,-1,375.000,-1,325.000,325.000,300.000,300.000,-1,700.000,700.000,-1,775.000,700.000,-1,-1,2,0,2,0,2,0,0,0,0,2,1,1,2,0,0,2,2
7,6294.310,5423.187,145.837,-67.110,0.389702,0.920883,-0.010286,-0.920052,0.388811,-0.048277,-0.040458,0.028278,0.998781,0,0.53759,0.10500,32.255,0.210,-1,400.000,-1,375.000,-1,325.000,325.000,300.000,300.000,-1,725.000,725.000,-1,775.000,700.000,-1,-1,2,0,2,0,2,0,0,0,0,2,1,1,2,0,0,2,2
8,6307.207,5392.989,144.557,-66.872,0.393493,0.919279,-0.009472,-0.918423,0.392628,-0.048388,-0.040763,0.027740,0.998784,0,0.54728,0.11866,32.837,0.237,-1,400.000,-1,375.000,-1,325.000,325.000,300.000,300.000,-1,775.000,775.000,-1,750.000,700.000,-1,-1,2,0,2,0,2,0,0,0,0,2,1,1,2,0,0,2,2
9,6320.480,5362.307,143.229,-66.607,0.397724,0.917463,-0.008745,-0.916588,0.396883,-0.048473,-0.041001,0.027295,0.998786,0,0.55716,0.13258,33.429,0.265,-1,400.000,-1,375.000,-1,325.000,325.000,300.000,300.000,-1,800.000,800.000,-1,750.000,700.000,-1,-1,2,0,2,0,2,0,0,0,0,2,1,1,2,0,0,2,2
10,6334.152,5331.141,141.818,-66.314,0.402408,0.915424,-0.008178,-0.914529,0.401580,-0.048679,-0.041277,0.027068,0.998781,0,0.56722,0.14674,34.033,0.293,-1,400.000,-1,375.000,-1,325.000,325.000,300.000,300.000,-1,850.000,850.000,-1,750.000,700.000,-1,-1,2,0,2,0,2,0,0,0,0,2,1,1,2,0,0,2,2
11,6348.249,5299.490,140.455,-65.991,0.407528,0.913162,-0.007441,-0.912257,0.406729,-0.048561,-0.041318,0.026578,0.998792,0,0.57748,0.16117,34.649,0.322,-1,400.000,-1,375.000,-1,325.000,300.000,300.000,300.000,-1,875.000,875.000,-1,750.000,675.000,-1,-1,2,0,2,0,2,0,0,0,0,2,1,1,2,0,0,2,2
12,6362.799,5267.354,139.164,-65.640,0.413087,0.910668,-0.006483,-0.909766,0.412336,-0.048011,-0.041049,0.025731,0.998826,0,0.58793,0.17586,35.276,0.352,-1,400.000,-1,375.000,-1,325.000,300.000,300.000,300.000,-1,900.000,925.000,-1,750.000,675.000,-1,-1,2,0,2,0,2,0,0,0,0,2,1,1,2,0,0,2,2
13,6377.831,5234.736,137.849,-65.258,0.419105,0.907921,-0.005520,-0.907023,0.418402,-0.047431,-0.040754,0.024885,0.998859,0,0.59859,0.19082,35.915,0.382,-1,400.000,-1,375.000,-1,325.000,300.000,300.000,325.000,-1,950.000,950.000,-1,750.000,675.000,-1,-1,2,0,2,0,2,0,0,0,0,2,1,1,2,0,0,2,2
14,6393.373,5201.637,136.509,-64.846,0.425585,0.904907,-0.004552,-0.904015,0.424930,-0.046818,-0.040432,0.024041,0.998893,0,0.60945,0.20605,36.567,0.412,-1,375.000,-1,375.000,-1,325.000,300.000,300.000,325.000,-1,975.000,1000.000,-1,750.000,675.000,-1,-1,2,0,2,0,2,0,0,0,0,2,1,1,2,0,0,2,2
15,6409.458,5168.060,135.144,-64.403,0.432532,0.901612,-0.003580,-0.900728,0.431924,-0.046166,-0.040078,0.023192,0.998927,0,0.62051,0.22157,37.231,0.443,-1,375.000,-1,375.000,-1,325.000,300.000,300.000,325.000,-1,-1,-1,-1,750.000,675.000,-1,-1,2,0,2,0,2,0,0,0,0,2,2,2,2,0,0,2,2
16,6426.118,5134.011,133.737,-63.928,0.439946,0.898021,-0.002567,-0.897149,0.439389,-0.045395,-0.039638,0.022274,0.998966,0,0.63179,0.23736,37.907,0.475,-1,375.000,-1,375.000,-1,300.000,300.000,300.000,325.000,-1,-1,-1,-1,750.000,675.000,-1,-1,2,0,2,0,2,0,0,0,0,2,2,2,2,0,0,2,2
17,6445.365,5095.886,132.157,-63.213,0.451070,0.892487,-0.001475,-0.891634,0.450565,-0.044496,-0.039047,0.021386,0.999008,0,0.71179,0.35736,42.707,0.715,-1,375.000,-1,375.000,-1,300.000,300.000,300.000,325.000,-1,-1,-1,-1,750.000,675.000,-1,-1,2,0,2,0,2,0,0,0,0,2,2,2,2,0,0,2,2
18,6467.426,5053.812,130.591,-62.331,0.464748,0.885442,-0.001257,-0.884639,0.464264,-0.043276,-0.037735,0.021225,0.999062,0,0.79179,0.44141,47.507,0.883,-1,375.000,-1,375.000,-1,300.000,300.000,300.000,325.000,-1,-1,-1,-1,750.000,675.000,-1,-1,2,0,2,0,2,0,0,0,0,2,2,2,2,0,0,2,2
19,6492.407,5007.856,128.938,-61.472,0.477952,0.878385,-0.001371,-0.877643,0.477483,-0.041873,-0.036126,0.021217,0.999122,0,0.87179,0.42938,52.307,0.859,-1,375.000,-1,375.000,-1,325.000,300.000,300.000,300.000,-1,-1,-1,-1,750.000,675.000,-1,-1,2,0,2,0,2,0,0,0,0,2,2,2,2,0,0,2,2
20,6519.381,4959.908,127.138,-60.640,0.490637,0.871363,-0.001178,-0.870674,0.490194,-0.040458,-0.034676,0.020877,0.999181,0,0.91690,0.41609,55.014,0.832,-1,400.000,-1,375.000,-1,325.000,300.000,300.000,300.000,-1,-1,-1,-1,725.000,700.000,975.000,-1,2,0,2,0,2,0,0,0,0,2,2,2,2,1,0,1,2
21,6547.525,4911.482,125.303,-59.836,0.502794,0.864406,-0.000994,-0.863768,0.502378,-0.039014,-0.033224,0.020475,0.999238,0,0.93351,0.40204,56.011,0.804,-1,400.000,950.000,375.000,-1,325.000,300.000,300.000,300.000,-1,-1,-1,-1,700.000,700.000,950.000,-1,2,0,1,0,2,0,0,0,0,2,2,2,2,1,0,1,2
22,6576.834,4862.590,123.440,-59.059,0.514438,0.857527,-0.000854,-0.856940,0.514048,-0.037532,-0.031746,0.020040,0.999295,0,0.95007,0.38815,57.004,0.776,-1,400.000,900.000,375.000,-1,325.000,300.000,300.000,300.000,-1,-1,-1,-1,675.000,700.000,900.000,-1,2,0,1,0,2,0,0,0,0,2,2,2,2,1,0,1,2
23,6607.039,4813.718,121.564,-58.283,0.525993,0.850488,-0.000763,-0.849951,0.525628,-0.036028,-0.030241,0.019599,0.999350,0,0.95755,0.38832,57.453,0.777,-1,400.000,825.000,375.000,-1,325.000,300.000,325.000,300.000,-1,-1,-1,-1,625.000,700.000,850.000,-1,2,0,1,0,2,0,0,0,0,2,2,2,2,1,0,1,2
24,6638.146,4764.877,119.669,-57.506,0.537454,0.843292,-0.000749,-0.842805,0.537113,-0.034500,-0.028691,0.019174,0.999404,0,0.96509,0.38833,57.906,0.777,-1,400.000,775.000,375.000,-1,325.000,300.000,325.000,300.000,-1,-1,-1,-1,600.000,675.000,800.000,-1,2,0,1,0,2,0,1,0,0,2,2,2,2,1,1,1,2
25,6670.163,4716.081,118.002,-56.730,0.548794,0.835958,0.000338,-0.835495,0.548503,-0.033055,-0.027818,0.017858,0.999453,0,0.97272,0.38819,58.363,0.776,-1,400.000,700.000,375.000,-1,325.000,300.000,325.000,300.000,-1,-1,-1,-1,550.000,625.000,725.000,-1,2,1,1,0,2,1,1,0,0,2,2,2,2,1,1,1,2
26,6703.097,4667.339,116.336,-55.954,0.560025,0.828474,0.001427,-0.828038,0.559784,-0.031539,-0.026929,0.016481,0.999501,0,0.98041,0.38787,58.825,0.776,1000.000,375.000,650.000,375.000,-1,300.000,300.000,325.000,300.000,-1,-1,-1,-1,500.000,575.000,675.000,975.000,1,1,1,1,2,1,1,0,0,2,2,2,2,1,1,1,1
27,6736.953,4618.665,114.764,-55.179,0.571135,0.820852,0.002644,-0.820453,0.570952,-0.029529,-0.025748,0.014696,0.999560,0,0.98818,0.38738,59.291,0.775,925.000,350.000,600.000,350.000,-1,275.000,275.000,325.000,300.000,-1,-1,-1,-1,475.000,500.000,625.000,825.000,1,1,1,1,2,1,1,0,0,2,2,2,2,1,1,1,1
28,6771.736,4570.070,113.201,-54.406,0.582123,0.813092,0.003857,-0.812731,0.581994,-0.027411,-0.024532,0.012822,0.999617,0,0.99602,0.38670,59.761,0.773,850.000,325.000,525.000,325.000,-1,275.000,250.000,300.000,300.000,-1,750.000,-1,-1,425.000,450.000,575.000,700.000,1,1,1,1,2,1,1,0,0,2,0,2,2,1,1,1,1
29,6807.312,4521.755,111.653,-53.634,0.592983,0.805199,0.005059,-0.804878,0.592905,-0.025191,-0.023284,0.010866,0.999670,0,1.00000,0.38581,60.000,0.772,750.000,300.000,475.000,300.000,-1,250.000,250.000,300.000,300.000,-1,725.000,-1,-1,375.000,400.000,500.000,575.000,1,1,1,1,2,1,1,0,0,2,0,2,2,1,1,1,1
30,6843.534,4473.922,110.310,-52.865,0.603718,0.797175,0.006012,-0.796878,0.603672,-0.023791,-0.022595,0.009573,0.999699,0,1.00000,0.38470,60.000,0.769,675.000,250.000,400.000,250.000,-1,225.000,225.000,300.000,300.000,-1,750.000,-1,-1,325.000,350.000,450.000,475.000,1,1,1,1,2,1,1,0,0,2,0,2,2,1,1,1,1
31,6880.393,4426.578,109.096,-52.098,0.614313,0.789033,0.006838,-0.788749,0.614290,-0.022845,-0.022225,0.008641,0.999716,0,1.00000,0.38334,60.000,0.767,575.000,225.000,350.000,225.000,925.000,200.000,200.000,300.000,300.000,-1,825.000,-1,-1,300.000,300.000,375.000,375.000,1,1,1,1,1,1,1,0,0,2,0,2,2,1,1,1,1
32,6917.879,4379.730,110.495,-51.335,0.624686,0.780805,0.010542,-0.780755,0.624770,-0.009159,-0.013737,-0.002509,0.999902,0,1.00000,0.38172,60.000,0.763,500.000,200.000,300.000,200.000,725.000,175.000,175.000,300.000,350.000,-1,575.000,750.000,-1,250.000,250.000,325.000,325.000,1,1,1,1,1,1,1,0,0,2,0,0,2,1,1,1,1
33,6955.984,4333.384,113.904,-50.575,0.635078,0.772389,0.009548,-0.772447,0.635013,0.009191,0.001036,-0.013213,0.999912,0,1.00000,0.37979,60.000,0.760,450.000,175.000,275.000,175.000,625.000,150.000,150.000,300.000,375.000,-1,375.000,525.000,-1,225.000,225.000,275.000,300.000,1,1,1,1,1,1,1,0,0,2,0,0,2,1,1,1,1
34,6994.695,4287.541,121.881,-49.820,0.645188,0.763958,-0.009985,-0.763415,0.645141,0.031485,0.030495,-0.012691,0.999454,0,1.00000,0.37754,60.000,0.755,450.000,175.000,275.000,175.000,625.000,150.000,150.000,325.000,400.000,900.000,150.000,225.000,-1,225.000,225.000,300.000,275.000,1,1,1,1,1,1,1,0,0,0,0,0,2,1,1,1,1
35,-3607.635,8855.084,-83.073,94.922,-0.085735,-0.995702,-0.035034,0.996316,-0.085744,-0.001234,-0.001776,-0.035011,0.999385,1,0.00000,0.00000,60.000,0.750,-1,400.000,-1,400.000,-1,325.000,325.000,300.000,300.000,-1,-1,-1,-1,875.000,800.000,-1,-1,2,0,2,0,2,0,0,0,0,2,2,2,2,0,0,2,2
36,-3607.243,8850.300,-83.067,94.682,-0.081569,-0.996056,-0.034921,0.996667,-0.081573,-0.001312,-0.001542,-0.034912,0.999389,0,-0.08000,-0.12000,-4.800,-0.240,-1,400.000,-1,400.000,-1,325.000,325.000,300.000,300.000,-1,-1,-1,-1,875.000,800.000,-1,-1,2,0,2,0,2,0,0,0,0,2,2,2,2,0,0,2,2
37,-3606.540,8840.726,-83.057,94.202,-0.073233,-0.996711,-0.034699,0.997314,-0.073226,-0.001468,-0.001077,-0.034713,0.999397,0,-0.16000,-0.24000,-9.600,-0.480,-1,400.000,-1,400.000,-1,325.000,325.000,300.000,300.000,-1,-1,-1,-1,850.000,800.000,-1,-1,2,0,2,0,2,0,0,0,0,2,2,2,2,0,0,2,2
38,-3605.665,8826.353,-83.047,93.482,-0.060719,-0.997563,-0.034377,0.998155,-0.060696,-0.001705,-0.000386,-0.034418,0.999407,0,-0.24000,-0.36000,-14.400,-0.720,-1,400.000,-1,400.000,-1,325.000,325.000,300.000,300.000,-1,-1,-1,-1,850.000,800.000,-1,-1,2,0,2,0,2,0,0,0,0,2,2,2,2,0,0,2,2
39,-3604.820,8807.171,-83.044,92.522,-0.044018,-0.998453,-0.033969,0.999031,-0.043975,-0.002023,0.000526,-0.034025,0.999421,0,-0.32000,-0.48000,-19.200,-0.960,-1,400.000,-1,400.000,-1,325.000,325.000,300.000,300.000,-1,-1,-1,-1,850.000,800.000,-1,-1,2,0,2,0,2,0,0,0,0,2,2,2,2,0,0,2,2
40,-3604.266,8783.178,-83.054,91.322,-0.023124,-0.999172,-0.033490,0.999731,-0.023056,-0.002423,0.001649,-0.033537,0.999436,0,-0.40000,-0.60000,-24.000,-1.200,-1,400.000,-1,400.000,-1,325.000,325.000,300.000,300.000,-1,-1,-1,-1,850.000,800.000,-1,-1,2,0,2,0,2,0,0,0,0,2,2,2,2,0,0,2,2
41,-3604.324,8754.699,-83.085,89.882,0.001964,-0.999455,-0.032965,0.999994,0.002061,-0.002899,0.002965,-0.032959,0.999452,0,-0.47466,-0.72000,-28.480,-1.440,-1,400.000,-1,400.000,-1,325.000,325.000,300.000,300.000,-1,-1,-1,-1,850.000,800.000,-1,-1,2,0,2,0,2,0,0,0,0,2,2,2,2,0,0,2,2
42,-3605.221,8726.138,-83.137,88.202,0.031236,-0.998984,-0.032477,0.999502,0.031362,-0.003376,0.004391,-0.032356,0.999467,0,-0.47626,-0.84000,-28.575,-1.680,-1,400.000,-1,400.000,-1,325.000,325.000,300.000,300.000,-1,-1,-1,-1,850.000,800.000,-1,-1,2,0,2,0,2,0,0,0,0,2,2,2,2,0,0,2,2
43,-3607.026,8697.507,-83.209,86.390,0.062775,-0.997513,-0.032036,0.998011,0.062930,-0.003853,0.005859,-0.031731,0.999479,0,-0.47813,-0.90583,-28.688,-1.812,-1,400.000,-1,400.000,-1,325.000,325.000,300.000,300.000,-1,-1,-1,-1,850.000,800.000,-1,-1,2,0,2,0,2,0,0,0,0,2,2,2,2,0,0,2,2
44,-3609.748,8668.828,-83.304,84.577,0.094273,-0.995043,-0.031648,0.995520,0.094455,-0.004323,0.007291,-0.031099,0.999490,0,-0.48012,-0.90639,-28.807,-1.813,-1,400.000,-1,400.000,-1,325.000,325.000,325.000,300.000,-1,-1,-1,-1,850.000,800.000,-1,-1,2,0,2,0,2,0,0,0,0,2,2,2,2,0,0,2,2
45,-3613.391,8640.136,-83.421,82.763,0.125698,-0.991574,-0.031311,0.992030,0.125907,-0.004782,0.008684,-0.030460,0.999498,0,-0.48206,-0.90697,-28.923,-1.814,-1,400.000,-1,400.000,-1,325.000,325.000,325.000,300.000,-1,-1,-1,-1,825.000,800.000,-1,-1,2,0,2,0,2,0,0,0,0,2,2,2,2,0,0,2,2
46,-3617.959,8611.461,-83.560,80.948,0.157021,-0.987108,-0.031022,0.987544,0.157254,-0.005227,0.010038,-0.029815,0.999505,0,-0.48393,-0.90755,-29.036,-1.815,-1,400.000,-1,400.000,-1,325.000,325.000,325.000,300.000,-1,-1,-1,-1,825.000,800.000,-1,-1,2,0,2,0,2,0,0,0,0,2,2,2,2,0,0,2,2
47,-3623.454,8582.840,-83.719,79.132,0.188208,-0.981647,-0.030779,0.982064,0.188465,-0.005652,0.011349,-0.029163,0.999510,0,-0.48574,-0.90813,-29.145,-1.816,-1,400.000,-1,400.000,-1,325.000,325.000,325.000,300.000,-1,-1,-1,-1,825.000,775.000,-1,-1,2,0,2,0,2,0,0,0,0,2,2,2,2,0,0,2,2
48,-3629.876,8554.304,-84.044,77.315,0.219244,-0.975209,-0.029981,0.975593,0.219510,-0.005857,0.012293,-0.027965,0.999533,0,-0.48750,-0.90871,-29.250,-1.817,-1,400.000,-1,400.000,-1,325.000,325.000,325.000,300.000,-1,-1,-1,-1,825.000,775.000,-1,-1,2,0,2,0,2,0,0,0,0,2,2,2,2,0,0,2,2
49,-3637.227,8525.887,-84.427,75.496,0.250081,-0.967788,-0.029096,0.968134,0.250357,-0.006204,0.013289,-0.026618,0.999557,0,-0.48920,-0.90929,-29.352,-1.819,-1,400.000,-1,400.000,-1,325.000,325.000,325.000,300.000,-1,-1,-1,-1,800.000,775.000,-1,-1,2,0,2,0,2,0,0,0,0,2,2,2,2,0,0,2,2
50,-3645.504,8497.623,-84.826,73.676,0.280689,-0.959383,-0.028257,0.959693,0.280972,-0.006552,0.014225,-0.025279,0.999579,0,-0.49085,-0.90986,-29.451,-1.820,-1,400.000,-1,400.000,-1,325.000,325.000,325.000,300.000,-1,-1,-1,-1,800.000,775.000,-1,-1,2,0,2,0,2,0,0,0,0,2,2,2,2,0,0,2,2
51,-3654.705,8469.546,-85.240,71.856,0.311034,-0.950002,-0.027461,0.950279,0.311324,-0.006895,0.015100,-0.023951,0.999599,0,-0.49244,-0.91041,-29.546,-1.821,-1,400.000,-1,400.000,-1,325.000,325.000,325.000,300.000,-1,975.000,-1,-1,800.000,775.000,-1,-1,2,0,2,0,2,0,0,0,0,2,0,2,2,0,0,2,2
52,-3664.825,8441.689,-85.700,70.034,0.341087,-0.939649,-0.026805,0.939899,0.341379,-0.007076,0.015800,-0.022780,0.999616,0,-0.49398,-0.91095,-29.639,-1.822,-1,400.000,-1,400.000,-1,325.000,325.000,325.000,300.000,-1,900.000,-1,-1,775.000,775.000,-1,-1,2,0,2,0,2,0,0,0,0,2,0,2,2,0,0,2,2
53,-3675.860,8414.085,-86.190,68.211,0.370814,-0.928337,-0.026224,0.928562,0.371107,-0.007165,0.016383,-0.021693,0.999630,0,-0.49547,-0.91148,-29.728,-1.823,-1,400.000,-1,400.000,-1,325.000,325.000,325.000,300.000,-1,825.000,1000.000,-1,775.000,775.000,-1,-1,2,0,2,0,2,0,0,0,0,2,0,0,2,0,0,2,2
54,-3687.802,8386.767,-86.691,66.386,0.400199,-0.916069,-0.025669,0.916272,0.400491,-0.007231,0.016904,-0.020626,0.999644,0,-0.49691,-0.91245,-29.814,-1.825,-1,400.000,-1,375.000,-1,325.000,325.000,325.000,300.000,-1,775.000,925.000,-1,775.000,750.000,-1,-1,2,0,2,0,2,0,0,0,0,2,0,0,2,0,0,2,2
55,-3700.646,8359.768,-87.210,64.558,0.429225,-0.902845,-0.025215,0.903030,0.429516,-0.007270,0.017394,-0.019650,0.999656,0,-0.49830,-0.91396,-29.898,-1.828,-1,400.000,-1,375.000,-1,325.000,325.000,325.000,300.000,-1,725.000,850.000,-1,775.000,750.000,-1,-1,2,0,2,0,2,0,0,0,0,2,0,0,2,0,0,2,2
56,-3712.147,8337.460,-87.639,62.727,0.457859,-0.888677,-0.024881,0.888846,0.458149,-0.007258,0.017849,-0.018792,0.999664,0,-0.41830,-0.91541,-25.098,-1.831,-1,400.000,-1,375.000,-1,325.000,325.000,325.000,300.000,-1,675.000,800.000,-1,775.000,750.000,-1,-1,2,0,2,0,2,0,0,0,0,2,0,0,2,0,0,2,2
57,-3722.020,8319.726,-87.980,60.894,0.486058,-0.873579,-0.024633,0.873735,0.486349,-0.007232,0.018297,-0.018007,0.999670,0,-0.33830,-0.91656,-20.298,-1.833,-1,400.000,-1,375.000,-1,325.000,325.000,325.000,300.000,-1,650.000,750.000,-1,775.000,750.000,-1,-1,2,0,2,0,2,0,0,0,0,2,0,0,2,0,0,2,2
58,-3729.988,8306.433,-88.233,59.059,0.513785,-0.857570,-0.024466,0.857714,0.514077,-0.007208,0.018759,-0.017281,0.999675,0,-0.25830,-0.91743,-15.498,-1.835,-1,400.000,-1,375.000,-1,325.000,325.000,325.000,300.000,-1,625.000,725.000,-1,775.000,750.000,-1,-1,2,0,2,0,2,0,0,0,0,2,0,0,2,0,0,2,2
59,-3735.779,8297.438,-88.398,57.223,0.541002,-0.840668,-0.024374,0.840801,0.541296,-0.007204,0.019250,-0.016596,0.999677,0,-0.17830,-0.91805,-10.698,-1.836,-1,400.000,-1,375.000,-1,325.000,325.000,325.000,300.000,-1,625.000,675.000,-1,775.000,750.000,-1,-1,2,0,2,0,2,0,0,0,0,2,0,0,2,0,0,2,2
60,-3739.130,8292.584,-88.473,55.386,0.567672,-0.822894,-0.024354,0.823017,0.567971,-0.007237,0.019788,-0.015935,0.999677,0,-0.09830,-0.91843,-5.898,-1.837,-1,400.000,-1,375.000,-1,325.000,325.000,325.000,325.000,-1,600.000,650.000,-1,775.000,750.000,-1,-1,2,0,2,0,2,0,0,0,0,2,0,0,2,0,0,2,2
61,-3739.782,8291.701,-88.455,53.549,0.593763,-0.804270,-0.024397,0.804382,0.594067,-0.007322,0.020383,-0.015277,0.999676,0,-0.01830,-0.91861,-1.098,-1.837,-1,400.000,-1,375.000,-1,325.000,325.000,325.000,325.000,-1,600.000,625.000,-1,775.000,750.000,-1,-1,2,0,2,0,2,0,0,0,0,2,0,0,2,0,0,2,2
62,-3737.488,8294.607,-88.351,51.712,0.619240,-0.784818,-0.024562,0.784919,0.619553,-0.007476,0.021085,-0.014650,0.999670,0,0.06170,-0.91864,3.702,-1.837,-1,400.000,-1,375.000,-1,325.000,325.000,325.000,325.000,-1,600.000,625.000,-1,775.000,750.000,-1,-1,2,0,2,0,2,0,0,0,0,2,0,0,2,0,0,2,2
63,-3732.008,8301.108,-88.150,49.874,0.644075,-0.764559,-0.024822,0.764649,0.644401,-0.007707,0.021888,-0.014016,0.999662,0,0.14170,-0.91856,8.502,-1.837,-1,400.000,-1,400.000,-1,325.000,325.000,325.000,325.000,-1,600.000,600.000,-1,775.000,750.000,-1,-1,2,0,2,0,2,0,0,0,0,2,0,0,2,0,0,2,2
64,-3723.114,8310.999,-87.841,48.038,0.668243,-0.743518,-0.025142,0.743594,0.668583,-0.008029,0.022779,-0.013330,0.999652,0,0.22170,-0.91843,13.302,-1.837,-1,400.000,-1,400.000,-1,325.000,325.000,325.000,325.000,-1,600.000,600.000,-1,775.000,750.000,-1,-1,2,0,2,0,2,0,0,0,0,2,0,0,2,0,0,2,2
65,-3710.585,8324.065,-87.413,46.201,0.691720,-0.721716,-0.025509,0.721775,0.692076,-0.008454,0.023756,-0.012564,0.999639,0,0.30170,-0.91830,18.102,-1.837,-1,400.000,-1,400.000,-1,325.000,325.000,325.000,325.000,-1,600.000,575.000,-1,775.000,750.000,-1,-1,2,0,2,0,2,0,0,0,0,2,0,0,2,0,0,2,2
66,-3694.212,8340.078,-86.854,44.365,0.714483,-0.699173,-0.025912,0.699213,0.714857,-0.008996,0.024813,-0.011690,0.999624,0,0.38170,-0.91825,22.902,-1.837,-1,400.000,-1,400.000,-1,325.000,325.000,325.000,325.000,-1,600.000,575.000,-1,775.000,775.000,-1,-1,2,0,2,0,2,0,0,0,0,2,0,0,2,0,0,2,2
67,-3673.797,8358.803,-86.152,42.528,0.736514,-0.675909,-0.026336,0.675925,0.736907,-0.009670,0.025943,-0.010679,0.999606,0,0.46170,-0.91835,27.702,-1.837,-1,400.000,-1,400.000,-1,325.000,325.000,325.000,325.000,-1,600.000,575.000,-1,775.000,775.000,-1,-1,2,0,2,0,2,0,0,0,0,2,0,0,2,0,0,2,2
68,-3649.152,8379.994,-85.411,40.690,0.757798,-0.651939,-0.026790,0.651941,0.758205,-0.009862,0.026742,-0.009992,0.999592,0,0.54170,-0.91869,32.502,-1.837,-1,400.000,-1,400.000,-1,325.000,325.000,325.000,325.000,-1,625.000,575.000,-1,775.000,775.000,-1,-1,2,0,2,0,2,0,0,0,0,2,0,0,2,0,0,2,2
69,-3620.102,8403.394,-84.562,38.852,0.778319,-0.627280,-0.027197,0.627272,0.778737,-0.009874,0.027373,-0.009375,0.999581,0,0.62170,-0.91933,37.302,-1.839,-1,400.000,-1,400.000,-1,325.000,325.000,325.000,325.000,-1,650.000,600.000,-1,800.000,775.000,-1,-1,2,0,2,0,2,0,0,0,0,2,0,0,2,0,0,2,2
70,-3586.483,8428.738,-83.554,37.011,0.798063,-0.601946,-0.027514,0.601927,0.798490,-0.009898,0.027928,-0.008663,0.999572,0,0.70170,-0.92039,42.102,-1.841,-1,400.000,-1,400.000,-1,325.000,325.000,325.000,325.000,-1,700.000,625.000,-1,800.000,775.000,-1,-1,2,0,2,0,2,0,0,0,0,2,0,0,2,0,0,2,2
71,-3548.141,8455.751,-82.400,35.167,0.817019,-0.575945,-0.027701,0.575916,0.817450,-0.009804,0.028291,-0.007944,0.999568,0,0.78170,-0.92195,46.902,-1.844,-1,400.000,-1,400.000,-1,325.000,325.000,325.000,325.000,-1,750.000,675.000,-1,800.000,800.000,-1,-1,2,0,2,0,2,0,0,0,0,2,0,0,2,0,0,2,2
72,-3509.041,8481.454,-81.235,33.319,0.835176,-0.549284,-0.027714,0.549250,0.835604,-0.009493,0.028372,-0.007294,0.999571,0,0.77985,-0.92410,46.791,-1.848,-1,400.000,-1,400.000,-1,325.000,325.000,325.000,325.000,-1,800.000,750.000,-1,800.000,800.000,-1,-1,2,0,2,0,2,0,0,0,0,2,0,0,2,0,0,2,2
73,-3469.265,8505.796,-80.019,31.466,0.852515,-0.521975,-0.027561,0.521935,0.852936,-0.009207,0.028314,-0.006536,0.999578,0,0.77723,-0.92667,46.634,-1.853,-1,400.000,-1,400.000,-1,325.000,325.000,300.000,325.000,-1,900.000,800.000,-1,800.000,800.000,-1,-1,2,0,2,0,2,0,0,0,0,2,0,0,2,0,0,2,2
74,-3424.656,8531.398,-78.629,29.852,0.866890,-0.497757,-0.027217,0.497709,0.867298,-0.008995,0.028083,-0.005749,0.999589,0,0.85723,-0.80667,51.434,-1.613,-1,400.000,-1,400.000,-1,325.000,325.000,300.000,325.000,-1,1000.000,900.000,-1,800.000,800.000,-1,-1,2,0,2,0,2,0,0,0,0,2,0,0,2,0,0,2,2
75,-3379.036,8556.145,-77.181,28.479,0.878590,-0.476829,-0.026721,0.476772,0.878982,-0.008870,0.027717,-0.004947,0.999604,0,0.86500,-0.68667,51.900,-1.373,-1,400.000,-1,400.000,-1,325.000,325.000,300.000,325.000,-1,-1,1000.000,-1,825.000,800.000,-1,-1,2,0,2,0,2,0,0,0,0,2,2,0,2,0,0,2,2
76,-3332.973,8579.967,-75.738,27.346,0.887872,-0.459352,-0.026039,0.459282,0.888245,-0.008970,0.027249,-0.003995,0.999621,0,0.86430,-0.56667,51.858,-1.133,-1,400.000,-1,400.000,-1,325.000,325.000,300.000,300.000,-1,-1,-1,-1,825.000,800.000,-1,-1,2,0,2,0,2,0,0,0,0,2,2,2,2,0,0,2,2
77,-3286.506,8602.986,-74.306,26.353,0.895721,-0.443906,-0.025142,0.443818,0.896069,-0.009282,0.026650,-0.002845,0.999641,0,0.86428,-0.49606,51.857,-0.992,-1,400.000,-1,400.000,-1,325.000,325.000,300.000,300.000,-1,-1,-1,-1,825.000,800.000,-1,-1,2,0,2,0,2,0,0,0,0,2,2,2,2,0,0,2,2
78,-3239.613,8625.204,-72.847,25.352,0.903373,-0.428178,-0.024119,0.428071,0.903693,-0.009696,0.025948,-0.001566,0.999662,0,0.86483,-0.50073,51.890,-1.001,-1,400.000,-1,400.000,-1,325.000,325.000,300.000,300.000,-1,-1,-1,-1,825.000,775.000,-1,-1,2,0,2,0,2,0,0,0,0,2,2,2,2,0,0,2,2
79,-3192.281,8646.616,-71.409,24.341,0.910816,-0.412160,-0.023206,0.412037,0.911111,-0.010101,0.025307,-0.000361,0.999680,0,0.86584,-0.50569,51.951,-1.011,-1,400.000,-1,400.000,-1,325.000,325.000,325.000,300.000,-1,-1,-1,-1,825.000,775.000,-1,-1,2,0,2,0,2,0,0,0,0,2,2,2,2,0,0,2,2
80,-3144.493,8667.216,-70.103,23.319,0.918031,-0.395847,-0.022906,0.395715,0.918316,-0.010224,0.025082,0.000322,0.999685,0,0.86731,-0.51091,52.038,-1.022,-1,400.000,-1,400.000,-1,325.000,325.000,325.000,300.000,-1,-1,-1,-1,825.000,775.000,-1,-1,2,0,2,0,2,0,0,0,0,2,2,2,2,0,0,2,2
81,-3096.236,8686.993,-68.951,22.286,0.925033,-0.379230,-0.022332,0.379110,0.925302,-0.009564,0.024291,0.000381,0.999705,0,0.86922,-0.51639,52.153,-1.033,-1,400.000,-1,400.000,-1,325.000,325.000,325.000,300.000,-1,-1,-1,-1,825.000,775.000,-1,-1,2,0,2,0,2,0,0,0,0,2,2,2,2,0,0,2,2
82,-3047.495,8705.940,-67.799,21.242,0.931808,-0.362304,-0.021683,0.362195,0.932060,-0.008900,0.023434,0.000440,0.999725,0,0.87157,-0.52212,52.294,-1.044,-1,400.000,-1,400.000,-1,325.000,325.000,300.000,300.000,-1,-1,-1,-1,825.000,775.000,-1,-1,2,0,2,0,2,0,0,0,0,2,2,2,2,0,0,2,2
83,-2998.256,8724.042,-66.681,20.186,0.938342,-0.345062,-0.021126,0.344966,0.938580,-0.008157,0.022644,0.000366,0.999744,0,0.87434,-0.52809,52.461,-1.056,-1,400.000,-1,400.000,-1,325.000,325.000,300.000,300.000,-1,-1,-1,-1,825.000,775.000,-1,-1,2,0,2,0,2,0,0,0,0,2,2,2,2,0,0,2,2
84,-2948.508,8741.285,-65.599,19.117,0.944626,-0.327498,-0.020677,0.327416,0.944852,-0.007321,0.021935,0.000145,0.999759,0,0.87754,-0.53430,52.652,-1.069,-1,400.000,-1,400.000,-1,325.000,325.000,300.000,300.000,-1,-1,-1,-1,825.000,775.000,-1,-1,2,0,2,0,2,0,0,0,0,2,2,2,2,0,0,2,2
85,-2898.237,8757.654,-64.512,18.036,0.950651,-0.309607,-0.020160,0.309538,0.950865,-0.006499,0.021181,-0.000062,0.999776,0,0.88114,-0.54073,52.868,-1.081,-1,400.000,-1,400.000,-1,325.000,325.000,300.000,300.000,-1,-1,-1,-1,825.000,775.000,-1,-1,2,0,2,0,2,0,0,0,0,2,2,2,2,0,0,2,2
86,-2847.434,8773.128,-63.421,16.941,0.956406,-0.291383,-0.019576,0.291327,0.956606,-0.005698,0.020387,-0.000253,0.999792,0,0.88512,-0.54738,53.107,-1.095,-1,400.000,-1,400.000,-1,325.000,325.000,300.000,300.000,-1,-1,-1,-1,800.000,775.000,-1,-1,2,0,2,0,2,0,0,0,0,2,2,2,2,0,0,2,2
87,-2796.090,8787.689,-62.323,15.832,0.961878,-0.272823,-0.018928,0.272779,0.962064,-0.004923,0.019553,-0.000428,0.999809,0,0.88948,-0.55424,53.369,-1.108,-1,400.000,-1,400.000,-1,325.000,325.000,300.000,300.000,-1,-1,-1,-1,800.000,750.000,-1,-1,2,0,2,0,2,0,0,0,0,2,2,2,2,0,0,2,2
88,-2744.470,8801.254,-61.224,14.724,0.966991,-0.254158,-0.018225,0.254124,0.967163,-0.004182,0.018689,-0.000587,0.999825,0,0.88954,-0.55431,53.372,-1.109,-1,400.000,-1,400.000,-1,325.000,325.000,300.000,300.000,-1,-1,-1,-1,800.000,750.000,-1,-1,2,0,2,0,2,0,0,0,0,2,2,2,2,0,0,2,2
89,-2692.598,8813.817,-60.129,13.615,0.971742,-0.235397,-0.017480,0.235372,0.971899,-0.003503,0.017813,-0.000710,0.999841,0,0.88954,-0.55431,53.372,-1.109,-1,400.000,-1,400.000,-1,325.000,325.000,300.000,300.000,-1,-1,-1,-1,800.000,750.000,-1,-1,2,0,2,0,2,0,0,0,0,2,2,2,2,0,0,2,2
90,-2640.492,8825.375,-59.075,12.506,0.976128,-0.216549,-0.016771,0.216529,0.976272,-0.003045,0.017033,-0.000659,0.999855,0,0.88954,-0.55431,53.372,-1.109,-1,400.000,-1,400.000,-1,325.000,325.000,300.000,300.000,-1,-1,-1,-1,800.000,750.000,-1,-1,2,0,2,0,2,0,0,0,0,2,2,2,2,0,0,2,2
91,-2588.173,8835.922,-58.027,11.398,0.980148,-0.197620,-0.016043,0.197602,0.980279,-0.002664,0.016253,-0.000559,0.999868,0,0.88954,-0.55431,53.372,-1.109,-1,400.000,-1,375.000,-1,325.000,325.000,300.000,300.000,-1,-1,-1,-1,775.000,750.000,-1,-1,2,0,2,0,2,0,0,0,0,2,2,2,2,0,0,2,2
92,-2535.659,8845.455,-57.115,10.289,0.983789,-0.178616,-0.016008,0.178608,0.983918,-0.001943,0.016098,-0.000947,0.999870,0,0.88954,-0.55431,53.372,-1.109,-1,400.000,-1,375.000,-1,325.000,325.000,300.000,300.000,-1,-1,-1,-1,775.000,750.000,-1,-1,2,0,2,0,2,0,0,0,0,2,2,2,2,0,0,2,2
93,-2482.971,8853.971,-56.197,9.181,0.987059,-0.159546,-0.016085,0.159545,0.987190,-0.001329,0.016091,-0.001254,0.999870,0,0.88954,-0.55431,53.372,-1.109,-1,400.000,-1,375.000,-1,325.000,325.000,300.000,300.000,-1,-1,-1,-1,775.000,750.000,-1,-1,2,0,2,0,2,0,0,0,0,2,2,2,2,0,0,2,2
94,-2430.127,8861.465,-55.288,8.072,0.989961,-0.140416,-0.016172,0.140422,0.990091,-0.000739,0.016116,-0.001540,0.999869,0,0.88954,-0.55431,53.372,-1.109,-1,400.000,-1,375.000,-1,325.000,325.000,300.000,300.000,-1,-1,-1,-1,775.000,750.000,-1,-1,2,0,2,0,2,0,0,0,0,2,2,2,2,0,0,2,2
95,-2377.149,8867.935,-54.385,6.963,0.992491,-0.121233,-0.016269,0.121246,0.992622,-0.000170,0.016170,-0.001803,0.999868,0,0.88954,-0.55431,53.372,-1.109,-1,400.000,-1,375.000,-1,325.000,325.000,300.000,300.000,-1,-1,-1,-1,775.000,750.000,-1,-1,2,0,2,0,2,0,0,0,0,2,2,2,2,0,0,2,2
96,-2324.055,8873.380,-53.488,5.855,0.994649,-0.102005,-0.016375,0.102025,0.994782,0.000377,0.016251,-0.002045,0.999866,0,0.88954,-0.55431,53.372,-1.109,-1,400.000,-1,400.000,-1,325.000,325.000,300.000,300.000,-1,-1,-1,-1,750.000,750.000,-1,-1,2,0,2,0,2,0,0,0,0,2,2,2,2,0,0,2,2
97,-2270.866,8877.796,-52.597,4.746,0.996435,-0.082739,-0.016490,0.082765,0.996569,0.000904,0.016358,-0.002266,0.999864,0,0.88954,-0.55431,53.372,-1.109,-1,400.000,-1,400.000,-1,325.000,325.000,300.000,300.000,-1,-1,-1,-1,750.000,750.000,-1,-1,2,0,2,0,2,0,0,0,0,2,2,2,2,0,0,2,2
98,-2222.405,8881.080,-51.790,3.877,0.997573,-0.067622,-0.016600,0.067654,0.997708,0.001370,0.016469,-0.002490,0.999861,0,0.80954,-0.43431,48.572,-0.869,-1,400.000,-1,400.000,-1,325.000,325.000,300.000,300.000,-1,-1,-1,-1,750.000,750.000,-1,-1,2,0,2,0,2,0,0,0,0,2,2,2,2,0,0,2,2
99,-2178.703,8883.561,-51.066,3.249,0.998253,-0.056671,-0.016703,0.056709,0.998389,0.001780,0.016576,-0.002724,0.999859,0,0.72954,-0.31431,43.772,-0.629,-1,400.000,-1,400.000,-1,325.000,325.000,300.000,300.000,-1,-1,-1,-1,750.000,750.000,-1,-1,2,0,2,0,2,0,0,0,0,2,2,2,2,0,0,2,2
100,-2135.572,8885.716,-50.355,2.860,0.998613,-0.049898,-0.016809,0.049942,0.998750,0.002176,0.016679,-0.003012,0.999856,0,0.71976,-0.19431,43.185,-0.389,-1,400.000,-1,400.000,-1,325.000,325.000,300.000,300.000,-1,-1,-1,-1,750.000,750.000,-1,-1,2,0,2,0,2,0,0,0,0,2,2,2,2,0,0,2,2
101,-2092.435,8887.759,-49.645,2.712,0.998737,-0.047307,-0.016917,0.047357,0.998875,0.002565,0.016777,-0.003363,0.999854,0,0.71976,-0.07431,43.185,-0.149,-1,400.000,-1,375.000,-1,325.000,325.000,300.000,300.000,-1,-1,-1,-1,750.000,750.000,-1,-1,2,0,2,0,2,0,0,0,0,2,2,2,2,0,0,2,2
102,-2049.294,8889.723,-48.937,2.607,0.998820,-0.045477,-0.017027,0.045534,0.998958,0.002951,0.016876,-0.003723,0.999851,0,0.71976,-0.05247,43.185,-0.105,-1,400.000,-1,375.000,-1,325.000,325.000,300.000,300.000,-1,-1,-1,-1,750.000,750.000,-1,-1,2,0,2,0,2,0,0,0,0,2,2,2,2,0,0,2,2
103,-2006.150,8891.607,-48.230,2.502,0.998900,-0.043648,-0.017140,0.043711,0.999039,0.003335,0.016978,-0.004081,0.999848,0,0.71976,-0.05247,43.185,-0.105,-1,400.000,-1,375.000,-1,325.000,325.000,300.000,300.000,-1,-1,-1,-1,750.000,750.000,-1,-1,2,0,2,0,2,0,0,0,0,2,2,2,2,0,0,2,2
104,-1963.002,8893.413,-47.518,2.397,0.998976,-0.041817,-0.017276,0.041888,0.999115,0.003729,0.017105,-0.004448,0.999844,0,0.71976,-0.05247,43.185,-0.105,-1,400.000,-1,375.000,-1,325.000,325.000,300.000,300.000,-1,-1,-1,-1,750.000,750.000,-1,-1,2,0,2,0,2,0,0,0,0,2,2,2,2,0,0,2,2
105,-1919.851,8895.140,-46.697,2.292,0.999047,-0.039987,-0.017516,0.040060,0.999190,0.003797,0.017350,-0.004495,0.999839,0,0.71976,-0.05247,43.185,-0.105,-1,400.000,-1,375.000,-1,325.000,325.000,300.000,300.000,-1,-1,-1,-1,750.000,750.000,-1,-1,2,0,2,0,2,0,0,0,0,2,2,2,2,0,0,2,2
106,-1876.697,8896.788,-45.860,2.187,0.999113,-0.038157,-0.017809,0.038230,0.999262,0.003796,0.017651,-0.004473,0.999834,0,0.71976,-0.05247,43.185,-0.105,-1,400.000,-1,400.000,-1,325.000,325.000,300.000,300.000,-1,-1,-1,-1,750.000,750.000,-1,-1,2,0,2,0,2,0,0,0,0,2,2,2,2,0,0,2,2
107,-1833.540,8898.357,-45.023,2.082,0.999176,-0.036327,-0.018103,0.036401,0.999330,0.003793,0.017953,-0.004448,0.999829,0,0.71976,-0.05247,43.185,-0.105,-1,400.000,-1,400.000,-1,325.000,325.000,300.000,300.000,-1,-1,-1,-1,750.000,750.000,-1,-1,2,0,2,0,2,0,0,0,0,2,2,2,2,0,0,2,2
108,-1790.381,8899.847,-44.187,1.977,0.999235,-0.034496,-0.018399,0.034571,0.999395,0.003788,0.018258,-0.004421,0.999824,0,0.71976,-0.05247,43.185,-0.105,-1,400.000,-1,400.000,-1,325.000,325.000,300.000,300.000,-1,-1,-1,-1,750.000,775.000,-1,-1,2,0,2,0,2,0,0,0,0,2,2,2,2,0,0,2,2
109,-1747.218,8901.257,-43.350,1.872,0.999291,-0.032665,-0.018698,0.032742,0.999457,0.003781,0.018564,-0.004391,0.999818,0,0.71976,-0.05247,43.185,-0.105,-1,400.000,-1,400.000,-1,325.000,325.000,300.000,300.000,-1,-1,-1,-1,750.000,775.000,-1,-1,2,0,2,0,2,0,0,0,0,2,2,2,2,0,0,2,2
110,-1704.053,8902.589,-42.513,1.767,0.999344,-0.030835,-0.018998,0.030912,0.999515,0.003773,0.018872,-0.004358,0.999812,0,0.71976,-0.05247,43.185,-0.105,-1,400.000,-1,400.000,-1,325.000,325.000,300.000,300.000,-1,-1,-1,-1,750.000,775.000,-1,-1,2,0,2,0,2,0,0,0,0,2,2,2,2,0,0,2,2
111,-1660.886,8903.841,-41.677,1.662,0.999393,-0.029004,-0.019299,0.029082,0.999570,0.003763,0.019182,-0.004322,0.999807,0,0.71976,-0.05247,43.185,-0.105,-1,400.000,-1,400.000,-1,325.000,325.000,325.000,300.000,-1,-1,-1,-1,750.000,775.000,-1,-1,2,0,2,0,2,0,0,0,0,2,2,2,2,0,0,2,2
112,-1617.717,8905.015,-40.840,1.557,0.999439,-0.027173,-0.019602,0.027252,0.999622,0.003752,0.019493,-0.004284,0.999801,0,0.71976,-0.05247,43.185,-0.105,-1,400.000,-1,400.000,-1,325.000,325.000,300.000,300.000,-1,-1,-1,-1,750.000,775.000,-1,-1,2,0,2,0,2,0,0,0,0,2,2,2,2,0,0,2,2
113,-1572.894,8906.339,-39.971,1.692,0.999365,-0.029529,-0.019920,0.029609,0.999555,0.003739,0.019801,-0.004327,0.999795,0,0.74737,0.06753,44.842,0.135,-1,400.000,-1,400.000,-1,325.000,325.000,300.000,300.000,-1,-1,-1,-1,750.000,775.000,-1,-1,2,0,2,0,2,0,0,0,0,2,2,2,2,0,0,2,2
114,-1528.081,8907.957,-39.102,2.067,0.999144,-0.036071,-0.020241,0.036154,0.999339,0.003726,0.020094,-0.004455,0.999788,0,0.74737,0.18753,44.842,0.375,-1,400.000,-1,400.000,-1,325.000,325.000,300.000,300.000,-1,-1,-1,-1,750.000,775.000,-1,-1,2,0,2,0,2,0,0,0,0,2,2,2,2,0,0,2,2
115,-1483.288,8910.055,-38.232,2.682,0.998693,-0.046797,-0.020568,0.046882,0.998894,0.003713,0.020371,-0.004673,0.999782,0,0.74737,0.30753,44.842,0.615,-1,400.000,-1,400.000,-1,325.000,325.000,300.000,300.000,-1,-1,-1,-1,750.000,775.000,-1,-1,2,0,2,0,2,0,0,0,0,2,2,2,2,0,0,2,2
116,-1438.530,8912.802,-37.361,3.512,0.997903,-0.061262,-0.020901,0.061352,0.998109,0.003702,0.020635,-0.004977,0.999775,0,0.74737,0.41501,44.842,0.830,-1,400.000,-1,400.000,-1,325.000,325.000,300.000,300.000,-1,-1,-1,-1,750.000,775.000,-1,-1,2,0,2,0,2,0,0,0,0,2,2,2,2,0,0,2,2
117,-1393.816,8916.198,-36.491,4.342,0.996903,-0.075714,-0.021241,0.075809,0.997116,0.003695,0.020900,-0.005294,0.999768,0,0.74737,0.41501,44.842,0.830,-1,400.000,-1,400.000,-1,325.000,325.000,300.000,300.000,-1,-1,-1,-1,750.000,800.000,-1,-1,2,0,2,0,2,0,0,0,0,2,2,2,2,0,0,2,2
118,-1349.156,8920.240,-35.620,5.172,0.995694,-0.090150,-0.021590,0.090250,0.995912,0.003692,0.021169,-0.005625,0.999760,0,0.74737,0.41501,44.842,0.830,-1,400.000,-1,400.000,-1,325.000,325.000,300.000,300.000,-1,-1,-1,-1,750.000,800.000,-1,-1,2,0,2,0,2,0,0,0,0,2,2,2,2,0,0,2,2
119,-1304.560,8924.929,-34.769,6.002,0.994280,-0.104567,-0.021753,0.104670,0.994500,0.003643,0.021253,-0.005899,0.999757,0,0.74737,0.41501,44.842,0.830,-1,400.000,-1,400.000,-1,325.000,325.000,300.000,300.000,-1,-1,-1,-1,750.000,800.000,-1,-1,2,0,2,0,2,0,0,0,0,2,2,2,2,0,0,2,2
120,-1260.036,8930.264,-33.898,6.832,0.992663,-0.118962,-0.021630,0.119062,0.992881,0.003368,0.021076,-0.005918,0.999760,0,0.74737,0.41501,44.842,0.830,-1,400.000,-1,400.000,-1,325.000,325.000,300.000,300.000,-1,-1,-1,-1,750.000,800.000,-1,-1,2,0,2,0,2,0,0,0,0,2,2,2,2,0,0,2,2
121,-1215.594,8936.243,-33.017,7.662,0.990840,-0.133333,-0.021425,0.133428,0.991054,0.003079,0.020823,-0.005910,0.999766,0,0.74737,0.41501,44.842,0.830,-1,400.000,-1,400.000,-1,325.000,325.000,300.000,300.000,-1,-1,-1,-1,750.000,800.000,-1,-1,2,0,2,0,2,0,0,0,0,2,2,2,2,0,0,2,2
122,-1171.243,8942.865,-32.132,8.492,0.988808,-0.147675,-0.021231,0.147767,0.989018,0.002802,0.020584,-0.005908,0.999771,0,0.74737,0.41501,44.842,0.830,-1,400.000,-1,400.000,-1,325.000,325.000,300.000,300.000,-1,-1,-1,-1,750.000,775.000,-1,-1,2,0,2,0,2,0,0,0,0,2,2,2,2,0,0,2,2
123,-1126.993,8950.129,-31.244,9.322,0.986568,-0.161987,-0.021048,0.162075,0.986775,0.002536,0.020359,-0.005913,0.999775,0,0.74737,0.41501,44.842,0.830,-1,400.000,-1,400.000,-1,325.000,325.000,300.000,300.000,-1,-1,-1,-1,750.000,775.000,-1,-1,2,0,2,0,2,0,0,0,0,2,2,2,2,0,0,2,2
124,-1082.853,8958.033,-30.353,10.152,0.984121,-0.176264,-0.020878,0.176349,0.984325,0.002278,0.020150,-0.005923,0.999779,0,0.74737,0.41501,44.842,0.830,-1,400.000,-1,400.000,-1,325.000,325.000,300.000,300.000,-1,-1,-1,-1,750.000,775.000,-1,-1,2,0,2,0,2,0,0,0,0,2,2,2,2,0,0,2,2
125,-1038.832,8966.576,-29.457,10.982,0.981468,-0.190504,-0.020722,0.190586,0.981668,0.002028,0.019956,-0.005939,0.999783,0,0.74737,0.41501,44.842,0.830,-1,400.000,-1,400.000,-1,325.000,325.000,300.000,300.000,-1,-1,-1,-1,750.000,775.000,-1,-1,2,0,2,0,2,0,0,0,0,2,2,2,2,0,0,2,2
126,-994.939,8975.756,-28.557,11.812,0.978607,-0.204705,-0.020580,0.204784,0.978806,0.001784,0.019779,-0.005960,0.999787,0,0.74737,0.41501,44.842,0.830,-1,400.000,-1,400.000,-1,325.000,325.000,300.000,300.000,-1,-1,-1,-1,725.000,775.000,-1,-1,2,0,2,0,2,0,0,0,0,2,2,2,2,0,0,2,2
127,-951.184,8985.570,-27.652,12.642,0.975541,-0.218862,-0.020453,0.218939,0.975737,0.001546,0.019618,-0.005986,0.999790,0,0.74737,0.41501,44.842,0.830,-1,400.000,-1,400.000,-1,325.000,325.000,300.000,300.000,-1,-1,-1,-1,725.000,775.000,-1,-1,2,0,2,0,2,0,0,0,0,2,2,2,2,0,0,2,2
128,-907.576,8996.018,-26.742,13.472,0.972270,-0.232974,-0.020340,0.233048,0.972464,0.001311,0.019475,-0.006015,0.999792,0,0.74737,0.41501,44.842,0.830,-1,400.000,-1,400.000,-1,325.000,325.000,300.000,300.000,-1,-1,-1,-1,725.000,775.000,-1,-1,2,0,2,0,2,0,0,0,0,2,2,2,2,0,0,2,2
129,-864.124,9007.095,-25.826,14.302,0.968795,-0.247036,-0.020243,0.247108,0.968987,0.001080,0.019349,-0.006049,0.999794,0,0.74737,0.41501,44.842,0.830,-1,375.000,-1,400.000,-1,325.000,325.000,300.000,300.000,-1,-1,-1,-1,725.000,775.000,-1,-1,2,0,2,0,2,0,0,0,0,2,2,2,2,0,0,2,2
130,-820.836,9018.802,-24.918,15.132,0.965117,-0.261047,-0.020109,0.261116,0.965307,0.000811,0.019199,-0.006033,0.999797,0,0.74737,0.41501,44.842,0.830,-1,375.000,-1,400.000,-1,325.000,325.000,300.000,300.000,-1,-1,-1,-1,725.000,775.000,-1,-1,2,0,2,0,2,0,0,0,0,2,2,2,2,0,0,2,2
131,-777.723,9031.134,-24.007,15.963,0.961236,-0.275003,-0.019977,0.275069,0.961424,0.000535,0.019059,-0.006009,0.999800,0,0.74737,0.41501,44.842,0.830,-1,375.000,-1,400.000,-1,325.000,325.000,300.000,300.000,-1,-1,-1,-1,725.000,775.000,-1,-1,2,0,2,0,2,0,0,0,0,2,2,2,2,0,0,2,2
132,-734.793,9044.089,-23.106,16.793,0.957152,-0.288902,-0.019910,0.288963,0.957340,0.000183,0.019008,-0.005928,0.999802,0,0.74737,0.41501,44.842,0.830,-1,375.000,-1,400.000,-1,325.000,325.000,300.000,300.000,-1,-1,-1,-1,725.000,775.000,-1,-1,2,0,2,0,2,0,0,0,0,2,2,2,2,0,0,2,2
133,-692.055,9057.665,-22.239,17.623,0.952864,-0.302740,-0.019972,0.302793,0.953056,-0.000369,0.019146,-0.005696,0.999800,0,0.74737,0.41501,44.842,0.830,-1,375.000,-1,400.000,-1,325.000,325.000,300.000,300.000,-1,-1,-1,-1,725.000,750.000,-1,-1,2,0,2,0,2,0,0,0,0,2,2,2,2,0,0,2,2
134,-649.518,9071.858,-21.355,18.453,0.948375,-0.316515,-0.020080,0.316561,0.948572,-0.000899,0.019332,-0.005504,0.999798,0,0.74737,0.41501,44.842,0.830,-1,375.000,-1,400.000,-1,325.000,325.000,300.000,300.000,-1,-1,-1,-1,725.000,750.000,-1,-1,2,0,2,0,2,0,0,0,0,2,2,2,2,0,0,2,2
135,-607.191,9086.666,-20.457,19.283,0.943687,-0.330223,-0.020216,0.330263,0.943888,-0.001421,0.019550,-0.005336,0.999795,0,0.74737,0.41501,44.842,0.830,-1,375.000,-1,400.000,-1,325.000,325.000,300.000,300.000,-1,-1,-1,-1,725.000,750.000,-1,-1,2,0,2,0,2,0,0,0,0,2,2,2,2,0,0,2,2
136,-565.084,9102.086,-19.554,20.113,0.938798,-0.343861,-0.020417,0.343896,0.939006,-0.001914,0.019830,-0.005225,0.999790,0,0.74737,0.41501,44.842,0.830,-1,375.000,-1,400.000,-1,325.000,325.000,300.000,300.000,-1,-1,-1,-1,725.000,750.000,-1,-1,2,0,2,0,2,0,0,0,0,2,2,2,2,0,0,2,2
137,-518.647,9119.636,-18.533,20.703,0.935201,-0.353513,-0.020699,0.353540,0.935416,-0.002480,0.020238,-0.004999,0.999783,0,0.82737,0.29501,49.642,0.590,-1,375.000,-1,400.000,-1,325.000,325.000,300.000,300.000,-1,-1,-1,-1,725.000,750.000,-1,-1,2,0,2,0,2,0,0,0,0,2,2,2,2,0,0,2,2
