timestep,x_cm,y_cm,z_cm,yaw_deg,basis_xx,basis_xy,basis_xz,basis_yx,basis_yy,basis_yz,basis_zx,basis_zy,basis_zz,teleport_flag,throttle_cmd,steering_cmd,cmd_move_cm,cmd_turn_deg,lidar_cm_0,lidar_cm_1,lidar_cm_2,lidar_cm_3,lidar_cm_4,lidar_cm_5,lidar_cm_6,lidar_cm_7,lidar_cm_8,lidar_cm_9,lidar_cm_10,lidar_cm_11,lidar_cm_12,lidar_cm_13,lidar_cm_14,lidar_cm_15,lidar_cm_16,lidar_class_0,lidar_class_1,lidar_class_2,lidar_class_3,lidar_class_4,lidar_class_5,lidar_class_6,lidar_class_7,lidar_class_8,lidar_class_9,lidar_class_10,lidar_class_11,lidar_class_12,lidar_class_13,lidar_class_14,lidar_class_15,lidar_class_16
0,-8272.131,-2137.670,347.029,154.742,-0.904356,-0.426694,0.008452,0.426684,-0.904396,-0.003072,0.008955,0.000829,0.999960,0,0.35722,0.70296,0.175,0.011,-1,644.454,-1,654.292,-1,535.054,538.307,546.765,647.002,-1,-1,-1,-1,-1,-1,-1,-1,2,0,2,0,2,0,0,0,0,2,2,2,2,2,2,2,2
1,-8272.596,-2137.363,348.333,154.764,-0.904508,-0.426335,0.010155,0.426315,-0.904565,-0.004163,0.010961,0.000564,0.999940,0,0.35722,0.70296,0.557,0.023,-1,651.865,-1,661.464,-1,540.805,544.030,550.544,652.660,-1,-1,-1,-1,-1,-1,-1,-1,2,0,2,0,2,0,0,0,0,2,2,2,2,2,2,2,2
2,-8273.482,-2136.912,348.355,154.785,-0.904625,-0.426002,0.013263,0.425965,-0.904722,-0.005661,0.014411,0.000528,0.999896,0,0.35722,0.70296,0.995,0.021,-1,659.462,-1,668.119,-1,546.273,549.303,550.921,653.180,-1,-1,-1,-1,-1,-1,-1,-1,2,0,2,0,2,0,0,0,0,2,2,2,2,2,2,2,2
3,-8274.747,-2136.302,347.206,154.811,-0.904751,-0.425602,0.016970,0.425532,-0.904911,-0.007725,0.018644,0.000232,0.999826,0,0.35722,0.70296,1.404,0.026,-1,665.747,-1,673.737,-1,550.618,553.546,546.989,650.367,-1,-1,-1,-1,-1,-1,-1,-1,2,0,2,0,2,0,0,0,0,2,2,2,2,2,2,2,2
4,-8276.220,-2135.634,345.311,154.832,-0.904873,-0.425276,0.018575,0.425182,-0.905064,-0.008980,0.020630,-0.000228,0.999787,0,0.35722,0.70296,1.617,0.021,-1,664.868,-1,673.236,-1,549.686,552.714,539.983,645.040,-1,-1,-1,-1,-1,-1,-1,-1,2,0,2,0,2,0,0,0,0,2,2,2,2,2,2,2,2
5,-8277.800,-2134.923,342.974,154.850,-0.905041,-0.425009,0.016370,0.424922,-0.905189,-0.008638,0.018489,-0.000861,0.999829,0,0.35722,0.70296,1.733,0.018,-1,653.247,-1,663.468,-1,540.964,544.372,530.630,638.051,-1,-1,-1,-1,-1,-1,-1,-1,2,0,2,0,2,0,0,0,0,2,2,2,2,2,2,2,2
6,-8279.597,-2134.086,340.718,154.867,-0.905235,-0.424736,0.012249,0.424679,-0.905317,-0.007000,0.014063,-0.001134,0.999900,0,0.35722,0.70296,1.982,0.017,-1,637.083,-1,648.731,-1,528.781,532.563,522.107,629.907,-1,-1,-1,-1,-1,1005.381,-1,-1,2,0,2,0,2,0,0,0,0,2,2,2,2,2,0,2,2
7,-8281.764,-2133.050,339.051,154.888,-0.905434,-0.424401,0.008511,0.424371,-0.905474,-0.005193,0.009910,-0.001090,0.999950,0,0.35722,0.70296,2.402,0.021,-1,623.422,-1,635.468,-1,518.293,521.905,516.222,622.916,-1,-1,-1,-1,-1,977.689,-1,-1,2,0,2,0,2,0,0,0,0,2,2,2,2,2,0,2,2
8,-8284.359,-2131.800,338.184,154.914,-0.905651,-0.423980,0.006150,0.423964,-0.905671,-0.003792,0.007177,-0.000827,0.999974,0,0.35722,0.70296,2.881,0.026,-1,615.041,-1,626.834,-1,511.745,515.162,513.554,618.299,-1,-1,-1,-1,-1,959.534,-1,-1,2,0,2,0,2,0,0,0,0,2,2,2,2,2,0,2,2
9,-8287.386,-2130.346,338.147,154.944,-0.905876,-0.423511,0.005271,0.423501,-0.905891,-0.002900,0.006003,-0.000395,0.999982,0,0.35722,0.70296,3.357,0.029,-1,612.101,-1,623.066,-1,509.298,512.565,514.101,616.325,-1,-1,-1,-1,-1,951.222,-1,-1,2,0,2,0,2,0,0,0,0,2,2,2,2,2,0,2,2
10,-8290.804,-2128.731,338.827,154.977,-0.906120,-0.422986,0.005436,0.422979,-0.906136,-0.002538,0.005999,-0.000000,0.999982,0,0.35722,0.70296,3.780,0.033,-1,613.301,-1,623.194,-1,510.045,513.248,516.988,617.140,-1,-1,-1,-1,-1,950.638,-1,-1,2,0,2,0,2,0,0,0,0,2,2,2,2,2,0,2,2
11,-8294.572,-2126.991,339.974,155.015,-0.906401,-0.422376,0.005980,0.422369,-0.906420,-0.002452,0.006456,0.000303,0.999979,0,0.35722,0.70296,4.151,0.038,-1,616.504,-1,625.253,-1,512.369,515.533,521.212,619.892,-1,-1,-1,-1,-1,953.702,-1,-1,2,0,2,0,2,0,0,0,0,2,2,2,2,2,0,2,2
12,-8298.650,-2125.139,341.271,155.057,-0.906710,-0.421710,0.006204,0.421703,-0.906731,-0.002334,0.006610,0.000500,0.999978,0,0.35722,0.70296,4.479,0.042,-1,619.308,-1,627.016,-1,514.374,517.244,525.623,623.405,-1,-1,-1,-1,-1,955.894,-1,-1,2,0,2,0,2,0,0,0,0,2,2,2,2,2,0,2,2
13,-8303.007,-2123.187,342.427,155.103,-0.907048,-0.420989,0.005691,0.420985,-0.907065,-0.001954,0.005984,0.000624,0.999982,0,0.35722,0.70296,4.774,0.045,-1,619.993,-1,626.840,-1,514.817,517.447,529.493,626.478,-1,-1,-1,-1,-1,953.948,-1,-1,2,0,2,0,2,0,0,0,0,2,2,2,2,2,0,2,2
14,-8307.656,-2121.151,343.265,155.159,-0.907468,-0.420095,0.004652,0.420094,-0.907480,-0.001105,0.004686,0.000951,0.999989,0,0.35722,0.70296,5.075,0.056,-1,618.554,-1,624.332,-1,513.557,515.920,532.790,627.647,-1,-1,-1,-1,-1,947.214,-1,-1,2,0,2,0,2,0,0,0,0,2,2,2,2,2,0,2,2
15,-8312.611,-2119.028,343.713,155.228,-0.907977,-0.419008,0.003328,0.419010,-0.907982,0.000091,0.002983,0.001477,0.999994,0,0.35722,0.70296,5.391,0.069,-1,615.405,-1,619.897,-1,510.884,512.948,535.291,626.723,-1,-1,-1,-1,1005.258,936.729,-1,-1,2,0,2,0,2,0,0,0,0,2,2,2,2,0,0,2,2
16,-8317.852,-2116.819,343.845,155.303,-0.908527,-0.417821,0.001942,0.417823,-0.908527,0.001447,0.001160,0.002126,0.999997,0,0.35722,0.70296,5.687,0.075,-1,611.281,-1,614.354,-1,507.383,509.122,537.085,624.175,-1,-1,-1,-1,996.778,924.287,-1,-1,2,0,2,0,2,0,0,0,0,2,2,2,2,0,0,2,2
17,-8323.400,-2114.525,343.752,155.388,-0.909148,-0.416473,0.000700,0.416473,-0.909143,0.002828,-0.000541,0.002863,0.999996,0,0.35722,0.70296,6.004,0.085,-1,606.903,-1,608.410,-1,503.604,504.986,538.403,620.514,-1,-1,-1,-1,988.165,911.462,-1,-1,2,0,2,0,2,0,0,0,0,2,2,2,2,0,0,2,2
18,-8329.271,-2112.188,343.536,155.488,-0.909871,-0.414891,-0.000486,0.414886,-0.909864,0.004130,-0.002155,0.003556,0.999991,0,0.35722,0.70296,6.319,0.100,-1,602.366,-1,602.294,-1,499.676,500.699,539.261,616.485,-1,-1,-1,-1,979.463,899.139,-1,-1,2,0,2,0,2,0,0,0,0,2,2,2,2,0,0,2,2
19,-8335.424,-2109.820,343.330,155.594,-0.910632,-0.413214,-0.001945,0.413200,-0.910625,0.005275,-0.003951,0.004000,0.999984,0,0.35722,0.70296,6.592,0.106,-1,597.302,-1,595.956,-1,495.432,496.164,539.554,613.155,-1,-1,-1,-1,969.400,886.402,-1,-1,2,0,2,0,2,0,0,0,0,2,2,2,2,0,0,2,2
20,-8341.935,-2107.350,343.188,155.706,-0.911435,-0.411430,-0.003278,0.411406,-0.911431,0.006143,-0.005515,0.004250,0.999976,0,0.43843,1.00000,6.964,0.113,-1,592.711,-1,590.240,-1,491.588,492.058,539.633,610.716,-1,-1,-1,-1,960.243,874.782,-1,-1,2,0,2,0,2,0,0,0,0,2,2,2,2,0,0,2,2
21,-8348.893,-2104.717,343.083,155.831,-0.912321,-0.409454,-0.004153,0.409424,-0.912320,0.006601,-0.006492,0.004322,0.999970,0,0.43843,1.00000,7.440,0.124,-1,589.231,-1,585.597,-1,488.591,488.801,539.493,608.933,-1,-1,-1,-1,953.366,865.265,-1,-1,2,0,2,0,2,0,0,0,0,2,2,2,2,0,0,2,2
22,-8356.274,-2101.917,342.994,155.969,-0.913304,-0.407254,-0.004514,0.407221,-0.913304,0.006826,-0.006902,0.004396,0.999967,0,0.43843,1.00000,7.895,0.138,-1,586.874,-1,581.763,-1,486.386,486.286,539.485,607.197,-1,-1,-1,-1,948.834,857.430,-1,-1,2,0,2,0,2,0,0,0,0,2,2,2,2,0,0,2,2
23,-8363.998,-2098.987,342.970,156.117,-0.914347,-0.404903,-0.004778,0.404863,-0.914346,0.007545,-0.007424,0.004964,0.999960,0,0.43843,1.00000,8.261,0.148,-1,584.712,-1,577.469,-1,484.156,483.590,540.532,604.196,-1,-1,-1,-1,944.482,848.592,-1,-1,2,0,2,0,2,0,0,0,0,2,2,2,2,0,0,2,2
24,-8372.050,-2096.010,343.050,156.289,-0.915550,-0.402169,-0.005370,0.402114,-0.915544,0.009100,-0.008576,0.006172,0.999944,0,0.43843,1.00000,8.585,0.172,-1,581.921,-1,571.810,-1,481.249,480.033,543.193,599.570,-1,-1,-1,-1,938.712,837.138,-1,-1,2,0,2,0,2,0,0,0,0,2,2,2,2,0,0,2,2
25,-8380.482,-2093.041,343.188,156.493,-0.916966,-0.398915,-0.006355,0.398835,-0.916956,0.011039,-0.010231,0.007587,0.999919,0,0.43843,1.00000,8.940,0.205,-1,578.395,-1,565.151,-1,477.713,475.742,546.493,594.414,-1,-1,-1,-1,931.650,824.264,-1,-1,2,0,2,0,2,0,0,0,0,2,2,2,2,0,0,2,2
26,-8389.317,-2090.100,343.352,156.727,-0.918563,-0.395201,-0.007686,0.395091,-0.918554,0.012730,-0.012091,0.008657,0.999889,0,0.43843,1.00000,9.312,0.233,-1,574.305,-1,558.260,-1,473.843,471.096,549.075,590.213,-1,-1,-1,-1,923.611,810.939,-1,-1,2,0,2,0,2,0,0,0,0,2,2,2,2,0,0,2,2
27,-8398.569,-2087.207,343.512,156.983,-0.920301,-0.391103,-0.009227,0.390965,-0.920303,0.013754,-0.013871,0.009050,0.999863,0,0.43843,1.00000,9.694,0.257,-1,569.789,-1,551.468,-1,469.949,466.577,550.085,587.929,-1,-1,-1,-1,915.128,798.300,-1,-1,2,0,2,0,2,0,0,0,0,2,2,2,2,0,0,2,2
28,-8408.230,-2084.391,343.632,157.255,-0.922125,-0.386738,-0.010929,0.386585,-0.922151,0.013787,-0.015410,0.008489,0.999845,0,0.43843,1.00000,10.063,0.272,-1,564.976,-1,545.210,-1,465.947,462.375,548.750,588.230,-1,-1,-1,-1,906.298,787.000,-1,-1,2,0,2,0,2,0,0,0,0,2,2,2,2,0,0,2,2
29,-8418.209,-2081.617,343.763,157.537,-0.923994,-0.382186,-0.012969,0.382024,-0.924056,0.013333,-0.017080,0.007365,0.999827,0,0.43843,1.00000,10.357,0.282,-1,559.619,-1,538.954,-1,461.588,458.050,546.122,590.063,-1,-1,-1,-1,896.422,775.751,-1,-1,2,0,2,0,2,0,0,0,0,2,2,2,2,0,0,2,2
30,-8428.581,-2078.923,343.851,157.850,-0.926042,-0.377141,-0.014522,0.376976,-0.926134,0.012871,-0.018303,0.006445,0.999812,0,0.43843,1.00000,10.716,0.312,-1,555.459,-1,533.040,-1,457.735,454.142,543.932,591.127,-1,-1,-1,-1,888.406,765.183,-1,-1,2,0,2,0,2,0,0,0,0,2,2,2,2,0,0,2,2
31,-8439.313,-2076.187,343.824,158.171,-0.928126,-0.371931,-0.015830,0.371766,-0.928243,0.012410,-0.019310,0.005633,0.999798,0,0.43843,1.00000,11.076,0.322,-1,551.514,-1,527.134,-1,453.916,450.230,542.143,591.445,-1,-1,-1,-1,880.873,754.640,-1,-1,2,0,2,0,2,0,0,0,0,2,2,2,2,0,0,2,2
32,-8450.358,-2073.344,343.698,158.482,-0.930107,-0.366880,-0.017335,0.366720,-0.930257,0.011787,-0.020450,0.004606,0.999780,0,0.43843,1.00000,11.405,0.311,-1,546.881,-1,521.090,-1,449.699,445.944,539.586,591.982,-1,-1,-1,-1,872.117,743.612,-1,-1,2,0,2,0,2,0,0,0,0,2,2,2,2,0,0,2,2
33,-8461.741,-2070.326,343.425,158.773,-0.931939,-0.362134,-0.018651,0.361985,-0.932120,0.010954,-0.021352,0.003457,0.999766,0,0.43843,1.00000,11.776,0.291,-1,542.169,-1,515.094,-1,445.760,441.663,536.379,592.399,-1,-1,-1,-1,863.273,732.929,-1,-1,2,0,2,0,2,0,0,0,0,2,2,2,2,0,0,2,2
34,-8473.312,-2067.168,343.053,159.038,-0.933582,-0.357799,-0.020123,0.357656,-0.933795,0.010415,-0.022517,0.002526,0.999743,0,0.23658,0.73914,11.993,0.265,-1,536.771,-1,508.414,-1,441.261,436.462,533.364,591.838,-1,-1,-1,-1,853.188,721.174,-1,-1,2,0,2,0,2,0,0,0,0,2,2,2,2,0,0,2,2
35,-8484.826,-2064.013,342.776,159.294,-0.935126,-0.353631,-0.022032,0.353470,-0.935382,0.010944,-0.024479,0.002446,0.999697,0,0.23658,0.73914,11.939,0.256,-1,530.636,-1,500.463,-1,436.031,430.361,532.421,589.655,-1,-1,-1,-1,841.668,707.013,-1,-1,2,0,2,0,2,0,0,0,0,2,2,2,2,0,0,2,2
36,-8496.363,-2060.917,342.659,159.554,-0.936663,-0.349400,-0.024112,0.349207,-0.936970,0.011923,-0.026758,0.002748,0.999638,0,0.23658,0.73914,11.945,0.260,-1,524.577,-1,492.258,-1,430.780,424.149,532.760,587.375,-1,-1,-1,-1,830.142,692.297,-1,-1,2,0,2,0,2,0,0,0,0,2,2,2,2,0,0,2,2
37,-8507.979,-2057.879,342.647,159.829,-0.938277,-0.344922,-0.025795,0.344685,-0.938625,0.013279,-0.028792,0.003568,0.999579,0,0.23658,0.73914,12.006,0.275,-1,519.574,-1,484.400,-1,426.154,418.363,534.583,584.024,-1,-1,-1,-1,820.490,679.067,-1,-1,2,0,2,0,2,0,0,0,0,2,2,2,2,0,0,2,2
38,-8519.653,-2054.866,342.741,160.107,-0.939900,-0.340392,-0.026855,0.340107,-0.940272,0.014691,-0.030252,0.004675,0.999531,0,0.23658,0.73914,12.057,0.278,-1,515.927,-1,477.455,-1,422.517,413.407,537.433,580.331,-1,-1,-1,-1,813.071,668.210,-1,995.410,2,0,2,0,2,0,0,0,0,2,2,2,2,0,0,2,0
39,-8531.402,-2051.879,342.940,160.377,-0.941479,-0.335985,-0.027025,0.335672,-0.941851,0.015524,-0.030670,0.005544,0.999514,0,0.23658,0.73914,12.123,0.270,-1,514.227,-1,472.261,-1,420.361,410.015,539.635,577.805,-1,-1,-1,-1,808.531,660.132,-1,957.707,2,0,2,0,2,0,0,0,0,2,2,2,2,0,0,2,0
40,-8543.271,-2048.982,343.091,160.652,-0.943089,-0.331468,-0.026700,0.331150,-0.943448,0.015687,-0.030390,0.005952,0.999520,0,0.23658,0.73914,12.217,0.275,-1,513.397,-1,468.397,-1,418.937,407.692,540.217,576.437,-1,-1,-1,-1,805.576,653.770,-1,935.585,2,0,2,0,2,0,0,0,0,2,2,2,2,0,0,2,0
41,-8555.188,-2046.170,343.135,160.928,-0.944679,-0.326911,-0.026653,0.326604,-0.945037,0.015302,-0.030191,0.005751,0.999528,0,0.23658,0.73914,12.245,0.276,-1,511.831,-1,464.652,-1,417.134,405.164,539.167,576.033,-1,-1,-1,-1,801.393,647.411,-1,914.754,2,0,2,0,2,0,0,0,0,2,2,2,2,0,0,2,0
42,-8567.166,-2043.715,343.054,161.267,-0.946588,-0.321316,-0.026957,0.321003,-0.946954,0.015335,-0.030454,0.005863,0.999519,0,0.23658,0.73914,12.227,0.339,-1,509.357,-1,459.871,-1,414.660,401.876,538.534,574.039,-1,-1,-1,-1,795.753,639.520,-1,885.827,2,0,2,0,2,0,0,0,0,2,2,2,2,0,0,2,0
43,-8579.184,-2041.713,342.855,161.682,-0.948874,-0.314467,-0.027355,0.314144,-0.949249,0.015510,-0.030844,0.006124,0.999505,0,0.23658,0.73914,12.183,0.414,-1,506.514,-1,454.625,-1,411.961,398.283,538.141,572.005,-1,-1,-1,-1,789.624,630.997,-1,852.431,2,0,2,0,2,0,0,0,0,2,2,2,2,0,0,2,0
44,-8591.208,-2040.150,342.540,162.162,-0.951458,-0.306518,-0.027838,0.306184,-0.951843,0.015678,-0.031303,0.006393,0.999489,0,0.23658,0.73914,12.126,0.480,-1,503.399,-1,449.086,-1,409.017,394.484,537.442,569.454,-1,-1,-1,-1,783.066,622.119,-1,820.052,2,0,2,0,2,0,0,0,0,2,2,2,2,0,0,2,0
45,-8603.230,-2038.749,342.169,162.634,-0.953949,-0.298647,-0.028129,0.298334,-0.954346,0.014848,-0.031279,0.005772,0.999494,0,0.23658,0.73914,12.104,0.472,-1,500.551,-1,444.366,-1,406.816,391.295,534.763,569.060,-1,-1,-1,-1,776.989,614.817,-1,795.418,2,0,2,0,2,0,0,0,0,2,2,2,2,0,0,2,0
46,-8615.240,-2037.307,341.804,163.071,-0.956214,-0.291314,-0.028133,0.291054,-0.956618,0.013049,-0.030714,0.004289,0.999519,0,0.23658,0.73914,12.096,0.437,-1,498.167,-1,440.526,-1,405.112,388.852,530.363,571.025,-1,-1,-1,-1,771.733,609.289,-1,777.389,2,0,2,0,2,0,0,0,0,2,2,2,2,0,0,2,0
47,-8627.214,-2036.024,341.534,163.516,-0.958468,-0.283836,-0.027865,0.283612,-0.958867,0.011758,-0.030056,0.003367,0.999543,0,0.23658,0.73914,12.042,0.446,-1,496.453,-1,436.801,-1,403.824,386.645,527.429,570.915,-1,-1,-1,-1,767.673,604.455,-1,762.514,2,0,2,0,2,0,0,0,0,2,2,2,2,0,0,2,0
48,-8639.159,-2034.924,341.376,163.996,-0.960835,-0.275793,-0.027113,0.275584,-0.961211,0.011245,-0.029163,0.003332,0.999569,0,0.23658,0.73914,11.996,0.480,-1,495.934,-1,433.269,-1,403.254,384.809,526.678,568.661,-1,-1,-1,-1,765.659,600.075,-1,749.673,2,0,2,0,2,0,0,0,0,2,2,2,2,0,0,2,0
49,-8651.125,-2033.551,341.342,164.410,-0.962851,-0.268829,-0.025456,0.268649,-0.963183,0.010296,-0.027287,0.003074,0.999623,0,0.23658,0.73914,12.044,0.414,-1,497.255,-1,431.282,-1,403.930,384.112,525.903,568.453,-1,-1,-1,-1,766.483,598.266,-1,742.951,2,0,2,0,2,0,0,0,0,2,2,2,2,0,0,2,0
50,-8663.052,-2032.110,341.469,164.791,-0.964664,-0.262412,-0.023724,0.262250,-0.964951,0.009780,-0.025459,0.003213,0.999671,0,0.23658,0.73914,12.014,0.381,-1,499.079,-1,430.099,-1,404.843,383.952,526.382,567.968,-1,-1,-1,-1,767.305,596.506,-1,736.276,2,0,2,0,2,0,0,0,0,2,2,2,2,0,0,2,0
51,-8674.937,-2030.799,341.721,165.183,-0.966475,-0.255818,-0.021993,0.255653,-0.966716,0.010088,-0.023841,0.004128,0.999707,0,0.23658,0.73914,11.957,0.392,-1,501.293,-1,428.612,-1,405.894,383.781,528.798,565.914,-1,-1,-1,-1,768.676,594.123,-1,727.574,2,0,2,0,2,0,0,0,0,2,2,2,2,0,0,2,0
52,-8686.839,-2029.550,341.929,165.574,-0.968235,-0.249247,-0.019904,0.249074,-0.968425,0.010768,-0.021959,0.005468,0.999744,0,0.23658,0.73914,11.968,0.390,-1,504.143,-1,427.234,-1,407.279,383.888,532.014,562.704,-1,-1,-1,-1,771.148,591.937,-1,718.981,2,0,2,0,2,0,0,0,0,2,2,2,2,0,0,2,0
53,-8698.751,-2028.301,342.032,165.947,-0.969878,-0.242939,-0.017792,0.242768,-0.970019,0.011252,-0.019992,0.006594,0.999778,0,0.23658,0.73914,11.977,0.373,-1,506.716,-1,425.857,-1,408.663,383.920,534.509,559.023,-1,-1,-1,-1,773.389,589.832,-1,711.164,2,0,2,0,2,0,0,0,0,2,2,2,2,0,0,2,0
54,-8710.657,-2027.104,341.991,166.316,-0.971452,-0.236686,-0.016130,0.236522,-0.971559,0.011452,-0.018382,0.007310,0.999804,0,0.23658,0.73914,11.966,0.369,-1,507.723,-1,423.922,-1,409.712,383.356,535.708,555.622,-1,-1,-1,-1,773.789,587.090,-1,703.750,2,0,2,0,2,0,0,0,0,2,2,2,2,0,0,2,0
55,-8722.470,-2026.285,341.903,166.745,-0.973213,-0.229421,-0.014928,0.229253,-0.973291,0.012149,-0.017316,0.008402,0.999815,0,0.23658,0.73914,11.841,0.429,-1,507.964,-1,421.151,-1,410.225,382.237,536.891,551.413,-1,-1,-1,-1,772.972,583.662,-1,691.641,2,0,2,0,2,0,0,0,0,2,2,2,2,0,0,2,0
56,-8734.288,-2025.692,341.905,167.202,-0.975029,-0.221649,-0.013769,0.221489,-0.975086,0.012245,-0.016140,0.008889,0.999830,0,0.47897,0.95213,11.833,0.457,-1,508.323,-1,418.984,-1,411.077,381.580,536.450,549.508,-1,-1,-1,-1,772.250,582.997,-1,682.001,2,0,2,0,2,0,0,0,0,2,2,2,2,0,0,2,0
57,-8746.421,-2025.311,341.986,167.690,-0.976915,-0.213307,-0.011702,0.213175,-0.976945,0.011613,-0.013910,0.008851,0.999864,0,0.47897,0.95213,12.139,0.489,-1,510.451,-1,418.666,-1,413.126,382.398,535.267,549.107,-1,-1,-1,-1,774.323,584.991,-1,679.463,2,0,2,0,2,0,0,0,0,2,2,2,2,0,0,2,0
58,-8758.609,-2025.570,342.151,168.290,-0.979122,-0.203062,-0.009308,0.202948,-0.979118,0.011834,-0.011516,0.009698,0.999887,0,0.47897,0.95213,12.191,0.599,-1,513.727,-1,419.338,-1,416.063,384.595,536.422,546.867,-1,-1,-1,-1,776.037,587.608,-1,675.215,2,0,2,0,2,0,0,0,0,2,2,2,2,0,0,2,0
59,-8770.390,-2026.813,342.492,169.044,-0.981726,-0.190145,-0.007640,0.190042,-0.981696,0.012536,-0.009884,0.010855,0.999892,0,0.47897,0.95213,11.846,0.754,-1,516.550,-1,419.853,-1,419.130,386.875,539.184,543.860,-1,-1,-1,-1,776.492,589.948,-1,669.948,2,0,2,0,2,0,0,0,0,2,2,2,2,0,0,2,0
60,-8782.069,-2028.449,342.961,169.802,-0.984175,-0.177117,-0.005439,0.177050,-0.984140,0.011057,-0.007311,0.009919,0.999924,0,0.47897,0.95213,11.794,0.758,-1,520.310,-1,422.767,-1,423.533,391.009,538.129,545.228,-1,-1,-1,-1,778.247,596.533,-1,678.868,2,0,2,0,2,0,0,0,0,2,2,2,2,0,0,2,0
61,-8793.717,-2030.399,343.442,170.556,-0.986439,-0.164109,-0.002425,0.164084,-0.986412,0.008279,-0.003750,0.007768,0.999963,0,0.47897,0.95213,11.810,0.754,-1,523.028,-1,427.607,-1,429.321,396.268,534.711,549.893,-1,-1,-1,-1,782.022,607.602,-1,712.864,2,0,2,0,2,0,0,0,0,2,2,2,2,0,0,2,0
62,-8805.228,-2032.552,343.983,171.318,-0.988540,-0.150955,0.000897,0.150957,-0.988529,0.004694,0.000178,0.004775,0.999989,0,0.47897,0.95213,11.710,0.762,-1,525.212,-1,433.605,-1,435.904,402.421,529.864,556.969,-1,-1,-1,-1,786.452,625.828,-1,-1,2,0,2,0,2,0,0,0,0,2,2,2,2,0,0,2,2
63,-8816.706,-2034.670,344.552,172.030,-0.990332,-0.138648,0.004354,0.138653,-0.990341,0.000797,0.004202,0.001393,0.999990,0,0.47897,0.95213,11.672,0.712,-1,526.833,-1,440.004,-1,442.614,408.809,524.251,565.169,-1,-1,-1,-1,791.120,645.906,-1,-1,2,0,2,0,2,0,0,0,0,2,2,2,2,0,0,2,2
64,-8828.375,-2036.486,345.088,172.665,-0.991781,-0.127677,0.008257,0.127657,-0.991814,-0.002868,0.008555,-0.001790,0.999962,0,0.47897,0.95213,11.809,0.635,-1,529.195,-1,447.435,-1,449.277,415.850,518.784,572.147,-1,-1,-1,-1,797.182,668.485,-1,-1,2,0,2,0,2,0,0,0,0,2,2,2,2,0,0,2,2
65,-8840.196,-2038.262,345.516,173.290,-0.993071,-0.116877,0.012215,0.116829,-0.993141,-0.004588,0.012668,-0.003129,0.999915,0,0.47897,0.95213,11.954,0.625,-1,531.910,-1,454.310,-1,454.277,422.519,516.606,574.491,-1,-1,-1,-1,804.294,689.224,-1,-1,2,0,2,0,2,0,0,0,0,2,2,2,2,0,0,2,2
66,-8852.027,-2040.141,345.847,173.940,-0.994287,-0.105612,0.015481,0.105560,-0.994404,-0.004171,0.015835,-0.002513,0.999871,0,0.47897,0.95213,11.979,0.649,-1,533.836,-1,458.983,-1,458.079,427.704,517.991,572.132,-1,-1,-1,-1,810.238,705.098,-1,-1,2,0,2,0,2,0,0,0,0,2,2,2,2,0,0,2,2
67,-8863.602,-2042.161,346.204,174.599,-0.995408,-0.094145,0.017296,0.094113,-0.995558,-0.002666,0.017470,-0.001026,0.999847,0,0.47897,0.95213,11.749,0.659,-1,533.737,-1,461.266,-1,459.881,430.932,521.138,566.568,-1,-1,-1,-1,812.602,715.552,-1,-1,2,0,2,0,2,0,0,0,0,2,2,2,2,0,0,2,2
68,-8874.969,-2044.266,346.646,175.243,-0.996383,-0.082923,0.018591,0.082909,-0.996556,-0.001495,0.018651,0.000052,0.999826,0,0.47897,0.95213,11.560,0.644,-1,532.926,-1,463.315,-1,460.729,433.382,523.708,562.226,-1,-1,-1,-1,813.703,727.474,-1,-1,2,0,2,0,2,0,0,0,0,2,2,2,2,0,0,2,2
69,-8886.192,-2046.585,347.135,175.891,-0.997221,-0.071640,0.020443,0.071642,-0.997430,-0.000603,0.020433,0.000864,0.999791,0,0.47897,0.95213,11.461,0.647,-1,533.146,-1,466.542,-1,461.846,436.930,526.001,558.719,-1,-1,-1,-1,816.995,739.827,-1,-1,2,0,2,0,2,0,0,0,0,2,2,2,2,0,0,2,2
70,-8896.934,-2049.399,347.707,176.587,-0.997974,-0.059496,0.022563,0.059513,-0.998228,0.000055,0.022519,0.001398,0.999745,0,0.47897,0.95213,11.104,0.696,-1,533.886,-1,471.304,-1,463.718,441.553,528.269,556.072,-1,-1,-1,-1,821.591,754.430,-1,-1,2,0,2,0,2,0,0,0,0,2,2,2,2,0,0,2,2
71,-8907.399,-2052.356,348.287,177.286,-0.998558,-0.047330,0.025332,0.047329,-0.998879,-0.000649,0.025335,0.000551,0.999679,0,0.47897,0.95213,10.876,0.699,-1,534.864,-1,478.828,-1,466.556,446.545,527.899,556.148,-1,-1,-1,-1,827.538,774.812,-1,-1,2,0,2,0,2,0,0,0,0,2,2,2,2,0,0,2,2
72,-8918.279,-2054.865,348.779,177.862,-0.998856,-0.037368,0.029831,0.037291,-0.999300,-0.003120,0.029927,-0.002004,0.999550,0,0.47897,0.95213,11.165,0.576,-1,538.044,-1,489.138,-1,471.341,453.588,523.525,558.565,-1,-1,-1,-1,838.797,805.374,-1,-1,2,0,2,0,2,0,0,0,0,2,2,2,2,0,0,2,2
73,-8929.588,-2057.078,349.129,178.362,-0.998964,-0.028737,0.035274,0.028560,-0.999577,-0.005526,0.035418,-0.004512,0.999362,0,0.47897,0.95213,11.523,0.500,-1,542.687,-1,500.487,-1,477.080,461.398,518.663,557.773,-1,-1,-1,-1,853.948,840.565,-1,-1,2,0,2,0,2,0,0,0,0,2,2,2,2,0,0,2,2
74,-8941.236,-2059.195,349.342,178.836,-0.998967,-0.020538,0.040546,0.020294,-0.999773,-0.006417,0.040669,-0.005588,0.999157,0,0.47897,0.95213,11.839,0.474,-1,547.462,-1,510.489,-1,482.421,468.588,516.142,553.563,-1,-1,-1,-1,869.905,873.075,-1,-1,2,0,2,0,2,0,0,0,0,2,2,2,2,0,0,2,2
75,-8953.001,-2061.430,349.516,179.363,-0.998960,-0.011311,0.044159,0.011109,-0.999927,-0.004821,0.044210,-0.004326,0.999013,0,0.47897,0.95213,11.975,0.527,-1,550.310,-1,516.572,-1,485.621,473.282,518.144,543.926,-1,-1,-1,-1,884.336,892.157,-1,-1,2,0,2,0,2,0,0,0,0,2,2,2,2,0,0,2,2
76,-8964.446,-2063.744,349.740,179.907,-0.998990,-0.001722,0.044892,0.001626,-0.999996,-0.002176,0.044896,-0.002101,0.998989,0,-0.09867,0.31543,11.677,0.544,-1,548.714,-1,516.507,-1,483.860,473.789,522.090,532.404,-1,-1,-1,-1,887.229,888.758,-1,-1,2,0,2,0,2,0,0,0,0,2,2,2,2,0,0,2,2
77,-8975.245,-2065.905,349.991,-179.625,-0.999037,0.006506,0.043389,-0.006544,-0.999978,-0.000750,0.043383,-0.001033,0.999058,0,-0.09867,0.31543,11.013,0.469,-1,542.907,-1,513.267,-1,478.418,471.065,523.523,523.880,-1,-1,-1,-1,878.113,873.866,-1,-1,2,0,2,0,2,0,0,0,0,2,2,2,2,0,0,2,2
78,-8985.496,-2068.017,350.279,-179.208,-0.999012,0.013772,0.042248,-0.013814,-0.999904,-0.000709,0.042234,-0.001292,0.999107,0,-0.09867,0.31543,10.466,0.417,-1,537.402,-1,511.374,-1,473.621,468.727,522.384,518.702,-1,-1,-1,-1,869.138,866.412,-1,-1,2,0,2,0,2,0,0,0,0,2,2,2,2,0,0,2,2
79,-8995.215,-2070.174,350.660,-178.810,-0.998877,0.020669,0.042623,-0.020757,-0.999783,-0.001616,0.042580,-0.002499,0.999090,0,-0.09867,0.31543,9.955,0.398,-1,534.457,-1,512.779,-1,471.221,468.722,519.800,514.674,-1,-1,-1,-1,866.434,868.839,-1,-1,2,0,2,0,2,0,0,0,0,2,2,2,2,0,0,2,2
80,-9004.561,-2072.217,351.102,-178.445,-0.998647,0.026948,0.044472,-0.027105,-0.999628,-0.002938,0.044376,-0.004140,0.999006,0,-0.09867,0.31543,9.566,0.364,-1,534.177,-1,516.962,-1,471.128,470.635,516.665,511.799,-1,-1,-1,-1,870.341,883.125,-1,-1,2,0,2,0,2,0,0,0,0,2,2,2,2,0,0,2,2
81,-9013.657,-2073.966,351.549,-178.155,-0.998357,0.031930,0.047573,-0.032155,-0.999475,-0.003958,0.047422,-0.005482,0.998860,0,-0.09867,0.31543,9.263,0.290,-1,536.548,-1,523.427,-1,473.093,473.407,514.139,509.078,-1,-1,-1,-1,881.478,906.910,-1,-1,2,0,2,0,2,0,0,0,0,2,2,2,2,0,0,2,2
82,-9022.482,-2075.381,351.941,-177.933,-0.998056,0.035748,0.051057,-0.036020,-0.999341,-0.004411,0.050866,-0.006241,0.998686,0,-0.09867,0.31543,8.938,0.222,-1,540.103,-1,530.651,-1,475.832,476.669,512.550,505.684,-1,-1,-1,-1,896.174,932.171,-1,-1,2,0,2,0,2,0,0,0,0,2,2,2,2,0,0,2,2
83,-9030.957,-2076.601,352.229,-177.739,-0.997767,0.039130,0.054120,-0.039388,-0.999217,-0.003708,0.053932,-0.005832,0.998528,0,-0.09867,0.31543,8.562,0.194,-1,543.615,-1,536.235,-1,478.022,479.151,512.532,500.098,-1,-1,-1,-1,910.917,952.255,-1,-1,2,0,2,0,2,0,0,0,0,2,2,2,2,0,0,2,2
84,-9038.999,-2077.657,352.484,-177.571,-0.997510,0.042100,0.056586,-0.042311,-0.999101,-0.002543,0.056428,-0.004931,0.998394,0,-0.09867,0.31543,8.111,0.168,-1,546.552,-1,539.943,-1,479.552,480.810,513.290,493.870,-1,-1,-1,-1,925.599,972.711,-1,-1,2,0,2,0,2,0,0,0,0,2,2,2,2,0,0,2,2
85,-9046.639,-2078.540,352.725,-177.437,-0.997299,0.044486,0.058451,-0.044642,-0.999002,-0.001368,0.058332,-0.003973,0.998289,0,-0.09867,0.31543,7.690,0.134,-1,548.736,-1,541.807,-1,480.377,481.685,514.073,487.921,-1,-1,-1,-1,939.346,987.966,-1,-1,2,0,2,0,2,0,0,0,0,2,2,2,2,0,0,2,2
86,-9053.913,-2079.288,352.927,-177.330,-0.997129,0.046401,0.059844,-0.046500,-0.998918,-0.000274,0.059767,-0.003056,0.998208,0,-0.09867,0.31543,7.313,0.107,-1,550.388,-1,542.754,-1,480.588,481.904,514.639,482.312,-1,-1,-1,-1,949.967,-1,-1,-1,2,0,2,0,2,0,0,0,0,2,2,2,2,0,2,2,2
87,-9060.836,-2079.980,353.059,-177.232,-0.996971,0.048153,0.061081,-0.048206,-0.998837,0.000615,0.061040,-0.002332,0.998133,0,-0.09867,0.31543,6.957,0.098,-1,551.448,-1,543.418,-1,480.523,481.879,514.685,477.135,-1,-1,-1,-1,958.929,-1,-1,-1,2,0,2,0,2,0,0,0,0,2,2,2,2,0,2,2,2
88,-9067.396,-2080.662,353.138,-177.142,-0.996819,0.049741,0.062276,-0.049767,-0.998760,0.001123,0.062254,-0.001980,0.998058,0,-0.09867,0.31543,6.595,0.090,-1,552.105,-1,544.149,-1,480.337,481.826,513.905,472.765,-1,-1,-1,-1,966.139,-1,-1,-1,2,0,2,0,2,0,0,0,0,2,2,2,2,0,2,2,2
89,-9073.609,-2081.341,353.200,-177.061,-0.996666,0.051141,0.063567,-0.051165,-0.998689,0.001259,0.063548,-0.001997,0.997977,0,-0.09867,0.31543,6.251,0.081,-1,552.766,-1,545.279,-1,480.298,482.018,512.405,469.287,-1,-1,-1,-1,973.130,-1,-1,-1,2,0,2,0,2,0,0,0,0,2,2,2,2,0,2,2,2
90,-9079.454,-2082.010,353.298,-176.983,-0.996518,0.052491,0.064788,-0.052522,-0.998619,0.001229,0.064763,-0.002178,0.997898,0,-0.09867,0.31543,5.883,0.078,-1,553.380,-1,546.546,-1,480.309,482.302,510.783,466.378,-1,-1,-1,-1,979.644,-1,-1,-1,2,0,2,0,2,0,0,0,0,2,2,2,2,0,2,2,2
91,-9084.912,-2082.650,353.483,-176.910,-0.996383,0.053748,0.065822,-0.053789,-0.998552,0.001147,0.065788,-0.002397,0.997831,0,-0.09867,0.31543,5.495,0.073,-1,553.935,-1,547.780,-1,480.331,482.495,509.418,463.881,-1,-1,-1,-1,985.448,-1,-1,-1,2,0,2,0,2,0,0,0,0,2,2,2,2,0,2,2,2
92,-9089.970,-2083.271,353.795,-176.844,-0.996249,0.054854,0.066927,-0.054926,-0.998490,0.000758,0.066867,-0.002921,0.997758,0,-0.09867,0.31543,5.096,0.066,-1,554.846,-1,549.688,-1,480.780,483.177,507.906,462.544,-1,-1,-1,-1,991.836,-1,-1,-1,2,0,2,0,2,0,0,0,0,2,2,2,2,0,2,2,2
93,-9094.661,-2083.865,354.212,-176.788,-0.996111,0.055770,0.068213,-0.055896,-0.998437,0.000056,0.068109,-0.003757,0.997671,0,-0.09867,0.31543,4.729,0.056,-1,556.265,-1,552.422,-1,481.871,484.471,506.166,462.329,-1,-1,-1,-1,1004.679,-1,-1,-1,2,0,2,0,2,0,0,0,0,2,2,2,2,0,2,2,2
94,-9099.031,-2084.417,354.664,-176.740,-0.995965,0.056543,0.069683,-0.056731,-0.998389,-0.000721,0.069530,-0.004671,0.997569,0,-0.09867,0.31543,4.405,0.048,-1,558.186,-1,555.709,-1,483.403,486.221,504.468,462.589,-1,-1,-1,-1,972.417,-1,-1,-1,2,0,2,0,2,0,0,0,0,2,2,2,2,1,2,2,2
95,-9103.108,-2084.926,355.071,-176.696,-0.995818,0.057247,0.071205,-0.057490,-0.998345,-0.001361,0.071009,-0.005449,0.997461,0,-0.09867,0.31543,4.109,0.044,-1,560.305,-1,559.012,-1,485.057,488.051,503.011,462.679,-1,-1,-1,-1,968.180,-1,-1,-1,2,0,2,0,2,0,0,0,0,2,2,2,2,1,2,2,2
96,-9106.905,-2085.396,355.365,-176.651,-0.995677,0.057988,0.072557,-0.058262,-0.998300,-0.001671,0.072337,-0.005891,0.997363,0,-0.09867,0.31543,3.826,0.045,-1,562.158,-1,561.956,-1,486.399,489.484,501.992,461.996,-1,-1,-1,-1,964.153,-1,1005.623,-1,2,0,2,0,2,0,0,0,0,2,2,2,2,1,2,1,2
97,-9110.427,-2085.804,355.527,-176.610,-0.995563,0.058694,0.073544,-0.058972,-0.998258,-0.001615,0.073321,-0.005945,0.997291,0,-0.09867,0.31543,3.545,0.041,-1,563.344,-1,563.943,-1,487.101,490.174,501.423,460.403,-1,-1,-1,-1,960.505,-1,1001.829,-1,2,0,2,0,2,0,0,0,0,2,2,2,2,1,2,1,2
98,-9113.673,-2086.142,355.570,-176.574,-0.995485,0.059344,0.074085,-0.059597,-0.998222,-0.001206,0.073881,-0.005616,0.997251,0,-0.09867,0.31543,3.264,0.036,-1,563.721,-1,564.457,-1,487.059,490.018,501.311,457.948,-1,-1,-1,-1,957.297,-1,998.491,-1,2,0,2,0,2,0,0,0,0,2,2,2,2,1,2,1,2
99,-9116.643,-2086.417,355.522,-176.543,-0.995438,0.059937,0.074231,-0.060142,-0.998190,-0.000526,0.074065,-0.004988,0.997241,0,-0.09867,0.31543,2.982,0.031,-1,563.399,-1,563.736,-1,486.391,489.177,501.581,454.871,-1,-1,-1,-1,954.499,-1,995.581,-1,2,0,2,0,2,0,0,0,0,2,2,2,2,1,2,1,2
100,-9119.330,-2086.636,355.445,-176.515,-0.995415,0.060475,0.074100,-0.060623,-0.998161,0.000251,0.073979,-0.004242,0.997251,0,-0.09867,0.31543,2.696,0.028,-1,562.631,-1,562.309,-1,485.360,487.935,502.057,451.670,-1,-1,-1,-1,952.067,-1,993.060,-1,2,0,2,0,2,0,0,0,0,2,2,2,2,1,2,1,2
101,-9121.737,-2086.827,355.396,-176.490,-0.995403,0.060957,0.073878,-0.061050,-0.998134,0.001003,0.073801,-0.003512,0.997267,0,-0.09867,0.31543,2.415,0.024,-1,561.823,-1,560.815,-1,484.328,486.696,502.654,448.749,-1,-1,-1,-1,949.916,-1,990.829,-1,2,0,2,0,2,0,0,0,0,2,2,2,2,1,2,1,2
102,-9123.878,-2087.009,355.404,-176.468,-0.995384,0.061396,0.073765,-0.061445,-0.998109,0.001605,0.073724,-0.002935,0.997274,0,-0.09867,0.31543,2.148,0.023,-1,561.352,-1,559.864,-1,483.630,485.836,503.201,446.431,-1,-1,-1,-1,947.948,-1,988.794,-1,2,0,2,0,2,0,0,0,0,2,2,2,2,1,2,1,2
103,-9126.025,-2087.212,355.493,-176.445,-0.995299,0.061813,0.074558,-0.061833,-0.998084,0.002050,0.074542,-0.002570,0.997215,0,0.29119,1.00000,2.157,0.023,-1,562.749,-1,561.245,-1,484.437,486.534,503.641,444.781,-1,-1,-1,-1,945.786,-1,986.329,-1,2,0,2,0,2,0,0,0,0,2,2,2,2,1,2,1,2
104,-9128.513,-2087.581,355.662,-176.391,-0.995085,0.062795,0.076573,-0.062768,-0.998024,0.002760,0.076595,-0.002060,0.997060,0,0.29119,1.00000,2.515,0.054,-1,566.831,-1,564.868,-1,487.202,489.169,504.741,442.909,-1,-1,-1,-1,942.200,-1,982.907,-1,2,0,2,0,2,0,0,0,0,2,2,2,2,1,2,1,2
105,-9131.268,-2088.129,355.883,-176.302,-0.994811,0.064376,0.078784,-0.064298,-0.997925,0.003526,0.078847,-0.001558,0.996885,0,0.29119,1.00000,2.809,0.089,-1,571.386,-1,569.043,-1,490.283,492.160,506.043,441.140,-1,-1,-1,-1,937.395,-1,979.130,-1,2,0,2,0,2,0,0,0,0,2,2,2,2,1,2,1,2
106,-9134.261,-2088.808,356.125,-176.194,-0.994542,0.066276,0.080587,-0.066165,-0.997800,0.004041,0.080678,-0.001313,0.996739,0,0.29119,1.00000,3.069,0.108,-1,574.908,-1,572.579,-1,492.632,494.525,506.837,439.586,-1,-1,-1,-1,950.385,-1,975.370,-1,2,0,2,0,2,0,0,0,0,2,2,2,2,1,2,1,2
107,-9137.473,-2089.597,356.350,-176.072,-0.994308,0.068401,0.081684,-0.068278,-0.997657,0.004301,0.081787,-0.001301,0.996649,0,0.29119,1.00000,3.307,0.122,-1,576.679,-1,574.733,-1,493.703,495.710,507.018,438.138,-1,-1,-1,-1,965.559,-1,971.788,-1,2,0,2,0,2,0,0,0,0,2,2,2,2,1,2,1,2
108,-9140.896,-2090.492,356.543,-175.936,-0.994112,0.070763,0.082064,-0.070639,-0.997492,0.004414,0.082170,-0.001409,0.996617,0,0.29119,1.00000,3.539,0.136,-1,576.696,-1,575.359,-1,493.460,495.642,506.763,436.584,-1,-1,-1,-1,981.980,-1,968.375,-1,2,0,2,0,2,0,0,0,0,2,2,2,2,1,2,1,2
109,-9144.544,-2091.484,356.701,-175.785,-0.993929,0.073375,0.081986,-0.073252,-0.997303,0.004519,0.082096,-0.001514,0.996623,0,0.29119,1.00000,3.780,0.151,-1,575.593,-1,574.922,-1,492.340,494.719,506.351,434.749,-1,-1,-1,-1,998.808,-1,961.707,-1,2,0,2,0,2,0,0,0,0,2,2,2,2,1,2,1,2
110,-9148.418,-2092.590,356.826,-175.614,-0.993726,0.076358,0.081724,-0.076222,-0.997079,0.004789,0.081851,-0.001470,0.996643,0,0.29119,1.00000,4.029,0.171,-1,574.066,-1,573.938,-1,490.814,493.372,506.131,432.416,-1,-1,-1,-1,994.648,-1,953.708,-1,2,0,2,0,2,0,0,0,0,2,2,2,2,1,2,1,2
111,-9152.527,-2093.807,356.930,-175.423,-0.993477,0.079692,0.081561,-0.079530,-0.996819,0.005232,0.081719,-0.001289,0.996655,0,0.29119,1.00000,4.286,0.191,-1,572.731,-1,572.859,-1,489.355,492.071,506.143,429.656,-1,-1,-1,-1,990.139,-1,945.137,-1,2,0,2,0,2,0,0,0,0,2,2,2,2,1,2,1,2
112,-9156.873,-2095.125,357.031,-175.216,-0.993173,0.083315,0.081650,-0.083119,-0.996523,0.005795,0.081849,-0.001031,0.996644,0,0.29119,1.00000,4.541,0.207,-1,571.997,-1,571.847,-1,488.225,491.093,506.316,426.632,-1,-1,-1,-1,985.202,-1,936.182,-1,2,0,2,0,2,0,0,0,0,2,2,2,2,1,2,1,2
113,-9161.418,-2096.537,357.165,-174.995,-0.992824,0.087171,0.081861,-0.086950,-0.996193,0.006269,0.082096,-0.000894,0.996624,0,0.29119,1.00000,4.759,0.221,-1,571.502,-1,571.188,-1,487.252,490.325,506.335,423.736,-1,-1,-1,-1,979.991,-1,926.807,-1,2,0,2,0,2,0,0,0,0,2,2,2,2,1,2,1,2
114,-9166.151,-2098.067,357.344,-174.757,-0.992426,0.091323,0.082165,-0.091074,-0.995821,0.006772,0.082440,-0.000762,0.996596,0,0.29119,1.00000,4.974,0.238,-1,571.269,-1,570.801,-1,486.447,489.747,506.488,420.821,-1,-1,-1,-1,974.492,-1,916.962,-1,2,0,2,0,2,0,0,0,0,2,2,2,2,1,2,1,2
115,-9171.071,-2099.730,357.562,-174.496,-0.991960,0.095877,0.082607,-0.095589,-0.995393,0.007444,0.082940,-0.000512,0.996554,0,0.29119,1.00000,5.194,0.261,-1,571.494,-1,570.717,-1,485.915,489.425,507.049,417.791,-1,-1,-1,-1,968.655,-1,906.597,-1,2,0,2,0,2,0,0,0,0,2,2,2,2,1,2,1,2
116,-9176.186,-2101.489,357.815,-174.224,-0.991439,0.100616,0.083222,-0.100286,-0.994925,0.008146,0.083619,-0.000270,0.996498,0,0.29119,1.00000,5.408,0.272,-1,572.138,-1,571.055,-1,485.678,489.401,507.693,415.044,-1,-1,-1,-1,960.346,-1,896.014,-1,2,0,2,0,2,0,0,0,0,2,2,2,2,1,2,1,2
117,-9181.456,-2103.340,358.126,-173.946,-0.990874,0.105447,0.083958,-0.105088,-0.994425,0.008693,0.084406,-0.000209,0.996431,0,0.29119,1.00000,5.586,0.278,-1,573.003,-1,571.855,-1,485.648,489.650,508.110,412.635,-1,-1,-1,-1,950.285,-1,885.257,-1,2,0,2,0,2,0,0,0,0,2,2,2,2,1,2,1,2
118,-9186.839,-2105.303,358.505,-173.658,-0.990258,0.110431,0.084816,-0.110066,-0.993884,0.008982,0.085289,-0.000441,0.996356,0,0.29119,1.00000,5.730,0.288,-1,574.023,-1,573.209,-1,485.821,490.206,508.125,410.750,-1,-1,-1,-1,939.967,-1,874.210,-1,2,0,2,0,2,0,0,0,0,2,2,2,2,1,2,1,2
119,-9192.354,-2107.332,358.935,-173.365,-0.989621,0.115436,0.085590,-0.115111,-0.993314,0.008734,0.086026,-0.001209,0.996292,0,0.29119,1.00000,5.876,0.292,-1,574.449,-1,574.709,-1,485.744,490.603,507.119,409.678,-1,-1,-1,-1,929.423,-1,862.849,-1,2,0,2,0,2,0,0,0,0,2,2,2,2,1,2,1,2
120,-9197.987,-2109.437,359.375,-173.074,-0.988965,0.120392,0.086333,-0.120135,-0.992724,0.008186,0.086691,-0.002276,0.996233,0,0.29119,1.00000,6.014,0.291,-1,574.503,-1,576.263,-1,485.494,490.924,505.454,409.022,-1,-1,-1,-1,918.801,-1,851.371,-1,2,0,2,0,2,0,0,0,0,2,2,2,2,1,2,1,2
121,-9203.789,-2111.590,359.781,-172.785,-0.988285,0.125303,0.087137,-0.125109,-0.992113,0.007704,0.087415,-0.003288,0.996167,0,0.29119,1.00000,6.189,0.289,-1,574.588,-1,577.781,-1,485.225,491.042,503.735,408.165,-1,997.510,-1,-1,908.234,-1,-1,-1,2,0,2,0,2,0,0,0,0,2,0,2,2,1,2,2,2
122,-9209.757,-2113.749,360.145,-172.498,-0.987599,0.130222,0.087695,-0.130055,-0.991477,0.007643,0.087943,-0.003857,0.996118,0,0.29119,1.00000,6.346,0.287,-1,574.627,-1,578.425,-1,484.583,490.512,502.729,406.511,-1,974.003,-1,-1,897.677,-1,-1,-1,2,0,2,0,2,0,0,0,0,2,0,2,2,1,2,2,2
123,-9215.865,-2115.895,360.497,-172.213,-0.986924,0.135155,0.087835,-0.134962,-0.990817,0.008159,0.088131,-0.003802,0.996102,0,0.29119,1.00000,6.474,0.285,-1,574.443,-1,577.664,-1,483.534,489.296,503.006,403.875,-1,966.674,-1,-1,887.142,-1,-1,-1,2,0,2,0,2,0,0,0,0,2,0,2,2,1,2,2,2
124,-9222.135,-2118.026,360.826,-171.933,-0.986258,0.140053,0.087639,-0.139788,-0.990139,0.009192,0.088062,-0.003185,0.996110,0,0.29119,1.00000,6.622,0.280,-1,573.957,-1,575.692,-1,482.159,487.499,504.531,400.339,-1,968.118,-1,-1,876.697,-1,-1,-1,2,0,2,0,2,0,0,0,0,2,0,2,2,1,2,2,2
125,-9228.581,-2120.133,361.139,-171.666,-0.985604,0.144745,0.087375,-0.144389,-0.989466,0.010410,0.087962,-0.002356,0.996121,0,0.29327,0.64630,6.782,0.267,-1,573.451,-1,573.430,-1,480.700,485.543,506.374,396.396,-1,974.552,-1,-1,866.550,-1,-1,-1,2,0,2,0,2,0,0,0,0,2,0,2,2,1,2,2,2
126,-9235.190,-2122.260,361.455,-171.406,-0.984931,0.149295,0.087302,-0.148853,-0.988791,0.011591,0.088054,-0.001579,0.996114,0,0.29327,0.64630,6.943,0.260,-1,573.306,-1,571.553,-1,479.515,483.852,508.039,392.496,-1,974.899,-1,-1,856.625,-1,-1,-1,2,0,2,0,2,0,0,0,0,2,0,2,2,1,2,2,2
127,-9241.940,-2124.436,361.803,-171.151,-0.984238,0.153744,0.087397,-0.153227,-0.988110,0.012634,0.088300,-0.000956,0.996093,0,0.29327,0.64630,7.092,0.255,-1,573.446,-1,570.121,-1,478.588,482.443,509.395,388.871,-1,969.396,-1,-1,846.824,-1,-1,-1,2,0,2,0,2,0,0,0,0,2,0,2,2,1,2,2,2
128,-9248.778,-2126.651,362.234,-170.901,-0.983552,0.158079,0.087391,-0.157526,-0.987426,0.013229,0.088383,-0.000755,0.996086,0,0.29327,0.64630,7.188,0.250,-1,573.109,-1,568.801,-1,477.483,480.988,509.950,385.958,-1,971.499,-1,-1,837.002,-1,-1,-1,2,0,2,0,2,0,0,0,0,2,0,2,2,1,2,2,2
129,-9255.662,-2128.925,362.785,-170.655,-0.982890,0.162300,0.087097,-0.161755,-0.986741,0.013319,0.088104,-0.000997,0.996111,0,0.29327,0.64630,7.250,0.246,-1,571.931,-1,567.308,-1,475.962,479.272,509.761,384.268,-1,990.366,-1,-1,827.073,-1,-1,-1,2,0,2,0,2,0,0,0,0,2,0,2,2,1,2,2,2
130,-9262.656,-2131.272,363.413,-170.407,-0.982202,0.166539,0.086859,-0.166004,-0.986034,0.013398,0.087877,-0.001260,0.996131,0,0.29327,0.64630,7.378,0.248,-1,571.041,-1,566.092,-1,474.655,477.760,509.748,382.869,-1,-1,-1,-1,817.122,-1,-1,-1,2,0,2,0,2,0,0,0,0,2,2,2,2,1,2,2,2
131,-9269.800,-2133.648,364.067,-170.165,-0.981467,0.170711,0.087060,-0.170152,-0.985320,0.013855,0.088147,-0.001215,0.996107,0,0.29327,0.64630,7.528,0.242,-1,571.536,-1,565.272,-1,474.222,476.970,510.536,381.298,-1,-1,-1,-1,807.513,-1,-1,-1,2,0,2,0,2,0,0,0,0,2,2,2,2,1,2,2,2
132,-9277.066,-2136.001,364.763,-169.926,-0.980688,0.174863,0.087598,-0.174233,-0.984592,0.014843,0.088843,-0.000706,0.996045,0,0.29327,0.64630,7.638,0.239,-1,573.430,-1,565.095,-1,474.617,476.813,512.568,379.604,-1,994.556,-1,-1,798.274,-1,-1,-1,2,0,2,0,2,0,0,0,0,2,0,2,2,1,2,2,2
133,-9284.444,-2138.338,365.485,-169.696,-0.979908,0.178886,0.088205,-0.178151,-0.983870,0.016195,0.089679,0.000156,0.995971,0,0.29327,0.64630,7.739,0.230,-1,575.948,-1,565.015,-1,475.330,476.838,515.482,377.563,-1,977.282,-1,-1,789.341,-1,-1,-1,2,0,2,0,2,0,0,0,0,2,0,2,2,1,2,2,2
134,-9291.926,-2140.688,366.187,-169.473,-0.979150,0.182795,0.088602,-0.181954,-0.983150,0.017550,0.090317,0.001062,0.995912,0,0.29327,0.64630,7.842,0.223,-1,577.959,-1,564.422,-1,475.661,476.480,518.361,375.419,-1,967.196,-1,-1,780.433,-1,-1,-1,2,0,2,0,2,0,0,0,0,2,0,2,2,1,2,2,2
135,-9299.438,-2143.115,366.837,-169.241,-0.978401,0.186836,0.088455,-0.185919,-0.982390,0.018577,0.090368,0.001730,0.995907,0,0.29327,0.64630,7.895,0.232,-1,578.290,-1,562.638,-1,474.869,475.140,520.464,373.400,-1,976.336,-1,-1,771.052,-1,-1,-1,2,0,2,0,2,0,0,0,0,2,0,2,2,1,2,2,2
136,-9306.875,-2145.657,367.497,-168.994,-0.977658,0.191066,0.087629,-0.190144,-0.981576,0.018828,0.089612,0.001745,0.995975,0,0.29327,0.64630,7.859,0.247,-1,576.326,-1,559.674,-1,472.809,472.706,521.001,372.108,-1,-1,-1,-1,761.001,-1,-1,-1,2,0,2,0,2,0,0,0,0,2,2,2,2,1,2,2,2
137,-9314.352,-2148.279,368.159,-168.754,-0.976927,0.195128,0.086829,-0.194251,-0.980777,0.018520,0.088774,0.001226,0.996051,0,0.29327,0.64630,7.923,0.240,-1,574.023,-1,556.891,-1,470.648,470.227,520.169,371.443,-1,-1,-1,-1,750.925,-1,-1,-1,2,0,2,0,2,0,0,0,0,2,2,2,2,1,2,2,2
138,-9321.915,-2151.009,368.803,-168.504,-0.976105,0.199360,0.086454,-0.198517,-0.979926,0.018332,0.088373,0.000731,0.996087,0,0.29327,0.64630,8.041,0.250,-1,572.769,-1,554.904,-1,469.149,468.352,519.415,370.730,-1,-1,-1,-1,740.806,-1,-1,-1,2,0,2,0,2,0,0,0,0,2,2,2,2,1,2,2,2
139,-9331.106,-2154.426,369.558,-168.185,-0.974962,0.204788,0.086661,-0.203942,-0.978806,0.018599,0.088633,0.000460,0.996064,0,0.29327,0.64630,9.806,0.319,-1,573.260,-1,553.714,-1,468.542,467.249,519.400,369.496,-1,-1,-1,-1,728.638,-1,-1,-1,2,0,2,0,2,0,0,0,0,2,2,2,2,1,2,2,2
140,-9337.296,-2156.772,370.060,-167.965,-0.974123,0.208554,0.087114,-0.207683,-0.978011,0.019046,0.089170,0.000461,0.996016,0,0.29327,0.64630,6.619,0.220,-1,574.611,-1,553.512,-1,468.743,467.160,519.903,368.479,-1,-1,-1,-1,720.557,-1,-1,-1,2,0,2,0,2,0,0,0,0,2,2,2,2,1,2,2,2
141,-9345.036,-2159.741,370.719,-167.688,-0.973052,0.213259,0.087690,-0.212374,-0.976996,0.019411,0.089813,0.000265,0.995959,0,0.29327,0.64630,8.290,0.277,-1,576.276,-1,553.697,-1,468.986,467.123,520.152,368.246,-1,-1,-1,-1,710.449,-1,-1,-1,2,0,2,0,2,0,0,0,0,2,2,2,2,1,2,2,2
142,-9352.733,-2162.748,371.476,-167.418,-0.972019,0.217814,0.087956,-0.216952,-0.975990,0.019361,0.090061,-0.000263,0.995936,0,0.30744,0.47595,8.264,0.270,-1,577.900,-1,554.284,-1,468.753,466.913,519.836,368.873,-1,-1,-1,-1,700.330,-1,-1,-1,2,0,2,0,2,0,0,0,0,2,2,2,2,1,2,2,2
143,-9360.487,-2165.760,372.330,-167.160,-0.970987,0.222179,0.088436,-0.221314,-0.975006,0.019592,0.090578,-0.000548,0.995889,0,0.30744,0.47595,8.318,0.258,-1,580.711,-1,555.581,-1,469.192,467.282,520.402,369.450,-1,-1,-1,-1,690.600,-1,-1,-1,2,0,2,0,2,0,0,0,0,2,2,2,2,1,2,2,2
144,-9368.327,-2168.785,373.227,-166.900,-0.969869,0.226665,0.089311,-0.225700,-0.973973,0.020897,0.091723,0.000110,0.995785,0,0.30744,0.47595,8.403,0.260,-1,586.155,-1,557.751,-1,471.368,468.581,523.532,369.076,-1,-1,-1,-1,681.257,-1,-1,-1,2,0,2,0,2,0,0,0,0,2,2,2,2,1,2,2,2
145,-9376.294,-2171.788,374.129,-166.651,-0.968738,0.230982,0.090521,-0.229874,-0.972957,0.022634,0.093301,0.001118,0.995637,0,0.30744,0.47595,8.514,0.249,-1,593.083,-1,560.663,-1,474.362,470.498,527.530,368.333,-1,983.537,-1,-1,672.329,-1,-1,-1,2,0,2,0,2,0,0,0,0,2,0,2,2,1,2,2,2
146,-9384.361,-2174.793,375.019,-166.415,-0.967646,0.235066,0.091680,-0.233823,-0.971977,0.024225,0.094805,0.002004,0.995494,0,0.30744,0.47595,8.609,0.236,-1,599.690,-1,563.461,-1,477.176,472.273,531.093,367.704,-1,954.555,-1,-1,663.535,-1,-1,-1,2,0,2,0,2,0,0,0,0,2,0,2,2,1,2,2,2
147,-9392.476,-2177.834,375.904,-166.183,-0.966595,0.239078,0.092384,-0.237731,-0.970997,0.025491,0.095798,0.002677,0.995397,0,0.30744,0.47595,8.665,0.233,-1,604.719,-1,565.211,-1,479.044,473.235,534.017,367.271,-1,945.045,-1,-1,654.548,-1,-1,-1,2,0,2,0,2,0,0,0,0,2,0,2,2,1,2,2,2
148,-9400.638,-2180.907,376.789,-165.957,-0.965607,0.242928,0.092681,-0.241525,-0.970040,0.026241,0.096279,0.002953,0.995350,0,0.30744,0.47595,8.721,0.226,-1,607.964,-1,566.095,-1,479.933,473.416,535.813,367.085,-1,946.393,-1,-1,645.402,-1,-1,-1,2,0,2,0,2,0,0,0,0,2,0,2,2,1,2,2,2
149,-9408.837,-2184.032,377.685,-165.734,-0.964641,0.246702,0.092772,-0.245268,-0.969087,0.026733,0.096499,0.003033,0.995328,0,0.30744,0.47595,8.775,0.223,-1,610.331,-1,566.663,-1,480.343,473.217,537.103,367.124,-1,953.290,-1,-1,636.157,-1,-1,-1,2,0,2,0,2,0,0,0,0,2,0,2,2,1,2,2,2
150,-9417.077,-2187.193,378.603,-165.515,-0.963672,0.250420,0.092873,-0.248960,-0.968132,0.027171,0.096718,0.003062,0.995307,0,0.30744,0.47595,8.826,0.220,-1,611.086,-1,567.318,-1,480.782,473.059,538.554,367.268,-1,960.427,-1,-1,626.949,-1,-1,-1,2,1,2,0,2,0,0,0,0,2,0,2,2,1,2,2,2
151,-9425.360,-2190.439,379.535,-165.286,-0.962641,0.254307,0.093012,-0.252804,-0.967118,0.027795,0.097022,0.003243,0.995277,0,0.30744,0.47595,8.897,0.229,-1,602.044,-1,568.096,-1,481.425,473.043,540.496,367.285,-1,966.086,-1,-1,617.639,-1,-1,-1,2,1,2,0,2,0,0,0,0,2,0,2,2,1,2,2,2
152,-9433.651,-2193.733,380.489,-165.053,-0.961595,0.258212,0.093066,-0.256713,-0.966084,0.027950,0.097126,0.002985,0.995268,0,0.30744,0.47595,8.921,0.233,-1,592.900,-1,568.786,-1,481.687,472.818,541.371,368.695,-1,975.954,-1,-1,608.164,-1,-1,-1,2,1,2,0,2,0,0,0,0,2,0,2,2,1,2,2,2
153,-9443.653,-2197.896,381.677,-164.757,-0.960244,0.263142,0.093207,-0.261673,-0.964754,0.027869,0.097255,0.002372,0.995257,0,0.43772,0.61988,10.834,0.296,-1,581.588,-1,572.009,-1,482.040,472.691,541.849,371.516,-1,988.023,-1,-1,596.419,-1,-1,-1,2,1,2,0,2,0,0,0,0,2,0,2,2,1,2,2,2
154,-9450.432,-2200.860,382.502,-164.532,-0.959172,0.266887,0.093597,-0.265424,-0.963726,0.027978,0.097668,0.001993,0.995217,0,0.43772,0.61988,7.398,0.225,-1,573.676,-1,577.833,-1,482.983,474.111,542.500,373.497,-1,989.343,-1,-1,588.234,-1,-1,-1,2,1,2,0,2,0,0,0,0,2,0,2,2,1,2,2,2
155,-9459.023,-2204.820,383.554,-164.213,-0.957593,0.272237,0.094351,-0.270742,-0.962229,0.028545,0.098559,0.001790,0.995130,0,0.43772,0.61988,9.460,0.319,-1,563.271,-1,586.285,-1,485.295,476.647,544.294,375.804,-1,983.549,-1,-1,577.520,-1,-1,-1,2,1,2,0,2,0,0,0,0,2,0,2,2,1,2,2,2
156,-9467.758,-2209.070,384.591,-163.852,-0.955744,0.278305,0.095387,-0.276721,-0.960491,0.029725,0.099891,0.002014,0.994996,0,0.43772,0.61988,9.714,0.360,-1,552.329,-1,595.879,-1,488.490,479.900,547.956,377.710,-1,968.789,-1,-1,566.321,-1,-1,-1,2,1,2,0,2,0,0,0,0,2,0,2,2,1,2,2,2
157,-9476.600,-2213.570,385.614,-163.453,-0.953658,0.285020,0.096437,-0.283329,-0.958519,0.031092,0.101298,0.002328,0.994853,0,0.43772,0.61988,9.921,0.399,-1,660.206,-1,605.777,-1,492.289,483.264,552.128,379.560,-1,954.389,-1,-1,554.571,-1,-1,-1,2,0,2,0,2,0,0,0,0,2,0,2,2,1,2,2,2
158,-9485.515,-2218.317,386.636,-163.027,-0.951406,0.292180,0.097247,-0.290388,-0.956360,0.032416,0.102475,0.002602,0.994732,0,0.43772,0.61988,10.100,0.427,-1,673.236,-1,615.181,-1,496.272,486.512,556.310,381.507,-1,952.666,1005.776,-1,542.300,-1,-1,-1,2,0,2,0,2,0,0,0,0,2,0,0,2,1,2,2,2
159,-9494.525,-2223.316,387.593,-162.584,-0.949010,0.299633,0.097981,-0.297695,-0.954049,0.034178,0.103720,0.003267,0.994601,0,0.43772,0.61988,10.305,0.443,-1,687.246,-1,624.158,-1,500.338,489.723,561.529,382.968,-1,949.538,999.998,-1,-1,-1,-1,-1,2,0,2,0,2,0,0,0,0,2,0,0,2,2,2,2,2
160,-9503.584,-2228.466,388.411,-162.132,-0.946495,0.307260,0.098684,-0.305118,-0.951615,0.036488,0.105121,0.004426,0.994450,0,0.43772,0.61988,10.420,0.451,-1,703.181,-1,634.824,-1,504.495,492.832,567.816,383.492,-1,943.187,990.290,-1,-1,-1,-1,-1,2,0,2,0,2,0,0,0,0,2,0,0,2,2,2,2,2
161,-9512.679,-2233.792,389.234,-161.649,-0.943785,0.315371,0.099048,-0.313066,-0.948954,0.038422,0.106110,0.005254,0.994341,0,0.43772,0.61988,10.539,0.484,-1,720.287,-1,645.434,-1,507.801,495.268,573.071,384.173,-1,941.988,987.127,-1,-1,-1,-1,-1,2,0,2,0,2,0,0,0,0,2,0,0,2,2,2,2,2
162,-9521.869,-2239.299,390.129,-161.164,-0.941003,0.323411,0.099596,-0.321008,-0.946243,0.039721,0.107088,0.005407,0.994235,0,0.43772,0.61988,10.714,0.485,-1,741.333,643.185,656.618,-1,511.151,497.999,576.436,386.113,-1,941.053,985.192,-1,-1,-1,-1,-1,2,0,1,0,2,0,0,0,0,2,0,0,2,2,2,2,2
163,-9531.092,-2244.998,391.120,-160.674,-0.938132,0.331459,0.100218,-0.329007,-0.943456,0.040564,0.107996,0.005082,0.994138,0,0.37001,0.71160,10.842,0.490,-1,762.294,625.276,668.768,-1,514.529,500.944,578.812,389.197,-1,941.507,985.490,-1,-1,-1,-1,-1,2,0,1,0,2,0,0,0,0,2,0,0,2,2,2,2,2
164,-9540.200,-2250.770,392.270,-160.183,-0.935254,0.339401,0.100532,-0.337018,-0.940634,0.040331,0.108253,0.003838,0.994116,0,0.37001,0.71160,10.783,0.491,-1,778.929,605.117,679.954,-1,516.867,503.217,579.083,393.807,-1,951.062,997.122,-1,-1,-1,-1,-1,2,0,1,0,2,0,0,0,0,2,0,0,2,2,2,2,2
165,-9549.262,-2256.640,393.580,-159.700,-0.932356,0.347170,0.100925,-0.344885,-0.937799,0.039834,0.108476,0.002332,0.994096,0,0.37001,0.71160,10.797,0.483,-1,795.988,585.979,692.315,-1,520.709,507.238,579.168,399.171,-1,962.902,-1,-1,-1,-1,-1,-1,2,0,1,0,2,0,0,0,0,2,0,2,2,2,2,2,2
166,-9558.411,-2262.612,394.933,-159.221,-0.929310,0.354941,0.101983,-0.352619,-0.934887,0.040574,0.109744,0.001745,0.993958,0,0.37001,0.71160,10.926,0.479,-1,823.419,572.215,707.404,-1,527.199,514.883,582.128,403.564,-1,962.245,1007.470,-1,-1,-1,-1,-1,2,0,1,0,2,0,0,0,0,2,0,0,2,2,2,2,2
167,-9567.609,-2268.696,396.246,-158.744,-0.926110,0.362760,0.103566,-0.360259,-0.931880,0.042578,0.111957,0.002122,0.993711,0,0.37001,0.71160,11.028,0.477,-1,860.295,562.704,725.502,-1,525.149,524.293,587.832,406.722,-1,951.218,994.742,-1,-1,-1,-1,-1,2,0,1,0,2,1,0,0,0,2,0,0,2,2,2,2,2
168,-9576.849,-2274.782,397.520,-158.265,-0.922823,0.370542,0.105338,-0.367884,-0.928813,0.044354,0.114275,0.002179,0.993447,0,0.37001,0.71160,11.064,0.479,-1,898.479,-1,744.807,-1,507.991,534.022,592.510,410.237,-1,941.922,983.162,-1,-1,-1,-1,-1,2,0,2,0,2,1,0,0,0,2,0,0,2,2,2,2,2
169,-9585.992,-2281.020,398.726,-157.764,-0.919390,0.378644,0.106536,-0.375868,-0.925540,0.045813,0.115950,0.002076,0.993253,0,0.37001,0.71160,11.068,0.501,-1,932.786,-1,760.291,-1,490.520,540.985,596.523,412.621,-1,938.710,978.539,-1,-1,-1,-1,-1,2,0,2,0,2,1,1,0,0,2,0,0,2,2,2,2,2
170,-9595.135,-2287.414,399.793,-157.254,-0.915851,0.386846,0.107551,-0.383981,-0.922143,0.047024,0.117368,0.001770,0.993087,0,0.37001,0.71160,11.156,0.511,-1,964.312,-1,772.460,-1,472.960,517.770,599.450,414.983,-1,936.893,975.520,-1,-1,-1,-1,-1,2,0,2,0,2,1,1,0,0,2,0,0,2,2,2,2,2
171,-9604.194,-2294.010,400.730,-156.712,-0.912065,0.395518,0.108181,-0.392568,-0.918457,0.048236,0.118438,0.001526,0.992960,0,0.37001,0.71160,11.207,0.541,-1,993.449,-1,780.256,-1,455.028,494.576,602.198,417.018,-1,937.687,974.142,-1,-1,-1,-1,-1,2,0,2,0,2,1,1,0,0,2,0,0,2,2,2,2,2
172,-9613.022,-2300.882,401.588,-156.131,-0.907956,0.404807,0.108385,-0.401762,-0.914401,0.049579,0.119177,0.001471,0.992872,0,0.37001,0.71160,11.187,0.581,-1,-1,-1,785.487,-1,436.684,471.308,605.795,418.713,-1,941.228,975.820,-1,-1,-1,-1,-1,2,2,2,0,2,1,1,0,0,2,0,0,2,2,2,2,2
173,-9621.714,-2307.938,402.383,-155.543,-0.903708,0.414118,0.108712,-0.411016,-0.910223,0.050598,0.119906,0.001043,0.992785,0,0.37001,0.71160,11.195,0.588,-1,-1,-1,790.875,-1,418.489,480.161,608.215,420.852,-1,943.126,977.502,-1,-1,-1,-1,-1,2,2,2,0,2,1,1,0,0,2,0,0,2,2,2,2,2
174,-9630.341,-2315.041,403.222,-154.971,-0.899484,0.423024,0.109448,-0.419995,-0.906118,0.050537,0.120551,-0.000510,0.992707,0,0.37001,0.71160,11.174,0.573,-1,-1,-1,797.945,-1,400.790,431.672,607.173,424.805,-1,945.390,981.688,-1,-1,-1,-1,-1,2,2,2,0,2,1,1,0,0,2,0,0,2,2,2,2,2
175,-9638.980,-2322.246,404.122,-154.406,-0.895193,0.431746,0.110566,-0.428799,-0.901992,0.050413,0.121495,-0.002281,0.992589,0,0.37001,0.71160,11.250,0.565,-1,-1,-1,807.248,-1,383.484,434.270,605.704,430.022,-1,945.384,983.333,-1,-1,-1,-1,-1,2,2,2,0,2,1,1,0,0,2,0,0,2,2,2,2,2
176,-9647.608,-2329.559,405.069,-153.825,-0.890671,0.440737,0.111608,-0.437779,-0.897630,0.051095,0.122702,-0.003351,0.992438,0,0.37001,0.71160,11.311,0.580,-1,-1,-1,815.553,-1,366.354,463.370,606.727,433.540,-1,944.606,982.504,-1,-1,-1,-1,-1,2,2,2,0,2,1,1,0,0,2,0,0,2,2,2,2,2
177,-9656.126,-2337.010,406.078,-153.231,-0.885932,0.449988,0.112405,-0.446919,-0.893027,0.052592,0.124047,-0.003643,0.992270,0,0.37001,0.71160,11.317,0.594,-1,-1,-1,823.154,-1,349.413,448.264,610.555,435.415,-1,943.540,979.215,-1,-1,-1,-1,-1,2,2,2,0,2,1,1,0,0,2,0,0,2,2,2,2,2
178,-9664.546,-2344.562,407.155,-152.626,-0.881000,0.459379,0.113183,-0.456158,-0.888233,0.054431,0.125538,-0.003676,0.992082,0,0.37001,0.71160,11.310,0.605,-1,-1,-1,831.075,-1,644.087,433.241,615.559,436.419,-1,941.831,974.850,-1,-1,-1,-1,-1,2,2,2,0,2,0,1,0,0,2,0,0,2,2,2,2,2
179,-9672.934,-2352.196,408.229,-152.011,-0.875896,0.468906,0.113727,-0.465509,-0.883241,0.056449,0.126917,-0.003497,0.991907,0,0.37001,0.71160,11.342,0.615,-1,-1,-1,836.949,-1,661.827,418.386,621.271,436.742,-1,940.422,971.608,-1,-1,-1,-1,-1,2,2,2,0,2,0,1,0,0,2,0,0,2,2,2,2,2
180,-9681.414,-2359.826,409.323,-151.425,-0.870941,0.477900,0.114339,-0.474353,-0.878407,0.058225,0.128262,-0.003527,0.991734,0,0.37001,0.71160,11.408,0.586,-1,-1,-1,843.272,-1,679.533,403.529,626.255,437.483,-1,938.949,968.915,-1,-1,-1,-1,-1,2,2,2,0,2,0,1,0,0,2,0,0,2,2,2,2,2
181,-9689.894,-2367.514,410.428,-150.855,-0.866062,0.486627,0.114590,-0.482935,-0.873603,0.059930,0.129270,-0.003437,0.991604,0,0.37001,0.71160,11.445,0.570,-1,-1,-1,355.786,-1,696.456,388.862,631.378,438.061,-1,940.617,970.472,-1,-1,321.843,-1,-1,2,2,2,1,2,0,1,0,0,2,0,0,2,2,1,2,2
182,-9698.145,-2375.404,411.457,-150.237,-0.860797,0.496067,0.113781,-0.492249,-0.868279,0.061508,0.129306,-0.003063,0.991600,0,0.37001,0.71160,11.416,0.618,-1,-1,-1,336.165,-1,710.332,374.854,636.635,437.894,-1,950.831,980.516,-1,-1,312.906,-1,-1,2,2,2,1,2,0,1,0,0,2,0,0,2,2,1,2,2
183,-9706.112,-2383.449,412.416,-149.592,-0.855300,0.505785,0.112445,-0.501967,-0.862653,0.062115,0.128418,-0.003317,0.991715,0,0.37001,0.71160,11.323,0.645,-1,-1,-1,339.758,-1,721.132,361.501,639.742,438.503,-1,968.842,998.257,-1,-1,300.352,-1,-1,2,2,2,1,2,0,1,0,0,2,0,0,2,2,1,2,2
184,-9713.613,-2391.626,413.386,-148.913,-0.849483,0.515817,0.110959,-0.512175,-0.856686,0.061364,0.126710,-0.004703,0.991929,0,0.37001,0.71160,11.096,0.679,-1,-1,-1,326.236,-1,729.131,345.375,639.518,440.138,-1,994.531,-1,-1,-1,288.332,-1,-1,2,2,2,1,2,0,1,0,0,2,0,2,2,2,1,2,2
185,-9720.788,-2400.001,414.318,-148.204,-0.843284,0.526137,0.109780,-0.522767,-0.850372,0.059854,0.124845,-0.006916,0.992152,0,0.37001,0.71160,11.028,0.709,-1,-1,-1,308.736,-1,736.457,326.455,636.813,442.567,-1,-1,-1,-1,-1,276.638,-1,-1,2,2,2,1,2,0,1,0,0,2,2,2,2,2,1,2,2
186,-9727.647,-2408.522,415.221,-147.469,-0.836700,0.536710,0.108977,-0.533671,-0.843711,0.057863,0.123001,-0.009744,0.992359,0,0.37001,0.71160,10.938,0.735,-1,-1,-1,300.281,-1,743.761,307.671,632.361,445.969,-1,-1,-1,-1,-1,265.279,-1,-1,2,2,2,1,2,0,1,0,0,2,2,2,2,2,1,2,2
187,-9734.192,-2417.201,416.124,-146.706,-0.829666,0.547585,0.108649,-0.544869,-0.836653,0.055949,0.121538,-0.012780,0.992504,0,0.44593,1.00000,10.870,0.763,-1,-1,-1,287.782,-1,752.902,289.101,627.568,449.832,-1,-1,-1,-1,-1,254.219,-1,-1,2,2,2,1,2,0,1,0,0,2,2,2,2,2,1,2,2
188,-9740.694,-2426.078,417.004,-145.931,-0.822283,0.558528,0.109074,-0.556083,-0.829335,0.054541,0.120921,-0.015806,0.992536,0,0.44593,1.00000,11.004,0.775,-1,-1,-1,275.235,-1,765.407,270.840,622.979,453.545,-1,-1,-1,-1,-1,243.172,-1,-1,2,2,2,1,2,0,1,0,0,2,2,2,2,2,1,2,2
189,-9747.313,-2435.065,417.825,-145.178,-0.814922,0.569075,0.109796,-0.566858,-0.822075,0.053525,0.120720,-0.018620,0.992512,0,0.44593,1.00000,11.161,0.753,-1,-1,-1,262.680,-1,779.451,253.031,618.845,455.974,-1,-1,-1,-1,-1,232.135,-1,-1,2,2,2,1,2,0,1,0,0,2,2,2,2,2,1,2,2
190,-9753.733,-2444.321,418.559,-144.347,-0.806699,0.580780,0.109235,-0.578664,-0.813813,0.053445,0.119937,-0.020096,0.992578,0,0.44593,1.00000,11.265,0.830,-1,-1,-1,250.598,-1,792.628,234.619,618.326,455.641,-1,-1,-1,-1,-1,221.462,-1,-1,2,2,2,1,2,0,1,0,0,2,2,2,2,2,1,2,2
191,-9759.997,-2453.840,419.256,-143.464,-0.797790,0.593210,0.107853,-0.591103,-0.804783,0.054052,0.118863,-0.020630,0.992696,0,0.44593,1.00000,11.394,0.883,-1,-1,-1,238.854,-1,805.695,215.949,620.415,453.464,-1,-1,-1,-1,-1,211.056,-1,-1,2,2,2,1,2,0,1,0,0,2,2,2,2,2,1,2,2
192,-9766.191,-2463.577,419.961,-142.567,-0.788544,0.605726,0.106278,-0.603602,-0.795399,0.054829,0.117745,-0.020915,0.992824,0,0.44593,1.00000,11.540,0.897,-1,-1,-1,227.277,-1,818.654,197.411,623.257,451.446,-1,-1,-1,-1,-1,200.792,-1,237.033,2,2,2,1,2,0,1,0,0,2,2,2,2,2,1,2,1
193,-9772.285,-2473.536,420.665,-141.640,-0.778800,0.618540,0.104307,-0.616389,-0.785474,0.055639,0.116345,-0.020962,0.992988,0,0.44593,1.00000,11.676,0.927,-1,-1,-1,215.940,-1,830.358,752.745,626.789,449.190,-1,-1,-1,-1,-1,190.722,-1,231.474,2,2,2,1,2,0,0,0,0,2,2,2,2,2,1,2,1
194,-9778.279,-2483.639,421.521,-140.727,-0.768994,0.630909,0.102971,-0.628810,-0.775551,0.055849,0.115095,-0.021802,0.993115,0,0.44593,1.00000,11.747,0.913,-1,-1,-1,204.663,-1,843.448,766.696,628.572,448.848,-1,-1,-1,-1,-1,180.723,-1,219.748,2,2,2,1,2,0,0,0,0,2,2,2,2,2,1,2,1
195,-9784.086,-2493.982,422.547,-139.789,-0.758694,0.643396,0.102103,-0.641405,-0.765180,0.055662,0.113940,-0.023259,0.993215,0,0.44593,1.00000,11.862,0.938,-1,-1,-1,184.338,212.711,858.096,782.241,629.261,450.031,-1,-1,-1,-1,-1,170.848,-1,207.989,2,2,2,1,1,0,0,0,0,2,2,2,2,2,1,2,1
196,-9789.708,-2504.559,423.668,-138.839,-0.748098,0.655844,0.101084,-0.654016,-0.754482,0.054950,0.112305,-0.025002,0.993359,0,0.44593,1.00000,11.978,0.950,-1,-1,-1,159.981,194.080,869.090,796.515,629.415,451.811,-1,-1,-1,-1,-1,161.196,-1,196.373,2,2,2,1,1,0,0,0,0,2,2,2,2,2,1,2,1
197,-9796.150,-2517.581,425.010,-137.645,-0.734571,0.671285,0.098903,-0.669700,-0.740707,0.053426,0.109122,-0.026990,0.993662,0,0.47510,0.50541,14.528,1.194,-1,-1,-1,959.313,185.321,876.491,809.247,629.803,453.590,-1,-1,-1,-1,-1,-1,-1,182.744,2,2,2,0,1,0,0,0,0,2,2,2,2,2,2,2,1
198,-9800.418,-2526.388,425.935,-136.878,-0.725716,0.680977,0.098010,-0.679635,-0.731727,0.051695,0.106920,-0.029095,0.993842,0,0.47510,0.50541,9.786,0.767,-1,-1,-1,971.474,175.506,881.162,816.987,627.896,456.353,-1,-1,-1,-1,-1,-1,-1,173.698,2,2,2,0,1,0,0,0,0,2,2,2,2,2,2,2,1
199,-9805.675,-2537.569,427.040,-135.897,-0.714180,0.693154,0.097389,-0.692170,-0.720063,0.049083,0.104148,-0.032356,0.994035,0,0.47510,0.50541,12.356,0.981,-1,-1,-1,987.535,163.312,886.759,826.782,623.658,460.821,-1,-1,-1,-1,-1,-1,-1,162.396,2,2,2,0,1,0,0,0,0,2,2,2,2,2,2,2,1
200,-9810.825,-2548.976,427.929,-134.887,-0.702055,0.705395,0.097663,-0.704820,-0.707880,0.046206,0.101727,-0.036396,0.994146,0,0.47510,0.50541,12.516,1.009,-1,-1,-1,1006.728,151.245,890.069,837.774,616.766,470.903,-1,-1,-1,-1,-1,-1,-1,151.136,2,2,2,0,1,0,0,0,0,2,2,2,2,2,2,2,1
201,-9815.641,-2559.788,428.788,-134.075,-0.692207,0.714881,0.098969,-0.714923,-0.697977,0.041387,0.098665,-0.042107,0.994229,0,0.47510,0.50541,11.836,0.812,-1,-1,-1,-1,140.266,886.637,842.822,605.136,487.874,-1,-1,-1,-1,-1,-1,-1,140.761,2,2,2,2,1,0,0,0,0,2,2,2,2,2,2,2,1
202,-9819.074,-2566.648,430.753,-134.045,-0.692040,0.713495,0.109573,-0.715493,-0.698103,0.026863,0.095660,-0.059808,0.993616,0,0.47510,0.50541,7.671,0.030,-1,-1,-1,-1,132.167,878.396,844.345,566.858,543.312,-1,-1,-1,-1,-1,-1,-1,132.888,2,2,2,2,1,0,0,0,0,2,2,2,2,2,2,2,1
203,-9821.177,-2570.535,433.852,-134.487,-0.697785,0.705377,0.124658,-0.710402,-0.703772,0.005750,0.091787,-0.084545,0.992183,0,0.47510,0.50541,4.419,-0.441,-1,-1,-1,-1,126.336,866.145,842.584,518.964,648.815,-1,-1,-1,-1,-1,-1,-1,127.094,2,2,2,2,1,0,0,0,0,2,2,2,2,2,2,2,1
204,-9820.706,-2573.230,437.211,-134.798,-0.702249,0.699454,0.132708,-0.707211,-0.706796,-0.017079,0.081851,-0.105847,0.991008,0,0.47510,0.50541,2.735,-0.312,-1,-1,-1,-1,123.592,834.930,819.139,482.671,780.602,-1,-1,-1,-1,-1,-1,-1,124.481,2,2,2,2,1,0,0,0,0,2,2,2,2,2,2,2,1
205,-9818.789,-2575.078,440.868,-134.994,-0.705312,0.695559,0.136869,-0.705470,-0.707657,-0.039162,0.069616,-0.124178,0.989815,0,0.47510,0.50541,2.662,-0.195,-1,976.872,-1,-1,122.434,797.499,789.471,457.093,922.839,-1,-1,-1,-1,-1,-1,-1,123.520,2,0,2,2,1,0,0,0,0,2,2,2,2,2,2,2,1
206,-9816.793,-2576.570,444.797,-135.157,-0.707787,0.692333,0.140400,-0.703909,-0.707956,-0.057528,0.059568,-0.139546,0.988422,0,0.47510,0.50541,2.492,-0.164,-1,934.961,-1,-1,121.368,771.687,770.353,439.874,-1,-1,-1,-1,-1,-1,-1,-1,122.620,2,0,2,2,1,0,0,0,2,2,2,2,2,2,2,2,1
207,-9815.294,-2578.212,448.658,-135.256,-0.709257,0.690094,0.143961,-0.702946,-0.707724,-0.070662,0.053122,-0.151315,0.987057,0,0.47510,0.50541,2.224,-0.099,-1,911.664,-1,-1,119.761,760.199,764.143,429.548,-1,-1,-1,-1,-1,-1,-1,-1,121.138,2,0,2,2,1,0,0,0,2,2,2,2,2,2,2,2,1
208,-9814.392,-2580.201,452.128,-135.270,-0.709534,0.688980,0.147881,-0.702868,-0.706964,-0.078606,0.050389,-0.159714,0.985876,0,0.47510,0.50541,2.184,-0.014,-1,904.155,-1,-1,117.556,761.226,769.353,424.734,-1,-1,-1,-1,-1,-1,-1,-1,119.018,2,0,2,2,1,0,0,0,2,2,2,2,2,2,2,2,1
209,-9814.001,-2582.460,454.983,-135.228,-0.709002,0.688554,0.152346,-0.703385,-0.705988,-0.082645,0.050649,-0.165753,0.984866,0,0.47510,0.50541,2.292,0.043,-1,907.671,-1,-1,114.998,770.956,782.611,422.662,-1,-1,-1,-1,-1,-1,-1,-1,116.511,2,0,2,2,1,0,0,0,2,2,2,2,2,2,2,2,1
210,-9813.962,-2585.006,457.106,-135.152,-0.707968,0.688459,0.157501,-0.704228,-0.705009,-0.083819,0.053333,-0.170258,0.983955,0,0.47510,0.50541,2.546,0.076,-1,918.827,-1,-1,112.309,787.093,801.974,421.522,-1,-1,-1,-1,-1,-1,-1,-1,113.844,2,0,2,2,1,0,0,0,2,2,2,2,2,2,2,2,1
211,-9814.129,-2587.639,458.522,-135.059,-0.706670,0.688405,0.163452,-0.705208,-0.704039,-0.083731,0.057435,-0.174438,0.982992,0,0.47510,0.50541,2.638,0.092,-1,932.763,-1,-1,109.680,806.238,824.472,419.284,-1,-1,-1,-1,-1,-1,-1,-1,111.227,2,0,2,2,1,0,0,0,2,2,2,2,2,2,2,2,1
212,-9814.330,-2590.166,459.331,-134.976,-0.705458,0.688110,0.169804,-0.706041,-0.703228,-0.083528,0.061934,-0.178814,0.981932,0,0.47510,0.50541,2.535,0.083,-1,946.270,-1,-1,107.368,824.939,846.117,415.286,-1,-1,-1,-1,-1,-1,-1,-1,108.919,2,0,2,2,1,0,0,0,2,2,2,2,2,2,2,2,1
213,-9814.512,-2592.365,459.715,-134.898,-0.704318,0.687682,0.176156,-0.706822,-0.702372,-0.084121,0.065878,-0.183759,0.980761,0,0.47510,0.50541,2.207,0.078,-1,956.203,-1,-1,105.419,840.566,864.188,409.340,-1,-1,-1,-1,-1,-1,-1,-1,106.988,2,0,2,2,1,0,0,0,2,2,2,2,2,2,2,2,1
214,-5024.137,634.220,298.716,-109.156,-0.327971,0.944468,-0.020379,-0.944144,-0.326974,0.040992,0.032052,0.032685,0.998952,1,0.47510,0.50541,0.000,0.000,-1,778.620,-1,855.873,-1,613.827,641.676,390.711,459.642,-1,-1,-1,-1,-1,-1,-1,-1,2,0,2,0,2,0,0,0,0,2,2,2,2,2,2,2,2
215,-5023.774,634.990,302.721,-109.171,-0.328232,0.944399,-0.019321,-0.944080,-0.327307,0.039781,0.031245,0.031298,0.999022,0,0.48655,0.49896,0.852,-0.015,-1,790.468,-1,868.859,-1,624.147,652.001,397.092,473.245,-1,-1,-1,-1,-1,-1,-1,-1,2,0,2,0,2,0,0,0,0,2,2,2,2,2,2,2,2
216,-5023.708,634.906,305.708,-109.185,-0.328427,0.944358,-0.017969,-0.943910,-0.327464,0.042438,0.034193,0.030899,0.998937,0,0.48651,0.49908,0.107,-0.014,-1,818.015,-1,892.267,-1,642.915,670.330,402.884,482.700,-1,-1,-1,-1,-1,-1,-1,-1,2,0,2,0,2,0,0,0,0,2,2,2,2,2,2,2,2
217,-5023.856,634.034,307.509,-109.179,-0.328254,0.944455,-0.015924,-0.943753,-0.327208,0.047587,0.039734,0.030649,0.998740,0,0.48646,0.49921,0.885,0.006,-1,854.553,-1,922.771,-1,666.482,693.344,406.614,488.947,-1,-1,-1,-1,-1,-1,-1,-1,2,0,2,0,2,0,0,0,0,2,2,2,2,2,2,2,2
218,-5024.030,632.522,308.169,-109.119,-0.327172,0.944869,-0.013462,-0.943814,-0.326038,0.053989,0.046623,0.030369,0.998451,0,0.48647,0.49919,1.521,0.060,-1,892.801,-1,956.346,-1,690.944,717.743,408.016,492.302,-1,-1,-1,-1,-1,-1,-1,-1,2,0,2,0,2,0,0,0,0,2,2,2,2,2,2,2,2
219,-5024.252,630.431,307.828,-109.035,-0.325671,0.945432,-0.009798,-0.943940,-0.324530,0.060486,0.054006,0.028947,0.998121,0,0.48666,0.49865,2.103,0.084,-1,930.211,-1,991.905,-1,714.253,741.567,405.930,495.210,-1,-1,-1,-1,-1,-1,-1,-1,2,0,2,0,2,0,0,0,0,2,2,2,2,2,2,2,2
220,-5024.421,627.853,306.686,-108.926,-0.323751,0.946129,-0.005122,-0.944213,-0.322740,0.065580,0.060394,0.026067,0.997834,0,0.48694,0.49789,2.584,0.109,-1,957.327,-1,-1,-1,732.364,760.236,400.267,498.734,-1,-1,-1,-1,-1,-1,-1,-1,2,0,2,2,2,0,0,0,0,2,2,2,2,2,2,2,2
221,-5024.525,624.907,305.106,-108.803,-0.321677,0.946849,-0.000993,-0.944731,-0.320887,0.067198,0.063307,0.022554,0.997739,0,0.48731,0.49689,2.948,0.122,-1,960.621,-1,-1,-1,736.605,766.019,392.651,502.021,-1,-1,-1,-1,-1,-1,-1,-1,2,0,2,2,2,0,0,0,0,2,2,2,2,2,2,2,2
222,-5024.663,621.651,303.347,-108.678,-0.319633,0.947540,0.001773,-0.945515,-0.319071,0.064775,0.061942,0.019028,0.997898,0,0.48771,0.49578,3.258,0.126,-1,937.135,-1,-1,-1,724.630,756.320,384.366,504.284,-1,-1,-1,-1,-1,-1,-1,-1,2,0,2,2,2,0,0,0,0,2,2,2,2,2,2,2,2
223,-5024.956,618.007,301.758,-108.549,-0.317583,0.948229,0.001761,-0.946456,-0.317101,0.060556,0.057979,0.017564,0.998163,0,0.48813,0.49464,3.656,0.129,-1,904.135,-1,1006.659,-1,704.840,737.991,378.712,502.354,-1,-1,-1,-1,-1,-1,-1,-1,2,0,2,0,2,0,0,0,0,2,2,2,2,2,2,2,2
224,-5025.529,613.920,300.517,-108.415,-0.315451,0.948941,-0.001136,-0.947475,-0.314897,0.055948,0.052734,0.018725,0.998433,0,0.48855,0.49349,4.127,0.135,-1,871.955,-1,974.904,-1,683.266,716.503,376.755,495.762,-1,-1,-1,-1,-1,-1,-1,-1,2,0,2,0,2,0,0,0,0,2,2,2,2,2,2,2,2
225,-5026.416,609.347,299.679,-108.269,-0.313137,0.949686,-0.006414,-0.948534,-0.312407,0.051816,0.047205,0.022309,0.998636,0,0.48899,0.49231,4.658,0.145,-1,846.509,-1,941.203,-1,663.668,695.424,378.457,485.718,-1,-1,-1,-1,-1,-1,-1,-1,2,0,2,0,2,0,0,0,0,2,2,2,2,2,2,2,2
226,-5027.590,604.274,299.213,-108.111,-0.310578,0.950458,-0.013047,-0.949619,-0.309638,0.048459,0.042019,0.027440,0.998740,0,0.48945,0.49105,5.208,0.159,-1,827.551,-1,909.952,-1,647.482,676.847,382.840,474.105,-1,-1,-1,-1,-1,-1,-1,-1,2,0,2,0,2,0,0,0,0,2,2,2,2,2,2,2,2
227,-5028.978,598.711,299.054,-107.938,-0.307764,0.951256,-0.019828,-0.950719,-0.306633,0.045929,0.037611,0.032986,0.998748,0,0.48995,0.48967,5.733,0.173,-1,814.954,-1,884.079,-1,635.317,662.205,388.517,462.803,-1,-1,-1,-1,-1,-1,-1,-1,2,0,2,0,2,0,0,0,0,2,2,2,2,2,2,2,2
228,-5030.441,593.044,299.147,-107.763,-0.304903,0.952033,-0.025820,-0.951801,-0.303656,0.043231,0.033316,0.037757,0.998731,0,-0.08782,0.76471,5.853,0.175,-1,803.288,-1,861.461,-1,624.483,649.353,394.011,453.789,-1,-1,-1,-1,-1,-1,-1,-1,2,0,2,0,2,0,0,0,0,2,2,2,2,2,2,2,2
229,-5031.768,587.751,299.573,-107.600,-0.302239,0.952744,-0.030509,-0.952796,-0.300978,0.039898,0.028830,0.041127,0.998738,0,-0.08791,0.76321,5.457,0.163,-1,790.343,-1,841.732,-1,614.110,637.635,398.815,448.775,-1,-1,-1,-1,-1,-1,-1,-1,2,0,2,0,2,0,0,0,0,2,2,2,2,2,2,2,2
230,-5032.905,582.715,300.330,-107.449,-0.299755,0.953412,-0.033959,-0.953679,-0.298513,0.037229,0.025358,0.043545,0.998730,0,-0.08801,0.76181,5.162,0.151,-1,782.488,-1,828.835,-1,607.845,630.255,403.191,446.916,-1,-1,-1,-1,-1,-1,-1,-1,2,0,2,0,2,0,0,0,0,2,2,2,2,2,2,2,2
231,-5033.919,577.900,301.274,-107.313,-0.297511,0.954021,-0.036490,-0.954434,-0.296273,0.035753,0.023298,0.045464,0.998694,0,-0.08809,0.76051,4.921,0.136,-1,781.361,-1,822.773,-1,606.320,627.590,407.456,446.582,-1,-1,-1,-1,-1,-1,-1,-1,2,0,2,0,2,0,0,0,0,2,2,2,2,2,2,2,2
232,-5034.854,573.336,302.244,-107.190,-0.295467,0.954579,-0.038444,-0.955091,-0.294204,0.035288,0.022375,0.047144,0.998637,0,-0.08817,0.75936,4.659,0.123,-1,785.186,-1,821.370,-1,608.054,628.196,411.592,446.831,-1,-1,-1,-1,-1,-1,-1,-1,2,0,2,0,2,0,0,0,0,2,2,2,2,2,2,2,2
233,-5035.751,569.047,303.130,-107.073,-0.293510,0.955124,-0.039879,-0.955701,-0.292213,0.035314,0.022076,0.048477,0.998580,0,-0.08824,0.75832,4.382,0.117,-1,790.907,-1,822.370,-1,610.996,630.308,415.167,447.497,-1,-1,-1,-1,-1,-1,-1,-1,2,0,2,0,2,0,0,0,0,2,2,2,2,2,2,2,2
234,-5036.577,565.043,303.845,-106.963,-0.291678,0.955632,-0.041119,-0.956264,-0.290345,0.035474,0.021962,0.049667,0.998524,0,-0.08830,0.75732,4.088,0.110,-1,796.365,-1,823.580,-1,613.826,632.397,418.205,447.927,-1,-1,-1,-1,-1,-1,-1,-1,2,0,2,0,2,0,0,0,0,2,2,2,2,2,2,2,2
235,-5037.330,561.331,304.338,-106.861,-0.289989,0.956097,-0.042253,-0.956783,-0.288627,0.035521,0.021766,0.050728,0.998475,0,-0.08836,0.75639,3.788,0.101,-1,800.076,-1,823.824,-1,615.642,633.578,420.583,447.935,-1,-1,-1,-1,-1,-1,-1,-1,2,0,2,0,2,0,0,0,0,2,2,2,2,2,2,2,2
236,-5038.013,557.909,304.602,-106.769,-0.288448,0.956517,-0.043266,-0.957256,-0.287071,0.035370,0.021412,0.051619,0.998437,0,-0.08842,0.75554,3.489,0.092,-1,801.848,-1,822.843,-1,616.197,633.630,422.217,447.564,-1,-1,-1,-1,-1,-1,-1,-1,2,0,2,0,2,0,0,0,0,2,2,2,2,2,2,2,2
237,-5038.623,554.805,304.689,-106.689,-0.287107,0.956888,-0.043994,-0.957673,-0.285739,0.034862,0.020789,0.052141,0.998423,0,-0.08847,0.75476,3.164,0.081,-1,800.993,-1,820.650,-1,615.307,632.436,422.921,447.275,-1,-1,-1,-1,-1,-1,-1,-1,2,0,2,0,2,0,0,0,0,2,2,2,2,2,2,2,2
238,-5039.150,552.020,304.660,-106.619,-0.285956,0.957214,-0.044395,-0.958034,-0.284619,0.034104,0.020009,0.052284,0.998432,0,-0.08851,0.75408,2.835,0.069,-1,798.270,-1,817.912,-1,613.489,630.506,422.825,447.267,-1,-1,-1,-1,-1,-1,-1,-1,2,0,2,0,2,0,0,0,0,2,2,2,2,2,2,2,2
239,-5039.599,549.529,304.569,-106.560,-0.284968,0.957503,-0.044501,-0.958342,-0.283666,0.033388,0.019346,0.052162,0.998451,0,-0.08855,0.75351,2.531,0.059,-1,795.371,-1,815.665,-1,611.713,628.749,422.233,447.523,-1,-1,-1,-1,-1,-1,-1,-1,2,0,2,0,2,0,0,0,0,2,2,2,2,2,2,2,2
240,-5039.978,547.309,304.459,-106.510,-0.284125,0.957761,-0.044356,-0.958599,-0.282847,0.032954,0.019016,0.051883,0.998472,0,-0.08858,0.75302,2.252,0.051,-1,793.620,-1,814.715,-1,610.741,627.872,421.416,447.996,-1,-1,-1,-1,-1,-1,-1,-1,2,0,2,0,2,0,0,0,0,2,2,2,2,2,2,2,2
241,-5040.296,545.342,304.359,-106.467,-0.283409,0.957988,-0.044017,-0.958809,-0.282140,0.032905,0.019104,0.051530,0.998489,0,-0.08861,0.75260,1.993,0.043,-1,793.630,-1,815.370,-1,610.918,628.169,420.567,448.634,-1,-1,-1,-1,-1,-1,-1,-1,2,0,2,0,2,0,0,0,0,2,2,2,2,2,2,2,2
242,-5040.562,543.620,304.283,-106.431,-0.282811,0.958187,-0.043551,-0.958976,-0.281534,0.033209,0.019560,0.051156,0.998499,0,-0.08863,0.75225,1.743,0.036,-1,795.314,-1,817.444,-1,612.160,629.505,419.788,449.379,-1,-1,-1,-1,-1,-1,-1,-1,2,0,2,0,2,0,0,0,0,2,2,2,2,2,2,2,2
243,-5040.782,542.137,304.232,-106.402,-0.282324,0.958354,-0.043029,-0.959106,-0.281030,0.033742,0.020244,0.050796,0.998504,0,-0.08865,0.75197,1.498,0.029,-1,798.111,-1,820.408,-1,614.100,631.509,419.122,450.161,-1,-1,-1,-1,-1,-1,-1,-1,2,0,2,0,2,0,0,0,0,2,2,2,2,2,2,2,2
244,-5040.959,540.897,304.205,-106.379,-0.281935,0.958490,-0.042547,-0.959204,-0.280620,0.034364,0.020998,0.050500,0.998503,0,-0.08867,0.75174,1.253,0.023,-1,801.361,-1,823.611,-1,616.290,633.729,418.621,450.867,-1,-1,-1,-1,-1,-1,-1,-1,2,0,2,0,2,0,0,0,0,2,2,2,2,2,2,2,2
245,-5041.104,539.907,304.198,-106.363,-0.281652,0.958589,-0.042190,-0.959272,-0.280314,0.034954,0.021680,0.050316,0.998498,0,-0.08868,0.75156,1.001,0.017,-1,804.496,-1,826.475,-1,618.345,635.770,418.339,451.388,-1,-1,-1,-1,-1,-1,-1,-1,2,0,2,0,2,0,0,0,0,2,2,2,2,2,2,2,2
246,-5041.223,539.168,304.208,-106.353,-0.281493,0.958644,-0.041986,-0.959307,-0.280137,0.035404,0.022178,0.050244,0.998491,0,-0.08869,0.75143,0.748,0.009,-1,806.979,-1,828.558,-1,619.931,637.308,418.254,451.697,-1,-1,-1,-1,-1,-1,-1,-1,2,0,2,0,2,0,0,0,0,2,2,2,2,2,2,2,2
247,-5041.321,538.674,304.229,-106.352,-0.281463,0.958655,-0.041932,-0.959310,-0.280095,0.035667,0.022447,0.050264,0.998484,0,-0.08869,0.75137,0.503,0.002,-1,808.560,-1,829.694,-1,620.904,638.210,418.329,451.810,-1,-1,-1,-1,-1,-1,-1,-1,2,0,2,0,2,0,0,0,0,2,2,2,2,2,2,2,2
248,-5041.398,538.418,304.260,-106.357,-0.281554,0.958625,-0.042018,-0.959282,-0.280180,0.035746,0.022494,0.050372,0.998477,0,-0.08869,0.75137,0.268,-0.005,-1,809.243,-1,829.902,-1,621.271,638.488,418.549,451.734,-1,-1,-1,-1,-1,-1,-1,-1,2,0,2,0,2,0,0,0,0,2,2,2,2,2,2,2,2
249,-5041.494,538.013,304.304,-106.352,-0.281464,0.958648,-0.042107,-0.959286,-0.280037,0.036752,0.023441,0.050737,0.998437,0,0.51882,0.38412,0.416,0.005,-1,814.516,-1,833.234,-1,624.301,641.227,419.232,451.379,-1,-1,-1,-1,-1,-1,-1,-1,2,0,2,0,2,0,0,0,0,2,2,2,2,2,2,2,2
250,-5041.678,536.930,304.378,-106.321,-0.280926,0.958829,-0.041556,-0.959366,-0.279365,0.039640,0.026399,0.051004,0.998349,0,0.51883,0.38409,1.099,0.031,-1,829.450,-1,844.547,-1,633.329,649.793,419.975,451.628,-1,-1,-1,-1,-1,-1,-1,-1,2,0,2,0,2,0,0,0,0,2,2,2,2,2,2,2,2
251,-5041.913,535.225,304.491,-106.268,-0.279997,0.959172,-0.039885,-0.959517,-0.278295,0.043344,0.030475,0.050407,0.998264,0,0.51893,0.38382,1.720,0.054,-1,849.169,-1,861.670,-1,645.841,662.101,419.633,453.738,-1,-1,-1,-1,-1,-1,-1,-1,2,0,2,0,2,0,0,0,0,2,2,2,2,2,2,2,2
252,-5042.148,532.952,304.646,-106.193,-0.278708,0.959667,-0.036901,-0.959738,-0.276918,0.047114,0.034996,0.048546,0.998208,0,0.51911,0.38336,2.285,0.074,-1,869.992,-1,882.893,-1,659.910,676.490,417.585,458.357,-1,-1,-1,-1,-1,-1,-1,-1,2,0,2,0,2,0,0,0,0,2,2,2,2,2,2,2,2
253,-5042.352,530.121,304.837,-106.101,-0.277119,0.960282,-0.032614,-0.960013,-0.275318,0.050745,0.039750,0.045372,0.998179,0,0.51936,0.38270,2.839,0.092,-1,890.747,-1,907.799,-1,675.429,692.456,413.755,465.611,-1,-1,-1,-1,-1,-1,-1,-1,2,0,2,0,2,0,0,0,0,2,2,2,2,2,2,2,2
254,-5042.486,526.719,305.049,-105.990,-0.275189,0.961003,-0.027288,-0.960343,-0.273454,0.054446,0.044860,0.041188,0.998144,0,0.51968,0.38189,3.405,0.112,-1,911.491,-1,936.512,-1,692.067,710.351,408.590,475.216,-1,-1,-1,-1,-1,-1,-1,-1,2,0,2,0,2,0,0,0,0,2,2,2,2,2,2,2,2
255,-5042.636,522.745,305.272,-105.877,-0.273226,0.961727,-0.020721,-0.960619,-0.271652,0.058451,0.050585,0.035875,0.998075,0,0.52006,0.38090,3.976,0.113,-1,934.527,-1,971.110,-1,711.041,730.865,402.025,487.603,-1,-1,-1,-1,-1,-1,-1,-1,2,0,2,0,2,0,0,0,0,2,2,2,2,2,2,2,2
256,-5042.891,518.400,305.643,-105.803,-0.271906,0.962224,-0.013874,-0.960720,-0.270593,0.061613,0.055532,0.030082,0.998004,0,0.52043,0.37992,4.352,0.074,-1,954.385,-1,1004.561,-1,728.766,750.231,395.218,501.670,-1,-1,-1,-1,-1,-1,-1,-1,2,0,2,0,2,0,0,0,0,2,2,2,2,2,2,2,2
257,-5043.349,513.831,306.240,-105.780,-0.271468,0.962416,-0.007752,-0.960648,-0.270459,0.063309,0.058833,0.024633,0.997964,0,0.52065,0.37934,4.592,0.023,-1,967.847,-1,-1,-1,742.454,765.850,389.382,515.870,-1,-1,-1,-1,-1,-1,-1,-1,2,0,2,2,2,0,0,0,0,2,2,2,2,2,2,2,2
258,-5044.038,509.081,307.067,-105.778,-0.271418,0.962456,-0.003334,-0.960549,-0.270659,0.063954,0.060651,0.020560,0.997947,0,0.52068,0.37928,4.799,0.001,-1,976.912,-1,-1,-1,752.239,777.136,385.807,527.986,-1,-1,-1,-1,-1,-1,-1,-1,2,0,2,2,2,0,0,0,0,2,2,2,2,2,2,2,2
259,-5044.982,504.166,308.075,-105.775,-0.271354,0.962479,-0.001201,-0.960530,-0.270725,0.063954,0.061229,0.018508,0.997952,0,0.52061,0.37946,5.005,0.003,-1,982.921,-1,-1,-1,758.837,784.280,385.146,536.295,-1,-1,-1,-1,-1,-1,-1,-1,2,0,2,2,2,0,0,0,0,2,2,2,2,2,2,2,2
260,-5046.210,499.017,309.133,-105.781,-0.271452,0.962451,-0.000957,-0.960508,-0.270840,0.063802,0.061147,0.018239,0.997962,0,0.52054,0.37963,5.294,-0.006,-1,988.843,-1,-1,-1,763.816,788.910,386.830,540.791,-1,-1,-1,-1,-1,-1,-1,-1,2,0,2,2,2,0,0,0,0,2,2,2,2,2,2,2,2
261,-5047.792,493.570,310.079,-105.823,-0.272158,0.962252,-0.001482,-0.960324,-0.271514,0.063704,0.060897,0.018761,0.997968,0,0.52043,0.37991,5.672,-0.042,-1,995.204,-1,-1,-1,768.263,792.609,389.338,543.167,-1,-1,-1,-1,-1,-1,-1,-1,2,0,2,2,2,0,0,0,0,2,2,2,2,2,2,2,2
262,-5049.612,487.698,310.764,-105.873,-0.273000,0.962011,-0.002392,-0.960089,-0.272296,0.063908,0.060829,0.019743,0.997953,0,0.66371,1.00000,6.148,-0.050,-1,1002.493,-1,-1,-1,772.556,796.126,391.710,543.812,-1,-1,-1,-1,-1,-1,-1,-1,2,0,2,2,2,0,0,0,0,2,2,2,2,2,2,2,2
263,-5051.606,481.349,311.129,-105.924,-0.273845,0.961768,-0.003429,-0.959846,-0.273069,0.064256,0.060863,0.020888,0.997928,0,0.66334,1.00000,6.655,-0.050,-1,-1,-1,-1,-1,776.342,799.017,393.534,543.226,-1,-1,-1,-1,-1,-1,-1,-1,2,2,2,2,2,0,0,0,0,2,2,2,2,2,2,2,2
264,-5053.730,474.516,311.215,-105.963,-0.274501,0.961576,-0.004533,-0.959662,-0.273651,0.064532,0.060812,0.022064,0.997905,0,0.66295,1.00000,7.156,-0.039,-1,-1,-1,-1,-1,779.116,800.608,394.784,541.818,-1,-1,-1,-1,-1,-1,-1,-1,2,2,2,2,2,0,0,0,0,2,2,2,2,2,2,2,2
265,-5055.937,467.171,311.100,-105.979,-0.274775,0.961491,-0.005755,-0.959601,-0.273848,0.064605,0.060541,0.023274,0.997894,0,0.66260,1.00000,7.669,-0.016,-1,-1,-1,-1,-1,780.437,800.773,395.598,540.361,-1,-1,-1,-1,-1,-1,-1,-1,2,2,2,2,2,0,0,0,0,2,2,2,2,2,2,2,2
266,-5058.179,459.301,310.877,-105.962,-0.274509,0.961558,-0.007192,-0.959716,-0.273502,0.064350,0.059909,0.024567,0.997901,0,0.66236,1.00000,8.182,0.016,-1,-1,-1,-1,-1,780.075,799.267,396.207,538.622,-1,-1,-1,-1,-1,-1,-1,-1,2,2,2,2,2,0,0,0,0,2,2,2,2,2,2,2,2
267,-5060.377,450.880,310.659,-105.888,-0.273292,0.961886,-0.009262,-0.960135,-0.272181,0.063707,0.058758,0.026304,0.997926,0,0.66227,1.00000,8.704,0.074,-1,-1,-1,-1,-1,777.822,795.716,397.277,536.133,-1,-1,-1,-1,-1,-1,-1,-1,2,2,2,2,2,0,0,0,0,2,2,2,2,2,2,2,2
268,-5062.402,441.808,310.508,-105.725,-0.270572,0.962624,-0.012103,-0.960993,-0.269323,0.062908,0.057297,0.028652,0.997946,0,0.66245,1.00000,9.295,0.164,-1,-1,-1,-1,-1,774.596,790.927,399.153,532.865,-1,-1,-1,-1,-1,-1,-1,-1,2,2,2,2,2,0,0,0,0,2,2,2,2,2,2,2,2
269,-5064.257,432.138,310.501,-105.493,-0.266712,0.963661,-0.014896,-0.962182,-0.265350,0.061602,0.055411,0.030762,0.997990,0,0.66306,1.00000,9.846,0.232,-1,-1,-1,-1,-1,770.141,785.078,401.297,530.750,-1,-1,-1,-1,-1,-1,-1,-1,2,2,2,2,2,0,0,0,0,2,2,2,2,2,2,2,2
270,-5066.009,421.798,310.627,-105.222,-0.262180,0.964863,-0.017377,-0.963519,-0.260726,0.060444,0.053790,0.032590,0.998020,0,0.66400,1.00000,10.488,0.271,-1,1005.716,-1,-1,-1,767.052,780.656,403.296,529.872,-1,-1,-1,-1,-1,-1,-1,-1,2,0,2,2,2,0,0,0,0,2,2,2,2,2,2,2,2
271,-5067.715,410.828,310.889,-104.936,-0.257390,0.966116,-0.019220,-0.964872,-0.255873,0.059595,0.052658,0.033884,0.998038,0,0.66511,1.00000,11.101,0.286,-1,1004.308,-1,-1,-1,766.133,778.917,404.841,530.709,-1,-1,-1,-1,-1,-1,-1,-1,2,0,2,2,2,0,0,0,0,2,2,2,2,2,2,2,2
272,-5069.464,399.172,311.285,-104.621,-0.252078,0.967494,-0.020276,-0.966289,-0.250520,0.059379,0.052369,0.034560,0.998030,0,0.66629,1.00000,11.787,0.315,-1,1006.927,-1,-1,-1,768.551,780.810,405.855,533.520,-1,-1,-1,-1,-1,-1,-1,-1,2,0,2,2,2,0,0,0,0,2,2,2,2,2,2,2,2
273,-5071.183,387.141,311.793,-104.317,-0.246949,0.968792,-0.021417,-0.967620,-0.245338,0.059344,0.052238,0.035378,0.998008,0,0.53154,0.45536,12.153,0.304,-1,-1,-1,-1,-1,772.055,783.660,407.293,536.389,-1,-1,-1,-1,-1,-1,-1,-1,2,2,2,2,2,0,0,0,0,2,2,2,2,2,2,2,2
274,-5073.070,374.878,312.445,-104.049,-0.242416,0.969924,-0.021959,-0.968747,-0.240772,0.059648,0.052567,0.035732,0.997978,0,0.53254,0.45281,12.407,0.268,-1,-1,-1,-1,-1,778.068,788.862,408.472,540.873,-1,-1,-1,-1,-1,-1,-1,-1,2,2,2,2,2,0,0,0,0,2,2,2,2,2,2,2,2
275,-5075.159,362.312,313.172,-103.834,-0.238779,0.970837,-0.021459,-0.969620,-0.237155,0.059961,0.053123,0.035124,0.997970,0,0.53339,0.45063,12.738,0.215,-1,-1,-1,-1,-1,785.313,795.912,408.499,547.721,-1,-1,-1,-1,-1,-1,-1,-1,2,2,2,2,2,0,0,0,0,2,2,2,2,2,2,2,2
276,-5077.390,349.487,313.848,-103.666,-0.235924,0.971563,-0.020148,-0.970312,-0.234383,0.059663,0.053244,0.033625,0.998015,0,0.53402,0.44901,13.018,0.169,-1,-1,-1,-1,-1,790.873,801.859,407.123,556.235,-1,-1,-1,-1,-1,-1,-1,-1,2,2,2,2,2,0,0,0,0,2,2,2,2,2,2,2,2
277,-5079.790,336.416,314.424,-103.544,-0.233867,0.972093,-0.018502,-0.970826,-0.232441,0.058886,0.052942,0.031734,0.998093,0,0.53447,0.44786,13.289,0.122,-1,-1,-1,-1,-1,794.732,806.459,404.952,565.261,-1,-1,-1,-1,-1,-1,-1,-1,2,2,2,2,2,0,0,0,0,2,2,2,2,2,2,2,2
278,-5082.412,323.181,314.921,-103.472,-0.232650,0.972414,-0.016895,-0.971177,-0.231358,0.057350,0.051859,0.029750,0.998211,0,0.53473,0.44719,13.492,0.073,-1,-1,-1,-1,-1,795.731,808.279,402.454,574.154,-1,-1,-1,-1,-1,-1,-1,-1,2,2,2,2,2,0,0,0,0,2,2,2,2,2,2,2,2
279,-5085.209,309.757,315.257,-103.433,-0.232012,0.972585,-0.015737,-0.971425,-0.230843,0.055191,0.050045,0.028092,0.998352,0,0.53479,0.44703,13.713,0.039,-1,-1,-1,-1,-1,793.816,806.977,400.009,581.786,-1,-1,-1,-1,-1,-1,-1,-1,2,2,2,2,2,0,0,0,0,2,2,2,2,2,2,2,2
280,-5088.153,296.078,315.344,-103.401,-0.231503,0.972701,-0.016130,-0.971651,-0.230372,0.053129,0.047962,0.027972,0.998457,0,0.53472,0.44722,13.992,0.031,-1,-1,-1,-1,-1,790.613,803.616,399.111,585.279,-1,-1,-1,-1,-1,-1,-1,-1,2,2,2,2,2,0,0,0,0,2,2,2,2,2,2,2,2
281,-5091.334,282.176,315.190,-103.381,-0.231190,0.972746,-0.017794,-0.971838,-0.230040,0.051103,0.045617,0.029107,0.998535,0,0.53461,0.44749,14.261,0.020,-1,-1,-1,-1,-1,786.324,798.383,399.407,585.234,-1,-1,-1,-1,-1,-1,-1,-1,2,2,2,2,2,0,0,0,0,2,2,2,2,2,2,2,2
282,-5094.715,268.054,314.790,-103.386,-0.231301,0.972655,-0.021028,-0.971931,-0.230065,0.049196,0.043013,0.031817,0.998568,0,0.53445,0.44790,14.521,-0.005,-1,1002.448,-1,1005.826,-1,781.062,791.273,401.906,580.917,-1,-1,-1,-1,-1,-1,-1,-1,2,0,2,0,2,0,0,0,0,2,2,2,2,2,2,2,2
283,-5098.342,253.762,314.243,-103.414,-0.231806,0.972421,-0.025756,-0.971933,-0.230434,0.047405,0.040163,0.036022,0.998544,0,0.53419,0.44857,14.745,-0.028,-1,997.801,-1,988.320,-1,775.009,782.742,406.322,572.949,-1,-1,-1,-1,-1,-1,-1,-1,2,0,2,0,2,0,0,0,0,2,2,2,2,2,2,2,2
284,-5102.177,239.252,313.549,-103.448,-0.232408,0.972120,-0.031128,-0.971936,-0.230927,0.044877,0.036438,0.040684,0.998507,0,0.53383,0.44949,15.008,-0.034,-1,989.161,-1,966.801,-1,765.794,770.958,411.407,563.703,-1,-1,-1,-1,-1,-1,-1,-1,2,0,2,0,2,0,0,0,0,2,2,2,2,2,2,2,2
285,-5106.166,224.561,312.700,-103.488,-0.233119,0.971755,-0.036719,-0.971945,-0.231618,0.040948,0.031287,0.045234,0.998486,0,0.53345,0.45048,15.222,-0.040,-1,973.088,-1,940.223,-1,751.608,754.431,417.544,554.346,-1,-1,-1,-1,-1,-1,-1,-1,2,0,2,0,2,0,0,0,0,2,2,2,2,2,2,2,2
286,-5110.236,209.695,311.758,-103.522,-0.233752,0.971380,-0.042195,-0.971993,-0.232375,0.035097,0.024287,0.049217,0.998493,0,0.53303,0.45154,15.414,-0.035,-1,947.625,-1,908.418,-1,731.550,732.532,422.499,545.923,-1,-1,-1,-1,-1,-1,-1,-1,2,0,2,0,2,0,0,0,0,2,2,2,2,2,2,2,2
287,-5114.360,194.511,311.058,-103.561,-0.234438,0.971097,-0.044814,-0.971967,-0.233304,0.029130,0.017833,0.050387,0.998571,0,0.53263,0.45256,15.734,-0.039,-1,922.774,-1,883.700,-1,714.242,714.613,423.690,544.101,-1,-1,-1,-1,-1,-1,-1,-1,2,0,2,0,2,0,0,0,0,2,2,2,2,2,2,2,2
288,-5118.425,178.741,310.587,-103.583,-0.234838,0.970974,-0.045394,-0.971935,-0.233889,0.025279,0.013928,0.050056,0.998649,0,0.53222,0.45363,16.285,-0.023,-1,908.984,-1,870.742,-1,705.692,705.893,423.296,546.447,-1,-1,-1,-1,-1,-1,-1,-1,2,0,2,0,2,0,0,0,0,2,2,2,2,2,2,2,2
