timestep,x_cm,y_cm,z_cm,yaw_deg,basis_xx,basis_xy,basis_xz,basis_yx,basis_yy,basis_yz,basis_zx,basis_zy,basis_zz,teleport_flag,throttle_cmd,steering_cmd,cmd_move_cm,cmd_turn_deg,lidar_cm_0,lidar_cm_1,lidar_cm_2,lidar_cm_3,lidar_cm_4,lidar_cm_5,lidar_cm_6,lidar_cm_7,lidar_cm_8,lidar_cm_9,lidar_cm_10,lidar_cm_11,lidar_cm_12,lidar_cm_13,lidar_cm_14,lidar_cm_15,lidar_cm_16,lidar_class_0,lidar_class_1,lidar_class_2,lidar_class_3,lidar_class_4,lidar_class_5,lidar_class_6,lidar_class_7,lidar_class_8,lidar_class_9,lidar_class_10,lidar_class_11,lidar_class_12,lidar_class_13,lidar_class_14,lidar_class_15,lidar_class_16
0,-2953.635,-7538.828,145.997,113.832,-0.404176,-0.914668,-0.004939,0.913828,-0.404026,0.041010,-0.039506,0.012062,0.999147,1,0.08000,0.12000,4.800,0.240,-1,375.000,-1,375.000,-1,300.000,300.000,325.000,325.000,-1,925.000,750.000,-1,650.000,700.000,-1,-1,2,0,2,0,2,0,0,0,0,2,0,0,2,0,0,2,2
1,-2957.587,-7530.079,145.639,114.312,-0.411835,-0.911246,-0.004726,0.910420,-0.411673,0.040755,-0.039083,0.012482,0.999158,0,0.16000,0.24000,9.600,0.480,-1,375.000,-1,375.000,-1,300.000,300.000,325.000,325.000,-1,900.000,725.000,-1,650.000,700.000,-1,-1,2,0,2,0,2,0,0,0,0,2,0,0,2,0,0,2,2
2,-2963.680,-7517.032,145.110,115.032,-0.423267,-0.905994,-0.004408,0.905189,-0.423088,0.040361,-0.038432,0.013093,0.999175,0,0.24000,0.36000,14.400,0.720,-1,375.000,-1,375.000,-1,300.000,300.000,325.000,325.000,-1,850.000,700.000,-1,650.000,675.000,-1,-1,2,0,2,0,2,0,0,0,0,2,0,0,2,0,0,2,2
3,-2972.095,-7499.774,144.419,115.992,-0.438404,-0.898769,-0.003988,0.897994,-0.438203,0.039816,-0.037533,0.013875,0.999199,0,0.32000,0.48000,19.200,0.960,-1,375.000,-1,375.000,-1,300.000,300.000,325.000,325.000,-1,800.000,650.000,-1,650.000,675.000,-1,-1,2,0,2,0,2,0,0,0,0,2,0,0,2,0,0,2,2
4,-2983.062,-7478.427,143.576,117.192,-0.457150,-0.889383,-0.003465,0.888646,-0.456923,0.039104,-0.036362,0.014797,0.999229,0,0.40000,0.60000,24.000,1.200,-1,375.000,-1,375.000,-1,300.000,300.000,325.000,325.000,-1,725.000,600.000,-1,650.000,675.000,-1,-1,2,0,2,0,2,0,0,0,0,2,0,0,2,0,0,2,2
5,-2996.863,-7453.149,142.600,118.632,-0.479374,-0.877606,-0.002843,0.876917,-0.479122,0.038203,-0.034889,0.015821,0.999266,0,0.48000,0.72000,28.800,1.440,-1,375.000,-1,375.000,-1,300.000,300.000,325.000,325.000,-1,650.000,550.000,-1,650.000,675.000,-1,-1,2,0,2,0,2,0,0,0,0,2,0,0,2,0,0,2,2
6,-3013.701,-7424.072,141.461,120.075,-0.501341,-0.865248,-0.002032,0.864610,-0.501059,0.037285,-0.033279,0.016935,0.999303,0,0.56000,0.72143,33.600,1.443,-1,375.000,-1,375.000,-1,300.000,300.000,325.000,325.000,-1,575.000,550.000,-1,650.000,675.000,-1,-1,2,0,2,0,2,0,0,0,0,2,0,0,2,0,0,2,2
7,-3033.770,-7391.334,140.173,121.509,-0.522856,-0.852420,-0.001048,0.851836,-0.522543,0.036395,-0.031571,0.018137,0.999337,0,0.64000,0.71696,38.400,1.434,-1,375.000,-1,375.000,-1,300.000,300.000,325.000,325.000,-1,550.000,525.000,-1,650.000,650.000,-1,-1,2,0,2,0,2,0,0,0,0,2,0,0,2,0,0,2,2
8,-3057.256,-7355.076,138.830,122.933,-0.543890,-0.839157,-0.000084,0.838632,-0.543553,0.035316,-0.029682,0.019137,0.999376,0,0.72000,0.71195,43.200,1.424,-1,375.000,-1,375.000,-1,300.000,300.000,325.000,325.000,-1,525.000,525.000,-1,625.000,650.000,-1,-1,2,0,2,0,2,0,0,0,0,2,0,0,2,0,0,2,2
9,-3084.337,-7315.445,137.439,124.345,-0.564421,-0.825486,0.000957,0.825028,-0.564068,0.034009,-0.027535,0.019985,0.999421,0,0.80000,0.70639,48.000,1.413,-1,375.000,-1,375.000,-1,300.000,300.000,325.000,325.000,-1,500.000,525.000,-1,625.000,650.000,-1,-1,2,0,2,0,2,0,0,0,0,2,0,0,2,0,0,2,2
10,-3113.394,-7275.077,136.192,125.746,-0.584422,-0.811447,0.001901,0.811065,-0.584071,0.032170,-0.024994,0.020343,0.999481,0,0.82898,0.70026,49.739,1.401,1000.000,375.000,-1,375.000,-1,300.000,300.000,325.000,325.000,-1,475.000,500.000,-1,625.000,650.000,-1,-1,1,0,2,0,2,0,0,0,0,2,0,0,2,0,0,2,2
11,-3143.471,-7235.356,135.154,127.134,-0.603885,-0.797066,0.002729,0.796765,-0.603555,0.029779,-0.022089,0.020157,0.999553,0,0.83040,0.69391,49.824,1.388,975.000,375.000,-1,375.000,-1,300.000,300.000,325.000,325.000,-1,450.000,475.000,-1,625.000,650.000,975.000,-1,1,0,2,0,2,0,0,0,0,2,0,0,2,0,0,1,2
12,-3171.638,-7199.668,134.310,128.282,-0.619711,-0.784822,0.003497,0.784590,-0.619406,0.027477,-0.019398,0.019772,0.999616,0,0.75774,0.57391,45.464,1.148,950.000,375.000,-1,375.000,-1,300.000,300.000,325.000,325.000,-1,425.000,475.000,-1,625.000,625.000,950.000,-1,1,0,2,0,2,0,0,0,0,2,0,0,2,0,0,1,2
13,-3200.411,-7164.375,133.601,129.189,-0.632047,-0.774917,0.004481,0.774752,-0.631768,0.025060,-0.016589,0.019310,0.999676,0,0.75893,0.45391,45.536,0.908,925.000,350.000,-1,375.000,-1,300.000,300.000,325.000,325.000,-1,400.000,450.000,-1,625.000,625.000,900.000,-1,1,0,2,0,2,0,0,0,0,2,0,0,2,0,0,1,2
14,-3231.111,-7127.626,133.080,129.875,-0.641255,-0.767303,0.006168,0.767214,-0.640999,0.022424,-0.013252,0.019112,0.999730,0,0.79808,0.34286,47.885,0.686,900.000,350.000,-1,375.000,-1,300.000,300.000,325.000,325.000,-1,375.000,425.000,-1,625.000,625.000,875.000,-1,1,0,2,0,2,0,0,0,0,2,0,0,2,0,0,1,2
15,-3262.478,-7090.974,132.753,130.557,-0.650321,-0.759618,0.007965,0.759592,-0.650087,0.020169,-0.010143,0.019166,0.999765,0,0.80403,0.34103,48.242,0.682,850.000,350.000,-1,375.000,-1,300.000,300.000,325.000,325.000,-1,350.000,400.000,-1,625.000,625.000,825.000,-1,1,0,2,0,2,0,0,0,0,2,0,0,2,0,0,1,2
16,-3294.518,-7054.421,132.547,131.235,-0.659237,-0.751871,0.009786,0.751902,-0.659032,0.017903,-0.007012,0.019161,0.999792,0,0.81013,0.33904,48.608,0.678,800.000,350.000,-1,375.000,-1,300.000,300.000,325.000,325.000,-1,325.000,400.000,-1,625.000,625.000,775.000,-1,1,0,2,0,2,0,0,0,0,2,0,0,2,0,0,1,2
17,-3327.236,-7017.968,132.456,131.909,-0.668000,-0.744070,0.011624,0.744151,-0.667829,0.015584,-0.003833,0.019060,0.999811,0,0.81636,0.33690,48.982,0.674,775.000,350.000,-1,375.000,-1,300.000,300.000,325.000,325.000,-1,325.000,375.000,-1,625.000,625.000,750.000,-1,1,0,2,0,2,0,0,0,0,2,0,0,2,0,0,1,2
18,-3360.636,-6981.619,132.442,132.578,-0.676604,-0.736220,0.013667,0.736347,-0.676475,0.013224,-0.000490,0.019011,0.999819,0,0.82275,0.33462,49.365,0.669,725.000,350.000,-1,375.000,-1,300.000,300.000,325.000,325.000,-1,325.000,350.000,-1,625.000,625.000,700.000,-1,1,0,2,0,2,0,0,0,0,2,0,0,2,0,0,1,2
19,-3394.724,-6945.373,132.480,133.243,-0.685044,-0.728325,0.016047,0.728496,-0.684965,0.010840,0.003097,0.019116,0.999812,0,0.82927,0.33219,49.756,0.664,700.000,350.000,-1,350.000,-1,300.000,300.000,325.000,325.000,-1,300.000,325.000,-1,625.000,625.000,675.000,-1,1,0,2,0,2,0,0,0,0,2,0,0,2,0,0,1,2
20,-3429.504,-6909.234,132.762,133.902,-0.693308,-0.720389,0.019055,0.720606,-0.693293,0.008468,0.007110,0.019602,0.999783,0,0.83595,0.32962,50.157,0.659,650.000,350.000,-1,350.000,-1,300.000,300.000,325.000,325.000,-1,300.000,300.000,-1,625.000,625.000,625.000,-1,1,0,2,0,2,0,0,0,0,2,0,0,2,0,0,1,2
21,-3464.981,-6873.203,133.201,134.556,-0.701398,-0.712424,0.022213,0.712681,-0.701462,0.006082,0.011249,0.020097,0.999735,0,0.84276,0.32693,50.566,0.654,600.000,350.000,-1,350.000,-1,300.000,300.000,325.000,325.000,-1,275.000,275.000,-1,600.000,650.000,600.000,-1,1,0,2,0,2,0,0,0,0,2,0,0,2,1,0,1,2
22,-3501.160,-6837.281,133.769,135.204,-0.709313,-0.704437,0.025363,0.704725,-0.709471,0.003665,0.015413,0.020474,0.999672,0,0.84972,0.32412,50.983,0.648,575.000,375.000,975.000,375.000,-1,300.000,300.000,325.000,325.000,-1,275.000,275.000,-1,575.000,650.000,550.000,-1,1,0,1,0,2,0,0,0,0,2,0,0,2,1,0,1,2
23,-3538.045,-6801.470,134.640,135.846,-0.717077,-0.696443,0.027707,0.696733,-0.717330,0.001115,0.019099,0.020104,0.999615,0,0.85682,0.32120,51.409,0.642,525.000,375.000,925.000,375.000,-1,300.000,300.000,325.000,325.000,-1,275.000,275.000,-1,525.000,650.000,500.000,-1,1,0,1,0,2,0,0,0,0,2,0,0,2,1,0,1,2
24,-3575.640,-6765.772,135.752,136.483,-0.724670,-0.688445,0.029945,0.688711,-0.725034,-0.001931,0.023040,0.019224,0.999550,0,0.86406,0.31819,51.844,0.636,475.000,375.000,850.000,375.000,-1,300.000,300.000,325.000,325.000,-1,275.000,275.000,-1,500.000,650.000,475.000,-1,1,0,1,0,2,0,0,0,0,2,0,0,2,1,0,1,2
25,-3613.950,-6730.188,137.013,137.113,-0.732096,-0.680442,0.032152,0.680666,-0.732576,-0.005064,0.026999,0.018177,0.999470,0,0.87143,0.31511,52.286,0.630,425.000,375.000,800.000,375.000,-1,300.000,300.000,325.000,325.000,-1,275.000,275.000,-1,475.000,650.000,425.000,-1,1,0,1,0,2,0,0,0,0,2,0,0,2,1,0,1,2
26,-3652.324,-6695.336,138.385,137.753,-0.739550,-0.672227,0.034297,0.672394,-0.740149,-0.008136,0.030854,0.017044,0.999379,0,0.86396,0.32012,51.838,0.640,375.000,375.000,725.000,375.000,-1,300.000,300.000,325.000,325.000,-1,250.000,275.000,-1,425.000,675.000,375.000,-1,1,1,1,0,2,0,0,0,0,2,0,0,2,1,0,1,2
27,-3691.345,-6660.690,140.012,138.399,-0.746976,-0.663851,0.036447,0.663968,-0.747687,-0.010541,0.034249,0.016326,0.999280,0,0.86971,0.32288,52.182,0.646,350.000,350.000,675.000,375.000,-1,300.000,300.000,325.000,325.000,-1,275.000,300.000,-1,400.000,675.000,325.000,-1,1,1,1,0,2,0,0,0,0,2,0,0,2,1,0,1,2
28,-3731.018,-6626.264,141.826,139.050,-0.754373,-0.655312,0.038563,0.655380,-0.755194,-0.012640,0.037406,0.015738,0.999176,0,0.87544,0.32576,52.527,0.652,300.000,325.000,600.000,375.000,-1,300.000,300.000,325.000,325.000,-1,275.000,300.000,-1,350.000,675.000,300.000,-1,1,1,1,0,2,0,0,0,0,2,0,0,2,1,0,1,2
29,-3771.345,-6592.074,143.763,139.708,-0.761739,-0.646609,0.040625,0.646618,-0.762673,-0.014686,0.040480,0.015081,0.999067,0,0.88116,0.32878,52.870,0.658,250.000,275.000,525.000,375.000,-1,300.000,300.000,325.000,325.000,-1,300.000,325.000,-1,325.000,650.000,250.000,-1,1,1,1,0,2,1,0,0,0,2,0,0,2,1,1,1,2
30,-3812.328,-6558.136,145.825,140.372,-0.769076,-0.637735,0.042628,0.637677,-0.770123,-0.016694,0.043475,0.014343,0.998952,0,0.88684,0.33198,53.210,0.664,200.000,250.000,475.000,375.000,-1,250.000,300.000,325.000,325.000,-1,300.000,325.000,-1,275.000,600.000,200.000,-1,1,1,1,0,2,1,0,0,0,2,0,0,2,1,1,1,2
31,-3853.970,-6524.470,149.844,141.043,-0.775855,-0.628601,0.053945,0.628734,-0.777443,-0.016586,0.052365,0.021049,0.998406,0,0.89247,0.33537,53.548,0.671,175.000,225.000,425.000,400.000,-1,225.000,300.000,350.000,325.000,-1,300.000,300.000,-1,250.000,575.000,175.000,-1,1,1,1,0,2,1,1,0,0,2,0,0,2,1,1,1,2
32,-3896.281,-6491.102,158.782,141.721,-0.780429,-0.618798,0.089546,0.620522,-0.784119,-0.010481,0.076700,0.047386,0.995928,0,0.89802,0.33900,53.881,0.678,150.000,200.000,425.000,400.000,-1,200.000,300.000,425.000,300.000,-1,250.000,175.000,-1,225.000,875.000,150.000,-1,1,1,1,1,2,1,1,0,0,2,0,0,2,1,0,1,2
33,-3939.261,-6458.057,168.993,142.407,-0.783080,-0.608175,0.130030,0.613208,-0.789920,-0.001683,0.103737,0.078417,0.991509,0,0.90349,0.34291,54.209,0.686,150.000,175.000,450.000,375.000,-1,175.000,275.000,525.000,275.000,-1,225.000,100.000,700.000,200.000,-1,150.000,-1,1,1,1,1,2,1,1,0,0,2,0,0,0,1,2,1,2
34,-3982.911,-6425.361,180.444,143.101,-0.783271,-0.596485,0.175194,0.607224,-0.794469,0.009885,0.133289,0.114124,0.984484,0,0.90882,0.34714,54.529,0.694,150.000,175.000,-1,375.000,-1,175.000,275.000,700.000,250.000,-1,200.000,50.000,425.000,175.000,-1,125.000,-1,1,1,2,1,2,1,1,0,0,2,0,0,0,1,2,1,2
35,-4027.231,-6393.045,193.106,143.804,-0.780460,-0.583478,0.224578,0.603037,-0.797350,0.024091,0.165010,0.154231,0.974158,0,0.91399,0.35176,54.840,0.704,150.000,150.000,-1,400.000,-1,175.000,275.000,975.000,225.000,-1,175.000,25.000,275.000,175.000,-1,125.000,-1,1,1,2,1,2,1,1,0,0,2,0,0,0,1,2,1,2
36,2951.694,-4263.559,-84.581,112.704,-0.386200,-0.922406,0.004156,0.922076,-0.385933,0.028840,-0.024998,0.014970,0.999575,1,0.00000,0.00000,59.640,0.464,-1,375.000,-1,375.000,-1,300.000,300.000,325.000,325.000,-1,425.000,450.000,-1,700.000,775.000,-1,-1,2,0,2,0,2,0,0,0,0,2,0,0,2,0,0,2,2
37,2949.832,-4259.135,-84.702,112.832,-0.388252,-0.921543,0.004305,0.921221,-0.387982,0.028671,-0.024751,0.015098,0.999580,0,0.08000,0.06372,4.800,0.127,-1,375.000,-1,375.000,-1,300.000,300.000,325.000,325.000,-1,425.000,450.000,-1,700.000,775.000,-1,-1,2,0,2,0,2,0,0,0,0,2,0,0,2,0,0,2,2
38,2946.087,-4250.295,-84.942,112.959,-0.390304,-0.920674,0.004605,0.920365,-0.390032,0.028332,-0.024289,0.015297,0.999588,0,0.16000,0.06377,9.600,0.128,-1,375.000,-1,375.000,-1,300.000,300.000,325.000,325.000,-1,425.000,450.000,-1,700.000,775.000,-1,-1,2,0,2,0,2,0,0,0,0,2,0,0,2,0,0,2,2
39,2940.440,-4237.049,-85.297,113.087,-0.392359,-0.919798,0.005056,0.919509,-0.392082,0.027825,-0.023611,0.015567,0.999600,0,0.24000,0.06389,14.400,0.128,-1,375.000,-1,375.000,-1,300.000,300.000,325.000,325.000,-1,450.000,450.000,-1,700.000,800.000,-1,-1,2,0,2,0,2,0,0,0,0,2,0,0,2,0,0,2,2
40,2932.872,-4219.403,-85.764,113.215,-0.394416,-0.918915,0.005659,0.918651,-0.394136,0.027147,-0.022716,0.015906,0.999615,0,0.32000,0.06405,19.200,0.128,-1,375.000,-1,375.000,-1,300.000,300.000,325.000,325.000,-1,450.000,475.000,-1,700.000,800.000,-1,-1,2,0,2,0,2,0,0,0,0,2,0,0,2,0,0,2,2
41,2923.362,-4197.368,-86.338,113.344,-0.396477,-0.918022,0.006412,0.917790,-0.396193,0.026299,-0.021603,0.016312,0.999634,0,0.40000,0.06425,24.000,0.129,-1,375.000,-1,400.000,-1,300.000,300.000,325.000,325.000,-1,450.000,450.000,-1,700.000,800.000,-1,-1,2,0,2,0,2,0,0,0,0,2,0,0,2,0,0,2,2
42,2911.890,-4170.951,-87.010,113.473,-0.398542,-0.917121,0.007317,0.916926,-0.398255,0.025280,-0.020271,0.016784,0.999654,0,0.48000,0.06448,28.800,0.129,-1,375.000,-1,400.000,-1,300.000,300.000,325.000,325.000,-1,475.000,450.000,-1,700.000,800.000,-1,-1,2,0,2,0,2,0,0,0,0,2,0,0,2,0,0,2,2
43,2898.437,-4140.162,-87.772,113.602,-0.400609,-0.916211,0.008372,0.916058,-0.400322,0.024089,-0.018719,0.017319,0.999675,0,0.56000,0.06469,33.600,0.129,-1,375.000,-1,400.000,-1,300.000,325.000,325.000,325.000,-1,450.000,425.000,-1,725.000,825.000,-1,-1,2,0,2,0,2,0,0,0,0,2,0,0,2,0,0,2,2
44,2882.983,-4105.010,-88.616,113.732,-0.402676,-0.915293,0.009578,0.915186,-0.402391,0.022725,-0.016946,0.017917,0.999696,0,0.64000,0.06487,38.400,0.130,-1,375.000,-1,400.000,-1,300.000,325.000,325.000,325.000,-1,450.000,400.000,-1,725.000,825.000,-1,-1,2,0,2,0,2,0,0,0,0,2,0,0,2,0,0,2,2
45,2865.342,-4065.576,-89.498,114.102,-0.408562,-0.912666,0.010820,0.912608,-0.408285,0.021227,-0.014955,0.018547,0.999716,0,0.72000,0.18487,43.200,0.370,-1,375.000,-1,400.000,-1,325.000,325.000,325.000,325.000,-1,425.000,400.000,-1,725.000,850.000,-1,-1,2,0,2,0,2,0,0,0,0,2,0,0,2,0,0,2,2
46,2846.115,-4023.688,-90.226,114.656,-0.417354,-0.908673,0.011357,0.908646,-0.417092,0.019931,-0.013374,0.018638,0.999737,0,0.76817,0.27709,46.090,0.554,-1,375.000,-1,400.000,-1,325.000,325.000,325.000,325.000,-1,425.000,400.000,-1,750.000,850.000,-1,-1,2,0,2,0,2,0,0,0,0,2,0,0,2,0,0,2,2
47,2826.489,-3982.000,-91.095,115.210,-0.426118,-0.904584,0.012307,0.904583,-0.425853,0.019434,-0.012338,0.019414,0.999735,0,0.76795,0.27704,46.077,0.554,-1,375.000,-1,400.000,-1,325.000,325.000,325.000,325.000,-1,425.000,425.000,-1,750.000,850.000,-1,-1,2,0,2,0,2,0,0,0,0,2,0,0,2,0,0,2,2
48,2806.467,-3940.515,-92.055,115.764,-0.434846,-0.900403,0.013544,0.900429,-0.434565,0.019530,-0.011699,0.020688,0.999718,0,0.76773,0.27689,46.064,0.554,-1,400.000,-1,425.000,-1,325.000,325.000,325.000,300.000,-1,450.000,425.000,-1,750.000,850.000,-1,-1,2,0,2,0,2,0,0,0,0,2,0,0,2,0,0,2,2
49,2786.050,-3899.237,-92.960,116.317,-0.443525,-0.896141,0.014759,0.896194,-0.443228,0.019608,-0.011030,0.021923,0.999699,0,0.76752,0.27665,46.051,0.553,-1,400.000,-1,425.000,-1,325.000,325.000,325.000,300.000,-1,475.000,450.000,-1,750.000,850.000,-1,-1,2,0,2,0,2,0,0,0,0,2,0,0,2,0,0,2,2
50,2765.242,-3858.169,-93.810,116.869,-0.452149,-0.891800,0.015952,0.891883,-0.451839,0.019667,-0.010331,0.023120,0.999679,0,0.76732,0.27632,46.039,0.553,-1,400.000,-1,425.000,-1,325.000,325.000,325.000,300.000,-1,500.000,475.000,-1,750.000,850.000,-1,-1,2,0,2,0,2,0,0,0,0,2,0,0,2,0,0,2,2
51,2744.045,-3817.313,-94.434,117.421,-0.460731,-0.887368,0.017482,0.887482,-0.460386,0.020512,-0.010153,0.024966,0.999637,0,0.76713,0.27589,46.028,0.552,-1,400.000,-1,425.000,-1,325.000,325.000,325.000,300.000,-1,525.000,500.000,-1,750.000,850.000,-1,-1,2,0,2,0,2,0,0,0,0,2,0,0,2,0,0,2,2
52,2722.460,-3776.672,-94.991,117.972,-0.469253,-0.882859,0.018996,0.883007,-0.468872,0.021390,-0.009978,0.026811,0.999591,0,0.76696,0.27537,46.017,0.551,-1,400.000,-1,425.000,-1,325.000,325.000,325.000,300.000,-1,575.000,550.000,-1,750.000,850.000,-1,-1,2,0,2,0,2,0,0,0,0,2,0,0,2,0,0,2,2
53,2698.382,-3731.921,-95.782,118.283,-0.474057,-0.880280,0.019434,0.880430,-0.473640,0.022548,-0.010644,0.027799,0.999557,0,0.84696,0.15537,50.817,0.311,-1,400.000,-1,400.000,-1,325.000,325.000,325.000,300.000,-1,650.000,600.000,-1,725.000,850.000,-1,-1,2,0,2,0,2,0,0,0,0,2,0,0,2,0,0,2,2
54,2673.292,-3685.430,-96.606,118.354,-0.475170,-0.879676,0.019581,0.879817,-0.474717,0.023779,-0.011622,0.028527,0.999525,0,0.88048,0.03537,52.829,0.071,-1,400.000,-1,400.000,-1,325.000,325.000,325.000,325.000,-1,725.000,700.000,-1,725.000,850.000,-1,-1,2,0,2,0,2,0,0,0,0,2,0,0,2,0,0,2,2
55,2648.347,-3638.877,-97.375,118.184,-0.472598,-0.881057,0.019761,0.881187,-0.472107,0.025001,-0.012699,0.029229,0.999492,0,0.88024,-0.08463,52.814,-0.169,-1,375.000,-1,400.000,-1,325.000,325.000,300.000,325.000,-1,825.000,775.000,-1,725.000,850.000,-1,-1,2,0,2,0,2,0,0,0,0,2,0,0,2,0,0,2,2
56,2623.742,-3592.160,-98.105,117.775,-0.466327,-0.884387,0.019957,0.884503,-0.465796,0.026247,-0.013916,0.029891,0.999456,0,0.88002,-0.20451,52.801,-0.409,-1,375.000,-1,400.000,-1,325.000,325.000,300.000,325.000,-1,925.000,875.000,-1,725.000,825.000,-1,-1,2,0,2,0,2,0,0,0,0,2,0,0,2,0,0,2,2
57,2599.477,-3545.275,-98.784,117.363,-0.459987,-0.887696,0.020190,0.887796,-0.459413,0.027521,-0.015155,0.030584,0.999417,0,0.87986,-0.20607,52.791,-0.412,-1,375.000,-1,400.000,-1,325.000,325.000,300.000,325.000,-1,-1,975.000,-1,725.000,825.000,-1,-1,2,0,2,0,2,0,0,0,0,2,2,0,2,0,0,2,2
58,2575.554,-3498.217,-99.429,116.947,-0.453568,-0.890985,0.020531,0.891071,-0.452948,0.028811,-0.016371,0.031363,0.999374,0,0.87982,-0.20789,52.789,-0.416,-1,375.000,-1,400.000,-1,325.000,325.000,300.000,325.000,-1,-1,-1,-1,725.000,825.000,-1,-1,2,0,2,0,2,0,0,0,0,2,2,2,2,0,0,2,2
59,2551.974,-3450.979,-100.041,116.527,-0.447063,-0.894256,0.020975,0.894330,-0.446394,0.030116,-0.017568,0.032222,0.999326,0,0.87994,-0.20997,52.797,-0.420,-1,375.000,-1,400.000,-1,325.000,325.000,300.000,325.000,-1,-1,-1,-1,725.000,825.000,-1,-1,2,0,2,0,2,0,0,0,0,2,2,2,2,0,0,2,2
60,2528.736,-3403.552,-100.798,116.103,-0.440463,-0.897493,0.022337,0.897586,-0.439731,0.031252,-0.018227,0.033814,0.999262,0,0.88023,-0.21231,52.814,-0.425,-1,375.000,-1,400.000,-1,325.000,325.000,300.000,325.000,-1,-1,-1,-1,725.000,825.000,-1,-1,2,0,2,0,2,0,0,0,0,2,2,2,2,0,0,2,2
61,2503.553,-3351.734,-101.735,115.918,-0.437610,-0.898826,0.024673,0.898980,-0.436798,0.032288,-0.018244,0.036310,0.999174,0,0.96023,-0.09231,57.614,-0.185,-1,375.000,-1,400.000,-1,325.000,325.000,300.000,325.000,-1,-1,-1,-1,725.000,825.000,-1,-1,2,0,2,0,2,0,0,0,0,2,2,2,2,0,0,2,2
62,2477.769,-3298.810,-102.723,115.974,-0.438533,-0.898300,0.027303,0.898527,-0.437617,0.033780,-0.018396,0.039346,0.999056,0,0.98118,0.02769,58.871,0.055,-1,375.000,-1,400.000,-1,325.000,325.000,300.000,325.000,-1,-1,-1,-1,750.000,825.000,-1,-1,2,0,2,0,2,0,0,0,0,2,2,2,2,0,0,2,2
63,2451.847,-3245.903,-103.657,116.101,-0.440595,-0.897205,0.029984,0.897514,-0.439564,0.035376,-0.018560,0.042498,0.998924,0,0.98193,0.06395,58.916,0.128,-1,400.000,-1,400.000,-1,325.000,325.000,300.000,325.000,-1,-1,-1,-1,750.000,825.000,-1,-1,2,0,2,0,2,0,0,0,0,2,2,2,2,0,0,2,2
64,2425.807,-3193.055,-104.594,116.229,-0.442648,-0.896103,0.032577,0.896503,-0.441507,0.036803,-0.018597,0.045497,0.998791,0,0.98193,0.06395,58.916,0.128,-1,400.000,-1,400.000,-1,325.000,325.000,325.000,300.000,-1,-1,-1,-1,750.000,825.000,-1,-1,2,0,2,0,2,0,0,0,0,2,2,2,2,0,0,2,2
65,2399.650,-3140.264,-105.791,116.357,-0.444647,-0.895041,0.034520,0.895532,-0.443469,0.036851,-0.017674,0.047300,0.998724,0,0.98193,0.06395,58.916,0.128,-1,400.000,-1,400.000,-1,325.000,325.000,325.000,300.000,-1,-1,-1,-1,775.000,825.000,-1,-1,2,0,2,0,2,0,0,0,0,2,2,2,2,0,0,2,2
66,2373.375,-3087.532,-107.114,116.485,-0.446657,-0.894000,0.035524,0.894534,-0.445442,0.037300,-0.017522,0.048438,0.998672,0,0.98193,0.06395,58.916,0.128,-1,400.000,-1,400.000,-1,325.000,325.000,325.000,300.000,-1,-1,-1,-1,775.000,825.000,-1,-1,2,0,2,0,2,0,0,0,0,2,2,2,2,0,0,2,2
67,2346.982,-3034.859,-108.488,116.613,-0.448676,-0.892969,0.036006,0.893517,-0.447419,0.037992,-0.017816,0.049218,0.998629,0,0.98193,0.06395,58.916,0.128,-1,400.000,-1,400.000,-1,325.000,325.000,300.000,300.000,-1,-1,-1,-1,775.000,825.000,-1,-1,2,0,2,0,2,0,0,0,0,2,2,2,2,0,0,2,2
68,2320.473,-2982.244,-109.819,116.741,-0.450697,-0.891932,0.036451,0.892491,-0.449394,0.038806,-0.018232,0.050022,0.998582,0,0.98193,0.06395,58.916,0.128,-1,400.000,-1,400.000,-1,325.000,325.000,300.000,300.000,-1,-1,-1,-1,800.000,825.000,-1,-1,2,0,2,0,2,0,0,0,0,2,2,2,2,0,0,2,2
69,2293.845,-2929.689,-111.108,116.869,-0.452722,-0.890890,0.036860,0.891454,-0.451364,0.039743,-0.018769,0.050851,0.998530,0,0.98193,0.06395,58.916,0.128,-1,400.000,-1,400.000,-1,325.000,325.000,300.000,300.000,-1,-1,-1,-1,800.000,825.000,-1,-1,2,0,2,0,2,0,0,0,0,2,2,2,2,0,0,2,2
70,2267.101,-2877.193,-112.354,116.997,-0.454750,-0.889841,0.037231,0.890407,-0.453332,0.040802,-0.019429,0.051705,0.998473,0,0.98193,0.06395,58.916,0.128,-1,400.000,-1,400.000,-1,325.000,325.000,300.000,300.000,-1,-1,-1,-1,825.000,825.000,-1,-1,2,0,2,0,2,0,0,0,0,2,2,2,2,0,0,2,2
71,2240.239,-2824.758,-113.557,117.125,-0.456781,-0.888786,0.037563,0.889350,-0.455296,0.041983,-0.020212,0.052584,0.998412,0,0.98193,0.06395,58.916,0.128,-1,400.000,-1,400.000,-1,325.000,325.000,300.000,300.000,-1,-1,-1,-1,825.000,825.000,-1,-1,2,0,2,0,2,0,0,0,0,2,2,2,2,0,0,2,2
72,2213.261,-2772.382,-114.699,117.253,-0.458810,-0.887728,0.037854,0.888287,-0.457259,0.043138,-0.020986,0.053417,0.998352,0,0.98193,0.06395,58.916,0.128,-1,400.000,-1,400.000,-1,325.000,325.000,300.000,300.000,-1,-1,-1,-1,850.000,825.000,-1,-1,2,0,2,0,2,0,0,0,0,2,2,2,2,0,0,2,2
73,2186.165,-2720.067,-115.859,117.380,-0.460830,-0.886653,0.038494,0.887229,-0.459213,0.044152,-0.021471,0.054499,0.998283,0,0.98193,0.06395,58.916,0.128,-1,400.000,-1,400.000,-1,325.000,325.000,300.000,300.000,-1,-1,-1,-1,850.000,825.000,-1,-1,2,0,2,0,2,0,0,0,0,2,2,2,2,0,0,2,2
74,2158.953,-2667.812,-117.018,117.508,-0.462857,-0.885564,0.039243,0.886158,-0.461158,0.045349,-0.022062,0.055765,0.998200,0,0.98193,0.06395,58.916,0.128,-1,400.000,-1,400.000,-1,325.000,325.000,300.000,300.000,-1,-1,-1,-1,875.000,825.000,-1,-1,2,0,2,0,2,0,0,0,0,2,2,2,2,0,0,2,2
75,2131.623,-2615.619,-118.201,117.636,-0.464895,-0.884455,0.040147,0.885071,-0.463093,0.046834,-0.022831,0.057305,0.998096,0,0.98193,0.06395,58.916,0.128,-1,400.000,-1,400.000,-1,325.000,325.000,300.000,300.000,-1,-1,-1,-1,900.000,825.000,-1,-1,2,0,2,0,2,0,0,0,0,2,2,2,2,0,0,2,2
76,2104.178,-2563.486,-119.396,117.764,-0.466944,-0.883328,0.041181,0.883968,-0.465019,0.048559,-0.023743,0.059077,0.997971,0,0.98193,0.06395,58.916,0.128,-1,400.000,-1,400.000,-1,325.000,325.000,300.000,300.000,-1,-1,-1,-1,900.000,825.000,-1,-1,2,0,2,0,2,0,0,0,0,2,2,2,2,0,0,2,2
77,2076.616,-2511.415,-120.785,117.892,-0.468963,-0.882220,0.041973,0.882886,-0.466954,0.049666,-0.024217,0.060349,0.997884,0,0.98193,0.06395,58.916,0.128,-1,425.000,-1,400.000,-1,325.000,325.000,300.000,300.000,-1,-1,-1,-1,925.000,825.000,-1,-1,2,0,2,0,2,0,0,0,0,2,2,2,2,0,0,2,2
78,2048.938,-2459.406,-122.321,118.020,-0.470961,-0.881124,0.042625,0.881816,-0.468894,0.050382,-0.024406,0.061315,0.997820,0,0.98193,0.06395,58.916,0.128,-1,425.000,-1,425.000,-1,350.000,350.000,325.000,300.000,-1,-1,-1,-1,925.000,825.000,-1,-1,2,0,2,0,2,0,0,0,0,2,2,2,2,0,0,2,2
79,2021.145,-2407.457,-124.298,118.148,-0.472985,-0.880105,0.041248,0.880686,-0.470876,0.051659,-0.026042,0.060761,0.997813,0,0.98193,0.06395,58.916,0.128,-1,425.000,-1,425.000,-1,350.000,350.000,300.000,300.000,-1,-1,-1,-1,925.000,825.000,-1,-1,2,0,2,0,2,0,0,0,0,2,2,2,2,0,0,2,2
80,1993.237,-2355.571,-126.425,118.276,-0.475014,-0.879098,0.039346,0.879527,-0.472864,0.053206,-0.028169,0.059880,0.997808,0,0.98193,0.06395,58.916,0.128,-1,425.000,-1,425.000,-1,350.000,325.000,300.000,300.000,-1,-1,-1,-1,900.000,800.000,-1,-1,2,0,2,0,2,0,0,0,0,2,2,2,2,0,0,2,2
81,1965.213,-2303.747,-128.587,118.404,-0.477043,-0.878079,0.037513,0.878354,-0.474846,0.054914,-0.030406,0.059146,0.997786,0,0.98193,0.06395,58.916,0.128,-1,425.000,-1,400.000,-1,350.000,325.000,300.000,300.000,-1,-1,-1,-1,900.000,800.000,-1,-1,2,0,2,0,2,0,0,0,0,2,2,2,2,0,0,2,2
82,1937.073,-2251.986,-130.784,118.531,-0.479072,-0.877047,0.035749,0.877164,-0.476822,0.056782,-0.032754,0.058560,0.997746,0,0.98193,0.06395,58.916,0.128,-1,425.000,-1,400.000,-1,350.000,325.000,300.000,300.000,-1,-1,-1,-1,875.000,775.000,-1,-1,2,0,2,0,2,0,0,0,0,2,2,2,2,0,0,2,2
83,1911.318,-2204.391,-132.804,118.419,-0.477425,-0.878015,0.033987,0.877961,-0.475125,0.058665,-0.035360,0.057848,0.997699,0,0.90193,-0.05605,54.116,-0.112,-1,425.000,-1,400.000,-1,350.000,325.000,300.000,300.000,-1,-1,-1,-1,850.000,775.000,-1,-1,2,0,2,0,2,0,0,0,0,2,2,2,2,0,0,2,2
84,1887.744,-2160.479,-134.677,118.230,-0.474581,-0.879619,0.032303,0.879391,-0.472235,0.060541,-0.037998,0.057139,0.997643,0,0.83066,-0.09483,49.840,-0.190,-1,425.000,-1,400.000,-1,325.000,325.000,300.000,300.000,-1,-1,-1,-1,850.000,775.000,-1,-1,2,0,2,0,2,0,0,0,0,2,2,2,2,0,0,2,2
85,1864.316,-2116.489,-136.591,118.040,-0.471732,-0.881207,0.030705,0.880803,-0.469336,0.062529,-0.040690,0.056542,0.997571,0,0.83066,-0.09483,49.840,-0.190,-1,425.000,-1,400.000,-1,325.000,325.000,300.000,300.000,-1,-1,-1,-1,825.000,750.000,-1,-1,2,0,2,0,2,0,0,0,0,2,2,2,2,0,0,2,2
86,1841.033,-2072.422,-138.579,117.850,-0.468880,-0.882774,0.029342,0.882198,-0.466426,0.064600,-0.043341,0.056175,0.997480,0,0.83066,-0.09483,49.840,-0.190,-1,400.000,-1,400.000,-1,325.000,325.000,300.000,300.000,-1,-1,-1,-1,825.000,750.000,-1,-1,2,0,2,0,2,0,0,0,0,2,2,2,2,0,0,2,2
87,1817.896,-2028.278,-140.549,117.661,-0.466008,-0.884337,0.027999,0.883596,-0.463514,0.066435,-0.045773,0.055699,0.997398,0,0.83066,-0.09483,49.840,-0.190,-1,400.000,-1,375.000,-1,325.000,325.000,300.000,300.000,-1,-1,-1,-1,800.000,725.000,-1,-1,2,0,2,0,2,0,0,0,0,2,2,2,2,0,0,2,2
88,1794.906,-1984.058,-142.396,117.471,-0.463092,-0.885915,0.026472,0.885027,-0.460609,0.067581,-0.047678,0.054725,0.997363,0,0.83066,-0.09483,49.840,-0.190,-1,400.000,-1,375.000,-1,325.000,325.000,300.000,300.000,-1,-1,-1,-1,800.000,725.000,-1,-1,2,0,2,0,2,0,0,0,0,2,2,2,2,0,0,2,2
89,1772.062,-1939.761,-144.296,117.281,-0.460174,-0.887474,0.025093,0.886444,-0.457694,0.068801,-0.049574,0.053904,0.997315,0,0.83066,-0.09483,49.840,-0.190,-1,400.000,-1,375.000,-1,325.000,325.000,300.000,300.000,-1,-1,-1,-1,775.000,700.000,-1,-1,2,0,2,0,2,0,0,0,0,2,2,2,2,0,0,2,2
90,1749.365,-1895.390,-146.248,117.092,-0.457253,-0.889016,0.023863,0.887846,-0.454770,0.070092,-0.051461,0.053237,0.997255,0,0.83066,-0.09483,49.840,-0.190,-1,400.000,-1,375.000,-1,325.000,325.000,300.000,300.000,-1,-1,-1,-1,775.000,700.000,-1,-1,2,0,2,0,2,0,0,0,0,2,2,2,2,0,0,2,2
91,1726.815,-1850.943,-148.587,116.902,-0.454244,-0.890604,0.022066,0.889342,-0.451869,0.069888,-0.052272,0.051370,0.997311,0,0.83066,-0.09483,49.840,-0.190,-1,400.000,-1,375.000,-1,325.000,325.000,300.000,300.000,-1,-1,-1,-1,775.000,675.000,-1,-1,2,0,2,0,2,0,0,0,0,2,2,2,2,0,0,2,2
92,1704.413,-1806.422,-151.102,116.712,-0.451200,-0.892195,0.020172,0.890871,-0.448969,0.069110,-0.052603,0.049153,0.997405,0,0.83066,-0.09483,49.840,-0.190,-1,400.000,-1,375.000,-1,325.000,325.000,300.000,300.000,-1,-1,-1,-1,775.000,675.000,-1,-1,2,0,2,0,2,0,0,0,0,2,2,2,2,0,0,2,2
93,1682.157,-1761.828,-153.465,116.523,-0.448183,-0.893730,0.019465,0.892414,-0.446039,0.068156,-0.052231,0.047918,0.997485,0,0.83066,-0.09483,49.840,-0.190,-1,400.000,-1,375.000,-1,325.000,325.000,300.000,300.000,-1,-1,-1,-1,775.000,675.000,-1,-1,2,0,2,0,2,0,0,0,0,2,2,2,2,0,0,2,2
94,1660.049,-1717.160,-155.887,116.333,-0.445167,-0.895249,0.018856,0.893945,-0.443102,0.067254,-0.051854,0.046795,0.997558,0,0.83066,-0.09483,49.840,-0.190,-1,400.000,-1,375.000,-1,325.000,325.000,300.000,300.000,-1,-1,-1,-1,750.000,675.000,-1,-1,2,0,2,0,2,0,0,0,0,2,2,2,2,0,0,2,2
95,1638.089,-1672.419,-158.370,116.143,-0.442151,-0.896753,0.018343,0.895462,-0.440157,0.066402,-0.051473,0.045785,0.997624,0,0.83066,-0.09483,49.840,-0.190,-1,400.000,-1,375.000,-1,325.000,325.000,300.000,300.000,-1,-1,-1,-1,750.000,650.000,-1,-1,2,0,2,0,2,0,0,0,0,2,2,2,2,0,0,2,2
96,1616.278,-1627.606,-160.911,115.954,-0.439136,-0.898242,0.017926,0.896967,-0.437204,0.065598,-0.051086,0.044886,0.997685,0,0.83066,-0.09483,49.840,-0.190,-1,400.000,-1,375.000,-1,325.000,325.000,300.000,300.000,-1,-1,-1,-1,750.000,650.000,-1,-1,2,0,2,0,2,0,0,0,0,2,2,2,2,0,0,2,2
97,1594.615,-1582.721,-163.511,115.764,-0.436121,-0.899716,0.017606,0.898459,-0.434243,0.064842,-0.050694,0.044097,0.997740,0,0.83066,-0.09483,49.840,-0.190,-1,400.000,-1,375.000,-1,325.000,325.000,300.000,275.000,-1,-1,-1,-1,725.000,650.000,-1,-1,2,0,2,0,2,0,0,0,0,2,2,2,2,0,0,2,2
98,1572.009,-1535.989,-166.283,115.814,-0.436880,-0.899352,0.017393,0.898122,-0.435042,0.064156,-0.050132,0.043650,0.997788,0,0.86519,0.02517,51.912,0.050,-1,400.000,-1,375.000,-1,325.000,325.000,300.000,275.000,-1,-1,-1,-1,725.000,650.000,-1,-1,2,0,2,0,2,0,0,0,0,2,2,2,2,0,0,2,2
99,1549.168,-1489.373,-169.047,116.105,-0.441396,-0.897148,0.017186,0.895960,-0.439599,0.063304,-0.049238,0.043340,0.997846,0,0.86519,0.14517,51.912,0.290,-1,400.000,-1,375.000,-1,325.000,300.000,300.000,275.000,-1,-1,-1,-1,725.000,625.000,-1,-1,2,0,2,0,2,0,0,0,0,2,2,2,2,0,0,2,2
100,1525.896,-1442.970,-171.669,116.635,-0.449628,-0.893065,0.016434,0.891906,-0.447897,0.062381,-0.048350,0.042706,0.997917,0,0.86519,0.26517,51.912,0.530,-1,400.000,-1,375.000,-1,325.000,300.000,300.000,275.000,-1,-1,-1,-1,700.000,625.000,-1,-1,2,0,2,0,2,0,0,0,0,2,2,2,2,0,0,2,2
101,1502.002,-1396.885,-174.132,117.405,-0.461528,-0.886999,0.014985,0.885837,-0.459882,0.061655,-0.047797,0.041730,0.997985,0,0.86519,0.38517,51.912,0.770,-1,400.000,-1,350.000,-1,325.000,300.000,300.000,275.000,-1,-1,-1,-1,700.000,625.000,-1,-1,2,0,2,0,2,0,0,0,0,2,2,2,2,0,0,2,2
102,1477.300,-1351.227,-176.193,118.416,-0.476960,-0.878831,0.012880,0.877727,-0.475493,0.059176,-0.045881,0.039529,0.998164,0,0.86519,0.50517,51.912,1.010,-1,375.000,-1,350.000,-1,325.000,300.000,300.000,300.000,-1,-1,-1,-1,700.000,625.000,-1,-1,2,0,2,0,2,0,0,0,0,2,2,2,2,0,0,2,2
103,1451.607,-1306.120,-178.118,119.666,-0.495878,-0.868326,0.010736,0.867307,-0.494602,0.056097,-0.043401,0.037129,0.998368,0,0.86519,0.62517,51.912,1.250,-1,375.000,-1,350.000,-1,325.000,300.000,300.000,300.000,-1,-1,-1,-1,700.000,625.000,-1,-1,2,0,2,0,2,0,0,0,0,2,2,2,2,0,0,2,2
104,1424.750,-1261.696,-180.040,121.156,-0.518168,-0.855233,0.008873,0.854308,-0.517058,0.053009,-0.040747,0.035048,0.998555,0,0.86519,0.74517,51.912,1.490,-1,375.000,-1,375.000,-1,300.000,300.000,300.000,300.000,-1,-1,-1,-1,700.000,650.000,-1,-1,2,0,2,0,2,0,0,0,0,2,2,2,2,0,0,2,2
105,1396.563,-1218.104,-181.920,122.887,-0.543655,-0.839276,0.007402,0.838448,-0.542676,0.050081,-0.038015,0.033433,0.998718,0,0.86519,0.86517,51.912,1.730,-1,375.000,-1,375.000,-1,300.000,300.000,300.000,300.000,-1,-1,-1,-1,700.000,650.000,-1,-1,2,0,2,0,2,0,0,0,0,2,2,2,2,0,0,2,2
106,1369.694,-1178.828,-183.424,124.377,-0.565248,-0.824892,0.006929,0.824142,-0.564330,0.048193,-0.035844,0.032951,0.998814,0,0.79312,0.74517,47.587,1.490,-1,375.000,-1,375.000,-1,300.000,300.000,300.000,300.000,-1,-1,-1,-1,700.000,650.000,-1,-1,2,0,2,0,2,0,0,0,0,2,2,2,2,0,0,2,2
107,1341.973,-1140.149,-184.903,125.627,-0.583073,-0.812390,0.006861,0.811721,-0.582202,0.046364,-0.033671,0.032603,0.998901,0,0.79312,0.62517,47.587,1.250,-1,375.000,-1,375.000,-1,300.000,300.000,300.000,300.000,-1,-1,-1,-1,700.000,650.000,-1,-1,2,0,2,0,2,0,0,0,0,2,2,2,2,0,0,2,2
108,1313.576,-1101.963,-186.389,126.638,-0.597273,-0.802007,0.007012,0.801416,-0.596442,0.044604,-0.031591,0.032260,0.998980,0,0.79312,0.50517,47.587,1.010,-1,375.000,-1,375.000,-1,300.000,300.000,300.000,300.000,-1,-1,-1,-1,700.000,650.000,-1,-1,2,0,2,0,2,0,0,0,0,2,2,2,2,0,0,2,2
109,1284.667,-1064.164,-187.754,127.408,-0.607981,-0.793911,0.008055,0.793416,-0.607167,0.042887,-0.029158,0.032466,0.999047,0,0.79312,0.38517,47.587,0.770,-1,375.000,-1,375.000,-1,300.000,300.000,300.000,300.000,-1,-1,-1,-1,725.000,650.000,-1,-1,2,0,2,0,2,0,0,0,0,2,2,2,2,0,0,2,2
110,1255.409,-1026.633,-188.958,127.938,-0.615293,-0.788233,0.010188,0.787862,-0.614471,0.041215,-0.026227,0.033386,0.999098,0,0.79312,0.26517,47.587,0.530,-1,375.000,-1,375.000,-1,325.000,300.000,300.000,300.000,-1,700.000,-1,-1,725.000,675.000,-1,-1,2,0,2,0,2,0,0,0,0,2,0,2,2,0,0,2,2
111,1225.882,-989.314,-190.082,128.351,-0.620933,-0.783774,0.011854,0.783506,-0.620121,0.039596,-0.023683,0.033874,0.999145,0,0.79312,0.20632,47.587,0.413,-1,375.000,-1,375.000,-1,325.000,300.000,300.000,300.000,-1,650.000,825.000,-1,750.000,675.000,-1,-1,2,0,2,0,2,0,0,0,0,2,0,0,2,0,0,2,2
112,1196.087,-952.209,-191.206,128.764,-0.626535,-0.779278,0.013395,0.779103,-0.625742,0.038015,-0.021243,0.034254,0.999187,0,0.79312,0.20632,47.587,0.413,-1,400.000,-1,375.000,-1,325.000,325.000,300.000,300.000,-1,625.000,750.000,-1,750.000,675.000,-1,-1,2,0,2,0,2,0,0,0,0,2,0,0,2,0,0,2,2
113,1166.025,-915.319,-192.358,129.176,-0.632102,-0.774741,0.014933,0.774657,-0.631330,0.036472,-0.018829,0.034622,0.999223,0,0.79312,0.20632,47.587,0.413,-1,400.000,-1,375.000,-1,325.000,325.000,300.000,275.000,-1,600.000,700.000,-1,775.000,675.000,-1,-1,2,0,2,0,2,0,0,0,0,2,0,0,2,0,0,2,2
114,1135.699,-878.647,-193.365,129.589,-0.637632,-0.770182,0.015653,0.770155,-0.636899,0.034951,-0.016950,0.034341,0.999266,0,0.79312,0.20632,47.587,0.413,-1,400.000,-1,375.000,-1,325.000,325.000,300.000,275.000,-1,575.000,625.000,-1,775.000,675.000,-1,-1,2,0,2,0,2,0,0,0,0,2,0,0,2,0,0,2,2
115,1105.110,-842.193,-194.110,130.002,-0.643129,-0.765610,0.015012,0.765591,-0.642458,0.033423,-0.015944,0.032988,0.999329,0,0.79312,0.20632,47.587,0.413,-1,400.000,-1,375.000,-1,325.000,325.000,300.000,275.000,-1,575.000,650.000,-1,775.000,675.000,-1,-1,2,0,2,0,2,0,0,0,0,2,0,0,2,0,0,2,2
116,1074.259,-805.961,-194.884,130.414,-0.648596,-0.760997,0.014371,0.760986,-0.647984,0.031899,-0.014963,0.031625,0.999388,0,0.79312,0.20632,47.587,0.413,-1,400.000,-1,375.000,-1,325.000,325.000,300.000,275.000,-1,575.000,650.000,-1,775.000,675.000,-1,-1,2,0,2,0,2,0,0,0,0,2,0,0,2,0,0,2,2
117,1043.147,-769.952,-195.687,130.827,-0.654031,-0.756343,0.013731,0.756338,-0.653475,0.030380,-0.014005,0.030254,0.999444,0,0.79312,0.20632,47.587,0.413,-1,400.000,-1,375.000,-1,325.000,325.000,300.000,300.000,-1,575.000,675.000,-1,775.000,675.000,-1,-1,2,0,2,0,2,0,0,0,0,2,0,0,2,0,0,2,2
118,1011.778,-734.168,-196.514,131.239,-0.659434,-0.751648,0.013088,0.751649,-0.658933,0.028847,-0.013059,0.028860,0.999498,0,0.79312,0.20632,47.587,0.413,-1,400.000,-1,375.000,-1,325.000,325.000,300.000,300.000,-1,575.000,675.000,-1,750.000,675.000,-1,-1,2,0,2,0,2,0,0,0,0,2,0,0,2,0,0,2,2
119,980.137,-698.597,-197.125,131.655,-0.664824,-0.746900,0.012247,0.746913,-0.664407,0.026162,-0.011404,0.026541,0.999583,0,0.79345,0.20768,47.607,0.415,-1,400.000,-1,375.000,-1,325.000,325.000,300.000,300.000,-1,550.000,675.000,-1,750.000,675.000,-1,-1,2,0,2,0,2,0,0,0,0,2,0,0,2,0,0,2,2
120,948.217,-663.239,-197.682,132.075,-0.670245,-0.742052,0.011471,0.742074,-0.669897,0.023769,-0.009954,0.024444,0.999652,0,0.79393,0.20988,47.636,0.420,-1,400.000,-1,375.000,-1,325.000,325.000,300.000,300.000,-1,550.000,675.000,-1,750.000,700.000,-1,-1,2,0,2,0,2,0,0,0,0,2,0,0,2,0,0,2,2
121,916.019,-628.099,-198.220,132.499,-0.675689,-0.737109,0.010730,0.737137,-0.675401,0.021514,-0.008611,0.022447,0.999711,0,0.79434,0.21199,47.660,0.424,-1,400.000,-1,375.000,-1,325.000,325.000,300.000,300.000,-1,550.000,700.000,-1,750.000,700.000,-1,-1,2,0,2,0,2,0,0,0,0,2,0,0,2,0,0,2,2
122,883.546,-593.185,-198.758,132.927,-0.681151,-0.732074,0.010007,0.732106,-0.680917,0.019291,-0.007308,0.020466,0.999764,0,0.79468,0.21399,47.681,0.428,-1,400.000,-1,375.000,-1,325.000,325.000,300.000,300.000,-1,550.000,700.000,-1,750.000,700.000,-1,-1,2,0,2,0,2,0,0,0,0,2,0,0,2,0,0,2,2
123,850.799,-558.505,-199.224,133.358,-0.686631,-0.726946,0.009353,0.726979,-0.686437,0.017474,-0.006282,0.018798,0.999804,0,0.79496,0.21589,47.698,0.432,-1,400.000,-1,375.000,-1,325.000,325.000,300.000,300.000,-1,575.000,725.000,-1,750.000,700.000,-1,-1,2,0,2,0,2,0,0,0,0,2,0,0,2,0,0,2,2
124,817.780,-524.066,-199.434,133.794,-0.692131,-0.721717,0.008888,0.721746,-0.691949,0.017013,-0.006128,0.018190,0.999816,0,0.79518,0.21769,47.711,0.435,-1,400.000,-1,375.000,-1,325.000,325.000,275.000,300.000,-1,625.000,775.000,-1,750.000,700.000,-1,-1,2,0,2,0,2,0,0,0,0,2,0,0,2,0,0,2,2
125,784.492,-489.873,-199.667,134.232,-0.697633,-0.716406,0.008398,0.716431,-0.697464,0.016467,-0.005940,0.017505,0.999829,0,0.79534,0.21938,47.720,0.439,-1,400.000,-1,375.000,-1,325.000,325.000,275.000,300.000,-1,675.000,850.000,-1,750.000,675.000,-1,-1,2,0,2,0,2,0,0,0,0,2,0,0,2,0,0,2,2
126,750.937,-455.935,-199.924,134.674,-0.703133,-0.711015,0.007887,0.711036,-0.702978,0.015836,-0.005715,0.016743,0.999843,0,0.79543,0.22096,47.726,0.442,-1,400.000,-1,375.000,-1,325.000,300.000,275.000,300.000,-1,725.000,900.000,-1,750.000,675.000,-1,-1,2,0,2,0,2,0,0,0,0,2,0,0,2,0,0,2,2
127,714.894,-420.336,-200.251,135.356,-0.711539,-0.702609,0.007196,0.702625,-0.711401,0.015038,-0.005447,0.015756,0.999861,0,0.84433,0.34096,50.660,0.682,-1,400.000,-1,375.000,-1,325.000,300.000,275.000,300.000,-1,775.000,950.000,-1,750.000,675.000,-1,-1,2,0,2,0,2,0,0,0,0,2,0,0,2,0,0,2,2
128,678.280,-385.320,-200.588,136.278,-0.722746,-0.691082,0.006593,0.691096,-0.722625,0.014133,-0.005003,0.014771,0.999878,0,0.84437,0.46096,50.662,0.922,-1,400.000,-1,375.000,-1,325.000,300.000,275.000,300.000,-1,850.000,-1,-1,750.000,675.000,-1,-1,2,0,2,0,2,0,0,0,0,2,0,2,2,0,0,2,2
129,640.960,-351.051,-200.928,137.440,-0.736604,-0.676296,0.006123,0.676310,-0.736500,0.013135,-0.004374,0.013816,0.999895,0,0.84445,0.58096,50.667,1.162,-1,400.000,-1,375.000,-1,325.000,300.000,275.000,300.000,-1,900.000,-1,-1,750.000,675.000,-1,-1,2,0,2,0,2,0,0,0,0,2,0,2,2,0,0,2,2
130,602.820,-317.688,-201.053,138.822,-0.752692,-0.658336,0.006909,0.658366,-0.752598,0.012259,-0.002870,0.013776,0.999901,0,0.84457,0.69104,50.674,1.382,-1,400.000,-1,375.000,-1,325.000,300.000,275.000,300.000,-1,950.000,-1,-1,750.000,675.000,-1,-1,2,0,2,0,2,0,0,0,0,2,0,2,2,0,0,2,2
131,563.876,-285.249,-200.992,140.207,-0.768375,-0.639960,0.007091,0.639997,-0.768295,0.011244,-0.001748,0.013177,0.999912,0,0.84474,0.69242,50.685,1.385,-1,400.000,-1,375.000,-1,325.000,300.000,300.000,300.000,-1,1000.000,-1,-1,750.000,675.000,-1,-1,2,0,2,0,2,0,0,0,0,2,0,2,2,0,0,2,2
132,524.149,-253.756,-200.803,141.595,-0.783642,-0.621177,0.006733,0.621212,-0.783578,0.010058,-0.000972,0.012065,0.999927,0,0.84492,0.69380,50.695,1.388,-1,400.000,-1,375.000,-1,325.000,325.000,300.000,300.000,-1,-1,-1,-1,750.000,675.000,-1,-1,2,0,2,0,2,0,0,0,0,2,2,2,2,0,0,2,2
133,483.424,-223.139,-200.607,143.065,-0.799315,-0.600878,0.006385,0.600912,-0.799267,0.008788,-0.000177,0.010861,0.999941,0,0.84917,0.73503,50.950,1.470,-1,400.000,-1,375.000,-1,325.000,325.000,300.000,300.000,-1,-1,-1,-1,775.000,675.000,-1,-1,2,0,2,0,2,0,0,0,0,2,2,2,2,0,0,2,2
134,441.901,-193.566,-200.419,144.542,-0.814538,-0.580079,0.006067,0.580110,-0.814503,0.007522,0.000578,0.009647,0.999953,0,0.84963,0.73870,50.978,1.477,-1,400.000,-1,375.000,-1,325.000,325.000,300.000,300.000,-1,-1,-1,-1,775.000,675.000,-1,-1,2,0,2,0,2,0,0,0,0,2,2,2,2,0,0,2,2
135,399.601,-165.064,-200.304,146.027,-0.829293,-0.558784,0.005754,0.558812,-0.829268,0.006571,0.001099,0.008664,0.999962,0,0.85010,0.74239,51.006,1.485,-1,400.000,-1,375.000,-1,325.000,325.000,300.000,300.000,-1,-1,-1,-1,775.000,675.000,-1,-1,2,0,2,0,2,0,0,0,0,2,2,2,2,0,0,2,2
