timestep,x_cm,y_cm,z_cm,yaw_deg,basis_xx,basis_xy,basis_xz,basis_yx,basis_yy,basis_yz,basis_zx,basis_zy,basis_zz,teleport_flag,throttle_cmd,steering_cmd,cmd_move_cm,cmd_turn_deg,lidar_cm_0,lidar_cm_1,lidar_cm_2,lidar_cm_3,lidar_cm_4,lidar_cm_5,lidar_cm_6,lidar_cm_7,lidar_cm_8,lidar_cm_9,lidar_cm_10,lidar_cm_11,lidar_cm_12,lidar_cm_13,lidar_cm_14,lidar_cm_15,lidar_cm_16,lidar_class_0,lidar_class_1,lidar_class_2,lidar_class_3,lidar_class_4,lidar_class_5,lidar_class_6,lidar_class_7,lidar_class_8,lidar_class_9,lidar_class_10,lidar_class_11,lidar_class_12,lidar_class_13,lidar_class_14,lidar_class_15,lidar_class_16
0,4263.583,2951.690,9.897,-92.708,-0.050108,0.997582,0.048167,-0.997088,-0.047191,-0.059900,-0.057482,-0.051028,0.997042,1,0.00000,0.00000,4.800,-0.240,-1,375.000,-1,375.000,-1,325.000,300.000,325.000,325.000,-1,400.000,450.000,-1,700.000,650.000,-1,-1,2,0,2,0,2,0,0,0,0,2,0,0,2,0,0,2,2
1,4263.336,2946.896,9.623,-92.948,-0.054280,0.997357,0.048296,-0.996899,-0.051368,-0.059611,-0.056973,-0.051382,0.997053,0,0.08000,-0.12000,4.800,-0.240,-1,375.000,-1,375.000,-1,325.000,300.000,325.000,325.000,-1,400.000,450.000,-1,700.000,650.000,-1,-1,2,0,2,0,2,0,0,0,0,2,0,0,2,0,0,2,2
2,4262.762,2937.313,9.078,-93.428,-0.062620,0.996855,0.048563,-0.996468,-0.059720,-0.059033,-0.055947,-0.052088,0.997074,0,0.16000,-0.24000,9.600,-0.480,-1,375.000,-1,375.000,-1,325.000,300.000,325.000,325.000,-1,400.000,450.000,-1,700.000,650.000,-1,-1,2,0,2,0,2,0,0,0,0,2,0,0,2,0,0,2,2
3,4261.721,2922.951,8.271,-94.148,-0.075119,0.995971,0.048986,-0.995690,-0.072237,-0.058165,-0.054392,-0.053145,0.997104,0,0.24000,-0.36000,14.400,-0.720,-1,375.000,-1,375.000,-1,325.000,300.000,325.000,325.000,-1,400.000,450.000,-1,700.000,650.000,-1,-1,2,0,2,0,2,0,0,0,0,2,0,0,2,0,0,2,2
4,4260.068,2903.822,7.208,-94.941,-0.088850,0.994810,0.049578,-0.994663,-0.085996,-0.057007,-0.052448,-0.054379,0.997142,0,0.32000,-0.39612,19.200,-0.792,-1,375.000,-1,375.000,-1,325.000,300.000,325.000,325.000,-1,400.000,450.000,-1,725.000,650.000,-1,-1,2,0,2,0,2,0,0,0,0,2,0,0,2,0,0,2,2
5,4257.671,2879.942,5.898,-95.734,-0.102569,0.993451,0.050352,-0.993460,-0.099754,-0.055561,-0.050174,-0.055721,0.997185,0,0.40000,-0.39666,24.000,-0.793,-1,375.000,-1,375.000,-1,325.000,300.000,300.000,325.000,-1,400.000,450.000,-1,725.000,650.000,-1,-1,2,0,2,0,2,0,0,0,0,2,0,0,2,0,0,2,2
6,4254.397,2851.328,4.351,-96.529,-0.116277,0.991890,0.051322,-0.992077,-0.113514,-0.053825,-0.047563,-0.057174,0.997231,0,0.48000,-0.39737,28.800,-0.795,-1,375.000,-1,375.000,-1,325.000,300.000,300.000,325.000,-1,375.000,450.000,-1,725.000,675.000,-1,-1,2,0,2,0,2,0,0,0,0,2,0,0,2,0,0,2,2
7,4250.114,2818.003,2.577,-97.325,-0.129975,0.990126,0.052505,-0.990513,-0.127279,-0.051803,-0.044609,-0.058740,0.997276,0,0.56000,-0.39822,33.600,-0.796,-1,400.000,-1,375.000,-1,325.000,300.000,300.000,325.000,-1,350.000,400.000,-1,725.000,675.000,-1,-1,2,0,2,0,2,0,0,0,0,2,0,0,2,0,0,2,2
8,4244.735,2780.307,0.605,-98.123,-0.143662,0.988157,0.053908,-0.988764,-0.141049,-0.049514,-0.041324,-0.060415,0.997318,0,0.63462,-0.39919,38.077,-0.798,-1,400.000,-1,375.000,-1,325.000,300.000,300.000,325.000,-1,325.000,375.000,-1,725.000,675.000,-1,-1,2,0,2,0,2,0,0,0,0,2,0,0,2,0,0,2,2
9,4238.832,2742.712,-1.325,-98.924,-0.157346,0.985989,0.055389,-0.986812,-0.154824,-0.047235,-0.037998,-0.062091,0.997347,0,0.63426,-0.40022,38.055,-0.800,-1,400.000,-1,375.000,-1,325.000,300.000,300.000,325.000,-1,300.000,350.000,-1,750.000,675.000,-1,-1,2,0,2,0,2,0,0,0,0,2,0,0,2,0,0,2,2
10,4232.408,2705.226,-3.212,-99.726,-0.171020,0.983620,0.056949,-0.984659,-0.168597,-0.044968,-0.034630,-0.063766,0.997364,0,0.63389,-0.40116,38.033,-0.802,-1,400.000,-1,375.000,-1,325.000,325.000,300.000,300.000,-1,275.000,325.000,-1,750.000,700.000,-1,-1,2,0,2,0,2,0,0,0,0,2,0,0,2,0,0,2,2
11,4225.462,2667.855,-4.891,-100.530,-0.184689,0.981093,0.057843,-0.982284,-0.182371,-0.043115,-0.031751,-0.064781,0.997394,0,0.63351,-0.40202,38.011,-0.804,-1,400.000,-1,375.000,-1,325.000,325.000,300.000,300.000,-1,275.000,325.000,-1,750.000,700.000,-1,-1,2,0,2,0,2,0,0,0,0,2,0,0,2,0,0,2,2
12,4217.994,2630.608,-6.270,-101.336,-0.198342,0.978433,0.057701,-0.979694,-0.196147,-0.041554,-0.029340,-0.064771,0.997469,0,0.63312,-0.40278,37.987,-0.806,-1,400.000,-1,375.000,-1,325.000,325.000,300.000,300.000,-1,275.000,325.000,-1,775.000,700.000,-1,-1,2,0,2,0,2,0,0,0,0,2,0,0,2,0,0,2,2
13,4210.008,2593.494,-7.601,-102.143,-0.211978,0.975574,0.057622,-0.976905,-0.209907,-0.039957,-0.026886,-0.064761,0.997539,0,0.63273,-0.40346,37.964,-0.807,-1,400.000,-1,375.000,-1,325.000,325.000,300.000,300.000,-1,300.000,325.000,-1,775.000,700.000,-1,-1,2,0,2,0,2,0,0,0,0,2,0,0,2,0,0,2,2
14,4201.506,2556.519,-8.592,-102.951,-0.225669,0.972447,0.058477,-0.973876,-0.223629,-0.039434,-0.025270,-0.065849,0.997510,0,0.63233,-0.40405,37.940,-0.808,-1,400.000,-1,375.000,-1,325.000,325.000,300.000,300.000,-1,325.000,350.000,-1,800.000,700.000,-1,-1,2,0,2,0,2,0,0,0,0,2,0,0,2,0,0,2,2
15,4192.488,2519.691,-9.490,-103.760,-0.239347,0.969110,0.059488,-0.970641,-0.237319,-0.039197,-0.023869,-0.067123,0.997459,0,0.63193,-0.40455,37.916,-0.809,-1,400.000,-1,375.000,-1,325.000,325.000,300.000,300.000,-1,350.000,375.000,-1,800.000,700.000,-1,-1,2,0,2,0,2,0,0,0,0,2,0,0,2,0,0,2,2
16,4182.957,2483.017,-10.345,-104.570,-0.252988,0.965574,0.060525,-0.967209,-0.250972,-0.038984,-0.022452,-0.068403,0.997405,0,0.63152,-0.40497,37.891,-0.810,-1,400.000,-1,375.000,-1,325.000,325.000,300.000,300.000,-1,375.000,400.000,-1,800.000,700.000,-1,-1,2,0,2,0,2,0,0,0,0,2,0,0,2,0,0,2,2
17,4172.915,2446.506,-11.155,-105.381,-0.266586,0.961841,0.061590,-0.963582,-0.264584,-0.038799,-0.021023,-0.069690,0.997347,0,0.63111,-0.40530,37.867,-0.811,-1,400.000,-1,375.000,-1,325.000,325.000,300.000,300.000,-1,400.000,450.000,-1,825.000,725.000,-1,-1,2,0,2,0,2,0,0,0,0,2,0,0,2,0,0,2,2
18,4162.363,2410.165,-11.920,-106.192,-0.280135,0.957912,0.062680,-0.959761,-0.278147,-0.038643,-0.019583,-0.070984,0.997285,0,0.63070,-0.40555,37.842,-0.811,-1,400.000,-1,375.000,-1,325.000,325.000,300.000,300.000,-1,425.000,475.000,-1,825.000,725.000,-1,-1,2,0,2,0,2,0,0,0,0,2,0,0,2,0,0,2,2
19,4151.305,2374.000,-12.638,-107.003,-0.293631,0.953788,0.063797,-0.955747,-0.291658,-0.038520,-0.018133,-0.072284,0.997219,0,0.63029,-0.40571,37.817,-0.811,-1,400.000,-1,375.000,-1,325.000,325.000,300.000,300.000,-1,475.000,500.000,-1,825.000,750.000,-1,-1,2,0,2,0,2,0,0,0,0,2,0,0,2,0,0,2,2
20,4139.744,2338.019,-13.308,-107.815,-0.307067,0.949470,0.064937,-0.951542,-0.305108,-0.038432,-0.016677,-0.073591,0.997149,0,0.62987,-0.40578,37.792,-0.812,-1,400.000,-1,375.000,-1,325.000,325.000,300.000,300.000,-1,500.000,525.000,-1,825.000,750.000,-1,-1,2,0,2,0,2,0,0,0,0,2,0,0,2,0,0,2,2
21,4127.682,2302.228,-13.929,-108.626,-0.320438,0.944960,0.066101,-0.947147,-0.318495,-0.038381,-0.015216,-0.074906,0.997075,0,0.62946,-0.40577,37.768,-0.812,-1,400.000,-1,375.000,-1,325.000,300.000,300.000,300.000,-1,525.000,550.000,-1,850.000,775.000,-1,-1,2,0,2,0,2,0,0,0,0,2,0,0,2,0,0,2,2
22,4115.123,2266.635,-14.490,-109.438,-0.333735,0.940264,0.067257,-0.942567,-0.331811,-0.038321,-0.013716,-0.076183,0.997000,0,0.62906,-0.40568,37.743,-0.811,-1,400.000,-1,375.000,-1,325.000,300.000,300.000,300.000,-1,550.000,575.000,-1,850.000,800.000,-1,-1,2,0,2,0,2,0,0,0,0,2,0,0,2,0,0,2,2
23,4100.566,2226.659,-14.983,-110.009,-0.343024,0.936839,0.068319,-0.939248,-0.341146,-0.037853,-0.012156,-0.077153,0.996945,0,0.70906,-0.28568,42.543,-0.571,-1,400.000,-1,375.000,-1,325.000,300.000,300.000,300.000,-1,575.000,600.000,-1,875.000,825.000,-1,-1,2,0,2,0,2,0,0,0,0,2,0,0,2,0,0,2,2
24,4084.018,2182.302,-15.481,-110.460,-0.350314,0.934048,0.069526,-0.936572,-0.348480,-0.037355,-0.010663,-0.078202,0.996881,0,0.78906,-0.22548,47.343,-0.451,-1,400.000,-1,375.000,-1,325.000,300.000,300.000,300.000,-1,600.000,625.000,-1,875.000,850.000,-1,-1,2,0,2,0,2,0,0,0,0,2,0,0,2,0,0,2,2
25,4065.409,2133.592,-15.965,-110.909,-0.357550,0.931201,0.070873,-0.933850,-0.355764,-0.036828,-0.009080,-0.079353,0.996805,0,0.86906,-0.22473,52.143,-0.449,-1,425.000,-1,375.000,-1,325.000,325.000,300.000,300.000,-1,650.000,675.000,-1,900.000,875.000,-1,-1,2,0,2,0,2,0,0,0,0,2,0,0,2,0,0,2,2
26,4044.959,2081.290,-16.393,-111.356,-0.364720,0.928310,0.072250,-0.931087,-0.362985,-0.036316,-0.007487,-0.080516,0.996725,0,0.93597,-0.22352,56.158,-0.447,-1,425.000,-1,400.000,-1,325.000,325.000,300.000,300.000,-1,675.000,700.000,-1,925.000,900.000,-1,-1,2,0,2,0,2,0,0,0,0,2,0,0,2,0,0,2,2
27,4024.138,2029.229,-16.782,-111.800,-0.371841,0.925372,0.073631,-0.928275,-0.370119,-0.036299,-0.006338,-0.081847,0.996625,0,0.93450,-0.22175,56.070,-0.443,-1,425.000,-1,400.000,-1,350.000,325.000,300.000,300.000,-1,725.000,750.000,-1,950.000,950.000,-1,-1,2,0,2,0,2,0,0,0,0,2,0,0,2,0,0,2,2
28,4002.950,1977.404,-17.401,-112.239,-0.378942,0.922309,0.075816,-0.925400,-0.377116,-0.037665,-0.006147,-0.084433,0.996410,0,0.93313,-0.21948,55.988,-0.439,-1,425.000,-1,425.000,-1,350.000,325.000,300.000,300.000,-1,750.000,800.000,-1,975.000,975.000,-1,-1,2,0,2,0,2,0,0,0,0,2,0,0,2,0,0,2,2
29,3981.401,1925.810,-17.985,-112.672,-0.385941,0.919210,0.078117,-0.922504,-0.383990,-0.039222,-0.006057,-0.087200,0.996172,0,0.93189,-0.21672,55.913,-0.433,-1,425.000,-1,425.000,-1,350.000,350.000,300.000,325.000,-1,825.000,875.000,-1,975.000,1000.000,-1,-1,2,0,2,0,2,0,0,0,0,2,0,0,2,0,0,2,2
30,3959.493,1874.438,-18.558,-113.099,-0.392818,0.916089,0.080473,-0.919597,-0.390729,-0.040898,-0.006023,-0.090068,0.995917,0,0.93079,-0.21348,55.847,-0.427,-1,450.000,-1,425.000,-1,350.000,350.000,300.000,325.000,-1,875.000,925.000,-1,975.000,-1,-1,-1,2,0,2,0,2,0,0,0,0,2,0,0,2,0,2,2,2
31,3937.232,1823.280,-19.456,-113.519,-0.399635,0.913059,0.081338,-0.916647,-0.397364,-0.043126,-0.007055,-0.091792,0.995753,0,0.92986,-0.20976,55.791,-0.420,-1,450.000,-1,450.000,-1,350.000,350.000,300.000,325.000,-1,975.000,-1,-1,975.000,-1,-1,-1,2,0,2,0,2,0,0,0,0,2,0,2,2,0,2,2,2
32,3916.507,1776.690,-20.730,-113.981,-0.407205,0.909826,0.080005,-0.913289,-0.404719,-0.045896,-0.009378,-0.091757,0.995737,0,0.84986,-0.23113,50.991,-0.462,-1,450.000,-1,450.000,-1,350.000,350.000,300.000,300.000,-1,-1,-1,-1,975.000,-1,-1,-1,2,0,2,0,2,0,0,0,0,2,2,2,2,0,2,2,2
33,3897.400,1734.635,-21.869,-114.435,-0.414597,0.906587,0.078805,-0.909932,-0.411910,-0.048512,-0.011520,-0.091820,0.995709,0,0.76986,-0.22691,46.191,-0.454,-1,425.000,-1,425.000,-1,350.000,350.000,300.000,300.000,-1,-1,-1,-1,950.000,1000.000,-1,-1,2,0,2,0,2,0,0,0,0,2,2,2,2,0,0,2,2
34,3879.986,1697.084,-22.854,-114.880,-0.421818,0.903352,0.077623,-0.906580,-0.418946,-0.050970,-0.013524,-0.091871,0.995679,0,0.68986,-0.22278,41.391,-0.446,-1,425.000,-1,425.000,-1,350.000,350.000,300.000,300.000,-1,-1,-1,-1,950.000,1000.000,-1,-1,2,0,2,0,2,0,0,0,0,2,2,2,2,0,0,2,2
35,3864.338,1664.007,-23.649,-115.318,-0.428881,0.900135,0.076273,-0.903228,-0.425839,-0.053284,-0.015483,-0.091745,0.995662,0,0.60986,-0.21886,36.591,-0.438,-1,425.000,-1,425.000,-1,350.000,350.000,300.000,300.000,-1,-1,-1,-1,950.000,975.000,-1,-1,2,0,2,0,2,0,0,0,0,2,2,2,2,0,0,2,2
36,3850.527,1635.372,-24.324,-115.749,-0.435781,0.896916,0.075083,-0.899889,-0.432592,-0.055348,-0.017162,-0.091686,0.995640,0,0.52986,-0.21522,31.791,-0.430,-1,425.000,-1,425.000,-1,350.000,350.000,300.000,300.000,-1,-1,-1,-1,925.000,950.000,-1,-1,2,0,2,0,2,0,0,0,0,2,2,2,2,0,0,2,2
37,3838.622,1611.147,-24.882,-116.172,-0.442528,0.893691,0.074058,-0.896563,-0.439216,-0.057137,-0.018535,-0.091683,0.995616,0,0.44986,-0.21194,26.991,-0.424,-1,425.000,-1,425.000,-1,350.000,350.000,300.000,300.000,-1,-1,-1,-1,925.000,950.000,-1,-1,2,0,2,0,2,0,0,0,0,2,2,2,2,0,0,2,2
38,3828.689,1591.302,-25.328,-116.591,-0.449138,0.890458,0.073206,-0.893248,-0.445724,-0.058634,-0.019581,-0.091726,0.995592,0,0.36986,-0.20908,22.191,-0.418,-1,425.000,-1,425.000,-1,350.000,350.000,300.000,300.000,-1,-1,-1,-1,925.000,950.000,-1,-1,2,0,2,0,2,0,0,0,0,2,2,2,2,0,0,2,2
39,3820.792,1575.806,-25.665,-117.004,-0.455623,0.887213,0.072534,-0.889942,-0.452134,-0.059823,-0.020281,-0.091808,0.995570,0,0.28986,-0.20669,17.391,-0.413,-1,425.000,-1,425.000,-1,350.000,350.000,300.000,300.000,-1,-1,-1,-1,925.000,925.000,-1,-1,2,0,2,0,2,0,0,0,0,2,2,2,2,0,0,2,2
40,3814.995,1564.628,-25.899,-117.414,-0.462000,0.883948,0.072047,-0.886640,-0.458460,-0.060694,-0.020619,-0.091921,0.995553,0,0.20986,-0.20481,12.591,-0.410,-1,425.000,-1,425.000,-1,350.000,350.000,300.000,300.000,-1,-1,-1,-1,925.000,925.000,-1,-1,2,0,2,0,2,0,0,0,0,2,2,2,2,0,0,2,2
41,3811.359,1557.737,-26.033,-117.820,-0.468285,0.880659,0.071754,-0.883338,-0.464720,-0.061237,-0.020584,-0.092060,0.995541,0,0.12986,-0.20344,7.791,-0.407,-1,425.000,-1,425.000,-1,350.000,350.000,300.000,300.000,-1,-1,-1,-1,925.000,925.000,-1,-1,2,0,2,0,2,0,0,0,0,2,2,2,2,0,0,2,2
42,3809.944,1555.101,-26.074,-118.226,-0.474493,0.877337,0.071660,-0.880028,-0.470929,-0.061452,-0.020167,-0.092221,0.995534,0,0.04986,-0.20260,2.991,-0.405,-1,425.000,-1,425.000,-1,350.000,350.000,300.000,300.000,-1,-1,-1,-1,925.000,925.000,-1,-1,2,0,2,0,2,0,0,0,0,2,2,2,2,0,0,2,2
43,3806.239,1548.246,-26.211,-118.391,-0.477055,0.875973,0.071338,-0.878633,-0.473456,-0.061992,-0.020527,-0.092254,0.995524,0,0.12986,-0.08260,7.791,-0.165,-1,425.000,-1,425.000,-1,350.000,350.000,300.000,300.000,-1,-1,-1,-1,925.000,925.000,-1,-1,2,0,2,0,2,0,0,0,0,2,2,2,2,0,0,2,2
44,3800.267,1537.162,-26.447,-118.316,-0.475988,0.876598,0.070791,-0.879185,-0.472316,-0.062866,-0.021673,-0.092162,0.995508,0,0.20986,0.03740,12.591,0.075,-1,425.000,-1,425.000,-1,350.000,350.000,300.000,275.000,-1,-1,-1,-1,900.000,900.000,-1,-1,2,0,2,0,2,0,0,0,0,2,2,2,2,0,0,2,2
45,3792.097,1521.809,-26.789,-118.021,-0.471588,0.879034,0.070028,-0.881504,-0.467807,-0.064092,-0.023580,-0.091955,0.995484,0,0.28986,0.14745,17.391,0.295,-1,425.000,-1,425.000,-1,350.000,350.000,300.000,275.000,-1,-1,-1,-1,900.000,900.000,-1,-1,2,0,2,0,2,0,0,0,0,2,2,2,2,0,0,2,2
46,3781.774,1502.165,-27.234,-117.722,-0.467142,0.881481,0.069068,-0.883803,-0.463225,-0.065692,-0.025913,-0.091730,0.995447,0,0.36986,0.14942,22.191,0.299,-1,425.000,-1,425.000,-1,350.000,350.000,300.000,275.000,-1,-1,-1,-1,900.000,900.000,-1,-1,2,0,2,0,2,0,0,0,0,2,2,2,2,0,0,2,2
47,3769.345,1478.205,-27.801,-117.418,-0.462629,0.883942,0.067981,-0.886089,-0.458548,-0.067675,-0.028649,-0.091545,0.995389,0,0.44986,0.15205,26.991,0.304,-1,425.000,-1,425.000,-1,350.000,350.000,300.000,275.000,-1,-1,-1,-1,875.000,900.000,-1,-1,2,0,2,0,2,0,0,0,0,2,2,2,2,0,0,2,2
48,3754.860,1449.905,-28.659,-117.107,-0.458008,0.886375,0.067586,-0.888397,-0.453723,-0.069895,-0.031288,-0.092056,0.995262,0,0.52986,0.15545,31.791,0.311,-1,425.000,-1,425.000,-1,350.000,325.000,300.000,275.000,-1,-1,-1,-1,875.000,875.000,-1,-1,2,0,2,0,2,0,0,0,0,2,2,2,2,0,0,2,2
49,3738.370,1417.240,-29.685,-116.788,-0.453273,0.888833,0.067232,-0.890713,-0.448747,-0.072507,-0.034277,-0.092750,0.995099,0,0.60986,0.15968,36.591,0.319,-1,425.000,-1,425.000,-1,325.000,325.000,300.000,275.000,-1,-1,-1,-1,850.000,875.000,-1,-1,2,0,2,0,2,0,0,0,0,2,2,2,2,0,0,2,2
50,3719.930,1380.183,-30.893,-116.458,-0.448396,0.891323,0.066958,-0.893042,-0.443586,-0.075543,-0.037632,-0.093670,0.994892,0,0.68986,0.16487,41.391,0.330,-1,425.000,-1,425.000,-1,325.000,325.000,300.000,275.000,-1,-1,-1,-1,825.000,875.000,-1,-1,2,0,2,0,2,0,0,0,0,2,2,2,2,0,0,2,2
51,3699.600,1338.707,-32.299,-116.116,-0.443348,0.893857,0.066803,-0.895394,-0.438205,-0.079027,-0.041365,-0.094851,0.994632,0,0.76986,0.17111,46.191,0.342,-1,400.000,-1,425.000,-1,325.000,325.000,300.000,300.000,-1,-1,-1,-1,800.000,850.000,-1,-1,2,0,2,0,2,0,0,0,0,2,2,2,2,0,0,2,2
52,3677.442,1292.781,-33.949,-115.759,-0.438083,0.896454,0.066732,-0.897789,-0.432570,-0.082819,-0.045377,-0.096193,0.994328,0,0.84986,0.17854,50.991,0.357,-1,400.000,-1,400.000,-1,325.000,325.000,300.000,300.000,-1,-1,-1,-1,800.000,850.000,-1,-1,2,0,2,0,2,0,0,0,0,2,2,2,2,0,0,2,2
53,3654.665,1244.773,-35.793,-115.384,-0.432536,0.899144,0.066731,-0.900261,-0.426644,-0.086638,-0.049429,-0.097550,0.994002,0,0.88561,0.18728,53.137,0.375,-1,400.000,-1,400.000,-1,325.000,325.000,275.000,300.000,-1,-1,-1,-1,775.000,850.000,-1,-1,2,0,2,0,2,0,0,0,0,2,2,2,2,0,0,2,2
54,3634.412,1200.885,-38.281,-114.770,-0.422919,0.903805,0.065385,-0.904705,-0.417038,-0.087108,-0.051460,-0.095994,0.994051,0,0.80561,0.30728,48.337,0.615,-1,400.000,-1,400.000,-1,325.000,325.000,300.000,300.000,-1,-1,-1,-1,775.000,825.000,-1,-1,2,0,2,0,2,0,0,0,0,2,2,2,2,0,0,2,2
55,3616.762,1161.087,-40.629,-113.915,-0.409446,0.910074,0.064186,-0.910750,-0.403578,-0.087518,-0.053744,-0.094291,0.994093,0,0.72561,0.42728,43.537,0.855,-1,400.000,-1,400.000,-1,325.000,325.000,300.000,300.000,-1,-1,-1,-1,750.000,825.000,-1,-1,2,0,2,0,2,0,0,0,0,2,2,2,2,0,0,2,2
56,3601.737,1125.384,-42.823,-112.821,-0.392040,0.917782,0.063096,-0.918225,-0.386189,-0.087865,-0.056274,-0.092383,0.994132,0,0.64561,0.54728,38.737,1.095,-1,400.000,-1,400.000,-1,325.000,325.000,300.000,300.000,-1,-1,-1,-1,750.000,825.000,-1,-1,2,0,2,0,2,0,0,0,0,2,2,2,2,0,0,2,2
57,3589.305,1093.808,-44.833,-111.486,-0.370608,0.926708,0.062149,-0.926914,-0.364780,-0.088126,-0.058997,-0.090268,0.994169,0,0.56561,0.66728,33.937,1.335,-1,400.000,-1,400.000,-1,325.000,325.000,300.000,300.000,-1,-1,-1,-1,750.000,825.000,-1,-1,2,0,2,0,2,0,0,0,0,2,2,2,2,0,0,2,2
58,3579.380,1066.415,-46.638,-109.912,-0.345046,0.936580,0.061330,-0.936543,-0.339250,-0.088301,-0.061895,-0.087906,0.994204,0,0.48561,0.78728,29.137,1.575,-1,400.000,-1,400.000,-1,325.000,325.000,300.000,300.000,-1,-1,-1,-1,725.000,825.000,-1,-1,2,0,2,0,2,0,0,0,0,2,2,2,2,0,0,2,2
59,3571.783,1043.295,-48.209,-108.185,-0.316700,0.946586,0.060629,-0.946308,-0.310945,-0.088400,-0.064826,-0.085370,0.994238,0,0.40561,0.86333,24.337,1.727,-1,400.000,-1,400.000,-1,325.000,325.000,300.000,300.000,-1,-1,-1,-1,725.000,800.000,-1,-1,2,0,2,0,2,0,0,0,0,2,2,2,2,0,0,2,2
60,3566.247,1024.561,-49.518,-106.458,-0.288050,0.955731,0.060046,-0.955228,-0.282342,-0.088443,-0.067575,-0.082833,0.994270,0,0.32561,0.86333,19.537,1.727,-1,400.000,-1,400.000,-1,325.000,325.000,300.000,300.000,-1,-1,-1,-1,725.000,800.000,-1,-1,2,0,2,0,2,0,0,0,0,2,2,2,2,0,0,2,2
61,3562.497,1010.311,-50.535,-104.732,-0.259126,0.964004,0.059578,-0.963292,-0.253469,-0.088437,-0.070153,-0.080307,0.994298,0,0.24561,0.86333,14.737,1.727,-1,400.000,-1,400.000,-1,325.000,325.000,300.000,300.000,-1,-1,-1,-1,725.000,800.000,-1,-1,2,0,2,0,2,0,0,0,0,2,2,2,2,0,0,2,2
62,3560.259,1000.630,-51.233,-103.005,-0.229955,0.971397,0.059225,-0.970491,-0.224352,-0.088389,-0.072574,-0.077803,0.994324,0,0.16561,0.86333,9.937,1.727,-1,400.000,-1,400.000,-1,325.000,325.000,300.000,300.000,-1,-1,-1,-1,700.000,800.000,-1,-1,2,0,2,0,2,0,0,0,0,2,2,2,2,0,0,2,2
63,3559.253,995.594,-51.590,-101.278,-0.200567,0.977902,0.058988,-0.976816,-0.195018,-0.088308,-0.074853,-0.075333,0.994345,0,0.08561,0.86333,5.137,1.727,-1,400.000,-1,400.000,-1,325.000,325.000,300.000,300.000,-1,-1,-1,-1,700.000,800.000,-1,-1,2,0,2,0,2,0,0,0,0,2,2,2,2,0,0,2,2
64,3559.195,995.264,-51.583,-99.552,-0.170991,0.983512,0.058870,-0.982259,-0.165493,-0.088204,-0.077007,-0.072908,0.994361,0,0.00561,0.86333,0.337,1.727,-1,400.000,-1,400.000,-1,325.000,325.000,300.000,300.000,-1,-1,-1,-1,700.000,800.000,-1,-1,2,0,2,0,2,0,0,0,0,2,2,2,2,0,0,2,2
65,3559.801,999.687,-51.191,-97.825,-0.141256,0.988221,0.058874,-0.986812,-0.135807,-0.088085,-0.079052,-0.070540,0.994372,0,-0.07439,0.86333,-4.463,1.727,-1,400.000,-1,400.000,-1,325.000,325.000,300.000,300.000,-1,-1,-1,-1,700.000,800.000,-1,-1,2,0,2,0,2,0,0,0,0,2,2,2,2,0,0,2,2
66,3560.783,1008.899,-50.397,-96.098,-0.111392,0.992023,0.059004,-0.990469,-0.105986,-0.087963,-0.081008,-0.068240,0.994375,0,-0.15439,0.86333,-9.263,1.727,-1,400.000,-1,400.000,-1,325.000,325.000,300.000,300.000,-1,-1,-1,-1,700.000,775.000,-1,-1,2,0,2,0,2,0,0,0,0,2,2,2,2,0,0,2,2
67,3561.853,1022.922,-49.181,-94.372,-0.081429,0.994916,0.059262,-0.993226,-0.076058,-0.087846,-0.082892,-0.066013,0.994370,0,-0.23439,0.86333,-14.063,1.727,-1,400.000,-1,400.000,-1,325.000,325.000,300.000,300.000,-1,-1,-1,-1,700.000,775.000,-1,-1,2,0,2,0,2,0,0,0,0,2,2,2,2,0,0,2,2
68,3562.722,1041.766,-47.527,-92.645,-0.051396,0.996895,0.059651,-0.995078,-0.046052,-0.087744,-0.084724,-0.063867,0.994355,0,-0.31439,0.86333,-18.863,1.727,-1,400.000,-1,400.000,-1,325.000,325.000,300.000,300.000,-1,-1,-1,-1,700.000,775.000,-1,-1,2,0,2,0,2,0,0,0,0,2,2,2,2,0,0,2,2
69,3563.100,1065.427,-45.418,-90.918,-0.021322,0.997960,0.060173,-0.996022,-0.015995,-0.087666,-0.086525,-0.061803,0.994331,0,-0.39439,0.86333,-23.663,1.727,-1,375.000,-1,400.000,-1,325.000,325.000,300.000,300.000,-1,-1,-1,-1,675.000,775.000,-1,-1,2,0,2,0,2,0,0,0,0,2,2,2,2,0,0,2,2
70,3562.720,1092.271,-42.981,-89.192,0.008766,0.998113,0.060781,-0.996054,0.014084,-0.087624,-0.088315,-0.059773,0.994298,0,-0.44743,0.86333,-26.846,1.727,-1,375.000,-1,400.000,-1,325.000,325.000,300.000,300.000,-1,-1,-1,-1,675.000,775.000,-1,-1,2,0,2,0,2,0,0,0,0,2,2,2,2,0,0,2,2
71,3561.836,1114.300,-40.944,-87.705,0.034672,0.997519,0.061271,-0.995351,0.039979,-0.087623,-0.089855,-0.057948,0.994268,0,-0.36743,0.74333,-22.046,1.487,-1,375.000,-1,400.000,-1,325.000,325.000,300.000,300.000,-1,-1,-1,-1,700.000,775.000,-1,-1,2,0,2,0,2,0,0,0,0,2,2,2,2,0,0,2,2
72,3560.769,1131.513,-39.326,-86.458,0.056384,0.996504,0.061643,-0.994241,0.061678,-0.087645,-0.091140,-0.056346,0.994243,0,-0.28743,0.62333,-17.246,1.247,-1,375.000,-1,400.000,-1,325.000,325.000,300.000,300.000,-1,-1,-1,-1,700.000,775.000,-1,-1,2,0,2,0,2,0,0,0,0,2,2,2,2,0,0,2,2
73,3559.781,1143.920,-38.143,-85.452,0.073903,0.995343,0.061900,-0.992997,0.079181,-0.087677,-0.092170,-0.054987,0.994224,0,-0.20743,0.50333,-12.446,1.007,-1,375.000,-1,400.000,-1,325.000,325.000,300.000,300.000,-1,-1,-1,-1,700.000,775.000,-1,-1,2,0,2,0,2,0,0,0,0,2,2,2,2,0,0,2,2
74,3559.072,1151.533,-37.407,-84.685,0.087236,0.994254,0.062044,-0.991842,0.092498,-0.087708,-0.092943,-0.053887,0.994212,0,-0.12743,0.38333,-7.646,0.767,-1,375.000,-1,400.000,-1,325.000,325.000,300.000,300.000,-1,-1,-1,-1,700.000,775.000,-1,-1,2,0,2,0,2,0,0,0,0,2,2,2,2,0,0,2,2
75,3558.782,1154.364,-37.127,-84.158,0.096394,0.993406,0.062077,-0.990946,0.101637,-0.087729,-0.093460,-0.053058,0.994208,0,-0.04743,0.26333,-2.846,0.527,-1,375.000,-1,400.000,-1,325.000,325.000,300.000,300.000,-1,-1,-1,-1,675.000,775.000,-1,-1,2,0,2,0,2,0,0,0,0,2,2,2,2,0,0,2,2
76,3558.990,1152.421,-37.307,-83.872,0.101385,0.992913,0.061998,-0.990423,0.106609,-0.087737,-0.093724,-0.052509,0.994212,0,0.03257,0.14333,1.954,0.287,-1,375.000,-1,400.000,-1,325.000,325.000,300.000,300.000,-1,-1,-1,-1,675.000,775.000,-1,-1,2,0,2,0,2,0,0,0,0,2,2,2,2,0,0,2,2
77,3559.740,1145.708,-37.944,-83.624,0.105702,0.992476,0.061792,-0.989952,0.110896,-0.087734,-0.093927,-0.051897,0.994226,0,0.11257,0.12359,6.754,0.247,-1,375.000,-1,400.000,-1,325.000,325.000,300.000,300.000,-1,-1,-1,-1,675.000,775.000,-1,-1,2,0,2,0,2,0,0,0,0,2,2,2,2,0,0,2,2
78,3561.072,1134.231,-39.041,-83.376,0.110054,0.992024,0.061452,-0.989461,0.115204,-0.087723,-0.094103,-0.051151,0.994248,0,0.19257,0.12427,11.554,0.249,-1,375.000,-1,400.000,-1,325.000,325.000,300.000,300.000,-1,-1,-1,-1,675.000,775.000,-1,-1,2,0,2,0,2,0,0,0,0,2,2,2,2,0,0,2,2
79,3563.028,1117.994,-40.598,-83.127,0.114419,0.991559,0.060979,-0.988952,0.119511,-0.087701,-0.094249,-0.050271,0.994279,0,0.27257,0.12427,16.354,0.249,-1,375.000,-1,400.000,-1,325.000,325.000,300.000,300.000,-1,-1,-1,-1,675.000,775.000,-1,-1,2,0,2,0,2,0,0,0,0,2,2,2,2,0,0,2,2
80,3565.650,1097.003,-42.615,-82.879,0.118796,0.991082,0.060370,-0.988425,0.123818,-0.087668,-0.094361,-0.049256,0.994319,0,0.35257,0.12427,21.154,0.249,-1,375.000,-1,400.000,-1,325.000,325.000,300.000,300.000,-1,-1,-1,-1,675.000,775.000,-1,-1,2,0,2,0,2,0,0,0,0,2,2,2,2,0,0,2,2
81,3568.978,1071.264,-45.093,-82.630,0.123186,0.990591,0.059620,-0.987880,0.128123,-0.087622,-0.094436,-0.048104,0.994368,0,0.43257,0.12427,25.954,0.249,-1,375.000,-1,400.000,-1,325.000,325.000,300.000,300.000,-1,-1,-1,-1,675.000,750.000,-1,-1,2,0,2,0,2,0,0,0,0,2,2,2,2,0,0,2,2
82,3572.819,1042.539,-47.860,-82.382,0.127584,0.990085,0.058777,-0.987317,0.132426,-0.087566,-0.094482,-0.046860,0.994423,0,0.48301,0.12427,28.980,0.249,-1,375.000,-1,400.000,-1,325.000,325.000,300.000,300.000,-1,-1,-1,-1,675.000,750.000,-1,-1,2,0,2,0,2,0,0,0,0,2,2,2,2,0,0,2,2
83,3576.785,1013.831,-50.626,-82.133,0.131982,0.989558,0.057925,-0.986736,0.136728,-0.087508,-0.094515,-0.045607,0.994478,0,0.48301,0.12427,28.980,0.249,-1,375.000,-1,400.000,-1,325.000,325.000,300.000,300.000,-1,-1,-1,-1,675.000,750.000,-1,-1,2,0,2,0,2,0,0,0,0,2,2,2,2,0,0,2,2
84,3580.875,985.141,-53.392,-81.885,0.136378,0.989012,0.057063,-0.986136,0.141027,-0.087448,-0.094534,-0.044346,0.994533,0,0.48301,0.12427,28.980,0.249,-1,375.000,-1,400.000,-1,325.000,325.000,300.000,300.000,-1,-1,-1,-1,650.000,750.000,-1,-1,2,0,2,0,2,0,0,0,0,2,2,2,2,0,0,2,2
85,3585.089,956.469,-56.157,-81.636,0.140773,0.988446,0.056191,-0.985518,0.145324,-0.087385,-0.094541,-0.043076,0.994589,0,0.48301,0.12427,28.980,0.249,1000.000,375.000,-1,400.000,-1,325.000,325.000,300.000,300.000,-1,-1,-1,-1,650.000,750.000,-1,-1,0,0,2,0,2,0,0,0,0,2,2,2,2,0,0,2,2
86,3589.428,927.815,-58.921,-81.388,0.145167,0.987860,0.055309,-0.984880,0.149618,-0.087320,-0.094536,-0.041797,0.994644,0,0.48301,0.12427,28.980,0.249,1000.000,375.000,-1,400.000,-1,325.000,325.000,300.000,300.000,-1,-1,-1,-1,650.000,750.000,-1,-1,0,0,2,0,2,0,0,0,0,2,2,2,2,0,0,2,2
87,3593.891,899.181,-61.682,-81.139,0.149559,0.987254,0.054416,-0.984225,0.153910,-0.087254,-0.094517,-0.040508,0.994699,0,0.48301,0.12427,28.980,0.249,975.000,375.000,-1,400.000,-1,325.000,325.000,300.000,300.000,-1,-1,-1,-1,650.000,725.000,-1,-1,0,0,2,0,2,0,0,0,0,2,2,2,2,0,0,2,2
88,3598.479,870.566,-64.442,-80.891,0.153951,0.986628,0.053511,-0.983551,0.158199,-0.087185,-0.094485,-0.039208,0.994754,0,0.48301,0.12427,28.980,0.249,975.000,375.000,-1,400.000,-1,325.000,325.000,300.000,300.000,-1,-1,-1,-1,650.000,725.000,-1,-1,0,0,2,0,2,0,0,0,0,2,2,2,2,0,0,2,2
89,3603.190,841.971,-67.199,-80.642,0.158340,0.985983,0.052594,-0.982858,0.162485,-0.087116,-0.094440,-0.037899,0.994809,0,0.48301,0.12427,28.980,0.249,950.000,375.000,-1,400.000,-1,325.000,325.000,300.000,300.000,-1,-1,-1,-1,650.000,725.000,-1,-1,0,0,2,0,2,0,0,0,0,2,2,2,2,0,0,2,2
90,3608.025,813.397,-69.953,-80.393,0.162729,0.985317,0.051666,-0.982146,0.166769,-0.087044,-0.094383,-0.036579,0.994864,0,0.48301,0.12427,28.980,0.249,950.000,375.000,-1,400.000,-1,300.000,325.000,300.000,300.000,-1,-1,-1,-1,625.000,725.000,-1,-1,0,0,2,0,2,0,0,0,0,2,2,2,2,0,0,2,2
91,3612.985,784.844,-72.705,-80.145,0.167115,0.984632,0.050724,-0.981416,0.171050,-0.086972,-0.094312,-0.035247,0.994919,0,0.48301,0.12427,28.980,0.249,925.000,375.000,-1,400.000,-1,300.000,325.000,300.000,300.000,-1,-1,-1,-1,625.000,725.000,-1,-1,0,0,2,0,2,0,0,0,0,2,2,2,2,0,0,2,2
92,3618.068,756.313,-75.452,-79.896,0.171500,0.983926,0.049770,-0.980668,0.175327,-0.086899,-0.094229,-0.033904,0.994973,0,0.48301,0.12427,28.980,0.249,925.000,375.000,-1,375.000,-1,300.000,325.000,300.000,300.000,-1,-1,-1,-1,625.000,725.000,1000.000,-1,0,0,2,0,2,0,0,0,0,2,2,2,2,0,0,0,2
93,3623.275,727.805,-78.196,-79.648,0.175882,0.983201,0.048802,-0.979900,0.179602,-0.086826,-0.094132,-0.032550,0.995027,0,0.48301,0.12427,28.980,0.249,900.000,350.000,-1,375.000,-1,300.000,325.000,300.000,300.000,-1,-1,-1,-1,625.000,700.000,975.000,-1,0,0,2,0,2,0,0,0,0,2,2,2,2,0,0,0,2
94,3628.605,699.319,-80.942,-79.399,0.180266,0.982456,0.047797,-0.979115,0.183873,-0.086740,-0.094007,-0.031162,0.995084,0,0.48301,0.12427,28.980,0.249,900.000,350.000,-1,375.000,-1,300.000,300.000,300.000,300.000,-1,-1,-1,-1,625.000,700.000,950.000,-1,0,0,2,0,2,0,0,0,0,2,2,2,2,0,0,0,2
95,3635.101,666.169,-83.964,-78.911,0.188759,0.980892,0.047127,-0.977571,0.192251,-0.085988,-0.093405,-0.029839,0.995181,0,0.56301,0.24427,33.780,0.489,875.000,350.000,-1,375.000,-1,300.000,300.000,300.000,300.000,-1,-1,-1,-1,625.000,700.000,950.000,-1,0,0,2,0,2,0,0,0,0,2,2,2,2,0,0,0,2
96,3643.002,628.407,-87.359,-78.182,0.201359,0.978414,0.046479,-0.975130,0.204717,-0.084922,-0.092604,-0.028223,0.995303,0,0.64301,0.36427,38.580,0.729,875.000,350.000,-1,375.000,-1,300.000,300.000,300.000,300.000,-1,-1,-1,-1,600.000,700.000,925.000,-1,0,0,2,0,2,0,0,0,0,2,2,2,2,0,0,0,2
97,3652.601,586.102,-91.176,-77.214,0.218042,0.974869,0.045704,-0.971624,0.221239,-0.083671,-0.091680,-0.026163,0.995445,0,0.72301,0.48427,43.380,0.969,850.000,350.000,-1,375.000,-1,300.000,300.000,300.000,300.000,-1,-1,775.000,-1,600.000,700.000,900.000,-1,0,0,2,0,2,0,0,0,0,2,2,0,2,0,0,0,2
98,3664.251,539.352,-95.160,-76.005,0.238886,0.970070,0.043571,-0.966889,0.241772,-0.081687,-0.089777,-0.022615,0.995705,0,0.80301,0.60427,48.180,1.209,875.000,350.000,-1,375.000,-1,300.000,300.000,300.000,300.000,-1,-1,675.000,-1,600.000,700.000,900.000,-1,0,0,2,0,2,0,0,0,0,2,2,0,2,0,0,0,2
99,3678.357,488.285,-99.529,-74.557,0.263701,0.963730,0.041075,-0.960622,0.266239,-0.079515,-0.087567,-0.018489,0.995987,0,0.88301,0.72427,52.980,1.449,875.000,350.000,-1,375.000,-1,300.000,300.000,300.000,325.000,-1,725.000,575.000,-1,625.000,675.000,875.000,-1,0,0,2,0,2,0,0,0,0,2,0,0,2,0,0,0,2
100,3694.446,435.723,-104.049,-72.979,0.290514,0.956103,0.038337,-0.953077,0.292694,-0.077300,-0.085127,-0.014081,0.996271,0,0.91617,0.78886,54.970,1.578,900.000,350.000,-1,375.000,-1,300.000,300.000,325.000,300.000,-1,625.000,500.000,-1,625.000,675.000,875.000,-1,0,0,2,0,2,0,0,0,0,2,0,0,2,0,0,0,2
101,3712.093,383.262,-108.575,-71.407,0.317010,0.947761,0.035417,-0.944829,0.318836,-0.075113,-0.082482,-0.009651,0.996546,0,0.92249,0.78620,55.350,1.572,900.000,350.000,-1,375.000,-1,300.000,300.000,325.000,300.000,-1,550.000,450.000,-1,600.000,675.000,875.000,-1,0,0,2,0,2,0,0,0,0,2,0,0,2,0,0,0,2
102,3731.293,330.961,-113.060,-69.841,0.343144,0.938724,0.032401,-0.935909,0.344630,-0.072829,-0.079533,-0.005334,0.996818,0,0.92858,0.78303,55.715,1.566,900.000,350.000,-1,375.000,-1,300.000,300.000,325.000,300.000,-1,500.000,400.000,-1,600.000,650.000,875.000,-1,0,0,2,0,2,0,0,0,0,2,0,0,2,0,0,0,2
103,3752.038,278.878,-117.365,-68.282,0.368860,0.929014,0.029582,-0.926380,0.370041,-0.069926,-0.075909,-0.001612,0.997113,0,0.93439,0.77934,56.063,1.559,925.000,350.000,-1,375.000,-1,300.000,300.000,325.000,300.000,-1,450.000,375.000,-1,600.000,650.000,875.000,-1,0,0,2,0,2,0,0,0,0,2,0,0,2,0,0,0,2
104,3774.314,227.073,-121.621,-66.732,0.394148,0.918662,0.026588,-0.916220,0.395038,-0.066982,-0.072037,0.002040,0.997400,0,0.93986,0.77512,56.392,1.550,925.000,350.000,-1,375.000,-1,300.000,300.000,325.000,300.000,-1,400.000,325.000,-1,600.000,650.000,875.000,-1,0,0,2,0,2,0,0,0,0,2,0,0,2,0,0,0,2
105,3798.103,175.610,-125.815,-65.191,0.418974,0.907696,0.023417,-0.905454,0.419590,-0.064007,-0.067925,0.005615,0.997675,0,0.94494,0.77036,56.696,1.541,950.000,350.000,-1,375.000,-1,300.000,300.000,325.000,300.000,-1,375.000,300.000,-1,600.000,625.000,875.000,-1,0,0,2,0,2,0,0,0,0,2,0,0,2,0,0,0,2
106,3823.381,124.552,-129.770,-63.661,0.443261,0.896150,0.020828,-0.894100,0.443669,-0.061178,-0.064066,0.008496,0.997910,0,0.94956,0.76506,56.974,1.530,950.000,350.000,-1,350.000,-1,300.000,300.000,325.000,300.000,-1,350.000,300.000,-1,600.000,625.000,875.000,-1,0,0,2,0,2,0,0,0,0,2,0,0,2,0,0,0,2
107,3850.118,73.963,-133.407,-62.142,0.466975,0.884063,0.019143,-0.882187,0.467251,-0.058505,-0.060667,0.010432,0.998104,0,0.95367,0.75920,57.220,1.518,925.000,350.000,-1,350.000,-1,300.000,300.000,325.000,300.000,-1,350.000,300.000,-1,575.000,625.000,875.000,-1,0,0,2,0,2,0,0,0,0,2,0,0,2,0,0,0,2
108,3875.641,28.177,-136.276,-60.864,0.486649,0.873414,0.017913,-0.871782,0.486856,-0.054476,-0.056301,0.010894,0.998354,0,0.87367,0.63920,52.420,1.278,900.000,350.000,-1,350.000,-1,300.000,300.000,325.000,325.000,-1,325.000,300.000,-1,575.000,625.000,875.000,-1,0,0,2,0,2,0,0,0,0,2,0,0,2,0,0,0,2
109,3899.576,-12.990,-138.689,-59.826,0.502475,0.864441,0.016112,-0.863035,0.502601,-0.050627,-0.051862,0.011534,0.998588,0,0.79367,0.51920,47.620,1.038,900.000,350.000,-1,350.000,-1,300.000,300.000,325.000,325.000,-1,325.000,300.000,-1,575.000,625.000,875.000,-1,0,0,2,0,2,0,0,0,0,2,0,0,2,0,0,0,2
110,3921.791,-50.001,-140.808,-59.027,0.514532,0.857350,0.014401,-0.856139,0.514596,-0.047080,-0.047775,0.011895,0.998787,0,0.71944,0.39920,43.166,0.798,900.000,350.000,-1,350.000,-1,300.000,300.000,300.000,325.000,-1,300.000,300.000,-1,600.000,625.000,900.000,-1,0,0,2,0,2,0,0,0,0,2,0,0,2,0,0,0,2
111,3944.417,-86.878,-142.869,-58.469,0.522911,0.852293,0.012635,-0.851267,0.522926,-0.043505,-0.043686,0.011994,0.998973,0,0.72109,0.27920,43.265,0.558,900.000,350.000,-1,350.000,-1,300.000,300.000,300.000,325.000,-1,300.000,300.000,-1,600.000,625.000,900.000,-1,0,0,2,0,2,0,0,0,0,2,0,0,2,0,1,0,2
112,3967.296,-123.707,-144.642,-58.150,0.527701,0.849366,0.010454,-0.848471,0.527650,-0.041027,-0.040363,0.012780,0.999103,0,0.72262,0.15920,43.357,0.318,900.000,350.000,-1,350.000,-1,300.000,300.000,300.000,325.000,-1,300.000,325.000,-1,600.000,625.000,900.000,-1,0,0,2,0,2,0,0,0,0,2,0,0,2,0,1,0,2
113,3990.272,-160.578,-146.329,-58.072,0.528906,0.848638,0.008459,-0.847866,0.528808,-0.038536,-0.037176,0.013210,0.999221,0,0.72407,0.03920,43.444,0.078,900.000,350.000,-1,350.000,-1,300.000,300.000,300.000,325.000,-1,300.000,325.000,-1,600.000,625.000,900.000,-1,0,0,2,0,2,0,0,0,0,2,0,0,2,0,1,0,2
114,4013.189,-197.587,-147.821,-58.234,0.526533,0.850127,0.006863,-0.849464,0.526413,-0.036058,-0.034267,0.013156,0.999326,0,0.72551,-0.08080,43.530,-0.162,900.000,350.000,-1,350.000,-1,300.000,300.000,300.000,325.000,-1,325.000,325.000,-1,600.000,625.000,900.000,-1,0,0,2,0,2,0,0,0,0,2,0,0,2,0,1,0,2
115,4035.892,-234.831,-148.938,-58.635,0.520615,0.853784,0.003693,-0.853250,0.520434,-0.033354,-0.030400,0.014213,0.999437,0,0.72698,-0.20080,43.619,-0.402,900.000,350.000,-1,350.000,-1,300.000,300.000,300.000,325.000,-1,325.000,300.000,-1,600.000,625.000,900.000,-1,0,0,2,0,2,0,0,0,0,2,0,0,2,0,1,0,2
116,4058.224,-272.408,-149.987,-59.277,0.511059,0.859546,0.000556,-0.859135,0.510834,-0.030600,-0.026586,0.015160,0.999532,0,0.72853,-0.32080,43.712,-0.642,925.000,350.000,-1,350.000,-1,300.000,300.000,300.000,325.000,-1,325.000,300.000,-1,600.000,650.000,925.000,-1,0,0,2,0,2,0,0,0,0,2,0,0,2,0,0,0,2
117,4080.026,-310.412,-150.975,-60.158,0.497793,0.867292,-0.002529,-0.866995,0.497542,-0.027786,-0.022840,0.016024,0.999611,0,0.73023,-0.44080,43.814,-0.882,950.000,350.000,-1,375.000,-1,300.000,300.000,300.000,325.000,-1,300.000,275.000,-1,600.000,650.000,975.000,-1,0,0,2,0,2,0,0,0,0,2,0,0,2,0,0,0,2
118,4101.134,-348.934,-151.911,-61.280,0.480726,0.876853,-0.005540,-0.876661,0.480463,-0.024908,-0.019179,0.016831,0.999674,0,0.73211,-0.56080,43.927,-1.122,975.000,350.000,-1,375.000,-1,300.000,300.000,325.000,325.000,-1,300.000,250.000,-1,625.000,650.000,1000.000,-1,0,0,2,1,2,0,0,0,0,2,0,0,2,0,0,0,2
119,4121.444,-388.028,-152.802,-62.548,0.461193,0.887260,-0.008459,-0.887163,0.460933,-0.021969,-0.015593,0.017636,0.999723,0,0.73424,-0.63408,44.054,-1.268,1000.000,350.000,-1,375.000,-1,300.000,300.000,325.000,325.000,-1,275.000,250.000,-1,625.000,675.000,-1,-1,0,0,2,1,2,0,0,0,0,2,0,0,2,0,0,2,2
120,4140.938,-427.685,-153.651,-63.823,0.441309,0.897284,-0.011281,-0.897274,0.441065,-0.018979,-0.012054,0.018497,0.999756,0,0.73651,-0.63763,44.190,-1.275,-1,350.000,-1,375.000,-1,300.000,300.000,325.000,325.000,-1,275.000,225.000,-1,625.000,675.000,-1,-1,2,0,2,1,2,0,0,0,0,2,0,0,2,0,0,2,2
121,4159.596,-467.890,-154.427,-65.106,0.421081,0.906914,-0.014080,-0.906981,0.420863,-0.016105,-0.008680,0.019552,0.999771,0,0.73871,-0.64127,44.323,-1.283,-1,350.000,-1,375.000,-1,300.000,300.000,325.000,325.000,-1,250.000,225.000,-1,625.000,700.000,-1,-1,2,0,2,1,2,0,0,0,0,2,0,0,2,0,0,2,2
122,4177.395,-508.622,-155.060,-66.396,0.400520,0.916130,-0.017043,-0.916270,0.400327,-0.013685,-0.005715,0.021097,0.999761,0,0.74085,-0.64499,44.451,-1.290,-1,375.000,-1,375.000,-1,300.000,300.000,325.000,325.000,-1,275.000,225.000,-1,650.000,700.000,-1,-1,2,0,2,1,2,0,0,0,0,2,0,0,2,0,0,2,2
123,4194.315,-549.861,-155.534,-67.693,0.379625,0.924940,-0.019261,-0.925135,0.379469,-0.011347,-0.003186,0.022126,0.999750,0,0.74291,-0.64881,44.575,-1.298,-1,375.000,-1,375.000,-1,300.000,300.000,325.000,325.000,-1,275.000,225.000,-1,650.000,700.000,-1,-1,2,0,2,1,2,0,0,0,0,2,0,0,2,0,0,2,2
124,4210.332,-591.585,-155.877,-68.999,0.358408,0.933332,-0.020843,-0.933565,0.358293,-0.009110,-0.001035,0.022723,0.999741,0,0.74488,-0.65273,44.693,-1.305,-1,375.000,-1,375.000,-1,300.000,300.000,325.000,325.000,-1,275.000,225.000,-1,650.000,725.000,-1,-1,2,0,2,1,2,0,0,0,0,2,0,0,2,0,0,2,2
125,4223.935,-629.087,-156.325,-70.064,0.340956,0.939809,-0.022539,-0.940079,0.340867,-0.007799,0.000354,0.023848,0.999716,0,0.66488,-0.53273,39.893,-1.065,-1,375.000,-1,375.000,-1,300.000,300.000,325.000,325.000,-1,300.000,250.000,-1,650.000,725.000,-1,-1,2,0,2,0,2,0,0,0,0,2,0,0,2,0,1,2,2
126,4235.424,-662.246,-156.690,-70.890,0.327348,0.944601,-0.023931,-0.944902,0.327285,-0.006608,0.001591,0.024776,0.999692,0,0.58488,-0.41273,35.093,-0.825,-1,375.000,-1,375.000,-1,300.000,300.000,325.000,325.000,-1,325.000,250.000,-1,650.000,750.000,-1,-1,2,0,2,0,2,0,0,0,0,2,0,0,2,0,1,2,2
127,4245.049,-690.969,-156.974,-71.475,0.317647,0.947878,-0.025046,-0.948205,0.317610,-0.005534,0.002709,0.025507,0.999671,0,0.50488,-0.29273,30.293,-0.585,-1,375.000,-1,375.000,-1,300.000,300.000,300.000,325.000,-1,325.000,275.000,-1,650.000,775.000,-1,-1,2,0,2,0,2,0,0,0,0,2,0,0,2,0,1,2,2
128,4253.002,-715.189,-157.184,-71.821,0.311897,0.949762,-0.025918,-0.950109,0.311885,-0.004591,0.003723,0.026057,0.999654,0,0.42488,-0.17273,25.493,-0.345,-1,375.000,-1,375.000,-1,300.000,300.000,300.000,325.000,-1,325.000,275.000,-1,650.000,800.000,-1,-1,2,0,2,0,2,0,0,0,0,2,0,0,2,0,1,2,2
129,4259.363,-734.880,-157.164,-72.099,0.307271,0.951237,-0.027087,-0.951614,0.307263,-0.004557,0.003988,0.027176,0.999623,0,0.34488,-0.13904,20.693,-0.278,-1,375.000,-1,375.000,-1,300.000,300.000,300.000,325.000,-1,350.000,275.000,-1,650.000,800.000,-1,-1,2,0,2,0,2,0,0,0,0,2,0,0,2,0,1,2,2
130,4264.174,-750.028,-157.136,-72.383,0.302544,0.952724,-0.028001,-0.953127,0.302537,-0.004559,0.004128,0.028068,0.999598,0,0.26488,-0.14198,15.893,-0.284,-1,375.000,-1,375.000,-1,300.000,300.000,300.000,325.000,-1,350.000,300.000,-1,650.000,800.000,-1,-1,2,0,2,0,2,0,0,0,0,2,0,0,2,0,1,2,2
131,4267.478,-760.617,-157.119,-72.671,0.297742,0.954217,-0.028636,-0.954637,0.297736,-0.004575,0.004160,0.028699,0.999579,0,0.18488,-0.14410,11.093,-0.288,-1,375.000,-1,375.000,-1,300.000,300.000,300.000,325.000,-1,375.000,300.000,-1,650.000,800.000,-1,-1,2,0,2,0,2,0,0,0,0,2,0,0,2,0,1,2,2
132,4269.322,-766.634,-157.118,-72.962,0.292895,0.955704,-0.029010,-0.956136,0.292887,-0.004609,0.004092,0.029087,0.999568,0,0.10488,-0.14536,6.293,-0.291,-1,375.000,-1,375.000,-1,300.000,300.000,300.000,325.000,-1,375.000,325.000,-1,650.000,825.000,-1,-1,2,0,2,0,2,0,0,0,0,2,0,0,2,0,1,2,2
133,4269.752,-768.063,-157.129,-73.253,0.288030,0.957178,-0.029138,-0.957613,0.288019,-0.004656,0.003936,0.029244,0.999565,0,0.02488,-0.14576,1.493,-0.292,-1,375.000,-1,375.000,-1,300.000,300.000,300.000,325.000,-1,375.000,325.000,-1,650.000,850.000,-1,-1,2,0,2,0,2,0,0,0,0,2,0,0,2,0,1,2,2
134,4268.815,-764.891,-157.151,-73.544,0.283177,0.958629,-0.029017,-0.959061,0.283162,-0.004712,0.003699,0.029164,0.999568,0,-0.05512,-0.14529,-3.307,-0.291,-1,375.000,-1,375.000,-1,300.000,300.000,300.000,325.000,-1,375.000,325.000,-1,675.000,850.000,-1,-1,2,0,2,0,2,0,0,0,0,2,0,0,2,0,1,2,2
135,4269.237,-766.323,-157.151,-73.594,0.282330,0.958876,-0.029104,-0.959310,0.282315,-0.004718,0.003692,0.029252,0.999565,0,0.02488,-0.02529,1.493,-0.051,-1,375.000,-1,375.000,-1,300.000,300.000,300.000,325.000,-1,375.000,325.000,-1,675.000,875.000,-1,-1,2,0,2,0,2,0,0,0,0,2,0,0,2,0,1,2,2
