timestep,x_cm,y_cm,z_cm,yaw_deg,basis_xx,basis_xy,basis_xz,basis_yx,basis_yy,basis_yz,basis_zx,basis_zy,basis_zz,teleport_flag,throttle_cmd,steering_cmd,cmd_move_cm,cmd_turn_deg,lidar_cm_0,lidar_cm_1,lidar_cm_2,lidar_cm_3,lidar_cm_4,lidar_cm_5,lidar_cm_6,lidar_cm_7,lidar_cm_8,lidar_cm_9,lidar_cm_10,lidar_cm_11,lidar_cm_12,lidar_cm_13,lidar_cm_14,lidar_cm_15,lidar_cm_16,lidar_class_0,lidar_class_1,lidar_class_2,lidar_class_3,lidar_class_4,lidar_class_5,lidar_class_6,lidar_class_7,lidar_class_8,lidar_class_9,lidar_class_10,lidar_class_11,lidar_class_12,lidar_class_13,lidar_class_14,lidar_class_15,lidar_class_16
0,8856.256,4914.835,64.797,-76.118,0.241642,0.968892,-0.053459,-0.969900,0.239453,-0.044228,-0.030051,0.062538,0.997590,1,0.08000,-0.00802,4.800,-0.016,-1,375.000,-1,375.000,-1,300.000,300.000,325.000,325.000,-1,425.000,550.000,-1,750.000,675.000,-1,-1,2,0,2,0,2,0,0,0,0,2,0,0,2,0,0,2,2
1,8858.557,4905.515,64.493,-76.132,0.241381,0.968958,-0.053439,-0.969978,0.239221,-0.043782,-0.029639,0.062403,0.997611,0,0.16000,-0.00693,9.600,-0.014,-1,400.000,-1,375.000,-1,325.000,300.000,325.000,325.000,-1,400.000,525.000,-1,750.000,675.000,-1,-1,2,0,2,0,2,0,0,0,0,2,0,0,2,0,0,2,2
2,8862.006,4891.534,64.036,-76.141,0.241182,0.969009,-0.053410,-0.970046,0.239063,-0.043116,-0.029011,0.062209,0.997641,0,0.24000,-0.00474,14.400,-0.009,-1,400.000,-1,375.000,-1,325.000,300.000,325.000,325.000,-1,375.000,525.000,-1,750.000,675.000,-1,-1,2,0,2,0,2,0,0,0,0,2,0,0,2,0,0,2,2
3,8866.604,4872.893,63.428,-76.144,0.241081,0.969036,-0.053375,-0.970096,0.239019,-0.042234,-0.028169,0.061961,0.997681,0,0.32000,-0.00143,19.200,-0.003,-1,400.000,-1,375.000,-1,325.000,300.000,325.000,325.000,-1,350.000,500.000,-1,750.000,675.000,-1,-1,2,0,2,0,2,0,0,0,0,2,0,0,2,0,0,2,2
4,8872.354,4849.592,62.668,-76.138,0.241119,0.969029,-0.053335,-0.970117,0.239126,-0.041141,-0.027113,0.061661,0.997729,0,0.40000,0.00303,24.000,0.006,-1,400.000,-1,375.000,-1,325.000,300.000,325.000,325.000,-1,325.000,475.000,-1,750.000,675.000,-1,-1,2,0,2,0,2,0,0,0,0,2,0,0,2,0,0,2,2
5,8879.262,4821.633,61.757,-76.121,0.241336,0.968977,-0.053294,-0.970097,0.239424,-0.039842,-0.025846,0.061316,0.997784,0,0.48000,0.00867,28.800,0.017,-1,400.000,-1,375.000,-1,325.000,300.000,325.000,325.000,-1,300.000,450.000,-1,750.000,675.000,-1,-1,2,0,2,0,2,0,0,0,0,2,0,0,2,0,0,2,2
6,8887.340,4789.019,60.695,-76.090,0.241775,0.968870,-0.053255,-0.970026,0.239956,-0.038346,-0.024374,0.060930,0.997844,0,0.56000,0.01556,33.600,0.031,-1,400.000,-1,375.000,-1,325.000,300.000,325.000,325.000,-1,250.000,425.000,-1,775.000,675.000,-1,-1,2,0,2,0,2,0,0,0,0,2,0,0,2,0,0,2,2
7,8896.602,4751.753,59.483,-76.042,0.242480,0.968695,-0.053223,-0.969891,0.240765,-0.036661,-0.022700,0.060510,0.997909,0,0.64000,0.02373,38.400,0.047,-1,400.000,-1,375.000,-1,325.000,300.000,325.000,325.000,-1,225.000,375.000,-1,775.000,700.000,-1,-1,2,0,2,0,2,0,0,0,0,2,0,0,2,0,0,2,2
8,8907.071,4709.840,58.122,-75.976,0.243497,0.968441,-0.053202,-0.969678,0.241896,-0.034798,-0.020831,0.060062,0.997977,0,0.72000,0.03327,43.200,0.067,-1,400.000,-1,375.000,-1,325.000,300.000,325.000,325.000,-1,200.000,350.000,-1,775.000,700.000,-1,-1,2,0,2,0,2,0,0,0,0,2,0,0,2,0,0,2,2
9,8918.774,4663.289,56.668,-75.887,0.244880,0.968105,-0.052973,-0.969369,0.243401,-0.032871,-0.018929,0.059400,0.998055,0,0.80000,0.04424,48.000,0.088,-1,400.000,-1,375.000,-1,325.000,300.000,325.000,325.000,-1,200.000,325.000,-1,775.000,700.000,-1,-1,2,0,2,0,2,0,0,0,0,2,0,0,2,0,0,2,2
10,8931.404,4613.383,55.618,-75.797,0.246314,0.967862,-0.050722,-0.969025,0.244969,-0.031306,-0.017874,0.056862,0.998222,0,0.85798,0.04533,51.479,0.091,-1,400.000,-1,375.000,-1,325.000,325.000,325.000,325.000,-1,225.000,350.000,-1,800.000,700.000,-1,-1,2,0,2,0,2,0,0,0,0,2,0,0,2,0,0,2,2
11,8944.113,4563.498,54.645,-75.706,0.247736,0.967623,-0.048299,-0.968686,0.246539,-0.029442,-0.016581,0.054080,0.998399,0,0.85798,0.04533,51.479,0.091,-1,400.000,-1,375.000,-1,325.000,325.000,325.000,325.000,-1,250.000,375.000,-1,800.000,725.000,-1,-1,2,0,2,0,2,0,0,0,0,2,0,0,2,0,0,2,2
12,8956.901,4513.632,53.825,-75.615,0.249203,0.967335,-0.046485,-0.968321,0.248096,-0.028318,-0.015860,0.052069,0.998518,0,0.85798,0.04533,51.479,0.091,-1,400.000,-1,375.000,-1,325.000,325.000,300.000,325.000,-1,275.000,425.000,-1,800.000,725.000,-1,-1,2,0,2,0,2,0,0,0,0,2,0,0,2,0,0,2,2
13,8969.768,4463.787,53.159,-75.525,0.250695,0.967003,-0.045363,-0.967944,0.249642,-0.027627,-0.015391,0.050835,0.998588,0,0.85798,0.04533,51.479,0.091,-1,400.000,-1,375.000,-1,325.000,325.000,300.000,325.000,-1,325.000,475.000,-1,825.000,725.000,-1,-1,2,0,2,0,2,0,0,0,0,2,0,0,2,0,0,2,2
14,8982.714,4413.963,52.473,-75.434,0.252189,0.966663,-0.044309,-0.967562,0.251187,-0.026985,-0.014955,0.049677,0.998653,0,0.85798,0.04533,51.479,0.091,-1,400.000,-1,375.000,-1,325.000,325.000,300.000,325.000,-1,375.000,500.000,-1,825.000,750.000,-1,-1,2,0,2,0,2,0,0,0,0,2,0,0,2,0,0,2,2
15,8995.739,4364.159,51.764,-75.343,0.253687,0.966316,-0.043309,-0.967177,0.252730,-0.026397,-0.014562,0.048584,0.998713,0,0.85798,0.04533,51.479,0.091,-1,400.000,-1,375.000,-1,325.000,325.000,300.000,325.000,-1,425.000,550.000,-1,850.000,750.000,-1,-1,2,0,2,0,2,0,0,0,0,2,0,0,2,0,0,2,2
16,9007.668,4318.057,51.081,-75.493,0.251146,0.967020,-0.042410,-0.967841,0.250223,-0.025914,-0.014448,0.047555,0.998764,0,0.79368,-0.07467,47.621,-0.149,-1,400.000,-1,375.000,-1,325.000,325.000,300.000,325.000,-1,450.000,600.000,-1,850.000,750.000,-1,-1,2,0,2,0,2,0,0,0,0,2,0,0,2,0,0,2,2
17,9019.283,4271.874,50.345,-75.882,0.244557,0.968743,-0.041584,-0.969525,0.243658,-0.025555,-0.014624,0.046566,0.998808,0,0.79368,-0.19467,47.621,-0.389,-1,400.000,-1,400.000,-1,325.000,325.000,300.000,325.000,-1,500.000,625.000,-1,875.000,750.000,-1,-1,2,0,2,0,2,0,0,0,0,2,0,0,2,0,0,2,2
18,9030.445,4225.580,49.570,-76.444,0.235037,0.971130,-0.040787,-0.971871,0.234156,-0.025244,-0.014965,0.045573,0.998849,0,0.79368,-0.28096,47.621,-0.562,-1,400.000,-1,400.000,-1,325.000,325.000,300.000,325.000,-1,550.000,650.000,-1,875.000,750.000,-1,-1,2,0,2,0,2,0,0,0,0,2,0,0,2,0,0,2,2
19,9041.154,4179.173,48.760,-77.006,0.225496,0.973422,-0.040022,-0.974124,0.224634,-0.024942,-0.015289,0.044610,0.998887,0,0.79377,-0.28087,47.626,-0.562,-1,400.000,-1,400.000,-1,325.000,325.000,300.000,300.000,-1,575.000,700.000,-1,875.000,750.000,-1,-1,2,0,2,0,2,0,0,0,0,2,0,0,2,0,0,2,2
20,9051.457,4132.464,47.914,-77.560,0.216051,0.975591,-0.039286,-0.976258,0.215206,-0.024646,-0.015590,0.043678,0.998924,0,0.79720,-0.27740,47.832,-0.555,-1,400.000,-1,400.000,-1,325.000,325.000,300.000,300.000,-1,625.000,725.000,-1,900.000,750.000,-1,-1,2,0,2,0,2,0,0,0,0,2,0,0,2,0,0,2,2
21,9061.353,4085.470,47.030,-78.108,0.206709,0.977641,-0.038581,-0.978274,0.205882,-0.024354,-0.015867,0.042777,0.998959,0,0.80041,-0.27376,48.024,-0.548,-1,400.000,-1,400.000,-1,325.000,325.000,300.000,300.000,-1,650.000,750.000,-1,900.000,750.000,-1,-1,2,0,2,0,2,0,0,0,0,2,0,0,2,0,0,2,2
22,9070.840,4038.210,46.112,-78.648,0.197478,0.979574,-0.037905,-0.980175,0.196668,-0.024066,-0.016119,0.041906,0.998992,0,0.80338,-0.26996,48.203,-0.540,-1,400.000,-1,400.000,-1,325.000,325.000,300.000,300.000,-1,700.000,775.000,-1,900.000,750.000,-1,-1,2,0,2,0,2,0,0,0,0,2,0,0,2,0,0,2,2
23,9079.920,3990.703,45.176,-79.180,0.188364,0.981395,-0.037188,-0.981962,0.187571,-0.023814,-0.016395,0.041003,0.999024,0,0.80611,-0.26599,48.366,-0.532,-1,425.000,-1,400.000,-1,325.000,325.000,300.000,300.000,-1,725.000,800.000,-1,925.000,750.000,-1,-1,2,0,2,0,2,0,0,0,0,2,0,0,2,0,0,2,2
24,9088.591,3942.969,44.329,-79.703,0.179385,0.983121,-0.035974,-0.983630,0.178601,-0.023961,-0.017132,0.039683,0.999065,0,0.80858,-0.26188,48.515,-0.524,-1,425.000,-1,400.000,-1,325.000,325.000,300.000,300.000,-1,800.000,850.000,-1,900.000,750.000,-1,-1,2,0,2,0,2,0,0,0,0,2,0,0,2,0,0,2,2
25,9097.187,3894.276,43.423,-79.987,0.174515,0.984036,-0.034903,-0.984494,0.173738,-0.024207,-0.017757,0.038587,0.999097,0,0.82410,-0.14188,49.446,-0.284,-1,425.000,-1,400.000,-1,325.000,325.000,300.000,300.000,-1,850.000,900.000,-1,900.000,750.000,-1,-1,2,0,2,0,2,0,0,0,0,2,0,0,2,0,0,2,2
26,9105.768,3845.455,42.382,-80.031,0.173776,0.984219,-0.033402,-0.984605,0.172995,-0.025011,-0.018838,0.037234,0.999129,0,0.82616,-0.02188,49.570,-0.044,-1,425.000,-1,400.000,-1,325.000,325.000,300.000,300.000,-1,925.000,1000.000,-1,900.000,750.000,-1,-1,2,0,2,0,2,0,0,0,0,2,0,0,2,0,0,2,2
27,9114.472,3796.537,41.254,-79.910,0.175863,0.983904,-0.031697,-0.984211,0.175082,-0.025967,-0.020000,0.035763,0.999160,0,0.82810,0.06047,49.686,0.121,-1,425.000,-1,400.000,-1,325.000,325.000,300.000,300.000,-1,-1,-1,-1,875.000,725.000,-1,-1,2,0,2,0,2,0,0,0,0,2,2,2,2,0,0,2,2
28,9123.306,3747.532,40.097,-79.780,0.178097,0.983555,-0.030005,-0.983785,0.177316,-0.026949,-0.021185,0.034318,0.999186,0,0.82992,0.06482,49.795,0.130,-1,425.000,-1,400.000,-1,325.000,325.000,300.000,300.000,-1,-1,-1,-1,875.000,725.000,-1,-1,2,0,2,0,2,0,0,0,0,2,2,2,2,0,0,2,2
29,9132.276,3698.453,38.909,-79.642,0.180479,0.983171,-0.028326,-0.983324,0.179702,-0.027956,-0.022395,0.032899,0.999208,0,0.83154,0.06925,49.892,0.138,-1,425.000,-1,400.000,-1,325.000,325.000,300.000,300.000,-1,-1,-1,-1,850.000,725.000,-1,-1,2,0,2,0,2,0,0,0,0,2,2,2,2,0,0,2,2
30,9141.388,3649.313,37.691,-79.494,0.183013,0.982749,-0.026662,-0.982827,0.182241,-0.028989,-0.023631,0.031509,0.999224,0,0.83296,0.07376,49.977,0.148,-1,425.000,-1,400.000,-1,325.000,325.000,300.000,300.000,-1,-1,-1,-1,850.000,700.000,-1,-1,2,0,2,0,2,0,0,0,0,2,2,2,2,0,0,2,2
31,9150.647,3600.127,36.443,-79.338,0.185700,0.982288,-0.025011,-0.982291,0.184935,-0.030050,-0.024892,0.030149,0.999235,0,0.83417,0.07834,50.050,0.157,-1,425.000,-1,400.000,-1,325.000,325.000,300.000,300.000,-1,-1,-1,-1,850.000,700.000,-1,-1,2,0,2,0,2,0,0,0,0,2,2,2,2,0,0,2,2
32,9160.061,3550.909,35.152,-79.172,0.188542,0.981786,-0.023419,-0.981717,0.187787,-0.031115,-0.026150,0.028857,0.999241,0,0.83517,0.08299,50.110,0.166,-1,425.000,-1,375.000,-1,325.000,325.000,300.000,300.000,-1,-1,-1,-1,825.000,700.000,-1,-1,2,0,2,0,2,0,0,0,0,2,2,2,2,0,0,2,2
33,9169.634,3501.674,33.825,-78.996,0.191543,0.981241,-0.021867,-0.981101,0.190798,-0.032195,-0.027418,0.027621,0.999242,0,0.83595,0.08769,50.157,0.175,-1,400.000,-1,375.000,-1,325.000,325.000,300.000,300.000,-1,-1,-1,-1,825.000,675.000,-1,-1,2,0,2,0,2,0,0,0,0,2,2,2,2,0,0,2,2
34,9179.372,3452.437,32.472,-78.811,0.194702,0.980652,-0.020303,-0.980441,0.193970,-0.033318,-0.028735,0.026393,0.999239,0,0.83650,0.09245,50.190,0.185,-1,400.000,-1,375.000,-1,325.000,325.000,300.000,300.000,-1,-1,-1,-1,800.000,675.000,-1,-1,2,0,2,0,2,0,0,0,0,2,2,2,2,0,0,2,2
35,9189.282,3403.215,31.081,-78.617,0.198020,0.980020,-0.018660,-0.979734,0.197305,-0.034520,-0.030149,0.025117,0.999230,0,0.83684,0.09726,50.210,0.195,-1,400.000,-1,375.000,975.000,325.000,325.000,300.000,300.000,-1,-1,-1,-1,800.000,650.000,-1,-1,2,0,2,0,0,0,0,0,0,2,2,2,2,0,0,2,2
36,9199.368,3354.022,29.661,-78.413,0.201498,0.979342,-0.016987,-0.978978,0.200803,-0.035775,-0.031625,0.023839,0.999215,0,0.83694,0.10209,50.216,0.204,-1,400.000,-1,375.000,950.000,325.000,300.000,300.000,300.000,-1,-1,-1,-1,775.000,650.000,-1,-1,2,0,2,0,0,0,0,0,0,2,2,2,2,0,0,2,2
37,9209.636,3304.874,28.296,-78.199,0.205121,0.978620,-0.015126,-0.978189,0.204465,-0.036608,-0.032732,0.022305,0.999215,0,0.83682,0.10695,50.209,0.214,-1,400.000,-1,375.000,900.000,325.000,300.000,300.000,300.000,-1,-1,-1,-1,775.000,650.000,-1,975.000,2,0,2,0,0,0,0,0,0,2,2,2,2,0,0,2,0
38,9220.092,3255.787,27.144,-77.975,0.208866,0.977863,-0.012592,-0.977384,0.208293,-0.036535,-0.033104,0.019938,0.999253,0,0.83647,0.11182,50.188,0.224,-1,400.000,-1,375.000,875.000,325.000,300.000,300.000,300.000,-1,-1,-1,-1,775.000,650.000,-1,950.000,2,0,2,0,0,0,0,0,0,2,2,2,2,0,0,2,0
39,9230.740,3206.777,25.871,-77.742,0.212757,0.977055,-0.009853,-0.976549,0.212285,-0.035879,-0.032964,0.017256,0.999308,0,0.83589,0.11669,50.154,0.233,-1,400.000,-1,350.000,875.000,325.000,300.000,300.000,300.000,-1,-1,-1,-1,750.000,650.000,-1,925.000,2,0,2,0,0,0,0,0,0,2,2,2,2,0,0,2,0
40,9241.585,3157.859,24.781,-77.499,0.216831,0.976174,-0.008274,-0.975696,0.216435,-0.034262,-0.031655,0.015502,0.999379,0,0.83510,0.12154,50.106,0.243,-1,400.000,-1,375.000,850.000,325.000,300.000,300.000,300.000,-1,-1,-1,-1,750.000,625.000,-1,925.000,2,0,2,0,0,0,0,0,0,2,2,2,2,0,0,2,0
41,9252.633,3109.048,23.656,-77.246,0.221068,0.975235,-0.006743,-0.974786,0.220740,-0.032644,-0.030347,0.013789,0.999444,0,0.83409,0.12625,50.045,0.253,-1,400.000,-1,375.000,850.000,325.000,300.000,300.000,300.000,-1,-1,-1,-1,750.000,625.000,-1,925.000,2,0,2,0,0,0,0,0,0,2,2,2,2,0,0,2,0
42,9263.885,3060.358,22.498,-76.988,0.225396,0.974253,-0.005262,-0.973834,0.225132,-0.031026,-0.029042,0.012118,0.999505,0,0.83288,0.12893,49.973,0.258,-1,400.000,-1,375.000,850.000,325.000,300.000,300.000,300.000,-1,-1,-1,-1,725.000,625.000,-1,900.000,2,0,2,0,0,0,0,0,0,2,2,2,2,0,0,2,0
43,9276.233,3006.996,21.197,-76.971,0.225641,0.974203,-0.003711,-0.973818,0.225441,-0.029235,-0.027644,0.010210,0.999566,0,0.91288,0.00893,54.773,0.018,-1,400.000,-1,375.000,825.000,325.000,300.000,300.000,300.000,-1,-1,-1,-1,725.000,625.000,-1,900.000,2,0,2,0,0,0,0,0,0,2,2,2,2,0,0,2,0
44,9288.802,2951.704,19.808,-77.193,0.221806,0.975089,-0.002142,-0.974739,0.221666,-0.027343,-0.026187,0.008153,0.999624,0,0.94504,-0.11107,56.702,-0.222,-1,400.000,-1,375.000,825.000,325.000,325.000,325.000,300.000,-1,-1,-1,-1,700.000,600.000,-1,875.000,2,0,2,0,0,0,0,0,0,2,2,2,2,0,0,2,0
45,9300.888,2896.483,18.381,-77.655,0.213881,0.976860,-0.000580,-0.976548,0.213797,-0.025401,-0.024689,0.005999,0.999677,0,0.94214,-0.23107,56.529,-0.462,-1,400.000,-1,375.000,800.000,325.000,325.000,325.000,300.000,-1,-1,-1,-1,700.000,600.000,-1,850.000,2,0,2,0,0,0,0,0,0,2,2,2,2,0,0,2,0
46,9312.335,2841.343,16.913,-78.273,0.203288,0.979119,0.001011,-0.978846,0.203255,-0.023395,-0.023112,0.003766,0.999726,0,0.93860,-0.30886,56.316,-0.618,-1,400.000,-1,350.000,775.000,325.000,300.000,325.000,300.000,-1,-1,-1,-1,675.000,600.000,-1,850.000,2,0,2,0,0,0,0,0,0,2,2,2,2,0,0,2,0
47,9323.143,2786.319,15.374,-78.888,0.192721,0.981250,0.002727,-0.981021,0.192735,-0.021223,-0.021351,0.001415,0.999771,0,0.93458,-0.30750,56.075,-0.615,-1,375.000,-1,350.000,775.000,325.000,300.000,325.000,300.000,-1,-1,-1,-1,675.000,575.000,-1,825.000,2,0,2,0,0,0,0,0,0,2,2,2,2,0,0,2,0
48,9333.315,2731.431,13.807,-79.501,0.182172,0.983257,0.004443,-0.983073,0.182224,-0.019044,-0.019535,-0.000899,0.999809,0,0.93038,-0.30657,55.823,-0.613,-1,375.000,-1,350.000,750.000,300.000,300.000,300.000,300.000,-1,525.000,-1,-1,650.000,575.000,-1,800.000,2,0,2,0,0,0,0,0,0,2,0,2,2,0,0,2,0
49,9342.856,2676.692,12.229,-80.113,0.171625,0.985143,0.006217,-0.985003,0.171708,-0.016887,-0.017703,-0.003225,0.999838,0,0.92608,-0.30608,55.565,-0.612,-1,375.000,-1,350.000,750.000,300.000,300.000,300.000,300.000,-1,450.000,-1,-1,650.000,575.000,-1,775.000,2,0,2,0,0,0,0,0,0,2,0,2,2,0,0,2,0
50,9351.770,2622.110,11.478,-80.725,0.161025,0.986889,0.011033,-0.986830,0.161170,-0.013813,-0.015410,-0.008664,0.999844,0,0.92174,-0.30601,55.304,-0.612,-1,350.000,-1,350.000,775.000,300.000,300.000,300.000,300.000,-1,400.000,650.000,-1,625.000,575.000,-1,800.000,2,0,2,0,0,0,0,0,0,2,0,0,2,0,0,2,0
51,9360.062,2567.692,11.295,-81.338,0.150431,0.988499,0.015498,-0.988542,0.150598,-0.010214,-0.012431,-0.013784,0.999828,0,0.91744,-0.30637,55.046,-0.613,-1,350.000,-1,350.000,800.000,300.000,300.000,300.000,300.000,-1,375.000,575.000,-1,625.000,575.000,-1,825.000,2,0,2,0,0,0,0,0,0,2,0,0,2,0,0,2,0
52,9367.733,2513.437,12.042,-81.952,0.139887,0.990040,0.015917,-0.990138,0.139989,-0.005455,-0.007629,-0.014997,0.999858,0,0.91325,-0.30715,54.795,-0.614,-1,350.000,-1,350.000,850.000,300.000,300.000,300.000,300.000,-1,350.000,500.000,-1,625.000,575.000,-1,875.000,2,0,2,0,0,0,0,0,0,2,0,0,2,0,0,2,0
53,9374.789,2459.342,12.774,-82.569,0.129294,0.991470,0.016412,-0.991602,0.129323,-0.000669,-0.002785,-0.016187,0.999865,0,0.90923,-0.30833,54.554,-0.617,-1,375.000,-1,350.000,875.000,300.000,300.000,300.000,325.000,-1,350.000,475.000,-1,650.000,600.000,-1,925.000,2,0,2,0,0,0,0,0,0,2,0,0,2,0,0,2,0
54,9381.233,2405.399,13.494,-83.188,0.118641,0.992792,0.016987,-0.992935,0.118587,0.004143,0.002099,-0.017358,0.999847,0,0.90543,-0.30992,54.326,-0.620,-1,375.000,-1,350.000,925.000,300.000,300.000,325.000,325.000,-1,350.000,425.000,-1,650.000,600.000,-1,1000.000,2,0,2,0,0,0,0,0,0,2,0,0,2,0,0,2,0
55,9387.066,2351.599,14.203,-83.812,0.107915,0.994004,0.017647,-0.994135,0.107770,0.008978,0.007023,-0.018513,0.999804,0,0.90193,-0.31188,54.116,-0.624,-1,375.000,-1,350.000,975.000,300.000,300.000,325.000,325.000,-1,350.000,425.000,-1,675.000,625.000,-1,-1,2,0,2,0,0,0,0,0,0,2,0,0,2,0,0,2,2
56,9392.290,2297.927,14.905,-84.441,0.097105,0.995104,0.018399,-0.995202,0.096858,0.013834,0.011984,-0.019654,0.999735,0,0.89875,-0.31423,53.925,-0.628,-1,375.000,-1,350.000,-1,300.000,300.000,325.000,325.000,-1,325.000,400.000,-1,675.000,625.000,-1,-1,2,0,2,0,2,0,0,0,0,2,0,0,2,0,0,2,2
57,9396.905,2244.369,15.600,-85.074,0.086200,0.996092,0.019247,-0.996133,0.085842,0.018708,0.016983,-0.020785,0.999640,0,0.89595,-0.31693,53.757,-0.634,-1,375.000,-1,375.000,-1,300.000,300.000,325.000,300.000,-1,275.000,375.000,-1,675.000,650.000,-1,-1,2,0,2,0,2,0,0,0,0,2,0,0,2,0,0,2,2
58,9400.912,2190.906,16.292,-85.714,0.075190,0.996965,0.020197,-0.996926,0.074709,0.023598,0.022018,-0.021909,0.999517,0,0.89354,-0.31998,53.612,-0.640,-1,375.000,-1,375.000,-1,325.000,300.000,325.000,300.000,1000.000,250.000,300.000,-1,700.000,650.000,-1,-1,2,0,2,0,2,0,0,0,0,1,0,0,2,0,0,2,2
59,9404.307,2137.520,16.983,-86.361,0.064066,0.997719,0.021255,-0.997578,0.063450,0.028503,0.027089,-0.023029,0.999368,0,0.89156,-0.32336,53.494,-0.647,-1,375.000,-1,375.000,-1,325.000,300.000,325.000,300.000,950.000,225.000,275.000,-1,700.000,675.000,-1,1000.000,2,0,2,0,2,0,0,0,0,1,0,0,2,0,0,2,1
60,9407.087,2084.191,17.674,-87.015,0.052819,0.998352,0.022427,-0.998085,0.052054,0.033418,0.032196,-0.024149,0.999190,0,0.89002,-0.32707,53.401,-0.654,-1,375.000,-1,375.000,1000.000,325.000,300.000,300.000,300.000,925.000,200.000,250.000,-1,725.000,675.000,-1,975.000,2,0,2,0,1,0,0,0,0,1,0,0,2,0,0,2,1
61,9409.249,2030.898,18.369,-87.677,0.041440,0.998859,0.023719,-0.998443,0.040512,0.038343,0.037339,-0.025271,0.998983,0,0.88894,-0.33108,53.336,-0.662,-1,400.000,-1,375.000,975.000,325.000,325.000,300.000,300.000,900.000,200.000,225.000,-1,725.000,700.000,-1,925.000,2,0,2,0,1,0,0,0,0,1,0,0,2,0,0,2,1
62,9410.785,1977.621,19.147,-88.348,0.029928,0.999228,0.025431,-0.998657,0.028815,0.043053,0.042287,-0.026686,0.998749,0,0.88831,-0.33538,53.299,-0.671,-1,400.000,-1,375.000,950.000,325.000,325.000,300.000,300.000,875.000,175.000,200.000,-1,750.000,700.000,-1,900.000,2,0,2,0,1,0,0,0,0,1,0,0,2,0,0,2,1
63,9411.689,1924.339,21.487,-89.028,0.018148,0.999475,0.026831,-0.998886,0.016955,0.044043,0.043565,-0.027600,0.998669,0,0.88815,-0.33997,53.289,-0.680,-1,400.000,-1,375.000,900.000,325.000,325.000,300.000,300.000,875.000,225.000,250.000,-1,750.000,700.000,-1,850.000,2,0,2,0,1,0,0,0,0,1,0,0,2,0,1,2,1
64,9411.778,1866.249,24.284,-89.912,0.002770,0.999615,0.027598,-0.998995,0.001532,0.044801,0.044741,-0.027695,0.998615,0,0.96815,-0.44203,58.089,-0.884,-1,400.000,-1,375.000,850.000,325.000,325.000,300.000,300.000,900.000,275.000,300.000,-1,750.000,675.000,-1,800.000,2,0,2,0,1,0,0,0,0,1,0,0,2,0,1,2,1
65,9410.946,1806.713,27.172,-90.801,-0.012682,0.999515,0.028441,-0.998863,-0.013971,0.045582,0.045957,-0.027831,0.998556,0,0.99237,-0.44430,59.542,-0.889,-1,400.000,-1,375.000,800.000,325.000,325.000,300.000,300.000,900.000,325.000,350.000,-1,775.000,625.000,-1,750.000,2,0,2,0,1,0,0,0,0,1,0,0,2,0,1,2,1
66,9409.173,1746.776,30.103,-91.694,-0.028209,0.999171,0.029352,-0.998487,-0.029551,0.046369,0.047198,-0.027999,0.998493,0,0.99939,-0.44663,59.963,-0.893,-1,400.000,-1,375.000,750.000,325.000,325.000,300.000,300.000,925.000,400.000,400.000,-1,775.000,600.000,-1,700.000,2,0,2,0,1,0,0,0,0,1,0,0,2,0,1,2,1
67,9406.459,1686.837,33.060,-92.592,-0.043805,0.998580,0.030329,-0.997864,-0.045206,0.047153,0.048457,-0.028198,0.998427,0,1.00000,-0.44897,60.000,-0.898,-1,400.000,-1,375.000,700.000,325.000,325.000,300.000,300.000,950.000,450.000,450.000,-1,800.000,575.000,-1,650.000,2,0,2,0,1,0,0,0,0,1,0,0,2,0,1,2,1
68,9402.802,1626.948,36.041,-93.495,-0.059467,0.997737,0.031377,-0.996991,-0.060930,0.047929,0.049733,-0.028432,0.998358,0,1.00000,-0.45129,60.000,-0.903,-1,400.000,-1,375.000,650.000,325.000,325.000,300.000,300.000,1000.000,500.000,500.000,-1,800.000,550.000,-1,600.000,2,0,2,0,1,0,0,0,0,1,0,0,2,0,1,2,1
69,9398.197,1567.125,39.049,-94.402,-0.075190,0.996639,0.032499,-0.995863,-0.076719,0.048693,0.051023,-0.028704,0.998285,0,1.00000,-0.45362,60.000,-0.907,-1,400.000,-1,375.000,575.000,325.000,325.000,300.000,300.000,-1,525.000,550.000,-1,800.000,525.000,-1,550.000,2,0,2,1,1,1,1,0,0,2,0,0,2,0,1,2,1
70,9392.640,1507.383,42.083,-95.314,-0.090970,0.995283,0.033701,-0.994478,-0.092570,0.049439,0.052325,-0.029017,0.998208,0,1.00000,-0.45596,60.000,-0.912,-1,400.000,-1,350.000,525.000,325.000,300.000,300.000,300.000,-1,575.000,600.000,-1,825.000,475.000,-1,500.000,2,0,2,1,1,1,1,0,0,2,0,0,2,0,1,2,1
71,9386.383,1447.710,45.141,-95.986,-0.102555,0.994113,0.034950,-0.993286,-0.104234,0.050187,0.053534,-0.029569,0.998128,0,1.00000,-0.33596,60.000,-0.672,-1,425.000,-1,325.000,475.000,300.000,300.000,300.000,300.000,-1,625.000,650.000,-1,825.000,450.000,-1,450.000,2,0,2,1,1,1,1,0,0,2,0,0,2,0,1,2,1
72,9379.677,1388.086,48.219,-96.418,-0.109957,0.993276,0.036231,-0.992433,-0.111722,0.050941,0.054646,-0.030356,0.998044,0,1.00000,-0.21596,60.000,-0.432,-1,425.000,-1,300.000,400.000,300.000,275.000,300.000,300.000,-1,675.000,700.000,-1,825.000,425.000,-1,400.000,2,0,2,1,1,1,1,0,0,2,0,0,2,0,1,2,1
73,9372.771,1328.484,51.336,-96.609,-0.113204,0.992868,0.037397,-0.992029,-0.115045,0.051420,0.055355,-0.031278,0.997977,0,1.00000,-0.09596,60.000,-0.192,-1,400.000,-1,275.000,350.000,300.000,250.000,300.000,300.000,-1,725.000,750.000,-1,850.000,400.000,-1,325.000,2,1,2,1,1,1,1,0,0,2,0,0,2,0,1,2,1
74,9365.916,1268.877,54.957,-96.561,-0.112112,0.992838,0.041267,-0.992085,-0.114197,0.052210,0.056549,-0.035087,0.997783,0,1.00000,0.02404,60.000,0.048,-1,400.000,-1,275.000,300.000,275.000,250.000,275.000,300.000,-1,775.000,775.000,-1,850.000,375.000,-1,275.000,2,1,2,1,1,1,1,0,0,2,0,0,2,0,1,2,1
75,9359.364,1209.234,61.539,-96.273,-0.105744,0.992762,0.056932,-0.992206,-0.109134,0.060147,0.065925,-0.050129,0.996565,0,1.00000,0.14404,60.000,0.288,-1,425.000,-1,275.000,275.000,300.000,250.000,275.000,325.000,-1,525.000,700.000,-1,900.000,375.000,-1,275.000,2,1,2,1,1,1,1,0,0,2,0,0,2,0,1,2,1
76,9353.365,1149.533,68.240,-95.745,-0.094863,0.992819,0.072882,-0.992624,-0.099888,0.068705,0.075492,-0.065827,0.994971,0,1.00000,0.26404,60.000,0.528,-1,475.000,-1,275.000,250.000,300.000,250.000,275.000,375.000,1000.000,375.000,525.000,-1,950.000,375.000,-1,250.000,2,1,2,1,1,1,1,0,0,0,0,0,2,0,1,2,1
77,9348.169,1089.757,74.997,-94.977,-0.079472,0.992877,0.088762,-0.993201,-0.086466,0.077942,0.085062,-0.081965,0.992999,0,1.00000,0.38404,60.000,0.768,-1,500.000,-1,275.000,250.000,325.000,250.000,250.000,400.000,825.000,275.000,450.000,-1,-1,375.000,-1,250.000,2,0,2,1,1,1,1,0,0,0,0,0,2,2,1,2,1
78,9344.029,1029.898,81.733,-93.969,-0.059606,0.992774,0.104152,-0.993748,-0.068882,0.087866,0.094405,-0.098263,0.990673,0,1.00000,0.50404,60.000,1.008,-1,525.000,-1,275.000,225.000,325.000,250.000,250.000,450.000,675.000,200.000,375.000,-1,-1,375.000,-1,250.000,2,0,2,1,1,1,1,0,0,0,0,0,2,2,1,2,1
79,9341.196,969.964,88.354,-92.721,-0.035340,0.992317,0.118566,-0.994027,-0.047160,0.098415,0.103251,-0.114380,0.988057,0,1.00000,0.62404,60.000,1.248,-1,550.000,-1,275.000,225.000,350.000,275.000,250.000,450.000,550.000,150.000,350.000,-1,-1,400.000,-1,225.000,2,0,2,1,1,1,1,0,1,0,0,0,2,2,1,2,1
80,9339.796,909.979,94.763,-91.353,-0.008879,0.991254,0.131666,-0.993736,-0.023415,0.109269,0.111396,-0.129871,0.985253,0,1.00000,0.68388,60.000,1.368,-1,575.000,-1,275.000,200.000,400.000,275.000,250.000,400.000,450.000,100.000,300.000,-1,-1,475.000,-1,225.000,2,0,2,1,1,1,1,0,1,0,0,0,2,2,1,2,1
81,9339.794,849.978,100.907,-90.020,0.016995,0.989515,0.143424,-0.992774,-0.000342,0.120002,0.118792,-0.144427,0.982359,0,1.00000,0.66668,60.000,1.333,-1,600.000,-1,325.000,200.000,425.000,325.000,225.000,350.000,375.000,75.000,275.000,-1,-1,575.000,-1,225.000,2,0,2,1,1,1,1,0,1,0,0,0,2,2,1,2,1
82,9341.149,789.993,106.751,-88.725,0.042117,0.987209,0.153769,-0.991216,0.021975,0.130416,0.125369,-0.157912,0.979462,0,1.00000,0.64749,60.000,1.295,-1,625.000,-1,350.000,175.000,475.000,350.000,225.000,300.000,350.000,75.000,275.000,-1,-1,675.000,-1,225.000,2,0,2,1,1,1,1,0,1,0,0,0,2,2,1,2,1
83,-7543.198,8199.141,157.521,-116.492,-0.446554,0.893283,0.051334,-0.894711,-0.445216,-0.035700,-0.009036,-0.061871,0.998043,1,0.00000,0.00000,60.000,1.252,400.000,350.000,525.000,250.000,325.000,250.000,225.000,275.000,400.000,-1,200.000,300.000,-1,425.000,325.000,425.000,275.000,1,1,1,1,1,1,1,0,0,2,0,0,2,1,1,1,1
84,-7545.320,8194.836,157.663,-116.252,-0.442762,0.895080,0.052853,-0.896603,-0.441441,-0.035125,-0.008108,-0.062940,0.997984,0,0.08000,0.12000,4.800,0.240,400.000,350.000,525.000,250.000,300.000,250.000,225.000,275.000,400.000,-1,200.000,300.000,-1,425.000,325.000,425.000,275.000,1,1,1,1,1,1,1,0,0,2,0,0,2,1,1,1,1
85,-7549.493,8186.190,157.950,-115.772,-0.435147,0.898622,0.055902,-0.900338,-0.433866,-0.033933,-0.006239,-0.065097,0.997859,0,0.16000,0.24000,9.600,0.480,400.000,350.000,525.000,250.000,300.000,250.000,225.000,275.000,400.000,1000.000,175.000,300.000,-1,400.000,325.000,400.000,275.000,1,1,1,1,1,1,1,0,0,0,0,0,2,1,1,1,1
86,-7555.588,8173.145,158.389,-115.052,-0.423647,0.903805,0.060498,-0.905821,-0.422447,-0.032039,-0.003400,-0.068374,0.997654,0,0.24000,0.36000,14.400,0.720,375.000,350.000,525.000,250.000,300.000,250.000,225.000,275.000,425.000,950.000,175.000,300.000,-1,400.000,325.000,400.000,275.000,1,1,1,1,1,1,1,0,0,0,0,0,2,1,1,1,1
87,-7563.473,8155.639,158.951,-114.259,-0.410840,0.909275,0.066552,-0.911708,-0.409778,-0.029518,0.000431,-0.072803,0.997346,0,0.32000,0.39622,19.200,0.792,375.000,325.000,525.000,250.000,275.000,250.000,225.000,275.000,425.000,875.000,150.000,275.000,-1,400.000,325.000,375.000,250.000,1,1,1,1,1,1,1,0,0,0,0,0,2,1,1,1,1
88,-7573.030,8133.624,159.640,-113.476,-0.397980,0.914398,0.074082,-0.917379,-0.397141,-0.026373,0.005306,-0.078458,0.996903,0,0.40000,0.39159,24.000,0.783,350.000,325.000,525.000,250.000,275.000,275.000,225.000,275.000,450.000,775.000,125.000,250.000,-1,375.000,325.000,375.000,250.000,1,1,1,1,1,1,1,0,0,0,0,0,2,1,1,1,1
89,-7584.141,8107.054,160.481,-112.704,-0.385051,0.919138,0.083191,-0.922826,-0.384558,-0.022519,0.011293,-0.085442,0.996279,0,0.48000,0.38615,28.800,0.772,325.000,300.000,500.000,250.000,250.000,275.000,225.000,275.000,475.000,700.000,100.000,250.000,-1,375.000,325.000,350.000,250.000,1,1,1,1,1,1,1,0,0,0,0,0,2,1,1,1,1
90,-7596.690,8075.886,161.505,-111.944,-0.372026,0.923451,0.093991,-0.928038,-0.372056,-0.017867,0.018471,-0.093875,0.995413,0,0.56000,0.37978,33.600,0.760,300.000,300.000,500.000,225.000,250.000,250.000,225.000,275.000,525.000,625.000,100.000,225.000,-1,350.000,325.000,325.000,225.000,1,1,1,1,1,1,1,0,0,0,0,0,2,1,1,1,1
91,-7610.567,8040.081,162.748,-111.200,-0.358867,0.927280,0.106613,-0.933000,-0.359665,-0.012318,0.026922,-0.103890,0.994224,0,0.64000,0.37228,38.400,0.745,275.000,275.000,475.000,225.000,225.000,250.000,225.000,250.000,550.000,525.000,75.000,225.000,-1,325.000,300.000,300.000,225.000,1,1,1,1,1,1,1,0,0,0,0,0,2,1,1,1,1
92,3607.678,6887.297,82.991,-78.287,0.199731,0.975757,0.089472,-0.979106,0.202304,-0.020591,-0.038192,-0.083490,0.995777,1,0.00000,0.00000,43.200,0.727,-1,400.000,-1,375.000,-1,325.000,300.000,300.000,325.000,-1,575.000,600.000,-1,775.000,750.000,-1,-1,2,0,2,0,2,0,0,0,0,2,0,0,2,0,0,2,2
93,3608.633,6882.593,82.810,-78.527,0.195661,0.976580,0.089489,-0.979945,0.198212,-0.020482,-0.037740,-0.083687,0.995777,0,0.08000,-0.12000,4.800,-0.240,-1,400.000,-1,375.000,-1,325.000,300.000,300.000,325.000,-1,575.000,600.000,-1,775.000,750.000,-1,-1,2,0,2,0,2,0,0,0,0,2,0,0,2,0,0,2,2
94,3610.464,6873.168,82.455,-79.007,0.187512,0.978174,0.089526,-0.981572,0.190018,-0.020262,-0.036832,-0.084077,0.995778,0,0.16000,-0.24000,9.600,-0.480,-1,400.000,-1,375.000,-1,325.000,300.000,325.000,325.000,-1,575.000,600.000,-1,775.000,775.000,-1,-1,2,0,2,0,2,0,0,0,0,2,0,0,2,0,0,2,2
95,3613.037,6859.000,81.935,-79.710,0.175554,0.980385,0.089589,-0.983830,0.177992,-0.019927,-0.035483,-0.084642,0.995779,0,0.24000,-0.35153,14.400,-0.703,-1,400.000,-1,375.000,-1,325.000,300.000,325.000,325.000,-1,575.000,600.000,-1,775.000,775.000,-1,-1,2,0,2,0,2,0,0,0,0,2,0,0,2,0,0,2,2
96,3616.235,6840.067,81.259,-80.413,0.163581,0.982443,0.089703,-0.985944,0.165940,-0.019458,-0.034002,-0.085259,0.995778,0,0.32000,-0.35153,19.200,-0.703,-1,400.000,-1,375.000,-1,325.000,300.000,325.000,325.000,-1,575.000,625.000,-1,775.000,775.000,-1,-1,2,0,2,0,2,0,0,0,0,2,0,0,2,0,0,2,2
97,3619.942,6816.355,80.436,-81.116,0.151594,0.984349,0.089874,-0.987912,0.153864,-0.018853,-0.032386,-0.085929,0.995775,0,0.40000,-0.35153,24.000,-0.703,-1,400.000,-1,375.000,-1,325.000,300.000,325.000,325.000,-1,600.000,625.000,-1,775.000,775.000,-1,-1,2,0,2,0,2,0,0,0,0,2,0,0,2,0,0,2,2
98,3624.041,6787.847,79.474,-81.819,0.139595,0.986100,0.090109,-0.989735,0.141765,-0.018112,-0.030634,-0.086655,0.995767,0,0.48000,-0.35153,28.800,-0.703,-1,400.000,-1,375.000,-1,325.000,300.000,325.000,325.000,-1,600.000,625.000,-1,775.000,800.000,-1,-1,2,0,2,0,2,0,0,0,0,2,0,0,2,0,0,2,2
99,3628.414,6754.533,78.384,-82.522,0.127589,0.987698,0.090413,-0.991411,0.129646,-0.017232,-0.028742,-0.087438,0.995755,0,0.56000,-0.35153,33.600,-0.703,-1,400.000,-1,400.000,-1,325.000,300.000,325.000,325.000,-1,600.000,625.000,-1,800.000,800.000,-1,-1,2,0,2,0,2,0,0,0,0,2,0,0,2,0,0,2,2
100,3632.945,6716.400,77.174,-83.225,0.115575,0.989141,0.090793,-0.992940,0.117508,-0.016215,-0.026707,-0.088278,0.995738,0,0.64000,-0.35153,38.400,-0.703,-1,400.000,-1,400.000,-1,325.000,325.000,325.000,325.000,-1,625.000,650.000,-1,800.000,825.000,-1,-1,2,0,2,0,2,0,0,0,0,2,0,0,2,0,0,2,2
101,3637.515,6673.442,75.854,-83.928,0.103559,0.990428,0.091253,-0.994321,0.105353,-0.015059,-0.024528,-0.089176,0.995714,0,0.72000,-0.35153,43.200,-0.703,-1,400.000,-1,400.000,-1,325.000,325.000,325.000,325.000,-1,625.000,650.000,-1,800.000,850.000,-1,-1,2,0,2,0,2,0,0,0,0,2,0,0,2,0,0,2,2
102,3641.807,6627.860,74.499,-84.621,0.091709,0.991548,0.091772,-0.995537,0.093358,-0.013825,-0.022276,-0.090094,0.995684,0,0.76306,-0.34652,45.784,-0.693,-1,400.000,-1,400.000,-1,325.000,325.000,325.000,325.000,-1,625.000,675.000,-1,800.000,850.000,-1,-1,2,0,2,0,2,0,0,0,0,2,0,0,2,0,0,2,2
103,3645.609,6581.629,73.200,-85.299,0.080108,0.992490,0.092444,-0.996584,0.081616,-0.012651,-0.020101,-0.091115,0.995638,0,0.77310,-0.33884,46.386,-0.678,-1,400.000,-1,400.000,-1,325.000,325.000,300.000,325.000,-1,600.000,675.000,-1,800.000,875.000,-1,-1,2,0,2,0,2,0,0,0,0,2,0,0,2,0,0,2,2
104,3648.919,6534.776,71.897,-85.960,0.068661,0.993329,0.092649,-0.997451,0.070158,-0.012995,-0.019408,-0.091521,0.995614,0,0.78282,-0.33052,46.969,-0.661,-1,400.000,-1,400.000,-1,325.000,325.000,300.000,325.000,-1,650.000,725.000,-1,800.000,875.000,-1,-1,2,0,2,0,2,0,0,0,0,2,0,0,2,0,0,2,2
105,3651.735,6487.328,70.656,-86.603,0.057439,0.994060,0.092442,-0.998155,0.059005,-0.014288,-0.019657,-0.091451,0.995616,0,0.79219,-0.32155,47.531,-0.643,-1,400.000,-1,400.000,-1,325.000,325.000,325.000,325.000,-1,750.000,775.000,-1,800.000,875.000,-1,-1,2,0,2,0,2,0,0,0,0,2,0,0,2,0,0,2,2
106,3654.061,6439.314,69.444,-87.227,0.046543,0.994652,0.092202,-0.998717,0.048178,-0.015585,-0.019944,-0.091359,0.995618,0,0.80115,-0.31194,48.069,-0.624,-1,400.000,-1,400.000,-1,325.000,325.000,325.000,300.000,-1,825.000,850.000,-1,775.000,875.000,-1,-1,2,0,2,0,2,0,0,0,0,2,0,0,2,0,0,2,2
107,3655.900,6390.769,68.261,-87.830,0.035996,0.995115,0.091929,-0.999146,0.037702,-0.016890,-0.020273,-0.091243,0.995622,0,0.80965,-0.30167,48.579,-0.603,975.000,400.000,-1,400.000,-1,325.000,325.000,325.000,300.000,-1,900.000,925.000,-1,775.000,875.000,-1,-1,1,0,2,0,2,0,0,0,0,2,0,0,2,0,0,2,2
108,3657.260,6341.728,67.106,-88.412,0.025822,0.995459,0.091621,-0.999453,0.027601,-0.018204,-0.020650,-0.091101,0.995628,0,0.81766,-0.29075,49.060,-0.582,950.000,400.000,-1,400.000,-1,325.000,325.000,325.000,300.000,-1,975.000,-1,-1,775.000,875.000,-1,-1,1,0,2,0,2,0,0,0,0,2,0,2,2,0,0,2,2
109,3658.149,6292.228,65.980,-88.970,0.016045,0.995696,0.091276,-0.999649,0.017899,-0.019529,-0.021079,-0.090931,0.995634,0,0.82513,-0.27919,49.508,-0.558,925.000,400.000,-1,400.000,-1,325.000,325.000,325.000,300.000,-1,-1,-1,-1,750.000,875.000,-1,-1,1,0,2,0,2,0,0,0,0,2,2,2,2,0,0,2,2
110,3658.581,6242.309,64.881,-89.504,0.006688,0.995838,0.090893,-0.999745,0.008619,-0.020867,-0.021564,-0.090730,0.995642,0,0.83200,-0.26699,49.920,-0.534,900.000,400.000,-1,400.000,-1,325.000,325.000,325.000,300.000,-1,-1,-1,-1,750.000,875.000,-1,-1,1,0,2,0,2,0,0,0,0,2,2,2,2,0,0,2,2
111,3658.570,6192.015,63.809,-90.012,-0.002227,0.995897,0.090471,-0.999753,-0.000217,-0.022221,-0.022110,-0.090498,0.995651,0,0.83823,-0.25416,50.294,-0.508,875.000,400.000,-1,400.000,-1,325.000,325.000,325.000,300.000,-1,-1,-1,-1,750.000,875.000,-1,-1,1,0,2,0,2,0,0,0,0,2,2,2,2,0,0,2,2
112,3658.134,6141.390,62.763,-90.494,-0.010677,0.995884,0.090009,-0.999685,-0.008585,-0.023591,-0.022721,-0.090233,0.995661,0,0.84378,-0.24073,50.627,-0.481,875.000,375.000,-1,400.000,-1,325.000,325.000,325.000,325.000,-1,-1,-1,-1,725.000,875.000,-1,-1,1,0,2,0,2,0,0,0,0,2,2,2,2,0,0,2,2
113,3657.292,6090.480,61.742,-90.947,-0.018642,0.995812,0.089507,-0.999552,-0.016466,-0.024978,-0.023399,-0.089933,0.995673,0,0.84860,-0.22671,50.916,-0.453,875.000,375.000,-1,400.000,-1,325.000,325.000,325.000,325.000,-1,-1,-1,-1,725.000,875.000,-1,-1,1,0,2,0,2,0,0,0,0,2,2,2,2,0,0,2,2
114,3656.067,6039.336,60.744,-91.372,-0.026102,0.995693,0.088964,-0.999368,-0.023840,-0.026384,-0.024149,-0.089597,0.995685,0,0.85265,-0.21213,51.159,-0.424,850.000,375.000,-1,400.000,-1,300.000,325.000,325.000,325.000,-1,-1,-1,-1,725.000,875.000,-1,-1,1,0,2,0,2,0,0,0,0,2,2,2,2,0,0,2,2
115,3654.484,5988.006,59.768,-91.766,-0.033038,0.995539,0.088381,-0.999142,-0.030689,-0.027808,-0.024972,-0.089224,0.995698,0,0.85590,-0.19703,51.354,-0.394,850.000,375.000,-1,400.000,-1,300.000,325.000,325.000,325.000,-1,-1,-1,-1,700.000,850.000,-1,-1,1,0,2,0,2,0,0,0,0,2,2,2,2,0,0,2,2
116,3652.571,5936.542,58.813,-92.129,-0.039435,0.995361,0.087758,-0.998887,-0.036995,-0.029252,-0.025870,-0.088814,0.995712,0,0.85831,-0.18145,51.499,-0.363,850.000,375.000,-1,400.000,-1,300.000,325.000,325.000,325.000,-1,-1,-1,-1,700.000,825.000,-1,-1,1,0,2,0,2,0,0,0,0,2,2,2,2,0,0,2,2
117,3650.356,5884.997,57.737,-92.459,-0.045206,0.995199,0.086807,-0.998635,-0.042746,-0.030000,-0.026146,-0.088045,0.995773,0,0.85987,-0.16543,51.592,-0.331,875.000,375.000,-1,400.000,-1,300.000,325.000,325.000,325.000,-1,-1,-1,-1,700.000,825.000,-1,-1,1,0,2,0,2,0,0,0,0,2,2,2,2,0,0,2,2
118,3647.870,5833.424,56.438,-92.758,-0.050308,0.995120,0.084886,-0.998405,-0.047930,-0.029823,-0.025609,-0.086251,0.995944,0,0.86055,-0.14903,51.633,-0.298,875.000,375.000,-1,400.000,-1,300.000,325.000,325.000,325.000,-1,-1,-1,-1,675.000,800.000,-1,-1,1,0,2,0,2,0,0,0,0,2,2,2,2,0,0,2,2
119,3645.146,5781.875,55.149,-93.022,-0.054833,0.995043,0.082960,-0.998179,-0.052534,-0.029654,-0.025149,-0.084435,0.996112,0,0.86034,-0.13232,51.621,-0.265,900.000,375.000,-1,400.000,-1,300.000,325.000,325.000,325.000,-1,-1,-1,-1,675.000,800.000,-1,-1,1,0,2,0,2,0,0,0,0,2,2,2,2,0,0,2,2
120,3642.219,5730.402,53.868,-93.253,-0.058774,0.994977,0.081033,-0.997964,-0.056548,-0.029495,-0.024765,-0.082601,0.996275,0,0.85925,-0.11535,51.555,-0.231,900.000,375.000,-1,400.000,-1,300.000,325.000,325.000,325.000,-1,-1,-1,-1,675.000,775.000,-1,-1,1,0,2,0,2,0,0,0,0,2,2,2,2,0,0,2,2
121,3639.122,5679.058,52.593,-93.449,-0.062123,0.994929,0.079106,-0.997769,-0.059968,-0.029346,-0.024453,-0.080753,0.996434,0,0.85729,-0.09820,51.437,-0.196,925.000,375.000,-1,400.000,-1,300.000,325.000,325.000,325.000,-1,-1,-1,-1,650.000,775.000,-1,-1,1,0,2,0,2,0,0,0,0,2,2,2,2,0,0,2,2
122,3635.891,5627.892,51.322,-93.611,-0.064878,0.994904,0.077184,-0.997599,-0.062788,-0.029206,-0.024211,-0.078893,0.996589,0,0.85447,-0.08095,51.268,-0.162,925.000,375.000,-1,400.000,-1,300.000,325.000,325.000,325.000,-1,-1,-1,-1,650.000,750.000,-1,-1,1,0,2,0,2,0,0,0,0,2,2,2,2,0,0,2,2
123,3632.560,5576.950,50.054,-93.739,-0.067037,0.994907,0.075269,-0.997461,-0.065009,-0.029075,-0.024034,-0.077027,0.996739,0,0.85083,-0.06369,51.050,-0.127,925.000,375.000,-1,400.000,-1,300.000,325.000,325.000,325.000,-1,-1,-1,-1,650.000,750.000,-1,-1,1,0,2,0,2,0,0,0,0,2,2,2,2,0,0,2,2
124,3629.165,5526.279,48.787,-93.832,-0.068602,0.994943,0.073363,-0.997357,-0.066634,-0.028954,-0.023919,-0.075155,0.996885,0,0.84642,-0.04650,50.785,-0.093,925.000,375.000,-1,400.000,-1,300.000,325.000,325.000,325.000,-1,-1,-1,-1,625.000,725.000,-1,-1,1,0,2,0,2,0,0,0,0,2,2,2,2,0,0,2,2
125,3625.551,5476.670,47.551,-94.165,-0.074328,0.994668,0.071494,-0.996956,-0.072424,-0.028856,-0.023524,-0.073421,0.997024,0,0.82901,-0.16650,49.740,-0.333,950.000,375.000,-1,400.000,-1,300.000,325.000,325.000,325.000,-1,-1,-1,-1,625.000,725.000,1000.000,-1,1,0,2,0,2,0,0,0,0,2,2,2,2,0,0,0,2
126,3621.475,5427.508,46.340,-94.738,-0.084210,0.994012,0.069635,-0.996185,-0.082378,-0.028786,-0.022877,-0.071793,0.997157,0,0.82217,-0.28650,49.330,-0.573,925.000,350.000,-1,400.000,-1,300.000,325.000,325.000,325.000,-1,-1,-1,-1,625.000,700.000,975.000,-1,1,0,2,0,2,0,0,0,0,2,2,2,2,0,0,0,2
127,3616.833,5378.917,45.164,-95.455,-0.096585,0.993014,0.067784,-0.995079,-0.094824,-0.028746,-0.022118,-0.070227,0.997286,0,0.81353,-0.35858,48.812,-0.717,900.000,350.000,-1,375.000,-1,300.000,300.000,325.000,325.000,-1,-1,-1,-1,600.000,700.000,925.000,-1,0,0,2,0,2,0,0,0,0,2,2,2,2,0,0,0,2
128,3611.658,5330.985,44.025,-96.161,-0.108767,0.991878,0.065940,-0.993836,-0.107072,-0.028735,-0.021441,-0.068659,0.997410,0,0.80349,-0.35324,48.210,-0.706,875.000,350.000,-1,375.000,-1,300.000,300.000,300.000,325.000,-1,-1,-1,-1,600.000,675.000,900.000,-1,0,0,2,0,2,0,0,0,0,2,2,2,2,0,0,0,2
129,3605.975,5283.756,42.932,-96.859,-0.120792,0.990609,0.064057,-0.992458,-0.119156,-0.028780,-0.020877,-0.067051,0.997531,0,0.79283,-0.34888,47.570,-0.698,850.000,350.000,-1,375.000,-1,300.000,300.000,300.000,325.000,-1,-1,-1,-1,600.000,675.000,875.000,-1,0,0,2,0,2,0,0,0,0,2,2,2,2,0,0,0,2
130,3599.809,5237.261,42.347,-97.550,-0.132585,0.989329,0.060404,-0.990983,-0.131125,-0.027547,-0.019332,-0.063511,0.997794,0,0.78170,-0.34551,46.902,-0.691,850.000,350.000,-1,375.000,-1,300.000,300.000,325.000,325.000,-1,-1,-1,-1,600.000,675.000,850.000,-1,0,0,2,0,2,0,0,0,0,2,2,2,2,0,0,0,2
131,3593.186,5191.524,42.076,-98.236,-0.144245,0.987880,0.057326,-0.989398,-0.142992,-0.025415,-0.016910,-0.060384,0.998032,0,0.77023,-0.34310,46.214,-0.686,850.000,350.000,-1,375.000,-1,300.000,300.000,325.000,325.000,-1,-1,-1,-1,600.000,675.000,875.000,-1,0,0,2,0,2,0,0,0,0,2,2,2,2,0,0,0,2
132,3586.127,5146.558,42.213,-98.919,-0.155808,0.986200,0.055977,-0.987697,-0.154776,-0.022349,-0.013377,-0.058770,0.998182,0,0.75860,-0.34162,45.516,-0.683,850.000,350.000,-1,375.000,-1,300.000,300.000,325.000,325.000,-1,-1,-1,-1,600.000,675.000,900.000,-1,0,0,2,0,2,0,0,0,0,2,2,2,2,0,0,0,2
133,3578.651,5102.370,42.362,-99.601,-0.167346,0.984377,0.054748,-0.985848,-0.166520,-0.019344,-0.009925,-0.057210,0.998313,0,0.74693,-0.34104,44.816,-0.682,875.000,350.000,-1,375.000,-1,300.000,300.000,325.000,325.000,-1,-1,-1,-1,600.000,675.000,925.000,-1,0,0,2,0,2,0,0,0,0,2,2,2,2,0,0,0,2
