timestep,x_cm,y_cm,z_cm,yaw_deg,basis_xx,basis_xy,basis_xz,basis_yx,basis_yy,basis_yz,basis_zx,basis_zy,basis_zz,teleport_flag,throttle_cmd,steering_cmd,cmd_move_cm,cmd_turn_deg,lidar_cm_0,lidar_cm_1,lidar_cm_2,lidar_cm_3,lidar_cm_4,lidar_cm_5,lidar_cm_6,lidar_cm_7,lidar_cm_8,lidar_cm_9,lidar_cm_10,lidar_cm_11,lidar_cm_12,lidar_cm_13,lidar_cm_14,lidar_cm_15,lidar_cm_16,lidar_class_0,lidar_class_1,lidar_class_2,lidar_class_3,lidar_class_4,lidar_class_5,lidar_class_6,lidar_class_7,lidar_class_8,lidar_class_9,lidar_class_10,lidar_class_11,lidar_class_12,lidar_class_13,lidar_class_14,lidar_class_15,lidar_class_16
0,8858.628,-6234.604,-282.911,-42.938,0.726982,0.679882,0.096213,-0.682722,0.730664,-0.004552,-0.073395,-0.062378,0.995350,1,0.08000,-0.12000,4.800,-0.240,825.000,375.000,-1,375.000,-1,300.000,300.000,300.000,300.000,-1,500.000,450.000,-1,625.000,675.000,875.000,-1,0,0,2,0,2,0,0,0,0,2,0,0,2,0,0,0,2
1,8865.601,-6241.202,-283.642,-43.418,0.721307,0.685952,0.095844,-0.688827,0.724914,-0.004176,-0.072343,-0.063007,0.995388,0,0.16000,-0.24000,9.600,-0.480,825.000,375.000,-1,375.000,-1,300.000,300.000,300.000,300.000,-1,475.000,450.000,-1,625.000,675.000,875.000,-1,0,0,2,0,2,0,0,0,0,2,0,0,2,0,0,0,2
2,8875.949,-6251.217,-284.724,-44.067,0.713560,0.694082,0.095299,-0.697004,0.717059,-0.003610,-0.070841,-0.063848,0.995442,0,0.24000,-0.32452,14.400,-0.649,800.000,375.000,-1,375.000,-1,300.000,300.000,300.000,300.000,-1,475.000,450.000,-1,625.000,675.000,875.000,-1,0,0,2,0,2,0,0,0,0,2,0,0,2,0,0,0,2
3,8889.593,-6264.726,-286.142,-44.716,0.705746,0.702123,0.094585,-0.705090,0.709112,-0.002854,-0.069075,-0.064677,0.995513,0,0.32000,-0.32452,19.200,-0.649,800.000,375.000,-1,375.000,-1,300.000,300.000,300.000,300.000,-1,450.000,425.000,-1,625.000,675.000,875.000,-1,0,0,2,0,2,0,0,0,0,2,0,0,2,0,0,0,2
4,8906.455,-6281.804,-287.750,-45.365,0.697850,0.710098,0.093624,-0.713057,0.701102,-0.002609,-0.067493,-0.064938,0.995604,0,0.40000,-0.32452,24.000,-0.649,800.000,375.000,-1,375.000,-1,300.000,300.000,300.000,300.000,-1,475.000,425.000,-1,625.000,675.000,875.000,-1,0,0,2,0,2,0,0,0,0,2,0,0,2,0,0,0,2
5,8926.456,-6302.527,-289.597,-46.014,0.689869,0.717986,0.092610,-0.720929,0.693005,-0.002383,-0.065890,-0.065121,0.995700,0,0.48000,-0.32452,28.800,-0.649,800.000,375.000,-1,375.000,-1,300.000,300.000,300.000,300.000,-1,475.000,425.000,-1,625.000,675.000,875.000,-1,0,0,2,0,2,0,0,0,0,2,0,0,2,0,0,0,2
6,8949.515,-6326.965,-291.702,-46.663,0.681809,0.725782,0.091528,-0.728710,0.684819,-0.002066,-0.064180,-0.065289,0.995800,0,0.56000,-0.32452,33.600,-0.649,775.000,375.000,-1,375.000,-1,300.000,300.000,300.000,300.000,-1,500.000,450.000,-1,600.000,675.000,850.000,-1,0,0,2,0,2,0,0,0,0,2,0,0,2,0,0,0,2
7,8975.550,-6355.192,-294.067,-47.312,0.673675,0.733488,0.090318,-0.736395,0.676550,-0.001661,-0.062323,-0.065391,0.995912,0,0.64000,-0.32452,38.400,-0.649,775.000,375.000,-1,375.000,-1,300.000,325.000,300.000,300.000,-1,500.000,450.000,-1,600.000,675.000,850.000,-1,0,0,2,0,2,0,0,0,0,2,0,0,2,0,0,0,2
8,9004.478,-6387.277,-296.680,-47.961,0.665469,0.741103,0.088983,-0.743984,0.668196,-0.001164,-0.060321,-0.065427,0.996032,0,0.72000,-0.32452,43.200,-0.649,775.000,375.000,-1,375.000,-1,300.000,325.000,300.000,300.000,-1,525.000,475.000,-1,600.000,675.000,850.000,-1,0,0,2,0,2,0,0,0,0,2,0,0,2,0,0,0,2
9,9036.214,-6423.288,-299.528,-48.610,0.657189,0.748626,0.087532,-0.751477,0.659759,-0.000573,-0.058179,-0.065402,0.996162,0,0.80000,-0.32452,48.000,-0.649,750.000,375.000,-1,375.000,-1,300.000,300.000,300.000,300.000,-1,525.000,475.000,-1,600.000,675.000,825.000,-1,0,0,2,0,2,0,0,0,0,2,0,0,2,0,0,0,2
10,9070.673,-6463.294,-302.597,-49.260,0.648837,0.756055,0.085971,-0.758872,0.651240,0.000117,-0.055899,-0.065317,0.996298,0,0.88000,-0.32452,52.800,-0.649,750.000,350.000,-1,375.000,-1,300.000,300.000,300.000,300.000,-1,550.000,475.000,-1,600.000,675.000,800.000,-1,0,0,2,0,2,0,0,0,0,2,0,0,2,0,0,0,2
11,9105.839,-6505.069,-305.359,-49.909,0.640497,0.763395,0.083615,-0.766164,0.642643,0.001618,-0.052500,-0.065099,0.996497,0,0.91011,-0.32452,54.607,-0.649,750.000,350.000,-1,375.000,-1,300.000,300.000,300.000,300.000,-1,550.000,475.000,-1,575.000,675.000,800.000,-1,0,0,2,0,2,0,0,0,0,2,0,0,2,0,0,0,2
12,9140.529,-6547.241,-307.545,-50.558,0.632238,0.770692,0.079428,-0.773317,0.634009,0.003713,-0.047496,-0.063770,0.996834,0,0.91011,-0.32452,54.607,-0.649,750.000,350.000,-1,375.000,-1,300.000,325.000,300.000,300.000,-1,525.000,450.000,-1,600.000,675.000,825.000,-1,0,0,2,0,2,0,0,0,0,2,0,0,2,0,0,0,2
13,9174.739,-6589.803,-309.677,-51.207,0.623867,0.777886,0.075380,-0.780371,0.625288,0.005901,-0.042544,-0.062505,0.997137,0,0.91011,-0.32452,54.607,-0.649,775.000,350.000,-1,375.000,-1,300.000,325.000,300.000,300.000,-1,500.000,425.000,-1,600.000,675.000,850.000,-1,0,0,2,0,2,0,0,0,0,2,0,0,2,0,0,0,2
14,9208.465,-6632.750,-311.756,-51.856,0.615387,0.784978,0.071474,-0.787326,0.616483,0.008176,-0.037644,-0.061305,0.997409,0,0.91011,-0.32452,54.607,-0.649,775.000,350.000,-1,375.000,-1,300.000,325.000,300.000,300.000,-1,475.000,400.000,-1,600.000,675.000,850.000,-1,0,0,2,0,2,0,0,0,0,2,0,0,2,0,0,0,2
15,9241.702,-6676.076,-313.712,-52.505,0.606791,0.791979,0.067627,-0.794175,0.607604,0.010189,-0.033021,-0.059890,0.997659,0,0.91011,-0.32452,54.607,-0.649,775.000,350.000,-1,400.000,-1,300.000,325.000,300.000,300.000,-1,475.000,400.000,-1,600.000,675.000,850.000,-1,0,0,2,0,2,0,0,0,0,2,0,0,2,0,0,0,2
16,9274.447,-6719.775,-315.332,-53.154,0.598021,0.798843,0.064968,-0.800945,0.598617,0.012020,-0.029289,-0.059224,0.997815,0,0.91011,-0.32452,54.607,-0.649,775.000,350.000,-1,400.000,-1,300.000,325.000,275.000,300.000,-1,475.000,400.000,-1,600.000,675.000,850.000,-1,0,0,2,0,2,0,0,0,0,2,0,0,2,0,0,0,2
17,9304.029,-6759.845,-316.752,-53.563,0.592503,0.803128,0.062648,-0.805143,0.592923,0.013680,-0.026159,-0.058546,0.997942,0,0.83011,-0.20452,49.807,-0.409,775.000,350.000,-1,400.000,-1,300.000,325.000,275.000,300.000,-1,450.000,425.000,-1,600.000,675.000,850.000,-1,0,0,2,0,2,0,0,0,0,2,0,0,2,0,0,0,2
18,9332.253,-6798.316,-318.007,-53.732,0.590333,0.804928,0.059983,-0.806828,0.590590,0.015243,-0.023156,-0.057395,0.998083,0,0.79523,-0.08452,47.714,-0.169,775.000,350.000,-1,400.000,-1,300.000,325.000,275.000,300.000,-1,425.000,400.000,-1,600.000,675.000,875.000,-1,0,0,2,0,2,0,0,0,0,2,0,0,2,0,0,0,2
19,9360.525,-6836.751,-319.098,-53.661,0.591553,0.804285,0.056489,-0.806019,0.591652,0.016762,-0.019940,-0.055447,0.998263,0,0.79523,0.03548,47.714,0.071,775.000,350.000,-1,375.000,-1,300.000,325.000,275.000,300.000,-1,400.000,375.000,-1,625.000,675.000,875.000,-1,0,0,2,0,2,0,0,0,0,2,0,0,2,0,0,0,2
20,9389.005,-6875.033,-320.195,-53.350,0.596111,0.801154,0.052957,-0.802722,0.596077,0.018161,-0.017017,-0.053336,0.998432,0,0.79523,0.15548,47.714,0.311,800.000,350.000,-1,375.000,-1,300.000,300.000,275.000,300.000,-1,375.000,325.000,-1,625.000,675.000,900.000,-1,0,0,2,0,2,0,0,0,0,2,0,0,2,0,0,0,2
21,9417.851,-6913.038,-321.311,-52.799,0.603965,0.795480,0.049367,-0.796881,0.603825,0.019396,-0.014380,-0.051054,0.998592,0,0.79523,0.27548,47.714,0.551,800.000,350.000,-1,375.000,-1,300.000,300.000,275.000,300.000,-1,350.000,300.000,-1,625.000,650.000,900.000,-1,0,0,2,0,2,0,0,0,0,2,0,0,2,0,0,0,2
22,9447.220,-6950.642,-322.457,-52.008,0.615046,0.787166,0.045700,-0.788400,0.614824,0.020421,-0.012023,-0.048589,0.998746,0,0.79523,0.39548,47.714,0.791,825.000,350.000,-1,375.000,-1,300.000,300.000,275.000,275.000,-1,325.000,275.000,-1,625.000,650.000,925.000,-1,0,0,2,0,2,0,0,0,0,2,0,0,2,0,0,0,2
23,9477.260,-6987.712,-323.605,-50.977,0.629239,0.776068,0.042145,-0.777147,0.628963,0.021188,-0.010064,-0.046085,0.998887,0,0.79523,0.51548,47.714,1.031,825.000,350.000,-1,375.000,-1,300.000,300.000,275.000,275.000,-1,300.000,250.000,-1,625.000,650.000,925.000,-1,0,0,2,0,2,0,0,0,0,2,0,0,2,0,0,0,2
24,9508.117,-7024.105,-324.192,-49.706,0.646403,0.761942,0.040093,-0.762952,0.646035,0.023297,-0.008151,-0.045648,0.998924,0,0.79523,0.63548,47.714,1.271,825.000,350.000,-1,375.000,-1,300.000,300.000,275.000,275.000,-1,300.000,250.000,-1,625.000,650.000,925.000,-1,0,0,2,0,2,0,0,0,0,2,0,0,2,0,0,0,2
25,9539.922,-7059.671,-324.193,-48.195,0.666369,0.744657,0.037933,-0.745595,0.665914,0.025414,-0.006335,-0.045218,0.998957,0,0.79523,0.75548,47.714,1.511,825.000,350.000,-1,375.000,-1,300.000,300.000,275.000,300.000,-1,300.000,250.000,-1,625.000,650.000,925.000,-1,0,0,2,0,2,0,0,0,0,2,0,0,2,0,0,0,2
26,9572.799,-7094.250,-324.180,-46.444,0.688897,0.723985,0.035579,-0.724843,0.688379,0.027154,-0.004833,-0.044495,0.998998,0,0.79523,0.87548,47.714,1.751,850.000,375.000,-1,375.000,-1,300.000,300.000,300.000,300.000,-1,325.000,275.000,-1,625.000,650.000,925.000,-1,0,0,2,0,2,0,0,0,0,2,0,0,2,0,0,0,2
27,9606.775,-7127.748,-324.227,-44.593,0.712002,0.701399,0.033058,-0.702170,0.711429,0.028751,-0.003352,-0.043683,0.999040,0,0.79523,0.92545,47.714,1.851,850.000,375.000,-1,375.000,-1,300.000,300.000,300.000,300.000,-1,325.000,275.000,-1,625.000,650.000,950.000,-1,0,0,2,0,2,0,0,0,0,2,0,0,2,0,0,0,2
28,9641.816,-7160.132,-324.211,-42.742,0.734369,0.678069,0.030408,-0.678749,0.733727,0.030740,-0.001467,-0.043214,0.999065,0,0.79523,0.92545,47.714,1.851,850.000,375.000,-1,375.000,-1,300.000,300.000,300.000,300.000,-1,325.000,300.000,-1,600.000,650.000,950.000,-1,0,0,2,0,2,0,0,0,0,2,0,0,2,0,0,0,2
29,9677.885,-7191.366,-324.175,-40.891,0.755970,0.654025,0.027579,-0.654606,0.755254,0.032894,0.000684,-0.042921,0.999078,0,0.79523,0.92545,47.714,1.851,875.000,350.000,-1,375.000,-1,300.000,300.000,300.000,300.000,-1,325.000,300.000,-1,625.000,675.000,975.000,-1,0,0,2,0,2,0,0,0,0,2,0,0,2,0,0,0,2
30,9714.943,-7221.420,-324.213,-39.041,0.776772,0.629303,0.024548,-0.629775,0.776000,0.034758,0.002824,-0.042458,0.999094,0,0.79523,0.92545,47.714,1.851,875.000,350.000,-1,375.000,-1,300.000,300.000,300.000,300.000,-1,325.000,300.000,-1,625.000,650.000,975.000,-1,0,0,2,0,2,0,0,0,0,2,0,0,2,0,0,0,2
31,9752.953,-7250.261,-324.239,-37.190,0.796759,0.603936,0.020904,-0.604275,0.795953,0.036207,0.005228,-0.041480,0.999126,0,0.79523,0.92545,47.714,1.851,900.000,350.000,-1,375.000,-1,300.000,300.000,300.000,300.000,-1,325.000,300.000,-1,625.000,650.000,1000.000,-1,0,0,2,0,2,0,0,0,0,2,0,0,2,0,0,0,2
32,9791.874,-7277.860,-324.026,-35.339,0.815911,0.577969,0.015528,-0.578113,0.815124,0.036857,0.008645,-0.039049,0.999200,0,0.79523,0.92545,47.714,1.851,950.000,375.000,-1,375.000,-1,300.000,300.000,300.000,325.000,-1,325.000,275.000,-1,625.000,650.000,-1,-1,0,0,2,0,2,0,0,0,0,2,0,0,2,0,0,2,2
33,9831.667,-7304.188,-323.791,-33.488,0.834179,0.551402,0.010085,-0.551369,0.833460,0.036570,0.011760,-0.036067,0.999280,0,0.79523,0.92545,47.714,1.851,-1,375.000,-1,375.000,-1,300.000,300.000,300.000,300.000,-1,325.000,275.000,-1,625.000,650.000,-1,-1,2,0,2,0,2,0,0,0,0,2,0,0,2,0,0,2,2
34,9872.289,-7329.217,-323.541,-31.637,0.851547,0.524258,0.004647,-0.524075,0.850937,0.035384,0.014597,-0.032567,0.999363,0,0.79523,0.92545,47.714,1.851,-1,375.000,-1,375.000,-1,300.000,300.000,300.000,300.000,-1,325.000,250.000,-1,650.000,650.000,-1,-1,2,0,2,0,2,0,0,0,0,2,0,0,2,0,0,2,2
35,9913.698,-7352.921,-323.311,-29.786,0.868006,0.496553,-0.000540,-0.496253,0.867518,0.033854,0.017279,-0.029118,0.999427,0,0.79523,0.92545,47.714,1.851,-1,375.000,-1,375.000,-1,300.000,300.000,300.000,300.000,-1,325.000,250.000,975.000,650.000,650.000,-1,-1,2,0,2,0,2,0,0,0,0,2,0,0,0,0,0,2,2
36,9960.033,-7377.633,-322.358,-28.072,0.882448,0.470401,-0.002914,-0.470058,0.882010,0.033223,0.018198,-0.027948,0.999444,0,0.87523,0.85692,52.514,1.714,-1,375.000,-1,375.000,-1,300.000,300.000,300.000,275.000,-1,350.000,300.000,975.000,650.000,650.000,-1,-1,2,0,2,0,2,0,0,0,0,2,0,0,0,0,0,2,2
37,10007.704,-7401.254,-321.201,-26.358,0.896101,0.443816,-0.005550,-0.443406,0.895692,0.033563,0.019867,-0.027614,0.999421,0,0.88669,0.85692,53.202,1.714,-1,375.000,-1,375.000,-1,300.000,300.000,300.000,275.000,-1,375.000,325.000,1000.000,650.000,650.000,-1,-1,2,0,2,0,2,0,0,0,0,2,0,0,0,0,0,2,2
38,10056.059,-7423.438,-319.714,-24.645,0.908949,0.416817,-0.008669,-0.416290,0.908539,0.035494,0.022671,-0.028653,0.999332,0,0.88669,0.85692,53.202,1.714,-1,375.000,-1,375.000,-1,300.000,300.000,300.000,300.000,-1,400.000,350.000,-1,675.000,650.000,-1,-1,2,0,2,0,2,0,0,0,0,2,0,0,2,0,0,2,2
39,10105.057,-7444.167,-318.273,-22.931,0.920973,0.389446,-0.011858,-0.388798,0.920571,0.037217,0.025410,-0.029665,0.999237,0,0.88669,0.85692,53.202,1.714,-1,375.000,-1,375.000,-1,300.000,300.000,300.000,300.000,-1,400.000,350.000,-1,675.000,675.000,-1,-1,2,0,2,0,2,0,0,0,0,2,0,0,2,0,0,2,2
40,10154.653,-7463.420,-316.680,-21.217,0.932177,0.361721,-0.014299,-0.360957,0.931758,0.039200,0.027503,-0.031380,0.999129,0,0.88669,0.85692,53.202,1.714,-1,375.000,-1,375.000,-1,325.000,300.000,300.000,300.000,-1,425.000,375.000,-1,675.000,675.000,-1,-1,2,0,2,0,2,0,0,0,0,2,0,0,2,0,0,2,2
41,10204.802,-7481.181,-315.161,-19.503,0.942536,0.333675,-0.016923,-0.332790,0.942111,0.040955,0.029609,-0.032970,0.999018,0,0.88669,0.85692,53.202,1.714,-1,375.000,-1,375.000,-1,325.000,300.000,300.000,300.000,-1,400.000,400.000,-1,675.000,675.000,-1,-1,2,0,2,0,2,0,0,0,0,2,0,0,2,0,0,2,2
42,10255.460,-7497.435,-313.716,-17.789,0.952041,0.305334,-0.019716,-0.304321,0.951622,0.042471,0.031730,-0.034434,0.998903,0,0.88669,0.85692,53.202,1.714,-1,375.000,-1,375.000,-1,325.000,325.000,300.000,300.000,-1,375.000,375.000,-1,675.000,700.000,-1,-1,2,0,2,0,2,0,0,0,0,2,0,0,2,0,0,2,2
43,10306.581,-7512.166,-312.345,-16.075,0.960682,0.276724,-0.022660,-0.275577,0.960283,0.043738,0.033864,-0.035773,0.998786,0,0.88669,0.85692,53.202,1.714,-1,375.000,-1,375.000,-1,325.000,325.000,300.000,300.000,-1,350.000,375.000,-1,700.000,700.000,-1,-1,2,0,2,0,2,0,0,0,0,2,0,0,2,0,0,2,2
44,10358.121,-7525.362,-311.050,-14.361,0.968452,0.247869,-0.025741,-0.246586,0.968087,0.044747,0.036011,-0.036987,0.998667,0,0.88669,0.85692,53.202,1.714,-1,375.000,-1,375.000,-1,325.000,325.000,300.000,300.000,-1,325.000,350.000,-1,700.000,700.000,-1,-1,2,0,2,0,2,0,0,0,0,2,0,0,2,0,0,2,2
45,10410.031,-7537.010,-309.829,-12.648,0.975341,0.218796,-0.028942,-0.217376,0.975027,0.045489,0.038173,-0.038076,0.998545,0,0.88669,0.85692,53.202,1.714,-1,375.000,-1,375.000,-1,325.000,325.000,300.000,300.000,-1,300.000,325.000,-1,700.000,700.000,-1,-1,2,0,2,0,2,0,0,0,0,2,0,0,2,0,0,2,2
46,10462.267,-7547.102,-308.307,-10.934,0.981366,0.189541,-0.031553,-0.188077,0.981156,0.044274,0.039350,-0.037515,0.998521,0,0.88669,0.85692,53.202,1.714,-1,375.000,-1,375.000,-1,325.000,325.000,300.000,300.000,-1,325.000,325.000,-1,700.000,725.000,-1,-1,2,0,2,0,2,0,0,0,0,2,0,0,2,0,0,2,2
47,10514.781,-7555.626,-306.626,-9.220,0.986499,0.160122,-0.034350,-0.158654,0.986445,0.041890,0.040592,-0.035874,0.998532,0,0.88669,0.85692,53.202,1.714,-1,375.000,-1,375.000,-1,325.000,325.000,300.000,300.000,-1,325.000,350.000,-1,700.000,725.000,-1,-1,2,0,2,0,2,0,0,0,0,2,0,0,2,0,0,2,2
48,10567.527,-7562.576,-304.324,-7.506,0.990810,0.130544,-0.035417,-0.129051,0.990765,0.041598,0.040520,-0.036645,0.998507,0,0.88669,0.85692,53.202,1.714,-1,375.000,-1,375.000,-1,325.000,325.000,300.000,300.000,-1,375.000,400.000,-1,700.000,725.000,-1,-1,2,0,2,0,2,0,0,0,0,2,0,0,2,0,0,2,2
49,10620.457,-7567.945,-301.916,-5.792,0.994233,0.100849,-0.036472,-0.099310,0.994178,0.041800,0.040476,-0.037937,0.998460,0,0.88669,0.85692,53.202,1.714,-1,375.000,-1,375.000,-1,325.000,325.000,300.000,300.000,-1,425.000,425.000,-1,700.000,725.000,-1,-1,2,0,2,0,2,0,0,0,0,2,0,0,2,0,0,2,2
50,10673.524,-7571.728,-299.577,-4.078,0.996764,0.071067,-0.037572,-0.069485,0.996705,0.041853,0.040422,-0.039107,0.998417,0,0.88669,0.85692,53.202,1.714,-1,375.000,-1,375.000,-1,325.000,325.000,300.000,300.000,-1,450.000,475.000,-1,700.000,725.000,-1,-1,2,0,2,0,2,0,0,0,0,2,0,0,2,0,0,2,2
51,10726.680,-7573.922,-297.308,-2.365,0.998400,0.041224,-0.038705,-0.039603,0.998343,0.041756,0.040362,-0.040156,0.998378,0,0.88669,0.85692,53.202,1.714,-1,375.000,-1,400.000,-1,325.000,325.000,300.000,300.000,-1,500.000,500.000,-1,700.000,725.000,-1,-1,2,0,2,0,2,0,0,0,0,2,0,0,2,0,0,2,2
52,10779.878,-7574.526,-295.108,-0.651,0.999141,0.011347,-0.039861,-0.009690,0.999091,0.041507,0.040295,-0.041085,0.998343,0,0.88669,0.85692,53.202,1.714,-1,375.000,-1,400.000,-1,325.000,325.000,300.000,300.000,-1,525.000,525.000,-1,700.000,700.000,-1,-1,2,0,2,0,2,0,0,0,0,2,0,0,2,0,0,2,2
53,10833.070,-7573.538,-292.978,1.063,0.998986,-0.018538,-0.041028,0.020226,0.998950,0.041108,0.040223,-0.041896,0.998312,0,0.88669,0.85692,53.202,1.714,-1,375.000,-1,400.000,-1,325.000,325.000,300.000,300.000,-1,575.000,550.000,-1,675.000,700.000,-1,-1,2,0,2,0,2,0,0,0,0,2,0,0,2,0,0,2,2
54,10886.209,-7570.961,-290.919,2.777,0.997936,-0.048405,-0.042197,0.050119,0.997919,0.040558,0.040146,-0.042589,0.998286,0,0.88669,0.85692,53.202,1.714,-1,375.000,-1,400.000,-1,325.000,325.000,300.000,300.000,-1,600.000,575.000,-1,675.000,700.000,-1,-1,2,0,2,0,2,0,0,0,0,2,0,0,2,0,0,2,2
55,10939.247,-7566.795,-288.930,4.491,0.995992,-0.078227,-0.043356,0.079963,0.996001,0.039859,0.040065,-0.043166,0.998264,0,0.88669,0.85692,53.202,1.714,-1,375.000,-1,375.000,-1,325.000,325.000,300.000,300.000,-1,625.000,600.000,-1,675.000,700.000,-1,-1,2,0,2,0,2,0,0,0,0,2,0,0,2,0,0,2,2
56,10992.137,-7561.044,-287.011,6.205,0.993157,-0.107978,-0.044495,0.109730,0.993196,0.039013,0.039980,-0.043628,0.998248,0,0.88669,0.85692,53.202,1.714,-1,375.000,-1,375.000,-1,325.000,325.000,300.000,300.000,-1,650.000,625.000,-1,675.000,700.000,-1,-1,2,0,2,0,2,0,0,0,0,2,0,0,2,0,0,2,2
57,11044.831,-7553.715,-285.164,7.919,0.989433,-0.137632,-0.045603,0.139395,0.989507,0.038022,0.039891,-0.043977,0.998236,0,0.88669,0.85692,53.202,1.714,-1,375.000,-1,375.000,-1,325.000,325.000,300.000,300.000,-1,675.000,650.000,-1,675.000,700.000,-1,-1,2,0,2,0,2,0,0,0,0,2,0,0,2,0,0,2,2
58,11097.282,-7544.813,-283.387,9.632,0.984824,-0.167163,-0.046669,0.168930,0.984937,0.036890,0.039799,-0.044214,0.998229,0,0.88669,0.85692,53.202,1.714,-1,375.000,-1,375.000,-1,300.000,325.000,300.000,300.000,-1,700.000,675.000,-1,675.000,700.000,-1,-1,2,0,2,0,2,0,0,0,0,2,0,0,2,0,0,2,2
59,11149.444,-7534.345,-281.282,11.346,0.979328,-0.196531,-0.047879,0.198364,0.979427,0.037083,0.039606,-0.045814,0.998165,0,0.88669,0.85692,53.202,1.714,-1,375.000,-1,375.000,-1,300.000,325.000,300.000,300.000,-1,725.000,675.000,-1,675.000,700.000,-1,-1,2,0,2,0,2,0,0,0,0,2,0,0,2,0,0,2,2
60,11201.303,-7522.313,-279.129,13.062,0.972933,-0.225746,-0.049398,0.227664,0.973023,0.037356,0.039632,-0.047591,0.998080,0,0.88728,0.85779,53.237,1.716,-1,375.000,-1,375.000,-1,300.000,325.000,300.000,300.000,-1,750.000,650.000,-1,675.000,700.000,-1,-1,2,0,2,0,2,0,0,0,0,2,0,0,2,0,0,2,2
61,11248.188,-7510.154,-277.021,14.537,0.966744,-0.250720,-0.050455,0.252665,0.966858,0.036699,0.039581,-0.048227,0.998052,0,0.80728,0.73779,48.437,1.476,-1,375.000,-1,375.000,-1,300.000,300.000,300.000,300.000,-1,725.000,650.000,-1,675.000,700.000,-1,-1,2,0,2,0,2,0,0,0,0,2,0,0,2,0,0,2,2
62,11290.182,-7498.292,-275.063,15.773,0.961052,-0.271510,-0.051587,0.273467,0.961224,0.035546,0.039935,-0.048269,0.998036,0,0.72728,0.61779,43.637,1.236,-1,375.000,-1,375.000,-1,300.000,300.000,300.000,300.000,-1,700.000,625.000,-1,675.000,675.000,-1,-1,2,0,2,0,2,0,0,0,0,2,0,0,2,0,0,2,2
63,11331.015,-7485.989,-273.175,16.769,0.956129,-0.288173,-0.052664,0.290136,0.956370,0.034323,0.040475,-0.048097,0.998022,0,0.71077,0.49779,42.646,0.996,-1,375.000,-1,375.000,-1,300.000,300.000,300.000,300.000,-1,700.000,625.000,-1,675.000,675.000,-1,-1,2,0,2,0,2,0,0,0,0,2,0,0,2,0,0,2,2
64,11371.814,-7473.106,-271.294,17.524,0.952184,-0.300765,-0.053727,0.302729,0.952505,0.033015,0.041245,-0.047701,0.998010,0,0.71308,0.37779,42.785,0.756,-1,375.000,-1,375.000,-1,300.000,300.000,300.000,300.000,-1,675.000,600.000,-1,675.000,675.000,-1,-1,2,0,2,0,2,0,0,0,0,2,0,0,2,0,0,2,2
65,11412.625,-7459.815,-269.410,18.040,0.949374,-0.309333,-0.054787,0.311294,0.949787,0.031642,0.042248,-0.047095,0.997997,0,0.71534,0.25779,42.920,0.516,-1,375.000,-1,375.000,-1,300.000,300.000,300.000,300.000,-1,675.000,600.000,-1,650.000,675.000,-1,-1,2,0,2,0,2,0,0,0,0,2,0,0,2,0,0,2,2
66,11453.493,-7446.288,-267.513,18.315,0.947808,-0.313910,-0.055859,0.315862,0.948324,0.030224,0.043485,-0.046290,0.997981,0,0.71748,0.13779,43.049,0.276,-1,375.000,-1,375.000,-1,300.000,300.000,300.000,300.000,-1,675.000,600.000,-1,650.000,650.000,-1,-1,2,0,2,0,2,0,0,0,0,2,0,0,2,0,0,2,2
67,11494.451,-7432.656,-265.598,18.409,0.947225,-0.315469,-0.056952,0.317408,0.947852,0.028780,0.044902,-0.045338,0.997962,0,0.71945,0.04669,43.167,0.093,-1,375.000,-1,375.000,-1,300.000,300.000,300.000,300.000,-1,675.000,600.000,-1,650.000,650.000,-1,-1,2,0,2,0,2,0,0,0,0,2,0,0,2,0,0,2,2
68,11535.487,-7418.919,-263.672,18.509,0.946598,-0.317147,-0.058048,0.319071,0.947337,0.027326,0.046325,-0.044388,0.997940,0,0.72123,0.05034,43.274,0.101,-1,375.000,-1,375.000,-1,300.000,300.000,300.000,300.000,-1,675.000,600.000,-1,650.000,650.000,-1,-1,2,0,2,0,2,0,0,0,0,2,0,0,2,0,0,2,2
69,11576.590,-7405.073,-261.669,18.618,0.945909,-0.318944,-0.059414,0.320868,0.946766,0.026033,0.047949,-0.043689,0.997894,0,0.72287,0.05406,43.372,0.108,-1,375.000,-1,375.000,-1,300.000,300.000,300.000,300.000,-1,650.000,575.000,-1,650.000,650.000,-1,-1,2,0,2,0,2,0,0,0,0,2,0,0,2,0,0,2,2
70,11617.750,-7391.115,-259.621,18.733,0.945164,-0.320863,-0.060921,0.322795,0.946144,0.024815,0.049677,-0.043119,0.997834,0,0.72437,0.05783,43.462,0.116,-1,375.000,-1,375.000,-1,300.000,300.000,300.000,300.000,-1,650.000,575.000,-1,625.000,625.000,-1,-1,2,0,2,0,2,0,0,0,0,2,0,0,2,0,0,2,2
71,11658.957,-7377.042,-257.563,18.857,0.944369,-0.322906,-0.062433,0.324843,0.945474,0.023586,0.051412,-0.042555,0.997770,0,0.72573,0.06167,43.544,0.123,-1,375.000,-1,375.000,-1,300.000,300.000,300.000,300.000,-1,650.000,550.000,-1,625.000,625.000,-1,-1,2,0,2,0,2,0,0,0,0,2,0,0,2,0,0,2,2
72,11700.200,-7362.851,-255.495,18.988,0.943523,-0.325077,-0.063950,0.327016,0.944755,0.022345,0.053153,-0.041996,0.997703,0,0.72693,0.06555,43.616,0.131,-1,375.000,-1,350.000,-1,300.000,300.000,300.000,300.000,-1,625.000,525.000,-1,625.000,625.000,-1,-1,2,0,2,0,2,0,0,0,0,2,0,0,2,0,0,2,2
73,11746.011,-7347.186,-252.970,18.879,0.944047,-0.323282,-0.065297,0.325252,0.945374,0.021913,0.054646,-0.041924,0.997625,0,0.80693,-0.05445,48.416,-0.109,-1,375.000,-1,350.000,-1,300.000,300.000,300.000,300.000,-1,650.000,525.000,-1,625.000,625.000,1000.000,-1,2,0,2,0,2,0,0,0,0,2,0,0,2,0,0,0,2
74,11796.406,-7330.088,-249.674,18.741,0.944588,-0.320983,-0.068721,0.323143,0.946077,0.022742,0.057716,-0.043688,0.997377,0,0.88693,-0.06890,53.216,-0.138,-1,350.000,-1,350.000,-1,300.000,300.000,300.000,300.000,-1,600.000,525.000,-1,625.000,625.000,1000.000,-1,2,0,2,0,2,0,0,0,0,2,0,0,2,0,0,0,2
75,11849.528,-7312.196,-246.152,18.613,0.945034,-0.318850,-0.072421,0.321230,0.946704,0.023707,0.061002,-0.045668,0.997092,0,0.93423,-0.06372,56.054,-0.127,1000.000,350.000,-1,350.000,-1,300.000,300.000,300.000,300.000,-1,550.000,500.000,-1,600.000,625.000,1000.000,-1,1,0,2,0,2,0,0,0,0,2,0,0,2,0,0,0,2
76,11902.700,-7294.407,-242.426,18.497,0.945457,-0.316905,-0.075381,0.319452,0.947293,0.024222,0.063732,-0.046982,0.996861,0,0.93447,-0.05822,56.068,-0.116,975.000,350.000,-1,350.000,-1,300.000,300.000,300.000,300.000,-1,525.000,500.000,-1,600.000,625.000,975.000,-1,1,0,2,0,2,0,0,0,0,2,0,0,2,0,0,0,2
77,11955.899,-7276.720,-238.128,18.392,0.945760,-0.315176,-0.078757,0.317749,0.947913,0.022293,0.067628,-0.046109,0.996645,0,0.93437,-0.05269,56.062,-0.105,975.000,350.000,-1,350.000,-1,300.000,300.000,300.000,300.000,-1,475.000,500.000,-1,625.000,650.000,975.000,-1,1,0,2,0,2,0,0,0,0,2,0,0,2,0,0,0,2
78,12009.103,-7259.128,-233.704,18.297,0.945969,-0.313633,-0.082323,0.316199,0.948484,0.019908,0.071839,-0.044863,0.996407,0,0.93394,-0.04714,56.036,-0.094,950.000,350.000,-1,375.000,-1,300.000,300.000,300.000,300.000,-1,450.000,475.000,-1,625.000,650.000,-1,-1,1,0,2,0,2,0,0,0,0,2,0,0,2,0,0,2,2
79,12062.290,-7241.628,-229.232,18.214,0.946097,-0.312273,-0.085943,0.314813,0.948993,0.017439,0.076114,-0.043555,0.996147,0,0.93318,-0.04161,55.991,-0.083,950.000,375.000,-1,375.000,-1,300.000,300.000,300.000,300.000,-1,425.000,450.000,-1,625.000,650.000,-1,-1,1,0,2,0,2,0,0,0,0,2,0,0,2,0,0,2,2
80,12115.437,-7224.214,-224.664,18.142,0.946135,-0.311098,-0.089706,0.313575,0.949451,0.014632,0.080619,-0.041974,0.995861,0,0.93211,-0.03611,55.926,-0.072,925.000,375.000,-1,375.000,-1,300.000,300.000,300.000,300.000,-1,425.000,425.000,-1,625.000,650.000,-1,-1,1,0,2,0,2,0,0,0,0,2,0,0,2,0,0,2,2
81,12168.526,-7206.886,-220.045,18.078,0.946119,-0.310049,-0.093430,0.312457,0.949857,0.011976,0.085032,-0.040524,0.995554,0,0.93074,-0.03220,55.844,-0.064,925.000,375.000,-1,375.000,-1,300.000,300.000,300.000,300.000,-1,400.000,400.000,-1,650.000,675.000,-1,-1,1,0,2,0,2,0,0,0,0,2,0,0,2,0,0,2,2
82,12221.538,-7189.643,-215.315,18.019,0.946074,-0.309086,-0.097008,0.311439,0.950216,0.009750,0.089165,-0.039436,0.995236,0,0.92908,-0.02944,55.745,-0.059,925.000,375.000,-1,375.000,-1,300.000,300.000,300.000,300.000,-1,350.000,350.000,-1,650.000,675.000,-1,-1,1,0,2,0,2,0,0,0,0,2,0,0,2,0,0,2,2
83,12274.456,-7172.486,-210.568,17.965,0.945987,-0.308205,-0.100591,0.310492,0.950546,0.007540,0.093293,-0.038365,0.994899,0,0.92715,-0.02697,55.629,-0.054,900.000,375.000,-1,375.000,-1,300.000,300.000,325.000,300.000,-1,325.000,300.000,-1,650.000,675.000,-1,-1,1,0,2,0,2,0,0,0,0,2,0,0,2,0,0,2,2
84,12327.265,-7155.414,-205.807,17.915,0.945863,-0.307394,-0.104178,0.309603,0.950851,0.005345,0.097415,-0.037310,0.994544,0,0.92498,-0.02480,55.499,-0.050,900.000,375.000,-1,375.000,-1,300.000,300.000,300.000,300.000,-1,300.000,275.000,-1,650.000,675.000,-1,-1,1,0,2,0,2,0,0,0,0,2,0,0,2,0,0,2,2
85,12379.951,-7138.429,-200.870,17.869,0.945736,-0.306637,-0.107502,0.308821,0.951112,0.003879,0.101057,-0.036867,0.994197,0,0.92260,-0.02295,55.356,-0.046,900.000,375.000,-1,375.000,-1,300.000,300.000,300.000,300.000,-1,275.000,275.000,-1,650.000,700.000,-1,-1,1,0,2,0,2,0,0,0,0,2,0,0,2,0,0,2,2
86,12432.503,-7121.529,-195.439,17.826,0.945613,-0.305911,-0.110613,0.308258,0.951293,0.004355,0.103893,-0.038216,0.993854,0,0.92003,-0.02140,55.202,-0.043,900.000,375.000,-1,375.000,-1,300.000,300.000,300.000,300.000,-1,275.000,275.000,-1,650.000,700.000,-1,-1,1,0,2,0,2,0,0,0,0,2,0,0,2,0,0,2,2
87,12484.912,-7104.717,-189.891,17.786,0.945418,-0.305220,-0.114127,0.307784,0.951443,0.005127,0.107021,-0.039974,0.993453,0,0.91730,-0.02017,55.038,-0.040,900.000,375.000,-1,375.000,-1,300.000,325.000,300.000,300.000,-1,275.000,300.000,-1,650.000,725.000,-1,-1,1,0,2,0,2,0,0,0,0,2,0,0,2,0,0,2,2
88,12539.109,-7087.396,-183.948,17.724,0.945403,-0.304170,-0.117018,0.306881,0.951732,0.005451,0.109712,-0.041064,0.993115,0,0.94829,-0.03120,56.897,-0.062,975.000,375.000,-1,375.000,-1,300.000,325.000,300.000,300.000,-1,300.000,300.000,-1,650.000,725.000,-1,-1,1,0,2,0,2,0,0,0,0,2,0,0,2,0,0,2,2
89,12593.271,-7070.137,-177.480,17.675,0.945474,-0.303368,-0.118523,0.305989,0.952026,0.004137,0.111582,-0.040178,0.992943,0,0.94741,-0.02447,56.845,-0.049,-1,375.000,-1,375.000,-1,300.000,325.000,300.000,325.000,-1,325.000,350.000,-1,650.000,750.000,-1,-1,2,0,2,0,2,0,0,0,0,2,0,0,2,0,0,2,2
90,12647.369,-7052.936,-170.891,17.639,0.945446,-0.302795,-0.120200,0.305279,0.952260,0.002377,0.113742,-0.038942,0.992747,0,0.94610,-0.01769,56.766,-0.035,-1,375.000,-1,375.000,-1,300.000,325.000,300.000,325.000,-1,375.000,375.000,-1,675.000,750.000,-1,-1,2,0,2,0,2,0,0,0,0,2,0,0,2,0,0,2,2
91,12701.375,-7035.786,-164.216,17.618,0.945377,-0.302450,-0.121599,0.304763,0.952428,0.000444,0.115681,-0.037479,0.992579,0,0.94438,-0.01087,56.663,-0.022,-1,375.000,-1,400.000,-1,300.000,325.000,300.000,300.000,-1,400.000,400.000,-1,675.000,775.000,-1,-1,2,0,2,0,2,0,0,0,0,2,0,0,2,0,0,2,2
92,12755.262,-7018.683,-157.495,17.609,0.945249,-0.302332,-0.122884,0.304457,0.952525,-0.001551,0.117519,-0.035946,0.992420,0,0.94226,-0.00407,56.536,-0.008,-1,375.000,-1,400.000,-1,300.000,325.000,300.000,300.000,-1,450.000,450.000,-1,675.000,775.000,-1,-1,2,0,2,0,2,0,0,0,0,2,0,0,2,0,0,2,2
93,12809.005,-7001.623,-150.761,17.611,0.945064,-0.302380,-0.124175,0.304316,0.952564,-0.003525,0.119351,-0.034457,0.992254,0,0.93976,0.00097,56.385,0.002,-1,375.000,-1,400.000,-1,325.000,325.000,300.000,300.000,-1,475.000,475.000,-1,700.000,775.000,-1,-1,2,0,2,0,2,0,0,0,0,2,0,0,2,0,0,2,2
94,12862.582,-6984.608,-144.019,17.619,0.944848,-0.302520,-0.125472,0.304266,0.952571,-0.005478,0.121179,-0.033001,0.992082,0,0.93689,0.00378,56.213,0.008,-1,375.000,-1,400.000,-1,325.000,325.000,300.000,300.000,-1,500.000,500.000,-1,700.000,800.000,-1,-1,2,0,2,0,2,0,0,0,0,2,0,0,2,0,0,2,2
95,12915.973,-6967.640,-137.269,17.631,0.944603,-0.302742,-0.126775,0.304294,0.952549,-0.007408,0.123002,-0.031579,0.991904,0,0.93369,0.00625,56.021,0.012,-1,375.000,-1,400.000,-1,325.000,325.000,300.000,300.000,-1,525.000,500.000,-1,725.000,800.000,-1,-1,2,0,2,0,2,0,0,0,0,2,0,0,2,0,0,2,2
96,12970.636,-6950.506,-130.325,17.404,0.945622,-0.298975,-0.128111,0.300295,0.953801,-0.009346,0.124987,-0.029633,0.991716,0,0.95475,-0.11375,57.285,-0.228,-1,375.000,-1,400.000,-1,325.000,325.000,300.000,300.000,-1,575.000,500.000,-1,725.000,825.000,-1,-1,2,0,2,0,2,0,0,0,0,2,0,0,2,0,0,2,2
97,13024.863,-6933.993,-123.408,16.936,0.947862,-0.291203,-0.129451,0.292257,0.956274,-0.011208,0.127054,-0.027209,0.991523,0,0.94475,-0.23375,56.685,-0.468,-1,375.000,-1,400.000,-1,325.000,325.000,300.000,300.000,-1,575.000,475.000,-1,725.000,850.000,-1,-1,2,0,2,0,2,0,0,0,0,2,0,0,2,0,0,2,2
98,13078.624,-6918.345,-116.381,16.229,0.951301,-0.279390,-0.130258,0.280224,0.959856,-0.012257,0.128454,-0.024842,0.991404,0,0.93319,-0.35375,55.991,-0.708,-1,400.000,-1,400.000,-1,325.000,325.000,300.000,300.000,-1,600.000,500.000,-1,750.000,900.000,-1,-1,2,0,2,0,2,0,0,0,0,2,0,0,2,0,0,2,2
99,13131.884,-6903.793,-109.564,15.281,0.955796,-0.263501,-0.130466,0.264013,0.964422,-0.013667,0.129425,-0.021382,0.991359,0,0.92021,-0.47375,55.212,-0.948,-1,400.000,-1,425.000,-1,325.000,325.000,300.000,300.000,-1,625.000,525.000,-1,750.000,950.000,-1,-1,2,0,2,0,2,0,0,0,0,2,0,0,2,0,0,2,2
100,13184.609,-6890.556,-102.737,14.094,0.961097,-0.243477,-0.130427,0.243605,0.969755,-0.015217,0.130187,-0.017148,0.991341,0,0.90602,-0.59375,54.361,-1.188,-1,400.000,-1,425.000,-1,325.000,325.000,300.000,300.000,-1,675.000,575.000,-1,750.000,975.000,-1,-1,2,0,2,0,2,0,0,0,0,2,0,0,2,0,0,2,2
101,13236.734,-6878.710,-96.023,12.803,0.966519,-0.221583,-0.129389,0.221360,0.975056,-0.016288,0.129771,-0.012899,0.991460,0,0.89090,-0.64542,53.454,-1.291,-1,400.000,-1,425.000,-1,325.000,325.000,300.000,300.000,-1,800.000,650.000,-1,775.000,1000.000,-1,-1,2,0,2,0,2,0,0,0,0,2,0,0,2,0,0,2,2
102,13288.221,-6868.227,-89.440,11.508,0.971469,-0.199503,-0.128246,0.198966,0.979857,-0.017114,0.129077,-0.008891,0.991595,0,0.87574,-0.64739,52.544,-1.295,-1,400.000,-1,425.000,-1,325.000,325.000,300.000,300.000,-1,875.000,750.000,-1,800.000,-1,-1,-1,2,0,2,0,2,0,0,0,0,2,0,0,2,0,2,2,2
103,13339.079,-6859.070,-82.940,10.207,0.975932,-0.177203,-0.127106,0.176361,0.984162,-0.017937,0.128271,-0.004911,0.991727,0,0.86126,-0.65067,51.675,-1.301,-1,400.000,-1,400.000,-1,325.000,325.000,300.000,300.000,-1,975.000,875.000,-1,850.000,-1,-1,-1,2,0,2,0,2,0,0,0,0,2,0,0,2,0,2,2,2
104,13389.327,-6851.203,-76.522,8.897,0.979906,-0.154652,-0.125967,0.153513,0.987969,-0.018761,0.127353,-0.000954,0.991857,0,0.84767,-0.65518,50.860,-1.310,-1,400.000,-1,400.000,-1,325.000,325.000,300.000,300.000,-1,-1,1000.000,-1,875.000,-1,-1,-1,2,0,2,0,2,0,0,0,0,2,2,0,2,0,2,2,2
105,13438.999,-6844.597,-70.186,7.575,0.983382,-0.131822,-0.124828,0.130393,0.991269,-0.019588,0.126321,0.002986,0.991985,0,0.83516,-0.66086,50.110,-1.322,-1,400.000,-1,425.000,-1,325.000,325.000,300.000,300.000,1000.000,-1,-1,-1,900.000,-1,-1,-1,2,0,2,0,2,0,0,0,0,1,2,2,2,0,2,2,2
106,13488.137,-6839.223,-63.928,6.240,0.986351,-0.108685,-0.123689,0.106973,0.994052,-0.020421,0.125173,0.006911,0.992111,0,0.82387,-0.66761,49.432,-1.335,-1,400.000,-1,425.000,-1,325.000,325.000,300.000,300.000,950.000,-1,-1,-1,925.000,-1,-1,-1,2,0,2,0,2,0,0,0,0,1,2,2,2,0,2,2,2
107,13536.792,-6835.060,-57.746,4.889,0.988797,-0.085220,-0.122548,0.083231,0.996303,-0.021263,0.123907,0.010825,0.992235,0,0.81388,-0.67538,48.833,-1.351,-1,400.000,-1,425.000,-1,325.000,325.000,300.000,300.000,900.000,-1,-1,-1,950.000,-1,-1,-1,2,0,2,0,2,0,0,0,0,1,2,2,2,0,2,2,2
108,13580.729,-6832.158,-52.172,3.778,0.990402,-0.065887,-0.121504,0.063671,0.997728,-0.022035,0.122680,0.014088,0.992346,0,0.73388,-0.55538,44.033,-1.111,-1,425.000,-1,450.000,-1,325.000,350.000,300.000,300.000,875.000,-1,-1,-1,1000.000,-1,-1,-1,2,0,2,0,2,0,0,0,0,1,2,2,2,0,2,2,2
109,13622.805,-6830.020,-46.841,2.907,0.991418,-0.050715,-0.120493,0.048313,0.998573,-0.022774,0.121476,0.016757,0.992453,0,0.70217,-0.43538,42.130,-0.871,-1,425.000,-1,450.000,-1,350.000,350.000,300.000,300.000,850.000,-1,-1,-1,-1,-1,-1,-1,2,0,2,0,2,0,0,0,0,1,2,2,2,2,2,2,2
110,13664.648,-6828.355,-41.543,2.277,0.992042,-0.039718,-0.119477,0.037168,0.999033,-0.023497,0.120295,0.018870,0.992559,0,0.69794,-0.31538,41.877,-0.631,-1,425.000,-1,450.000,-1,350.000,350.000,300.000,300.000,850.000,-1,-1,-1,-1,-1,-1,-1,2,0,2,0,2,0,0,0,0,1,2,2,2,2,2,2,2
111,13706.349,-6826.982,-36.265,1.886,0.992414,-0.032903,-0.118455,0.030241,0.999250,-0.024199,0.119162,0.020433,0.992665,0,0.69539,-0.19538,41.724,-0.391,-1,450.000,-1,450.000,-1,350.000,350.000,300.000,300.000,850.000,-1,-1,-1,-1,-1,-1,-1,2,0,2,0,2,0,0,0,0,1,2,2,2,2,2,2,2
112,13747.990,-6825.720,-30.992,1.735,0.992620,-0.030273,-0.117426,0.027534,0.999311,-0.024873,0.118098,0.021456,0.992770,0,0.69435,-0.07538,41.661,-0.151,-1,450.000,-1,475.000,-1,375.000,375.000,300.000,300.000,875.000,-1,-1,-1,-1,-1,-1,-1,2,0,2,0,2,0,0,0,0,1,2,2,2,2,2,2,2
113,13789.647,-6824.392,-26.262,1.824,0.992756,-0.031828,-0.115852,0.028923,0.999226,-0.026670,0.116612,0.023126,0.992908,0,0.69464,0.04462,41.679,0.089,-1,450.000,-1,475.000,-1,375.000,375.000,300.000,300.000,875.000,-1,-1,-1,-1,-1,-1,-1,2,0,2,0,2,0,0,0,0,1,2,2,2,2,2,2,2
114,13831.384,-6822.823,-22.599,2.154,0.993008,-0.037569,-0.111910,0.034736,0.999027,-0.027163,0.112822,0.023086,0.993347,0,0.69612,0.16462,41.767,0.329,-1,450.000,-1,475.000,-1,375.000,375.000,300.000,300.000,900.000,-1,-1,-1,-1,-1,-1,-1,2,0,2,0,2,0,0,0,0,1,2,2,2,2,2,2,2
115,13873.252,-6820.832,-18.908,2.723,0.993021,-0.047493,-0.107950,0.044748,0.998614,-0.027712,0.109116,0.022688,0.993770,0,0.69862,0.28462,41.917,0.569,-1,450.000,-1,450.000,-1,350.000,375.000,300.000,300.000,950.000,-1,-1,-1,-1,-1,-1,-1,2,0,2,0,2,0,0,0,0,1,2,2,2,2,2,2,2
116,13915.292,-6818.237,-15.181,3.532,0.992672,-0.061593,-0.103968,0.058954,0.997860,-0.028273,0.105487,0.021936,0.994179,0,0.70201,0.40462,42.121,0.809,-1,450.000,-1,450.000,-1,350.000,350.000,300.000,275.000,975.000,-1,-1,-1,-1,-1,-1,-1,2,0,2,0,2,0,0,0,0,1,2,2,2,2,2,2,2
117,13952.516,-6815.568,-11.874,4.101,0.992370,-0.071505,-0.100445,0.068954,0.997208,-0.028649,0.102213,0.021505,0.994530,0,0.62201,0.28462,37.321,0.569,-1,425.000,-1,450.000,-1,350.000,350.000,275.000,275.000,1000.000,-1,-1,-1,-1,-1,-1,-1,2,0,2,0,2,0,0,0,0,1,2,2,2,2,2,2,2
118,13984.939,-6813.056,-8.990,4.431,0.992246,-0.077234,-0.097378,0.074752,0.996783,-0.028894,0.099296,0.021390,0.994828,0,0.54201,0.16462,32.521,0.329,-1,425.000,-1,450.000,-1,350.000,350.000,275.000,275.000,-1,-1,-1,-1,-1,-1,-1,-1,2,0,2,0,2,0,0,0,0,2,2,2,2,2,2,2,2
119,14012.573,-6810.872,-6.534,4.520,0.992377,-0.078786,-0.094765,0.076352,0.996658,-0.029047,0.096737,0.021590,0.995076,0,0.46201,0.04462,27.721,0.089,-1,425.000,-1,450.000,-1,350.000,350.000,275.000,275.000,-1,-1,-1,-1,-1,-1,-1,-1,2,0,2,0,2,0,0,0,0,2,2,2,2,2,2,2,2
120,14035.427,-6809.125,-4.508,4.369,0.992786,-0.076163,-0.092604,0.073756,0.996850,-0.029142,0.094532,0.022102,0.995276,0,0.38201,-0.07538,22.921,-0.151,-1,425.000,-1,450.000,-1,350.000,350.000,275.000,275.000,-1,-1,-1,-1,-1,-1,-1,-1,2,0,2,0,2,0,0,0,0,2,2,2,2,2,2,2,2
121,14053.504,-6807.868,-2.913,3.978,0.993442,-0.069361,-0.090895,0.066961,0.997328,-0.029201,0.092678,0.022924,0.995432,0,0.30201,-0.19538,18.121,-0.391,-1,425.000,-1,450.000,-1,350.000,350.000,275.000,275.000,-1,-1,-1,-1,-1,-1,-1,-1,2,0,2,0,2,0,0,0,0,2,2,2,2,2,2,2,2
122,14066.802,-6807.090,-1.748,3.348,0.994262,-0.058376,-0.089638,0.055960,0.998005,-0.029239,0.091166,0.024055,0.995545,0,0.22201,-0.31538,13.321,-0.631,-1,425.000,-1,450.000,-1,350.000,350.000,275.000,275.000,-1,-1,-1,-1,-1,-1,-1,-1,2,0,2,0,2,0,0,0,0,2,2,2,2,2,2,2,2
123,14075.315,-6806.721,-1.012,2.477,0.995109,-0.043201,-0.088835,0.040747,0.998741,-0.029258,0.089988,0.025495,0.995617,0,0.14201,-0.43538,8.521,-0.871,-1,425.000,-1,450.000,-1,350.000,350.000,275.000,275.000,-1,-1,-1,-1,-1,-1,-1,-1,2,0,2,0,2,0,0,0,0,2,2,2,2,2,2,2,2
124,14079.034,-6806.622,-0.699,1.510,0.995729,-0.026338,-0.088489,0.023833,0.999288,-0.029256,0.089196,0.027022,0.995647,0,0.06201,-0.48351,3.721,-0.967,-1,425.000,-1,450.000,-1,350.000,350.000,275.000,275.000,-1,-1,-1,-1,-1,-1,-1,-1,2,0,2,0,2,0,0,0,0,2,2,2,2,2,2,2,2
125,14077.955,-6806.632,-0.804,0.541,0.996023,-0.009431,-0.088600,0.006865,0.999549,-0.029221,0.088836,0.028497,0.995639,0,-0.01799,-0.48462,-1.079,-0.969,-1,425.000,-1,450.000,-1,350.000,350.000,275.000,275.000,-1,-1,-1,-1,-1,-1,-1,-1,2,0,2,0,2,0,0,0,0,2,2,2,2,2,2,2,2
126,14072.076,-6806.587,-1.322,-0.428,0.995988,0.007467,-0.089173,-0.010102,0.999524,-0.029134,0.088913,0.029918,0.995590,0,-0.09799,-0.48430,-5.879,-0.969,-1,425.000,-1,425.000,-1,350.000,350.000,275.000,275.000,-1,-1,-1,-1,-1,-1,-1,-1,2,0,2,0,2,0,0,0,0,2,2,2,2,2,2,2,2
127,14061.469,-6806.329,-2.244,-1.393,0.995627,0.024298,-0.090201,-0.027011,0.999215,-0.028976,0.089426,0.031285,0.995502,0,-0.17685,-0.48248,-10.611,-0.965,-1,425.000,-1,425.000,-1,350.000,350.000,275.000,275.000,-1,-1,-1,-1,-1,-1,-1,-1,2,0,2,0,2,0,0,0,0,2,2,2,2,2,2,2,2
128,14050.696,-6805.886,-3.173,-2.351,0.994984,0.041005,-0.091246,-0.043795,0.998626,-0.028789,0.089940,0.032640,0.995412,0,-0.17971,-0.47917,-10.782,-0.958,-1,425.000,-1,425.000,-1,350.000,350.000,275.000,275.000,-1,-1,-1,-1,-1,-1,-1,-1,2,0,2,0,2,0,0,0,0,2,2,2,2,2,2,2,2
129,14039.757,-6805.254,-4.111,-3.303,0.994064,0.057581,-0.092308,-0.060448,0.997762,-0.028572,0.090456,0.033982,0.995320,0,-0.18263,-0.47576,-10.958,-0.952,-1,425.000,-1,425.000,-1,350.000,350.000,275.000,275.000,1000.000,-1,-1,-1,-1,-1,-1,-1,2,0,2,0,2,0,0,0,0,1,2,2,2,2,2,2,2
130,14028.651,-6804.428,-5.057,-4.247,0.992875,0.074017,-0.093387,-0.076961,0.996632,-0.028326,0.090976,0.035311,0.995227,0,-0.18561,-0.47226,-11.137,-0.945,-1,425.000,-1,425.000,-1,350.000,350.000,275.000,275.000,1000.000,-1,-1,-1,-1,-1,-1,-1,2,0,2,0,2,0,0,0,0,1,2,2,2,2,2,2,2
131,14017.378,-6803.404,-6.011,-5.185,0.991422,0.090306,-0.094482,-0.093327,0.995240,-0.028049,0.091499,0.036626,0.995131,0,-0.18866,-0.46866,-11.320,-0.937,-1,425.000,-1,425.000,-1,350.000,350.000,275.000,275.000,1000.000,-1,-1,-1,-1,-1,-1,-1,2,0,2,0,2,0,0,0,0,1,2,2,2,2,2,2,2
132,14005.937,-6802.178,-6.973,-6.115,0.989713,0.106442,-0.095593,-0.109539,0.993595,-0.027742,0.092028,0.037928,0.995034,0,-0.19177,-0.46497,-11.506,-0.930,-1,450.000,-1,450.000,-1,350.000,350.000,275.000,275.000,975.000,-1,-1,-1,-1,-1,-1,-1,2,0,2,0,2,0,0,0,0,1,2,2,2,2,2,2,2
133,13994.329,-6800.744,-7.943,-7.037,0.987755,0.122416,-0.096720,-0.125589,0.991704,-0.027405,0.092563,0.039216,0.994934,0,-0.19495,-0.46118,-11.697,-0.922,-1,450.000,-1,450.000,-1,350.000,350.000,275.000,275.000,975.000,-1,-1,-1,-1,-1,-1,-1,2,0,2,0,2,0,0,0,0,1,2,2,2,2,2,2,2
134,13982.552,-6799.098,-8.921,-7.952,0.985554,0.138223,-0.097862,-0.141471,0.989573,-0.027036,0.093105,0.040490,0.994833,0,-0.19820,-0.45729,-11.892,-0.915,-1,450.000,-1,450.000,-1,350.000,350.000,275.000,275.000,950.000,-1,-1,-1,-1,-1,-1,-1,2,0,2,0,2,0,0,0,0,1,2,2,2,2,2,2,2
135,13970.606,-6797.236,-9.908,-8.858,0.983119,0.153855,-0.099019,-0.157178,0.987211,-0.026637,0.093655,0.041751,0.994729,0,-0.20151,-0.45329,-12.091,-0.907,-1,450.000,-1,450.000,-1,350.000,350.000,275.000,275.000,950.000,-1,-1,-1,-1,-1,-1,-1,2,0,2,0,2,0,0,0,0,1,2,2,2,2,2,2,2
