timestep,x_cm,y_cm,z_cm,yaw_deg,basis_xx,basis_xy,basis_xz,basis_yx,basis_yy,basis_yz,basis_zx,basis_zy,basis_zz,teleport_flag,throttle_cmd,steering_cmd,cmd_move_cm,cmd_turn_deg,lidar_cm_0,lidar_cm_1,lidar_cm_2,lidar_cm_3,lidar_cm_4,lidar_cm_5,lidar_cm_6,lidar_cm_7,lidar_cm_8,lidar_cm_9,lidar_cm_10,lidar_cm_11,lidar_cm_12,lidar_cm_13,lidar_cm_14,lidar_cm_15,lidar_cm_16,lidar_class_0,lidar_class_1,lidar_class_2,lidar_class_3,lidar_class_4,lidar_class_5,lidar_class_6,lidar_class_7,lidar_class_8,lidar_class_9,lidar_class_10,lidar_class_11,lidar_class_12,lidar_class_13,lidar_class_14,lidar_class_15,lidar_class_16
0,-3608.602,-4914.789,-96.055,101.704,-0.203613,-0.978949,-0.014156,0.978197,-0.202811,-0.044700,0.040889,-0.022949,0.998900,1,0.08000,-0.12000,4.800,-0.240,-1,400.000,-1,-1,-1,325.000,325.000,300.000,300.000,-1,-1,-1,-1,-1,-1,-1,-1,2,0,2,2,2,0,0,0,0,2,2,2,2,2,2,2,2
1,-3610.471,-4905.373,-95.658,101.224,-0.195395,-0.980624,-0.014043,0.979865,-0.194604,-0.044661,0.041063,-0.022487,0.998903,0,0.16000,-0.24000,9.600,-0.480,-1,400.000,-1,-1,-1,325.000,325.000,300.000,300.000,-1,-1,-1,-1,-1,-1,-1,-1,2,0,2,2,2,0,0,0,0,2,2,2,2,2,2,2,2
2,-3613.156,-4891.226,-95.064,100.747,-0.187205,-0.982222,-0.013908,0.981455,-0.186427,-0.044632,0.041245,-0.022006,0.998907,0,0.24000,-0.23875,14.400,-0.478,-1,400.000,-1,-1,-1,325.000,325.000,300.000,300.000,-1,-1,-1,-1,-1,-1,-1,-1,2,1,2,2,2,0,0,0,0,2,2,2,2,2,2,2,2
3,-3616.579,-4872.333,-94.272,100.271,-0.179037,-0.983746,-0.013762,0.982969,-0.178271,-0.044615,0.041436,-0.021515,0.998909,0,0.32000,-0.23775,19.200,-0.475,-1,-1,-1,-1,-1,325.000,-1,300.000,300.000,-1,-1,-1,-1,-1,-1,-1,-1,2,2,2,2,2,0,2,0,0,2,2,2,2,2,2,2,2
4,-3620.663,-4848.683,-93.279,99.797,-0.170874,-0.985199,-0.013615,0.984413,-0.170122,-0.044612,0.041635,-0.021026,0.998912,0,0.40000,-0.23721,24.000,-0.474,-1,-1,-1,-1,-1,-1,-1,300.000,300.000,-1,-1,-1,-1,-1,-1,-1,-1,2,2,2,2,2,2,2,0,0,2,2,2,2,2,2,2,2
5,-3625.329,-4820.264,-92.084,99.323,-0.162704,-0.986583,-0.013480,0.985787,-0.161963,-0.044624,0.041842,-0.020549,0.998913,0,0.48000,-0.23712,28.800,-0.474,-1,-1,-1,-1,-1,-1,-1,300.000,300.000,-1,-1,-1,-1,-1,-1,-1,-1,2,2,2,2,2,2,2,0,0,2,2,2,2,2,2,2,2
6,-3630.496,-4787.063,-90.687,98.848,-0.154511,-0.987901,-0.013369,0.987096,-0.153781,-0.044653,0.042057,-0.020096,0.998913,0,0.56000,-0.23747,33.600,-0.475,-1,-1,-1,-1,-1,-1,-1,300.000,300.000,-1,-1,-1,-1,-1,-1,-1,-1,2,2,2,2,2,2,2,0,0,2,2,2,2,2,2,2,2
7,-3636.087,-4749.072,-89.085,98.371,-0.146281,-0.989154,-0.013295,0.988339,-0.145560,-0.044701,0.042281,-0.019678,0.998912,0,0.64000,-0.23827,38.400,-0.477,-1,-1,-1,-1,-1,-1,-1,300.000,300.000,-1,-1,-1,-1,-1,-1,-1,-1,2,2,2,2,2,2,2,0,0,2,2,2,2,2,2,2,2
8,-3642.019,-4706.282,-87.278,97.892,-0.138000,-0.990343,-0.013271,0.989519,-0.137285,-0.044766,0.042512,-0.019310,0.998909,0,0.72000,-0.23954,43.200,-0.479,-1,-1,-1,-1,-1,-1,-1,300.000,300.000,-1,-1,-1,-1,-1,-1,-1,-1,2,2,2,2,2,2,2,0,0,2,2,2,2,2,2,2,2
9,-3648.209,-4658.682,-85.264,97.410,-0.129651,-0.991470,-0.013311,0.990638,-0.128940,-0.044849,0.042750,-0.019001,0.998905,0,0.80000,-0.24130,48.000,-0.483,-1,-1,-1,-1,-1,-1,-1,300.000,300.000,-1,-1,-1,-1,-1,-1,-1,-1,2,2,2,2,2,2,2,0,0,2,2,2,2,2,2,2,2
10,-3654.357,-4606.242,-84.219,96.687,-0.116910,-0.993097,-0.009455,0.992359,-0.116435,-0.040818,0.039435,-0.014154,0.999122,0,0.88000,-0.36130,52.800,-0.723,-1,-1,-1,-1,-1,-1,-1,300.000,300.000,-1,-1,-1,-1,-1,-1,-1,-1,2,2,2,2,2,2,2,0,0,2,2,2,2,2,2,2,2
11,-3660.102,-4548.931,-91.784,95.724,-0.099707,-0.995006,0.004560,0.994976,-0.099744,-0.008555,0.008967,0.003684,0.999953,0,0.96000,-0.48130,57.600,-0.963,-1,-1,-1,-1,-1,-1,-1,300.000,225.000,-1,-1,-1,-1,-1,-1,-1,-1,2,2,2,2,2,2,2,0,0,2,2,2,2,2,2,2,2
12,-755.363,-8844.181,-159.433,-12.198,0.971535,0.211237,0.107231,-0.212270,0.977209,-0.001818,-0.105171,-0.020996,0.994232,1,0.00000,0.00000,60.000,-1.203,-1,-1,-1,-1,-1,-1,-1,225.000,250.000,-1,-1,-1,-1,-1,-1,-1,-1,2,2,2,2,2,2,2,1,1,2,2,2,2,2,2,2,2
13,6882.740,7541.685,-176.116,-161.355,-0.947433,0.319699,-0.012788,-0.319575,-0.947499,-0.010870,-0.015592,-0.006212,0.999859,1,0.08000,-0.12000,4.800,-0.240,-1,400.000,-1,400.000,-1,325.000,325.000,300.000,300.000,-1,400.000,425.000,-1,800.000,725.000,-1,-1,2,0,2,0,2,0,0,0,0,2,1,1,2,0,0,2,2
14,6873.621,7538.683,-176.300,-161.775,-0.949756,0.312737,-0.012599,-0.312613,-0.949818,-0.010856,-0.015362,-0.006372,0.999862,0,0.16000,-0.21024,9.600,-0.420,-1,400.000,-1,400.000,-1,325.000,325.000,300.000,300.000,-1,425.000,425.000,-1,800.000,725.000,-1,-1,2,0,2,0,2,0,0,0,0,2,1,1,2,0,0,2,2
15,6859.911,7534.279,-176.573,-162.193,-0.952013,0.305809,-0.012336,-0.305688,-0.952071,-0.010795,-0.015046,-0.006506,0.999866,0,0.24000,-0.20870,14.400,-0.417,-1,400.000,-1,400.000,-1,325.000,325.000,300.000,300.000,-1,425.000,450.000,-1,800.000,725.000,-1,-1,2,0,2,0,2,0,0,0,0,2,1,1,2,0,0,2,2
16,6841.589,7528.539,-176.935,-162.606,-0.954196,0.298941,-0.012009,-0.298823,-0.954249,-0.010684,-0.014654,-0.006606,0.999871,0,0.32000,-0.20640,19.200,-0.413,-1,400.000,-1,400.000,-1,325.000,325.000,300.000,300.000,-1,450.000,450.000,-1,825.000,725.000,-1,-1,2,0,2,0,2,0,0,0,0,2,1,1,2,0,0,2,2
17,6818.637,7521.527,-177.383,-163.012,-0.956299,0.292161,-0.011630,-0.292047,-0.956346,-0.010524,-0.014197,-0.006667,0.999877,0,0.40000,-0.20334,24.000,-0.407,-1,400.000,-1,400.000,-1,325.000,325.000,300.000,300.000,-1,475.000,475.000,-1,825.000,725.000,-1,-1,2,0,2,0,2,0,0,0,0,2,1,1,2,0,0,2,2
18,6791.035,7513.305,-177.913,-163.411,-0.958315,0.285494,-0.011213,-0.285385,-0.958357,-0.010310,-0.013690,-0.006680,0.999884,0,0.48000,-0.19951,28.800,-0.399,-1,400.000,-1,400.000,-1,325.000,325.000,300.000,300.000,-1,500.000,500.000,-1,825.000,725.000,-1,-1,2,0,2,0,2,0,0,0,0,2,1,1,2,0,0,2,2
19,6758.769,7503.931,-178.524,-163.801,-0.960240,0.278966,-0.010775,-0.278865,-0.960278,-0.010039,-0.013148,-0.006635,0.999892,0,0.56000,-0.19492,33.600,-0.390,-1,400.000,-1,400.000,-1,325.000,325.000,300.000,300.000,-1,525.000,525.000,-1,850.000,725.000,-1,-1,2,0,2,0,2,0,0,0,0,2,1,1,2,0,0,2,2
20,6722.030,7493.521,-179.210,-164.180,-0.962070,0.272606,-0.010337,-0.272512,-0.962104,-0.009710,-0.012592,-0.006525,0.999899,0,0.63644,-0.18956,38.186,-0.379,-1,400.000,-1,400.000,-1,325.000,325.000,300.000,300.000,-1,550.000,575.000,-1,850.000,725.000,-1,-1,2,0,2,0,2,0,0,0,0,2,1,1,2,0,0,2,2
21,6680.643,7481.903,-179.979,-164.319,-0.962733,0.270270,-0.009926,-0.270183,-0.962764,-0.009266,-0.012061,-0.006239,0.999908,0,0.71644,-0.06956,42.986,-0.139,-1,400.000,-1,400.000,-1,325.000,325.000,300.000,300.000,-1,600.000,600.000,-1,875.000,725.000,-1,-1,2,0,2,0,2,0,0,0,0,2,1,1,2,0,0,2,2
22,6635.852,7469.244,-180.751,-164.218,-0.962258,0.271965,-0.009691,-0.271883,-0.962288,-0.008980,-0.011768,-0.006006,0.999913,0,0.77576,0.05044,46.546,0.101,-1,400.000,-1,400.000,-1,325.000,325.000,300.000,300.000,-1,625.000,650.000,-1,900.000,725.000,-1,-1,2,0,2,0,2,0,0,0,0,2,1,1,2,0,0,2,2
23,6590.798,7456.221,-181.262,-163.878,-0.960623,0.277684,-0.009712,-0.277593,-0.960650,-0.009721,-0.012029,-0.006642,0.999906,0,0.78164,0.17044,46.899,0.341,-1,400.000,-1,400.000,-1,325.000,325.000,300.000,300.000,-1,675.000,700.000,-1,900.000,750.000,-1,-1,2,0,2,0,2,0,0,0,0,2,1,1,2,0,0,2,2
24,6545.538,7442.640,-181.729,-163.297,-0.957761,0.287407,-0.009563,-0.287308,-0.957780,-0.010552,-0.012192,-0.007359,0.999899,0,0.78756,0.29044,47.254,0.581,-1,425.000,-1,400.000,-1,325.000,325.000,300.000,300.000,-1,725.000,750.000,-1,925.000,750.000,-1,-1,2,0,2,0,2,0,0,0,0,2,1,1,2,0,0,2,2
25,6500.135,7428.303,-182.239,-162.476,-0.953545,0.301098,-0.009551,-0.300990,-0.953561,-0.011252,-0.012496,-0.007855,0.999891,0,0.79354,0.41044,47.612,0.821,-1,425.000,-1,400.000,-1,325.000,325.000,300.000,300.000,-1,775.000,800.000,-1,925.000,775.000,-1,-1,2,0,2,0,2,0,0,0,0,2,1,1,2,0,0,2,2
26,6454.662,7413.013,-182.818,-161.415,-0.947807,0.318701,-0.009596,-0.318585,-0.947820,-0.011880,-0.012881,-0.008203,0.999883,0,0.79959,0.53044,47.975,1.061,-1,425.000,-1,400.000,-1,325.000,325.000,300.000,300.000,-1,825.000,850.000,-1,950.000,800.000,-1,-1,2,0,2,0,2,0,0,0,0,2,1,1,2,0,0,2,2
27,6409.201,7396.569,-183.563,-160.114,-0.940326,0.340134,-0.009838,-0.339998,-0.940333,-0.013225,-0.013749,-0.009091,0.999864,0,0.80572,0.65044,48.343,1.301,-1,425.000,-1,400.000,-1,325.000,325.000,300.000,300.000,-1,875.000,925.000,-1,950.000,800.000,-1,-1,2,0,2,0,2,0,0,0,0,2,1,1,2,0,0,2,2
28,6363.851,7378.772,-184.401,-158.573,-0.930836,0.365294,-0.010229,-0.365136,-0.930841,-0.014536,-0.014832,-0.009796,0.999842,0,0.81196,0.77044,48.717,1.541,-1,425.000,-1,400.000,-1,325.000,325.000,300.000,300.000,-1,950.000,975.000,-1,975.000,825.000,-1,-1,2,0,2,0,2,0,0,0,0,2,1,1,2,0,0,2,2
29,6318.727,7359.424,-185.336,-156.792,-0.919029,0.394043,-0.010785,-0.393861,-0.919035,-0.015786,-0.016132,-0.010260,0.999817,0,0.81829,0.89044,49.097,1.781,-1,425.000,-1,400.000,-1,350.000,325.000,300.000,300.000,-1,1000.000,-1,-1,975.000,850.000,-1,-1,2,0,2,0,2,0,0,0,0,2,1,2,2,0,0,2,2
30,6269.780,7336.861,-186.473,-155.252,-0.908092,0.418612,-0.011575,-0.418397,-0.908101,-0.017206,-0.017714,-0.010782,0.999785,0,0.89829,0.77044,53.897,1.541,-1,425.000,-1,400.000,-1,350.000,325.000,300.000,300.000,-1,-1,-1,-1,975.000,850.000,-1,-1,2,0,2,0,2,0,0,0,0,2,2,2,2,0,0,2,2
31,6219.120,7312.098,-187.782,-153.951,-0.898341,0.439117,-0.012595,-0.438863,-0.898359,-0.018743,-0.019546,-0.011310,0.999745,0,0.93980,0.65044,56.388,1.301,-1,425.000,-1,400.000,-1,350.000,325.000,300.000,275.000,-1,-1,-1,-1,975.000,875.000,-1,-1,2,0,2,0,2,0,0,0,0,2,2,2,2,0,0,2,2
32,6168.532,7286.199,-189.220,-152.890,-0.890040,0.455672,-0.013820,-0.455371,-0.890069,-0.020351,-0.021574,-0.011820,0.999697,0,0.94720,0.53044,56.832,1.061,-1,425.000,-1,400.000,-1,350.000,325.000,300.000,275.000,-1,-1,-1,-1,975.000,875.000,-1,-1,2,0,2,0,2,0,0,0,0,2,2,2,2,0,0,2,2
33,6118.116,7259.470,-190.825,-152.069,-0.883399,0.468373,-0.015283,-0.468011,-0.883442,-0.022260,-0.023927,-0.012512,0.999635,0,0.95104,0.41044,57.063,0.821,-1,425.000,-1,425.000,-1,350.000,325.000,300.000,275.000,-1,-1,-1,-1,950.000,875.000,-1,-1,2,0,2,0,2,0,0,0,0,2,2,2,2,0,0,2,2
34,6067.967,7232.227,-192.551,-151.488,-0.878577,0.477301,-0.016934,-0.476867,-0.878640,-0.024290,-0.026473,-0.013265,0.999562,0,0.95119,0.29044,57.071,0.581,-1,425.000,-1,425.000,-1,350.000,350.000,300.000,275.000,-1,-1,-1,-1,950.000,875.000,-1,-1,2,0,2,0,2,0,0,0,0,2,2,2,2,0,0,2,2
35,6017.980,7204.686,-194.226,-151.147,-0.875687,0.482511,-0.018855,-0.481977,-0.875770,-0.026936,-0.029510,-0.014499,0.999459,0,0.95119,0.17044,57.071,0.341,-1,425.000,-1,425.000,-1,350.000,350.000,300.000,275.000,-1,-1,-1,-1,925.000,875.000,-1,-1,2,0,2,0,2,0,0,0,0,2,2,2,2,0,0,2,2
36,5968.042,7177.058,-196.050,-151.046,-0.874789,0.484045,-0.021097,-0.483402,-0.874906,-0.029354,-0.032667,-0.015480,0.999346,0,0.95119,0.05044,57.071,0.101,-1,425.000,-1,425.000,-1,350.000,350.000,300.000,275.000,-1,-1,-1,-1,900.000,875.000,-1,-1,2,0,2,0,2,0,0,0,0,2,2,2,2,0,0,2,2
37,5918.037,7149.550,-198.067,-151.185,-0.875885,0.481915,-0.024152,-0.481146,-0.876071,-0.031582,-0.036379,-0.016042,0.999209,0,0.95119,-0.06956,57.071,-0.139,-1,425.000,-1,400.000,-1,350.000,325.000,300.000,275.000,-1,-1,-1,-1,900.000,850.000,-1,-1,2,0,2,0,2,0,0,0,0,2,2,2,2,0,0,2,2
38,5867.955,7122.184,-200.151,-151.347,-0.877151,0.479441,-0.027234,-0.478541,-0.877418,-0.033710,-0.040058,-0.016536,0.999061,0,0.95119,-0.08070,57.071,-0.161,-1,425.000,-1,400.000,-1,325.000,325.000,300.000,275.000,-1,-1,-1,-1,875.000,825.000,-1,-1,2,0,2,0,2,0,0,0,0,2,2,2,2,0,0,2,2
39,5817.796,7094.959,-202.326,-151.508,-0.878402,0.476964,-0.030264,-0.475927,-0.878759,-0.035736,-0.043640,-0.016988,0.998903,0,0.95119,-0.08070,57.071,-0.161,-1,425.000,-1,400.000,-1,325.000,325.000,300.000,275.000,-1,-1,-1,-1,850.000,825.000,-1,-1,2,0,2,0,2,0,0,0,0,2,2,2,2,0,0,2,2
40,5767.560,7067.875,-204.801,-151.670,-0.879677,0.474476,-0.032243,-0.473297,-0.880079,-0.038088,-0.046448,-0.018245,0.998754,0,0.95119,-0.08070,57.071,-0.161,-1,400.000,-1,400.000,-1,325.000,325.000,300.000,275.000,-1,-1,-1,-1,825.000,800.000,-1,-1,2,0,2,0,2,0,0,0,0,2,2,2,2,0,0,2,2
41,5717.249,7040.932,-207.366,-151.831,-0.880949,0.471985,-0.034058,-0.470664,-0.881392,-0.040290,-0.049035,-0.019464,0.998607,0,0.95119,-0.08070,57.071,-0.161,-1,400.000,-1,400.000,-1,325.000,325.000,300.000,275.000,-1,-1,-1,-1,825.000,800.000,-1,-1,2,0,2,0,2,0,0,0,0,2,2,2,2,0,0,2,2
42,5666.862,7014.132,-209.992,-151.992,-0.882217,0.469490,-0.035678,-0.468041,-0.882699,-0.042188,-0.051300,-0.020520,0.998472,0,0.95119,-0.08070,57.071,-0.161,-1,400.000,-1,400.000,-1,325.000,325.000,300.000,275.000,-1,-1,-1,-1,800.000,775.000,-1,-1,2,0,2,0,2,0,0,0,0,2,2,2,2,0,0,2,2
43,5616.399,6987.473,-212.708,-152.154,-0.883482,0.466992,-0.037134,-0.465418,-0.883999,-0.043947,-0.053350,-0.021544,0.998343,0,0.95119,-0.08070,57.071,-0.161,-1,400.000,-1,400.000,-1,325.000,325.000,300.000,300.000,-1,-1,-1,-1,775.000,775.000,-1,-1,2,0,2,0,2,0,0,0,0,2,2,2,2,0,0,2,2
44,5570.214,6962.993,-215.316,-152.075,-0.882800,0.468195,-0.038173,-0.466513,-0.883341,-0.045544,-0.055043,-0.022398,0.998233,0,0.87119,0.03930,52.271,0.079,-1,400.000,-1,400.000,-1,325.000,325.000,300.000,300.000,-1,-1,-1,-1,775.000,775.000,-1,-1,2,0,2,0,2,0,0,0,0,2,2,2,2,0,0,2,2
45,5527.376,6940.173,-217.825,-151.955,-0.881789,0.470032,-0.038955,-0.468254,-0.882345,-0.046958,-0.056444,-0.023166,0.998137,0,0.80895,0.05989,48.537,0.120,-1,400.000,-1,400.000,-1,325.000,325.000,300.000,300.000,-1,-1,-1,-1,750.000,750.000,-1,-1,2,0,2,0,2,0,0,0,0,2,2,2,2,0,0,2,2
46,5484.587,6917.263,-220.389,-151.836,-0.880775,0.471869,-0.039693,-0.470001,-0.881347,-0.048241,-0.057746,-0.023834,0.998047,0,0.80895,0.05989,48.537,0.120,-1,400.000,-1,400.000,-1,325.000,325.000,300.000,300.000,-1,-1,-1,-1,750.000,750.000,-1,-1,2,0,2,0,2,0,0,0,0,2,2,2,2,0,0,2,2
47,5441.845,6894.264,-223.010,-151.716,-0.879758,0.473703,-0.040385,-0.471753,-0.880346,-0.049392,-0.058950,-0.024401,0.997963,0,0.80895,0.05989,48.537,0.120,-1,400.000,-1,400.000,-1,325.000,325.000,300.000,300.000,-1,-1,-1,-1,725.000,750.000,-1,-1,2,0,2,0,2,0,0,0,0,2,2,2,2,0,0,2,2
48,5399.151,6871.175,-225.734,-151.596,-0.878739,0.475539,-0.040995,-0.473527,-0.879348,-0.050193,-0.059918,-0.024694,0.997898,0,0.80895,0.05989,48.537,0.120,-1,400.000,-1,400.000,-1,325.000,325.000,300.000,300.000,-1,-1,-1,-1,725.000,750.000,-1,-1,2,0,2,0,2,0,0,0,0,2,2,2,2,0,0,2,2
49,5356.505,6847.998,-228.636,-151.476,-0.877718,0.477380,-0.041465,-0.475351,-0.878357,-0.050302,-0.060434,-0.024441,0.997873,0,0.80895,0.05989,48.537,0.120,-1,400.000,-1,400.000,-1,325.000,325.000,300.000,300.000,-1,-1,-1,-1,700.000,725.000,-1,-1,2,0,2,0,2,0,0,0,0,2,2,2,2,0,0,2,2
50,5313.908,6824.731,-231.559,-151.357,-0.876698,0.479217,-0.041847,-0.477174,-0.877362,-0.050402,-0.060869,-0.024219,0.997852,0,0.80895,0.05989,48.537,0.120,-1,375.000,-1,375.000,-1,325.000,325.000,300.000,300.000,-1,-1,-1,-1,700.000,725.000,-1,-1,2,0,2,0,2,0,0,0,0,2,2,2,2,0,0,2,2
51,5271.360,6801.376,-234.415,-151.237,-0.875699,0.481049,-0.041754,-0.478994,-0.876355,-0.050654,-0.060959,-0.024358,0.997843,0,0.80895,0.05989,48.537,0.120,-1,375.000,-1,375.000,-1,325.000,325.000,300.000,300.000,-1,-1,-1,-1,700.000,725.000,-1,-1,2,0,2,0,2,0,0,0,0,2,2,2,2,0,0,2,2
52,5228.861,6777.931,-237.279,-151.117,-0.874703,0.482877,-0.041516,-0.480814,-0.875343,-0.050917,-0.060927,-0.024576,0.997840,0,0.80895,0.05989,48.537,0.120,-1,375.000,-1,375.000,-1,325.000,325.000,300.000,300.000,-1,-1,-1,-1,675.000,700.000,-1,-1,2,0,2,0,2,0,0,0,0,2,2,2,2,0,0,2,2
53,5186.411,6754.398,-240.151,-150.997,-0.873712,0.484702,-0.041131,-0.482633,-0.874325,-0.051191,-0.060774,-0.024875,0.997842,0,0.80895,0.05989,48.537,0.120,-1,375.000,-1,375.000,-1,300.000,300.000,300.000,300.000,-1,-1,-1,-1,675.000,700.000,-1,-1,2,0,2,0,2,0,0,0,0,2,2,2,2,0,0,2,2
54,5144.011,6730.776,-243.009,-150.877,-0.872718,0.486525,-0.040707,-0.484453,-0.873304,-0.051430,-0.060572,-0.025163,0.997847,0,0.80895,0.05989,48.537,0.120,-1,375.000,-1,375.000,-1,300.000,300.000,300.000,300.000,-1,-1,-1,-1,675.000,700.000,-1,-1,2,0,2,0,2,0,0,0,0,2,2,2,2,0,0,2,2
55,5101.659,6707.066,-245.841,-150.758,-0.871719,0.488347,-0.040296,-0.486276,-0.872280,-0.051613,-0.060354,-0.025397,0.997854,0,0.80895,0.05989,48.537,0.120,-1,375.000,-1,375.000,-1,300.000,300.000,300.000,300.000,-1,-1,-1,-1,650.000,700.000,-1,-1,2,0,2,0,2,0,0,0,0,2,2,2,2,0,0,2,2
56,5059.358,6683.267,-248.615,-150.638,-0.870720,0.490169,-0.039752,-0.488119,-0.871256,-0.051502,-0.059879,-0.025440,0.997881,0,0.80895,0.05989,48.537,0.120,-1,375.000,-1,375.000,-1,300.000,300.000,300.000,300.000,-1,-1,-1,-1,650.000,675.000,-1,-1,2,0,2,0,2,0,0,0,0,2,2,2,2,0,0,2,2
57,5017.106,6659.380,-251.225,-150.518,-0.869724,0.491996,-0.038991,-0.490024,-0.870242,-0.050549,-0.058801,-0.024857,0.997960,0,0.80895,0.05989,48.537,0.120,-1,375.000,-1,375.000,-1,300.000,300.000,300.000,300.000,-1,-1,-1,-1,650.000,675.000,-1,-1,2,0,2,0,2,0,0,0,0,2,2,2,2,0,0,2,2
58,4974.904,6635.405,-253.815,-150.398,-0.868726,0.493822,-0.038133,-0.491933,-0.869225,-0.049499,-0.057591,-0.024242,0.998046,0,0.80895,0.05989,48.537,0.120,-1,375.000,-1,375.000,-1,300.000,300.000,300.000,300.000,-1,-1,-1,-1,650.000,675.000,-1,-1,2,0,2,0,2,0,0,0,0,2,2,2,2,0,0,2,2
59,4932.752,6611.341,-256.320,-150.279,-0.867729,0.495649,-0.037129,-0.493869,-0.868210,-0.048019,-0.056036,-0.023331,0.998156,0,0.80895,0.05989,48.537,0.120,-1,375.000,-1,375.000,-1,300.000,300.000,300.000,300.000,-1,-1,-1,-1,650.000,675.000,-1,-1,2,0,2,0,2,0,0,0,0,2,2,2,2,0,0,2,2
60,4890.651,6587.190,-258.772,-150.159,-0.866731,0.497475,-0.036003,-0.495819,-0.867193,-0.046263,-0.054236,-0.022246,0.998280,0,0.80895,0.05989,48.537,0.120,-1,375.000,-1,375.000,-1,300.000,300.000,300.000,300.000,-1,-1,-1,-1,650.000,675.000,-1,-1,2,0,2,0,2,0,0,0,0,2,2,2,2,0,0,2,2
61,4848.601,6562.951,-261.206,-150.039,-0.865731,0.499299,-0.034786,-0.497768,-0.866172,-0.044418,-0.052309,-0.021139,0.998407,0,0.80895,0.05989,48.537,0.120,-1,375.000,-1,375.000,-1,300.000,300.000,300.000,300.000,-1,-1,-1,-1,650.000,675.000,-1,-1,2,0,2,0,2,0,0,0,0,2,2,2,2,0,0,2,2
62,4806.601,6538.624,-263.623,-149.919,-0.864730,0.501120,-0.033478,-0.499717,-0.865146,-0.042485,-0.050254,-0.020008,0.998536,0,0.80895,0.05989,48.537,0.120,-1,375.000,-1,375.000,-1,300.000,300.000,300.000,300.000,-1,-1,-1,-1,650.000,675.000,-1,-1,2,0,2,0,2,0,0,0,0,2,2,2,2,0,0,2,2
63,4764.652,6514.209,-266.019,-149.799,-0.863727,0.502939,-0.032080,-0.501663,-0.864116,-0.040470,-0.048075,-0.018861,0.998666,0,0.80895,0.05989,48.537,0.120,-1,375.000,-1,375.000,-1,300.000,300.000,325.000,300.000,-1,-1,-1,-1,650.000,675.000,-1,-1,2,0,2,0,2,0,0,0,0,2,2,2,2,0,0,2,2
64,4722.754,6489.707,-268.285,-149.680,-0.862720,0.504751,-0.030667,-0.503576,-0.863075,-0.038892,-0.046099,-0.018110,0.998773,0,0.80895,0.05989,48.537,0.120,-1,375.000,-1,375.000,-1,300.000,300.000,325.000,300.000,-1,775.000,675.000,-1,650.000,675.000,-1,-1,2,0,2,0,2,0,0,0,0,2,0,0,2,0,0,2,2
65,4680.908,6465.116,-270.504,-149.560,-0.861711,0.506560,-0.029180,-0.505482,-0.862028,-0.037355,-0.044077,-0.017439,0.998876,0,0.80895,0.05989,48.537,0.120,-1,375.000,-1,375.000,-1,300.000,300.000,325.000,325.000,-1,650.000,600.000,-1,650.000,675.000,-1,-1,2,0,2,0,2,0,0,0,0,2,0,0,2,0,0,2,2
66,4639.113,6440.439,-272.515,-149.440,-0.860724,0.508361,-0.026900,-0.507376,-0.860967,-0.036132,-0.041528,-0.017451,0.998985,0,0.80895,0.05989,48.537,0.120,-1,375.000,-1,375.000,-1,300.000,300.000,325.000,325.000,-1,575.000,525.000,-1,650.000,675.000,-1,-1,2,0,2,0,2,0,0,0,0,2,0,0,2,0,0,2,2
67,4597.370,6415.673,-274.411,-149.320,-0.859740,0.510157,-0.024235,-0.509262,-0.859897,-0.035061,-0.038727,-0.017802,0.999091,0,0.80895,0.05989,48.537,0.120,-1,375.000,-1,375.000,-1,300.000,300.000,300.000,325.000,-1,500.000,475.000,-1,650.000,675.000,-1,-1,2,0,2,0,2,0,0,0,0,2,0,0,2,0,0,2,2
68,4555.679,6390.821,-276.264,-149.201,-0.858746,0.511949,-0.021512,-0.511142,-0.858822,-0.034019,-0.035891,-0.018218,0.999190,0,0.80895,0.05989,48.537,0.120,-1,375.000,-1,375.000,-1,300.000,300.000,300.000,325.000,-1,450.000,425.000,-1,650.000,675.000,-1,-1,2,0,2,0,2,0,0,0,0,2,0,0,2,0,0,2,2
69,4514.040,6365.882,-278.075,-149.081,-0.857742,0.513739,-0.018730,-0.513019,-0.857743,-0.033004,-0.033021,-0.018700,0.999280,0,0.80895,0.05989,48.537,0.120,-1,375.000,-1,375.000,-1,300.000,300.000,300.000,325.000,-1,400.000,400.000,-1,650.000,675.000,-1,-1,2,0,2,0,2,0,0,0,0,2,0,0,2,0,0,2,2
70,4472.452,6340.855,-279.671,-148.961,-0.856707,0.515532,-0.016722,-0.514891,-0.856669,-0.031707,-0.030671,-0.018554,0.999357,0,0.80895,0.05989,48.537,0.120,-1,375.000,-1,375.000,-1,300.000,300.000,300.000,325.000,-1,400.000,375.000,-1,650.000,675.000,-1,-1,2,0,2,0,2,0,0,0,0,2,0,0,2,0,0,2,2
71,4434.931,6318.382,-281.027,-149.081,-0.857816,0.513735,-0.015086,-0.513159,-0.857751,-0.030517,-0.028618,-0.018436,0.999420,0,0.72895,-0.06011,43.737,-0.120,-1,375.000,-1,375.000,-1,300.000,300.000,300.000,325.000,-1,400.000,375.000,-1,650.000,675.000,-1,-1,2,0,2,0,2,0,0,0,0,2,0,0,2,0,0,2,2
72,4401.402,6298.586,-282.165,-149.441,-0.861052,0.508332,-0.013674,-0.507814,-0.860965,-0.029401,-0.026719,-0.018372,0.999474,0,0.64895,-0.18011,38.937,-0.360,-1,375.000,-1,375.000,-1,300.000,300.000,300.000,325.000,-1,400.000,375.000,-1,650.000,675.000,-1,-1,2,0,2,0,2,0,0,0,0,2,0,0,2,0,0,2,2
73,4371.085,6281.113,-282.965,-150.042,-0.866341,0.499291,-0.012710,-0.498834,-0.866253,-0.027744,-0.024862,-0.017695,0.999534,0,0.58320,-0.30011,34.992,-0.600,-1,375.000,-1,375.000,-1,300.000,300.000,300.000,325.000,-1,400.000,375.000,-1,650.000,675.000,-1,-1,2,0,2,0,2,0,0,0,0,2,0,0,2,0,0,2,2
74,4340.462,6264.056,-283.726,-150.882,-0.873580,0.486540,-0.011742,-0.486139,-0.873491,-0.026119,-0.022965,-0.017109,0.999590,0,0.58423,-0.42011,35.054,-0.840,-1,375.000,-1,375.000,-1,300.000,300.000,300.000,325.000,-1,400.000,400.000,-1,675.000,675.000,-1,-1,2,0,2,0,2,0,0,0,0,2,0,0,2,0,0,2,2
75,4309.286,6247.453,-284.450,-151.962,-0.882606,0.469990,-0.010755,-0.469643,-0.882516,-0.024527,-0.021019,-0.016596,0.999641,0,0.58868,-0.54011,35.321,-1.080,-1,375.000,-1,375.000,-1,300.000,300.000,300.000,325.000,-1,425.000,400.000,-1,675.000,675.000,-1,-1,2,0,2,0,2,0,0,0,0,2,0,0,2,0,0,2,2
76,4277.494,6231.451,-285.139,-153.282,-0.893209,0.449535,-0.009742,-0.449238,-0.893117,-0.022973,-0.019028,-0.016144,0.999689,0,0.59321,-0.66011,35.592,-1.320,-1,375.000,-1,375.000,-1,300.000,300.000,300.000,325.000,-1,425.000,400.000,-1,675.000,675.000,-1,-1,2,0,2,0,2,0,0,0,0,2,0,0,2,0,0,2,2
77,4245.033,6216.191,-285.790,-154.820,-0.904961,0.425405,-0.008697,-0.425154,-0.904866,-0.021468,-0.017003,-0.015730,0.999732,0,0.59781,-0.76899,35.869,-1.538,-1,375.000,-1,375.000,-1,300.000,300.000,300.000,300.000,-1,450.000,400.000,-1,675.000,675.000,-1,-1,2,0,2,0,2,0,0,0,0,2,0,0,2,0,0,2,2
78,4211.917,6201.694,-286.411,-156.359,-0.916063,0.400962,-0.007617,-0.400754,-0.915967,-0.020011,-0.015000,-0.015279,0.999771,0,0.60250,-0.76920,36.150,-1.538,-1,375.000,-1,375.000,-1,300.000,300.000,300.000,300.000,-1,475.000,400.000,-1,675.000,675.000,-1,-1,2,0,2,0,2,0,0,0,0,2,0,0,2,0,0,2,2
79,4178.159,6187.985,-287.003,-157.897,-0.926503,0.376230,-0.006505,-0.376061,-0.926408,-0.018605,-0.013026,-0.014791,0.999806,0,0.60726,-0.76916,36.436,-1.538,-1,375.000,-1,375.000,-1,300.000,300.000,300.000,300.000,-1,475.000,400.000,-1,675.000,675.000,-1,-1,2,0,2,0,2,0,0,0,0,2,0,0,2,0,0,2,2
80,4143.775,6175.085,-287.564,-159.435,-0.936271,0.351237,-0.005366,-0.351103,-0.936178,-0.017251,-0.011082,-0.014268,0.999837,0,0.61207,-0.76888,36.724,-1.538,-1,375.000,-1,375.000,-1,300.000,300.000,300.000,300.000,-1,500.000,400.000,-1,675.000,675.000,-1,-1,2,0,2,0,2,0,0,0,0,2,0,0,2,0,0,2,2
81,4108.782,6163.016,-288.097,-160.972,-0.945358,0.326007,-0.004203,-0.325905,-0.945268,-0.015952,-0.009173,-0.013710,0.999864,0,0.61693,-0.76834,37.016,-1.537,-1,375.000,-1,375.000,-1,300.000,300.000,300.000,300.000,-1,525.000,425.000,-1,675.000,675.000,-1,-1,2,0,2,0,2,0,0,0,0,2,0,0,2,0,0,2,2
82,4073.198,6151.802,-288.601,-162.507,-0.953755,0.300570,-0.003021,-0.300497,-0.953669,-0.014709,-0.007302,-0.013120,0.999887,0,0.62182,-0.76754,37.309,-1.535,-1,375.000,-1,375.000,-1,300.000,300.000,300.000,300.000,-1,525.000,425.000,-1,675.000,700.000,-1,-1,2,0,2,0,2,0,0,0,0,2,0,0,2,0,0,2,2
83,4037.044,6141.462,-289.078,-164.039,-0.961456,0.274953,-0.001824,-0.274905,-0.961376,-0.013523,-0.005472,-0.012500,0.999907,0,0.62672,-0.76645,37.603,-1.533,-1,375.000,-1,375.000,-1,300.000,300.000,300.000,300.000,-1,525.000,425.000,-1,675.000,700.000,-1,-1,2,0,2,0,2,0,0,0,0,2,0,0,2,0,0,2,2
84,4000.342,6132.018,-289.449,-165.570,-0.968456,0.249185,-0.000771,-0.249155,-0.968380,-0.012742,-0.003921,-0.012148,0.999919,0,0.63163,-0.76506,37.898,-1.530,-1,375.000,-1,375.000,-1,300.000,300.000,300.000,300.000,-1,550.000,425.000,-1,675.000,700.000,-1,-1,2,0,2,0,2,0,0,0,0,2,0,0,2,0,0,2,2
85,3963.116,6123.489,-289.628,-167.096,-0.974751,0.223295,0.000432,-0.223282,-0.974672,-0.012607,-0.002394,-0.012385,0.999920,0,0.63652,-0.76338,38.191,-1.527,-1,375.000,-1,375.000,-1,300.000,300.000,300.000,300.000,-1,575.000,450.000,-1,675.000,700.000,-1,-1,2,0,2,0,2,0,0,0,0,2,0,0,2,0,1,2,2
86,3925.390,6115.895,-289.687,-168.619,-0.980339,0.197314,0.001923,-0.197322,-0.980255,-0.012826,-0.000646,-0.012954,0.999916,0,0.64137,-0.76137,38.482,-1.523,-1,375.000,-1,375.000,-1,300.000,300.000,300.000,300.000,-1,575.000,475.000,-1,675.000,700.000,1000.000,-1,2,0,2,0,2,0,0,0,0,2,0,0,2,0,1,1,2
87,3887.193,6109.255,-289.665,-170.137,-0.985218,0.171274,0.003137,-0.171301,-0.985134,-0.012947,0.000872,-0.013293,0.999911,0,0.64617,-0.75904,38.770,-1.518,-1,375.000,-1,375.000,-1,300.000,300.000,300.000,300.000,-1,600.000,500.000,-1,675.000,700.000,950.000,-1,2,0,2,0,2,0,0,0,0,2,0,0,2,0,0,1,2
88,3848.554,6103.583,-289.353,-171.650,-0.989392,0.145210,0.004301,-0.145252,-0.989321,-0.012055,0.002504,-0.012552,0.999918,0,0.65088,-0.75636,39.053,-1.513,-1,375.000,-1,375.000,-1,300.000,300.000,300.000,300.000,-1,600.000,525.000,-1,675.000,700.000,875.000,-1,2,0,2,0,2,0,0,0,0,2,0,0,2,0,0,1,2
89,3809.504,6098.897,-288.997,-173.157,-0.992861,0.119149,0.005529,-0.119204,-0.992807,-0.011146,0.004162,-0.011725,0.999923,0,0.65550,-0.75332,39.330,-1.507,-1,375.000,-1,375.000,-1,300.000,300.000,300.000,300.000,-1,625.000,550.000,-1,650.000,700.000,825.000,-1,2,0,2,0,2,0,0,0,0,2,0,0,2,1,0,1,2
90,3770.077,6095.209,-288.618,-174.656,-0.995632,0.093123,0.006765,-0.093190,-0.995595,-0.010317,0.005774,-0.010903,0.999924,0,0.65998,-0.74991,39.599,-1.500,950.000,375.000,-1,375.000,-1,300.000,300.000,300.000,300.000,-1,625.000,575.000,-1,625.000,700.000,775.000,-1,1,0,2,0,2,0,0,0,0,2,0,0,2,1,0,1,2
91,3730.309,6092.532,-288.219,-176.149,-0.997710,0.067166,0.008003,-0.067241,-0.997691,-0.009569,0.007342,-0.010085,0.999922,0,0.66430,-0.74611,39.858,-1.492,850.000,375.000,-1,375.000,-1,300.000,325.000,300.000,300.000,-1,650.000,575.000,-1,600.000,700.000,700.000,-1,1,0,2,0,2,0,0,0,0,2,0,0,2,1,0,1,2
92,3690.238,6090.876,-287.801,-177.632,-0.999104,0.041308,0.009240,-0.041391,-0.999103,-0.008901,0.008864,-0.009275,0.999918,0,0.66843,-0.74191,40.106,-1.484,775.000,375.000,-1,375.000,-1,300.000,325.000,300.000,300.000,-1,650.000,575.000,-1,575.000,700.000,675.000,-1,1,0,2,0,2,0,0,0,0,2,0,0,2,1,0,1,2
93,3649.903,6090.247,-287.366,-179.107,-0.999824,0.015584,0.010473,-0.015672,-0.999843,-0.008311,0.010342,-0.008474,0.999911,0,0.67232,-0.73730,40.339,-1.475,700.000,375.000,-1,375.000,-1,325.000,325.000,300.000,300.000,-1,675.000,600.000,-1,550.000,700.000,625.000,-1,1,0,2,0,2,0,0,0,0,2,0,0,2,1,0,1,2
94,3609.348,6090.652,-286.915,-180.572,-0.999882,-0.009974,0.011699,0.009884,-0.999921,-0.007800,0.011776,-0.007683,0.999901,0,0.67595,-0.73225,40.557,-1.464,625.000,375.000,-1,400.000,-1,325.000,325.000,300.000,300.000,-1,675.000,600.000,-1,550.000,700.000,575.000,-1,1,1,2,0,2,0,0,0,0,2,0,0,2,1,0,1,2
95,3568.618,6092.092,-286.451,-182.025,-0.999292,-0.035335,0.012915,0.035242,-0.999352,-0.007365,0.013167,-0.006905,0.999889,0,0.67927,-0.72675,40.756,-1.454,550.000,375.000,-1,375.000,-1,325.000,325.000,300.000,300.000,-1,675.000,600.000,-1,525.000,700.000,550.000,-1,1,1,2,0,2,1,0,0,0,2,0,0,2,1,0,1,2
96,3527.759,6094.567,-285.976,-183.467,-0.998070,-0.060466,0.014118,0.060372,-0.998151,-0.007006,0.014515,-0.006140,0.999876,0,0.68223,-0.72080,40.934,-1.442,525.000,350.000,-1,375.000,-1,300.000,325.000,300.000,300.000,-1,700.000,625.000,-1,500.000,700.000,500.000,-1,1,1,2,0,2,1,1,0,0,2,0,0,2,1,0,1,2
97,3486.821,6098.073,-285.491,-184.895,-0.996235,-0.085335,0.015305,0.085241,-0.996338,-0.006720,0.015822,-0.005390,0.999860,0,0.68479,-0.71437,41.087,-1.429,475.000,350.000,-1,375.000,-1,300.000,325.000,300.000,300.000,-1,700.000,625.000,-1,500.000,725.000,475.000,-1,1,1,2,0,2,1,1,0,0,2,0,0,2,1,0,1,2
98,3445.857,6102.603,-285.000,-186.310,-0.993805,-0.109911,0.016475,0.109817,-0.993931,-0.006505,0.017090,-0.004656,0.999843,0,0.68689,-0.70745,41.214,-1.415,425.000,325.000,-1,375.000,-1,300.000,325.000,300.000,300.000,-1,700.000,625.000,-1,475.000,725.000,425.000,-1,1,1,2,0,2,1,0,0,0,2,0,0,2,1,0,1,2
99,3404.921,6108.146,-284.504,-187.710,-0.990802,-0.134164,0.017624,0.134071,-0.990951,-0.006361,0.018318,-0.003939,0.999824,0,0.68849,-0.70004,41.310,-1.400,400.000,325.000,-1,375.000,-1,300.000,325.000,300.000,300.000,-1,700.000,650.000,-1,475.000,725.000,400.000,-1,1,1,2,0,2,1,0,0,0,2,0,0,2,1,0,1,2
100,3364.070,6114.685,-284.005,-189.095,-0.987251,-0.158064,0.018753,0.157972,-0.987424,-0.006284,0.019510,-0.003242,0.999804,0,0.68953,-0.69212,41.372,-1.384,350.000,325.000,-1,375.000,-1,300.000,325.000,300.000,300.000,-1,725.000,650.000,-1,475.000,725.000,375.000,-1,1,1,2,0,2,1,0,0,0,2,0,0,2,1,0,1,2
101,3323.361,6122.202,-283.435,-190.462,-0.983179,-0.181582,0.019683,0.181499,-0.983373,-0.005945,0.020435,-0.002273,0.999789,0,0.68995,-0.68370,41.397,-1.367,325.000,325.000,-1,375.000,-1,300.000,325.000,300.000,300.000,-1,725.000,650.000,-1,475.000,725.000,350.000,-1,1,1,2,0,2,1,0,0,0,2,0,0,2,1,0,1,2
102,3278.105,6131.482,-280.869,-191.589,-0.979221,-0.200892,0.027741,0.200998,-0.979591,0.001068,0.026960,0.006622,0.999615,0,0.76995,-0.56370,46.197,-1.127,325.000,325.000,-1,400.000,-1,300.000,325.000,325.000,300.000,-1,575.000,475.000,-1,500.000,750.000,350.000,-1,1,1,2,0,2,1,0,0,0,2,0,0,2,1,0,1,2
103,3228.312,6142.498,-278.091,-192.477,-0.975723,-0.216018,0.036079,0.216431,-0.976266,0.007916,0.033513,0.015533,0.999318,0,0.84995,-0.44370,50.997,-0.887,325.000,350.000,-1,400.000,-1,325.000,325.000,350.000,300.000,-1,475.000,375.000,-1,550.000,775.000,375.000,-1,1,1,2,0,2,1,0,0,0,2,0,0,2,1,1,1,2
104,3173.971,6155.165,-274.932,-193.124,-0.972905,-0.227004,0.043880,0.227761,-0.973630,0.013048,0.039761,0.022688,0.998952,0,0.92995,-0.32370,55.797,-0.647,300.000,350.000,-1,425.000,-1,350.000,350.000,350.000,275.000,-1,425.000,325.000,-1,575.000,775.000,400.000,-1,1,1,2,0,2,1,0,0,0,2,0,0,2,1,1,1,2
105,3116.919,6168.892,-271.791,-193.532,-0.970915,-0.233883,0.051221,0.235020,-0.971836,0.017346,0.045721,0.028879,0.998537,0,0.97800,-0.20370,58.680,-0.407,300.000,375.000,-1,425.000,-1,350.000,350.000,350.000,275.000,-1,400.000,300.000,-1,575.000,775.000,425.000,-1,1,1,2,0,2,0,0,1,0,2,0,0,2,1,1,1,2
106,3060.035,6182.755,-268.866,-193.699,-0.969875,-0.236683,0.057652,0.238203,-0.970988,0.021017,0.051005,0.034117,0.998116,0,0.97581,-0.08370,58.548,-0.167,300.000,400.000,-1,450.000,-1,375.000,375.000,325.000,275.000,-1,375.000,275.000,950.000,550.000,800.000,450.000,-1,1,1,2,0,2,0,0,1,0,2,0,0,0,1,1,1,2
107,3003.301,6196.504,-266.113,-193.626,-0.969831,-0.235414,0.063314,0.237315,-0.971129,0.024297,0.055766,0.038589,0.997698,0,0.97292,0.03630,58.375,0.073,300.000,425.000,-1,450.000,-1,375.000,375.000,300.000,275.000,-1,375.000,250.000,900.000,550.000,800.000,450.000,-1,1,1,2,0,2,0,0,1,0,2,0,0,0,1,1,1,2
108,2946.701,6209.895,-263.482,-193.314,-0.970768,-0.230075,0.068380,0.232356,-0.972244,0.027414,0.060175,0.042501,0.997283,0,0.96938,0.15630,58.163,0.313,300.000,400.000,-1,450.000,-1,375.000,375.000,275.000,275.000,-1,350.000,225.000,850.000,525.000,825.000,400.000,-1,1,1,2,1,2,1,0,1,0,2,0,0,0,1,1,1,2
109,2888.181,6223.146,-260.837,-192.761,-0.972603,-0.220651,0.073189,0.223336,-0.974259,0.030679,0.064535,0.046184,0.996846,0,1.00000,0.27630,60.000,0.553,275.000,375.000,-1,450.000,-1,350.000,375.000,250.000,275.000,-1,325.000,200.000,825.000,500.000,850.000,375.000,-1,1,1,2,1,2,1,1,1,0,2,0,0,0,1,1,1,2
110,2829.485,6235.585,-258.202,-191.969,-0.975219,-0.207118,0.077777,0.210238,-0.977050,0.034243,0.068900,0.049746,0.996383,0,1.00000,0.39630,60.000,0.793,275.000,350.000,-1,425.000,-1,350.000,350.000,225.000,275.000,-1,300.000,175.000,775.000,475.000,850.000,350.000,-1,1,1,2,1,2,1,1,1,0,2,0,0,0,1,1,1,2
111,2770.573,6246.964,-255.517,-190.936,-0.978433,-0.189440,0.082349,0.193058,-0.980437,0.038370,0.073469,0.053441,0.995865,0,1.00000,0.51630,60.000,1.033,250.000,325.000,-1,400.000,-1,325.000,325.000,225.000,275.000,-1,275.000,150.000,750.000,425.000,825.000,300.000,-1,1,1,2,1,2,1,1,1,0,2,0,0,0,1,1,1,2
112,2711.423,6257.031,-252.716,-189.663,-0.982004,-0.167581,0.087094,0.171796,-0.984178,0.043351,0.078451,0.057533,0.995256,0,1.00000,0.63630,60.000,1.273,225.000,300.000,-1,375.000,-1,300.000,300.000,200.000,275.000,-1,275.000,125.000,725.000,400.000,775.000,250.000,-1,1,1,2,1,2,1,1,1,0,2,0,0,0,1,1,1,2
113,2652.028,6265.529,-248.779,-188.151,-0.985779,-0.141467,0.090697,0.146678,-0.987731,0.053592,0.082003,0.066133,0.994435,0,1.00000,0.75630,60.000,1.513,175.000,275.000,-1,350.000,-1,275.000,300.000,200.000,275.000,-1,275.000,150.000,650.000,375.000,675.000,225.000,-1,1,1,2,1,2,1,1,1,0,2,0,0,0,1,1,1,2
114,2592.398,6272.188,-241.487,-186.398,-0.988848,-0.111006,0.099281,0.118848,-0.989930,0.076897,0.089746,0.087838,0.992084,0,1.00000,0.87630,60.000,1.753,200.000,275.000,-1,325.000,-1,250.000,275.000,225.000,250.000,-1,325.000,175.000,525.000,350.000,625.000,225.000,-1,1,1,2,1,2,1,1,1,0,2,0,0,0,1,1,1,2
115,2532.590,6276.780,-230.696,-184.406,-0.990416,-0.076464,0.115021,0.086656,-0.992486,0.086382,0.107552,0.095522,0.989600,0,0.99971,0.99630,59.983,1.993,225.000,275.000,-1,350.000,-1,250.000,275.000,225.000,275.000,-1,325.000,175.000,475.000,375.000,650.000,250.000,-1,1,1,2,1,2,1,1,1,0,2,0,0,0,1,1,1,2
116,2473.643,6279.242,-219.994,-182.406,-0.990534,-0.041754,0.130764,0.054519,-0.993924,0.095613,0.125977,0.101837,0.986792,0,0.98326,1.00000,58.995,2.000,250.000,275.000,-1,350.000,-1,250.000,275.000,225.000,275.000,-1,300.000,175.000,450.000,375.000,-1,275.000,-1,1,1,2,1,2,1,1,1,0,2,0,0,0,1,2,1,2
117,-9511.017,-2295.763,-192.339,21.144,0.932478,-0.360702,-0.019462,0.360755,0.932660,-0.000869,0.018465,-0.006211,0.999810,1,0.00000,0.00000,57.932,2.000,-1,375.000,-1,400.000,-1,325.000,325.000,300.000,300.000,-1,450.000,475.000,-1,750.000,825.000,-1,-1,2,0,2,0,2,0,0,0,0,2,1,1,2,0,0,2,2
118,-9506.532,-2294.050,-192.238,20.904,0.933982,-0.356793,-0.019403,0.356843,0.934164,-0.000912,0.018451,-0.006072,0.999811,0,0.08000,-0.12000,4.800,-0.240,-1,375.000,-1,400.000,-1,325.000,325.000,300.000,300.000,-1,450.000,475.000,-1,750.000,825.000,-1,-1,2,0,2,0,2,0,0,0,0,2,1,1,2,0,0,2,2
119,-9497.536,-2290.700,-192.037,20.424,0.936941,-0.348955,-0.019288,0.349002,0.937122,-0.000996,0.018423,-0.005799,0.999813,0,0.16000,-0.24000,9.600,-0.480,-1,375.000,-1,400.000,-1,325.000,325.000,300.000,300.000,-1,450.000,475.000,-1,750.000,825.000,-1,-1,2,0,2,0,2,0,0,0,0,2,1,1,2,0,0,2,2
120,-9483.979,-2285.845,-191.736,19.704,0.941256,-0.337152,-0.019125,0.337193,0.941435,-0.001121,0.018383,-0.005393,0.999816,0,0.24000,-0.36000,14.400,-0.720,-1,375.000,-1,400.000,-1,325.000,325.000,300.000,300.000,-1,475.000,475.000,-1,750.000,825.000,-1,-1,2,0,2,0,2,0,0,0,0,2,1,1,2,0,0,2,2
121,-9465.797,-2279.675,-191.336,18.744,0.946777,-0.321332,-0.018923,0.321367,0.946954,-0.001287,0.018333,-0.004863,0.999820,0,0.32000,-0.48000,19.200,-0.960,-1,375.000,-1,400.000,-1,325.000,325.000,300.000,300.000,-1,500.000,500.000,-1,750.000,825.000,-1,-1,2,0,2,0,2,0,0,0,0,2,1,1,2,0,0,2,2
122,-9442.914,-2272.441,-190.836,17.544,0.953305,-0.301431,-0.018695,0.301457,0.953479,-0.001489,0.018274,-0.004216,0.999824,0,0.40000,-0.60000,24.000,-1.200,-1,375.000,-1,400.000,-1,325.000,325.000,300.000,300.000,-1,525.000,525.000,-1,750.000,825.000,-1,-1,2,0,2,0,2,0,0,0,0,2,1,1,2,0,0,2,2
123,-9415.244,-2264.452,-190.240,16.104,0.960584,-0.277376,-0.018455,0.277392,0.960755,-0.001724,0.018209,-0.003463,0.999828,0,0.48000,-0.72000,28.800,-1.440,-1,375.000,-1,400.000,-1,325.000,325.000,300.000,300.000,-1,575.000,550.000,-1,750.000,825.000,-1,-1,2,0,2,0,2,0,0,0,0,2,1,1,2,0,0,2,2
124,-9386.528,-2257.042,-189.631,14.471,0.968103,-0.249886,-0.018244,0.249892,0.968272,-0.001971,0.018157,-0.002650,0.999832,0,0.49428,-0.81648,29.657,-1.633,-1,400.000,-1,400.000,-1,325.000,325.000,300.000,300.000,-1,625.000,575.000,-1,750.000,850.000,-1,-1,2,0,2,0,2,0,0,0,0,2,1,1,2,0,0,2,2
125,-9357.373,-2250.392,-189.022,12.847,0.974799,-0.222352,-0.018064,0.222349,0.974965,-0.002203,0.018101,-0.001869,0.999834,0,0.49840,-0.81178,29.904,-1.624,-1,400.000,-1,400.000,-1,325.000,325.000,300.000,300.000,-1,675.000,625.000,-1,750.000,850.000,-1,-1,2,0,2,0,2,0,0,0,0,2,1,1,2,0,0,2,2
126,-9327.798,-2244.519,-188.414,11.233,0.980679,-0.194801,-0.017911,0.194789,0.980842,-0.002417,0.018038,-0.001118,0.999837,0,0.50253,-0.80707,30.152,-1.614,-1,400.000,-1,400.000,-1,325.000,325.000,300.000,300.000,-1,750.000,650.000,-1,775.000,850.000,-1,-1,2,0,2,0,2,0,0,0,0,2,1,1,2,0,0,2,2
127,-9297.826,-2239.434,-187.807,9.628,0.985753,-0.167257,-0.017780,0.167237,0.985913,-0.002611,0.017966,-0.000399,0.999839,0,0.50667,-0.80235,30.400,-1.605,-1,400.000,-1,400.000,-1,325.000,325.000,300.000,300.000,-1,875.000,700.000,-1,775.000,875.000,-1,-1,2,0,2,0,2,0,0,0,0,2,1,1,2,0,0,2,2
128,-9267.479,-2235.151,-187.203,8.033,0.990030,-0.139746,-0.017667,0.139719,0.990187,-0.002785,0.017883,0.000289,0.999840,0,0.51080,-0.79761,30.648,-1.595,-1,400.000,-1,400.000,-1,325.000,325.000,300.000,300.000,-1,-1,725.000,-1,775.000,875.000,-1,-1,2,0,2,0,2,0,0,0,0,2,2,1,2,0,0,2,2
129,-9236.779,-2231.682,-186.601,6.447,0.993520,-0.112291,-0.017565,0.112257,0.993675,-0.002936,0.017784,0.000946,0.999841,0,0.51491,-0.79287,30.895,-1.586,-1,400.000,-1,425.000,-1,325.000,325.000,300.000,300.000,-1,-1,800.000,-1,775.000,900.000,-1,-1,2,0,2,0,2,0,0,0,0,2,2,1,2,0,0,2,2
130,-9205.752,-2229.038,-186.025,4.871,0.996234,-0.084915,-0.017532,0.084873,0.996387,-0.003158,0.017737,0.001659,0.999841,0,0.51900,-0.78813,31.140,-1.576,-1,400.000,-1,425.000,-1,325.000,325.000,300.000,300.000,-1,-1,875.000,-1,775.000,900.000,-1,-1,2,0,2,0,2,0,0,0,0,2,2,1,2,0,0,2,2
131,-9174.420,-2227.228,-185.611,3.304,0.998187,-0.057641,-0.017306,0.057581,0.998333,-0.003938,0.017504,0.002934,0.999842,0,0.52306,-0.78338,31.384,-1.567,-1,400.000,-1,425.000,-1,325.000,325.000,300.000,300.000,-1,-1,-1,-1,800.000,925.000,-1,-1,2,0,2,0,2,0,0,0,0,2,2,2,2,0,0,2,2
132,-9142.810,-2226.264,-185.316,1.747,0.999397,-0.030488,-0.016586,0.030418,0.999527,-0.004481,0.016715,0.003973,0.999852,0,0.52708,-0.77863,31.625,-1.557,-1,400.000,-1,425.000,-1,325.000,325.000,300.000,300.000,-1,-1,-1,-1,800.000,925.000,-1,-1,2,0,2,0,2,0,0,0,0,2,2,2,2,0,0,2,2
133,-9110.947,-2226.153,-185.061,0.199,0.999870,-0.003480,-0.015726,0.003403,0.999982,-0.004904,0.015743,0.004850,0.999864,0,0.53105,-0.77389,31.863,-1.548,-1,400.000,-1,425.000,-1,325.000,325.000,300.000,300.000,-1,-1,-1,-1,825.000,925.000,-1,-1,2,0,2,0,2,0,0,0,0,2,2,2,2,0,0,2,2
134,-9078.857,-2226.903,-184.809,-1.339,0.999617,0.023366,-0.014841,-0.023448,0.999711,-0.005373,0.014711,0.005719,0.999875,0,0.53498,-0.76914,32.099,-1.538,-1,400.000,-1,425.000,-1,325.000,325.000,300.000,300.000,-1,-1,-1,-1,825.000,925.000,-1,-1,2,0,2,0,2,0,0,0,0,2,2,2,2,0,0,2,2
135,-9046.567,-2228.521,-184.563,-2.868,0.998651,0.050029,-0.013932,-0.050115,0.998726,-0.005888,0.013620,0.006578,0.999886,0,0.53885,-0.76441,32.331,-1.529,-1,400.000,-1,425.000,-1,325.000,325.000,300.000,300.000,-1,-1,-1,-1,825.000,925.000,-1,-1,2,0,2,0,2,0,0,0,0,2,2,2,2,0,0,2,2
