timestep,x_cm,y_cm,z_cm,yaw_deg,basis_xx,basis_xy,basis_xz,basis_yx,basis_yy,basis_yz,basis_zx,basis_zy,basis_zz,teleport_flag,throttle_cmd,steering_cmd,cmd_move_cm,cmd_turn_deg,lidar_cm_0,lidar_cm_1,lidar_cm_2,lidar_cm_3,lidar_cm_4,lidar_cm_5,lidar_cm_6,lidar_cm_7,lidar_cm_8,lidar_cm_9,lidar_cm_10,lidar_cm_11,lidar_cm_12,lidar_cm_13,lidar_cm_14,lidar_cm_15,lidar_cm_16,lidar_class_0,lidar_class_1,lidar_class_2,lidar_class_3,lidar_class_4,lidar_class_5,lidar_class_6,lidar_class_7,lidar_class_8,lidar_class_9,lidar_class_10,lidar_class_11,lidar_class_12,lidar_class_13,lidar_class_14,lidar_class_15,lidar_class_16
0,-5571.118,4265.688,-30.854,26.295,0.894732,-0.442849,-0.057788,0.443572,0.896239,-0.000353,0.051949,-0.025317,0.998329,1,0.08000,0.08610,4.800,0.172,-1,425.000,-1,425.000,-1,325.000,325.000,300.000,300.000,-1,925.000,-1,-1,-1,-1,-1,-1,2,0,2,0,2,0,0,0,0,2,0,2,2,2,2,2,2
1,-5562.524,4269.967,-30.354,26.468,0.893405,-0.445548,-0.057577,0.446285,0.894891,-0.000073,0.051558,-0.025631,0.998341,0,0.16000,0.08645,9.600,0.173,-1,425.000,-1,425.000,-1,325.000,325.000,300.000,300.000,-1,950.000,-1,-1,-1,-1,-1,-1,2,0,2,0,2,0,0,0,0,2,0,2,2,2,2,2,2
2,-5549.653,4276.424,-29.608,26.642,0.892066,-0.448263,-0.057253,0.449018,0.893523,0.000355,0.050998,-0.026025,0.998360,0,0.24000,0.08715,14.400,0.174,-1,425.000,-1,425.000,-1,325.000,325.000,300.000,300.000,-1,1000.000,-1,-1,-1,-1,-1,-1,2,0,2,0,2,0,0,0,0,2,0,2,2,2,2,2,2
3,-5532.518,4285.086,-28.621,26.818,0.890710,-0.451007,-0.056820,0.451784,0.892127,0.000938,0.050267,-0.026506,0.998384,0,0.32000,0.08821,19.200,0.176,-1,425.000,-1,425.000,-1,325.000,325.000,300.000,300.000,-1,-1,-1,-1,-1,-1,-1,-1,2,0,2,0,2,0,0,0,0,2,2,2,2,2,2,2,2
4,-5511.134,4295.981,-27.399,26.998,0.889330,-0.453790,-0.056280,0.454594,0.890697,0.001685,0.049364,-0.027084,0.998414,0,0.40000,0.08966,24.000,0.179,-1,425.000,-1,425.000,-1,325.000,325.000,300.000,300.000,-1,-1,-1,-1,-1,-1,-1,-1,2,0,2,0,2,0,0,0,0,2,2,2,2,2,2,2,2
5,-5485.515,4309.137,-25.949,27.181,0.887918,-0.456624,-0.055641,0.457460,0.889226,0.002609,0.048286,-0.027771,0.998447,0,0.48000,0.09151,28.800,0.183,-1,425.000,-1,450.000,-1,325.000,325.000,300.000,300.000,-1,-1,-1,-1,-1,-1,-1,-1,2,0,2,0,2,0,0,0,0,2,2,2,2,2,2,2,2
6,-5455.703,4324.637,-24.280,27.470,0.885649,-0.461096,-0.054921,0.461972,0.886887,0.003725,0.046991,-0.028671,0.998484,0,0.56000,0.14465,33.600,0.289,-1,425.000,-1,450.000,-1,325.000,350.000,300.000,300.000,-1,-1,-1,-1,-1,-1,-1,-1,2,0,2,0,2,0,0,0,0,2,2,2,2,2,2,2,2
7,-5421.725,4342.525,-22.452,27.765,0.883331,-0.465640,-0.053907,0.466549,0.884481,0.004957,0.045372,-0.029529,0.998534,0,0.64000,0.14734,38.400,0.295,-1,425.000,-1,450.000,-1,325.000,350.000,300.000,300.000,-1,-1,-1,-1,-1,-1,-1,-1,2,0,2,0,2,0,0,0,0,2,2,2,2,2,2,2,2
8,-5383.605,4362.850,-20.536,28.066,0.880947,-0.470270,-0.052706,0.471197,0.882007,0.006036,0.043648,-0.030152,0.998592,0,0.72000,0.15047,43.200,0.301,-1,425.000,-1,475.000,-1,350.000,350.000,300.000,300.000,-1,-1,-1,-1,-1,-1,-1,-1,2,0,2,0,2,0,0,0,0,2,2,2,2,2,2,2,2
9,-5341.372,4385.661,-18.514,28.374,0.878484,-0.474999,-0.051392,0.475936,0.879451,0.007076,0.041836,-0.030675,0.998653,0,0.80000,0.15407,48.000,0.308,-1,450.000,-1,475.000,-1,350.000,375.000,300.000,300.000,-1,-1,-1,-1,-1,-1,-1,-1,2,0,2,0,2,0,0,0,0,2,2,2,2,2,2,2,2
10,-5296.955,4409.969,-16.941,28.690,0.876037,-0.479865,-0.047847,0.480711,0.876849,0.007335,0.038435,-0.029426,0.998828,0,0.84389,0.15815,50.633,0.316,-1,450.000,-1,475.000,-1,350.000,375.000,300.000,300.000,-1,-1,-1,-1,-1,-1,-1,-1,2,0,2,0,2,0,0,0,0,2,2,2,2,2,2,2,2
11,-5252.552,4434.597,-15.811,29.015,0.873548,-0.484869,-0.042617,0.485559,0.874176,0.007001,0.033860,-0.026808,0.999067,0,0.84626,0.16256,50.776,0.325,-1,450.000,-1,475.000,-1,350.000,375.000,300.000,300.000,-1,-1,-1,-1,-1,-1,-1,-1,2,0,2,0,2,0,0,0,0,2,2,2,2,2,2,2,2
12,-5208.179,4459.548,-14.751,29.349,0.870927,-0.489991,-0.037352,0.490542,0.871391,0.006779,0.029226,-0.024226,0.999279,0,0.84847,0.16706,50.908,0.334,-1,475.000,-1,475.000,-1,375.000,375.000,300.000,275.000,-1,-1,-1,-1,-1,-1,-1,-1,2,0,2,0,2,0,0,0,0,2,2,2,2,2,2,2,2
13,-5163.849,4484.825,-13.762,29.693,0.868169,-0.495232,-0.032054,0.495662,0.868490,0.006673,0.024534,-0.021682,0.999464,0,0.85050,0.17167,51.030,0.343,-1,475.000,-1,475.000,-1,375.000,375.000,300.000,275.000,-1,-1,-1,-1,-1,-1,-1,-1,2,0,2,0,2,0,0,0,0,2,2,2,2,2,2,2,2
14,-5119.580,4510.431,-12.962,30.046,0.865254,-0.500591,-0.027292,0.500929,0.865461,0.006908,0.020162,-0.019649,0.999604,0,0.85235,0.17638,51.141,0.353,-1,475.000,-1,475.000,-1,375.000,375.000,300.000,275.000,-1,-1,-1,-1,-1,-1,-1,-1,2,0,2,0,2,0,0,0,0,2,2,2,2,2,2,2,2
15,-5075.389,4536.366,-12.356,30.408,0.862202,-0.506069,-0.022413,0.506333,0.862302,0.007886,0.015336,-0.018148,0.999718,0,0.85400,0.18118,51.240,0.362,-1,475.000,-1,475.000,-1,375.000,375.000,325.000,275.000,-1,-1,-1,-1,-1,-1,-1,-1,2,0,2,0,2,0,0,0,0,2,2,2,2,2,2,2,2
16,-5031.293,4562.632,-12.438,30.780,0.859025,-0.511649,-0.017075,0.511865,0.858980,0.012187,0.008432,-0.019209,0.999780,0,0.85545,0.18609,51.327,0.372,-1,475.000,-1,475.000,-1,375.000,375.000,300.000,275.000,-1,-1,-1,-1,-1,-1,-1,-1,2,0,2,0,2,0,0,0,0,2,2,2,2,2,2,2,2
17,-4987.309,4589.231,-12.800,31.162,0.855696,-0.517347,-0.011627,0.517478,0.855514,0.017676,0.000803,-0.021142,0.999776,0,0.85668,0.19109,51.401,0.382,-1,475.000,-1,450.000,-1,350.000,350.000,300.000,300.000,-1,-1,-1,-1,-1,-1,-1,-1,2,0,2,0,2,0,0,0,0,2,2,2,2,2,2,2,2
18,-4943.457,4616.162,-13.232,31.555,0.852205,-0.523172,-0.006234,0.523164,0.851915,0.023255,-0.006856,-0.023080,0.999710,0,0.85769,0.19619,51.462,0.392,-1,450.000,-1,450.000,-1,350.000,350.000,300.000,300.000,-1,-1,-1,-1,-1,-1,-1,-1,2,0,2,0,2,0,0,0,0,2,2,2,2,2,2,2,2
19,-4899.755,4643.426,-13.743,31.957,0.848545,-0.529123,-0.000907,0.528924,0.848177,0.028882,-0.014513,-0.024988,0.999582,0,0.85847,0.20137,51.508,0.403,1000.000,450.000,-1,450.000,-1,350.000,350.000,300.000,300.000,-1,-1,-1,-1,1000.000,-1,-1,-1,1,0,2,0,2,0,0,0,0,2,2,2,2,1,2,2,2
20,-4856.224,4671.022,-14.416,32.371,0.844711,-0.535205,0.004307,0.534773,0.844304,0.034175,-0.021927,-0.026564,0.999407,0,0.85901,0.20664,51.541,0.413,925.000,450.000,-1,450.000,-1,350.000,350.000,300.000,300.000,-1,-1,-1,-1,950.000,-1,-1,-1,1,0,2,0,2,0,0,0,0,2,2,2,2,1,2,2,2
21,-4812.883,4698.949,-15.176,32.795,0.840702,-0.541416,0.009447,0.540704,0.840286,0.039487,-0.029317,-0.028089,0.999175,0,0.85931,0.21199,51.559,0.424,875.000,450.000,-1,450.000,-1,350.000,350.000,275.000,300.000,-1,-1,-1,-1,900.000,-1,-1,-1,1,0,2,0,2,0,0,0,0,2,2,2,2,1,2,2,2
22,-4769.753,4727.205,-16.343,33.229,0.836504,-0.547773,0.014367,0.546794,0.836146,0.043322,-0.035744,-0.028383,0.998958,0,0.85935,0.21741,51.561,0.435,800.000,425.000,-1,450.000,-1,350.000,350.000,275.000,300.000,-1,-1,-1,-1,875.000,-1,-1,-1,1,0,2,0,2,0,0,0,0,2,2,2,2,1,2,2,2
23,-4726.855,4755.787,-18.176,33.675,0.832107,-0.554290,0.018996,0.553138,0.831901,0.044473,-0.040454,-0.026498,0.998830,0,0.85914,0.22290,51.548,0.446,775.000,425.000,-1,450.000,-1,350.000,350.000,275.000,300.000,-1,-1,-1,-1,850.000,-1,-1,-1,1,0,2,0,2,0,0,0,0,2,2,2,2,1,2,2,2
24,-4684.209,4784.695,-20.094,34.132,0.827524,-0.560934,0.023608,0.559612,0.827496,0.045658,-0.045147,-0.024572,0.998678,0,0.85866,0.22843,51.520,0.457,725.000,425.000,-1,450.000,-1,350.000,350.000,275.000,300.000,-1,-1,-1,-1,800.000,-1,950.000,-1,1,0,2,0,2,0,0,0,0,2,2,2,2,1,2,1,2
25,-4645.635,4811.055,-22.131,34.349,0.825203,-0.564095,0.028925,0.562612,0.825415,0.046446,-0.050075,-0.022054,0.998502,0,0.77866,0.10843,46.720,0.217,700.000,425.000,-1,450.000,-1,350.000,350.000,275.000,300.000,-1,-1,-1,-1,775.000,-1,900.000,-1,1,0,2,0,2,0,0,0,0,2,2,2,2,1,2,1,2
26,-4610.796,4834.843,-24.136,34.326,0.825202,-0.563792,0.034344,0.562168,0.825687,0.046989,-0.054849,-0.019469,0.998305,0,0.70309,-0.01157,42.185,-0.023,650.000,425.000,-1,450.000,-1,350.000,350.000,300.000,300.000,-1,-1,-1,-1,750.000,-1,850.000,-1,1,0,2,0,2,0,0,0,0,2,2,2,2,1,2,1,2
27,-4575.933,4858.413,-26.173,34.063,0.827523,-0.560019,0.039812,0.558264,0.828304,0.047474,-0.059563,-0.017060,0.998079,0,0.70137,-0.13157,42.082,-0.263,625.000,425.000,-1,425.000,-1,350.000,350.000,300.000,300.000,-1,-1,-1,-1,725.000,975.000,800.000,-1,1,0,2,0,2,0,0,0,0,2,2,2,2,1,0,1,2
28,-4538.951,4882.946,-28.456,33.560,0.832129,-0.552741,0.045155,0.550858,0.833217,0.048012,-0.064162,-0.015079,0.997826,0,0.73964,-0.25157,44.379,-0.503,600.000,425.000,-1,425.000,-1,350.000,350.000,300.000,300.000,-1,-1,-1,-1,725.000,950.000,775.000,-1,1,0,2,0,2,0,0,0,0,2,2,2,2,1,0,1,2
29,-4501.618,4907.020,-30.977,32.816,0.838983,-0.541896,0.049555,0.539887,0.840327,0.048699,-0.068032,-0.014104,0.997583,0,0.74036,-0.37157,44.421,-0.743,575.000,425.000,-1,425.000,-1,350.000,350.000,300.000,300.000,-1,-1,-1,-1,700.000,925.000,750.000,-1,1,0,2,0,2,0,0,0,0,2,2,2,2,1,0,1,2
30,-4463.911,4930.493,-34.154,31.902,0.847468,-0.528396,0.050948,0.526237,0.848851,0.050268,-0.069809,-0.015789,0.997435,0,0.74026,-0.45744,44.416,-0.915,575.000,425.000,-1,425.000,-1,350.000,350.000,300.000,300.000,-1,-1,-1,-1,700.000,900.000,725.000,-1,1,0,2,0,2,0,0,0,0,2,2,2,2,1,0,1,2
31,-4425.887,4953.343,-37.359,31.003,0.855588,-0.515000,0.052388,0.512689,0.857013,0.051756,-0.071551,-0.017423,0.997285,0,0.73935,-0.44946,44.361,-0.899,550.000,425.000,-1,425.000,-1,350.000,350.000,300.000,300.000,-1,-1,-1,-1,675.000,900.000,700.000,-1,1,0,2,0,2,0,0,0,0,2,2,2,2,1,0,1,2
32,-4387.595,4975.560,-40.767,30.120,0.863332,-0.501722,0.054150,0.499206,0.864810,0.053823,-0.073834,-0.019435,0.997081,0,0.73784,-0.44119,44.270,-0.882,525.000,425.000,-1,425.000,-1,350.000,350.000,300.000,300.000,-1,-1,-1,-1,675.000,900.000,675.000,-1,1,0,2,0,2,0,0,0,0,2,2,2,2,1,0,1,2
33,-4349.082,4997.134,-44.377,29.255,0.870703,-0.488580,0.056258,0.485797,0.872246,0.056468,-0.076660,-0.021837,0.996818,0,0.73572,-0.43267,44.143,-0.865,500.000,425.000,-1,425.000,-1,350.000,350.000,300.000,300.000,-1,-1,-1,-1,650.000,875.000,625.000,-1,1,0,2,0,2,0,0,0,0,2,2,2,2,1,0,1,2
34,-4310.397,5018.058,-47.983,28.407,0.877725,-0.475594,0.058378,0.472541,0.879332,0.058990,-0.079388,-0.024191,0.996550,0,0.73300,-0.42392,43.980,-0.848,475.000,425.000,-1,425.000,-1,350.000,350.000,300.000,300.000,-1,-1,-1,-1,625.000,850.000,600.000,-1,1,0,2,0,2,0,0,0,0,2,2,2,2,1,0,1,2
35,-4271.592,5038.326,-51.580,27.577,0.884406,-0.462780,0.060501,0.459455,0.886077,0.061391,-0.082019,-0.026497,0.996278,0,0.72966,-0.41499,43.780,-0.830,450.000,425.000,-1,425.000,-1,325.000,325.000,300.000,300.000,-1,-1,-1,-1,625.000,850.000,575.000,-1,1,0,2,0,2,0,0,0,0,2,2,2,2,1,0,1,2
36,-4232.713,5057.937,-55.166,26.765,0.890754,-0.450151,0.062623,0.446552,0.892489,0.063673,-0.084553,-0.028753,0.996004,0,0.72573,-0.40592,43.544,-0.812,425.000,425.000,-1,400.000,-1,325.000,325.000,300.000,300.000,-1,-1,-1,-1,625.000,825.000,550.000,-1,1,0,2,0,2,0,0,0,0,2,2,2,2,1,0,1,2
37,-4193.809,5076.890,-58.735,25.972,0.896778,-0.437719,0.064738,0.433845,0.898579,0.065840,-0.086991,-0.030958,0.995728,0,0.72123,-0.39676,43.274,-0.794,400.000,400.000,-1,400.000,-1,325.000,325.000,300.000,300.000,-1,-1,-1,-1,600.000,825.000,525.000,-1,1,0,2,0,2,0,0,1,0,2,2,2,2,1,0,1,2
38,-4154.926,5095.186,-62.284,25.197,0.902490,-0.425493,0.066840,0.421345,0.904356,0.067893,-0.089335,-0.033110,0.995451,0,0.71620,-0.38757,42.972,-0.775,375.000,400.000,-1,400.000,-1,325.000,325.000,275.000,300.000,-1,-1,-1,-1,600.000,800.000,500.000,-1,1,0,2,0,2,0,0,1,0,2,2,2,2,1,0,1,2
39,-4116.106,5112.828,-65.810,24.439,0.907909,-0.413461,0.068926,0.409039,0.909841,0.069836,-0.091586,-0.035211,0.995174,0,0.71067,-0.37905,42.640,-0.758,350.000,400.000,-1,400.000,-1,325.000,325.000,275.000,300.000,-1,-1,-1,-1,600.000,800.000,475.000,-1,1,0,2,0,2,0,0,1,0,2,2,2,2,1,0,1,2
40,-4077.384,5129.815,-69.310,23.685,0.913137,-0.401424,0.070991,0.396730,0.915133,0.071671,-0.093737,-0.037281,0.994899,0,0.70472,-0.37692,42.283,-0.754,350.000,400.000,-1,400.000,-1,325.000,325.000,275.000,325.000,-1,-1,-1,-1,600.000,775.000,450.000,-1,1,1,2,0,2,0,0,1,0,2,2,2,2,1,0,1,2
41,-4038.795,5146.144,-73.029,22.934,0.918197,-0.389390,0.072725,0.384545,0.920272,0.072282,-0.095073,-0.038403,0.994729,0,0.69835,-0.37514,41.901,-0.750,325.000,400.000,-1,400.000,-1,325.000,325.000,250.000,300.000,-1,-1,-1,-1,600.000,775.000,425.000,-1,1,1,2,0,2,0,0,1,0,2,2,2,2,1,0,1,2
42,-4000.368,5161.816,-76.796,22.187,0.923089,-0.377341,0.074300,0.372391,0.925244,0.072443,-0.096081,-0.039202,0.994601,0,0.69166,-0.37370,41.500,-0.747,300.000,400.000,-1,400.000,-1,325.000,325.000,250.000,300.000,-1,-1,-1,-1,600.000,775.000,450.000,-1,1,1,2,0,2,0,0,1,0,2,2,2,2,1,0,1,2
43,-3962.128,5176.835,-80.494,21.442,0.927823,-0.365263,0.075686,0.360214,0.930040,0.072602,-0.096910,-0.040098,0.994485,0,0.68471,-0.37260,41.083,-0.745,300.000,375.000,-1,400.000,-1,325.000,325.000,250.000,300.000,-1,-1,-1,-1,600.000,750.000,450.000,-1,1,1,2,0,2,0,0,1,0,2,2,2,2,1,0,1,2
44,-3924.096,5191.206,-84.151,20.698,0.932393,-0.353148,0.077010,0.348006,0.934670,0.072694,-0.097651,-0.040979,0.994377,0,0.67759,-0.37184,40.656,-0.744,275.000,375.000,-1,400.000,-1,325.000,325.000,225.000,300.000,-1,-1,-1,-1,625.000,750.000,500.000,-1,1,1,2,0,2,0,0,1,0,2,2,2,2,1,0,1,2
45,-3881.609,5206.559,-88.208,19.867,0.937317,-0.339539,0.078425,0.334302,0.939656,0.072722,-0.098384,-0.041946,0.994264,0,0.75293,-0.41557,45.176,-0.831,275.000,375.000,-1,400.000,-1,325.000,325.000,225.000,300.000,-1,-1,-1,-1,650.000,750.000,-1,-1,1,1,2,0,2,0,0,1,0,2,2,2,2,1,0,2,2
46,-3839.122,5221.235,-91.947,19.057,0.942076,-0.326224,0.077908,0.321169,0.944375,0.070755,-0.096657,-0.041635,0.994447,0,0.74918,-0.40505,44.951,-0.810,300.000,375.000,-1,400.000,-1,325.000,325.000,225.000,300.000,-1,-1,-1,-1,675.000,750.000,-1,-1,1,1,2,0,2,0,0,1,0,2,2,2,2,1,0,2,2
47,-3796.696,5235.239,-95.449,18.268,0.946595,-0.313214,0.076514,0.308484,0.948822,0.067635,-0.093782,-0.040419,0.994772,0,0.74463,-0.39422,44.678,-0.788,350.000,375.000,-1,400.000,-1,325.000,325.000,225.000,300.000,-1,-1,-1,-1,750.000,750.000,-1,-1,1,1,2,0,2,0,0,1,0,2,2,2,2,0,0,2,2
48,-3754.393,5248.578,-99.044,17.502,0.950806,-0.300506,0.075258,0.296027,0.952954,0.065160,-0.091298,-0.039676,0.995033,0,0.73928,-0.38314,44.357,-0.766,-1,400.000,-1,400.000,-1,325.000,325.000,200.000,300.000,875.000,-1,-1,-1,750.000,750.000,-1,-1,2,1,2,0,2,0,0,1,0,1,2,2,2,0,0,2,2
49,-3712.271,5261.261,-102.806,16.758,0.954729,-0.288117,0.074035,0.283857,0.956796,0.062979,-0.088981,-0.039113,0.995265,0,0.73316,-0.37188,43.990,-0.744,-1,400.000,-1,400.000,-1,325.000,325.000,200.000,300.000,825.000,-1,-1,-1,775.000,750.000,-1,-1,2,1,2,0,2,0,0,1,0,1,2,2,2,0,0,2,2
50,-3665.432,5274.916,-107.020,16.255,0.957324,-0.279704,0.072771,0.275666,0.959328,0.060811,-0.086821,-0.038155,0.995493,0,0.81316,-0.25188,48.790,-0.504,-1,400.000,-1,400.000,-1,350.000,325.000,200.000,300.000,775.000,-1,-1,-1,775.000,775.000,-1,-1,2,1,2,0,2,0,0,1,0,1,2,2,2,0,0,2,2
51,-3613.915,5289.678,-111.720,15.991,0.958692,-0.275297,0.071566,0.271468,0.960648,0.058819,-0.084943,-0.036962,0.995700,0,0.89316,-0.13188,53.590,-0.264,-1,400.000,-1,400.000,-1,350.000,325.000,200.000,300.000,750.000,-1,-1,-1,775.000,775.000,-1,-1,2,1,2,0,2,0,0,1,0,1,2,2,2,0,0,2,2
52,-3557.778,5305.740,-116.953,15.967,0.958880,-0.274911,0.070520,0.271259,0.960807,0.057174,-0.083474,-0.035694,0.995870,0,0.97316,-0.01188,58.390,-0.024,-1,425.000,-1,400.000,-1,350.000,350.000,200.000,300.000,700.000,-1,-1,-1,775.000,775.000,-1,-1,2,0,2,0,2,0,0,1,0,1,2,2,2,0,0,2,2
53,-3500.281,5322.425,-122.464,16.183,0.957885,-0.278546,0.069770,0.275017,0.959801,0.056100,-0.082592,-0.034550,0.995984,0,0.99783,0.10812,59.870,0.216,-1,425.000,-1,400.000,-1,350.000,350.000,175.000,300.000,675.000,-1,-1,-1,775.000,775.000,-1,-1,2,0,2,0,2,0,0,1,0,1,2,2,2,0,0,2,2
54,-3443.469,5339.404,-128.083,16.640,0.955659,-0.286190,0.069365,0.282726,0.957584,0.055665,-0.082353,-0.033586,0.996037,0,0.98825,0.22812,59.295,0.456,-1,425.000,-1,400.000,-1,350.000,350.000,175.000,300.000,650.000,-1,-1,-1,775.000,775.000,-1,-1,2,0,2,0,2,0,0,1,0,1,2,2,2,0,0,2,2
55,-3387.402,5356.905,-133.824,17.336,0.952106,-0.297812,0.069296,0.294356,0.954061,0.055883,-0.082755,-0.032809,0.996030,0,0.97893,0.34812,58.736,0.696,-1,425.000,-1,400.000,-1,350.000,325.000,175.000,300.000,650.000,-1,-1,-1,775.000,775.000,-1,-1,2,0,2,0,2,0,0,1,0,1,2,2,2,0,0,2,2
56,-3332.132,5375.154,-139.645,18.272,0.947083,-0.313365,0.069538,0.309839,0.949078,0.057008,-0.083861,-0.032446,0.995949,0,0.97007,0.46812,58.204,0.936,-1,400.000,-1,400.000,-1,325.000,325.000,175.000,300.000,625.000,-1,650.000,-1,750.000,750.000,-1,-1,2,0,2,0,2,0,0,1,0,1,2,0,2,0,0,2,2
57,-3277.695,5394.318,-145.429,19.393,0.940777,-0.331865,0.069312,0.328178,0.942743,0.059452,-0.085074,-0.033184,0.995822,0,0.96185,0.56050,57.711,1.121,-1,400.000,-1,400.000,-1,325.000,325.000,175.000,300.000,625.000,-1,675.000,-1,725.000,750.000,-1,-1,2,0,2,0,2,0,0,1,0,1,2,0,2,0,0,2,2
58,-3224.072,5414.383,-151.415,20.514,0.934099,-0.350225,0.069302,0.346278,0.936021,0.062902,-0.086898,-0.034759,0.995611,0,0.95424,0.56045,57.254,1.121,-1,400.000,-1,400.000,-1,325.000,325.000,175.000,300.000,600.000,-1,750.000,-1,700.000,725.000,-1,-1,2,0,2,0,2,0,0,1,0,1,2,0,2,0,0,2,2
59,-3171.267,5435.328,-157.544,21.634,0.927039,-0.368425,0.069732,0.364116,0.928924,0.067233,-0.089546,-0.036937,0.995297,0,0.94679,0.56000,56.807,1.120,-1,375.000,-1,400.000,-1,325.000,325.000,175.000,300.000,575.000,-1,-1,-1,675.000,725.000,-1,-1,2,0,2,0,2,0,0,1,0,1,2,2,2,0,0,2,2
60,-3119.278,5457.130,-162.547,22.752,0.919533,-0.386517,0.071160,0.382204,0.921635,0.067151,-0.091538,-0.034550,0.995202,0,0.93959,0.55915,56.376,1.118,-1,375.000,-1,375.000,-1,300.000,325.000,200.000,300.000,575.000,-1,-1,-1,675.000,700.000,-1,-1,2,0,2,0,2,0,0,1,0,1,2,2,2,0,0,2,2
61,-3068.098,5479.772,-166.648,23.868,0.911573,-0.404469,0.073756,0.400440,0.914107,0.063685,-0.093180,-0.028519,0.995241,0,0.93274,0.55792,55.965,1.116,-1,375.000,-1,375.000,-1,300.000,300.000,200.000,300.000,600.000,-1,-1,-1,675.000,700.000,-1,-1,2,0,2,0,2,0,0,1,0,1,2,2,2,0,0,2,2
62,-3017.717,5503.241,-170.841,24.981,0.903312,-0.422204,0.075968,0.418469,0.906212,0.060531,-0.094400,-0.022889,0.995271,0,0.92631,0.55634,55.579,1.113,-1,375.000,-1,375.000,-1,300.000,300.000,225.000,300.000,625.000,-1,-1,-1,675.000,675.000,-1,-1,2,0,2,0,2,0,0,1,0,1,2,2,2,0,0,2,2
63,-2968.122,5527.524,-175.134,26.090,0.894771,-0.439708,0.077735,0.436267,0.897966,0.057683,-0.095167,-0.017700,0.995304,0,0.92034,0.55441,55.221,1.109,-1,375.000,-1,375.000,-1,300.000,300.000,225.000,300.000,650.000,-1,-1,-1,650.000,650.000,-1,-1,2,0,2,0,2,0,0,1,0,1,2,2,2,0,0,2,2
64,-2919.296,5552.609,-179.535,27.194,0.885969,-0.456966,0.078999,0.453814,0.889389,0.055131,-0.095453,-0.012994,0.995349,0,0.91488,0.55217,54.893,1.104,-1,375.000,-1,375.000,-1,300.000,300.000,250.000,300.000,675.000,-1,-1,-1,650.000,650.000,-1,-1,2,0,2,0,2,0,0,1,0,1,2,2,2,0,0,2,2
65,-2871.221,5578.486,-184.054,28.293,0.876929,-0.473966,0.079702,0.471091,0.880499,0.052859,-0.095231,-0.008806,0.995416,0,0.90995,0.54963,54.597,1.099,-1,375.000,-1,375.000,-1,300.000,300.000,250.000,300.000,675.000,-1,-1,-1,650.000,625.000,-1,-1,2,0,2,0,2,0,0,1,0,1,2,2,2,0,0,2,2
66,-2823.878,5605.147,-188.701,29.387,0.867669,-0.490697,0.079791,0.488083,0.871315,0.050849,-0.094474,-0.005176,0.995514,0,0.90556,0.54681,54.334,1.094,-1,375.000,-1,350.000,-1,300.000,300.000,275.000,275.000,675.000,-1,-1,-1,650.000,625.000,1000.000,-1,2,0,2,0,2,0,0,1,0,1,2,2,2,0,0,0,2
67,-2777.249,5632.584,-193.326,30.474,0.858235,-0.507150,0.078940,0.504727,0.861853,0.049591,-0.093185,-0.002718,0.995645,0,0.90171,0.54373,54.103,1.087,-1,375.000,-1,350.000,-1,300.000,300.000,300.000,275.000,625.000,-1,-1,-1,625.000,625.000,975.000,-1,2,0,2,0,2,0,0,1,0,1,2,2,2,0,0,0,2
68,-2735.132,5658.214,-197.405,31.322,0.850791,-0.519843,0.076930,0.517507,0.854259,0.049272,-0.091332,-0.002108,0.995818,0,0.82171,0.42373,49.303,0.847,1000.000,375.000,-1,350.000,-1,300.000,300.000,325.000,300.000,575.000,-1,-1,-1,625.000,625.000,950.000,-1,0,0,2,0,2,0,0,1,0,1,2,2,2,0,0,0,2
69,-2697.363,5681.750,-201.174,31.929,0.845435,-0.528870,0.074405,0.526592,0.848700,0.049090,-0.089109,-0.002321,0.996019,0,0.74171,0.30373,44.503,0.607,975.000,375.000,-1,350.000,-1,300.000,300.000,325.000,300.000,575.000,-1,-1,-1,625.000,625.000,950.000,-1,0,0,2,0,2,0,0,1,0,1,2,2,2,0,0,0,2
70,-2663.804,5702.963,-204.479,32.297,0.842316,-0.534300,0.070904,0.532040,0.845287,0.049230,-0.086238,-0.003744,0.996268,0,0.66171,0.18373,39.703,0.367,950.000,375.000,-1,350.000,-1,300.000,300.000,325.000,300.000,550.000,-1,1000.000,-1,625.000,625.000,950.000,-1,0,0,2,0,2,0,0,0,0,1,2,0,2,0,0,0,2
71,-2634.365,5721.712,-207.476,32.491,0.840790,-0.537159,0.067326,0.534909,0.843463,0.049432,-0.083340,-0.005549,0.996506,0,0.58171,0.09716,34.903,0.194,950.000,375.000,-1,350.000,-1,300.000,300.000,325.000,300.000,525.000,950.000,850.000,-1,625.000,650.000,950.000,-1,0,0,2,0,2,0,0,0,0,1,0,0,2,0,0,0,2
72,-2609.028,5737.966,-210.136,32.680,0.839288,-0.539930,0.063807,0.537687,0.841677,0.049724,-0.080552,-0.007424,0.996723,0,0.50171,0.09442,30.103,0.189,925.000,375.000,-1,375.000,-1,300.000,300.000,325.000,300.000,525.000,825.000,750.000,-1,625.000,650.000,925.000,-1,0,0,2,0,2,0,0,0,0,1,0,0,2,0,0,0,2
73,-2587.775,5751.696,-212.425,32.864,0.837793,-0.542621,0.060538,0.540387,0.839927,0.050047,-0.078004,-0.009215,0.996910,0,0.42171,0.09196,25.303,0.184,925.000,375.000,-1,375.000,-1,300.000,300.000,325.000,300.000,500.000,725.000,650.000,-1,600.000,650.000,925.000,-1,0,0,2,0,2,0,0,0,0,1,0,0,2,0,0,0,2
74,-2570.589,5762.876,-214.315,33.043,0.836291,-0.545244,0.057684,0.543020,0.838208,0.050358,-0.075808,-0.010790,0.997064,0,0.34171,0.08983,20.503,0.180,900.000,375.000,-1,375.000,-1,300.000,300.000,325.000,300.000,500.000,625.000,575.000,-1,600.000,675.000,925.000,-1,0,0,2,0,2,0,0,0,0,1,0,0,2,0,0,0,2
75,-2557.453,5771.479,-215.782,33.220,0.834768,-0.547810,0.055376,0.545599,0.836516,0.050621,-0.074054,-0.012044,0.997182,0,0.26171,0.08807,15.703,0.176,900.000,375.000,-1,375.000,-1,300.000,300.000,300.000,300.000,500.000,575.000,550.000,-1,600.000,675.000,925.000,-1,0,0,2,0,2,0,0,0,0,1,0,0,2,0,0,0,2
76,-2548.351,5777.480,-216.809,33.393,0.833216,-0.550333,0.053714,0.548134,0.834846,0.050814,-0.072807,-0.012897,0.997263,0,0.18171,0.08669,10.903,0.173,900.000,375.000,-1,375.000,-1,300.000,300.000,300.000,300.000,500.000,550.000,500.000,-1,600.000,675.000,925.000,-1,0,0,2,0,2,0,0,0,0,1,0,0,2,0,0,0,2
77,-2543.266,5780.854,-217.383,33.564,0.831625,-0.552826,0.052765,0.550636,0.833191,0.050924,-0.072115,-0.013296,0.997308,0,0.10171,0.08573,6.103,0.171,900.000,375.000,-1,375.000,-1,300.000,300.000,300.000,300.000,500.000,525.000,500.000,-1,600.000,675.000,925.000,-1,0,0,2,0,2,0,0,0,0,1,0,0,2,0,0,0,2
78,-2542.183,5781.577,-217.501,33.735,0.829986,-0.555302,0.052562,0.553117,0.831544,0.050950,-0.072000,-0.013214,0.997317,0,0.02171,0.08519,1.303,0.170,900.000,375.000,-1,375.000,-1,300.000,300.000,300.000,300.000,500.000,525.000,475.000,-1,600.000,675.000,925.000,-1,0,0,2,0,2,0,0,0,0,1,0,0,2,0,0,0,2
79,-2545.085,5779.626,-217.160,33.905,0.828293,-0.557772,0.053106,0.555589,0.829897,0.050897,-0.072461,-0.012653,0.997291,0,-0.05829,0.08507,-3.497,0.170,900.000,375.000,-1,375.000,-1,300.000,300.000,300.000,300.000,500.000,525.000,500.000,-1,600.000,675.000,925.000,-1,0,0,2,0,2,0,0,0,0,1,0,0,2,0,0,0,2
80,-2551.957,5774.977,-216.368,34.076,0.826538,-0.560250,0.054360,0.558065,0.828242,0.050785,-0.073476,-0.011639,0.997229,0,-0.13829,0.08538,-8.297,0.171,900.000,375.000,-1,375.000,-1,300.000,300.000,300.000,300.000,500.000,550.000,525.000,-1,600.000,675.000,925.000,-1,0,0,2,0,2,0,0,0,0,1,0,0,2,0,0,0,2
81,-2562.783,5767.606,-215.137,34.248,0.824714,-0.562746,0.056257,0.560556,0.826567,0.050639,-0.074997,-0.010228,0.997131,0,-0.21829,0.08610,-13.097,0.172,900.000,375.000,-1,375.000,-1,300.000,300.000,325.000,300.000,500.000,600.000,550.000,-1,600.000,675.000,925.000,-1,0,0,2,0,2,0,0,0,0,1,0,0,2,0,0,0,2
82,-2577.546,5757.489,-213.485,34.422,0.822816,-0.565269,0.058688,0.563073,0.824863,0.050496,-0.076954,-0.008503,0.996998,0,-0.29829,0.08723,-17.897,0.174,925.000,375.000,-1,375.000,-1,300.000,300.000,325.000,300.000,525.000,650.000,600.000,-1,600.000,650.000,925.000,-1,0,0,2,0,2,0,0,0,0,1,0,0,2,0,0,0,2
83,-2592.715,5747.024,-211.819,34.600,0.820884,-0.567828,0.060997,0.565627,0.823118,0.050419,-0.078837,-0.006887,0.996864,0,-0.30714,0.08873,-18.429,0.177,925.000,375.000,-1,375.000,-1,300.000,300.000,325.000,300.000,550.000,725.000,650.000,-1,600.000,650.000,925.000,-1,0,0,2,0,2,0,0,0,0,1,0,0,2,0,0,0,2
84,-2607.778,5736.562,-210.196,34.780,0.818924,-0.570423,0.063097,0.568217,0.821333,0.050412,-0.080580,-0.005431,0.996733,0,-0.30567,0.09023,-18.340,0.180,925.000,375.000,-1,375.000,-1,300.000,300.000,325.000,300.000,550.000,775.000,725.000,-1,600.000,650.000,925.000,-1,0,0,2,0,2,0,0,0,0,1,0,0,2,0,0,0,2
85,-2622.730,5726.106,-208.615,34.964,0.816938,-0.573052,0.064988,0.570840,0.819508,0.050474,-0.082182,-0.004137,0.996609,0,-0.30410,0.09168,-18.246,0.183,950.000,375.000,-1,375.000,-1,300.000,300.000,325.000,300.000,575.000,850.000,775.000,-1,625.000,650.000,925.000,-1,0,0,2,0,2,0,0,0,0,1,0,0,2,0,0,0,2
86,-2637.566,5715.660,-207.078,35.150,0.814928,-0.575714,0.066670,0.573494,0.817646,0.050602,-0.083645,-0.003002,0.996491,0,-0.30242,0.09308,-18.145,0.186,950.000,375.000,-1,350.000,-1,300.000,300.000,325.000,300.000,575.000,900.000,825.000,-1,625.000,650.000,950.000,-1,0,0,2,0,2,0,0,0,0,1,0,0,2,0,0,0,2
87,-2652.280,5705.227,-205.585,35.339,0.812897,-0.578407,0.068146,0.576176,0.815746,0.050793,-0.084969,-0.002025,0.996382,0,-0.30063,0.09442,-18.038,0.189,950.000,375.000,-1,350.000,-1,300.000,300.000,325.000,300.000,600.000,950.000,875.000,-1,625.000,625.000,950.000,-1,0,0,2,0,2,0,0,1,0,1,0,0,2,0,0,0,2
88,-2666.868,5694.810,-204.135,35.530,0.810845,-0.581130,0.069416,0.578885,0.813810,0.051046,-0.086156,-0.001206,0.996281,0,-0.29875,0.09571,-17.925,0.191,975.000,375.000,-1,350.000,-1,300.000,300.000,325.000,300.000,625.000,1000.000,900.000,-1,625.000,625.000,950.000,-1,0,0,2,0,2,0,0,1,0,1,0,0,2,0,0,0,2
89,-2681.323,5684.414,-202.729,35.724,0.808774,-0.583881,0.070482,0.581619,0.811839,0.051357,-0.087207,-0.000542,0.996190,0,-0.29676,0.09695,-17.806,0.194,975.000,375.000,-1,350.000,-1,300.000,300.000,325.000,300.000,725.000,-1,950.000,-1,625.000,625.000,950.000,-1,0,0,2,0,2,0,0,1,0,1,2,0,2,0,0,0,2
90,-2695.641,5674.041,-201.367,35.920,0.806685,-0.586659,0.071346,0.584374,0.809834,0.051724,-0.088123,-0.000032,0.996110,0,-0.29468,0.09812,-17.681,0.196,975.000,375.000,-1,350.000,-1,300.000,300.000,300.000,300.000,825.000,-1,-1,-1,625.000,625.000,950.000,-1,0,0,2,0,2,0,0,1,0,1,2,2,2,0,0,0,2
91,-2709.818,5663.696,-200.013,36.119,0.804596,-0.589461,0.071847,0.587146,0.807797,0.052189,-0.088801,0.000194,0.996049,0,-0.29251,0.09924,-17.550,0.198,1000.000,375.000,-1,350.000,-1,300.000,300.000,300.000,300.000,950.000,-1,-1,-1,625.000,625.000,950.000,-1,0,0,2,0,2,0,0,1,0,1,2,2,2,0,0,0,2
92,-2723.849,5653.381,-198.667,36.319,0.802506,-0.592285,0.071990,0.589932,0.805728,0.052747,-0.089245,0.000139,0.996010,0,-0.29025,0.10031,-17.415,0.201,1000.000,375.000,-1,350.000,-1,300.000,300.000,300.000,300.000,-1,-1,-1,-1,625.000,625.000,950.000,-1,0,0,2,0,2,0,0,1,0,2,2,2,2,0,0,0,2
93,-2734.019,5645.917,-197.687,36.280,0.802902,-0.591731,0.072132,0.589346,0.806135,0.053078,-0.089556,-0.000105,0.995982,0,-0.21025,-0.01969,-12.615,-0.039,1000.000,375.000,-1,350.000,-1,300.000,300.000,275.000,300.000,-1,-1,-1,-1,625.000,625.000,975.000,-1,0,0,2,0,2,0,0,1,0,2,2,2,2,0,0,0,2
94,-2740.341,5641.324,-197.051,36.001,0.805765,-0.587794,0.072401,0.585386,0.809011,0.053147,-0.089813,-0.000442,0.995959,0,-0.13025,-0.13969,-7.815,-0.279,1000.000,375.000,-1,350.000,-1,300.000,300.000,275.000,300.000,-1,-1,-1,-1,625.000,625.000,975.000,-1,0,0,2,0,2,0,0,1,0,2,2,2,2,0,0,0,2
95,-2742.796,5639.574,-196.750,35.481,0.811041,-0.580436,0.072851,0.578017,0.814306,0.052936,-0.090049,-0.000824,0.995937,0,-0.05025,-0.25969,-3.015,-0.519,1000.000,375.000,-1,350.000,-1,300.000,300.000,275.000,300.000,-1,-1,-1,-1,625.000,625.000,975.000,-1,0,0,2,0,2,0,0,1,0,2,2,2,2,0,0,0,2
96,-2741.328,5640.591,-196.786,34.722,0.818638,-0.569592,0.073465,0.567175,0.821927,0.052439,-0.090251,-0.001261,0.995918,0,0.02975,-0.37969,1.785,-0.759,1000.000,375.000,-1,350.000,-1,300.000,300.000,300.000,300.000,925.000,-1,-1,-1,625.000,625.000,975.000,-1,0,0,2,0,2,0,0,1,0,1,2,2,2,0,0,0,2
97,-2735.851,5644.246,-197.174,33.722,0.828426,-0.555169,0.074146,0.552763,0.831735,0.051667,-0.090354,-0.001817,0.995908,0,0.10975,-0.49969,6.585,-0.999,1000.000,375.000,-1,350.000,-1,300.000,300.000,300.000,300.000,800.000,-1,-1,-1,625.000,625.000,975.000,-1,0,0,2,0,2,0,0,1,0,1,2,2,2,0,0,0,2
98,-2726.270,5650.397,-197.966,32.697,0.838225,-0.540199,0.074591,0.537812,0.841534,0.050790,-0.090208,-0.002458,0.995920,0,0.18975,-0.51256,11.385,-1.025,1000.000,375.000,-1,350.000,-1,300.000,300.000,300.000,300.000,675.000,-1,-1,-1,625.000,625.000,950.000,-1,0,0,2,0,2,0,0,1,0,1,2,2,2,0,0,0,2
99,-2712.495,5658.894,-199.191,31.668,0.847825,-0.524998,0.074628,0.522633,0.851097,0.049889,-0.089707,-0.003294,0.995963,0,0.26975,-0.51450,16.185,-1.029,1000.000,375.000,-1,350.000,-1,300.000,300.000,325.000,300.000,575.000,-1,-1,-1,625.000,625.000,950.000,-1,0,0,2,0,2,0,0,1,0,1,2,2,2,0,0,0,2
100,-2694.439,5669.587,-200.851,30.633,0.857265,-0.509538,0.073946,0.507188,0.860436,0.049101,-0.088645,-0.004588,0.996053,0,0.34975,-0.51744,20.985,-1.035,975.000,375.000,-1,350.000,-1,300.000,300.000,325.000,300.000,550.000,-1,-1,-1,625.000,625.000,950.000,-1,0,0,2,0,2,0,0,1,0,1,2,2,2,0,0,0,2
101,-2672.017,5682.320,-202.934,29.590,0.866588,-0.493785,0.072126,0.491430,0.869558,0.048638,-0.086735,-0.006704,0.996209,0,0.42975,-0.52152,25.785,-1.043,975.000,375.000,-1,350.000,-1,300.000,300.000,325.000,300.000,525.000,-1,-1,-1,625.000,625.000,950.000,-1,0,0,2,0,2,0,0,0,0,1,2,2,2,0,0,0,2
102,-2645.148,5696.931,-205.539,28.537,0.875794,-0.477699,0.069207,0.475323,0.878471,0.048548,-0.083988,-0.009623,0.996420,0,0.50975,-0.52689,30.585,-1.054,950.000,375.000,-1,350.000,-1,300.000,300.000,325.000,300.000,500.000,-1,950.000,-1,625.000,650.000,950.000,-1,0,0,2,0,2,0,0,0,0,1,2,0,2,0,0,0,2
103,-2613.754,5713.254,-208.712,27.469,0.884900,-0.461229,0.064955,0.458819,0.887177,0.049006,-0.080230,-0.013563,0.996684,0,0.58975,-0.53371,35.385,-1.067,950.000,375.000,-1,375.000,-1,300.000,300.000,325.000,300.000,500.000,900.000,800.000,-1,625.000,650.000,950.000,-1,0,0,2,0,2,0,0,0,0,1,0,0,2,0,0,0,2
104,-2577.756,5731.113,-212.500,26.385,0.893915,-0.444321,0.059125,0.441873,0.895671,0.050215,-0.075268,-0.018762,0.996987,0,0.66975,-0.54216,40.185,-1.084,925.000,375.000,-1,375.000,-1,300.000,300.000,325.000,300.000,475.000,700.000,625.000,-1,625.000,675.000,950.000,-1,0,0,2,0,2,0,0,0,0,1,0,0,2,0,0,0,2
105,-2537.998,5749.892,-216.542,25.280,0.902729,-0.426920,0.053100,0.424469,0.903969,0.051638,-0.070046,-0.024076,0.997253,0,0.73284,-0.55240,43.970,-1.105,900.000,375.000,-1,375.000,-1,300.000,300.000,300.000,300.000,475.000,550.000,500.000,-1,625.000,675.000,975.000,-1,0,0,2,0,2,0,0,0,0,1,0,0,2,0,0,0,2
106,-2498.234,5767.723,-219.477,24.151,0.911045,-0.409021,0.051948,0.406632,0.912178,0.050813,-0.068169,-0.025170,0.997356,0,0.72633,-0.56430,43.580,-1.129,900.000,375.000,-1,375.000,-1,300.000,300.000,300.000,300.000,475.000,550.000,500.000,-1,625.000,675.000,975.000,-1,0,0,2,0,2,0,0,0,0,1,0,0,2,0,0,0,2
107,-2458.381,5784.638,-222.226,22.998,0.919179,-0.390569,0.050646,0.388287,0.920214,0.049390,-0.065896,-0.025733,0.997495,0,0.72156,-0.57677,43.294,-1.154,900.000,375.000,-1,375.000,-1,300.000,300.000,300.000,300.000,500.000,575.000,525.000,-1,625.000,675.000,975.000,-1,0,0,2,0,2,0,0,0,0,1,0,0,2,0,0,0,2
108,-2418.362,5800.659,-224.856,21.818,0.927110,-0.371541,0.049242,0.369386,0.928052,0.047674,-0.063412,-0.026010,0.997648,0,0.71845,-0.58976,43.107,-1.180,900.000,375.000,-1,375.000,-1,300.000,300.000,300.000,300.000,550.000,575.000,525.000,-1,625.000,675.000,1000.000,-1,0,0,2,0,2,0,0,0,0,1,0,0,2,0,0,0,2
109,-2378.102,5815.801,-227.436,20.612,0.934810,-0.351914,0.047819,0.349883,0.935663,0.046000,-0.060930,-0.026270,0.997796,0,0.71689,-0.60327,43.014,-1.207,925.000,375.000,-1,375.000,-1,300.000,300.000,300.000,300.000,575.000,450.000,525.000,-1,625.000,675.000,-1,-1,0,0,2,0,2,0,0,0,0,1,1,0,2,0,0,2,2
110,-2336.607,5830.614,-230.036,19.645,0.940693,-0.336081,0.046333,0.334173,0.941467,0.044366,-0.058532,-0.026251,0.997940,0,0.73434,-0.48327,44.060,-0.967,925.000,375.000,-1,375.000,-1,300.000,300.000,300.000,300.000,600.000,425.000,525.000,-1,625.000,675.000,-1,-1,0,0,2,0,2,0,0,0,0,1,1,0,2,0,0,2,2
111,-2294.807,5844.940,-232.606,18.919,0.944954,-0.324118,0.044828,0.322331,0.945660,0.042788,-0.056260,-0.025983,0.998078,0,0.73644,-0.36327,44.186,-0.727,950.000,375.000,-1,375.000,-1,300.000,300.000,300.000,300.000,650.000,450.000,525.000,-1,625.000,675.000,-1,-1,0,0,2,0,2,0,0,0,0,1,1,0,2,0,0,2,2
112,-2252.666,5858.984,-235.155,18.432,0.947743,-0.316081,0.043308,0.314412,0.948390,0.041247,-0.054110,-0.025475,0.998210,0,0.74034,-0.24327,44.421,-0.487,950.000,375.000,-1,375.000,-1,300.000,325.000,300.000,300.000,700.000,475.000,525.000,-1,625.000,675.000,-1,-1,0,0,2,0,2,0,0,0,0,1,1,0,2,0,0,2,2
113,-2210.154,5872.949,-237.696,18.186,0.949162,-0.312003,0.041778,0.310450,0.949759,0.039723,-0.052073,-0.024733,0.998337,0,0.74579,-0.12327,44.747,-0.247,975.000,375.000,-1,375.000,-1,300.000,300.000,300.000,300.000,725.000,475.000,525.000,-1,625.000,675.000,-1,-1,0,0,2,0,2,0,0,0,0,1,1,0,2,0,0,2,2
114,-2167.223,5886.936,-240.095,18.047,0.949992,-0.309706,0.039976,0.308310,0.950547,0.037488,-0.049610,-0.023288,0.998497,0,0.75254,-0.06956,45.152,-0.139,1000.000,375.000,-1,375.000,-1,325.000,300.000,300.000,300.000,775.000,500.000,500.000,-1,625.000,675.000,-1,-1,0,0,2,0,2,0,0,0,0,1,1,0,2,0,0,2,2
115,-2123.815,5900.935,-242.493,17.875,0.950988,-0.306868,0.038143,0.305621,0.951502,0.035210,-0.047098,-0.021827,0.998652,0,0.76015,-0.08582,45.609,-0.172,-1,375.000,-1,375.000,-1,300.000,300.000,300.000,300.000,825.000,525.000,450.000,-1,650.000,675.000,-1,-1,2,0,2,0,2,0,0,0,0,1,0,0,2,0,0,2,2
116,-2079.893,5914.926,-244.835,17.670,0.952145,-0.303472,0.036391,0.302354,0.952618,0.033191,-0.044739,-0.020599,0.998786,0,0.76830,-0.10242,46.098,-0.205,-1,375.000,-1,375.000,-1,300.000,300.000,300.000,300.000,850.000,475.000,425.000,-1,650.000,675.000,-1,-1,2,0,2,0,2,0,0,0,0,1,0,0,2,0,0,2,2
117,-2035.416,5928.891,-246.990,17.431,0.953456,-0.299502,0.034941,0.298464,0.953884,0.032004,-0.042915,-0.020086,0.998877,0,0.77696,-0.11939,46.618,-0.239,-1,375.000,-1,375.000,-1,300.000,300.000,300.000,300.000,900.000,475.000,425.000,-1,650.000,675.000,-1,-1,2,0,2,0,2,0,0,0,0,1,0,0,2,0,0,2,2
118,-1990.346,5942.806,-248.817,17.158,0.954959,-0.294941,0.032611,0.293956,0.955288,0.031845,-0.040545,-0.020825,0.998961,0,0.78615,-0.13674,47.169,-0.273,-1,375.000,-1,375.000,-1,300.000,300.000,275.000,300.000,950.000,450.000,400.000,-1,650.000,675.000,-1,-1,2,0,2,0,2,0,0,0,0,1,0,0,2,0,0,2,2
119,-1944.644,5956.647,-250.551,16.849,0.956626,-0.289779,0.029906,0.288845,0.956842,0.031969,-0.037879,-0.021944,0.999041,0,0.79586,-0.15446,47.752,-0.309,-1,375.000,-1,375.000,-1,300.000,300.000,275.000,300.000,975.000,425.000,400.000,-1,650.000,675.000,-1,-1,2,0,2,0,2,0,0,0,0,1,0,0,2,0,0,2,2
120,-1898.272,5970.387,-252.231,16.504,0.958430,-0.284004,0.027451,0.283125,0.958551,0.031958,-0.035389,-0.022857,0.999112,0,0.80608,-0.17258,48.365,-0.345,-1,375.000,-1,375.000,-1,325.000,300.000,275.000,300.000,-1,425.000,400.000,-1,650.000,700.000,-1,-1,2,0,2,0,2,0,0,0,0,2,0,0,2,0,0,2,2
121,-1851.191,5983.995,-253.658,16.122,0.960361,-0.277605,0.025352,0.276805,0.960426,0.030996,-0.032953,-0.022750,0.999198,0,0.81682,-0.19109,49.009,-0.382,-1,375.000,-1,375.000,-1,325.000,325.000,275.000,300.000,-1,425.000,400.000,-1,650.000,700.000,-1,-1,2,0,2,0,2,0,0,0,0,2,0,0,2,0,0,2,2
122,-1803.361,5997.441,-254.983,15.702,0.962427,-0.270560,0.023039,0.269857,0.962446,0.029566,-0.030174,-0.022238,0.999297,0,0.82806,-0.21002,49.684,-0.420,-1,375.000,-1,375.000,-1,325.000,325.000,275.000,300.000,-1,425.000,400.000,-1,675.000,700.000,-1,-1,2,0,2,0,2,0,0,0,0,2,0,0,2,0,0,2,2
123,-1754.744,6010.688,-256.315,15.243,0.964614,-0.262848,0.020730,0.262236,0.964591,0.028209,-0.027411,-0.021774,0.999387,0,0.83983,-0.22936,50.390,-0.459,-1,375.000,-1,375.000,-1,325.000,325.000,275.000,300.000,-1,425.000,400.000,-1,675.000,725.000,-1,-1,2,0,2,0,2,0,0,0,0,2,0,0,2,0,0,2,2
124,-1705.301,6023.700,-257.655,14.745,0.966910,-0.254452,0.018423,0.253923,0.966849,0.026929,-0.024664,-0.021360,0.999468,0,0.85211,-0.24913,51.126,-0.498,-1,375.000,-1,375.000,-1,325.000,325.000,275.000,300.000,-1,425.000,400.000,-1,700.000,725.000,-1,-1,2,0,2,0,2,0,0,0,0,2,0,0,2,0,0,2,2
125,-1654.994,6036.435,-259.002,14.206,0.969300,-0.245353,0.016117,0.244901,0.969207,0.025732,-0.021934,-0.020995,0.999539,0,0.86490,-0.26935,51.894,-0.539,-1,375.000,-1,400.000,-1,325.000,325.000,275.000,300.000,-1,425.000,425.000,-1,700.000,750.000,-1,-1,2,0,2,0,2,0,0,0,0,2,0,0,2,0,0,2,2
126,-1603.784,6048.848,-260.304,13.626,0.971766,-0.235531,0.014018,0.235150,0.971651,0.024465,-0.019383,-0.020478,0.999602,0,0.87822,-0.29001,52.693,-0.580,-1,375.000,-1,400.000,-1,325.000,325.000,275.000,300.000,-1,450.000,425.000,-1,725.000,750.000,-1,-1,2,0,2,0,2,0,0,0,0,2,0,0,2,0,0,2,2
127,-1548.280,6061.593,-261.557,12.933,0.974564,-0.223769,0.012349,0.223453,0.974448,0.022780,-0.017131,-0.019441,0.999664,0,0.94914,-0.34644,56.949,-0.693,-1,375.000,-1,400.000,-1,325.000,325.000,275.000,300.000,-1,450.000,425.000,-1,750.000,750.000,-1,-1,2,0,2,0,2,0,0,0,0,2,0,0,2,0,0,2,2
128,-1491.679,6073.841,-262.816,12.210,0.977328,-0.211462,0.010657,0.211206,0.977212,0.021191,-0.014895,-0.018460,0.999719,0,0.96518,-0.36140,57.911,-0.723,-1,400.000,-1,400.000,-1,325.000,325.000,275.000,300.000,-1,475.000,400.000,-1,750.000,775.000,-1,-1,2,0,2,0,2,0,0,0,0,2,0,0,2,0,0,2,2
129,-1433.950,6085.541,-264.081,11.457,0.980039,-0.198602,0.008938,0.198399,0.979923,0.019703,-0.012672,-0.017537,0.999766,0,0.98171,-0.37657,58.903,-0.753,-1,400.000,-1,400.000,-1,325.000,325.000,275.000,300.000,-1,450.000,400.000,-1,775.000,775.000,-1,-1,2,0,2,0,2,0,0,0,0,2,0,0,2,0,0,2,2
130,-1375.063,6096.639,-265.354,10.673,0.982678,-0.185181,0.007190,0.185025,0.982563,0.018322,-0.010457,-0.016674,0.999806,0,0.99873,-0.39192,59.924,-0.784,-1,400.000,-1,400.000,-1,325.000,325.000,275.000,300.000,-1,450.000,400.000,-1,800.000,775.000,-1,-1,2,0,2,0,2,0,0,0,0,2,0,0,2,0,1,2,2
131,-1315.953,6106.931,-266.242,9.878,0.985160,-0.171517,0.006465,0.171373,0.985030,0.018626,-0.009563,-0.017241,0.999806,0,1.00000,-0.39782,60.000,-0.796,-1,400.000,-1,400.000,-1,325.000,325.000,275.000,300.000,-1,500.000,425.000,-1,800.000,750.000,-1,-1,2,0,2,0,2,0,0,0,0,2,0,0,2,1,1,2,2
132,-1256.705,6116.402,-267.014,9.082,0.987447,-0.157819,0.006420,0.157676,0.987314,0.018708,-0.009291,-0.017461,0.999804,0,1.00000,-0.39791,60.000,-0.796,-1,400.000,-1,400.000,-1,325.000,325.000,275.000,300.000,-1,550.000,500.000,-1,750.000,725.000,-1,-1,2,0,2,0,2,0,0,0,0,2,0,0,2,1,1,2,2
133,-1197.331,6125.049,-267.740,8.286,0.989537,-0.144094,0.007363,0.143935,0.989408,0.018840,-0.010000,-0.017583,0.999795,0,1.00000,-0.39780,60.000,-0.796,-1,400.000,-1,400.000,-1,325.000,325.000,275.000,300.000,-1,650.000,575.000,-1,725.000,675.000,925.000,-1,2,0,2,0,2,0,0,0,0,2,0,0,2,1,1,1,2
134,-1137.843,6132.871,-268.470,7.491,0.991433,-0.130352,0.008276,0.130176,0.991308,0.019048,-0.010687,-0.017808,0.999784,0,1.00000,-0.39750,60.000,-0.795,-1,400.000,1000.000,400.000,-1,325.000,325.000,275.000,300.000,-1,750.000,675.000,-1,675.000,650.000,850.000,-1,2,0,1,0,2,0,0,0,0,2,0,0,2,1,1,1,2
135,-1078.253,6139.869,-269.202,6.697,0.993136,-0.116602,0.009162,0.116409,0.993013,0.019329,-0.011352,-0.018130,0.999771,0,1.00000,-0.39700,60.000,-0.794,925.000,400.000,925.000,400.000,-1,325.000,325.000,275.000,300.000,-1,850.000,775.000,-1,625.000,625.000,775.000,-1,1,0,1,0,2,0,0,0,0,2,0,0,2,1,1,1,2
