timestep,x_cm,y_cm,z_cm,yaw_deg,basis_xx,basis_xy,basis_xz,basis_yx,basis_yy,basis_yz,basis_zx,basis_zy,basis_zz,teleport_flag,throttle_cmd,steering_cmd,cmd_move_cm,cmd_turn_deg,lidar_cm_0,lidar_cm_1,lidar_cm_2,lidar_cm_3,lidar_cm_4,lidar_cm_5,lidar_cm_6,lidar_cm_7,lidar_cm_8,lidar_cm_9,lidar_cm_10,lidar_cm_11,lidar_cm_12,lidar_cm_13,lidar_cm_14,lidar_cm_15,lidar_cm_16,lidar_class_0,lidar_class_1,lidar_class_2,lidar_class_3,lidar_class_4,lidar_class_5,lidar_class_6,lidar_class_7,lidar_class_8,lidar_class_9,lidar_class_10,lidar_class_11,lidar_class_12,lidar_class_13,lidar_class_14,lidar_class_15,lidar_class_16
0,7547.821,5573.943,285.622,-18.207,0.935241,0.312144,0.167005,-0.315239,0.948976,-0.008343,-0.161088,-0.044844,0.985921,1,0.08000,-0.12000,4.800,-0.240,-1,325.000,-1,375.000,-1,275.000,300.000,275.000,275.000,-1,-1,550.000,225.000,550.000,625.000,925.000,-1,2,0,2,0,2,0,0,0,1,2,2,1,1,0,0,0,2
1,7556.914,5570.866,284.209,-18.687,0.932702,0.320087,0.166165,-0.323038,0.946336,-0.009697,-0.160351,-0.044633,0.986050,0,0.16000,-0.24000,9.600,-0.480,-1,325.000,-1,375.000,-1,275.000,300.000,275.000,275.000,-1,-1,575.000,225.000,575.000,625.000,925.000,-1,2,0,2,0,2,0,0,0,1,2,2,1,1,0,0,0,2
2,7570.496,5566.081,282.112,-19.407,0.928766,0.331957,0.164922,-0.334707,0.942250,-0.011657,-0.159267,-0.044374,0.986238,0,0.24000,-0.36000,14.400,-0.720,-1,325.000,-1,375.000,-1,275.000,300.000,275.000,275.000,-1,-1,600.000,225.000,575.000,625.000,925.000,-1,2,0,2,0,2,0,0,0,1,2,2,1,1,0,0,0,2
3,7588.495,5559.398,279.354,-20.367,0.923278,0.347701,0.163283,-0.350202,0.936567,-0.014155,-0.157847,-0.044113,0.986478,0,0.32000,-0.48000,19.200,-0.960,-1,325.000,-1,375.000,-1,275.000,300.000,275.000,275.000,-1,-1,625.000,225.000,575.000,625.000,950.000,-1,2,0,2,0,2,0,0,0,1,2,2,1,1,0,0,0,2
4,7610.814,5550.574,275.961,-21.567,0.916044,0.367242,0.161236,-0.369460,0.929089,-0.017116,-0.156088,-0.043891,0.986767,0,0.40000,-0.60000,24.000,-1.200,-1,325.000,-1,375.000,-1,275.000,300.000,275.000,275.000,-1,-1,675.000,250.000,575.000,625.000,950.000,-1,2,0,2,0,2,0,0,0,1,2,2,1,1,0,0,0,2
5,7637.330,5539.333,271.978,-22.973,0.907051,0.389924,0.158801,-0.391838,0.919808,-0.020391,-0.154017,-0.043729,0.987100,0,0.48000,-0.70277,28.800,-1.406,-1,325.000,-1,375.000,-1,275.000,300.000,300.000,300.000,-1,-1,725.000,250.000,575.000,625.000,975.000,-1,2,0,2,0,2,0,0,0,1,2,2,1,1,0,0,0,2
6,7667.934,5525.465,267.505,-24.374,0.897555,0.412305,0.156203,-0.413933,0.910004,-0.023508,-0.151837,-0.043558,0.987445,0,0.56000,-0.70068,33.600,-1.401,-1,350.000,-1,375.000,-1,275.000,300.000,300.000,300.000,-1,-1,800.000,275.000,575.000,625.000,1000.000,-1,2,0,2,0,2,0,0,0,1,2,2,1,1,0,0,0,2
7,7702.514,5508.769,262.493,-25.771,0.887624,0.434368,0.153126,-0.435689,0.899704,-0.026610,-0.149327,-0.043096,0.987848,0,0.64000,-0.69822,38.400,-1.396,-1,350.000,-1,350.000,-1,275.000,300.000,300.000,325.000,-1,-1,-1,275.000,575.000,625.000,-1,-1,2,0,2,0,2,0,0,0,1,2,2,2,1,0,0,2,2
8,7740.949,5489.047,256.563,-27.162,0.877409,0.456075,0.148822,-0.457236,0.888893,-0.028346,-0.145215,-0.043176,0.988458,0,0.72000,-0.69536,43.200,-1.391,-1,350.000,-1,350.000,-1,300.000,300.000,300.000,350.000,-1,-1,-1,275.000,600.000,625.000,-1,-1,2,0,2,0,2,0,0,0,1,2,2,2,1,0,0,2,2
9,7780.427,5467.570,250.109,-28.546,0.866849,0.477415,0.143694,-0.478444,0.877620,-0.029585,-0.140233,-0.043104,0.989180,0,0.74906,-0.69208,44.943,-1.384,-1,350.000,-1,350.000,-1,300.000,300.000,300.000,375.000,-1,-1,-1,300.000,600.000,625.000,-1,-1,2,0,2,0,2,0,0,0,1,2,2,2,1,0,0,2,2
10,7819.355,5445.163,243.533,-29.923,0.856019,0.498396,0.137234,-0.499186,0.865937,-0.031091,-0.134331,-0.041891,0.990051,0,0.74862,-0.68858,44.917,-1.377,-1,350.000,-1,350.000,-1,300.000,300.000,325.000,400.000,-1,-1,-1,300.000,600.000,650.000,-1,-1,2,0,2,0,2,0,0,0,1,2,2,2,1,0,0,2,2
11,7857.725,5421.836,236.792,-31.293,0.844926,0.519007,0.129351,-0.519472,0.853858,-0.032800,-0.127471,-0.039480,0.991056,0,0.74843,-0.68499,44.906,-1.370,-1,350.000,-1,375.000,-1,300.000,300.000,325.000,375.000,-1,-1,-1,300.000,625.000,650.000,-1,-1,2,0,2,0,2,0,0,0,0,2,2,2,1,0,0,2,2
12,7898.714,5395.311,229.245,-32.903,0.831341,0.542871,0.119010,-0.542921,0.839060,-0.034861,-0.118782,-0.035632,0.992281,0,0.81375,-0.80499,48.825,-1.610,-1,375.000,-1,375.000,-1,300.000,300.000,325.000,375.000,-1,-1,-1,300.000,650.000,675.000,-1,-1,2,0,2,0,2,0,0,0,0,2,2,2,1,0,0,2,2
13,7938.956,5367.612,221.463,-34.534,0.817033,0.566630,0.106710,-0.566232,0.823417,-0.036946,-0.108801,-0.030236,0.993604,0,0.81426,-0.81538,48.856,-1.631,-1,375.000,-1,375.000,-1,300.000,300.000,325.000,350.000,-1,-1,1000.000,300.000,675.000,675.000,-1,-1,2,0,2,0,2,0,0,0,0,2,2,1,1,0,0,2,2
14,7978.440,5338.761,215.832,-36.156,0.801030,0.589686,0.103061,-0.589458,0.807000,-0.035932,-0.104359,-0.031968,0.994026,0,0.81503,-0.81127,48.902,-1.623,-1,375.000,-1,375.000,-1,300.000,300.000,325.000,325.000,-1,800.000,975.000,325.000,675.000,700.000,-1,-1,2,0,2,0,2,0,0,0,0,2,0,0,1,0,0,2,2
15,8017.141,5308.776,210.838,-37.770,0.784235,0.612118,0.101426,-0.612174,0.789981,-0.034244,-0.101086,-0.035235,0.994254,0,0.81598,-0.80711,48.959,-1.614,-1,375.000,-1,375.000,-1,300.000,300.000,325.000,325.000,-1,525.000,775.000,350.000,675.000,725.000,-1,-1,2,0,2,0,2,0,0,0,0,2,0,0,1,0,0,2,2
16,8055.037,5277.676,206.071,-39.376,0.766925,0.633938,0.099747,-0.634286,0.772424,-0.032277,-0.097509,-0.038514,0.994489,0,0.81707,-0.80289,49.024,-1.606,-1,375.000,-1,375.000,-1,300.000,300.000,325.000,325.000,-1,350.000,300.000,400.000,675.000,725.000,-1,-1,2,0,2,0,2,0,0,0,0,2,0,0,1,0,0,2,2
17,8092.108,5245.483,201.442,-40.973,0.749116,0.655145,0.098033,-0.655746,0.754366,-0.030486,-0.093926,-0.041447,0.994716,0,0.81831,-0.79862,49.099,-1.597,-1,375.000,-1,375.000,-1,300.000,300.000,325.000,325.000,-1,350.000,275.000,425.000,700.000,750.000,-1,-1,2,0,2,0,2,0,0,0,0,2,0,0,1,0,0,2,2
18,8128.333,5212.219,196.948,-42.562,0.730834,0.675732,0.096273,-0.676547,0.735832,-0.028904,-0.090372,-0.044009,0.994935,0,0.81968,-0.79431,49.181,-1.589,-1,375.000,-1,375.000,-1,300.000,325.000,325.000,325.000,-1,350.000,275.000,450.000,725.000,775.000,-1,-1,2,0,2,0,2,0,0,0,0,2,0,0,1,0,0,2,2
19,8163.690,5177.906,192.539,-44.142,0.712098,0.695700,0.094430,-0.696665,0.716858,-0.027790,-0.087027,-0.045997,0.995144,0,0.82116,-0.78995,49.270,-1.580,-1,375.000,-1,400.000,-1,300.000,325.000,325.000,325.000,-1,350.000,300.000,475.000,725.000,775.000,-1,-1,2,0,2,0,2,0,0,0,0,2,0,0,1,0,0,2,2
20,8198.160,5142.569,188.213,-45.713,0.692940,0.715032,0.092541,-0.716136,0.697453,-0.026601,-0.083564,-0.047839,0.995353,0,0.82275,-0.78556,49.365,-1.571,-1,375.000,-1,400.000,-1,325.000,325.000,325.000,325.000,-1,350.000,300.000,500.000,750.000,800.000,-1,-1,2,0,2,0,2,0,0,0,0,2,0,0,1,0,0,2,2
21,8231.721,5106.231,183.977,-47.275,0.673382,0.733720,0.090617,-0.734953,0.677644,-0.025351,-0.080006,-0.049528,0.995563,0,0.82443,-0.78112,49.466,-1.562,-1,400.000,-1,400.000,-1,325.000,325.000,325.000,325.000,-1,350.000,300.000,525.000,775.000,825.000,-1,-1,2,0,2,0,2,0,0,0,0,2,0,0,1,0,0,2,2
22,8264.355,5068.917,179.919,-48.829,0.653443,0.751774,0.088593,-0.753087,0.657466,-0.024453,-0.076630,-0.050739,0.995768,0,0.82619,-0.77666,49.571,-1.553,-1,400.000,-1,400.000,-1,325.000,325.000,325.000,325.000,-1,350.000,300.000,550.000,800.000,825.000,-1,-1,2,0,2,0,2,0,0,0,0,2,0,0,1,0,0,2,2
23,8296.042,5030.652,176.011,-50.373,0.633147,0.769185,0.086481,-0.770549,0.636939,-0.023746,-0.073348,-0.051603,0.995970,0,0.82803,-0.77217,49.682,-1.544,-1,400.000,-1,400.000,-1,325.000,325.000,325.000,300.000,-1,350.000,325.000,575.000,825.000,850.000,-1,-1,2,0,2,0,2,0,0,0,0,2,0,0,1,0,0,2,2
24,8326.762,4991.461,172.076,-51.908,0.612425,0.785922,0.085214,-0.787356,0.616061,-0.023227,-0.070752,-0.052869,0.996092,0,0.82993,-0.76764,49.796,-1.535,-1,425.000,-1,425.000,-1,325.000,325.000,325.000,300.000,-1,375.000,325.000,625.000,850.000,850.000,-1,-1,2,0,2,0,2,0,0,0,0,2,0,0,1,0,0,2,2
25,8356.500,4951.372,167.904,-53.434,0.591197,0.801941,0.085893,-0.803524,0.594828,-0.023001,-0.069537,-0.055419,0.996039,0,0.83189,-0.76310,49.914,-1.526,-1,425.000,-1,425.000,-1,325.000,325.000,325.000,300.000,-1,425.000,375.000,650.000,850.000,850.000,-1,-1,2,0,2,0,2,0,0,0,0,2,0,0,1,0,0,2,2
26,8385.235,4910.411,163.826,-54.951,0.569651,0.817291,0.086792,-0.819015,0.573307,-0.023115,-0.068650,-0.057917,0.995958,0,0.83391,-0.75852,50.035,-1.517,-1,425.000,-1,425.000,-1,350.000,350.000,325.000,300.000,-1,500.000,425.000,675.000,850.000,850.000,-1,-1,2,0,2,0,2,0,0,0,0,2,0,0,1,0,0,2,2
27,8412.951,4868.605,159.847,-56.459,0.547811,0.831974,0.087881,-0.833827,0.551522,-0.023582,-0.068088,-0.060359,0.995852,0,0.83597,-0.75393,50.158,-1.508,-1,425.000,-1,425.000,-1,350.000,350.000,300.000,300.000,-1,600.000,475.000,725.000,850.000,825.000,-1,-1,2,0,2,0,2,0,0,0,0,2,0,0,1,0,0,2,2
28,8439.631,4825.982,155.973,-57.958,0.525699,0.845988,0.089129,-0.847961,0.529497,-0.024411,-0.067845,-0.062745,0.995721,0,0.83807,-0.74932,50.284,-1.499,-1,425.000,-1,400.000,-1,350.000,350.000,300.000,300.000,-1,750.000,575.000,750.000,850.000,825.000,-1,-1,2,0,2,0,2,0,0,0,0,2,0,0,1,0,0,2,2
29,8465.260,4782.569,152.219,-59.447,0.503345,0.859339,0.090444,-0.861416,0.507255,-0.025596,-0.067874,-0.065026,0.995573,0,0.84021,-0.74469,50.412,-1.489,-1,425.000,-1,400.000,-1,350.000,325.000,300.000,300.000,-1,925.000,700.000,800.000,825.000,825.000,-1,-1,2,0,2,0,2,0,0,0,0,2,0,0,1,0,0,2,2
30,8489.822,4738.395,148.667,-60.927,0.480752,0.872021,0.091961,-0.874195,0.484815,-0.027163,-0.068271,-0.067333,0.995392,0,0.84237,-0.74005,50.542,-1.480,-1,425.000,-1,400.000,-1,350.000,325.000,275.000,300.000,-1,-1,950.000,825.000,825.000,800.000,-1,-1,2,0,2,0,2,0,0,0,0,2,2,0,1,0,0,2,2
31,8513.303,4693.488,145.256,-62.398,0.457956,0.884042,0.093517,-0.886297,0.462202,-0.029093,-0.068943,-0.069561,0.995193,0,0.84456,-0.73539,50.674,-1.471,-1,400.000,-1,400.000,-1,325.000,325.000,275.000,300.000,-1,-1,-1,875.000,800.000,800.000,-1,-1,2,0,2,0,2,0,0,0,0,2,2,2,1,0,0,2,2
32,8533.681,4652.388,142.268,-63.629,0.438632,0.893656,0.094771,-0.895959,0.443052,-0.031020,-0.069710,-0.071304,0.995016,0,0.76456,-0.61539,45.874,-1.231,-1,400.000,-1,400.000,-1,325.000,325.000,275.000,300.000,-1,-1,-1,900.000,800.000,775.000,-1,-1,2,0,2,0,2,0,0,0,0,2,2,2,1,0,0,2,2
33,8551.288,4615.279,139.696,-64.620,0.422910,0.901090,0.095831,-0.903427,0.427489,-0.032739,-0.070468,-0.072730,0.994859,0,0.68456,-0.49539,41.074,-0.991,-1,400.000,-1,400.000,-1,325.000,325.000,275.000,300.000,-1,-1,-1,950.000,800.000,775.000,-1,-1,2,0,2,0,2,0,0,0,0,2,2,2,1,0,0,2,2
34,8566.733,4581.593,137.384,-65.370,0.410902,0.906556,0.096520,-0.908889,0.415619,-0.034370,-0.071274,-0.073603,0.994737,0,0.61760,-0.37539,37.056,-0.751,-1,400.000,-1,400.000,-1,325.000,325.000,300.000,300.000,-1,-1,-1,975.000,775.000,750.000,-1,-1,2,0,2,0,2,0,0,0,0,2,2,2,1,0,0,2,2
35,8582.372,4546.448,134.997,-66.013,0.400554,0.911122,0.097022,-0.913420,0.405412,-0.036130,-0.072253,-0.074150,0.994626,0,0.64112,-0.32122,38.467,-0.642,-1,400.000,-1,400.000,-1,325.000,325.000,300.000,300.000,-1,-1,-1,1000.000,775.000,750.000,-1,-1,2,0,2,0,2,0,0,0,0,2,2,2,1,0,0,2,2
36,8597.609,4511.150,132.565,-66.652,0.390211,0.915539,0.097590,-0.917826,0.395196,-0.037628,-0.073017,-0.074887,0.994515,0,0.64076,-0.31973,38.446,-0.639,-1,400.000,-1,400.000,-1,325.000,325.000,300.000,300.000,-1,-1,-1,-1,775.000,725.000,-1,-1,2,0,2,0,2,0,0,0,0,2,2,2,2,0,0,2,2
37,8612.447,4475.703,129.848,-67.289,0.379887,0.919739,0.098822,-0.922165,0.384948,-0.037780,-0.072789,-0.076778,0.994388,0,0.64045,-0.31817,38.427,-0.636,-1,400.000,-1,400.000,-1,325.000,325.000,300.000,300.000,-1,-1,-1,-1,775.000,725.000,-1,-1,2,0,2,0,2,0,0,0,0,2,2,2,2,0,0,2,2
38,8626.887,4440.109,127.218,-67.922,0.369625,0.923824,0.099630,-0.926370,0.374716,-0.037760,-0.072216,-0.078337,0.994308,0,0.64019,-0.31655,38.411,-0.633,-1,400.000,-1,400.000,-1,325.000,325.000,300.000,300.000,-1,-1,-1,-1,775.000,725.000,-1,-1,2,0,2,0,2,0,0,0,0,2,2,2,2,0,0,2,2
39,8640.929,4404.369,124.651,-68.552,0.359416,0.927789,0.100134,-0.930444,0.364502,-0.037591,-0.071376,-0.079658,0.994264,0,0.63998,-0.31488,38.399,-0.630,-1,400.000,-1,400.000,-1,325.000,325.000,300.000,300.000,-1,-1,-1,-1,750.000,725.000,-1,-1,2,0,2,0,2,0,0,0,0,2,2,2,2,0,0,2,2
40,8656.453,4364.055,121.743,-68.941,0.353062,0.930164,0.100704,-0.932917,0.358150,-0.037346,-0.070805,-0.080763,0.994215,0,0.71998,-0.19488,43.199,-0.390,-1,400.000,-1,400.000,-1,325.000,325.000,300.000,300.000,-1,-1,-1,-1,750.000,725.000,-1,-1,2,0,2,0,2,0,0,0,0,2,2,2,2,0,0,2,2
41,8673.584,4319.218,118.474,-69.091,0.350594,0.931031,0.101319,-0.933870,0.355692,-0.037021,-0.070506,-0.081639,0.994165,0,0.79998,-0.07488,47.999,-0.150,-1,400.000,-1,400.000,-1,325.000,325.000,300.000,300.000,-1,-1,-1,-1,750.000,725.000,-1,-1,2,0,2,0,2,0,0,0,0,2,2,2,2,0,0,2,2
42,8692.505,4269.926,114.817,-69.001,0.352026,0.930421,0.101950,-0.933333,0.357140,-0.036614,-0.070477,-0.082265,0.994115,0,0.87998,0.04512,52.799,0.090,-1,400.000,-1,400.000,-1,325.000,325.000,300.000,300.000,-1,-1,-1,-1,750.000,725.000,-1,-1,2,0,2,0,2,0,0,0,0,2,2,2,2,0,0,2,2
43,8711.736,4220.597,111.073,-68.702,0.356845,0.928521,0.102519,-0.931485,0.361977,-0.036165,-0.070690,-0.082590,0.994073,0,0.88241,0.14939,52.945,0.299,-1,400.000,-1,400.000,-1,325.000,325.000,300.000,300.000,-1,-1,-1,-1,725.000,725.000,-1,-1,2,0,2,0,2,0,0,0,0,2,2,2,2,0,0,2,2
44,8731.217,4171.403,107.273,-68.397,0.361765,0.926565,0.102973,-0.929569,0.366911,-0.035752,-0.070908,-0.082787,0.994041,0,0.88185,0.15258,52.911,0.305,-1,400.000,-1,400.000,-1,325.000,325.000,300.000,300.000,-1,-1,-1,-1,725.000,725.000,-1,-1,2,0,2,0,2,0,0,0,0,2,2,2,2,0,0,2,2
45,8750.959,4122.331,103.423,-68.085,0.366794,0.924550,0.103293,-0.927577,0.371950,-0.035407,-0.071156,-0.082825,0.994021,0,0.88158,0.15601,52.895,0.312,-1,400.000,-1,400.000,-1,325.000,325.000,300.000,300.000,-1,-1,-1,-1,725.000,725.000,-1,-1,2,0,2,0,2,0,0,0,0,2,2,2,2,0,0,2,2
46,8770.974,4073.369,99.508,-67.765,0.371939,0.922468,0.103511,-0.925508,0.377101,-0.035075,-0.071389,-0.082754,0.994010,0,0.88159,0.15970,52.896,0.319,-1,400.000,-1,400.000,-1,325.000,325.000,300.000,300.000,-1,-1,-1,-1,700.000,725.000,-1,-1,2,0,2,0,2,0,0,0,0,2,2,2,2,0,0,2,2
47,8791.276,4024.505,95.585,-67.438,0.377175,0.920296,0.103892,-0.923356,0.382362,-0.034832,-0.071780,-0.082792,0.993978,0,0.88191,0.16362,52.914,0.327,-1,375.000,-1,400.000,-1,325.000,325.000,300.000,300.000,-1,-1,-1,-1,700.000,725.000,-1,-1,2,0,2,0,2,0,0,0,0,2,2,2,2,0,0,2,2
48,8810.176,3980.258,92.014,-66.871,0.386236,0.916476,0.104375,-0.919550,0.391458,-0.034476,-0.072455,-0.082662,0.993940,0,0.80191,0.28362,48.114,0.567,-1,375.000,-1,400.000,-1,325.000,325.000,300.000,300.000,-1,-1,-1,-1,700.000,725.000,-1,-1,2,0,2,0,2,0,0,0,0,2,2,2,2,0,0,2,2
49,8827.749,3940.669,88.780,-66.064,0.399084,0.910897,0.104871,-0.913976,0.404343,-0.033964,-0.073342,-0.082295,0.993906,0,0.72191,0.40362,43.314,0.807,-1,375.000,-1,375.000,-1,325.000,325.000,300.000,300.000,-1,-1,-1,-1,675.000,725.000,-1,-1,2,0,2,0,2,0,0,0,0,2,2,2,2,0,0,2,2
50,8845.947,3901.602,85.488,-65.023,0.415548,0.903453,0.105319,-0.906512,0.420853,-0.033434,-0.074530,-0.081580,0.993876,0,0.71832,0.52059,43.099,1.041,-1,375.000,-1,375.000,-1,300.000,325.000,300.000,300.000,-1,-1,-1,-1,675.000,700.000,-1,-1,2,0,2,0,2,0,0,0,0,2,2,2,2,0,0,2,2
51,8864.883,3862.822,82.122,-63.973,0.432008,0.895652,0.105718,-0.898689,0.437353,-0.032870,-0.075676,-0.080807,0.993853,0,0.71929,0.52458,43.157,1.049,-1,375.000,-1,375.000,-1,300.000,300.000,300.000,300.000,-1,-1,-1,-1,675.000,700.000,-1,-1,2,0,2,0,2,0,0,0,0,2,2,2,2,0,0,2,2
52,8884.566,3824.328,78.795,-62.916,0.448453,0.887521,0.105817,-0.890470,0.453857,-0.032821,-0.077155,-0.079508,0.993844,0,0.72058,0.52878,43.235,1.058,-1,375.000,-1,375.000,-1,300.000,300.000,300.000,300.000,-1,-1,-1,-1,650.000,700.000,-1,-1,2,0,2,0,2,0,0,0,0,2,2,2,2,0,0,2,2
53,8906.160,3784.074,75.221,-61.787,0.465844,0.878514,0.105841,-0.881357,0.471308,-0.032840,-0.078734,-0.077985,0.993841,0,0.76135,0.56434,45.681,1.129,-1,375.000,-1,375.000,-1,300.000,300.000,300.000,300.000,-1,-1,-1,-1,650.000,700.000,-1,-1,2,0,2,0,2,0,0,0,0,2,2,2,2,0,0,2,2
54,8928.715,3743.949,71.779,-60.657,0.483159,0.869146,0.105559,-0.871914,0.488602,-0.032144,-0.079514,-0.076507,0.993893,0,0.76718,0.56518,46.031,1.130,1000.000,375.000,-1,375.000,-1,300.000,300.000,300.000,300.000,-1,-1,-1,-1,650.000,675.000,1000.000,-1,0,0,2,0,2,0,0,0,0,2,2,2,2,0,0,1,2
55,8952.238,3703.972,68.451,-59.525,0.500403,0.859438,0.104704,-0.862132,0.505739,-0.030927,-0.079533,-0.074793,0.994022,0,0.77310,0.56584,46.386,1.132,1000.000,375.000,-1,375.000,-1,300.000,300.000,300.000,300.000,-1,-1,-1,-1,625.000,675.000,975.000,-1,0,0,2,0,2,0,0,0,0,2,2,2,2,0,0,1,2
56,8976.736,3664.160,65.041,-58.393,0.517483,0.849385,0.103715,-0.852003,0.522698,-0.029645,-0.079392,-0.073025,0.994165,0,0.77910,0.56633,46.746,1.133,975.000,375.000,-1,375.000,-1,300.000,300.000,300.000,300.000,-1,-1,-1,-1,625.000,675.000,950.000,-1,0,0,2,0,2,0,0,0,0,2,2,2,2,0,0,1,2
57,9002.214,3624.532,61.548,-57.259,0.534387,0.838992,0.102583,-0.841532,0.539465,-0.028299,-0.079083,-0.071204,0.994322,0,0.78520,0.56663,47.112,1.133,975.000,375.000,-1,375.000,-1,300.000,300.000,300.000,300.000,-1,-1,-1,-1,625.000,675.000,925.000,-1,0,0,2,0,2,0,0,0,0,2,2,2,2,0,0,1,2
58,9028.677,3585.109,57.972,-56.126,0.551103,0.828266,0.101298,-0.830727,0.556030,-0.026895,-0.078601,-0.069329,0.994492,0,0.79138,0.56673,47.483,1.133,950.000,375.000,975.000,375.000,-1,300.000,300.000,300.000,300.000,-1,-1,-1,-1,625.000,675.000,900.000,-1,0,0,1,0,2,0,0,0,0,2,2,2,2,0,0,1,2
59,9056.130,3545.909,54.314,-54.993,0.567617,0.817215,0.099852,-0.819595,0.572378,-0.025436,-0.077940,-0.067400,0.994677,0,0.79764,0.56662,47.858,1.133,950.000,375.000,925.000,375.000,-1,300.000,300.000,300.000,300.000,-1,-1,-1,-1,625.000,700.000,875.000,-1,0,0,1,0,2,0,0,0,0,2,2,2,2,0,0,1,2
60,9084.577,3506.952,50.573,-53.860,0.583916,0.805849,0.098235,-0.808145,0.588497,-0.023927,-0.077093,-0.065416,0.994876,0,0.80397,0.56629,48.238,1.133,925.000,350.000,875.000,375.000,-1,300.000,300.000,300.000,300.000,-1,925.000,-1,-1,625.000,700.000,850.000,-1,0,0,1,0,2,0,0,0,0,2,0,2,2,1,0,1,2
61,9114.020,3468.260,46.970,-52.729,0.600028,0.794190,0.096062,-0.796378,0.604386,-0.022366,-0.075821,-0.063081,0.995124,0,0.81037,0.56574,48.622,1.131,925.000,350.000,825.000,375.000,-1,300.000,300.000,300.000,300.000,-1,750.000,725.000,-1,600.000,700.000,825.000,-1,0,0,1,0,2,0,0,0,0,2,0,0,2,1,0,1,2
62,9144.460,3429.851,43.503,-51.599,0.615965,0.782258,0.093056,-0.784295,0.620040,-0.020781,-0.073954,-0.060183,0.995444,0,0.81683,0.56494,49.010,1.130,950.000,350.000,775.000,375.000,-1,300.000,300.000,300.000,300.000,-1,650.000,575.000,-1,575.000,700.000,800.000,-1,0,0,1,0,2,0,0,0,0,2,0,0,2,1,0,1,2
63,9175.899,3391.747,39.984,-50.471,0.631632,0.770034,0.089933,-0.771924,0.635425,-0.019203,-0.071933,-0.057293,0.995763,0,0.82334,0.56388,49.401,1.128,975.000,350.000,725.000,375.000,-1,300.000,325.000,300.000,300.000,-1,550.000,500.000,-1,550.000,650.000,775.000,-1,0,0,1,0,2,0,0,0,0,2,0,0,2,1,1,1,2
64,9208.337,3353.969,36.412,-49.346,0.647017,0.757531,0.086694,-0.759278,0.650527,-0.017634,-0.069755,-0.054415,0.996079,0,0.82991,0.56256,49.794,1.125,975.000,350.000,675.000,375.000,-1,300.000,300.000,300.000,300.000,-1,500.000,450.000,-1,550.000,600.000,750.000,925.000,0,0,1,0,2,1,1,0,0,2,0,0,2,1,1,1,1
65,9241.772,3316.539,32.790,-48.224,0.662106,0.744762,0.083336,-0.746371,0.665336,-0.016077,-0.067420,-0.051555,0.996392,0,0.83650,0.56094,50.190,1.122,1000.000,350.000,650.000,375.000,-1,300.000,300.000,300.000,300.000,-1,450.000,400.000,-1,525.000,550.000,725.000,800.000,0,0,1,1,2,1,1,0,0,2,0,0,2,1,1,1,1
66,9276.202,3279.477,29.288,-47.106,0.676816,0.731720,0.080659,-0.733239,0.679817,-0.014486,-0.065433,-0.049338,0.996636,0,0.84313,0.55901,50.588,1.118,-1,350.000,600.000,350.000,-1,275.000,275.000,325.000,300.000,-1,450.000,400.000,-1,500.000,500.000,700.000,700.000,2,1,1,1,2,1,1,0,0,2,0,0,2,1,1,1,1
67,9311.623,3242.805,25.817,-45.992,0.691177,0.718437,0.078241,-0.719887,0.693972,-0.012859,-0.063536,-0.047437,0.996852,0,0.84976,0.55676,50.986,1.114,-1,350.000,550.000,325.000,-1,275.000,275.000,325.000,300.000,-1,425.000,400.000,-1,475.000,450.000,675.000,600.000,2,1,1,1,2,1,1,0,0,2,0,0,2,1,1,1,1
68,9348.029,3206.544,22.313,-44.884,0.705207,0.704940,0.075777,-0.706326,0.707798,-0.011212,-0.061539,-0.045617,0.997062,0,0.85639,0.55414,51.384,1.108,-1,325.000,500.000,300.000,900.000,250.000,250.000,300.000,300.000,-1,400.000,375.000,-1,425.000,400.000,650.000,525.000,2,1,1,1,1,1,1,0,0,2,0,0,2,1,1,1,1
69,9385.412,3170.716,18.923,-43.782,0.718884,0.691265,0.073199,-0.692543,0.721303,-0.010291,-0.059912,-0.043295,0.997264,0,0.86301,0.55113,51.780,1.102,-1,300.000,450.000,275.000,700.000,250.000,225.000,300.000,300.000,-1,400.000,400.000,-1,400.000,350.000,625.000,450.000,2,1,1,1,1,1,1,0,0,2,0,0,2,1,1,1,1
70,9423.762,3135.341,15.629,-42.686,0.732198,0.677428,0.070555,-0.678567,0.734470,-0.009996,-0.058592,-0.040557,0.997458,0,0.86957,0.54769,52.174,1.095,-1,275.000,400.000,250.000,525.000,225.000,200.000,300.000,300.000,-1,400.000,400.000,-1,375.000,300.000,600.000,375.000,2,1,1,1,1,1,1,0,0,2,0,0,2,1,1,1,1
71,9463.071,3100.446,14.452,-41.599,0.745293,0.663215,0.068435,-0.664793,0.747028,0.000371,-0.050877,-0.045772,0.997655,0,0.87607,0.54379,52.564,1.088,-1,275.000,375.000,225.000,425.000,225.000,200.000,300.000,325.000,-1,350.000,325.000,-1,350.000,275.000,600.000,325.000,2,1,1,1,1,1,1,0,0,2,0,0,2,1,1,1,1
72,9503.586,3065.544,14.751,-40.751,0.755562,0.651719,0.066248,-0.653951,0.756324,0.017958,-0.038402,-0.056892,0.997642,0,0.89128,0.42379,53.477,0.848,-1,250.000,350.000,200.000,375.000,200.000,175.000,300.000,350.000,-1,225.000,250.000,-1,325.000,250.000,600.000,275.000,2,1,1,1,1,1,1,0,0,2,0,0,2,1,1,1,1
73,9544.764,3030.828,15.677,-40.144,0.763121,0.643098,0.063804,-0.645814,0.762523,0.038521,-0.023879,-0.070602,0.997219,0,0.89770,0.30379,53.862,0.608,-1,225.000,325.000,200.000,325.000,200.000,175.000,275.000,400.000,950.000,150.000,200.000,-1,300.000,250.000,600.000,250.000,2,1,1,1,1,1,1,0,0,0,0,0,2,1,1,1,1
74,9586.463,2996.132,17.241,-39.776,0.768112,0.637379,0.061258,-0.640272,0.765655,0.061845,-0.007484,-0.086726,0.996204,0,0.90410,0.18379,54.246,0.368,-1,225.000,300.000,175.000,300.000,175.000,150.000,275.000,450.000,725.000,100.000,175.000,-1,275.000,225.000,-1,225.000,2,1,1,1,1,1,1,0,0,0,0,0,2,1,1,2,1
75,9628.538,2961.286,19.798,-39.649,0.770572,0.634632,0.058837,-0.637282,0.765817,0.085998,0.009519,-0.103763,0.994557,0,0.91052,0.06379,54.631,0.128,-1,200.000,275.000,175.000,275.000,175.000,150.000,275.000,525.000,600.000,100.000,175.000,-1,250.000,200.000,-1,200.000,2,1,1,1,1,1,1,0,0,0,0,0,2,1,1,2,1
76,8199.073,5575.402,197.237,107.505,-0.295006,-0.948492,0.115474,0.953998,-0.299147,-0.019949,0.053465,0.104277,0.993110,1,0.00000,0.00000,55.018,-0.005,-1,375.000,-1,400.000,700.000,300.000,325.000,300.000,325.000,-1,-1,-1,-1,-1,850.000,-1,-1,2,0,2,1,1,0,0,0,0,2,2,2,2,2,1,2,2
77,8200.537,5570.831,196.992,107.745,-0.298972,-0.947273,0.115284,0.952739,-0.303131,-0.019994,0.053886,0.103858,0.993131,0,-0.08000,0.12000,-4.800,0.240,-1,375.000,-1,400.000,725.000,300.000,325.000,300.000,325.000,-1,-1,-1,-1,-1,850.000,-1,-1,2,0,2,1,1,0,0,0,0,2,2,2,2,2,1,2,2
78,8203.540,5561.712,196.497,108.225,-0.306891,-0.944782,0.114909,0.950171,-0.311083,-0.020077,0.054714,0.103022,0.993173,0,-0.16000,0.24000,-9.600,0.480,-1,375.000,-1,400.000,725.000,300.000,325.000,300.000,325.000,-1,-1,-1,-1,-1,875.000,-1,-1,2,0,2,1,1,0,0,0,0,2,2,2,2,2,1,2,2
79,8208.217,5548.092,195.742,108.945,-0.318733,-0.940920,0.114359,0.946193,-0.322972,-0.020182,0.055925,0.101773,0.993234,0,-0.24000,0.36000,-14.400,0.720,-1,375.000,-1,400.000,750.000,300.000,325.000,325.000,325.000,-1,-1,-1,-1,975.000,875.000,-1,-1,2,0,2,1,1,0,0,0,0,2,2,2,2,1,1,2,2
80,8214.698,5530.018,194.710,109.724,-0.331502,-0.936585,0.113641,0.941721,-0.335782,-0.020295,0.057167,0.100291,0.993315,0,-0.32000,0.38938,-19.200,0.779,-1,375.000,-1,400.000,750.000,300.000,325.000,325.000,325.000,-1,-1,-1,-1,925.000,875.000,-1,-1,2,0,2,1,1,0,0,0,0,2,2,2,2,1,1,2,2
81,8223.107,5507.538,193.396,110.504,-0.344254,-0.932080,0.112762,0.937063,-0.348563,-0.020402,0.058321,0.098642,0.993413,0,-0.40000,0.39014,-24.000,0.780,-1,375.000,-1,400.000,775.000,300.000,325.000,325.000,325.000,-1,-1,-1,-1,825.000,875.000,-1,-1,2,0,2,0,1,0,0,0,0,2,2,2,2,1,1,2,2
82,8232.218,5484.157,192.009,111.286,-0.356975,-0.927391,0.111865,0.932223,-0.361305,-0.020475,0.059406,0.096974,0.993512,0,-0.41821,0.39080,-25.093,0.782,-1,375.000,-1,400.000,800.000,300.000,325.000,325.000,325.000,-1,-1,-1,-1,700.000,875.000,-1,-1,2,0,2,0,1,0,0,0,0,2,2,2,2,1,1,2,2
83,8241.492,5461.286,190.636,112.068,-0.369647,-0.922518,0.111007,0.927205,-0.373993,-0.020508,0.060434,0.095345,0.993608,0,-0.41131,0.39117,-24.679,0.782,-1,375.000,-1,400.000,825.000,300.000,325.000,325.000,325.000,-1,-1,-1,-1,675.000,875.000,-1,-1,2,0,2,0,1,0,0,0,0,2,2,2,2,0,1,2,2
84,8250.917,5438.924,189.279,112.850,-0.382256,-0.917464,0.110184,0.922014,-0.386614,-0.020501,0.061408,0.093755,0.993700,0,-0.40444,0.39121,-24.267,0.782,-1,375.000,-1,400.000,850.000,300.000,325.000,325.000,325.000,-1,-1,-1,-1,675.000,875.000,-1,-1,2,0,2,0,1,0,0,0,0,2,2,2,2,0,1,2,2
85,8260.483,5417.066,187.939,113.632,-0.394789,-0.912235,0.109398,0.916655,-0.399155,-0.020456,0.062327,0.092204,0.993788,0,-0.39765,0.39094,-23.859,0.782,-1,375.000,-1,400.000,875.000,300.000,325.000,325.000,325.000,-1,-1,-1,-1,675.000,875.000,-1,-1,2,0,2,0,1,0,0,0,0,2,2,2,2,0,1,2,2
86,8270.181,5395.706,186.615,114.413,-0.407235,-0.906838,0.108644,0.911134,-0.411605,-0.020373,0.063194,0.090693,0.993872,0,-0.39096,0.39036,-23.457,0.781,-1,375.000,-1,400.000,900.000,300.000,325.000,325.000,325.000,-1,-1,-1,-1,675.000,875.000,-1,-1,2,0,2,0,1,0,0,0,0,2,2,2,2,0,1,2,2
87,8280.000,5374.836,185.200,115.192,-0.419646,-0.901314,0.107376,0.905453,-0.423970,-0.020123,0.063662,0.088780,0.994015,0,-0.38440,0.38950,-23.064,0.779,-1,375.000,-1,400.000,925.000,300.000,325.000,325.000,325.000,-1,-1,-1,-1,675.000,850.000,-1,-1,2,0,2,0,1,0,0,0,0,2,2,2,2,0,1,2,2
88,8289.934,5354.446,183.784,115.969,-0.431958,-0.895639,0.106036,0.899619,-0.436225,-0.019830,0.064016,0.086827,0.994165,0,-0.37801,0.38837,-22.680,0.777,-1,375.000,-1,400.000,950.000,300.000,325.000,325.000,325.000,-1,-1,-1,-1,675.000,850.000,-1,-1,2,0,2,0,1,0,0,0,0,2,2,2,2,0,1,2,2
89,8299.974,5334.524,182.383,116.743,-0.444146,-0.889812,0.104730,0.893640,-0.448358,-0.019551,0.064353,0.084907,0.994309,0,-0.37179,0.38698,-22.308,0.774,-1,375.000,-1,400.000,975.000,300.000,325.000,325.000,325.000,-1,-1,-1,-1,675.000,825.000,-1,-1,2,0,2,0,1,0,0,0,0,2,2,2,2,0,1,2,2
90,8310.115,5315.060,180.993,117.513,-0.456201,-0.883844,0.103445,0.887522,-0.460360,-0.019315,0.064693,0.082998,0.994448,0,-0.36579,0.38535,-21.947,0.771,-1,375.000,-1,400.000,1000.000,300.000,325.000,325.000,325.000,-1,-1,-1,-1,650.000,825.000,-1,-1,2,0,2,0,1,0,0,0,0,2,2,2,2,0,1,2,2
91,8320.351,5296.038,179.615,118.280,-0.468115,-0.877740,0.102186,0.881272,-0.472223,-0.019111,0.065030,0.081108,0.994582,0,-0.36000,0.38348,-21.600,0.767,-1,375.000,-1,400.000,-1,300.000,325.000,325.000,325.000,-1,-1,-1,-1,650.000,800.000,-1,-1,2,0,2,0,2,0,0,0,0,2,2,2,2,0,1,2,2
92,8330.678,5277.446,178.243,119.043,-0.479879,-0.871509,0.100941,0.874895,-0.483941,-0.018975,0.065386,0.079207,0.994711,0,-0.35445,0.38140,-21.267,0.763,-1,375.000,-1,400.000,-1,300.000,325.000,325.000,325.000,-1,-1,-1,-1,650.000,800.000,-1,-1,2,0,2,0,2,0,0,0,0,2,2,2,2,0,1,2,2
93,8341.091,5259.268,176.875,119.801,-0.491486,-0.865158,0.099712,0.868399,-0.495506,-0.018904,0.065763,0.077299,0.994837,0,-0.34915,0.37911,-20.949,0.758,-1,375.000,-1,400.000,-1,300.000,325.000,325.000,325.000,-1,-1,-1,-1,650.000,775.000,-1,-1,2,0,2,0,2,0,0,0,0,2,2,2,2,0,1,2,2
94,8351.589,5241.489,175.513,120.554,-0.502930,-0.858696,0.098501,0.861791,-0.506911,-0.018899,0.066159,0.075382,0.994957,0,-0.34410,0.37662,-20.646,0.753,-1,375.000,-1,400.000,-1,300.000,325.000,325.000,325.000,-1,-1,-1,-1,650.000,775.000,-1,-1,2,0,2,0,2,0,0,0,0,2,2,2,2,0,1,2,2
95,8362.168,5224.094,174.156,121.302,-0.514205,-0.852129,0.097310,0.855079,-0.518150,-0.018956,0.066575,0.073461,0.995074,0,-0.33932,0.37394,-20.359,0.748,-1,375.000,-1,400.000,-1,300.000,325.000,325.000,325.000,-1,-1,-1,-1,650.000,750.000,-1,-1,2,0,2,0,2,0,0,0,0,2,2,2,2,0,1,2,2
96,8372.829,5207.066,172.805,122.045,-0.525306,-0.845464,0.096142,0.848271,-0.529219,-0.019076,0.067008,0.071534,0.995185,0,-0.33482,0.37109,-20.089,0.742,-1,375.000,-1,400.000,-1,300.000,300.000,325.000,325.000,-1,-1,-1,-1,650.000,750.000,-1,-1,2,0,2,0,2,0,0,0,0,2,2,2,2,0,1,2,2
97,8383.568,5190.389,171.459,122.772,-0.536096,-0.838795,0.094999,0.841458,-0.539979,-0.019255,0.067449,0.069615,0.995291,0,-0.33058,0.36355,-19.835,0.727,-1,375.000,-1,400.000,-1,300.000,300.000,325.000,325.000,-1,-1,-1,-1,650.000,750.000,-1,-1,2,0,2,0,2,0,0,0,0,2,2,2,2,0,0,2,2
98,8394.382,5174.042,170.118,123.481,-0.546536,-0.832157,0.093882,0.834679,-0.550391,-0.019491,0.067892,0.067709,0.995392,0,-0.32666,0.35457,-19.600,0.709,-1,375.000,-1,400.000,-1,300.000,300.000,325.000,325.000,-1,-1,-1,-1,650.000,750.000,-1,-1,2,0,2,0,2,0,0,0,0,2,2,2,2,0,0,2,2
99,8405.270,5158.006,168.730,124.172,-0.556638,-0.825548,0.092866,0.827952,-0.560458,-0.019545,0.068183,0.066009,0.995487,0,-0.32305,0.34573,-19.383,0.691,-1,350.000,-1,400.000,-1,300.000,300.000,325.000,325.000,-1,-1,-1,-1,650.000,750.000,-1,-1,2,0,2,0,2,0,0,0,0,2,2,2,2,0,0,2,2
100,8416.234,5142.262,167.325,124.846,-0.566409,-0.818984,0.091904,0.821280,-0.570191,-0.019546,0.068411,0.064407,0.995576,0,-0.31975,0.33704,-19.185,0.674,-1,350.000,-1,400.000,-1,300.000,300.000,325.000,325.000,-1,-1,-1,-1,650.000,750.000,-1,-1,2,0,2,0,2,0,0,0,0,2,2,2,2,0,0,2,2
101,8427.272,5126.790,165.925,125.503,-0.575857,-0.812474,0.090961,0.814663,-0.579603,-0.019598,0.068644,0.062817,0.995662,0,-0.31675,0.32850,-19.005,0.657,-1,375.000,-1,400.000,-1,300.000,300.000,325.000,325.000,-1,-1,-1,-1,650.000,750.000,-1,-1,2,0,2,0,2,0,0,0,0,2,2,2,2,0,0,2,2
102,8438.387,5111.575,164.531,126.144,-0.584991,-0.806026,0.090040,0.808109,-0.588703,-0.019698,0.068884,0.061239,0.995743,0,-0.31405,0.32011,-18.843,0.640,-1,375.000,-1,375.000,-1,300.000,300.000,325.000,325.000,-1,-1,-1,-1,650.000,750.000,-1,-1,2,0,2,0,2,0,0,0,0,2,2,2,2,0,0,2,2
103,8449.581,5096.596,163.141,126.767,-0.593818,-0.799646,0.089140,0.801624,-0.597499,-0.019845,0.069130,0.059672,0.995821,0,-0.31164,0.31187,-18.698,0.624,-1,375.000,-1,375.000,-1,300.000,300.000,325.000,325.000,-1,-1,-1,-1,650.000,725.000,-1,-1,2,0,2,0,2,0,0,0,0,2,2,2,2,0,0,2,2
104,8458.068,5085.590,162.084,127.631,-0.605870,-0.790628,0.088484,0.792495,-0.609547,-0.020077,0.069809,0.057959,0.995875,0,-0.23164,0.43187,-13.898,0.864,825.000,375.000,-1,375.000,-1,300.000,300.000,325.000,325.000,-1,-1,-1,-1,650.000,725.000,-1,-1,1,0,2,0,2,0,0,0,0,2,2,2,2,0,0,2,2
105,8463.735,5078.472,161.371,128.516,-0.618056,-0.781185,0.088072,0.782954,-0.621747,-0.020322,0.070634,0.056396,0.995907,0,-0.15164,0.44269,-9.098,0.885,775.000,375.000,-1,375.000,-1,300.000,300.000,300.000,325.000,-1,-1,-1,-1,650.000,725.000,-1,-1,1,0,2,0,2,0,0,0,0,2,2,2,2,0,0,2,2
106,8466.464,5075.150,161.010,129.390,-0.629910,-0.771677,0.087903,0.773364,-0.633629,-0.020552,0.071557,0.055035,0.995917,0,-0.07164,0.43661,-4.298,0.873,775.000,375.000,-1,375.000,-1,300.000,300.000,300.000,325.000,-1,-1,-1,-1,650.000,725.000,-1,-1,1,0,2,0,2,0,0,0,0,2,2,2,2,0,0,2,2
107,8466.140,5075.533,161.013,130.254,-0.641478,-0.762083,0.087950,0.763701,-0.645236,-0.020754,0.072565,0.053854,0.995909,0,0.00836,0.43206,0.502,0.864,750.000,375.000,-1,375.000,-1,300.000,300.000,300.000,325.000,-1,-1,-1,-1,650.000,725.000,-1,-1,1,0,2,0,2,0,0,0,0,2,2,2,2,0,0,2,2
108,8462.655,5079.528,161.388,131.112,-0.652802,-0.752376,0.088203,0.753939,-0.656611,-0.020926,0.073660,0.052839,0.995883,0,0.08836,0.42900,5.302,0.858,750.000,375.000,-1,375.000,-1,300.000,300.000,300.000,325.000,-1,-1,-1,-1,650.000,725.000,-1,-1,1,0,2,0,2,0,0,0,0,2,2,2,2,0,0,2,2
109,8455.900,5087.039,162.148,131.967,-0.663919,-0.742531,0.088655,0.744049,-0.667793,-0.021072,0.074849,0.051973,0.995840,0,0.16836,0.42741,10.102,0.855,725.000,375.000,-1,375.000,-1,300.000,300.000,300.000,325.000,-1,-1,-1,-1,650.000,725.000,-1,-1,1,0,2,0,2,0,0,0,0,2,2,2,2,0,0,2,2
110,8445.772,5097.969,163.304,132.821,-0.674867,-0.732517,0.089296,0.734000,-0.678819,-0.021204,0.076148,0.051233,0.995779,0,0.24836,0.42727,14.902,0.855,700.000,375.000,-1,375.000,-1,300.000,300.000,300.000,325.000,-1,-1,-1,-1,650.000,725.000,-1,-1,1,0,2,0,2,0,0,0,0,2,2,2,2,0,0,2,2
111,8432.166,5112.218,164.874,133.678,-0.685680,-0.722304,0.090111,0.723758,-0.689724,-0.021344,0.077568,0.050583,0.995703,0,0.32836,0.42858,19.702,0.857,700.000,375.000,-1,375.000,-1,300.000,300.000,325.000,325.000,-1,-1,-1,-1,650.000,700.000,-1,-1,1,0,2,0,2,0,0,0,0,2,2,2,2,0,0,2,2
112,8414.980,5129.682,166.874,134.541,-0.696391,-0.711859,0.091087,0.713287,-0.700542,-0.021520,0.079130,0.049985,0.995610,0,0.40836,0.43134,24.502,0.863,675.000,375.000,-1,375.000,-1,300.000,300.000,325.000,325.000,-1,-1,-1,-1,650.000,700.000,-1,-1,1,0,2,0,2,0,0,0,0,2,2,2,2,0,0,2,2
113,8394.113,5150.252,169.323,135.412,-0.707029,-0.701147,0.092216,0.702547,-0.711304,-0.021771,0.080858,0.049393,0.995501,0,0.48836,0.43556,29.302,0.871,650.000,375.000,-1,375.000,-1,300.000,300.000,325.000,325.000,-1,-1,-1,-1,650.000,700.000,-1,-1,1,0,2,0,2,0,0,0,0,2,2,2,2,0,0,2,2
114,8369.461,5173.814,172.243,136.295,-0.717623,-0.690129,0.093488,0.691495,-0.722042,-0.022140,0.082782,0.048759,0.995374,0,0.56836,0.44128,34.102,0.883,625.000,375.000,-1,375.000,-1,300.000,300.000,325.000,325.000,-1,-1,-1,-1,650.000,700.000,-1,-1,1,0,2,0,2,0,0,0,0,2,2,2,2,0,0,2,2
115,8340.921,5200.250,175.550,137.192,-0.728206,-0.678751,0.094938,0.680114,-0.732771,-0.022175,0.084619,0.048420,0.995236,0,0.64836,0.44854,38.902,0.897,600.000,375.000,-1,375.000,-1,300.000,300.000,325.000,325.000,-1,-1,-1,-1,675.000,700.000,-1,-1,1,0,2,0,2,0,0,0,0,2,2,2,2,0,0,2,2
116,8308.390,5229.431,179.373,138.106,-0.738798,-0.666981,0.096507,0.668325,-0.743532,-0.022426,0.086714,0.047930,0.995080,0,0.72836,0.45740,43.702,0.915,575.000,375.000,-1,375.000,-1,300.000,300.000,325.000,325.000,-1,-1,-1,-1,675.000,675.000,-1,-1,1,0,2,0,2,0,0,0,0,2,2,2,2,0,0,2,2
117,8271.762,5261.225,183.749,139.042,-0.749421,-0.654771,0.098195,0.656065,-0.754354,-0.023016,0.089145,0.047173,0.994901,0,0.80836,0.46793,48.502,0.936,550.000,375.000,-1,375.000,-1,300.000,300.000,325.000,325.000,-1,-1,-1,-1,675.000,675.000,-1,-1,1,0,2,0,2,0,0,0,0,2,2,2,2,0,0,2,2
118,8230.929,5295.485,188.718,140.003,-0.760096,-0.642069,0.100006,0.643267,-0.765264,-0.024069,0.091985,0.046036,0.994696,0,0.88836,0.48022,53.302,0.960,525.000,375.000,-1,375.000,-1,300.000,300.000,325.000,325.000,-1,-1,-1,-1,700.000,675.000,-1,-1,1,0,2,0,2,0,0,0,0,2,2,2,2,0,0,2,2
119,8187.464,5330.694,194.072,140.992,-0.770856,-0.628810,0.101879,0.629870,-0.776283,-0.025477,0.095107,0.044531,0.994471,0,0.93227,0.49438,55.936,0.989,500.000,375.000,-1,375.000,-1,300.000,300.000,350.000,325.000,-1,-1,400.000,-1,700.000,675.000,-1,-1,1,0,2,0,2,0,0,0,0,2,2,0,2,0,0,2,2
120,8143.284,5365.198,199.593,142.011,-0.781715,-0.614949,0.103732,0.615831,-0.787412,-0.027126,0.098361,0.042677,0.994235,0,0.93427,0.50975,56.056,1.019,475.000,375.000,-1,375.000,-1,300.000,300.000,350.000,325.000,-1,-1,400.000,-1,725.000,675.000,-1,-1,1,0,2,0,2,0,0,0,0,2,2,0,2,0,0,2,2
121,8098.411,5398.938,205.310,143.062,-0.792659,-0.600456,0.105568,0.601135,-0.798627,-0.028842,0.101628,0.040599,0.993994,0,0.93571,0.52543,56.143,1.051,450.000,375.000,-1,375.000,-1,300.000,300.000,350.000,325.000,-1,375.000,400.000,-1,750.000,675.000,-1,-1,1,0,2,0,2,0,0,0,0,2,0,0,2,0,0,2,2
122,8052.866,5431.854,211.191,144.145,-0.803666,-0.585312,0.107387,0.585750,-0.809909,-0.030749,0.104972,0.038190,0.993742,0,0.93656,0.54143,56.193,1.083,450.000,375.000,-1,375.000,-1,300.000,300.000,350.000,325.000,-1,375.000,400.000,-1,750.000,700.000,1000.000,-1,1,0,2,0,2,0,0,0,0,2,0,0,2,0,1,1,2
123,8006.678,5463.885,217.272,145.260,-0.814717,-0.569488,0.109180,0.569667,-0.821228,-0.032623,0.108240,0.035617,0.993487,0,0.93679,0.55774,56.207,1.115,425.000,375.000,-1,375.000,-1,300.000,300.000,350.000,325.000,-1,375.000,425.000,-1,775.000,775.000,950.000,-1,1,0,2,0,2,0,0,0,0,2,0,0,2,0,1,1,2
124,7959.878,5494.970,223.649,146.409,-0.825724,-0.552955,0.111447,0.552894,-0.832546,-0.034297,0.111749,0.033299,0.993178,0,0.93638,0.57433,56.183,1.149,425.000,400.000,-1,375.000,-1,325.000,300.000,350.000,325.000,-1,375.000,425.000,-1,800.000,825.000,900.000,-1,1,0,2,0,2,0,0,0,0,2,0,0,2,0,1,1,2
125,7912.497,5525.046,231.185,147.591,-0.836105,-0.535630,0.118442,0.535668,-0.843735,-0.034235,0.118270,0.034822,0.992371,0,0.93531,0.59119,56.119,1.182,500.000,425.000,-1,375.000,-1,325.000,325.000,350.000,325.000,-1,350.000,375.000,-1,775.000,875.000,850.000,-1,1,0,2,0,2,0,0,0,0,2,0,0,2,1,1,1,2
126,7861.319,5556.366,238.639,148.534,-0.844241,-0.521686,0.122887,0.521652,-0.852439,-0.035034,0.123030,0.034527,0.991802,0,1.00000,0.47119,60.000,0.942,600.000,425.000,-1,400.000,-1,325.000,325.000,325.000,325.000,-1,325.000,350.000,-1,750.000,900.000,800.000,-1,1,0,2,0,2,0,0,1,0,2,0,0,2,1,1,1,2
127,7809.763,5587.058,245.450,149.236,-0.850486,-0.511246,0.123701,0.510877,-0.858852,-0.037119,0.125218,0.031626,0.991625,0,1.00000,0.35119,60.000,0.702,625.000,425.000,-1,400.000,-1,350.000,325.000,300.000,325.000,-1,325.000,350.000,-1,725.000,900.000,750.000,-1,1,0,2,0,2,0,0,1,0,2,0,0,2,1,1,1,2
128,7757.962,5617.334,251.625,149.698,-0.855074,-0.504387,0.120179,0.503372,-0.863101,-0.040907,0.124360,0.025517,0.991909,0,1.00000,0.23119,60.000,0.462,575.000,425.000,-1,400.000,-1,350.000,325.000,250.000,325.000,-1,375.000,400.000,-1,675.000,875.000,700.000,-1,1,0,2,0,2,0,0,1,0,2,0,0,2,1,1,1,2
129,7705.975,5647.288,257.125,150.055,-0.859207,-0.499103,0.112518,0.497204,-0.866393,-0.046381,0.120633,0.016093,0.992567,0,1.00000,0.17830,60.000,0.357,550.000,400.000,-1,400.000,-1,325.000,325.000,225.000,325.000,-1,425.000,525.000,-1,625.000,850.000,625.000,-1,1,0,2,0,2,0,0,1,0,2,0,0,2,1,1,1,2
130,7653.785,5676.887,263.754,150.442,-0.862714,-0.493254,0.111466,0.491236,-0.869767,-0.046826,0.120046,0.014359,0.992664,0,1.00000,0.19345,60.000,0.387,500.000,400.000,-1,400.000,-1,325.000,325.000,200.000,325.000,-1,475.000,575.000,-1,575.000,825.000,575.000,-1,1,0,2,0,2,0,0,1,0,2,0,0,2,1,1,1,2
131,7601.387,5706.119,270.500,150.844,-0.866324,-0.487150,0.110309,0.485037,-0.873226,-0.047073,0.119257,0.012724,0.992782,0,1.00000,0.20102,60.000,0.402,475.000,400.000,-1,400.000,-1,325.000,325.000,175.000,325.000,-1,550.000,650.000,-1,550.000,850.000,500.000,-1,1,0,2,0,2,0,0,1,0,2,0,0,2,1,0,1,2
132,7548.780,5734.970,277.393,151.259,-0.870008,-0.480823,0.109067,0.478621,-0.876748,-0.047278,0.118357,0.011069,0.992909,0,1.00000,0.20745,60.000,0.415,425.000,400.000,-1,375.000,-1,325.000,325.000,175.000,325.000,-1,650.000,750.000,-1,525.000,900.000,450.000,-1,1,1,2,0,2,0,0,1,1,2,0,0,2,1,0,1,2
133,7495.960,5763.431,284.430,151.684,-0.873742,-0.474309,0.107735,0.472023,-0.880308,-0.047446,0.117345,0.009398,0.993047,0,1.00000,0.21270,60.000,0.425,375.000,375.000,-1,375.000,-1,325.000,325.000,150.000,325.000,-1,750.000,875.000,-1,475.000,950.000,400.000,-1,1,1,2,1,2,0,0,1,1,2,0,0,2,1,0,1,2
134,7443.332,5791.275,291.555,152.118,-0.877500,-0.467642,0.106323,0.465279,-0.883884,-0.047581,0.116228,0.007718,0.993193,0,0.99233,0.21673,59.540,0.433,325.000,350.000,-1,375.000,-1,325.000,325.000,175.000,350.000,-1,875.000,1000.000,-1,450.000,1000.000,350.000,-1,1,1,2,1,2,1,0,1,1,2,0,0,2,1,0,1,2
135,7391.406,5818.242,298.691,152.557,-0.881257,-0.460862,0.104846,0.458428,-0.887451,-0.047686,0.115022,0.006041,0.993345,0,0.97520,0.21950,58.512,0.439,275.000,325.000,-1,375.000,-1,300.000,300.000,175.000,400.000,-1,1000.000,-1,-1,425.000,-1,300.000,-1,1,1,2,1,2,1,0,1,1,2,0,2,2,1,2,1,2
