timestep,x_cm,y_cm,z_cm,yaw_deg,basis_xx,basis_xy,basis_xz,basis_yx,basis_yy,basis_yz,basis_zx,basis_zy,basis_zz,teleport_flag,throttle_cmd,steering_cmd,cmd_move_cm,cmd_turn_deg,lidar_cm_0,lidar_cm_1,lidar_cm_2,lidar_cm_3,lidar_cm_4,lidar_cm_5,lidar_cm_6,lidar_cm_7,lidar_cm_8,lidar_cm_9,lidar_cm_10,lidar_cm_11,lidar_cm_12,lidar_cm_13,lidar_cm_14,lidar_cm_15,lidar_cm_16,lidar_class_0,lidar_class_1,lidar_class_2,lidar_class_3,lidar_class_4,lidar_class_5,lidar_class_6,lidar_class_7,lidar_class_8,lidar_class_9,lidar_class_10,lidar_class_11,lidar_class_12,lidar_class_13,lidar_class_14,lidar_class_15,lidar_class_16
0,1643.531,9507.951,-100.463,-39.642,0.768224,0.637984,-0.052988,-0.636714,0.770045,0.040325,0.066530,0.002759,0.997781,1,0.08000,0.12000,4.800,0.240,-1,375.000,-1,375.000,-1,300.000,300.000,300.000,300.000,-1,875.000,950.000,-1,700.000,650.000,-1,-1,2,0,2,0,2,0,0,0,0,2,1,1,2,0,0,2,2
1,1650.975,9501.889,-99.761,-39.162,0.773558,0.631512,-0.052923,-0.630214,0.775364,0.040513,0.066619,0.002014,0.997776,0,0.16000,0.24000,9.600,0.480,-1,375.000,-1,375.000,-1,300.000,300.000,300.000,300.000,-1,900.000,950.000,-1,700.000,650.000,-1,-1,2,0,2,0,2,0,0,0,0,2,1,1,2,0,0,2,2
2,1662.246,9492.927,-98.688,-38.487,0.780972,0.622332,-0.052776,-0.620993,0.782753,0.040810,0.066708,0.000903,0.997772,0,0.24000,0.33759,14.400,0.675,-1,375.000,-1,375.000,-1,300.000,300.000,300.000,300.000,-1,900.000,1000.000,-1,700.000,650.000,-1,-1,2,0,2,0,2,0,0,0,0,2,1,1,2,0,0,2,2
3,1677.415,9481.156,-97.241,-37.812,0.788268,0.613078,-0.052625,-0.611694,0.790022,0.041173,0.066817,-0.000265,0.997765,0,0.32000,0.33714,19.200,0.674,-1,375.000,-1,375.000,-1,300.000,300.000,300.000,300.000,-1,925.000,-1,-1,700.000,650.000,-1,-1,2,0,2,0,2,0,0,0,0,2,1,2,2,0,0,2,2
4,1696.547,9466.666,-95.418,-37.139,0.795441,0.603752,-0.052503,-0.602318,0.797171,0.041615,0.066979,-0.001478,0.997753,0,0.40000,0.33662,24.000,0.673,-1,375.000,-1,375.000,-1,300.000,300.000,300.000,300.000,-1,950.000,-1,-1,675.000,650.000,-1,-1,2,0,2,0,2,0,0,0,0,2,1,2,2,0,0,2,2
5,1719.708,9449.548,-93.216,-36.467,0.802490,0.594358,-0.052431,-0.592868,0.804196,0.042154,0.067220,-0.002743,0.997734,0,0.48000,0.33606,28.800,0.672,-1,375.000,-1,375.000,-1,300.000,300.000,300.000,300.000,-1,1000.000,-1,-1,675.000,625.000,-1,-1,2,0,2,0,2,0,0,0,0,2,1,2,2,0,0,2,2
6,1746.961,9429.895,-90.653,-35.796,0.809411,0.584896,-0.052441,-0.583333,0.811098,0.042935,0.067647,-0.004162,0.997701,0,0.56000,0.33553,33.600,0.671,-1,375.000,-1,375.000,-1,300.000,300.000,300.000,300.000,-1,-1,-1,-1,675.000,625.000,-1,-1,2,0,2,0,2,0,0,0,0,2,2,2,2,0,0,2,2
7,1778.368,9407.801,-87.790,-35.126,0.816206,0.575363,-0.052586,-0.573685,0.817876,0.044322,0.068510,-0.006008,0.997632,0,0.64000,0.33509,38.400,0.670,-1,375.000,-1,375.000,-1,300.000,300.000,300.000,300.000,-1,-1,-1,-1,675.000,625.000,-1,-1,2,0,2,0,2,0,0,0,0,2,2,2,2,0,0,2,2
8,1813.989,9383.359,-84.543,-34.456,0.822873,0.565758,-0.052891,-0.563946,0.824533,0.045948,0.069605,-0.007982,0.997543,0,0.72000,0.33481,43.200,0.670,-1,375.000,-1,350.000,-1,300.000,300.000,300.000,325.000,-1,-1,-1,-1,675.000,625.000,-1,1000.000,2,0,2,0,2,0,0,0,0,2,2,2,2,0,0,2,0
9,1850.351,9359.029,-81.229,-33.787,0.829419,0.556074,-0.053336,-0.554117,0.831073,0.047671,0.070835,-0.009984,0.997438,0,0.72918,0.33477,43.751,0.670,-1,375.000,-1,350.000,-1,300.000,300.000,300.000,325.000,-1,-1,-1,-1,675.000,625.000,-1,975.000,2,0,2,0,2,0,0,0,0,2,2,2,2,0,0,2,0
10,1886.787,9335.261,-77.904,-33.117,0.835847,0.546305,-0.053943,-0.544195,0.837501,0.049446,0.072190,-0.011974,0.997319,0,0.72505,0.33503,43.503,0.670,-1,375.000,-1,350.000,-1,300.000,300.000,300.000,325.000,-1,-1,-1,-1,675.000,600.000,-1,975.000,2,0,2,0,2,0,0,0,1,2,2,2,2,0,0,2,0
11,1927.658,9309.517,-74.174,-32.207,0.844388,0.532918,-0.054839,-0.530619,0.846045,0.051486,0.073834,-0.014376,0.997167,0,0.80505,0.45503,48.303,0.910,-1,375.000,-1,350.000,-1,300.000,300.000,300.000,325.000,-1,-1,-1,-1,675.000,600.000,-1,950.000,2,0,2,0,2,0,0,0,0,2,2,2,2,0,0,2,0
12,1973.150,9282.122,-70.051,-31.056,0.854872,0.515806,-0.056020,-0.513281,0.856532,0.053814,0.075741,-0.017250,0.996978,0,0.88505,0.57503,53.103,1.150,-1,375.000,-1,350.000,-1,300.000,300.000,300.000,325.000,-1,-1,-1,-1,675.000,600.000,-1,925.000,2,0,2,0,2,0,0,0,0,2,2,2,2,0,0,2,0
13,2019.390,9255.783,-65.908,-29.666,0.867083,0.494845,-0.057405,-0.492068,0.868739,0.056224,0.077692,-0.020504,0.996767,0,0.88692,0.69503,53.215,1.390,-1,375.000,-1,350.000,-1,300.000,300.000,300.000,325.000,-1,-1,-1,-1,675.000,600.000,-1,925.000,2,0,2,0,2,0,0,0,0,2,2,2,2,0,0,2,0
14,2066.088,9230.916,-61.755,-28.036,0.880763,0.469893,-0.058799,-0.466838,0.882389,0.058745,0.079488,-0.024291,0.996540,0,0.88177,0.81503,52.906,1.630,-1,375.000,-1,350.000,975.000,300.000,300.000,300.000,325.000,-1,-1,-1,-1,700.000,600.000,-1,900.000,2,0,2,0,0,0,0,0,0,2,2,2,2,0,0,2,0
15,2113.254,9207.618,-57.530,-26.288,0.894653,0.442698,-0.060123,-0.439331,0.896212,0.061581,0.081145,-0.028680,0.996290,0,0.87676,0.87427,52.606,1.749,-1,375.000,-1,350.000,950.000,300.000,300.000,300.000,325.000,-1,850.000,-1,-1,700.000,600.000,-1,900.000,2,0,2,0,0,0,0,0,0,2,0,2,2,0,0,2,0
16,2160.863,9185.890,-53.144,-24.533,0.907741,0.414982,-0.061613,-0.411223,0.909200,0.065203,0.083076,-0.033851,0.995968,0,0.87220,0.87732,52.332,1.755,-1,375.000,-1,350.000,950.000,300.000,300.000,300.000,325.000,-1,575.000,875.000,-1,700.000,600.000,-1,-1,2,0,2,0,0,0,0,0,0,2,0,0,2,0,0,2,2
17,2208.903,9165.725,-48.757,-22.771,0.920017,0.386759,-0.063141,-0.382590,0.921347,0.068887,0.084817,-0.039220,0.995624,0,0.86834,0.88084,52.100,1.762,-1,375.000,-1,350.000,950.000,300.000,300.000,300.000,325.000,-1,475.000,725.000,950.000,700.000,600.000,-1,-1,2,0,2,0,0,0,0,0,0,2,0,0,1,0,0,2,2
18,2257.368,9147.121,-44.380,-21.002,0.931462,0.358039,-0.064708,-0.353445,0.932633,0.072616,0.086348,-0.044768,0.995259,0,0.86521,0.88481,51.913,1.770,-1,375.000,-1,350.000,-1,300.000,300.000,300.000,325.000,-1,425.000,625.000,875.000,725.000,-1,-1,-1,2,0,2,0,2,0,0,0,0,2,0,0,1,0,2,2,2
19,2306.253,9130.077,-39.871,-19.223,0.942071,0.328844,-0.066057,-0.323888,0.943067,0.075638,0.087169,-0.049862,0.994945,0,0.86286,0.88919,51.771,1.778,-1,400.000,-1,350.000,-1,300.000,300.000,300.000,325.000,-1,400.000,600.000,825.000,725.000,-1,-1,-1,2,0,2,0,2,0,0,0,0,2,0,0,1,0,2,2,2
20,2360.269,9113.264,-34.937,-17.292,0.952557,0.296792,-0.067451,-0.291453,0.953333,0.078810,0.087694,-0.055412,0.994605,0,0.94286,0.96552,56.571,1.931,-1,400.000,-1,350.000,-1,300.000,300.000,300.000,325.000,-1,400.000,600.000,825.000,750.000,-1,-1,-1,2,0,2,0,2,0,0,0,0,2,0,0,1,0,2,2,2
21,2417.373,9097.567,-29.797,-15.373,0.961894,0.264610,-0.068855,-0.258877,0.962415,0.082096,0.087991,-0.061143,0.994243,0,0.98704,0.95959,59.222,1.919,-1,400.000,-1,375.000,-1,325.000,300.000,300.000,300.000,-1,425.000,625.000,850.000,750.000,-1,-1,-1,2,0,2,1,2,0,0,0,0,2,0,0,1,0,2,2,2
22,2475.277,9083.704,-24.675,-13.468,0.970089,0.232377,-0.070200,-0.226256,0.970321,0.085355,0.087952,-0.066919,0.993874,0,0.99236,0.95271,59.541,1.905,-1,400.000,-1,425.000,-1,325.000,300.000,300.000,300.000,-1,425.000,650.000,900.000,750.000,-1,-1,-1,2,0,2,1,2,0,0,0,0,2,0,0,1,0,2,2,2
23,2533.882,9071.701,-19.598,-11.578,0.977151,0.200169,-0.071474,-0.193671,0.977060,0.088576,0.087564,-0.072709,0.993502,0,0.99703,0.94496,59.822,1.890,-1,400.000,-1,-1,-1,325.000,300.000,300.000,300.000,-1,450.000,675.000,950.000,-1,-1,-1,-1,2,0,2,2,2,0,0,0,0,2,0,0,1,2,2,2,2
24,2593.024,9061.591,-14.560,-9.705,0.983092,0.168063,-0.072705,-0.161214,0.982659,0.091606,0.086840,-0.078336,0.993138,0,1.00000,0.93630,60.000,1.873,-1,400.000,-1,-1,-1,325.000,300.000,300.000,300.000,-1,475.000,725.000,1000.000,-1,-1,-1,-1,2,0,2,2,2,0,0,0,0,2,0,0,1,2,2,2,2
25,2652.461,9053.399,-9.468,-7.852,0.987905,0.136137,-0.074232,-0.128968,0.987177,0.094073,0.086087,-0.083361,0.992794,0,1.00000,0.92670,60.000,1.853,-1,400.000,-1,-1,-1,325.000,300.000,300.000,300.000,-1,500.000,775.000,-1,-1,-1,-1,-1,2,0,2,2,2,0,0,0,0,2,0,0,2,2,2,2,2
26,2712.128,9047.108,-6.002,-6.020,0.992010,0.104509,-0.070669,-0.097975,0.991080,0.090341,0.079480,-0.082696,0.993400,0,1.00000,0.91616,60.000,1.832,-1,400.000,-1,-1,-1,300.000,300.000,300.000,275.000,-1,750.000,-1,-1,-1,-1,-1,-1,2,0,2,2,2,0,0,0,0,2,0,2,2,2,2,2,2
27,2771.964,9042.704,-2.768,-4.210,0.995112,0.073172,-0.066323,-0.067326,0.993977,0.086465,0.072251,-0.081577,0.994045,0,1.00000,0.90466,60.000,1.809,-1,375.000,-1,-1,-1,300.000,300.000,300.000,275.000,-1,-1,-1,-1,-1,-1,-1,-1,2,0,2,2,2,0,0,0,0,2,2,2,2,2,2,2,2
28,2831.908,9040.166,0.683,-2.426,0.997154,0.042186,-0.062480,-0.036848,0.995764,0.084239,0.065769,-0.081697,0.994485,0,1.00000,0.89218,60.000,1.784,-1,375.000,-1,400.000,-1,300.000,275.000,300.000,250.000,-1,-1,-1,-1,1000.000,-1,-1,-1,2,0,2,1,2,0,0,0,0,2,2,2,2,1,2,2,2
29,2891.903,9039.469,4.463,-0.668,0.998150,0.011625,-0.059679,-0.006579,0.996439,0.084060,0.060444,-0.083512,0.994672,0,1.00000,0.87875,60.000,1.758,-1,375.000,-1,325.000,-1,300.000,275.000,325.000,250.000,-1,-1,-1,-1,950.000,-1,-1,-1,2,0,2,0,2,0,0,0,0,2,2,2,2,1,2,2,2
30,2951.891,9040.584,8.678,1.060,0.998118,-0.018435,-0.058489,0.023450,0.995999,0.086236,0.056665,-0.087445,0.994556,0,1.00000,0.86439,60.000,1.729,-1,375.000,-1,325.000,-1,300.000,275.000,300.000,300.000,-1,-1,-1,-1,900.000,-1,-1,-1,2,0,2,0,2,0,0,0,1,2,2,2,2,1,2,2,2
31,3007.035,9043.045,12.972,2.549,0.997267,-0.044284,-0.059136,0.049521,0.994688,0.090244,0.054825,-0.092925,0.994162,0,0.92000,0.74439,55.200,1.489,-1,400.000,-1,-1,-1,300.000,275.000,300.000,425.000,-1,-1,-1,-1,850.000,-1,-1,-1,2,1,2,2,2,0,0,0,1,2,2,2,2,1,2,2,2
32,3057.323,9046.391,17.248,3.798,0.995938,-0.065910,-0.061346,0.071586,0.992855,0.095467,0.054615,-0.099471,0.993540,0,0.84000,0.62439,50.400,1.249,-1,450.000,-1,-1,-1,350.000,1000.000,300.000,775.000,-1,-1,-1,-1,825.000,-1,-1,-1,2,1,2,2,2,1,1,0,1,2,2,2,2,1,2,2,2
33,3102.761,9050.220,21.382,4.807,0.994422,-0.083318,-0.064671,0.089603,0.990814,0.101288,0.055638,-0.106518,0.992753,0,0.76000,0.50439,45.600,1.009,-1,475.000,-1,-1,-1,475.000,975.000,300.000,-1,-1,-1,-1,-1,800.000,-1,-1,-1,2,1,2,2,2,1,1,0,2,2,2,2,2,1,2,2,2
34,3143.367,9054.192,25.244,5.576,0.992966,-0.096530,-0.068565,0.103527,0.988840,0.107133,0.057459,-0.113478,0.991878,0,0.68000,0.38439,40.800,0.769,-1,500.000,-1,-1,-1,550.000,975.000,300.000,-1,-1,-1,-1,-1,775.000,-1,-1,-1,2,1,2,2,2,1,1,0,2,2,2,2,2,1,2,2,2
35,3179.161,9058.028,28.705,6.104,0.991768,-0.105573,-0.072457,0.113303,0.987171,0.112499,0.059651,-0.119783,0.991006,0,0.60000,0.26439,36.000,0.529,-1,500.000,-1,-1,-1,600.000,975.000,300.000,-1,-1,-1,-1,-1,775.000,-1,-1,-1,2,1,2,2,2,1,1,0,2,2,2,2,2,1,2,2,2
36,3210.167,9061.508,31.645,6.393,0.990983,-0.110477,-0.075809,0.118868,0.985997,0.116966,0.061826,-0.124922,0.990238,0,0.52000,0.14439,31.200,0.289,-1,525.000,-1,-1,-1,650.000,975.000,275.000,-1,-1,-1,-1,-1,775.000,-1,-1,-1,2,1,2,2,2,1,1,0,2,2,2,2,2,0,2,2,2
37,3236.400,9064.472,33.487,6.442,0.990832,-0.111290,-0.076591,0.119881,0.985676,0.118626,0.062292,-0.126721,0.989981,0,0.44000,0.02439,26.400,0.049,-1,525.000,-1,-1,-1,675.000,975.000,275.000,-1,-1,-1,-1,-1,775.000,-1,-1,-1,2,1,2,2,2,1,1,0,2,2,2,2,2,0,2,2,2
38,3257.872,9066.823,34.499,6.251,0.991115,-0.108008,-0.077617,0.116715,0.986115,0.118133,0.063780,-0.126143,0.989960,0,0.36000,-0.09561,21.600,-0.191,-1,525.000,-1,-1,-1,700.000,975.000,275.000,-1,-1,-1,-1,-1,775.000,-1,-1,-1,2,1,2,2,2,1,1,0,2,2,2,2,2,0,2,2,2
39,3274.586,9068.514,32.707,5.819,0.992436,-0.100710,-0.070204,0.107996,0.988141,0.109153,0.058379,-0.115909,0.991543,0,0.28000,-0.21561,16.800,-0.431,-1,525.000,-1,-1,-1,700.000,950.000,300.000,-1,-1,-1,-1,-1,750.000,-1,-1,-1,2,1,2,2,2,1,1,0,2,2,2,2,2,1,2,2,2
40,3286.539,9069.583,31.643,5.148,0.993869,-0.089198,-0.065327,0.095644,0.990041,0.103296,0.055462,-0.108911,0.992503,0,0.20000,-0.33561,12.000,-0.671,-1,525.000,-1,-1,-1,725.000,975.000,300.000,-1,-1,-1,-1,-1,775.000,-1,-1,-1,2,1,2,2,2,1,1,0,2,2,2,2,2,1,2,2,2
41,3293.720,9070.107,30.457,4.237,0.995469,-0.073497,-0.060337,0.079165,0.992067,0.097657,0.052681,-0.101991,0.993389,0,0.12000,-0.45561,7.200,-0.911,-1,550.000,-1,-1,-1,725.000,975.000,300.000,-1,-1,-1,-1,-1,775.000,-1,-1,-1,2,1,2,2,2,1,1,0,2,2,2,2,2,1,2,2,2
42,3296.118,9070.231,29.696,3.086,0.996926,-0.053576,-0.057177,0.058805,0.993827,0.094079,0.051783,-0.097152,0.993922,0,0.04000,-0.57561,2.400,-1.151,-1,550.000,-1,-1,-1,750.000,1000.000,300.000,-1,-1,-1,-1,-1,800.000,-1,-1,-1,2,1,2,2,2,1,1,0,2,2,2,2,2,1,2,2,2
43,3293.721,9070.158,29.230,1.695,0.998007,-0.029437,-0.055809,0.034564,0.995044,0.093238,0.052787,-0.094981,0.994079,0,-0.04000,-0.69561,-2.400,-1.391,-1,575.000,-1,-1,-1,800.000,-1,300.000,-1,-1,-1,-1,-1,825.000,-1,-1,-1,2,1,2,2,2,1,2,0,2,2,2,2,2,1,2,2,2
44,3286.522,9070.149,29.227,0.063,0.998375,-0.001100,-0.056980,0.006496,0.995494,0.094603,0.056619,-0.094819,0.993883,0,-0.12000,-0.81561,-7.200,-1.631,-1,600.000,-1,-1,-1,850.000,-1,300.000,-1,-1,-1,-1,-1,900.000,-1,-1,-1,2,1,2,2,2,1,2,0,2,2,2,2,2,1,2,2,2
45,3274.530,9070.519,27.252,-1.808,0.998025,0.031428,-0.054390,-0.026514,0.995694,0.088828,0.056948,-0.087210,0.994561,0,-0.20000,-0.93561,-12.000,-1.871,-1,650.000,-1,-1,-1,900.000,-1,300.000,-1,-1,-1,-1,-1,950.000,-1,-1,-1,2,1,2,2,2,1,2,0,2,2,2,2,2,1,2,2,2
46,3257.767,9071.626,24.172,-3.808,0.996484,0.066211,-0.051345,-0.061918,0.994779,0.081118,0.056448,-0.077654,0.995381,0,-0.28000,-1.00000,-16.800,-2.000,-1,675.000,-1,-1,-1,950.000,-1,300.000,925.000,-1,-1,-1,-1,1000.000,-1,-1,-1,2,1,2,2,2,1,2,0,1,2,2,2,2,1,2,2,2
47,3239.343,9073.494,21.316,-5.808,0.993652,0.100949,-0.049650,-0.097089,0.992460,0.074816,0.056828,-0.069520,0.995961,0,-0.30865,-1.00000,-18.519,-2.000,-1,725.000,-1,-1,-1,-1,-1,325.000,750.000,-1,-1,-1,-1,-1,-1,-1,-1,2,1,2,2,2,2,2,0,1,2,2,2,2,2,2,2,2
48,3221.420,9075.946,18.804,-7.808,0.989556,0.135587,-0.048949,-0.132034,0.988791,0.069709,0.057852,-0.062518,0.996366,0,-0.30152,-1.00000,-18.091,-2.000,-1,775.000,-1,-1,-1,-1,-1,325.000,575.000,-1,-1,-1,-1,-1,-1,-1,-1,2,1,2,2,2,2,2,0,1,2,2,2,2,2,2,2,2
49,3208.318,9078.178,16.832,-9.683,0.984590,0.167934,-0.048784,-0.164626,0.984186,0.065387,0.058993,-0.056348,0.996667,0,-0.22152,-0.93769,-13.291,-1.875,-1,825.000,-1,-1,-1,-1,-1,325.000,475.000,-1,-1,-1,-1,-1,-1,-1,-1,2,1,2,2,2,2,2,0,1,2,2,2,2,2,2,2,2
50,3199.999,9079.873,15.244,-11.542,0.978613,0.199838,-0.048799,-0.196778,0.978544,0.061077,0.059958,-0.050168,0.996939,0,-0.14152,-0.92947,-8.491,-1.859,-1,875.000,-1,-1,-1,-1,-1,325.000,400.000,-1,-1,-1,-1,-1,-1,-1,-1,2,1,2,2,2,2,2,0,1,2,2,2,2,2,2,2,2
51,3196.407,9080.725,13.988,-13.387,0.971653,0.231306,-0.048862,-0.228527,0.971900,0.056434,0.060543,-0.043668,0.997210,0,-0.06152,-0.92239,-3.691,-1.845,-1,925.000,-1,-1,-1,-1,-1,325.000,350.000,-1,-1,-1,-1,-1,-1,-1,-1,2,1,2,2,2,2,2,0,1,2,2,2,2,2,2,2,2
52,3197.477,9080.431,13.048,-15.220,0.963737,0.262348,-0.048826,-0.259916,0.964286,0.050961,0.060451,-0.036422,0.997506,0,0.01848,-0.91640,1.109,-1.833,-1,1000.000,-1,-1,-1,-1,-1,325.000,325.000,-1,-1,-1,-1,-1,-1,-1,-1,2,1,2,2,2,2,2,0,1,2,2,2,2,2,2,2,2
53,3203.125,9078.698,12.379,-17.043,0.954884,0.292968,-0.048655,-0.290966,0.955709,0.044263,0.059468,-0.028109,0.997834,0,0.09848,-0.91143,5.909,-1.823,-1,-1,-1,-1,-1,-1,-1,325.000,300.000,-1,-1,-1,-1,-1,-1,-1,-1,2,2,2,2,2,2,2,0,1,2,2,2,2,2,2,2,2
54,3213.259,9075.235,11.884,-18.858,0.945113,0.323160,-0.048265,-0.321675,0.946162,0.036104,0.057334,-0.018596,0.998182,0,0.17848,-0.90744,10.709,-1.815,-1,-1,-1,-1,-1,-1,-1,350.000,275.000,-1,-1,-1,-1,-1,-1,-1,-1,2,2,2,2,2,2,2,0,1,2,2,2,2,2,2,2,2
55,3227.769,9069.762,10.245,-20.666,0.934721,0.352896,-0.041974,-0.351898,0.935576,0.029414,0.049650,-0.012724,0.998686,0,0.25848,-0.90439,15.509,-1.809,-1,-1,-1,-1,-1,-1,-1,350.000,250.000,-1,-1,-1,-1,-1,-1,-1,-1,2,2,2,2,2,2,2,0,1,2,2,2,2,2,2,2,2
56,3246.534,9062.000,8.206,-22.471,0.923478,0.382204,-0.033297,-0.381682,0.924053,0.021078,0.038824,-0.006757,0.999223,0,0.33848,-0.90226,20.309,-1.805,-1,-1,-1,-1,-1,-1,-1,325.000,250.000,-1,-1,-1,-1,-1,-1,-1,-1,2,2,2,2,2,2,2,0,1,2,2,2,2,2,2,2,2
57,3269.423,9051.679,5.593,-24.273,0.911337,0.411083,-0.021823,-0.410949,0.911598,0.010536,0.024225,-0.000634,0.999706,0,0.41848,-0.90104,25.109,-1.802,-1,-1,-1,-1,-1,-1,-1,325.000,250.000,-1,-1,-1,-1,-1,-1,-1,-1,2,2,2,2,2,2,2,0,1,2,2,2,2,2,2,2,2
58,3296.287,9038.533,2.203,-26.074,0.898199,0.439531,-0.007103,-0.439559,0.898209,-0.002865,0.005121,0.005696,0.999971,0,0.49848,-0.90076,29.909,-1.802,-1,-1,-1,-1,-1,-1,-1,325.000,225.000,-1,-1,-1,-1,-1,-1,-1,-1,2,2,2,2,2,2,2,0,1,2,2,2,2,2,2,2,2
59,3327.036,9022.434,-2.085,-27.636,0.885856,0.463819,0.011478,-0.463563,0.885850,-0.019471,-0.019199,0.011928,0.999745,0,0.57848,-0.78076,34.709,-1.562,-1,-1,-1,-1,-1,-1,-1,275.000,225.000,-1,-1,-1,-1,-1,-1,-1,-1,2,2,2,2,2,2,2,1,1,2,2,2,2,2,2,2,2
60,-4065.364,-6152.458,-169.232,-21.533,0.921282,0.367027,0.128569,-0.364439,0.930189,-0.043973,-0.135733,-0.006344,0.990725,1,0.00000,0.00000,39.509,-1.322,225.000,325.000,-1,-1,-1,325.000,375.000,250.000,225.000,-1,-1,-1,-1,425.000,-1,250.000,-1,1,1,2,2,2,1,1,1,1,2,2,2,2,1,2,1,2
61,6231.356,-4263.560,385.471,-114.248,-0.410295,0.911707,0.021159,-0.911643,-0.410650,0.016529,0.023758,-0.012507,0.999639,1,0.00000,0.00000,4.800,0.094,-1,-1,-1,375.000,-1,325.000,300.000,300.000,300.000,-1,375.000,475.000,750.000,-1,675.000,-1,-1,2,2,2,0,2,0,0,0,0,2,0,0,1,2,0,2,2
62,6229.389,-4267.939,385.586,-114.184,-0.409281,0.912157,0.021408,-0.912095,-0.409643,0.016628,0.023937,-0.012721,0.999633,0,0.08000,0.03161,4.800,0.063,-1,-1,-1,375.000,-1,325.000,300.000,300.000,300.000,-1,375.000,475.000,750.000,-1,675.000,-1,-1,2,2,2,0,2,0,0,0,0,2,0,0,1,2,0,2,2
63,6225.503,-4276.717,385.824,-113.881,-0.404431,0.914307,0.021894,-0.914248,-0.404807,0.016808,0.024230,-0.013219,0.999619,0,0.16000,0.15161,9.600,0.303,-1,-1,-1,375.000,-1,325.000,300.000,300.000,300.000,-1,375.000,475.000,750.000,-1,675.000,-1,-1,2,2,2,0,2,0,0,0,0,2,0,0,1,2,0,2,2
64,6219.773,-4289.928,386.180,-113.448,-0.397478,0.917333,0.022611,-0.917280,-0.397877,0.017091,0.024675,-0.013947,0.999598,0,0.24000,0.21667,14.400,0.433,-1,-1,-1,375.000,-1,325.000,300.000,300.000,300.000,-1,375.000,500.000,750.000,-1,675.000,-1,-1,2,2,2,0,2,0,0,0,0,2,0,0,1,2,0,2,2
65,6212.267,-4307.600,386.646,-113.014,-0.390483,0.920309,0.023548,-0.920262,-0.390911,0.017502,0.025313,-0.014836,0.999569,0,0.32000,0.21703,19.200,0.434,-1,-1,-1,375.000,-1,325.000,300.000,300.000,300.000,-1,400.000,500.000,750.000,-1,675.000,-1,-1,2,2,2,0,2,0,0,0,0,2,0,0,1,2,0,2,2
66,6203.052,-4329.760,387.224,-112.578,-0.383430,0.923240,0.024691,-0.923200,-0.383896,0.018047,0.026141,-0.015875,0.999532,0,0.40000,0.21782,24.000,0.436,-1,-1,-1,375.000,-1,325.000,300.000,300.000,300.000,-1,400.000,500.000,750.000,-1,675.000,-1,-1,2,2,2,0,2,1,0,0,0,2,0,0,1,2,0,2,2
67,6192.198,-4356.437,387.915,-112.140,-0.376306,0.926130,0.026020,-0.926098,-0.376819,0.018733,0.027155,-0.017048,0.999486,0,0.48000,0.21903,28.800,0.438,-1,-1,-1,375.000,-1,625.000,300.000,300.000,300.000,-1,400.000,500.000,775.000,-1,675.000,-1,-1,2,2,2,0,2,1,0,0,0,2,0,0,1,2,0,2,2
68,6179.776,-4387.656,388.721,-111.699,-0.369094,0.928985,0.027516,-0.928959,-0.369664,0.019568,0.028350,-0.018338,0.999430,0,0.56000,0.22072,33.600,0.441,-1,-1,-1,375.000,-1,675.000,325.000,300.000,300.000,-1,400.000,525.000,800.000,-1,675.000,-1,-1,2,2,2,1,2,1,1,0,0,2,0,0,1,2,0,2,2
69,6165.856,-4423.445,389.644,-111.253,-0.361779,0.931808,0.029154,-0.931790,-0.362415,0.020558,0.029722,-0.019728,0.999364,0,0.64000,0.22290,38.400,0.446,-1,-1,-1,425.000,-1,725.000,400.000,300.000,300.000,-1,400.000,525.000,825.000,-1,675.000,-1,-1,2,2,2,1,2,1,1,0,0,2,0,0,1,2,0,2,2
70,6150.515,-4463.829,390.687,-110.802,-0.354341,0.934605,0.030909,-0.934593,-0.355055,0.021709,0.031264,-0.021195,0.999286,0,0.72000,0.22563,43.200,0.451,-1,-1,-1,450.000,-1,775.000,475.000,300.000,300.000,-1,400.000,525.000,850.000,-1,700.000,-1,-1,2,2,2,1,2,1,1,0,0,2,0,0,1,2,0,2,2
71,6133.827,-4508.835,392.078,-110.344,-0.346810,0.937401,0.031654,-0.937381,-0.347568,0.022665,0.032248,-0.021811,0.999242,0,0.80000,0.22899,48.000,0.458,-1,-1,-1,450.000,-1,800.000,500.000,300.000,300.000,-1,425.000,550.000,875.000,-1,700.000,-1,-1,2,2,2,1,2,1,1,0,0,2,0,0,1,2,0,2,2
72,6115.891,-4558.494,385.823,-109.878,-0.339612,0.939027,0.053786,-0.940535,-0.339506,-0.011361,0.007592,-0.054446,0.998488,0,0.88000,0.23308,52.800,0.466,-1,-1,-1,425.000,-1,725.000,450.000,225.000,325.000,-1,-1,-1,-1,-1,575.000,-1,-1,2,2,2,1,2,1,1,0,0,2,2,2,2,2,0,2,2
73,6096.808,-4612.842,376.166,-109.401,-0.334802,0.938311,0.086488,-0.941857,-0.330459,-0.060851,-0.028516,-0.101832,0.994393,0,0.96000,0.23803,57.600,0.476,-1,-1,-1,375.000,-1,625.000,400.000,150.000,350.000,875.000,-1,-1,-1,-1,500.000,-1,650.000,2,2,2,1,2,1,1,0,1,0,2,2,2,2,1,2,0
74,6077.735,-4668.799,366.571,-108.913,-0.332779,0.935235,0.120808,-0.940773,-0.320447,-0.110722,-0.064838,-0.150498,0.986482,0,0.98524,0.24402,59.114,0.488,-1,1000.000,-1,325.000,-1,525.000,325.000,75.000,375.000,675.000,-1,-1,-1,-1,450.000,-1,350.000,2,1,2,1,2,1,1,0,1,0,2,2,2,2,1,2,0
75,-4021.997,-5791.718,-156.027,-59.736,0.497440,0.862626,0.091813,-0.862104,0.503354,-0.058403,-0.096594,-0.050100,0.994062,1,0.00000,0.00000,59.383,0.502,200.000,450.000,-1,400.000,775.000,400.000,350.000,200.000,275.000,-1,-1,-1,-1,-1,675.000,-1,925.000,1,1,2,1,1,1,1,1,0,2,2,2,2,2,1,2,1
76,-4019.561,-5795.854,-156.546,-59.496,0.500952,0.860521,0.092475,-0.859928,0.506970,-0.059214,-0.097836,-0.049858,0.993953,0,0.08000,0.12000,4.800,0.240,200.000,450.000,-1,400.000,750.000,400.000,350.000,200.000,275.000,-1,-1,-1,-1,-1,675.000,-1,900.000,1,1,2,1,1,1,1,1,0,2,2,2,2,2,1,2,1
77,-4014.618,-5804.085,-157.597,-59.016,0.507945,0.856265,0.093816,-0.855524,0.514174,-0.060859,-0.100350,-0.049349,0.993728,0,0.16000,0.24000,9.600,0.480,200.000,425.000,-1,375.000,725.000,400.000,350.000,200.000,275.000,-1,-1,-1,-1,-1,675.000,-1,900.000,1,1,2,1,1,1,1,1,0,2,2,2,2,2,1,2,1
78,-4007.051,-5816.336,-159.055,-58.296,0.518461,0.849796,0.095107,-0.848789,0.524930,-0.063297,-0.103714,-0.047908,0.993453,0,0.24000,0.36000,14.400,0.720,175.000,425.000,-1,375.000,700.000,375.000,350.000,200.000,250.000,-1,-1,-1,-1,-1,650.000,325.000,875.000,1,1,2,1,1,1,1,1,0,2,2,2,2,2,1,1,1
79,-3996.758,-5832.544,-159.434,-57.564,0.529928,0.843282,0.089726,-0.841751,0.535909,-0.065253,-0.103112,-0.040948,0.993827,0,0.32000,0.36597,19.200,0.732,175.000,425.000,-1,400.000,725.000,400.000,350.000,200.000,250.000,-1,-1,-1,-1,-1,675.000,-1,875.000,1,1,2,1,1,1,1,1,0,2,2,2,2,2,1,2,1
80,-3983.633,-5852.636,-159.826,-56.836,0.541266,0.836622,0.084233,-0.834636,0.546720,-0.066926,-0.102043,-0.034079,0.994196,0,0.40000,0.36398,24.000,0.728,175.000,450.000,-1,400.000,725.000,400.000,350.000,200.000,250.000,-1,-1,-1,-1,-1,675.000,-1,875.000,1,1,2,1,1,1,1,1,0,2,2,2,2,2,1,2,1
81,-3967.578,-5876.546,-160.475,-56.109,0.552483,0.829802,0.078682,-0.827354,0.557409,-0.069140,-0.101231,-0.026900,0.994499,0,0.48000,0.36334,28.800,0.727,175.000,450.000,-1,400.000,700.000,400.000,375.000,200.000,225.000,-1,-1,-1,-1,-1,700.000,-1,850.000,1,1,2,1,1,1,1,1,0,2,2,2,2,2,1,2,1
82,-3948.493,-5904.198,-161.469,-55.381,0.563577,0.822786,0.073510,-0.819874,0.568008,-0.071926,-0.100934,-0.019734,0.994697,0,0.56000,0.36421,33.600,0.728,175.000,500.000,-1,400.000,700.000,400.000,375.000,200.000,225.000,-1,-1,-1,-1,-1,700.000,-1,850.000,1,1,2,1,1,1,1,1,0,2,2,2,2,2,1,2,1
83,-3926.276,-5935.519,-162.914,-54.647,0.574550,0.815535,0.069246,-0.812156,0.578562,-0.075292,-0.101467,-0.012980,0.994754,0,0.64000,0.36688,38.400,0.734,200.000,575.000,-1,425.000,675.000,425.000,375.000,175.000,225.000,-1,-1,-1,-1,-1,700.000,-1,825.000,1,1,2,1,1,1,1,1,0,2,2,2,2,2,1,2,1
84,-3900.826,-5970.428,-164.932,-53.903,0.585410,0.808005,0.066511,-0.804143,0.589133,-0.079223,-0.103196,-0.007106,0.994636,0,0.72000,0.37183,43.200,0.744,200.000,-1,-1,425.000,650.000,475.000,400.000,175.000,225.000,-1,-1,-1,-1,-1,750.000,-1,800.000,1,2,2,1,1,1,1,1,1,2,2,2,2,2,1,2,1
85,-3872.147,-6008.918,-168.159,-53.310,0.593782,0.801867,0.066576,-0.797691,0.597486,-0.081849,-0.105410,-0.004507,0.994419,0,0.80000,0.29694,48.000,0.594,225.000,-1,-1,425.000,625.000,600.000,425.000,175.000,225.000,-1,-1,-1,-1,-1,800.000,-1,750.000,1,2,2,1,1,1,1,1,1,2,2,2,2,2,1,2,1
86,1639.818,983.917,103.371,50.597,0.628878,-0.770561,-0.103671,0.774088,0.633010,-0.009320,0.072807,-0.074389,0.994568,1,0.00000,0.00000,52.800,0.630,-1,375.000,-1,400.000,-1,325.000,325.000,350.000,325.000,-1,925.000,850.000,-1,750.000,750.000,-1,-1,2,0,2,0,2,0,0,0,0,2,0,0,2,0,0,2,2
87,1636.787,980.195,102.986,50.837,0.625644,-0.773178,-0.103753,0.776741,0.629754,-0.009137,0.072404,-0.074873,0.994561,0,-0.08000,0.12000,-4.800,0.240,-1,375.000,-1,400.000,-1,325.000,325.000,350.000,325.000,-1,925.000,850.000,-1,750.000,750.000,-1,-1,2,0,2,0,2,0,0,0,0,2,0,0,2,0,0,2,2
88,1631.828,974.003,102.358,51.317,0.619146,-0.778372,-0.103897,0.782004,0.623211,-0.008807,0.071605,-0.075795,0.994549,0,-0.13221,0.24000,-7.933,0.480,-1,375.000,-1,400.000,-1,325.000,325.000,350.000,350.000,-1,925.000,825.000,-1,750.000,750.000,-1,-1,2,0,2,0,2,0,0,0,0,2,0,0,2,0,0,2,2
89,1627.053,967.885,101.758,52.037,0.609321,-0.786065,-0.104071,0.789790,0.613320,-0.008392,0.070426,-0.077081,0.994534,0,-0.12934,0.36000,-7.760,0.720,-1,375.000,-1,400.000,-1,300.000,325.000,350.000,350.000,-1,900.000,825.000,-1,750.000,750.000,-1,-1,2,0,2,0,2,0,0,0,0,2,0,0,2,0,0,2,2
90,1622.504,961.882,101.190,52.856,0.598028,-0.794666,-0.104258,0.798493,0.601952,-0.007956,0.069080,-0.078491,0.994518,0,-0.12553,0.40961,-7.532,0.819,-1,375.000,-1,400.000,-1,300.000,325.000,350.000,350.000,-1,900.000,825.000,-1,750.000,750.000,-1,-1,2,0,2,0,2,0,0,0,0,2,0,0,2,0,0,2,2
91,1618.190,956.018,100.652,53.677,0.586600,-0.803114,-0.104443,0.807040,0.590448,-0.007537,0.067721,-0.079868,0.994502,0,-0.12133,0.41015,-7.280,0.820,-1,375.000,-1,400.000,-1,300.000,325.000,325.000,350.000,-1,875.000,825.000,-1,750.000,750.000,-1,-1,2,0,2,0,2,0,0,0,0,2,0,0,2,0,0,2,2
92,1614.108,950.297,100.144,54.498,0.575043,-0.811405,-0.104627,0.815428,0.578814,-0.007136,0.066350,-0.081212,0.994486,0,-0.11712,0.41061,-7.027,0.821,-1,375.000,-1,400.000,-1,300.000,325.000,325.000,350.000,-1,875.000,825.000,-1,750.000,750.000,-1,-1,2,0,2,0,2,0,0,0,0,2,0,0,2,0,0,2,2
93,1610.251,944.726,99.666,55.320,0.563359,-0.819537,-0.104811,0.823654,0.567053,-0.006752,0.064967,-0.082524,0.994469,0,-0.11291,0.41100,-6.775,0.822,-1,375.000,-1,400.000,-1,300.000,325.000,325.000,350.000,-1,875.000,825.000,-1,750.000,725.000,-1,-1,2,0,2,0,2,0,0,0,0,2,0,0,2,0,0,2,2
94,1606.616,939.310,99.217,56.143,0.551554,-0.827505,-0.104994,0.831713,0.555169,-0.006385,0.063573,-0.083803,0.994452,0,-0.10871,0.41131,-6.523,0.823,-1,375.000,-1,400.000,-1,300.000,325.000,325.000,350.000,-1,850.000,825.000,-1,750.000,725.000,-1,-1,2,0,2,0,2,0,0,0,0,2,0,0,2,0,0,2,2
95,1603.195,934.053,98.795,56.966,0.539630,-0.835307,-0.105176,0.839604,0.543166,-0.006034,0.062169,-0.085050,0.994435,0,-0.10452,0.41157,-6.271,0.823,-1,375.000,-1,400.000,-1,300.000,325.000,325.000,350.000,-1,850.000,825.000,-1,750.000,725.000,-1,-1,2,0,2,0,2,0,0,0,0,2,0,0,2,0,0,2,2
96,1599.984,928.959,98.400,57.789,0.527593,-0.842939,-0.105359,0.847322,0.531049,-0.005699,0.060755,-0.086266,0.994418,0,-0.10035,0.41176,-6.021,0.824,-1,375.000,-1,400.000,-1,300.000,325.000,325.000,350.000,-1,850.000,825.000,-1,750.000,725.000,-1,-1,2,0,2,0,2,0,0,0,0,2,0,0,2,0,0,2,2
97,1599.351,927.914,98.297,58.853,0.511882,-0.852550,-0.105520,0.857021,0.515251,-0.005532,0.059085,-0.087601,0.994402,0,-0.02035,0.53176,-1.221,1.064,-1,375.000,-1,375.000,-1,300.000,325.000,325.000,350.000,-1,850.000,825.000,-1,750.000,725.000,-1,-1,2,0,2,0,2,0,0,0,0,2,0,0,2,0,0,2,2
98,1601.130,931.018,98.425,60.156,0.492379,-0.863951,-0.105599,0.868495,0.495666,-0.005700,0.057267,-0.088906,0.994392,0,0.05965,0.65176,3.579,1.304,-1,375.000,-1,375.000,-1,300.000,300.000,325.000,350.000,-1,825.000,800.000,-1,750.000,725.000,-1,-1,2,0,2,0,2,0,0,0,0,2,0,0,2,0,0,2,2
99,1605.100,938.396,98.803,61.700,0.468958,-0.876876,-0.105668,0.881496,0.472154,-0.006015,0.055166,-0.090325,0.994383,0,0.13965,0.77176,8.379,1.544,-1,375.000,-1,375.000,-1,300.000,300.000,325.000,350.000,-1,800.000,800.000,-1,750.000,725.000,-1,-1,2,0,2,0,2,0,0,0,0,2,0,0,2,0,0,2,2
100,1610.994,950.182,99.412,63.424,0.442398,-0.890563,-0.105741,0.895261,0.445496,-0.006441,0.052843,-0.091816,0.994373,0,0.21965,0.86207,13.179,1.724,-1,375.000,-1,375.000,-1,300.000,300.000,325.000,350.000,-1,800.000,775.000,-1,775.000,725.000,-1,-1,2,0,2,0,2,0,0,0,0,2,0,0,2,0,0,2,2
101,1618.547,966.496,100.243,65.148,0.415432,-0.903448,-0.105823,0.908219,0.418439,-0.006943,0.050553,-0.093226,0.994361,0,0.29965,0.86226,17.979,1.725,-1,375.000,-1,375.000,-1,300.000,300.000,325.000,350.000,-1,775.000,775.000,-1,775.000,700.000,-1,-1,2,0,2,0,2,0,0,0,0,2,0,0,2,0,0,2,2
102,1627.491,987.444,101.273,66.874,0.388077,-0.915518,-0.105939,0.920361,0.390997,-0.007492,0.048281,-0.094595,0.994344,0,0.37965,0.86266,22.779,1.725,-1,375.000,-1,375.000,-1,300.000,300.000,325.000,350.000,-1,775.000,775.000,-1,800.000,700.000,-1,-1,2,0,2,0,2,0,0,0,0,2,0,0,2,0,0,2,2
103,1637.551,1013.121,102.482,68.600,0.360350,-0.926762,-0.106112,0.931682,0.363186,-0.008064,0.046012,-0.095957,0.994321,0,0.45965,0.86333,27.579,1.727,-1,375.000,-1,375.000,-1,300.000,300.000,325.000,350.000,-1,750.000,750.000,-1,800.000,700.000,-1,-1,2,0,2,0,2,0,0,0,0,2,0,0,2,0,0,2,2
104,1648.448,1043.609,103.849,70.329,0.332266,-0.937169,-0.106369,0.942172,0.335020,-0.008636,0.043729,-0.097349,0.994289,0,0.53965,0.86430,32.379,1.729,-1,375.000,-1,375.000,-1,300.000,300.000,325.000,325.000,-1,750.000,750.000,-1,825.000,700.000,-1,-1,2,0,2,0,2,0,0,0,0,2,0,0,2,0,0,2,2
105,1659.897,1078.980,105.352,72.060,0.303840,-0.946725,-0.106735,0.951823,0.306512,-0.009188,0.041414,-0.098801,0.994245,0,0.61965,0.86556,37.179,1.731,-1,400.000,-1,375.000,-1,300.000,300.000,325.000,325.000,-1,750.000,775.000,-1,850.000,700.000,-1,-1,2,0,2,0,2,0,0,0,0,2,0,0,2,0,0,2,2
106,1671.610,1119.290,106.968,73.794,0.275089,-0.955419,-0.107236,0.960625,0.277677,-0.009702,0.039047,-0.100344,0.994186,0,0.69965,0.86710,41.979,1.734,-1,400.000,-1,375.000,-1,325.000,300.000,325.000,325.000,-1,775.000,775.000,-1,850.000,700.000,-1,-1,2,0,2,0,2,0,0,0,0,2,0,0,2,0,0,2,2
107,1683.294,1164.584,108.670,75.532,0.246033,-0.963237,-0.107897,0.968570,0.248533,-0.010162,0.036604,-0.102006,0.994110,0,0.77965,0.86890,46.779,1.738,-1,400.000,-1,375.000,-1,325.000,325.000,325.000,325.000,-1,775.000,800.000,-1,900.000,700.000,-1,-1,2,0,2,0,2,0,0,0,0,2,0,0,2,0,0,2,2
108,1694.653,1214.895,110.433,77.274,0.216692,-0.970164,-0.108747,0.975646,0.219099,-0.010552,0.034064,-0.103811,0.994014,0,0.85965,0.87090,51.579,1.742,-1,400.000,-1,375.000,-1,325.000,325.000,325.000,325.000,-1,800.000,825.000,-1,925.000,725.000,-1,-1,2,0,2,0,2,0,0,0,0,2,0,0,2,0,0,2,2
109,1705.388,1270.241,112.185,79.020,0.187077,-0.976169,-0.109980,0.981840,0.189394,-0.010919,0.031488,-0.105940,0.993874,0,0.93965,0.87303,56.379,1.746,-1,425.000,-1,375.000,-1,325.000,325.000,325.000,325.000,-1,825.000,850.000,-1,950.000,725.000,-1,-1,2,0,2,0,2,0,0,0,0,2,0,0,2,0,0,2,2
110,1714.995,1329.402,113.525,80.770,0.157302,-0.981094,-0.112742,0.987160,0.159423,-0.009992,0.027777,-0.109723,0.993574,0,0.99898,0.87518,59.939,1.750,-1,425.000,-1,400.000,-1,325.000,325.000,325.000,325.000,-1,900.000,950.000,-1,975.000,725.000,-1,-1,2,0,2,0,2,0,0,0,0,2,0,0,2,0,0,2,2
111,1722.767,1388.676,114.509,82.525,0.127436,-0.985160,-0.114973,0.991573,0.129265,-0.008560,0.023295,-0.112914,0.993332,0,0.99639,0.87722,59.784,1.754,-1,425.000,-1,375.000,-1,325.000,325.000,325.000,325.000,-1,1000.000,-1,-1,975.000,725.000,-1,-1,2,0,2,0,2,0,0,0,0,2,0,2,2,0,0,2,2
112,1728.701,1448.004,115.180,84.283,0.097498,-0.988345,-0.116910,0.995070,0.098951,-0.006676,0.018166,-0.115683,0.993120,0,0.99377,0.87896,59.626,1.758,-1,425.000,-1,375.000,-1,325.000,325.000,325.000,325.000,-1,-1,-1,-1,975.000,725.000,-1,-1,2,0,2,0,2,0,0,0,0,2,2,2,2,0,0,2,2
113,1732.799,1507.326,115.660,86.044,0.067469,-0.990588,-0.119097,0.997639,0.068512,-0.004678,0.012793,-0.118500,0.992872,0,0.99111,0.88041,59.467,1.761,-1,425.000,-1,375.000,-1,325.000,325.000,325.000,325.000,-1,-1,-1,-1,975.000,725.000,-1,-1,2,0,2,0,2,0,0,0,0,2,2,2,2,0,0,2,2
114,1735.116,1561.941,115.943,87.564,0.041538,-0.991745,-0.121315,0.999106,0.042184,-0.002763,0.007857,-0.121092,0.992610,0,0.91111,0.76041,54.667,1.521,-1,425.000,-1,375.000,-1,325.000,325.000,325.000,300.000,-1,-1,-1,-1,975.000,725.000,-1,-1,2,0,2,0,2,0,0,0,0,2,2,2,2,0,0,2,2
115,1736.116,1611.796,116.072,88.845,0.019728,-0.992149,-0.123492,0.999800,0.020000,-0.000964,0.003427,-0.123448,0.992345,0,0.83111,0.64041,49.867,1.281,-1,425.000,-1,375.000,-1,325.000,325.000,325.000,300.000,-1,-1,-1,-1,975.000,725.000,-1,-1,2,0,2,0,2,0,0,0,0,2,2,2,2,0,0,2,2
116,1736.201,1656.860,116.089,89.886,0.002045,-0.992083,-0.125568,0.999998,0.001974,0.000691,-0.000438,-0.125569,0.992085,0,0.75111,0.52041,45.067,1.041,-1,425.000,-1,375.000,-1,325.000,325.000,325.000,300.000,-1,-1,-1,-1,975.000,725.000,-1,-1,2,0,2,0,2,0,0,0,0,2,2,2,2,0,0,2,2
117,1735.715,1697.122,116.032,90.687,-0.011514,-0.991772,-0.127498,0.999927,-0.011889,0.002186,-0.003684,-0.127463,0.991836,0,0.67111,0.40041,40.267,0.801,-1,425.000,-1,375.000,-1,325.000,325.000,325.000,300.000,-1,-1,-1,-1,975.000,725.000,-1,-1,2,0,2,0,2,0,0,0,0,2,2,2,2,0,0,2,2
118,1734.939,1732.579,115.937,91.248,-0.020957,-0.991391,-0.129246,0.999761,-0.021591,0.003506,-0.006267,-0.129141,0.991606,0,0.59111,0.28041,35.467,0.561,-1,425.000,-1,375.000,-1,325.000,325.000,325.000,300.000,-1,-1,-1,-1,950.000,725.000,-1,-1,2,0,2,0,2,0,0,0,0,2,2,2,2,0,0,2,2
119,1734.097,1763.234,115.833,91.568,-0.026297,-0.991062,-0.130787,0.999621,-0.027137,0.004643,-0.008151,-0.130616,0.991400,0,0.51111,0.16041,30.667,0.321,-1,425.000,-1,375.000,-1,325.000,325.000,325.000,300.000,-1,-1,-1,-1,950.000,725.000,-1,-1,2,0,2,0,2,0,0,0,0,2,2,2,2,1,0,2,2
120,1733.251,1789.086,115.724,91.867,-0.031277,-0.990743,-0.132095,0.999462,-0.032300,0.005609,-0.009824,-0.131849,0.991221,0,0.43111,0.14940,25.867,0.299,-1,425.000,-1,375.000,-1,325.000,325.000,325.000,300.000,-1,-1,-1,-1,925.000,725.000,-1,-1,2,0,2,0,2,0,0,0,0,2,2,2,2,1,0,2,2
121,1732.453,1810.137,115.617,92.165,-0.036252,-0.990431,-0.133164,0.999278,-0.037437,0.006403,-0.011327,-0.132836,0.991073,0,0.35111,0.14870,21.067,0.297,-1,425.000,-1,375.000,-1,325.000,325.000,325.000,300.000,-1,-1,-1,-1,925.000,725.000,-1,-1,2,0,2,0,2,0,0,0,0,2,2,2,2,1,0,2,2
122,1731.753,1826.388,115.520,92.461,-0.041227,-0.990125,-0.133992,0.999070,-0.042550,0.007024,-0.012656,-0.133577,0.990958,0,0.27111,0.14803,16.267,0.296,-1,425.000,1000.000,375.000,-1,325.000,325.000,325.000,300.000,-1,-1,-1,-1,900.000,725.000,-1,-1,2,0,1,0,2,0,0,0,0,2,2,2,2,1,0,2,2
123,1731.201,1837.840,115.440,92.756,-0.046206,-0.989826,-0.134575,0.998837,-0.047642,0.007469,-0.013804,-0.134073,0.990875,0,0.19111,0.14745,11.467,0.295,-1,425.000,975.000,375.000,-1,325.000,325.000,325.000,300.000,-1,-1,-1,-1,900.000,725.000,-1,-1,2,0,1,0,2,0,0,0,0,2,2,2,2,1,0,2,2
124,1730.845,1844.497,115.386,93.050,-0.051197,-0.989534,-0.134910,0.998579,-0.052720,0.007737,-0.014769,-0.134322,0.990828,0,0.11111,0.14703,6.667,0.294,-1,425.000,975.000,375.000,-1,325.000,325.000,325.000,300.000,-1,-1,-1,-1,900.000,725.000,-1,-1,2,0,1,0,2,0,0,0,0,2,2,2,2,1,0,2,2
125,1730.736,1846.360,115.364,93.343,-0.056207,-0.989251,-0.134995,0.998298,-0.057789,0.007827,-0.015544,-0.134325,0.990815,0,0.03111,0.14677,1.867,0.294,-1,425.000,975.000,375.000,-1,325.000,325.000,325.000,300.000,-1,-1,-1,-1,900.000,725.000,-1,-1,2,0,1,0,2,0,0,0,0,2,2,2,2,1,0,2,2
126,1730.923,1843.431,115.382,93.637,-0.061243,-0.988975,-0.134825,0.997993,-0.062856,0.007737,-0.016126,-0.134080,0.990839,0,-0.04889,0.14670,-2.933,0.293,-1,425.000,975.000,375.000,-1,325.000,325.000,325.000,300.000,-1,-1,-1,-1,900.000,725.000,-1,-1,2,0,1,0,2,0,0,0,0,2,2,2,2,1,0,2,2
127,1731.453,1835.716,115.446,93.930,-0.066312,-0.988707,-0.134395,0.997662,-0.067928,0.007465,-0.016510,-0.133586,0.990900,0,-0.12889,0.14681,-7.733,0.294,-1,425.000,1000.000,375.000,-1,325.000,325.000,325.000,300.000,-1,-1,-1,-1,900.000,725.000,-1,-1,2,0,1,0,2,0,0,0,0,2,2,2,2,1,0,2,2
128,1732.378,1823.216,115.563,94.224,-0.071420,-0.988445,-0.133702,0.997307,-0.073009,0.007011,-0.016692,-0.132841,0.990997,0,-0.20889,0.14704,-12.533,0.294,-1,425.000,1000.000,375.000,-1,325.000,325.000,325.000,300.000,-1,-1,-1,-1,925.000,725.000,-1,-1,2,0,1,0,2,0,0,0,0,2,2,2,2,1,0,2,2
129,1733.020,1815.508,115.638,94.758,-0.080597,-0.987800,-0.133248,0.996591,-0.082226,0.006758,-0.017632,-0.132249,0.991060,0,-0.12889,0.26704,-7.733,0.534,1000.000,425.000,-1,375.000,-1,325.000,325.000,325.000,300.000,-1,-1,-1,-1,925.000,750.000,-1,-1,1,0,2,0,2,0,0,0,0,2,2,2,2,1,0,2,2
130,1733.303,1812.587,115.660,95.533,-0.093833,-0.986659,-0.133039,0.995400,-0.095570,0.006712,-0.019337,-0.131797,0.991088,0,-0.04889,0.38704,-2.933,0.774,1000.000,425.000,-1,400.000,-1,325.000,325.000,325.000,300.000,-1,-1,-1,-1,950.000,750.000,-1,-1,1,0,2,0,2,0,0,0,0,2,2,2,2,1,0,2,2
131,1733.090,1814.439,115.613,96.547,-0.111109,-0.984857,-0.133087,0.993569,-0.113022,0.006882,-0.021819,-0.131466,0.991081,0,0.03111,0.50704,1.867,1.014,975.000,425.000,-1,400.000,-1,325.000,325.000,325.000,300.000,-1,-1,-1,-1,950.000,750.000,-1,-1,1,0,2,0,2,0,0,0,0,2,2,2,2,1,0,2,2
132,1732.185,1821.041,115.469,97.801,-0.132393,-0.982179,-0.133407,0.990880,-0.134554,0.007276,-0.025097,-0.131227,0.991035,0,0.11111,0.62704,6.667,1.254,950.000,425.000,-1,400.000,-1,325.000,325.000,325.000,300.000,-1,-1,-1,-1,950.000,750.000,-1,1000.000,1,0,2,0,2,0,0,0,0,2,2,2,2,1,0,2,1
133,1730.333,1832.354,115.192,99.295,-0.157635,-0.978361,-0.134020,0.987066,-0.160121,0.007907,-0.029196,-0.131040,0.990947,0,0.19111,0.74704,11.467,1.494,925.000,425.000,-1,400.000,-1,325.000,325.000,300.000,300.000,-1,-1,-1,-1,950.000,750.000,-1,975.000,1,0,2,0,2,0,0,0,0,2,2,2,2,1,0,2,1
134,1727.220,1848.317,114.737,101.029,-0.186767,-0.973091,-0.134949,0.981811,-0.189659,0.008787,-0.034145,-0.130853,0.990814,0,0.27111,0.86704,16.267,1.734,875.000,425.000,-1,400.000,-1,350.000,325.000,300.000,300.000,-1,-1,-1,-1,950.000,775.000,-1,925.000,1,0,2,0,2,0,0,0,0,2,2,2,2,1,0,2,1
135,1722.479,1868.840,114.047,103.003,-0.219687,-0.966013,-0.136221,0.974751,-0.223074,0.009927,-0.039977,-0.130601,0.990629,0,0.35111,0.98704,21.067,1.974,850.000,425.000,-1,400.000,-1,350.000,325.000,300.000,300.000,-1,-1,-1,-1,950.000,775.000,-1,900.000,1,0,2,0,2,0,0,0,0,2,2,2,2,1,1,2,1
136,1715.783,1893.821,113.030,105.003,-0.252740,-0.957686,-0.137699,0.966435,-0.256664,0.011232,-0.046099,-0.130238,0.990410,0,0.43111,1.00000,25.867,2.000,800.000,425.000,-1,400.000,950.000,350.000,325.000,300.000,300.000,-1,-1,-1,-1,950.000,750.000,-1,850.000,1,0,2,0,1,0,0,0,0,2,2,2,2,1,1,2,1
137,1706.816,1923.143,111.488,107.003,-0.285503,-0.948269,-0.138830,0.956953,-0.289969,0.012645,-0.052247,-0.129243,0.990236,0,0.51111,1.00000,30.667,2.000,775.000,425.000,-1,400.000,875.000,350.000,325.000,300.000,300.000,-1,-1,-1,-1,950.000,725.000,950.000,825.000,1,0,2,0,1,0,0,0,0,2,2,2,2,1,1,1,1
138,1695.268,1956.674,109.431,109.003,-0.317855,-0.937744,-0.140016,0.946304,-0.322945,0.014661,-0.058966,-0.127837,0.990041,0,0.59111,1.00000,35.467,2.000,725.000,425.000,-1,400.000,800.000,350.000,325.000,300.000,275.000,-1,-1,-1,-1,900.000,700.000,875.000,775.000,1,0,2,0,1,0,0,0,0,2,2,2,2,1,1,1,1
139,1680.838,1994.262,106.870,111.003,-0.349776,-0.926092,-0.141459,0.934503,-0.355548,0.016994,-0.066033,-0.126250,0.989798,0,0.67111,1.00000,40.267,2.000,700.000,425.000,-1,400.000,750.000,350.000,325.000,300.000,275.000,-1,-1,-1,-1,850.000,675.000,800.000,725.000,1,0,2,0,1,0,0,0,0,2,2,2,2,1,1,1,1
140,1663.228,2035.743,103.733,113.003,-0.381229,-0.913332,-0.143141,0.921558,-0.387742,0.019651,-0.073449,-0.124422,0.989507,0,0.75111,1.00000,45.067,2.000,650.000,425.000,-1,400.000,675.000,325.000,325.000,300.000,275.000,-1,-1,-1,-1,775.000,650.000,725.000,675.000,1,0,2,0,1,0,0,0,0,2,2,2,2,1,1,1,1
