timestep,x_cm,y_cm,z_cm,yaw_deg,basis_xx,basis_xy,basis_xz,basis_yx,basis_yy,basis_yz,basis_zx,basis_zy,basis_zz,teleport_flag,throttle_cmd,steering_cmd,cmd_move_cm,cmd_turn_deg,lidar_cm_0,lidar_cm_1,lidar_cm_2,lidar_cm_3,lidar_cm_4,lidar_cm_5,lidar_cm_6,lidar_cm_7,lidar_cm_8,lidar_cm_9,lidar_cm_10,lidar_cm_11,lidar_cm_12,lidar_cm_13,lidar_cm_14,lidar_cm_15,lidar_cm_16,lidar_class_0,lidar_class_1,lidar_class_2,lidar_class_3,lidar_class_4,lidar_class_5,lidar_class_6,lidar_class_7,lidar_class_8,lidar_class_9,lidar_class_10,lidar_class_11,lidar_class_12,lidar_class_13,lidar_class_14,lidar_class_15,lidar_class_16
0,-5579.648,6889.570,148.595,151.572,-0.879469,-0.475800,-0.012187,0.474902,-0.878938,0.044006,-0.031650,0.032914,0.998957,1,0.08000,-0.00636,4.800,-0.013,-1,400.000,-1,400.000,-1,325.000,325.000,300.000,300.000,-1,-1,-1,-1,775.000,800.000,-1,-1,2,0,2,0,2,0,0,0,0,2,2,2,2,0,0,2,2
1,-5588.089,6894.142,148.287,151.557,-0.879347,-0.476024,-0.012237,0.475120,-0.878812,0.044158,-0.031775,0.033017,0.998950,0,0.16000,-0.00736,9.600,-0.015,-1,400.000,-1,400.000,-1,325.000,325.000,300.000,300.000,-1,-1,-1,-1,775.000,800.000,-1,-1,2,0,2,0,2,0,0,0,0,2,2,2,2,0,0,2,2
2,-5600.749,6901.005,147.822,151.538,-0.879191,-0.476310,-0.012312,0.475396,-0.878652,0.044387,-0.031960,0.033172,0.998939,0,0.24000,-0.00940,14.400,-0.019,-1,400.000,-1,400.000,-1,325.000,325.000,300.000,300.000,-1,-1,-1,-1,775.000,800.000,-1,-1,2,0,2,0,2,0,0,0,0,2,2,2,2,0,0,2,2
3,-5617.624,6910.163,147.196,151.513,-0.878985,-0.476688,-0.012413,0.475761,-0.878438,0.044693,-0.032209,0.033378,0.998924,0,0.32000,-0.01245,19.200,-0.025,-1,400.000,-1,400.000,-1,325.000,325.000,300.000,300.000,-1,-1,-1,-1,775.000,800.000,-1,-1,2,0,2,0,2,0,0,0,0,2,2,2,2,0,0,2,2
4,-5638.712,6921.622,146.404,151.480,-0.878710,-0.477191,-0.012540,0.476247,-0.878156,0.045074,-0.032521,0.033635,0.998905,0,0.40000,-0.01653,24.000,-0.033,-1,400.000,-1,400.000,-1,325.000,325.000,300.000,300.000,-1,-1,-1,-1,775.000,800.000,-1,-1,2,0,2,0,2,0,0,0,0,2,2,2,2,0,0,2,2
5,-5664.007,6935.392,145.441,151.437,-0.878350,-0.477849,-0.012694,0.476884,-0.877786,0.045532,-0.032900,0.033939,0.998882,0,0.48000,-0.02163,28.800,-0.043,-1,400.000,-1,400.000,-1,325.000,325.000,300.000,300.000,-1,-1,-1,-1,775.000,800.000,-1,-1,2,0,2,0,2,0,0,0,0,2,2,2,2,0,0,2,2
6,-5693.502,6951.485,144.299,151.382,-0.877888,-0.478694,-0.012876,0.477704,-0.877312,0.046066,-0.033348,0.034290,0.998855,0,0.56000,-0.02776,33.600,-0.056,-1,400.000,-1,400.000,-1,325.000,325.000,300.000,300.000,-1,-1,-1,-1,775.000,800.000,-1,-1,2,0,2,0,2,0,0,0,0,2,2,2,2,0,0,2,2
7,-5727.188,6969.919,142.969,151.312,-0.877305,-0.479755,-0.013088,0.478737,-0.876717,0.046678,-0.033869,0.034685,0.998824,0,0.64000,-0.03489,38.400,-0.070,-1,400.000,-1,400.000,-1,325.000,325.000,300.000,300.000,-1,-1,-1,-1,775.000,800.000,-1,-1,2,0,2,0,2,0,0,0,0,2,2,2,2,0,0,2,2
8,-5765.054,6990.713,141.470,151.226,-0.876585,-0.481062,-0.013375,0.480004,-0.875978,0.047521,-0.034577,0.035236,0.998781,0,0.72000,-0.04302,43.200,-0.086,-1,400.000,-1,400.000,-1,325.000,325.000,300.000,300.000,-1,-1,-1,-1,775.000,800.000,-1,-1,2,0,2,0,2,0,0,0,0,2,2,2,2,0,0,2,2
9,-5807.085,7013.895,139.764,151.121,-0.875709,-0.482645,-0.013698,0.481542,-0.875083,0.048456,-0.035373,0.035837,0.998731,0,0.80000,-0.05214,48.000,-0.104,-1,400.000,-1,400.000,-1,325.000,325.000,300.000,300.000,-1,-1,-1,-1,750.000,800.000,-1,-1,2,0,2,0,2,0,0,0,0,2,2,2,2,0,0,2,2
10,-5853.264,7039.495,137.862,150.997,-0.874663,-0.484531,-0.013939,0.483379,-0.874009,0.049530,-0.036181,0.036585,0.998675,0,0.88000,-0.06219,52.800,-0.124,-1,400.000,-1,400.000,-1,325.000,325.000,300.000,300.000,-1,-1,-1,-1,750.000,775.000,-1,-1,2,0,2,0,2,0,0,0,0,2,2,2,2,0,0,2,2
11,-5903.569,7067.551,135.742,150.851,-0.873430,-0.486745,-0.014140,0.485540,-0.872741,0.050726,-0.037031,0.037441,0.998612,0,0.96000,-0.07314,57.600,-0.146,-1,400.000,-1,400.000,-1,325.000,325.000,300.000,300.000,-1,-1,-1,-1,750.000,775.000,-1,-1,2,0,2,0,2,0,0,0,0,2,2,2,2,0,0,2,2
12,-5955.761,7096.814,133.485,150.721,-0.872335,-0.488699,-0.014311,0.487439,-0.871608,0.051982,-0.037877,0.038370,0.998545,0,0.99726,-0.06475,59.836,-0.130,-1,400.000,-1,400.000,-1,325.000,325.000,300.000,300.000,-1,-1,-1,-1,750.000,775.000,-1,-1,2,0,2,0,2,0,0,0,0,2,2,2,2,0,0,2,2
13,-6007.941,7126.251,131.191,150.571,-0.871054,-0.490972,-0.014555,0.489653,-0.870292,0.053209,-0.038791,0.039221,0.998477,0,0.99850,-0.07529,59.910,-0.151,-1,400.000,-1,400.000,-1,325.000,325.000,300.000,300.000,-1,-1,-1,-1,750.000,775.000,-1,-1,2,0,2,0,2,0,0,0,0,2,2,2,2,0,0,2,2
14,-6060.064,7155.862,128.850,150.400,-0.869590,-0.493553,-0.014818,0.492174,-0.868794,0.054426,-0.039736,0.040035,0.998408,0,0.99912,-0.08555,59.947,-0.171,-1,400.000,-1,400.000,-1,325.000,325.000,300.000,300.000,-1,-1,-1,-1,750.000,750.000,-1,-1,2,0,2,0,2,0,0,0,0,2,2,2,2,0,0,2,2
15,-6112.090,7185.647,126.609,150.209,-0.867942,-0.496442,-0.014920,0.495037,-0.867136,0.054901,-0.040192,0.040265,0.998380,0,0.99914,-0.09550,59.949,-0.191,-1,400.000,-1,400.000,-1,325.000,325.000,300.000,300.000,-1,-1,-1,-1,750.000,750.000,-1,-1,2,0,2,0,2,0,0,0,0,2,2,2,2,0,0,2,2
16,-6159.743,7213.407,124.553,149.778,-0.864184,-0.502955,-0.014928,0.501539,-0.863384,0.055020,-0.040561,0.040060,0.998374,0,0.91914,-0.21550,55.149,-0.431,-1,400.000,-1,400.000,-1,325.000,325.000,300.000,300.000,-1,-1,-1,-1,750.000,750.000,-1,-1,2,0,2,0,2,0,0,0,0,2,2,2,2,0,0,2,2
17,-6205.948,7240.936,122.489,149.213,-0.859189,-0.511441,-0.014911,0.510014,-0.858399,0.055110,-0.040985,0.039745,0.998369,0,0.89641,-0.28219,53.785,-0.564,-1,400.000,-1,400.000,-1,325.000,325.000,300.000,300.000,-1,-1,-1,-1,750.000,750.000,-1,-1,2,0,2,0,2,0,0,0,0,2,2,2,2,0,0,2,2
18,-6251.850,7268.918,120.368,148.633,-0.853970,-0.520109,-0.014874,0.518674,-0.853190,0.055169,-0.041384,0.039398,0.998366,0,0.89597,-0.28993,53.758,-0.580,-1,400.000,-1,400.000,-1,325.000,325.000,300.000,300.000,-1,-1,-1,-1,750.000,750.000,-1,-1,2,0,2,0,2,0,0,0,0,2,2,2,2,0,0,2,2
19,-6297.419,7297.351,118.187,148.038,-0.848525,-0.528948,-0.014815,0.527506,-0.847757,0.055185,-0.041749,0.039011,0.998366,0,0.89520,-0.29746,53.712,-0.595,-1,400.000,-1,400.000,-1,325.000,325.000,300.000,300.000,-1,-1,-1,-1,750.000,750.000,-1,-1,2,0,2,0,2,0,0,0,0,2,2,2,2,0,0,2,2
20,-6342.629,7326.232,115.947,147.429,-0.842851,-0.537946,-0.014735,0.536500,-0.842096,0.055151,-0.042077,0.038579,0.998369,0,0.89413,-0.30476,53.648,-0.610,-1,400.000,-1,400.000,-1,325.000,325.000,300.000,300.000,-1,-1,-1,-1,750.000,775.000,-1,-1,2,0,2,0,2,0,0,0,0,2,2,2,2,0,0,2,2
21,-6387.453,7355.559,113.673,146.805,-0.836947,-0.547088,-0.014650,0.545635,-0.836203,0.055202,-0.042450,0.038208,0.998368,0,0.89275,-0.31183,53.565,-0.624,-1,400.000,-1,400.000,-1,325.000,325.000,300.000,300.000,-1,-1,-1,-1,750.000,775.000,-1,-1,2,0,2,0,2,0,0,0,0,2,2,2,2,0,0,2,2
22,-6431.865,7385.326,111.358,146.168,-0.830813,-0.556362,-0.014552,0.554901,-0.830077,0.055293,-0.042842,0.037863,0.998364,0,0.89108,-0.31865,53.465,-0.637,-1,400.000,-1,400.000,-1,325.000,325.000,300.000,300.000,-1,-1,-1,-1,750.000,775.000,-1,-1,2,0,2,0,2,0,0,0,0,2,2,2,2,0,0,2,2
23,-6475.839,7415.529,109.011,145.517,-0.824448,-0.565756,-0.014348,0.564289,-0.823716,0.055412,-0.043168,0.037588,0.998360,0,0.88913,-0.32524,53.348,-0.650,-1,400.000,-1,400.000,-1,325.000,325.000,300.000,300.000,-1,-1,-1,-1,750.000,775.000,-1,-1,2,0,2,0,2,0,0,0,0,2,2,2,2,0,0,2,2
24,-6523.533,7448.792,106.473,145.107,-0.820392,-0.571637,-0.013720,0.570178,-0.819634,0.055658,-0.043062,0.037839,0.998356,0,0.96913,-0.20524,58.148,-0.410,-1,400.000,-1,400.000,-1,325.000,325.000,300.000,300.000,-1,-1,-1,-1,750.000,775.000,-1,-1,2,0,2,0,2,0,0,0,0,2,2,2,2,0,0,2,2
25,-6571.643,7482.803,103.848,144.742,-0.816756,-0.576836,-0.013046,0.575386,-0.815968,0.055914,-0.042899,0.038162,0.998350,0,0.98195,-0.18236,58.917,-0.365,-1,400.000,-1,400.000,-1,325.000,325.000,300.000,300.000,-1,-1,-1,-1,750.000,800.000,-1,-1,2,0,2,0,2,0,0,0,0,2,2,2,2,0,0,2,2
26,-6619.316,7516.978,101.181,144.364,-0.812948,-0.582205,-0.012342,0.580766,-0.812130,0.056173,-0.042728,0.038498,0.998345,0,0.97761,-0.18922,58.657,-0.378,-1,400.000,-1,400.000,-1,325.000,325.000,300.000,300.000,-1,-1,-1,-1,775.000,800.000,-1,-1,2,0,2,0,2,0,0,0,0,2,2,2,2,0,0,2,2
27,-6666.529,7551.313,98.619,143.975,-0.808977,-0.587713,-0.012264,0.586268,-0.808162,0.056254,-0.042972,0.038318,0.998341,0,0.97296,-0.19461,58.378,-0.389,-1,400.000,-1,400.000,-1,325.000,325.000,300.000,300.000,-1,-1,-1,-1,775.000,800.000,-1,-1,2,0,2,0,2,0,0,0,0,2,2,2,2,0,0,2,2
28,-6713.267,7585.796,96.132,143.581,-0.804914,-0.593261,-0.012426,0.591803,-0.804116,0.056272,-0.043376,0.037941,0.998338,0,0.96803,-0.19686,58.082,-0.394,-1,400.000,-1,400.000,-1,325.000,325.000,300.000,300.000,-1,-1,-1,-1,775.000,825.000,-1,-1,2,0,2,0,2,0,0,0,0,2,2,2,2,0,0,2,2
29,-6759.517,7620.415,93.632,143.184,-0.800785,-0.598822,-0.012492,0.597354,-0.799997,0.056321,-0.043720,0.037639,0.998335,0,0.96286,-0.19838,57.772,-0.397,-1,400.000,-1,400.000,-1,325.000,325.000,300.000,300.000,-1,-1,-1,-1,775.000,825.000,-1,-1,2,0,2,0,2,0,0,0,0,2,2,2,2,0,0,2,2
30,-6805.269,7655.161,91.101,142.786,-0.796597,-0.604379,-0.012623,0.602902,-0.795827,0.056296,-0.044070,0.037234,0.998334,0,0.95750,-0.19918,57.450,-0.398,-1,400.000,-1,400.000,-1,325.000,325.000,300.000,300.000,-1,-1,-1,-1,800.000,825.000,-1,-1,2,0,2,0,2,0,0,0,0,2,2,2,2,0,0,2,2
31,-6850.517,7690.023,88.524,142.387,-0.792367,-0.609910,-0.012821,0.608421,-0.791617,0.056269,-0.044468,0.036785,0.998333,0,0.95201,-0.19927,57.121,-0.399,-1,400.000,-1,400.000,-1,325.000,325.000,300.000,300.000,-1,-1,-1,-1,800.000,850.000,-1,-1,2,0,2,0,2,0,0,0,0,2,2,2,2,0,0,2,2
32,-6895.259,7724.993,85.897,141.990,-0.788111,-0.615394,-0.013083,0.613891,-0.787382,0.056280,-0.044936,0.036323,0.998329,0,0.94643,-0.19865,56.786,-0.397,-1,400.000,-1,400.000,-1,325.000,325.000,300.000,300.000,-1,-1,-1,-1,800.000,850.000,-1,-1,2,0,2,0,2,0,0,0,0,2,2,2,2,0,0,2,2
33,-6939.495,7760.060,83.218,141.595,-0.783843,-0.620814,-0.013410,0.619292,-0.783138,0.056329,-0.045471,0.035849,0.998322,0,0.94083,-0.19734,56.450,-0.395,-1,400.000,-1,400.000,-1,325.000,325.000,300.000,300.000,-1,-1,-1,-1,800.000,875.000,-1,-1,2,0,2,0,2,0,0,0,0,2,2,2,2,0,0,2,2
34,-6983.231,7795.219,80.520,141.205,-0.779582,-0.626148,-0.013797,0.624596,-0.778896,0.056574,-0.046170,0.035486,0.998303,0,0.93526,-0.19534,56.115,-0.391,-1,400.000,-1,400.000,-1,325.000,325.000,300.000,300.000,-1,-1,-1,-1,825.000,875.000,-1,-1,2,0,2,0,2,0,0,0,1,2,2,2,2,0,0,2,2
35,-7026.474,7830.463,77.778,140.819,-0.775350,-0.631371,-0.014236,0.629759,-0.774666,0.057418,-0.047280,0.035553,0.998249,0,0.92977,-0.19268,55.786,-0.385,-1,400.000,-1,400.000,-1,325.000,325.000,300.000,275.000,-1,-1,-1,-1,825.000,875.000,-1,-1,2,0,2,0,2,0,0,0,1,2,2,2,2,0,0,2,2
36,-7069.236,7865.789,74.961,140.440,-0.771157,-0.636474,-0.014721,0.634792,-0.770471,0.058420,-0.048526,0.035706,0.998184,0,0.92443,-0.18937,55.466,-0.379,-1,400.000,-1,425.000,-1,325.000,325.000,300.000,275.000,-1,-1,-1,-1,825.000,900.000,-1,-1,2,0,2,0,2,0,0,0,1,2,2,2,2,0,0,2,2
37,-7111.532,7901.192,72.088,140.070,-0.767019,-0.641444,-0.015251,0.639685,-0.766331,0.059497,-0.049851,0.035879,0.998112,0,0.91928,-0.18542,55.157,-0.371,-1,400.000,-1,425.000,-1,325.000,325.000,300.000,275.000,-1,-1,-1,-1,850.000,900.000,-1,-1,2,0,2,0,2,0,0,0,1,2,2,2,2,0,0,2,2
38,-7153.379,7936.671,69.162,139.708,-0.762950,-0.646264,-0.015810,0.644423,-0.762261,0.060649,-0.051246,0.036084,0.998034,0,0.91438,-0.18084,54.863,-0.362,-1,400.000,-1,425.000,-1,325.000,325.000,300.000,300.000,-1,-1,-1,-1,850.000,900.000,-1,-1,2,0,2,0,2,0,0,0,1,2,2,2,2,0,0,2,2
39,-7194.799,7972.226,66.197,139.357,-0.758969,-0.650919,-0.016453,0.648980,-0.758276,0.061989,-0.052825,0.036370,0.997941,0,0.90978,-0.17567,54.587,-0.351,-1,400.000,-1,425.000,-1,325.000,325.000,300.000,300.000,-1,-1,-1,-1,850.000,875.000,-1,-1,2,0,2,0,2,0,0,0,1,2,2,2,2,0,0,2,2
40,-7235.813,8007.858,63.187,139.017,-0.755090,-0.655396,-0.017184,0.653345,-0.754392,0.063504,-0.054584,0.036724,0.997834,0,0.90551,-0.16990,54.331,-0.340,-1,400.000,-1,425.000,-1,325.000,325.000,300.000,300.000,-1,-1,-1,-1,850.000,875.000,-1,-1,2,0,2,0,2,0,0,0,0,2,2,2,2,0,0,2,2
41,-7276.448,8043.570,60.100,138.690,-0.751326,-0.659686,-0.018009,0.657516,-0.750630,0.065025,-0.056414,0.037014,0.997721,0,0.90162,-0.16357,54.097,-0.327,-1,400.000,-1,425.000,-1,325.000,325.000,300.000,300.000,-1,-1,-1,-1,850.000,875.000,-1,-1,2,0,2,0,2,0,0,0,0,2,2,2,2,0,0,2,2
42,-7316.731,8079.365,56.949,138.376,-0.747690,-0.663776,-0.018983,0.661479,-0.747005,0.066546,-0.058352,0.037199,0.997603,0,0.89814,-0.15668,53.888,-0.313,-1,400.000,-1,425.000,-1,325.000,325.000,300.000,300.000,-1,-1,-1,-1,850.000,875.000,-1,-1,2,0,2,0,2,0,0,0,0,2,2,2,2,0,0,2,2
43,-7356.317,8114.632,53.771,138.303,-0.746821,-0.664723,-0.020030,0.662295,-0.746145,0.068063,-0.060189,0.037565,0.997480,0,0.88361,-0.03668,53.017,-0.073,-1,400.000,-1,425.000,-1,325.000,325.000,300.000,300.000,-1,-1,-1,-1,850.000,875.000,-1,-1,2,0,2,0,2,0,0,0,0,2,2,2,2,0,0,2,2
44,-7395.867,8149.660,50.526,138.470,-0.748733,-0.662535,-0.021129,0.659973,-0.748058,0.069603,-0.061920,0.038170,0.997351,0,0.88053,0.08332,52.832,0.167,-1,400.000,-1,425.000,-1,325.000,325.000,300.000,300.000,-1,-1,-1,-1,850.000,850.000,-1,-1,2,0,2,0,2,0,0,0,0,2,2,2,2,0,0,2,2
45,-7435.527,8184.287,47.226,138.876,-0.753398,-0.657187,-0.022278,0.654488,-0.752716,0.071165,-0.063537,0.039035,0.997216,0,0.87748,0.20332,52.649,0.407,-1,400.000,-1,425.000,-1,325.000,325.000,300.000,300.000,-1,-1,-1,-1,850.000,850.000,-1,-1,2,0,2,0,2,0,0,0,0,2,2,2,2,0,0,2,2
46,-7475.445,8218.352,43.813,139.523,-0.760737,-0.648625,-0.023760,0.645773,-0.760056,0.072748,-0.065245,0.039999,0.997067,0,0.87462,0.32332,52.477,0.647,-1,400.000,-1,425.000,-1,325.000,325.000,300.000,300.000,-1,-1,-1,-1,850.000,850.000,-1,-1,2,0,2,0,2,0,0,0,0,2,2,2,2,0,0,2,2
47,-7515.770,8251.700,40.274,140.409,-0.770671,-0.636745,-0.024943,0.633741,-0.769952,0.074473,-0.066625,0.041587,0.996911,0,0.87212,0.44332,52.327,0.887,-1,400.000,-1,425.000,-1,325.000,325.000,300.000,300.000,-1,-1,-1,-1,850.000,850.000,-1,-1,2,0,2,0,2,0,0,0,0,2,2,2,2,0,0,2,2
48,-7556.650,8284.174,36.704,141.536,-0.783036,-0.621430,-0.026065,0.618274,-0.782257,0.076233,-0.067763,0.043578,0.996749,0,0.87015,0.56332,52.209,1.127,-1,400.000,-1,425.000,-1,325.000,325.000,300.000,300.000,-1,-1,-1,-1,825.000,825.000,-1,-1,2,0,2,0,2,0,0,0,0,2,2,2,2,0,0,2,2
49,-7598.232,8315.618,33.118,142.903,-0.797633,-0.602532,-0.027147,0.599224,-0.796770,0.078024,-0.068642,0.045967,0.996582,0,0.86887,0.68332,52.132,1.367,-1,400.000,-1,425.000,-1,325.000,325.000,300.000,300.000,-1,-1,-1,925.000,825.000,825.000,-1,-1,2,0,2,0,2,0,0,0,0,2,2,2,1,0,0,2,2
50,-7640.659,8345.871,29.529,144.508,-0.814197,-0.579904,-0.028193,0.576447,-0.813224,0.079846,-0.069230,0.048759,0.996408,0,0.86847,0.80241,52.108,1.605,-1,400.000,-1,425.000,-1,325.000,325.000,300.000,300.000,-1,-1,-1,875.000,825.000,825.000,-1,-1,2,0,2,0,2,0,0,0,0,2,2,2,1,0,0,2,2
51,-7683.963,8374.925,25.934,146.139,-0.830381,-0.556429,-0.029217,0.552821,-0.829286,0.081690,-0.069684,0.051682,0.996229,0,0.86913,0.81592,52.148,1.632,-1,400.000,-1,425.000,-1,325.000,325.000,300.000,300.000,-1,-1,-1,850.000,800.000,825.000,-1,-1,2,0,2,0,2,0,0,0,0,2,2,2,1,0,0,2,2
52,-7728.198,8402.779,22.330,147.800,-0.846156,-0.532077,-0.030218,0.528321,-0.844926,0.083527,-0.069975,0.054712,0.996047,0,0.87125,0.83030,52.275,1.661,-1,400.000,-1,400.000,-1,325.000,325.000,300.000,300.000,-1,-1,-1,825.000,800.000,800.000,-1,-1,2,0,2,0,2,0,0,0,0,2,2,2,1,0,0,2,2
53,-7768.986,8427.072,19.051,149.221,-0.859084,-0.510889,-0.031110,0.506998,-0.857728,0.085178,-0.070200,0.057402,0.995880,0,0.79125,0.71030,47.475,1.421,-1,400.000,-1,400.000,-1,325.000,325.000,300.000,300.000,-1,-1,-1,850.000,800.000,800.000,-1,-1,2,0,2,0,2,0,0,0,0,2,2,2,1,0,0,2,2
54,-7806.093,8448.149,16.129,150.401,-0.869429,-0.493037,-0.031744,0.489030,-0.867947,0.086707,-0.070302,0.059862,0.995728,0,0.71125,0.59030,42.675,1.181,-1,400.000,-1,400.000,-1,325.000,325.000,300.000,300.000,-1,-1,-1,850.000,775.000,800.000,-1,-1,2,0,2,0,2,0,0,0,0,2,2,2,1,0,0,2,2
55,-7839.328,8466.311,13.544,151.342,-0.877409,-0.478659,-0.032219,0.474552,-0.875809,0.088087,-0.070382,0.061999,0.995592,0,0.63125,0.47030,37.875,0.941,-1,400.000,-1,400.000,-1,325.000,325.000,300.000,300.000,-1,-1,-1,875.000,775.000,800.000,-1,-1,2,0,2,0,2,0,0,0,0,2,2,2,1,0,0,2,2
56,-7868.543,8481.816,11.277,152.042,-0.883198,-0.467863,-0.032625,0.463666,-0.881500,0.089286,-0.070533,0.063730,0.995472,0,0.55125,0.35030,33.075,0.701,-1,400.000,-1,400.000,-1,325.000,325.000,300.000,300.000,-1,-1,-1,900.000,775.000,800.000,-1,-1,2,0,2,0,2,0,0,0,0,2,2,2,1,0,0,2,2
57,-7893.624,8494.870,9.368,152.503,-0.886931,-0.460727,-0.032930,0.456465,-0.885166,0.090114,-0.070666,0.064894,0.995387,0,0.47125,0.23030,28.275,0.461,-1,400.000,-1,400.000,-1,325.000,325.000,300.000,300.000,-1,-1,-1,925.000,775.000,800.000,-1,-1,2,0,2,0,2,0,0,0,0,2,2,2,1,0,0,2,2
58,-7914.489,8505.628,7.795,152.724,-0.888697,-0.457296,-0.033154,0.452985,-0.886894,0.090678,-0.070870,0.065567,0.995328,0,0.39125,0.11030,23.475,0.221,-1,400.000,-1,400.000,-1,325.000,325.000,300.000,300.000,-1,-1,-1,925.000,775.000,800.000,-1,-1,2,0,2,0,2,0,0,0,0,2,2,2,1,0,0,2,2
59,-7931.085,8514.192,6.533,152.704,-0.888540,-0.457588,-0.033326,0.453236,-0.886724,0.091095,-0.071235,0.065837,0.995284,0,0.31125,-0.00970,18.675,-0.019,-1,400.000,-1,400.000,-1,325.000,325.000,300.000,300.000,-1,-1,-1,950.000,775.000,800.000,-1,-1,2,0,2,0,2,0,0,0,0,2,2,2,1,0,0,2,2
60,-7943.386,8520.610,5.585,152.445,-0.886457,-0.461601,-0.033444,0.457214,-0.884651,0.091371,-0.071763,0.065706,0.995255,0,0.23125,-0.12970,13.875,-0.259,-1,400.000,-1,400.000,-1,325.000,325.000,300.000,300.000,-1,-1,-1,950.000,775.000,800.000,-1,-1,2,0,2,0,2,0,0,0,0,2,2,2,1,0,0,2,2
61,-7951.394,8524.879,4.955,151.946,-0.882397,-0.469311,-0.033507,0.464893,-0.880625,0.091514,-0.072456,0.065174,0.995240,0,0.15125,-0.24970,9.075,-0.499,-1,400.000,-1,400.000,-1,325.000,325.000,300.000,300.000,-1,-1,-1,975.000,775.000,800.000,-1,-1,2,0,2,0,2,0,0,0,0,2,2,2,1,0,0,2,2
62,-7955.140,8526.939,4.655,151.206,-0.876262,-0.480665,-0.033540,0.476223,-0.874549,0.091517,-0.073321,0.064221,0.995238,0,0.07125,-0.36970,4.275,-0.739,-1,400.000,-1,400.000,-1,325.000,325.000,300.000,300.000,-1,-1,-1,975.000,775.000,775.000,-1,-1,2,0,2,0,2,0,0,0,0,2,2,2,1,0,0,2,2
63,-7954.684,8526.679,4.694,150.227,-0.867910,-0.495587,-0.033541,0.491125,-0.866282,0.091391,-0.074348,0.062847,0.995250,0,-0.00875,-0.48970,-0.525,-0.979,-1,400.000,-1,400.000,-1,325.000,325.000,300.000,300.000,-1,-1,-1,975.000,775.000,775.000,-1,-1,2,0,2,0,2,0,0,0,0,2,2,2,1,0,0,2,2
64,-7950.111,8523.951,5.082,149.167,-0.858588,-0.511570,-0.033506,0.507098,-0.857053,0.091163,-0.075353,0.061281,0.995272,0,-0.08875,-0.52974,-5.325,-1.059,-1,400.000,-1,400.000,-1,325.000,325.000,300.000,300.000,-1,-1,-1,975.000,800.000,775.000,-1,-1,2,0,2,0,2,0,0,0,0,2,2,2,1,0,0,2,2
65,-7941.514,8518.603,5.824,148.106,-0.848959,-0.527401,-0.033420,0.522931,-0.847520,0.090850,-0.076239,0.059652,0.995304,0,-0.16875,-0.53039,-10.125,-1.061,-1,400.000,-1,400.000,-1,325.000,325.000,300.000,300.000,-1,-1,-1,975.000,800.000,775.000,-1,-1,2,0,2,0,2,0,0,0,0,2,2,2,1,0,0,2,2
66,-7928.990,8510.484,6.921,147.043,-0.839016,-0.543089,-0.033254,0.538633,-0.837670,0.090463,-0.076985,0.057988,0.995345,0,-0.24875,-0.53158,-14.925,-1.063,-1,400.000,-1,400.000,-1,325.000,325.000,300.000,300.000,-1,-1,-1,975.000,800.000,775.000,-1,-1,2,0,2,0,2,0,0,0,0,2,2,2,1,0,0,2,2
67,-7913.903,8500.300,8.268,145.977,-0.828750,-0.558643,-0.033036,0.554208,-0.827496,0.090024,-0.077628,0.056299,0.995392,0,-0.30339,-0.53331,-18.203,-1.067,-1,400.000,-1,400.000,-1,325.000,325.000,300.000,300.000,-1,-1,-1,975.000,800.000,775.000,-1,-1,2,0,2,0,2,0,0,0,0,2,2,2,1,0,0,2,2
68,-7899.008,8489.835,9.624,144.906,-0.818154,-0.574062,-0.032807,0.569651,-0.816988,0.089595,-0.078236,0.054614,0.995438,0,-0.30341,-0.53537,-18.204,-1.071,-1,400.000,-1,400.000,-1,325.000,325.000,300.000,300.000,-1,-1,-1,975.000,800.000,775.000,-1,-1,2,0,2,0,2,0,0,0,0,2,2,2,1,0,0,2,2
69,-7884.317,8479.097,10.988,143.831,-0.807230,-0.589338,-0.032567,0.584952,-0.806150,0.089176,-0.078808,0.052935,0.995483,0,-0.30329,-0.53736,-18.197,-1.075,-1,400.000,-1,400.000,-1,325.000,325.000,300.000,300.000,-1,-1,-1,975.000,800.000,775.000,-1,-1,2,0,2,0,2,0,0,0,0,2,2,2,1,0,0,2,2
70,-7869.843,8468.093,12.357,142.753,-0.795979,-0.604462,-0.032316,0.600102,-0.794983,0.088766,-0.079346,0.051263,0.995528,0,-0.30303,-0.53930,-18.182,-1.079,-1,400.000,-1,400.000,-1,325.000,325.000,300.000,300.000,-1,-1,-1,1000.000,800.000,775.000,-1,-1,2,0,2,0,2,0,0,0,0,2,2,2,1,0,0,2,2
71,-7859.310,8459.839,13.379,141.914,-0.787033,-0.616074,-0.032126,0.611737,-0.786104,0.088419,-0.079726,0.049936,0.995565,0,-0.22303,-0.41930,-13.382,-0.839,-1,400.000,-1,400.000,-1,325.000,325.000,300.000,300.000,-1,-1,-1,1000.000,800.000,775.000,-1,-1,2,0,2,0,2,0,0,0,0,2,2,2,1,0,0,2,2
72,-7852.611,8454.476,14.052,141.315,-0.780542,-0.624284,-0.032004,0.619968,-0.779663,0.088120,-0.079964,0.048940,0.995596,0,-0.14303,-0.29930,-8.582,-0.599,-1,400.000,-1,400.000,-1,325.000,325.000,300.000,300.000,-1,-1,-1,-1,825.000,775.000,-1,-1,2,0,2,0,2,0,0,0,0,2,2,2,2,0,0,2,2
73,-7849.674,8452.094,14.349,140.957,-0.776612,-0.629169,-0.031953,0.624861,-0.775762,0.087987,-0.080147,0.048365,0.995609,0,-0.06303,-0.17930,-3.782,-0.359,-1,400.000,-1,400.000,-1,325.000,325.000,300.000,300.000,-1,-1,-1,-1,825.000,775.000,-1,-1,2,0,2,0,2,0,0,0,0,2,2,2,2,0,0,2,2
74,-7850.463,8452.737,14.268,140.838,-0.775304,-0.630778,-0.031974,0.626465,-0.774464,0.088019,-0.080283,0.048211,0.995606,0,0.01697,-0.05930,1.018,-0.119,-1,400.000,-1,400.000,-1,325.000,325.000,300.000,300.000,-1,-1,-1,-1,825.000,775.000,-1,-1,2,0,2,0,2,0,0,0,0,2,2,2,2,0,0,2,2
75,-7854.976,8456.409,13.807,140.868,-0.775626,-0.630378,-0.032070,0.626044,-0.774782,0.088214,-0.080455,0.048344,0.995585,0,0.09697,0.01466,5.818,0.029,-1,400.000,-1,400.000,-1,325.000,325.000,300.000,300.000,-1,-1,-1,-1,825.000,775.000,-1,-1,2,0,2,0,2,0,0,0,0,2,2,2,2,0,0,2,2
76,-7863.216,8463.106,12.981,140.898,-0.775957,-0.629961,-0.032245,0.625597,-0.775111,0.088492,-0.080740,0.048493,0.995555,0,0.17697,0.01522,10.618,0.030,-1,400.000,-1,400.000,-1,325.000,325.000,300.000,300.000,-1,-1,-1,-1,825.000,775.000,-1,-1,2,0,2,0,2,0,0,0,0,2,2,2,2,0,0,2,2
77,-7875.187,8472.824,11.803,140.930,-0.776306,-0.629518,-0.032500,0.625120,-0.775465,0.088762,-0.081080,0.048590,0.995523,0,0.25697,0.01626,15.418,0.033,-1,400.000,-1,400.000,-1,325.000,325.000,300.000,300.000,-1,-1,-1,-1,800.000,775.000,-1,-1,2,0,2,0,2,0,0,0,0,2,2,2,2,0,0,2,2
78,-7890.892,8485.557,10.249,140.966,-0.776685,-0.629033,-0.032833,0.624592,-0.775851,0.089107,-0.081525,0.048701,0.995481,0,0.33697,0.01778,20.218,0.036,-1,400.000,-1,400.000,-1,325.000,325.000,300.000,300.000,-1,-1,-1,-1,800.000,775.000,-1,-1,2,0,2,0,2,0,0,0,0,2,2,2,2,0,0,2,2
79,-7910.336,8501.299,8.310,141.006,-0.777104,-0.628493,-0.033242,0.623998,-0.776281,0.089519,-0.082067,0.048823,0.995430,0,0.41697,0.01980,25.018,0.040,-1,400.000,-1,400.000,-1,325.000,325.000,300.000,300.000,-1,-1,-1,-1,800.000,775.000,-1,-1,2,0,2,0,2,0,0,0,0,2,2,2,2,0,0,2,2
80,-7933.526,8520.044,5.976,141.050,-0.777576,-0.627884,-0.033725,0.623327,-0.776766,0.089990,-0.082700,0.048953,0.995371,0,0.49697,0.02233,29.818,0.045,-1,400.000,-1,400.000,-1,325.000,325.000,300.000,300.000,-1,-1,-1,-1,800.000,775.000,-1,-1,2,0,2,0,2,0,0,0,0,2,2,2,2,0,0,2,2
81,-7960.468,8541.783,3.226,141.101,-0.778114,-0.627190,-0.034237,0.622564,-0.777316,0.090518,-0.083385,0.049119,0.995306,0,0.57697,0.02540,34.618,0.051,-1,400.000,-1,400.000,-1,325.000,325.000,300.000,300.000,-1,-1,-1,-1,800.000,775.000,-1,-1,2,0,2,0,2,0,0,0,0,2,2,2,2,0,0,2,2
82,-7991.171,8566.504,0.045,141.159,-0.778729,-0.626395,-0.034773,0.621696,-0.777944,0.091091,-0.084111,0.049317,0.995235,0,0.65697,0.02903,39.418,0.058,-1,400.000,-1,400.000,-1,325.000,325.000,300.000,300.000,-1,-1,-1,-1,800.000,775.000,-1,-1,2,0,2,0,2,0,0,0,0,2,2,2,2,0,0,2,2
83,-8025.644,8594.196,-3.572,141.226,-0.779433,-0.625487,-0.035372,0.620708,-0.778663,0.091686,-0.084891,0.049508,0.995159,0,0.73697,0.03324,44.218,0.066,-1,400.000,-1,400.000,-1,325.000,325.000,300.000,300.000,-1,-1,-1,-1,800.000,775.000,-1,-1,2,0,2,0,2,0,0,0,0,2,2,2,2,0,0,2,2
84,-8063.900,8624.843,-7.674,141.302,-0.780233,-0.624450,-0.036032,0.619602,-0.779491,0.092127,-0.085615,0.049556,0.995095,0,0.81697,0.03806,49.018,0.076,-1,400.000,-1,400.000,-1,325.000,325.000,300.000,300.000,-1,-1,-1,-1,800.000,775.000,-1,-1,2,0,2,0,2,0,0,0,0,2,2,2,2,0,0,2,2
85,-8102.805,8655.913,-11.932,141.389,-0.781146,-0.623269,-0.036696,0.618371,-0.780444,0.092329,-0.086185,0.049431,0.995052,0,0.82981,0.04352,49.789,0.087,-1,400.000,-1,400.000,-1,325.000,325.000,300.000,300.000,-1,-1,-1,-1,800.000,750.000,-1,-1,2,0,2,0,2,0,0,0,0,2,2,2,2,0,0,2,2
86,-8141.886,8687.014,-16.222,141.487,-0.782176,-0.621937,-0.037354,0.617010,-0.781524,0.092296,-0.086596,0.049144,0.995031,0,0.83241,0.04919,49.945,0.098,-1,400.000,-1,400.000,-1,325.000,325.000,275.000,300.000,-1,-1,-1,-1,800.000,750.000,-1,-1,2,0,2,0,2,0,0,0,0,2,2,2,2,0,0,2,2
87,-8181.159,8718.144,-20.591,141.597,-0.783329,-0.620444,-0.038005,0.615491,-0.782727,0.092242,-0.086979,0.048865,0.995011,0,0.83525,0.05499,50.115,0.110,-1,400.000,-1,400.000,-1,325.000,325.000,275.000,300.000,-1,-1,-1,-1,800.000,725.000,-1,-1,2,0,2,0,2,0,0,0,0,2,2,2,2,0,0,2,2
88,-8220.642,8749.306,-25.042,141.719,-0.784608,-0.618786,-0.038646,0.613810,-0.784055,0.092169,-0.087334,0.048595,0.994993,0,0.83831,0.06092,50.299,0.122,-1,400.000,-1,400.000,-1,325.000,325.000,275.000,300.000,-1,-1,-1,-1,775.000,725.000,-1,-1,2,0,2,0,2,0,0,0,0,2,2,2,2,0,0,2,2
89,-8260.354,8780.496,-29.575,141.853,-0.786014,-0.616959,-0.039278,0.611962,-0.785509,0.092076,-0.087660,0.048336,0.994977,0,0.84160,0.06698,50.496,0.134,-1,400.000,-1,400.000,-1,325.000,325.000,275.000,300.000,-1,-1,-1,-1,775.000,725.000,-1,-1,2,0,2,0,2,0,0,0,0,2,2,2,2,0,0,2,2
90,-8300.310,8811.714,-34.170,141.999,-0.787552,-0.614956,-0.039898,0.609930,-0.787089,0.092072,-0.088024,0.048176,0.994953,0,0.84510,0.07317,50.706,0.146,-1,400.000,-1,400.000,-1,325.000,325.000,275.000,300.000,-1,-1,-1,-1,775.000,700.000,-1,-1,2,0,2,0,2,0,0,0,0,2,2,2,2,0,0,2,2
91,-8340.529,8842.958,-38.816,142.158,-0.789222,-0.612770,-0.040509,0.607703,-0.788792,0.092221,-0.088463,0.048166,0.994914,0,0.84881,0.07948,50.929,0.159,-1,400.000,-1,400.000,-1,325.000,325.000,275.000,300.000,-1,-1,-1,-1,775.000,700.000,-1,-1,2,0,2,0,2,0,0,0,0,2,2,2,2,0,0,2,2
92,-8381.027,8874.225,-43.425,142.330,-0.791004,-0.610409,-0.041400,0.605294,-0.790635,0.092282,-0.089062,0.047936,0.994872,0,0.85273,0.08591,51.164,0.172,-1,400.000,-1,400.000,975.000,325.000,325.000,275.000,300.000,-1,-1,-1,-1,775.000,675.000,-1,-1,2,0,2,0,0,0,0,0,0,2,2,2,2,0,0,2,2
93,-8421.822,8905.511,-47.854,142.515,-0.792953,-0.607848,-0.041783,0.602701,-0.792594,0.092449,-0.089312,0.048125,0.994840,0,0.85684,0.09246,51.410,0.185,-1,400.000,-1,400.000,950.000,325.000,325.000,275.000,300.000,-1,-1,-1,-1,775.000,675.000,-1,-1,2,0,2,0,0,0,0,0,0,2,2,2,2,0,0,2,2
94,-8462.931,8936.812,-52.336,142.713,-0.795041,-0.605094,-0.042086,0.599918,-0.794682,0.092619,-0.089488,0.048388,0.994812,0,0.86115,0.09913,51.669,0.198,-1,400.000,-1,400.000,925.000,325.000,325.000,275.000,300.000,-1,-1,-1,-1,775.000,675.000,-1,-1,2,0,2,0,0,0,0,0,0,2,2,2,2,0,0,2,2
95,-8504.195,8968.003,-56.865,142.914,-0.797151,-0.602292,-0.042358,0.597090,-0.796791,0.092781,-0.089632,0.048669,0.994785,0,0.86210,0.10058,51.726,0.201,-1,400.000,-1,400.000,900.000,325.000,325.000,275.000,300.000,-1,-1,-1,-1,775.000,650.000,-1,-1,2,0,2,0,0,0,0,0,0,2,2,2,2,0,0,2,2
96,-8545.568,8999.049,-61.442,143.116,-0.799251,-0.599483,-0.042634,0.594255,-0.798890,0.092926,-0.089767,0.048935,0.994760,0,0.86210,0.10058,51.726,0.201,-1,400.000,-1,400.000,875.000,325.000,325.000,300.000,300.000,-1,-1,-1,-1,775.000,650.000,-1,-1,2,0,2,0,0,0,0,0,0,2,2,2,2,0,0,2,2
97,-8587.050,9029.950,-66.067,143.317,-0.801341,-0.596667,-0.042913,0.591415,-0.800980,0.093053,-0.089894,0.049187,0.994736,0,0.86210,0.10058,51.726,0.201,-1,400.000,-1,375.000,850.000,325.000,325.000,300.000,300.000,-1,-1,-1,-1,775.000,650.000,-1,-1,2,0,2,0,0,0,0,0,0,2,2,2,2,0,0,2,2
98,-8628.640,9060.705,-70.707,143.518,-0.803409,-0.593848,-0.043345,0.588570,-0.803065,0.093122,-0.090110,0.049303,0.994711,0,0.86210,0.10058,51.726,0.201,-1,400.000,-1,375.000,825.000,325.000,325.000,300.000,300.000,-1,-1,-1,-1,775.000,625.000,-1,1000.000,2,0,2,0,0,0,0,0,0,2,2,2,2,0,0,2,0
99,-8670.337,9091.313,-75.380,143.719,-0.805462,-0.591023,-0.043849,0.585718,-0.805144,0.093155,-0.090361,0.049349,0.994686,0,0.86210,0.10058,51.726,0.201,-1,400.000,-1,375.000,775.000,325.000,325.000,300.000,300.000,-1,-1,-1,-1,775.000,625.000,-1,950.000,2,0,2,0,0,0,0,0,0,2,2,2,2,0,0,2,0
100,-8708.378,9118.789,-79.656,144.160,-0.809971,-0.584794,-0.044310,0.579467,-0.809653,0.093165,-0.090358,0.049785,0.994664,0,0.78210,0.22058,46.926,0.441,-1,400.000,-1,375.000,750.000,325.000,325.000,300.000,275.000,-1,-1,-1,-1,775.000,625.000,-1,925.000,2,0,2,0,0,0,0,0,0,2,2,2,2,0,0,2,0
101,-8742.819,9143.047,-83.089,144.841,-0.816832,-0.575148,-0.044608,0.569990,-0.816578,0.091166,-0.088860,0.049042,0.994836,0,0.70210,0.34058,42.126,0.681,-1,400.000,-1,375.000,775.000,325.000,325.000,300.000,275.000,-1,-1,-1,-1,775.000,625.000,-1,925.000,2,0,2,0,0,0,0,0,0,2,2,2,2,0,0,2,0
102,-8773.677,9164.047,-86.067,145.763,-0.825953,-0.561957,-0.044777,0.556980,-0.825736,0.089069,-0.087027,0.048627,0.995018,0,0.62210,0.46058,37.326,0.921,-1,400.000,-1,375.000,775.000,325.000,325.000,300.000,275.000,-1,-1,-1,-1,775.000,625.000,-1,950.000,2,0,2,0,0,0,0,0,0,2,2,2,2,0,0,2,0
103,-8802.813,9183.023,-88.855,146.924,-0.837169,-0.545104,-0.044831,0.540288,-0.836947,0.087229,-0.085070,0.048804,0.995179,0,0.57952,0.58058,34.771,1.161,-1,400.000,-1,375.000,800.000,325.000,325.000,300.000,275.000,-1,-1,-1,-1,775.000,625.000,-1,975.000,2,0,2,0,0,0,0,0,0,2,2,2,2,0,0,2,0
104,-8832.404,9201.280,-91.648,148.325,-0.850259,-0.524458,-0.044757,0.519796,-0.849998,0.085528,-0.082899,0.049456,0.995330,0,0.57952,0.70058,34.771,1.401,-1,400.000,-1,375.000,800.000,325.000,325.000,300.000,275.000,-1,-1,-1,-1,775.000,625.000,-1,975.000,2,0,2,0,0,0,0,0,0,2,2,2,2,0,0,2,0
105,-8862.507,9218.682,-94.441,149.966,-0.864954,-0.499871,-0.044535,0.495353,-0.864621,0.084006,-0.080498,0.050601,0.995470,0,0.57952,0.82058,34.771,1.641,-1,400.000,-1,375.000,825.000,325.000,325.000,275.000,275.000,-1,-1,-1,-1,775.000,650.000,-1,1000.000,2,0,2,0,0,0,0,0,0,2,2,2,2,0,0,2,0
106,-8893.164,9235.087,-97.228,151.847,-0.880932,-0.471179,-0.044154,0.466797,-0.880489,0.082706,-0.077847,0.052247,0.995595,0,0.57952,0.94058,34.771,1.881,-1,400.000,-1,375.000,850.000,325.000,325.000,275.000,275.000,-1,-1,-1,-1,775.000,650.000,-1,1000.000,2,0,2,0,0,0,0,0,0,2,2,2,2,0,0,2,0
107,-8924.376,9250.411,-99.915,153.847,-0.896879,-0.440110,-0.043719,0.435820,-0.896287,0.082040,-0.075292,0.054527,0.995670,0,0.57952,1.00000,34.771,2.000,-1,400.000,-1,375.000,850.000,350.000,325.000,275.000,275.000,-1,-1,-1,-1,775.000,650.000,-1,-1,2,0,2,0,0,0,0,0,0,2,2,2,2,0,0,2,2
108,-8956.103,9264.636,-102.515,155.847,-0.911731,-0.408501,-0.043275,0.404273,-0.910967,0.081872,-0.072867,0.057150,0.995703,0,0.57952,1.00000,34.771,2.000,-1,400.000,-1,375.000,875.000,325.000,325.000,275.000,275.000,-1,-1,-1,-1,775.000,650.000,-1,-1,2,0,2,0,0,0,0,0,0,2,2,2,2,0,0,2,2
109,-8988.308,9277.745,-105.083,157.847,-0.925469,-0.376400,-0.042784,0.372229,-0.924521,0.081898,-0.070381,0.059869,0.995722,0,0.57952,1.00000,34.771,2.000,-1,400.000,-1,375.000,875.000,325.000,325.000,275.000,275.000,-1,-1,-1,-1,775.000,650.000,-1,-1,2,0,2,0,0,0,0,0,0,2,2,2,2,0,0,2,2
110,-9020.950,9289.722,-107.616,159.847,-0.938074,-0.343846,-0.042264,0.339728,-0.936932,0.082121,-0.067835,0.062677,0.995726,0,0.57952,1.00000,34.771,2.000,-1,400.000,-1,375.000,875.000,325.000,325.000,275.000,275.000,-1,-1,-1,-1,775.000,650.000,-1,-1,2,0,2,0,0,0,0,0,0,2,2,2,2,0,0,2,2
111,-9053.991,9300.553,-110.108,161.847,-0.949532,-0.310880,-0.041735,0.306811,-0.948185,0.082541,-0.065232,0.065571,0.995713,0,0.57952,1.00000,34.771,2.000,-1,400.000,-1,375.000,875.000,325.000,325.000,300.000,275.000,-1,-1,-1,-1,775.000,650.000,-1,-1,2,0,2,0,0,0,0,0,0,2,2,2,2,0,0,2,2
112,-9087.389,9310.223,-112.557,163.847,-0.959828,-0.277544,-0.041215,0.273521,-0.958265,0.083158,-0.062575,0.068544,0.995684,0,0.57952,1.00000,34.771,2.000,-1,400.000,-1,375.000,875.000,325.000,325.000,300.000,250.000,-1,-1,-1,-1,775.000,650.000,-1,-1,2,0,2,0,0,0,0,0,0,2,2,2,2,0,0,2,2
113,-9121.105,9318.722,-114.942,165.847,-0.968949,-0.243879,-0.040756,0.239893,-0.967155,0.084038,-0.059912,0.071651,0.995629,0,0.57952,1.00000,34.771,2.000,-1,400.000,-1,375.000,900.000,325.000,325.000,300.000,250.000,-1,-1,-1,-1,775.000,675.000,-1,-1,2,0,2,0,0,0,0,0,0,2,2,2,2,0,0,2,2
114,-9155.096,9326.038,-117.263,167.847,-0.976886,-0.209927,-0.040311,0.205975,-0.974846,0.085143,-0.057171,0.074872,0.995553,0,0.57952,1.00000,34.771,2.000,-1,400.000,-1,375.000,900.000,325.000,325.000,300.000,250.000,-1,-1,-1,-1,775.000,675.000,-1,-1,2,0,2,0,0,0,0,0,0,2,2,2,2,0,0,2,2
115,-9189.322,9332.165,-119.397,169.847,-0.983608,-0.175739,-0.040381,0.171806,-0.981365,0.086054,-0.054752,0.077706,0.995472,0,0.57952,1.00000,34.771,2.000,-1,400.000,-1,375.000,925.000,325.000,325.000,300.000,250.000,-1,-1,-1,-1,775.000,675.000,-1,-1,2,0,2,0,0,0,0,0,0,2,2,2,2,0,0,2,2
116,-9223.741,9337.093,-121.208,171.847,-0.989090,-0.141362,-0.041441,0.137414,-0.986751,0.086255,-0.053085,0.079620,0.995411,0,0.57952,1.00000,34.771,2.000,-1,400.000,-1,375.000,925.000,325.000,325.000,300.000,250.000,-1,-1,-1,-1,750.000,675.000,-1,-1,2,0,2,0,0,0,0,0,0,2,2,2,2,0,0,2,2
117,-9258.311,9340.818,-122.758,173.847,-0.993388,-0.106828,-0.042048,0.102941,-0.990986,0.085736,-0.050828,0.080841,0.995430,0,0.57952,1.00000,34.771,2.000,-1,400.000,-1,400.000,950.000,325.000,325.000,300.000,250.000,-1,-1,-1,-1,750.000,675.000,-1,-1,2,0,2,0,0,0,0,0,0,2,2,2,2,0,0,2,2
118,-9292.990,9343.334,-124.269,175.847,-0.996483,-0.072170,-0.042584,0.068341,-0.994000,0.085405,-0.048492,0.082195,0.995436,0,0.57952,1.00000,34.771,2.000,-1,400.000,-1,400.000,950.000,325.000,325.000,300.000,250.000,-1,-1,-1,-1,750.000,675.000,-1,-1,2,0,2,0,0,0,0,0,0,2,2,2,2,0,0,2,2
119,-9327.796,9344.641,-125.746,177.847,-0.998370,-0.037432,-0.043075,0.033656,-0.995789,0.085275,-0.046086,0.083686,0.995426,0,0.58054,1.00000,34.832,2.000,-1,400.000,-1,400.000,950.000,325.000,325.000,300.000,250.000,-1,-1,-1,-1,750.000,675.000,-1,-1,2,0,2,0,0,0,0,0,0,2,2,2,2,0,0,2,2
120,-9362.901,9344.732,-127.193,179.847,-0.999048,-0.002664,-0.043545,-0.001064,-0.996350,0.085350,-0.043613,0.085315,0.995399,0,0.58510,0.99978,35.106,2.000,-1,400.000,-1,400.000,950.000,325.000,325.000,300.000,250.000,-1,-1,-1,-1,725.000,700.000,-1,-1,2,0,2,0,0,0,0,0,0,2,2,2,2,0,0,2,2
121,-9402.786,9343.480,-128.795,181.794,-0.998547,0.031194,-0.043937,-0.034875,-0.995713,0.085666,-0.041076,0.087073,0.995355,0,0.66510,0.97378,39.906,1.948,-1,400.000,-1,400.000,950.000,325.000,325.000,300.000,275.000,-1,-1,-1,-1,725.000,700.000,-1,-1,2,0,2,0,0,0,0,0,0,2,2,2,2,0,0,2,2
122,-9447.395,9340.562,-130.531,183.740,-0.996903,0.064970,-0.044308,-0.068610,-0.993906,0.086279,-0.038432,0.089052,0.995285,0,0.74510,0.97282,44.706,1.946,-1,375.000,-1,400.000,950.000,325.000,325.000,300.000,275.000,-1,-1,-1,-1,725.000,700.000,-1,-1,2,0,2,0,0,0,0,0,0,2,2,2,2,0,0,2,2
123,-9496.656,9335.657,-132.383,185.683,-0.994122,0.098607,-0.044702,-0.102214,-0.990929,0.087246,-0.035693,0.091302,0.995183,0,0.82510,0.97137,49.506,1.943,-1,375.000,-1,400.000,950.000,325.000,325.000,300.000,250.000,-1,-1,-1,1000.000,725.000,700.000,-1,-1,2,0,2,0,0,0,0,0,0,2,2,2,0,0,0,2,2
124,-9548.497,9328.716,-134.263,187.621,-0.990213,0.132043,-0.045193,-0.135629,-0.986794,0.088563,-0.032902,0.093826,0.995045,0,0.87175,0.96935,52.305,1.939,-1,375.000,-1,400.000,950.000,325.000,325.000,300.000,250.000,-1,-1,-1,975.000,725.000,700.000,-1,-1,2,0,2,0,0,0,0,0,0,2,2,2,0,0,0,2,2
125,-9600.446,9319.968,-136.001,189.555,-0.985203,0.165221,-0.045580,-0.168768,-0.981544,0.089934,-0.029880,0.096296,0.994904,0,0.87805,0.96671,52.683,1.933,-1,375.000,-1,375.000,950.000,325.000,325.000,300.000,250.000,-1,-1,-1,975.000,725.000,700.000,-1,-1,2,0,2,0,0,0,0,0,0,2,2,2,0,0,0,2,2
126,-9652.431,9309.407,-137.222,191.482,-0.979167,0.198112,-0.044537,-0.201442,-0.975333,0.090260,-0.025557,0.097352,0.994922,0,0.88414,0.96349,53.049,1.927,-1,375.000,-1,375.000,950.000,325.000,325.000,300.000,250.000,-1,-1,975.000,950.000,725.000,700.000,-1,975.000,2,0,2,0,1,0,0,0,0,2,2,0,0,0,0,2,1
127,-9704.373,9297.028,-138.328,193.401,-0.972067,0.230642,-0.043477,-0.233751,-0.968042,0.090861,-0.021131,0.098486,0.994914,0,0.88998,0.95967,53.399,1.919,-1,375.000,-1,375.000,900.000,325.000,325.000,300.000,250.000,-1,-1,875.000,925.000,725.000,700.000,-1,950.000,2,0,2,0,1,0,0,0,0,2,2,0,0,0,0,2,1
128,-9756.192,9282.838,-139.308,195.312,-0.963929,0.262755,-0.042448,-0.265641,-0.959700,0.091716,-0.016638,0.099683,0.994880,0,0.89548,0.95524,53.729,1.910,-1,375.000,-1,375.000,850.000,325.000,325.000,300.000,250.000,-1,-1,800.000,925.000,725.000,700.000,-1,900.000,2,0,2,0,1,0,0,0,0,2,2,0,0,0,0,2,1
129,-9807.805,9266.849,-139.787,197.212,-0.954769,0.294437,-0.041504,-0.297084,-0.950468,0.091388,-0.012540,0.099584,0.994950,0,0.90059,0.95016,54.035,1.900,-1,400.000,-1,375.000,825.000,325.000,325.000,275.000,275.000,-1,-1,750.000,925.000,725.000,700.000,-1,875.000,2,0,2,0,1,0,0,0,0,2,2,0,0,0,1,2,1
130,-9859.126,9249.075,-140.012,199.101,-0.944654,0.325621,-0.040006,-0.327973,-0.940292,0.091022,-0.007979,0.099105,0.995045,0,0.90523,0.94443,54.314,1.889,-1,400.000,-1,375.000,775.000,325.000,325.000,275.000,275.000,-1,950.000,725.000,925.000,725.000,675.000,-1,825.000,2,0,2,0,1,0,0,0,0,2,0,0,0,0,1,2,1
131,-9910.067,9229.544,-140.142,200.977,-0.933597,0.356239,-0.038609,-0.358309,-0.929152,0.091057,-0.003436,0.098844,0.995097,0,0.90932,0.93803,54.559,1.876,-1,400.000,-1,375.000,750.000,325.000,325.000,275.000,275.000,-1,900.000,675.000,925.000,725.000,675.000,-1,825.000,2,0,2,0,1,0,0,0,0,2,0,0,0,0,1,2,1
132,-9960.537,9208.285,-139.997,202.839,-0.921662,0.386212,-0.037138,-0.387990,-0.917022,0.092380,0.001622,0.099552,0.995031,0,0.91277,0.93096,54.766,1.862,-1,400.000,-1,375.000,700.000,325.000,325.000,275.000,275.000,-1,850.000,650.000,925.000,725.000,650.000,-1,800.000,2,0,2,0,1,0,0,0,0,2,0,0,0,0,1,2,1
133,-10010.445,9185.343,-139.678,204.685,-0.908888,0.415505,-0.035768,-0.416983,-0.903984,0.094541,0.006949,0.100842,0.994878,0,0.91551,0.92321,54.931,1.846,-1,400.000,-1,400.000,675.000,325.000,325.000,275.000,275.000,-1,800.000,625.000,925.000,750.000,650.000,1000.000,800.000,2,0,2,0,1,0,0,0,0,2,0,0,0,0,1,1,1
134,-10059.699,9160.766,-139.265,206.515,-0.895315,0.444083,-0.034662,-0.445264,-0.890114,0.097148,0.012289,0.102411,0.994666,0,0.91745,0.91480,55.047,1.830,-1,400.000,1000.000,400.000,650.000,325.000,325.000,275.000,275.000,-1,775.000,600.000,900.000,750.000,675.000,975.000,850.000,2,0,1,0,1,0,0,0,0,2,0,0,0,1,1,1,1
135,-10108.208,9134.615,-138.569,208.326,-0.880969,0.471947,-0.034049,-0.472868,-0.875536,0.099155,0.016985,0.103454,0.994489,0,0.91850,0.90573,55.110,1.811,-1,400.000,925.000,400.000,625.000,325.000,325.000,300.000,275.000,-1,750.000,575.000,875.000,725.000,675.000,950.000,-1,2,0,1,0,1,0,0,0,0,2,0,0,0,1,1,1,2
136,-10155.880,9106.959,-137.480,210.118,-0.865885,0.499091,-0.033950,-0.499816,-0.860340,0.099993,0.020697,0.103551,0.994409,0,0.91859,0.89602,55.116,1.792,-1,400.000,850.000,400.000,625.000,325.000,325.000,300.000,300.000,-1,750.000,600.000,900.000,700.000,725.000,925.000,-1,2,0,1,1,1,0,0,0,0,2,0,0,0,1,1,1,2
