timestep,x_cm,y_cm,z_cm,yaw_deg,basis_xx,basis_xy,basis_xz,basis_yx,basis_yy,basis_yz,basis_zx,basis_zy,basis_zz,teleport_flag,throttle_cmd,steering_cmd,cmd_move_cm,cmd_turn_deg,lidar_cm_0,lidar_cm_1,lidar_cm_2,lidar_cm_3,lidar_cm_4,lidar_cm_5,lidar_cm_6,lidar_cm_7,lidar_cm_8,lidar_cm_9,lidar_cm_10,lidar_cm_11,lidar_cm_12,lidar_cm_13,lidar_cm_14,lidar_cm_15,lidar_cm_16,lidar_class_0,lidar_class_1,lidar_class_2,lidar_class_3,lidar_class_4,lidar_class_5,lidar_class_6,lidar_class_7,lidar_class_8,lidar_class_9,lidar_class_10,lidar_class_11,lidar_class_12,lidar_class_13,lidar_class_14,lidar_class_15,lidar_class_16
0,1643.881,-2293.173,74.732,32.613,0.839376,-0.538921,0.070791,0.538206,0.842263,0.030452,-0.076036,0.012539,0.997026,1,0.08000,0.12000,4.800,0.240,-1,400.000,-1,375.000,-1,325.000,300.000,150.000,275.000,250.000,500.000,575.000,-1,775.000,700.000,-1,-1,2,0,2,0,2,0,0,1,0,1,1,1,2,0,0,2,2
1,1651.923,-2287.931,74.322,33.093,0.834761,-0.545953,0.071480,0.545244,0.837711,0.030817,-0.076704,0.013249,0.996966,0,0.16000,0.24000,9.600,0.480,-1,400.000,-1,375.000,-1,325.000,300.000,150.000,275.000,250.000,500.000,600.000,-1,775.000,700.000,-1,-1,2,0,2,0,2,0,0,1,0,1,1,1,2,0,0,2,2
2,1663.919,-2279.963,73.875,33.594,0.829783,-0.553247,0.073338,0.552580,0.832885,0.030952,-0.078206,0.014842,0.996827,0,0.24000,0.25057,14.400,0.501,-1,400.000,-1,375.000,-1,325.000,300.000,150.000,275.000,250.000,525.000,625.000,-1,775.000,675.000,-1,-1,2,0,2,0,2,0,0,1,0,1,1,1,2,0,0,2,2
3,1679.819,-2269.200,73.372,34.095,0.824647,-0.560481,0.076286,0.559894,0.827988,0.030896,-0.080480,0.017234,0.996607,0,0.32000,0.25028,19.200,0.501,-1,400.000,-1,350.000,-1,325.000,300.000,150.000,275.000,275.000,575.000,650.000,-1,775.000,675.000,-1,-1,2,0,2,0,2,0,0,1,0,1,1,1,2,0,0,2,2
4,1699.576,-2255.574,72.754,34.595,0.819368,-0.567650,0.080057,0.567177,0.823022,0.030752,-0.083345,0.020209,0.996316,0,0.40000,0.24989,24.000,0.500,-1,400.000,-1,350.000,-1,325.000,300.000,175.000,275.000,275.000,600.000,700.000,-1,775.000,650.000,-1,-1,2,0,2,0,2,0,0,1,0,1,1,1,2,0,0,2,2
5,1723.141,-2239.016,71.940,35.093,0.813976,-0.574752,0.084286,0.574414,0.817991,0.030644,-0.086558,0.023471,0.995970,0,0.48000,0.24938,28.800,0.499,-1,400.000,-1,350.000,-1,300.000,300.000,175.000,275.000,275.000,650.000,750.000,-1,775.000,650.000,-1,-1,2,0,2,0,2,0,0,1,0,1,1,1,2,0,0,2,2
6,1750.465,-2219.460,70.827,35.591,0.808514,-0.581786,0.088495,0.581585,0.812906,0.030711,-0.089805,0.026637,0.995603,0,0.56000,0.24871,33.600,0.497,-1,400.000,-1,350.000,-1,300.000,300.000,200.000,275.000,275.000,700.000,800.000,-1,775.000,650.000,-1,-1,2,0,2,0,2,0,0,1,0,1,1,1,2,0,0,2,2
7,1781.497,-2196.842,69.141,36.087,0.803058,-0.588745,0.092069,0.588713,0.807770,0.030407,-0.092273,0.029784,0.995288,0,0.64000,0.24787,38.400,0.496,-1,400.000,-1,350.000,-1,300.000,300.000,225.000,275.000,275.000,750.000,850.000,-1,775.000,625.000,-1,-1,2,0,2,0,2,0,0,1,0,1,1,1,2,0,0,2,2
8,1808.394,-2176.704,67.214,36.822,0.795271,-0.599040,0.093250,0.599067,0.800105,0.030832,-0.093079,0.031343,0.995165,0,0.56000,0.36787,33.600,0.736,-1,400.000,-1,350.000,-1,300.000,300.000,225.000,275.000,275.000,800.000,900.000,-1,775.000,625.000,-1,-1,2,0,2,0,2,0,0,1,0,1,1,1,2,0,0,2,2
9,1831.188,-2159.100,65.293,37.678,0.786212,-0.610917,0.093011,0.610924,0.791053,0.031734,-0.092963,0.031873,0.995159,0,0.48000,0.42801,28.800,0.856,-1,400.000,-1,350.000,-1,300.000,300.000,250.000,275.000,275.000,850.000,975.000,-1,775.000,625.000,-1,-1,2,0,2,0,2,0,0,1,0,1,1,1,2,0,0,2,2
10,1849.961,-2144.149,63.533,38.533,0.777071,-0.622643,0.092064,0.622595,0.781857,0.032772,-0.092386,0.031852,0.995214,0,0.40000,0.42713,24.000,0.854,-1,400.000,-1,350.000,-1,300.000,300.000,250.000,275.000,275.000,875.000,-1,-1,775.000,650.000,-1,-1,2,0,2,0,2,0,0,1,0,1,1,2,2,0,0,2,2
11,1864.801,-2131.966,61.999,39.385,0.767815,-0.634217,0.090716,0.634098,0.772512,0.033846,-0.091545,0.031535,0.995302,0,0.32000,0.42638,19.200,0.853,-1,400.000,-1,350.000,-1,300.000,300.000,250.000,275.000,300.000,925.000,-1,-1,800.000,650.000,-1,-1,2,0,2,0,2,0,0,1,0,1,1,2,2,0,0,2,2
12,1875.793,-2122.664,60.741,40.237,0.758418,-0.645636,0.089194,0.645443,0.763011,0.034890,-0.090582,0.031109,0.995403,0,0.24000,0.42577,14.400,0.852,-1,400.000,-1,350.000,-1,300.000,300.000,250.000,275.000,300.000,950.000,-1,-1,800.000,650.000,-1,-1,2,0,2,0,2,0,0,1,0,1,1,2,2,0,0,2,2
13,1883.029,-2116.355,59.788,41.087,0.748866,-0.656901,0.087639,0.656638,0.753352,0.035870,-0.089586,0.030685,0.995506,0,0.16000,0.42531,9.600,0.851,-1,400.000,-1,350.000,-1,300.000,300.000,250.000,275.000,300.000,975.000,-1,-1,800.000,650.000,-1,-1,2,0,2,0,2,0,0,1,0,1,1,2,2,0,0,2,2
14,1886.599,-2113.147,59.151,41.937,0.739152,-0.668013,0.086098,0.667687,0.743533,0.036777,-0.088584,0.030303,0.995608,0,0.08000,0.42501,4.800,0.850,-1,400.000,-1,350.000,-1,300.000,300.000,250.000,275.000,300.000,1000.000,-1,-1,800.000,650.000,-1,-1,2,0,2,0,2,0,0,1,0,1,1,2,2,0,0,2,2
15,1886.599,-2113.147,58.824,42.787,0.729281,-0.678974,0.084526,0.678590,0.733553,0.037621,-0.087549,0.029922,0.995711,0,-0.00000,0.42486,-0.000,0.850,-1,400.000,-1,350.000,-1,300.000,300.000,250.000,275.000,325.000,1000.000,-1,-1,800.000,675.000,-1,-1,2,0,2,0,2,0,0,1,0,1,1,2,2,0,0,2,2
16,1883.124,-2116.460,58.776,43.637,0.719264,-0.689788,0.082781,0.689345,0.723414,0.038423,-0.086389,0.029428,0.995827,0,-0.08000,0.42486,-4.800,0.850,-1,400.000,-1,375.000,-1,325.000,300.000,250.000,275.000,350.000,-1,-1,-1,800.000,675.000,-1,-1,2,0,2,0,2,0,0,1,0,1,2,2,2,0,0,2,2
17,1876.275,-2123.187,58.961,44.487,0.709124,-0.700460,0.080620,0.699947,0.713118,0.039208,-0.084955,0.028626,0.995973,0,-0.16000,0.42500,-9.600,0.850,-1,400.000,-1,375.000,-1,325.000,300.000,225.000,275.000,375.000,-1,-1,-1,800.000,675.000,-1,-1,2,0,2,0,2,0,0,1,0,1,2,2,2,0,0,2,2
18,1866.153,-2133.429,59.312,45.337,0.698891,-0.710995,0.077703,0.710392,0.702669,0.039998,-0.083038,0.027245,0.996174,0,-0.24000,0.42525,-14.400,0.851,-1,400.000,-1,375.000,-1,325.000,300.000,225.000,275.000,475.000,-1,-1,-1,800.000,700.000,-1,-1,2,0,2,0,2,0,0,1,0,1,2,2,2,0,0,2,2
19,1852.861,-2147.285,59.741,46.189,0.688599,-0.721399,0.073591,0.720675,0.692071,0.040805,-0.080367,0.024937,0.996453,0,-0.32000,0.42560,-19.200,0.851,-1,400.000,-1,375.000,-1,325.000,300.000,200.000,275.000,575.000,-1,-1,-1,800.000,700.000,-1,-1,2,0,2,0,2,0,0,1,0,1,2,2,2,0,0,2,2
20,1836.505,-2164.850,60.142,47.041,0.678282,-0.731672,0.067746,0.730797,0.681325,0.041622,-0.076611,0.021277,0.996834,0,-0.40000,0.42602,-24.000,0.852,-1,400.000,-1,375.000,-1,325.000,300.000,200.000,300.000,575.000,-1,-1,-1,800.000,725.000,-1,-1,2,0,2,0,2,0,0,1,0,1,2,2,2,0,0,2,2
21,1819.475,-2183.693,60.325,47.894,0.667901,-0.741802,0.060320,0.740771,0.670419,0.042373,-0.071873,0.016382,0.997279,0,-0.42329,0.42646,-25.398,0.853,-1,400.000,-1,375.000,-1,325.000,325.000,175.000,300.000,575.000,1000.000,-1,-1,800.000,750.000,-1,-1,2,0,2,0,2,0,0,1,0,1,1,2,2,0,0,2,2
22,1802.860,-2202.636,60.239,48.747,0.657408,-0.751768,0.051583,0.750611,0.659345,0.042977,-0.066320,0.010465,0.997744,0,-0.41994,0.42684,-25.196,0.854,-1,400.000,-1,400.000,-1,325.000,325.000,150.000,300.000,575.000,975.000,-1,-1,800.000,775.000,-1,-1,2,0,2,0,2,0,0,1,0,1,1,2,2,0,0,2,2
23,1786.662,-2221.669,59.895,49.602,0.646769,-0.761551,0.041590,0.760323,0.648095,0.043373,-0.059986,0.003570,0.998193,0,-0.41653,0.42713,-24.992,0.854,-1,400.000,-1,400.000,-1,325.000,325.000,150.000,300.000,575.000,925.000,-1,-1,800.000,825.000,-1,-1,2,0,2,0,2,0,0,1,0,1,1,2,2,0,0,2,2
24,1770.882,-2240.781,60.959,50.456,0.635477,-0.771136,0.038956,0.769921,0.636665,0.043348,-0.058229,0.002446,0.998300,0,-0.41307,0.42734,-24.784,0.855,-1,400.000,-1,400.000,-1,325.000,325.000,125.000,300.000,550.000,925.000,-1,-1,800.000,850.000,-1,-1,2,0,2,0,2,0,0,1,0,1,1,2,2,0,0,2,2
25,1755.520,-2259.964,62.428,51.311,0.623908,-0.780548,0.038510,0.779355,0.625088,0.043249,-0.057830,0.003029,0.998322,0,-0.40960,0.42745,-24.576,0.855,-1,400.000,-1,400.000,-1,325.000,325.000,125.000,300.000,550.000,925.000,-1,-1,800.000,850.000,-1,-1,2,0,2,0,2,0,0,1,0,1,1,2,2,0,0,2,2
26,1740.573,-2279.210,63.876,52.166,0.612200,-0.789787,0.038060,0.788616,0.613371,0.043148,-0.057422,0.003599,0.998343,0,-0.40613,0.42747,-24.368,0.855,-1,400.000,-1,400.000,-1,325.000,325.000,125.000,300.000,525.000,925.000,-1,-1,800.000,850.000,-1,-1,2,0,2,0,2,0,0,1,0,1,1,2,2,0,0,2,2
27,1726.040,-2298.510,65.304,53.021,0.600356,-0.798848,0.037606,0.797698,0.601519,0.043046,-0.057008,0.004156,0.998365,0,-0.40268,0.42741,-24.161,0.855,-1,400.000,-1,400.000,-1,325.000,325.000,125.000,300.000,525.000,950.000,-1,-1,800.000,825.000,-1,-1,2,0,2,0,2,0,0,1,0,1,1,2,2,0,0,2,2
28,1711.917,-2317.861,66.711,53.875,0.588384,-0.807728,0.037151,0.806599,0.589537,0.042941,-0.056587,0.004700,0.998387,0,-0.39927,0.42726,-23.956,0.855,-1,400.000,-1,400.000,-1,325.000,325.000,125.000,300.000,500.000,1000.000,-1,-1,775.000,825.000,-1,-1,2,0,2,0,2,0,0,1,0,1,1,2,2,0,0,2,2
29,1698.200,-2337.255,68.098,54.729,0.576287,-0.816424,0.036693,0.815316,0.577430,0.042835,-0.056159,0.005232,0.998408,0,-0.39591,0.42703,-23.755,0.854,-1,400.000,-1,400.000,-1,325.000,325.000,125.000,300.000,500.000,-1,-1,-1,775.000,825.000,-1,-1,2,0,2,0,2,0,0,1,0,1,2,2,2,0,0,2,2
30,1684.884,-2356.689,69.465,55.583,0.564070,-0.824931,0.036235,0.823844,0.565204,0.042725,-0.055725,0.005752,0.998430,0,-0.39264,0.42672,-23.558,0.853,-1,400.000,-1,400.000,-1,325.000,325.000,125.000,300.000,475.000,-1,-1,-1,775.000,825.000,-1,-1,2,0,2,0,2,0,0,1,0,1,2,2,2,0,0,2,2
31,1671.965,-2376.160,72.064,56.436,0.551662,-0.833211,0.037802,0.832496,0.552838,0.036351,-0.051186,0.011417,0.998624,0,-0.38945,0.42634,-23.367,0.853,-1,400.000,-1,425.000,-1,325.000,325.000,150.000,300.000,475.000,-1,-1,-1,825.000,850.000,-1,-1,2,0,2,0,2,0,0,1,0,1,2,2,2,0,0,2,2
32,1659.436,-2395.665,74.990,57.287,0.539157,-0.841248,0.040142,0.840975,0.540333,0.028309,-0.045505,0.018495,0.998793,0,-0.38636,0.42588,-23.182,0.852,-1,425.000,-1,425.000,-1,350.000,350.000,150.000,300.000,475.000,-1,-1,-1,875.000,900.000,-1,-1,2,0,2,0,2,0,0,1,0,1,2,2,2,0,0,2,2
33,1647.292,-2415.202,77.641,58.138,0.526591,-0.849068,0.042268,0.849146,0.527715,0.021610,-0.040654,0.024512,0.998873,0,-0.38339,0.42535,-23.003,0.851,-1,450.000,-1,425.000,-1,350.000,350.000,175.000,300.000,475.000,-1,-1,-1,925.000,925.000,-1,-1,2,0,2,0,2,0,0,1,0,1,2,2,2,0,0,2,2
34,1635.527,-2434.770,80.024,58.988,0.513952,-0.856683,0.044131,0.857037,0.515000,0.016212,-0.036616,0.029489,0.998894,0,-0.38054,0.42476,-22.832,0.850,400.000,450.000,-1,450.000,-1,375.000,375.000,200.000,300.000,450.000,-1,-1,-1,975.000,950.000,-1,-1,1,0,2,0,2,0,0,1,0,1,2,2,2,0,0,2,2
35,1624.135,-2454.369,82.143,59.836,0.501234,-0.864105,0.045683,0.864668,0.502199,0.012075,-0.033376,0.033448,0.998883,0,-0.37782,0.42410,-22.669,0.848,325.000,475.000,-1,450.000,-1,375.000,375.000,200.000,300.000,450.000,-1,-1,-1,1000.000,975.000,-1,-1,1,0,2,0,2,0,0,1,0,1,2,2,2,0,0,2,2
36,1615.319,-2469.913,83.620,60.444,0.492053,-0.869320,0.046558,0.869997,0.492960,0.009777,-0.031450,0.035694,0.998868,0,-0.29782,0.30410,-17.869,0.608,300.000,475.000,-1,450.000,-1,375.000,375.000,225.000,300.000,450.000,-1,-1,-1,-1,1000.000,-1,-1,1,0,2,0,2,0,0,1,0,1,2,2,2,2,0,2,2
37,1608.945,-2481.322,84.580,60.812,0.486470,-0.872436,0.046938,0.873167,0.487345,0.008683,-0.030450,0.036761,0.998860,0,-0.21782,0.18410,-13.069,0.368,275.000,475.000,-1,450.000,-1,375.000,375.000,250.000,300.000,450.000,-1,-1,-1,-1,1000.000,-1,-1,1,0,2,0,2,0,0,1,0,1,2,2,2,2,0,2,2
38,1603.543,-2491.044,85.271,60.940,0.484528,-0.873518,0.046899,0.874259,0.485388,0.008351,-0.030059,0.036956,0.998865,0,-0.18536,0.06410,-11.121,0.128,275.000,475.000,-1,450.000,-1,375.000,375.000,250.000,300.000,450.000,-1,-1,-1,-1,1000.000,-1,-1,1,0,2,0,2,0,0,1,0,1,2,2,2,2,0,2,2
39,1598.145,-2500.715,85.835,60.829,0.486245,-0.872587,0.046455,0.873303,0.487102,0.008612,-0.030143,0.036382,0.998883,0,-0.18460,-0.05590,-11.076,-0.112,275.000,475.000,-1,450.000,-1,375.000,375.000,250.000,300.000,425.000,-1,-1,-1,-1,1000.000,-1,-1,1,0,2,0,2,0,0,1,0,1,2,2,2,2,0,2,2
40,1592.700,-2510.331,86.293,60.477,0.491608,-0.869619,0.045649,0.870277,0.492473,0.009383,-0.030641,0.035115,0.998913,0,-0.18418,-0.17590,-11.051,-0.352,275.000,475.000,-1,450.000,-1,375.000,375.000,250.000,300.000,425.000,-1,-1,-1,-1,975.000,-1,-1,1,0,2,0,2,0,0,1,0,1,2,2,2,2,0,2,2
41,1587.191,-2519.904,86.725,60.080,0.497639,-0.866228,0.044771,0.866821,0.498512,0.010291,-0.031234,0.033687,0.998944,0,-0.18408,-0.19855,-11.045,-0.397,275.000,475.000,-1,450.000,-1,375.000,375.000,250.000,300.000,425.000,-1,-1,-1,-1,975.000,-1,-1,1,0,2,0,2,0,0,1,0,1,2,2,2,2,0,2,2
42,1581.617,-2529.437,87.087,59.681,0.503667,-0.862777,0.043984,0.863317,0.504543,0.010994,-0.031677,0.032435,0.998972,0,-0.18405,-0.19914,-11.043,-0.398,275.000,475.000,-1,450.000,-1,375.000,375.000,275.000,300.000,400.000,-1,-1,-1,1000.000,975.000,-1,-1,1,0,2,0,2,0,0,1,0,1,2,2,2,0,0,2,2
43,1575.978,-2538.929,87.436,59.282,0.509689,-0.859274,0.043187,0.859758,0.510566,0.011749,-0.032145,0.031142,0.998998,0,-0.18402,-0.19972,-11.041,-0.399,275.000,475.000,-1,450.000,-1,375.000,375.000,275.000,300.000,400.000,-1,-1,-1,1000.000,975.000,-1,-1,1,0,2,0,2,0,0,1,0,1,2,2,2,0,0,2,2
44,1570.272,-2548.380,87.773,58.881,0.515703,-0.855719,0.042378,0.856145,0.516583,0.012562,-0.032641,0.029804,0.999023,0,-0.18400,-0.20030,-11.040,-0.401,275.000,475.000,-1,450.000,-1,375.000,375.000,275.000,300.000,400.000,-1,-1,-1,1000.000,975.000,-1,-1,1,0,2,0,2,0,0,1,0,1,2,2,2,0,0,2,2
45,1564.501,-2557.791,88.097,58.480,0.521710,-0.852110,0.041558,0.852478,0.522591,0.013436,-0.033167,0.028418,0.999046,0,-0.18399,-0.20087,-11.040,-0.402,275.000,475.000,-1,450.000,-1,375.000,375.000,275.000,300.000,375.000,-1,-1,-1,1000.000,975.000,-1,-1,1,0,2,0,2,0,0,1,0,1,2,2,2,0,0,2,2
46,1558.664,-2567.161,88.409,58.077,0.527709,-0.848448,0.040728,0.848755,0.528590,0.014372,-0.033723,0.026984,0.999067,0,-0.18399,-0.20144,-11.039,-0.403,275.000,475.000,-1,450.000,-1,375.000,375.000,275.000,300.000,375.000,-1,-1,-1,975.000,975.000,-1,-1,1,0,2,0,2,0,0,1,0,1,2,2,2,0,0,2,2
47,1552.761,-2576.490,88.708,57.673,0.533700,-0.844733,0.039889,0.844978,0.534580,0.015371,-0.034309,0.025502,0.999086,0,-0.18400,-0.20200,-11.040,-0.404,275.000,450.000,-1,450.000,-1,375.000,375.000,300.000,300.000,375.000,-1,-1,-1,975.000,950.000,-1,-1,1,0,2,0,2,0,0,1,0,1,2,2,2,0,0,2,2
48,1546.791,-2585.778,88.993,57.268,0.539681,-0.840964,0.039042,0.841145,0.540560,0.016436,-0.034927,0.023970,0.999102,0,-0.18401,-0.20255,-11.040,-0.405,275.000,450.000,-1,450.000,-1,375.000,375.000,300.000,300.000,350.000,-1,-1,-1,975.000,950.000,-1,-1,1,0,2,0,2,0,0,1,0,1,2,2,2,0,0,2,2
49,1540.756,-2595.024,89.263,56.861,0.545652,-0.837141,0.038187,0.837256,0.546529,0.017568,-0.035577,0.022387,0.999116,0,-0.18403,-0.20310,-11.042,-0.406,275.000,450.000,-1,450.000,-1,375.000,350.000,300.000,300.000,350.000,-1,-1,-1,950.000,950.000,-1,-1,1,0,2,0,2,0,0,1,0,1,2,2,2,0,0,2,2
50,1534.654,-2604.227,89.519,56.454,0.551613,-0.833264,0.037326,0.833311,0.552485,0.018769,-0.036261,0.020751,0.999127,0,-0.18405,-0.20365,-11.043,-0.407,275.000,450.000,-1,450.000,-1,350.000,350.000,300.000,300.000,350.000,700.000,-1,-1,950.000,950.000,-1,-1,1,0,2,0,2,0,0,1,0,1,1,2,2,0,0,2,2
51,1528.485,-2613.389,89.760,56.046,0.557563,-0.829333,0.036459,0.829310,0.558429,0.020042,-0.036981,0.019061,0.999134,0,-0.18408,-0.20419,-11.045,-0.408,275.000,450.000,-1,450.000,-1,350.000,350.000,300.000,300.000,325.000,675.000,-1,-1,925.000,950.000,-1,-1,1,0,2,0,2,0,0,1,0,1,1,2,2,0,0,2,2
52,1522.250,-2622.509,89.986,55.636,0.563502,-0.825348,0.035586,0.825252,0.564359,0.021388,-0.037736,0.017316,0.999138,0,-0.18412,-0.20472,-11.047,-0.409,275.000,450.000,-1,450.000,-1,350.000,350.000,300.000,300.000,325.000,650.000,-1,-1,925.000,925.000,-1,-1,1,0,2,0,2,0,0,1,0,1,1,2,2,0,0,2,2
53,1515.948,-2631.585,90.196,55.226,0.569429,-0.821308,0.034710,0.821137,0.570275,0.022810,-0.038529,0.015513,0.999137,0,-0.18417,-0.20525,-11.050,-0.411,275.000,450.000,-1,425.000,-1,350.000,350.000,325.000,300.000,325.000,625.000,-1,-1,900.000,925.000,-1,-1,1,0,2,0,2,0,0,1,0,1,1,2,2,0,0,2,2
54,1509.579,-2640.619,90.390,54.814,0.575343,-0.817212,0.033831,0.816965,0.576175,0.024311,-0.039360,0.013652,0.999132,0,-0.18422,-0.20578,-11.053,-0.412,275.000,425.000,-1,425.000,-1,350.000,350.000,325.000,300.000,300.000,600.000,-1,-1,900.000,925.000,-1,-1,1,0,2,0,2,0,0,1,0,1,1,2,2,0,0,2,2
55,1503.143,-2649.609,90.568,54.402,0.581244,-0.813062,0.032951,0.812734,0.582059,0.025891,-0.040231,0.011731,0.999122,0,-0.18427,-0.20630,-11.056,-0.413,275.000,425.000,-1,425.000,-1,350.000,350.000,325.000,300.000,300.000,575.000,-1,-1,900.000,925.000,-1,-1,1,0,2,0,2,0,0,1,0,1,1,2,2,0,0,2,2
56,1496.640,-2658.555,90.729,53.988,0.587131,-0.808856,0.032070,0.808445,0.587926,0.027554,-0.041142,0.009749,0.999106,0,-0.18434,-0.20681,-11.060,-0.414,275.000,425.000,-1,425.000,-1,350.000,350.000,325.000,300.000,300.000,550.000,-1,-1,875.000,900.000,-1,-1,1,0,2,0,2,0,0,1,0,1,1,2,2,0,0,2,2
57,1490.071,-2667.458,90.873,53.573,0.593005,-0.804595,0.031190,0.804098,0.593775,0.029301,-0.042095,0.007704,0.999084,0,-0.18440,-0.20732,-11.064,-0.415,275.000,425.000,-1,425.000,-1,350.000,350.000,325.000,300.000,275.000,525.000,-1,-1,875.000,900.000,-1,-1,1,0,2,0,2,0,0,1,0,1,1,2,2,0,0,2,2
58,1483.434,-2676.316,90.999,53.158,0.598864,-0.800277,0.030312,0.799691,0.599604,0.031135,-0.043091,0.005595,0.999055,0,-0.18448,-0.20783,-11.069,-0.416,275.000,425.000,-1,425.000,-1,350.000,350.000,325.000,300.000,275.000,500.000,-1,-1,850.000,900.000,-1,-1,1,0,2,0,2,0,0,0,0,1,1,2,2,0,0,2,2
59,1476.730,-2685.129,91.107,52.741,0.604708,-0.795903,0.029437,0.795224,0.605414,0.033056,-0.044132,0.003420,0.999020,0,-0.18456,-0.20833,-11.073,-0.417,275.000,425.000,-1,425.000,-1,325.000,350.000,325.000,300.000,275.000,475.000,-1,-1,825.000,875.000,-1,-1,1,0,2,0,2,0,0,0,0,1,1,2,2,0,0,2,2
60,1469.958,-2693.897,91.197,52.323,0.610536,-0.791473,0.028568,0.790696,0.611203,0.035069,-0.045217,0.001178,0.998976,0,-0.18464,-0.20883,-11.078,-0.418,275.000,400.000,-1,425.000,-1,325.000,325.000,300.000,300.000,250.000,475.000,-1,-1,825.000,875.000,-1,-1,1,0,2,0,2,0,0,0,0,1,1,2,2,0,0,2,2
61,1463.120,-2702.620,91.269,51.905,0.616349,-0.786986,0.027705,0.786108,0.616970,0.037174,-0.046349,-0.001133,0.998925,0,-0.18473,-0.20933,-11.084,-0.419,275.000,400.000,-1,425.000,-1,325.000,325.000,300.000,300.000,250.000,450.000,-1,-1,800.000,875.000,-1,-1,1,0,2,0,2,0,0,0,0,1,1,2,2,0,0,2,2
62,1453.233,-2715.051,91.341,51.506,0.621882,-0.782664,0.026469,0.781634,0.622429,0.040382,-0.048081,-0.004424,0.998834,0,-0.26473,-0.19947,-15.884,-0.399,275.000,400.000,-1,400.000,-1,325.000,325.000,300.000,300.000,250.000,425.000,-1,-1,775.000,850.000,-1,-1,1,0,2,0,2,0,0,0,0,1,1,2,2,0,0,2,2
63,1446.310,-2723.707,91.685,51.347,0.624078,-0.780930,0.025959,0.779865,0.624595,0.041135,-0.048337,-0.005427,0.998816,0,-0.18473,-0.07947,-11.084,-0.159,275.000,400.000,-1,400.000,-1,325.000,325.000,300.000,300.000,225.000,400.000,-1,-1,775.000,850.000,-1,-1,1,0,2,0,2,0,0,0,0,1,1,2,2,0,0,2,2
64,1442.392,-2728.619,91.985,51.428,0.622980,-0.781813,0.025774,0.780753,0.623489,0.041056,-0.048168,-0.005454,0.998824,0,-0.10473,0.04053,-6.284,0.081,275.000,400.000,-1,400.000,-1,325.000,325.000,300.000,300.000,225.000,400.000,-1,-1,775.000,850.000,-1,-1,1,0,2,0,2,0,0,0,0,1,1,2,2,0,0,2,2
65,1441.474,-2729.785,92.063,51.749,0.618587,-0.785296,0.025705,0.784239,0.619099,0.041066,-0.048162,-0.005244,0.998826,0,-0.02473,0.16053,-1.484,0.321,275.000,400.000,-1,400.000,-1,325.000,325.000,300.000,300.000,225.000,400.000,-1,-1,775.000,850.000,-1,-1,1,0,2,0,2,0,0,0,0,1,1,2,2,0,0,2,2
66,1443.501,-2727.160,91.918,52.310,0.610857,-0.791322,0.025749,0.790265,0.611381,0.041164,-0.048316,-0.004797,0.998821,0,0.05527,0.28053,3.316,0.561,250.000,400.000,-1,400.000,-1,325.000,325.000,300.000,300.000,225.000,425.000,-1,-1,775.000,850.000,-1,-1,1,0,2,0,2,0,0,0,0,1,1,2,2,0,0,2,2
67,1448.373,-2720.669,91.550,53.111,0.599714,-0.799795,0.025902,0.798736,0.600260,0.041349,-0.048618,-0.004109,0.998809,0,0.13527,0.40053,8.116,0.801,250.000,400.000,-1,400.000,-1,325.000,325.000,300.000,300.000,225.000,450.000,-1,-1,775.000,850.000,-1,-1,1,0,2,0,2,0,0,0,0,1,1,2,2,0,0,2,2
68,1455.938,-2710.200,91.400,54.152,0.585022,-0.810575,0.026781,0.809619,0.585633,0.039375,-0.047601,-0.001353,0.998866,0,0.21527,0.52053,12.916,1.041,250.000,400.000,-1,400.000,-1,325.000,325.000,300.000,300.000,250.000,500.000,-1,-1,800.000,850.000,-1,-1,1,0,2,0,2,0,0,0,0,1,1,2,2,0,0,2,2
69,1466.028,-2695.638,91.431,55.282,0.568836,-0.821958,0.028479,0.821201,0.569539,0.035416,-0.045331,0.003241,0.998967,0,0.29527,0.56475,17.716,1.129,225.000,400.000,-1,425.000,-1,325.000,325.000,300.000,300.000,250.000,575.000,-1,-1,825.000,875.000,-1,-1,1,0,2,0,2,0,0,0,0,1,1,2,2,0,0,2,2
70,1478.494,-2676.888,91.429,56.382,0.552851,-0.832712,0.030778,0.832197,0.553638,0.030536,-0.042467,0.008731,0.999060,0,0.37527,0.54994,22.516,1.100,225.000,425.000,-1,425.000,-1,350.000,350.000,325.000,300.000,275.000,-1,-1,-1,850.000,900.000,-1,-1,1,0,2,0,2,0,0,0,0,1,2,2,2,0,0,2,2
71,1493.178,-2653.854,91.344,57.483,0.536646,-0.843136,0.033649,0.842899,0.537492,0.024975,-0.039143,0.014960,0.999122,0,0.45527,0.55063,27.316,1.101,225.000,425.000,-1,425.000,-1,350.000,350.000,325.000,300.000,300.000,-1,-1,-1,875.000,925.000,-1,-1,1,0,2,0,2,0,0,0,0,1,2,2,2,0,0,2,2
72,1509.916,-2626.445,91.116,58.586,0.520225,-0.853226,0.037025,0.853290,0.521089,0.019028,-0.035529,0.021695,0.999133,0,0.53527,0.55179,32.116,1.104,225.000,450.000,-1,450.000,-1,350.000,350.000,350.000,300.000,325.000,-1,-1,-1,925.000,950.000,-1,-1,1,0,2,0,2,0,0,1,0,1,2,2,2,0,0,2,2
73,1528.543,-2594.573,90.671,59.693,0.503585,-0.862982,0.040796,0.863359,0.504422,0.013039,-0.031831,0.028655,0.999082,0,0.61527,0.55344,36.916,1.107,225.000,475.000,-1,450.000,-1,375.000,375.000,325.000,300.000,350.000,-1,-1,-1,975.000,975.000,-1,-1,1,0,2,0,2,0,0,1,0,1,2,2,2,0,0,2,2
74,1548.889,-2558.156,89.925,60.805,0.486718,-0.872410,0.044803,0.873101,0.487483,0.007389,-0.028286,0.035521,0.998969,0,0.69527,0.55561,41.716,1.111,225.000,475.000,-1,450.000,-1,375.000,375.000,300.000,300.000,375.000,-1,-1,-1,-1,1000.000,-1,-1,1,0,2,0,2,0,0,1,0,1,2,2,2,2,0,2,2
75,1570.781,-2517.113,88.791,61.921,0.469605,-0.881525,0.048836,0.882518,0.470272,0.002497,-0.025167,0.041926,0.998804,0,0.77527,0.55833,46.516,1.117,225.000,500.000,-1,475.000,-1,400.000,375.000,275.000,300.000,400.000,-1,525.000,-1,-1,-1,-1,-1,1,0,2,0,2,0,0,1,0,1,2,0,2,2,2,2,2
76,1594.040,-2471.371,86.981,63.044,0.452234,-0.890323,0.053015,0.891624,0.452773,-0.002050,-0.022179,0.048196,0.998592,0,0.85527,0.56163,51.316,1.123,225.000,500.000,-1,475.000,-1,400.000,400.000,250.000,275.000,450.000,-1,350.000,-1,-1,-1,-1,-1,1,0,2,0,2,0,0,1,0,1,2,0,2,2,2,2,2
77,1618.482,-2420.857,84.593,64.176,0.434564,-0.898857,0.056654,0.900417,0.434998,-0.005086,-0.020072,0.053222,0.998381,0,0.93527,0.56555,56.116,1.131,225.000,525.000,-1,475.000,-1,400.000,400.000,225.000,275.000,475.000,700.000,275.000,-1,-1,-1,-1,-1,1,0,2,0,2,0,0,1,0,1,0,0,2,2,2,2,2
78,1643.536,-2366.339,81.596,65.316,0.416547,-0.907165,0.059495,0.908910,0.416947,-0.006120,-0.019254,0.056625,0.998210,0,1.00000,0.57013,60.000,1.140,225.000,525.000,-1,475.000,-1,400.000,400.000,200.000,275.000,500.000,600.000,225.000,-1,-1,-1,-1,-1,1,0,2,0,2,0,0,1,0,1,0,0,2,2,2,2,2
79,1667.492,-2311.330,78.217,66.466,0.398157,-0.915262,0.061380,0.917107,0.398606,-0.005274,-0.019639,0.058392,0.998101,0,1.00000,0.57529,60.000,1.151,200.000,525.000,-1,475.000,-1,400.000,400.000,175.000,275.000,550.000,550.000,200.000,-1,-1,-1,-1,-1,1,0,2,0,2,0,0,1,0,1,0,0,2,2,2,2,2
80,1690.330,-2255.846,74.509,67.628,0.379395,-0.923133,0.062327,0.924995,0.379968,-0.002838,-0.021063,0.058729,0.998052,0,1.00000,0.58060,60.000,1.161,200.000,525.000,-1,475.000,-1,400.000,400.000,150.000,275.000,575.000,525.000,200.000,-1,-1,-1,-1,-1,1,0,2,0,2,0,0,1,0,1,0,0,2,2,2,2,2
81,1712.032,-2199.909,70.521,68.796,0.360337,-0.930735,0.062365,0.932530,0.361092,0.000914,-0.023370,0.057828,0.998053,0,1.00000,0.58397,60.000,1.168,175.000,500.000,-1,475.000,-1,400.000,375.000,125.000,275.000,600.000,550.000,225.000,-1,-1,-1,-1,-1,1,0,2,0,2,0,0,1,0,1,0,0,2,2,2,2,2
82,1732.532,-2143.692,66.319,69.967,0.341058,-0.938025,0.061556,0.939672,0.342030,0.005686,-0.026387,0.055903,0.998087,0,0.99730,0.58563,59.838,1.171,175.000,475.000,-1,475.000,-1,375.000,375.000,100.000,275.000,625.000,600.000,225.000,-1,-1,-1,-1,-1,1,0,2,0,2,0,0,1,0,1,0,0,2,2,2,2,2
83,1751.808,-2087.268,61.964,71.141,0.321588,-0.944977,0.059994,0.946406,0.322785,0.011181,-0.029931,0.053183,0.998136,0,0.99376,0.58707,59.626,1.174,-1,475.000,-1,450.000,-1,375.000,375.000,100.000,300.000,675.000,675.000,275.000,-1,975.000,-1,-1,-1,2,0,2,0,2,0,0,1,0,1,0,0,2,0,2,2,2
84,1769.846,-2030.679,60.321,72.317,0.300959,-0.950969,0.071285,0.952673,0.303174,0.022345,-0.042861,0.061187,0.997206,0,0.98990,0.58828,59.394,1.177,-1,450.000,-1,425.000,-1,350.000,350.000,100.000,275.000,725.000,-1,-1,-1,900.000,925.000,-1,-1,2,0,2,0,2,0,0,1,0,1,2,2,2,0,0,2,2
85,1786.647,-1973.967,58.125,73.496,0.279960,-0.956661,0.080140,0.958317,0.283449,0.035861,-0.057023,0.066760,0.996138,0,0.98577,0.58926,59.146,1.179,-1,425.000,-1,400.000,-1,350.000,325.000,100.000,275.000,775.000,-1,-1,-1,825.000,825.000,-1,-1,2,0,2,0,2,0,0,1,0,1,2,2,2,0,0,2,2
86,1802.208,-1917.173,55.849,74.676,0.258954,-0.961954,0.087108,0.963505,0.263595,0.046640,-0.067827,0.071852,0.995106,0,0.98143,0.58999,58.886,1.180,-1,400.000,-1,375.000,-1,325.000,325.000,100.000,275.000,850.000,-1,-1,-1,750.000,750.000,-1,-1,2,0,2,0,2,0,0,1,0,1,2,2,2,0,0,2,2
87,1816.529,-1860.331,53.446,75.857,0.237992,-0.966844,0.092588,0.968302,0.243628,0.055098,-0.075828,0.076540,0.994179,0,0.97695,0.59048,58.617,1.181,-1,400.000,-1,375.000,-1,325.000,300.000,100.000,275.000,900.000,-1,-1,-1,725.000,700.000,-1,-1,2,0,2,0,2,0,0,1,0,1,2,2,2,0,0,2,2
88,1828.818,-1807.935,51.048,76.798,0.221226,-0.970429,0.096575,0.971805,0.227650,0.061402,-0.081572,0.080269,0.993430,0,0.89695,0.47048,53.817,0.941,-1,375.000,-1,350.000,-1,300.000,300.000,100.000,275.000,950.000,-1,-1,-1,700.000,675.000,-1,-1,2,0,2,0,2,0,0,1,0,1,2,2,2,0,0,2,2
89,1839.425,-1760.079,49.334,77.499,0.208686,-0.972721,0.101315,0.974394,0.215668,0.063590,-0.083706,0.085450,0.992820,0,0.81695,0.35048,49.017,0.701,-1,375.000,-1,350.000,-1,300.000,300.000,100.000,275.000,1000.000,-1,-1,-1,675.000,650.000,-1,-1,2,0,2,0,2,0,0,1,0,1,2,2,2,0,0,2,2
90,1848.921,-1714.818,47.452,78.147,0.197208,-0.974772,0.104538,0.976679,0.204581,0.065147,-0.084890,0.089252,0.992385,0,0.77077,0.32413,46.246,0.648,-1,375.000,-1,350.000,-1,300.000,300.000,100.000,275.000,-1,-1,-1,-1,675.000,650.000,-1,-1,2,0,2,0,2,0,0,1,0,2,2,2,2,0,0,2,2
91,1857.859,-1669.688,45.334,78.795,0.185881,-0.976773,0.106594,0.978864,0.193503,0.066195,-0.085284,0.092037,0.992097,0,0.76679,0.32374,46.008,0.647,-1,375.000,-1,350.000,-1,300.000,300.000,125.000,275.000,-1,-1,-1,-1,675.000,650.000,-1,-1,2,0,2,0,2,0,0,1,0,2,2,2,2,0,0,2,2
92,1866.245,-1624.685,43.003,79.441,0.174706,-0.978724,0.107593,0.980949,0.182440,0.066739,-0.084948,0.093884,0.991952,0,0.76296,0.32319,45.778,0.646,-1,375.000,-1,350.000,-1,300.000,300.000,125.000,250.000,-1,-1,-1,-1,675.000,650.000,-1,-1,2,0,2,0,2,0,0,1,0,2,2,2,2,0,0,2,2
93,1874.088,-1579.808,40.480,80.086,0.163678,-0.980624,0.107638,0.982936,0.171395,0.066785,-0.083940,0.094870,0.991944,0,0.75931,0.32248,45.558,0.645,-1,375.000,-1,350.000,-1,300.000,300.000,150.000,275.000,300.000,-1,-1,-1,675.000,650.000,-1,-1,2,0,2,0,2,0,0,1,0,1,2,2,2,0,0,2,2
94,1881.393,-1535.049,37.784,80.729,0.152792,-0.982467,0.106830,0.984824,0.160372,0.066346,-0.082315,0.095071,0.992061,0,0.75586,0.32161,45.352,0.643,-1,375.000,-1,350.000,-1,300.000,300.000,150.000,275.000,225.000,-1,-1,-1,675.000,675.000,-1,-1,2,0,2,0,2,0,0,1,0,1,2,2,2,0,0,2,2
95,1888.169,-1490.402,34.936,81.370,0.142035,-0.984248,0.105267,0.986613,0.149375,0.065434,-0.080127,0.094564,0.992289,0,0.75265,0.32060,45.159,0.641,-1,375.000,-1,350.000,-1,300.000,300.000,175.000,275.000,200.000,-1,-1,-1,675.000,675.000,-1,-1,2,0,2,0,2,0,0,1,0,1,2,2,2,0,0,2,2
96,1894.422,-1445.859,31.956,82.009,0.131398,-0.985960,0.103043,0.988301,0.138406,0.064066,-0.077428,0.093420,0.992612,0,0.74968,0.31945,44.981,0.639,-1,375.000,-1,375.000,-1,300.000,300.000,175.000,275.000,200.000,-1,-1,-1,675.000,700.000,-1,-1,2,0,2,0,2,0,0,1,0,1,2,2,2,0,0,2,2
97,1900.160,-1401.410,28.861,82.646,0.120866,-0.987594,0.100250,0.989887,0.127467,0.062262,-0.074268,0.091710,0.993012,0,0.74697,0.31817,44.818,0.636,-1,375.000,-1,375.000,-1,300.000,300.000,200.000,275.000,175.000,-1,-1,-1,675.000,725.000,-1,-1,2,0,2,0,2,0,0,1,0,1,2,2,2,0,0,2,2
98,1905.389,-1357.047,25.671,83.279,0.110428,-0.989142,0.096973,0.991367,0.116563,0.060044,-0.070696,0.089505,0.993474,0,0.74453,0.31676,44.672,0.634,-1,375.000,-1,375.000,-1,300.000,300.000,200.000,275.000,175.000,-1,-1,-1,675.000,750.000,-1,-1,2,0,2,0,2,0,0,1,0,1,2,2,2,0,0,2,2
99,1910.118,-1312.759,21.810,83.910,0.100396,-0.990800,0.090755,0.992826,0.105718,0.055867,-0.064948,0.084495,0.994305,0,0.74235,0.31524,44.541,0.630,-1,375.000,-1,400.000,-1,325.000,325.000,200.000,275.000,175.000,-1,-1,-1,675.000,775.000,-1,-1,2,0,2,0,2,0,0,1,0,1,2,2,2,0,0,2,2
100,1914.350,-1268.537,18.103,84.537,0.090236,-0.992228,0.085678,0.994129,0.094897,0.051982,-0.059709,0.080485,0.994966,0,0.74043,0.31361,44.426,0.627,-1,375.000,-1,400.000,-1,325.000,325.000,225.000,300.000,175.000,-1,-1,-1,700.000,825.000,-1,-1,2,0,2,0,2,0,0,1,0,1,2,2,2,0,0,2,2
101,1918.091,-1224.370,14.603,85.161,0.079945,-0.993421,0.082003,0.995269,0.084109,0.048643,-0.055220,0.077726,0.995444,0,0.73877,0.31187,44.326,0.624,-1,375.000,-1,400.000,-1,325.000,325.000,225.000,300.000,200.000,-1,-1,-1,700.000,850.000,-1,-1,2,0,2,0,2,0,0,1,0,1,2,2,2,0,0,2,2
102,1921.346,-1180.249,11.359,85.781,0.069575,-0.994412,0.079396,0.996252,0.073363,0.045832,-0.051400,0.075910,0.995789,0,0.73735,0.31004,44.241,0.620,-1,375.000,-1,400.000,-1,325.000,325.000,250.000,300.000,200.000,-1,-1,-1,700.000,875.000,-1,-1,2,0,2,0,2,0,0,1,0,1,2,2,2,0,0,2,2
103,1924.122,-1136.166,8.357,86.397,0.059155,-0.995215,0.077766,0.997085,0.062668,0.043532,-0.048197,0.074964,0.996021,0,0.73618,0.30812,44.171,0.616,-1,375.000,-1,425.000,-1,325.000,325.000,250.000,300.000,225.000,-1,-1,-1,725.000,900.000,-1,-1,2,0,2,0,2,0,0,1,0,1,2,2,2,0,0,2,2
104,1926.423,-1092.113,5.615,87.009,0.048695,-0.995829,0.077163,0.997769,0.052030,0.041826,-0.045667,0.074954,0.996141,0,0.73524,0.30611,44.114,0.612,-1,375.000,-1,425.000,-1,325.000,325.000,275.000,300.000,225.000,-1,-1,-1,725.000,925.000,-1,-1,2,0,2,0,2,0,0,1,0,1,2,2,2,0,0,2,2
105,1928.253,-1048.081,3.589,87.617,0.038011,-0.996116,0.079424,0.998253,0.041451,0.042114,-0.045243,0.077685,0.995951,0,0.73451,0.30402,44.071,0.608,-1,375.000,-1,425.000,-1,325.000,325.000,300.000,300.000,250.000,-1,-1,-1,725.000,925.000,-1,-1,2,0,2,0,2,0,0,1,0,1,2,2,2,0,0,2,2
106,1929.618,-1004.063,1.594,88.221,0.027407,-0.996282,0.081679,0.998622,0.030946,0.042379,-0.044750,0.080405,0.995757,0,0.73399,0.30186,44.039,0.604,-1,375.000,-1,425.000,-1,325.000,325.000,325.000,300.000,275.000,-1,-1,-1,725.000,900.000,-1,-1,2,0,2,0,2,0,0,0,0,1,2,2,2,0,0,2,2
107,1930.522,-960.053,-0.368,88.820,0.016886,-0.996329,0.083927,0.998881,0.020520,0.042622,-0.044188,0.083113,0.995560,0,0.73366,0.29963,44.020,0.599,-1,375.000,-1,425.000,-1,325.000,325.000,325.000,300.000,300.000,-1,-1,-1,725.000,900.000,-1,-1,2,0,2,0,2,0,0,0,0,1,2,2,2,0,0,2,2
108,1930.969,-916.044,-2.293,89.415,0.006452,-0.996260,0.086170,0.999030,0.010176,0.042841,-0.043558,0.085810,0.995359,0,0.73352,0.29733,44.011,0.595,-1,375.000,-1,425.000,-1,325.000,325.000,325.000,300.000,325.000,-1,-1,-1,725.000,900.000,-1,-1,2,0,2,0,2,0,0,0,0,1,2,2,2,0,0,2,2
109,1930.962,-872.032,-4.180,90.005,-0.003890,-0.996077,0.088406,0.999073,-0.000082,0.043037,-0.042861,0.088492,0.995154,0,0.73355,0.29497,44.013,0.590,-1,375.000,-1,425.000,-1,325.000,325.000,325.000,300.000,350.000,-1,-1,-1,725.000,900.000,-1,-1,2,0,2,0,2,0,0,0,0,1,2,2,2,0,0,2,2
110,1930.506,-828.010,-6.025,90.590,-0.014139,-0.995784,0.090638,0.999013,-0.010252,0.043209,-0.042097,0.091160,0.994946,0,0.73374,0.29255,44.024,0.585,-1,375.000,-1,425.000,-1,325.000,325.000,325.000,300.000,375.000,-1,-1,-1,725.000,875.000,-1,-1,2,0,2,0,2,0,0,0,0,1,2,2,2,0,0,2,2
111,1929.604,-783.975,-7.826,91.170,-0.024289,-0.995382,0.092865,0.998853,-0.020329,0.043356,-0.041268,0.093812,0.994734,0,0.73408,0.29007,44.045,0.580,-1,375.000,-1,425.000,-1,325.000,325.000,325.000,325.000,425.000,-1,-1,-1,750.000,875.000,-1,-1,2,0,2,0,2,0,0,0,0,1,2,2,2,0,0,2,2
112,1928.258,-739.922,-9.581,91.745,-0.034338,-0.994877,0.095087,0.998594,-0.030311,0.043479,-0.040374,0.096447,0.994519,0,0.73456,0.28755,44.074,0.575,-1,375.000,-1,425.000,-1,325.000,325.000,325.000,325.000,450.000,-1,-1,-1,750.000,875.000,-1,-1,2,0,2,0,2,0,0,0,0,1,2,2,2,0,0,2,2
113,1926.713,-697.456,-11.251,92.080,-0.040222,-0.994449,0.097232,0.998397,-0.036120,0.043580,-0.039826,0.098829,0.994307,0,0.70823,0.16755,42.494,0.335,-1,375.000,-1,425.000,-1,325.000,325.000,325.000,325.000,475.000,-1,-1,-1,750.000,875.000,-1,-1,2,0,2,0,2,0,0,0,0,1,2,2,2,0,0,2,2
114,1925.096,-654.961,-12.944,92.175,-0.041951,-0.994154,0.099484,0.998334,-0.037762,0.043628,-0.039616,0.101148,0.994082,0,0.70878,0.04755,42.527,0.095,-1,400.000,-1,425.000,-1,325.000,325.000,325.000,325.000,500.000,-1,-1,-1,750.000,875.000,-1,-1,2,0,2,0,2,0,0,0,0,1,2,2,2,0,0,2,2
115,1923.587,-612.430,-14.860,92.030,-0.039559,-0.994071,0.101280,0.998407,-0.035241,0.044069,-0.040239,0.102862,0.993881,0,0.70928,-0.07245,42.557,-0.145,-1,400.000,-1,425.000,-1,325.000,325.000,325.000,325.000,550.000,-1,-1,-1,775.000,875.000,-1,-1,2,0,2,0,2,0,0,0,0,1,2,2,2,0,0,2,2
116,1922.363,-569.860,-16.871,91.645,-0.033037,-0.994151,0.102819,0.998591,-0.028558,0.044726,-0.041528,0.104152,0.993694,0,0.70978,-0.19245,42.587,-0.385,-1,400.000,-1,425.000,-1,325.000,325.000,325.000,325.000,575.000,-1,-1,-1,775.000,875.000,-1,-1,2,0,2,0,2,0,0,0,0,1,2,2,2,0,0,2,2
117,1921.603,-527.248,-18.936,91.021,-0.022378,-0.994288,0.104355,0.998811,-0.017712,0.045426,-0.043318,0.105247,0.993502,0,0.71031,-0.31245,42.619,-0.625,-1,400.000,-1,425.000,-1,325.000,325.000,325.000,325.000,625.000,-1,-1,-1,775.000,875.000,-1,-1,2,0,2,0,2,0,0,0,0,1,2,2,2,0,0,2,2
118,1921.486,-484.593,-21.073,90.156,-0.007584,-0.994348,0.105900,0.998930,-0.002701,0.046175,-0.045628,0.106137,0.993304,0,0.71089,-0.43245,42.653,-0.865,-1,400.000,-1,425.000,-1,325.000,325.000,325.000,325.000,675.000,-1,-1,-1,775.000,850.000,-1,-1,2,0,2,0,2,0,0,0,0,1,2,2,2,0,0,2,2
119,1922.194,-441.904,-23.302,89.051,0.011342,-0.994144,0.107467,0.998760,0.016472,0.046976,-0.048471,0.106801,0.993098,0,0.71156,-0.55245,42.693,-1.105,-1,400.000,-1,425.000,-1,325.000,325.000,325.000,325.000,725.000,-1,-1,-1,775.000,850.000,-1,-1,2,0,2,0,2,0,0,0,0,1,2,2,2,0,0,2,2
120,1923.905,-399.196,-25.643,87.706,0.034388,-0.993439,0.109070,0.998062,0.039800,0.047831,-0.051858,0.107214,0.992883,0,0.71234,-0.67245,42.740,-1.345,-1,400.000,-1,425.000,-1,325.000,325.000,325.000,325.000,775.000,-1,-1,-1,775.000,850.000,-1,-1,2,0,2,0,2,0,0,0,0,1,2,2,2,0,0,2,2
121,1926.802,-356.496,-28.140,86.121,0.061549,-0.991955,0.110618,0.996548,0.067261,0.048664,-0.055712,0.107241,0.992671,0,0.71327,-0.79245,42.796,-1.585,-1,400.000,-1,400.000,-1,325.000,325.000,325.000,300.000,850.000,-1,-1,-1,775.000,850.000,-1,-1,2,0,2,0,2,0,0,0,0,1,2,2,2,0,0,2,2
122,1931.064,-313.844,-30.800,84.296,0.092780,-0.989347,0.112181,0.993872,0.098820,0.049520,-0.060078,0.106900,0.992453,0,0.71437,-0.91245,42.862,-1.825,-1,400.000,-1,400.000,-1,325.000,325.000,325.000,300.000,925.000,-1,-1,-1,800.000,850.000,-1,-1,2,0,2,0,2,0,0,0,0,1,2,2,2,0,0,2,2
123,1936.747,-271.279,-33.610,82.397,0.125162,-0.985585,0.113828,0.990026,0.131550,0.050425,-0.064672,0.106382,0.992220,0,0.71566,-0.94929,42.940,-1.899,-1,400.000,-1,400.000,-1,325.000,325.000,325.000,300.000,-1,-1,-1,-1,800.000,850.000,-1,-1,2,0,2,0,2,0,0,0,0,2,2,2,2,0,0,2,2
124,1943.858,-228.835,-36.572,80.492,0.157506,-0.980732,0.115571,0.985079,0.164258,0.051369,-0.069362,0.105755,0.991970,0,0.71722,-0.95268,43.033,-1.905,-1,400.000,-1,400.000,-1,325.000,325.000,325.000,300.000,-1,-1,-1,-1,800.000,850.000,-1,-1,2,0,2,0,2,0,0,0,0,2,2,2,2,0,0,2,2
125,1952.403,-186.545,-39.690,78.580,0.189778,-0.974781,0.117412,0.979024,0.196908,0.052338,-0.074137,0.105016,0.991703,0,0.71903,-0.95614,43.142,-1.912,-1,400.000,-1,400.000,-1,325.000,325.000,325.000,300.000,-1,-1,-1,-1,800.000,825.000,-1,-1,2,0,2,0,2,0,0,0,0,2,2,2,2,0,0,2,2
126,1963.265,-139.847,-43.287,76.907,0.217745,-0.968653,0.119574,0.972828,0.225279,0.053430,-0.078693,0.104690,0.991387,0,0.79903,-0.83614,47.942,-1.672,-1,400.000,-1,400.000,-1,325.000,325.000,325.000,300.000,-1,-1,-1,-1,800.000,825.000,-1,-1,2,0,2,0,2,0,0,0,0,2,2,2,2,0,0,2,2
127,1976.494,-88.789,-47.383,75.475,0.241452,-0.962707,0.122053,0.966854,0.249417,0.054624,-0.083029,0.104819,0.991019,0,0.87903,-0.71614,52.742,-1.432,-1,400.000,-1,400.000,-1,325.000,325.000,325.000,300.000,-1,-1,-1,-1,800.000,800.000,-1,-1,2,0,2,0,2,0,0,0,0,2,2,2,2,0,0,2,2
128,1990.848,-37.790,-52.048,74.283,0.261166,-0.957395,0.123239,0.961417,0.269419,0.055596,-0.086430,0.103964,0.990819,0,0.88298,-0.59614,52.979,-1.192,-1,400.000,-1,400.000,-1,325.000,325.000,325.000,300.000,-1,-1,-1,-1,800.000,800.000,-1,-1,2,0,2,0,2,0,0,0,0,2,2,2,2,0,0,2,2
129,2006.104,13.153,-57.014,73.331,0.276815,-0.952902,0.123896,0.956738,0.285329,0.056912,-0.089582,0.102782,0.990662,0,0.88628,-0.47614,53.177,-0.952,-1,400.000,-1,400.000,-1,325.000,325.000,300.000,300.000,-1,-1,-1,-1,800.000,800.000,-1,-1,2,0,2,0,2,0,0,0,0,2,2,2,2,0,0,2,2
130,2022.053,64.099,-62.092,72.618,0.288421,-0.949353,0.124670,0.953054,0.297175,0.058100,-0.092206,0.102060,0.990496,0,0.88971,-0.35614,53.383,-0.712,-1,400.000,-1,400.000,-1,325.000,325.000,300.000,300.000,-1,-1,-1,-1,800.000,775.000,-1,-1,2,0,2,0,2,0,0,0,0,2,2,2,2,0,0,2,2
131,2038.486,115.113,-67.254,72.146,0.296039,-0.946899,0.125470,0.950518,0.304999,0.059080,-0.094211,0.101771,0.990337,0,0.89325,-0.23614,53.595,-0.472,-1,400.000,-1,400.000,-1,325.000,325.000,300.000,300.000,-1,-1,-1,-1,800.000,775.000,-1,-1,2,0,2,0,2,0,0,0,0,2,2,2,2,0,0,2,2
132,2055.403,166.197,-72.461,71.678,0.303591,-0.944414,0.126157,0.947948,0.312733,0.059937,-0.096059,0.101394,0.990198,0,0.89687,-0.23393,53.812,-0.468,-1,400.000,-1,400.000,-1,325.000,325.000,300.000,300.000,-1,-1,-1,-1,800.000,775.000,-1,-1,2,0,2,0,2,0,0,0,0,2,2,2,2,0,0,2,2
133,2072.816,217.348,-77.740,71.201,0.311285,-0.941815,0.126831,0.945267,0.320601,0.060706,-0.097836,0.100992,0.990065,0,0.90054,-0.23860,54.032,-0.477,-1,400.000,-1,400.000,-1,325.000,325.000,300.000,300.000,-1,-1,-1,-1,775.000,775.000,-1,-1,2,0,2,0,2,0,0,0,0,2,2,2,2,0,0,2,2
134,2090.737,268.559,-83.090,70.714,0.319123,-0.939099,0.127489,0.942471,0.328603,0.061385,-0.099539,0.100565,0.989939,0,0.90426,-0.24330,54.256,-0.487,-1,400.000,-1,400.000,-1,325.000,325.000,300.000,300.000,-1,-1,-1,-1,775.000,775.000,-1,-1,2,0,2,0,2,0,0,0,0,2,2,2,2,0,0,2,2
135,2109.167,319.802,-88.512,70.219,0.327087,-0.936268,0.128126,0.939564,0.336719,0.061968,-0.101161,0.100114,0.989820,0,0.90760,-0.24749,54.456,-0.495,-1,400.000,-1,400.000,-1,325.000,325.000,300.000,300.000,-1,-1,-1,-1,775.000,775.000,-1,-1,2,0,2,0,2,0,0,0,0,2,2,2,2,0,0,2,2
136,2128.117,371.095,-94.008,69.724,0.335046,-0.933365,0.128739,0.936590,0.344818,0.062454,-0.102684,0.099651,0.989710,0,0.91134,-0.24771,54.680,-0.495,-1,400.000,-1,400.000,-1,325.000,325.000,300.000,300.000,-1,-1,-1,-1,775.000,750.000,-1,-1,2,0,2,0,2,0,0,0,0,2,2,2,2,0,0,2,2
137,2147.594,422.442,-99.579,69.228,0.342999,-0.930391,0.129322,0.933549,0.352898,0.062839,-0.104102,0.099175,0.989610,0,0.91528,-0.24788,54.917,-0.496,-1,400.000,-1,400.000,-1,325.000,325.000,300.000,325.000,-1,-1,-1,-1,775.000,750.000,-1,-1,2,0,2,0,2,0,0,0,0,2,2,2,2,0,0,2,2
