timestep,x_cm,y_cm,z_cm,yaw_deg,basis_xx,basis_xy,basis_xz,basis_yx,basis_yy,basis_yz,basis_zx,basis_zy,basis_zz,teleport_flag,throttle_cmd,steering_cmd,cmd_move_cm,cmd_turn_deg,lidar_cm_0,lidar_cm_1,lidar_cm_2,lidar_cm_3,lidar_cm_4,lidar_cm_5,lidar_cm_6,lidar_cm_7,lidar_cm_8,lidar_cm_9,lidar_cm_10,lidar_cm_11,lidar_cm_12,lidar_cm_13,lidar_cm_14,lidar_cm_15,lidar_cm_16,lidar_class_0,lidar_class_1,lidar_class_2,lidar_class_3,lidar_class_4,lidar_class_5,lidar_class_6,lidar_class_7,lidar_class_8,lidar_class_9,lidar_class_10,lidar_class_11,lidar_class_12,lidar_class_13,lidar_class_14,lidar_class_15,lidar_class_16
0,-3609.505,9506.598,45.862,-113.240,-0.392279,0.917135,-0.070578,-0.919137,-0.393834,-0.009076,-0.036120,0.061311,0.997465,1,0.08000,-0.12000,4.800,-0.240,-1,375.000,-1,350.000,1000.000,300.000,300.000,400.000,325.000,-1,75.000,175.000,-1,675.000,600.000,-1,925.000,2,0,2,0,0,0,0,0,0,2,1,1,2,0,0,2,0
1,-3613.368,9497.809,45.367,-113.720,-0.400087,0.913886,-0.068869,-0.915806,-0.401540,-0.008132,-0.035085,0.059817,0.997593,0,0.16000,-0.24000,9.600,-0.480,-1,375.000,-1,350.000,-1,300.000,300.000,375.000,325.000,-1,75.000,175.000,-1,675.000,600.000,-1,950.000,2,0,2,0,2,0,0,0,0,2,1,1,2,0,0,2,0
2,-3619.308,9484.691,44.639,-114.360,-0.410470,0.909456,-0.066361,-0.911258,-0.411780,-0.006802,-0.033512,0.057680,0.997772,0,0.24000,-0.32016,14.400,-0.640,-1,375.000,-1,350.000,-1,300.000,300.000,375.000,325.000,-1,75.000,150.000,-1,675.000,600.000,-1,975.000,2,0,2,0,2,0,0,0,0,2,1,1,2,0,0,2,0
3,-3627.427,9467.293,43.705,-115.012,-0.421026,0.904847,-0.063168,-0.906506,-0.422161,-0.005203,-0.031375,0.055071,0.997989,0,0.32000,-0.32590,19.200,-0.652,-1,375.000,-1,350.000,-1,300.000,300.000,375.000,325.000,-1,75.000,150.000,-1,675.000,600.000,-1,-1,2,0,2,0,2,0,0,0,0,2,1,1,2,0,0,2,2
4,-3637.828,9445.664,42.587,-115.679,-0.431798,0.900014,-0.059367,-0.901513,-0.432738,-0.003353,-0.028708,0.052072,0.998231,0,0.40000,-0.33359,24.000,-0.667,-1,375.000,-1,350.000,-1,300.000,300.000,375.000,325.000,-1,75.000,150.000,-1,675.000,625.000,-1,-1,2,0,2,0,2,0,0,0,0,2,1,1,2,0,0,2,2
5,-3650.620,9419.860,41.310,-116.365,-0.442830,0.894913,-0.055062,-0.896241,-0.443565,-0.001268,-0.025559,0.048787,0.998482,0,0.48000,-0.34327,28.800,-0.687,-1,375.000,-1,375.000,-1,300.000,300.000,375.000,325.000,-1,75.000,150.000,-1,675.000,625.000,-1,-1,2,0,2,0,2,0,0,0,0,2,1,1,2,0,0,2,2
6,-3665.312,9391.122,39.960,-117.075,-0.454153,0.889489,-0.050544,-0.890649,-0.454690,0.000958,-0.022130,0.045452,0.998721,0,0.53793,-0.35495,32.276,-0.710,-1,375.000,-1,375.000,-1,300.000,300.000,350.000,325.000,-1,75.000,125.000,-1,675.000,650.000,-1,-1,2,0,2,0,2,0,0,0,0,2,1,1,2,0,0,2,2
7,-3680.567,9362.203,38.674,-117.812,-0.465777,0.883692,-0.046267,-0.884703,-0.466145,0.003140,-0.018793,0.042395,0.998924,0,0.54494,-0.36813,32.696,-0.736,-1,375.000,-1,375.000,-1,300.000,300.000,350.000,350.000,-1,75.000,125.000,-1,675.000,650.000,-1,-1,2,0,2,0,2,0,0,0,0,2,1,1,2,0,0,2,2
8,-3696.420,9333.097,37.916,-118.575,-0.477595,0.877438,-0.044777,-0.878407,-0.477892,0.004521,-0.017432,0.041492,0.998987,0,0.55239,-0.38156,33.143,-0.763,-1,375.000,-1,375.000,-1,300.000,300.000,350.000,350.000,-1,100.000,125.000,-1,675.000,650.000,-1,-1,2,0,2,0,2,0,0,0,0,2,1,1,2,0,0,2,2
9,-3712.905,9303.800,37.224,-119.365,-0.489698,0.870784,-0.043935,-0.871727,-0.489964,0.005239,-0.016965,0.040865,0.999021,0,0.56027,-0.39523,33.616,-0.790,-1,375.000,-1,375.000,-1,300.000,300.000,350.000,350.000,-1,125.000,150.000,-1,675.000,650.000,-1,-1,2,0,2,0,2,0,0,0,0,2,1,1,2,0,0,2,2
10,-3730.057,9274.312,36.547,-120.183,-0.502129,0.863717,-0.043122,-0.864636,-0.502362,0.006060,-0.016429,0.040328,0.999051,0,0.56857,-0.40917,34.114,-0.818,-1,375.000,-1,375.000,-1,300.000,300.000,350.000,350.000,-1,150.000,175.000,-1,675.000,650.000,-1,-1,2,0,2,0,2,0,0,0,0,2,1,1,2,0,0,2,2
11,-3747.911,9244.632,35.946,-121.030,-0.514889,0.856205,-0.042446,-0.857114,-0.515075,0.007285,-0.015626,0.040132,0.999072,0,0.57727,-0.42338,34.636,-0.847,-1,375.000,-1,375.000,-1,300.000,300.000,350.000,350.000,-1,175.000,175.000,-1,675.000,650.000,-1,-1,2,0,2,0,2,0,0,0,0,2,1,1,2,0,0,2,2
12,-3766.506,9214.765,35.371,-121.906,-0.527967,0.848235,-0.041802,-0.849137,-0.528102,0.008665,-0.014725,0.040071,0.999088,0,0.58637,-0.43785,35.182,-0.876,-1,375.000,-1,375.000,-1,300.000,300.000,350.000,350.000,-1,200.000,200.000,-1,650.000,650.000,-1,-1,2,0,2,0,2,0,0,0,0,2,1,1,2,0,0,2,2
13,-3785.878,9184.718,34.817,-122.811,-0.541356,0.839784,-0.041177,-0.840681,-0.541435,0.010185,-0.013741,0.040131,0.999100,0,0.59585,-0.45260,35.751,-0.905,-1,375.000,-1,375.000,-1,300.000,300.000,350.000,350.000,-1,225.000,225.000,-1,650.000,650.000,-1,-1,2,0,2,0,2,0,0,0,0,2,1,1,2,0,0,2,2
14,-3806.067,9154.499,34.287,-123.746,-0.555048,0.830828,-0.040570,-0.831722,-0.555066,0.011855,-0.012670,0.040323,0.999106,0,0.60571,-0.46763,36.342,-0.935,-1,375.000,-1,375.000,-1,300.000,300.000,350.000,350.000,-1,250.000,225.000,-1,650.000,650.000,-1,-1,2,0,2,0,2,0,0,0,0,2,1,1,2,0,0,2,2
15,-3827.112,9124.120,33.783,-124.712,-0.569033,0.821342,-0.039978,-0.822234,-0.568985,0.013685,-0.011507,0.040658,0.999107,0,0.61593,-0.48295,36.956,-0.966,-1,375.000,-1,375.000,-1,300.000,300.000,350.000,350.000,-1,275.000,225.000,-1,650.000,650.000,-1,-1,2,0,2,0,2,0,0,0,0,2,1,1,2,0,0,2,2
16,-3849.052,9093.597,33.360,-125.709,-0.583297,0.811306,-0.039331,-0.812192,-0.583185,0.015445,-0.010407,0.040953,0.999107,0,0.62650,-0.49856,37.590,-0.997,-1,375.000,-1,375.000,-1,300.000,300.000,350.000,350.000,-1,300.000,225.000,-1,650.000,650.000,-1,-1,2,0,2,0,2,0,0,0,0,2,1,1,2,0,0,2,2
17,-3871.929,9062.948,33.037,-126.738,-0.597824,0.800696,-0.038618,-0.801572,-0.597655,0.017065,-0.009416,0.041157,0.999108,0,0.63742,-0.51447,38.245,-1.029,-1,375.000,-1,375.000,-1,300.000,300.000,350.000,325.000,-1,350.000,225.000,-1,650.000,650.000,-1,-1,2,0,2,0,2,0,0,0,0,2,1,1,2,0,0,2,2
18,-3892.302,9036.423,32.779,-127.527,-0.608836,0.792379,-0.038137,-0.793250,-0.608613,0.018547,-0.008514,0.041545,0.999100,0,0.55742,-0.39447,33.445,-0.789,-1,375.000,-1,375.000,-1,300.000,300.000,350.000,325.000,-1,375.000,225.000,-1,650.000,650.000,-1,-1,2,0,2,0,2,0,0,0,0,2,1,0,2,0,0,2,2
19,-3909.967,9013.873,32.592,-128.076,-0.616438,0.786497,-0.037767,-0.787366,-0.616166,0.019863,-0.007649,0.041981,0.999089,0,0.47742,-0.27447,28.645,-0.549,-1,350.000,-1,375.000,-1,300.000,300.000,350.000,325.000,-1,400.000,225.000,-1,650.000,650.000,-1,-1,2,0,2,0,2,0,0,0,0,2,1,0,2,0,0,2,2
20,-3926.813,8992.608,32.448,-128.385,-0.620708,0.783146,-0.037457,-0.784013,-0.620384,0.021144,-0.006678,0.042491,0.999075,0,0.45215,-0.15447,27.129,-0.309,-1,350.000,-1,375.000,-1,300.000,300.000,350.000,325.000,-1,400.000,225.000,-1,650.000,650.000,-1,-1,2,0,2,0,2,0,0,0,0,2,0,0,2,0,0,2,2
21,-3943.989,8970.978,32.338,-128.454,-0.621691,0.782379,-0.037179,-0.783243,-0.621310,0.022468,-0.005521,0.043089,0.999056,0,0.46034,-0.03447,27.620,-0.069,-1,350.000,-1,375.000,-1,300.000,300.000,350.000,325.000,-1,375.000,250.000,-1,650.000,650.000,-1,-1,2,0,2,0,2,0,0,0,0,2,0,0,2,0,0,2,2
22,-3961.412,8948.903,32.296,-128.283,-0.619400,0.784212,-0.036809,-0.785064,-0.618956,0.023817,-0.004106,0.043650,0.999038,0,0.46870,0.08553,28.122,0.171,-1,350.000,-1,375.000,-1,300.000,300.000,350.000,325.000,-1,375.000,250.000,-1,650.000,650.000,-1,-1,2,0,2,0,2,0,0,0,0,2,0,0,2,0,0,2,2
23,-3978.989,8926.300,32.346,-127.872,-0.613814,0.788617,-0.036258,-0.789447,-0.613302,0.025176,-0.002383,0.044077,0.999025,0,0.47723,0.20553,28.634,0.411,-1,350.000,-1,375.000,-1,300.000,300.000,350.000,325.000,-1,350.000,275.000,-1,650.000,650.000,-1,-1,2,0,2,0,2,0,0,0,0,2,0,0,2,0,0,2,2
24,-3996.658,8903.108,32.455,-127.303,-0.606014,0.794652,-0.035698,-0.795454,-0.605434,0.026531,-0.000529,0.044474,0.999010,0,0.48593,0.28437,29.156,0.569,-1,350.000,-1,375.000,-1,300.000,300.000,350.000,325.000,-1,300.000,275.000,-1,650.000,650.000,-1,-1,2,0,2,0,2,0,0,0,0,2,0,0,2,0,0,2,2
25,-4014.425,8879.323,32.621,-126.759,-0.598500,0.800352,-0.035118,-0.801121,-0.597852,0.027885,0.001322,0.044823,0.998994,0,0.49481,0.27201,29.688,0.544,-1,350.000,-1,375.000,-1,300.000,300.000,350.000,325.000,-1,275.000,300.000,-1,675.000,650.000,-1,-1,2,0,2,0,2,0,0,0,0,2,0,0,2,0,0,2,2
26,-4032.296,8854.941,32.690,-126.240,-0.591302,0.805745,-0.033716,-0.806442,-0.590588,0.029271,0.003672,0.044498,0.999003,0,0.50385,0.25943,30.231,0.519,-1,350.000,-1,375.000,-1,300.000,300.000,350.000,325.000,-1,275.000,300.000,-1,675.000,650.000,-1,-1,2,0,2,0,2,0,0,0,0,2,0,0,2,0,0,2,2
27,-4050.280,8829.958,32.814,-125.747,-0.584414,0.810814,-0.032259,-0.811433,-0.583640,0.030673,0.006042,0.044102,0.999009,0,0.51305,0.24662,30.783,0.493,-1,375.000,-1,375.000,-1,300.000,300.000,325.000,325.000,-1,275.000,300.000,-1,675.000,650.000,-1,-1,2,0,2,0,2,0,0,0,0,2,0,0,2,0,0,2,2
28,-4070.940,8800.987,33.027,-125.494,-0.580898,0.813401,-0.030598,-0.813932,-0.580062,0.032302,0.008526,0.043669,0.999010,0,0.59305,0.12662,35.583,0.253,-1,375.000,-1,375.000,-1,300.000,300.000,325.000,325.000,-1,275.000,300.000,-1,700.000,650.000,-1,-1,2,0,2,0,2,0,0,0,0,2,0,0,2,0,0,2,2
29,-4094.261,8768.268,33.350,-125.481,-0.580783,0.813550,-0.028758,-0.813982,-0.579884,0.034156,0.011112,0.043245,0.999003,0,0.66966,0.00662,40.180,0.013,-1,375.000,-1,375.000,-1,300.000,300.000,325.000,325.000,-1,275.000,300.000,-1,700.000,650.000,-1,-1,2,0,2,0,2,0,0,0,0,2,0,0,2,0,0,2,2
30,-4118.136,8735.052,33.800,-125.707,-0.584063,0.811255,-0.027122,-0.811597,-0.583104,0.036056,0.013436,0.043072,0.998982,0,0.68177,-0.11338,40.906,-0.227,-1,375.000,-1,375.000,-1,300.000,300.000,325.000,325.000,-1,275.000,300.000,-1,700.000,675.000,-1,-1,2,0,2,0,2,0,0,0,0,2,0,0,2,0,0,2,2
31,-4142.716,8701.435,34.380,-126.174,-0.590711,0.806473,-0.025715,-0.806734,-0.589690,0.038020,0.015498,0.043204,0.998946,0,0.69408,-0.23338,41.645,-0.467,-1,375.000,-1,375.000,-1,300.000,300.000,350.000,325.000,-1,275.000,300.000,-1,725.000,675.000,-1,-1,2,0,2,0,2,0,0,0,0,2,0,0,2,0,0,2,2
32,-4168.160,8667.522,35.049,-126.881,-0.600669,0.799127,-0.024350,-0.799308,-0.599584,0.040077,0.017427,0.043537,0.998900,0,0.70661,-0.35338,42.397,-0.707,-1,375.000,-1,375.000,-1,300.000,300.000,350.000,325.000,-1,275.000,300.000,-1,725.000,700.000,-1,-1,2,0,2,0,2,0,0,0,0,2,0,0,2,0,0,2,2
33,-4194.632,8633.428,35.808,-127.828,-0.613845,0.789091,-0.023030,-0.789192,-0.612691,0.042250,0.019229,0.044110,0.998842,0,0.71939,-0.47338,43.163,-0.947,-1,375.000,-1,375.000,-1,300.000,300.000,350.000,325.000,-1,300.000,300.000,-1,750.000,725.000,-1,-1,2,0,2,0,2,0,0,0,0,2,0,0,2,0,0,2,2
34,-4222.296,8599.283,36.596,-129.014,-0.630101,0.776210,-0.021691,-0.776237,-0.628885,0.044267,0.020719,0.044730,0.998784,0,0.73242,-0.59338,43.945,-1.187,-1,375.000,-1,375.000,-1,300.000,300.000,350.000,325.000,-1,300.000,300.000,-1,750.000,750.000,-1,-1,2,0,2,0,2,0,0,0,0,2,0,0,2,0,0,2,2
35,-4251.319,8565.229,37.408,-130.441,-0.649268,0.760287,-0.020352,-0.760245,-0.647997,0.046130,0.021884,0.045423,0.998728,0,0.74572,-0.71338,44.743,-1.427,-1,400.000,-1,375.000,-1,325.000,300.000,350.000,325.000,-1,325.000,300.000,-1,775.000,750.000,-1,-1,2,0,2,0,2,0,0,0,0,2,0,0,2,0,0,2,2
36,-4281.866,8531.431,38.074,-132.108,-0.671113,0.741114,-0.018900,-0.741023,-0.669833,0.046996,0.022169,0.045545,0.998716,0,0.75929,-0.83338,45.557,-1.667,-1,400.000,-1,375.000,-1,325.000,300.000,325.000,325.000,-1,325.000,325.000,-1,775.000,775.000,-1,-1,2,0,2,0,2,0,0,0,0,2,0,0,2,0,0,2,2
37,-4314.496,8497.659,38.725,-134.015,-0.695398,0.718411,-0.017534,-0.718288,-0.694116,0.047595,0.022022,0.045692,0.998713,0,0.78264,-0.95338,46.959,-1.907,-1,400.000,-1,375.000,-1,325.000,300.000,325.000,325.000,-1,350.000,325.000,-1,775.000,800.000,-1,-1,2,0,2,0,2,0,0,0,0,2,0,0,2,0,0,2,2
38,-4348.644,8464.700,39.365,-136.015,-0.720042,0.693737,-0.016370,-0.693591,-0.718753,0.048220,0.021687,0.046075,0.998703,0,0.79099,-1.00000,47.459,-2.000,-1,400.000,-1,375.000,-1,325.000,300.000,325.000,325.000,-1,375.000,350.000,-1,775.000,800.000,-1,-1,2,0,2,0,2,0,0,0,0,2,0,0,2,0,0,2,2
39,-4384.278,8432.631,40.089,-138.015,-0.743803,0.668222,-0.015399,-0.668070,-0.742517,0.048489,0.020967,0.046354,0.998705,0,0.79899,-1.00000,47.939,-2.000,-1,400.000,-1,400.000,-1,325.000,325.000,325.000,325.000,-1,425.000,375.000,-1,775.000,825.000,-1,-1,2,0,2,0,2,0,0,0,0,2,0,0,2,0,0,2,2
40,-4421.022,8401.815,40.838,-140.015,-0.766656,0.641890,-0.014688,-0.641747,-0.765372,0.048646,0.019984,0.046721,0.998708,0,0.79925,-1.00000,47.955,-2.000,-1,400.000,-1,400.000,-1,325.000,325.000,325.000,325.000,-1,450.000,400.000,-1,800.000,825.000,-1,-1,2,0,2,0,2,0,0,0,0,2,0,0,2,0,0,2,2
41,-4458.830,8372.291,41.591,-142.015,-0.788576,0.614772,-0.014256,-0.614650,-0.787287,0.048824,0.018792,0.047264,0.998706,0,0.79948,-1.00000,47.969,-2.000,-1,400.000,-1,400.000,-1,325.000,325.000,325.000,325.000,-1,500.000,450.000,-1,800.000,850.000,-1,-1,2,0,2,0,2,0,0,0,0,2,0,0,2,0,0,2,2
42,-4497.910,8343.913,42.352,-144.015,-0.809535,0.586902,-0.014106,-0.586814,-0.808235,0.049051,0.017387,0.047986,0.998697,0,0.80494,-1.00000,48.296,-2.000,-1,400.000,-1,400.000,-1,325.000,325.000,325.000,325.000,-1,550.000,500.000,-1,825.000,850.000,-1,-1,2,0,2,0,2,0,0,0,0,2,0,0,2,0,0,2,2
43,-4538.002,8316.884,42.972,-146.015,-0.829507,0.558298,-0.014894,-0.558286,-0.828167,0.049559,0.015334,0.049425,0.998660,0,0.80586,-1.00000,48.352,-2.000,-1,400.000,-1,400.000,-1,325.000,325.000,300.000,325.000,-1,650.000,575.000,-1,825.000,850.000,-1,-1,2,0,2,0,2,0,0,0,0,2,0,0,2,0,0,2,2
44,-4579.064,8291.239,43.495,-148.015,-0.848462,0.529002,-0.016394,-0.529102,-0.847062,0.050374,0.012761,0.051415,0.998596,0,0.80687,-1.00000,48.412,-2.000,-1,400.000,-1,400.000,-1,325.000,325.000,325.000,325.000,-1,750.000,650.000,-1,825.000,850.000,-1,-1,2,0,2,0,2,0,0,0,0,2,0,0,2,0,0,2,2
45,-4621.053,8267.010,43.986,-150.015,-0.866377,0.499061,-0.018137,-0.499291,-0.864909,0.051398,0.009964,0.053586,0.998514,0,0.80796,-1.00000,48.478,-2.000,-1,400.000,-1,400.000,-1,325.000,325.000,325.000,325.000,-1,-1,750.000,-1,825.000,850.000,-1,-1,2,0,2,0,2,0,0,0,0,2,2,0,2,0,0,2,2
46,-4663.925,8244.228,44.352,-152.015,-0.883233,0.468521,-0.019669,-0.468878,-0.881703,0.052469,0.007241,0.055565,0.998429,0,0.80914,-1.00000,48.548,-2.000,-1,400.000,-1,400.000,-1,325.000,325.000,325.000,325.000,-1,-1,850.000,-1,825.000,850.000,-1,-1,2,0,2,0,2,0,0,0,0,2,2,0,2,0,0,2,2
47,-4707.633,8222.923,44.453,-154.015,-0.899020,0.437435,-0.020325,-0.437878,-0.897456,0.053252,0.005053,0.056774,0.998374,0,0.81040,-1.00000,48.624,-2.000,-1,400.000,-1,400.000,-1,325.000,325.000,325.000,325.000,-1,-1,-1,-1,850.000,850.000,-1,-1,2,0,2,0,2,0,0,0,0,2,2,2,2,0,0,2,2
48,-4752.133,8203.124,44.313,-156.015,-0.913705,0.405835,-0.020978,-0.406369,-0.912148,0.053387,0.002531,0.057305,0.998354,0,0.81175,-1.00000,48.705,-2.000,-1,400.000,-1,400.000,-1,325.000,325.000,325.000,325.000,-1,-1,-1,-1,850.000,850.000,-1,-1,2,0,2,0,2,0,0,0,0,2,2,2,2,0,0,2,2
49,-4801.664,8182.886,43.858,-157.775,-0.925688,0.377638,-0.022158,-0.378287,-0.924205,0.052384,-0.000697,0.056873,0.998381,0,0.89175,-0.88000,53.505,-1.760,-1,400.000,-1,400.000,-1,325.000,325.000,325.000,325.000,-1,-1,-1,-1,825.000,850.000,-1,-1,2,0,2,0,2,0,0,0,0,2,2,2,2,0,0,2,2
50,-4855.749,8162.444,43.325,-159.295,-0.935327,0.352998,-0.023586,-0.353764,-0.933919,0.051442,-0.003868,0.056459,0.998397,0,0.96365,-0.76000,57.819,-1.520,-1,400.000,-1,400.000,-1,325.000,325.000,325.000,325.000,-1,-1,-1,-1,825.000,850.000,-1,-1,2,0,2,0,2,0,0,0,0,2,2,2,2,0,0,2,2
51,-4910.355,8143.188,42.756,-160.575,-0.942925,0.332055,-0.025149,-0.332935,-0.941591,0.050604,-0.006877,0.056088,0.998402,0,0.96502,-0.64000,57.901,-1.280,-1,400.000,-1,400.000,-1,325.000,325.000,300.000,325.000,-1,-1,-1,-1,825.000,850.000,-1,-1,2,0,2,0,2,0,0,0,0,2,2,2,2,0,0,2,2
52,-4965.369,8124.903,42.161,-161.615,-0.948741,0.314916,-0.026823,-0.315907,-0.947480,0.049847,-0.009717,0.055765,0.998397,0,0.96621,-0.52000,57.973,-1.040,-1,400.000,-1,400.000,-1,325.000,325.000,300.000,325.000,-1,-1,-1,-1,800.000,825.000,-1,-1,2,0,2,0,2,0,0,0,0,2,2,2,2,0,0,2,2
53,-5020.687,8107.371,41.551,-162.415,-0.952987,0.301661,-0.028588,-0.302759,-0.951799,0.049149,-0.012383,0.055494,0.998382,0,0.96716,-0.40000,58.030,-0.800,-1,400.000,-1,400.000,-1,325.000,325.000,300.000,325.000,-1,-1,-1,-1,800.000,825.000,-1,-1,2,0,2,0,2,0,0,0,0,2,2,2,2,0,0,2,2
54,-5076.212,8090.369,40.937,-162.975,-0.955828,0.292347,-0.030423,-0.293550,-0.954713,0.048488,-0.014870,0.055276,0.998360,0,0.96782,-0.28000,58.069,-0.560,-1,400.000,-1,400.000,-1,325.000,325.000,300.000,325.000,-1,-1,-1,-1,775.000,825.000,-1,-1,2,0,2,0,2,0,0,0,0,2,2,2,2,0,0,2,2
55,-5133.528,8073.168,40.313,-163.295,-0.957380,0.287013,-0.032369,-0.288318,-0.956340,0.047816,-0.017232,0.055111,0.998332,0,0.99736,-0.16000,59.841,-0.320,-1,400.000,-1,400.000,-1,325.000,325.000,300.000,325.000,-1,-1,-1,-1,775.000,-1,-1,-1,2,0,2,0,2,0,0,0,0,2,2,2,2,0,2,2,2
56,-5191.020,8056.001,39.523,-163.375,-0.957723,0.285669,-0.034071,-0.287071,-0.956710,0.047925,-0.018905,0.055679,0.998270,0,1.00000,-0.04000,60.000,-0.080,-1,400.000,-1,400.000,-1,325.000,325.000,300.000,325.000,-1,-1,-1,-1,775.000,-1,-1,-1,2,0,2,0,2,0,0,0,0,2,2,2,2,0,2,2,2
57,-5248.464,8038.673,38.486,-163.215,-0.956856,0.288312,-0.036093,-0.289847,-0.955819,0.048983,-0.020376,0.057331,0.998147,0,1.00000,0.08000,60.000,0.160,-1,400.000,-1,400.000,-1,325.000,325.000,325.000,325.000,-1,-1,-1,-1,775.000,-1,-1,-1,2,0,2,0,2,0,0,0,0,2,2,2,2,0,2,2,2
58,-5305.784,8020.944,37.463,-162.815,-0.954755,0.294947,-0.038059,-0.296613,-0.953683,0.050088,-0.021522,0.059111,0.998019,0,1.00000,0.20000,60.000,0.400,-1,400.000,-1,400.000,-1,325.000,325.000,325.000,325.000,-1,-1,-1,-1,750.000,-1,-1,-1,2,0,2,0,2,0,0,0,0,2,2,2,2,0,2,2,2
59,-5362.904,8002.577,36.119,-162.175,-0.951388,0.305574,-0.038541,-0.307257,-0.950305,0.050140,-0.021304,0.059545,0.997998,0,1.00000,0.32000,60.000,0.640,-1,400.000,-1,400.000,-1,325.000,325.000,325.000,325.000,-1,-1,-1,-1,750.000,-1,-1,-1,2,0,2,0,2,0,0,0,0,2,2,2,2,0,2,2,2
60,-5419.778,7983.465,34.785,-161.426,-0.947298,0.317962,-0.039078,-0.319660,-0.946213,0.049983,-0.021083,0.059841,0.997985,0,1.00000,0.37444,60.000,0.749,-1,400.000,-1,400.000,-1,325.000,325.000,325.000,300.000,-1,-1,-1,-1,750.000,-1,-1,-1,2,0,2,0,2,0,0,0,0,2,2,2,2,0,2,2,2
61,-5476.402,7963.623,33.515,-160.689,-0.943117,0.330098,-0.039564,-0.331808,-0.942029,0.049849,-0.020816,0.060142,0.997973,0,1.00000,0.36840,60.000,0.737,-1,400.000,-1,400.000,-1,325.000,325.000,325.000,300.000,-1,-1,-1,-1,750.000,-1,-1,-1,2,0,2,0,2,0,0,0,0,2,2,2,2,0,2,2,2
62,-5532.771,7943.067,32.308,-159.965,-0.938862,0.341963,-0.040000,-0.343683,-0.937767,0.049745,-0.020500,0.060451,0.997961,0,1.00000,0.36182,60.000,0.724,-1,400.000,-1,400.000,-1,325.000,325.000,325.000,300.000,-1,-1,-1,-1,725.000,-1,-1,-1,2,0,2,1,2,0,0,0,0,2,2,2,2,0,2,2,2
63,-5588.881,7921.816,31.164,-159.256,-0.934547,0.353539,-0.040387,-0.355268,-0.933443,0.049677,-0.020136,0.060774,0.997948,0,1.00000,0.35467,60.000,0.709,-1,400.000,-1,950.000,-1,325.000,325.000,325.000,300.000,-1,-1,-1,-1,725.000,-1,-1,-1,2,0,2,1,2,0,0,0,0,2,2,2,2,0,2,2,2
64,-5644.729,7899.886,30.065,-158.562,-0.930189,0.364811,-0.040754,-0.366546,-0.929079,0.049560,-0.019784,0.061038,0.997939,0,1.00000,0.34691,60.000,0.694,-1,375.000,-1,875.000,-1,325.000,325.000,325.000,300.000,-1,-1,-1,-1,725.000,-1,-1,-1,2,0,2,1,2,0,1,0,0,2,2,2,2,0,2,2,2
65,-5700.315,7877.298,29.021,-157.885,-0.925807,0.375757,-0.041080,-0.377498,-0.924688,0.049465,-0.019399,0.061303,0.997931,0,1.00000,0.33852,60.000,0.677,-1,375.000,-1,800.000,-1,325.000,350.000,325.000,300.000,-1,-1,-1,-1,700.000,-1,-1,-1,2,0,2,1,2,1,1,0,0,2,2,2,2,0,2,2,2
66,-5755.637,7854.072,28.052,-157.226,-0.921422,0.386358,-0.041339,-0.388103,-0.920286,0.049493,-0.018922,0.061648,0.997919,0,1.00000,0.32946,60.000,0.659,-1,375.000,-1,750.000,-1,325.000,375.000,325.000,300.000,-1,-1,-1,-1,700.000,-1,-1,-1,2,0,2,1,2,1,1,0,0,2,2,2,2,0,2,2,2
67,-5810.696,7830.230,27.034,-156.587,-0.917066,0.396582,-0.041384,-0.398329,-0.915868,0.050203,-0.017993,0.062524,0.997881,0,1.00000,0.31969,60.000,0.639,-1,375.000,-1,700.000,-1,325.000,375.000,325.000,300.000,-1,-1,-1,-1,700.000,-1,-1,-1,2,0,2,1,2,0,1,0,0,2,2,2,2,0,2,2,2
68,-5865.492,7805.787,22.984,-155.968,-0.912216,0.406093,-0.054319,-0.408886,-0.910748,0.057883,-0.025965,0.075012,0.996845,0,1.00000,0.30919,60.000,0.618,-1,350.000,-1,600.000,-1,300.000,325.000,325.000,275.000,-1,-1,-1,-1,650.000,-1,-1,-1,2,0,2,1,2,0,1,0,0,2,2,2,2,0,2,2,2
69,-5920.028,7780.770,17.276,-155.373,-0.906805,0.414871,-0.074746,-0.419744,-0.905011,0.069070,-0.038991,0.094008,0.994808,0,1.00000,0.29794,60.000,0.596,-1,325.000,-1,475.000,-1,275.000,300.000,350.000,250.000,-1,-1,-1,-1,600.000,-1,-1,-1,2,0,2,1,2,0,1,0,0,2,2,2,2,0,2,2,2
70,-5974.312,7755.209,12.631,-154.801,-0.901432,0.423212,-0.091176,-0.430135,-0.899399,0.077880,-0.049044,0.109421,0.992785,0,1.00000,0.28591,60.000,0.572,-1,300.000,-1,400.000,-1,250.000,275.000,350.000,225.000,-1,-1,-1,-1,550.000,-1,-1,-1,2,0,2,1,2,0,1,0,0,2,2,2,2,0,2,2,2
71,-6028.351,7729.135,8.992,-154.254,-0.896338,0.431184,-0.103241,-0.439827,-0.894116,0.084315,-0.055954,0.120983,0.991076,0,1.00000,0.27311,60.000,0.546,-1,300.000,-1,350.000,-1,225.000,225.000,375.000,275.000,-1,-1,-1,-1,500.000,625.000,900.000,-1,2,0,2,1,2,0,1,0,1,2,2,2,2,0,1,0,2
72,-6082.152,7702.575,6.432,-153.735,-0.891677,0.438823,-0.111116,-0.448693,-0.889274,0.088695,-0.059891,0.128944,0.989842,0,1.00000,0.25954,60.000,0.519,-1,275.000,-1,300.000,-1,225.000,200.000,375.000,600.000,-1,-1,-1,-1,500.000,475.000,825.000,-1,2,0,2,1,2,0,1,0,1,2,2,2,2,0,1,0,2
73,-6135.725,7675.559,4.949,-153.245,-0.887560,0.446161,-0.114790,-0.456644,-0.884972,0.091115,-0.060934,0.133288,0.989202,0,1.00000,0.24525,60.000,0.490,-1,275.000,-1,250.000,-1,225.000,200.000,375.000,-1,-1,-1,-1,-1,475.000,400.000,775.000,-1,2,0,2,1,2,0,0,0,2,2,2,2,2,0,1,0,2
74,-6184.692,7650.082,4.769,-152.514,-0.881965,0.457413,-0.113631,-0.467685,-0.879222,0.090772,-0.058387,0.133201,0.989368,0,0.92000,0.36525,55.200,0.730,-1,275.000,-1,225.000,-1,225.000,200.000,375.000,-1,-1,-1,-1,-1,475.000,375.000,800.000,-1,2,0,2,0,2,0,0,0,2,2,2,2,2,0,0,0,2
75,-6229.003,7626.073,5.794,-151.544,-0.874696,0.472504,-0.107926,-0.481821,-0.871836,0.088034,-0.052497,0.129004,0.990254,0,0.84000,0.48525,50.400,0.970,-1,275.000,-1,250.000,-1,225.000,200.000,375.000,-1,-1,-1,-1,-1,500.000,600.000,900.000,-1,2,0,2,0,2,0,0,0,2,2,2,2,2,0,1,0,2
76,-6268.667,7603.581,7.799,-150.434,-0.866290,0.489777,-0.098285,-0.497609,-0.863359,0.083646,-0.043887,0.121369,0.991637,0,0.76000,0.55491,45.600,1.110,-1,300.000,-1,250.000,-1,225.000,225.000,375.000,-1,-1,-1,-1,-1,525.000,775.000,-1,-1,2,0,2,0,2,0,0,0,2,2,2,2,2,0,1,2,2
77,-6303.764,7582.781,10.485,-149.332,-0.857717,0.506883,-0.085969,-0.513019,-0.854773,0.078580,-0.033653,0.111503,0.993194,0,0.68000,0.55109,40.800,1.102,-1,300.000,-1,275.000,-1,250.000,250.000,350.000,-1,-1,-1,-1,-1,550.000,900.000,-1,-1,2,0,2,0,2,0,0,0,2,2,2,2,2,1,1,2,2
78,-6334.375,7563.839,13.641,-148.233,-0.848799,0.523822,-0.071776,-0.528245,-0.845924,0.073284,-0.022330,0.100119,0.994725,0,0.60000,0.54948,36.000,1.099,-1,325.000,-1,325.000,-1,275.000,250.000,350.000,-1,-1,-1,-1,-1,600.000,950.000,-1,-1,2,0,2,1,2,0,0,0,2,2,2,2,2,0,1,2,2
79,-6360.587,7546.918,17.062,-147.136,-0.839416,0.540545,-0.056497,-0.543389,-0.836712,0.068129,-0.010445,0.087889,0.996076,0,0.52000,0.54842,31.200,1.097,-1,350.000,-1,400.000,-1,275.000,275.000,325.000,-1,-1,-1,-1,-1,650.000,975.000,-1,-1,2,0,2,1,2,0,0,0,2,2,2,2,2,0,1,2,2
80,-6382.483,7532.171,18.156,-146.041,-0.829804,0.556623,-0.039945,-0.557990,-0.826488,0.074598,0.008509,0.084191,0.996413,0,0.44000,0.54780,26.400,1.096,-1,375.000,-1,475.000,-1,300.000,325.000,325.000,-1,-1,450.000,300.000,-1,750.000,1000.000,-1,-1,2,0,2,1,2,0,1,0,2,2,0,0,2,0,1,2,2
81,-6400.161,7519.760,17.467,-144.946,-0.819534,0.572171,-0.031360,-0.572580,-0.815494,0.084391,0.022712,0.087118,0.995939,0,0.36000,0.54750,21.600,1.095,-1,400.000,-1,500.000,-1,325.000,350.000,325.000,-1,-1,75.000,0.000,-1,825.000,-1,-1,-1,2,0,2,1,2,0,1,0,2,2,0,0,2,0,2,2,2
82,-6413.720,7509.842,15.586,-143.851,-0.808802,0.587257,-0.031126,-0.587303,-0.803876,0.094122,0.030252,0.094407,0.995074,0,0.28000,0.54742,16.800,1.095,-1,425.000,-1,500.000,-1,325.000,350.000,350.000,-1,-1,0.000,0.000,-1,875.000,1000.000,-1,-1,2,0,2,1,2,0,1,0,2,2,0,0,2,0,1,2,2
83,-6423.267,7502.573,14.109,-142.756,-0.797747,0.602175,-0.031394,-0.601891,-0.792065,0.101787,0.036428,0.100096,0.994311,0,0.20000,0.54747,12.000,1.095,-1,425.000,-1,500.000,-1,325.000,350.000,350.000,-1,-1,0.000,0.000,950.000,900.000,1000.000,-1,-1,2,0,2,1,2,0,1,0,2,2,0,0,0,0,1,2,2
84,-6428.909,7498.101,12.952,-141.661,-0.786369,0.616926,-0.032043,-0.616365,-0.780060,0.107702,0.041449,0.104444,0.993667,0,0.12000,0.54758,7.200,1.095,-1,425.000,-1,500.000,-1,350.000,350.000,350.000,-1,-1,0.000,0.000,875.000,950.000,975.000,-1,-1,2,0,2,1,2,0,1,0,2,2,0,0,1,0,1,2,2
85,-6430.758,7496.573,12.047,-140.565,-0.774668,0.631507,-0.032983,-0.630731,-0.767860,0.112117,0.045476,0.107657,0.993147,0,0.04000,0.54767,2.400,1.095,-1,450.000,-1,475.000,-1,350.000,350.000,350.000,-1,-1,0.000,0.000,925.000,975.000,975.000,-1,-1,2,0,2,1,2,0,1,0,2,2,0,0,1,0,1,2,2
86,-6428.930,7498.130,11.342,-139.470,-0.762647,0.645914,-0.034138,-0.644985,-0.755462,0.115204,0.048622,0.109878,0.992755,0,-0.04000,0.54772,-2.400,1.095,-1,450.000,-1,475.000,-1,350.000,350.000,350.000,-1,-1,0.000,0.000,1000.000,1000.000,950.000,-1,-1,2,0,2,1,2,0,1,0,2,2,0,0,1,0,1,2,2
87,-6423.545,7502.912,10.805,-138.374,-0.750306,0.660140,-0.035445,-0.659125,-0.742867,0.117061,0.050946,0.111194,0.992492,0,-0.12000,0.54767,-7.200,1.095,-1,450.000,-1,475.000,-1,350.000,350.000,375.000,-1,-1,0.000,0.000,-1,1000.000,950.000,-1,-1,2,0,2,1,2,0,1,0,2,2,0,0,2,0,1,2,2
88,-6414.727,7511.053,10.424,-137.279,-0.737645,0.674183,-0.036844,-0.673148,-0.730080,0.117705,0.052456,0.111626,0.992365,0,-0.20000,0.54750,-12.000,1.095,-1,450.000,-1,475.000,-1,350.000,325.000,375.000,-1,-1,0.000,0.000,-1,-1,950.000,-1,-1,2,0,2,1,2,0,1,0,2,2,0,0,2,2,1,2,2
89,-6405.331,7520.067,10.054,-136.185,-0.724716,0.687984,-0.038273,-0.686944,-0.717049,0.118107,0.053812,0.111886,0.992263,0,-0.21698,0.54721,-13.019,1.094,-1,450.000,-1,450.000,-1,350.000,325.000,375.000,-1,-1,0.000,0.000,-1,-1,925.000,-1,-1,2,0,2,1,2,0,1,0,2,2,0,0,2,2,1,2,2
90,-6396.080,7529.288,9.651,-135.091,-0.711537,0.701527,-0.039690,-0.700476,-0.703766,0.118521,0.055213,0.112134,0.992158,0,-0.21767,0.54688,-13.060,1.094,-1,450.000,-1,450.000,-1,350.000,325.000,375.000,-1,-1,0.000,0.000,-1,-1,900.000,-1,-1,2,0,2,1,2,0,1,0,2,2,0,0,2,2,1,2,2
91,-6386.977,7538.713,9.221,-133.998,-0.698115,0.714803,-0.041137,-0.713742,-0.690233,0.118957,0.056637,0.112408,0.992047,0,-0.21835,0.54655,-13.101,1.093,-1,450.000,-1,450.000,-1,350.000,325.000,375.000,-1,-1,0.000,0.000,-1,-1,900.000,-1,-1,2,0,2,1,2,0,0,0,2,2,0,0,2,2,1,2,2
92,-6378.029,7548.339,8.763,-132.906,-0.684457,0.727807,-0.042618,-0.726736,-0.676456,0.119424,0.058089,0.112713,0.991928,0,-0.21902,0.54621,-13.141,1.092,-1,450.000,-1,425.000,-1,350.000,325.000,375.000,-1,-1,0.000,0.000,-1,-1,875.000,-1,-1,2,0,2,1,2,0,0,0,2,2,0,0,2,2,1,2,2
93,-6369.240,7558.162,8.276,-131.814,-0.670568,0.740534,-0.044135,-0.739452,-0.662441,0.119927,0.059573,0.113055,0.991801,0,-0.21967,0.54586,-13.180,1.092,-1,450.000,-1,425.000,-1,350.000,325.000,375.000,-1,-1,0.000,0.000,-1,-1,875.000,-1,-1,2,0,2,1,2,0,0,0,2,2,0,0,2,2,1,2,2
94,-6360.615,7568.180,7.756,-130.723,-0.656455,0.752980,-0.045694,-0.751887,-0.648192,0.120472,0.061095,0.113441,0.991665,0,-0.22030,0.54550,-13.218,1.091,-1,450.000,-1,425.000,-1,350.000,325.000,375.000,-1,-1,0.000,0.000,-1,-1,850.000,-1,-1,2,0,2,1,2,0,0,0,2,2,0,0,2,2,1,2,2
95,-6352.158,7578.390,7.204,-129.633,-0.642126,0.765138,-0.047299,-0.764034,-0.633715,0.121066,0.062658,0.113877,0.991517,0,-0.22092,0.54513,-13.255,1.090,-1,450.000,-1,400.000,-1,350.000,325.000,375.000,-1,-1,0.000,0.000,-1,-1,850.000,-1,-1,2,0,2,1,2,0,0,0,2,2,0,0,2,2,1,2,2
96,-6346.859,7584.981,6.693,-128.783,-0.630834,0.774390,-0.048660,-0.773252,-0.622237,0.122073,0.064254,0.114635,0.991328,0,-0.14092,0.42513,-8.455,0.850,-1,450.000,-1,400.000,-1,350.000,325.000,375.000,-1,-1,0.000,0.000,-1,-1,850.000,-1,-1,2,0,2,1,2,0,0,0,2,2,0,0,2,2,1,2,2
97,-6344.598,7587.854,6.241,-128.172,-0.622698,0.780878,-0.049768,-0.779686,-0.613879,0.123459,0.065855,0.115681,0.991101,0,-0.06092,0.30513,-3.655,0.610,-1,450.000,-1,400.000,-1,350.000,325.000,375.000,-1,-1,0.000,0.000,-1,-1,825.000,-1,-1,2,0,2,1,2,0,0,0,2,2,0,0,2,2,1,2,2
98,-6345.297,7586.948,5.868,-127.802,-0.617795,0.784710,-0.050598,-0.783443,-0.608727,0.125172,0.067423,0.116971,0.990844,0,0.01908,0.18513,1.145,0.370,-1,475.000,-1,400.000,-1,350.000,325.000,375.000,-1,-1,0.000,0.000,-1,-1,825.000,-1,-1,2,0,2,1,2,0,0,0,2,2,0,0,2,2,1,2,2
99,-6348.928,7582.241,5.592,-127.672,-0.616170,0.785953,-0.051117,-0.784592,-0.606834,0.127151,0.068915,0.118452,0.990565,0,0.09908,0.06513,5.945,0.130,-1,475.000,-1,400.000,-1,350.000,325.000,375.000,-1,-1,0.000,0.000,-1,-1,825.000,-1,-1,2,0,2,1,2,0,0,0,2,2,0,0,2,2,1,2,2
100,-1639.829,-4263.559,255.140,35.352,0.815157,-0.578590,0.027434,0.578483,0.815599,0.012481,-0.029597,0.005696,0.999546,1,0.00000,0.00000,10.745,-0.110,775.000,400.000,-1,400.000,-1,325.000,325.000,300.000,300.000,-1,-1,-1,-1,650.000,850.000,750.000,-1,1,0,2,0,2,0,0,0,0,2,2,2,2,1,0,1,2
101,-1635.926,-4260.765,254.999,35.592,0.812722,-0.582001,0.027512,0.581892,0.813168,0.012631,-0.029723,0.005743,0.999542,0,0.08000,0.12000,4.800,0.240,775.000,400.000,-1,400.000,-1,325.000,325.000,300.000,300.000,-1,-1,-1,-1,650.000,850.000,750.000,-1,1,0,2,0,2,0,0,0,0,2,2,2,2,1,0,1,2
102,-1628.167,-4255.113,254.715,36.072,0.807810,-0.588793,0.027681,0.588680,0.808263,0.012928,-0.029985,0.005852,0.999533,0,0.16000,0.24000,9.600,0.480,775.000,400.000,-1,400.000,-1,325.000,325.000,300.000,300.000,-1,-1,-1,-1,650.000,850.000,725.000,-1,1,0,2,0,2,0,0,0,0,2,2,2,2,1,0,1,2
103,-1616.608,-4246.525,254.262,36.610,0.802231,-0.596356,0.027997,0.596237,0.802698,0.013356,-0.030438,0.005979,0.999519,0,0.24000,0.26903,14.400,0.538,750.000,400.000,-1,400.000,-1,325.000,325.000,300.000,300.000,-1,-1,-1,-1,625.000,850.000,725.000,-1,1,0,2,0,2,0,0,0,0,2,2,2,2,1,0,1,2
104,-1601.304,-4234.930,253.654,37.150,0.796561,-0.603892,0.028385,0.603761,0.797043,0.013936,-0.031040,0.006037,0.999500,0,0.32000,0.26990,19.200,0.540,725.000,400.000,-1,400.000,-1,325.000,325.000,300.000,300.000,-1,-1,-1,-1,625.000,850.000,700.000,-1,1,0,2,0,2,0,0,0,0,2,2,2,2,1,0,1,2
105,-1582.313,-4220.255,252.886,37.694,0.790775,-0.611428,0.028843,0.611281,0.791277,0.014668,-0.031792,0.006032,0.999476,0,0.40000,0.27183,24.000,0.544,700.000,400.000,-1,400.000,-1,325.000,325.000,300.000,300.000,-1,-1,-1,-1,600.000,850.000,675.000,-1,1,0,2,0,2,0,0,0,0,2,2,2,2,1,0,1,2
106,-1559.694,-4202.428,251.958,38.243,0.784849,-0.618991,0.029370,0.618825,0.785375,0.015549,-0.032692,0.005971,0.999448,0,0.48000,0.27485,28.800,0.550,675.000,400.000,-1,400.000,-1,325.000,325.000,300.000,300.000,-1,-1,-1,-1,575.000,850.000,650.000,-1,1,0,2,0,2,0,0,0,0,2,2,2,2,1,0,1,2
107,-1533.508,-4181.374,250.845,38.801,0.778756,-0.626610,0.029966,0.626422,0.779310,0.016483,-0.033682,0.005935,0.999415,0,0.56000,0.27899,33.600,0.558,625.000,400.000,-1,400.000,-1,325.000,325.000,300.000,300.000,-1,-1,-1,-1,575.000,850.000,600.000,-1,1,1,2,0,2,0,0,0,0,2,2,2,2,1,0,1,2
108,-1503.823,-4157.015,249.515,39.370,0.772469,-0.634313,0.030636,0.634105,0.773052,0.017332,-0.034677,0.006038,0.999380,0,0.64000,0.28432,38.400,0.569,600.000,400.000,-1,400.000,-1,325.000,325.000,300.000,300.000,-1,-1,-1,-1,550.000,850.000,575.000,-1,1,1,2,0,2,0,0,0,0,2,2,2,2,1,0,1,2
109,-1470.706,-4129.275,247.997,39.952,0.765953,-0.642130,0.031382,0.641900,0.766571,0.018251,-0.035776,0.006165,0.999341,0,0.72000,0.29092,43.200,0.582,550.000,375.000,-1,400.000,-1,325.000,325.000,300.000,300.000,-1,-1,-1,-1,525.000,850.000,525.000,-1,1,1,2,0,2,0,0,0,0,2,2,2,2,1,0,1,2
110,-1434.233,-4098.070,246.284,40.550,0.759172,-0.650093,0.032210,0.649839,0.759828,0.019225,-0.036972,0.006336,0.999296,0,0.80000,0.29891,48.000,0.598,500.000,350.000,-1,400.000,-1,325.000,325.000,300.000,300.000,-1,-1,-1,-1,475.000,850.000,475.000,-1,1,1,2,0,2,0,0,0,0,2,2,2,2,1,0,1,2
111,-1394.486,-4063.314,244.367,41.167,0.752083,-0.658235,0.033123,0.657957,0.752783,0.020235,-0.038254,0.006575,0.999246,0,0.88000,0.30847,52.800,0.617,425.000,350.000,975.000,400.000,-1,325.000,325.000,300.000,300.000,-1,-1,-1,-1,450.000,850.000,425.000,-1,1,1,1,0,2,1,0,0,0,2,2,2,2,1,1,1,2
112,-1351.550,-4024.917,242.158,41.806,0.744617,-0.666594,0.034601,0.666302,0.745384,0.021072,-0.039838,0.007364,0.999179,0,0.96000,0.31981,57.600,0.640,375.000,325.000,875.000,400.000,-1,300.000,325.000,300.000,300.000,-1,-1,-1,-1,425.000,775.000,375.000,-1,1,1,1,0,2,1,0,0,0,2,2,2,2,1,1,1,2
113,-1307.295,-3984.403,241.373,42.473,0.736750,-0.675164,0.036778,0.675189,0.737519,0.013621,-0.036321,0.014797,0.999231,0,1.00000,0.33323,60.000,0.666,350.000,300.000,825.000,425.000,-1,300.000,350.000,325.000,300.000,-1,-1,-1,-1,400.000,725.000,325.000,-1,1,1,1,0,2,1,1,0,0,2,2,2,2,1,1,1,2
114,-1263.536,-3943.352,240.932,43.169,0.728459,-0.683959,0.039338,0.684366,0.729127,0.004083,-0.031475,0.023947,0.999218,0,1.00000,0.34831,60.000,0.697,325.000,275.000,800.000,425.000,-1,275.000,325.000,350.000,300.000,-1,-1,-1,-1,375.000,675.000,300.000,-1,1,1,1,0,2,1,1,0,0,2,2,2,2,1,1,1,2
115,-1220.304,-3901.747,240.826,43.898,0.719732,-0.692959,0.042342,0.693791,0.720137,-0.007507,-0.025290,0.034780,0.999075,0,1.00000,0.36446,60.000,0.729,300.000,275.000,750.000,425.000,-1,275.000,300.000,375.000,275.000,-1,-1,-1,-1,375.000,625.000,275.000,-1,1,1,1,1,2,1,1,1,0,2,2,2,2,1,1,1,2
116,-1177.633,-3859.568,240.899,44.662,0.710591,-0.702153,0.045174,0.703392,0.710489,-0.021074,-0.017299,0.046750,0.998757,0,1.00000,0.38187,60.000,0.764,275.000,275.000,725.000,400.000,-1,250.000,300.000,400.000,275.000,-1,-1,-1,-1,350.000,575.000,275.000,-1,1,1,1,1,2,1,1,1,0,2,2,2,2,1,1,1,2
117,-1135.559,-3816.793,241.239,45.463,0.701005,-0.711491,0.048705,0.713113,0.700076,-0.036917,-0.007831,0.060611,0.998131,0,1.00000,0.40071,60.000,0.801,275.000,250.000,675.000,375.000,-1,250.000,275.000,425.000,275.000,-1,625.000,225.000,-1,350.000,550.000,250.000,-1,1,1,1,1,2,1,1,1,0,2,0,0,2,1,1,1,2
118,-1094.121,-3773.401,241.919,46.306,0.690963,-0.720943,0.053019,0.722884,0.688809,-0.054594,0.002839,0.076049,0.997100,0,1.00000,0.42123,60.000,0.842,250.000,250.000,650.000,350.000,-1,225.000,275.000,475.000,275.000,-1,350.000,150.000,775.000,350.000,500.000,225.000,-1,1,1,1,1,2,1,1,1,0,2,0,0,0,1,1,1,2
119,-1053.365,-3729.368,242.934,47.193,0.680461,-0.730466,0.058245,0.732638,0.676581,-0.074029,0.014668,0.093046,0.995554,0,1.00000,0.44370,60.000,0.887,250.000,250.000,625.000,325.000,-1,225.000,250.000,550.000,250.000,-1,300.000,100.000,575.000,325.000,475.000,200.000,-1,1,1,1,1,2,1,1,1,0,2,0,0,0,1,1,1,2
120,-1013.339,-3684.670,244.398,48.130,0.669506,-0.740051,0.063916,0.742279,0.663310,-0.095086,0.027973,0.111104,0.993415,0,1.00000,0.46843,60.000,0.937,225.000,225.000,600.000,300.000,-1,225.000,250.000,675.000,250.000,-1,250.000,75.000,450.000,325.000,425.000,225.000,-1,1,1,1,1,2,1,1,0,0,2,0,0,0,1,1,1,2
121,6231.356,2951.695,2.264,113.565,-0.399796,-0.916594,-0.004187,0.916366,-0.399792,0.020968,-0.020893,0.004546,0.999771,1,0.00000,0.00000,60.000,0.992,-1,375.000,-1,375.000,-1,300.000,300.000,300.000,300.000,-1,725.000,950.000,-1,700.000,650.000,-1,-1,2,0,2,0,2,0,0,0,0,2,0,0,2,0,0,2,2
122,6229.418,2956.087,2.161,113.805,-0.403633,-0.914912,-0.004139,0.914687,-0.403628,0.020783,-0.020686,0.004603,0.999775,0,0.08000,0.12000,4.800,0.240,-1,375.000,-1,375.000,-1,300.000,300.000,300.000,300.000,-1,725.000,950.000,-1,700.000,650.000,-1,-1,2,0,2,0,2,0,0,0,0,2,0,0,2,0,0,2,2
123,6225.470,2964.838,1.956,114.285,-0.411286,-0.911498,-0.004038,0.911281,-0.411278,0.020417,-0.020271,0.004718,0.999783,0,0.16000,0.24000,9.600,0.480,-1,375.000,-1,375.000,-1,325.000,300.000,300.000,300.000,-1,700.000,925.000,-1,700.000,650.000,-1,-1,2,0,2,0,2,0,0,0,0,2,0,0,2,0,0,2,2
124,6219.383,2977.888,1.649,115.005,-0.422710,-0.906257,-0.003874,0.906052,-0.422700,0.019872,-0.019646,0.004890,0.999795,0,0.24000,0.36000,14.400,0.720,-1,375.000,-1,375.000,-1,325.000,300.000,300.000,300.000,-1,700.000,900.000,-1,725.000,650.000,-1,-1,2,0,2,0,2,0,0,0,0,2,0,0,2,0,0,2,2
125,6210.977,2995.150,1.240,115.965,-0.437838,-0.899046,-0.003634,0.898857,-0.437823,0.019153,-0.018811,0.005120,0.999810,0,0.32000,0.48000,19.200,0.960,-1,375.000,-1,375.000,-1,325.000,300.000,300.000,300.000,-1,675.000,875.000,-1,725.000,650.000,-1,-1,2,0,2,0,2,0,0,0,0,2,0,0,2,0,0,2,2
126,6200.019,3016.502,0.728,117.165,-0.456575,-0.889679,-0.003298,0.889508,-0.456555,0.018269,-0.017760,0.005407,0.999828,0,0.40000,0.60000,24.000,1.200,-1,375.000,-1,375.000,-1,325.000,300.000,300.000,300.000,-1,675.000,850.000,-1,725.000,650.000,-1,-1,2,0,2,0,2,0,0,0,0,2,0,0,2,0,0,2,2
127,6186.231,3041.787,0.114,118.605,-0.478794,-0.877923,-0.002844,0.877773,-0.478768,0.017232,-0.016490,0.005755,0.999847,0,0.48000,0.72000,28.800,1.440,-1,400.000,-1,375.000,-1,325.000,325.000,300.000,300.000,-1,650.000,825.000,-1,725.000,650.000,-1,-1,2,0,2,0,2,0,0,0,0,2,0,0,2,0,0,2,2
128,6169.286,3070.801,-0.605,120.285,-0.504332,-0.863507,-0.002237,0.863380,-0.504299,0.016063,-0.014999,0.006170,0.999868,0,0.56000,0.84000,33.600,1.680,-1,400.000,-1,375.000,-1,325.000,325.000,300.000,300.000,-1,650.000,775.000,-1,725.000,650.000,-1,-1,2,0,2,0,2,0,0,0,0,2,0,0,2,0,0,2,2
129,6148.820,3103.293,-1.354,122.205,-0.532981,-0.846125,-0.001806,0.846019,-0.532946,0.014852,-0.013529,0.006388,0.999888,0,0.64000,0.96000,38.400,1.920,-1,400.000,-1,375.000,-1,325.000,300.000,300.000,300.000,-1,625.000,775.000,-1,750.000,675.000,-1,-1,2,0,2,0,2,0,0,0,0,2,0,0,2,0,0,2,2
130,6124.573,3139.046,-1.941,124.144,-0.561290,-0.827616,-0.002409,0.827522,-0.561267,0.013648,-0.012647,0.005667,0.999904,0,0.72000,0.96931,43.200,1.939,-1,400.000,-1,375.000,-1,325.000,300.000,300.000,300.000,-1,675.000,800.000,-1,750.000,675.000,-1,-1,2,0,2,0,2,0,0,0,0,2,0,0,2,0,0,2,2
131,6096.311,3177.844,-2.594,126.072,-0.588805,-0.808270,-0.002962,0.808191,-0.588792,0.012308,-0.011692,0.004853,0.999920,0,0.80000,0.96388,48.000,1.928,-1,400.000,-1,375.000,-1,325.000,300.000,300.000,300.000,-1,675.000,850.000,-1,750.000,675.000,-1,-1,2,0,2,0,2,0,0,0,0,2,0,0,2,0,0,2,2
132,6063.979,3219.587,-3.186,127.760,-0.612345,-0.790582,-0.003588,0.790523,-0.612346,0.010250,-0.010301,0.003440,0.999941,0,0.88000,0.84388,52.800,1.688,-1,400.000,-1,375.000,-1,325.000,300.000,300.000,300.000,-1,650.000,825.000,-1,750.000,675.000,-1,-1,2,0,2,0,2,0,0,0,0,2,0,0,2,0,0,2,2
133,6029.021,3262.439,-3.655,129.207,-0.632115,-0.774863,-0.004276,0.774828,-0.632128,0.007415,-0.008448,0.001374,0.999963,0,0.92171,0.72388,55.302,1.448,-1,400.000,-1,375.000,-1,325.000,325.000,300.000,300.000,-1,625.000,775.000,-1,750.000,675.000,-1,-1,2,0,2,0,2,0,0,0,0,2,0,0,2,0,0,2,2
134,5993.070,3304.565,-4.131,130.478,-0.649133,-0.760660,-0.004844,0.760646,-0.649151,0.004645,-0.006678,-0.000669,0.999977,0,0.92302,0.63513,55.381,1.270,-1,400.000,-1,375.000,-1,325.000,325.000,300.000,300.000,-1,575.000,725.000,-1,775.000,700.000,-1,-1,2,0,2,0,2,0,0,0,0,2,0,0,2,0,0,2,2
135,5956.174,3345.928,-4.638,131.733,-0.665640,-0.746253,-0.005438,0.746256,-0.665656,0.001944,-0.005070,-0.002764,0.999983,0,0.92379,0.62765,55.427,1.255,-1,400.000,-1,375.000,-1,325.000,325.000,300.000,300.000,-1,575.000,700.000,-1,775.000,-1,-1,-1,2,0,2,0,2,0,0,0,0,2,0,0,2,0,2,2,2
136,5918.389,3386.486,-5.026,132.973,-0.681630,-0.731673,-0.005855,0.731686,-0.681642,-0.000033,-0.003967,-0.004306,0.999983,0,0.92386,0.61983,55.431,1.240,-1,400.000,-1,375.000,-1,325.000,325.000,300.000,300.000,-1,575.000,725.000,-1,775.000,-1,-1,-1,2,0,2,0,2,0,0,0,0,2,0,0,2,0,2,2,2
