timestep,x_cm,y_cm,z_cm,yaw_deg,basis_xx,basis_xy,basis_xz,basis_yx,basis_yy,basis_yz,basis_zx,basis_zy,basis_zz,teleport_flag,throttle_cmd,steering_cmd,cmd_move_cm,cmd_turn_deg,lidar_cm_0,lidar_cm_1,lidar_cm_2,lidar_cm_3,lidar_cm_4,lidar_cm_5,lidar_cm_6,lidar_cm_7,lidar_cm_8,lidar_cm_9,lidar_cm_10,lidar_cm_11,lidar_cm_12,lidar_cm_13,lidar_cm_14,lidar_cm_15,lidar_cm_16,lidar_class_0,lidar_class_1,lidar_class_2,lidar_class_3,lidar_class_4,lidar_class_5,lidar_class_6,lidar_class_7,lidar_class_8,lidar_class_9,lidar_class_10,lidar_class_11,lidar_class_12,lidar_class_13,lidar_class_14,lidar_class_15,lidar_class_16
0,-4260.516,4923.204,78.778,50.632,0.634427,-0.772982,0.000191,0.772728,0.634212,-0.025835,0.019849,0.016538,0.999666,1,0.08000,0.12000,4.800,0.240,-1,400.000,-1,400.000,-1,325.000,325.000,300.000,300.000,-1,-1,-1,-1,850.000,825.000,-1,-1,2,0,2,0,2,0,0,0,0,2,2,2,2,0,0,2,2
1,-4254.489,4930.677,78.981,51.112,0.627929,-0.778271,0.000461,0.778026,0.627716,-0.025477,0.019539,0.016356,0.999675,0,0.16000,0.24000,9.600,0.480,-1,400.000,-1,400.000,-1,325.000,325.000,300.000,300.000,-1,-1,-1,-1,850.000,825.000,-1,-1,2,0,2,0,2,0,0,0,0,2,2,2,2,0,0,2,2
2,-4245.591,4941.998,79.261,51.832,0.618099,-0.786100,0.000884,0.785867,0.617888,-0.025050,0.019146,0.016178,0.999686,0,0.24000,0.36000,14.400,0.720,-1,400.000,-1,400.000,-1,325.000,325.000,300.000,300.000,-1,-1,-1,-1,850.000,825.000,-1,-1,2,0,2,0,2,0,0,0,0,2,2,2,2,0,0,2,2
3,-4233.939,4957.258,79.639,52.637,0.606999,-0.794702,0.001449,0.794486,0.606789,-0.024485,0.018579,0.016013,0.999699,0,0.32000,0.40233,19.200,0.805,-1,400.000,-1,400.000,-1,325.000,325.000,300.000,300.000,-1,-1,-1,-1,825.000,825.000,-1,-1,2,0,2,0,2,0,0,0,0,2,2,2,2,0,0,2,2
4,-4219.643,4976.536,80.119,53.442,0.595773,-0.803150,0.002152,0.802956,0.595565,-0.023770,0.017809,0.015890,0.999715,0,0.40000,0.40253,24.000,0.805,-1,400.000,-1,400.000,-1,325.000,325.000,300.000,300.000,-1,-1,-1,-1,825.000,825.000,-1,-1,2,0,2,0,2,0,0,0,0,2,2,2,2,0,0,2,2
5,-4202.816,4999.908,80.698,54.247,0.584421,-0.811445,0.002988,0.811276,0.584215,-0.022908,0.016843,0.015812,0.999733,0,0.48000,0.40277,28.800,0.806,-1,400.000,-1,400.000,-1,325.000,325.000,300.000,300.000,-1,-1,-1,-1,825.000,800.000,-1,-1,2,0,2,0,2,0,0,0,0,2,2,2,2,0,0,2,2
6,-4183.569,5027.450,81.373,55.053,0.572945,-0.819584,0.003938,0.819444,0.572741,-0.021903,0.015696,0.015776,0.999752,0,0.56000,0.40306,33.600,0.806,-1,400.000,-1,400.000,-1,325.000,325.000,300.000,300.000,-1,-1,-1,-1,825.000,800.000,-1,-1,2,0,2,0,2,0,0,0,0,2,2,2,2,0,0,2,2
7,-4162.019,5059.232,81.985,55.860,0.561338,-0.827576,0.004193,0.827453,0.561149,-0.020824,0.014880,0.015159,0.999774,0,0.64000,0.40340,38.400,0.807,-1,400.000,-1,400.000,-1,325.000,325.000,300.000,300.000,-1,-1,-1,-1,825.000,800.000,-1,-1,2,0,2,0,2,0,0,0,0,2,2,2,2,0,0,2,2
8,-4138.594,5094.809,82.653,56.638,0.550042,-0.835125,0.004427,0.835020,0.549868,-0.019665,0.013989,0.014513,0.999797,0,0.70994,0.38892,42.596,0.778,1000.000,400.000,-1,400.000,-1,325.000,325.000,300.000,300.000,-1,-1,-1,-1,825.000,800.000,-1,-1,1,0,2,0,2,0,0,0,0,2,2,2,2,0,0,2,2
9,-4115.593,5130.800,83.313,57.419,0.538596,-0.842551,0.004626,0.842462,0.538437,-0.018541,0.013131,0.013883,0.999817,0,0.71188,0.39055,42.713,0.781,950.000,400.000,-1,400.000,-1,325.000,325.000,300.000,300.000,-1,-1,-1,-1,800.000,800.000,-1,-1,1,0,2,0,2,0,0,0,0,2,2,2,2,0,0,2,2
10,-4093.026,5167.202,83.947,58.204,0.527001,-0.849851,0.004761,0.849776,0.526858,-0.017368,0.012252,0.013199,0.999838,0,0.71383,0.39219,42.830,0.784,925.000,400.000,-1,400.000,-1,325.000,325.000,300.000,300.000,-1,-1,-1,-1,800.000,800.000,-1,-1,1,0,2,0,2,0,0,0,0,2,2,2,2,1,0,2,2
11,-4070.902,5204.010,84.529,58.991,0.515256,-0.857023,0.004785,0.856962,0.515130,-0.016023,0.011267,0.012356,0.999860,0,0.71576,0.39385,42.946,0.788,875.000,400.000,-1,400.000,-1,325.000,325.000,300.000,300.000,-1,-1,-1,-1,775.000,800.000,-1,-1,1,0,2,0,2,0,0,0,0,2,2,2,2,1,0,2,2
12,-4049.229,5241.221,85.105,59.782,0.503363,-0.864062,0.004770,0.864013,0.503254,-0.014722,0.010320,0.011532,0.999880,0,0.71770,0.39553,43.062,0.791,850.000,400.000,-1,400.000,-1,325.000,325.000,300.000,300.000,-1,-1,-1,-1,750.000,800.000,-1,-1,1,0,2,0,2,0,0,0,0,2,2,2,2,1,0,2,2
13,-4028.018,5278.829,85.672,60.577,0.491323,-0.870964,0.004720,0.870926,0.491229,-0.013466,0.009410,0.010727,0.999898,0,0.71962,0.39723,43.177,0.794,800.000,400.000,-1,400.000,-1,325.000,325.000,300.000,300.000,-1,-1,-1,-1,750.000,775.000,-1,-1,1,0,2,0,2,0,0,0,0,2,2,2,2,1,0,2,2
14,-4007.277,5316.829,86.232,61.375,0.479137,-0.877728,0.004635,0.877699,0.479056,-0.012256,0.008537,0.009940,0.999914,0,0.72153,0.39896,43.292,0.798,775.000,400.000,-1,400.000,-1,325.000,325.000,300.000,300.000,-1,-1,-1,-1,725.000,775.000,950.000,-1,1,0,2,0,2,0,0,0,0,2,2,2,2,1,0,1,2
15,-3984.650,5359.265,86.639,61.933,0.470565,-0.882352,0.004883,0.882328,0.470487,-0.011823,0.008134,0.009872,0.999918,0,0.80153,0.27896,48.092,0.558,725.000,400.000,-1,400.000,-1,325.000,325.000,300.000,300.000,-1,-1,-1,-1,700.000,775.000,900.000,-1,1,0,2,0,2,0,0,0,0,2,2,2,2,1,0,1,2
16,-3961.437,5403.387,87.036,62.251,0.465660,-0.884949,0.005194,0.884931,0.465584,-0.011385,0.007657,0.009898,0.999922,0,0.83092,0.15896,49.855,0.318,700.000,400.000,-1,400.000,-1,325.000,325.000,300.000,300.000,-1,-1,-1,-1,700.000,775.000,850.000,-1,1,0,2,0,2,0,0,0,0,2,2,2,2,1,0,1,2
17,-3938.235,5447.632,87.368,62.328,0.464454,-0.885579,0.005749,0.885570,0.464378,-0.010903,0.006986,0.010155,0.999924,0,0.83267,0.03896,49.960,0.078,650.000,400.000,-1,400.000,-1,325.000,325.000,300.000,300.000,-1,-1,-1,-1,675.000,775.000,825.000,-1,1,0,2,0,2,0,0,0,0,2,2,2,2,1,0,1,2
18,-3914.867,5491.891,87.695,62.166,0.466954,-0.884259,0.006267,0.884259,0.466880,-0.010438,0.006304,0.010415,0.999926,0,0.83414,-0.08104,50.049,-0.162,625.000,400.000,-1,400.000,-1,325.000,325.000,300.000,300.000,-1,-1,-1,-1,675.000,775.000,800.000,-1,1,0,2,0,2,0,0,0,0,2,2,2,2,1,0,1,2
19,-3891.157,5536.045,88.016,61.764,0.473145,-0.880959,0.006753,0.880967,0.473073,-0.009995,0.005611,0.010678,0.999927,0,0.83529,-0.20104,50.118,-0.402,600.000,400.000,-1,400.000,-1,325.000,325.000,300.000,300.000,-1,-1,-1,-1,675.000,775.000,825.000,-1,1,0,2,0,2,0,0,0,0,2,2,2,2,1,0,1,2
20,-3866.931,5579.970,88.322,61.122,0.482984,-0.875600,0.007179,0.875615,0.482914,-0.009587,0.004928,0.010916,0.999928,0,0.83605,-0.32104,50.163,-0.642,550.000,400.000,-1,400.000,-1,325.000,325.000,300.000,300.000,-1,-1,-1,-1,700.000,775.000,1000.000,-1,1,1,2,0,2,0,0,0,0,2,2,2,2,1,0,1,2
21,-3842.023,5623.532,88.599,60.240,0.496402,-0.868060,0.007491,0.868082,0.496335,-0.009226,0.004291,0.011083,0.999929,0,0.83634,-0.44104,50.181,-0.882,550.000,375.000,-1,400.000,-1,325.000,325.000,300.000,300.000,-1,-1,-1,-1,750.000,750.000,1000.000,-1,1,1,2,0,2,0,0,0,0,2,2,2,2,1,0,1,2
22,-3816.274,5666.586,88.867,59.118,0.513302,-0.858172,0.007806,0.858200,0.513238,-0.008896,0.003629,0.011265,0.999930,0,0.83609,-0.56104,50.166,-1.122,525.000,375.000,-1,400.000,-1,325.000,325.000,300.000,300.000,-1,-1,-1,-1,775.000,750.000,1000.000,-1,1,1,2,0,2,0,0,0,0,2,2,2,2,0,0,1,2
23,-3789.538,5708.971,89.111,57.756,0.533552,-0.845729,0.008061,0.845762,0.533491,-0.008610,0.002981,0.011411,0.999930,0,0.83522,-0.68104,50.113,-1.362,550.000,400.000,-1,400.000,-1,325.000,325.000,300.000,300.000,-1,-1,-1,-1,775.000,750.000,975.000,-1,1,0,2,0,2,0,0,0,0,2,2,2,2,0,0,1,2
24,-3761.679,5750.514,89.263,56.154,0.556986,-0.830484,0.007913,0.830518,0.556928,-0.008393,0.002564,0.011247,0.999933,0,0.83365,-0.80104,50.019,-1.602,600.000,400.000,-1,400.000,-1,325.000,325.000,300.000,300.000,-1,-1,-1,-1,775.000,750.000,950.000,-1,1,0,2,0,2,0,0,0,0,2,2,2,2,0,0,1,2
25,-3732.581,5791.025,89.400,54.312,0.583391,-0.812154,0.007776,0.812189,0.583337,-0.008191,0.002116,0.011095,0.999936,0,0.83130,-0.92104,49.878,-1.842,775.000,400.000,-1,400.000,-1,325.000,325.000,300.000,300.000,-1,-1,-1,-1,750.000,750.000,925.000,-1,1,0,2,0,2,0,0,0,0,2,2,2,2,0,0,1,2
26,-3702.309,5830.427,89.827,52.465,0.609266,-0.792925,0.008037,0.792962,0.609197,-0.009556,0.002681,0.012195,0.999922,0,0.82813,-0.92328,49.688,-1.847,775.000,400.000,-1,400.000,-1,325.000,325.000,300.000,300.000,-1,-1,-1,-1,775.000,775.000,925.000,-1,1,0,2,0,2,0,0,0,0,2,2,2,2,0,0,1,2
27,-3670.936,5868.665,90.145,50.632,0.634323,-0.773026,0.008106,0.773063,0.634243,-0.010459,0.002945,0.012901,0.999912,0,0.82437,-0.91654,49.462,-1.833,775.000,400.000,-1,400.000,-1,325.000,325.000,300.000,300.000,-1,-1,-1,-1,775.000,775.000,925.000,-1,1,0,2,0,2,0,0,1,0,2,2,2,2,1,0,1,2
28,-3638.533,5905.695,89.991,48.813,0.658537,-0.752509,0.007691,0.752546,0.658478,-0.009013,0.001718,0.011723,0.999930,0,0.82009,-0.90977,49.205,-1.820,750.000,400.000,-1,400.000,-1,325.000,325.000,275.000,300.000,-1,-1,-1,-1,775.000,775.000,925.000,-1,1,0,2,0,2,0,0,1,0,2,2,2,2,1,0,1,2
29,-3605.166,5941.472,89.825,46.997,0.682042,-0.731276,0.007371,0.731313,0.682000,-0.007575,0.000512,0.010557,0.999944,0,0.81536,-0.90788,48.922,-1.816,725.000,400.000,-1,400.000,-1,325.000,325.000,250.000,300.000,-1,-1,-1,-1,750.000,750.000,-1,-1,1,0,2,0,2,0,0,1,0,2,2,2,2,1,0,2,2
30,-3570.900,5975.958,89.886,45.183,0.704844,-0.709325,0.007291,0.709363,0.704805,-0.007407,0.000116,0.010393,0.999946,0,0.81025,-0.90688,48.615,-1.814,725.000,400.000,-1,400.000,-1,325.000,325.000,250.000,300.000,-1,-1,-1,-1,750.000,750.000,-1,-1,1,0,2,0,2,0,0,1,0,2,2,2,2,1,0,2,2
31,-3535.796,6009.121,89.881,43.371,0.726924,-0.686679,0.007239,0.686718,0.726886,-0.007458,-0.000141,0.010393,0.999946,0,0.80486,-0.90619,48.292,-1.812,725.000,400.000,-1,400.000,-1,325.000,325.000,250.000,300.000,-1,-1,-1,-1,750.000,775.000,-1,-1,1,0,2,0,2,0,0,1,0,2,2,2,2,1,0,2,2
32,-3499.910,6040.936,89.850,41.559,0.748269,-0.663356,0.007188,0.663395,0.748231,-0.007548,-0.000371,0.010416,0.999946,0,0.79929,-0.90583,47.957,-1.812,725.000,400.000,-1,400.000,-1,325.000,325.000,250.000,300.000,-1,-1,-1,-1,775.000,775.000,-1,-1,1,0,2,0,2,0,0,1,0,2,2,2,2,0,0,2,2
33,-3463.297,6071.384,89.806,39.748,0.768865,-0.639372,0.007132,0.639411,0.768827,-0.007616,-0.000614,0.010416,0.999946,0,0.79366,-0.90577,47.619,-1.812,800.000,400.000,-1,400.000,-1,325.000,325.000,250.000,300.000,-1,-1,-1,-1,775.000,775.000,-1,-1,1,0,2,0,2,0,0,1,0,2,2,2,2,0,0,2,2
34,-3426.004,6100.453,89.750,37.935,0.788698,-0.614741,0.007074,0.614781,0.788661,-0.007663,-0.000868,0.010393,0.999946,0,0.78807,-0.90603,47.284,-1.812,-1,400.000,-1,400.000,-1,325.000,325.000,250.000,300.000,-1,-1,-1,-1,775.000,775.000,-1,-1,2,0,2,0,2,0,0,1,0,2,2,2,2,0,0,2,2
35,-3388.073,6128.135,89.680,36.122,0.807753,-0.589479,0.007018,0.589520,0.807717,-0.007691,-0.001135,0.010349,0.999946,0,0.78264,-0.90659,46.959,-1.813,-1,400.000,-1,400.000,-1,325.000,325.000,275.000,300.000,-1,-1,-1,-1,775.000,775.000,-1,-1,2,0,2,0,2,0,0,1,0,2,2,2,2,0,0,2,2
36,-3349.540,6154.428,89.594,34.307,0.826016,-0.563603,0.006986,0.563644,0.825982,-0.007705,-0.001427,0.010302,0.999946,0,0.77747,-0.90745,46.648,-1.815,-1,400.000,-1,400.000,-1,325.000,325.000,300.000,300.000,-1,-1,-1,-1,775.000,775.000,-1,-1,2,0,2,0,2,0,0,1,0,2,2,2,2,0,0,2,2
37,-3310.437,6179.330,89.540,32.490,0.843470,-0.537126,0.007313,0.537172,0.843436,-0.007826,-0.001965,0.010529,0.999943,0,0.77264,-0.90858,46.359,-1.817,-1,400.000,-1,400.000,-1,325.000,325.000,300.000,300.000,875.000,-1,-1,-1,775.000,775.000,-1,-1,2,0,2,0,2,0,0,0,0,1,2,2,2,0,0,2,2
38,-3270.791,6202.842,89.763,30.670,0.860091,-0.510061,0.009039,0.510129,0.860056,-0.008484,-0.003447,0.011908,0.999923,0,0.76823,-0.90998,46.094,-1.820,-1,400.000,-1,400.000,-1,325.000,325.000,300.000,300.000,700.000,-1,-1,-1,775.000,750.000,-1,-1,2,0,2,0,2,0,0,0,0,1,2,2,2,0,0,2,2
39,-3234.707,6222.918,89.603,29.090,0.873828,-0.486154,0.008869,0.486222,0.873794,-0.008462,-0.003636,0.011707,0.999925,0,0.68823,-0.78998,41.294,-1.580,-1,400.000,-1,400.000,-1,325.000,325.000,300.000,300.000,625.000,-1,-1,-1,775.000,775.000,-1,-1,2,0,2,0,2,0,0,0,0,1,2,2,2,0,0,2,2
40,-3202.411,6239.910,89.187,27.750,0.884967,-0.465595,0.007456,0.465645,0.884936,-0.007872,-0.002933,0.010438,0.999941,0,0.60823,-0.66998,36.494,-1.340,-1,400.000,-1,400.000,-1,325.000,325.000,300.000,300.000,600.000,-1,-1,-1,775.000,775.000,-1,-1,2,0,2,0,2,0,0,0,0,1,2,2,2,0,0,2,2
41,-3172.602,6254.870,89.031,26.650,0.893742,-0.448522,0.007264,0.448571,0.893714,-0.007766,-0.003009,0.010200,0.999943,0,0.55587,-0.54998,33.352,-1.100,-1,400.000,-1,400.000,-1,325.000,325.000,300.000,300.000,575.000,-1,-1,-1,775.000,775.000,-1,-1,2,0,2,0,2,0,0,0,0,1,2,2,2,0,0,2,2
42,-3142.665,6269.336,88.919,25.790,0.900373,-0.435058,0.007281,0.435108,0.900345,-0.007748,-0.003185,0.010144,0.999943,0,0.55414,-0.42998,33.249,-0.860,-1,400.000,-1,400.000,-1,325.000,325.000,300.000,300.000,575.000,-1,-1,-1,775.000,775.000,-1,-1,2,0,2,0,2,0,0,0,0,1,2,2,2,0,0,2,2
43,-3112.641,6283.445,88.801,25.170,0.905027,-0.425291,0.007288,0.425341,0.905000,-0.007700,-0.003321,0.010069,0.999944,0,0.55289,-0.30998,33.173,-0.620,-1,400.000,-1,400.000,-1,325.000,325.000,300.000,300.000,600.000,-1,-1,-1,775.000,775.000,-1,-1,2,0,2,0,2,0,0,0,0,1,2,2,2,0,0,2,2
44,-3082.570,6297.334,88.682,24.791,0.907827,-0.419281,0.007283,0.419330,0.907802,-0.007626,-0.003414,0.009977,0.999944,0,0.55206,-0.18998,33.124,-0.380,-1,400.000,-1,400.000,-1,325.000,325.000,300.000,300.000,600.000,-1,-1,-1,775.000,775.000,-1,-1,2,0,2,0,2,0,0,0,0,1,2,2,2,0,0,2,2
45,-3052.489,6311.139,88.566,24.651,0.908849,-0.417062,0.007259,0.417111,0.908824,-0.007541,-0.003452,0.009882,0.999945,0,0.55163,-0.06998,33.098,-0.140,-1,400.000,-1,400.000,-1,325.000,325.000,300.000,300.000,600.000,-1,-1,-1,775.000,775.000,-1,-1,2,0,2,0,2,0,0,0,0,1,2,2,2,0,0,2,2
46,-3022.437,6324.993,88.440,24.751,0.908119,-0.418649,0.007278,0.418698,0.908095,-0.007474,-0.003480,0.009835,0.999946,0,0.55153,0.05002,33.092,0.100,-1,400.000,-1,400.000,-1,325.000,325.000,300.000,300.000,625.000,-1,-1,-1,775.000,775.000,-1,-1,2,0,2,0,2,0,0,0,0,1,2,2,2,0,0,2,2
47,-2990.358,6340.014,88.292,25.091,0.905618,-0.424031,0.007364,0.424080,0.905594,-0.007432,-0.003518,0.009854,0.999945,0,0.59036,0.17002,35.421,0.340,-1,400.000,-1,400.000,-1,325.000,325.000,300.000,300.000,650.000,-1,-1,-1,775.000,775.000,-1,-1,2,0,2,0,2,0,0,0,0,1,2,2,2,0,0,2,2
48,-2958.500,6355.326,88.147,25.671,0.901278,-0.433177,0.007453,0.433226,0.901255,-0.007386,-0.003518,0.009886,0.999945,0,0.58912,0.29002,35.347,0.580,-1,400.000,-1,400.000,-1,325.000,325.000,300.000,300.000,675.000,-1,-1,-1,775.000,775.000,-1,-1,2,0,2,0,2,0,0,0,0,1,2,2,2,0,0,2,2
49,-2926.851,6370.936,88.006,26.255,0.896816,-0.442340,0.007542,0.442390,0.896793,-0.007328,-0.003523,0.009909,0.999945,0,0.58814,0.29200,35.289,0.584,-1,400.000,-1,400.000,-1,325.000,325.000,300.000,300.000,700.000,-1,-1,-1,775.000,775.000,-1,-1,2,0,2,0,2,0,0,0,0,1,2,2,2,0,0,2,2
50,-2895.415,6386.842,87.870,26.838,0.892263,-0.451453,0.007631,0.451503,0.892240,-0.007259,-0.003532,0.009923,0.999945,0,0.58719,0.29183,35.231,0.584,-1,400.000,-1,400.000,-1,325.000,325.000,300.000,300.000,725.000,-1,-1,-1,800.000,775.000,-1,-1,2,0,2,0,2,0,0,1,0,1,2,2,2,0,0,2,2
51,-2864.192,6403.042,87.739,27.422,0.887620,-0.460511,0.007719,0.460562,0.887598,-0.007178,-0.003546,0.009927,0.999944,0,0.58625,0.29161,35.175,0.583,-1,400.000,-1,400.000,-1,325.000,325.000,300.000,300.000,725.000,-1,-1,-1,800.000,800.000,-1,-1,2,0,2,0,2,0,0,1,0,1,2,2,2,0,0,2,2
52,-2833.185,6419.532,87.613,28.004,0.882891,-0.469514,0.007806,0.469565,0.882869,-0.007086,-0.003565,0.009922,0.999944,0,0.58533,0.29134,35.120,0.583,-1,400.000,-1,400.000,-1,325.000,325.000,300.000,300.000,750.000,-1,-1,-1,800.000,800.000,-1,-1,2,0,2,0,2,0,0,1,0,1,2,2,2,0,0,2,2
53,-2802.394,6436.310,87.491,28.586,0.878075,-0.478458,0.007892,0.478510,0.878054,-0.006982,-0.003589,0.009907,0.999944,0,0.58442,0.29102,35.065,0.582,-1,400.000,-1,400.000,-1,325.000,325.000,300.000,300.000,775.000,-1,-1,-1,800.000,800.000,-1,-1,2,0,2,0,2,0,0,1,0,1,2,2,2,0,0,2,2
54,-2771.821,6453.374,87.363,29.168,0.873175,-0.487342,0.007968,0.487394,0.873155,-0.006914,-0.003588,0.009921,0.999944,0,0.58354,0.29066,35.013,0.581,-1,400.000,-1,400.000,-1,325.000,325.000,300.000,300.000,800.000,-1,-1,-1,800.000,800.000,-1,-1,2,0,2,0,2,0,0,1,0,1,2,2,2,0,0,2,2
55,-2737.173,6472.984,87.216,29.509,0.870255,-0.492535,0.008046,0.492587,0.870236,-0.006851,-0.003627,0.009926,0.999944,0,0.66354,0.17066,39.813,0.341,-1,400.000,-1,400.000,-1,325.000,325.000,300.000,300.000,825.000,-1,-1,-1,800.000,800.000,-1,-1,2,0,2,0,2,0,0,1,0,1,2,2,2,0,0,2,2
56,-2698.386,6495.027,87.049,29.610,0.869382,-0.494073,0.008143,0.494126,0.869364,-0.006733,-0.003753,0.009877,0.999944,0,0.74354,0.05066,44.613,0.101,-1,400.000,-1,400.000,-1,325.000,325.000,300.000,300.000,850.000,-1,-1,-1,800.000,800.000,-1,-1,2,0,2,0,2,0,0,0,0,1,2,2,2,0,0,2,2
57,-2655.368,6519.337,86.752,29.472,0.870571,-0.491967,0.008652,0.492025,0.870557,-0.006567,-0.004301,0.009974,0.999941,0,0.82354,-0.06934,49.413,-0.139,-1,400.000,-1,400.000,-1,325.000,325.000,300.000,300.000,875.000,-1,-1,-1,800.000,800.000,-1,-1,2,0,2,0,2,0,0,0,0,1,2,2,2,0,0,2,2
58,-2607.995,6545.697,86.425,29.093,0.873798,-0.486203,0.009211,0.486265,0.873789,-0.006352,-0.004961,0.010029,0.999937,0,0.90354,-0.18934,54.213,-0.379,-1,400.000,-1,400.000,-1,325.000,325.000,300.000,300.000,925.000,-1,-1,-1,800.000,800.000,-1,-1,2,0,2,0,2,0,0,0,0,1,2,2,2,0,0,2,2
59,-2558.363,6572.616,86.080,28.474,0.878990,-0.476739,0.009799,0.476806,0.878987,-0.006100,-0.005705,0.010034,0.999933,0,0.94104,-0.30934,56.462,-0.619,-1,400.000,-1,400.000,-1,325.000,325.000,300.000,300.000,950.000,-1,-1,-1,800.000,800.000,-1,-1,2,0,2,0,2,0,0,0,0,1,2,2,2,0,0,2,2
60,-2508.452,6598.726,85.719,27.616,0.886029,-0.463513,0.010360,0.463584,0.886034,-0.005837,-0.006473,0.009974,0.999929,0,0.93879,-0.42934,56.327,-0.859,-1,400.000,-1,400.000,-1,325.000,325.000,300.000,300.000,950.000,-1,-1,-1,800.000,825.000,-1,-1,2,0,2,0,2,0,0,0,0,1,2,2,2,0,0,2,2
61,-2458.245,6623.972,85.283,26.695,0.893355,-0.449220,0.010882,0.449295,0.893365,-0.005743,-0.007142,0.010019,0.999924,0,0.93663,-0.46022,56.198,-0.920,-1,400.000,-1,400.000,-1,325.000,325.000,300.000,300.000,950.000,-1,-1,-1,800.000,825.000,-1,-1,2,0,2,0,2,0,0,0,0,1,2,2,2,0,0,2,2
62,-2407.738,6648.356,84.746,25.771,0.900478,-0.434749,0.011515,0.434826,0.900499,-0.005200,-0.008109,0.009690,0.999920,0,0.93475,-0.46222,56.085,-0.924,-1,400.000,-1,400.000,-1,325.000,325.000,300.000,300.000,925.000,-1,-1,-1,800.000,825.000,-1,-1,2,0,2,0,2,0,0,0,0,1,2,2,2,0,0,2,2
63,-2356.925,6671.880,84.200,24.842,0.907399,-0.420095,0.012167,0.420173,0.907432,-0.004683,-0.009074,0.009362,0.999915,0,0.93323,-0.46445,55.994,-0.929,-1,400.000,-1,400.000,-1,325.000,325.000,300.000,300.000,875.000,-1,-1,-1,800.000,825.000,-1,-1,2,0,2,0,2,0,0,0,0,1,2,2,2,0,0,2,2
64,-2305.799,6694.544,83.645,23.908,0.914115,-0.405252,0.012837,0.405331,0.914160,-0.004192,-0.010036,0.009035,0.999909,0,0.93207,-0.46689,55.924,-0.934,-1,400.000,-1,400.000,-1,325.000,325.000,300.000,300.000,850.000,-1,-1,-1,800.000,825.000,-1,-1,2,0,2,0,2,0,0,0,0,1,2,2,2,0,0,2,2
65,-2254.352,6716.349,83.080,22.969,0.920624,-0.390216,0.013525,0.390296,0.920682,-0.003728,-0.010997,0.008710,0.999902,0,0.93128,-0.46954,55.877,-0.939,-1,400.000,-1,400.000,-1,325.000,325.000,300.000,300.000,825.000,-1,-1,-1,800.000,825.000,-1,-1,2,0,2,0,2,0,0,0,0,1,2,2,2,0,0,2,2
66,-2202.576,6737.293,82.507,22.024,0.926922,-0.374984,0.014229,0.375064,0.926993,-0.003291,-0.011956,0.008387,0.999893,0,0.93087,-0.47237,55.852,-0.945,-1,400.000,-1,400.000,-1,325.000,325.000,300.000,300.000,850.000,-1,-1,-1,800.000,825.000,-1,-1,2,0,2,0,2,0,0,0,0,1,2,2,2,0,0,2,2
67,-2150.463,6757.375,81.914,21.073,0.933006,-0.359552,0.014904,0.359630,0.933091,-0.002857,-0.012880,0.008026,0.999885,0,0.93081,-0.47538,55.849,-0.951,-1,400.000,-1,400.000,-1,325.000,325.000,300.000,300.000,850.000,-1,-1,-1,800.000,850.000,-1,-1,2,0,2,0,2,0,0,0,0,1,2,2,2,0,0,2,2
68,-2098.004,6776.588,81.283,20.116,0.938873,-0.343916,0.015468,0.343991,0.938970,-0.002373,-0.013708,0.007549,0.999878,0,0.93110,-0.47856,55.866,-0.957,-1,400.000,-1,400.000,-1,325.000,325.000,300.000,300.000,875.000,-1,-1,-1,800.000,850.000,-1,-1,2,0,2,0,2,0,0,0,0,1,2,2,2,0,0,2,2
69,-2045.194,6794.930,80.582,19.152,0.944517,-0.328074,0.015948,0.328148,0.944624,-0.002170,-0.014353,0.007283,0.999870,0,0.93174,-0.48190,55.904,-0.964,-1,400.000,-1,400.000,-1,325.000,325.000,300.000,300.000,925.000,-1,-1,-1,825.000,850.000,-1,-1,2,0,2,0,2,0,0,0,0,1,2,2,2,0,0,2,2
70,-1992.026,6812.392,79.662,18.182,0.949922,-0.312022,0.017036,0.312108,0.950043,-0.002597,-0.015375,0.007784,0.999852,0,0.93270,-0.48539,55.962,-0.971,-1,400.000,-1,400.000,-1,325.000,325.000,300.000,300.000,950.000,-1,-1,-1,825.000,850.000,-1,-1,2,0,2,0,2,0,0,0,0,1,2,2,2,0,0,2,2
71,-1938.495,6828.966,78.636,17.204,0.955084,-0.295758,0.018469,0.295865,0.955224,-0.003316,-0.016661,0.008632,0.999824,0,0.93397,-0.48902,56.038,-0.978,-1,400.000,-1,400.000,-1,325.000,325.000,300.000,300.000,1000.000,-1,-1,-1,825.000,850.000,-1,-1,2,0,2,0,2,0,0,0,0,1,2,2,2,0,0,2,2
72,-1884.597,6844.643,77.545,16.218,0.960008,-0.279282,0.019654,0.279408,0.960164,-0.003940,-0.017771,0.009274,0.999799,0,0.93553,-0.49278,56.132,-0.986,-1,400.000,-1,400.000,-1,325.000,325.000,300.000,300.000,-1,-1,-1,-1,825.000,850.000,-1,-1,2,0,2,0,2,0,0,0,0,2,2,2,2,0,0,2,2
73,-1830.329,6859.413,76.184,15.225,0.964677,-0.262596,0.021032,0.262723,0.964865,-0.003469,-0.019382,0.008872,0.999773,0,0.93737,-0.49667,56.242,-0.993,-1,400.000,-1,400.000,-1,325.000,325.000,300.000,300.000,-1,-1,-1,-1,800.000,825.000,-1,-1,2,0,2,0,2,0,0,0,0,2,2,2,2,0,0,2,2
74,-1775.688,6873.263,74.781,14.223,0.969086,-0.245695,0.022498,0.245820,0.969311,-0.002918,-0.021091,0.008359,0.999743,0,0.93947,-0.50067,56.368,-1.001,-1,400.000,-1,400.000,-1,325.000,325.000,300.000,300.000,-1,-1,-1,-1,800.000,825.000,-1,-1,2,0,2,0,2,0,0,0,0,2,2,2,2,0,0,2,2
75,-1725.537,6885.268,73.495,13.462,0.972233,-0.232794,0.023858,0.232917,0.972493,-0.002487,-0.022623,0.007974,0.999712,0,0.85947,-0.38067,51.568,-0.761,-1,400.000,-1,400.000,-1,325.000,325.000,300.000,300.000,-1,-1,-1,-1,800.000,825.000,-1,-1,2,0,2,0,2,0,0,0,0,2,2,2,2,0,0,2,2
76,-1679.286,6895.895,72.311,12.941,0.974280,-0.223936,0.025120,0.224059,0.974573,-0.002141,-0.024002,0.007714,0.999682,0,0.79094,-0.26067,47.456,-0.521,-1,400.000,-1,400.000,-1,325.000,325.000,300.000,300.000,-1,-1,-1,-1,800.000,825.000,-1,-1,2,0,2,0,2,0,0,0,0,2,2,2,2,0,0,2,2
77,-1632.848,6906.326,71.125,12.659,0.975335,-0.219148,0.026393,0.219271,0.975662,-0.001832,-0.025349,0.007574,0.999650,0,0.79325,-0.14067,47.595,-0.281,-1,400.000,-1,400.000,-1,325.000,325.000,300.000,300.000,-1,-1,-1,-1,775.000,825.000,-1,-1,2,0,2,0,2,0,0,0,0,2,2,2,2,0,0,2,2
78,-1586.259,6916.755,69.939,12.618,0.975457,-0.218444,0.027671,0.218569,0.975820,-0.001545,-0.026664,0.007555,0.999616,0,0.79569,-0.02067,47.741,-0.041,-1,400.000,-1,400.000,-1,325.000,325.000,300.000,300.000,-1,-1,-1,-1,775.000,800.000,-1,-1,2,0,2,0,2,0,0,0,0,2,2,2,2,0,0,2,2
79,-1539.559,6927.379,68.753,12.817,0.974656,-0.221826,0.028950,0.221955,0.975056,-0.001264,-0.027948,0.007658,0.999580,0,0.79822,0.09933,47.893,0.199,-1,400.000,-1,400.000,-1,325.000,325.000,300.000,300.000,-1,-1,-1,-1,775.000,800.000,-1,-1,2,0,2,0,2,0,0,0,0,2,2,2,2,0,0,2,2
80,-1492.790,6938.396,67.569,13.255,0.972890,-0.229284,0.030227,0.229418,0.973328,-0.000974,-0.029197,0.007882,0.999543,0,0.80081,0.21933,48.049,0.439,-1,400.000,-1,400.000,-1,325.000,325.000,300.000,300.000,-1,-1,-1,-1,775.000,800.000,-1,-1,2,0,2,0,2,0,0,0,0,2,2,2,2,0,0,2,2
81,-1446.002,6950.005,66.390,13.934,0.970065,-0.240796,0.031495,0.240936,0.970541,-0.000660,-0.030408,0.008229,0.999504,0,0.80344,0.33933,48.207,0.679,-1,400.000,-1,400.000,-1,325.000,325.000,300.000,300.000,-1,-1,-1,-1,750.000,800.000,-1,-1,2,0,2,0,2,0,0,0,0,2,2,2,2,0,0,2,2
82,-1399.405,6962.362,65.222,14.853,0.966036,-0.256325,0.032747,0.256472,0.966552,-0.000309,-0.031572,0.008697,0.999464,0,0.80347,0.45933,48.208,0.919,-1,400.000,-1,400.000,-1,325.000,325.000,300.000,300.000,-1,-1,-1,-1,750.000,800.000,-1,-1,2,0,2,0,2,0,0,0,0,2,2,2,2,0,0,2,2
83,-1353.067,6975.659,63.817,16.011,0.960625,-0.275813,0.033576,0.276000,0.961157,-0.000979,-0.032002,0.010207,0.999436,0,0.80347,0.57933,48.208,1.159,-1,400.000,-1,400.000,-1,325.000,325.000,300.000,300.000,-1,-1,-1,-1,750.000,775.000,-1,-1,2,0,2,0,2,0,0,0,0,2,2,2,2,0,0,2,2
84,-1307.067,6990.084,62.359,17.410,0.953571,-0.299185,0.034492,0.299424,0.954118,-0.001854,-0.032355,0.012096,0.999403,0,0.80347,0.69933,48.208,1.399,-1,400.000,-1,400.000,-1,325.000,325.000,300.000,300.000,-1,-1,-1,-1,750.000,775.000,-1,-1,2,0,2,0,2,0,0,0,0,2,2,2,2,0,0,2,2
85,-1261.434,7005.630,60.915,18.813,0.945923,-0.322450,0.035442,0.322742,0.946483,-0.002702,-0.032674,0.013994,0.999368,0,0.80347,0.70155,48.208,1.403,-1,400.000,-1,400.000,-1,325.000,325.000,300.000,300.000,-1,-1,-1,-1,725.000,750.000,-1,-1,2,0,2,0,2,0,0,0,0,2,2,2,2,0,0,2,2
86,-1216.196,7022.289,59.384,20.216,0.937728,-0.345522,0.035794,0.345848,0.938285,-0.003139,-0.032501,0.015322,0.999354,0,0.80347,0.70155,48.208,1.403,-1,400.000,-1,400.000,-1,325.000,325.000,300.000,300.000,-1,-1,-1,-1,725.000,750.000,-1,-1,2,0,2,0,2,0,0,0,0,2,2,2,2,0,0,2,2
87,-1171.380,7040.051,57.840,21.619,0.928980,-0.368387,0.035879,0.368736,0.929528,-0.003383,-0.032104,0.016373,0.999350,0,0.80347,0.70155,48.208,1.403,-1,400.000,-1,400.000,-1,325.000,325.000,300.000,300.000,-1,-1,-1,-1,725.000,750.000,-1,-1,2,0,2,0,2,0,0,0,0,2,2,2,2,0,0,2,2
88,-1127.011,7058.905,56.321,23.022,0.919676,-0.391031,0.035938,0.391400,0.920214,-0.003589,-0.031667,0.017367,0.999348,0,0.80347,0.70155,48.208,1.403,-1,375.000,-1,400.000,-1,325.000,325.000,300.000,300.000,-1,-1,-1,-1,725.000,750.000,-1,-1,2,0,2,0,2,0,0,0,0,2,2,2,2,0,0,2,2
89,-1083.118,7078.840,54.837,24.425,0.909822,-0.413439,0.035956,0.413828,0.910347,-0.003802,-0.031161,0.018339,0.999346,0,0.80347,0.70155,48.208,1.403,-1,375.000,-1,400.000,-1,325.000,325.000,300.000,300.000,-1,-1,-1,-1,725.000,725.000,-1,-1,2,0,2,0,2,0,0,0,0,2,2,2,2,0,0,2,2
90,-1039.726,7099.843,53.389,25.829,0.899424,-0.435598,0.035935,0.436006,0.899935,-0.004029,-0.030584,0.019291,0.999346,0,0.80347,0.70155,48.208,1.403,-1,375.000,-1,400.000,-1,325.000,325.000,300.000,300.000,-1,-1,-1,-1,725.000,725.000,-1,-1,2,0,2,0,2,0,0,0,0,2,2,2,2,0,0,2,2
91,-996.861,7121.903,51.979,27.232,0.888488,-0.457495,0.035875,0.457922,0.888982,-0.004272,-0.029937,0.020224,0.999347,0,0.80347,0.70155,48.208,1.403,-1,375.000,-1,400.000,-1,325.000,325.000,300.000,300.000,-1,-1,-1,-1,725.000,725.000,-1,-1,2,0,2,0,2,0,0,0,0,2,2,2,2,0,0,2,2
92,-954.549,7145.005,50.609,28.635,0.877022,-0.479116,0.035777,0.479561,0.877497,-0.004538,-0.029220,0.021137,0.999350,0,0.80347,0.70155,48.208,1.403,-1,375.000,-1,400.000,-1,325.000,325.000,300.000,300.000,-1,-1,-1,-1,700.000,725.000,-1,-1,2,0,2,0,2,0,0,0,0,2,2,2,2,0,0,2,2
93,-912.816,7169.137,49.317,30.038,0.865034,-0.500448,0.035612,0.500914,0.865482,-0.005030,-0.028305,0.022190,0.999353,0,0.80347,0.70155,48.208,1.403,-1,375.000,-1,375.000,-1,325.000,325.000,300.000,300.000,-1,-1,-1,-1,700.000,725.000,-1,-1,2,0,2,0,2,0,0,0,0,2,2,2,2,0,0,2,2
94,-871.686,7194.283,48.076,31.441,0.852530,-0.521477,0.035417,0.521966,0.852948,-0.005605,-0.027286,0.023265,0.999357,0,0.80347,0.70155,48.208,1.403,-1,375.000,-1,375.000,-1,325.000,325.000,300.000,300.000,-1,-1,-1,-1,700.000,700.000,-1,-1,2,0,2,0,2,0,0,0,0,2,2,2,2,0,0,2,2
95,-829.367,7221.352,46.805,32.604,0.841781,-0.538670,0.035190,0.539181,0.842167,-0.006314,-0.026235,0.024289,0.999361,0,0.83725,0.58155,50.235,1.163,-1,375.000,-1,375.000,-1,325.000,325.000,300.000,300.000,-1,-1,-1,-1,700.000,700.000,-1,-1,2,0,2,0,2,0,0,0,0,2,2,2,2,0,0,2,2
96,-787.490,7249.099,45.539,33.527,0.833010,-0.552154,0.034939,0.552687,0.833358,-0.007189,-0.025147,0.025299,0.999364,0,0.83725,0.46155,50.235,0.923,-1,375.000,-1,375.000,-1,325.000,325.000,300.000,300.000,-1,-1,-1,-1,700.000,700.000,-1,-1,2,0,2,0,2,0,0,0,0,2,2,2,2,0,0,2,2
97,-745.947,7277.343,44.310,34.210,0.826384,-0.562037,0.034683,0.562589,0.826698,-0.008065,-0.024139,0.026177,0.999366,0,0.83725,0.34155,50.235,0.683,-1,375.000,-1,375.000,-1,325.000,325.000,300.000,300.000,-1,-1,-1,-1,700.000,700.000,-1,-1,2,0,2,0,2,0,0,0,0,2,2,2,2,0,0,2,2
98,-704.623,7305.907,43.254,34.653,0.822048,-0.568410,0.033870,0.568957,0.822321,-0.008683,-0.022916,0.026408,0.999389,0,0.83725,0.22155,50.235,0.443,-1,375.000,-1,375.000,-1,325.000,325.000,300.000,300.000,-1,-1,-1,-1,700.000,700.000,-1,-1,2,0,2,0,2,0,0,0,0,2,2,2,2,0,0,2,2
99,-663.401,7334.617,42.271,34.856,0.820068,-0.571322,0.032847,0.571855,0.820303,-0.009230,-0.021671,0.026353,0.999418,0,0.83725,0.10155,50.235,0.203,-1,375.000,-1,375.000,-1,325.000,325.000,300.000,325.000,-1,-1,-1,-1,700.000,700.000,-1,-1,2,0,2,0,2,0,0,0,0,2,2,2,2,0,0,2,2
100,-622.160,7363.301,41.311,34.819,0.820475,-0.570796,0.031826,0.571313,0.820674,-0.009762,-0.020546,0.026192,0.999446,0,0.83725,-0.01845,50.235,-0.037,-1,375.000,-1,375.000,-1,325.000,325.000,300.000,300.000,-1,-1,-1,-1,700.000,700.000,-1,-1,2,0,2,0,2,0,0,0,0,2,2,2,2,0,0,2,2
101,-580.890,7391.943,40.372,34.761,0.821097,-0.569957,0.030807,0.570458,0.821262,-0.010286,-0.019438,0.026020,0.999472,0,0.83725,-0.02936,50.235,-0.059,-1,375.000,-1,375.000,-1,300.000,300.000,300.000,300.000,-1,-1,-1,-1,700.000,700.000,-1,-1,2,0,2,0,2,0,0,0,0,2,2,2,2,0,0,2,2
102,-539.590,7420.542,39.447,34.702,0.821717,-0.569119,0.029743,0.569601,0.821850,-0.010787,-0.018305,0.025806,0.999499,0,0.83725,-0.02936,50.235,-0.059,-1,375.000,-1,375.000,-1,300.000,300.000,300.000,300.000,-1,-1,-1,-1,700.000,700.000,-1,-1,2,0,2,0,2,0,0,0,0,2,2,2,2,0,0,2,2
103,-498.261,7449.099,38.540,34.643,0.822336,-0.568279,0.028665,0.568743,0.822438,-0.011275,-0.017168,0.025574,0.999525,0,0.83725,-0.02936,50.235,-0.059,-1,375.000,-1,375.000,-1,300.000,300.000,300.000,300.000,-1,925.000,925.000,-1,700.000,700.000,-1,-1,2,0,2,0,2,0,0,0,0,2,0,0,2,0,0,2,2
104,-456.903,7477.614,37.657,34.585,0.822952,-0.567440,0.027598,0.567884,0.823025,-0.011757,-0.016042,0.025348,0.999550,0,0.83725,-0.02936,50.235,-0.059,-1,375.000,-1,375.000,-1,300.000,300.000,300.000,300.000,-1,850.000,850.000,-1,700.000,700.000,-1,-1,2,0,2,0,2,0,0,0,0,2,0,0,2,0,0,2,2
105,-415.516,7506.086,36.892,34.526,0.823570,-0.566594,0.026546,0.567025,0.823603,-0.012695,-0.014670,0.025508,0.999567,0,0.83725,-0.02936,50.235,-0.059,-1,375.000,-1,375.000,-1,300.000,300.000,300.000,300.000,-1,800.000,775.000,-1,700.000,700.000,-1,-1,2,0,2,0,2,0,0,0,0,2,0,0,2,0,0,2,2
106,-374.100,7534.516,36.239,34.467,0.824182,-0.565742,0.025705,0.566169,0.824172,-0.013930,-0.013305,0.026034,0.999573,0,0.83725,-0.02936,50.235,-0.059,-1,375.000,-1,375.000,-1,300.000,300.000,300.000,300.000,-1,750.000,725.000,-1,700.000,700.000,-1,-1,2,0,2,0,2,0,0,0,0,2,0,0,2,0,0,2,2
107,-332.654,7562.904,35.609,34.408,0.824792,-0.564889,0.024859,0.565310,0.824740,-0.015146,-0.011947,0.026545,0.999576,0,0.83725,-0.02936,50.235,-0.059,-1,375.000,-1,375.000,-1,325.000,325.000,300.000,300.000,-1,725.000,675.000,-1,725.000,700.000,-1,-1,2,0,2,0,2,0,0,0,0,2,0,0,2,0,0,2,2
108,-291.180,7591.249,35.040,34.350,0.825405,-0.564038,0.023839,0.564444,0.825310,-0.016292,-0.010485,0.026903,0.999583,0,0.83725,-0.02936,50.235,-0.059,-1,375.000,-1,375.000,-1,325.000,325.000,300.000,300.000,-1,675.000,650.000,-1,725.000,700.000,-1,-1,2,0,2,0,2,0,0,0,0,2,0,0,2,0,0,2,2
109,-249.676,7619.551,34.490,34.291,0.826014,-0.563187,0.022826,0.563577,0.825880,-0.017423,-0.009039,0.027256,0.999588,0,0.83725,-0.02936,50.235,-0.059,-1,375.000,-1,375.000,-1,325.000,325.000,300.000,300.000,-1,650.000,625.000,-1,725.000,700.000,-1,-1,2,0,2,0,2,0,0,0,0,2,0,0,2,0,0,2,2
110,-208.144,7647.811,33.961,34.232,0.826622,-0.562335,0.021821,0.562707,0.826449,-0.018540,-0.007608,0.027605,0.999590,0,0.83725,-0.02936,50.235,-0.059,-1,375.000,-1,375.000,-1,325.000,325.000,300.000,300.000,-1,625.000,600.000,-1,725.000,700.000,-1,-1,2,0,2,0,2,0,0,0,0,2,0,0,2,0,0,2,2
111,-166.582,7676.028,33.593,34.174,0.827220,-0.561490,0.020876,0.561839,0.827029,-0.018983,-0.006606,0.027432,0.999602,0,0.83725,-0.02936,50.235,-0.059,-1,375.000,-1,375.000,-1,325.000,325.000,300.000,300.000,-1,625.000,600.000,-1,725.000,700.000,-1,-1,2,0,2,0,2,0,0,0,0,2,0,0,2,0,0,2,2
112,-124.991,7704.203,33.270,34.115,0.827815,-0.560647,0.019949,0.560972,0.827610,-0.019288,-0.005696,0.027158,0.999615,0,0.83725,-0.02936,50.235,-0.059,-1,375.000,-1,375.000,-1,325.000,325.000,300.000,300.000,-1,625.000,600.000,-1,725.000,700.000,-1,-1,2,0,2,0,2,0,0,0,0,2,0,0,2,0,0,2,2
113,-83.372,7732.335,32.966,34.056,0.828408,-0.559802,0.019031,0.560105,0.828190,-0.019591,-0.004794,0.026889,0.999627,0,0.83725,-0.02936,50.235,-0.059,-1,375.000,-1,375.000,-1,325.000,300.000,300.000,300.000,-1,625.000,625.000,-1,725.000,700.000,-1,-1,2,0,2,0,2,0,0,0,0,2,0,0,2,0,0,2,2
114,-41.724,7760.424,32.818,33.997,0.829007,-0.558965,0.017486,0.559227,0.828780,-0.019692,-0.003485,0.026104,0.999653,0,0.83725,-0.02936,50.235,-0.059,-1,375.000,-1,375.000,-1,325.000,300.000,300.000,300.000,-1,625.000,625.000,-1,725.000,700.000,-1,-1,2,0,2,0,2,0,0,0,0,2,0,0,2,0,0,2,2
115,-0.047,7788.470,32.705,33.939,0.829603,-0.558127,0.015875,0.558349,0.829371,-0.019765,-0.002134,0.025261,0.999679,0,0.83725,-0.02936,50.235,-0.059,-1,375.000,-1,375.000,-1,325.000,300.000,300.000,300.000,-1,625.000,625.000,-1,725.000,700.000,-1,-1,2,0,2,0,2,0,0,0,0,2,0,0,2,0,0,2,2
116,41.659,7816.474,32.617,33.880,0.830196,-0.557288,0.014278,0.557470,0.829959,-0.019886,-0.000768,0.024469,0.999700,0,0.83725,-0.02936,50.235,-0.059,-1,375.000,-1,375.000,-1,325.000,325.000,300.000,300.000,-1,600.000,625.000,-1,725.000,700.000,-1,-1,2,0,2,0,2,0,0,0,0,2,0,0,2,0,0,2,2
117,83.393,7844.435,32.543,33.821,0.830786,-0.556448,0.012700,0.556592,0.830545,-0.020003,0.000583,0.023687,0.999719,0,0.83725,-0.02936,50.235,-0.059,-1,375.000,-1,375.000,-1,325.000,325.000,300.000,300.000,-1,600.000,625.000,-1,725.000,700.000,-1,-1,2,0,2,0,2,0,0,0,0,2,0,0,2,0,0,2,2
118,125.156,7872.354,32.600,33.763,0.831367,-0.555600,0.011728,0.555722,0.831121,-0.020288,0.001525,0.023384,0.999725,0,0.83725,-0.02936,50.235,-0.059,-1,375.000,-1,375.000,-1,325.000,325.000,300.000,300.000,-1,625.000,625.000,-1,725.000,725.000,-1,-1,2,0,2,0,2,0,0,0,0,2,0,0,2,0,0,2,2
119,162.986,7897.519,32.673,33.633,0.832630,-0.553722,0.010929,0.553825,0.832380,-0.020547,0.002280,0.023161,0.999729,0,0.75725,-0.06480,45.435,-0.130,-1,375.000,-1,375.000,-1,325.000,325.000,300.000,300.000,-1,625.000,650.000,-1,725.000,725.000,-1,-1,2,0,2,0,2,0,0,0,0,2,0,0,2,0,0,2,2
120,196.870,7919.949,32.744,33.503,0.833887,-0.551840,0.010223,0.551927,0.833634,-0.020763,0.002936,0.022956,0.999732,0,0.67725,-0.06480,40.635,-0.130,-1,375.000,-1,375.000,-1,325.000,325.000,300.000,300.000,-1,650.000,650.000,-1,725.000,725.000,-1,-1,2,0,2,0,2,0,0,0,0,2,0,0,2,0,0,2,2
121,229.795,7941.638,32.923,33.374,0.835141,-0.549953,0.009519,0.550023,0.834880,-0.021240,0.003734,0.022974,0.999729,0,0.65712,-0.06480,39.427,-0.130,-1,375.000,-1,375.000,-1,325.000,325.000,300.000,300.000,-1,650.000,675.000,-1,725.000,725.000,-1,-1,2,0,2,0,2,0,0,0,0,2,0,0,2,0,0,2,2
122,262.770,7963.252,33.142,33.244,0.836392,-0.548062,0.008808,0.548113,0.836119,-0.021832,0.004600,0.023088,0.999723,0,0.65712,-0.06480,39.427,-0.130,-1,375.000,-1,375.000,-1,325.000,325.000,300.000,300.000,-1,675.000,675.000,-1,725.000,725.000,-1,-1,2,0,2,0,2,0,0,0,0,2,0,0,2,0,0,2,2
123,295.793,7984.792,33.366,33.115,0.837637,-0.546168,0.008102,0.546200,0.837354,-0.022419,0.005460,0.023204,0.999716,0,0.65712,-0.06480,39.427,-0.130,-1,375.000,-1,375.000,-1,325.000,325.000,300.000,300.000,-1,675.000,675.000,-1,725.000,725.000,-1,-1,2,0,2,0,2,0,0,0,0,2,0,0,2,0,0,2,2
124,328.865,8006.257,33.596,32.985,0.838877,-0.544271,0.007401,0.544284,0.838585,-0.023001,0.006312,0.023323,0.999708,0,0.65712,-0.06480,39.427,-0.130,-1,375.000,-1,375.000,-1,325.000,325.000,300.000,300.000,-1,675.000,700.000,-1,725.000,725.000,-1,-1,2,0,2,0,2,0,0,0,0,2,0,0,2,0,0,2,2
125,361.986,8027.647,33.832,32.855,0.840112,-0.542371,0.006704,0.542365,0.839812,-0.023578,0.007158,0.023444,0.999700,0,0.65712,-0.06480,39.427,-0.130,-1,375.000,-1,375.000,-1,325.000,325.000,300.000,300.000,-1,675.000,700.000,-1,725.000,725.000,-1,-1,2,0,2,0,2,0,0,0,0,2,0,0,2,0,0,2,2
126,395.154,8048.962,34.073,32.726,0.841343,-0.540468,0.006011,0.540443,0.841034,-0.024150,0.007997,0.023567,0.999690,0,0.65712,-0.06480,39.427,-0.130,-1,400.000,-1,375.000,-1,325.000,325.000,300.000,300.000,-1,675.000,700.000,-1,750.000,725.000,-1,-1,2,0,2,0,2,0,0,0,0,2,0,0,2,0,0,2,2
127,428.376,8070.205,34.319,32.596,0.842567,-0.538566,0.005323,0.538520,0.842250,-0.024717,0.008828,0.023692,0.999680,0,0.65721,-0.06471,39.433,-0.129,-1,400.000,-1,375.000,-1,325.000,325.000,300.000,300.000,-1,675.000,700.000,-1,750.000,725.000,-1,-1,2,0,2,0,2,0,0,0,0,2,0,0,2,0,0,2,2
128,461.723,8091.425,34.572,32.470,0.843756,-0.536707,0.004638,0.536640,0.843433,-0.025281,0.009657,0.023820,0.999670,0,0.65876,-0.06313,39.526,-0.126,-1,400.000,-1,375.000,-1,325.000,325.000,300.000,300.000,-1,700.000,725.000,-1,750.000,725.000,-1,-1,2,0,2,0,2,0,0,0,0,2,0,0,2,0,0,2,2
129,495.191,8112.621,34.939,32.347,0.844907,-0.534898,0.004011,0.534817,0.844588,-0.025337,0.010165,0.023553,0.999671,0,0.66026,-0.06150,39.615,-0.123,-1,400.000,-1,375.000,-1,325.000,325.000,300.000,300.000,-1,700.000,750.000,-1,750.000,750.000,-1,-1,2,0,2,0,2,0,0,0,0,2,0,0,2,0,0,2,2
130,528.775,8133.793,35.329,32.227,0.846022,-0.533137,0.003399,0.533042,0.845710,-0.025309,0.010618,0.023224,0.999674,0,0.66169,-0.05983,39.701,-0.120,-1,400.000,-1,400.000,-1,325.000,325.000,300.000,300.000,-1,725.000,750.000,-1,750.000,750.000,-1,-1,2,0,2,0,2,0,0,0,0,2,0,0,2,0,0,2,2
131,562.473,8154.940,35.731,32.111,0.847101,-0.531424,0.002824,0.531317,0.846796,-0.025293,0.011050,0.022926,0.999676,0,0.66305,-0.05812,39.783,-0.116,-1,400.000,-1,400.000,-1,325.000,325.000,300.000,300.000,-1,750.000,775.000,-1,750.000,750.000,-1,-1,2,0,2,0,2,0,0,0,0,2,0,0,2,0,0,2,2
132,596.277,8176.062,36.147,31.998,0.848144,-0.529761,0.002230,0.529641,0.847846,-0.025270,0.011497,0.022614,0.999678,0,0.66435,-0.05636,39.861,-0.113,-1,400.000,-1,400.000,-1,325.000,325.000,300.000,300.000,-1,750.000,800.000,-1,750.000,750.000,-1,-1,2,0,2,0,2,0,0,0,0,2,0,0,2,0,0,2,2
133,630.185,8197.159,36.571,31.889,0.849150,-0.528149,0.001610,0.528016,0.848859,-0.025238,0.011963,0.022281,0.999680,0,0.66558,-0.05455,39.935,-0.109,-1,400.000,-1,400.000,-1,325.000,325.000,300.000,300.000,-1,775.000,800.000,-1,750.000,750.000,-1,-1,2,0,2,0,2,0,0,0,0,2,0,0,2,0,0,2,2
134,664.190,8218.230,36.997,31.784,0.850118,-0.526591,0.000993,0.526445,0.849836,-0.025206,0.012429,0.021951,0.999682,0,0.66673,-0.05271,40.004,-0.105,-1,400.000,-1,400.000,-1,325.000,325.000,300.000,300.000,-1,775.000,800.000,-1,750.000,750.000,-1,-1,2,0,2,0,2,0,0,0,0,2,0,0,2,0,0,2,2
135,698.287,8239.274,37.426,31.682,0.851049,-0.525086,0.000376,0.524928,0.850774,-0.025174,0.012898,0.021622,0.999683,0,0.66781,-0.05081,40.069,-0.102,-1,400.000,-1,400.000,-1,325.000,325.000,300.000,300.000,-1,775.000,800.000,-1,775.000,750.000,-1,-1,2,0,2,0,2,0,0,0,0,2,0,0,2,0,0,2,2
136,732.472,8260.292,37.863,31.585,0.851941,-0.523638,-0.000268,0.523467,0.851676,-0.025132,0.013388,0.021271,0.999684,0,0.66881,-0.04888,40.129,-0.098,-1,400.000,-1,400.000,-1,325.000,325.000,300.000,300.000,-1,775.000,800.000,-1,775.000,775.000,-1,-1,2,0,2,0,2,0,0,0,0,2,0,0,2,0,0,2,2
137,770.883,8283.597,38.442,31.247,0.855012,-0.518607,-0.000535,0.518431,0.854747,-0.025248,0.013551,0.021310,0.999681,0,0.74881,-0.16888,44.929,-0.338,-1,400.000,-1,400.000,-1,325.000,325.000,300.000,300.000,-1,800.000,825.000,-1,775.000,775.000,-1,-1,2,0,2,0,2,0,0,0,0,2,0,0,2,0,0,2,2
138,813.551,8309.140,39.115,30.907,0.858077,-0.513521,-0.000657,0.513340,0.857808,-0.025441,0.013628,0.021493,0.999676,0,0.82881,-0.17012,49.729,-0.340,-1,400.000,-1,400.000,-1,325.000,325.000,300.000,300.000,-1,850.000,875.000,-1,775.000,775.000,-1,-1,2,0,2,0,2,0,0,0,0,2,0,0,2,0,0,2,2
