timestep,x_cm,y_cm,z_cm,yaw_deg,basis_xx,basis_xy,basis_xz,basis_yx,basis_yy,basis_yz,basis_zx,basis_zy,basis_zz,teleport_flag,throttle_cmd,steering_cmd,cmd_move_cm,cmd_turn_deg,lidar_cm_0,lidar_cm_1,lidar_cm_2,lidar_cm_3,lidar_cm_4,lidar_cm_5,lidar_cm_6,lidar_cm_7,lidar_cm_8,lidar_cm_9,lidar_cm_10,lidar_cm_11,lidar_cm_12,lidar_cm_13,lidar_cm_14,lidar_cm_15,lidar_cm_16,lidar_class_0,lidar_class_1,lidar_class_2,lidar_class_3,lidar_class_4,lidar_class_5,lidar_class_6,lidar_class_7,lidar_class_8,lidar_class_9,lidar_class_10,lidar_class_11,lidar_class_12,lidar_class_13,lidar_class_14,lidar_class_15,lidar_class_16
0,-4920.167,-8194.400,303.889,97.600,-0.132485,-0.987942,0.080110,0.991181,-0.131822,0.013537,-0.002814,0.081197,0.996694,1,0.08000,-0.12000,4.800,-0.240,-1,400.000,-1,400.000,-1,325.000,325.000,300.000,300.000,-1,375.000,400.000,-1,725.000,725.000,-1,-1,2,0,2,0,2,0,0,0,0,2,1,1,2,0,0,2,2
1,-4921.356,-8184.874,303.851,97.120,-0.124224,-0.989019,0.080058,0.992248,-0.123541,0.013445,-0.003407,0.081107,0.996700,0,0.16000,-0.24000,9.600,-0.480,-1,400.000,-1,400.000,-1,325.000,325.000,300.000,300.000,-1,375.000,400.000,-1,725.000,725.000,-1,-1,2,0,2,0,2,0,0,0,0,2,1,1,2,0,0,2,2
2,-4923.020,-8170.570,303.785,96.635,-0.115861,-0.990038,0.080007,0.993257,-0.115162,0.013317,-0.003971,0.081011,0.996705,0,0.24000,-0.24262,14.400,-0.485,-1,400.000,-1,400.000,-1,325.000,325.000,300.000,300.000,-1,400.000,400.000,-1,725.000,725.000,-1,-1,2,0,2,0,2,0,0,0,0,2,1,1,2,0,0,2,2
3,-4925.075,-8151.480,303.684,96.145,-0.107407,-0.990994,0.079962,0.994205,-0.106694,0.013153,-0.004504,0.080911,0.996711,0,0.32000,-0.24494,19.200,-0.490,-1,400.000,-1,400.000,-1,325.000,325.000,300.000,300.000,-1,400.000,425.000,-1,725.000,725.000,-1,-1,2,0,2,0,2,0,0,0,0,2,1,1,2,0,0,2,2
4,-4927.437,-8127.596,303.543,95.649,-0.098836,-0.991889,0.079925,0.995091,-0.098111,0.012956,-0.005009,0.080813,0.996717,0,0.40000,-0.24802,24.000,-0.496,-1,400.000,-1,400.000,-1,325.000,325.000,300.000,300.000,-1,425.000,450.000,-1,725.000,725.000,-1,-1,2,0,2,0,2,0,0,0,0,2,1,1,2,0,0,2,2
5,-4930.020,-8098.912,303.353,95.145,-0.090121,-0.992721,0.079899,0.995916,-0.089387,0.012725,-0.005491,0.080720,0.996722,0,0.48000,-0.25188,28.800,-0.504,-1,400.000,-1,375.000,-1,325.000,325.000,300.000,300.000,-1,475.000,475.000,-1,725.000,725.000,-1,-1,2,0,2,0,2,0,0,0,0,2,1,1,2,0,0,2,2
6,-4932.733,-8065.421,303.110,94.632,-0.081236,-0.993488,0.079889,0.996677,-0.080495,0.012463,-0.005952,0.080636,0.996726,0,0.56000,-0.25652,33.600,-0.513,-1,400.000,-1,375.000,-1,325.000,325.000,300.000,300.000,-1,500.000,500.000,-1,725.000,725.000,-1,-1,2,0,2,0,2,0,0,0,0,2,1,1,2,0,0,2,2
7,-4935.388,-8028.454,302.815,94.108,-0.072156,-0.994188,0.079894,0.997373,-0.071408,0.012180,-0.006404,0.080563,0.996729,0,0.61769,-0.26194,37.062,-0.524,-1,375.000,-1,375.000,-1,325.000,325.000,300.000,300.000,-1,525.000,550.000,-1,725.000,725.000,-1,-1,2,0,2,0,2,0,0,0,0,2,1,1,2,0,0,2,2
8,-4937.715,-7991.178,302.491,93.572,-0.062863,-0.994818,0.079909,0.997998,-0.062108,0.011900,-0.006875,0.080497,0.996731,0,0.62247,-0.26792,37.348,-0.536,-1,375.000,-1,375.000,-1,325.000,325.000,300.000,300.000,-1,575.000,575.000,-1,725.000,725.000,-1,-1,2,0,2,0,2,0,0,0,0,2,1,1,2,0,0,2,2
9,-4939.701,-7953.591,302.137,93.025,-0.053355,-0.995371,0.079933,0.998548,-0.052593,0.011621,-0.007363,0.080437,0.996733,0,0.62731,-0.27394,37.639,-0.548,-1,375.000,-1,375.000,-1,325.000,325.000,300.000,300.000,-1,600.000,625.000,-1,725.000,725.000,-1,-1,2,0,2,0,2,0,0,0,0,2,1,1,2,0,0,2,2
10,-4941.332,-7915.694,301.753,92.464,-0.043633,-0.995842,0.079962,0.999017,-0.042861,0.011343,-0.007868,0.080379,0.996733,0,0.63220,-0.28002,37.932,-0.560,-1,375.000,-1,375.000,-1,325.000,325.000,300.000,300.000,-1,650.000,650.000,-1,725.000,725.000,-1,-1,2,0,2,0,2,0,0,0,0,2,1,1,2,0,0,2,2
11,-4942.931,-7872.992,301.344,92.144,-0.038066,-0.996078,0.079872,0.999243,-0.037298,0.011084,-0.008062,0.080233,0.996744,0,0.71220,-0.16002,42.732,-0.320,-1,375.000,-1,375.000,-1,325.000,325.000,300.000,300.000,-1,700.000,700.000,-1,725.000,725.000,-1,-1,2,0,2,0,2,0,0,0,0,2,1,1,2,0,0,2,2
12,-4944.595,-7825.489,301.189,92.006,-0.035608,-0.996187,0.079642,0.999338,-0.034894,0.010339,-0.007520,0.079958,0.996770,0,0.79220,-0.06916,47.532,-0.138,-1,375.000,-1,375.000,-1,325.000,325.000,300.000,300.000,-1,725.000,725.000,-1,725.000,725.000,-1,-1,2,0,2,0,2,0,0,0,0,2,1,1,2,0,0,2,2
13,-4946.250,-7774.313,301.063,91.852,-0.032868,-0.996283,0.079617,0.999437,-0.032222,0.009381,-0.006781,0.079881,0.996781,0,0.85337,-0.07684,51.202,-0.154,-1,375.000,-1,375.000,-1,325.000,325.000,300.000,300.000,-1,775.000,775.000,-1,725.000,725.000,-1,-1,2,0,2,0,2,0,0,0,0,2,1,1,2,0,0,2,2
14,-4947.765,-7722.730,300.923,91.682,-0.029840,-0.996381,0.079592,0.999536,-0.029262,0.008413,-0.006054,0.079807,0.996792,0,0.86009,-0.08511,51.605,-0.170,-1,375.000,-1,375.000,-1,325.000,325.000,300.000,300.000,-1,825.000,825.000,-1,725.000,725.000,-1,-1,2,0,2,0,2,0,0,0,0,2,1,1,2,0,0,2,2
15,-4949.122,-7670.736,300.769,91.495,-0.026522,-0.996477,0.079567,0.999634,-0.026012,0.007436,-0.005340,0.079735,0.996802,0,0.86686,-0.09345,52.012,-0.187,-1,375.000,-1,375.000,-1,325.000,325.000,300.000,300.000,-1,875.000,875.000,-1,725.000,725.000,-1,-1,2,0,2,0,2,0,0,0,0,2,1,1,2,0,0,2,2
16,-4950.304,-7618.328,300.597,91.292,-0.022911,-0.996568,0.079539,0.999727,-0.022469,0.006448,-0.004639,0.079665,0.996811,0,0.87369,-0.10186,52.421,-0.204,-1,375.000,-1,375.000,-1,325.000,325.000,300.000,300.000,-1,925.000,875.000,-1,725.000,725.000,-1,-1,2,0,2,0,2,0,0,0,0,2,1,0,2,0,0,2,2
17,-4951.291,-7565.503,300.408,91.071,-0.019005,-0.996653,0.079508,0.999812,-0.018631,0.005450,-0.003951,0.079596,0.996819,0,0.88057,-0.11033,52.834,-0.221,-1,375.000,-1,375.000,-1,325.000,325.000,300.000,300.000,-1,900.000,825.000,-1,725.000,750.000,-1,-1,2,0,2,0,2,0,0,0,0,2,0,0,2,0,0,2,2
18,-4952.099,-7510.192,300.191,90.836,-0.014853,-0.996727,0.079471,0.999884,-0.014549,0.004404,-0.003234,0.079527,0.996827,0,0.92194,-0.11732,55.316,-0.235,-1,375.000,-1,400.000,-1,325.000,325.000,300.000,300.000,-1,875.000,800.000,-1,725.000,750.000,-1,-1,2,0,2,0,2,0,0,0,0,2,0,0,2,0,0,2,2
19,-4952.679,-7454.947,299.955,90.602,-0.010705,-0.996783,0.079429,0.999940,-0.010471,0.003358,-0.002515,0.079461,0.996835,0,0.92080,-0.11721,55.248,-0.234,-1,400.000,-1,400.000,-1,325.000,325.000,300.000,300.000,-1,825.000,775.000,-1,725.000,750.000,-1,-1,2,0,2,0,2,0,0,0,0,2,0,0,2,0,0,2,2
20,-4953.033,-7399.767,299.702,90.367,-0.006550,-0.996823,0.079382,0.999977,-0.006386,0.002312,-0.001798,0.079396,0.996842,0,0.91968,-0.11740,55.181,-0.235,-1,400.000,-1,400.000,-1,325.000,325.000,300.000,300.000,-1,800.000,775.000,-1,750.000,750.000,-1,-1,2,0,2,0,2,0,0,0,0,2,0,0,2,0,0,2,2
21,-4953.360,-7349.388,299.470,90.372,-0.006564,-0.996825,0.079352,0.999978,-0.006477,0.001360,-0.000842,0.079360,0.996846,0,0.83968,0.00260,50.381,0.005,-1,400.000,-1,400.000,-1,325.000,325.000,300.000,300.000,-1,775.000,750.000,-1,750.000,750.000,-1,-1,2,0,2,0,2,0,0,0,0,2,0,0,2,0,0,2,2
22,-4953.884,-7300.787,299.263,90.617,-0.010745,-0.996789,0.079347,0.999942,-0.010743,0.000447,0.000407,0.079347,0.996847,0,0.81006,0.12260,48.603,0.245,-1,400.000,-1,400.000,-1,325.000,325.000,300.000,300.000,-1,750.000,750.000,-1,750.000,775.000,-1,-1,2,0,2,0,2,0,0,0,0,2,0,0,2,0,0,2,2
23,-4954.819,-7252.230,299.090,91.103,-0.019087,-0.996662,0.079375,0.999816,-0.019184,-0.000461,0.001982,0.079352,0.996845,0,0.80944,0.24260,48.566,0.485,-1,400.000,-1,400.000,-1,325.000,325.000,300.000,300.000,-1,750.000,725.000,-1,750.000,775.000,-1,-1,2,0,2,0,2,0,0,0,0,2,0,0,2,0,0,2,2
24,-4956.170,-7203.709,299.062,91.594,-0.027561,-0.996469,0.079305,0.999615,-0.027728,-0.001007,0.003202,0.079247,0.996850,0,0.80901,0.24562,48.540,0.491,-1,400.000,-1,400.000,-1,325.000,325.000,300.000,300.000,-1,750.000,750.000,-1,750.000,775.000,-1,-1,2,0,2,0,2,0,0,0,0,2,0,0,2,0,0,2,2
25,-4957.958,-7154.588,299.268,92.084,-0.036057,-0.996177,0.079567,0.999342,-0.036255,-0.001047,0.003928,0.079477,0.996829,0,0.81923,0.24520,49.154,0.490,-1,400.000,-1,400.000,-1,325.000,325.000,300.000,300.000,-1,800.000,800.000,-1,750.000,775.000,-1,-1,2,0,2,0,2,0,0,0,0,2,0,0,2,0,0,2,2
26,-4960.168,-7105.502,299.509,92.578,-0.044600,-0.995810,0.079828,0.998994,-0.044830,-0.001091,0.004666,0.079699,0.996808,0,0.81893,0.24667,49.136,0.493,-1,400.000,-1,400.000,-1,325.000,325.000,300.000,300.000,-1,850.000,850.000,-1,750.000,775.000,-1,-1,2,0,2,0,2,0,0,0,0,2,0,0,2,0,0,2,2
27,-4962.802,-7056.459,299.786,93.074,-0.053186,-0.995368,0.080087,0.998570,-0.053449,-0.001141,0.005417,0.079911,0.996787,0,0.81857,0.24801,49.114,0.496,-1,400.000,-1,400.000,-1,325.000,325.000,300.000,300.000,-1,875.000,900.000,-1,775.000,800.000,-1,-1,2,0,2,0,2,0,0,0,0,2,0,0,2,0,0,2,2
28,-4965.861,-7007.466,300.101,93.572,-0.061808,-0.994849,0.080343,0.998069,-0.062105,-0.001198,0.006181,0.080113,0.996767,0,0.81815,0.24923,49.089,0.498,-1,400.000,-1,400.000,-1,325.000,325.000,300.000,300.000,-1,925.000,950.000,-1,775.000,800.000,-1,-1,2,0,2,0,2,0,0,0,0,2,0,0,2,0,0,2,2
29,-4969.346,-6958.529,300.452,94.073,-0.070463,-0.994253,0.080595,0.997490,-0.070794,-0.001261,0.006960,0.080304,0.996746,0,0.81769,0.25032,49.061,0.501,-1,400.000,-1,400.000,-1,325.000,325.000,300.000,300.000,-1,975.000,1000.000,-1,775.000,800.000,-1,-1,2,0,2,0,2,0,0,0,0,2,0,0,2,0,0,2,2
30,-4973.257,-6909.655,300.842,94.575,-0.079143,-0.993580,0.080844,0.996833,-0.079511,-0.001333,0.007753,0.080482,0.996726,0,0.81718,0.25127,49.031,0.503,-1,400.000,-1,400.000,-1,325.000,325.000,300.000,300.000,-1,-1,-1,-1,775.000,800.000,-1,-1,2,0,2,0,2,0,0,0,0,2,2,2,2,0,0,2,2
31,-4977.595,-6860.850,301.270,95.080,-0.087845,-0.992828,0.081088,0.996097,-0.088250,-0.001415,0.008561,0.080647,0.996706,0,0.81663,0.25210,48.998,0.504,-1,400.000,-1,400.000,-1,325.000,325.000,300.000,300.000,-1,-1,-1,-1,800.000,800.000,-1,-1,2,0,2,0,2,0,0,0,0,2,2,2,2,0,0,2,2
32,-4982.361,-6812.121,301.736,95.585,-0.096563,-0.991999,0.081327,0.995283,-0.097006,-0.001507,0.009384,0.080798,0.996686,0,0.81604,0.25279,48.962,0.506,-1,400.000,-1,400.000,-1,325.000,325.000,300.000,300.000,-1,-1,-1,-1,800.000,825.000,-1,-1,2,0,2,0,2,0,0,0,0,2,2,2,2,0,0,2,2
33,-4987.553,-6763.472,302.241,96.092,-0.105291,-0.991091,0.081561,0.994389,-0.105774,-0.001611,0.010224,0.080934,0.996667,0,0.81543,0.25335,48.926,0.507,-1,400.000,-1,400.000,-1,325.000,325.000,300.000,300.000,-1,-1,-1,-1,800.000,825.000,-1,-1,2,0,2,0,2,0,0,0,0,2,2,2,2,0,0,2,2
34,-4993.172,-6714.908,302.785,96.599,-0.114024,-0.990106,0.081789,0.993416,-0.114548,-0.001728,0.011080,0.081054,0.996648,0,0.81480,0.25378,48.888,0.508,-1,400.000,-1,400.000,-1,325.000,325.000,300.000,300.000,-1,-1,-1,-1,800.000,825.000,-1,-1,2,0,2,0,2,0,0,0,0,2,2,2,2,0,0,2,2
35,-4999.217,-6666.435,303.369,97.108,-0.122757,-0.989042,0.082011,0.992365,-0.123323,-0.001859,0.011953,0.081157,0.996630,0,0.81415,0.25407,48.849,0.508,-1,400.000,-1,400.000,-1,325.000,325.000,300.000,300.000,-1,-1,-1,-1,825.000,825.000,-1,-1,2,0,2,0,2,0,0,0,0,2,2,2,2,0,1,2,2
36,-5005.837,-6615.997,304.007,97.477,-0.129099,-0.988215,0.082242,0.991551,-0.129702,-0.002010,0.012653,0.081287,0.996610,0,0.84784,0.18486,50.871,0.370,-1,400.000,-1,400.000,-1,325.000,325.000,300.000,300.000,-1,-1,-1,-1,825.000,850.000,-1,-1,2,0,2,0,2,0,0,0,0,2,2,2,2,0,1,2,2
37,-5012.812,-6565.335,304.583,97.839,-0.135310,-0.987338,0.082793,0.990716,-0.135934,-0.001912,0.013143,0.081766,0.996565,0,0.85235,0.18090,51.141,0.362,-1,400.000,-1,400.000,-1,325.000,325.000,300.000,300.000,-1,-1,-1,-1,850.000,850.000,-1,-1,2,0,2,0,2,0,0,0,0,2,2,2,2,0,1,2,2
38,-5020.138,-6514.460,305.076,98.192,-0.141398,-0.986401,0.083790,0.989864,-0.142009,-0.001354,0.013234,0.082749,0.996483,0,0.85666,0.17669,51.400,0.353,-1,400.000,-1,400.000,-1,325.000,325.000,300.000,300.000,-1,-1,-1,-1,850.000,875.000,-1,-1,2,0,2,0,2,0,0,0,0,2,2,2,2,0,1,2,2
39,-5027.804,-6463.387,305.374,98.537,-0.147412,-0.985524,0.083736,0.988997,-0.147935,-0.000049,0.012436,0.082808,0.996488,0,0.86076,0.17222,51.645,0.344,-1,400.000,-1,400.000,-1,325.000,325.000,300.000,300.000,-1,-1,-1,-1,850.000,875.000,-1,-1,2,0,2,0,2,0,0,0,0,2,2,2,2,0,1,2,2
40,-5035.805,-6412.131,305.700,98.872,-0.153260,-0.984639,0.083653,0.988118,-0.153694,0.001271,0.011605,0.082853,0.996494,0,0.86462,0.16748,51.877,0.335,-1,400.000,-1,400.000,-1,325.000,325.000,300.000,300.000,-1,-1,-1,-1,875.000,850.000,-1,-1,2,0,2,0,2,0,0,0,0,2,2,2,2,0,1,2,2
41,-5044.130,-6360.707,306.054,99.197,-0.158934,-0.983749,0.083538,0.987231,-0.159275,0.002607,0.010741,0.082886,0.996501,0,0.86822,0.16246,52.093,0.325,-1,400.000,-1,400.000,-1,325.000,325.000,300.000,300.000,-1,-1,-1,-1,875.000,850.000,-1,-1,2,0,2,0,2,0,0,0,0,2,2,2,2,0,1,2,2
42,-5052.771,-6309.135,306.435,99.511,-0.164422,-0.982859,0.083393,0.986341,-0.164669,0.003959,0.009841,0.082905,0.996509,0,0.87153,0.15716,52.292,0.314,-1,400.000,-1,400.000,-1,325.000,325.000,300.000,300.000,-1,-1,-1,-1,875.000,850.000,-1,-1,2,0,2,0,2,0,0,0,0,2,2,2,2,0,1,2,2
43,-5061.925,-6257.561,306.865,100.065,-0.174004,-0.981222,0.083220,0.984701,-0.174170,0.005311,0.009283,0.082871,0.996517,0,0.87301,0.27716,52.380,0.554,-1,400.000,-1,400.000,-1,325.000,325.000,300.000,300.000,-1,-1,-1,-1,875.000,850.000,-1,-1,2,0,2,0,2,0,0,0,0,2,2,2,2,0,1,2,2
44,-5071.820,-6205.978,307.363,100.860,-0.187657,-0.978721,0.083000,0.982193,-0.187758,0.006661,0.009065,0.082772,0.996527,0,0.87539,0.39716,52.524,0.794,-1,400.000,-1,400.000,-1,325.000,325.000,300.000,300.000,-1,-1,-1,-1,900.000,825.000,-1,-1,2,0,2,0,2,0,0,0,0,2,2,2,2,0,0,2,2
45,-5082.666,-6154.486,307.946,101.894,-0.205348,-0.975187,0.082718,0.978646,-0.205398,0.008000,0.009189,0.082595,0.996541,0,0.87705,0.51716,52.623,1.034,-1,400.000,-1,400.000,-1,325.000,325.000,300.000,300.000,-1,-1,-1,-1,900.000,825.000,-1,-1,2,0,2,0,2,0,0,0,0,2,2,2,2,0,0,2,2
46,-5094.593,-6103.186,308.614,103.089,-0.225695,-0.970707,0.082395,0.974152,-0.225700,0.009372,0.009499,0.082381,0.996556,0,0.87783,0.59766,52.670,1.195,-1,400.000,-1,400.000,-1,325.000,325.000,300.000,300.000,-1,-1,-1,-1,925.000,825.000,-1,-1,2,0,2,0,2,0,0,0,0,2,2,2,2,0,0,2,2
47,-5107.572,-6052.150,309.360,104.268,-0.245665,-0.965877,0.082034,0.969306,-0.245620,0.010797,0.009720,0.082169,0.996571,0,0.87769,0.58920,52.662,1.178,-1,400.000,-1,400.000,-1,325.000,325.000,300.000,300.000,-1,-1,-1,-1,950.000,825.000,-1,-1,2,0,2,0,2,0,0,0,0,2,2,2,2,0,1,2,2
48,-5121.567,-6001.438,310.193,105.428,-0.265238,-0.960724,0.081598,0.964132,-0.265140,0.012232,0.009884,0.081916,0.996590,0,0.87681,0.58035,52.608,1.161,-1,400.000,-1,400.000,-1,325.000,325.000,300.000,300.000,-1,-1,-1,-1,950.000,800.000,-1,-1,2,0,2,0,2,0,0,0,0,2,2,2,2,0,1,2,2
49,-5136.543,-5951.111,310.918,106.571,-0.284358,-0.955214,0.081894,0.958661,-0.284231,0.013445,0.010434,0.082331,0.996550,0,0.87514,0.57117,52.508,1.142,-1,425.000,-1,400.000,-1,325.000,325.000,300.000,300.000,-1,-1,-1,-1,950.000,775.000,-1,-1,2,0,2,0,2,0,0,0,0,2,2,2,2,1,1,2,2
50,-5152.458,-5901.229,311.494,107.694,-0.303075,-0.949360,0.082826,0.952908,-0.302873,0.015294,0.010567,0.083560,0.996447,0,0.87267,0.56170,52.360,1.123,-1,425.000,950.000,400.000,-1,325.000,325.000,300.000,300.000,-1,-1,-1,-1,925.000,750.000,-1,-1,2,0,1,0,2,0,0,0,0,2,2,2,2,1,1,2,2
51,-5169.268,-5851.848,312.132,108.798,-0.321363,-0.943249,0.083715,0.946897,-0.321075,0.017251,0.010607,0.084813,0.996340,0,0.86942,0.55200,52.165,1.104,-1,425.000,900.000,400.000,-1,325.000,325.000,300.000,300.000,-1,-1,-1,-1,900.000,700.000,-1,1000.000,2,0,1,0,2,0,0,0,0,2,2,2,2,1,1,2,1
52,-5186.928,-5803.020,312.648,109.882,-0.339173,-0.936959,0.084075,0.940658,-0.338850,0.018518,0.011139,0.085367,0.996287,0,0.86540,0.54214,51.924,1.084,-1,425.000,850.000,425.000,-1,350.000,325.000,325.000,300.000,-1,-1,-1,-1,875.000,650.000,-1,875.000,2,0,1,0,2,0,0,0,0,2,2,2,2,1,1,2,1
53,-5205.388,-5754.795,312.986,110.947,-0.356590,-0.930532,0.083386,0.934194,-0.356208,0.019925,0.011162,0.085004,0.996318,0,0.86064,0.53219,51.638,1.064,-1,425.000,800.000,425.000,-1,350.000,325.000,325.000,300.000,-1,-1,-1,-1,850.000,625.000,-1,775.000,2,0,1,0,2,0,0,0,1,2,2,2,2,1,1,2,1
54,-5224.601,-5707.216,313.118,111.991,-0.373649,-0.923993,0.081388,0.927514,-0.373155,0.021770,0.010255,0.083623,0.996445,0,0.85520,0.52225,51.312,1.045,-1,425.000,775.000,400.000,-1,325.000,325.000,300.000,300.000,-1,-1,-1,-1,825.000,575.000,-1,700.000,2,0,1,0,2,0,0,0,1,2,2,2,2,1,1,2,1
55,-5244.529,-5660.327,313.276,113.028,-0.390464,-0.917201,0.079241,0.920572,-0.389856,0.023650,0.009201,0.082181,0.996575,0,0.84916,0.51827,50.950,1.037,-1,425.000,725.000,400.000,-1,325.000,325.000,300.000,300.000,-1,-1,-1,-1,775.000,550.000,-1,625.000,2,0,1,0,2,0,0,0,1,2,2,2,2,1,1,2,1
56,-5265.138,-5614.164,313.471,114.060,-0.407086,-0.910137,0.077011,0.913354,-0.406364,0.025540,0.008050,0.080735,0.996703,0,0.84258,0.51612,50.555,1.032,-1,425.000,700.000,400.000,725.000,325.000,325.000,300.000,300.000,-1,-1,-1,-1,750.000,500.000,-1,550.000,2,0,1,1,1,0,0,0,1,2,2,2,2,1,1,2,1
57,-5286.394,-5568.761,313.691,115.089,-0.423523,-0.902796,0.074750,0.905860,-0.422689,0.027424,0.006838,0.079328,0.996825,0,0.83556,0.51444,50.133,1.029,-1,425.000,675.000,375.000,575.000,325.000,325.000,300.000,300.000,-1,-1,-1,-1,725.000,450.000,-1,475.000,2,0,1,1,1,0,0,0,1,2,2,2,2,1,1,2,1
58,-5308.266,-5524.142,313.932,116.115,-0.439784,-0.895175,0.072467,0.898086,-0.438842,0.029300,0.005573,0.077967,0.996940,0,0.82820,0.51324,49.692,1.026,-1,425.000,625.000,350.000,475.000,325.000,325.000,300.000,300.000,-1,-1,-1,-1,700.000,425.000,-1,425.000,2,0,1,1,1,0,0,0,1,2,2,2,2,1,1,2,1
59,-5330.726,-5480.325,314.202,117.141,-0.455881,-0.887274,0.070116,0.890030,-0.454834,0.031176,0.004230,0.076618,0.997052,0,0.82064,0.51253,49.239,1.025,-1,425.000,600.000,325.000,400.000,325.000,325.000,300.000,300.000,-1,-1,-1,-1,675.000,375.000,-1,375.000,2,0,1,1,1,0,1,0,1,2,2,2,2,1,1,2,1
60,-5353.749,-5437.321,314.500,118.165,-0.471825,-0.879089,0.067696,0.881688,-0.470675,0.033049,0.002810,0.075280,0.997158,0,0.81300,0.51228,48.780,1.025,-1,425.000,575.000,275.000,325.000,325.000,275.000,300.000,300.000,-1,-1,-1,-1,675.000,325.000,-1,325.000,2,0,1,1,1,0,1,0,1,2,2,2,2,1,1,2,1
61,-5380.074,-5390.655,314.777,119.430,-0.491250,-0.868562,0.065364,0.871017,-0.490003,0.035028,0.001605,0.074141,0.997247,0,0.89300,0.63228,53.580,1.265,-1,400.000,550.000,250.000,275.000,325.000,250.000,300.000,300.000,-1,-1,-1,-1,675.000,300.000,-1,250.000,2,1,1,1,1,1,1,0,0,2,2,2,2,1,1,2,1
62,-5408.922,-5342.030,314.993,120.680,-0.510217,-0.857710,0.063345,0.860045,-0.508868,0.037076,0.000433,0.073397,0.997303,0,0.94232,0.62523,56.539,1.250,-1,375.000,525.000,225.000,200.000,300.000,225.000,300.000,300.000,-1,-1,-1,-1,850.000,250.000,-1,200.000,2,1,1,1,1,1,1,0,0,2,2,2,2,0,1,2,1
63,-5438.941,-5293.805,319.540,121.914,-0.528032,-0.847473,0.054512,0.849141,-0.527793,0.019875,0.011928,0.056783,0.998315,0,0.94676,0.61694,56.805,1.234,-1,375.000,-1,200.000,175.000,275.000,200.000,300.000,350.000,-1,-1,-1,-1,950.000,225.000,-1,175.000,2,1,2,1,1,1,1,0,0,2,2,2,2,0,1,2,1
64,-5470.099,-5246.036,327.441,123.129,-0.545452,-0.837115,0.041484,0.837479,-0.546321,-0.012722,0.033314,0.027803,0.999058,0,0.95052,0.60770,57.031,1.215,-1,400.000,-1,200.000,150.000,275.000,200.000,275.000,400.000,-1,-1,-1,-1,-1,225.000,-1,150.000,2,1,2,1,1,1,1,0,1,2,2,2,2,2,1,2,1
65,-5502.352,-5198.785,336.416,124.324,-0.563184,-0.825848,0.028267,0.824305,-0.563868,-0.050737,0.057840,-0.005274,0.998312,0,0.95345,0.59743,57.207,1.195,-1,475.000,-1,200.000,150.000,300.000,225.000,250.000,525.000,700.000,100.000,550.000,-1,-1,250.000,-1,125.000,2,1,2,1,1,1,1,0,1,0,0,0,2,2,1,2,1
66,-5535.642,-5152.113,346.428,125.496,-0.581505,-0.813405,0.014965,0.809031,-0.580117,-0.094516,0.085561,-0.042854,0.995411,0,0.95538,0.58602,57.323,1.172,-1,650.000,-1,225.000,125.000,350.000,250.000,250.000,775.000,375.000,50.000,300.000,-1,-1,300.000,-1,125.000,2,0,2,1,1,1,1,0,1,0,0,0,2,2,1,2,1
67,-5569.900,-5106.088,357.083,126.643,-0.600875,-0.799342,0.001195,0.790673,-0.594576,-0.145998,0.117413,-0.086782,0.989284,0,0.95611,0.57336,57.367,1.147,-1,750.000,-1,275.000,125.000,450.000,300.000,225.000,-1,225.000,0.000,225.000,-1,-1,400.000,-1,100.000,2,0,2,1,1,1,1,0,2,0,0,0,2,2,1,2,1
68,-5606.489,-5058.528,363.584,127.550,-0.616281,-0.787495,-0.007075,0.775585,-0.605353,-0.178927,0.136622,-0.115757,0.983837,0,1.00000,0.45336,60.000,0.907,-1,825.000,-1,325.000,75.000,725.000,375.000,225.000,-1,150.000,0.000,200.000,-1,-1,-1,-1,100.000,2,0,2,1,1,0,1,0,2,0,0,0,2,2,2,2,1
69,-5575.420,-983.934,125.491,-169.099,-0.981398,0.188701,0.035357,-0.185709,-0.979781,0.074442,0.048689,0.066491,0.996598,1,0.00000,0.00000,60.000,0.667,-1,400.000,-1,400.000,-1,325.000,325.000,300.000,300.000,-1,-1,-1,-1,925.000,925.000,-1,-1,2,0,2,0,2,0,0,0,0,2,2,2,2,0,0,2,2
70,-5580.129,-984.861,125.728,-168.859,-0.980602,0.192806,0.035295,-0.189811,-0.978995,0.074439,0.048906,0.066296,0.996601,0,0.08000,0.12000,4.800,0.240,-1,400.000,-1,400.000,-1,325.000,325.000,300.000,300.000,-1,-1,-1,-1,925.000,925.000,-1,-1,2,0,2,0,2,0,0,0,0,2,2,2,2,0,0,2,2
71,-5589.532,-986.795,126.208,-168.379,-0.978958,0.201006,0.035170,-0.198006,-0.977371,0.074432,0.049336,0.065902,0.996606,0,0.16000,0.24000,9.600,0.480,-1,400.000,-1,400.000,-1,325.000,325.000,300.000,300.000,-1,-1,-1,-1,925.000,950.000,-1,-1,2,0,2,0,2,0,0,0,0,2,2,2,2,0,0,2,2
72,-5603.600,-989.871,126.939,-167.663,-0.976379,0.213212,0.034984,-0.210205,-0.974821,0.074418,0.049970,0.065307,0.996613,0,0.24000,0.35798,14.400,0.716,-1,400.000,-1,400.000,-1,325.000,325.000,300.000,300.000,-1,-1,-1,-1,925.000,950.000,-1,-1,2,0,2,0,2,0,0,0,0,2,2,2,2,0,0,2,2
73,-5622.303,-994.208,127.928,-166.944,-0.973640,0.225427,0.034742,-0.222418,-0.972109,0.074388,0.050542,0.064700,0.996624,0,0.32000,0.35922,19.200,0.718,-1,400.000,-1,400.000,-1,325.000,325.000,300.000,300.000,-1,-1,-1,-1,925.000,950.000,-1,-1,2,0,2,0,2,0,0,0,0,2,2,2,2,0,0,2,2
74,-5645.612,-999.923,129.182,-166.222,-0.970736,0.237665,0.034443,-0.234658,-0.969231,0.074342,0.051052,0.064084,0.996638,0,0.40000,0.36091,24.000,0.722,-1,400.000,-1,425.000,-1,325.000,325.000,300.000,300.000,-1,-1,-1,-1,925.000,975.000,-1,-1,2,0,2,0,2,0,0,0,0,2,2,2,2,0,0,2,2
75,-5673.494,-1007.135,130.709,-165.496,-0.967662,0.249938,0.034089,-0.246938,-0.966180,0.074280,0.051501,0.063460,0.996655,0,0.48000,0.36303,28.800,0.726,-1,400.000,-1,425.000,-1,325.000,325.000,300.000,300.000,-1,-1,-1,-1,925.000,1000.000,-1,-1,2,0,2,0,2,0,0,0,0,2,2,2,2,0,0,2,2
76,-5705.913,-1015.964,132.515,-164.765,-0.964410,0.262257,0.033677,-0.259269,-0.962950,0.074206,0.051890,0.062833,0.996674,0,0.56000,0.36558,33.600,0.731,-1,400.000,-1,425.000,-1,325.000,325.000,300.000,300.000,-1,-1,-1,-1,950.000,-1,-1,-1,2,0,2,0,2,0,0,0,0,2,2,2,2,0,2,2,2
77,-5742.830,-1026.530,134.610,-164.028,-0.960976,0.274632,0.033206,-0.271659,-0.959535,0.074121,0.052219,0.062208,0.996696,0,0.64000,0.36851,38.400,0.737,-1,400.000,-1,425.000,-1,325.000,350.000,300.000,300.000,-1,-1,-1,-1,950.000,-1,-1,-1,2,0,2,0,2,0,0,0,0,2,2,2,2,0,2,2,2
78,-5784.205,-1038.954,136.999,-163.285,-0.957352,0.287072,0.032675,-0.284118,-0.955927,0.074032,0.052487,0.061591,0.996720,0,0.72000,0.37177,43.200,0.744,-1,425.000,-1,425.000,-1,325.000,350.000,300.000,300.000,-1,-1,-1,-1,975.000,-1,-1,-1,2,0,2,0,2,0,0,0,0,2,2,2,2,0,2,2,2
79,-5829.992,-1053.361,139.645,-162.534,-0.953530,0.299579,0.032155,-0.296632,-0.952110,0.074139,0.052826,0.061155,0.996729,0,0.80000,0.37531,48.000,0.751,-1,425.000,-1,450.000,-1,350.000,350.000,300.000,300.000,-1,-1,-1,-1,975.000,-1,-1,-1,2,0,2,0,2,0,0,0,0,2,2,2,2,0,2,2,2
80,-5880.142,-1069.874,142.115,-161.776,-0.949569,0.312122,0.029980,-0.309213,-0.947981,0.075626,0.052025,0.062542,0.996685,0,0.88000,0.37903,52.800,0.758,-1,425.000,-1,450.000,-1,350.000,350.000,300.000,300.000,-1,-1,-1,-1,1000.000,-1,-1,-1,2,0,2,0,2,0,0,0,0,2,2,2,2,0,2,2,2
81,-5933.099,-1088.100,144.538,-161.010,-0.945438,0.324712,0.026642,-0.321882,-0.943579,0.077789,0.050398,0.064969,0.996614,0,0.93343,0.38285,56.006,0.766,-1,425.000,-1,450.000,-1,350.000,350.000,300.000,300.000,-1,-1,-1,-1,1000.000,-1,-1,-1,2,0,2,0,2,0,0,0,0,2,2,2,2,0,2,2,2
82,-5985.748,-1107.019,146.956,-160.237,-0.941085,0.337362,0.023361,-0.334621,-0.938967,0.079813,0.048861,0.067294,0.996536,0,0.93242,0.38655,55.945,0.773,-1,425.000,-1,450.000,-1,350.000,350.000,300.000,275.000,-1,-1,-1,-1,-1,-1,-1,-1,2,0,2,0,2,0,0,0,0,2,2,2,2,2,2,2,2
83,-6038.071,-1126.627,149.149,-159.457,-0.936503,0.350084,0.020084,-0.347508,-0.934223,0.080404,0.046911,0.068320,0.996560,0,0.93129,0.38987,55.877,0.780,-1,450.000,-1,450.000,-1,350.000,350.000,300.000,275.000,-1,-1,-1,-1,-1,-1,-1,-1,2,0,2,0,2,0,0,0,0,2,2,2,2,2,2,2,2
84,-6090.052,-1146.921,150.948,-158.672,-0.931697,0.362879,0.016098,-0.360614,-0.929380,0.078809,0.043560,0.067621,0.996760,0,0.93005,0.39283,55.803,0.786,-1,425.000,-1,450.000,-1,350.000,350.000,300.000,275.000,-1,-1,-1,-1,1000.000,-1,-1,-1,2,0,2,0,2,0,0,0,0,2,2,2,2,0,2,2,2
85,-6141.673,-1167.901,152.777,-157.881,-0.926667,0.375689,0.012122,-0.373731,-0.924325,0.077121,0.040178,0.066935,0.996948,0,0.92871,0.39541,55.723,0.791,-1,425.000,-1,425.000,-1,350.000,350.000,300.000,300.000,-1,-1,-1,-1,975.000,-1,-1,-1,2,0,2,0,2,0,0,0,0,2,2,2,2,0,2,2,2
86,-6192.920,-1189.563,154.635,-157.086,-0.921413,0.388499,0.008155,-0.386841,-0.919064,0.075339,0.036764,0.066264,0.997125,0,0.92730,0.39762,55.638,0.795,-1,425.000,-1,425.000,-1,350.000,350.000,300.000,300.000,-1,-1,-1,-1,950.000,-1,-1,-1,2,0,2,0,2,0,0,0,0,2,2,2,2,0,2,2,2
87,-6243.779,-1211.901,156.519,-156.287,-0.915940,0.401293,0.004200,-0.399930,-0.913597,0.073463,0.033317,0.065607,0.997289,0,0.92581,0.39945,55.549,0.799,-1,425.000,-1,425.000,-1,350.000,350.000,300.000,300.000,-1,-1,-1,-1,925.000,-1,-1,-1,2,0,2,0,2,0,0,0,0,2,2,2,2,0,2,2,2
88,-6294.235,-1234.910,158.431,-155.485,-0.910251,0.414056,0.000258,-0.412980,-0.907930,0.071491,0.029836,0.064968,0.997441,0,0.92427,0.40091,55.456,0.802,-1,425.000,-1,425.000,-1,325.000,350.000,300.000,300.000,-1,-1,-1,-1,925.000,-1,-1,-1,2,0,2,0,2,0,0,0,0,2,2,2,2,0,2,2,2
89,-6344.279,-1258.585,160.367,-154.681,-0.904352,0.426772,-0.003670,-0.425976,-0.902067,0.069422,0.026317,0.064345,0.997581,0,0.92269,0.40200,55.361,0.804,-1,400.000,-1,425.000,-1,325.000,350.000,275.000,300.000,-1,-1,-1,-1,900.000,1000.000,-1,-1,2,0,2,0,2,0,0,0,0,2,2,2,2,0,0,2,2
90,-6393.898,-1282.918,162.329,-153.876,-0.898246,0.439427,-0.007579,-0.438902,-0.896013,0.067270,0.022769,0.063751,0.997706,0,0.92109,0.40271,55.265,0.805,-1,400.000,-1,425.000,-1,325.000,350.000,275.000,300.000,-1,-1,-1,-1,875.000,975.000,-1,-1,2,0,2,0,2,0,0,0,0,2,2,2,2,0,0,2,2
91,-6443.083,-1307.905,163.863,-153.069,-0.891973,0.451954,-0.011003,-0.451618,-0.889672,0.067273,0.020616,0.064975,0.997674,0,0.91947,0.40306,55.168,0.806,-1,400.000,-1,425.000,-1,325.000,350.000,275.000,300.000,-1,-1,-1,-1,875.000,975.000,-1,-1,2,0,2,0,2,0,0,0,0,2,2,2,2,0,0,2,2
92,-6487.851,-1331.208,165.078,-152.503,-0.887465,0.460659,-0.014078,-0.460484,-0.885042,0.068227,0.018970,0.067032,0.997570,0,0.84117,0.28306,50.470,0.566,-1,400.000,-1,450.000,-1,350.000,350.000,275.000,300.000,-1,-1,-1,-1,875.000,950.000,-1,-1,2,0,2,0,2,0,0,0,0,2,2,2,2,0,0,2,2
93,-6532.391,-1354.717,165.968,-152.177,-0.884809,0.465578,-0.018702,-0.465678,-0.882194,0.069845,0.016019,0.070509,0.997383,0,0.83940,0.16306,50.364,0.326,-1,400.000,-1,425.000,-1,325.000,350.000,300.000,300.000,-1,-1,-1,-1,875.000,925.000,-1,-1,2,0,2,0,2,0,0,0,0,2,2,2,2,0,0,2,2
94,-6576.781,-1378.232,166.886,-152.091,-0.884062,0.466783,-0.023409,-0.467197,-0.881266,0.071387,0.012693,0.074047,0.997174,0,0.83723,0.04306,50.234,0.086,-1,400.000,-1,425.000,-1,325.000,350.000,300.000,300.000,-1,-1,-1,-1,875.000,900.000,-1,-1,2,0,2,0,2,0,0,0,0,2,2,2,2,0,0,2,2
95,-6621.094,-1401.570,167.791,-152.230,-0.885115,0.464520,-0.028151,-0.465284,-0.882143,0.073037,0.009094,0.077744,0.996932,0,0.83472,-0.06926,50.083,-0.139,-1,400.000,-1,425.000,-1,325.000,350.000,300.000,300.000,-1,-1,-1,-1,850.000,875.000,-1,-1,2,0,2,0,2,0,0,0,0,2,2,2,2,0,0,2,2
96,-6665.317,-1424.719,168.318,-152.372,-0.886206,0.462237,-0.031229,-0.463243,-0.883130,0.074077,0.006662,0.080114,0.996763,0,0.83193,-0.07128,49.916,-0.143,-1,425.000,-1,425.000,-1,350.000,350.000,300.000,300.000,-1,-1,-1,-1,875.000,875.000,-1,-1,2,0,2,0,2,0,0,0,0,2,2,2,2,0,0,2,2
97,-6709.462,-1447.681,168.546,-152.520,-0.887353,0.459906,-0.033023,-0.461061,-0.884222,0.074660,0.005137,0.081476,0.996662,0,0.82932,-0.07391,49.759,-0.148,-1,425.000,-1,425.000,-1,350.000,350.000,300.000,300.000,-1,-1,-1,-1,875.000,850.000,-1,-1,2,0,2,0,2,0,0,0,0,2,2,2,2,0,0,2,2
98,-6753.540,-1470.456,168.470,-152.674,-0.888511,0.457512,-0.035083,-0.458846,-0.885434,0.073933,0.002762,0.081787,0.996646,0,0.82691,-0.07714,49.615,-0.154,-1,425.000,-1,425.000,-1,350.000,350.000,300.000,300.000,-1,-1,-1,-1,850.000,850.000,-1,-1,2,0,2,0,2,0,0,0,0,2,2,2,2,0,0,2,2
99,-6797.567,-1493.047,168.230,-152.836,-0.889704,0.455014,-0.037271,-0.456538,-0.886736,0.072615,-0.000009,0.081621,0.996663,0,0.82475,-0.08095,49.485,-0.162,-1,425.000,-1,425.000,-1,325.000,350.000,300.000,300.000,-1,-1,-1,-1,825.000,825.000,-1,-1,2,0,2,0,2,0,0,0,0,2,2,2,2,0,0,2,2
100,-6841.561,-1515.456,167.948,-153.007,-0.890954,0.452376,-0.039465,-0.454086,-0.888098,0.071332,-0.002780,0.081474,0.996672,0,0.82286,-0.08534,49.372,-0.171,-1,400.000,-1,425.000,-1,325.000,350.000,300.000,300.000,-1,-1,-1,-1,825.000,800.000,-1,-1,2,0,2,0,2,0,0,0,0,2,2,2,2,0,0,2,2
101,-6885.540,-1537.683,167.624,-153.187,-0.892268,0.449580,-0.041664,-0.451472,-0.889529,0.070085,-0.005553,0.081345,0.996671,0,0.82128,-0.09029,49.277,-0.181,-1,400.000,-1,425.000,-1,325.000,325.000,300.000,300.000,-1,-1,-1,-1,800.000,800.000,-1,-1,2,0,2,0,2,0,0,0,0,2,2,2,2,0,0,2,2
102,-6929.527,-1559.729,167.251,-153.379,-0.893655,0.446607,-0.043844,-0.448677,-0.891037,0.068861,-0.008313,0.081210,0.996662,0,0.82004,-0.09581,49.202,-0.192,-1,400.000,-1,400.000,-1,325.000,325.000,300.000,300.000,-1,-1,-1,-1,775.000,775.000,-1,-1,2,0,2,0,2,0,0,0,0,2,2,2,2,0,0,2,2
103,-6973.545,-1581.596,166.848,-153.583,-0.895119,0.443438,-0.046090,-0.445689,-0.892625,0.067700,-0.011120,0.081141,0.996641,0,0.81916,-0.10187,49.150,-0.204,-1,400.000,-1,400.000,-1,325.000,325.000,300.000,300.000,-1,-1,-1,-1,775.000,750.000,-1,-1,2,0,2,0,2,0,0,0,0,2,2,2,2,0,0,2,2
104,-7017.620,-1603.283,166.417,-153.800,-0.896665,0.440055,-0.048419,-0.442490,-0.894297,0.066609,-0.013990,0.081151,0.996604,0,0.81868,-0.10848,49.121,-0.217,-1,400.000,-1,400.000,-1,325.000,325.000,300.000,300.000,-1,-1,-1,-1,750.000,750.000,-1,-1,2,0,2,0,2,0,0,0,0,2,2,2,2,0,0,2,2
105,-7061.777,-1624.790,165.958,-154.031,-0.898297,0.436439,-0.050833,-0.439063,-0.896059,0.065590,-0.016923,0.081238,0.996551,0,0.81860,-0.11563,49.116,-0.231,-1,400.000,-1,400.000,-1,325.000,325.000,275.000,300.000,-1,-1,-1,-1,750.000,725.000,-1,-1,2,0,2,0,2,0,0,0,0,2,2,2,2,0,0,2,2
106,-7106.045,-1646.117,165.175,-154.278,-0.900057,0.432534,-0.053019,-0.435354,-0.897838,0.065983,-0.019062,0.082470,0.996411,0,0.81896,-0.12330,49.137,-0.247,-1,400.000,-1,375.000,-1,325.000,325.000,275.000,300.000,-1,-1,-1,-1,725.000,700.000,-1,-1,2,0,2,0,2,0,0,0,0,2,2,2,2,0,0,2,2
107,-7145.991,-1665.356,164.421,-154.284,-0.900016,0.432380,-0.054938,-0.435373,-0.897784,0.066594,-0.020528,0.083854,0.996267,0,0.73896,-0.00330,44.337,-0.007,-1,375.000,-1,375.000,-1,325.000,325.000,300.000,300.000,-1,-1,-1,-1,725.000,700.000,-1,-1,2,0,2,0,2,0,0,0,0,2,2,2,2,0,0,2,2
108,-7185.210,-1684.442,163.965,-154.051,-0.898217,0.436017,-0.055629,-0.439060,-0.895980,0.066673,-0.020772,0.084312,0.996223,0,0.72695,0.11670,43.617,0.233,-1,375.000,-1,375.000,-1,325.000,325.000,300.000,300.000,-1,-1,-1,-1,725.000,700.000,-1,-1,2,0,2,0,2,0,0,0,0,2,2,2,2,0,0,2,2
109,-7224.364,-1703.898,163.517,-153.577,-0.894559,0.443381,-0.056371,-0.446472,-0.892299,0.066819,-0.020673,0.084942,0.996171,0,0.72870,0.23670,43.722,0.473,-1,375.000,-1,375.000,-1,325.000,300.000,300.000,300.000,-1,-1,-1,-1,700.000,675.000,-1,-1,2,0,2,0,2,0,0,0,0,2,2,2,2,0,0,2,2
110,-7263.387,-1723.899,163.165,-152.864,-0.888963,0.454436,-0.056851,-0.457541,-0.886670,0.066885,-0.020013,0.085470,0.996140,0,0.73084,0.35670,43.850,0.713,-1,375.000,-1,375.000,-1,325.000,300.000,300.000,300.000,-1,-1,-1,-1,700.000,675.000,-1,-1,2,0,2,0,2,0,0,0,0,2,2,2,2,0,0,2,2
111,-7302.199,-1744.614,162.864,-151.911,-0.881303,0.469116,-0.056879,-0.472183,-0.878966,0.066799,-0.018659,0.085728,0.996144,0,0.73326,0.47670,43.996,0.953,-1,375.000,-1,375.000,-1,325.000,300.000,300.000,300.000,-1,-1,-1,-1,700.000,675.000,-1,-1,2,0,2,0,2,0,0,0,0,2,2,2,2,0,0,2,2
112,-7340.710,-1766.210,162.342,-150.717,-0.871433,0.487351,-0.055612,-0.490252,-0.869059,0.066253,-0.016042,0.084999,0.996252,0,0.73588,0.59670,44.153,1.193,-1,375.000,-1,375.000,-1,325.000,300.000,300.000,300.000,-1,-1,-1,-1,700.000,675.000,-1,-1,2,0,2,0,2,0,0,0,0,2,2,2,2,0,0,2,2
113,-7378.808,-1788.846,161.888,-149.284,-0.859069,0.508965,-0.054359,-0.511693,-0.856641,0.065855,-0.013048,0.084389,0.996347,0,0.73861,0.71670,44.317,1.433,-1,375.000,-1,375.000,-1,325.000,300.000,300.000,300.000,-1,-1,-1,-1,700.000,675.000,-1,-1,2,0,2,0,2,0,0,0,0,2,2,2,2,0,0,2,2
114,-7416.368,-1812.673,161.534,-147.610,-0.843951,0.533783,-0.053130,-0.536334,-0.841443,0.065717,-0.009627,0.083957,0.996423,0,0.74136,0.83670,44.481,1.673,-1,375.000,-1,375.000,-1,325.000,300.000,300.000,300.000,-1,-1,-1,-1,700.000,675.000,-1,-1,2,0,2,0,2,0,0,0,0,2,2,2,2,0,0,2,2
115,-7453.243,-1837.832,161.382,-145.697,-0.825795,0.561575,-0.051920,-0.563943,-0.823145,0.066336,-0.005485,0.084060,0.996446,0,0.74403,0.95670,44.642,1.913,-1,375.000,-1,375.000,-1,325.000,325.000,300.000,300.000,-1,-1,-1,-1,700.000,675.000,-1,-1,2,0,2,0,2,0,0,0,0,2,2,2,2,0,0,2,2
116,-7489.340,-1864.351,161.317,-143.697,-0.805834,0.589954,-0.050855,-0.592141,-0.803036,0.067097,-0.001254,0.084182,0.996450,0,0.74654,1.00000,44.793,2.000,-1,375.000,-1,375.000,-1,325.000,325.000,300.000,300.000,-1,-1,-1,-1,700.000,675.000,-1,-1,2,0,2,0,2,0,0,0,0,2,2,2,2,0,0,2,2
117,-7524.589,-1892.194,161.389,-141.697,-0.784902,0.617603,-0.049952,-0.619612,-0.781936,0.068250,0.003092,0.084520,0.996417,0,0.74867,1.00000,44.920,2.000,-1,375.000,-1,375.000,-1,325.000,325.000,300.000,300.000,-1,-1,-1,-1,700.000,675.000,-1,-1,2,0,2,0,2,0,0,0,0,2,2,2,2,0,0,2,2
118,-7558.844,-1921.251,161.661,-139.697,-0.763041,0.644470,-0.049258,-0.646303,-0.759852,0.070121,0.007762,0.085340,0.996322,0,0.74867,1.00000,44.920,2.000,-1,375.000,-1,400.000,-1,325.000,325.000,300.000,300.000,-1,-1,-1,-1,700.000,675.000,-1,-1,2,0,2,0,2,0,0,0,0,2,2,2,2,0,0,2,2
119,-7592.065,-1951.485,162.028,-137.697,-0.740261,0.670545,-0.048811,-0.672205,-0.736841,0.072146,0.012411,0.086217,0.996199,0,0.74867,1.00000,44.920,2.000,-1,375.000,-1,400.000,-1,325.000,325.000,300.000,300.000,-1,-1,-1,-1,700.000,675.000,-1,-1,2,0,2,0,2,0,0,0,0,2,2,2,2,0,0,2,2
120,-7624.210,-1982.859,162.670,-135.697,-0.716559,0.695836,-0.048539,-0.697332,-0.712974,0.073462,0.016510,0.086488,0.996116,0,0.74867,1.00000,44.920,2.000,-1,375.000,-1,400.000,-1,325.000,325.000,300.000,300.000,-1,-1,-1,-1,725.000,675.000,-1,-1,2,0,2,0,2,0,0,0,0,2,2,2,2,0,0,2,2
121,-7655.242,-2015.336,163.581,-133.697,-0.691960,0.720314,-0.048371,-0.721657,-0.688274,0.074098,0.020082,0.086180,0.996077,0,0.74867,1.00000,44.920,2.000,-1,375.000,-1,375.000,-1,325.000,325.000,300.000,300.000,-1,-1,-1,-1,700.000,675.000,-1,-1,2,0,2,0,2,0,0,0,0,2,2,2,2,0,0,2,2
122,-7685.121,-2048.876,164.617,-131.697,-0.666519,0.743919,-0.048338,-0.745117,-0.662737,0.074702,0.023537,0.085808,0.996034,0,0.74867,1.00000,44.920,2.000,-1,375.000,-1,375.000,-1,325.000,325.000,300.000,300.000,-1,-1,875.000,-1,725.000,675.000,-1,-1,2,0,2,0,2,0,0,0,0,2,2,0,2,0,0,2,2
123,-7713.813,-2083.438,165.880,-129.697,-0.640244,0.766649,-0.048338,-0.767712,-0.636416,0.074793,0.026577,0.084996,0.996027,0,0.74867,1.00000,44.920,2.000,-1,375.000,-1,375.000,-1,325.000,325.000,300.000,300.000,-1,-1,900.000,-1,725.000,675.000,-1,-1,2,0,2,0,2,0,0,0,0,2,2,0,2,0,0,2,2
124,-7741.280,-2118.980,167.234,-127.697,-0.613195,0.788444,-0.048460,-0.789377,-0.609312,0.074985,0.029594,0.084233,0.996006,0,0.74867,1.00000,44.920,2.000,-1,375.000,-1,375.000,-1,325.000,325.000,300.000,300.000,-1,-1,900.000,-1,725.000,675.000,-1,-1,2,0,2,0,2,0,0,0,0,2,2,0,2,0,0,2,2
125,-7767.519,-2155.501,168.681,-125.697,-0.585404,0.809277,-0.048709,-0.810086,-0.581460,0.075266,0.032589,0.083519,0.995973,0,0.74951,1.00000,44.971,2.000,-1,375.000,-1,375.000,-1,300.000,325.000,300.000,300.000,-1,975.000,925.000,-1,725.000,675.000,-1,-1,2,0,2,0,2,0,0,0,0,2,0,0,2,0,0,2,2
126,-7792.633,-2193.160,170.476,-123.697,-0.556915,0.829186,-0.047921,-0.829776,-0.552935,0.075734,0.036301,0.081941,0.995976,0,0.75445,1.00000,45.267,2.000,-1,375.000,-1,375.000,-1,300.000,325.000,300.000,300.000,-1,925.000,875.000,-1,725.000,675.000,-1,-1,2,0,2,0,2,0,0,0,0,2,0,0,2,0,0,2,2
127,-7816.581,-2231.936,172.535,-121.697,-0.527751,0.848125,-0.046506,-0.848434,-0.523751,0.076452,0.040483,0.079805,0.995988,0,0.75959,1.00000,45.576,2.000,-1,375.000,-1,375.000,-1,300.000,325.000,300.000,300.000,-1,850.000,825.000,-1,750.000,675.000,-1,-1,2,0,2,0,2,0,0,0,0,2,0,0,2,0,0,2,2
128,-7839.319,-2271.802,174.845,-119.697,-0.497937,0.866068,-0.044559,-0.866040,-0.493935,0.077475,0.045089,0.077167,0.995998,0,0.76493,1.00000,45.896,2.000,-1,375.000,-1,375.000,-1,325.000,325.000,300.000,300.000,-1,800.000,800.000,-1,750.000,700.000,-1,-1,2,0,2,0,2,0,0,0,0,2,0,0,2,0,0,2,2
129,-7860.807,-2312.731,177.276,-117.697,-0.467507,0.882957,-0.042706,-0.882589,-0.463503,0.078744,0.049734,0.074505,0.995980,0,0.77046,1.00000,46.228,2.000,-1,375.000,-1,375.000,-1,325.000,325.000,300.000,300.000,-1,750.000,750.000,-1,775.000,700.000,-1,-1,2,0,2,0,2,0,0,0,0,2,0,0,2,0,0,2,2
130,-7881.001,-2354.694,179.798,-115.697,-0.436498,0.898765,-0.041114,-0.898064,-0.432488,0.080221,0.054318,0.071939,0.995929,0,0.77618,1.00000,46.571,2.000,-1,400.000,-1,375.000,-1,325.000,325.000,300.000,300.000,-1,725.000,725.000,-1,800.000,725.000,-1,-1,2,0,2,0,2,0,0,0,0,2,0,0,2,0,0,2,2
131,-7899.861,-2397.660,182.410,-113.697,-0.404952,0.913472,-0.039792,-0.912443,-0.400928,0.081882,0.058843,0.069466,0.995847,0,0.78206,1.00000,46.924,2.000,-1,400.000,-1,375.000,-1,325.000,325.000,300.000,300.000,-1,700.000,725.000,-1,800.000,750.000,-1,-1,2,0,2,0,2,0,0,0,0,2,0,0,2,0,0,2,2
132,-7917.344,-2441.594,185.142,-111.697,-0.372910,0.927053,-0.038878,-0.925711,-0.368862,0.083665,0.063221,0.067189,0.995735,0,0.78810,1.00000,47.286,2.000,-1,400.000,-1,400.000,-1,325.000,325.000,300.000,300.000,-1,675.000,650.000,-1,825.000,775.000,-1,-1,2,0,2,0,2,0,0,0,0,2,0,0,2,0,0,2,2
133,-7931.831,-2481.533,187.737,-109.937,-0.344348,0.938044,-0.038700,-0.936464,-0.340252,0.085223,0.066775,0.065588,0.995610,0,0.70810,0.88000,42.486,1.760,-1,400.000,-1,400.000,-1,325.000,325.000,300.000,300.000,-1,675.000,625.000,-1,825.000,775.000,-1,-1,2,0,2,0,2,0,0,0,0,2,0,0,2,1,0,2,2
134,-7943.738,-2517.288,190.091,-108.417,-0.319423,0.946819,-0.038753,-0.945038,-0.315276,0.086631,0.069806,0.064295,0.995486,0,0.62810,0.76000,37.686,1.520,-1,400.000,-1,400.000,-1,325.000,325.000,300.000,300.000,-1,675.000,600.000,-1,825.000,800.000,-1,-1,2,0,2,0,2,0,0,0,0,2,0,0,2,1,0,2,2
135,-7953.428,-2548.714,192.275,-107.137,-0.298279,0.953666,-0.039389,-0.951756,-0.294060,0.087692,0.072046,0.063645,0.995369,0,0.54810,0.64000,32.886,1.280,-1,425.000,-1,400.000,-1,325.000,325.000,300.000,300.000,-1,650.000,550.000,-1,825.000,800.000,-1,-1,2,0,2,0,2,0,0,0,0,2,0,0,2,1,0,2,2
136,-7961.215,-2575.698,194.087,-106.097,-0.280964,0.958894,-0.039776,-0.956890,-0.276715,0.088266,0.073631,0.062861,0.995302,0,0.46810,0.52000,28.086,1.040,-1,425.000,-1,400.000,-1,325.000,325.000,300.000,300.000,-1,625.000,525.000,-1,825.000,825.000,-1,-1,2,0,2,0,2,0,0,0,0,2,0,0,2,1,0,2,2
137,-7967.287,-2598.178,195.529,-105.114,-0.264476,0.963565,-0.039946,-0.961484,-0.260238,0.088457,0.074838,0.061802,0.995279,0,0.38810,0.49161,23.286,0.983,-1,425.000,-1,400.000,-1,325.000,325.000,300.000,300.000,-1,600.000,525.000,-1,825.000,825.000,-1,-1,2,0,2,0,2,0,0,0,0,2,0,0,2,1,0,2,2
