timestep,x_cm,y_cm,z_cm,yaw_deg,basis_xx,basis_xy,basis_xz,basis_yx,basis_yy,basis_yz,basis_zx,basis_zy,basis_zz,teleport_flag,throttle_cmd,steering_cmd,cmd_move_cm,cmd_turn_deg,lidar_cm_0,lidar_cm_1,lidar_cm_2,lidar_cm_3,lidar_cm_4,lidar_cm_5,lidar_cm_6,lidar_cm_7,lidar_cm_8,lidar_cm_9,lidar_cm_10,lidar_cm_11,lidar_cm_12,lidar_cm_13,lidar_cm_14,lidar_cm_15,lidar_cm_16,lidar_class_0,lidar_class_1,lidar_class_2,lidar_class_3,lidar_class_4,lidar_class_5,lidar_class_6,lidar_class_7,lidar_class_8,lidar_class_9,lidar_class_10,lidar_class_11,lidar_class_12,lidar_class_13,lidar_class_14,lidar_class_15,lidar_class_16
0,-4263.542,-988.698,-94.903,-89.910,0.001112,0.999334,-0.036487,-0.999919,0.001573,0.012593,0.012642,0.036470,0.999255,1,0.08000,-0.12000,4.800,-0.240,-1,400.000,-1,400.000,-1,325.000,325.000,300.000,300.000,-1,-1,-1,-1,825.000,775.000,-1,-1,2,0,2,0,2,0,0,0,0,2,2,2,2,0,0,2,2
1,-4263.608,-998.298,-94.781,-90.390,-0.007247,0.999309,-0.036442,-0.999900,-0.006799,0.012402,0.012146,0.036528,0.999259,0,0.16000,-0.24000,9.600,-0.480,-1,400.000,-1,400.000,-1,325.000,325.000,300.000,300.000,-1,-1,-1,-1,825.000,775.000,-1,-1,2,0,2,0,2,0,0,0,0,2,2,2,2,0,0,2,2
2,-4263.887,-1012.696,-94.603,-91.110,-0.019785,0.999142,-0.036375,-0.999739,-0.019356,0.012116,0.011402,0.036605,0.999265,0,0.24000,-0.36000,14.400,-0.720,-1,400.000,-1,400.000,-1,325.000,325.000,300.000,300.000,-1,-1,-1,-1,825.000,775.000,-1,-1,2,0,2,0,2,0,0,0,0,2,2,2,2,0,0,2,2
3,-4264.580,-1031.883,-94.376,-92.070,-0.036498,0.998675,-0.036288,-0.999279,-0.036093,0.011737,0.010412,0.036690,0.999272,0,0.32000,-0.48000,19.200,-0.960,-1,400.000,-1,400.000,-1,325.000,325.000,300.000,300.000,-1,-1,-1,-1,825.000,775.000,-1,-1,2,0,2,0,2,0,0,0,0,2,2,2,2,0,0,2,2
4,-4265.949,-1055.844,-94.108,-93.270,-0.057373,0.997697,-0.036182,-0.998311,-0.057000,0.011266,0.009178,0.036767,0.999282,0,0.40000,-0.60000,24.000,-1.200,-1,400.000,-1,400.000,-1,325.000,325.000,300.000,300.000,-1,-1,-1,-1,825.000,775.000,-1,-1,2,0,2,0,2,0,0,0,0,2,2,2,2,0,0,2,2
5,-4268.314,-1084.547,-93.810,-94.710,-0.082390,0.995948,-0.036060,-0.996570,-0.082054,0.010706,0.007704,0.036818,0.999292,0,0.48000,-0.72000,28.800,-1.440,-1,400.000,-1,400.000,-1,325.000,325.000,300.000,300.000,-1,-1,-1,-1,825.000,750.000,-1,-1,2,0,2,0,2,0,0,0,0,2,2,2,2,0,0,2,2
6,-4272.054,-1117.939,-93.495,-96.390,-0.111510,0.993114,-0.035924,-0.993745,-0.111217,0.010062,0.005997,0.036822,0.999304,0,0.56000,-0.84000,33.600,-1.680,-1,400.000,-1,400.000,-1,325.000,325.000,300.000,300.000,-1,-1,-1,-1,825.000,750.000,-1,-1,2,0,2,0,2,0,0,0,0,2,2,2,2,0,0,2,2
7,-4277.585,-1155.939,-93.175,-98.281,-0.144178,0.988905,-0.035777,-0.989543,-0.143933,0.009338,0.004085,0.036749,0.999316,0,0.64000,-0.94566,38.400,-1.891,-1,400.000,-1,400.000,-1,325.000,325.000,300.000,300.000,-1,-1,-1,-1,800.000,750.000,-1,-1,2,0,2,0,2,0,0,0,0,2,2,2,2,0,0,2,2
8,-4285.206,-1198.461,-92.862,-100.161,-0.176492,0.983658,-0.035605,-0.984300,-0.176298,0.008545,0.002128,0.036554,0.999329,0,0.72000,-0.93996,43.200,-1.880,-1,400.000,-1,400.000,-1,325.000,325.000,300.000,300.000,-1,-1,-1,-1,800.000,750.000,-1,-1,2,0,2,0,2,0,0,0,0,2,2,2,2,0,0,2,2
9,-4295.210,-1245.408,-92.584,-102.028,-0.208405,0.977405,-0.035319,-0.978043,-0.208261,0.007730,0.000199,0.036155,0.999346,0,0.80000,-0.93369,48.000,-1.867,-1,400.000,-1,400.000,-1,325.000,325.000,300.000,300.000,-1,-1,-1,-1,800.000,725.000,-1,-1,2,0,2,0,2,0,0,0,0,2,2,2,2,0,0,2,2
10,-4305.454,-1287.570,-92.589,-103.656,-0.236054,0.971142,-0.034094,-0.971739,-0.235946,0.007226,-0.001027,0.034836,0.999393,0,0.72315,-0.81369,43.389,-1.627,-1,400.000,-1,375.000,-1,325.000,325.000,300.000,300.000,-1,-1,-1,-1,800.000,725.000,-1,-1,2,0,2,0,2,0,0,0,0,2,2,2,2,0,0,2,2
11,-4316.803,-1329.315,-92.656,-105.208,-0.262248,0.964444,-0.032778,-0.964998,-0.262176,0.006555,-0.002272,0.033349,0.999441,0,0.72099,-0.77602,43.259,-1.552,-1,400.000,-1,375.000,-1,325.000,325.000,300.000,300.000,-1,-1,-1,-1,800.000,725.000,-1,-1,2,0,2,0,2,0,0,0,0,2,2,2,2,0,0,2,2
12,-4329.226,-1370.595,-92.780,-106.748,-0.288057,0.957094,-0.031541,-0.957607,-0.288016,0.005939,-0.003401,0.031915,0.999485,0,0.71848,-0.77007,43.109,-1.540,-1,400.000,-1,375.000,-1,325.000,325.000,300.000,300.000,-1,-1,-1,-1,775.000,725.000,-1,-1,2,0,2,0,2,0,0,0,0,2,2,2,2,0,0,2,2
13,-4342.696,-1411.364,-93.009,-108.284,-0.313594,0.949067,-0.030519,-0.949548,-0.313574,0.005552,-0.004300,0.030721,0.999519,0,0.71561,-0.76783,42.937,-1.536,-1,400.000,-1,375.000,-1,325.000,325.000,300.000,300.000,-1,-1,-1,-1,775.000,725.000,-1,-1,2,0,2,0,2,0,0,0,0,2,2,2,2,0,0,2,2
14,-4357.187,-1451.578,-93.306,-109.816,-0.338845,0.940374,-0.029683,-0.940828,-0.338848,0.005072,-0.005289,0.029645,0.999546,0,0.71242,-0.76605,42.745,-1.532,-1,400.000,-1,375.000,-1,325.000,325.000,300.000,300.000,-1,-1,-1,-1,775.000,700.000,-1,-1,2,0,2,0,2,0,0,0,0,2,2,2,2,0,0,2,2
15,-4372.671,-1491.197,-93.627,-111.345,-0.363810,0.931026,-0.028845,-0.931452,-0.363835,0.004571,-0.006239,0.028530,0.999573,0,0.70895,-0.76462,42.537,-1.529,-1,400.000,-1,375.000,-1,325.000,325.000,300.000,300.000,-1,-1,-1,-1,775.000,700.000,-1,-1,2,0,2,0,2,0,0,0,0,2,2,2,2,0,0,2,2
16,-4389.118,-1530.186,-93.957,-112.872,-0.388486,0.921028,-0.028042,-0.921427,-0.388529,0.004114,-0.007106,0.027437,0.999598,0,0.70528,-0.76356,42.317,-1.527,-1,400.000,-1,375.000,-1,325.000,325.000,300.000,300.000,-1,-1,-1,-1,750.000,675.000,-1,-1,2,0,2,0,2,0,0,0,0,2,2,2,2,0,0,2,2
17,-4406.504,-1568.515,-94.194,-114.398,-0.412874,0.910373,-0.027511,-0.910757,-0.412922,0.004171,-0.007563,0.026778,0.999613,0,0.70145,-0.76285,42.087,-1.526,-1,400.000,-1,375.000,-1,325.000,325.000,300.000,300.000,-1,-1,-1,-1,750.000,675.000,-1,-1,2,0,2,0,2,0,0,0,0,2,2,2,2,0,0,2,2
18,-4424.800,-1606.156,-94.443,-115.923,-0.436959,0.899077,-0.026969,-0.899446,-0.437011,0.004251,-0.007964,0.026114,0.999627,0,0.69753,-0.76251,41.852,-1.525,-1,400.000,-1,375.000,-1,325.000,325.000,300.000,300.000,-1,-1,-1,-1,750.000,675.000,-1,-1,2,0,2,0,2,0,0,0,0,2,2,2,2,0,0,2,2
19,-4443.982,-1643.087,-94.703,-117.448,-0.460738,0.887143,-0.026414,-0.887497,-0.460792,0.004352,-0.008310,0.025448,0.999642,0,0.69359,-0.76252,41.615,-1.525,-1,400.000,-1,375.000,1000.000,325.000,325.000,300.000,300.000,-1,-1,-1,-1,750.000,650.000,-1,-1,2,0,2,0,0,0,0,0,0,2,2,2,2,0,0,2,2
20,-4464.028,-1679.289,-94.975,-118.974,-0.484203,0.874574,-0.025847,-0.874913,-0.484259,0.004474,-0.008604,0.024780,0.999656,0,0.68969,-0.76288,41.381,-1.526,-1,400.000,-1,375.000,975.000,325.000,325.000,300.000,300.000,-1,-1,-1,-1,750.000,650.000,-1,-1,2,0,2,0,0,0,0,0,0,2,2,2,2,0,0,2,2
21,-4484.915,-1714.747,-95.255,-120.501,-0.507347,0.861371,-0.025266,-0.861696,-0.507403,0.004612,-0.008848,0.024112,0.999670,0,0.68588,-0.76359,41.153,-1.527,-1,400.000,-1,375.000,950.000,325.000,325.000,300.000,300.000,-1,-1,-1,-1,750.000,650.000,-1,-1,2,0,2,0,0,0,0,0,0,2,2,2,2,0,0,2,2
22,-4506.626,-1749.449,-95.544,-122.030,-0.530163,0.847537,-0.024672,-0.847847,-0.530219,0.004765,-0.009042,0.023444,0.999684,0,0.68223,-0.76464,40.934,-1.529,-1,400.000,-1,375.000,925.000,325.000,325.000,300.000,300.000,-1,-1,-1,-1,750.000,625.000,-1,-1,2,0,2,0,0,0,0,0,0,2,2,2,2,0,0,2,2
23,-4529.142,-1783.387,-95.882,-123.562,-0.552647,0.833074,-0.023855,-0.833366,-0.552699,0.004950,-0.009061,0.022616,0.999703,0,0.67879,-0.76601,40.728,-1.532,-1,400.000,-1,375.000,900.000,325.000,325.000,300.000,300.000,-1,-1,-1,-1,750.000,625.000,-1,-1,2,0,2,0,0,0,0,0,0,2,2,2,2,0,0,2,2
24,-4552.449,-1816.553,-95.968,-125.098,-0.574815,0.818001,-0.021512,-0.818244,-0.574848,0.005227,-0.008091,0.020607,0.999755,0,0.67561,-0.76770,40.537,-1.535,-1,400.000,-1,350.000,900.000,325.000,300.000,300.000,300.000,-1,-1,-1,-1,750.000,625.000,-1,-1,2,0,2,0,0,0,0,0,0,2,2,2,2,0,0,2,2
25,-4579.349,-1853.047,-95.974,-126.393,-0.593212,0.804836,-0.018402,-0.805020,-0.593223,0.005453,-0.006528,0.018048,0.999816,0,0.75561,-0.64770,45.337,-1.295,-1,400.000,-1,350.000,925.000,325.000,300.000,300.000,300.000,-1,750.000,-1,-1,775.000,625.000,-1,-1,2,0,2,0,0,0,0,0,0,2,0,2,2,0,0,2,2
26,-4608.354,-1890.917,-95.972,-127.448,-0.607981,0.793807,-0.015137,-0.793938,-0.607973,0.005654,-0.004715,0.015455,0.999869,0,0.79503,-0.52770,47.702,-1.055,-1,400.000,-1,350.000,950.000,325.000,300.000,300.000,300.000,-1,675.000,825.000,-1,750.000,625.000,-1,-1,2,0,2,0,0,0,0,0,0,2,0,0,2,0,0,2,2
27,-4637.829,-1928.287,-95.961,-128.264,-0.619251,0.785103,-0.011878,-0.785188,-0.619230,0.005813,-0.002791,0.012926,0.999913,0,0.79325,-0.40770,47.595,-0.815,-1,400.000,-1,350.000,1000.000,325.000,300.000,300.000,300.000,-1,600.000,750.000,-1,750.000,625.000,-1,-1,2,0,2,0,0,0,0,0,0,2,0,0,2,0,0,2,2
28,-4667.635,-1965.306,-95.954,-128.839,-0.627129,0.778868,-0.008612,-0.778915,-0.627102,0.005879,-0.000821,0.010395,0.999946,0,0.79210,-0.28770,47.526,-0.575,-1,400.000,-1,375.000,-1,325.000,300.000,300.000,300.000,-1,550.000,700.000,-1,750.000,650.000,-1,-1,2,0,2,0,2,0,0,0,0,2,0,0,2,0,0,2,2
29,-4697.635,-2002.123,-95.842,-129.175,-0.631690,0.775199,-0.005884,-0.775221,-0.631663,0.005897,0.000855,0.008286,0.999965,0,0.79153,-0.16770,47.492,-0.335,-1,400.000,-1,375.000,-1,325.000,300.000,300.000,300.000,-1,525.000,675.000,-1,750.000,650.000,-1,-1,2,0,2,0,2,0,0,0,0,2,0,0,2,0,0,2,2
30,-4727.695,-2038.888,-95.691,-129.270,-0.632984,0.774157,-0.003349,-0.774161,-0.632962,0.005902,0.002449,0.006328,0.999977,0,0.79149,-0.04770,47.489,-0.095,-1,400.000,-1,375.000,-1,325.000,300.000,300.000,300.000,-1,525.000,675.000,-1,750.000,650.000,-1,-1,2,0,2,0,2,0,0,0,0,2,0,0,2,0,0,2,2
31,-4757.678,-2075.748,-95.578,-129.125,-0.631028,0.775760,-0.000898,-0.775749,-0.631012,0.006148,0.004203,0.004576,0.999981,0,0.79192,0.07230,47.515,0.145,-1,400.000,-1,375.000,-1,325.000,300.000,300.000,300.000,-1,500.000,650.000,-1,750.000,650.000,-1,-1,2,0,2,0,2,0,0,0,0,2,0,0,2,0,0,2,2
32,-4787.444,-2112.848,-95.457,-128.741,-0.625799,0.779983,0.001505,-0.779961,-0.625794,0.006459,0.005980,0.002869,0.999978,0,0.79275,0.19230,47.565,0.385,-1,400.000,-1,375.000,-1,325.000,300.000,300.000,300.000,-1,500.000,650.000,-1,750.000,650.000,-1,-1,2,0,2,0,2,0,0,0,0,2,0,0,2,0,0,2,2
33,-4816.848,-2150.327,-95.320,-128.116,-0.617246,0.786761,0.003854,-0.786732,-0.617256,0.006837,0.007758,0.001188,0.999969,0,0.79394,0.31230,47.636,0.625,-1,400.000,-1,375.000,-1,325.000,300.000,300.000,300.000,-1,475.000,650.000,-1,750.000,650.000,-1,-1,2,0,2,0,2,0,0,0,0,2,0,0,2,0,0,2,2
34,-4845.736,-2188.315,-95.172,-127.251,-0.605284,0.795986,0.006108,-0.795953,-0.605315,0.007305,0.009512,-0.000440,0.999955,0,0.79542,0.43230,47.725,0.865,-1,400.000,-1,375.000,-1,325.000,300.000,300.000,300.000,-1,450.000,600.000,-1,750.000,675.000,-1,-1,2,0,2,0,2,0,0,0,0,2,0,0,2,0,0,2,2
35,-4874.108,-2226.819,-95.092,-126.384,-0.593148,0.805055,0.007904,-0.805019,-0.593198,0.007764,0.010939,-0.001758,0.999939,0,0.79713,0.43359,47.828,0.867,-1,400.000,-1,375.000,-1,325.000,300.000,300.000,300.000,-1,425.000,600.000,-1,775.000,675.000,-1,-1,2,0,2,0,2,0,0,0,0,2,0,0,2,0,0,2,2
36,-4901.961,-2265.831,-94.998,-125.526,-0.580994,0.813851,0.009627,-0.813815,-0.581066,0.008209,0.012275,-0.003065,0.999920,0,0.79891,0.42930,47.935,0.859,-1,400.000,-1,375.000,-1,325.000,300.000,300.000,300.000,-1,425.000,575.000,-1,775.000,675.000,-1,-1,2,0,2,0,2,0,0,0,0,2,0,0,2,0,0,2,2
37,-4929.295,-2305.342,-94.469,-124.676,-0.568830,0.822370,0.011849,-0.822364,-0.568922,0.006739,0.012283,-0.005911,0.999907,0,0.80075,0.42496,48.045,0.850,-1,400.000,-1,375.000,-1,325.000,300.000,300.000,300.000,-1,450.000,650.000,-1,750.000,675.000,-1,-1,2,0,2,0,2,0,0,0,0,2,0,0,2,0,0,2,2
38,-4956.110,-2345.345,-93.879,-123.835,-0.556668,0.830615,0.014124,-0.830647,-0.556776,0.005053,0.012061,-0.008919,0.999887,0,0.80264,0.42057,48.159,0.841,-1,400.000,-1,375.000,-1,325.000,300.000,275.000,300.000,-1,525.000,725.000,-1,750.000,675.000,-1,-1,2,0,2,0,2,0,0,0,0,2,0,0,2,0,0,2,2
39,-4982.404,-2385.832,-93.115,-123.002,-0.544517,0.838596,0.016087,-0.838659,-0.544640,0.004282,0.012352,-0.011160,0.999861,0,0.80460,0.41614,48.276,0.832,-1,400.000,-1,375.000,-1,325.000,300.000,275.000,300.000,-1,550.000,800.000,-1,750.000,675.000,-1,-1,2,0,2,0,2,0,0,0,0,2,0,0,2,0,0,2,2
40,-5008.178,-2426.794,-92.264,-122.179,-0.532381,0.846317,0.017847,-0.846407,-0.532522,0.003951,0.012847,-0.013002,0.999833,0,0.80660,0.41167,48.396,0.823,-1,400.000,-1,375.000,-1,325.000,300.000,275.000,300.000,-1,600.000,850.000,-1,750.000,700.000,-1,-1,2,0,2,0,2,0,0,0,0,2,0,0,2,0,0,2,2
41,-5033.432,-2468.224,-91.403,-121.365,-0.520272,0.853778,0.019484,-0.853898,-0.520427,0.003618,0.013229,-0.014755,0.999804,0,0.80866,0.40715,48.520,0.814,-1,400.000,-1,375.000,-1,325.000,300.000,275.000,300.000,-1,650.000,925.000,-1,750.000,700.000,-1,-1,2,0,2,0,2,0,0,0,0,2,0,0,2,0,0,2,2
42,-5058.165,-2510.114,-90.553,-120.560,-0.508194,0.860984,0.021116,-0.861136,-0.508364,0.003295,0.013571,-0.016509,0.999772,0,0.81078,0.40259,48.647,0.805,-1,400.000,-1,375.000,-1,325.000,325.000,275.000,300.000,-1,700.000,975.000,-1,750.000,700.000,-1,-1,2,0,2,0,2,0,0,0,0,2,0,0,2,0,0,2,2
43,-5082.378,-2552.456,-89.710,-119.764,-0.496154,0.867937,0.022733,-0.868123,-0.496339,0.003000,0.013887,-0.018247,0.999737,0,0.81294,0.39799,48.776,0.796,-1,400.000,-1,375.000,-1,325.000,325.000,275.000,300.000,-1,750.000,-1,-1,750.000,725.000,-1,-1,2,0,2,0,2,0,0,0,0,2,0,2,2,0,0,2,2
44,-5106.072,-2595.242,-88.875,-118.977,-0.484160,0.874641,0.024336,-0.874865,-0.484360,0.002731,0.014176,-0.019968,0.999700,0,0.81515,0.39335,48.909,0.787,-1,400.000,-1,375.000,-1,325.000,325.000,275.000,300.000,-1,800.000,-1,-1,750.000,725.000,-1,-1,2,0,2,0,2,0,0,0,0,2,0,2,2,0,0,2,2
45,-5129.248,-2638.466,-88.055,-118.200,-0.472219,0.881100,0.025939,-0.881363,-0.472432,0.002454,0.014417,-0.021703,0.999661,0,0.81741,0.38866,49.045,0.777,-1,400.000,-1,375.000,-1,325.000,325.000,275.000,300.000,-1,850.000,-1,-1,750.000,725.000,-1,-1,2,0,2,0,2,0,0,0,0,2,0,2,2,0,0,2,2
46,-5154.168,-2686.008,-87.162,-117.662,-0.463901,0.885456,0.027639,-0.885764,-0.464130,0.002186,0.014763,-0.023467,0.999616,0,0.89463,0.26866,53.678,0.537,-1,400.000,-1,375.000,-1,325.000,325.000,275.000,300.000,-1,900.000,-1,-1,750.000,725.000,-1,-1,2,0,2,0,2,0,0,0,0,2,0,2,2,0,0,2,2
47,-5178.841,-2733.680,-86.360,-117.365,-0.459261,0.887823,0.029144,-0.888167,-0.459514,0.002289,0.015424,-0.024833,0.999573,0,0.89463,0.14866,53.678,0.297,-1,400.000,-1,400.000,-1,325.000,325.000,275.000,300.000,-1,900.000,-1,-1,750.000,750.000,-1,-1,2,0,2,0,2,0,0,0,0,2,0,2,2,0,0,2,2
48,-5203.466,-2781.375,-85.588,-117.308,-0.458332,0.888255,0.030556,-0.888633,-0.458612,0.002457,0.016195,-0.026027,0.999530,0,0.89463,0.02866,53.678,0.057,-1,400.000,-1,400.000,-1,325.000,325.000,275.000,300.000,-1,900.000,-1,-1,775.000,750.000,-1,-1,2,0,2,0,2,0,0,0,0,2,0,2,2,0,0,2,2
49,-5228.243,-2828.993,-84.820,-117.490,-0.461120,0.886762,0.031954,-0.887174,-0.461428,0.002614,0.017062,-0.027144,0.999486,0,0.89463,-0.09134,53.678,-0.183,-1,400.000,-1,400.000,-1,325.000,325.000,300.000,300.000,-1,900.000,-1,-1,775.000,750.000,-1,-1,2,0,2,0,2,0,0,0,0,2,0,2,2,0,0,2,2
50,-5253.371,-2876.426,-84.043,-117.913,-0.467602,0.883307,0.033408,-0.883754,-0.467943,0.002749,0.018061,-0.028239,0.999438,0,0.89463,-0.21134,53.678,-0.423,-1,400.000,-1,400.000,-1,325.000,325.000,300.000,300.000,-1,875.000,-1,-1,775.000,775.000,-1,-1,2,0,2,0,2,0,0,0,0,2,0,2,2,0,0,2,2
51,-5278.850,-2923.671,-83.279,-118.338,-0.474086,0.879787,0.034893,-0.880273,-0.474460,0.002830,0.019045,-0.029373,0.999387,0,0.89463,-0.21227,53.678,-0.425,-1,400.000,-1,400.000,-1,325.000,325.000,300.000,300.000,-1,875.000,-1,-1,775.000,775.000,-1,-1,2,0,2,0,2,0,0,0,0,2,0,2,2,0,0,2,2
52,-5304.678,-2970.727,-82.529,-118.762,-0.480540,0.876217,0.036408,-0.876744,-0.480949,0.002858,0.020015,-0.030547,0.999333,0,0.89463,-0.21227,53.678,-0.425,-1,400.000,-1,400.000,-1,325.000,325.000,300.000,300.000,-1,850.000,-1,-1,775.000,775.000,-1,-1,2,0,2,0,2,0,0,0,0,2,0,2,2,0,0,2,2
53,-5330.854,-3017.589,-81.537,-119.187,-0.487016,0.872624,0.036642,-0.873161,-0.487425,0.002613,0.020140,-0.030722,0.999325,0,0.89463,-0.21227,53.678,-0.425,-1,400.000,-1,400.000,-1,325.000,325.000,300.000,300.000,-1,900.000,-1,-1,775.000,775.000,-1,-1,2,0,2,0,2,0,0,0,0,2,0,2,2,0,0,2,2
54,-5357.377,-3064.257,-80.481,-119.611,-0.493479,0.868991,0.036501,-0.869528,-0.493879,0.002268,0.019998,-0.030619,0.999331,0,0.89463,-0.21227,53.678,-0.425,-1,400.000,-1,400.000,-1,325.000,325.000,300.000,300.000,-1,950.000,-1,-1,775.000,775.000,-1,-1,2,0,2,0,2,0,0,0,0,2,0,2,2,0,0,2,2
55,-5384.268,-3110.759,-79.427,-120.039,-0.499967,0.865282,0.036324,-0.865818,-0.500356,0.001882,0.019803,-0.030509,0.999338,0,0.89529,-0.21392,53.718,-0.428,-1,400.000,-1,400.000,-1,325.000,325.000,300.000,300.000,-1,1000.000,-1,-1,775.000,775.000,-1,-1,2,0,2,0,2,0,0,0,0,2,0,2,2,0,0,2,2
56,-5411.552,-3157.126,-78.375,-120.474,-0.506537,0.861462,0.036106,-0.861996,-0.506912,0.001454,0.019555,-0.030387,0.999347,0,0.89664,-0.21749,53.799,-0.435,-1,400.000,-1,400.000,-1,325.000,325.000,300.000,300.000,-1,-1,-1,-1,775.000,775.000,-1,-1,2,0,2,0,2,0,0,0,0,2,2,2,2,0,0,2,2
57,-5439.230,-3203.344,-77.318,-120.916,-0.513183,0.857529,0.035875,-0.858061,-0.513547,0.001078,0.019348,-0.030229,0.999356,0,0.89787,-0.22105,53.872,-0.442,-1,400.000,-1,400.000,-1,325.000,325.000,300.000,300.000,-1,-1,-1,-1,775.000,800.000,-1,-1,2,0,2,0,2,0,0,0,0,2,2,2,2,0,0,2,2
58,-5467.305,-3249.400,-76.235,-121.365,-0.519903,0.853484,0.035590,-0.854008,-0.520258,0.000866,0.019255,-0.029944,0.999366,0,0.89897,-0.22460,53.938,-0.449,-1,400.000,-1,400.000,-1,325.000,325.000,300.000,300.000,-1,-1,-1,-1,775.000,800.000,-1,-1,2,0,2,0,2,0,0,0,0,2,2,2,2,0,0,2,2
59,-5495.776,-3295.281,-75.171,-121.822,-0.526695,0.849319,0.035337,-0.849839,-0.527042,0.000592,0.019127,-0.029719,0.999375,0,0.89995,-0.22813,53.997,-0.456,-1,400.000,-1,400.000,-1,325.000,325.000,300.000,300.000,-1,-1,-1,-1,775.000,800.000,-1,-1,2,0,2,0,2,0,0,0,0,2,2,2,2,0,0,2,2
60,-5524.792,-3341.223,-74.122,-122.276,-0.533421,0.845121,0.035114,-0.845637,-0.533758,0.000252,0.018955,-0.029559,0.999383,0,0.90562,-0.22700,54.337,-0.454,-1,400.000,-1,400.000,-1,325.000,325.000,300.000,300.000,-1,-1,-1,-1,775.000,800.000,-1,-1,2,0,2,0,2,0,0,0,0,2,2,2,2,0,0,2,2
61,-5554.268,-3387.070,-73.102,-122.738,-0.540239,0.840787,0.034905,-0.841302,-0.540566,-0.000109,0.018777,-0.029425,0.999391,0,0.90842,-0.23129,54.505,-0.463,-1,400.000,-1,400.000,-1,325.000,325.000,300.000,300.000,-1,-1,-1,-1,775.000,825.000,-1,-1,2,0,2,0,2,0,0,0,0,2,2,2,2,0,0,2,2
62,-5584.208,-3432.807,-72.084,-123.209,-0.547151,0.836312,0.034752,-0.836829,-0.547464,-0.000616,0.018510,-0.029419,0.999396,0,0.91109,-0.23566,54.665,-0.471,-1,400.000,-1,400.000,-1,325.000,325.000,300.000,300.000,-1,-1,-1,-1,775.000,825.000,-1,-1,2,0,2,0,2,0,0,0,0,2,2,2,2,0,0,2,2
63,-5614.615,-3478.417,-71.090,-123.690,-0.554155,0.831693,0.034623,-0.832214,-0.554453,-0.001175,0.018220,-0.029465,0.999400,0,0.91361,-0.24010,54.817,-0.480,-1,400.000,-1,400.000,-1,325.000,325.000,300.000,300.000,-1,-1,-1,-1,775.000,825.000,-1,-1,2,0,2,0,2,0,0,0,0,2,2,2,2,0,0,2,2
64,-5645.490,-3523.885,-70.052,-124.179,-0.561247,0.826933,0.034408,-0.827450,-0.561538,-0.001440,0.018131,-0.029279,0.999407,0,0.91599,-0.24463,54.959,-0.489,-1,400.000,-1,400.000,-1,325.000,325.000,300.000,300.000,-1,-1,-1,-1,775.000,825.000,-1,-1,2,0,2,0,2,0,0,0,0,2,2,2,2,0,0,2,2
65,-5676.835,-3569.191,-69.031,-124.677,-0.568430,0.822022,0.034171,-0.822534,-0.568714,-0.001689,0.018045,-0.029066,0.999415,0,0.91821,-0.24924,55.093,-0.498,-1,400.000,-1,400.000,-1,325.000,325.000,300.000,300.000,-1,-1,-1,-1,775.000,850.000,-1,-1,2,0,2,0,2,0,0,0,0,2,2,2,2,0,0,2,2
66,-5708.651,-3614.318,-68.040,-125.185,-0.575706,0.816953,0.033928,-0.817461,-0.575981,-0.001984,0.017921,-0.028877,0.999422,0,0.92026,-0.25393,55.216,-0.508,-1,400.000,-1,400.000,-1,325.000,325.000,300.000,300.000,-1,-1,-1,-1,775.000,850.000,-1,-1,2,0,2,0,2,0,0,0,0,2,2,2,2,0,0,2,2
67,-5738.904,-3656.802,-67.140,-125.455,-0.579562,0.814232,0.033689,-0.814737,-0.579826,-0.002309,0.017654,-0.028786,0.999430,0,0.86924,-0.13499,52.154,-0.270,-1,400.000,-1,400.000,-1,325.000,325.000,300.000,300.000,-1,-1,-1,-1,775.000,850.000,-1,-1,2,0,2,0,2,0,0,0,0,2,2,2,2,0,0,2,2
68,-5769.414,-3699.206,-66.273,-125.735,-0.583540,0.811396,0.033440,-0.811899,-0.583792,-0.002669,0.017357,-0.028707,0.999437,0,0.87066,-0.13974,52.239,-0.279,-1,400.000,-1,400.000,-1,325.000,325.000,300.000,300.000,-1,-1,-1,-1,775.000,850.000,-1,-1,2,0,2,0,2,0,0,0,0,2,2,2,2,0,0,2,2
69,-5800.180,-3741.514,-65.397,-126.024,-0.587648,0.808445,0.032955,-0.808940,-0.587883,-0.003075,0.016888,-0.028465,0.999452,0,0.87186,-0.14456,52.312,-0.289,-1,400.000,-1,400.000,-1,325.000,325.000,300.000,300.000,-1,-1,-1,-1,775.000,850.000,-1,-1,2,0,2,0,2,0,0,0,0,2,2,2,2,0,0,2,2
70,-5831.200,-3783.709,-64.546,-126.323,-0.591882,0.805373,0.032412,-0.805859,-0.592097,-0.003517,0.016359,-0.028201,0.999468,0,0.87285,-0.14946,52.371,-0.299,-1,400.000,-1,400.000,-1,325.000,325.000,300.000,300.000,-1,-1,-1,-1,775.000,850.000,-1,-1,2,0,2,0,2,0,0,0,0,2,2,2,2,0,0,2,2
71,-5862.476,-3825.772,-63.843,-126.632,-0.596252,0.802184,0.031371,-0.802647,-0.596440,-0.004009,0.015495,-0.027570,0.999500,0,0.87360,-0.15442,52.416,-0.309,-1,400.000,-1,400.000,-1,325.000,325.000,300.000,300.000,-1,-1,-1,-1,750.000,850.000,-1,-1,2,0,2,0,2,0,0,0,0,2,2,2,2,0,0,2,2
72,-5894.003,-3867.686,-63.167,-126.950,-0.600747,0.798873,0.030065,-0.799304,-0.600912,-0.004243,0.014677,-0.026580,0.999539,0,0.87413,-0.15944,52.448,-0.319,-1,400.000,-1,400.000,-1,325.000,325.000,300.000,300.000,-1,-1,-1,-1,750.000,850.000,-1,-1,2,0,2,0,2,0,0,0,0,2,2,2,2,0,0,2,2
73,-5925.782,-3909.432,-62.485,-127.279,-0.605360,0.795432,0.028780,-0.795829,-0.605506,-0.004317,0.013992,-0.025518,0.999576,0,0.87442,-0.16451,52.465,-0.329,-1,400.000,-1,400.000,-1,325.000,325.000,300.000,300.000,-1,-1,-1,-1,750.000,825.000,-1,-1,2,0,2,0,2,0,0,0,0,2,2,2,2,0,0,2,2
74,-5957.809,-3950.991,-61.833,-127.619,-0.610091,0.791852,0.027563,-0.792220,-0.610220,-0.004410,0.013328,-0.024526,0.999610,0,0.87447,-0.16962,52.468,-0.339,-1,400.000,-1,400.000,-1,325.000,325.000,300.000,300.000,-1,-1,-1,-1,750.000,825.000,-1,-1,2,0,2,0,2,0,0,0,0,2,2,2,2,0,0,2,2
75,-5990.081,-3992.345,-61.200,-127.968,-0.614940,0.788133,0.026354,-0.788472,-0.615053,-0.004521,0.012646,-0.023559,0.999642,0,0.87427,-0.17476,52.456,-0.350,-1,400.000,-1,400.000,-1,325.000,325.000,300.000,300.000,-1,-1,-1,-1,750.000,825.000,-1,-1,2,0,2,0,2,0,0,0,0,2,2,2,2,0,0,2,2
76,-6022.597,-4033.475,-60.529,-128.328,-0.619913,0.784276,0.024878,-0.784582,-0.620007,-0.004659,0.011771,-0.022407,0.999680,0,0.87384,-0.17991,52.431,-0.360,-1,400.000,-1,400.000,-1,325.000,325.000,300.000,300.000,-1,-1,-1,-1,750.000,825.000,-1,-1,2,0,2,0,2,0,0,0,0,2,2,2,2,0,0,2,2
77,-6055.353,-4074.363,-59.892,-128.698,-0.624999,0.780273,0.023462,-0.780549,-0.625076,-0.004798,0.010922,-0.021312,0.999713,0,0.87317,-0.18507,52.390,-0.370,-1,400.000,-1,400.000,-1,325.000,325.000,300.000,300.000,-1,-1,-1,-1,750.000,825.000,-1,-1,2,0,2,0,2,0,0,0,0,2,2,2,2,0,0,2,2
78,-6088.344,-4114.991,-59.289,-129.079,-0.630195,0.776122,0.022105,-0.776371,-0.630256,-0.004928,0.010107,-0.020267,0.999744,0,0.87226,-0.19021,52.336,-0.380,-1,400.000,-1,400.000,-1,325.000,325.000,300.000,300.000,-1,-1,-1,-1,750.000,825.000,-1,-1,2,0,2,0,2,0,0,0,0,2,2,2,2,0,0,2,2
79,-6121.569,-4155.340,-58.720,-129.469,-0.635492,0.771827,0.020807,-0.772051,-0.635540,-0.005050,0.009326,-0.019273,0.999771,0,0.87113,-0.19511,52.268,-0.390,-1,400.000,-1,400.000,-1,325.000,325.000,300.000,300.000,-1,-1,-1,-1,750.000,825.000,-1,-1,2,0,2,0,2,0,0,0,0,2,2,2,2,0,0,2,2
80,-6155.019,-4195.395,-58.133,-129.865,-0.640827,0.767429,0.019829,-0.767636,-0.640866,-0.005171,0.008739,-0.018535,0.999790,0,0.86977,-0.19790,52.186,-0.396,-1,400.000,-1,400.000,-1,325.000,325.000,300.000,300.000,-1,-1,-1,-1,750.000,825.000,-1,-1,2,0,2,0,2,0,0,0,0,2,2,2,2,0,0,2,2
81,-6188.688,-4235.144,-57.554,-130.266,-0.646197,0.762934,0.019035,-0.763126,-0.646228,-0.005294,0.008262,-0.017947,0.999805,0,0.86819,-0.20049,52.091,-0.401,-1,400.000,-1,400.000,-1,325.000,325.000,300.000,300.000,-1,-1,-1,-1,750.000,825.000,-1,-1,2,0,2,0,2,0,0,0,0,2,2,2,2,0,0,2,2
82,-6222.567,-4274.572,-57.014,-130.671,-0.651596,0.758346,0.018283,-0.758526,-0.651620,-0.005417,0.007806,-0.017397,0.999818,0,0.86640,-0.20286,51.984,-0.406,-1,400.000,-1,400.000,-1,325.000,325.000,300.000,300.000,-1,-1,-1,-1,750.000,825.000,-1,-1,2,0,2,0,2,0,0,0,0,2,2,2,2,0,0,2,2
83,-6256.649,-4313.667,-56.590,-131.081,-0.657021,0.753666,0.017645,-0.753839,-0.657033,-0.005938,0.007118,-0.017203,0.999827,0,0.86442,-0.20501,51.865,-0.410,-1,400.000,-1,400.000,-1,325.000,325.000,300.000,300.000,-1,-1,-1,-1,725.000,825.000,-1,-1,2,0,2,0,2,0,0,0,0,2,2,2,2,0,0,2,2
84,-6290.927,-4352.417,-56.296,-131.495,-0.662461,0.748912,0.016592,-0.749066,-0.662471,-0.005711,0.006715,-0.016212,0.999846,0,0.86226,-0.20694,51.736,-0.414,-1,400.000,-1,400.000,-1,325.000,325.000,300.000,300.000,-1,-1,-1,-1,725.000,825.000,-1,-1,2,0,2,0,2,0,0,0,0,2,2,2,2,0,0,2,2
85,-6325.393,-4390.813,-55.995,-131.913,-0.667912,0.744080,0.015427,-0.744214,-0.667919,-0.005480,0.006227,-0.015141,0.999866,0,0.85993,-0.20865,51.596,-0.417,-1,400.000,-1,400.000,-1,325.000,325.000,300.000,300.000,-1,-1,-1,-1,725.000,825.000,-1,-1,2,0,2,0,2,0,0,0,0,2,2,2,2,0,0,2,2
86,-6360.040,-4428.846,-55.716,-132.333,-0.673364,0.739172,0.014307,-0.739288,-0.673368,-0.005258,0.005747,-0.014117,0.999884,0,0.85746,-0.21012,51.448,-0.420,-1,400.000,-1,400.000,-1,325.000,325.000,300.000,300.000,-1,-1,-1,-1,725.000,800.000,-1,-1,2,0,2,0,2,0,0,0,0,2,2,2,2,0,0,2,2
87,-6394.861,-4466.507,-55.459,-132.755,-0.678811,0.734194,0.013232,-0.734294,-0.678813,-0.005046,0.005277,-0.013142,0.999900,0,0.85487,-0.21136,51.292,-0.423,-1,375.000,-1,400.000,-1,325.000,325.000,300.000,300.000,-1,-1,-1,-1,725.000,800.000,-1,-1,2,0,2,0,2,0,0,0,0,2,2,2,2,0,0,2,2
88,-6429.849,-4503.792,-55.195,-133.180,-0.684244,0.729151,0.012182,-0.729237,-0.684245,-0.004702,0.004907,-0.012101,0.999915,0,0.85218,-0.21237,51.131,-0.425,-1,375.000,-1,400.000,-1,325.000,325.000,300.000,300.000,-1,-1,-1,-1,725.000,800.000,-1,-1,2,0,2,0,2,0,0,0,0,2,2,2,2,0,0,2,2
89,-6465.000,-4540.695,-54.816,-133.607,-0.689655,0.724053,0.011081,-0.724121,-0.689663,-0.003656,0.004995,-0.010545,0.999932,0,0.84941,-0.21314,50.964,-0.426,-1,375.000,-1,400.000,-1,325.000,325.000,300.000,300.000,-1,-1,-1,-1,725.000,800.000,-1,-1,2,0,2,0,2,0,0,0,0,2,2,2,2,0,0,2,2
90,-6500.307,-4577.212,-54.510,-134.034,-0.695043,0.718901,0.009834,-0.718951,-0.695056,-0.002642,0.004935,-0.008907,0.999948,0,0.84658,-0.21368,50.795,-0.427,-1,400.000,-1,400.000,-1,325.000,325.000,300.000,300.000,-1,-1,-1,-1,750.000,800.000,-1,-1,2,0,2,0,2,0,0,0,1,2,2,2,2,0,0,2,2
91,-6535.765,-4613.343,-54.285,-134.462,-0.700402,0.713699,0.008400,-0.713733,-0.700416,-0.001654,0.004703,-0.007154,0.999963,0,0.84372,-0.21399,50.623,-0.428,-1,400.000,-1,400.000,-1,325.000,325.000,300.000,300.000,-1,-1,-1,-1,750.000,800.000,-1,-1,2,0,2,0,2,0,0,0,0,2,2,2,2,0,0,2,2
92,-6571.371,-4649.086,-54.077,-134.890,-0.705723,0.708453,0.007082,-0.708474,-0.705737,-0.000719,0.004488,-0.005525,0.999975,0,0.84086,-0.21406,50.452,-0.428,-1,400.000,-1,400.000,-1,325.000,325.000,300.000,300.000,-1,-1,-1,-1,750.000,800.000,-1,-1,2,0,2,0,2,0,0,0,0,2,2,2,2,1,0,2,2
93,-6603.696,-4681.323,-53.859,-135.078,-0.708051,0.706136,0.005996,-0.706149,-0.708063,-0.000109,0.004169,-0.004311,0.999982,0,0.76086,-0.09406,45.652,-0.188,-1,400.000,-1,400.000,-1,325.000,325.000,300.000,300.000,-1,-1,-1,-1,725.000,800.000,1000.000,-1,2,0,2,0,2,0,0,0,0,2,2,2,2,1,0,1,2
94,-6633.268,-4710.715,-53.644,-135.175,-0.709253,0.704936,0.005086,-0.704944,-0.709263,0.000283,0.003807,-0.003385,0.999987,0,0.69490,-0.04862,41.694,-0.097,-1,400.000,-1,400.000,-1,325.000,325.000,300.000,300.000,-1,-1,-1,-1,700.000,800.000,950.000,-1,2,0,2,0,2,0,0,0,0,2,2,2,2,1,0,1,2
95,-6662.773,-4739.941,-53.475,-135.272,-0.710438,0.703746,0.004410,-0.703750,-0.710447,0.000627,0.003574,-0.002658,0.999990,0,0.69217,-0.04809,41.530,-0.096,-1,400.000,-1,400.000,-1,325.000,325.000,300.000,300.000,-1,-1,-1,-1,700.000,775.000,900.000,-1,2,0,2,0,2,0,0,0,0,2,2,2,2,1,0,1,2
96,-6691.661,-4768.223,-53.358,-135.608,-0.714557,0.699566,0.003990,-0.699568,-0.714565,0.000915,0.003491,-0.002138,0.999992,0,0.67380,-0.16809,40.428,-0.336,-1,400.000,-1,400.000,-1,325.000,325.000,300.000,300.000,-1,-1,-1,-1,675.000,775.000,850.000,-1,2,0,2,0,2,0,0,0,0,2,2,2,2,1,0,1,2
97,-6720.582,-4796.054,-53.254,-136.100,-0.720546,0.693398,0.003626,-0.693399,-0.720553,0.001171,0.003425,-0.001670,0.999993,0,0.66895,-0.24628,40.137,-0.493,1000.000,400.000,-1,400.000,-1,325.000,325.000,300.000,300.000,-1,-1,-1,-1,675.000,775.000,800.000,-1,1,0,2,0,2,0,0,0,0,2,2,2,2,1,0,1,2
98,-6749.563,-4823.472,-53.159,-136.588,-0.726422,0.687241,0.003307,-0.687241,-0.726428,0.001396,0.003362,-0.001258,0.999994,0,0.66492,-0.24379,39.895,-0.488,900.000,400.000,-1,400.000,-1,325.000,325.000,300.000,300.000,-1,-1,-1,-1,650.000,775.000,775.000,-1,1,0,2,0,2,0,0,0,0,2,2,2,2,1,0,1,2
99,-6778.605,-4850.488,-53.074,-137.070,-0.732178,0.681106,0.003031,-0.681105,-0.732184,0.001589,0.003302,-0.000901,0.999994,0,0.66107,-0.24100,39.664,-0.482,825.000,400.000,-1,400.000,-1,325.000,325.000,300.000,300.000,-1,-1,-1,-1,625.000,775.000,725.000,-1,1,0,2,0,2,0,0,0,0,2,2,2,2,1,0,1,2
100,-6807.708,-4877.113,-52.999,-137.546,-0.737810,0.675002,0.002797,-0.675000,-0.737815,0.001749,0.003244,-0.000598,0.999995,0,0.65741,-0.23791,39.445,-0.476,775.000,400.000,-1,400.000,-1,325.000,325.000,300.000,300.000,-1,-1,-1,-1,600.000,775.000,675.000,-1,1,0,2,0,2,0,0,0,0,2,2,2,2,1,0,1,2
101,-6836.874,-4903.360,-52.897,-138.015,-0.743312,0.668939,0.002796,-0.668937,-0.743317,0.001814,0.003292,-0.000522,0.999994,0,0.65395,-0.23454,39.237,-0.469,700.000,400.000,-1,400.000,-1,325.000,325.000,300.000,300.000,-1,-1,-1,-1,600.000,775.000,650.000,-1,1,0,2,0,2,0,0,0,0,2,2,2,2,1,0,1,2
102,-6866.104,-4929.242,-52.814,-138.477,-0.748679,0.662926,0.002839,-0.662924,-0.748684,0.001790,0.003312,-0.000542,0.999994,0,0.65070,-0.23090,39.042,-0.462,650.000,400.000,-1,400.000,-1,325.000,325.000,300.000,300.000,-1,-1,-1,-1,575.000,800.000,600.000,-1,1,0,2,0,2,0,0,0,0,2,2,2,2,1,0,1,2
103,-6899.040,-4958.179,-52.584,-138.698,-0.751242,0.660023,0.002173,-0.660021,-0.751245,0.001884,0.002876,-0.000019,0.999996,0,0.73070,-0.11090,43.842,-0.222,600.000,400.000,-1,400.000,-1,325.000,325.000,300.000,300.000,-1,-1,-1,-1,550.000,775.000,575.000,-1,1,0,2,0,2,0,0,0,0,2,2,2,2,1,0,1,2
104,-6933.497,-4988.304,-52.365,-138.837,-0.752841,0.658201,0.001510,-0.658198,-0.752842,0.001975,0.002437,0.000493,0.999997,0,0.76283,-0.06943,45.770,-0.139,550.000,400.000,1000.000,400.000,-1,325.000,325.000,300.000,300.000,-1,-1,-1,-1,525.000,775.000,525.000,-1,1,1,1,0,2,0,0,0,0,2,2,2,2,1,0,1,2
105,-6968.116,-5018.439,-52.169,-138.962,-0.754271,0.656562,0.000873,-0.656560,-0.754271,0.002064,0.002014,0.000983,0.999997,0,0.76496,-0.06228,45.897,-0.125,500.000,375.000,950.000,400.000,-1,325.000,325.000,300.000,300.000,-1,-1,-1,-1,500.000,775.000,475.000,-1,1,1,1,0,2,0,0,0,0,2,2,2,2,1,0,1,2
106,-7002.893,-5048.594,-52.093,-139.071,-0.755522,0.655123,0.000243,-0.655120,-0.755520,0.002602,0.001888,0.001807,0.999997,0,0.76717,-0.05459,46.030,-0.109,450.000,375.000,900.000,400.000,-1,325.000,325.000,300.000,300.000,-1,-1,-1,-1,475.000,775.000,425.000,-1,1,1,1,0,2,0,0,0,0,2,2,2,2,1,0,1,2
107,-7037.823,-5078.784,-52.030,-139.164,-0.756582,0.653899,-0.000360,-0.653897,-0.756577,0.003087,0.001746,0.002571,0.999995,0,0.76948,-0.04633,46.169,-0.093,400.000,350.000,875.000,400.000,-1,325.000,325.000,300.000,300.000,-1,-1,-1,-1,450.000,775.000,400.000,-1,1,1,1,0,2,0,0,0,0,2,2,2,2,1,0,1,2
108,-7072.902,-5109.022,-51.980,-139.239,-0.757437,0.652907,-0.000936,-0.652906,-0.757431,0.003517,0.001587,0.003275,0.999993,0,0.77188,-0.03749,46.313,-0.075,350.000,325.000,825.000,400.000,-1,325.000,325.000,300.000,300.000,-1,-1,-1,-1,425.000,775.000,350.000,-1,1,1,1,0,2,0,0,0,0,2,2,2,2,1,0,1,2
109,-7108.124,-5139.323,-51.943,-139.295,-0.758077,0.652163,-0.001485,-0.652163,-0.758068,0.003891,0.001412,0.003918,0.999991,0,0.77436,-0.02807,46.462,-0.056,300.000,300.000,775.000,400.000,-1,300.000,325.000,300.000,300.000,-1,-1,-1,-1,400.000,775.000,300.000,-1,1,1,1,0,2,1,0,0,0,2,2,2,2,1,0,1,2
110,-7143.480,-5169.702,-51.334,-139.331,-0.758495,0.651675,-0.002132,-0.651671,-0.758466,0.007305,0.003143,0.006930,0.999971,0,0.77692,-0.01803,46.615,-0.036,275.000,300.000,725.000,400.000,-1,300.000,325.000,300.000,300.000,-1,-1,-1,975.000,375.000,750.000,275.000,-1,1,1,1,0,2,1,0,0,0,2,2,2,1,1,1,1,2
111,-7178.963,-5200.175,-49.462,-139.345,-0.758710,0.651421,-0.003028,-0.651365,-0.758564,0.017416,0.009048,0.015187,0.999844,0,0.77952,-0.00736,46.771,-0.015,250.000,275.000,725.000,425.000,-1,275.000,350.000,325.000,300.000,-1,-1,-1,850.000,350.000,725.000,250.000,-1,1,1,1,0,2,1,0,0,0,2,2,2,1,1,1,1,2
112,-7214.560,-5230.756,-47.258,-139.338,-0.758723,0.651402,-0.003940,-0.651216,-0.758329,0.029240,0.016059,0.024751,0.999565,0,0.78216,0.00397,46.930,0.008,250.000,275.000,700.000,425.000,-1,275.000,350.000,350.000,300.000,-1,-1,675.000,800.000,350.000,700.000,250.000,-1,1,1,1,0,2,1,1,0,0,2,2,0,1,1,1,1,2
113,-7250.259,-5261.463,-44.721,-139.306,-0.758538,0.651611,-0.004885,-0.651180,-0.757716,0.042787,0.024179,0.035636,0.999072,0,0.78480,0.01599,47.088,0.032,225.000,275.000,675.000,450.000,-1,275.000,325.000,375.000,275.000,-1,650.000,400.000,775.000,325.000,675.000,225.000,-1,1,1,1,0,2,1,1,0,0,2,0,0,1,1,1,1,2
114,-7286.043,-5292.310,-41.848,-139.248,-0.758164,0.652037,-0.005887,-0.651207,-0.756675,0.058065,0.033406,0.047856,0.998295,0,0.78740,0.02873,47.244,0.057,225.000,250.000,675.000,450.000,-1,250.000,325.000,375.000,275.000,-1,475.000,275.000,775.000,325.000,650.000,225.000,-1,1,1,1,1,2,1,1,1,0,2,0,0,1,1,1,1,2
115,-7321.894,-5323.311,-38.626,-139.164,-0.757611,0.652670,-0.006928,-0.651242,-0.755157,0.074980,0.043705,0.061317,0.997161,0,0.78992,0.04222,47.395,0.084,200.000,250.000,650.000,425.000,-1,250.000,325.000,400.000,275.000,-1,400.000,175.000,750.000,325.000,625.000,200.000,-1,1,1,1,1,2,1,1,1,0,2,0,0,1,1,1,1,2
116,-7357.790,-5354.481,-35.033,-139.051,-0.756886,0.653497,-0.008051,-0.651228,-0.753106,0.093449,0.055005,0.075973,0.995592,0,0.79230,0.05650,47.538,0.113,200.000,250.000,650.000,400.000,-1,250.000,300.000,425.000,250.000,-1,300.000,125.000,625.000,325.000,600.000,200.000,-1,1,1,1,1,2,1,1,1,0,2,0,0,0,1,1,1,2
117,-7393.702,-5385.830,-31.108,-138.907,-0.756017,0.654485,-0.009379,-0.651074,-0.750446,0.113724,0.067392,0.092084,0.993468,0,0.79448,0.07162,47.669,0.143,175.000,250.000,650.000,400.000,-1,250.000,300.000,475.000,250.000,-1,275.000,100.000,500.000,325.000,600.000,175.000,-1,1,1,1,1,2,1,1,1,0,2,0,0,0,1,1,1,2
118,-7432.994,-5420.606,-26.439,-138.524,-0.752768,0.658184,-0.011579,-0.653141,-0.744574,0.137901,0.082143,0.111370,0.990378,0,0.87448,0.19162,52.469,0.383,175.000,250.000,650.000,375.000,-1,225.000,275.000,525.000,250.000,-1,225.000,50.000,400.000,325.000,575.000,175.000,-1,1,1,1,1,2,1,1,1,0,2,0,0,0,1,1,1,2
119,-7475.458,-5459.037,-20.932,-137.901,-0.747277,0.664341,-0.015091,-0.657024,-0.735265,0.166447,0.099482,0.134297,0.985935,0,0.95448,0.31162,57.269,0.623,150.000,250.000,650.000,350.000,-1,225.000,275.000,725.000,225.000,-1,200.000,50.000,300.000,325.000,550.000,150.000,-1,1,1,1,1,2,1,1,0,0,2,0,0,0,1,1,1,2
120,-327.960,983.924,158.661,-14.147,0.969713,0.243881,-0.013364,-0.244232,0.967604,-0.063979,-0.002672,0.065306,0.997862,1,0.00000,0.00000,60.000,0.863,-1,400.000,-1,325.000,450.000,300.000,275.000,500.000,225.000,275.000,75.000,375.000,-1,925.000,550.000,-1,-1,2,0,2,0,0,0,0,1,0,1,1,1,2,0,0,2,2
121,-323.305,982.752,158.519,-14.119,0.969815,0.243447,-0.013886,-0.243837,0.967831,-0.062019,-0.001659,0.063533,0.997978,0,0.08000,0.01366,4.800,0.027,-1,400.000,-1,325.000,475.000,300.000,275.000,500.000,225.000,275.000,75.000,375.000,-1,925.000,550.000,-1,-1,2,0,2,0,0,0,0,1,0,1,1,1,2,0,0,2,2
122,-313.995,980.412,158.238,-14.093,0.969895,0.243061,-0.014975,-0.243522,0.968152,-0.058130,0.000369,0.060027,0.998197,0,0.16000,0.01299,9.600,0.026,-1,400.000,-1,325.000,500.000,300.000,275.000,500.000,225.000,275.000,100.000,375.000,-1,950.000,575.000,-1,-1,2,0,2,0,0,0,0,1,0,1,1,1,2,0,0,2,2
123,-300.027,976.908,157.833,-14.070,0.969949,0.242739,-0.016603,-0.243283,0.968539,-0.052392,0.003363,0.054857,0.998489,0,0.24000,0.01166,14.400,0.023,-1,400.000,-1,325.000,600.000,300.000,275.000,475.000,250.000,275.000,100.000,375.000,-1,950.000,600.000,-1,-1,2,0,2,0,0,0,0,1,0,1,1,1,2,0,0,2,2
124,-281.403,972.243,157.328,-14.051,0.969971,0.242497,-0.018723,-0.243111,0.968958,-0.044920,0.007248,0.048123,0.998815,0,0.32000,0.00965,19.200,0.019,-1,425.000,-1,325.000,-1,300.000,300.000,475.000,250.000,300.000,100.000,375.000,-1,975.000,625.000,-1,-1,2,0,2,0,2,0,0,1,0,1,1,1,2,0,0,2,2
125,-258.120,966.417,156.751,-14.037,0.969956,0.242350,-0.021269,-0.242989,0.969366,-0.035868,0.011925,0.039958,0.999130,0,0.40000,0.00695,24.000,0.014,-1,425.000,-1,350.000,-1,325.000,300.000,450.000,250.000,300.000,100.000,375.000,-1,1000.000,675.000,-1,-1,2,0,2,0,2,0,0,0,0,1,1,1,2,0,0,2,2
126,-230.180,959.432,156.142,-14.030,0.969898,0.242309,-0.024160,-0.242898,0.969719,-0.025420,0.017269,0.030523,0.999385,0,0.48000,0.00357,28.800,0.007,-1,425.000,-1,350.000,-1,325.000,300.000,425.000,250.000,325.000,100.000,375.000,-1,-1,725.000,-1,-1,2,0,2,0,2,0,0,0,0,1,1,1,2,2,0,2,2
127,-197.680,951.307,155.548,-14.031,0.969795,0.242392,-0.027286,-0.242825,0.969972,-0.013830,0.023114,0.020038,0.999532,0,0.55833,-0.00053,33.500,-0.001,-1,425.000,-1,375.000,-1,325.000,300.000,400.000,250.000,350.000,100.000,400.000,-1,-1,775.000,-1,-1,2,0,2,0,2,0,0,0,0,1,1,1,2,2,0,2,2
128,-165.043,943.142,155.073,-14.041,0.969655,0.242608,-0.030163,-0.242800,0.970072,-0.002791,0.028583,0.010030,0.999541,0,0.56071,-0.00532,33.643,-0.011,-1,425.000,-1,375.000,-1,325.000,325.000,375.000,275.000,350.000,100.000,400.000,-1,-1,850.000,-1,-1,2,0,2,0,2,0,0,0,0,1,1,1,2,2,0,2,2
129,-132.260,934.929,154.720,-14.062,0.969481,0.242965,-0.032785,-0.242844,0.970035,0.007699,0.033673,0.000497,0.999433,0,0.56326,-0.01018,33.795,-0.020,-1,450.000,-1,400.000,-1,350.000,325.000,350.000,275.000,375.000,75.000,400.000,-1,-1,925.000,-1,-1,2,0,2,0,2,0,0,0,0,1,1,1,2,2,0,2,2
130,-99.325,926.661,154.489,-14.092,0.969272,0.243467,-0.035144,-0.242978,0.969871,0.017644,0.038381,-0.008562,0.999226,0,0.56596,-0.01509,33.957,-0.030,-1,450.000,-1,425.000,-1,350.000,350.000,325.000,300.000,400.000,75.000,400.000,-1,-1,1000.000,-1,-1,2,0,2,0,2,0,0,0,0,1,1,1,2,2,0,2,2
131,-66.229,918.329,155.291,-14.132,0.969099,0.244133,-0.035292,-0.243442,0.969648,0.022763,0.039778,-0.013468,0.999118,0,0.56880,-0.02006,34.128,-0.040,-1,450.000,-1,425.000,-1,350.000,350.000,325.000,300.000,450.000,100.000,425.000,-1,-1,-1,-1,-1,2,0,2,0,2,0,0,0,0,1,1,1,2,2,2,2,2
132,-32.968,909.924,156.714,-14.182,0.968985,0.244973,-0.032492,-0.244252,0.969399,0.024616,0.037528,-0.015916,0.999169,0,0.57178,-0.02508,34.307,-0.050,-1,450.000,-1,450.000,-1,350.000,350.000,325.000,300.000,500.000,150.000,450.000,-1,-1,-1,-1,-1,2,0,2,0,2,0,0,0,0,1,1,1,2,2,2,2,2
133,0.465,901.438,157.973,-14.242,0.968842,0.245980,-0.028962,-0.245235,0.969087,0.027012,0.034711,-0.019068,0.999215,0,0.57489,-0.03016,34.493,-0.060,-1,450.000,-1,450.000,-1,350.000,350.000,300.000,300.000,525.000,175.000,500.000,-1,-1,-1,-1,-1,2,0,2,0,2,0,0,0,0,1,1,1,2,2,2,2,2
134,34.075,892.864,159.237,-14.313,0.968643,0.247157,-0.025394,-0.246406,0.968720,0.029422,0.031871,-0.022243,0.999244,0,0.57812,-0.03529,34.687,-0.071,-1,450.000,-1,450.000,-1,350.000,350.000,300.000,300.000,575.000,225.000,575.000,-1,-1,-1,-1,-1,2,0,2,0,2,0,0,0,0,1,1,1,2,2,2,2,2
135,67.868,884.191,160.146,-14.394,0.968352,0.248515,-0.023129,-0.247773,0.968327,0.030832,0.030059,-0.024126,0.999257,0,0.58146,-0.04048,34.887,-0.081,-1,450.000,-1,450.000,-1,350.000,350.000,300.000,325.000,600.000,275.000,600.000,-1,-1,-1,-1,-1,2,0,2,0,2,0,0,0,0,1,1,1,2,2,2,2,2
