timestep,x_cm,y_cm,z_cm,yaw_deg,basis_xx,basis_xy,basis_xz,basis_yx,basis_yy,basis_yz,basis_zx,basis_zy,basis_zz,teleport_flag,throttle_cmd,steering_cmd,cmd_move_cm,cmd_turn_deg,lidar_cm_0,lidar_cm_1,lidar_cm_2,lidar_cm_3,lidar_cm_4,lidar_cm_5,lidar_cm_6,lidar_cm_7,lidar_cm_8,lidar_cm_9,lidar_cm_10,lidar_cm_11,lidar_cm_12,lidar_cm_13,lidar_cm_14,lidar_cm_15,lidar_cm_16,lidar_class_0,lidar_class_1,lidar_class_2,lidar_class_3,lidar_class_4,lidar_class_5,lidar_class_6,lidar_class_7,lidar_class_8,lidar_class_9,lidar_class_10,lidar_class_11,lidar_class_12,lidar_class_13,lidar_class_14,lidar_class_15,lidar_class_16
0,332.018,3605.053,-172.179,-32.894,0.839949,0.541337,-0.037943,-0.542625,0.836978,-0.070891,-0.006619,0.080134,0.996762,1,0.08000,0.12000,4.800,0.240,-1,375.000,-1,375.000,-1,300.000,300.000,300.000,300.000,-1,475.000,450.000,-1,700.000,650.000,-1,-1,2,0,2,0,2,0,0,0,0,2,0,0,2,0,0,2,2
1,340.122,3599.907,-172.197,-32.414,0.844419,0.534315,-0.038266,-0.535656,0.841497,-0.070400,-0.005415,0.079944,0.996785,0,0.16000,0.24000,9.600,0.480,-1,375.000,-1,375.000,-1,300.000,300.000,300.000,300.000,-1,475.000,450.000,-1,700.000,675.000,-1,-1,2,0,2,0,2,0,0,0,0,2,0,0,2,0,0,2,2
2,352.374,3592.342,-172.211,-31.694,0.851014,0.523710,-0.038774,-0.525131,0.848164,-0.069676,-0.003604,0.079657,0.996816,0,0.24000,0.36000,14.400,0.720,-1,375.000,-1,375.000,-1,300.000,300.000,300.000,300.000,-1,450.000,450.000,-1,700.000,675.000,-1,-1,2,0,2,0,2,0,0,0,0,2,0,0,2,0,0,2,2
3,368.877,3582.530,-172.207,-30.734,0.859598,0.509442,-0.039494,-0.510970,0.856846,-0.068737,-0.001177,0.079267,0.996853,0,0.32000,0.48000,19.200,0.960,-1,375.000,-1,375.000,-1,300.000,300.000,300.000,300.000,-1,425.000,425.000,-1,700.000,675.000,-1,-1,2,0,2,0,2,0,0,0,0,2,0,0,2,0,0,2,2
4,389.746,3570.680,-172.171,-29.590,0.869511,0.492255,-0.040456,-0.493911,0.866881,-0.067602,0.001793,0.078763,0.996892,0,0.40000,0.57196,24.000,1.144,-1,375.000,-1,375.000,-1,300.000,300.000,300.000,300.000,-1,425.000,425.000,-1,700.000,675.000,-1,-1,2,0,2,0,2,0,0,0,0,2,0,0,2,0,0,2,2
5,415.065,3556.956,-172.109,-28.460,0.878951,0.475089,-0.041665,-0.476886,0.876463,-0.066278,0.005029,0.078125,0.996931,0,0.48000,0.56494,28.800,1.130,-1,375.000,-1,375.000,-1,300.000,300.000,275.000,300.000,-1,400.000,400.000,-1,700.000,675.000,-1,-1,2,0,2,0,2,0,0,0,0,2,0,0,2,0,0,2,2
6,444.909,3541.521,-172.007,-27.346,0.887910,0.457990,-0.043138,-0.459937,0.885585,-0.064779,0.008534,0.077359,0.996967,0,0.56000,0.55690,33.600,1.114,-1,375.000,-1,375.000,-1,300.000,300.000,275.000,300.000,-1,375.000,400.000,-1,725.000,700.000,-1,-1,2,0,2,0,2,0,0,0,0,2,0,0,2,0,0,2,2
7,479.349,3524.537,-171.852,-26.250,0.896384,0.441000,-0.044891,-0.443108,0.894243,-0.063119,0.012308,0.076470,0.996996,0,0.64000,0.54790,38.400,1.096,-1,375.000,-1,375.000,-1,300.000,300.000,275.000,300.000,-1,350.000,375.000,-1,725.000,700.000,-1,-1,2,0,2,0,2,0,0,0,0,2,0,0,2,0,0,2,2
8,517.610,3506.554,-171.478,-25.174,0.904391,0.424141,-0.046709,-0.426412,0.902393,-0.062128,0.015799,0.076105,0.996975,0,0.70463,0.53802,42.278,1.076,-1,375.000,-1,375.000,-1,325.000,325.000,275.000,325.000,-1,350.000,375.000,-1,725.000,700.000,-1,-1,2,0,2,0,2,0,0,0,0,2,0,0,2,0,0,2,2
9,556.086,3489.331,-170.838,-24.117,0.911961,0.407398,-0.048523,-0.409845,0.910034,-0.062170,0.018829,0.076584,0.996885,0,0.70259,0.52878,42.155,1.058,-1,375.000,-1,375.000,-1,325.000,325.000,275.000,300.000,-1,375.000,375.000,-1,750.000,700.000,-1,-1,2,0,2,0,2,0,0,0,0,2,0,0,2,0,0,2,2
10,594.727,3472.874,-170.129,-23.070,0.919142,0.390690,-0.050386,-0.393319,0.917286,-0.062340,0.021863,0.077117,0.996782,0,0.70001,0.52334,42.000,1.047,-1,400.000,-1,375.000,-1,325.000,325.000,275.000,300.000,-1,375.000,400.000,-1,750.000,725.000,-1,-1,2,0,2,0,2,0,0,0,0,2,0,0,2,0,0,2,2
11,633.490,3457.188,-169.400,-22.033,0.925961,0.374010,-0.052081,-0.376807,0.924180,-0.062518,0.024750,0.077513,0.996684,0,0.69694,0.51861,41.817,1.037,-1,400.000,-1,400.000,-1,325.000,325.000,275.000,300.000,-1,375.000,400.000,-1,775.000,725.000,-1,-1,2,0,2,0,2,0,0,0,0,2,0,0,2,0,0,2,2
12,672.332,3442.276,-168.619,-21.004,0.932426,0.357339,-0.053755,-0.360305,0.930720,-0.062780,0.027597,0.077905,0.996579,0,0.69345,0.51458,41.607,1.029,-1,400.000,-1,400.000,-1,325.000,325.000,275.000,300.000,-1,400.000,425.000,-1,800.000,725.000,-1,-1,2,0,2,0,2,0,0,0,0,2,0,0,2,0,0,2,2
13,711.218,3428.138,-167.788,-19.981,0.938552,0.340663,-0.055405,-0.343797,0.936920,-0.063123,0.030406,0.078293,0.996467,0,0.68961,0.51127,41.377,1.023,-1,400.000,-1,400.000,-1,325.000,325.000,275.000,300.000,-1,400.000,425.000,-1,825.000,725.000,-1,-1,2,0,2,0,2,0,0,0,0,2,0,0,2,0,0,2,2
14,750.113,3414.772,-166.463,-18.964,0.944439,0.324006,-0.055274,-0.327136,0.942912,-0.062436,0.031889,0.077049,0.996517,0,0.68547,0.50866,41.128,1.017,-1,400.000,-1,400.000,-1,325.000,325.000,275.000,300.000,-1,450.000,475.000,-1,825.000,725.000,-1,-1,2,0,2,0,2,0,0,0,0,2,0,0,2,0,0,2,2
15,788.990,3402.176,-165.158,-17.950,0.950023,0.307300,-0.054981,-0.310423,0.948569,-0.062081,0.033076,0.076046,0.996556,0,0.68112,0.50677,40.867,1.014,-1,400.000,-1,400.000,-1,325.000,325.000,275.000,300.000,-1,500.000,525.000,-1,825.000,725.000,-1,-1,2,0,2,0,2,0,0,0,0,2,0,0,2,0,0,2,2
16,827.826,3390.347,-163.821,-16.939,0.955301,0.290534,-0.054676,-0.293649,0.953914,-0.061797,0.034202,0.075091,0.996590,0,0.67663,0.50558,40.598,1.011,-1,400.000,-1,400.000,-1,325.000,325.000,275.000,300.000,-1,525.000,550.000,-1,850.000,750.000,-1,-1,2,0,2,0,2,0,0,0,0,2,0,0,2,0,0,2,2
17,866.600,3379.280,-162.442,-15.929,0.960279,0.273691,-0.054378,-0.276798,0.958956,-0.061529,0.035307,0.074137,0.996623,0,0.67206,0.50509,40.323,1.010,-1,400.000,-1,400.000,-1,325.000,325.000,275.000,300.000,-1,575.000,600.000,-1,850.000,750.000,-1,-1,2,0,2,0,2,0,0,0,0,2,0,0,2,0,0,2,2
18,905.299,3368.969,-161.022,-14.918,0.964962,0.256753,-0.054088,-0.259853,0.963702,-0.061275,0.036392,0.073183,0.996654,0,0.66749,0.50528,40.049,1.011,-1,400.000,-1,400.000,-1,325.000,325.000,275.000,300.000,-1,625.000,625.000,-1,850.000,775.000,-1,-1,2,0,2,0,2,0,0,0,0,2,0,0,2,0,0,2,2
19,943.911,3359.408,-159.561,-13.906,0.969354,0.239704,-0.053803,-0.242796,0.968155,-0.061036,0.037460,0.072229,0.996684,0,0.66298,0.50614,39.779,1.012,-1,400.000,-1,400.000,-1,325.000,325.000,275.000,300.000,-1,675.000,675.000,-1,875.000,775.000,-1,-1,2,0,2,0,2,0,0,0,0,2,0,0,2,0,0,2,2
20,982.431,3350.592,-158.060,-12.891,0.973456,0.222526,-0.053525,-0.225610,0.972318,-0.060810,0.038511,0.071271,0.996713,0,0.65861,0.50767,39.516,1.015,-1,400.000,-1,400.000,-1,325.000,325.000,275.000,300.000,-1,725.000,700.000,-1,875.000,775.000,-1,-1,2,0,2,0,2,0,0,0,0,2,0,0,2,0,0,2,2
21,1020.856,3342.514,-156.518,-11.871,0.977270,0.205202,-0.053251,-0.208278,0.976191,-0.060597,0.039549,0.070310,0.996741,0,0.65443,0.50984,39.266,1.020,-1,400.000,-1,400.000,-1,325.000,325.000,275.000,300.000,-1,775.000,750.000,-1,875.000,800.000,-1,-1,2,0,2,0,2,0,0,0,0,2,0,0,2,0,0,2,2
22,1059.187,3335.169,-154.936,-10.846,0.980794,0.187715,-0.052982,-0.190782,0.979773,-0.060396,0.040574,0.069344,0.996767,0,0.65050,0.51263,39.030,1.025,-1,400.000,-1,400.000,-1,325.000,325.000,275.000,300.000,-1,825.000,800.000,-1,875.000,800.000,-1,-1,2,0,2,0,2,0,0,0,0,2,0,0,2,0,0,2,2
23,1097.431,3328.553,-153.313,-9.814,0.984025,0.170048,-0.052718,-0.173107,0.983061,-0.060206,0.041587,0.068370,0.996793,0,0.64687,0.51605,38.812,1.032,-1,400.000,-1,400.000,-1,325.000,325.000,275.000,300.000,-1,875.000,825.000,-1,900.000,825.000,-1,-1,2,0,2,0,2,0,0,0,0,2,0,0,2,0,0,2,2
24,1135.595,3322.662,-151.649,-8.774,0.986959,0.152185,-0.052457,-0.155235,0.986052,-0.060027,0.042590,0.067387,0.996817,0,0.64360,0.52006,38.616,1.040,-1,425.000,-1,400.000,-1,325.000,325.000,275.000,300.000,-1,900.000,875.000,-1,900.000,825.000,-1,-1,2,0,2,0,2,0,0,0,0,2,0,0,2,0,0,2,2
25,1173.689,3317.495,-149.943,-7.724,0.989591,0.134111,-0.052199,-0.137153,0.988740,-0.059857,0.043584,0.066394,0.996841,0,0.64073,0.52465,38.444,1.049,-1,425.000,-1,400.000,-1,325.000,325.000,275.000,300.000,-1,950.000,925.000,-1,900.000,850.000,-1,-1,2,0,2,0,2,0,0,0,0,2,0,0,2,0,0,2,2
26,1211.728,3313.049,-148.194,-6.665,0.991912,0.115811,-0.051945,-0.118844,0.991117,-0.059698,0.044569,0.065388,0.996864,0,0.63830,0.52982,38.298,1.060,-1,425.000,-1,425.000,-1,325.000,325.000,275.000,300.000,-1,975.000,975.000,-1,900.000,850.000,-1,-1,2,0,2,0,2,0,0,0,0,2,0,0,2,0,0,2,2
27,1254.602,3308.660,-146.169,-5.845,0.993482,0.101626,-0.051623,-0.104646,0.992722,-0.059607,0.045190,0.064621,0.996886,0,0.71830,0.40982,43.098,0.820,-1,425.000,-1,425.000,-1,350.000,350.000,275.000,300.000,-1,-1,-1,-1,900.000,850.000,-1,-1,2,0,2,0,2,0,0,0,0,2,2,2,2,0,0,2,2
28,1302.298,3304.263,-143.959,-5.265,0.994495,0.091583,-0.050908,-0.094548,0.993755,-0.059260,0.045163,0.063747,0.996944,0,0.79830,0.28982,47.898,0.580,-1,425.000,-1,425.000,-1,350.000,350.000,275.000,300.000,-1,-1,-1,-1,900.000,875.000,-1,-1,2,0,2,0,2,0,0,0,0,2,2,2,2,0,0,2,2
29,1354.801,3299.737,-142.047,-4.926,0.995121,0.085698,-0.048887,-0.088500,0.994365,-0.058366,0.043609,0.062408,0.997098,0,0.87830,0.16982,52.698,0.340,-1,425.000,-1,425.000,-1,350.000,350.000,275.000,300.000,-1,-1,-1,-1,900.000,875.000,-1,-1,2,0,2,0,2,0,0,0,0,2,2,2,2,0,0,2,2
30,1408.200,3295.228,-140.433,-4.826,0.995396,0.083968,-0.046218,-0.086619,0.994512,-0.058682,0.041037,0.062415,0.997206,0,0.89316,0.04982,53.590,0.100,-1,425.000,-1,425.000,-1,350.000,350.000,275.000,275.000,-1,-1,-1,-1,875.000,850.000,-1,-1,2,0,2,0,2,0,0,0,0,2,2,2,2,0,0,2,2
31,1461.698,3290.579,-138.825,-4.967,0.995308,0.086404,-0.043540,-0.088895,0.994295,-0.058955,0.038197,0.062549,0.997311,0,0.89500,-0.07018,53.700,-0.140,-1,425.000,-1,425.000,-1,325.000,325.000,275.000,275.000,-1,-1,-1,-1,850.000,850.000,-1,-1,2,0,2,0,2,0,0,0,0,2,2,2,2,0,0,2,2
32,1515.320,3285.560,-137.233,-5.347,0.994828,0.093001,-0.040853,-0.095326,0.993683,-0.059218,0.035087,0.062806,0.997409,0,0.89761,-0.19018,53.857,-0.380,-1,425.000,-1,425.000,-1,325.000,325.000,275.000,275.000,-1,-1,-1,-1,850.000,825.000,-1,-1,2,0,2,0,2,0,0,0,0,2,2,2,2,0,0,2,2
33,1569.080,3279.940,-135.670,-5.967,0.993871,0.103752,-0.038159,-0.105903,0.992594,-0.059505,0.031703,0.063181,0.997498,0,0.90087,-0.31018,54.052,-0.620,-1,425.000,-1,400.000,-1,325.000,325.000,275.000,275.000,-1,-1,-1,-1,825.000,800.000,-1,-1,2,0,2,0,2,0,0,0,0,2,2,2,2,0,0,2,2
34,1622.973,3273.487,-134.149,-6.828,0.992304,0.118641,-0.035465,-0.120611,0.990894,-0.059851,0.028042,0.063668,0.997577,0,0.90463,-0.43018,54.278,-0.860,-1,400.000,-1,400.000,-1,325.000,325.000,275.000,275.000,-1,-1,-1,-1,825.000,800.000,-1,-1,2,0,2,0,2,0,0,0,0,2,2,2,2,0,0,2,2
35,1676.979,3265.966,-132.682,-7.928,0.989939,0.137642,-0.032779,-0.139424,0.988396,-0.060289,0.024100,0.064253,0.997643,0,0.90878,-0.55018,54.527,-1.100,-1,400.000,-1,400.000,-1,325.000,325.000,275.000,275.000,-1,-1,-1,-1,800.000,775.000,-1,-1,2,0,2,0,2,0,0,0,0,2,2,2,2,0,0,2,2
36,1731.055,3257.142,-131.284,-9.268,0.986541,0.160718,-0.030112,-0.162302,0.984863,-0.060853,0.019876,0.064922,0.997692,0,0.91319,-0.67018,54.791,-1.340,-1,400.000,-1,400.000,-1,325.000,325.000,275.000,275.000,-1,-1,-1,-1,800.000,750.000,-1,-1,2,0,2,0,2,0,0,0,0,2,2,2,2,0,0,2,2
37,1785.135,3246.778,-129.897,-10.849,0.981816,0.187812,-0.027644,-0.189195,0.980026,-0.061272,0.015584,0.065388,0.997738,0,0.91771,-0.79018,55.063,-1.580,-1,400.000,-1,400.000,-1,325.000,325.000,275.000,275.000,-1,-1,-1,-1,775.000,725.000,-1,-1,2,0,2,0,2,0,0,0,0,2,2,2,2,0,0,2,2
38,1839.122,3234.641,-128.456,-12.669,0.975424,0.218850,-0.025535,-0.220036,0.973569,-0.061219,0.011462,0.065333,0.997798,0,0.92223,-0.91018,55.334,-1.820,-1,400.000,-1,400.000,-1,325.000,325.000,300.000,275.000,-1,-1,-1,-1,775.000,725.000,-1,-1,2,0,2,0,2,0,0,0,0,2,2,2,2,0,0,2,2
39,1892.908,3220.560,-127.194,-14.669,0.967253,0.252703,-0.023711,-0.253701,0.965374,-0.060737,0.007541,0.064763,0.997872,0,0.92663,-1.00000,55.598,-2.000,-1,400.000,-1,375.000,-1,325.000,325.000,300.000,275.000,-1,-1,-1,-1,775.000,700.000,-1,-1,2,0,2,0,2,0,0,0,0,2,2,2,2,0,0,2,2
40,1946.196,3204.602,-126.404,-16.669,0.957868,0.286281,-0.023074,-0.287159,0.956103,-0.058371,0.005351,0.062538,0.998028,0,0.92709,-1.00000,55.625,-2.000,-1,400.000,-1,375.000,-1,325.000,325.000,300.000,275.000,-1,-1,-1,-1,750.000,700.000,-1,-1,2,0,2,0,2,0,0,0,0,2,2,2,2,0,0,2,2
41,1998.895,3186.794,-125.695,-18.669,0.947315,0.319519,-0.022417,-0.320287,0.945663,-0.056017,0.003300,0.060246,0.998178,0,0.92709,-1.00000,55.625,-2.000,-1,400.000,-1,375.000,-1,325.000,325.000,300.000,275.000,-1,-1,-1,-1,750.000,700.000,-1,-1,2,0,2,0,2,0,0,0,0,2,2,2,2,0,0,2,2
42,2053.785,3166.348,-125.295,-20.429,0.937060,0.348449,-0.022419,-0.349163,0.935501,-0.054061,0.002136,0.058486,0.998286,0,0.97622,-0.88000,58.573,-1.760,-1,400.000,-1,375.000,-1,325.000,325.000,300.000,275.000,-1,-1,-1,-1,750.000,700.000,-1,-1,2,0,2,0,2,0,0,0,0,2,2,2,2,0,0,2,2
43,2108.113,3144.453,-125.199,-21.949,0.927480,0.373167,-0.022974,-0.373870,0.925992,-0.052534,0.001670,0.057313,0.998355,0,0.97622,-0.76000,58.573,-1.520,-1,400.000,-1,375.000,-1,325.000,325.000,300.000,275.000,-1,-1,-1,-1,750.000,700.000,-1,-1,2,0,2,0,2,0,0,0,0,2,2,2,2,0,0,2,2
44,2161.938,3121.350,-125.219,-23.229,0.918905,0.393785,-0.023382,-0.394476,0.917487,-0.051051,0.001349,0.056135,0.998422,0,0.97622,-0.64000,58.573,-1.280,-1,400.000,-1,375.000,-1,325.000,325.000,300.000,275.000,-1,-1,-1,-1,750.000,700.000,-1,-1,2,0,2,0,2,0,0,0,0,2,2,2,2,0,0,2,2
45,2215.335,3097.275,-125.321,-24.269,0.911597,0.410401,-0.023688,-0.411082,0.910251,-0.049548,0.001227,0.054906,0.998491,0,0.97622,-0.52000,58.573,-1.040,-1,400.000,-1,375.000,-1,325.000,325.000,300.000,275.000,-1,-1,-1,-1,750.000,700.000,-1,-1,2,0,2,0,2,0,0,0,0,2,2,2,2,0,0,2,2
46,2268.391,3072.456,-125.489,-25.069,0.905768,0.423099,-0.023914,-0.423772,0.904494,-0.048046,0.001302,0.053653,0.998559,0,0.97622,-0.40000,58.573,-0.800,-1,425.000,-1,375.000,-1,325.000,325.000,300.000,275.000,-1,-1,-1,-1,750.000,700.000,-1,-1,2,0,2,0,2,0,0,0,0,2,2,2,2,0,0,2,2
47,2321.201,3047.119,-125.707,-25.629,0.901577,0.431948,-0.024081,-0.432616,0.900375,-0.046564,0.001569,0.052399,0.998625,0,0.97622,-0.28000,58.573,-0.560,-1,400.000,-1,375.000,-1,325.000,325.000,300.000,275.000,-1,-1,-1,-1,725.000,700.000,-1,-1,2,0,2,0,2,0,0,0,0,2,2,2,2,0,0,2,2
48,2373.869,3021.488,-125.849,-25.949,0.899145,0.437007,-0.023739,-0.437648,0.898025,-0.044894,0.001699,0.050756,0.998710,0,0.97622,-0.16000,58.573,-0.320,-1,400.000,-1,375.000,-1,325.000,325.000,300.000,275.000,-1,-1,-1,-1,725.000,700.000,-1,-1,2,0,2,0,2,0,0,0,0,2,2,2,2,0,0,2,2
49,2426.501,2995.783,-125.850,-26.029,0.898538,0.438308,-0.022699,-0.438893,0.897512,-0.042956,0.001545,0.048560,0.998819,0,0.97622,-0.04000,58.573,-0.080,-1,400.000,-1,375.000,-1,325.000,325.000,300.000,275.000,-1,-1,-1,-1,700.000,675.000,-1,-1,2,0,2,0,2,0,0,0,0,2,2,2,2,0,0,2,2
50,2479.205,2970.226,-125.810,-25.869,0.899764,0.435845,-0.021547,-0.436375,0.898824,-0.041145,0.001434,0.046423,0.998921,0,0.97622,0.08000,58.573,0.160,-1,400.000,-1,375.000,-1,325.000,325.000,275.000,275.000,-1,-1,-1,-1,700.000,675.000,-1,-1,2,0,2,0,2,0,0,0,0,2,2,2,2,0,0,2,2
51,2532.085,2945.037,-125.684,-25.469,0.902793,0.429597,-0.020278,-0.430073,0.901924,-0.039623,0.001267,0.044493,0.999009,0,0.97622,0.20000,58.573,0.400,-1,375.000,-1,375.000,-1,325.000,300.000,275.000,275.000,-1,-1,-1,-1,675.000,675.000,-1,-1,2,0,2,0,2,0,0,0,0,2,2,2,2,0,0,2,2
52,2585.195,2920.335,-125.213,-24.943,0.906684,0.421311,-0.020526,-0.421805,0.905856,-0.038797,0.002248,0.043834,0.999036,0,0.97622,0.26299,58.573,0.526,-1,375.000,-1,375.000,-1,300.000,300.000,275.000,275.000,-1,-1,-1,-1,675.000,675.000,-1,-1,2,0,2,0,2,0,0,0,0,2,2,2,2,0,0,2,2
53,2638.530,2896.122,-124.645,-24.417,0.910493,0.412985,-0.021132,-0.413511,0.909701,-0.038127,0.003478,0.043452,0.999049,0,0.97622,0.26299,58.573,0.526,-1,375.000,-1,375.000,-1,300.000,300.000,275.000,300.000,-1,-1,-1,-1,675.000,675.000,-1,-1,2,0,2,0,2,0,0,0,0,2,2,2,2,0,0,2,2
54,2692.084,2872.400,-124.061,-23.891,0.914225,0.404624,-0.021749,-0.405180,0.913470,-0.037447,0.004715,0.043047,0.999062,0,0.97622,0.26299,58.573,0.526,-1,375.000,-1,375.000,-1,300.000,300.000,300.000,300.000,-1,-1,-1,-1,675.000,675.000,-1,-1,2,0,2,0,2,0,0,0,0,2,2,2,2,0,0,2,2
55,2745.855,2849.171,-123.517,-23.365,0.917875,0.396225,-0.022606,-0.396822,0.917154,-0.036879,0.006121,0.042821,0.999064,0,0.97622,0.26299,58.573,0.526,-1,375.000,-1,375.000,-1,300.000,300.000,275.000,300.000,-1,-1,-1,-1,650.000,675.000,-1,-1,2,0,2,0,2,0,0,0,0,2,2,2,2,0,0,2,2
56,2799.836,2826.435,-122.586,-22.839,0.921424,0.387812,-0.024102,-0.388462,0.920807,-0.034806,0.008695,0.041434,0.999103,0,0.97622,0.26299,58.573,0.526,-1,375.000,-1,375.000,-1,300.000,300.000,275.000,300.000,-1,-1,-1,-1,650.000,675.000,-1,-1,2,0,2,0,2,0,0,0,0,2,2,2,2,0,0,2,2
57,2854.023,2804.197,-121.438,-22.313,0.924871,0.379353,-0.026554,-0.380093,0.924355,-0.033136,0.011975,0.040740,0.999098,0,0.97622,0.26299,58.573,0.526,-1,375.000,-1,375.000,-1,300.000,300.000,275.000,300.000,-1,875.000,-1,-1,650.000,675.000,-1,-1,2,0,2,0,2,0,0,0,0,2,0,2,2,0,0,2,2
58,2908.413,2782.457,-120.302,-21.787,0.928235,0.370862,-0.029006,-0.371683,0.927824,-0.031523,0.015221,0.040042,0.999082,0,0.97622,0.26299,58.573,0.526,-1,375.000,-1,375.000,-1,300.000,300.000,275.000,300.000,-1,775.000,925.000,-1,650.000,675.000,-1,-1,2,0,2,0,2,0,0,0,0,2,0,0,2,0,0,2,2
59,2962.999,2761.217,-119.176,-21.261,0.931515,0.362339,-0.031457,-0.363235,0.931216,-0.029968,0.018435,0.039342,0.999056,0,0.97622,0.26299,58.573,0.526,-1,375.000,-1,375.000,-1,300.000,300.000,275.000,300.000,-1,725.000,850.000,-1,650.000,675.000,-1,-1,2,0,2,0,2,0,0,0,0,2,0,0,2,0,0,2,2
60,3017.779,2740.479,-118.061,-20.735,0.934712,0.353785,-0.033908,-0.354748,0.934528,-0.028470,0.021616,0.038640,0.999019,0,0.97622,0.26299,58.573,0.526,-1,375.000,-1,375.000,-1,325.000,325.000,275.000,300.000,-1,650.000,775.000,-1,650.000,675.000,-1,-1,2,0,2,0,2,0,0,0,0,2,0,0,2,0,0,2,2
61,3072.747,2720.244,-116.954,-20.209,0.937824,0.345201,-0.036359,-0.346226,0.937762,-0.027030,0.024766,0.037938,0.998973,0,0.97622,0.26299,58.573,0.526,-1,375.000,-1,400.000,-1,300.000,325.000,275.000,300.000,-1,600.000,725.000,-1,650.000,675.000,-1,-1,2,0,2,0,2,0,0,0,0,2,0,0,2,0,0,2,2
62,3127.898,2700.515,-115.855,-19.683,0.940852,0.336587,-0.038811,-0.337667,0.940916,-0.025646,0.027886,0.037234,0.998917,0,0.97622,0.26299,58.573,0.526,-1,375.000,-1,375.000,-1,300.000,325.000,275.000,300.000,-1,575.000,675.000,-1,650.000,675.000,-1,-1,2,0,2,0,2,0,0,0,0,2,0,0,2,0,0,2,2
63,3183.228,2681.294,-114.622,-19.157,0.943809,0.327936,-0.041021,-0.329080,0.943971,-0.025005,0.030523,0.037099,0.998845,0,0.97622,0.26299,58.573,0.526,-1,375.000,-1,375.000,-1,300.000,300.000,275.000,300.000,-1,550.000,650.000,-1,650.000,675.000,-1,-1,2,0,2,0,2,0,0,0,0,2,0,0,2,0,0,2,2
64,3238.732,2662.582,-112.922,-18.631,0.946671,0.319235,-0.043614,-0.320517,0.946877,-0.026312,0.032897,0.038888,0.998702,0,0.97622,0.26299,58.573,0.526,-1,375.000,-1,375.000,-1,300.000,300.000,275.000,300.000,-1,550.000,600.000,-1,650.000,675.000,-1,-1,2,0,2,0,2,0,0,0,0,2,0,0,2,0,0,2,2
65,3294.406,2644.381,-110.991,-18.105,0.949405,0.310495,-0.047154,-0.311988,0.949662,-0.028371,0.035972,0.041647,0.998485,0,0.97622,0.26299,58.573,0.526,-1,375.000,-1,375.000,-1,300.000,300.000,275.000,300.000,-1,550.000,525.000,-1,650.000,675.000,-1,-1,2,0,2,0,2,0,0,0,0,2,0,0,2,0,0,2,2
66,3345.736,2628.357,-109.116,-17.339,0.953338,0.297747,-0.049938,-0.299418,0.953649,-0.030052,0.038676,0.043602,0.998300,0,0.89622,0.38299,53.773,0.766,-1,375.000,-1,375.000,-1,300.000,300.000,300.000,300.000,-1,575.000,500.000,-1,650.000,650.000,-1,-1,2,0,2,0,2,0,0,0,0,2,0,0,2,0,0,2,2
67,3394.962,2613.931,-106.731,-16.333,0.958296,0.280964,-0.052226,-0.282709,0.958750,-0.029571,0.041763,0.043103,0.998197,0,0.85494,0.50299,51.296,1.006,-1,375.000,-1,375.000,-1,300.000,300.000,300.000,300.000,-1,575.000,475.000,-1,650.000,675.000,-1,-1,2,0,2,0,2,0,0,0,0,2,0,0,2,0,0,2,2
68,3444.491,2600.579,-103.988,-15.087,0.964032,0.260064,-0.054854,-0.261863,0.964683,-0.028534,0.045496,0.041872,0.998087,0,0.85494,0.62299,51.296,1.246,-1,375.000,-1,375.000,-1,300.000,300.000,300.000,300.000,-1,550.000,450.000,-1,650.000,675.000,-1,-1,2,0,2,0,2,0,0,0,0,2,0,0,2,0,0,2,2
69,3494.309,2588.352,-101.089,-13.789,0.969539,0.238144,-0.057286,-0.240017,0.970356,-0.028297,0.048849,0.041185,0.997957,0,0.85494,0.64922,51.296,1.298,-1,375.000,-1,375.000,-1,300.000,300.000,300.000,300.000,-1,525.000,450.000,-1,650.000,675.000,-1,-1,2,0,2,0,2,0,0,0,0,2,0,0,2,0,0,2,2
70,3544.391,2577.258,-98.173,-12.491,0.974539,0.216100,-0.059789,-0.218051,0.975530,-0.028210,0.052230,0.040529,0.997812,0,0.85494,0.64922,51.296,1.298,-1,375.000,-1,375.000,-1,300.000,325.000,300.000,300.000,-1,525.000,450.000,-1,675.000,675.000,-1,-1,2,0,2,0,2,0,0,0,0,2,0,0,2,0,0,2,2
71,3594.712,2567.301,-95.240,-11.192,0.979029,0.193944,-0.062353,-0.195977,0.980201,-0.028278,0.055634,0.039905,0.997654,0,0.85494,0.64922,51.296,1.298,-1,375.000,-1,375.000,-1,300.000,325.000,300.000,300.000,-1,525.000,450.000,-1,675.000,700.000,-1,-1,2,0,2,0,2,0,0,0,0,2,0,0,2,0,0,2,2
72,3645.245,2558.488,-92.289,-9.894,0.983007,0.171687,-0.064966,-0.173808,0.984367,-0.028506,0.059056,0.039314,0.997480,0,0.85494,0.64922,51.296,1.298,-1,375.000,-1,375.000,-1,300.000,325.000,300.000,300.000,-1,525.000,450.000,-1,675.000,700.000,-1,-1,2,0,2,0,2,0,0,0,0,2,0,0,2,0,0,2,2
73,3695.966,2550.821,-89.320,-8.595,0.986471,0.149340,-0.067617,-0.151556,0.988026,-0.028899,0.062492,0.038756,0.997293,0,0.85494,0.64922,51.296,1.298,-1,375.000,-1,375.000,-1,325.000,325.000,300.000,300.000,-1,500.000,450.000,-1,675.000,700.000,-1,-1,2,0,2,0,2,0,0,0,0,2,0,0,2,0,0,2,2
74,3746.847,2544.306,-86.332,-7.297,0.989420,0.126916,-0.070295,-0.129234,0.991176,-0.029461,0.065936,0.038233,0.997091,0,0.85494,0.64922,51.296,1.298,-1,375.000,-1,375.000,-1,325.000,325.000,300.000,300.000,-1,500.000,400.000,-1,675.000,700.000,-1,-1,2,0,2,0,2,0,0,0,0,2,0,0,2,0,0,2,2
75,3797.863,2538.946,-83.326,-5.998,0.991851,0.104425,-0.072987,-0.106854,0.993816,-0.030193,0.069382,0.037746,0.996876,0,0.85494,0.64922,51.296,1.298,-1,375.000,-1,400.000,-1,325.000,325.000,300.000,300.000,-1,425.000,375.000,-1,700.000,700.000,-1,-1,2,0,2,0,2,0,0,0,0,2,0,0,2,0,0,2,2
76,3848.987,2534.743,-80.300,-4.700,0.993765,0.081879,-0.075680,-0.084427,0.995944,-0.031098,0.072827,0.037294,0.996647,0,0.85494,0.64922,51.296,1.298,-1,375.000,-1,400.000,-1,325.000,325.000,300.000,300.000,-1,375.000,325.000,-1,700.000,700.000,-1,-1,2,0,2,0,2,0,0,0,0,2,0,0,2,0,0,2,2
77,3900.193,2531.700,-77.254,-3.401,0.995160,0.059291,-0.078362,-0.061968,0.997559,-0.032178,0.076263,0.036878,0.996406,0,0.85494,0.64922,51.296,1.298,-1,375.000,-1,400.000,-1,325.000,325.000,300.000,275.000,-1,350.000,300.000,-1,700.000,725.000,-1,-1,2,0,2,0,2,0,0,0,0,2,0,0,2,0,0,2,2
78,3951.455,2529.818,-73.697,-2.103,0.996121,0.036671,-0.079986,-0.039511,0.998633,-0.034225,0.078621,0.037253,0.996208,0,0.85494,0.64922,51.296,1.298,-1,375.000,-1,375.000,-1,325.000,325.000,300.000,275.000,-1,350.000,300.000,-1,700.000,725.000,-1,-1,2,0,2,0,2,0,0,0,0,2,0,0,2,0,0,2,2
79,4002.746,2529.097,-69.318,-0.805,0.996640,0.014033,-0.080690,-0.016872,0.999258,-0.034615,0.080144,0.035860,0.996138,0,0.85494,0.64922,51.296,1.298,-1,375.000,-1,375.000,-1,325.000,325.000,300.000,275.000,-1,375.000,350.000,-1,700.000,725.000,-1,-1,2,0,2,0,2,0,0,0,0,2,0,0,2,0,0,2,2
80,4054.040,2529.539,-64.910,0.494,0.996646,-0.008614,-0.081380,0.005774,0.999368,-0.035072,0.081631,0.034485,0.996066,0,0.85494,0.64922,51.296,1.298,-1,375.000,-1,375.000,-1,325.000,325.000,300.000,275.000,-1,425.000,400.000,-1,700.000,725.000,-1,-1,2,0,2,0,2,0,0,0,0,2,0,0,2,0,0,2,2
81,4100.508,2531.187,-60.875,2.032,0.996004,-0.035444,-0.081975,0.032623,0.998837,-0.035502,0.083138,0.032686,0.996002,0,0.77494,0.76922,46.496,1.538,-1,375.000,-1,375.000,-1,325.000,325.000,300.000,275.000,-1,450.000,425.000,-1,725.000,750.000,-1,-1,2,0,2,0,2,0,0,0,0,2,0,0,2,0,0,2,2
82,4142.115,2533.905,-57.146,3.739,0.994439,-0.065181,-0.082717,0.062411,0.997414,-0.035651,0.084827,0.030290,0.995935,0,0.69494,0.85333,41.696,1.707,-1,375.000,-1,375.000,-1,325.000,325.000,300.000,300.000,-1,475.000,450.000,-1,725.000,750.000,-1,-1,2,0,2,0,2,0,0,0,0,2,0,0,2,0,0,2,2
83,4178.845,2537.406,-53.815,5.446,0.991991,-0.094865,-0.083396,0.092151,0.995101,-0.035813,0.086385,0.027841,0.995873,0,0.61494,0.85333,36.896,1.707,-1,375.000,-1,375.000,-1,325.000,325.000,300.000,300.000,-1,500.000,475.000,-1,725.000,750.000,-1,-1,2,0,2,0,2,0,0,0,0,2,0,0,2,0,0,2,2
84,4210.692,2541.401,-50.891,7.152,0.988662,-0.124468,-0.084001,0.121819,0.991900,-0.035975,0.087798,0.025334,0.995816,0,0.53494,0.85333,32.096,1.707,-1,375.000,-1,375.000,-1,325.000,325.000,300.000,300.000,-1,525.000,500.000,-1,725.000,750.000,-1,-1,2,0,2,0,2,0,0,0,0,2,0,0,2,0,0,2,2
85,4237.663,2545.604,-48.381,8.859,0.984455,-0.153963,-0.084524,0.151387,0.987814,-0.036124,0.089055,0.022766,0.995766,0,0.45494,0.85333,27.296,1.707,-1,375.000,-1,375.000,-1,325.000,325.000,300.000,300.000,-1,525.000,525.000,-1,725.000,775.000,-1,-1,2,0,2,0,2,0,0,0,0,2,0,0,2,0,0,2,2
86,4259.778,2549.728,-46.293,10.566,0.979374,-0.183325,-0.084957,0.180831,0.982846,-0.036243,0.090144,0.020133,0.995725,0,0.37494,0.85333,22.496,1.707,-1,375.000,-1,400.000,-1,325.000,325.000,300.000,300.000,-1,550.000,550.000,-1,725.000,775.000,-1,-1,2,0,2,0,2,0,0,0,0,2,0,0,2,0,0,2,2
87,4277.070,2553.488,-44.633,12.272,0.973426,-0.212526,-0.085295,0.210124,0.977000,-0.036318,0.091051,0.017430,0.995694,0,0.29494,0.85333,17.696,1.707,-1,375.000,-1,400.000,-1,325.000,325.000,300.000,300.000,-1,550.000,550.000,-1,725.000,775.000,-1,-1,2,0,2,0,2,0,0,0,0,2,0,0,2,0,0,2,2
88,4289.584,2556.603,-43.406,13.979,0.966614,-0.241540,-0.085534,0.239241,0.970280,-0.036331,0.091767,0.014655,0.995673,0,0.21494,0.85333,12.896,1.707,-1,375.000,-1,400.000,-1,325.000,325.000,300.000,300.000,-1,550.000,575.000,-1,725.000,775.000,-1,-1,2,0,2,0,2,0,0,0,0,2,0,0,2,0,0,2,2
89,4297.379,2558.791,-42.616,15.686,0.958945,-0.270341,-0.085672,0.268157,0.962692,-0.036267,0.092280,0.011804,0.995663,0,0.13494,0.85333,8.096,1.707,-1,375.000,-1,400.000,-1,325.000,325.000,300.000,300.000,-1,575.000,575.000,-1,700.000,750.000,-1,-1,2,0,2,0,2,0,0,0,0,2,0,0,2,0,0,2,2
90,4300.525,2559.775,-42.265,17.392,0.950427,-0.298901,-0.085708,0.296845,0.954243,-0.036107,0.092578,0.008875,0.995666,0,0.05494,0.85333,3.296,1.707,-1,375.000,-1,400.000,-1,325.000,325.000,300.000,300.000,-1,575.000,550.000,-1,700.000,750.000,-1,-1,2,0,2,0,2,0,0,0,0,2,0,0,2,0,0,2,2
91,4299.104,2559.283,-42.354,19.099,0.941068,-0.327196,-0.085643,0.325280,0.944938,-0.035837,0.092653,0.005867,0.995681,0,-0.02506,0.85333,-1.504,1.707,-1,375.000,-1,400.000,-1,325.000,325.000,300.000,300.000,-1,575.000,550.000,-1,700.000,750.000,-1,-1,2,0,2,0,2,0,0,0,0,2,0,0,2,0,0,2,2
92,4293.212,2557.043,-42.884,20.806,0.930875,-0.355198,-0.085480,0.353437,0.934787,-0.035439,0.092493,0.002778,0.995709,0,-0.10506,0.85333,-6.304,1.707,-1,375.000,-1,375.000,-1,325.000,325.000,300.000,300.000,-1,575.000,550.000,-1,700.000,750.000,-1,-1,2,0,2,0,2,0,0,0,0,2,0,0,2,0,0,2,2
93,4285.714,2553.935,-43.582,22.512,0.919851,-0.382882,-0.085293,0.381281,0.923797,-0.034986,0.092189,-0.000339,0.995741,0,-0.13528,0.85333,-8.117,1.707,-1,375.000,-1,375.000,-1,325.000,325.000,300.000,300.000,-1,575.000,550.000,-1,700.000,750.000,-1,-1,2,0,2,0,2,0,0,0,0,2,0,0,2,0,0,2,2
94,4278.311,2550.605,-44.281,24.219,0.908003,-0.410223,-0.085128,0.408782,0.911979,-0.034527,0.091798,-0.003448,0.995772,0,-0.13528,0.85333,-8.117,1.707,-1,375.000,-1,375.000,-1,325.000,325.000,300.000,300.000,-1,575.000,550.000,-1,700.000,750.000,-1,-1,2,0,2,0,2,0,0,0,0,2,0,0,2,0,0,2,2
95,4271.011,2547.056,-44.982,25.926,0.895342,-0.437195,-0.084984,0.435916,0.899343,-0.034062,0.091321,-0.006548,0.995800,0,-0.13528,0.85333,-8.117,1.707,-1,375.000,-1,375.000,-1,300.000,325.000,300.000,300.000,-1,550.000,550.000,-1,700.000,750.000,-1,-1,2,0,2,0,2,0,0,0,0,2,0,0,2,0,0,2,2
96,4263.820,2543.291,-45.684,27.632,0.881880,-0.463775,-0.084862,0.462657,0.885901,-0.033595,0.090759,-0.009635,0.995826,0,-0.13528,0.85333,-8.117,1.707,-1,375.000,-1,375.000,-1,300.000,325.000,300.000,300.000,-1,550.000,525.000,-1,675.000,750.000,-1,-1,2,0,2,0,2,0,0,0,0,2,0,0,2,0,0,2,2
97,4256.744,2539.314,-46.386,29.339,0.867628,-0.489937,-0.084762,0.488981,0.871665,-0.033125,0.090113,-0.012707,0.995850,0,-0.13528,0.85333,-8.117,1.707,-1,375.000,-1,375.000,-1,300.000,325.000,300.000,300.000,-1,550.000,525.000,-1,675.000,725.000,-1,-1,2,0,2,0,2,0,0,0,0,2,0,0,2,0,0,2,2
98,4253.895,2537.616,-46.664,30.806,0.854751,-0.512068,-0.084774,0.511242,0.858809,-0.032848,0.089625,-0.015263,0.995859,0,-0.05528,0.73333,-3.317,1.467,-1,375.000,-1,375.000,-1,300.000,325.000,300.000,300.000,-1,525.000,525.000,-1,675.000,725.000,-1,-1,2,0,2,0,2,0,0,0,0,2,0,0,2,0,0,2,2
99,4255.153,2538.403,-46.522,32.032,0.843538,-0.530319,-0.084883,0.529588,0.847622,-0.032774,0.089330,-0.017307,0.995852,0,0.02472,0.61333,1.483,1.227,-1,375.000,-1,375.000,-1,300.000,325.000,300.000,300.000,-1,525.000,525.000,-1,675.000,725.000,-1,-1,2,0,2,0,2,0,0,0,0,2,0,0,2,0,0,2,2
100,4260.421,2541.826,-45.963,33.019,0.834225,-0.544821,-0.085080,0.544152,0.838341,-0.032909,0.089255,-0.018843,0.995831,0,0.10472,0.49333,6.283,0.987,-1,375.000,-1,375.000,-1,300.000,325.000,300.000,300.000,-1,525.000,550.000,-1,675.000,725.000,-1,-1,2,0,2,0,2,0,0,0,0,2,0,0,2,0,0,2,2
101,4269.634,2547.987,-44.978,33.766,0.826997,-0.555688,-0.085359,0.555044,0.831154,-0.033301,0.089452,-0.019839,0.995794,0,0.18472,0.37333,11.083,0.747,-1,375.000,-1,375.000,-1,300.000,325.000,300.000,300.000,-1,550.000,550.000,-1,675.000,725.000,-1,-1,2,0,2,0,2,0,0,0,0,2,0,0,2,0,0,2,2
102,4282.760,2556.931,-43.521,34.272,0.821989,-0.563014,-0.085734,0.562334,0.826203,-0.034194,0.090085,-0.020104,0.995731,0,0.26472,0.25333,15.883,0.507,-1,375.000,-1,375.000,-1,325.000,325.000,300.000,300.000,-1,550.000,550.000,-1,675.000,725.000,-1,-1,2,0,2,0,2,0,0,0,0,2,0,0,2,0,0,2,2
103,4299.782,2568.681,-41.632,34.617,0.818524,-0.567970,-0.086186,0.567218,0.822808,-0.035369,0.091003,-0.019936,0.995651,0,0.34472,0.17214,20.683,0.344,-1,375.000,-1,375.000,-1,325.000,325.000,300.000,300.000,-1,550.000,525.000,-1,675.000,750.000,-1,-1,2,0,2,0,2,0,0,0,0,2,0,0,2,0,0,2,2
104,4320.667,2583.283,-39.308,34.961,0.815019,-0.572907,-0.086721,0.572059,0.819386,-0.036822,0.092153,-0.019599,0.995552,0,0.42472,0.17214,25.483,0.344,-1,375.000,-1,375.000,-1,325.000,325.000,300.000,300.000,-1,550.000,525.000,-1,700.000,750.000,-1,-1,2,0,2,0,2,0,0,0,0,2,0,0,2,0,0,2,2
105,4345.380,2600.785,-36.549,35.305,0.811474,-0.577826,-0.087330,0.576855,0.815936,-0.038554,0.093533,-0.019091,0.995433,0,0.50472,0.17214,30.283,0.344,-1,375.000,-1,400.000,-1,325.000,325.000,300.000,300.000,-1,575.000,500.000,-1,700.000,750.000,-1,-1,2,0,2,0,2,0,0,0,0,2,0,0,2,0,0,2,2
106,4373.889,2621.233,-33.358,35.649,0.807889,-0.582726,-0.088006,0.581604,0.812460,-0.040563,0.095139,-0.018414,0.995294,0,0.58472,0.17214,35.083,0.344,-1,375.000,-1,400.000,-1,325.000,325.000,300.000,300.000,-1,575.000,475.000,-1,700.000,750.000,-1,-1,2,0,2,0,2,0,0,0,0,2,0,0,2,0,0,2,2
107,4406.158,2644.672,-29.631,35.994,0.804271,-0.587603,-0.088720,0.586348,0.808951,-0.042370,0.096666,-0.017944,0.995155,0,0.66472,0.17214,39.883,0.344,-1,375.000,-1,400.000,-1,325.000,325.000,300.000,300.000,-1,550.000,475.000,-1,700.000,750.000,-1,-1,2,0,2,0,2,0,0,0,0,2,0,0,2,0,0,2,2
108,4440.954,2670.044,-25.582,36.098,0.803104,-0.589083,-0.089475,0.587674,0.807892,-0.044167,0.098304,-0.017111,0.995009,0,0.71772,0.05214,43.063,0.104,-1,375.000,-1,400.000,-1,325.000,325.000,300.000,300.000,-1,550.000,450.000,-1,725.000,750.000,-1,-1,2,0,2,0,2,0,0,0,0,2,0,0,2,0,0,2,2
109,4475.781,2695.372,-21.413,36.027,0.803747,-0.588094,-0.090206,0.586571,0.808626,-0.045373,0.099627,-0.016444,0.994889,0,0.71772,-0.03528,43.063,-0.071,-1,375.000,-1,400.000,-1,325.000,325.000,300.000,300.000,-1,550.000,475.000,-1,725.000,775.000,-1,-1,2,0,2,0,2,0,0,0,0,2,0,0,2,0,0,2,2
110,4510.639,2720.658,-17.129,35.957,0.804394,-0.587100,-0.090903,0.585517,0.809352,-0.046033,0.100598,-0.016196,0.994795,0,0.71772,-0.03528,43.063,-0.071,-1,375.000,-1,400.000,-1,325.000,325.000,300.000,300.000,-1,575.000,500.000,-1,725.000,775.000,-1,-1,2,0,2,0,2,0,0,0,0,2,0,0,2,0,0,2,2
111,4545.528,2745.901,-12.898,35.886,0.805072,-0.586107,-0.091314,0.584454,0.810081,-0.046728,0.101360,-0.015749,0.994725,0,0.71772,-0.03528,43.063,-0.071,-1,375.000,-1,400.000,-1,325.000,325.000,300.000,300.000,-1,600.000,525.000,-1,750.000,775.000,-1,-1,2,0,2,0,2,0,0,0,0,2,0,0,2,0,0,2,2
112,4580.448,2771.101,-8.659,35.816,0.805749,-0.585113,-0.091717,0.583393,0.810807,-0.047382,0.102089,-0.015329,0.994657,0,0.71772,-0.03528,43.063,-0.071,-1,375.000,-1,400.000,-1,325.000,325.000,300.000,300.000,-1,625.000,550.000,-1,750.000,775.000,-1,-1,2,0,2,0,2,0,0,0,0,2,0,0,2,0,0,2,2
113,4615.399,2796.257,-4.408,35.745,0.806424,-0.584117,-0.092128,0.582335,0.811531,-0.047989,0.102795,-0.014950,0.994590,0,0.71772,-0.03528,43.063,-0.071,-1,375.000,-1,400.000,-1,325.000,325.000,300.000,300.000,-1,625.000,550.000,-1,750.000,800.000,-1,-1,2,0,2,0,2,0,0,0,0,2,0,0,2,0,0,2,2
114,4650.381,2821.371,-0.146,35.675,0.807097,-0.583121,-0.092545,0.581280,0.812254,-0.048549,0.103480,-0.014611,0.994524,0,0.71772,-0.03528,43.063,-0.071,-1,400.000,-1,400.000,-1,325.000,325.000,300.000,300.000,-1,650.000,575.000,-1,750.000,800.000,-1,-1,2,0,2,0,2,0,0,0,0,2,0,0,2,0,0,2,2
115,4685.394,2846.442,4.139,35.604,0.807775,-0.582123,-0.092915,0.580226,0.812976,-0.049078,0.104107,-0.014267,0.994464,0,0.71772,-0.03528,43.063,-0.071,-1,400.000,-1,400.000,-1,325.000,325.000,300.000,300.000,-1,650.000,600.000,-1,750.000,825.000,-1,-1,2,0,2,0,2,0,0,0,0,2,0,0,2,0,0,2,2
116,4720.437,2871.469,8.511,35.534,0.808491,-0.581126,-0.092922,0.579161,0.813699,-0.049668,0.104474,-0.013661,0.994434,0,0.71772,-0.03528,43.063,-0.071,-1,400.000,-1,400.000,-1,325.000,325.000,300.000,300.000,-1,675.000,650.000,-1,775.000,825.000,-1,-1,2,0,2,0,2,0,0,0,0,2,0,0,2,0,0,2,2
117,4755.512,2896.453,12.891,35.463,0.809204,-0.580128,-0.092951,0.578100,0.814420,-0.050208,0.104828,-0.013106,0.994404,0,0.71772,-0.03528,43.063,-0.071,-1,400.000,-1,400.000,-1,325.000,325.000,300.000,300.000,-1,700.000,675.000,-1,775.000,825.000,-1,-1,2,0,2,0,2,0,0,0,0,2,0,0,2,0,0,2,2
118,4790.617,2921.394,17.310,35.392,0.809930,-0.579129,-0.092854,0.577037,0.815140,-0.050742,0.105075,-0.012483,0.994386,0,0.71772,-0.03528,43.063,-0.071,-1,400.000,-1,400.000,-1,325.000,325.000,300.000,300.000,-1,725.000,700.000,-1,775.000,850.000,-1,-1,2,0,2,0,2,0,0,0,0,2,0,0,2,0,0,2,2
119,4825.752,2946.292,21.849,35.322,0.810728,-0.578132,-0.092107,0.575966,0.815863,-0.051298,0.104804,-0.011462,0.994427,0,0.71772,-0.03528,43.063,-0.071,-1,400.000,-1,400.000,-1,325.000,325.000,300.000,300.000,-1,775.000,750.000,-1,775.000,850.000,-1,-1,2,0,2,0,2,0,0,0,0,2,0,0,2,0,0,2,2
120,4860.919,2971.147,26.363,35.251,0.811514,-0.577132,-0.091453,0.574919,0.816581,-0.051610,0.104464,-0.010695,0.994471,0,0.71772,-0.03528,43.063,-0.071,-1,400.000,-1,400.000,-1,325.000,325.000,300.000,300.000,-1,850.000,800.000,-1,775.000,850.000,-1,-1,2,0,2,0,2,0,0,0,0,2,0,0,2,0,0,2,2
121,4896.116,2995.958,30.886,35.181,0.812287,-0.576130,-0.090910,0.573881,0.817296,-0.051836,0.104164,-0.010066,0.994509,0,0.71772,-0.03528,43.063,-0.071,-1,400.000,-1,400.000,-1,325.000,325.000,300.000,300.000,-1,900.000,850.000,-1,800.000,850.000,-1,-1,2,0,2,0,2,0,0,0,0,2,0,0,2,0,0,2,2
122,4931.343,3020.725,35.390,35.110,0.813059,-0.575126,-0.090355,0.572848,0.818010,-0.052011,0.103825,-0.009472,0.994551,0,0.71772,-0.03528,43.063,-0.071,-1,400.000,-1,400.000,-1,325.000,325.000,300.000,300.000,-1,975.000,925.000,-1,800.000,850.000,-1,-1,2,0,2,0,2,0,0,0,0,2,0,0,2,0,0,2,2
123,4966.601,3045.450,39.876,35.040,0.813832,-0.574121,-0.089789,0.571819,0.818722,-0.052136,0.103445,-0.008913,0.994595,0,0.71772,-0.03528,43.063,-0.071,-1,400.000,-1,400.000,-1,325.000,325.000,300.000,300.000,-1,-1,975.000,-1,800.000,850.000,-1,-1,2,0,2,0,2,0,0,0,0,2,2,0,2,0,0,2,2
124,5001.889,3070.131,44.344,34.969,0.814604,-0.573115,-0.089212,0.570794,0.819432,-0.052211,0.103026,-0.008390,0.994643,0,0.71772,-0.03528,43.063,-0.071,-1,400.000,-1,400.000,-1,325.000,325.000,300.000,300.000,-1,-1,-1,-1,800.000,875.000,-1,-1,2,0,2,0,2,0,0,0,0,2,2,2,2,0,0,2,2
125,5037.208,3094.768,48.794,34.899,0.815376,-0.572108,-0.088622,0.569773,0.820140,-0.052236,0.102567,-0.007902,0.994695,0,0.71772,-0.03528,43.063,-0.071,-1,400.000,-1,400.000,-1,325.000,325.000,300.000,300.000,-1,-1,-1,-1,800.000,875.000,-1,-1,2,0,2,0,2,0,0,0,0,2,2,2,2,0,0,2,2
126,5072.632,3119.414,53.179,34.828,0.816147,-0.571099,-0.088035,0.568729,0.820849,-0.052470,0.102229,-0.007245,0.994735,0,0.71924,-0.03535,43.155,-0.071,-1,400.000,-1,400.000,-1,325.000,325.000,300.000,300.000,-1,-1,-1,-1,825.000,875.000,-1,-1,2,0,2,0,2,0,0,0,0,2,2,2,2,0,0,2,2
127,5108.366,3144.210,57.576,34.757,0.816923,-0.570081,-0.087432,0.567681,0.821562,-0.052671,0.101858,-0.006605,0.994777,0,0.72490,-0.03561,43.494,-0.071,-1,400.000,-1,425.000,-1,325.000,325.000,300.000,300.000,-1,-1,-1,-1,825.000,875.000,-1,-1,2,0,2,0,2,0,0,0,0,2,2,2,2,0,0,2,2
128,5144.411,3169.155,61.995,34.685,0.817705,-0.569054,-0.086811,0.566631,0.822278,-0.052797,0.101427,-0.006017,0.994825,0,0.73060,-0.03586,43.836,-0.072,-1,400.000,-1,425.000,-1,325.000,325.000,300.000,300.000,-1,-1,-1,-1,825.000,900.000,-1,-1,2,0,2,0,2,0,0,0,0,2,2,2,2,0,0,2,2
129,5180.772,3194.251,66.362,34.613,0.818526,-0.568019,-0.085843,0.565570,0.822999,-0.052948,0.100725,-0.005211,0.994901,0,0.73634,-0.03612,44.181,-0.072,-1,400.000,-1,425.000,-1,325.000,325.000,300.000,300.000,-1,-1,-1,-1,825.000,925.000,-1,-1,2,0,2,0,2,0,0,0,0,2,2,2,2,0,0,2,2
130,5217.451,3219.498,70.613,34.540,0.819418,-0.566977,-0.084204,0.564483,0.823724,-0.053265,0.099561,-0.003885,0.995024,0,0.74213,-0.03637,44.528,-0.073,-1,400.000,-1,425.000,-1,325.000,325.000,300.000,300.000,-1,-1,-1,-1,825.000,925.000,-1,-1,2,0,2,0,2,0,0,0,0,2,2,2,2,0,0,2,2
131,5254.451,3244.896,74.891,34.467,0.820311,-0.565926,-0.082567,0.563397,0.824452,-0.053506,0.098353,-0.002626,0.995148,0,0.74797,-0.03662,44.878,-0.073,-1,400.000,-1,425.000,-1,325.000,325.000,300.000,300.000,-1,-1,-1,-1,825.000,950.000,-1,-1,2,0,2,0,2,0,0,0,0,2,2,2,2,0,0,2,2
132,5291.774,3270.445,79.194,34.393,0.821204,-0.564866,-0.080931,0.562314,0.825181,-0.053652,0.097089,-0.001450,0.995275,0,0.75385,-0.03687,45.231,-0.074,-1,400.000,-1,425.000,-1,325.000,325.000,300.000,300.000,-1,-1,-1,-1,825.000,950.000,-1,-1,2,0,2,0,2,0,0,0,0,2,2,2,2,0,1,2,2
133,5333.213,3298.480,83.943,34.079,0.824474,-0.560340,-0.079137,0.557759,0.828263,-0.053715,0.095645,0.000147,0.995415,0,0.83385,-0.15687,50.031,-0.314,-1,400.000,-1,400.000,-1,325.000,325.000,300.000,300.000,-1,-1,-1,-1,825.000,900.000,-1,-1,2,0,2,0,2,0,0,0,0,2,2,2,2,0,1,2,2
134,5377.139,3327.582,88.865,33.526,0.830021,-0.552308,-0.077594,0.549705,0.833638,-0.053582,0.094279,0.001820,0.995544,0,0.87821,-0.27687,52.693,-0.554,-1,400.000,-1,400.000,-1,325.000,325.000,300.000,300.000,-1,-1,-1,-1,825.000,875.000,-1,-1,2,0,2,0,2,0,0,0,0,2,2,2,2,0,1,2,2
135,5421.814,3356.299,93.830,32.732,0.837765,-0.540704,-0.076089,0.538090,0.841205,-0.053219,0.092782,0.003642,0.995680,0,0.88514,-0.39687,53.108,-0.794,-1,400.000,-1,400.000,-1,325.000,325.000,300.000,300.000,-1,-1,-1,-1,825.000,875.000,-1,-1,2,0,2,0,2,0,0,0,0,2,2,2,2,0,1,2,2
136,5467.356,3384.424,98.709,31.698,0.847560,-0.525435,-0.074566,0.522844,0.850817,-0.052393,0.090971,0.005420,0.995839,0,0.89213,-0.51687,53.528,-1.034,-1,400.000,-1,400.000,-1,325.000,325.000,300.000,300.000,-1,-1,-1,-1,825.000,850.000,-1,-1,2,0,2,0,2,0,0,0,0,2,2,2,2,0,1,2,2
137,5513.877,3411.745,103.496,30.424,0.859211,-0.506387,-0.073001,0.503847,0.862277,-0.051160,0.088854,0.007175,0.996019,0,0.89917,-0.63687,53.950,-1.274,-1,400.000,975.000,400.000,-1,325.000,325.000,300.000,300.000,-1,-1,-1,-1,775.000,850.000,-1,-1,2,0,1,0,2,0,0,0,0,2,2,2,2,1,1,2,2
