timestep,x_cm,y_cm,z_cm,yaw_deg,basis_xx,basis_xy,basis_xz,basis_yx,basis_yy,basis_yz,basis_zx,basis_zy,basis_zz,teleport_flag,throttle_cmd,steering_cmd,cmd_move_cm,cmd_turn_deg,lidar_cm_0,lidar_cm_1,lidar_cm_2,lidar_cm_3,lidar_cm_4,lidar_cm_5,lidar_cm_6,lidar_cm_7,lidar_cm_8,lidar_cm_9,lidar_cm_10,lidar_cm_11,lidar_cm_12,lidar_cm_13,lidar_cm_14,lidar_cm_15,lidar_cm_16,lidar_class_0,lidar_class_1,lidar_class_2,lidar_class_3,lidar_class_4,lidar_class_5,lidar_class_6,lidar_class_7,lidar_class_8,lidar_class_9,lidar_class_10,lidar_class_11,lidar_class_12,lidar_class_13,lidar_class_14,lidar_class_15,lidar_class_16
0,12580.129,-4822.276,335.746,131.565,-0.662586,-0.748199,0.034321,0.746985,-0.663469,-0.042681,0.054705,-0.002642,0.998499,0,0.08000,-0.12000,4.800,-0.240,-1,325.000,-1,350.000,-1,275.000,275.000,300.000,325.000,-1,475.000,350.000,-1,525.000,850.000,700.000,-1,2,1,2,1,2,1,1,0,0,2,0,0,2,1,1,1,2
1,12573.819,-4815.040,336.371,131.085,-0.656215,-0.753733,0.035628,0.752510,-0.657180,-0.042931,0.055772,-0.001362,0.998443,0,0.16000,-0.24000,9.600,-0.480,-1,325.000,-1,350.000,-1,275.000,275.000,300.000,325.000,-1,475.000,350.000,-1,525.000,875.000,700.000,-1,2,1,2,1,2,1,1,0,0,2,0,0,2,1,1,1,2
2,12564.462,-4804.095,337.310,130.528,-0.648730,-0.760093,0.037523,0.758850,-0.649814,-0.043450,0.057409,0.000287,0.998351,0,0.24000,-0.27880,14.400,-0.558,-1,325.000,-1,350.000,-1,275.000,275.000,300.000,325.000,-1,450.000,350.000,-1,525.000,900.000,700.000,-1,2,1,2,1,2,1,1,0,0,2,0,0,2,1,1,1,2
3,12552.127,-4789.381,338.573,129.973,-0.641189,-0.766341,0.039976,0.765061,-0.642431,-0.044328,0.059652,0.002161,0.998217,0,0.32000,-0.27709,19.200,-0.554,-1,325.000,-1,375.000,-1,275.000,275.000,300.000,325.000,-1,450.000,350.000,-1,525.000,925.000,700.000,-1,2,1,2,1,2,1,1,0,0,2,0,0,2,1,1,1,2
4,12536.885,-4770.841,340.204,129.423,-0.633576,-0.772475,0.043175,0.771139,-0.635030,-0.045615,0.062654,0.004393,0.998026,0,0.40000,-0.27537,24.000,-0.551,-1,325.000,-1,375.000,-1,275.000,275.000,325.000,325.000,-1,425.000,325.000,1000.000,525.000,950.000,700.000,-1,2,1,2,1,2,1,1,0,0,2,0,0,0,1,1,1,2
5,12518.809,-4748.420,342.194,128.875,-0.625889,-0.778494,0.047010,0.777081,-0.627615,-0.047380,0.066389,0.006876,0.997770,0,0.48000,-0.27361,28.800,-0.547,-1,325.000,-1,400.000,-1,275.000,275.000,325.000,325.000,-1,425.000,325.000,950.000,525.000,1000.000,700.000,-1,2,1,2,1,2,1,1,0,0,2,0,0,0,1,1,1,2
6,12497.968,-4722.063,344.557,128.332,-0.618123,-0.784395,0.051467,0.782878,-0.620188,-0.049696,0.070900,0.009574,0.997437,0,0.56000,-0.27176,33.600,-0.544,-1,325.000,-1,400.000,-1,275.000,300.000,325.000,325.000,-1,400.000,300.000,925.000,550.000,-1,725.000,-1,2,1,2,1,2,1,1,0,0,2,0,0,0,1,2,1,2
7,12474.435,-4691.718,347.312,127.792,-0.610267,-0.790175,0.056554,0.788518,-0.612755,-0.052647,0.076254,0.012465,0.997011,0,0.64000,-0.26976,38.400,-0.540,-1,325.000,-1,425.000,-1,275.000,300.000,325.000,325.000,-1,375.000,275.000,900.000,575.000,-1,-1,-1,2,1,2,1,2,1,1,0,0,2,0,0,0,1,2,2,2
8,12448.280,-4657.334,350.214,127.257,-0.602295,-0.795816,0.062592,0.794078,-0.605313,-0.055101,0.081738,0.016516,0.996517,0,0.72000,-0.26754,43.200,-0.535,-1,325.000,-1,450.000,-1,275.000,325.000,350.000,325.000,-1,375.000,275.000,850.000,600.000,-1,-1,-1,2,1,2,1,2,1,1,0,0,2,0,0,0,1,2,2,2
9,12419.573,-4618.863,352.971,126.727,-0.594179,-0.801280,0.070013,0.799669,-0.597851,-0.055707,0.086494,0.022888,0.995989,0,0.80000,-0.26498,48.000,-0.530,-1,350.000,-1,475.000,-1,300.000,350.000,350.000,325.000,-1,300.000,250.000,800.000,625.000,-1,-1,-1,2,1,2,1,2,1,1,0,0,2,0,0,0,1,2,2,2
10,12388.383,-4576.259,356.285,126.203,-0.586085,-0.806584,0.076982,0.805148,-0.590405,-0.056201,0.090781,0.029043,0.995447,0,0.88000,-0.26194,52.800,-0.524,-1,350.000,-1,500.000,-1,300.000,350.000,375.000,325.000,-1,250.000,225.000,775.000,650.000,-1,-1,-1,2,1,2,1,2,1,1,1,0,2,0,0,0,1,2,2,2
11,327.968,5575.424,-286.512,-59.290,0.510339,0.859703,-0.021581,-0.859666,0.510667,0.013938,0.023003,0.011439,0.999670,1,0.00000,0.00000,57.600,-0.516,-1,425.000,-1,400.000,-1,325.000,325.000,300.000,300.000,500.000,450.000,550.000,-1,900.000,900.000,-1,-1,2,0,2,0,2,0,0,0,0,1,1,1,2,0,0,2,2
12,330.417,5571.296,-286.413,-59.323,0.509845,0.859997,-0.021496,-0.859961,0.510171,0.013882,0.022905,0.011408,0.999673,0,0.08000,-0.01653,4.800,-0.033,-1,425.000,-1,400.000,-1,325.000,325.000,300.000,300.000,525.000,450.000,575.000,-1,900.000,900.000,-1,-1,2,0,2,0,2,0,0,0,0,1,1,1,2,0,0,2,2
13,335.309,5563.036,-286.217,-59.359,0.509302,0.860324,-0.021327,-0.860288,0.509622,0.013770,0.022716,0.011334,0.999678,0,0.16000,-0.01828,9.600,-0.037,-1,425.000,-1,400.000,-1,325.000,325.000,300.000,300.000,525.000,450.000,575.000,-1,900.000,900.000,-1,-1,2,0,2,0,2,0,0,0,0,1,1,1,2,0,0,2,2
14,342.639,5550.641,-285.925,-59.403,0.508656,0.860712,-0.021067,-0.860678,0.508968,0.013602,0.022430,0.011214,0.999686,0,0.24000,-0.02180,14.400,-0.044,-1,425.000,-1,400.000,-1,325.000,325.000,300.000,300.000,550.000,475.000,600.000,-1,900.000,900.000,-1,-1,2,0,2,0,2,0,0,0,0,1,1,1,2,0,0,2,2
15,352.396,5534.105,-285.543,-59.457,0.507853,0.861195,-0.020709,-0.861162,0.508155,0.013374,0.022041,0.011042,0.999696,0,0.32000,-0.02708,19.200,-0.054,-1,425.000,-1,400.000,-1,325.000,325.000,300.000,300.000,575.000,500.000,625.000,-1,900.000,925.000,-1,-1,2,0,2,0,2,0,0,0,0,1,1,1,2,0,0,2,2
16,364.568,5513.421,-285.074,-59.525,0.506841,0.861802,-0.020241,-0.861771,0.507129,0.013083,0.021540,0.010812,0.999710,0,0.40000,-0.03416,24.000,-0.068,-1,425.000,-1,400.000,-1,325.000,325.000,300.000,300.000,600.000,525.000,650.000,-1,900.000,925.000,-1,-1,2,0,2,0,2,0,0,0,0,1,1,1,2,0,0,2,2
17,379.137,5488.577,-284.532,-59.611,0.505563,0.862566,-0.019661,-0.862537,0.505835,0.012693,0.020894,0.010542,0.999726,0,0.48000,-0.04304,28.800,-0.086,-1,425.000,-1,425.000,-1,325.000,325.000,300.000,300.000,625.000,550.000,675.000,-1,900.000,925.000,-1,-1,2,0,2,0,2,0,0,0,0,1,1,1,2,0,0,2,2
18,394.225,5462.737,-284.005,-59.719,0.503962,0.863516,-0.019056,-0.863491,0.504217,0.012191,0.020135,0.010311,0.999744,0,0.49871,-0.05377,29.923,-0.108,-1,425.000,-1,425.000,-1,325.000,325.000,300.000,300.000,675.000,575.000,700.000,-1,900.000,925.000,-1,-1,2,0,2,0,2,0,0,0,0,1,1,1,2,0,0,2,2
19,409.428,5436.564,-283.490,-59.849,0.502021,0.864659,-0.018412,-0.864639,0.502258,0.011660,0.019329,0.010066,0.999763,0,0.50447,-0.06499,30.268,-0.130,-1,425.000,-1,425.000,-1,325.000,325.000,300.000,300.000,700.000,600.000,750.000,-1,900.000,925.000,-1,-1,2,0,2,0,2,0,0,0,0,1,1,1,2,0,0,2,2
20,424.741,5410.039,-282.972,-60.002,0.499735,0.865999,-0.017649,-0.865983,0.499951,0.011087,0.018425,0.009743,0.999783,0,0.51046,-0.07641,30.628,-0.153,-1,425.000,-1,425.000,-1,325.000,325.000,300.000,300.000,750.000,650.000,775.000,-1,900.000,925.000,-1,-1,2,0,2,0,2,0,0,0,0,1,1,1,2,0,0,2,2
21,440.158,5383.143,-282.448,-60.178,0.497095,0.867535,-0.016752,-0.867522,0.497289,0.010470,0.017414,0.009329,0.999805,0,0.51670,-0.08804,31.002,-0.176,-1,425.000,-1,425.000,-1,350.000,350.000,300.000,300.000,800.000,675.000,800.000,-1,900.000,925.000,-1,-1,2,0,2,0,2,0,0,0,0,1,1,1,2,0,0,2,2
22,455.674,5355.855,-281.943,-60.377,0.494090,0.869266,-0.015834,-0.869257,0.494264,0.009823,0.016365,0.008911,0.999826,0,0.52317,-0.09988,31.390,-0.200,-1,425.000,-1,425.000,-1,350.000,350.000,300.000,300.000,850.000,700.000,850.000,-1,900.000,925.000,-1,-1,2,0,2,0,2,0,0,0,0,1,1,1,2,0,0,2,2
23,471.281,5328.155,-281.458,-60.601,0.490713,0.871194,-0.014895,-0.871188,0.490865,0.009146,0.015279,0.008488,0.999847,0,0.52990,-0.11194,31.794,-0.224,-1,425.000,-1,425.000,-1,350.000,350.000,300.000,300.000,925.000,750.000,875.000,-1,900.000,925.000,-1,-1,2,0,2,0,2,0,0,0,0,1,1,1,2,0,0,2,2
24,486.972,5300.023,-281.171,-60.850,0.486951,0.873313,-0.014256,-0.873323,0.487082,0.007648,0.013623,0.008726,0.999869,0,0.53687,-0.12422,32.212,-0.248,-1,425.000,-1,425.000,-1,350.000,350.000,300.000,300.000,-1,775.000,925.000,-1,900.000,925.000,-1,-1,2,0,2,0,2,0,0,0,0,2,1,1,2,0,0,2,2
25,502.738,5271.436,-280.946,-61.123,0.482799,0.875625,-0.013676,-0.875652,0.482906,0.005941,0.011807,0.009107,0.999889,0,0.54411,-0.13674,32.646,-0.273,-1,425.000,-1,425.000,-1,350.000,350.000,300.000,300.000,-1,800.000,975.000,-1,875.000,925.000,-1,-1,2,0,2,0,2,0,0,0,0,2,1,1,2,0,0,2,2
26,518.569,5242.372,-280.741,-61.422,0.478244,0.878130,-0.013083,-0.878171,0.478329,0.004211,0.009956,0.009475,0.999906,0,0.55160,-0.14950,33.096,-0.299,-1,425.000,-1,425.000,-1,350.000,350.000,300.000,300.000,-1,850.000,1000.000,-1,875.000,900.000,-1,-1,2,0,2,0,2,0,0,0,0,2,1,1,2,0,0,2,2
27,534.456,5212.808,-280.556,-61.747,0.473276,0.880826,-0.012476,-0.880877,0.473339,0.002457,0.008070,0.009827,0.999919,0,0.55937,-0.16250,33.562,-0.325,-1,425.000,-1,425.000,-1,350.000,350.000,300.000,275.000,-1,875.000,-1,-1,875.000,900.000,-1,-1,2,0,2,0,2,0,0,0,0,2,1,2,2,0,0,2,2
28,550.387,5182.722,-280.394,-62.099,0.467885,0.883710,-0.011858,-0.883768,0.467924,0.000678,0.006147,0.010163,0.999929,0,0.56740,-0.17575,34.044,-0.352,-1,425.000,-1,425.000,-1,350.000,350.000,300.000,275.000,-1,925.000,-1,-1,850.000,900.000,-1,-1,2,0,2,0,2,0,0,0,0,2,1,2,2,0,0,2,2
29,568.209,5148.207,-280.269,-62.690,0.458759,0.888491,-0.011090,-0.888551,0.458775,-0.001183,0.004037,0.010397,0.999938,0,0.64740,-0.29575,38.844,-0.592,-1,425.000,-1,425.000,-1,350.000,350.000,300.000,275.000,-1,950.000,-1,-1,850.000,875.000,-1,-1,2,0,2,0,2,0,0,0,0,2,1,2,2,0,0,2,2
30,587.668,5109.141,-280.207,-63.522,0.445840,0.895055,-0.010157,-0.895111,0.445833,-0.003067,0.001783,0.010459,0.999944,0,0.72740,-0.41575,43.644,-0.832,-1,425.000,-1,425.000,-1,350.000,350.000,300.000,275.000,-1,1000.000,-1,-1,850.000,875.000,-1,-1,2,0,2,0,2,0,0,0,0,2,1,2,2,0,0,2,2
31,608.452,5065.382,-280.320,-64.593,0.429050,0.903241,-0.008491,-0.903280,0.429020,-0.005236,-0.001086,0.009916,0.999950,0,0.80740,-0.53575,48.444,-1.072,-1,425.000,-1,425.000,-1,350.000,350.000,300.000,300.000,-1,-1,-1,-1,825.000,850.000,-1,-1,2,0,2,0,2,0,0,0,0,2,2,2,2,0,0,2,2
32,629.100,5019.212,-280.559,-65.905,0.408285,0.912831,-0.006476,-0.912845,0.408238,-0.007521,-0.004222,0.008982,0.999951,0,0.84294,-0.65575,50.577,-1.312,-1,425.000,-1,425.000,-1,350.000,325.000,300.000,300.000,-1,-1,-1,-1,800.000,850.000,-1,-1,2,0,2,0,2,0,0,0,0,2,2,2,2,0,0,2,2
33,648.799,4971.757,-280.850,-67.456,0.383432,0.923558,-0.004560,-0.923541,0.383376,-0.009775,-0.007280,0.007959,0.999942,0,0.85636,-0.77575,51.381,-1.552,-1,400.000,-1,400.000,-1,325.000,325.000,300.000,300.000,-1,-1,-1,-1,775.000,825.000,-1,-1,2,0,2,0,2,0,0,0,0,2,2,2,2,0,0,2,2
34,667.311,4922.926,-281.196,-69.238,0.354541,0.935037,-0.002740,-0.934984,0.354486,-0.011999,-0.010249,0.006816,0.999924,0,0.87038,-0.89064,52.223,-1.781,-1,400.000,-1,400.000,-1,325.000,325.000,300.000,300.000,-1,-1,-1,-1,775.000,800.000,-1,-1,2,0,2,0,2,0,0,0,0,2,2,2,2,0,0,2,2
35,684.545,4872.698,-281.633,-71.062,0.324582,0.945857,-0.001168,-0.945768,0.324534,-0.014136,-0.012992,0.005693,0.999899,0,0.88503,-0.91238,53.102,-1.825,-1,400.000,-1,400.000,-1,325.000,325.000,300.000,300.000,-1,-1,-1,-1,750.000,800.000,-1,-1,2,0,2,0,2,0,0,0,0,2,2,2,2,0,0,2,2
36,701.276,4817.995,-282.168,-72.993,0.292514,0.956261,0.000372,-0.956132,0.292481,-0.016334,-0.015729,0.004422,0.999867,0,0.95341,-0.96548,57.205,-1.931,-1,400.000,-1,400.000,-1,325.000,325.000,300.000,300.000,-1,-1,-1,-1,725.000,800.000,-1,-1,2,0,2,0,2,0,0,0,0,2,2,2,2,0,0,2,2
37,716.392,4761.763,-282.773,-74.954,0.259600,0.965715,0.001828,-0.965543,0.259588,-0.018477,-0.018318,0.003032,0.999828,0,0.97047,-0.98050,58.228,-1.961,-1,400.000,-1,400.000,-1,325.000,325.000,300.000,300.000,-1,-1,-1,-1,725.000,775.000,-1,-1,2,0,2,0,2,0,0,0,0,2,2,2,2,0,0,2,2
38,729.783,4704.011,-283.448,-76.945,0.225868,0.974153,0.003224,-0.973936,0.225886,-0.020573,-0.020770,0.001507,0.999783,0,0.98805,-0.99536,59.283,-1.991,-1,400.000,975.000,400.000,-1,325.000,325.000,300.000,300.000,-1,-1,-1,-1,700.000,775.000,-1,-1,2,0,1,0,2,0,0,0,0,2,2,2,2,0,0,2,2
39,741.288,4645.125,-284.244,-78.945,0.191702,0.981444,0.004335,-0.981186,0.191751,-0.022498,-0.022912,0.000060,0.999737,0,1.00000,-1.00000,60.000,-2.000,-1,400.000,900.000,400.000,-1,325.000,325.000,300.000,300.000,-1,-1,-1,-1,700.000,750.000,-1,1000.000,2,0,1,0,2,0,0,0,0,2,2,2,2,0,1,2,1
40,750.731,4585.872,-285.428,-80.945,0.157330,0.987538,0.004059,-0.987255,0.157382,-0.023638,-0.023983,-0.000289,0.999712,0,1.00000,-1.00000,60.000,-2.000,-1,400.000,850.000,400.000,-1,325.000,325.000,300.000,300.000,-1,-1,-1,-1,700.000,700.000,975.000,1000.000,2,0,1,0,2,0,0,0,0,2,2,2,2,0,1,1,1
41,758.100,4526.327,-286.752,-82.945,0.122759,0.992428,0.004083,-0.992143,0.122822,-0.023799,-0.024120,-0.001129,0.999708,0,1.00000,-1.00000,60.000,-2.000,-1,375.000,800.000,400.000,-1,325.000,325.000,300.000,300.000,-1,-1,-1,-1,700.000,675.000,850.000,-1,2,0,1,0,2,0,0,0,0,2,2,2,2,1,1,1,2
42,763.390,4466.560,-288.046,-84.942,0.088099,0.996104,0.003864,-0.995834,0.088166,-0.023275,-0.023525,-0.001797,0.999722,0,1.00000,-0.99845,60.000,-1.997,-1,400.000,750.000,400.000,-1,325.000,325.000,300.000,300.000,-1,-1,-1,-1,650.000,650.000,775.000,-1,2,0,1,0,2,0,0,0,0,2,2,2,2,1,1,1,2
43,766.602,4406.646,-289.358,-86.932,0.053451,0.998564,0.003722,-0.998306,0.053522,-0.022824,-0.022990,-0.002495,0.999733,0,1.00000,-0.99502,60.000,-1.990,825.000,400.000,700.000,400.000,-1,325.000,325.000,300.000,300.000,-1,-1,-1,-1,575.000,600.000,675.000,-1,1,0,1,0,2,0,0,0,0,2,2,2,2,1,1,1,2
44,767.739,4346.657,-290.693,-88.914,0.018881,0.999815,0.003677,-0.999568,0.018959,-0.022462,-0.022527,-0.003251,0.999741,0,1.00000,-0.99087,60.000,-1.982,700.000,400.000,650.000,400.000,-1,325.000,325.000,300.000,300.000,-1,-1,-1,-1,525.000,575.000,600.000,-1,1,0,1,0,2,0,0,0,0,2,2,2,2,1,1,1,2
45,766.812,4286.664,-292.056,-90.886,-0.015542,0.999872,0.003747,-0.999634,-0.015455,-0.022205,-0.022145,-0.004091,0.999746,0,1.00000,-0.98594,60.000,-1.972,600.000,400.000,600.000,400.000,-1,325.000,325.000,300.000,300.000,-1,-1,-1,-1,450.000,575.000,525.000,-1,1,1,1,0,2,0,0,0,0,2,2,2,2,1,1,1,2
46,764.090,4227.124,-293.435,-92.617,-0.045763,0.998945,0.003910,-0.998714,-0.045667,-0.022035,-0.021833,-0.004913,0.999750,0,0.99338,-0.86594,59.603,-1.732,500.000,350.000,550.000,375.000,-1,325.000,325.000,300.000,300.000,-1,-1,-1,-1,400.000,550.000,450.000,-1,1,1,1,1,2,1,0,0,0,2,2,2,2,1,1,1,2
47,759.791,4167.279,-294.848,-94.109,-0.071766,0.997413,0.004161,-0.997188,-0.071659,-0.021937,-0.021582,-0.005723,0.999751,0,0.99999,-0.74594,59.999,-1.492,400.000,300.000,525.000,350.000,-1,300.000,300.000,275.000,300.000,-1,-1,-1,-1,350.000,550.000,375.000,-1,1,1,1,1,2,1,1,0,0,2,2,2,2,1,1,1,2
48,754.185,4107.541,-296.284,-95.361,-0.093552,0.995604,0.004496,-0.995385,-0.093433,-0.021904,-0.021388,-0.006524,0.999750,0,1.00000,-0.62594,60.000,-1.252,325.000,275.000,475.000,325.000,-1,250.000,275.000,275.000,300.000,-1,-1,-1,-1,300.000,525.000,300.000,-1,1,1,1,1,2,1,1,0,0,2,2,2,2,1,1,1,2
49,747.525,4047.912,-297.698,-96.373,-0.111128,0.993795,0.004754,-0.993582,-0.111000,-0.021771,-0.021109,-0.007142,0.999752,0,1.00000,-0.50594,60.000,-1.012,250.000,225.000,425.000,300.000,-1,225.000,250.000,275.000,300.000,-1,-1,-1,-1,250.000,550.000,225.000,1000.000,1,1,1,1,2,1,1,0,0,2,2,2,2,1,1,1,1
50,740.062,3988.378,-299.042,-97.145,-0.124505,0.992207,0.004769,-0.992005,-0.124377,-0.021347,-0.020587,-0.007388,0.999761,0,1.00000,-0.38594,60.000,-0.772,175.000,200.000,375.000,275.000,-1,175.000,225.000,275.000,300.000,-1,-1,-1,-1,225.000,700.000,175.000,950.000,1,1,1,1,2,1,1,0,0,2,2,2,2,1,0,1,1
51,732.049,3928.916,-293.344,-97.677,-0.133628,0.990810,-0.020979,-0.991030,-0.133556,0.004806,0.001960,0.021433,0.999768,0,1.00000,-0.26594,60.000,-0.532,150.000,175.000,400.000,300.000,-1,175.000,225.000,350.000,275.000,-1,500.000,350.000,-1,200.000,775.000,150.000,900.000,1,1,1,1,2,1,1,0,0,2,0,0,2,1,1,1,1
52,723.759,3869.489,-282.464,-97.969,-0.141118,0.988332,-0.057324,-0.989136,-0.138352,0.049680,0.041169,0.063712,0.997119,0,1.00000,-0.14594,60.000,-0.292,150.000,175.000,550.000,350.000,-1,175.000,250.000,450.000,275.000,-1,275.000,125.000,625.000,225.000,775.000,125.000,900.000,1,1,1,1,2,1,1,0,0,2,0,0,0,1,1,1,1
53,-6231.386,-2951.719,-222.749,128.889,-0.627287,-0.776086,0.064813,0.778742,-0.625981,0.041340,0.008488,0.076405,0.997041,1,0.00000,0.00000,60.000,-0.052,275.000,150.000,225.000,175.000,-1,125.000,150.000,400.000,275.000,-1,700.000,300.000,950.000,175.000,225.000,200.000,350.000,1,1,1,1,2,1,1,0,0,2,0,0,0,1,1,1,1
54,-6234.386,-2947.972,-221.983,128.649,-0.623828,-0.778566,0.068356,0.781483,-0.622617,0.040409,0.011099,0.078627,0.996842,0,0.08000,-0.12000,4.800,-0.240,250.000,150.000,225.000,175.000,-1,125.000,150.000,425.000,275.000,-1,575.000,275.000,900.000,175.000,225.000,200.000,350.000,1,1,1,1,2,1,1,0,0,2,0,0,0,1,1,1,1
55,-7544.301,328.133,-267.307,84.431,0.175884,-0.924563,0.338007,0.962873,0.090145,-0.254460,0.204794,0.370213,0.906091,1,0.00000,0.00000,9.600,-0.480,575.000,250.000,-1,350.000,-1,225.000,250.000,175.000,275.000,-1,500.000,325.000,225.000,325.000,-1,350.000,-1,1,1,2,1,2,1,1,1,0,2,0,1,0,1,2,1,2
56,7062.458,2459.402,70.669,-90.911,-0.016944,0.999152,-0.037530,-0.999477,-0.015892,0.028177,0.027557,0.037988,0.998898,1,0.08000,0.12000,4.800,0.240,-1,475.000,-1,450.000,-1,375.000,375.000,225.000,275.000,-1,-1,-1,-1,-1,900.000,-1,-1,2,1,2,0,2,1,1,1,0,2,2,2,2,2,0,2,2
57,7062.386,2449.802,70.777,-90.431,-0.008547,0.999242,-0.037973,-0.999604,-0.007521,0.027099,0.026793,0.038189,0.998911,0,0.16000,0.24000,9.600,0.480,-1,475.000,-1,450.000,-1,375.000,375.000,225.000,275.000,-1,-1,-1,-1,-1,900.000,-1,-1,2,1,2,0,2,1,1,1,0,2,2,2,2,2,0,2,2
58,7062.459,2435.403,70.939,-89.711,0.004050,0.999247,-0.038601,-0.999663,0.005036,0.025479,0.025654,0.038484,0.998930,0,0.24000,0.36000,14.400,0.720,-1,475.000,-1,450.000,-1,375.000,375.000,225.000,275.000,-1,-1,-1,-1,-1,900.000,-1,-1,2,1,2,0,2,1,1,1,0,2,2,2,2,2,0,2,2
59,7062.877,2416.207,71.154,-88.751,0.020848,0.999007,-0.039368,-0.999491,0.021777,0.023313,0.024148,0.038862,0.998953,0,0.32000,0.48000,19.200,0.960,-1,475.000,-1,450.000,-1,375.000,350.000,225.000,275.000,-1,-1,-1,-1,-1,875.000,-1,-1,2,1,2,0,2,1,1,1,0,2,2,2,2,2,0,2,2
60,7063.903,2392.230,71.419,-87.551,0.041840,0.998315,-0.040215,-0.998876,0.042693,0.020598,0.022280,0.039308,0.998979,0,0.40000,0.60000,24.000,1.200,-1,475.000,-1,425.000,-1,375.000,350.000,225.000,275.000,-1,-1,-1,-1,-1,875.000,-1,-1,2,1,2,0,2,1,1,1,0,2,2,2,2,2,0,2,2
61,7065.856,2363.496,71.733,-86.111,0.067009,0.996907,-0.041068,-0.997551,0.067766,0.017324,0.020054,0.039806,0.999006,0,0.48000,0.72000,28.800,1.440,-1,475.000,-1,425.000,-1,375.000,350.000,225.000,275.000,-1,-1,-1,-1,-1,850.000,-1,-1,2,0,2,1,2,1,1,1,0,2,2,2,2,2,0,2,2
62,7069.117,2330.055,72.095,-84.431,0.096324,0.994470,-0.041836,-0.995197,0.096962,0.013485,0.017467,0.040336,0.999033,0,0.56000,0.84000,33.600,1.680,-1,475.000,-1,425.000,-1,375.000,350.000,225.000,275.000,-1,-1,-1,-1,-1,825.000,-1,-1,2,0,2,0,2,1,1,1,0,2,2,2,2,2,0,2,2
63,7074.121,2291.984,72.501,-82.511,0.129730,0.990642,-0.042417,-0.991443,0.130223,0.009072,0.014511,0.040877,0.999059,0,0.64000,0.96000,38.400,1.920,-1,475.000,-1,425.000,-1,375.000,350.000,200.000,275.000,-1,-1,-1,-1,1000.000,825.000,-1,-1,2,0,2,0,2,1,1,1,0,2,2,2,2,0,0,2,2
64,7081.243,2249.375,72.988,-80.511,0.164391,0.985479,-0.042498,-0.986332,0.164714,0.004192,0.011132,0.041228,0.999088,0,0.72000,1.00000,43.200,2.000,-1,475.000,-1,425.000,-1,375.000,350.000,200.000,275.000,-1,-1,-1,-1,975.000,800.000,-1,-1,2,0,2,0,2,0,0,1,0,2,2,2,2,0,0,2,2
65,7090.803,2202.337,73.571,-78.511,0.198877,0.979128,-0.041913,-0.979998,0.199006,-0.001102,0.007262,0.041294,0.999121,0,0.80000,1.00000,48.000,2.000,-1,475.000,-1,400.000,-1,350.000,350.000,200.000,275.000,-1,-1,-1,-1,950.000,775.000,-1,-1,2,0,2,0,2,0,0,1,0,2,2,2,2,0,0,2,2
66,7102.212,2154.774,74.067,-76.511,0.233137,0.971573,-0.041138,-0.972440,0.233053,-0.006886,0.002897,0.041609,0.999130,0,0.81522,1.00000,48.913,2.000,-1,450.000,-1,400.000,-1,350.000,350.000,225.000,275.000,-1,-1,-1,-1,925.000,750.000,-1,-1,2,0,2,0,2,0,0,1,0,2,2,2,2,0,0,2,2
67,7114.676,2109.792,74.448,-74.511,0.267114,0.962825,-0.040224,-0.963664,0.266812,-0.012787,-0.001579,0.042178,0.999109,0,0.77795,1.00000,46.677,2.000,-1,450.000,-1,400.000,-1,350.000,325.000,225.000,275.000,-1,-1,-1,-1,875.000,725.000,-1,-1,2,0,2,0,2,0,0,1,0,2,2,2,2,0,0,2,2
68,7128.092,2067.213,74.722,-72.511,0.300768,0.952893,-0.039169,-0.953677,0.300241,-0.018838,-0.006190,0.043020,0.999055,0,0.74406,1.00000,44.643,2.000,-1,450.000,-1,400.000,-1,350.000,325.000,225.000,275.000,-1,-1,-1,-1,850.000,725.000,-1,-1,2,0,2,0,2,0,0,1,0,2,2,2,2,0,0,2,2
69,7142.384,2026.830,74.790,-70.511,0.334049,0.941771,-0.038444,-0.942496,0.333291,-0.024870,-0.010609,0.044541,0.998951,0,0.71396,1.00000,42.838,2.000,-1,425.000,-1,375.000,-1,350.000,325.000,250.000,275.000,-1,-1,-1,-1,825.000,700.000,-1,-1,2,0,2,0,2,0,0,1,0,2,2,2,2,0,0,2,2
70,7157.499,1988.436,75.021,-68.511,0.366891,0.929529,-0.036966,-0.930152,0.365941,-0.030067,-0.014421,0.045416,0.998864,0,0.68771,1.00000,41.263,2.000,-1,425.000,-1,375.000,-1,325.000,325.000,250.000,275.000,-1,-1,-1,-1,800.000,675.000,-1,-1,2,0,2,0,2,0,0,1,0,2,2,2,2,0,0,2,2
71,7173.406,1951.834,75.240,-66.511,0.399277,0.916158,-0.035114,-0.916649,0.398143,-0.035157,-0.018229,0.046225,0.998765,0,0.66515,1.00000,39.909,2.000,-1,425.000,-1,375.000,-1,325.000,325.000,250.000,275.000,-1,-1,-1,-1,775.000,650.000,-1,-1,2,0,2,0,2,0,0,1,0,2,2,2,2,0,0,2,2
72,7190.085,1916.848,75.449,-64.511,0.431166,0.901673,-0.032889,-0.902003,0.429859,-0.040149,-0.022064,0.046977,0.998652,0,0.64597,1.00000,38.758,2.000,-1,400.000,-1,350.000,975.000,325.000,300.000,250.000,275.000,-1,-1,-1,-1,750.000,625.000,-1,-1,2,0,2,0,0,0,0,1,0,2,2,2,2,0,0,2,2
73,7207.527,1883.325,75.551,-62.511,0.462492,0.886109,-0.030199,-0.886260,0.461059,-0.044358,-0.025382,0.047279,0.998559,0,0.62983,1.00000,37.790,2.000,-1,400.000,-1,350.000,900.000,325.000,300.000,275.000,275.000,-1,-1,-1,-1,750.000,625.000,-1,-1,2,0,2,0,0,0,0,1,0,2,2,2,2,0,0,2,2
74,7225.730,1851.134,74.791,-60.511,0.493079,0.869606,-0.025651,-0.869603,0.491775,-0.044136,-0.025766,0.044068,0.998696,0,0.61636,1.00000,36.982,2.000,-1,400.000,-1,350.000,900.000,325.000,300.000,275.000,275.000,-1,-1,-1,-1,725.000,625.000,-1,-1,2,0,2,0,0,0,0,1,0,2,2,2,2,0,0,2,2
75,7244.696,1820.167,74.073,-58.511,0.523068,0.852025,-0.021293,-0.851890,0.521892,-0.043719,-0.026137,0.041007,0.998817,0,0.60523,1.00000,36.314,2.000,-1,400.000,-1,350.000,925.000,325.000,300.000,250.000,275.000,-1,-1,-1,-1,725.000,625.000,-1,-1,2,0,2,0,0,0,0,1,0,2,2,2,2,0,0,2,2
76,7264.431,1790.336,73.392,-56.511,0.552422,0.833389,-0.017119,-0.833144,0.551374,-0.043112,-0.026490,0.038079,0.998924,0,0.59614,1.00000,35.768,2.000,-1,375.000,-1,350.000,925.000,300.000,300.000,250.000,275.000,-1,-1,-1,-1,700.000,625.000,-1,-1,2,0,2,0,0,0,0,1,0,2,2,2,2,0,0,2,2
77,7284.940,1761.570,72.836,-54.511,0.581101,0.813732,-0.012698,-0.813380,0.580189,-0.042344,-0.027089,0.034935,0.999022,0,0.58881,1.00000,35.328,2.000,-1,375.000,-1,350.000,925.000,300.000,300.000,250.000,275.000,-1,-1,-1,-1,700.000,600.000,-1,1000.000,2,0,2,0,0,0,0,1,0,2,2,2,2,0,0,2,0
78,7306.228,1733.813,72.299,-52.511,0.609074,0.793068,-0.008515,-0.792632,0.608295,-0.041364,-0.027625,0.031943,0.999108,0,0.58301,1.00000,34.980,2.000,-1,375.000,-1,350.000,925.000,300.000,300.000,250.000,275.000,-1,-1,-1,-1,675.000,600.000,-1,975.000,2,0,2,0,0,0,0,1,0,2,2,2,2,0,0,2,0
79,7328.302,1707.024,72.070,-50.511,0.636332,0.771388,-0.006490,-0.770946,0.635629,-0.040212,-0.026894,0.030591,0.999170,0,0.57853,1.00000,34.712,2.000,-1,375.000,-1,350.000,950.000,300.000,300.000,250.000,275.000,-1,-1,-1,-1,675.000,600.000,-1,975.000,2,0,2,0,0,0,0,1,0,2,2,2,2,0,0,2,0
80,7351.165,1681.171,71.808,-48.511,0.662824,0.748759,-0.004883,-0.748324,0.662185,-0.039014,-0.025979,0.029513,0.999227,0,0.57521,1.00000,34.513,2.000,-1,375.000,-1,350.000,950.000,300.000,300.000,250.000,275.000,-1,-1,-1,-1,675.000,600.000,-1,975.000,2,0,2,0,0,0,0,1,0,2,2,2,2,0,0,2,0
81,7374.821,1656.233,71.494,-46.511,0.688517,0.725211,-0.003647,-0.724793,0.687930,-0.037796,-0.024901,0.028667,0.999279,0,0.57289,1.00000,34.373,2.000,-1,375.000,-1,350.000,950.000,300.000,300.000,250.000,275.000,-1,-1,-1,-1,675.000,600.000,-1,975.000,2,0,2,0,0,0,0,1,0,2,2,2,2,0,0,2,0
82,7399.272,1632.197,71.124,-44.511,0.713379,0.700773,-0.002796,-0.700379,0.712832,-0.036585,-0.023645,0.028058,0.999327,0,0.57145,1.00000,34.287,2.000,-1,375.000,-1,350.000,950.000,300.000,300.000,250.000,275.000,-1,-1,-1,-1,675.000,600.000,-1,950.000,2,0,2,0,0,0,0,1,0,2,2,2,2,0,0,2,0
83,7424.516,1609.055,70.691,-42.511,0.737379,0.675475,-0.002340,-0.675115,0.736862,-0.035412,-0.022195,0.027692,0.999370,0,0.57077,1.00000,34.246,2.000,-1,375.000,-1,350.000,925.000,300.000,300.000,250.000,275.000,-1,-1,-1,-1,675.000,600.000,-1,950.000,2,0,2,0,0,0,0,1,0,2,2,2,2,0,0,2,0
84,7446.903,1589.927,70.391,-40.511,0.760478,0.649363,-0.001332,-0.649019,0.760005,-0.034162,-0.021171,0.026844,0.999415,0,0.49077,1.00000,29.446,2.000,-1,375.000,-1,350.000,925.000,300.000,300.000,250.000,275.000,-1,-1,-1,-1,675.000,600.000,-1,950.000,2,0,2,0,0,0,0,1,0,2,2,2,2,0,0,2,0
85,7466.188,1574.581,70.201,-38.511,0.782649,0.622464,-0.000249,-0.622141,0.782230,-0.032515,-0.020045,0.025603,0.999471,0,0.41077,1.00000,24.646,2.000,-1,375.000,-1,350.000,925.000,300.000,300.000,250.000,275.000,-1,-1,-1,-1,675.000,600.000,-1,975.000,2,0,2,0,0,0,0,1,0,2,2,2,2,0,0,2,0
86,7485.365,1560.384,70.045,-36.511,0.803870,0.594805,0.000726,-0.594507,0.803504,-0.030718,-0.018855,0.024262,0.999528,0,0.39767,1.00000,23.860,2.000,-1,375.000,-1,350.000,950.000,300.000,300.000,250.000,275.000,-1,-1,-1,-1,675.000,600.000,-1,975.000,2,0,2,0,0,0,0,1,0,2,2,2,2,0,0,2,0
87,7505.255,1546.708,69.897,-34.511,0.824116,0.566419,0.001580,-0.566146,0.823799,-0.028885,-0.017663,0.022910,0.999581,0,0.40231,1.00000,24.138,2.000,-1,375.000,-1,350.000,950.000,300.000,300.000,250.000,275.000,-1,-1,-1,-1,675.000,600.000,-1,1000.000,2,0,2,0,0,0,0,1,0,2,2,2,2,0,0,2,0
88,7525.844,1533.586,69.755,-32.511,0.843363,0.537340,0.002312,-0.537093,0.843090,-0.027021,-0.016469,0.021547,0.999632,0,0.40692,1.00000,24.415,2.000,-1,375.000,-1,350.000,975.000,300.000,300.000,250.000,300.000,-1,-1,-1,-1,675.000,600.000,-1,1000.000,2,0,2,0,0,0,0,1,0,2,2,2,2,0,0,2,0
89,7547.115,1521.050,69.617,-30.511,0.861586,0.507604,0.002921,-0.507382,0.861354,-0.025131,-0.015272,0.020170,0.999680,0,0.41151,1.00000,24.690,2.000,-1,375.000,-1,350.000,975.000,300.000,300.000,250.000,300.000,-1,-1,-1,-1,675.000,600.000,-1,-1,2,0,2,0,0,0,0,1,0,2,2,2,2,0,0,2,2
90,7569.052,1509.134,69.483,-28.511,0.878763,0.477247,0.003407,-0.477051,0.878569,-0.023219,-0.014074,0.018779,0.999725,0,0.41607,1.00000,24.964,2.000,-1,375.000,-1,350.000,1000.000,300.000,300.000,250.000,300.000,-1,-1,-1,-1,675.000,625.000,-1,-1,2,0,2,0,0,0,0,1,0,2,2,2,2,0,0,2,2
91,7591.634,1497.869,69.349,-26.511,0.894873,0.446306,0.003770,-0.446136,0.894712,-0.021292,-0.012876,0.017372,0.999766,0,0.42060,1.00000,25.236,2.000,-1,375.000,-1,350.000,-1,300.000,300.000,250.000,300.000,-1,-1,-1,-1,675.000,625.000,-1,-1,2,0,2,0,2,0,0,1,0,2,2,2,2,0,0,2,2
92,7614.841,1487.287,69.215,-24.511,0.909895,0.414819,0.004010,-0.414674,0.909764,-0.019355,-0.011677,0.015948,0.999805,0,0.42510,1.00000,25.506,2.000,-1,375.000,-1,350.000,-1,300.000,300.000,250.000,300.000,-1,-1,-1,-1,675.000,625.000,-1,-1,2,0,2,0,2,0,0,1,0,2,2,2,2,0,0,2,2
93,7638.652,1477.419,69.079,-22.511,0.923812,0.382824,0.004129,-0.382703,0.923707,-0.017415,-0.010481,0.014509,0.999840,0,0.42958,1.00000,25.775,2.000,-1,375.000,-1,350.000,-1,300.000,300.000,250.000,300.000,-1,-1,-1,-1,675.000,625.000,-1,-1,2,0,2,0,2,0,0,1,0,2,2,2,2,0,0,2,2
94,7663.042,1468.294,68.939,-20.511,0.936606,0.350361,0.004127,-0.350262,0.936524,-0.015480,-0.009288,0.013053,0.999872,0,0.43401,1.00000,26.041,2.000,-1,375.000,-1,350.000,-1,300.000,300.000,250.000,300.000,-1,-1,-1,-1,675.000,625.000,-1,-1,2,0,2,0,2,0,0,1,0,2,2,2,2,0,0,2,2
95,7687.986,1459.942,68.794,-18.511,0.948260,0.317469,0.004006,-0.317391,0.948198,-0.013556,-0.008102,0.011583,0.999900,0,0.43842,1.00000,26.305,2.000,-1,375.000,-1,350.000,-1,300.000,300.000,250.000,300.000,-1,-1,-1,-1,675.000,625.000,-1,-1,2,0,2,0,2,0,0,1,0,2,2,2,2,0,0,2,2
96,7713.457,1452.392,68.643,-16.511,0.958761,0.284189,0.003770,-0.284129,0.958715,-0.011652,-0.006926,0.010100,0.999925,0,0.44279,1.00000,26.567,2.000,-1,375.000,-1,350.000,-1,300.000,300.000,250.000,300.000,-1,-1,-1,-1,675.000,625.000,-1,-1,2,0,2,0,2,0,0,1,0,2,2,2,2,0,0,2,2
97,7739.428,1445.670,68.483,-14.511,0.968095,0.250560,0.003422,-0.250517,0.968063,-0.009776,-0.005763,0.008606,0.999946,0,0.44712,1.00000,26.827,2.000,-1,375.000,-1,350.000,-1,300.000,300.000,225.000,300.000,-1,-1,-1,-1,675.000,625.000,-1,-1,2,0,2,0,2,0,0,1,0,2,2,2,2,0,0,2,2
98,7765.870,1439.802,68.315,-12.511,0.976250,0.216625,0.002968,-0.216596,0.976229,-0.007937,-0.004617,0.007105,0.999964,0,0.45141,1.00000,27.085,2.000,-1,375.000,-1,350.000,-1,300.000,300.000,225.000,300.000,-1,-1,-1,-1,675.000,625.000,-1,-1,2,0,2,0,2,0,0,1,0,2,2,2,2,0,0,2,2
99,7792.751,1434.815,68.180,-10.511,0.983217,0.182425,0.002244,-0.182408,0.983203,-0.006290,-0.003354,0.005775,0.999978,0,0.45566,1.00000,27.340,2.000,-1,375.000,-1,350.000,-1,300.000,300.000,225.000,300.000,-1,-1,-1,-1,675.000,625.000,-1,-1,2,0,2,0,2,0,0,1,0,2,2,2,2,0,0,2,2
100,7820.039,1430.731,68.310,-8.511,0.988987,0.148001,0.000367,-0.147996,0.988971,-0.005701,-0.001206,0.005584,0.999984,0,0.45988,1.00000,27.593,2.000,-1,375.000,-1,350.000,-1,300.000,300.000,225.000,300.000,-1,-1,-1,-1,700.000,625.000,-1,-1,2,0,2,0,2,0,0,1,0,2,2,2,2,0,0,2,2
101,7847.702,1427.574,68.447,-6.511,0.993548,0.113396,-0.001730,-0.113404,0.993535,-0.005314,0.001117,0.005476,0.999984,0,0.46405,1.00000,27.843,2.000,-1,375.000,-1,350.000,-1,300.000,300.000,225.000,300.000,-1,-1,-1,-1,700.000,650.000,-1,-1,2,0,2,0,2,0,0,1,0,2,2,2,2,0,0,2,2
102,7875.706,1425.364,68.675,-4.511,0.996893,0.078653,-0.004134,-0.078675,0.996885,-0.005498,0.003688,0.005807,0.999976,0,0.46817,1.00000,28.090,2.000,-1,375.000,-1,375.000,-1,300.000,300.000,225.000,300.000,-1,-1,-1,-1,725.000,650.000,-1,-1,2,0,2,0,2,0,0,1,0,2,2,2,2,0,0,2,2
103,7908.558,1423.786,69.125,-2.751,0.998828,0.047999,-0.006270,-0.048031,0.998833,-0.005045,0.006020,0.005340,0.999968,0,0.54817,0.88000,32.890,1.760,-1,400.000,-1,375.000,-1,325.000,300.000,225.000,300.000,-1,-1,-1,-1,750.000,650.000,-1,-1,2,0,2,0,2,0,0,1,0,2,2,2,2,0,0,2,2
104,7944.755,1423.008,69.713,-1.231,0.999734,0.021487,-0.008385,-0.021523,0.999759,-0.004225,0.008292,0.004404,0.999956,0,0.60341,0.76000,36.205,1.520,-1,400.000,-1,375.000,-1,325.000,300.000,225.000,300.000,-1,-1,-1,-1,775.000,675.000,-1,-1,2,0,2,0,2,0,0,1,0,2,2,2,2,0,0,2,2
105,7980.844,1423.150,70.295,0.226,0.999938,-0.003941,-0.010383,0.003904,0.999986,-0.003527,0.010397,0.003487,0.999940,0,0.60149,0.72850,36.090,1.457,-1,400.000,-1,375.000,-1,325.000,325.000,225.000,300.000,-1,-1,-1,-1,775.000,700.000,-1,-1,2,0,2,0,2,0,0,1,0,2,2,2,2,0,0,2,2
106,8016.785,1424.202,70.871,1.678,0.999496,-0.029277,-0.012297,0.029243,0.999568,-0.002941,0.012378,0.002580,0.999920,0,0.59928,0.72597,35.957,1.452,-1,400.000,-1,375.000,-1,325.000,325.000,225.000,300.000,-1,-1,-1,-1,800.000,700.000,-1,-1,2,1,2,0,2,0,0,1,0,2,2,2,2,0,0,2,2
107,8052.559,1426.155,71.436,3.124,0.998414,-0.054503,-0.014110,0.054474,0.998512,-0.002451,0.014223,0.001678,0.999897,0,0.59711,0.72331,35.827,1.447,-1,400.000,-1,375.000,-1,325.000,325.000,225.000,300.000,-1,925.000,900.000,-1,825.000,725.000,-1,-1,2,1,2,0,2,0,0,1,0,2,0,0,2,0,0,2,2
108,8088.145,1428.997,71.987,4.565,0.996702,-0.079597,-0.015806,0.079574,0.996827,-0.002039,0.015918,0.000774,0.999873,0,0.59499,0.72052,35.699,1.441,-1,400.000,-1,375.000,-1,325.000,325.000,225.000,300.000,-1,825.000,825.000,-1,850.000,750.000,-1,-1,2,1,2,0,2,0,0,1,0,2,0,0,2,0,0,2,2
109,8123.524,1432.715,72.521,6.001,0.994369,-0.104539,-0.017371,0.104526,0.994521,-0.001688,0.017452,-0.000137,0.999848,0,0.59290,0.71761,35.574,1.435,-1,400.000,-1,375.000,-1,325.000,325.000,225.000,300.000,-1,750.000,750.000,-1,850.000,750.000,-1,-1,2,1,2,0,2,0,0,1,0,2,0,0,2,0,0,2,2
110,8158.677,1437.299,73.033,7.430,0.991426,-0.129311,-0.018793,0.129308,0.991604,-0.001382,0.018814,-0.001060,0.999822,0,0.59083,0.71457,35.450,1.429,-1,425.000,-1,400.000,-1,325.000,325.000,225.000,300.000,-1,700.000,725.000,-1,875.000,775.000,-1,-1,2,1,2,0,2,0,0,1,0,2,0,0,2,0,0,2,2
111,8193.582,1442.736,73.522,8.853,0.987884,-0.153893,-0.020062,0.153902,0.988086,-0.001103,0.019993,-0.001998,0.999798,0,0.58877,0.71142,35.326,1.423,-1,425.000,-1,400.000,-1,325.000,325.000,225.000,300.000,-1,675.000,700.000,-1,875.000,800.000,-1,-1,2,1,2,0,2,0,0,1,0,2,0,0,2,0,0,2,2
112,8228.222,1449.012,73.984,10.269,0.983754,-0.178267,-0.021171,0.178290,0.983978,-0.000834,0.020981,-0.002954,0.999776,0,0.58672,0.70814,35.203,1.416,-1,425.000,-1,400.000,-1,325.000,325.000,225.000,300.000,-1,650.000,675.000,-1,900.000,800.000,-1,-1,2,0,2,0,2,0,0,1,0,2,0,0,2,0,0,2,2
113,8262.577,1456.113,74.417,11.678,0.979050,-0.202417,-0.022114,0.202454,0.979292,-0.000558,0.021769,-0.003931,0.999755,0,0.58468,0.70476,35.081,1.410,-1,425.000,-1,400.000,-1,325.000,325.000,225.000,300.000,-1,625.000,650.000,-1,900.000,825.000,-1,-1,2,0,2,0,2,1,0,1,0,2,0,0,2,0,0,2,2
114,8296.628,1464.025,74.819,13.081,0.973783,-0.226324,-0.022885,0.226378,0.974040,-0.000259,0.022349,-0.004929,0.999738,0,0.58264,0.70126,34.958,1.403,-1,425.000,-1,400.000,-1,350.000,325.000,225.000,300.000,-1,625.000,650.000,-1,925.000,825.000,-1,-1,2,0,2,0,2,0,0,1,0,2,0,0,2,0,0,2,2
115,8330.358,1472.733,75.187,14.476,0.967968,-0.249974,-0.023482,0.250045,0.968234,0.000080,0.022716,-0.005949,0.999724,0,0.58060,0.69765,34.836,1.395,-1,425.000,-1,400.000,-1,350.000,325.000,225.000,300.000,-1,625.000,650.000,-1,925.000,850.000,-1,-1,2,0,2,0,2,0,0,1,0,2,0,0,2,0,0,2,2
116,8363.749,1482.222,75.521,15.864,0.961618,-0.273350,-0.023903,0.273439,0.961889,0.000475,0.022862,-0.006992,0.999714,0,0.57856,0.69394,34.714,1.388,-1,450.000,-1,425.000,-1,350.000,325.000,225.000,300.000,-1,625.000,675.000,-1,925.000,850.000,-1,-1,2,0,2,0,2,0,0,1,0,2,0,0,2,0,0,2,2
117,8396.786,1492.477,75.819,17.244,0.954747,-0.296438,-0.024148,0.296546,0.955018,0.000939,0.022783,-0.008057,0.999708,0,0.57653,0.69012,34.592,1.380,-1,450.000,-1,425.000,-1,350.000,350.000,225.000,300.000,-1,650.000,700.000,-1,925.000,875.000,-1,-1,2,0,2,0,2,0,0,1,0,2,0,0,2,0,0,2,2
118,8429.453,1503.481,76.103,18.617,0.947371,-0.319223,-0.024179,0.319352,0.947635,0.001596,0.022403,-0.009234,0.999706,0,0.57451,0.68620,34.470,1.372,-1,450.000,-1,425.000,-1,350.000,350.000,225.000,300.000,-1,675.000,725.000,-1,925.000,875.000,-1,-1,2,0,2,0,2,0,0,1,0,2,0,0,2,0,0,2,2
119,8461.735,1515.219,76.515,19.981,0.939512,-0.341689,-0.023795,0.341854,0.939748,0.003090,0.021305,-0.011038,0.999712,0,0.57249,0.68218,34.350,1.364,-1,450.000,-1,425.000,-1,350.000,350.000,225.000,300.000,-1,725.000,800.000,-1,925.000,875.000,-1,-1,2,0,2,0,2,0,0,1,0,2,0,0,2,0,0,2,2
120,8493.618,1527.674,76.688,21.337,0.931195,-0.363830,-0.022452,0.364007,0.931387,0.004233,0.019371,-0.012114,0.999739,0,0.57050,0.67807,34.230,1.356,-1,450.000,-1,425.000,-1,350.000,350.000,225.000,300.000,-1,825.000,925.000,-1,900.000,875.000,-1,-1,2,0,2,0,2,0,0,1,0,2,0,0,2,1,0,2,2
121,8525.091,1540.830,76.798,22.685,0.922417,-0.385630,-0.020860,0.385814,0.922560,0.005500,0.017124,-0.013122,0.999767,0,0.56853,0.67385,34.112,1.348,-1,425.000,-1,425.000,-1,350.000,350.000,225.000,300.000,-1,975.000,-1,-1,900.000,875.000,-1,-1,2,0,2,0,2,0,0,1,0,2,0,2,2,1,0,2,2
122,8556.141,1554.670,76.874,24.024,0.913192,-0.407079,-0.019140,0.407266,0.913283,0.006970,0.014643,-0.014161,0.999793,0,0.56659,0.66955,33.995,1.339,-1,425.000,-1,425.000,-1,350.000,350.000,225.000,300.000,-1,-1,-1,-1,875.000,850.000,-1,-1,2,0,2,0,2,0,0,1,0,2,2,2,2,1,0,2,2
123,8586.759,1569.179,76.916,25.354,0.903535,-0.428166,-0.017301,0.428349,0.903572,0.008653,0.011927,-0.015229,0.999813,0,0.56469,0.66516,33.881,1.330,-1,425.000,-1,400.000,-1,350.000,325.000,225.000,300.000,-1,-1,-1,-1,850.000,850.000,-1,-1,2,0,2,0,2,0,0,1,0,2,2,2,2,1,0,2,2
124,8616.934,1584.340,76.952,26.676,0.893462,-0.448882,-0.015211,0.449051,0.893444,0.010494,0.008880,-0.016206,0.999829,0,0.56283,0.66068,33.770,1.321,-1,425.000,-1,400.000,-1,325.000,325.000,225.000,300.000,-1,-1,-1,-1,825.000,825.000,-1,-1,2,0,2,0,2,0,0,1,0,2,2,2,2,1,0,2,2
125,8651.066,1602.303,77.024,27.757,0.884883,-0.465657,-0.012078,0.465790,0.884802,0.012866,0.004695,-0.017010,0.999844,0,0.64283,0.54068,38.570,1.081,-1,400.000,-1,400.000,-1,325.000,325.000,225.000,300.000,-1,-1,-1,-1,800.000,800.000,-1,-1,2,0,2,0,2,0,0,1,0,2,2,2,2,1,0,2,2
126,8689.144,1623.063,77.003,28.598,0.878000,-0.478589,-0.008303,0.478661,0.877851,0.016142,-0.000436,-0.018147,0.999835,0,0.72283,0.42068,43.370,0.841,-1,400.000,-1,400.000,-1,325.000,325.000,225.000,300.000,-1,-1,-1,-1,775.000,775.000,-1,-1,2,0,2,0,2,0,0,1,0,2,2,2,2,1,0,2,2
127,8731.192,1646.563,77.419,29.200,0.872953,-0.487783,-0.004596,0.487784,0.872791,0.017399,-0.004476,-0.017430,0.999838,0,0.80283,0.30068,48.170,0.601,-1,400.000,-1,400.000,-1,325.000,325.000,225.000,300.000,-1,-1,-1,-1,750.000,750.000,-1,-1,2,0,2,0,2,0,0,1,0,2,2,2,2,1,0,2,2
128,8773.366,1670.483,77.983,29.561,0.869864,-0.493290,-0.001288,0.493233,0.869718,0.017633,-0.007578,-0.015974,0.999844,0,0.80808,0.18068,48.485,0.361,-1,400.000,-1,375.000,-1,325.000,325.000,225.000,300.000,-1,-1,-1,-1,750.000,750.000,-1,-1,2,0,2,0,2,0,0,1,0,2,2,2,2,1,0,2,2
129,8815.027,1694.229,78.468,29.683,0.868811,-0.495141,0.001649,0.495037,0.868689,0.017857,-0.010274,-0.014698,0.999839,0,0.79921,0.06068,47.953,0.121,-1,400.000,-1,375.000,-1,325.000,325.000,250.000,300.000,-1,-1,-1,-1,750.000,725.000,-1,-1,2,0,2,0,2,0,0,1,0,2,2,2,2,0,0,2,2
130,8856.241,1717.674,78.846,29.634,0.869215,-0.494417,0.004129,0.494275,0.869117,0.018098,-0.012537,-0.013690,0.999828,0,0.79027,-0.02410,47.416,-0.048,-1,375.000,-1,375.000,-1,325.000,300.000,250.000,300.000,-1,-1,-1,-1,750.000,725.000,-1,-1,2,0,2,0,2,0,0,1,0,2,2,2,2,0,0,2,2
131,8897.039,1740.819,79.119,29.567,0.869784,-0.493397,0.005922,0.493226,0.869704,0.018510,-0.014283,-0.013179,0.999811,0,0.78176,-0.03370,46.906,-0.067,-1,375.000,-1,375.000,-1,325.000,300.000,275.000,300.000,-1,-1,-1,-1,750.000,700.000,-1,-1,2,0,2,0,2,0,0,1,0,2,2,2,2,0,0,2,2
132,8937.492,1763.687,79.289,29.479,0.870529,-0.492066,0.007045,0.491871,0.870459,0.019089,-0.015526,-0.013152,0.999793,0,0.77449,-0.04384,46.469,-0.088,-1,375.000,-1,375.000,-1,300.000,300.000,275.000,300.000,-1,-1,-1,-1,725.000,700.000,-1,-1,2,0,2,0,2,0,0,1,0,2,2,2,2,0,0,2,2
133,8973.712,1784.290,79.334,29.632,0.869217,-0.494375,0.007408,0.494162,0.869142,0.019922,-0.016287,-0.013656,0.999774,0,0.69449,0.07616,41.669,0.152,-1,375.000,-1,375.000,-1,300.000,300.000,300.000,300.000,-1,-1,-1,-1,725.000,700.000,-1,-1,2,0,2,0,2,0,0,1,0,2,2,2,2,0,0,2,2
134,9008.927,1804.589,79.293,29.960,0.866373,-0.499345,0.007234,0.499117,0.866281,0.020976,-0.016741,-0.014562,0.999754,0,0.67744,0.16430,40.647,0.329,-1,375.000,-1,375.000,-1,300.000,300.000,300.000,300.000,-1,-1,-1,-1,725.000,700.000,-1,-1,2,1,2,0,2,0,0,1,0,2,2,2,2,0,0,2,2
135,9043.936,1825.021,78.946,30.269,0.863680,-0.504000,0.006463,0.503782,0.863576,0.021000,-0.016165,-0.014881,0.999759,0,0.67559,0.15425,40.535,0.309,-1,375.000,-1,375.000,-1,300.000,300.000,300.000,300.000,-1,-1,-1,-1,725.000,700.000,-1,-1,2,0,2,0,2,0,0,1,0,2,2,2,2,0,0,2,2
136,9078.780,1845.592,78.526,30.557,0.861148,-0.508327,0.005258,0.508126,0.861025,0.021084,-0.015245,-0.015485,0.999764,0,0.67438,0.14393,40.463,0.288,-1,375.000,-1,375.000,-1,300.000,300.000,300.000,300.000,-1,-1,-1,-1,725.000,700.000,-1,-1,2,0,2,0,2,0,0,1,0,2,2,2,2,0,0,2,2
137,9113.497,1866.307,78.036,30.823,0.858786,-0.512322,0.003634,0.512143,0.858637,0.021251,-0.014008,-0.016389,0.999768,0,0.67379,0.13334,40.428,0.267,-1,375.000,-1,375.000,-1,300.000,300.000,300.000,300.000,-1,-1,-1,-1,750.000,700.000,-1,-1,2,0,2,0,2,0,0,1,0,2,2,2,2,0,0,2,2
