timestep,x_cm,y_cm,z_cm,yaw_deg,basis_xx,basis_xy,basis_xz,basis_yx,basis_yy,basis_yz,basis_zx,basis_zy,basis_zz,teleport_flag,throttle_cmd,steering_cmd,cmd_move_cm,cmd_turn_deg,lidar_cm_0,lidar_cm_1,lidar_cm_2,lidar_cm_3,lidar_cm_4,lidar_cm_5,lidar_cm_6,lidar_cm_7,lidar_cm_8,lidar_cm_9,lidar_cm_10,lidar_cm_11,lidar_cm_12,lidar_cm_13,lidar_cm_14,lidar_cm_15,lidar_cm_16,lidar_class_0,lidar_class_1,lidar_class_2,lidar_class_3,lidar_class_4,lidar_class_5,lidar_class_6,lidar_class_7,lidar_class_8,lidar_class_9,lidar_class_10,lidar_class_11,lidar_class_12,lidar_class_13,lidar_class_14,lidar_class_15,lidar_class_16
0,3603.669,8201.869,26.745,145.469,-0.823706,-0.566601,0.021716,0.566984,-0.823465,0.020852,0.006068,0.029488,0.999547,1,0.08000,0.12000,4.800,0.240,-1,375.000,-1,375.000,-1,300.000,300.000,325.000,325.000,-1,625.000,575.000,-1,675.000,650.000,-1,-1,2,0,2,0,2,0,0,0,0,2,0,0,2,0,0,2,2
1,3595.715,8207.244,26.850,145.949,-0.828411,-0.559685,0.022097,0.560079,-0.828187,0.020434,0.006864,0.029304,0.999547,0,0.16000,0.24000,9.600,0.480,-1,375.000,-1,375.000,-1,300.000,300.000,325.000,325.000,-1,600.000,550.000,-1,675.000,650.000,-1,-1,2,0,2,0,2,0,0,0,0,2,0,0,2,0,0,2,2
2,3583.684,8215.156,27.017,146.669,-0.835358,-0.549239,0.022678,0.549648,-0.835162,0.019808,0.008061,0.029012,0.999547,0,0.24000,0.36000,14.400,0.720,-1,375.000,-1,375.000,-1,300.000,300.000,325.000,325.000,-1,575.000,550.000,-1,675.000,650.000,-1,-1,2,0,2,0,2,0,0,0,0,2,0,0,2,0,0,2,2
3,3567.468,8225.436,27.254,147.629,-0.844415,-0.535175,0.023473,0.535603,-0.844257,0.018977,0.009661,0.028596,0.999544,0,0.32000,0.48000,19.200,0.960,-1,375.000,-1,375.000,-1,300.000,300.000,325.000,325.000,-1,550.000,525.000,-1,675.000,650.000,-1,-1,2,0,2,0,2,0,0,0,0,2,0,0,2,0,0,2,2
4,3546.933,8237.858,27.572,148.829,-0.855402,-0.517385,0.024496,0.517834,-0.855293,0.017944,0.011667,0.028034,0.999539,0,0.40000,0.60000,24.000,1.200,-1,375.000,-1,375.000,-1,300.000,300.000,325.000,325.000,-1,525.000,525.000,-1,675.000,650.000,-1,-1,2,0,2,0,2,0,0,0,0,2,0,0,2,0,0,2,2
5,3521.941,8252.170,27.984,150.202,-0.867509,-0.496754,0.025769,0.497223,-0.867461,0.016724,0.014046,0.027321,0.999528,0,0.48000,0.68648,28.800,1.373,-1,375.000,-1,375.000,-1,300.000,300.000,325.000,325.000,-1,475.000,475.000,-1,700.000,650.000,-1,-1,2,0,2,0,2,0,0,0,0,2,0,0,2,0,0,2,2
6,3492.391,8268.164,28.500,151.575,-0.879110,-0.475836,0.027320,0.476326,-0.879135,0.015338,0.016720,0.026497,0.999509,0,0.56000,0.68651,33.600,1.373,-1,375.000,-1,375.000,-1,300.000,300.000,325.000,325.000,-1,450.000,450.000,-1,700.000,650.000,-1,-1,2,0,2,0,2,0,0,0,0,2,0,0,2,0,0,2,2
7,3458.192,8285.627,29.133,152.950,-0.890206,-0.454624,0.029163,0.455133,-0.890317,0.013791,0.019695,0.025550,0.999480,0,0.64000,0.68719,38.400,1.374,-1,375.000,-1,375.000,-1,300.000,300.000,325.000,325.000,-1,400.000,425.000,-1,700.000,675.000,-1,-1,2,0,2,0,2,0,0,0,0,2,0,0,2,0,0,2,2
8,3419.257,8304.343,29.949,154.327,-0.900805,-0.433099,0.031234,0.433626,-0.901008,0.012351,0.022793,0.024670,0.999436,0,0.72000,0.68875,43.200,1.378,-1,375.000,-1,375.000,-1,300.000,300.000,325.000,325.000,-1,375.000,400.000,-1,725.000,675.000,-1,-1,2,0,2,0,2,0,0,0,0,2,0,0,2,0,0,2,2
9,3375.506,8324.088,30.969,155.710,-0.910914,-0.411236,0.033468,0.411780,-0.911216,0.011083,0.025939,0.023877,0.999378,0,0.80000,0.69146,48.000,1.383,-1,375.000,-1,375.000,-1,300.000,300.000,325.000,325.000,-1,350.000,375.000,-1,725.000,675.000,-1,-1,2,0,2,0,2,0,0,0,0,2,0,0,2,0,0,2,2
10,3331.696,8342.593,32.027,157.101,-0.920550,-0.389002,0.035559,0.389553,-0.920951,0.009886,0.028903,0.022953,0.999319,0,0.79263,0.69555,47.558,1.391,-1,375.000,-1,375.000,-1,325.000,300.000,325.000,325.000,-1,350.000,375.000,-1,750.000,675.000,-1,-1,2,0,2,0,2,0,0,0,0,2,0,0,2,0,0,2,2
11,3288.041,8359.787,33.121,158.503,-0.929711,-0.366371,0.037540,0.366922,-0.930210,0.008781,0.031703,0.021938,0.999257,0,0.78199,0.70070,46.919,1.401,-1,400.000,-1,375.000,-1,325.000,300.000,325.000,325.000,-1,350.000,375.000,-1,775.000,675.000,-1,-1,2,0,2,0,2,0,0,0,0,2,0,0,2,0,0,2,2
12,3244.519,8375.700,34.267,159.916,-0.938389,-0.343318,0.039495,0.343865,-0.938986,0.007814,0.034403,0.020914,0.999189,0,0.77233,0.70683,46.340,1.414,-1,400.000,-1,375.000,-1,325.000,300.000,325.000,325.000,-1,325.000,350.000,-1,775.000,675.000,-1,-1,2,0,2,0,2,0,0,0,0,2,0,0,2,0,0,2,2
13,3201.101,8390.360,35.671,161.344,-0.946607,-0.319827,0.040575,0.320331,-0.947284,0.006442,0.036376,0.019096,0.999156,0,0.76376,0.71388,45.826,1.428,-1,400.000,-1,375.000,-1,325.000,300.000,325.000,325.000,-1,350.000,375.000,-1,800.000,700.000,-1,-1,2,0,2,0,2,0,0,0,0,2,0,0,2,0,0,2,2
14,3157.753,8403.789,37.271,162.788,-0.954355,-0.295873,0.040819,0.296305,-0.955081,0.004829,0.037557,0.016704,0.999155,0,0.75634,0.72180,45.381,1.444,-1,400.000,-1,375.000,-1,325.000,300.000,325.000,300.000,-1,375.000,425.000,-1,825.000,700.000,-1,-1,2,0,2,0,2,0,0,0,0,2,0,0,2,0,0,2,2
15,3114.435,8416.007,38.895,164.249,-0.961585,-0.271434,0.040971,0.271793,-0.962350,0.003342,0.038521,0.014350,0.999155,0,0.75013,0.73054,45.008,1.461,-1,400.000,-1,375.000,-1,325.000,300.000,325.000,300.000,-1,400.000,450.000,950.000,825.000,700.000,-1,-1,2,0,2,0,2,0,0,0,0,2,0,0,1,0,0,2,2
16,3071.106,8427.029,40.563,165.729,-0.968274,-0.246493,0.041071,0.246776,-0.969071,0.001866,0.039341,0.011942,0.999154,0,0.74515,0.74007,44.709,1.480,-1,400.000,-1,375.000,-1,325.000,300.000,325.000,300.000,-1,450.000,500.000,925.000,850.000,700.000,-1,-1,2,0,2,0,2,0,0,0,0,2,0,0,1,0,0,2,2
17,3027.721,8436.863,42.272,167.230,-0.974398,-0.221036,0.041119,0.221239,-0.975220,0.000395,0.040013,0.009482,0.999154,0,0.74143,0.75034,44.486,1.501,-1,400.000,-1,375.000,-1,325.000,325.000,325.000,300.000,-1,475.000,550.000,900.000,850.000,725.000,-1,-1,2,0,2,0,2,0,0,0,0,2,0,0,1,0,0,2,2
18,2988.833,8444.782,43.833,168.490,-0.979028,-0.199530,0.041122,0.199662,-0.979864,-0.000922,0.040478,0.007308,0.999154,0,0.66143,0.63034,39.686,1.261,-1,400.000,-1,375.000,-1,325.000,325.000,325.000,300.000,-1,525.000,600.000,900.000,875.000,725.000,-1,-1,2,0,2,0,2,0,0,0,0,2,0,0,1,0,0,2,2
19,2950.736,8451.836,45.390,169.511,-0.982431,-0.182046,0.041094,0.182110,-0.983276,-0.002215,0.040810,0.005308,0.999153,0,0.64574,0.51034,38.744,1.021,-1,400.000,-1,375.000,-1,325.000,325.000,325.000,300.000,-1,550.000,625.000,925.000,875.000,725.000,-1,-1,2,0,2,0,2,0,0,0,0,2,0,0,1,0,0,2,2
20,2912.519,8458.375,46.977,170.292,-0.984824,-0.168634,0.041041,0.168633,-0.985673,-0.003514,0.041045,0.003460,0.999151,0,0.64620,0.39034,38.772,0.781,-1,400.000,-1,375.000,-1,325.000,325.000,325.000,300.000,-1,600.000,675.000,925.000,875.000,750.000,-1,-1,2,0,2,0,2,0,0,0,0,2,0,0,1,0,0,2,2
21,2874.120,8464.440,48.589,171.024,-0.986904,-0.156020,0.040964,0.155954,-0.987753,-0.004817,0.041214,0.001634,0.999149,0,0.64792,0.36624,38.875,0.732,-1,400.000,-1,375.000,-1,325.000,325.000,325.000,300.000,-1,625.000,725.000,950.000,900.000,750.000,-1,-1,2,0,2,0,2,0,0,0,0,2,0,0,1,0,0,2,2
22,2835.495,8470.021,50.227,171.779,-0.988881,-0.142987,0.040861,0.142856,-0.989724,-0.006125,0.041317,-0.000219,0.999146,0,0.65043,0.37761,39.026,0.755,-1,400.000,-1,375.000,-1,325.000,325.000,325.000,300.000,-1,675.000,775.000,975.000,900.000,750.000,-1,-1,2,0,2,0,2,0,0,0,0,2,0,0,1,0,0,2,2
23,2796.610,8475.100,51.888,172.558,-0.990740,-0.129523,0.040731,0.129326,-0.991574,-0.007439,0.041352,-0.002103,0.999142,0,0.65359,0.38936,39.215,0.779,-1,425.000,-1,375.000,-1,325.000,325.000,325.000,300.000,-1,725.000,825.000,-1,900.000,775.000,-1,-1,2,0,2,0,2,0,0,0,0,2,0,0,2,0,0,2,2
24,2757.431,8479.660,53.573,173.361,-0.992465,-0.115612,0.040574,0.115350,-0.993286,-0.008763,0.041315,-0.004016,0.999138,0,0.65738,0.40151,39.443,0.803,-1,425.000,-1,400.000,-1,325.000,325.000,325.000,300.000,-1,775.000,900.000,-1,900.000,775.000,-1,-1,2,0,2,0,2,0,0,0,0,2,0,0,2,0,0,2,2
25,2717.926,8483.681,55.281,174.189,-0.994041,-0.101244,0.040389,0.100915,-0.994844,-0.010098,0.041203,-0.005962,0.999133,0,0.66182,0.41405,39.709,0.828,-1,425.000,-1,400.000,-1,325.000,325.000,325.000,300.000,-1,825.000,950.000,-1,900.000,775.000,-1,-1,2,0,2,0,2,0,0,0,0,2,0,0,2,0,0,2,2
26,2678.063,8487.138,57.009,175.043,-0.995450,-0.086404,0.040175,0.086009,-0.996229,-0.011448,0.041013,-0.007941,0.999127,0,0.66688,0.42699,40.013,0.854,-1,425.000,-1,400.000,-1,325.000,325.000,325.000,300.000,-1,875.000,-1,-1,900.000,800.000,-1,-1,2,0,2,0,2,0,0,0,0,2,0,2,2,0,0,2,2
27,2637.810,8490.007,58.734,175.924,-0.996670,-0.071080,0.039957,0.070616,-0.997420,-0.012914,0.040772,-0.010049,0.999118,0,0.67258,0.44034,40.355,0.881,-1,425.000,-1,400.000,-1,350.000,325.000,325.000,300.000,-1,950.000,-1,-1,900.000,800.000,-1,-1,2,0,2,0,2,0,0,0,0,2,0,2,2,0,0,2,2
28,2592.715,8492.335,60.279,177.044,-0.997911,-0.051557,0.038925,0.051009,-0.998586,-0.014950,0.039641,-0.012933,0.999130,0,0.75258,0.56034,45.155,1.121,-1,425.000,-1,400.000,-1,350.000,325.000,325.000,300.000,-1,-1,-1,-1,900.000,800.000,-1,-1,2,0,2,0,2,0,0,0,0,2,2,2,2,0,0,2,2
29,2543.901,8493.693,61.621,178.405,-0.998925,-0.027829,0.037085,0.027252,-0.999501,-0.015982,0.037511,-0.014954,0.999184,0,0.81389,0.68034,48.833,1.361,-1,425.000,-1,400.000,-1,325.000,325.000,325.000,300.000,-1,-1,-1,-1,900.000,800.000,-1,-1,2,0,2,0,2,0,0,0,0,2,2,2,2,0,0,2,2
30,2494.524,8493.688,62.961,180.006,-0.999382,0.000101,0.035163,-0.000702,-0.999854,-0.017089,0.035156,-0.017103,0.999235,0,0.82295,0.80034,49.377,1.601,-1,425.000,-1,400.000,-1,325.000,325.000,300.000,300.000,-1,-1,-1,-1,875.000,775.000,-1,-1,2,0,2,0,2,0,0,0,0,2,2,2,2,0,0,2,2
31,2444.578,8492.077,64.291,181.846,-0.998931,0.032215,0.033158,-0.032834,-0.999293,-0.018303,0.032545,-0.019372,0.999283,0,0.83288,0.92034,49.973,1.841,-1,425.000,-1,400.000,-1,325.000,325.000,300.000,300.000,-1,-1,-1,-1,850.000,775.000,-1,-1,2,0,2,0,2,0,0,0,0,2,2,2,2,0,0,2,2
32,2394.060,8488.767,65.609,183.749,-0.997377,0.065367,0.031076,-0.065996,-0.997626,-0.019672,0.029716,-0.021671,0.999323,0,0.84377,0.95118,50.626,1.902,-1,425.000,-1,400.000,-1,325.000,325.000,300.000,300.000,-1,-1,-1,-1,850.000,775.000,-1,-1,2,0,2,0,2,0,0,0,0,2,2,2,2,0,0,2,2
33,2342.971,8483.676,66.883,185.690,-0.994657,0.099118,0.028866,-0.099749,-0.994785,-0.021301,0.026604,-0.024066,0.999356,0,0.85569,0.97061,51.342,1.941,-1,425.000,-1,400.000,-1,325.000,325.000,300.000,300.000,-1,-1,-1,-1,825.000,775.000,-1,-1,2,0,2,0,2,0,0,0,0,2,2,2,2,0,0,2,2
34,2291.322,8476.718,68.134,187.671,-0.990698,0.133446,0.026629,-0.134067,-0.990704,-0.023074,0.023302,-0.026430,0.999379,0,0.86859,0.99071,52.116,1.981,-1,425.000,-1,400.000,-1,325.000,325.000,300.000,300.000,-1,-1,-1,-1,800.000,750.000,-1,-1,2,0,2,0,2,0,0,0,0,2,2,2,2,0,0,2,2
35,2239.585,8467.900,69.341,189.671,-0.985497,0.167929,0.024398,-0.168527,-0.985381,-0.024970,0.019848,-0.028719,0.999390,0,0.87473,1.00000,52.484,2.000,-1,400.000,-1,400.000,-1,325.000,325.000,300.000,300.000,-1,-1,-1,-1,800.000,750.000,-1,-1,2,0,2,0,2,0,0,0,0,2,2,2,2,0,0,2,2
36,2188.187,8457.281,70.488,191.671,-0.979092,0.202203,0.022207,-0.202766,-0.978856,-0.026961,0.016285,-0.030901,0.999390,0,0.87473,1.00000,52.484,2.000,-1,400.000,-1,400.000,-1,325.000,325.000,300.000,300.000,-1,-1,-1,-1,775.000,750.000,-1,-1,2,0,2,0,2,0,0,0,0,2,2,2,2,0,0,2,2
37,2137.191,8444.876,71.566,193.671,-0.971491,0.236226,0.020067,-0.236740,-0.971139,-0.029034,0.012629,-0.032957,0.999377,0,0.87473,1.00000,52.484,2.000,-1,400.000,-1,400.000,-1,325.000,325.000,300.000,300.000,-1,-1,-1,-1,750.000,725.000,-1,-1,2,0,2,0,2,0,0,0,0,2,2,2,2,0,0,2,2
38,2086.658,8430.698,72.567,195.671,-0.962704,0.269956,0.017992,-0.270409,-0.962241,-0.031172,0.008898,-0.034875,0.999352,0,0.87473,1.00000,52.484,2.000,-1,400.000,-1,375.000,-1,325.000,325.000,300.000,300.000,-1,-1,-1,-1,750.000,725.000,-1,-1,2,0,2,0,2,0,0,0,0,2,2,2,2,0,0,2,2
39,2036.652,8414.765,73.266,197.671,-0.952735,0.303363,0.016356,-0.303750,-0.952201,-0.032409,0.005742,-0.035846,0.999341,0,0.87473,1.00000,52.484,2.000,-1,400.000,-1,375.000,-1,325.000,325.000,300.000,300.000,-1,-1,-1,-1,725.000,725.000,-1,-1,2,0,2,0,2,0,0,0,0,2,2,2,2,0,0,2,2
40,1987.231,8397.098,73.768,199.671,-0.941587,0.336405,0.015664,-0.336749,-0.941019,-0.032918,0.003666,-0.036270,0.999335,0,0.87473,1.00000,52.484,2.000,-1,400.000,-1,375.000,-1,325.000,325.000,300.000,300.000,-1,-1,-1,-1,725.000,700.000,-1,-1,2,0,2,0,2,0,0,0,0,2,2,2,2,0,0,2,2
41,1938.457,8377.716,74.231,201.671,-0.929292,0.369034,0.015148,-0.369341,-0.928689,-0.033521,0.001697,-0.036745,0.999323,0,0.87473,1.00000,52.484,2.000,-1,375.000,-1,375.000,-1,325.000,325.000,300.000,300.000,-1,-1,-1,-1,725.000,700.000,-1,-1,2,0,2,0,2,0,0,0,0,2,2,2,2,0,0,2,2
42,1890.390,8356.644,74.591,203.671,-0.915866,0.401214,0.014743,-0.401484,-0.915229,-0.034151,-0.000208,-0.037197,0.999308,0,0.87473,1.00000,52.484,2.000,-1,375.000,-1,375.000,-1,325.000,325.000,300.000,300.000,-1,-1,-1,-1,725.000,700.000,-1,-1,2,0,2,0,2,0,0,0,0,2,2,2,2,0,0,2,2
43,1843.087,8333.907,74.665,205.671,-0.901316,0.432891,0.015297,-0.433159,-0.900630,-0.035194,-0.001458,-0.038347,0.999263,0,0.87473,1.00000,52.484,2.000,-1,375.000,-1,375.000,-1,325.000,300.000,300.000,300.000,-1,-1,-1,-1,700.000,700.000,-1,-1,2,0,2,0,2,0,0,0,0,2,2,2,2,0,0,2,2
44,1796.607,8309.533,74.680,207.671,-0.885670,0.464043,0.015921,-0.464309,-0.884943,-0.035972,-0.002603,-0.039251,0.999226,0,0.87473,1.00000,52.484,2.000,-1,375.000,-1,375.000,-1,300.000,300.000,300.000,300.000,-1,-1,-1,-1,700.000,675.000,-1,-1,2,0,2,0,2,0,0,0,0,2,2,2,2,0,0,2,2
45,1751.005,8283.552,74.744,209.671,-0.868938,0.494640,0.016683,-0.494911,-0.868202,-0.035911,-0.003279,-0.039461,0.999216,0,0.87473,1.00000,52.484,2.000,-1,375.000,-1,375.000,-1,300.000,300.000,300.000,300.000,-1,-1,-1,-1,700.000,675.000,-1,-1,2,0,2,0,2,0,0,0,0,2,2,2,2,0,0,2,2
46,1710.318,8258.686,74.720,211.431,-0.853337,0.521070,0.017393,-0.521346,-0.852597,-0.035741,-0.003794,-0.039567,0.999210,0,0.79473,0.88000,47.684,1.760,-1,375.000,-1,375.000,-1,300.000,300.000,300.000,300.000,-1,-1,-1,-1,700.000,675.000,-1,-1,2,0,2,0,2,0,0,0,0,2,2,2,2,0,0,2,2
47,1674.391,8235.272,74.617,213.093,-0.837867,0.545575,0.018076,-0.545858,-0.837125,-0.035520,-0.004247,-0.039628,0.999205,0,0.71473,0.83092,42.884,1.662,-1,375.000,-1,375.000,-1,300.000,300.000,300.000,300.000,-1,-1,-1,-1,700.000,675.000,-1,-1,2,0,2,0,2,0,0,0,0,2,2,2,2,0,0,2,2
48,1640.730,8211.915,74.457,214.755,-0.821693,0.569623,0.018683,-0.569910,-0.820952,-0.035218,-0.004723,-0.039586,0.999205,0,0.68285,0.83092,40.971,1.662,-1,375.000,-1,375.000,-1,300.000,300.000,300.000,300.000,-1,-1,-1,-1,700.000,675.000,-1,-1,2,0,2,0,2,0,0,0,0,2,2,2,2,0,0,2,2
49,1607.760,8187.593,74.258,216.417,-0.804828,0.593193,0.019338,-0.593486,-0.804090,-0.034843,-0.005119,-0.039520,0.999206,0,0.68285,0.83092,40.971,1.662,-1,375.000,-1,375.000,-1,300.000,300.000,300.000,300.000,-1,-1,-1,-1,700.000,650.000,-1,-1,2,0,2,0,2,0,0,0,0,2,2,2,2,0,0,2,2
50,1575.509,8162.324,74.089,218.079,-0.787281,0.616259,0.020363,-0.616573,-0.786543,-0.034466,-0.005224,-0.039689,0.999198,0,0.68285,0.83092,40.971,1.662,-1,375.000,-1,375.000,-1,300.000,300.000,300.000,300.000,-1,-1,-1,-1,700.000,650.000,-1,-1,2,0,2,0,2,0,0,0,0,2,2,2,2,0,0,2,2
51,1544.005,8136.131,73.895,219.741,-0.769071,0.638805,0.021398,-0.639141,-0.768335,-0.034077,-0.005327,-0.039884,0.999190,0,0.68285,0.83092,40.971,1.662,-1,375.000,-1,375.000,-1,300.000,300.000,300.000,300.000,-1,-1,-1,-1,700.000,650.000,-1,-1,2,0,2,0,2,0,0,0,0,2,2,2,2,0,0,2,2
52,1513.274,8109.035,73.777,221.402,-0.750224,0.660802,0.022468,-0.661159,-0.749468,-0.034158,-0.005733,-0.040481,0.999164,0,0.68285,0.83092,40.971,1.662,-1,375.000,-1,375.000,-1,300.000,300.000,300.000,300.000,-1,-1,-1,-1,700.000,650.000,-1,-1,2,0,2,0,2,0,0,0,0,2,2,2,2,0,0,2,2
53,1483.342,8081.059,73.619,223.064,-0.730745,0.682243,0.023571,-0.682623,-0.729972,-0.034153,-0.006094,-0.041048,0.999139,0,0.68285,0.83092,40.971,1.662,-1,375.000,-1,375.000,-1,300.000,300.000,300.000,300.000,-1,-1,-1,-1,700.000,650.000,-1,-1,2,0,2,0,2,0,0,0,0,2,2,2,2,0,0,2,2
54,1454.130,8052.124,73.418,224.727,-0.710636,0.703126,0.024704,-0.703531,-0.709848,-0.034058,-0.006411,-0.041583,0.999114,0,0.68527,0.83158,41.116,1.663,-1,375.000,-1,375.000,-1,300.000,300.000,300.000,300.000,-1,-1,-1,-1,700.000,650.000,-1,-1,2,0,2,0,2,0,0,0,0,2,2,2,2,0,0,2,2
55,1425.560,8022.130,73.173,226.393,-0.689897,0.723446,0.025864,-0.723877,-0.689097,-0.033870,-0.006681,-0.042089,0.999092,0,0.69040,0.83276,41.424,1.666,-1,375.000,-1,375.000,-1,300.000,300.000,300.000,300.000,-1,-1,-1,-1,700.000,650.000,-1,-1,2,0,2,0,2,0,0,0,0,2,2,2,2,0,0,2,2
56,1397.665,7991.083,72.884,228.060,-0.668550,0.743176,0.027042,-0.743635,-0.667741,-0.033585,-0.006903,-0.042563,0.999070,0,0.69564,0.83370,41.738,1.667,-1,375.000,-1,375.000,-1,300.000,300.000,300.000,300.000,-1,-1,-1,-1,725.000,650.000,-1,-1,2,0,2,0,2,0,0,0,0,2,2,2,2,0,0,2,2
57,1370.478,7958.991,72.624,229.729,-0.646613,0.762284,0.028554,-0.762788,-0.645798,-0.033178,-0.006851,-0.043234,0.999041,0,0.70100,0.83437,42.060,1.669,-1,375.000,-1,375.000,-1,325.000,300.000,300.000,300.000,-1,-1,-1,-1,725.000,650.000,-1,-1,2,0,2,0,2,0,0,0,0,2,2,2,2,0,0,2,2
58,1344.033,7925.864,72.427,231.399,-0.624106,0.780746,0.030438,-0.781313,-0.623291,-0.032523,-0.006421,-0.044079,0.999007,0,0.70647,0.83477,42.388,1.670,-1,375.000,-1,375.000,-1,325.000,300.000,300.000,300.000,-1,-1,-1,-1,725.000,675.000,-1,-1,2,0,2,0,2,0,0,0,0,2,2,2,2,0,0,2,2
59,1318.363,7891.714,72.168,233.068,-0.601065,0.798550,0.032245,-0.799178,-0.600256,-0.031735,-0.005986,-0.044844,0.998976,0,0.71203,0.83488,42.722,1.670,-1,375.000,-1,375.000,-1,325.000,300.000,300.000,300.000,-1,-1,-1,-1,725.000,675.000,-1,-1,2,0,2,0,2,0,0,0,0,2,2,2,2,0,0,2,2
60,1293.504,7856.555,71.846,234.738,-0.577517,0.815672,0.033968,-0.816360,-0.576720,-0.030818,-0.005548,-0.045528,0.998948,0,0.71767,0.83468,43.060,1.669,-1,400.000,-1,375.000,-1,325.000,300.000,300.000,300.000,-1,825.000,-1,-1,725.000,675.000,-1,-1,2,0,2,0,2,0,0,0,0,2,0,2,2,1,0,2,2
61,1269.490,7820.402,71.462,236.406,-0.553491,0.832094,0.035595,-0.832839,-0.552713,-0.029781,-0.005106,-0.046129,0.998922,0,0.72338,0.83417,43.403,1.668,-1,400.000,-1,375.000,-1,325.000,325.000,300.000,300.000,-1,700.000,825.000,-1,750.000,675.000,-1,-1,2,0,2,0,2,0,0,0,0,2,0,0,2,1,0,2,2
62,1246.354,7783.272,71.055,238.073,-0.529026,0.847791,0.037185,-0.848592,-0.528262,-0.028814,-0.004785,-0.046798,0.998893,0,0.72914,0.83332,43.748,1.667,-1,400.000,-1,375.000,-1,325.000,325.000,300.000,300.000,-1,650.000,750.000,-1,750.000,700.000,-1,-1,2,0,2,0,2,0,0,0,0,2,0,0,2,0,0,2,2
63,1224.132,7745.185,70.775,239.737,-0.504170,0.862758,0.038231,-0.863590,-0.503408,-0.028170,-0.005058,-0.047219,0.998872,0,0.73493,0.83212,44.096,1.664,-1,400.000,-1,375.000,-1,325.000,325.000,300.000,300.000,-1,650.000,750.000,-1,750.000,700.000,-1,-1,2,0,2,0,2,0,0,0,0,2,0,0,2,0,0,2,2
64,1202.856,7706.165,70.473,241.398,-0.478942,0.876976,0.039095,-0.877830,-0.478180,-0.027546,-0.005463,-0.047512,0.998856,0,0.74073,0.83055,44.444,1.661,-1,400.000,-1,375.000,-1,325.000,325.000,300.000,300.000,-1,650.000,750.000,-1,750.000,700.000,-1,-1,2,0,2,0,2,0,0,0,0,2,0,0,2,0,0,2,2
65,1182.560,7666.237,70.130,243.055,-0.453374,0.890425,0.039939,-0.891301,-0.452612,-0.026926,-0.005899,-0.047805,0.998839,0,0.74652,0.82859,44.791,1.657,-1,400.000,1000.000,375.000,-1,325.000,325.000,300.000,300.000,-1,675.000,750.000,-1,750.000,700.000,-1,-1,2,0,1,0,2,0,0,0,0,2,0,0,2,0,0,2,2
66,1163.277,7625.427,69.736,244.708,-0.427505,0.903096,0.040719,-0.903990,-0.426742,-0.026322,-0.006394,-0.048062,0.998824,0,0.75228,0.82623,45.137,1.652,-1,400.000,975.000,375.000,-1,325.000,325.000,300.000,300.000,-1,675.000,750.000,-1,750.000,700.000,-1,925.000,2,0,1,0,2,0,0,0,0,2,0,0,2,0,1,2,1
67,1145.037,7583.767,69.289,246.355,-0.401372,0.914977,0.041438,-0.915889,-0.400607,-0.025738,-0.006949,-0.048283,0.998810,0,0.75797,0.82344,45.478,1.647,-1,400.000,950.000,375.000,-1,325.000,325.000,300.000,300.000,-1,700.000,750.000,-1,775.000,650.000,-1,825.000,2,0,1,0,2,0,0,0,0,2,0,0,2,0,1,2,1
68,1127.871,7541.291,68.790,247.995,-0.375017,0.926062,0.042100,-0.926987,-0.374247,-0.025181,-0.007563,-0.048469,0.998796,0,0.76356,0.82019,45.814,1.640,-1,400.000,925.000,375.000,1000.000,325.000,325.000,300.000,300.000,-1,700.000,750.000,-1,775.000,600.000,-1,750.000,2,0,1,0,1,0,0,0,0,2,0,0,2,0,1,2,1
69,1111.809,7498.036,68.237,249.628,-0.348478,0.936343,0.042707,-0.937281,-0.347703,-0.024653,-0.008234,-0.048619,0.998783,0,0.76902,0.81648,46.141,1.633,-1,400.000,925.000,375.000,875.000,325.000,325.000,300.000,300.000,-1,700.000,750.000,-1,775.000,575.000,-1,700.000,2,0,1,0,1,0,0,0,0,2,0,0,2,0,1,2,1
70,1096.878,7454.043,67.738,251.252,-0.321817,0.945801,0.043535,-0.946757,-0.321010,-0.024583,-0.009276,-0.049128,0.998749,0,0.77430,0.81226,46.458,1.625,-1,400.000,900.000,375.000,775.000,325.000,325.000,300.000,300.000,-1,725.000,800.000,-1,775.000,525.000,-1,625.000,2,0,1,0,1,1,0,0,0,2,0,0,2,0,1,2,1
71,1083.104,7409.357,67.233,252.868,-0.295067,0.954441,0.044472,-0.955419,-0.294217,-0.024728,-0.010517,-0.049785,0.998705,0,0.77937,0.80751,46.762,1.615,-1,400.000,900.000,375.000,650.000,325.000,300.000,300.000,300.000,-1,775.000,850.000,-1,775.000,500.000,-1,575.000,2,0,1,1,1,1,1,0,0,2,0,0,2,0,1,2,1
72,1069.518,7359.617,66.593,254.723,-0.264058,0.963436,0.045431,-0.964432,-0.263159,-0.024846,-0.011982,-0.050376,0.998658,0,0.85937,0.92751,51.562,1.855,-1,400.000,975.000,350.000,550.000,325.000,300.000,300.000,300.000,-1,850.000,925.000,-1,775.000,475.000,-1,500.000,2,0,1,1,1,1,1,0,0,2,0,0,2,0,1,2,1
73,1056.507,7304.778,65.795,256.652,-0.231518,0.971723,0.046403,-0.972737,-0.230570,-0.024915,-0.013511,-0.050907,0.998612,0,0.93937,0.96461,56.362,1.929,-1,400.000,-1,325.000,475.000,325.000,300.000,300.000,300.000,-1,900.000,1000.000,-1,750.000,425.000,-1,425.000,2,0,2,1,1,0,1,0,0,2,0,0,2,0,1,2,1
74,1044.612,7245.969,64.891,258.565,-0.198992,0.978867,0.047137,-0.979885,-0.197997,-0.024968,-0.015107,-0.051157,0.998576,0,1.00000,0.95662,60.000,1.913,-1,400.000,-1,300.000,400.000,325.000,275.000,300.000,300.000,-1,975.000,-1,-1,750.000,400.000,-1,375.000,2,0,2,1,1,0,1,0,0,2,0,2,2,0,1,2,1
75,1034.667,7186.800,63.934,260.460,-0.166556,0.984882,0.047612,-0.985892,-0.165525,-0.024867,-0.016610,-0.051082,0.998556,0,1.00000,0.94737,60.000,1.895,-1,400.000,-1,275.000,325.000,325.000,275.000,300.000,300.000,-1,-1,-1,-1,750.000,375.000,-1,300.000,2,0,2,1,1,0,1,0,0,2,2,2,2,0,1,2,1
76,1026.669,7127.336,65.340,262.334,-0.134039,0.989274,0.058057,-0.990917,-0.133160,-0.018776,-0.010843,-0.060046,0.998137,0,1.00000,0.93706,60.000,1.874,-1,400.000,-1,275.000,275.000,350.000,275.000,300.000,325.000,-1,800.000,925.000,-1,775.000,375.000,-1,275.000,2,0,2,1,1,0,1,0,0,2,0,0,2,0,1,2,1
77,1020.599,7067.645,67.526,264.185,-0.101490,0.992261,0.071538,-0.994834,-0.101051,-0.009743,-0.002439,-0.072157,0.997390,0,1.00000,0.92563,60.000,1.851,-1,425.000,-1,300.000,250.000,350.000,300.000,300.000,350.000,-1,475.000,700.000,-1,825.000,400.000,-1,275.000,2,0,2,1,1,0,1,0,0,2,0,0,2,0,1,2,1
78,1016.435,7007.790,69.425,266.011,-0.069109,0.994098,0.083625,-0.997594,-0.069320,-0.000375,0.005424,-0.083450,0.996497,0,1.00000,0.91301,60.000,1.826,-1,450.000,-1,300.000,225.000,375.000,325.000,275.000,375.000,1000.000,325.000,525.000,-1,875.000,400.000,-1,250.000,2,0,2,1,1,0,1,0,0,0,0,0,2,0,1,2,1
79,1014.151,6947.835,70.954,267.809,-0.037045,0.994881,0.094020,-0.999235,-0.038055,0.008967,0.012499,-0.093616,0.995530,0,1.00000,0.89917,60.000,1.798,-1,475.000,-1,325.000,225.000,400.000,350.000,275.000,400.000,850.000,250.000,450.000,-1,925.000,425.000,-1,250.000,2,0,2,1,1,0,1,0,0,0,0,0,2,0,1,2,1
80,1013.718,6887.838,72.036,269.578,-0.005461,0.994720,0.102483,-0.999813,-0.007334,0.017902,0.018559,-0.102366,0.994574,0,1.00000,0.88406,60.000,1.768,-1,500.000,-1,325.000,200.000,425.000,375.000,275.000,400.000,750.000,200.000,375.000,-1,975.000,500.000,-1,250.000,2,0,2,1,1,0,1,0,1,0,0,0,2,0,1,2,1
81,1015.100,6827.856,72.600,271.313,0.025482,0.993734,0.108829,-0.999401,0.022776,0.026040,0.023399,-0.109427,0.993719,0,1.00000,0.86768,60.000,1.735,-1,500.000,-1,350.000,200.000,425.000,425.000,275.000,325.000,675.000,175.000,325.000,-1,1000.000,575.000,-1,250.000,2,0,2,1,1,0,1,0,1,0,0,0,2,0,1,2,1
82,1018.260,6767.941,72.581,273.013,0.055633,0.992044,0.112931,-0.998091,0.052217,0.032988,0.026828,-0.114551,0.993055,0,1.00000,0.85003,60.000,1.700,-1,500.000,-1,400.000,175.000,450.000,450.000,250.000,275.000,650.000,150.000,300.000,-1,-1,650.000,-1,250.000,2,0,2,1,1,0,1,0,1,0,0,0,2,2,1,2,1
83,1023.154,6708.143,71.918,274.675,0.084858,0.989767,0.114714,-0.995980,0.080946,0.038356,0.028678,-0.117508,0.992658,0,1.00000,0.83119,60.000,1.662,-1,525.000,-1,425.000,175.000,450.000,475.000,250.000,225.000,600.000,125.000,300.000,-1,-1,725.000,-1,425.000,2,0,2,1,1,0,0,0,1,0,0,0,2,2,1,2,1
84,1029.737,6648.507,70.560,276.298,0.113056,0.987009,0.114152,-0.993171,0.108931,0.041770,0.028792,-0.118095,0.992585,0,1.00000,0.81129,60.000,1.623,-1,525.000,-1,475.000,175.000,450.000,475.000,250.000,200.000,600.000,125.000,275.000,-1,-1,875.000,-1,-1,2,0,2,1,1,0,0,0,1,0,0,0,2,2,1,2,2
85,1037.963,6589.076,69.173,277.879,0.139991,0.983559,0.114077,-0.989839,0.136113,0.041138,0.024935,-0.118677,0.992620,0,1.00000,0.79054,60.000,1.581,-1,500.000,-1,500.000,250.000,450.000,475.000,250.000,175.000,625.000,150.000,325.000,-1,-1,-1,-1,-1,2,0,2,1,1,0,0,0,1,0,0,0,2,2,2,2,2
86,1047.795,6529.890,68.076,279.425,0.164673,0.979350,0.117286,-0.986318,0.162567,0.027371,0.007739,-0.120189,0.992721,0,1.00000,0.77292,60.000,1.546,-1,475.000,-1,525.000,300.000,400.000,450.000,250.000,150.000,725.000,375.000,575.000,-1,900.000,-1,-1,-1,2,0,2,1,1,0,0,0,1,0,0,0,2,0,2,2,2
87,1059.145,6471.339,66.623,280.966,0.189059,0.974686,0.119346,-0.981917,0.188853,0.013142,-0.009729,-0.119672,0.992766,0,0.99406,0.77037,59.643,1.541,-1,425.000,-1,525.000,325.000,375.000,400.000,250.000,125.000,875.000,850.000,-1,-1,800.000,-1,-1,-1,2,0,2,1,1,0,0,0,1,0,0,2,2,0,2,2,2
88,1071.815,6414.209,64.759,282.503,0.213313,0.969536,0.120404,-0.976614,0.214998,-0.001032,-0.026887,-0.117368,0.992724,0,0.97533,0.76880,58.520,1.538,950.000,400.000,-1,500.000,375.000,350.000,375.000,250.000,125.000,-1,-1,-1,-1,725.000,-1,-1,-1,0,0,2,0,1,0,0,0,1,2,2,2,2,0,2,2,2
89,1085.730,6358.560,62.378,284.040,0.237514,0.963876,0.120543,-0.970398,0.241030,-0.015262,-0.043765,-0.113350,0.992591,0,0.95606,0.76823,57.364,1.536,725.000,375.000,-1,475.000,400.000,325.000,350.000,250.000,125.000,-1,-1,-1,-1,650.000,950.000,-1,-1,0,0,2,0,1,0,0,0,1,2,2,2,2,0,0,2,2
90,1100.822,6304.405,59.446,285.577,0.261767,0.957694,0.119579,-0.963249,0.266977,-0.029560,-0.060235,-0.107447,0.992385,0,0.93698,0.76861,56.219,1.537,575.000,350.000,-1,425.000,425.000,300.000,325.000,250.000,125.000,-1,-1,-1,-1,575.000,825.000,725.000,-1,0,0,2,0,1,0,0,0,1,2,2,2,2,0,0,0,2
91,1115.741,6255.198,56.279,286.874,0.282267,0.952102,0.117587,-0.956447,0.288801,-0.042473,-0.074398,-0.100477,0.992154,0,0.85698,0.64861,51.419,1.297,475.000,325.000,-1,400.000,-1,275.000,300.000,250.000,125.000,-1,-1,-1,-1,525.000,725.000,550.000,-1,0,0,2,0,2,0,0,0,1,2,2,2,2,0,0,0,2
92,1130.094,6210.844,54.822,287.931,0.299187,0.946709,0.119289,-0.950775,0.306350,-0.046651,-0.080709,-0.099460,0.991763,0,0.77698,0.52861,46.619,1.057,425.000,325.000,-1,375.000,-1,275.000,300.000,250.000,150.000,-1,-1,-1,-1,525.000,700.000,500.000,-1,0,0,2,0,2,0,0,0,1,2,2,2,2,0,0,0,2
93,1144.641,6167.996,54.107,288.749,0.312412,0.942080,0.122000,-0.946391,0.319767,-0.045756,-0.082117,-0.101165,0.991475,0,0.75418,0.40861,45.251,0.817,425.000,325.000,-1,375.000,-1,275.000,300.000,250.000,150.000,-1,-1,-1,375.000,500.000,700.000,475.000,-1,0,0,2,0,2,0,0,0,1,2,2,2,1,0,0,0,2
94,1159.409,6125.887,52.968,289.326,0.321909,0.938789,0.122675,-0.943200,0.329234,-0.044480,-0.082146,-0.101389,0.991450,0,0.74374,0.28861,44.624,0.577,400.000,325.000,-1,375.000,-1,275.000,300.000,250.000,175.000,-1,-1,-1,275.000,500.000,700.000,475.000,-1,0,0,2,0,2,0,0,0,1,2,2,2,1,0,0,0,2
95,1174.249,6084.349,51.419,289.663,0.327712,0.936952,0.121353,-0.941314,0.334795,-0.042906,-0.080829,-0.100170,0.991682,0,0.73517,0.16861,44.110,0.337,425.000,325.000,-1,375.000,-1,275.000,300.000,250.000,175.000,-1,-1,-1,225.000,525.000,700.000,475.000,-1,0,0,2,0,2,0,0,0,1,2,2,2,1,0,0,0,2
96,1189.020,6043.220,49.477,289.760,0.329823,0.936626,0.118104,-0.940798,0.336471,-0.041072,-0.078208,-0.097566,0.992151,0,0.72836,0.04861,43.702,0.097,425.000,325.000,-1,375.000,-1,275.000,300.000,250.000,175.000,-1,-1,-1,225.000,525.000,700.000,500.000,-1,0,0,2,0,2,0,0,0,1,2,2,2,1,0,0,0,2
97,1203.608,6002.358,46.970,289.657,0.328985,0.937647,0.112188,-0.941447,0.334941,-0.038632,-0.073799,-0.092909,0.992936,0,0.72315,-0.05138,43.389,-0.103,475.000,325.000,-1,375.000,-1,275.000,300.000,250.000,200.000,-1,-1,-1,200.000,525.000,700.000,550.000,-1,0,0,2,0,2,0,0,0,1,2,2,2,1,0,0,0,2
98,1218.048,5961.690,43.752,289.562,0.328618,0.938821,0.103084,-0.942060,0.333604,-0.035083,-0.067326,-0.085582,0.994054,0,0.71927,-0.04755,43.156,-0.095,550.000,325.000,-1,400.000,-1,275.000,300.000,275.000,200.000,-1,-1,-1,200.000,550.000,725.000,650.000,-1,0,0,2,0,2,0,0,0,1,2,2,2,1,0,0,0,2
99,1232.363,5921.179,40.486,289.475,0.328263,0.939910,0.093871,-0.942607,0.332384,-0.031837,-0.061125,-0.078033,0.995075,0,0.71612,-0.04351,42.967,-0.087,650.000,350.000,-1,400.000,-1,300.000,300.000,275.000,200.000,-1,-1,-1,200.000,575.000,750.000,800.000,-1,0,0,2,0,2,0,0,0,1,2,2,2,1,0,0,0,2
100,1246.575,5880.787,37.250,289.397,0.327937,0.940891,0.084738,-0.943100,0.331280,-0.028562,-0.054946,-0.070549,0.995994,0,0.71366,-0.03930,42.819,-0.079,800.000,350.000,-1,400.000,-1,300.000,300.000,275.000,200.000,-1,-1,-1,200.000,600.000,750.000,975.000,-1,0,0,2,0,2,0,0,0,1,2,2,2,1,0,0,0,2
101,1262.322,5835.848,33.685,289.322,0.327660,0.941845,0.074608,-0.943569,0.330235,-0.024931,-0.048119,-0.062229,0.996901,0,0.79366,-0.03737,47.619,-0.075,1000.000,350.000,-1,400.000,-1,300.000,325.000,275.000,200.000,-1,-1,-1,200.000,625.000,775.000,-1,-1,0,0,2,0,2,0,0,0,1,2,2,2,1,0,0,2,2
102,1278.228,5790.270,30.201,289.248,0.327273,0.942756,0.064060,-0.944016,0.329186,-0.021711,-0.041556,-0.053368,0.997710,0,0.80458,-0.03706,48.275,-0.074,-1,375.000,-1,400.000,-1,300.000,325.000,275.000,200.000,-1,-1,-1,200.000,650.000,800.000,-1,-1,2,0,2,0,2,0,0,0,1,2,2,2,1,0,0,2,2
103,1293.925,5745.107,26.768,289.175,0.326777,0.943579,0.053634,-0.944452,0.328130,-0.018485,-0.035041,-0.044615,0.998390,0,0.79689,-0.03637,47.813,-0.073,-1,375.000,-1,400.000,-1,300.000,325.000,275.000,200.000,-1,-1,-1,200.000,675.000,825.000,-1,-1,2,0,2,0,2,0,0,0,1,2,2,2,1,0,0,2,2
104,1309.424,5700.345,23.378,289.105,0.326185,0.944311,0.043355,-0.944873,0.327080,-0.015263,-0.028594,-0.035986,0.998943,0,0.78950,-0.03531,47.370,-0.071,-1,375.000,-1,400.000,-1,325.000,325.000,300.000,225.000,-1,-1,700.000,200.000,725.000,850.000,-1,-1,2,0,2,0,2,0,0,0,1,2,2,1,1,0,0,2,2
105,1324.734,5655.963,20.715,289.037,0.325390,0.944885,0.036250,-0.945270,0.326026,-0.013126,-0.024221,-0.029995,0.999257,0,0.78249,-0.03392,46.949,-0.068,-1,400.000,-1,400.000,-1,325.000,325.000,300.000,225.000,-1,-1,650.000,200.000,750.000,875.000,-1,-1,2,0,2,0,2,0,0,0,1,2,2,1,1,0,0,2,2
106,1339.869,5611.938,19.583,288.972,0.324335,0.945262,0.035877,-0.945631,0.324968,-0.013357,-0.024285,-0.029594,0.999267,0,0.77590,-0.03220,46.554,-0.064,-1,400.000,-1,400.000,-1,325.000,325.000,300.000,225.000,-1,-1,700.000,225.000,750.000,875.000,-1,-1,2,0,2,0,2,0,0,0,1,2,2,1,1,0,0,2,2
107,1354.839,5568.243,18.466,288.912,0.323344,0.945614,0.035536,-0.945968,0.323976,-0.013586,-0.024360,-0.029223,0.999276,0,0.76979,-0.03017,46.187,-0.060,-1,400.000,-1,400.000,-1,325.000,325.000,300.000,250.000,-1,-1,750.000,250.000,775.000,900.000,-1,-1,2,0,2,0,2,0,0,0,1,2,2,1,1,0,0,2,2
108,1369.658,5524.853,17.365,288.856,0.322429,0.945938,0.035227,-0.946278,0.323060,-0.013812,-0.024446,-0.028881,0.999284,0,0.76419,-0.02785,45.851,-0.056,-1,400.000,-1,400.000,-1,325.000,325.000,300.000,250.000,-1,-1,800.000,275.000,775.000,900.000,-1,-1,2,0,2,0,2,0,0,0,1,2,2,1,1,0,0,2,2
109,1384.340,5481.737,16.277,288.806,0.321599,0.946231,0.034948,-0.946558,0.322228,-0.014035,-0.024542,-0.028567,0.999291,0,0.75911,-0.02526,45.547,-0.051,1000.000,400.000,-1,400.000,-1,325.000,325.000,300.000,275.000,-1,-1,875.000,275.000,775.000,900.000,-1,-1,1,0,2,0,2,0,0,0,1,2,2,1,1,0,0,2,2
110,1397.603,5443.210,15.310,288.995,0.324728,0.945170,0.034723,-0.945484,0.325359,-0.014230,-0.024747,-0.028209,0.999296,0,0.67911,0.09474,40.747,0.189,975.000,400.000,-1,425.000,-1,325.000,325.000,300.000,275.000,-1,-1,900.000,300.000,775.000,900.000,-1,-1,1,0,2,0,2,0,0,0,1,2,2,1,1,0,0,2,2
111,1410.741,5405.505,14.364,289.211,0.328292,0.943945,0.034528,-0.944246,0.328924,-0.014415,-0.024964,-0.027870,0.999300,0,0.66547,0.10802,39.928,0.216,950.000,400.000,-1,425.000,-1,325.000,325.000,300.000,275.000,-1,-1,925.000,300.000,775.000,925.000,-1,-1,1,0,2,0,2,0,0,0,1,2,2,1,1,0,0,2,2
112,1423.953,5368.057,13.422,289.433,0.331947,0.942672,0.034359,-0.942962,0.332581,-0.014595,-0.025185,-0.027554,0.999303,0,0.66182,0.11097,39.709,0.222,925.000,400.000,-1,425.000,-1,325.000,325.000,300.000,300.000,-1,-1,950.000,325.000,775.000,925.000,-1,-1,1,0,2,0,2,0,0,0,1,2,2,1,1,0,0,2,2
113,1437.249,5330.843,12.432,289.661,0.335709,0.941353,0.033974,-0.941627,0.336337,-0.014685,-0.025251,-0.027061,0.999315,0,0.65864,0.11411,39.519,0.228,900.000,400.000,-1,425.000,-1,325.000,325.000,300.000,300.000,-1,-1,975.000,325.000,775.000,925.000,-1,-1,1,0,2,0,2,0,0,0,1,2,2,1,1,0,0,2,2
114,1450.642,5293.836,11.282,289.896,0.339578,0.939993,0.033160,-0.940228,0.340202,-0.015292,-0.025656,-0.025985,0.999333,0,0.65593,0.11742,39.356,0.235,875.000,400.000,-1,425.000,-1,325.000,325.000,300.000,300.000,-1,-1,1000.000,350.000,775.000,925.000,-1,-1,1,0,2,0,2,0,0,0,1,2,2,1,1,0,0,2,2
115,1464.144,5257.014,9.930,290.138,0.343554,0.938592,0.031870,-0.938753,0.344182,-0.016751,-0.026692,-0.024163,0.999352,0,0.65366,0.12090,39.220,0.242,825.000,400.000,-1,425.000,-1,325.000,325.000,300.000,300.000,-1,-1,-1,375.000,775.000,925.000,1000.000,-1,1,0,2,0,2,0,0,0,1,2,2,2,1,0,0,1,2
116,1477.768,5220.353,8.591,290.387,0.347645,0.937125,0.030648,-0.937217,0.348273,-0.018183,-0.027714,-0.022402,0.999365,0,0.65183,0.12454,39.110,0.249,800.000,400.000,-1,425.000,-1,325.000,325.000,300.000,300.000,-1,-1,-1,400.000,750.000,900.000,975.000,-1,1,0,2,0,2,0,0,0,0,2,2,2,1,0,0,1,2
117,1491.526,5183.834,7.264,290.644,0.351854,0.935590,0.029492,-0.935614,0.352480,-0.019588,-0.028722,-0.020701,0.999373,0,0.65041,0.12832,39.025,0.257,775.000,400.000,-1,425.000,-1,325.000,325.000,300.000,300.000,-1,-1,-1,400.000,750.000,900.000,925.000,-1,1,0,2,0,2,0,0,0,0,2,2,2,1,0,0,1,2
118,1505.430,5147.436,5.927,290.908,0.356185,0.933982,0.028460,-0.933945,0.356807,-0.020871,-0.029648,-0.019146,0.999377,0,0.64940,0.13225,38.964,0.265,750.000,400.000,975.000,425.000,-1,325.000,325.000,300.000,300.000,-1,-1,-1,425.000,750.000,900.000,900.000,-1,1,0,1,0,2,0,0,0,0,2,2,2,1,0,0,1,2
119,1519.495,5111.139,4.567,291.181,0.360630,0.932297,0.027715,-0.932200,0.361256,-0.022298,-0.030801,-0.017794,0.999367,0,0.64876,0.13631,38.926,0.273,725.000,400.000,925.000,425.000,-1,325.000,325.000,300.000,300.000,-1,-1,-1,450.000,750.000,875.000,875.000,-1,1,0,1,0,2,0,0,0,0,2,2,2,1,0,0,1,2
120,1533.731,5074.927,3.143,291.462,0.365189,0.930530,0.027405,-0.930377,0.365830,-0.023792,-0.032165,-0.016808,0.999341,0,0.64849,0.14051,38.910,0.281,700.000,400.000,875.000,425.000,-1,325.000,325.000,300.000,300.000,-1,-1,-1,475.000,725.000,875.000,825.000,-1,1,0,1,0,2,0,0,0,0,2,2,2,1,0,0,1,2
121,1548.151,5038.784,1.739,291.752,0.369882,0.928683,0.027108,-0.928476,0.370536,-0.025217,-0.033463,-0.015841,0.999314,0,0.64857,0.14483,38.914,0.290,675.000,400.000,850.000,400.000,-1,325.000,325.000,300.000,300.000,-1,-1,-1,500.000,700.000,850.000,800.000,-1,1,0,1,0,2,0,0,0,0,2,2,2,1,1,0,1,2
122,1562.770,5002.693,0.355,292.050,0.374712,0.926753,0.026822,-0.926492,0.375375,-0.026574,-0.034695,-0.014893,0.999287,0,0.64898,0.14927,38.939,0.299,625.000,375.000,800.000,400.000,-1,325.000,325.000,300.000,300.000,-1,-1,-1,525.000,675.000,850.000,775.000,-1,1,0,1,0,2,0,0,0,0,2,2,2,1,1,1,1,2
123,1577.598,4966.641,-1.009,292.358,0.379680,0.924737,0.026547,-0.924423,0.380351,-0.027860,-0.035861,-0.013963,0.999259,0,0.64970,0.15382,38.982,0.308,600.000,375.000,750.000,400.000,-1,325.000,325.000,300.000,300.000,-1,-1,-1,575.000,625.000,775.000,725.000,-1,1,0,1,1,2,0,0,0,0,2,2,2,1,1,1,1,2
124,1592.649,4930.616,-2.354,292.675,0.384790,0.922630,0.026283,-0.922264,0.385466,-0.029076,-0.036958,-0.013052,0.999232,0,0.65072,0.15849,39.043,0.317,575.000,375.000,700.000,400.000,-1,325.000,325.000,300.000,300.000,-1,-1,-1,600.000,600.000,725.000,700.000,-1,1,0,1,1,2,0,0,0,0,2,2,2,1,1,1,1,2
125,1607.935,4894.604,-3.680,293.001,0.390043,0.920429,0.026029,-0.920013,0.390722,-0.030220,-0.037986,-0.012160,0.999204,0,0.65202,0.16326,39.121,0.327,550.000,375.000,675.000,400.000,-1,325.000,325.000,300.000,325.000,-1,-1,-1,625.000,575.000,650.000,650.000,-1,1,0,1,1,2,0,0,0,0,2,2,2,1,1,1,1,2
126,1623.470,4858.597,-4.986,293.337,0.395442,0.918129,0.025785,-0.917665,0.396121,-0.031290,-0.038943,-0.011289,0.999178,0,0.65360,0.16814,39.216,0.336,525.000,375.000,625.000,375.000,-1,325.000,325.000,300.000,325.000,-1,-1,-1,675.000,525.000,600.000,625.000,-1,1,0,1,1,2,0,1,0,0,2,2,2,1,1,1,1,2
127,1641.313,4818.359,-6.418,293.914,0.404663,0.914108,0.025562,-0.913592,0.405340,-0.032379,-0.039959,-0.010250,0.999149,0,0.73360,0.28814,44.016,0.576,500.000,375.000,575.000,375.000,-1,300.000,300.000,300.000,325.000,-1,-1,-1,725.000,500.000,550.000,575.000,-1,1,0,1,1,2,0,1,0,0,2,2,2,1,1,1,1,2
128,1661.563,4773.942,-7.974,294.510,0.414156,0.909854,0.025323,-0.909284,0.414828,-0.033465,-0.040953,-0.009166,0.999119,0,0.81360,0.29791,48.816,0.596,450.000,375.000,525.000,350.000,-1,300.000,300.000,300.000,325.000,-1,-1,-1,775.000,450.000,500.000,525.000,-1,1,1,1,1,2,1,1,0,0,2,2,2,1,1,1,1,2
129,1683.060,4728.061,-9.603,295.105,0.423605,0.905506,0.024840,-0.904887,0.424259,-0.034396,-0.041684,-0.007908,0.999100,0,0.84445,0.29750,50.667,0.595,425.000,350.000,475.000,325.000,-1,275.000,275.000,300.000,325.000,-1,-1,-1,850.000,400.000,450.000,500.000,825.000,1,1,1,1,2,1,1,0,0,2,2,2,1,1,1,1,1
130,1705.204,4682.044,-11.619,295.699,0.433080,0.901076,0.022462,-0.900420,0.433631,-0.034759,-0.041060,-0.005172,0.999143,0,0.85114,0.29699,51.068,0.594,400.000,300.000,425.000,300.000,-1,250.000,250.000,300.000,325.000,-1,-1,-1,900.000,375.000,400.000,450.000,675.000,1,1,1,1,2,1,1,0,0,2,2,2,1,1,1,1,1
131,1728.003,4635.896,-13.531,296.291,0.442479,0.896550,0.020250,-0.895880,0.442934,-0.034771,-0.040143,-0.002757,0.999190,0,0.85788,0.29636,51.473,0.593,375.000,275.000,375.000,250.000,-1,225.000,225.000,325.000,325.000,-1,-1,-1,975.000,325.000,350.000,400.000,550.000,1,1,1,1,2,1,1,0,0,2,2,2,1,1,1,1,1
132,1751.461,4589.622,-14.652,296.882,0.451748,0.891931,0.019555,-0.891382,0.452160,-0.031449,-0.036892,-0.003223,0.999314,0,0.86468,0.29558,51.881,0.591,325.000,250.000,325.000,225.000,-1,200.000,200.000,325.000,325.000,-1,-1,-1,-1,275.000,300.000,350.000,475.000,1,1,1,1,2,1,1,0,0,2,2,2,2,1,1,1,1
133,1775.585,4543.227,-14.812,297.472,0.460896,0.887215,0.020601,-0.886919,0.461300,-0.024007,-0.030803,-0.007206,0.999500,0,0.87153,0.29466,52.292,0.589,300.000,200.000,275.000,200.000,-1,175.000,175.000,300.000,350.000,-1,-1,-1,-1,250.000,275.000,300.000,400.000,1,1,1,1,2,1,1,0,0,2,2,2,2,1,1,1,1
134,1800.377,4496.717,-14.025,298.059,0.469983,0.882364,0.023440,-0.882411,0.470326,-0.011979,-0.021594,-0.015054,0.999653,0,0.87843,0.29357,52.706,0.587,275.000,175.000,250.000,175.000,-1,150.000,150.000,300.000,375.000,-1,825.000,725.000,-1,200.000,225.000,250.000,350.000,1,1,1,1,2,1,1,1,0,2,0,0,2,1,1,1,1
135,1825.845,4450.097,-12.317,298.644,0.479126,0.877296,0.028123,-0.877700,0.479182,0.005143,-0.008964,-0.027148,0.999591,0,0.88538,0.29230,53.123,0.585,225.000,150.000,200.000,150.000,-1,125.000,125.000,275.000,425.000,-1,200.000,275.000,-1,175.000,200.000,225.000,300.000,1,1,1,1,2,1,1,1,0,2,0,0,2,1,1,1,1
