timestep,x_cm,y_cm,z_cm,yaw_deg,basis_xx,basis_xy,basis_xz,basis_yx,basis_yy,basis_yz,basis_zx,basis_zy,basis_zz,teleport_flag,throttle_cmd,steering_cmd,cmd_move_cm,cmd_turn_deg,lidar_cm_0,lidar_cm_1,lidar_cm_2,lidar_cm_3,lidar_cm_4,lidar_cm_5,lidar_cm_6,lidar_cm_7,lidar_cm_8,lidar_cm_9,lidar_cm_10,lidar_cm_11,lidar_cm_12,lidar_cm_13,lidar_cm_14,lidar_cm_15,lidar_cm_16,lidar_class_0,lidar_class_1,lidar_class_2,lidar_class_3,lidar_class_4,lidar_class_5,lidar_class_6,lidar_class_7,lidar_class_8,lidar_class_9,lidar_class_10,lidar_class_11,lidar_class_12,lidar_class_13,lidar_class_14,lidar_class_15,lidar_class_16
0,-3607.334,6236.148,-26.863,86.401,0.063443,-0.997489,0.031486,0.997763,0.062731,-0.023107,0.021074,0.032882,0.999237,1,0.08000,0.12000,4.800,0.240,-1,400.000,-1,-1,-1,325.000,325.000,300.000,300.000,-1,-1,-1,-1,775.000,-1,-1,-1,2,0,2,2,2,0,0,0,0,2,2,2,2,0,2,2,2
1,-3606.812,6245.733,-26.654,86.881,0.055083,-0.997982,0.031573,0.998258,0.054373,-0.022917,0.021155,0.032780,0.999239,0,0.16000,0.24000,9.600,0.480,-1,400.000,-1,-1,-1,325.000,325.000,300.000,300.000,-1,-1,-1,-1,775.000,-1,-1,-1,2,0,2,2,2,0,0,0,0,2,2,2,2,0,2,2,2
2,-3606.209,6260.121,-26.335,87.601,0.042535,-0.998592,0.031701,0.998868,0.041828,-0.022634,0.021276,0.032628,0.999241,0,0.24000,0.36000,14.400,0.720,-1,400.000,-1,-1,-1,325.000,325.000,300.000,300.000,-1,-1,-1,-1,775.000,-1,-1,-1,2,0,2,2,2,0,0,0,0,2,2,2,2,0,2,2,2
3,-3605.727,6279.314,-25.900,88.561,0.025794,-0.999159,0.031867,0.999437,0.025092,-0.022257,0.021439,0.032423,0.999244,0,0.32000,0.48000,19.200,0.960,-1,400.000,-1,-1,-1,325.000,325.000,300.000,300.000,-1,-1,-1,-1,775.000,-1,-1,-1,2,0,2,2,2,0,1,0,0,2,2,2,2,0,2,2,2
4,-3605.627,6303.314,-25.340,89.761,0.004859,-0.999474,0.032068,0.999754,0.004161,-0.021790,0.021645,0.032166,0.999248,0,0.40000,0.60000,24.000,1.200,-1,400.000,-1,-1,-1,325.000,325.000,300.000,300.000,-1,-1,-1,-1,775.000,-1,-1,-1,2,0,2,2,2,0,1,0,0,2,2,2,2,0,2,2,2
5,-3606.193,6332.108,-24.647,91.127,-0.018963,-0.999298,0.032300,0.999581,-0.019654,-0.021231,0.021851,0.031884,0.999253,0,0.48000,0.68265,28.800,1.365,-1,400.000,-1,-1,-1,325.000,350.000,300.000,300.000,-1,-1,-1,-1,775.000,-1,-1,-1,2,0,2,2,2,0,1,0,0,2,2,2,2,0,2,2,2
6,-3607.656,6365.676,-23.816,92.495,-0.042832,-0.998552,0.032562,0.998841,-0.043516,-0.020582,0.021970,0.031642,0.999258,0,0.56000,0.68427,33.600,1.369,-1,400.000,-1,-1,-1,325.000,350.000,300.000,300.000,-1,-1,-1,-1,775.000,-1,-1,-1,2,0,2,2,2,0,1,0,0,2,2,2,2,0,2,2,2
7,-3610.247,6403.989,-22.838,93.868,-0.066751,-0.997229,0.032852,0.997527,-0.067425,-0.019844,0.022004,0.031446,0.999263,0,0.64000,0.68635,38.400,1.373,-1,400.000,-1,-1,-1,325.000,350.000,300.000,300.000,-1,-1,-1,-1,775.000,-1,-1,-1,2,0,2,2,2,0,1,0,0,2,2,2,2,0,2,2,2
8,-3614.196,6447.007,-21.705,95.246,-0.090719,-0.995324,0.033169,0.995634,-0.091381,-0.019016,0.021958,0.031299,0.999269,0,0.72000,0.68881,43.200,1.378,-1,400.000,-1,-1,-1,325.000,325.000,300.000,300.000,-1,-1,-1,-1,750.000,-1,-1,-1,2,0,2,2,2,0,1,0,0,2,2,2,2,0,2,2,2
9,-3619.737,6494.686,-20.411,96.629,-0.114730,-0.992831,0.033513,0.993157,-0.115378,-0.018099,0.021836,0.031207,0.999274,0,0.80000,0.69154,48.000,1.383,-1,400.000,-1,-1,-1,325.000,325.000,300.000,300.000,-1,-1,-1,-1,750.000,-1,-1,-1,2,0,2,2,2,0,0,0,0,2,2,2,2,0,2,2,2
10,-3626.080,6541.157,-19.806,97.772,-0.134530,-0.990249,0.036180,0.990707,-0.135150,-0.015279,0.020020,0.033788,0.999228,0,0.78170,0.57154,46.902,1.143,-1,400.000,-1,-1,-1,325.000,325.000,300.000,300.000,-1,-1,-1,-1,750.000,-1,-1,-1,2,0,2,2,2,0,0,0,0,2,2,2,2,0,2,2,2
11,-3633.221,6587.920,-21.736,98.675,-0.150322,-0.987510,0.047184,0.988577,-0.150667,-0.003816,0.010877,0.046071,0.998879,0,0.78842,0.45154,47.305,0.903,-1,375.000,-1,625.000,-1,300.000,300.000,300.000,275.000,-1,-1,-1,-1,700.000,-1,-1,-1,2,0,2,1,2,0,0,0,0,2,2,2,2,0,2,2,2
12,-3640.967,6634.992,-23.329,99.338,-0.162067,-0.985197,0.055863,0.986774,-0.162002,0.005716,0.003419,0.056051,0.998422,0,0.79509,0.33154,47.706,0.663,-1,350.000,-1,475.000,-1,275.000,275.000,325.000,250.000,-1,-1,-1,-1,650.000,-1,-1,-1,2,0,2,1,2,0,0,0,0,2,2,2,2,0,2,2,2
13,-3649.127,6682.397,-24.516,99.761,-0.169730,-0.983466,0.063134,0.985486,-0.169185,0.013928,-0.003016,0.064582,0.997908,0,0.80170,0.21154,48.102,0.423,-1,350.000,-1,400.000,-1,275.000,275.000,325.000,225.000,-1,-1,-1,-1,625.000,-1,-1,-1,2,0,2,1,2,0,0,0,0,2,2,2,2,0,2,2,2
14,-3657.507,6730.160,-25.371,99.944,-0.173295,-0.982417,0.069461,0.984832,-0.172238,0.020970,-0.008637,0.072042,0.997364,0,0.80821,0.09154,48.493,0.183,-1,325.000,-1,350.000,-1,275.000,250.000,325.000,225.000,-1,-1,-1,-1,600.000,-1,-1,-1,2,0,2,1,2,0,0,0,0,2,2,2,2,1,2,2,2
15,-3665.905,6778.312,-25.995,99.887,-0.172761,-0.982086,0.075238,0.984868,-0.171175,0.027097,-0.013733,0.078781,0.996797,0,0.81464,-0.02846,48.878,-0.057,-1,325.000,-1,300.000,-1,250.000,250.000,325.000,200.000,-1,-1,-1,-1,650.000,-1,-1,-1,2,0,2,1,2,0,0,0,1,2,2,2,2,1,2,2,2
16,-3674.117,6826.882,-26.502,99.590,-0.168142,-0.982440,0.080874,0.985587,-0.165995,0.032623,-0.018626,0.085193,0.996190,0,0.82098,-0.14846,49.259,-0.297,-1,300.000,-1,275.000,-1,250.000,225.000,350.000,300.000,-1,-1,-1,-1,675.000,-1,-1,-1,2,0,2,1,2,0,0,0,1,2,2,2,2,1,2,2,2
17,-3681.933,6875.898,-27.017,99.053,-0.159462,-0.983380,0.086804,0.986920,-0.156690,0.037902,-0.023671,0.091712,0.995504,0,0.82725,-0.26846,49.635,-0.537,-1,300.000,-1,250.000,-1,250.000,225.000,350.000,425.000,-1,-1,-1,-1,675.000,-1,-1,-1,2,0,2,0,2,0,0,0,1,2,2,2,2,1,2,2,2
18,-3689.138,6925.386,-27.677,98.276,-0.146761,-0.984742,0.093507,0.988739,-0.143244,0.043309,-0.029254,0.098810,0.994676,0,0.83347,-0.38846,50.008,-0.777,-1,300.000,-1,250.000,-1,225.000,225.000,350.000,600.000,-1,-1,-1,-1,700.000,-1,975.000,-1,2,0,2,0,2,0,0,0,1,2,2,2,2,1,2,0,2
19,-3695.512,6975.361,-28.630,97.259,-0.130101,-0.986290,0.101519,0.990855,-0.125638,0.049213,-0.035784,0.106993,0.993616,0,0.83964,-0.50846,50.378,-1.017,-1,275.000,-1,225.000,-1,225.000,200.000,350.000,675.000,-1,-1,-1,-1,725.000,-1,875.000,-1,2,0,2,0,2,0,0,0,1,2,2,2,2,1,2,0,2
20,-3700.754,7023.516,-29.797,96.201,-0.112865,-0.987473,0.110264,0.992690,-0.107288,0.055287,-0.042765,0.115698,0.992363,0,0.80729,-0.52934,48.437,-1.059,-1,300.000,-1,-1,-1,200.000,200.000,375.000,725.000,-1,-1,-1,-1,750.000,-1,775.000,-1,2,1,2,2,2,0,0,0,1,2,2,2,2,1,2,0,2
21,-3705.098,7071.754,-31.205,95.133,-0.095688,-0.988156,0.119964,0.994137,-0.088772,0.061741,-0.050361,0.125169,0.990857,0,0.80720,-0.53368,48.432,-1.067,-1,400.000,-1,-1,-1,275.000,675.000,375.000,775.000,-1,-1,-1,-1,775.000,-1,775.000,-1,2,1,2,2,2,1,1,0,1,2,2,2,2,1,2,1,2
22,-1639.823,-4919.497,-224.816,-127.821,-0.613132,0.789314,-0.032447,-0.789978,-0.612716,0.022678,-0.001980,0.039537,0.999216,1,0.00000,0.00000,48.255,-1.084,-1,375.000,-1,375.000,-1,300.000,300.000,325.000,300.000,-1,275.000,275.000,-1,700.000,700.000,-1,-1,2,0,2,0,2,0,0,0,0,2,0,0,2,0,0,2,2
23,-1642.782,-4923.277,-224.845,-128.061,-0.616444,0.786742,-0.032162,-0.787397,-0.616018,0.022979,-0.001734,0.039490,0.999218,0,0.08000,-0.12000,4.800,-0.240,-1,375.000,-1,375.000,-1,300.000,300.000,325.000,300.000,-1,250.000,275.000,-1,700.000,700.000,-1,-1,2,0,2,0,2,0,0,0,0,2,0,0,2,0,0,2,2
24,-1648.764,-4930.786,-224.895,-128.541,-0.623034,0.781557,-0.031582,-0.782194,-0.622590,0.023538,-0.001267,0.039369,0.999224,0,0.16000,-0.24000,9.600,-0.480,-1,375.000,-1,375.000,-1,300.000,300.000,325.000,300.000,-1,250.000,275.000,-1,700.000,700.000,-1,-1,2,0,2,0,2,0,0,0,0,2,0,0,2,0,0,2,2
25,-1657.877,-4941.935,-224.980,-129.261,-0.632832,0.773682,-0.030666,-0.774289,-0.632370,0.024170,-0.000693,0.039040,0.999237,0,0.24000,-0.36000,14.400,-0.720,-1,375.000,-1,375.000,-1,300.000,300.000,325.000,300.000,-1,250.000,275.000,-1,700.000,700.000,-1,-1,2,0,2,0,2,0,0,0,0,2,0,0,2,0,0,2,2
26,-1670.275,-4956.595,-225.102,-130.221,-0.645738,0.762991,-0.029439,-0.763559,-0.645255,0.024963,0.000051,0.038598,0.999255,0,0.32000,-0.48000,19.200,-0.960,-1,375.000,-1,375.000,-1,300.000,300.000,325.000,300.000,-1,250.000,250.000,-1,700.000,725.000,-1,-1,2,0,2,0,2,0,0,0,0,2,0,0,2,0,0,2,2
27,-1686.154,-4974.592,-225.268,-131.421,-0.661612,0.749327,-0.027900,-0.749845,-0.661107,0.025876,0.000945,0.038040,0.999276,0,0.40000,-0.60000,24.000,-1.200,-1,375.000,-1,375.000,-1,300.000,300.000,325.000,300.000,-1,250.000,250.000,-1,700.000,725.000,-1,-1,2,0,2,0,2,0,0,0,0,2,0,0,2,0,0,2,2
28,-1705.744,-4995.703,-225.357,-132.861,-0.680263,0.732481,-0.026719,-0.732966,-0.679733,0.026906,0.001546,0.037887,0.999281,0,0.48000,-0.72000,28.800,-1.440,-1,375.000,-1,375.000,-1,300.000,325.000,325.000,300.000,-1,275.000,250.000,-1,700.000,725.000,-1,-1,2,0,2,0,2,0,0,0,0,2,0,0,2,0,0,2,2
29,-1729.312,-5019.652,-225.439,-134.541,-0.701472,0.712238,-0.025585,-0.712694,-0.700915,0.028018,0.002023,0.037888,0.999280,0,0.56000,-0.84000,33.600,-1.680,-1,375.000,-1,375.000,-1,325.000,325.000,325.000,300.000,-1,275.000,275.000,-1,725.000,750.000,-1,-1,2,0,2,0,2,0,0,0,0,2,0,0,2,0,0,2,2
30,-1757.149,-5046.104,-225.550,-136.461,-0.724966,0.688353,-0.024380,-0.688781,-0.724383,0.029167,0.002417,0.037937,0.999277,0,0.64000,-0.96000,38.400,-1.920,-1,375.000,-1,375.000,-1,325.000,325.000,325.000,300.000,-1,300.000,275.000,-1,725.000,750.000,-1,-1,2,0,2,0,2,0,0,0,0,2,0,0,2,0,0,2,2
31,-1789.484,-5074.751,-225.682,-138.461,-0.748571,0.662650,-0.023166,-0.663049,-0.747961,0.030318,0.002763,0.038055,0.999272,0,0.72000,-1.00000,43.200,-2.000,-1,375.000,-1,400.000,-1,325.000,325.000,325.000,300.000,-1,325.000,300.000,-1,725.000,750.000,-1,-1,2,0,2,0,2,0,0,0,0,2,0,0,2,0,0,2,2
32,-1826.501,-5105.309,-225.829,-140.461,-0.771261,0.636138,-0.022016,-0.636512,-0.770626,0.031453,0.003042,0.038272,0.999263,0,0.80000,-1.00000,48.000,-2.000,-1,375.000,-1,400.000,-1,325.000,325.000,300.000,300.000,-1,350.000,325.000,-1,750.000,775.000,-1,-1,2,0,2,0,2,0,0,0,0,2,0,0,2,0,0,2,2
33,-1868.369,-5137.480,-225.983,-142.461,-0.793009,0.608848,-0.021011,-0.609202,-0.792346,0.032570,0.003182,0.038629,0.999249,0,0.88000,-1.00000,52.800,-2.000,-1,400.000,-1,400.000,-1,325.000,325.000,300.000,300.000,-1,375.000,350.000,-1,750.000,775.000,-1,-1,2,0,2,0,2,0,0,0,0,2,0,0,2,0,0,2,2
34,-1912.407,-5168.938,-226.154,-144.461,-0.813784,0.580811,-0.020359,-0.581160,-0.813094,0.033636,0.002982,0.039205,0.999227,0,0.90200,-1.00000,54.120,-2.000,-1,400.000,-1,400.000,-1,325.000,325.000,300.000,300.000,-1,425.000,375.000,-1,750.000,775.000,-1,-1,2,0,2,0,2,0,0,0,0,2,0,0,2,0,0,2,2
35,-1957.517,-5198.841,-226.335,-146.461,-0.833560,0.552064,-0.020088,-0.552424,-0.832842,0.034666,0.002408,0.039993,0.999197,0,0.90200,-1.00000,54.120,-2.000,-1,400.000,-1,400.000,-1,325.000,325.000,300.000,300.000,-1,475.000,425.000,-1,775.000,775.000,-1,-1,2,0,2,0,2,0,0,0,0,2,0,0,2,0,0,2,2
36,-2003.643,-5227.150,-226.502,-148.461,-0.852316,0.522641,-0.020115,-0.523026,-0.851568,0.035722,0.001540,0.040968,0.999159,0,0.90200,-1.00000,54.120,-2.000,-1,400.000,-1,400.000,-1,325.000,325.000,300.000,300.000,-1,525.000,475.000,-1,775.000,800.000,-1,-1,2,0,2,0,2,0,0,0,0,2,0,0,2,0,0,2,2
37,-2050.728,-5253.833,-226.654,-150.461,-0.870028,0.492580,-0.020431,-0.493003,-0.869248,0.036833,0.000384,0.042119,0.999113,0,0.90200,-1.00000,54.120,-2.000,-1,400.000,-1,400.000,-1,325.000,325.000,300.000,300.000,-1,600.000,525.000,-1,775.000,800.000,-1,-1,2,0,2,0,2,0,0,0,0,2,0,0,2,0,0,2,2
38,-2098.717,-5278.856,-226.891,-152.461,-0.886681,0.461925,-0.020556,-0.462382,-0.885874,0.037820,-0.000740,0.043039,0.999073,0,0.90200,-1.00000,54.120,-2.000,-1,400.000,-1,400.000,-1,325.000,325.000,300.000,300.000,-1,650.000,575.000,-1,775.000,800.000,-1,-1,2,0,2,0,2,0,0,0,0,2,0,0,2,0,0,2,2
39,-2147.649,-5302.236,-227.082,-154.461,-0.902242,0.430726,-0.020824,-0.431222,-0.901454,0.037798,-0.002491,0.043083,0.999068,0,0.90385,-1.00000,54.231,-2.000,-1,400.000,-1,400.000,-1,325.000,325.000,300.000,300.000,-1,750.000,650.000,-1,775.000,800.000,-1,-1,2,0,2,0,2,0,0,0,0,2,0,0,2,0,0,2,2
40,-2194.075,-5322.692,-227.347,-156.221,-0.915024,0.402843,-0.021168,-0.403376,-0.914271,0.037384,-0.004293,0.042746,0.999077,0,0.84554,-0.88000,50.732,-1.760,-1,400.000,-1,400.000,-1,325.000,325.000,300.000,300.000,-1,825.000,725.000,-1,800.000,800.000,-1,-1,2,0,2,0,2,0,0,0,0,2,0,0,2,0,0,2,2
41,-2241.370,-5342.049,-227.681,-157.741,-0.925369,0.378455,-0.021527,-0.379021,-0.924649,0.036987,-0.005907,0.042386,0.999084,0,0.85171,-0.76000,51.103,-1.520,-1,400.000,-1,400.000,-1,325.000,325.000,300.000,300.000,-1,925.000,825.000,-1,800.000,800.000,-1,-1,2,0,2,0,2,0,0,0,0,2,0,0,2,0,0,2,2
42,-2289.439,-5360.481,-228.074,-159.021,-0.933576,0.357711,-0.021899,-0.358305,-0.932886,0.036606,-0.007335,0.042021,0.999090,0,0.85802,-0.64000,51.481,-1.280,-1,400.000,-1,400.000,-1,325.000,325.000,300.000,300.000,-1,-1,900.000,-1,800.000,800.000,-1,-1,2,0,2,0,2,0,0,0,0,2,2,0,2,0,0,2,2
43,-2338.196,-5378.168,-228.517,-160.061,-0.939899,0.340725,-0.022282,-0.341345,-0.939239,0.036242,-0.008580,0.041670,0.999095,0,0.86444,-0.52000,51.866,-1.040,-1,400.000,-1,400.000,-1,325.000,325.000,300.000,300.000,-1,-1,1000.000,-1,800.000,800.000,-1,-1,2,0,2,0,2,0,0,0,0,2,2,0,2,0,0,2,2
44,-2387.617,-5395.145,-229.011,-161.041,-0.945574,0.324617,-0.022674,-0.325261,-0.944943,0.035887,-0.009776,0.041309,0.999099,0,0.87093,-0.48995,52.256,-0.980,-1,400.000,-1,400.000,-1,325.000,325.000,300.000,300.000,-1,-1,-1,-1,825.000,800.000,-1,-1,2,0,2,0,2,0,0,0,0,2,2,2,2,0,0,2,2
45,-2437.698,-5411.395,-229.553,-162.023,-0.950985,0.308375,-0.023074,-0.309042,-0.950384,0.035539,-0.010970,0.040928,0.999102,0,0.87751,-0.49115,52.651,-0.982,-1,400.000,-1,400.000,-1,325.000,325.000,300.000,300.000,-1,-1,-1,-1,825.000,800.000,-1,-1,2,0,2,0,2,0,0,0,0,2,2,2,2,0,0,2,2
46,-2488.434,-5426.899,-230.146,-163.008,-0.956128,0.292006,-0.023483,-0.292696,-0.955558,0.035199,-0.012161,0.040528,0.999104,0,0.88419,-0.49222,53.052,-0.984,-1,400.000,-1,400.000,-1,325.000,325.000,300.000,300.000,-1,-1,-1,-1,825.000,800.000,-1,-1,2,0,2,0,2,0,0,0,0,2,2,2,2,0,0,2,2
47,-2539.820,-5441.639,-230.785,-163.994,-0.960998,0.275519,-0.023917,-0.276232,-0.960457,0.034898,-0.013356,0.040143,0.999105,0,0.89097,-0.49314,53.458,-0.986,-1,400.000,-1,400.000,-1,325.000,325.000,300.000,300.000,-1,-1,-1,-1,825.000,-1,-1,-1,2,0,2,0,2,0,0,0,0,2,2,2,2,0,2,2,2
48,-2591.850,-5455.598,-231.526,-164.982,-0.965590,0.258921,-0.024411,-0.259662,-0.965071,0.034842,-0.014537,0.039981,0.999095,0,0.89784,-0.49392,53.870,-0.988,-1,400.000,-1,400.000,-1,325.000,325.000,300.000,300.000,-1,-1,-1,-1,825.000,-1,-1,-1,2,0,2,0,2,0,0,0,0,2,2,2,2,0,2,2,2
49,-2644.519,-5468.759,-232.360,-165.971,-0.969896,0.242223,-0.025096,-0.243002,-0.969396,0.034959,-0.015860,0.040005,0.999074,0,0.90480,-0.49455,54.288,-0.989,-1,400.000,-1,400.000,-1,325.000,325.000,300.000,300.000,-1,-1,-1,-1,950.000,-1,-1,-1,2,0,2,0,2,0,0,0,0,2,2,2,2,1,2,2,2
50,-2697.820,-5481.102,-233.292,-166.961,-0.973920,0.225438,-0.025627,-0.226247,-0.973442,0.034960,-0.017065,0.039846,0.999060,0,0.91185,-0.49502,54.711,-0.990,-1,400.000,-1,400.000,-1,325.000,325.000,300.000,300.000,-1,-1,-1,-1,-1,-1,-1,-1,2,0,2,0,2,0,0,0,0,2,2,2,2,2,2,2,2
51,-2751.745,-5492.611,-234.490,-167.951,-0.977648,0.208583,-0.026394,-0.209414,-0.977234,0.034043,-0.018692,0.038810,0.999072,0,0.91899,-0.49532,55.139,-0.991,-1,400.000,-1,400.000,-1,325.000,325.000,300.000,300.000,-1,-1,-1,-1,-1,-1,-1,-1,2,0,2,0,2,0,0,0,0,2,2,2,2,2,2,2,2
52,-2806.287,-5503.269,-235.747,-168.942,-0.981085,0.191660,-0.027194,-0.192510,-0.980736,0.033130,-0.020321,0.037739,0.999081,0,0.92622,-0.49546,55.573,-0.991,-1,400.000,-1,400.000,-1,325.000,325.000,300.000,300.000,-1,-1,-1,-1,-1,-1,-1,-1,2,0,2,0,2,0,0,0,0,2,2,2,2,2,2,2,2
53,-2861.436,-5513.060,-237.061,-169.933,-0.984227,0.174679,-0.028025,-0.175546,-0.983944,0.032225,-0.021946,0.036636,0.999088,0,0.93353,-0.49541,56.012,-0.991,-1,400.000,-1,400.000,-1,325.000,325.000,300.000,300.000,-1,-1,-1,-1,-1,-1,-1,-1,2,0,2,0,2,0,0,0,0,2,2,2,2,2,2,2,2
54,-2917.185,-5521.965,-238.432,-170.924,-0.987072,0.157653,-0.028882,-0.158535,-0.986856,0.031330,-0.023563,0.035504,0.999092,0,0.94093,-0.49517,56.456,-0.990,-1,400.000,-1,-1,-1,325.000,325.000,300.000,300.000,-1,-1,-1,-1,-1,-1,-1,-1,2,0,2,2,2,0,0,0,0,2,2,2,2,2,2,2,2
55,-2973.524,-5529.970,-239.856,-171.913,-0.989620,0.140594,-0.029761,-0.141488,-0.989472,0.030449,-0.025167,0.034343,0.999093,0,0.94840,-0.49473,56.904,-0.989,-1,725.000,-1,-1,-1,325.000,325.000,300.000,300.000,-1,-1,-1,-1,-1,-1,-1,-1,2,1,2,2,2,0,0,0,0,2,2,2,2,2,2,2,2
56,-3030.442,-5537.057,-241.334,-172.901,-0.991869,0.123514,-0.030660,-0.124418,-0.991789,0.029584,-0.026754,0.033158,0.999092,0,0.95595,-0.49408,57.357,-0.988,-1,825.000,-1,-1,-1,-1,-1,300.000,300.000,-1,-1,-1,-1,-1,-1,-1,-1,2,1,2,2,2,2,2,0,0,2,2,2,2,2,2,2,2
57,-3087.928,-5543.213,-242.861,-173.888,-0.993819,0.106426,-0.031572,-0.107337,-0.993807,0.028738,-0.028318,0.031949,0.999088,0,0.96358,-0.49320,57.815,-0.986,-1,925.000,-1,-1,-1,-1,-1,300.000,300.000,-1,-1,-1,-1,-1,-1,-1,-1,2,1,2,2,2,2,2,0,0,2,2,2,2,2,2,2,2
58,-3145.971,-5548.421,-244.437,-174.872,-0.995471,0.089344,-0.032493,-0.090260,-0.995527,0.027914,-0.029854,0.030720,0.999082,0,0.97127,-0.49208,58.276,-0.984,-1,975.000,-1,-1,-1,-1,-1,300.000,300.000,-1,-1,-1,-1,-1,-1,-1,-1,2,1,2,2,2,2,2,0,0,2,2,2,2,2,2,2,2
59,-3204.559,-5552.669,-246.059,-175.853,-0.996824,0.072282,-0.033419,-0.073200,-0.996949,0.027113,-0.031358,0.029473,0.999074,0,0.97902,-0.49069,58.741,-0.981,-1,-1,-1,-1,-1,-1,-1,300.000,300.000,-1,-1,-1,-1,-1,-1,-1,-1,2,2,2,2,2,2,2,0,0,2,2,2,2,2,2,2,2
60,-3263.678,-5555.941,-247.734,-176.831,-0.997882,0.055257,-0.034322,-0.056174,-0.998073,0.026370,-0.032798,0.028242,0.999063,0,0.98684,-0.48902,59.210,-0.978,-1,-1,-1,-1,-1,-1,-1,300.000,300.000,-1,-1,-1,-1,-1,-1,-1,-1,2,2,2,2,2,2,2,0,0,2,2,2,2,2,2,2,2
61,-3323.631,-5558.491,-265.290,-177.569,-0.995634,0.042350,-0.083185,-0.046695,-0.997606,0.051007,-0.080826,0.054669,0.995228,0,1.00000,-0.36902,60.000,-0.738,-1,975.000,-1,-1,-1,-1,-1,300.000,225.000,-1,-1,-1,-1,-1,-1,-1,-1,2,1,2,2,2,2,2,0,0,2,2,2,2,2,2,2,2
62,-6231.371,-9511.024,-224.360,160.423,-0.936831,-0.334937,-0.100816,0.336084,-0.941813,0.005891,-0.096923,-0.028363,0.994888,1,0.00000,0.00000,60.000,-0.498,375.000,300.000,-1,350.000,-1,275.000,275.000,275.000,375.000,-1,-1,50.000,-1,475.000,600.000,400.000,-1,0,0,2,0,2,0,0,0,1,2,2,1,2,0,0,0,2
63,-2296.418,-5570.671,-220.350,-82.105,0.136591,0.990383,-0.021990,-0.989838,0.137335,0.036874,0.039540,0.016729,0.999078,1,-0.08000,0.12000,-4.800,0.240,-1,400.000,-1,400.000,-1,325.000,325.000,300.000,300.000,-1,950.000,950.000,-1,825.000,800.000,-1,-1,2,0,2,0,2,0,0,0,0,2,0,0,2,0,0,2,2
64,-2297.817,-5561.173,-220.726,-81.625,0.144890,0.989204,-0.021976,-0.988653,0.145628,0.036859,0.039661,0.016386,0.999079,0,-0.16000,0.24000,-9.600,0.480,-1,400.000,-1,400.000,-1,325.000,325.000,300.000,300.000,-1,950.000,925.000,-1,825.000,800.000,-1,-1,2,0,2,0,2,0,0,0,0,2,0,0,2,0,0,2,2
65,-2300.093,-5546.954,-221.293,-80.905,0.157318,0.987304,-0.021957,-0.986744,0.158048,0.036834,0.039836,0.015871,0.999080,0,-0.24000,0.36000,-14.400,0.720,-1,400.000,-1,400.000,-1,325.000,325.000,300.000,300.000,-1,925.000,925.000,-1,800.000,800.000,-1,-1,2,0,2,0,2,0,0,0,0,2,0,0,2,0,0,2,2
66,-2303.075,-5530.139,-221.968,-79.945,0.173850,0.984528,-0.021937,-0.983957,0.174569,0.036804,0.040064,0.015187,0.999082,0,-0.28462,0.48000,-17.077,0.960,-1,400.000,-1,400.000,-1,325.000,325.000,300.000,300.000,-1,925.000,900.000,-1,800.000,800.000,-1,-1,2,0,2,0,2,0,0,0,0,2,0,0,2,0,0,2,2
67,-2306.416,-5513.349,-222.647,-78.745,0.194446,0.980668,-0.021920,-0.980083,0.195152,0.036778,0.040345,0.014332,0.999083,0,-0.28533,0.60000,-17.120,1.200,-1,400.000,-1,400.000,-1,325.000,325.000,300.000,300.000,-1,900.000,900.000,-1,800.000,800.000,-1,-1,2,0,2,0,2,0,0,0,0,2,0,0,2,0,0,2,2
68,-2310.192,-5496.588,-223.333,-77.305,0.219047,0.975468,-0.021908,-0.974866,0.219738,0.036755,0.040667,0.013306,0.999084,0,-0.28635,0.72000,-17.181,1.440,-1,400.000,-1,400.000,-1,325.000,325.000,300.000,300.000,-1,875.000,875.000,-1,800.000,800.000,-1,-1,2,0,2,0,2,0,0,0,0,2,0,0,2,0,0,2,2
69,-2314.441,-5479.856,-224.026,-75.752,0.245430,0.969167,-0.021902,-0.968547,0.246104,0.036728,0.040986,0.012199,0.999085,0,-0.28771,0.77669,-17.263,1.553,-1,400.000,-1,400.000,-1,325.000,325.000,300.000,300.000,-1,875.000,875.000,-1,800.000,800.000,-1,-1,2,0,2,0,2,0,0,0,0,2,0,0,2,0,0,2,2
70,-2319.167,-5463.155,-224.728,-74.201,0.271584,0.962166,-0.021903,-0.961530,0.272239,0.036695,0.041270,0.011094,0.999086,0,-0.28927,0.77521,-17.356,1.550,-1,400.000,-1,400.000,-1,325.000,325.000,300.000,300.000,-1,850.000,850.000,-1,800.000,800.000,-1,-1,2,0,2,0,2,0,0,0,0,2,0,0,2,0,0,2,2
71,-2324.370,-5446.496,-225.437,-72.654,0.297484,0.954475,-0.021908,-0.953824,0.298122,0.036654,0.041517,0.009992,0.999088,0,-0.29088,0.77358,-17.453,1.547,-1,400.000,-1,400.000,-1,325.000,325.000,300.000,300.000,-1,850.000,850.000,-1,775.000,775.000,-1,-1,2,0,2,0,2,0,0,0,0,2,0,0,2,0,0,2,2
72,-2330.052,-5429.890,-226.153,-71.111,0.323109,0.946108,-0.021917,-0.945441,0.323729,0.036605,0.041727,0.008894,0.999089,0,-0.29253,0.77182,-17.552,1.544,-1,400.000,-1,400.000,-1,325.000,325.000,300.000,300.000,-1,825.000,850.000,-1,775.000,775.000,-1,-1,2,0,2,0,2,0,0,0,0,2,0,0,2,0,0,2,2
73,-2336.215,-5413.345,-226.877,-69.571,0.348437,0.937076,-0.021929,-0.936395,0.349039,0.036546,0.041901,0.007800,0.999091,0,-0.29425,0.76991,-17.655,1.540,-1,400.000,-1,400.000,-1,325.000,325.000,300.000,300.000,-1,825.000,825.000,-1,775.000,775.000,-1,-1,2,0,2,0,2,0,0,0,0,2,0,0,2,0,0,2,2
74,-2342.859,-5396.873,-227.608,-68.035,0.373447,0.927392,-0.021943,-0.926699,0.374030,0.036478,0.042036,0.006712,0.999094,0,-0.29603,0.76786,-17.762,1.536,-1,400.000,-1,400.000,-1,325.000,325.000,300.000,300.000,-1,800.000,825.000,-1,775.000,775.000,-1,-1,2,0,2,0,2,0,0,0,0,2,0,0,2,0,0,2,2
75,-2349.984,-5380.483,-228.347,-66.504,0.398118,0.917072,-0.021949,-0.916366,0.398683,0.036397,0.042129,0.005623,0.999096,0,-0.29787,0.76567,-17.872,1.531,-1,400.000,-1,400.000,-1,325.000,325.000,300.000,300.000,-1,800.000,825.000,-1,775.000,775.000,-1,-1,2,0,2,0,2,0,0,0,0,2,0,0,2,0,0,2,2
76,-2357.592,-5364.184,-229.101,-64.977,0.422433,0.906129,-0.021917,-0.905413,0.422977,0.036297,0.042161,0.004511,0.999101,0,-0.29978,0.76334,-17.987,1.527,-1,400.000,-1,400.000,-1,325.000,325.000,300.000,300.000,-1,800.000,825.000,-1,775.000,775.000,-1,-1,2,0,2,0,2,0,0,0,0,2,0,0,2,0,0,2,2
77,-2365.684,-5347.987,-229.860,-63.455,0.446370,0.894581,-0.021885,-0.893855,0.446893,0.036190,0.042155,0.003408,0.999105,0,-0.30176,0.76086,-18.106,1.522,-1,400.000,-1,400.000,-1,325.000,325.000,300.000,300.000,-1,775.000,825.000,-1,775.000,775.000,-1,-1,2,0,2,0,2,0,0,0,0,2,0,0,2,0,0,2,2
78,-2374.259,-5331.901,-230.624,-61.939,0.469910,0.882444,-0.021853,-0.881709,0.470412,0.036075,0.042114,0.002316,0.999110,0,-0.30382,0.75824,-18.229,1.516,-1,400.000,-1,400.000,-1,325.000,325.000,300.000,300.000,-1,775.000,825.000,-1,775.000,775.000,-1,-1,2,0,2,0,2,0,0,0,0,2,0,0,2,0,0,2,2
79,-2383.319,-5315.934,-231.346,-60.428,0.493033,0.869735,-0.021911,-0.869002,0.493518,0.035727,0.041886,0.001426,0.999121,0,-0.30596,0.75547,-18.358,1.511,-1,400.000,-1,400.000,-1,325.000,325.000,300.000,300.000,-1,800.000,825.000,-1,775.000,775.000,-1,-1,2,0,2,0,2,0,0,0,0,2,0,0,2,0,0,2,2
80,-2392.864,-5300.097,-232.070,-58.923,0.515725,0.856473,-0.021964,-0.855743,0.516192,0.035347,0.041611,0.000566,0.999134,0,-0.30818,0.75256,-18.491,1.505,-1,400.000,-1,400.000,-1,325.000,325.000,300.000,300.000,-1,800.000,825.000,-1,775.000,775.000,-1,-1,2,0,2,0,2,0,0,0,0,2,0,0,2,0,0,2,2
81,-2402.895,-5284.399,-232.799,-57.424,0.537971,0.842676,-0.021999,-0.841951,0.538421,0.034965,0.041309,-0.000288,0.999146,0,-0.31049,0.74950,-18.629,1.499,-1,400.000,-1,400.000,-1,325.000,325.000,300.000,300.000,-1,825.000,825.000,-1,775.000,750.000,-1,-1,2,0,2,0,2,0,0,0,0,2,0,0,2,0,0,2,2
82,-2413.411,-5268.848,-233.534,-55.931,0.559755,0.828365,-0.022017,-0.827644,0.560187,0.034581,0.040980,-0.001135,0.999159,0,-0.31289,0.74629,-18.773,1.493,-1,400.000,-1,400.000,-1,325.000,325.000,300.000,300.000,-1,825.000,825.000,-1,775.000,750.000,-1,-1,2,0,2,0,2,0,0,0,0,2,0,0,2,0,0,2,2
83,-2424.414,-5253.453,-234.275,-54.445,0.581064,0.813560,-0.022019,-0.812843,0.581478,0.034198,0.040626,-0.001973,0.999172,0,-0.31537,0.74293,-18.922,1.486,-1,400.000,-1,375.000,-1,325.000,325.000,300.000,300.000,-1,825.000,825.000,-1,775.000,750.000,-1,-1,2,0,2,0,2,0,0,0,0,2,0,0,2,0,0,2,2
84,-2435.904,-5238.224,-235.022,-52.967,0.601884,0.798281,-0.022005,-0.797569,0.602279,0.033815,0.040247,-0.002802,0.999186,0,-0.31796,0.73943,-19.077,1.479,-1,400.000,-1,375.000,-1,325.000,325.000,300.000,300.000,-1,825.000,850.000,-1,775.000,750.000,-1,-1,2,0,2,0,2,0,0,0,0,2,0,0,2,0,0,2,2
85,-2448.367,-5222.558,-235.803,-51.496,0.622187,0.782560,-0.021976,-0.781854,0.622565,0.033417,0.039832,-0.003610,0.999200,0,-0.33364,0.73525,-20.018,1.470,-1,400.000,-1,375.000,-1,325.000,325.000,300.000,300.000,-1,825.000,850.000,-1,775.000,750.000,-1,-1,2,0,2,0,2,0,0,0,0,2,0,0,2,0,0,2,2
86,-2461.364,-5207.050,-236.591,-50.035,0.641950,0.766433,-0.021931,-0.765734,0.642310,0.033020,0.039394,-0.004404,0.999214,0,-0.33724,0.73038,-20.234,1.461,-1,400.000,-1,375.000,-1,325.000,325.000,300.000,300.000,-1,825.000,850.000,-1,775.000,750.000,-1,-1,2,0,2,0,2,0,0,0,0,2,0,0,2,0,0,2,2
87,-2474.898,-5191.707,-237.385,-48.585,0.661164,0.749923,-0.021872,-0.749231,0.661505,0.032624,0.038934,-0.005183,0.999228,0,-0.34097,0.72536,-20.458,1.451,-1,400.000,-1,375.000,-1,325.000,325.000,300.000,300.000,-1,825.000,850.000,-1,775.000,750.000,-1,-1,2,0,2,0,2,0,0,0,0,2,0,0,2,0,0,2,2
88,-2488.970,-5176.540,-238.185,-47.144,0.679820,0.733055,-0.021798,-0.732371,0.680143,0.032231,0.038453,-0.005947,0.999243,0,-0.34483,0.72016,-20.690,1.440,-1,400.000,-1,375.000,-1,325.000,325.000,300.000,300.000,-1,850.000,875.000,-1,775.000,750.000,-1,-1,2,0,2,0,2,0,0,0,0,2,0,0,2,0,0,2,2
89,-2503.583,-5161.557,-238.980,-45.715,0.697911,0.715855,-0.021706,-0.715176,0.698216,0.031882,0.037978,-0.006727,0.999256,0,-0.34882,0.71479,-20.929,1.430,-1,400.000,-1,375.000,-1,325.000,325.000,300.000,300.000,-1,850.000,875.000,-1,775.000,750.000,-1,-1,2,0,2,0,2,0,0,0,0,2,0,0,2,0,0,2,2
90,-2515.083,-5150.247,-239.587,-44.525,0.712635,0.701202,-0.021621,-0.700527,0.712924,0.031641,0.037601,-0.007403,0.999265,0,-0.26882,0.59479,-16.129,1.190,-1,400.000,-1,375.000,-1,325.000,325.000,300.000,300.000,-1,850.000,875.000,-1,775.000,725.000,-1,-1,2,0,2,0,2,0,0,0,0,2,0,0,2,0,0,2,2
91,-2523.290,-5142.438,-240.012,-43.575,0.724167,0.689288,-0.021553,-0.688614,0.724444,0.031479,0.037312,-0.007955,0.999272,0,-0.18882,0.47479,-11.329,0.950,-1,400.000,-1,375.000,-1,325.000,325.000,300.000,300.000,-1,850.000,900.000,-1,775.000,725.000,-1,-1,2,0,2,0,2,0,0,0,0,2,0,0,2,0,0,2,2
92,-2528.076,-5137.996,-240.256,-42.866,0.732655,0.680261,-0.021505,-0.679588,0.732922,0.031393,0.037117,-0.008386,0.999276,0,-0.10882,0.35479,-6.529,0.710,-1,400.000,-1,375.000,-1,325.000,325.000,300.000,300.000,-1,850.000,900.000,-1,775.000,725.000,-1,-1,2,0,2,0,2,0,0,0,0,2,0,0,2,0,0,2,2
93,-2529.354,-5136.831,-240.323,-42.343,0.738831,0.673548,-0.021476,-0.672873,0.739092,0.031382,0.037010,-0.008735,0.999277,0,-0.02882,0.26120,-1.729,0.522,-1,400.000,-1,375.000,-1,325.000,325.000,300.000,300.000,-1,850.000,900.000,-1,775.000,725.000,-1,-1,2,0,2,0,2,0,0,0,0,2,0,0,2,0,0,2,2
94,-2527.066,-5138.879,-240.212,-41.822,0.744935,0.666792,-0.021460,-0.666112,0.745188,0.031452,0.036963,-0.009135,0.999275,0,0.05118,0.26072,3.071,0.521,-1,400.000,-1,375.000,-1,325.000,325.000,300.000,300.000,-1,850.000,900.000,-1,775.000,750.000,-1,-1,2,0,2,0,2,0,0,0,0,2,0,0,2,0,0,2,2
95,-2521.152,-5144.073,-239.924,-41.299,0.750997,0.659957,-0.021456,-0.659270,0.751242,0.031602,0.036975,-0.009588,0.999270,0,0.13118,0.26158,7.871,0.523,-1,400.000,-1,375.000,-1,325.000,325.000,300.000,300.000,-1,850.000,925.000,-1,775.000,750.000,-1,-1,2,0,2,0,2,0,0,0,0,2,0,0,2,0,0,2,2
96,-2511.556,-5152.348,-239.460,-40.771,0.757047,0.653008,-0.021464,-0.652310,0.757284,0.031835,0.037042,-0.010099,0.999263,0,0.21118,0.26381,12.671,0.528,-1,400.000,-1,375.000,-1,325.000,325.000,300.000,300.000,-1,850.000,925.000,-1,775.000,750.000,-1,-1,2,0,2,0,2,0,0,0,0,2,0,0,2,0,0,2,2
97,-2498.220,-5163.633,-238.819,-40.236,0.763115,0.645906,-0.021483,-0.645193,0.763343,0.032150,0.037165,-0.010674,0.999252,0,0.29118,0.26745,17.471,0.535,-1,400.000,-1,375.000,-1,325.000,325.000,300.000,300.000,-1,875.000,925.000,-1,775.000,750.000,-1,-1,2,0,2,0,2,0,0,0,0,2,0,0,2,0,0,2,2
98,-2481.082,-5177.856,-237.999,-39.691,0.769230,0.638610,-0.021514,-0.637880,0.769448,0.032552,0.037342,-0.011317,0.999238,0,0.37118,0.27255,22.271,0.545,-1,400.000,-1,375.000,-1,325.000,325.000,300.000,300.000,-1,875.000,950.000,-1,775.000,750.000,-1,-1,2,0,2,0,2,0,0,0,0,2,0,0,2,0,0,2,2
99,-2460.084,-5194.941,-236.990,-39.133,0.775422,0.631076,-0.021554,-0.630323,0.775627,0.033094,0.037603,-0.012076,0.999220,0,0.45118,0.27918,27.071,0.558,-1,400.000,-1,375.000,-1,325.000,325.000,300.000,300.000,-1,875.000,950.000,-1,775.000,750.000,-1,-1,2,0,2,0,2,0,0,0,0,2,0,0,2,0,0,2,2
100,-2435.162,-5214.806,-235.799,-38.558,0.781719,0.623257,-0.021603,-0.622477,0.781910,0.033736,0.037918,-0.012925,0.999197,0,0.53118,0.28738,31.871,0.575,-1,400.000,-1,400.000,-1,325.000,325.000,300.000,300.000,-1,900.000,975.000,-1,800.000,750.000,-1,-1,2,0,2,0,2,0,0,0,0,2,0,0,2,0,0,2,2
101,-2406.250,-5237.365,-234.426,-37.964,0.788149,0.615103,-0.021661,-0.614293,0.788325,0.034473,0.038280,-0.013864,0.999171,0,0.61118,0.29723,36.671,0.594,-1,400.000,-1,400.000,-1,325.000,325.000,300.000,300.000,-1,900.000,975.000,-1,800.000,750.000,-1,-1,2,0,2,0,2,0,0,0,0,2,0,0,2,0,0,2,2
102,-2373.282,-5262.522,-232.921,-37.346,0.794739,0.606563,-0.021720,-0.605728,0.794899,0.035061,0.038532,-0.014708,0.999149,0,0.69118,0.30879,41.471,0.618,-1,400.000,-1,400.000,-1,325.000,325.000,300.000,300.000,-1,925.000,1000.000,-1,800.000,750.000,-1,-1,2,0,2,0,2,0,0,0,0,2,0,0,2,0,0,2,2
103,-2341.163,-5286.698,-231.465,-36.969,0.798722,0.601306,-0.021770,-0.600449,0.798872,0.035578,0.038785,-0.015346,0.999130,0,0.67001,0.18879,40.200,0.378,-1,400.000,-1,400.000,-1,325.000,325.000,300.000,300.000,-1,925.000,-1,-1,825.000,775.000,-1,-1,2,0,2,0,2,0,0,0,0,2,0,2,2,0,0,2,2
104,-2308.765,-5310.962,-229.993,-36.831,0.800166,0.599381,-0.021809,-0.598503,0.800307,0.036084,0.039082,-0.015820,0.999111,0,0.67461,0.06879,40.476,0.138,-1,400.000,-1,400.000,-1,325.000,325.000,300.000,300.000,-1,950.000,-1,-1,825.000,775.000,-1,-1,2,0,2,0,2,0,0,0,0,2,0,2,2,0,0,2,2
105,-2276.159,-5335.473,-228.474,-36.933,0.799094,0.600809,-0.021833,-0.599917,0.799232,0.036446,0.039347,-0.016026,0.999097,0,0.67986,-0.05121,40.792,-0.102,-1,400.000,-1,400.000,-1,325.000,325.000,300.000,300.000,-1,950.000,-1,-1,850.000,775.000,-1,-1,2,0,2,0,2,0,0,0,0,2,0,2,2,0,0,2,2
106,-2243.423,-5360.389,-226.874,-37.276,0.795487,0.605577,-0.021838,-0.604683,0.795629,0.036509,0.039484,-0.015837,0.999095,0,0.68565,-0.17121,41.139,-0.342,-1,400.000,-1,400.000,-1,325.000,325.000,300.000,300.000,-1,1000.000,-1,-1,850.000,775.000,-1,-1,2,0,2,0,2,0,0,0,0,2,0,2,2,0,0,2,2
107,-2210.649,-5385.865,-225.243,-37.858,0.789287,0.613637,-0.021837,-0.612743,0.789437,0.036547,0.039665,-0.015465,0.999093,0,0.69186,-0.29121,41.512,-0.582,-1,400.000,-1,400.000,-1,325.000,325.000,300.000,300.000,-1,-1,-1,-1,875.000,800.000,-1,-1,2,0,2,0,2,0,0,0,0,2,2,2,2,0,0,2,2
108,-2177.938,-5412.053,-223.598,-38.681,0.780392,0.624909,-0.021833,-0.624013,0.780554,0.036665,0.039954,-0.014989,0.999089,0,0.69838,-0.41121,41.903,-0.822,-1,400.000,-1,400.000,-1,325.000,325.000,300.000,300.000,-1,-1,-1,-1,875.000,800.000,-1,-1,2,0,2,0,2,0,0,0,0,2,2,2,2,0,0,2,2
109,-2145.407,-5439.102,-221.919,-39.743,0.768664,0.639281,-0.021829,-0.638383,0.768840,0.036776,0.040293,-0.014333,0.999085,0,0.70511,-0.53121,42.306,-1.062,-1,400.000,-1,400.000,-1,325.000,325.000,300.000,300.000,-1,-1,-1,-1,900.000,825.000,-1,-1,2,0,2,0,2,0,0,0,0,2,2,2,2,0,0,2,2
110,-2113.192,-5467.152,-220.201,-41.046,0.753924,0.656599,-0.021825,-0.655701,0.754120,0.036873,0.040670,-0.013489,0.999082,0,0.71193,-0.65121,42.716,-1.302,-1,400.000,-1,400.000,-1,325.000,325.000,300.000,300.000,-1,-1,-1,-1,925.000,825.000,-1,-1,2,0,2,0,2,0,0,0,0,2,2,2,2,0,0,2,2
111,-2081.442,-5496.335,-218.443,-42.588,0.735964,0.676669,-0.021827,-0.675773,0.736183,0.036956,0.041075,-0.012448,0.999079,0,0.71874,-0.77121,43.124,-1.542,-1,425.000,-1,400.000,-1,325.000,325.000,300.000,300.000,-1,-1,-1,-1,925.000,850.000,-1,-1,2,0,2,0,2,0,0,0,0,2,2,2,2,0,0,2,2
112,-2050.328,-5526.773,-216.698,-44.370,0.714555,0.699248,-0.021542,-0.698359,0.714788,0.037060,0.041312,-0.011438,0.999081,0,0.72543,-0.89121,43.526,-1.782,-1,425.000,-1,400.000,-1,325.000,325.000,300.000,300.000,-1,-1,-1,-1,950.000,850.000,-1,-1,2,0,2,0,2,0,0,0,0,2,2,2,2,0,0,2,2
113,-2020.149,-5558.432,-215.079,-46.370,0.689737,0.723772,-0.020426,-0.722897,0.689953,0.037203,0.041019,-0.010895,0.999099,0,0.72898,-1.00000,43.739,-2.000,-1,425.000,-1,400.000,-1,325.000,325.000,300.000,300.000,-1,-1,-1,-1,975.000,850.000,-1,-1,2,0,2,0,2,0,0,0,0,2,2,2,2,0,0,2,2
114,-1987.752,-5594.577,-213.303,-48.130,0.667216,0.744622,-0.018985,-0.743768,0.667400,0.037248,0.040407,-0.010732,0.999126,0,0.80898,-0.88000,48.539,-1.760,-1,425.000,-1,400.000,-1,325.000,325.000,300.000,300.000,-1,-1,-1,-1,975.000,875.000,-1,-1,2,0,2,0,2,0,0,0,0,2,2,2,2,0,0,2,2
115,-1953.218,-5635.226,-211.359,-49.650,0.647273,0.762062,-0.017282,-0.761233,0.647412,0.037172,0.039516,-0.010905,0.999159,0,0.88898,-0.76000,53.339,-1.520,-1,425.000,-1,400.000,-1,325.000,325.000,300.000,300.000,-1,-1,-1,-1,975.000,875.000,-1,-1,2,0,2,0,2,0,0,0,0,2,2,2,2,0,0,2,2
116,-1917.728,-5678.944,-209.312,-50.930,0.630141,0.776330,-0.015314,-0.775533,0.630223,0.036972,0.038354,-0.011421,0.999199,0,0.93850,-0.64000,56.310,-1.280,-1,425.000,-1,400.000,-1,325.000,325.000,300.000,300.000,-1,-1,-1,-1,975.000,875.000,-1,-1,2,0,2,0,2,0,0,0,0,2,2,2,2,0,0,2,2
117,-1882.998,-5723.349,-207.297,-51.970,0.616000,0.787634,-0.013290,-0.786874,0.616024,0.036662,0.037064,-0.012126,0.999239,0,0.93955,-0.52000,56.373,-1.040,-1,425.000,-1,400.000,-1,325.000,325.000,300.000,300.000,-1,-1,-1,-1,975.000,875.000,-1,-1,2,0,2,0,2,0,0,0,0,2,2,2,2,0,0,2,2
118,-1848.856,-5768.281,-205.326,-52.770,0.604995,0.796150,-0.011257,-0.795429,0.604960,0.036267,0.035684,-0.012987,0.999279,0,0.94053,-0.40000,56.432,-0.800,-1,425.000,-1,400.000,-1,325.000,325.000,300.000,300.000,-1,-1,-1,-1,975.000,875.000,-1,-1,2,0,2,0,2,0,0,0,0,2,2,2,2,0,0,2,2
119,-1815.124,-5813.585,-203.384,-53.330,0.597237,0.802013,-0.009119,-0.801337,0.597141,0.035807,0.034163,-0.014078,0.999317,0,0.94138,-0.28000,56.483,-0.560,-1,425.000,-1,400.000,-1,325.000,325.000,300.000,300.000,-1,-1,-1,-1,975.000,900.000,-1,-1,2,0,2,0,2,0,0,0,0,2,2,2,2,0,0,2,2
120,-1781.622,-5859.110,-201.683,-53.650,0.592785,0.805329,-0.007135,-0.804729,0.592648,0.034340,0.031883,-0.014615,0.999385,0,0.94207,-0.16000,56.524,-0.320,-1,425.000,-1,400.000,-1,350.000,325.000,300.000,300.000,-1,-1,-1,-1,975.000,900.000,-1,-1,2,0,2,0,2,0,0,0,0,2,2,2,2,0,0,2,2
121,-1748.166,-5904.706,-200.084,-53.730,0.591690,0.806150,-0.005125,-0.805634,0.591518,0.032546,0.029268,-0.015128,0.999457,0,0.94255,-0.04000,56.553,-0.080,-1,425.000,-1,400.000,-1,350.000,325.000,300.000,300.000,-1,-1,-1,-1,975.000,875.000,-1,-1,2,0,2,0,2,0,0,0,0,2,2,2,2,0,0,2,2
122,-1714.624,-5950.255,-198.526,-53.633,0.593084,0.805135,-0.002993,-0.804704,0.592881,0.030733,0.026519,-0.015818,0.999523,0,0.94278,0.04867,56.567,0.097,-1,425.000,-1,400.000,-1,350.000,325.000,300.000,300.000,-1,-1,-1,-1,950.000,875.000,-1,-1,2,0,2,0,2,0,0,0,0,2,2,2,2,0,0,2,2
123,-1681.010,-5995.749,-197.011,-53.541,0.594398,0.804171,-0.000739,-0.803823,0.594167,0.028881,0.023664,-0.016573,0.999583,0,0.94276,0.04606,56.565,0.092,-1,425.000,-1,400.000,-1,350.000,325.000,300.000,300.000,-1,-1,-1,-1,950.000,875.000,-1,-1,2,0,2,0,2,0,0,0,0,2,2,2,2,0,0,2,2
124,-1647.334,-6041.182,-195.709,-53.453,0.595649,0.803242,0.001863,-0.802963,0.595378,0.027837,0.021251,-0.018077,0.999611,0,0.94256,0.04371,56.553,0.087,-1,425.000,-1,425.000,-1,350.000,325.000,300.000,300.000,-1,-1,-1,-1,925.000,875.000,-1,-1,2,0,2,0,2,0,0,0,0,2,2,2,2,0,0,2,2
125,-1613.605,-6086.549,-194.816,-53.370,0.596823,0.802361,0.004420,-0.802164,0.596532,0.026133,0.018331,-0.019142,0.999649,0,0.94219,0.04161,56.531,0.083,-1,425.000,-1,400.000,-1,350.000,325.000,300.000,325.000,-1,-1,-1,-1,925.000,875.000,-1,-1,2,0,2,0,2,0,0,0,0,2,2,2,2,0,0,2,2
126,-1579.831,-6131.844,-194.104,-53.291,0.597929,0.801519,0.007007,-0.801407,0.597635,0.024048,0.015087,-0.019994,0.999686,0,0.94167,0.03977,56.500,0.080,-1,425.000,-1,400.000,-1,325.000,325.000,300.000,300.000,-1,-1,-1,-1,900.000,850.000,-1,-1,2,0,2,0,2,0,0,0,0,2,2,2,2,0,0,2,2
127,-1546.021,-6177.062,-193.466,-53.214,0.598982,0.800703,0.009825,-0.800675,0.598690,0.022127,0.011835,-0.021120,0.999707,0,0.94103,0.03820,56.462,0.076,-1,425.000,-1,400.000,-1,325.000,325.000,300.000,300.000,-1,-1,-1,-1,875.000,825.000,-1,-1,2,0,2,0,2,0,0,0,0,2,2,2,2,0,0,2,2
128,-1512.179,-6222.201,-192.858,-53.141,0.599987,0.799910,0.012647,-0.799962,0.599704,0.020380,0.008717,-0.022345,0.999712,0,0.94027,0.03689,56.416,0.074,-1,425.000,-1,400.000,-1,325.000,325.000,300.000,325.000,-1,-1,-1,-1,850.000,825.000,-1,-1,2,0,2,0,2,0,0,0,0,2,2,2,2,0,0,2,2
129,-1478.311,-6267.256,-192.280,-53.069,0.600954,0.799134,0.015471,-0.799263,0.600687,0.018805,0.005734,-0.023666,0.999703,0,0.93941,0.03586,56.365,0.072,-1,400.000,-1,400.000,-1,325.000,325.000,300.000,325.000,-1,-1,-1,-1,850.000,825.000,-1,-1,2,0,2,0,2,0,0,0,0,2,2,2,2,0,0,2,2
130,-1444.422,-6312.226,-191.733,-52.999,0.601890,0.798370,0.018296,-0.798574,0.601645,0.017402,0.002885,-0.025085,0.999681,0,0.93849,0.03510,56.309,0.070,-1,400.000,-1,400.000,-1,325.000,325.000,300.000,325.000,-1,-1,-1,-1,825.000,800.000,-1,-1,2,0,2,0,2,0,0,0,0,2,2,2,2,0,0,2,2
131,-1410.514,-6357.107,-191.327,-52.929,0.602809,0.797619,0.020600,-0.797885,0.602592,0.016185,0.000496,-0.026193,0.999657,0,0.93751,0.03462,56.251,0.069,-1,400.000,-1,400.000,-1,325.000,325.000,300.000,325.000,-1,-1,-1,-1,825.000,800.000,-1,-1,2,0,2,0,2,0,0,0,0,2,2,2,2,0,0,2,2
132,-1376.588,-6401.901,-191.153,-52.861,0.603726,0.796880,0.022295,-0.797190,0.603538,0.015154,-0.001380,-0.026922,0.999637,0,0.93651,0.03440,56.191,0.069,-1,400.000,-1,400.000,-1,325.000,325.000,300.000,300.000,-1,-1,-1,-1,800.000,775.000,-1,-1,2,0,2,0,2,0,0,0,0,2,2,2,2,0,0,2,2
133,-1342.645,-6446.605,-191.043,-52.792,0.604641,0.796133,0.024139,-0.796492,0.604480,0.014288,-0.003217,-0.027866,0.999606,0,0.93550,0.03446,56.130,0.069,-1,400.000,-1,400.000,-1,325.000,325.000,300.000,300.000,-1,-1,-1,-1,800.000,775.000,-1,-1,2,0,2,0,2,0,0,0,0,2,2,2,2,0,0,2,2
134,-1308.684,-6491.220,-190.989,-52.722,0.605560,0.795376,0.025964,-0.795784,0.605430,0.013489,-0.004990,-0.028831,0.999572,0,0.93451,0.03480,56.071,0.070,-1,400.000,-1,400.000,-1,325.000,325.000,300.000,300.000,-1,-1,-1,-1,775.000,775.000,-1,-1,2,0,2,0,2,0,0,0,0,2,2,2,2,0,0,2,2
135,-1274.702,-6535.748,-191.032,-52.651,0.606490,0.794608,0.027723,-0.795062,0.606398,0.012576,-0.006818,-0.029669,0.999537,0,0.93356,0.03540,56.014,0.071,-1,400.000,-1,400.000,-1,325.000,325.000,300.000,300.000,-1,-1,-1,-1,775.000,775.000,-1,-1,2,0,2,0,2,0,0,0,0,2,2,2,2,0,0,2,2
136,-1240.696,-6580.191,-191.213,-52.579,0.607455,0.793826,0.028974,-0.794312,0.607393,0.011884,-0.008165,-0.030234,0.999510,0,0.93267,0.03628,55.960,0.073,-1,400.000,-1,400.000,-1,325.000,325.000,300.000,300.000,-1,-1,-1,-1,750.000,750.000,-1,-1,2,0,2,0,2,0,0,0,0,2,2,2,2,0,0,2,2
137,-1206.662,-6624.551,-191.676,-52.504,0.608480,0.793037,0.029041,-0.793522,0.608434,0.011426,-0.008609,-0.029998,0.999513,0,0.93186,0.03741,55.912,0.075,-1,400.000,-1,400.000,-1,325.000,325.000,300.000,300.000,-1,-1,-1,-1,750.000,750.000,-1,-1,2,0,2,0,2,0,0,0,0,2,2,2,2,0,0,2,2
