timestep,x_cm,y_cm,z_cm,yaw_deg,basis_xx,basis_xy,basis_xz,basis_yx,basis_yy,basis_yz,basis_zx,basis_zy,basis_zz,teleport_flag,throttle_cmd,steering_cmd,cmd_move_cm,cmd_turn_deg,lidar_cm_0,lidar_cm_1,lidar_cm_2,lidar_cm_3,lidar_cm_4,lidar_cm_5,lidar_cm_6,lidar_cm_7,lidar_cm_8,lidar_cm_9,lidar_cm_10,lidar_cm_11,lidar_cm_12,lidar_cm_13,lidar_cm_14,lidar_cm_15,lidar_cm_16,lidar_class_0,lidar_class_1,lidar_class_2,lidar_class_3,lidar_class_4,lidar_class_5,lidar_class_6,lidar_class_7,lidar_class_8,lidar_class_9,lidar_class_10,lidar_class_11,lidar_class_12,lidar_class_13,lidar_class_14,lidar_class_15,lidar_class_16
0,979.158,6886.522,-37.457,-171.095,-0.987140,0.154453,0.041214,-0.156788,-0.985735,-0.061190,0.031175,-0.066865,0.997275,1,0.08000,0.12000,4.800,0.240,-1,400.000,-1,450.000,-1,325.000,350.000,250.000,350.000,-1,0.000,0.000,-1,750.000,925.000,-1,-1,2,0,2,0,2,0,0,1,0,2,1,0,2,0,0,2,2
1,969.687,6884.958,-37.181,-170.615,-0.985843,0.162718,0.040453,-0.164952,-0.984480,-0.059921,0.030075,-0.065746,0.997383,0,0.16000,0.24000,9.600,0.480,-1,400.000,-1,450.000,-1,325.000,350.000,250.000,350.000,-1,0.000,0.000,-1,725.000,900.000,-1,-1,2,0,2,0,2,0,0,1,0,2,1,0,2,0,0,2,2
2,955.511,6882.432,-36.782,-169.895,-0.983766,0.175095,0.039322,-0.177184,-0.982462,-0.058085,0.028462,-0.064109,0.997537,0,0.24000,0.36000,14.400,0.720,-1,400.000,-1,450.000,-1,325.000,350.000,250.000,350.000,-1,0.000,0.000,-1,725.000,900.000,-1,-1,2,0,2,0,2,0,0,1,0,2,1,0,2,0,0,2,2
3,936.668,6878.748,-36.276,-168.935,-0.980752,0.191556,0.037828,-0.193466,-0.979522,-0.055752,0.026374,-0.061998,0.997728,0,0.32000,0.48000,19.200,0.960,-1,400.000,-1,425.000,-1,325.000,350.000,250.000,350.000,-1,0.000,0.000,-1,725.000,875.000,-1,-1,2,0,2,0,2,0,0,1,0,2,1,0,2,0,0,2,2
4,913.216,6873.651,-35.685,-167.735,-0.976594,0.212060,0.035979,-0.213764,-0.975446,-0.053010,0.023854,-0.059461,0.997946,0,0.40000,0.60000,24.000,1.200,-1,400.000,-1,425.000,-1,325.000,350.000,250.000,325.000,-1,0.000,0.000,-1,725.000,850.000,-1,-1,2,0,2,0,2,0,0,0,0,2,1,0,2,0,0,2,2
5,885.236,6866.829,-35.029,-166.295,-0.971033,0.236547,0.033782,-0.238026,-0.969973,-0.049952,0.020952,-0.056546,0.998180,0,0.48000,0.72000,28.800,1.440,-1,400.000,-1,425.000,-1,325.000,325.000,250.000,325.000,-1,0.000,0.000,-1,725.000,825.000,-1,-1,2,0,2,0,2,0,0,0,0,2,1,0,2,0,0,2,2
6,852.841,6857.917,-34.331,-164.615,-0.963762,0.264929,0.031240,-0.266176,-0.962794,-0.046671,0.017713,-0.053295,0.998422,0,0.56000,0.84000,33.600,1.680,-1,400.000,-1,425.000,-1,325.000,325.000,250.000,325.000,-1,0.000,0.000,-1,700.000,800.000,-1,-1,2,0,2,0,2,0,0,0,0,2,1,0,2,0,0,2,2
7,816.179,6846.496,-33.613,-162.695,-0.954428,0.297093,0.028343,-0.298105,-0.953553,-0.043255,0.014176,-0.049733,0.998662,0,0.64000,0.96000,38.400,1.920,-1,375.000,-1,400.000,-1,325.000,325.000,275.000,325.000,-1,0.000,0.000,-1,700.000,775.000,-1,-1,2,0,2,0,2,0,0,0,0,2,1,0,2,0,0,2,2
8,775.408,6832.216,-32.899,-160.695,-0.943560,0.330251,0.025083,-0.331036,-0.942776,-0.039861,0.010483,-0.045914,0.998890,0,0.72000,1.00000,43.200,2.000,-1,375.000,-1,400.000,-1,325.000,325.000,275.000,325.000,-1,0.000,75.000,-1,700.000,750.000,-1,-1,2,0,2,0,2,0,0,0,0,2,1,0,2,0,0,2,2
9,731.456,6815.077,-32.221,-158.695,-0.931534,0.363019,0.021468,-0.363590,-0.930847,-0.036404,0.006768,-0.041717,0.999107,0,0.78627,1.00000,47.176,2.000,-1,375.000,-1,400.000,-1,300.000,325.000,275.000,325.000,-1,75.000,225.000,-1,675.000,725.000,-1,-1,2,0,2,0,2,0,0,0,0,2,1,0,2,0,0,2,2
10,688.023,6796.369,-31.292,-156.695,-0.918344,0.395336,0.018814,-0.395764,-0.917731,-0.033767,0.003917,-0.038455,0.999253,0,0.78819,1.00000,47.291,2.000,-1,375.000,-1,375.000,-1,300.000,300.000,275.000,325.000,-1,250.000,450.000,-1,675.000,700.000,-1,-1,2,0,2,0,2,0,0,0,0,2,0,0,2,0,0,2,2
11,645.159,6776.104,-30.240,-154.695,-0.904022,0.427170,0.016423,-0.427483,-0.903474,-0.031505,0.001380,-0.035501,0.999369,0,0.79022,1.00000,47.413,2.000,-1,375.000,-1,375.000,-1,300.000,300.000,300.000,325.000,-1,575.000,-1,-1,675.000,675.000,-1,-1,2,0,2,0,2,0,0,0,0,2,0,2,2,0,0,2,2
12,602.915,6754.296,-29.164,-152.695,-0.888594,0.458490,0.013713,-0.458693,-0.888111,-0.029310,-0.001260,-0.032335,0.999476,0,0.79234,1.00000,47.541,2.000,-1,375.000,-1,375.000,-1,300.000,300.000,300.000,325.000,-1,-1,-1,-1,650.000,675.000,-1,-1,2,0,2,0,2,0,0,0,0,2,2,2,2,0,0,2,2
13,561.343,6730.963,-28.376,-150.695,-0.872066,0.489238,0.012110,-0.489379,-0.871628,-0.027787,-0.003039,-0.030159,0.999541,0,0.79455,1.00000,47.673,2.000,-1,375.000,-1,375.000,-1,300.000,300.000,300.000,325.000,-1,-1,-1,-1,650.000,650.000,-1,-1,2,0,2,0,2,0,0,0,0,2,2,2,2,0,0,2,2
14,520.494,6706.121,-28.364,-148.695,-0.854448,0.519347,0.014048,-0.519532,-0.854003,-0.027679,-0.002378,-0.030949,0.999518,0,0.79683,1.00000,47.810,2.000,-1,375.000,-1,375.000,-1,300.000,300.000,300.000,325.000,-1,-1,-1,-1,650.000,650.000,-1,-1,2,0,2,0,2,0,0,0,0,2,2,2,2,0,0,2,2
15,480.420,6679.792,-28.383,-146.695,-0.835786,0.548822,0.015997,-0.549053,-0.835338,-0.027413,-0.001682,-0.031695,0.999496,0,0.79916,1.00000,47.950,2.000,-1,375.000,-1,375.000,-1,300.000,300.000,300.000,300.000,-1,-1,-1,-1,650.000,650.000,-1,-1,2,0,2,0,2,0,0,0,0,2,2,2,2,0,0,2,2
16,441.173,6651.998,-28.434,-144.695,-0.816103,0.577628,0.017944,-0.577906,-0.815657,-0.026988,-0.000953,-0.032395,0.999475,0,0.80154,1.00000,48.092,2.000,-1,375.000,-1,375.000,-1,300.000,300.000,300.000,300.000,-1,900.000,-1,-1,650.000,650.000,-1,-1,2,0,2,0,2,0,0,0,0,2,0,2,2,0,0,2,2
17,402.805,6622.764,-28.267,-142.695,-0.795407,0.605749,0.019903,-0.606076,-0.795011,-0.025094,0.000622,-0.032023,0.999487,0,0.80395,1.00000,48.237,2.000,-1,375.000,-1,375.000,-1,300.000,300.000,300.000,300.000,-1,675.000,800.000,-1,650.000,650.000,-1,-1,2,0,2,0,2,0,0,0,0,2,0,0,2,0,0,2,2
18,365.367,6592.116,-28.041,-140.695,-0.773731,0.633142,0.021732,-0.633510,-0.773406,-0.022567,0.002519,-0.031228,0.999509,0,0.80638,1.00000,48.383,2.000,-1,375.000,-1,375.000,-1,300.000,300.000,300.000,300.000,-1,550.000,625.000,-1,650.000,650.000,-1,-1,2,0,2,0,2,0,0,0,0,2,0,0,2,0,0,2,2
19,328.911,6560.084,-27.855,-138.695,-0.751109,0.659764,0.023390,-0.660164,-0.750857,-0.019939,0.004408,-0.030418,0.999528,0,0.80883,1.00000,48.530,2.000,-1,375.000,-1,375.000,-1,300.000,300.000,300.000,300.000,-1,475.000,525.000,-1,675.000,650.000,-1,-1,2,0,2,0,2,0,0,0,0,2,0,0,2,0,0,2,2
20,293.487,6526.697,-27.710,-136.695,-0.727569,0.685584,0.024869,-0.686006,-0.727392,-0.017221,0.006283,-0.029589,0.999542,0,0.81129,1.00000,48.678,2.000,-1,375.000,-1,375.000,-1,300.000,300.000,300.000,300.000,-1,425.000,475.000,-1,675.000,650.000,-1,-1,2,0,2,0,2,0,0,0,0,2,0,0,2,0,0,2,2
21,259.147,6491.989,-27.457,-134.695,-0.703149,0.710558,0.026238,-0.711001,-0.703029,-0.015112,0.007708,-0.029281,0.999541,0,0.81376,1.00000,48.825,2.000,-1,375.000,-1,375.000,-1,300.000,300.000,300.000,300.000,-1,400.000,450.000,-1,700.000,675.000,-1,-1,2,0,2,0,2,0,0,0,0,2,0,0,2,0,0,2,2
22,225.939,6455.995,-26.960,-132.695,-0.677888,0.734645,0.027659,-0.735119,-0.677788,-0.014256,0.008274,-0.029997,0.999516,0,0.81621,1.00000,48.973,2.000,-1,375.000,-1,375.000,-1,300.000,300.000,300.000,300.000,-1,425.000,475.000,-1,700.000,675.000,-1,-1,2,0,2,0,2,0,0,0,0,2,0,0,2,0,0,2,2
23,193.912,6418.753,-26.495,-130.695,-0.651800,0.757835,0.029023,-0.758340,-0.651722,-0.013368,0.008784,-0.030722,0.999489,0,0.81866,1.00000,49.119,2.000,-1,375.000,-1,375.000,-1,300.000,300.000,300.000,300.000,-1,425.000,475.000,-1,700.000,675.000,-1,-1,2,0,2,0,2,0,0,0,0,2,0,0,2,0,0,2,2
24,160.027,6376.812,-26.017,-128.935,-0.628172,0.777477,0.030486,-0.778015,-0.628126,-0.012274,0.009606,-0.031428,0.999460,0,0.89866,0.88000,53.919,1.760,-1,375.000,-1,375.000,-1,300.000,300.000,300.000,300.000,-1,450.000,500.000,-1,700.000,675.000,-1,-1,2,0,2,0,2,0,0,0,0,2,0,0,2,0,0,2,2
25,126.493,6332.974,-25.520,-127.415,-0.607273,0.793845,0.032080,-0.794421,-0.607266,-0.011079,0.010685,-0.032213,0.999424,0,0.91988,0.76000,55.193,1.520,-1,375.000,-1,375.000,-1,300.000,300.000,300.000,300.000,-1,450.000,500.000,-1,700.000,675.000,-1,-1,2,0,2,0,2,0,0,0,0,2,0,0,2,0,0,2,2
26,93.883,6288.310,-24.862,-126.135,-0.589305,0.807175,0.034459,-0.807815,-0.589354,-0.009794,0.012403,-0.033608,0.999358,0,0.92171,0.64000,55.302,1.280,-1,375.000,-1,375.000,-1,300.000,300.000,300.000,300.000,-1,450.000,500.000,-1,725.000,700.000,-1,-1,2,0,2,0,2,0,0,0,0,2,0,0,2,0,0,2,2
27,62.135,6242.909,-24.225,-124.965,-0.572608,0.819007,0.036723,-0.819708,-0.572719,-0.008453,0.014109,-0.034943,0.999290,0,0.92334,0.58516,55.400,1.170,-1,375.000,-1,375.000,-1,325.000,325.000,300.000,300.000,-1,450.000,525.000,-1,725.000,700.000,-1,-1,2,0,2,0,2,0,0,0,0,2,0,0,2,0,0,2,2
28,31.258,6196.792,-23.482,-123.804,-0.555791,0.830384,0.039478,-0.831166,-0.555980,-0.007025,0.016115,-0.036717,0.999196,0,0.92499,0.58019,55.499,1.160,-1,375.000,-1,375.000,-1,325.000,325.000,300.000,300.000,-1,450.000,525.000,-1,750.000,725.000,-1,-1,2,0,2,0,2,0,0,0,0,2,0,0,2,0,0,2,2
29,1.256,6149.974,-22.771,-122.654,-0.538892,0.841324,0.042059,-0.842182,-0.539164,-0.005549,0.018008,-0.038412,0.999100,0,0.92677,0.57515,55.606,1.150,-1,400.000,-1,375.000,-1,325.000,325.000,300.000,300.000,-1,450.000,525.000,-1,750.000,750.000,-1,-1,2,0,2,0,2,0,0,0,0,2,0,0,2,0,0,2,2
30,-27.869,6102.472,-22.108,-121.514,-0.521928,0.851833,0.044394,-0.852761,-0.522286,-0.004044,0.019741,-0.039968,0.999006,0,0.92867,0.57003,55.720,1.140,-1,400.000,-1,400.000,-1,325.000,325.000,300.000,300.000,-1,425.000,525.000,-1,775.000,775.000,-1,-1,2,0,2,0,2,0,0,0,0,2,0,0,2,0,0,2,2
31,-56.113,6054.300,-21.271,-120.384,-0.504966,0.861946,0.045362,-0.862893,-0.505379,-0.002686,0.020610,-0.040499,0.998967,0,0.93069,0.56485,55.841,1.130,1000.000,400.000,-1,400.000,-1,325.000,325.000,300.000,300.000,-1,450.000,550.000,-1,775.000,800.000,-1,-1,1,0,2,0,2,0,0,0,0,2,0,0,2,0,0,2,2
32,-83.473,6005.475,-20.335,-119.265,-0.488007,0.871660,0.045363,-0.872590,-0.488451,-0.001490,0.020859,-0.040310,0.998969,0,0.93281,0.55960,55.969,1.119,950.000,400.000,-1,400.000,-1,325.000,325.000,300.000,300.000,-1,500.000,550.000,-1,775.000,825.000,-1,-1,1,0,2,0,2,0,0,0,0,2,0,0,2,0,0,2,2
33,-109.947,5956.012,-19.414,-118.156,-0.471050,0.880962,0.044916,-0.881864,-0.471504,-0.000561,0.020684,-0.039874,0.998991,0,0.93504,0.55428,56.102,1.109,925.000,400.000,-1,400.000,-1,325.000,325.000,300.000,300.000,-1,550.000,575.000,-1,800.000,825.000,-1,-1,1,0,2,0,2,0,0,0,0,2,0,0,2,1,0,2,2
34,-137.287,5902.603,-18.506,-117.108,-0.454860,0.889458,0.044349,-0.890329,-0.455317,0.000235,0.020402,-0.039378,0.999016,0,1.00000,0.52413,60.000,1.048,875.000,400.000,-1,400.000,-1,325.000,325.000,300.000,300.000,-1,600.000,600.000,-1,800.000,850.000,-1,-1,1,0,2,0,2,0,0,0,0,2,0,0,2,1,0,2,2
35,-163.637,5848.699,-17.668,-116.050,-0.438377,0.897730,0.043671,-0.898569,-0.438830,0.000900,0.019972,-0.038847,0.999046,0,1.00000,0.52883,60.000,1.058,825.000,400.000,-1,400.000,-1,325.000,325.000,300.000,300.000,-1,650.000,625.000,-1,825.000,850.000,-1,-1,1,0,2,0,2,0,0,0,0,2,0,0,2,1,0,2,2
36,-188.978,5794.313,-16.726,-114.983,-0.421610,0.905745,0.043253,-0.906581,-0.422032,0.000706,0.018893,-0.038915,0.999064,0,1.00000,0.53362,60.000,1.067,775.000,400.000,-1,400.000,-1,325.000,325.000,300.000,300.000,-1,700.000,700.000,-1,825.000,875.000,-1,-1,1,0,2,0,2,0,0,0,0,2,0,0,2,0,0,2,2
37,-213.292,5739.461,-15.881,-113.906,-0.404562,0.913521,0.042537,-0.914346,-0.404934,0.000150,0.017362,-0.038833,0.999095,0,1.00000,0.53850,60.000,1.077,725.000,400.000,-1,400.000,-1,325.000,325.000,300.000,300.000,-1,800.000,775.000,-1,825.000,875.000,-1,-1,1,0,2,0,2,0,0,0,0,2,0,0,2,0,0,2,2
38,-234.495,5688.496,-15.188,-112.589,-0.383527,0.922590,0.041652,-0.923402,-0.383833,-0.000699,0.015343,-0.038730,0.999132,0,0.92000,0.65850,55.200,1.317,700.000,400.000,-1,400.000,-1,325.000,325.000,300.000,300.000,-1,900.000,875.000,-1,825.000,875.000,-1,-1,1,0,2,0,2,0,0,0,0,2,0,0,2,1,0,2,2
39,-252.679,5641.203,-14.544,-111.032,-0.358392,0.932671,0.040983,-0.933482,-0.358620,-0.001887,0.012937,-0.038933,0.999158,0,0.84448,0.77850,50.669,1.557,650.000,400.000,-1,400.000,-1,325.000,325.000,300.000,300.000,-1,-1,-1,-1,800.000,875.000,-1,-1,1,0,2,0,2,0,0,0,0,2,2,2,2,1,0,2,2
40,-269.446,5593.150,-14.002,-109.235,-0.329046,0.943456,0.040244,-0.944257,-0.329196,-0.003028,0.010392,-0.038997,0.999185,0,0.84823,0.89850,50.894,1.797,600.000,400.000,-1,400.000,-1,325.000,325.000,300.000,300.000,-1,-1,-1,-1,775.000,875.000,875.000,-1,1,1,2,0,2,0,0,0,0,2,2,2,2,1,0,1,2
41,-284.598,5544.309,-13.567,-107.235,-0.295997,0.954374,0.039448,-0.955157,-0.296070,-0.004112,0.007755,-0.038896,0.999213,0,0.85230,1.00000,51.138,2.000,550.000,400.000,-1,400.000,-1,325.000,325.000,300.000,300.000,-1,-1,-1,-1,725.000,875.000,725.000,-1,1,1,2,0,2,0,0,0,0,2,2,2,2,1,0,1,2
42,-298.105,5494.714,-13.239,-105.235,-0.262584,0.964137,0.038603,-0.964895,-0.262586,-0.005121,0.005199,-0.038593,0.999241,0,0.85670,1.00000,51.402,2.000,500.000,400.000,-1,400.000,-1,325.000,325.000,300.000,300.000,-1,-1,-1,-1,675.000,875.000,625.000,-1,1,1,2,0,2,0,0,0,0,2,2,2,2,1,0,1,2
43,-309.935,5444.416,-13.012,-103.235,-0.228846,0.972732,0.037715,-0.973459,-0.228782,-0.006061,0.002732,-0.038101,0.999270,0,0.86118,1.00000,51.671,2.000,450.000,375.000,-1,400.000,-1,325.000,325.000,300.000,300.000,-1,-1,-1,-1,650.000,875.000,550.000,-1,1,1,2,0,2,0,0,0,0,2,2,2,2,1,0,1,2
44,-320.055,5393.468,-12.882,-101.235,-0.194823,0.980148,0.036790,-0.980838,-0.194700,-0.006937,0.000364,-0.037437,0.999299,0,0.86573,1.00000,51.944,2.000,425.000,375.000,-1,400.000,-1,325.000,325.000,300.000,300.000,-1,-1,-1,-1,600.000,875.000,475.000,-1,1,1,2,0,2,0,0,0,0,2,2,2,2,1,0,1,2
45,-328.436,5341.923,-12.843,-99.235,-0.160555,0.986376,0.035838,-0.987025,-0.160380,-0.007750,-0.001897,-0.036617,0.999328,0,0.87036,1.00000,52.221,2.000,375.000,350.000,-1,425.000,-1,325.000,325.000,300.000,300.000,-1,-1,-1,-1,575.000,850.000,425.000,-1,1,1,2,0,2,0,0,0,0,2,2,2,2,1,0,1,2
46,-335.049,5289.839,-12.892,-97.235,-0.126084,0.991406,0.034874,-0.992011,-0.125862,-0.008498,-0.004036,-0.035667,0.999356,0,0.87504,1.00000,52.502,2.000,325.000,350.000,-1,425.000,-1,325.000,325.000,300.000,300.000,-1,-1,-1,-1,525.000,850.000,375.000,-1,1,1,2,0,2,0,0,0,0,2,2,2,2,1,0,1,2
47,-339.867,5237.274,-12.068,-95.235,-0.091326,0.995359,0.030318,-0.995817,-0.091201,-0.005485,-0.002694,-0.030692,0.999525,0,0.87977,1.00000,52.786,2.000,300.000,350.000,-1,425.000,-1,325.000,350.000,300.000,300.000,-1,-1,-1,-1,500.000,875.000,350.000,-1,1,1,2,0,2,1,0,0,0,2,2,2,2,1,0,1,2
48,-342.865,5184.288,-10.983,-93.235,-0.056419,0.998153,0.022537,-0.998407,-0.056420,-0.000584,0.000689,-0.022534,0.999746,0,0.88452,1.00000,53.071,2.000,300.000,325.000,-1,425.000,-1,325.000,350.000,325.000,300.000,-1,-1,-1,-1,500.000,900.000,325.000,-1,1,1,2,0,2,1,0,0,0,2,2,2,2,1,0,1,2
49,-344.018,5130.943,-9.863,-91.235,-0.021494,0.999677,0.013589,-0.999758,-0.021554,0.004334,0.004626,-0.013493,0.999898,0,0.88929,1.00000,53.357,2.000,275.000,325.000,-1,450.000,-1,325.000,350.000,350.000,300.000,-1,-1,-1,-1,475.000,925.000,300.000,-1,1,1,2,0,2,1,0,0,0,2,2,2,2,1,0,1,2
50,-343.302,5077.305,-8.631,-89.235,0.013381,0.999904,0.003478,-0.999867,0.013348,0.009346,0.009299,-0.003603,0.999950,0,0.89405,1.00000,53.643,2.000,250.000,325.000,-1,450.000,-1,325.000,375.000,375.000,300.000,-1,1000.000,575.000,-1,450.000,950.000,275.000,-1,1,1,2,0,2,1,0,0,0,2,0,0,2,1,0,1,2
51,-340.701,5023.441,-7.253,-87.235,0.048124,0.998810,-0.007957,-0.998732,0.048235,0.014434,0.014801,0.007253,0.999864,0,0.89877,1.00000,53.926,2.000,225.000,325.000,-1,475.000,-1,325.000,400.000,400.000,275.000,-1,725.000,300.000,975.000,425.000,975.000,250.000,-1,1,1,2,0,2,1,0,0,0,2,0,0,0,1,0,1,2
52,-336.195,4969.422,-5.692,-85.235,0.082642,0.996361,-0.020881,-0.996353,0.083051,0.019556,0.021219,0.019188,0.999591,0,0.90344,1.00000,54.206,2.000,225.000,300.000,-1,500.000,-1,300.000,400.000,425.000,275.000,-1,500.000,200.000,825.000,425.000,-1,250.000,-1,1,1,2,0,2,1,0,0,0,2,0,0,0,1,2,1,2
53,-329.772,4915.321,-3.915,-83.235,0.116827,0.992519,-0.035454,-0.992739,0.117733,0.024646,0.028636,0.032317,0.999067,0,0.90801,1.00000,54.481,2.000,200.000,300.000,-1,500.000,-1,300.000,425.000,475.000,275.000,-1,375.000,150.000,675.000,400.000,-1,225.000,-1,1,1,2,0,2,1,1,0,0,2,0,0,0,1,2,1,2
54,-321.421,4861.215,-1.888,-81.235,0.150557,0.987242,-0.051835,-0.987904,0.152213,0.029612,0.037124,0.046750,0.998217,0,0.91245,1.00000,54.747,2.000,200.000,275.000,-1,525.000,-1,300.000,400.000,500.000,275.000,-1,300.000,100.000,575.000,375.000,-1,200.000,-1,1,1,2,0,2,1,1,0,0,2,0,0,0,1,2,1,2
55,-311.134,4807.183,0.421,-79.235,0.183693,0.980476,-0.070172,-0.981871,0.186412,0.034336,0.046747,0.062593,0.996944,0,0.91669,1.00000,55.001,2.000,175.000,275.000,-1,550.000,-1,275.000,400.000,550.000,250.000,-1,275.000,75.000,475.000,375.000,-1,175.000,-1,1,1,2,0,2,1,1,1,0,2,0,0,0,1,2,1,2
56,-298.909,4753.311,3.041,-77.235,0.216079,0.972163,-0.090602,-0.974678,0.220243,0.038672,0.057549,0.079951,0.995136,0,0.92069,1.00000,55.241,2.000,175.000,250.000,-1,575.000,-1,275.000,375.000,575.000,250.000,-1,250.000,50.000,400.000,375.000,-1,175.000,-1,1,1,2,0,2,1,1,1,0,2,0,0,0,1,2,1,2
57,-284.748,4699.688,6.001,-75.235,0.247542,0.962237,-0.113239,-0.966377,0.253602,0.042446,0.069561,0.098924,0.992661,0,0.92435,1.00000,55.461,2.000,150.000,250.000,-1,600.000,-1,250.000,350.000,650.000,250.000,-1,225.000,25.000,325.000,350.000,-1,150.000,-1,1,1,2,1,2,1,1,1,0,2,0,0,0,1,2,1,2
58,-983.881,983.905,77.531,-67.062,0.389527,0.919620,0.050678,-0.921006,0.389173,0.017091,-0.004006,-0.053332,0.998569,1,0.00000,0.00000,50.661,1.760,-1,375.000,600.000,375.000,475.000,300.000,325.000,300.000,375.000,-1,250.000,100.000,-1,575.000,425.000,775.000,425.000,2,0,1,1,1,0,0,0,0,2,1,1,2,1,1,1,1
59,-982.030,979.477,77.455,-67.302,0.385689,0.921268,0.050087,-0.922622,0.385329,0.017050,-0.003593,-0.052788,0.998599,0,0.08000,-0.12000,4.800,-0.240,-1,375.000,575.000,375.000,475.000,300.000,325.000,300.000,375.000,-1,250.000,100.000,-1,575.000,425.000,750.000,425.000,2,0,1,1,1,0,0,0,0,2,1,1,2,1,1,1,1
60,-978.400,970.589,77.312,-67.782,0.377990,0.924516,0.048922,-0.925806,0.377618,0.016974,-0.002781,-0.051708,0.998658,0,0.16000,-0.24000,9.600,-0.480,-1,375.000,575.000,375.000,450.000,300.000,325.000,300.000,375.000,-1,275.000,125.000,-1,575.000,425.000,750.000,425.000,2,0,1,1,1,0,0,0,0,2,1,1,2,1,1,1,1
61,-973.103,957.199,77.104,-68.410,0.367892,0.928671,0.047180,-0.929867,0.367505,0.016936,-0.001611,-0.050102,0.998743,0,0.24000,-0.31362,14.400,-0.627,-1,375.000,550.000,350.000,450.000,300.000,325.000,300.000,350.000,-1,300.000,125.000,-1,550.000,400.000,700.000,425.000,2,0,1,1,1,0,0,0,0,2,1,1,2,1,1,1,1
62,-966.231,939.270,76.838,-69.026,0.357943,0.932665,0.044863,-0.933744,0.357537,0.017038,-0.000149,-0.047989,0.998848,0,0.32000,-0.30799,19.200,-0.616,-1,375.000,525.000,350.000,425.000,300.000,325.000,300.000,350.000,-1,325.000,150.000,-1,525.000,400.000,675.000,400.000,2,0,1,1,1,0,0,0,0,2,1,1,2,1,1,1,1
63,-957.878,916.771,76.533,-69.627,0.348201,0.936476,0.042047,-0.937419,0.347776,0.017274,0.001553,-0.045430,0.998966,0,0.40000,-0.30050,24.000,-0.601,-1,375.000,500.000,325.000,400.000,300.000,325.000,300.000,350.000,-1,350.000,150.000,-1,500.000,375.000,650.000,375.000,2,0,1,1,1,0,1,0,0,2,1,1,2,1,1,1,1
64,-948.128,889.671,76.213,-70.209,0.338726,0.940084,0.038824,-0.940879,0.338285,0.017627,0.003437,-0.042499,0.999091,0,0.48000,-0.29115,28.800,-0.582,-1,375.000,475.000,300.000,375.000,325.000,300.000,300.000,350.000,-1,375.000,175.000,-1,475.000,350.000,600.000,350.000,2,0,1,1,1,0,1,0,0,2,1,1,2,1,1,1,1
65,-938.408,861.804,75.946,-70.769,0.329571,0.943454,0.035733,-0.944116,0.329121,0.017989,0.005211,-0.039665,0.999199,0,0.49190,-0.27992,29.514,-0.560,850.000,375.000,450.000,275.000,350.000,300.000,275.000,300.000,350.000,-1,400.000,200.000,-1,450.000,325.000,550.000,325.000,1,1,1,1,1,1,1,0,0,2,1,1,2,1,1,1,1
66,-928.807,833.426,75.735,-71.306,0.320753,0.946594,0.032812,-0.947138,0.320301,0.018344,0.006855,-0.036961,0.999293,0,0.49929,-0.26840,29.957,-0.537,750.000,350.000,425.000,275.000,325.000,300.000,250.000,300.000,325.000,-1,425.000,200.000,-1,400.000,300.000,525.000,300.000,1,1,1,1,1,1,1,0,0,2,1,1,2,1,1,1,1
67,-919.321,804.538,75.580,-71.819,0.312282,0.949514,0.030062,-0.949953,0.311835,0.018684,0.008367,-0.034392,0.999373,0,0.50677,-0.25670,30.406,-0.513,675.000,325.000,375.000,250.000,275.000,275.000,250.000,300.000,325.000,-1,450.000,225.000,-1,375.000,275.000,475.000,250.000,1,1,1,1,1,1,1,0,0,2,1,1,2,1,1,1,1
68,-909.944,775.136,75.484,-72.309,0.304171,0.952221,0.027485,-0.952568,0.303734,0.018999,0.009743,-0.031960,0.999442,0,0.51435,-0.24482,30.861,-0.490,600.000,300.000,350.000,225.000,250.000,250.000,225.000,300.000,325.000,-1,500.000,250.000,-1,350.000,250.000,450.000,225.000,1,1,1,1,1,1,1,0,0,2,1,1,2,1,1,1,1
69,-899.256,741.114,75.585,-72.558,0.300022,0.953594,0.025394,-0.953873,0.299600,0.019128,0.010632,-0.029962,0.999495,0,0.59435,-0.12482,35.661,-0.250,525.000,275.000,325.000,200.000,200.000,225.000,200.000,300.000,325.000,-1,525.000,275.000,-1,325.000,225.000,400.000,200.000,1,1,1,1,1,1,1,0,0,2,1,1,2,1,1,1,1
70,-887.273,702.468,77.555,-72.776,0.296571,0.954581,0.028638,-0.954897,0.295939,0.024314,0.014735,-0.034557,0.999294,0,0.67435,-0.10860,40.461,-0.217,475.000,225.000,275.000,175.000,175.000,200.000,175.000,300.000,325.000,-1,550.000,300.000,-1,275.000,200.000,350.000,175.000,1,1,1,1,1,1,1,0,0,2,1,1,2,1,1,1,1
71,-874.013,659.191,85.614,-72.980,0.294662,0.954394,0.048023,-0.954901,0.292150,0.053034,0.036585,-0.061484,0.997437,0,0.75435,-0.10229,45.261,-0.205,400.000,225.000,275.000,175.000,175.000,175.000,175.000,275.000,425.000,-1,375.000,275.000,-1,250.000,200.000,325.000,150.000,1,1,1,1,1,1,1,0,0,2,1,1,2,1,1,1,1
72,-859.863,612.478,94.658,-73.171,0.294349,0.953127,0.070062,-0.953755,0.288287,0.085103,0.060916,-0.091872,0.993906,0,0.81343,-0.09560,48.806,-0.191,350.000,200.000,250.000,150.000,175.000,175.000,150.000,275.000,525.000,1000.000,125.000,225.000,-1,250.000,200.000,275.000,150.000,1,1,1,1,1,1,1,0,0,0,0,1,2,1,1,1,1
73,-845.657,565.091,104.037,-73.349,0.295895,0.950579,0.094050,-0.951275,0.284302,0.119363,0.086726,-0.124787,0.988386,0,0.82444,-0.08882,49.466,-0.178,275.000,175.000,250.000,150.000,175.000,150.000,150.000,250.000,675.000,500.000,50.000,200.000,-1,225.000,175.000,250.000,150.000,1,1,1,1,1,1,1,0,0,0,0,1,2,1,1,1,1
74,-4919.502,327.974,200.794,66.339,0.398627,-0.914542,0.068623,0.915998,0.400715,0.019365,-0.045209,0.055139,0.997455,1,0.00000,0.00000,50.124,-0.165,-1,400.000,-1,375.000,-1,325.000,325.000,300.000,300.000,625.000,475.000,425.000,-1,750.000,725.000,-1,-1,2,0,2,0,2,0,0,0,0,1,1,1,2,0,0,2,2
75,-4917.594,332.378,200.584,66.579,0.394796,-0.916205,0.068590,0.917667,0.396877,0.019376,-0.044974,0.055293,0.997457,0,0.08000,0.12000,4.800,0.240,-1,400.000,-1,375.000,-1,325.000,325.000,300.000,300.000,625.000,475.000,425.000,-1,750.000,725.000,-1,-1,2,0,2,0,2,0,0,0,0,1,1,1,2,0,0,2,2
76,-4913.853,341.219,200.168,67.059,0.387114,-0.919482,0.068524,0.920957,0.389181,0.019396,-0.044503,0.055599,0.997461,0,0.16000,0.24000,9.600,0.480,-1,400.000,-1,375.000,-1,325.000,325.000,300.000,300.000,650.000,475.000,450.000,-1,750.000,725.000,-1,-1,2,0,2,0,2,0,0,0,0,1,1,1,2,0,0,2,2
77,-4908.407,354.549,199.555,67.779,0.375541,-0.924276,0.068423,0.925771,0.377586,0.019423,-0.043788,0.056050,0.997467,0,0.24000,0.36000,14.400,0.720,-1,400.000,-1,375.000,-1,325.000,325.000,300.000,300.000,650.000,500.000,450.000,-1,750.000,725.000,-1,-1,2,0,2,0,2,0,0,0,0,1,1,1,2,0,0,2,2
78,-4901.446,372.442,198.756,68.739,0.360020,-0.930442,0.068286,0.931961,0.362036,0.019453,-0.042822,0.056637,0.997476,0,0.32000,0.48000,19.200,0.960,-1,400.000,-1,375.000,-1,325.000,325.000,300.000,300.000,675.000,500.000,475.000,-1,750.000,700.000,-1,-1,2,0,2,0,2,0,0,0,0,1,1,1,2,0,0,2,2
79,-4893.214,394.986,197.787,69.939,0.340479,-0.937782,0.068113,0.939332,0.342457,0.019479,-0.041593,0.057348,0.997487,0,0.40000,0.60000,24.000,1.200,-1,400.000,-1,375.000,-1,325.000,325.000,300.000,300.000,675.000,525.000,500.000,-1,750.000,700.000,-1,-1,2,0,2,0,2,0,0,0,0,1,1,1,2,0,0,2,2
80,-4884.019,422.278,196.667,71.379,0.316836,-0.946046,0.067904,0.947633,0.318767,0.019497,-0.040090,0.058171,0.997501,0,0.48000,0.72000,28.800,1.440,-1,400.000,-1,375.000,-1,325.000,325.000,300.000,300.000,700.000,550.000,525.000,-1,750.000,700.000,-1,-1,2,0,2,0,2,0,0,0,0,1,1,1,2,0,0,2,2
81,-4874.171,454.402,195.416,72.955,0.290733,-0.954409,0.067663,0.956033,0.292610,0.019504,-0.038414,0.059017,0.997518,0,0.56000,0.78807,33.600,1.576,-1,400.000,-1,375.000,-1,325.000,325.000,300.000,300.000,725.000,575.000,550.000,-1,750.000,700.000,-1,-1,2,0,2,0,2,0,0,0,0,1,1,1,2,0,0,2,2
82,-4863.925,491.409,194.050,74.523,0.264546,-0.962016,0.067392,0.963674,0.266368,0.019507,-0.036717,0.059784,0.997536,0,0.64000,0.78413,38.400,1.568,-1,400.000,-1,375.000,-1,325.000,325.000,300.000,300.000,750.000,600.000,600.000,-1,750.000,700.000,-1,-1,2,0,2,0,2,0,0,0,0,1,1,1,2,0,0,2,2
83,-4853.535,533.341,192.584,76.083,0.238315,-0.968868,0.067094,0.970557,0.240081,0.019499,-0.035000,0.060471,0.997556,0,0.72000,0.77967,43.200,1.559,-1,400.000,-1,375.000,-1,325.000,325.000,300.000,300.000,775.000,650.000,650.000,-1,750.000,700.000,-1,-1,2,0,2,0,2,0,0,0,0,1,1,1,2,0,0,2,2
84,-4843.255,580.226,191.037,77.632,0.212081,-0.974969,0.066768,0.976686,0.213788,0.019480,-0.033267,0.061080,0.997578,0,0.80000,0.77470,48.000,1.549,-1,400.000,-1,375.000,-1,325.000,325.000,300.000,300.000,825.000,675.000,725.000,-1,750.000,700.000,-1,-1,2,0,2,0,2,0,0,0,0,1,1,1,2,0,0,2,2
85,-4833.727,630.040,189.467,79.171,0.185898,-0.980328,0.066320,0.982070,0.187530,0.019253,-0.031312,0.061551,0.997613,0,0.84530,0.76922,50.718,1.538,-1,400.000,-1,375.000,-1,325.000,325.000,300.000,300.000,850.000,725.000,800.000,-1,750.000,700.000,-1,-1,2,0,2,0,2,0,0,0,0,1,1,1,2,0,0,2,2
86,-4825.495,680.303,188.012,80.697,0.159785,-0.984942,0.066020,0.986720,0.161336,0.018837,-0.029204,0.062133,0.997640,0,0.84888,0.76346,50.933,1.527,-1,400.000,-1,375.000,-1,325.000,325.000,300.000,300.000,875.000,775.000,925.000,-1,750.000,700.000,-1,-1,2,0,2,0,2,0,0,0,0,1,1,1,2,0,0,2,2
87,-4818.565,730.977,186.730,82.213,0.133776,-0.988852,0.065387,0.990645,0.135230,0.018320,-0.026958,0.062324,0.997692,0,0.85244,0.75770,51.146,1.515,-1,400.000,-1,375.000,-1,325.000,325.000,300.000,300.000,925.000,850.000,-1,-1,750.000,700.000,-1,-1,2,0,2,0,2,0,0,0,0,1,1,2,2,0,0,2,2
88,-4812.945,782.025,185.581,83.717,0.107883,-0.992064,0.064584,0.993859,0.109231,0.017701,-0.024615,0.062278,0.997755,0,0.85596,0.75196,51.357,1.504,-1,400.000,-1,375.000,-1,325.000,325.000,300.000,300.000,950.000,900.000,-1,-1,750.000,700.000,-1,-1,2,0,2,0,2,0,0,0,0,1,1,2,2,0,0,2,2
89,-4808.639,833.411,184.518,85.209,0.082112,-0.994578,0.063807,0.996373,0.083356,0.017080,-0.022306,0.062173,0.997816,0,0.85944,0.74622,51.566,1.492,-1,400.000,-1,375.000,-1,325.000,325.000,300.000,300.000,975.000,975.000,-1,-1,775.000,700.000,-1,-1,2,0,2,0,2,0,0,0,0,1,1,2,2,0,0,2,2
90,-4805.650,885.096,183.539,86.690,0.056481,-0.996410,0.063064,0.998203,0.057624,0.016460,-0.020035,0.062021,0.997874,0,0.86288,0.74049,51.773,1.481,-1,400.000,-1,375.000,-1,325.000,325.000,300.000,300.000,-1,-1,-1,-1,775.000,725.000,-1,-1,2,0,2,0,2,0,0,0,0,2,2,2,2,0,0,2,2
91,-4803.981,937.045,182.643,88.160,0.031006,-0.997572,0.062363,0.999361,0.032052,0.015843,-0.017803,0.061832,0.997928,0,0.86627,0.73477,51.976,1.470,-1,400.000,-1,375.000,-1,325.000,325.000,300.000,300.000,-1,-1,-1,-1,775.000,725.000,-1,-1,2,0,2,0,2,0,0,0,0,2,2,2,2,0,0,2,2
92,-4803.633,989.221,181.827,89.618,0.005705,-0.998078,0.061713,0.999862,0.006657,0.015233,-0.015614,0.061618,0.997978,0,0.86963,0.72906,52.178,1.458,-1,400.000,-1,375.000,-1,325.000,325.000,300.000,300.000,-1,-1,-1,-1,775.000,725.000,-1,-1,2,0,2,0,2,0,0,0,0,2,2,2,2,0,0,2,2
93,-4804.606,1041.588,181.089,91.065,-0.019406,-0.997942,0.061122,0.999721,-0.018544,0.014635,-0.013471,0.061389,0.998023,0,0.87295,0.72336,52.377,1.447,-1,400.000,-1,375.000,-1,325.000,325.000,300.000,300.000,-1,-1,-1,-1,775.000,725.000,-1,-1,2,0,2,0,2,0,0,0,0,2,2,2,2,0,0,2,2
94,-4806.900,1094.111,180.427,92.500,-0.044312,-0.997178,0.060598,0.998953,-0.043536,0.014054,-0.011376,0.061157,0.998063,0,0.87622,0.71768,52.573,1.435,-1,400.000,-1,400.000,-1,325.000,325.000,300.000,300.000,-1,-1,-1,-1,775.000,750.000,-1,-1,2,0,2,0,2,0,0,0,0,2,2,2,2,0,0,2,2
95,-4810.511,1146.753,179.839,93.924,-0.068997,-0.995802,0.060148,0.997573,-0.068305,0.013497,-0.009332,0.060933,0.998098,0,0.87945,0.71200,52.767,1.424,-1,400.000,-1,400.000,-1,325.000,325.000,300.000,300.000,-1,-1,-1,-1,800.000,750.000,-1,-1,2,0,2,0,2,0,0,0,0,2,2,2,2,0,0,2,2
96,-4815.436,1199.481,179.322,95.337,-0.093449,-0.993828,0.059780,0.995597,-0.092835,0.012969,-0.007340,0.060728,0.998127,0,0.88263,0.70634,52.958,1.413,-1,400.000,-1,400.000,-1,325.000,325.000,300.000,300.000,-1,-1,-1,-1,800.000,750.000,-1,-1,2,0,2,0,2,0,0,0,0,2,2,2,2,0,0,2,2
97,-4821.672,1252.259,178.875,96.738,-0.117653,-0.991271,0.059500,0.993040,-0.117114,0.012479,-0.005402,0.060554,0.998150,0,0.88577,0.70070,53.146,1.401,-1,400.000,-1,400.000,-1,325.000,325.000,300.000,300.000,-1,-1,-1,-1,800.000,750.000,-1,-1,2,0,2,0,2,0,0,0,0,2,2,2,2,0,0,2,2
98,-4829.212,1305.055,178.550,98.128,-0.141614,-0.988158,0.059072,0.989915,-0.141131,0.012295,-0.003812,0.060217,0.998178,0,0.88887,0.69506,53.332,1.390,-1,400.000,-1,400.000,-1,325.000,325.000,300.000,300.000,-1,-1,-1,-1,800.000,775.000,-1,-1,2,0,2,0,2,0,0,0,0,2,2,2,2,0,0,2,2
99,-4838.051,1357.835,178.323,99.507,-0.165319,-0.984491,0.058718,0.986237,-0.164872,0.012418,-0.002545,0.059962,0.998197,0,0.89192,0.68945,53.515,1.379,-1,400.000,-1,400.000,-1,325.000,325.000,300.000,300.000,-1,-1,-1,-1,800.000,775.000,-1,-1,2,0,2,0,2,0,0,0,0,2,2,2,2,0,0,2,2
100,-4848.181,1410.565,178.183,100.875,-0.188754,-0.980286,0.058402,0.982023,-0.188325,0.012814,-0.001562,0.059771,0.998211,0,0.89492,0.68384,53.695,1.368,-1,400.000,-1,400.000,-1,325.000,325.000,300.000,300.000,-1,-1,-1,-1,800.000,775.000,-1,-1,2,0,2,0,2,0,0,0,0,2,2,2,2,0,0,2,2
101,-4859.578,1463.105,178.104,102.238,-0.212014,-0.975541,0.058055,0.977266,-0.211601,0.013242,-0.000634,0.059542,0.998226,0,0.89604,0.68175,53.762,1.364,-1,400.000,-1,400.000,-1,325.000,325.000,300.000,300.000,-1,-1,-1,-1,800.000,775.000,-1,-1,2,0,2,0,2,0,0,0,0,2,2,2,2,0,0,2,2
102,-4872.263,1515.944,178.081,103.500,-0.233434,-0.970660,0.057687,0.972373,-0.233032,0.013693,0.000152,0.059289,0.998241,0,0.90567,0.63081,54.340,1.262,-1,400.000,-1,400.000,-1,325.000,325.000,300.000,300.000,-1,-1,-1,-1,800.000,775.000,-1,-1,2,0,2,0,2,0,0,0,0,2,2,2,2,0,0,2,2
103,-4886.108,1568.490,178.114,104.761,-0.254743,-0.965309,0.057309,0.967008,-0.254351,0.014158,0.000909,0.059025,0.998256,0,0.90567,0.63081,54.340,1.262,-1,400.000,-1,400.000,-1,325.000,325.000,300.000,300.000,-1,-1,-1,-1,800.000,775.000,-1,-1,2,0,2,0,2,0,0,0,0,2,2,2,2,0,0,2,2
104,-4901.107,1620.719,178.199,106.023,-0.275931,-0.959490,0.056921,0.961176,-0.275548,0.014637,0.001641,0.058750,0.998271,0,0.90567,0.63081,54.340,1.262,-1,400.000,-1,400.000,-1,325.000,325.000,300.000,300.000,-1,-1,-1,-1,800.000,775.000,-1,-1,2,0,2,0,2,0,0,0,0,2,2,2,2,0,0,2,2
105,-4917.253,1672.605,178.336,107.285,-0.296987,-0.953207,0.056524,0.954878,-0.296611,0.015126,0.002348,0.058466,0.998287,0,0.90567,0.63081,54.340,1.262,-1,400.000,-1,400.000,-1,325.000,325.000,300.000,300.000,-1,-1,-1,-1,800.000,775.000,-1,-1,2,0,2,0,2,0,0,0,0,2,2,2,2,0,0,2,2
106,-4934.537,1724.123,178.521,108.546,-0.317902,-0.946461,0.056119,0.948119,-0.317532,0.015624,0.003032,0.058174,0.998302,0,0.90567,0.63081,54.340,1.262,-1,400.000,-1,400.000,-1,325.000,325.000,300.000,300.000,-1,-1,-1,-1,800.000,775.000,-1,-1,2,0,2,0,2,0,0,0,0,2,2,2,2,0,0,2,2
107,-4952.950,1775.248,178.753,109.808,-0.338664,-0.939257,0.055706,0.940900,-0.338300,0.016130,0.003695,0.057876,0.998317,0,0.90567,0.63081,54.340,1.262,-1,400.000,-1,400.000,-1,325.000,325.000,300.000,300.000,-1,-1,-1,-1,775.000,775.000,-1,-1,2,0,2,0,2,0,0,0,0,2,2,2,2,0,0,2,2
108,-4972.486,1825.955,179.030,111.070,-0.359264,-0.931597,0.055287,0.933226,-0.358904,0.016642,0.004339,0.057574,0.998332,0,0.90567,0.63081,54.340,1.262,-1,400.000,-1,400.000,-1,325.000,325.000,300.000,300.000,-1,-1,-1,-1,775.000,750.000,-1,-1,2,0,2,0,2,0,0,0,0,2,2,2,2,0,0,2,2
109,-4993.132,1876.219,179.318,112.331,-0.379685,-0.923479,0.055004,0.925102,-0.379333,0.017116,0.005058,0.057383,0.998339,0,0.90567,0.63081,54.340,1.262,-1,400.000,-1,400.000,-1,325.000,325.000,300.000,300.000,-1,-1,-1,-1,775.000,750.000,-1,-1,2,0,2,0,2,0,0,0,0,2,2,2,2,0,0,2,2
110,-5014.881,1926.017,179.624,113.593,-0.399923,-0.914909,0.054801,0.916531,-0.399576,0.017627,0.005771,0.057276,0.998342,0,0.90567,0.63081,54.340,1.262,-1,400.000,-1,400.000,-1,325.000,325.000,300.000,300.000,-1,-1,-1,-1,775.000,750.000,-1,-1,2,0,2,0,2,0,0,0,0,2,2,2,2,0,0,2,2
111,-5037.721,1975.324,180.017,114.854,-0.419966,-0.905904,0.054461,0.907516,-0.419630,0.018014,0.006535,0.056989,0.998353,0,0.90567,0.63081,54.340,1.262,-1,400.000,-1,400.000,-1,325.000,325.000,300.000,300.000,-1,-1,-1,-1,775.000,750.000,-1,-1,2,0,2,0,2,0,0,0,0,2,2,2,2,0,0,2,2
112,-5061.641,2024.116,180.459,116.116,-0.439810,-0.896462,0.054069,0.898062,-0.439482,0.018441,0.007230,0.056668,0.998367,0,0.90567,0.63081,54.340,1.262,-1,400.000,-1,400.000,-1,325.000,325.000,300.000,300.000,-1,-1,-1,-1,775.000,750.000,-1,-1,2,0,2,0,2,0,0,0,0,2,2,2,2,0,0,2,2
113,-5086.629,2072.370,180.924,117.378,-0.459442,-0.886591,0.053573,0.888173,-0.459125,0.018800,0.007929,0.056219,0.998387,0,0.90567,0.63081,54.340,1.262,-1,400.000,-1,400.000,-1,325.000,325.000,300.000,300.000,-1,-1,-1,-1,775.000,725.000,-1,-1,2,0,2,0,2,0,0,0,0,2,2,2,2,0,0,2,2
114,-5112.673,2120.062,181.409,118.639,-0.478852,-0.876296,0.052965,0.877853,-0.478550,0.019061,0.008644,0.055623,0.998414,0,0.90567,0.63081,54.340,1.262,-1,400.000,-1,400.000,-1,325.000,325.000,300.000,300.000,-1,-1,-1,-1,775.000,725.000,-1,-1,2,0,2,0,2,0,0,0,0,2,2,2,2,0,0,2,2
115,-5139.761,2167.168,181.982,119.901,-0.498023,-0.865570,0.052558,0.867112,-0.497741,0.019260,0.009490,0.055165,0.998432,0,0.90567,0.63081,54.340,1.262,-1,400.000,-1,400.000,-1,325.000,325.000,300.000,300.000,-1,-1,-1,-1,775.000,725.000,-1,-1,2,0,2,0,2,0,0,0,0,2,2,2,2,0,0,2,2
116,-5167.880,2213.667,182.653,121.162,-0.516943,-0.854414,0.052409,0.855955,-0.516686,0.019399,0.010505,0.054888,0.998437,0,0.90567,0.63081,54.340,1.262,-1,400.000,-1,400.000,-1,325.000,325.000,300.000,300.000,-1,-1,-1,-1,775.000,725.000,-1,-1,2,0,2,0,2,0,0,0,0,2,2,2,2,0,0,2,2
117,-5197.016,2259.536,183.398,122.424,-0.535608,-0.842839,0.052401,0.844387,-0.535378,0.019506,0.011614,0.054694,0.998436,0,0.90567,0.63081,54.340,1.262,-1,400.000,-1,400.000,-1,325.000,325.000,300.000,300.000,-1,-1,-1,-1,775.000,725.000,-1,-1,2,0,2,0,2,0,0,0,0,2,2,2,2,0,0,2,2
118,-5227.155,2304.752,184.191,123.686,-0.554013,-0.830857,0.052401,0.832411,-0.553813,0.019599,0.012737,0.054478,0.998434,0,0.90567,0.63081,54.340,1.262,-1,400.000,-1,400.000,-1,325.000,325.000,300.000,300.000,-1,-1,-1,-1,775.000,725.000,-1,-1,2,0,2,0,2,0,0,0,0,2,2,2,2,0,0,2,2
119,-5258.282,2349.293,185.019,124.947,-0.572152,-0.818475,0.052349,0.820031,-0.571981,0.019679,0.013836,0.054187,0.998435,0,0.90567,0.63081,54.340,1.262,-1,400.000,-1,400.000,-1,325.000,325.000,300.000,300.000,-1,-1,-1,-1,775.000,725.000,-1,-1,2,0,2,0,2,0,0,0,0,2,2,2,2,0,0,2,2
120,-5290.383,2393.138,185.881,126.209,-0.590016,-0.805699,0.052243,0.807254,-0.589875,0.019740,0.014912,0.053821,0.998439,0,0.90567,0.63081,54.340,1.262,-1,400.000,-1,375.000,-1,325.000,325.000,300.000,300.000,-1,-1,-1,-1,775.000,700.000,-1,-1,2,0,2,0,2,0,0,0,0,2,2,2,2,0,0,2,2
121,-5323.440,2436.266,186.784,127.470,-0.607599,-0.792537,0.052046,0.794084,-0.607487,0.019777,0.015943,0.053346,0.998449,0,0.90567,0.63081,54.340,1.262,-1,400.000,-1,375.000,-1,325.000,325.000,300.000,300.000,-1,-1,-1,-1,775.000,700.000,-1,-1,2,0,2,0,2,0,0,0,0,2,2,2,2,0,0,2,2
122,-5357.439,2478.656,187.734,128.732,-0.624894,-0.778995,0.051723,0.780527,-0.624809,0.019781,0.016908,0.052732,0.998466,0,0.90567,0.63081,54.340,1.262,-1,400.000,-1,375.000,-1,325.000,325.000,300.000,300.000,-1,-1,-1,-1,775.000,700.000,-1,-1,2,0,2,0,2,0,0,0,0,2,2,2,2,0,0,2,2
123,-5392.364,2520.287,188.711,129.994,-0.641887,-0.765076,0.051371,0.766591,-0.641832,0.019742,0.017867,0.052052,0.998485,0,0.90567,0.63081,54.340,1.262,-1,400.000,-1,375.000,-1,325.000,325.000,300.000,300.000,-1,-1,-1,-1,800.000,725.000,-1,-1,2,0,2,0,2,0,0,0,0,2,2,2,2,0,0,2,2
124,-5428.196,2561.139,189.806,131.255,-0.658563,-0.750801,0.050916,0.752284,-0.658559,0.019223,0.019099,0.050963,0.998518,0,0.90567,0.63081,54.340,1.262,-1,400.000,-1,375.000,-1,325.000,325.000,300.000,300.000,-1,-1,-1,-1,800.000,725.000,-1,-1,2,0,2,0,2,0,0,0,0,2,2,2,2,0,0,2,2
125,-5464.919,2601.192,191.063,132.517,-0.674908,-0.736181,0.050359,0.737610,-0.674987,0.018000,0.020740,0.049294,0.998569,0,0.90567,0.63081,54.340,1.262,-1,400.000,-1,375.000,-1,325.000,325.000,300.000,300.000,-1,-1,-1,-1,800.000,725.000,-1,-1,2,0,2,0,2,0,0,0,0,2,2,2,2,0,0,2,2
126,-5502.581,2640.496,192.331,133.778,-0.690930,-0.721202,0.049840,0.722577,-0.691087,0.016787,0.022337,0.047611,0.998616,0,0.90727,0.63075,54.436,1.262,-1,400.000,-1,375.000,-1,325.000,325.000,300.000,300.000,-1,-1,-1,-1,800.000,725.000,-1,-1,2,0,2,0,2,0,0,0,0,2,2,2,2,0,0,2,2
127,-5541.401,2679.265,193.602,135.039,-0.706611,-0.705878,0.049363,0.707200,-0.706841,0.015642,0.023850,0.045962,0.998658,0,0.91439,0.63030,54.864,1.261,-1,400.000,-1,400.000,-1,325.000,325.000,300.000,300.000,-1,-1,-1,-1,825.000,750.000,-1,-1,2,0,2,0,2,0,0,0,0,2,2,2,2,0,0,2,2
128,-5581.373,2717.467,194.887,136.298,-0.721938,-0.690225,0.048932,0.691498,-0.722230,0.014662,0.025220,0.044421,0.998694,0,0.92153,0.62949,55.292,1.259,-1,400.000,-1,400.000,-1,325.000,325.000,300.000,300.000,-1,-1,-1,-1,825.000,750.000,-1,-1,2,0,2,0,2,0,0,0,0,2,2,2,2,0,0,2,2
129,-5618.490,2751.698,196.150,137.317,-0.734100,-0.677302,0.048577,0.678543,-0.734423,0.014257,0.026020,0.043427,0.998718,0,0.84153,0.50949,50.492,1.019,-1,400.000,-1,400.000,-1,325.000,325.000,300.000,300.000,-1,-1,-1,-1,825.000,750.000,-1,-1,2,0,2,0,2,0,0,0,0,2,2,2,2,0,0,2,2
130,-5653.465,2783.084,197.352,138.096,-0.743248,-0.667275,0.048229,0.668492,-0.743587,0.014059,0.026481,0.042690,0.998737,0,0.78321,0.38949,46.993,0.779,-1,400.000,-1,400.000,-1,325.000,325.000,300.000,300.000,-1,-1,-1,-1,825.000,750.000,-1,-1,2,0,2,0,2,0,0,0,0,2,2,2,2,0,0,2,2
131,-5689.002,2814.376,198.567,138.635,-0.749505,-0.660268,0.047829,0.661461,-0.749850,0.013934,0.026664,0.042081,0.998758,0,0.78919,0.26949,47.351,0.539,-1,400.000,-1,400.000,-1,325.000,325.000,300.000,300.000,-1,-1,-1,-1,825.000,750.000,-1,-1,2,0,2,0,2,0,0,0,0,2,2,2,2,0,1,2,2
132,-5725.095,2845.579,199.775,139.156,-0.755498,-0.653434,0.047403,0.654603,-0.755847,0.013817,0.026801,0.041468,0.998780,0,0.79518,0.26068,47.711,0.521,-1,400.000,-1,400.000,-1,325.000,325.000,300.000,300.000,-1,-1,-1,-1,825.000,725.000,-1,-1,2,0,2,0,2,0,0,0,0,2,2,2,2,0,1,2,2
133,-5761.743,2876.687,200.976,139.674,-0.761392,-0.646590,0.046951,0.647733,-0.761744,0.013705,0.026903,0.040847,0.998803,0,0.80118,0.25905,48.071,0.518,-1,400.000,-1,400.000,-1,325.000,325.000,300.000,300.000,-1,-1,-1,-1,825.000,700.000,-1,950.000,2,0,2,0,2,0,0,0,0,2,2,2,2,0,1,2,1
134,-5798.944,2907.695,202.169,140.189,-0.767185,-0.639741,0.046473,0.640859,-0.767538,0.013599,0.026970,0.040216,0.998827,0,0.80716,0.25722,48.430,0.514,-1,400.000,-1,400.000,-1,325.000,325.000,300.000,300.000,-1,-1,-1,-1,850.000,675.000,-1,875.000,2,0,2,0,2,0,0,0,0,2,2,2,2,0,1,2,1
135,-5836.697,2938.597,203.240,140.699,-0.772897,-0.632906,0.045385,0.633973,-0.773240,0.013372,0.026630,0.039108,0.998880,0,0.81312,0.25518,48.787,0.510,-1,400.000,-1,400.000,-1,325.000,325.000,300.000,300.000,-1,-1,-1,-1,825.000,650.000,-1,825.000,2,0,2,0,2,0,0,0,0,2,2,2,2,0,1,2,1
