timestep,x_cm,y_cm,z_cm,yaw_deg,basis_xx,basis_xy,basis_xz,basis_yx,basis_yy,basis_yz,basis_zx,basis_zy,basis_zz,teleport_flag,throttle_cmd,steering_cmd,cmd_move_cm,cmd_turn_deg,lidar_cm_0,lidar_cm_1,lidar_cm_2,lidar_cm_3,lidar_cm_4,lidar_cm_5,lidar_cm_6,lidar_cm_7,lidar_cm_8,lidar_cm_9,lidar_cm_10,lidar_cm_11,lidar_cm_12,lidar_cm_13,lidar_cm_14,lidar_cm_15,lidar_cm_16,lidar_class_0,lidar_class_1,lidar_class_2,lidar_class_3,lidar_class_4,lidar_class_5,lidar_class_6,lidar_class_7,lidar_class_8,lidar_class_9,lidar_class_10,lidar_class_11,lidar_class_12,lidar_class_13,lidar_class_14,lidar_class_15,lidar_class_16
0,332.445,326.238,39.494,-21.197,0.931902,0.361391,-0.030914,-0.362125,0.931853,-0.022692,0.020606,0.032341,0.999264,1,0.08000,-0.12000,4.800,-0.240,-1,375.000,-1,375.000,500.000,300.000,300.000,325.000,325.000,-1,550.000,525.000,-1,800.000,675.000,-1,625.000,2,0,2,0,1,0,0,0,0,2,0,0,2,0,0,2,1
1,341.366,322.692,39.702,-21.677,0.928832,0.369185,-0.031203,-0.369922,0.928792,-0.022420,0.020704,0.032367,0.999262,0,0.16000,-0.24000,9.600,-0.480,-1,375.000,-1,375.000,475.000,300.000,300.000,325.000,325.000,-1,550.000,525.000,-1,800.000,675.000,-1,625.000,2,0,2,0,1,0,0,0,0,2,0,0,2,0,0,2,1
2,354.680,317.205,40.010,-22.397,0.924105,0.380827,-0.031641,-0.381569,0.924078,-0.022007,0.020858,0.032410,0.999257,0,0.24000,-0.36000,14.400,-0.720,-1,375.000,-1,375.000,475.000,300.000,300.000,325.000,325.000,-1,550.000,525.000,-1,800.000,675.000,-1,600.000,2,0,2,0,1,0,0,0,0,2,0,0,2,0,0,2,1
3,372.307,309.593,40.416,-23.357,0.917575,0.396255,-0.032232,-0.397004,0.917566,-0.021445,0.021077,0.032474,0.999250,0,0.32000,-0.48000,19.200,-0.960,-1,375.000,-1,375.000,450.000,300.000,300.000,325.000,325.000,-1,550.000,550.000,-1,800.000,675.000,-1,575.000,2,0,2,0,1,0,0,0,0,2,0,0,2,0,1,2,1
4,394.136,299.618,40.915,-24.557,0.909049,0.415383,-0.032981,-0.416141,0.909064,-0.020725,0.021374,0.032565,0.999241,0,0.40000,-0.60000,24.000,-1.200,-1,400.000,-1,375.000,425.000,300.000,300.000,325.000,325.000,-1,550.000,550.000,-1,800.000,650.000,-1,550.000,2,0,2,0,1,0,0,0,0,2,0,0,2,0,1,2,1
5,420.022,286.995,41.503,-25.997,0.898290,0.438094,-0.033896,-0.438865,0.898334,-0.019832,0.021761,0.032691,0.999229,0,0.48000,-0.72000,28.800,-1.440,-1,400.000,-1,375.000,400.000,300.000,300.000,325.000,325.000,-1,550.000,550.000,-1,800.000,600.000,-1,500.000,2,0,2,0,1,0,0,0,0,2,0,0,2,0,1,2,1
6,449.778,271.388,42.174,-27.677,0.885018,0.464240,-0.034979,-0.465024,0.885099,-0.018751,0.022255,0.032862,0.999212,0,0.56000,-0.84000,33.600,-1.680,-1,400.000,-1,375.000,375.000,300.000,300.000,325.000,325.000,-1,500.000,550.000,-1,800.000,575.000,-1,475.000,2,0,2,0,1,0,0,0,0,2,0,0,2,0,1,2,1
7,483.167,252.422,42.950,-29.597,0.868918,0.493629,-0.036219,-0.494431,0.869039,-0.017594,0.022791,0.033196,0.999189,0,0.64000,-0.96000,38.400,-1.920,1000.000,400.000,-1,375.000,350.000,325.000,300.000,325.000,325.000,-1,475.000,500.000,-1,825.000,525.000,1000.000,425.000,1,0,2,0,1,0,0,0,0,2,0,0,2,0,1,1,1
8,519.964,229.788,43.931,-31.597,0.851105,0.523642,-0.037688,-0.524479,0.851257,-0.016794,0.023288,0.034060,0.999148,0,0.72000,-1.00000,43.200,-2.000,950.000,400.000,-1,375.000,325.000,325.000,300.000,325.000,325.000,-1,475.000,475.000,-1,825.000,475.000,975.000,375.000,1,0,2,0,1,0,0,0,0,2,0,0,2,0,1,1,1
9,559.946,203.227,45.016,-33.597,0.832241,0.553013,-0.039385,-0.553893,0.832437,-0.015850,0.024020,0.035006,0.999098,0,0.80000,-1.00000,48.000,-2.000,925.000,400.000,-1,375.000,275.000,325.000,300.000,325.000,325.000,-1,450.000,450.000,-1,825.000,450.000,950.000,325.000,1,0,2,0,1,0,0,0,0,2,0,0,2,1,1,1,1
10,599.912,174.617,45.824,-35.597,0.812414,0.581732,-0.039634,-0.582594,0.812636,-0.014408,0.023827,0.034796,0.999110,0,0.81918,-1.00000,49.151,-2.000,875.000,400.000,-1,350.000,250.000,325.000,300.000,325.000,325.000,-1,475.000,475.000,-1,800.000,400.000,900.000,275.000,1,0,2,1,1,0,0,0,0,2,0,0,2,1,1,1,1
11,638.928,144.573,46.611,-37.597,0.791600,0.609743,-0.039780,-0.610584,0.791844,-0.013006,0.023569,0.034584,0.999124,0,0.82070,-1.00000,49.242,-2.000,825.000,400.000,-1,300.000,200.000,325.000,300.000,325.000,325.000,-1,475.000,475.000,-1,775.000,350.000,875.000,225.000,1,0,2,1,1,0,0,0,0,2,0,0,2,1,1,1,1
12,676.929,113.138,47.412,-39.597,0.769820,0.637008,-0.039981,-0.637835,0.770085,-0.011695,0.023339,0.034505,0.999132,0,0.82196,-1.00000,49.318,-2.000,775.000,400.000,-1,275.000,175.000,325.000,300.000,325.000,325.000,-1,475.000,475.000,-1,750.000,300.000,825.000,175.000,1,0,2,1,1,0,0,0,1,2,0,0,2,1,1,1,1
13,716.679,77.850,48.290,-41.597,0.747096,0.663496,-0.040263,-0.664311,0.747384,-0.010368,0.023213,0.034493,0.999135,0,0.88589,-1.00000,53.153,-2.000,750.000,400.000,-1,225.000,125.000,325.000,275.000,325.000,300.000,-1,500.000,500.000,-1,725.000,275.000,800.000,150.000,1,0,2,1,1,0,1,0,1,2,0,0,2,1,1,1,1
14,755.405,40.964,57.497,-43.597,0.723283,0.689581,-0.036601,-0.688947,0.724200,0.029782,0.047044,0.003676,0.998886,0,0.89132,-1.00000,53.479,-2.000,725.000,450.000,-1,225.000,125.000,350.000,250.000,300.000,300.000,-1,200.000,325.000,-1,775.000,250.000,825.000,125.000,1,0,2,1,1,1,1,0,1,2,0,0,2,1,1,1,1
15,793.044,2.531,68.941,-45.597,0.699568,0.713991,-0.028663,-0.710404,0.699257,0.079781,0.077006,-0.035449,0.996400,0,0.89649,-1.00000,53.789,-2.000,725.000,500.000,-1,225.000,100.000,350.000,250.000,275.000,325.000,625.000,75.000,225.000,-1,825.000,250.000,925.000,125.000,1,1,2,1,1,1,1,0,1,0,0,0,2,1,1,1,1
16,829.529,-37.399,80.844,-47.597,0.676486,0.736262,-0.016893,-0.728498,0.672363,0.131221,0.107971,-0.076462,0.991209,0,0.90135,-1.00000,54.081,-2.000,725.000,575.000,-1,225.000,100.000,350.000,250.000,250.000,325.000,350.000,25.000,200.000,-1,975.000,250.000,-1,125.000,1,1,2,1,1,1,1,0,1,0,0,0,2,1,1,2,1
17,864.788,-78.776,93.187,-49.597,0.654511,0.756052,-0.001019,-0.743060,0.643512,0.183723,0.139560,-0.119492,0.982978,0,0.90586,-1.00000,54.352,-2.000,700.000,700.000,-1,225.000,100.000,375.000,250.000,225.000,350.000,225.000,0.000,175.000,-1,-1,275.000,-1,100.000,1,1,2,1,1,1,1,0,1,0,0,0,2,2,1,2,1
18,898.752,-121.543,105.961,-51.597,0.634138,0.772982,0.019167,-0.754025,0.612717,0.236693,0.171215,-0.164549,0.971395,0,0.90996,-1.00000,54.598,-2.000,725.000,775.000,-1,225.000,100.000,400.000,250.000,225.000,375.000,150.000,0.000,150.000,-1,-1,300.000,-1,100.000,1,1,2,1,1,1,1,0,1,0,0,0,2,2,1,2,1
19,4919.416,4263.477,-231.234,140.424,-0.775230,-0.630200,0.043201,0.628394,-0.762427,0.154357,-0.064338,0.146810,0.987070,1,0.00000,0.00000,54.816,-2.000,-1,350.000,-1,325.000,575.000,300.000,275.000,100.000,300.000,-1,150.000,175.000,-1,600.000,550.000,925.000,600.000,2,0,2,0,0,0,0,1,0,2,0,0,2,0,0,0,0
20,4915.705,4266.519,-231.747,140.664,-0.777803,-0.627039,0.042938,0.625289,-0.765107,0.153705,-0.063527,0.146401,0.987183,0,0.08000,0.12000,4.800,0.240,-1,350.000,-1,325.000,575.000,300.000,275.000,100.000,300.000,-1,125.000,175.000,-1,575.000,550.000,925.000,600.000,2,0,2,0,0,0,0,1,0,2,0,0,2,0,0,0,0
21,4908.229,4272.540,-232.429,141.144,-0.782916,-0.620564,0.044073,0.619146,-0.770279,0.152735,-0.060833,0.146867,0.987284,0,0.16000,0.24000,9.600,0.480,-1,350.000,-1,325.000,575.000,300.000,275.000,100.000,300.000,-1,125.000,175.000,-1,600.000,550.000,950.000,600.000,2,0,2,0,0,0,0,1,0,2,0,0,2,0,0,0,0
22,4896.903,4281.430,-233.157,141.864,-0.790480,-0.610862,0.044591,0.609776,-0.778050,0.151037,-0.057568,0.146582,0.987522,0,0.24000,0.36000,14.400,0.720,-1,350.000,-1,325.000,575.000,300.000,275.000,100.000,300.000,1000.000,150.000,200.000,-1,600.000,550.000,950.000,600.000,2,0,2,0,0,0,0,1,0,0,0,0,2,0,0,0,0
23,4881.639,4293.073,-234.061,142.666,-0.798742,-0.599966,0.045306,0.599280,-0.786596,0.148764,-0.053616,0.145975,0.987834,0,0.32000,0.40102,19.200,0.802,-1,350.000,-1,325.000,575.000,300.000,275.000,100.000,300.000,975.000,150.000,200.000,-1,600.000,550.000,975.000,600.000,2,0,2,0,0,0,0,1,0,0,0,0,2,0,0,0,0
24,4862.356,4307.358,-235.132,143.469,-0.806825,-0.588969,0.046364,0.588747,-0.795032,0.145951,-0.049100,0.145053,0.988205,0,0.40000,0.40131,24.000,0.803,-1,350.000,-1,325.000,575.000,300.000,275.000,100.000,300.000,950.000,150.000,200.000,-1,600.000,550.000,975.000,600.000,2,0,2,0,0,0,0,1,0,0,0,0,2,0,0,0,0
25,4838.978,4324.174,-236.338,144.272,-0.814728,-0.577871,0.047776,0.578169,-0.803357,0.142613,-0.044031,0.143814,0.988625,0,0.48000,0.40163,28.800,0.803,-1,350.000,-1,350.000,575.000,300.000,275.000,100.000,300.000,925.000,150.000,225.000,-1,600.000,550.000,1000.000,625.000,2,0,2,0,0,0,0,1,0,0,0,0,2,0,0,0,0
26,4811.431,4343.409,-237.618,145.076,-0.822458,-0.566664,0.049547,0.567523,-0.811560,0.138886,-0.038492,0.142346,0.989068,0,0.56000,0.40195,33.600,0.804,-1,350.000,-1,350.000,575.000,300.000,300.000,100.000,300.000,900.000,175.000,225.000,-1,600.000,550.000,1000.000,625.000,2,0,2,0,0,0,0,1,0,0,0,0,2,0,0,0,0
27,4779.633,4364.935,-236.094,145.880,-0.830704,-0.554422,0.050472,0.555178,-0.818266,0.149060,-0.041343,0.151846,0.987539,0,0.64000,0.40221,38.400,0.804,-1,350.000,-1,325.000,500.000,300.000,275.000,100.000,300.000,-1,300.000,350.000,-1,600.000,525.000,1000.000,550.000,2,0,2,0,0,0,0,1,0,2,0,0,2,0,0,0,0
28,4743.525,4388.648,-234.595,146.685,-0.838755,-0.542079,0.051377,0.542756,-0.824760,0.158702,-0.043655,0.160997,0.985989,0,0.72000,0.40236,43.200,0.805,-1,350.000,-1,325.000,450.000,300.000,275.000,125.000,300.000,-1,450.000,500.000,-1,600.000,500.000,975.000,500.000,2,0,2,0,0,0,0,1,0,2,0,0,2,0,0,0,0
29,4703.232,4414.309,-233.257,147.489,-0.846557,-0.529716,0.052361,0.530400,-0.831150,0.166931,-0.044906,0.169089,0.984577,0,0.79622,0.40231,47.773,0.805,-1,350.000,-1,325.000,400.000,275.000,275.000,125.000,300.000,-1,600.000,650.000,-1,575.000,475.000,975.000,450.000,2,0,2,0,0,0,0,1,0,2,0,0,2,0,0,0,0
30,4658.385,4441.739,-232.182,148.534,-0.856147,-0.513894,0.054077,0.514923,-0.839719,0.172410,-0.043191,0.175454,0.983540,0,0.87622,0.52231,52.573,1.045,-1,350.000,-1,300.000,375.000,275.000,275.000,150.000,275.000,-1,750.000,775.000,-1,575.000,475.000,1000.000,400.000,2,0,2,0,0,0,0,1,0,2,0,0,2,0,0,0,0
31,4610.343,4469.666,-231.466,149.819,-0.867283,-0.494589,0.056588,0.496354,-0.850427,0.174373,-0.038119,0.179318,0.983052,0,0.92624,0.64231,55.574,1.285,-1,350.000,-1,300.000,350.000,275.000,275.000,150.000,275.000,-1,825.000,850.000,-1,600.000,450.000,-1,375.000,2,0,2,0,0,0,0,1,0,2,0,0,2,0,0,2,0
32,4561.898,4496.136,-231.286,151.343,-0.879736,-0.471752,0.059290,0.474508,-0.863220,0.172316,-0.030110,0.179726,0.983256,0,0.92017,0.76231,55.210,1.525,-1,350.000,-1,300.000,350.000,275.000,275.000,175.000,275.000,-1,850.000,900.000,-1,600.000,450.000,-1,375.000,2,0,2,0,0,0,0,1,0,2,0,0,2,0,0,2,0
33,4512.936,4520.970,-231.462,153.108,-0.893277,-0.445204,0.062049,0.449077,-0.877846,0.166480,-0.019648,0.176577,0.984091,0,0.91510,0.88231,54.906,1.765,-1,350.000,-1,300.000,350.000,275.000,275.000,175.000,275.000,300.000,850.000,900.000,-1,600.000,450.000,-1,375.000,2,0,2,0,0,0,0,1,0,1,0,0,2,0,0,2,0
34,4463.364,4543.984,-231.632,155.108,-0.907634,-0.414851,0.064029,0.419691,-0.894044,0.156669,-0.007750,0.169071,0.985573,0,0.91102,1.00000,54.661,2.000,-1,350.000,-1,300.000,350.000,275.000,275.000,175.000,250.000,250.000,825.000,900.000,-1,625.000,475.000,-1,400.000,2,0,2,0,0,0,0,1,0,1,0,0,2,0,0,2,0
35,4413.193,4565.187,-231.667,157.108,-0.920806,-0.384109,0.067654,0.389965,-0.909665,0.142958,0.006631,0.158019,0.987414,0,0.90789,1.00000,54.473,2.000,-1,375.000,-1,325.000,400.000,300.000,275.000,175.000,275.000,225.000,750.000,825.000,-1,625.000,475.000,-1,425.000,2,0,2,0,0,0,0,1,0,1,0,0,2,0,0,2,0
36,4362.473,4584.570,-231.664,159.108,-0.932801,-0.352896,0.073116,0.359650,-0.924527,0.126105,0.023096,0.143927,0.989319,0,0.90504,1.00000,54.302,2.000,-1,375.000,-1,325.000,450.000,300.000,275.000,200.000,275.000,200.000,650.000,750.000,-1,650.000,525.000,-1,525.000,2,0,2,0,0,0,0,1,0,1,0,0,2,0,0,2,0
37,4311.252,4602.123,-231.835,161.108,-0.943623,-0.321134,0.080307,0.328491,-0.938378,0.107422,0.040861,0.127746,0.990965,0,0.90247,1.00000,54.148,2.000,-1,375.000,-1,350.000,575.000,300.000,300.000,200.000,275.000,175.000,525.000,550.000,-1,675.000,550.000,-1,650.000,2,0,2,0,0,0,0,1,0,1,0,0,2,0,0,2,0
38,4259.579,4617.836,-231.698,163.108,-0.953319,-0.288751,0.088348,0.296322,-0.950866,0.089708,0.058104,0.111699,0.992042,0,0.90019,1.00000,54.011,2.000,-1,375.000,-1,350.000,725.000,300.000,300.000,200.000,275.000,175.000,325.000,400.000,-1,675.000,600.000,-1,775.000,2,0,2,0,0,0,0,1,0,1,0,0,2,0,0,2,0
39,4207.502,4631.690,-228.304,165.108,-0.962516,-0.255507,0.090994,0.263267,-0.960802,0.086894,0.065225,0.107593,0.992053,0,0.89818,1.00000,53.891,2.000,-1,375.000,-1,350.000,725.000,300.000,300.000,200.000,275.000,200.000,325.000,425.000,-1,700.000,600.000,-1,775.000,2,0,2,0,0,0,0,1,0,1,0,0,2,0,0,2,0
40,4155.074,4643.694,-224.701,167.108,-0.970568,-0.221920,0.093542,0.229823,-0.969569,0.084371,0.071972,0.103386,0.992034,0,0.89645,1.00000,53.787,2.000,-1,375.000,-1,375.000,725.000,325.000,300.000,200.000,275.000,225.000,325.000,425.000,-1,700.000,600.000,-1,800.000,2,0,2,0,0,0,0,1,0,1,0,0,2,0,0,2,0
41,4102.345,4653.845,-220.900,169.108,-0.977463,-0.188030,0.095976,0.196033,-0.977152,0.082122,0.078341,0.099086,0.991990,0,0.89498,1.00000,53.699,2.000,-1,375.000,-1,375.000,725.000,325.000,300.000,200.000,275.000,225.000,300.000,400.000,-1,725.000,600.000,-1,800.000,2,0,2,0,0,0,0,1,0,1,0,0,2,0,0,2,0
42,4049.366,4662.138,-216.914,171.108,-0.983190,-0.153879,0.098277,0.161944,-0.983541,0.080133,0.084329,0.094701,0.991928,0,0.89376,1.00000,53.625,2.000,-1,375.000,-1,375.000,700.000,325.000,300.000,200.000,275.000,250.000,300.000,400.000,-1,725.000,600.000,-1,825.000,2,0,2,0,0,0,0,1,0,1,0,0,2,0,0,2,0
43,3996.188,4668.570,-212.755,173.108,-0.987740,-0.119510,0.100434,0.127599,-0.988723,0.078386,0.089933,0.090240,0.991851,0,0.89278,1.00000,53.567,2.000,-1,375.000,-1,375.000,700.000,300.000,300.000,200.000,275.000,275.000,300.000,400.000,-1,725.000,600.000,-1,825.000,2,0,2,0,0,0,0,1,0,1,0,0,2,0,0,2,0
44,3942.863,4673.138,-208.230,175.108,-0.991130,-0.084959,0.102193,0.093100,-0.992619,0.077719,0.094836,0.086544,0.991724,0,0.89204,1.00000,53.522,2.000,-1,375.000,-1,375.000,700.000,300.000,300.000,200.000,275.000,300.000,300.000,425.000,-1,-1,625.000,-1,-1,2,0,2,0,0,0,0,1,0,1,0,0,2,2,0,2,2
45,3889.442,4675.841,-202.896,177.108,-0.993360,-0.050283,0.103479,0.058394,-0.995327,0.076909,0.099128,0.082440,0.991654,0,0.89151,1.00000,53.490,2.000,-1,400.000,-1,375.000,700.000,325.000,300.000,200.000,275.000,300.000,350.000,475.000,-1,-1,625.000,-1,-1,2,0,2,0,0,0,0,1,0,1,0,0,2,2,0,2,2
46,3831.160,4676.754,-196.648,179.108,-0.994383,-0.015522,0.104699,0.023479,-0.996893,0.075193,0.103206,0.077229,0.991657,0,0.97151,1.00000,58.290,2.000,-1,400.000,-1,375.000,725.000,325.000,300.000,200.000,275.000,325.000,400.000,525.000,-1,-1,-1,-1,-1,2,0,2,0,0,0,0,1,0,1,0,0,2,2,2,2,2
47,3772.869,4675.632,-190.087,181.108,-0.994225,0.019287,0.105568,-0.011595,-0.997265,0.072991,0.106687,0.071345,0.991730,0,0.97171,1.00000,58.302,2.000,-1,400.000,-1,375.000,-1,325.000,300.000,200.000,275.000,350.000,450.000,625.000,-1,-1,-1,-1,-1,2,0,2,0,2,0,0,1,0,1,0,0,2,2,2,2,2
48,3714.789,4672.485,-183.303,183.108,-0.992818,0.054102,0.106698,-0.046723,-0.996418,0.070491,0.110130,0.064999,0.991790,0,0.96943,1.00000,58.166,2.000,-1,400.000,-1,375.000,-1,325.000,300.000,200.000,275.000,375.000,525.000,700.000,-1,-1,-1,-1,-1,2,0,2,0,2,0,0,1,0,1,0,0,2,2,2,2,2
49,3657.000,4667.325,-176.464,185.108,-0.990181,0.088878,0.107899,-0.081812,-0.994308,0.068250,0.113351,0.058752,0.991816,0,0.96699,1.00000,58.020,2.000,-1,400.000,-1,375.000,-1,325.000,300.000,200.000,275.000,400.000,575.000,800.000,-1,-1,-1,-1,-1,2,0,2,0,2,0,0,1,0,1,0,0,2,2,2,2,2
50,3599.581,4660.170,-169.588,187.108,-0.986316,0.123567,0.109144,-0.116813,-0.990940,0.066271,0.116344,0.052615,0.991814,0,0.96440,1.00000,57.864,2.000,-1,400.000,-1,-1,-1,325.000,325.000,200.000,275.000,400.000,650.000,925.000,1000.000,-1,-1,-1,-1,2,0,2,2,2,0,0,1,0,1,0,0,1,2,2,2,2
51,3542.683,4651.296,-162.725,188.868,-0.981881,0.153986,0.110443,-0.147513,-0.986948,0.064610,0.118951,0.047148,0.991780,0,0.95977,0.88000,57.586,1.760,-1,-1,-1,-1,-1,325.000,-1,175.000,275.000,425.000,700.000,-1,975.000,-1,-1,-1,-1,2,2,2,2,2,1,2,1,0,1,0,2,1,2,2,2,2
52,3486.246,4640.954,-155.885,190.388,-0.977268,0.180150,0.111769,-0.173926,-0.982727,0.063220,0.121228,0.042343,0.991721,0,0.95629,0.76000,57.377,1.520,-1,-1,-1,-1,-1,-1,-1,175.000,275.000,425.000,750.000,-1,950.000,-1,-1,-1,-1,2,2,2,2,2,2,2,1,0,1,0,2,1,2,2,2,2
53,3430.301,4629.404,-149.087,191.668,-0.972814,0.202092,0.113105,-0.196084,-0.978622,0.062052,0.123227,0.038187,0.991644,0,0.95206,0.64000,57.124,1.280,-1,-1,-1,-1,-1,-1,-1,175.000,275.000,450.000,775.000,-1,950.000,-1,-1,-1,-1,2,2,2,2,2,2,2,1,0,1,0,2,1,2,2,2,2
54,3374.865,4616.905,-142.348,192.708,-0.968798,0.219849,0.114441,-0.214025,-0.974918,0.061061,0.124994,0.034663,0.991552,0,0.94713,0.52000,56.828,1.040,-1,1000.000,-1,-1,-1,-1,-1,175.000,275.000,450.000,800.000,1000.000,950.000,-1,-1,-1,-1,2,1,2,2,2,2,2,1,0,1,0,0,1,2,2,2,2
55,3319.937,4603.711,-136.110,193.508,-0.965758,0.233450,0.113194,-0.227734,-0.971797,0.061227,0.124295,0.033353,0.991685,0,0.94153,0.40000,56.492,0.800,-1,975.000,-1,-1,-1,-1,-1,175.000,275.000,425.000,925.000,-1,950.000,-1,-1,-1,-1,2,1,2,2,2,2,2,1,0,1,0,2,1,2,2,2,2
56,3265.509,4590.053,-135.535,194.068,-0.966008,0.242675,0.089096,-0.235824,-0.968425,0.080869,0.105908,0.057109,0.992735,0,0.93534,0.28000,56.120,0.560,-1,925.000,-1,-1,-1,-1,-1,175.000,225.000,450.000,-1,-1,925.000,-1,-1,-1,-1,2,1,2,2,2,2,2,1,0,1,2,2,1,2,2,2,2
57,3207.402,4575.123,-135.437,194.388,-0.966904,0.247664,0.061311,-0.240987,-0.965431,0.099344,0.083796,0.081281,0.993162,0,1.00000,0.16000,60.000,0.320,-1,875.000,-1,1000.000,-1,950.000,975.000,175.000,175.000,500.000,-1,-1,925.000,-1,-1,-1,-1,2,1,2,1,2,1,1,1,0,1,2,2,1,2,2,2,2
58,-4263.556,-6887.287,-140.974,-29.077,0.873802,0.485766,0.022409,-0.484443,0.873576,-0.046700,-0.042261,0.029951,0.998658,1,0.00000,0.00000,60.000,0.080,-1,450.000,-1,375.000,825.000,325.000,325.000,275.000,275.000,-1,-1,-1,-1,-1,675.000,-1,-1,2,1,2,0,0,0,0,0,0,2,2,2,2,2,0,2,2
59,-4259.371,-6889.637,-141.192,-29.317,0.871751,0.489427,0.022593,-0.488105,0.871544,-0.046525,-0.042461,0.029531,0.998662,0,0.08000,-0.12000,4.800,-0.240,-1,450.000,-1,375.000,800.000,325.000,325.000,275.000,275.000,-1,-1,-1,-1,-1,675.000,-1,-1,2,1,2,0,0,0,0,0,0,2,2,2,2,2,0,2,2
60,-4251.040,-6894.408,-141.633,-29.797,0.867605,0.496724,0.022974,-0.495404,0.867435,-0.046167,-0.042861,0.028673,0.998669,0,0.16000,-0.24000,9.600,-0.480,-1,450.000,-1,375.000,800.000,325.000,325.000,275.000,275.000,-1,-1,-1,-1,-1,675.000,-1,-1,2,1,2,0,0,0,0,0,0,2,2,2,2,2,0,2,2
61,-4238.624,-6901.702,-142.295,-30.431,0.862028,0.506312,0.023570,-0.504998,0.861914,-0.045612,-0.043409,0.027416,0.998681,0,0.24000,-0.31710,14.400,-0.634,-1,450.000,-1,375.000,800.000,325.000,300.000,275.000,275.000,-1,-1,-1,-1,-1,650.000,-1,1000.000,2,1,2,0,0,0,0,0,0,2,2,2,2,2,0,2,0
62,-4222.175,-6911.606,-143.172,-31.050,0.856473,0.515616,0.024385,-0.514314,0.856429,-0.044839,-0.044004,0.025862,0.998697,0,0.32000,-0.30952,19.200,-0.619,-1,450.000,-1,375.000,775.000,325.000,300.000,275.000,275.000,-1,-1,-1,-1,-1,650.000,-1,975.000,2,1,2,0,0,0,0,0,0,2,2,2,2,2,0,2,0
63,-4201.745,-6924.200,-144.273,-31.651,0.850973,0.524593,0.025439,-0.523308,0.851015,-0.043833,-0.044644,0.023988,0.998715,0,0.40000,-0.30040,24.000,-0.601,-1,475.000,-1,375.000,750.000,325.000,300.000,275.000,275.000,-1,-1,-1,-1,-1,650.000,-1,950.000,2,1,2,0,0,0,0,0,0,2,2,2,2,2,0,2,0
64,-4177.383,-6939.560,-145.608,-32.230,0.845569,0.533196,0.026751,-0.531939,0.845712,-0.042573,-0.045324,0.021768,0.998735,0,0.48000,-0.28960,28.800,-0.579,-1,475.000,-1,375.000,750.000,325.000,300.000,275.000,275.000,-1,-1,-1,-1,-1,625.000,-1,925.000,2,1,2,0,0,0,0,0,0,2,2,2,2,2,0,2,0
65,-4149.135,-6957.754,-146.832,-32.784,0.840372,0.541360,0.026559,-0.540151,0.840538,-0.041638,-0.044865,0.020645,0.998780,0,0.56000,-0.27695,33.600,-0.554,-1,475.000,-1,375.000,725.000,325.000,300.000,275.000,275.000,-1,-1,-1,-1,-1,625.000,-1,925.000,2,1,2,0,0,1,0,0,0,2,2,2,2,2,0,2,0
66,-4117.043,-6978.841,-148.182,-33.309,0.835386,0.549042,0.026136,-0.547886,0.835563,-0.040682,-0.044174,0.019666,0.998830,0,0.64000,-0.26224,38.400,-0.524,-1,500.000,-1,375.000,725.000,325.000,300.000,275.000,275.000,-1,-1,-1,-1,-1,625.000,-1,900.000,2,1,2,0,0,1,0,0,0,2,2,2,2,2,0,2,0
67,-4081.145,-7002.873,-149.732,-33.799,0.830659,0.556186,0.025732,-0.555089,0.830850,-0.039543,-0.043373,0.018563,0.998886,0,0.72000,-0.24524,43.200,-0.490,-1,500.000,-1,375.000,725.000,325.000,300.000,275.000,275.000,-1,-1,-1,-1,-1,625.000,-1,900.000,2,1,2,0,0,1,0,0,0,2,2,2,2,2,0,2,0
68,-4041.469,-7029.888,-151.500,-34.250,0.826254,0.562727,0.025348,-0.561697,0.826462,-0.038168,-0.042427,0.017298,0.998950,0,0.80000,-0.22566,48.000,-0.451,-1,500.000,-1,375.000,700.000,350.000,325.000,275.000,275.000,-1,-1,-1,-1,-1,600.000,-1,900.000,2,1,2,0,0,1,1,0,0,2,2,2,2,2,0,2,0
69,-3998.037,-7059.914,-155.175,-34.657,0.821909,0.568636,0.033433,-0.567690,0.822540,-0.034000,-0.046834,0.008966,0.998862,0,0.88000,-0.20318,52.800,-0.406,-1,475.000,-1,350.000,675.000,325.000,300.000,275.000,300.000,-1,-1,-1,-1,950.000,575.000,-1,800.000,2,1,2,0,0,1,1,0,0,2,2,2,2,1,0,2,0
70,-3950.859,-7092.961,-159.710,-35.012,0.817818,0.573741,0.044672,-0.573024,0.819034,-0.028756,-0.053086,-0.002081,0.998588,0,0.96000,-0.17741,57.600,-0.355,-1,425.000,-1,350.000,625.000,325.000,300.000,250.000,300.000,-1,-1,-1,-1,825.000,550.000,-1,700.000,2,1,2,0,0,1,1,0,0,2,2,2,2,1,0,2,0
71,-3901.784,-7127.482,-164.108,-35.126,0.816098,0.575341,0.054462,-0.574975,0.817826,-0.023749,-0.058204,-0.011933,0.998233,0,1.00000,-0.05741,60.000,-0.115,-1,400.000,-1,325.000,575.000,300.000,275.000,275.000,300.000,-1,-1,-1,-1,725.000,525.000,-1,650.000,2,1,2,0,0,1,1,1,0,2,2,2,2,1,0,2,0
72,-3852.634,-7161.896,-168.070,-35.001,0.816840,0.573470,0.062481,-0.573549,0.818963,-0.018453,-0.061752,-0.020763,0.997876,0,1.00000,0.06259,60.000,0.125,-1,375.000,-1,300.000,550.000,275.000,275.000,325.000,300.000,-1,-1,-1,-1,650.000,500.000,-1,600.000,2,1,2,0,0,1,0,1,0,2,2,2,2,1,0,2,0
73,-3803.264,-7195.993,-171.099,-34.636,0.820058,0.568094,0.069099,-0.568826,0.822391,-0.010481,-0.062781,-0.030711,0.997555,0,1.00000,0.18259,60.000,0.365,-1,375.000,-1,300.000,575.000,275.000,250.000,350.000,300.000,-1,-1,-1,-1,600.000,500.000,-1,600.000,2,1,2,0,0,1,0,1,0,2,2,2,2,1,0,2,0
74,-3753.537,-7229.567,-173.931,-34.031,0.825706,0.559206,0.074147,-0.560582,0.828095,-0.002700,-0.062910,-0.039336,0.997244,0,1.00000,0.30259,60.000,0.605,-1,350.000,-1,300.000,625.000,275.000,250.000,400.000,300.000,875.000,-1,-1,-1,575.000,500.000,-1,625.000,2,1,2,0,0,1,0,1,0,0,2,2,2,1,0,2,0
75,-3703.320,-7262.404,-176.459,-33.186,0.833689,0.546740,0.077702,-0.548758,0.835962,0.005658,-0.061862,-0.047357,0.996961,0,1.00000,0.42259,60.000,0.845,-1,325.000,-1,300.000,800.000,250.000,250.000,450.000,300.000,750.000,-1,-1,-1,550.000,500.000,-1,725.000,2,1,2,0,0,1,0,1,0,0,2,2,2,1,0,2,0
76,-3652.491,-7294.284,-178.718,-32.101,0.843811,0.530636,0.080052,-0.533195,0.845890,0.013194,-0.060714,-0.053816,0.996703,0,1.00000,0.54259,60.000,1.085,-1,325.000,-1,300.000,-1,250.000,250.000,475.000,300.000,700.000,-1,-1,-1,525.000,525.000,-1,900.000,2,1,2,0,2,1,0,1,0,0,2,2,2,1,0,2,0
77,-3600.939,-7324.981,-180.488,-30.775,0.855791,0.510830,0.081701,-0.513728,0.857764,0.018014,-0.060879,-0.057388,0.996494,0,1.00000,0.66259,60.000,1.325,-1,325.000,-1,300.000,-1,250.000,250.000,525.000,300.000,675.000,-1,-1,-1,500.000,525.000,-1,-1,2,1,2,0,2,0,0,1,0,0,2,2,2,1,0,2,2
78,-3548.568,-7354.259,-182.305,-29.210,0.869409,0.487129,0.082660,-0.490314,0.871252,0.022636,-0.060991,-0.060209,0.996321,0,1.00000,0.78259,60.000,1.565,-1,300.000,-1,300.000,-1,225.000,250.000,550.000,300.000,675.000,-1,-1,-1,500.000,525.000,-1,-1,2,1,2,0,2,0,0,1,0,0,2,2,2,1,0,2,2
79,-3495.302,-7381.873,-184.228,-27.405,0.884336,0.459376,0.083202,-0.462816,0.886038,0.027159,-0.061244,-0.062524,0.996163,0,1.00000,0.90259,60.000,1.805,-1,300.000,-1,300.000,-1,225.000,250.000,600.000,300.000,700.000,-1,-1,-1,475.000,525.000,-1,-1,2,1,2,0,2,0,0,1,0,0,2,2,2,1,0,2,2
80,-3441.702,-7407.327,-186.284,-25.405,0.899850,0.428119,0.083574,-0.431801,0.901414,0.031634,-0.061792,-0.064553,0.995999,0,0.98895,1.00000,59.337,2.000,-1,300.000,-1,300.000,-1,225.000,250.000,625.000,300.000,700.000,-1,-1,-1,475.000,550.000,-1,-1,2,1,2,0,2,0,0,1,0,0,2,2,2,1,0,2,2
81,3607.531,5575.396,-129.942,151.279,-0.870559,-0.474125,0.131652,0.433045,-0.865263,-0.252571,0.233664,-0.162867,0.958580,1,0.00000,0.00000,58.394,2.000,-1,625.000,-1,-1,-1,600.000,700.000,200.000,125.000,200.000,150.000,375.000,-1,-1,-1,-1,-1,2,0,2,2,2,0,0,0,1,0,0,0,2,2,2,2,2
82,6231.656,2956.523,8.612,86.512,0.056972,-0.997999,0.027427,0.983481,0.060828,0.170484,-0.171811,0.017262,0.984979,1,0.08000,0.12000,4.800,0.240,-1,425.000,-1,400.000,-1,325.000,325.000,300.000,300.000,-1,-1,-1,-1,-1,875.000,-1,-1,2,0,2,0,2,0,0,0,0,2,2,2,2,2,0,2,2
83,6232.159,2966.110,6.938,86.992,0.048523,-0.998453,0.027150,0.983872,0.052464,0.171008,-0.172168,0.018415,0.984895,0,0.16000,0.24000,9.600,0.480,-1,425.000,-1,400.000,-1,325.000,325.000,300.000,300.000,-1,-1,-1,-1,-1,875.000,-1,-1,2,0,2,0,2,0,0,0,0,2,2,2,2,2,0,2,2
84,6232.734,2980.499,4.431,87.712,0.035845,-0.999000,0.026714,0.984323,0.039912,0.171798,-0.172693,0.020137,0.984770,0,0.24000,0.36000,14.400,0.720,-1,425.000,-1,400.000,-1,325.000,325.000,300.000,300.000,-1,-1,-1,-1,-1,875.000,-1,-1,2,0,2,0,2,0,0,0,0,2,2,2,2,2,0,2,2
85,6233.205,2999.693,1.098,88.593,0.020335,-0.999452,0.026106,0.984640,0.024548,0.172860,-0.173406,0.022190,0.984600,0,0.32000,0.44043,19.200,0.881,-1,425.000,-1,400.000,-1,325.000,325.000,300.000,300.000,-1,-1,-1,-1,-1,875.000,-1,-1,2,0,2,0,2,0,0,0,0,2,2,2,2,2,0,2,2
86,6233.423,3023.693,-3.054,89.480,0.004731,-0.999668,0.025321,0.984668,0.009072,0.174201,-0.174372,0.024109,0.984385,0,0.40000,0.44353,24.000,0.887,-1,425.000,-1,400.000,-1,325.000,325.000,300.000,300.000,-1,-1,-1,-1,-1,900.000,-1,-1,2,0,2,0,2,0,0,0,0,2,2,2,2,2,0,2,2
87,6233.234,3052.493,-8.020,90.375,-0.010990,-0.999643,0.024344,0.984400,-0.006541,0.175823,-0.175601,0.025896,0.984121,0,0.48000,0.44741,28.800,0.895,-1,425.000,-1,400.000,-1,325.000,325.000,300.000,300.000,-1,-1,-1,-1,-1,900.000,-1,-1,2,0,2,0,2,0,0,0,0,2,2,2,2,2,0,2,2
88,6232.349,3086.082,-13.799,91.510,-0.030926,-0.999255,0.023105,0.983728,-0.026336,0.177722,-0.176981,0.028225,0.983809,0,0.56000,0.56741,33.600,1.135,-1,425.000,-1,400.000,-1,325.000,325.000,300.000,300.000,-1,-1,-1,-1,-1,900.000,-1,-1,2,0,2,0,2,0,0,0,0,2,2,2,2,2,0,2,2
89,6230.615,3120.474,-19.702,92.885,-0.055074,-0.998247,0.021690,0.982441,-0.050299,0.179666,-0.178260,0.031204,0.983489,0,0.57392,0.68741,34.435,1.375,-1,425.000,-1,400.000,-1,325.000,325.000,300.000,300.000,-1,-1,-1,-1,1000.000,900.000,-1,-1,2,0,2,0,2,0,0,0,0,2,2,2,2,0,0,2,2
90,6228.026,3155.089,-25.626,94.276,-0.079467,-0.996634,0.020146,0.980540,-0.074512,0.181627,-0.179514,0.034187,0.983161,0,0.57852,0.69558,34.711,1.391,-1,425.000,-1,425.000,-1,350.000,325.000,300.000,300.000,-1,-1,-1,-1,975.000,900.000,-1,-1,2,0,2,0,2,0,0,0,0,2,2,2,2,0,0,2,2
91,6224.577,3189.910,-31.571,95.656,-0.103601,-0.994447,0.018476,0.978055,-0.098482,0.183604,-0.180764,0.037092,0.982827,0,0.58318,0.68999,34.991,1.380,-1,450.000,-1,425.000,-1,350.000,325.000,300.000,300.000,-1,-1,-1,-1,975.000,900.000,-1,-1,2,0,2,0,2,0,0,0,0,2,2,2,2,0,0,2,2
92,6220.262,3224.920,-37.534,97.024,-0.127462,-0.991703,0.016679,0.975000,-0.122194,0.185591,-0.182014,0.039918,0.982485,0,0.58790,0.68436,35.274,1.369,-1,450.000,-1,425.000,-1,350.000,350.000,300.000,300.000,-1,-1,-1,-1,950.000,875.000,-1,-1,2,0,2,0,2,0,0,0,0,2,2,2,2,0,0,2,2
93,6214.800,3263.040,-44.429,98.153,-0.147297,-0.988959,0.016229,0.971960,-0.141685,0.187665,-0.183294,0.043417,0.982099,0,0.64181,0.56436,38.509,1.129,-1,450.000,-1,425.000,-1,350.000,350.000,300.000,300.000,-1,-1,-1,-1,950.000,875.000,-1,-1,2,0,2,0,2,0,0,0,0,2,2,2,2,0,0,2,2
94,6208.699,3301.376,-51.845,99.042,-0.163221,-0.986436,0.017386,0.969004,-0.156974,0.190762,-0.185445,0.047984,0.981482,0,0.64695,0.44436,38.817,0.889,-1,450.000,-1,425.000,-1,350.000,350.000,300.000,300.000,-1,-1,-1,-1,925.000,850.000,-1,-1,2,0,2,0,2,0,0,0,0,2,2,2,2,0,0,2,2
95,6202.112,3339.942,-59.619,99.691,-0.174664,-0.984476,0.017305,0.966676,-0.168112,0.193069,-0.187162,0.050450,0.981033,0,0.65206,0.32436,39.124,0.649,-1,450.000,-1,425.000,-1,350.000,350.000,300.000,300.000,-1,-1,-1,-1,900.000,825.000,-1,-1,2,0,2,0,2,0,0,0,0,2,2,2,2,0,0,2,2
96,6195.198,3378.762,-67.731,100.099,-0.181682,-0.983228,0.015969,0.964936,-0.175127,0.195525,-0.189449,0.050933,0.980569,0,0.65716,0.20436,39.430,0.409,-1,425.000,-1,425.000,-1,350.000,350.000,300.000,300.000,-1,-1,-1,-1,875.000,800.000,-1,-1,2,0,2,0,2,0,0,0,0,2,2,2,2,0,0,2,2
97,6188.115,3417.862,-75.909,100.268,-0.184496,-0.982725,0.014586,0.963906,-0.178024,0.197972,-0.191955,0.050585,0.980099,0,0.66225,0.08436,39.735,0.169,-1,425.000,-1,425.000,-1,350.000,350.000,300.000,300.000,-1,-1,-1,-1,850.000,800.000,-1,-1,2,0,2,0,2,0,0,0,0,2,2,2,2,0,0,2,2
98,6180.922,3457.252,-84.160,100.348,-0.185763,-0.982506,0.013197,0.963144,-0.179411,0.200414,-0.194540,0.049940,0.979622,0,0.66734,0.04025,40.040,0.081,-1,425.000,-1,425.000,-1,350.000,350.000,300.000,300.000,-1,-1,-1,-1,825.000,775.000,-1,-1,2,0,2,0,2,0,0,0,0,2,2,2,2,0,0,2,2
99,6173.628,3496.936,-92.485,100.416,-0.186805,-0.982326,0.011818,0.962414,-0.180578,0.202856,-0.197136,0.049268,0.979137,0,0.67246,0.03386,40.347,0.068,-1,425.000,-1,425.000,-1,350.000,325.000,300.000,300.000,-1,-1,-1,-1,800.000,750.000,-1,-1,2,0,2,0,2,0,0,0,0,2,2,2,2,0,0,2,2
100,6166.239,3536.918,-100.888,100.471,-0.187618,-0.982186,0.010451,0.961719,-0.181524,0.205296,-0.199742,0.048568,0.978644,0,0.67762,0.02741,40.657,0.055,-1,425.000,-1,425.000,-1,350.000,325.000,300.000,300.000,-1,-1,-1,-1,775.000,725.000,-1,-1,2,0,2,0,2,0,0,0,0,2,2,2,2,0,0,2,2
101,6158.764,3577.201,-109.368,100.513,-0.188202,-0.982088,0.009097,0.961058,-0.182247,0.207735,-0.202356,0.047839,0.978143,0,0.68282,0.02091,40.969,0.042,-1,425.000,-1,425.000,-1,325.000,325.000,300.000,300.000,-1,-1,-1,-1,750.000,725.000,-1,-1,2,0,2,0,2,0,0,0,0,2,2,2,2,0,0,2,2
102,6150.741,3620.258,-118.449,100.556,-0.188789,-0.981988,0.007679,0.960355,-0.182986,0.210320,-0.205127,0.047081,0.977602,0,0.72995,0.02135,43.797,0.043,-1,425.000,-1,400.000,-1,325.000,325.000,300.000,300.000,-1,-1,-1,-1,725.000,700.000,-1,-1,2,0,2,0,2,0,0,0,0,2,2,2,2,0,0,2,2
103,6142.691,3663.269,-127.537,100.601,-0.189423,-0.981875,0.006292,0.959641,-0.183769,0.212881,-0.207866,0.046362,0.977058,0,0.72928,0.02268,43.757,0.045,-1,400.000,-1,400.000,-1,325.000,325.000,300.000,300.000,-1,-1,-1,-1,700.000,675.000,-1,-1,2,0,2,0,2,0,0,0,0,2,2,2,2,0,0,2,2
104,6134.614,3706.230,-136.631,100.649,-0.190097,-0.981753,0.004935,0.958917,-0.184593,0.215416,-0.210574,0.045683,0.976510,0,0.72853,0.02386,43.712,0.048,-1,400.000,-1,375.000,-1,325.000,325.000,300.000,300.000,-1,-1,-1,-1,675.000,650.000,-1,-1,2,0,2,0,2,0,0,0,0,2,2,2,2,0,0,2,2
105,6126.508,3749.135,-145.731,100.698,-0.190808,-0.981621,0.003610,0.958184,-0.185450,0.217927,-0.213252,0.045041,0.975958,0,0.72772,0.02487,43.663,0.050,-1,375.000,-1,375.000,1000.000,325.000,325.000,300.000,300.000,-1,-1,-1,-1,650.000,650.000,-1,950.000,2,0,2,0,0,0,0,0,0,2,2,2,2,0,0,2,0
106,6118.374,3791.982,-154.836,100.750,-0.191549,-0.981480,0.002316,0.957443,-0.186337,0.220412,-0.215898,0.044437,0.975404,0,0.72684,0.02574,43.611,0.051,1000.000,375.000,-1,375.000,925.000,300.000,300.000,300.000,300.000,-1,-1,-1,-1,625.000,625.000,975.000,900.000,0,0,2,0,0,0,0,0,0,2,2,2,2,0,0,0,0
107,6110.211,3834.767,-163.946,100.803,-0.192315,-0.981333,0.001053,0.956695,-0.187248,0.222872,-0.218515,0.043869,0.974847,0,0.72593,0.02644,43.556,0.053,925.000,375.000,-1,350.000,875.000,300.000,300.000,300.000,300.000,-1,-1,-1,-1,600.000,600.000,900.000,850.000,0,0,2,0,0,0,0,0,0,2,2,2,2,0,0,0,0
108,6102.017,3877.488,-173.079,100.857,-0.193119,-0.981175,-0.000094,0.955953,-0.188176,0.225265,-0.221042,0.043414,0.974297,0,0.72497,0.02699,43.498,0.054,850.000,350.000,-1,350.000,825.000,300.000,300.000,300.000,300.000,-1,-1,-1,-1,575.000,575.000,825.000,800.000,0,0,2,0,0,0,0,0,0,2,2,2,2,0,0,0,0
109,6093.795,3920.142,-182.312,100.911,-0.194012,-0.980999,-0.000383,0.955789,-0.189114,0.225175,-0.220968,0.043321,0.974318,0,0.72399,0.02738,43.439,0.055,800.000,350.000,-1,350.000,800.000,300.000,275.000,300.000,300.000,-1,-1,-1,-1,575.000,575.000,800.000,775.000,0,0,2,0,0,0,0,0,0,2,2,2,2,0,0,0,0
110,6085.542,3962.728,-191.149,100.967,-0.194601,-0.980881,-0.001839,0.955940,-0.190072,0.223719,-0.219792,0.041778,0.974652,0,0.72298,0.02761,43.379,0.055,775.000,350.000,-1,350.000,750.000,275.000,275.000,300.000,300.000,-1,-1,-1,-1,575.000,575.000,775.000,725.000,0,0,2,0,0,0,0,0,0,2,2,2,2,0,0,0,0
111,6077.260,4005.246,-200.039,101.022,-0.195163,-0.980766,-0.003221,0.956369,-0.191034,0.221055,-0.217418,0.040062,0.975256,0,0.72198,0.02769,43.319,0.055,750.000,350.000,1000.000,350.000,725.000,275.000,275.000,300.000,325.000,-1,-1,-1,-1,550.000,575.000,750.000,700.000,0,0,0,0,0,0,0,0,0,2,2,2,2,0,0,0,0
112,6068.949,4047.696,-208.380,101.077,-0.196215,-0.980559,-0.001988,0.957169,-0.191974,0.216732,-0.212900,0.040624,0.976229,0,0.72097,0.02760,43.258,0.055,775.000,350.000,975.000,350.000,700.000,275.000,275.000,300.000,325.000,-1,-1,-1,-1,575.000,575.000,775.000,675.000,0,0,0,0,0,0,0,0,0,2,2,2,2,0,0,0,0
113,6060.609,4090.079,-216.713,101.132,-0.197265,-0.980350,-0.000681,0.957952,-0.192906,0.212402,-0.208360,0.041247,0.977182,0,0.71997,0.02737,43.198,0.055,775.000,350.000,975.000,350.000,675.000,275.000,275.000,325.000,325.000,-1,-1,-1,-1,575.000,575.000,750.000,675.000,0,0,0,0,0,0,0,0,0,2,2,2,2,0,0,0,0
114,6052.240,4132.397,-225.028,101.186,-0.198299,-0.980141,0.000671,0.958726,-0.193824,0.208032,-0.203771,0.041896,0.978122,0,0.71900,0.02697,43.140,0.054,800.000,350.000,950.000,350.000,675.000,300.000,300.000,325.000,325.000,-1,-1,-1,-1,575.000,550.000,725.000,650.000,0,0,0,0,0,0,0,0,0,2,2,2,2,0,0,0,0
115,6043.843,4174.651,-233.295,101.239,-0.199287,-0.979939,0.001976,0.959513,-0.194723,0.203515,-0.199048,0.042454,0.979070,0,0.71805,0.02643,43.083,0.053,775.000,350.000,950.000,350.000,650.000,300.000,300.000,325.000,325.000,-1,-1,-1,-1,575.000,550.000,725.000,625.000,0,0,0,0,0,0,0,0,0,2,2,2,2,0,0,0,0
116,6035.418,4216.845,-241.546,101.290,-0.200250,-0.979739,0.003332,0.960289,-0.195598,0.198964,-0.194281,0.043042,0.980001,0,0.71715,0.02573,43.029,0.051,775.000,350.000,925.000,350.000,625.000,300.000,300.000,325.000,325.000,-1,300.000,300.000,-1,575.000,525.000,700.000,600.000,0,0,0,0,0,0,0,0,0,2,0,0,2,0,0,0,0
117,6025.953,4263.725,-250.712,101.414,-0.202466,-0.979277,0.004900,0.960903,-0.197698,0.193861,-0.188875,0.043958,0.981017,0,0.79715,0.06164,47.829,0.123,750.000,350.000,925.000,350.000,575.000,300.000,300.000,325.000,300.000,-1,275.000,275.000,-1,550.000,500.000,675.000,575.000,0,0,0,0,0,0,0,0,0,2,0,0,2,0,0,0,0
118,6016.107,4311.970,-260.139,101.535,-0.204641,-0.978815,0.006594,0.961532,-0.199757,0.188556,-0.183245,0.044927,0.982040,0,0.82071,0.06052,49.242,0.121,725.000,350.000,900.000,350.000,550.000,300.000,300.000,325.000,300.000,-1,250.000,250.000,-1,525.000,500.000,650.000,550.000,0,0,0,0,0,0,0,0,0,2,0,0,2,0,0,0,0
119,6006.170,4360.149,-269.549,101.653,-0.206763,-0.978355,0.008368,0.962146,-0.201770,0.183206,-0.177553,0.045932,0.983039,0,0.81992,0.05919,49.195,0.118,700.000,350.000,875.000,325.000,525.000,300.000,300.000,325.000,300.000,-1,225.000,225.000,-1,525.000,475.000,625.000,500.000,0,0,0,0,0,0,0,0,0,2,0,0,2,0,0,0,0
120,5996.144,4408.267,-278.941,101.768,-0.208825,-0.977900,0.010223,0.962745,-0.203730,0.177810,-0.171797,0.046973,0.984012,0,0.81923,0.05768,49.154,0.115,650.000,350.000,875.000,325.000,475.000,300.000,275.000,325.000,300.000,-1,200.000,200.000,-1,500.000,450.000,600.000,475.000,0,0,0,0,0,0,0,0,0,2,0,0,2,0,0,0,0
121,5986.032,4456.331,-288.318,101.880,-0.210819,-0.977450,0.012159,0.963331,-0.205630,0.172366,-0.165979,0.048051,0.984958,0,0.81864,0.05598,49.119,0.112,625.000,325.000,850.000,300.000,450.000,275.000,275.000,325.000,300.000,-1,175.000,175.000,-1,500.000,450.000,575.000,425.000,0,0,0,0,0,0,0,0,0,2,0,0,2,0,0,0,0
122,5975.835,4504.348,-297.681,101.989,-0.212738,-0.977006,0.014175,0.963905,-0.207464,0.166873,-0.160095,0.049164,0.985876,0,0.81817,0.05411,49.090,0.108,600.000,325.000,825.000,300.000,400.000,275.000,250.000,325.000,300.000,-1,175.000,175.000,-1,475.000,425.000,525.000,400.000,0,0,0,0,0,0,0,0,0,2,0,0,2,0,0,0,0
123,5965.555,4552.325,-306.413,102.093,-0.214251,-0.976681,0.013811,0.964336,-0.209251,0.162078,-0.155409,0.048044,0.986681,0,0.81781,0.05207,49.068,0.104,550.000,300.000,800.000,275.000,375.000,250.000,250.000,300.000,300.000,-1,175.000,175.000,-1,450.000,400.000,500.000,350.000,0,0,0,0,0,0,0,0,0,2,0,0,2,0,0,0,0
124,5954.834,4602.522,-312.846,102.057,-0.211843,-0.977292,0.004883,0.966436,-0.208741,0.149760,-0.145339,0.036445,0.988710,0,0.85554,-0.01795,51.332,-0.036,525.000,300.000,800.000,275.000,400.000,250.000,250.000,300.000,300.000,-1,175.000,175.000,-1,450.000,400.000,475.000,375.000,0,0,0,0,0,0,0,0,0,2,0,0,2,0,0,0,0
125,5944.110,4652.923,-318.930,102.012,-0.209691,-0.977764,-0.002831,0.968220,-0.208046,0.138809,-0.136311,0.026366,0.990315,0,0.85888,-0.02233,51.533,-0.045,475.000,300.000,800.000,275.000,425.000,250.000,250.000,275.000,325.000,-1,175.000,200.000,-1,425.000,400.000,450.000,375.000,0,0,0,0,0,0,0,0,0,2,0,0,2,0,0,0,0
126,5933.393,4703.518,-322.707,101.958,-0.208737,-0.977972,-0.000470,0.970168,-0.207132,0.125976,-0.123299,0.025840,0.992033,0,0.86203,-0.02686,51.722,-0.054,500.000,300.000,850.000,275.000,425.000,250.000,250.000,300.000,350.000,975.000,175.000,225.000,-1,450.000,425.000,475.000,400.000,0,0,0,0,0,0,0,0,0,0,0,0,2,0,0,0,0
127,5922.695,4754.298,-326.302,101.895,-0.207676,-0.978194,0.002739,0.972034,-0.206053,0.112661,-0.109640,0.026059,0.993630,0,0.86498,-0.03156,51.899,-0.063,550.000,300.000,900.000,300.000,475.000,250.000,250.000,300.000,350.000,925.000,200.000,225.000,-1,475.000,450.000,525.000,450.000,0,0,0,0,0,0,0,0,0,0,0,0,2,0,0,0,0
128,5912.029,4805.253,-329.867,101.822,-0.206388,-0.978453,0.005771,0.973745,-0.204808,0.099373,-0.096050,0.026129,0.995033,0,0.86771,-0.03643,52.063,-0.073,625.000,325.000,975.000,300.000,500.000,275.000,250.000,300.000,350.000,850.000,175.000,200.000,-1,500.000,450.000,575.000,475.000,0,0,0,0,1,0,0,0,0,0,0,0,2,0,0,0,0
129,5901.405,4856.370,-333.403,101.739,-0.204893,-0.978744,0.008939,0.975317,-0.203390,0.085961,-0.082316,0.026331,0.996258,0,0.87021,-0.04147,52.212,-0.083,725.000,325.000,-1,300.000,525.000,275.000,275.000,325.000,350.000,825.000,150.000,175.000,-1,525.000,475.000,650.000,500.000,0,0,2,0,1,0,0,0,0,0,0,0,2,0,0,0,0
130,5890.838,4907.637,-336.905,101.646,-0.203181,-0.979065,0.012257,0.976747,-0.201793,0.072422,-0.068432,0.026687,0.997299,0,0.87245,-0.04669,52.347,-0.093,775.000,325.000,-1,325.000,525.000,275.000,275.000,325.000,350.000,775.000,125.000,150.000,-1,525.000,475.000,675.000,525.000,0,0,2,0,1,0,0,0,0,0,0,0,2,0,0,0,0
131,5880.340,4959.039,-340.420,101.542,-0.201230,-0.979421,0.015495,0.978023,-0.200012,0.058875,-0.054564,0.027001,0.998145,0,0.87442,-0.05207,52.465,-0.104,875.000,350.000,-1,325.000,550.000,275.000,275.000,350.000,325.000,750.000,100.000,125.000,-1,550.000,500.000,750.000,550.000,0,0,2,0,1,0,0,0,0,0,0,0,2,0,0,0,0
132,5869.925,5010.562,-343.944,101.427,-0.199038,-0.979815,0.018641,0.979145,-0.198039,0.045330,-0.040723,0.027275,0.998798,0,0.87611,-0.05763,52.567,-0.115,975.000,350.000,-1,325.000,575.000,300.000,275.000,350.000,325.000,725.000,100.000,100.000,950.000,575.000,500.000,825.000,575.000,1,0,2,0,1,0,0,0,0,0,0,0,0,0,0,0,0
