timestep,x_cm,y_cm,z_cm,yaw_deg,basis_xx,basis_xy,basis_xz,basis_yx,basis_yy,basis_yz,basis_zx,basis_zy,basis_zz,teleport_flag,throttle_cmd,steering_cmd,cmd_move_cm,cmd_turn_deg,lidar_cm_0,lidar_cm_1,lidar_cm_2,lidar_cm_3,lidar_cm_4,lidar_cm_5,lidar_cm_6,lidar_cm_7,lidar_cm_8,lidar_cm_9,lidar_cm_10,lidar_cm_11,lidar_cm_12,lidar_cm_13,lidar_cm_14,lidar_cm_15,lidar_cm_16,lidar_class_0,lidar_class_1,lidar_class_2,lidar_class_3,lidar_class_4,lidar_class_5,lidar_class_6,lidar_class_7,lidar_class_8,lidar_class_9,lidar_class_10,lidar_class_11,lidar_class_12,lidar_class_13,lidar_class_14,lidar_class_15,lidar_class_16
0,7541.691,979.333,-95.980,-108.510,-0.315416,0.948265,0.036146,-0.942757,-0.317475,0.102068,0.108263,-0.001883,0.994120,1,0.08000,0.12000,4.800,0.240,-1,400.000,-1,400.000,-1,325.000,325.000,300.000,300.000,-1,750.000,725.000,-1,-1,-1,-1,-1,2,0,2,0,2,0,0,0,0,2,0,0,2,2,2,2,2
1,7538.720,970.204,-94.936,-108.030,-0.307421,0.950889,0.036086,-0.945417,-0.309519,0.101904,0.108069,-0.002789,0.994140,0,0.16000,0.24000,9.600,0.480,-1,400.000,-1,400.000,-1,325.000,325.000,300.000,300.000,-1,775.000,750.000,-1,-1,-1,-1,-1,2,0,2,0,2,0,0,0,0,2,0,0,2,2,2,2,2
2,7534.435,956.457,-93.373,-107.310,-0.295388,0.954699,0.035995,-0.949280,-0.297545,0.101661,0.107765,-0.004140,0.994168,0,0.24000,0.36000,14.400,0.720,-1,400.000,-1,400.000,-1,325.000,325.000,300.000,300.000,-1,775.000,750.000,-1,-1,-1,-1,-1,2,0,2,0,2,0,0,0,0,2,0,0,2,2,2,2,2
3,7529.029,938.034,-91.292,-106.354,-0.279329,0.959525,0.035874,-0.954177,-0.281560,0.101341,0.107340,-0.005923,0.994205,0,0.32000,0.47834,19.200,0.957,-1,400.000,-1,400.000,-1,325.000,325.000,300.000,300.000,-1,800.000,800.000,-1,-1,-1,-1,-1,2,0,2,0,2,0,0,0,0,2,0,0,2,2,2,2,2
4,7522.657,914.895,-88.698,-105.397,-0.263197,0.964081,0.035703,-0.958809,-0.265497,0.100974,0.106827,-0.007656,0.994248,0,0.40000,0.47834,24.000,0.957,-1,425.000,-1,400.000,-1,325.000,325.000,300.000,300.000,-1,850.000,825.000,-1,-1,-1,-1,-1,2,0,2,0,2,0,0,0,0,2,0,0,2,2,2,2,2
5,7515.475,887.005,-85.592,-104.440,-0.247000,0.968366,0.035476,-0.963175,-0.249360,0.100562,0.106227,-0.009331,0.994298,0,0.48000,0.47834,28.800,0.957,-1,425.000,-1,400.000,-1,325.000,325.000,300.000,300.000,-1,875.000,875.000,-1,-1,-1,-1,-1,2,0,2,0,2,0,0,0,0,2,0,0,2,2,2,2,2
6,7507.641,854.331,-81.980,-103.484,-0.230742,0.972379,0.035186,-0.967274,-0.233153,0.100105,0.105544,-0.010936,0.994354,0,0.56000,0.47834,33.600,0.957,-1,425.000,-1,425.000,-1,325.000,325.000,300.000,300.000,-1,925.000,925.000,-1,-1,-1,-1,-1,2,0,2,0,2,0,0,0,0,2,0,0,2,2,2,2,2
7,7499.586,818.078,-78.001,-102.527,-0.214427,0.976118,0.034843,-0.971102,-0.216881,0.099617,0.104795,-0.012476,0.994416,0,0.61895,0.47834,37.137,0.957,-1,450.000,-1,425.000,-1,350.000,350.000,300.000,300.000,-1,1000.000,975.000,-1,-1,-1,-1,-1,2,0,2,0,2,0,0,0,0,2,0,0,2,2,2,2,2
8,7492.137,781.696,-74.036,-101.570,-0.198055,0.979584,0.034490,-0.974655,-0.200549,0.099133,0.104026,-0.013982,0.994476,0,0.61895,0.47834,37.137,0.957,-1,450.000,-1,450.000,-1,350.000,350.000,300.000,300.000,-1,-1,-1,-1,-1,-1,-1,-1,2,0,2,0,2,0,0,0,0,2,2,2,2,2,2,2,2
9,7485.297,745.194,-70.088,-100.614,-0.181630,0.982774,0.034131,-0.977933,-0.184162,0.098651,0.103238,-0.015460,0.994537,0,0.61895,0.47834,37.137,0.957,-1,450.000,-1,450.000,-1,350.000,350.000,325.000,300.000,-1,-1,-1,-1,-1,-1,-1,-1,2,0,2,0,2,0,0,0,0,2,2,2,2,2,2,2,2
10,7479.068,708.583,-66.164,-99.657,-0.165152,0.985688,0.033811,-0.980932,-0.167723,0.098194,0.102459,-0.016949,0.994593,0,0.61895,0.47834,37.137,0.957,-1,475.000,-1,475.000,-1,375.000,375.000,325.000,300.000,-1,-1,-1,-1,-1,-1,-1,-1,2,0,2,0,2,0,0,0,0,2,2,2,2,2,2,2,2
11,7473.451,671.874,-62.631,-98.700,-0.148506,0.988297,0.034867,-0.983766,-0.151234,0.096602,0.100744,-0.019955,0.994712,0,0.61895,0.47834,37.137,0.957,-1,475.000,-1,475.000,-1,375.000,375.000,300.000,300.000,-1,-1,-1,-1,-1,-1,-1,-1,2,0,2,0,2,0,0,0,0,2,2,2,2,2,2,2,2
12,7468.447,635.076,-59.384,-97.743,-0.131748,0.990595,0.036942,-0.986414,-0.134699,0.094042,0.098134,-0.024050,0.994883,0,0.61895,0.47834,37.137,0.957,-1,475.000,-1,475.000,-1,375.000,375.000,300.000,300.000,-1,-1,-1,-1,-1,-1,-1,-1,2,0,2,0,2,0,0,0,0,2,2,2,2,2,2,2,2
13,7464.059,598.199,-56.701,-96.787,-0.115203,0.992655,0.036947,-0.988852,-0.118135,0.090637,0.094336,-0.026093,0.995198,0,0.61895,0.47834,37.137,0.957,-1,475.000,-1,475.000,-1,375.000,375.000,300.000,300.000,-1,-1,-1,-1,-1,-1,-1,-1,2,0,2,0,2,0,0,0,0,2,2,2,2,2,2,2,2
14,7460.288,561.255,-54.402,-95.830,-0.098789,0.994471,0.035601,-0.991079,-0.101543,0.086326,0.089464,-0.026756,0.995631,0,0.61895,0.47834,37.137,0.957,-1,450.000,-1,475.000,-1,375.000,375.000,300.000,300.000,-1,-1,-1,-1,-1,-1,-1,-1,2,0,2,0,2,0,0,0,0,2,2,2,2,2,2,2,2
15,7457.133,524.253,-52.120,-94.873,-0.082340,0.996010,0.034400,-0.993009,-0.084923,0.081982,0.084576,-0.027409,0.996040,0,0.61895,0.47834,37.137,0.957,-1,450.000,-1,475.000,-1,350.000,375.000,300.000,300.000,-1,-1,-1,-1,-1,-1,-1,-1,2,0,2,0,2,0,0,0,0,2,2,2,2,2,2,2,2
16,7454.597,487.204,-49.854,-93.917,-0.065858,0.997272,0.033346,-0.994643,-0.068280,0.077610,0.079675,-0.028056,0.996426,0,0.61895,0.47834,37.137,0.957,-1,450.000,-1,475.000,-1,350.000,350.000,300.000,300.000,-1,-1,-1,-1,-1,-1,-1,-1,2,0,2,0,2,0,0,0,0,2,2,2,2,2,2,2,2
17,7452.680,450.117,-47.605,-92.960,-0.049351,0.998254,0.032444,-0.995979,-0.051619,0.073215,0.074762,-0.028701,0.996788,0,0.61895,0.47834,37.137,0.957,-1,450.000,-1,450.000,-1,350.000,350.000,300.000,275.000,-1,-1,-1,-1,-1,-1,-1,-1,2,0,2,0,2,0,0,0,0,2,2,2,2,2,2,2,2
18,7451.383,413.003,-45.371,-92.003,-0.032824,0.998958,0.031699,-0.997018,-0.034943,0.068803,0.069839,-0.029346,0.997127,0,0.61895,0.47834,37.137,0.957,-1,425.000,-1,450.000,-1,350.000,350.000,275.000,275.000,-1,-1,-1,-1,-1,-1,-1,-1,2,0,2,0,2,0,0,0,0,2,2,2,2,2,2,2,2
19,7450.705,375.873,-43.154,-91.047,-0.016281,0.999383,0.031114,-0.997758,-0.018259,0.064380,0.064908,-0.029996,0.997440,0,0.61895,0.47834,37.137,0.957,-1,425.000,-1,450.000,-1,350.000,350.000,275.000,275.000,-1,-1,-1,-1,-1,-1,-1,-1,2,0,2,0,2,0,0,0,0,2,2,2,2,2,2,2,2
20,7450.647,338.737,-40.953,-90.090,0.000271,0.999529,0.030693,-0.998200,-0.001570,0.059953,0.059973,-0.030654,0.997729,0,0.61895,0.47834,37.137,0.957,-1,425.000,-1,450.000,-1,350.000,350.000,275.000,275.000,-1,-1,-1,-1,-1,-1,-1,-1,2,0,2,0,2,0,0,0,0,2,2,2,2,2,2,2,2
21,7451.106,296.803,-38.481,-89.373,0.012614,0.999460,0.030352,-0.998428,0.010932,0.054966,0.054605,-0.030998,0.998027,0,0.69895,0.35834,41.937,0.717,-1,450.000,-1,450.000,-1,325.000,350.000,300.000,275.000,-1,-1,-1,-1,-1,-1,-1,-1,2,0,2,0,2,0,0,0,0,2,2,2,2,2,2,2,2
22,7452.007,250.075,-35.738,-88.897,0.020748,0.999333,0.030051,-0.998593,0.019247,0.049420,0.048809,-0.031034,0.998326,0,0.77895,0.23834,46.737,0.477,-1,450.000,-1,475.000,-1,325.000,350.000,300.000,300.000,-1,-1,-1,-1,-1,-1,-1,-1,2,0,2,0,2,0,0,0,0,2,2,2,2,2,2,2,2
23,7453.110,202.909,-32.976,-88.660,0.024693,0.999252,0.029765,-0.998766,0.023375,0.043829,0.043100,-0.030811,0.998596,0,0.78633,0.11834,47.180,0.237,-1,450.000,-1,475.000,-1,350.000,350.000,300.000,300.000,-1,-1,-1,-1,-1,-1,-1,-1,2,0,2,0,2,0,0,0,0,2,2,2,2,2,2,2,2
24,7454.406,155.748,-30.218,-88.427,0.028581,0.999155,0.029535,-0.998892,0.027443,0.038237,0.037394,-0.030595,0.998832,0,0.78633,0.11664,47.180,0.233,-1,450.000,-1,475.000,-1,350.000,350.000,300.000,300.000,-1,-1,-1,-1,-1,-1,-1,-1,2,0,2,0,2,0,0,0,0,2,2,2,2,2,2,2,2
25,7455.894,108.592,-27.465,-88.193,0.032473,0.999041,0.029364,-0.998970,0.031511,0.032647,0.031690,-0.030394,0.999036,0,0.78633,0.11664,47.180,0.233,-1,450.000,-1,475.000,-1,350.000,375.000,300.000,300.000,-1,-1,-1,-1,-1,-1,-1,-1,2,0,2,0,2,0,0,0,0,2,2,2,2,2,2,2,2
26,7457.574,61.443,-24.717,-87.960,0.036368,0.998910,0.029252,-0.999000,0.035579,0.027059,0.025988,-0.030207,0.999206,0,0.78633,0.11664,47.180,0.233,-1,475.000,-1,500.000,-1,350.000,375.000,300.000,300.000,-1,-1,-1,-1,-1,-1,-1,-1,2,0,2,0,2,0,0,0,0,2,2,2,2,2,2,2,2
27,7459.445,14.300,-22.048,-87.727,0.040265,0.998770,0.028919,-0.998979,0.039646,0.021682,0.020509,-0.029763,0.999347,0,0.78633,0.11664,47.180,0.233,-1,475.000,-1,500.000,-1,375.000,375.000,325.000,325.000,-1,-1,-1,-1,-1,-1,-1,-1,2,0,2,0,2,0,0,0,0,2,2,2,2,2,2,2,2
28,7461.508,-32.834,-21.986,-87.494,0.044145,0.998695,0.025677,-0.998899,0.043716,0.017036,0.015891,-0.026400,0.999525,0,0.78633,0.11664,47.180,0.233,-1,475.000,-1,500.000,-1,375.000,375.000,325.000,300.000,-1,-1,-1,-1,-1,-1,-1,-1,2,0,2,0,2,0,0,0,0,2,2,2,2,2,2,2,2
29,7463.763,-79.960,-22.914,-87.260,0.048056,0.998524,0.025316,-0.998794,0.047783,0.011307,0.010081,-0.025829,0.999616,0,0.78633,0.11664,47.180,0.233,-1,475.000,-1,475.000,-1,350.000,375.000,325.000,300.000,-1,-1,-1,-1,-1,-1,-1,-1,2,0,2,0,2,0,0,0,0,2,2,2,2,2,2,2,2
30,7466.210,-127.076,-23.845,-87.027,0.051972,0.998335,0.025013,-0.998639,0.051848,0.005585,0.004278,-0.025269,0.999672,0,0.78633,0.11664,47.180,0.233,-1,450.000,-1,475.000,-1,350.000,375.000,300.000,300.000,-1,-1,-1,-1,-1,-1,-1,-1,2,0,2,0,2,0,0,0,0,2,2,2,2,2,2,2,2
31,7468.849,-174.181,-24.778,-86.794,0.055893,0.998130,0.024767,-0.998436,0.055913,-0.000130,-0.001515,-0.024721,0.999693,0,0.78633,0.11664,47.180,0.233,-1,450.000,-1,475.000,-1,350.000,350.000,300.000,300.000,-1,-1,-1,-1,-1,-1,-1,-1,2,0,2,0,2,0,0,0,0,2,2,2,2,2,2,2,2
32,7471.680,-221.276,-25.712,-86.560,0.059817,0.997907,0.024579,-0.998183,0.059977,-0.005836,-0.007298,-0.024186,0.999681,0,0.78633,0.11664,47.180,0.233,-1,450.000,-1,450.000,-1,350.000,350.000,300.000,275.000,-1,-1,-1,-1,-1,-1,-1,-1,2,0,2,0,2,0,0,0,0,2,2,2,2,2,2,2,2
33,7474.702,-268.359,-26.647,-86.327,0.063744,0.997667,0.024450,-0.997881,0.064041,-0.011531,-0.013070,-0.023663,0.999635,0,0.78633,0.11664,47.180,0.233,-1,425.000,-1,450.000,-1,350.000,350.000,300.000,275.000,-1,-1,-1,-1,-1,-1,-1,-1,2,0,2,0,2,0,0,0,0,2,2,2,2,2,2,2,2
34,7477.917,-315.429,-27.583,-86.094,0.067674,0.997410,0.024379,-0.997530,0.068103,-0.017215,-0.018831,-0.023154,0.999555,0,0.78633,0.11664,47.180,0.233,-1,425.000,-1,450.000,-1,350.000,350.000,275.000,275.000,-1,-1,-1,-1,-1,-1,-1,-1,2,0,2,0,2,0,0,0,0,2,2,2,2,2,2,2,2
35,7481.322,-362.486,-28.520,-85.861,0.071605,0.997135,0.024367,-0.997130,0.072164,-0.022886,-0.024579,-0.022658,0.999441,0,0.78633,0.11664,47.180,0.233,-1,425.000,-1,450.000,-1,325.000,350.000,300.000,300.000,-1,-1,-1,-1,1000.000,-1,-1,-1,2,0,2,0,2,0,0,0,0,2,2,2,2,0,2,2,2
36,7484.920,-409.529,-29.456,-85.627,0.075537,0.996844,0.024414,-0.996682,0.076224,-0.028543,-0.030314,-0.022177,0.999294,0,0.78633,0.11664,47.180,0.233,-1,425.000,-1,425.000,-1,325.000,325.000,300.000,300.000,-1,-1,-1,-1,975.000,-1,-1,-1,2,0,2,0,2,0,0,0,0,2,2,2,2,0,2,2,2
37,7488.708,-456.557,-30.393,-85.394,0.079469,0.996536,0.024520,-0.996186,0.080283,-0.034185,-0.036035,-0.021710,0.999115,0,0.78633,0.11664,47.180,0.233,-1,425.000,-1,425.000,-1,325.000,325.000,300.000,300.000,-1,-1,-1,-1,950.000,1000.000,-1,-1,2,0,2,0,2,0,0,0,0,2,2,2,2,0,0,2,2
38,7492.107,-498.801,-31.237,-85.401,0.079242,0.996552,0.024574,-0.996009,0.080166,-0.039246,-0.041081,-0.021366,0.998927,0,0.70633,-0.00336,42.380,-0.007,-1,425.000,-1,425.000,-1,325.000,325.000,300.000,300.000,-1,-1,-1,-1,925.000,950.000,-1,-1,2,0,2,0,2,0,0,0,0,2,2,2,2,0,0,2,2
39,7494.971,-536.272,-31.985,-85.629,0.075173,0.996869,0.024512,-0.996133,0.076193,-0.043739,-0.045469,-0.021130,0.998742,0,0.62633,-0.11422,37.580,-0.228,-1,425.000,-1,425.000,-1,325.000,325.000,300.000,300.000,-1,-1,-1,-1,900.000,925.000,-1,-1,2,0,2,0,2,0,0,0,0,2,2,2,2,0,0,2,2
40,7497.460,-570.636,-32.667,-85.858,0.071113,0.997170,0.024409,-0.996240,0.072218,-0.047861,-0.049488,-0.020913,0.998556,0,0.57424,-0.11422,34.454,-0.228,-1,400.000,-1,425.000,-1,325.000,325.000,300.000,325.000,-1,-1,-1,-1,875.000,900.000,-1,-1,2,0,2,0,2,0,0,0,0,2,2,2,2,0,0,2,2
41,7499.812,-605.011,-33.344,-86.086,0.067054,0.997454,0.024266,-0.996313,0.068242,-0.051986,-0.053510,-0.020691,0.998353,0,0.57424,-0.11422,34.454,-0.228,-1,400.000,-1,425.000,-1,325.000,325.000,300.000,325.000,-1,-1,-1,-1,875.000,900.000,-1,-1,2,0,2,0,2,0,0,0,0,2,2,2,2,0,0,2,2
42,7502.026,-639.395,-34.179,-86.315,0.063042,0.997735,0.023454,-0.996379,0.064265,-0.055675,-0.057056,-0.019859,0.998173,0,0.57424,-0.11422,34.454,-0.228,-1,400.000,-1,425.000,-1,325.000,325.000,325.000,325.000,-1,-1,-1,-1,850.000,875.000,-1,-1,2,0,2,0,2,0,0,0,0,2,2,2,2,0,0,2,2
43,7504.103,-673.787,-35.877,-86.543,0.059178,0.998031,0.020776,-0.996510,0.060290,-0.057731,-0.058870,-0.017287,0.998116,0,0.57424,-0.11422,34.454,-0.228,-1,400.000,-1,425.000,-1,325.000,325.000,325.000,325.000,-1,-1,-1,-1,850.000,850.000,-1,-1,2,0,2,0,2,0,0,0,0,2,2,2,2,0,0,2,2
44,7506.043,-708.186,-38.269,-86.771,0.055179,0.998262,0.020684,-0.996679,0.056310,-0.058829,-0.059891,-0.017369,0.998054,0,0.57424,-0.11422,34.454,-0.228,-1,400.000,-1,425.000,-1,325.000,325.000,325.000,325.000,-1,-1,-1,-1,850.000,850.000,-1,-1,2,0,2,0,2,0,0,0,0,2,2,2,2,0,0,2,2
45,7507.847,-742.594,-40.668,-87.000,0.051175,0.998477,0.020624,-0.996828,0.052329,-0.059970,-0.060958,-0.017490,0.997987,0,0.57424,-0.11422,34.454,-0.228,-1,400.000,-1,425.000,-1,325.000,325.000,325.000,325.000,-1,-1,-1,-1,850.000,850.000,-1,-1,2,0,2,0,2,0,0,0,0,2,2,2,2,0,0,2,2
46,7509.513,-777.008,-43.063,-87.228,0.047172,0.998675,0.020546,-0.996959,0.048348,-0.061117,-0.062030,-0.017600,0.997919,0,0.57424,-0.11422,34.454,-0.228,-1,400.000,-1,400.000,-1,325.000,325.000,325.000,325.000,-1,-1,-1,-1,850.000,825.000,-1,-1,2,0,2,0,2,0,0,0,0,2,2,2,2,0,0,2,2
47,7511.042,-811.429,-45.453,-87.457,0.043168,0.998859,0.020448,-0.997073,0.044366,-0.062270,-0.063106,-0.017700,0.997850,0,0.57424,-0.11422,34.454,-0.228,-1,400.000,-1,400.000,-1,325.000,325.000,325.000,325.000,-1,-1,-1,-1,850.000,825.000,-1,-1,2,0,2,0,2,0,0,0,0,2,2,2,2,0,0,2,2
48,7512.433,-845.855,-47.840,-87.685,0.039165,0.999026,0.020332,-0.997169,0.040383,-0.063429,-0.064188,-0.017790,0.997779,0,0.57424,-0.11422,34.454,-0.228,-1,400.000,-1,400.000,-1,325.000,325.000,300.000,325.000,-1,-1,-1,-1,825.000,800.000,-1,-1,2,0,2,0,2,0,0,0,0,2,2,2,2,0,0,2,2
49,7513.688,-880.287,-50.223,-87.914,0.035162,0.999178,0.020197,-0.997248,0.036399,-0.064592,-0.065274,-0.017870,0.997707,0,0.57424,-0.11422,34.454,-0.228,-1,400.000,-1,400.000,-1,325.000,325.000,300.000,300.000,-1,-1,-1,-1,825.000,800.000,-1,-1,2,0,2,0,2,0,0,0,0,2,2,2,2,0,0,2,2
50,7514.805,-914.723,-52.602,-88.142,0.031159,0.999313,0.020043,-0.997309,0.032415,-0.065759,-0.066364,-0.017940,0.997634,0,0.57424,-0.11422,34.454,-0.228,-1,400.000,-1,400.000,-1,325.000,325.000,300.000,300.000,-1,-1,-1,-1,825.000,800.000,-1,-1,2,0,2,0,2,0,0,0,0,2,2,2,2,0,0,2,2
51,7515.785,-949.164,-54.977,-88.371,0.027156,0.999434,0.019872,-0.997353,0.028431,-0.066930,-0.067457,-0.018001,0.997560,0,0.57424,-0.11422,34.454,-0.228,-1,400.000,-1,400.000,-1,325.000,325.000,300.000,300.000,-1,-1,-1,-1,825.000,775.000,-1,-1,2,0,2,0,2,0,0,0,0,2,2,2,2,0,0,2,2
52,7516.627,-983.608,-57.348,-88.599,0.023155,0.999538,0.019682,-0.997379,0.024446,-0.068105,-0.068554,-0.018053,0.997484,0,0.57424,-0.11422,34.454,-0.228,-1,400.000,-1,400.000,-1,325.000,325.000,300.000,300.000,-1,-1,-1,-1,825.000,775.000,-1,-1,2,0,2,0,2,0,0,0,0,2,2,2,2,0,0,2,2
53,7517.332,-1018.055,-59.716,-88.827,0.019153,0.999627,0.019474,-0.997387,0.020460,-0.069282,-0.069655,-0.018096,0.997407,0,0.57424,-0.11422,34.454,-0.228,-1,400.000,-1,400.000,-1,325.000,325.000,300.000,300.000,-1,-1,-1,-1,800.000,775.000,-1,-1,2,0,2,0,2,0,0,0,0,2,2,2,2,0,0,2,2
54,7517.900,-1052.505,-62.080,-89.056,0.015153,0.999700,0.019249,-0.997378,0.016474,-0.070462,-0.070758,-0.018131,0.997329,0,0.57424,-0.11422,34.454,-0.228,-1,400.000,-1,400.000,-1,325.000,325.000,300.000,325.000,-1,-1,-1,-1,800.000,750.000,-1,-1,2,0,2,0,2,0,0,0,0,2,2,2,2,0,0,2,2
55,7518.330,-1086.957,-64.440,-89.284,0.011153,0.999757,0.019006,-0.997352,0.012488,-0.071644,-0.071864,-0.018156,0.997249,0,0.57424,-0.11422,34.454,-0.228,-1,400.000,-1,400.000,-1,325.000,325.000,300.000,325.000,-1,-1,-1,-1,800.000,750.000,-1,-1,2,0,2,0,2,0,0,0,0,2,2,2,2,0,0,2,2
56,7518.623,-1121.411,-66.798,-89.513,0.007155,0.999799,0.018746,-0.997308,0.008502,-0.072827,-0.072972,-0.018174,0.997168,0,0.57424,-0.11422,34.454,-0.228,-1,400.000,-1,400.000,-1,325.000,325.000,300.000,325.000,-1,-1,-1,-1,800.000,750.000,-1,-1,2,0,2,0,2,0,0,0,0,2,2,2,2,0,0,2,2
57,7518.779,-1155.865,-69.151,-89.741,0.003157,0.999824,0.018468,-0.997247,0.004516,-0.074012,-0.074082,-0.018184,0.997086,0,0.57424,-0.11422,34.454,-0.228,-1,400.000,-1,400.000,-1,325.000,325.000,300.000,325.000,-1,-1,-1,-1,800.000,725.000,-1,-1,2,0,2,0,2,0,0,0,0,2,2,2,2,0,0,2,2
58,7518.797,-1190.319,-71.502,-89.970,-0.000840,0.999834,0.018174,-0.997169,0.000530,-0.075197,-0.075194,-0.018186,0.997003,0,0.57424,-0.11422,34.454,-0.228,-1,400.000,-1,400.000,-1,325.000,325.000,325.000,325.000,-1,-1,-1,-1,800.000,725.000,-1,-1,2,0,2,0,2,0,0,0,0,2,2,2,2,0,0,2,2
59,7518.678,-1224.774,-73.850,-90.198,-0.004835,0.999829,0.017863,-0.997073,-0.003457,-0.076382,-0.076308,-0.018180,0.996919,0,0.57424,-0.11422,34.454,-0.228,-1,400.000,-1,375.000,-1,325.000,325.000,325.000,325.000,-1,-1,-1,-1,775.000,725.000,-1,-1,2,0,2,0,2,0,0,0,0,2,2,2,2,0,0,2,2
60,7518.550,-1264.028,-76.525,-90.187,-0.004632,0.999836,0.017535,-0.996969,-0.003255,-0.077727,-0.077657,-0.017842,0.996820,0,0.65424,0.00578,39.254,0.012,-1,400.000,-1,375.000,-1,325.000,300.000,325.000,325.000,-1,-1,-1,-1,775.000,700.000,-1,-1,2,0,2,0,2,0,0,0,0,2,2,2,2,0,0,2,2
61,7518.599,-1306.917,-79.486,-89.935,-0.000229,0.999851,0.017234,-0.996867,0.001135,-0.079090,-0.079098,-0.017198,0.996718,0,0.71481,0.12578,42.889,0.252,-1,400.000,-1,375.000,-1,300.000,300.000,325.000,325.000,-1,-1,-1,-1,775.000,700.000,-1,-1,2,0,2,0,2,0,0,0,0,2,2,2,2,0,0,2,2
62,7519.016,-1349.874,-82.761,-89.443,0.008338,0.999807,0.017782,-0.996853,0.009713,-0.078676,-0.078834,-0.017070,0.996742,0,0.71598,0.24578,42.959,0.492,-1,400.000,-1,375.000,-1,325.000,300.000,325.000,325.000,-1,-1,-1,-1,775.000,700.000,-1,-1,2,0,2,0,2,0,0,0,0,2,2,2,2,0,0,2,2
63,7519.983,-1392.881,-86.023,-88.712,0.021094,0.999607,0.018475,-0.996687,0.022477,-0.078170,-0.078554,-0.016765,0.996769,0,0.71697,0.36578,43.018,0.732,-1,400.000,-1,375.000,-1,325.000,300.000,325.000,325.000,-1,-1,-1,-1,775.000,700.000,-1,-1,2,0,2,0,2,0,0,0,0,2,2,2,2,0,0,2,2
64,7521.681,-1435.913,-89.305,-87.740,0.038043,0.999092,0.019183,-0.996200,0.039424,-0.077659,-0.078344,-0.016155,0.996795,0,0.71776,0.48578,43.065,0.972,-1,400.000,-1,375.000,-1,325.000,300.000,325.000,325.000,-1,-1,-1,-1,775.000,700.000,-1,-1,2,0,2,0,2,0,0,0,0,2,2,2,2,0,0,2,2
65,7524.290,-1478.932,-92.612,-86.529,0.059173,0.998049,0.019898,-0.995180,0.060541,-0.077149,-0.078204,-0.015237,0.996821,0,0.71830,0.60578,43.098,1.212,-1,400.000,-1,375.000,-1,325.000,300.000,325.000,325.000,-1,-1,-1,-1,775.000,700.000,-1,-1,2,0,2,0,2,0,0,0,0,2,2,2,2,0,0,2,2
66,7527.990,-1521.887,-95.948,-85.077,0.084461,0.996214,0.020613,-0.993359,0.085805,-0.076650,-0.078129,-0.014002,0.996845,0,0.71857,0.72578,43.114,1.452,-1,400.000,-1,375.000,-1,325.000,300.000,325.000,325.000,-1,-1,-1,-1,800.000,700.000,-1,-1,2,0,2,0,2,0,0,0,0,2,2,2,2,0,0,2,2
67,7532.956,-1564.714,-99.317,-83.386,0.113869,0.993267,0.021321,-0.990420,0.115177,-0.076170,-0.078113,-0.012444,0.996867,0,0.71857,0.84578,43.114,1.692,-1,400.000,-1,375.000,-1,325.000,325.000,300.000,325.000,-1,-1,-1,-1,800.000,700.000,-1,-1,2,0,2,0,2,0,0,0,0,2,2,2,2,0,0,2,2
68,7539.360,-1607.332,-102.721,-81.454,0.147333,0.988842,0.022013,-0.985995,0.148594,-0.075722,-0.078148,-0.010548,0.996886,0,0.71828,0.96578,43.097,1.932,-1,400.000,-1,375.000,-1,325.000,325.000,300.000,325.000,-1,-1,-1,-1,800.000,700.000,-1,-1,2,0,2,0,2,0,0,0,0,2,2,2,2,0,0,2,2
69,7547.212,-1649.674,-106.159,-79.492,0.181144,0.983195,0.022698,-0.980343,0.182357,-0.075322,-0.078195,-0.008608,0.996901,0,0.71773,0.98078,43.064,1.962,-1,400.000,-1,375.000,-1,325.000,325.000,300.000,325.000,-1,-1,-1,-1,800.000,700.000,-1,-1,2,0,2,0,2,0,0,0,0,2,2,2,2,0,0,2,2
70,7556.499,-1691.679,-109.629,-77.533,0.214707,0.976399,0.023379,-0.973538,0.215874,-0.074979,-0.078256,-0.006662,0.996911,0,0.71699,0.97979,43.019,1.960,-1,400.000,-1,375.000,-1,325.000,325.000,300.000,325.000,-1,-1,-1,-1,825.000,700.000,-1,-1,2,0,2,0,2,0,0,0,0,2,2,2,2,0,0,2,2
71,7567.203,-1733.292,-113.127,-75.575,0.247997,0.968462,0.024057,-0.965588,0.249117,-0.074701,-0.078338,-0.004704,0.996916,0,0.71613,0.97917,42.968,1.958,-1,400.000,-1,375.000,-1,325.000,325.000,300.000,300.000,-1,-1,-1,-1,825.000,700.000,-1,-1,2,0,2,0,2,0,0,0,0,2,2,2,2,0,0,2,2
72,7579.307,-1774.463,-116.652,-73.617,0.280987,0.959393,0.024736,-0.956500,0.282061,-0.074495,-0.078447,-0.002728,0.996915,0,0.71521,0.97894,42.913,1.958,-1,400.000,-1,375.000,-1,325.000,325.000,300.000,300.000,-1,-1,-1,-1,850.000,700.000,-1,-1,2,0,2,0,2,0,0,0,0,2,2,2,2,0,0,2,2
73,7592.793,-1815.142,-120.201,-71.659,0.313652,0.949198,0.025418,-0.946280,0.314679,-0.074366,-0.078587,-0.000727,0.996907,0,0.71427,0.97908,42.856,1.958,-1,400.000,-1,375.000,-1,325.000,325.000,300.000,300.000,-1,-1,-1,-1,850.000,700.000,-1,-1,2,0,2,0,2,0,0,0,0,2,2,2,2,0,0,2,2
74,7607.643,-1855.286,-123.770,-69.699,0.345965,0.937884,0.026115,-0.934935,0.346947,-0.074322,-0.078766,0.001297,0.996892,0,0.71338,0.97961,42.803,1.959,-1,400.000,-1,375.000,-1,325.000,325.000,300.000,300.000,-1,-1,-1,-1,875.000,725.000,-1,-1,2,0,2,0,2,0,0,0,0,2,2,2,2,0,0,2,2
75,7623.840,-1894.855,-127.147,-67.738,0.377825,0.925460,0.027782,-0.922449,0.378836,-0.074641,-0.079602,0.002574,0.996823,0,0.71259,0.98051,42.755,1.961,-1,400.000,-1,375.000,-1,325.000,325.000,300.000,300.000,-1,-1,-1,-1,875.000,725.000,-1,-1,2,0,2,0,2,0,0,0,0,2,2,2,2,0,0,2,2
76,7641.368,-1933.809,-130.436,-65.775,0.409262,0.911934,0.029691,-0.908894,0.410323,-0.074476,-0.080100,0.003495,0.996781,0,0.71194,0.98178,42.716,1.964,-1,400.000,-1,375.000,-1,325.000,325.000,300.000,300.000,-1,-1,-1,-1,875.000,725.000,-1,-1,2,0,2,0,2,0,0,0,0,2,2,2,2,0,0,2,2
77,7660.772,-1973.200,-133.908,-63.775,0.440800,0.897054,0.031476,-0.893962,0.441897,-0.074559,-0.080793,0.004728,0.996720,0,0.73184,1.00000,43.910,2.000,-1,400.000,-1,375.000,-1,325.000,325.000,300.000,300.000,-1,-1,-1,-1,900.000,725.000,-1,-1,2,0,2,0,2,0,0,0,0,2,2,2,2,0,0,2,2
78,7681.701,-2012.190,-137.444,-61.775,0.471802,0.881079,0.033218,-0.877930,0.472931,-0.074669,-0.081499,0.006065,0.996655,0,0.73754,1.00000,44.252,2.000,-1,400.000,-1,375.000,-1,325.000,325.000,300.000,300.000,-1,-1,-1,-1,900.000,725.000,-1,-1,2,0,2,0,2,0,0,0,0,2,2,2,2,0,0,2,2
79,7704.153,-2050.728,-141.043,-59.775,0.502231,0.864028,0.034912,-0.860816,0.503387,-0.074812,-0.082214,0.007520,0.996586,0,0.74335,1.00000,44.601,2.000,-1,400.000,-1,400.000,-1,325.000,325.000,300.000,300.000,-1,-1,-1,-1,900.000,725.000,-1,-1,2,0,2,0,2,0,0,0,0,2,2,2,2,0,0,2,2
80,7728.126,-2088.758,-144.716,-57.775,0.532049,0.845923,0.036568,-0.842646,0.533228,-0.074944,-0.082896,0.009060,0.996517,0,0.74925,1.00000,44.955,2.000,-1,425.000,-1,400.000,-1,325.000,325.000,300.000,300.000,-1,-1,-1,-1,900.000,725.000,-1,-1,2,0,2,0,2,0,0,0,0,2,2,2,2,0,0,2,2
81,7753.612,-2126.225,-148.455,-55.775,0.561221,0.826785,0.038169,-0.823437,0.562416,-0.075096,-0.083555,0.010716,0.996446,0,0.75523,1.00000,45.314,2.000,-1,425.000,-1,400.000,-1,325.000,325.000,300.000,300.000,-1,-1,-1,-1,900.000,725.000,-1,-1,2,0,2,0,2,0,0,0,0,2,2,2,2,0,0,2,2
82,7783.058,-2166.775,-152.632,-54.015,0.586301,0.809110,0.039905,-0.805691,0.587535,-0.075264,-0.084343,0.011976,0.996365,0,0.83523,0.88000,50.114,1.760,-1,425.000,-1,400.000,-1,325.000,325.000,300.000,300.000,-1,-1,-1,-1,900.000,725.000,-1,-1,2,0,2,0,2,0,0,0,0,2,2,2,2,0,0,2,2
83,7816.492,-2210.338,-157.484,-52.495,0.607395,0.793241,0.042903,-0.789732,0.608791,-0.075476,-0.085990,0.011962,0.996224,0,0.91523,0.76000,54.914,1.520,-1,425.000,-1,400.000,-1,325.000,325.000,300.000,300.000,-1,-1,-1,-1,900.000,725.000,-1,-1,2,0,2,0,2,0,0,0,0,2,2,2,2,0,0,2,2
84,7852.107,-2254.657,-162.545,-51.215,0.624796,0.779445,0.045778,-0.775853,0.626360,-0.075663,-0.087649,0.011757,0.996082,0,0.94758,0.64000,56.855,1.280,-1,425.000,-1,400.000,-1,325.000,325.000,300.000,300.000,-1,-1,-1,-1,900.000,700.000,-1,-1,2,0,2,0,2,0,0,0,0,2,2,2,2,0,1,2,2
85,7888.805,-2298.663,-167.700,-50.175,0.638669,0.767952,0.048506,-0.764281,0.640407,-0.075846,-0.089310,0.011368,0.995939,0,0.95500,0.52000,57.300,1.040,-1,425.000,-1,400.000,-1,325.000,325.000,300.000,300.000,-1,-1,-1,-1,875.000,675.000,-1,1000.000,2,0,2,0,2,0,0,0,0,2,2,2,2,0,1,2,1
86,7926.404,-2342.492,-172.954,-49.375,0.649154,0.758940,0.051080,-0.755198,0.651071,-0.076046,-0.090971,0.010790,0.995795,0,0.96243,0.40000,57.746,0.800,-1,425.000,-1,400.000,-1,325.000,325.000,300.000,300.000,-1,-1,-1,-1,875.000,625.000,-1,900.000,2,0,2,1,2,0,0,0,0,2,2,2,2,1,1,2,1
87,7964.724,-2386.287,-178.362,-48.815,0.656384,0.752545,0.053252,-0.748737,0.658462,-0.076293,-0.092478,0.010206,0.995662,0,0.96988,0.28000,58.193,0.560,-1,425.000,950.000,375.000,-1,325.000,325.000,300.000,300.000,-1,-1,-1,-1,825.000,600.000,-1,825.000,2,0,1,1,2,0,0,0,0,2,2,2,2,1,1,2,1
88,8003.586,-2430.205,-183.762,-48.495,0.660372,0.748864,0.055779,-0.744995,0.662662,-0.076563,-0.094298,0.009005,0.995503,0,0.97738,0.16000,58.643,0.320,-1,425.000,900.000,375.000,-1,325.000,325.000,300.000,300.000,-1,-1,-1,-1,775.000,575.000,-1,750.000,2,0,1,1,2,0,0,0,0,2,2,2,2,1,1,2,1
89,8042.810,-2474.406,-189.271,-48.415,0.661208,0.747947,0.058132,-0.744023,0.663715,-0.076891,-0.096094,0.007589,0.995343,0,0.98493,0.04000,59.096,0.080,-1,400.000,825.000,350.000,950.000,325.000,325.000,300.000,300.000,-1,-1,-1,-1,725.000,525.000,-1,675.000,2,0,1,1,1,0,1,0,0,2,2,2,2,1,1,2,1
90,8082.213,-2519.061,-194.890,-48.575,0.658903,0.749806,0.060310,-0.745836,0.661631,-0.077287,-0.097853,0.005944,0.995183,0,0.99255,-0.08000,59.553,-0.160,-1,400.000,750.000,350.000,850.000,325.000,300.000,300.000,300.000,-1,-1,-1,-1,650.000,500.000,-1,600.000,2,0,1,1,1,0,1,0,0,2,2,2,2,1,1,2,1
91,8118.153,-2560.367,-199.939,-48.975,0.653435,0.754416,0.062287,-0.750494,0.656388,-0.076903,-0.098901,0.003505,0.995091,0,0.91255,-0.20000,54.753,-0.400,-1,400.000,700.000,325.000,775.000,325.000,275.000,325.000,300.000,-1,-1,-1,-1,600.000,450.000,925.000,550.000,2,0,1,1,1,1,1,0,0,2,2,2,2,1,1,1,1
92,8150.520,-2598.416,-204.286,-49.615,0.644733,0.761705,0.064230,-0.757983,0.647924,-0.075204,-0.098899,-0.000199,0.995097,0,0.83255,-0.32000,49.953,-0.640,-1,400.000,650.000,300.000,700.000,300.000,275.000,325.000,300.000,-1,-1,-1,-1,550.000,425.000,825.000,500.000,2,1,1,1,1,1,1,0,0,2,2,2,2,1,1,1,1
93,8179.244,-2633.254,-208.237,-50.495,0.632732,0.771560,0.065919,-0.768044,0.636144,-0.073680,-0.098783,-0.004009,0.995101,0,0.75255,-0.44000,45.153,-0.880,-1,375.000,600.000,300.000,675.000,275.000,250.000,325.000,300.000,-1,-1,-1,-1,500.000,400.000,750.000,475.000,2,1,1,1,1,1,1,0,0,2,2,2,2,1,1,1,1
94,8207.456,-2668.805,-212.146,-51.568,0.617896,0.783306,0.068088,-0.780233,0.621558,-0.070017,-0.097165,-0.009861,0.995219,0,0.75641,-0.53654,45.385,-1.073,-1,325.000,550.000,275.000,650.000,275.000,250.000,300.000,300.000,-1,-1,-1,-1,450.000,400.000,675.000,450.000,2,1,1,1,1,1,1,0,0,2,2,2,2,1,1,1,1
95,8235.222,-2705.165,-216.002,-52.637,0.602872,0.794695,0.070752,-0.792239,0.606770,-0.064711,-0.094355,-0.017040,0.995393,0,0.76251,-0.53477,45.750,-1.070,875.000,300.000,525.000,275.000,650.000,250.000,225.000,300.000,300.000,-1,-1,-1,-1,425.000,375.000,575.000,425.000,1,1,1,1,1,1,1,0,0,2,2,2,2,1,1,1,1
96,8262.525,-2742.332,-219.609,-53.703,0.587704,0.805714,0.073682,-0.803930,0.591795,-0.058956,-0.091106,-0.024587,0.995538,0,0.76864,-0.53274,46.118,-1.065,725.000,275.000,475.000,250.000,625.000,225.000,225.000,300.000,325.000,-1,-1,-1,-1,375.000,350.000,500.000,400.000,1,1,1,1,1,1,1,0,0,2,2,2,2,1,1,1,1
97,8289.349,-2780.299,-223.021,-54.764,0.572416,0.816342,0.076978,-0.815309,0.576642,-0.052501,-0.087248,-0.032709,0.995650,0,0.77479,-0.53042,46.487,-1.061,600.000,250.000,450.000,250.000,625.000,225.000,200.000,300.000,325.000,-1,-1,-1,-1,350.000,325.000,425.000,400.000,1,1,1,1,1,1,1,0,0,2,2,2,2,1,1,1,1
98,8315.677,-2819.059,-226.264,-55.819,0.557036,0.826557,0.080714,-0.826360,0.561321,-0.045248,-0.082706,-0.041494,0.995710,0,0.78096,-0.52780,46.857,-1.056,500.000,225.000,400.000,225.000,650.000,200.000,200.000,300.000,350.000,-1,625.000,-1,-1,300.000,325.000,350.000,375.000,1,1,1,1,1,1,1,0,0,2,0,2,2,1,1,1,1
99,8341.487,-2858.608,-226.838,-56.869,0.542874,0.836731,0.071897,-0.836943,0.546105,-0.036003,-0.069388,-0.040629,0.996762,0,0.78713,-0.52484,47.228,-1.050,450.000,225.000,400.000,225.000,700.000,200.000,200.000,300.000,350.000,-1,250.000,525.000,-1,275.000,325.000,325.000,375.000,1,1,1,1,1,1,1,0,0,2,0,0,2,1,1,1,1
100,8366.765,-2898.935,-225.737,-57.912,0.529082,0.846737,0.055755,-0.847069,0.530912,-0.024637,-0.050462,-0.034194,0.998140,0,0.79328,-0.52149,47.597,-1.043,425.000,225.000,400.000,225.000,825.000,200.000,200.000,350.000,350.000,-1,150.000,250.000,-1,275.000,325.000,325.000,400.000,1,1,1,1,1,1,1,0,0,2,0,0,2,1,1,1,1
101,8391.501,-2940.027,-224.151,-58.947,0.514906,0.856380,0.038544,-0.856729,0.515636,-0.011564,-0.029778,-0.027068,0.999190,0,0.79941,-0.51772,47.965,-1.035,425.000,225.000,400.000,250.000,-1,200.000,200.000,375.000,350.000,-1,125.000,150.000,-1,275.000,325.000,300.000,450.000,1,1,1,1,2,1,1,0,0,2,0,0,2,1,1,1,1
102,3607.628,-327.971,-7.933,-160.410,-0.941584,0.335107,-0.033500,-0.335935,-0.941602,0.023108,-0.023800,0.033012,0.999172,1,0.00000,0.00000,43.165,-1.275,-1,400.000,-1,400.000,-1,325.000,325.000,300.000,300.000,-1,-1,-1,750.000,750.000,725.000,-1,-1,2,0,2,0,2,0,0,0,0,2,2,2,1,0,0,2,2
103,3612.157,-326.380,-7.815,-160.650,-0.942980,0.331161,-0.033494,-0.331989,-0.943000,0.023106,-0.023932,0.032908,0.999172,0,-0.08000,-0.12000,-4.800,-0.240,-1,400.000,-1,400.000,-1,325.000,325.000,300.000,300.000,-1,-1,-1,750.000,750.000,725.000,-1,-1,2,0,2,0,2,0,0,0,0,2,2,2,1,0,0,2,2
104,3621.241,-323.275,-7.577,-161.130,-0.945721,0.323252,-0.033483,-0.324079,-0.945748,0.023106,-0.024198,0.032703,0.999172,0,-0.16000,-0.24000,-9.600,-0.480,-1,400.000,-1,400.000,-1,325.000,325.000,300.000,300.000,-1,-1,-1,750.000,750.000,725.000,-1,-1,2,0,2,0,2,0,0,0,0,2,2,2,1,0,0,2,2
105,3634.924,-318.790,-7.216,-161.850,-0.949707,0.311345,-0.033474,-0.312172,-0.949745,0.023111,-0.024596,0.032398,0.999172,0,-0.24000,-0.36000,-14.400,-0.720,-1,400.000,-1,400.000,-1,325.000,325.000,300.000,300.000,-1,-1,-1,750.000,750.000,725.000,-1,-1,2,0,2,0,2,0,0,0,0,2,2,2,1,0,0,2,2
106,3653.266,-313.115,-6.729,-162.810,-0.954789,0.295393,-0.033472,-0.296219,-0.954840,0.023127,-0.025129,0.031997,0.999172,0,-0.32000,-0.48000,-19.200,-0.960,-1,400.000,-1,400.000,-1,325.000,325.000,300.000,300.000,-1,-1,-1,775.000,750.000,725.000,-1,-1,2,0,2,0,2,0,0,0,0,2,2,2,1,0,0,2,2
107,3676.338,-306.504,-6.111,-164.010,-0.960765,0.275335,-0.033487,-0.276162,-0.960832,0.023162,-0.025798,0.031502,0.999171,0,-0.40000,-0.60000,-24.000,-1.200,-1,400.000,-1,400.000,-1,325.000,325.000,300.000,300.000,-1,-1,-1,775.000,750.000,725.000,-1,-1,2,0,2,0,2,0,0,0,0,2,2,2,1,0,0,2,2
108,3704.214,-299.268,-5.356,-165.450,-0.967378,0.251107,-0.033528,-0.251935,-0.967465,0.023224,-0.026605,0.030914,0.999168,0,-0.48000,-0.72000,-28.800,-1.440,-1,400.000,-1,400.000,-1,325.000,325.000,300.000,300.000,-1,-1,-1,875.000,750.000,725.000,-1,-1,2,0,2,0,2,0,0,0,0,2,2,2,1,0,0,2,2
109,3736.969,-291.784,-4.456,-167.130,-0.974321,0.222640,-0.033602,-0.223470,-0.974432,0.023320,-0.027551,0.030230,0.999163,0,-0.56000,-0.84000,-33.600,-1.680,-1,400.000,-1,400.000,-1,325.000,325.000,300.000,300.000,-1,-1,-1,-1,750.000,725.000,-1,-1,2,0,2,0,2,0,0,0,0,2,2,2,2,0,0,2,2
110,3770.901,-285.218,-3.507,-169.050,-0.981231,0.189873,-0.033688,-0.190703,-0.981368,0.023419,-0.028614,0.029403,0.999158,0,-0.57601,-0.96000,-34.561,-1.920,-1,400.000,-1,400.000,-1,325.000,325.000,300.000,300.000,-1,-1,-1,-1,750.000,725.000,-1,-1,2,0,2,0,2,0,0,0,0,2,2,2,2,0,0,2,2
111,3804.052,-279.997,-2.564,-171.050,-0.987256,0.155512,-0.033788,-0.156343,-0.987423,0.023511,-0.029707,0.028494,0.999152,0,-0.55934,-1.00000,-33.560,-2.000,-1,400.000,-1,400.000,-1,325.000,325.000,300.000,300.000,-1,-1,-1,-1,750.000,725.000,-1,-1,2,0,2,0,2,0,0,0,0,2,2,2,2,0,0,2,2
112,3836.350,-276.059,-1.625,-173.050,-0.992078,0.120960,-0.033910,-0.121791,-0.992275,0.023598,-0.030794,0.027541,0.999146,0,-0.54230,-1.00000,-32.538,-2.000,-1,400.000,-1,375.000,-1,325.000,325.000,300.000,300.000,-1,-1,-1,-1,750.000,725.000,-1,-1,2,0,2,0,2,0,0,0,0,2,2,2,2,0,0,2,2
113,3867.763,-273.338,-0.693,-175.050,-0.995691,0.086259,-0.034053,-0.087088,-0.995919,0.023673,-0.031872,0.026537,0.999140,0,-0.52550,-1.00000,-31.530,-2.000,-1,400.000,-1,375.000,-1,325.000,325.000,300.000,300.000,-1,-1,-1,-1,750.000,725.000,-1,-1,2,0,2,0,2,0,0,0,0,2,2,2,2,0,0,2,2
114,3898.271,-271.765,0.232,-177.050,-0.998089,0.051450,-0.034219,-0.052277,-0.998351,0.023731,-0.032941,0.025474,0.999133,0,-0.50915,-1.00000,-30.549,-2.000,-1,400.000,-1,375.000,-1,325.000,325.000,300.000,300.000,-1,-1,-1,-1,750.000,725.000,-1,-1,2,0,2,0,2,0,0,0,0,2,2,2,2,0,0,2,2
115,3927.870,-271.274,1.152,-179.050,-0.999270,0.016578,-0.034407,-0.017401,-0.999566,0.023768,-0.033998,0.024349,0.999125,0,-0.49339,-1.00000,-29.604,-2.000,-1,400.000,-1,375.000,-1,325.000,325.000,300.000,300.000,-1,-1,-1,-1,750.000,725.000,-1,-1,2,0,2,0,2,0,0,0,0,2,2,2,2,0,0,2,2
116,3956.568,-271.800,2.036,-181.050,-0.999250,-0.018317,-0.034113,0.017513,-0.999565,0.023739,-0.034533,0.023124,0.999136,0,-0.47837,-1.00000,-28.702,-2.000,-1,400.000,-1,375.000,-1,325.000,325.000,300.000,300.000,-1,-1,-1,-1,750.000,725.000,-1,-1,2,0,2,0,2,0,0,0,0,2,2,2,2,0,0,2,2
117,3987.961,-273.472,2.910,-183.050,-0.998027,-0.053192,-0.033360,0.052420,-0.998346,0.023618,-0.034561,0.021823,0.999164,0,-0.52396,-1.00000,-31.438,-2.000,-1,400.000,-1,375.000,-1,325.000,325.000,300.000,300.000,-1,-1,-1,-1,750.000,725.000,-1,-1,2,0,2,0,2,0,0,0,0,2,2,2,2,0,0,2,2
118,4018.405,-276.162,3.785,-185.050,-0.995584,-0.088004,-0.032664,0.087264,-0.995910,0.023425,-0.034592,0.020471,0.999192,0,-0.50937,-1.00000,-30.562,-2.000,-1,400.000,-1,375.000,-1,325.000,325.000,300.000,300.000,-1,-1,-1,-1,750.000,725.000,-1,-1,2,0,2,0,2,0,0,0,0,2,2,2,2,0,0,2,2
119,4047.897,-279.809,4.660,-187.050,-0.991926,-0.122711,-0.032028,0.122004,-0.992259,0.023160,-0.034622,0.019066,0.999219,0,-0.49528,-1.00000,-29.717,-2.000,-1,400.000,-1,400.000,-1,325.000,325.000,300.000,300.000,-1,-1,-1,-1,775.000,725.000,-1,-1,2,0,2,0,2,0,0,0,0,2,2,2,2,0,0,2,2
120,4076.445,-284.356,5.535,-189.050,-0.987055,-0.157269,-0.031455,0.156597,-0.987399,0.022827,-0.034649,0.017606,0.999244,0,-0.48180,-1.00000,-28.908,-2.000,-1,400.000,-1,400.000,-1,325.000,325.000,300.000,300.000,-1,-1,-1,-1,775.000,725.000,-1,-1,2,0,2,0,2,0,0,0,0,2,2,2,2,0,0,2,2
121,4104.064,-289.749,6.410,-191.050,-0.980978,-0.191638,-0.030949,0.191000,-0.981334,0.022428,-0.034670,0.016090,0.999269,0,-0.46901,-1.00000,-28.141,-2.000,-1,400.000,-1,400.000,-1,325.000,325.000,300.000,300.000,-1,-1,-1,-1,775.000,725.000,-1,-1,2,0,2,0,2,0,0,0,0,2,2,2,2,0,0,2,2
122,4130.776,-295.940,7.286,-193.050,-0.973701,-0.225775,-0.030514,0.225172,-0.974071,0.021967,-0.034683,0.014519,0.999293,0,-0.45699,-1.00000,-27.419,-2.000,-1,400.000,-1,400.000,875.000,325.000,325.000,300.000,325.000,-1,-1,-1,-1,775.000,750.000,-1,-1,2,0,2,0,1,0,0,0,0,2,2,2,2,0,0,2,2
123,4156.605,-302.885,8.164,-195.050,-0.965235,-0.259638,-0.030152,0.259071,-0.965620,0.021449,-0.034684,0.012891,0.999315,0,-0.44578,-1.00000,-26.747,-2.000,-1,400.000,-1,400.000,775.000,325.000,325.000,300.000,325.000,-1,-1,-1,-1,775.000,750.000,-1,-1,2,0,2,0,1,0,0,0,0,2,2,2,2,0,0,2,2
124,4181.582,-310.545,9.043,-197.050,-0.955589,-0.293185,-0.029867,0.292656,-0.955990,0.020876,-0.034673,0.011208,0.999336,0,-0.43542,-1.00000,-26.125,-2.000,-1,400.000,-1,400.000,725.000,325.000,325.000,300.000,325.000,-1,-1,-1,-1,775.000,750.000,-1,-1,2,0,2,0,1,0,0,0,0,2,2,2,2,0,0,2,2
125,4201.740,-317.505,9.790,-199.050,-0.944772,-0.326376,-0.029744,0.325880,-0.945192,0.020364,-0.034761,0.009546,0.999350,0,-0.35542,-1.00000,-21.325,-2.000,-1,400.000,-1,400.000,675.000,325.000,325.000,300.000,325.000,-1,-1,-1,-1,775.000,750.000,-1,-1,2,0,2,0,1,0,0,0,0,2,2,2,2,0,0,2,2
126,4217.162,-323.441,10.399,-201.050,-0.932798,-0.359169,-0.029772,0.358702,-0.933239,0.019951,-0.034950,0.007931,0.999358,0,-0.27542,-1.00000,-16.525,-2.000,-1,400.000,-1,400.000,675.000,325.000,325.000,300.000,325.000,-1,-1,-1,-1,775.000,750.000,-1,-1,2,0,2,0,1,0,0,0,0,2,2,2,2,0,1,2,2
127,4227.952,-328.031,10.866,-203.050,-0.919681,-0.391524,-0.029929,0.391081,-0.920146,0.019672,-0.035241,0.006388,0.999358,0,-0.19542,-1.00000,-11.725,-2.000,-1,400.000,-1,400.000,650.000,325.000,325.000,300.000,325.000,-1,-1,-1,-1,775.000,725.000,-1,975.000,2,0,2,0,1,0,0,0,0,2,2,2,2,0,1,2,1
128,4234.226,-330.964,11.184,-205.050,-0.905439,-0.423401,-0.030195,0.422978,-0.905929,0.019560,-0.035636,0.004939,0.999353,0,-0.11542,-1.00000,-6.925,-2.000,-1,400.000,-1,400.000,650.000,325.000,325.000,300.000,325.000,-1,-1,-1,-1,775.000,725.000,-1,850.000,2,0,2,0,1,0,0,0,0,2,2,2,2,0,1,2,1
129,4236.118,-331.930,11.350,-207.050,-0.890089,-0.454763,-0.030542,0.454353,-0.890605,0.019639,-0.036132,0.003603,0.999341,0,-0.03542,-1.00000,-2.125,-2.000,-1,400.000,-1,400.000,625.000,325.000,325.000,300.000,325.000,-1,-1,-1,-1,775.000,700.000,-1,775.000,2,0,2,0,1,0,0,0,0,2,2,2,2,0,1,2,1
130,4233.780,-330.631,11.357,-209.050,-0.873651,-0.485569,-0.030944,0.485166,-0.874195,0.019926,-0.036726,0.002395,0.999322,0,0.04458,-1.00000,2.675,-2.000,-1,400.000,-1,400.000,600.000,325.000,325.000,300.000,325.000,-1,-1,-1,-1,750.000,675.000,-1,725.000,2,0,2,0,1,0,0,0,0,2,2,2,2,0,1,2,1
131,4227.376,-326.776,11.202,-211.050,-0.856145,-0.515783,-0.031371,0.515380,-0.856718,0.020432,-0.037414,0.001325,0.999299,0,0.12458,-1.00000,7.475,-2.000,-1,400.000,-1,400.000,575.000,325.000,325.000,300.000,325.000,-1,-1,-1,-1,750.000,650.000,-1,700.000,2,0,2,0,1,0,0,0,0,2,2,2,2,0,1,2,1
132,4217.088,-320.082,10.879,-213.050,-0.837593,-0.545368,-0.031795,0.544958,-0.838196,0.021157,-0.038189,0.000394,0.999270,0,0.20458,-1.00000,12.275,-2.000,-1,400.000,-1,400.000,575.000,325.000,325.000,300.000,325.000,-1,-1,-1,-1,750.000,625.000,-1,650.000,2,0,2,0,1,0,0,0,0,2,2,2,2,0,1,2,1
133,4203.109,-310.276,10.383,-215.050,-0.818020,-0.574289,-0.032190,0.573864,-0.818653,0.022095,-0.039042,-0.000399,0.999238,0,0.28458,-1.00000,17.075,-2.000,-1,400.000,-1,400.000,550.000,325.000,325.000,300.000,325.000,-1,-1,-1,-1,750.000,600.000,-1,625.000,2,0,2,0,1,0,0,0,0,2,2,2,2,0,1,2,1
134,4185.651,-297.096,9.695,-217.050,-0.797446,-0.602509,-0.032606,0.602063,-0.798111,0.023209,-0.040007,-0.001123,0.999199,0,0.36458,-1.00000,21.875,-2.000,-1,400.000,-1,400.000,525.000,325.000,325.000,300.000,325.000,-1,-1,-1,-1,750.000,575.000,-1,575.000,2,0,2,0,1,0,0,0,0,2,2,2,2,0,1,2,1
135,4164.935,-280.291,8.703,-219.050,-0.775896,-0.629995,-0.033041,0.629544,-0.776596,0.023938,-0.040740,-0.002228,0.999167,0,0.44458,-1.00000,26.675,-2.000,-1,400.000,-1,400.000,500.000,325.000,325.000,300.000,325.000,-1,-1,-1,-1,725.000,550.000,-1,550.000,2,0,2,0,1,0,0,0,0,2,2,2,2,0,1,2,1
136,4141.199,-259.621,7.448,-221.050,-0.753403,-0.656711,-0.033386,0.656269,-0.754134,0.024361,-0.041175,-0.003557,0.999146,0,0.52458,-1.00000,31.475,-2.000,-1,375.000,-1,400.000,450.000,325.000,325.000,300.000,325.000,-1,-1,-1,-1,725.000,525.000,-1,500.000,2,0,2,1,1,0,0,0,0,2,2,2,2,0,1,2,1
137,4114.691,-234.859,6.010,-223.050,-0.729994,-0.682627,-0.033622,0.682191,-0.730752,0.024856,-0.041537,-0.004791,0.999125,0,0.60458,-1.00000,36.275,-2.000,-1,375.000,-1,375.000,425.000,325.000,325.000,300.000,325.000,-1,-1,-1,-1,725.000,500.000,-1,475.000,2,0,2,1,1,0,0,0,0,2,2,2,2,0,1,2,1
138,4085.672,-205.790,4.394,-225.050,-0.705699,-0.707709,-0.033722,0.707278,-0.706479,0.025395,-0.041796,-0.005929,0.999109,0,0.68458,-1.00000,41.075,-2.000,-1,375.000,-1,350.000,400.000,325.000,325.000,300.000,325.000,-1,-1,-1,-1,700.000,475.000,-1,425.000,2,0,2,1,1,0,0,0,0,2,2,2,2,0,1,2,1
