timestep,x_cm,y_cm,z_cm,yaw_deg,basis_xx,basis_xy,basis_xz,basis_yx,basis_yy,basis_yz,basis_zx,basis_zy,basis_zz,teleport_flag,throttle_cmd,steering_cmd,cmd_move_cm,cmd_turn_deg,lidar_cm_0,lidar_cm_1,lidar_cm_2,lidar_cm_3,lidar_cm_4,lidar_cm_5,lidar_cm_6,lidar_cm_7,lidar_cm_8,lidar_cm_9,lidar_cm_10,lidar_cm_11,lidar_cm_12,lidar_cm_13,lidar_cm_14,lidar_cm_15,lidar_cm_16,lidar_class_0,lidar_class_1,lidar_class_2,lidar_class_3,lidar_class_4,lidar_class_5,lidar_class_6,lidar_class_7,lidar_class_8,lidar_class_9,lidar_class_10,lidar_class_11,lidar_class_12,lidar_class_13,lidar_class_14,lidar_class_15,lidar_class_16
0,-8851.727,-8195.721,-262.766,45.592,0.698838,-0.714084,0.041350,0.714649,0.699482,0.001554,-0.030033,0.028464,0.999144,1,0.08000,-0.12000,4.800,-0.240,-1,400.000,-1,400.000,-1,325.000,325.000,325.000,300.000,-1,-1,-1,-1,800.000,725.000,-1,-1,2,0,2,0,2,0,0,0,0,2,2,2,2,0,0,2,2
1,-8844.952,-8188.919,-262.994,45.112,0.704781,-0.708203,0.041626,0.708764,0.705443,0.001761,-0.030612,0.028262,0.999132,0,0.16000,-0.24000,9.600,-0.480,-1,400.000,-1,400.000,-1,325.000,325.000,325.000,300.000,-1,-1,-1,-1,800.000,725.000,-1,-1,2,0,2,0,2,0,0,0,0,2,2,2,2,0,0,2,2
2,-8834.662,-8178.846,-263.340,44.392,0.713603,-0.699288,0.042038,0.699844,0.714293,0.002056,-0.031465,0.027952,0.999114,0,0.24000,-0.36000,14.400,-0.720,-1,400.000,-1,400.000,-1,325.000,325.000,325.000,300.000,-1,-1,-1,-1,800.000,700.000,-1,-1,2,0,2,0,2,0,0,0,0,2,2,2,2,0,0,2,2
3,-8820.719,-8165.646,-263.899,43.432,0.725210,-0.687237,0.042132,0.687770,0.725925,0.002484,-0.032292,0.027176,0.999109,0,0.32000,-0.48000,19.200,-0.960,-1,400.000,-1,400.000,-1,325.000,325.000,325.000,300.000,-1,-1,-1,-1,800.000,700.000,-1,-1,2,0,2,0,2,0,0,0,0,2,2,2,2,0,0,2,2
4,-8802.948,-8149.515,-264.728,42.232,0.739461,-0.671910,0.041653,0.672395,0.740186,0.003090,-0.032907,0.025722,0.999127,0,0.40000,-0.60000,24.000,-1.200,-1,400.000,-1,400.000,-1,325.000,325.000,325.000,300.000,-1,-1,-1,-1,800.000,700.000,-1,-1,2,0,2,0,2,0,0,0,0,2,2,2,2,0,0,2,2
5,-8781.144,-8130.700,-265.734,40.792,0.756133,-0.653125,0.041114,0.653554,0.756870,0.003809,-0.033606,0.023990,0.999147,0,0.48000,-0.72000,28.800,-1.440,-1,400.000,-1,375.000,-1,325.000,325.000,325.000,300.000,-1,-1,-1,-1,800.000,700.000,-1,-1,2,0,2,0,2,0,0,0,0,2,2,2,2,0,0,2,2
6,-8755.157,-8109.401,-266.902,39.339,0.772469,-0.633754,0.040583,0.634121,0.773220,0.004729,-0.034377,0.022082,0.999165,0,0.56000,-0.72638,33.600,-1.453,-1,400.000,-1,375.000,-1,325.000,325.000,325.000,300.000,-1,-1,-1,-1,775.000,700.000,-1,-1,2,0,2,0,2,0,0,0,0,2,2,2,2,0,0,2,2
7,-8724.850,-8085.820,-268.228,37.886,0.788308,-0.613974,0.040077,0.614271,0.789073,0.005871,-0.035228,0.019990,0.999179,0,0.64000,-0.72638,38.400,-1.453,-1,400.000,-1,375.000,-1,325.000,325.000,325.000,300.000,-1,-1,-1,-1,775.000,675.000,-1,-1,2,0,2,0,2,0,0,0,0,2,2,2,2,0,0,2,2
8,-8690.093,-8060.164,-269.740,36.434,0.803640,-0.593796,0.039608,0.594021,0.804418,0.007097,-0.036075,0.017825,0.999190,0,0.72000,-0.72638,43.200,-1.453,-1,400.000,-1,375.000,-1,325.000,325.000,325.000,300.000,-1,-1,-1,-1,750.000,675.000,-1,-1,2,0,2,0,2,0,0,0,0,2,2,2,2,0,0,2,2
9,-8650.764,-8032.646,-271.445,34.981,0.818456,-0.573232,0.039179,0.573383,0.819245,0.008370,-0.036895,0.015614,0.999197,0,0.80000,-0.72638,48.000,-1.453,-1,400.000,-1,375.000,-1,325.000,325.000,325.000,300.000,-1,-1,-1,-1,750.000,675.000,-1,-1,2,0,2,0,2,0,0,0,0,2,2,2,2,0,0,2,2
10,-8606.749,-8003.482,-273.348,33.528,0.832746,-0.552295,0.038792,0.552373,0.833541,0.009653,-0.037666,0.013389,0.999201,0,0.88000,-0.72638,52.800,-1.453,-1,400.000,-1,375.000,-1,325.000,300.000,300.000,300.000,-1,-1,-1,-1,725.000,650.000,-1,-1,2,0,2,0,2,0,0,0,0,2,2,2,2,0,0,2,2
11,-8559.439,-7973.834,-274.976,32.075,0.846577,-0.531008,0.036578,0.530970,0.847312,0.011528,-0.037114,0.009663,0.999264,0,0.93054,-0.72638,55.832,-1.453,-1,400.000,-1,375.000,-1,325.000,300.000,300.000,300.000,-1,-1,-1,-1,725.000,650.000,-1,-1,2,0,2,0,2,0,0,0,0,2,2,2,2,0,0,2,2
12,-8511.393,-7945.394,-276.622,30.622,0.859860,-0.509370,0.034392,0.509230,0.860527,0.013374,-0.036407,0.006013,0.999319,0,0.93054,-0.72638,55.832,-1.453,-1,375.000,-1,375.000,-1,325.000,300.000,300.000,300.000,-1,-1,-1,-1,725.000,675.000,-1,-1,2,0,2,0,2,0,0,0,0,2,2,2,2,0,0,2,2
13,-8462.642,-7918.181,-278.293,29.170,0.872584,-0.487397,0.032278,0.487168,0.873177,0.015146,-0.035566,0.002509,0.999364,0,0.93054,-0.72638,55.832,-1.453,-1,375.000,-1,375.000,-1,300.000,300.000,300.000,325.000,-1,-1,-1,-1,725.000,675.000,-1,-1,2,0,2,0,2,0,0,0,0,2,2,2,2,0,0,2,2
14,-8417.565,-7894.256,-279.821,27.957,0.882773,-0.468808,0.030527,0.468512,0.883300,0.016664,-0.034777,-0.000408,0.999395,0,0.85054,-0.60638,51.032,-1.213,-1,375.000,-1,375.000,-1,300.000,300.000,300.000,325.000,-1,-1,-1,-1,700.000,675.000,-1,-1,2,0,2,0,2,0,0,0,0,2,2,2,2,0,0,2,2
15,-8376.366,-7873.279,-281.210,26.984,0.890659,-0.453743,0.029054,0.453396,0.891128,0.017951,-0.034036,-0.002815,0.999417,0,0.77054,-0.48638,46.232,-0.973,-1,375.000,-1,375.000,-1,300.000,300.000,300.000,325.000,-1,-1,-1,-1,700.000,675.000,-1,-1,2,0,2,0,2,0,0,0,0,2,2,2,2,0,0,2,2
16,-8336.320,-7853.529,-282.331,26.251,0.896446,-0.442307,0.027377,0.441963,0.896855,0.017885,-0.032464,-0.003933,0.999465,0,0.74419,-0.36638,44.651,-0.733,-1,375.000,-1,375.000,-1,300.000,300.000,300.000,325.000,-1,-1,-1,-1,725.000,675.000,-1,-1,2,0,2,0,2,0,0,0,0,2,2,2,2,0,0,2,2
17,-8296.106,-7834.124,-283.438,25.759,0.900271,-0.434577,0.025586,0.434254,0.900624,0.017329,-0.030574,-0.004490,0.999522,0,0.74419,-0.24638,44.651,-0.493,-1,375.000,-1,375.000,-1,300.000,300.000,300.000,325.000,-1,700.000,-1,-1,725.000,675.000,-1,-1,2,0,2,0,2,0,0,0,0,2,0,2,2,0,0,2,2
18,-8255.806,-7814.897,-284.630,25.506,0.902231,-0.430599,0.023728,0.430308,0.902531,0.016486,-0.028514,-0.004664,0.999583,0,0.74419,-0.12638,44.651,-0.253,-1,375.000,-1,375.000,-1,300.000,300.000,300.000,300.000,-1,625.000,-1,-1,725.000,675.000,-1,-1,2,0,2,0,2,0,0,0,0,2,0,2,2,0,0,2,2
19,-8215.502,-7795.679,-285.834,25.493,0.902374,-0.430398,0.021892,0.430138,0.902627,0.015675,-0.026507,-0.004728,0.999637,0,0.74419,-0.00638,44.651,-0.013,-1,375.000,-1,375.000,-1,325.000,300.000,300.000,300.000,-1,575.000,-1,-1,725.000,675.000,-1,-1,2,0,2,0,2,0,0,0,0,2,0,2,2,0,0,2,2
20,-8175.275,-7776.302,-287.052,25.720,0.900701,-0.433974,0.020093,0.433744,0.900913,0.014874,-0.024557,-0.004682,0.999687,0,0.74419,0.11362,44.651,0.227,-1,400.000,-1,375.000,-1,325.000,300.000,300.000,300.000,-1,525.000,600.000,-1,750.000,700.000,-1,-1,2,0,2,0,2,0,0,0,0,2,0,0,2,0,0,2,2
21,-8135.177,-7756.659,-288.282,26.099,0.897853,-0.439913,0.018340,0.439711,0.898029,0.014072,-0.022660,-0.004570,0.999733,0,0.74419,0.18913,44.651,0.378,-1,400.000,-1,375.000,-1,325.000,325.000,300.000,300.000,-1,500.000,550.000,-1,750.000,700.000,-1,-1,2,0,2,0,2,0,0,0,0,2,0,0,2,0,0,2,2
22,-8095.209,-7736.752,-289.517,26.477,0.894962,-0.445832,0.016633,0.445657,0.895106,0.013273,-0.020806,-0.004466,0.999774,0,0.74419,0.18913,44.651,0.378,-1,400.000,-1,375.000,-1,325.000,325.000,300.000,300.000,-1,475.000,500.000,-1,750.000,700.000,-1,-1,2,0,2,0,2,0,0,0,0,2,0,0,2,0,0,2,2
23,-8055.373,-7716.581,-290.758,26.855,0.892028,-0.451732,0.014972,0.451580,0.892143,0.012479,-0.018994,-0.004370,0.999810,0,0.74419,0.18913,44.651,0.378,-1,400.000,-1,375.000,-1,325.000,325.000,300.000,300.000,-1,425.000,475.000,-1,775.000,700.000,-1,-1,2,0,2,0,2,0,0,0,0,2,0,0,2,0,0,2,2
24,-8015.672,-7696.148,-291.899,27.233,0.889051,-0.457611,0.013455,0.457473,0.889140,0.012176,-0.017535,-0.004670,0.999835,0,0.74419,0.18913,44.651,0.378,-1,400.000,-1,375.000,-1,325.000,325.000,325.000,300.000,-1,425.000,450.000,-1,775.000,700.000,-1,-1,2,0,2,0,2,0,0,0,0,2,0,0,2,0,0,2,2
25,-7976.106,-7675.453,-292.755,27.612,0.886029,-0.463467,0.012237,0.463318,0.886093,0.013223,-0.016971,-0.006047,0.999838,0,0.74419,0.18913,44.651,0.378,-1,400.000,-1,375.000,-1,325.000,325.000,325.000,300.000,-1,425.000,475.000,-1,775.000,725.000,-1,-1,2,0,2,0,2,0,0,0,0,2,0,0,2,0,0,2,2
26,-7936.678,-7654.498,-293.607,27.990,0.882969,-0.469303,0.010965,0.469145,0.883006,0.014284,-0.016386,-0.007468,0.999838,0,0.74419,0.18913,44.651,0.378,-1,400.000,-1,375.000,-1,325.000,325.000,300.000,300.000,-1,450.000,500.000,-1,775.000,725.000,-1,-1,2,0,2,0,2,0,0,0,0,2,0,0,2,0,0,2,2
27,-7897.388,-7633.282,-294.410,28.368,0.879873,-0.475115,0.009446,0.474952,0.879876,0.015440,-0.015647,-0.009099,0.999836,0,0.74419,0.18913,44.651,0.378,-1,400.000,-1,375.000,-1,325.000,325.000,300.000,300.000,-1,475.000,525.000,-1,775.000,725.000,-1,-1,2,0,2,0,2,0,0,0,0,2,0,0,2,0,0,2,2
28,-7858.240,-7611.808,-295.222,28.746,0.876736,-0.480906,0.007952,0.480740,0.876707,0.016572,-0.014941,-0.010707,0.999831,0,0.74419,0.18913,44.651,0.378,-1,400.000,-1,375.000,-1,325.000,325.000,300.000,300.000,-1,475.000,550.000,-1,775.000,725.000,-1,-1,2,0,2,0,2,0,0,0,0,2,0,0,2,0,0,2,2
29,-7819.235,-7590.075,-296.045,29.125,0.873559,-0.486674,0.006465,0.486509,0.873497,0.017688,-0.014256,-0.012306,0.999823,0,0.74419,0.18913,44.651,0.378,-1,400.000,-1,375.000,-1,325.000,325.000,300.000,300.000,-1,500.000,575.000,-1,750.000,750.000,-1,-1,2,0,2,0,2,0,0,0,0,2,0,0,2,0,0,2,2
30,-7780.374,-7568.086,-296.830,29.503,0.870341,-0.492422,0.005226,0.492257,0.870249,0.018692,-0.013752,-0.013696,0.999812,0,0.74419,0.18913,44.651,0.378,-1,400.000,-1,400.000,-1,325.000,325.000,300.000,300.000,-1,525.000,600.000,-1,750.000,750.000,-1,-1,2,0,2,0,2,0,0,0,0,2,0,0,2,0,0,2,2
31,-7741.658,-7545.840,-297.414,29.881,0.867075,-0.498152,0.005021,0.497982,0.866973,0.019280,-0.013957,-0.014217,0.999802,0,0.74419,0.18913,44.651,0.378,-1,400.000,-1,400.000,-1,325.000,325.000,300.000,300.000,-1,575.000,650.000,-1,750.000,750.000,-1,-1,2,0,2,0,2,0,0,0,0,2,0,0,2,0,0,2,2
32,-7703.091,-7523.340,-298.016,30.259,0.863771,-0.503861,0.004799,0.503685,0.863659,0.019881,-0.014162,-0.014755,0.999791,0,0.74419,0.18913,44.651,0.378,-1,400.000,-1,400.000,-1,325.000,325.000,300.000,300.000,-1,625.000,725.000,-1,750.000,775.000,-1,-1,2,0,2,0,2,0,0,0,0,2,0,0,2,0,0,2,2
33,-7664.673,-7500.585,-298.589,30.638,0.860430,-0.509549,0.004526,0.509371,0.860309,0.020251,-0.014212,-0.015119,0.999785,0,0.74419,0.18913,44.651,0.378,-1,400.000,-1,400.000,-1,325.000,325.000,300.000,300.000,-1,675.000,775.000,-1,750.000,775.000,-1,-1,2,0,2,0,2,0,0,0,0,2,0,0,2,0,0,2,2
34,-7626.405,-7477.577,-299.177,31.016,0.857049,-0.515217,0.004350,0.515038,0.856924,0.020396,-0.014236,-0.015240,0.999783,0,0.74419,0.18913,44.651,0.378,-1,400.000,-1,400.000,-1,325.000,325.000,300.000,300.000,-1,700.000,825.000,-1,725.000,775.000,-1,-1,2,0,2,0,2,0,0,0,0,2,0,0,2,0,0,2,2
35,-7588.291,-7454.317,-299.787,31.394,0.853631,-0.520862,0.004189,0.520683,0.853503,0.020538,-0.014272,-0.015351,0.999780,0,0.74419,0.18913,44.651,0.378,-1,400.000,-1,400.000,-1,325.000,325.000,300.000,300.000,-1,750.000,875.000,-1,725.000,775.000,-1,-1,2,0,2,0,2,0,0,0,0,2,0,0,2,0,0,2,2
36,-7550.331,-7430.806,-300.419,31.772,0.850175,-0.526484,0.004028,0.526305,0.850044,0.020683,-0.014313,-0.015464,0.999778,0,0.74419,0.18913,44.651,0.378,-1,400.000,-1,400.000,-1,325.000,325.000,300.000,300.000,-1,800.000,925.000,-1,725.000,775.000,-1,-1,2,0,2,0,2,0,0,0,0,2,0,0,2,0,0,2,2
37,-7512.527,-7407.045,-301.070,32.151,0.846683,-0.532084,0.003866,0.531904,0.846548,0.020830,-0.014356,-0.015580,0.999776,0,0.74419,0.18913,44.651,0.378,-1,400.000,-1,400.000,-1,325.000,325.000,300.000,300.000,-1,850.000,975.000,-1,725.000,800.000,-1,-1,2,0,2,0,2,0,0,0,0,2,0,0,2,0,0,2,2
38,-7474.881,-7383.035,-301.743,32.529,0.843154,-0.537660,0.003704,0.537480,0.843016,0.020981,-0.014403,-0.015699,0.999773,0,0.74419,0.18913,44.651,0.378,-1,400.000,-1,400.000,-1,325.000,325.000,300.000,300.000,-1,900.000,-1,-1,725.000,800.000,-1,-1,2,0,2,0,2,0,0,0,0,2,0,2,2,0,0,2,2
39,-7437.394,-7358.777,-302.436,32.907,0.839588,-0.543212,0.003541,0.543032,0.839446,0.021134,-0.014453,-0.015821,0.999770,0,0.74419,0.18913,44.651,0.378,-1,400.000,-1,400.000,-1,325.000,325.000,300.000,300.000,-1,950.000,-1,-1,725.000,800.000,-1,-1,2,0,2,0,2,0,0,0,0,2,0,2,2,0,0,2,2
40,-7400.068,-7334.272,-303.131,33.285,0.835986,-0.548741,0.003386,0.548558,0.835839,0.021381,-0.014563,-0.016016,0.999766,0,0.74419,0.18913,44.651,0.378,-1,400.000,-1,400.000,-1,325.000,325.000,300.000,300.000,-1,1000.000,-1,-1,725.000,800.000,-1,-1,2,0,2,0,2,0,0,0,0,2,0,2,2,0,0,2,2
41,-7362.904,-7309.521,-303.789,33.664,0.832349,-0.554243,0.003252,0.554054,0.832193,0.021902,-0.014846,-0.016428,0.999755,0,0.74419,0.18913,44.651,0.378,-1,375.000,-1,400.000,-1,325.000,325.000,300.000,300.000,-1,-1,-1,-1,700.000,800.000,-1,-1,2,0,2,0,2,0,0,0,0,2,2,2,2,0,0,2,2
42,-7325.905,-7284.525,-304.398,34.042,0.828674,-0.559724,0.003084,0.559534,0.828514,0.022072,-0.014909,-0.016565,0.999752,0,0.74419,0.18913,44.651,0.378,-1,375.000,-1,400.000,-1,325.000,325.000,300.000,300.000,-1,-1,-1,-1,700.000,800.000,-1,-1,2,0,2,0,2,0,0,0,0,2,2,2,2,0,0,2,2
43,-7292.937,-7262.137,-304.833,34.180,0.827319,-0.561724,0.002889,0.561545,0.827165,0.021566,-0.014504,-0.016220,0.999763,0,0.66419,0.06913,39.851,0.138,-1,375.000,-1,400.000,-1,325.000,325.000,300.000,300.000,-1,-1,-1,-1,700.000,825.000,-1,-1,2,0,2,0,2,0,0,0,0,2,2,2,2,0,0,2,2
44,-7261.986,-7241.198,-305.368,34.079,0.828310,-0.560261,0.003223,0.560085,0.828170,0.020944,-0.014403,-0.015543,0.999775,0,0.62281,-0.05087,37.369,-0.102,-1,375.000,-1,400.000,-1,325.000,325.000,300.000,300.000,-1,-1,-1,-1,700.000,825.000,-1,-1,2,0,2,0,2,0,0,0,0,2,2,2,2,0,0,2,2
45,-7230.925,-7220.421,-305.908,33.780,0.831208,-0.555950,0.003510,0.555779,0.831081,0.020347,-0.014229,-0.014962,0.999787,0,0.62281,-0.14903,37.369,-0.298,-1,375.000,-1,400.000,-1,325.000,325.000,300.000,300.000,-1,-1,-1,-1,700.000,825.000,-1,-1,2,0,2,0,2,0,0,0,0,2,2,2,2,0,0,2,2
46,-7199.758,-7199.805,-306.450,33.482,0.834085,-0.551623,0.003759,0.551457,0.833969,0.019761,-0.014036,-0.014410,0.999798,0,0.62281,-0.14903,37.369,-0.298,-1,375.000,-1,400.000,-1,325.000,325.000,300.000,300.000,-1,-1,-1,-1,700.000,825.000,-1,-1,2,0,2,0,2,0,0,0,0,2,2,2,2,0,0,2,2
47,-7168.483,-7179.352,-306.995,33.184,0.836939,-0.547281,0.003971,0.547121,0.836834,0.019187,-0.013824,-0.013885,0.999808,0,0.62281,-0.14903,37.369,-0.298,-1,375.000,-1,400.000,-1,325.000,325.000,300.000,300.000,-1,-1,-1,-1,700.000,825.000,-1,-1,2,0,2,0,2,0,0,0,0,2,2,2,2,0,0,2,2
48,-7137.103,-7159.062,-307.548,32.886,0.839771,-0.542924,0.004144,0.542770,0.839675,0.018596,-0.013576,-0.013367,0.999818,0,0.62281,-0.14903,37.369,-0.298,-1,375.000,-1,400.000,-1,325.000,325.000,300.000,300.000,-1,-1,-1,-1,700.000,825.000,-1,-1,2,0,2,0,2,0,0,0,0,2,2,2,2,0,0,2,2
49,-7105.617,-7138.935,-308.072,32.588,0.842579,-0.538554,0.004528,0.538406,0.842497,0.017828,-0.013416,-0.012584,0.999831,0,0.62281,-0.14903,37.369,-0.298,-1,375.000,-1,400.000,-1,325.000,325.000,300.000,300.000,-1,-1,-1,-1,700.000,825.000,-1,-1,2,0,2,0,2,0,0,0,0,2,2,2,2,0,0,2,2
50,-7074.027,-7118.973,-308.577,32.290,0.845363,-0.534170,0.004985,0.534027,0.845296,0.017025,-0.013308,-0.011730,0.999843,0,0.62281,-0.14903,37.369,-0.298,-1,375.000,-1,400.000,-1,325.000,325.000,300.000,300.000,-1,-1,-1,-1,700.000,825.000,-1,-1,2,0,2,0,2,0,0,0,0,2,2,2,2,0,0,2,2
51,-7042.334,-7099.175,-309.083,31.992,0.848124,-0.529770,0.005412,0.529634,0.848071,0.016221,-0.013183,-0.010891,0.999854,0,0.62281,-0.14903,37.369,-0.298,-1,375.000,-1,400.000,-1,325.000,325.000,300.000,300.000,-1,-1,-1,-1,725.000,825.000,-1,-1,2,0,2,0,2,0,0,0,0,2,2,2,2,0,0,2,2
52,-7010.538,-7079.542,-309.615,31.694,0.850863,-0.525355,0.005822,0.525223,0.850822,0.015539,-0.013117,-0.010164,0.999862,0,0.62281,-0.14903,37.369,-0.298,-1,375.000,-1,425.000,-1,325.000,325.000,300.000,300.000,-1,-1,-1,-1,725.000,825.000,-1,-1,2,0,2,0,2,0,0,0,0,2,2,2,2,0,0,2,2
53,-6978.640,-7060.075,-310.194,31.396,0.853580,-0.520924,0.006233,0.520795,0.853548,0.015092,-0.013181,-0.009636,0.999867,0,0.62281,-0.14903,37.369,-0.298,-1,375.000,-1,400.000,-1,325.000,325.000,300.000,300.000,-1,-1,-1,-1,700.000,825.000,-1,-1,2,0,2,0,2,0,0,0,0,2,2,2,2,0,0,2,2
54,-6946.642,-7040.774,-310.773,31.098,0.856274,-0.516479,0.006616,0.516352,0.856251,0.014642,-0.013227,-0.009121,0.999871,0,0.62281,-0.14903,37.369,-0.298,-1,375.000,-1,400.000,-1,325.000,325.000,300.000,300.000,-1,-1,-1,-1,700.000,825.000,-1,-1,2,0,2,0,2,0,0,0,0,2,2,2,2,0,0,2,2
55,-6914.543,-7021.640,-311.354,30.800,0.858945,-0.512020,0.006972,0.511896,0.858930,0.014189,-0.013254,-0.008619,0.999875,0,0.62281,-0.14903,37.369,-0.298,-1,375.000,-1,400.000,-1,325.000,325.000,300.000,300.000,-1,-1,-1,-1,700.000,825.000,-1,-1,2,0,2,0,2,0,0,0,0,2,2,2,2,0,0,2,2
56,-6882.346,-7002.673,-311.937,30.502,0.861593,-0.507547,0.007302,0.507426,0.861586,0.013735,-0.013263,-0.008129,0.999879,0,0.62281,-0.14903,37.369,-0.298,-1,375.000,-1,400.000,-1,325.000,325.000,300.000,300.000,-1,-1,-1,-1,700.000,825.000,-1,-1,2,0,2,0,2,0,0,0,0,2,2,2,2,0,0,2,2
57,-6850.050,-6983.873,-312.520,30.204,0.864218,-0.503060,0.007605,0.502943,0.864218,0.013280,-0.013253,-0.007652,0.999883,0,0.62281,-0.14903,37.369,-0.298,-1,375.000,-1,400.000,-1,325.000,325.000,300.000,300.000,-1,-1,-1,-1,700.000,825.000,-1,-1,2,0,2,0,2,0,0,0,0,2,2,2,2,0,0,2,2
58,-6817.657,-6965.242,-313.104,29.906,0.866820,-0.498559,0.007881,0.498446,0.866826,0.012824,-0.013225,-0.007188,0.999887,0,0.62281,-0.14903,37.369,-0.298,-1,375.000,-1,400.000,-1,325.000,325.000,275.000,300.000,-1,-1,-1,-1,700.000,800.000,-1,-1,2,0,2,0,2,0,0,0,0,2,2,2,2,0,0,2,2
59,-6785.167,-6946.780,-313.547,29.607,0.869391,-0.494046,0.008817,0.493936,0.869414,0.012093,-0.013640,-0.006158,0.999888,0,0.62281,-0.14903,37.369,-0.298,-1,375.000,-1,400.000,-1,325.000,325.000,275.000,300.000,-1,-1,-1,-1,700.000,800.000,-1,-1,2,0,2,0,2,0,0,0,0,2,2,2,2,0,0,2,2
60,-6752.582,-6928.487,-313.961,29.309,0.871936,-0.489520,0.009866,0.489415,0.871978,0.011297,-0.014133,-0.005022,0.999888,0,0.62281,-0.14903,37.369,-0.298,-1,375.000,-1,400.000,-1,325.000,325.000,300.000,300.000,-1,-1,-1,-1,700.000,800.000,-1,-1,2,0,2,0,2,0,0,0,0,2,2,2,2,0,0,2,2
61,-6719.902,-6910.364,-314.402,29.011,0.874458,-0.484979,0.010870,0.484883,0.874517,0.010373,-0.014537,-0.003800,0.999887,0,0.62281,-0.14903,37.369,-0.298,-1,375.000,-1,400.000,-1,325.000,325.000,300.000,300.000,-1,-1,-1,-1,700.000,800.000,-1,-1,2,0,2,0,2,0,0,0,0,2,2,2,2,0,0,2,2
62,-6687.128,-6892.411,-314.937,28.713,0.876957,-0.480426,0.011770,0.480347,0.877033,0.008998,-0.014646,-0.002237,0.999890,0,0.62281,-0.14903,37.369,-0.298,-1,375.000,-1,400.000,-1,325.000,325.000,300.000,300.000,-1,-1,-1,-1,700.000,800.000,-1,-1,2,0,2,0,2,0,0,0,0,2,2,2,2,0,0,2,2
63,-6654.261,-6874.629,-315.468,28.415,0.879431,-0.475858,0.012644,0.475797,0.879522,0.007634,-0.014753,-0.000698,0.999891,0,0.62281,-0.14903,37.369,-0.298,-1,375.000,-1,400.000,-1,325.000,325.000,300.000,300.000,-1,-1,-1,-1,700.000,800.000,-1,-1,2,0,2,0,2,0,0,0,0,2,2,2,2,0,0,2,2
64,-6617.153,-6854.600,-316.103,28.357,0.879897,-0.474966,0.013728,0.474929,0.880003,0.006048,-0.014954,0.001198,0.999887,0,0.70281,-0.02903,42.169,-0.058,-1,375.000,-1,400.000,-1,325.000,325.000,300.000,300.000,-1,-1,-1,-1,700.000,775.000,-1,-1,2,0,2,0,2,0,0,0,0,2,2,2,2,0,0,2,2
65,-6575.891,-6832.161,-316.852,28.539,0.878363,-0.477755,0.015092,0.477749,0.878486,0.004230,-0.015279,0.003495,0.999877,0,0.78281,0.09097,46.969,0.182,-1,375.000,-1,400.000,-1,325.000,325.000,300.000,300.000,-1,-1,-1,-1,700.000,775.000,-1,-1,2,0,2,0,2,0,0,0,0,2,2,2,2,0,0,2,2
66,-6530.596,-6807.093,-317.481,28.961,0.874812,-0.484207,0.015741,0.484230,0.874937,0.002612,-0.015037,0.005337,0.999873,0,0.86281,0.21097,51.769,0.422,-1,375.000,-1,400.000,-1,325.000,325.000,300.000,300.000,-1,-1,-1,-1,700.000,775.000,-1,-1,2,0,2,0,2,0,0,0,0,2,2,2,2,0,0,2,2
67,-6481.421,-6779.132,-318.113,29.623,0.869153,-0.494277,0.016244,0.494329,0.869275,0.000959,-0.014595,0.007196,0.999868,0,0.94281,0.33097,56.569,0.662,-1,375.000,-1,400.000,-1,325.000,325.000,300.000,300.000,-1,-1,-1,-1,700.000,775.000,-1,-1,2,0,2,0,2,0,0,0,0,2,2,2,2,0,0,2,2
68,-6432.319,-6750.215,-318.823,30.495,0.861531,-0.507442,0.016339,0.507517,0.861642,-0.000514,-0.013818,0.008735,0.999866,0,0.94973,0.43597,56.984,0.872,-1,375.000,-1,400.000,-1,325.000,325.000,300.000,300.000,-1,-1,-1,-1,675.000,775.000,-1,-1,2,0,2,0,2,0,0,0,0,2,2,2,2,0,0,2,2
69,-6383.664,-6720.554,-319.535,31.367,0.853711,-0.520488,0.016431,0.520585,0.853808,-0.001980,-0.012998,0.010244,0.999863,0,0.94973,0.43597,56.984,0.872,-1,375.000,-1,400.000,-1,325.000,325.000,300.000,300.000,-1,-1,-1,-1,675.000,775.000,-1,-1,2,0,2,0,2,0,0,0,0,2,2,2,2,0,0,2,2
70,-6335.466,-6690.156,-320.294,32.239,0.845692,-0.533413,0.016613,0.533528,0.845777,-0.003152,-0.012370,0.011529,0.999857,0,0.94973,0.43597,56.984,0.872,-1,375.000,-1,400.000,-1,325.000,325.000,300.000,300.000,-1,-1,-1,-1,675.000,775.000,-1,-1,2,0,2,0,2,0,0,0,0,2,2,2,2,0,0,2,2
71,-6287.735,-6659.028,-321.076,33.111,0.837476,-0.546214,0.016860,0.546345,0.837550,-0.004149,-0.011855,0.012686,0.999849,0,0.94973,0.43597,56.984,0.872,-1,375.000,-1,400.000,-1,325.000,325.000,300.000,300.000,-1,-1,-1,-1,675.000,775.000,-1,-1,2,0,2,0,2,0,0,0,0,2,2,2,2,0,0,2,2
72,-6240.484,-6627.178,-321.733,33.983,0.829070,-0.558884,0.017102,0.559038,0.829122,-0.005749,-0.010967,0.014328,0.999837,0,0.94973,0.43597,56.984,0.872,-1,375.000,-1,400.000,-1,325.000,325.000,300.000,300.000,-1,-1,-1,-1,675.000,775.000,-1,-1,2,0,2,0,2,0,0,0,0,2,2,2,2,0,0,2,2
73,-6193.724,-6594.611,-322.095,34.855,0.820482,-0.571411,0.017309,0.571600,0.820485,-0.008844,-0.009148,0.017150,0.999811,0,0.94973,0.43597,56.984,0.872,-1,375.000,-1,400.000,-1,325.000,325.000,300.000,300.000,-1,-1,-1,-1,675.000,775.000,-1,-1,2,0,2,0,2,0,0,0,0,2,2,2,2,0,0,2,2
74,-6151.233,-6564.318,-322.433,35.486,0.814143,-0.580398,0.017590,0.580615,0.814095,-0.011629,-0.007571,0.019681,0.999778,0,0.86973,0.31597,52.184,0.632,-1,375.000,-1,400.000,-1,325.000,325.000,300.000,300.000,-1,-1,900.000,-1,675.000,775.000,-1,-1,2,0,2,0,2,0,0,0,0,2,2,0,2,0,0,2,2
75,-6112.953,-6536.393,-322.743,36.109,0.807805,-0.589178,0.017913,0.589418,0.807704,-0.014165,-0.006122,0.022001,0.999739,0,0.78973,0.31116,47.384,0.622,-1,375.000,-1,400.000,-1,325.000,325.000,300.000,300.000,-1,-1,750.000,-1,700.000,775.000,-1,-1,2,0,2,0,2,0,0,0,0,2,2,0,2,0,0,2,2
76,-6077.423,-6509.879,-323.090,36.731,0.801376,-0.597882,0.018269,0.598144,0.801212,-0.016806,-0.004589,0.024395,0.999692,0,0.73887,0.31116,44.332,0.622,-1,375.000,-1,400.000,-1,325.000,325.000,300.000,300.000,-1,-1,675.000,-1,700.000,775.000,-1,-1,2,0,2,0,2,0,0,0,0,2,2,0,2,0,0,2,2
77,-6042.183,-6482.981,-323.298,37.353,0.794848,-0.606521,0.018707,0.606799,0.794633,-0.018784,-0.003472,0.026281,0.999649,0,0.73887,0.31116,44.332,0.622,-1,375.000,-1,400.000,-1,325.000,325.000,300.000,300.000,-1,1000.000,675.000,-1,700.000,775.000,-1,-1,2,0,2,0,2,0,0,0,0,2,0,0,2,0,0,2,2
78,-6007.237,-6455.701,-323.414,37.976,0.788223,-0.615090,0.019201,0.615384,0.787966,-0.020319,-0.002632,0.027832,0.999609,0,0.73887,0.31116,44.332,0.622,-1,375.000,-1,400.000,-1,325.000,325.000,300.000,300.000,-1,950.000,675.000,-1,700.000,775.000,-1,-1,2,0,2,0,2,0,0,0,0,2,0,0,2,0,0,2,2
79,-5972.590,-6428.044,-323.519,38.598,0.781507,-0.623585,0.019695,0.623893,0.781205,-0.021820,-0.001779,0.029340,0.999568,0,0.73887,0.31116,44.332,0.622,-1,375.000,-1,400.000,-1,325.000,325.000,300.000,300.000,-1,925.000,675.000,-1,700.000,775.000,-1,-1,2,0,2,0,2,0,0,0,0,2,0,0,2,0,0,2,2
80,-5938.245,-6400.012,-323.600,39.220,0.774702,-0.632006,0.020129,0.632326,0.774353,-0.023277,-0.000876,0.030761,0.999526,0,0.73887,0.31116,44.332,0.622,-1,375.000,-1,400.000,-1,325.000,325.000,275.000,300.000,-1,900.000,675.000,-1,700.000,775.000,-1,-1,2,0,2,0,2,0,0,0,0,2,0,0,2,0,0,2,2
81,-5904.207,-6371.609,-323.683,39.843,0.767806,-0.640351,0.020621,0.640683,0.767408,-0.024715,0.000001,0.032188,0.999482,0,0.73887,0.31116,44.332,0.622,-1,375.000,-1,400.000,-1,325.000,325.000,275.000,300.000,-1,875.000,675.000,-1,700.000,775.000,-1,-1,2,0,2,0,2,0,0,0,0,2,0,0,2,0,0,2,2
82,-5870.480,-6342.837,-323.767,40.465,0.760820,-0.648618,0.021170,0.648962,0.760372,-0.026132,0.000852,0.033620,0.999434,0,0.73887,0.31116,44.332,0.622,-1,375.000,-1,400.000,-1,325.000,325.000,275.000,300.000,-1,875.000,700.000,-1,700.000,775.000,-1,-1,2,0,2,0,2,0,0,0,0,2,0,0,2,0,0,2,2
83,-5837.066,-6313.701,-323.852,41.087,0.753746,-0.656805,0.021776,0.657164,0.753245,-0.027527,0.001678,0.035059,0.999384,0,0.73887,0.31116,44.332,0.622,-1,375.000,-1,400.000,-1,325.000,325.000,275.000,300.000,-1,900.000,700.000,-1,700.000,775.000,-1,-1,2,0,2,0,2,0,0,0,0,2,0,0,2,0,0,2,2
84,-5803.972,-6284.204,-323.959,41.710,0.746584,-0.664916,0.022336,0.665286,0.746030,-0.028883,0.002541,0.036423,0.999333,0,0.73887,0.31116,44.332,0.622,-1,375.000,-1,400.000,-1,325.000,325.000,275.000,300.000,-1,900.000,700.000,-1,700.000,775.000,-1,-1,2,0,2,0,2,0,0,0,0,2,0,0,2,0,0,2,2
85,-5771.199,-6254.349,-323.983,42.332,0.739348,-0.672964,0.022018,0.673312,0.738747,-0.030067,0.003968,0.037055,0.999305,0,0.73887,0.31116,44.332,0.622,-1,375.000,-1,400.000,-1,325.000,325.000,275.000,300.000,-1,875.000,675.000,-1,700.000,775.000,-1,-1,2,0,2,0,2,0,0,0,0,2,0,0,2,0,0,2,2
86,-5738.752,-6224.140,-323.833,42.954,0.732033,-0.680949,0.020907,0.681244,0.731395,-0.031123,0.005902,0.037026,0.999297,0,0.73887,0.31116,44.332,0.622,-1,375.000,-1,400.000,-1,325.000,325.000,275.000,300.000,-1,850.000,675.000,-1,725.000,800.000,-1,-1,2,0,2,0,2,0,0,0,0,2,0,0,2,0,0,2,2
87,-5706.636,-6193.580,-323.541,43.577,0.724622,-0.688836,0.020674,0.689108,0.723938,-0.032306,0.007287,0.037657,0.999264,0,0.73887,0.31116,44.332,0.622,-1,375.000,-1,400.000,-1,325.000,325.000,275.000,300.000,-1,850.000,675.000,-1,725.000,800.000,-1,-1,2,0,2,0,2,0,0,0,0,2,0,0,2,0,0,2,2
88,-5674.854,-6162.673,-323.101,44.199,0.717119,-0.696624,0.021345,0.696903,0.716378,-0.033591,0.008109,0.038964,0.999208,0,0.73887,0.31116,44.332,0.622,-1,400.000,-1,400.000,-1,325.000,325.000,275.000,300.000,-1,850.000,675.000,-1,725.000,800.000,-1,-1,2,0,2,0,2,0,0,0,0,2,0,0,2,0,0,2,2
89,-5643.409,-6131.423,-322.677,44.821,0.709533,-0.704326,0.022090,0.704616,0.708732,-0.034852,0.008892,0.040294,0.999148,0,0.73887,0.31116,44.332,0.622,-1,400.000,-1,400.000,-1,325.000,325.000,275.000,300.000,-1,875.000,675.000,-1,725.000,800.000,-1,-1,2,0,2,0,2,0,0,0,0,2,0,0,2,0,0,2,2
90,-5612.306,-6099.833,-322.267,45.444,0.701864,-0.711943,0.022908,0.712246,0.701001,-0.036090,0.009635,0.041647,0.999086,0,0.73887,0.31116,44.332,0.622,-1,400.000,-1,400.000,-1,325.000,325.000,275.000,300.000,-1,900.000,675.000,-1,725.000,800.000,-1,-1,2,0,2,0,2,0,0,0,0,2,0,0,2,0,0,2,2
91,-5581.547,-6067.907,-321.890,46.066,0.694111,-0.719475,0.023786,0.719795,0.693189,-0.037206,0.010280,0.042946,0.999024,0,0.73887,0.31116,44.332,0.622,-1,400.000,-1,400.000,-1,325.000,325.000,275.000,300.000,-1,925.000,675.000,-1,725.000,800.000,-1,-1,2,0,2,0,2,0,0,0,0,2,0,0,2,0,0,2,2
92,-5551.137,-6035.649,-321.533,46.688,0.686276,-0.726920,0.024730,0.727260,0.685295,-0.038270,0.010872,0.044249,0.998961,0,0.73887,0.31116,44.332,0.622,-1,400.000,-1,400.000,-1,325.000,325.000,300.000,300.000,-1,950.000,675.000,-1,725.000,800.000,-1,-1,2,0,2,0,2,0,0,0,0,2,0,0,2,0,0,2,2
93,-5521.080,-6003.062,-321.177,47.311,0.678359,-0.734280,0.025725,0.734642,0.677321,-0.039209,0.011366,0.045497,0.998900,0,0.73887,0.31116,44.332,0.622,-1,375.000,-1,400.000,-1,325.000,325.000,300.000,300.000,-1,950.000,700.000,-1,725.000,775.000,-1,-1,2,0,2,0,2,0,0,0,0,2,0,0,2,0,0,2,2
94,-5491.378,-5970.151,-320.738,47.933,0.670372,-0.741539,0.026845,0.741927,0.669257,-0.040490,0.012059,0.047060,0.998819,0,0.73887,0.31116,44.332,0.622,-1,375.000,-1,400.000,-1,325.000,325.000,300.000,300.000,-1,950.000,700.000,-1,725.000,775.000,-1,-1,2,0,2,0,2,0,0,0,0,2,0,0,2,0,0,2,2
95,-5462.035,-5936.919,-320.291,48.555,0.662311,-0.748703,0.028061,0.749119,0.661109,-0.041893,0.012814,0.048767,0.998728,0,0.73887,0.31116,44.332,0.622,-1,375.000,-1,400.000,-1,325.000,325.000,300.000,300.000,-1,950.000,725.000,-1,725.000,775.000,-1,-1,2,0,2,0,2,0,0,0,0,2,0,0,2,0,0,2,2
96,-5433.055,-5903.370,-319.851,49.178,0.654175,-0.755773,0.029361,0.756221,0.652880,-0.043326,0.013575,0.050546,0.998629,0,0.73887,0.31116,44.332,0.622,-1,375.000,-1,400.000,-1,325.000,325.000,300.000,300.000,-1,950.000,725.000,-1,725.000,775.000,-1,-1,2,0,2,0,2,0,0,0,0,2,0,0,2,0,0,2,2
97,-5404.442,-5869.508,-319.420,49.800,0.645966,-0.762747,0.030745,0.763231,0.644571,-0.044786,0.014343,0.052396,0.998523,0,0.73887,0.31116,44.332,0.622,-1,375.000,-1,400.000,-1,325.000,325.000,300.000,300.000,-1,925.000,725.000,-1,725.000,750.000,-1,-1,2,0,2,0,2,0,0,0,0,2,0,0,2,0,0,2,2
98,-5376.198,-5835.338,-318.997,50.422,0.637685,-0.769623,0.032214,0.770149,0.636184,-0.046271,0.015118,0.054316,0.998409,0,0.73887,0.31116,44.332,0.622,-1,375.000,-1,400.000,-1,325.000,325.000,300.000,300.000,-1,925.000,725.000,-1,725.000,750.000,-1,-1,2,0,2,0,2,0,0,0,0,2,0,0,2,0,0,2,2
99,-5345.149,-5797.260,-318.252,50.805,0.632537,-0.773801,0.033614,0.774388,0.630992,-0.046600,0.014849,0.055506,0.998348,0,0.81887,0.19116,49.132,0.382,-1,375.000,-1,400.000,-1,325.000,325.000,300.000,300.000,-1,1000.000,800.000,-1,725.000,725.000,-1,-1,2,0,2,0,2,0,0,0,0,2,0,0,2,0,0,2,2
100,-5311.170,-5755.377,-317.405,50.947,0.630601,-0.775313,0.035088,0.775977,0.629026,-0.046752,0.014176,0.056709,0.998290,0,0.89887,0.07116,53.932,0.142,-1,375.000,-1,400.000,-1,325.000,325.000,300.000,300.000,-1,-1,900.000,-1,725.000,725.000,-1,-1,2,0,2,0,2,0,0,0,0,2,2,0,2,0,0,2,2
101,-5275.908,-5712.065,-316.499,50.849,0.631914,-0.774192,0.036203,0.774919,0.630308,-0.047036,0.013596,0.057777,0.998237,0,0.93085,-0.04884,55.851,-0.098,-1,375.000,-1,375.000,-1,325.000,325.000,300.000,300.000,-1,-1,975.000,-1,725.000,725.000,-1,-1,2,0,2,0,2,0,0,0,0,2,2,0,2,0,0,2,2
102,-5240.392,-5668.962,-315.628,50.512,0.636459,-0.770416,0.037140,0.771202,0.634820,-0.047451,0.012980,0.058843,0.998183,0,0.93085,-0.16884,55.851,-0.338,-1,375.000,-1,375.000,-1,325.000,325.000,300.000,300.000,-1,-1,-1,-1,725.000,700.000,-1,-1,2,0,2,0,2,0,0,0,0,2,2,2,2,0,0,2,2
103,-5204.442,-5626.218,-314.521,49.934,0.644208,-0.763977,0.036531,0.764737,0.642556,-0.047957,0.013165,0.058831,0.998181,0,0.93085,-0.28884,55.851,-0.578,-1,375.000,-1,375.000,-1,325.000,325.000,300.000,300.000,-1,-1,-1,-1,725.000,725.000,-1,-1,2,0,2,0,2,0,0,0,0,2,2,2,2,0,0,2,2
104,-5167.994,-5583.899,-313.494,49.263,0.653122,-0.756403,0.035852,0.757135,0.651453,-0.048540,0.013360,0.058847,0.998178,0,0.93085,-0.33532,55.851,-0.671,-1,375.000,-1,375.000,-1,325.000,325.000,300.000,300.000,-1,-1,-1,-1,725.000,725.000,-1,-1,2,0,2,0,2,0,0,0,0,2,2,2,2,0,0,2,2
105,-5131.054,-5542.009,-312.567,48.593,0.661952,-0.748731,0.034955,0.749420,0.660265,-0.049184,0.013746,0.058753,0.998178,0,0.93085,-0.33532,55.851,-0.671,-1,375.000,-1,375.000,-1,325.000,325.000,300.000,300.000,-1,-1,-1,-1,725.000,725.000,-1,-1,2,0,2,0,2,0,0,0,0,2,2,2,2,0,0,2,2
106,-5093.626,-5500.554,-311.674,47.922,0.670691,-0.740948,0.034184,0.741602,0.668981,-0.049901,0.014105,0.058819,0.998169,0,0.93085,-0.33532,55.851,-0.671,-1,375.000,-1,375.000,-1,325.000,325.000,300.000,300.000,-1,-1,-1,-1,750.000,725.000,-1,-1,2,0,2,0,2,0,0,0,0,2,2,2,2,0,0,2,2
107,-5055.715,-5459.540,-310.765,47.251,0.679336,-0.733049,0.033796,0.733688,0.677591,-0.050716,0.014277,0.059249,0.998141,0,0.93085,-0.33532,55.851,-0.671,-1,375.000,-1,375.000,-1,325.000,325.000,300.000,300.000,-1,-1,-1,-1,750.000,725.000,-1,-1,2,0,2,0,2,0,0,0,0,2,2,2,2,0,0,2,2
108,-5017.327,-5418.973,-309.917,46.581,0.687890,-0.725046,0.033396,0.725670,0.686104,-0.051611,0.014507,0.059737,0.998109,0,0.93085,-0.33532,55.851,-0.671,-1,375.000,-1,375.000,-1,325.000,325.000,300.000,300.000,-1,-1,-1,-1,750.000,725.000,-1,-1,2,0,2,0,2,0,0,0,0,2,2,2,2,0,0,2,2
109,-4978.467,-5378.857,-309.130,45.910,0.696352,-0.716943,0.032981,0.717548,0.694521,-0.052586,0.014795,0.060284,0.998072,0,0.93085,-0.33532,55.851,-0.671,-1,400.000,-1,375.000,-1,325.000,325.000,300.000,300.000,-1,-1,-1,-1,750.000,725.000,-1,-1,2,0,2,0,2,0,0,0,0,2,2,2,2,0,0,2,2
110,-4939.140,-5339.199,-308.354,45.239,0.704728,-0.708730,0.032579,0.709313,0.702830,-0.053897,0.015301,0.061091,0.998015,0,0.93085,-0.33532,55.851,-0.671,-1,400.000,-1,375.000,-1,325.000,325.000,300.000,300.000,-1,-1,-1,-1,775.000,725.000,-1,-1,2,0,2,0,2,0,0,0,0,2,2,2,2,0,0,2,2
111,-4899.351,-5300.004,-307.637,44.569,0.713010,-0.700417,0.032151,0.700975,0.711039,-0.055302,0.015873,0.061968,0.997952,0,0.93085,-0.33532,55.851,-0.671,-1,400.000,-1,375.000,-1,325.000,325.000,300.000,300.000,-1,-1,-1,-1,775.000,725.000,-1,-1,2,0,2,0,2,0,0,0,0,2,2,2,2,0,0,2,2
112,-4859.107,-5261.278,-306.993,43.898,0.721194,-0.692008,0.031689,0.692537,0.719148,-0.056727,0.016467,0.062857,0.997887,0,0.93085,-0.33532,55.851,-0.671,-1,400.000,-1,375.000,-1,325.000,325.000,300.000,300.000,-1,-1,-1,-1,800.000,750.000,-1,-1,2,0,2,0,2,0,0,0,0,2,2,2,2,0,0,2,2
113,-4818.148,-5222.782,-306.316,43.224,0.729309,-0.683475,0.031150,0.683978,0.727217,-0.057705,0.016787,0.063391,0.997848,0,0.93683,-0.33710,56.210,-0.674,-1,400.000,-1,375.000,-1,325.000,325.000,300.000,300.000,-1,-1,-1,-1,800.000,750.000,-1,-1,2,0,2,0,2,0,0,0,0,2,2,2,2,0,0,2,2
114,-4776.435,-5184.496,-305.679,42.546,0.737366,-0.674801,0.030571,0.675278,0.735234,-0.058568,0.017044,0.063830,0.997815,0,0.94366,-0.33907,56.620,-0.678,-1,400.000,-1,375.000,-1,325.000,325.000,300.000,300.000,-1,-1,-1,-1,825.000,750.000,-1,-1,2,0,2,0,2,0,0,0,0,2,2,2,2,0,0,2,2
115,-4733.959,-5146.434,-304.818,41.864,0.745328,-0.666028,0.029889,0.666495,0.743244,-0.058078,0.016467,0.063208,0.997865,0,0.95057,-0.34100,57.034,-0.682,-1,400.000,-1,375.000,-1,325.000,325.000,300.000,300.000,-1,-1,-1,-1,850.000,775.000,-1,-1,2,0,2,0,2,0,0,0,0,2,2,2,2,0,0,2,2
116,-4690.715,-5108.607,-303.957,41.178,0.753220,-0.657121,0.029195,0.657582,0.751203,-0.057273,0.015704,0.062337,0.997932,0,0.95755,-0.34288,57.453,-0.686,-1,400.000,-1,400.000,-1,325.000,325.000,300.000,300.000,-1,-1,-1,-1,850.000,775.000,-1,-1,2,0,2,0,2,0,0,0,0,2,2,2,2,0,0,2,2
117,-4646.696,-5071.028,-303.099,40.489,0.761047,-0.648079,0.028294,0.648523,0.759108,-0.056336,0.015032,0.061223,0.998011,0,0.96462,-0.34471,57.877,-0.689,-1,400.000,-1,400.000,-1,325.000,325.000,300.000,300.000,-1,-1,-1,-1,875.000,775.000,-1,-1,2,0,2,0,2,0,0,0,0,2,2,2,2,0,0,2,2
118,-4601.898,-5033.711,-302.262,39.796,0.768805,-0.638901,0.027270,0.639321,0.766951,-0.055273,0.014399,0.059929,0.998099,0,0.97175,-0.34650,58.305,-0.693,-1,400.000,-1,400.000,-1,325.000,325.000,300.000,300.000,-1,-1,-1,-1,875.000,775.000,-1,975.000,2,0,2,0,2,0,0,0,0,2,2,2,2,0,1,2,1
119,-4556.313,-4996.668,-301.495,39.099,0.776489,-0.629580,0.026345,0.629982,0.774721,-0.054127,0.013667,0.058626,0.998186,0,0.97896,-0.34825,58.738,-0.696,-1,400.000,-1,400.000,-1,325.000,325.000,300.000,300.000,-1,-1,-1,-1,900.000,750.000,-1,925.000,2,0,2,0,2,0,0,0,0,2,2,2,2,0,1,2,1
120,-4509.937,-4959.913,-300.798,38.399,0.784095,-0.620116,0.025523,0.620509,0.782413,-0.052901,0.012835,0.057316,0.998274,0,0.98625,-0.34995,59.175,-0.700,-1,425.000,-1,400.000,-1,325.000,325.000,300.000,300.000,-1,-1,-1,-1,900.000,725.000,-1,875.000,2,0,2,0,2,0,0,0,0,2,2,2,2,0,1,2,1
121,-4462.764,-4923.459,-300.091,37.696,0.791613,-0.610500,0.025263,0.610912,0.790008,-0.051706,0.011609,0.056365,0.998343,0,0.99361,-0.35163,59.616,-0.703,-1,425.000,-1,400.000,-1,325.000,325.000,300.000,300.000,-1,-1,-1,-1,925.000,675.000,-1,825.000,2,0,2,0,2,0,0,0,0,2,2,2,2,0,1,2,1
122,-4414.838,-4887.360,-299.660,36.989,0.799040,-0.600728,0.025702,0.601196,0.797498,-0.050600,0.009900,0.055883,0.998388,0,1.00000,-0.35327,60.000,-0.707,-1,425.000,-1,400.000,950.000,325.000,325.000,300.000,300.000,-1,-1,-1,-1,925.000,650.000,-1,750.000,2,0,2,0,1,0,0,0,0,2,2,2,2,0,1,2,1
123,-4366.470,-4851.856,-299.324,36.280,0.806378,-0.590820,0.026202,0.591345,0.804901,-0.049445,0.008123,0.055366,0.998433,0,1.00000,-0.35487,60.000,-0.710,-1,425.000,-1,400.000,875.000,325.000,325.000,300.000,300.000,-1,-1,-1,-1,925.000,600.000,-1,700.000,2,0,2,0,1,0,0,0,0,2,2,2,2,0,1,2,1
124,-4317.663,-4816.958,-299.149,35.567,0.813615,-0.580786,0.026784,0.581372,0.812227,-0.047902,0.006066,0.054545,0.998493,0,1.00000,-0.35644,60.000,-0.713,-1,425.000,-1,400.000,775.000,325.000,325.000,300.000,300.000,-1,-1,-1,-1,900.000,575.000,-1,625.000,2,0,2,0,1,0,0,0,0,2,2,2,2,1,1,2,1
125,-4272.232,-4785.602,-299.092,34.614,0.823108,-0.567226,0.027344,0.567872,0.821813,-0.046317,0.003801,0.053652,0.998552,0,0.92000,-0.47644,55.200,-0.953,-1,425.000,925.000,400.000,700.000,325.000,325.000,300.000,300.000,-1,-1,-1,-1,850.000,525.000,-1,575.000,2,0,1,1,1,0,0,0,0,2,2,2,2,1,1,2,1
126,-4230.165,-4757.843,-299.138,33.421,0.834684,-0.550023,0.027873,0.550727,0.833486,-0.044728,0.001370,0.052684,0.998610,0,0.84000,-0.59644,50.400,-1.193,-1,425.000,800.000,375.000,650.000,325.000,325.000,300.000,300.000,-1,-1,-1,-1,800.000,500.000,-1,525.000,2,0,1,1,1,0,0,0,0,2,2,2,2,1,1,2,1
127,-4191.488,-4733.688,-299.269,31.988,0.848124,-0.529038,0.028361,0.529796,0.847026,-0.043161,-0.001188,0.051632,0.998665,0,0.76000,-0.71644,45.600,-1.433,-1,425.000,700.000,350.000,625.000,325.000,325.000,300.000,300.000,-1,-1,-1,-1,725.000,450.000,-1,500.000,2,0,1,1,1,0,0,0,0,2,2,2,2,1,1,2,1
128,-4152.220,-4710.728,-299.496,30.315,0.863153,-0.504116,0.028875,0.504927,0.862164,-0.041501,-0.003973,0.050402,0.998721,0,0.75813,-0.83644,45.488,-1.673,-1,425.000,600.000,325.000,575.000,325.000,325.000,300.000,300.000,-1,-1,-1,-1,650.000,425.000,-1,450.000,2,0,1,1,1,0,1,0,0,2,2,2,2,1,1,2,1
129,-4111.875,-4688.913,-299.827,28.402,0.879445,-0.475091,0.029428,0.475950,0.878574,-0.039742,-0.006973,0.048957,0.998777,0,0.76442,-0.95644,45.865,-1.913,-1,425.000,550.000,300.000,575.000,325.000,300.000,300.000,300.000,-1,-1,-1,-1,575.000,400.000,-1,425.000,2,1,1,1,1,1,1,0,0,2,2,2,2,1,1,2,1
130,-4070.447,-4668.347,-300.240,26.402,0.895434,-0.444177,0.030067,0.445078,0.894694,-0.037786,-0.010117,0.047217,0.998833,0,0.77085,-1.00000,46.251,-2.000,-1,375.000,500.000,275.000,550.000,300.000,275.000,300.000,300.000,-1,-1,-1,-1,500.000,375.000,-1,400.000,2,1,1,1,1,1,1,0,0,2,2,2,2,1,1,2,1
131,-4027.971,-4649.079,-300.742,24.402,0.910337,-0.412720,0.030800,0.413654,0.909734,-0.035705,-0.013284,0.045244,0.998888,0,0.77735,-1.00000,46.641,-2.000,-1,325.000,450.000,275.000,550.000,275.000,250.000,300.000,300.000,-1,-1,-1,-1,425.000,350.000,-1,350.000,2,1,1,1,1,1,1,0,0,2,2,2,2,1,1,2,1
132,-3984.488,-4631.157,-300.592,22.402,0.924222,-0.380801,0.028363,0.381596,0.923783,-0.031776,-0.014101,0.040192,0.999092,0,0.78384,-1.00000,47.031,-2.000,-1,275.000,400.000,250.000,675.000,225.000,225.000,300.000,300.000,-1,-1,-1,-1,350.000,325.000,625.000,325.000,2,1,1,1,1,1,1,0,0,2,2,2,2,1,1,1,1
133,-3940.043,-4614.630,-299.434,20.402,0.937082,-0.348446,0.021531,0.348921,0.936822,-0.024880,-0.011501,0.030827,0.999459,0,0.79030,-1.00000,47.418,-2.000,-1,250.000,350.000,225.000,725.000,200.000,200.000,300.000,325.000,-1,-1,-1,-1,300.000,300.000,475.000,350.000,2,1,1,1,1,1,1,0,0,2,2,2,2,1,1,1,1
134,-3894.686,-4599.542,-298.332,18.402,0.948770,-0.315618,0.014891,0.315851,0.948649,-0.017407,-0.008632,0.021219,0.999738,0,0.79669,-1.00000,47.801,-2.000,-1,200.000,325.000,225.000,725.000,175.000,175.000,300.000,350.000,-1,-1,-1,-1,250.000,275.000,350.000,350.000,2,1,1,1,1,1,1,0,0,2,2,2,2,1,1,1,1
135,-3848.471,-4585.934,-297.400,16.409,0.959238,-0.282475,0.008368,0.282549,0.959206,-0.009536,-0.005333,0.011512,0.999920,0,0.80295,-0.99665,48.177,-1.993,425.000,175.000,300.000,200.000,725.000,150.000,175.000,300.000,375.000,-1,800.000,-1,-1,200.000,275.000,275.000,375.000,1,1,1,1,1,1,1,0,0,2,0,2,2,1,1,1,1
136,-3801.462,-4573.832,-289.692,14.428,0.968402,-0.249053,-0.013026,0.248478,0.968001,-0.035107,0.021353,0.030761,0.999299,0,0.80901,-0.99032,48.541,-1.981,-1,175.000,300.000,225.000,750.000,150.000,175.000,350.000,375.000,-1,250.000,300.000,-1,200.000,300.000,275.000,525.000,2,1,1,1,1,1,1,0,0,2,0,0,2,1,1,1,1
137,-3607.648,-327.966,-153.740,103.231,-0.225565,-0.972468,0.058533,0.972080,-0.228649,-0.052733,0.064665,0.045004,0.996892,1,0.00000,0.00000,48.889,-1.966,-1,375.000,-1,400.000,-1,325.000,325.000,300.000,300.000,-1,800.000,700.000,-1,700.000,750.000,-1,-1,2,0,2,0,2,0,0,0,0,2,0,0,2,0,0,2,2
