timestep,x_cm,y_cm,z_cm,yaw_deg,basis_xx,basis_xy,basis_xz,basis_yx,basis_yy,basis_yz,basis_zx,basis_zy,basis_zz,teleport_flag,throttle_cmd,steering_cmd,cmd_move_cm,cmd_turn_deg,lidar_cm_0,lidar_cm_1,lidar_cm_2,lidar_cm_3,lidar_cm_4,lidar_cm_5,lidar_cm_6,lidar_cm_7,lidar_cm_8,lidar_cm_9,lidar_cm_10,lidar_cm_11,lidar_cm_12,lidar_cm_13,lidar_cm_14,lidar_cm_15,lidar_cm_16,lidar_class_0,lidar_class_1,lidar_class_2,lidar_class_3,lidar_class_4,lidar_class_5,lidar_class_6,lidar_class_7,lidar_class_8,lidar_class_9,lidar_class_10,lidar_class_11,lidar_class_12,lidar_class_13,lidar_class_14,lidar_class_15,lidar_class_16
0,9513.347,-2299.962,-51.530,-61.381,0.475990,0.875915,-0.078779,-0.878363,0.477945,0.006939,0.043730,0.065894,0.996868,1,0.08000,0.12000,4.800,0.240,225.000,175.000,350.000,275.000,475.000,175.000,200.000,475.000,275.000,-1,325.000,150.000,725.000,225.000,375.000,175.000,475.000,1,1,1,1,1,1,1,0,0,2,0,0,0,1,1,1,1
1,9518.019,-2308.349,-50.888,-60.901,0.483034,0.871703,-0.082538,-0.874395,0.485167,0.006764,0.045941,0.068903,0.996565,0,0.16000,0.24000,9.600,0.480,225.000,175.000,350.000,275.000,450.000,175.000,200.000,475.000,250.000,-1,325.000,125.000,675.000,225.000,375.000,175.000,450.000,1,1,1,1,1,1,1,0,0,2,0,0,0,1,1,1,1
2,9525.150,-2320.859,-49.818,-60.338,0.491073,0.866591,-0.088701,-0.869706,0.493524,0.006707,0.049588,0.073850,0.996036,0,0.24000,0.28119,14.400,0.562,225.000,175.000,325.000,275.000,450.000,150.000,200.000,500.000,250.000,-1,300.000,125.000,625.000,225.000,350.000,175.000,425.000,1,1,1,1,1,1,1,0,0,2,0,0,0,1,1,1,1
3,9534.823,-2337.445,-48.239,-59.777,0.498749,0.861224,-0.097681,-0.865005,0.501717,0.006863,0.054918,0.081072,0.995194,0,0.32000,0.28096,19.200,0.562,200.000,175.000,325.000,250.000,425.000,150.000,200.000,525.000,250.000,-1,275.000,100.000,575.000,200.000,325.000,175.000,400.000,1,1,1,1,1,1,1,0,0,2,0,0,0,1,1,1,1
4,-5575.424,-6231.356,55.929,99.741,-0.169087,-0.985546,-0.010428,0.985541,-0.169184,0.009248,-0.010879,-0.008713,0.999903,1,0.00000,0.00000,24.000,0.562,-1,375.000,-1,400.000,-1,325.000,325.000,300.000,300.000,-1,-1,-1,-1,725.000,775.000,-1,-1,2,0,2,0,2,0,0,0,0,2,2,2,2,0,0,2,2
5,-5574.593,-6236.083,55.984,99.981,-0.173213,-0.984829,-0.010487,0.984824,-0.173311,0.009250,-0.010927,-0.008725,0.999902,0,-0.08000,0.12000,-4.800,0.240,-1,375.000,-1,400.000,-1,325.000,325.000,300.000,300.000,-1,-1,-1,-1,725.000,775.000,-1,-1,2,0,2,0,2,0,0,0,0,2,2,2,2,0,0,2,2
6,-5572.872,-6245.401,56.093,100.461,-0.181456,-0.983342,-0.010603,0.983337,-0.181555,0.009255,-0.011026,-0.008747,0.999901,0,-0.15792,0.24000,-9.475,0.480,-1,375.000,-1,400.000,-1,325.000,325.000,300.000,300.000,-1,-1,-1,-1,725.000,775.000,-1,-1,2,0,2,0,2,0,0,0,0,2,2,2,2,0,0,2,2
7,-5571.038,-6254.678,56.205,101.181,-0.193797,-0.980983,-0.010718,0.980978,-0.193897,0.009263,-0.011165,-0.008719,0.999900,0,-0.15761,0.36000,-9.457,0.720,-1,375.000,-1,400.000,-1,325.000,325.000,300.000,300.000,-1,-1,-1,-1,725.000,775.000,-1,-1,2,0,2,0,2,0,0,0,0,2,2,2,2,0,0,2,2
8,-5569.055,-6263.896,56.319,102.141,-0.210205,-0.977597,-0.010832,0.977592,-0.210306,0.009275,-0.011345,-0.008640,0.999898,0,-0.15715,0.48000,-9.429,0.960,-1,375.000,-1,400.000,-1,325.000,325.000,300.000,300.000,-1,-1,-1,-1,725.000,775.000,-1,-1,2,0,2,0,2,0,0,0,0,2,2,2,2,0,0,2,2
9,-5566.888,-6273.036,56.437,103.341,-0.230631,-0.972980,-0.010946,0.972973,-0.230734,0.009290,-0.011565,-0.008507,0.999897,0,-0.15655,0.60000,-9.393,1.200,-1,375.000,-1,400.000,-1,325.000,325.000,300.000,300.000,-1,-1,-1,-1,725.000,775.000,-1,-1,2,0,2,0,2,0,0,0,0,2,2,2,2,0,0,2,2
10,-5564.504,-6282.077,56.558,104.770,-0.254818,-0.966926,-0.011059,0.966917,-0.254923,0.009311,-0.011822,-0.008320,0.999896,0,-0.15584,0.71438,-9.350,1.429,-1,375.000,-1,400.000,-1,325.000,325.000,300.000,300.000,-1,-1,-1,-1,725.000,775.000,-1,-1,2,0,2,0,2,0,0,0,0,2,2,2,2,0,0,2,2
11,-5561.910,-6291.010,56.680,106.194,-0.278784,-0.960289,-0.011171,0.960278,-0.278889,0.009334,-0.012079,-0.008125,0.999894,0,-0.15503,0.71248,-9.302,1.425,-1,375.000,-1,400.000,-1,325.000,325.000,300.000,300.000,-1,-1,-1,-1,725.000,775.000,-1,-1,2,0,2,0,2,0,0,0,0,2,2,2,2,0,0,2,2
12,-5559.108,-6299.833,56.804,107.616,-0.302515,-0.953078,-0.011283,0.953065,-0.302622,0.009360,-0.012335,-0.007922,0.999893,0,-0.15429,0.71061,-9.257,1.421,-1,375.000,-1,400.000,-1,325.000,325.000,300.000,300.000,-1,-1,-1,-1,725.000,775.000,-1,-1,2,0,2,0,2,0,0,0,0,2,2,2,2,0,0,2,2
13,-5556.103,-6308.546,56.930,109.033,-0.325999,-0.945301,-0.011395,0.945286,-0.326107,0.009388,-0.012590,-0.007711,0.999891,0,-0.15362,0.70878,-9.217,1.418,-1,375.000,-1,400.000,-1,325.000,325.000,300.000,300.000,-1,-1,-1,-1,725.000,775.000,-1,-1,2,0,2,0,2,0,0,0,0,2,2,2,2,0,0,2,2
14,-5552.895,-6317.148,57.057,110.447,-0.349225,-0.936968,-0.011506,0.936951,-0.349334,0.009418,-0.012844,-0.007491,0.999889,0,-0.15301,0.70697,-9.180,1.414,-1,375.000,-1,400.000,-1,325.000,325.000,300.000,300.000,-1,-1,-1,-1,725.000,775.000,-1,-1,2,0,2,0,2,0,0,0,0,2,2,2,2,0,0,2,2
15,-5549.490,-6325.639,57.185,111.858,-0.372181,-0.928088,-0.011616,0.928068,-0.372291,0.009451,-0.013096,-0.007263,0.999888,0,-0.15246,0.70520,-9.148,1.410,-1,375.000,-1,400.000,-1,325.000,325.000,300.000,300.000,-1,-1,-1,-1,725.000,775.000,-1,-1,2,0,2,0,2,0,0,0,0,2,2,2,2,0,0,2,2
16,-5545.888,-6334.016,57.315,113.265,-0.394855,-0.918669,-0.011726,0.918646,-0.394967,0.009485,-0.013345,-0.007027,0.999886,0,-0.15198,0.70346,-9.119,1.407,-1,375.000,-1,400.000,-1,325.000,325.000,300.000,300.000,-1,-1,-1,-1,725.000,750.000,-1,-1,2,0,2,0,2,0,0,0,0,2,2,2,2,1,0,2,2
17,-5542.093,-6342.280,57.447,114.668,-0.417237,-0.908720,-0.011835,0.908696,-0.417350,0.009522,-0.013592,-0.006781,0.999885,0,-0.15156,0.70175,-9.094,1.403,-1,375.000,-1,400.000,-1,325.000,325.000,300.000,300.000,-1,-1,-1,-1,-1,750.000,-1,-1,2,0,2,0,2,0,0,0,0,2,2,2,2,2,0,2,2
18,-5538.106,-6350.429,57.580,116.068,-0.439317,-0.898253,-0.011943,0.898226,-0.439431,0.009561,-0.013836,-0.006528,0.999883,0,-0.15121,0.70008,-9.072,1.400,-1,375.000,-1,400.000,-1,325.000,325.000,300.000,300.000,-1,-1,-1,-1,-1,750.000,-1,-1,2,0,2,0,2,0,0,0,0,2,2,2,2,2,0,2,2
19,-5533.930,-6358.464,57.714,117.465,-0.461083,-0.887275,-0.012050,0.887245,-0.461198,0.009601,-0.014076,-0.006265,0.999881,0,-0.15091,0.69844,-9.055,1.397,-1,375.000,-1,400.000,-1,325.000,325.000,300.000,300.000,-1,-1,-1,-1,-1,750.000,-1,-1,2,0,2,0,2,0,0,0,0,2,2,2,2,2,0,2,2
20,-5529.566,-6366.381,57.851,118.859,-0.482527,-0.875797,-0.012157,0.875764,-0.482642,0.009643,-0.014312,-0.005994,0.999880,0,-0.15067,0.69683,-9.040,1.394,-1,375.000,-1,400.000,-1,325.000,325.000,300.000,300.000,-1,-1,-1,-1,-1,750.000,-1,-1,2,0,2,0,2,0,0,0,0,2,2,2,2,2,0,2,2
21,-5525.017,-6374.182,57.988,120.249,-0.503637,-0.863828,-0.012262,0.863793,-0.503754,0.009686,-0.014544,-0.005714,0.999878,0,-0.15049,0.69526,-9.030,1.391,-1,375.000,-1,400.000,-1,325.000,325.000,300.000,300.000,-1,-1,-1,-1,-1,750.000,-1,-1,2,0,2,0,2,0,0,0,0,2,2,2,2,2,0,2,2
22,-5520.285,-6381.863,58.125,121.637,-0.524405,-0.851379,-0.012383,0.851340,-0.524523,0.009733,-0.014782,-0.005438,0.999876,0,-0.15037,0.69373,-9.022,1.387,-1,375.000,-1,400.000,-1,325.000,325.000,300.000,300.000,-1,-1,-1,-1,-1,750.000,-1,-1,2,0,2,0,2,0,0,0,0,2,2,2,2,2,0,2,2
23,-5515.370,-6389.425,58.264,123.021,-0.544822,-0.838458,-0.012500,0.838417,-0.544942,0.009794,-0.015024,-0.005144,0.999874,0,-0.15030,0.69224,-9.018,1.384,-1,375.000,-1,400.000,-1,325.000,325.000,300.000,300.000,-1,-1,-1,-1,-1,750.000,-1,-1,2,0,2,0,2,0,0,0,0,2,2,2,2,2,0,2,2
24,-5510.276,-6396.865,58.408,124.403,-0.564879,-0.825077,-0.012614,0.825032,-0.565000,0.009867,-0.015267,-0.004833,0.999872,0,-0.15029,0.69078,-9.017,1.382,-1,375.000,-1,400.000,-1,325.000,325.000,300.000,300.000,-1,-1,-1,-1,-1,750.000,-1,-1,2,0,2,0,2,0,0,0,0,2,2,2,2,2,0,2,2
25,-5505.002,-6404.182,58.553,125.781,-0.584568,-0.811245,-0.012727,0.811197,-0.584689,0.009939,-0.015505,-0.004514,0.999870,0,-0.15033,0.68935,-9.020,1.379,-1,375.000,-1,400.000,-1,325.000,325.000,300.000,300.000,-1,-1,-1,-1,-1,750.000,-1,-1,2,0,2,0,2,0,0,0,0,2,2,2,2,2,0,2,2
26,-5499.551,-6411.375,58.700,127.157,-0.603879,-0.796973,-0.012840,0.796921,-0.604001,0.010013,-0.015735,-0.004186,0.999867,0,-0.15042,0.68797,-9.025,1.376,-1,375.000,-1,400.000,-1,325.000,325.000,300.000,300.000,-1,-1,-1,-1,-1,750.000,-1,-1,2,0,2,0,2,0,0,0,0,2,2,2,2,2,0,2,2
27,-5493.923,-6418.441,58.848,128.531,-0.622805,-0.782270,-0.012953,0.782214,-0.622928,0.010086,-0.015959,-0.003850,0.999865,0,-0.15055,0.68662,-9.033,1.373,-1,375.000,-1,400.000,-1,325.000,325.000,300.000,300.000,-1,-1,-1,-1,-1,750.000,-1,-1,2,0,2,0,2,0,0,0,0,2,2,2,2,2,0,2,2
28,-5488.122,-6425.379,58.997,129.901,-0.641339,-0.767147,-0.013065,0.767088,-0.641462,0.010160,-0.016175,-0.003506,0.999863,0,-0.15074,0.68531,-9.044,1.371,-1,375.000,-1,400.000,-1,325.000,325.000,300.000,300.000,-1,-1,-1,-1,-1,750.000,-1,-1,2,0,2,0,2,0,0,0,0,2,2,2,2,2,0,2,2
29,-5482.147,-6432.188,59.148,131.269,-0.659472,-0.751614,-0.013177,0.751551,-0.659596,0.010233,-0.016383,-0.003154,0.999861,0,-0.15097,0.68404,-9.058,1.368,-1,375.000,-1,400.000,-1,325.000,325.000,300.000,300.000,-1,-1,-1,-1,-1,725.000,-1,-1,2,0,2,0,2,0,0,0,0,2,2,2,2,2,0,2,2
30,-5476.001,-6438.864,59.300,132.635,-0.677197,-0.735682,-0.013287,0.735615,-0.677321,0.010307,-0.016583,-0.002794,0.999859,0,-0.15124,0.68280,-9.074,1.366,-1,375.000,-1,375.000,-1,325.000,325.000,300.000,300.000,-1,-1,-1,-1,-1,725.000,-1,-1,2,0,2,0,2,0,0,0,0,2,2,2,2,2,0,2,2
31,-5473.044,-6441.951,59.372,133.760,-0.691519,-0.722235,-0.013345,0.722165,-0.691643,0.010349,-0.016705,-0.002481,0.999857,0,-0.07124,0.56280,-4.274,1.126,-1,375.000,-1,375.000,-1,325.000,325.000,300.000,300.000,-1,-1,-1,-1,-1,725.000,-1,-1,2,0,2,0,2,0,0,0,0,2,2,2,2,2,0,2,2
32,-5473.414,-6441.577,59.363,134.646,-0.702600,-0.711459,-0.013352,0.711387,-0.702724,0.010358,-0.016752,-0.002221,0.999857,0,0.00876,0.44280,0.526,0.886,-1,375.000,-1,375.000,-1,325.000,325.000,300.000,300.000,-1,-1,-1,-1,-1,725.000,-1,-1,2,0,2,0,2,0,0,0,0,2,2,2,2,2,0,2,2
33,-5477.198,-6437.830,59.273,135.292,-0.710574,-0.703496,-0.013308,0.703423,-0.710696,0.010335,-0.016728,-0.002017,0.999858,0,0.08876,0.32280,5.326,0.646,-1,375.000,-1,375.000,-1,325.000,325.000,300.000,300.000,-1,-1,-1,-1,-1,725.000,-1,-1,2,0,2,0,2,0,0,0,0,2,2,2,2,2,0,2,2
34,-5484.445,-6430.758,59.103,135.697,-0.715539,-0.698448,-0.013213,0.698375,-0.715658,0.010278,-0.016635,-0.001873,0.999860,0,0.16876,0.20280,10.126,0.406,-1,375.000,-1,375.000,-1,325.000,325.000,300.000,300.000,-1,-1,-1,-1,-1,725.000,-1,-1,2,0,2,0,2,0,0,0,0,2,2,2,2,2,0,2,2
35,-5495.156,-6420.364,58.854,135.863,-0.717557,-0.696377,-0.013068,0.696305,-0.717674,0.010189,-0.016474,-0.001788,0.999863,0,0.24876,0.08280,14.926,0.166,-1,375.000,-1,375.000,-1,325.000,325.000,300.000,300.000,-1,-1,-1,-1,-1,725.000,-1,-1,2,0,2,0,2,0,0,0,0,2,2,2,2,2,0,2,2
36,-5509.295,-6406.610,58.530,135.788,-0.716656,-0.697308,-0.012870,0.697238,-0.716769,0.010067,-0.016244,-0.001759,0.999867,0,0.32876,-0.03720,19.726,-0.074,-1,375.000,-1,375.000,-1,325.000,325.000,300.000,300.000,-1,-1,-1,-1,-1,725.000,-1,-1,2,0,2,0,2,0,0,0,0,2,2,2,2,2,0,2,2
37,-5526.850,-6389.482,58.143,135.706,-0.715652,-0.698343,-0.012628,0.698275,-0.715761,0.009863,-0.015926,-0.001759,0.999872,0,0.40876,-0.04139,24.526,-0.083,-1,375.000,-1,375.000,-1,325.000,325.000,300.000,300.000,-1,-1,-1,-1,-1,725.000,-1,-1,2,0,2,0,2,0,0,0,0,2,2,2,2,2,0,2,2
38,-5547.811,-6368.973,57.694,135.624,-0.714662,-0.699361,-0.012338,0.699297,-0.714767,0.009598,-0.015531,-0.001768,0.999878,0,0.48876,-0.04077,29.326,-0.082,-1,375.000,-1,375.000,-1,325.000,325.000,300.000,300.000,-1,-1,-1,-1,-1,725.000,-1,-1,2,0,2,0,2,0,0,0,0,2,2,2,2,2,0,2,2
39,-5572.169,-6345.073,57.184,135.544,-0.713691,-0.700358,-0.011998,0.700299,-0.713789,0.009286,-0.015068,-0.001775,0.999885,0,0.56876,-0.04001,34.126,-0.080,-1,375.000,-1,375.000,-1,325.000,325.000,300.000,300.000,-1,-1,-1,-1,-1,725.000,-1,-1,2,0,2,0,2,0,0,0,0,2,2,2,2,2,0,2,2
40,-5599.916,-6317.773,56.619,135.466,-0.712740,-0.701332,-0.011607,0.701277,-0.712833,0.008925,-0.014533,-0.001779,0.999893,0,0.64876,-0.03910,38.926,-0.078,-1,375.000,-1,375.000,-1,325.000,325.000,300.000,300.000,-1,-1,-1,-1,-1,725.000,-1,-1,2,0,2,0,2,0,0,0,0,2,2,2,2,2,0,2,2
41,-5631.045,-6287.066,56.012,135.390,-0.711816,-0.702277,-0.011161,0.702228,-0.711901,0.008547,-0.013948,-0.001753,0.999901,0,0.72876,-0.03802,43.726,-0.076,-1,375.000,-1,375.000,-1,325.000,325.000,300.000,300.000,-1,-1,-1,-1,-1,725.000,-1,-1,2,1,2,0,2,0,0,0,0,2,2,2,2,2,0,2,2
42,-5665.546,-6252.943,55.370,135.316,-0.710922,-0.703190,-0.010669,0.703145,-0.711000,0.008154,-0.013319,-0.001705,0.999910,0,0.80876,-0.03674,48.526,-0.073,-1,475.000,-1,375.000,-1,325.000,325.000,300.000,300.000,-1,-1,-1,-1,-1,725.000,-1,-1,2,1,2,0,2,0,0,0,0,2,2,2,2,2,0,2,2
43,-5703.415,-6215.399,54.694,135.246,-0.710064,-0.704064,-0.010137,0.704024,-0.710134,0.007718,-0.012633,-0.001656,0.999919,0,0.88876,-0.03524,53.326,-0.070,-1,-1,-1,375.000,-1,325.000,325.000,300.000,300.000,-1,-1,-1,-1,-1,725.000,-1,-1,2,2,2,0,2,0,0,0,0,2,2,2,2,2,0,2,2
44,-5744.407,-6174.662,54.000,135.179,-0.709249,-0.704894,-0.009539,0.704858,-0.709311,0.007244,-0.011872,-0.001586,0.999928,0,0.96319,-0.03348,57.792,-0.067,-1,-1,-1,375.000,-1,325.000,325.000,300.000,300.000,-1,-1,-1,-1,-1,725.000,-1,-1,2,2,2,0,2,1,0,0,0,2,2,2,2,2,0,2,2
45,-5785.506,-6133.728,53.332,135.116,-0.708484,-0.705671,-0.008863,0.705640,-0.708538,0.006773,-0.011059,-0.001456,0.999938,0,0.96677,-0.03141,58.006,-0.063,-1,-1,-1,375.000,-1,400.000,325.000,300.000,300.000,-1,-1,-1,-1,-1,-1,-1,-1,2,2,2,0,2,1,0,0,0,2,2,2,2,2,2,2,2
46,-5826.713,-6092.605,52.161,135.058,-0.707739,-0.706388,-0.011020,0.706372,-0.707816,0.005975,-0.012021,-0.003555,0.999921,0,0.97027,-0.02916,58.216,-0.058,-1,-1,-1,375.000,-1,700.000,300.000,300.000,325.000,-1,-1,-1,-1,-1,-1,-1,-1,2,2,2,0,2,1,0,0,0,2,2,2,2,2,2,2,2
47,-5868.027,-6051.299,49.721,135.004,-0.706922,-0.707009,-0.020019,0.707081,-0.707119,0.004408,-0.017273,-0.011039,0.999790,0,0.97368,-0.02668,58.421,-0.053,-1,-1,-1,375.000,-1,775.000,300.000,275.000,325.000,-1,-1,-1,-1,-1,-1,-1,-1,2,2,2,0,2,1,1,0,0,2,2,2,2,2,2,2,2
48,-5909.447,-6009.820,46.650,134.957,-0.705982,-0.707483,-0.032525,0.707798,-0.706410,0.002460,-0.024716,-0.021285,0.999468,0,0.97698,-0.02396,58.619,-0.048,-1,-1,-1,350.000,-1,825.000,425.000,275.000,325.000,-1,-1,-1,-1,-1,-1,-1,-1,2,2,2,0,2,1,1,0,0,2,2,2,2,2,2,2,2
49,-5950.974,-5968.178,42.942,134.915,-0.704799,-0.707743,-0.048566,0.708574,-0.705636,0.000135,-0.034365,-0.034318,0.998820,0,0.98014,-0.02096,58.809,-0.042,-1,-1,-1,400.000,-1,825.000,500.000,225.000,350.000,-1,-1,-1,-1,-1,-1,-1,-1,2,2,2,1,2,1,1,0,0,2,2,2,2,2,2,2,2
50,-5992.606,-5926.386,38.603,134.879,-0.703210,-0.707700,-0.068234,0.709475,-0.704726,-0.002560,-0.046275,-0.050211,0.997666,0,0.98314,-0.01763,58.988,-0.035,-1,-1,-1,475.000,-1,825.000,550.000,200.000,350.000,-1,-1,-1,-1,-1,-1,-1,-1,2,2,2,1,2,1,1,1,0,2,2,2,2,2,2,2,2
51,-6034.342,-5884.460,33.641,134.851,-0.701011,-0.707245,-0.091584,0.710585,-0.703588,-0.005667,-0.060430,-0.069051,0.995781,0,0.98593,-0.01393,59.156,-0.028,-1,-1,-1,500.000,-1,800.000,550.000,200.000,375.000,-1,-1,-1,-1,-1,-1,-1,-1,2,2,2,1,2,1,1,1,0,2,2,2,2,2,2,2,2
52,-6076.178,-5842.419,28.034,134.832,-0.697971,-0.706248,-0.118537,0.712004,-0.702115,-0.009203,-0.076727,-0.090822,0.992907,0,0.98846,-0.00980,59.307,-0.020,-1,-1,-1,525.000,-1,750.000,550.000,175.000,400.000,-1,-1,-1,-1,-1,-1,-1,-1,2,2,2,1,2,1,1,1,0,2,2,2,2,2,2,2,2
53,-3607.619,-327.969,21.371,-103.045,-0.224449,0.973288,0.048293,-0.974078,-0.225513,0.017775,0.028191,-0.043052,0.998675,1,0.00000,0.00000,59.439,-0.010,-1,450.000,-1,300.000,325.000,325.000,275.000,275.000,375.000,-1,300.000,400.000,-1,875.000,425.000,-1,350.000,2,0,2,1,1,1,1,0,0,2,0,0,2,0,1,2,1
54,-3608.683,-332.650,21.576,-102.805,-0.220320,0.974195,0.049024,-0.975004,-0.221428,0.018366,0.028748,-0.043752,0.998629,0,0.08000,0.12000,4.800,0.240,-1,450.000,-1,300.000,325.000,325.000,275.000,275.000,375.000,-1,275.000,400.000,-1,875.000,425.000,-1,350.000,2,0,2,1,1,1,1,0,0,2,0,0,2,0,1,2,1
55,-3610.731,-342.029,21.981,-102.325,-0.212050,0.975955,0.050459,-0.976803,-0.213245,0.019563,0.029853,-0.045140,0.998534,0,0.16000,0.24000,9.600,0.480,-1,450.000,-1,300.000,325.000,325.000,275.000,275.000,400.000,-1,275.000,400.000,-1,875.000,425.000,-1,350.000,2,0,2,1,1,1,1,0,0,2,0,0,2,0,1,2,1
56,-3613.633,-356.133,22.579,-101.627,-0.199981,0.978389,0.052555,-0.979293,-0.201314,0.021376,0.031494,-0.047192,0.998389,0,0.24000,0.34920,14.400,0.698,-1,450.000,-1,300.000,325.000,350.000,275.000,275.000,400.000,-1,250.000,400.000,-1,900.000,475.000,-1,325.000,2,0,2,1,1,1,1,0,0,2,0,0,2,0,1,2,1
57,-3617.273,-374.985,23.356,-100.934,-0.187911,0.980627,0.055325,-0.981608,-0.189435,0.023671,0.033693,-0.049859,0.998188,0,0.32000,0.34671,19.200,0.693,-1,450.000,-1,300.000,325.000,350.000,275.000,275.000,400.000,-1,225.000,375.000,-1,900.000,550.000,-1,325.000,2,0,2,1,1,1,1,0,0,2,0,0,2,0,1,2,1
58,-3621.541,-398.603,24.313,-100.246,-0.175850,0.982662,0.058762,-0.983742,-0.177627,0.026476,0.036454,-0.053151,0.997921,0,0.40000,0.34368,24.000,0.687,-1,450.000,-1,300.000,300.000,350.000,300.000,275.000,425.000,-1,200.000,350.000,-1,925.000,725.000,-1,325.000,2,0,2,1,1,1,1,0,0,2,0,0,2,0,1,2,1
59,-3626.325,-427.003,25.451,-99.566,-0.163810,0.984487,0.062861,-0.985689,-0.165914,0.029820,0.039787,-0.057077,0.997577,0,0.48000,0.34006,28.800,0.680,-1,475.000,-1,300.000,300.000,375.000,300.000,275.000,400.000,1000.000,200.000,325.000,-1,950.000,-1,-1,325.000,2,0,2,1,1,1,1,0,1,0,0,0,2,0,2,2,1
60,-3631.518,-460.199,26.772,-98.895,-0.151801,0.986095,0.067619,-0.987445,-0.154322,0.033731,0.043697,-0.061649,0.997141,0,0.56000,0.33576,33.600,0.672,-1,475.000,-1,325.000,300.000,375.000,300.000,275.000,375.000,925.000,175.000,300.000,-1,950.000,-1,-1,325.000,2,0,2,1,1,1,1,0,1,0,0,0,2,0,2,2,1
61,-3637.014,-498.204,28.277,-98.233,-0.139838,0.987478,0.073030,-0.989001,-0.142882,0.038237,0.048193,-0.066880,0.996596,0,0.64000,0.33067,38.400,0.661,-1,500.000,-1,350.000,275.000,400.000,325.000,275.000,350.000,850.000,150.000,275.000,-1,1000.000,-1,-1,300.000,2,0,2,1,1,1,1,0,1,0,0,0,2,0,2,2,1
62,-3642.712,-541.027,29.968,-97.584,-0.127934,0.988624,0.079091,-0.990351,-0.131627,0.043360,0.053277,-0.072780,0.995924,0,0.72000,0.32469,43.200,0.649,-1,500.000,-1,400.000,275.000,400.000,350.000,275.000,325.000,750.000,125.000,275.000,-1,-1,-1,-1,-1,2,0,2,1,1,1,1,0,1,0,0,0,2,2,2,2,2
63,-3648.515,-588.676,31.845,-96.949,-0.116107,0.989525,0.085792,-0.991486,-0.120596,0.049122,0.058953,-0.079359,0.995101,0,0.80000,0.31765,48.000,0.635,-1,525.000,-1,475.000,-1,425.000,400.000,250.000,325.000,675.000,100.000,250.000,-1,-1,-1,-1,-1,2,0,2,1,2,1,1,0,1,0,0,0,2,2,2,2,2
64,-3654.536,-641.132,34.030,-96.553,-0.108256,0.989744,0.093210,-0.991981,-0.113698,0.055186,0.065218,-0.086488,0.994116,0,0.88000,0.19765,52.800,0.395,-1,525.000,-1,550.000,-1,450.000,425.000,250.000,300.000,600.000,100.000,225.000,-1,-1,-1,-1,-1,2,0,2,1,2,1,1,0,1,0,0,0,2,2,2,2,2
65,-3660.947,-698.374,36.634,-96.398,-0.104766,0.989355,0.101001,-0.992160,-0.110937,0.057538,0.068130,-0.094181,0.993221,0,0.96000,0.07765,57.600,0.155,-1,525.000,-1,675.000,-1,450.000,450.000,250.000,275.000,575.000,100.000,250.000,-1,-1,-1,-1,-1,2,0,2,1,2,1,1,0,1,0,0,0,2,2,2,2,2
66,-3667.720,-757.990,37.090,-96.483,-0.107217,0.989245,0.099488,-0.992498,-0.112406,0.048089,0.058755,-0.093586,0.993876,0,1.00000,-0.04235,60.000,-0.085,-1,525.000,-1,675.000,-1,425.000,450.000,250.000,250.000,625.000,175.000,350.000,-1,-1,-1,-1,-1,2,0,2,0,2,1,1,0,1,0,0,0,2,2,2,2,2
67,-3674.829,-817.563,37.614,-96.807,-0.113786,0.988622,0.098383,-0.992275,-0.118014,0.038259,0.049434,-0.093270,0.994413,0,0.99995,-0.16235,59.997,-0.325,-1,500.000,-1,650.000,-1,425.000,450.000,250.000,200.000,700.000,275.000,475.000,-1,975.000,-1,-1,-1,2,0,2,0,2,1,1,0,1,0,0,0,2,0,2,2,2
68,2295.764,-2951.694,-0.391,-61.670,0.474577,0.880155,0.010202,-0.880209,0.474504,0.008881,0.002976,-0.013194,0.999909,1,0.00000,0.00000,59.540,-0.565,-1,400.000,-1,400.000,-1,325.000,325.000,300.000,325.000,-1,-1,-1,-1,-1,-1,-1,-1,2,0,2,1,2,0,0,0,0,2,2,2,2,2,2,2,2
69,2298.059,-2955.910,-0.370,-61.430,0.478259,0.878159,0.010276,-0.878214,0.478186,0.008881,0.002885,-0.013272,0.999908,0,0.08000,0.12000,4.800,0.240,-1,400.000,-1,400.000,-1,325.000,325.000,300.000,325.000,-1,-1,-1,-1,-1,-1,-1,-1,2,0,2,1,2,0,0,0,0,2,2,2,2,2,2,2,2
70,2302.721,-2964.302,-0.327,-60.950,0.485598,0.874120,0.010427,-0.874178,0.485525,0.008885,0.002704,-0.013429,0.999906,0,0.16000,0.24000,9.600,0.480,-1,400.000,-1,400.000,-1,325.000,325.000,300.000,325.000,-1,-1,-1,-1,-1,-1,-1,-1,2,0,2,1,2,0,0,0,0,2,2,2,2,2,2,2,2
71,2309.870,-2976.802,-0.263,-60.230,0.496543,0.867947,0.010659,-0.868009,0.496469,0.008901,0.002434,-0.013672,0.999904,0,0.24000,0.36000,14.400,0.720,-1,400.000,-1,425.000,-1,325.000,325.000,300.000,325.000,-1,-1,-1,-1,-1,-1,-1,-1,2,0,2,1,2,0,0,0,0,2,2,2,2,2,2,2,2
72,2319.681,-2993.306,-0.181,-59.273,0.510970,0.859529,0.010979,-0.859596,0.510896,0.008943,0.002077,-0.014007,0.999900,0,0.32000,0.47857,19.200,0.957,-1,400.000,-1,425.000,-1,325.000,325.000,300.000,325.000,-1,-1,-1,-1,-1,-1,-1,-1,2,0,2,1,2,0,0,0,0,2,2,2,2,2,2,2,2
73,2332.287,-3013.729,-0.087,-58.315,0.525268,0.850861,0.011396,-0.850935,0.525193,0.009009,0.001681,-0.014429,0.999894,0,0.40000,0.47905,24.000,0.958,-1,400.000,-1,450.000,-1,325.000,325.000,300.000,325.000,-1,-1,-1,-1,-1,-1,-1,-1,2,0,2,1,2,0,0,0,0,2,2,2,2,2,2,2,2
74,2347.822,-3037.979,-0.088,-57.355,0.539441,0.841942,0.011752,-0.842023,0.539373,0.008633,0.000930,-0.014553,0.999894,0,0.48000,0.47993,28.800,0.960,-1,400.000,-1,500.000,-1,325.000,325.000,300.000,325.000,-1,-1,-1,-1,-1,-1,-1,-1,2,0,2,1,2,0,0,0,0,2,2,2,2,2,2,2,2
75,2366.420,-3065.963,-0.102,-56.393,0.553498,0.832761,0.012200,-0.832850,0.553438,0.008192,0.000071,-0.014695,0.999892,0,0.56000,0.48123,33.600,0.962,-1,400.000,-1,550.000,-1,325.000,325.000,300.000,325.000,-1,-1,-1,-1,-1,-1,-1,-1,2,0,2,1,2,0,1,0,0,2,2,2,2,2,2,2,2
76,2388.210,-3097.582,-0.174,-55.427,0.567450,0.823313,0.012528,-0.823408,0.567398,0.007737,-0.000739,-0.014705,0.999892,0,0.64000,0.48296,38.400,0.966,-1,400.000,-1,750.000,-1,325.000,350.000,300.000,325.000,-1,-1,-1,-1,-1,-1,-1,-1,2,0,2,1,2,0,1,0,0,2,2,2,2,2,2,2,2
77,2413.101,-3132.421,-0.302,-54.457,0.581302,0.813588,0.012752,-0.813686,0.581259,0.007263,-0.001503,-0.014599,0.999892,0,0.71361,0.48513,42.817,0.970,-1,-1,-1,975.000,-1,325.000,425.000,300.000,325.000,-1,-1,-1,-1,-1,-1,-1,-1,2,2,2,1,2,0,1,0,0,2,2,2,2,2,2,2,2
78,2441.593,-3170.572,-0.455,-53.246,0.598347,0.801131,0.013046,-0.801233,0.598314,0.006742,-0.002404,-0.014487,0.999892,0,0.79361,0.60513,47.617,1.210,-1,-1,-1,975.000,-1,325.000,575.000,300.000,300.000,-1,-1,-1,-1,-1,-1,-1,-1,2,2,2,1,2,1,1,0,0,2,2,2,2,2,2,2,2
79,2471.209,-3208.202,-0.859,-51.796,0.618415,0.785742,0.013131,-0.785841,0.618407,0.005127,-0.004091,-0.013489,0.999901,0,0.79810,0.72513,47.886,1.450,-1,-1,-1,1000.000,-1,-1,-1,300.000,300.000,-1,-1,-1,-1,-1,-1,-1,-1,2,2,2,1,2,2,2,0,0,2,2,2,2,2,2,2,2
80,2503.213,-3247.047,-2.578,-50.515,0.635793,0.771765,0.012091,-0.771799,0.635862,-0.002550,-0.009656,-0.007710,0.999924,0,0.83886,0.64065,50.332,1.281,-1,-1,-1,1000.000,-1,-1,-1,750.000,300.000,-1,-1,-1,-1,-1,-1,-1,-1,2,2,2,1,2,2,2,1,0,2,2,2,2,2,2,2,2
81,2536.181,-3285.296,-5.151,-49.240,0.652763,0.757456,0.012725,-0.757352,0.652885,-0.012607,-0.017857,-0.001408,0.999840,0,0.84159,0.63711,50.495,1.274,-1,-1,-1,-1,-1,-1,-1,825.000,275.000,-1,-1,-1,-1,-1,-1,-1,-1,2,2,2,2,2,2,2,1,0,2,2,2,2,2,2,2,2
82,2570.098,-3322.912,-17.997,-47.974,0.666805,0.742430,0.064576,-0.742855,0.669094,-0.021929,-0.059488,-0.033348,0.997672,0,0.84409,0.63316,50.645,1.266,-1,-1,-1,-1,-1,-1,-1,225.000,275.000,-1,-1,-1,-1,-1,-1,-1,-1,2,2,2,2,2,2,2,1,0,2,2,2,2,2,2,2,2
83,2604.942,-3359.862,-31.999,-46.717,0.676833,0.726379,0.119458,-0.728723,0.684108,-0.030957,-0.104209,-0.066099,0.992356,0,0.84631,0.62878,50.779,1.258,-1,-1,-1,-1,-1,-1,-1,150.000,275.000,-1,-1,-1,-1,-1,-1,-1,-1,2,2,2,2,2,2,2,0,0,2,2,2,2,2,2,2,2
84,2640.683,-3396.112,-47.196,-45.469,0.682320,0.709298,0.177022,-0.715241,0.697786,-0.039065,-0.151232,-0.099958,0.983431,0,0.84820,0.62391,50.892,1.248,-1,-1,-1,950.000,975.000,-1,-1,75.000,275.000,-1,-1,-1,-1,-1,-1,-1,-1,2,2,2,1,1,2,2,0,1,2,2,2,2,2,2,2,2
85,2951.619,4263.672,121.481,42.176,0.720960,-0.661321,0.207054,0.682108,0.729946,-0.043674,-0.122256,0.172720,0.977354,1,0.00000,0.00000,50.981,1.237,-1,350.000,-1,275.000,200.000,275.000,250.000,300.000,225.000,-1,-1,-1,-1,600.000,400.000,-1,225.000,2,0,2,0,0,0,0,1,0,2,2,2,2,0,0,2,0
86,2955.176,4266.895,121.197,42.177,0.721083,-0.661344,0.206551,0.682080,0.729953,-0.043990,-0.121680,0.172605,0.977446,0,0.08000,0.00036,4.800,0.001,-1,350.000,-1,275.000,200.000,275.000,250.000,300.000,225.000,-1,-1,-1,-1,625.000,400.000,-1,225.000,2,0,2,0,0,0,0,1,0,2,2,2,2,0,0,2,0
87,2962.290,4273.340,120.613,42.177,0.721354,-0.661372,0.205510,0.682006,0.729982,-0.044659,-0.120482,0.172374,0.977636,0,0.16000,0.00004,9.600,0.000,-1,350.000,-1,275.000,200.000,275.000,250.000,300.000,225.000,-1,-1,-1,-1,625.000,400.000,-1,225.000,2,0,2,0,0,0,0,1,0,2,2,2,2,0,0,2,0
88,2972.962,4283.007,119.452,42.176,0.722036,-0.661514,0.202639,0.681747,0.730169,-0.045545,-0.117832,0.171033,0.978194,0,0.24000,-0.00059,14.400,-0.001,-1,375.000,-1,275.000,200.000,275.000,250.000,300.000,225.000,-1,-1,-1,-1,625.000,400.000,-1,225.000,2,0,2,0,0,0,0,1,0,2,2,2,2,0,0,2,0
89,2987.193,4295.893,117.497,42.173,0.723305,-0.661836,0.196987,0.681209,0.730604,-0.046612,-0.113070,0.167904,0.979297,0,0.32000,-0.00156,19.200,-0.003,-1,375.000,-1,275.000,225.000,275.000,250.000,325.000,225.000,-1,-1,-1,-1,625.000,400.000,-1,250.000,2,0,2,0,0,0,0,1,0,2,2,2,2,0,0,2,0
90,3004.983,4312.000,114.995,42.167,0.724870,-0.662173,0.189972,0.680536,0.731123,-0.048269,-0.106930,0.164272,0.980602,0,0.40000,-0.00287,24.000,-0.006,-1,375.000,-1,275.000,225.000,275.000,250.000,325.000,225.000,400.000,-1,-1,-1,650.000,425.000,-1,250.000,2,0,2,0,0,0,0,1,0,1,2,2,2,0,0,2,0
91,3026.334,4331.325,111.988,42.158,0.726693,-0.662526,0.181596,0.679716,0.731745,-0.050355,-0.099520,0.160026,0.982083,0,0.48000,-0.00453,28.800,-0.009,-1,375.000,-1,275.000,250.000,300.000,250.000,325.000,225.000,375.000,-1,-1,-1,650.000,425.000,-1,275.000,2,0,2,0,0,0,0,1,0,1,2,2,2,0,0,2,0
92,3051.254,4353.861,109.375,42.145,0.728494,-0.663219,0.171572,0.678649,0.732848,-0.048687,-0.093446,0.151905,0.983968,0,0.56000,-0.00656,33.600,-0.013,-1,375.000,-1,300.000,275.000,300.000,250.000,325.000,225.000,375.000,-1,-1,-1,675.000,450.000,-1,325.000,2,0,2,0,0,0,0,1,0,1,2,2,2,0,0,2,0
93,3077.336,4377.436,106.660,42.127,0.730311,-0.663832,0.161162,0.677538,0.733987,-0.046965,-0.087114,0.143493,0.985810,0,0.58598,-0.00897,35.159,-0.018,-1,375.000,-1,300.000,325.000,300.000,275.000,325.000,250.000,375.000,-1,-1,-1,675.000,475.000,-1,375.000,2,0,2,0,0,0,0,1,0,1,2,2,2,0,0,2,0
94,3103.436,4401.008,103.964,42.104,0.732070,-0.664322,0.150832,0.676420,0.735124,-0.045267,-0.080808,0.135164,0.987523,0,0.58618,-0.01154,35.171,-0.023,-1,375.000,-1,300.000,375.000,300.000,275.000,325.000,250.000,375.000,-1,-1,-1,675.000,475.000,-1,425.000,2,0,2,0,0,0,0,1,0,1,2,2,2,0,0,2,0
95,3129.568,4424.586,101.285,42.075,0.733775,-0.664689,0.140577,0.675292,0.736262,-0.043587,-0.074530,0.126913,0.989110,0,0.58662,-0.01416,35.197,-0.028,-1,375.000,-1,300.000,425.000,300.000,275.000,325.000,250.000,350.000,175.000,-1,-1,675.000,500.000,-1,475.000,2,0,2,0,0,0,0,1,0,1,1,2,2,0,0,2,0
96,3159.163,4451.489,98.283,42.287,0.732722,-0.668164,0.129134,0.677199,0.734636,-0.041364,-0.067229,0.117758,0.990764,0,0.66662,0.10584,39.997,0.212,-1,375.000,-1,325.000,500.000,300.000,275.000,325.000,250.000,350.000,175.000,-1,-1,700.000,525.000,-1,575.000,2,0,2,0,0,0,0,1,0,1,1,2,2,0,0,2,0
97,3192.070,4481.882,94.987,42.739,0.728828,-0.674705,0.116549,0.682155,0.730179,-0.038766,-0.058946,0.107758,0.992428,0,0.74662,0.22584,44.797,0.452,-1,375.000,-1,325.000,625.000,300.000,275.000,325.000,275.000,350.000,175.000,-1,-1,700.000,550.000,-1,700.000,2,0,2,0,0,0,0,1,0,1,1,2,2,0,0,2,0
98,3228.093,4515.970,91.441,43.430,0.721979,-0.684241,0.102766,0.690128,0.722796,-0.035913,-0.049706,0.096850,0.994057,0,0.82662,0.34584,49.597,0.692,-1,375.000,-1,350.000,800.000,300.000,300.000,325.000,275.000,350.000,175.000,-1,-1,725.000,575.000,-1,900.000,2,0,2,0,0,0,0,1,0,1,1,2,2,0,0,2,0
99,3263.992,4551.066,87.955,44.362,0.711916,-0.696598,0.089029,0.701106,0.712285,-0.033159,-0.040315,0.086025,0.995477,0,0.83675,0.46584,50.205,0.932,-1,400.000,-1,350.000,1000.000,300.000,300.000,325.000,275.000,350.000,200.000,450.000,-1,725.000,625.000,-1,-1,2,0,2,0,0,0,0,1,0,1,1,1,2,0,0,2,2
100,3299.269,4586.995,84.585,45.534,0.698487,-0.711628,0.075509,0.714957,0.698491,-0.030770,-0.030846,0.075478,0.996670,0,0.83924,0.58584,50.354,1.172,-1,400.000,-1,375.000,-1,325.000,300.000,325.000,300.000,325.000,225.000,425.000,-1,750.000,675.000,-1,-1,2,0,2,0,2,0,0,1,0,1,1,1,2,0,0,2,2
101,3333.761,4623.903,81.345,46.945,0.681522,-0.729149,0.062207,0.731488,0.681242,-0.028898,-0.021307,0.065198,0.997645,0,0.84196,0.70584,50.518,1.412,-1,400.000,-1,375.000,-1,325.000,300.000,325.000,300.000,325.000,250.000,425.000,-1,750.000,700.000,-1,-1,2,0,2,0,2,0,0,1,0,1,1,1,2,0,0,2,2
102,3368.616,4663.426,78.329,48.597,0.660799,-0.748919,0.049658,0.750466,0.660328,-0.027705,-0.012041,0.055574,0.998382,0,0.87830,0.82584,52.698,1.652,-1,400.000,-1,400.000,-1,325.000,325.000,300.000,300.000,325.000,275.000,450.000,-1,775.000,750.000,-1,-1,2,0,2,0,2,0,0,0,0,1,1,1,2,0,0,2,2
103,3402.135,4704.072,77.787,50.489,0.635759,-0.770304,0.049420,0.771821,0.635243,-0.027552,-0.010171,0.055660,0.998398,0,0.87807,0.94584,52.684,1.892,-1,400.000,-1,400.000,-1,325.000,325.000,300.000,300.000,375.000,350.000,550.000,-1,775.000,750.000,-1,-1,2,0,2,0,2,0,0,0,0,1,1,1,2,0,0,2,2
104,3434.244,4745.855,77.348,52.458,0.608959,-0.791676,0.049173,0.793160,0.608397,-0.027411,-0.008216,0.055694,0.998414,0,0.87828,0.98462,52.697,1.969,-1,400.000,-1,400.000,-1,325.000,325.000,300.000,300.000,400.000,450.000,650.000,-1,775.000,750.000,-1,-1,2,0,2,0,2,0,0,0,0,1,1,1,2,0,0,2,2
105,3464.917,4788.734,77.011,54.423,0.581502,-0.812073,0.048917,0.813521,0.580896,-0.027276,-0.006265,0.055656,0.998430,0,0.87869,0.98244,52.721,1.965,950.000,400.000,-1,400.000,-1,325.000,325.000,300.000,300.000,425.000,525.000,800.000,-1,775.000,750.000,-1,-1,1,0,2,0,2,0,0,0,0,1,1,1,2,0,0,2,2
106,3494.121,4832.663,76.713,56.383,0.553418,-0.831464,0.048962,0.832892,0.552771,-0.027122,-0.004514,0.055789,0.998432,0,0.87918,0.98024,52.751,1.960,825.000,400.000,-1,400.000,-1,325.000,325.000,300.000,300.000,475.000,625.000,-1,-1,775.000,750.000,-1,-1,1,0,2,0,2,0,0,0,0,1,1,2,2,0,0,2,2
107,3519.457,4873.373,76.512,58.104,0.528235,-0.847680,0.049056,0.849093,0.527555,-0.026961,-0.003025,0.055895,0.998432,0,0.79918,0.86024,47.951,1.720,750.000,400.000,-1,400.000,-1,325.000,325.000,300.000,300.000,500.000,725.000,-1,-1,775.000,750.000,-1,-1,1,0,2,0,2,0,0,0,0,1,1,2,2,0,0,2,2
108,3541.532,4910.976,76.393,59.584,0.506184,-0.861024,0.049142,0.862424,0.505477,-0.026800,-0.001765,0.055947,0.998432,0,0.72674,0.74024,43.604,1.480,700.000,400.000,-1,400.000,-1,325.000,325.000,300.000,300.000,525.000,850.000,-1,-1,775.000,750.000,-1,-1,1,0,2,0,2,0,0,0,0,1,1,2,2,0,0,2,2
109,3562.801,4949.072,76.340,60.825,0.487444,-0.871767,0.049202,0.873154,0.486719,-0.026571,-0.000784,0.055913,0.998435,0,0.72720,0.62024,43.632,1.240,650.000,400.000,-1,400.000,-1,325.000,325.000,300.000,300.000,575.000,-1,-1,-1,775.000,750.000,-1,-1,1,0,2,0,2,0,0,0,0,1,2,2,2,0,0,2,2
110,3583.410,4987.549,76.344,61.825,0.472158,-0.880138,0.049231,0.881514,0.471427,-0.026269,-0.000089,0.055801,0.998442,0,0.72748,0.50024,43.649,1.000,625.000,400.000,-1,400.000,-1,325.000,325.000,300.000,300.000,600.000,-1,-1,-1,775.000,750.000,-1,-1,1,0,2,0,2,0,0,0,0,1,2,2,2,0,0,2,2
111,3603.511,5026.303,76.381,62.586,0.460439,-0.886324,0.049255,0.887691,0.459707,-0.025960,0.000366,0.055676,0.998449,0,0.72762,0.38024,43.657,0.760,600.000,400.000,-1,400.000,-1,325.000,325.000,300.000,300.000,625.000,-1,-1,-1,775.000,750.000,-1,-1,1,0,2,0,2,0,0,0,0,1,2,2,2,0,0,2,2
112,3623.106,5065.315,76.449,63.330,0.448891,-0.892227,0.049277,0.893586,0.448159,-0.025643,0.000796,0.055544,0.998456,0,0.72762,0.37212,43.657,0.744,600.000,400.000,-1,400.000,-1,325.000,325.000,300.000,300.000,650.000,-1,-1,-1,775.000,750.000,-1,-1,1,0,2,0,2,0,0,0,0,1,2,2,2,0,0,2,2
113,3642.199,5104.583,76.536,64.070,0.437334,-0.897951,0.049234,0.899298,0.436601,-0.025334,0.001253,0.055356,0.998466,0,0.72773,0.37006,43.664,0.740,575.000,400.000,-1,400.000,-1,325.000,325.000,300.000,300.000,675.000,-1,-1,-1,775.000,750.000,-1,-1,1,0,2,0,2,0,0,0,0,1,2,2,2,0,0,2,2
114,3662.542,5147.783,76.646,64.785,0.426107,-0.903340,0.049095,0.904671,0.425376,-0.025012,0.001710,0.055072,0.998481,0,0.79583,0.35726,47.750,0.715,575.000,400.000,-1,400.000,-1,325.000,325.000,300.000,300.000,700.000,-1,-1,-1,775.000,750.000,-1,-1,1,0,2,0,2,0,0,0,0,1,2,2,2,0,0,2,2
115,3682.339,5191.234,76.956,65.505,0.414745,-0.908599,0.049343,0.909933,0.413971,-0.025473,0.002718,0.055464,0.998457,0,0.79581,0.36033,47.749,0.721,575.000,400.000,-1,400.000,-1,325.000,325.000,300.000,300.000,725.000,-1,-1,-1,775.000,750.000,-1,-1,1,0,2,0,2,0,0,0,0,1,2,2,2,0,0,2,2
116,3701.578,5234.924,77.239,66.232,0.403208,-0.913770,0.049462,0.915101,0.402407,-0.025653,0.003537,0.055607,0.998446,0,0.79565,0.36348,47.739,0.727,575.000,400.000,-1,400.000,-1,325.000,325.000,300.000,300.000,750.000,-1,-1,-1,775.000,750.000,-1,-1,1,0,2,0,2,0,0,0,0,1,2,2,2,0,0,2,2
117,3720.251,5278.839,77.323,66.966,0.391463,-0.918888,0.049006,0.920187,0.390696,-0.024749,0.003595,0.054783,0.998492,0,0.79533,0.36669,47.720,0.733,550.000,400.000,-1,400.000,-1,325.000,325.000,300.000,300.000,775.000,-1,-1,-1,775.000,750.000,-1,-1,1,0,2,0,2,0,0,0,0,1,2,2,2,0,0,2,2
118,3738.344,5322.964,77.336,67.706,0.379536,-0.923912,0.048359,0.925171,0.378820,-0.023551,0.003440,0.053679,0.998552,0,0.79485,0.36996,47.691,0.740,550.000,400.000,-1,400.000,-1,325.000,325.000,300.000,300.000,825.000,-1,-1,-1,775.000,750.000,-1,-1,1,0,2,0,2,0,0,0,0,1,2,2,2,0,0,2,2
119,3755.845,5367.286,77.538,68.452,0.367479,-0.928776,0.048316,0.930023,0.366752,-0.023456,0.004065,0.053555,0.998557,0,0.79421,0.37330,47.652,0.747,550.000,400.000,-1,400.000,-1,325.000,325.000,275.000,300.000,850.000,-1,-1,-1,775.000,750.000,-1,-1,1,0,2,0,2,0,0,1,0,1,2,2,2,0,0,2,2
120,3772.745,5411.788,77.744,69.206,0.355245,-0.933520,0.048388,0.934762,0.354508,-0.023325,0.004620,0.053518,0.998556,0,0.79339,0.37670,47.604,0.753,-1,400.000,-1,400.000,-1,325.000,325.000,275.000,300.000,875.000,-1,-1,-1,775.000,750.000,-1,-1,2,0,2,0,2,0,0,1,0,1,2,2,2,0,0,2,2
121,3789.033,5456.456,77.981,69.966,0.342837,-0.938144,0.048462,0.939381,0.342091,-0.023193,0.005180,0.053475,0.998556,0,0.79241,0.38015,47.545,0.760,-1,400.000,-1,400.000,-1,325.000,325.000,250.000,300.000,900.000,-1,-1,-1,775.000,750.000,-1,-1,2,0,2,0,2,0,0,1,0,1,2,2,2,0,0,2,2
122,3804.698,5501.272,78.247,70.733,0.330254,-0.942643,0.048536,0.943875,0.329498,-0.023059,0.005744,0.053427,0.998555,0,0.79126,0.38364,47.476,0.767,-1,400.000,-1,400.000,-1,325.000,325.000,225.000,300.000,925.000,-1,-1,-1,750.000,750.000,-1,-1,2,0,2,0,2,0,0,1,0,1,2,2,2,0,0,2,2
123,3819.731,5546.220,78.545,71.507,0.317495,-0.947013,0.048611,0.948239,0.316729,-0.022924,0.006313,0.053373,0.998555,0,0.78993,0.38718,47.396,0.774,-1,400.000,-1,400.000,-1,325.000,325.000,225.000,300.000,950.000,-1,-1,-1,750.000,750.000,-1,-1,2,0,2,0,2,0,0,1,0,1,2,2,2,0,0,2,2
124,3834.123,5591.284,78.873,72.288,0.304570,-0.951245,0.048686,0.952465,0.303794,-0.022789,0.006887,0.053312,0.998554,0,0.78844,0.39045,47.306,0.781,-1,400.000,-1,400.000,-1,325.000,325.000,200.000,300.000,950.000,-1,-1,-1,750.000,750.000,-1,-1,2,0,2,0,2,0,0,1,0,1,2,2,2,0,0,2,2
125,3847.868,5636.445,79.232,73.072,0.291541,-0.955315,0.048762,0.956529,0.290756,-0.022652,0.007462,0.053246,0.998554,0,0.78677,0.39185,47.206,0.784,-1,400.000,-1,400.000,-1,325.000,325.000,200.000,300.000,975.000,-1,-1,-1,750.000,750.000,-1,-1,2,0,2,0,2,0,0,1,0,1,2,2,2,0,0,2,2
126,3860.962,5681.685,79.622,73.858,0.278415,-0.959218,0.048837,0.960427,0.277620,-0.022515,0.008038,0.053173,0.998553,0,0.78495,0.39314,47.097,0.786,-1,400.000,-1,400.000,-1,325.000,325.000,200.000,300.000,975.000,-1,-1,-1,750.000,750.000,-1,-1,2,0,2,0,2,0,0,1,0,1,2,2,2,0,0,2,2
127,3873.400,5726.986,80.043,74.647,0.265198,-0.962953,0.048913,0.964155,0.264393,-0.022377,0.008616,0.053094,0.998552,0,0.78296,0.39431,46.978,0.789,-1,400.000,-1,400.000,-1,325.000,325.000,200.000,300.000,1000.000,-1,-1,-1,750.000,750.000,-1,-1,2,0,2,0,2,0,0,1,0,1,2,2,2,0,0,2,2
128,3885.179,5772.330,80.496,75.438,0.251895,-0.966514,0.048988,0.967711,0.251080,-0.022239,0.009194,0.053008,0.998552,0,0.78083,0.39536,46.850,0.791,-1,400.000,-1,400.000,-1,325.000,325.000,200.000,300.000,-1,-1,-1,-1,750.000,750.000,-1,-1,2,0,2,0,2,0,0,1,0,2,2,2,2,0,0,2,2
129,3896.298,5817.700,80.979,76.230,0.238513,-0.969899,0.049063,0.971090,0.237688,-0.022100,0.009773,0.052916,0.998551,0,0.77856,0.39629,46.713,0.793,-1,400.000,-1,400.000,-1,325.000,325.000,175.000,300.000,-1,-1,-1,-1,750.000,750.000,-1,-1,2,0,2,0,2,0,0,1,0,2,2,2,2,0,0,2,2
130,3906.754,5863.081,81.759,77.024,0.225027,-0.973050,0.050368,0.974306,0.224210,-0.021395,0.009525,0.053888,0.998502,0,0.77616,0.39709,46.570,0.794,-1,400.000,-1,400.000,-1,325.000,325.000,175.000,300.000,-1,-1,-1,-1,750.000,750.000,-1,-1,2,0,2,0,2,0,0,1,0,2,2,2,2,0,0,2,2
131,3916.547,5908.456,82.400,77.820,0.211501,-0.976054,0.050854,0.977327,0.210675,-0.021151,0.009931,0.054174,0.998482,0,0.77367,0.39776,46.420,0.796,-1,400.000,-1,400.000,-1,325.000,325.000,175.000,300.000,-1,-1,-1,-1,750.000,725.000,-1,-1,2,0,2,0,2,0,0,1,0,2,2,2,2,0,0,2,2
132,3925.679,5953.811,82.850,78.617,0.197944,-0.978918,0.050383,0.980151,0.197090,-0.021436,0.011054,0.053626,0.998500,0,0.77109,0.39831,46.265,0.797,-1,400.000,-1,400.000,-1,325.000,325.000,175.000,300.000,-1,-1,-1,-1,750.000,750.000,-1,-1,2,0,2,0,2,0,0,1,0,2,2,2,2,0,0,2,2
133,3934.150,5999.132,83.218,79.414,0.184353,-0.981621,0.049336,0.982778,0.183457,-0.022144,0.012686,0.052569,0.998537,0,0.76844,0.39873,46.106,0.797,-1,400.000,-1,400.000,-1,325.000,325.000,175.000,300.000,-1,-1,-1,-1,750.000,750.000,-1,-1,2,0,2,0,2,0,0,1,0,2,2,2,2,0,0,2,2
134,3941.343,6039.808,83.796,79.971,0.174812,-0.983361,0.049423,0.984512,0.173898,-0.022256,0.013291,0.052548,0.998530,0,0.68844,0.27873,41.306,0.557,-1,400.000,-1,400.000,-1,325.000,325.000,175.000,300.000,-1,-1,-1,-1,750.000,750.000,-1,-1,2,0,2,0,2,0,0,1,0,2,2,2,2,0,0,2,2
135,3947.501,6075.791,84.316,80.289,0.169373,-0.984308,0.049504,0.985457,0.168447,-0.022356,0.013666,0.052571,0.998524,0,0.60844,0.15873,36.506,0.317,-1,400.000,-1,400.000,-1,325.000,325.000,175.000,300.000,-1,-1,-1,-1,750.000,750.000,-1,-1,2,0,2,0,2,0,0,1,0,2,2,2,2,0,0,2,2
136,3952.806,6107.050,84.767,80.366,0.168049,-0.984531,0.049577,0.985682,0.167115,-0.022443,0.013811,0.052639,0.998518,0,0.52844,0.03873,31.706,0.077,-1,400.000,-1,400.000,-1,325.000,325.000,175.000,300.000,-1,-1,-1,-1,750.000,750.000,-1,-1,2,0,2,0,2,0,0,1,0,2,2,2,2,0,0,2,2
137,3957.306,6133.578,85.150,80.374,0.167927,-0.984549,0.049639,0.985702,0.166989,-0.022518,0.013881,0.052711,0.998513,0,0.44844,0.00366,26.906,0.007,-1,400.000,-1,400.000,-1,325.000,325.000,200.000,300.000,-1,-1,-1,-1,750.000,725.000,-1,-1,2,0,2,0,2,0,0,1,0,2,2,2,2,0,0,2,2
138,3961.000,6155.374,85.464,80.381,0.167810,-0.984566,0.049691,0.985721,0.166867,-0.022579,0.013939,0.052770,0.998509,0,0.36844,0.00352,22.106,0.007,-1,400.000,-1,400.000,-1,325.000,325.000,200.000,300.000,-1,-1,-1,-1,750.000,725.000,-1,-1,2,0,2,0,2,0,0,1,0,2,2,2,2,0,0,2,2
139,3963.890,6172.437,85.710,80.387,0.167697,-0.984583,0.049731,0.985739,0.166751,-0.022627,0.013986,0.052816,0.998506,0,0.28844,0.00336,17.306,0.007,-1,400.000,-1,400.000,-1,325.000,325.000,200.000,300.000,-1,-1,-1,-1,750.000,725.000,-1,-1,2,0,2,0,2,0,0,1,0,2,2,2,2,0,0,2,2
