timestep,x_cm,y_cm,z_cm,yaw_deg,basis_xx,basis_xy,basis_xz,basis_yx,basis_yy,basis_yz,basis_zx,basis_zy,basis_zz,teleport_flag,throttle_cmd,steering_cmd,cmd_move_cm,cmd_turn_deg,lidar_cm_0,lidar_cm_1,lidar_cm_2,lidar_cm_3,lidar_cm_4,lidar_cm_5,lidar_cm_6,lidar_cm_7,lidar_cm_8,lidar_cm_9,lidar_cm_10,lidar_cm_11,lidar_cm_12,lidar_cm_13,lidar_cm_14,lidar_cm_15,lidar_cm_16,lidar_class_0,lidar_class_1,lidar_class_2,lidar_class_3,lidar_class_4,lidar_class_5,lidar_class_6,lidar_class_7,lidar_class_8,lidar_class_9,lidar_class_10,lidar_class_11,lidar_class_12,lidar_class_13,lidar_class_14,lidar_class_15,lidar_class_16
0,-7468.730,4877.053,218.771,-21.452,0.930656,0.365892,0.001429,-0.365702,0.930034,0.036038,0.011856,-0.034061,0.999349,0,0.30235,0.47746,1.085,0.001,-1,750.500,-1,552.837,-1,534.858,493.395,690.740,718.294,-1,-1,-1,-1,-1,-1,-1,-1,2,0,2,0,2,0,0,0,0,2,2,2,2,2,2,2,2
1,-7469.442,4877.075,221.776,-21.437,0.930741,0.365678,-0.000646,-0.365451,0.930223,0.033642,0.012903,-0.031076,0.999434,0,0.30235,0.47746,0.712,0.015,-1,767.870,-1,561.199,-1,544.904,502.082,719.695,719.300,-1,-1,-1,-1,-1,-1,-1,-1,2,0,2,0,2,0,0,0,0,2,2,2,2,2,2,2,2
2,-7469.832,4876.962,223.604,-21.419,0.930826,0.365442,-0.003881,-0.365140,0.930396,0.032193,0.015376,-0.028549,0.999474,0,0.30235,0.47746,0.406,0.018,-1,785.926,-1,569.906,-1,554.946,510.765,740.431,718.139,-1,-1,-1,-1,-1,-1,-1,-1,2,0,2,0,2,0,0,0,0,2,2,2,2,2,2,2,2
3,-7469.863,4876.689,224.187,-21.401,0.930876,0.365241,-0.008255,-0.364834,0.930547,0.031286,0.019109,-0.026111,0.999476,0,0.30235,0.47746,0.274,0.017,-1,805.221,-1,578.214,-1,564.619,518.961,755.228,713.725,-1,-1,-1,-1,-1,-1,-1,-1,2,0,2,0,2,0,0,0,0,2,2,2,2,2,2,2,2
4,-7469.546,4876.268,223.590,-21.380,0.930924,0.364964,-0.013512,-0.364448,0.930730,0.030317,0.023640,-0.023299,0.999449,0,0.30235,0.47746,0.527,0.022,-1,824.815,-1,585.017,-1,573.319,525.939,766.290,705.099,-1,-1,-1,-1,-1,-1,-1,-1,2,0,2,0,2,0,0,0,0,2,2,2,2,2,2,2,2
5,-7468.883,4875.673,222.004,-21.348,0.931005,0.364490,-0.019398,-0.363882,0.930994,0.028968,0.028619,-0.019911,0.999392,0,0.30235,0.47746,0.891,0.032,-1,843.387,-1,589.897,-1,581.028,531.457,775.455,692.355,-1,-1,-1,-1,-1,-1,-1,-1,2,0,2,0,2,0,0,0,0,2,2,2,2,2,2,2,2
6,-7467.890,4874.927,219.729,-21.309,0.931102,0.363854,-0.025674,-0.363193,0.931321,0.027069,0.033760,-0.015879,0.999304,0,0.30235,0.47746,1.242,0.039,-1,861.869,-1,593.016,-1,587.722,535.643,784.684,676.320,-1,-1,-1,-1,-1,-1,-1,-1,2,0,2,0,2,0,0,0,0,2,2,2,2,2,2,2,2
7,-7466.685,4874.143,217.280,-21.269,0.931230,0.363134,-0.030733,-0.362482,0.931660,0.024819,0.037646,-0.011972,0.999219,0,0.30235,0.47746,1.438,0.041,-1,875.034,-1,592.714,-1,591.249,537.059,792.536,660.279,-1,-1,-1,-1,-1,-1,-1,-1,2,0,2,0,2,0,0,0,0,2,2,2,2,2,2,2,2
8,-7465.403,4873.507,215.287,-21.232,0.931446,0.362488,-0.031795,-0.361879,0.931932,0.023391,0.038110,-0.010282,0.999221,0,0.30235,0.47746,1.431,0.037,-1,872.213,-1,587.055,-1,587.638,532.716,790.808,650.487,-1,-1,-1,-1,-1,-1,-1,-1,2,0,2,0,2,0,0,0,0,2,2,2,2,2,2,2,2
9,-7464.045,4873.082,213.987,-21.201,0.931737,0.361996,-0.028720,-0.361419,0.932110,0.023408,0.035244,-0.011430,0.999313,0,0.30235,0.47746,1.422,0.031,-1,853.704,-1,577.668,-1,577.639,523.849,777.361,648.756,-1,-1,-1,-1,-1,-1,-1,-1,2,0,2,0,2,0,0,0,0,2,2,2,2,2,2,2,2
10,-7462.542,4872.830,213.369,-21.174,0.932064,0.361585,-0.022654,-0.361034,0.932215,0.025093,0.030192,-0.015209,0.999428,0,0.30235,0.47746,1.524,0.027,-1,825.756,-1,567.159,-1,564.261,512.988,754.162,654.666,-1,-1,-1,-1,-1,-1,-1,-1,2,0,2,0,2,0,0,0,0,2,2,2,2,2,2,2,2
11,-7460.794,4872.670,213.270,-21.143,0.932401,0.361100,-0.015314,-0.360596,0.932296,0.028193,0.024457,-0.020765,0.999485,0,0.30235,0.47746,1.756,0.030,-1,795.330,-1,558.031,-1,550.993,502.715,725.688,666.148,-1,-1,-1,-1,-1,-1,-1,-1,2,0,2,0,2,0,0,0,0,2,2,2,2,2,2,2,2
12,-7458.720,4872.509,213.483,-21.104,0.932753,0.360423,-0.008185,-0.360003,0.932397,0.032146,0.019218,-0.027038,0.999450,0,0.30235,0.47746,2.080,0.039,-1,769.115,-1,551.599,-1,539.821,494.620,696.167,680.476,-1,-1,-1,-1,-1,-1,-1,-1,2,0,2,0,2,0,0,0,0,2,2,2,2,2,2,2,2
13,-7456.376,4872.325,213.887,-21.061,0.933104,0.359605,-0.001421,-0.359318,0.932504,0.036410,0.014419,-0.033463,0.999336,0,0.30235,0.47746,2.351,0.044,-1,747.048,-1,546.909,-1,530.304,488.075,669.737,696.144,-1,-1,-1,-1,-1,-1,-1,-1,2,0,2,0,2,0,0,0,0,2,2,2,2,2,2,2,2
14,-7453.760,4872.089,214.479,-21.010,0.933466,0.358639,0.004481,-0.358519,0.932649,0.040381,0.010303,-0.039301,0.999174,0,0.30235,0.47746,2.627,0.050,-1,729.597,-1,543.945,-1,522.981,483.333,648.221,711.308,-1,-1,-1,-1,-1,-1,-1,-1,2,0,2,0,2,0,0,0,0,2,2,2,2,2,2,2,2
15,-7450.842,4871.725,215.246,-20.950,0.933866,0.357513,0.008873,-0.357549,0.932880,0.043522,0.007282,-0.043816,0.999013,0,0.30235,0.47746,2.941,0.060,-1,718.402,-1,543.022,-1,518.652,480.906,633.845,723.978,-1,-1,-1,-1,-1,-1,-1,-1,2,0,2,0,2,0,0,0,0,2,2,2,2,2,2,2,2
16,-7447.600,4871.163,216.103,-20.877,0.934332,0.356218,0.011534,-0.356364,0.933243,0.045417,0.005414,-0.046545,0.998902,0,0.36020,0.42582,3.290,0.073,-1,713.421,-1,543.698,-1,517.211,480.546,627.255,732.240,-1,-1,-1,-1,-1,-1,-1,-1,2,0,2,0,2,0,0,0,0,2,2,2,2,2,2,2,2
17,-7444.017,4870.387,216.922,-20.788,0.934891,0.354709,0.012650,-0.354907,0.933773,0.045919,0.004476,-0.047419,0.998865,0,0.36020,0.42582,3.667,0.089,-1,713.390,-1,545.111,-1,517.905,481.520,627.675,735.225,-1,-1,-1,-1,-1,-1,-1,-1,2,0,2,0,2,0,0,0,0,2,2,2,2,2,2,2,2
18,-7440.082,4869.422,217.577,-20.672,0.935607,0.352817,0.012606,-0.353017,0.934524,0.045199,0.004166,-0.046738,0.998899,0,0.36020,0.42582,4.052,0.116,-1,716.677,-1,546.530,-1,519.838,483.076,633.312,733.220,-1,-1,-1,-1,-1,-1,-1,-1,2,0,2,0,2,0,0,0,0,2,2,2,2,2,2,2,2
19,-7435.837,4868.344,217.974,-20.534,0.936457,0.350578,0.011974,-0.350759,0.935447,0.043667,0.004108,-0.045092,0.998974,0,0.36020,0.42582,4.379,0.138,-1,721.179,-1,547.289,-1,521.951,484.426,641.609,727.631,-1,-1,-1,-1,-1,-1,-1,-1,2,0,2,0,2,0,0,0,0,2,2,2,2,2,2,2,2
20,-7431.246,4867.197,218.098,-20.365,0.937484,0.347862,0.010729,-0.347999,0.936565,0.041748,0.004474,-0.042871,0.999071,0,0.36020,0.42582,4.732,0.169,-1,727.132,-1,548.047,-1,524.531,485.973,651.205,719.529,-1,-1,-1,-1,-1,-1,-1,-1,2,0,2,0,2,0,0,0,0,2,2,2,2,2,2,2,2
21,-7426.297,4866.038,217.981,-20.164,0.938695,0.344638,0.008734,-0.344705,0.937872,0.039685,0.005486,-0.040263,0.999174,0,0.36020,0.42582,5.083,0.201,-1,735.268,-1,549.521,-1,528.081,488.492,661.682,709.606,-1,-1,-1,-1,-1,-1,-1,-1,2,0,2,0,2,0,0,0,0,2,2,2,2,2,2,2,2
22,-7421.019,4865.044,217.663,-19.898,0.940275,0.340364,0.005964,-0.340342,0.939561,0.037320,0.007098,-0.037121,0.999286,0,0.36020,0.42582,5.371,0.266,-1,746.554,-1,551.879,-1,532.898,492.132,674.133,697.565,-1,-1,-1,-1,-1,-1,-1,-1,2,0,2,0,2,0,0,0,0,2,2,2,2,2,2,2,2
23,-7415.479,4864.422,217.201,-19.536,0.942392,0.334502,0.002456,-0.334385,0.941808,0.034406,0.009196,-0.033245,0.999405,0,0.36020,0.42582,5.575,0.362,-1,762.702,-1,555.587,-1,539.287,496.945,690.025,683.102,-1,-1,-1,-1,-1,-1,-1,-1,2,0,2,0,2,0,0,0,0,2,2,2,2,2,2,2,2
24,-7409.822,4864.249,216.699,-19.068,0.945069,0.326869,-0.001380,-0.326670,0.944624,0.031183,0.011496,-0.029019,0.999513,0,0.36020,0.42582,5.659,0.468,-1,782.037,-1,560.724,-1,546.771,502.808,708.359,667.400,-1,-1,-1,-1,-1,-1,-1,-1,2,0,2,0,2,0,0,0,0,2,2,2,2,2,2,2,2
25,-7404.120,4864.420,216.397,-18.543,0.948000,0.318242,-0.004287,-0.317993,0.947648,0.029059,0.013310,-0.026185,0.999569,0,0.36020,0.42582,5.705,0.525,-1,799.644,-1,566.873,-1,553.964,508.976,721.864,655.285,-1,-1,-1,-1,-1,-1,-1,-1,2,0,2,0,2,0,0,0,0,2,2,2,2,2,2,2,2
26,-7398.332,4864.673,216.450,-18.045,0.950712,0.310026,-0.005534,-0.309739,0.950362,0.029567,0.014426,-0.026396,0.999547,0,0.36020,0.42582,5.793,0.498,-1,811.677,-1,574.810,-1,559.911,515.128,724.017,651.606,-1,-1,-1,-1,-1,-1,-1,-1,2,0,2,0,2,0,0,0,0,2,2,2,2,2,2,2,2
27,-7392.532,4865.144,216.857,-17.567,0.953267,0.302092,-0.004776,-0.301797,0.952841,0.031824,0.014164,-0.028895,0.999482,0,0.36020,0.42582,5.819,0.478,-1,816.680,-1,582.180,-1,563.344,519.769,717.263,654.361,-1,-1,-1,-1,-1,-1,-1,-1,2,0,2,0,2,0,0,0,0,2,2,2,2,2,2,2,2
28,-7386.658,4865.738,217.480,-17.111,0.955658,0.294466,-0.002686,-0.294193,0.955095,0.035269,0.012950,-0.032915,0.999374,0,0.36020,0.42582,5.903,0.457,-1,816.594,-1,588.939,-1,564.912,523.132,704.773,661.489,-1,-1,-1,-1,-1,-1,-1,-1,2,0,2,0,2,0,0,0,0,2,2,2,2,2,2,2,2
29,-7380.675,4866.482,218.131,-16.624,0.958150,0.286267,0.000265,-0.286068,0.957448,0.038197,0.010681,-0.036675,0.999270,0,0.36020,0.42582,6.029,0.487,-1,813.431,-1,593.232,-1,564.589,524.576,693.560,668.387,-1,-1,-1,-1,-1,-1,-1,-1,2,0,2,0,2,0,0,0,0,2,2,2,2,2,2,2,2
30,-7374.616,4867.230,218.695,-16.138,0.960568,0.278016,0.003904,-0.277944,0.959752,0.040292,0.007455,-0.039789,0.999180,0,0.19664,0.99180,6.105,0.486,-1,806.873,-1,594.329,-1,562.177,523.732,684.683,673.419,-1,-1,-1,-1,-1,-1,-1,-1,2,0,2,0,2,0,0,0,0,2,2,2,2,2,2,2,2
31,-7368.556,4867.965,219.124,-15.658,0.962887,0.269777,0.008308,-0.269885,0.961988,0.041731,0.003266,-0.042425,0.999094,0,0.19664,0.99180,6.104,0.480,-1,798.121,-1,592.168,-1,557.523,520.490,677.233,676.857,-1,-1,-1,-1,-1,-1,-1,-1,2,0,2,0,2,0,0,0,0,2,2,2,2,2,2,2,2
32,-7362.488,4868.639,219.387,-15.215,0.964945,0.262114,0.013347,-0.262449,0.963989,0.042963,-0.001605,-0.044960,0.998987,0,0.19664,0.99180,6.106,0.442,-1,786.117,-1,587.395,-1,550.938,515.246,669.312,679.719,-1,-1,-1,-1,-1,-1,-1,-1,2,0,2,0,2,0,0,0,0,2,2,2,2,2,2,2,2
33,-7356.434,4869.335,219.451,-14.768,0.966942,0.254296,0.018888,-0.254898,0.965970,0.043920,-0.007076,-0.047282,0.998856,0,0.19664,0.99180,6.094,0.447,-1,771.849,-1,580.526,-1,542.856,508.452,661.457,681.296,-1,-1,-1,-1,-1,-1,-1,-1,2,0,2,0,2,0,0,0,0,2,2,2,2,2,2,2,2
34,-7350.310,4869.945,219.372,-14.366,0.968659,0.247190,0.024434,-0.248091,0.967646,0.045953,-0.012284,-0.050574,0.998645,0,0.19664,0.99180,6.154,0.402,-1,756.526,-1,574.402,-1,534.677,501.878,649.301,684.518,-1,-1,-1,-1,-1,-1,-1,-1,2,0,2,0,2,0,0,0,0,2,2,2,2,2,2,2,2
35,-7342.919,4870.717,219.119,-13.906,0.970528,0.238961,0.031181,-0.240284,0.969437,0.049551,-0.018387,-0.055583,0.998285,0,0.19664,0.99180,7.430,0.460,-1,737.177,-1,567.720,-1,524.695,494.135,630.564,691.071,-1,-1,-1,-1,-1,-1,-1,-1,2,0,2,0,2,0,0,0,0,2,2,2,2,2,2,2,2
36,-7337.970,4871.230,218.887,-13.628,0.971603,0.233901,0.035746,-0.235560,0.970424,0.052809,-0.022337,-0.059730,0.997965,0,0.19664,0.99180,4.976,0.278,-1,723.564,-1,563.829,-1,517.954,489.145,615.340,698.556,-1,-1,-1,-1,-1,-1,-1,-1,2,0,2,0,2,0,0,0,0,2,2,2,2,2,2,2,2
37,-7331.748,4871.938,218.674,-13.282,0.972911,0.227596,0.040553,-0.229659,0.971612,0.056802,-0.026474,-0.064576,0.997562,0,0.19664,0.99180,6.262,0.346,-1,710.374,-1,560.881,-1,511.417,484.600,598.660,707.491,-1,-1,-1,-1,-1,-1,-1,-1,2,0,2,0,2,0,0,0,0,2,2,2,2,2,2,2,2
38,-7325.428,4872.665,218.627,-12.920,0.974265,0.221120,0.043739,-0.223502,0.972839,0.060255,-0.029227,-0.068480,0.997224,0,0.19664,0.99180,6.361,0.361,-1,703.703,-1,561.031,-1,508.172,482.921,586.642,714.323,-1,-1,-1,-1,-1,-1,-1,-1,2,0,2,0,2,0,0,0,0,2,2,2,2,2,2,2,2
39,-7318.995,4873.393,218.734,-12.542,0.975681,0.214475,0.045237,-0.217047,0.974140,0.062783,-0.030602,-0.071074,0.997001,0,0.19664,0.99180,6.474,0.379,-1,703.704,-1,563.988,-1,508.178,483.954,580.063,717.360,-1,-1,-1,-1,-1,-1,-1,-1,2,0,2,0,2,0,0,0,0,2,2,2,2,2,2,2,2
40,-7312.677,4874.106,218.958,-12.173,0.977033,0.208080,0.045936,-0.210767,0.975404,0.064531,-0.031378,-0.072731,0.996858,0,-0.10948,0.63813,6.358,0.368,-1,707.121,-1,567.930,-1,509.671,486.112,577.133,718.424,-1,-1,-1,-1,-1,-1,-1,-1,2,0,2,0,2,0,0,0,0,2,2,2,2,2,2,2,2
41,-7306.901,4874.850,219.319,-11.837,0.978217,0.202197,0.046996,-0.205019,0.976531,0.065988,-0.032551,-0.074185,0.996713,0,-0.10948,0.63813,5.824,0.336,-1,709.304,-1,570.873,-1,510.619,487.633,575.274,719.699,-1,-1,-1,-1,-1,-1,-1,-1,2,0,2,0,2,0,0,0,0,2,2,2,2,2,2,2,2
42,-7301.606,4875.602,219.757,-11.530,0.979258,0.196798,0.048213,-0.199767,0.977524,0.067385,-0.033869,-0.075619,0.996561,0,-0.10948,0.63813,5.348,0.307,-1,710.744,-1,573.394,-1,511.464,488.872,573.699,721.472,-1,-1,-1,-1,-1,-1,-1,-1,2,0,2,0,2,0,0,0,0,2,2,2,2,2,2,2,2
43,-7296.711,4876.328,220.180,-11.246,0.980189,0.191788,0.049458,-0.194902,0.978422,0.068575,-0.035239,-0.076856,0.996419,0,-0.10948,0.63813,4.948,0.284,-1,711.716,-1,575.355,-1,512.032,489.776,572.585,722.937,-1,-1,-1,-1,-1,-1,-1,-1,2,0,2,0,2,0,0,0,0,2,2,2,2,2,2,2,2
44,-7292.141,4876.959,220.499,-10.989,0.981006,0.187253,0.050622,-0.190499,0.979225,0.069486,-0.036559,-0.077810,0.996298,0,-0.10948,0.63813,4.614,0.257,-1,712.301,-1,576.652,-1,512.292,490.282,571.836,724.307,-1,-1,-1,-1,-1,-1,-1,-1,2,0,2,0,2,0,0,0,0,2,2,2,2,2,2,2,2
45,-7287.869,4877.503,220.657,-10.754,0.981735,0.183108,0.051648,-0.186459,0.979968,0.069973,-0.037801,-0.078326,0.996211,0,-0.10948,0.63813,4.306,0.235,-1,712.660,-1,577.118,-1,512.398,490.318,571.719,723.623,-1,-1,-1,-1,-1,-1,-1,-1,2,0,2,0,2,0,0,0,0,2,2,2,2,2,2,2,2
46,-7283.886,4877.974,220.630,-10.535,0.982400,0.179281,0.052436,-0.182704,0.980669,0.070048,-0.038864,-0.078395,0.996165,0,-0.10948,0.63813,4.011,0.219,-1,713.130,-1,576.955,-1,512.335,490.030,572.188,721.012,-1,-1,-1,-1,-1,-1,-1,-1,2,0,2,0,2,0,0,0,0,2,2,2,2,2,2,2,2
47,-7280.194,4878.372,220.453,-10.336,0.983007,0.175822,0.052754,-0.179278,0.981298,0.070101,-0.039442,-0.078367,0.996144,0,-0.10948,0.63813,3.713,0.199,-1,714.468,-1,577.240,-1,512.669,490.098,572.340,717.888,-1,-1,-1,-1,-1,-1,-1,-1,2,0,2,0,2,0,0,0,0,2,2,2,2,2,2,2,2
48,-7276.776,4878.729,220.159,-10.153,0.983577,0.172702,0.052438,-0.176138,0.981867,0.070091,-0.039383,-0.078176,0.996161,0,-0.10948,0.63813,3.437,0.183,-1,717.466,-1,578.312,-1,513.810,490.885,572.559,714.174,-1,-1,-1,-1,-1,-1,-1,-1,2,0,2,0,2,0,0,0,0,2,2,2,2,2,2,2,2
49,-7273.611,4879.043,219.779,-9.982,0.984126,0.169843,0.051481,-0.173206,0.982396,0.069988,-0.038688,-0.077793,0.996219,0,-0.10948,0.63813,3.181,0.171,-1,722.155,-1,580.338,-1,515.870,492.482,573.061,709.552,-1,-1,-1,-1,-1,-1,-1,-1,2,0,2,0,2,0,0,0,0,2,2,2,2,2,2,2,2
50,-7270.452,4879.333,219.311,-9.795,0.984751,0.166828,0.049341,-0.170015,0.982982,0.069582,-0.036893,-0.076909,0.996355,0,0.24689,0.98181,3.172,0.186,-1,731.807,-1,584.452,-1,520.005,495.852,574.937,702.756,-1,-1,-1,-1,-1,-1,-1,-1,2,0,2,0,2,0,0,0,0,2,2,2,2,2,2,2,2
51,-7266.998,4879.637,218.720,-9.572,0.985517,0.163314,0.045660,-0.166191,0.983708,0.068555,-0.033720,-0.075150,0.996602,0,0.24689,0.98181,3.468,0.224,-1,749.083,-1,591.215,-1,526.755,501.569,579.379,692.598,-1,-1,-1,-1,-1,-1,-1,-1,2,0,2,0,2,0,0,0,0,2,2,2,2,2,2,2,2
52,-7263.339,4879.971,218.007,-9.327,0.986332,0.159462,0.041494,-0.161992,0.984502,0.067188,-0.030137,-0.072991,0.996877,0,0.24689,0.98181,3.674,0.245,-1,769.130,-1,598.677,-1,534.290,507.927,584.798,680.767,-1,-1,-1,-1,-1,-1,-1,-1,2,0,2,0,2,0,0,0,0,2,2,2,2,2,2,2,2
53,-7259.560,4880.379,217.195,-9.065,0.987154,0.155272,0.037662,-0.157491,0.985336,0.065643,-0.026917,-0.070731,0.997132,0,0.24689,0.98181,3.801,0.262,-1,788.633,-1,605.378,-1,541.197,513.572,590.243,668.335,-1,-1,-1,-1,-1,-1,-1,-1,2,0,2,0,2,0,0,0,0,2,2,2,2,2,2,2,2
54,-7255.718,4880.972,216.333,-8.754,0.988055,0.150188,0.034522,-0.152146,0.986308,0.063618,-0.024495,-0.068111,0.997377,0,0.24689,0.98181,3.888,0.311,-1,806.888,-1,610.053,-1,546.991,517.905,596.787,654.550,-1,-1,-1,-1,-1,-1,-1,-1,2,0,2,0,2,0,0,0,0,2,2,2,2,2,2,2,2
55,-7251.769,4881.711,215.529,-8.407,0.988997,0.144422,0.032039,-0.146174,0.987342,0.061549,-0.022744,-0.065555,0.997590,0,0.24689,0.98181,4.018,0.346,-1,823.804,-1,613.549,-1,551.949,521.373,603.471,641.154,-1,-1,-1,-1,-1,-1,-1,-1,2,0,2,0,2,0,0,0,0,2,2,2,2,2,2,2,2
56,-7247.720,4882.522,214.969,-8.079,0.989832,0.138838,0.030927,-0.140506,0.988223,0.060602,-0.022149,-0.064331,0.997683,0,0.24689,0.98181,4.129,0.328,-1,834.654,-1,615.779,-1,554.895,523.382,606.565,632.553,-1,-1,-1,-1,-1,-1,-1,-1,2,0,2,0,2,0,0,0,0,2,2,2,2,2,2,2,2
57,-7243.570,4883.336,214.675,-7.799,0.990495,0.133968,0.031175,-0.135672,0.988867,0.061116,-0.022641,-0.064764,0.997644,0,0.24689,0.98181,4.229,0.280,-1,838.357,-1,617.016,-1,555.696,523.977,604.922,629.702,-1,-1,-1,-1,-1,-1,-1,-1,2,0,2,0,2,0,0,0,0,2,2,2,2,2,2,2,2
58,-7239.346,4884.303,214.567,-7.508,0.991137,0.128806,0.032509,-0.130627,0.989486,0.062082,-0.024170,-0.065778,0.997541,0,0.24689,0.98181,4.333,0.291,-1,837.652,-1,616.686,-1,554.885,523.203,602.006,628.589,-1,-1,-1,-1,-1,-1,-1,-1,2,0,2,0,2,0,0,0,0,2,2,2,2,2,2,2,2
59,-7234.981,4885.364,214.569,-7.211,0.991753,0.123489,0.034292,-0.125474,0.990063,0.063489,-0.026111,-0.067268,0.997393,0,0.24689,0.98181,4.492,0.297,-1,835.078,-1,616.099,-1,553.516,522.056,597.972,628.739,-1,-1,-1,-1,-1,-1,-1,-1,2,0,2,0,2,0,0,0,0,2,2,2,2,2,2,2,2
60,-7230.464,4886.496,214.628,-6.911,0.992338,0.118101,0.036310,-0.120282,0.990591,0.065289,-0.028258,-0.069156,0.997206,0,0.24689,0.98181,4.657,0.299,-1,831.388,-1,615.540,-1,551.855,520.774,592.917,630.129,-1,-1,-1,-1,-1,-1,-1,-1,2,0,2,0,2,0,0,0,0,2,2,2,2,2,2,2,2
61,-7225.800,4887.689,214.722,-6.614,0.992882,0.112718,0.038472,-0.115124,0.991060,0.067427,-0.030528,-0.071376,0.996982,0,0.24689,0.98181,4.814,0.297,-1,826.920,-1,615.081,-1,550.010,519.435,587.038,632.551,-1,-1,-1,-1,-1,-1,-1,-1,2,0,2,0,2,0,0,0,0,2,2,2,2,2,2,2,2
62,-7221.041,4888.927,214.896,-6.318,0.993398,0.107344,0.040458,-0.109986,0.991466,0.069981,-0.032601,-0.073969,0.996728,0,0.24689,0.98181,4.918,0.296,-1,823.161,-1,615.698,-1,548.696,518.760,580.445,636.354,-1,-1,-1,-1,-1,-1,-1,-1,2,0,2,0,2,0,0,0,0,2,2,2,2,2,2,2,2
63,-7216.393,4890.184,215.160,-6.046,0.993830,0.102356,0.042721,-0.105269,0.991786,0.072657,-0.034934,-0.076706,0.996442,0,-0.11157,0.80201,4.815,0.272,-1,818.038,-1,615.809,-1,546.917,517.711,573.848,641.150,-1,-1,-1,-1,-1,-1,-1,-1,2,0,2,0,2,0,0,0,0,2,2,2,2,2,2,2,2
64,-7212.124,4891.366,215.517,-5.817,0.994127,0.098013,0.045873,-0.101277,0.992006,0.075276,-0.038129,-0.079480,0.996107,0,-0.11157,0.80201,4.429,0.229,-1,808.770,-1,613.616,-1,543.371,514.989,567.418,646.843,-1,-1,-1,-1,-1,-1,-1,-1,2,0,2,0,2,0,0,0,0,2,2,2,2,2,2,2,2
65,-7208.134,4892.448,215.923,-5.615,0.994338,0.094102,0.049354,-0.097754,0.992172,0.077708,-0.041655,-0.082092,0.995754,0,-0.11157,0.80201,4.134,0.202,-1,798.138,-1,610.346,-1,539.148,511.574,561.658,652.600,-1,-1,-1,-1,-1,-1,-1,-1,2,0,2,0,2,0,0,0,0,2,2,2,2,2,2,2,2
66,-7204.336,4893.407,216.322,-5.436,0.994493,0.090601,0.052681,-0.094629,0.992309,0.079795,-0.045046,-0.084341,0.995418,0,-0.11157,0.80201,3.917,0.179,-1,788.222,-1,606.925,-1,535.091,508.213,556.993,658.114,-1,-1,-1,-1,-1,-1,-1,-1,2,0,2,0,2,0,0,0,0,2,2,2,2,2,2,2,2
67,-7200.730,4894.237,216.676,-5.263,0.994629,0.087251,0.055673,-0.091613,0.992470,0.081304,-0.048160,-0.085968,0.995133,0,-0.11157,0.80201,3.701,0.173,-1,780.000,-1,603.495,-1,531.507,505.104,553.998,661.920,-1,-1,-1,-1,-1,-1,-1,-1,2,0,2,0,2,0,0,0,0,2,2,2,2,2,2,2,2
68,-7197.312,4894.965,216.947,-5.096,0.994760,0.084097,0.058138,-0.088717,0.992670,0.082067,-0.050810,-0.086795,0.994930,0,-0.11157,0.80201,3.494,0.166,-1,774.075,-1,600.278,-1,528.686,502.463,553.050,662.925,-1,-1,-1,-1,-1,-1,-1,-1,2,0,2,0,2,0,0,0,0,2,2,2,2,2,2,2,2
69,-7194.077,4895.603,217.099,-4.936,0.994902,0.081135,0.059891,-0.085921,0.992905,0.082204,-0.052796,-0.086931,0.994814,0,-0.11157,0.80201,3.298,0.161,-1,770.962,-1,597.731,-1,526.857,500.578,553.700,661.336,-1,-1,-1,-1,-1,-1,-1,-1,2,0,2,0,2,0,0,0,0,2,2,2,2,2,2,2,2
70,-7190.996,4896.133,217.112,-4.785,0.995065,0.078433,0.060775,-0.083290,0.993146,0.081996,-0.053927,-0.086653,0.994778,0,-0.11157,0.80201,3.126,0.151,-1,771.017,-1,596.432,-1,526.379,499.763,555.080,658.042,-1,-1,-1,-1,-1,-1,-1,-1,2,0,2,0,2,0,0,0,0,2,2,2,2,2,2,2,2
71,-7188.062,4896.577,216.976,-4.641,0.995254,0.075961,0.060817,-0.080798,0.993394,0.081487,-0.054225,-0.086014,0.994817,0,-0.11157,0.80201,2.968,0.143,-1,774.069,-1,596.390,-1,527.513,499.965,557.012,653.187,-1,-1,-1,-1,-1,-1,-1,-1,2,0,2,0,2,0,0,0,0,2,2,2,2,2,2,2,2
72,-7185.284,4896.948,216.698,-4.502,0.995466,0.073634,0.060208,-0.078382,0.993650,0.080727,-0.053881,-0.085080,0.994916,0,-0.11157,0.80201,2.803,0.139,-1,779.512,-1,597.221,-1,529.446,500.886,559.320,647.014,-1,-1,-1,-1,-1,-1,-1,-1,2,0,2,0,2,0,0,0,0,2,2,2,2,2,2,2,2
73,-7182.673,4897.260,216.303,-4.370,0.995685,0.071477,0.059182,-0.076089,0.993907,0.079747,-0.053122,-0.083906,0.995057,0,-0.11157,0.80201,2.629,0.132,-1,785.776,-1,598.467,-1,531.846,502.181,561.915,639.832,-1,-1,-1,-1,-1,-1,-1,-1,2,0,2,0,2,0,0,0,0,2,2,2,2,2,2,2,2
74,-7180.231,4897.524,215.821,-4.247,0.995898,0.069504,0.057938,-0.073956,0.994158,0.078612,-0.052136,-0.082574,0.995220,0,-0.11157,0.80201,2.457,0.123,-1,792.714,-1,599.804,-1,534.400,503.595,564.658,632.050,-1,-1,-1,-1,-1,-1,-1,-1,2,0,2,0,2,0,0,0,0,2,2,2,2,2,2,2,2
75,-7177.955,4897.748,215.291,-4.134,0.996096,0.067717,0.056634,-0.072003,0.994397,0.077402,-0.051076,-0.081177,0.995390,0,-0.11157,0.80201,2.287,0.113,-1,799.684,-1,601.029,-1,536.882,504.945,567.404,624.110,-1,-1,-1,-1,-1,-1,-1,-1,2,0,2,0,2,0,0,0,0,2,2,2,2,2,2,2,2
76,-7175.549,4898.031,214.711,-3.995,0.996359,0.065540,0.054534,-0.069578,0.994694,0.075779,-0.049278,-0.079297,0.995632,0,0.39870,0.61259,2.422,0.140,-1,810.782,-1,603.803,-1,541.078,507.628,571.623,614.136,-1,-1,-1,-1,-1,-1,-1,-1,2,0,2,0,2,0,0,0,0,2,2,2,2,2,2,2,2
77,-7172.588,4898.463,214.045,-3.793,0.996752,0.062432,0.050877,-0.066080,0.995104,0.073495,-0.046040,-0.076618,0.995997,0,0.39870,0.61259,2.992,0.202,-1,830.382,-1,609.931,-1,548.828,513.101,578.419,601.231,-1,-1,-1,-1,-1,-1,-1,-1,2,0,2,0,2,0,0,0,0,2,2,2,2,2,2,2,2
78,-7169.092,4899.008,213.313,-3.555,0.997193,0.058744,0.046434,-0.061950,0.995556,0.070929,-0.042061,-0.073607,0.996400,0,0.39870,0.61259,3.539,0.238,-1,855.167,-1,617.993,-1,558.605,520.248,586.393,587.943,-1,-1,-1,-1,-1,-1,-1,-1,2,0,2,0,2,0,0,0,0,2,2,2,2,2,2,2,2
79,-7165.102,4899.670,212.574,-3.287,0.997638,0.054536,0.041768,-0.057293,0.996044,0.067930,-0.037898,-0.070162,0.996815,0,0.39870,0.61259,4.044,0.268,-1,883.473,-1,626.649,-1,569.483,528.090,596.098,573.360,-1,-1,-1,-1,-1,-1,-1,-1,2,0,2,0,2,0,0,0,0,2,2,2,2,2,2,2,2
80,-7160.786,4900.604,211.935,-2.953,0.998082,0.049137,0.037647,-0.051483,0.996615,0.064099,-0.034370,-0.065914,0.997233,0,0.39870,0.61259,4.416,0.334,-1,911.188,-1,633.954,-1,580.467,535.398,609.242,556.833,-1,-1,-1,-1,-1,-1,-1,-1,2,0,2,0,2,0,0,0,0,2,2,2,2,2,2,2,2
81,-7156.237,4901.770,211.615,-2.590,0.998451,0.043069,0.035231,-0.045168,0.997107,0.061142,-0.032496,-0.062639,0.997507,0,0.39870,0.61259,4.695,0.363,-1,932.706,-1,638.959,-1,589.068,541.226,620.997,543.911,-1,-1,-1,-1,-1,-1,-1,-1,2,0,2,0,2,0,0,0,0,2,2,2,2,2,2,2,2
82,-7151.417,4903.122,211.608,-2.227,0.998727,0.036826,0.034480,-0.038842,0.997458,0.059743,-0.032193,-0.061006,0.997618,0,0.39870,0.61259,5.006,0.363,-1,946.219,-1,642.388,-1,594.875,545.383,628.320,536.080,-1,-1,-1,-1,-1,-1,-1,-1,2,0,2,0,2,0,0,0,0,2,2,2,2,2,2,2,2
83,-7146.274,4904.679,211.775,-1.850,0.998939,0.030228,0.034747,-0.032260,0.997708,0.059480,-0.032869,-0.060538,0.997625,0,0.39870,0.61259,5.373,0.378,-1,954.522,-1,645.208,-1,598.995,548.415,632.177,531.450,-1,-1,-1,-1,-1,-1,-1,-1,2,0,2,0,2,0,0,0,0,2,2,2,2,2,2,2,2
84,-7140.787,4906.382,211.977,-1.465,0.999102,0.023456,0.035293,-0.025553,0.997861,0.060169,-0.033806,-0.061017,0.997564,0,0.39870,0.61259,5.745,0.385,-1,959.946,-1,648.438,-1,602.967,551.319,632.770,529.056,-1,-1,-1,-1,-1,-1,-1,-1,2,0,2,0,2,0,0,0,0,2,2,2,2,2,2,2,2
85,-7134.990,4908.247,212.110,-1.062,0.999226,0.016349,0.035788,-0.018526,0.997943,0.061373,-0.034711,-0.061988,0.997473,0,0.39870,0.61259,6.090,0.403,-1,964.549,-1,652.261,-1,607.367,554.443,631.376,527.295,-1,-1,-1,-1,-1,-1,-1,-1,2,0,2,0,2,0,0,0,0,2,2,2,2,2,2,2,2
86,-7128.833,4910.257,212.070,-0.637,0.999308,0.008856,0.036116,-0.011107,0.997976,0.062609,-0.035488,-0.062967,0.997384,0,0.39870,0.61259,6.476,0.425,-1,969.614,-1,656.215,-1,611.994,557.676,629.341,524.679,-1,-1,-1,-1,-1,-1,-1,-1,2,0,2,0,2,0,0,0,0,2,2,2,2,2,2,2,2
87,-7122.351,4912.409,211.814,-0.187,0.999340,0.000958,0.036305,-0.003267,0.997969,0.063612,-0.036171,-0.063689,0.997314,0,0.39870,0.61259,6.830,0.449,-1,975.296,-1,659.838,-1,616.737,560.816,627.438,520.541,-1,-1,-1,-1,-1,-1,-1,-1,2,0,2,0,2,0,0,0,0,2,2,2,2,2,2,2,2
88,-7115.577,4914.773,211.323,0.305,0.999302,-0.007677,0.036552,0.005321,0.997929,0.064102,-0.036968,-0.063863,0.997274,0,0.39870,0.61259,7.175,0.492,-1,981.359,-1,662.310,-1,621.303,563.484,626.617,514.821,-1,-1,-1,-1,-1,-1,-1,-1,2,0,2,0,2,0,0,0,0,2,2,2,2,2,2,2,2
89,-7108.668,4917.169,210.596,0.791,0.999164,-0.016255,0.037507,0.013793,0.997791,0.064982,-0.038481,-0.064410,0.997181,0,-0.02644,0.20000,7.312,0.486,-1,982.313,-1,662.233,-1,623.321,564.237,623.330,509.283,-1,-1,-1,-1,-1,-1,-1,-1,2,0,2,0,2,0,0,0,0,2,2,2,2,2,2,2,2
90,-7101.874,4919.375,209.643,1.200,0.998931,-0.023644,0.039714,0.020933,0.997510,0.067351,-0.041208,-0.066447,0.996939,0,-0.02644,0.20000,7.144,0.410,-1,972.769,-1,658.585,-1,620.440,561.737,613.523,506.945,-1,-1,-1,-1,-1,-1,-1,-1,2,0,2,0,2,0,0,0,0,2,2,2,2,2,2,2,2
91,-7095.209,4921.421,208.445,1.541,0.998625,-0.029973,0.043020,0.026873,0.997120,0.070919,-0.045022,-0.069665,0.996554,0,-0.02644,0.20000,6.971,0.341,-1,954.206,-1,651.505,-1,613.183,555.767,598.554,506.886,-1,-1,-1,-1,-1,-1,-1,-1,2,0,2,0,2,0,0,0,0,2,2,2,2,2,2,2,2
92,-7088.729,4923.289,207.060,1.801,0.998264,-0.035028,0.047354,0.031393,0.996656,0.075437,-0.049838,-0.073819,0.996026,0,-0.02644,0.20000,6.745,0.260,-1,928.183,-1,641.226,-1,602.362,546.661,580.291,508.335,-1,-1,-1,-1,-1,-1,-1,-1,2,0,2,0,2,0,0,0,0,2,2,2,2,2,2,2,2
93,-7082.440,4925.131,205.655,2.041,0.997805,-0.039868,0.052877,0.035562,0.996158,0.080029,-0.055865,-0.077972,0.995389,0,-0.02644,0.20000,6.553,0.240,-1,898.536,-1,627.979,-1,588.622,534.926,562.618,509.774,-1,-1,-1,-1,-1,-1,-1,-1,2,0,2,0,2,0,0,0,0,2,2,2,2,2,2,2,2
94,-7076.178,4926.967,204.484,2.283,0.997329,-0.044690,0.057773,0.039766,0.995695,0.083730,-0.061266,-0.081209,0.994812,0,-0.02644,0.20000,6.525,0.242,-1,874.866,-1,616.684,-1,577.516,525.368,549.177,510.142,-1,-1,-1,-1,-1,-1,-1,-1,2,0,2,0,2,0,0,0,0,2,2,2,2,2,2,2,2
95,-7069.856,4928.770,203.671,2.532,0.996908,-0.049448,0.061072,0.044084,0.995297,0.086260,-0.065050,-0.083301,0.994399,0,-0.02644,0.20000,6.574,0.249,-1,861.022,-1,610.065,-1,571.535,519.834,540.929,509.344,-1,-1,-1,-1,-1,-1,-1,-1,2,0,2,0,2,0,0,0,0,2,2,2,2,2,2,2,2
96,-7063.468,4930.516,203.225,2.781,0.996576,-0.053995,0.062611,0.048404,0.994978,0.087613,-0.067028,-0.084283,0.994185,0,-0.02644,0.20000,6.622,0.249,-1,856.972,-1,608.461,-1,570.857,518.808,537.596,507.491,-1,-1,-1,-1,-1,-1,-1,-1,2,0,2,0,2,0,0,0,0,2,2,2,2,2,2,2,2
97,-7057.062,4932.199,203.049,3.036,0.996305,-0.058493,0.062892,0.052848,0.994723,0.087941,-0.067704,-0.084292,0.994138,0,-0.02644,0.20000,6.624,0.256,-1,860.135,-1,610.336,-1,574.061,521.003,538.227,504.545,-1,-1,-1,-1,-1,-1,-1,-1,2,0,2,0,2,0,0,0,0,2,2,2,2,2,2,2,2
98,-7050.674,4933.803,202.998,3.283,0.996068,-0.062735,0.062559,0.057138,0.994519,0.087563,-0.067710,-0.083645,0.994193,0,-0.02644,0.20000,6.586,0.247,-1,866.979,-1,613.720,-1,579.133,524.887,541.273,500.751,-1,-1,-1,-1,-1,-1,-1,-1,2,0,2,0,2,0,0,0,0,2,2,2,2,2,2,2,2
99,-7044.378,4935.342,202.958,3.529,0.995811,-0.066943,0.062277,0.061413,0.994328,0.086833,-0.067737,-0.082644,0.994274,0,-0.02644,0.20000,6.481,0.246,-1,874.203,-1,616.731,-1,584.215,529.109,545.327,497.787,-1,-1,-1,-1,-1,-1,-1,-1,2,0,2,0,2,0,0,0,0,2,2,2,2,2,2,2,2
100,-7038.245,4936.814,202.872,3.767,0.995505,-0.071061,0.062616,0.065553,0.994135,0.086017,-0.068361,-0.081526,0.994324,0,-0.02644,0.20000,6.307,0.238,-1,878.950,-1,618.394,-1,587.697,531.825,549.430,494.963,-1,-1,-1,-1,-1,-1,-1,-1,2,0,2,0,2,0,0,0,0,2,2,2,2,2,2,2,2
101,-7032.304,4938.243,202.711,3.991,0.995154,-0.074992,0.063592,0.069431,0.993911,0.085563,-0.069621,-0.080733,0.994301,0,-0.02644,0.20000,6.110,0.224,-1,880.226,-1,618.346,-1,589.222,532.881,552.185,492.543,-1,-1,-1,-1,-1,-1,-1,-1,2,0,2,0,2,0,0,0,0,2,2,2,2,2,2,2,2
102,-7026.590,4939.708,202.503,4.204,0.994778,-0.078820,0.064844,0.073129,0.993617,0.085889,-0.071200,-0.080699,0.994192,0,-0.02644,0.20000,5.899,0.213,-1,877.880,-1,617.730,-1,589.559,533.149,552.485,491.477,-1,-1,-1,-1,-1,-1,-1,-1,2,0,2,0,2,0,0,0,0,2,2,2,2,2,2,2,2
103,-7021.033,4941.233,202.221,4.412,0.994390,-0.082606,0.066061,0.076727,0.993244,0.087059,-0.072806,-0.081502,0.994010,0,-0.02644,0.20000,5.762,0.208,-1,874.104,-1,617.469,-1,589.365,533.250,550.059,491.868,-1,-1,-1,-1,-1,-1,-1,-1,2,0,2,0,2,0,0,0,0,2,2,2,2,2,2,2,2
104,-7015.554,4942.776,201.836,4.609,0.994011,-0.086239,0.067118,0.080127,0.992806,0.088974,-0.074308,-0.083064,0.993770,0,-0.02644,0.20000,5.692,0.196,-1,869.384,-1,617.755,-1,588.841,533.325,545.094,493.158,-1,-1,-1,-1,-1,-1,-1,-1,2,0,2,0,2,0,0,0,0,2,2,2,2,2,2,2,2
105,-7010.124,4944.296,201.336,4.791,0.993643,-0.089645,0.068101,0.083275,0.992342,0.091233,-0.075758,-0.084982,0.993498,0,-0.02644,0.20000,5.639,0.182,-1,863.949,-1,617.985,-1,587.885,533.122,538.744,494.772,-1,-1,-1,-1,-1,-1,-1,-1,2,0,2,0,2,0,0,0,0,2,2,2,2,2,2,2,2
106,-7004.744,4945.770,200.744,4.960,0.993282,-0.092826,0.069100,0.086207,0.991900,0.093290,-0.077200,-0.086707,0.993238,0,-0.02644,0.20000,5.579,0.170,-1,858.395,-1,617.619,-1,586.606,532.531,532.673,495.806,-1,-1,-1,-1,-1,-1,-1,-1,2,0,2,0,2,0,0,0,0,2,2,2,2,2,2,2,2
107,-6999.403,4947.178,200.100,5.123,0.992925,-0.095846,0.070099,0.089018,0.991509,0.094789,-0.078589,-0.087878,0.993026,0,-0.02644,0.20000,5.523,0.163,-1,853.454,-1,616.628,-1,585.338,531.724,527.997,495.669,-1,-1,-1,-1,-1,-1,-1,-1,2,0,2,0,2,0,0,0,0,2,2,2,2,2,2,2,2
108,-6994.076,4948.494,199.447,5.276,0.992590,-0.098643,0.070952,0.091666,0.991185,0.095656,-0.079762,-0.088444,0.992883,0,-0.02644,0.20000,5.487,0.153,-1,849.831,-1,615.566,-1,584.537,531.105,524.986,494.373,-1,-1,-1,-1,-1,-1,-1,-1,2,0,2,0,2,0,0,0,0,2,2,2,2,2,2,2,2
109,-6988.757,4949.733,198.810,5.424,0.992280,-0.101274,0.071583,0.094222,0.990927,0.095845,-0.080640,-0.088361,0.992819,0,-0.02644,0.20000,5.461,0.148,-1,847.941,-1,614.745,-1,584.492,530.935,523.835,491.913,-1,-1,-1,-1,-1,-1,-1,-1,2,0,2,0,2,0,0,0,0,2,2,2,2,2,2,2,2
110,-6983.299,4951.075,198.156,5.611,0.991958,-0.104415,0.071537,0.097447,0.990715,0.094801,-0.080771,-0.087068,0.992923,0,0.29102,1.00000,5.621,0.186,-1,850.323,-1,615.331,-1,586.809,532.469,526.087,487.202,-1,-1,-1,-1,-1,-1,-1,-1,2,0,2,0,2,0,0,0,0,2,2,2,2,2,2,2,2
111,-6977.490,4952.698,197.406,5.878,0.991573,-0.108756,0.070393,0.102080,0.990480,0.092353,-0.079767,-0.084389,0.993235,0,0.29102,1.00000,6.031,0.267,-1,858.815,-1,618.524,-1,592.783,536.813,532.126,479.797,-1,-1,-1,-1,-1,-1,-1,-1,2,0,2,0,2,0,0,0,0,2,2,2,2,2,2,2,2
112,-6971.442,4954.617,196.528,6.212,0.991081,-0.114170,0.068730,0.107883,0.990160,0.089131,-0.078230,-0.080921,0.993646,0,0.29102,1.00000,6.345,0.335,-1,870.608,-1,622.898,-1,600.769,542.786,540.225,470.801,-1,-1,-1,-1,-1,-1,-1,-1,2,0,2,0,2,0,0,0,0,2,2,2,2,2,2,2,2
113,-6965.233,4956.789,195.612,6.586,0.990531,-0.120230,0.066283,0.114361,0.989693,0.086188,-0.075962,-0.077792,0.994072,0,0.29102,1.00000,6.578,0.373,-1,884.723,-1,630.148,-1,610.967,551.465,547.572,463.756,-1,-1,-1,-1,-1,-1,-1,-1,2,0,2,0,2,0,0,0,0,2,2,2,2,2,2,2,2
114,-6958.936,4959.352,194.668,7.032,0.989813,-0.127506,0.063346,0.122098,0.989045,0.082961,-0.073230,-0.074382,0.994537,0,0.29102,1.00000,6.799,0.446,-1,901.411,-1,639.910,-1,623.342,562.189,555.742,457.983,-1,-1,-1,-1,-1,-1,-1,-1,2,0,2,0,2,0,0,0,0,2,2,2,2,2,2,2,2
115,-6952.657,4962.319,193.732,7.555,0.988823,-0.136147,0.060776,0.131152,0.988149,0.079755,-0.070914,-0.070893,0.994960,0,0.29102,1.00000,6.945,0.523,-1,918.065,-1,650.924,-1,635.878,573.158,564.022,452.445,-1,-1,-1,-1,-1,-1,-1,-1,2,0,2,0,2,0,0,0,0,2,2,2,2,2,2,2,2
116,-6946.366,4965.595,192.944,8.110,0.987590,-0.145486,0.059163,0.140725,0.986974,0.077967,-0.069735,-0.068673,0.995199,0,0.29102,1.00000,7.092,0.554,-1,926.268,-1,660.939,-1,646.337,582.737,569.176,449.636,-1,-1,-1,-1,-1,-1,-1,-1,2,0,2,0,2,0,0,0,0,2,2,2,2,2,2,2,2
117,-6940.045,4969.179,192.316,8.684,0.986111,-0.155340,0.058780,0.150617,0.985534,0.077704,-0.070001,-0.067771,0.995242,0,0.29102,1.00000,7.266,0.575,-1,925.735,-1,668.694,-1,653.699,590.065,570.948,449.734,-1,-1,-1,-1,-1,-1,-1,-1,2,0,2,0,2,0,0,0,0,2,2,2,2,2,2,2,2
118,-6933.521,4972.586,191.819,9.102,0.984911,-0.162735,0.058879,0.157795,0.984176,0.080612,-0.071066,-0.070104,0.995005,0,0.29102,1.00000,7.361,0.418,-1,919.978,-1,675.835,-1,656.996,594.895,563.821,455.172,-1,-1,-1,-1,-1,-1,-1,-1,2,0,2,0,2,0,0,0,0,2,2,2,2,2,2,2,2
119,-6927.161,4975.994,191.320,9.474,0.983669,-0.169506,0.060524,0.164148,0.982797,0.084644,-0.073831,-0.073327,0.994571,0,0.29102,1.00000,7.215,0.372,-1,908.300,-1,677.706,-1,655.043,595.167,554.095,461.924,-1,-1,-1,-1,-1,-1,-1,-1,2,0,2,0,2,0,0,0,0,2,2,2,2,2,2,2,2
120,-6921.069,4979.506,190.709,9.829,0.982313,-0.176096,0.063650,0.170194,0.981419,0.088606,-0.078071,-0.076206,0.994031,0,0.29102,1.00000,7.031,0.356,-1,892.924,-1,673.775,-1,649.172,591.309,544.991,467.780,-1,-1,-1,-1,-1,-1,-1,-1,2,0,2,0,2,0,0,0,0,2,2,2,2,2,2,2,2
121,-6915.219,4982.987,189.986,10.140,0.980952,-0.182047,0.067771,0.175445,0.980069,0.093188,-0.083384,-0.079523,0.993339,0,0.29102,1.00000,6.808,0.311,-1,874.427,-1,665.874,-1,639.788,584.197,534.389,474.045,-1,-1,-1,-1,-1,-1,-1,-1,2,0,2,0,2,0,0,0,0,2,2,2,2,2,2,2,2
122,-6909.503,4986.315,189.169,10.422,0.979566,-0.187661,0.072351,0.180167,0.978637,0.099048,-0.089393,-0.083989,0.992449,0,0.29102,1.00000,6.614,0.281,-1,853.305,-1,656.630,-1,627.937,575.151,520.176,482.169,-1,-1,-1,-1,-1,-1,-1,-1,2,0,2,0,2,0,0,0,0,2,2,2,2,2,2,2,2
123,-6903.952,4989.531,188.272,10.694,0.978068,-0.193295,0.077583,0.184700,0.977075,0.105882,-0.096271,-0.089230,0.991347,0,0.29102,1.00000,6.415,0.272,-1,828.844,-1,645.349,-1,613.741,564.087,503.723,491.845,-1,-1,-1,-1,-1,-1,-1,-1,2,0,2,0,2,0,0,0,0,2,2,2,2,2,2,2,2
124,-6898.521,4992.650,187.401,10.956,0.976501,-0.198850,0.083092,0.189041,0.975469,0.112802,-0.103484,-0.094443,0.990137,0,0.29102,1.00000,6.263,0.262,-1,804.419,-1,633.242,-1,599.177,552.509,487.949,502.507,-1,-1,-1,-1,-1,-1,-1,-1,2,0,2,0,2,0,0,0,0,2,2,2,2,2,2,2,2
125,-6893.011,4995.712,186.731,11.228,0.974967,-0.204383,0.087565,0.193550,0.973941,0.118225,-0.109446,-0.098317,0.989118,0,0.20722,0.86304,6.304,0.272,-1,785.639,-1,624.492,-1,588.817,544.327,477.524,511.463,-1,-1,-1,-1,-1,-1,-1,-1,2,0,2,0,2,0,0,0,0,2,2,2,2,2,2,2,2
126,-6887.479,4998.734,186.271,11.514,0.973474,-0.209908,0.091029,0.198311,0.972535,0.121858,-0.114108,-0.100573,0.988364,0,0.20722,0.86304,6.303,0.286,-1,772.376,-1,618.869,-1,582.469,539.434,471.879,517.973,-1,-1,-1,-1,-1,-1,-1,-1,2,0,2,0,2,0,0,0,0,2,2,2,2,2,2,2,2
127,-6880.897,5002.258,185.903,11.868,0.971771,-0.216428,0.093915,0.204226,0.970982,0.124439,-0.118122,-0.101746,0.987773,0,0.20722,0.86304,7.466,0.354,-1,762.238,-1,616.684,-1,579.154,537.179,469.312,523.288,-1,-1,-1,-1,-1,-1,-1,-1,2,0,2,0,2,0,0,0,0,2,2,2,2,2,2,2,2
128,-6876.610,5004.522,185.694,12.104,0.970701,-0.220633,0.095192,0.208166,0.970006,0.125521,-0.120031,-0.102027,0.987514,0,0.20722,0.86304,4.849,0.235,-1,757.851,-1,616.883,-1,578.711,537.205,468.879,525.897,-1,-1,-1,-1,-1,-1,-1,-1,2,0,2,0,2,0,0,0,0,2,2,2,2,2,2,2,2
129,-6871.440,5007.251,185.386,12.391,0.969436,-0.225680,0.096238,0.212978,0.968830,0.126525,-0.121793,-0.102162,0.987284,0,0.20722,0.86304,5.846,0.287,-1,753.904,-1,618.257,-1,579.084,538.206,468.690,528.512,-1,-1,-1,-1,-1,-1,-1,-1,2,0,2,0,2,0,0,0,0,2,2,2,2,2,2,2,2
130,-6866.525,5009.861,184.956,12.670,0.968241,-0.230532,0.096769,0.217663,0.967672,0.127415,-0.123013,-0.102305,0.987118,0,0.20722,0.86304,5.565,0.279,-1,750.916,-1,620.453,-1,580.079,539.816,468.089,530.721,-1,-1,-1,-1,-1,-1,-1,-1,2,0,2,0,2,0,0,0,0,2,2,2,2,2,2,2,2
131,-6861.814,5012.462,184.366,12.959,0.967071,-0.235442,0.096645,0.222545,0.966522,0.127710,-0.123478,-0.101996,0.987092,0,0.20722,0.86304,5.382,0.290,-1,749.650,-1,623.849,-1,582.401,542.549,468.006,531.537,-1,-1,-1,-1,-1,-1,-1,-1,2,0,2,0,2,0,0,0,0,2,2,2,2,2,2,2,2
132,-6856.998,5015.196,183.641,13.293,0.965890,-0.240811,0.095215,0.228202,0.965353,0.126557,-0.122392,-0.100512,0.987379,0,0.20722,0.86304,5.538,0.334,-1,752.733,-1,630.676,-1,588.390,548.484,470.246,529.775,-1,-1,-1,-1,-1,-1,-1,-1,2,0,2,0,2,0,0,0,0,2,2,2,2,2,2,2,2
133,-6852.019,5017.971,182.785,13.638,0.964764,-0.246179,0.092882,0.234075,0.964237,0.124323,-0.120166,-0.098201,0.987885,0,0.20722,0.86304,5.700,0.345,-1,759.012,-1,639.848,-1,596.884,556.466,474.090,526.057,-1,-1,-1,-1,-1,-1,-1,-1,2,0,2,0,2,0,0,0,0,2,2,2,2,2,2,2,2
134,-6846.906,5020.767,181.796,13.991,0.963608,-0.251583,0.090362,0.240090,0.963146,0.121269,-0.117541,-0.095161,0.988498,0,0.20722,0.86304,5.827,0.353,-1,766.588,-1,648.793,-1,605.512,564.523,479.248,520.644,-1,-1,-1,-1,-1,-1,-1,-1,2,0,2,0,2,0,0,0,0,2,2,2,2,2,2,2,2
135,-6841.693,5023.662,180.687,14.375,0.962266,-0.257441,0.088134,0.246628,0.961990,0.117259,-0.114972,-0.091098,0.989183,0,0.20722,0.86304,5.963,0.385,-1,774.736,-1,656.903,-1,614.412,572.457,487.056,513.192,-1,-1,-1,-1,-1,-1,-1,-1,2,0,2,0,2,0,0,0,0,2,2,2,2,2,2,2,2
136,-6836.418,5026.634,179.471,14.768,0.960784,-0.263474,0.086463,0.253281,0.960751,0.113164,-0.112885,-0.086826,0.989807,0,0.20722,0.86304,6.055,0.393,-1,781.765,-1,663.428,-1,622.327,579.285,495.207,505.130,-1,-1,-1,-1,-1,-1,-1,-1,2,0,2,0,2,0,0,0,0,2,2,2,2,2,2,2,2
137,-6831.205,5029.765,178.229,15.187,0.959072,-0.269994,0.085346,0.260333,0.959310,0.109316,-0.111388,-0.082624,0.990336,0,0.20722,0.86304,6.081,0.418,-1,785.455,-1,668.701,-1,629.262,585.125,502.731,497.360,-1,-1,-1,-1,-1,-1,-1,-1,2,0,2,0,2,0,0,0,0,2,2,2,2,2,2,2,2
138,-6825.947,5033.078,177.002,15.629,0.957171,-0.276950,0.084392,0.267761,0.957658,0.105811,-0.110123,-0.078682,0.990799,0,0.20722,0.86304,6.215,0.442,-1,787.394,-1,674.026,-1,636.029,590.896,509.810,490.430,-1,-1,-1,-1,-1,-1,-1,-1,2,0,2,0,2,0,0,0,0,2,2,2,2,2,2,2,2
139,-6820.594,5036.622,175.809,16.093,0.955091,-0.284297,0.083524,0.275554,0.955812,0.102434,-0.108955,-0.074818,0.991227,0,0.33993,0.82745,6.420,0.465,-1,789.096,-1,679.729,-1,643.042,596.978,517.006,484.047,-1,-1,-1,-1,-1,-1,-1,-1,2,0,2,0,2,0,0,0,0,2,2,2,2,2,2,2,2
140,-6815.036,5040.410,174.701,16.578,0.952846,-0.291998,0.082589,0.283661,0.953758,0.099406,-0.107796,-0.071291,0.991614,0,0.33993,0.82745,6.726,0.485,-1,790.702,-1,686.447,-1,650.421,603.830,523.846,478.836,-1,-1,-1,-1,-1,-1,-1,-1,2,0,2,0,2,0,0,0,0,2,2,2,2,2,2,2,2
141,-6809.400,5044.474,173.828,17.075,0.950368,-0.300032,0.082347,0.291912,0.951448,0.097645,-0.107645,-0.068760,0.991809,0,0.33993,0.82745,6.948,0.496,-1,789.851,-1,692.036,-1,654.272,609.489,528.908,476.229,-1,-1,-1,-1,-1,-1,-1,-1,2,0,2,0,2,0,0,0,0,2,2,2,2,2,2,2,2
142,-6803.566,5048.725,173.155,17.558,0.947791,-0.308019,0.082563,0.299897,0.948964,0.097621,-0.108418,-0.067764,0.991793,0,0.33993,0.82745,7.218,0.484,-1,786.357,-1,696.971,-1,656.272,613.843,530.571,476.991,-1,-1,-1,-1,-1,-1,-1,-1,2,0,2,0,2,0,0,0,0,2,2,2,2,2,2,2,2
143,-6797.484,5053.153,172.603,18.028,0.945132,-0.315920,0.083186,0.307611,0.946347,0.099007,-0.110001,-0.067986,0.991604,0,0.33993,0.82745,7.524,0.470,-1,780.550,-1,701.027,-1,656.531,616.840,529.375,480.334,-1,-1,-1,-1,-1,-1,-1,-1,2,0,2,0,2,0,0,0,0,2,2,2,2,2,2,2,2
144,-6791.237,5057.789,172.063,18.496,0.942332,-0.323849,0.084449,0.315222,0.943611,0.101158,-0.112447,-0.068705,0.991280,0,0.33993,0.82745,7.779,0.467,-1,772.608,-1,702.875,-1,654.884,617.456,526.881,484.691,-1,-1,-1,-1,-1,-1,-1,-1,2,0,2,0,2,0,0,0,0,2,2,2,2,2,2,2,2
145,-6784.789,5062.656,171.328,18.988,0.939270,-0.332135,0.086361,0.323189,0.940725,0.102884,-0.115413,-0.068725,0.990937,0,0.33993,0.82745,8.079,0.492,-1,763.804,-1,702.333,-1,652.008,616.618,525.550,487.482,-1,-1,-1,-1,-1,-1,-1,-1,2,0,2,0,2,0,0,0,0,2,2,2,2,2,2,2,2
146,-6778.041,5067.662,170.291,19.486,0.936065,-0.340465,0.088690,0.331224,0.937787,0.104143,-0.118629,-0.068108,0.990600,0,0.33993,0.82745,8.402,0.499,-1,754.729,-1,699.852,-1,648.141,614.528,524.868,488.461,-1,-1,-1,-1,-1,-1,-1,-1,2,0,2,0,2,0,0,0,0,2,2,2,2,2,2,2,2
147,-6771.075,5072.866,168.946,20.010,0.932613,-0.349119,0.091375,0.339622,0.934696,0.104884,-0.122025,-0.066783,0.990278,0,0.33993,0.82745,8.696,0.524,-1,745.171,-1,695.783,-1,643.550,611.483,524.978,487.196,-1,-1,-1,-1,-1,-1,-1,-1,2,0,2,0,2,0,0,0,0,2,2,2,2,2,2,2,2
148,-6763.886,5078.267,167.308,20.551,0.928993,-0.358004,0.093831,0.348284,0.931430,0.105531,-0.125177,-0.065358,0.989979,0,0.33993,0.82745,8.992,0.542,-1,735.646,-1,691.822,-1,639.374,608.512,524.380,484.933,-1,-1,-1,-1,-1,-1,-1,-1,2,0,2,0,2,0,0,0,0,2,2,2,2,2,2,2,2
149,-6756.478,5083.866,165.426,21.123,0.925143,-0.367335,0.095784,0.357401,0.927870,0.106409,-0.127963,-0.064210,0.989698,0,0.33993,0.82745,9.286,0.571,-1,726.138,-1,688.630,-1,635.741,606.142,522.204,482.749,-1,-1,-1,-1,-1,-1,-1,-1,2,0,2,0,2,0,0,0,0,2,2,2,2,2,2,2,2
150,-6748.815,5089.647,163.422,21.662,0.921422,-0.376172,0.097343,0.365963,0.924348,0.107938,-0.130582,-0.063833,0.989380,0,0.33993,0.82745,9.598,0.539,-1,715.845,-1,685.638,-1,631.505,603.738,517.760,481.753,-1,-1,-1,-1,-1,-1,-1,-1,2,0,2,0,2,0,0,0,0,2,2,2,2,2,2,2,2
151,-6740.972,5095.660,161.389,22.203,0.917552,-0.385040,0.099204,0.374496,0.920708,0.109773,-0.133605,-0.063571,0.988994,0,0.33993,0.82745,9.883,0.541,-1,704.769,-1,681.994,-1,623.423,600.570,512.969,480.992,-1,-1,-1,-1,999.863,-1,-1,-1,2,0,2,0,2,0,0,0,0,2,2,2,2,0,2,2,2
152,-6732.998,5101.939,159.437,22.761,0.913447,-0.394186,0.101155,0.383254,0.916837,0.111925,-0.136861,-0.063469,0.988555,0,0.33993,0.82745,10.150,0.559,-1,693.417,-1,678.712,-1,615.184,597.400,508.104,480.950,-1,-1,-1,-1,981.428,-1,-1,-1,2,0,2,0,2,0,0,0,0,2,2,2,2,0,2,2,2
153,-6724.861,5108.571,157.558,23.347,0.909084,-0.403712,0.102872,0.392389,0.912684,0.114191,-0.139990,-0.063444,0.988118,0,0.36564,0.38726,10.496,0.585,-1,682.454,-1,676.493,-1,607.451,593.636,503.425,481.547,-1,-1,-1,-1,963.619,-1,-1,-1,2,0,2,0,2,0,0,0,0,2,2,2,2,0,2,2,2
154,-6716.403,5115.463,155.653,23.932,0.904648,-0.413226,0.104189,0.401485,0.908390,0.116783,-0.142902,-0.063817,0.987677,0,0.36564,0.38726,10.911,0.585,-1,671.904,-1,675.281,-1,600.118,590.184,497.832,483.063,-1,-1,-1,-1,946.217,-1,-1,-1,2,0,2,0,2,0,0,0,0,2,2,2,2,0,2,2,2
155,-6707.758,5122.674,153.712,24.529,0.900001,-0.422845,0.105835,0.410702,0.903960,0.119082,-0.146024,-0.063707,0.987228,0,0.36564,0.38726,11.258,0.597,-1,661.606,-1,673.348,-1,592.529,586.397,493.474,483.658,-1,-1,-1,-1,929.546,-1,-1,-1,2,0,2,0,2,0,0,0,0,2,2,2,2,0,2,2,2
156,-6698.850,5130.014,151.810,25.125,0.895192,-0.432396,0.108008,0.419822,0.899463,0.121310,-0.149603,-0.063252,0.986721,0,0.36564,0.38726,11.543,0.597,-1,650.896,-1,670.123,-1,584.486,581.857,490.155,483.657,-1,-1,-1,-1,912.104,-1,-1,-1,2,0,2,0,2,0,0,0,0,2,2,2,2,0,2,2,2
157,-6689.692,5137.563,149.933,25.724,0.890200,-0.441870,0.110880,0.428886,0.894932,0.123101,-0.153624,-0.062030,0.986180,0,0.36564,0.38726,11.868,0.599,-1,640.006,-1,664.451,-1,576.433,576.561,488.922,482.289,-1,-1,-1,-1,894.040,-1,-1,-1,2,0,2,0,2,0,0,0,0,2,2,2,2,0,2,2,2
158,-6680.161,5145.272,147.946,26.295,0.885269,-0.450825,0.114261,0.437437,0.890569,0.124639,-0.157948,-0.060357,0.985601,0,0.36564,0.38726,12.259,0.571,-1,628.786,-1,657.367,-1,567.841,570.411,488.856,479.706,-1,-1,-1,-1,875.614,-1,-1,-1,2,0,2,0,2,0,0,0,0,2,2,2,2,0,2,2,2
159,-6670.251,5153.132,145.810,26.836,0.880461,-0.459239,0.117850,0.445447,0.886381,0.126116,-0.162377,-0.058544,0.984990,0,0.36564,0.38726,12.648,0.541,-1,617.337,-1,649.522,-1,558.930,563.741,488.883,476.286,-1,-1,-1,-1,857.011,-1,-1,-1,2,0,2,0,2,0,0,0,0,2,2,2,2,0,2,2,2
160,-6660.015,5161.221,143.527,27.376,0.875592,-0.467531,0.121467,0.453402,0.882181,0.127214,-0.166632,-0.056314,0.984410,0,0.36564,0.38726,13.047,0.540,-1,606.220,-1,641.968,-1,549.970,557.185,489.626,471.680,-1,-1,-1,-1,839.125,-1,-1,-1,2,0,2,0,2,0,0,0,0,2,2,2,2,0,2,2,2
161,-6649.419,5169.542,141.103,27.911,0.870757,-0.475639,0.124701,0.461262,0.877987,0.127968,-0.170353,-0.053909,0.983907,0,0.36564,0.38726,13.472,0.535,-1,595.871,-1,635.704,-1,539.880,551.409,490.602,466.538,-1,-1,-1,-1,822.629,-1,-1,-1,2,0,2,0,2,0,0,0,0,2,2,2,2,0,2,2,2
162,-6638.463,5178.087,138.556,28.434,0.866026,-0.483473,0.127487,0.468917,0.873842,0.128522,-0.173541,-0.051522,0.983478,0,0.36564,0.38726,13.894,0.522,-1,586.189,-1,630.479,-1,530.472,542.810,491.431,461.265,-1,-1,-1,-1,807.328,-1,-1,-1,2,0,2,0,2,0,0,0,0,2,2,2,2,0,2,2,2
163,-6627.201,5186.827,135.989,28.939,0.861365,-0.491047,0.130093,0.476257,0.869722,0.129469,-0.176720,-0.049562,0.983012,0,0.36564,0.38726,14.256,0.505,-1,576.357,-1,625.569,-1,521.127,534.300,491.370,457.052,-1,-1,-1,-1,792.188,1002.293,-1,-1,2,0,2,0,2,0,0,0,0,2,2,2,2,0,0,2,2
164,-6615.718,5195.799,133.519,29.425,0.856779,-0.498356,0.132552,0.483263,0.865639,0.130866,-0.179960,-0.048066,0.982499,0,0.36564,0.38726,14.572,0.486,-1,566.475,-1,618.896,-1,511.940,526.309,490.722,454.647,-1,-1,-1,-1,776.985,986.368,1000.006,-1,2,0,2,0,2,0,0,0,0,2,2,2,2,0,0,0,2
165,-6603.959,5205.004,130.989,29.905,0.852140,-0.505467,0.135502,0.490092,0.861613,0.132030,-0.183487,-0.046099,0.981941,0,0.36564,0.38726,14.934,0.480,-1,556.349,-1,610.916,-1,502.431,517.924,491.205,451.237,-1,-1,-1,-1,761.441,968.633,974.494,-1,2,0,2,0,2,0,0,0,0,2,2,2,2,0,0,0,2
166,-6591.886,5214.421,128.333,30.367,0.847591,-0.512289,0.138385,0.496631,0.857675,0.133230,-0.186942,-0.044198,0.981376,0,0.36564,0.38726,15.311,0.463,-1,546.009,-1,602.965,-1,493.110,509.530,490.878,447.690,-1,-1,-1,-1,745.845,951.119,949.051,-1,2,0,2,0,2,0,0,0,0,2,2,2,2,0,0,0,2
167,-6579.519,5224.074,125.557,30.809,0.843228,-0.518781,0.140830,0.502842,0.853844,0.134541,-0.190044,-0.042634,0.980849,0,0.36564,0.38726,15.689,0.441,-1,535.942,-1,595.800,1003.407,484.258,501.568,489.581,445.304,-1,-1,-1,-1,730.642,929.863,924.444,-1,2,0,2,0,1,0,0,0,0,2,2,2,2,0,0,0,2
168,-6566.888,5233.932,122.585,31.236,0.838878,-0.525007,0.143709,0.508769,0.850118,0.135847,-0.193490,-0.040844,0.980252,0,0.36564,0.38726,16.023,0.427,995.951,525.205,-1,587.430,992.416,474.757,492.830,488.312,442.009,-1,-1,-1,-1,714.494,906.302,898.250,-1,0,0,2,0,1,0,0,0,0,2,2,2,2,0,0,0,2
169,-6554.034,5244.021,119.422,31.666,0.834368,-0.531170,0.147272,0.514626,0.846386,0.137079,-0.197461,-0.038584,0.979551,0,0.36564,0.38726,16.341,0.429,966.481,513.681,-1,577.463,981.485,464.434,483.079,487.577,437.430,-1,-1,-1,-1,697.229,880.486,870.355,-1,0,0,2,0,1,0,0,0,0,2,2,2,2,0,0,0,2
170,-6540.979,5254.351,116.142,32.099,0.829697,-0.537313,0.151319,0.520450,0.842614,0.138325,-0.201827,-0.036014,0.978759,0,0.32832,0.76728,16.646,0.433,936.026,501.636,-1,567.046,980.170,453.590,472.687,487.256,432.108,-1,-1,-1,-1,679.236,853.332,841.473,-1,0,0,2,0,1,0,0,0,0,2,2,2,2,0,0,0,2
171,-6527.829,5265.016,112.810,32.566,0.824634,-0.543777,0.155837,0.526680,0.838592,0.139179,-0.206366,-0.032696,0.977928,0,0.32832,0.76728,16.932,0.467,907.721,489.661,-1,555.394,980.382,442.598,462.054,488.548,426.193,-1,-1,-1,-1,661.448,825.262,813.807,-1,0,0,2,0,1,0,0,0,0,2,2,2,2,0,0,0,2
172,-6514.574,5276.055,109.438,33.074,0.819210,-0.550657,0.160222,0.533502,0.834238,0.139365,-0.210405,-0.028690,0.977193,0,0.32832,0.76728,17.250,0.508,884.572,478.599,-1,540.365,-1,431.608,450.266,491.456,420.233,-1,-1,-1,-1,645.191,798.651,789.866,-1,0,0,2,0,2,0,0,0,0,2,2,2,2,0,0,0,2
173,-6501.251,5287.475,106.145,33.611,0.813622,-0.557883,0.163667,0.540793,0.829550,0.139247,-0.213453,-0.024785,0.976639,0,0.32832,0.76728,17.547,0.537,866.595,468.931,-1,527.514,-1,421.905,439.570,494.616,415.852,-1,-1,-1,-1,631.128,775.851,770.326,-1,0,0,2,0,2,0,0,0,0,2,2,2,2,0,0,0,2
174,-6487.752,5299.182,102.861,34.147,0.808088,-0.565058,0.166443,0.548086,0.824780,0.139068,-0.215860,-0.021154,0.976195,0,0.32832,0.76728,17.869,0.536,850.847,459.989,1000.566,516.099,-1,412.961,429.748,497.419,414.313,-1,-1,-1,-1,618.205,754.917,752.876,-1,0,0,0,0,2,0,0,0,0,2,2,2,2,0,0,0,2
175,-6474.160,5311.212,99.570,34.685,0.802578,-0.572211,0.168649,0.555419,0.819916,0.138738,-0.217665,-0.017677,0.975863,0,0.32832,0.76728,18.151,0.538,837.392,451.720,969.985,505.880,-1,404.681,420.664,500.081,413.262,-1,-1,-1,-1,606.344,732.404,737.459,-1,0,0,0,0,2,0,0,0,0,2,2,2,2,0,0,0,2
176,-6460.527,5323.630,96.155,35.240,0.796982,-0.579626,0.169865,0.563040,0.814750,0.138450,-0.218647,-0.014702,0.975693,0,0.32832,0.76728,18.440,0.555,825.613,444.039,943.832,497.074,-1,397.026,412.362,501.854,413.087,-1,-1,-1,-1,595.463,712.353,723.827,980.861,0,0,0,0,2,0,0,0,0,2,2,2,2,0,0,0,0
177,-6446.805,5336.335,92.542,35.784,0.791490,-0.586961,0.170353,0.570506,0.809519,0.138574,-0.219241,-0.012493,0.975591,0,0.32832,0.76728,18.701,0.544,812.113,436.178,919.137,489.113,-1,389.399,404.579,502.218,413.792,-1,-1,-1,-1,584.389,693.654,709.509,949.873,0,0,0,0,2,0,0,0,0,2,2,2,2,0,0,0,0
178,-6433.107,5349.354,88.827,36.343,0.785756,-0.594479,0.170829,0.578111,0.804044,0.138929,-0.219944,-0.010406,0.975457,0,0.32832,0.76728,18.897,0.559,797.179,427.941,893.551,479.766,1004.419,381.477,396.546,501.977,414.749,-1,-1,-1,-1,572.776,674.577,694.234,917.641,0,0,0,0,0,0,0,0,0,2,2,2,2,0,0,0,0
179,-6419.417,5362.682,85.010,36.920,0.779806,-0.602071,0.171502,0.585912,0.798405,0.138769,-0.220477,-0.007728,0.975362,0,0.32832,0.76728,19.107,0.576,784.313,419.784,868.433,467.850,986.176,373.952,388.452,502.155,414.845,-1,-1,-1,-1,561.823,655.582,680.127,885.594,0,0,0,0,0,0,0,0,0,2,2,2,2,0,0,0,0
180,-6403.059,5379.084,80.348,37.657,0.772067,-0.611552,0.172965,0.595797,0.791196,0.137965,-0.221222,-0.003466,0.975217,0,0.32832,0.76728,23.165,0.737,771.214,409.741,839.095,452.763,960.375,364.470,377.546,504.166,414.115,-1,-1,-1,-1,548.897,631.877,664.261,844.746,0,0,0,0,0,0,0,0,0,2,2,2,2,0,0,0,0
181,-6392.177,5390.271,77.256,38.162,0.766799,-0.617822,0.174114,0.602581,0.786318,0.136384,-0.221170,0.000339,0.975235,0,0.32832,0.76728,15.607,0.505,767.986,403.994,822.277,443.104,940.273,358.595,370.415,507.786,413.120,-1,-1,-1,-1,541.841,616.068,657.086,817.305,0,0,0,0,0,0,0,0,0,2,2,2,2,0,0,0,0
182,-6378.507,5404.509,73.365,38.800,0.760219,-0.625653,0.175001,0.611227,0.780083,0.133688,-0.220158,0.005333,0.975450,0,0.32832,0.76728,19.738,0.638,768.917,397.868,804.842,432.190,909.107,352.143,362.349,513.263,411.769,-1,-1,-1,-1,534.757,597.740,651.525,786.609,0,0,0,0,0,0,0,0,0,2,2,2,2,0,0,0,0
183,-6364.652,5418.942,69.515,39.397,0.754146,-0.633039,0.174714,0.619403,0.774062,0.131025,-0.218184,0.009407,0.975862,0,0.32832,0.76728,20.007,0.598,771.545,392.533,791.323,423.121,886.130,346.590,355.434,517.725,411.917,-1,-1,-1,-1,528.861,582.465,648.718,761.904,0,0,0,0,0,0,0,0,0,2,2,2,2,0,0,0,0
184,-6350.879,5433.737,65.759,40.013,0.747862,-0.640629,0.174063,0.627825,0.767733,0.128146,-0.215728,0.013446,0.976361,0,0.32832,0.76728,20.213,0.616,776.981,388.055,780.019,414.633,866.052,341.388,349.050,522.558,412.566,-1,-1,-1,-1,523.969,568.682,648.805,738.853,0,0,0,0,0,0,0,0,0,2,2,2,2,0,0,0,0
185,-6337.426,5448.898,62.152,40.677,0.740851,-0.648835,0.173647,0.636723,0.760734,0.125969,-0.213832,0.017241,0.976718,0,0.32832,0.76728,20.269,0.664,780.328,383.190,766.882,404.802,843.626,335.770,342.252,527.008,413.713,-1,-1,-1,-1,518.237,554.095,647.281,712.810,0,0,0,0,0,0,0,0,0,2,2,2,2,0,0,0,0
186,-6321.255,5467.414,57.771,41.458,0.732609,-0.658469,0.172345,0.647205,0.752305,0.123135,-0.210737,0.021333,0.977310,0,0.32832,0.76728,24.583,0.781,786.922,377.954,760.167,394.001,816.376,329.613,334.710,531.334,415.724,-1,-1,-1,-1,513.697,538.425,647.502,685.299,0,0,0,0,0,0,0,0,0,2,2,2,2,0,0,0,0
187,-6310.452,5479.950,54.785,41.969,0.727229,-0.664696,0.171224,0.654081,0.746723,0.120758,-0.208125,0.024176,0.977803,0,0.32832,0.76728,16.549,0.511,794.566,374.884,758.271,387.274,796.949,325.653,329.665,534.555,416.732,-1,-1,-1,-1,512.035,528.538,649.758,668.397,0,0,0,0,0,0,0,0,0,2,2,2,2,0,0,0,0
188,-6296.989,5495.837,51.106,42.603,0.720503,-0.672376,0.169664,0.662600,0.739691,0.117552,-0.204538,0.027723,0.978466,0,0.32832,0.76728,20.825,0.634,807.025,371.380,757.589,379.291,773.220,320.833,323.803,538.246,418.228,-1,-1,-1,-1,510.714,516.710,654.287,648.353,0,0,0,0,0,0,0,0,0,2,2,2,2,0,0,0,0
189,-6283.563,5512.034,47.618,43.227,0.713995,-0.680037,0.166617,0.671116,0.732545,0.113938,-0.199536,0.030469,0.979417,0,0.32832,0.76728,21.037,0.624,828.128,369.510,764.633,373.491,757.852,317.804,319.545,540.810,421.568,-1,-1,-1,-1,512.264,508.588,666.551,634.637,0,0,0,0,0,0,0,0,0,2,2,2,2,0,0,0,0
190,-6270.219,5528.589,44.218,43.857,0.707587,-0.687874,0.161708,0.679914,0.725098,0.109318,-0.192451,0.032595,0.980765,0,0.32832,0.76728,21.264,0.631,862.393,369.975,789.325,369.801,753.402,316.710,317.311,542.348,426.259,-1,-1,-1,-1,518.211,504.993,689.222,628.492,0,0,0,0,0,0,0,0,0,2,2,2,2,0,0,0,0
191,-6256.880,5545.424,40.851,44.476,0.701417,-0.695761,0.154697,0.688704,0.717498,0.104321,-0.183577,0.033368,0.982439,0,0.32832,0.76728,21.478,0.619,910.585,372.145,836.747,368.379,760.118,317.141,316.883,540.783,432.637,-1,-1,-1,-1,528.963,505.613,720.961,631.120,0,0,0,0,0,0,0,0,0,2,2,2,2,0,0,0,0
192,-6243.926,5562.315,37.644,45.096,0.695025,-0.703672,0.147599,0.697356,0.709734,0.099866,-0.175028,0.033519,0.983993,0,-0.12340,0.78682,21.287,0.620,962.883,373.894,886.558,367.457,768.292,317.494,316.393,538.009,440.259,-1,-1,-1,-1,541.368,506.222,758.175,634.936,0,0,0,0,0,0,0,0,0,2,2,2,2,0,0,0,0
193,-6230.934,5578.420,34.697,45.545,0.690510,-0.709654,0.139951,0.703783,0.703830,0.096506,-0.166988,0.031857,0.985444,0,-0.12340,0.78682,20.692,0.449,-1,375.998,934.682,367.471,784.187,317.663,315.815,532.201,449.443,-1,-1,-1,-1,551.802,508.394,789.567,644.251,2,0,0,0,0,0,0,0,0,2,2,2,2,0,0,0,0
194,-6217.835,5593.785,31.995,45.820,0.688065,-0.713517,0.132136,0.708043,0.700015,0.093029,-0.158875,0.029548,0.986857,0,-0.12340,0.78682,20.190,0.274,-1,378.580,980.860,368.687,809.780,318.282,316.049,526.701,459.031,-1,-1,-1,-1,562.468,512.781,826.411,659.601,2,0,0,0,0,0,0,0,0,2,2,2,2,0,0,0,0
195,-6205.028,5608.737,29.543,46.072,0.685832,-0.716817,0.125730,0.711991,0.696651,0.088010,-0.150677,0.029158,0.988153,0,-0.12340,0.78682,19.687,0.252,-1,382.634,-1,369.800,834.723,319.699,316.650,526.851,465.924,-1,-1,-1,-1,577.785,517.284,882.654,676.068,2,0,2,0,0,0,0,0,0,2,2,2,2,0,0,0,0
196,-6192.918,5623.484,27.399,46.409,0.682421,-0.720755,0.121714,0.716849,0.692464,0.081371,-0.142931,0.031721,0.989224,0,-0.12340,0.78682,19.082,0.337,-1,388.244,-1,369.511,847.121,321.654,316.965,534.594,468.205,-1,-1,-1,-1,597.495,520.610,960.582,685.665,2,0,2,0,0,0,0,0,0,2,2,2,2,0,0,0,0
197,-6181.600,5638.095,25.505,46.863,0.677502,-0.725875,0.118730,0.723063,0.686876,0.073353,-0.134798,0.036153,0.990213,0,-0.12340,0.78682,18.482,0.454,-1,396.164,-1,369.329,854.729,324.779,317.793,546.865,468.601,-1,-1,-1,-1,623.002,524.401,-1,693.575,2,0,2,0,0,0,0,0,0,2,2,2,2,0,0,2,0
198,-6168.898,5655.287,23.582,47.468,0.670807,-0.732864,0.113703,0.731237,0.679165,0.063464,-0.123734,0.040571,0.991486,0,-0.12340,0.78682,21.375,0.605,-1,410.066,-1,371.675,878.996,330.324,321.143,560.696,471.394,-1,-1,-1,-1,663.516,535.864,-1,717.847,2,0,2,0,0,0,0,0,0,2,2,2,2,0,0,2,0
199,-6160.938,5666.530,22.444,47.872,0.666271,-0.737666,0.109237,0.736653,0.673840,0.057288,-0.115867,0.042300,0.992364,0,-0.12340,0.78682,13.776,0.404,-1,421.060,-1,374.786,909.583,336.435,324.612,568.149,475.304,-1,-1,-1,-1,694.377,546.525,-1,747.832,2,0,2,0,0,0,0,0,0,2,2,2,2,0,0,2,0
200,-6151.542,5680.286,21.166,48.358,0.660736,-0.743586,0.102510,0.743094,0.667272,0.050588,-0.106019,0.042750,0.993445,0,-0.12340,0.78682,16.659,0.485,-1,434.895,-1,379.895,961.258,344.375,329.638,572.507,482.520,-1,-1,-1,-1,733.478,562.478,-1,796.859,2,0,2,0,0,0,0,0,0,2,2,2,2,0,0,2,0
201,-6142.643,5693.649,19.978,48.813,0.655443,-0.749240,0.095045,0.749059,0.660980,0.044905,-0.096467,0.041762,0.994460,0,-0.12340,0.78682,16.055,0.456,-1,448.136,-1,386.361,-1,352.227,334.947,572.518,491.502,-1,-1,-1,-1,774.684,580.224,-1,863.130,2,0,2,0,2,0,0,0,0,2,2,2,2,0,0,2,0
202,-6134.229,5706.619,18.881,49.249,0.650257,-0.754584,0.088140,0.754626,0.654945,0.039821,-0.087776,0.040619,0.995312,0,-0.12340,0.78682,15.460,0.435,-1,460.642,-1,392.636,-1,359.500,339.777,572.121,500.239,-1,-1,-1,-1,814.558,604.563,-1,937.407,2,0,2,0,2,0,0,0,0,2,2,2,2,0,0,2,0
203,-6125.656,5718.815,17.771,49.517,0.647123,-0.758106,0.080668,0.758131,0.651062,0.036823,-0.080436,0.037328,0.996061,0,-0.12340,0.78682,14.908,0.268,-1,470.086,-1,398.556,-1,364.832,343.657,565.802,509.927,-1,-1,875.868,-1,843.996,628.731,-1,1001.110,2,0,2,0,2,0,0,0,0,2,2,0,2,0,0,2,0
204,-6116.562,5729.857,16.721,49.509,0.647524,-0.758628,0.072087,0.758388,0.650783,0.036453,-0.074568,0.031066,0.996732,0,-0.12340,0.78682,14.305,-0.008,-1,474.791,-1,404.678,-1,367.826,347.055,552.472,522.866,-1,872.242,748.734,-1,860.808,653.438,-1,-1,2,0,2,0,2,0,0,0,0,2,0,0,2,0,0,2,2
205,-6107.392,5740.133,15.851,49.368,0.649597,-0.757432,0.065727,0.757031,0.652383,0.036068,-0.070199,0.026328,0.997186,0,-0.12340,0.78682,13.772,-0.141,-1,477.856,-1,408.939,-1,370.361,350.094,545.044,533.234,-1,735.900,692.502,-1,872.902,672.922,-1,-1,2,0,2,0,2,0,0,0,0,2,0,0,2,0,0,2,2
206,-6096.497,5751.683,15.207,49.159,0.652528,-0.755229,0.061936,0.754863,0.655001,0.033993,-0.066241,0.024572,0.997501,0,-0.12340,0.78682,15.878,-0.209,-1,482.384,-1,411.649,-1,373.096,352.416,548.529,539.579,-1,694.709,664.511,-1,887.959,688.929,-1,-1,2,0,2,0,2,0,0,0,0,2,0,0,2,0,0,2,2
207,-6089.230,5759.323,14.925,49.042,0.654221,-0.753901,0.060227,0.753722,0.656491,0.030359,-0.062426,0.025533,0.997723,0,0.30489,1.00000,10.545,-0.116,-1,489.583,-1,414.556,-1,377.198,355.445,556.985,540.768,-1,661.841,634.482,-1,906.454,702.182,-1,-1,2,0,2,0,2,0,0,0,0,2,0,0,2,0,0,2,2
208,-6080.019,5769.094,14.560,48.951,0.655689,-0.752794,0.058075,0.752976,0.657638,0.023213,-0.055667,0.028509,0.998042,0,0.30489,1.00000,13.428,-0.092,-1,504.165,-1,420.713,-1,385.677,361.553,572.135,539.808,-1,602.833,592.567,-1,944.046,725.167,-1,-1,2,0,2,0,2,0,0,0,0,2,0,0,2,0,0,2,2
209,-6070.706,5779.090,14.060,48.906,0.656555,-0.752230,0.055549,0.752789,0.658105,0.014372,-0.047368,0.032381,0.998353,0,0.30489,1.00000,13.662,-0.045,-1,523.993,-1,430.768,-1,396.865,369.647,589.852,537.576,-1,563.019,549.437,-1,988.137,754.141,-1,-1,2,0,2,0,2,0,0,0,0,2,0,0,2,0,0,2,2
210,-6061.343,5789.278,13.384,48.891,0.657020,-0.752060,0.052249,0.752913,0.658102,0.004853,-0.038035,0.036150,0.998622,0,0.30489,1.00000,13.837,-0.015,-1,546.990,-1,444.030,-1,409.638,379.679,607.219,535.512,-1,522.975,509.738,946.586,-1,787.455,-1,-1,2,0,2,0,2,0,0,0,0,2,0,0,0,2,0,2,2
211,-6051.932,5799.649,12.558,48.889,0.657260,-0.752113,0.048326,0.753149,0.657829,-0.005229,-0.027857,0.039834,0.998818,0,0.30489,1.00000,14.004,-0.001,-1,573.019,-1,459.058,-1,423.901,390.979,625.184,533.551,-1,483.861,475.910,836.142,-1,823.022,-1,-1,2,0,2,0,2,0,0,0,0,2,0,0,0,2,0,2,2
212,-6042.517,5810.222,11.632,48.909,0.657167,-0.752446,0.044240,0.753553,0.657192,-0.016025,-0.017016,0.043868,0.998892,0,0.30489,1.00000,14.157,0.019,-1,603.582,-1,475.551,-1,440.389,403.979,647.764,530.348,-1,453.707,443.003,757.283,-1,860.743,-1,-1,2,0,2,0,2,0,0,0,0,2,0,0,0,2,0,2,2
213,-6033.205,5821.049,10.698,48.981,0.656298,-0.753408,0.040622,0.754480,0.655741,-0.027634,-0.005818,0.048784,0.998792,0,0.30489,1.00000,14.281,0.072,-1,638.901,-1,492.889,-1,459.116,419.958,671.321,524.414,-1,428.329,416.209,699.994,-1,898.140,-1,-1,2,0,2,0,2,0,0,0,0,2,0,0,0,2,0,2,2
214,-6023.885,5831.955,9.917,49.064,0.655215,-0.754526,0.037209,0.755429,0.654112,-0.038275,0.004541,0.053188,0.998574,0,0.30489,1.00000,14.346,0.083,-1,674.279,-1,510.115,-1,477.568,435.771,694.351,519.689,-1,408.437,397.162,663.401,-1,932.969,-1,-1,2,0,2,0,2,0,0,0,0,2,0,0,0,2,0,2,2
215,-6014.814,5843.029,9.457,49.200,0.653366,-0.756248,0.034663,0.756926,0.651781,-0.047375,0.013234,0.057190,0.998276,0,0.30489,1.00000,14.315,0.136,-1,706.932,-1,525.756,-1,495.159,450.301,722.542,516.349,-1,396.146,385.961,638.682,-1,963.468,-1,-1,2,0,2,0,2,0,0,0,0,2,0,0,0,2,0,2,2
216,-6006.552,5854.390,9.440,49.517,0.649092,-0.759950,0.034000,0.760457,0.647075,-0.054766,0.019619,0.061404,0.997920,0,0.30489,1.00000,14.047,0.318,-1,735.486,-1,538.112,-1,510.513,462.683,756.025,513.939,-1,393.118,382.542,627.654,-1,981.747,-1,-1,2,0,2,0,2,0,0,0,0,2,0,0,0,2,0,2,2
217,-5999.519,5865.937,9.971,50.036,0.642124,-0.765820,0.034590,0.766230,0.639757,-0.060015,0.023832,0.065041,0.997598,0,0.30489,1.00000,13.520,0.519,-1,759.263,-1,547.241,-1,523.623,473.333,784.862,513.876,-1,397.522,386.187,627.219,-1,991.611,-1,-1,2,0,2,0,2,0,0,0,0,2,0,0,0,2,0,2,2
218,-5993.790,5877.528,10.973,50.687,0.633321,-0.773142,0.033995,0.773407,0.630766,-0.063058,0.027309,0.066228,0.997431,0,0.30489,1.00000,12.929,0.651,-1,776.983,-1,557.905,-1,536.628,485.144,806.581,518.722,-1,404.107,393.020,636.466,-1,1003.521,-1,-1,2,0,2,0,2,0,0,0,0,2,0,0,0,2,0,2,2
219,-5988.877,5889.219,12.128,51.417,0.623338,-0.781336,0.031054,0.781326,0.620758,-0.064722,0.031293,0.064608,0.997420,0,0.30489,1.00000,12.682,0.730,-1,792.628,-1,574.032,-1,551.197,499.651,807.566,528.324,-1,408.840,399.242,651.732,-1,-1,-1,-1,2,0,2,0,2,0,0,0,0,2,0,0,0,2,2,2,2
220,-5984.409,5901.021,13.250,52.165,0.612975,-0.789686,0.025648,0.789257,0.610495,-0.066097,0.036538,0.060758,0.997484,0,0.30489,1.00000,12.619,0.748,-1,810.384,-1,594.362,-1,568.494,517.634,795.306,537.781,-1,409.913,402.859,668.198,-1,-1,-1,-1,2,0,2,0,2,0,0,0,0,2,0,0,0,2,2,2,2
221,-5980.556,5912.964,14.235,52.965,0.601754,-0.798437,0.019775,0.797542,0.599389,-0.068255,0.042645,0.056844,0.997472,0,0.30489,1.00000,12.549,0.800,-1,832.089,-1,616.779,-1,587.854,537.097,781.452,547.245,-1,408.088,404.311,682.165,-1,-1,-1,-1,2,0,2,0,2,0,0,0,0,2,0,0,0,2,2,2,2
222,-5977.100,5925.028,15.022,53.811,0.589731,-0.807479,0.013949,0.806091,0.587486,-0.071258,0.049345,0.053267,0.997360,0,0.30489,1.00000,12.550,0.846,-1,852.643,-1,639.639,-1,609.009,557.359,768.843,555.638,-1,404.106,403.823,694.273,-1,-1,-1,-1,2,0,2,0,2,0,0,0,0,2,0,0,0,2,2,2,2
