timestep,x_cm,y_cm,z_cm,yaw_deg,basis_xx,basis_xy,basis_xz,basis_yx,basis_yy,basis_yz,basis_zx,basis_zy,basis_zz,teleport_flag,throttle_cmd,steering_cmd,cmd_move_cm,cmd_turn_deg,lidar_cm_0,lidar_cm_1,lidar_cm_2,lidar_cm_3,lidar_cm_4,lidar_cm_5,lidar_cm_6,lidar_cm_7,lidar_cm_8,lidar_cm_9,lidar_cm_10,lidar_cm_11,lidar_cm_12,lidar_cm_13,lidar_cm_14,lidar_cm_15,lidar_cm_16,lidar_class_0,lidar_class_1,lidar_class_2,lidar_class_3,lidar_class_4,lidar_class_5,lidar_class_6,lidar_class_7,lidar_class_8,lidar_class_9,lidar_class_10,lidar_class_11,lidar_class_12,lidar_class_13,lidar_class_14,lidar_class_15,lidar_class_16
0,-3602.932,-1640.838,168.338,-12.138,0.976552,0.210258,0.046242,-0.210532,0.977586,0.001079,-0.044978,-0.010789,0.998930,1,0.08000,0.12000,4.800,0.240,-1,375.000,-1,325.000,575.000,300.000,275.000,450.000,250.000,325.000,125.000,475.000,-1,625.000,525.000,-1,650.000,2,0,2,0,0,0,0,0,0,1,1,1,2,0,0,2,0
1,-3593.530,-1642.778,167.802,-11.658,0.978329,0.202056,0.045231,-0.202433,0.979288,0.003886,-0.043509,-0.012958,0.998969,0,0.16000,0.24000,9.600,0.480,-1,375.000,-1,325.000,600.000,300.000,275.000,425.000,250.000,325.000,150.000,500.000,-1,625.000,550.000,-1,675.000,2,0,2,0,0,0,0,0,0,1,1,1,2,0,0,2,0
2,-3579.391,-1645.509,167.003,-10.938,0.980866,0.189725,0.043667,-0.190242,0.981705,0.007957,-0.041359,-0.016112,0.999014,0,0.24000,0.36000,14.400,0.720,-1,375.000,-1,325.000,650.000,300.000,275.000,425.000,250.000,325.000,150.000,525.000,-1,625.000,550.000,-1,725.000,2,0,2,0,0,0,0,0,0,1,1,1,2,0,0,2,0
3,-3560.482,-1648.835,165.946,-9.978,0.984005,0.173238,0.041501,-0.173910,0.984674,0.013131,-0.038590,-0.020138,0.999052,0,0.32000,0.48000,19.200,0.960,-1,375.000,-1,325.000,725.000,300.000,300.000,425.000,275.000,325.000,175.000,600.000,-1,625.000,550.000,-1,800.000,2,0,2,0,0,0,0,0,0,1,1,1,2,0,0,2,0
4,-3536.763,-1652.496,164.640,-8.778,0.987537,0.152562,0.038675,-0.153383,0.987980,0.019199,-0.035281,-0.024892,0.999067,0,0.40000,0.60000,24.000,1.200,-1,375.000,-1,350.000,850.000,300.000,300.000,400.000,275.000,325.000,175.000,675.000,-1,625.000,575.000,-1,925.000,2,0,2,0,0,0,0,0,0,1,1,1,2,0,0,2,0
5,-3508.209,-1656.249,163.074,-7.493,0.990852,0.130345,0.034969,-0.131281,0.991006,0.025948,-0.031272,-0.030301,0.999052,0,0.48000,0.64261,28.800,1.285,-1,375.000,-1,350.000,-1,300.000,300.000,375.000,275.000,325.000,200.000,800.000,-1,625.000,600.000,-1,-1,2,0,2,0,2,0,0,0,0,1,1,1,2,0,0,2,2
6,-3474.808,-1659.892,161.250,-6.228,0.993645,0.108411,0.030287,-0.109401,0.993444,0.033173,-0.026492,-0.036276,0.998991,0,0.56000,0.63256,33.600,1.265,-1,375.000,-1,350.000,-1,300.000,300.000,375.000,275.000,350.000,225.000,900.000,-1,625.000,600.000,-1,-1,2,0,2,0,2,0,0,0,0,1,1,1,2,0,0,2,2
7,-3438.273,-1663.076,159.285,-4.986,0.995910,0.086836,0.024973,-0.087797,0.995321,0.040348,-0.021353,-0.042376,0.998874,0,0.61123,0.62087,36.674,1.242,-1,375.000,-1,350.000,-1,300.000,300.000,350.000,275.000,350.000,225.000,975.000,-1,625.000,625.000,-1,-1,2,0,2,0,2,0,0,0,0,1,1,1,2,0,0,2,2
8,-3406.477,-1665.288,157.604,-3.984,0.997383,0.069407,0.020256,-0.070278,0.996464,0.046052,-0.016988,-0.047355,0.998734,0,0.53123,0.50087,31.874,1.002,-1,375.000,-1,375.000,-1,300.000,300.000,325.000,275.000,350.000,250.000,-1,-1,625.000,650.000,-1,-1,2,0,2,0,2,0,0,0,0,1,1,2,2,0,0,2,2
9,-3379.446,-1666.808,156.187,-3.223,0.998292,0.056142,0.016170,-0.056894,0.997099,0.050573,-0.013284,-0.051406,0.998589,0,0.45123,0.38087,27.074,0.762,975.000,375.000,-1,375.000,-1,300.000,300.000,325.000,275.000,375.000,250.000,-1,-1,625.000,675.000,-1,-1,1,0,2,0,2,0,0,0,0,1,1,2,2,0,0,2,2
10,-3352.912,-1668.058,154.778,-2.701,0.998820,0.047050,0.012001,-0.047641,0.997356,0.054873,-0.009387,-0.055380,0.998421,0,0.44273,0.26087,26.564,0.522,975.000,375.000,-1,375.000,-1,300.000,300.000,325.000,300.000,375.000,225.000,950.000,-1,625.000,675.000,-1,-1,1,0,2,0,2,0,0,0,0,1,1,0,2,0,0,2,2
11,-3326.090,-1669.188,153.325,-2.419,0.999083,0.042136,0.007634,-0.042515,0.997340,0.059207,-0.005119,-0.059477,0.998217,0,0.44742,0.14087,26.845,0.282,950.000,375.000,-1,375.000,-1,300.000,300.000,300.000,300.000,400.000,225.000,750.000,-1,650.000,700.000,-1,-1,1,0,2,0,2,0,0,0,0,1,1,0,2,0,0,2,2
12,-3299.018,-1670.241,151.852,-2.232,0.999239,0.038871,0.003186,-0.038995,0.997217,0.063536,-0.000707,-0.063612,0.997974,0,0.45155,0.09350,27.093,0.187,950.000,375.000,-1,375.000,-1,300.000,300.000,300.000,300.000,400.000,200.000,550.000,-1,650.000,725.000,-1,-1,1,0,2,0,2,0,0,0,0,1,1,0,2,0,0,2,2
13,-3271.698,-1671.227,151.779,-2.064,0.999351,0.035952,0.002434,-0.036034,0.997405,0.062335,-0.000187,-0.062382,0.998052,0,0.45562,0.08392,27.337,0.168,950.000,375.000,-1,375.000,-1,300.000,300.000,300.000,300.000,425.000,225.000,550.000,-1,650.000,725.000,-1,-1,1,0,2,0,2,0,0,0,0,1,1,0,2,0,0,2,2
14,-3244.121,-1672.150,152.067,-1.916,0.999442,0.033370,0.001470,-0.033398,0.997540,0.061629,0.000590,-0.061644,0.998098,0,0.45988,0.07419,27.593,0.148,950.000,375.000,-1,375.000,-1,300.000,300.000,300.000,300.000,450.000,250.000,550.000,-1,650.000,725.000,-1,-1,1,0,2,0,2,0,0,0,0,1,1,0,2,0,0,2,2
15,-3216.276,-1673.020,152.377,-1.787,0.999515,0.031132,0.000427,-0.031100,0.997654,0.060991,0.001473,-0.060975,0.998138,0,0.46431,0.06432,27.859,0.129,950.000,375.000,-1,375.000,-1,300.000,300.000,300.000,300.000,475.000,275.000,550.000,-1,650.000,725.000,-1,-1,1,0,2,0,2,0,0,0,0,1,1,0,2,0,0,2,2
16,-3188.153,-1673.845,152.685,-1.679,0.999572,0.029243,-0.000628,-0.029152,0.997753,0.060333,0.002391,-0.060289,0.998178,0,0.46893,0.05428,28.136,0.109,950.000,375.000,-1,375.000,-1,300.000,300.000,300.000,300.000,525.000,300.000,550.000,-1,650.000,750.000,-1,-1,1,0,2,0,2,0,0,0,0,1,1,0,2,0,0,2,2
17,-3159.740,-1674.634,152.993,-1.591,0.999615,0.027709,-0.001695,-0.027558,0.997839,0.059656,0.003344,-0.059586,0.998218,0,0.47373,0.04409,28.424,0.088,950.000,375.000,-1,375.000,-1,300.000,300.000,300.000,300.000,550.000,325.000,550.000,-1,650.000,750.000,-1,-1,1,0,2,0,2,0,0,0,0,1,1,0,2,0,0,2,2
18,-3131.027,-1675.399,153.300,-1.523,0.999644,0.026535,-0.002774,-0.026325,0.997913,0.058961,0.004332,-0.058867,0.998256,0,0.47872,0.03373,28.723,0.067,950.000,375.000,-1,375.000,-1,300.000,300.000,300.000,300.000,575.000,350.000,550.000,-1,650.000,750.000,-1,-1,1,0,2,0,2,0,0,0,0,1,1,0,2,0,0,2,2
19,-3102.002,-1676.147,153.607,-1.477,0.999662,0.025728,-0.003865,-0.025460,0.997977,0.058248,0.005356,-0.058130,0.998295,0,0.48390,0.02319,29.034,0.046,950.000,375.000,-1,375.000,-1,300.000,325.000,300.000,300.000,600.000,375.000,550.000,-1,650.000,750.000,-1,-1,1,0,2,0,2,0,0,0,0,1,1,0,2,0,0,2,2
20,-3072.655,-1676.892,153.916,-1.452,0.999668,0.025294,-0.004969,-0.024967,0.998032,0.057519,0.006414,-0.057376,0.998332,0,0.48928,0.01249,29.357,0.025,950.000,375.000,-1,400.000,-1,300.000,325.000,300.000,300.000,650.000,400.000,550.000,-1,675.000,750.000,-1,-1,1,0,2,0,2,0,0,0,0,1,1,0,2,0,0,2,2
21,-3042.974,-1677.643,154.227,-1.449,0.999663,0.025240,-0.006086,-0.024854,0.998078,0.056775,0.007507,-0.056605,0.998368,0,0.49485,0.00160,29.691,0.003,950.000,375.000,-1,400.000,-1,300.000,325.000,300.000,300.000,675.000,425.000,550.000,-1,675.000,750.000,-1,-1,1,0,2,0,2,0,0,0,0,1,1,0,2,0,0,2,2
22,-3012.946,-1678.413,154.540,-1.468,0.999647,0.025571,-0.007215,-0.025128,0.998114,0.056017,0.008634,-0.055816,0.998404,0,0.50062,-0.00948,30.037,-0.019,950.000,375.000,-1,400.000,-1,300.000,325.000,300.000,300.000,700.000,450.000,575.000,-1,675.000,775.000,-1,-1,1,0,2,0,2,0,0,0,0,1,1,0,2,0,0,2,2
23,-2982.561,-1679.214,154.857,-1.509,0.999619,0.026295,-0.008357,-0.025794,0.998140,0.055246,0.009794,-0.055010,0.998438,0,0.50660,-0.02074,30.396,-0.041,975.000,375.000,-1,400.000,-1,300.000,325.000,300.000,300.000,750.000,450.000,575.000,-1,675.000,775.000,-1,-1,1,0,2,0,2,0,0,0,0,1,1,0,2,0,0,2,2
24,-2951.805,-1680.060,155.178,-1.573,0.999579,0.027418,-0.009513,-0.026861,0.998154,0.054463,0.010988,-0.054184,0.998471,0,0.51279,-0.03221,30.767,-0.064,975.000,375.000,-1,400.000,-1,300.000,325.000,300.000,300.000,800.000,475.000,575.000,-1,675.000,775.000,-1,-1,1,0,2,0,2,0,0,0,0,1,1,0,2,0,0,2,2
25,-2920.666,-1680.964,155.503,-1.661,0.999524,0.028948,-0.010681,-0.028335,0.998157,0.053668,0.012215,-0.053339,0.998502,0,0.51919,-0.04387,31.152,-0.088,975.000,375.000,-1,400.000,-1,300.000,325.000,300.000,300.000,825.000,500.000,575.000,-1,675.000,775.000,-1,-1,1,0,2,0,2,0,0,0,0,1,1,0,2,0,0,2,2
26,-2884.732,-1682.079,155.880,-1.776,0.999449,0.030943,-0.012027,-0.030268,0.998149,0.052751,0.013637,-0.052357,0.998535,0,0.59919,-0.05721,35.952,-0.114,1000.000,375.000,-1,400.000,-1,300.000,325.000,300.000,300.000,875.000,525.000,575.000,-1,675.000,800.000,-1,-1,1,0,2,0,2,0,0,0,0,1,1,0,2,0,0,2,2
27,-2845.954,-1683.365,156.289,-1.898,0.999362,0.033080,-0.013477,-0.032342,0.998136,0.051762,0.015164,-0.051294,0.998568,0,0.64666,-0.06129,38.800,-0.123,1000.000,375.000,-1,400.000,-1,300.000,325.000,300.000,300.000,925.000,550.000,575.000,-1,700.000,800.000,-1,-1,1,0,2,0,2,0,0,0,0,1,1,0,2,0,0,2,2
28,-2806.988,-1684.746,156.701,-2.030,0.999263,0.035373,-0.014931,-0.034574,0.998112,0.050770,0.016699,-0.050217,0.998599,0,0.64984,-0.06576,38.990,-0.132,-1,375.000,-1,400.000,-1,300.000,325.000,300.000,300.000,975.000,575.000,575.000,-1,700.000,800.000,-1,-1,2,0,2,0,2,0,0,0,0,1,1,0,2,0,0,2,2
29,-2763.222,-1686.215,157.162,-1.921,0.999302,0.033485,-0.016559,-0.032626,0.998233,0.049654,0.018193,-0.049079,0.998629,0,0.72984,0.05424,43.790,0.108,-1,375.000,-1,400.000,-1,300.000,325.000,300.000,300.000,-1,600.000,575.000,-1,700.000,800.000,-1,-1,2,0,2,0,2,0,0,0,0,2,1,0,2,0,0,2,2
30,-2714.653,-1687.654,157.663,-1.696,0.999394,0.029564,-0.018368,-0.028645,0.998417,0.048395,0.019769,-0.047840,0.998659,0,0.80984,0.11258,48.590,0.225,-1,375.000,-1,400.000,-1,300.000,325.000,300.000,300.000,-1,625.000,575.000,-1,700.000,825.000,-1,-1,2,0,2,0,2,0,0,0,0,2,1,0,2,0,1,2,2
31,-2663.067,-1688.997,158.182,-1.490,0.999457,0.025974,-0.020293,-0.024996,0.998580,0.047036,0.021486,-0.046503,0.998687,0,0.86007,0.10305,51.604,0.206,-1,375.000,-1,400.000,-1,300.000,325.000,300.000,300.000,-1,650.000,500.000,-1,725.000,-1,-1,-1,2,0,2,0,2,0,0,0,0,2,1,0,2,0,2,2,2
32,-2611.201,-1690.179,158.952,-1.305,0.999512,0.022746,-0.021419,-0.021758,0.998737,0.045285,0.022422,-0.044797,0.998744,0,0.86465,0.09265,51.879,0.185,-1,375.000,-1,400.000,-1,325.000,325.000,300.000,300.000,-1,650.000,500.000,-1,725.000,-1,-1,-1,2,0,2,0,2,0,0,0,0,2,0,0,2,0,2,2,2
33,-2559.067,-1691.218,160.123,-1.141,0.999572,0.019893,-0.021459,-0.018937,0.998859,0.043836,0.022307,-0.043411,0.998808,0,0.86907,0.08188,52.144,0.164,-1,375.000,-1,400.000,-1,300.000,325.000,300.000,300.000,-1,700.000,550.000,-1,725.000,-1,-1,-1,2,0,2,0,2,0,0,0,0,2,0,0,2,0,2,2,2
34,-2506.676,-1692.133,161.290,-0.999,0.999617,0.017427,-0.021503,-0.016504,0.998966,0.042366,0.022219,-0.041995,0.998871,0,0.87333,0.07074,52.400,0.141,-1,375.000,-1,400.000,-1,300.000,325.000,300.000,300.000,-1,750.000,600.000,-1,750.000,-1,-1,-1,2,0,2,0,2,0,0,0,0,2,0,0,2,0,2,2,2
35,-2454.034,-1692.943,162.455,-0.881,0.999650,0.015363,-0.021551,-0.014473,0.999059,0.040878,0.022159,-0.040552,0.998932,0,0.87746,0.05922,52.648,0.118,-1,375.000,-1,400.000,-1,300.000,325.000,300.000,300.000,-1,825.000,625.000,-1,750.000,-1,-1,-1,2,0,2,0,2,0,0,0,0,2,0,0,2,0,2,2,2
36,-2401.151,-1693.670,163.619,-0.786,0.999673,0.013714,-0.021602,-0.012856,0.999142,0.039373,0.022123,-0.039082,0.998991,0,0.88148,0.04730,52.889,0.095,-1,375.000,-1,400.000,-1,300.000,325.000,300.000,300.000,-1,875.000,675.000,-1,750.000,-1,-1,-1,2,0,2,0,2,0,0,0,0,2,0,0,2,0,2,2,2
37,-2348.029,-1694.334,164.783,-0.716,0.999687,0.012495,-0.021655,-0.011669,0.999215,0.037852,0.022111,-0.037587,0.999049,0,0.88542,0.03499,53.125,0.070,-1,375.000,-1,400.000,-1,300.000,325.000,300.000,300.000,-1,925.000,725.000,-1,775.000,-1,-1,-1,2,0,2,0,2,0,0,0,0,2,0,0,2,0,2,2,2
38,-2294.674,-1694.961,165.948,-0.672,0.999696,0.011719,-0.021710,-0.010926,0.999281,0.036315,0.022120,-0.036067,0.999105,0,0.88932,0.02225,53.359,0.045,-1,375.000,-1,425.000,-1,300.000,325.000,300.000,300.000,-1,975.000,775.000,-1,775.000,-1,-1,-1,2,0,2,1,2,0,0,0,0,2,0,0,2,0,2,2,2
39,-2241.083,-1695.573,167.116,-0.654,0.999698,0.011403,-0.021766,-0.010642,0.999339,0.034763,0.022148,-0.034520,0.999159,0,0.89323,0.00910,53.594,0.018,-1,375.000,-1,-1,-1,300.000,325.000,300.000,300.000,-1,-1,825.000,-1,800.000,-1,-1,-1,2,0,2,2,2,0,1,0,0,2,2,0,2,0,2,2,2
40,-2187.255,-1696.196,168.287,-0.663,0.999695,0.011560,-0.021823,-0.010832,0.999390,0.033194,0.022194,-0.032948,0.999211,0,0.89719,-0.00449,53.832,-0.009,-1,400.000,-1,-1,-1,300.000,350.000,300.000,300.000,-1,-1,875.000,-1,800.000,-1,-1,-1,2,0,2,2,2,0,1,0,0,2,2,0,2,0,2,2,2
41,-2128.631,-1697.130,169.565,-0.912,0.999634,0.015903,-0.021883,-0.015211,0.999390,0.031444,0.022370,-0.031100,0.999266,0,0.97719,-0.12449,58.632,-0.249,-1,400.000,-1,-1,-1,325.000,375.000,300.000,300.000,-1,-1,925.000,-1,800.000,-1,-1,-1,2,0,2,2,2,0,1,0,0,2,2,0,2,0,2,2,2
42,-2068.647,-1698.524,170.883,-1.331,0.999490,0.023213,-0.021941,-0.022559,0.999307,0.029613,0.022614,-0.029103,0.999321,0,1.00000,-0.20951,60.000,-0.419,-1,400.000,-1,-1,-1,325.000,400.000,300.000,300.000,-1,-1,1000.000,-1,825.000,-1,-1,-1,2,0,2,2,2,0,1,0,0,2,2,0,2,0,2,2,2
43,-2008.675,-1700.367,172.211,-1.760,0.999287,0.030700,-0.021997,-0.030085,0.999162,0.027757,0.022831,-0.027076,0.999373,0,1.00000,-0.21461,60.000,-0.429,-1,400.000,-1,-1,-1,325.000,450.000,300.000,300.000,-1,-1,-1,-1,850.000,-1,-1,-1,2,0,2,2,2,1,1,0,0,2,2,2,2,0,2,2,2
44,-1948.720,-1702.671,172.886,-2.200,0.999062,0.038378,-0.020067,-0.037878,0.998976,0.024727,0.020996,-0.023944,0.999493,0,1.00000,-0.22007,60.000,-0.440,-1,400.000,-1,-1,-1,325.000,500.000,325.000,300.000,-1,-1,-1,-1,850.000,-1,-1,-1,2,0,2,2,2,1,1,0,0,2,2,2,2,0,2,2,2
45,-1888.785,-1705.449,169.355,-2.652,0.998911,0.046268,-0.006067,-0.046224,0.998905,0.007182,0.006393,-0.006894,0.999956,0,1.00000,-0.22595,60.000,-0.452,-1,375.000,-1,-1,-1,300.000,475.000,325.000,275.000,-1,-1,-1,-1,750.000,-1,-1,-1,2,0,2,2,2,1,1,0,0,2,2,2,2,0,2,2,2
46,-1828.873,-1708.711,165.689,-3.117,0.998489,0.054364,0.008080,-0.054272,0.998463,-0.011206,-0.008677,0.010750,0.999905,0,1.00000,-0.23229,60.000,-0.465,-1,350.000,-1,-1,-1,300.000,475.000,325.000,225.000,-1,-1,-1,-1,675.000,-1,-1,-1,2,0,2,2,2,1,1,0,0,2,2,2,2,0,2,2,2
47,-1768.991,-1712.470,161.867,-3.595,0.997783,0.062675,0.022391,-0.061979,0.997610,-0.030537,-0.024251,0.029082,0.999283,0,1.00000,-0.23918,60.000,-0.478,-1,300.000,-1,-1,-1,275.000,450.000,350.000,200.000,-1,-1,-1,-1,600.000,-1,-1,-1,2,0,2,2,2,1,1,0,0,2,2,2,2,0,2,2,2
48,-1709.141,-1716.742,157.867,-4.088,0.996780,0.071210,0.036874,-0.069292,0.996296,-0.050921,-0.040364,0.048202,0.998022,0,1.00000,-0.24668,60.000,-0.493,-1,275.000,-1,-1,-1,250.000,450.000,375.000,175.000,-1,-1,-1,-1,525.000,-1,-1,-1,2,0,2,2,2,1,1,0,0,2,2,2,2,0,2,2,2
49,-1649.332,-1721.542,153.666,-4.598,0.995464,0.079978,0.051533,-0.076146,0.994460,-0.072469,-0.057044,0.068216,0.996038,0,1.00000,-0.25490,60.000,-0.510,-1,250.000,-1,-1,-1,250.000,425.000,400.000,125.000,-1,-1,-1,-1,450.000,-1,-1,-1,2,0,2,2,2,1,1,0,1,2,2,2,2,0,2,2,2
50,-1589.567,-1726.889,149.238,-5.126,0.993820,0.088988,0.066361,-0.082464,0.992027,-0.095302,-0.074312,0.089240,0.993234,0,1.00000,-0.26393,60.000,-0.528,-1,225.000,-1,-1,-1,225.000,400.000,425.000,150.000,-1,-1,-1,-1,400.000,-1,700.000,-1,2,0,2,2,2,1,1,0,1,2,2,2,2,0,2,0,2
51,-1529.855,-1732.803,144.558,-5.674,0.991833,0.098248,0.081336,-0.088155,0.988908,-0.119543,-0.092178,0.111396,0.989492,0,1.00000,-0.27390,60.000,-0.548,-1,200.000,-1,-1,-1,225.000,375.000,475.000,175.000,-1,-1,0.000,-1,325.000,-1,450.000,-1,2,1,2,2,2,1,1,0,1,2,2,0,2,0,2,0,2
52,-1470.203,-1739.304,139.600,-6.244,0.989490,0.107763,0.096423,-0.093112,0.984994,-0.145318,-0.110636,0.134813,0.984675,0,1.00000,-0.28495,60.000,-0.570,-1,200.000,-1,875.000,-1,225.000,350.000,525.000,200.000,-1,-1,0.000,1000.000,275.000,-1,300.000,-1,2,1,2,1,2,1,1,1,1,2,2,0,0,1,2,0,2
53,983.957,7543.261,-21.563,-54.772,0.574103,0.812688,-0.099723,-0.818244,0.573874,-0.033848,0.029721,0.101030,0.994439,1,0.00000,0.00000,60.000,-0.594,300.000,300.000,-1,400.000,-1,275.000,300.000,350.000,225.000,575.000,300.000,100.000,425.000,475.000,-1,350.000,-1,1,1,2,1,2,1,1,1,0,1,0,0,0,1,2,1,2
54,986.744,7539.353,-21.576,-54.532,0.577456,0.810177,-0.100784,-0.815866,0.577202,-0.034635,0.030113,0.102226,0.994305,0,0.08000,0.12000,4.800,0.240,300.000,300.000,-1,400.000,-1,275.000,300.000,350.000,225.000,575.000,300.000,100.000,425.000,475.000,-1,350.000,-1,1,1,2,1,2,1,1,1,0,1,0,0,0,1,2,1,2
55,992.382,7531.583,-21.535,-54.052,0.584117,0.805129,-0.102833,-0.811075,0.583836,-0.035966,0.031080,0.104414,0.994048,0,0.16000,0.24000,9.600,0.480,300.000,300.000,-1,375.000,-1,275.000,300.000,350.000,225.000,575.000,300.000,100.000,400.000,475.000,-1,350.000,-1,1,1,2,1,2,1,1,1,0,1,0,0,0,1,2,1,2
56,3607.638,4263.525,-22.450,-156.439,-0.916616,0.398879,0.026654,-0.395644,-0.914693,0.082474,0.057278,0.065051,0.996237,1,0.00000,0.00000,14.400,0.720,-1,400.000,-1,400.000,-1,325.000,325.000,300.000,300.000,500.000,375.000,450.000,-1,775.000,750.000,-1,-1,2,0,2,0,2,0,0,0,0,1,1,1,2,0,0,2,2
57,3603.246,4261.588,-22.170,-156.199,-0.914937,0.402715,0.026654,-0.399475,-0.913031,0.082423,0.057529,0.064765,0.996241,0,0.08000,0.12000,4.800,0.240,-1,400.000,-1,400.000,-1,325.000,325.000,300.000,300.000,500.000,400.000,450.000,-1,800.000,750.000,-1,-1,2,0,2,0,2,0,0,0,0,1,1,1,2,0,0,2,2
58,3594.495,4257.641,-21.604,-155.719,-0.911532,0.410365,0.026653,-0.407115,-0.909659,0.082323,0.058027,0.064189,0.996249,0,0.16000,0.24000,9.600,0.480,-1,400.000,-1,400.000,-1,325.000,325.000,300.000,300.000,525.000,400.000,475.000,-1,800.000,750.000,-1,-1,2,0,2,0,2,0,0,0,0,1,1,1,2,0,0,2,2
59,3581.444,4251.556,-20.745,-154.999,-0.906303,0.421787,0.026652,-0.418523,-0.904481,0.082173,0.058765,0.063319,0.996262,0,0.24000,0.36000,14.400,0.720,-1,400.000,-1,400.000,-1,325.000,325.000,300.000,300.000,525.000,425.000,475.000,-1,800.000,750.000,-1,-1,2,0,2,0,2,0,0,0,0,1,1,1,2,0,0,2,2
60,3564.182,4243.152,-19.580,-154.039,-0.899108,0.436914,0.026651,-0.433631,-0.897354,0.081977,0.059732,0.062149,0.996278,0,0.32000,0.48000,19.200,0.960,-1,400.000,-1,400.000,-1,325.000,325.000,300.000,300.000,525.000,450.000,500.000,-1,800.000,750.000,-1,-1,2,0,2,0,2,0,0,0,0,1,1,1,2,0,0,2,2
61,3542.828,4232.197,-18.097,-152.839,-0.889759,0.455652,0.026653,-0.452348,-0.888088,0.081736,0.060913,0.060669,0.996298,0,0.40000,0.60000,24.000,1.200,-1,400.000,-1,400.000,-1,325.000,325.000,300.000,300.000,550.000,475.000,550.000,-1,800.000,750.000,-1,-1,2,0,2,0,2,0,0,0,0,1,1,1,2,0,0,2,2
62,3517.533,4218.429,-16.280,-151.439,-0.878355,0.477265,0.026657,-0.473938,-0.876782,0.081458,0.062250,0.058915,0.996320,0,0.48000,0.70001,28.800,1.400,-1,400.000,-1,400.000,-1,325.000,325.000,300.000,300.000,575.000,525.000,575.000,-1,800.000,750.000,-1,-1,2,0,2,0,2,0,0,0,0,1,1,1,2,0,0,2,2
63,3488.417,4201.661,-14.126,-150.061,-0.866615,0.498267,0.026633,-0.494923,-0.865138,0.081162,0.063481,0.057155,0.996345,0,0.56000,0.68912,33.600,1.378,-1,400.000,-1,400.000,-1,325.000,325.000,300.000,300.000,600.000,550.000,625.000,-1,800.000,750.000,-1,-1,2,0,2,0,2,0,0,0,0,1,1,1,2,0,0,2,2
64,3456.340,4182.166,-11.691,-148.708,-0.854600,0.518607,0.026560,-0.515253,-0.853215,0.080867,0.064599,0.055424,0.996371,0,0.62562,0.67651,37.537,1.353,-1,400.000,-1,400.000,-1,325.000,325.000,300.000,300.000,625.000,600.000,700.000,-1,825.000,750.000,-1,-1,2,0,2,0,2,0,0,0,0,1,1,1,2,0,0,2,2
65,3423.799,4161.497,-9.161,-147.576,-0.844184,0.535399,0.026481,-0.532041,-0.842875,0.080580,0.065463,0.053935,0.996396,0,0.64251,0.56580,38.550,1.132,-1,400.000,-1,400.000,-1,325.000,325.000,300.000,300.000,650.000,650.000,750.000,-1,825.000,750.000,-1,-1,2,0,2,0,2,0,0,0,0,1,1,1,2,0,0,2,2
66,3391.175,4139.882,-6.564,-146.473,-0.833712,0.551568,0.026397,-0.548209,-0.832479,0.080287,0.066259,0.052465,0.996422,0,0.65225,0.55148,39.135,1.103,-1,400.000,-1,400.000,-1,325.000,325.000,300.000,300.000,675.000,700.000,800.000,-1,825.000,750.000,-1,-1,2,0,2,0,2,0,0,0,0,1,1,1,2,0,0,2,2
67,3358.480,4117.328,-3.902,-145.399,-0.823217,0.567117,0.026310,-0.563761,-0.822056,0.079987,0.066990,0.051014,0.996449,0,0.66199,0.53699,39.719,1.074,-1,400.000,-1,400.000,-1,325.000,325.000,300.000,300.000,725.000,750.000,850.000,-1,825.000,750.000,-1,-1,2,0,2,0,2,0,0,0,0,1,1,1,2,0,0,2,2
68,3325.728,4093.842,-1.118,-144.354,-0.812715,0.582059,0.026485,-0.578699,-0.811647,0.079605,0.067831,0.049369,0.996475,0,0.67172,0.52234,40.303,1.045,-1,400.000,-1,400.000,-1,325.000,325.000,300.000,300.000,750.000,800.000,900.000,-1,825.000,750.000,-1,-1,2,0,2,0,2,0,0,0,0,1,1,1,2,0,0,2,2
69,3292.929,4069.431,1.730,-143.339,-0.802249,0.596393,0.026678,-0.593033,-0.801272,0.079219,0.068622,0.047733,0.996500,0,0.68144,0.50752,40.887,1.015,-1,400.000,-1,400.000,-1,325.000,325.000,300.000,300.000,775.000,875.000,975.000,-1,850.000,750.000,-1,-1,2,0,2,0,2,0,0,0,0,1,1,1,2,0,0,2,2
70,3260.092,4044.103,4.642,-142.354,-0.791847,0.610127,0.026890,-0.606767,-0.790961,0.078831,0.069365,0.046106,0.996525,0,0.69118,0.49254,41.471,0.985,-1,400.000,-1,400.000,-1,325.000,325.000,300.000,300.000,800.000,925.000,-1,-1,850.000,750.000,-1,-1,2,0,2,0,2,0,0,0,0,1,1,2,2,0,0,2,2
71,3227.224,4017.866,7.596,-141.400,-0.781536,0.623270,0.027121,-0.619921,-0.780745,0.078333,0.069998,0.044407,0.996558,0,0.70093,0.47737,42.056,0.955,-1,400.000,-1,400.000,-1,325.000,325.000,300.000,300.000,850.000,975.000,-1,-1,850.000,750.000,-1,-1,2,0,2,0,2,0,0,0,0,1,1,2,2,0,0,2,2
72,3194.331,3990.729,10.465,-140.476,-0.771332,0.635843,0.027393,-0.632558,-0.770668,0.077082,0.070123,0.042128,0.996648,0,0.71071,0.46203,42.642,0.924,-1,400.000,-1,400.000,-1,325.000,325.000,300.000,300.000,875.000,-1,-1,-1,850.000,750.000,-1,-1,2,0,2,0,2,0,0,0,0,1,2,2,2,0,0,2,2
73,3161.417,3962.701,13.418,-139.582,-0.761282,0.647835,0.027568,-0.644621,-0.760732,0.075833,0.070099,0.039959,0.996739,0,0.72052,0.44651,43.231,0.893,-1,400.000,-1,375.000,-1,325.000,325.000,300.000,300.000,925.000,-1,-1,-1,850.000,750.000,-1,-1,2,0,2,0,2,0,0,0,0,1,2,2,2,0,0,2,2
74,3128.484,3933.792,16.432,-138.721,-0.751406,0.659256,0.027756,-0.656117,-0.750967,0.074561,0.069999,0.037814,0.996830,0,0.73037,0.43080,43.822,0.862,-1,400.000,-1,375.000,-1,325.000,325.000,300.000,300.000,950.000,-1,-1,-1,850.000,750.000,-1,-1,2,0,2,0,2,0,0,0,0,1,2,2,2,0,0,2,2
75,3095.532,3904.010,19.498,-137.891,-0.741729,0.670115,0.027986,-0.667053,-0.741399,0.073260,0.069841,0.035671,0.996920,0,0.74028,0.41490,44.417,0.830,-1,400.000,-1,375.000,-1,325.000,325.000,300.000,300.000,975.000,-1,-1,-1,850.000,775.000,-1,-1,2,0,2,0,2,0,0,0,0,1,2,2,2,0,0,2,2
76,3062.559,3873.364,22.618,-137.093,-0.732276,0.680421,0.028256,-0.677439,-0.732054,0.071929,0.069627,0.033530,0.997009,0,0.75025,0.39880,45.015,0.798,-1,400.000,-1,375.000,-1,325.000,325.000,300.000,300.000,-1,-1,-1,-1,875.000,775.000,-1,-1,2,0,2,0,2,0,0,0,0,2,2,2,2,0,0,2,2
77,3029.562,3841.865,25.774,-136.329,-0.723073,0.690181,0.028562,-0.687277,-0.722953,0.070634,0.069399,0.031444,0.997093,0,0.76031,0.38250,45.618,0.765,-1,400.000,-1,400.000,-1,325.000,325.000,300.000,300.000,-1,-1,-1,-1,875.000,775.000,-1,-1,2,0,2,0,2,0,0,0,0,2,2,2,2,0,0,2,2
78,2996.536,3809.520,28.973,-135.597,-0.714141,0.699404,0.028905,-0.696579,-0.714122,0.069344,0.069141,0.029387,0.997174,0,0.77045,0.36599,46.227,0.732,-1,400.000,-1,400.000,-1,325.000,325.000,300.000,300.000,-1,-1,-1,-1,875.000,775.000,-1,-1,2,0,2,0,2,0,0,0,0,2,2,2,2,0,0,2,2
79,2963.472,3776.340,32.281,-134.898,-0.705512,0.708094,0.029247,-0.705327,-0.705578,0.068369,0.069048,0.027606,0.997231,0,0.78070,0.34926,46.842,0.699,-1,400.000,-1,400.000,-1,325.000,325.000,300.000,300.000,-1,-1,-1,-1,900.000,800.000,-1,-1,2,0,2,0,2,0,0,0,0,2,2,2,2,0,0,2,2
80,2930.362,3742.333,35.638,-134.233,-0.697200,0.716265,0.029615,-0.713555,-0.697349,0.067405,0.068932,0.025863,0.997286,0,0.79106,0.33231,47.464,0.665,-1,400.000,-1,400.000,-1,325.000,325.000,300.000,300.000,-1,-1,-1,-1,900.000,800.000,-1,-1,2,0,2,0,2,0,0,0,0,2,2,2,2,0,0,2,2
81,2897.193,3707.508,39.060,-133.603,-0.689226,0.723924,0.030025,-0.721280,-0.689459,0.066341,0.068726,0.024067,0.997345,0,0.80155,0.31513,48.093,0.630,-1,400.000,-1,400.000,-1,325.000,325.000,300.000,300.000,-1,-1,-1,-1,925.000,800.000,-1,-1,2,0,2,0,2,0,0,0,0,2,2,2,2,0,0,2,2
82,2863.953,3671.873,42.529,-133.008,-0.681619,0.731080,0.030286,-0.728521,-0.681928,0.065055,0.068214,0.022279,0.997422,0,0.81219,0.29771,48.732,0.595,-1,400.000,-1,400.000,-1,325.000,325.000,300.000,300.000,-1,-1,-1,-1,925.000,825.000,-1,-1,2,0,2,0,2,0,0,0,0,2,2,2,2,0,0,2,2
83,2830.626,3635.436,45.802,-132.448,-0.674459,0.737725,0.029428,-0.735272,-0.674762,0.063816,0.066936,0.021404,0.997528,0,0.82299,0.28004,49.380,0.560,-1,400.000,-1,400.000,-1,325.000,325.000,300.000,300.000,-1,-1,-1,-1,925.000,800.000,-1,-1,2,0,2,0,2,0,0,0,0,2,2,2,2,0,0,2,2
84,2797.193,3598.206,49.113,-131.923,-0.667701,0.743881,0.028567,-0.741534,-0.667995,0.062526,0.065594,0.020565,0.997634,0,0.83397,0.26211,50.038,0.524,-1,400.000,-1,400.000,-1,325.000,325.000,300.000,300.000,-1,-1,-1,-1,925.000,800.000,-1,-1,2,0,2,0,2,0,0,0,0,2,2,2,2,0,0,2,2
85,2763.899,3560.461,52.437,-131.415,-0.661095,0.749791,0.027711,-0.747550,-0.661381,0.061192,0.064209,0.019738,0.997741,0,0.83885,0.25416,50.331,0.508,-1,400.000,-1,400.000,-1,325.000,325.000,300.000,300.000,-1,-1,-1,-1,950.000,800.000,-1,-1,2,0,2,0,2,0,0,0,0,2,2,2,2,0,0,2,2
86,2729.477,3521.069,55.755,-131.147,-0.657564,0.752896,0.027528,-0.750752,-0.657876,0.059755,0.063099,0.018626,0.997833,0,0.87188,0.13416,52.313,0.268,-1,425.000,-1,400.000,-1,325.000,325.000,300.000,300.000,-1,-1,-1,-1,950.000,800.000,-1,-1,2,0,2,0,2,0,0,0,0,2,2,2,2,0,0,2,2
87,2695.075,3481.660,58.974,-131.118,-0.657160,0.753237,0.027825,-0.751180,-0.657519,0.058289,0.062201,0.017403,0.997912,0,0.87188,0.01416,52.313,0.028,-1,425.000,-1,400.000,-1,325.000,325.000,300.000,300.000,-1,-1,-1,-1,950.000,825.000,-1,-1,2,0,2,0,2,0,0,0,0,2,2,2,2,0,0,2,2
88,2660.528,3442.377,62.120,-131.330,-0.659924,0.750813,0.027914,-0.748844,-0.660306,0.056824,0.061096,0.016596,0.997994,0,0.87188,-0.10584,52.313,-0.212,-1,425.000,-1,400.000,-1,325.000,325.000,300.000,300.000,-1,-1,-1,-1,950.000,825.000,-1,-1,2,0,2,0,2,0,0,0,0,2,2,2,2,0,0,2,2
89,2625.684,3403.358,65.238,-131.765,-0.665590,0.745792,0.028008,-0.743907,-0.665986,0.055350,0.059933,0.016005,0.998074,0,0.87188,-0.21723,52.313,-0.434,-1,425.000,-1,400.000,-1,325.000,325.000,300.000,300.000,-1,-1,-1,-1,975.000,850.000,-1,-1,2,0,2,0,2,0,0,0,0,2,2,2,2,0,0,2,2
90,2590.544,3364.604,68.259,-132.199,-0.671212,0.740731,0.028143,-0.738951,-0.671632,0.053503,0.058533,0.015115,0.998171,0,0.87188,-0.21723,52.313,-0.434,-1,425.000,-1,400.000,-1,325.000,325.000,300.000,300.000,-1,-1,-1,-1,975.000,850.000,-1,-1,2,0,2,0,2,0,0,0,0,2,2,2,2,0,0,2,2
91,2555.112,3326.119,71.033,-132.634,-0.676780,0.735636,0.028432,-0.734021,-0.677246,0.050502,0.056407,0.013309,0.998319,0,0.87188,-0.21723,52.313,-0.434,-1,425.000,-1,400.000,-1,325.000,325.000,300.000,300.000,-1,-1,-1,-1,975.000,875.000,-1,-1,2,0,2,0,2,0,0,0,0,2,2,2,2,0,0,2,2
92,2519.390,3287.902,73.818,-133.068,-0.682325,0.730495,0.028473,-0.729042,-0.682819,0.047491,0.054133,0.011647,0.998466,0,0.87188,-0.21723,52.313,-0.434,-1,425.000,-1,400.000,-1,325.000,325.000,300.000,300.000,-1,-1,-1,-1,950.000,875.000,-1,-1,2,0,2,0,2,0,0,0,0,2,2,2,2,0,0,2,2
93,2483.378,3249.958,76.619,-133.502,-0.687846,0.725308,0.028229,-0.724014,-0.688350,0.044477,0.051691,0.010155,0.998611,0,0.87188,-0.21723,52.313,-0.434,-1,425.000,-1,400.000,-1,325.000,325.000,300.000,300.000,-1,-1,-1,-1,950.000,875.000,-1,-1,2,0,2,0,2,0,0,0,0,2,2,2,2,0,0,2,2
94,2447.031,3212.242,79.396,-133.941,-0.693380,0.720030,0.027937,-0.718889,-0.693889,0.041442,0.049225,0.008651,0.998750,0,0.87299,-0.21918,52.380,-0.438,-1,425.000,-1,400.000,-1,325.000,325.000,300.000,300.000,-1,-1,-1,-1,950.000,875.000,-1,-1,2,0,2,0,2,0,0,0,0,2,2,2,2,0,0,2,2
95,2410.304,3174.721,81.914,-134.387,-0.698983,0.714611,0.027459,-0.713564,-0.699477,0.039483,0.047422,0.008005,0.998843,0,0.87508,-0.22303,52.505,-0.446,-1,425.000,-1,400.000,-1,325.000,325.000,300.000,300.000,-1,-1,-1,-1,950.000,900.000,-1,-1,2,0,2,0,2,0,0,0,0,2,2,2,2,0,0,2,2
96,2373.197,3137.407,84.370,-134.841,-0.704643,0.709051,0.026925,-0.708088,-0.705118,0.037685,0.045706,0.007489,0.998927,0,0.87706,-0.22691,52.624,-0.454,-1,425.000,-1,400.000,-1,325.000,325.000,300.000,300.000,-1,-1,-1,-1,950.000,900.000,-1,-1,2,0,2,0,2,0,0,0,0,2,2,2,2,0,0,2,2
97,2335.711,3100.315,86.798,-135.302,-0.710356,0.703349,0.026359,-0.702468,-0.710811,0.035871,0.043966,0.006965,0.999009,0,0.87892,-0.23083,52.735,-0.462,-1,425.000,-1,400.000,-1,325.000,325.000,300.000,300.000,-1,-1,-1,-1,950.000,900.000,-1,-1,2,0,2,0,2,0,0,0,0,2,2,2,2,0,0,2,2
98,2297.849,3063.460,89.133,-135.772,-0.716117,0.697503,0.025792,-0.696716,-0.716555,0.033712,0.041996,0.006172,0.999099,0,0.88065,-0.23478,52.839,-0.470,-1,425.000,-1,400.000,-1,325.000,325.000,300.000,300.000,-1,-1,-1,-1,925.000,900.000,-1,-1,2,0,2,0,2,0,0,0,0,2,2,2,2,0,0,2,2
99,2259.611,3026.855,91.441,-136.249,-0.721927,0.691510,0.025184,-0.690811,-0.722347,0.031547,0.040007,0.005377,0.999185,0,0.88225,-0.23877,52.935,-0.478,-1,425.000,-1,400.000,-1,325.000,325.000,300.000,300.000,-1,-1,-1,-1,925.000,925.000,-1,-1,2,0,2,0,2,0,0,0,0,2,2,2,2,0,0,2,2
100,2218.433,2987.761,93.775,-136.487,-0.724823,0.688512,0.024143,-0.687901,-0.725210,0.029374,0.037734,0.004683,0.999277,0,0.94634,-0.11877,56.780,-0.238,-1,425.000,-1,400.000,-1,325.000,325.000,300.000,300.000,-1,-1,-1,-1,925.000,925.000,-1,-1,2,0,2,0,2,0,0,0,0,2,2,2,2,0,0,2,2
101,2177.201,2948.612,95.781,-136.484,-0.724864,0.688543,0.021924,-0.688009,-0.725179,0.027554,0.034871,0.004890,0.999380,0,0.94762,0.00123,56.857,0.002,-1,425.000,-1,400.000,-1,325.000,325.000,300.000,300.000,-1,-1,-1,-1,925.000,900.000,-1,-1,2,0,2,0,2,0,0,0,0,2,2,2,2,0,0,2,2
102,2136.094,2909.250,97.617,-136.242,-0.721989,0.691607,0.020314,-0.691146,-0.722260,0.025643,0.032407,0.004474,0.999465,0,0.94856,0.12123,56.914,0.242,-1,425.000,-1,425.000,-1,325.000,325.000,300.000,300.000,-1,-1,-1,-1,925.000,900.000,-1,-1,2,0,2,0,2,0,0,0,0,2,2,2,2,0,0,2,2
103,2095.142,2869.681,99.252,-135.985,-0.718892,0.694847,0.019545,-0.694454,-0.719150,0.023601,0.030455,0.003393,0.999530,0,0.94909,0.12868,56.946,0.257,-1,425.000,-1,425.000,-1,325.000,325.000,300.000,300.000,-1,-1,-1,-1,900.000,900.000,-1,-1,2,0,2,0,2,0,0,0,0,2,2,2,2,0,0,2,2
104,2054.351,2829.926,100.847,-135.737,-0.715894,0.697955,0.018794,-0.697627,-0.716137,0.021542,0.028495,0.002311,0.999591,0,0.94931,0.12401,56.959,0.248,-1,425.000,-1,425.000,-1,325.000,325.000,300.000,300.000,-1,-1,-1,-1,900.000,900.000,-1,-1,2,0,2,0,2,0,0,0,0,2,2,2,2,0,0,2,2
105,2013.730,2790.005,102.213,-135.498,-0.713019,0.700934,0.017160,-0.700664,-0.713223,0.019578,0.025961,0.001936,0.999661,0,0.94925,0.11939,56.955,0.239,-1,425.000,-1,425.000,-1,325.000,325.000,300.000,300.000,-1,-1,-1,-1,900.000,900.000,-1,-1,2,0,2,0,2,0,0,0,0,2,2,2,2,0,0,2,2
106,1973.284,2749.935,103.475,-135.268,-0.710240,0.703795,0.015240,-0.703576,-0.710401,0.017628,0.023233,0.001798,0.999728,0,0.94890,0.11512,56.934,0.230,-1,400.000,-1,425.000,-1,325.000,325.000,300.000,300.000,-1,-1,-1,-1,900.000,900.000,-1,-1,2,0,2,0,2,0,0,0,0,2,2,2,2,0,0,2,2
107,1933.021,2709.733,104.680,-135.043,-0.707515,0.706572,0.013378,-0.706403,-0.707640,0.015539,0.020446,0.001544,0.999790,0,0.94828,0.11219,56.897,0.224,-1,400.000,-1,425.000,-1,325.000,325.000,300.000,300.000,-1,-1,-1,-1,875.000,875.000,-1,-1,2,0,2,0,2,0,0,0,0,2,2,2,2,0,0,2,2
108,1892.949,2669.415,105.744,-134.824,-0.704838,0.709273,0.011627,-0.709157,-0.704933,0.012868,0.017323,0.000824,0.999850,0,0.94742,0.10955,56.845,0.219,-1,400.000,-1,425.000,-1,325.000,325.000,300.000,300.000,-1,-1,-1,-1,875.000,875.000,-1,-1,2,0,2,0,2,0,0,0,0,2,2,2,2,0,0,2,2
109,1853.074,2628.993,106.736,-134.610,-0.702201,0.711907,0.010142,-0.711834,-0.702274,0.010174,0.014365,-0.000075,0.999897,0,0.94633,0.10721,56.780,0.214,-1,400.000,-1,400.000,-1,325.000,325.000,300.000,300.000,-1,-1,-1,-1,850.000,875.000,-1,-1,2,0,2,0,2,0,0,0,0,2,2,2,2,0,0,2,2
110,1813.403,2588.481,107.673,-134.399,-0.699600,0.714480,0.008822,-0.714442,-0.699655,0.007471,0.011511,-0.001076,0.999933,0,0.94503,0.10518,56.702,0.210,-1,400.000,-1,400.000,-1,325.000,325.000,300.000,300.000,-1,-1,-1,-1,850.000,850.000,-1,-1,2,0,2,0,2,0,0,0,0,2,2,2,2,0,0,2,2
111,1773.998,2548.282,108.545,-134.429,-0.699986,0.714117,0.007513,-0.714102,-0.700024,0.004965,0.008805,-0.001889,0.999959,0,0.93819,-0.01482,56.291,-0.030,-1,400.000,-1,400.000,-1,325.000,325.000,300.000,300.000,-1,-1,-1,-1,825.000,850.000,-1,-1,2,0,2,0,2,0,0,0,0,2,2,2,2,0,0,2,2
112,1734.463,2508.330,109.059,-134.699,-0.703353,0.710816,0.006013,-0.710805,-0.703377,0.004050,0.007109,-0.001425,0.999974,0,0.93678,-0.13482,56.207,-0.270,-1,400.000,-1,400.000,-1,325.000,325.000,300.000,300.000,-1,-1,-1,-1,825.000,850.000,-1,-1,2,0,2,0,2,0,0,0,0,2,2,2,2,0,0,2,2
113,1694.742,2468.672,109.542,-135.046,-0.707660,0.706539,0.004519,-0.706532,-0.707674,0.003185,0.005449,-0.000939,0.999985,0,0.93549,-0.17367,56.129,-0.347,-1,400.000,-1,400.000,-1,325.000,325.000,300.000,300.000,-1,-1,-1,-1,825.000,850.000,-1,-1,2,0,2,0,2,0,0,0,0,2,2,2,2,0,0,2,2
114,1654.835,2429.312,109.873,-135.395,-0.711961,0.702212,0.003104,-0.702210,-0.711968,0.001716,0.003415,-0.000958,0.999994,0,0.93420,-0.17464,56.052,-0.349,-1,400.000,-1,400.000,-1,325.000,325.000,300.000,300.000,-1,-1,-1,-1,800.000,825.000,-1,-1,2,0,2,0,2,0,0,0,0,2,2,2,2,0,0,2,2
115,1614.746,2390.254,110.108,-135.746,-0.716252,0.697840,0.001729,-0.697841,-0.716253,-0.000066,0.001192,-0.001254,0.999999,0,0.93284,-0.17538,55.970,-0.351,-1,400.000,-1,400.000,-1,325.000,325.000,300.000,300.000,-1,-1,-1,-1,800.000,825.000,-1,-1,2,0,2,0,2,0,0,0,0,2,2,2,2,0,0,2,2
116,1574.478,2351.500,110.290,-136.098,-0.720525,0.693429,0.000339,-0.693428,-0.720524,-0.001637,-0.000891,-0.001414,0.999999,0,0.93144,-0.17589,55.886,-0.352,-1,400.000,-1,400.000,-1,325.000,325.000,300.000,300.000,-1,-1,-1,-1,775.000,800.000,-1,-1,2,0,2,0,2,0,0,0,0,2,2,2,2,0,0,2,2
117,1534.035,2313.054,110.177,-136.450,-0.724774,0.688985,-0.001404,-0.688982,-0.724775,-0.002093,-0.002460,-0.000549,0.999997,0,0.93001,-0.17617,55.801,-0.352,-1,400.000,-1,400.000,-1,325.000,325.000,300.000,300.000,-1,-1,-1,-1,775.000,800.000,-1,-1,2,0,2,0,2,0,0,0,0,2,2,2,2,0,0,2,2
118,1493.419,2274.917,110.038,-136.803,-0.728993,0.684514,-0.003162,-0.684510,-0.729000,-0.002488,-0.004008,0.000351,0.999992,0,0.92858,-0.17622,55.715,-0.352,-1,400.000,-1,400.000,-1,325.000,325.000,300.000,300.000,-1,-1,-1,-1,-1,800.000,-1,-1,2,0,2,0,2,0,0,0,0,2,2,2,2,2,0,2,2
119,1449.997,2234.433,109.740,-137.006,-0.731410,0.681924,-0.004288,-0.681918,-0.731422,-0.002945,-0.005145,0.000770,0.999986,0,0.98944,-0.10159,59.367,-0.203,-1,400.000,-1,400.000,-1,325.000,325.000,300.000,300.000,-1,-1,-1,-1,-1,775.000,-1,-1,2,0,2,0,2,0,0,0,0,2,2,2,2,2,0,2,2
120,1406.094,2193.789,109.429,-137.207,-0.733791,0.679354,-0.005370,-0.679347,-0.733810,-0.003365,-0.006227,0.001179,0.999980,0,0.99714,-0.10049,59.829,-0.201,-1,400.000,-1,400.000,-1,325.000,325.000,300.000,300.000,-1,-1,-1,-1,-1,775.000,-1,-1,2,0,2,0,2,0,0,0,0,2,2,2,2,2,0,2,2
121,1361.925,2153.180,109.099,-137.405,-0.736132,0.676807,-0.006477,-0.676799,-0.736158,-0.003733,-0.007294,0.001635,0.999972,0,1.00000,-0.09926,60.000,-0.199,-1,400.000,-1,400.000,-1,325.000,325.000,300.000,300.000,-1,-1,-1,-1,-1,775.000,-1,-1,2,0,2,0,2,0,0,0,0,2,2,2,2,2,0,2,2
122,1317.617,2112.723,108.755,-137.601,-0.738430,0.674287,-0.007578,-0.674278,-0.738466,-0.004053,-0.008329,0.002117,0.999963,0,1.00000,-0.09789,60.000,-0.196,-1,400.000,-1,400.000,-1,325.000,325.000,300.000,300.000,-1,-1,-1,-1,-1,775.000,-1,-1,2,1,2,0,2,1,0,0,0,2,2,2,2,2,0,2,2
123,1273.173,2072.415,108.406,-137.794,-0.740683,0.671799,-0.008639,-0.671790,-0.740729,-0.004330,-0.009308,0.002597,0.999953,0,1.00000,-0.09636,60.000,-0.193,-1,450.000,-1,400.000,-1,325.000,325.000,300.000,300.000,-1,-1,-1,-1,-1,-1,-1,-1,2,1,2,0,2,1,0,0,0,2,2,2,2,2,2,2,2
124,1230.646,2034.426,108.097,-138.226,-0.745725,0.666184,-0.009615,-0.666177,-0.745780,-0.004406,-0.010106,0.003120,0.999944,0,0.95039,-0.21636,57.024,-0.433,-1,-1,-1,400.000,-1,350.000,325.000,300.000,300.000,-1,-1,-1,-1,-1,-1,-1,-1,2,2,2,0,2,1,0,0,0,2,2,2,2,2,2,2,2
125,1187.404,1996.593,107.649,-138.817,-0.752546,0.658467,-0.009769,-0.658459,-0.752603,-0.004440,-0.010275,0.003091,0.999942,0,0.95760,-0.29510,57.456,-0.590,-1,-1,-1,400.000,-1,475.000,325.000,300.000,300.000,-1,-1,-1,-1,-1,-1,-1,-1,2,2,2,0,2,1,0,0,0,2,2,2,2,2,2,2,2
126,1143.454,1958.925,107.164,-139.401,-0.759224,0.650757,-0.009698,-0.650748,-0.759281,-0.004415,-0.010236,0.002959,0.999943,0,0.96473,-0.29221,57.884,-0.584,-1,-1,-1,400.000,-1,-1,350.000,300.000,300.000,-1,-1,-1,-1,-1,-1,-1,-1,2,2,2,0,2,2,1,0,0,2,2,2,2,2,2,2,2
127,1098.800,1921.428,106.688,-139.979,-0.765751,0.643065,-0.009625,-0.643058,-0.765806,-0.004292,-0.010131,0.002903,0.999944,0,0.97182,-0.28895,58.309,-0.578,-1,-1,-1,400.000,-1,-1,-1,300.000,300.000,-1,-1,-1,-1,-1,-1,-1,-1,2,2,2,0,2,2,2,0,0,2,2,2,2,2,2,2,2
128,1053.450,1884.110,105.720,-140.550,-0.772116,0.635410,-0.009515,-0.635379,-0.772174,-0.006319,-0.011362,0.001167,0.999935,0,0.97883,-0.28528,58.730,-0.571,-1,-1,-1,550.000,-1,-1,-1,300.000,300.000,-1,-1,-1,-1,-1,-1,-1,-1,2,2,2,1,2,2,2,0,0,2,2,2,2,2,2,2,2
129,1007.414,1846.978,102.245,-141.112,-0.778345,0.627766,-0.009376,-0.627499,-0.778330,-0.021172,-0.020588,-0.010596,0.999732,0,0.98574,-0.28115,59.145,-0.562,-1,-1,-1,650.000,-1,-1,-1,275.000,325.000,-1,-1,-1,-1,-1,-1,-1,-1,2,2,2,1,2,2,2,0,0,2,2,2,2,2,2,2,2
130,960.705,1810.036,97.757,-141.665,-0.784511,0.620041,-0.009539,-0.619228,-0.784120,-0.041382,-0.033139,-0.026558,0.999098,0,0.99251,-0.27650,59.551,-0.553,-1,-1,-1,750.000,-1,-1,-1,250.000,325.000,-1,-1,-1,-1,-1,-1,-1,-1,2,2,2,1,2,2,2,0,0,2,2,2,2,2,2,2,2
131,913.340,1773.290,92.249,-142.207,-0.790689,0.612134,-0.010138,-0.610254,-0.789369,-0.066979,-0.049003,-0.046773,0.997703,0,0.99910,-0.27126,59.946,-0.543,-1,-1,-1,800.000,-1,-1,-1,200.000,350.000,-1,-1,-1,-1,-1,-1,-1,-1,2,2,2,1,2,2,2,0,0,2,2,2,2,2,2,2,2
132,865.600,1736.941,85.750,-142.738,-0.796961,0.603925,-0.011280,-0.600190,-0.793858,-0.097779,-0.068006,-0.071156,0.995144,0,1.00000,-0.26533,60.000,-0.531,-1,-1,-1,800.000,-1,-1,-1,150.000,375.000,-1,-1,-1,-1,-1,-1,-1,-1,2,2,2,1,2,2,2,0,0,2,2,2,2,2,2,2,2
133,8199.150,6231.352,-187.163,179.588,-0.998811,-0.007195,-0.048225,0.008080,-0.999802,-0.018181,-0.048085,-0.018549,0.998671,1,0.00000,0.00000,60.000,-0.517,-1,400.000,-1,475.000,-1,350.000,375.000,200.000,350.000,-1,0.000,0.000,850.000,775.000,-1,-1,-1,2,0,2,0,2,0,0,0,0,2,1,0,1,0,2,2,2
134,8203.950,6231.320,-186.925,179.622,-0.998846,-0.006588,-0.047570,0.007499,-0.999791,-0.018996,-0.047435,-0.019331,0.998687,0,-0.08000,0.01739,-4.800,0.035,-1,400.000,-1,475.000,-1,350.000,375.000,200.000,350.000,-1,0.000,0.000,850.000,775.000,-1,-1,-1,2,0,2,0,2,0,0,0,0,2,1,0,1,0,2,2,2
135,8213.550,6231.262,-186.451,179.658,-0.998911,-0.005962,-0.046284,0.006924,-0.999763,-0.020660,-0.046149,-0.020958,0.998715,0,-0.16000,0.01794,-9.600,0.036,-1,400.000,-1,475.000,-1,350.000,375.000,200.000,375.000,-1,0.000,0.000,825.000,800.000,-1,-1,-1,2,0,2,0,2,0,0,0,0,2,1,0,1,0,2,2,2
136,8227.950,6231.185,-185.742,179.696,-0.999001,-0.005297,-0.044366,0.006330,-0.999712,-0.023169,-0.044230,-0.023427,0.998747,0,-0.24000,0.01904,-14.400,0.038,-1,400.000,-1,475.000,-1,350.000,375.000,175.000,375.000,-1,0.000,0.000,825.000,800.000,-1,-1,-1,2,0,2,0,2,0,0,0,0,2,1,0,1,0,2,2,2
137,8247.150,6231.096,-184.796,179.738,-0.999115,-0.004575,-0.041815,0.005688,-0.999632,-0.026520,-0.041678,-0.026735,0.998773,0,-0.32000,0.02067,-19.200,0.041,-1,400.000,-1,500.000,-1,350.000,375.000,175.000,375.000,-1,0.000,0.000,800.000,800.000,-1,-1,-1,2,0,2,0,2,0,0,1,0,2,1,0,1,0,2,2,2
