timestep,x_cm,y_cm,z_cm,yaw_deg,basis_xx,basis_xy,basis_xz,basis_yx,basis_yy,basis_yz,basis_zx,basis_zy,basis_zz,teleport_flag,throttle_cmd,steering_cmd,cmd_move_cm,cmd_turn_deg,lidar_cm_0,lidar_cm_1,lidar_cm_2,lidar_cm_3,lidar_cm_4,lidar_cm_5,lidar_cm_6,lidar_cm_7,lidar_cm_8,lidar_cm_9,lidar_cm_10,lidar_cm_11,lidar_cm_12,lidar_cm_13,lidar_cm_14,lidar_cm_15,lidar_cm_16,lidar_class_0,lidar_class_1,lidar_class_2,lidar_class_3,lidar_class_4,lidar_class_5,lidar_class_6,lidar_class_7,lidar_class_8,lidar_class_9,lidar_class_10,lidar_class_11,lidar_class_12,lidar_class_13,lidar_class_14,lidar_class_15,lidar_class_16
0,-15474.166,-3669.853,295.255,86.665,0.059889,-0.997399,-0.040095,0.997344,0.058121,0.043893,-0.041449,-0.042617,0.998231,0,0.08000,-0.03186,4.800,-0.064,-1,300.000,-1,275.000,-1,250.000,225.000,350.000,400.000,-1,150.000,175.000,-1,750.000,400.000,-1,475.000,2,1,2,1,2,1,1,1,0,2,0,0,2,1,1,2,1
1,-15473.597,-3660.270,295.033,86.602,0.060904,-0.997303,-0.040945,0.997390,0.059213,0.041314,-0.038778,-0.043355,0.998307,0,0.16000,-0.03141,9.600,-0.063,-1,300.000,-1,275.000,-1,250.000,225.000,350.000,400.000,1000.000,150.000,175.000,-1,775.000,425.000,-1,475.000,2,1,2,1,2,1,1,1,0,0,0,0,2,1,1,2,1
2,-15472.728,-3645.897,294.703,86.540,0.061861,-0.997190,-0.042245,0.997479,0.060293,0.037432,-0.034780,-0.044454,0.998406,0,0.24000,-0.03109,14.400,-0.062,-1,300.000,-1,275.000,-1,250.000,225.000,350.000,425.000,950.000,125.000,175.000,-1,825.000,425.000,-1,-1,2,1,2,1,2,1,1,1,0,0,0,0,2,1,1,2,2
3,-327.969,-4919.486,142.444,31.444,0.852913,-0.521375,-0.026615,0.521939,0.852684,0.022573,0.010925,-0.033144,0.999391,1,0.00000,0.00000,19.200,-0.062,-1,375.000,-1,375.000,-1,325.000,325.000,300.000,300.000,-1,700.000,750.000,-1,750.000,725.000,-1,-1,2,0,2,0,2,0,0,0,0,2,0,0,2,0,0,2,2
4,-323.863,-4917.000,142.494,31.204,0.855085,-0.517799,-0.026731,0.518368,0.854862,0.022512,0.011195,-0.033106,0.999389,0,0.08000,-0.12000,4.800,-0.240,-1,375.000,-1,375.000,-1,325.000,325.000,300.000,300.000,-1,700.000,750.000,-1,750.000,725.000,-1,-1,2,0,2,0,2,0,0,0,0,2,0,0,2,0,0,2,2
5,-315.611,-4912.095,142.597,30.724,0.859383,-0.510621,-0.026963,0.511197,0.859172,0.022392,0.011732,-0.033027,0.999386,0,0.16000,-0.24000,9.600,-0.480,-1,375.000,-1,375.000,-1,325.000,325.000,300.000,300.000,-1,700.000,750.000,-1,750.000,725.000,-1,-1,2,0,2,0,2,0,0,0,0,2,0,0,2,0,0,2,2
6,-303.140,-4904.894,142.759,30.004,0.865718,-0.499786,-0.027310,0.500375,0.865524,0.022216,0.012534,-0.032898,0.999380,0,0.24000,-0.36000,14.400,-0.720,-1,375.000,-1,375.000,-1,325.000,325.000,300.000,300.000,-1,675.000,725.000,-1,750.000,725.000,-1,-1,2,0,2,0,2,0,0,0,0,2,0,0,2,0,0,2,2
7,-286.355,-4895.573,142.987,29.044,0.873952,-0.485218,-0.027768,0.485821,0.873782,0.021989,0.013593,-0.032707,0.999373,0,0.32000,-0.48000,19.200,-0.960,-1,400.000,-1,375.000,-1,325.000,325.000,300.000,300.000,-1,675.000,725.000,-1,750.000,725.000,-1,-1,2,0,2,0,2,0,0,0,0,2,0,0,2,0,0,2,2
8,-265.133,-4884.364,143.293,27.844,0.883900,-0.466816,-0.028334,0.467438,0.883759,0.021718,0.014902,-0.032441,0.999363,0,0.40000,-0.60000,24.000,-1.200,-1,400.000,-1,375.000,-1,325.000,325.000,300.000,300.000,-1,675.000,700.000,-1,750.000,725.000,-1,-1,2,0,2,0,2,0,0,0,0,2,0,0,2,0,0,2,2
9,-239.337,-4871.557,143.689,26.404,0.895327,-0.444465,-0.029005,0.445106,0.895222,0.021411,0.016449,-0.032080,0.999350,0,0.48000,-0.72000,28.800,-1.440,-1,400.000,-1,375.000,-1,325.000,325.000,300.000,300.000,-1,650.000,700.000,-1,750.000,725.000,-1,-1,2,0,2,0,2,0,0,0,0,2,0,0,2,0,0,2,2
10,-208.866,-4857.398,144.182,24.923,0.906481,-0.421196,-0.029758,0.421858,0.906417,0.021058,0.018104,-0.031642,0.999335,0,0.56000,-0.74014,33.600,-1.480,-1,400.000,-1,375.000,-1,325.000,325.000,300.000,300.000,-1,650.000,675.000,-1,750.000,725.000,-1,-1,2,0,2,0,2,0,0,0,0,2,0,0,2,0,0,2,2
11,-173.637,-4842.116,144.782,23.450,0.916980,-0.397760,-0.030584,0.398441,0.916961,0.020654,0.019829,-0.031126,0.999319,0,0.64000,-0.73661,38.400,-1.473,-1,400.000,-1,375.000,-1,325.000,325.000,300.000,300.000,-1,650.000,675.000,-1,775.000,725.000,-1,-1,2,0,2,0,2,0,0,0,0,2,0,0,2,0,0,2,2
12,-133.578,-4825.946,145.498,21.983,0.926831,-0.374156,-0.031478,0.374855,0.926863,0.020201,0.021617,-0.030523,0.999300,0,0.72000,-0.73365,43.200,-1.467,-1,400.000,-1,375.000,-1,325.000,325.000,300.000,300.000,-1,625.000,650.000,-1,775.000,725.000,-1,-1,2,0,2,0,2,0,0,0,0,2,0,0,2,0,0,2,2
13,-88.623,-4809.120,146.468,20.520,0.936057,-0.350368,-0.032247,0.351091,0.936122,0.020266,0.023087,-0.030292,0.999274,0,0.80000,-0.73164,48.000,-1.463,-1,400.000,-1,375.000,-1,325.000,325.000,300.000,300.000,-1,650.000,675.000,-1,775.000,725.000,-1,-1,2,0,2,0,2,0,0,0,0,2,0,0,2,0,0,2,2
14,-38.717,-4791.878,147.697,19.060,0.944648,-0.326409,-0.033120,0.327167,0.944739,0.020726,0.024524,-0.030415,0.999236,0,0.88000,-0.72978,52.800,-1.460,-1,400.000,-1,375.000,-1,325.000,325.000,300.000,300.000,-1,675.000,675.000,-1,775.000,725.000,-1,-1,2,0,2,0,2,0,0,0,0,2,0,0,2,0,0,2,2
15,16.240,-4774.630,149.170,17.424,0.953544,-0.299300,-0.034256,0.300107,0.953665,0.021418,0.026259,-0.030703,0.999184,0,0.96000,-0.81804,57.600,-1.636,-1,400.000,-1,400.000,-1,325.000,325.000,300.000,300.000,-1,675.000,700.000,-1,775.000,750.000,-1,-1,2,0,2,0,2,0,0,0,0,2,0,0,2,0,0,2,2
16,72.817,-4758.642,150.781,15.780,0.961708,-0.271818,-0.035109,0.272663,0.961858,0.021995,0.027791,-0.030726,0.999141,0,0.97989,-0.82196,58.793,-1.644,-1,400.000,-1,400.000,975.000,325.000,325.000,300.000,300.000,-1,700.000,700.000,-1,800.000,750.000,-1,-1,2,0,2,0,1,0,0,0,0,2,0,0,2,0,0,2,2
17,130.086,-4744.227,152.526,14.128,0.969133,-0.243979,-0.035441,0.244842,0.969304,0.022408,0.028886,-0.030394,0.999121,0,0.98424,-0.82595,59.054,-1.652,-1,400.000,-1,400.000,925.000,325.000,325.000,300.000,300.000,-1,750.000,750.000,-1,800.000,750.000,-1,-1,2,0,2,0,1,0,0,0,0,2,0,0,2,0,0,2,2
18,188.008,-4731.420,154.314,12.468,0.975783,-0.215802,-0.035730,0.216683,0.975974,0.022895,0.029931,-0.030083,0.999099,0,0.98867,-0.82994,59.320,-1.660,-1,400.000,-1,400.000,875.000,325.000,325.000,300.000,300.000,-1,800.000,800.000,-1,800.000,750.000,-1,-1,2,0,2,0,1,0,0,0,0,2,0,0,2,0,0,2,2
19,246.543,-4720.254,156.156,10.800,0.981642,-0.187306,-0.035998,0.188205,0.981851,0.023416,0.030959,-0.029761,0.999077,0,0.99317,-0.83392,59.590,-1.668,-1,400.000,-1,400.000,825.000,325.000,325.000,300.000,300.000,-1,875.000,850.000,-1,800.000,750.000,-1,-1,2,0,2,0,1,0,0,0,0,2,0,0,2,0,0,2,2
20,305.649,-4710.760,158.054,9.125,0.986691,-0.158514,-0.036250,0.159431,0.986918,0.023966,0.031977,-0.029426,0.999055,0,0.99774,-0.83792,59.864,-1.676,-1,400.000,-1,400.000,775.000,325.000,325.000,300.000,300.000,-1,925.000,900.000,-1,800.000,750.000,-1,-1,2,0,2,0,1,0,0,0,0,2,0,0,2,0,0,2,2
21,365.144,-4702.990,160.006,7.441,0.990915,-0.129447,-0.036494,0.130382,0.991160,0.024539,0.032995,-0.029074,0.999033,0,1.00000,-0.84193,60.000,-1.684,-1,400.000,-1,375.000,725.000,325.000,325.000,300.000,300.000,-1,975.000,950.000,-1,800.000,750.000,-1,-1,2,0,2,0,1,0,0,0,0,2,0,0,2,0,0,2,2
22,424.843,-4696.981,162.010,5.749,0.994296,-0.100127,-0.036737,0.101082,0.994561,0.025131,0.034021,-0.028701,0.999009,0,1.00000,-0.84596,60.000,-1.692,-1,400.000,-1,375.000,675.000,325.000,325.000,300.000,300.000,-1,-1,1000.000,-1,800.000,750.000,-1,900.000,2,0,2,0,1,0,0,0,0,2,2,0,2,0,1,2,1
23,484.693,-4692.744,164.070,4.049,0.996820,-0.070579,-0.036987,0.071554,0.997105,0.025739,0.035064,-0.028304,0.998984,0,1.00000,-0.84999,60.000,-1.700,-1,400.000,-1,375.000,625.000,325.000,325.000,300.000,300.000,-1,-1,-1,-1,800.000,725.000,-1,825.000,2,0,2,0,1,0,0,0,0,2,2,2,2,0,1,2,1
24,544.643,-4690.294,166.188,2.341,0.998471,-0.040827,-0.037259,0.041824,0.998777,0.026369,0.036137,-0.027887,0.998958,0,1.00000,-0.85405,60.000,-1.708,-1,400.000,-1,375.000,575.000,325.000,325.000,300.000,300.000,-1,-1,-1,-1,800.000,675.000,-1,725.000,2,0,2,0,1,0,0,0,0,2,2,2,2,0,1,2,1
25,604.640,-4689.640,168.370,0.624,0.999235,-0.010895,-0.037566,0.011915,0.999564,0.027027,0.037255,-0.027454,0.998929,0,1.00000,-0.85815,60.000,-1.716,-1,400.000,-1,375.000,525.000,325.000,325.000,300.000,300.000,-1,-1,-1,-1,800.000,650.000,-1,650.000,2,0,2,0,1,0,0,0,0,2,2,2,2,0,1,2,1
26,660.455,-4690.470,170.460,-0.852,0.999173,0.014861,-0.037845,-0.013815,0.999520,0.027742,0.038239,-0.027196,0.998898,0,0.93036,-0.73815,55.821,-1.476,-1,400.000,-1,375.000,475.000,325.000,325.000,300.000,300.000,-1,-1,-1,-1,800.000,625.000,-1,600.000,2,0,2,0,1,0,0,0,0,2,2,2,2,0,1,2,1
27,716.486,-4692.513,172.851,-2.088,0.998596,0.036422,-0.038451,-0.035301,0.998943,0.029438,0.039483,-0.028039,0.998827,0,0.93446,-0.61815,56.067,-1.236,-1,400.000,-1,400.000,450.000,325.000,325.000,300.000,300.000,-1,-1,-1,-1,775.000,600.000,-1,550.000,2,0,2,1,1,0,0,0,0,2,2,2,2,0,1,2,1
28,772.691,-4695.541,175.405,-3.084,0.997776,0.053783,-0.039381,-0.052552,0.998116,0.031664,0.041010,-0.029524,0.998722,0,0.93811,-0.49815,56.287,-0.996,-1,400.000,-1,400.000,425.000,325.000,325.000,300.000,300.000,-1,-1,-1,-1,800.000,575.000,-1,500.000,2,0,2,1,1,0,0,0,0,2,2,2,2,0,1,2,1
29,829.038,-4699.324,178.105,-3.841,0.996931,0.066949,-0.040583,-0.065572,0.997256,0.034367,0.042772,-0.031600,0.998585,0,0.94121,-0.37815,56.473,-0.756,-1,400.000,-1,375.000,375.000,325.000,325.000,300.000,300.000,-1,-1,-1,-1,800.000,575.000,-1,475.000,2,0,2,1,1,0,0,0,0,2,2,2,2,0,1,2,1
30,885.491,-4703.624,180.929,-4.357,0.996228,0.075926,-0.042018,-0.074368,0.996526,0.037481,0.044717,-0.034215,0.998414,0,0.94362,-0.25815,56.617,-0.516,-1,400.000,-1,375.000,350.000,325.000,325.000,300.000,325.000,-1,1000.000,-1,-1,800.000,575.000,-1,450.000,2,0,2,1,1,0,0,0,0,2,0,2,2,0,1,2,1
31,942.018,-4708.204,183.847,-4.633,0.995781,0.080721,-0.043640,-0.078950,0.996039,0.040903,0.046769,-0.037285,0.998210,0,0.94519,-0.13815,56.711,-0.276,-1,400.000,-1,375.000,325.000,325.000,325.000,300.000,325.000,-1,900.000,-1,-1,800.000,575.000,-1,425.000,2,0,2,1,1,0,0,0,0,2,0,2,2,0,1,2,1
32,998.574,-4712.823,186.822,-4.670,0.995652,0.081341,-0.045396,-0.079329,0.995855,0.044494,0.048827,-0.040700,0.997978,0,0.94574,-0.01815,56.744,-0.036,-1,425.000,-1,375.000,325.000,350.000,350.000,300.000,325.000,-1,750.000,975.000,-1,825.000,575.000,-1,400.000,2,0,2,1,1,0,0,0,1,2,0,0,2,0,1,2,1
33,1055.107,-4717.237,189.802,-4.466,0.995851,0.077788,-0.047211,-0.075519,0.995985,0.048076,0.050761,-0.044311,0.997727,0,0.94508,0.10185,56.705,0.204,-1,425.000,-1,375.000,300.000,350.000,350.000,300.000,300.000,-1,650.000,875.000,-1,825.000,575.000,-1,375.000,2,0,2,1,1,0,0,0,1,2,0,0,2,0,1,2,1
34,1111.549,-4721.204,192.729,-4.022,0.996339,0.070061,-0.048986,-0.067536,0.996390,0.051430,0.052413,-0.047933,0.997474,0,0.94301,0.22185,56.581,0.444,-1,425.000,-1,400.000,275.000,350.000,350.000,300.000,275.000,-1,600.000,825.000,-1,825.000,575.000,-1,400.000,2,0,2,1,1,0,0,0,1,2,0,0,2,0,1,2,1
35,1167.808,-4724.549,195.557,-3.404,0.996956,0.059294,-0.050634,-0.056528,0.996917,0.054415,0.053704,-0.051387,0.997234,0,0.93932,0.30918,56.359,0.618,-1,425.000,-1,400.000,275.000,350.000,350.000,300.000,250.000,-1,550.000,775.000,-1,825.000,600.000,-1,400.000,2,0,2,1,1,0,0,0,1,2,0,0,2,0,1,2,1
36,1223.779,-4727.297,198.317,-2.812,0.997434,0.048988,-0.052200,-0.045988,0.997303,0.057205,0.054861,-0.054657,0.996997,0,0.93396,0.29581,56.038,0.592,-1,425.000,-1,400.000,250.000,350.000,350.000,300.000,250.000,-1,500.000,750.000,-1,850.000,600.000,-1,425.000,2,0,2,1,1,0,0,0,1,2,0,0,2,0,1,2,1
37,1279.377,-4729.478,200.996,-2.248,0.997791,0.039164,-0.053650,-0.035941,0.997565,0.059771,0.055860,-0.057711,0.996769,0,0.92735,0.28195,55.641,0.564,-1,425.000,-1,400.000,275.000,350.000,350.000,300.000,225.000,-1,475.000,725.000,-1,850.000,625.000,-1,450.000,2,0,2,1,1,0,0,0,1,2,0,0,2,0,1,2,1
38,1334.522,-4731.125,203.694,-1.713,0.998072,0.029835,-0.054418,-0.026443,0.997724,0.062028,0.056145,-0.060469,0.996590,0,0.91950,0.26772,55.170,0.535,-1,425.000,-1,425.000,275.000,350.000,350.000,300.000,225.000,-1,475.000,750.000,-1,850.000,625.000,-1,475.000,2,0,2,1,1,0,0,0,1,2,0,0,2,0,1,2,1
39,1389.140,-4732.274,206.277,-1.206,0.998343,0.021012,-0.053575,-0.017588,0.997821,0.063593,0.054795,-0.062545,0.996537,0,0.91051,0.25325,54.630,0.506,-1,425.000,-1,425.000,275.000,350.000,350.000,300.000,200.000,-1,550.000,850.000,-1,850.000,625.000,-1,475.000,2,0,2,1,1,0,0,0,1,2,0,0,2,0,1,2,1
40,1443.164,-4732.946,208.823,-0.715,0.998545,0.012458,-0.052467,-0.009024,0.997833,0.065177,0.053165,-0.064608,0.996493,0,0.90048,0.24552,54.029,0.491,-1,425.000,-1,425.000,275.000,350.000,350.000,300.000,200.000,-1,650.000,975.000,-1,825.000,650.000,-1,500.000,2,0,2,1,1,0,0,0,1,2,0,0,2,0,1,2,1
41,1496.537,-4733.158,211.310,-0.229,0.998685,0.003987,-0.051118,-0.000569,0.997772,0.066715,0.051270,-0.066598,0.996462,0,0.88955,0.24317,53.373,0.486,-1,425.000,-1,425.000,275.000,350.000,350.000,275.000,175.000,-1,800.000,-1,-1,825.000,675.000,-1,500.000,2,0,2,1,1,0,0,0,1,2,0,2,2,0,1,2,1
42,1549.210,-4732.923,213.724,0.254,0.998761,-0.004421,-0.049559,0.007799,0.997644,0.068164,0.049141,-0.068466,0.996442,0,0.87791,0.24143,52.674,0.483,-1,425.000,-1,425.000,275.000,350.000,350.000,275.000,175.000,-1,975.000,-1,-1,800.000,700.000,-1,500.000,2,0,2,1,1,0,0,0,1,2,0,2,2,0,1,2,1
43,1601.153,-4732.255,216.051,0.735,0.998774,-0.012788,-0.047818,0.016098,0.997453,0.069485,0.046807,-0.070170,0.996436,0,0.86579,0.24030,51.947,0.481,-1,425.000,-1,425.000,275.000,350.000,350.000,275.000,175.000,-1,-1,-1,-1,800.000,750.000,-1,-1,2,0,2,1,1,0,0,0,1,2,2,2,2,0,1,2,2
44,1652.348,-4731.169,218.279,1.214,0.998722,-0.021133,-0.045918,0.024349,0.997205,0.070641,0.044297,-0.071669,0.996444,0,0.85345,0.23977,51.207,0.480,-1,400.000,-1,425.000,275.000,350.000,350.000,275.000,175.000,-1,-1,-1,-1,775.000,775.000,-1,-1,2,0,2,1,1,0,0,0,1,2,2,2,2,0,1,2,2
45,1700.202,-4729.953,220.380,1.454,0.998689,-0.025299,-0.044499,0.028458,0.997009,0.071853,0.042548,-0.073025,0.996422,0,0.79783,0.11977,47.870,0.240,-1,400.000,-1,425.000,300.000,350.000,350.000,275.000,175.000,-1,-1,-1,-1,775.000,775.000,-1,-1,2,0,2,1,1,0,0,0,1,2,2,2,2,0,1,2,2
46,1747.413,-4728.754,222.495,1.453,0.998727,-0.025289,-0.043638,0.028442,0.996910,0.073218,0.041651,-0.074366,0.996361,0,0.78711,-0.00023,47.226,-0.000,-1,400.000,-1,450.000,275.000,350.000,350.000,275.000,175.000,-1,-1,-1,-1,775.000,800.000,-1,-1,2,0,2,1,1,0,0,0,1,2,2,2,2,0,1,2,2
47,1794.054,-4727.766,224.650,1.213,0.998834,-0.021102,-0.043431,0.024313,0.996904,0.074781,0.041719,-0.075749,0.996254,0,0.77751,-0.12023,46.651,-0.240,-1,400.000,-1,450.000,275.000,350.000,350.000,275.000,175.000,-1,-1,-1,-1,775.000,850.000,-1,-1,2,0,2,1,1,0,0,0,1,2,2,2,2,0,1,2,2
48,1840.197,-4727.088,226.839,0.840,0.998939,-0.014608,-0.043673,0.017923,0.996909,0.076498,0.042421,-0.077200,0.996113,0,0.76913,-0.18658,46.148,-0.373,-1,400.000,-1,450.000,325.000,350.000,350.000,275.000,175.000,-1,-1,-1,-1,775.000,875.000,-1,-1,2,0,2,1,1,0,0,0,1,2,2,2,2,0,0,2,2
49,1885.896,-4726.713,229.042,0.470,0.998997,-0.008171,-0.044028,0.011604,0.996863,0.078291,0.043250,-0.078724,0.995958,0,0.76167,-0.18494,45.700,-0.370,-1,400.000,-1,450.000,-1,350.000,350.000,275.000,175.000,-1,-1,-1,-1,775.000,900.000,-1,-1,2,0,2,1,2,0,0,0,1,2,2,2,2,0,0,2,2
50,1931.181,-4726.630,231.265,0.104,0.999009,-0.001802,-0.044475,0.005368,0.996766,0.080183,0.044186,-0.080342,0.995787,0,0.75475,-0.18301,45.285,-0.366,-1,400.000,-1,450.000,-1,350.000,350.000,275.000,175.000,-1,-1,-1,-1,775.000,925.000,-1,-1,2,0,2,1,2,0,0,0,1,2,2,2,2,0,0,2,2
51,1976.086,-4726.831,233.421,-0.258,0.998977,0.004487,-0.045007,-0.000799,0.996662,0.081637,0.045223,-0.081517,0.995645,0,0.74842,-0.18079,44.905,-0.362,-1,400.000,-1,450.000,-1,350.000,350.000,275.000,175.000,-1,-1,-1,-1,775.000,950.000,-1,-1,2,0,2,1,2,0,0,0,1,2,2,2,2,0,0,2,2
52,2025.788,-4727.362,235.284,-0.611,0.998955,0.010631,-0.044449,-0.007005,0.996692,0.080964,0.045162,-0.080568,0.995725,0,0.82842,-0.17658,49.705,-0.353,-1,400.000,-1,450.000,-1,350.000,350.000,275.000,150.000,-1,-1,-1,-1,775.000,975.000,-1,-1,2,0,2,1,2,0,0,0,1,2,2,2,2,0,0,2,2
53,2077.271,-4728.239,237.242,-0.975,0.998898,0.016964,-0.043766,-0.013407,0.996680,0.080307,0.044983,-0.079632,0.995809,0,0.85817,-0.18198,51.490,-0.364,1000.000,400.000,-1,450.000,-1,350.000,350.000,275.000,150.000,-1,-1,-1,-1,800.000,975.000,-1,-1,1,0,2,1,2,0,0,0,1,2,2,2,2,0,0,2,2
54,2128.291,-4729.437,239.205,-1.344,0.998802,0.023381,-0.042983,-0.019901,0.996622,0.079674,0.044701,-0.078723,0.995894,0,0.85056,-0.18442,51.034,-0.369,950.000,400.000,-1,425.000,-1,350.000,350.000,275.000,150.000,-1,-1,-1,-1,800.000,975.000,-1,-1,1,0,2,1,2,0,0,0,1,2,2,2,2,0,0,2,2
55,2178.812,-4730.952,241.165,-1.717,0.998668,0.029869,-0.042075,-0.026475,0.996520,0.079037,0.044290,-0.077818,0.995983,0,0.84239,-0.18644,50.543,-0.373,925.000,400.000,-1,425.000,-1,350.000,350.000,275.000,150.000,-1,-1,-1,400.000,800.000,975.000,-1,-1,1,0,2,1,2,0,0,0,1,2,2,2,1,0,0,2,2
56,2228.804,-4732.779,243.115,-2.093,0.998495,0.036412,-0.041020,-0.033115,0.996374,0.078370,0.043725,-0.076894,0.996080,0,0.83376,-0.18804,50.026,-0.376,900.000,400.000,-1,425.000,-1,325.000,350.000,275.000,150.000,-1,-1,-1,375.000,800.000,975.000,-1,-1,1,0,2,1,2,0,0,0,1,2,2,2,1,0,0,2,2
57,2278.246,-4734.914,245.048,-2.471,0.998282,0.042995,-0.039795,-0.039809,0.996186,0.077649,0.042981,-0.075931,0.996186,0,0.82480,-0.18921,49.488,-0.378,875.000,400.000,-1,450.000,-1,325.000,350.000,275.000,150.000,-1,-1,-1,375.000,800.000,975.000,-1,-1,1,0,2,0,2,0,0,0,1,2,2,2,1,0,0,2,2
58,2327.125,-4737.349,246.958,-2.851,0.998031,0.049603,-0.038381,-0.046544,0.995956,0.076848,0.042038,-0.074910,0.996304,0,0.81566,-0.18995,48.939,-0.380,850.000,400.000,-1,450.000,-1,325.000,350.000,275.000,150.000,-1,-1,-1,375.000,800.000,975.000,-1,-1,1,0,2,0,2,0,0,0,1,2,2,2,1,0,0,2,2
59,2375.435,-4740.077,248.839,-3.232,0.997741,0.056221,-0.036762,-0.053307,0.995686,0.075944,0.040873,-0.073812,0.996434,0,0.80645,-0.19028,48.387,-0.381,850.000,400.000,-1,450.000,-1,325.000,350.000,275.000,150.000,-1,-1,-1,375.000,800.000,975.000,-1,-1,1,0,2,0,2,0,0,0,1,2,2,2,1,0,0,2,2
60,2423.180,-4743.092,250.686,-3.612,0.997413,0.062836,-0.034922,-0.060085,0.995378,0.074913,0.039467,-0.072621,0.996578,0,0.79733,-0.19020,47.840,-0.380,825.000,400.000,-1,425.000,-1,325.000,350.000,275.000,175.000,-1,-1,-1,350.000,775.000,950.000,-1,-1,1,0,2,0,2,0,0,0,1,2,2,2,1,0,0,2,2
61,2470.371,-4746.386,252.496,-3.992,0.997046,0.069434,-0.032846,-0.066865,0.995034,0.073734,0.037802,-0.071320,0.996737,0,0.78842,-0.18974,47.305,-0.379,825.000,400.000,-1,425.000,-1,325.000,350.000,275.000,175.000,-1,-1,-1,350.000,775.000,950.000,-1,-1,1,0,2,0,2,0,0,0,1,2,2,2,1,0,0,2,2
62,2517.024,-4749.951,254.265,-4.369,0.996641,0.076001,-0.030521,-0.073633,0.994655,0.072386,0.035860,-0.069896,0.996910,0,0.77982,-0.18889,46.789,-0.378,825.000,400.000,-1,425.000,-1,325.000,350.000,275.000,175.000,-1,-1,-1,350.000,775.000,950.000,-1,-1,1,0,2,0,2,0,0,0,1,2,2,2,1,0,0,2,2
63,2563.164,-4753.782,255.989,-4.745,0.996197,0.082525,-0.027937,-0.080376,0.994243,0.070849,0.033623,-0.068334,0.997096,0,0.77164,-0.18770,46.298,-0.375,825.000,400.000,-1,425.000,-1,325.000,350.000,275.000,175.000,-1,-1,-1,350.000,775.000,950.000,-1,-1,1,0,2,0,2,0,0,0,1,2,2,2,1,0,0,2,2
64,2614.076,-4758.129,257.916,-4.880,0.996099,0.084881,-0.024109,-0.083028,0.994117,0.069549,0.029870,-0.067276,0.997287,0,0.85164,-0.06770,51.098,-0.135,800.000,400.000,-1,425.000,-1,325.000,325.000,275.000,200.000,-1,-1,-1,325.000,750.000,925.000,-1,-1,1,0,2,0,2,0,0,0,1,2,2,2,1,0,0,2,2
65,2665.422,-4762.419,259.527,-4.776,0.996334,0.083069,-0.020451,-0.081490,0.994306,0.068672,0.026039,-0.066753,0.997430,0,0.85876,0.05230,51.525,0.105,800.000,375.000,-1,425.000,-1,325.000,325.000,275.000,200.000,-1,-1,-1,325.000,750.000,900.000,-1,-1,1,0,2,0,2,0,0,0,1,2,2,2,1,0,0,2,2
66,2716.271,-4766.359,261.200,-4.431,0.996855,0.077087,-0.018368,-0.075668,0.994788,0.068339,0.023540,-0.066734,0.997493,0,0.85002,0.17230,51.001,0.345,825.000,375.000,-1,425.000,-1,325.000,325.000,275.000,225.000,-1,-1,-1,300.000,725.000,900.000,-1,-1,1,0,2,0,2,0,0,0,1,2,2,2,1,0,0,2,2
67,2766.654,-4769.746,262.792,-3.846,0.997621,0.066933,-0.016472,-0.065671,0.995525,0.067948,0.020946,-0.066705,0.997553,0,0.84162,0.29230,50.497,0.585,800.000,375.000,-1,425.000,-1,325.000,325.000,275.000,250.000,-1,-1,-1,275.000,725.000,925.000,-1,-1,1,0,2,0,2,0,0,0,1,2,2,2,1,0,0,2,2
68,2816.605,-4772.382,264.259,-3.022,0.998505,0.052600,-0.014892,-0.051484,0.996399,0.067370,0.018382,-0.066503,0.997617,0,0.83368,0.41230,50.021,0.825,775.000,375.000,-1,425.000,-1,325.000,325.000,275.000,275.000,-1,-1,-1,300.000,725.000,925.000,-1,-1,1,0,2,0,2,0,0,0,1,2,2,2,1,0,0,2,2
69,2866.152,-4774.187,265.530,-2.086,0.999245,0.036312,-0.013801,-0.035321,0.997172,0.066334,0.016171,-0.065796,0.997702,0,0.82633,0.46817,49.580,0.936,775.000,375.000,-1,425.000,-1,325.000,325.000,275.000,300.000,-1,-1,-1,325.000,725.000,925.000,-1,-1,1,0,2,0,2,0,0,0,1,2,2,2,1,0,0,2,2
70,2915.339,-4775.167,266.587,-1.141,0.999715,0.019865,-0.013220,-0.018970,0.997724,0.064710,0.014475,-0.064441,0.997817,0,0.81996,0.47243,49.197,0.945,750.000,375.000,-1,400.000,-1,325.000,325.000,275.000,325.000,-1,-1,-1,325.000,725.000,925.000,-1,-1,1,0,2,0,2,0,0,1,1,2,2,2,1,0,0,2,2
71,2964.225,-4775.327,267.453,-0.187,0.999909,0.003250,-0.013055,-0.002427,0.998039,0.062554,0.013233,-0.062516,0.997956,0,0.81478,0.47705,48.887,0.954,750.000,375.000,-1,425.000,-1,325.000,325.000,275.000,325.000,-1,-1,-1,350.000,725.000,925.000,-1,-1,1,0,2,0,2,0,0,1,0,2,2,2,1,0,0,2,2
72,3012.864,-4774.669,268.154,0.777,0.999821,-0.013543,-0.013221,0.014312,0.998100,0.059923,0.012385,-0.060101,0.998115,0,0.81074,0.48198,48.644,0.964,775.000,375.000,-1,425.000,-1,325.000,325.000,275.000,325.000,-1,-1,-1,375.000,725.000,925.000,-1,-1,1,0,2,0,2,0,0,1,0,2,2,2,1,0,0,2,2
73,3061.307,-4773.189,268.711,1.752,0.999441,-0.030520,-0.013638,0.031249,0.997892,0.056878,0.011873,-0.057272,0.998288,0,0.80776,0.48720,48.465,0.974,-1,375.000,-1,425.000,-1,325.000,325.000,275.000,325.000,-1,-1,-1,400.000,725.000,925.000,-1,-1,2,0,2,0,2,0,0,1,0,2,2,2,1,0,0,2,2
74,3109.597,-4770.883,269.149,2.737,0.998761,-0.047685,-0.014228,0.048382,0.997396,0.053482,0.011641,-0.054104,0.998467,0,0.80576,0.49269,48.346,0.985,-1,375.000,-1,425.000,-1,325.000,325.000,275.000,325.000,-1,-1,-1,425.000,750.000,925.000,-1,-1,2,0,2,0,2,0,0,1,0,2,2,2,1,0,0,2,2
75,3157.775,-4767.740,269.489,3.734,0.997771,-0.065042,-0.014920,0.065710,0.996595,0.049805,0.011630,-0.050674,0.998648,0,0.80468,0.49843,48.281,0.997,-1,400.000,-1,425.000,-1,325.000,325.000,275.000,300.000,-1,-1,-1,450.000,750.000,925.000,-1,-1,2,0,2,0,2,0,0,1,0,2,2,2,1,0,0,2,2
76,3205.876,-4763.752,269.756,4.743,0.996461,-0.082592,-0.015646,0.083231,0.995472,0.045920,0.011783,-0.047060,0.998823,0,0.80443,0.50439,48.266,1.009,-1,400.000,-1,425.000,-1,325.000,325.000,275.000,300.000,-1,-1,-1,475.000,750.000,925.000,-1,-1,2,0,2,0,2,0,0,1,0,2,2,2,1,0,0,2,2
77,3253.929,-4758.903,270.055,5.764,0.994823,-0.100335,-0.016129,0.100937,0.993996,0.042239,0.011794,-0.043649,0.998977,0,0.80495,0.51057,48.297,1.021,-1,400.000,-1,425.000,-1,325.000,325.000,275.000,300.000,-1,-1,-1,525.000,775.000,925.000,-1,-1,2,0,2,0,2,0,0,1,0,2,2,2,1,0,0,2,2
78,3306.627,-4752.410,270.455,7.025,0.992402,-0.122204,-0.014283,0.122677,0.991680,0.039005,0.009397,-0.040461,0.999137,0,0.88495,0.63057,53.097,1.261,-1,400.000,-1,425.000,-1,325.000,325.000,275.000,300.000,-1,-1,-1,575.000,750.000,900.000,-1,-1,2,0,2,0,2,0,0,1,0,2,2,2,1,0,0,2,2
79,3363.429,-4743.895,270.424,8.526,0.988886,-0.148153,-0.012475,0.148520,0.988218,0.036980,0.006849,-0.038422,0.999238,0,0.95727,0.75057,57.436,1.501,-1,400.000,-1,425.000,-1,325.000,325.000,275.000,300.000,-1,-1,-1,650.000,750.000,900.000,-1,-1,2,0,2,0,2,0,0,1,0,2,2,2,1,0,0,2,2
80,3419.875,-4733.743,270.318,10.197,0.984170,-0.176909,-0.010599,0.177176,0.983547,0.035273,0.004184,-0.036593,0.999322,0,0.95587,0.83519,57.352,1.670,-1,400.000,-1,425.000,-1,325.000,325.000,275.000,300.000,-1,-1,900.000,725.000,725.000,875.000,-1,-1,2,0,2,0,2,0,0,1,0,2,2,1,1,0,0,2,2
81,3475.923,-4721.956,270.244,11.877,0.978577,-0.205682,-0.009006,0.205871,0.977994,0.033832,0.001849,-0.034962,0.999387,0,0.95456,0.84008,57.274,1.680,-1,375.000,-1,425.000,-1,325.000,325.000,275.000,300.000,-1,-1,800.000,800.000,725.000,850.000,-1,-1,2,0,2,0,2,0,0,1,0,2,2,1,1,0,0,2,2
82,3531.507,-4708.547,270.161,13.563,0.972114,-0.234389,-0.007534,0.234510,0.971571,0.032494,-0.000297,-0.033354,0.999444,0,0.95299,0.84325,57.179,1.686,-1,375.000,-1,400.000,-1,325.000,325.000,250.000,300.000,-1,-1,750.000,850.000,725.000,825.000,-1,-1,2,0,2,0,2,0,0,1,0,2,2,1,1,0,0,2,2
83,3586.565,-4693.531,270.075,15.256,0.964777,-0.262996,-0.006192,0.263059,0.964273,0.031252,-0.002248,-0.031781,0.999492,0,0.95114,0.84624,57.069,1.692,-1,375.000,-1,400.000,-1,325.000,325.000,250.000,300.000,-1,-1,725.000,900.000,700.000,825.000,-1,-1,2,0,2,0,2,0,0,1,0,2,2,1,1,0,0,2,2
84,3641.031,-4676.928,269.994,16.954,0.956567,-0.291469,-0.004990,0.291484,0.956102,0.030103,-0.004003,-0.030250,0.999534,0,0.94902,0.84906,56.941,1.698,-1,375.000,-1,400.000,-1,325.000,325.000,250.000,300.000,-1,-1,725.000,925.000,700.000,800.000,-1,-1,2,0,2,0,2,0,0,1,0,2,2,1,1,0,0,2,2
85,3694.844,-4658.758,269.924,18.657,0.947486,-0.319774,-0.003935,0.319750,0.947057,0.029039,-0.005559,-0.028772,0.999571,0,0.94662,0.85169,56.797,1.703,-1,375.000,-1,400.000,-1,325.000,325.000,225.000,300.000,-1,-1,750.000,950.000,700.000,775.000,-1,-1,2,0,2,0,2,0,0,1,0,2,2,1,1,0,0,2,2
86,3747.941,-4639.048,269.872,20.366,0.937535,-0.347878,-0.003033,0.347823,0.937141,0.028052,-0.006916,-0.027355,0.999602,0,0.94397,0.85413,56.638,1.708,-1,375.000,-1,400.000,-1,300.000,325.000,225.000,325.000,-1,1000.000,775.000,975.000,700.000,775.000,-1,-1,2,0,2,0,2,0,0,1,0,2,1,1,1,0,0,2,2
87,3800.265,-4617.827,270.475,22.078,0.926707,-0.375770,-0.003236,0.375736,0.926417,0.023954,-0.006003,-0.023414,0.999708,0,0.94105,0.85636,56.463,1.713,-1,375.000,-1,400.000,-1,325.000,325.000,225.000,325.000,-1,975.000,775.000,-1,700.000,775.000,-1,-1,2,0,2,0,2,0,0,1,0,2,1,1,2,0,0,2,2
88,3851.756,-4595.123,270.872,23.795,0.915014,-0.403402,-0.003966,0.403406,0.914849,0.017762,-0.003537,-0.017852,0.999834,0,0.93790,0.85839,56.274,1.717,-1,400.000,-1,400.000,-1,325.000,325.000,225.000,325.000,-1,925.000,775.000,-1,725.000,775.000,-1,-1,2,0,2,0,2,0,0,1,0,2,1,1,2,0,0,2,2
89,3902.359,-4570.971,270.996,25.515,0.902477,-0.430715,-0.004457,0.430736,0.902388,0.012722,-0.001457,-0.013401,0.999909,0,0.93453,0.86019,56.072,1.720,-1,400.000,-1,400.000,-1,325.000,325.000,225.000,325.000,-1,900.000,800.000,-1,750.000,775.000,-1,-1,2,0,2,0,2,0,0,1,0,2,1,1,2,0,0,2,2
90,3952.022,-4545.405,270.917,27.239,0.889106,-0.457678,-0.004537,0.457701,0.889058,0.009301,-0.000223,-0.010346,0.999946,0,0.93096,0.86178,55.858,1.724,-1,400.000,-1,400.000,-1,325.000,325.000,225.000,325.000,-1,875.000,725.000,-1,750.000,750.000,-1,-1,2,0,2,0,2,0,0,1,0,2,1,0,2,0,0,2,2
91,4000.697,-4518.464,270.625,28.965,0.874913,-0.484261,-0.004257,0.484280,0.874881,0.007548,0.000069,-0.008666,0.999962,0,0.92722,0.86314,55.633,1.726,-1,400.000,-1,400.000,-1,325.000,325.000,200.000,325.000,-1,900.000,650.000,-1,750.000,750.000,-1,-1,2,0,2,0,2,0,0,1,0,2,1,0,2,0,0,2,2
92,4048.336,-4490.184,269.974,30.694,0.859908,-0.510430,-0.004374,0.510449,0.859875,0.007590,-0.000113,-0.008760,0.999962,0,0.92334,0.86427,55.401,1.729,950.000,400.000,-1,400.000,-1,325.000,325.000,200.000,325.000,-1,900.000,600.000,-1,750.000,750.000,-1,-1,1,0,2,0,2,0,0,1,0,2,0,0,2,0,0,2,2
93,4092.040,-4462.167,269.156,32.662,0.841870,-0.539660,-0.004778,0.539681,0.841824,0.008761,-0.000706,-0.009954,0.999950,0,0.86522,0.98427,51.913,1.969,850.000,400.000,-1,400.000,-1,325.000,325.000,200.000,325.000,-1,825.000,575.000,-1,750.000,725.000,-1,-1,1,0,2,0,2,0,0,1,0,2,0,0,2,0,0,2,2
94,4134.598,-4432.740,268.169,34.662,0.822530,-0.568697,-0.005264,0.568718,0.822458,0.011122,-0.001996,-0.012142,0.999924,0,0.86235,1.00000,51.741,2.000,775.000,375.000,-1,375.000,-1,325.000,325.000,200.000,325.000,-1,800.000,550.000,-1,725.000,700.000,-1,-1,1,0,2,0,2,0,0,1,0,2,0,0,2,1,0,2,2
95,4175.967,-4401.946,267.442,36.662,0.802187,-0.597043,-0.006031,0.597067,0.802095,0.012440,-0.002590,-0.013581,0.999904,0,0.85953,1.00000,51.572,2.000,700.000,375.000,-1,375.000,-1,325.000,325.000,200.000,325.000,-1,750.000,525.000,-1,700.000,700.000,-1,-1,1,0,2,0,2,0,0,1,0,2,0,0,2,1,0,2,2
96,4216.103,-4369.835,267.234,38.662,0.780854,-0.624675,-0.006964,0.624711,0.780773,0.011360,-0.001659,-0.013221,0.999911,0,0.85669,1.00000,51.401,2.000,650.000,375.000,-1,375.000,-1,325.000,325.000,200.000,325.000,-1,675.000,475.000,-1,700.000,700.000,-1,-1,1,0,2,0,2,0,0,1,0,2,0,0,2,1,0,2,2
97,4254.964,-4336.453,267.076,40.662,0.758569,-0.651545,-0.007893,0.651592,0.758499,0.010364,-0.000766,-0.013005,0.999915,0,0.85384,1.00000,51.230,2.000,625.000,375.000,-1,375.000,-1,325.000,325.000,200.000,325.000,-1,525.000,475.000,-1,675.000,700.000,-1,-1,1,0,2,0,2,0,0,1,0,2,0,0,2,1,0,2,2
98,4292.512,-4301.851,266.968,42.662,0.735360,-0.677620,-0.008809,0.677677,0.735299,0.009456,0.000070,-0.012923,0.999916,0,0.85100,1.00000,51.060,2.000,575.000,375.000,-1,375.000,-1,325.000,325.000,200.000,325.000,-1,500.000,500.000,-1,675.000,700.000,-1,-1,1,0,2,0,2,0,0,1,0,2,0,0,2,1,0,2,2
99,4328.709,-4266.078,266.850,44.662,0.711257,-0.702870,-0.009391,0.702932,0.711204,0.008654,0.000596,-0.012757,0.999918,0,0.84819,1.00000,50.891,2.000,525.000,375.000,-1,375.000,-1,325.000,325.000,200.000,325.000,-1,525.000,525.000,-1,650.000,700.000,-1,-1,1,0,2,0,2,0,0,1,0,2,0,0,2,1,0,2,2
100,4363.079,-4229.654,266.819,46.662,0.686288,-0.727261,-0.009984,0.727329,0.686240,0.008146,0.000927,-0.012852,0.999917,0,0.83466,1.00000,50.080,2.000,475.000,375.000,-1,375.000,-1,325.000,325.000,200.000,325.000,-1,525.000,550.000,-1,650.000,675.000,-1,-1,1,0,2,0,2,0,0,1,0,2,0,0,2,1,0,2,2
101,4395.919,-4192.322,267.174,48.662,0.660495,-0.750779,-0.008748,0.750830,0.660451,0.007600,0.000072,-0.011589,0.999933,0,0.82868,1.00000,49.721,2.000,450.000,375.000,-1,375.000,-1,325.000,325.000,200.000,325.000,-1,600.000,625.000,-1,625.000,675.000,625.000,-1,1,1,2,0,2,0,0,1,0,2,0,0,2,1,0,1,2
102,4427.219,-4154.134,267.955,50.662,0.633903,-0.773394,-0.005467,0.773410,0.633865,0.007208,-0.002110,-0.008797,0.999959,0,0.82294,1.00000,49.376,2.000,400.000,375.000,-1,375.000,-1,325.000,300.000,200.000,300.000,-1,750.000,750.000,-1,600.000,650.000,550.000,-1,1,1,2,0,2,0,0,1,0,2,0,0,2,1,0,1,2
103,4456.967,-4115.137,268.577,52.662,0.606528,-0.795056,-0.003167,0.795054,0.606497,0.007119,-0.003739,-0.006836,0.999970,0,0.81747,1.00000,49.048,2.000,375.000,350.000,-1,375.000,-1,300.000,300.000,225.000,300.000,-1,875.000,850.000,-1,600.000,650.000,475.000,-1,1,1,2,0,2,1,0,1,0,2,0,0,2,1,0,1,2
104,4485.156,-4075.380,269.037,54.662,0.578410,-0.815744,-0.001872,0.815732,0.578385,0.007231,-0.004816,-0.005710,0.999972,0,0.81228,1.00000,48.737,2.000,350.000,350.000,-1,375.000,-1,300.000,300.000,225.000,300.000,-1,950.000,950.000,-1,575.000,650.000,425.000,-1,1,1,2,0,2,1,0,1,0,2,0,0,2,1,0,1,2
105,4511.779,-4034.909,269.331,56.662,0.549589,-0.835434,-0.001589,0.835418,0.549564,0.007443,-0.005344,-0.005418,0.999971,0,0.80738,1.00000,48.443,2.000,300.000,325.000,-1,375.000,-1,300.000,300.000,225.000,300.000,-1,-1,-1,-1,550.000,650.000,375.000,-1,1,1,2,0,2,1,1,1,0,2,2,2,2,1,0,1,2
106,4536.830,-3993.768,271.171,58.662,0.520081,-0.854116,0.000784,0.854117,0.520081,-0.000823,0.000296,0.001098,0.999999,0,0.80278,1.00000,48.167,2.000,300.000,325.000,-1,375.000,-1,300.000,325.000,250.000,300.000,-1,950.000,925.000,-1,575.000,675.000,375.000,-1,1,1,2,0,2,1,0,1,0,2,0,0,2,1,0,1,2
107,4560.303,-3952.003,273.239,60.662,0.489994,-0.871720,0.003048,0.871691,0.489941,-0.010592,0.007740,0.007847,0.999939,0,0.79850,1.00000,47.910,2.000,300.000,350.000,-1,400.000,-1,300.000,325.000,250.000,300.000,-1,825.000,800.000,-1,600.000,725.000,375.000,-1,1,1,2,0,2,1,0,1,0,2,0,0,2,1,0,1,2
108,4582.194,-3909.655,275.088,62.662,0.459365,-0.888235,0.004856,0.888112,0.459192,-0.019981,0.015518,0.013491,0.999789,0,0.79452,1.00000,47.671,2.000,300.000,350.000,-1,400.000,-1,325.000,350.000,275.000,275.000,-1,650.000,600.000,-1,600.000,775.000,375.000,-1,1,1,2,0,2,1,0,1,0,2,0,0,2,1,0,1,2
109,4604.648,-3862.230,276.882,64.662,0.428239,-0.903642,0.006471,0.903334,0.427877,-0.030147,0.024474,0.018756,0.999525,0,0.87452,1.00000,52.471,2.000,275.000,350.000,-1,425.000,-1,325.000,375.000,275.000,275.000,-1,500.000,400.000,-1,-1,825.000,375.000,-1,1,1,2,0,2,1,0,1,0,2,0,0,2,2,0,1,2
110,4626.692,-3811.132,278.439,66.662,0.396658,-0.917933,0.007793,0.917313,0.396041,-0.041103,0.034644,0.023453,0.999125,0,0.92749,1.00000,55.650,2.000,275.000,375.000,-1,450.000,-1,350.000,400.000,275.000,275.000,-1,350.000,225.000,-1,-1,900.000,375.000,-1,1,1,2,0,2,1,0,1,0,2,0,0,2,2,0,1,2
111,4647.043,-3759.664,280.101,68.422,0.368625,-0.929496,0.012354,0.928599,0.367595,-0.050769,0.042649,0.030187,0.998634,0,0.92242,0.88000,55.345,1.760,275.000,375.000,-1,475.000,-1,375.000,400.000,275.000,275.000,-1,275.000,175.000,-1,-1,975.000,375.000,-1,1,1,2,0,2,1,0,1,0,2,0,0,2,2,0,1,2
112,4665.798,-3707.704,282.112,70.148,0.340964,-0.939875,0.019458,0.938796,0.339346,-0.059221,0.049057,0.038460,0.998055,0,0.92068,0.86268,55.241,1.725,250.000,375.000,-1,500.000,-1,375.000,425.000,275.000,250.000,-1,250.000,125.000,975.000,-1,-1,375.000,-1,1,1,2,0,2,1,0,1,0,2,0,0,0,2,2,1,2
113,4682.933,-3655.320,284.095,71.880,0.312984,-0.949371,0.027123,0.948148,0.310663,-0.067107,0.055284,0.046720,0.997377,0,0.91858,0.86633,55.115,1.733,250.000,375.000,-1,500.000,-1,400.000,450.000,275.000,250.000,-1,250.000,125.000,775.000,-1,-1,350.000,-1,1,1,2,0,2,1,0,1,0,2,0,0,0,2,2,1,2
114,4698.429,-3602.572,286.074,73.621,0.284709,-0.957960,0.035395,0.956645,0.281565,-0.074512,0.061414,0.055074,0.996592,0,0.91629,0.87024,54.977,1.740,225.000,450.000,-1,525.000,-1,400.000,475.000,275.000,250.000,-1,225.000,100.000,650.000,-1,-1,-1,-1,1,1,2,0,2,1,0,1,0,2,0,0,0,2,2,2,2
115,4712.267,-3549.525,288.071,75.370,0.256166,-0.965616,0.044335,0.964271,0.252067,-0.081511,0.067533,0.063632,0.995686,0,0.91369,0.87452,54.822,1.749,225.000,550.000,-1,550.000,-1,450.000,475.000,250.000,250.000,-1,225.000,75.000,550.000,-1,-1,-1,-1,1,1,2,0,2,1,0,1,0,2,0,0,0,2,2,2,2
116,4724.430,-3496.254,290.110,77.128,0.227383,-0.972306,0.054019,0.971011,0.222182,-0.088167,0.073723,0.072501,0.994640,0,0.91070,0.87924,54.642,1.758,200.000,675.000,-1,575.000,-1,500.000,500.000,250.000,225.000,-1,225.000,75.000,475.000,-1,-1,-1,-1,1,1,2,0,2,1,0,1,0,2,0,0,0,2,2,2,2
117,4734.899,-3442.839,292.211,78.897,0.198393,-0.977996,0.064531,0.976847,0.191922,-0.094534,0.080069,0.081792,0.993428,0,0.90719,0.88451,54.432,1.769,200.000,900.000,-1,600.000,-1,525.000,525.000,250.000,225.000,-1,225.000,50.000,400.000,-1,-1,-1,-1,1,0,2,0,2,1,0,1,0,2,0,0,0,2,2,2,2
118,-8855.085,-9511.017,219.272,117.407,-0.460301,-0.887745,0.005623,0.887758,-0.460310,-0.000389,0.002934,0.004813,0.999984,1,0.00000,0.00000,54.182,1.781,-1,375.000,-1,375.000,-1,300.000,300.000,300.000,325.000,-1,-1,-1,-1,650.000,700.000,-1,-1,2,0,2,0,2,0,0,0,0,2,2,2,2,0,0,2,2
119,-8857.277,-9506.747,219.312,117.167,-0.456577,-0.889665,0.005825,0.889679,-0.456587,-0.000465,0.003073,0.004970,0.999983,0,0.08000,-0.12000,4.800,-0.240,-1,375.000,-1,375.000,-1,300.000,300.000,300.000,325.000,-1,-1,-1,-1,650.000,700.000,-1,-1,2,0,2,0,2,0,0,0,0,2,2,2,2,0,0,2,2
120,-8861.588,-9498.169,219.392,116.687,-0.449105,-0.893457,0.006227,0.893473,-0.449117,-0.000623,0.003354,0.005284,0.999980,0,0.16000,-0.24000,9.600,-0.480,-1,375.000,-1,375.000,-1,300.000,300.000,300.000,325.000,-1,-1,-1,-1,650.000,700.000,-1,-1,2,0,2,0,2,0,0,0,0,2,2,2,2,0,0,2,2
121,-8867.894,-9485.223,219.511,115.969,-0.437859,-0.899017,0.006831,0.899036,-0.437875,-0.000876,0.003779,0.005758,0.999976,0,0.24000,-0.35932,14.400,-0.719,-1,375.000,-1,375.000,-1,300.000,300.000,300.000,325.000,-1,-1,-1,-1,650.000,700.000,-1,-1,2,0,2,0,2,0,0,0,0,2,2,2,2,0,0,2,2
122,-8876.084,-9467.858,219.669,115.249,-0.426523,-0.904445,0.007590,0.904466,-0.426544,-0.001247,0.004365,0.006333,0.999970,0,0.32000,-0.35993,19.200,-0.720,-1,375.000,-1,375.000,-1,300.000,300.000,325.000,325.000,-1,-1,-1,-1,650.000,700.000,-1,-1,2,0,2,0,2,0,0,0,0,2,2,2,2,0,0,2,2
123,-8886.046,-9446.023,219.868,114.527,-0.415078,-0.909746,0.008506,0.909771,-0.415106,-0.001752,0.005124,0.007012,0.999962,0,0.40000,-0.36116,24.000,-0.722,-1,375.000,-1,375.000,-1,300.000,300.000,325.000,325.000,-1,-1,-1,-1,625.000,700.000,-1,-1,2,0,2,0,2,0,0,0,0,2,2,2,2,0,0,2,2
124,-8897.669,-9419.672,220.112,113.801,-0.403504,-0.914928,0.009582,0.914958,-0.403543,-0.002408,0.006070,0.007795,0.999951,0,0.48000,-0.36302,28.800,-0.726,-1,375.000,-1,375.000,-1,300.000,300.000,325.000,325.000,-1,-1,-1,-1,625.000,725.000,-1,-1,2,0,2,0,2,0,0,0,0,2,2,2,2,0,0,2,2
125,-8910.835,-9388.759,220.405,113.070,-0.391780,-0.919995,0.010818,0.920031,-0.391833,-0.003236,0.007216,0.008685,0.999936,0,0.56000,-0.36553,33.600,-0.731,-1,375.000,-1,375.000,-1,300.000,300.000,325.000,325.000,-1,950.000,900.000,-1,625.000,725.000,-1,-1,2,0,2,0,2,0,0,0,0,2,0,0,2,0,0,2,2
126,-8925.426,-9353.240,220.752,112.332,-0.379884,-0.924954,0.012217,0.924994,-0.379957,-0.004260,0.008582,0.009683,0.999916,0,0.64000,-0.36871,38.400,-0.737,-1,375.000,-1,375.000,-1,300.000,300.000,325.000,325.000,-1,850.000,800.000,-1,625.000,725.000,-1,-1,2,0,2,0,2,0,0,0,0,2,0,0,2,0,0,2,2
127,-8941.320,-9313.070,221.157,111.587,-0.367791,-0.929807,0.013779,0.929853,-0.367891,-0.005503,0.010186,0.010789,0.999890,0,0.72000,-0.37261,43.200,-0.745,-1,375.000,-1,375.000,-1,300.000,300.000,325.000,325.000,-1,775.000,725.000,-1,625.000,725.000,-1,-1,2,0,2,0,2,0,0,0,0,2,0,0,2,0,0,2,2
128,-8958.391,-9268.208,221.610,110.832,-0.355473,-0.934557,0.015573,0.934608,-0.355610,-0.007014,0.012093,0.012061,0.999854,0,0.80000,-0.37725,48.000,-0.754,-1,375.000,-1,375.000,-1,300.000,300.000,325.000,325.000,-1,725.000,650.000,-1,625.000,725.000,-1,-1,2,0,2,0,2,0,0,0,0,2,0,0,2,0,0,2,2
129,-8976.508,-9218.613,222.145,110.067,-0.342905,-0.939208,0.017471,0.939262,-0.343088,-0.008788,0.014248,0.013397,0.999809,0,0.88000,-0.38269,52.800,-0.765,-1,375.000,-1,375.000,-1,300.000,300.000,325.000,325.000,-1,675.000,575.000,-1,625.000,-1,-1,-1,2,0,2,0,2,0,0,0,0,2,0,0,2,0,2,2,2
130,-8995.013,-9165.741,222.777,109.289,-0.330059,-0.943763,0.019324,0.943814,-0.330299,-0.010841,0.016614,0.014660,0.999754,0,0.93361,-0.38898,56.017,-0.778,-1,350.000,-1,400.000,-1,300.000,300.000,325.000,325.000,-1,600.000,500.000,-1,625.000,-1,-1,-1,2,0,2,0,2,0,0,0,0,2,0,0,2,0,2,2,2
131,-9012.778,-9112.640,223.507,108.497,-0.316916,-0.948217,0.021196,0.948267,-0.317218,-0.012769,0.018831,0.016053,0.999694,0,0.93322,-0.39593,55.993,-0.792,-1,350.000,-1,400.000,-1,300.000,300.000,300.000,325.000,-1,575.000,475.000,-1,625.000,-1,-1,-1,2,0,2,0,2,0,0,0,0,2,0,0,2,0,2,2,2
132,-9029.779,-9059.341,224.589,107.691,-0.303463,-0.952543,0.023899,0.952628,-0.303832,-0.013640,0.020254,0.018627,0.999621,0,0.93242,-0.40306,55.945,-0.806,-1,350.000,-1,400.000,-1,300.000,325.000,300.000,325.000,-1,575.000,475.000,-1,625.000,-1,-1,-1,2,0,2,0,2,0,0,0,1,2,0,0,2,0,2,2,2
133,-9045.995,-9005.874,225.787,106.870,-0.289692,-0.956744,0.026832,0.956873,-0.290141,-0.014589,0.021743,0.021448,0.999533,0,0.93120,-0.41037,55.872,-0.821,-1,350.000,-1,400.000,-1,300.000,325.000,300.000,325.000,-1,600.000,475.000,-1,650.000,-1,-1,-1,2,0,2,0,2,0,0,0,1,2,0,0,2,0,2,2,2
134,-9061.401,-8952.272,227.047,106.035,-0.275604,-0.960810,0.029770,0.960993,-0.276138,-0.015533,0.023145,0.024328,0.999436,0,0.92954,-0.41783,55.772,-0.836,-1,350.000,-1,400.000,-1,300.000,325.000,300.000,350.000,-1,600.000,475.000,-1,650.000,-1,-1,-1,2,0,2,0,2,0,0,0,1,2,0,0,2,0,2,2,2
135,-9075.977,-8898.568,228.362,105.184,-0.261195,-0.964732,0.032709,0.964976,-0.261819,-0.016469,0.024452,0.027262,0.999329,0,0.92743,-0.42544,55.646,-0.851,-1,375.000,-1,400.000,-1,300.000,325.000,300.000,375.000,-1,600.000,500.000,-1,650.000,-1,-1,-1,2,0,2,1,2,0,0,0,1,2,0,0,2,0,2,2,2
