timestep,x_cm,y_cm,z_cm,yaw_deg,basis_xx,basis_xy,basis_xz,basis_yx,basis_yy,basis_yz,basis_zx,basis_zy,basis_zz,teleport_flag,throttle_cmd,steering_cmd,cmd_move_cm,cmd_turn_deg,lidar_cm_0,lidar_cm_1,lidar_cm_2,lidar_cm_3,lidar_cm_4,lidar_cm_5,lidar_cm_6,lidar_cm_7,lidar_cm_8,lidar_cm_9,lidar_cm_10,lidar_cm_11,lidar_cm_12,lidar_cm_13,lidar_cm_14,lidar_cm_15,lidar_cm_16,lidar_class_0,lidar_class_1,lidar_class_2,lidar_class_3,lidar_class_4,lidar_class_5,lidar_class_6,lidar_class_7,lidar_class_8,lidar_class_9,lidar_class_10,lidar_class_11,lidar_class_12,lidar_class_13,lidar_class_14,lidar_class_15,lidar_class_16
0,-4923.958,326.198,-299.741,-158.395,-0.928205,0.368150,0.053860,-0.368491,-0.929624,0.003821,0.051476,-0.016300,0.998541,1,0.08000,-0.12000,4.800,-0.240,-1,375.000,-1,375.000,-1,300.000,300.000,300.000,300.000,-1,500.000,500.000,-1,675.000,700.000,-1,-1,2,0,2,0,2,0,0,0,0,2,0,0,2,0,0,2,2
1,-4932.913,322.738,-299.233,-158.875,-0.931241,0.360353,0.054195,-0.360670,-0.932684,0.004147,0.052041,-0.015684,0.998522,0,0.16000,-0.24000,9.600,-0.480,-1,375.000,-1,375.000,-1,300.000,300.000,300.000,300.000,-1,525.000,500.000,-1,675.000,700.000,-1,-1,2,0,2,0,2,0,0,0,0,2,0,0,2,0,0,2,2
2,-4946.389,317.664,-298.476,-159.369,-0.934282,0.352312,0.054706,-0.352600,-0.935763,0.004623,0.052821,-0.014970,0.998492,0,0.24000,-0.24668,14.400,-0.493,-1,375.000,-1,375.000,-1,300.000,300.000,300.000,300.000,-1,525.000,500.000,-1,675.000,700.000,-1,-1,2,0,2,0,2,0,0,0,0,2,0,0,2,0,0,2,2
3,-4964.416,311.054,-297.468,-159.862,-0.937244,0.344245,0.055399,-0.344497,-0.938773,0.005241,0.053811,-0.014173,0.998451,0,0.32000,-0.24668,19.200,-0.493,-1,375.000,-1,375.000,-1,300.000,300.000,300.000,300.000,-1,525.000,500.000,-1,700.000,700.000,-1,-1,2,0,2,0,2,0,0,0,0,2,0,0,2,0,0,2,2
4,-4987.019,302.986,-296.207,-160.356,-0.940125,0.336153,0.056277,-0.336362,-0.941714,0.005993,0.055011,-0.013296,0.998397,0,0.40000,-0.24668,24.000,-0.493,-1,375.000,-1,375.000,-1,300.000,325.000,300.000,300.000,-1,525.000,500.000,-1,700.000,700.000,-1,-1,2,0,2,0,2,0,0,0,0,2,0,0,2,0,0,2,2
5,-5014.225,293.538,-294.688,-160.849,-0.942923,0.328036,0.057344,-0.328196,-0.944585,0.006870,0.056420,-0.012343,0.998331,0,0.48000,-0.24668,28.800,-0.493,-1,375.000,-1,375.000,-1,300.000,325.000,300.000,300.000,-1,525.000,475.000,-1,700.000,700.000,-1,-1,2,0,2,0,2,0,0,0,0,2,0,0,2,0,0,2,2
6,-5046.060,282.789,-292.910,-161.342,-0.945639,0.319894,0.058604,-0.319997,-0.947386,0.007863,0.058036,-0.011318,0.998250,0,0.56000,-0.24668,33.600,-0.493,-1,375.000,-1,375.000,-1,325.000,325.000,300.000,300.000,-1,525.000,475.000,-1,700.000,700.000,-1,-1,2,0,2,0,2,0,0,0,0,2,0,0,2,0,0,2,2
7,-5082.546,270.818,-290.867,-161.836,-0.948271,0.311728,0.060060,-0.311767,-0.950116,0.008962,0.059857,-0.010226,0.998155,0,0.64000,-0.24668,38.400,-0.493,-1,375.000,-1,375.000,-1,325.000,325.000,300.000,300.000,-1,525.000,450.000,-1,700.000,700.000,-1,-1,2,0,2,0,2,0,0,0,0,2,0,0,2,0,0,2,2
8,-5123.708,257.704,-288.557,-162.329,-0.950818,0.303538,0.061715,-0.303504,-0.952776,0.010157,0.061884,-0.009073,0.998042,0,0.72000,-0.24668,43.200,-0.493,-1,375.000,-1,375.000,-1,325.000,325.000,300.000,300.000,-1,500.000,425.000,-1,700.000,700.000,-1,-1,2,0,2,0,2,0,0,0,0,2,0,0,2,0,0,2,2
9,-5169.567,243.528,-285.859,-162.822,-0.953293,0.295325,0.063373,-0.295239,-0.955361,0.010928,0.063772,-0.008293,0.997930,0,0.80000,-0.24668,48.000,-0.493,-1,375.000,-1,375.000,-1,325.000,325.000,300.000,300.000,-1,475.000,425.000,-1,700.000,700.000,-1,-1,2,0,2,0,2,0,0,0,0,2,0,0,2,0,0,2,2
10,-5220.145,228.369,-282.596,-163.316,-0.955689,0.287087,0.065119,-0.287017,-0.957867,0.010633,0.065428,-0.008529,0.997821,0,0.88000,-0.24668,52.800,-0.493,-1,375.000,-1,375.000,-1,325.000,325.000,300.000,300.000,-1,500.000,425.000,-1,700.000,725.000,-1,-1,2,0,2,0,2,0,0,0,0,2,0,0,2,0,0,2,2
11,-5271.605,213.432,-279.199,-163.813,-0.958013,0.278758,0.067119,-0.278722,-0.960319,0.010088,0.067267,-0.009043,0.997694,0,0.89307,-0.24873,53.584,-0.497,-1,375.000,-1,375.000,-1,325.000,325.000,300.000,300.000,-1,500.000,450.000,-1,725.000,725.000,-1,-1,2,0,2,0,2,0,0,0,0,2,0,0,2,0,0,2,2
12,-5323.313,198.916,-275.630,-164.318,-0.960341,0.270279,0.068517,-0.270248,-0.962740,0.009890,0.068637,-0.009019,0.997601,0,0.89510,-0.25264,53.706,-0.505,-1,375.000,-1,375.000,-1,325.000,325.000,300.000,300.000,-1,525.000,475.000,-1,725.000,725.000,-1,-1,2,0,2,0,2,0,0,0,0,2,0,0,2,0,0,2,2
13,-5375.259,184.833,-271.754,-164.832,-0.962671,0.261648,0.069312,-0.261551,-0.965131,0.010629,0.069676,-0.007897,0.997538,0,0.89702,-0.25657,53.821,-0.513,-1,375.000,-1,375.000,-1,325.000,325.000,300.000,300.000,-1,550.000,500.000,-1,725.000,725.000,-1,-1,2,0,2,0,2,0,0,0,0,2,0,0,2,0,0,2,2
14,-5427.435,171.196,-267.823,-165.353,-0.964953,0.252862,0.070190,-0.252694,-0.967479,0.011415,0.070794,-0.006722,0.997468,0,0.89881,-0.26054,53.929,-0.521,-1,375.000,-1,375.000,-1,325.000,325.000,300.000,300.000,-1,575.000,550.000,-1,725.000,750.000,-1,-1,2,0,2,0,2,0,0,0,0,2,0,0,2,0,0,2,2
15,-5479.833,158.017,-263.857,-165.882,-0.967184,0.243920,0.071125,-0.243684,-0.969779,0.012106,0.071928,-0.005624,0.997394,0,0.90049,-0.26453,54.029,-0.529,-1,375.000,-1,375.000,-1,325.000,325.000,300.000,300.000,-1,600.000,575.000,-1,725.000,750.000,-1,-1,2,0,2,0,2,0,0,0,0,2,0,0,2,0,0,2,2
16,-5532.442,145.308,-259.873,-166.419,-0.969365,0.234819,0.072052,-0.234517,-0.972028,0.012748,0.073030,-0.004540,0.997319,0,0.90203,-0.26855,54.122,-0.537,-1,375.000,-1,375.000,-1,325.000,325.000,300.000,300.000,-1,625.000,600.000,-1,750.000,750.000,-1,-1,2,0,2,0,2,0,0,0,0,2,0,0,2,0,0,2,2
17,-5585.252,133.081,-255.872,-166.964,-0.971492,0.225561,0.072972,-0.225193,-0.974223,0.013342,0.074100,-0.003471,0.997245,0,0.90345,-0.27259,54.207,-0.545,-1,375.000,-1,400.000,-1,325.000,325.000,300.000,300.000,-1,650.000,625.000,-1,750.000,750.000,-1,-1,2,0,2,0,2,0,0,0,0,2,0,0,2,0,0,2,2
18,-5638.253,121.347,-251.856,-167.517,-0.973562,0.216143,0.073883,-0.215710,-0.976359,0.013889,0.075138,-0.002415,0.997170,0,0.90473,-0.27664,54.284,-0.553,-1,400.000,-1,400.000,-1,325.000,325.000,300.000,300.000,-1,675.000,675.000,-1,750.000,775.000,-1,-1,2,0,2,0,2,0,0,0,0,2,0,0,2,0,0,2,2
19,-5691.433,110.120,-247.826,-168.079,-0.975570,0.206566,0.074785,-0.206069,-0.978432,0.014390,0.076145,-0.001373,0.997096,0,0.90587,-0.28072,54.352,-0.561,-1,400.000,-1,400.000,-1,325.000,325.000,300.000,300.000,-1,700.000,700.000,-1,775.000,775.000,-1,-1,2,0,2,0,2,0,0,0,0,2,0,0,2,0,0,2,2
20,-5744.781,99.410,-243.783,-168.648,-0.977513,0.196830,0.075679,-0.196269,-0.980438,0.014845,0.077120,-0.000342,0.997022,0,0.90688,-0.28480,54.413,-0.570,-1,400.000,-1,400.000,-1,325.000,325.000,300.000,300.000,-1,725.000,725.000,-1,775.000,775.000,-1,-1,2,0,2,0,2,0,0,0,0,2,0,0,2,0,0,2,2
21,-5798.286,89.228,-239.729,-169.226,-0.979385,0.186933,0.076563,-0.186311,-0.982372,0.015255,0.078065,0.000676,0.996948,0,0.90774,-0.28889,54.464,-0.578,-1,400.000,-1,400.000,-1,325.000,325.000,300.000,300.000,-1,750.000,750.000,-1,775.000,775.000,-1,-1,2,0,2,0,2,0,0,0,0,2,0,0,2,0,0,2,2
22,-5851.934,79.587,-235.651,-169.812,-0.981184,0.176877,0.077408,-0.176198,-0.984232,0.015567,0.078941,0.001635,0.996878,0,0.90845,-0.29297,54.507,-0.586,-1,400.000,-1,400.000,-1,325.000,325.000,300.000,300.000,-1,775.000,775.000,-1,800.000,800.000,-1,-1,2,0,2,0,2,0,0,0,0,2,0,0,2,0,0,2,2
23,-5905.712,70.497,-231.514,-170.406,-0.982947,0.166662,0.077708,-0.165951,-0.986011,0.015563,0.079215,0.002402,0.996855,0,0.90902,-0.29705,54.541,-0.594,-1,400.000,-1,400.000,1000.000,325.000,325.000,300.000,300.000,-1,800.000,825.000,-1,800.000,800.000,-1,-1,2,0,2,0,1,0,0,0,0,2,0,0,2,0,0,2,2
24,-5959.608,61.969,-227.360,-171.008,-0.984656,0.156288,0.077632,-0.155529,-0.987706,0.015767,0.079142,0.003451,0.996857,0,0.90944,-0.30112,54.566,-0.602,-1,400.000,-1,400.000,975.000,325.000,325.000,300.000,300.000,-1,850.000,875.000,-1,800.000,825.000,-1,-1,2,0,2,0,1,0,0,0,0,2,0,0,2,0,0,2,2
25,-6013.608,54.013,-223.224,-171.619,-0.986314,0.145757,0.077073,-0.144968,-0.989311,0.015771,0.078548,0.004382,0.996901,0,0.90971,-0.30518,54.583,-0.610,-1,400.000,-1,400.000,925.000,325.000,325.000,300.000,300.000,-1,925.000,925.000,-1,825.000,825.000,-1,-1,2,0,2,0,1,0,0,0,0,2,0,0,2,0,0,2,2
26,-6069.091,46.400,-218.975,-172.187,-0.987761,0.135934,0.076481,-0.135119,-0.990704,0.015760,0.077913,0.005233,0.996946,0,0.93338,-0.28423,56.003,-0.568,-1,400.000,-1,400.000,875.000,325.000,325.000,300.000,300.000,-1,1000.000,1000.000,-1,825.000,850.000,-1,-1,2,0,2,0,1,0,0,0,0,2,0,0,2,0,0,2,2
27,-6124.884,39.317,-214.697,-172.765,-0.989134,0.125939,0.075851,-0.125103,-0.992020,0.015702,0.077223,0.006042,0.996996,0,0.93735,-0.28880,56.241,-0.578,-1,400.000,-1,400.000,825.000,325.000,325.000,300.000,300.000,-1,-1,-1,-1,825.000,850.000,-1,-1,2,0,2,0,1,0,0,0,0,2,2,2,2,0,0,2,2
28,-6180.974,32.779,-210.395,-173.352,-0.990426,0.115769,0.075196,-0.114913,-0.993253,0.015621,0.076497,0.006830,0.997046,0,0.94118,-0.29351,56.471,-0.587,-1,400.000,-1,400.000,800.000,325.000,325.000,300.000,300.000,-1,-1,-1,-1,850.000,850.000,-1,-1,2,0,2,0,1,0,0,0,0,2,2,2,2,0,0,2,2
29,-6237.350,26.802,-206.082,-173.949,-0.991631,0.105417,0.074537,-0.104542,-0.994399,0.015553,0.075759,0.007631,0.997097,0,0.94487,-0.29837,56.692,-0.597,-1,400.000,-1,400.000,750.000,325.000,325.000,300.000,300.000,-1,-1,-1,-1,850.000,850.000,-1,-1,2,0,2,0,1,0,0,0,0,2,2,2,2,0,0,2,2
30,-6293.997,21.403,-201.757,-174.555,-0.992744,0.094879,0.073873,-0.093985,-0.995453,0.015500,0.075008,0.008444,0.997147,0,0.94839,-0.30341,56.903,-0.607,-1,400.000,-1,400.000,725.000,325.000,325.000,300.000,300.000,-1,-1,-1,-1,850.000,875.000,-1,-1,2,0,2,0,1,0,0,0,0,2,2,2,2,0,0,2,2
31,-6348.806,16.995,-197.585,-175.402,-0.994089,0.080156,0.073230,-0.079230,-0.996736,0.015467,0.074230,0.009574,0.997195,0,0.91644,-0.42341,54.986,-0.847,-1,400.000,-1,400.000,675.000,325.000,325.000,300.000,300.000,-1,-1,-1,-1,850.000,875.000,-1,-1,2,0,2,0,1,0,0,0,0,2,2,2,2,0,0,2,2
32,-6403.885,13.579,-193.409,-176.451,-0.995440,0.061895,0.072581,-0.060928,-0.998022,0.015462,0.073394,0.010969,0.997243,0,0.91975,-0.52446,55.185,-1.049,-1,400.000,-1,400.000,625.000,325.000,325.000,300.000,300.000,-1,-1,-1,-1,875.000,875.000,-1,-1,2,0,2,0,1,0,0,0,0,2,2,2,2,0,0,2,2
33,-6459.222,11.172,-189.230,-177.509,-0.996463,0.043451,0.071929,-0.042444,-0.998979,0.015480,0.072528,0.012372,0.997290,0,0.92315,-0.52913,55.389,-1.058,-1,400.000,-1,425.000,600.000,325.000,325.000,300.000,300.000,-1,-1,-1,-1,875.000,875.000,-1,950.000,2,0,2,0,1,0,0,0,0,2,2,2,2,0,1,2,1
34,-6514.791,9.791,-185.048,-178.577,-0.997148,0.024826,0.071273,-0.023778,-0.999597,0.015523,0.071630,0.013784,0.997336,0,0.92643,-0.53392,55.586,-1.068,-1,425.000,-1,425.000,550.000,325.000,325.000,300.000,300.000,-1,-1,-1,-1,900.000,850.000,-1,825.000,2,0,2,0,1,0,0,0,0,2,2,2,2,0,1,2,1
35,-6570.564,9.455,-181.058,-179.655,-0.997495,0.006020,0.070485,-0.004923,-0.999864,0.015720,0.070570,0.015333,0.997389,0,0.92958,-0.53888,55.775,-1.078,-1,425.000,-1,425.000,525.000,350.000,350.000,300.000,300.000,-1,-1,-1,-1,925.000,825.000,-1,750.000,2,0,2,0,1,0,0,0,0,2,2,2,2,0,1,2,1
36,-6626.514,10.180,-177.873,-180.743,-0.997596,-0.012966,0.068070,0.014061,-0.999779,0.015628,0.067852,0.016548,0.997558,0,0.93257,-0.54400,55.954,-1.088,-1,425.000,-1,425.000,475.000,325.000,350.000,300.000,300.000,-1,-1,-1,-1,925.000,775.000,-1,675.000,2,0,2,0,1,0,0,0,0,2,2,2,2,0,1,2,1
37,-6682.607,11.984,-174.696,-181.842,-0.997326,-0.032132,0.065643,0.033225,-0.999326,0.015627,0.065096,0.017766,0.997721,0,0.93538,-0.54930,56.123,-1.099,-1,425.000,-1,425.000,425.000,325.000,325.000,300.000,300.000,-1,-1,-1,-1,925.000,750.000,-1,600.000,2,0,2,0,1,0,0,0,0,2,2,2,2,0,1,2,1
38,-6738.811,14.881,-171.530,-182.951,-0.996672,-0.051477,0.063206,0.052568,-0.998494,0.015717,0.062302,0.018987,0.997877,0,0.93798,-0.55481,56.279,-1.110,-1,425.000,-1,425.000,375.000,325.000,325.000,300.000,300.000,-1,-1,-1,-1,925.000,700.000,-1,525.000,2,0,2,0,1,0,0,0,0,2,2,2,2,0,1,2,1
39,-6795.089,18.888,-168.379,-184.072,-0.995624,-0.071002,0.060764,0.072090,-0.997271,0.015901,0.059469,0.020212,0.998025,0,0.94035,-0.56055,56.421,-1.121,-1,400.000,-1,400.000,350.000,325.000,325.000,300.000,300.000,-1,-1,-1,-1,925.000,675.000,-1,475.000,2,0,2,0,1,0,0,0,0,2,2,2,2,0,1,2,1
40,-6851.402,24.018,-165.245,-185.205,-0.994169,-0.090706,0.058319,0.091790,-0.995647,0.016179,0.056598,0.021438,0.998167,0,0.94245,-0.56653,56.547,-1.133,-1,400.000,-1,400.000,300.000,325.000,325.000,300.000,300.000,-1,-1,-1,-1,925.000,625.000,-1,400.000,2,0,2,0,1,0,0,0,0,2,2,2,2,0,1,2,1
41,-6907.709,30.284,-162.130,-186.351,-0.992294,-0.110590,0.055875,0.111668,-0.993608,0.016554,0.053688,0.022666,0.998301,0,0.94424,-0.57278,56.654,-1.146,-1,400.000,-1,400.000,250.000,325.000,325.000,300.000,300.000,-1,-1,-1,-1,925.000,600.000,-1,350.000,2,0,2,0,1,0,0,0,1,2,2,2,2,0,1,2,1
42,-6963.963,37.700,-159.038,-187.510,-0.989987,-0.130655,0.053437,0.131726,-0.991140,0.017026,0.050739,0.023895,0.998426,0,0.94569,-0.57931,56.742,-1.159,-1,425.000,-1,400.000,225.000,325.000,325.000,300.000,275.000,-1,-1,-1,-1,925.000,575.000,-1,300.000,2,0,2,1,1,0,0,0,1,2,2,2,2,0,1,2,1
43,-7020.118,46.276,-154.977,-188.682,-0.987105,-0.150914,0.053373,0.151828,-0.988315,0.013481,0.050715,0.021411,0.998484,0,0.94676,-0.58617,56.806,-1.172,-1,425.000,-1,400.000,200.000,350.000,350.000,300.000,250.000,-1,-1,-1,-1,950.000,550.000,-1,275.000,2,0,2,1,1,0,0,0,1,2,2,2,2,0,1,2,1
44,-7079.276,56.298,-149.910,-189.614,-0.984420,-0.166994,0.055043,0.167589,-0.985836,0.006353,0.053203,0.015479,0.998464,0,1.00000,-0.46617,60.000,-0.932,-1,450.000,-1,400.000,175.000,350.000,350.000,300.000,250.000,-1,-1,-1,-1,1000.000,525.000,-1,225.000,2,0,2,1,1,0,0,0,1,2,2,2,2,0,1,2,1
45,-7138.308,67.036,-144.517,-190.307,-0.982193,-0.178910,0.057341,0.179074,-0.983833,-0.002305,0.056826,0.008005,0.998352,0,1.00000,-0.34617,60.000,-0.692,-1,450.000,-1,375.000,175.000,375.000,375.000,300.000,225.000,-1,-1,-1,-1,-1,525.000,-1,225.000,2,0,2,1,1,0,0,0,1,2,2,2,2,2,1,2,1
46,-7197.253,78.238,-139.299,-190.759,-0.980571,-0.186676,0.060271,0.186150,-0.982418,-0.014275,0.061876,-0.002778,0.998080,0,1.00000,-0.22617,60.000,-0.452,-1,475.000,-1,400.000,150.000,400.000,400.000,300.000,225.000,-1,-1,-1,-1,-1,550.000,-1,200.000,2,0,2,1,1,0,0,0,1,2,2,2,2,2,1,2,1
47,-7256.114,89.880,-134.079,-191.187,-0.978955,-0.193993,0.063362,0.192472,-0.980864,-0.029346,0.067842,-0.016533,0.997559,0,1.00000,-0.21426,60.000,-0.429,-1,500.000,-1,400.000,150.000,425.000,425.000,275.000,225.000,-1,-1,-1,-1,-1,550.000,-1,225.000,2,0,2,1,1,0,0,0,1,2,2,2,2,2,1,2,1
48,-7314.881,101.985,-130.094,-191.640,-0.977238,-0.201690,0.065782,0.199397,-0.979110,-0.039804,0.072436,-0.025781,0.997040,0,1.00000,-0.22615,60.000,-0.452,-1,525.000,-1,400.000,150.000,425.000,450.000,275.000,200.000,-1,500.000,-1,-1,-1,575.000,-1,250.000,2,0,2,1,1,0,0,0,1,2,0,2,2,2,1,2,1
49,-7373.545,114.579,-126.554,-192.117,-0.975442,-0.209788,0.067092,0.206824,-0.977175,-0.048508,0.075737,-0.033440,0.996567,0,1.00000,-0.23854,60.000,-0.477,-1,525.000,-1,400.000,150.000,450.000,450.000,250.000,175.000,-1,175.000,-1,-1,-1,575.000,-1,250.000,2,0,2,1,1,0,1,0,1,2,0,2,2,2,1,2,1
50,-7432.097,127.686,-123.015,-192.620,-0.973494,-0.218290,0.068259,0.214609,-0.975014,-0.057359,0.079074,-0.041190,0.996017,0,1.00000,-0.25135,60.000,-0.503,-1,550.000,-1,400.000,150.000,450.000,450.000,250.000,175.000,925.000,150.000,600.000,-1,-1,575.000,-1,250.000,2,0,2,1,1,0,1,0,1,0,0,0,2,2,1,2,1
51,-7490.525,141.332,-119.476,-193.149,-0.971381,-0.227203,0.069264,0.222759,-0.972612,-0.066360,0.082444,-0.049032,0.995389,0,1.00000,-0.26450,60.000,-0.529,-1,575.000,-1,375.000,150.000,475.000,425.000,250.000,150.000,750.000,125.000,425.000,-1,-1,650.000,-1,250.000,2,0,2,1,1,0,1,0,1,0,0,0,2,2,1,2,1
52,-7548.823,155.523,-115.959,-193.684,-0.969178,-0.236181,0.070087,0.230937,-0.970041,-0.075418,0.085799,-0.056907,0.994686,0,1.00000,-0.26765,60.000,-0.535,-1,575.000,-1,375.000,125.000,500.000,425.000,250.000,125.000,650.000,100.000,325.000,-1,-1,-1,-1,250.000,2,0,2,1,1,0,1,0,1,0,0,0,2,2,2,2,1
53,-7606.871,170.234,-112.373,-194.224,-0.966919,-0.245196,0.070339,0.239120,-0.967282,-0.084777,0.088825,-0.065153,0.993914,0,0.99803,-0.27021,59.882,-0.540,-1,600.000,-1,375.000,125.000,525.000,425.000,250.000,125.000,575.000,100.000,325.000,-1,-1,-1,-1,250.000,2,0,2,1,1,0,1,0,1,0,0,0,2,2,2,2,1
54,-7664.159,185.328,-107.747,-194.769,-0.964897,-0.254153,0.066184,0.247273,-0.964067,-0.097110,0.088486,-0.077336,0.993071,0,0.98738,-0.27219,59.243,-0.544,-1,600.000,-1,400.000,150.000,525.000,425.000,250.000,125.000,525.000,125.000,375.000,-1,-1,-1,-1,250.000,2,0,2,1,1,0,1,0,1,0,0,0,2,2,2,2,1
55,-3607.628,983.898,-337.575,161.010,-0.945370,-0.325373,0.020221,0.325008,-0.945513,-0.019351,0.025416,-0.011722,0.999608,1,0.00000,0.00000,58.573,-0.547,-1,400.000,-1,400.000,-1,325.000,325.000,300.000,300.000,-1,-1,-1,-1,725.000,750.000,-1,-1,2,0,2,0,2,0,0,0,0,2,2,2,2,0,0,2,2
56,-3612.173,985.441,-337.452,161.250,-0.946724,-0.321409,0.020227,0.321044,-0.946867,-0.019343,0.025369,-0.011819,0.999608,0,0.08000,0.12000,4.800,0.240,-1,400.000,-1,400.000,-1,325.000,325.000,300.000,300.000,-1,-1,-1,-1,725.000,750.000,-1,-1,2,0,2,0,2,0,0,0,0,2,2,2,2,0,0,2,2
57,-3621.289,988.451,-337.207,161.730,-0.949384,-0.313465,0.020239,0.313099,-0.949524,-0.019326,0.025276,-0.012011,0.999608,0,0.16000,0.24000,9.600,0.480,-1,400.000,-1,400.000,-1,325.000,325.000,300.000,300.000,-1,-1,-1,-1,725.000,750.000,-1,-1,2,0,2,0,2,0,0,0,0,2,2,2,2,0,0,2,2
58,-3635.019,992.793,-336.841,162.450,-0.953249,-0.301507,0.020260,0.301140,-0.953385,-0.019299,0.025134,-0.012296,0.999608,0,0.24000,0.36000,14.400,0.720,-1,400.000,-1,400.000,-1,325.000,325.000,300.000,300.000,-1,-1,-1,-1,725.000,750.000,-1,-1,2,0,2,0,2,0,0,0,0,2,2,2,2,0,0,2,2
59,-3653.420,998.275,-336.359,163.410,-0.958167,-0.285490,0.020291,0.285121,-0.958298,-0.019258,0.024943,-0.012667,0.999609,0,0.32000,0.48000,19.200,0.960,-1,400.000,-1,400.000,-1,325.000,325.000,300.000,300.000,-1,-1,-1,-1,725.000,750.000,-1,-1,2,0,2,0,2,0,0,0,0,2,2,2,2,0,0,2,2
60,-3676.559,1004.644,-335.765,164.610,-0.963936,-0.265357,0.020336,0.264986,-0.964061,-0.019201,0.024700,-0.013120,0.999609,0,0.40000,0.60000,24.000,1.200,-1,400.000,-1,400.000,-1,325.000,325.000,300.000,300.000,-1,-1,-1,-1,725.000,750.000,-1,-1,2,0,2,0,2,0,0,0,0,2,2,2,2,0,0,2,2
61,-3704.509,1011.592,-335.063,166.039,-0.970249,-0.241247,0.020398,0.240875,-0.970368,-0.019123,0.024407,-0.013641,0.999609,0,0.48000,0.71401,28.800,1.428,-1,400.000,-1,400.000,-1,325.000,325.000,300.000,300.000,-1,-1,-1,-1,725.000,750.000,-1,-1,2,0,2,0,2,0,0,0,0,2,2,2,2,0,0,2,2
62,-3737.308,1018.884,-334.261,167.467,-0.975959,-0.216988,0.020478,0.216614,-0.976072,-0.019023,0.024116,-0.014130,0.999609,0,0.56000,0.71401,33.600,1.428,-1,375.000,-1,400.000,-1,325.000,325.000,300.000,300.000,-1,-1,-1,-1,725.000,750.000,-1,-1,2,0,2,0,2,0,0,0,0,2,2,2,2,0,0,2,2
63,-3774.989,1026.280,-333.361,168.895,-0.981063,-0.192595,0.020577,0.192219,-0.981170,-0.018899,0.023829,-0.014586,0.999610,0,0.64000,0.71401,38.400,1.428,-1,375.000,-1,400.000,-1,325.000,325.000,300.000,300.000,-1,-1,-1,-1,725.000,750.000,-1,-1,2,0,2,0,2,0,0,0,0,2,2,2,2,0,0,2,2
64,-3817.574,1033.542,-332.370,170.323,-0.985556,-0.168082,0.020697,0.167706,-0.985659,-0.018748,0.023551,-0.015006,0.999610,0,0.72000,0.71401,43.200,1.428,-1,375.000,-1,400.000,-1,325.000,325.000,300.000,300.000,-1,-1,-1,-1,725.000,750.000,-1,-1,2,0,2,0,2,0,0,0,0,2,2,2,2,0,0,2,2
65,-3864.833,1040.393,-331.296,171.751,-0.989436,-0.143465,0.020839,0.143088,-0.989536,-0.018566,0.023284,-0.015388,0.999610,0,0.79589,0.71401,47.754,1.428,-1,375.000,-1,400.000,-1,325.000,325.000,300.000,300.000,-1,-1,-1,-1,700.000,750.000,-1,-1,2,0,2,0,2,0,0,0,0,2,2,2,2,0,0,2,2
66,-3912.249,1046.065,-330.221,173.179,-0.992701,-0.118760,0.021000,0.118385,-0.992800,-0.018275,0.023019,-0.015655,0.999612,0,0.79589,0.71401,47.754,1.428,-1,375.000,-1,375.000,-1,325.000,325.000,300.000,300.000,-1,-1,-1,-1,700.000,725.000,-1,-1,2,0,2,0,2,0,0,0,0,2,2,2,2,0,0,2,2
67,-3959.791,1050.554,-329.029,174.607,-0.995341,-0.093981,0.021548,0.093614,-0.995455,-0.017476,0.023093,-0.015377,0.999615,0,0.79589,0.71401,47.754,1.428,-1,375.000,-1,375.000,-1,325.000,325.000,300.000,300.000,-1,-1,-1,-1,700.000,725.000,-1,-1,2,0,2,0,2,0,0,0,0,2,2,2,2,0,0,2,2
68,-4007.430,1053.856,-327.689,176.035,-0.997355,-0.069144,0.022386,0.068765,-0.997483,-0.017290,0.023525,-0.015704,0.999600,0,0.79589,0.71401,47.754,1.428,-1,375.000,-1,375.000,-1,325.000,325.000,300.000,300.000,-1,-1,-1,-1,700.000,725.000,-1,-1,2,0,2,0,2,0,0,0,0,2,2,2,2,0,0,2,2
69,-4055.137,1055.970,-326.360,177.463,-0.998749,-0.044264,0.023260,0.043872,-0.998891,-0.017086,0.023991,-0.016044,0.999583,0,0.79589,0.71401,47.754,1.428,-1,375.000,-1,375.000,-1,325.000,325.000,300.000,300.000,-1,-1,-1,-1,700.000,725.000,-1,-1,2,0,2,0,2,0,0,0,0,2,2,2,2,0,0,2,2
70,-4102.882,1056.894,-325.050,178.891,-0.999521,-0.019356,0.024147,0.018953,-0.999679,-0.016830,0.024465,-0.016364,0.999567,0,0.79589,0.71401,47.754,1.428,-1,375.000,-1,400.000,-1,325.000,325.000,300.000,300.000,-1,-1,-1,-1,700.000,725.000,-1,-1,2,0,2,0,2,0,0,0,0,2,2,2,2,0,0,2,2
71,-4150.635,1056.629,-323.761,180.319,-0.999671,0.005563,0.025044,-0.005978,-0.999846,-0.016521,0.024948,-0.016665,0.999550,0,0.79589,0.71401,47.754,1.428,-1,375.000,-1,400.000,-1,325.000,325.000,300.000,300.000,-1,-1,-1,-1,700.000,725.000,-1,-1,2,0,2,0,2,0,0,0,0,2,2,2,2,0,0,2,2
72,-4198.366,1055.173,-322.490,181.747,-0.999199,0.030478,0.025950,-0.030904,-0.999392,-0.016159,0.025441,-0.016948,0.999533,0,0.79589,0.71401,47.754,1.428,-1,375.000,-1,400.000,-1,325.000,325.000,300.000,300.000,-1,-1,-1,-1,675.000,725.000,-1,-1,2,0,2,0,2,0,0,0,0,2,2,2,2,0,0,2,2
73,-4246.046,1052.528,-321.237,183.175,-0.998104,0.055374,0.026862,-0.055810,-0.998317,-0.015744,0.025945,-0.017214,0.999515,0,0.79589,0.71401,47.754,1.428,-1,375.000,-1,400.000,-1,325.000,325.000,300.000,300.000,-1,-1,-1,-1,675.000,725.000,-1,-1,2,0,2,0,2,0,0,0,0,2,2,2,2,0,0,2,2
74,-4293.646,1048.696,-320.003,184.603,-0.996389,0.080236,0.027781,-0.080681,-0.996623,-0.015277,0.026461,-0.017463,0.999497,0,0.79589,0.71401,47.754,1.428,-1,375.000,-1,400.000,-1,325.000,325.000,300.000,300.000,-1,-1,-1,-1,675.000,700.000,-1,-1,2,0,2,0,2,0,0,0,0,2,2,2,2,0,0,2,2
75,-4341.135,1043.679,-318.785,186.031,-0.994053,0.105048,0.028702,-0.105501,-0.994310,-0.014756,0.026989,-0.017696,0.999479,0,0.79589,0.71401,47.754,1.428,-1,375.000,-1,375.000,-1,325.000,325.000,300.000,300.000,-1,-1,975.000,-1,675.000,700.000,-1,-1,2,0,2,0,2,0,0,0,0,2,2,0,2,0,0,2,2
76,-4388.485,1037.480,-317.585,187.459,-0.991098,0.129794,0.029626,-0.130255,-0.991379,-0.014183,0.027530,-0.017916,0.999460,0,0.79589,0.71401,47.754,1.428,-1,375.000,-1,375.000,-1,325.000,325.000,300.000,300.000,-1,975.000,900.000,-1,675.000,700.000,-1,-1,2,0,2,0,2,0,0,0,0,2,0,0,2,0,0,2,2
77,-4435.665,1030.102,-316.401,188.887,-0.987527,0.154459,0.030550,-0.154927,-0.987833,-0.013557,0.028085,-0.018121,0.999441,0,0.79589,0.71401,47.754,1.428,-1,375.000,-1,375.000,-1,300.000,325.000,300.000,300.000,-1,900.000,850.000,-1,675.000,700.000,-1,-1,2,0,2,0,2,0,0,0,0,2,0,0,2,0,0,2,2
78,-4477.956,1022.588,-315.347,190.075,-0.984085,0.174907,0.031381,-0.175379,-0.984416,-0.012956,0.028626,-0.018254,0.999424,0,0.71589,0.59401,42.954,1.188,-1,375.000,-1,375.000,-1,300.000,300.000,300.000,300.000,-1,850.000,800.000,-1,675.000,700.000,-1,-1,2,0,2,0,2,0,0,0,0,2,0,0,2,0,0,2,2
79,-4515.406,1015.293,-314.419,191.023,-0.981031,0.191170,0.032120,-0.191645,-0.981386,-0.012398,0.029152,-0.018319,0.999407,0,0.63589,0.47401,38.154,0.948,-1,375.000,-1,375.000,-1,300.000,300.000,300.000,300.000,-1,800.000,750.000,-1,675.000,700.000,-1,-1,2,0,2,0,2,0,0,0,0,2,0,0,2,0,0,2,2
80,-4548.063,1008.512,-313.551,191.731,-0.978576,0.203282,0.032639,-0.203764,-0.978945,-0.012150,0.029482,-0.018540,0.999393,0,0.55589,0.35401,33.354,0.708,-1,375.000,-1,375.000,-1,300.000,300.000,300.000,300.000,-1,800.000,750.000,-1,650.000,675.000,-1,-1,2,0,2,0,2,0,0,0,0,2,0,0,2,0,0,2,2
81,-4575.972,1002.478,-312.627,192.199,-0.976852,0.211269,0.033553,-0.211782,-0.977237,-0.012527,0.030143,-0.019343,0.999358,0,0.47589,0.23401,28.554,0.468,-1,375.000,-1,375.000,-1,300.000,300.000,300.000,300.000,-1,775.000,725.000,-1,650.000,675.000,-1,-1,2,0,2,0,2,0,0,0,0,2,0,0,2,0,0,2,2
82,-4599.169,997.366,-311.847,192.427,-0.975975,0.215153,0.034380,-0.215695,-0.976376,-0.012878,0.030797,-0.019984,0.999326,0,0.39589,0.11401,23.754,0.228,-1,375.000,-1,375.000,-1,300.000,300.000,300.000,300.000,-1,750.000,700.000,-1,650.000,700.000,-1,-1,2,0,2,0,2,0,0,0,0,2,0,0,2,0,0,2,2
83,-4617.679,993.291,-311.228,192.415,-0.975997,0.214948,0.035038,-0.215511,-0.976413,-0.013156,0.031383,-0.020391,0.999299,0,0.31589,-0.00599,18.954,-0.012,-1,375.000,-1,375.000,-1,300.000,300.000,300.000,300.000,-1,725.000,700.000,-1,650.000,700.000,-1,-1,2,0,2,0,2,0,0,0,0,2,0,0,2,0,0,2,2
84,-4631.508,990.277,-310.768,192.297,-0.976420,0.212938,0.035525,-0.213518,-0.976848,-0.013365,0.031856,-0.020635,0.999279,0,0.23589,-0.05891,14.154,-0.118,-1,375.000,-1,375.000,-1,300.000,300.000,300.000,300.000,-1,725.000,675.000,-1,650.000,700.000,-1,-1,2,0,2,0,2,0,0,0,0,2,0,0,2,0,0,2,2
85,-4640.651,988.304,-310.441,192.179,-0.976847,0.210929,0.035750,-0.211515,-0.977283,-0.013430,0.032105,-0.020680,0.999271,0,0.15589,-0.05891,9.354,-0.118,-1,375.000,-1,375.000,-1,300.000,300.000,300.000,300.000,-1,725.000,675.000,-1,650.000,700.000,-1,-1,2,0,2,0,2,0,0,0,0,2,0,0,2,0,0,2,2
86,-4645.104,987.352,-310.279,192.062,-0.977276,0.208919,0.035840,-0.209506,-0.977715,-0.013448,0.032232,-0.020652,0.999267,0,0.07589,-0.05891,4.554,-0.118,-1,375.000,-1,375.000,-1,300.000,300.000,300.000,300.000,-1,725.000,675.000,-1,650.000,700.000,-1,-1,2,0,2,0,2,0,0,0,0,2,0,0,2,0,0,2,2
87,-4644.863,987.403,-310.290,191.944,-0.977704,0.206909,0.035823,-0.207494,-0.978144,-0.013444,0.032259,-0.020578,0.999268,0,-0.00411,-0.05891,-0.246,-0.118,-1,375.000,-1,375.000,-1,300.000,300.000,300.000,300.000,-1,725.000,675.000,-1,650.000,700.000,-1,-1,2,0,2,0,2,0,0,0,0,2,0,0,2,0,0,2,2
88,-4639.924,988.437,-310.475,191.826,-0.978132,0.204898,0.035700,-0.205479,-0.978570,-0.013416,0.032186,-0.020458,0.999272,0,-0.08411,-0.05891,-5.046,-0.118,-1,375.000,-1,375.000,-1,300.000,300.000,300.000,300.000,-1,725.000,675.000,-1,650.000,700.000,-1,-1,2,0,2,0,2,0,0,0,0,2,0,0,2,0,0,2,2
89,-4630.282,990.435,-310.830,191.708,-0.978560,0.202886,0.035454,-0.203459,-0.978992,-0.013349,0.032001,-0.020276,0.999282,0,-0.16411,-0.05891,-9.846,-0.118,-1,375.000,-1,375.000,-1,300.000,300.000,300.000,300.000,-1,725.000,700.000,-1,650.000,700.000,-1,-1,2,0,2,0,2,0,0,0,0,2,0,0,2,0,0,2,2
90,-4616.133,993.337,-311.310,191.590,-0.978993,0.200874,0.034952,-0.201429,-0.979415,-0.013127,0.031596,-0.019892,0.999303,0,-0.24072,-0.05891,-14.443,-0.118,-1,375.000,-1,375.000,-1,300.000,300.000,300.000,300.000,-1,725.000,700.000,-1,650.000,700.000,-1,-1,2,0,2,0,2,0,0,0,0,2,0,0,2,0,0,2,2
91,-4601.978,996.210,-311.791,191.473,-0.979422,0.198861,0.034453,-0.199399,-0.979833,-0.012905,0.031192,-0.019509,0.999323,0,-0.24072,-0.05891,-14.443,-0.118,-1,375.000,-1,375.000,-1,300.000,300.000,300.000,300.000,-1,750.000,700.000,-1,650.000,700.000,-1,-1,2,0,2,0,2,0,0,0,0,2,0,0,2,0,0,2,2
92,-4587.817,999.054,-312.270,191.355,-0.979846,0.196847,0.033956,-0.197368,-0.980248,-0.012681,0.030789,-0.019127,0.999343,0,-0.24072,-0.05891,-14.443,-0.118,-1,375.000,-1,375.000,-1,300.000,300.000,300.000,300.000,-1,750.000,725.000,-1,650.000,700.000,-1,-1,2,0,2,0,2,0,0,0,0,2,0,0,2,0,0,2,2
93,-4573.651,1001.869,-312.749,191.237,-0.980266,0.194833,0.033462,-0.195336,-0.980657,-0.012456,0.030388,-0.018746,0.999362,0,-0.24072,-0.05891,-14.443,-0.118,-1,375.000,-1,375.000,-1,300.000,300.000,300.000,300.000,-1,775.000,725.000,-1,650.000,700.000,-1,-1,2,0,2,0,2,0,0,0,0,2,0,0,2,0,0,2,2
94,-4559.478,1004.654,-313.228,191.119,-0.980681,0.192817,0.032971,-0.193304,-0.981063,-0.012229,0.029988,-0.018366,0.999381,0,-0.24072,-0.05891,-14.443,-0.118,-1,375.000,-1,375.000,-1,300.000,300.000,300.000,300.000,-1,800.000,750.000,-1,650.000,675.000,-1,-1,2,0,2,0,2,0,0,0,0,2,0,0,2,0,0,2,2
95,-4550.020,1006.534,-313.524,191.241,-0.980276,0.194909,0.032706,-0.195389,-0.980651,-0.012136,0.029707,-0.018287,0.999391,0,-0.16072,0.06109,-9.643,0.122,-1,375.000,-1,375.000,-1,300.000,300.000,300.000,300.000,-1,800.000,750.000,-1,650.000,675.000,-1,-1,2,0,2,0,2,0,0,0,0,2,0,0,2,0,0,2,2
96,-4545.275,1007.508,-313.650,191.604,-0.979027,0.201104,0.032618,-0.201584,-0.979396,-0.012139,0.029505,-0.018460,0.999394,0,-0.08072,0.18109,-4.843,0.362,-1,375.000,-1,375.000,-1,300.000,300.000,300.000,300.000,-1,800.000,750.000,-1,650.000,675.000,-1,-1,2,0,2,0,2,0,0,0,0,2,0,0,2,0,0,2,2
97,-4545.233,1007.517,-313.643,192.206,-0.976860,0.211385,0.032585,-0.211868,-0.977223,-0.012132,0.029278,-0.018755,0.999395,0,-0.00072,0.30109,-0.043,0.602,-1,375.000,-1,375.000,-1,300.000,300.000,300.000,300.000,-1,800.000,750.000,-1,650.000,675.000,-1,-1,2,0,2,0,2,0,0,0,0,2,0,0,2,0,0,2,2
98,-4549.866,1006.443,-313.492,193.048,-0.973644,0.225724,0.032655,-0.226214,-0.974002,-0.012150,0.029063,-0.019217,0.999393,0,0.07928,0.42109,4.757,0.842,-1,375.000,-1,375.000,-1,300.000,300.000,300.000,300.000,-1,775.000,725.000,-1,650.000,675.000,-1,-1,2,0,2,0,2,0,0,0,0,2,0,0,2,0,0,2,2
99,-4559.134,1004.110,-313.156,194.130,-0.969195,0.244075,0.033000,-0.244584,-0.969550,-0.012315,0.028989,-0.020007,0.999379,0,0.15928,0.54109,9.557,1.082,-1,375.000,-1,375.000,-1,300.000,300.000,300.000,300.000,-1,775.000,725.000,-1,650.000,675.000,-1,-1,2,0,2,0,2,0,0,0,0,2,0,0,2,0,0,2,2
100,-4572.971,1000.285,-312.668,195.452,-0.963286,0.266377,0.033531,-0.266911,-0.963640,-0.012529,0.028975,-0.021019,0.999359,0,0.23928,0.66109,14.357,1.322,-1,375.000,-1,375.000,-1,300.000,300.000,300.000,300.000,-1,750.000,725.000,-1,650.000,675.000,-1,-1,2,0,2,0,2,0,0,0,0,2,0,0,2,0,0,2,2
101,-4591.289,994.679,-312.034,197.014,-0.955639,0.292541,0.034262,-0.293107,-0.955994,-0.012773,0.029018,-0.022249,0.999331,0,0.31928,0.78109,19.157,1.562,-1,375.000,-1,375.000,-1,300.000,300.000,300.000,300.000,-1,725.000,700.000,-1,650.000,675.000,-1,-1,2,0,2,0,2,0,0,0,0,2,0,0,2,0,0,2,2
102,-4613.965,986.952,-311.260,198.817,-0.945931,0.322450,0.035205,-0.323057,-0.946290,-0.013020,0.029116,-0.023690,0.999295,0,0.39928,0.90109,23.957,1.802,-1,375.000,-1,375.000,-1,300.000,300.000,300.000,300.000,-1,700.000,675.000,-1,650.000,675.000,-1,-1,2,0,2,0,2,0,0,0,0,2,0,0,2,0,0,2,2
103,-4640.844,976.732,-310.356,200.817,-0.934058,0.355265,0.036374,-0.355919,-0.934423,-0.013243,0.029284,-0.025316,0.999251,0,0.47928,1.00000,28.757,2.000,-1,375.000,-1,375.000,-1,300.000,300.000,300.000,300.000,-1,650.000,650.000,-1,675.000,675.000,-1,-1,2,0,2,0,2,0,0,0,0,2,0,0,2,0,0,2,2
104,-4671.775,963.719,-309.303,202.817,-0.921041,0.387643,0.037646,-0.388347,-0.921416,-0.013352,0.029511,-0.026917,0.999202,0,0.55928,1.00000,33.557,2.000,-1,375.000,-1,375.000,-1,300.000,300.000,300.000,325.000,-1,625.000,625.000,-1,675.000,675.000,-1,-1,2,0,2,0,2,0,0,0,0,2,0,0,2,0,0,2,2
105,-4706.589,947.620,-308.062,204.817,-0.906903,0.419548,0.038822,-0.420294,-0.907291,-0.013241,0.029667,-0.028325,0.999158,0,0.63928,1.00000,38.357,2.000,-1,375.000,-1,375.000,-1,300.000,300.000,300.000,325.000,-1,625.000,625.000,-1,650.000,675.000,-1,-1,2,0,2,0,2,0,0,0,0,2,0,0,2,0,0,2,2
106,-4745.104,928.150,-306.693,206.817,-0.891652,0.450937,0.040158,-0.451731,-0.892059,-0.013049,0.029939,-0.029775,0.999108,0,0.71928,1.00000,43.157,2.000,-1,375.000,-1,375.000,-1,300.000,300.000,300.000,325.000,-1,600.000,625.000,-1,650.000,675.000,-1,-1,2,0,2,0,2,0,0,0,0,2,0,0,2,0,0,2,2
107,-4778.788,909.803,-305.379,208.577,-0.877318,0.478109,0.041532,-0.478935,-0.877764,-0.012332,0.030559,-0.030710,0.999061,0,0.63928,0.88000,38.357,1.760,-1,375.000,-1,375.000,-1,300.000,300.000,300.000,325.000,-1,600.000,625.000,-1,650.000,675.000,-1,-1,2,0,2,0,2,0,0,0,0,2,0,0,2,0,0,2,2
108,-4811.200,891.016,-304.050,210.097,-0.864257,0.501213,0.042955,-0.502067,-0.864754,-0.011385,0.031440,-0.031406,0.999012,0,0.62439,0.76000,37.463,1.520,-1,375.000,-1,375.000,-1,300.000,300.000,300.000,300.000,-1,575.000,600.000,-1,650.000,675.000,-1,-1,2,0,2,0,2,0,0,0,0,2,0,0,2,0,0,2,2
109,-4843.185,871.510,-302.727,211.377,-0.852773,0.520396,0.044339,-0.521273,-0.853327,-0.010357,0.032446,-0.031944,0.998963,0,0.62439,0.64000,37.463,1.280,-1,375.000,-1,375.000,-1,300.000,300.000,300.000,300.000,-1,575.000,600.000,-1,675.000,675.000,-1,-1,2,0,2,0,2,0,0,0,0,2,0,0,2,0,0,2,2
110,-4874.877,851.385,-301.400,212.417,-0.843113,0.535792,0.045691,-0.536687,-0.843731,-0.009260,0.033590,-0.032329,0.998913,0,0.62571,0.52000,37.542,1.040,-1,375.000,-1,375.000,-1,300.000,300.000,300.000,300.000,-1,550.000,575.000,-1,675.000,675.000,-1,-1,2,0,2,0,2,0,0,0,0,2,0,0,2,0,0,2,2
111,-4906.369,830.764,-300.062,213.217,-0.835473,0.547516,0.047019,-0.548423,-0.836162,-0.008105,0.034878,-0.032558,0.998861,0,0.62739,0.40000,37.643,0.800,-1,375.000,-1,375.000,-1,300.000,300.000,300.000,300.000,-1,550.000,575.000,-1,675.000,675.000,-1,-1,2,0,2,0,2,0,0,0,0,2,0,0,2,0,0,2,2
112,-4937.733,809.786,-298.708,213.777,-0.830003,0.555661,0.048333,-0.556576,-0.830768,-0.006906,0.036316,-0.032633,0.998807,0,0.62888,0.28000,37.733,0.560,-1,375.000,-1,375.000,-1,300.000,300.000,300.000,300.000,-1,525.000,550.000,-1,675.000,675.000,-1,-1,2,0,2,0,2,0,0,0,0,2,0,0,2,0,0,2,2
113,-4969.046,788.589,-297.333,214.097,-0.826805,0.560294,0.049641,-0.561210,-0.827654,-0.005674,0.037906,-0.032550,0.998751,0,0.63021,0.16000,37.813,0.320,-1,375.000,-1,375.000,-1,300.000,300.000,300.000,300.000,-1,525.000,525.000,-1,675.000,675.000,-1,-1,2,0,2,0,2,0,0,0,0,2,0,0,2,0,0,2,2
114,-5000.390,767.306,-295.931,214.177,-0.825938,0.561453,0.050954,-0.562364,-0.826878,-0.004418,0.039652,-0.032304,0.998691,0,0.63144,0.04000,37.886,0.080,-1,375.000,-1,375.000,-1,300.000,300.000,300.000,300.000,-1,500.000,500.000,-1,675.000,675.000,-1,-1,2,0,2,0,2,0,0,0,0,2,0,0,2,0,0,2,2
115,-5031.850,746.073,-294.498,214.017,-0.827417,0.559149,0.052283,-0.560049,-0.828453,-0.003151,0.041553,-0.031888,0.998627,0,0.63258,-0.08000,37.955,-0.160,-1,375.000,-1,375.000,-1,300.000,300.000,300.000,300.000,-1,475.000,475.000,-1,675.000,675.000,-1,-1,2,0,2,0,2,0,0,0,0,2,0,0,2,0,0,2,2
116,-5063.513,725.023,-292.921,213.617,-0.831215,0.553360,0.053623,-0.554249,-0.832348,-0.002088,0.043478,-0.031456,0.998559,0,0.63369,-0.20000,38.021,-0.400,-1,375.000,-1,375.000,-1,300.000,300.000,300.000,300.000,-1,450.000,450.000,-1,675.000,675.000,-1,-1,2,0,2,0,2,0,0,0,0,2,0,0,2,0,0,2,2
117,-5095.465,704.292,-291.173,212.977,-0.837259,0.544036,0.054979,-0.544916,-0.838490,-0.001228,0.045431,-0.030987,0.998487,0,0.63479,-0.32000,38.087,-0.640,-1,375.000,-1,375.000,-1,300.000,300.000,300.000,300.000,-1,450.000,450.000,-1,675.000,675.000,-1,-1,2,0,2,0,2,0,0,0,0,2,0,0,2,0,0,2,2
118,-5127.789,684.019,-289.394,212.097,-0.845429,0.531105,0.056370,-0.531970,-0.846763,-0.000420,0.047509,-0.030342,0.998410,0,0.63592,-0.44000,38.155,-0.880,-1,375.000,-1,375.000,-1,300.000,300.000,300.000,300.000,-1,450.000,450.000,-1,675.000,700.000,-1,-1,2,0,2,0,2,0,0,0,0,2,0,0,2,0,0,2,2
119,-5160.565,664.344,-287.580,210.977,-0.855561,0.514465,0.057799,-0.515310,-0.857004,0.000316,0.049697,-0.029514,0.998328,0,0.63713,-0.56000,38.228,-1.120,-1,375.000,-1,375.000,-1,300.000,300.000,325.000,300.000,-1,450.000,450.000,-1,675.000,700.000,-1,-1,2,0,2,0,2,0,0,0,0,2,0,0,2,0,0,2,2
120,-5193.867,645.413,-285.676,209.617,-0.867428,0.493991,0.059507,-0.494823,-0.868993,0.000863,0.052138,-0.028697,0.998227,0,0.63843,-0.68000,38.306,-1.360,-1,375.000,-1,375.000,-1,300.000,300.000,300.000,300.000,-1,425.000,425.000,-1,700.000,700.000,-1,-1,2,0,2,0,2,0,0,0,0,2,0,0,2,0,0,2,2
121,-5227.761,627.379,-283.709,208.017,-0.880773,0.469547,0.061357,-0.470366,-0.882470,0.001233,0.054725,-0.027774,0.998115,0,0.63988,-0.80000,38.393,-1.600,-1,375.000,-1,375.000,-1,300.000,300.000,300.000,300.000,-1,425.000,425.000,-1,700.000,700.000,-1,-1,2,0,2,0,2,0,0,0,0,2,0,0,2,0,0,2,2
122,-5262.304,610.400,-281.688,206.177,-0.895287,0.440983,0.063212,-0.441788,-0.897118,0.001371,0.057313,-0.026699,0.997999,0,0.64150,-0.92000,38.490,-1.840,-1,375.000,-1,375.000,-1,300.000,325.000,300.000,300.000,-1,400.000,425.000,-1,700.000,725.000,-1,-1,2,0,2,0,2,0,0,0,0,2,0,0,2,0,0,2,2
123,-5297.519,594.592,-279.617,204.177,-0.910025,0.409418,0.065050,-0.410211,-0.911990,0.001278,0.059848,-0.025521,0.997881,0,0.64334,-1.00000,38.600,-2.000,-1,375.000,-1,375.000,-1,300.000,325.000,300.000,300.000,-1,400.000,425.000,-1,700.000,725.000,-1,-1,2,0,2,0,2,0,0,0,0,2,0,0,2,0,0,2,2
124,-5333.377,579.976,-277.404,202.177,-0.923685,0.377356,0.066397,-0.378111,-0.925759,0.001279,0.061950,-0.023924,0.997792,0,0.64537,-1.00000,38.722,-2.000,-1,375.000,-1,375.000,-1,300.000,325.000,300.000,325.000,-1,400.000,425.000,-1,700.000,725.000,-1,-1,2,0,2,0,2,0,0,0,0,2,0,0,2,0,0,2,2
125,-5369.845,566.576,-274.970,200.177,-0.936269,0.344836,0.066993,-0.345506,-0.938415,0.001680,0.063447,-0.021573,0.997752,0,0.64753,-1.00000,38.852,-2.000,-1,375.000,-1,375.000,-1,300.000,325.000,300.000,325.000,-1,425.000,425.000,-1,700.000,750.000,-1,-1,2,0,2,0,2,0,0,0,0,2,0,0,2,0,0,2,2
126,-5406.888,554.414,-272.390,198.177,-0.947700,0.311893,0.067729,-0.312447,-0.949932,0.002532,0.065128,-0.018762,0.997701,0,0.64981,-1.00000,38.989,-2.000,-1,375.000,-1,375.000,-1,325.000,325.000,300.000,325.000,-1,450.000,450.000,-1,700.000,750.000,-1,-1,2,0,2,0,2,0,0,0,0,2,0,0,2,0,0,2,2
127,-5444.473,543.511,-269.769,196.177,-0.957975,0.278565,0.068451,-0.278999,-0.960286,0.003331,0.066661,-0.015907,0.997649,0,0.65222,-1.00000,39.133,-2.000,-1,375.000,-1,400.000,-1,325.000,325.000,300.000,300.000,-1,475.000,475.000,-1,700.000,750.000,-1,-1,2,0,2,0,2,0,0,0,0,2,0,0,2,0,0,2,2
128,-5482.562,533.890,-267.111,194.177,-0.967081,0.244892,0.069157,-0.245203,-0.969463,0.004082,0.068045,-0.013010,0.997597,0,0.65476,-1.00000,39.285,-2.000,-1,375.000,-1,400.000,-1,325.000,325.000,300.000,300.000,-1,500.000,500.000,-1,725.000,750.000,-1,-1,2,0,2,0,2,0,0,0,0,2,0,0,2,0,0,2,2
129,-5521.120,525.570,-264.418,192.177,-0.975006,0.210916,0.069843,-0.211102,-0.977452,0.004789,0.069278,-0.010075,0.997547,0,0.65742,-1.00000,39.445,-2.000,-1,375.000,-1,400.000,-1,325.000,325.000,300.000,300.000,-1,525.000,500.000,-1,725.000,775.000,-1,-1,2,0,2,0,2,0,0,0,0,2,0,0,2,0,0,2,2
130,-5560.109,518.571,-261.623,190.177,-0.981760,0.176680,0.070224,-0.176719,-0.984245,0.005706,0.070126,-0.006808,0.997515,0,0.66021,-1.00000,39.613,-2.000,-1,375.000,-1,400.000,-1,325.000,325.000,300.000,300.000,-1,575.000,550.000,-1,725.000,775.000,-1,-1,2,0,2,0,2,0,0,0,0,2,0,0,2,0,0,2,2
131,-5598.261,512.926,-258.896,188.417,-0.986705,0.146370,0.070631,-0.146274,-0.989222,0.006550,0.070828,-0.003868,0.997481,0,0.64278,-0.88000,38.567,-1.760,-1,375.000,-1,400.000,-1,325.000,325.000,300.000,300.000,-1,600.000,575.000,-1,725.000,775.000,-1,-1,2,0,2,0,2,0,0,0,0,2,0,0,2,0,0,2,2
132,-5636.715,508.275,-256.160,186.897,-0.990216,0.120079,0.071087,-0.119861,-0.992764,0.007337,0.071453,-0.001255,0.997443,0,0.64557,-0.76000,38.734,-1.520,-1,375.000,-1,400.000,-1,325.000,325.000,300.000,300.000,-1,650.000,600.000,-1,725.000,800.000,-1,-1,2,0,2,0,2,0,0,0,0,2,0,0,2,0,0,2,2
133,-5675.422,504.468,-253.416,185.617,-0.992621,0.097872,0.071581,-0.097544,-0.995198,0.008074,0.072027,0.001032,0.997402,0,0.64824,-0.64000,38.894,-1.280,-1,375.000,-1,400.000,-1,325.000,325.000,300.000,300.000,-1,675.000,625.000,-1,750.000,800.000,-1,-1,2,0,2,0,2,0,0,0,0,2,0,0,2,0,0,2,2
134,-5714.342,501.352,-250.664,184.577,-0.994200,0.079792,0.072105,-0.079366,-0.996807,0.008769,0.072575,0.002996,0.997358,0,0.65073,-0.52000,39.044,-1.040,-1,375.000,-1,400.000,975.000,325.000,325.000,300.000,300.000,-1,700.000,650.000,-1,750.000,800.000,-1,-1,2,0,2,0,1,0,0,0,0,2,0,0,2,0,0,2,2
