timestep,x_cm,y_cm,z_cm,yaw_deg,basis_xx,basis_xy,basis_xz,basis_yx,basis_yy,basis_yz,basis_zx,basis_zy,basis_zz,teleport_flag,throttle_cmd,steering_cmd,cmd_move_cm,cmd_turn_deg,lidar_cm_0,lidar_cm_1,lidar_cm_2,lidar_cm_3,lidar_cm_4,lidar_cm_5,lidar_cm_6,lidar_cm_7,lidar_cm_8,lidar_cm_9,lidar_cm_10,lidar_cm_11,lidar_cm_12,lidar_cm_13,lidar_cm_14,lidar_cm_15,lidar_cm_16,lidar_class_0,lidar_class_1,lidar_class_2,lidar_class_3,lidar_class_4,lidar_class_5,lidar_class_6,lidar_class_7,lidar_class_8,lidar_class_9,lidar_class_10,lidar_class_11,lidar_class_12,lidar_class_13,lidar_class_14,lidar_class_15,lidar_class_16
0,-5579.700,3609.808,50.817,152.918,-0.890276,-0.455087,-0.017464,0.455392,-0.889999,-0.022801,-0.005166,-0.028252,0.999587,1,0.08000,-0.12000,4.800,-0.240,-1,425.000,-1,425.000,-1,325.000,350.000,300.000,300.000,-1,-1,-1,-1,900.000,975.000,-1,-1,2,0,2,0,2,0,0,0,0,2,2,2,2,0,0,2,2
1,-5588.210,3614.250,50.767,152.438,-0.886425,-0.462527,-0.017860,0.462840,-0.886157,-0.022481,-0.005428,-0.028194,0.999588,0,0.16000,-0.24000,9.600,-0.480,-1,425.000,-1,425.000,-1,325.000,350.000,300.000,300.000,-1,-1,-1,-1,900.000,975.000,-1,-1,2,0,2,0,2,0,0,0,0,2,2,2,2,0,0,2,2
2,-5600.891,3621.073,50.693,151.718,-0.880532,-0.473627,-0.018453,0.473951,-0.880277,-0.021993,-0.005827,-0.028112,0.999588,0,0.24000,-0.36000,14.400,-0.720,-1,425.000,-1,425.000,-1,325.000,350.000,300.000,300.000,-1,-1,-1,-1,900.000,975.000,-1,-1,2,0,2,0,2,0,0,0,0,2,2,2,2,0,0,2,2
3,-5617.645,3630.452,50.600,150.758,-0.872458,-0.488311,-0.019243,0.488648,-0.872220,-0.021327,-0.006370,-0.028010,0.999587,0,0.32000,-0.48000,19.200,-0.960,-1,425.000,-1,425.000,-1,325.000,350.000,300.000,300.000,-1,-1,-1,-1,900.000,975.000,-1,-1,2,0,2,0,2,0,0,0,0,2,2,2,2,0,0,2,2
4,-5638.336,3642.612,50.488,149.558,-0.862019,-0.506472,-0.020227,0.506826,-0.861805,-0.020469,-0.007065,-0.027897,0.999586,0,0.40000,-0.60000,24.000,-1.200,-1,425.000,-1,425.000,-1,325.000,350.000,300.000,300.000,-1,-1,-1,-1,900.000,950.000,-1,-1,2,0,2,0,2,0,0,0,0,2,2,2,2,0,0,2,2
5,-5662.814,3657.788,50.358,148.201,-0.849758,-0.526739,-0.021404,0.527113,-0.849574,-0.019402,-0.007965,-0.027769,0.999583,0,0.48000,-0.67843,28.800,-1.357,-1,425.000,-1,425.000,-1,325.000,325.000,300.000,300.000,-1,-1,-1,-1,925.000,950.000,-1,-1,2,0,2,0,2,0,0,0,0,2,2,2,2,0,0,2,2
6,-5690.943,3676.165,50.191,146.844,-0.837011,-0.546710,-0.022838,0.547109,-0.836865,-0.018126,-0.009203,-0.027667,0.999575,0,0.56000,-0.67843,33.600,-1.357,-1,425.000,-1,425.000,-1,325.000,325.000,300.000,300.000,-1,-1,-1,-1,925.000,950.000,-1,-1,2,0,2,0,2,0,0,0,0,2,2,2,2,0,0,2,2
7,-5722.585,3697.921,49.811,145.487,-0.823793,-0.566363,-0.024447,0.566799,-0.823670,-0.017514,-0.010217,-0.028284,0.999548,0,0.64000,-0.67843,38.400,-1.357,-1,425.000,-1,425.000,-1,350.000,325.000,300.000,300.000,-1,-1,-1,-1,925.000,950.000,-1,-1,2,0,2,0,2,0,0,0,0,2,2,2,2,0,0,2,2
8,-5757.593,3723.234,49.346,144.130,-0.810105,-0.585695,-0.026304,0.586174,-0.810009,-0.016887,-0.011416,-0.029098,0.999511,0,0.72000,-0.67843,43.200,-1.357,-1,425.000,-1,425.000,-1,350.000,325.000,300.000,275.000,-1,-1,-1,-1,925.000,950.000,-1,-1,2,0,2,0,2,0,0,0,0,2,2,2,2,0,0,2,2
9,-5792.329,3749.625,48.857,142.773,-0.795956,-0.604695,-0.028236,0.605222,-0.795892,-0.016210,-0.012670,-0.029991,0.999470,0,0.72708,-0.67843,43.625,-1.357,-1,425.000,-1,425.000,-1,350.000,325.000,300.000,275.000,-1,-1,-1,-1,925.000,925.000,-1,-1,2,0,2,0,2,0,0,0,0,2,2,2,2,0,0,2,2
10,-5826.431,3776.832,48.313,141.417,-0.781351,-0.623351,-0.030412,0.623934,-0.781323,-0.015535,-0.014078,-0.031113,0.999417,0,0.72708,-0.67843,43.625,-1.357,-1,425.000,-1,425.000,-1,350.000,325.000,300.000,275.000,-1,-1,-1,-1,925.000,925.000,-1,-1,2,0,2,0,2,0,0,0,0,2,2,2,2,0,0,2,2
11,-5859.879,3804.838,47.709,140.060,-0.766294,-0.641650,-0.032846,0.642299,-0.766310,-0.014849,-0.015642,-0.032476,0.999350,0,0.72708,-0.67843,43.625,-1.357,-1,425.000,-1,425.000,-1,350.000,325.000,300.000,275.000,-1,-1,-1,-1,925.000,925.000,-1,-1,2,0,2,0,2,0,0,0,0,2,2,2,2,0,0,2,2
12,-5892.655,3833.628,47.080,138.703,-0.750799,-0.659583,-0.035360,0.660305,-0.750865,-0.014106,-0.017247,-0.033939,0.999275,0,0.72708,-0.67843,43.625,-1.357,-1,425.000,-1,425.000,-1,350.000,325.000,300.000,275.000,-1,-1,-1,-1,925.000,925.000,-1,-1,2,0,2,0,2,0,0,0,0,2,2,2,2,0,0,2,2
13,-5924.740,3863.186,46.425,137.346,-0.734873,-0.677142,-0.037951,0.677941,-0.734996,-0.013301,-0.018887,-0.035503,0.999191,0,0.72708,-0.67843,43.625,-1.357,-1,425.000,-1,425.000,-1,350.000,325.000,300.000,300.000,-1,-1,-1,-1,900.000,900.000,-1,-1,2,0,2,0,2,0,0,0,0,2,2,2,2,0,0,2,2
14,-5956.116,3893.496,45.645,135.989,-0.718518,-0.694324,-0.040569,0.695195,-0.718722,-0.011954,-0.020858,-0.036793,0.999105,0,0.72708,-0.67843,43.625,-1.357,-1,425.000,-1,425.000,-1,350.000,325.000,300.000,300.000,-1,-1,-1,-1,900.000,900.000,-1,-1,2,0,2,0,2,0,0,0,0,2,2,2,2,0,0,2,2
15,-5986.765,3924.540,44.753,134.632,-0.701768,-0.711120,-0.042787,0.712049,-0.702051,-0.010532,-0.022549,-0.037857,0.999029,0,0.72708,-0.67843,43.625,-1.357,-1,425.000,-1,425.000,-1,350.000,325.000,300.000,300.000,-1,-1,-1,-1,900.000,875.000,-1,-1,2,0,2,0,2,0,0,0,0,2,2,2,2,0,0,2,2
16,-6016.671,3956.302,43.689,133.275,-0.684645,-0.727528,-0.044320,0.728488,-0.684999,-0.009040,-0.023782,-0.038475,0.998977,0,0.72708,-0.67843,43.625,-1.357,-1,425.000,-1,400.000,-1,325.000,325.000,300.000,300.000,-1,-1,-1,-1,875.000,875.000,-1,-1,2,0,2,0,2,0,0,0,0,2,2,2,2,0,0,2,2
17,-6045.816,3988.762,42.607,131.919,-0.667135,-0.743523,-0.045880,0.744517,-0.667560,-0.007569,-0.025000,-0.039208,0.998918,0,0.72708,-0.67843,43.625,-1.357,-1,425.000,-1,400.000,-1,325.000,325.000,300.000,300.000,-1,-1,-1,-1,875.000,850.000,-1,-1,2,0,2,0,2,0,0,0,0,2,2,2,2,0,0,2,2
18,-6074.184,4021.904,41.508,130.562,-0.649245,-0.759096,-0.047466,0.760128,-0.649745,-0.006116,-0.026198,-0.040051,0.998854,0,0.72708,-0.67843,43.625,-1.357,-1,425.000,-1,400.000,-1,325.000,325.000,300.000,300.000,-1,-1,-1,-1,875.000,850.000,-1,-1,2,0,2,0,2,0,0,0,0,2,2,2,2,0,0,2,2
19,-6101.760,4055.708,40.375,129.205,-0.630989,-0.774237,-0.049097,0.775311,-0.631561,-0.004778,-0.027308,-0.041080,0.998783,0,0.72708,-0.67843,43.625,-1.357,-1,425.000,-1,400.000,-1,325.000,325.000,300.000,300.000,-1,-1,-1,-1,875.000,825.000,-1,-1,2,0,2,0,2,0,0,0,0,2,2,2,2,0,0,2,2
20,-6128.527,4090.156,39.222,127.848,-0.612374,-0.788937,-0.050760,0.790059,-0.613021,-0.003485,-0.028368,-0.042238,0.998705,0,0.72708,-0.67843,43.625,-1.357,-1,425.000,-1,400.000,-1,325.000,325.000,300.000,300.000,-1,-1,-1,-1,850.000,825.000,-1,-1,2,0,2,0,2,0,0,0,0,2,2,2,2,0,0,2,2
21,-6154.472,4125.228,38.052,126.491,-0.593412,-0.803188,-0.052452,0.804362,-0.594135,-0.002220,-0.029381,-0.043508,0.998621,0,0.72708,-0.67843,43.625,-1.357,-1,425.000,-1,400.000,-1,325.000,325.000,300.000,300.000,-1,-1,-1,-1,850.000,800.000,-1,-1,2,0,2,0,2,0,0,0,0,2,2,2,2,0,0,2,2
22,-6179.579,4160.904,36.875,125.134,-0.574116,-0.816982,-0.054138,0.818213,-0.574915,-0.000983,-0.030322,-0.044861,0.998533,0,0.72708,-0.67843,43.625,-1.357,-1,425.000,-1,400.000,-1,325.000,325.000,300.000,300.000,-1,-1,-1,-1,850.000,800.000,-1,-1,2,0,2,0,2,0,0,0,0,2,2,2,2,0,0,2,2
23,-6203.834,4197.165,35.682,123.777,-0.554508,-0.830311,-0.055717,0.831603,-0.555371,0.000008,-0.030951,-0.046330,0.998447,0,0.72708,-0.67843,43.625,-1.357,-1,425.000,-1,400.000,-1,325.000,325.000,300.000,300.000,-1,-1,-1,-1,850.000,800.000,-1,-1,2,0,2,0,2,0,0,0,0,2,2,2,2,0,0,2,2
24,-6227.223,4233.990,34.455,122.421,-0.534593,-0.843163,-0.057322,0.844528,-0.535512,0.000783,-0.031357,-0.047991,0.998355,0,0.72708,-0.67843,43.625,-1.357,-1,425.000,-1,400.000,-1,325.000,325.000,300.000,300.000,-1,-1,-1,-1,825.000,775.000,-1,-1,2,0,2,0,2,0,0,0,0,2,2,2,2,0,0,2,2
25,-6249.734,4271.358,33.227,121.064,-0.514382,-0.855535,-0.058910,0.856977,-0.515352,0.001497,-0.031640,-0.049714,0.998262,0,0.72708,-0.67843,43.625,-1.357,-1,425.000,-1,400.000,-1,325.000,325.000,300.000,300.000,-1,-1,-1,-1,800.000,775.000,-1,-1,2,0,2,0,2,0,0,0,0,2,2,2,2,0,0,2,2
26,-6271.354,4309.249,32.000,119.707,-0.493886,-0.867420,-0.060485,0.868945,-0.494904,0.002151,-0.031800,-0.051496,0.998167,0,0.72708,-0.67843,43.625,-1.357,-1,425.000,-1,400.000,-1,325.000,325.000,300.000,300.000,-1,-1,-1,-1,800.000,775.000,-1,-1,2,0,2,0,2,0,0,0,0,2,2,2,2,0,0,2,2
27,-6292.071,4347.641,30.776,118.350,-0.473118,-0.878811,-0.062050,0.880424,-0.474180,0.002746,-0.031836,-0.053331,0.998069,0,0.72708,-0.67843,43.625,-1.357,-1,400.000,-1,400.000,-1,325.000,325.000,300.000,300.000,-1,-1,-1,-1,775.000,775.000,-1,-1,2,0,2,0,2,0,0,0,0,2,2,2,2,0,0,2,2
28,-6309.839,4382.162,29.638,117.233,-0.455816,-0.887817,-0.063350,0.889499,-0.456924,0.003429,-0.031990,-0.054787,0.997985,0,0.64708,-0.55843,38.825,-1.117,-1,400.000,-1,400.000,-1,325.000,325.000,300.000,300.000,-1,-1,-1,-1,775.000,750.000,-1,-1,2,0,2,0,2,0,0,0,0,2,2,2,2,0,0,2,2
29,-6325.894,4414.565,28.570,116.356,-0.442098,-0.894641,-0.064552,0.896388,-0.443252,0.004035,-0.032222,-0.056080,0.997906,0,0.60269,-0.43843,36.162,-0.877,-1,400.000,-1,400.000,-1,325.000,325.000,300.000,300.000,-1,-1,-1,-1,750.000,750.000,-1,-1,2,0,2,0,2,0,0,0,0,2,2,2,2,0,0,2,2
30,-6341.588,4447.143,27.484,115.719,-0.432047,-0.899453,-0.065728,0.901261,-0.433252,0.004600,-0.032614,-0.057251,0.997827,0,0.60269,-0.31843,36.162,-0.637,-1,400.000,-1,400.000,-1,325.000,325.000,300.000,300.000,-1,-1,-1,-1,750.000,750.000,-1,-1,2,0,2,0,2,0,0,0,0,2,2,2,2,0,0,2,2
31,-6357.055,4479.830,26.283,115.322,-0.425752,-0.902395,-0.066471,0.904241,-0.426994,0.005029,-0.032921,-0.057965,0.997776,0,0.60269,-0.19843,36.162,-0.397,-1,400.000,-1,400.000,-1,325.000,325.000,300.000,300.000,-1,-1,-1,-1,725.000,750.000,-1,-1,2,0,2,0,2,0,0,0,0,2,2,2,2,0,0,2,2
32,-6372.433,4512.559,25.057,115.166,-0.423222,-0.903529,-0.067223,0.905409,-0.424506,0.005428,-0.033441,-0.058567,0.997723,0,0.60269,-0.07843,36.162,-0.157,-1,400.000,-1,400.000,-1,325.000,325.000,300.000,300.000,-1,-1,-1,-1,725.000,750.000,-1,-1,2,0,2,0,2,0,0,0,0,2,2,2,2,0,0,2,2
33,-6387.858,4545.266,23.785,115.249,-0.424469,-0.902889,-0.067955,0.904795,-0.425806,0.005859,-0.034226,-0.058998,0.997671,0,0.60269,0.04157,36.162,0.083,-1,400.000,-1,375.000,-1,325.000,325.000,300.000,300.000,-1,-1,-1,-1,700.000,725.000,-1,-1,2,0,2,0,2,0,0,0,0,2,2,2,2,0,0,2,2
34,-6403.467,4577.885,22.483,115.572,-0.429486,-0.900455,-0.068719,0.902386,-0.430883,0.006228,-0.035218,-0.059337,0.997617,0,0.60269,0.16157,36.162,0.323,-1,400.000,-1,375.000,-1,325.000,325.000,300.000,300.000,-1,-1,-1,-1,700.000,725.000,-1,-1,2,0,2,0,2,0,0,0,0,2,2,2,2,0,0,2,2
35,-6419.396,4610.349,21.154,116.135,-0.438244,-0.896162,-0.069535,0.898119,-0.439705,0.006495,-0.036396,-0.059604,0.997558,0,0.60269,0.28157,36.162,0.563,-1,400.000,-1,375.000,-1,325.000,325.000,300.000,300.000,-1,-1,-1,-1,700.000,725.000,-1,-1,2,0,2,0,2,0,0,0,0,2,2,2,2,0,0,2,2
36,-6435.779,4642.586,19.793,116.938,-0.450688,-0.889901,-0.070406,0.891883,-0.452218,0.006650,-0.037756,-0.059797,0.997496,0,0.60269,0.40157,36.162,0.803,-1,375.000,-1,375.000,-1,325.000,325.000,300.000,300.000,-1,-1,-1,-1,675.000,725.000,-1,-1,2,0,2,0,2,0,0,0,0,2,2,2,2,0,0,2,2
37,-6452.756,4674.541,18.398,117.981,-0.466737,-0.881515,-0.071331,0.883523,-0.468341,0.006681,-0.039297,-0.059904,0.997430,0,0.60308,0.52157,36.185,1.043,-1,375.000,-1,375.000,-1,325.000,300.000,300.000,300.000,-1,-1,-1,-1,675.000,700.000,-1,-1,2,0,2,0,2,0,0,0,0,2,2,2,2,0,0,2,2
38,-6470.473,4706.158,16.975,119.264,-0.486280,-0.870808,-0.072282,0.872838,-0.487965,0.006641,-0.041054,-0.059861,0.997362,0,0.60405,0.64157,36.243,1.283,-1,375.000,-1,375.000,-1,300.000,300.000,300.000,300.000,-1,-1,-1,-1,650.000,700.000,-1,-1,2,0,2,0,2,0,0,0,0,2,2,2,2,0,0,2,2
39,-6489.043,4737.324,15.512,120.788,-0.509174,-0.857538,-0.073277,0.859590,-0.510944,0.006450,-0.042972,-0.059704,0.997291,0,0.60467,0.76157,36.280,1.523,-1,375.000,-1,375.000,-1,300.000,300.000,300.000,325.000,-1,-1,-1,-1,650.000,700.000,-1,-1,2,0,2,0,2,0,0,0,0,2,2,2,2,0,0,2,2
40,-6508.571,4767.917,14.155,122.551,-0.535298,-0.841457,-0.073526,0.843488,-0.537115,0.006005,-0.044545,-0.058804,0.997275,0,0.60491,0.88157,36.295,1.763,-1,375.000,-1,375.000,-1,300.000,300.000,300.000,325.000,-1,-1,-1,-1,650.000,675.000,-1,-1,2,0,2,0,2,0,0,0,0,2,2,2,2,0,0,2,2
41,-6529.080,4797.853,12.758,124.416,-0.562390,-0.823575,-0.073771,0.825586,-0.564250,0.005432,-0.046099,-0.057849,0.997260,0,0.60480,0.93261,36.288,1.865,-1,375.000,-1,375.000,-1,300.000,300.000,300.000,325.000,-1,-1,-1,-1,650.000,675.000,-1,-1,2,0,2,0,2,0,0,0,0,2,2,2,2,0,0,2,2
42,-6550.536,4827.088,11.404,126.277,-0.588866,-0.804874,-0.073585,0.806847,-0.590741,0.004724,-0.047272,-0.056590,0.997278,0,0.60440,0.93053,36.264,1.861,-1,375.000,-1,375.000,-1,300.000,300.000,300.000,325.000,-1,-1,-1,-1,650.000,675.000,-1,-1,2,0,2,0,2,0,0,0,0,2,2,2,2,0,0,2,2
43,-6572.907,4855.584,10.060,128.135,-0.614710,-0.785356,-0.073125,0.787281,-0.616582,0.003924,-0.048169,-0.055158,0.997315,0,0.60382,0.92921,36.229,1.858,-1,375.000,-1,375.000,-1,300.000,300.000,300.000,325.000,-1,-1,-1,-1,650.000,675.000,-1,-1,2,0,2,0,2,0,0,0,0,2,2,2,2,0,0,2,2
44,-6596.163,4883.308,8.679,129.993,-0.639898,-0.765018,-0.072641,0.766899,-0.641761,0.003051,-0.048952,-0.053756,0.997353,0,0.60311,0.92864,36.187,1.857,-1,375.000,-1,375.000,-1,300.000,300.000,300.000,325.000,-1,-1,-1,-1,650.000,675.000,-1,-1,2,0,2,0,2,0,0,0,0,2,2,2,2,0,0,2,2
45,-6620.276,4910.230,7.259,131.850,-0.664425,-0.743867,-0.072124,0.745706,-0.666272,0.002108,-0.049622,-0.052382,0.997393,0,0.60239,0.92884,36.143,1.858,-1,375.000,-1,375.000,-1,300.000,300.000,300.000,325.000,-1,-1,-1,-1,650.000,650.000,-1,-1,2,0,2,0,2,0,0,0,0,2,2,2,2,0,0,2,2
46,-6645.222,4936.327,5.715,133.710,-0.688311,-0.721917,-0.071162,0.723695,-0.690119,0.001136,-0.049930,-0.050718,0.997464,0,0.60171,0.92978,36.103,1.860,-1,375.000,-1,375.000,-1,300.000,300.000,300.000,325.000,-1,-1,-1,-1,650.000,650.000,-1,-1,2,0,2,0,2,0,0,0,0,2,2,2,2,0,0,2,2
47,-6670.979,4961.576,4.082,135.573,-0.711534,-0.699164,-0.069923,0.700872,-0.713287,0.000157,-0.049985,-0.048895,0.997552,0,0.60116,0.93147,36.070,1.863,-1,375.000,-1,375.000,-1,300.000,300.000,300.000,325.000,-1,-1,-1,-1,650.000,650.000,-1,-1,2,0,2,0,2,0,0,0,0,2,2,2,2,0,0,2,2
48,-6697.531,4985.959,2.377,137.441,-0.734075,-0.675606,-0.068484,0.677237,-0.735765,-0.000810,-0.049841,-0.046975,0.997652,0,0.60083,0.93391,36.050,1.868,-1,375.000,-1,375.000,-1,300.000,300.000,300.000,325.000,-1,-1,-1,-1,650.000,650.000,-1,-1,2,0,2,0,2,0,0,0,0,2,2,2,2,0,0,2,2
49,-6724.865,5009.459,0.643,139.315,-0.755906,-0.651238,-0.067049,0.652796,-0.757531,-0.001785,-0.049629,-0.045118,0.997748,0,0.60079,0.93708,36.047,1.874,-1,375.000,-1,375.000,-1,300.000,300.000,300.000,325.000,-1,-1,-1,-1,650.000,650.000,-1,-1,2,0,2,0,2,0,0,0,0,2,2,2,2,0,0,2,2
50,-6752.970,5032.060,-1.112,141.197,-0.777008,-0.626058,-0.065650,0.627551,-0.778571,-0.002772,-0.049378,-0.043353,0.997839,0,0.60110,0.94098,36.066,1.882,-1,375.000,-1,375.000,-1,300.000,300.000,300.000,325.000,-1,-1,-1,-1,650.000,650.000,-1,-1,2,0,2,0,2,0,0,0,0,2,2,2,2,0,0,2,2
51,-6781.841,5053.748,-2.860,143.088,-0.797366,-0.600063,-0.064285,0.601503,-0.798861,-0.003912,-0.049007,-0.041787,0.997924,0,0.60184,0.94559,36.110,1.891,-1,375.000,-1,375.000,-1,300.000,300.000,300.000,325.000,-1,-1,-1,-1,650.000,625.000,-1,-1,2,0,2,0,2,0,0,0,0,2,2,2,2,0,0,2,2
52,-6811.457,5074.496,-4.492,144.987,-0.816938,-0.573285,-0.062905,0.574708,-0.818338,-0.005725,-0.048196,-0.040829,0.998003,0,0.60269,0.94947,36.162,1.899,-1,375.000,-1,375.000,-1,300.000,300.000,300.000,325.000,-1,-1,-1,-1,650.000,650.000,-1,-1,2,0,2,0,2,0,0,0,0,2,2,2,2,0,0,2,2
53,-6841.745,5094.252,-6.150,146.886,-0.835608,-0.545872,-0.061512,0.547280,-0.836916,-0.007520,-0.047376,-0.039948,0.998078,0,0.60269,0.94947,36.162,1.899,-1,375.000,-1,375.000,-1,300.000,300.000,300.000,325.000,-1,-1,-1,-1,625.000,650.000,-1,-1,2,0,2,0,2,0,0,0,0,2,2,2,2,0,0,2,2
54,-6872.670,5112.993,-7.832,148.785,-0.853353,-0.517856,-0.060107,0.519250,-0.854572,-0.009298,-0.046551,-0.039146,0.998149,0,0.60269,0.94947,36.162,1.899,-1,375.000,-1,375.000,-1,300.000,300.000,300.000,325.000,-1,-1,-1,-1,625.000,650.000,-1,-1,2,0,2,0,2,0,0,0,0,2,2,2,2,0,0,2,2
55,-6904.200,5130.698,-9.538,150.684,-0.870156,-0.489268,-0.058691,0.490649,-0.871287,-0.011060,-0.045726,-0.038420,0.998215,0,0.60269,0.94947,36.162,1.899,-1,375.000,-1,375.000,-1,300.000,300.000,300.000,325.000,-1,475.000,750.000,-1,625.000,650.000,-1,-1,2,0,2,0,2,0,0,0,0,2,0,0,2,0,0,2,2
56,-6936.299,5147.350,-11.267,152.583,-0.885998,-0.460139,-0.057265,0.461509,-0.887043,-0.012803,-0.044905,-0.037772,0.998277,0,0.60269,0.94947,36.162,1.899,-1,375.000,-1,375.000,-1,300.000,300.000,300.000,325.000,-1,425.000,475.000,-1,625.000,650.000,-1,-1,2,0,2,0,2,0,0,0,0,2,0,0,2,0,0,2,2
57,-6968.932,5162.928,-13.020,154.482,-0.900861,-0.430502,-0.055827,0.431862,-0.901823,-0.014528,-0.044092,-0.037197,0.998335,0,0.60269,0.94947,36.162,1.899,-1,375.000,-1,375.000,-1,300.000,300.000,300.000,325.000,-1,400.000,450.000,-1,625.000,650.000,-1,-1,2,0,2,0,2,0,0,0,0,2,0,0,2,0,0,2,2
58,-7002.064,5177.417,-14.796,156.381,-0.914730,-0.400389,-0.054379,0.401740,-0.915610,-0.016232,-0.043291,-0.036694,0.998388,0,0.60269,0.94947,36.162,1.899,-1,375.000,-1,375.000,-1,300.000,300.000,300.000,325.000,-1,400.000,425.000,-1,625.000,625.000,-1,-1,2,0,2,0,2,0,0,0,0,2,0,0,2,0,0,2,2
59,-7035.658,5190.799,-16.596,158.280,-0.927589,-0.369835,-0.052920,0.371176,-0.928390,-0.017913,-0.042506,-0.036259,0.998438,0,0.60269,0.94947,36.162,1.899,-1,375.000,-1,375.000,-1,300.000,300.000,300.000,325.000,-1,375.000,425.000,-1,625.000,625.000,-1,-1,2,0,2,0,2,0,0,0,0,2,0,0,2,0,0,2,2
60,-7065.116,5201.557,-18.174,159.938,-0.937985,-0.342808,-0.051644,0.344141,-0.938719,-0.019351,-0.041845,-0.035924,0.998478,0,0.52269,0.82947,31.362,1.659,1000.000,375.000,-1,375.000,-1,300.000,300.000,300.000,325.000,-1,375.000,425.000,-1,625.000,625.000,-1,-1,0,0,2,0,2,0,0,0,0,2,0,0,2,0,0,2,2
61,-7090.283,5210.048,-19.523,161.357,-0.946250,-0.319460,-0.050553,0.320787,-0.946928,-0.020553,-0.041304,-0.035665,0.998510,0,0.44269,0.70947,26.562,1.419,975.000,350.000,-1,375.000,-1,300.000,300.000,275.000,325.000,-1,375.000,425.000,-1,625.000,625.000,-1,-1,0,0,2,0,2,0,0,0,0,2,0,0,2,0,0,2,2
62,-7111.041,5216.579,-20.638,162.536,-0.952674,-0.299912,-0.049652,0.301233,-0.953308,-0.021525,-0.040878,-0.035464,0.998535,0,0.36269,0.58947,21.762,1.179,975.000,350.000,-1,375.000,-1,300.000,300.000,275.000,300.000,-1,375.000,425.000,-1,625.000,625.000,1000.000,-1,0,0,2,0,2,0,0,0,0,2,0,0,2,0,0,0,2
63,-7127.302,5221.403,-21.448,163.475,-0.957492,-0.284254,-0.049071,0.285562,-0.958108,-0.021964,-0.040772,-0.035043,0.998554,0,0.28269,0.46947,16.962,0.939,950.000,350.000,-1,375.000,-1,300.000,300.000,275.000,300.000,-1,375.000,425.000,-1,625.000,625.000,1000.000,-1,0,0,2,0,2,0,0,0,0,2,0,0,2,0,0,0,2
64,-7139.003,5224.720,-22.030,164.174,-0.960911,-0.272548,-0.048660,0.273847,-0.961515,-0.022268,-0.040718,-0.034723,0.998567,0,0.20269,0.34947,12.162,0.699,950.000,350.000,-1,375.000,-1,300.000,300.000,275.000,300.000,-1,375.000,425.000,-1,625.000,625.000,1000.000,-1,0,0,2,0,2,0,0,0,0,2,0,0,2,0,0,0,2
65,-7146.101,5226.671,-22.386,164.633,-0.963077,-0.264840,-0.048408,0.266133,-0.963675,-0.022455,-0.040702,-0.034509,0.998575,0,0.12269,0.22947,7.362,0.459,950.000,350.000,-1,375.000,-1,300.000,300.000,275.000,300.000,-1,375.000,425.000,-1,625.000,625.000,1000.000,-1,0,0,2,0,2,0,0,0,0,2,0,0,2,0,0,0,2
66,-7148.573,5227.340,-22.514,164.852,-0.964087,-0.261157,-0.048313,0.262447,-0.964683,-0.022530,-0.040723,-0.034400,0.998578,0,0.04269,0.10947,2.562,0.219,950.000,350.000,-1,375.000,-1,300.000,300.000,275.000,300.000,-1,375.000,425.000,-1,625.000,625.000,1000.000,-1,0,0,2,0,2,0,0,0,0,2,0,0,2,0,0,0,2
67,-7146.413,5226.754,-22.413,164.831,-0.963988,-0.261511,-0.048374,0.262803,-0.964587,-0.022492,-0.040779,-0.034395,0.998576,0,-0.03731,-0.01053,-2.238,-0.021,950.000,350.000,-1,375.000,-1,300.000,300.000,275.000,300.000,-1,375.000,425.000,-1,625.000,625.000,1000.000,-1,0,0,2,0,2,0,0,0,0,2,0,0,2,0,0,0,2
68,-7139.995,5224.983,-22.101,164.570,-0.962775,-0.265902,-0.048582,0.267198,-0.963382,-0.022348,-0.040860,-0.034497,0.998569,0,-0.11097,-0.13053,-6.658,-0.261,950.000,350.000,-1,375.000,-1,300.000,300.000,275.000,300.000,-1,375.000,425.000,-1,625.000,625.000,1000.000,-1,0,0,2,0,2,0,0,0,0,2,0,0,2,0,0,0,2
69,-7133.588,5223.171,-21.783,164.207,-0.961061,-0.271994,-0.048804,0.273294,-0.961675,-0.022186,-0.040899,-0.034660,0.998562,0,-0.11097,-0.18134,-6.658,-0.363,950.000,350.000,-1,375.000,-1,300.000,300.000,275.000,300.000,-1,375.000,425.000,-1,625.000,625.000,1000.000,-1,0,0,2,0,2,0,0,0,0,2,0,0,2,0,0,0,2
70,-7127.192,5221.318,-21.466,163.845,-0.959308,-0.278074,-0.049029,0.279379,-0.959928,-0.022023,-0.040940,-0.034825,0.998555,0,-0.11097,-0.18134,-6.658,-0.363,950.000,350.000,-1,375.000,-1,300.000,300.000,275.000,300.000,-1,375.000,425.000,-1,625.000,625.000,1000.000,-1,0,0,2,0,2,0,0,0,0,2,0,0,2,0,0,0,2
71,-7120.809,5219.425,-21.150,163.482,-0.957516,-0.284143,-0.049254,0.285453,-0.958143,-0.021859,-0.040982,-0.034990,0.998547,0,-0.11097,-0.18134,-6.658,-0.363,950.000,350.000,-1,375.000,-1,300.000,300.000,275.000,300.000,-1,375.000,425.000,-1,625.000,625.000,1000.000,-1,0,0,2,0,2,0,0,0,0,2,0,0,2,0,0,0,2
72,-7114.437,5217.491,-20.830,163.119,-0.955685,-0.290200,-0.049490,0.291516,-0.956321,-0.021672,-0.041039,-0.035139,0.998539,0,-0.11097,-0.18134,-6.658,-0.363,975.000,350.000,-1,375.000,-1,300.000,300.000,275.000,300.000,-1,350.000,425.000,-1,625.000,625.000,1000.000,-1,0,0,2,0,2,0,0,0,0,2,0,0,2,0,0,0,2
73,-7108.078,5215.518,-20.489,162.757,-0.953814,-0.296247,-0.049769,0.297564,-0.954462,-0.021377,-0.041169,-0.035199,0.998532,0,-0.11097,-0.18134,-6.658,-0.363,975.000,350.000,-1,375.000,-1,300.000,300.000,275.000,300.000,-1,375.000,425.000,-1,625.000,625.000,1000.000,-1,0,0,2,0,2,0,0,0,0,2,0,0,2,0,0,0,2
74,-7101.732,5213.504,-20.148,162.394,-0.951904,-0.302282,-0.050047,0.303601,-0.952566,-0.021080,-0.041301,-0.035260,0.998524,0,-0.11097,-0.18134,-6.658,-0.363,975.000,350.000,-1,375.000,-1,300.000,300.000,275.000,300.000,-1,375.000,425.000,-1,625.000,625.000,-1,-1,0,0,2,0,2,0,0,0,0,2,0,0,2,0,0,2,2
75,-7095.399,5211.450,-19.809,162.031,-0.949955,-0.308305,-0.050325,0.309625,-0.950631,-0.020782,-0.041433,-0.035324,0.998517,0,-0.11097,-0.18134,-6.658,-0.363,975.000,350.000,-1,375.000,-1,300.000,300.000,275.000,325.000,-1,375.000,425.000,-1,625.000,625.000,-1,-1,0,0,2,0,2,0,0,0,0,2,0,0,2,0,0,2,2
76,-7093.632,5210.872,-19.714,161.909,-0.949289,-0.310339,-0.050403,0.311661,-0.949968,-0.020699,-0.041457,-0.035358,0.998514,0,-0.03097,-0.06134,-1.858,-0.123,975.000,350.000,-1,375.000,-1,300.000,300.000,275.000,325.000,-1,375.000,425.000,-1,625.000,625.000,-1,-1,0,0,2,0,2,0,0,0,0,2,0,0,2,0,0,2,2
77,-7096.430,5211.780,-19.863,162.026,-0.949929,-0.308393,-0.050282,0.309714,-0.950601,-0.020831,-0.041374,-0.035361,0.998518,0,0.04903,0.05866,2.942,0.117,975.000,350.000,-1,375.000,-1,300.000,300.000,275.000,325.000,-1,375.000,425.000,-1,625.000,625.000,-1,-1,0,0,2,0,2,0,0,0,0,2,0,0,2,0,0,2,2
78,-7103.809,5214.123,-20.258,162.383,-0.951852,-0.302459,-0.049963,0.303779,-0.952507,-0.021177,-0.041185,-0.035335,0.998527,0,0.12903,0.17866,7.742,0.357,975.000,350.000,-1,375.000,-1,300.000,300.000,275.000,300.000,-1,375.000,425.000,-1,625.000,625.000,-1,-1,0,0,2,0,2,0,0,0,0,2,0,0,2,0,0,2,2
79,-7115.801,5217.794,-20.890,162.981,-0.954981,-0.292514,-0.049464,0.293830,-0.955612,-0.021687,-0.040925,-0.035245,0.998540,0,0.20903,0.29866,12.542,0.597,975.000,350.000,-1,375.000,-1,300.000,300.000,275.000,300.000,-1,375.000,425.000,-1,625.000,625.000,1000.000,-1,0,0,2,0,2,0,0,0,0,2,0,0,2,0,0,0,2
80,-7132.455,5222.627,-21.710,163.818,-0.959185,-0.278521,-0.048894,0.279825,-0.959797,-0.022095,-0.040775,-0.034875,0.998560,0,0.28903,0.41866,17.342,0.837,950.000,350.000,-1,375.000,-1,300.000,300.000,275.000,300.000,-1,375.000,425.000,-1,625.000,625.000,1000.000,-1,0,0,2,0,2,0,0,0,0,2,0,0,2,0,0,0,2
81,-7153.832,5228.397,-22.764,164.895,-0.964290,-0.260430,-0.048180,0.261719,-0.964879,-0.022607,-0.040601,-0.034409,0.998583,0,0.36903,0.53866,22.142,1.077,925.000,350.000,-1,375.000,-1,300.000,300.000,275.000,300.000,-1,375.000,425.000,-1,625.000,625.000,975.000,-1,0,0,2,0,2,0,0,0,0,2,0,0,2,0,0,0,2
82,-7179.997,5234.818,-23.871,166.213,-0.970102,-0.238190,-0.046559,0.239411,-0.970655,-0.022615,-0.039806,-0.033085,0.998660,0,0.44903,0.65866,26.942,1.317,925.000,350.000,-1,375.000,-1,300.000,300.000,275.000,300.000,-1,375.000,425.000,-1,625.000,625.000,975.000,-1,0,0,2,0,2,0,0,0,0,2,0,0,2,0,0,0,2
83,-7211.017,5241.543,-25.123,167.770,-0.976317,-0.211735,-0.044433,0.212862,-0.976827,-0.022324,-0.038677,-0.031253,0.998763,0,0.52903,0.77866,31.742,1.557,925.000,350.000,-1,350.000,-1,300.000,300.000,275.000,300.000,-1,375.000,425.000,-1,625.000,625.000,1000.000,-1,0,0,2,0,2,0,0,0,0,2,0,0,2,0,0,0,2
84,-7246.954,5248.161,-26.537,169.567,-0.982576,-0.181006,-0.042211,0.182025,-0.983055,-0.021677,-0.037572,-0.028982,0.998874,0,0.60903,0.89866,36.542,1.797,925.000,350.000,-1,350.000,-1,300.000,300.000,300.000,300.000,-1,375.000,425.000,-1,625.000,625.000,1000.000,-1,0,0,2,0,2,0,0,0,0,2,0,0,2,0,0,0,2
85,-7287.848,5254.225,-27.624,171.567,-0.988383,-0.146593,-0.040124,0.147552,-0.988808,-0.022064,-0.036440,-0.027728,0.998951,0,0.68903,1.00000,41.342,2.000,900.000,350.000,-1,350.000,-1,300.000,300.000,300.000,300.000,-1,375.000,425.000,-1,625.000,625.000,1000.000,-1,0,0,2,0,2,0,0,0,0,2,0,0,2,0,0,0,2
86,-7333.699,5259.395,-28.674,173.567,-0.993008,-0.111996,-0.037320,0.112901,-0.993338,-0.023094,-0.034485,-0.027146,0.999036,0,0.76903,1.00000,46.142,2.000,900.000,350.000,-1,375.000,-1,300.000,300.000,300.000,300.000,-1,400.000,450.000,-1,625.000,650.000,975.000,-1,0,0,2,0,2,0,0,0,0,2,0,0,2,0,0,0,2
87,-7384.488,5263.332,-29.869,175.567,-0.996424,-0.077262,-0.034206,0.078104,-0.996657,-0.023991,-0.032238,-0.026576,0.999127,0,0.84903,1.00000,50.942,2.000,900.000,375.000,-1,375.000,-1,300.000,300.000,300.000,300.000,-1,400.000,450.000,-1,625.000,650.000,975.000,-1,0,0,2,0,2,0,0,0,0,2,0,0,2,0,0,0,2
88,-7440.179,5265.699,-31.214,177.566,-0.998624,-0.042449,-0.030788,0.043217,-0.998760,-0.024723,-0.029700,-0.026020,0.999220,0,0.92903,0.99954,55.742,1.999,875.000,375.000,-1,375.000,-1,300.000,300.000,300.000,300.000,-1,400.000,450.000,-1,625.000,650.000,950.000,-1,0,0,2,0,2,0,0,0,0,2,0,0,2,0,0,0,2
89,-7497.264,5266.135,-32.631,179.563,-0.999599,-0.007619,-0.027290,0.008308,-0.999647,-0.025242,-0.027088,-0.025458,0.999309,0,0.95146,0.99851,57.087,1.997,875.000,375.000,-1,375.000,-1,300.000,300.000,300.000,300.000,-1,400.000,450.000,-1,625.000,650.000,950.000,-1,0,0,2,0,2,0,0,0,0,2,0,0,2,0,0,0,2
90,-7554.767,5264.572,-34.097,181.557,-0.999348,0.027165,-0.023770,-0.026557,-0.999321,-0.025535,-0.024447,-0.024887,0.999391,0,0.95873,0.99689,57.524,1.994,875.000,375.000,-1,375.000,-1,300.000,300.000,300.000,300.000,-1,400.000,450.000,-1,625.000,650.000,925.000,-1,0,0,2,0,2,0,0,0,0,2,0,0,2,0,0,0,2
91,-7612.609,5260.988,-35.614,183.546,-0.997881,0.061838,-0.020228,-0.061314,-0.997790,-0.025599,-0.021767,-0.024305,0.999468,0,0.96589,0.99464,57.954,1.989,850.000,375.000,-1,375.000,-1,300.000,300.000,300.000,300.000,-1,400.000,450.000,-1,625.000,650.000,925.000,-1,0,0,2,0,2,0,0,0,0,2,0,0,2,0,0,0,2
92,-7670.710,5255.363,-37.181,185.530,-0.995209,0.096338,-0.016666,-0.095898,-0.995066,-0.025431,-0.019034,-0.023711,0.999538,0,0.97289,0.99176,58.373,1.984,850.000,375.000,-1,375.000,-1,300.000,300.000,300.000,300.000,-1,350.000,400.000,-1,625.000,650.000,900.000,-1,0,0,2,0,2,0,0,0,0,2,0,0,2,0,0,0,2
93,-7728.985,5247.685,-38.799,187.506,-0.991349,0.130600,-0.013083,-0.130246,-0.991166,-0.025025,-0.016236,-0.023104,0.999601,0,0.97964,0.98820,58.778,1.976,825.000,375.000,-1,375.000,-1,300.000,300.000,275.000,300.000,-1,325.000,350.000,-1,600.000,650.000,875.000,-1,0,0,2,0,2,0,0,0,0,2,0,0,2,0,0,0,2
94,-7782.262,5239.015,-40.317,189.243,-0.986975,0.160575,-0.009791,-0.160299,-0.986766,-0.024455,-0.013588,-0.022567,0.999653,0,0.89964,0.86820,53.978,1.736,825.000,375.000,-1,375.000,-1,300.000,300.000,275.000,300.000,-1,300.000,325.000,-1,600.000,650.000,875.000,-1,0,0,2,0,2,0,0,0,0,2,0,0,2,0,0,0,2
95,-7830.579,5229.852,-41.362,190.739,-0.982472,0.186292,-0.006643,-0.186091,-0.982251,-0.023516,-0.010906,-0.021867,0.999701,0,0.81964,0.74820,49.178,1.496,800.000,350.000,-1,375.000,-1,300.000,300.000,275.000,300.000,-1,275.000,300.000,-1,600.000,650.000,875.000,-1,0,0,2,0,2,0,0,0,0,2,0,0,2,0,0,0,2
96,-7873.988,5220.628,-41.669,191.995,-0.978171,0.207776,-0.003089,-0.207639,-0.977892,-0.024771,-0.008167,-0.023589,0.999688,0,0.73964,0.62820,44.378,1.256,800.000,350.000,-1,375.000,-1,300.000,300.000,275.000,300.000,-1,275.000,300.000,-1,600.000,650.000,850.000,-1,0,0,2,0,2,0,0,0,0,2,0,0,2,0,0,0,2
97,-7916.179,5210.878,-41.959,193.012,-0.974340,0.225080,0.000581,-0.225018,-0.974008,-0.025991,-0.005284,-0.025454,0.999662,0,0.72171,0.50820,43.303,1.016,800.000,350.000,-1,375.000,-1,300.000,300.000,275.000,300.000,-1,275.000,300.000,-1,600.000,-1,850.000,-1,0,0,2,0,2,0,0,0,0,2,0,0,2,0,2,0,2
98,-7958.562,5200.477,-41.712,193.788,-0.971198,0.238259,0.002742,-0.238251,-0.970876,-0.025242,-0.003352,-0.025169,0.999678,0,0.72734,0.38820,43.640,0.776,800.000,350.000,-1,375.000,-1,300.000,300.000,275.000,300.000,-1,300.000,325.000,-1,600.000,-1,-1,-1,0,0,2,0,2,0,0,0,0,2,0,0,2,0,2,2,2
99,-8001.174,5189.597,-41.182,194.325,-0.968911,0.247346,0.005538,-0.247407,-0.968636,-0.023120,-0.000355,-0.023771,0.999717,0,0.73299,0.26820,43.979,0.536,825.000,350.000,-1,375.000,-1,300.000,300.000,275.000,300.000,-1,325.000,350.000,-1,600.000,-1,-1,-1,0,0,2,0,2,0,0,0,0,2,0,0,2,0,2,2,2
100,-8044.059,5178.410,-40.645,194.621,-0.967597,0.252361,0.008347,-0.252484,-0.967374,-0.020977,0.002781,-0.022405,0.999745,0,0.73867,0.14820,44.320,0.296,850.000,350.000,-1,375.000,-1,300.000,300.000,275.000,300.000,-1,325.000,350.000,-1,600.000,-1,-1,-1,0,0,2,0,2,0,0,0,0,2,0,0,2,0,2,2,2
101,-8087.228,5166.953,-40.093,194.864,-0.966489,0.256466,0.011192,-0.256640,-0.966324,-0.018823,0.005987,-0.021064,0.999760,0,0.74440,0.12139,44.664,0.243,-1,350.000,-1,375.000,-1,300.000,300.000,275.000,300.000,-1,350.000,350.000,-1,-1,-1,-1,-1,2,0,2,0,2,0,0,0,0,2,0,0,2,2,2,2,2
102,-8130.684,5155.225,-39.524,195.104,-0.965364,0.260526,0.014075,-0.260742,-0.965265,-0.016656,0.009247,-0.019749,0.999762,0,0.75017,0.12024,45.010,0.240,-1,350.000,-1,375.000,-1,300.000,300.000,275.000,300.000,-1,350.000,375.000,-1,-1,-1,-1,-1,2,0,2,0,2,0,0,0,0,2,0,0,2,2,2,2,2
103,-8174.425,5143.224,-38.937,195.342,-0.964225,0.264539,0.016998,-0.264786,-0.964198,-0.014478,0.012560,-0.018461,0.999751,0,0.75596,0.11896,45.358,0.238,-1,375.000,-1,-1,-1,300.000,300.000,275.000,300.000,-1,375.000,375.000,-1,-1,-1,-1,-1,2,0,2,2,2,0,0,0,0,2,0,0,2,2,2,2,2
104,-8218.453,5130.951,-38.332,195.577,-0.963073,0.268499,0.019963,-0.268769,-0.963126,-0.012289,0.015927,-0.017201,0.999725,0,0.76178,0.11757,45.707,0.235,-1,375.000,-1,-1,-1,300.000,325.000,300.000,300.000,-1,375.000,350.000,-1,-1,-1,-1,-1,2,0,2,2,2,0,0,0,0,2,0,0,2,2,2,2,2
105,-8262.769,5118.403,-37.708,195.809,-0.961909,0.272404,0.022971,-0.272685,-0.962050,-0.010092,0.019350,-0.015971,0.999685,0,0.76762,0.11604,46.057,0.232,-1,375.000,-1,-1,-1,300.000,-1,300.000,300.000,-1,350.000,300.000,-1,-1,-1,-1,-1,2,0,2,2,2,0,2,0,0,2,0,0,2,2,2,2,2
106,-8307.371,5105.582,-37.064,196.038,-0.960734,0.276247,0.026023,-0.276529,-0.960973,-0.007887,0.022828,-0.014773,0.999630,0,0.77348,0.11436,46.409,0.229,-1,-1,-1,-1,-1,-1,-1,300.000,300.000,-1,325.000,275.000,-1,-1,-1,-1,-1,2,2,2,2,2,2,2,0,0,2,0,0,2,2,2,2,2
107,-8352.261,5092.487,-36.399,196.263,-0.959551,0.280024,0.029120,-0.280297,-0.959897,-0.005677,0.026362,-0.013609,0.999560,0,0.77935,0.11252,46.761,0.225,-1,-1,-1,-1,-1,-1,-1,300.000,300.000,-1,300.000,250.000,-1,-1,-1,-1,-1,2,2,2,2,2,2,2,0,0,2,0,0,2,2,2,2,2
108,-8401.763,5078.060,-35.510,196.248,-0.959532,0.279780,0.031968,-0.280012,-0.959992,-0.002927,0.029870,-0.011759,0.999485,0,0.85935,-0.00748,51.561,-0.015,-1,-1,-1,-1,-1,-1,-1,300.000,300.000,-1,275.000,250.000,-1,-1,-1,-1,-1,2,2,2,2,2,2,2,0,0,2,0,0,2,2,2,2,2
109,-8451.806,5063.717,-34.433,195.993,-0.960680,0.275510,0.034458,-0.275693,-0.961246,-0.000565,0.032967,-0.010043,0.999406,0,0.86762,-0.12748,52.057,-0.255,-1,-1,-1,-1,-1,-1,-1,300.000,300.000,-1,275.000,250.000,-1,-1,-1,-1,-1,2,2,2,2,2,2,2,0,0,2,0,0,2,2,2,2,2
110,-8502.354,5049.699,-38.541,195.498,-0.963524,0.267193,0.015138,-0.266959,-0.963578,0.015841,0.018820,0.011222,0.999760,0,0.87427,-0.24748,52.456,-0.495,-1,-1,-1,-1,-1,-1,-1,300.000,250.000,-1,525.000,350.000,-1,-1,-1,-1,-1,2,2,2,2,2,2,2,0,0,2,0,0,2,2,2,2,2
111,-8553.468,5036.214,-47.808,194.763,-0.966786,0.254481,-0.023764,-0.255359,-0.965675,0.047583,-0.010839,0.052071,0.998585,0,0.88106,-0.36748,52.864,-0.735,-1,-1,-1,-1,-1,-1,-1,325.000,175.000,-1,-1,975.000,925.000,-1,-1,-1,-1,2,2,2,2,2,2,2,0,0,2,2,0,0,2,2,2,2
112,-3607.761,-8199.327,323.671,179.163,-0.946660,-0.014517,-0.321906,0.050887,-0.993184,-0.104858,-0.318190,-0.115646,0.940947,1,0.00000,0.00000,53.280,-0.975,-1,850.000,-1,775.000,-1,900.000,800.000,50.000,0.000,-1,-1,-1,-1,-1,-1,-1,-1,2,1,2,1,2,1,1,1,1,2,2,2,2,2,2,2,2
113,1520.211,3184.752,-141.769,129.247,-0.633427,-0.773762,0.007921,0.772864,-0.632122,0.055695,-0.038087,0.041401,0.998416,1,0.08000,0.12000,4.800,0.240,-1,-1,-1,400.000,650.000,450.000,375.000,175.000,250.000,-1,-1,-1,-1,-1,600.000,-1,675.000,2,2,2,1,1,1,1,0,0,2,2,2,2,2,1,2,1
114,1514.075,3192.135,-142.459,129.727,-0.639926,-0.768411,0.006313,0.767347,-0.638559,0.058488,-0.040912,0.042272,0.998268,0,0.16000,0.24000,9.600,0.480,-1,-1,-1,400.000,600.000,450.000,375.000,175.000,250.000,-1,-1,-1,-1,-1,575.000,-1,650.000,2,2,2,1,1,1,1,0,0,2,2,2,2,2,1,2,1
115,1504.734,3203.095,-143.467,130.441,-0.649490,-0.760361,0.003763,0.759031,-0.648045,0.062529,-0.045106,0.043468,0.998036,0,0.24000,0.35675,14.400,0.714,-1,-1,-1,375.000,550.000,475.000,375.000,175.000,250.000,-1,-1,-1,-1,-1,575.000,-1,600.000,2,2,2,1,1,1,1,1,0,2,2,2,2,2,1,2,1
116,-5575.416,4919.490,60.934,-102.385,-0.214833,0.976175,-0.030464,-0.976589,-0.214364,0.017951,0.010993,0.033608,0.999375,1,0.00000,0.00000,19.200,0.707,-1,400.000,-1,425.000,-1,325.000,325.000,300.000,300.000,-1,700.000,900.000,-1,925.000,900.000,-1,-1,2,0,2,0,2,0,0,0,0,2,1,1,2,0,0,2,2
117,-5576.465,4914.806,61.005,-102.625,-0.218910,0.975262,-0.030705,-0.975689,-0.218450,0.017648,0.010504,0.033822,0.999373,0,0.08000,-0.12000,4.800,-0.240,-1,400.000,-1,425.000,-1,325.000,325.000,300.000,300.000,-1,725.000,900.000,-1,925.000,900.000,-1,-1,2,0,2,0,2,0,0,0,0,2,1,1,2,0,0,2,2
118,-5578.642,4905.456,61.146,-103.105,-0.227050,0.973383,-0.031199,-0.973837,-0.226609,0.017048,0.009524,0.034253,0.999368,0,0.16000,-0.24000,9.600,-0.480,-1,400.000,-1,425.000,-1,325.000,325.000,300.000,300.000,-1,725.000,900.000,-1,925.000,875.000,-1,-1,2,0,2,0,2,0,0,0,0,2,1,1,2,0,0,2,2
119,-5582.083,4891.473,61.353,-103.825,-0.239228,0.970437,-0.031968,-0.970930,-0.238817,0.016167,0.008055,0.034906,0.999358,0,0.24000,-0.36000,14.400,-0.720,-1,400.000,-1,425.000,-1,325.000,325.000,300.000,300.000,-1,750.000,900.000,-1,925.000,875.000,-1,-1,2,0,2,0,2,0,0,0,0,2,1,1,2,0,0,2,2
120,-5586.982,4872.908,61.621,-104.785,-0.255405,0.966269,-0.033045,-0.966815,-0.255035,0.015029,0.006095,0.035787,0.999341,0,0.32000,-0.48000,19.200,-0.960,-1,400.000,-1,425.000,-1,325.000,325.000,300.000,300.000,-1,775.000,900.000,-1,900.000,875.000,-1,-1,2,0,2,0,2,0,0,0,0,2,1,1,2,0,0,2,2
121,-5593.591,4849.836,61.944,-105.985,-0.275519,0.960677,-0.034469,-0.961289,-0.275204,0.013671,0.003648,0.036901,0.999312,0,0.40000,-0.60000,24.000,-1.200,-1,400.000,-1,400.000,-1,325.000,325.000,300.000,300.000,-1,800.000,925.000,-1,900.000,850.000,-1,-1,2,0,2,0,2,0,0,0,0,2,1,1,2,0,0,2,2
122,-5602.216,4822.357,62.312,-107.425,-0.299489,0.953410,-0.036286,-0.954100,-0.299243,0.012144,0.000720,0.038258,0.999268,0,0.48000,-0.72000,28.800,-1.440,-1,400.000,-1,400.000,-1,325.000,325.000,325.000,300.000,-1,825.000,925.000,-1,900.000,850.000,-1,-1,2,0,2,0,2,0,0,0,0,2,1,1,2,0,0,2,2
123,-5613.213,4790.608,62.714,-109.105,-0.327204,0.944167,-0.038543,-0.944950,-0.327046,0.010518,-0.002675,0.039863,0.999202,0,0.56000,-0.84000,33.600,-1.680,-1,400.000,-1,400.000,-1,325.000,325.000,325.000,300.000,-1,875.000,950.000,-1,875.000,825.000,-1,-1,2,0,2,0,2,0,0,0,0,2,1,1,2,0,0,2,2
124,-5626.918,4754.737,63.129,-110.911,-0.356661,0.933323,-0.041244,-0.934212,-0.356608,0.008866,-0.006433,0.041693,0.999110,0,0.64000,-0.90288,38.400,-1.806,-1,400.000,-1,400.000,-1,325.000,325.000,325.000,300.000,-1,950.000,1000.000,-1,875.000,825.000,-1,-1,2,0,2,0,2,0,0,0,0,2,1,1,2,0,0,2,2
125,-5643.609,4714.891,63.358,-112.729,-0.385965,0.921487,-0.043502,-0.922460,-0.386019,0.007506,-0.009876,0.043026,0.999025,0,0.72000,-0.90906,43.200,-1.818,-1,400.000,-1,400.000,-1,325.000,325.000,325.000,300.000,-1,1000.000,-1,-1,875.000,800.000,-1,-1,2,0,2,0,2,0,0,0,0,2,1,2,2,0,0,2,2
126,-5663.562,4671.234,63.030,-114.561,-0.415180,0.908697,-0.043544,-0.909662,-0.415292,0.006872,-0.011839,0.042463,0.999028,0,0.80000,-0.91604,48.000,-1.832,-1,425.000,-1,400.000,-1,325.000,325.000,325.000,300.000,-1,-1,-1,-1,875.000,800.000,-1,-1,2,0,2,0,2,0,0,0,0,2,2,2,2,0,0,2,2
127,-5687.036,4623.968,62.215,-116.409,-0.444174,0.894913,-0.042890,-0.895812,-0.444412,0.004357,-0.015162,0.040357,0.999070,0,0.87956,-0.92379,52.774,-1.848,-1,400.000,-1,400.000,-1,325.000,325.000,325.000,300.000,-1,-1,-1,-1,850.000,800.000,-1,-1,2,0,2,0,2,0,0,0,0,2,2,2,2,0,0,2,2
128,-5712.343,4577.184,61.151,-118.409,-0.475041,0.878953,-0.042158,-0.879756,-0.475424,0.001064,-0.019108,0.037594,0.999110,0,0.88649,-1.00000,53.189,-2.000,-1,400.000,-1,400.000,-1,325.000,325.000,325.000,325.000,-1,-1,-1,-1,825.000,800.000,-1,-1,2,0,2,0,2,0,0,0,0,2,2,2,2,0,0,2,2
129,-5739.480,4530.949,60.040,-120.409,-0.505341,0.861905,-0.041839,-0.862615,-0.505856,-0.002024,-0.022909,0.035068,0.999122,0,0.89351,-1.00000,53.611,-2.000,-1,400.000,-1,400.000,-1,325.000,325.000,325.000,325.000,-1,-1,-1,-1,800.000,775.000,-1,-1,2,0,2,0,2,0,0,0,0,2,2,2,2,0,0,2,2
130,-5768.442,4485.329,58.621,-122.409,-0.535044,0.843764,-0.042315,-0.844431,-0.535652,-0.003693,-0.025782,0.033756,0.999097,0,0.90061,-1.00000,54.036,-2.000,-1,400.000,-1,400.000,-1,325.000,325.000,325.000,325.000,-1,-1,-1,-1,775.000,775.000,-1,-1,2,0,2,0,2,0,0,0,0,2,2,2,2,0,0,2,2
131,-5799.220,4440.395,57.083,-124.409,-0.564099,0.824577,-0.043185,-0.825223,-0.564787,-0.004706,-0.028271,0.032982,0.999056,0,0.90774,-1.00000,54.464,-2.000,-1,400.000,-1,400.000,-1,325.000,325.000,325.000,325.000,-1,-1,-1,-1,775.000,775.000,-1,-1,2,0,2,0,2,0,0,0,0,2,2,2,2,0,0,2,2
132,-5831.802,4396.217,55.520,-126.409,-0.592465,0.804379,-0.044268,-0.805013,-0.593232,-0.005452,-0.030647,0.032407,0.999005,0,0.91487,-1.00000,54.892,-2.000,-1,400.000,-1,400.000,-1,325.000,325.000,325.000,325.000,-1,-1,-1,-1,750.000,750.000,-1,-1,2,0,2,0,2,0,0,0,0,2,2,2,2,0,0,2,2
133,-5866.171,4352.869,53.806,-128.409,-0.620075,0.783183,-0.046168,-0.783835,-0.620941,-0.005911,-0.033297,0.032523,0.998916,0,0.92199,-1.00000,55.319,-2.000,-1,400.000,-1,400.000,-1,325.000,325.000,325.000,325.000,-1,-1,-1,-1,750.000,750.000,-1,-1,2,0,2,0,2,0,0,0,0,2,2,2,2,0,0,2,2
134,-5902.306,4310.423,52.023,-130.409,-0.646913,0.761023,-0.048463,-0.761715,-0.647884,-0.006014,-0.035975,0.033024,0.998807,0,0.92906,-1.00000,55.744,-2.000,-1,375.000,-1,400.000,-1,325.000,325.000,325.000,325.000,-1,-1,-1,-1,725.000,725.000,-1,-1,2,0,2,0,2,0,0,0,0,2,2,2,2,0,0,2,2
135,-5940.184,4268.954,50.243,-132.409,-0.672960,0.737932,-0.050800,-0.738677,-0.674035,-0.005742,-0.038478,0.033660,0.998692,0,0.93607,-1.00000,56.164,-2.000,-1,375.000,-1,375.000,-1,300.000,325.000,325.000,325.000,-1,-1,-1,-1,725.000,725.000,-1,-1,2,0,2,0,2,0,0,0,0,2,2,2,2,0,0,2,2
