timestep,x_cm,y_cm,z_cm,yaw_deg,basis_xx,basis_xy,basis_xz,basis_yx,basis_yy,basis_yz,basis_zx,basis_zy,basis_zz,teleport_flag,throttle_cmd,steering_cmd,cmd_move_cm,cmd_turn_deg,lidar_cm_0,lidar_cm_1,lidar_cm_2,lidar_cm_3,lidar_cm_4,lidar_cm_5,lidar_cm_6,lidar_cm_7,lidar_cm_8,lidar_cm_9,lidar_cm_10,lidar_cm_11,lidar_cm_12,lidar_cm_13,lidar_cm_14,lidar_cm_15,lidar_cm_16,lidar_class_0,lidar_class_1,lidar_class_2,lidar_class_3,lidar_class_4,lidar_class_5,lidar_class_6,lidar_class_7,lidar_class_8,lidar_class_9,lidar_class_10,lidar_class_11,lidar_class_12,lidar_class_13,lidar_class_14,lidar_class_15,lidar_class_16
0,-8852.729,5571.241,-248.471,-60.642,0.489756,0.871443,-0.026971,-0.871535,0.490183,0.012137,0.023798,0.017562,0.999563,1,0.08000,-0.12000,4.800,-0.240,-1,375.000,-1,350.000,-1,300.000,300.000,300.000,300.000,-1,400.000,475.000,-1,700.000,625.000,-1,-1,2,0,2,0,2,0,0,0,0,2,0,0,2,0,0,2,2
1,-8848.092,5562.835,-248.196,-61.122,0.482415,0.875515,-0.027373,-0.875602,0.482864,0.012826,0.024447,0.017780,0.999543,0,0.16000,-0.24000,9.600,-0.480,-1,375.000,-1,350.000,-1,300.000,300.000,300.000,300.000,-1,375.000,475.000,-1,700.000,625.000,-1,-1,2,0,2,0,2,0,0,0,0,2,0,0,2,0,0,2,2
2,-8841.297,5550.139,-247.788,-61.842,0.471340,0.881509,-0.027955,-0.881585,0.471821,0.013882,0.025427,0.018102,0.999513,0,0.24000,-0.36000,14.400,-0.720,-1,375.000,-1,350.000,-1,300.000,300.000,300.000,300.000,-1,375.000,450.000,-1,700.000,650.000,-1,-1,2,0,2,0,2,0,0,0,0,2,0,0,2,0,0,2,2
3,-8832.521,5533.062,-247.254,-62.802,0.456456,0.889283,-0.028690,-0.889344,0.456982,0.015330,0.026743,0.018518,0.999471,0,0.32000,-0.48000,19.200,-0.960,-1,375.000,-1,350.000,-1,300.000,300.000,300.000,300.000,-1,350.000,400.000,-1,700.000,650.000,-1,-1,2,0,2,0,2,0,0,0,0,2,0,0,2,0,0,2,2
4,-8822.001,5511.490,-246.603,-64.002,0.437671,0.898650,-0.029541,-0.898687,0.438254,0.017201,0.028404,0.019020,0.999416,0,0.40000,-0.60000,24.000,-1.200,-1,375.000,-1,375.000,-1,300.000,300.000,325.000,300.000,-1,325.000,375.000,-1,700.000,650.000,-1,-1,2,0,2,0,2,0,0,0,0,2,0,0,2,0,0,2,2
5,-8810.031,5485.295,-245.847,-65.442,0.414873,0.909369,-0.030460,-0.909371,0.415528,0.019531,0.030418,0.019597,0.999345,0,0.48000,-0.72000,28.800,-1.440,-1,375.000,-1,375.000,-1,300.000,300.000,325.000,300.000,-1,300.000,350.000,-1,700.000,650.000,-1,-1,2,0,2,0,2,0,0,0,0,2,0,0,2,0,0,2,2
6,-8796.968,5454.338,-244.998,-67.122,0.387943,0.921149,-0.031386,-0.921100,0.388684,0.022356,0.032793,0.020237,0.999257,0,0.56000,-0.84000,33.600,-1.680,-1,375.000,-1,375.000,-1,300.000,300.000,325.000,300.000,-1,275.000,300.000,-1,700.000,650.000,-1,-1,2,0,2,0,2,0,0,0,0,2,0,0,2,0,0,2,2
7,-8783.233,5418.478,-244.074,-69.042,0.356756,0.933641,-0.032246,-0.933521,0.357598,0.025713,0.035538,0.020929,0.999149,0,0.64000,-0.96000,38.400,-1.920,-1,375.000,-1,375.000,-1,325.000,300.000,325.000,300.000,-1,250.000,275.000,-1,725.000,675.000,-1,-1,2,0,2,0,2,0,0,0,0,2,0,0,2,0,0,2,2
8,-8769.187,5377.625,-243.098,-71.028,0.324077,0.945455,-0.032992,-0.945238,0.325036,0.029618,0.038726,0.021587,0.999017,0,0.72000,-0.99263,43.200,-1.985,-1,375.000,-1,375.000,-1,325.000,300.000,325.000,300.000,-1,225.000,250.000,-1,725.000,675.000,-1,-1,2,0,2,0,2,0,0,0,0,2,0,0,2,0,0,2,2
9,-8755.189,5331.835,-241.943,-73.001,0.291224,0.956087,-0.032961,-0.955734,0.292282,0.033819,0.041968,0.021653,0.998884,0,0.79802,-0.98680,47.881,-1.974,-1,400.000,-1,375.000,-1,325.000,300.000,325.000,300.000,-1,225.000,250.000,-1,725.000,700.000,-1,-1,2,0,2,0,2,0,0,0,0,2,0,0,2,0,0,2,2
10,-8742.644,5285.137,-240.410,-74.962,0.258356,0.965557,-0.030835,-0.965042,0.259413,0.037403,0.044114,0.020094,0.998824,0,0.80589,-0.98020,48.353,-1.960,-1,375.000,-1,375.000,-1,325.000,300.000,325.000,300.000,-1,225.000,250.000,-1,725.000,700.000,-1,-1,2,0,2,0,2,0,0,0,0,2,0,0,2,0,0,2,2
11,-8731.586,5237.588,-238.865,-76.908,0.225446,0.973846,-0.028261,-0.973153,0.226476,0.041020,0.046347,0.018254,0.998759,0,0.81363,-0.97321,48.818,-1.946,-1,375.000,-1,375.000,-1,325.000,325.000,300.000,300.000,-1,225.000,250.000,-1,725.000,725.000,1000.000,-1,2,0,2,0,2,0,0,0,0,2,0,0,2,0,1,1,2
12,-8722.049,5189.246,-237.038,-78.840,0.192518,0.980939,-0.026355,-0.980139,0.193525,0.043318,0.047592,0.017492,0.998714,0,0.82122,-0.96582,49.273,-1.932,-1,375.000,-1,375.000,-1,325.000,325.000,300.000,300.000,-1,250.000,275.000,-1,725.000,725.000,925.000,-1,2,0,2,0,2,0,0,0,0,2,0,0,2,0,1,1,2
13,-8714.062,5140.175,-234.535,-80.756,0.159550,0.986826,-0.026797,-0.986043,0.160614,0.043850,0.047576,0.019427,0.998679,0,0.82861,-0.95799,49.717,-1.916,1000.000,375.000,1000.000,375.000,-1,325.000,325.000,300.000,300.000,-1,300.000,325.000,-1,700.000,750.000,850.000,-1,1,0,1,0,2,0,0,0,0,2,0,0,2,1,0,1,2
14,-8707.651,5090.440,-232.039,-82.655,0.126692,0.991569,-0.027187,-0.990802,0.127813,0.044446,0.047546,0.021306,0.998642,0,0.83576,-0.94970,50.146,-1.899,900.000,375.000,1000.000,375.000,-1,325.000,325.000,300.000,300.000,-1,325.000,375.000,-1,650.000,750.000,775.000,-1,1,0,1,0,2,0,0,0,0,2,0,0,2,1,0,1,2
15,-8702.837,5040.113,-229.563,-84.537,0.094005,0.995192,-0.027486,-0.994439,0.095179,0.045074,0.047473,0.023096,0.998605,0,0.84262,-0.94092,50.557,-1.882,800.000,375.000,-1,375.000,-1,325.000,325.000,300.000,300.000,-1,375.000,400.000,-1,600.000,775.000,700.000,-1,1,0,2,0,2,0,0,0,0,2,0,0,2,1,0,1,2
16,-8699.637,4989.264,-227.110,-86.400,0.061544,0.997720,-0.027696,-0.996980,0.062768,0.045721,0.047355,0.024799,0.998570,0,0.84914,-0.93162,50.949,-1.863,725.000,375.000,-1,375.000,-1,325.000,325.000,300.000,300.000,-1,425.000,450.000,-1,550.000,775.000,625.000,-1,1,0,2,0,2,0,0,0,0,2,0,0,2,1,0,1,2
17,-8698.065,4937.981,-224.686,-88.245,0.029343,0.999182,-0.027824,-0.998455,0.030613,0.046377,0.047191,0.026420,0.998536,0,0.85511,-0.92247,51.307,-1.845,625.000,400.000,-1,400.000,-1,325.000,325.000,300.000,300.000,-1,475.000,475.000,-1,525.000,775.000,575.000,-1,1,0,2,0,2,0,0,0,0,2,0,0,2,1,0,1,2
18,-8698.135,4886.387,-222.297,-90.077,-0.002665,0.999608,-0.027875,-0.998892,-0.001351,0.047032,0.046975,0.027969,0.998504,0,0.85990,-0.91616,51.594,-1.832,550.000,375.000,-1,400.000,-1,325.000,325.000,300.000,300.000,-1,500.000,525.000,-1,475.000,775.000,500.000,-1,1,1,2,0,2,0,0,0,0,2,0,0,2,1,0,1,2
19,-8699.849,4834.563,-219.947,-91.896,-0.034420,0.999019,-0.027858,-0.998315,-0.033066,0.047676,0.046708,0.029452,0.998474,0,0.86420,-0.90912,51.852,-1.818,475.000,350.000,-1,400.000,-1,300.000,325.000,300.000,300.000,-1,550.000,550.000,-1,450.000,800.000,450.000,-1,1,1,2,0,2,1,1,0,0,2,0,0,2,1,0,1,2
20,-8703.208,4782.596,-217.641,-93.698,-0.065864,0.997442,-0.027781,-0.996750,-0.064473,0.048303,0.046388,0.030872,0.998446,0,0.86792,-0.90132,52.075,-1.803,400.000,325.000,-1,400.000,-1,300.000,325.000,300.000,300.000,-1,600.000,600.000,-1,425.000,800.000,400.000,-1,1,1,2,0,2,1,1,0,0,2,0,0,2,1,0,1,2
21,-8708.201,4730.579,-215.382,-95.484,-0.096940,0.994906,-0.027654,-0.994226,-0.095514,0.048905,0.046015,0.032235,0.998421,0,0.87094,-0.89272,52.256,-1.785,350.000,300.000,-1,400.000,-1,275.000,325.000,300.000,300.000,-1,650.000,650.000,-1,425.000,800.000,350.000,-1,1,1,2,0,2,1,1,0,0,2,0,0,2,1,0,1,2
22,-8714.812,4678.607,-213.176,-97.250,-0.127592,0.991446,-0.027487,-0.990778,-0.126134,0.049478,0.045588,0.033546,0.998397,0,0.87317,-0.88330,52.390,-1.767,300.000,300.000,-1,400.000,-1,275.000,325.000,300.000,300.000,-1,675.000,675.000,-1,400.000,800.000,300.000,-1,1,1,2,0,2,1,0,0,0,2,0,0,2,1,0,1,2
23,-8723.016,4626.784,-210.976,-98.996,-0.157770,0.987092,-0.027522,-0.986453,-0.156277,0.049887,0.044942,0.035019,0.998376,0,0.87448,-0.87302,52.469,-1.746,225.000,275.000,-1,400.000,-1,275.000,325.000,300.000,300.000,-1,725.000,725.000,-1,400.000,800.000,250.000,-1,1,1,2,0,2,1,0,0,0,2,0,0,2,1,0,1,2
24,-8732.767,4575.211,-204.986,-100.720,-0.188600,0.981205,-0.040829,-0.980455,-0.185759,0.064817,0.056015,0.052256,0.997062,0,0.87474,-0.86189,52.485,-1.724,225.000,300.000,-1,425.000,-1,300.000,350.000,350.000,300.000,-1,600.000,500.000,-1,450.000,875.000,250.000,-1,1,1,2,0,2,1,0,0,0,2,0,0,2,1,0,1,2
25,-8744.030,4524.002,-199.633,-102.420,-0.218873,0.974407,-0.051238,-0.973591,-0.214593,0.077915,0.064926,0.066938,0.995642,0,0.87384,-0.84988,52.431,-1.700,225.000,350.000,-1,450.000,-1,350.000,375.000,375.000,300.000,-1,450.000,325.000,-1,500.000,925.000,250.000,-1,1,1,2,0,2,1,0,0,0,2,0,0,2,1,0,1,2
26,-8756.752,4473.271,-195.088,-104.094,-0.248391,0.966842,-0.059310,-0.966032,-0.242746,0.088635,0.071299,0.079311,0.994297,0,0.87166,-0.83701,52.300,-1.674,225.000,375.000,-1,475.000,-1,425.000,400.000,400.000,275.000,-1,400.000,250.000,-1,600.000,975.000,275.000,-1,1,1,2,0,2,0,0,0,0,2,0,0,2,1,0,1,2
27,-8770.870,4423.134,-191.283,-105.741,-0.276979,0.958698,-0.064657,-0.957907,-0.270211,0.096955,0.075480,0.088790,0.993186,0,0.86808,-0.82331,52.085,-1.647,225.000,425.000,-1,500.000,-1,425.000,400.000,350.000,275.000,-1,375.000,200.000,950.000,800.000,1000.000,300.000,-1,1,1,2,0,2,0,0,1,0,2,0,0,0,1,0,1,2
28,-8786.311,4373.706,-188.253,-107.358,-0.304511,0.950119,-0.067431,-0.949359,-0.296990,0.102541,0.077400,0.095241,0.992441,0,0.86303,-0.80884,51.782,-1.618,225.000,475.000,-1,500.000,-1,450.000,425.000,300.000,275.000,-1,375.000,175.000,875.000,-1,1000.000,375.000,-1,1,1,2,0,2,0,0,1,0,2,0,0,0,2,0,1,2
29,-8802.228,4326.764,-186.013,-108.736,-0.327506,0.942384,-0.068210,-0.941673,-0.319639,0.105276,0.077408,0.098710,0.992101,0,0.82608,-0.68884,49.565,-1.378,225.000,550.000,-1,500.000,-1,450.000,425.000,250.000,275.000,-1,375.000,175.000,850.000,-1,1000.000,-1,-1,1,1,2,0,2,0,0,1,0,2,0,0,0,2,0,2,2
30,-8818.926,4280.567,-184.360,-109.874,-0.346116,0.935751,-0.067624,-0.935115,-0.338251,0.105579,0.075921,0.099779,0.992109,0,0.81868,-0.56884,49.121,-1.138,225.000,625.000,-1,500.000,-1,450.000,425.000,225.000,275.000,-1,375.000,175.000,850.000,-1,975.000,-1,-1,1,0,2,0,2,0,0,1,0,2,0,0,0,2,0,2,2
31,-8836.176,4235.095,-183.210,-110.771,-0.360472,0.930431,-0.066021,-0.929894,-0.352905,0.103711,0.073197,0.098777,0.992414,0,0.81055,-0.44884,48.633,-0.898,250.000,625.000,-1,500.000,-1,450.000,425.000,200.000,275.000,-1,400.000,200.000,900.000,-1,950.000,-1,-1,1,0,2,0,2,0,0,1,0,2,0,0,0,2,0,2,2
32,-8853.771,4190.316,-182.487,-111.446,-0.370973,0.926461,-0.063634,-0.926044,-0.363940,0.099953,0.069444,0.096008,0.992955,0,0.80186,-0.33749,48.112,-0.675,250.000,600.000,-1,475.000,-1,450.000,400.000,175.000,275.000,-1,425.000,225.000,950.000,-1,925.000,-1,-1,1,0,2,0,2,0,0,1,0,2,0,0,0,2,0,2,2
33,-3607.777,9510.979,-221.235,104.504,-0.247486,-0.956715,-0.153123,0.968696,-0.247502,-0.019264,-0.019468,-0.153097,0.988019,1,0.00000,0.00000,47.566,-0.648,400.000,375.000,-1,475.000,-1,350.000,400.000,225.000,150.000,500.000,950.000,-1,-1,550.000,825.000,525.000,-1,0,0,2,1,2,0,0,0,1,0,0,2,2,0,1,0,2
34,-4263.577,-5575.405,-147.136,45.713,0.696507,-0.714114,0.070143,0.716966,0.696551,-0.027877,-0.028950,0.069707,0.997147,1,0.00000,0.00000,-4.800,0.240,-1,375.000,-1,375.000,-1,300.000,300.000,300.000,300.000,-1,450.000,450.000,-1,675.000,675.000,-1,-1,2,0,2,0,2,0,0,0,0,2,0,0,2,0,0,2,2
35,-4260.240,-5571.955,-147.280,45.953,0.693533,-0.717019,0.069974,0.719865,0.693547,-0.028064,-0.028408,0.069835,0.997154,0,0.08000,0.12000,4.800,0.240,-1,375.000,-1,375.000,-1,300.000,300.000,300.000,300.000,-1,425.000,425.000,-1,675.000,675.000,-1,-1,2,0,2,0,2,0,0,0,0,2,0,0,2,0,0,2,2
36,-4253.624,-5564.999,-147.562,46.433,0.687549,-0.722791,0.069640,0.725624,0.687504,-0.028438,-0.027323,0.070085,0.997167,0,0.16000,0.24000,9.600,0.480,-1,375.000,-1,375.000,-1,300.000,300.000,300.000,300.000,-1,425.000,425.000,-1,675.000,675.000,-1,-1,2,0,2,0,2,0,0,0,0,2,0,0,2,0,0,2,2
37,-4243.832,-5554.441,-147.971,47.153,0.678483,-0.731355,0.069147,0.734167,0.678350,-0.029003,-0.025694,0.070444,0.997185,0,0.24000,0.36000,14.400,0.720,-1,375.000,-1,375.000,-1,300.000,300.000,300.000,300.000,-1,425.000,425.000,-1,675.000,675.000,-1,-1,2,0,2,0,2,0,0,0,0,2,0,0,2,0,0,2,2
38,-4231.014,-5540.148,-148.479,48.113,0.666228,-0.742595,0.068498,0.745376,0.665982,-0.029719,-0.023549,0.070856,0.997209,0,0.32000,0.48000,19.200,0.960,-1,375.000,-1,375.000,-1,300.000,300.000,300.000,300.000,-1,400.000,425.000,-1,700.000,675.000,-1,-1,2,0,2,0,2,0,0,0,0,2,0,0,2,0,0,2,2
39,-4215.369,-5521.949,-148.907,49.313,0.650625,-0.756387,0.067568,0.759099,0.650290,-0.029856,-0.021357,0.070716,0.997268,0,0.40000,0.60000,24.000,1.200,-1,375.000,-1,375.000,-1,300.000,300.000,300.000,300.000,-1,425.000,425.000,-1,700.000,675.000,-1,-1,2,0,2,0,2,0,0,0,0,2,0,0,2,0,0,2,2
40,-4197.149,-5499.646,-149.373,50.753,0.631526,-0.772501,0.066460,0.775129,0.631085,-0.030104,-0.018687,0.070526,0.997335,0,0.48000,0.72000,28.800,1.440,-1,375.000,-1,375.000,-1,300.000,300.000,300.000,300.000,-1,425.000,450.000,-1,700.000,675.000,-1,-1,2,0,2,0,2,0,0,0,0,2,0,0,2,0,0,2,2
41,-4176.664,-5473.013,-149.801,52.433,0.608730,-0.790673,0.065456,0.793222,0.608168,-0.030502,-0.015691,0.070489,0.997389,0,0.56000,0.84000,33.600,1.680,1000.000,375.000,-1,375.000,-1,300.000,300.000,300.000,300.000,-1,425.000,475.000,-1,700.000,675.000,-1,-1,1,0,2,0,2,0,0,0,0,2,0,0,2,0,0,2,2
42,-4154.195,-5441.875,-150.205,54.184,0.584419,-0.808891,0.064419,0.811357,0.583723,-0.031103,-0.012444,0.070444,0.997438,0,0.64000,0.87559,38.400,1.751,975.000,375.000,-1,375.000,-1,300.000,300.000,300.000,300.000,-1,450.000,475.000,-1,700.000,675.000,-1,-1,1,0,2,0,2,0,0,0,0,2,0,0,2,0,0,2,2
43,-4130.005,-5406.084,-150.569,55.946,0.559427,-0.826454,0.063368,0.828830,0.558587,-0.031939,-0.009000,0.070389,0.997479,0,0.72000,0.88067,43.200,1.761,925.000,375.000,-1,375.000,-1,300.000,300.000,300.000,300.000,-1,475.000,500.000,-1,700.000,675.000,-1,-1,1,0,2,0,2,0,0,0,0,2,0,0,2,0,0,2,2
44,-4104.370,-5365.504,-150.868,57.719,0.533746,-0.843344,0.062340,0.845628,0.532750,-0.033029,-0.005357,0.070346,0.997508,0,0.80000,0.88655,48.000,1.773,900.000,375.000,-1,375.000,-1,300.000,300.000,300.000,300.000,-1,475.000,525.000,-1,700.000,675.000,-1,-1,1,0,2,0,2,0,0,0,0,2,0,0,2,0,0,2,2
45,-4077.578,-5320.007,-151.070,59.505,0.507366,-0.859541,0.061395,0.861729,0.506199,-0.034425,-0.001488,0.070372,0.997520,0,0.88000,0.89322,52.800,1.786,850.000,375.000,-1,375.000,-1,300.000,300.000,300.000,325.000,-1,475.000,550.000,-1,700.000,675.000,950.000,-1,1,0,2,0,2,0,0,0,0,2,0,0,2,0,0,1,2
46,-4050.565,-5270.652,-151.138,61.307,0.480279,-0.875018,0.060618,0.877112,0.478924,-0.036147,0.002598,0.070530,0.997506,0,0.93776,0.90069,56.265,1.801,800.000,375.000,-1,375.000,-1,300.000,300.000,300.000,300.000,-1,500.000,550.000,-1,700.000,675.000,900.000,-1,1,0,2,0,2,0,0,0,0,2,0,0,2,0,0,1,2
47,-4024.797,-5219.806,-151.070,63.124,0.452478,-0.889751,0.060053,0.891750,0.450926,-0.038044,0.006770,0.070767,0.997470,0,0.95005,0.90866,57.003,1.817,775.000,375.000,-1,375.000,-1,300.000,300.000,300.000,300.000,-1,500.000,550.000,-1,700.000,675.000,850.000,-1,1,0,2,0,2,0,0,0,0,2,0,0,2,1,0,1,2
48,-4000.347,-5167.472,-150.765,64.957,0.423962,-0.903722,0.059515,0.905616,0.422237,-0.039680,0.010730,0.070720,0.997438,0,0.96275,0.91649,57.765,1.833,725.000,375.000,-1,375.000,-1,300.000,300.000,300.000,300.000,-1,525.000,575.000,-1,675.000,675.000,800.000,-1,1,0,2,0,2,0,0,0,0,2,0,0,2,1,0,1,2
49,-3977.286,-5113.655,-149.985,66.805,0.394708,-0.916948,0.058405,0.918701,0.392901,-0.040215,0.013927,0.069530,0.997483,0,0.97586,0.92419,58.551,1.848,675.000,375.000,-1,375.000,-1,300.000,300.000,300.000,300.000,-1,550.000,625.000,-1,650.000,675.000,725.000,-1,1,0,2,0,2,0,0,0,0,2,0,0,2,1,0,1,2
50,-3955.692,-5058.360,-148.840,68.669,0.364811,-0.929364,0.056531,0.930915,0.362924,-0.041030,0.017616,0.067594,0.997557,0,0.98937,0.93177,59.362,1.864,625.000,375.000,-1,375.000,-1,300.000,300.000,300.000,300.000,-1,575.000,650.000,-1,625.000,675.000,675.000,-1,1,0,2,0,2,0,0,0,0,2,0,0,2,1,0,1,2
51,-3935.709,-5001.786,-147.448,70.547,0.334273,-0.940903,0.054440,0.942233,0.332314,-0.042014,0.021440,0.065339,0.997633,0,1.00000,0.93924,60.000,1.878,575.000,375.000,-1,375.000,-1,325.000,300.000,300.000,300.000,-1,625.000,650.000,-1,600.000,675.000,625.000,-1,1,0,2,0,2,0,0,0,0,2,0,0,2,1,0,1,2
52,-3917.607,-4944.583,-145.899,72.441,0.303113,-0.951508,0.052484,0.952623,0.301093,-0.043045,0.025155,0.063045,0.997694,0,1.00000,0.94660,60.000,1.893,525.000,375.000,-1,375.000,-1,325.000,300.000,300.000,300.000,-1,650.000,650.000,-1,550.000,700.000,550.000,-1,1,1,2,0,2,0,0,0,0,2,0,0,2,1,0,1,2
53,-3901.418,-4886.809,-144.162,74.348,0.271363,-0.961130,0.050899,0.962052,0.269293,-0.044008,0.028590,0.060910,0.997734,0,1.00000,0.95367,60.000,1.907,475.000,375.000,-1,375.000,-1,325.000,300.000,300.000,300.000,-1,650.000,675.000,-1,525.000,725.000,500.000,-1,1,1,2,0,2,0,0,0,0,2,0,0,2,1,0,1,2
54,-3887.175,-4828.525,-142.275,76.269,0.239066,-0.969740,0.049523,0.970481,0.236954,-0.044932,0.031837,0.058803,0.997762,0,1.00000,0.96048,60.000,1.921,450.000,350.000,-1,375.000,-1,300.000,300.000,300.000,300.000,-1,675.000,675.000,-1,500.000,750.000,450.000,-1,1,1,2,0,2,1,0,0,0,2,0,0,2,1,0,1,2
55,-3874.648,-4769.848,-140.271,77.950,0.210571,-0.976388,0.048220,0.976962,0.208430,-0.045856,0.034723,0.056765,0.997784,0,1.00000,0.84048,60.000,1.681,400.000,325.000,-1,375.000,-1,300.000,300.000,300.000,300.000,-1,700.000,700.000,-1,475.000,775.000,400.000,-1,1,1,2,0,2,1,1,0,0,2,0,0,2,1,0,1,2
56,-3863.600,-4710.874,-138.166,79.391,0.185991,-0.981428,0.046974,0.981844,0.183832,-0.046776,0.037272,0.054821,0.997800,0,1.00000,0.72048,60.000,1.441,350.000,300.000,-1,400.000,-1,275.000,300.000,300.000,300.000,-1,700.000,750.000,-1,425.000,775.000,350.000,-1,1,1,2,0,2,1,1,0,0,2,0,0,2,1,0,1,2
57,-3853.977,-4651.651,-135.973,80.772,0.162316,-0.985676,0.045785,0.985941,0.160144,-0.047683,0.039668,0.052881,0.997813,0,1.00000,0.69043,60.000,1.381,300.000,300.000,-1,400.000,-1,275.000,300.000,300.000,300.000,-1,725.000,775.000,-1,400.000,800.000,300.000,-1,1,1,2,0,2,1,1,0,0,2,0,0,2,1,0,1,2
58,-3845.813,-4592.209,-131.691,82.173,0.138855,-0.988952,0.051889,0.989131,0.135939,-0.056039,0.048366,0.059106,0.997079,0,1.00000,0.70079,60.000,1.402,250.000,275.000,-1,425.000,-1,275.000,300.000,325.000,300.000,-1,600.000,650.000,-1,400.000,875.000,275.000,-1,1,1,2,0,2,1,1,0,0,2,0,0,2,1,0,1,2
59,-3839.135,-4532.580,-125.775,83.596,0.115716,-0.991174,0.064688,0.991396,0.111239,-0.068987,0.061182,0.072114,0.995518,0,1.00000,0.71160,60.000,1.423,250.000,275.000,-1,450.000,-1,275.000,325.000,375.000,275.000,-1,425.000,375.000,-1,400.000,1000.000,250.000,-1,1,1,2,0,2,1,1,0,0,2,0,0,2,1,0,1,2
60,-3833.969,-4472.802,-119.922,85.042,0.092466,-0.992560,0.079212,0.993041,0.086097,-0.080360,0.072943,0.086091,0.993613,0,1.00000,0.72297,60.000,1.446,250.000,275.000,-1,475.000,-1,275.000,325.000,425.000,275.000,-1,350.000,250.000,-1,400.000,-1,250.000,-1,1,1,2,0,2,1,1,0,0,2,0,0,2,1,2,1,2
61,-3830.341,-4412.911,-113.875,86.513,0.069143,-0.993110,0.094615,0.993999,0.060524,-0.091117,0.084763,0.100347,0.991335,0,1.00000,0.73504,60.000,1.470,225.000,275.000,-1,500.000,-1,275.000,350.000,475.000,250.000,-1,300.000,200.000,875.000,400.000,-1,225.000,-1,1,1,2,0,2,1,1,0,0,2,0,0,0,1,2,1,2
62,-3828.283,-4352.946,-107.582,88.008,0.045769,-0.992771,0.110957,0.994262,0.034521,-0.101253,0.096690,0.114955,0.988654,0,1.00000,0.74798,60.000,1.496,225.000,275.000,-1,550.000,-1,275.000,350.000,525.000,250.000,-1,300.000,150.000,675.000,375.000,-1,225.000,-1,1,1,2,0,2,1,1,0,0,2,0,0,0,1,2,1,2
63,9511.088,5575.563,-295.997,-5.990,0.969689,0.103654,-0.221268,-0.126330,0.987816,-0.090885,0.209152,0.116083,0.970969,1,0.00000,0.00000,60.000,1.524,200.000,175.000,-1,375.000,-1,150.000,225.000,750.000,375.000,850.000,100.000,50.000,250.000,200.000,-1,175.000,-1,1,1,2,1,2,1,1,1,0,0,0,0,0,1,2,1,2
64,8194.661,9512.730,-209.206,159.137,-0.932112,-0.356114,0.065950,0.354443,-0.934388,-0.035906,0.074409,-0.010093,0.997177,1,0.08000,0.12000,4.800,0.240,-1,375.000,-1,425.000,-1,325.000,325.000,325.000,300.000,-1,-1,775.000,-1,800.000,-1,-1,-1,2,0,2,0,2,0,0,0,0,2,2,0,2,0,2,2,2
65,8185.662,9516.074,-208.506,159.617,-0.935070,-0.348273,0.065952,0.346604,-0.937335,-0.035620,0.074225,-0.010448,0.997187,0,0.16000,0.24000,9.600,0.480,-1,375.000,-1,425.000,-1,325.000,325.000,325.000,300.000,-1,-1,750.000,-1,800.000,-1,-1,-1,2,0,2,0,2,0,0,0,0,2,2,0,2,0,2,2,2
66,8172.102,9520.919,-207.460,160.337,-0.939384,-0.336465,0.065952,0.334799,-0.941632,-0.035193,0.073943,-0.010980,0.997202,0,0.24000,0.36000,14.400,0.720,-1,375.000,-1,425.000,-1,325.000,325.000,325.000,300.000,-1,-1,750.000,-1,800.000,-1,-1,-1,2,0,2,0,2,0,0,0,0,2,2,0,2,0,2,2,2
67,8153.917,9527.079,-206.073,161.287,-0.944846,-0.320808,0.065946,0.319147,-0.947072,-0.034627,0.073564,-0.011670,0.997222,0,0.32000,0.47488,19.200,0.950,-1,375.000,-1,425.000,-1,325.000,325.000,325.000,300.000,-1,-1,750.000,-1,800.000,-1,-1,-1,2,0,2,0,2,0,0,0,0,2,2,0,2,0,2,2,2
68,8131.061,9534.401,-204.348,162.237,-0.950045,-0.305063,0.065960,0.303418,-0.952254,-0.033911,0.073155,-0.012204,0.997246,0,0.40000,0.47488,24.000,0.950,-1,375.000,-1,425.000,-1,325.000,325.000,325.000,300.000,-1,-1,750.000,-1,800.000,-1,-1,-1,2,0,2,0,2,0,0,0,0,2,2,0,2,0,2,2,2
69,8103.492,9542.731,-202.291,163.186,-0.954981,-0.289236,0.065989,0.287617,-0.957175,-0.033044,0.072720,-0.012577,0.997273,0,0.48000,0.47488,28.800,0.950,-1,400.000,-1,425.000,-1,325.000,325.000,325.000,300.000,-1,1000.000,775.000,-1,800.000,-1,-1,-1,2,0,2,0,2,0,0,0,0,2,0,0,2,0,2,2,2
70,8071.172,9551.916,-199.908,164.136,-0.959652,-0.273329,0.066031,0.271748,-0.961836,-0.032019,0.072263,-0.012784,0.997304,0,0.56000,0.47488,33.600,0.950,-1,400.000,-1,425.000,-1,325.000,325.000,325.000,300.000,-1,1000.000,775.000,-1,800.000,-1,-1,-1,2,0,2,0,2,0,0,0,0,2,0,0,2,0,2,2,2
71,8034.066,9561.798,-197.206,165.086,-0.964056,-0.257348,0.066084,0.255816,-0.966234,-0.030834,0.071788,-0.012821,0.997338,0,0.64000,0.47488,38.400,0.950,-1,400.000,-1,425.000,-1,325.000,325.000,325.000,300.000,-1,-1,800.000,-1,800.000,-1,-1,-1,2,0,2,0,2,0,0,0,0,2,2,0,2,0,2,2,2
72,7992.142,9572.223,-194.193,166.036,-0.968194,-0.241297,0.066145,0.239825,-0.970368,-0.029485,0.071300,-0.012684,0.997374,0,0.72000,0.47488,43.200,0.950,-1,400.000,-1,425.000,-1,325.000,325.000,325.000,300.000,-1,-1,825.000,-1,825.000,-1,-1,-1,2,0,2,0,2,0,0,0,0,2,2,0,2,0,2,2,2
73,7947.157,9582.621,-191.000,166.985,-0.972066,-0.225180,0.066199,0.223775,-0.974238,-0.028022,0.070804,-0.012426,0.997413,0,0.76953,0.47488,46.172,0.950,-1,400.000,-1,450.000,-1,325.000,350.000,325.000,300.000,-1,-1,850.000,-1,850.000,-1,-1,-1,2,0,2,0,2,0,0,0,0,2,2,0,2,0,2,2,2
74,7902.005,9592.271,-187.888,167.935,-0.975703,-0.209001,0.065744,0.207661,-0.977837,-0.026673,0.069862,-0.012372,0.997480,0,0.76953,0.47488,46.172,0.950,-1,400.000,-1,450.000,-1,325.000,350.000,325.000,300.000,-1,-1,900.000,-1,850.000,-1,-1,-1,2,0,2,0,2,0,0,0,0,2,2,0,2,0,2,2,2
75,7856.700,9601.172,-184.970,168.885,-0.979116,-0.192762,0.064611,0.191455,-0.981159,-0.025903,0.068387,-0.012992,0.997574,0,0.76953,0.47488,46.172,0.950,-1,400.000,-1,450.000,-1,325.000,350.000,325.000,300.000,-1,-1,950.000,-1,875.000,-1,-1,-1,2,0,2,0,2,0,0,0,0,2,2,0,2,0,2,2,2
76,7811.253,9609.321,-182.146,169.835,-0.982270,-0.176471,0.063279,0.175217,-0.984215,-0.024895,0.066673,-0.013366,0.997685,0,0.76953,0.47488,46.172,0.950,-1,400.000,-1,450.000,-1,325.000,350.000,325.000,300.000,-1,-1,-1,-1,875.000,-1,-1,-1,2,0,2,0,2,0,0,0,0,2,2,2,2,0,2,2,2
77,7765.677,9616.715,-179.711,170.785,-0.985204,-0.160135,0.061080,0.159039,-0.987017,-0.022435,0.063880,-0.012389,0.997881,0,0.76953,0.47488,46.172,0.950,-1,400.000,-1,450.000,-1,325.000,350.000,325.000,300.000,-1,-1,-1,-1,875.000,-1,-1,-1,2,0,2,0,2,0,0,0,0,2,2,2,2,0,2,2,2
78,7719.986,9623.352,-177.306,171.734,-0.987863,-0.143754,0.058839,0.142805,-0.989548,-0.020052,0.061107,-0.011406,0.998066,0,0.76953,0.47488,46.172,0.950,-1,400.000,-1,450.000,-1,325.000,350.000,325.000,300.000,-1,-1,-1,-1,875.000,-1,-1,-1,2,0,2,0,2,0,0,0,0,2,2,2,2,0,2,2,2
79,7674.190,9629.232,-174.927,172.684,-0.990246,-0.127333,0.056560,0.126519,-0.991805,-0.017758,0.058357,-0.010428,0.998241,0,0.76953,0.47488,46.172,0.950,-1,400.000,-1,450.000,-1,325.000,350.000,325.000,300.000,-1,-1,-1,-1,850.000,-1,-1,-1,2,0,2,0,2,0,0,0,0,2,2,2,2,0,2,2,2
80,7628.304,9634.351,-172.573,173.634,-0.992353,-0.110877,0.054247,0.110187,-0.993789,-0.015561,0.055635,-0.009465,0.998406,0,0.76953,0.47488,46.172,0.950,-1,375.000,-1,425.000,-1,325.000,325.000,325.000,300.000,-1,-1,-1,-1,850.000,-1,-1,-1,2,0,2,0,2,0,0,0,0,2,2,2,2,0,2,2,2
81,7582.338,9638.709,-170.242,174.584,-0.994181,-0.094390,0.051906,0.093811,-0.995499,-0.013472,0.052944,-0.008525,0.998561,0,0.76953,0.47488,46.172,0.950,-1,375.000,-1,425.000,-1,325.000,325.000,325.000,300.000,-1,-1,-1,-1,850.000,-1,-1,-1,2,0,2,0,2,0,0,0,0,2,2,2,2,0,2,2,2
82,7536.307,9642.305,-167.930,175.533,-0.995731,-0.077876,0.049542,0.077398,-0.996934,-0.011502,0.050286,-0.007618,0.998706,0,0.76953,0.47488,46.172,0.950,-1,375.000,-1,425.000,-1,325.000,325.000,325.000,300.000,-1,-1,-1,-1,850.000,-1,-1,-1,2,0,2,0,2,0,0,0,0,2,2,2,2,0,2,2,2
83,7490.223,9645.137,-165.636,176.483,-0.997002,-0.061341,0.047162,0.060951,-0.998094,-0.009658,0.047665,-0.006755,0.998841,0,0.76953,0.47488,46.172,0.950,-1,375.000,-1,425.000,-1,325.000,325.000,325.000,300.000,-1,-1,-1,-1,850.000,-1,-1,-1,2,0,2,0,2,0,0,0,0,2,2,2,2,0,2,2,2
84,7444.098,9647.205,-163.356,177.433,-0.997993,-0.044789,0.044773,0.044476,-0.998979,-0.007952,0.045084,-0.005944,0.998966,0,0.76953,0.47488,46.172,0.950,-1,375.000,-1,425.000,-1,325.000,325.000,325.000,300.000,-1,-1,-1,-1,850.000,-1,-1,-1,2,0,2,0,2,0,0,0,0,2,2,2,2,0,2,2,2
85,7397.944,9648.508,-161.089,178.383,-0.998703,-0.028224,0.042383,0.027977,-0.999588,-0.006391,0.042546,-0.005197,0.999081,0,0.76953,0.47488,46.172,0.950,-1,375.000,-1,425.000,-1,325.000,325.000,325.000,300.000,-1,-1,-1,-1,850.000,-1,-1,-1,2,0,2,0,2,0,0,0,0,2,2,2,2,0,2,2,2
86,7351.776,9649.046,-158.832,179.332,-0.999132,-0.011651,0.039999,0.011461,-0.999922,-0.004984,0.040054,-0.004522,0.999187,0,0.76953,0.47488,46.172,0.950,-1,400.000,-1,425.000,-1,325.000,325.000,325.000,325.000,-1,-1,-1,-1,825.000,-1,-1,-1,2,0,2,0,2,0,0,0,0,2,2,2,2,0,2,2,2
87,7305.605,9648.818,-156.583,180.282,-0.999280,0.004925,0.037630,-0.005070,-0.999980,-0.003741,0.037611,-0.003929,0.999285,0,0.76953,0.47488,46.172,0.950,-1,400.000,-1,425.000,-1,325.000,325.000,350.000,325.000,-1,-1,-1,-1,825.000,-1,-1,-1,2,0,2,0,2,0,0,0,0,2,2,2,2,0,2,2,2
88,7259.444,9647.825,-154.338,181.232,-0.999146,0.021500,0.035286,-0.021608,-0.999763,-0.002668,0.035220,-0.003428,0.999374,0,0.76953,0.47488,46.172,0.950,-1,400.000,-1,425.000,-1,325.000,325.000,350.000,325.000,-1,-1,-1,-1,825.000,-1,-1,-1,2,0,2,0,2,0,0,0,0,2,2,2,2,0,2,2,2
89,7213.306,9646.067,-152.324,182.182,-0.998721,0.038069,0.033284,-0.038121,-0.999273,-0.000922,0.033225,-0.002190,0.999446,0,0.76953,0.47488,46.172,0.950,-1,400.000,-1,425.000,-1,325.000,325.000,350.000,325.000,-1,-1,-1,-1,850.000,-1,-1,-1,2,0,2,0,2,0,0,0,0,2,2,2,2,0,2,2,2
90,7162.423,9643.070,-151.241,183.371,-0.997782,0.058810,0.031192,-0.058808,-0.998269,0.000967,0.031195,-0.000869,0.999513,0,0.84953,0.59488,50.972,1.190,-1,400.000,-1,425.000,-1,325.000,325.000,350.000,325.000,-1,-1,-1,-1,850.000,1000.000,-1,-1,2,0,2,0,2,0,0,0,0,2,2,2,2,0,0,2,2
91,7106.836,9638.535,-150.139,184.664,-0.996275,0.081312,0.028711,-0.081276,-0.996689,0.002418,0.028812,0.000076,0.999585,0,0.92953,0.64626,55.772,1.293,-1,400.000,-1,425.000,-1,300.000,325.000,350.000,325.000,-1,-1,-1,-1,825.000,975.000,-1,-1,2,0,2,0,2,0,0,0,0,2,2,2,2,0,0,2,2
92,7050.305,9632.636,-149.004,185.957,-0.994254,0.103774,0.026274,-0.103714,-0.994601,0.003630,0.026509,0.000884,0.999648,0,0.94731,0.64626,56.838,1.293,-1,400.000,-1,425.000,-1,300.000,325.000,350.000,325.000,-1,-1,-1,-1,825.000,950.000,-1,-1,2,0,2,0,2,0,0,0,0,2,2,2,2,0,0,2,2
93,6993.897,9625.462,-147.851,187.249,-0.991719,0.126177,0.023941,-0.126103,-0.992007,0.004567,0.024326,0.001511,0.999703,0,0.94770,0.64611,56.862,1.292,-1,400.000,-1,400.000,-1,300.000,325.000,350.000,325.000,-1,-1,-1,-1,825.000,925.000,-1,-1,2,0,2,0,2,0,0,0,0,2,2,2,2,0,0,2,2
94,6937.283,9616.965,-146.663,188.536,-0.988686,0.148423,0.021714,-0.148344,-0.988922,0.005231,0.022250,0.001950,0.999751,0,0.95414,0.64342,57.248,1.287,-1,400.000,-1,400.000,-1,300.000,325.000,350.000,325.000,-1,-1,-1,-1,825.000,925.000,-1,-1,2,0,2,0,2,0,0,0,0,2,2,2,2,0,0,2,2
95,6880.505,9607.141,-145.436,189.816,-0.985165,0.170487,0.019613,-0.170409,-0.985357,0.005611,0.020283,0.002185,0.999792,0,0.96036,0.64029,57.621,1.281,-1,400.000,-1,400.000,-1,300.000,300.000,350.000,325.000,-1,-1,-1,-1,800.000,900.000,-1,-1,2,0,2,0,2,0,0,0,0,2,2,2,2,0,0,2,2
96,6823.609,9595.989,-144.161,191.090,-0.981169,0.192343,0.017658,-0.192271,-0.981325,0.005701,0.018424,0.002199,0.999828,0,0.96631,0.63671,57.978,1.273,-1,400.000,-1,400.000,-1,300.000,300.000,350.000,325.000,-1,-1,-1,-1,800.000,875.000,-1,-1,2,0,2,0,2,0,0,0,0,2,2,2,2,0,0,2,2
97,6766.643,9583.511,-142.832,192.355,-0.976712,0.213966,0.015866,-0.213904,-0.976839,0.005496,0.016675,0.001974,0.999859,0,0.97195,0.63265,58.317,1.265,-1,400.000,-1,400.000,-1,300.000,300.000,350.000,350.000,-1,-1,-1,-1,800.000,875.000,-1,-1,2,0,2,0,2,0,0,0,0,2,2,2,2,0,0,2,2
98,6709.656,9569.713,-141.442,193.611,-0.971811,0.235330,0.014259,-0.235282,-0.971914,0.004991,0.015033,0.001495,0.999886,0,0.97724,0.62812,58.634,1.256,-1,400.000,-1,400.000,-1,300.000,300.000,350.000,350.000,-1,-1,-1,-1,775.000,850.000,-1,-1,2,0,2,0,2,0,0,0,0,2,2,2,2,0,1,2,2
99,6652.698,9554.603,-139.985,194.857,-0.966482,0.256413,0.012856,-0.256380,-0.966567,0.004184,0.013499,0.000748,0.999909,0,0.98212,0.62310,58.927,1.246,-1,400.000,-1,400.000,975.000,325.000,300.000,350.000,350.000,-1,-1,-1,-1,775.000,825.000,-1,-1,2,0,2,0,1,0,0,0,0,2,2,2,2,0,1,2,2
100,6595.825,9538.196,-138.897,196.092,-0.960740,0.277188,0.012022,-0.277149,-0.960815,0.004871,0.012901,0.001348,0.999916,0,0.98655,0.61759,59.193,1.235,-1,400.000,-1,400.000,900.000,325.000,325.000,350.000,350.000,-1,-1,-1,-1,775.000,800.000,-1,-1,2,0,2,0,1,0,0,0,0,2,2,2,2,0,1,2,2
101,6539.091,9520.508,-138.065,197.316,-0.954622,0.297635,0.010530,-0.297582,-0.954675,0.006318,0.011933,0.002898,0.999925,0,0.99046,0.61159,59.428,1.223,-1,400.000,-1,400.000,850.000,325.000,325.000,350.000,350.000,-1,-1,-1,-1,775.000,825.000,-1,-1,2,0,2,0,1,0,0,0,0,2,2,2,2,0,1,2,2
102,6482.552,9501.562,-137.298,198.526,-0.948133,0.317731,0.009499,-0.317671,-0.948173,0.007273,0.011317,0.003879,0.999928,0,0.99381,0.60510,59.628,1.210,-1,400.000,-1,400.000,825.000,325.000,325.000,350.000,350.000,-1,-1,-1,-1,775.000,850.000,-1,-1,2,0,2,0,1,0,0,0,0,2,2,2,2,0,0,2,2
103,6426.268,9481.384,-136.824,199.722,-0.941293,0.337457,0.009451,-0.337402,-0.941335,0.006953,0.011243,0.003356,0.999931,0,0.99653,0.59813,59.792,1.196,-1,400.000,-1,400.000,800.000,325.000,325.000,350.000,350.000,-1,-1,-1,-1,750.000,850.000,-1,-1,2,0,2,0,1,0,0,0,0,2,2,2,2,0,0,2,2
104,6370.296,9460.007,-136.406,200.904,-0.934137,0.356795,0.009259,-0.356752,-0.934180,0.005972,0.010780,0.002275,0.999939,0,0.99859,0.59070,59.915,1.181,-1,400.000,-1,400.000,775.000,325.000,325.000,350.000,350.000,-1,-1,-1,-1,750.000,850.000,-1,-1,2,0,2,0,1,0,0,0,0,2,2,2,2,0,0,2,2
105,6314.697,9437.465,-135.914,202.069,-0.926686,0.375725,0.009140,-0.375695,-0.926730,0.004957,0.010333,0.001160,0.999946,0,0.99991,0.58281,59.995,1.166,-1,400.000,-1,400.000,800.000,325.000,325.000,350.000,350.000,-1,-1,-1,-1,750.000,875.000,-1,-1,2,0,2,0,1,0,0,0,0,2,2,2,2,0,0,2,2
106,6259.556,9413.811,-135.348,203.218,-0.918965,0.394234,0.009074,-0.394214,-0.919010,0.003923,0.009886,0.000028,0.999951,0,1.00000,0.57451,60.000,1.149,-1,400.000,-1,400.000,850.000,325.000,325.000,325.000,350.000,-1,-1,-1,-1,750.000,875.000,-1,-1,2,0,2,0,1,0,0,0,0,2,2,2,2,0,0,2,2
107,6204.894,9389.073,-135.095,204.350,-0.911015,0.412307,0.007390,-0.412291,-0.911045,0.003725,0.008268,0.000347,0.999966,0,1.00000,0.56583,60.000,1.132,-1,400.000,-1,400.000,975.000,325.000,325.000,325.000,350.000,-1,-1,-1,-1,750.000,850.000,-1,-1,2,0,2,0,1,0,0,0,0,2,2,2,2,0,0,2,2
108,6150.768,9363.299,-134.703,205.464,-0.902840,0.429936,0.005956,-0.429923,-0.902859,0.003334,0.006811,0.000450,0.999977,0,0.99915,0.55682,59.949,1.114,-1,375.000,-1,400.000,975.000,325.000,325.000,325.000,350.000,-1,-1,-1,-1,725.000,850.000,-1,-1,2,0,2,0,1,0,0,0,0,2,2,2,2,0,0,2,2
109,6097.248,9336.546,-134.169,206.559,-0.894465,0.447113,0.004780,-0.447104,-0.894478,0.002767,0.005513,0.000337,0.999985,0,0.99723,0.54754,59.834,1.095,-1,375.000,-1,400.000,950.000,300.000,325.000,325.000,350.000,-1,-1,-1,-1,725.000,850.000,-1,-1,2,0,2,0,1,0,0,0,0,2,2,2,2,0,0,2,2
110,6044.386,9308.870,-133.578,207.635,-0.885914,0.463833,0.003950,-0.463827,-0.885923,0.002454,0.004638,0.000342,0.999989,0,0.99448,0.53806,59.669,1.076,-1,375.000,-1,400.000,900.000,300.000,325.000,325.000,350.000,-1,-1,-1,-1,725.000,825.000,-1,975.000,2,0,2,0,1,0,0,0,0,2,2,2,2,0,1,2,1
111,5993.828,9281.453,-133.096,208.471,-0.879053,0.476711,0.003586,-0.476702,-0.879059,0.003083,0.004622,0.001000,0.999989,0,0.95856,0.41806,57.513,0.836,-1,375.000,-1,400.000,850.000,300.000,325.000,325.000,350.000,-1,-1,-1,-1,725.000,800.000,-1,950.000,2,0,2,0,1,0,0,0,0,2,2,2,2,0,1,2,1
112,5943.760,9253.622,-132.659,209.067,-0.874049,0.485831,0.002748,-0.485819,-0.874050,0.004036,0.004363,0.002193,0.999988,0,0.95473,0.29806,57.284,0.596,-1,375.000,-1,400.000,800.000,325.000,325.000,325.000,325.000,-1,-1,-1,-1,725.000,775.000,-1,900.000,2,0,2,0,1,0,0,0,0,2,2,2,2,0,1,2,1
113,5894.075,9225.600,-132.232,209.423,-0.871016,0.491252,0.001646,-0.491239,-0.871010,0.005158,0.003968,0.003684,0.999985,0,0.95070,0.17806,57.042,0.356,-1,375.000,-1,400.000,750.000,325.000,325.000,325.000,325.000,-1,-1,-1,-1,725.000,750.000,-1,875.000,2,0,2,0,1,0,0,0,0,2,2,2,2,0,1,2,1
114,5844.663,9197.599,-131.746,209.539,-0.870022,0.493013,0.000555,-0.493000,-0.870006,0.006397,0.003637,0.005292,0.999979,0,0.94658,0.05806,56.795,0.116,-1,375.000,-1,400.000,725.000,325.000,325.000,325.000,325.000,-1,-1,-1,-1,725.000,725.000,-1,825.000,2,0,2,0,1,0,0,0,1,2,2,2,2,0,1,2,1
115,5795.404,9169.825,-131.301,209.415,-0.871088,0.491127,-0.000051,-0.491113,-0.871063,0.007615,0.003695,0.006659,0.999971,0,0.94249,-0.06194,56.550,-0.124,-1,375.000,-1,400.000,675.000,325.000,325.000,325.000,300.000,-1,-1,-1,-1,725.000,700.000,-1,800.000,2,0,2,0,1,0,0,0,1,2,2,2,2,0,1,2,1
116,5746.177,9142.481,-130.890,209.052,-0.874192,0.485581,-0.000240,-0.485563,-0.874157,0.008866,0.004095,0.007868,0.999961,0,0.93853,-0.18194,56.312,-0.364,-1,375.000,-1,400.000,625.000,325.000,325.000,325.000,300.000,-1,-1,-1,-1,725.000,700.000,-1,750.000,2,0,2,0,1,0,0,0,1,2,2,2,2,0,1,2,1
117,5696.862,9115.763,-131.073,208.448,-0.879264,0.476334,-0.000509,-0.476312,-0.879213,0.010520,0.004564,0.009492,0.999945,0,0.93478,-0.30194,56.087,-0.604,-1,375.000,-1,400.000,575.000,325.000,325.000,325.000,300.000,-1,-1,-1,-1,725.000,700.000,-1,700.000,2,0,2,0,1,0,0,0,1,2,2,2,2,0,1,2,1
118,5647.425,9089.715,-131.307,207.784,-0.884723,0.466115,-0.001077,-0.466096,-0.884660,0.011496,0.004406,0.010673,0.999933,0,0.93132,-0.33174,55.879,-0.663,-1,375.000,-1,400.000,550.000,325.000,325.000,325.000,300.000,-1,-1,-1,-1,700.000,675.000,-1,650.000,2,0,2,0,1,0,0,0,1,2,2,2,2,0,1,2,1
119,5597.876,9064.339,-131.430,207.118,-0.890082,0.455797,-0.001826,-0.455782,-0.890003,0.012521,0.004082,0.011977,0.999920,0,0.92783,-0.33291,55.670,-0.666,-1,375.000,-1,400.000,500.000,325.000,325.000,325.000,325.000,-1,-1,-1,-1,700.000,675.000,-1,600.000,2,0,2,1,1,0,0,0,1,2,2,2,2,0,1,2,1
120,5548.227,9039.638,-131.446,206.451,-0.895334,0.445388,-0.002749,-0.445382,-0.895237,0.013599,0.003596,0.013400,0.999904,0,0.92423,-0.33381,55.454,-0.668,-1,375.000,-1,400.000,450.000,325.000,325.000,325.000,325.000,-1,-1,-1,-1,700.000,700.000,-1,550.000,2,0,2,1,1,0,0,0,1,2,2,2,2,0,1,2,1
121,5498.492,9015.614,-131.358,205.782,-0.900472,0.434898,-0.003842,-0.434905,-0.900356,0.014733,0.002948,0.014937,0.999884,0,0.92056,-0.33442,55.233,-0.669,-1,375.000,-1,375.000,400.000,325.000,325.000,300.000,325.000,-1,-1,-1,-1,700.000,725.000,-1,500.000,2,0,2,1,1,0,0,0,0,2,2,2,2,0,1,2,1
122,5448.681,8992.268,-131.170,205.112,-0.905490,0.424336,-0.005098,-0.424362,-0.905353,0.015927,0.002143,0.016585,0.999860,0,0.91685,-0.33476,55.011,-0.670,-1,375.000,-1,375.000,375.000,325.000,325.000,300.000,325.000,-1,-1,-1,-1,700.000,750.000,-1,450.000,2,0,2,1,1,0,0,0,0,2,2,2,2,0,1,2,1
123,5398.803,8969.597,-130.887,204.443,-0.910384,0.413714,-0.006510,-0.413764,-0.910222,0.017184,0.001184,0.018337,0.999831,0,0.91314,-0.33481,54.788,-0.670,-1,375.000,-1,375.000,325.000,325.000,325.000,300.000,325.000,-1,-1,-1,-1,700.000,750.000,-1,400.000,2,0,2,1,1,0,0,0,0,2,2,2,2,0,0,2,1
124,5344.304,8945.502,-130.662,203.850,-0.914609,0.404263,-0.007917,-0.404340,-0.914404,0.019368,0.000591,0.020916,0.999781,0,0.99314,-0.29612,59.588,-0.592,-1,375.000,-1,400.000,275.000,325.000,325.000,300.000,325.000,-1,-1,-1,-1,725.000,750.000,-1,375.000,2,0,2,1,1,0,0,0,0,2,2,2,2,0,0,2,1
125,5289.442,8921.941,-128.954,203.243,-0.918866,0.394558,-0.003112,-0.394544,-0.918687,0.018673,0.004509,0.018385,0.999821,0,0.99511,-0.30397,59.707,-0.608,-1,375.000,-1,400.000,250.000,325.000,325.000,300.000,325.000,-1,-1,-1,-1,750.000,775.000,-1,375.000,2,0,2,0,1,0,0,0,0,2,2,2,2,0,0,2,1
126,5234.328,8898.979,-126.013,202.618,-0.923076,0.384562,0.006462,-0.384434,-0.923025,0.015327,0.011859,0.011664,0.999862,0,0.99511,-0.31218,59.706,-0.624,-1,400.000,-1,425.000,250.000,325.000,350.000,300.000,350.000,-1,-1,725.000,-1,800.000,850.000,-1,450.000,2,0,2,0,1,0,0,0,0,2,2,0,2,0,0,2,1
127,5178.993,8876.649,-123.649,201.977,-0.927246,0.374219,0.013203,-0.374054,-0.927310,0.013397,0.017256,0.007484,0.999823,0,0.99450,-0.32075,59.670,-0.641,-1,425.000,-1,450.000,250.000,350.000,350.000,300.000,375.000,-1,750.000,650.000,-1,875.000,900.000,-1,-1,2,0,2,0,1,0,0,0,1,2,0,0,2,0,0,2,2
128,5127.967,8856.473,-122.467,201.575,-0.929749,0.367719,0.018726,-0.367547,-0.929927,0.012048,0.021844,0.004319,0.999752,0,0.91450,-0.20075,54.870,-0.401,-1,425.000,-1,475.000,250.000,350.000,375.000,300.000,325.000,-1,600.000,525.000,-1,925.000,925.000,-1,-1,2,0,2,0,1,0,0,0,1,2,0,0,2,0,0,2,2
129,5081.353,8838.192,-122.076,201.414,-0.930730,0.365098,0.021116,-0.364924,-0.930964,0.011698,0.023929,0.003182,0.999709,0,0.83450,-0.08075,50.070,-0.161,-1,450.000,-1,475.000,250.000,375.000,375.000,300.000,275.000,-1,475.000,450.000,-1,950.000,950.000,-1,-1,2,0,2,0,1,0,0,0,1,2,0,0,2,0,0,2,2
130,5039.007,8821.518,-122.305,201.492,-0.930237,0.366371,0.020785,-0.366172,-0.930459,0.012833,0.024041,0.004327,0.999702,0,0.75851,0.03925,45.510,0.079,-1,450.000,-1,475.000,250.000,375.000,375.000,300.000,250.000,-1,425.000,425.000,-1,975.000,950.000,-1,-1,2,0,2,0,1,0,0,0,1,2,0,0,2,0,0,2,2
131,4996.977,8804.698,-123.179,201.811,-0.928253,0.371530,0.017647,-0.371285,-0.928387,0.015666,0.022203,0.007990,0.999722,0,0.75452,0.15925,45.271,0.319,-1,425.000,-1,450.000,250.000,350.000,375.000,300.000,200.000,-1,425.000,400.000,-1,950.000,900.000,-1,-1,2,0,2,0,1,0,0,0,1,2,0,0,2,0,0,2,2
132,4955.401,8787.586,-124.794,202.369,-0.924699,0.380533,0.011242,-0.380267,-0.924653,0.020331,0.018132,0.014525,0.999730,0,0.74933,0.27925,44.960,0.559,-1,425.000,-1,450.000,250.000,350.000,350.000,300.000,175.000,-1,650.000,475.000,-1,950.000,850.000,-1,-1,2,0,2,0,1,0,0,0,1,2,0,0,2,0,0,2,2
133,4914.425,8770.048,-127.248,203.168,-0.919406,0.393308,0.001046,-0.393140,-0.919086,0.026875,0.011531,0.024298,0.999638,0,0.74287,0.39925,44.572,0.799,-1,400.000,-1,400.000,275.000,325.000,325.000,300.000,150.000,-1,-1,775.000,775.000,900.000,775.000,-1,-1,2,0,2,0,1,0,0,0,1,2,2,0,1,0,0,2,2
134,4874.195,8751.961,-128.747,204.206,-0.912146,0.409830,-0.005483,-0.409793,-0.911648,0.031101,0.007748,0.030615,0.999501,0,0.73514,0.51925,44.108,1.039,-1,400.000,-1,400.000,400.000,325.000,325.000,300.000,125.000,-1,-1,975.000,700.000,875.000,750.000,-1,-1,2,0,2,0,1,0,0,0,1,2,2,0,1,0,0,2,2
