timestep,x_cm,y_cm,z_cm,yaw_deg,basis_xx,basis_xy,basis_xz,basis_yx,basis_yy,basis_yz,basis_zx,basis_zy,basis_zz,teleport_flag,throttle_cmd,steering_cmd,cmd_move_cm,cmd_turn_deg,lidar_cm_0,lidar_cm_1,lidar_cm_2,lidar_cm_3,lidar_cm_4,lidar_cm_5,lidar_cm_6,lidar_cm_7,lidar_cm_8,lidar_cm_9,lidar_cm_10,lidar_cm_11,lidar_cm_12,lidar_cm_13,lidar_cm_14,lidar_cm_15,lidar_cm_16,lidar_class_0,lidar_class_1,lidar_class_2,lidar_class_3,lidar_class_4,lidar_class_5,lidar_class_6,lidar_class_7,lidar_class_8,lidar_class_9,lidar_class_10,lidar_class_11,lidar_class_12,lidar_class_13,lidar_class_14,lidar_class_15,lidar_class_16
0,6887.290,-2951.682,355.406,11.372,0.978135,-0.196865,0.067052,0.200041,0.978779,-0.044441,-0.056881,0.056882,0.996759,1,0.00000,0.00000,4.800,0.240,-1,375.000,-1,350.000,700.000,300.000,300.000,325.000,275.000,325.000,-1,-1,-1,675.000,575.000,-1,775.000,2,0,2,0,0,0,0,1,0,1,2,2,2,0,0,2,0
1,6882.580,-2952.609,355.660,11.132,0.978920,-0.192758,0.067532,0.195995,0.979568,-0.045071,-0.057465,0.057357,0.996699,0,-0.08000,-0.12000,-4.800,-0.240,-1,375.000,-1,350.000,700.000,300.000,300.000,325.000,275.000,325.000,-1,-1,-1,675.000,575.000,-1,775.000,2,0,2,0,0,0,0,1,0,1,2,2,2,0,0,2,0
2,6873.146,-2954.383,356.176,10.652,0.980436,-0.184535,0.068501,0.187898,0.981093,-0.046367,-0.058649,0.058331,0.996573,0,-0.16000,-0.24000,-9.600,-0.480,-1,375.000,-1,325.000,675.000,300.000,300.000,325.000,275.000,325.000,-1,-1,-1,675.000,550.000,-1,750.000,2,0,2,0,0,0,0,1,0,1,2,2,2,0,0,2,0
3,6858.962,-2956.866,356.965,9.932,0.982578,-0.172176,0.069970,0.175740,0.983246,-0.048395,-0.060465,0.059848,0.996375,0,-0.24000,-0.36000,-14.400,-0.720,-1,375.000,-1,325.000,650.000,300.000,300.000,325.000,275.000,300.000,-1,-1,-1,675.000,550.000,-1,725.000,2,0,2,0,0,0,0,1,0,1,2,2,2,0,0,2,0
4,6839.997,-2959.860,358.046,8.972,0.985187,-0.155658,0.071955,0.159509,0.985865,-0.051256,-0.062959,0.061975,0.996090,0,-0.32000,-0.48000,-19.200,-0.960,-1,375.000,-1,325.000,625.000,300.000,275.000,325.000,275.000,300.000,-1,-1,-1,650.000,550.000,-1,700.000,2,0,2,0,0,0,0,1,0,1,2,2,2,0,0,2,0
5,6816.218,-2963.104,359.445,7.772,0.988049,-0.134953,0.074475,0.139200,0.988730,-0.055099,-0.066200,0.064807,0.995700,0,-0.40000,-0.60000,-24.000,-1.200,-1,375.000,-1,325.000,575.000,300.000,275.000,325.000,250.000,300.000,-1,-1,-1,650.000,550.000,-1,650.000,2,0,2,0,0,0,0,1,0,1,2,2,2,0,0,2,0
6,6791.861,-2965.830,360.974,6.390,0.990821,-0.111038,0.077101,0.115753,0.991486,-0.059636,-0.069822,0.068014,0.995238,0,-0.40851,-0.69117,-24.511,-1.382,-1,375.000,-1,325.000,525.000,300.000,275.000,325.000,250.000,300.000,-1,-1,-1,650.000,525.000,-1,600.000,2,0,2,0,0,0,0,1,0,1,2,2,2,0,0,2,0
7,6767.376,-2967.976,362.568,5.012,0.992999,-0.087143,0.079743,0.092382,0.993630,-0.064541,-0.073610,0.071456,0.994724,0,-0.40966,-0.68895,-24.580,-1.378,-1,375.000,-1,325.000,500.000,300.000,275.000,325.000,250.000,275.000,-1,-1,-1,650.000,525.000,-1,550.000,2,0,2,0,0,0,0,1,0,1,2,2,2,0,0,2,0
8,6742.782,-2969.538,364.228,3.639,0.994589,-0.063285,0.082390,0.069106,0.995162,-0.069830,-0.077572,0.075146,0.994151,0,-0.41076,-0.68671,-24.645,-1.373,-1,375.000,-1,325.000,450.000,300.000,275.000,325.000,250.000,275.000,-1,-1,-1,650.000,500.000,-1,525.000,2,0,2,0,0,0,0,1,0,1,2,2,2,0,0,2,0
9,6718.096,-2970.515,365.958,2.270,0.995596,-0.039480,0.085031,0.045950,0.996085,-0.075520,-0.081717,0.079095,0.993512,0,-0.41177,-0.68447,-24.706,-1.369,-1,375.000,-1,300.000,400.000,300.000,275.000,325.000,250.000,275.000,-1,-1,-1,650.000,500.000,-1,475.000,2,0,2,0,0,0,0,1,0,1,2,2,2,0,0,2,0
10,6693.337,-2970.904,367.760,0.905,0.996027,-0.015745,0.087651,0.022934,0.996399,-0.081628,-0.086050,0.083314,0.992801,0,-0.41271,-0.68222,-24.763,-1.364,-1,375.000,-1,300.000,375.000,300.000,275.000,325.000,250.000,275.000,-1,-1,-1,650.000,475.000,-1,425.000,2,0,2,0,0,0,0,1,0,1,2,2,2,0,0,2,0
11,6668.526,-2970.704,369.635,-0.455,0.995889,0.007904,0.090233,0.000083,0.996106,-0.088168,-0.090578,0.087813,0.992010,0,-0.41357,-0.67997,-24.814,-1.360,-1,375.000,-1,300.000,350.000,300.000,275.000,325.000,250.000,250.000,-1,-1,-1,650.000,475.000,-1,400.000,2,0,2,0,0,0,0,1,0,1,2,2,2,0,0,2,0
12,6643.680,-2969.916,371.586,-1.810,0.995192,0.031451,0.092759,-0.022582,0.995206,-0.095156,-0.095307,0.092603,0.991131,0,-0.41434,-0.67773,-24.860,-1.355,-1,375.000,-1,300.000,325.000,300.000,275.000,325.000,250.000,250.000,-1,-1,-1,650.000,475.000,-1,350.000,2,0,2,0,0,0,0,1,0,1,2,2,2,0,0,2,0
13,6618.820,-2968.540,373.613,-3.161,0.993943,0.054879,0.095210,-0.045037,0.993702,-0.102603,-0.100241,0.097693,0.990155,0,-0.41500,-0.67548,-24.900,-1.351,-1,375.000,-1,300.000,275.000,300.000,250.000,325.000,225.000,250.000,-1,-1,-1,625.000,450.000,-1,325.000,2,0,2,0,0,0,0,1,0,1,2,2,2,0,0,2,0
14,6593.966,-2966.577,375.719,-4.508,0.992155,0.078171,0.097563,-0.067259,0.991595,-0.110521,-0.105383,0.103092,0.989074,0,-0.41556,-0.67324,-24.933,-1.346,-1,375.000,-1,275.000,250.000,300.000,250.000,325.000,225.000,250.000,-1,-1,-1,625.000,450.000,-1,300.000,2,0,2,0,0,0,0,1,0,1,2,2,2,0,0,2,0
15,6569.139,-2964.029,377.923,-5.850,0.989853,0.101312,0.099630,-0.089252,0.988894,-0.118839,-0.110564,0.108741,0.987902,0,-0.41600,-0.67100,-24.960,-1.342,-1,375.000,-1,275.000,225.000,275.000,250.000,325.000,225.000,-1,-1,-1,-1,625.000,425.000,-1,275.000,2,0,2,0,0,0,0,1,0,2,2,2,2,0,0,2,0
16,6544.359,-2960.899,380.146,-7.187,0.987070,0.124280,0.101227,-0.110981,0.985567,-0.127835,-0.115654,0.114948,0.986616,0,-0.41632,-0.66878,-24.979,-1.338,-1,375.000,-1,275.000,225.000,275.000,250.000,325.000,225.000,-1,-1,-1,-1,625.000,425.000,-1,250.000,2,0,2,0,0,0,0,1,0,2,2,2,2,0,0,2,0
17,6519.648,-2957.190,382.671,-8.520,0.983866,0.147047,0.101901,-0.132411,0.981546,-0.137967,-0.120309,0.122248,0.985181,0,-0.41650,-0.66657,-24.990,-1.333,-1,375.000,-1,275.000,200.000,275.000,250.000,325.000,225.000,-1,-1,-1,-1,625.000,400.000,-1,225.000,2,0,2,0,0,0,0,1,0,2,2,2,2,0,0,2,0
18,-2951.697,2295.765,315.789,62.202,0.465214,-0.884219,-0.041639,0.884559,0.466150,-0.016080,0.033628,-0.029352,0.999003,1,0.00000,0.00000,-20.190,-1.093,-1,400.000,-1,400.000,-1,325.000,325.000,300.000,300.000,-1,-1,-1,-1,825.000,900.000,-1,-1,2,0,2,0,2,0,0,0,0,2,2,2,2,0,0,2,2
19,-2949.476,2300.021,315.942,62.442,0.461513,-0.886162,-0.041505,0.886505,0.462442,-0.016016,0.033387,-0.029403,0.999010,0,0.08000,0.12000,4.800,0.240,-1,400.000,-1,400.000,-1,325.000,325.000,300.000,300.000,-1,-1,-1,-1,825.000,900.000,-1,-1,2,0,2,0,2,0,0,0,0,2,2,2,2,0,0,2,2
20,-2945.082,2308.556,316.251,62.761,0.456598,-0.888717,-0.041240,0.889061,0.457512,-0.015890,0.032989,-0.029409,0.999023,0,0.16000,0.15912,9.600,0.318,-1,400.000,-1,400.000,-1,325.000,325.000,300.000,300.000,-1,-1,-1,-1,825.000,900.000,-1,-1,2,0,2,0,2,0,0,0,0,2,2,2,2,0,0,2,2
21,-2938.564,2321.396,316.714,63.086,0.451564,-0.891304,-0.040842,0.891648,0.452457,-0.015701,0.032473,-0.029326,0.999042,0,0.24000,0.16275,14.400,0.325,-1,400.000,-1,400.000,-1,325.000,325.000,300.000,300.000,-1,-1,-1,-1,825.000,900.000,-1,-1,2,0,2,0,2,0,0,0,0,2,2,2,2,0,0,2,2
22,-2929.974,2338.567,317.328,63.422,0.446351,-0.893949,-0.040311,0.894291,0.447218,-0.015447,0.031836,-0.029155,0.999068,0,0.32000,0.16821,19.200,0.336,-1,400.000,-1,400.000,-1,325.000,325.000,300.000,300.000,-1,-1,-1,-1,825.000,900.000,-1,-1,2,0,2,0,2,0,0,0,0,2,2,2,2,0,0,2,2
23,-2919.368,2360.097,318.090,63.774,0.440901,-0.896679,-0.039648,0.897017,0.441736,-0.015125,0.031076,-0.028896,0.999099,0,0.40000,0.17552,24.000,0.351,-1,400.000,-1,400.000,-1,325.000,325.000,300.000,300.000,-1,-1,-1,-1,825.000,900.000,-1,-1,2,0,2,0,2,0,0,0,0,2,2,2,2,0,0,2,2
24,-2906.835,2386.027,318.993,64.204,0.434186,-0.899985,-0.038853,0.900318,0.434983,-0.014730,0.030157,-0.028585,0.999136,0,0.48000,0.21548,28.800,0.431,-1,400.000,-1,400.000,-1,325.000,325.000,300.000,300.000,-1,-1,-1,-1,825.000,900.000,-1,-1,2,0,2,0,2,0,0,0,0,2,2,2,2,0,0,2,2
25,-2892.449,2416.391,320.031,64.650,0.427225,-0.903350,-0.037925,0.903677,0.427978,-0.014262,0.029114,-0.028179,0.999179,0,0.56000,0.22272,33.600,0.445,-1,400.000,-1,400.000,-1,325.000,325.000,300.000,300.000,-1,-1,-1,-1,825.000,900.000,-1,-1,2,0,2,0,2,0,0,0,0,2,2,2,2,0,0,2,2
26,-2876.962,2449.776,321.152,65.112,0.419972,-0.906786,-0.036907,0.907105,0.420679,-0.013738,0.027983,-0.027709,0.999224,0,0.61337,0.23120,36.802,0.462,-1,400.000,-1,400.000,-1,325.000,325.000,300.000,300.000,-1,-1,-1,-1,825.000,900.000,-1,-1,2,0,2,0,2,0,0,0,0,2,2,2,2,0,0,2,2
27,-2861.506,2483.837,322.250,65.593,0.412392,-0.910295,-0.035982,0.910609,0.413057,-0.013219,0.026896,-0.027314,0.999265,0,0.62340,0.24049,37.404,0.481,-1,400.000,-1,400.000,-1,325.000,325.000,300.000,300.000,-1,-1,-1,-1,825.000,900.000,-1,-1,2,0,2,0,2,0,0,0,0,2,2,2,2,1,0,2,2
28,-2846.097,2518.598,323.284,66.093,0.404469,-0.913868,-0.035352,0.914183,0.405101,-0.012761,0.025983,-0.027157,0.999293,0,0.63371,0.24993,38.023,0.500,-1,400.000,-1,400.000,-1,325.000,325.000,300.000,300.000,-1,-1,-1,-1,800.000,900.000,-1,-1,2,0,2,0,2,0,0,0,0,2,2,2,2,1,0,2,2
29,-2830.752,2554.080,324.289,66.612,0.396208,-0.917502,-0.034780,0.917821,0.396807,-0.012177,0.024973,-0.027097,0.999321,0,0.64431,0.25951,38.658,0.519,-1,400.000,-1,400.000,-1,325.000,325.000,300.000,300.000,-1,-1,-1,-1,775.000,900.000,-1,-1,2,0,2,0,2,0,0,0,0,2,2,2,2,1,0,2,2
30,-2815.587,2590.041,325.190,67.135,0.387852,-0.921078,-0.034443,0.921418,0.388413,-0.011162,0.023659,-0.027407,0.999344,0,0.65046,0.26150,39.028,0.523,-1,400.000,-1,400.000,-1,325.000,325.000,300.000,300.000,-1,-1,-1,-1,750.000,900.000,-1,-1,2,0,2,0,2,0,0,0,0,2,2,2,2,1,0,2,2
31,-2800.635,2626.422,326.077,67.658,0.379460,-0.924579,-0.034121,0.924938,0.379982,-0.010144,0.022344,-0.027710,0.999366,0,0.65557,0.26162,39.334,0.523,-1,400.000,1000.000,400.000,-1,325.000,325.000,300.000,300.000,-1,-1,-1,-1,725.000,900.000,-1,-1,2,0,1,0,2,0,0,0,0,2,2,2,2,1,0,2,2
32,-2785.901,2663.227,326.949,68.182,0.371034,-0.928003,-0.033814,0.928381,0.371518,-0.009124,0.021029,-0.028007,0.999386,0,0.66074,0.26167,39.644,0.523,-1,400.000,950.000,400.000,-1,325.000,325.000,300.000,300.000,-1,-1,-1,-1,700.000,900.000,-1,-1,2,0,1,0,2,0,0,0,0,2,2,2,2,1,0,2,2
33,-2769.587,2704.568,327.828,68.465,0.366476,-0.929830,-0.033346,0.930214,0.366924,-0.008249,0.019906,-0.027996,0.999410,0,0.74074,0.14167,44.444,0.283,-1,400.000,900.000,400.000,-1,325.000,325.000,300.000,300.000,-1,-1,-1,-1,675.000,875.000,-1,-1,2,0,1,0,2,0,0,0,0,2,2,2,2,1,1,2,2
34,-2751.546,2750.389,328.683,68.508,0.365812,-0.930118,-0.032579,0.930496,0.366225,-0.007534,0.018938,-0.027559,0.999441,0,0.82074,0.02167,49.244,0.043,-1,400.000,850.000,400.000,-1,325.000,325.000,300.000,300.000,-1,-1,-1,-1,650.000,825.000,925.000,-1,2,0,1,0,2,0,0,0,0,2,2,2,2,1,1,1,2
35,-2731.574,2800.607,329.531,68.312,0.369055,-0.928876,-0.031434,0.929238,0.369423,-0.006635,0.017775,-0.026761,0.999484,0,0.90074,-0.09833,54.044,-0.197,-1,400.000,800.000,400.000,-1,325.000,325.000,300.000,300.000,-1,-1,-1,-1,600.000,775.000,850.000,-1,2,0,1,0,2,0,0,0,0,2,2,2,2,1,1,1,2
36,-2709.829,2854.089,330.425,67.875,0.376176,-0.926056,-0.030215,0.926399,0.376500,-0.005666,0.016623,-0.025860,0.999527,0,0.96223,-0.21833,57.734,-0.437,-1,400.000,725.000,400.000,-1,325.000,325.000,300.000,300.000,-1,-1,-1,-1,575.000,725.000,750.000,950.000,2,0,1,0,2,0,0,0,0,2,2,2,2,1,1,1,1
37,-2687.283,2907.721,331.317,67.198,0.387136,-0.921567,-0.028980,0.921892,0.387420,-0.004686,0.015546,-0.024903,0.999569,0,0.96964,-0.33833,58.179,-0.677,-1,400.000,675.000,400.000,-1,325.000,325.000,300.000,325.000,-1,-1,-1,-1,525.000,675.000,650.000,900.000,2,1,1,0,2,0,0,0,0,2,2,2,2,1,1,1,1
38,-2663.703,2961.391,332.214,66.282,0.401878,-0.915274,-0.027715,0.915578,0.402123,-0.003700,0.014531,-0.023888,0.999609,0,0.97701,-0.45833,58.621,-0.917,-1,375.000,625.000,425.000,-1,325.000,325.000,300.000,325.000,-1,-1,-1,-1,475.000,625.000,550.000,825.000,2,1,1,0,2,0,0,0,0,2,2,2,2,1,1,1,1
39,-2638.861,3014.968,332.988,65.125,0.420334,-0.907003,-0.025792,0.907274,0.420532,-0.002567,0.013175,-0.022322,0.999664,0,0.98428,-0.57833,59.057,-1.157,750.000,350.000,575.000,425.000,-1,325.000,325.000,300.000,325.000,-1,-1,-1,-1,425.000,575.000,475.000,775.000,1,1,1,0,2,1,0,0,0,2,2,2,2,1,1,1,1
40,-2612.533,3068.306,333.654,63.729,0.442387,-0.896523,-0.023228,0.896751,0.442534,-0.001348,0.011488,-0.020234,0.999729,0,0.99136,-0.69833,59.482,-1.397,500.000,300.000,525.000,425.000,-1,300.000,325.000,300.000,300.000,-1,-1,-1,-1,375.000,550.000,400.000,725.000,1,1,1,0,2,1,0,0,0,2,2,2,2,1,1,1,1
41,-2584.501,3121.230,334.299,62.092,0.467875,-0.883554,-0.020621,0.883740,0.467978,-0.000229,0.009853,-0.018116,0.999787,0,0.99815,-0.81833,59.889,-1.637,375.000,275.000,475.000,400.000,-1,275.000,325.000,300.000,300.000,-1,-1,-1,-1,325.000,500.000,325.000,700.000,1,1,1,1,2,1,1,0,0,2,2,2,2,1,1,1,1
42,-2554.696,3173.303,334.835,60.215,0.496604,-0.867782,-0.018426,0.867935,0.496677,0.000687,0.008555,-0.016334,0.999830,0,1.00000,-0.93833,60.000,-1.877,275.000,250.000,425.000,375.000,-1,225.000,275.000,300.000,300.000,-1,-1,-1,-1,275.000,475.000,250.000,650.000,1,1,1,1,2,1,1,0,0,2,2,2,2,1,1,1,1
43,-2523.164,3224.350,338.380,58.297,0.525400,-0.850782,-0.011137,0.850670,0.525514,-0.013970,0.017738,-0.002134,0.999840,0,1.00000,-0.95907,60.000,-1.918,225.000,225.000,400.000,350.000,-1,200.000,275.000,350.000,300.000,-1,-1,-1,-1,250.000,450.000,200.000,625.000,1,1,1,1,2,1,1,0,0,2,2,2,2,1,1,1,1
44,-2489.963,3274.328,344.384,56.399,0.553720,-0.832702,-0.000835,0.831970,0.553274,-0.041405,0.034940,0.022232,0.999142,0,1.00000,-0.94921,60.000,-1.898,200.000,200.000,400.000,325.000,-1,200.000,250.000,400.000,275.000,-1,-1,600.000,-1,225.000,450.000,175.000,625.000,1,1,1,1,2,1,1,0,0,2,2,0,2,1,1,1,1
45,-2455.153,3323.202,351.437,54.522,0.581798,-0.813281,0.009266,0.811438,0.579627,-0.074844,0.055498,0.051063,0.997152,0,1.00000,-0.93810,60.000,-1.876,175.000,175.000,425.000,325.000,-1,200.000,250.000,500.000,275.000,-1,425.000,150.000,775.000,225.000,450.000,175.000,675.000,1,1,1,1,2,1,1,0,0,2,0,0,0,1,1,1,1
46,-2418.798,3370.939,359.499,52.671,0.609816,-0.792321,0.018734,0.788559,0.604215,-0.114448,0.079360,0.084565,0.993253,0,1.00000,-0.92560,60.000,-1.851,150.000,175.000,450.000,325.000,-1,200.000,250.000,625.000,250.000,-1,275.000,75.000,450.000,225.000,450.000,150.000,-1,1,1,1,1,2,1,1,0,0,2,0,0,0,1,1,1,2
47,-2380.961,3417.515,368.521,50.848,0.637959,-0.769591,0.027157,0.762695,0.626588,-0.160262,0.106320,0.122954,0.986701,0,1.00000,-0.91158,60.000,-1.823,150.000,200.000,525.000,350.000,-1,200.000,250.000,850.000,225.000,-1,225.000,25.000,275.000,250.000,500.000,125.000,-1,1,1,1,1,2,1,1,0,0,2,0,0,0,1,1,1,2
48,-7543.244,-8199.093,73.414,34.212,0.827160,-0.560419,-0.041674,0.552114,0.824245,-0.125658,0.104771,0.080931,0.991198,1,0.00000,0.00000,60.000,-1.792,-1,450.000,-1,400.000,-1,350.000,325.000,375.000,200.000,-1,-1,-1,-1,-1,750.000,-1,-1,2,0,2,0,2,0,0,0,0,2,2,2,2,2,0,2,2
49,-7539.262,-8196.412,74.097,33.972,0.829446,-0.557011,-0.041942,0.548868,0.826658,-0.124015,0.103750,0.079843,0.991394,0,0.08000,-0.12000,4.800,-0.240,-1,450.000,-1,400.000,-1,350.000,325.000,375.000,225.000,-1,-1,-1,-1,-1,750.000,-1,-1,2,0,2,0,2,0,0,0,0,2,2,2,2,2,0,2,2
50,-7531.255,-8191.118,75.452,33.492,0.833981,-0.550159,-0.042438,0.542335,0.831437,-0.120770,0.101727,0.077704,0.991773,0,0.16000,-0.24000,9.600,-0.480,-1,450.000,-1,375.000,-1,350.000,325.000,375.000,225.000,-1,-1,-1,-1,-1,750.000,-1,-1,2,0,2,0,2,0,0,0,0,2,2,2,2,2,0,2,2
51,-7519.144,-8183.327,77.459,32.772,0.840692,-0.539796,-0.043081,0.532434,0.838484,-0.116011,0.098745,0.074592,0.992313,0,0.24000,-0.36000,14.400,-0.720,-1,450.000,-1,375.000,-1,350.000,325.000,350.000,225.000,-1,-1,-1,-1,1000.000,750.000,-1,-1,2,0,2,0,2,0,0,0,0,2,2,2,2,0,0,2,2
52,-7502.826,-8173.210,80.083,31.812,0.849466,-0.525825,-0.043762,0.519043,0.847656,-0.109879,0.094872,0.070624,0.992981,0,0.32000,-0.48000,19.200,-0.960,-1,425.000,-1,375.000,-1,350.000,325.000,350.000,225.000,-1,-1,-1,-1,950.000,750.000,-1,-1,2,0,2,0,2,0,0,0,0,2,2,2,2,0,0,2,2
53,-7482.168,-8160.994,83.277,30.612,0.860144,-0.508120,-0.044348,0.502012,0.858757,-0.102570,0.090202,0.065962,0.993737,0,0.40000,-0.60000,24.000,-1.200,-1,425.000,-1,375.000,-1,325.000,325.000,350.000,250.000,-1,-1,-1,-1,900.000,725.000,-1,-1,2,0,2,0,2,0,0,0,0,2,2,2,2,0,0,2,2
54,-7457.074,-8146.861,87.100,29.402,0.870565,-0.490039,-0.044486,0.484714,0.869624,-0.093840,0.084671,0.060131,0.994593,0,0.48000,-0.60546,28.800,-1.211,-1,425.000,-1,375.000,-1,325.000,325.000,350.000,250.000,-1,-1,-1,-1,850.000,725.000,-1,-1,2,0,2,0,2,0,0,0,0,2,2,2,2,0,0,2,2
55,-7427.459,-8130.991,91.463,28.200,0.880564,-0.471870,-0.044101,0.467381,0.880047,-0.084094,0.078493,0.053438,0.995481,0,0.56000,-0.60096,33.600,-1.202,-1,400.000,-1,375.000,-1,325.000,325.000,325.000,275.000,-1,-1,-1,-1,800.000,725.000,-1,-1,2,0,2,0,2,0,0,0,0,2,2,2,2,0,0,2,2
56,-7395.170,-8114.540,95.967,27.008,0.890141,-0.453620,-0.043328,0.449903,0.889964,-0.074505,0.072358,0.046827,0.996279,0,0.60399,-0.59572,36.239,-1.191,-1,400.000,-1,375.000,-1,325.000,325.000,325.000,300.000,-1,-1,-1,-1,775.000,725.000,-1,-1,2,0,2,0,2,0,0,0,0,2,2,2,2,0,0,2,2
57,-7362.286,-8098.629,100.253,25.828,0.899287,-0.435304,-0.042350,0.432225,0.899347,-0.066006,0.066820,0.041053,0.996920,0,0.60885,-0.59009,36.531,-1.180,-1,375.000,-1,375.000,-1,325.000,325.000,325.000,300.000,-1,-1,-1,-1,725.000,700.000,-1,-1,2,0,2,0,2,0,0,0,0,2,2,2,2,0,0,2,2
58,-7328.821,-8083.265,102.667,24.659,0.907954,-0.416848,-0.043084,0.413732,0.907997,-0.066087,0.066669,0.042179,0.996883,0,0.61371,-0.58443,36.823,-1.169,-1,375.000,-1,375.000,-1,325.000,325.000,325.000,300.000,-1,-1,-1,-1,725.000,700.000,-1,-1,2,0,2,0,2,0,0,0,0,2,2,2,2,0,0,2,2
59,-7294.785,-8068.464,105.062,23.502,0.916164,-0.398401,-0.043816,0.395240,0.916184,-0.066272,0.066546,0.043399,0.996839,0,0.61857,-0.57874,37.114,-1.157,-1,375.000,-1,375.000,-1,325.000,325.000,325.000,300.000,-1,-1,-1,-1,725.000,700.000,-1,-1,2,0,2,0,2,0,0,0,0,2,2,2,2,0,0,2,2
60,-7260.191,-8054.235,107.525,22.356,0.923910,-0.379980,-0.044790,0.376774,0.923930,-0.066299,0.066575,0.044379,0.996794,0,0.62343,-0.57303,37.406,-1.146,-1,375.000,-1,375.000,-1,325.000,325.000,325.000,300.000,-1,-1,-1,-1,725.000,725.000,-1,-1,2,0,2,0,2,0,0,0,0,2,2,2,2,0,0,2,2
61,-7225.051,-8040.590,110.027,21.221,0.931205,-0.361597,-0.045883,0.358347,0.931237,-0.066219,0.066672,0.045222,0.996750,0,0.62827,-0.56729,37.696,-1.135,-1,375.000,-1,375.000,-1,325.000,325.000,300.000,325.000,-1,-1,-1,-1,725.000,725.000,-1,-1,2,0,2,0,2,0,0,0,0,2,2,2,2,0,0,2,2
62,-7189.377,-8027.536,112.530,20.098,0.938066,-0.343262,-0.046940,0.339970,0.938109,-0.066116,0.066730,0.046063,0.996707,0,0.63311,-0.56153,37.986,-1.123,-1,375.000,-1,375.000,-1,325.000,325.000,300.000,325.000,-1,-1,-1,-1,725.000,725.000,-1,-1,2,0,2,0,2,0,0,0,0,2,2,2,2,0,0,2,2
63,-7153.184,-8015.083,115.032,18.987,0.944501,-0.324988,-0.047962,0.321655,0.944555,-0.065990,0.066748,0.046900,0.996667,0,0.63793,-0.55574,38.276,-1.111,-1,375.000,-1,375.000,-1,325.000,325.000,300.000,325.000,-1,-1,-1,-1,725.000,725.000,-1,-1,2,0,2,0,2,0,0,0,0,2,2,2,2,0,0,2,2
64,-7116.483,-8003.237,117.632,17.887,0.950544,-0.306779,-0.048514,0.303410,0.950563,-0.066129,0.066403,0.048139,0.996631,0,0.64275,-0.54993,38.565,-1.100,-1,375.000,-1,375.000,-1,325.000,325.000,300.000,325.000,-1,-1,-1,-1,725.000,725.000,-1,-1,2,0,2,0,2,0,0,0,0,2,2,2,2,0,0,2,2
65,-7079.288,-7992.007,120.305,16.798,0.956170,-0.288649,-0.049196,0.285212,0.956145,-0.066645,0.066275,0.049693,0.996563,0,0.64755,-0.54410,38.853,-1.088,-1,375.000,-1,375.000,-1,325.000,325.000,325.000,325.000,-1,625.000,-1,-1,725.000,725.000,-1,-1,2,0,2,0,2,0,0,0,0,2,0,2,2,0,0,2,2
66,-7041.612,-7981.400,122.976,15.722,0.961395,-0.270614,-0.049883,0.267108,0.961323,-0.067172,0.066131,0.051255,0.996494,0,0.65234,-0.53824,39.140,-1.076,-1,375.000,-1,375.000,-1,325.000,325.000,325.000,325.000,-1,625.000,-1,-1,725.000,725.000,-1,-1,2,0,2,0,2,0,0,0,0,2,0,2,2,0,0,2,2
67,-7003.468,-7971.423,125.637,14.657,0.966227,-0.252683,-0.050566,0.249110,0.966107,-0.067684,0.065955,0.052801,0.996425,0,0.65711,-0.53236,39.427,-1.065,-1,375.000,-1,375.000,-1,325.000,325.000,325.000,325.000,-1,650.000,-1,-1,725.000,725.000,-1,-1,2,0,2,0,2,0,0,0,0,2,0,2,2,0,0,2,2
68,-6964.870,-7962.081,128.287,13.604,0.970675,-0.234868,-0.051244,0.231228,0.970508,-0.068180,0.065746,0.054332,0.996356,0,0.66187,-0.52645,39.712,-1.053,-1,375.000,-1,375.000,-1,325.000,325.000,325.000,325.000,-1,675.000,-1,-1,725.000,725.000,-1,-1,2,0,2,0,2,0,0,0,0,2,0,2,2,0,0,2,2
69,-6921.383,-7952.576,131.212,12.327,0.975633,-0.213160,-0.051991,0.209448,0.975402,-0.068712,0.065359,0.056149,0.996281,0,0.74187,-0.63849,44.512,-1.277,-1,375.000,-1,400.000,-1,325.000,325.000,325.000,325.000,-1,700.000,-1,-1,750.000,750.000,-1,-1,2,0,2,0,2,0,0,0,0,2,0,2,2,0,0,2,2
70,-6872.987,-7943.111,134.400,11.064,0.980056,-0.191576,-0.052806,0.187786,0.979764,-0.069279,0.065010,0.057981,0.996199,0,0.82187,-0.63188,49.312,-1.264,-1,375.000,-1,400.000,-1,325.000,325.000,325.000,325.000,-1,725.000,650.000,-1,750.000,750.000,-1,-1,2,0,2,0,2,0,0,0,0,2,0,0,2,0,0,2,2
71,-6821.311,-7934.170,137.734,9.814,0.983956,-0.170153,-0.053659,0.166282,0.983601,-0.069857,0.064666,0.059814,0.996113,0,0.87405,-0.62459,52.443,-1.249,-1,375.000,-1,400.000,-1,325.000,325.000,325.000,325.000,-1,750.000,675.000,-1,750.000,750.000,-1,-1,2,0,2,0,2,0,0,0,0,2,0,0,2,0,0,2,2
72,-6769.099,-7926.290,141.033,8.581,0.987346,-0.148919,-0.054504,0.144969,0.986928,-0.070412,0.064277,0.061620,0.996028,0,0.88005,-0.61686,52.803,-1.234,-1,375.000,-1,400.000,-1,325.000,325.000,325.000,300.000,-1,750.000,700.000,-1,750.000,750.000,-1,-1,2,0,2,0,2,0,0,0,0,2,0,0,2,0,0,2,2
73,-6716.375,-7919.476,144.292,7.362,0.990243,-0.127888,-0.055341,0.123861,0.989760,-0.070945,0.063847,0.063398,0.995944,0,0.88603,-0.60912,53.162,-1.218,-1,375.000,-1,400.000,-1,325.000,325.000,325.000,300.000,-1,775.000,725.000,-1,750.000,750.000,-1,-1,2,0,2,0,2,0,0,0,0,2,0,0,2,0,0,2,2
74,-6663.165,-7913.732,147.500,6.160,0.992662,-0.107074,-0.056192,0.102967,0.992112,-0.071490,0.063403,0.065179,0.995857,0,0.89197,-0.60135,53.518,-1.203,-1,400.000,-1,400.000,-1,325.000,325.000,325.000,300.000,-1,800.000,725.000,-1,750.000,750.000,-1,-1,2,0,2,0,2,0,0,0,0,2,0,0,2,0,0,2,2
75,-6609.494,-7909.061,150.658,4.973,0.994618,-0.086486,-0.057049,0.082301,0.994001,-0.072028,0.062936,0.066945,0.995770,0,0.89789,-0.59355,53.874,-1.187,-1,400.000,-1,400.000,-1,325.000,325.000,325.000,300.000,-1,800.000,750.000,-1,750.000,750.000,-1,-1,2,0,2,0,2,0,0,0,0,2,0,0,2,0,0,2,2
76,-6555.386,-7905.465,153.874,3.801,0.996141,-0.066140,-0.057698,0.061917,0.995471,-0.072144,0.062208,0.068293,0.995724,0,0.90379,-0.58574,54.227,-1.171,-1,400.000,-1,400.000,-1,325.000,325.000,325.000,300.000,-1,850.000,775.000,-1,750.000,750.000,-1,-1,2,0,2,0,2,0,0,0,0,2,0,0,2,0,0,2,2
77,-6500.170,-7902.916,157.292,2.641,0.997263,-0.045968,-0.057915,0.041729,0.996504,-0.072384,0.061040,0.069769,0.995694,0,0.92123,-0.58004,55.274,-1.160,-1,400.000,-1,400.000,-1,325.000,325.000,325.000,300.000,-1,900.000,825.000,-1,750.000,775.000,-1,-1,2,0,2,0,2,0,0,0,0,2,0,0,2,0,0,2,2
78,-6444.776,-7901.473,160.658,1.491,0.997973,-0.025958,-0.058105,0.021704,0.997119,-0.072681,0.059824,0.071272,0.995661,0,0.92353,-0.57493,55.412,-1.150,-1,400.000,-1,400.000,-1,325.000,325.000,325.000,300.000,-1,975.000,875.000,-1,750.000,775.000,-1,-1,2,0,2,0,2,0,0,0,0,2,0,0,2,0,0,2,2
79,-6389.224,-7901.131,163.955,0.352,0.998281,-0.006122,-0.058289,0.001856,0.997332,-0.072972,0.058581,0.072739,0.995629,0,0.92588,-0.56977,55.553,-1.140,-1,400.000,-1,400.000,-1,325.000,325.000,325.000,300.000,-1,-1,950.000,-1,750.000,775.000,-1,-1,2,0,2,0,2,0,0,0,0,2,2,0,2,0,0,2,2
80,-6333.533,-7901.885,167.181,-0.777,0.998198,0.013531,-0.058468,-0.017808,0.997154,-0.073257,0.057310,0.074166,0.995598,0,0.92827,-0.56458,55.696,-1.129,-1,400.000,-1,400.000,-1,325.000,325.000,325.000,300.000,-1,-1,1000.000,-1,775.000,775.000,-1,-1,2,0,2,0,2,0,0,0,0,2,2,0,2,0,0,2,2
81,-6277.720,-7903.732,170.334,-1.896,0.997734,0.032994,-0.058642,-0.037278,0.996596,-0.073536,0.056016,0.075556,0.995567,0,0.93071,-0.55935,55.842,-1.119,-1,400.000,-1,400.000,-1,325.000,325.000,325.000,300.000,-1,-1,-1,-1,775.000,775.000,-1,-1,2,0,2,0,2,0,0,0,0,2,2,2,2,0,0,2,2
82,-6221.805,-7906.665,173.412,-3.004,0.996900,0.052256,-0.058812,-0.056546,0.995668,-0.073809,0.054700,0.076906,0.995537,0,0.93318,-0.55409,55.991,-1.108,-1,400.000,-1,400.000,-1,325.000,325.000,325.000,300.000,-1,-1,-1,-1,775.000,775.000,-1,-1,2,0,2,0,2,0,0,0,0,2,2,2,2,0,0,2,2
83,-6165.806,-7910.680,176.414,-4.102,0.995709,0.071312,-0.058979,-0.075604,0.994383,-0.074075,0.053365,0.078217,0.995507,0,0.93570,-0.54879,56.142,-1.098,-1,400.000,-1,400.000,-1,325.000,325.000,325.000,300.000,-1,-1,-1,-1,775.000,775.000,-1,-1,2,0,2,0,2,0,0,0,0,2,2,2,2,0,0,2,2
84,-6109.741,-7915.770,179.339,-5.189,0.994170,0.090152,-0.059143,-0.094446,0.992751,-0.074335,0.052013,0.079488,0.995478,0,0.93825,-0.54346,56.295,-1.087,-1,400.000,-1,400.000,-1,325.000,325.000,325.000,300.000,-1,-1,-1,-1,775.000,775.000,-1,-1,2,0,2,0,2,0,0,0,0,2,2,2,2,0,0,2,2
85,-6053.627,-7921.930,182.181,-6.265,0.992297,0.108771,-0.059297,-0.113063,0.990783,-0.074601,0.050636,0.080730,0.995449,0,0.94084,-0.53809,56.450,-1.076,-1,400.000,-1,400.000,-1,325.000,325.000,325.000,300.000,-1,-1,-1,-1,775.000,800.000,-1,-1,2,0,2,0,2,0,0,0,0,2,2,2,2,0,0,2,2
86,-5997.481,-7929.151,184.925,-7.330,0.990102,0.127161,-0.059405,-0.131450,0.988487,-0.074933,0.049193,0.082000,0.995418,0,0.94346,-0.53269,56.607,-1.065,-1,400.000,-1,400.000,-1,325.000,325.000,325.000,300.000,-1,-1,-1,-1,800.000,800.000,-1,-1,2,0,2,0,2,0,0,0,0,2,2,2,2,0,0,2,2
87,-5941.376,-7937.424,187.585,-8.389,0.987585,0.145381,-0.059499,-0.149664,0.985866,-0.075288,0.047713,0.083258,0.995385,0,0.94519,-0.52915,56.711,-1.058,-1,400.000,-1,400.000,-1,325.000,325.000,325.000,300.000,-1,-1,-1,-1,800.000,800.000,-1,-1,2,0,2,0,2,0,0,0,0,2,2,2,2,0,0,2,2
88,-5885.433,-7946.732,190.049,-9.447,0.984763,0.163554,-0.059092,-0.167771,0.982945,-0.075307,0.045767,0.084074,0.995408,0,0.94519,-0.52915,56.711,-1.058,-1,400.000,-1,400.000,-1,325.000,325.000,325.000,300.000,-1,-1,-1,-1,800.000,800.000,-1,-1,2,0,2,0,2,0,0,0,0,2,2,2,2,0,0,2,2
89,-5829.671,-7957.071,192.416,-10.505,0.981621,0.181669,-0.058459,-0.185800,0.979695,-0.075344,0.043584,0.084821,0.995443,0,0.94519,-0.52915,56.711,-1.058,-1,400.000,-1,400.000,-1,325.000,325.000,300.000,300.000,-1,-1,-1,-1,825.000,800.000,-1,-1,2,0,2,0,2,0,0,0,0,2,2,2,2,0,0,2,2
90,-5774.110,-7968.439,194.660,-11.564,0.978152,0.199718,-0.057718,-0.203758,0.976101,-0.075566,0.041247,0.085676,0.995469,0,0.94519,-0.52915,56.711,-1.058,-1,400.000,-1,400.000,-1,325.000,325.000,300.000,300.000,-1,-1,-1,-1,825.000,800.000,-1,-1,2,0,2,0,2,0,0,0,0,2,2,2,2,0,0,2,2
91,-5718.606,-7980.867,196.822,-12.621,0.974353,0.217687,-0.056995,-0.221636,0.972177,-0.075823,0.038904,0.086510,0.995491,0,0.94797,-0.52888,56.878,-1.058,-1,400.000,-1,400.000,-1,325.000,325.000,300.000,300.000,-1,-1,-1,-1,825.000,800.000,-1,-1,2,0,2,0,2,0,0,0,0,2,2,2,2,0,0,2,2
92,-5662.910,-7994.420,198.910,-13.677,0.970231,0.235548,-0.056291,-0.239406,0.967932,-0.076114,0.036557,0.087324,0.995509,0,0.95533,-0.52794,57.320,-1.056,-1,400.000,-1,400.000,-1,325.000,325.000,300.000,300.000,-1,-1,-1,-1,825.000,800.000,-1,-1,2,0,2,0,2,0,0,0,0,2,2,2,2,0,0,2,2
93,-5607.047,-8009.107,200.922,-14.731,0.965792,0.253284,-0.055608,-0.257050,0.963370,-0.076439,0.034210,0.088118,0.995522,0,0.96268,-0.52666,57.761,-1.053,-1,400.000,-1,400.000,-1,325.000,325.000,300.000,300.000,-1,-1,-1,-1,825.000,775.000,-1,-1,2,0,2,0,2,0,0,0,0,2,2,2,2,0,0,2,2
94,-5551.039,-8024.935,202.855,-15.781,0.961044,0.270878,-0.054950,-0.274552,0.958501,-0.076795,0.031867,0.088890,0.995532,0,0.97001,-0.52503,58.201,-1.050,-1,400.000,-1,400.000,-1,325.000,325.000,300.000,300.000,-1,-1,-1,-1,825.000,775.000,-1,-1,2,0,2,0,2,0,0,0,0,2,2,2,2,0,0,2,2
95,-5494.911,-8041.909,204.710,-16.827,0.955995,0.288311,-0.054320,-0.291894,0.953331,-0.077183,0.029532,0.089642,0.995536,0,0.97729,-0.52302,58.638,-1.046,-1,400.000,-1,400.000,-1,325.000,325.000,300.000,300.000,-1,-1,-1,-1,825.000,775.000,-1,-1,2,0,2,0,2,0,0,0,0,2,2,2,2,0,0,2,2
96,-5438.689,-8060.033,206.482,-17.868,0.950654,0.305567,-0.053721,-0.309058,0.947872,-0.077598,0.027210,0.090372,0.995536,0,0.98450,-0.52062,59.070,-1.041,1000.000,400.000,-1,400.000,-1,325.000,325.000,300.000,300.000,-1,-1,-1,-1,825.000,775.000,950.000,-1,1,0,2,0,2,0,0,0,0,2,2,2,2,0,0,1,2
97,-5387.420,-8077.835,207.994,-19.149,0.943641,0.326660,-0.053250,-0.330056,0.940728,-0.078057,0.024596,0.091233,0.995526,0,0.90450,-0.64062,54.270,-1.281,925.000,400.000,-1,400.000,-1,325.000,325.000,300.000,300.000,-1,-1,-1,-1,825.000,775.000,900.000,-1,1,0,2,0,2,0,0,0,0,2,2,2,2,1,0,1,2
98,-5341.133,-8095.298,209.183,-20.670,0.934688,0.351496,-0.052997,-0.354795,0.931666,-0.078222,0.021881,0.091916,0.995526,0,0.82450,-0.76062,49.470,-1.521,875.000,400.000,-1,400.000,-1,325.000,325.000,300.000,300.000,-1,-1,-1,-1,775.000,775.000,850.000,-1,1,0,2,0,2,0,0,0,0,2,2,2,2,1,0,1,2
99,-5299.842,-8112.344,209.980,-22.432,0.923516,0.379961,-0.052414,-0.383105,0.920414,-0.077900,0.018644,0.092022,0.995582,0,0.74450,-0.88062,44.670,-1.761,800.000,400.000,-1,400.000,-1,325.000,325.000,300.000,300.000,-1,-1,-1,-1,750.000,775.000,800.000,-1,1,0,2,0,2,0,0,0,0,2,2,2,2,1,0,1,2
100,-5259.325,-8130.543,210.564,-24.186,0.911543,0.407974,-0.051443,-0.410926,0.908374,-0.077439,0.015136,0.091728,0.995669,0,0.74024,-0.87725,44.415,-1.754,750.000,400.000,-1,400.000,-1,325.000,325.000,300.000,300.000,-1,-1,-1,-1,725.000,775.000,750.000,-1,1,0,2,0,2,0,0,0,0,2,2,2,2,1,0,1,2
101,-5219.160,-8150.074,211.044,-25.931,0.898790,0.435457,-0.050539,-0.438224,0.895554,-0.077094,0.011689,0.091439,0.995742,0,0.74434,-0.87247,44.660,-1.745,700.000,400.000,-1,400.000,-1,325.000,325.000,300.000,300.000,-1,-1,-1,-1,675.000,750.000,725.000,-1,1,0,2,0,2,0,0,0,0,2,2,2,2,1,0,1,2
102,-5179.407,-8170.915,211.418,-27.665,0.885290,0.462374,-0.049716,-0.464965,0.881987,-0.076862,0.008310,0.091161,0.995801,0,0.74806,-0.86719,44.884,-1.734,650.000,400.000,-1,400.000,-1,325.000,325.000,300.000,300.000,-1,-1,-1,-1,650.000,750.000,675.000,-1,1,0,2,0,2,0,0,0,0,2,2,2,2,1,0,1,2
103,-5140.125,-8193.040,211.634,-29.388,0.871072,0.488684,-0.049208,-0.491128,0.867693,-0.076825,0.005154,0.091087,0.995830,0,0.75137,-0.86139,45.082,-1.723,625.000,400.000,-1,400.000,-1,325.000,325.000,300.000,300.000,-1,-1,-1,-1,625.000,750.000,625.000,-1,1,0,2,0,2,0,0,0,0,2,2,2,2,1,0,1,2
104,-5101.376,-8216.414,211.746,-31.098,0.856182,0.514363,-0.048807,-0.516669,0.852727,-0.076872,0.002079,0.091034,0.995846,0,0.75420,-0.85507,45.252,-1.710,575.000,400.000,-1,400.000,-1,325.000,325.000,300.000,300.000,-1,-1,-1,-1,600.000,725.000,600.000,-1,1,0,2,0,2,0,0,0,0,2,2,2,2,1,0,1,2
105,-5063.219,-8241.000,211.753,-32.795,0.840661,0.539384,-0.048513,-0.541560,0.837129,-0.076993,-0.000917,0.090998,0.995851,0,0.75650,-0.84822,45.390,-1.696,525.000,400.000,-1,400.000,-1,325.000,325.000,300.000,300.000,-1,-1,-1,-1,600.000,725.000,575.000,-1,1,0,2,0,2,0,0,0,0,2,2,2,2,1,0,1,2
106,-5021.732,-8269.250,211.560,-34.251,0.826767,0.560491,-0.048020,-0.562531,0.823154,-0.077305,-0.003801,0.090926,0.995850,0,0.83650,-0.72822,50.190,-1.456,475.000,400.000,-1,400.000,-1,325.000,325.000,325.000,300.000,-1,-1,-1,-1,575.000,725.000,525.000,-1,1,0,2,0,2,0,0,0,0,2,2,2,2,1,0,1,2
107,-4977.024,-8301.269,211.237,-35.609,0.813343,0.579839,-0.047531,-0.581747,0.809654,-0.077661,-0.006547,0.090816,0.995846,0,0.91650,-0.67871,54.990,-1.357,450.000,400.000,-1,400.000,-1,325.000,325.000,325.000,300.000,-1,-1,-1,-1,550.000,700.000,500.000,-1,1,0,2,0,2,0,0,0,0,2,2,2,2,1,0,1,2
108,-4929.240,-8337.210,210.799,-36.948,0.799650,0.598613,-0.047150,-0.600396,0.795885,-0.078046,-0.009194,0.090718,0.995834,0,0.99650,-0.66974,59.790,-1.339,400.000,400.000,-1,375.000,-1,325.000,325.000,325.000,300.000,-1,-1,-1,-1,550.000,700.000,450.000,-1,1,0,2,0,2,0,0,0,0,2,2,2,2,1,0,1,2
109,-4882.132,-8374.371,210.278,-38.267,0.785736,0.616780,-0.046919,-0.618452,0.781900,-0.078423,-0.011684,0.090636,0.995816,0,1.00000,-0.65954,60.000,-1.319,350.000,375.000,-1,375.000,-1,325.000,325.000,325.000,300.000,-1,-1,-1,-1,550.000,700.000,400.000,-1,1,1,2,0,2,0,0,0,0,2,2,2,2,1,0,1,2
110,-4835.877,-8412.589,209.638,-39.564,0.771637,0.634337,-0.046833,-0.635912,0.767751,-0.078577,-0.013888,0.090415,0.995807,0,1.00000,-0.64864,60.000,-1.297,325.000,375.000,-1,375.000,-1,325.000,325.000,325.000,300.000,-1,-1,-1,-1,575.000,675.000,375.000,-1,1,1,2,0,2,0,0,0,0,2,2,2,2,1,0,1,2
111,-4790.483,-8451.826,208.729,-40.839,0.757365,0.651310,-0.046848,-0.652813,0.753523,-0.077712,-0.015314,0.089439,0.995875,0,1.00000,-0.63707,60.000,-1.274,300.000,350.000,-1,375.000,-1,325.000,300.000,325.000,300.000,-1,-1,-1,-1,725.000,675.000,350.000,-1,1,1,2,0,2,0,0,0,0,2,2,2,2,0,0,1,2
112,-4745.957,-8492.045,207.939,-42.088,0.742970,0.667679,-0.046911,-0.669131,0.739237,-0.076114,-0.016142,0.087940,0.995995,0,1.00000,-0.62489,60.000,-1.250,250.000,350.000,-1,375.000,-1,325.000,300.000,325.000,300.000,-1,-1,-1,-1,725.000,675.000,325.000,-1,1,1,2,0,2,1,0,0,0,2,2,2,2,0,0,1,2
113,-4702.300,-8533.206,207.124,-43.313,0.728518,0.683411,-0.047028,-0.684820,0.724896,-0.074481,-0.016810,0.086467,0.996113,0,1.00000,-0.61216,60.000,-1.224,225.000,375.000,-1,375.000,-1,325.000,300.000,325.000,300.000,-1,-1,-1,-1,725.000,675.000,350.000,-1,1,1,2,0,2,0,0,0,0,2,2,2,2,0,0,1,2
114,-4659.507,-8575.263,208.056,-44.511,0.713823,0.698041,-0.056531,-0.700232,0.710069,-0.074016,-0.011525,0.092419,0.995653,0,1.00000,-0.59895,60.000,-1.198,250.000,400.000,-1,375.000,-1,325.000,325.000,300.000,300.000,-1,-1,-1,-1,775.000,700.000,900.000,-1,1,0,2,0,2,0,0,1,0,2,2,2,2,0,0,1,2
115,-4617.630,-8618.135,209.083,-45.681,0.699042,0.711946,-0.066880,-0.715058,0.695211,-0.073308,-0.005696,0.099069,0.995064,0,0.99883,-0.58538,59.930,-1.171,725.000,425.000,-1,400.000,-1,350.000,325.000,275.000,300.000,-1,675.000,575.000,-1,825.000,725.000,900.000,-1,1,0,2,0,2,0,0,1,0,2,0,0,2,1,0,1,2
116,-4576.950,-8661.489,208.689,-46.825,0.684511,0.725590,-0.070457,-0.728992,0.680789,-0.071390,-0.003834,0.100229,0.994957,0,0.99084,-0.57160,59.450,-1.143,750.000,425.000,-1,400.000,-1,350.000,325.000,250.000,300.000,-1,500.000,400.000,-1,825.000,725.000,900.000,-1,1,0,2,0,2,0,0,1,0,2,0,0,2,1,0,1,2
117,-4537.499,-8705.238,207.001,-47.952,0.670170,0.739130,-0.067530,-0.742184,0.666630,-0.069050,-0.006019,0.096395,0.995325,0,0.98180,-0.56388,58.908,-1.128,725.000,425.000,-1,400.000,-1,350.000,325.000,200.000,300.000,-1,475.000,400.000,-1,775.000,725.000,875.000,-1,1,0,2,0,2,0,0,1,0,2,0,0,2,1,0,1,2
118,-4499.308,-8749.305,204.033,-49.075,0.655821,0.752643,-0.058546,-0.754821,0.652532,-0.066685,-0.011986,0.087925,0.996055,0,0.97187,-0.56141,58.312,-1.123,675.000,400.000,-1,400.000,-1,325.000,325.000,175.000,300.000,-1,575.000,575.000,-1,750.000,700.000,825.000,-1,1,0,2,0,2,0,0,1,0,2,0,0,2,1,0,1,2
119,-4462.393,-8793.619,200.918,-50.194,0.641191,0.765810,-0.049076,-0.767164,0.638176,-0.064745,-0.018264,0.079163,0.996694,0,0.96123,-0.55964,57.674,-1.119,625.000,375.000,-1,375.000,-1,300.000,300.000,150.000,300.000,-1,850.000,-1,-1,700.000,650.000,775.000,-1,1,0,2,0,2,0,0,1,0,2,0,2,2,1,0,1,2
120,-4426.758,-8838.118,199.899,-51.312,0.626080,0.778114,-0.050619,-0.779559,0.623129,-0.063232,-0.017660,0.079049,0.996714,0,0.95014,-0.55857,57.008,-1.117,600.000,375.000,-1,375.000,-1,300.000,300.000,150.000,300.000,-1,575.000,725.000,-1,700.000,650.000,825.000,-1,1,0,2,0,2,0,0,1,0,2,0,0,2,1,0,1,2
121,-4392.409,-8882.766,198.867,-52.428,0.610742,0.790111,-0.052145,-0.791646,0.607853,-0.061738,-0.017083,0.078987,0.996729,0,0.93886,-0.55820,56.332,-1.116,575.000,375.000,-1,375.000,-1,300.000,300.000,175.000,300.000,-1,525.000,550.000,-1,675.000,650.000,-1,-1,1,0,2,0,2,0,0,1,0,2,0,0,2,1,0,2,2
122,-4359.336,-8927.535,197.820,-53.545,0.595163,0.801812,-0.053653,-0.803434,0.592336,-0.060263,-0.016539,0.078973,0.996740,0,0.92765,-0.55851,55.659,-1.117,575.000,375.000,-1,375.000,-1,300.000,300.000,175.000,300.000,-1,500.000,500.000,-1,700.000,650.000,-1,-1,1,0,2,0,2,0,0,1,0,2,0,0,2,0,0,2,2
123,-4327.521,-8972.408,196.758,-54.664,0.579333,0.813224,-0.055142,-0.814933,0.576563,-0.058804,-0.016028,0.079005,0.996745,0,0.91677,-0.55947,55.006,-1.119,575.000,375.000,-1,375.000,-1,300.000,300.000,200.000,300.000,775.000,500.000,475.000,-1,700.000,650.000,-1,-1,1,0,2,0,2,0,0,1,0,1,0,0,2,0,0,2,2
124,-4296.939,-9017.382,196.599,-55.786,0.563436,0.824194,-0.056953,-0.825953,0.560416,-0.061119,-0.018456,0.081477,0.996504,0,0.90644,-0.56105,54.386,-1.122,650.000,375.000,-1,375.000,950.000,300.000,300.000,225.000,300.000,400.000,625.000,600.000,-1,675.000,625.000,-1,-1,1,0,2,0,1,0,0,1,0,1,0,0,2,0,0,2,2
125,-4267.557,-9062.462,197.864,-56.912,0.547667,0.834458,-0.061164,-0.836307,0.543718,-0.070436,-0.025520,0.089727,0.995639,0,0.89682,-0.56322,53.809,-1.126,-1,375.000,-1,350.000,825.000,300.000,300.000,275.000,300.000,375.000,-1,-1,-1,675.000,600.000,-1,900.000,2,0,2,0,1,0,0,1,0,1,2,2,2,0,0,2,0
126,-4239.352,-9107.671,198.027,-58.044,0.531352,0.844738,-0.063895,-0.846654,0.526943,-0.074221,-0.029028,0.093535,0.995193,0,0.88807,-0.56593,53.284,-1.132,-1,375.000,-1,350.000,775.000,300.000,300.000,325.000,300.000,350.000,-1,-1,-1,650.000,575.000,-1,825.000,2,0,2,0,1,0,0,1,0,1,2,2,2,0,0,2,0
127,-4214.336,-9149.204,197.629,-58.936,0.517985,0.852982,-0.064133,-0.854938,0.513818,-0.071223,-0.027799,0.091722,0.995397,0,0.80807,-0.44593,48.484,-0.892,-1,375.000,-1,350.000,775.000,300.000,300.000,350.000,300.000,325.000,-1,-1,-1,650.000,575.000,-1,850.000,2,0,2,0,1,0,0,0,0,1,2,2,2,0,0,2,0
128,-4192.225,-9186.880,196.540,-59.588,0.507889,0.859122,-0.062913,-0.861083,0.504285,-0.065054,-0.024163,0.087213,0.995897,0,0.72807,-0.32593,43.684,-0.652,-1,375.000,-1,350.000,825.000,300.000,300.000,350.000,300.000,300.000,-1,1000.000,-1,675.000,600.000,-1,900.000,2,0,2,0,1,0,0,0,0,1,2,0,2,0,0,2,0
129,-4172.788,-9220.557,195.034,-60.000,0.501250,0.863170,-0.060705,-0.865094,0.498354,-0.057060,-0.018999,0.081117,0.996523,0,0.64807,-0.20593,38.884,-0.412,-1,375.000,-1,350.000,925.000,300.000,300.000,325.000,300.000,300.000,800.000,750.000,-1,675.000,625.000,-1,1000.000,2,0,2,0,0,0,0,0,0,1,0,0,2,0,0,2,0
130,-4155.839,-9250.128,193.349,-60.172,0.498202,0.865120,-0.057989,-0.866963,0.496026,-0.048311,-0.013031,0.074343,0.997148,0,0.56807,-0.08593,34.084,-0.172,-1,375.000,-1,350.000,-1,300.000,300.000,325.000,325.000,300.000,550.000,550.000,-1,675.000,625.000,-1,-1,2,0,2,0,2,0,0,0,0,1,0,0,2,0,0,2,2
131,-4141.309,-9275.554,192.203,-60.248,0.496754,0.866071,-0.056190,-0.867847,0.495034,-0.042219,-0.008749,0.069737,0.997527,0,0.48807,-0.03829,29.284,-0.077,-1,375.000,-1,375.000,-1,300.000,300.000,300.000,325.000,300.000,425.000,450.000,-1,675.000,650.000,-1,-1,2,0,2,0,2,0,0,0,0,1,0,0,2,0,0,2,2
132,-4129.190,-9296.828,192.072,-60.330,0.495460,0.866808,-0.056240,-0.868596,0.493816,-0.041082,-0.007838,0.069204,0.997572,0,0.40807,-0.04089,24.484,-0.082,-1,375.000,-1,375.000,-1,300.000,300.000,300.000,325.000,300.000,425.000,450.000,-1,675.000,650.000,-1,-1,2,0,2,0,2,0,0,0,0,1,0,0,2,0,0,2,2
133,-4119.472,-9313.946,191.969,-60.416,0.494109,0.867576,-0.056283,-0.869370,0.492525,-0.040179,-0.007137,0.068784,0.997606,0,0.32807,-0.04312,19.684,-0.086,-1,375.000,-1,375.000,-1,300.000,300.000,300.000,325.000,325.000,425.000,450.000,-1,700.000,650.000,-1,-1,2,0,2,0,2,0,0,0,0,1,0,0,2,0,0,2,2
134,-4112.144,-9326.902,191.892,-60.506,0.492714,0.868367,-0.056315,-0.870166,0.491173,-0.039504,-0.006644,0.068468,0.997631,0,0.24807,-0.04497,14.884,-0.090,-1,375.000,-1,375.000,-1,300.000,300.000,300.000,325.000,325.000,425.000,450.000,-1,700.000,650.000,-1,-1,2,0,2,0,2,0,0,0,0,1,0,0,2,0,0,2,2
135,-4107.194,-9335.688,191.840,-60.599,0.491287,0.869174,-0.056333,-0.870974,0.489774,-0.039052,-0.006353,0.068251,0.997648,0,0.16807,-0.04638,10.084,-0.093,-1,375.000,-1,375.000,-1,300.000,300.000,300.000,325.000,325.000,425.000,475.000,-1,700.000,650.000,-1,-1,2,0,2,0,2,0,0,0,0,1,0,0,2,0,0,2,2
