timestep,x_cm,y_cm,z_cm,yaw_deg,basis_xx,basis_xy,basis_xz,basis_yx,basis_yy,basis_yz,basis_zx,basis_zy,basis_zz,teleport_flag,throttle_cmd,steering_cmd,cmd_move_cm,cmd_turn_deg,lidar_cm_0,lidar_cm_1,lidar_cm_2,lidar_cm_3,lidar_cm_4,lidar_cm_5,lidar_cm_6,lidar_cm_7,lidar_cm_8,lidar_cm_9,lidar_cm_10,lidar_cm_11,lidar_cm_12,lidar_cm_13,lidar_cm_14,lidar_cm_15,lidar_cm_16,lidar_class_0,lidar_class_1,lidar_class_2,lidar_class_3,lidar_class_4,lidar_class_5,lidar_class_6,lidar_class_7,lidar_class_8,lidar_class_9,lidar_class_10,lidar_class_11,lidar_class_12,lidar_class_13,lidar_class_14,lidar_class_15,lidar_class_16
0,2948.767,-987.702,-101.880,-127.806,-0.613325,0.789040,0.035337,-0.789781,-0.612171,-0.038627,-0.008846,-0.051599,0.998629,1,0.08000,0.12000,4.800,0.240,-1,375.000,-1,350.000,-1,300.000,300.000,300.000,300.000,-1,575.000,575.000,-1,625.000,625.000,-1,-1,2,0,2,0,2,0,0,0,0,2,0,0,2,0,0,2,2
1,2942.946,-995.336,-101.916,-127.326,-0.606684,0.794132,0.035899,-0.794895,-0.605533,-0.038369,-0.008732,-0.051814,0.998619,0,0.16000,0.24000,9.600,0.480,-1,375.000,-1,350.000,-1,300.000,300.000,300.000,300.000,-1,550.000,575.000,-1,625.000,625.000,-1,-1,2,0,2,0,2,0,0,0,0,2,0,0,2,0,0,2,2
2,2934.344,-1006.884,-101.978,-126.684,-0.597737,0.800850,0.036738,-0.801647,-0.596590,-0.037970,-0.008491,-0.052147,0.998603,0,0.24000,0.32086,14.400,0.642,-1,375.000,-1,350.000,-1,300.000,300.000,300.000,300.000,-1,525.000,550.000,-1,625.000,625.000,-1,-1,2,0,2,0,2,0,0,0,0,2,0,0,2,0,0,2,2
3,2923.047,-1022.408,-102.068,-126.042,-0.588704,0.807463,0.037828,-0.808310,-0.587570,-0.037378,-0.007954,-0.052581,0.998585,0,0.32000,0.32086,19.200,0.642,-1,375.000,-1,350.000,-1,300.000,300.000,300.000,325.000,-1,500.000,525.000,-1,625.000,625.000,-1,-1,2,0,2,0,2,0,0,0,0,2,0,0,2,0,0,2,2
4,2909.144,-1041.971,-102.145,-125.401,-0.579579,0.813976,0.039124,-0.814886,-0.578478,-0.036388,-0.006987,-0.052971,0.998572,0,0.40000,0.32086,24.000,0.642,-1,375.000,-1,350.000,-1,300.000,300.000,300.000,325.000,-1,475.000,500.000,-1,625.000,625.000,-1,-1,2,0,2,0,2,0,0,0,0,2,0,0,2,0,0,2,2
5,2892.725,-1065.632,-102.240,-124.759,-0.570366,0.820383,0.040674,-0.821371,-0.569311,-0.035147,-0.005678,-0.053455,0.998554,0,0.48000,0.32086,28.800,0.642,-1,375.000,-1,350.000,-1,300.000,300.000,300.000,325.000,-1,450.000,475.000,-1,625.000,625.000,-1,-1,2,0,2,0,2,0,0,0,0,2,0,0,2,0,0,2,2
6,2873.879,-1093.449,-102.346,-124.117,-0.561064,0.826681,0.042489,-0.827763,-0.560069,-0.033641,-0.004014,-0.054046,0.998530,0,0.56000,0.32086,33.600,0.642,-1,375.000,-1,350.000,-1,300.000,300.000,300.000,325.000,-1,400.000,450.000,-1,650.000,625.000,-1,-1,2,0,2,0,2,0,0,0,0,2,0,0,2,0,0,2,2
7,2852.699,-1125.479,-102.358,-123.476,-0.551684,0.832888,0.044069,-0.834050,-0.550766,-0.031903,-0.002300,-0.054356,0.998519,0,0.64000,0.32086,38.400,0.642,-1,375.000,-1,350.000,-1,300.000,300.000,300.000,325.000,-1,400.000,425.000,-1,650.000,650.000,-1,-1,2,0,2,0,2,0,0,0,0,2,0,0,2,0,0,2,2
8,2829.275,-1161.777,-102.328,-122.834,-0.542220,0.838991,0.045724,-0.840236,-0.541395,-0.029902,-0.000332,-0.054632,0.998506,0,0.72000,0.32086,43.200,0.642,-1,375.000,-1,350.000,-1,300.000,300.000,300.000,325.000,-1,375.000,400.000,-1,650.000,650.000,-1,-1,2,0,2,0,2,0,0,0,0,2,0,0,2,0,0,2,2
9,2805.080,-1200.210,-102.265,-122.192,-0.532676,0.844988,0.047447,-0.846317,-0.531956,-0.027745,0.001796,-0.054934,0.998488,0,0.75691,0.32086,45.415,0.642,-1,375.000,-1,350.000,-1,300.000,300.000,300.000,325.000,-1,375.000,400.000,-1,650.000,650.000,-1,-1,2,0,2,0,2,0,0,0,0,2,0,0,2,0,0,2,2
10,2781.317,-1238.911,-102.039,-121.550,-0.523039,0.850903,0.048924,-0.852297,-0.522465,-0.024885,0.004387,-0.054714,0.998492,0,0.75691,0.32086,45.415,0.642,-1,375.000,-1,375.000,-1,300.000,300.000,300.000,325.000,-1,350.000,375.000,-1,675.000,650.000,-1,-1,2,0,2,0,2,0,0,0,0,2,0,0,2,0,0,2,2
11,2757.988,-1277.875,-101.644,-120.909,-0.513312,0.856738,0.050117,-0.858170,-0.512924,-0.021294,0.007463,-0.053940,0.998516,0,0.75691,0.32086,45.415,0.642,-1,375.000,-1,375.000,-1,300.000,300.000,300.000,325.000,-1,350.000,375.000,-1,675.000,675.000,-1,-1,2,0,2,0,2,0,0,0,0,2,0,0,2,0,0,2,2
12,2735.097,-1317.099,-101.248,-120.267,-0.503520,0.862459,0.051314,-0.863920,-0.503314,-0.017796,0.010478,-0.053292,0.998524,0,0.75691,0.32086,45.415,0.642,-1,375.000,-1,375.000,-1,300.000,300.000,325.000,325.000,-1,325.000,350.000,-1,700.000,675.000,-1,-1,2,0,2,0,2,0,0,0,0,2,0,0,2,0,0,2,2
13,2712.647,-1356.576,-100.850,-119.625,-0.493664,0.868066,0.052513,-0.869549,-0.493637,-0.014388,0.013433,-0.052766,0.998517,0,0.75691,0.32086,45.415,0.642,-1,375.000,-1,375.000,-1,300.000,300.000,325.000,325.000,-1,325.000,350.000,-1,700.000,700.000,-1,-1,2,0,2,0,2,0,0,0,0,2,0,0,2,0,0,2,2
14,2690.641,-1396.303,-100.339,-118.984,-0.483758,0.873540,0.053918,-0.875056,-0.483884,-0.011555,0.015996,-0.052771,0.998479,0,0.75691,0.32086,45.415,0.642,-1,375.000,-1,375.000,-1,325.000,325.000,325.000,300.000,-1,325.000,350.000,-1,725.000,700.000,-1,-1,2,0,2,0,2,0,0,0,0,2,0,0,2,0,0,2,2
15,2669.081,-1436.273,-99.599,-118.342,-0.473812,0.878859,0.055754,-0.880446,-0.474046,-0.009784,0.017831,-0.053725,0.998397,0,0.75691,0.32086,45.415,0.642,-1,400.000,-1,375.000,-1,325.000,325.000,300.000,300.000,-1,350.000,350.000,-1,725.000,725.000,-1,-1,2,0,2,0,2,0,0,0,0,2,0,0,2,0,0,2,2
16,2647.971,-1476.483,-98.904,-117.700,-0.463818,0.884070,0.057386,-0.885718,-0.464151,-0.008187,0.019397,-0.054625,0.998319,0,0.75691,0.32086,45.415,0.642,-1,400.000,-1,400.000,-1,325.000,325.000,300.000,300.000,-1,350.000,375.000,-1,725.000,725.000,-1,-1,2,0,2,0,2,0,0,0,0,2,0,0,2,0,0,2,2
17,2627.312,-1516.927,-98.331,-117.058,-0.453796,0.889186,0.058458,-0.890870,-0.454206,-0.006840,0.020470,-0.055183,0.998266,0,0.75691,0.32086,45.415,0.642,-1,400.000,-1,400.000,-1,325.000,325.000,300.000,300.000,-1,375.000,375.000,-1,750.000,725.000,-1,-1,2,0,2,0,2,0,0,0,0,2,0,0,2,0,0,2,2
18,2607.108,-1557.599,-97.755,-116.417,-0.443722,0.894183,0.059557,-0.895909,-0.444203,-0.005631,0.021420,-0.055857,0.998209,0,0.75691,0.32086,45.415,0.642,-1,400.000,-1,400.000,-1,325.000,325.000,300.000,300.000,-1,400.000,400.000,-1,750.000,750.000,-1,-1,2,0,2,0,2,0,0,0,0,2,0,0,2,0,0,2,2
19,2587.360,-1598.495,-97.177,-115.775,-0.433594,0.899062,0.060685,-0.900833,-0.434141,-0.004556,0.022250,-0.056643,0.998147,0,0.75691,0.32086,45.415,0.642,-1,400.000,-1,400.000,-1,325.000,325.000,300.000,300.000,-1,425.000,425.000,-1,750.000,750.000,-1,-1,2,0,2,0,2,0,0,0,0,2,0,0,2,0,0,2,2
20,2568.072,-1639.610,-96.576,-115.133,-0.423422,0.903826,0.061738,-0.905643,-0.424025,-0.003636,0.022893,-0.057452,0.998086,0,0.75691,0.32086,45.415,0.642,-1,400.000,-1,400.000,-1,325.000,325.000,300.000,300.000,-1,425.000,425.000,-1,750.000,750.000,-1,-1,2,0,2,0,2,0,0,0,0,2,0,0,2,0,0,2,2
21,2549.245,-1680.938,-95.858,-114.492,-0.413234,0.908495,0.062243,-0.910333,-0.413865,-0.002987,0.023046,-0.057896,0.998057,0,0.75691,0.32086,45.415,0.642,-1,400.000,-1,400.000,-1,325.000,325.000,300.000,300.000,-1,450.000,450.000,-1,750.000,750.000,-1,-1,2,0,2,0,2,0,0,0,0,2,0,0,2,0,0,2,2
22,2530.882,-1722.475,-95.136,-113.850,-0.402999,0.913045,0.062767,-0.914909,-0.403652,-0.002478,0.023074,-0.058425,0.998025,0,0.75691,0.32086,45.415,0.642,-1,400.000,-1,400.000,-1,325.000,325.000,300.000,300.000,-1,450.000,500.000,-1,750.000,750.000,-1,-1,2,0,2,0,2,0,0,0,0,2,0,0,2,0,0,2,2
23,2512.986,-1764.214,-94.411,-113.208,-0.392720,0.917476,0.063314,-0.919371,-0.393386,-0.002101,0.022979,-0.059034,0.997991,0,0.75691,0.32086,45.415,0.642,-1,400.000,-1,400.000,-1,325.000,325.000,300.000,300.000,-1,475.000,525.000,-1,750.000,750.000,-1,-1,2,0,2,0,2,0,0,0,0,2,0,0,2,0,0,2,2
24,2495.559,-1806.152,-93.684,-112.566,-0.382398,0.921787,0.063884,-0.923717,-0.383070,-0.001852,0.022765,-0.059719,0.997956,0,0.75691,0.32086,45.415,0.642,-1,400.000,-1,400.000,-1,325.000,325.000,300.000,300.000,-1,500.000,550.000,-1,750.000,750.000,-1,-1,2,0,2,0,2,0,0,0,0,2,0,0,2,0,0,2,2
25,2478.602,-1848.281,-92.856,-111.925,-0.372062,0.925999,0.063997,-0.927944,-0.372715,-0.001871,0.022120,-0.060082,0.997948,0,0.75691,0.32086,45.415,0.642,-1,400.000,-1,400.000,-1,325.000,325.000,300.000,300.000,-1,525.000,600.000,-1,750.000,750.000,-1,-1,2,0,2,0,2,0,0,0,0,2,0,0,2,0,0,2,2
26,2462.118,-1890.598,-91.843,-111.283,-0.361739,0.930133,0.063232,-0.932048,-0.362327,-0.002303,0.020769,-0.059769,0.997996,0,0.75691,0.32086,45.415,0.642,-1,400.000,-1,400.000,-1,325.000,325.000,300.000,300.000,-1,600.000,650.000,-1,725.000,750.000,-1,-1,2,0,2,0,2,0,0,0,0,2,0,0,2,0,0,2,2
27,2446.108,-1933.097,-90.738,-110.641,-0.351351,0.934167,0.062322,-0.936035,-0.351900,-0.002300,0.019782,-0.059144,0.998053,0,0.75691,0.32086,45.415,0.642,-1,400.000,-1,400.000,-1,325.000,325.000,300.000,300.000,-1,675.000,725.000,-1,725.000,750.000,-1,-1,2,0,2,0,2,0,0,0,0,2,0,0,2,0,0,2,2
28,2430.575,-1975.773,-89.642,-110.000,-0.340915,0.938079,0.061516,-0.939906,-0.341427,-0.002312,0.018835,-0.058607,0.998103,0,0.75691,0.32086,45.415,0.642,-1,400.000,-1,400.000,-1,325.000,325.000,300.000,300.000,-1,750.000,775.000,-1,725.000,750.000,-1,-1,2,0,2,0,2,0,0,0,0,2,0,0,2,0,0,2,2
29,2415.522,-2018.619,-88.573,-109.358,-0.330431,0.941868,0.060832,-0.943660,-0.330907,-0.002368,0.017899,-0.058187,0.998145,0,0.75691,0.32086,45.415,0.642,-1,400.000,-1,400.000,-1,325.000,325.000,300.000,300.000,-1,825.000,825.000,-1,725.000,750.000,-1,-1,2,0,2,0,2,0,0,0,0,2,0,0,2,0,0,2,2
30,2402.328,-2057.031,-87.775,-108.956,-0.323835,0.944210,0.059989,-0.945949,-0.324311,-0.001904,0.017658,-0.057363,0.998197,0,0.67691,0.20086,40.615,0.402,-1,400.000,-1,400.000,-1,325.000,325.000,300.000,300.000,-1,850.000,875.000,-1,725.000,750.000,-1,-1,2,0,2,0,2,0,0,0,0,2,0,0,2,0,0,2,2
31,2389.572,-2094.511,-86.959,-108.795,-0.321161,0.945153,0.059511,-0.946856,-0.321656,-0.001336,0.017880,-0.056778,0.998227,0,0.65984,0.08086,39.591,0.162,-1,400.000,-1,400.000,-1,325.000,325.000,300.000,300.000,-1,900.000,900.000,-1,750.000,750.000,-1,-1,2,0,2,0,2,0,0,0,0,2,0,0,2,0,0,2,2
32,2376.695,-2132.180,-86.128,-108.873,-0.322433,0.944739,0.059209,-0.946414,-0.322956,-0.000784,0.018381,-0.056289,0.998245,0,0.66349,-0.03914,39.809,-0.078,-1,400.000,-1,400.000,-1,325.000,325.000,300.000,300.000,-1,925.000,925.000,-1,750.000,750.000,-1,-1,2,0,2,0,2,0,0,0,0,2,0,0,2,0,0,2,2
33,2363.514,-2170.048,-85.298,-109.191,-0.327653,0.942955,0.058982,-0.944606,-0.328208,-0.000293,0.019082,-0.055811,0.998259,0,0.66828,-0.15914,40.097,-0.318,-1,400.000,-1,400.000,-1,325.000,325.000,300.000,300.000,-1,950.000,950.000,-1,750.000,750.000,-1,-1,2,0,2,0,2,0,0,0,0,2,0,0,2,0,0,2,2
34,2349.868,-2208.056,-84.461,-109.749,-0.336797,0.939737,0.058843,-0.941365,-0.337389,0.000131,0.019976,-0.055348,0.998267,0,0.67305,-0.27914,40.383,-0.558,-1,400.000,-1,400.000,-1,325.000,325.000,300.000,300.000,-1,975.000,1000.000,-1,750.000,750.000,-1,-1,2,0,2,0,2,0,0,0,0,2,0,0,2,0,0,2,2
35,2335.594,-2246.135,-83.613,-110.548,-0.349825,0.934968,0.058803,-0.936579,-0.350457,0.000476,0.021053,-0.054907,0.998269,0,0.67778,-0.39914,40.667,-0.798,-1,400.000,-1,400.000,-1,325.000,325.000,300.000,300.000,-1,1000.000,-1,-1,750.000,750.000,-1,-1,2,0,2,0,2,0,0,0,0,2,0,2,2,0,0,2,2
36,2320.530,-2284.208,-82.747,-111.586,-0.366673,0.928485,0.058875,-0.930082,-0.367350,0.000727,0.022302,-0.054492,0.998265,0,0.68241,-0.51914,40.944,-1.038,-1,400.000,-1,400.000,-1,325.000,325.000,275.000,300.000,-1,-1,-1,-1,750.000,750.000,-1,-1,2,0,2,0,2,0,0,0,0,2,2,2,2,0,0,2,2
37,2304.516,-2322.184,-81.859,-112.864,-0.387256,0.920078,0.059069,-0.921667,-0.387980,0.000863,0.023712,-0.054107,0.998254,0,0.68690,-0.63914,41.214,-1.278,-1,400.000,-1,400.000,-1,325.000,325.000,275.000,300.000,-1,-1,-1,-1,750.000,750.000,-1,-1,2,0,2,0,2,0,0,0,0,2,2,2,2,0,0,2,2
38,2287.395,-2359.957,-80.944,-114.383,-0.411456,0.909492,0.059396,-0.911079,-0.412230,0.000863,0.025269,-0.053760,0.998234,0,0.69119,-0.75914,41.472,-1.518,1000.000,400.000,-1,400.000,-1,325.000,325.000,275.000,300.000,-1,-1,-1,-1,750.000,750.000,1000.000,-1,1,0,2,0,2,0,0,0,0,2,2,2,2,0,0,1,2
39,2269.016,-2397.404,-80.001,-116.141,-0.439123,0.896430,0.059866,-0.898022,-0.439949,0.000696,0.026962,-0.053455,0.998206,0,0.69522,-0.87914,41.713,-1.758,950.000,400.000,-1,400.000,-1,325.000,325.000,275.000,300.000,-1,-1,-1,-1,750.000,725.000,950.000,-1,1,0,2,0,2,0,0,0,0,2,2,2,2,0,0,1,2
40,2249.353,-2434.442,-79.025,-117.962,-0.467351,0.882002,0.060466,-0.883608,-0.468227,0.000364,0.028632,-0.053258,0.998170,0,0.69889,-0.91078,41.934,-1.822,900.000,400.000,-1,400.000,-1,325.000,325.000,275.000,300.000,-1,-1,-1,-1,750.000,725.000,925.000,-1,1,0,2,0,2,0,0,0,0,2,2,2,2,0,0,1,2
41,2228.430,-2471.012,-77.920,-119.775,-0.495003,0.866769,0.060694,-0.868376,-0.495905,-0.000219,0.029908,-0.052813,0.998156,0,0.70220,-0.90640,42.132,-1.813,850.000,400.000,-1,400.000,-1,325.000,325.000,275.000,300.000,-1,-1,-1,-1,750.000,700.000,875.000,-1,1,0,2,0,2,0,0,0,0,2,2,2,2,0,0,1,2
42,2206.274,-2507.054,-76.492,-121.578,-0.522014,0.850801,0.060315,-0.852348,-0.522975,0.000170,0.031688,-0.051321,0.998179,0,0.70511,-0.90161,42.307,-1.803,825.000,400.000,-1,400.000,-1,325.000,325.000,275.000,300.000,-1,-1,-1,-1,750.000,700.000,850.000,-1,1,0,2,0,2,0,0,0,0,2,2,2,2,0,0,1,2
43,2185.767,-2538.459,-75.156,-123.142,-0.545012,0.836277,0.060014,-0.837766,-0.546029,0.000657,0.033319,-0.049920,0.998197,0,0.62511,-0.78161,37.507,-1.563,775.000,400.000,-1,400.000,-1,325.000,325.000,275.000,300.000,-1,-1,-1,-1,750.000,700.000,825.000,-1,1,0,2,0,2,0,0,0,0,2,2,2,2,0,0,1,2
44,2167.258,-2565.425,-73.951,-124.465,-0.564162,0.823495,0.059805,-0.824933,-0.565230,0.001133,0.034737,-0.048696,0.998209,0,0.54511,-0.66161,32.707,-1.323,750.000,400.000,-1,400.000,-1,325.000,325.000,275.000,300.000,-1,-1,-1,-1,750.000,675.000,800.000,-1,1,0,2,0,2,0,0,0,0,2,2,2,2,0,0,1,2
45,2151.032,-2588.131,-72.910,-125.548,-0.579616,0.812701,0.059690,-0.814099,-0.580724,0.001500,0.035882,-0.047724,0.998216,0,0.46511,-0.54161,27.907,-1.083,725.000,400.000,-1,400.000,-1,325.000,325.000,275.000,300.000,-1,-1,-1,-1,750.000,675.000,775.000,-1,1,0,2,0,2,0,0,0,0,2,2,2,2,1,0,1,2
46,2137.323,-2606.731,-72.040,-126.391,-0.591503,0.804094,0.059637,-0.805464,-0.592642,0.001771,0.036767,-0.046988,0.998219,0,0.38511,-0.42161,23.107,-0.843,700.000,400.000,-1,375.000,-1,325.000,325.000,300.000,300.000,-1,-1,-1,-1,750.000,675.000,750.000,-1,1,0,2,0,2,0,0,0,0,2,2,2,2,1,0,1,2
47,2126.306,-2621.352,-71.347,-126.995,-0.599928,0.797830,0.059621,-0.799180,-0.601089,0.001958,0.037400,-0.046473,0.998219,0,0.30511,-0.30161,18.307,-0.603,700.000,400.000,-1,375.000,-1,325.000,325.000,300.000,300.000,-1,-1,-1,-1,750.000,675.000,750.000,-1,1,0,2,0,2,0,0,0,0,2,2,2,2,1,0,1,2
48,2118.111,-2632.088,-70.836,-127.358,-0.604968,0.794014,0.059625,-0.795353,-0.606143,0.002074,0.037788,-0.046168,0.998219,0,0.22511,-0.18161,13.507,-0.363,675.000,400.000,-1,375.000,-1,325.000,325.000,300.000,300.000,-1,-1,-1,-1,725.000,675.000,725.000,-1,1,0,2,0,2,0,0,0,0,2,2,2,2,1,0,1,2
49,2112.812,-2638.998,-70.508,-127.481,-0.606671,0.792713,0.059637,-0.794047,-0.607852,0.002126,0.037936,-0.046065,0.998218,0,0.14511,-0.06161,8.707,-0.123,675.000,400.000,-1,375.000,-1,325.000,325.000,300.000,300.000,-1,-1,-1,-1,725.000,675.000,725.000,-1,1,0,2,0,2,0,0,0,0,2,2,2,2,1,0,1,2
50,2110.442,-2642.103,-70.365,-127.364,-0.605054,0.793947,0.059653,-0.795284,-0.606233,0.002121,0.037848,-0.046158,0.998217,0,0.06511,0.05839,3.907,0.117,675.000,400.000,-1,375.000,-1,325.000,325.000,300.000,300.000,-1,-1,-1,-1,725.000,675.000,725.000,-1,1,0,2,0,2,0,0,0,0,2,2,2,2,1,0,1,2
51,2110.979,-2641.389,-70.403,-127.007,-0.600101,0.797695,0.059675,-0.799044,-0.601269,0.002060,0.037524,-0.046447,0.998216,0,-0.01489,0.17839,-0.893,0.357,675.000,400.000,-1,375.000,-1,325.000,325.000,300.000,300.000,-1,-1,-1,-1,725.000,675.000,725.000,-1,1,0,2,0,2,0,0,0,0,2,2,2,2,1,0,1,2
52,2114.359,-2636.808,-70.620,-126.411,-0.591765,0.803896,0.059710,-0.805263,-0.592915,0.001942,0.036964,-0.046933,0.998214,0,-0.09489,0.29839,-5.693,0.597,675.000,400.000,-1,375.000,-1,325.000,325.000,300.000,300.000,-1,-1,-1,-1,725.000,675.000,725.000,-1,1,0,2,0,2,0,0,0,0,2,2,2,2,1,0,1,2
53,2120.464,-2628.273,-71.011,-125.574,-0.579969,0.812443,0.059772,-0.813836,-0.581092,0.001761,0.036163,-0.047624,0.998210,0,-0.17489,0.41839,-10.493,0.837,700.000,400.000,-1,375.000,-1,325.000,325.000,300.000,300.000,-1,-1,-1,-1,725.000,675.000,725.000,-1,1,0,2,0,2,0,0,0,0,2,2,2,2,1,0,1,2
54,2129.126,-2615.669,-71.568,-124.497,-0.564608,0.823184,0.059881,-0.824611,-0.565698,0.001510,0.035118,-0.048527,0.998204,0,-0.25489,0.53839,-15.293,1.077,700.000,400.000,-1,400.000,-1,325.000,325.000,300.000,300.000,-1,-1,-1,-1,725.000,675.000,725.000,-1,1,0,2,0,2,0,0,0,0,2,2,2,2,1,0,1,2
55,2137.759,-2602.469,-72.133,-123.180,-0.545555,0.835921,0.060053,-0.837392,-0.546602,0.001212,0.033838,-0.049627,0.998194,0,-0.26286,0.65839,-15.772,1.317,725.000,400.000,-1,400.000,-1,325.000,325.000,275.000,300.000,-1,-1,-1,-1,725.000,675.000,750.000,-1,1,0,2,0,2,0,0,0,0,2,2,2,2,1,0,1,2
56,2146.028,-2589.042,-72.688,-121.624,-0.522659,0.850407,0.060299,-0.851929,-0.523656,0.000875,0.032320,-0.050913,0.998180,0,-0.26281,0.77839,-15.769,1.557,725.000,400.000,-1,400.000,-1,325.000,325.000,275.000,300.000,-1,-1,-1,-1,750.000,700.000,750.000,-1,1,0,2,0,2,0,0,0,0,2,2,2,2,1,0,1,2
57,2153.870,-2575.365,-73.229,-119.827,-0.495756,0.866342,0.060631,-0.867924,-0.496697,0.000510,0.030557,-0.052371,0.998160,0,-0.26274,0.89839,-15.765,1.797,750.000,400.000,-1,400.000,-1,325.000,325.000,275.000,300.000,-1,-1,-1,-1,750.000,700.000,775.000,-1,1,0,2,0,2,0,0,0,0,2,2,2,2,1,0,1,2
58,2161.229,-2561.427,-73.754,-117.827,-0.465243,0.883075,0.061057,-0.884721,-0.466120,0.000131,0.028575,-0.053958,0.998134,0,-0.26268,1.00000,-15.761,2.000,775.000,400.000,-1,400.000,-1,325.000,325.000,275.000,300.000,-1,-1,-1,-1,750.000,700.000,775.000,-1,1,0,2,0,2,0,0,0,0,2,2,2,2,1,0,1,2
59,2168.097,-2547.240,-74.258,-115.827,-0.434168,0.898727,0.061548,-0.900440,-0.434980,-0.000229,0.026567,-0.055520,0.998104,0,-0.26270,1.00000,-15.762,2.000,800.000,400.000,1000.000,400.000,-1,325.000,325.000,275.000,300.000,-1,-1,-1,-1,750.000,700.000,800.000,-1,1,0,1,0,2,0,0,0,0,2,2,2,2,0,0,1,2
60,2174.471,-2532.809,-74.731,-113.827,-0.402568,0.913283,0.062078,-0.915061,-0.403316,-0.000520,0.024562,-0.057014,0.998071,0,-0.26292,1.00000,-15.775,2.000,825.000,400.000,1000.000,400.000,-1,325.000,325.000,275.000,300.000,-1,-1,-1,-1,725.000,725.000,800.000,-1,1,0,1,0,2,0,0,0,0,2,2,2,2,0,0,1,2
61,2180.347,-2518.141,-75.064,-111.827,-0.370468,0.926750,0.062360,-0.928562,-0.371176,-0.000248,0.022916,-0.057997,0.998054,0,-0.26334,1.00000,-15.801,2.000,850.000,400.000,1000.000,400.000,-1,325.000,325.000,275.000,300.000,-1,-1,-1,-1,725.000,725.000,825.000,-1,1,0,1,0,2,0,0,0,0,2,2,2,2,0,0,1,2
62,2185.720,-2503.241,-75.328,-109.827,-0.337918,0.939097,0.062518,-0.940933,-0.338592,0.000192,0.021349,-0.058760,0.998044,0,-0.26396,1.00000,-15.838,2.000,875.000,400.000,1000.000,400.000,-1,325.000,325.000,275.000,300.000,-1,-1,-1,-1,750.000,750.000,850.000,-1,1,0,1,0,2,0,0,0,0,2,2,2,2,0,0,1,2
63,2190.584,-2488.118,-75.486,-107.827,-0.304985,0.950320,0.062264,-0.952158,-0.305604,0.000443,0.019449,-0.059150,0.998060,0,-0.26477,1.00000,-15.886,2.000,925.000,400.000,1000.000,400.000,-1,325.000,325.000,275.000,300.000,-1,-1,-1,-1,750.000,750.000,875.000,-1,1,0,1,0,2,0,0,0,0,2,2,2,2,0,0,1,2
64,2194.933,-2472.777,-75.626,-105.827,-0.271684,0.960385,0.062038,-0.962227,-0.272247,0.000637,0.017501,-0.059522,0.998074,0,-0.26575,1.00000,-15.945,2.000,950.000,400.000,1000.000,400.000,-1,325.000,325.000,275.000,300.000,-1,-1,-1,-1,750.000,750.000,900.000,-1,1,0,1,0,2,0,0,0,0,2,2,2,2,0,0,1,2
65,2198.761,-2457.226,-75.745,-103.827,-0.238056,0.969281,0.061840,-0.971128,-0.238559,0.000777,0.015505,-0.059870,0.998086,0,-0.26690,1.00000,-16.014,2.000,-1,400.000,1000.000,400.000,-1,325.000,325.000,275.000,300.000,-1,-1,-1,-1,750.000,775.000,925.000,-1,2,0,1,0,2,0,0,0,0,2,2,2,2,0,0,1,2
66,2201.106,-2446.259,-75.805,-102.067,-0.208223,0.976134,0.061685,-0.977985,-0.208673,0.000882,0.013733,-0.060143,0.998095,0,-0.18690,0.88000,-11.214,1.760,-1,400.000,1000.000,400.000,-1,325.000,325.000,275.000,300.000,-1,-1,-1,-1,750.000,775.000,950.000,-1,2,0,1,0,2,0,0,0,0,2,2,2,2,0,0,1,2
67,2202.280,-2439.953,-75.816,-100.547,-0.182299,0.981314,0.061554,-0.983167,-0.182705,0.000978,0.012206,-0.060340,0.998103,0,-0.10690,0.76000,-6.414,1.520,-1,400.000,1000.000,400.000,-1,325.000,325.000,275.000,300.000,-1,-1,-1,-1,750.000,775.000,975.000,-1,2,0,1,0,2,0,0,0,0,2,2,2,2,0,0,1,2
68,2202.541,-2438.360,-75.792,-99.267,-0.160368,0.985144,0.061434,-0.986997,-0.160737,0.001082,0.010940,-0.060462,0.998111,0,-0.02690,0.64000,-1.614,1.280,-1,400.000,1000.000,400.000,-1,325.000,325.000,275.000,300.000,-1,-1,-1,-1,725.000,775.000,975.000,-1,2,0,1,0,2,0,0,0,0,2,2,2,2,0,0,1,2
69,2202.085,-2441.513,-75.741,-98.227,-0.142487,0.987896,0.061316,-0.989747,-0.142829,0.001207,0.009950,-0.060516,0.998118,0,0.05310,0.52000,3.186,1.040,-1,400.000,1000.000,400.000,-1,325.000,325.000,275.000,300.000,-1,-1,-1,-1,725.000,775.000,975.000,-1,2,0,1,0,2,0,0,0,0,2,2,2,2,0,0,1,2
70,2201.053,-2449.432,-75.670,-97.427,-0.128698,0.989794,0.061193,-0.991641,-0.129022,0.001364,0.009246,-0.060506,0.998125,0,0.13310,0.40000,7.986,0.800,-1,400.000,1000.000,400.000,-1,325.000,325.000,275.000,300.000,-1,-1,-1,-1,725.000,775.000,975.000,-1,2,0,1,0,2,0,0,0,0,2,2,2,2,0,0,1,2
71,2199.524,-2462.126,-75.583,-96.867,-0.119026,0.991012,0.061062,-0.992852,-0.119343,0.001558,0.008831,-0.060440,0.998133,0,0.21310,0.28000,12.786,0.560,-1,400.000,975.000,400.000,-1,325.000,325.000,275.000,300.000,-1,-1,-1,-1,725.000,775.000,975.000,-1,2,0,1,0,2,0,0,0,0,2,2,2,2,0,0,1,2
72,2197.519,-2479.597,-75.482,-96.547,-0.113487,0.991670,0.060924,-0.993501,-0.113807,0.001789,0.008708,-0.060325,0.998141,0,0.29310,0.16000,17.586,0.320,-1,400.000,975.000,400.000,-1,325.000,325.000,275.000,300.000,-1,-1,-1,-1,725.000,775.000,975.000,-1,2,0,1,0,2,0,0,0,0,2,2,2,2,0,0,1,2
73,2194.998,-2501.841,-75.365,-96.467,-0.112091,0.991837,0.060783,-0.993658,-0.112423,0.002057,0.008874,-0.060167,0.998149,0,0.37310,0.04000,22.386,0.080,-1,400.000,950.000,400.000,-1,325.000,325.000,275.000,300.000,-1,-1,-1,-1,725.000,775.000,950.000,-1,2,0,1,0,2,0,0,0,0,2,2,2,2,0,0,1,2
74,2191.860,-2528.845,-75.229,-96.627,-0.114840,0.991531,0.060648,-0.993340,-0.115194,0.002356,0.009322,-0.059973,0.998156,0,0.45310,-0.08000,27.186,-0.160,-1,400.000,925.000,400.000,-1,325.000,325.000,275.000,300.000,-1,-1,-1,-1,725.000,775.000,925.000,1000.000,2,0,1,0,2,0,0,0,0,2,2,2,2,0,0,1,1
75,2187.947,-2560.591,-75.069,-97.027,-0.121731,0.990716,0.060530,-0.992512,-0.122115,0.002674,0.010041,-0.059752,0.998163,0,0.53310,-0.20000,31.986,-0.400,-1,400.000,875.000,400.000,-1,325.000,325.000,275.000,300.000,-1,-1,-1,-1,725.000,775.000,875.000,950.000,2,0,1,0,2,0,0,0,0,2,2,2,2,0,0,1,1
76,2183.039,-2597.049,-74.802,-97.667,-0.132771,0.989322,0.060119,-0.991088,-0.133178,0.002792,0.010768,-0.059213,0.998187,0,0.61310,-0.32000,36.786,-0.640,-1,400.000,850.000,400.000,-1,325.000,325.000,275.000,300.000,-1,-1,-1,-1,725.000,775.000,825.000,925.000,2,0,1,0,2,0,0,0,0,2,2,2,2,1,0,1,1
77,2176.857,-2638.173,-74.403,-98.547,-0.147949,0.987212,0.059357,-0.988929,-0.148364,0.002620,0.011393,-0.058312,0.998233,0,0.69310,-0.44000,41.586,-0.880,925.000,400.000,800.000,400.000,-1,325.000,325.000,275.000,300.000,-1,-1,-1,-1,675.000,775.000,775.000,900.000,1,0,1,0,2,0,0,0,0,2,2,2,2,1,1,1,1
78,2169.068,-2683.901,-73.848,-99.667,-0.167215,0.984168,0.058759,-0.985846,-0.167640,0.002348,0.012161,-0.057534,0.998269,0,0.77310,-0.56000,46.386,-1.120,825.000,400.000,775.000,400.000,-1,325.000,325.000,275.000,300.000,-1,-1,-1,-1,650.000,725.000,725.000,850.000,1,0,1,0,2,0,0,0,0,2,2,2,2,1,1,1,1
79,2159.277,-2734.142,-73.087,-101.027,-0.190506,0.979943,0.058481,-0.981596,-0.190957,0.002167,0.013291,-0.056992,0.998286,0,0.85310,-0.68000,51.186,-1.360,725.000,400.000,725.000,400.000,-1,325.000,325.000,275.000,300.000,-1,-1,-1,-1,600.000,700.000,650.000,825.000,1,0,1,0,2,0,0,0,0,2,2,2,2,1,1,1,1
80,2147.121,-2788.793,-72.182,-102.539,-0.216284,0.974593,0.058213,-0.976222,-0.216763,0.001977,0.014546,-0.056401,0.998302,0,0.93310,-0.75625,55.986,-1.513,650.000,400.000,675.000,400.000,975.000,325.000,325.000,275.000,300.000,-1,-1,-1,-1,550.000,650.000,600.000,775.000,1,0,1,0,1,0,0,0,0,2,2,2,2,1,1,1,1
81,2132.564,-2847.001,-71.135,-104.041,-0.241723,0.968612,0.057978,-0.970217,-0.242232,0.001816,0.015803,-0.055813,0.998316,0,1.00000,-0.75068,60.000,-1.501,575.000,375.000,600.000,400.000,925.000,325.000,325.000,275.000,300.000,-1,-1,-1,-1,500.000,600.000,525.000,725.000,1,0,1,0,1,0,0,0,0,2,2,2,2,1,1,1,1
82,2116.499,-2904.811,-69.984,-105.529,-0.266772,0.962032,0.057676,-0.963606,-0.267319,0.001840,0.017188,-0.055087,0.998334,0,1.00000,-0.74415,60.000,-1.488,500.000,375.000,550.000,400.000,900.000,325.000,325.000,275.000,300.000,-1,-1,-1,-1,450.000,550.000,450.000,675.000,1,0,1,0,1,0,0,0,0,2,2,2,2,1,1,1,1
83,2098.953,-2962.189,-68.664,-107.003,-0.291386,0.954899,0.057117,-0.956418,-0.291991,0.002366,0.018937,-0.053938,0.998365,0,1.00000,-0.73686,60.000,-1.474,425.000,350.000,500.000,400.000,850.000,325.000,325.000,275.000,300.000,-1,-1,-1,-1,400.000,525.000,400.000,625.000,1,1,1,0,1,0,0,0,0,2,2,2,2,1,1,1,1
84,2079.954,-3019.102,-67.300,-108.460,-0.315540,0.947218,0.056676,-0.948687,-0.316203,0.002898,0.020666,-0.052853,0.998388,0,1.00000,-0.72875,60.000,-1.457,350.000,325.000,450.000,400.000,800.000,325.000,325.000,300.000,300.000,-1,-1,-1,-1,350.000,475.000,350.000,600.000,1,1,1,0,1,1,0,0,0,2,2,2,2,1,1,1,1
85,2059.530,-3075.519,-65.898,-109.900,-0.339197,0.939026,0.056356,-0.940449,-0.339917,0.003434,0.022381,-0.051835,0.998405,0,1.00000,-0.71978,60.000,-1.440,275.000,275.000,400.000,375.000,750.000,275.000,300.000,300.000,300.000,-1,-1,-1,-1,300.000,425.000,275.000,550.000,1,1,1,1,1,1,1,0,0,2,2,2,2,1,1,1,1
86,2037.715,-3131.413,-64.464,-111.320,-0.362319,0.930361,0.056160,-0.931743,-0.363097,0.003972,0.024087,-0.050888,0.998414,0,1.00000,-0.70990,60.000,-1.420,225.000,225.000,325.000,325.000,675.000,225.000,275.000,300.000,300.000,-1,-1,-1,-1,250.000,375.000,225.000,500.000,1,1,1,1,1,1,1,0,0,2,2,2,2,1,1,1,1
87,2014.543,-3186.759,-63.008,-112.718,-0.384869,0.921264,0.056118,-0.922611,-0.385706,0.004517,0.025806,-0.050036,0.998414,0,1.00000,-0.69906,60.000,-1.398,150.000,200.000,275.000,275.000,625.000,200.000,225.000,300.000,275.000,-1,-1,-1,-1,200.000,325.000,150.000,450.000,1,1,1,1,1,1,1,0,0,2,2,2,2,1,1,1,1
88,1990.037,-3241.530,-52.892,-114.092,-0.406833,0.912795,0.035939,-0.911797,-0.408162,0.045049,0.055789,-0.014441,0.998338,0,1.00000,-0.68724,60.000,-1.374,125.000,175.000,250.000,250.000,-1,175.000,200.000,375.000,275.000,-1,500.000,375.000,-1,200.000,300.000,125.000,425.000,1,1,1,1,2,1,1,0,0,2,0,0,2,1,1,1,1
89,1964.275,-3295.727,-38.687,-115.441,-0.430656,0.902456,0.010440,-0.897095,-0.429307,0.104479,0.098770,0.035629,0.994472,0,1.00000,-0.67439,60.000,-1.349,125.000,150.000,250.000,250.000,-1,150.000,200.000,500.000,250.000,-1,275.000,100.000,475.000,175.000,300.000,125.000,425.000,1,1,1,1,2,1,1,1,0,2,0,0,0,1,1,1,1
90,1937.117,-3349.244,-24.056,-116.965,-0.460005,0.887824,-0.012821,-0.876428,-0.451691,0.166880,0.142369,0.088003,0.985894,0,1.00000,-0.76218,60.000,-1.524,125.000,150.000,250.000,250.000,-1,150.000,175.000,550.000,225.000,-1,200.000,25.000,275.000,175.000,300.000,125.000,-1,1,1,1,1,2,1,1,1,0,2,0,0,0,1,1,1,2
91,983.905,-8199.154,-183.437,-70.498,0.332431,0.942408,-0.036838,-0.941848,0.333760,0.039062,0.049108,0.021710,0.998558,1,0.00000,0.00000,60.000,-1.511,-1,450.000,-1,425.000,-1,350.000,350.000,275.000,275.000,-1,-1,-1,-1,-1,950.000,-1,-1,2,0,2,0,2,0,0,0,0,2,2,2,2,2,0,2,2
92,985.526,-8203.671,-183.216,-70.258,0.336394,0.941008,-0.036654,-0.940450,0.337707,0.038820,0.048908,0.021413,0.998574,0,0.08000,0.12000,4.800,0.240,-1,450.000,-1,425.000,-1,350.000,350.000,275.000,275.000,-1,-1,-1,-1,-1,950.000,-1,-1,2,0,2,0,2,0,0,0,0,2,2,2,2,2,0,2,2
93,988.844,-8212.680,-182.774,-69.778,0.344303,0.938157,-0.036286,-0.937605,0.345583,0.038328,0.048497,0.020825,0.998606,0,0.16000,0.24000,9.600,0.480,-1,425.000,-1,425.000,-1,350.000,350.000,275.000,275.000,-1,-1,-1,-1,-1,950.000,-1,-1,2,0,2,0,2,0,0,0,0,2,2,2,2,2,0,2,2
94,993.990,-8226.128,-182.115,-69.058,0.356120,0.933757,-0.035729,-0.933214,0.357351,0.037577,0.047855,0.019961,0.998655,0,0.24000,0.36000,14.400,0.720,-1,425.000,-1,425.000,-1,350.000,350.000,275.000,275.000,-1,-1,-1,-1,-1,950.000,-1,-1,2,0,2,0,2,0,0,0,0,2,2,2,2,2,0,2,2
95,1001.152,-8243.943,-181.241,-68.098,0.371787,0.927659,-0.034977,-0.927130,0.372953,0.036549,0.046950,0.018840,0.998720,0,0.32000,0.48000,19.200,0.960,-1,425.000,-1,425.000,-1,350.000,350.000,275.000,275.000,-1,-1,-1,-1,-1,975.000,-1,-1,2,0,2,0,2,0,0,0,0,2,2,2,2,2,0,2,2
96,1010.568,-8266.018,-180.159,-66.898,0.391221,0.919667,-0.034023,-0.919159,0.392308,0.035222,0.045740,0.017493,0.998800,0,0.40000,0.60000,24.000,1.200,-1,425.000,-1,425.000,-1,350.000,350.000,275.000,275.000,-1,-1,-1,-1,-1,1000.000,-1,-1,2,0,2,0,2,0,0,0,0,2,2,2,2,2,0,2,2
97,1022.530,-8292.216,-178.878,-65.458,0.414312,0.909542,-0.032854,-0.909062,0.415306,0.033569,0.044177,0.015959,0.998896,0,0.48000,0.72000,28.800,1.440,-1,425.000,-1,425.000,-1,350.000,350.000,275.000,275.000,-1,-1,-1,-1,-1,-1,-1,-1,2,0,2,0,2,0,0,0,0,2,2,2,2,2,2,2,2
98,1037.376,-8322.358,-177.411,-63.778,0.440915,0.896998,-0.031454,-0.896556,0.441804,0.031555,0.042201,0.014287,0.999007,0,0.56000,0.84000,33.600,1.680,-1,425.000,-1,425.000,-1,350.000,350.000,275.000,275.000,-1,-1,-1,-1,-1,-1,-1,-1,2,0,2,0,2,0,0,0,0,2,2,2,2,2,2,2,2
99,1055.487,-8356.219,-175.743,-61.858,0.470846,0.881714,-0.029740,-0.881315,0.471621,0.029278,0.039841,0.012425,0.999129,0,0.64000,0.96000,38.400,1.920,-1,425.000,-1,425.000,-1,350.000,350.000,275.000,275.000,-1,-1,-1,-1,-1,-1,-1,-1,2,0,2,0,2,0,0,0,0,2,2,2,2,2,2,2,2
100,1077.179,-8393.577,-173.959,-59.858,0.501438,0.864734,-0.028190,-0.864376,0.502115,0.027124,0.037610,0.010765,0.999235,0,0.72000,1.00000,43.200,2.000,-1,425.000,-1,450.000,-1,350.000,350.000,275.000,275.000,-1,-1,-1,-1,-1,-1,-1,-1,2,0,2,0,2,0,0,0,0,2,2,2,2,2,2,2,2
101,1100.533,-8430.747,-172.246,-57.858,0.531405,0.846695,-0.026766,-0.846382,0.531995,0.024864,0.035292,0.009441,0.999332,0,0.73164,1.00000,43.898,2.000,-1,450.000,-1,450.000,-1,350.000,350.000,275.000,275.000,-1,-1,-1,-1,-1,-1,-1,-1,2,0,2,0,2,0,0,0,0,2,2,2,2,2,2,2,2
102,1125.212,-8467.141,-170.749,-55.858,0.560711,0.827617,-0.025564,-0.827376,0.561223,0.021853,0.032433,0.008898,0.999434,0,0.73288,1.00000,43.973,2.000,-1,450.000,-1,450.000,-1,350.000,350.000,275.000,275.000,-1,-1,-1,-1,-1,-1,-1,-1,2,0,2,0,2,0,0,0,0,2,2,2,2,2,2,2,2
103,1151.190,-8502.711,-169.480,-53.858,0.589324,0.807524,-0.024531,-0.807375,0.589763,0.018032,0.029028,0.009179,0.999536,0,0.73411,1.00000,44.046,2.000,-1,450.000,-1,450.000,-1,350.000,350.000,275.000,275.000,-1,-1,-1,-1,-1,-1,-1,-1,2,0,2,0,2,0,0,0,0,2,2,2,2,2,2,2,2
104,1178.439,-8537.409,-168.307,-51.858,0.617214,0.786446,-0.023446,-0.786381,0.617582,0.014028,0.025512,0.009780,0.999627,0,0.73532,1.00000,44.119,2.000,-1,425.000,-1,450.000,-1,350.000,350.000,275.000,275.000,-1,-1,-1,-1,-1,-1,-1,-1,2,0,2,0,2,0,0,0,0,2,2,2,2,2,2,2,2
105,1206.927,-8571.191,-167.232,-49.858,0.644349,0.764406,-0.022307,-0.764417,0.644646,0.009844,0.021905,0.010709,0.999703,0,0.73651,1.00000,44.191,2.000,-1,425.000,-1,450.000,-1,350.000,350.000,275.000,275.000,-1,-1,-1,-1,1000.000,-1,-1,-1,2,0,2,0,2,0,0,0,0,2,2,2,2,0,2,2,2
106,1236.626,-8604.010,-166.297,-47.858,0.670701,0.741433,-0.020916,-0.741507,0.670923,0.005496,0.018108,0.011823,0.999766,0,0.73769,1.00000,44.262,2.000,-1,425.000,-1,450.000,-1,350.000,350.000,275.000,275.000,-1,-1,-1,-1,975.000,-1,-1,-1,2,0,2,0,2,0,0,0,0,2,2,2,2,0,2,2,2
107,1270.646,-8639.360,-165.614,-46.098,0.693226,0.720470,-0.019016,-0.720580,0.693370,0.001460,0.014237,0.012690,0.999818,0,0.81769,0.88000,49.062,1.760,-1,425.000,-1,450.000,-1,350.000,350.000,275.000,275.000,-1,-1,-1,-1,950.000,-1,-1,-1,2,0,2,0,2,0,0,0,0,2,2,2,2,0,2,2,2
108,1309.011,-8677.164,-165.148,-44.578,0.712158,0.701815,-0.016958,-0.701944,0.712228,-0.002501,0.010323,0.013685,0.999853,0,0.89769,0.76000,53.862,1.520,-1,425.000,-1,450.000,-1,350.000,350.000,275.000,275.000,-1,-1,-1,-1,900.000,1000.000,-1,-1,2,0,2,0,2,0,0,0,0,2,2,2,2,0,0,2,2
109,1351.012,-8716.741,-164.843,-43.298,0.727719,0.685714,-0.014892,-0.685849,0.727711,-0.006903,0.006104,0.015237,0.999865,0,0.96183,0.64000,57.710,1.280,-1,425.000,-1,450.000,-1,350.000,350.000,300.000,275.000,-1,-1,-1,-1,875.000,950.000,-1,-1,2,0,2,0,2,0,0,0,0,2,2,2,2,0,0,2,2
110,1393.580,-8755.417,-164.714,-42.258,0.740101,0.672373,-0.012832,-0.672493,0.740015,-0.011427,0.001813,0.017086,0.999852,0,0.95855,0.52000,57.513,1.040,-1,425.000,-1,450.000,-1,350.000,350.000,300.000,275.000,-1,-1,-1,-1,850.000,925.000,-1,-1,2,0,2,0,2,0,0,0,0,2,2,2,2,0,0,2,2
111,1436.502,-8793.335,-164.658,-41.458,0.749473,0.661954,-0.010329,-0.662029,0.749308,-0.015980,-0.002838,0.018815,0.999819,0,0.95453,0.40000,57.272,0.800,-1,425.000,-1,450.000,-1,350.000,350.000,300.000,275.000,-1,-1,-1,-1,825.000,900.000,-1,-1,2,0,2,0,2,0,0,0,0,2,2,2,2,0,0,2,2
112,1479.579,-8830.647,-164.786,-40.898,0.755957,0.654574,-0.007912,-0.654578,0.755712,-0.020632,-0.007526,0.020776,0.999756,0,0.94984,0.28000,56.990,0.560,-1,400.000,-1,425.000,-1,350.000,350.000,300.000,275.000,-1,-1,-1,-1,800.000,850.000,-1,-1,2,0,2,0,2,0,0,0,0,2,2,2,2,0,0,2,2
113,1522.624,-8867.512,-165.230,-40.578,0.759644,0.650321,-0.004906,-0.650215,0.759330,-0.025246,-0.012693,0.022368,0.999669,0,0.94455,0.16000,56.673,0.320,-1,400.000,-1,425.000,-1,325.000,350.000,300.000,275.000,-1,-1,-1,-1,775.000,825.000,-1,-1,2,0,2,0,2,0,0,0,0,2,2,2,2,0,0,2,2
114,1565.457,-8904.092,-166.078,-40.498,0.760585,0.649233,-0.002549,-0.649008,0.760206,-0.029576,-0.017264,0.024149,0.999559,0,0.93878,0.04000,56.327,0.080,-1,400.000,-1,425.000,-1,325.000,325.000,300.000,275.000,-1,-1,-1,-1,750.000,800.000,-1,-1,2,0,2,0,2,0,0,0,0,2,2,2,2,0,0,2,2
115,1608.015,-8940.427,-166.909,-40.490,0.760699,0.649104,-0.000820,-0.648774,0.760271,-0.032883,-0.020721,0.025546,0.999459,0,0.93266,0.00401,55.960,0.008,-1,400.000,-1,425.000,-1,325.000,325.000,300.000,275.000,-1,-1,-1,-1,725.000,775.000,-1,-1,2,0,2,0,2,0,0,0,0,2,2,2,2,0,0,2,2
116,1650.307,-8976.539,-167.838,-40.493,0.760688,0.649117,0.000599,-0.648680,0.760208,-0.036020,-0.023837,0.027012,0.999351,0,0.92686,-0.00145,55.611,-0.003,-1,400.000,-1,400.000,-1,325.000,325.000,300.000,300.000,-1,-1,-1,-1,725.000,750.000,-1,-1,2,0,2,0,2,0,0,0,0,2,2,2,2,0,0,2,2
117,1692.352,-9012.459,-168.864,-40.508,0.760536,0.649293,0.001714,-0.648749,0.760002,-0.038995,-0.026622,0.028545,0.999238,0,0.92165,-0.00766,55.299,-0.015,-1,400.000,1000.000,400.000,-1,325.000,325.000,300.000,300.000,-1,-1,-1,-1,700.000,725.000,-1,-1,2,0,1,0,2,0,0,0,0,2,2,2,2,0,0,2,2
118,1734.169,-9048.221,-170.054,-40.537,0.760225,0.649655,0.002542,-0.649019,0.759642,-0.041461,-0.028866,0.029870,0.999137,0,0.91707,-0.01461,55.024,-0.029,975.000,375.000,925.000,400.000,-1,325.000,325.000,300.000,300.000,-1,-1,-1,-1,675.000,700.000,-1,-1,1,0,1,0,2,0,0,0,0,2,2,2,2,0,0,2,2
119,1775.781,-9083.864,-171.374,-40.582,0.759739,0.650221,0.003081,-0.649503,0.759108,-0.043600,-0.030689,0.031123,0.999044,0,0.91316,-0.02226,54.789,-0.045,925.000,375.000,875.000,375.000,-1,325.000,325.000,300.000,300.000,-1,-1,-1,-1,675.000,675.000,975.000,950.000,1,0,1,0,2,0,0,0,0,2,2,2,2,0,1,1,1
120,1820.867,-9122.828,-172.829,-40.834,0.756886,0.653538,0.003356,-0.652754,0.756211,-0.045362,-0.032184,0.032143,0.998965,0,0.99316,-0.12623,59.589,-0.252,875.000,375.000,800.000,375.000,-1,325.000,325.000,300.000,300.000,-1,-1,-1,-1,650.000,625.000,925.000,900.000,1,0,1,0,2,0,0,0,0,2,2,2,2,0,1,1,1
121,1866.081,-9162.270,-174.103,-41.099,0.753860,0.657026,0.003355,-0.656233,0.753183,-0.045540,-0.032448,0.032129,0.998957,0,1.00000,-0.13239,60.000,-0.265,825.000,375.000,750.000,375.000,-1,325.000,325.000,300.000,300.000,-1,-1,-1,-1,625.000,600.000,875.000,825.000,1,0,1,0,2,1,0,0,0,2,2,2,2,1,1,1,1
122,1911.104,-9201.930,-175.185,-41.377,0.750696,0.660646,0.001464,-0.659902,0.749953,-0.045820,-0.031369,0.033431,0.998949,0,1.00000,-0.13905,60.000,-0.278,775.000,375.000,700.000,375.000,-1,300.000,300.000,300.000,300.000,-1,-1,-1,-1,575.000,550.000,825.000,750.000,1,0,1,0,2,1,1,0,0,2,2,2,2,1,1,1,1
123,1955.923,-9241.820,-176.305,-41.670,0.747354,0.664425,-0.001115,-0.663762,0.746530,-0.045966,-0.029709,0.035093,0.998942,0,1.00000,-0.14615,60.000,-0.292,750.000,375.000,650.000,375.000,-1,300.000,300.000,300.000,300.000,-1,-1,-1,-1,525.000,500.000,750.000,700.000,1,1,1,1,2,1,1,0,0,2,2,2,2,1,1,1,1
124,2000.529,-9281.949,-177.611,-41.977,0.743804,0.668385,-0.004058,-0.667837,0.742918,-0.045458,-0.027369,0.036522,0.998958,0,1.00000,-0.15364,60.000,-0.307,700.000,350.000,575.000,350.000,950.000,275.000,275.000,300.000,300.000,-1,-1,-1,-1,475.000,475.000,700.000,625.000,1,1,1,1,1,1,1,0,0,2,2,2,2,1,1,1,1
125,2044.907,-9322.329,-179.168,-42.300,0.740022,0.672544,-0.007205,-0.672150,0.739118,-0.043805,-0.024135,0.037260,0.999014,0,1.00000,-0.16150,60.000,-0.323,650.000,325.000,525.000,325.000,850.000,250.000,275.000,300.000,300.000,-1,-1,-1,-1,425.000,425.000,625.000,575.000,1,1,1,1,1,1,1,0,0,2,2,2,2,1,1,1,1
126,2089.045,-9362.972,-180.453,-42.639,0.736004,0.676915,-0.009193,-0.676633,0.735128,-0.041899,-0.021604,0.037058,0.999080,0,1.00000,-0.16967,60.000,-0.339,625.000,300.000,475.000,300.000,750.000,250.000,250.000,300.000,300.000,-1,-1,-1,-1,400.000,375.000,550.000,500.000,1,1,1,1,1,1,1,0,0,2,2,2,2,1,1,1,1
127,2132.929,-9403.888,-181.727,-42.996,0.731753,0.681478,-0.011219,-0.681305,0.730910,-0.039934,-0.019014,0.036865,0.999139,0,1.00000,-0.17813,60.000,-0.356,575.000,250.000,425.000,250.000,675.000,225.000,225.000,300.000,300.000,-1,-1,-1,-1,350.000,350.000,475.000,450.000,1,1,1,1,1,1,1,0,0,2,2,2,2,1,1,1,1
128,2176.546,-9445.090,-182.989,-43.369,0.727259,0.686235,-0.013281,-0.686168,0.726455,-0.037908,-0.016365,0.036682,0.999193,0,1.00000,-0.18683,60.000,-0.374,500.000,225.000,375.000,225.000,575.000,200.000,200.000,300.000,300.000,-1,-1,525.000,-1,300.000,300.000,400.000,375.000,1,1,1,1,1,1,1,0,0,2,2,0,2,1,1,1,1
129,2219.881,-9486.588,-183.851,-43.761,0.722507,0.691145,-0.017407,-0.691253,0.721711,-0.036088,-0.012379,0.038106,0.999197,0,1.00000,-0.19572,60.000,-0.391,425.000,200.000,300.000,200.000,475.000,175.000,175.000,300.000,300.000,-1,425.000,425.000,-1,250.000,250.000,325.000,325.000,1,1,1,1,1,1,1,0,0,2,0,0,2,1,1,1,1
130,2259.650,-9524.869,-179.141,-43.912,0.720130,0.692962,-0.034888,-0.693785,0.719791,-0.023727,0.008671,0.041291,0.999110,0,0.92000,-0.07572,55.200,-0.151,400.000,200.000,300.000,200.000,450.000,175.000,175.000,325.000,300.000,-1,225.000,225.000,-1,250.000,250.000,300.000,300.000,1,1,1,1,1,1,1,0,0,2,0,0,2,1,1,1,1
131,2296.014,-9559.768,-172.897,-43.823,0.720135,0.691886,-0.051952,-0.693017,0.720900,-0.005486,0.033657,0.039954,0.998635,0,0.84000,0.04428,50.400,0.089,375.000,175.000,300.000,200.000,450.000,150.000,175.000,350.000,325.000,-1,150.000,150.000,925.000,250.000,250.000,300.000,300.000,1,1,1,1,1,1,1,0,0,2,0,0,0,1,1,1,1
132,2329.096,-9591.155,-166.056,-43.495,0.722757,0.687838,-0.067088,-0.688654,0.724959,0.013787,0.058120,0.036236,0.997652,0,0.76000,0.16428,45.600,0.329,350.000,175.000,300.000,200.000,475.000,150.000,150.000,350.000,350.000,-1,125.000,125.000,850.000,250.000,250.000,300.000,275.000,1,1,1,1,1,1,1,0,0,2,0,0,0,1,1,1,1
133,-4919.515,-6231.392,192.331,151.919,-0.879185,-0.469456,0.081515,0.473491,-0.879923,0.039261,0.053296,0.073114,0.995899,1,0.00000,0.00000,40.800,0.569,-1,400.000,-1,425.000,675.000,325.000,325.000,300.000,300.000,-1,-1,-1,-1,775.000,900.000,-1,-1,2,0,2,0,1,0,0,0,0,2,2,2,2,0,0,2,2
