timestep,x_cm,y_cm,z_cm,yaw_deg,basis_xx,basis_xy,basis_xz,basis_yx,basis_yy,basis_yz,basis_zx,basis_zy,basis_zz,teleport_flag,throttle_cmd,steering_cmd,cmd_move_cm,cmd_turn_deg,lidar_cm_0,lidar_cm_1,lidar_cm_2,lidar_cm_3,lidar_cm_4,lidar_cm_5,lidar_cm_6,lidar_cm_7,lidar_cm_8,lidar_cm_9,lidar_cm_10,lidar_cm_11,lidar_cm_12,lidar_cm_13,lidar_cm_14,lidar_cm_15,lidar_cm_16,lidar_class_0,lidar_class_1,lidar_class_2,lidar_class_3,lidar_class_4,lidar_class_5,lidar_class_6,lidar_class_7,lidar_class_8,lidar_class_9,lidar_class_10,lidar_class_11,lidar_class_12,lidar_class_13,lidar_class_14,lidar_class_15,lidar_class_16
0,2947.402,981.741,422.175,-153.386,-0.891152,0.447517,0.074669,-0.449623,-0.893119,-0.013344,0.060716,-0.045465,0.997119,1,0.08000,-0.12000,4.800,-0.240,-1,400.000,-1,400.000,-1,325.000,325.000,300.000,300.000,-1,750.000,725.000,-1,750.000,725.000,-1,-1,2,0,2,0,2,0,0,0,0,2,0,0,2,0,0,2,2
1,2938.783,977.512,422.763,-153.866,-0.894870,0.440032,0.074702,-0.442115,-0.896861,-0.013225,0.061178,-0.044861,0.997118,0,0.16000,-0.24000,9.600,-0.480,-1,400.000,-1,400.000,-1,325.000,325.000,300.000,300.000,-1,750.000,725.000,-1,750.000,725.000,-1,-1,2,0,2,0,2,0,0,0,0,2,0,0,2,0,0,2,2
2,2925.776,971.333,423.655,-154.586,-0.900328,0.428744,0.074756,-0.430794,-0.902356,-0.013050,0.061861,-0.043954,0.997116,0,0.24000,-0.36000,14.400,-0.720,-1,400.000,-1,400.000,-1,325.000,325.000,300.000,300.000,-1,775.000,750.000,-1,750.000,725.000,-1,-1,2,0,2,0,2,0,0,0,0,2,0,0,2,0,0,2,2
3,2908.298,963.385,424.857,-155.546,-0.907384,0.413587,0.074835,-0.415592,-0.909461,-0.012827,0.062755,-0.042740,0.997113,0,0.32000,-0.48000,19.200,-0.960,-1,400.000,-1,400.000,-1,325.000,325.000,300.000,300.000,-1,775.000,750.000,-1,750.000,725.000,-1,-1,2,0,2,0,2,0,0,0,0,2,0,0,2,0,0,2,2
4,2886.247,953.910,426.380,-156.746,-0.915845,0.394476,0.074946,-0.396424,-0.917982,-0.012564,0.063843,-0.041217,0.997108,0,0.40000,-0.60000,24.000,-1.200,-1,400.000,-1,400.000,-1,325.000,325.000,300.000,300.000,-1,800.000,775.000,-1,725.000,725.000,-1,-1,2,0,2,0,2,0,0,0,0,2,0,0,2,0,0,2,2
5,2859.509,943.209,428.237,-158.186,-0.925468,0.371310,0.075093,-0.373190,-0.927674,-0.012270,0.065106,-0.039380,0.997101,0,0.48000,-0.72000,28.800,-1.440,-1,400.000,-1,400.000,-1,325.000,325.000,300.000,300.000,-1,825.000,800.000,-1,725.000,725.000,-1,-1,2,0,2,0,2,0,0,0,0,2,0,0,2,0,0,2,2
6,2827.967,931.629,430.441,-159.839,-0.935794,0.344416,0.075284,-0.346218,-0.938078,-0.011958,0.066503,-0.037255,0.997090,0,0.56000,-0.82673,33.600,-1.653,-1,400.000,-1,375.000,-1,325.000,325.000,300.000,300.000,-1,875.000,825.000,-1,725.000,725.000,-1,-1,2,0,2,0,2,0,0,0,0,2,0,0,2,0,0,2,2
7,2791.646,919.472,432.992,-161.493,-0.945338,0.317224,0.075531,-0.318947,-0.947701,-0.011642,0.067888,-0.035096,0.997075,0,0.63836,-0.82690,38.302,-1.654,-1,400.000,-1,375.000,-1,325.000,325.000,300.000,300.000,-1,900.000,850.000,-1,725.000,725.000,-1,-1,2,0,2,0,2,0,0,0,0,2,0,0,2,0,0,2,2
8,2754.973,908.364,435.583,-163.147,-0.954095,0.289755,0.075793,-0.291398,-0.956534,-0.011366,0.069205,-0.032930,0.997059,0,0.63862,-0.82712,38.317,-1.654,-1,400.000,-1,375.000,-1,325.000,325.000,300.000,300.000,-1,925.000,875.000,-1,725.000,725.000,-1,-1,2,0,2,0,2,0,0,0,0,2,0,0,2,0,0,2,2
9,2717.980,898.316,438.212,-164.802,-0.962057,0.262031,0.076064,-0.263595,-0.964569,-0.011127,0.070453,-0.030755,0.997041,0,0.63889,-0.82736,38.333,-1.655,-1,375.000,-1,375.000,-1,325.000,325.000,300.000,300.000,-1,975.000,900.000,-1,725.000,725.000,-1,-1,2,0,2,0,2,0,0,0,0,2,0,0,2,0,0,2,2
10,2680.697,889.336,440.901,-166.457,-0.969221,0.234074,0.076289,-0.235565,-0.971796,-0.011038,0.071553,-0.028669,0.997025,0,0.63915,-0.82762,38.349,-1.655,-1,375.000,-1,375.000,-1,325.000,325.000,300.000,300.000,-1,-1,950.000,-1,725.000,725.000,-1,-1,2,0,2,0,2,0,0,0,0,2,2,0,2,0,0,2,2
11,2643.155,881.434,443.676,-168.113,-0.975569,0.205907,0.076603,-0.207340,-0.978205,-0.011156,0.072637,-0.026766,0.996999,0,0.63941,-0.82789,38.365,-1.656,-1,375.000,-1,375.000,-1,325.000,325.000,300.000,300.000,-1,-1,975.000,-1,725.000,725.000,-1,-1,2,0,2,0,2,0,0,0,0,2,2,0,2,0,0,2,2
12,2605.384,874.618,446.499,-169.769,-0.981096,0.177555,0.076973,-0.178935,-0.983795,-0.011368,0.073707,-0.024926,0.996968,0,0.63968,-0.82818,38.381,-1.656,-1,375.000,-1,375.000,-1,325.000,325.000,300.000,300.000,-1,-1,-1,-1,725.000,725.000,-1,-1,2,0,2,0,2,0,0,0,0,2,2,2,2,0,0,2,2
13,2567.417,868.894,449.403,-171.426,-0.985807,0.149041,0.077274,-0.150352,-0.988567,-0.011407,0.074691,-0.022863,0.996945,0,0.63994,-0.82848,38.396,-1.657,-1,375.000,-1,375.000,-1,325.000,325.000,300.000,300.000,-1,-1,-1,-1,725.000,725.000,-1,-1,2,0,2,0,2,0,0,0,0,2,2,2,2,0,0,2,2
14,2529.284,864.269,452.441,-173.084,-0.989677,0.120389,0.077755,-0.121599,-0.992518,-0.011002,0.075849,-0.020343,0.996912,0,0.64019,-0.82880,38.412,-1.658,-1,375.000,-1,375.000,-1,325.000,325.000,300.000,300.000,-1,-1,-1,-1,725.000,725.000,-1,-1,2,0,2,0,2,0,0,0,0,2,2,2,2,0,0,2,2
15,2491.019,860.749,455.501,-174.742,-0.992715,0.091621,0.078249,-0.092729,-0.995634,-0.010640,0.076933,-0.017819,0.996877,0,0.64045,-0.82914,38.427,-1.658,-1,375.000,-1,375.000,-1,325.000,325.000,300.000,300.000,-1,-1,-1,-1,725.000,725.000,-1,-1,2,0,2,0,2,0,0,0,0,2,2,2,2,0,0,2,2
16,2452.652,858.336,458.579,-176.401,-0.994917,0.062761,0.078752,-0.063767,-0.997911,-0.010324,0.077940,-0.015293,0.996841,0,0.64071,-0.82949,38.442,-1.659,-1,375.000,-1,375.000,-1,325.000,325.000,300.000,300.000,-1,-1,-1,-1,725.000,725.000,-1,-1,2,0,2,0,2,0,0,0,0,2,2,2,2,0,0,2,2
17,2414.216,857.035,461.672,-178.061,-0.996280,0.033833,0.079260,-0.034737,-0.999346,-0.010051,0.078868,-0.012767,0.996803,0,0.64096,-0.82986,38.458,-1.660,-1,375.000,-1,400.000,-1,325.000,325.000,300.000,300.000,-1,-1,-1,-1,700.000,725.000,-1,-1,2,0,2,0,2,0,0,0,0,2,2,2,2,0,0,2,2
18,2375.744,856.848,464.778,-179.721,-0.996802,0.004861,0.079769,-0.005662,-0.999936,-0.009823,0.079716,-0.010243,0.996765,0,0.64121,-0.83024,38.473,-1.660,-1,375.000,-1,400.000,-1,325.000,325.000,300.000,300.000,-1,-1,-1,-1,700.000,725.000,-1,-1,2,0,2,0,2,0,0,0,0,2,2,2,2,0,0,2,2
19,2337.267,857.777,467.893,-181.383,-0.996481,-0.024131,0.080275,0.023432,-0.999679,-0.009637,0.080482,-0.007722,0.996726,0,0.64146,-0.83064,38.488,-1.661,-1,375.000,-1,400.000,-1,325.000,325.000,300.000,300.000,-1,-1,-1,-1,700.000,725.000,-1,-1,2,0,2,0,2,0,0,0,0,2,2,2,2,0,0,2,2
20,2294.048,860.223,471.402,-183.240,-0.995124,-0.056518,0.080836,0.055933,-0.998390,-0.009477,0.081242,-0.004910,0.996682,0,0.72146,-0.92862,43.288,-1.857,-1,375.000,-1,400.000,-1,325.000,325.000,300.000,300.000,-1,-1,-1,-1,700.000,725.000,-1,-1,2,0,2,0,2,0,0,0,0,2,2,2,2,0,0,2,2
21,2249.273,864.218,475.049,-185.098,-0.992712,-0.088863,0.081405,0.088393,-0.996042,-0.009365,0.081915,-0.002101,0.996637,0,0.74922,-0.92911,44.953,-1.858,-1,375.000,-1,400.000,-1,325.000,325.000,300.000,300.000,-1,-1,-1,-1,700.000,725.000,-1,-1,2,0,2,0,2,0,0,0,0,2,2,2,2,0,0,2,2
22,2204.642,869.664,478.694,-186.957,-0.989247,-0.121133,0.081956,0.120777,-0.992636,-0.009301,0.082480,0.000697,0.996593,0,0.74936,-0.92963,44.962,-1.859,-1,375.000,-1,400.000,-1,325.000,325.000,300.000,300.000,-1,-1,-1,-1,700.000,725.000,-1,-1,2,0,2,0,2,0,0,0,0,2,2,2,2,0,0,2,2
23,2160.203,876.557,482.331,-188.818,-0.984732,-0.153292,0.082485,0.153051,-0.988175,-0.009282,0.082933,0.003484,0.996549,0,0.74950,-0.93017,44.970,-1.860,-1,375.000,-1,400.000,-1,325.000,325.000,300.000,300.000,-1,-1,-1,-1,700.000,750.000,-1,-1,2,0,2,0,2,0,0,0,0,2,2,2,2,0,0,2,2
24,2116.004,884.891,485.958,-190.679,-0.979170,-0.185307,0.082989,0.185179,-0.982661,-0.009305,0.083274,0.006256,0.996507,0,0.74963,-0.93071,44.978,-1.861,-1,375.000,-1,400.000,-1,325.000,325.000,300.000,300.000,-1,-1,-1,-1,700.000,750.000,-1,-1,2,0,2,0,2,0,0,0,0,2,2,2,2,0,0,2,2
25,2072.092,894.660,489.569,-192.542,-0.972565,-0.217142,0.083463,0.217127,-0.976098,-0.009365,0.083502,0.009014,0.996467,0,0.74976,-0.93125,44.986,-1.863,-1,375.000,-1,400.000,-1,325.000,325.000,300.000,300.000,-1,-1,-1,-1,700.000,750.000,-1,-1,2,0,2,0,2,0,0,0,0,2,2,2,2,0,0,2,2
26,2028.513,905.852,493.220,-194.405,-0.964934,-0.248763,0.083779,0.248883,-0.968490,-0.009175,0.083422,0.011998,0.996442,0,0.74988,-0.93181,44.993,-1.864,-1,375.000,-1,400.000,-1,300.000,325.000,300.000,300.000,-1,-1,-1,-1,700.000,750.000,-1,-1,2,0,2,0,2,0,0,0,0,2,2,2,2,0,0,2,2
27,1985.315,918.458,497.097,-196.270,-0.956218,-0.280130,0.084700,0.280469,-0.959829,-0.008119,0.083572,0.015992,0.996373,0,0.75000,-0.93237,45.000,-1.865,-1,375.000,-1,400.000,-1,300.000,325.000,300.000,300.000,-1,-1,-1,-1,700.000,750.000,-1,-1,2,0,2,0,2,0,0,0,0,2,2,2,2,0,0,2,2
28,1942.544,932.466,500.964,-198.136,-0.946464,-0.311211,0.085756,0.311775,-0.950130,-0.007072,0.083680,0.020044,0.996291,0,0.75011,-0.93294,45.007,-1.866,-1,375.000,-1,400.000,-1,325.000,325.000,300.000,300.000,-1,-1,-1,-1,700.000,750.000,-1,-1,2,0,2,0,2,0,0,0,0,2,2,2,2,0,0,2,2
29,1897.571,948.804,505.048,-199.967,-0.935908,-0.341385,0.086790,0.342171,-0.939618,-0.006123,0.083640,0.023966,0.996208,0,0.79747,-0.91565,47.848,-1.831,-1,375.000,-1,400.000,-1,325.000,325.000,300.000,300.000,-1,-1,-1,-1,700.000,750.000,-1,-1,2,0,2,0,2,0,0,0,0,2,2,2,2,0,0,2,2
30,1853.039,966.619,509.136,-201.805,-0.924366,-0.371306,0.087630,0.372294,-0.928099,-0.005386,0.083330,0.027645,0.996139,0,0.79938,-0.91882,47.963,-1.838,-1,375.000,-1,400.000,-1,325.000,325.000,300.000,300.000,-1,-1,-1,-1,700.000,750.000,-1,-1,2,0,2,0,2,0,0,0,0,2,2,2,2,0,1,2,2
31,1808.999,985.902,513.265,-203.649,-0.911813,-0.400941,0.088562,0.402097,-0.915583,-0.005162,0.083156,0.030904,0.996057,0,0.80128,-0.92204,48.077,-1.844,-1,375.000,-1,400.000,-1,325.000,325.000,300.000,300.000,-1,-1,-1,-1,725.000,775.000,-1,-1,2,0,2,0,2,0,0,0,0,2,2,2,2,0,1,2,2
32,1765.503,1006.647,517.339,-205.500,-0.898266,-0.430255,0.089439,0.431573,-0.902064,-0.005033,0.082846,0.034079,0.995980,0,0.80315,-0.92532,48.189,-1.851,-1,375.000,-1,400.000,-1,325.000,325.000,300.000,300.000,-1,-1,-1,-1,725.000,800.000,-1,-1,2,0,2,0,2,0,0,0,0,2,2,2,2,0,0,2,2
33,1726.880,1026.418,520.945,-207.110,-0.885711,-0.455396,0.090169,0.456853,-0.889528,-0.004966,0.082469,0.036795,0.995914,0,0.72315,-0.80532,43.389,-1.611,-1,375.000,-1,400.000,650.000,325.000,325.000,300.000,300.000,-1,-1,-1,-1,725.000,800.000,-1,-1,2,0,2,0,1,0,0,0,0,2,2,2,2,0,0,2,2
34,1692.961,1044.819,524.102,-208.481,-0.874476,-0.476501,0.090769,0.478075,-0.878305,-0.004940,0.082076,0.039075,0.995860,0,0.64315,-0.68532,38.589,-1.371,-1,375.000,-1,400.000,625.000,325.000,325.000,300.000,300.000,-1,-1,-1,-1,750.000,825.000,-1,-1,2,0,2,0,1,0,0,0,0,2,2,2,2,0,0,2,2
35,1663.584,1061.514,526.827,-209.612,-0.864830,-0.493703,0.091248,0.495372,-0.868667,-0.004942,0.081704,0.040928,0.995816,0,0.56315,-0.56532,33.789,-1.131,-1,400.000,-1,400.000,575.000,325.000,325.000,300.000,300.000,-1,-1,-1,-1,750.000,825.000,-1,-1,2,0,2,0,1,0,0,0,0,2,2,2,2,0,0,2,2
36,1638.647,1076.296,529.123,-210.660,-0.855592,-0.509486,0.091580,0.511236,-0.859426,-0.004981,0.081244,0.042557,0.995785,0,0.48315,-0.52442,28.989,-1.049,-1,400.000,-1,400.000,550.000,325.000,325.000,300.000,300.000,-1,-1,-1,-1,750.000,850.000,-1,-1,2,0,2,0,1,0,0,0,0,2,2,2,2,0,0,2,2
37,1618.069,1089.011,531.008,-211.714,-0.846032,-0.525165,0.091825,0.526992,-0.849855,-0.005035,0.080682,0.044131,0.995762,0,0.40315,-0.52673,24.189,-1.053,-1,400.000,-1,400.000,525.000,325.000,325.000,300.000,300.000,-1,-1,-1,-1,750.000,850.000,-1,-1,2,0,2,0,1,0,0,0,0,2,2,2,2,0,0,2,2
38,1601.765,1099.505,532.493,-212.770,-0.836165,-0.540709,0.091992,0.542609,-0.839970,-0.005099,0.080027,0.045652,0.995747,0,0.32315,-0.52827,19.389,-1.057,-1,400.000,-1,400.000,500.000,325.000,325.000,300.000,300.000,-1,-1,-1,-1,775.000,875.000,-1,-1,2,0,2,0,1,0,0,0,0,2,2,2,2,0,0,2,2
39,1589.645,1107.626,533.588,-213.828,-0.826005,-0.556089,0.092090,0.558058,-0.829786,-0.005171,0.079290,0.047121,0.995737,0,0.24315,-0.52903,14.589,-1.058,-1,400.000,-1,400.000,475.000,325.000,325.000,300.000,300.000,-1,-1,-1,-1,775.000,875.000,-1,-1,2,0,2,1,1,0,0,0,0,2,2,2,2,0,0,2,2
40,1581.614,1113.224,534.304,-214.886,-0.815570,-0.571277,0.092127,0.573312,-0.819321,-0.005246,0.078479,0.048539,0.995733,0,0.16315,-0.52900,9.789,-1.058,-1,400.000,-1,400.000,450.000,325.000,325.000,300.000,300.000,-1,-1,-1,-1,775.000,875.000,-1,-1,2,0,2,1,1,0,0,0,0,2,2,2,2,0,0,2,2
41,1577.575,1116.152,534.651,-215.943,-0.804880,-0.586245,0.092111,0.588342,-0.808595,-0.005323,0.077601,0.049909,0.995734,0,0.08315,-0.52816,4.989,-1.056,-1,400.000,-1,400.000,425.000,325.000,325.000,300.000,300.000,-1,-1,-1,-1,775.000,875.000,-1,-1,2,0,2,1,1,0,0,0,0,2,2,2,2,0,0,2,2
42,1577.423,1116.265,534.637,-216.996,-0.793957,-0.600966,0.092048,0.603122,-0.797631,-0.005397,0.076664,0.051231,0.995740,0,0.00315,-0.52652,0.189,-1.053,-1,400.000,-1,400.000,400.000,325.000,325.000,300.000,300.000,-1,-1,-1,-1,775.000,875.000,-1,-1,2,0,2,1,1,0,0,0,0,2,2,2,2,0,0,2,2
43,1581.054,1113.423,534.273,-218.044,-0.782822,-0.615415,0.091943,0.617627,-0.786452,-0.005465,0.075672,0.052508,0.995749,0,-0.07685,-0.52407,-4.611,-1.048,-1,400.000,-1,400.000,400.000,325.000,325.000,300.000,300.000,-1,-1,-1,-1,775.000,875.000,-1,-1,2,0,2,1,1,0,0,0,0,2,2,2,2,0,0,2,2
44,1588.358,1107.489,533.568,-219.086,-0.771501,-0.629570,0.091801,0.631835,-0.775083,-0.005524,0.074631,0.053741,0.995762,0,-0.15685,-0.52084,-9.411,-1.042,-1,400.000,-1,375.000,375.000,325.000,325.000,300.000,300.000,-1,-1,-1,-1,775.000,875.000,-1,-1,2,0,2,1,1,0,0,0,0,2,2,2,2,0,0,2,2
45,1599.224,1098.332,532.530,-220.119,-0.760020,-0.643409,0.091624,0.645725,-0.763550,-0.005571,0.073544,0.054930,0.995778,0,-0.23685,-0.51685,-14.211,-1.034,-1,400.000,-1,375.000,375.000,325.000,325.000,300.000,300.000,-1,-1,-1,-1,775.000,750.000,-1,-1,2,0,2,1,1,0,0,0,0,2,2,2,2,0,1,2,2
46,1611.208,1087.861,531.384,-221.144,-0.748401,-0.656913,0.091439,0.659279,-0.751878,-0.005606,0.072433,0.056088,0.995795,0,-0.26523,-0.51214,-15.914,-1.024,-1,400.000,-1,375.000,375.000,325.000,325.000,300.000,300.000,-1,-1,-1,-1,775.000,675.000,-1,550.000,2,0,2,1,1,0,0,0,0,2,2,2,2,0,1,2,1
47,1619.475,1080.435,530.590,-221.928,-0.739343,-0.667109,0.091307,0.669514,-0.742778,-0.005627,0.071575,0.056971,0.995807,0,-0.18523,-0.39214,-11.114,-0.784,-1,400.000,-1,375.000,375.000,325.000,325.000,300.000,300.000,-1,-1,-1,-1,775.000,625.000,-1,525.000,2,0,2,1,1,0,0,0,0,2,2,2,2,0,1,2,1
48,1624.132,1076.171,530.139,-222.472,-0.732975,-0.674111,0.091227,0.676543,-0.736382,-0.005641,0.070981,0.057584,0.995814,0,-0.10523,-0.27214,-6.314,-0.544,-1,400.000,-1,375.000,375.000,325.000,325.000,300.000,300.000,-1,-1,-1,-1,775.000,625.000,-1,500.000,2,0,2,1,1,0,0,0,0,2,2,2,2,0,1,2,1
49,1625.243,1075.143,530.026,-222.776,-0.729384,-0.677999,0.091197,0.680446,-0.732777,-0.005652,0.070659,0.057932,0.995817,0,-0.02523,-0.15214,-1.514,-0.304,-1,400.000,-1,375.000,375.000,325.000,325.000,300.000,300.000,-1,-1,-1,-1,775.000,625.000,-1,500.000,2,0,2,1,1,0,0,0,0,2,2,2,2,0,1,2,1
50,1622.833,1077.378,530.251,-222.841,-0.728620,-0.678817,0.091215,0.681268,-0.732012,-0.005661,0.070613,0.058018,0.995815,0,0.05477,-0.03214,3.286,-0.064,-1,400.000,-1,375.000,375.000,325.000,325.000,300.000,300.000,-1,-1,-1,-1,775.000,625.000,-1,500.000,2,0,2,1,1,0,0,0,0,2,2,2,2,0,1,2,1
51,1616.893,1082.865,530.810,-222.731,-0.729919,-0.677412,0.091279,0.679860,-0.733320,-0.005670,0.070778,0.057918,0.995809,0,0.13477,0.05508,8.086,0.110,-1,400.000,-1,375.000,375.000,325.000,325.000,300.000,300.000,-1,-1,-1,-1,775.000,625.000,-1,500.000,2,0,2,1,1,0,0,0,0,2,2,2,2,0,1,2,1
52,1607.411,1091.591,531.700,-222.623,-0.731176,-0.676042,0.091374,0.678488,-0.734589,-0.005687,0.070967,0.057838,0.995800,0,0.21477,0.05359,12.886,0.107,-1,400.000,-1,375.000,375.000,325.000,325.000,300.000,300.000,-1,-1,-1,-1,775.000,625.000,-1,500.000,2,0,2,1,1,0,0,0,0,2,2,2,2,0,1,2,1
53,1594.375,1103.545,532.920,-222.521,-0.732374,-0.674727,0.091499,0.677172,-0.735802,-0.005710,0.071178,0.057779,0.995789,0,0.29477,0.05134,17.686,0.103,-1,400.000,-1,375.000,350.000,325.000,325.000,300.000,300.000,-1,-1,-1,-1,800.000,650.000,-1,500.000,2,0,2,1,1,0,0,0,0,2,2,2,2,0,1,2,1
54,1577.776,1118.714,534.503,-222.424,-0.733499,-0.673481,0.091662,0.675941,-0.736935,-0.005557,0.071291,0.057882,0.995775,0,0.37477,0.04831,22.486,0.097,-1,400.000,-1,375.000,350.000,325.000,325.000,300.000,300.000,-1,-1,-1,-1,800.000,675.000,-1,500.000,2,0,2,1,1,0,0,0,0,2,2,2,2,0,1,2,1
55,1557.606,1137.091,536.461,-222.335,-0.734535,-0.672324,0.091862,0.674819,-0.737965,-0.005150,0.071253,0.058207,0.995758,0,0.45477,0.04446,27.286,0.089,-1,400.000,-1,375.000,325.000,325.000,325.000,300.000,300.000,-1,-1,-1,-1,800.000,875.000,-1,500.000,2,0,2,1,1,0,0,0,0,2,2,2,2,0,0,2,1
56,1533.857,1158.666,538.756,-222.256,-0.735459,-0.671283,0.092080,0.673821,-0.738880,-0.004669,0.071171,0.058612,0.995741,0,0.53477,0.03975,32.086,0.080,-1,400.000,-1,375.000,325.000,325.000,325.000,300.000,300.000,-1,-1,-1,-1,800.000,875.000,-1,500.000,2,0,2,1,1,0,0,0,0,2,2,2,2,0,0,2,1
57,1506.525,1183.437,541.383,-222.187,-0.736250,-0.670384,0.092310,0.672970,-0.739658,-0.004116,0.071037,0.059092,0.995722,0,0.61477,0.03413,36.886,0.068,-1,400.000,-1,350.000,300.000,325.000,325.000,300.000,300.000,-1,-1,-1,-1,800.000,900.000,-1,-1,2,0,2,1,1,0,1,0,0,2,2,2,2,0,0,2,2
58,1475.610,1211.402,544.337,-222.132,-0.736888,-0.669650,0.092544,0.672292,-0.740278,-0.003490,0.070846,0.059644,0.995702,0,0.69477,0.02754,41.686,0.055,-1,400.000,-1,350.000,275.000,325.000,325.000,300.000,300.000,-1,-1,-1,-1,825.000,900.000,-1,-1,2,0,2,1,1,0,1,0,0,2,2,2,2,0,0,2,2
59,1441.115,1242.563,547.782,-222.092,-0.737332,-0.669137,0.092721,0.671778,-0.740744,-0.003617,0.071103,0.059621,0.995686,0,0.77477,0.01989,46.486,0.040,-1,400.000,-1,375.000,275.000,325.000,325.000,300.000,300.000,-1,-1,-1,-1,825.000,950.000,-1,-1,2,0,2,1,1,0,1,0,1,2,2,2,2,0,0,2,2
60,1403.046,1276.932,553.539,-222.070,-0.737394,-0.669127,0.092303,0.671032,-0.741311,-0.013175,0.077241,0.052223,0.995644,0,0.85477,0.01114,51.286,0.022,-1,425.000,-1,425.000,325.000,350.000,350.000,300.000,275.000,-1,-1,-1,-1,900.000,-1,-1,-1,2,0,2,1,1,0,0,0,1,2,2,2,2,0,2,2,2
61,1361.413,1314.514,559.172,-222.068,-0.737298,-0.669291,0.091874,0.670570,-0.741556,-0.020752,0.082019,0.046308,0.995554,0,0.93477,0.00120,56.086,0.002,-1,425.000,-1,475.000,-1,350.000,375.000,275.000,250.000,-1,900.000,925.000,-1,-1,-1,-1,-1,2,0,2,0,2,0,0,0,1,2,0,0,2,2,2,2,2
62,1323.484,1349.037,563.765,-222.305,-0.734467,-0.672462,0.091394,0.673355,-0.738885,-0.025332,0.084564,0.042935,0.995493,0,0.85477,-0.11880,51.286,-0.238,-1,450.000,-1,500.000,-1,375.000,375.000,275.000,250.000,-1,700.000,775.000,-1,-1,-1,-1,-1,2,0,2,0,2,0,0,0,1,2,0,0,2,2,2,2,2
63,1286.291,1383.459,567.809,-222.783,-0.728838,-0.678643,0.090770,0.679331,-0.733303,-0.027856,0.085466,0.041360,0.995482,0,0.84463,-0.23880,50.678,-0.478,-1,450.000,-1,500.000,-1,375.000,400.000,275.000,225.000,-1,625.000,700.000,-1,-1,-1,-1,-1,2,0,2,0,2,0,0,0,1,2,0,0,2,2,2,2,2
64,1249.735,1418.150,571.357,-223.501,-0.720325,-0.687775,0.089985,0.688420,-0.724747,-0.028633,0.084909,0.041322,0.995531,0,0.83992,-0.35880,50.395,-0.718,-1,475.000,-1,525.000,-1,375.000,400.000,275.000,200.000,-1,625.000,700.000,-1,-1,-1,-1,-1,2,0,2,0,2,0,0,0,1,2,0,0,2,2,2,2,2
65,1213.963,1453.252,574.520,-224.458,-0.708847,-0.699761,0.088719,0.700484,-0.713121,-0.027932,0.082813,0.042347,0.995665,0,0.83530,-0.47880,50.118,-0.958,-1,475.000,-1,525.000,-1,375.000,400.000,275.000,200.000,-1,675.000,775.000,-1,-1,-1,-1,-1,2,0,2,0,2,0,0,0,1,2,0,0,2,2,2,2,2
66,1179.118,1488.902,577.295,-225.656,-0.694227,-0.714448,0.087254,0.715359,-0.698276,-0.025915,0.079442,0.044427,0.995849,0,0.83086,-0.59880,49.851,-1.198,-1,475.000,-1,525.000,-1,400.000,400.000,275.000,175.000,-1,825.000,925.000,-1,-1,-1,-1,-1,2,0,2,0,2,0,0,0,1,2,0,0,2,2,2,2,2
67,1145.349,1525.232,579.696,-227.093,-0.676270,-0.731641,0.085793,0.732821,-0.680038,-0.022832,0.075048,0.047430,0.996051,0,0.82667,-0.71880,49.600,-1.438,-1,475.000,-1,525.000,-1,400.000,400.000,275.000,175.000,-1,-1,-1,-1,-1,-1,-1,-1,2,0,2,0,2,0,0,0,1,2,2,2,2,2,2,2,2
68,1112.809,1562.360,581.776,-228.771,-0.654772,-0.751100,0.084391,0.752596,-0.658209,-0.018988,0.069809,0.051079,0.996252,0,0.82283,-0.83880,49.370,-1.678,-1,475.000,-1,525.000,-1,400.000,400.000,275.000,175.000,-1,-1,-1,-1,-1,-1,-1,-1,2,0,2,0,2,0,0,0,1,2,2,2,2,2,2,2,2
69,1081.662,1600.397,583.358,-230.689,-0.629616,-0.772582,0.081861,0.774334,-0.632606,-0.014740,0.063174,0.054107,0.996535,0,0.81938,-0.95880,49.163,-1.918,-1,475.000,-1,525.000,-1,375.000,400.000,275.000,150.000,-1,-1,-1,-1,-1,-1,-1,-1,2,0,2,0,2,0,0,0,1,2,2,2,2,2,2,2,2
70,1051.963,1639.351,584.576,-232.679,-0.602793,-0.793955,0.079219,0.795945,-0.605289,-0.009874,0.055790,0.057102,0.996808,0,0.81640,-0.99523,48.984,-1.990,-1,475.000,-1,500.000,-1,375.000,375.000,275.000,150.000,-1,-1,-1,-1,-1,-1,-1,-1,2,0,2,0,2,0,0,0,1,2,2,2,2,2,2,2,2
71,1023.741,1679.168,585.495,-234.673,-0.575211,-0.814381,0.076911,0.816597,-0.577191,-0.004393,0.047970,0.060278,0.997028,0,0.81342,-0.99693,48.805,-1.994,-1,475.000,-1,500.000,-1,375.000,375.000,275.000,125.000,-1,-1,-1,-1,-1,-1,-1,-1,2,0,2,0,2,0,0,0,1,2,2,2,2,2,2,2,2
72,997.027,1719.786,586.140,-236.670,-0.546904,-0.833835,0.074938,0.836245,-0.548354,0.001460,0.039875,0.063465,0.997187,0,0.81025,-0.99847,48.615,-1.997,-1,450.000,-1,500.000,-1,375.000,375.000,275.000,125.000,-1,-1,-1,-1,-1,-1,-1,-1,2,0,2,0,2,0,0,0,1,2,2,2,2,2,2,2,2
73,971.852,1761.141,586.541,-238.670,-0.517908,-0.852292,0.073283,0.854851,-0.518821,0.007470,0.031654,0.066514,0.997283,0,0.80691,-0.99985,48.415,-2.000,-1,450.000,-1,500.000,1000.000,350.000,375.000,275.000,125.000,-1,-1,-1,-1,-1,975.000,-1,-1,2,0,2,0,1,0,0,0,1,2,2,2,2,2,1,2,2
74,948.238,1803.168,587.015,-240.670,-0.488369,-0.869774,0.070632,0.872344,-0.488701,0.013677,0.022622,0.068295,0.997409,0,0.80343,-1.00000,48.206,-2.000,-1,450.000,-1,475.000,950.000,350.000,375.000,275.000,125.000,-1,-1,-1,-1,-1,925.000,-1,-1,2,0,2,0,1,0,0,0,1,2,2,2,2,2,1,2,2
75,926.210,1845.803,588.736,-242.670,-0.458548,-0.886522,0.061749,0.888618,-0.458163,0.021092,0.009593,0.064543,0.997869,0,0.79981,-1.00000,47.989,-2.000,-1,425.000,-1,475.000,875.000,350.000,375.000,275.000,125.000,-1,-1,-1,-1,-1,875.000,-1,950.000,2,0,2,0,1,0,0,0,1,2,2,2,2,2,1,2,1
76,905.777,1888.979,590.046,-244.670,-0.427967,-0.902153,0.054450,0.903791,-0.427031,0.028389,-0.002360,0.061361,0.998113,0,0.79609,-1.00000,47.765,-2.000,-1,425.000,-1,475.000,825.000,350.000,350.000,275.000,125.000,-1,-1,-1,-1,-1,825.000,-1,875.000,2,0,2,0,1,0,0,0,1,2,2,2,2,2,1,2,1
77,886.953,1932.631,590.573,-246.670,-0.396787,-0.916573,0.049536,0.917798,-0.395315,0.037045,-0.014372,0.060163,0.998085,0,0.79229,-1.00000,47.537,-2.000,-1,425.000,-1,450.000,775.000,350.000,350.000,275.000,125.000,-1,-1,-1,-1,-1,775.000,-1,825.000,2,0,2,0,1,0,0,0,1,2,2,2,2,2,1,2,1
78,869.748,1976.698,591.070,-248.670,-0.364955,-0.929920,0.045345,0.930709,-0.363129,0.043808,-0.024271,0.058191,0.998010,0,0.78843,-1.00000,47.306,-2.000,-1,425.000,-1,450.000,725.000,350.000,350.000,275.000,125.000,-1,-1,-1,-1,975.000,725.000,-1,775.000,2,0,2,0,1,0,0,0,1,2,2,2,2,1,1,2,1
79,854.168,2021.119,591.148,-250.670,-0.332622,-0.942095,0.042659,0.942473,-0.330478,0.050296,-0.033286,0.056934,0.997823,0,0.78455,-1.00000,47.073,-2.000,-1,425.000,950.000,450.000,675.000,350.000,350.000,275.000,125.000,-1,-1,-1,-1,900.000,675.000,-1,725.000,2,0,1,0,1,0,0,0,1,2,2,2,2,1,1,2,1
80,840.217,2065.835,590.598,-252.670,-0.299789,-0.953136,0.040713,0.953137,-0.297423,0.055399,-0.040694,0.055413,0.997634,0,0.78067,-1.00000,46.840,-2.000,-1,425.000,875.000,450.000,625.000,350.000,350.000,275.000,125.000,-1,-1,-1,-1,825.000,625.000,-1,675.000,2,0,1,0,1,0,0,0,1,2,2,2,2,1,1,2,1
81,827.897,2110.789,588.870,-254.670,-0.266507,-0.963152,0.036215,0.962561,-0.264038,0.061329,-0.049507,0.051203,0.997460,0,0.77683,-1.00000,46.610,-2.000,-1,425.000,800.000,425.000,575.000,350.000,350.000,275.000,100.000,-1,-1,-1,-1,750.000,600.000,975.000,625.000,2,0,1,0,1,0,0,0,1,2,2,2,2,1,1,1,1
82,817.205,2155.924,586.796,-256.670,-0.232847,-0.971956,0.032915,0.970812,-0.230305,0.066967,-0.057509,0.047547,0.997212,0,0.77305,-1.00000,46.383,-2.000,-1,425.000,725.000,425.000,525.000,325.000,350.000,275.000,100.000,-1,-1,-1,-1,675.000,550.000,875.000,575.000,2,0,1,0,1,0,0,0,1,2,2,2,2,1,1,1,1
83,808.138,2201.188,584.480,-258.670,-0.198850,-0.979556,0.030485,0.977903,-0.196275,0.071980,-0.064525,0.044125,0.996940,0,0.76935,-1.00000,46.161,-2.000,950.000,400.000,650.000,425.000,450.000,325.000,350.000,275.000,100.000,-1,-1,-1,-1,625.000,500.000,775.000,525.000,1,0,1,0,1,0,0,0,1,2,2,2,2,1,1,1,1
84,800.691,2246.527,582.417,-260.670,-0.164414,-0.986014,0.027301,0.983958,-0.162003,0.074714,-0.069246,0.039147,0.996831,0,0.76576,-1.00000,45.946,-2.000,825.000,400.000,600.000,425.000,400.000,325.000,350.000,275.000,125.000,-1,-1,-1,-1,550.000,475.000,675.000,475.000,1,0,1,1,1,0,0,0,1,2,2,2,2,1,1,1,1
85,794.857,2291.892,580.249,-262.670,-0.129711,-0.991253,0.024340,0.988870,-0.127517,0.076658,-0.072884,0.034012,0.996760,0,0.76230,-1.00000,45.738,-2.000,725.000,400.000,550.000,400.000,350.000,325.000,350.000,275.000,125.000,-1,-1,-1,-1,500.000,450.000,600.000,450.000,1,0,1,1,1,0,0,0,1,2,2,2,2,1,1,1,1
86,790.628,2337.234,578.001,-264.670,-0.094791,-0.995266,0.021456,0.992628,-0.092860,0.077887,-0.075526,0.028681,0.996731,0,0.75898,-1.00000,45.539,-2.000,625.000,375.000,475.000,350.000,325.000,350.000,325.000,275.000,125.000,-1,-1,-1,-1,450.000,400.000,525.000,400.000,1,1,1,1,1,1,1,0,1,2,2,2,2,1,1,1,1
87,787.995,2382.507,575.702,-266.670,-0.059703,-0.998045,0.018514,0.995222,-0.058078,0.078489,-0.077260,0.023111,0.996743,0,0.75582,-1.00000,45.349,-2.000,525.000,350.000,425.000,325.000,300.000,300.000,300.000,275.000,125.000,-1,-1,-1,-1,400.000,375.000,450.000,350.000,1,1,1,1,1,1,1,0,1,2,2,2,2,1,1,1,1
88,786.947,2427.664,573.379,-268.670,-0.024495,-0.999582,0.015383,0.996638,-0.023214,0.078570,-0.078180,0.017255,0.996790,0,0.75283,-1.00000,45.170,-2.000,450.000,300.000,400.000,300.000,275.000,275.000,275.000,275.000,125.000,-1,-1,-1,-1,350.000,325.000,400.000,325.000,1,1,1,1,1,1,1,0,1,2,2,2,2,1,1,1,1
89,787.473,2472.662,571.062,-270.669,0.010779,-0.999871,0.011943,0.996865,0.011681,0.078249,-0.078379,0.011062,0.996862,0,0.75002,-0.99986,45.001,-2.000,375.000,275.000,350.000,275.000,275.000,250.000,250.000,275.000,150.000,-1,-1,-1,-1,300.000,300.000,325.000,275.000,1,1,1,1,1,1,1,0,1,2,2,2,2,1,1,1,1
90,789.559,2517.457,568.780,-272.667,0.046035,-0.998907,0.008086,0.995893,0.046524,0.077667,-0.077958,0.004477,0.996947,0,0.74739,-0.99865,44.844,-1.997,300.000,225.000,300.000,250.000,250.000,225.000,225.000,275.000,150.000,-1,-1,-1,-1,275.000,275.000,275.000,250.000,1,1,1,1,1,1,1,0,1,2,2,2,2,1,1,1,1
91,793.190,2562.006,566.566,-274.661,0.081220,-0.996689,0.003716,0.993716,0.081265,0.076969,-0.077016,-0.002558,0.997027,0,0.74495,-0.99732,44.697,-1.995,250.000,200.000,250.000,200.000,225.000,175.000,200.000,275.000,150.000,-1,-1,-1,-1,225.000,225.000,225.000,225.000,1,1,1,1,1,1,1,0,1,2,2,2,2,1,1,1,1
92,798.352,2606.267,565.581,-276.653,0.115950,-0.993251,0.002728,0.990794,0.115856,0.070039,-0.069882,-0.005419,0.997541,0,0.74270,-0.99590,44.562,-1.992,175.000,175.000,225.000,175.000,175.000,150.000,175.000,300.000,150.000,-1,-1,-1,-1,200.000,200.000,175.000,200.000,1,1,1,1,1,1,1,0,1,2,2,2,2,1,1,1,1
93,805.030,2650.196,571.598,-278.642,0.149434,-0.988456,0.024987,0.988077,0.150228,0.033699,-0.037064,0.019653,0.999120,0,0.74063,-0.99438,44.438,-1.989,175.000,150.000,225.000,175.000,175.000,150.000,150.000,375.000,150.000,-1,650.000,-1,-1,175.000,200.000,175.000,175.000,1,1,1,1,1,1,1,0,1,2,0,2,2,1,1,1,1
94,4919.501,-9511.046,22.988,-161.940,-0.950102,0.309163,0.041515,-0.311328,-0.948128,-0.064246,0.019499,-0.073965,0.997070,1,0.00000,0.00000,49.238,-1.789,-1,375.000,-1,375.000,450.000,325.000,325.000,300.000,300.000,-1,450.000,450.000,-1,675.000,475.000,-1,450.000,2,0,2,1,1,0,0,0,0,2,1,1,2,1,1,2,1
95,4919.471,-9511.056,23.002,-162.180,-0.951385,0.305191,0.041533,-0.307365,-0.949420,-0.064246,0.019825,-0.073888,0.997069,0,0.00051,-0.12000,0.031,-0.240,-1,375.000,-1,375.000,450.000,325.000,325.000,300.000,300.000,-1,450.000,450.000,-1,675.000,475.000,-1,450.000,2,0,2,1,1,0,0,0,0,2,1,1,2,1,1,2,1
96,4919.421,-9511.071,23.031,-162.660,-0.953901,0.297230,0.041569,-0.299423,-0.951955,-0.064245,0.020476,-0.073730,0.997068,0,0.00087,-0.24000,0.052,-0.480,-1,375.000,-1,375.000,450.000,325.000,325.000,300.000,300.000,-1,450.000,450.000,-1,650.000,475.000,-1,450.000,2,0,2,1,1,0,0,0,0,2,1,1,2,1,1,2,1
97,4919.331,-9511.097,23.073,-163.380,-0.957549,0.285249,0.041622,-0.287471,-0.955632,-0.064247,0.021449,-0.073484,0.997066,0,0.00156,-0.36000,0.094,-0.720,-1,375.000,-1,375.000,450.000,325.000,325.000,300.000,300.000,-1,450.000,450.000,-1,650.000,450.000,-1,450.000,2,0,2,1,1,0,0,0,0,2,1,1,2,1,1,2,1
98,4919.182,-9511.139,23.129,-164.340,-0.962180,0.269205,0.041695,-0.271464,-0.960302,-0.064251,0.022743,-0.073139,0.997062,0,0.00257,-0.48000,0.154,-0.960,-1,375.000,-1,375.000,450.000,325.000,325.000,300.000,300.000,-1,450.000,450.000,-1,650.000,450.000,-1,450.000,2,0,2,1,1,0,0,0,0,2,1,1,2,1,1,2,1
99,4918.956,-9511.196,23.196,-165.540,-0.967591,0.249043,0.041786,-0.251347,-0.965761,-0.064260,0.024352,-0.072681,0.997058,0,0.00387,-0.60000,0.232,-1.200,-1,375.000,950.000,375.000,475.000,325.000,325.000,300.000,300.000,-1,475.000,450.000,-1,625.000,450.000,-1,450.000,2,0,1,1,1,0,0,0,0,2,1,1,2,1,1,2,1
100,4918.640,-9511.270,23.265,-166.785,-0.972758,0.228009,0.041883,-0.230360,-0.970980,-0.064276,0.026012,-0.072173,0.997053,0,0.00540,-0.62249,0.324,-1.245,-1,375.000,875.000,375.000,475.000,325.000,325.000,300.000,300.000,-1,475.000,450.000,-1,625.000,450.000,-1,450.000,2,0,1,1,1,0,0,0,0,2,1,1,2,1,1,2,1
101,4918.235,-9511.355,23.332,-168.017,-0.977420,0.207094,0.041982,-0.209490,-0.975695,-0.064296,0.027646,-0.071639,0.997047,0,0.00689,-0.61583,0.413,-1.232,-1,375.000,825.000,375.000,475.000,325.000,325.000,300.000,300.000,-1,475.000,450.000,-1,600.000,450.000,-1,475.000,2,0,1,1,1,0,0,0,0,2,1,1,2,1,1,2,1
102,4917.747,-9511.447,23.399,-169.235,-0.981590,0.186306,0.042082,-0.188746,-0.979917,-0.064323,0.029253,-0.071081,0.997041,0,0.00827,-0.60924,0.496,-1.218,-1,375.000,800.000,375.000,475.000,325.000,325.000,300.000,300.000,-1,500.000,450.000,-1,600.000,450.000,-1,475.000,2,0,1,1,1,0,0,0,0,2,1,1,2,1,1,2,1
103,4917.182,-9511.541,23.464,-170.441,-0.985281,0.165657,0.042184,-0.168140,-0.983660,-0.064355,0.030834,-0.070500,0.997035,0,0.00954,-0.60273,0.572,-1.205,-1,375.000,775.000,375.000,475.000,325.000,325.000,300.000,300.000,-1,500.000,450.000,-1,600.000,450.000,-1,475.000,2,0,1,1,1,0,0,0,0,2,1,1,2,1,1,2,1
104,4916.545,-9511.634,23.528,-171.633,-0.988505,0.145155,0.042286,-0.147679,-0.986937,-0.064392,0.032387,-0.069897,0.997028,0,0.01071,-0.59628,0.642,-1.193,-1,375.000,750.000,375.000,500.000,325.000,325.000,300.000,300.000,-1,525.000,450.000,-1,575.000,450.000,-1,475.000,2,0,1,1,1,0,0,0,0,2,1,1,2,1,1,2,1
105,4915.844,-9511.722,23.592,-172.813,-0.991275,0.124808,0.042389,-0.127373,-0.989760,-0.064436,0.033913,-0.069273,0.997021,0,0.01177,-0.58990,0.706,-1.180,-1,375.000,725.000,375.000,500.000,325.000,325.000,300.000,300.000,-1,550.000,450.000,-1,575.000,450.000,-1,475.000,2,0,1,1,1,0,0,0,0,2,1,1,2,1,1,2,1
106,4915.083,-9511.801,23.654,-173.980,-0.993603,0.104626,0.042491,-0.107230,-0.992141,-0.064485,0.035411,-0.068629,0.997014,0,0.01274,-0.58358,0.764,-1.167,-1,375.000,725.000,375.000,500.000,325.000,325.000,300.000,300.000,-1,600.000,450.000,-1,550.000,450.000,-1,475.000,2,0,1,1,1,0,0,0,0,2,1,1,2,1,1,2,1
107,4909.540,-9512.294,23.883,-174.907,-0.995149,0.088562,0.042840,-0.091215,-0.993736,-0.064571,0.036853,-0.068166,0.996993,0,0.09274,-0.46358,5.564,-0.927,-1,375.000,700.000,375.000,500.000,325.000,325.000,300.000,300.000,-1,650.000,475.000,-1,550.000,450.000,-1,475.000,2,0,1,1,1,0,0,0,0,2,1,1,2,1,1,2,1
108,4899.207,-9513.090,24.288,-175.594,-0.996112,0.076639,0.043439,-0.079355,-0.994744,-0.064707,0.038252,-0.067902,0.996958,0,0.17274,-0.34358,10.364,-0.687,-1,375.000,675.000,375.000,500.000,325.000,325.000,300.000,300.000,-1,650.000,475.000,-1,550.000,450.000,-1,475.000,2,1,1,1,1,0,0,0,0,2,0,1,2,1,1,2,1
109,4884.078,-9514.137,24.873,-176.042,-0.996642,0.068873,0.044292,-0.071666,-0.995315,-0.064895,0.039615,-0.067851,0.996909,0,0.25274,-0.22358,15.164,-0.447,-1,375.000,675.000,350.000,500.000,325.000,325.000,300.000,300.000,-1,600.000,475.000,-1,525.000,450.000,-1,450.000,2,1,1,1,1,0,1,0,0,2,0,1,2,1,1,2,1
110,4864.157,-9515.443,25.638,-176.249,-0.996834,0.065274,0.045399,-0.068156,-0.995546,-0.065131,0.040946,-0.068019,0.996843,0,0.33274,-0.10358,19.964,-0.207,-1,375.000,650.000,350.000,475.000,325.000,325.000,300.000,300.000,-1,575.000,500.000,-1,525.000,425.000,-1,450.000,2,1,1,1,1,1,1,0,0,2,0,1,2,1,1,2,1
111,4839.446,-9517.077,26.578,-176.216,-0.996734,0.065843,0.046758,-0.068828,-0.995483,-0.065400,0.042241,-0.068405,0.996763,0,0.41274,0.01642,24.764,0.033,-1,350.000,625.000,325.000,450.000,300.000,300.000,300.000,300.000,-1,550.000,500.000,-1,500.000,400.000,-1,425.000,2,1,1,1,1,1,1,0,0,2,0,1,2,1,1,2,1
112,4809.956,-9519.169,27.683,-175.943,-0.996333,0.070579,0.048363,-0.073681,-0.995117,-0.065678,0.043491,-0.069001,0.996668,0,0.49274,0.13642,29.564,0.273,-1,350.000,600.000,325.000,425.000,300.000,300.000,300.000,300.000,-1,500.000,500.000,-1,500.000,400.000,-1,400.000,2,1,1,1,1,1,1,0,0,2,0,1,2,1,1,2,1
113,4775.699,-9521.873,28.941,-175.487,-0.995650,0.078486,0.050210,-0.081719,-0.994472,-0.065943,0.044757,-0.069759,0.996559,0,0.57274,0.22780,34.364,0.456,-1,325.000,575.000,300.000,375.000,275.000,275.000,300.000,300.000,-1,475.000,500.000,-1,475.000,375.000,-1,350.000,2,1,1,1,1,1,1,0,0,2,0,1,2,1,1,2,1
114,4736.681,-9525.259,30.349,-175.041,-0.994902,0.086224,0.052308,-0.089607,-0.993775,-0.066201,0.046274,-0.070551,0.996434,0,0.65274,0.22313,39.164,0.446,-1,325.000,550.000,275.000,350.000,275.000,250.000,300.000,300.000,-1,450.000,500.000,-1,450.000,350.000,-1,325.000,2,1,1,1,1,1,1,0,0,2,0,0,2,1,1,2,1
115,4692.912,-9529.392,31.900,-174.606,-0.994093,0.093772,0.054652,-0.097325,-0.993032,-0.066442,0.048041,-0.071369,0.996292,0,0.73274,0.21781,43.964,0.436,-1,300.000,500.000,250.000,300.000,250.000,225.000,300.000,300.000,-1,425.000,450.000,-1,425.000,325.000,-1,275.000,2,1,1,1,1,1,1,0,0,2,0,0,2,1,1,2,1
116,4644.399,-9534.336,33.587,-174.182,-0.993228,0.101101,0.057241,-0.104843,-0.992253,-0.066654,0.050059,-0.072204,0.996133,0,0.81274,0.21169,48.764,0.423,-1,275.000,475.000,225.000,250.000,225.000,200.000,300.000,275.000,-1,400.000,425.000,-1,400.000,275.000,-1,225.000,2,1,1,1,1,1,1,0,0,2,0,0,2,1,1,2,1
117,4591.151,-9540.154,38.248,-173.773,-0.991846,0.108089,0.067520,-0.113167,-0.990622,-0.076553,0.058613,-0.083570,0.994777,0,0.89274,0.20460,53.564,0.409,-1,275.000,450.000,200.000,200.000,225.000,200.000,275.000,300.000,-1,325.000,375.000,-1,400.000,250.000,-1,200.000,2,1,1,1,1,1,1,0,0,2,0,0,2,1,1,2,1
118,4533.174,-9546.899,48.855,-173.380,-0.989016,0.114634,0.093304,-0.123459,-0.987786,-0.095058,0.081267,-0.105533,0.991089,0,0.97274,0.19629,58.364,0.393,-1,275.000,500.000,200.000,200.000,225.000,200.000,275.000,375.000,775.000,225.000,300.000,-1,450.000,275.000,-1,200.000,2,1,1,1,1,1,1,0,0,0,0,0,2,1,1,2,1
119,4473.615,-9554.214,61.408,-173.007,-0.984990,0.120851,0.123243,-0.134113,-0.985316,-0.105669,0.108663,-0.120611,0.986735,0,1.00000,0.18646,60.000,0.373,-1,300.000,-1,225.000,200.000,225.000,200.000,300.000,425.000,600.000,175.000,250.000,-1,575.000,275.000,-1,200.000,2,1,2,1,1,1,1,0,0,0,0,0,2,1,1,2,1
120,-9510.989,-983.930,636.060,-138.623,-0.749932,0.658713,0.060825,-0.661472,-0.747758,-0.057558,0.007569,-0.083399,0.996488,1,0.00000,0.00000,60.000,0.350,-1,400.000,-1,425.000,-1,325.000,325.000,300.000,300.000,-1,-1,-1,-1,850.000,925.000,-1,-1,2,0,2,0,2,0,0,0,0,2,2,2,2,0,0,2,2
121,-9514.578,-987.118,636.094,-138.383,-0.747185,0.661838,0.060703,-0.664578,-0.744991,-0.057652,0.007067,-0.083419,0.996490,0,0.08000,0.12000,4.800,0.240,-1,400.000,-1,425.000,-1,325.000,325.000,300.000,300.000,-1,-1,-1,-1,850.000,925.000,-1,-1,2,0,2,0,2,0,0,0,0,2,2,2,2,0,0,2,2
122,-9521.700,-993.553,636.155,-137.903,-0.741653,0.668054,0.060460,-0.670757,-0.739419,-0.057841,0.006064,-0.083451,0.996493,0,0.16000,0.24000,9.600,0.480,-1,400.000,-1,425.000,-1,325.000,325.000,300.000,300.000,-1,-1,-1,-1,850.000,925.000,-1,-1,2,0,2,0,2,0,0,0,0,2,2,2,2,0,0,2,2
123,-9532.262,-1003.340,636.227,-137.183,-0.733257,0.677291,0.060094,-0.679937,-0.730963,-0.058126,0.004559,-0.083482,0.996499,0,0.24000,0.36000,14.400,0.720,-1,400.000,-1,425.000,-1,325.000,325.000,300.000,300.000,-1,-1,-1,-1,850.000,925.000,-1,-1,2,0,2,0,2,0,0,0,0,2,2,2,2,0,0,2,2
124,-9546.125,-1016.624,636.314,-136.223,-0.721888,0.689448,0.059498,-0.692006,-0.719518,-0.058496,0.002480,-0.083401,0.996513,0,0.32000,0.48000,19.200,0.960,-1,400.000,-1,425.000,-1,325.000,325.000,300.000,300.000,-1,-1,-1,-1,825.000,925.000,-1,-1,2,0,2,0,2,0,0,0,0,2,2,2,2,0,0,2,2
125,-9563.101,-1033.587,636.373,-135.023,-0.707393,0.704374,0.058756,-0.706820,-0.704931,-0.058971,-0.000119,-0.083245,0.996529,0,0.40000,0.60000,24.000,1.200,-1,400.000,-1,425.000,-1,325.000,325.000,300.000,300.000,-1,-1,-1,-1,825.000,925.000,-1,-1,2,0,2,0,2,0,0,0,0,2,2,2,2,0,0,2,2
126,-9582.955,-1054.449,636.193,-133.583,-0.689560,0.721922,0.057760,-0.724223,-0.687060,-0.058731,-0.002715,-0.082330,0.996601,0,0.48000,0.72000,28.800,1.440,-1,400.000,-1,425.000,-1,325.000,325.000,300.000,300.000,-1,-1,-1,-1,825.000,925.000,-1,-1,2,0,2,0,2,0,0,0,0,2,2,2,2,0,0,2,2
127,-9605.395,-1079.455,635.888,-131.903,-0.668204,0.741825,0.056562,-0.743956,-0.665663,-0.058499,-0.005745,-0.081168,0.996684,0,0.56000,0.84000,33.600,1.680,-1,400.000,-1,425.000,-1,325.000,325.000,300.000,300.000,-1,-1,-1,-1,825.000,950.000,-1,-1,2,0,2,0,2,0,0,0,0,2,2,2,2,0,0,2,2
128,-9627.526,-1105.845,635.472,-129.983,-0.643088,0.763792,0.055306,-0.765738,-0.640504,-0.058315,-0.009117,-0.079852,0.996765,0,0.57404,0.96000,34.443,1.920,-1,400.000,-1,425.000,-1,325.000,325.000,300.000,300.000,-1,-1,-1,-1,825.000,950.000,-1,-1,2,0,2,0,2,0,0,0,0,2,2,2,2,0,0,2,2
129,-9648.723,-1132.991,634.953,-127.983,-0.616155,0.785770,0.054025,-0.787524,-0.613527,-0.058221,-0.012602,-0.078419,0.996841,0,0.57404,1.00000,34.443,2.000,-1,400.000,-1,425.000,-1,325.000,325.000,300.000,300.000,-1,-1,-1,-1,825.000,950.000,-1,-1,2,0,2,0,2,0,0,0,0,2,2,2,2,0,0,2,2
130,-9668.959,-1160.860,634.336,-125.983,-0.588468,0.806799,0.052731,-0.808361,-0.585801,-0.058231,-0.016091,-0.076893,0.996910,0,0.57404,1.00000,34.443,2.000,-1,400.000,-1,425.000,-1,325.000,325.000,300.000,300.000,-1,-1,-1,-1,800.000,950.000,-1,-1,2,0,2,0,2,0,0,0,0,2,2,2,2,0,0,2,2
131,-9688.210,-1189.419,633.622,-123.983,-0.560059,0.826854,0.051438,-0.828221,-0.557356,-0.058346,-0.019574,-0.075279,0.996970,0,0.57404,1.00000,34.443,2.000,-1,400.000,-1,425.000,-1,325.000,325.000,300.000,300.000,-1,-1,-1,-1,800.000,950.000,-1,-1,2,0,2,0,2,0,0,0,0,2,2,2,2,0,0,2,2
132,-9706.454,-1218.632,632.813,-121.983,-0.530963,0.845909,0.050158,-0.847082,-0.528226,-0.058562,-0.023043,-0.073582,0.997023,0,0.57404,1.00000,34.443,2.000,-1,400.000,-1,425.000,-1,325.000,325.000,300.000,300.000,-1,-1,-1,-1,800.000,950.000,-1,-1,2,0,2,0,2,0,0,0,0,2,2,2,2,0,0,2,2
133,-9723.666,-1248.463,631.963,-119.983,-0.501200,0.863954,0.048807,-0.864931,-0.498455,-0.058621,-0.026318,-0.071596,0.997086,0,0.57404,1.00000,34.443,2.000,-1,400.000,-1,425.000,-1,325.000,325.000,300.000,300.000,-1,-1,-1,-1,800.000,950.000,-1,-1,2,0,2,0,2,0,0,0,0,2,2,2,2,0,0,2,2
134,-9739.828,-1278.878,631.028,-117.983,-0.470816,0.880953,0.047468,-0.881737,-0.468069,-0.058755,-0.029543,-0.069517,0.997143,0,0.57404,1.00000,34.443,2.000,-1,400.000,-1,425.000,-1,325.000,325.000,300.000,300.000,-1,-1,-1,-1,775.000,950.000,-1,-1,2,0,2,0,2,0,0,0,0,2,2,2,2,0,0,2,2
