timestep,x_cm,y_cm,z_cm,yaw_deg,basis_xx,basis_xy,basis_xz,basis_yx,basis_yy,basis_yz,basis_zx,basis_zy,basis_zz,teleport_flag,throttle_cmd,steering_cmd,cmd_move_cm,cmd_turn_deg,lidar_cm_0,lidar_cm_1,lidar_cm_2,lidar_cm_3,lidar_cm_4,lidar_cm_5,lidar_cm_6,lidar_cm_7,lidar_cm_8,lidar_cm_9,lidar_cm_10,lidar_cm_11,lidar_cm_12,lidar_cm_13,lidar_cm_14,lidar_cm_15,lidar_cm_16,lidar_class_0,lidar_class_1,lidar_class_2,lidar_class_3,lidar_class_4,lidar_class_5,lidar_class_6,lidar_class_7,lidar_class_8,lidar_class_9,lidar_class_10,lidar_class_11,lidar_class_12,lidar_class_13,lidar_class_14,lidar_class_15,lidar_class_16
0,-6882.524,2296.364,490.309,6.591,0.992175,-0.114228,-0.050403,0.118515,0.988644,0.092393,0.039277,-0.097643,0.994446,1,0.08000,0.01128,4.800,0.023,-1,375.000,-1,375.000,-1,300.000,300.000,300.000,300.000,-1,425.000,400.000,725.000,675.000,650.000,-1,-1,2,0,2,0,2,0,0,0,0,2,1,1,1,0,0,2,2
1,-6872.988,2297.469,490.684,6.614,0.992093,-0.114631,-0.051104,0.118983,0.988595,0.092321,0.039938,-0.097671,0.994417,0,0.16000,0.01171,9.600,0.023,-1,375.000,-1,375.000,-1,300.000,300.000,300.000,300.000,-1,450.000,400.000,725.000,675.000,650.000,-1,-1,2,0,2,0,2,0,0,0,0,2,1,1,1,0,0,2,2
2,-6858.684,2299.134,491.248,6.639,0.991988,-0.115064,-0.052156,0.119513,0.988541,0.092212,0.040948,-0.097707,0.994372,0,0.24000,0.01256,14.400,0.025,-1,375.000,-1,375.000,-1,300.000,300.000,300.000,300.000,-1,450.000,425.000,750.000,675.000,650.000,-1,-1,2,0,2,0,2,0,0,0,0,2,1,1,1,0,0,2,2
3,-6839.614,2301.363,491.997,6.667,0.991858,-0.115542,-0.053559,0.120120,0.988481,0.092069,0.042304,-0.097752,0.994311,0,0.32000,0.01386,19.200,0.028,-1,375.000,-1,375.000,-1,300.000,300.000,300.000,300.000,-1,450.000,425.000,750.000,675.000,650.000,-1,-1,2,0,2,0,2,0,0,0,0,2,1,1,1,0,0,2,2
4,-6815.777,2304.162,492.932,6.698,0.991698,-0.116080,-0.055313,0.120821,0.988412,0.091891,0.044006,-0.097811,0.994232,0,0.40000,0.01562,24.000,0.031,-1,375.000,-1,375.000,-1,300.000,300.000,300.000,300.000,-1,450.000,450.000,750.000,675.000,650.000,-1,-1,2,0,2,0,2,0,0,0,0,2,1,1,1,0,0,2,2
5,-6787.176,2307.538,494.051,6.734,0.991507,-0.116695,-0.057420,0.121631,0.988332,0.091681,0.046052,-0.097886,0.994132,0,0.48000,0.01785,28.800,0.036,-1,375.000,-1,375.000,-1,300.000,300.000,300.000,300.000,-1,475.000,450.000,775.000,700.000,650.000,-1,-1,2,0,2,0,2,0,0,0,0,2,1,1,1,0,0,2,2
6,-6753.810,2311.502,495.352,6.775,0.991277,-0.117404,-0.059880,0.122568,0.988239,0.091440,0.048441,-0.097982,0.994009,0,0.56000,0.02059,33.600,0.041,-1,375.000,-1,375.000,-1,325.000,300.000,300.000,300.000,-1,475.000,425.000,775.000,700.000,675.000,-1,-1,2,0,2,0,2,0,0,0,0,2,1,0,1,0,0,2,2
7,-6716.090,2316.014,496.818,6.823,0.991008,-0.118226,-0.062664,0.123648,0.988129,0.091174,0.051141,-0.098102,0.993861,0,0.63314,0.02386,37.989,0.048,-1,375.000,-1,375.000,-1,325.000,300.000,300.000,300.000,-1,450.000,400.000,775.000,700.000,675.000,-1,-1,2,0,2,0,2,0,0,0,0,2,0,0,1,0,0,2,2
8,-6678.341,2320.567,498.278,6.878,0.990713,-0.119178,-0.065452,0.124858,0.988001,0.090913,0.053832,-0.098241,0.993706,0,0.63371,0.02765,38.023,0.055,-1,375.000,-1,375.000,-1,325.000,300.000,300.000,300.000,-1,400.000,375.000,800.000,725.000,675.000,-1,-1,2,0,2,0,2,0,0,0,0,2,0,0,1,0,0,2,2
9,-6640.551,2325.167,499.734,6.941,0.990394,-0.120263,-0.068245,0.126202,0.987854,0.090655,0.056514,-0.098397,0.993541,0,0.63447,0.03154,38.068,0.063,-1,375.000,-1,375.000,-1,325.000,300.000,300.000,300.000,-1,375.000,350.000,800.000,725.000,675.000,-1,-1,2,0,2,0,2,0,0,0,0,2,0,0,1,0,0,2,2
10,-6602.711,2329.821,501.183,7.012,0.990047,-0.121486,-0.071044,0.127683,0.987687,0.090400,0.059187,-0.098572,0.993368,0,0.63542,0.03552,38.125,0.071,-1,375.000,-1,375.000,-1,325.000,300.000,300.000,300.000,-1,350.000,325.000,800.000,725.000,700.000,-1,-1,2,0,2,0,2,0,0,0,0,2,0,0,1,0,0,2,2
11,-6564.809,2334.538,503.137,7.091,0.989741,-0.122826,-0.072989,0.129318,0.987315,0.092121,0.060748,-0.100615,0.993069,0,0.63656,0.03960,38.194,0.079,-1,375.000,-1,375.000,-1,325.000,300.000,300.000,300.000,-1,350.000,350.000,825.000,725.000,700.000,-1,-1,2,0,2,0,2,0,0,0,0,2,0,0,1,0,0,2,2
12,-6526.837,2339.323,505.308,7.179,0.989431,-0.124309,-0.074658,0.131074,0.986922,0.093837,0.062017,-0.102631,0.992784,0,0.63788,0.04377,38.273,0.088,-1,375.000,-1,375.000,-1,325.000,300.000,300.000,300.000,-1,350.000,350.000,850.000,725.000,700.000,-1,-1,2,0,2,0,2,0,0,0,0,2,0,0,1,0,0,2,2
13,-6488.783,2344.181,507.920,7.275,0.989170,-0.125959,-0.075348,0.132797,0.986683,0.093924,0.062514,-0.102913,0.992724,0,0.63937,0.04804,38.362,0.096,-1,375.000,-1,375.000,-1,325.000,300.000,300.000,300.000,-1,400.000,400.000,875.000,750.000,700.000,-1,-1,2,0,2,0,2,0,0,0,0,2,0,0,1,0,0,2,2
14,-6450.640,2349.122,510.553,7.380,0.988881,-0.127760,-0.076103,0.134673,0.986427,0.093946,0.063067,-0.103150,0.992664,0,0.64104,0.05239,38.462,0.105,-1,375.000,-1,375.000,-1,325.000,300.000,300.000,300.000,-1,425.000,425.000,900.000,750.000,725.000,-1,-1,2,0,2,0,2,0,0,0,0,2,0,0,1,0,0,2,2
15,-6412.397,2354.152,513.185,7.493,0.988568,-0.129713,-0.076865,0.136704,0.986142,0.093997,0.063607,-0.103430,0.992601,0,0.64287,0.05683,38.572,0.114,-1,375.000,-1,375.000,-1,325.000,300.000,300.000,300.000,-1,450.000,450.000,925.000,750.000,725.000,-1,-1,2,0,2,0,2,0,0,0,0,2,0,0,1,0,0,2,2
16,-6374.046,2359.281,515.816,7.616,0.988229,-0.131821,-0.077633,0.138891,0.985829,0.094080,0.064132,-0.103755,0.992533,0,0.64487,0.06136,38.692,0.123,-1,400.000,-1,375.000,-1,325.000,300.000,300.000,300.000,-1,475.000,475.000,950.000,775.000,725.000,-1,-1,2,0,2,0,2,0,0,0,0,2,0,0,1,0,0,2,2
17,-6335.578,2364.515,518.445,7.748,0.987863,-0.134085,-0.078410,0.141239,0.985484,0.094193,0.064642,-0.104124,0.992461,0,0.64703,0.06598,38.822,0.132,-1,400.000,-1,375.000,-1,325.000,325.000,300.000,300.000,-1,525.000,500.000,975.000,775.000,725.000,-1,-1,2,0,2,0,2,0,0,0,0,2,0,0,1,0,0,2,2
18,-6296.986,2369.863,521.072,7.889,0.987468,-0.136510,-0.079194,0.143750,0.985107,0.094338,0.065137,-0.104540,0.992385,0,0.64935,0.07068,38.961,0.141,-1,400.000,-1,375.000,-1,325.000,325.000,300.000,300.000,-1,550.000,550.000,1000.000,775.000,725.000,-1,-1,2,0,2,0,2,0,0,0,0,2,0,0,1,0,0,2,2
19,-6258.262,2375.334,523.698,8.040,0.987043,-0.139098,-0.079988,0.146427,0.984696,0.094516,0.065616,-0.105004,0.992305,0,0.65181,0.07546,39.109,0.151,-1,400.000,-1,375.000,-1,325.000,325.000,300.000,300.000,-1,575.000,575.000,-1,800.000,750.000,-1,-1,2,0,2,0,2,0,0,0,0,2,0,0,2,0,0,2,2
20,-6219.398,2380.935,526.322,8.201,0.986586,-0.141851,-0.080790,0.149272,0.984248,0.094728,0.066081,-0.105517,0.992220,0,0.65443,0.08033,39.266,0.161,-1,400.000,-1,375.000,-1,325.000,325.000,300.000,300.000,-1,600.000,600.000,-1,800.000,750.000,-1,-1,2,0,2,0,2,0,0,0,0,2,0,0,2,0,0,2,2
21,-6180.387,2386.677,528.943,8.372,0.986094,-0.144771,-0.081603,0.152288,0.983762,0.094974,0.066529,-0.106080,0.992129,0,0.65719,0.08528,39.431,0.171,-1,400.000,-1,375.000,-1,325.000,325.000,300.000,300.000,-1,625.000,625.000,-1,825.000,750.000,-1,-1,2,0,2,0,2,0,0,0,0,2,0,0,2,0,0,2,2
22,-6141.222,2392.567,531.562,8.552,0.985567,-0.147862,-0.082427,0.155479,0.983236,0.095255,0.066961,-0.106696,0.992034,0,0.66009,0.09032,39.606,0.181,-1,400.000,-1,375.000,-1,325.000,325.000,300.000,300.000,-1,650.000,650.000,-1,825.000,750.000,-1,-1,2,0,2,0,2,0,0,0,0,2,0,0,2,0,0,2,2
23,-6101.896,2398.616,534.179,8.743,0.985002,-0.151126,-0.083263,0.158847,0.982666,0.095573,0.067376,-0.107366,0.991934,0,0.66314,0.09543,39.788,0.191,-1,400.000,-1,375.000,-1,325.000,325.000,300.000,300.000,-1,675.000,675.000,-1,825.000,750.000,-1,-1,2,0,2,0,2,0,0,0,0,2,0,0,2,0,0,2,2
24,-6062.404,2404.832,536.792,8.944,0.984396,-0.154565,-0.084112,0.162393,0.982052,0.095930,0.067775,-0.108092,0.991828,0,0.66632,0.10063,39.979,0.201,-1,400.000,-1,400.000,-1,325.000,325.000,300.000,300.000,-1,700.000,700.000,-1,850.000,775.000,-1,-1,2,0,2,0,2,0,0,0,0,2,0,0,2,0,0,2,2
25,-6022.738,2411.226,539.401,9.156,0.983747,-0.158181,-0.084975,0.166122,0.981389,0.096326,0.068157,-0.108876,0.991716,0,0.66964,0.10591,40.178,0.212,-1,400.000,-1,400.000,-1,325.000,325.000,300.000,300.000,-1,725.000,725.000,-1,850.000,775.000,-1,-1,2,0,2,0,2,0,0,0,0,2,0,0,2,0,0,2,2
26,-5978.391,2418.735,542.284,9.608,0.982390,-0.165893,-0.085967,0.173959,0.979981,0.096827,0.068183,-0.110076,0.991582,0,0.74964,0.22591,44.978,0.452,-1,400.000,-1,400.000,-1,325.000,325.000,300.000,300.000,-1,750.000,750.000,-1,875.000,775.000,-1,-1,2,0,2,0,2,0,0,0,0,2,0,0,2,0,0,2,2
27,-5929.416,2427.638,545.484,10.300,0.980260,-0.177676,-0.086727,0.185862,0.977699,0.097774,0.067420,-0.111963,0.991423,0,0.82964,0.34591,49.778,0.692,-1,425.000,-1,400.000,-1,325.000,325.000,300.000,300.000,-1,800.000,775.000,-1,900.000,800.000,-1,-1,2,0,2,0,2,0,0,0,0,2,0,0,2,0,0,2,2
28,-5880.214,2437.299,548.550,11.106,0.977672,-0.191376,-0.086794,0.199591,0.974902,0.098637,0.065739,-0.113758,0.991331,0,0.83572,0.40313,50.143,0.806,-1,425.000,-1,400.000,-1,325.000,325.000,300.000,300.000,-1,850.000,825.000,-1,925.000,825.000,-1,-1,2,0,2,0,2,0,0,0,0,2,0,0,2,0,0,2,2
29,-5830.926,2447.710,551.635,11.924,0.974888,-0.205229,-0.086455,0.213410,0.971897,0.099355,0.063635,-0.115310,0.991289,0,0.83960,0.40873,50.376,0.817,-1,425.000,-1,400.000,-1,325.000,325.000,300.000,300.000,-1,900.000,875.000,-1,950.000,850.000,-1,-1,2,0,2,0,2,0,0,0,0,2,0,0,2,0,0,2,2
30,-5781.792,2458.823,554.581,12.741,0.971947,-0.219026,-0.085716,0.227150,0.968656,0.100536,0.061009,-0.117186,0.991234,0,0.83960,0.40873,50.376,0.817,-1,425.000,-1,400.000,-1,325.000,325.000,300.000,300.000,-1,950.000,950.000,-1,975.000,850.000,-1,-1,2,0,2,0,2,0,0,0,0,2,0,0,2,0,0,2,2
31,-5732.822,2470.636,557.363,13.559,0.968833,-0.232778,-0.084720,0.240799,0.965243,0.101592,0.058127,-0.118826,0.991212,0,0.83960,0.40873,50.376,0.817,-1,425.000,-1,400.000,-1,325.000,325.000,300.000,300.000,-1,-1,-1,-1,1000.000,875.000,-1,-1,2,0,2,0,2,0,0,0,0,2,2,2,2,0,0,2,2
32,-5684.026,2483.146,560.015,14.376,0.965536,-0.246479,-0.083591,0.254371,0.961645,0.102637,0.055087,-0.120363,0.991200,0,0.83960,0.40873,50.376,0.817,-1,425.000,-1,400.000,-1,325.000,325.000,300.000,300.000,-1,-1,-1,-1,1000.000,875.000,-1,-1,2,0,2,0,2,0,0,0,0,2,2,2,2,0,0,2,2
33,-5635.413,2496.351,562.561,15.193,0.962051,-0.260125,-0.082423,0.267878,0.957850,0.103755,0.051960,-0.121897,0.991182,0,0.83960,0.40873,50.376,0.817,-1,425.000,-1,400.000,-1,325.000,325.000,300.000,300.000,-1,-1,-1,-1,-1,900.000,-1,-1,2,0,2,0,2,0,0,0,0,2,2,2,2,2,0,2,2
34,-5586.993,2510.249,565.000,16.011,0.958376,-0.273712,-0.081219,0.281316,0.953859,0.104952,0.048745,-0.123432,0.991155,0,0.83960,0.40873,50.376,0.817,-1,425.000,-1,400.000,-1,325.000,325.000,300.000,300.000,-1,-1,-1,-1,-1,900.000,-1,-1,2,0,2,0,2,0,0,0,0,2,2,2,2,2,0,2,2
35,-5538.777,2524.835,567.331,16.828,0.954515,-0.287237,-0.079979,0.294681,0.949672,0.106237,0.045438,-0.124973,0.991119,0,0.83960,0.40873,50.376,0.817,-1,425.000,-1,400.000,-1,325.000,325.000,300.000,325.000,-1,-1,-1,-1,-1,925.000,-1,-1,2,0,2,0,2,0,0,0,0,2,2,2,2,2,0,2,2
36,-5490.773,2540.109,569.552,17.646,0.950467,-0.300697,-0.078704,0.307970,0.945290,0.107616,0.042038,-0.126524,0.991072,0,0.83960,0.40873,50.376,0.817,-1,425.000,-1,425.000,-1,325.000,325.000,300.000,325.000,-1,-1,-1,-1,-1,925.000,-1,-1,2,0,2,0,2,0,0,0,0,2,2,2,2,2,0,2,2
37,-5442.993,2556.066,571.662,18.463,0.946233,-0.314089,-0.077397,0.321180,0.940713,0.109095,0.038543,-0.128088,0.991014,0,0.83960,0.40873,50.376,0.817,-1,425.000,-1,425.000,-1,325.000,325.000,300.000,325.000,-1,-1,-1,-1,-1,950.000,-1,-1,2,0,2,0,2,0,0,0,0,2,2,2,2,2,0,2,2
38,-5395.445,2572.703,573.661,19.281,0.941816,-0.327411,-0.076061,0.334307,0.935942,0.110682,0.034950,-0.129670,0.990941,0,0.83960,0.40873,50.376,0.817,-1,425.000,-1,425.000,-1,325.000,325.000,300.000,325.000,-1,-1,-1,-1,-1,975.000,-1,-1,2,0,2,0,2,0,0,0,0,2,2,2,2,2,0,2,2
39,-5348.139,2590.016,575.486,20.098,0.937211,-0.340662,-0.074733,0.347353,0.930988,0.112282,0.031325,-0.131191,0.990862,0,0.83960,0.40873,50.376,0.817,-1,425.000,-1,425.000,-1,350.000,350.000,300.000,325.000,-1,-1,-1,-1,-1,975.000,-1,-1,2,0,2,0,2,0,0,0,0,2,2,2,2,2,0,2,2
40,-5301.085,2608.003,576.850,20.916,0.932439,-0.353862,-0.073070,0.360281,0.925909,0.113535,0.027481,-0.132190,0.990843,0,0.83960,0.40873,50.376,0.817,-1,425.000,-1,425.000,-1,350.000,350.000,300.000,325.000,-1,-1,-1,-1,-1,1000.000,-1,-1,2,0,2,0,2,0,0,0,0,2,2,2,2,2,0,2,2
41,-5254.292,2626.657,577.696,21.733,0.927580,-0.367052,-0.069768,0.372954,0.920807,0.114104,0.022361,-0.131861,0.991016,0,0.83960,0.40873,50.376,0.817,-1,425.000,-1,425.000,-1,350.000,350.000,300.000,300.000,-1,-1,-1,-1,-1,975.000,-1,-1,2,0,2,0,2,0,0,0,0,2,2,2,2,2,0,2,2
42,-5207.769,2645.977,578.417,22.551,0.922529,-0.380163,-0.066454,0.385546,0.915503,0.114927,0.017148,-0.131644,0.991149,0,0.83960,0.40873,50.376,0.817,-1,425.000,-1,425.000,-1,350.000,350.000,300.000,300.000,-1,-1,-1,-1,-1,950.000,-1,-1,2,0,2,0,2,0,0,0,0,2,2,2,2,2,0,2,2
43,-5161.527,2665.958,578.870,23.368,0.917261,-0.393203,-0.063440,0.398099,0.910025,0.115640,0.012262,-0.131328,0.991263,0,0.83960,0.40873,50.376,0.817,-1,425.000,-1,425.000,-1,350.000,350.000,300.000,300.000,-1,-1,-1,-1,-1,950.000,-1,-1,2,0,2,0,2,0,0,0,0,2,2,2,2,2,0,2,2
44,-5115.575,2686.598,579.087,24.186,0.911782,-0.406141,-0.060856,0.410604,0.904311,0.116733,0.007623,-0.131423,0.991297,0,0.83960,0.40873,50.376,0.817,-1,425.000,-1,425.000,-1,350.000,325.000,300.000,300.000,-1,-1,-1,-1,-1,950.000,-1,-1,2,0,2,0,2,0,0,0,0,2,2,2,2,2,0,2,2
45,-5069.923,2707.892,578.965,25.003,0.906152,-0.418949,-0.058053,0.422946,0.898313,0.118954,0.002314,-0.132344,0.991201,0,0.83960,0.40873,50.376,0.817,-1,425.000,-1,425.000,-1,350.000,325.000,300.000,300.000,-1,-1,-1,-1,-1,925.000,-1,-1,2,0,2,0,2,0,0,0,0,2,2,2,2,2,0,2,2
46,-5024.579,2729.837,578.644,25.821,0.900345,-0.431654,-0.055250,0.435164,0.892103,0.121592,-0.003198,-0.133518,0.991041,0,0.83960,0.40873,50.376,0.817,-1,425.000,-1,425.000,-1,350.000,325.000,300.000,300.000,-1,-1,-1,-1,-1,925.000,-1,-1,2,0,2,0,2,0,0,0,0,2,2,2,2,2,0,2,2
47,-4979.553,2752.426,578.192,26.638,0.894352,-0.444268,-0.052541,0.447280,0.885714,0.124305,-0.008689,-0.134673,0.990852,0,0.83960,0.40873,50.376,0.817,-1,425.000,-1,400.000,-1,325.000,325.000,300.000,300.000,-1,-1,-1,-1,1000.000,900.000,-1,-1,2,0,2,0,2,0,0,0,0,2,2,2,2,0,0,2,2
48,-4934.854,2775.655,577.606,27.456,0.888173,-0.456788,-0.049930,0.459291,0.879148,0.127089,-0.014157,-0.135810,0.990634,0,0.83960,0.40873,50.376,0.817,-1,425.000,-1,400.000,-1,325.000,325.000,300.000,300.000,-1,-1,-1,-1,975.000,900.000,-1,-1,2,0,2,0,2,0,0,0,0,2,2,2,2,0,0,2,2
49,-4894.722,2797.252,576.958,28.283,0.881716,-0.469366,-0.047671,0.471386,0.872341,0.129680,-0.019282,-0.136813,0.990409,0,0.75960,0.41355,45.576,0.827,-1,425.000,-1,400.000,-1,325.000,325.000,300.000,300.000,-1,-1,-1,-1,950.000,875.000,-1,-1,2,0,2,0,2,0,0,0,0,2,2,2,2,0,0,2,2
50,-4859.099,2817.091,576.276,29.110,0.875058,-0.481851,-0.045747,0.483420,0.865370,0.132063,-0.024047,-0.137678,0.990185,0,0.67960,0.41355,40.776,0.827,-1,425.000,-1,400.000,-1,325.000,325.000,300.000,300.000,-1,-1,-1,-1,950.000,875.000,-1,-1,2,0,2,0,2,0,0,0,0,2,2,2,2,0,0,2,2
51,-4827.926,2835.047,575.586,29.937,0.868203,-0.494242,-0.044141,0.495393,0.858236,0.134224,-0.028456,-0.138401,0.989967,0,0.59960,0.41355,35.976,0.827,-1,425.000,-1,400.000,-1,325.000,325.000,300.000,300.000,-1,-1,-1,-1,925.000,875.000,-1,-1,2,0,2,0,2,0,0,0,0,2,2,2,2,0,0,2,2
52,-4801.139,2850.995,574.915,30.764,0.861153,-0.506538,-0.042839,0.507305,0.850943,0.136153,-0.032513,-0.138981,0.989761,0,0.51960,0.41355,31.176,0.827,-1,425.000,-1,400.000,-1,325.000,325.000,300.000,325.000,-1,-1,-1,-1,925.000,875.000,-1,-1,2,0,2,0,2,0,0,0,0,2,2,2,2,0,0,2,2
53,-4778.674,2864.813,574.290,31.591,0.853910,-0.518737,-0.041823,0.519158,0.843490,0.137837,-0.036224,-0.139413,0.989572,0,0.43960,0.41355,26.376,0.827,-1,425.000,-1,400.000,-1,325.000,325.000,300.000,325.000,-1,-1,-1,-1,925.000,875.000,-1,-1,2,0,2,0,2,0,0,0,0,2,2,2,2,0,0,2,2
54,-4760.462,2876.379,573.527,32.418,0.846437,-0.530894,-0.041188,0.531059,0.835969,0.138319,-0.039001,-0.138952,0.989531,0,0.35960,0.41355,21.576,0.827,-1,425.000,-1,400.000,-1,325.000,325.000,300.000,325.000,-1,-1,-1,-1,925.000,875.000,-1,-1,2,0,2,0,2,0,0,0,0,2,2,2,2,0,0,2,2
55,-4746.433,2885.575,572.868,33.245,0.838774,-0.542950,-0.040778,0.542898,0.828286,0.138580,-0.041466,-0.138375,0.989511,0,0.27960,0.41355,16.776,0.827,-1,425.000,-1,400.000,-1,325.000,325.000,300.000,325.000,-1,-1,-1,-1,925.000,875.000,-1,-1,2,0,2,0,2,0,0,0,0,2,2,2,2,0,0,2,2
56,-4736.514,2892.283,572.368,34.072,0.830931,-0.554895,-0.040567,0.554656,0.820428,0.138760,-0.043715,-0.137800,0.989495,0,0.19960,0.41355,11.976,0.827,-1,425.000,-1,425.000,-1,325.000,325.000,300.000,325.000,-1,-1,-1,-1,925.000,875.000,-1,-1,2,0,2,0,2,0,0,0,0,2,2,2,2,0,0,2,2
57,-4722.715,2901.823,571.658,34.659,0.825273,-0.563309,-0.040090,0.562884,0.814753,0.139068,-0.045675,-0.137335,0.989471,0,0.27960,0.29355,16.776,0.587,-1,425.000,-1,425.000,-1,325.000,325.000,300.000,325.000,-1,-1,-1,-1,925.000,900.000,-1,-1,2,0,2,0,2,0,0,0,0,2,2,2,2,0,0,2,2
58,-4705.043,2914.200,570.731,35.007,0.821907,-0.568261,-0.039354,0.567650,0.811362,0.139513,-0.047350,-0.137006,0.989438,0,0.35960,0.17355,21.576,0.347,-1,425.000,-1,425.000,-1,325.000,325.000,300.000,325.000,-1,-1,-1,-1,900.000,900.000,-1,-1,2,0,2,0,2,0,0,0,0,2,2,2,2,0,0,2,2
59,-4683.468,2929.373,569.514,35.114,0.820893,-0.569767,-0.038731,0.569019,0.810285,0.140200,-0.048498,-0.137128,0.989365,0,0.43960,0.05355,26.376,0.107,-1,425.000,-1,425.000,-1,325.000,325.000,300.000,325.000,-1,-1,-1,-1,900.000,900.000,-1,-1,2,0,2,0,2,0,0,0,0,2,2,2,2,0,0,2,2
60,-4657.924,2947.247,568.007,34.981,0.822252,-0.567870,-0.037745,0.566972,0.811582,0.140989,-0.049430,-0.137329,0.989291,0,0.51960,-0.06645,31.176,-0.133,-1,425.000,-1,425.000,-1,325.000,325.000,300.000,325.000,-1,-1,-1,-1,900.000,875.000,-1,-1,2,0,2,0,2,0,0,0,0,2,2,2,2,0,0,2,2
61,-4628.313,2967.681,566.204,34.608,0.825960,-0.562558,-0.036323,0.561491,0.815234,0.141850,-0.050187,-0.137557,0.989222,0,0.59960,-0.18645,35.976,-0.373,-1,425.000,-1,425.000,-1,325.000,325.000,300.000,325.000,-1,-1,-1,-1,900.000,875.000,-1,-1,2,0,2,0,2,0,0,0,0,2,2,2,2,0,0,2,2
62,-4594.505,2990.480,564.032,33.995,0.831946,-0.553810,-0.034067,0.552507,0.821212,0.142642,-0.051020,-0.137493,0.989188,0,0.67960,-0.30645,40.776,-0.613,-1,425.000,-1,425.000,-1,325.000,325.000,300.000,300.000,-1,-1,-1,-1,900.000,875.000,-1,-1,2,0,2,0,2,0,0,0,0,2,2,2,2,0,0,2,2
63,-4558.402,3014.054,561.788,33.142,0.840094,-0.541511,-0.031749,0.540004,0.829344,0.143476,-0.051363,-0.137678,0.989144,0,0.71858,-0.42645,43.115,-0.853,-1,425.000,-1,400.000,-1,325.000,325.000,300.000,300.000,-1,-1,-1,-1,875.000,850.000,-1,-1,2,0,2,0,2,0,0,0,0,2,2,2,2,0,0,2,2
64,-4521.886,3036.980,559.623,32.121,0.849593,-0.526610,-0.029542,0.524947,0.838814,0.144297,-0.051208,-0.138102,0.989093,0,0.71858,-0.51068,43.115,-1.021,-1,425.000,-1,400.000,-1,325.000,325.000,300.000,300.000,-1,-1,-1,-1,875.000,850.000,-1,-1,2,0,2,0,2,0,0,0,0,2,2,2,2,0,0,2,2
65,-4484.966,3059.252,557.397,31.099,0.858824,-0.511502,-0.028062,0.509773,0.847948,0.145315,-0.050534,-0.139105,0.988987,0,0.71858,-0.51068,43.115,-1.021,-1,425.000,-1,400.000,-1,325.000,325.000,300.000,300.000,-1,-1,-1,-1,875.000,825.000,-1,-1,2,0,2,0,2,0,0,0,0,2,2,2,2,0,0,2,2
66,-4447.656,3080.864,555.151,30.078,0.867782,-0.496204,-0.027121,0.494478,0.856755,0.146501,-0.049459,-0.140542,0.988839,0,0.71858,-0.51068,43.115,-1.021,-1,425.000,-1,400.000,-1,325.000,325.000,300.000,300.000,-1,-1,-1,-1,875.000,825.000,-1,-1,2,0,2,0,2,0,0,0,0,2,2,2,2,0,0,2,2
67,-4409.967,3101.807,552.981,29.057,0.876466,-0.480751,-0.026176,0.479027,0.865279,0.147737,-0.048375,-0.142026,0.988680,0,0.71858,-0.51068,43.115,-1.021,-1,425.000,-1,400.000,-1,325.000,325.000,300.000,300.000,-1,-1,-1,-1,850.000,825.000,-1,-1,2,0,2,0,2,0,0,0,0,2,2,2,2,0,0,2,2
68,-4371.911,3122.075,550.834,28.035,0.884884,-0.465132,-0.025169,0.463388,0.873487,0.149305,-0.047462,-0.143780,0.988471,0,0.71858,-0.51068,43.115,-1.021,-1,400.000,-1,400.000,-1,325.000,325.000,300.000,300.000,-1,-1,-1,-1,850.000,825.000,-1,-1,2,0,2,0,2,0,0,0,0,2,2,2,2,0,0,2,2
69,-4333.499,3141.662,548.785,27.014,0.893017,-0.449373,-0.024159,0.447615,0.881415,0.150828,-0.046484,-0.145506,0.988265,0,0.71858,-0.51068,43.115,-1.021,-1,400.000,-1,400.000,-1,325.000,325.000,300.000,300.000,-1,-1,-1,-1,850.000,825.000,-1,-1,2,0,2,0,2,0,0,0,0,2,2,2,2,0,0,2,2
70,-4294.744,3160.561,546.835,25.993,0.900866,-0.433480,-0.023148,0.431713,0.889059,0.152307,-0.045442,-0.147202,0.988062,0,0.71858,-0.51068,43.115,-1.021,-1,400.000,-1,400.000,-1,325.000,325.000,300.000,325.000,-1,-1,-1,-1,825.000,800.000,-1,-1,2,0,2,0,2,0,0,0,0,2,2,2,2,0,0,2,2
71,-4255.659,3178.766,544.985,24.971,0.908426,-0.417459,-0.022136,0.415687,0.896419,0.153742,-0.044338,-0.148865,0.987863,0,0.71858,-0.51068,43.115,-1.021,-1,400.000,-1,400.000,-1,325.000,325.000,300.000,325.000,-1,-1,-1,-1,825.000,800.000,-1,-1,2,0,2,0,2,0,0,0,0,2,2,2,2,0,0,2,2
72,-4216.255,3196.271,543.236,23.950,0.915697,-0.401313,-0.021124,0.399543,0.903492,0.155135,-0.043172,-0.150496,0.987667,0,0.71858,-0.51068,43.115,-1.021,-1,400.000,-1,400.000,-1,325.000,325.000,300.000,325.000,-1,-1,-1,-1,800.000,800.000,-1,-1,2,0,2,0,2,0,0,0,0,2,2,2,2,0,0,2,2
73,-4176.545,3213.072,541.590,22.928,0.922677,-0.385049,-0.020113,0.383286,0.910277,0.156484,-0.041945,-0.152093,0.987476,0,0.71858,-0.51068,43.115,-1.021,-1,400.000,-1,400.000,-1,325.000,325.000,300.000,325.000,-1,-1,-1,-1,800.000,800.000,-1,-1,2,0,2,0,2,0,0,0,0,2,2,2,2,0,0,2,2
74,-4136.542,3229.162,540.046,21.907,0.929363,-0.368672,-0.019103,0.366921,0.916772,0.157791,-0.040660,-0.153655,0.987288,0,0.71858,-0.51068,43.115,-1.021,-1,400.000,-1,400.000,-1,325.000,325.000,300.000,325.000,-1,-1,-1,-1,800.000,800.000,-1,-1,2,0,2,0,2,0,0,0,0,2,2,2,2,0,0,2,2
75,-4096.259,3244.536,538.603,20.886,0.935755,-0.352186,-0.018088,0.350450,0.922973,0.159077,-0.039330,-0.155196,0.987101,0,0.71858,-0.51068,43.115,-1.021,-1,400.000,-1,400.000,-1,325.000,325.000,300.000,325.000,-1,-1,-1,-1,800.000,800.000,-1,-1,2,0,2,0,2,0,0,0,0,2,2,2,2,0,0,2,2
76,-4055.707,3259.189,537.259,19.864,0.941851,-0.335596,-0.017065,0.333879,0.928878,0.160345,-0.037960,-0.156718,0.986914,0,0.71858,-0.51068,43.115,-1.021,-1,400.000,-1,400.000,-1,325.000,325.000,300.000,325.000,-1,-1,-1,-1,775.000,800.000,-1,-1,2,0,2,0,2,0,0,0,0,2,2,2,2,0,0,2,2
77,-4014.901,3273.117,535.910,18.843,0.947639,-0.318930,-0.016224,0.317283,0.934550,0.161083,-0.036212,-0.157796,0.986807,0,0.71858,-0.51068,43.115,-1.021,-1,400.000,-1,400.000,-1,325.000,325.000,300.000,325.000,-1,-1,-1,-1,775.000,775.000,-1,-1,2,0,2,0,2,0,0,0,0,2,2,2,2,0,0,2,2
78,-3973.853,3286.314,534.571,17.822,0.953124,-0.302187,-0.015425,0.300633,0.939982,0.161411,-0.034277,-0.158482,0.986767,0,0.71858,-0.51068,43.115,-1.021,-1,400.000,-1,400.000,-1,325.000,325.000,300.000,325.000,-1,-1,-1,-1,775.000,775.000,-1,-1,2,0,2,0,2,0,0,0,0,2,2,2,2,0,0,2,2
79,-3932.575,3298.776,533.195,16.800,0.958301,-0.285378,-0.014756,0.283958,0.945200,0.161134,-0.032037,-0.158605,0.986822,0,0.71858,-0.51068,43.115,-1.021,-1,400.000,-1,400.000,-1,325.000,325.000,300.000,325.000,-1,-1,-1,-1,775.000,775.000,-1,-1,2,0,2,0,2,0,0,0,0,2,2,2,2,0,0,2,2
80,-3891.082,3310.500,531.936,15.779,0.963181,-0.268480,-0.014132,0.267200,0.950122,0.160850,-0.029758,-0.158704,0.986878,0,0.71858,-0.51068,43.115,-1.021,-1,400.000,-1,400.000,-1,325.000,325.000,300.000,325.000,-1,-1,-1,-1,775.000,775.000,-1,-1,2,0,2,0,2,0,0,0,0,2,2,2,2,0,0,2,2
81,-3849.387,3321.483,530.724,14.758,0.967762,-0.251487,-0.013827,0.250391,0.954702,0.160772,-0.027231,-0.159051,0.986895,0,0.71858,-0.51068,43.115,-1.021,-1,400.000,-1,400.000,-1,325.000,325.000,300.000,325.000,-1,-1,-1,-1,775.000,800.000,-1,-1,2,0,2,0,2,0,0,0,0,2,2,2,2,0,0,2,2
82,-3807.503,3331.721,529.596,13.736,0.972043,-0.234412,-0.013556,0.233501,0.958963,0.160833,-0.024701,-0.159502,0.986889,0,0.71858,-0.51068,43.115,-1.021,-1,400.000,-1,400.000,-1,325.000,325.000,300.000,325.000,-1,-1,-1,-1,775.000,800.000,-1,-1,2,0,2,0,2,0,0,0,0,2,2,2,2,0,0,2,2
83,-3765.442,3341.211,528.593,12.715,0.976022,-0.217267,-0.013292,0.216543,0.962926,0.160879,-0.022154,-0.159900,0.986885,0,0.71858,-0.51068,43.115,-1.021,-1,400.000,-1,400.000,-1,325.000,325.000,300.000,325.000,-1,-1,-1,-1,775.000,800.000,-1,-1,2,0,2,0,2,0,0,0,0,2,2,2,2,0,0,2,2
84,-3723.219,3349.950,527.714,11.694,0.979698,-0.200057,-0.013034,0.199522,0.966591,0.160911,-0.019592,-0.160245,0.986883,0,0.71858,-0.51068,43.115,-1.021,-1,400.000,-1,400.000,-1,325.000,325.000,300.000,325.000,-1,-1,-1,-1,775.000,800.000,-1,-1,2,0,2,0,2,0,0,0,0,2,2,2,2,0,0,2,2
85,-3680.847,3357.934,526.960,10.672,0.983069,-0.182787,-0.012783,0.182441,0.969957,0.160931,-0.017017,-0.160538,0.986883,0,0.71858,-0.51068,43.115,-1.021,-1,400.000,-1,400.000,-1,325.000,325.000,300.000,300.000,-1,-1,-1,-1,775.000,800.000,-1,-1,2,0,2,0,2,0,0,0,0,2,2,2,2,0,0,2,2
86,-3638.340,3365.162,526.331,9.651,0.986137,-0.165462,-0.012537,0.165307,0.973022,0.160937,-0.014430,-0.160779,0.986885,0,0.71858,-0.51068,43.115,-1.021,-1,400.000,-1,400.000,-1,325.000,325.000,300.000,300.000,-1,-1,-1,-1,775.000,800.000,-1,-1,2,0,2,0,2,0,0,0,0,2,2,2,2,0,0,2,2
87,-3595.710,3371.631,525.827,8.629,0.988898,-0.148086,-0.012296,0.148124,0.975787,0.160933,-0.011834,-0.160967,0.986889,0,0.71858,-0.51068,43.115,-1.021,-1,400.000,-1,400.000,-1,325.000,325.000,300.000,300.000,-1,-1,-1,-1,775.000,800.000,-1,-1,2,0,2,0,2,0,0,0,0,2,2,2,2,0,0,2,2
88,-3552.972,3377.339,525.449,7.608,0.991353,-0.130666,-0.012059,0.130897,0.978249,0.160917,-0.009229,-0.161104,0.986894,0,0.71858,-0.51068,43.115,-1.021,-1,400.000,-1,400.000,-1,325.000,325.000,300.000,300.000,-1,-1,-1,-1,775.000,800.000,-1,-1,2,0,2,0,2,0,0,0,0,2,2,2,2,0,0,2,2
89,-3505.395,3383.034,525.129,6.827,0.993025,-0.117312,-0.011813,0.117679,0.979927,0.160917,-0.007301,-0.161185,0.986897,0,0.79858,-0.39068,47.915,-0.781,-1,400.000,-1,400.000,-1,325.000,325.000,300.000,300.000,-1,-1,-1,-1,775.000,800.000,-1,-1,2,0,2,0,2,0,0,0,0,2,2,2,2,0,0,2,2
90,-3457.557,3388.302,524.879,6.285,0.994078,-0.108047,-0.011577,0.108498,0.980985,0.160927,-0.006031,-0.161230,0.986898,0,0.80209,-0.27068,48.125,-0.541,-1,400.000,-1,400.000,-1,325.000,325.000,300.000,300.000,-1,-1,-1,-1,775.000,800.000,-1,-1,2,0,2,0,2,0,0,0,0,2,2,2,2,0,0,2,2
91,-3409.693,3393.319,524.673,5.984,0.994629,-0.102886,-0.011336,0.103366,0.981537,0.160935,-0.005431,-0.161242,0.986900,0,0.80209,-0.15068,48.125,-0.301,-1,400.000,-1,400.000,-1,325.000,325.000,300.000,300.000,-1,-1,-1,-1,775.000,800.000,-1,-1,2,0,2,0,2,0,0,0,0,2,2,2,2,0,0,2,2
92,-3361.824,3398.285,524.476,5.923,0.994739,-0.101835,-0.011092,0.102289,0.981648,0.160945,-0.005502,-0.161233,0.986901,0,0.80209,-0.03068,48.125,-0.061,-1,400.000,-1,400.000,-1,325.000,325.000,300.000,300.000,-1,-1,-1,-1,775.000,825.000,-1,-1,2,0,2,0,2,0,0,0,0,2,2,2,2,0,0,2,2
93,-3313.972,3403.400,524.256,6.101,0.994424,-0.104896,-0.010852,0.105271,0.981332,0.160953,-0.006234,-0.161198,0.986902,0,0.80209,0.08932,48.125,0.179,-1,400.000,-1,400.000,-1,325.000,325.000,300.000,300.000,-1,-1,-1,-1,750.000,825.000,-1,-1,2,0,2,0,2,0,0,0,0,2,2,2,2,0,0,2,2
94,-3266.159,3408.864,523.804,6.520,0.993645,-0.112076,-0.010425,0.112293,0.980651,0.160357,-0.007749,-0.160509,0.987004,0,0.80209,0.20932,48.125,0.419,-1,400.000,-1,400.000,-1,325.000,325.000,300.000,300.000,-1,-1,-1,-1,750.000,825.000,-1,-1,2,0,2,0,2,0,0,0,0,2,2,2,2,0,0,2,2
95,-3218.413,3414.877,523.185,7.179,0.992313,-0.123355,-0.009880,0.123343,0.979411,0.159817,-0.010038,-0.159807,0.987097,0,0.80209,0.32932,48.125,0.659,-1,400.000,-1,400.000,-1,325.000,325.000,300.000,300.000,-1,-1,-1,-1,750.000,825.000,-1,-1,2,0,2,0,2,0,0,0,0,2,2,2,2,0,0,2,2
96,-3170.767,3421.639,522.426,8.077,0.990289,-0.138716,-0.009298,0.138416,0.977463,0.159398,-0.013023,-0.159137,0.987171,0,0.80209,0.44932,48.125,0.899,-1,400.000,-1,400.000,-1,325.000,325.000,300.000,300.000,-1,-1,-1,-1,750.000,825.000,-1,-1,2,0,2,0,2,0,0,0,0,2,2,2,2,0,0,2,2
97,-3123.266,3429.345,521.526,9.216,0.987379,-0.158132,-0.008734,0.157498,0.974635,0.158998,-0.016630,-0.158367,0.987240,0,0.80209,0.56932,48.125,1.139,-1,400.000,-1,400.000,-1,325.000,325.000,300.000,300.000,-1,-1,-1,-1,750.000,825.000,-1,-1,2,0,2,0,2,0,0,0,0,2,2,2,2,0,0,2,2
98,-3075.941,3438.065,520.475,10.440,0.983825,-0.178943,-0.008200,0.177963,0.971168,0.158627,-0.020421,-0.157521,0.987304,0,0.80209,0.61209,48.125,1.224,-1,400.000,-1,400.000,-1,325.000,325.000,300.000,300.000,-1,-1,-1,-1,750.000,825.000,-1,-1,2,0,2,0,2,0,0,0,0,2,2,2,2,0,0,2,2
99,-3028.813,3447.794,519.273,11.664,0.979831,-0.199679,-0.007704,0.198363,0.967263,0.158285,-0.024154,-0.156621,0.987363,0,0.80209,0.61209,48.125,1.224,-1,400.000,-1,400.000,-1,325.000,325.000,300.000,300.000,-1,-1,-1,-1,750.000,825.000,-1,-1,2,0,2,0,2,0,0,0,0,2,2,2,2,0,0,2,2
100,-2981.903,3458.527,517.924,12.888,0.975398,-0.220332,-0.007250,0.218689,0.962923,0.157969,-0.027824,-0.155668,0.987417,0,0.80209,0.61209,48.125,1.224,-1,400.000,-1,400.000,-1,325.000,325.000,300.000,300.000,-1,-1,-1,-1,725.000,825.000,-1,-1,2,0,2,0,2,0,0,0,0,2,2,2,2,0,0,2,2
101,-2934.435,3470.465,516.404,14.118,0.970507,-0.240977,-0.006835,0.239014,0.958129,0.157671,-0.031446,-0.154655,0.987468,0,0.81582,0.61461,48.949,1.229,-1,375.000,-1,400.000,-1,325.000,325.000,300.000,300.000,-1,-1,-1,-1,725.000,825.000,-1,-1,2,0,2,0,2,0,0,0,0,2,2,2,2,0,0,2,2
102,-2886.391,3483.654,514.705,15.351,0.965158,-0.261589,-0.006464,0.259316,0.952882,0.157389,-0.035012,-0.153581,0.987516,0,0.83041,0.61667,49.824,1.233,-1,375.000,-1,400.000,-1,325.000,325.000,300.000,300.000,-1,-1,-1,-1,725.000,825.000,-1,-1,2,0,2,0,2,0,0,0,0,2,2,2,2,0,0,2,2
103,-2837.783,3498.131,512.826,16.587,0.959355,-0.282137,-0.006142,0.279564,0.947184,0.157118,-0.038511,-0.152449,0.987561,0,0.84536,0.61814,50.721,1.236,-1,375.000,-1,400.000,-1,325.000,325.000,300.000,300.000,-1,-1,-1,-1,725.000,825.000,-1,-1,2,0,2,0,2,0,0,0,0,2,2,2,2,0,0,2,2
104,-2788.625,3513.937,510.762,17.825,0.953103,-0.302591,-0.005874,0.299728,0.941042,0.156856,-0.041935,-0.151260,0.987604,0,0.86066,0.61898,51.640,1.238,-1,375.000,-1,400.000,-1,325.000,325.000,300.000,300.000,-1,-1,-1,-1,725.000,800.000,-1,-1,2,0,2,0,2,0,0,0,0,2,2,2,2,0,0,2,2
105,-2738.933,3531.108,508.510,19.063,0.946410,-0.322918,-0.005667,0.319779,0.934462,0.156597,-0.045272,-0.150018,0.987646,0,0.87631,0.61914,52.579,1.238,-1,375.000,-1,400.000,-1,325.000,325.000,300.000,300.000,-1,-1,-1,-1,700.000,800.000,-1,-1,2,0,2,0,2,0,0,0,0,2,2,2,2,0,0,2,2
106,-2688.723,3549.679,505.922,20.301,0.939277,-0.343113,-0.005735,0.339772,0.927527,0.155721,-0.048110,-0.148213,0.987784,0,0.89229,0.61858,53.537,1.237,-1,375.000,-1,400.000,-1,325.000,325.000,300.000,300.000,-1,-1,-1,-1,700.000,800.000,-1,-1,2,0,2,0,2,0,0,0,0,2,2,2,2,0,0,2,2
107,-2638.015,3569.685,502.947,21.535,0.931714,-0.363156,-0.005194,0.359556,0.920271,0.154340,-0.051270,-0.145668,0.988004,0,0.90858,0.61726,54.515,1.235,-1,375.000,975.000,400.000,-1,325.000,325.000,300.000,300.000,-1,-1,-1,-1,700.000,775.000,-1,-1,2,0,1,0,2,0,0,0,0,2,2,2,2,0,1,2,2
108,-2586.831,3591.160,499.789,22.765,0.923747,-0.382974,-0.004702,0.379133,0.912604,0.153009,-0.054308,-0.143124,0.988214,0,0.92516,0.61511,55.510,1.230,-1,375.000,925.000,400.000,-1,325.000,325.000,300.000,300.000,-1,-1,-1,-1,700.000,725.000,-1,-1,2,0,1,0,2,0,0,0,0,2,2,2,2,0,1,2,2
109,-2535.194,3614.136,496.443,23.989,0.915399,-0.402525,-0.004382,0.398473,0.904533,0.151786,-0.057134,-0.140690,0.988404,0,0.94201,0.61208,56.521,1.224,-1,375.000,875.000,400.000,-1,325.000,325.000,325.000,300.000,-1,-1,-1,-1,675.000,700.000,-1,-1,2,0,1,0,2,0,0,0,0,2,2,2,2,0,1,2,2
110,-2483.128,3638.638,492.896,25.206,0.906694,-0.421768,-0.004328,0.417546,0.896071,0.150703,-0.059684,-0.138449,0.988570,0,0.95910,0.60810,57.546,1.216,-1,375.000,800.000,400.000,-1,300.000,325.000,325.000,300.000,-1,-1,-1,-1,675.000,650.000,-1,1000.000,2,0,1,0,2,0,0,0,0,2,2,2,2,0,1,2,1
111,-2430.661,3664.693,489.193,26.412,0.897657,-0.440674,-0.004403,0.436308,0.887269,0.149632,-0.062032,-0.136239,0.988732,0,0.97638,0.60311,58.583,1.206,-1,375.000,750.000,400.000,-1,300.000,325.000,325.000,325.000,-1,-1,-1,-1,675.000,600.000,975.000,850.000,2,0,1,0,2,0,0,0,0,2,2,2,2,0,1,1,1
112,-2377.821,3692.321,485.343,27.606,0.888318,-0.459206,-0.004616,0.454727,0.878159,0.148528,-0.064151,-0.134039,0.988897,0,0.99382,0.59702,59.629,1.194,-1,375.000,700.000,400.000,-1,300.000,325.000,325.000,325.000,-1,-1,-1,-1,650.000,550.000,950.000,725.000,2,0,1,0,2,0,0,0,0,2,2,2,2,0,1,1,1
113,-2325.236,3721.208,481.399,28.785,0.878713,-0.477325,-0.004974,0.472761,0.868775,0.147399,-0.066036,-0.131873,0.989065,0,1.00000,0.58974,60.000,1.179,-1,375.000,650.000,375.000,-1,300.000,300.000,325.000,325.000,-1,-1,-1,-1,650.000,500.000,900.000,625.000,2,0,1,0,2,0,0,0,0,2,2,2,2,0,1,1,1
114,-2273.248,3751.157,477.392,29.948,0.868881,-0.494990,-0.005486,0.490372,0.859154,0.146249,-0.067679,-0.129763,0.989233,0,1.00000,0.58121,60.000,1.162,-1,375.000,600.000,375.000,975.000,300.000,300.000,325.000,325.000,-1,-1,-1,-1,625.000,450.000,875.000,525.000,2,0,1,1,1,0,0,0,0,2,2,2,2,1,1,1,1
115,-2221.867,3782.137,473.330,31.091,0.858866,-0.512163,-0.006149,0.507521,0.849340,0.145067,-0.069075,-0.127714,0.989403,0,1.00000,0.57136,60.000,1.143,-1,375.000,525.000,350.000,650.000,300.000,300.000,325.000,325.000,-1,-1,-1,-1,600.000,400.000,825.000,450.000,2,0,1,1,1,0,0,0,0,2,2,2,2,1,1,1,1
116,-2171.102,3814.115,469.220,32.211,0.848714,-0.528806,-0.006963,0.524169,0.839378,0.143843,-0.070220,-0.125731,0.989576,0,1.00000,0.56013,60.000,1.120,1000.000,375.000,475.000,300.000,475.000,300.000,300.000,325.000,325.000,-1,-1,-1,-1,550.000,375.000,800.000,375.000,0,0,1,1,1,0,1,0,0,2,2,2,2,1,1,1,1
117,-2120.956,3847.057,464.929,33.306,0.838454,-0.544914,-0.007986,0.540365,0.829375,0.141926,-0.070714,-0.123313,0.989845,0,1.00000,0.54740,60.000,1.095,1000.000,375.000,425.000,275.000,350.000,300.000,275.000,325.000,325.000,-1,-1,825.000,-1,500.000,325.000,775.000,300.000,0,0,1,1,1,0,1,0,0,2,2,0,2,1,1,1,1
118,-2071.432,3880.925,460.714,34.372,0.828130,-0.560460,-0.009193,0.556094,0.819398,0.139091,-0.070422,-0.120298,0.990237,0,1.00000,0.53307,60.000,1.066,975.000,350.000,375.000,250.000,275.000,300.000,225.000,325.000,325.000,-1,800.000,675.000,-1,475.000,275.000,1000.000,250.000,0,0,1,1,1,1,1,0,0,2,0,0,2,1,1,0,1
119,-2026.330,3912.746,458.962,35.198,0.820102,-0.571880,-0.019667,0.568691,0.810755,0.138804,-0.063435,-0.125018,0.990125,0,0.92000,0.41307,55.200,0.826,-1,350.000,350.000,200.000,225.000,275.000,200.000,300.000,350.000,-1,475.000,450.000,-1,450.000,250.000,-1,200.000,2,1,1,1,1,1,1,0,0,2,0,0,2,1,1,2,1
120,-1985.460,3942.233,460.355,35.784,0.814249,-0.578935,-0.042811,0.578539,0.803186,0.142077,-0.047868,-0.140454,0.988929,0,0.84000,0.29307,50.400,0.586,-1,325.000,350.000,200.000,200.000,250.000,200.000,300.000,400.000,-1,250.000,300.000,-1,450.000,225.000,-1,175.000,2,1,1,1,1,1,1,0,0,2,0,0,2,1,1,2,1
121,-1948.648,3969.140,462.416,36.130,0.810211,-0.582262,-0.067293,0.585307,0.797599,0.145779,-0.031209,-0.157499,0.987026,0,0.76000,0.17307,45.600,0.346,-1,325.000,350.000,175.000,200.000,250.000,175.000,275.000,450.000,-1,125.000,225.000,-1,450.000,200.000,-1,175.000,2,1,1,1,1,1,1,0,0,2,0,0,2,1,1,2,1
122,-1915.759,3993.282,464.872,36.236,0.808008,-0.581983,-0.091754,0.588997,0.794123,0.149836,-0.014338,-0.175111,0.984444,0,0.68000,0.05307,40.800,0.106,-1,300.000,350.000,175.000,175.000,225.000,175.000,275.000,525.000,825.000,75.000,175.000,-1,475.000,200.000,-1,150.000,2,1,1,1,1,1,1,0,0,0,0,0,2,1,1,2,1
123,-1886.691,4014.521,467.470,36.102,0.807735,-0.578227,-0.114969,0.589543,0.792878,0.154221,0.001981,-0.192349,0.981325,0,0.60000,-0.06693,36.000,-0.134,-1,300.000,375.000,150.000,175.000,225.000,150.000,275.000,625.000,600.000,50.000,175.000,-1,525.000,175.000,-1,150.000,2,1,1,1,1,1,1,0,0,0,0,0,2,1,1,2,1
124,-1861.381,4032.768,469.992,35.729,0.809545,-0.571128,-0.135828,0.586810,0.793975,0.158931,0.017074,-0.208367,0.977902,0,0.52000,-0.18693,31.200,-0.374,-1,300.000,400.000,150.000,175.000,225.000,150.000,250.000,700.000,475.000,50.000,150.000,-1,975.000,175.000,-1,150.000,2,1,1,1,1,1,1,0,0,0,0,0,2,0,1,2,1
125,-1839.800,4047.981,472.240,35.115,0.813613,-0.560804,-0.153404,0.580611,0.797509,0.163919,0.030415,-0.222435,0.974473,0,0.44000,-0.30693,26.400,-0.614,-1,300.000,450.000,150.000,150.000,200.000,125.000,250.000,800.000,400.000,25.000,150.000,-1,-1,150.000,-1,150.000,2,1,1,1,1,1,1,0,0,0,0,0,2,2,1,2,1
126,8199.226,-984.082,370.470,-63.028,0.464316,0.883164,-0.066569,-0.797086,0.449459,0.403286,0.386088,-0.134191,0.912649,1,0.00000,0.00000,21.600,-0.854,-1,-1,-1,275.000,175.000,425.000,275.000,250.000,325.000,200.000,50.000,100.000,500.000,-1,375.000,-1,175.000,2,2,2,1,1,1,1,1,1,1,0,0,1,2,1,2,1
127,5576.063,-6892.067,135.360,-82.344,0.137491,0.990233,-0.023139,-0.981682,0.133119,-0.136309,-0.131897,0.041457,0.990396,1,0.08000,-0.12000,4.800,-0.240,1000.000,375.000,-1,325.000,750.000,300.000,275.000,400.000,275.000,325.000,-1,-1,-1,650.000,550.000,-1,775.000,1,0,2,0,0,0,0,1,0,1,2,2,2,0,0,2,0
128,5577.266,-6901.591,134.259,-82.802,0.129442,0.991318,-0.023100,-0.982896,0.125195,-0.135061,-0.130996,0.040187,0.990568,0,0.16000,-0.22930,9.600,-0.459,1000.000,375.000,-1,325.000,775.000,300.000,275.000,400.000,275.000,325.000,-1,-1,-1,650.000,550.000,-1,775.000,1,0,2,0,0,0,0,1,0,1,2,2,2,0,0,2,0
129,5578.955,-6915.892,132.543,-83.263,0.121267,0.992363,-0.022594,-0.984143,0.117232,-0.133115,-0.129450,0.038379,0.990843,0,0.24000,-0.23026,14.400,-0.461,975.000,375.000,-1,325.000,800.000,300.000,275.000,425.000,275.000,325.000,-1,-1,-1,650.000,550.000,-1,800.000,1,0,2,0,0,0,0,1,0,1,2,2,2,0,0,2,0
130,5581.053,-6934.976,130.196,-83.726,0.112943,0.993368,-0.021545,-0.985425,0.109211,-0.130425,-0.127207,0.035962,0.991224,0,0.32000,-0.23173,19.200,-0.463,975.000,375.000,-1,325.000,850.000,300.000,275.000,425.000,275.000,350.000,-1,-1,-1,650.000,575.000,-1,850.000,1,0,2,0,0,0,0,0,0,1,2,2,2,0,0,2,0
131,5583.480,-6958.852,127.203,-84.194,0.104447,0.994332,-0.019869,-0.986743,0.101113,-0.126943,-0.124214,0.032864,0.991711,0,0.40000,-0.23375,24.000,-0.467,975.000,375.000,-1,350.000,900.000,300.000,300.000,425.000,275.000,350.000,-1,-1,-1,650.000,575.000,-1,900.000,1,0,2,0,0,0,0,0,0,1,2,2,2,0,0,2,0
132,5586.157,-6987.526,123.546,-84.666,0.095759,0.995251,-0.017476,-0.988095,0.092917,-0.122618,-0.120412,0.029009,0.992300,0,0.48000,-0.23634,28.800,-0.473,950.000,375.000,-1,350.000,1000.000,300.000,300.000,400.000,275.000,350.000,-1,-1,-1,650.000,600.000,-1,1000.000,1,0,2,0,0,0,0,0,0,1,2,2,2,0,0,2,0
133,5589.000,-7021.004,119.210,-85.145,0.086865,0.996118,-0.014274,-0.989474,0.084603,-0.117407,-0.115744,0.024322,0.992981,0,0.56000,-0.23955,33.600,-0.479,950.000,375.000,-1,350.000,-1,300.000,300.000,400.000,300.000,375.000,-1,-1,-1,650.000,600.000,-1,-1,1,0,2,0,2,0,0,0,0,1,2,2,2,0,0,2,2
134,5591.925,-7059.291,114.179,-85.632,0.077752,0.996921,-0.010171,-0.990869,0.076145,-0.111269,-0.110152,0.018730,0.993738,0,0.64000,-0.24341,38.400,-0.487,950.000,375.000,-1,350.000,-1,300.000,300.000,375.000,300.000,375.000,-1,-1,-1,675.000,625.000,-1,-1,1,0,2,0,2,0,0,0,0,1,2,2,2,0,0,2,2
135,5594.843,-7102.390,108.437,-86.128,0.068419,0.997644,-0.005075,-0.992265,0.067520,-0.104170,-0.103582,0.012163,0.994547,0,0.72000,-0.24797,43.200,-0.496,925.000,375.000,-1,350.000,-1,300.000,300.000,350.000,300.000,400.000,-1,-1,-1,675.000,650.000,-1,-1,1,0,2,0,2,0,0,0,0,1,2,2,2,0,0,2,2
136,5597.447,-7146.668,102.462,-86.635,0.058917,0.998263,0.000630,-0.993582,0.058702,-0.096686,-0.096555,0.005070,0.995315,0,0.73927,-0.25326,44.356,-0.507,925.000,375.000,-1,375.000,-1,300.000,300.000,350.000,300.000,400.000,350.000,-1,-1,675.000,675.000,-1,-1,1,0,2,0,2,0,0,0,0,1,1,2,2,0,0,2,2
137,5599.654,-7190.992,96.407,-87.152,0.049270,0.998762,0.006800,-0.994789,0.049680,-0.089031,-0.089258,-0.002378,0.996006,0,0.73967,-0.25884,44.380,-0.518,900.000,375.000,-1,375.000,-1,300.000,300.000,325.000,300.000,425.000,200.000,800.000,-1,700.000,700.000,-1,-1,1,0,2,0,2,0,0,0,0,1,1,0,2,0,0,2,2
