timestep,x_cm,y_cm,z_cm,yaw_deg,basis_xx,basis_xy,basis_xz,basis_yx,basis_yy,basis_yz,basis_zx,basis_zy,basis_zz,teleport_flag,throttle_cmd,steering_cmd,cmd_move_cm,cmd_turn_deg,lidar_cm_0,lidar_cm_1,lidar_cm_2,lidar_cm_3,lidar_cm_4,lidar_cm_5,lidar_cm_6,lidar_cm_7,lidar_cm_8,lidar_cm_9,lidar_cm_10,lidar_cm_11,lidar_cm_12,lidar_cm_13,lidar_cm_14,lidar_cm_15,lidar_cm_16,lidar_class_0,lidar_class_1,lidar_class_2,lidar_class_3,lidar_class_4,lidar_class_5,lidar_class_6,lidar_class_7,lidar_class_8,lidar_class_9,lidar_class_10,lidar_class_11,lidar_class_12,lidar_class_13,lidar_class_14,lidar_class_15,lidar_class_16
0,-7545.178,8194.767,-206.256,-114.079,-0.407938,0.912945,-0.010838,-0.911795,-0.407979,-0.046717,-0.047072,-0.009176,0.998849,1,0.08000,-0.12000,4.800,-0.240,475.000,375.000,850.000,425.000,650.000,325.000,325.000,300.000,300.000,-1,-1,-1,-1,500.000,675.000,475.000,775.000,1,1,1,0,1,0,0,0,0,2,2,2,2,1,1,1,1
1,-7549.168,8186.035,-206.632,-114.559,-0.415553,0.909496,-0.011537,-0.908318,-0.415613,-0.047152,-0.047679,-0.009115,0.998821,0,0.16000,-0.24000,9.600,-0.480,475.000,375.000,825.000,425.000,625.000,325.000,325.000,300.000,300.000,-1,-1,-1,-1,475.000,675.000,475.000,750.000,1,1,1,0,1,0,0,0,0,2,2,2,2,1,1,1,1
2,-7555.318,8173.014,-207.195,-115.279,-0.426919,0.904202,-0.012601,-0.902984,-0.427010,-0.047773,-0.048577,-0.009017,0.998779,0,0.24000,-0.36000,14.400,-0.720,450.000,375.000,825.000,425.000,600.000,325.000,325.000,300.000,300.000,-1,-1,-1,-1,475.000,650.000,450.000,725.000,1,1,1,0,1,0,0,0,0,2,2,2,2,1,1,1,1
3,-7563.807,8155.793,-207.943,-116.239,-0.441965,0.896922,-0.014045,-0.895652,-0.442099,-0.048540,-0.049746,-0.008873,0.998722,0,0.32000,-0.48000,19.200,-0.960,425.000,350.000,800.000,425.000,575.000,325.000,325.000,325.000,300.000,-1,-1,-1,-1,475.000,650.000,425.000,700.000,1,1,1,0,1,0,0,0,0,2,2,2,2,1,1,1,1
4,-7574.866,8134.492,-208.873,-117.439,-0.460595,0.887468,-0.015886,-0.886135,-0.460787,-0.049402,-0.051163,-0.008677,0.998653,0,0.40000,-0.60000,24.000,-1.200,400.000,350.000,800.000,425.000,550.000,325.000,325.000,325.000,300.000,-1,-1,-1,-1,450.000,625.000,400.000,675.000,1,1,1,0,1,0,0,0,0,2,2,2,2,1,1,1,1
5,-7588.695,8109.230,-210.000,-118.697,-0.479896,0.877139,-0.018090,-0.875734,-0.480165,-0.050311,-0.052816,-0.008303,0.998570,0,0.48000,-0.62913,28.800,-1.258,375.000,350.000,775.000,400.000,525.000,325.000,325.000,325.000,300.000,-1,-1,-1,-1,425.000,600.000,375.000,650.000,1,1,1,0,1,1,0,0,0,2,2,2,2,1,1,1,1
6,-7605.467,8080.115,-211.333,-119.943,-0.498764,0.866492,-0.020631,-0.865011,-0.499131,-0.051226,-0.054685,-0.007704,0.998474,0,0.56000,-0.62311,33.600,-1.246,350.000,325.000,750.000,400.000,475.000,325.000,325.000,325.000,300.000,-1,-1,-1,-1,425.000,575.000,350.000,600.000,1,1,1,0,1,1,0,0,0,2,2,2,2,1,1,1,1
7,-7625.346,8047.260,-213.250,-121.176,-0.517246,0.855552,-0.022084,-0.853969,-0.517649,-0.052698,-0.056518,-0.008399,0.998366,0,0.64000,-0.61621,38.400,-1.232,300.000,300.000,725.000,400.000,450.000,300.000,325.000,325.000,300.000,-1,-1,-1,-1,400.000,550.000,325.000,550.000,1,1,1,0,1,1,0,0,0,2,2,2,2,1,1,1,1
8,-7648.488,8010.782,-215.802,-122.393,-0.535338,0.844351,-0.022037,-0.842660,-0.535687,-0.054446,-0.057777,-0.010578,0.998273,0,0.72000,-0.60831,43.200,-1.217,250.000,300.000,675.000,400.000,425.000,275.000,325.000,325.000,300.000,-1,-1,-1,-1,375.000,525.000,275.000,500.000,1,1,1,0,1,1,1,0,0,2,2,2,2,1,1,1,1
9,-7675.044,7970.797,-218.621,-123.591,-0.552919,0.832940,-0.022159,-0.831132,-0.553217,-0.056301,-0.059154,-0.012712,0.998168,0,0.80000,-0.59928,48.000,-1.199,225.000,275.000,650.000,400.000,375.000,250.000,300.000,325.000,300.000,-1,-1,-1,-1,350.000,475.000,225.000,450.000,1,1,1,1,1,1,1,0,0,2,2,2,2,1,1,1,1
10,-7705.156,7927.426,-218.510,-124.769,-0.569616,0.821457,-0.027299,-0.820376,-0.570268,-0.042163,-0.050202,-0.001621,0.998738,0,0.88000,-0.58894,52.800,-1.178,200.000,275.000,675.000,375.000,350.000,250.000,300.000,350.000,300.000,-1,-1,-1,-1,350.000,450.000,225.000,425.000,1,1,1,1,1,1,1,0,0,2,2,2,2,1,1,1,1
11,-7737.135,7883.287,-217.797,-125.923,-0.585862,0.809741,-0.032937,-0.809474,-0.586655,-0.024256,-0.038964,0.012451,0.999163,0,0.90845,-0.57712,54.507,-1.154,200.000,250.000,-1,350.000,325.000,250.000,300.000,350.000,300.000,-1,-1,-1,-1,350.000,450.000,200.000,375.000,1,1,2,1,1,1,1,1,0,2,2,2,2,1,1,1,1
12,-7769.874,7839.919,-217.160,-127.052,-0.601712,0.797817,-0.037834,-0.798225,-0.602325,-0.006455,-0.027938,0.026315,0.999263,0,0.90565,-0.56420,54.339,-1.128,200.000,250.000,-1,325.000,300.000,250.000,300.000,325.000,275.000,-1,-1,100.000,-1,350.000,425.000,200.000,350.000,1,1,2,1,1,1,1,1,0,2,2,0,2,1,1,1,1
13,-7803.283,7797.382,-216.598,-128.153,-0.617128,0.785740,-0.042024,-0.786676,-0.617265,0.011196,-0.017143,0.039969,0.999054,0,0.90149,-0.55051,54.089,-1.101,200.000,250.000,-1,300.000,250.000,250.000,275.000,325.000,275.000,-1,-1,75.000,-1,350.000,425.000,200.000,325.000,1,1,2,1,1,1,1,1,1,2,2,0,2,1,1,1,1
14,-7837.272,7755.738,-213.228,-129.225,-0.632486,0.773970,-0.030520,-0.774562,-0.631793,0.029862,0.003830,0.042527,0.999088,0,0.89590,-0.53609,53.754,-1.072,200.000,275.000,-1,300.000,275.000,250.000,275.000,300.000,250.000,-1,225.000,75.000,950.000,350.000,450.000,200.000,325.000,1,1,2,1,1,1,1,1,1,2,0,0,0,1,1,1,1
15,-7871.741,7715.042,-209.629,-130.267,-0.646986,0.762314,-0.016937,-0.762082,-0.645732,0.047558,0.025318,0.043677,0.998725,0,0.88884,-0.52104,53.330,-1.042,200.000,275.000,-1,325.000,275.000,275.000,275.000,275.000,250.000,-1,150.000,50.000,700.000,375.000,525.000,225.000,325.000,1,1,2,1,1,1,1,1,1,2,0,0,0,1,1,1,1
16,-7910.029,7671.821,-205.670,-131.539,-0.663945,0.747781,-0.000544,-0.746199,-0.662493,0.065501,0.048620,0.043895,0.997852,0,0.96232,-0.63615,57.739,-1.272,225.000,300.000,-1,350.000,275.000,275.000,300.000,275.000,250.000,-1,125.000,50.000,600.000,425.000,-1,250.000,400.000,1,1,2,1,1,1,1,1,1,2,0,0,0,1,2,1,1
17,4263.654,2295.675,-163.219,-127.020,-0.609065,0.792228,0.037600,-0.786693,-0.597428,-0.155545,-0.100764,-0.124316,0.987113,1,0.00000,0.00000,57.974,-1.251,125.000,250.000,1000.000,400.000,-1,250.000,300.000,225.000,275.000,-1,-1,900.000,275.000,375.000,675.000,125.000,-1,0,0,0,0,2,0,0,0,1,2,2,1,1,0,0,0,2
18,5575.432,9511.026,-473.932,-11.394,0.978784,0.197231,0.055516,-0.193257,0.978671,-0.069669,-0.068072,0.057462,0.996024,1,0.00000,0.00000,4.800,-0.240,-1,400.000,-1,400.000,-1,325.000,325.000,300.000,300.000,-1,800.000,700.000,-1,675.000,725.000,-1,-1,2,0,2,0,2,0,0,0,0,2,0,0,2,0,0,2,2
19,5580.141,9510.098,-474.252,-11.154,0.979604,0.193126,0.055479,-0.189151,0.979469,-0.069724,-0.067805,0.057808,0.996022,0,0.08000,0.12000,4.800,0.240,-1,400.000,-1,400.000,-1,325.000,325.000,300.000,300.000,-1,800.000,700.000,-1,650.000,725.000,-1,-1,2,0,2,0,2,0,0,0,0,2,0,0,2,0,0,2,2
20,5589.570,9508.295,-474.895,-10.827,0.980697,0.187520,0.055397,-0.183543,0.980528,-0.069841,-0.067415,0.058325,0.996019,0,0.16000,0.16371,9.600,0.327,-1,375.000,-1,400.000,-1,325.000,325.000,300.000,300.000,-1,800.000,725.000,-1,650.000,725.000,-1,-1,2,0,2,0,2,0,0,0,0,2,0,0,2,0,0,2,2
21,5603.729,9505.672,-475.864,-10.499,0.981761,0.181908,0.055264,-0.177927,0.981549,-0.070024,-0.066982,0.058914,0.996013,0,0.24000,0.16371,14.400,0.327,-1,375.000,-1,400.000,-1,325.000,325.000,300.000,300.000,-1,800.000,725.000,-1,650.000,725.000,-1,-1,2,0,2,0,2,0,0,0,0,2,0,0,2,0,0,2,2
22,5622.627,9502.281,-477.156,-10.172,0.982796,0.176289,0.055077,-0.172303,0.982534,-0.070281,-0.066504,0.059582,0.996006,0,0.32000,0.16371,19.200,0.327,-1,375.000,-1,400.000,-1,325.000,325.000,300.000,300.000,-1,825.000,725.000,-1,650.000,725.000,-1,-1,2,0,2,0,2,0,0,0,0,2,0,0,2,0,0,2,2
23,5646.273,9498.179,-478.773,-9.845,0.983803,0.170664,0.054831,-0.166672,0.983480,-0.070617,-0.065977,0.060334,0.995995,0,0.40000,0.16371,24.000,0.327,-1,375.000,-1,400.000,-1,325.000,325.000,300.000,300.000,-1,825.000,750.000,-1,650.000,700.000,-1,-1,2,0,2,0,2,0,0,0,0,2,0,0,2,0,0,2,2
24,5674.677,9493.417,-480.712,-9.517,0.984780,0.165032,0.054524,-0.161034,0.984389,-0.071037,-0.065397,0.061176,0.995982,0,0.48000,0.16371,28.800,0.327,1000.000,375.000,-1,400.000,-1,325.000,325.000,300.000,300.000,-1,850.000,775.000,-1,650.000,700.000,-1,-1,0,0,2,0,2,0,0,0,0,2,0,0,2,0,0,2,2
25,5706.305,9488.301,-482.869,-9.190,0.985727,0.159396,0.054170,-0.155389,0.985260,-0.071526,-0.064773,0.062088,0.995967,0,0.53399,0.16371,32.039,0.327,1000.000,375.000,-1,400.000,-1,325.000,325.000,300.000,300.000,-1,850.000,775.000,-1,650.000,700.000,-1,-1,0,0,2,0,2,0,0,0,0,2,0,0,2,0,0,2,2
26,5737.962,9483.366,-485.023,-8.862,0.986643,0.153754,0.053804,-0.149741,0.986098,-0.072036,-0.064132,0.063017,0.995950,0,0.53399,0.16371,32.039,0.327,975.000,375.000,-1,375.000,-1,325.000,325.000,300.000,300.000,-1,875.000,800.000,-1,625.000,700.000,-1,-1,0,0,2,0,2,0,0,0,0,2,0,0,2,0,0,2,2
27,5769.646,9478.612,-487.176,-8.535,0.987527,0.148107,0.053425,-0.144088,0.986901,-0.072567,-0.063473,0.063964,0.995932,0,0.53399,0.16371,32.039,0.327,950.000,375.000,-1,375.000,-1,300.000,325.000,300.000,300.000,-1,900.000,825.000,-1,625.000,675.000,1000.000,-1,0,0,2,0,2,0,0,0,0,2,0,0,2,0,0,0,2
28,5801.358,9474.039,-489.324,-8.207,0.988379,0.142457,0.053035,-0.138431,0.987669,-0.073120,-0.062797,0.064928,0.995912,0,0.53399,0.16371,32.039,0.327,950.000,375.000,-1,375.000,-1,300.000,300.000,300.000,300.000,-1,900.000,825.000,-1,625.000,675.000,1000.000,-1,0,0,2,0,2,0,0,0,0,2,0,0,2,0,0,0,2
29,5833.094,9469.647,-491.469,-7.880,0.989199,0.136801,0.052633,-0.132770,0.988403,-0.073693,-0.062104,0.065909,0.995891,0,0.53399,0.16371,32.039,0.327,925.000,350.000,-1,375.000,-1,300.000,300.000,300.000,300.000,-1,925.000,850.000,-1,625.000,675.000,975.000,-1,0,0,2,0,2,0,0,0,0,2,0,0,2,0,0,0,2
30,5864.856,9465.437,-493.588,-7.553,0.989984,0.131142,0.052277,-0.127096,0.989097,-0.074384,-0.061462,0.066994,0.995859,0,0.53399,0.16371,32.039,0.327,900.000,350.000,-1,375.000,-1,300.000,300.000,275.000,300.000,-1,925.000,875.000,-1,625.000,675.000,950.000,-1,0,0,2,0,2,0,0,0,0,2,0,0,2,0,0,0,2
31,5896.640,9461.409,-495.430,-7.225,0.990771,0.125468,0.051291,-0.121389,0.989681,-0.076133,-0.060314,0.069204,0.995778,0,0.53399,0.16371,32.039,0.327,900.000,350.000,-1,375.000,-1,300.000,300.000,300.000,300.000,-1,950.000,875.000,-1,600.000,675.000,950.000,-1,0,0,2,0,2,0,0,0,0,2,0,0,2,0,0,0,2
32,5928.448,9457.563,-497.163,-6.898,0.991537,0.119789,0.050042,-0.115684,0.990206,-0.078166,-0.058915,0.071715,0.995684,0,0.53399,0.16371,32.039,0.327,925.000,350.000,-1,375.000,-1,300.000,300.000,300.000,300.000,-1,950.000,875.000,-1,625.000,650.000,950.000,-1,0,0,2,0,2,0,0,0,0,2,0,0,2,0,0,0,2
33,5960.277,9453.898,-498.524,-6.570,0.992290,0.114119,0.048346,-0.110107,0.990790,-0.078819,-0.056896,0.072888,0.995716,0,0.53399,0.16371,32.039,0.327,950.000,350.000,-1,375.000,-1,300.000,300.000,300.000,300.000,-1,925.000,875.000,-1,625.000,675.000,975.000,-1,0,0,2,0,2,0,0,0,0,2,0,0,2,0,0,0,2
34,5992.126,9450.415,-499.761,-6.243,0.993021,0.108450,0.046344,-0.104581,0.991371,-0.079038,-0.054516,0.073640,0.995794,0,0.53399,0.16371,32.039,0.327,950.000,350.000,-1,375.000,-1,300.000,300.000,300.000,300.000,-1,925.000,875.000,-1,625.000,675.000,975.000,-1,0,0,2,0,2,0,0,0,0,2,0,0,2,0,0,0,2
35,6028.752,9446.466,-501.198,-6.156,0.993291,0.106932,0.044035,-0.103217,0.991485,-0.079396,-0.052150,0.074318,0.995870,0,0.61399,0.04371,36.839,0.087,975.000,350.000,-1,375.000,-1,300.000,300.000,300.000,300.000,-1,900.000,850.000,-1,625.000,675.000,1000.000,-1,0,0,2,0,2,0,0,0,0,2,0,0,2,0,0,0,2
36,6070.152,9442.010,-502.832,-6.145,0.993424,0.106738,0.041417,-0.103198,0.991452,-0.079832,-0.049584,0.075033,0.995948,0,0.69399,0.00543,41.639,0.011,-1,375.000,-1,375.000,-1,300.000,300.000,300.000,300.000,-1,900.000,850.000,-1,625.000,675.000,-1,-1,2,0,2,0,2,0,0,0,0,2,0,0,2,0,0,2,2
37,6116.326,9437.049,-504.664,-6.134,0.993563,0.106544,0.038487,-0.103201,0.991412,-0.080325,-0.046715,0.075836,0.996025,0,0.77399,0.00543,46.439,0.011,-1,375.000,-1,375.000,-1,300.000,300.000,300.000,300.000,-1,825.000,725.000,-1,625.000,675.000,-1,-1,2,0,2,0,2,0,0,0,0,2,0,0,2,0,0,2,2
38,6167.272,9431.585,-506.697,-6.123,0.993704,0.106348,0.035241,-0.103230,0.991364,-0.080877,-0.043538,0.076730,0.996101,0,0.85399,0.00543,51.239,0.011,-1,375.000,-1,375.000,-1,300.000,300.000,300.000,300.000,-1,725.000,625.000,-1,625.000,675.000,-1,-1,2,0,2,0,2,0,0,0,0,2,0,0,2,0,0,2,2
39,6220.057,9425.934,-508.815,-6.112,0.993839,0.106153,0.031864,-0.103271,0.991312,-0.081457,-0.040234,0.077664,0.996167,0,0.88478,0.00543,53.087,0.011,-1,375.000,-1,375.000,-1,300.000,300.000,300.000,325.000,-1,650.000,550.000,-1,625.000,675.000,-1,-1,2,0,2,0,2,0,0,0,0,2,0,0,2,0,0,2,2
40,6272.843,9420.294,-510.946,-6.101,0.993963,0.105957,0.028472,-0.103319,0.991259,-0.082045,-0.036916,0.078608,0.996222,0,0.88478,0.00543,53.087,0.011,-1,375.000,-1,375.000,-1,300.000,325.000,300.000,325.000,-1,600.000,500.000,-1,625.000,675.000,-1,-1,2,0,2,0,2,0,0,0,0,2,0,0,2,0,0,2,2
41,6325.630,9414.663,-513.089,-6.090,0.994076,0.105761,0.025066,-0.103372,0.991204,-0.082642,-0.033586,0.079561,0.996264,0,0.88478,0.00543,53.087,0.011,-1,375.000,-1,375.000,-1,300.000,325.000,300.000,325.000,-1,550.000,475.000,-1,650.000,675.000,-1,-1,2,0,2,0,2,0,0,0,0,2,0,0,2,0,0,2,2
42,6378.418,9409.042,-515.245,-6.080,0.994177,0.105565,0.021646,-0.103431,0.991147,-0.083247,-0.030242,0.080523,0.996294,0,0.88478,0.00543,53.087,0.011,-1,375.000,-1,375.000,-1,300.000,300.000,300.000,300.000,-1,500.000,425.000,-1,650.000,675.000,-1,-1,2,0,2,0,2,0,0,0,0,2,0,0,2,0,0,2,2
43,6431.207,9403.431,-517.414,-6.069,0.994266,0.105369,0.018211,-0.103496,0.991088,-0.083860,-0.026885,0.081494,0.996311,0,0.88478,0.00543,53.087,0.011,-1,375.000,-1,375.000,-1,300.000,300.000,300.000,300.000,-1,450.000,375.000,-1,650.000,675.000,-1,-1,2,0,2,0,2,0,0,0,0,2,0,0,2,0,0,2,2
44,6483.998,9397.831,-519.594,-6.058,0.994344,0.105172,0.014763,-0.103567,0.991028,-0.084481,-0.023515,0.082474,0.996316,0,0.88478,0.00543,53.087,0.011,-1,375.000,-1,375.000,-1,300.000,300.000,300.000,300.000,-1,400.000,325.000,-1,650.000,675.000,-1,-1,2,0,2,0,2,0,0,0,0,2,0,0,2,0,0,2,2
45,6536.789,9392.240,-521.628,-6.047,0.994407,0.104970,0.011703,-0.103592,0.990913,-0.085794,-0.020602,0.084102,0.996244,0,0.88478,0.00543,53.087,0.011,-1,375.000,-1,375.000,-1,300.000,300.000,300.000,300.000,-1,375.000,325.000,-1,650.000,675.000,-1,-1,2,0,2,0,2,0,0,0,0,2,0,0,2,0,0,2,2
46,6589.582,9386.662,-522.845,-6.036,0.994457,0.104749,0.009149,-0.103525,0.990620,-0.089187,-0.018406,0.087745,0.995973,0,0.88478,0.00543,53.087,0.011,-1,375.000,-1,375.000,-1,300.000,300.000,300.000,300.000,-1,400.000,325.000,-1,650.000,675.000,-1,-1,2,0,2,0,2,0,0,0,0,2,0,0,2,0,0,2,2
47,6642.376,9381.091,-523.103,-6.025,0.994495,0.104560,0.006877,-0.103538,0.990627,-0.089093,-0.016128,0.087890,0.996000,0,0.88478,0.00543,53.087,0.011,-1,375.000,-1,375.000,-1,300.000,300.000,300.000,300.000,-1,425.000,350.000,-1,650.000,675.000,-1,-1,2,0,2,0,2,0,0,0,0,2,0,0,2,0,0,2,2
48,6695.170,9375.529,-523.360,-6.014,0.994528,0.104371,0.004574,-0.103553,0.990633,-0.089007,-0.013821,0.088046,0.996021,0,0.88478,0.00543,53.087,0.011,-1,375.000,-1,375.000,-1,300.000,300.000,300.000,300.000,-1,450.000,400.000,-1,675.000,675.000,-1,-1,2,0,2,0,2,0,0,0,0,2,0,0,2,0,0,2,2
49,6747.966,9369.977,-523.619,-6.004,0.994556,0.104182,0.002246,-0.103570,0.990638,-0.088940,-0.011491,0.088223,0.996034,0,0.88478,0.00543,53.087,0.011,-1,375.000,-1,375.000,-1,300.000,300.000,300.000,300.000,-1,475.000,425.000,-1,675.000,675.000,-1,-1,2,0,2,0,2,0,0,0,0,2,0,0,2,0,0,2,2
50,6801.002,9364.410,-523.881,-5.994,0.994576,0.104011,-0.000115,-0.103610,0.990638,-0.088891,-0.009131,0.088421,0.996041,0,0.88880,0.00488,53.328,0.010,-1,375.000,-1,375.000,-1,300.000,300.000,300.000,300.000,-1,500.000,450.000,-1,675.000,675.000,-1,-1,2,0,2,0,2,0,0,0,0,2,0,0,2,0,0,2,2
51,6853.755,9359.104,-524.119,-5.744,0.995015,0.099690,-0.002513,-0.099518,0.991062,-0.088841,-0.006366,0.088648,0.996043,0,0.88366,0.12488,53.019,0.250,-1,375.000,-1,375.000,-1,300.000,300.000,300.000,325.000,-1,525.000,450.000,-1,675.000,675.000,-1,-1,2,0,2,0,2,0,0,0,0,2,0,0,2,0,0,2,2
52,6906.958,9354.212,-524.319,-5.254,0.995819,0.091213,-0.004981,-0.091294,0.991854,-0.088826,-0.003162,0.088910,0.996035,0,0.89046,0.24488,53.428,0.490,-1,375.000,-1,375.000,-1,300.000,300.000,300.000,325.000,-1,525.000,475.000,-1,675.000,650.000,-1,-1,2,0,2,0,2,0,0,0,0,2,0,0,2,0,0,2,2
53,6960.626,9349.967,-524.462,-4.524,0.996880,0.078571,-0.007521,-0.078928,0.992910,-0.088887,0.000484,0.089203,0.996013,0,0.89727,0.36488,53.836,0.730,-1,375.000,-1,375.000,-1,300.000,325.000,300.000,325.000,-1,550.000,500.000,-1,675.000,650.000,-1,-1,2,0,2,0,2,0,0,0,0,2,0,0,2,0,0,2,2
54,7014.764,9346.605,-524.530,-3.555,0.998040,0.061753,-0.010130,-0.062411,0.994069,-0.089061,0.004570,0.089519,0.995975,0,0.90405,0.48488,54.243,0.970,-1,375.000,-1,375.000,-1,300.000,300.000,300.000,300.000,-1,550.000,500.000,-1,675.000,650.000,-1,-1,2,0,2,0,2,0,0,0,0,2,0,0,2,0,0,2,2
55,7069.356,9344.200,-524.517,-2.524,0.998956,0.043865,-0.012780,-0.044834,0.994989,-0.089371,0.008796,0.089851,0.995916,0,0.91077,0.51521,54.646,1.030,-1,375.000,-1,375.000,-1,300.000,300.000,300.000,300.000,-1,550.000,500.000,-1,700.000,650.000,-1,975.000,2,0,2,0,2,0,0,0,0,2,0,0,2,0,0,2,1
56,7124.380,9342.761,-524.422,-1.499,0.999541,0.026052,-0.015453,-0.027337,0.995583,-0.089814,0.013045,0.090196,0.995839,0,0.91740,0.51268,55.044,1.025,-1,375.000,-1,375.000,1000.000,300.000,300.000,300.000,300.000,-1,525.000,425.000,-1,700.000,650.000,-1,900.000,2,0,2,0,1,0,0,0,0,2,0,0,2,0,0,2,1
57,7179.813,9342.299,-524.244,-0.479,0.999801,0.008333,-0.018137,-0.009940,0.995857,-0.090386,0.017309,0.090548,0.995742,0,0.92392,0.50976,55.435,1.020,-1,375.000,-1,375.000,950.000,300.000,300.000,300.000,300.000,-1,450.000,375.000,-1,700.000,650.000,-1,850.000,2,0,2,0,1,0,0,0,0,2,0,0,2,0,0,2,1
58,7235.628,9342.819,-523.325,0.533,0.999754,-0.009272,-0.020145,0.007418,0.995892,-0.090246,0.020899,0.090074,0.995716,0,0.93032,0.50643,55.819,1.013,-1,375.000,-1,375.000,875.000,300.000,300.000,300.000,300.000,-1,425.000,375.000,-1,725.000,650.000,-1,800.000,2,0,2,0,1,0,0,0,0,2,0,0,2,0,0,2,1
59,7291.800,9344.326,-521.427,1.539,0.999394,-0.026748,-0.022269,0.024664,0.995717,-0.089099,0.024556,0.088496,0.995774,0,0.93655,0.50266,56.193,1.005,-1,375.000,-1,375.000,800.000,300.000,300.000,300.000,300.000,-1,450.000,400.000,-1,700.000,650.000,-1,725.000,2,0,2,0,1,0,0,0,0,2,0,0,2,0,1,2,1
60,7348.299,9346.827,-519.440,2.536,0.998731,-0.044073,-0.024376,0.041770,0.995240,-0.088049,0.028141,0.086919,0.995818,0,0.94258,0.49843,56.555,0.997,-1,375.000,-1,375.000,725.000,300.000,300.000,300.000,300.000,-1,450.000,450.000,-1,700.000,600.000,-1,675.000,2,0,2,0,1,0,0,0,0,2,0,0,2,0,1,2,1
61,7405.093,9350.323,-517.370,3.523,0.997773,-0.061226,-0.026456,0.058714,0.994469,-0.087091,0.031642,0.085343,0.995849,0,0.94836,0.49371,56.902,0.987,-1,375.000,-1,375.000,650.000,325.000,300.000,300.000,325.000,-1,475.000,475.000,-1,700.000,575.000,-1,625.000,2,0,2,0,1,0,0,0,0,2,0,0,2,0,1,2,1
62,7462.147,9354.812,-515.220,4.500,0.996532,-0.078183,-0.028497,0.075473,0.993413,-0.086219,0.035050,0.083770,0.995869,0,0.95385,0.48847,57.231,0.977,-1,400.000,-1,375.000,600.000,325.000,300.000,300.000,325.000,-1,500.000,500.000,-1,700.000,525.000,-1,575.000,2,0,2,0,1,0,0,0,0,2,0,0,2,0,1,2,1
63,7519.425,9360.291,-512.997,5.465,0.995018,-0.094922,-0.030487,0.092024,0.992085,-0.085429,0.038355,0.082197,0.995878,0,0.95900,0.48268,57.540,0.965,-1,400.000,-1,375.000,525.000,325.000,300.000,300.000,325.000,-1,500.000,500.000,-1,700.000,500.000,-1,525.000,2,0,2,0,1,0,0,0,0,2,0,0,2,0,1,2,1
64,7576.887,9366.754,-510.704,6.418,0.993245,-0.111417,-0.032418,0.108344,0.990498,-0.084711,0.041548,0.080627,0.995878,0,0.96374,0.47631,57.824,0.953,-1,400.000,-1,350.000,475.000,325.000,325.000,300.000,300.000,-1,525.000,525.000,-1,700.000,475.000,-1,450.000,2,0,2,1,1,0,1,0,0,2,0,0,2,0,1,2,1
65,7634.489,9374.190,-508.347,7.357,0.991228,-0.127644,-0.034278,0.124407,0.988664,-0.084059,0.044619,0.079058,0.995871,0,0.96801,0.46931,58.080,0.939,-1,400.000,-1,325.000,425.000,325.000,300.000,300.000,300.000,-1,550.000,550.000,-1,700.000,450.000,-1,400.000,2,0,2,1,1,0,1,0,0,2,0,0,2,0,1,2,1
66,7692.184,9382.585,-505.932,8.280,0.988982,-0.143577,-0.036059,0.140188,0.986601,-0.083464,0.047560,0.077490,0.995858,0,0.97172,0.46167,58.303,0.923,-1,375.000,-1,300.000,350.000,325.000,300.000,300.000,300.000,-1,550.000,575.000,-1,700.000,425.000,-1,350.000,2,0,2,1,1,0,1,0,0,2,0,0,2,0,1,2,1
67,7749.921,9391.921,-503.465,9.187,0.986526,-0.159189,-0.037754,0.155661,0.984324,-0.082917,0.050361,0.075923,0.995841,0,0.97480,0.45333,58.488,0.907,-1,375.000,-1,300.000,300.000,300.000,275.000,300.000,300.000,-1,575.000,600.000,-1,700.000,400.000,-1,300.000,2,0,2,1,1,0,1,0,0,2,0,0,2,0,1,2,1
68,7807.645,9402.176,-500.953,10.075,0.983878,-0.174455,-0.039353,0.170800,0.981853,-0.082408,0.053016,0.074358,0.995821,0,0.97714,0.44427,58.628,0.889,-1,375.000,-1,275.000,250.000,300.000,275.000,300.000,300.000,-1,575.000,625.000,-1,700.000,375.000,-1,250.000,2,0,2,1,1,0,1,0,0,2,0,0,2,0,1,2,1
69,7865.298,9413.314,-495.549,10.944,0.980678,-0.189482,-0.048656,0.185726,0.979909,-0.072694,0.061453,0.062253,0.996167,0,0.97864,0.43445,58.718,0.869,-1,375.000,-1,275.000,225.000,300.000,275.000,300.000,325.000,-1,400.000,525.000,-1,725.000,375.000,-1,225.000,2,0,2,1,1,0,1,0,0,2,0,0,2,0,1,2,1
70,7922.814,9425.307,-488.220,11.792,0.976813,-0.204162,-0.064458,0.200598,0.977974,-0.057687,0.074815,0.043419,0.996252,0,0.97919,0.42385,58.751,0.848,-1,400.000,-1,300.000,200.000,325.000,300.000,275.000,350.000,1000.000,275.000,400.000,-1,775.000,425.000,-1,225.000,2,0,2,1,1,0,1,0,0,0,0,0,2,0,1,2,1
71,7980.121,9438.125,-480.770,12.617,0.972665,-0.218334,-0.079081,0.215106,0.975441,-0.047366,0.087480,0.029061,0.995742,0,0.97868,0.41243,58.721,0.825,-1,425.000,-1,325.000,200.000,350.000,350.000,275.000,400.000,800.000,225.000,350.000,-1,850.000,450.000,-1,225.000,2,0,2,1,1,0,1,0,0,0,0,0,2,0,1,2,1
72,8037.143,9451.722,-473.716,13.417,0.968338,-0.232002,-0.092180,0.229230,0.972560,-0.039746,0.098872,0.017357,0.994949,0,0.97698,0.40021,58.619,0.800,-1,450.000,-1,350.000,200.000,375.000,375.000,275.000,400.000,700.000,200.000,325.000,-1,900.000,500.000,-1,225.000,2,0,2,1,1,0,0,0,1,0,0,0,2,0,1,2,1
73,8093.803,9466.047,-467.249,14.191,0.963973,-0.245154,-0.103221,0.242902,0.969453,-0.034045,0.108414,0.007746,0.994076,0,0.97399,0.38718,58.440,0.774,-1,475.000,-1,375.000,175.000,375.000,400.000,275.000,325.000,625.000,150.000,325.000,-1,950.000,800.000,-1,250.000,2,0,2,1,1,0,0,0,1,0,0,0,2,0,1,2,1
74,8150.017,9481.042,-461.399,14.938,0.959683,-0.257776,-0.112069,0.256000,0.966205,-0.030206,0.116068,0.000299,0.993241,0,0.96962,0.37339,58.177,0.747,-1,475.000,-1,425.000,175.000,400.000,400.000,275.000,275.000,575.000,125.000,300.000,-1,975.000,-1,-1,275.000,2,0,2,1,1,0,0,0,1,0,0,0,2,0,2,2,1
75,8207.732,9496.986,-455.875,15.445,0.956492,-0.266308,-0.119178,0.264935,0.963874,-0.027514,0.122199,-0.005258,0.992492,0,0.99792,0.25339,59.875,0.507,-1,500.000,-1,475.000,175.000,400.000,425.000,275.000,250.000,550.000,100.000,275.000,-1,1000.000,-1,-1,275.000,2,0,2,1,1,0,0,0,1,0,0,0,2,0,2,2,1
76,8264.969,9513.087,-450.833,15.712,0.954554,-0.270786,-0.124507,0.269706,0.962598,-0.025774,0.126830,-0.008977,0.991884,0,0.99096,0.13339,59.458,0.267,-1,500.000,-1,525.000,175.000,425.000,425.000,275.000,200.000,525.000,100.000,250.000,-1,-1,-1,-1,-1,2,0,2,1,1,0,0,0,1,0,0,0,2,2,2,2,2
77,8321.747,9529.087,-446.188,15.738,0.953905,-0.271230,-0.128448,0.270344,0.962449,-0.024616,0.130301,-0.011244,0.991411,0,0.98313,0.01339,58.988,0.027,-1,500.000,-1,550.000,150.000,425.000,425.000,275.000,175.000,525.000,100.000,250.000,-1,-1,-1,-1,-1,2,0,2,1,1,0,0,0,1,0,0,0,2,2,2,2,2
78,8378.089,9544.739,-441.843,15.525,0.954511,-0.267642,-0.131439,0.266884,0.963438,-0.023681,0.132971,-0.012475,0.991041,0,0.97458,-0.10661,58.475,-0.213,-1,500.000,-1,550.000,150.000,425.000,425.000,275.000,150.000,500.000,100.000,225.000,-1,-1,-1,-1,-1,2,0,2,0,1,0,0,0,1,0,0,0,2,2,2,2,2
79,8434.029,9559.802,-437.693,15.072,0.956270,-0.260010,-0.133952,0.259357,0.965517,-0.022615,0.135213,-0.013115,0.990730,0,0.96552,-0.22661,57.931,-0.453,-1,500.000,-1,550.000,-1,425.000,425.000,275.000,125.000,500.000,100.000,225.000,-1,-1,-1,-1,-1,2,0,2,0,2,0,0,0,1,0,0,0,2,2,2,2,2
80,4919.490,-4919.489,-137.288,38.673,0.780796,-0.624775,-0.003629,0.624505,0.780607,-0.025438,0.018726,0.017596,0.999670,1,0.00000,0.00000,57.369,-0.693,975.000,350.000,-1,350.000,800.000,300.000,300.000,275.000,300.000,-1,300.000,275.000,-1,600.000,575.000,975.000,775.000,0,0,2,0,0,0,0,0,0,2,0,0,2,0,0,0,0
81,4923.242,-4916.495,-137.139,38.585,0.781755,-0.623574,-0.003894,0.623290,0.781561,-0.025923,0.019208,0.017838,0.999656,0,0.08000,-0.04396,4.800,-0.088,975.000,350.000,-1,350.000,800.000,300.000,300.000,275.000,300.000,-1,300.000,275.000,-1,600.000,575.000,1000.000,800.000,0,0,2,0,0,0,0,0,0,2,0,0,2,0,0,0,0
82,4930.756,-4910.519,-136.845,38.497,0.782711,-0.622369,-0.004475,0.622056,0.782511,-0.026871,0.020225,0.018248,0.999629,0,0.16000,-0.04396,9.600,-0.088,1000.000,350.000,-1,350.000,800.000,300.000,300.000,275.000,300.000,-1,300.000,275.000,-1,600.000,575.000,-1,800.000,0,0,2,0,0,0,0,0,0,2,0,0,2,0,0,2,0
83,4942.039,-4901.573,-136.408,38.409,0.783665,-0.621161,-0.005370,0.620802,0.783457,-0.028284,0.021776,0.018832,0.999585,0,0.24000,-0.04396,14.400,-0.088,-1,350.000,-1,350.000,800.000,300.000,300.000,275.000,300.000,-1,300.000,275.000,-1,600.000,575.000,-1,800.000,2,0,2,0,0,0,0,0,0,2,0,0,2,0,0,2,0
84,4957.102,-4889.667,-135.827,38.321,0.784615,-0.619949,-0.006575,0.619524,0.784398,-0.030169,0.023860,0.019597,0.999523,0,0.32000,-0.04396,19.200,-0.088,-1,350.000,-1,350.000,800.000,300.000,300.000,275.000,300.000,-1,300.000,250.000,-1,600.000,575.000,-1,800.000,2,0,2,0,0,0,0,0,0,2,0,0,2,0,0,2,0
85,4975.954,-4874.814,-135.106,38.233,0.785560,-0.618732,-0.008085,0.618218,0.785333,-0.032530,0.026477,0.020556,0.999438,0,0.40000,-0.04396,24.000,-0.088,-1,350.000,-1,350.000,800.000,300.000,300.000,300.000,300.000,-1,300.000,250.000,-1,625.000,575.000,-1,800.000,2,0,2,0,0,0,0,0,0,2,0,0,2,0,0,2,0
86,4998.604,-4857.025,-134.246,38.145,0.786500,-0.617511,-0.009892,0.616880,0.786262,-0.035378,0.029624,0.021723,0.999325,0,0.48000,-0.04396,28.800,-0.088,-1,350.000,-1,350.000,800.000,300.000,300.000,300.000,300.000,-1,275.000,250.000,-1,625.000,575.000,-1,800.000,2,0,2,0,0,0,0,0,0,2,0,0,2,0,0,2,0
87,5025.060,-4836.312,-133.209,38.057,0.787431,-0.616287,-0.011984,0.615509,0.787187,-0.038537,0.033183,0.022969,0.999185,0,0.56000,-0.04396,33.600,-0.088,-1,350.000,-1,350.000,800.000,300.000,300.000,300.000,300.000,-1,275.000,250.000,-1,625.000,575.000,-1,800.000,2,0,2,0,0,0,0,0,0,2,0,0,2,0,0,2,0
88,5055.332,-4812.686,-131.802,37.969,0.788343,-0.615069,-0.014338,0.614148,0.788120,-0.041096,0.036577,0.023592,0.999052,0,0.64000,-0.04396,38.400,-0.088,-1,375.000,-1,350.000,825.000,300.000,300.000,300.000,300.000,-1,275.000,250.000,-1,650.000,575.000,-1,825.000,2,0,2,0,0,0,0,0,0,2,0,0,2,0,0,2,0
89,5089.429,-4786.159,-130.180,37.881,0.789241,-0.613850,-0.016944,0.612763,0.789052,-0.043800,0.040257,0.024186,0.998897,0,0.72000,-0.04396,43.200,-0.088,-1,375.000,-1,350.000,825.000,300.000,300.000,300.000,300.000,-1,300.000,250.000,-1,650.000,575.000,-1,825.000,2,0,2,0,0,0,0,0,0,2,0,0,2,0,0,2,0
90,5127.360,-4756.743,-128.332,37.794,0.790122,-0.612631,-0.019784,0.611357,0.789983,-0.046589,0.044171,0.024716,0.998718,0,0.80000,-0.04396,48.000,-0.088,-1,375.000,-1,350.000,825.000,300.000,300.000,300.000,300.000,-1,300.000,275.000,-1,650.000,575.000,-1,825.000,2,0,2,0,0,0,0,0,0,2,0,0,2,0,0,2,0
91,5169.134,-4724.450,-126.231,37.706,0.790982,-0.611412,-0.022883,0.609931,0.790914,-0.049388,0.048295,0.025108,0.998518,0,0.88000,-0.04396,52.800,-0.088,-1,375.000,-1,350.000,850.000,300.000,300.000,300.000,300.000,-1,325.000,275.000,-1,650.000,575.000,-1,875.000,2,0,2,0,0,0,0,0,0,2,0,0,2,0,0,2,0
92,5214.760,-4689.291,-123.218,37.618,0.791686,-0.610230,-0.029202,0.608494,0.791893,-0.051390,0.054485,0.022915,0.998252,0,0.96000,-0.04396,57.600,-0.088,-1,375.000,-1,350.000,1000.000,300.000,300.000,300.000,300.000,-1,325.000,300.000,-1,650.000,600.000,-1,-1,2,0,2,0,0,0,0,0,0,2,0,0,2,0,0,2,2
93,5260.770,-4653.950,-120.048,37.530,0.792344,-0.609042,-0.035482,0.607053,0.792866,-0.053390,0.060650,0.020764,0.997943,0,0.96693,-0.04396,58.016,-0.088,-1,375.000,-1,350.000,-1,300.000,300.000,300.000,300.000,-1,325.000,300.000,-1,675.000,600.000,-1,-1,2,0,2,0,2,0,0,0,0,2,0,0,2,0,0,2,2
94,5306.834,-4618.678,-116.771,37.442,0.792956,-0.607851,-0.041674,0.605622,0.793834,-0.055226,0.066651,0.018553,0.997604,0,0.96693,-0.04396,58.016,-0.088,-1,375.000,-1,350.000,-1,300.000,300.000,300.000,300.000,-1,350.000,325.000,-1,700.000,625.000,-1,-1,2,0,2,0,2,0,0,0,0,2,0,0,2,0,0,2,2
95,5352.952,-4583.478,-113.225,37.354,0.793593,-0.606650,-0.046763,0.604208,0.794789,-0.056952,0.071716,0.016942,0.997281,0,0.96693,-0.04396,58.016,-0.088,-1,375.000,-1,350.000,-1,300.000,300.000,300.000,300.000,-1,350.000,350.000,-1,700.000,625.000,-1,-1,2,0,2,0,2,0,0,0,0,2,0,0,2,0,0,2,2
96,5395.241,-4551.172,-109.545,37.377,0.793174,-0.606977,-0.049535,0.604359,0.794546,-0.058709,0.074993,0.016629,0.997045,0,0.88693,0.01166,53.216,0.023,-1,375.000,-1,350.000,-1,300.000,300.000,300.000,300.000,-1,375.000,375.000,-1,725.000,650.000,-1,-1,2,0,2,0,2,0,0,0,0,2,0,0,2,0,0,2,2
97,5435.840,-4520.131,-105.838,37.401,0.792749,-0.607310,-0.052185,0.604591,0.794312,-0.059492,0.077581,0.015611,0.996864,0,0.85177,0.01166,51.106,0.023,-1,375.000,-1,350.000,-1,300.000,300.000,300.000,300.000,-1,375.000,400.000,-1,725.000,650.000,-1,-1,2,0,2,0,2,0,0,0,0,2,0,0,2,0,0,2,2
98,5476.427,-4489.074,-101.864,37.424,0.792310,-0.607652,-0.054814,0.604939,0.794088,-0.058928,0.079335,0.013530,0.996756,0,0.85177,0.01166,51.106,0.023,-1,375.000,-1,350.000,-1,300.000,300.000,300.000,300.000,-1,425.000,450.000,-1,725.000,675.000,-1,-1,2,0,2,0,2,0,0,0,0,2,0,0,2,0,0,2,2
99,5517.002,-4457.999,-97.477,37.447,0.791870,-0.607978,-0.057484,0.605097,0.793845,-0.060572,0.082460,0.013182,0.996507,0,0.85177,0.01166,51.106,0.023,-1,375.000,-1,375.000,-1,300.000,300.000,300.000,300.000,-1,425.000,475.000,-1,750.000,700.000,-1,-1,2,0,2,0,2,0,0,0,0,2,0,0,2,0,0,2,2
100,5557.563,-4426.908,-93.061,37.471,0.791422,-0.608302,-0.060159,0.605230,0.793599,-0.062426,0.085716,0.012995,0.996235,0,0.85177,0.01166,51.106,0.023,-1,400.000,-1,375.000,-1,325.000,300.000,300.000,300.000,-1,450.000,475.000,-1,775.000,725.000,-1,-1,2,0,2,0,2,0,0,0,0,2,0,0,2,0,0,2,2
101,5598.112,-4395.801,-88.676,37.494,0.790964,-0.608628,-0.062834,0.605369,0.793354,-0.064170,0.088905,0.012718,0.995959,0,0.85177,0.01166,51.106,0.023,-1,400.000,-1,375.000,-1,325.000,300.000,300.000,300.000,-1,400.000,500.000,-1,825.000,775.000,-1,-1,2,0,2,0,2,0,0,0,0,2,0,0,2,0,0,2,2
102,5638.649,-4364.677,-84.322,37.517,0.790496,-0.608953,-0.065509,0.605513,0.793110,-0.065805,0.092028,0.012352,0.995680,0,0.85177,0.01166,51.106,0.023,-1,400.000,-1,375.000,-1,325.000,325.000,300.000,300.000,-1,350.000,450.000,-1,900.000,800.000,-1,-1,2,0,2,0,2,0,0,0,0,2,0,0,2,0,0,2,2
103,5679.173,-4333.536,-79.999,37.541,0.790018,-0.609280,-0.068185,0.605665,0.792866,-0.067331,0.095085,0.011895,0.995398,0,0.85177,0.01166,51.106,0.023,-1,400.000,-1,400.000,-1,325.000,325.000,300.000,300.000,-1,325.000,400.000,-1,975.000,850.000,-1,-1,2,0,2,0,2,0,0,0,0,2,0,0,2,0,0,2,2
104,5719.684,-4302.380,-75.117,37.564,0.789524,-0.609620,-0.070822,0.606107,0.792641,-0.065990,0.096365,0.009175,0.995304,0,0.85177,0.01166,51.106,0.023,-1,400.000,-1,400.000,-1,325.000,325.000,300.000,300.000,-1,325.000,425.000,-1,-1,900.000,-1,-1,2,0,2,0,2,0,0,0,0,2,0,0,2,2,0,2,2
105,5760.182,-4271.208,-70.222,37.587,0.789038,-0.609956,-0.073305,0.606567,0.792409,-0.064526,0.097446,0.006449,0.995220,0,0.85177,0.01166,51.106,0.023,-1,400.000,-1,400.000,-1,325.000,325.000,300.000,300.000,-1,350.000,450.000,-1,-1,975.000,-1,-1,2,0,2,0,2,0,0,0,0,2,0,0,2,2,0,2,2
106,5800.668,-4240.019,-65.402,37.611,0.788616,-0.610285,-0.075080,0.607026,0.792170,-0.063127,0.098001,0.004208,0.995177,0,0.85177,0.01166,51.106,0.023,-1,400.000,-1,425.000,-1,325.000,325.000,300.000,300.000,-1,375.000,475.000,-1,-1,-1,-1,-1,2,0,2,0,2,0,0,0,0,2,0,0,2,2,2,2,2
107,5841.141,-4208.813,-60.801,37.634,0.788272,-0.610611,-0.076038,0.607479,0.791926,-0.061818,0.097964,0.002538,0.995187,0,0.85177,0.01166,51.106,0.023,-1,425.000,-1,425.000,-1,325.000,350.000,300.000,300.000,-1,425.000,525.000,-1,-1,-1,-1,-1,2,0,2,0,2,0,0,0,0,2,0,0,2,2,2,2,2
108,5881.600,-4177.591,-56.475,37.657,0.788032,-0.610935,-0.075925,0.607918,0.791679,-0.060663,0.097169,0.001648,0.995266,0,0.85177,0.01166,51.106,0.023,-1,425.000,-1,425.000,-1,350.000,350.000,300.000,300.000,-1,475.000,575.000,-1,-1,-1,-1,-1,2,0,2,0,2,0,0,0,0,2,0,0,2,2,2,2,2
109,5922.047,-4146.352,-52.215,37.681,0.787804,-0.611258,-0.075694,0.608363,0.791431,-0.059422,0.096229,0.000764,0.995359,0,0.85177,0.01166,51.106,0.023,-1,425.000,-1,425.000,-1,350.000,350.000,300.000,300.000,-1,525.000,625.000,-1,-1,-1,-1,-1,2,0,2,0,2,0,0,0,0,2,0,0,2,2,2,2,2
110,5962.481,-4115.097,-48.023,37.704,0.787587,-0.611580,-0.075345,0.608814,0.791183,-0.058097,0.095142,-0.000114,0.995464,0,0.85177,0.01166,51.106,0.023,-1,450.000,-1,450.000,-1,350.000,350.000,300.000,300.000,-1,575.000,700.000,-1,-1,-1,-1,-1,2,0,2,0,2,0,0,0,0,2,0,0,2,2,2,2,2
111,6002.903,-4083.825,-43.785,37.727,0.787435,-0.611902,-0.074311,0.609258,0.790933,-0.056827,0.093547,-0.000527,0.995615,0,0.85177,0.01166,51.106,0.023,-1,450.000,-1,450.000,-1,350.000,350.000,300.000,300.000,-1,650.000,800.000,-1,-1,-1,-1,-1,2,0,2,0,2,0,0,0,0,2,0,0,2,2,2,2,2
112,6043.311,-4052.537,-39.237,37.750,0.787465,-0.612224,-0.071275,0.609664,0.790684,-0.055935,0.090601,0.000593,0.995887,0,0.85177,0.01166,51.106,0.023,-1,450.000,-1,450.000,-1,350.000,350.000,300.000,300.000,-1,825.000,975.000,-1,-1,-1,-1,-1,2,0,2,0,2,0,0,0,0,2,0,0,2,2,2,2,2
113,6083.706,-4021.233,-34.772,37.774,0.787488,-0.612545,-0.068199,0.610079,0.790434,-0.054934,0.087556,0.001653,0.996158,0,0.85177,0.01166,51.106,0.023,-1,450.000,-1,450.000,-1,350.000,350.000,300.000,300.000,-1,-1,-1,-1,-1,-1,-1,-1,2,0,2,0,2,0,0,0,0,2,2,2,2,2,2,2,2
114,6122.100,-3991.711,-30.862,37.557,0.790057,-0.609551,-0.065250,0.607280,0.792744,-0.052613,0.083797,0.001942,0.996481,0,0.80721,-0.10834,48.432,-0.217,-1,475.000,-1,450.000,-1,350.000,350.000,300.000,300.000,-1,-1,-1,-1,-1,-1,-1,-1,2,0,2,0,2,0,0,0,0,2,2,2,2,2,2,2,2
115,6160.728,-3962.497,-27.275,37.100,0.795147,-0.603214,-0.062247,0.601228,0.797578,-0.048926,0.079160,0.001479,0.996861,0,0.80721,-0.22834,48.432,-0.457,-1,450.000,-1,450.000,-1,350.000,350.000,300.000,300.000,-1,-1,-1,-1,-1,-1,-1,-1,2,0,2,0,2,0,0,0,0,2,2,2,2,2,2,2,2
116,6199.921,-3933.597,-23.899,36.404,0.802679,-0.593472,-0.059134,0.591813,0.804854,-0.044350,0.073915,0.000602,0.997264,0,0.81162,-0.34834,48.697,-0.697,-1,450.000,-1,425.000,-1,350.000,350.000,300.000,300.000,-1,-1,-1,-1,-1,-1,-1,-1,2,0,2,0,2,0,0,0,0,2,2,2,2,2,2,2,2
117,6239.875,-3905.133,-20.573,35.467,0.812529,-0.580236,-0.055885,0.578875,0.814449,-0.039722,0.068563,-0.000075,0.997647,0,0.81761,-0.46834,49.057,-0.937,-1,450.000,-1,450.000,-1,350.000,350.000,300.000,300.000,-1,-1,-1,-1,-1,-1,-1,-1,2,0,2,0,2,0,0,0,0,2,2,2,2,2,2,2,2
118,6280.698,-3877.296,-17.306,34.290,0.824524,-0.563388,-0.052469,0.562292,0.826192,-0.035132,0.063143,-0.000536,0.998004,0,0.82354,-0.58834,49.412,-1.177,-1,450.000,-1,450.000,-1,350.000,350.000,300.000,300.000,-1,-1,-1,-1,-1,-1,-1,-1,2,0,2,0,2,0,0,0,0,2,2,2,2,2,2,2,2
119,6322.490,-3850.287,-14.178,32.874,0.838444,-0.542790,-0.048901,0.541904,0.839868,-0.031005,0.057900,-0.000504,0.998322,0,0.82934,-0.70834,49.760,-1.417,-1,450.000,-1,450.000,-1,350.000,350.000,300.000,300.000,-1,-1,-1,-1,-1,-1,-1,-1,2,0,2,0,2,0,0,0,0,2,2,2,2,2,2,2,2
120,6365.333,-3824.323,-11.111,31.217,0.854017,-0.518282,-0.045151,0.517576,0.855209,-0.027047,0.052631,-0.000270,0.998614,0,0.83495,-0.82834,50.097,-1.657,-1,450.000,-1,450.000,-1,350.000,350.000,300.000,300.000,-1,-1,-1,-1,-1,-1,-1,-1,2,0,2,0,2,0,0,0,0,2,2,2,2,2,2,2,2
121,6409.291,-3799.634,-8.274,29.320,0.870914,-0.489693,-0.041346,0.489100,0.871894,-0.024106,0.047854,0.000772,0.998854,0,0.84030,-0.94834,50.418,-1.897,-1,450.000,-1,450.000,-1,350.000,350.000,300.000,300.000,-1,-1,-1,-1,-1,-1,-1,-1,2,0,2,0,2,0,0,0,0,2,2,2,2,2,2,2,2
122,6454.336,-3776.329,-5.619,27.355,0.887382,-0.459502,-0.037572,0.458982,0.888174,-0.021970,0.043466,0.002251,0.999052,0,0.84528,-0.98271,50.717,-1.965,-1,450.000,-1,450.000,-1,350.000,350.000,300.000,300.000,-1,-1,-1,-1,-1,-1,-1,-1,2,0,2,0,2,0,0,0,0,2,2,2,2,2,2,2,2
123,6500.397,-3754.459,-3.215,25.399,0.902740,-0.428916,-0.033033,0.428448,0.903334,-0.020497,0.038631,0.004350,0.999244,0,0.84983,-0.97800,50.990,-1.956,-1,475.000,-1,450.000,-1,350.000,350.000,300.000,300.000,-1,-1,-1,-1,1000.000,-1,-1,-1,2,0,2,0,2,0,0,0,0,2,2,2,2,1,2,2,2
124,6547.399,-3734.067,-1.378,23.454,0.917007,-0.397993,-0.026476,0.397551,0.917352,-0.020469,0.032434,0.008245,0.999440,0,0.85392,-0.97272,51.235,-1.945,-1,475.000,-1,450.000,-1,350.000,350.000,300.000,275.000,-1,-1,-1,-1,1000.000,-1,-1,-1,2,0,2,0,2,0,0,0,0,2,2,2,2,1,2,2,2
125,6595.260,-3715.194,0.149,21.520,0.930060,-0.366801,-0.021130,0.366407,0.930233,-0.020320,0.027109,0.011157,0.999570,0,0.85747,-0.96687,51.448,-1.934,-1,475.000,-1,450.000,-1,375.000,350.000,325.000,275.000,-1,-1,-1,-1,975.000,-1,-1,-1,2,0,2,0,2,0,0,0,0,2,2,2,2,1,2,2,2
126,6643.894,-3697.877,1.357,19.599,0.941920,-0.335406,-0.017022,0.335069,0.941983,-0.019906,0.022711,0.013047,0.999657,0,0.86042,-0.96044,51.625,-1.921,-1,475.000,-1,450.000,-1,375.000,350.000,325.000,275.000,-1,-1,-1,-1,950.000,-1,-1,-1,2,0,2,0,2,0,0,0,0,2,2,2,2,1,2,2,2
127,6693.207,-3682.147,1.758,17.692,0.952614,-0.303879,-0.013580,0.303647,0.952636,-0.016803,0.018042,0.011883,0.999767,0,0.86270,-0.95347,51.762,-1.907,-1,475.000,-1,450.000,-1,375.000,350.000,325.000,275.000,-1,-1,-1,-1,875.000,-1,-1,-1,2,0,2,0,2,0,0,0,0,2,2,2,2,1,2,2,2
128,6743.103,-3668.029,1.749,15.800,0.962175,-0.272271,-0.009336,0.272152,0.962176,-0.012267,0.012323,0.009262,0.999881,0,0.86425,-0.94596,51.855,-1.892,1000.000,475.000,-1,425.000,-1,350.000,350.000,300.000,275.000,-1,-1,-1,-1,825.000,-1,-1,-1,1,0,2,0,2,0,0,0,0,2,2,2,2,1,2,2,2
129,6793.479,-3655.540,1.696,13.924,0.970604,-0.240633,-0.004944,0.240589,0.970593,-0.008096,0.006746,0.006669,0.999955,0,0.86501,-0.93794,51.901,-1.876,950.000,450.000,-1,425.000,-1,350.000,350.000,300.000,275.000,-1,-1,-1,-1,750.000,-1,975.000,-1,1,0,2,0,2,0,0,0,0,2,2,2,2,1,2,1,2
130,6844.229,-3644.692,1.607,12.065,0.977910,-0.209025,-0.000438,0.209021,0.977902,-0.004293,0.001326,0.004107,0.999991,0,0.86495,-0.92946,51.897,-1.859,875.000,450.000,-1,425.000,-1,350.000,350.000,300.000,275.000,-1,-1,-1,-1,700.000,1000.000,900.000,-1,1,0,2,0,2,0,0,0,0,2,2,2,2,1,0,1,2
131,6895.247,-3635.491,1.490,10.224,0.984112,-0.177500,0.004147,0.177505,0.984120,-0.000859,-0.003928,0.001582,0.999991,0,0.86401,-0.92056,51.841,-1.841,800.000,450.000,-1,425.000,-1,350.000,350.000,300.000,275.000,-1,-1,-1,-1,675.000,950.000,800.000,-1,1,1,2,0,2,0,0,0,0,2,2,2,2,1,0,1,2
132,6948.586,-3627.726,1.347,8.283,0.989528,-0.144059,0.008970,0.144044,0.989569,0.002327,-0.009211,-0.001010,0.999957,0,0.89836,-0.97068,53.902,-1.941,750.000,425.000,-1,425.000,-1,350.000,325.000,300.000,300.000,-1,-1,-1,-1,625.000,925.000,725.000,-1,1,1,2,0,2,1,0,0,0,2,2,2,2,1,0,1,2
133,7002.445,-3621.727,1.191,6.355,0.993759,-0.110689,0.013851,0.110628,0.993849,0.005139,-0.014335,-0.003574,0.999891,0,0.90319,-0.96386,54.191,-1.928,675.000,400.000,-1,425.000,-1,325.000,325.000,300.000,300.000,-1,-1,-1,-1,600.000,900.000,650.000,-1,1,1,2,0,2,1,0,0,0,2,2,2,2,1,0,1,2
