timestep,x_cm,y_cm,z_cm,yaw_deg,basis_xx,basis_xy,basis_xz,basis_yx,basis_yy,basis_yz,basis_zx,basis_zy,basis_zz,teleport_flag,throttle_cmd,steering_cmd,cmd_move_cm,cmd_turn_deg,lidar_cm_0,lidar_cm_1,lidar_cm_2,lidar_cm_3,lidar_cm_4,lidar_cm_5,lidar_cm_6,lidar_cm_7,lidar_cm_8,lidar_cm_9,lidar_cm_10,lidar_cm_11,lidar_cm_12,lidar_cm_13,lidar_cm_14,lidar_cm_15,lidar_cm_16,lidar_class_0,lidar_class_1,lidar_class_2,lidar_class_3,lidar_class_4,lidar_class_5,lidar_class_6,lidar_class_7,lidar_class_8,lidar_class_9,lidar_class_10,lidar_class_11,lidar_class_12,lidar_class_13,lidar_class_14,lidar_class_15,lidar_class_16
0,1643.360,-2954.945,221.245,137.386,-0.735034,-0.676986,-0.037611,0.676934,-0.735869,0.016063,-0.038551,-0.013653,0.999163,1,-0.08000,0.12000,-4.800,0.240,-1,375.000,-1,375.000,1000.000,300.000,300.000,300.000,300.000,-1,-1,-1,-1,675.000,625.000,-1,950.000,2,0,2,0,0,0,0,0,0,2,2,2,2,0,0,2,0
1,1650.479,-2961.386,221.553,137.866,-0.740662,-0.670800,-0.038048,0.670735,-0.741517,0.016334,-0.039170,-0.013422,0.999142,0,-0.16000,0.24000,-9.600,0.480,-1,375.000,-1,375.000,1000.000,300.000,300.000,300.000,300.000,-1,-1,-1,-1,675.000,625.000,-1,950.000,2,0,2,0,0,0,0,0,0,2,2,2,2,0,0,2,0
2,1661.279,-2970.911,222.073,138.586,-0.749019,-0.661434,-0.038416,0.661346,-0.749893,0.016771,-0.039901,-0.012845,0.999121,0,-0.24000,0.36000,-14.400,0.720,-1,375.000,-1,375.000,1000.000,300.000,300.000,300.000,300.000,-1,-1,-1,-1,675.000,625.000,-1,950.000,2,0,2,0,0,0,0,0,0,2,2,2,2,0,0,2,0
3,1674.099,-2981.842,222.764,139.546,-0.760000,-0.648786,-0.038439,0.648661,-0.760880,0.017323,-0.040487,-0.011769,0.999111,0,-0.28080,0.48000,-16.848,0.960,-1,375.000,-1,375.000,1000.000,300.000,300.000,300.000,300.000,-1,-1,-1,-1,675.000,625.000,-1,950.000,2,0,2,0,0,0,0,0,0,2,2,2,2,0,0,2,0
4,1687.146,-2992.503,223.462,140.746,-0.773428,-0.632718,-0.038446,0.632554,-0.774311,0.017837,-0.041055,-0.010524,0.999101,0,-0.28080,0.60000,-16.848,1.200,-1,375.000,-1,375.000,1000.000,300.000,300.000,300.000,300.000,-1,-1,-1,-1,675.000,625.000,-1,975.000,2,0,2,0,0,0,0,0,0,2,2,2,2,0,0,2,0
5,1700.456,-3002.832,224.168,142.186,-0.789094,-0.613068,-0.038443,0.612862,-0.789978,0.018315,-0.041597,-0.009108,0.999093,0,-0.28080,0.72000,-16.848,1.440,-1,375.000,-1,375.000,975.000,300.000,300.000,300.000,300.000,-1,-1,-1,-1,675.000,625.000,-1,975.000,2,0,2,0,0,0,0,0,0,2,2,2,2,0,0,2,0
6,1714.063,-3012.767,224.879,143.866,-0.806742,-0.589652,-0.038434,0.589402,-0.807622,0.018761,-0.042103,-0.007518,0.999085,0,-0.28080,0.84000,-16.848,1.680,-1,375.000,-1,375.000,975.000,300.000,300.000,300.000,300.000,-1,-1,-1,-1,700.000,650.000,-1,1000.000,2,0,2,0,0,0,0,0,0,2,2,2,2,0,0,2,0
7,1727.996,-3022.240,225.594,145.786,-0.826061,-0.562269,-0.038425,0.561971,-0.826934,0.019179,-0.042559,-0.005751,0.999077,0,-0.28080,0.96000,-16.848,1.920,-1,375.000,-1,375.000,975.000,300.000,300.000,300.000,300.000,-1,-1,-1,-1,700.000,650.000,-1,1000.000,2,0,2,0,0,0,0,0,0,2,2,2,2,0,0,2,0
8,1742.251,-3031.221,226.307,147.786,-0.845196,-0.533072,-0.038438,0.532726,-0.846061,0.019582,-0.042960,-0.003926,0.999069,0,-0.28080,1.00000,-16.848,2.000,-1,375.000,-1,375.000,1000.000,300.000,300.000,300.000,300.000,-1,-1,-1,-1,700.000,650.000,-1,-1,2,0,2,0,0,0,0,0,0,2,2,2,2,0,0,2,2
9,1756.811,-3039.699,227.015,149.786,-0.863299,-0.503223,-0.038484,0.502830,-0.864154,0.019976,-0.043308,-0.002105,0.999060,0,-0.28080,1.00000,-16.848,2.000,-1,375.000,-1,375.000,1000.000,300.000,300.000,300.000,300.000,-1,-1,-1,-1,725.000,650.000,-1,-1,2,0,2,0,0,0,0,0,0,2,2,2,2,0,0,2,2
10,1771.657,-3047.664,227.720,151.786,-0.880348,-0.472759,-0.038560,0.472320,-0.881192,0.020360,-0.043604,-0.000289,0.999049,0,-0.28080,1.00000,-16.848,2.000,-1,400.000,-1,375.000,1000.000,325.000,300.000,300.000,300.000,-1,-1,-1,-1,725.000,650.000,-1,-1,2,0,2,0,0,0,0,0,0,2,2,2,2,0,0,2,2
11,1786.773,-3055.106,228.419,153.786,-0.896321,-0.441717,-0.038667,0.441233,-0.897153,0.020730,-0.043847,0.001520,0.999037,0,-0.28080,1.00000,-16.848,2.000,-1,400.000,-1,375.000,1000.000,325.000,300.000,300.000,300.000,-1,-1,-1,-1,750.000,650.000,-1,-1,2,0,2,0,0,0,0,0,0,2,2,2,2,0,0,2,2
12,1802.138,-3062.016,229.113,155.786,-0.911199,-0.410136,-0.038803,0.409607,-0.912018,0.021087,-0.044038,0.003321,0.999024,0,-0.28080,1.00000,-16.848,2.000,-1,400.000,-1,375.000,-1,325.000,300.000,300.000,300.000,-1,-1,-1,-1,750.000,650.000,-1,-1,2,0,2,0,2,0,0,0,0,2,2,2,2,0,0,2,2
13,1817.736,-3068.386,229.801,157.786,-0.924963,-0.378054,-0.038968,0.377481,-0.925769,0.021429,-0.044176,0.005111,0.999011,0,-0.28080,1.00000,-16.848,2.000,-1,400.000,-1,375.000,-1,325.000,300.000,300.000,300.000,-1,-1,-1,-1,750.000,650.000,-1,-1,2,0,2,0,2,0,0,0,0,2,2,2,2,0,0,2,2
14,1833.547,-3074.207,230.484,159.786,-0.937597,-0.345511,-0.039159,0.344895,-0.938389,0.021753,-0.044263,0.006890,0.998996,0,-0.28080,1.00000,-16.848,2.000,-1,400.000,-1,375.000,-1,325.000,300.000,300.000,300.000,-1,-1,-1,-1,750.000,675.000,-1,-1,2,0,2,0,2,0,0,0,0,2,2,2,2,0,0,2,2
15,1849.551,-3079.473,231.176,161.786,-0.949083,-0.312547,-0.039441,0.311889,-0.949863,0.022018,-0.044345,0.008596,0.998979,0,-0.28080,1.00000,-16.848,2.000,-1,400.000,-1,375.000,-1,325.000,325.000,300.000,300.000,-1,-1,-1,-1,750.000,675.000,-1,-1,2,0,2,0,2,0,0,0,0,2,2,2,2,0,0,2,2
16,1865.729,-3084.178,231.871,163.786,-0.959408,-0.279203,-0.039786,0.278505,-0.960177,0.022230,-0.044409,0.010247,0.998961,0,-0.28080,1.00000,-16.848,2.000,-1,400.000,-1,375.000,-1,325.000,325.000,300.000,300.000,-1,-1,-1,-1,750.000,675.000,-1,-1,2,0,2,0,2,0,0,0,0,2,2,2,2,0,0,2,2
17,1882.061,-3088.315,232.560,165.786,-0.968560,-0.245519,-0.040151,0.244782,-0.969319,0.022415,-0.044422,0.011882,0.998942,0,-0.28080,1.00000,-16.848,2.000,-1,400.000,-1,375.000,-1,325.000,325.000,300.000,300.000,-1,-1,-1,-1,725.000,675.000,-1,-1,2,0,2,0,2,0,0,0,0,2,2,2,2,0,0,2,2
18,1898.528,-3091.879,233.240,167.786,-0.976529,-0.211536,-0.040533,0.210761,-0.977277,0.022571,-0.044386,0.013499,0.998923,0,-0.28080,1.00000,-16.848,2.000,-1,375.000,-1,375.000,-1,325.000,325.000,300.000,300.000,-1,-1,-1,-1,725.000,675.000,-1,-1,2,0,2,0,2,0,0,0,0,2,2,2,2,0,0,2,2
19,1915.109,-3094.867,233.912,169.786,-0.983306,-0.177297,-0.040931,0.176484,-0.984042,0.022698,-0.044302,0.015096,0.998904,0,-0.28080,1.00000,-16.848,2.000,-1,375.000,-1,375.000,-1,325.000,325.000,300.000,300.000,-1,-1,-1,-1,725.000,675.000,-1,-1,2,0,2,0,2,0,0,0,0,2,2,2,2,0,0,2,2
20,1931.784,-3097.274,234.600,171.786,-0.988884,-0.142843,-0.041284,0.142000,-0.989607,0.022693,-0.044096,0.016579,0.998890,0,-0.28080,1.00000,-16.848,2.000,-1,375.000,-1,375.000,-1,325.000,325.000,300.000,300.000,-1,-1,-1,-1,725.000,675.000,-1,-1,2,0,2,0,2,0,0,0,0,2,2,2,2,0,0,2,2
21,1948.534,-3099.098,235.285,173.786,-0.993256,-0.108216,-0.041626,0.107345,-0.993964,0.022635,-0.043824,0.018014,0.998877,0,-0.28080,1.00000,-16.848,2.000,-1,375.000,-1,375.000,-1,325.000,325.000,300.000,300.000,-1,-1,-1,-1,725.000,675.000,-1,-1,2,0,2,0,2,0,0,0,0,2,2,2,2,0,0,2,2
22,1965.336,-3100.336,235.982,175.786,-0.996412,-0.073460,-0.042034,0.072563,-0.997111,0.022473,-0.043563,0.019343,0.998863,0,-0.28080,1.00000,-16.848,2.000,-1,375.000,-1,375.000,-1,325.000,325.000,300.000,300.000,-1,-1,-1,-1,725.000,700.000,-1,-1,2,0,2,0,2,0,0,0,0,2,2,2,2,0,0,2,2
23,1982.172,-3100.987,236.690,177.786,-0.998354,-0.038615,-0.042413,0.037694,-0.999040,0.022303,-0.043234,0.020667,0.998851,0,-0.28080,1.00000,-16.848,2.000,-1,375.000,-1,375.000,-1,325.000,325.000,300.000,300.000,-1,-1,-1,-1,725.000,700.000,-1,-1,2,0,2,0,2,0,0,0,0,2,2,2,2,0,0,2,2
24,1999.020,-3101.050,237.436,179.786,-0.999080,-0.003726,-0.042732,0.002774,-0.999747,0.022303,-0.042805,0.022164,0.998838,0,-0.28080,1.00000,-16.848,2.000,-1,375.000,-1,375.000,-1,325.000,325.000,300.000,300.000,-1,-1,-1,-1,725.000,700.000,-1,-1,2,0,2,0,2,0,0,0,0,2,2,2,2,0,0,2,2
25,2015.860,-3100.525,238.175,181.786,-0.998585,0.031166,-0.043080,-0.032148,-0.999235,0.022291,-0.042352,0.023644,0.998823,0,-0.28080,1.00000,-16.848,2.000,-1,375.000,-1,375.000,-1,325.000,325.000,300.000,300.000,-1,-1,-1,-1,725.000,700.000,-1,-1,2,0,2,0,2,0,0,0,0,2,2,2,2,0,0,2,2
26,2032.672,-3099.413,238.902,183.786,-0.996872,0.066018,-0.043445,-0.067029,-0.997503,0.022254,-0.041867,0.025097,0.998808,0,-0.28080,1.00000,-16.848,2.000,-1,375.000,-1,400.000,-1,325.000,325.000,300.000,300.000,-1,-1,-1,-1,725.000,700.000,-1,-1,2,0,2,0,2,0,0,0,0,2,2,2,2,0,0,2,2
27,2049.434,-3097.715,239.617,185.786,-0.993942,0.100786,-0.043828,-0.101827,-0.994555,0.022194,-0.041352,0.026522,0.998793,0,-0.28080,1.00000,-16.848,2.000,-1,375.000,-1,400.000,-1,325.000,325.000,300.000,300.000,-1,-1,-1,-1,725.000,725.000,-1,-1,2,0,2,0,2,0,0,0,0,2,2,2,2,0,0,2,2
28,2066.127,-3095.433,240.321,187.786,-0.989799,0.135429,-0.044227,-0.136498,-0.990394,0.022109,-0.040808,0.027921,0.998777,0,-0.28080,1.00000,-16.848,2.000,-1,375.000,-1,400.000,-1,325.000,325.000,300.000,300.000,-1,-1,-1,-1,725.000,725.000,-1,-1,2,0,2,0,2,0,0,0,0,2,2,2,2,0,0,2,2
29,2078.009,-3093.435,240.808,189.546,-0.985156,0.165777,-0.044563,-0.166873,-0.985731,0.022080,-0.040267,0.029188,0.998763,0,-0.20080,0.88000,-12.048,1.760,-1,375.000,-1,375.000,-1,325.000,325.000,300.000,300.000,-1,-1,-1,-1,725.000,725.000,-1,-1,2,0,2,0,2,0,0,0,0,2,2,2,2,0,0,2,2
30,2085.122,-3092.044,241.086,191.066,-0.980398,0.191860,-0.044833,-0.192980,-0.980953,0.022115,-0.039736,0.030333,0.998750,0,-0.12080,0.76000,-7.248,1.520,-1,375.000,-1,375.000,-1,325.000,325.000,300.000,300.000,-1,-1,-1,-1,725.000,725.000,-1,-1,2,0,2,0,2,0,0,0,0,2,2,2,2,0,0,2,2
31,2087.514,-3091.521,241.160,192.346,-0.975857,0.213718,-0.045036,-0.214861,-0.976392,0.022224,-0.039223,0.031364,0.998738,0,-0.04080,0.64000,-2.448,1.280,-1,375.000,-1,375.000,-1,325.000,325.000,300.000,300.000,-1,-1,-1,-1,725.000,725.000,-1,-1,2,0,2,0,2,0,0,0,0,2,2,2,2,0,0,2,2
32,2085.226,-3092.066,241.033,193.386,-0.971810,0.231398,-0.045169,-0.232562,-0.972323,0.022414,-0.038732,0.032287,0.998728,0,0.03920,0.52000,2.352,1.040,-1,375.000,-1,375.000,-1,325.000,325.000,300.000,300.000,-1,-1,-1,-1,725.000,725.000,-1,-1,2,0,2,0,2,0,0,0,0,2,2,2,2,0,0,2,2
33,2078.293,-3093.819,240.709,194.186,-0.968481,0.244944,-0.045232,-0.246128,-0.968972,0.022693,-0.038270,0.033111,0.998719,0,0.11920,0.40000,7.152,0.800,-1,375.000,-1,375.000,-1,325.000,325.000,300.000,300.000,-1,-1,-1,-1,700.000,725.000,-1,-1,2,0,2,0,2,0,0,0,0,2,2,2,2,0,0,2,2
34,2066.735,-3096.861,240.192,194.746,-0.966042,0.254397,-0.045226,-0.255599,-0.966508,0.023067,-0.037843,0.033843,0.998710,0,0.19920,0.28000,11.952,0.560,-1,375.000,-1,375.000,-1,325.000,325.000,300.000,300.000,-1,-1,-1,-1,700.000,725.000,-1,-1,2,0,2,0,2,0,0,0,0,2,2,2,2,0,0,2,2
35,2050.559,-3101.216,239.482,195.066,-0.964610,0.259785,-0.045150,-0.261005,-0.965050,0.023542,-0.037456,0.034493,0.998703,0,0.27920,0.16000,16.752,0.320,-1,375.000,-1,375.000,-1,325.000,325.000,300.000,300.000,-1,-1,-1,-1,700.000,725.000,-1,-1,2,0,2,0,2,0,0,0,0,2,2,2,2,0,0,2,2
36,2029.756,-3106.847,238.676,195.146,-0.964252,0.261130,-0.045043,-0.262355,-0.964679,0.023745,-0.037251,0.034714,0.998703,0,0.35920,0.04000,21.552,0.080,-1,375.000,-1,375.000,-1,300.000,325.000,300.000,300.000,-1,-1,-1,-1,700.000,700.000,-1,-1,2,0,2,0,2,0,0,0,0,2,2,2,2,0,0,2,2
37,2004.300,-3113.662,237.759,194.986,-0.964997,0.258437,-0.044624,-0.259649,-0.965409,0.023819,-0.036925,0.034571,0.998720,0,0.43920,-0.08000,26.352,-0.160,-1,375.000,-1,375.000,-1,300.000,325.000,300.000,300.000,-1,-1,-1,-1,700.000,725.000,-1,-1,2,0,2,0,2,0,0,0,0,2,2,2,2,0,0,2,2
38,1974.153,-3121.507,236.721,194.586,-0.966810,0.251695,-0.043922,-0.252878,-0.967206,0.023779,-0.036496,0.034097,0.998752,0,0.51920,-0.20000,31.152,-0.400,-1,375.000,-1,375.000,-1,300.000,325.000,300.000,300.000,-1,-1,-1,-1,725.000,725.000,-1,-1,2,0,2,0,2,0,0,0,0,2,2,2,2,0,0,2,2
39,1939.261,-3130.172,235.508,193.946,-0.969595,0.240880,-0.043144,-0.242033,-0.969977,0.023771,-0.036122,0.033491,0.998786,0,0.59920,-0.32000,35.952,-0.640,-1,375.000,-1,375.000,-1,325.000,325.000,300.000,300.000,-1,-1,-1,-1,725.000,725.000,-1,-1,2,0,2,0,2,0,0,0,0,2,2,2,2,0,0,2,2
40,1899.564,-3139.385,234.136,193.066,-0.973214,0.225960,-0.042396,-0.227085,-0.973583,0.023865,-0.035884,0.032854,0.998816,0,0.67920,-0.44000,40.752,-0.880,-1,375.000,-1,375.000,-1,325.000,325.000,300.000,300.000,-1,-1,750.000,-1,725.000,725.000,-1,-1,2,0,2,0,2,0,0,0,0,2,2,0,2,0,0,2,2
41,1854.999,-3148.814,232.651,191.946,-0.977482,0.206889,-0.041541,-0.207996,-0.977827,0.024320,-0.035588,0.032412,0.998841,0,0.75920,-0.56000,45.552,-1.120,-1,375.000,-1,375.000,-1,325.000,325.000,300.000,300.000,-1,-1,775.000,-1,725.000,725.000,-1,-1,2,0,2,0,2,0,0,0,0,2,2,0,2,0,0,2,2
42,1805.504,-3158.064,230.976,190.586,-0.982157,0.183626,-0.040598,-0.184713,-0.982479,0.024839,-0.035326,0.031894,0.998867,0,0.83920,-0.68000,50.352,-1.360,-1,375.000,-1,375.000,-1,325.000,325.000,300.000,300.000,-1,-1,775.000,-1,725.000,725.000,-1,-1,2,0,2,0,2,0,0,0,0,2,2,0,2,0,0,2,2
43,1752.550,-3166.438,229.146,188.986,-0.986943,0.156125,-0.039608,-0.157191,-0.987242,0.025374,-0.035141,0.031268,0.998893,0,0.89352,-0.80000,53.611,-1.600,-1,375.000,-1,375.000,-1,325.000,325.000,300.000,300.000,-1,-1,775.000,-1,725.000,750.000,-1,-1,2,0,2,0,2,0,0,0,0,2,2,0,2,0,0,2,2
44,1699.356,-3173.107,227.261,187.146,-0.991487,0.124349,-0.038625,-0.125393,-0.991769,0.025891,-0.035087,0.030514,0.998918,0,0.89352,-0.92000,53.611,-1.840,-1,375.000,-1,375.000,-1,325.000,325.000,300.000,300.000,-1,-1,800.000,-1,750.000,750.000,-1,-1,2,0,2,0,2,0,0,0,0,2,2,0,2,0,0,2,2
45,1645.971,-3178.028,225.331,185.267,-0.995070,0.091757,-0.037642,-0.092779,-0.995338,0.026362,-0.035048,0.029725,0.998943,0,0.89352,-0.93974,53.611,-1.879,-1,400.000,-1,375.000,-1,325.000,325.000,300.000,300.000,-1,975.000,825.000,-1,750.000,750.000,-1,-1,2,0,2,0,2,0,0,0,0,2,0,0,2,0,0,2,2
46,1592.453,-3181.196,223.358,183.388,-0.997581,0.059064,-0.036658,-0.060064,-0.997835,0.026780,-0.034996,0.028917,0.998969,0,0.89352,-0.93974,53.611,-1.879,-1,400.000,-1,400.000,-1,325.000,325.000,300.000,300.000,-1,1000.000,850.000,-1,750.000,750.000,-1,-1,2,0,2,0,2,0,0,0,0,2,0,0,2,0,0,2,2
47,1538.860,-3182.607,221.395,181.508,-0.999023,0.026307,-0.035515,-0.027272,-0.999264,0.026958,-0.034780,0.027900,0.999005,0,0.89352,-0.93974,53.611,-1.879,-1,400.000,-1,400.000,-1,325.000,325.000,300.000,300.000,-1,-1,850.000,-1,775.000,750.000,-1,-1,2,0,2,0,2,0,0,0,0,2,2,0,2,0,0,2,2
48,1485.250,-3182.259,219.450,179.629,-0.999393,-0.006480,-0.034216,0.005562,-0.999624,0.026856,-0.034377,0.026649,0.999054,0,0.89352,-0.93974,53.611,-1.879,-1,400.000,-1,400.000,-1,325.000,325.000,300.000,275.000,-1,-1,850.000,-1,775.000,725.000,-1,-1,2,0,2,0,2,0,0,0,0,2,2,0,2,0,0,2,2
49,1431.680,-3180.153,217.490,177.749,-0.998688,-0.039263,-0.032882,0.038396,-0.998909,0.026591,-0.033890,0.025294,0.999105,0,0.89352,-0.93974,53.611,-1.879,-1,400.000,-1,400.000,-1,325.000,325.000,300.000,275.000,-1,975.000,825.000,-1,775.000,725.000,-1,-1,2,0,2,0,2,0,0,0,0,2,0,0,2,0,0,2,2
50,1378.208,-3176.291,215.540,175.870,-0.996904,-0.072006,-0.031588,0.071195,-0.997121,0.026076,-0.033375,0.023746,0.999161,0,0.89352,-0.93974,53.611,-1.879,-1,400.000,-1,400.000,-1,325.000,325.000,300.000,275.000,-1,950.000,825.000,-1,800.000,725.000,-1,-1,2,0,2,0,2,0,0,0,0,2,0,0,2,0,0,2,2
51,1324.892,-3170.678,213.621,173.990,-0.994040,-0.104674,-0.030465,0.103918,-0.994261,0.025415,-0.032951,0.022098,0.999213,0,0.89352,-0.93974,53.611,-1.879,-1,400.000,-1,400.000,-1,325.000,325.000,300.000,275.000,-1,900.000,800.000,-1,800.000,725.000,-1,-1,2,0,2,0,2,0,0,0,0,2,0,0,2,0,0,2,2
52,1271.788,-3163.318,211.754,172.111,-0.990088,-0.137233,-0.029885,0.136531,-0.990336,0.024381,-0.032942,0.020059,0.999256,0,0.89352,-0.93974,53.611,-1.879,-1,400.000,-1,400.000,-1,325.000,325.000,300.000,275.000,-1,925.000,825.000,-1,800.000,725.000,-1,-1,2,0,2,0,2,0,0,0,0,2,0,0,2,0,0,2,2
53,1218.954,-3154.222,209.925,170.231,-0.985052,-0.169647,-0.029876,0.168996,-0.985346,0.023118,-0.033360,0.017723,0.999286,0,0.89352,-0.93974,53.611,-1.879,-1,400.000,-1,400.000,-1,325.000,325.000,300.000,275.000,-1,975.000,875.000,-1,800.000,700.000,-1,-1,2,0,2,0,2,0,0,0,0,2,0,0,2,0,0,2,2
54,1166.447,-3143.397,208.090,168.352,-0.978955,-0.201880,-0.029862,0.201287,-0.979291,0.021727,-0.033630,0.015259,0.999318,0,0.89352,-0.93974,53.611,-1.879,-1,400.000,-1,375.000,-1,325.000,325.000,300.000,275.000,-1,1000.000,925.000,-1,800.000,700.000,-1,-1,2,0,2,0,2,0,0,0,0,2,0,0,2,0,0,2,2
55,1114.323,-3130.856,206.256,166.472,-0.971803,-0.233898,-0.029856,0.233368,-0.972179,0.020201,-0.033750,0.012664,0.999350,0,0.89352,-0.93974,53.611,-1.879,-1,400.000,-1,375.000,-1,325.000,325.000,300.000,275.000,-1,-1,975.000,-1,800.000,700.000,-1,-1,2,0,2,0,2,0,0,0,0,2,2,0,2,0,0,2,2
56,1062.639,-3116.613,204.426,164.593,-0.963603,-0.265665,-0.029871,0.265204,-0.964014,0.018536,-0.033721,0.009940,0.999382,0,0.89352,-0.93974,53.611,-1.879,-1,400.000,-1,375.000,1000.000,325.000,325.000,300.000,275.000,-1,1000.000,1000.000,-1,800.000,675.000,-1,-1,2,0,2,0,0,0,0,0,0,2,0,0,2,0,0,2,2
57,1011.449,-3100.682,202.604,162.713,-0.954363,-0.297146,-0.029922,0.296760,-0.954806,0.016728,-0.033541,0.007085,0.999412,0,0.89352,-0.93974,53.611,-1.879,-1,400.000,-1,375.000,975.000,325.000,325.000,300.000,275.000,-1,950.000,1000.000,-1,800.000,675.000,-1,-1,2,0,2,0,0,0,0,0,0,2,0,0,2,0,0,2,2
58,965.277,-3084.850,200.953,161.074,-0.945462,-0.324347,-0.030006,0.324031,-0.945928,0.014982,-0.033243,0.004442,0.999437,0,0.81352,-0.81974,48.811,-1.639,-1,425.000,-1,375.000,925.000,325.000,325.000,300.000,275.000,-1,925.000,1000.000,-1,825.000,675.000,-1,-1,2,0,2,0,0,0,0,0,0,2,0,0,2,0,0,2,2
59,924.006,-3069.562,199.479,159.674,-0.937249,-0.347355,-0.030139,0.347106,-0.937731,0.013317,-0.032888,0.002020,0.999457,0,0.73352,-0.69974,44.011,-1.399,-1,425.000,-1,375.000,900.000,325.000,325.000,300.000,275.000,-1,875.000,975.000,-1,825.000,650.000,-1,-1,2,0,2,0,0,0,0,0,0,2,0,0,2,0,0,2,2
60,884.711,-3054.096,198.132,158.515,-0.930011,-0.366260,-0.030529,0.366079,-0.930512,0.011537,-0.032633,-0.000447,0.999467,0,0.70382,-0.57974,42.229,-1.159,-1,425.000,-1,375.000,900.000,325.000,325.000,300.000,300.000,-1,875.000,975.000,-1,825.000,650.000,-1,-1,2,0,2,0,0,0,0,0,0,2,0,0,2,0,0,2,2
61,845.670,-3038.001,196.813,157.595,-0.923996,-0.381144,-0.031004,0.381031,-0.924511,0.009695,-0.032359,-0.002856,0.999472,0,0.70382,-0.45974,42.229,-0.919,-1,425.000,-1,375.000,875.000,325.000,325.000,300.000,300.000,-1,875.000,1000.000,-1,825.000,650.000,-1,-1,2,0,2,0,0,0,0,0,0,2,0,0,2,0,0,2,2
62,806.822,-3021.444,195.523,156.916,-0.919391,-0.392077,-0.031549,0.392034,-0.919918,0.007794,-0.032079,-0.005202,0.999472,0,0.70382,-0.33974,42.229,-0.679,-1,425.000,-1,375.000,875.000,325.000,325.000,300.000,300.000,-1,875.000,1000.000,-1,800.000,650.000,-1,-1,2,0,2,0,0,0,0,0,0,2,0,0,2,0,0,2,2
63,768.102,-3004.589,194.232,156.476,-0.916339,-0.399115,-0.032103,0.399148,-0.916869,0.005673,-0.031699,-0.007615,0.999468,0,0.70382,-0.21974,42.229,-0.439,-1,425.000,-1,375.000,850.000,325.000,300.000,300.000,300.000,-1,875.000,-1,-1,800.000,650.000,-1,-1,2,0,2,0,0,0,0,0,0,2,0,2,2,0,0,2,2
64,729.442,-2987.600,192.960,156.277,-0.914926,-0.402296,-0.032669,0.402406,-0.915455,0.003439,-0.031291,-0.010000,0.999460,0,0.70382,-0.09974,42.229,-0.199,-1,400.000,-1,375.000,850.000,325.000,300.000,300.000,300.000,-1,875.000,-1,-1,800.000,650.000,-1,-1,2,0,2,0,0,0,0,0,0,2,0,2,2,0,0,2,2
65,690.769,-2970.639,191.729,156.317,-0.915196,-0.401639,-0.033204,0.401824,-0.915716,0.001174,-0.030877,-0.012267,0.999448,0,0.70382,0.02026,42.229,0.041,-1,400.000,-1,375.000,850.000,325.000,300.000,300.000,300.000,-1,875.000,-1,-1,775.000,650.000,-1,-1,2,0,2,0,0,0,0,0,0,2,0,2,2,0,0,2,2
66,652.037,-2953.812,190.524,156.517,-0.916577,-0.398432,-0.033737,0.398694,-0.917083,-0.001149,-0.030482,-0.014504,0.999430,0,0.70382,0.09988,42.229,0.200,-1,400.000,-1,375.000,850.000,325.000,300.000,300.000,300.000,-1,875.000,-1,-1,775.000,650.000,-1,-1,2,0,2,0,0,0,0,0,0,2,0,2,2,0,0,2,2
67,613.247,-2937.120,189.340,156.717,-0.917948,-0.395218,-0.034277,0.395559,-0.918434,-0.003541,-0.030082,-0.016809,0.999406,0,0.70382,0.09988,42.229,0.200,-1,400.000,-1,375.000,875.000,325.000,300.000,300.000,300.000,-1,900.000,-1,-1,775.000,650.000,-1,-1,2,0,2,0,0,0,0,0,0,2,0,2,2,0,0,2,2
68,574.398,-2920.564,188.148,156.917,-0.919312,-0.391997,-0.034703,0.392416,-0.919769,-0.005936,-0.029592,-0.019076,0.999380,0,0.70382,0.09988,42.229,0.200,-1,400.000,-1,375.000,875.000,325.000,300.000,275.000,300.000,-1,900.000,-1,-1,775.000,650.000,-1,-1,2,0,2,0,0,0,0,0,0,2,0,2,2,0,0,2,2
69,535.493,-2904.144,186.948,157.116,-0.920669,-0.388771,-0.035021,0.389265,-0.921088,-0.008336,-0.029016,-0.021307,0.999352,0,0.70382,0.09988,42.229,0.200,-1,400.000,-1,375.000,875.000,325.000,300.000,275.000,300.000,-1,875.000,-1,-1,750.000,650.000,-1,-1,2,0,2,0,0,0,0,0,0,2,0,2,2,0,0,2,2
70,496.530,-2887.859,185.719,157.316,-0.922011,-0.385539,-0.035428,0.386105,-0.922394,-0.010566,-0.028605,-0.023421,0.999316,0,0.70382,0.09988,42.229,0.200,-1,400.000,-1,375.000,875.000,325.000,300.000,275.000,300.000,-1,875.000,-1,-1,750.000,650.000,-1,-1,2,0,2,0,0,0,0,0,0,2,0,2,2,0,0,2,2
71,457.511,-2871.711,184.504,157.516,-0.923342,-0.382300,-0.035869,0.382940,-0.923684,-0.012825,-0.028229,-0.025577,0.999274,0,0.70382,0.09988,42.229,0.200,-1,400.000,-1,375.000,875.000,325.000,300.000,275.000,300.000,-1,875.000,-1,-1,750.000,650.000,-1,-1,2,0,2,0,0,0,0,0,0,2,0,2,2,0,0,2,2
72,422.818,-2857.663,183.449,157.956,-0.926244,-0.375182,-0.036204,0.375885,-0.926547,-0.014846,-0.027975,-0.027359,0.999234,0,0.62382,0.21988,37.429,0.440,-1,400.000,-1,375.000,875.000,325.000,300.000,275.000,300.000,-1,900.000,-1,-1,750.000,650.000,-1,-1,2,0,2,0,0,0,0,0,0,2,0,2,2,0,0,2,2
73,392.431,-2845.777,182.549,158.636,-0.930629,-0.364149,-0.036407,0.364904,-0.930897,-0.016610,-0.027842,-0.028742,0.999199,0,0.54382,0.33988,32.629,0.680,-1,400.000,-1,375.000,900.000,325.000,300.000,275.000,300.000,-1,925.000,-1,-1,750.000,650.000,-1,-1,2,0,2,0,0,0,0,0,0,2,0,2,2,0,0,2,2
74,366.355,-2836.057,181.798,159.555,-0.936358,-0.349150,-0.036458,0.349943,-0.936596,-0.018101,-0.027826,-0.029707,0.999171,0,0.46382,0.45988,27.829,0.920,-1,400.000,-1,375.000,925.000,325.000,300.000,275.000,300.000,-1,950.000,-1,-1,750.000,650.000,-1,-1,2,0,2,0,0,0,0,0,0,2,0,2,2,0,0,2,2
75,344.618,-2828.451,181.191,160.715,-0.943240,-0.330116,-0.036349,0.330935,-0.943456,-0.019308,-0.027919,-0.030241,0.999153,0,0.38382,0.57988,23.029,1.160,-1,400.000,-1,375.000,975.000,325.000,300.000,275.000,300.000,-1,-1,-1,-1,750.000,650.000,-1,-1,2,0,2,0,0,0,0,0,0,2,2,2,2,0,0,2,2
76,327.270,-2822.853,180.725,162.115,-0.951035,-0.306970,-0.036081,0.307802,-0.951236,-0.020223,-0.028113,-0.030338,0.999144,0,0.30382,0.69988,18.229,1.400,-1,400.000,-1,375.000,-1,325.000,300.000,275.000,300.000,-1,-1,-1,-1,750.000,650.000,-1,-1,2,0,2,0,2,0,0,0,0,2,2,2,2,0,0,2,2
77,314.378,-2819.096,180.397,163.755,-0.959446,-0.279627,-0.035664,0.280458,-0.959640,-0.020844,-0.028396,-0.030001,0.999146,0,0.22382,0.81988,13.429,1.640,-1,400.000,-1,375.000,-1,325.000,300.000,275.000,300.000,-1,-1,-1,-1,750.000,675.000,-1,-1,2,0,2,0,2,0,0,0,0,2,2,2,2,0,0,2,2
78,306.022,-2816.942,180.203,165.542,-0.967720,-0.249566,-0.035146,0.250385,-0.967915,-0.021183,-0.028732,-0.029299,0.999158,0,0.14382,0.89365,8.629,1.787,-1,400.000,-1,375.000,-1,325.000,300.000,275.000,300.000,-1,-1,-1,-1,775.000,675.000,-1,-1,2,0,2,0,2,0,0,0,0,2,2,2,2,0,0,2,2
79,302.287,-2816.101,180.140,167.329,-0.975052,-0.219262,-0.034597,0.220062,-0.975254,-0.021265,-0.029078,-0.028348,0.999175,0,0.06382,0.89365,3.829,1.787,-1,400.000,-1,375.000,-1,325.000,325.000,275.000,300.000,-1,-1,-1,-1,775.000,675.000,-1,-1,2,0,2,0,2,0,0,0,0,2,2,2,2,0,0,2,2
80,293.820,-2814.437,179.923,168.876,-0.980633,-0.192851,-0.034160,0.193641,-0.980836,-0.021539,-0.029351,-0.027737,0.999184,0,0.14382,0.77365,8.629,1.547,-1,400.000,-1,375.000,-1,325.000,325.000,275.000,300.000,-1,-1,-1,-1,775.000,700.000,-1,-1,2,0,2,0,2,0,0,0,0,2,2,2,2,0,0,2,2
81,280.588,-2812.147,179.555,170.184,-0.984790,-0.170425,-0.033822,0.171214,-0.984988,-0.021994,-0.029566,-0.027450,0.999186,0,0.22382,0.65365,13.429,1.307,-1,400.000,-1,375.000,-1,325.000,325.000,275.000,300.000,-1,-1,-1,-1,775.000,700.000,-1,-1,2,0,2,0,2,0,0,0,0,2,2,2,2,0,0,2,2
82,262.571,-2809.374,179.037,171.251,-0.987803,-0.152048,-0.033576,0.152846,-0.987991,-0.022623,-0.029733,-0.027479,0.999180,0,0.30382,0.53365,18.229,1.067,-1,400.000,-1,375.000,-1,325.000,325.000,275.000,300.000,-1,-1,-1,-1,775.000,700.000,-1,-1,2,0,2,0,2,0,0,0,0,2,2,2,2,0,0,2,2
83,239.762,-2806.201,178.371,172.078,-0.989901,-0.137765,-0.033419,0.138580,-0.990074,-0.023426,-0.029860,-0.027820,0.999167,0,0.38382,0.41365,23.029,0.827,-1,400.000,-1,375.000,-1,325.000,325.000,275.000,300.000,-1,-1,-1,-1,775.000,700.000,-1,-1,2,0,2,0,2,0,0,0,0,2,2,2,2,0,0,2,2
84,212.160,-2802.648,177.559,172.666,-0.991264,-0.127607,-0.033351,0.128448,-0.991416,-0.024404,-0.029950,-0.028475,0.999146,0,0.46382,0.29365,27.829,0.587,-1,400.000,-1,375.000,-1,325.000,325.000,275.000,300.000,-1,-1,-1,-1,775.000,700.000,-1,-1,2,0,2,0,2,0,0,0,0,2,2,2,2,0,0,2,2
85,179.762,-2798.775,176.604,173.181,-0.992373,-0.118685,-0.033320,0.119557,-0.992499,-0.025545,-0.030038,-0.029334,0.999118,0,0.54382,0.25759,32.629,0.515,-1,400.000,-1,375.000,-1,325.000,325.000,275.000,300.000,-1,-1,-1,-1,775.000,700.000,-1,-1,2,0,2,0,2,0,0,0,0,2,2,2,2,0,0,2,2
86,142.560,-2794.665,175.510,173.696,-0.993401,-0.109753,-0.033303,0.110663,-0.993496,-0.026839,-0.030141,-0.030347,0.999085,0,0.62382,0.25759,37.429,0.515,-1,400.000,-1,375.000,-1,325.000,325.000,275.000,300.000,-1,-1,-1,-1,775.000,725.000,-1,-1,2,0,2,0,2,0,0,0,0,2,2,2,2,0,0,2,2
87,100.546,-2790.406,174.275,174.211,-0.994348,-0.100811,-0.033300,0.101764,-0.994406,-0.028280,-0.030262,-0.031509,0.999045,0,0.70382,0.25759,42.229,0.515,-1,400.000,-1,375.000,-1,325.000,325.000,275.000,300.000,-1,-1,-1,-1,750.000,725.000,-1,-1,2,0,2,0,2,0,0,0,0,2,2,2,2,0,0,2,2
88,53.716,-2786.085,172.902,174.726,-0.995214,-0.091862,-0.033309,0.092863,-0.995231,-0.029863,-0.030407,-0.032813,0.998999,0,0.78382,0.25759,47.029,0.515,-1,400.000,-1,375.000,-1,325.000,325.000,275.000,300.000,-1,-1,-1,-1,750.000,725.000,-1,-1,2,0,2,0,2,0,0,0,0,2,2,2,2,0,0,2,2
89,2.066,-2781.786,171.430,175.242,-0.996003,-0.082906,-0.033234,0.083952,-0.995974,-0.031419,-0.030496,-0.034083,0.998954,0,0.86382,0.25759,51.829,0.515,-1,400.000,-1,375.000,-1,325.000,325.000,275.000,300.000,-1,-1,-1,-1,750.000,725.000,-1,-1,2,0,2,0,2,0,0,0,0,2,2,2,2,0,0,2,2
90,-52.776,-2777.717,169.862,175.757,-0.996723,-0.073946,-0.032800,0.075008,-0.996656,-0.032423,-0.030293,-0.034777,0.998936,0,0.91655,0.25759,54.993,0.515,-1,400.000,-1,375.000,-1,325.000,325.000,275.000,300.000,-1,-1,-1,-1,750.000,725.000,-1,-1,2,0,2,0,2,0,0,0,0,2,2,2,2,0,0,2,2
91,-107.653,-2774.142,168.249,176.272,-0.997361,-0.064980,-0.032368,0.066052,-0.997263,-0.033218,-0.030121,-0.035268,0.998924,0,0.91655,0.25759,54.993,0.515,-1,400.000,-1,375.000,-1,325.000,325.000,275.000,300.000,-1,-1,-1,-1,750.000,725.000,-1,-1,2,0,2,0,2,0,0,0,0,2,2,2,2,0,0,2,2
92,-162.559,-2771.060,166.633,176.787,-0.997919,-0.056010,-0.031935,0.057089,-0.997792,-0.033953,-0.029963,-0.035706,0.998913,0,0.91655,0.25759,54.993,0.515,-1,400.000,-1,375.000,-1,325.000,325.000,275.000,300.000,-1,-1,-1,-1,750.000,750.000,-1,-1,2,0,2,0,2,0,0,0,0,2,2,2,2,0,0,2,2
93,-217.491,-2768.472,165.013,177.302,-0.998396,-0.047035,-0.031502,0.048121,-0.998241,-0.034629,-0.029818,-0.036090,0.998904,0,0.91655,0.25759,54.993,0.515,-1,400.000,-1,400.000,-1,325.000,325.000,275.000,300.000,-1,-1,-1,-1,750.000,750.000,-1,-1,2,0,2,0,2,0,0,0,0,2,2,2,2,0,0,2,2
94,-272.444,-2766.378,163.388,177.818,-0.998792,-0.038057,-0.031070,0.039147,-0.998612,-0.035246,-0.029685,-0.036419,0.998896,0,0.91655,0.25759,54.993,0.515,-1,400.000,-1,400.000,-1,325.000,325.000,275.000,300.000,-1,-1,-1,-1,725.000,750.000,-1,-1,2,0,2,0,2,0,0,0,0,2,2,2,2,0,0,2,2
95,-327.414,-2764.778,161.759,178.333,-0.999108,-0.029076,-0.030637,0.030168,-0.998903,-0.035802,-0.029563,-0.036694,0.998889,0,0.91655,0.25759,54.993,0.515,-1,400.000,-1,400.000,-1,325.000,325.000,275.000,300.000,-1,-1,-1,-1,725.000,750.000,-1,-1,2,0,2,0,2,0,0,0,0,2,2,2,2,0,0,2,2
96,-382.395,-2763.672,160.124,178.848,-0.999342,-0.020093,-0.030205,0.021186,-0.999116,-0.036298,-0.029449,-0.036914,0.998884,0,0.91655,0.25759,54.993,0.515,-1,400.000,-1,400.000,-1,325.000,325.000,275.000,300.000,-1,-1,-1,-1,725.000,775.000,-1,-1,2,0,2,0,2,0,0,0,0,2,2,2,2,0,0,2,2
97,-437.385,-2763.061,158.484,179.363,-0.999495,-0.011109,-0.029773,0.012201,-0.999251,-0.036734,-0.029343,-0.037078,0.998881,0,0.91655,0.25759,54.993,0.515,-1,400.000,-1,400.000,-1,325.000,325.000,275.000,300.000,-1,-1,-1,-1,725.000,775.000,-1,-1,2,0,2,0,2,0,0,0,0,2,2,2,2,0,0,2,2
98,-490.599,-2763.171,156.888,180.118,-0.999570,0.002062,-0.029260,-0.000977,-0.999312,-0.037068,-0.029316,-0.037023,0.998884,0,0.88691,0.37759,53.215,0.755,-1,400.000,-1,400.000,-1,325.000,325.000,275.000,300.000,-1,-1,-1,-1,725.000,775.000,-1,-1,2,0,2,0,2,0,0,0,0,2,2,2,2,0,0,2,2
99,-543.804,-2764.205,155.280,181.113,-0.999401,0.019418,-0.028658,-0.018344,-0.999136,-0.037286,-0.029357,-0.036738,0.998894,0,0.88691,0.49759,53.215,0.995,-1,400.000,-1,400.000,-1,325.000,325.000,275.000,300.000,-1,-1,-1,-1,725.000,775.000,-1,-1,2,0,2,0,2,0,0,0,0,2,2,2,2,0,0,2,2
100,-596.974,-2766.385,153.655,182.349,-0.998769,0.040952,-0.027973,-0.039895,-0.998505,-0.037359,-0.029461,-0.036197,0.998910,0,0.88691,0.61759,53.215,1.235,-1,400.000,-1,400.000,-1,325.000,325.000,275.000,300.000,-1,-1,-1,-1,725.000,800.000,-1,-1,2,0,2,0,2,0,0,0,0,2,2,2,2,0,0,2,2
101,-650.070,-2769.933,151.987,183.824,-0.997406,0.066647,-0.027183,-0.065617,-0.997152,-0.037172,-0.029583,-0.035292,0.998939,0,0.88691,0.73759,53.215,1.475,-1,400.000,-1,400.000,-1,325.000,325.000,275.000,300.000,-1,-1,-1,-1,725.000,800.000,-1,-1,2,0,2,0,2,0,0,0,0,2,2,2,2,0,0,2,2
102,-703.036,-2775.069,150.305,185.539,-0.994983,0.096469,-0.026516,-0.095485,-0.994774,-0.036169,-0.029866,-0.033455,0.998994,0,0.88691,0.85759,53.215,1.715,-1,400.000,-1,400.000,-1,325.000,325.000,275.000,300.000,-1,-1,-1,-1,700.000,800.000,-1,-1,2,0,2,0,2,0,0,0,0,2,2,2,2,0,0,2,2
103,-755.796,-2782.008,148.664,187.494,-0.991130,0.130362,-0.025828,-0.129438,-0.990980,-0.034708,-0.030120,-0.031057,0.999064,0,0.88691,0.97759,53.215,1.955,-1,400.000,-1,400.000,-1,325.000,325.000,275.000,300.000,-1,-1,-1,-1,700.000,800.000,-1,-1,2,0,2,0,2,0,0,0,0,2,2,2,2,0,0,2,2
104,-808.282,-2790.785,147.006,189.494,-0.985991,0.164880,-0.025206,-0.164020,-0.985903,-0.033073,-0.030304,-0.028475,0.999135,0,0.88691,1.00000,53.215,2.000,-1,375.000,-1,400.000,-1,325.000,325.000,275.000,300.000,-1,-1,-1,-1,700.000,800.000,-1,-1,2,0,2,0,2,0,0,0,0,2,2,2,2,0,0,2,2
105,-860.430,-2801.388,145.337,191.494,-0.979648,0.199202,-0.024677,-0.198408,-0.979620,-0.031279,-0.030405,-0.025747,0.999206,0,0.88691,1.00000,53.215,2.000,-1,375.000,-1,400.000,-1,325.000,325.000,275.000,300.000,-1,-1,-1,-1,700.000,800.000,-1,-1,2,0,2,0,2,0,0,0,0,2,2,2,2,0,0,2,2
106,-912.175,-2813.804,143.661,193.494,-0.972106,0.233285,-0.024246,-0.232561,-0.972139,-0.029348,-0.030417,-0.022891,0.999275,0,0.88691,1.00000,53.215,2.000,-1,375.000,-1,400.000,-1,325.000,325.000,275.000,300.000,-1,-1,-1,-1,700.000,800.000,-1,-1,2,0,2,0,2,0,0,0,0,2,2,2,2,0,0,2,2
107,-963.456,-2828.019,141.982,195.494,-0.963376,0.267087,-0.023918,-0.266434,-0.963466,-0.027298,-0.030335,-0.019926,0.999341,0,0.88691,1.00000,53.215,2.000,-1,375.000,-1,400.000,-1,325.000,325.000,275.000,300.000,-1,-1,-1,-1,700.000,800.000,-1,-1,2,0,2,0,2,0,0,0,0,2,2,2,2,0,0,2,2
108,-1014.210,-2844.015,140.303,197.494,-0.953467,0.300566,-0.023698,-0.299986,-0.953612,-0.025147,-0.030157,-0.016868,0.999403,0,0.88691,1.00000,53.215,2.000,-1,375.000,-1,400.000,-1,325.000,325.000,275.000,300.000,-1,-1,-1,-1,700.000,800.000,-1,-1,2,0,2,0,2,0,0,0,0,2,2,2,2,0,0,2,2
109,-1064.374,-2861.772,138.630,199.494,-0.942392,0.333679,-0.023587,-0.333175,-0.942587,-0.022912,-0.029878,-0.013734,0.999459,0,0.88691,1.00000,53.215,2.000,-1,375.000,-1,400.000,-1,325.000,325.000,275.000,300.000,-1,-1,825.000,-1,700.000,775.000,-1,-1,2,0,2,0,2,0,0,0,0,2,2,0,2,0,0,2,2
110,-1113.889,-2881.270,136.965,201.494,-0.930164,0.366386,-0.023585,-0.365958,-0.930403,-0.020611,-0.029495,-0.010540,0.999509,0,0.88691,1.00000,53.215,2.000,-1,375.000,-1,400.000,-1,325.000,325.000,275.000,300.000,-1,950.000,700.000,-1,675.000,775.000,-1,-1,2,0,2,0,2,0,0,0,0,2,0,0,2,0,0,2,2
111,-1162.692,-2902.484,135.312,203.494,-0.916799,0.398645,-0.023692,-0.398293,-0.917076,-0.018256,-0.029006,-0.007301,0.999553,0,0.88691,1.00000,53.215,2.000,-1,375.000,-1,400.000,-1,325.000,325.000,275.000,300.000,-1,850.000,625.000,-1,675.000,775.000,-1,-1,2,0,2,0,2,0,0,0,0,2,0,0,2,0,0,2,2
112,-1210.725,-2925.388,133.646,205.494,-0.902315,0.430416,-0.023878,-0.430146,-0.902622,-0.015732,-0.028324,-0.003924,0.999591,0,0.88691,1.00000,53.215,2.000,-1,375.000,-1,400.000,-1,325.000,325.000,275.000,300.000,-1,775.000,575.000,-1,675.000,750.000,-1,-1,2,0,2,0,2,0,0,0,0,2,0,0,2,0,0,2,2
113,-1257.930,-2949.955,132.001,207.494,-0.886729,0.461658,-0.024167,-0.461470,-0.887058,-0.013186,-0.027525,-0.000540,0.999621,0,0.88691,1.00000,53.215,2.000,-1,375.000,-1,400.000,-1,300.000,325.000,275.000,300.000,-1,725.000,550.000,-1,675.000,750.000,-1,-1,2,0,2,0,2,0,0,0,0,2,0,0,2,0,0,2,2
114,-1304.249,-2976.154,130.405,209.494,-0.870061,0.492333,-0.024529,-0.492224,-0.870403,-0.010715,-0.026625,0.002751,0.999642,0,0.88691,1.00000,53.215,2.000,-1,375.000,-1,400.000,-1,300.000,325.000,275.000,300.000,-1,700.000,525.000,-1,675.000,750.000,-1,-1,2,0,2,0,2,0,0,0,0,2,0,0,2,0,0,2,2
115,-1349.624,-3003.954,128.974,211.494,-0.852348,0.522404,-0.024447,-0.522363,-0.852681,-0.008514,-0.025294,0.005513,0.999665,0,0.88691,1.00000,53.215,2.000,-1,375.000,-1,400.000,-1,300.000,325.000,275.000,300.000,-1,650.000,500.000,-1,675.000,725.000,-1,-1,2,0,2,0,2,0,0,0,0,2,0,0,2,0,0,2,2
116,-1394.002,-3033.321,127.837,213.494,-0.833625,0.551837,-0.023332,-0.551844,-0.833920,-0.006727,-0.023169,0.007268,0.999705,0,0.88691,1.00000,53.215,2.000,-1,375.000,-1,400.000,-1,300.000,325.000,275.000,300.000,-1,600.000,475.000,-1,675.000,750.000,-1,-1,2,0,2,0,2,0,0,0,0,2,0,0,2,0,0,2,2
117,-1437.328,-3064.218,126.781,215.494,-0.813879,0.580595,-0.022579,-0.580648,-0.814141,-0.004837,-0.021191,0.009174,0.999733,0,0.88691,1.00000,53.215,2.000,-1,375.000,-1,400.000,-1,300.000,325.000,300.000,300.000,-1,575.000,450.000,-1,675.000,750.000,-1,-1,2,0,2,0,2,0,0,0,0,2,0,0,2,0,0,2,2
118,-1479.550,-3096.609,125.768,217.494,-0.793139,0.608643,-0.021986,-0.608736,-0.793367,-0.002941,-0.019233,0.011051,0.999754,0,0.88691,1.00000,53.215,2.000,-1,375.000,-1,400.000,-1,300.000,325.000,300.000,300.000,-1,575.000,450.000,-1,675.000,750.000,-1,-1,2,0,2,0,2,0,0,0,0,2,0,0,2,0,0,2,2
119,-1520.615,-3130.454,124.794,219.494,-0.771433,0.635947,-0.021510,-0.636076,-0.771626,-0.001067,-0.017276,0.012859,0.999768,0,0.88691,1.00000,53.215,2.000,-1,375.000,-1,400.000,-1,325.000,325.000,300.000,300.000,-1,550.000,450.000,-1,675.000,750.000,-1,-1,2,0,2,0,2,0,0,0,0,2,0,0,2,0,0,2,2
120,-1560.474,-3165.711,123.861,221.494,-0.748787,0.662473,-0.021145,-0.662633,-0.748944,0.000771,-0.015326,0.014588,0.999776,0,0.88691,1.00000,53.215,2.000,-1,375.000,-1,400.000,-1,325.000,325.000,300.000,300.000,-1,550.000,450.000,-1,675.000,750.000,-1,-1,2,0,2,0,2,0,0,0,0,2,0,0,2,0,0,2,2
121,-1599.078,-3202.338,123.096,223.494,-0.725234,0.688184,-0.020939,-0.688380,-0.725343,0.003212,-0.012978,0.016744,0.999776,0,0.88691,1.00000,53.215,2.000,-1,375.000,-1,400.000,-1,325.000,325.000,300.000,300.000,-1,525.000,450.000,-1,675.000,750.000,-1,-1,2,0,2,0,2,0,0,0,0,2,0,0,2,0,0,2,2
122,-1636.380,-3240.290,122.585,225.494,-0.700808,0.713041,-0.021006,-0.713281,-0.700847,0.006676,-0.009962,0.019662,0.999757,0,0.88691,1.00000,53.215,2.000,-1,375.000,-1,400.000,-1,325.000,325.000,300.000,300.000,-1,525.000,425.000,-1,700.000,750.000,-1,-1,2,0,2,0,2,0,0,0,0,2,0,0,2,0,0,2,2
123,-1672.334,-3279.521,122.118,227.494,-0.675533,0.737022,-0.021278,-0.737296,-0.675495,0.010032,-0.006979,0.022465,0.999723,0,0.88691,1.00000,53.215,2.000,-1,375.000,-1,400.000,-1,325.000,325.000,300.000,300.000,-1,525.000,425.000,-1,700.000,775.000,-1,-1,2,0,2,0,2,0,0,0,0,2,0,0,2,0,0,2,2
124,-1706.898,-3319.983,121.708,229.494,-0.649443,0.760100,-0.021731,-0.760400,-0.649321,0.013215,-0.004066,0.025107,0.999677,0,0.88691,1.00000,53.215,2.000,-1,375.000,-1,400.000,-1,325.000,325.000,300.000,300.000,-1,500.000,425.000,-1,725.000,775.000,-1,-1,2,0,2,0,2,0,0,0,0,2,0,0,2,0,0,2,2
125,-1740.028,-3361.627,121.418,231.494,-0.622564,0.782252,-0.022284,-0.782568,-0.622362,0.015929,-0.001408,0.027355,0.999625,0,0.88691,1.00000,53.215,2.000,-1,375.000,-1,400.000,-1,325.000,325.000,300.000,300.000,-1,500.000,425.000,-1,725.000,775.000,-1,-1,2,0,2,0,2,0,0,0,0,2,0,0,2,0,0,2,2
126,-1768.993,-3400.421,121.477,233.254,-0.598269,0.800977,-0.022565,-0.801295,-0.598028,0.016998,0.000120,0.028251,0.999601,0,0.80691,0.88000,48.415,1.760,-1,375.000,-1,400.000,-1,325.000,325.000,300.000,300.000,-1,525.000,450.000,-1,725.000,800.000,-1,-1,2,0,2,0,2,0,0,0,0,2,0,0,2,0,0,2,2
127,-1794.150,-3436.050,121.550,234.774,-0.576835,0.816541,-0.022844,-0.816859,-0.576558,0.017929,0.001469,0.029002,0.999578,0,0.72691,0.76000,43.615,1.520,-1,375.000,-1,400.000,-1,325.000,325.000,300.000,300.000,-1,550.000,475.000,-1,725.000,800.000,-1,-1,2,0,2,0,2,0,0,0,0,2,0,0,2,0,0,2,2
128,-1815.824,-3468.249,121.631,236.054,-0.558472,0.829202,-0.023105,-0.829519,-0.558164,0.018732,0.002637,0.029627,0.999558,0,0.64691,0.64000,38.815,1.280,-1,375.000,-1,400.000,-1,325.000,325.000,300.000,300.000,-1,575.000,475.000,-1,750.000,800.000,-1,-1,2,0,2,0,2,0,0,0,0,2,0,0,2,0,0,2,2
129,-1834.302,-3496.807,121.808,237.094,-0.543354,0.839192,-0.022881,-0.839495,-0.543019,0.019464,0.003909,0.029784,0.999549,0,0.56691,0.52000,34.015,1.040,-1,375.000,-1,400.000,-1,325.000,325.000,300.000,300.000,-1,575.000,500.000,-1,750.000,825.000,-1,-1,2,0,2,0,2,0,0,0,0,2,0,0,2,0,0,2,2
130,-1849.830,-3521.554,121.977,237.894,-0.531605,0.846690,-0.022631,-0.846978,-0.531248,0.020097,0.004993,0.029852,0.999542,0,0.48691,0.40000,29.215,0.800,-1,375.000,-1,400.000,-1,325.000,325.000,300.000,300.000,-1,575.000,525.000,-1,750.000,825.000,-1,-1,2,0,2,0,2,0,0,0,0,2,0,0,2,0,0,2,2
131,-1862.603,-3542.361,122.114,238.454,-0.523321,0.851840,-0.022441,-0.852116,-0.522947,0.020622,0.005831,0.029914,0.999535,0,0.40691,0.28000,24.415,0.560,-1,375.000,-1,400.000,-1,325.000,325.000,300.000,300.000,-1,600.000,525.000,-1,750.000,825.000,-1,-1,2,0,2,0,2,0,0,0,0,2,0,0,2,0,0,2,2
132,-1872.771,-3559.134,122.219,238.774,-0.518567,0.854746,-0.022293,-0.855013,-0.518180,0.021037,0.006430,0.029970,0.999530,0,0.32691,0.16000,19.615,0.320,-1,375.000,-1,400.000,-1,325.000,325.000,300.000,300.000,-1,600.000,525.000,-1,750.000,825.000,-1,-1,2,0,2,0,2,0,0,0,0,2,0,0,2,0,0,2,2
133,-1880.416,-3571.824,122.294,238.933,-0.516197,0.856182,-0.022181,-0.856442,-0.515801,0.021345,0.006834,0.030015,0.999526,0,0.24691,0.07964,14.815,0.159,-1,375.000,-1,400.000,-1,325.000,325.000,300.000,300.000,-1,600.000,550.000,-1,750.000,850.000,-1,-1,2,0,2,0,2,0,0,0,0,2,0,0,2,0,0,2,2
134,-1885.560,-3580.416,122.345,239.093,-0.513821,0.857612,-0.022111,-0.857868,-0.513418,0.021551,0.007130,0.030042,0.999523,0,0.16691,0.07964,10.015,0.159,-1,400.000,-1,400.000,-1,325.000,325.000,300.000,300.000,-1,625.000,550.000,-1,775.000,850.000,-1,-1,2,0,2,0,2,0,0,0,0,2,0,0,2,0,0,2,2
135,-1888.226,-3584.898,122.374,239.252,-0.511438,0.859036,-0.022081,-0.859289,-0.511032,0.021659,0.007322,0.030052,0.999522,0,0.08691,0.07964,5.215,0.159,-1,400.000,-1,400.000,-1,325.000,325.000,300.000,300.000,-1,625.000,550.000,-1,775.000,850.000,-1,-1,2,0,2,0,2,0,0,0,0,2,0,0,2,0,0,2,2
136,-1893.286,-3593.541,122.432,239.651,-0.505447,0.862576,-0.022034,-0.862823,-0.505033,0.021869,0.007736,0.030065,0.999518,0,0.16691,0.19964,10.015,0.399,-1,400.000,-1,400.000,-1,325.000,325.000,300.000,300.000,-1,625.000,550.000,-1,775.000,850.000,-1,-1,2,0,2,0,2,0,0,0,0,2,0,0,2,0,0,2,2
