timestep,x_cm,y_cm,z_cm,yaw_deg,basis_xx,basis_xy,basis_xz,basis_yx,basis_yy,basis_yz,basis_zx,basis_zy,basis_zz,teleport_flag,throttle_cmd,steering_cmd,cmd_move_cm,cmd_turn_deg,lidar_cm_0,lidar_cm_1,lidar_cm_2,lidar_cm_3,lidar_cm_4,lidar_cm_5,lidar_cm_6,lidar_cm_7,lidar_cm_8,lidar_cm_9,lidar_cm_10,lidar_cm_11,lidar_cm_12,lidar_cm_13,lidar_cm_14,lidar_cm_15,lidar_cm_16,lidar_class_0,lidar_class_1,lidar_class_2,lidar_class_3,lidar_class_4,lidar_class_5,lidar_class_6,lidar_class_7,lidar_class_8,lidar_class_9,lidar_class_10,lidar_class_11,lidar_class_12,lidar_class_13,lidar_class_14,lidar_class_15,lidar_class_16
0,-8851.328,-980.911,-238.536,-140.662,-0.771963,0.630030,-0.084472,-0.635390,-0.768707,0.073275,-0.018769,0.110238,0.993728,1,-0.08000,0.12000,-4.800,0.240,-1,375.000,-1,375.000,650.000,300.000,300.000,300.000,300.000,-1,-1,-1,-1,675.000,575.000,-1,675.000,2,0,2,0,0,0,0,0,0,2,2,2,2,0,0,2,0
1,-8843.953,-974.763,-238.387,-140.182,-0.766653,0.636441,-0.084771,-0.641801,-0.763394,0.072949,-0.018286,0.110333,0.993726,0,-0.16000,0.24000,-9.600,0.480,-1,375.000,-1,375.000,650.000,300.000,300.000,300.000,300.000,-1,-1,-1,-1,675.000,575.000,-1,700.000,2,0,2,0,0,0,0,0,0,2,2,2,2,0,0,2,0
2,-8833.009,-965.404,-238.174,-139.462,-0.758586,0.645971,-0.085255,-0.651336,-0.755322,0.072464,-0.017585,0.110500,0.993721,0,-0.24000,0.36000,-14.400,0.720,-1,375.000,-1,375.000,675.000,300.000,300.000,300.000,300.000,-1,-1,-1,-1,675.000,600.000,-1,700.000,2,0,2,0,0,0,0,0,0,2,2,2,2,0,0,2,0
3,-8818.627,-952.681,-237.927,-138.502,-0.747647,0.658521,-0.085877,-0.663888,-0.744376,0.071806,-0.016639,0.110698,0.993715,0,-0.32000,0.48000,-19.200,0.960,-1,375.000,-1,375.000,675.000,300.000,300.000,300.000,300.000,-1,-1,-1,-1,675.000,600.000,-1,725.000,2,0,2,0,0,0,0,0,0,2,2,2,2,0,0,2,0
4,-8800.987,-936.406,-237.633,-137.302,-0.733694,0.673961,-0.086431,-0.679308,-0.730417,0.070937,-0.015322,0.110759,0.993729,0,-0.40000,0.60000,-24.000,1.200,-1,375.000,-1,375.000,700.000,300.000,300.000,300.000,300.000,-1,-1,-1,-1,675.000,600.000,-1,725.000,2,0,2,0,0,0,0,0,0,2,2,2,2,0,0,2,0
5,-8780.316,-916.349,-237.200,-135.862,-0.716572,0.692055,-0.087088,-0.697388,-0.713199,0.070686,-0.013193,0.111386,0.993690,0,-0.48000,0.72000,-28.800,1.440,-1,375.000,-1,375.000,700.000,300.000,300.000,300.000,300.000,-1,-1,-1,-1,700.000,625.000,-1,750.000,2,0,2,0,0,0,0,0,0,2,2,2,2,0,0,2,0
6,-8756.896,-892.253,-236.796,-134.182,-0.696040,0.712611,-0.087828,-0.717924,-0.692550,0.070419,-0.010644,0.112068,0.993643,0,-0.56000,0.84000,-33.600,1.680,-1,375.000,-1,375.000,725.000,300.000,300.000,300.000,300.000,-1,-1,-1,-1,700.000,625.000,-1,800.000,2,0,2,0,0,0,0,0,0,2,2,2,2,0,0,2,0
7,-8731.068,-863.834,-236.479,-132.262,-0.671857,0.735359,-0.088632,-0.740641,-0.668236,0.070084,-0.007690,0.112731,0.993596,0,-0.64000,0.96000,-38.400,1.920,-1,375.000,-1,375.000,750.000,300.000,300.000,300.000,300.000,-1,-1,-1,-1,700.000,650.000,-1,825.000,2,0,2,0,0,0,0,0,0,2,2,2,2,0,0,2,0
8,-8703.145,-830.867,-236.288,-130.262,-0.645874,0.758183,-0.089467,-0.763430,-0.642124,0.069660,-0.004634,0.113294,0.993551,0,-0.72000,1.00000,-43.200,2.000,-1,375.000,-1,375.000,800.000,300.000,300.000,300.000,300.000,-1,-1,-1,-1,700.000,675.000,-1,875.000,2,0,2,0,0,0,0,0,0,2,2,2,2,0,0,2,0
9,-8674.786,-794.911,-236.264,-128.262,-0.619116,0.780092,-0.090287,-0.785298,-0.615241,0.069179,-0.001582,0.113732,0.993510,0,-0.76319,1.00000,-45.791,2.000,-1,375.000,-1,375.000,825.000,325.000,300.000,300.000,300.000,-1,-1,-1,-1,700.000,675.000,-1,925.000,2,0,2,0,0,0,0,0,0,2,2,2,2,0,0,2,0
10,-8647.396,-757.575,-236.420,-126.262,-0.591618,0.801059,-0.091063,-0.806217,-0.587620,0.068675,0.001502,0.114046,0.993474,0,-0.77171,1.00000,-46.303,2.000,-1,375.000,-1,375.000,850.000,325.000,300.000,300.000,300.000,-1,-1,-1,-1,725.000,675.000,-1,950.000,2,0,2,0,0,0,0,0,0,2,2,2,2,0,0,2,0
11,-8621.072,-718.932,-236.681,-124.262,-0.563389,0.821088,-0.091690,-0.826180,-0.559312,0.067804,0.004389,0.113953,0.993476,0,-0.77923,1.00000,-46.754,2.000,-1,375.000,-1,375.000,900.000,325.000,325.000,300.000,300.000,-1,-1,-1,975.000,725.000,675.000,-1,1000.000,2,0,2,0,0,0,0,0,0,2,2,2,1,0,0,2,0
12,-8595.912,-679.072,-237.145,-122.262,-0.534487,0.840249,-0.091140,-0.845145,-0.530405,0.066344,0.007405,0.112486,0.993626,0,-0.78555,1.00000,-47.133,2.000,-1,375.000,-1,375.000,925.000,325.000,325.000,300.000,300.000,-1,-1,-1,950.000,725.000,675.000,-1,-1,2,0,2,0,0,0,0,0,0,2,2,2,1,0,0,2,2
13,-8572.016,-638.101,-239.269,-120.262,-0.505284,0.858924,-0.083296,-0.862820,-0.501152,0.066245,0.015155,0.105342,0.994321,0,-0.79048,1.00000,-47.429,2.000,-1,375.000,-1,400.000,-1,325.000,325.000,300.000,300.000,-1,-1,-1,900.000,725.000,725.000,-1,-1,2,0,2,0,2,0,0,1,0,2,2,2,1,0,0,2,2
14,-8549.470,-596.145,-241.741,-118.262,-0.475401,0.876580,-0.074840,-0.879456,-0.471241,0.066996,0.023460,0.097669,0.994942,0,-0.79379,1.00000,-47.628,2.000,-1,375.000,-1,400.000,-1,325.000,325.000,300.000,300.000,-1,-1,-1,850.000,725.000,750.000,-1,-1,2,0,2,0,2,0,0,1,0,2,2,2,1,0,0,2,2
15,-8528.362,-553.347,-244.465,-116.262,-0.444854,0.893158,-0.066130,-0.895021,-0.440691,0.068770,0.032279,0.089780,0.995438,0,-0.79531,1.00000,-47.719,2.000,-1,375.000,-1,400.000,-1,325.000,325.000,325.000,325.000,-1,0.000,-1,800.000,750.000,775.000,-1,-1,2,0,2,0,2,0,0,1,0,2,1,2,1,0,0,2,2
16,-8510.568,-514.290,-247.084,-114.502,-0.417440,0.906835,-0.058251,-0.907800,-0.413308,0.071240,0.040528,0.082619,0.995757,0,-0.71531,0.88000,-42.919,1.760,-1,400.000,-1,425.000,-1,325.000,350.000,325.000,325.000,-1,0.000,-1,775.000,750.000,825.000,-1,-1,2,0,2,0,2,0,0,1,0,2,1,2,1,0,0,2,2
17,-8495.692,-479.193,-250.051,-112.982,-0.393346,0.918118,-0.048350,-0.918042,-0.389379,0.074715,0.049771,0.073777,0.996032,0,-0.63531,0.76000,-38.119,1.520,-1,400.000,-1,450.000,-1,325.000,350.000,350.000,325.000,-1,0.000,0.000,725.000,750.000,875.000,-1,-1,2,0,2,0,2,0,0,1,0,2,1,1,1,0,0,2,2
18,-8483.377,-448.234,-252.742,-111.702,-0.372697,0.927131,-0.039058,-0.926121,-0.368989,0.078402,0.058277,0.065393,0.996156,0,-0.55531,0.64000,-33.319,1.280,-1,400.000,-1,450.000,-1,325.000,350.000,375.000,325.000,-1,0.000,0.000,700.000,775.000,925.000,-1,-1,2,0,2,0,2,0,0,1,0,2,1,1,1,0,0,2,2
19,-8473.320,-421.548,-255.110,-110.662,-0.355668,0.934091,-0.031223,-0.932317,-0.352257,0.081851,0.065458,0.058221,0.996155,0,-0.47531,0.52000,-28.519,1.040,-1,400.000,-1,475.000,-1,350.000,350.000,375.000,350.000,-1,0.000,0.000,675.000,775.000,975.000,-1,-1,2,0,2,0,2,0,0,1,0,2,1,1,1,0,0,2,2
20,-8465.331,-399.215,-257.067,-109.693,-0.339647,0.940220,-0.025017,-0.937836,-0.336526,0.084939,0.071443,0.052311,0.996072,0,-0.39531,0.48432,-23.719,0.969,-1,400.000,-1,475.000,-1,350.000,375.000,400.000,350.000,-1,0.000,0.000,650.000,800.000,-1,-1,-1,2,0,2,0,2,0,0,1,0,2,1,1,1,0,2,2,2
21,-8459.336,-381.272,-258.455,-108.485,-0.319589,0.947325,-0.020941,-0.944473,-0.316691,0.087619,0.076372,0.047780,0.995934,0,-0.31531,0.60432,-18.919,1.209,-1,400.000,-1,500.000,-1,350.000,375.000,425.000,350.000,-1,0.000,0.000,625.000,800.000,-1,-1,-1,2,0,2,0,2,0,0,1,0,2,1,1,1,0,2,2,2
22,-8455.201,-367.773,-259.230,-107.036,-0.295459,0.955165,-0.019091,-0.951988,-0.292682,0.089755,0.080144,0.044693,0.995781,0,-0.23531,0.72432,-14.119,1.449,-1,400.000,-1,500.000,-1,350.000,375.000,450.000,350.000,-1,0.000,0.000,625.000,800.000,-1,-1,-1,2,0,2,0,2,0,0,1,0,2,1,1,0,0,2,2,2
23,-8452.735,-358.786,-259.359,-105.347,-0.267204,0.963443,-0.019498,-0.960084,-0.264427,0.091204,0.082714,0.043090,0.995641,0,-0.15531,0.84432,-9.319,1.689,-1,400.000,-1,500.000,-1,350.000,375.000,500.000,350.000,-1,0.000,0.000,625.000,800.000,-1,-1,-1,2,0,2,0,2,0,0,1,0,2,1,1,0,0,2,2,2
24,-8451.685,-354.391,-258.835,-103.438,-0.235090,0.971723,-0.022085,-0.968329,-0.232182,0.091821,0.084097,0.042972,0.995531,0,-0.07531,0.95464,-4.519,1.909,-1,400.000,-1,500.000,-1,350.000,375.000,550.000,350.000,-1,0.000,0.000,650.000,800.000,-1,-1,-1,2,0,2,0,2,0,0,1,0,2,1,1,0,0,2,2,2
25,-8451.739,-354.666,-257.778,-101.527,-0.202768,0.978875,-0.026250,-0.975586,-0.199632,0.091532,0.084358,0.044169,0.995456,0,0.00469,0.95568,0.281,1.911,-1,400.000,-1,475.000,-1,350.000,375.000,625.000,350.000,-1,0.000,0.000,675.000,775.000,-1,-1,-1,2,0,2,0,2,0,0,1,0,2,1,1,0,0,2,2,2
26,-8452.586,-359.675,-256.221,-99.616,-0.170296,0.984882,-0.031732,-0.981831,-0.166857,0.090368,0.083707,0.046545,0.995403,0,0.08469,0.95562,5.081,1.911,-1,400.000,-1,475.000,-1,325.000,350.000,700.000,350.000,-1,0.000,0.000,700.000,775.000,-1,-1,-1,2,0,2,0,2,0,0,1,0,2,1,1,0,0,2,2,2
27,-8453.908,-369.467,-254.207,-97.707,-0.137724,0.989731,-0.038261,-0.987039,-0.133932,0.088408,0.082376,0.049942,0.995349,0,0.16469,0.95454,9.881,1.909,-1,400.000,-1,450.000,-1,325.000,350.000,750.000,350.000,-1,0.000,0.000,725.000,775.000,975.000,-1,-1,2,0,2,0,2,0,0,1,0,2,1,1,0,0,0,2,2
28,-8455.388,-384.072,-251.782,-95.801,-0.105103,0.993417,-0.045569,-0.991189,-0.100933,0.085772,0.080608,0.054182,0.995272,0,0.24469,0.95253,14.681,1.905,-1,400.000,-1,450.000,-1,325.000,350.000,800.000,350.000,-1,650.000,0.000,775.000,750.000,925.000,-1,-1,2,0,2,0,2,0,0,1,0,2,1,1,0,0,0,2,2
29,-8456.709,-403.507,-248.991,-93.902,-0.072485,0.995939,-0.053393,-0.994264,-0.067935,0.082611,0.078648,0.059075,0.995151,0,0.32469,0.94964,19.481,1.899,-1,400.000,-1,450.000,-1,325.000,350.000,875.000,350.000,-1,675.000,450.000,825.000,750.000,900.000,-1,-1,2,0,2,0,2,0,0,1,0,2,1,1,0,0,0,2,2
30,-8457.556,-427.772,-245.882,-92.010,-0.039928,0.997309,-0.061493,-0.996252,-0.035008,0.079101,0.076735,0.064421,0.994968,0,0.40469,0.94589,24.281,1.892,-1,375.000,-1,425.000,-1,325.000,325.000,925.000,325.000,-1,725.000,475.000,875.000,750.000,850.000,-1,-1,2,0,2,0,2,0,0,1,0,2,1,1,0,0,0,2,2
31,-8457.617,-456.852,-242.955,-90.128,-0.007251,0.997674,-0.067779,-0.997261,-0.002225,0.073931,0.073609,0.068129,0.994957,0,0.48469,0.94131,29.081,1.883,-1,375.000,-1,400.000,-1,325.000,325.000,1000.000,325.000,-1,775.000,525.000,950.000,750.000,800.000,-1,-1,2,0,2,0,2,0,0,1,0,2,1,1,0,0,0,2,2
32,-8456.582,-490.715,-239.739,-88.256,0.025222,0.996937,-0.074025,-0.997152,0.030354,0.069045,0.071081,0.072073,0.994863,0,0.56469,0.93589,33.881,1.872,-1,375.000,-1,400.000,-1,300.000,325.000,-1,325.000,-1,800.000,575.000,-1,750.000,775.000,-1,-1,2,0,2,0,2,0,0,2,0,2,1,1,2,0,0,2,2
33,-8454.150,-529.318,-236.886,-86.397,0.057426,0.995321,-0.077705,-0.995789,0.062676,0.066900,0.071457,0.073536,0.994729,0,0.64469,0.92959,38.681,1.859,-1,375.000,-1,400.000,-1,300.000,325.000,-1,325.000,-1,800.000,600.000,-1,750.000,750.000,-1,-1,2,0,2,0,2,0,0,2,0,2,1,1,2,0,0,2,2
34,-8450.043,-572.354,-233.855,-84.552,0.089238,0.992710,-0.081017,-0.993319,0.094677,0.065976,0.073166,0.074589,0.994527,0,0.72053,0.92239,43.232,1.845,-1,375.000,-1,375.000,-1,300.000,300.000,-1,300.000,-1,800.000,600.000,-1,775.000,725.000,-1,-1,2,0,2,0,2,0,0,2,0,2,1,1,2,0,0,2,2
35,-8444.542,-615.421,-230.634,-82.724,0.120610,0.989080,-0.084697,-0.989845,0.126291,0.065245,0.075229,0.075968,0.994268,0,0.72364,0.91424,43.418,1.828,-1,375.000,-1,375.000,-1,300.000,300.000,-1,300.000,-1,775.000,575.000,-1,800.000,700.000,-1,-1,2,0,2,0,2,0,0,2,0,2,1,1,2,0,0,2,2
36,-8436.918,-663.031,-226.012,-80.902,0.151957,0.984601,-0.086424,-0.985446,0.157665,0.063550,0.076198,0.075509,0.994230,0,0.80364,0.91058,48.218,1.821,-1,375.000,-1,375.000,-1,300.000,300.000,-1,300.000,-1,800.000,600.000,-1,825.000,700.000,-1,-1,2,0,2,0,2,0,0,2,0,2,1,1,2,0,0,2,2
37,-8427.379,-712.520,-221.141,-79.088,0.182946,0.979198,-0.087759,-0.979975,0.188770,0.063367,0.078615,0.074409,0.994124,0,0.84002,0.90702,50.401,1.814,-1,400.000,-1,375.000,-1,300.000,300.000,-1,300.000,-1,825.000,600.000,-1,875.000,725.000,-1,-1,2,0,2,0,2,0,0,2,0,2,1,1,2,0,0,2,2
38,-8416.376,-761.292,-216.922,-77.283,0.213858,0.973053,-0.086210,-0.973511,0.219598,0.063657,0.080873,0.070313,0.994241,0,0.83332,0.90290,49.999,1.806,-1,400.000,-1,375.000,-1,300.000,300.000,-1,300.000,-1,825.000,600.000,-1,900.000,725.000,-1,-1,2,0,2,0,2,0,0,2,0,2,1,1,2,0,0,2,2
39,-8403.941,-809.340,-212.695,-75.486,0.244463,0.965980,-0.084379,-0.966119,0.250076,0.063848,0.082777,0.065911,0.994386,0,0.82719,0.89840,49.631,1.797,-1,400.000,-1,375.000,-1,300.000,300.000,-1,325.000,-1,850.000,625.000,-1,950.000,725.000,-1,-1,2,0,2,0,2,0,0,2,0,2,1,1,2,0,0,2,2
40,-8390.108,-856.656,-208.422,-73.699,0.274697,0.957988,-0.082460,-0.957814,0.280160,0.064047,0.084458,0.061388,0.994534,0,0.82162,0.89356,49.297,1.787,-1,400.000,-1,375.000,-1,300.000,300.000,1000.000,325.000,-1,850.000,650.000,-1,975.000,750.000,-1,-1,2,0,2,0,2,0,0,1,0,2,1,1,2,0,0,2,2
41,-8374.908,-903.234,-204.105,-71.922,0.304521,0.949102,-0.080451,-0.948623,0.309814,0.064259,0.085913,0.056749,0.994685,0,0.81660,0.88840,48.996,1.777,-1,400.000,-1,375.000,-1,300.000,300.000,925.000,325.000,-1,825.000,675.000,-1,1000.000,750.000,-1,-1,2,0,2,0,2,0,0,1,0,2,1,1,2,0,0,2,2
42,-8358.371,-949.067,-199.747,-70.156,0.333898,0.939348,-0.078349,-0.938573,0.339001,0.064492,0.087141,0.052003,0.994838,0,0.81211,0.88293,48.726,1.766,-1,400.000,-1,375.000,-1,325.000,300.000,825.000,325.000,-1,825.000,725.000,-1,-1,775.000,-1,-1,2,0,2,0,2,0,0,1,0,2,1,1,2,2,0,2,2
43,-8340.526,-994.151,-195.353,-68.402,0.362794,0.928753,-0.076153,-0.927692,0.367689,0.064750,0.088137,0.047155,0.994992,0,0.80812,0.87718,48.487,1.754,-1,425.000,-1,375.000,-1,325.000,300.000,750.000,325.000,-1,850.000,775.000,-1,-1,775.000,-1,-1,2,0,2,0,2,0,0,1,0,2,1,1,2,2,0,2,2
44,-8321.403,-1038.477,-190.924,-66.659,0.391177,0.917347,-0.073860,-0.916011,0.395845,0.065040,0.088902,0.042214,0.995145,0,0.80461,0.87117,48.277,1.742,-1,425.000,-1,375.000,-1,325.000,300.000,675.000,325.000,-1,875.000,825.000,-1,-1,800.000,-1,-1,2,0,2,0,2,0,0,1,0,2,1,1,2,2,0,2,2
45,-8301.028,-1082.042,-186.873,-64.929,0.419061,0.905215,-0.070526,-0.903412,0.423466,0.067254,0.090744,0.035531,0.995240,0,0.80156,0.86490,48.094,1.730,-1,425.000,-1,375.000,-1,325.000,300.000,575.000,325.000,-1,875.000,850.000,-1,-1,850.000,-1,-1,2,0,2,0,2,0,0,1,0,2,1,1,2,2,0,2,2
46,-8279.427,-1124.836,-182.839,-63.213,0.446386,0.892321,-0.067104,-0.890047,0.450496,0.069784,0.092500,0.028576,0.995303,0,0.79895,0.85841,47.937,1.717,-1,425.000,-1,400.000,-1,325.000,325.000,475.000,325.000,-1,900.000,900.000,-1,-1,900.000,-1,-1,2,0,2,0,2,0,0,1,0,2,1,0,2,2,0,2,2
47,-8256.626,-1166.854,-178.677,-61.509,0.473144,0.878691,-0.063537,-0.875987,0.476906,0.072160,0.093707,0.021515,0.995367,0,0.79675,0.85170,47.805,1.703,-1,450.000,-1,400.000,-1,350.000,325.000,400.000,325.000,-1,925.000,950.000,-1,-1,950.000,-1,-1,2,0,2,0,2,0,0,1,0,2,1,0,2,2,0,2,2
48,-8235.022,-1204.038,-174.724,-59.840,0.498974,0.864532,-0.060076,-0.861491,0.502358,0.073962,0.094122,0.014850,0.995450,0,0.71675,0.83454,43.005,1.669,-1,450.000,-1,425.000,-1,350.000,350.000,350.000,325.000,-1,950.000,-1,-1,-1,1000.000,-1,-1,2,0,2,0,2,0,0,1,0,2,1,2,2,2,0,2,2
49,-8214.882,-1236.504,-171.131,-58.184,0.524138,0.849710,-0.057195,-0.846419,0.527173,0.075257,0.094099,0.008966,0.995522,0,0.63675,0.82815,38.205,1.656,-1,450.000,-1,425.000,-1,350.000,350.000,325.000,325.000,-1,1000.000,-1,-1,-1,-1,-1,-1,2,0,2,0,2,0,0,1,0,2,1,2,2,2,2,2,2
50,-8196.465,-1264.373,-168.192,-56.539,0.548610,0.834253,-0.055219,-0.830894,0.551361,0.074936,0.092961,0.004771,0.995658,0,0.55675,0.82239,33.405,1.645,-1,450.000,-1,450.000,-1,350.000,350.000,300.000,325.000,-1,-1,-1,-1,-1,-1,-1,-1,2,0,2,0,2,0,0,0,0,2,2,2,2,2,2,2,2
51,-8180.019,-1287.777,-165.713,-54.904,0.572430,0.818193,-0.053698,-0.814838,0.574942,0.074040,0.091452,0.001373,0.995809,0,0.47675,0.81735,28.605,1.635,-1,450.000,-1,450.000,-1,350.000,350.000,300.000,325.000,-1,-1,-1,-1,-1,-1,-1,-1,2,0,2,0,2,0,0,0,0,2,2,2,2,2,2,2,2
52,-8165.786,-1306.858,-163.976,-53.278,0.595585,0.801549,-0.052896,-0.798361,0.597929,0.071426,0.088879,-0.000310,0.996042,0,0.39675,0.81306,23.805,1.626,-1,450.000,-1,450.000,-1,350.000,350.000,300.000,325.000,-1,-1,-1,-1,-1,-1,-1,-1,2,0,2,0,2,0,0,0,0,2,2,2,2,2,2,2,2
53,-8153.997,-1321.764,-162.571,-51.659,0.618139,0.784333,-0.052204,-0.781287,0.620337,0.069079,0.086565,-0.001914,0.996244,0,0.31675,0.80956,19.005,1.619,-1,450.000,-1,450.000,-1,350.000,350.000,300.000,300.000,-1,-1,-1,-1,-1,-1,-1,-1,2,0,2,0,2,0,0,0,0,2,2,2,2,2,2,2,2
54,-8144.875,-1332.652,-161.506,-50.045,0.640105,0.766550,-0.051651,-0.763620,0.642176,0.067040,0.084559,-0.003471,0.996412,0,0.23675,0.80685,14.205,1.614,-1,450.000,-1,450.000,-1,350.000,350.000,300.000,300.000,-1,-1,-1,-1,-1,-1,-1,-1,2,0,2,0,2,0,0,0,0,2,2,2,2,2,2,2,2
55,-8138.635,-1339.689,-160.781,-48.436,0.661487,0.748202,-0.051275,-0.745362,0.663453,0.065313,0.082886,-0.004985,0.996547,0,0.15675,0.80491,9.405,1.610,-1,450.000,-1,425.000,-1,350.000,350.000,325.000,300.000,-1,-1,-1,-1,-1,-1,-1,-1,2,0,2,0,2,0,0,0,0,2,2,2,2,2,2,2,2
56,-8135.485,-1343.047,-160.393,-46.828,0.682292,0.729291,-0.051115,-0.726518,0.684173,0.063863,0.081546,-0.006437,0.996649,0,0.07675,0.80370,4.605,1.607,-1,450.000,-1,425.000,-1,350.000,350.000,325.000,300.000,-1,-1,-1,-1,-1,-1,-1,-1,2,0,2,0,2,0,0,1,0,2,2,2,2,2,2,2,2
57,-8135.622,-1342.909,-160.328,-45.222,0.702520,0.709819,-0.051211,-0.707095,0.704341,0.062616,0.080516,-0.007778,0.996723,0,-0.00325,0.80314,-0.195,1.606,-1,450.000,-1,425.000,-1,350.000,350.000,325.000,300.000,-1,-1,-1,-1,-1,-1,-1,-1,2,0,2,0,2,0,0,1,0,2,2,2,2,2,2,2,2
58,-8139.238,-1339.463,-160.566,-43.616,0.722169,0.689790,-0.051595,-0.687104,0.723955,0.061457,0.079745,-0.008931,0.996775,0,-0.08325,0.80316,-4.995,1.606,-1,450.000,-1,425.000,-1,350.000,350.000,350.000,300.000,-1,-1,-1,-1,-1,-1,-1,-1,2,0,2,0,2,0,0,1,0,2,2,2,2,2,2,2,2
59,-8146.516,-1332.908,-161.192,-42.008,0.741240,0.669204,-0.052251,-0.666515,0.743008,0.060798,0.079509,-0.010240,0.996782,0,-0.16325,0.80365,-9.795,1.607,-1,450.000,-1,425.000,-1,350.000,350.000,400.000,300.000,-1,-1,-1,-1,-1,-1,-1,-1,2,0,2,0,2,0,0,1,0,2,2,2,2,2,2,2,2
60,-8157.630,-1323.449,-162.544,-40.399,0.759734,0.648057,-0.053162,-0.645182,0.761480,0.062360,0.080894,-0.013078,0.996637,0,-0.24325,0.80446,-14.595,1.609,-1,450.000,-1,425.000,-1,350.000,350.000,450.000,300.000,-1,-1,-1,-1,-1,-1,-1,-1,2,0,2,0,2,0,0,1,0,2,2,2,2,2,2,2,2
61,-8172.748,-1311.299,-164.272,-38.789,0.777619,0.626367,-0.054528,-0.623262,0.779363,0.064328,0.082790,-0.016037,0.996438,0,-0.32325,0.80544,-19.395,1.611,-1,450.000,-1,450.000,-1,350.000,350.000,525.000,300.000,-1,-1,-1,-1,-1,-1,-1,-1,2,0,2,0,2,0,0,1,0,2,2,2,2,2,2,2,2
62,-8192.025,-1296.680,-166.375,-37.176,0.794872,0.604152,-0.056384,-0.600766,0.796640,0.066669,0.085196,-0.019120,0.996181,0,-0.40325,0.80639,-24.195,1.613,-1,450.000,-1,450.000,-1,350.000,350.000,-1,300.000,-1,-1,-1,-1,-1,-1,-1,-1,2,0,2,0,2,0,0,2,0,2,2,2,2,2,2,2,2
63,-8215.525,-1279.879,-168.845,-35.562,0.811471,0.581433,-0.058748,-0.577715,0.813288,0.069338,0.088095,-0.022326,0.995862,0,-0.48147,0.80709,-28.888,1.614,-1,450.000,-1,450.000,-1,350.000,350.000,-1,300.000,-1,-1,-1,-1,-1,-1,-1,-1,2,0,2,0,2,0,0,2,0,2,2,2,2,2,2,2,2
64,-8238.664,-1264.302,-171.221,-33.947,0.827420,0.558243,-0.061162,-0.554193,0.829285,0.071815,0.090811,-0.025526,0.995541,0,-0.46489,0.80732,-27.894,1.615,-1,450.000,-1,450.000,-1,350.000,350.000,575.000,300.000,-1,-1,-1,-1,-1,-1,-1,-1,2,0,2,0,2,0,0,1,0,2,2,2,2,2,2,2,2
65,-8261.405,-1249.907,-173.597,-32.333,0.842695,0.534626,-0.063566,-0.530287,0.844613,0.073656,0.093067,-0.028361,0.995256,0,-0.44858,0.80691,-26.915,1.614,-1,450.000,-1,450.000,-1,350.000,350.000,500.000,300.000,-1,-1,-1,-1,-1,-1,-1,-1,2,0,2,0,2,0,0,1,0,2,2,2,2,2,2,2,2
66,-8283.721,-1236.645,-175.969,-30.721,0.857277,0.510619,-0.065918,-0.506037,0.859254,0.074896,0.094884,-0.030850,0.995010,0,-0.43267,0.80593,-25.960,1.612,-1,450.000,-1,450.000,-1,350.000,350.000,475.000,300.000,-1,-1,-1,-1,-1,-1,-1,-1,2,0,2,0,2,0,0,1,0,2,2,2,2,2,2,2,2
67,-8305.595,-1224.463,-178.242,-29.112,0.871148,0.486254,-0.068247,-0.481435,0.873181,0.075992,0.096543,-0.033343,0.994770,0,-0.41729,0.80443,-25.037,1.609,-1,450.000,-1,450.000,-1,350.000,350.000,425.000,300.000,-1,-1,-1,-1,-1,-1,-1,-1,2,0,2,0,2,0,0,1,0,2,2,2,2,2,2,2,2
68,-8327.015,-1213.308,-180.418,-27.507,0.884295,0.461568,-0.070547,-0.456518,0.886381,0.076946,0.098048,-0.035837,0.994536,0,-0.40252,0.80246,-24.151,1.605,-1,450.000,-1,450.000,-1,350.000,350.000,400.000,300.000,-1,-1,-1,-1,-1,-1,-1,-1,2,0,2,0,2,0,0,1,0,2,2,2,2,2,2,2,2
69,-8344.386,-1204.781,-182.152,-26.143,0.894930,0.440289,-0.072431,-0.435051,0.897054,0.077623,0.099151,-0.037956,0.994348,0,-0.32252,0.68246,-19.351,1.365,-1,450.000,-1,450.000,-1,350.000,350.000,375.000,300.000,-1,-1,-1,-1,-1,-1,-1,-1,2,0,2,0,2,0,0,1,0,2,2,2,2,2,2,2,2
70,-8357.572,-1198.627,-183.454,-25.018,0.903317,0.422564,-0.073876,-0.417183,0.905463,0.078064,0.099879,-0.039696,0.994207,0,-0.24252,0.56246,-14.551,1.125,-1,450.000,-1,450.000,-1,375.000,350.000,350.000,300.000,-1,-1,-1,-1,-1,-1,-1,-1,2,0,2,0,2,0,0,1,0,2,2,2,2,2,2,2,2
71,-8366.471,-1194.640,-184.330,-24.133,0.909680,0.408507,-0.074869,-0.403029,0.911832,0.078300,0.100254,-0.041053,0.994115,0,-0.16252,0.44246,-9.751,0.885,-1,450.000,-1,450.000,-1,375.000,350.000,325.000,300.000,-1,-1,1000.000,-1,-1,-1,-1,-1,2,0,2,0,2,0,0,1,0,2,2,0,2,2,2,2,2
72,-8371.012,-1192.666,-184.788,-23.488,0.914194,0.398201,-0.075398,-0.392671,0.916335,0.078356,0.100291,-0.042026,0.994070,0,-0.08252,0.32246,-4.951,0.645,-1,450.000,-1,450.000,-1,375.000,350.000,325.000,300.000,-1,-1,975.000,-1,-1,-1,-1,-1,2,0,2,0,2,0,0,1,0,2,2,0,2,2,2,2,2
73,-8371.151,-1192.607,-184.831,-23.083,0.916991,0.391706,-0.075457,-0.386169,0.919103,0.078249,0.100004,-0.042614,0.994074,0,-0.00252,0.20246,-0.151,0.405,-1,450.000,-1,450.000,-1,375.000,350.000,325.000,300.000,-1,-1,975.000,-1,-1,-1,-1,-1,2,0,2,0,2,0,0,1,0,2,2,0,2,2,2,2,2
74,-8366.869,-1194.417,-184.463,-22.918,0.918153,0.389055,-0.075045,-0.383557,0.920219,0.077984,0.099398,-0.042817,0.994126,0,0.07748,0.08246,4.649,0.165,-1,450.000,-1,450.000,-1,375.000,350.000,325.000,300.000,-1,-1,1000.000,-1,-1,-1,-1,-1,2,0,2,0,2,0,0,1,0,2,2,0,2,2,2,2,2
75,-8358.171,-1198.108,-183.685,-22.993,0.917712,0.390263,-0.074160,-0.384848,0.919715,0.077560,0.098474,-0.042637,0.994226,0,0.15748,-0.03754,9.449,-0.075,-1,450.000,-1,450.000,-1,375.000,350.000,325.000,300.000,-1,-1,1000.000,-1,-1,-1,-1,-1,2,0,2,0,2,0,0,1,0,2,2,0,2,2,2,2,2
76,-8345.086,-1203.745,-182.494,-23.308,0.915652,0.395325,-0.072805,-0.390036,0.917577,0.076964,0.097230,-0.042075,0.994372,0,0.23748,-0.15754,14.249,-0.315,-1,450.000,-1,450.000,-1,350.000,350.000,350.000,300.000,-1,-1,-1,-1,-1,-1,-1,-1,2,0,2,0,2,0,0,1,0,2,2,2,2,2,2,2,2
77,-8327.666,-1211.452,-180.888,-23.863,0.911907,0.404211,-0.070988,-0.399094,0.913740,0.076175,0.095656,-0.041133,0.994564,0,0.31748,-0.27754,19.049,-0.555,-1,450.000,-1,450.000,-1,350.000,350.000,375.000,300.000,-1,-1,-1,-1,-1,-1,-1,-1,2,0,2,0,2,0,0,1,0,2,2,2,2,2,2,2,2
78,-8305.991,-1221.399,-178.862,-24.650,0.906420,0.416750,-0.068719,-0.411846,0.908148,0.075162,0.093731,-0.039826,0.994801,0,0.39748,-0.39364,23.849,-0.787,-1,450.000,-1,450.000,-1,350.000,350.000,400.000,300.000,-1,-1,-1,-1,-1,-1,-1,-1,2,0,2,0,2,0,0,1,0,2,2,2,2,2,2,2,2
79,-8280.119,-1233.701,-176.435,-25.432,0.900831,0.429121,-0.066025,-0.424468,0.902426,0.073848,0.091273,-0.038499,0.995081,0,0.47748,-0.39078,28.649,-0.782,-1,450.000,-1,450.000,-1,350.000,350.000,425.000,300.000,-1,-1,-1,-1,-1,-1,-1,-1,2,0,2,0,2,0,0,1,0,2,2,2,2,2,2,2,2
80,-8250.109,-1248.473,-173.607,-26.208,0.895143,0.441319,-0.062910,-0.436953,0.896581,0.072213,0.088273,-0.037152,0.995403,0,0.55748,-0.38776,33.449,-0.776,-1,450.000,-1,450.000,-1,350.000,350.000,475.000,300.000,-1,-1,-1,-1,-1,-1,-1,-1,2,0,2,0,2,0,0,1,0,2,2,2,2,2,2,2,2
81,-8216.023,-1265.824,-170.382,-26.977,0.889356,0.453343,-0.059375,-0.449297,0.890617,0.070235,0.084721,-0.035787,0.995762,0,0.63748,-0.38478,38.249,-0.770,-1,450.000,-1,450.000,-1,350.000,350.000,525.000,300.000,-1,-1,-1,-1,-1,-1,-1,-1,2,0,2,0,2,0,0,1,0,2,2,2,2,2,2,2,2
82,-8177.924,-1285.862,-166.903,-27.741,0.883470,0.465212,-0.055300,-0.461571,0.884551,0.067244,0.080199,-0.033883,0.996203,0,0.71748,-0.38207,43.049,-0.764,-1,450.000,-1,450.000,-1,350.000,350.000,-1,300.000,-1,-1,-1,-1,-1,-1,-1,-1,2,0,2,0,2,0,0,2,0,2,2,2,2,2,2,2,2
83,-8138.628,-1307.199,-163.378,-28.501,0.877455,0.476935,-0.051042,-0.473730,0.878368,0.063633,0.075183,-0.031655,0.996667,0,0.74526,-0.37989,44.716,-0.760,-1,450.000,-1,425.000,-1,350.000,350.000,-1,300.000,-1,-1,-1,-1,-1,-1,-1,-1,2,0,2,0,2,0,0,2,0,2,2,2,2,2,2,2,2
84,-8100.482,-1328.569,-159.934,-29.258,0.871282,0.488534,-0.046935,-0.485731,0.872047,0.059990,0.070236,-0.029471,0.997095,0,0.72875,-0.37860,43.725,-0.757,-1,450.000,-1,425.000,-1,350.000,350.000,-1,300.000,-1,-1,-1,-1,-1,-1,-1,-1,2,0,2,0,2,0,0,2,0,2,2,2,2,2,2,2,2
85,-8063.473,-1349.949,-156.571,-30.015,0.864937,0.500037,-0.042978,-0.497606,0.865573,0.056320,0.065363,-0.027327,0.997487,0,0.71235,-0.37829,42.741,-0.757,-1,450.000,-1,425.000,-1,350.000,325.000,-1,275.000,-1,-1,-1,-1,-1,-1,-1,-1,2,0,2,0,2,0,0,2,0,2,2,2,2,2,2,2,2
86,-8027.580,-1371.322,-153.873,-30.773,0.858409,0.511437,-0.039579,-0.509152,0.858877,0.055620,0.062439,-0.027593,0.997667,0,0.69625,-0.37891,41.775,-0.758,-1,450.000,-1,425.000,-1,350.000,325.000,-1,275.000,-1,-1,-1,-1,-1,-1,-1,-1,2,0,2,0,2,0,0,2,0,2,2,2,2,2,2,2,2
87,-7992.774,-1392.679,-151.249,-31.533,0.851689,0.522793,-0.036250,-0.520650,0.852004,0.054892,0.059582,-0.027877,0.997834,0,0.68062,-0.38041,40.837,-0.761,-1,450.000,-1,425.000,-1,350.000,350.000,-1,275.000,-1,-1,-1,-1,-1,-1,-1,-1,2,0,2,0,2,0,0,2,0,2,2,2,2,2,2,2,2
88,-7959.017,-1414.018,-148.756,-32.299,0.844770,0.534119,-0.032853,-0.532108,0.844931,0.054341,0.056783,-0.028424,0.997982,0,0.66560,-0.38271,39.936,-0.765,-1,450.000,-1,425.000,-1,350.000,350.000,350.000,275.000,-1,-1,-1,-1,-1,1000.000,-1,-1,2,0,2,0,2,0,0,1,0,2,2,2,2,2,0,2,2
89,-7926.270,-1435.341,-146.627,-33.070,0.837694,0.545420,-0.028031,-0.543556,0.837619,0.054243,0.053064,-0.030202,0.998134,0,0.65131,-0.38576,39.078,-0.772,-1,450.000,-1,425.000,-1,350.000,350.000,300.000,300.000,-1,-1,-1,-1,-1,975.000,-1,-1,2,0,2,0,2,0,0,0,0,2,2,2,2,2,0,2,2
90,-7894.487,-1456.656,-144.551,-33.849,0.830368,0.556727,-0.023301,-0.555018,0.830081,0.054048,0.049432,-0.031947,0.998266,0,0.63783,-0.38951,38.270,-0.779,-1,425.000,-1,425.000,-1,350.000,350.000,300.000,300.000,-1,-1,-1,-1,1000.000,975.000,-1,-1,2,0,2,0,2,0,0,0,0,2,2,2,2,0,0,2,2
91,-7858.944,-1480.981,-142.216,-34.388,0.825261,0.564468,-0.017912,-0.562947,0.824743,0.053765,0.045121,-0.034287,0.998393,0,0.71783,-0.26951,43.070,-0.539,-1,425.000,-1,425.000,-1,350.000,350.000,300.000,300.000,-1,-1,-1,-1,975.000,950.000,-1,-1,2,0,2,0,2,0,0,0,0,2,2,2,2,0,0,2,2
92,-7820.130,-1507.861,-139.672,-34.706,0.822270,0.568972,-0.011939,-0.567674,0.821516,0.053459,0.040225,-0.037180,0.998499,0,0.78689,-0.15879,47.214,-0.318,-1,425.000,-1,425.000,-1,350.000,350.000,300.000,325.000,-1,-1,-1,-1,925.000,925.000,-1,-1,2,0,2,0,2,0,0,0,0,2,2,2,2,0,0,2,2
93,-7781.976,-1534.613,-137.472,-35.038,0.819050,0.573675,-0.007279,-0.572577,0.818151,0.052771,0.036229,-0.039054,0.998580,0,0.77665,-0.16579,46.599,-0.332,-1,425.000,-1,425.000,-1,350.000,350.000,300.000,325.000,-1,-1,-1,-1,900.000,900.000,-1,-1,2,0,2,0,2,0,0,0,0,2,2,2,2,0,0,2,2
94,-7744.430,-1561.280,-135.775,-35.384,0.815589,0.578613,-0.004682,-0.577655,0.814655,0.051504,0.033615,-0.039301,0.998662,0,0.76755,-0.17346,46.053,-0.347,-1,425.000,-1,425.000,-1,350.000,350.000,300.000,325.000,-1,-1,-1,-1,900.000,900.000,-1,-1,2,0,2,0,2,0,0,0,0,2,2,2,2,0,0,2,2
95,-7707.441,-1587.906,-134.129,-35.748,0.811920,0.583764,-0.002116,-0.582941,0.810958,0.050260,0.031056,-0.039573,0.998734,0,0.75959,-0.18177,45.575,-0.364,-1,425.000,-1,425.000,-1,350.000,350.000,300.000,325.000,-1,-1,-1,-1,875.000,875.000,-1,-1,2,0,2,0,2,0,0,0,0,2,2,2,2,0,0,2,2
96,-7667.406,-1617.370,-132.370,-36.352,0.805739,0.592270,0.000654,-0.591590,0.804759,0.048833,0.028396,-0.039734,0.998807,0,0.82847,-0.30177,49.708,-0.604,-1,425.000,-1,425.000,-1,350.000,350.000,300.000,325.000,-1,-1,-1,-1,850.000,875.000,-1,-1,2,0,2,0,2,0,0,0,0,2,2,2,2,0,0,2,2
97,-7627.953,-1647.311,-130.963,-37.195,0.796917,0.604081,0.002973,-0.603550,0.795989,0.046150,0.025512,-0.038573,0.998930,0,0.82546,-0.42177,49.528,-0.844,-1,425.000,-1,425.000,-1,325.000,325.000,300.000,325.000,-1,-1,-1,-1,850.000,850.000,-1,-1,2,0,2,0,2,0,0,0,0,2,2,2,2,0,0,2,2
98,-7589.099,-1677.757,-129.843,-38.081,0.787452,0.616356,0.004905,-0.615956,0.786598,0.043152,0.022739,-0.037001,0.999056,0,0.82271,-0.44307,49.363,-0.886,-1,425.000,-1,400.000,-1,325.000,325.000,300.000,325.000,-1,-1,-1,-1,825.000,825.000,-1,-1,2,0,2,0,2,0,0,0,0,2,2,2,2,0,0,2,2
99,-7550.823,-1708.727,-128.730,-38.977,0.777695,0.628605,0.006805,-0.628323,0.776910,0.040252,0.020016,-0.035580,0.999166,0,0.82060,-0.44768,49.236,-0.895,-1,400.000,-1,400.000,-1,325.000,325.000,300.000,325.000,-1,-1,-1,-1,800.000,800.000,-1,-1,2,0,2,0,2,0,0,0,0,2,2,2,2,0,0,2,2
100,-7513.106,-1740.242,-127.590,-39.882,0.767635,0.640831,0.008509,-0.640650,0.766921,0.037413,0.017450,-0.034171,0.999264,0,0.81917,-0.45256,49.150,-0.905,-1,400.000,-1,400.000,-1,325.000,325.000,300.000,325.000,-1,-1,-1,-1,800.000,775.000,-1,-1,2,0,2,0,2,0,0,0,0,2,2,2,2,0,0,2,2
101,-7479.406,-1769.073,-126.554,-40.547,0.760112,0.649716,0.009877,-0.649614,0.759461,0.034934,0.015196,-0.032971,0.999341,0,0.73917,-0.33256,44.350,-0.665,-1,400.000,-1,400.000,-1,325.000,325.000,325.000,300.000,-1,-1,-1,-1,775.000,775.000,-1,-1,2,0,2,0,2,0,0,0,0,2,2,2,2,0,0,2,2
102,-7449.544,-1795.006,-125.923,-40.972,0.755262,0.655330,0.011048,-0.655270,0.754615,0.034317,0.014152,-0.033158,0.999350,0,0.65917,-0.21256,39.550,-0.425,-1,400.000,-1,400.000,-1,325.000,325.000,325.000,300.000,-1,-1,-1,-1,775.000,750.000,-1,-1,2,0,2,0,2,0,0,0,0,2,2,2,2,0,0,2,2
103,-7422.007,-1819.076,-125.371,-41.157,0.753134,0.657756,0.012077,-0.657734,0.752485,0.033951,0.013243,-0.033513,0.999351,0,0.60957,-0.09256,36.574,-0.185,-1,400.000,-1,400.000,-1,325.000,325.000,325.000,300.000,-1,-1,-1,-1,750.000,750.000,-1,-1,2,0,2,0,2,0,0,0,0,2,2,2,2,0,0,2,2
104,-7394.399,-1843.162,-124.820,-41.102,0.753754,0.657026,0.013061,-0.657042,0.753104,0.033615,0.012249,-0.033919,0.999350,0,0.61063,0.02744,36.638,0.055,-1,400.000,-1,400.000,-1,325.000,325.000,325.000,300.000,-1,-1,-1,-1,750.000,750.000,-1,-1,2,0,2,0,2,0,0,0,0,2,2,2,2,0,0,2,2
105,-7366.662,-1867.239,-124.270,-40.959,0.755386,0.655131,0.014012,-0.655184,0.754734,0.033341,0.011267,-0.034366,0.999346,0,0.61215,0.07165,36.729,0.143,-1,400.000,-1,400.000,-1,325.000,325.000,325.000,300.000,-1,-1,-1,-1,750.000,725.000,-1,-1,2,0,2,0,2,0,0,0,0,2,2,2,2,0,0,2,2
106,-7338.788,-1891.319,-123.720,-40.824,0.756913,0.653345,0.014935,-0.653433,0.756258,0.033144,0.010360,-0.034846,0.999339,0,0.61392,0.06731,36.835,0.135,-1,400.000,-1,400.000,-1,325.000,325.000,325.000,300.000,-1,-1,-1,-1,725.000,725.000,-1,-1,2,0,2,0,2,0,0,0,0,2,2,2,2,0,0,2,2
107,-7310.774,-1915.412,-123.183,-40.699,0.758336,0.651672,0.015825,-0.651795,0.757678,0.032964,0.009491,-0.035313,0.999331,0,0.61582,0.06290,36.949,0.126,-1,375.000,-1,375.000,-1,325.000,325.000,325.000,300.000,-1,-1,-1,-1,725.000,725.000,-1,-1,2,0,2,0,2,0,0,0,0,2,2,2,2,0,0,2,2
108,-7282.619,-1939.528,-122.582,-40.582,0.759655,0.650120,0.016355,-0.650265,0.758999,0.032792,0.008905,-0.035546,0.999328,0,0.61786,0.05842,37.071,0.117,-1,375.000,-1,375.000,-1,325.000,325.000,325.000,300.000,-1,-1,-1,-1,725.000,725.000,-1,-1,2,0,2,0,2,0,0,0,0,2,2,2,2,0,0,2,2
109,-7254.320,-1963.676,-121.976,-40.474,0.760870,0.648686,0.016849,-0.648850,0.760213,0.032715,0.008413,-0.035825,0.999323,0,0.62002,0.05387,37.201,0.108,-1,375.000,-1,375.000,-1,325.000,325.000,325.000,300.000,-1,-1,-1,-1,725.000,725.000,-1,-1,2,0,2,0,2,0,0,0,0,2,2,2,2,0,0,2,2
110,-7225.875,-1987.863,-121.366,-40.375,0.761979,0.647370,0.017318,-0.647552,0.761318,0.032736,0.008008,-0.036159,0.999314,0,0.62231,0.04926,37.338,0.099,-1,375.000,-1,375.000,-1,325.000,325.000,325.000,300.000,-1,-1,-1,-1,725.000,700.000,-1,-1,2,0,2,0,2,0,0,0,0,2,2,2,2,0,0,2,2
111,-7197.282,-2012.100,-120.751,-40.286,0.762983,0.646175,0.017762,-0.646373,0.762314,0.032854,0.007690,-0.036548,0.999302,0,0.62472,0.04459,37.483,0.089,-1,375.000,-1,375.000,-1,325.000,325.000,325.000,300.000,-1,-1,-1,-1,700.000,700.000,-1,-1,2,0,2,0,2,0,0,0,0,2,2,2,2,0,0,2,2
112,-7167.723,-2037.082,-120.115,-40.204,0.763904,0.645073,0.018190,-0.645287,0.763224,0.033079,0.007455,-0.037007,0.999287,0,0.64504,0.04095,38.702,0.082,-1,375.000,-1,375.000,-1,300.000,300.000,325.000,325.000,-1,-1,-1,-1,700.000,700.000,-1,-1,2,0,2,0,2,0,0,0,0,2,2,2,2,0,0,2,2
113,-7138.117,-2062.039,-119.527,-40.129,0.764758,0.644052,0.018494,-0.644275,0.764058,0.033539,0.007471,-0.037564,0.999266,0,0.64536,0.03780,38.722,0.076,-1,375.000,-1,375.000,-1,300.000,300.000,325.000,325.000,-1,-1,-1,-1,700.000,700.000,-1,-1,2,0,2,0,2,0,0,0,0,2,2,2,2,0,0,2,2
114,-7108.459,-2086.978,-119.199,-40.060,0.765550,0.643132,0.017730,-0.643322,0.764836,0.034083,0.008360,-0.037499,0.999262,0,0.64583,0.03454,38.750,0.069,-1,375.000,-1,375.000,-1,300.000,300.000,325.000,325.000,-1,-1,-1,-1,700.000,700.000,-1,-1,2,0,2,0,2,0,0,0,0,2,2,2,2,0,0,2,2
115,-7078.745,-2111.908,-118.841,-39.997,0.766265,0.642300,0.016976,-0.642458,0.765537,0.034652,0.009261,-0.037459,0.999255,0,0.64645,0.03119,38.787,0.062,-1,375.000,-1,375.000,-1,300.000,300.000,300.000,325.000,-1,-1,-1,-1,700.000,700.000,-1,-1,2,0,2,0,2,0,0,0,0,2,2,2,2,0,0,2,2
116,-7048.972,-2136.839,-118.455,-39.942,0.766902,0.641559,0.016231,-0.641684,0.766159,0.035245,0.010176,-0.037444,0.999247,0,0.64721,0.02774,38.833,0.055,-1,375.000,-1,375.000,-1,300.000,300.000,300.000,325.000,-1,-1,-1,-1,700.000,700.000,-1,-1,2,0,2,0,2,0,0,0,0,2,2,2,2,0,0,2,2
117,-7019.137,-2161.780,-118.039,-39.893,0.767458,0.640911,0.015495,-0.641002,0.766701,0.035862,0.011104,-0.037455,0.999237,0,0.64811,0.02420,38.887,0.048,-1,375.000,-1,375.000,-1,300.000,300.000,300.000,325.000,-1,-1,-1,-1,700.000,700.000,-1,-1,2,0,2,0,2,0,0,0,0,2,2,2,2,0,0,2,2
118,-6989.235,-2186.739,-117.593,-39.852,0.767933,0.640360,0.014768,-0.640417,0.767160,0.036504,0.012046,-0.037491,0.999224,0,0.64916,0.02057,38.950,0.041,-1,375.000,-1,375.000,-1,300.000,300.000,300.000,325.000,-1,-1,-1,-1,700.000,700.000,-1,-1,2,0,2,0,2,0,0,0,0,2,2,2,2,0,0,2,2
119,-6959.264,-2211.726,-117.088,-39.819,0.768326,0.639904,0.014054,-0.639925,0.767531,0.037312,0.013090,-0.037661,0.999205,0,0.65034,0.01685,39.021,0.034,-1,375.000,-1,375.000,-1,300.000,300.000,300.000,325.000,-1,-1,-1,-1,700.000,700.000,-1,-1,2,0,2,0,2,0,0,0,0,2,2,2,2,0,0,2,2
120,-6929.221,-2236.750,-116.540,-39.792,0.768634,0.639549,0.013348,-0.639531,0.767816,0.038197,0.014180,-0.037896,0.999181,0,0.65167,0.01304,39.100,0.026,-1,375.000,-1,375.000,-1,300.000,300.000,300.000,325.000,-1,-1,-1,-1,675.000,700.000,-1,-1,2,0,2,0,2,0,0,0,0,2,2,2,2,0,0,2,2
121,-6899.103,-2261.821,-115.965,-39.774,0.768855,0.639298,0.012652,-0.639241,0.768012,0.039092,0.015275,-0.038143,0.999156,0,0.65312,0.00915,39.187,0.018,-1,375.000,-1,375.000,-1,300.000,300.000,300.000,325.000,-1,-1,-1,-1,675.000,700.000,-1,-1,2,0,2,0,2,0,0,0,0,2,2,2,2,0,0,2,2
122,-6868.906,-2286.948,-115.362,-39.764,0.768986,0.639153,0.011963,-0.639055,0.768120,0.039997,0.016375,-0.038402,0.999128,0,0.65472,0.00516,39.283,0.010,-1,375.000,-1,375.000,-1,300.000,300.000,300.000,325.000,-1,-1,-1,-1,675.000,700.000,-1,-1,2,0,2,0,2,0,0,0,0,2,2,2,2,0,0,2,2
123,-6838.629,-2312.139,-114.708,-39.762,0.769026,0.639119,0.011177,-0.638976,0.768139,0.040891,0.017549,-0.038588,0.999101,0,0.65645,0.00109,39.387,0.002,-1,375.000,-1,375.000,-1,300.000,300.000,300.000,325.000,-1,600.000,-1,-1,675.000,700.000,-1,-1,2,0,2,0,2,0,0,0,0,2,0,2,2,0,0,2,2
124,-6808.269,-2337.406,-114.016,-39.768,0.768972,0.639201,0.010248,-0.639007,0.768070,0.041694,0.018780,-0.038610,0.999078,0,0.65831,-0.00306,39.498,-0.006,-1,375.000,-1,375.000,-1,300.000,300.000,300.000,325.000,-1,600.000,600.000,-1,675.000,700.000,-1,-1,2,0,2,0,2,0,0,0,0,2,0,0,2,0,0,2,2
125,-6777.824,-2362.756,-113.227,-39.782,0.768817,0.639401,0.009325,-0.639162,0.767913,0.042205,0.019825,-0.038408,0.999065,0,0.66030,-0.00730,39.618,-0.015,-1,375.000,-1,375.000,-1,300.000,300.000,300.000,325.000,-1,600.000,600.000,-1,675.000,700.000,-1,-1,2,0,2,0,2,0,0,0,0,2,0,0,2,0,0,2,2
126,-6747.291,-2388.201,-112.400,-39.806,0.768564,0.639717,0.008416,-0.639432,0.767659,0.042737,0.020879,-0.038228,0.999051,0,0.66242,-0.01162,39.745,-0.023,-1,375.000,-1,375.000,-1,300.000,300.000,300.000,325.000,-1,600.000,600.000,-1,675.000,700.000,-1,-1,2,0,2,0,2,0,0,0,0,2,0,0,2,0,0,2,2
127,-6716.669,-2413.748,-111.535,-39.838,0.768213,0.640151,0.007519,-0.639819,0.767306,0.043291,0.021943,-0.038067,0.999034,0,0.66466,-0.01602,39.880,-0.032,-1,375.000,-1,375.000,-1,300.000,300.000,300.000,325.000,-1,600.000,600.000,-1,675.000,700.000,-1,-1,2,0,2,0,2,0,0,0,0,2,0,0,2,0,0,2,2
128,-6689.839,-2436.349,-110.738,-40.110,0.765171,0.643792,0.006742,-0.643415,0.764264,0.043781,0.023034,-0.037838,0.999018,0,0.58466,-0.13602,35.080,-0.272,-1,375.000,-1,375.000,-1,300.000,300.000,300.000,325.000,-1,600.000,600.000,-1,700.000,700.000,-1,-1,2,0,2,0,2,0,0,0,0,2,0,0,2,0,0,2,2
129,-6666.856,-2456.063,-110.016,-40.622,0.759393,0.650604,0.006075,-0.650184,0.758489,0.044205,0.024152,-0.037519,0.999004,0,0.50466,-0.25602,30.280,-0.512,-1,375.000,-1,375.000,-1,300.000,300.000,300.000,325.000,-1,600.000,575.000,-1,700.000,700.000,-1,-1,2,0,2,0,2,0,0,0,0,2,0,0,2,0,0,2,2
130,-6647.736,-2472.905,-109.356,-41.374,0.750792,0.660517,0.005393,-0.660051,0.749899,0.044537,0.025373,-0.036998,0.998993,0,0.42466,-0.37602,25.480,-0.752,-1,375.000,-1,375.000,-1,300.000,300.000,300.000,325.000,-1,600.000,575.000,-1,700.000,700.000,-1,-1,2,0,2,0,2,0,0,0,0,2,0,0,2,0,0,2,2
131,-6632.457,-2486.841,-108.757,-42.366,0.739245,0.673420,0.004641,-0.672906,0.738372,0.044772,0.026724,-0.036220,0.998986,0,0.34466,-0.49602,20.680,-0.992,-1,375.000,-1,375.000,-1,300.000,300.000,325.000,325.000,-1,600.000,575.000,-1,700.000,700.000,-1,-1,2,0,2,0,2,0,0,0,0,2,0,0,2,0,0,2,2
132,-6620.957,-2497.792,-108.283,-43.598,0.724596,0.689162,0.004077,-0.688603,0.723743,0.044957,0.028031,-0.035383,0.998981,0,0.26466,-0.61602,15.880,-1.232,-1,375.000,-1,375.000,-1,300.000,300.000,300.000,325.000,-1,600.000,575.000,-1,700.000,700.000,-1,-1,2,0,2,0,2,0,0,0,0,2,0,0,2,0,0,2,2
133,-6613.132,-2505.636,-107.942,-45.070,0.706655,0.707549,0.003694,-0.706952,0.705823,0.045084,0.029292,-0.034470,0.998976,0,0.18466,-0.73602,11.080,-1.472,-1,375.000,-1,375.000,-1,300.000,300.000,300.000,325.000,-1,600.000,575.000,-1,700.000,700.000,-1,-1,2,0,2,0,2,0,0,0,0,2,0,0,2,0,0,2,2
134,-6608.832,-2510.213,-107.746,-46.782,0.685201,0.728346,0.003484,-0.727715,0.684392,0.045148,0.030499,-0.033471,0.998974,0,0.10466,-0.85602,6.280,-1.712,-1,375.000,-1,375.000,-1,300.000,300.000,300.000,325.000,-1,625.000,575.000,-1,700.000,700.000,-1,-1,2,0,2,0,2,0,0,0,0,2,0,0,2,0,0,2,2
135,-6607.855,-2511.325,-107.705,-48.665,0.660896,0.750470,0.003440,-0.749812,0.660109,0.045142,0.031607,-0.032413,0.998975,0,0.02466,-0.94165,1.480,-1.883,-1,375.000,-1,375.000,-1,300.000,325.000,300.000,325.000,-1,625.000,575.000,-1,700.000,725.000,-1,-1,2,0,2,0,2,0,0,0,0,2,0,0,2,0,0,2,2
136,-6609.965,-2508.762,-107.827,-50.549,0.635875,0.771784,0.003556,-0.771106,0.635110,0.045062,0.032519,-0.031396,0.998978,0,-0.05534,-0.94166,-3.320,-1.883,-1,375.000,-1,375.000,-1,300.000,325.000,300.000,325.000,-1,650.000,600.000,-1,700.000,725.000,-1,-1,2,0,2,0,2,0,0,0,0,2,0,0,2,0,0,2,2
137,-6614.916,-2502.326,-108.121,-52.431,0.610175,0.792257,0.003829,-0.791569,0.609428,0.044904,0.033242,-0.030430,0.998984,0,-0.13534,-0.94139,-8.120,-1.883,-1,375.000,-1,375.000,-1,300.000,325.000,300.000,325.000,-1,675.000,600.000,-1,700.000,725.000,-1,-1,2,0,2,0,2,0,0,0,0,2,0,0,2,0,0,2,2
138,-6622.453,-2491.832,-108.591,-54.312,0.583849,0.811851,0.004255,-0.811159,0.583117,0.044664,0.033779,-0.029528,0.998993,0,-0.21534,-0.94026,-12.920,-1.881,-1,375.000,-1,375.000,-1,300.000,325.000,300.000,325.000,-1,700.000,625.000,-1,700.000,725.000,-1,-1,2,0,2,0,2,0,0,0,0,2,0,0,2,0,0,2,2
