timestep,x_cm,y_cm,z_cm,yaw_deg,basis_xx,basis_xy,basis_xz,basis_yx,basis_yy,basis_yz,basis_zx,basis_zy,basis_zz,teleport_flag,throttle_cmd,steering_cmd,cmd_move_cm,cmd_turn_deg,lidar_cm_0,lidar_cm_1,lidar_cm_2,lidar_cm_3,lidar_cm_4,lidar_cm_5,lidar_cm_6,lidar_cm_7,lidar_cm_8,lidar_cm_9,lidar_cm_10,lidar_cm_11,lidar_cm_12,lidar_cm_13,lidar_cm_14,lidar_cm_15,lidar_cm_16,lidar_class_0,lidar_class_1,lidar_class_2,lidar_class_3,lidar_class_4,lidar_class_5,lidar_class_6,lidar_class_7,lidar_class_8,lidar_class_9,lidar_class_10,lidar_class_11,lidar_class_12,lidar_class_13,lidar_class_14,lidar_class_15,lidar_class_16
0,1635.218,985.225,-336.461,163.871,-0.960612,-0.277655,0.011520,0.277881,-0.960144,0.030089,0.002707,0.032105,0.999481,1,0.08000,0.12000,4.800,0.240,275.000,575.000,-1,475.000,-1,425.000,400.000,225.000,250.000,-1,-1,-1,-1,-1,-1,-1,-1,1,1,2,0,2,0,0,1,0,2,2,2,2,2,2,2,2
1,1625.973,987.814,-336.534,164.351,-0.962903,-0.269591,0.011754,0.269832,-0.962398,0.031304,0.002873,0.033314,0.999441,0,0.16000,0.24000,9.600,0.480,275.000,550.000,-1,500.000,-1,425.000,400.000,225.000,250.000,-1,-1,-1,-1,-1,-1,-1,-1,1,1,2,0,2,0,0,1,0,2,2,2,2,2,2,2,2
2,1612.059,991.523,-336.630,165.071,-0.966213,-0.257460,0.012121,0.257726,-0.965648,0.033185,0.003161,0.035187,0.999376,0,0.24000,0.36000,14.400,0.720,275.000,550.000,-1,500.000,-1,450.000,425.000,225.000,250.000,-1,-1,-1,-1,-1,-1,-1,-1,1,1,2,0,2,0,0,1,0,2,2,2,2,2,2,2,2
3,1593.427,996.157,-336.733,166.031,-0.970388,-0.241222,0.012640,0.241526,-0.969734,0.035802,0.003621,0.037795,0.999279,0,0.32000,0.48000,19.200,0.960,250.000,550.000,-1,500.000,-1,450.000,425.000,225.000,250.000,-1,-1,-1,-1,-1,-1,-1,-1,1,1,2,0,2,0,0,1,0,2,2,2,2,2,2,2,2
4,1570.027,1001.489,-336.848,167.159,-0.974943,-0.222058,0.013270,0.222414,-0.974168,0.039101,0.004244,0.041073,0.999147,0,0.40000,0.56395,24.000,1.128,250.000,550.000,-1,500.000,-1,450.000,425.000,225.000,250.000,-1,-1,-1,-1,-1,-1,-1,-1,1,1,2,0,2,0,0,1,0,2,2,2,2,2,2,2,2
5,1541.826,1007.331,-337.018,168.291,-0.979136,-0.202730,0.013886,0.203145,-0.978212,0.042806,0.004906,0.044734,0.998987,0,0.48000,0.56623,28.800,1.132,225.000,550.000,-1,500.000,-1,450.000,425.000,225.000,250.000,-1,-1,425.000,-1,-1,-1,-1,-1,1,1,2,0,2,0,0,1,0,2,2,0,2,2,2,2,2
6,1508.796,1013.492,-337.227,169.431,-0.982968,-0.183201,0.014512,0.183689,-0.981861,0.046979,0.005642,0.048845,0.998790,0,0.56000,0.56973,33.600,1.139,225.000,550.000,-1,525.000,-1,475.000,450.000,225.000,250.000,-1,-1,425.000,-1,-1,-1,-1,-1,1,1,2,0,2,0,0,1,0,2,2,0,2,2,2,2,2
7,1470.913,1019.773,-337.460,170.580,-0.986437,-0.163437,0.015174,0.164011,-0.985103,0.051692,0.006500,0.053480,0.998548,0,0.64000,0.57450,38.400,1.149,200.000,550.000,-1,525.000,-1,475.000,450.000,200.000,250.000,-1,-1,400.000,-1,-1,-1,-1,-1,1,1,2,0,2,0,0,1,0,2,2,0,2,2,2,2,2
8,1428.161,1025.975,-337.696,171.741,-0.989537,-0.143396,0.015908,0.144079,-0.987921,0.057038,0.007537,0.058733,0.998245,0,0.72000,0.58062,43.200,1.161,225.000,550.000,-1,525.000,-1,500.000,450.000,200.000,250.000,-1,-1,375.000,-1,-1,-1,-1,-1,1,1,2,0,2,0,0,1,0,2,2,0,2,2,2,2,2
9,1380.527,1031.888,-337.909,172.918,-0.992260,-0.123039,0.016763,0.123861,-0.990289,0.063134,0.008832,0.064722,0.997864,0,0.80000,0.58817,48.000,1.176,925.000,550.000,-1,550.000,-1,500.000,475.000,200.000,250.000,-1,-1,325.000,-1,-1,-1,-1,-1,1,1,2,0,2,0,0,1,0,2,2,0,2,2,2,2,2
10,1332.388,1036.845,-337.557,174.112,-0.994625,-0.102310,0.015902,0.103195,-0.992066,0.071803,0.008430,0.073059,0.997292,0,0.80657,0.59722,48.394,1.194,925.000,550.000,-1,550.000,-1,525.000,475.000,175.000,250.000,-1,-1,350.000,825.000,1000.000,-1,-1,-1,1,1,2,0,2,0,0,1,0,2,2,0,0,1,2,2,2
11,1284.466,1040.760,-338.213,175.325,-0.996663,-0.081246,0.007843,0.081611,-0.993576,0.078393,0.001424,0.078772,0.996892,0,0.80137,0.60664,48.082,1.213,825.000,525.000,-1,550.000,-1,500.000,475.000,175.000,250.000,-1,-1,-1,850.000,925.000,1000.000,-1,-1,1,1,2,0,2,0,0,1,0,2,2,2,0,1,0,2,2
12,1236.816,1043.629,-339.542,176.546,-0.998196,-0.060025,0.001119,0.059896,-0.994423,0.086807,-0.004098,0.086717,0.996225,0,0.79563,0.61022,47.738,1.220,775.000,525.000,-1,525.000,-1,500.000,475.000,175.000,250.000,-1,-1,-1,800.000,875.000,950.000,-1,-1,1,1,2,0,2,0,0,1,0,2,2,2,0,1,0,2,2
13,1189.492,1045.463,-340.882,177.771,-0.999236,-0.038722,-0.005269,0.038049,-0.994766,0.094833,-0.008914,0.094560,0.995479,0,0.78934,0.61257,47.361,1.225,725.000,500.000,-1,525.000,-1,500.000,450.000,150.000,250.000,-1,-1,-1,750.000,825.000,900.000,-1,-1,1,1,2,0,2,0,0,1,0,2,2,2,0,1,0,2,2
14,-6887.158,-327.839,-14.973,-41.286,0.736858,0.652340,-0.177463,-0.668018,0.742911,-0.042848,0.103887,0.150121,0.983194,1,0.00000,0.00000,46.954,1.229,125.000,225.000,-1,325.000,-1,225.000,250.000,-1,275.000,-1,125.000,0.000,175.000,325.000,-1,125.000,-1,1,1,2,1,2,1,1,2,0,2,0,0,0,1,2,1,2
15,8854.922,-5575.384,-270.697,83.993,0.122099,-0.984997,0.121957,0.983591,0.103640,-0.147675,0.132820,0.137987,0.981488,1,0.00000,0.00000,4.800,0.240,0.000,925.000,-1,-1,-1,550.000,925.000,0.000,0.000,-1,-1,-1,125.000,-1,-1,0.000,-1,1,0,2,2,2,1,1,1,1,2,2,2,1,2,2,1,2
16,4919.493,-6231.359,-198.673,-79.891,0.174921,0.984453,0.015981,-0.983120,0.175523,-0.051641,-0.053644,-0.006678,0.998538,1,0.00000,0.00000,4.800,-0.240,-1,400.000,-1,400.000,-1,325.000,325.000,300.000,300.000,-1,775.000,500.000,-1,700.000,650.000,-1,-1,2,0,2,0,2,0,0,0,0,2,1,1,2,0,0,2,2
17,4920.316,-6236.088,-198.934,-80.131,0.170787,0.985178,0.016023,-0.983840,0.171397,-0.051793,-0.053772,-0.006918,0.998529,0,0.08000,-0.12000,4.800,-0.240,-1,400.000,-1,400.000,-1,325.000,325.000,300.000,300.000,-1,800.000,525.000,-1,700.000,650.000,-1,-1,2,0,2,0,2,0,0,0,0,2,1,1,2,0,0,2,2
18,4921.882,-6245.560,-199.454,-80.611,0.162509,0.986576,0.016104,-0.985227,0.163138,-0.052098,-0.054025,-0.007400,0.998512,0,0.16000,-0.24000,9.600,-0.480,-1,400.000,-1,400.000,-1,325.000,325.000,300.000,300.000,-1,850.000,525.000,-1,675.000,650.000,-1,-1,2,0,2,0,2,0,0,0,0,2,1,1,2,0,0,2,2
19,4924.053,-6259.795,-200.232,-81.331,0.150071,0.988542,0.016220,-0.987177,0.150726,-0.052557,-0.054400,-0.008125,0.998486,0,0.24000,-0.36000,14.400,-0.720,-1,400.000,-1,400.000,-1,325.000,325.000,300.000,300.000,-1,950.000,550.000,-1,675.000,650.000,-1,-1,2,0,2,0,2,0,0,0,0,2,1,1,2,0,0,2,2
20,4926.629,-6278.822,-201.265,-82.291,0.133450,0.990920,0.016363,-0.989534,0.134142,-0.053175,-0.054887,-0.009096,0.998451,0,0.32000,-0.48000,19.200,-0.960,-1,400.000,-1,400.000,-1,325.000,325.000,300.000,300.000,-1,-1,600.000,-1,675.000,650.000,-1,-1,2,0,2,0,2,0,0,0,0,2,2,1,2,0,0,2,2
21,4929.350,-6302.667,-202.546,-83.491,0.112622,0.993501,0.016524,-0.992088,0.113359,-0.053953,-0.055475,-0.010317,0.998407,0,0.40000,-0.60000,24.000,-1.200,-1,400.000,-1,375.000,1000.000,325.000,325.000,300.000,300.000,-1,-1,675.000,-1,650.000,625.000,-1,1000.000,2,0,2,0,0,0,0,0,0,2,2,1,2,0,0,2,1
22,4931.895,-6331.355,-204.071,-84.931,0.087562,0.996019,0.016692,-0.994575,0.088355,-0.054894,-0.056150,-0.011795,0.998353,0,0.48000,-0.72000,28.800,-1.440,-1,375.000,-1,375.000,975.000,325.000,325.000,300.000,300.000,-1,-1,800.000,-1,650.000,625.000,-1,950.000,2,0,2,0,0,0,0,0,0,2,2,1,2,0,0,2,0
23,4933.882,-6364.896,-205.829,-86.611,0.058256,0.998159,0.016856,-0.996679,0.059115,-0.055999,-0.056893,-0.013537,0.998289,0,0.56000,-0.84000,33.600,-1.680,-1,375.000,-1,375.000,950.000,325.000,325.000,300.000,300.000,-1,-1,-1,-1,625.000,600.000,-1,900.000,2,0,2,0,0,0,0,0,0,2,2,2,2,0,0,2,0
24,4934.850,-6402.615,-207.775,-88.531,0.024702,0.999550,0.017002,-0.998031,0.025639,-0.057247,-0.057657,-0.015554,0.998215,0,0.62885,-0.96000,37.731,-1.920,-1,375.000,-1,350.000,900.000,300.000,300.000,300.000,300.000,-1,-1,-1,-1,600.000,600.000,975.000,875.000,2,0,2,0,0,0,0,0,0,2,2,2,2,0,0,1,0
25,4934.497,-6441.027,-209.724,-90.528,-0.010225,0.999801,0.017111,-0.998244,-0.009208,-0.058521,-0.058352,-0.017680,0.998140,0,0.64022,-0.99849,38.413,-1.997,975.000,350.000,-1,350.000,875.000,300.000,300.000,300.000,300.000,-1,-1,-1,-1,600.000,575.000,900.000,825.000,0,0,2,0,0,0,0,0,0,2,2,2,2,0,0,1,0
26,4932.795,-6480.087,-211.674,-92.495,-0.044624,0.998856,0.017187,-0.997260,-0.043524,-0.059816,-0.059000,-0.019810,0.998061,0,0.65161,-0.98367,39.097,-1.967,925.000,350.000,-1,350.000,825.000,300.000,300.000,300.000,300.000,-1,-1,-1,-1,575.000,550.000,850.000,775.000,0,0,2,0,0,0,0,0,0,2,2,2,2,0,0,1,0
27,4929.722,-6519.740,-213.622,-94.433,-0.078452,0.996769,0.017237,-0.995135,-0.077267,-0.061128,-0.059599,-0.021949,0.997981,0,0.66287,-0.96876,39.772,-1.938,850.000,350.000,-1,325.000,800.000,275.000,275.000,300.000,300.000,-1,-1,-1,-1,550.000,550.000,775.000,750.000,1,0,2,0,0,0,0,0,0,2,2,2,2,0,0,1,0
28,4924.925,-6564.053,-215.465,-96.179,-0.108764,0.993934,0.016314,-0.992396,-0.107615,-0.059742,-0.057624,-0.022688,0.998081,0,0.74287,-0.87345,44.572,-1.747,800.000,325.000,-1,325.000,800.000,275.000,275.000,300.000,300.000,-1,-1,-1,-1,550.000,550.000,750.000,725.000,1,0,2,0,0,0,0,0,0,2,2,2,2,0,0,1,0
29,4918.253,-6612.128,-216.897,-97.900,-0.138407,0.990266,0.014697,-0.988981,-0.137410,-0.055094,-0.052538,-0.022160,0.998373,0,0.80894,-0.86025,48.536,-1.721,775.000,325.000,-1,325.000,825.000,275.000,275.000,325.000,300.000,-1,-1,-1,-1,550.000,550.000,775.000,750.000,1,0,2,0,0,0,0,0,0,2,2,2,2,0,0,1,0
30,4910.037,-6660.748,-217.835,-99.591,-0.167500,0.985751,0.015476,-0.984818,-0.166575,-0.048840,-0.045567,-0.023422,0.998687,0,0.82182,-0.84572,49.309,-1.691,800.000,350.000,-1,325.000,925.000,275.000,275.000,325.000,300.000,-1,-1,-1,-1,550.000,550.000,875.000,800.000,1,0,2,0,0,0,0,0,0,2,2,2,2,0,0,1,1
31,4900.267,-6709.856,-218.761,-101.253,-0.195921,0.980478,0.016655,-0.979864,-0.195075,-0.042565,-0.038485,-0.024660,0.998955,0,0.83452,-0.83060,50.071,-1.661,825.000,350.000,-1,350.000,975.000,275.000,275.000,325.000,300.000,-1,-1,-1,-1,600.000,575.000,-1,800.000,1,0,2,0,0,0,0,0,0,2,2,2,2,1,0,2,0
32,4888.937,-6759.396,-219.671,-102.882,-0.223630,0.974504,0.018231,-0.974171,-0.222875,-0.036293,-0.031305,-0.025876,0.999175,0,0.84699,-0.81487,50.819,-1.630,850.000,350.000,-1,350.000,-1,300.000,300.000,325.000,300.000,-1,-1,-1,-1,650.000,600.000,-1,850.000,1,0,2,0,2,0,0,0,0,2,2,2,2,1,1,2,0
33,4876.047,-6809.309,-220.561,-104.479,-0.250588,0.967883,0.020195,-0.967795,-0.249939,-0.030050,-0.024038,-0.027074,0.999344,0,0.85918,-0.79849,51.551,-1.597,925.000,350.000,-1,350.000,-1,300.000,300.000,325.000,325.000,-1,350.000,400.000,-1,750.000,600.000,-1,900.000,1,0,2,0,2,0,0,0,0,2,0,0,2,1,1,2,0
34,4861.605,-6859.535,-221.427,-106.042,-0.276760,0.960675,0.022537,-0.960794,-0.276235,-0.023860,-0.016696,-0.028257,0.999461,0,0.87103,-0.78145,52.262,-1.563,-1,350.000,-1,350.000,-1,300.000,300.000,325.000,325.000,-1,275.000,275.000,-1,825.000,600.000,-1,975.000,2,0,2,0,2,0,0,0,0,2,0,0,2,1,1,2,0
35,4845.622,-6910.014,-222.265,-107.570,-0.302112,0.952938,0.025248,-0.953227,-0.301733,-0.017747,-0.009294,-0.029428,0.999524,0,0.88248,-0.76369,52.949,-1.527,-1,375.000,-1,375.000,-1,300.000,300.000,300.000,325.000,-1,250.000,250.000,-1,850.000,625.000,-1,-1,2,1,2,0,2,0,0,0,0,2,0,0,2,1,1,2,2
36,4828.116,-6960.683,-223.071,-109.060,-0.326610,0.944735,0.028312,-0.945157,-0.326405,-0.011734,-0.001844,-0.030591,0.999530,0,0.89346,-0.74519,53.607,-1.490,-1,375.000,-1,375.000,-1,300.000,300.000,300.000,325.000,-1,225.000,225.000,-1,850.000,625.000,-1,-1,2,1,2,0,2,1,0,0,0,2,0,0,2,1,1,2,2
37,4809.112,-7011.477,-223.841,-110.512,-0.350226,0.936128,0.031713,-0.936648,-0.350223,-0.005842,0.005638,-0.031750,0.999480,0,0.90387,-0.72589,54.232,-1.452,-1,400.000,-1,375.000,-1,300.000,300.000,300.000,325.000,-1,200.000,200.000,-1,850.000,625.000,-1,-1,2,1,2,1,2,1,1,0,0,2,0,0,2,1,0,2,2
38,4788.645,-7062.331,-224.566,-111.923,-0.372930,0.927183,0.035419,-0.927766,-0.373162,-0.000065,0.013157,-0.032884,0.999373,0,0.91363,-0.70576,54.818,-1.412,-1,400.000,-1,375.000,-1,325.000,300.000,300.000,325.000,-1,200.000,200.000,-1,-1,650.000,-1,-1,2,1,2,1,2,1,1,0,0,2,0,0,2,2,0,2,2
39,4766.771,-7113.128,-224.374,-113.296,-0.394897,0.918047,0.035301,-0.918540,-0.395298,0.004919,0.018470,-0.030483,0.999365,0,0.92176,-0.68637,55.306,-1.373,-1,400.000,-1,375.000,-1,325.000,300.000,300.000,325.000,-1,200.000,200.000,-1,-1,650.000,-1,-1,2,1,2,1,2,1,1,0,0,2,0,0,2,2,0,2,2
40,4743.657,-7163.501,-224.319,-114.648,-0.416423,0.908507,0.034739,-0.908942,-0.416871,0.006494,0.020381,-0.028871,0.999375,0,0.92371,-0.67608,55.423,-1.352,-1,400.000,-1,375.000,-1,325.000,300.000,275.000,325.000,-1,250.000,225.000,-1,-1,650.000,-1,-1,2,1,2,1,2,1,1,0,0,2,0,0,2,2,0,2,2
41,4719.356,-7213.374,-224.560,-115.978,-0.437381,0.898594,0.035031,-0.899029,-0.437842,0.006405,0.021094,-0.028692,0.999366,0,0.92465,-0.66482,55.479,-1.330,-1,400.000,-1,350.000,-1,300.000,300.000,275.000,325.000,-1,275.000,275.000,-1,-1,625.000,-1,-1,2,1,2,1,2,1,1,0,0,2,0,0,2,2,0,2,2
42,4693.931,-7262.668,-224.518,-117.283,-0.457717,0.888416,0.034818,-0.888814,-0.458210,0.007360,0.022493,-0.027578,0.999367,0,0.92440,-0.65255,55.464,-1.305,-1,375.000,-1,350.000,-1,300.000,275.000,275.000,300.000,-1,325.000,300.000,-1,-1,625.000,-1,-1,2,1,2,0,2,1,1,0,0,2,0,0,2,2,0,2,2
43,4667.459,-7311.299,-223.666,-118.561,-0.477417,0.877975,0.035117,-0.878375,-0.477920,0.007127,0.023040,-0.027444,0.999358,0,0.92281,-0.63924,55.369,-1.278,-1,375.000,-1,325.000,-1,300.000,275.000,275.000,300.000,-1,375.000,350.000,-1,-1,625.000,-1,-1,2,1,2,0,2,1,1,1,0,2,0,0,2,2,0,2,2
44,4637.823,-7363.469,-222.011,-119.600,-0.493248,0.869151,0.035817,-0.869587,-0.493743,0.005989,0.022890,-0.028192,0.999340,0,1.00000,-0.51924,60.000,-1.038,-1,350.000,-1,325.000,-1,275.000,275.000,300.000,300.000,-1,450.000,425.000,-1,-1,625.000,-1,-1,2,1,2,0,2,1,1,1,0,2,0,0,2,2,0,2,2
45,4607.463,-7415.221,-219.706,-120.398,-0.505228,0.862152,0.037925,-0.862635,-0.505787,0.006274,0.024591,-0.029546,0.999261,0,1.00000,-0.39924,60.000,-0.798,-1,350.000,-1,325.000,-1,275.000,250.000,300.000,325.000,-1,500.000,500.000,-1,-1,625.000,-1,-1,2,1,2,0,2,1,1,1,0,2,0,0,2,2,0,2,2
46,4576.600,-7466.674,-216.881,-120.957,-0.513450,0.857138,0.041037,-0.857670,-0.514141,0.007780,0.027767,-0.031201,0.999127,0,1.00000,-0.27924,60.000,-0.558,-1,325.000,-1,325.000,-1,275.000,250.000,325.000,325.000,-1,550.000,525.000,-1,-1,650.000,-1,-1,2,1,2,0,2,1,0,1,0,2,0,0,2,2,0,2,2
47,4545.450,-7517.956,-213.890,-121.275,-0.518035,0.854245,0.043657,-0.854784,-0.518884,0.010212,0.031377,-0.032027,0.998994,0,1.00000,-0.15924,60.000,-0.318,-1,325.000,-1,350.000,-1,250.000,250.000,350.000,325.000,-1,600.000,575.000,-1,-1,675.000,-1,-1,2,1,2,0,2,1,0,1,0,2,0,0,2,2,0,2,2
48,4514.400,-7568.916,-210.745,-121.354,-0.519033,0.853534,0.045654,-0.854028,-0.520054,0.013460,0.035231,-0.032004,0.998867,0,0.99457,-0.03924,59.674,-0.078,-1,300.000,-1,350.000,-1,250.000,275.000,375.000,325.000,-1,625.000,600.000,-1,-1,725.000,-1,-1,2,1,2,0,2,1,0,1,0,2,0,0,2,2,1,2,2
49,4483.806,-7619.448,-207.447,-121.192,-0.516475,0.855021,0.046821,-0.855410,-0.517660,0.017368,0.039088,-0.031081,0.998752,0,0.98453,0.08076,59.072,0.162,-1,325.000,-1,350.000,-1,250.000,275.000,375.000,350.000,-1,650.000,650.000,-1,-1,775.000,-1,-1,2,1,2,0,2,1,0,1,0,2,0,0,2,2,1,2,2
50,4453.906,-7669.622,-204.121,-120.791,-0.510322,0.858662,0.047646,-0.858900,-0.511676,0.021854,0.043144,-0.029771,0.998625,0,0.97345,0.20076,58.407,0.402,-1,375.000,-1,350.000,-1,250.000,275.000,400.000,350.000,-1,675.000,650.000,-1,-1,800.000,-1,-1,2,1,2,0,2,0,0,1,0,2,0,0,2,2,1,2,2
51,4424.929,-7719.512,-201.473,-120.149,-0.500314,0.864307,0.051575,-0.864431,-0.502012,0.027264,0.049456,-0.030942,0.998297,0,0.96156,0.32076,57.694,0.642,-1,425.000,-1,375.000,-1,275.000,275.000,425.000,350.000,-1,550.000,625.000,-1,-1,850.000,-1,-1,2,1,2,0,2,1,0,1,0,2,0,0,2,2,0,2,2
52,4397.085,-7769.193,-198.873,-119.268,-0.486565,0.871897,0.055229,-0.871861,-0.488638,0.033037,0.055792,-0.032078,0.997927,0,0.94919,0.44076,56.951,0.882,-1,500.000,-1,400.000,-1,325.000,300.000,450.000,350.000,-1,300.000,375.000,-1,1000.000,900.000,-1,-1,2,1,2,1,2,1,1,1,0,2,0,0,2,1,0,2,2
53,4370.578,-7818.749,-198.550,-118.146,-0.469040,0.880955,0.062599,-0.881551,-0.471298,0.027304,0.053557,-0.042378,0.997665,0,0.93666,0.56076,56.200,1.122,-1,525.000,-1,425.000,-1,350.000,325.000,450.000,375.000,-1,250.000,400.000,-1,950.000,875.000,-1,-1,2,1,2,1,2,1,1,1,0,2,0,0,2,1,0,2,2
54,4345.593,-7868.260,-199.079,-116.785,-0.447745,0.891305,0.071420,-0.892897,-0.449929,0.017279,0.047535,-0.056034,0.997297,0,0.92432,0.68076,55.459,1.362,-1,525.000,-1,425.000,-1,350.000,325.000,450.000,375.000,-1,225.000,550.000,-1,900.000,825.000,-1,-1,2,1,2,1,2,1,1,1,0,2,0,0,2,1,0,2,2
55,4322.306,-7917.808,-199.568,-115.183,-0.422571,0.902808,0.079819,-0.905389,-0.424503,0.008191,0.041278,-0.068806,0.996776,0,0.91248,0.80076,54.749,1.602,-1,525.000,-1,425.000,-1,350.000,325.000,475.000,400.000,-1,200.000,825.000,-1,825.000,775.000,-1,-1,2,1,2,1,2,1,1,1,0,2,0,0,2,1,0,2,2
56,4300.762,-7967.416,-199.429,-113.490,-0.395840,0.913967,0.089306,-0.917725,-0.397206,-0.002670,0.033032,-0.083015,0.996001,0,0.90143,0.84674,54.086,1.693,-1,525.000,-1,425.000,-1,350.000,325.000,500.000,400.000,-1,925.000,950.000,-1,775.000,750.000,1000.000,-1,2,1,2,1,2,1,1,1,0,2,0,0,2,1,0,1,2
57,4280.929,-8017.050,-199.831,-111.796,-0.369378,0.924362,0.095471,-0.929042,-0.369649,-0.015482,0.020980,-0.094415,0.995312,0,0.89085,0.84664,53.451,1.693,-1,500.000,-1,400.000,-1,350.000,325.000,500.000,425.000,-1,0.000,-1,-1,700.000,700.000,950.000,-1,2,1,2,1,2,1,1,1,0,2,1,2,2,1,1,1,2
58,4262.781,-8066.670,-201.105,-110.104,-0.343121,0.934167,0.097978,-0.939271,-0.341932,-0.029204,0.006220,-0.102048,0.994760,0,0.88062,0.84611,52.837,1.692,-1,475.000,-1,375.000,-1,325.000,300.000,525.000,425.000,-1,0.000,-1,-1,650.000,650.000,875.000,-1,2,1,2,1,2,1,1,1,0,2,1,2,2,1,1,1,2
59,4246.289,-8116.251,-202.282,-108.414,-0.316742,0.943068,0.101476,-0.948475,-0.313969,-0.042650,-0.008362,-0.109756,0.993923,0,0.87089,0.84515,52.254,1.690,-1,450.000,-1,350.000,-1,325.000,300.000,550.000,425.000,-1,0.000,-1,-1,575.000,600.000,800.000,-1,2,1,2,1,2,1,1,1,0,2,1,2,2,1,1,1,2
60,4231.423,-8165.775,-203.415,-106.726,-0.290318,0.951050,0.105921,-0.956656,-0.285803,-0.055905,-0.022896,-0.117560,0.992802,0,0.86181,0.84380,51.709,1.688,-1,400.000,925.000,350.000,-1,300.000,275.000,575.000,425.000,-1,0.000,0.000,-1,525.000,550.000,750.000,750.000,2,1,1,1,2,1,1,1,0,2,1,1,2,1,1,1,0
61,4430.878,-7936.382,-216.451,-41.919,0.739156,0.667370,0.090918,-0.668656,0.743304,-0.019989,-0.080920,-0.046017,0.995658,1,0.00000,0.00000,51.207,1.684,400.000,375.000,-1,-1,-1,500.000,775.000,250.000,175.000,-1,-1,-1,-1,650.000,-1,425.000,-1,1,1,2,2,2,1,1,1,1,2,2,2,2,1,2,1,2
62,-5575.428,-8199.132,-257.483,14.449,0.968430,-0.249171,0.007503,0.248359,0.966990,0.056987,-0.021455,-0.053325,0.998347,1,0.00000,0.00000,4.800,0.240,925.000,400.000,750.000,375.000,600.000,325.000,325.000,300.000,300.000,-1,-1,-1,-1,575.000,475.000,750.000,525.000,1,0,1,1,1,0,0,0,0,2,2,2,2,1,1,1,1
63,-5570.775,-8197.954,-257.572,14.209,0.969465,-0.245115,0.007429,0.244311,0.968014,0.057109,-0.021190,-0.053550,0.998340,0,0.08000,-0.12000,4.800,-0.240,900.000,400.000,725.000,375.000,600.000,325.000,325.000,300.000,300.000,-1,-1,-1,-1,575.000,475.000,750.000,525.000,1,0,1,1,1,0,0,0,0,2,2,2,2,1,1,1,1
64,-5561.449,-8195.675,-257.747,13.729,0.971484,-0.236992,0.007278,0.236202,0.970010,0.057357,-0.020653,-0.054002,0.998327,0,0.16000,-0.24000,9.600,-0.480,875.000,400.000,725.000,375.000,600.000,325.000,325.000,300.000,300.000,-1,-1,-1,-1,575.000,475.000,725.000,525.000,1,0,1,1,1,0,0,0,0,2,2,2,2,1,1,1,1
65,-5547.419,-8192.433,-258.002,13.009,0.974385,-0.224775,0.007039,0.224010,0.972875,0.057739,-0.019827,-0.054683,0.998307,0,0.24000,-0.36000,14.400,-0.720,850.000,400.000,700.000,350.000,600.000,325.000,325.000,300.000,300.000,-1,-1,-1,-1,550.000,475.000,700.000,500.000,1,0,1,1,1,0,0,0,0,2,2,2,2,1,1,1,1
66,-5528.642,-8188.425,-258.331,12.049,0.978014,-0.208433,0.006702,0.207702,0.976455,0.058267,-0.018689,-0.055594,0.998279,0,0.32000,-0.48000,19.200,-0.960,800.000,400.000,675.000,350.000,600.000,325.000,325.000,300.000,300.000,-1,925.000,-1,-1,525.000,450.000,650.000,500.000,1,1,1,1,1,0,1,0,0,2,0,2,2,1,1,1,1
67,-5505.070,-8183.906,-258.723,10.849,0.982163,-0.187926,0.006250,0.187241,0.980543,0.058958,-0.017208,-0.056736,0.998241,0,0.40000,-0.60000,24.000,-1.200,750.000,375.000,650.000,325.000,575.000,325.000,300.000,300.000,300.000,-1,825.000,-1,-1,500.000,450.000,625.000,475.000,1,1,1,1,1,1,1,0,0,2,0,2,2,1,1,1,1
68,-5476.658,-8179.197,-259.165,9.409,0.986575,-0.163213,0.005667,0.162589,0.984878,0.059830,-0.015347,-0.058106,0.998192,0,0.48000,-0.72000,28.800,-1.440,675.000,350.000,625.000,325.000,575.000,300.000,300.000,300.000,300.000,-1,750.000,-1,-1,475.000,425.000,575.000,475.000,1,1,1,1,1,1,1,0,0,2,0,2,2,1,1,1,1
69,-5443.362,-8174.677,-259.637,7.729,0.990934,-0.134256,0.004935,0.133711,0.989147,0.060910,-0.013059,-0.059698,0.998131,0,0.56000,-0.84000,33.600,-1.680,600.000,350.000,575.000,300.000,600.000,300.000,275.000,300.000,300.000,-1,700.000,-1,-1,450.000,400.000,525.000,450.000,1,1,1,1,1,1,1,0,0,2,0,2,2,1,1,1,1
70,-5405.159,-8170.789,-260.118,5.809,0.994875,-0.101029,0.004037,0.100584,0.992981,0.062225,-0.010295,-0.061501,0.998054,0,0.64000,-0.96000,38.400,-1.920,525.000,300.000,550.000,300.000,625.000,275.000,250.000,300.000,300.000,-1,675.000,900.000,-1,400.000,400.000,450.000,425.000,1,1,1,1,1,1,1,0,0,2,0,0,2,1,1,1,1
71,-5362.054,-8167.918,-260.586,3.809,0.997795,-0.066305,0.002969,0.065981,0.995780,0.063794,-0.007186,-0.063457,0.997959,0,0.72000,-1.00000,43.200,-2.000,450.000,275.000,500.000,275.000,-1,250.000,250.000,300.000,300.000,-1,650.000,800.000,-1,375.000,375.000,400.000,425.000,1,1,1,1,2,1,1,0,0,2,0,0,2,1,1,1,1
72,-5314.077,-8166.401,-261.020,1.809,0.999502,-0.031508,0.001729,0.031327,0.997352,0.065628,-0.003793,-0.065541,0.997843,0,0.80000,-1.00000,48.000,-2.000,375.000,250.000,450.000,250.000,-1,225.000,225.000,300.000,300.000,-1,625.000,750.000,-1,325.000,350.000,325.000,400.000,1,1,1,1,2,1,1,0,0,2,0,0,2,1,1,1,1
73,-5262.037,-8166.355,-261.404,0.049,1.000000,-0.000861,0.000353,0.000836,0.997707,0.067682,-0.000410,-0.067681,0.997707,0,0.86732,-0.88000,52.039,-1.760,300.000,225.000,400.000,225.000,-1,200.000,200.000,300.000,300.000,-1,525.000,725.000,-1,300.000,325.000,250.000,350.000,1,1,1,1,2,1,1,0,0,2,0,0,2,1,1,1,1
74,-5209.618,-8167.709,-256.074,-1.471,0.999531,0.025615,-0.016808,-0.024544,0.997827,0.061145,0.018338,-0.060704,0.997987,0,0.87391,-0.76000,52.435,-1.520,275.000,225.000,400.000,250.000,-1,200.000,200.000,325.000,300.000,-1,325.000,400.000,-1,275.000,325.000,250.000,425.000,1,1,1,1,2,1,1,0,0,2,0,0,2,1,1,1,1
75,-5156.881,-8170.252,-248.204,-2.751,0.997973,0.047924,-0.041863,-0.045663,0.997529,0.053391,0.044318,-0.051371,0.997696,0,0.87994,-0.64000,52.796,-1.280,275.000,225.000,425.000,250.000,-1,200.000,200.000,375.000,300.000,-1,225.000,225.000,-1,300.000,375.000,250.000,-1,1,1,1,1,2,1,1,0,0,2,0,0,2,1,1,1,2
76,-5103.867,-8173.771,-240.412,-3.791,0.995584,0.066050,-0.066703,-0.063015,0.996923,0.046619,0.069577,-0.042210,0.996683,0,0.88545,-0.52000,53.127,-1.040,275.000,225.000,475.000,275.000,-1,200.000,225.000,425.000,325.000,-1,175.000,175.000,-1,300.000,450.000,250.000,-1,1,1,1,1,2,1,1,0,0,2,0,0,2,1,1,1,2
77,-5050.601,-8178.053,-232.691,-4.591,0.992615,0.079990,-0.091194,-0.076559,0.996241,0.040521,0.094093,-0.033240,0.995008,0,0.89054,-0.40000,53.432,-0.800,300.000,225.000,-1,300.000,-1,200.000,225.000,475.000,325.000,-1,150.000,125.000,850.000,300.000,-1,250.000,-1,1,1,2,1,2,1,1,0,0,2,0,0,1,1,2,1,2
78,5575.425,-983.894,-384.409,19.939,0.938414,-0.340810,-0.056809,0.342198,0.939483,0.016513,0.047743,-0.034936,0.998248,1,0.00000,0.00000,53.717,-0.560,-1,400.000,-1,500.000,-1,350.000,375.000,-1,375.000,-1,0.000,0.000,-1,775.000,-1,-1,-1,2,0,2,0,2,0,0,2,0,2,0,0,2,0,2,2,2
79,5570.920,-985.550,-384.195,20.179,0.937015,-0.344750,-0.056129,0.346088,0.938068,0.015879,0.047179,-0.034304,0.998297,0,-0.08000,0.12000,-4.800,0.240,-1,400.000,-1,500.000,-1,350.000,375.000,-1,375.000,-1,0.000,0.000,-1,775.000,-1,-1,-1,2,0,2,0,2,0,0,2,0,2,0,0,2,0,2,2,2
80,5561.937,-988.937,-383.727,20.659,0.934177,-0.352613,-0.054562,0.353844,0.935192,0.014517,0.045907,-0.032868,0.998405,0,-0.16000,0.24000,-9.600,0.480,-1,400.000,-1,500.000,-1,325.000,375.000,-1,375.000,-1,0.000,0.000,-1,775.000,-1,-1,-1,2,0,2,0,2,0,0,2,0,2,0,0,2,0,2,2,2
81,5548.528,-994.187,-382.924,21.379,0.929820,-0.364367,-0.051696,0.365418,0.930763,0.012253,0.043652,-0.030284,0.998588,0,-0.24000,0.36000,-14.400,0.720,-1,400.000,-1,500.000,-1,325.000,375.000,-1,375.000,-1,0.000,0.000,-1,775.000,-1,-1,-1,2,0,2,0,2,0,0,2,0,2,0,0,2,0,2,2,2
82,5530.769,-1001.486,-381.661,22.339,0.923815,-0.379955,-0.046892,0.380744,0.924638,0.008859,0.039992,-0.026038,0.998861,0,-0.32000,0.48000,-19.200,0.960,-1,375.000,-1,475.000,-1,325.000,350.000,-1,375.000,-1,0.000,0.000,-1,750.000,-1,-1,-1,2,0,2,0,2,0,0,2,0,2,0,0,2,0,2,2,2
83,5509.152,-1010.903,-379.789,23.539,0.915978,-0.399296,-0.039335,0.399750,0.916615,0.004099,0.034418,-0.019479,0.999218,0,-0.39297,0.60000,-23.578,1.200,-1,375.000,-1,475.000,-1,325.000,350.000,-1,375.000,-1,0.000,0.000,-1,750.000,-1,-1,-1,2,0,2,0,2,0,0,2,0,2,0,0,2,0,2,2,2
84,5488.163,-1020.682,-377.355,24.979,0.906010,-0.422261,-0.028999,0.422388,0.906413,-0.001907,0.027090,-0.010521,0.999578,0,-0.38592,0.72000,-23.155,1.440,-1,375.000,-1,450.000,-1,325.000,350.000,-1,350.000,-1,0.000,0.000,-1,725.000,950.000,-1,-1,2,0,2,0,2,0,0,2,0,2,0,0,2,0,0,2,2
85,5467.857,-1030.775,-374.561,26.431,0.895319,-0.445114,-0.016632,0.445039,0.895474,-0.008216,0.018551,-0.000046,0.999828,0,-0.37792,0.72588,-22.675,1.452,-1,375.000,-1,425.000,-1,325.000,325.000,-1,350.000,-1,0.000,0.000,-1,700.000,875.000,-1,-1,2,0,2,0,2,0,0,2,0,2,0,0,2,1,0,2,2
86,5448.251,-1041.148,-371.432,27.884,0.883911,-0.467650,-0.002315,0.467571,0.883835,-0.014617,0.008882,0.011838,0.999890,0,-0.36968,0.72665,-22.181,1.453,-1,375.000,-1,425.000,-1,325.000,325.000,-1,325.000,-1,0.000,0.000,-1,700.000,800.000,-1,-1,2,0,2,0,2,0,0,2,0,2,0,0,2,1,0,2,2
87,5429.352,-1051.767,-367.986,29.338,0.871716,-0.489814,0.013890,0.490007,0.871467,-0.020939,-0.001849,0.025059,0.999684,0,-0.36130,0.72724,-21.678,1.454,-1,375.000,-1,400.000,-1,300.000,325.000,-1,325.000,-1,-1,300.000,-1,675.000,725.000,-1,-1,2,0,2,0,2,0,0,2,0,2,2,0,2,1,0,2,2
88,5411.167,-1062.607,-368.235,30.794,0.858746,-0.511810,0.024623,0.512188,0.858784,-0.012397,-0.014801,0.023257,0.999620,0,-0.35284,0.72764,-21.171,1.455,-1,350.000,-1,375.000,-1,300.000,300.000,-1,325.000,-1,-1,-1,-1,625.000,675.000,-1,-1,2,0,2,0,2,0,0,2,0,2,2,2,2,0,0,2,2
89,5393.693,-1073.634,-370.564,32.249,0.845350,-0.533560,0.026400,0.533720,0.845661,0.001181,-0.022956,0.013092,0.999651,0,-0.34437,0.72786,-20.662,1.456,-1,325.000,-1,350.000,-1,275.000,275.000,-1,325.000,-1,-1,-1,-1,550.000,625.000,-1,-1,2,0,2,0,2,0,0,2,0,2,2,2,2,0,0,2,2
90,5376.925,-1084.819,-372.717,33.705,0.831454,-0.554917,0.027415,0.554757,0.831898,0.013828,-0.030480,0.003711,0.999528,0,-0.33595,0.72791,-20.157,1.456,-1,300.000,-1,325.000,-1,250.000,275.000,-1,325.000,-1,-1,-1,-1,500.000,600.000,-1,-1,2,0,2,0,2,0,0,2,0,2,2,2,2,0,0,2,2
91,5360.855,-1096.139,-374.688,35.161,0.817073,-0.575867,0.027738,0.575323,0.817529,0.025484,-0.037352,-0.004864,0.999290,0,-0.32762,0.72780,-19.657,1.456,400.000,275.000,-1,325.000,-1,250.000,250.000,-1,350.000,-1,-1,-1,-1,475.000,575.000,400.000,-1,0,0,2,0,2,0,0,2,0,2,2,2,2,0,0,0,2
92,5348.892,-1104.949,-376.147,36.376,0.804696,-0.593051,0.027492,0.592174,0.805088,0.034116,-0.042366,-0.011173,0.999040,0,-0.24762,0.60780,-14.857,1.216,450.000,275.000,-1,325.000,-1,225.000,250.000,-1,350.000,-1,-1,-1,-1,450.000,550.000,300.000,1000.000,1,0,2,0,2,0,0,2,0,2,2,2,2,0,0,0,0
93,5340.897,-1111.049,-377.179,37.352,0.794521,-0.606637,0.026977,0.605506,0.794826,0.040173,-0.045813,-0.015584,0.998828,0,-0.16762,0.48780,-10.057,0.976,-1,250.000,-1,300.000,-1,225.000,250.000,-1,350.000,-1,-1,-1,-1,425.000,525.000,325.000,925.000,2,0,2,0,2,0,0,2,0,2,2,2,2,0,0,0,0
94,5336.758,-1114.292,-377.852,38.088,0.786708,-0.616762,0.026380,0.615464,0.786935,0.044016,-0.047906,-0.018392,0.998682,0,-0.08762,0.36780,-5.257,0.736,-1,250.000,-1,300.000,-1,225.000,250.000,-1,350.000,-1,-1,-1,-1,400.000,525.000,325.000,900.000,2,0,2,0,2,0,0,2,0,2,2,2,2,0,0,1,0
95,5336.401,-1114.576,-378.201,38.583,0.781373,-0.623529,0.025853,0.622154,0.781551,0.045864,-0.048803,-0.019752,0.998613,0,-0.00762,0.24780,-0.457,0.496,-1,250.000,-1,300.000,-1,225.000,250.000,-1,350.000,-1,-1,-1,-1,400.000,525.000,350.000,875.000,2,0,2,0,2,0,0,2,0,2,2,2,2,0,0,1,0
96,5339.783,-1111.853,-378.234,38.839,0.778594,-0.627010,0.025491,0.625646,0.778762,0.045789,-0.048561,-0.019703,0.998626,0,0.07238,0.12780,4.343,0.256,-1,250.000,-1,300.000,-1,225.000,250.000,-1,350.000,-1,-1,-1,-1,400.000,525.000,350.000,875.000,2,0,2,0,2,0,0,2,0,2,2,2,2,0,0,1,0
97,5346.903,-1106.118,-377.942,38.854,0.778416,-0.627240,0.025263,0.625980,0.778613,0.043710,-0.047087,-0.018211,0.998725,0,0.15238,0.00780,9.143,0.016,-1,250.000,-1,300.000,-1,225.000,250.000,-1,350.000,-1,-1,-1,-1,400.000,525.000,325.000,875.000,2,0,2,0,2,0,0,2,0,2,2,2,2,0,0,1,0
98,5357.796,-1097.415,-377.268,38.630,0.780844,-0.624218,0.025174,0.623158,0.781105,0.039363,-0.044234,-0.015049,0.998908,0,0.23238,-0.11220,13.943,-0.224,-1,250.000,-1,300.000,-1,225.000,250.000,-1,350.000,-1,-1,-1,-1,425.000,525.000,325.000,925.000,2,0,2,0,2,0,0,2,0,2,2,2,2,0,0,0,0
99,5372.532,-1085.834,-376.133,38.166,0.785850,-0.617906,0.025142,0.617140,0.786190,0.032321,-0.039738,-0.009883,0.999161,0,0.31238,-0.23220,18.743,-0.464,-1,275.000,-1,300.000,-1,225.000,250.000,-1,350.000,-1,-1,-1,-1,450.000,550.000,325.000,1000.000,2,0,2,0,2,0,0,2,0,2,2,2,2,0,0,0,0
100,5391.220,-1071.517,-374.428,37.461,0.793372,-0.608223,0.025011,0.607828,0.793763,0.022011,-0.033241,-0.002260,0.999445,0,0.39238,-0.35220,23.543,-0.704,-1,275.000,-1,325.000,-1,250.000,250.000,-1,350.000,-1,-1,-1,-1,475.000,575.000,450.000,-1,2,0,2,0,2,0,0,2,0,2,2,2,2,0,0,0,2
101,5413.998,-1054.652,-372.020,36.517,0.803324,-0.595038,0.024516,0.595046,0.803654,0.007740,-0.024308,0.008370,0.999669,0,0.47238,-0.47220,28.343,-0.944,-1,300.000,-1,350.000,-1,275.000,275.000,-1,325.000,-1,-1,-1,-1,525.000,600.000,-1,-1,2,0,2,0,2,0,0,2,0,2,2,2,2,0,0,2,2
102,5441.034,-1035.483,-368.760,35.332,0.815584,-0.578171,0.023249,0.578504,0.815602,-0.011262,-0.012450,0.022635,0.999666,0,0.55238,-0.59220,33.143,-1.184,-1,350.000,-1,350.000,-1,275.000,300.000,-1,325.000,-1,-1,-1,-1,825.000,650.000,-1,-1,2,0,2,0,2,0,0,2,0,2,2,2,2,1,0,2,2
103,5472.523,-1014.315,-368.606,33.908,0.829988,-0.557694,0.009852,0.557763,0.829686,-0.022838,0.004563,0.024451,0.999691,0,0.63238,-0.71220,37.943,-1.424,-1,375.000,-1,400.000,-1,300.000,325.000,-1,325.000,-1,200.000,225.000,-1,825.000,750.000,-1,-1,2,0,2,0,2,0,0,2,0,2,0,0,2,1,0,2,2
104,5508.641,-991.456,-373.514,32.334,0.844826,-0.534848,-0.014404,0.534640,0.844929,-0.015980,0.020717,0.005799,0.999769,0,0.71238,-0.78690,42.743,-1.574,-1,375.000,-1,425.000,-1,325.000,325.000,-1,325.000,-1,0.000,0.000,-1,775.000,850.000,-1,-1,2,0,2,0,2,0,0,2,0,2,0,0,2,1,0,2,2
105,5549.497,-967.142,-377.724,30.759,0.858639,-0.511396,-0.034835,0.511406,0.859289,-0.009285,0.034681,-0.009843,0.999350,0,0.79238,-0.78785,47.543,-1.576,-1,375.000,-1,450.000,-1,325.000,350.000,-1,350.000,-1,0.000,0.000,-1,750.000,975.000,-1,-1,2,0,2,0,2,0,0,2,0,2,0,0,2,0,0,2,2
106,5595.089,-941.428,-380.813,29.423,0.869667,-0.491145,-0.049563,0.491565,0.870831,-0.004175,0.045211,-0.020733,0.998762,0,0.87238,-0.66785,52.343,-1.336,-1,375.000,-1,475.000,-1,325.000,350.000,-1,375.000,-1,0.000,0.000,-1,800.000,-1,-1,-1,2,0,2,0,2,0,0,2,0,2,0,0,2,0,2,2,2
107,5641.637,-916.335,-382.572,28.327,0.878426,-0.474340,-0.058051,0.475071,0.879946,-0.001356,0.051725,-0.026388,0.998313,0,0.88133,-0.54785,52.880,-1.096,-1,400.000,-1,475.000,-1,325.000,350.000,-1,375.000,-1,0.000,0.000,-1,825.000,-1,-1,-1,2,0,2,0,2,0,0,2,0,2,0,0,2,0,2,2,2
108,5687.993,-892.233,-383.083,27.471,0.885223,-0.461133,-0.061130,0.461945,0.886908,-0.000950,0.054655,-0.027397,0.998129,0,0.87077,-0.42785,52.246,-0.856,-1,400.000,-1,500.000,-1,325.000,375.000,-1,375.000,-1,0.000,0.000,-1,850.000,-1,-1,-1,2,0,2,0,2,0,0,2,0,2,1,0,2,0,2,2,2
109,5734.142,-868.866,-382.543,26.856,0.890231,-0.451613,-0.059459,0.452252,0.891885,-0.002996,0.054384,-0.024223,0.998226,0,0.86214,-0.30785,51.729,-0.616,-1,400.000,-1,475.000,-1,325.000,375.000,225.000,375.000,-1,0.000,0.000,-1,875.000,-1,-1,-1,2,0,2,0,2,0,0,1,0,2,1,0,2,0,2,2,2
110,5780.079,-845.984,-380.990,26.480,0.893515,-0.445815,-0.053671,0.446117,0.894948,-0.006883,0.051101,-0.017794,0.998535,0,0.85534,-0.18785,51.321,-0.376,-1,400.000,-1,475.000,-1,325.000,350.000,200.000,375.000,-1,0.000,0.000,-1,875.000,-1,-1,-1,2,0,2,0,2,0,0,0,0,2,1,0,2,0,2,2,2
111,5825.867,-823.494,-378.611,26.159,0.896486,-0.440841,-0.044401,0.440752,0.897545,-0.012293,0.045271,-0.008549,0.998938,0,0.85023,-0.16072,51.014,-0.321,-1,400.000,-1,450.000,-1,325.000,350.000,200.000,350.000,-1,0.000,0.000,-1,875.000,-1,-1,-1,2,0,2,0,2,0,0,0,0,2,1,0,2,0,2,2,2
112,5871.568,-801.373,-375.368,25.828,0.899522,-0.435668,-0.032466,0.435259,0.900103,-0.019097,0.037543,0.003047,0.999290,0,0.84624,-0.16533,50.774,-0.331,-1,400.000,-1,450.000,-1,325.000,350.000,225.000,350.000,-1,0.000,0.000,-1,875.000,975.000,-1,-1,2,0,2,0,2,0,0,0,0,2,1,0,2,0,0,2,2
113,5917.233,-779.601,-371.409,25.487,0.902544,-0.430248,-0.017361,0.429716,0.902542,-0.027606,0.027547,0.017455,0.999468,0,0.84317,-0.17023,50.590,-0.340,-1,400.000,-1,425.000,-1,325.000,325.000,-1,325.000,-1,0.000,0.000,-1,875.000,900.000,-1,-1,2,0,2,0,2,0,0,2,0,2,0,0,2,0,0,2,2
114,5962.909,-758.163,-366.763,25.137,0.905417,-0.424523,0.000925,0.424250,0.904752,-0.037907,0.015255,0.034714,0.999281,0,0.84096,-0.17539,50.458,-0.351,-1,400.000,-1,400.000,-1,325.000,325.000,-1,325.000,-1,400.000,325.000,-1,850.000,800.000,-1,-1,2,0,2,0,2,0,0,2,0,2,0,0,2,0,0,2,2
115,6008.644,-737.051,-364.571,24.775,0.908098,-0.418685,0.007815,0.418618,0.907153,-0.042805,0.010832,0.042143,0.999053,0,0.83955,-0.18079,50.373,-0.362,-1,400.000,-1,400.000,-1,325.000,325.000,-1,300.000,-1,600.000,525.000,-1,875.000,775.000,-1,-1,2,0,2,0,2,0,0,2,0,2,0,0,2,0,0,2,2
116,6058.887,-714.252,-364.041,24.407,0.910781,-0.412831,0.007012,0.412725,0.909800,-0.043841,0.011719,0.042823,0.999014,0,0.91955,-0.18421,55.173,-0.368,-1,400.000,-1,400.000,-1,325.000,325.000,-1,300.000,-1,625.000,550.000,-1,900.000,775.000,-1,-1,2,0,2,0,2,0,0,2,0,2,0,0,2,0,0,2,2
117,6110.032,-691.440,-363.780,24.039,0.913411,-0.406983,0.006676,0.406872,0.912447,-0.043545,0.011631,0.042490,0.999029,0,0.93336,-0.18407,56.002,-0.368,-1,400.000,-1,400.000,-1,325.000,325.000,-1,300.000,-1,650.000,575.000,-1,900.000,775.000,-1,-1,2,0,2,0,2,0,0,2,0,2,0,0,2,0,0,2,2
118,6160.906,-669.140,-363.585,23.670,0.916007,-0.401109,0.006557,0.401005,0.915067,-0.042983,0.011241,0.042002,0.999054,0,0.92579,-0.18442,55.547,-0.369,-1,400.000,-1,400.000,-1,325.000,325.000,-1,300.000,-1,700.000,625.000,-1,925.000,775.000,-1,-1,2,0,2,0,2,0,0,2,0,2,0,0,2,0,0,2,2
119,6211.517,-647.345,-363.407,23.299,0.918576,-0.395190,0.006586,0.395100,0.917659,-0.042412,0.010717,0.041561,0.999078,0,0.91841,-0.18526,55.104,-0.371,-1,425.000,-1,400.000,-1,325.000,325.000,-1,300.000,-1,750.000,675.000,-1,925.000,775.000,-1,-1,2,0,2,0,2,0,0,2,0,2,0,0,2,0,0,2,2
120,6261.879,-626.045,-363.212,22.926,0.921122,-0.389214,0.006800,0.389145,0.920233,-0.041685,0.009967,0.041043,0.999108,0,0.91134,-0.18658,54.681,-0.373,-1,425.000,-1,400.000,-1,325.000,325.000,-1,300.000,-1,825.000,750.000,-1,950.000,775.000,-1,-1,2,0,2,0,2,0,0,2,0,2,0,0,2,0,0,2,2
121,6312.010,-605.230,-362.968,22.549,0.923651,-0.383167,0.007238,0.383132,0.922799,-0.040657,0.008899,0.040326,0.999147,0,0.90468,-0.18834,54.281,-0.377,-1,425.000,-1,400.000,-1,325.000,325.000,-1,300.000,-1,900.000,825.000,-1,950.000,775.000,-1,-1,2,0,2,0,2,0,0,2,0,2,0,0,2,0,0,2,2
122,6361.936,-584.888,-362.737,22.168,0.926168,-0.377031,0.007816,0.377033,0.925352,-0.039624,0.007707,0.039645,0.999184,0,0.89851,-0.19053,53.911,-0.381,-1,425.000,-1,400.000,-1,325.000,325.000,-1,300.000,-1,1000.000,925.000,-1,950.000,775.000,-1,-1,2,0,2,0,2,0,0,2,0,2,0,0,2,0,0,2,2
123,6411.685,-565.009,-362.520,21.782,0.928676,-0.370794,0.008528,0.370837,0.927896,-0.038590,0.006396,0.039000,0.999219,0,0.89289,-0.19313,53.573,-0.386,-1,425.000,-1,400.000,-1,325.000,325.000,300.000,300.000,-1,-1,-1,-1,975.000,775.000,-1,-1,2,0,2,0,2,0,0,0,0,2,2,2,2,0,0,2,2
124,6461.287,-545.581,-362.240,21.390,0.931176,-0.364446,0.009477,0.364538,0.930445,-0.037211,0.004744,0.038105,0.999262,0,0.88785,-0.19611,53.271,-0.392,-1,425.000,-1,400.000,-1,325.000,325.000,325.000,300.000,-1,-1,-1,-1,975.000,775.000,-1,975.000,2,0,2,0,2,0,0,0,0,2,2,2,2,0,1,2,1
125,6510.776,-526.593,-361.911,20.991,0.933670,-0.357974,0.010715,0.358124,0.932998,-0.035535,0.002724,0.037015,0.999311,0,0.88344,-0.19946,53.007,-0.399,-1,425.000,-1,400.000,-1,325.000,325.000,325.000,300.000,-1,-1,-1,-1,975.000,750.000,-1,925.000,2,0,2,0,2,0,0,0,0,2,2,2,2,0,1,2,1
126,6560.187,-508.037,-361.653,20.585,0.936161,-0.351359,0.012185,0.351570,0.935542,-0.034066,0.000570,0.036175,0.999345,0,0.87967,-0.20315,52.780,-0.406,-1,425.000,-1,400.000,1000.000,325.000,325.000,325.000,300.000,-1,-1,-1,-1,950.000,700.000,-1,850.000,2,0,2,0,1,0,0,0,0,2,2,2,2,1,1,2,1
127,6609.554,-489.903,-361.437,20.170,0.938651,-0.344594,0.013768,0.344865,0.938081,-0.032735,-0.001635,0.035475,0.999369,0,0.87654,-0.20716,52.593,-0.414,975.000,425.000,-1,400.000,925.000,325.000,325.000,325.000,300.000,-1,-1,-1,-1,900.000,675.000,-1,800.000,1,0,2,0,1,0,0,0,0,2,2,2,2,1,1,2,1
128,6654.505,-473.667,-361.385,19.860,0.940483,-0.339517,0.014834,0.339825,0.939966,-0.031341,-0.003302,0.034517,0.999399,0,0.79654,-0.15524,47.793,-0.310,925.000,425.000,1000.000,400.000,850.000,325.000,325.000,325.000,300.000,-1,-1,-1,-1,850.000,650.000,-1,750.000,1,0,1,0,1,0,0,0,0,2,2,2,2,1,1,2,1
129,6697.790,-458.305,-361.634,19.541,0.942344,-0.334303,0.015165,0.334616,0.941902,-0.029215,-0.004517,0.032605,0.999458,0,0.76551,-0.15941,45.931,-0.319,900.000,425.000,950.000,400.000,800.000,325.000,325.000,325.000,300.000,-1,-1,-1,-1,800.000,600.000,975.000,700.000,1,0,1,0,1,0,0,0,0,2,2,2,2,1,1,1,1
130,6741.100,-443.212,-361.978,19.214,0.944222,-0.328939,0.015604,0.329256,0.943858,-0.026885,-0.005884,0.030523,0.999517,0,0.76441,-0.16363,45.864,-0.327,850.000,425.000,900.000,400.000,750.000,325.000,325.000,325.000,300.000,-1,-1,-1,-1,775.000,575.000,925.000,675.000,1,0,1,0,1,0,0,0,0,2,2,2,2,1,1,1,1
131,6784.460,-428.387,-362.367,18.878,0.946120,-0.323416,0.016088,0.323734,0.945828,-0.024594,-0.007263,0.028477,0.999568,0,0.76374,-0.16805,45.825,-0.336,825.000,425.000,850.000,400.000,700.000,325.000,325.000,325.000,300.000,-1,-1,-1,-1,725.000,550.000,875.000,625.000,1,0,1,0,1,0,0,0,0,2,2,2,2,1,1,1,1
132,6832.525,-412.491,-362.853,18.301,0.949307,-0.313909,0.016651,0.314225,0.949091,-0.022097,-0.008867,0.026209,0.999617,0,0.84374,-0.28805,50.625,-0.576,800.000,425.000,800.000,400.000,625.000,325.000,325.000,300.000,300.000,-1,-1,-1,-1,675.000,525.000,825.000,575.000,1,0,1,0,1,0,0,0,0,2,2,2,2,1,1,1,1
133,6885.341,-395.687,-363.448,17.649,0.952799,-0.303106,0.017331,0.303416,0.952660,-0.019424,-0.010623,0.023766,0.999661,0,0.92374,-0.32603,55.425,-0.652,750.000,425.000,725.000,375.000,575.000,325.000,325.000,300.000,300.000,-1,-1,-1,-1,625.000,475.000,775.000,525.000,1,0,1,1,1,0,0,0,0,2,2,2,2,1,1,1,1
134,6939.274,-379.205,-364.116,16.994,0.956185,-0.292205,0.018090,0.292502,0.956118,-0.016771,-0.012395,0.021327,0.999696,0,0.93992,-0.32773,56.395,-0.655,700.000,425.000,650.000,350.000,525.000,325.000,325.000,300.000,300.000,-1,-1,-1,-1,550.000,425.000,725.000,450.000,1,1,1,1,1,0,1,0,0,2,2,2,2,1,1,1,1
