timestep,x_cm,y_cm,z_cm,yaw_deg,basis_xx,basis_xy,basis_xz,basis_yx,basis_yy,basis_yz,basis_zx,basis_zy,basis_zz,teleport_flag,throttle_cmd,steering_cmd,cmd_move_cm,cmd_turn_deg,lidar_cm_0,lidar_cm_1,lidar_cm_2,lidar_cm_3,lidar_cm_4,lidar_cm_5,lidar_cm_6,lidar_cm_7,lidar_cm_8,lidar_cm_9,lidar_cm_10,lidar_cm_11,lidar_cm_12,lidar_cm_13,lidar_cm_14,lidar_cm_15,lidar_cm_16,lidar_class_0,lidar_class_1,lidar_class_2,lidar_class_3,lidar_class_4,lidar_class_5,lidar_class_6,lidar_class_7,lidar_class_8,lidar_class_9,lidar_class_10,lidar_class_11,lidar_class_12,lidar_class_13,lidar_class_14,lidar_class_15,lidar_class_16
0,8195.574,-6884.087,477.613,138.136,-0.745049,-0.667010,0.000975,0.666324,-0.744347,-0.044276,0.030258,-0.032338,0.999019,1,0.08000,-0.12000,4.800,-0.240,-1,400.000,-1,450.000,-1,325.000,350.000,325.000,350.000,-1,-1,-1,-1,825.000,-1,-1,-1,2,0,2,0,2,0,0,0,0,2,2,2,2,0,2,2,2
1,8188.479,-6877.621,477.767,137.656,-0.739438,-0.673225,0.000481,0.672557,-0.738736,-0.044009,0.029983,-0.032219,0.999031,0,0.16000,-0.24000,9.600,-0.480,-1,400.000,-1,450.000,-1,325.000,350.000,325.000,350.000,-1,-1,-1,-1,825.000,-1,-1,-1,2,0,2,0,2,0,0,0,0,2,2,2,2,0,2,2,2
2,8177.958,-6867.788,478.008,136.936,-0.730924,-0.682459,-0.000265,0.681819,-0.730222,-0.043567,0.029539,-0.032025,0.999050,0,0.24000,-0.36000,14.400,-0.720,-1,400.000,-1,450.000,-1,325.000,350.000,325.000,350.000,-1,-1,-1,-1,825.000,-1,-1,-1,2,0,2,0,2,0,0,0,0,2,2,2,2,0,2,2,2
3,8164.152,-6854.445,478.347,135.976,-0.719392,-0.694604,-0.001264,0.694004,-0.718692,-0.042898,0.028888,-0.031738,0.999079,0,0.32000,-0.48000,19.200,-0.960,-1,400.000,-1,450.000,-1,325.000,350.000,300.000,350.000,-1,-1,-1,-1,850.000,-1,-1,-1,2,0,2,0,2,0,0,0,0,2,2,2,2,0,2,2,2
4,8147.248,-6837.408,478.907,134.776,-0.704680,-0.709521,-0.002453,0.708986,-0.704006,-0.041396,0.027644,-0.030910,0.999140,0,0.40000,-0.60000,24.000,-1.200,-1,400.000,-1,450.000,-1,325.000,350.000,300.000,350.000,-1,-1,-1,-1,825.000,-1,-1,-1,2,0,2,0,2,0,0,0,0,2,2,2,2,0,2,2,2
5,8127.484,-6816.461,479.527,133.336,-0.686603,-0.727025,-0.003200,0.726557,-0.685988,-0.039178,0.026289,-0.029225,0.999227,0,0.48000,-0.72000,28.800,-1.440,-1,400.000,-1,475.000,-1,325.000,350.000,300.000,350.000,-1,-1,-1,-1,850.000,-1,-1,-1,2,0,2,0,2,0,0,0,0,2,2,2,2,0,2,2,2
6,8105.151,-6791.356,480.154,131.656,-0.664956,-0.746875,-0.003400,0.746465,-0.664424,-0.036480,0.024987,-0.026795,0.999329,0,0.56000,-0.84000,33.600,-1.680,-1,400.000,-1,475.000,-1,325.000,350.000,300.000,350.000,-1,-1,-1,-1,850.000,-1,-1,-1,2,0,2,0,2,0,0,0,0,2,2,2,2,0,2,2,2
7,8080.557,-6761.866,480.892,129.829,-0.640751,-0.767741,-0.003409,0.767391,-0.640311,-0.033354,0.023425,-0.023988,0.999438,0,0.64000,-0.91387,38.400,-1.828,-1,400.000,-1,500.000,-1,325.000,325.000,300.000,350.000,-1,-1,-1,-1,925.000,-1,-1,-1,2,0,2,0,2,0,0,0,0,2,2,2,2,0,2,2,2
8,8053.962,-6727.822,481.747,127.997,-0.615834,-0.787870,-0.003111,0.787580,-0.615490,-0.029833,0.021589,-0.020823,0.999550,0,0.72000,-0.91576,43.200,-1.832,-1,400.000,-1,525.000,-1,325.000,350.000,300.000,350.000,-1,-1,-1,-1,1000.000,-1,-1,-1,2,0,2,0,2,0,0,0,0,2,2,2,2,0,2,2,2
9,8025.751,-6688.988,482.731,125.997,-0.587907,-0.808924,-0.002569,0.808695,-0.587658,-0.025900,0.019442,-0.017304,0.999661,0,0.80000,-1.00000,48.000,-2.000,-1,400.000,-1,525.000,-1,325.000,350.000,275.000,350.000,-1,-1,-1,-1,-1,-1,-1,-1,2,0,2,0,2,0,0,0,0,2,2,2,2,2,2,2,2
10,7997.496,-6647.092,483.802,123.997,-0.559264,-0.828988,-0.001747,0.828814,-0.559101,-0.021770,0.017070,-0.013623,0.999761,0,0.84222,-1.00000,50.533,-2.000,-1,400.000,-1,550.000,-1,350.000,375.000,275.000,325.000,-1,-1,-1,-1,-1,-1,-1,-1,2,0,2,0,2,0,0,0,0,2,2,2,2,2,2,2,2
11,7970.699,-6604.204,483.879,121.997,-0.529903,-0.848058,0.000914,0.847980,-0.529868,-0.012991,0.011501,-0.006108,0.999915,0,0.84286,-1.00000,50.572,-2.000,-1,425.000,-1,550.000,-1,350.000,375.000,275.000,325.000,-1,-1,-1,-1,-1,-1,-1,-1,2,0,2,0,2,0,0,0,0,2,2,2,2,2,2,2,2
12,7945.398,-6560.375,483.689,119.997,-0.499941,-0.866047,0.004633,0.866045,-0.499956,-0.002989,0.004905,0.002518,0.999985,0,0.84345,-1.00000,50.607,-2.000,-1,450.000,-1,525.000,-1,350.000,375.000,300.000,300.000,-1,-1,-1,-1,-1,-1,-1,-1,2,0,2,0,2,0,0,0,0,2,2,2,2,2,2,2,2
13,7921.626,-6515.662,483.488,117.997,-0.469447,-0.882917,0.008770,0.882959,-0.469400,0.006889,-0.001966,0.010978,0.999938,0,0.84400,-1.00000,50.640,-2.000,-1,450.000,-1,525.000,-1,375.000,375.000,300.000,275.000,-1,-1,-1,-1,-1,-1,-1,-1,2,0,2,0,2,0,0,0,0,2,2,2,2,2,2,2,2
14,7899.415,-6470.120,483.093,115.997,-0.438452,-0.898661,0.012964,0.898715,-0.438252,0.015698,-0.008426,0.018533,0.999793,0,0.84449,-1.00000,50.669,-2.000,-1,475.000,-1,525.000,-1,375.000,375.000,325.000,275.000,-1,-1,-1,-1,-1,-1,-1,-1,2,0,2,0,2,0,0,0,1,2,2,2,2,2,2,2,2
15,7878.797,-6423.807,482.046,113.997,-0.406933,-0.913316,0.016081,0.913367,-0.406582,0.021247,-0.012867,0.023334,0.999645,0,0.84492,-1.00000,50.695,-2.000,-1,475.000,-1,525.000,-1,375.000,400.000,325.000,275.000,-1,-1,-1,-1,-1,-1,-1,-1,2,0,2,0,2,0,0,0,1,2,2,2,2,2,2,2,2
16,7859.801,-6376.782,479.597,111.997,-0.374925,-0.926973,0.012353,0.926793,-0.374469,0.028782,-0.022054,0.022240,0.999509,0,0.84528,-1.00000,50.717,-2.000,-1,475.000,-1,500.000,-1,375.000,375.000,325.000,250.000,-1,-1,-1,-1,-1,-1,-1,-1,2,0,2,0,2,0,0,0,1,2,2,2,2,2,2,2,2
17,7842.451,-6329.105,476.958,109.997,-0.342421,-0.939506,0.008724,0.939016,-0.341901,0.036771,-0.031563,0.020783,0.999286,0,0.84557,-1.00000,50.734,-2.000,-1,450.000,-1,500.000,-1,375.000,375.000,300.000,250.000,-1,-1,-1,-1,-1,-1,-1,-1,2,0,2,0,2,0,0,0,1,2,2,2,2,2,2,2,2
18,7826.772,-6280.840,474.290,107.997,-0.309470,-0.950891,0.005823,0.950025,-0.308912,0.045003,-0.040994,0.019459,0.998970,0,0.84579,-1.00000,50.748,-2.000,-1,450.000,-1,500.000,-1,350.000,375.000,300.000,250.000,-1,-1,-1,-1,-1,-1,-1,-1,2,0,2,0,2,0,0,0,1,2,2,2,2,2,2,2,2
19,7812.785,-6232.048,471.622,105.997,-0.276121,-0.961116,0.003544,0.959800,-0.275545,0.053476,-0.050420,0.018167,0.998563,0,0.84593,-1.00000,50.756,-2.000,-1,425.000,-1,475.000,-1,350.000,350.000,275.000,275.000,-1,-1,-1,-1,-1,-1,-1,-1,2,0,2,0,2,0,0,0,1,2,2,2,2,2,2,2,2
20,7800.508,-6182.795,468.955,103.997,-0.242423,-0.970169,0.001900,0.968324,-0.241840,0.062147,-0.059833,0.016906,0.998065,0,0.84598,-1.00000,50.759,-2.000,-1,425.000,-1,475.000,-1,350.000,350.000,275.000,275.000,-1,-1,-1,-1,-1,-1,-1,-1,2,0,2,0,2,0,0,0,1,2,2,2,2,2,2,2,2
21,7789.958,-6133.145,466.288,101.997,-0.208427,-0.978037,0.000905,0.975585,-0.207839,0.070975,-0.069228,0.015676,0.997478,0,0.84594,-1.00000,50.757,-2.000,-1,425.000,-1,475.000,-1,350.000,350.000,275.000,275.000,-1,-1,-1,-1,975.000,-1,-1,-1,2,0,2,0,2,0,0,0,1,2,2,2,2,0,2,2,2
22,7781.148,-6083.166,463.624,99.997,-0.174184,-0.984713,0.000567,0.981571,-0.173582,0.079916,-0.078596,0.014476,0.996801,0,0.84581,-1.00000,50.748,-2.000,-1,425.000,-1,475.000,-1,350.000,350.000,275.000,275.000,-1,-1,-1,-1,950.000,-1,-1,-1,2,0,2,0,2,0,0,0,1,2,2,2,2,0,2,2,2
23,7774.090,-6032.923,460.964,97.997,-0.139745,-0.990187,0.000891,0.986275,-0.139113,0.088929,-0.087933,0.013306,0.996038,0,0.84557,-1.00000,50.734,-2.000,-1,425.000,-1,475.000,-1,350.000,350.000,300.000,275.000,-1,-1,-1,-1,925.000,-1,-1,-1,2,0,2,0,2,0,0,0,1,2,2,2,2,0,2,2,2
24,7768.791,-5982.484,458.274,95.997,-0.105148,-0.994455,0.001758,0.989702,-0.104473,0.097849,-0.097123,0.012029,0.995200,0,0.84523,-1.00000,50.714,-2.000,-1,425.000,-1,450.000,-1,350.000,350.000,300.000,275.000,-1,-1,-1,-1,900.000,-1,-1,-1,2,0,2,0,2,0,0,0,1,2,2,2,2,0,2,2,2
25,7765.259,-5931.918,455.556,93.997,-0.070441,-0.997511,0.003157,0.991851,-0.069704,0.106648,-0.106163,0.010644,0.994292,0,0.84478,-1.00000,50.687,-2.000,-1,425.000,-1,450.000,-1,350.000,350.000,300.000,275.000,-1,-1,-1,-1,875.000,-1,-1,-1,2,0,2,0,2,0,0,0,1,2,2,2,2,0,2,2,2
26,7763.494,-5881.294,450.610,91.997,-0.036034,-0.999313,0.008648,0.993162,-0.034848,0.111425,-0.111047,0.012604,0.993735,0,0.84422,-1.00000,50.653,-2.000,-1,425.000,-1,450.000,-1,350.000,350.000,325.000,275.000,-1,-1,-1,-1,900.000,-1,-1,-1,2,0,2,0,2,0,0,0,1,2,2,2,2,0,2,2,2
27,7763.497,-5830.681,443.936,89.997,-0.001069,-0.999952,0.009709,0.993443,0.000049,0.114331,-0.114326,0.009767,0.993395,0,0.84355,-1.00000,50.613,-2.000,-1,425.000,-1,450.000,775.000,350.000,350.000,325.000,250.000,-1,-1,-1,-1,900.000,-1,-1,-1,2,0,2,0,1,0,0,0,1,2,2,2,2,0,2,2,2
28,7765.264,-5780.145,437.263,87.997,0.033884,-0.999365,0.011044,0.992485,0.034947,0.117269,-0.117581,0.006987,0.993039,0,0.84276,-1.00000,50.565,-2.000,-1,425.000,-1,450.000,675.000,350.000,350.000,300.000,250.000,-1,-1,-1,-1,900.000,-1,-1,-1,2,0,2,0,1,0,0,0,1,2,2,2,2,0,2,2,2
29,7768.790,-5729.757,430.594,85.997,0.068780,-0.997552,0.012652,0.990289,0.069804,0.120226,-0.120815,0.004259,0.992666,0,0.84185,-1.00000,50.511,-2.000,-1,425.000,-1,450.000,600.000,350.000,350.000,300.000,250.000,-1,-1,-1,-1,900.000,-1,-1,-1,2,0,2,0,1,0,0,0,1,2,2,2,2,0,2,2,2
30,7774.066,-5679.583,423.931,83.997,0.103574,-0.994516,0.014529,0.986858,0.104577,0.123188,-0.124031,0.001579,0.992277,0,0.84082,-1.00000,50.449,-2.000,-1,425.000,-1,450.000,525.000,350.000,350.000,300.000,250.000,-1,-1,-1,-1,900.000,950.000,-1,-1,2,0,2,0,1,0,0,0,1,2,2,2,2,0,1,2,2
31,7781.080,-5629.693,417.184,81.997,0.138265,-0.990260,0.016349,0.982151,0.139221,0.126479,-0.127523,-0.001430,0.991835,0,0.83967,-1.00000,50.380,-2.000,-1,400.000,-1,450.000,475.000,350.000,350.000,300.000,225.000,-1,-1,-1,-1,925.000,875.000,-1,-1,2,0,2,0,1,0,0,0,1,2,2,2,2,0,1,2,2
32,7789.817,-5580.152,410.408,79.997,0.172785,-0.984789,0.018325,0.976193,0.173694,0.129913,-0.131120,-0.004558,0.991356,0,0.83840,-1.00000,50.304,-2.000,-1,425.000,-1,450.000,400.000,350.000,350.000,300.000,225.000,-1,-1,-1,-1,925.000,825.000,-1,-1,2,0,2,0,1,0,0,0,1,2,2,2,2,0,1,2,2
33,7800.261,-5531.027,403.627,77.997,0.207080,-0.978108,0.020539,0.968998,0.207953,0.133408,-0.134758,-0.007724,0.990848,0,0.83702,-1.00000,50.221,-2.000,-1,425.000,-1,450.000,350.000,350.000,350.000,300.000,225.000,-1,-1,-1,-1,925.000,750.000,-1,-1,2,0,2,0,1,0,0,0,1,2,2,2,2,0,1,2,2
34,7812.391,-5482.383,396.841,75.997,0.241108,-0.970226,0.022993,0.960574,0.241955,0.136952,-0.138437,-0.010934,0.990311,0,0.83553,-1.00000,50.132,-2.000,-1,425.000,-1,450.000,300.000,350.000,350.000,300.000,225.000,-1,-1,-1,-1,925.000,700.000,-1,475.000,2,0,2,0,1,0,0,0,1,2,2,2,2,0,1,2,1
35,7826.184,-5434.285,390.054,73.997,0.274823,-0.961151,0.025689,0.950928,0.275656,0.140534,-0.142156,-0.014194,0.989743,0,0.83393,-1.00000,50.036,-2.000,-1,425.000,-1,425.000,275.000,350.000,350.000,300.000,200.000,-1,-1,-1,-1,925.000,650.000,-1,375.000,2,0,2,1,1,0,0,0,1,2,2,2,2,0,1,2,1
36,7841.616,-5386.794,383.269,71.997,0.308184,-0.950896,0.028631,0.940070,0.309016,0.144142,-0.145911,-0.017507,0.989143,0,0.83222,-1.00000,49.933,-2.000,-1,425.000,-1,400.000,225.000,350.000,350.000,300.000,200.000,-1,-1,-1,-1,925.000,600.000,-1,300.000,2,0,2,1,1,0,0,0,1,2,2,2,2,0,1,2,1
37,7858.658,-5339.973,376.379,69.997,0.341374,-0.939443,0.030172,0.928102,0.341981,0.147225,-0.148628,-0.022256,0.988643,0,0.83042,-1.00000,49.825,-2.000,-1,425.000,-1,350.000,175.000,350.000,350.000,300.000,200.000,-1,-1,-1,-1,900.000,550.000,-1,250.000,2,0,2,1,1,0,0,0,1,2,2,2,2,0,1,2,1
38,7877.270,-5293.879,372.393,67.997,0.376319,-0.926370,0.014953,0.915653,0.374330,0.146479,-0.141291,-0.041431,0.989101,0,0.82853,-1.00000,49.712,-2.000,-1,450.000,-1,350.000,175.000,375.000,375.000,300.000,200.000,-1,-1,-1,-1,950.000,575.000,-1,225.000,2,0,2,1,1,0,0,0,1,2,2,2,2,0,1,2,1
39,7899.218,-5243.982,367.848,66.237,0.406883,-0.913479,-0.001827,0.903590,0.402183,0.147556,-0.134055,-0.061688,0.989052,0,0.90853,-0.88000,54.512,-1.760,-1,475.000,-1,350.000,175.000,400.000,375.000,275.000,200.000,-1,-1,-1,-1,1000.000,650.000,-1,225.000,2,0,2,1,1,0,1,0,1,2,2,2,2,0,1,2,1
40,7924.528,-5190.343,362.900,64.717,0.433098,-0.901129,-0.019821,0.892438,0.425630,0.149642,-0.126410,-0.082498,0.988542,0,0.98853,-0.76000,59.312,-1.520,-1,500.000,-1,375.000,175.000,425.000,375.000,250.000,200.000,-1,-1,-1,-1,-1,-1,-1,225.000,2,0,2,1,1,0,1,0,1,2,2,2,2,2,2,2,1
41,7951.335,-5136.666,357.226,63.437,0.454731,-0.889836,-0.037579,0.882942,0.444874,0.150002,-0.116759,-0.101390,0.987971,0,1.00000,-0.64000,60.000,-1.280,-1,525.000,-1,375.000,150.000,450.000,375.000,250.000,200.000,-1,-1,-1,-1,-1,-1,-1,275.000,2,0,2,1,1,1,1,0,1,2,2,2,2,2,2,2,1
42,7979.263,-5083.563,351.197,62.235,0.474499,-0.878579,-0.054307,0.873692,0.462543,0.150720,-0.107300,-0.118965,0.987084,0,1.00000,-0.60126,60.000,-1.203,-1,575.000,-1,425.000,175.000,450.000,400.000,250.000,200.000,-1,200.000,-1,-1,-1,-1,-1,-1,2,0,2,1,1,1,1,0,1,2,0,2,2,2,2,2,2
43,8008.321,-5031.068,343.819,61.013,0.493870,-0.867102,-0.065005,0.863583,0.480385,0.153147,-0.101567,-0.131772,0.986063,0,1.00000,-0.61083,60.000,-1.222,-1,575.000,-1,450.000,175.000,475.000,425.000,250.000,200.000,850.000,150.000,-1,-1,-1,-1,-1,-1,2,0,2,1,1,1,1,0,1,0,0,2,2,2,2,2,2
44,8038.511,-4979.214,336.011,59.771,0.513153,-0.855110,-0.073904,0.852818,0.498268,0.156305,-0.096834,-0.143235,0.984940,0,1.00000,-0.62108,60.000,-1.242,-1,575.000,-1,500.000,175.000,475.000,450.000,250.000,175.000,650.000,100.000,375.000,-1,-1,-1,-1,-1,2,0,2,1,1,1,1,0,1,0,0,0,2,2,2,2,2
45,8069.840,-4928.039,327.768,58.507,0.532394,-0.842618,-0.080942,0.841361,0.516222,0.160087,-0.093108,-0.153331,0.983779,0,1.00000,-0.63209,60.000,-1.264,-1,575.000,-1,600.000,200.000,500.000,475.000,250.000,175.000,550.000,100.000,350.000,-1,-1,-1,-1,-1,2,0,2,1,1,0,1,0,1,0,0,0,2,2,2,2,2
46,-9511.017,3607.626,-359.087,-172.415,-0.991238,0.131989,0.005181,-0.132042,-0.991173,-0.011886,0.003566,-0.012466,0.999916,1,0.00000,0.00000,60.000,-1.288,-1,350.000,-1,350.000,-1,300.000,300.000,325.000,325.000,-1,350.000,325.000,900.000,600.000,625.000,-1,-1,2,0,2,0,2,0,0,0,0,2,0,0,1,0,0,2,2
47,-9515.777,3607.013,-359.060,-172.655,-0.991778,0.127836,0.005777,-0.127897,-0.991718,-0.011762,0.004225,-0.012404,0.999914,0,0.08000,-0.12000,4.800,-0.240,-1,350.000,-1,350.000,-1,300.000,300.000,325.000,325.000,-1,350.000,325.000,900.000,600.000,625.000,-1,-1,2,0,2,0,2,0,0,0,0,2,0,0,1,0,0,2,2
48,-9525.309,3605.865,-359.006,-173.135,-0.992807,0.119524,0.006973,-0.119598,-0.992755,-0.011531,0.005544,-0.012282,0.999909,0,0.16000,-0.24000,9.600,-0.480,-1,350.000,-1,350.000,-1,300.000,300.000,325.000,325.000,-1,325.000,325.000,925.000,625.000,625.000,-1,-1,2,0,2,0,2,0,0,0,0,2,0,0,1,0,0,2,2
49,-9539.626,3604.324,-358.926,-173.855,-0.994216,0.107039,0.008779,-0.107135,-0.994181,-0.011229,0.007526,-0.012104,0.999898,0,0.24000,-0.36000,14.400,-0.720,-1,350.000,-1,350.000,-1,300.000,300.000,325.000,325.000,-1,325.000,300.000,925.000,625.000,625.000,-1,-1,2,0,2,0,2,0,0,0,0,2,0,0,1,0,0,2,2
50,-9558.747,3602.589,-358.823,-174.815,-0.995845,0.090368,0.011204,-0.090490,-0.995838,-0.010907,0.010172,-0.011876,0.999878,0,0.32000,-0.48000,19.200,-0.960,-1,350.000,-1,350.000,-1,300.000,300.000,325.000,325.000,-1,300.000,300.000,925.000,625.000,625.000,-1,-1,2,0,2,0,2,0,0,0,0,2,0,0,1,0,0,2,2
51,-9582.690,3600.921,-358.697,-176.015,-0.997481,0.069493,0.014258,-0.069647,-0.997515,-0.010636,0.013484,-0.011602,0.999842,0,0.40000,-0.60000,24.000,-1.200,-1,350.000,-1,375.000,-1,300.000,300.000,325.000,300.000,-1,275.000,275.000,925.000,625.000,650.000,-1,-1,2,0,2,0,2,0,0,0,0,2,0,0,1,0,0,2,2
52,-9611.461,3599.642,-358.552,-177.455,-0.998852,0.044403,0.017945,-0.044596,-0.998950,-0.010502,0.017460,-0.011290,0.999784,0,0.48000,-0.72000,28.800,-1.440,-1,350.000,-1,375.000,-1,300.000,300.000,325.000,300.000,-1,250.000,250.000,925.000,625.000,650.000,-1,-1,2,0,2,0,2,0,0,0,0,2,0,0,1,0,0,2,2
53,-9645.058,3599.135,-358.392,-179.135,-0.999638,0.015098,0.022259,-0.015337,-0.999826,-0.010608,0.022095,-0.010945,0.999696,0,0.56000,-0.84000,33.600,-1.680,-1,375.000,-1,375.000,-1,300.000,300.000,325.000,300.000,-1,225.000,250.000,925.000,650.000,675.000,-1,-1,2,0,2,0,2,0,0,0,0,2,0,0,1,0,0,2,2
54,-9683.453,3599.779,-358.219,-180.961,-0.999490,-0.016764,0.027170,0.016470,-0.999803,-0.011041,0.027350,-0.010588,0.999570,0,0.64000,-0.91288,38.400,-1.826,-1,375.000,-1,375.000,-1,300.000,300.000,325.000,300.000,-1,200.000,225.000,950.000,650.000,675.000,-1,-1,2,0,2,0,2,0,0,0,0,2,0,0,1,0,0,2,2
55,-9726.603,3601.861,-358.031,-182.763,-0.998305,-0.048194,0.032631,0.047831,-0.998785,-0.011831,0.033162,-0.010250,0.999397,0,0.72000,-0.90096,43.200,-1.802,-1,375.000,-1,375.000,-1,300.000,300.000,300.000,300.000,-1,200.000,200.000,950.000,650.000,700.000,-1,-1,2,0,2,0,2,0,0,0,0,2,0,0,1,0,0,2,2
56,-9774.453,3605.659,-357.826,-184.538,-0.996118,-0.079118,0.038601,0.078669,-0.996816,-0.013018,0.039508,-0.009930,0.999170,0,0.80000,-0.88777,48.000,-1.776,-1,375.000,-1,375.000,-1,300.000,325.000,300.000,300.000,-1,175.000,200.000,975.000,675.000,725.000,-1,-1,2,0,2,0,2,0,0,0,0,2,0,0,1,0,0,2,2
57,-9826.936,3611.440,-356.991,-186.285,-0.993035,-0.109467,0.043573,0.109044,-0.993965,-0.011981,0.044621,-0.007146,0.998978,0,0.88000,-0.87333,52.800,-1.747,-1,375.000,-1,400.000,-1,300.000,325.000,300.000,300.000,-1,200.000,200.000,975.000,700.000,750.000,-1,-1,2,0,2,0,2,0,0,0,0,2,0,0,1,0,0,2,2
58,-9880.314,3618.941,-354.923,-188.000,-0.989197,-0.139174,0.046047,0.138923,-0.990266,-0.008627,0.046800,-0.002137,0.998902,0,0.89837,-0.85766,53.902,-1.715,-1,375.000,-1,400.000,-1,300.000,325.000,300.000,300.000,-1,225.000,225.000,975.000,725.000,775.000,-1,-1,2,0,2,0,2,0,0,0,0,2,0,0,1,0,0,2,2
59,-9933.931,3628.090,-352.112,-189.684,-0.984628,-0.168210,0.047051,0.168027,-0.985751,-0.007844,0.047700,0.000182,0.998862,0,0.90653,-0.84184,54.392,-1.684,-1,375.000,-1,400.000,-1,300.000,325.000,300.000,300.000,-1,275.000,275.000,-1,750.000,800.000,-1,-1,2,0,2,0,2,0,0,0,0,2,0,0,2,0,0,2,2
60,-9987.729,3638.875,-349.287,-191.336,-0.979314,-0.196560,0.048042,0.196447,-0.980489,-0.007099,0.048500,0.002485,0.998820,0,0.91448,-0.82607,54.869,-1.652,-1,375.000,-1,400.000,-1,325.000,325.000,300.000,300.000,-1,350.000,325.000,-1,750.000,800.000,-1,-1,2,0,2,0,2,0,0,0,0,2,0,0,2,0,0,2,2
61,-10041.655,3651.281,-346.454,-192.957,-0.973307,-0.224210,0.049026,0.224170,-0.974529,-0.006375,0.049206,0.004785,0.998777,0,0.92224,-0.81033,55.334,-1.621,-1,375.000,-1,400.000,-1,325.000,325.000,300.000,300.000,-1,400.000,375.000,-1,775.000,825.000,-1,-1,2,0,2,0,2,0,0,0,0,2,0,0,2,0,0,2,2
62,-10095.211,3665.208,-343.642,-194.577,-0.966519,-0.251675,0.050003,0.251712,-0.967786,-0.005654,0.049815,0.007121,0.998733,0,0.92229,-0.81024,55.337,-1.620,-1,375.000,-1,400.000,-1,325.000,325.000,300.000,300.000,-1,450.000,425.000,-1,800.000,850.000,-1,-1,2,0,2,0,2,0,0,0,0,2,0,0,2,0,0,2,2
63,-10148.352,3680.644,-340.857,-196.197,-0.958955,-0.278937,0.050982,0.279055,-0.960262,-0.004924,0.050329,0.009505,0.998687,0,0.92229,-0.81024,55.337,-1.620,-1,375.000,-1,400.000,-1,325.000,325.000,300.000,300.000,-1,500.000,475.000,-1,850.000,875.000,-1,-1,2,0,2,0,2,0,0,0,0,2,0,0,2,0,0,2,2
64,-10201.035,3697.577,-338.103,-197.818,-0.950621,-0.305972,0.051971,0.306177,-0.951966,-0.004173,0.050752,0.011946,0.998640,0,0.92229,-0.81024,55.337,-1.620,-1,400.000,-1,400.000,-1,325.000,325.000,300.000,300.000,-1,575.000,525.000,-1,875.000,900.000,-1,-1,2,0,2,0,2,0,0,0,0,2,0,0,2,0,0,2,2
65,-10253.219,3715.992,-335.384,-199.438,-0.941522,-0.332759,0.052981,0.333056,-0.942901,-0.003390,0.051084,0.014454,0.998590,0,0.92229,-0.81024,55.337,-1.620,-1,400.000,-1,400.000,-1,325.000,325.000,300.000,300.000,-1,625.000,575.000,-1,900.000,900.000,-1,-1,2,0,2,0,2,0,0,0,0,2,0,0,2,0,0,2,2
66,-10304.860,3735.876,-332.707,-201.059,-0.931667,-0.359275,0.054024,0.359670,-0.933076,-0.002568,0.051331,0.017038,0.998536,0,0.92229,-0.81024,55.337,-1.620,-1,425.000,-1,425.000,-1,325.000,325.000,300.000,300.000,-1,675.000,625.000,-1,950.000,925.000,-1,-1,2,0,2,0,2,0,0,0,0,2,0,0,2,0,0,2,2
67,-10355.919,3757.212,-330.177,-202.679,-0.921088,-0.385502,0.054637,0.385979,-0.922505,-0.001960,0.051158,0.019284,0.998504,0,0.92229,-0.81024,55.337,-1.620,-1,425.000,-1,425.000,-1,325.000,325.000,300.000,300.000,-1,750.000,700.000,-1,1000.000,950.000,-1,-1,2,0,2,0,2,0,0,0,0,2,0,0,2,0,0,2,2
68,-10406.354,3779.983,-327.589,-204.300,-0.909801,-0.411412,0.054791,0.412002,-0.911183,-0.000569,0.050159,0.022056,0.998498,0,0.92229,-0.81024,55.337,-1.620,-1,425.000,-1,425.000,-1,350.000,350.000,300.000,300.000,-1,825.000,750.000,-1,-1,950.000,-1,-1,2,0,2,0,2,0,0,0,0,2,0,0,2,2,0,2,2
69,-10456.124,3804.172,-325.555,-205.920,-0.897917,-0.437006,0.052628,0.437604,-0.899168,-0.000185,0.047402,0.022864,0.998614,0,0.92229,-0.81024,55.337,-1.620,-1,425.000,-1,425.000,-1,350.000,350.000,300.000,300.000,-1,925.000,850.000,-1,-1,925.000,-1,-1,2,0,2,0,2,0,0,0,0,2,0,0,2,2,0,2,2
70,-10505.191,3829.758,-323.675,-207.541,-0.885334,-0.462254,0.050054,0.462845,-0.886439,0.000245,0.044257,0.023384,0.998746,0,0.92229,-0.81024,55.337,-1.620,-1,425.000,-1,425.000,-1,350.000,350.000,300.000,300.000,-1,-1,950.000,-1,-1,925.000,-1,-1,2,0,2,0,2,0,0,0,0,2,2,0,2,2,0,2,2
71,-10553.514,3856.722,-321.849,-209.161,-0.872034,-0.487128,0.047574,0.487721,-0.872999,0.000965,0.041062,0.024045,0.998867,0,0.92229,-0.81024,55.337,-1.620,-1,425.000,-1,425.000,-1,350.000,350.000,300.000,300.000,-1,-1,-1,-1,-1,900.000,-1,-1,2,0,2,0,2,0,0,0,0,2,2,2,2,2,0,2,2
72,-10601.055,3885.042,-319.955,-210.782,-0.858052,-0.511617,0.044662,0.512195,-0.858868,0.001767,0.037455,0.024391,0.999001,0,0.92229,-0.81024,55.337,-1.620,-1,425.000,-1,425.000,-1,350.000,325.000,300.000,300.000,-1,-1,-1,-1,-1,900.000,-1,-1,2,0,2,0,2,0,0,0,0,2,2,2,2,2,0,2,2
73,-10647.777,3914.695,-318.221,-212.402,-0.843390,-0.535688,0.041608,0.536272,-0.844038,0.003509,0.033239,0.025273,0.999128,0,0.92229,-0.81024,55.337,-1.620,-1,425.000,-1,425.000,-1,325.000,325.000,300.000,300.000,-1,-1,-1,-1,-1,875.000,-1,-1,2,0,2,0,2,0,0,0,0,2,2,2,2,2,0,2,2
74,-10693.644,3945.658,-316.572,-214.022,-0.828048,-0.559317,0.038745,0.559911,-0.828533,0.005683,0.028923,0.026399,0.999233,0,0.92233,-0.80994,55.340,-1.620,-1,425.000,-1,425.000,-1,325.000,325.000,300.000,300.000,-1,-1,-1,-1,1000.000,850.000,-1,-1,2,0,2,0,2,0,0,0,0,2,2,2,2,0,0,2,2
75,-10738.624,3977.907,-315.148,-215.640,-0.812065,-0.582451,0.036074,0.583069,-0.812374,0.008931,0.024103,0.028286,0.999309,0,0.92244,-0.80872,55.346,-1.617,-1,425.000,-1,400.000,-1,325.000,325.000,300.000,300.000,-1,-1,-1,-1,975.000,825.000,-1,-1,2,0,2,0,2,0,0,0,0,2,2,2,2,0,0,2,2
76,-10782.675,4011.411,-313.752,-217.255,-0.795440,-0.605094,0.033709,0.605723,-0.795581,0.012297,0.019377,0.030200,0.999356,0,0.92242,-0.80798,55.345,-1.616,-1,400.000,-1,400.000,-1,325.000,325.000,300.000,300.000,-1,-1,-1,-1,950.000,800.000,-1,-1,2,0,2,0,2,0,0,0,0,2,2,2,2,0,0,2,2
77,-10822.160,4042.967,-312.600,-218.631,-0.780778,-0.623998,0.031807,0.624616,-0.780789,0.014942,0.015511,0.031533,0.999382,0,0.84242,-0.68798,50.545,-1.376,-1,400.000,-1,400.000,-1,325.000,325.000,325.000,300.000,-1,-1,-1,-1,950.000,775.000,-1,-1,2,0,2,0,2,0,0,0,0,2,2,2,2,0,0,2,2
78,-10857.322,4072.228,-311.620,-219.767,-0.768334,-0.639334,0.030259,0.639932,-0.768240,0.017153,0.012280,0.032543,0.999395,0,0.76242,-0.56798,45.745,-1.136,-1,400.000,-1,400.000,-1,325.000,325.000,325.000,300.000,-1,-1,-1,-1,925.000,775.000,-1,-1,2,0,2,0,2,0,0,0,0,2,2,2,2,0,0,2,2
79,-10888.615,4099.110,-310.776,-220.663,-0.758308,-0.651252,0.028981,0.651826,-0.758130,0.019038,0.009573,0.033327,0.999399,0,0.68756,-0.44798,41.254,-0.896,-1,400.000,-1,400.000,-1,325.000,325.000,325.000,300.000,-1,-1,-1,-1,900.000,750.000,-1,-1,2,0,2,0,2,0,0,0,0,2,2,2,2,0,0,2,2
80,-10919.598,4126.348,-310.350,-221.319,-0.750836,-0.659908,0.027674,0.660435,-0.750647,0.018824,0.008351,0.032411,0.999440,0,0.68756,-0.32798,41.254,-0.656,-1,400.000,-1,400.000,-1,325.000,325.000,325.000,300.000,-1,-1,-1,-1,900.000,750.000,-1,-1,2,0,2,0,2,0,0,0,0,2,2,2,2,0,0,2,2
81,-10950.386,4153.813,-309.933,-221.735,-0.746055,-0.665361,0.026387,0.665844,-0.745860,0.018584,0.007316,0.031434,0.999479,0,0.68762,-0.20798,41.257,-0.416,-1,400.000,-1,400.000,-1,325.000,325.000,325.000,300.000,-1,-1,-1,-1,900.000,750.000,-1,-1,2,0,2,0,2,0,0,0,0,2,2,2,2,0,0,2,2
82,-10981.090,4181.375,-309.509,-221.911,-0.744034,-0.667669,0.025125,0.668111,-0.743835,0.018354,0.006435,0.030442,0.999516,0,0.68767,-0.08798,41.260,-0.176,-1,400.000,-1,400.000,-1,325.000,325.000,325.000,300.000,-1,-1,-1,-1,900.000,750.000,-1,-1,2,0,2,0,2,0,0,0,0,2,2,2,2,0,0,2,2
83,-11011.826,4208.902,-309.076,-221.847,-0.744802,-0.666857,0.023894,0.667261,-0.744604,0.018112,0.005713,0.029433,0.999550,0,0.68767,0.03202,41.260,0.064,-1,425.000,-1,400.000,-1,325.000,325.000,325.000,300.000,-1,-1,-1,-1,900.000,750.000,-1,-1,2,0,2,0,2,0,0,0,0,2,2,2,2,0,0,2,2
84,-11042.707,4236.265,-308.630,-221.543,-0.748349,-0.662917,0.022696,0.663285,-0.748154,0.017834,0.005157,0.028400,0.999583,0,0.68767,0.15202,41.260,0.304,-1,425.000,-1,375.000,-1,325.000,325.000,325.000,300.000,-1,-1,-1,-1,900.000,775.000,-1,-1,2,0,2,0,2,0,0,0,0,2,2,2,2,0,0,2,2
85,-11073.847,4263.335,-308.355,-220.999,-0.754641,-0.655816,0.020556,0.656125,-0.754453,0.017321,0.004149,0.026558,0.999639,0,0.68767,0.27202,41.260,0.544,-1,425.000,-1,375.000,-1,325.000,325.000,300.000,325.000,-1,-1,-1,-1,900.000,775.000,-1,-1,2,0,2,0,2,0,0,0,0,2,2,2,2,0,0,2,2
86,-11105.354,4289.975,-308.244,-220.215,-0.763577,-0.645470,0.017844,0.645710,-0.763403,0.016581,0.002920,0.024183,0.999703,0,0.68767,0.39202,41.260,0.784,-1,425.000,-1,375.000,-1,325.000,325.000,300.000,325.000,-1,-1,-1,-1,875.000,775.000,-1,-1,2,0,2,0,2,0,0,0,0,2,2,2,2,0,0,2,2
87,-11137.347,4316.061,-308.228,-219.191,-0.775010,-0.631752,0.015798,0.631945,-0.774851,0.015816,0.002250,0.022241,0.999750,0,0.68799,0.51202,41.279,1.024,-1,425.000,-1,375.000,-1,325.000,325.000,300.000,325.000,-1,-1,-1,-1,875.000,775.000,-1,-1,2,0,2,0,2,0,0,0,0,2,2,2,2,0,0,2,2
88,-11170.124,4341.602,-308.177,-217.927,-0.788771,-0.614531,0.013824,0.614684,-0.788633,0.014883,0.001756,0.020237,0.999794,0,0.69257,0.63202,41.554,1.264,-1,425.000,-1,375.000,-1,325.000,325.000,300.000,325.000,-1,-1,-1,-1,900.000,775.000,-1,-1,2,0,2,0,2,0,0,0,0,2,2,2,2,0,0,2,2
89,-11203.773,4366.433,-308.088,-216.423,-0.804640,-0.593644,0.011930,0.593762,-0.804523,0.013757,0.001431,0.018153,0.999834,0,0.69699,0.75202,41.819,1.504,-1,425.000,-1,375.000,-1,325.000,325.000,300.000,325.000,-1,-1,-1,-1,900.000,775.000,-1,-1,2,0,2,0,2,0,0,0,0,2,2,2,2,0,0,2,2
90,-11238.371,4390.371,-308.020,-214.679,-0.822339,-0.568902,0.010417,0.568996,-0.822245,0.012499,0.001455,0.016206,0.999868,0,0.70119,0.87202,42.072,1.744,-1,425.000,-1,400.000,-1,325.000,325.000,300.000,325.000,-1,-1,-1,-1,900.000,775.000,-1,-1,2,0,2,0,2,0,0,0,0,2,2,2,2,0,0,2,2
91,-11273.973,4413.227,-308.000,-212.700,-0.841498,-0.540178,0.009431,0.540257,-0.841426,0.011168,0.001903,0.014493,0.999893,0,0.70511,0.98967,42.307,1.979,-1,425.000,-1,400.000,-1,325.000,325.000,300.000,325.000,-1,-1,-1,-1,925.000,775.000,-1,-1,2,0,2,0,2,0,0,0,0,2,2,2,2,0,0,2,2
92,-11310.523,4434.952,-307.911,-210.727,-0.859591,-0.510913,0.008417,0.510978,-0.859540,0.009657,0.002301,0.012602,0.999918,0,0.70866,0.98610,42.520,1.972,-1,425.000,-1,400.000,-1,325.000,325.000,300.000,325.000,-1,-1,-1,-1,950.000,800.000,-1,-1,2,0,2,0,2,0,0,0,0,2,2,2,2,0,0,2,2
93,-11347.962,4455.504,-308.146,-208.763,-0.876607,-0.481155,0.007066,0.481205,-0.876553,0.009807,0.001475,0.011997,0.999927,0,0.71183,0.98213,42.710,1.964,-1,425.000,-1,400.000,-1,325.000,325.000,300.000,325.000,-1,-1,-1,-1,950.000,775.000,-1,-1,2,0,2,0,2,0,0,0,0,2,2,2,2,0,0,2,2
94,-11386.229,4474.840,-308.473,-206.808,-0.892526,-0.450964,0.005431,0.450997,-0.892464,0.010491,0.000116,0.011813,0.999930,0,0.71457,0.97779,42.874,1.956,-1,425.000,-1,400.000,-1,325.000,325.000,300.000,325.000,-1,-1,-1,-1,950.000,775.000,-1,-1,2,0,2,0,2,0,0,0,0,2,2,2,2,0,0,2,2
95,-11425.255,4492.923,-308.742,-204.861,-0.907333,-0.420397,0.003626,0.420410,-0.907268,0.010977,-0.001326,0.011484,0.999933,0,0.71686,0.97308,43.012,1.946,-1,425.000,-1,400.000,1000.000,325.000,325.000,300.000,325.000,-1,-1,-1,-1,950.000,775.000,-1,-1,2,0,2,0,1,0,0,0,0,2,2,2,2,0,0,2,2
96,-11464.968,4509.720,-308.956,-202.925,-0.921022,-0.389507,0.001662,0.389500,-0.920957,0.011259,-0.002855,0.011017,0.999935,0,0.71866,0.96804,43.120,1.936,-1,425.000,-1,400.000,-1,325.000,325.000,300.000,300.000,-1,-1,-1,-1,925.000,800.000,-1,-1,2,0,2,0,2,0,0,0,0,2,2,2,2,0,0,2,2
97,-11505.296,4525.200,-309.118,-201.000,-0.933588,-0.358347,-0.000444,0.358320,-0.933530,0.011331,-0.004475,0.010419,0.999936,0,0.71995,0.96269,43.197,1.925,-1,425.000,-1,400.000,-1,325.000,325.000,300.000,300.000,-1,-1,-1,-1,925.000,800.000,-1,-1,2,0,2,0,2,0,0,0,0,2,2,2,2,0,0,2,2
98,-11546.161,4539.340,-309.232,-199.086,-0.945032,-0.326968,-0.002678,0.326921,-0.944986,0.011190,-0.006189,0.009699,0.999934,0,0.72070,0.95707,43.242,1.914,-1,425.000,-1,375.000,-1,325.000,325.000,300.000,300.000,-1,-1,-1,-1,925.000,800.000,-1,-1,2,0,2,0,2,0,0,0,0,2,2,2,2,0,0,2,2
99,-11587.484,4552.119,-309.302,-197.183,-0.955354,-0.295419,-0.005025,0.295354,-0.955327,0.010834,-0.008001,0.008866,0.999929,0,0.72090,0.95120,43.254,1.902,-1,425.000,-1,375.000,-1,325.000,325.000,300.000,300.000,-1,-1,-1,-1,925.000,800.000,-1,-1,2,0,2,0,2,0,0,0,0,2,2,2,2,0,0,2,2
100,-11629.186,4563.521,-309.332,-195.293,-0.964563,-0.263749,-0.007470,0.263668,-0.964559,0.010263,-0.009912,0.007929,0.999919,0,0.72054,0.94514,43.232,1.890,-1,425.000,-1,400.000,-1,325.000,325.000,300.000,300.000,-1,-1,-1,-1,900.000,800.000,-1,-1,2,0,2,0,2,0,0,0,0,2,2,2,2,0,0,2,2
101,-11671.185,4573.539,-309.327,-193.415,-0.972664,-0.232001,-0.009997,0.231910,-0.972691,0.009478,-0.011923,0.006901,0.999905,0,0.71963,0.93894,43.178,1.878,-1,425.000,-1,400.000,-1,325.000,325.000,300.000,300.000,-1,-1,-1,-1,875.000,800.000,-1,-1,2,0,2,0,2,0,0,0,0,2,2,2,2,0,0,2,2
102,-11713.403,4582.167,-309.291,-191.550,-0.979670,-0.200219,-0.012593,0.200123,-0.979734,0.008483,-0.014036,0.005790,0.999885,0,0.71818,0.93264,43.091,1.865,-1,425.000,-1,400.000,-1,325.000,325.000,300.000,300.000,-1,-1,-1,-1,875.000,825.000,-1,-1,2,0,2,0,2,0,0,0,0,2,2,2,2,0,0,2,2
103,-11755.762,4589.405,-309.309,-189.697,-0.985597,-0.168442,-0.015043,0.168354,-0.985702,0.006922,-0.015994,0.004290,0.999863,0,0.71621,0.92630,42.973,1.853,-1,425.000,-1,400.000,-1,325.000,325.000,300.000,300.000,-1,-1,-1,-1,850.000,825.000,-1,-1,2,0,2,0,2,0,0,0,0,2,2,2,2,0,0,2,2
104,-11798.185,4595.260,-309.641,-187.857,-0.990465,-0.136707,-0.017027,0.136663,-0.990611,0.003733,-0.017377,0.001370,0.999848,0,0.71376,0.91999,42.825,1.840,-1,425.000,-1,400.000,-1,325.000,325.000,300.000,300.000,-1,-1,-1,-1,850.000,825.000,-1,-1,2,0,2,0,2,0,0,0,0,2,2,2,2,0,0,2,2
105,-11840.602,4599.739,-310.213,-186.029,-0.994298,-0.105024,-0.018482,0.105022,-0.994469,0.001076,-0.018493,-0.000871,0.999829,0,0.71087,0.91440,42.652,1.829,-1,425.000,-1,425.000,-1,325.000,325.000,300.000,325.000,-1,-1,-1,-1,825.000,850.000,-1,-1,2,0,2,0,2,0,0,0,0,2,2,2,2,0,0,2,2
106,-11881.392,4602.906,-311.509,-184.440,-0.996800,-0.077411,-0.019928,0.077400,-0.996999,0.001298,-0.019969,-0.000249,0.999801,0,0.68188,0.79440,40.913,1.589,-1,425.000,-1,425.000,-1,325.000,325.000,300.000,300.000,-1,-1,-1,-1,825.000,825.000,-1,-1,2,0,2,0,2,0,0,0,0,2,2,2,2,0,0,2,2
107,-11922.050,4605.102,-312.768,-183.091,-0.998316,-0.053921,-0.021410,0.053904,-0.998545,0.001382,-0.021454,0.000226,0.999770,0,0.67862,0.67440,40.717,1.349,-1,425.000,-1,400.000,-1,325.000,325.000,300.000,300.000,-1,-1,-1,-1,800.000,825.000,-1,-1,2,0,2,0,2,0,0,0,0,2,2,2,2,0,0,2,2
108,-11962.551,4606.504,-313.996,-181.982,-0.999139,-0.034588,-0.022906,0.034566,-0.999401,0.001354,-0.022939,0.000561,0.999737,0,0.67542,0.55440,40.525,1.109,-1,400.000,-1,400.000,-1,325.000,325.000,300.000,300.000,-1,-1,-1,-1,775.000,825.000,-1,-1,2,0,2,0,2,0,0,0,0,2,2,2,2,0,0,2,2
109,-12002.884,4607.288,-315.197,-181.113,-0.999513,-0.019430,-0.024399,0.019406,-0.999811,0.001237,-0.024419,0.000763,0.999702,0,0.67235,0.43440,40.341,0.869,-1,400.000,-1,400.000,-1,325.000,325.000,300.000,300.000,-1,-1,-1,-1,775.000,825.000,-1,-1,2,0,2,0,2,0,0,0,0,2,2,2,2,0,0,2,2
110,-12043.052,4607.627,-316.377,-180.485,-0.999629,-0.008457,-0.025880,0.008432,-0.999964,0.001056,-0.025888,0.000837,0.999665,0,0.66948,0.31440,40.169,0.629,-1,400.000,-1,400.000,-1,325.000,325.000,300.000,300.000,-1,-1,-1,-1,750.000,800.000,-1,-1,2,0,2,0,2,0,0,0,0,2,2,2,2,0,0,2,2
111,-12083.063,4607.694,-317.543,-180.096,-0.999625,-0.001671,-0.027340,0.001649,-0.999998,0.000832,-0.027342,0.000787,0.999626,0,0.66685,0.19440,40.011,0.389,-1,400.000,-1,400.000,-1,325.000,325.000,300.000,300.000,-1,-1,-1,-1,750.000,800.000,-1,-1,2,0,2,0,2,0,0,0,0,2,2,2,2,0,0,2,2
112,-12122.932,4607.508,-318.699,-179.733,-0.999574,0.004659,-0.028795,-0.004678,-0.999989,0.000588,-0.028792,0.000723,0.999585,0,0.66450,0.18136,39.870,0.363,-1,400.000,-1,400.000,-1,325.000,325.000,300.000,300.000,-1,-1,-1,-1,725.000,800.000,-1,-1,2,0,2,0,2,0,0,0,0,2,2,2,2,0,0,2,2
113,-12162.660,4607.072,-319.847,-179.371,-0.999482,0.010986,-0.030245,-0.011001,-0.999939,0.000326,-0.030239,0.000659,0.999542,0,0.66216,0.18126,39.730,0.363,-1,400.000,-1,400.000,-1,325.000,325.000,300.000,300.000,-1,-1,-1,-1,725.000,775.000,-1,-1,2,0,2,0,2,0,0,0,0,2,2,2,2,0,0,2,2
114,-12202.244,4606.386,-320.987,-179.008,-0.999348,0.017317,-0.031686,-0.017327,-0.999850,0.000046,-0.031681,0.000595,0.999498,0,0.65984,0.18137,39.590,0.363,-1,400.000,-1,400.000,-1,325.000,325.000,300.000,300.000,-1,-1,-1,-1,700.000,775.000,-1,-1,2,0,2,0,2,0,0,0,0,2,2,2,2,0,0,2,2
115,-12241.686,4605.453,-322.119,-178.644,-0.999171,0.023657,-0.033117,-0.023661,-0.999720,-0.000253,-0.033114,0.000531,0.999451,0,0.65754,0.18166,39.452,0.363,-1,375.000,-1,400.000,-1,325.000,325.000,300.000,300.000,-1,-1,-1,-1,700.000,775.000,-1,-1,2,0,2,0,2,0,0,0,0,2,2,2,2,0,0,2,2
116,-12285.912,4603.940,-323.381,-178.041,-0.998812,0.034182,-0.034726,-0.034181,-0.999415,-0.000632,-0.034728,0.000556,0.999397,0,0.73754,0.30166,44.252,0.603,-1,375.000,-1,400.000,-1,325.000,325.000,300.000,300.000,-1,-1,-1,-1,675.000,750.000,-1,-1,2,0,2,0,2,0,0,0,0,2,2,2,2,0,0,2,2
117,-12331.312,4601.718,-324.663,-177.198,-0.998142,0.048888,-0.036376,-0.048881,-0.998804,-0.001091,-0.036386,0.000689,0.999338,0,0.75756,0.42166,45.454,0.843,-1,375.000,-1,400.000,-1,325.000,325.000,300.000,300.000,-1,-1,-1,-1,675.000,750.000,-1,-1,2,0,2,0,2,0,0,0,0,2,2,2,2,0,0,2,2
118,-12376.485,4598.650,-325.920,-176.114,-0.996977,0.067763,-0.038002,-0.067750,-0.997701,-0.001644,-0.038026,0.000936,0.999276,0,0.75462,0.54166,45.277,1.083,-1,375.000,-1,375.000,-1,300.000,325.000,300.000,300.000,-1,-1,-1,-1,650.000,725.000,-1,-1,2,0,2,0,2,0,0,0,0,2,2,2,2,0,0,2,2
119,-12421.394,4594.556,-327.148,-174.791,-0.995083,0.090786,-0.039587,-0.090766,-0.995870,-0.002314,-0.039634,0.001291,0.999213,0,0.75158,0.66166,45.095,1.323,-1,375.000,-1,375.000,-1,300.000,300.000,300.000,300.000,-1,-1,-1,-1,650.000,725.000,-1,-1,2,0,2,0,2,0,0,0,0,2,2,2,2,0,0,2,2
120,-12465.990,4589.260,-328.612,-173.228,-0.992233,0.117921,-0.039603,-0.117937,-0.993019,-0.001951,-0.039556,0.002735,0.999214,0,0.74849,0.78166,44.910,1.563,-1,350.000,-1,375.000,-1,300.000,300.000,300.000,300.000,-1,-1,-1,-1,625.000,700.000,-1,-1,2,0,2,0,2,0,0,0,0,2,2,2,2,0,0,2,2
121,-12510.230,4582.680,-330.058,-171.540,-0.988361,0.147126,-0.038676,-0.147168,-0.989110,-0.001769,-0.038515,0.003943,0.999250,0,0.74546,0.84415,44.727,1.688,-1,350.000,-1,375.000,-1,300.000,300.000,300.000,300.000,-1,-1,-1,-1,625.000,700.000,-1,-1,2,0,2,0,2,0,0,0,0,2,2,2,2,0,0,2,2
122,-12554.093,4574.824,-331.244,-169.846,-0.983651,0.176289,-0.036779,-0.176392,-0.984320,-0.000450,-0.036281,0.006045,0.999323,0,0.74268,0.84669,44.561,1.693,-1,350.000,-1,375.000,-1,300.000,300.000,300.000,300.000,-1,-1,-1,-1,625.000,700.000,-1,-1,2,0,2,0,2,0,0,0,0,2,2,2,2,0,0,2,2
123,-12597.567,4565.700,-332.382,-168.147,-0.978059,0.205395,-0.034836,-0.205553,-0.978645,0.000994,-0.033888,0.008133,0.999393,0,0.74035,0.84958,44.421,1.699,-1,350.000,-1,375.000,-1,300.000,300.000,300.000,300.000,-1,-1,-1,-1,625.000,700.000,-1,-1,2,0,2,0,2,0,0,0,0,2,2,2,2,0,0,2,2
124,-12640.642,4555.312,-333.483,-166.441,-0.971577,0.234428,-0.032883,-0.234634,-0.972081,0.002500,-0.031379,0.010144,0.999456,0,0.73850,0.85281,44.310,1.706,-1,350.000,-1,375.000,-1,300.000,300.000,300.000,300.000,-1,-1,-1,-1,625.000,675.000,-1,-1,2,0,2,0,2,0,0,0,0,2,2,2,2,0,0,2,2
125,-12683.308,4543.662,-334.541,-164.729,-0.964199,0.263371,-0.030917,-0.263617,-0.964619,0.004066,-0.028753,0.012070,0.999514,0,0.73714,0.85636,44.229,1.713,-1,375.000,-1,375.000,-1,300.000,300.000,300.000,300.000,-1,-1,-1,-1,650.000,675.000,-1,-1,2,0,2,0,2,0,0,0,0,2,2,2,2,0,0,2,2
126,-12725.558,4530.751,-335.555,-163.008,-0.955917,0.292206,-0.028940,-0.292482,-0.956254,0.005690,-0.026011,0.013903,0.999565,0,0.73631,0.86022,44.178,1.720,-1,375.000,-1,375.000,-1,300.000,300.000,300.000,300.000,-1,-1,-1,-1,650.000,675.000,-1,-1,2,0,2,0,2,0,0,0,0,2,2,2,2,0,0,2,2
127,-12767.381,4516.578,-336.519,-161.279,-0.946725,0.320913,-0.026948,-0.321209,-0.946980,0.007372,-0.023153,0.015636,0.999610,0,0.73600,0.86437,44.160,1.729,-1,375.000,-1,375.000,-1,300.000,300.000,300.000,300.000,-1,-1,-1,975.000,650.000,675.000,-1,-1,2,0,2,0,2,0,0,0,0,2,2,2,1,0,0,2,2
128,-12808.767,4501.138,-337.431,-159.542,-0.936615,0.349471,-0.024942,-0.349778,-0.936788,0.009113,-0.020181,0.017259,0.999647,0,0.73621,0.86881,44.173,1.738,-1,375.000,-1,375.000,-1,300.000,300.000,325.000,300.000,-1,-1,-1,975.000,650.000,675.000,-1,-1,2,0,2,0,2,0,0,0,0,2,2,2,1,0,0,2,2
129,-12849.705,4484.427,-338.287,-157.795,-0.925580,0.377858,-0.022922,-0.378166,-0.925673,0.010911,-0.017095,0.018767,0.999678,0,0.73696,0.87351,44.217,1.747,-1,375.000,-1,375.000,-1,300.000,300.000,325.000,325.000,-1,-1,400.000,1000.000,650.000,675.000,-1,-1,2,0,2,0,2,0,0,0,0,2,2,0,1,0,0,2,2
130,-12894.584,4464.715,-339.171,-156.288,-0.915380,0.402061,-0.020655,-0.402358,-0.915391,0.012952,-0.013700,0.020167,0.999703,0,0.81696,0.75351,49.017,1.507,-1,375.000,-1,375.000,-1,300.000,300.000,325.000,325.000,-1,400.000,375.000,1000.000,675.000,675.000,-1,-1,2,0,2,0,2,0,0,0,0,2,0,0,1,0,0,2,2
131,-12942.785,4442.259,-340.055,-155.021,-0.906324,0.422192,-0.018159,-0.422463,-0.906253,0.015195,-0.010041,0.021443,0.999720,0,0.88624,0.63351,53.175,1.267,-1,375.000,-1,375.000,-1,300.000,300.000,325.000,325.000,-1,375.000,350.000,-1,675.000,700.000,-1,-1,2,0,2,0,2,0,0,0,0,2,0,0,2,0,0,2,2
132,-12990.737,4418.864,-340.760,-153.994,-0.898661,0.438361,-0.015723,-0.438592,-0.898526,0.016963,-0.006692,0.022140,0.999732,0,0.88925,0.51351,53.355,1.027,-1,375.000,-1,375.000,-1,300.000,300.000,325.000,325.000,-1,350.000,325.000,-1,675.000,700.000,-1,-1,2,0,2,0,2,0,0,0,0,2,0,0,2,0,0,2,2
133,-13038.553,4394.717,-341.209,-153.207,-0.892593,0.450663,-0.013394,-0.450846,-0.892423,0.017870,-0.003900,0.021989,0.999751,0,0.89279,0.39351,53.568,0.787,-1,375.000,-1,375.000,-1,300.000,300.000,325.000,325.000,-1,350.000,325.000,-1,700.000,700.000,-1,-1,2,0,2,0,2,0,0,0,0,2,0,0,2,0,0,2,2
134,-13086.261,4369.834,-341.448,-152.454,-0.886636,0.462351,-0.010424,-0.462468,-0.886443,0.018487,-0.000693,0.021212,0.999775,0,0.89678,0.37620,53.807,0.752,-1,375.000,-1,375.000,-1,300.000,300.000,325.000,325.000,-1,325.000,325.000,-1,700.000,700.000,-1,-1,2,0,2,0,2,0,0,0,0,2,0,0,2,0,0,2,2
135,-13133.860,4344.192,-341.590,-151.688,-0.880398,0.474177,-0.007470,-0.474229,-0.880194,0.019118,0.002490,0.020374,0.999789,0,0.90112,0.38325,54.067,0.767,-1,375.000,-1,375.000,-1,300.000,300.000,300.000,325.000,-1,325.000,325.000,-1,700.000,725.000,-1,-1,2,0,2,0,2,0,0,0,0,2,0,0,2,0,0,2,2
136,-13181.350,4317.767,-341.624,-150.907,-0.873870,0.486136,-0.004806,-0.486129,-0.873661,0.019872,0.005462,0.019702,0.999791,0,0.90577,0.39048,54.346,0.781,-1,375.000,-1,375.000,-1,300.000,325.000,300.000,325.000,-1,325.000,325.000,-1,700.000,725.000,-1,-1,2,0,2,0,2,0,0,0,0,2,0,0,2,0,0,2,2
137,-13228.725,4290.537,-341.404,-150.111,-0.867044,0.498222,-0.003136,-0.498172,-0.866824,0.021012,0.007751,0.019781,0.999774,0,0.91073,0.39788,54.644,0.796,-1,375.000,-1,375.000,-1,325.000,325.000,300.000,325.000,-1,350.000,350.000,-1,725.000,725.000,-1,-1,2,0,2,0,2,0,0,0,0,2,0,0,2,0,0,2,2
