timestep,x_cm,y_cm,z_cm,yaw_deg,basis_xx,basis_xy,basis_xz,basis_yx,basis_yy,basis_yz,basis_zx,basis_zy,basis_zz,teleport_flag,throttle_cmd,steering_cmd,cmd_move_cm,cmd_turn_deg,lidar_cm_0,lidar_cm_1,lidar_cm_2,lidar_cm_3,lidar_cm_4,lidar_cm_5,lidar_cm_6,lidar_cm_7,lidar_cm_8,lidar_cm_9,lidar_cm_10,lidar_cm_11,lidar_cm_12,lidar_cm_13,lidar_cm_14,lidar_cm_15,lidar_cm_16,lidar_class_0,lidar_class_1,lidar_class_2,lidar_class_3,lidar_class_4,lidar_class_5,lidar_class_6,lidar_class_7,lidar_class_8,lidar_class_9,lidar_class_10,lidar_class_11,lidar_class_12,lidar_class_13,lidar_class_14,lidar_class_15,lidar_class_16
0,-12479.405,5581.505,-49.557,125.883,-0.591901,-0.805865,-0.015321,0.797715,-0.582983,-0.154215,0.115345,-0.103502,0.987918,0,0.08000,0.00024,4.800,0.000,-1,550.000,-1,700.000,-1,450.000,475.000,275.000,175.000,625.000,75.000,225.000,-1,-1,-1,-1,-1,2,0,2,0,2,0,0,0,1,0,0,0,2,2,2,2,2
1,-12485.031,5589.283,-49.025,125.876,-0.591825,-0.805917,-0.015546,0.797774,-0.582868,-0.154341,0.115325,-0.103745,0.987895,0,0.16000,-0.00355,9.600,-0.007,-1,550.000,-1,700.000,-1,450.000,475.000,275.000,175.000,625.000,75.000,225.000,-1,-1,-1,-1,-1,2,0,2,0,2,0,0,0,1,0,0,0,2,2,2,2,2
2,-12493.466,5600.954,-48.242,125.854,-0.591541,-0.806119,-0.015885,0.797997,-0.582538,-0.154436,0.115240,-0.104032,0.987875,0,0.24000,-0.01111,14.400,-0.022,-1,550.000,-1,700.000,-1,450.000,475.000,275.000,175.000,625.000,75.000,225.000,-1,-1,-1,-1,-1,2,0,2,0,2,0,0,0,1,0,0,0,2,2,2,2,2
3,-9511.004,-7543.226,-270.830,-108.413,-0.317015,0.947962,-0.029474,-0.947841,-0.315582,0.044779,0.033147,0.042132,0.998562,1,0.00000,0.00000,19.200,-0.045,-1,400.000,-1,400.000,-1,325.000,325.000,300.000,300.000,900.000,525.000,525.000,-1,775.000,750.000,-1,-1,2,0,2,0,2,0,0,0,0,1,1,1,2,0,0,2,2
4,-9509.468,-7538.678,-270.998,-108.653,-0.320983,0.946626,-0.029481,-0.946510,-0.319548,0.044805,0.032993,0.042285,0.998561,0,-0.08000,-0.12000,-4.800,-0.240,-1,400.000,-1,400.000,-1,325.000,325.000,300.000,300.000,900.000,500.000,500.000,-1,775.000,750.000,-1,-1,2,0,2,0,2,0,0,0,0,1,1,1,2,0,0,2,2
5,-9506.322,-7529.609,-271.331,-109.133,-0.328902,0.943903,-0.029498,-0.943798,-0.327463,0.044862,0.032686,0.042595,0.998558,0,-0.16000,-0.24000,-9.600,-0.480,-1,400.000,-1,400.000,-1,325.000,325.000,300.000,300.000,900.000,500.000,500.000,-1,775.000,750.000,-1,-1,2,0,2,0,2,0,0,0,0,1,1,1,2,0,0,2,2
6,-9501.664,-7516.576,-271.804,-109.664,-0.337637,0.940813,-0.029522,-0.940720,-0.336193,0.044945,0.032360,0.042947,0.998553,0,-0.23066,-0.26553,-13.840,-0.531,-1,400.000,-1,400.000,-1,325.000,325.000,300.000,300.000,900.000,500.000,475.000,-1,775.000,750.000,-1,-1,2,0,2,0,2,0,0,0,0,1,1,1,2,0,0,2,2
7,-9496.848,-7503.481,-272.278,-110.191,-0.346270,0.937669,-0.029553,-0.937588,-0.344820,0.045038,0.032041,0.043304,0.998548,0,-0.23255,-0.26331,-13.953,-0.527,-1,400.000,-1,400.000,-1,325.000,325.000,300.000,300.000,875.000,475.000,475.000,-1,775.000,775.000,-1,-1,2,0,2,0,2,0,0,0,0,1,1,1,2,0,0,2,2
8,-9491.873,-7490.323,-272.752,-110.713,-0.354801,0.934473,-0.029590,-0.934403,-0.353345,0.045143,0.031729,0.043666,0.998542,0,-0.23446,-0.26107,-14.067,-0.522,-1,400.000,-1,400.000,-1,325.000,325.000,300.000,300.000,875.000,475.000,450.000,-1,775.000,775.000,-1,-1,2,0,2,0,2,0,0,0,0,1,1,1,2,0,0,2,2
9,-9486.737,-7477.103,-273.229,-111.230,-0.363230,0.931228,-0.029634,-0.931169,-0.361767,0.045258,0.031425,0.044033,0.998536,0,-0.23637,-0.25881,-14.182,-0.518,-1,400.000,-1,400.000,-1,325.000,325.000,300.000,300.000,850.000,450.000,425.000,-1,775.000,775.000,-1,-1,2,0,2,0,2,0,0,0,0,1,1,1,2,0,0,2,2
10,-9481.440,-7463.822,-273.706,-111.743,-0.371556,0.927936,-0.029684,-0.927889,-0.370085,0.045385,0.031129,0.044407,0.998528,0,-0.23830,-0.25653,-14.298,-0.513,-1,400.000,-1,400.000,-1,325.000,325.000,300.000,300.000,850.000,425.000,425.000,-1,775.000,775.000,-1,-1,2,0,2,0,2,0,0,0,0,1,1,1,2,0,0,2,2
11,-9475.981,-7450.481,-274.184,-112.252,-0.379778,0.924600,-0.029741,-0.924564,-0.378299,0.045524,0.030841,0.044786,0.998520,0,-0.24025,-0.25423,-14.415,-0.508,-1,400.000,-1,400.000,-1,325.000,325.000,300.000,300.000,850.000,425.000,400.000,-1,775.000,775.000,-1,-1,2,0,2,0,2,0,0,0,0,1,1,1,2,0,0,2,2
12,-9470.360,-7437.080,-274.664,-112.756,-0.387895,0.921221,-0.029804,-0.921197,-0.386407,0.045675,0.030560,0.045173,0.998512,0,-0.24220,-0.25190,-14.532,-0.504,-1,400.000,-1,400.000,-1,325.000,325.000,300.000,300.000,825.000,400.000,400.000,-1,775.000,775.000,-1,-1,2,0,2,0,2,0,0,0,0,1,1,1,2,0,0,2,2
13,-9464.576,-7423.621,-275.144,-113.255,-0.395908,0.917804,-0.029874,-0.917790,-0.394410,0.045838,0.030288,0.045566,0.998502,0,-0.24417,-0.24956,-14.650,-0.499,-1,400.000,-1,400.000,-1,325.000,325.000,300.000,300.000,825.000,400.000,375.000,-1,775.000,775.000,-1,-1,2,0,2,0,2,0,0,0,0,1,1,1,2,0,0,2,2
14,-9458.628,-7410.103,-275.627,-113.749,-0.403816,0.914350,-0.029950,-0.914347,-0.402308,0.046014,0.030024,0.045966,0.998492,0,-0.24615,-0.24720,-14.769,-0.494,-1,400.000,-1,400.000,-1,325.000,325.000,300.000,300.000,800.000,375.000,350.000,-1,775.000,775.000,-1,-1,2,0,2,0,2,0,0,0,0,1,1,1,2,0,0,2,2
15,-9452.516,-7396.528,-276.110,-114.239,-0.411619,0.910861,-0.030032,-0.910870,-0.410099,0.046203,0.029769,0.046373,0.998481,0,-0.24813,-0.24482,-14.888,-0.490,-1,400.000,-1,400.000,-1,325.000,325.000,300.000,300.000,800.000,375.000,350.000,-1,775.000,775.000,-1,-1,2,0,2,0,2,0,0,0,0,1,1,1,2,0,0,2,2
16,-9446.238,-7382.895,-276.595,-114.724,-0.419315,0.907341,-0.030121,-0.907361,-0.417784,0.046406,0.029522,0.046789,0.998468,0,-0.25013,-0.24241,-15.008,-0.485,-1,400.000,-1,400.000,-1,325.000,325.000,300.000,300.000,775.000,350.000,325.000,-1,775.000,775.000,-1,-1,2,0,2,0,2,0,0,0,0,1,1,1,2,0,0,2,2
17,-9439.796,-7369.207,-277.082,-115.204,-0.426906,0.903791,-0.030216,-0.903822,-0.425362,0.046622,0.029284,0.047212,0.998456,0,-0.25215,-0.23999,-15.129,-0.480,-1,400.000,-1,400.000,-1,325.000,325.000,300.000,275.000,775.000,350.000,300.000,-1,775.000,775.000,-1,-1,2,0,2,0,2,0,0,0,0,1,1,1,2,0,0,2,2
18,-9433.188,-7355.464,-277.568,-115.679,-0.434390,0.900215,-0.030309,-0.900256,-0.432832,0.046853,0.029059,0.047638,0.998442,0,-0.25417,-0.23755,-15.250,-0.475,-1,400.000,-1,400.000,-1,325.000,325.000,300.000,275.000,750.000,325.000,300.000,-1,775.000,775.000,-1,-1,2,0,2,0,2,0,0,0,0,1,1,1,2,0,0,2,2
19,-9426.413,-7341.665,-277.991,-116.149,-0.441760,0.896624,-0.030209,-0.896671,-0.440201,0.046960,0.028807,0.047833,0.998440,0,-0.25620,-0.23508,-15.372,-0.470,-1,400.000,-1,400.000,-1,325.000,325.000,300.000,275.000,750.000,325.000,275.000,-1,775.000,775.000,-1,-1,2,0,2,0,2,0,0,0,0,1,1,1,2,0,0,2,2
20,-9419.472,-7327.813,-278.384,-116.614,-0.449018,0.893017,-0.030058,-0.893069,-0.447464,0.046942,0.028470,0.047921,0.998445,0,-0.25824,-0.23260,-15.494,-0.465,-1,400.000,-1,400.000,-1,325.000,325.000,300.000,275.000,750.000,300.000,275.000,-1,775.000,775.000,-1,-1,2,0,2,0,2,0,0,0,0,1,1,1,2,0,0,2,2
21,-9412.364,-7313.907,-278.778,-117.074,-0.456169,0.889390,-0.029915,-0.889449,-0.454620,0.046924,0.028134,0.048013,0.998450,0,-0.26029,-0.23009,-15.617,-0.460,-1,400.000,-1,400.000,-1,325.000,325.000,300.000,275.000,725.000,300.000,250.000,-1,775.000,775.000,-1,-1,2,0,2,0,2,0,0,0,0,1,1,1,2,0,0,2,2
22,-9405.089,-7299.949,-279.171,-117.529,-0.463212,0.885747,-0.029781,-0.885811,-0.461669,0.046907,0.027799,0.048108,0.998455,0,-0.26234,-0.22757,-15.741,-0.455,-1,400.000,-1,400.000,-1,325.000,325.000,300.000,275.000,725.000,275.000,225.000,-1,775.000,775.000,-1,-1,2,0,2,0,2,0,0,0,0,1,1,1,2,0,0,2,2
23,-9397.586,-7285.971,-279.557,-118.225,-0.473913,0.880073,-0.029629,-0.880150,-0.472376,0.046875,0.027257,0.048293,0.998461,0,-0.26441,-0.34757,-15.865,-0.695,-1,400.000,-1,400.000,-1,325.000,325.000,300.000,275.000,700.000,275.000,225.000,-1,775.000,775.000,-1,-1,2,0,2,0,2,0,0,0,0,1,1,1,2,0,0,2,2
24,-9389.796,-7272.008,-279.773,-119.160,-0.488172,0.872259,-0.029183,-0.872359,-0.486684,0.046140,0.026043,0.047983,0.998509,0,-0.26647,-0.46757,-15.988,-0.935,-1,400.000,-1,400.000,-1,325.000,325.000,300.000,300.000,700.000,250.000,200.000,-1,775.000,775.000,-1,-1,2,0,2,0,2,0,0,0,0,1,1,1,2,0,0,2,2
25,-9381.677,-7258.094,-279.934,-120.265,-0.504862,0.862723,-0.028688,-0.862851,-0.503434,0.045193,0.024546,0.047569,0.998566,0,-0.26851,-0.55281,-16.111,-1.106,-1,400.000,-1,400.000,-1,325.000,325.000,300.000,300.000,675.000,250.000,200.000,-1,775.000,775.000,-1,-1,2,0,2,0,2,0,0,0,0,1,1,1,2,0,0,2,2
26,-9373.227,-7244.237,-280.053,-121.376,-0.521439,0.852823,-0.028192,-0.852980,-0.520078,0.044084,0.022934,0.047034,0.998630,0,-0.27050,-0.55541,-16.230,-1.111,-1,400.000,-1,400.000,-1,325.000,325.000,300.000,300.000,675.000,250.000,200.000,-1,775.000,775.000,-1,-1,2,0,2,0,2,0,0,0,0,1,1,1,2,0,0,2,2
27,-9364.447,-7230.449,-280.128,-122.492,-0.537894,0.842557,-0.027705,-0.842746,-0.536607,0.042812,0.021205,0.046376,0.998699,0,-0.27244,-0.55803,-16.346,-1.116,-1,400.000,-1,400.000,-1,325.000,325.000,300.000,300.000,675.000,225.000,175.000,-1,750.000,750.000,-1,-1,2,0,2,0,2,0,0,0,0,1,1,1,2,0,0,2,2
28,-9355.336,-7216.741,-280.160,-123.614,-0.554220,0.831925,-0.027237,-0.832145,-0.553012,0.041374,0.019358,0.045596,0.998772,0,-0.27432,-0.56066,-16.459,-1.121,-1,400.000,-1,400.000,-1,325.000,325.000,300.000,300.000,650.000,225.000,175.000,-1,750.000,750.000,-1,-1,2,0,2,0,2,0,0,0,0,1,1,1,2,0,0,2,2
29,-9345.895,-7203.127,-280.149,-124.740,-0.570408,0.820924,-0.026799,-0.821177,-0.569286,0.039770,0.017392,0.044692,0.998849,0,-0.27613,-0.56330,-16.568,-1.127,-1,400.000,-1,400.000,-1,325.000,325.000,300.000,300.000,650.000,225.000,175.000,-1,750.000,750.000,-1,-1,2,0,2,0,2,0,0,0,0,1,1,1,2,0,0,2,2
30,-9336.126,-7189.616,-280.093,-125.872,-0.586450,0.809555,-0.026402,-0.809841,-0.585418,0.038000,0.015307,0.043667,0.998929,0,-0.27787,-0.56595,-16.672,-1.132,-1,400.000,-1,400.000,-1,325.000,325.000,300.000,300.000,650.000,225.000,175.000,-1,750.000,750.000,-1,-1,2,0,2,0,2,0,0,0,0,1,1,1,2,0,0,2,2
31,-9326.032,-7176.223,-279.993,-127.009,-0.602338,0.797816,-0.026057,-0.798134,-0.601400,0.036066,0.013103,0.042521,0.999010,0,-0.27952,-0.56861,-16.771,-1.137,-1,400.000,-1,400.000,-1,325.000,325.000,300.000,300.000,650.000,225.000,150.000,-1,725.000,750.000,-1,-1,2,0,2,0,2,0,0,0,0,1,1,1,2,0,0,2,2
32,-9315.615,-7162.961,-279.850,-128.152,-0.618061,0.785707,-0.025776,-0.786056,-0.617221,0.033969,0.010780,0.041256,0.999090,0,-0.28107,-0.57128,-16.864,-1.143,-1,375.000,-1,400.000,-1,325.000,325.000,300.000,300.000,625.000,225.000,150.000,-1,725.000,750.000,-1,-1,2,0,2,0,2,0,0,0,0,1,1,1,2,0,0,2,2
33,-9304.879,-7149.843,-279.662,-129.300,-0.633613,0.773228,-0.025569,-0.773606,-0.632873,0.031715,0.008340,0.039875,0.999170,0,-0.28252,-0.57395,-16.951,-1.148,-1,375.000,-1,400.000,-1,325.000,325.000,300.000,325.000,625.000,225.000,150.000,-1,725.000,750.000,-1,-1,2,0,2,0,2,0,0,0,0,1,1,1,2,0,0,2,2
34,-9293.830,-7136.884,-279.432,-130.453,-0.648982,0.760378,-0.025449,-0.760782,-0.648345,0.029307,0.005785,0.038381,0.999246,0,-0.28384,-0.57662,-17.031,-1.153,-1,375.000,-1,400.000,-1,325.000,325.000,275.000,325.000,625.000,200.000,150.000,-1,700.000,750.000,-1,-1,2,0,2,0,2,0,0,0,0,1,1,1,2,0,0,2,2
35,-9282.474,-7124.096,-279.158,-131.612,-0.664159,0.747159,-0.025427,-0.747585,-0.663627,0.026754,0.003115,0.036777,0.999319,0,-0.28504,-0.57928,-17.102,-1.159,-1,375.000,-1,400.000,-1,325.000,325.000,275.000,325.000,625.000,200.000,150.000,-1,700.000,725.000,-1,-1,2,0,2,0,2,0,0,0,0,1,1,1,2,0,0,2,2
36,-9274.159,-7115.030,-278.927,-132.530,-0.676004,0.736456,-0.025502,-0.736897,-0.675550,0.024813,0.001046,0.035566,0.999367,0,-0.20504,-0.45928,-12.302,-0.919,-1,375.000,-1,375.000,-1,325.000,325.000,275.000,325.000,625.000,200.000,150.000,-1,700.000,725.000,-1,-1,2,0,2,0,2,0,0,0,0,1,1,1,2,0,0,2,2
37,-9269.014,-7109.570,-278.692,-133.298,-0.685773,0.727352,-0.025974,-0.727815,-0.685369,0.023532,-0.000686,0.035042,0.999386,0,-0.12504,-0.38386,-7.502,-0.768,-1,375.000,-1,375.000,-1,300.000,325.000,275.000,325.000,625.000,225.000,150.000,-1,700.000,725.000,-1,-1,2,0,2,0,2,0,0,0,0,1,1,1,2,0,0,2,2
38,-9267.135,-7107.628,-278.510,-134.068,-0.695456,0.718076,-0.026592,-0.718566,-0.695083,0.022867,-0.002063,0.035011,0.999385,0,-0.04504,-0.38502,-2.702,-0.770,-1,375.000,-1,375.000,-1,300.000,325.000,275.000,325.000,625.000,225.000,150.000,-1,700.000,725.000,-1,-1,2,0,2,0,2,0,0,0,0,1,1,1,2,0,0,2,2
39,-9268.614,-7109.116,-278.514,-134.839,-0.705045,0.708660,-0.026694,-0.709158,-0.704681,0.022781,-0.002667,0.034992,0.999384,0,0.03496,-0.38543,2.098,-0.771,-1,375.000,-1,375.000,-1,300.000,325.000,275.000,325.000,650.000,225.000,150.000,-1,700.000,725.000,-1,-1,2,0,2,0,2,0,0,0,0,1,1,1,2,0,0,2,2
40,-9273.543,-7113.942,-278.681,-135.609,-0.714515,0.699121,-0.026410,-0.699615,-0.714141,0.023268,-0.002593,0.035102,0.999380,0,0.11496,-0.38511,6.898,-0.770,-1,375.000,-1,375.000,-1,300.000,325.000,275.000,325.000,675.000,225.000,150.000,-1,700.000,725.000,-1,-1,2,0,2,0,2,0,0,0,0,1,1,1,2,0,0,2,2
41,-9282.011,-7122.012,-278.825,-136.377,-0.723832,0.689460,-0.026678,-0.689972,-0.723424,0.024416,-0.002465,0.036080,0.999346,0,0.19496,-0.38406,11.698,-0.768,-1,375.000,-1,375.000,-1,325.000,325.000,275.000,325.000,700.000,225.000,175.000,-1,700.000,725.000,-1,-1,2,0,2,0,2,0,0,0,0,1,1,1,2,0,0,2,2
42,-9294.104,-7133.235,-279.048,-137.142,-0.732987,0.679711,-0.026902,-0.680240,-0.732523,0.026139,-0.001939,0.037459,0.999296,0,0.27496,-0.38230,16.498,-0.765,-1,375.000,-1,375.000,-1,325.000,325.000,275.000,325.000,725.000,250.000,175.000,-1,700.000,725.000,-1,-1,2,0,2,0,2,0,0,0,0,1,1,1,2,0,0,2,2
43,-9309.907,-7147.514,-279.346,-137.901,-0.741962,0.669896,-0.027054,-0.670441,-0.741421,0.028346,-0.001070,0.039169,0.999232,0,0.35496,-0.37981,21.298,-0.760,-1,375.000,-1,375.000,-1,325.000,325.000,275.000,325.000,775.000,275.000,200.000,-1,700.000,725.000,-1,-1,2,0,2,0,2,0,0,0,0,1,1,1,2,0,0,2,2
44,-9329.499,-7164.755,-279.708,-138.655,-0.750742,0.660039,-0.027110,-0.660596,-0.750105,0.030928,0.000079,0.041127,0.999154,0,0.43496,-0.37662,26.098,-0.753,-1,375.000,-1,375.000,-1,325.000,325.000,300.000,325.000,-1,300.000,225.000,-1,725.000,725.000,-1,-1,2,0,2,0,2,0,0,0,0,2,1,1,2,0,0,2,2
45,-9352.958,-7184.864,-280.119,-139.400,-0.759310,0.650167,-0.027053,-0.650728,-0.758560,0.033758,0.001427,0.043237,0.999064,0,0.51496,-0.37271,30.898,-0.745,-1,375.000,-1,375.000,-1,325.000,325.000,300.000,300.000,-1,325.000,250.000,-1,725.000,725.000,-1,-1,2,0,2,0,2,0,0,0,0,2,1,1,2,0,0,2,2
46,-9380.358,-7207.746,-280.557,-140.136,-0.767650,0.640306,-0.026875,-0.640863,-0.766778,0.036683,0.002881,0.045383,0.998966,0,0.59496,-0.36808,35.698,-0.736,-1,400.000,-1,400.000,-1,325.000,325.000,300.000,300.000,-1,350.000,275.000,-1,750.000,725.000,-1,-1,2,0,2,0,2,0,0,0,0,2,1,1,2,0,0,2,2
47,-9411.768,-7233.309,-280.999,-140.862,-0.775746,0.630486,-0.026577,-0.631031,-0.774750,0.039529,0.004332,0.047436,0.998865,0,0.67496,-0.36274,40.498,-0.725,-1,400.000,-1,400.000,-1,325.000,325.000,300.000,300.000,-1,400.000,300.000,-1,750.000,725.000,-1,-1,2,0,2,0,2,0,0,0,0,2,1,1,2,0,0,2,2
48,-9447.255,-7261.463,-281.337,-141.575,-0.783590,0.620727,-0.026168,-0.621250,-0.782458,0.042513,0.005913,0.049570,0.998753,0,0.75496,-0.35668,45.298,-0.713,-1,400.000,-1,400.000,-1,325.000,325.000,300.000,300.000,-1,425.000,325.000,-1,775.000,725.000,-1,-1,2,0,2,0,2,0,0,0,0,2,1,1,2,0,0,2,2
49,-9486.520,-7291.839,-281.306,-142.275,-0.791145,0.611090,-0.025680,-0.611592,-0.789936,0.044224,0.006739,0.050693,0.998692,0,0.82740,-0.34990,49.644,-0.700,-1,400.000,-1,400.000,-1,325.000,325.000,300.000,300.000,-1,475.000,375.000,-1,775.000,725.000,-1,-1,2,0,2,0,2,0,0,0,0,2,1,1,2,0,0,2,2
50,-9526.409,-7321.942,-281.031,-142.960,-0.798397,0.601604,-0.025205,-0.602095,-0.797186,0.044461,0.006655,0.050673,0.998693,0,0.83287,-0.34245,49.972,-0.685,-1,400.000,-1,400.000,-1,325.000,325.000,300.000,300.000,-1,525.000,425.000,-1,775.000,725.000,-1,-1,2,0,2,0,2,0,0,0,0,2,1,1,2,0,0,2,2
51,-9566.915,-7351.773,-280.820,-143.630,-0.805379,0.592243,-0.024739,-0.592724,-0.804166,0.044673,0.006563,0.050642,0.998695,0,0.83842,-0.33495,50.305,-0.670,-1,400.000,-1,400.000,-1,325.000,325.000,300.000,300.000,-1,575.000,500.000,-1,775.000,725.000,-1,-1,2,0,2,0,2,0,0,0,0,2,1,1,2,0,0,2,2
52,-9608.033,-7381.336,-280.673,-144.284,-0.812098,0.583016,-0.024285,-0.583486,-0.810883,0.044862,0.006463,0.050602,0.998698,0,0.84404,-0.32739,50.642,-0.655,-1,400.000,-1,400.000,-1,325.000,325.000,300.000,300.000,-1,600.000,550.000,-1,775.000,725.000,-1,-1,2,0,2,0,2,0,0,0,0,2,1,1,2,0,0,2,2
53,-9649.757,-7410.635,-280.476,-144.924,-0.818548,0.573942,-0.023876,-0.574407,-0.817360,0.044490,0.006019,0.050132,0.998724,0,0.84972,-0.31978,50.983,-0.640,-1,400.000,-1,400.000,-1,325.000,325.000,300.000,300.000,-1,650.000,600.000,-1,775.000,725.000,-1,-1,2,0,2,0,2,0,0,0,0,2,1,1,2,0,0,2,2
54,-9692.083,-7439.671,-280.218,-145.548,-0.824735,0.565030,-0.023537,-0.565496,-0.823602,0.043509,0.005199,0.049193,0.998776,0,0.85546,-0.31210,51.328,-0.624,-1,400.000,-1,400.000,-1,325.000,325.000,300.000,300.000,-1,700.000,675.000,-1,775.000,725.000,-1,-1,2,0,2,0,2,0,0,0,0,2,1,1,2,0,0,2,2
55,-9734.306,-7468.223,-280.023,-145.932,-0.828490,0.559520,-0.023268,-0.559985,-0.827410,0.042544,0.004552,0.048277,0.998824,0,0.84952,-0.19210,50.971,-0.384,-1,400.000,-1,375.000,-1,325.000,325.000,300.000,300.000,-1,750.000,725.000,-1,775.000,725.000,-1,-1,2,0,2,0,2,0,0,0,0,2,1,1,2,0,0,2,2
56,-9776.884,-7496.859,-279.819,-146.076,-0.829887,0.557465,-0.022792,-0.557915,-0.828859,0.041511,0.004250,0.047165,0.998878,0,0.85519,-0.07210,51.311,-0.144,-1,400.000,-1,375.000,-1,325.000,325.000,300.000,300.000,-1,800.000,800.000,-1,750.000,725.000,-1,-1,2,0,2,0,2,0,0,0,0,2,1,1,2,0,0,2,2
57,-9819.695,-7525.755,-279.542,-145.981,-0.828952,0.558886,-0.022027,-0.559303,-0.827978,0.040401,0.004342,0.045810,0.998941,0,0.86085,0.04790,51.651,0.096,-1,400.000,-1,375.000,-1,325.000,325.000,300.000,300.000,-1,850.000,850.000,-1,750.000,725.000,-1,-1,2,0,2,0,2,0,0,0,0,2,1,1,2,0,0,2,2
58,-9862.667,-7555.022,-279.302,-145.742,-0.826611,0.562369,-0.021335,-0.562755,-0.825687,0.039347,0.004512,0.044531,0.998998,0,0.86652,0.11955,51.991,0.239,-1,400.000,-1,375.000,-1,325.000,325.000,300.000,300.000,-1,900.000,875.000,-1,750.000,725.000,-1,-1,2,0,2,0,2,0,0,0,0,2,1,1,2,0,0,2,2
59,-9905.793,-7584.676,-279.028,-145.487,-0.824102,0.566074,-0.020375,-0.566420,-0.823228,0.038258,0.004884,0.043069,0.999060,0,0.87230,0.12751,52.338,0.255,-1,400.000,-1,375.000,-1,325.000,325.000,300.000,300.000,-1,950.000,925.000,-1,750.000,725.000,-1,-1,2,0,2,0,2,0,0,0,0,2,1,1,2,0,0,2,2
60,-9949.071,-7614.736,-278.686,-145.215,-0.821414,0.569992,-0.019712,-0.570310,-0.820582,0.037308,0.005090,0.041887,0.999109,0,0.87822,0.13556,52.693,0.271,-1,400.000,-1,400.000,-1,325.000,325.000,300.000,300.000,-1,-1,975.000,-1,725.000,725.000,-1,-1,2,0,2,0,2,0,0,0,0,2,2,1,2,0,0,2,2
61,-9992.495,-7645.223,-278.303,-144.928,-0.818540,0.574120,-0.019447,-0.574427,-0.817740,0.036523,0.005066,0.041067,0.999144,0,0.88429,0.14370,53.058,0.287,-1,400.000,-1,400.000,-1,325.000,325.000,300.000,300.000,-1,-1,-1,-1,725.000,725.000,-1,-1,2,0,2,0,2,0,0,0,0,2,2,2,2,0,0,2,2
62,-10036.060,-7676.155,-277.956,-144.624,-0.815480,0.578467,-0.019193,-0.578763,-0.814710,0.035789,0.005066,0.040293,0.999175,0,0.89050,0.15192,53.430,0.304,-1,400.000,-1,400.000,-1,325.000,325.000,300.000,300.000,-1,-1,-1,-1,725.000,725.000,-1,-1,2,0,2,0,2,0,0,0,0,2,2,2,2,0,0,2,2
63,-10079.761,-7707.553,-277.591,-144.304,-0.812232,0.583027,-0.018936,-0.583310,-0.811477,0.035407,0.005277,0.039804,0.999194,0,0.89683,0.16024,53.810,0.320,-1,400.000,-1,400.000,-1,325.000,325.000,300.000,300.000,-1,-1,-1,-1,725.000,725.000,-1,-1,2,0,2,0,2,0,0,0,0,2,2,2,2,0,0,2,2
64,-10125.829,-7741.300,-277.175,-143.775,-0.806830,0.590489,-0.018667,-0.590755,-0.806074,0.035415,0.005866,0.039601,0.999198,0,0.95179,0.26415,57.107,0.528,-1,400.000,-1,400.000,-1,325.000,325.000,300.000,300.000,-1,-1,-1,-1,725.000,725.000,-1,-1,2,0,2,0,2,0,0,0,0,2,2,2,2,0,0,2,2
65,-10171.577,-7775.473,-276.801,-143.241,-0.801300,0.597979,-0.018435,-0.598228,-0.800540,0.035482,0.006460,0.039460,0.999200,0,0.95170,0.26698,57.102,0.534,-1,400.000,-1,400.000,-1,325.000,325.000,300.000,300.000,-1,-1,-1,-1,700.000,725.000,-1,-1,2,0,2,0,2,0,0,0,0,2,2,2,2,0,0,2,2
66,-10216.991,-7810.066,-276.352,-142.702,-0.795654,0.605477,-0.018227,-0.605706,-0.794864,0.036227,0.007446,0.039864,0.999177,0,0.95147,0.26965,57.088,0.539,-1,375.000,-1,400.000,-1,325.000,325.000,300.000,300.000,-1,-1,-1,-1,700.000,725.000,-1,-1,2,0,2,0,2,0,0,0,0,2,2,2,2,0,0,2,2
67,-10262.056,-7845.076,-275.861,-142.158,-0.789892,0.612980,-0.018067,-0.613184,-0.789050,0.037479,0.008718,0.040683,0.999134,0,0.95111,0.27213,57.066,0.544,-1,375.000,-1,400.000,-1,325.000,325.000,300.000,300.000,-1,-1,-1,-1,700.000,725.000,-1,-1,2,0,2,0,2,0,0,0,0,2,2,2,2,0,0,2,2
68,-10306.760,-7880.497,-275.235,-141.609,-0.784000,0.620500,-0.017972,-0.620686,-0.783129,0.038173,0.009612,0.041083,0.999110,0,0.95060,0.27443,57.036,0.549,-1,375.000,-1,400.000,-1,325.000,325.000,300.000,300.000,-1,-1,-1,-1,700.000,725.000,-1,-1,2,0,2,0,2,0,0,0,0,2,2,2,2,0,0,2,2
69,-10351.091,-7916.324,-274.603,-141.056,-0.777991,0.628019,-0.017931,-0.628187,-0.777088,0.038915,0.010505,0.041540,0.999082,0,0.94997,0.27654,56.998,0.553,-1,375.000,-1,400.000,-1,325.000,325.000,300.000,300.000,-1,-1,-1,-1,700.000,725.000,-1,-1,2,0,2,0,2,0,0,0,0,2,2,2,2,0,0,2,2
70,-10395.037,-7952.552,-273.942,-140.499,-0.771866,0.635531,-0.017944,-0.635684,-0.770934,0.039591,0.011328,0.041966,0.999055,0,0.94923,0.27847,56.954,0.557,-1,375.000,-1,400.000,-1,325.000,325.000,300.000,300.000,-1,-1,-1,-1,700.000,700.000,-1,-1,2,0,2,0,2,0,0,0,0,2,2,2,2,0,0,2,2
71,-10438.587,-7989.175,-273.129,-139.939,-0.765631,0.643043,-0.017487,-0.643161,-0.764683,0.040043,0.012377,0.041905,0.999045,0,0.94837,0.28019,56.902,0.560,-1,375.000,-1,375.000,-1,325.000,325.000,300.000,300.000,-1,-1,-1,-1,700.000,700.000,-1,-1,2,0,2,0,2,0,0,0,0,2,2,2,2,0,0,2,2
72,-10481.732,-8026.187,-272.222,-139.375,-0.759290,0.650541,-0.016572,-0.650605,-0.758333,0.040545,0.013809,0.041567,0.999040,0,0.94742,0.28173,56.845,0.563,-1,375.000,-1,375.000,-1,325.000,325.000,300.000,300.000,-1,-1,-1,-1,675.000,700.000,-1,-1,2,0,2,0,2,0,0,0,0,2,2,2,2,0,0,2,2
73,-10524.462,-8063.582,-271.325,-138.809,-0.752847,0.658008,-0.015689,-0.658017,-0.751875,0.041200,0.015313,0.041341,0.999028,0,0.94637,0.28306,56.782,0.566,-1,375.000,-1,375.000,-1,300.000,325.000,300.000,300.000,-1,-1,-1,-1,675.000,700.000,-1,-1,2,0,2,0,2,0,0,0,0,2,2,2,2,0,0,2,2
74,-10566.768,-8101.355,-270.439,-138.241,-0.746306,0.665438,-0.014845,-0.665389,-0.745314,0.042006,0.016888,0.041227,0.999007,0,0.94525,0.28420,56.715,0.568,-1,375.000,-1,375.000,-1,300.000,300.000,300.000,300.000,-1,-1,-1,-1,675.000,700.000,-1,-1,2,0,2,0,2,0,0,0,0,2,2,2,2,0,0,2,2
75,-10608.644,-8139.499,-269.494,-137.670,-0.739671,0.672815,-0.014401,-0.672720,-0.738646,0.043021,0.018308,0.041510,0.998970,0,0.94407,0.28513,56.644,0.570,-1,375.000,-1,375.000,-1,300.000,300.000,300.000,300.000,-1,-1,-1,-1,675.000,700.000,-1,-1,2,0,2,0,2,0,0,0,0,2,2,2,2,0,0,2,2
76,-10650.083,-8178.008,-268.301,-137.099,-0.732947,0.680156,-0.013311,-0.679985,-0.731900,0.044075,0.020236,0.041356,0.998940,0,0.94283,0.28586,56.570,0.572,-1,375.000,-1,375.000,-1,300.000,300.000,300.000,300.000,-1,-1,-1,-1,675.000,700.000,-1,-1,2,0,2,0,2,0,0,0,0,2,2,2,2,0,0,2,2
77,-10687.801,-8213.469,-267.033,-136.767,-0.729015,0.684403,-0.011371,-0.684126,-0.727972,0.045027,0.022539,0.040605,0.998921,0,0.86283,0.16586,51.770,0.332,-1,375.000,-1,375.000,-1,300.000,300.000,300.000,300.000,-1,-1,1000.000,-1,675.000,700.000,-1,-1,2,0,2,0,2,0,0,0,0,2,2,0,2,0,0,2,2
78,-10722.210,-8245.974,-265.775,-136.629,-0.727388,0.686151,-0.010207,-0.685800,-0.726330,0.046078,0.024203,0.040517,0.998886,0,0.78890,0.06876,47.334,0.138,-1,375.000,-1,375.000,-1,300.000,300.000,300.000,300.000,-1,900.000,875.000,-1,700.000,700.000,-1,-1,2,0,2,0,2,0,0,0,0,2,0,0,2,0,0,2,2
79,-10756.477,-8278.502,-264.477,-136.492,-0.725756,0.687889,-0.009309,-0.687469,-0.724675,0.047251,0.025757,0.040692,0.998840,0,0.78745,0.06881,47.247,0.138,-1,375.000,-1,375.000,-1,300.000,300.000,300.000,300.000,-1,825.000,825.000,-1,700.000,700.000,-1,-1,2,0,2,0,2,0,0,0,0,2,0,0,2,0,0,2,2
80,-10790.603,-8311.053,-263.130,-136.354,-0.724131,0.689611,-0.008491,-0.689115,-0.723009,0.048772,0.027495,0.041168,0.998774,0,0.78601,0.06868,47.161,0.137,-1,375.000,-1,375.000,-1,300.000,300.000,300.000,300.000,-1,775.000,775.000,-1,700.000,700.000,-1,-1,2,0,2,0,2,0,0,0,0,2,0,0,2,0,0,2,2
81,-10824.590,-8343.626,-261.741,-136.218,-0.722515,0.691312,-0.007752,-0.690731,-0.721339,0.050608,0.029394,0.041919,0.998689,0,0.78459,0.06836,47.075,0.137,-1,375.000,-1,375.000,-1,300.000,325.000,300.000,300.000,-1,700.000,725.000,-1,700.000,725.000,-1,-1,2,0,2,0,2,0,0,0,0,2,0,0,2,0,0,2,2
82,-10858.439,-8376.221,-260.360,-136.082,-0.720908,0.692995,-0.007069,-0.692324,-0.719675,0.052491,0.031288,0.042735,0.998596,0,0.78320,0.06785,46.992,0.136,-1,375.000,-1,375.000,-1,325.000,325.000,300.000,300.000,-1,675.000,650.000,-1,700.000,725.000,-1,-1,2,0,2,0,2,0,0,0,0,2,0,0,2,0,0,2,2
83,-10892.154,-8408.840,-258.938,-135.948,-0.719311,0.694659,-0.006421,-0.693903,-0.718027,0.054190,0.033034,0.043435,0.998510,0,0.78185,0.06716,46.911,0.134,-1,375.000,-1,375.000,-1,325.000,325.000,300.000,300.000,-1,650.000,600.000,-1,725.000,725.000,-1,-1,2,0,2,0,2,0,0,0,0,2,0,0,2,0,0,2,2
84,-10927.736,-8443.373,-257.299,-135.857,-0.718229,0.695783,-0.005740,-0.694952,-0.716914,0.055456,0.034470,0.043820,0.998445,0,0.82640,0.04534,49.584,0.091,-1,375.000,-1,375.000,-1,325.000,325.000,300.000,300.000,-1,625.000,575.000,-1,725.000,725.000,-1,-1,2,0,2,0,2,0,0,0,0,2,0,0,2,0,0,2,2
85,-10963.340,-8478.050,-255.629,-135.757,-0.717032,0.697021,-0.005126,-0.696110,-0.715676,0.056910,0.035999,0.044375,0.998366,0,0.82834,0.05022,49.700,0.100,-1,375.000,-1,375.000,-1,325.000,325.000,300.000,300.000,-1,600.000,550.000,-1,725.000,750.000,-1,-1,2,0,2,0,2,0,0,0,0,2,0,0,2,0,0,2,2
86,-10998.950,-8512.866,-253.958,-135.646,-0.715712,0.698381,-0.004566,-0.697387,-0.714311,0.058401,0.037525,0.044982,0.998283,0,0.83004,0.05523,49.802,0.110,-1,375.000,-1,400.000,-1,325.000,325.000,300.000,300.000,-1,600.000,525.000,-1,750.000,750.000,-1,-1,2,0,2,0,2,0,0,0,0,2,0,0,2,0,0,2,2
87,-11034.549,-8547.819,-252.286,-135.525,-0.714265,0.699864,-0.004061,-0.698786,-0.712816,0.059928,0.039047,0.045642,0.998194,0,0.83149,0.06039,49.890,0.121,-1,400.000,-1,400.000,-1,325.000,325.000,300.000,300.000,-1,575.000,525.000,-1,750.000,750.000,-1,-1,2,0,2,0,2,0,0,0,0,2,0,0,2,0,0,2,2
88,-11070.119,-8582.904,-250.613,-135.394,-0.712687,0.701473,-0.003612,-0.700308,-0.711187,0.061492,0.040566,0.046354,0.998101,0,0.83269,0.06567,49.961,0.131,-1,400.000,-1,400.000,-1,325.000,325.000,300.000,300.000,-1,575.000,525.000,-1,-1,775.000,-1,-1,2,0,2,0,2,0,0,0,0,2,0,0,2,2,0,2,2
89,-11105.641,-8618.116,-248.680,-135.252,-0.710945,0.703242,-0.002828,-0.702010,-0.709451,0.062136,0.041690,0.046161,0.998064,0,0.83361,0.07108,50.017,0.142,-1,400.000,-1,400.000,-1,325.000,325.000,300.000,300.000,-1,600.000,550.000,-1,-1,775.000,-1,-1,2,0,2,0,2,0,0,0,0,2,0,0,2,2,0,2,2
90,-11141.097,-8653.449,-246.594,-135.099,-0.709046,0.705159,-0.002050,-0.703891,-0.707590,0.062080,0.042326,0.045460,0.998069,0,0.83426,0.07661,50.055,0.153,-1,400.000,-1,400.000,-1,325.000,325.000,300.000,300.000,-1,625.000,575.000,-1,-1,800.000,-1,-1,2,0,2,0,2,0,0,0,0,2,0,0,2,2,0,2,2
91,-11176.466,-8688.899,-244.521,-134.934,-0.707005,0.707207,-0.001412,-0.705907,-0.705582,0.062048,0.042885,0.044865,0.998072,0,0.83461,0.08226,50.077,0.165,-1,400.000,-1,400.000,-1,325.000,325.000,300.000,300.000,-1,650.000,600.000,-1,-1,800.000,-1,-1,2,0,2,0,2,0,0,0,0,2,0,0,2,2,0,2,2
92,-11213.002,-8725.646,-242.395,-134.835,-0.705769,0.708441,-0.000894,-0.707116,-0.704371,0.062040,0.043322,0.044417,0.998073,0,0.86366,0.04958,51.820,0.099,-1,400.000,-1,400.000,-1,325.000,325.000,300.000,300.000,-1,700.000,650.000,-1,-1,800.000,-1,-1,2,0,2,0,2,0,0,0,0,2,0,0,2,2,0,2,2
93,-11249.628,-8762.624,-240.248,-134.726,-0.704414,0.709789,-0.000675,-0.708451,-0.703026,0.062071,0.043582,0.044202,0.998072,0,0.86743,0.05461,52.046,0.109,-1,400.000,-1,400.000,-1,325.000,325.000,300.000,300.000,-1,725.000,700.000,-1,-1,825.000,-1,-1,2,0,2,0,2,0,0,0,0,2,0,0,2,2,0,2,2
94,-11286.324,-8799.829,-238.029,-134.606,-0.702936,0.711253,-0.000975,-0.709920,-0.701534,0.062162,0.043529,0.044388,0.998066,0,0.87097,0.05993,52.258,0.120,-1,400.000,-1,400.000,-1,325.000,325.000,300.000,300.000,-1,800.000,750.000,-1,-1,825.000,-1,-1,2,0,2,0,2,0,0,0,0,2,0,0,2,2,0,2,2
95,-11323.073,-8837.259,-235.786,-134.475,-0.701313,0.712852,-0.001173,-0.711522,-0.699902,0.062248,0.043553,0.044490,0.998060,0,0.87424,0.06554,52.454,0.131,-1,400.000,-1,400.000,-1,325.000,325.000,300.000,300.000,-1,850.000,800.000,-1,-1,825.000,-1,-1,2,0,2,0,2,0,0,0,0,2,0,0,2,2,0,2,2
96,-11361.340,-8876.086,-233.496,-134.584,-0.702676,0.711509,-0.001473,-0.710190,-0.701244,0.062349,0.043329,0.044858,0.998053,0,0.90858,-0.05446,54.515,-0.109,-1,400.000,-1,400.000,-1,325.000,325.000,300.000,300.000,-1,900.000,850.000,-1,-1,825.000,-1,-1,2,0,2,0,2,0,0,0,0,2,0,0,2,2,0,2,2
97,-11399.943,-8914.780,-231.221,-134.933,-0.707009,0.707202,-0.001999,-0.705910,-0.705541,0.062480,0.042775,0.045585,0.998044,0,0.91095,-0.17446,54.657,-0.349,-1,500.000,-1,400.000,-1,325.000,325.000,300.000,300.000,-1,975.000,925.000,-1,-1,850.000,-1,-1,2,1,2,0,2,0,0,0,0,2,0,0,2,2,0,2,2
98,-11439.005,-8953.138,-228.987,-135.522,-0.714256,0.699880,-0.002708,-0.698631,-0.712739,0.062592,0.041877,0.046599,0.998036,0,0.91244,-0.29446,54.746,-0.589,-1,550.000,-1,400.000,-1,325.000,325.000,300.000,300.000,-1,-1,1000.000,-1,-1,850.000,-1,-1,2,1,2,0,2,0,0,0,0,2,2,0,2,2,0,2,2
99,-11478.636,-8990.944,-226.969,-136.350,-0.724301,0.689475,-0.003420,-0.688309,-0.722769,0.061940,0.040234,0.047217,0.998074,0,0.91287,-0.41446,54.772,-0.829,-1,550.000,-1,400.000,-1,325.000,325.000,300.000,300.000,-1,-1,-1,-1,-1,850.000,-1,-1,2,1,2,0,2,0,0,0,0,2,2,2,2,2,0,2,2
100,-11522.501,-9031.252,-224.892,-137.419,-0.737027,0.675849,-0.004286,-0.674787,-0.735481,0.061080,0.038128,0.047910,0.998124,0,0.99287,-0.53446,59.572,-1.069,-1,550.000,-1,400.000,-1,325.000,325.000,300.000,300.000,-1,-1,-1,-1,-1,850.000,-1,-1,2,1,2,0,2,0,0,0,0,2,2,2,2,2,0,2,2
101,-11567.596,-9070.830,-222.916,-138.728,-0.752255,0.658852,-0.005253,-0.657912,-0.750704,0.059958,0.035560,0.048560,0.998187,0,1.00000,-0.65446,60.000,-1.309,-1,525.000,-1,400.000,-1,350.000,325.000,300.000,300.000,-1,-1,-1,-1,-1,850.000,-1,-1,2,1,2,0,2,1,0,1,0,2,2,2,2,2,0,2,2
102,-11613.573,-9109.381,-222.252,-140.017,-0.766727,0.641944,-0.006192,-0.641332,-0.765492,0.052108,0.028711,0.043924,0.998622,0,1.00000,-0.64418,60.000,-1.288,-1,475.000,-1,400.000,-1,350.000,325.000,450.000,300.000,-1,-1,-1,-1,-1,825.000,-1,-1,2,1,2,0,2,1,0,1,0,2,2,2,2,2,0,2,2
103,-11660.356,-9146.948,-223.154,-141.229,-0.779905,0.625853,-0.007533,-0.625663,-0.779225,0.036803,0.017163,0.033416,0.999294,0,1.00000,-0.60638,60.000,-1.213,-1,425.000,-1,375.000,-1,325.000,300.000,550.000,300.000,-1,-1,-1,-1,875.000,750.000,-1,-1,2,1,2,0,2,1,0,1,0,2,2,2,2,0,0,2,2
104,-11707.326,-9183.161,-223.437,-142.364,-0.792013,0.610431,-0.009472,-0.610450,-0.791641,0.025600,0.008128,0.026058,0.999627,0,0.98849,-0.56742,59.309,-1.135,-1,400.000,-1,375.000,-1,300.000,300.000,675.000,300.000,-1,-1,-1,-1,800.000,725.000,-1,-1,2,1,2,0,2,1,0,1,0,2,2,2,2,0,0,2,2
105,-11754.020,-9217.812,-223.121,-143.420,-0.803049,0.595801,-0.011576,-0.595911,-0.802843,0.018263,0.001588,0.021565,0.999766,0,0.96910,-0.52802,58.146,-1.056,-1,375.000,-1,350.000,-1,300.000,300.000,800.000,300.000,-1,-1,-1,-1,750.000,700.000,-1,-1,2,0,2,0,2,0,0,1,0,2,2,2,2,0,0,2,2
106,-11800.233,-9250.898,-222.258,-144.398,-0.813049,0.582036,-0.013639,-0.582189,-0.812926,0.014398,-0.002707,0.019647,0.999803,0,0.94728,-0.48893,56.837,-0.978,-1,350.000,-1,350.000,-1,300.000,275.000,950.000,300.000,-1,-1,-1,-1,725.000,700.000,-1,-1,2,0,2,0,2,0,0,1,0,2,2,2,2,0,0,2,2
107,-11845.822,-9282.400,-220.895,-145.355,-0.822624,0.568371,-0.015624,-0.568563,-0.822526,0.013710,-0.005059,0.020161,0.999784,0,0.92356,-0.47852,55.414,-0.957,-1,375.000,-1,350.000,-1,300.000,300.000,-1,300.000,-1,-1,-1,-1,725.000,675.000,-1,-1,2,0,2,0,2,0,0,2,0,2,2,2,2,0,0,2,2
108,-11890.658,-9312.302,-219.116,-146.301,-0.831882,0.554681,-0.017380,-0.554925,-0.831746,0.016039,-0.005559,0.022988,0.999720,0,0.89820,-0.47295,53.892,-0.946,-1,375.000,-1,350.000,-1,300.000,300.000,-1,300.000,-1,-1,-1,-1,750.000,675.000,-1,-1,2,0,2,0,2,0,0,2,0,2,2,2,2,0,0,2,2
109,-11934.645,-9340.608,-217.112,-147.239,-0.840875,0.540927,-0.018097,-0.541216,-0.840626,0.020825,-0.003948,0.027306,0.999619,0,0.87180,-0.46915,52.308,-0.938,-1,375.000,-1,375.000,-1,300.000,300.000,-1,300.000,-1,-1,-1,-1,850.000,700.000,-1,-1,2,0,2,0,2,0,0,2,0,2,2,2,2,1,0,2,2
110,-11977.719,-9367.346,-214.827,-148.174,-0.849636,0.527056,-0.018208,-0.527370,-0.849178,0.027893,-0.000761,0.033301,0.999445,0,0.84497,-0.46704,50.698,-0.934,-1,400.000,-1,375.000,-1,325.000,300.000,-1,300.000,-1,-1,-1,-1,900.000,700.000,-1,-1,2,0,2,0,2,0,0,2,0,2,2,2,2,1,0,2,2
111,-12019.852,-9392.557,-213.443,-149.107,-0.858124,0.513109,-0.018533,-0.513443,-0.857565,0.030960,-0.000007,0.036083,0.999349,0,0.81832,-0.46651,49.099,-0.933,-1,425.000,-1,375.000,-1,325.000,325.000,-1,300.000,-1,-1,-1,-1,900.000,700.000,-1,-1,2,0,2,0,2,0,0,2,0,2,2,2,2,0,0,2,2
112,-12061.043,-9416.298,-213.119,-150.041,-0.866345,0.499068,-0.019408,-0.499441,-0.865857,0.029156,-0.002253,0.034952,0.999386,0,0.79237,-0.46744,47.542,-0.935,-1,425.000,-1,375.000,-1,325.000,325.000,-1,300.000,-1,-1,-1,-1,875.000,700.000,-1,-1,2,0,2,0,2,0,0,2,0,2,2,2,2,0,0,2,2
113,-12101.315,-9438.637,-213.629,-150.981,-0.874427,0.484872,-0.016644,-0.485153,-0.874041,0.026033,-0.001925,0.030839,0.999523,0,0.76755,-0.46969,46.053,-0.939,-1,425.000,-1,375.000,-1,325.000,325.000,-1,300.000,-1,-1,-1,-1,850.000,700.000,-1,-1,2,0,2,0,2,0,0,2,0,2,2,2,2,0,0,2,2
114,-12140.714,-9459.647,-215.659,-151.927,-0.882377,0.470492,-0.007020,-0.470533,-0.882156,0.019980,0.003208,0.020933,0.999776,0,0.74418,-0.47313,44.651,-0.946,-1,425.000,-1,400.000,-1,325.000,325.000,-1,300.000,-1,-1,-1,-1,850.000,725.000,-1,-1,2,0,2,0,2,0,0,2,0,2,2,2,2,0,0,2,2
115,-12179.298,-9479.404,-217.279,-152.882,-0.890092,0.455780,0.000238,-0.455728,-0.889997,0.014736,0.006928,0.013008,0.999891,0,0.72248,-0.47763,43.349,-0.955,-1,425.000,-1,400.000,-1,325.000,325.000,-1,325.000,-1,0.000,-1,-1,850.000,750.000,-1,-1,2,0,2,0,2,0,0,2,0,2,0,2,2,0,0,2,2
116,-12217.138,-9497.983,-218.522,-153.849,-0.897621,0.440736,0.005355,-0.440669,-0.897610,0.010312,0.009352,0.006897,0.999932,0,0.70257,-0.48307,42.154,-0.966,-1,425.000,-1,400.000,-1,325.000,325.000,-1,325.000,-1,0.000,-1,-1,825.000,750.000,-1,-1,2,0,2,0,2,0,0,2,0,2,0,2,2,0,0,2,2
117,-12254.309,-9515.453,-219.419,-154.827,-0.904989,0.425348,0.008536,-0.425302,-0.905026,0.006720,0.010584,0.002451,0.999941,0,0.68453,-0.48934,41.072,-0.979,-1,425.000,-1,400.000,-1,350.000,325.000,425.000,325.000,-1,0.000,0.000,-1,825.000,775.000,-1,-1,2,0,2,0,2,0,0,1,0,2,0,0,2,0,0,2,2
118,-12290.893,-9531.878,-219.993,-155.820,-0.912208,0.409606,0.009959,-0.409587,-0.912262,0.003974,0.010713,-0.000454,0.999943,0,0.66836,-0.49636,40.102,-0.993,-1,425.000,-1,400.000,-1,325.000,325.000,300.000,325.000,-1,0.000,0.000,-1,800.000,775.000,-1,-1,2,0,2,0,2,0,0,1,0,2,0,0,2,0,0,2,2
119,-12326.969,-9547.320,-220.269,-156.828,-0.919276,0.393493,0.009786,-0.393492,-0.919326,0.002089,0.009818,-0.001930,0.999950,0,0.65403,-0.50402,39.242,-1.008,-1,400.000,-1,400.000,-1,325.000,325.000,275.000,325.000,-1,0.000,0.000,-1,800.000,750.000,-1,-1,2,0,2,0,2,0,0,0,0,2,0,0,2,0,0,2,2
120,-12367.686,-9564.106,-220.153,-157.596,-0.924488,0.381134,0.007646,-0.381137,-0.924518,0.001145,0.007506,-0.001856,0.999970,0,0.73403,-0.38402,44.042,-0.768,-1,400.000,-1,400.000,-1,325.000,325.000,275.000,325.000,-1,0.000,0.000,-1,775.000,750.000,-1,-1,2,0,2,0,2,0,0,0,0,2,1,0,2,0,0,2,2
121,-12410.793,-9581.413,-219.566,-158.124,-0.927984,0.372598,0.004146,-0.372597,-0.927993,0.001086,0.004252,-0.000537,0.999991,0,0.77419,-0.26402,46.451,-0.528,-1,400.000,-1,375.000,-1,325.000,325.000,275.000,325.000,-1,0.000,175.000,-1,750.000,725.000,-1,-1,2,0,2,0,2,0,0,0,0,2,1,0,2,0,0,2,2
122,-12453.558,-9598.335,-218.441,-158.412,-0.929854,0.367928,0.000325,-0.367927,-0.929854,0.001460,0.000839,0.001238,0.999999,0,0.76653,-0.14402,45.992,-0.288,-1,400.000,-1,375.000,-1,325.000,325.000,275.000,325.000,-1,0.000,-1,-1,750.000,700.000,-1,-1,2,0,2,0,2,0,0,0,0,2,1,2,2,0,0,2,2
123,-12496.084,-9615.069,-217.066,-158.520,-0.930535,0.366174,-0.004607,-0.366188,-0.930537,0.002642,-0.003319,0.004146,0.999986,0,0.76166,-0.05392,45.700,-0.108,-1,375.000,-1,375.000,-1,325.000,300.000,300.000,325.000,-1,175.000,-1,-1,725.000,675.000,-1,-1,2,0,2,0,2,0,0,0,0,2,0,2,2,0,0,2,2
124,-12538.499,-9631.647,-215.839,-158.652,-0.931343,0.364018,-0.009526,-0.364066,-0.931365,0.003895,-0.007455,0.007096,0.999947,0,0.75900,-0.06616,45.540,-0.132,-1,375.000,-1,375.000,-1,300.000,300.000,300.000,325.000,-1,-1,-1,-1,700.000,650.000,-1,-1,2,0,2,0,2,0,0,0,0,2,2,2,2,0,0,2,2
125,-12580.876,-9648.076,-216.034,-158.810,-0.932350,0.361459,-0.008371,-0.361484,-0.932377,0.001694,-0.007192,0.004606,0.999964,0,0.75750,-0.07884,45.450,-0.158,-1,375.000,-1,375.000,-1,300.000,300.000,325.000,325.000,-1,-1,-1,-1,700.000,650.000,-1,-1,2,0,2,0,2,0,0,1,0,2,2,2,2,0,0,2,2
126,-12623.282,-9664.359,-215.875,-158.994,-0.933519,0.358466,-0.006605,-0.358482,-0.933536,0.001372,-0.005674,0.003649,0.999977,0,0.75708,-0.09194,45.425,-0.184,-1,375.000,-1,375.000,-1,300.000,300.000,375.000,325.000,-1,-1,-1,-1,700.000,650.000,-1,-1,2,0,2,0,2,0,0,1,0,2,2,2,2,0,0,2,2
127,-12665.782,-9680.499,-215.685,-159.205,-0.934844,0.355028,-0.004730,-0.355037,-0.934851,0.001303,-0.003959,0.002898,0.999988,0,0.75768,-0.10546,45.461,-0.211,-1,375.000,-1,375.000,-1,300.000,300.000,375.000,325.000,-1,-1,-1,-1,700.000,650.000,-1,-1,2,0,2,0,2,0,0,1,0,2,2,2,2,0,0,2,2
128,-12712.840,-9698.153,-215.488,-159.436,-0.936278,0.351251,-0.002606,-0.351255,-0.936279,0.001279,-0.001990,0.002113,0.999996,0,0.83768,-0.11567,50.261,-0.231,-1,375.000,-1,375.000,-1,300.000,300.000,400.000,325.000,-1,-1,-1,-1,700.000,650.000,-1,-1,2,0,2,0,2,0,0,1,0,2,2,2,2,0,0,2,2
129,-12759.806,-9715.537,-215.303,-159.689,-0.937820,0.347123,-0.000436,-0.347123,-0.937819,0.001307,0.000045,0.001377,0.999999,0,0.83466,-0.12624,50.080,-0.252,-1,375.000,-1,375.000,-1,300.000,300.000,375.000,325.000,-1,475.000,-1,-1,700.000,650.000,-1,-1,2,0,2,0,2,0,0,1,0,2,1,2,2,0,0,2,2
130,-12806.690,-9732.635,-215.132,-159.963,-0.939472,0.342622,0.001781,-0.342619,-0.939473,0.001383,0.002147,0.000689,0.999997,0,0.83174,-0.13738,49.904,-0.275,-1,375.000,-1,375.000,-1,300.000,300.000,375.000,325.000,-1,500.000,-1,-1,700.000,650.000,-1,-1,2,0,2,0,2,0,0,1,0,2,1,2,2,0,0,2,2
131,-12853.538,-9749.445,-214.973,-160.261,-0.941235,0.337729,0.004047,-0.337725,-0.941244,0.001503,0.004316,0.000048,0.999991,0,0.82955,-0.14907,49.773,-0.298,-1,375.000,-1,375.000,-1,300.000,300.000,350.000,325.000,-1,400.000,-1,-1,700.000,675.000,-1,-1,2,0,2,0,2,0,0,1,0,2,0,2,2,0,0,2,2
132,-12900.398,-9765.962,-214.826,-160.584,-0.943109,0.332424,0.006364,-0.332420,-0.943130,0.001663,0.006554,-0.000547,0.999978,0,0.82810,-0.16128,49.686,-0.323,-1,375.000,-1,375.000,975.000,325.000,300.000,350.000,325.000,-1,375.000,550.000,-1,700.000,675.000,-1,975.000,2,0,2,0,1,0,0,1,0,2,0,0,2,0,0,2,1
133,-12947.318,-9782.180,-214.691,-160.932,-0.945091,0.326689,0.008735,-0.326686,-0.945131,0.001858,0.008862,-0.001097,0.999960,0,0.82740,-0.17401,49.644,-0.348,-1,375.000,-1,375.000,950.000,325.000,300.000,325.000,325.000,-1,350.000,375.000,-1,700.000,675.000,-1,950.000,2,0,2,0,1,0,0,0,0,2,0,0,2,0,0,2,1
