timestep,x_cm,y_cm,z_cm,yaw_deg,basis_xx,basis_xy,basis_xz,basis_yx,basis_yy,basis_yz,basis_zx,basis_zy,basis_zz,teleport_flag,throttle_cmd,steering_cmd,cmd_move_cm,cmd_turn_deg,lidar_cm_0,lidar_cm_1,lidar_cm_2,lidar_cm_3,lidar_cm_4,lidar_cm_5,lidar_cm_6,lidar_cm_7,lidar_cm_8,lidar_cm_9,lidar_cm_10,lidar_cm_11,lidar_cm_12,lidar_cm_13,lidar_cm_14,lidar_cm_15,lidar_cm_16,lidar_class_0,lidar_class_1,lidar_class_2,lidar_class_3,lidar_class_4,lidar_class_5,lidar_class_6,lidar_class_7,lidar_class_8,lidar_class_9,lidar_class_10,lidar_class_11,lidar_class_12,lidar_class_13,lidar_class_14,lidar_class_15,lidar_class_16
0,-2954.307,4259.532,131.790,-123.185,-0.547269,0.835705,0.045757,-0.836955,-0.546556,-0.027979,0.001627,-0.053609,0.998561,1,0.08000,0.12000,4.800,0.240,-1,375.000,-1,400.000,-1,325.000,325.000,300.000,150.000,-1,550.000,475.000,325.000,725.000,800.000,-1,-1,2,0,2,0,2,0,0,0,1,2,1,1,1,0,0,2,2
1,-2959.492,4251.453,132.805,-122.705,-0.540381,0.840098,0.047169,-0.841420,-0.539434,-0.031996,-0.001435,-0.056979,0.998374,0,0.16000,0.24000,9.600,0.480,-1,375.000,-1,400.000,-1,300.000,325.000,300.000,150.000,-1,575.000,475.000,325.000,700.000,800.000,-1,-1,2,0,2,0,2,0,0,0,1,2,1,1,1,0,0,2,2
2,-2967.116,4239.237,134.221,-121.985,-0.529987,0.846574,0.049258,-0.847986,-0.528688,-0.037537,-0.005736,-0.061664,0.998080,0,0.24000,0.36000,14.400,0.720,-1,375.000,-1,400.000,-1,300.000,325.000,300.000,175.000,-1,575.000,500.000,300.000,675.000,775.000,-1,-1,2,0,2,0,2,0,0,0,1,2,1,1,1,0,0,2,2
3,-2977.017,4222.787,135.889,-121.059,-0.516512,0.854706,0.051900,-0.856212,-0.514754,-0.043937,-0.010838,-0.067131,0.997685,0,0.32000,0.46305,19.200,0.926,-1,350.000,-1,400.000,-1,300.000,325.000,275.000,175.000,-1,600.000,525.000,300.000,650.000,775.000,-1,-1,2,0,2,0,2,0,0,0,1,2,1,1,1,0,0,2,2
4,-2989.058,4202.027,137.525,-120.128,-0.502863,0.862640,0.054601,-0.864222,-0.500621,-0.049984,-0.015784,-0.072322,0.997256,0,0.40000,0.46532,24.000,0.931,-1,350.000,-1,400.000,-1,300.000,325.000,275.000,200.000,-1,625.000,550.000,275.000,650.000,775.000,-1,-1,2,0,2,0,2,0,0,0,1,2,1,1,1,0,0,2,2
5,-3003.100,4176.882,138.995,-119.191,-0.488982,0.870422,0.057114,-0.872060,-0.486285,-0.055120,-0.020204,-0.076760,0.996845,0,0.48000,0.46854,28.800,0.937,-1,350.000,-1,400.000,-1,300.000,325.000,275.000,225.000,-1,650.000,575.000,275.000,625.000,750.000,-1,-1,2,0,2,0,2,0,0,0,1,2,1,1,1,0,0,2,2
6,-3018.997,4147.282,140.148,-118.245,-0.474787,0.878112,0.059130,-0.879782,-0.471734,-0.058741,-0.023687,-0.079911,0.996521,0,0.56000,0.47289,33.600,0.946,975.000,350.000,-1,400.000,-1,300.000,325.000,275.000,275.000,-1,675.000,600.000,275.000,625.000,750.000,-1,-1,0,0,2,0,2,0,0,0,1,2,1,1,1,0,0,2,2
7,-3036.601,4113.155,140.819,-117.288,-0.460179,0.885778,0.060272,-0.887451,-0.456952,-0.060205,-0.025787,-0.081193,0.996365,0,0.64000,0.47858,38.400,0.957,925.000,350.000,-1,400.000,-1,300.000,300.000,275.000,300.000,-1,700.000,650.000,275.000,600.000,750.000,-1,-1,0,0,2,0,2,0,0,0,1,2,1,1,1,0,0,2,2
8,-3054.388,4077.192,140.862,-116.317,-0.445070,0.893465,0.060283,-0.895112,-0.441898,-0.059172,-0.026229,-0.080296,0.996426,0,0.66871,0.48582,40.122,0.972,950.000,350.000,-1,400.000,-1,300.000,325.000,275.000,350.000,-1,725.000,675.000,250.000,600.000,750.000,-1,-1,0,0,2,0,2,0,0,0,1,2,1,1,1,0,0,2,2
9,-3071.204,4041.671,140.285,-115.328,-0.429425,0.901164,0.059139,-0.902754,-0.426520,-0.055816,-0.025075,-0.077356,0.996688,0,0.65501,0.49418,39.301,0.988,-1,350.000,-1,400.000,-1,300.000,325.000,275.000,400.000,-1,775.000,700.000,250.000,625.000,750.000,-1,-1,2,0,2,0,2,0,0,0,1,2,1,1,1,0,0,2,2
10,-3087.103,4006.508,139.127,-114.322,-0.413243,0.908850,0.056770,-0.910346,-0.410781,-0.050298,-0.022393,-0.072465,0.997120,0,0.64319,0.50309,38.591,1.006,-1,350.000,-1,400.000,-1,300.000,325.000,275.000,375.000,-1,775.000,725.000,250.000,625.000,750.000,-1,-1,2,0,2,0,2,0,0,0,0,2,1,1,1,0,0,2,2
11,-3102.133,3971.620,137.402,-113.297,-0.396538,0.916478,0.053153,-0.917836,-0.394640,-0.042859,-0.018303,-0.065781,0.997666,0,0.63315,0.51251,37.989,1.025,-1,375.000,-1,400.000,-1,300.000,325.000,275.000,375.000,-1,800.000,750.000,275.000,650.000,750.000,-1,-1,2,0,2,0,2,0,0,0,0,2,1,1,1,0,0,2,2
12,-3116.336,3936.929,135.156,-112.252,-0.379331,0.924007,0.048164,-0.925173,-0.378062,-0.033536,-0.012779,-0.057281,0.998276,0,0.62478,0.52239,37.487,1.045,-1,375.000,-1,400.000,-1,300.000,325.000,300.000,350.000,-1,825.000,775.000,275.000,700.000,775.000,-1,-1,2,0,2,0,2,0,0,0,0,2,1,1,1,0,0,2,2
13,-3129.744,3902.359,132.407,-111.187,-0.361660,0.931376,0.041726,-0.932291,-0.361009,-0.022473,-0.005867,-0.047029,0.998876,0,0.61799,0.53271,37.079,1.065,-1,375.000,-1,400.000,-1,325.000,325.000,300.000,325.000,-1,850.000,800.000,275.000,725.000,775.000,-1,-1,2,0,2,0,2,0,0,0,0,2,1,1,1,0,0,2,2
14,-3142.381,3867.840,130.173,-110.100,-0.343678,0.938389,0.036205,-0.939087,-0.343400,-0.013828,-0.000543,-0.038752,0.999249,0,0.61267,0.54343,36.760,1.087,-1,400.000,-1,400.000,-1,325.000,325.000,300.000,300.000,-1,850.000,800.000,275.000,775.000,800.000,-1,-1,2,0,2,0,2,0,0,0,0,2,1,1,1,0,0,2,2
15,-3154.267,3833.303,130.098,-108.991,-0.325476,0.944870,0.035855,-0.945549,-0.325176,-0.014064,-0.001629,-0.038481,0.999258,0,0.60874,0.55453,36.525,1.109,-1,400.000,-1,400.000,-1,325.000,325.000,300.000,300.000,-1,875.000,850.000,300.000,775.000,775.000,-1,-1,2,0,2,0,2,0,0,0,0,2,1,1,1,0,0,2,2
16,-3165.420,3798.689,130.005,-107.859,-0.306769,0.951119,0.035574,-0.951780,-0.306449,-0.014267,-0.002668,-0.038235,0.999265,0,0.60612,0.56600,36.367,1.132,-1,400.000,-1,400.000,-1,325.000,325.000,300.000,300.000,-1,900.000,300.000,350.000,775.000,775.000,-1,-1,2,0,2,0,2,0,0,0,0,2,1,1,1,0,0,2,2
17,-3175.848,3763.937,129.881,-106.703,-0.287546,0.957116,0.035298,-0.957760,-0.287207,-0.014458,-0.003700,-0.037965,0.999272,0,0.60472,0.57783,36.283,1.156,-1,400.000,-1,400.000,-1,325.000,325.000,300.000,300.000,-1,950.000,300.000,375.000,775.000,775.000,-1,-1,2,0,2,0,2,0,0,0,0,2,1,1,1,0,0,2,2
18,-3185.554,3728.992,129.725,-105.523,-0.267797,0.962838,0.035028,-0.963464,-0.267438,-0.014639,-0.004727,-0.037668,0.999279,0,0.60448,0.59000,36.269,1.180,-1,400.000,-1,400.000,-1,325.000,325.000,300.000,300.000,-1,975.000,325.000,425.000,775.000,775.000,-1,-1,2,0,2,0,2,0,0,0,0,2,1,1,1,0,0,2,2
19,-3194.536,3693.800,129.537,-104.318,-0.247510,0.968262,0.034762,-0.968868,-0.247133,-0.014811,-0.005750,-0.037345,0.999286,0,0.60533,0.60253,36.320,1.205,-1,400.000,-1,400.000,-1,325.000,325.000,300.000,300.000,-1,1000.000,350.000,450.000,775.000,775.000,-1,-1,2,0,2,0,2,0,0,0,0,2,1,1,1,0,0,2,2
20,-3202.911,3658.519,129.319,-103.353,-0.231184,0.972298,0.034506,-0.972888,-0.230793,-0.014976,-0.006597,-0.037033,0.999292,0,0.60436,0.48253,36.262,0.965,-1,400.000,-1,400.000,-1,325.000,325.000,300.000,300.000,-1,-1,375.000,500.000,775.000,750.000,-1,-1,2,0,2,0,2,0,0,0,0,2,2,1,1,0,0,2,2
21,-3210.884,3622.932,129.077,-102.628,-0.218876,0.975151,0.034259,-0.975726,-0.218473,-0.015137,-0.007276,-0.036740,0.999298,0,0.60781,0.36253,36.469,0.725,-1,400.000,-1,400.000,-1,325.000,325.000,300.000,300.000,-1,-1,400.000,550.000,775.000,750.000,-1,-1,2,0,2,0,2,0,0,0,0,2,2,1,1,0,0,2,2
22,-3218.616,3586.999,128.816,-102.143,-0.210623,0.976975,0.034017,-0.977536,-0.210212,-0.015292,-0.007789,-0.036474,0.999304,0,0.61260,0.24253,36.756,0.485,-1,400.000,-1,400.000,-1,325.000,325.000,300.000,300.000,-1,-1,425.000,600.000,775.000,750.000,-1,-1,2,0,2,0,2,0,0,0,0,2,2,1,1,0,0,2,2
23,-3226.267,3550.685,128.541,-101.898,-0.206450,0.977874,0.033779,-0.978423,-0.206033,-0.015443,-0.008142,-0.036238,0.999310,0,0.61853,0.12253,37.112,0.245,-1,400.000,-1,400.000,-1,325.000,325.000,300.000,300.000,-1,-1,475.000,650.000,775.000,750.000,-1,-1,2,0,2,0,2,0,0,0,0,2,2,1,1,0,0,2,2
24,-3233.886,3513.940,128.257,-101.714,-0.203315,0.978539,0.033538,-0.979077,-0.202893,-0.015588,-0.008449,-0.036006,0.999316,0,0.62544,0.09201,37.526,0.184,-1,400.000,-1,400.000,-1,325.000,325.000,300.000,300.000,-1,-1,500.000,700.000,775.000,750.000,-1,-1,2,0,2,0,2,0,0,0,0,2,2,1,1,0,0,2,2
25,-3241.458,3476.729,127.962,-101.501,-0.199693,0.979293,0.033292,-0.979819,-0.199266,-0.015729,-0.008769,-0.035761,0.999322,0,0.63289,0.10620,37.973,0.212,-1,400.000,-1,400.000,-1,325.000,325.000,300.000,300.000,-1,-1,550.000,775.000,775.000,750.000,-1,-1,2,0,2,0,2,0,0,0,0,2,2,1,1,0,0,2,2
26,-3248.964,3439.027,127.657,-101.260,-0.195573,0.980132,0.033041,-0.980647,-0.195140,-0.015864,-0.009101,-0.035504,0.999328,0,0.64070,0.12068,38.442,0.241,-1,400.000,-1,400.000,-1,325.000,325.000,300.000,300.000,-1,-1,575.000,825.000,775.000,750.000,-1,-1,2,0,2,0,2,0,0,0,0,2,2,1,1,0,0,2,2
27,-3256.386,3400.808,127.339,-100.989,-0.190943,0.981053,0.032785,-0.981556,-0.190507,-0.015994,-0.009446,-0.035234,0.999334,0,0.64888,0.13543,38.933,0.271,-1,400.000,-1,400.000,-1,325.000,325.000,300.000,300.000,-1,-1,625.000,900.000,775.000,725.000,-1,-1,2,0,2,0,2,0,0,0,0,2,2,1,1,0,0,2,2
28,-3263.701,3362.048,127.008,-100.688,-0.185794,0.982050,0.032523,-0.982540,-0.185352,-0.016120,-0.009803,-0.034950,0.999341,0,0.65741,0.15049,39.445,0.301,-1,400.000,-1,400.000,-1,325.000,325.000,300.000,300.000,-1,-1,650.000,975.000,775.000,725.000,-1,-1,2,0,2,0,2,0,0,0,0,2,2,1,1,0,0,2,2
29,-3270.889,3322.720,126.641,-100.357,-0.180110,0.983114,0.032349,-0.983594,-0.179666,-0.016192,-0.010107,-0.034734,0.999345,0,0.66632,0.16584,39.979,0.332,-1,400.000,-1,400.000,-1,325.000,325.000,300.000,300.000,-1,-1,700.000,-1,750.000,725.000,-1,-1,2,0,2,0,2,0,0,0,0,2,2,1,2,0,0,2,2
30,-3277.923,3282.799,126.213,-99.994,-0.173882,0.984234,0.032366,-0.984712,-0.173433,-0.016221,-0.010352,-0.034691,0.999344,0,0.67559,0.18151,40.536,0.363,-1,400.000,-1,375.000,-1,325.000,325.000,300.000,300.000,-1,-1,725.000,-1,750.000,725.000,-1,-1,2,0,2,0,2,0,0,0,0,2,2,1,2,0,0,2,2
31,-3284.779,3242.261,125.759,-99.599,-0.167098,0.985407,0.032435,-0.985884,-0.166644,-0.016225,-0.010583,-0.034688,0.999342,0,0.68524,0.19749,41.114,0.395,-1,400.000,-1,375.000,-1,325.000,325.000,300.000,300.000,-1,-1,775.000,-1,750.000,725.000,-1,-1,2,0,2,0,2,0,0,0,0,2,2,1,2,0,0,2,2
32,-3291.849,3197.438,125.307,-98.964,-0.156171,0.987186,0.032769,-0.987671,-0.155712,-0.016134,-0.010824,-0.034885,0.999333,0,0.75629,0.31749,45.377,0.635,-1,400.000,-1,375.000,-1,325.000,325.000,300.000,300.000,-1,1000.000,825.000,-1,750.000,725.000,-1,-1,2,0,2,0,2,0,0,0,0,2,1,1,2,0,0,2,2
33,-3298.352,3152.212,124.850,-98.183,-0.142717,0.989207,0.033178,-0.989701,-0.142252,-0.015990,-0.011098,-0.035119,0.999322,0,0.76152,0.39017,45.691,0.780,-1,400.000,-1,375.000,-1,325.000,325.000,300.000,300.000,-1,950.000,850.000,-1,750.000,725.000,-1,-1,2,0,2,0,2,0,0,0,0,2,1,1,2,0,0,2,2
34,-3304.264,3106.567,124.369,-97.380,-0.128846,0.991096,0.033590,-0.991599,-0.128374,-0.015834,-0.011381,-0.035348,0.999310,0,0.76711,0.40149,46.026,0.803,-1,400.000,-1,375.000,-1,325.000,325.000,300.000,300.000,-1,975.000,900.000,-1,750.000,725.000,-1,-1,2,0,2,0,2,0,0,0,0,2,1,1,2,0,0,2,2
35,-3309.558,3060.493,123.862,-96.555,-0.114554,0.992835,0.034002,-0.993348,-0.114077,-0.015668,-0.011677,-0.035571,0.999299,0,0.77295,0.41288,46.377,0.826,-1,400.000,-1,375.000,-1,325.000,325.000,300.000,300.000,-1,1000.000,925.000,-1,750.000,700.000,-1,-1,2,0,2,0,2,0,0,0,0,2,1,1,2,0,0,2,2
36,-3314.205,3013.982,123.327,-95.706,-0.099842,0.994408,0.034415,-0.994931,-0.099358,-0.015494,-0.011988,-0.035788,0.999287,0,0.77905,0.42433,46.743,0.849,-1,400.000,-1,375.000,-1,325.000,325.000,300.000,325.000,-1,-1,975.000,-1,750.000,700.000,-1,-1,2,0,2,0,2,0,0,0,0,2,2,1,2,0,0,2,2
37,-3318.176,2967.027,122.762,-94.834,-0.084708,0.995797,0.034828,-0.996330,-0.084218,-0.015314,-0.012316,-0.035997,0.999276,0,0.78538,0.43584,47.123,0.872,-1,400.000,-1,375.000,-1,325.000,325.000,300.000,325.000,-1,-1,-1,-1,750.000,700.000,-1,-1,2,0,2,0,2,0,0,0,0,2,2,2,2,0,0,2,2
38,-3321.441,2919.622,122.165,-93.939,-0.069153,0.996983,0.035239,-0.997526,-0.068656,-0.015129,-0.012664,-0.036198,0.999264,0,0.79196,0.44741,47.517,0.895,-1,400.000,-1,375.000,-1,325.000,325.000,300.000,300.000,-1,-1,-1,-1,750.000,700.000,-1,-1,2,0,2,0,2,0,0,0,0,2,2,2,2,0,0,2,2
39,-3323.967,2871.763,121.534,-93.021,-0.053176,0.997949,0.035647,-0.998500,-0.052672,-0.014943,-0.013035,-0.036388,0.999253,0,0.79876,0.45904,47.926,0.918,-1,400.000,-1,375.000,-1,325.000,325.000,300.000,300.000,-1,-1,-1,-1,750.000,700.000,-1,-1,2,0,2,0,2,0,0,0,0,2,2,2,2,0,0,2,2
40,-3325.721,2823.448,120.867,-92.080,-0.036780,0.998673,0.036053,-0.999233,-0.036267,-0.014758,-0.013431,-0.036568,0.999241,0,0.80579,0.47073,48.347,0.941,-1,400.000,-1,375.000,-1,325.000,325.000,300.000,300.000,-1,-1,-1,-1,725.000,700.000,-1,-1,2,0,2,0,2,0,0,0,0,2,2,2,2,0,0,2,2
41,-3326.670,2774.676,120.162,-91.115,-0.019964,0.999136,0.036454,-0.999705,-0.019444,-0.014577,-0.013856,-0.036734,0.999229,0,0.81302,0.48248,48.781,0.965,-1,400.000,-1,375.000,-1,325.000,325.000,300.000,300.000,-1,-1,-1,-1,725.000,700.000,-1,-1,2,0,2,0,2,0,0,0,0,2,2,2,2,0,0,2,2
42,-3326.974,2730.034,119.494,-90.390,-0.007328,0.999295,0.036817,-0.999873,-0.006800,-0.014421,-0.014160,-0.036918,0.999218,0,0.74404,0.36248,44.643,0.725,-1,375.000,-1,375.000,-1,325.000,325.000,300.000,300.000,-1,-1,-1,-1,725.000,700.000,-1,-1,2,0,2,0,2,0,0,0,0,2,2,2,2,0,0,2,2
43,-3326.899,2685.063,118.810,-89.905,0.001126,0.999308,0.037181,-0.999897,0.001658,-0.014274,-0.014326,-0.037161,0.999207,0,0.74952,0.24248,44.971,0.485,-1,375.000,-1,375.000,-1,325.000,300.000,300.000,300.000,-1,-1,-1,-1,725.000,700.000,-1,-1,2,0,2,0,2,0,0,0,0,2,2,2,2,0,0,2,2
44,-3326.632,2640.154,118.121,-89.660,0.005396,0.999280,0.037547,-0.999882,0.005930,-0.014136,-0.014348,-0.037466,0.999195,0,0.74851,0.12248,44.910,0.245,-1,375.000,-1,375.000,-1,325.000,300.000,300.000,300.000,-1,-1,-1,-1,725.000,700.000,-1,-1,2,0,2,0,2,0,0,0,0,2,2,2,2,0,0,2,2
45,-3326.362,2595.317,117.659,-89.655,0.005495,0.999257,0.038155,-0.999890,0.006016,-0.013559,-0.013779,-0.038076,0.999180,0,0.74730,0.00248,44.838,0.005,-1,375.000,-1,375.000,-1,300.000,300.000,300.000,300.000,-1,-1,-1,-1,725.000,700.000,-1,-1,2,0,2,0,2,0,0,0,0,2,2,2,2,0,0,2,2
46,-3326.273,2549.114,117.343,-89.890,0.001431,0.999249,0.038721,-0.999920,0.001917,-0.012527,-0.012591,-0.038700,0.999172,0,0.77005,-0.11752,46.203,-0.235,-1,375.000,-1,375.000,-1,325.000,300.000,300.000,300.000,-1,-1,-1,-1,725.000,675.000,-1,-1,2,0,2,0,2,0,0,0,0,2,2,2,2,0,0,2,2
47,-3326.567,2503.019,117.045,-90.365,-0.006814,0.999205,0.039275,-0.999914,-0.006368,-0.011487,-0.011228,-0.039350,0.999162,0,0.76826,-0.23752,46.095,-0.475,-1,375.000,-1,375.000,-1,325.000,300.000,300.000,300.000,-1,-1,-1,-1,700.000,675.000,-1,-1,2,0,2,0,2,0,0,0,0,2,2,2,2,0,0,2,2
48,-3327.433,2457.062,116.773,-91.080,-0.019238,0.999021,0.039831,-0.999768,-0.018836,-0.010440,-0.009679,-0.040023,0.999152,0,0.76609,-0.35752,45.965,-0.715,-1,375.000,-1,375.000,-1,325.000,300.000,300.000,300.000,-1,-1,-1,-1,700.000,675.000,-1,-1,2,0,2,0,2,0,0,0,0,2,2,2,2,0,0,2,2
49,-3329.060,2411.278,116.535,-92.035,-0.035836,0.998541,0.040402,-0.999326,-0.035484,-0.009383,-0.007935,-0.040711,0.999139,0,0.76355,-0.47752,45.813,-0.955,-1,375.000,-1,375.000,-1,325.000,300.000,300.000,300.000,-1,-1,-1,-1,700.000,675.000,-1,-1,2,0,2,0,2,0,0,0,0,2,2,2,2,0,0,2,2
50,-3331.631,2365.710,116.339,-93.230,-0.056596,0.997555,0.040999,-0.998379,-0.056301,-0.008316,-0.005987,-0.041404,0.999125,0,0.76067,-0.59752,45.640,-1.195,-1,400.000,-1,375.000,-1,325.000,325.000,300.000,300.000,-1,-1,-1,-1,700.000,675.000,-1,-1,2,0,2,0,2,0,0,0,0,2,2,2,2,0,0,2,2
51,-3335.328,2320.412,116.193,-94.665,-0.081495,0.995804,0.041637,-0.996666,-0.081263,-0.007241,-0.003827,-0.042088,0.999107,0,0.75748,-0.71752,45.449,-1.435,-1,400.000,-1,375.000,-1,325.000,325.000,300.000,300.000,-1,-1,-1,-1,675.000,675.000,-1,-1,2,0,2,0,2,0,0,0,0,2,2,2,2,0,0,2,2
52,-3340.324,2275.444,116.138,-96.340,-0.110492,0.992970,0.042452,-0.993876,-0.110333,-0.006080,-0.001353,-0.042864,0.999080,0,0.75406,-0.83752,45.244,-1.675,-1,375.000,-1,375.000,-1,325.000,325.000,300.000,300.000,-1,900.000,1000.000,-1,675.000,675.000,-1,-1,2,0,2,0,2,0,0,0,0,2,0,0,2,0,0,2,2
53,-3346.643,2230.862,116.155,-98.068,-0.140288,0.989160,0.043374,-0.990110,-0.140208,-0.004902,0.001233,-0.043633,0.999047,0,0.75047,-0.86364,45.028,-1.727,-1,375.000,-1,375.000,-1,325.000,325.000,300.000,300.000,-1,800.000,900.000,-1,675.000,675.000,-1,-1,2,0,2,0,2,0,0,0,0,2,0,0,2,0,0,2,2
54,-3354.270,2186.695,116.242,-99.797,-0.169992,0.984445,0.044383,-0.985438,-0.169996,-0.003728,0.003875,-0.044371,0.999008,0,0.74700,-0.86484,44.820,-1.730,-1,375.000,-1,375.000,-1,325.000,325.000,300.000,300.000,-1,700.000,800.000,-1,675.000,675.000,-1,-1,2,0,2,0,2,0,0,0,0,2,0,0,2,0,0,2,2
55,-3363.190,2142.969,116.399,-101.530,-0.199589,0.978824,0.045479,-0.979858,-0.199681,-0.002564,0.006571,-0.045075,0.998962,0,0.74378,-0.86643,44.627,-1.733,-1,375.000,-1,375.000,-1,300.000,300.000,300.000,300.000,-1,650.000,725.000,-1,650.000,675.000,-1,-1,2,0,2,0,2,0,0,0,0,2,0,0,2,0,0,2,2
56,-3373.391,2099.703,116.629,-103.267,-0.229064,0.972293,0.046659,-0.973367,-0.229249,-0.001418,0.009318,-0.045742,0.998910,0,0.74086,-0.86841,44.452,-1.737,-1,375.000,-1,375.000,-1,300.000,300.000,300.000,300.000,-1,575.000,650.000,-1,650.000,675.000,-1,-1,2,0,2,0,2,0,0,0,0,2,0,0,2,0,0,2,2
57,-3384.863,2056.915,116.933,-105.008,-0.258400,0.964849,0.047924,-0.965962,-0.258683,-0.000296,0.012111,-0.046369,0.998851,0,0.73831,-0.87075,44.299,-1.741,-1,375.000,-1,375.000,-1,300.000,300.000,300.000,300.000,-1,550.000,600.000,-1,650.000,675.000,-1,-1,2,0,2,0,2,0,0,0,0,2,0,0,2,0,0,2,2
58,-3397.597,2014.620,117.632,-106.755,-0.287611,0.956545,0.047968,-0.957634,-0.287985,0.000937,0.014711,-0.045666,0.998848,0,0.73616,-0.87345,44.170,-1.747,-1,375.000,-1,375.000,-1,300.000,300.000,300.000,300.000,-1,525.000,575.000,-1,650.000,675.000,-1,-1,2,0,2,0,2,0,0,0,0,2,0,0,2,0,0,2,2
59,-3411.588,1972.833,118.673,-108.508,-0.316632,0.947366,0.047347,-0.948373,-0.317138,0.003388,0.018225,-0.043830,0.998873,0,0.73445,-0.87648,44.067,-1.753,-1,375.000,-1,375.000,-1,300.000,300.000,300.000,300.000,-1,500.000,550.000,-1,675.000,675.000,-1,-1,2,0,2,0,2,0,0,0,0,2,0,0,2,0,0,2,2
60,-3427.188,1930.024,119.789,-110.021,-0.341436,0.938734,0.046910,-0.939657,-0.342067,0.005900,0.021585,-0.042065,0.998882,0,0.75938,-0.75648,45.563,-1.513,-1,375.000,-1,375.000,-1,300.000,300.000,325.000,300.000,-1,500.000,500.000,-1,675.000,700.000,-1,-1,2,0,2,0,2,0,0,0,0,2,0,0,2,0,0,2,2
61,-3443.723,1887.603,121.017,-111.294,-0.362119,0.930955,0.046817,-0.931810,-0.362857,0.008074,0.024504,-0.040701,0.998871,0,0.75882,-0.63648,45.529,-1.273,-1,375.000,-1,375.000,-1,300.000,300.000,325.000,300.000,-1,500.000,500.000,-1,675.000,700.000,-1,-1,2,0,2,0,2,0,0,0,0,2,0,0,2,0,0,2,2
62,-3461.022,1845.483,122.355,-112.327,-0.378762,0.924298,0.047036,-0.925099,-0.379596,0.009933,0.027036,-0.039751,0.998844,0,0.75888,-0.51648,45.533,-1.033,-1,375.000,-1,375.000,-1,300.000,300.000,325.000,300.000,-1,500.000,475.000,-1,675.000,700.000,-1,-1,2,0,2,0,2,0,0,0,0,2,0,0,2,0,0,2,2
63,-3478.917,1803.572,123.874,-113.120,-0.391403,0.918965,0.048034,-0.919737,-0.392355,0.011927,0.029807,-0.039510,0.998774,0,0.75952,-0.39648,45.571,-0.793,-1,375.000,-1,375.000,-1,300.000,300.000,325.000,300.000,-1,500.000,475.000,-1,700.000,725.000,-1,-1,2,0,2,0,2,0,0,0,0,2,0,0,2,0,0,2,2
64,-3497.242,1761.774,125.407,-113.673,-0.400142,0.915141,0.049026,-0.915882,-0.401208,0.013837,0.032333,-0.039365,0.998702,0,0.76065,-0.27648,45.639,-0.553,-1,375.000,-1,375.000,-1,325.000,325.000,300.000,300.000,-1,475.000,475.000,-1,700.000,725.000,-1,-1,2,0,2,0,2,0,0,0,0,2,0,0,2,0,0,2,2
65,-3515.834,1719.990,126.951,-113.986,-0.405028,0.912937,0.049993,-0.913649,-0.406201,0.015661,0.034605,-0.039333,0.998627,0,0.76222,-0.15648,45.733,-0.313,-1,375.000,-1,375.000,-1,325.000,325.000,300.000,300.000,-1,475.000,475.000,-1,700.000,750.000,-1,-1,2,0,2,0,2,0,0,0,0,2,0,0,2,0,0,2,2
66,-3534.526,1678.123,128.537,-114.059,-0.406087,0.912411,0.050981,-0.913104,-0.407360,0.017272,0.036527,-0.039537,0.998550,0,0.76416,-0.03648,45.850,-0.073,-1,375.000,-1,400.000,-1,325.000,325.000,300.000,300.000,-1,475.000,475.000,-1,700.000,750.000,-1,-1,2,0,2,0,2,0,0,0,0,2,0,0,2,0,0,2,2
67,-3553.150,1636.079,130.129,-113.892,-0.403326,0.913583,0.051906,-0.914259,-0.404693,0.018810,0.038190,-0.039869,0.998475,0,0.76641,0.08352,45.984,0.167,-1,375.000,-1,400.000,-1,325.000,325.000,300.000,300.000,-1,475.000,475.000,-1,725.000,775.000,-1,-1,2,0,2,0,2,0,0,0,0,2,0,0,2,0,0,2,2
68,-3571.535,1593.766,131.723,-113.485,-0.396731,0.916418,0.052747,-0.917080,-0.398186,0.020287,0.039594,-0.040325,0.998402,0,0.76890,0.20352,46.134,0.407,-1,375.000,-1,400.000,-1,325.000,325.000,300.000,300.000,-1,475.000,475.000,-1,725.000,775.000,-1,-1,2,0,2,0,2,0,0,0,0,2,0,0,2,0,0,2,2
69,-3589.503,1551.101,133.311,-112.838,-0.386268,0.920834,0.053489,-0.921487,-0.387803,0.021716,0.040740,-0.040901,0.998332,0,0.77158,0.32352,46.295,0.647,-1,375.000,-1,400.000,-1,325.000,325.000,300.000,300.000,-1,475.000,475.000,-1,725.000,800.000,-1,-1,2,0,2,0,2,0,0,0,0,2,0,0,2,0,0,2,2
70,-3606.872,1508.005,134.887,-111.951,-0.371882,0.926701,0.054118,-0.927346,-0.373490,0.023108,0.041626,-0.041593,0.998267,0,0.77440,0.44352,46.464,0.887,-1,375.000,-1,400.000,-1,325.000,325.000,300.000,300.000,-1,450.000,450.000,-1,725.000,800.000,-1,-1,2,0,2,0,2,0,0,0,0,2,0,0,2,0,0,2,2
71,-3623.451,1464.415,136.446,-110.824,-0.353504,0.933837,0.054623,-0.934478,-0.355179,0.024472,0.042254,-0.042393,0.998207,0,0.77729,0.56352,46.637,1.127,-1,400.000,-1,400.000,-1,325.000,325.000,300.000,300.000,-1,450.000,450.000,-1,725.000,800.000,-1,-1,2,0,2,0,2,0,0,0,0,2,0,0,2,0,0,2,2
72,-3639.143,1420.054,138.054,-109.482,-0.331480,0.941877,0.054674,-0.942508,-0.333194,0.025708,0.042430,-0.043009,0.998173,0,0.78425,0.67122,47.055,1.342,-1,400.000,-1,400.000,-1,325.000,325.000,300.000,300.000,-1,450.000,450.000,-1,725.000,825.000,-1,-1,2,0,2,0,2,0,0,0,0,2,0,0,2,0,0,2,2
73,-3653.784,1375.362,139.852,-108.138,-0.309337,0.949444,0.053531,-0.950033,-0.311023,0.026492,0.041802,-0.042662,0.998215,0,0.78382,0.67178,47.029,1.344,-1,400.000,-1,400.000,-1,325.000,325.000,300.000,300.000,-1,475.000,475.000,-1,725.000,825.000,-1,-1,2,0,2,0,2,0,0,0,0,2,0,0,2,0,0,2,2
74,-3667.382,1330.980,141.640,-107.034,-0.291030,0.955287,0.052235,-0.955816,-0.292688,0.027373,0.041438,-0.041961,0.998260,0,0.77363,0.55178,46.418,1.104,-1,400.000,-1,400.000,-1,325.000,325.000,300.000,300.000,-1,500.000,500.000,-1,750.000,825.000,-1,-1,2,0,2,0,2,0,0,0,0,2,0,0,2,0,0,2,2
75,-3680.306,1286.411,143.397,-106.171,-0.276638,0.959624,0.050920,-0.960091,-0.278267,0.028162,0.041195,-0.041097,0.998306,0,0.77343,0.43178,46.406,0.864,-1,400.000,-1,400.000,-1,325.000,325.000,300.000,300.000,-1,525.000,525.000,-1,750.000,825.000,-1,-1,2,0,2,0,2,0,0,0,0,2,0,0,2,0,0,2,2
76,-3692.744,1241.706,145.235,-105.547,-0.266220,0.962621,0.049883,-0.963050,-0.267814,0.028478,0.040773,-0.040458,0.998349,0,0.77338,0.31178,46.403,0.624,-1,400.000,-1,400.000,-1,325.000,325.000,300.000,300.000,-1,575.000,575.000,-1,750.000,825.000,-1,-1,2,0,2,0,2,0,0,0,0,2,0,0,2,0,0,2,2
77,-3704.884,1196.912,147.139,-105.164,-0.259811,0.964411,0.049094,-0.964820,-0.261369,0.028436,0.040255,-0.039979,0.998389,0,0.77349,0.19178,46.410,0.384,-1,400.000,-1,400.000,-1,325.000,325.000,300.000,300.000,-1,650.000,625.000,-1,775.000,825.000,-1,-1,2,0,2,0,2,0,0,0,0,2,0,0,2,0,0,2,2
78,-3716.916,1152.074,149.014,-105.020,-0.257436,0.965089,0.048268,-0.965471,-0.258959,0.028402,0.039910,-0.039290,0.998431,0,0.77375,0.07178,46.425,0.144,-1,400.000,-1,400.000,-1,325.000,325.000,300.000,300.000,-1,700.000,675.000,-1,775.000,850.000,-1,-1,2,0,2,0,2,0,0,0,0,2,0,0,2,0,0,2,2
79,-3729.029,1107.232,150.865,-105.117,-0.259105,0.964685,0.047404,-0.965032,-0.260592,0.028368,0.039719,-0.038396,0.998473,0,0.77414,-0.04822,46.449,-0.096,-1,400.000,-1,400.000,-1,325.000,325.000,300.000,300.000,-1,750.000,725.000,-1,775.000,850.000,-1,-1,2,0,2,0,2,0,0,0,0,2,0,0,2,0,0,2,2
80,-3741.414,1062.434,152.702,-105.453,-0.264811,0.963178,0.046508,-0.963484,-0.266263,0.028329,0.039669,-0.037308,0.998516,0,0.77465,-0.16822,46.479,-0.336,-1,400.000,-1,400.000,-1,325.000,325.000,300.000,300.000,-1,825.000,800.000,-1,775.000,850.000,-1,-1,2,0,2,0,2,0,0,0,0,2,0,0,2,0,0,2,2
81,-3754.250,1017.753,154.528,-106.029,-0.274520,0.960500,0.045586,-0.960760,-0.275937,0.028279,0.039741,-0.036034,0.998560,0,0.77481,-0.28775,46.489,-0.576,-1,400.000,-1,400.000,-1,325.000,325.000,300.000,300.000,-1,875.000,850.000,-1,800.000,850.000,-1,-1,2,0,2,0,2,0,0,0,0,2,0,0,2,0,0,2,2
82,-3767.535,973.203,156.345,-106.604,-0.284205,0.957724,0.044642,-0.957938,-0.285584,0.028215,0.039771,-0.034746,0.998605,0,0.77481,-0.28775,46.489,-0.576,-1,400.000,-1,400.000,-1,325.000,325.000,300.000,300.000,-1,950.000,900.000,-1,800.000,850.000,-1,-1,2,0,2,0,2,0,0,0,0,2,0,0,2,0,0,2,2
83,-3781.267,928.788,158.150,-107.180,-0.293862,0.954849,0.043679,-0.955021,-0.295202,0.028129,0.039753,-0.033449,0.998650,0,0.77481,-0.28775,46.489,-0.576,-1,400.000,-1,400.000,-1,325.000,325.000,300.000,300.000,-1,-1,975.000,-1,800.000,850.000,-1,-1,2,0,2,0,2,0,0,0,0,2,2,0,2,0,0,2,2
84,-3795.444,884.514,159.937,-107.755,-0.303493,0.951876,0.042709,-0.952008,-0.304791,0.028001,0.039671,-0.032161,0.998695,0,0.77481,-0.28775,46.489,-0.576,-1,400.000,-1,400.000,-1,325.000,325.000,300.000,300.000,-1,-1,-1,-1,800.000,850.000,-1,-1,2,0,2,0,2,0,0,0,0,2,2,2,2,0,0,2,2
85,-3810.065,840.384,161.705,-108.331,-0.313094,0.948805,0.041731,-0.948899,-0.314349,0.027831,0.039524,-0.030885,0.998741,0,0.77481,-0.28775,46.489,-0.576,-1,400.000,-1,425.000,-1,325.000,325.000,300.000,300.000,-1,-1,-1,-1,800.000,850.000,-1,-1,2,0,2,0,2,0,0,0,0,2,2,2,2,0,0,2,2
86,-3825.128,796.404,163.452,-108.906,-0.322665,0.945636,0.040743,-0.945696,-0.323876,0.027617,0.039311,-0.029620,0.998788,0,0.77481,-0.28775,46.489,-0.576,-1,400.000,-1,425.000,-1,325.000,325.000,300.000,300.000,-1,-1,-1,-1,825.000,850.000,-1,-1,2,0,2,0,2,0,0,0,0,2,2,2,2,0,0,2,2
87,-3840.633,752.577,165.201,-109.482,-0.332212,0.942372,0.039623,-0.942400,-0.333371,0.027316,0.038951,-0.028266,0.998841,0,0.77481,-0.28775,46.489,-0.576,-1,400.000,-1,425.000,-1,325.000,325.000,300.000,300.000,-1,-1,-1,-1,825.000,825.000,-1,-1,2,0,2,0,2,0,0,0,0,2,2,2,2,0,0,2,2
88,-3856.577,708.908,166.887,-110.057,-0.341735,0.939007,0.038524,-0.939021,-0.342831,0.026589,0.038174,-0.027089,0.998904,0,0.77481,-0.28775,46.489,-0.576,-1,400.000,-1,425.000,-1,325.000,325.000,300.000,300.000,-1,-1,-1,-1,825.000,825.000,-1,-1,2,0,2,0,2,0,0,0,0,2,2,2,2,0,0,2,2
89,-3872.958,665.401,168.434,-110.633,-0.351220,0.935533,0.037710,-0.935563,-0.352252,0.025316,0.036968,-0.026389,0.998968,0,0.77481,-0.28775,46.489,-0.576,-1,400.000,-1,400.000,-1,325.000,325.000,300.000,300.000,-1,-1,-1,-1,825.000,825.000,-1,-1,2,0,2,0,2,0,0,0,0,2,2,2,2,0,0,2,2
90,-3889.776,622.061,169.967,-111.208,-0.360671,0.931966,0.036829,-0.932008,-0.361638,0.024066,0.035747,-0.025645,0.999032,0,0.77481,-0.28775,46.489,-0.576,-1,400.000,-1,400.000,-1,325.000,325.000,300.000,300.000,-1,-1,-1,-1,825.000,800.000,-1,-1,2,0,2,0,2,0,0,0,0,2,2,2,2,0,0,2,2
91,-3907.028,578.892,171.488,-111.784,-0.370085,0.928305,0.035886,-0.928357,-0.370988,0.022830,0.034507,-0.024866,0.999095,0,0.77481,-0.28775,46.489,-0.576,-1,400.000,-1,400.000,-1,325.000,325.000,300.000,300.000,-1,-1,-1,-1,825.000,800.000,-1,-1,2,0,2,0,2,0,0,0,0,2,2,2,2,0,0,2,2
92,-3924.713,535.899,173.034,-112.359,-0.379452,0.924547,0.035056,-0.924609,-0.380300,0.021670,0.033367,-0.024190,0.999150,0,0.77481,-0.28775,46.489,-0.576,-1,400.000,-1,400.000,-1,325.000,325.000,300.000,300.000,-1,-1,-1,-1,825.000,800.000,-1,-1,2,0,2,0,2,0,0,0,0,2,2,2,2,0,0,2,2
93,-3942.828,493.085,174.593,-112.935,-0.388775,0.920694,0.034303,-0.920765,-0.389573,0.020592,0.032322,-0.023579,0.999199,0,0.77481,-0.28775,46.489,-0.576,-1,400.000,-1,400.000,-1,325.000,325.000,300.000,300.000,-1,-1,-1,-1,800.000,800.000,-1,-1,2,0,2,0,2,0,0,0,0,2,2,2,2,0,0,2,2
94,-3961.373,450.456,176.145,-113.510,-0.398056,0.916748,0.033541,-0.916826,-0.398807,0.019571,0.031318,-0.022961,0.999246,0,0.77481,-0.28775,46.489,-0.576,-1,400.000,-1,400.000,-1,325.000,325.000,300.000,300.000,-1,-1,-1,-1,800.000,775.000,-1,-1,2,0,2,0,2,0,0,0,0,2,2,2,2,0,0,2,2
95,-3980.346,408.015,177.689,-114.086,-0.407295,0.912708,0.032773,-0.912792,-0.408000,0.018610,0.030357,-0.022335,0.999290,0,0.77481,-0.28775,46.489,-0.576,-1,400.000,-1,400.000,-1,325.000,325.000,300.000,300.000,-1,-1,-1,-1,800.000,775.000,-1,-1,2,0,2,0,2,0,0,0,0,2,2,2,2,0,0,2,2
96,-3999.743,365.766,179.224,-114.661,-0.416490,0.908577,0.032007,-0.908664,-0.417153,0.017713,0.029445,-0.021707,0.999331,0,0.77481,-0.28775,46.489,-0.576,-1,400.000,-1,400.000,-1,325.000,325.000,300.000,300.000,-1,-1,-1,-1,800.000,775.000,-1,-1,2,0,2,0,2,0,0,0,0,2,2,2,2,0,0,2,2
97,-4019.564,323.715,180.744,-115.237,-0.425638,0.904353,0.031270,-0.904441,-0.426264,0.016886,0.028600,-0.021095,0.999368,0,0.77481,-0.28775,46.489,-0.576,-1,400.000,-1,400.000,-1,325.000,325.000,300.000,300.000,-1,-1,-1,-1,800.000,750.000,-1,-1,2,0,2,0,2,0,0,0,0,2,2,2,2,0,0,2,2
98,-4039.806,281.865,182.246,-115.812,-0.434741,0.900037,0.030567,-0.900126,-0.435331,0.016130,0.027824,-0.020501,0.999403,0,0.77481,-0.28775,46.489,-0.576,-1,400.000,-1,400.000,-1,325.000,325.000,300.000,300.000,-1,-1,-1,-1,800.000,750.000,-1,-1,2,0,2,0,2,0,0,0,0,2,2,2,2,0,0,2,2
99,-4062.408,235.825,183.872,-116.148,-0.440042,0.897481,0.029855,-0.897572,-0.440598,0.015383,0.026960,-0.020028,0.999436,0,0.85481,-0.16775,51.289,-0.336,-1,400.000,-1,400.000,-1,325.000,325.000,300.000,300.000,-1,-1,-1,-1,800.000,750.000,-1,-1,2,0,2,0,2,0,0,0,0,2,2,2,2,0,0,2,2
100,-4086.378,187.205,185.547,-116.243,-0.441572,0.896751,0.029172,-0.896847,-0.442097,0.014692,0.026072,-0.019675,0.999466,0,0.90346,-0.04775,54.208,-0.096,-1,400.000,-1,400.000,-1,325.000,325.000,300.000,300.000,-1,-1,-1,-1,775.000,750.000,-1,-1,2,0,2,0,2,0,0,0,0,2,2,2,2,0,0,2,2
101,-4110.277,138.418,187.085,-116.099,-0.439322,0.897861,0.029009,-0.897967,-0.439833,0.014205,0.025513,-0.019808,0.999478,0,0.90543,0.07225,54.326,0.144,-1,400.000,-1,400.000,-1,325.000,325.000,300.000,300.000,-1,-1,-1,-1,775.000,725.000,-1,-1,2,0,2,0,2,0,0,0,0,2,2,2,2,0,0,2,2
102,-4133.895,89.375,188.471,-115.714,-0.433278,0.900781,0.029393,-0.900905,-0.433792,0.013943,0.025310,-0.020439,0.999471,0,0.90723,0.19225,54.434,0.384,-1,400.000,-1,400.000,-1,325.000,325.000,300.000,300.000,-1,-1,-1,-1,775.000,725.000,-1,-1,2,0,2,0,2,0,0,0,0,2,2,2,2,0,0,2,2
103,-4157.019,39.986,189.740,-115.090,-0.423426,0.905437,0.029893,-0.905591,-0.423940,0.013407,0.024813,-0.021394,0.999463,0,0.90891,0.31225,54.534,0.624,-1,400.000,-1,400.000,-1,325.000,325.000,300.000,300.000,-1,-1,-1,-1,775.000,725.000,-1,-1,2,0,2,0,2,0,0,0,0,2,2,2,2,0,0,2,2
104,-4179.556,-9.779,190.987,-114.364,-0.411917,0.910714,0.030392,-0.910898,-0.412430,0.012873,0.024258,-0.022382,0.999455,0,0.91051,0.36285,54.631,0.726,-1,400.000,-1,375.000,-1,325.000,325.000,300.000,300.000,-1,-1,-1,-1,775.000,725.000,-1,-1,2,0,2,0,2,0,0,0,0,2,2,2,2,0,0,2,2
105,-4201.490,-59.913,192.276,-113.630,-0.400216,0.915898,0.030965,-0.916117,-0.400725,0.012208,0.023590,-0.023481,0.999446,0,0.91203,0.36682,54.722,0.734,-1,400.000,-1,375.000,-1,325.000,325.000,300.000,300.000,-1,-1,-1,-1,775.000,725.000,-1,-1,2,0,2,0,2,0,0,0,0,2,2,2,2,0,0,2,2
106,-4222.807,-110.405,193.546,-112.889,-0.388322,0.920985,0.031487,-0.921237,-0.388827,0.011654,0.022976,-0.024481,0.999436,0,0.91346,0.37081,54.807,0.742,-1,400.000,-1,375.000,-1,325.000,325.000,300.000,300.000,-1,-1,-1,-1,775.000,725.000,-1,-1,2,0,2,0,2,0,0,0,0,2,2,2,2,0,0,2,2
107,-4243.491,-161.244,194.852,-112.139,-0.376227,0.925968,0.032190,-0.926253,-0.376734,0.011238,0.022533,-0.025588,0.999419,0,0.91477,0.37482,54.886,0.750,-1,400.000,-1,375.000,-1,325.000,325.000,300.000,300.000,-1,-1,-1,-1,775.000,725.000,-1,-1,2,0,2,0,2,0,0,0,0,2,2,2,2,0,0,2,2
108,-4263.527,-212.421,196.169,-111.381,-0.363934,0.930841,0.032963,-0.931161,-0.364446,0.010930,0.022187,-0.026716,0.999397,0,0.91598,0.37883,54.959,0.758,-1,400.000,-1,375.000,-1,325.000,325.000,300.000,300.000,-1,-1,-1,-1,775.000,725.000,-1,-1,2,0,2,0,2,0,0,0,0,2,2,2,2,0,0,2,2
109,-4282.901,-263.921,197.481,-110.616,-0.351444,0.935601,0.033737,-0.935953,-0.351963,0.010708,0.021892,-0.027813,0.999373,0,0.91707,0.38286,55.024,0.766,-1,400.000,-1,375.000,-1,325.000,325.000,300.000,300.000,-1,-1,-1,-1,775.000,725.000,-1,-1,2,0,2,0,2,0,0,0,0,2,2,2,2,0,0,2,2
110,-4301.597,-315.734,198.787,-109.842,-0.338759,0.940240,0.034509,-0.940624,-0.339285,0.010568,0.021645,-0.028880,0.999348,0,0.91805,0.38690,55.083,0.774,-1,400.000,-1,375.000,-1,325.000,325.000,300.000,300.000,-1,-1,-1,-1,775.000,725.000,-1,-1,2,0,2,0,2,0,0,0,0,2,2,2,2,0,0,2,2
111,-4319.601,-367.846,200.084,-109.060,-0.325878,0.944754,0.035277,-0.945169,-0.326413,0.010507,0.021442,-0.029918,0.999322,0,0.91891,0.39094,55.135,0.782,-1,400.000,-1,375.000,-1,325.000,325.000,300.000,300.000,-1,-1,-1,-1,775.000,725.000,-1,-1,2,0,2,0,2,0,0,0,0,2,2,2,2,0,0,2,2
112,-4336.900,-420.244,201.372,-108.270,-0.312801,0.949135,0.036035,-0.949580,-0.313347,0.010521,0.021277,-0.030928,0.999295,0,0.91965,0.39498,55.179,0.790,-1,400.000,-1,375.000,-1,325.000,325.000,300.000,300.000,-1,-1,-1,-1,775.000,725.000,-1,-1,2,0,2,0,2,0,0,0,0,2,2,2,2,0,0,2,2
113,-4353.477,-472.912,202.647,-107.472,-0.299530,0.953378,0.036783,-0.953852,-0.300088,0.010604,0.021148,-0.031910,0.999267,0,0.92026,0.39902,55.216,0.798,-1,400.000,-1,375.000,-1,325.000,325.000,300.000,300.000,-1,-1,-1,-1,775.000,725.000,-1,-1,2,0,2,0,2,0,0,0,0,2,2,2,2,0,0,2,2
114,-4369.321,-525.836,203.909,-106.666,-0.286065,0.957475,0.037517,-0.957979,-0.286637,0.010752,0.021049,-0.032865,0.999238,0,0.92075,0.40305,55.245,0.806,-1,400.000,-1,375.000,-1,325.000,325.000,300.000,300.000,-1,-1,-1,-1,800.000,750.000,-1,-1,2,0,2,0,2,0,0,0,0,2,2,2,2,0,0,2,2
115,-4384.417,-579.001,205.119,-105.852,-0.272402,0.961417,0.038404,-0.961953,-0.272994,0.011031,0.021089,-0.033938,0.999201,0,0.92111,0.40706,55.267,0.814,1000.000,400.000,-1,375.000,-1,325.000,325.000,300.000,300.000,-1,-1,-1,-1,800.000,750.000,-1,-1,1,0,2,0,2,0,0,0,0,2,2,2,2,0,0,2,2
116,-4398.751,-632.391,206.199,-105.030,-0.258538,0.965184,0.039715,-0.965770,-0.259157,0.011248,0.021149,-0.035448,0.999148,0,0.92135,0.41107,55.281,0.822,950.000,400.000,-1,400.000,-1,325.000,325.000,300.000,300.000,-1,-1,-1,-1,800.000,750.000,-1,-1,1,0,2,0,2,0,0,0,0,2,2,2,2,0,0,2,2
117,-4412.313,-685.989,207.236,-104.200,-0.244496,0.968781,0.041059,-0.969421,-0.245140,0.011361,0.021072,-0.037026,0.999092,0,0.92145,0.41486,55.287,0.830,925.000,400.000,-1,400.000,-1,325.000,325.000,300.000,300.000,-1,-1,-1,-1,825.000,775.000,-1,-1,1,0,2,0,2,0,0,0,0,2,2,2,2,0,0,2,2
118,-4425.091,-739.778,208.261,-103.364,-0.230316,0.972198,0.042268,-0.972896,-0.230969,0.011217,0.020668,-0.038539,0.999043,0,0.92143,0.41789,55.286,0.836,875.000,400.000,-1,400.000,-1,325.000,325.000,300.000,300.000,-1,-1,-1,-1,825.000,775.000,-1,-1,1,0,2,0,2,0,0,0,0,2,2,2,2,0,0,2,2
119,-4437.076,-793.740,209.152,-102.523,-0.216021,0.975447,0.042884,-0.976189,-0.216657,0.010716,0.019744,-0.039548,0.999023,0,0.92128,0.42078,55.277,0.842,825.000,400.000,-1,400.000,-1,325.000,325.000,300.000,300.000,-1,-1,-1,-1,825.000,800.000,-1,-1,1,0,2,0,2,0,0,0,0,2,2,2,2,0,0,2,2
120,-4448.258,-847.856,210.033,-101.676,-0.201590,0.978505,0.043478,-0.979291,-0.202204,0.010177,0.018750,-0.040526,0.999003,0,0.92100,0.42355,55.260,0.847,775.000,400.000,-1,400.000,-1,325.000,325.000,300.000,300.000,-1,-1,-1,-1,825.000,825.000,-1,-1,1,0,2,0,2,0,0,0,0,2,2,2,2,0,0,2,2
121,-4459.061,-904.034,210.937,-100.886,-0.188096,0.981161,0.044073,-0.981991,-0.188685,0.009585,0.017720,-0.041477,0.998982,0,0.95346,0.39502,57.208,0.790,725.000,400.000,-1,400.000,-1,325.000,325.000,300.000,300.000,-1,-1,-1,-1,850.000,825.000,-1,-1,1,0,2,0,2,0,0,0,0,2,2,2,2,0,0,2,2
122,-4469.118,-960.578,211.832,-100.086,-0.174405,0.983661,0.044654,-0.984534,-0.174966,0.008953,0.016620,-0.042402,0.998962,0,0.95718,0.39984,57.431,0.800,675.000,400.000,-1,400.000,-1,325.000,325.000,300.000,300.000,-1,-1,-1,-1,850.000,850.000,-1,-1,1,0,2,0,2,0,0,0,0,2,2,2,2,0,0,2,2
123,-4478.410,-1017.470,212.716,-99.276,-0.160515,0.985997,0.045227,-0.986913,-0.161043,0.008279,0.015446,-0.043306,0.998942,0,0.96077,0.40481,57.646,0.810,650.000,400.000,-1,400.000,-1,325.000,325.000,300.000,300.000,-1,-1,-1,-1,850.000,875.000,975.000,-1,1,0,2,0,2,0,0,0,0,2,2,2,2,0,0,1,2
124,-4486.917,-1074.693,213.583,-98.456,-0.146420,0.988162,0.045804,-0.989121,-0.146912,0.007555,0.014195,-0.044199,0.998922,0,0.96420,0.40994,57.852,0.820,600.000,400.000,-1,400.000,-1,325.000,325.000,300.000,300.000,-1,-1,-1,-1,850.000,900.000,900.000,-1,1,0,2,0,2,0,0,0,0,2,2,2,2,0,0,1,2
125,-4494.619,-1132.226,214.432,-97.626,-0.132117,0.990148,0.046381,-0.991150,-0.132569,0.006792,0.012874,-0.045073,0.998901,0,0.96745,0.41524,58.047,0.830,550.000,400.000,-1,400.000,-1,325.000,325.000,300.000,300.000,-1,-1,-1,-1,850.000,900.000,825.000,-1,1,0,2,0,2,0,0,0,0,2,2,2,2,0,0,1,2
126,-4501.498,-1190.048,215.262,-96.784,-0.117601,0.991950,0.046962,-0.992994,-0.118009,0.005992,0.011486,-0.045928,0.998879,0,0.97050,0.42074,58.230,0.841,525.000,400.000,-1,400.000,-1,325.000,325.000,300.000,300.000,-1,-1,-1,-1,850.000,925.000,775.000,-1,1,0,2,0,2,0,0,0,0,2,2,2,2,0,0,1,2
127,-4507.684,-1247.155,216.068,-96.183,-0.107221,0.993099,0.047525,-0.994182,-0.107586,0.005179,0.010257,-0.046693,0.998857,0,0.95735,0.30074,57.441,0.601,475.000,425.000,-1,425.000,-1,325.000,325.000,300.000,300.000,-1,-1,-1,-1,850.000,950.000,725.000,-1,1,0,2,0,2,0,0,0,0,2,2,2,2,0,0,1,2
128,-4513.522,-1304.430,216.756,-95.821,-0.100989,0.993703,0.048536,-0.994846,-0.101313,0.004252,0.009143,-0.047857,0.998812,0,0.95954,0.18074,57.572,0.361,450.000,425.000,-1,425.000,-1,350.000,350.000,300.000,300.000,-1,-1,-1,-1,850.000,975.000,675.000,-1,1,0,2,0,2,0,0,0,0,2,2,2,2,0,0,1,2
129,-4519.248,-1361.804,216.905,-95.700,-0.098952,0.993875,0.049207,-0.995064,-0.099202,0.002649,0.007514,-0.048702,0.998785,0,0.96098,0.06074,57.659,0.121,425.000,425.000,-1,425.000,-1,350.000,350.000,300.000,300.000,-1,-1,-1,-1,850.000,1000.000,650.000,-1,1,0,2,0,2,0,0,0,0,2,2,2,2,0,0,1,2
130,-4525.097,-1419.200,216.630,-95.819,-0.101127,0.993703,0.048256,-0.994860,-0.101261,0.000337,0.005221,-0.047973,0.998835,0,0.96155,-0.05926,57.693,-0.119,400.000,425.000,-1,425.000,-1,325.000,350.000,300.000,300.000,-1,-1,-1,-1,850.000,975.000,700.000,-1,1,0,2,0,2,0,0,0,0,2,2,2,2,0,0,1,2
131,-4531.302,-1476.531,216.368,-96.177,-0.107455,0.993083,0.047324,-0.994205,-0.107481,-0.002006,0.003094,-0.047265,0.998878,0,0.96109,-0.17926,57.666,-0.359,375.000,400.000,-1,425.000,-1,325.000,350.000,300.000,300.000,-1,-1,-1,-1,825.000,975.000,800.000,-1,1,0,2,0,2,0,0,0,0,2,2,2,2,0,0,1,2
132,-4538.094,-1533.696,216.125,-96.776,-0.117928,0.991938,0.046387,-0.993021,-0.117852,-0.004380,0.001122,-0.046579,0.998914,0,0.95945,-0.29926,57.567,-0.599,375.000,400.000,-1,425.000,-1,325.000,325.000,300.000,300.000,-1,-1,-1,-1,825.000,975.000,1000.000,-1,1,0,2,0,2,0,0,0,0,2,2,2,2,0,0,1,2
133,-4545.698,-1590.579,215.907,-97.614,-0.132532,0.990138,0.045420,-0.991178,-0.132360,-0.006785,-0.000706,-0.045918,0.998945,0,0.95648,-0.41926,57.389,-0.839,375.000,400.000,-1,425.000,-1,325.000,325.000,275.000,300.000,-1,-1,-1,-1,825.000,975.000,-1,-1,1,0,2,0,2,0,0,1,0,2,2,2,2,0,0,2,2
134,-4554.332,-1647.045,215.719,-98.693,-0.151240,0.987499,0.044397,-0.988494,-0.150978,-0.009222,-0.002404,-0.045281,0.998971,0,0.95203,-0.53926,57.122,-1.079,400.000,400.000,-1,425.000,-1,325.000,325.000,250.000,300.000,-1,-1,-1,-1,825.000,950.000,-1,-1,1,0,2,0,2,0,0,1,0,2,2,2,2,0,0,2,2
135,-4564.199,-1702.942,215.569,-100.011,-0.174014,0.983791,0.043293,-0.984735,-0.173666,-0.011695,-0.003986,-0.044668,0.998994,0,0.94602,-0.65926,56.761,-1.319,475.000,400.000,-1,425.000,-1,325.000,325.000,225.000,300.000,-1,-1,-1,-1,825.000,950.000,-1,-1,1,0,2,0,2,0,0,1,0,2,2,2,2,0,0,2,2
