timestep,x_cm,y_cm,z_cm,yaw_deg,basis_xx,basis_xy,basis_xz,basis_yx,basis_yy,basis_yz,basis_zx,basis_zy,basis_zz,teleport_flag,throttle_cmd,steering_cmd,cmd_move_cm,cmd_turn_deg,lidar_cm_0,lidar_cm_1,lidar_cm_2,lidar_cm_3,lidar_cm_4,lidar_cm_5,lidar_cm_6,lidar_cm_7,lidar_cm_8,lidar_cm_9,lidar_cm_10,lidar_cm_11,lidar_cm_12,lidar_cm_13,lidar_cm_14,lidar_cm_15,lidar_cm_16,lidar_class_0,lidar_class_1,lidar_class_2,lidar_class_3,lidar_class_4,lidar_class_5,lidar_class_6,lidar_class_7,lidar_class_8,lidar_class_9,lidar_class_10,lidar_class_11,lidar_class_12,lidar_class_13,lidar_class_14,lidar_class_15,lidar_class_16
0,-8850.357,-5576.255,173.042,-9.972,0.984866,0.173171,-0.007160,-0.173187,0.984888,-0.001641,0.006767,0.002856,0.999973,1,0.08000,0.12000,4.800,0.240,-1,375.000,-1,375.000,-1,325.000,325.000,300.000,325.000,-1,900.000,850.000,-1,725.000,725.000,-1,-1,2,0,2,0,2,0,0,0,0,2,0,0,2,0,0,2,2
1,-8840.893,-5577.864,173.108,-9.651,0.985820,0.167645,-0.007309,-0.167660,0.985844,-0.001588,0.006940,0.002791,0.999972,0,0.16000,0.16067,9.600,0.321,-1,375.000,-1,375.000,-1,325.000,325.000,300.000,325.000,-1,900.000,825.000,-1,725.000,700.000,-1,-1,2,0,2,0,2,0,0,0,0,2,0,0,2,0,0,2,2
2,-8826.683,-5580.198,173.207,-9.326,0.986753,0.162055,-0.007536,-0.162071,0.986778,-0.001513,0.007191,0.002714,0.999970,0,0.24000,0.16235,14.400,0.325,-1,375.000,-1,375.000,-1,325.000,325.000,300.000,325.000,-1,900.000,825.000,-1,725.000,700.000,-1,-1,2,0,2,0,2,0,0,0,0,2,0,0,2,0,0,2,2
3,-8807.720,-5583.200,173.340,-8.996,0.987669,0.156362,-0.007838,-0.156378,0.987696,-0.001419,0.007520,0.002627,0.999968,0,0.32000,0.16520,19.200,0.330,-1,375.000,-1,375.000,-1,325.000,325.000,300.000,325.000,-1,875.000,825.000,-1,725.000,700.000,-1,-1,2,0,2,0,2,0,0,0,0,2,0,0,2,0,0,2,2
4,-8783.993,-5586.813,173.507,-8.657,0.988572,0.150525,-0.008218,-0.150540,0.988603,-0.001306,0.007928,0.002528,0.999965,0,0.40000,0.16924,24.000,0.338,-1,375.000,-1,375.000,-1,325.000,325.000,300.000,325.000,-1,875.000,825.000,-1,725.000,700.000,-1,-1,2,0,2,0,2,0,0,0,0,2,0,0,2,0,0,2,2
5,-8755.495,-5590.974,173.709,-8.308,0.989467,0.144501,-0.008676,-0.144516,0.989502,-0.001175,0.008415,0.002416,0.999962,0,0.48000,0.17448,28.800,0.349,-1,375.000,-1,375.000,-1,325.000,325.000,300.000,325.000,-1,850.000,825.000,-1,725.000,700.000,-1,-1,2,0,2,0,2,0,0,0,0,2,0,0,2,0,0,2,2
6,-8722.218,-5595.619,173.945,-7.946,0.990355,0.138248,-0.009212,-0.138263,0.990395,-0.001028,0.008981,0.002292,0.999957,0,0.56000,0.18095,33.600,0.362,-1,375.000,-1,375.000,-1,300.000,325.000,300.000,325.000,-1,850.000,800.000,-1,725.000,700.000,-1,-1,2,0,2,0,2,0,0,0,0,2,0,0,2,0,0,2,2
7,-8684.152,-5600.678,174.218,-7.569,0.991238,0.131722,-0.009827,-0.131737,0.991284,-0.000867,0.009627,0.002154,0.999951,0,0.64000,0.18868,38.400,0.377,-1,375.000,-1,375.000,-1,300.000,325.000,300.000,300.000,-1,825.000,800.000,-1,725.000,700.000,-1,-1,2,0,2,0,2,0,0,0,0,2,0,0,2,0,0,2,2
8,-8641.291,-5606.072,174.526,-7.174,0.992116,0.124879,-0.010521,-0.124893,0.992170,-0.000694,0.010352,0.002002,0.999944,0,0.72000,0.19768,43.200,0.395,-1,375.000,-1,375.000,-1,300.000,300.000,300.000,300.000,-1,825.000,800.000,-1,725.000,700.000,-1,-1,2,0,2,0,2,0,0,0,0,2,0,0,2,0,0,2,2
9,-8593.650,-5611.937,174.873,-7.018,0.992443,0.122188,-0.011299,-0.122201,0.992505,-0.000505,0.011153,0.001882,0.999936,0,0.80000,0.07768,48.000,0.155,-1,375.000,-1,375.000,-1,300.000,300.000,300.000,300.000,-1,825.000,800.000,-1,725.000,700.000,-1,-1,2,0,2,0,2,0,0,0,0,2,0,0,2,0,0,2,2
10,-8542.599,-5618.299,175.338,-7.103,0.992251,0.123654,-0.012120,-0.123671,0.992323,-0.000670,0.011944,0.002164,0.999926,0,0.85743,-0.04232,51.446,-0.085,-1,375.000,-1,375.000,-1,300.000,300.000,300.000,300.000,-1,825.000,800.000,-1,725.000,700.000,-1,-1,2,0,2,0,2,0,0,0,0,2,0,0,2,0,0,2,2
11,-8491.570,-5624.951,176.009,-7.428,0.991522,0.129274,-0.013096,-0.129302,0.991604,-0.001305,0.012818,0.002987,0.999913,0,0.85769,-0.16232,51.461,-0.325,-1,375.000,-1,375.000,-1,300.000,300.000,325.000,300.000,-1,825.000,800.000,-1,725.000,700.000,-1,-1,2,0,2,0,2,0,0,0,0,2,0,0,2,0,0,2,2
12,-8440.675,-5632.097,176.982,-7.992,0.990185,0.139040,-0.014220,-0.139066,0.990283,-0.000855,0.013963,0.002824,0.999899,0,0.85657,-0.28232,51.394,-0.565,-1,375.000,-1,375.000,-1,300.000,300.000,325.000,300.000,-1,825.000,825.000,-1,725.000,700.000,-1,-1,2,0,2,0,2,0,0,0,0,2,0,0,2,0,0,2,2
13,-8390.042,-5639.933,177.969,-8.797,0.988117,0.152933,-0.015387,-0.152957,0.988233,-0.000407,0.015144,0.002755,0.999882,0,0.85393,-0.40232,51.236,-0.805,-1,375.000,-1,375.000,-1,300.000,300.000,325.000,300.000,-1,850.000,825.000,-1,725.000,700.000,-1,-1,2,0,2,0,2,0,0,0,0,2,0,0,2,0,0,2,2
14,-8339.813,-5648.646,178.962,-9.842,0.985145,0.170924,-0.016583,-0.170947,0.985280,0.000015,0.016341,0.002819,0.999862,0,0.84965,-0.52232,50.979,-1.045,-1,375.000,-1,375.000,-1,300.000,300.000,325.000,300.000,-1,800.000,800.000,-1,725.000,700.000,-1,-1,2,0,2,0,2,0,0,0,0,2,0,0,2,0,0,2,2
15,-8290.145,-5658.415,179.959,-11.126,0.981043,0.192970,-0.017812,-0.192993,0.981200,0.000418,0.017558,0.003028,0.999841,0,0.84366,-0.64232,50.619,-1.285,-1,375.000,-1,375.000,-1,300.000,300.000,325.000,325.000,-1,775.000,775.000,-1,725.000,700.000,-1,-1,2,0,2,0,2,0,0,0,0,2,0,0,2,0,0,2,2
16,-8241.196,-5669.349,180.961,-12.592,0.975761,0.218005,-0.019078,-0.218029,0.975942,0.000810,0.018796,0.003369,0.999818,0,0.83592,-0.73286,50.155,-1.466,-1,375.000,-1,375.000,-1,300.000,300.000,325.000,325.000,-1,750.000,725.000,-1,725.000,700.000,-1,-1,2,0,2,0,2,0,0,0,0,2,0,0,2,0,0,2,2
17,-8193.079,-5681.387,181.966,-14.047,0.969884,0.242713,-0.020370,-0.242740,0.970091,0.001206,0.020054,0.003775,0.999792,0,0.82667,-0.72746,49.600,-1.455,-1,375.000,-1,375.000,-1,325.000,325.000,325.000,325.000,-1,725.000,700.000,-1,725.000,700.000,-1,-1,2,0,2,0,2,0,0,0,0,2,0,0,2,0,0,2,2
18,-8145.859,-5694.477,182.973,-15.493,0.963418,0.267125,-0.021690,-0.267154,0.963653,0.001606,0.021331,0.004248,0.999763,0,0.81668,-0.72327,49.001,-1.447,-1,375.000,-1,375.000,-1,325.000,325.000,325.000,325.000,-1,700.000,675.000,-1,725.000,725.000,-1,-1,2,0,2,0,2,0,0,0,0,2,0,0,2,0,0,2,2
19,-8099.588,-5708.565,183.984,-16.934,0.956365,0.291266,-0.023038,-0.291299,0.956630,0.002008,0.022624,0.004791,0.999733,0,0.80614,-0.72030,48.368,-1.441,-1,375.000,-1,375.000,-1,325.000,325.000,325.000,325.000,-1,700.000,650.000,-1,725.000,725.000,-1,-1,2,0,2,0,2,0,0,0,0,2,0,0,2,0,0,2,2
20,-8054.304,-5723.603,184.997,-18.371,0.948723,0.315164,-0.024415,-0.315201,0.949022,0.002413,0.023931,0.005406,0.999699,0,0.79526,-0.71850,47.715,-1.437,-1,375.000,-1,375.000,-1,325.000,325.000,325.000,325.000,-1,675.000,650.000,-1,725.000,725.000,-1,-1,2,0,2,0,2,0,0,0,0,2,0,0,2,0,0,2,2
21,-8010.033,-5739.548,185.931,-19.807,0.940499,0.338843,-0.025457,-0.338878,0.940825,0.003047,0.024983,0.005761,0.999671,0,0.78424,-0.71786,47.054,-1.436,-1,375.000,-1,375.000,-1,325.000,325.000,325.000,325.000,-1,675.000,625.000,-1,725.000,750.000,-1,-1,2,0,2,0,2,0,0,0,0,2,0,0,2,0,0,2,2
22,-7966.789,-5756.359,186.927,-21.243,0.931683,0.362323,-0.026245,-0.362365,0.932030,0.003313,0.025661,0.006424,0.999650,0,0.77328,-0.71835,46.397,-1.437,-1,375.000,-1,375.000,-1,325.000,325.000,325.000,325.000,-1,675.000,650.000,-1,725.000,750.000,-1,-1,2,0,2,0,2,0,0,0,0,2,0,0,2,0,0,2,2
23,-7924.574,-5774.003,187.994,-22.683,0.922259,0.385625,-0.027050,-0.385683,0.922625,0.003243,0.026208,0.007442,0.999629,0,0.76256,-0.71991,45.754,-1.440,-1,375.000,-1,375.000,-1,325.000,325.000,325.000,325.000,-1,675.000,650.000,-1,725.000,750.000,-1,-1,2,0,2,0,2,0,0,0,0,2,0,0,2,0,0,2,2
24,-7883.382,-5792.453,189.078,-24.128,0.912211,0.408765,-0.027973,-0.408843,0.912599,0.003120,0.026803,0.008591,0.999604,0,0.75225,-0.72250,45.135,-1.445,-1,375.000,-1,375.000,-1,325.000,325.000,325.000,325.000,-1,700.000,650.000,-1,750.000,750.000,-1,-1,2,0,2,0,2,0,0,0,0,2,0,0,2,0,0,2,2
25,-7843.199,-5811.688,190.158,-25.580,0.901527,0.431756,-0.028920,-0.431857,0.901937,0.002995,0.027377,0.009789,0.999577,0,0.74249,-0.72608,44.550,-1.452,-1,375.000,-1,375.000,-1,325.000,325.000,325.000,325.000,-1,700.000,625.000,-1,750.000,750.000,-1,-1,2,0,2,0,2,0,0,0,0,2,0,0,2,0,0,2,2
26,-7804.004,-5831.694,191.237,-27.042,0.890189,0.454609,-0.029894,-0.454734,0.890623,0.002870,0.027929,0.011039,0.999549,0,0.73342,-0.73060,44.005,-1.461,-1,375.000,-1,400.000,-1,325.000,325.000,325.000,300.000,-1,700.000,625.000,-1,750.000,750.000,-1,-1,2,0,2,0,2,0,0,0,0,2,0,0,2,0,0,2,2
27,-7765.773,-5852.464,192.459,-28.514,0.878201,0.477334,-0.030269,-0.477471,0.878643,0.003008,0.028031,0.011811,0.999537,0,0.72514,-0.73601,43.508,-1.472,-1,375.000,-1,400.000,-1,325.000,325.000,325.000,325.000,-1,750.000,675.000,-1,750.000,775.000,-1,-1,2,0,2,0,2,0,0,0,0,2,0,0,2,0,0,2,2
28,-7728.478,-5873.994,193.620,-29.998,0.865525,0.499930,-0.030597,-0.500088,0.865970,0.002812,0.027902,0.012867,0.999528,0,0.71773,-0.74226,43.064,-1.485,-1,375.000,-1,400.000,-1,325.000,325.000,325.000,300.000,-1,800.000,700.000,-1,750.000,775.000,-1,-1,2,0,2,0,2,0,0,0,0,2,0,0,2,0,0,2,2
29,-7692.088,-5896.291,194.743,-31.497,0.852140,0.522398,-0.030942,-0.522584,0.852585,0.002398,0.027633,0.014127,0.999518,0,0.71128,-0.74932,42.677,-1.499,-1,375.000,-1,400.000,-1,325.000,325.000,325.000,300.000,-1,850.000,750.000,-1,750.000,775.000,-1,-1,2,0,2,0,2,0,0,0,0,2,0,0,2,0,0,2,2
30,-7656.575,-5919.363,195.897,-33.011,0.838021,0.544737,-0.031353,-0.544949,0.838467,0.002077,0.027420,0.015345,0.999506,0,0.70584,-0.75715,42.350,-1.514,-1,375.000,-1,400.000,-1,325.000,325.000,325.000,300.000,-1,900.000,800.000,-1,750.000,775.000,-1,-1,2,0,2,0,2,0,0,0,0,2,0,0,2,0,0,2,2
31,-7621.908,-5943.227,197.046,-34.542,0.823146,0.566938,-0.031810,-0.567180,0.823592,0.001684,0.027153,0.016656,0.999493,0,0.70144,-0.76571,42.087,-1.531,-1,375.000,-1,400.000,-1,300.000,325.000,325.000,300.000,950.000,975.000,850.000,-1,750.000,775.000,-1,-1,2,0,2,0,2,0,0,0,0,1,0,0,2,0,0,2,2
32,-7588.059,-5967.902,198.193,-36.092,0.807492,0.588993,-0.032320,-0.589268,0.807936,0.001220,0.026831,0.018060,0.999477,0,0.69812,-0.77497,41.887,-1.550,-1,375.000,-1,400.000,-1,300.000,325.000,325.000,300.000,925.000,-1,925.000,-1,775.000,775.000,-1,-1,2,0,2,0,2,0,0,0,0,1,2,0,2,0,0,2,2
33,-7555.005,-5993.413,199.305,-37.662,0.791032,0.610890,-0.032893,-0.611198,0.791478,0.000869,0.026565,0.019416,0.999459,0,0.69590,-0.78490,41.754,-1.570,-1,375.000,-1,400.000,-1,325.000,325.000,300.000,300.000,900.000,-1,975.000,-1,775.000,775.000,-1,-1,2,0,2,0,2,0,0,0,0,1,2,0,2,0,0,2,2
34,-7522.724,-6019.791,200.352,-39.253,0.773742,0.632614,-0.033517,-0.632949,0.774193,0.000783,0.026444,0.020609,0.999438,0,0.69479,-0.79549,41.687,-1.591,-1,375.000,-1,400.000,-1,325.000,325.000,325.000,300.000,925.000,-1,1000.000,-1,775.000,800.000,-1,-1,2,0,2,0,2,0,0,0,0,1,2,0,2,0,0,2,2
35,-7491.199,-6047.066,201.392,-40.867,0.755597,0.654144,-0.034185,-0.654509,0.756054,0.000672,0.026285,0.021866,0.999415,0,0.69478,-0.80672,41.687,-1.613,-1,375.000,-1,400.000,-1,325.000,325.000,325.000,300.000,925.000,-1,-1,-1,800.000,800.000,-1,-1,2,0,2,0,2,0,0,0,0,1,2,2,2,0,0,2,2
36,-7460.417,-6075.276,202.454,-42.504,0.736575,0.675455,-0.034908,-0.675857,0.737033,0.000400,0.025998,0.023298,0.999390,0,0.69589,-0.81856,41.753,-1.637,-1,400.000,-1,400.000,-1,325.000,325.000,325.000,300.000,950.000,-1,-1,-1,800.000,800.000,-1,-1,2,0,2,0,2,0,0,0,0,1,2,2,2,0,0,2,2
37,-7430.371,-6104.459,203.524,-44.166,0.716648,0.696521,-0.035694,-0.696964,0.717106,0.000041,0.025625,0.024848,0.999363,0,0.69809,-0.83101,41.885,-1.662,-1,400.000,-1,400.000,-1,325.000,325.000,325.000,300.000,975.000,-1,-1,-1,825.000,825.000,-1,-1,2,0,2,0,2,0,0,0,0,1,2,2,2,0,0,2,2
38,-7400.946,-6134.493,204.594,-45.588,0.699116,0.714076,-0.036511,-0.714561,0.699573,-0.000332,0.025304,0.026321,0.999333,0,0.70077,-0.71101,42.046,-1.422,-1,400.000,-1,400.000,-1,325.000,325.000,325.000,300.000,1000.000,-1,-1,-1,825.000,825.000,-1,-1,2,0,2,0,2,0,0,0,0,1,2,2,2,0,0,2,2
39,-7371.957,-6165.330,205.670,-46.770,0.684210,0.728328,-0.037350,-0.728855,0.684668,-0.000727,0.025043,0.027720,0.999302,0,0.70538,-0.59101,42.323,-1.182,-1,400.000,-1,400.000,-1,325.000,325.000,325.000,300.000,-1,-1,-1,-1,850.000,825.000,-1,-1,2,0,2,0,2,0,0,0,0,2,2,2,2,0,0,2,2
40,-7343.247,-6196.895,206.629,-47.712,0.672143,0.739469,-0.037534,-0.740018,0.672586,-0.001105,0.024427,0.028518,0.999295,0,0.71115,-0.47101,42.669,-0.942,-1,400.000,-1,400.000,-1,325.000,325.000,325.000,300.000,-1,-1,-1,-1,850.000,850.000,-1,-1,2,0,2,0,2,0,0,0,0,2,2,2,2,0,0,2,2
41,-7314.656,-6229.112,207.532,-48.414,0.663048,0.747645,-0.037337,-0.748203,0.663468,-0.001512,0.023642,0.028938,0.999302,0,0.71791,-0.35101,43.074,-0.702,-1,400.000,-1,400.000,-1,325.000,325.000,325.000,300.000,-1,-1,-1,-1,850.000,850.000,-1,-1,2,0,2,0,2,0,0,0,0,2,2,2,2,0,0,2,2
42,-7286.028,-6261.904,208.369,-48.878,0.657006,0.752993,-0.036675,-0.753545,0.657393,-0.001950,0.022642,0.028917,0.999325,0,0.72550,-0.23194,43.530,-0.464,-1,400.000,-1,400.000,-1,325.000,325.000,300.000,300.000,-1,-1,-1,-1,850.000,850.000,-1,-1,2,0,2,0,2,0,0,0,0,2,2,2,2,0,0,2,2
43,-7257.359,-6295.320,209.168,-49.372,0.650527,0.758642,-0.035735,-0.759182,0.650874,-0.002434,0.021413,0.028713,0.999358,0,0.73381,-0.24723,44.029,-0.494,-1,400.000,-1,400.000,-1,325.000,325.000,300.000,300.000,-1,-1,-1,-1,850.000,850.000,-1,-1,2,0,2,0,2,0,0,0,0,2,2,2,2,0,0,2,2
44,-7228.658,-6329.401,209.937,-49.898,0.643575,0.764585,-0.034946,-0.765116,0.643886,-0.002987,0.020218,0.028660,0.999385,0,0.74261,-0.26290,44.557,-0.526,-1,400.000,-1,400.000,-1,325.000,325.000,300.000,300.000,-1,-1,-1,-1,850.000,850.000,-1,-1,2,0,2,0,2,0,0,0,0,2,2,2,2,0,0,2,2
45,-7199.934,-6364.191,210.639,-50.456,0.636127,0.770813,-0.034482,-0.771346,0.636406,-0.003611,0.019161,0.028894,0.999399,0,0.75192,-0.27897,45.115,-0.558,-1,400.000,-1,400.000,-1,325.000,325.000,300.000,300.000,-1,-1,-1,-1,875.000,875.000,-1,-1,2,0,2,0,2,0,0,0,0,2,2,2,2,0,0,2,2
46,-7171.147,-6399.798,211.341,-51.045,0.628194,0.777312,-0.034027,-0.777848,0.628438,-0.004300,0.018041,0.029169,0.999412,0,0.76314,-0.29469,45.789,-0.589,-1,400.000,-1,400.000,-1,325.000,325.000,300.000,300.000,-1,-1,-1,-1,875.000,875.000,-1,-1,2,0,2,0,2,0,0,0,0,2,2,2,2,0,0,2,2
47,-7142.430,-6436.115,212.056,-51.666,0.619772,0.784066,-0.033517,-0.784602,0.619979,-0.005055,0.016816,0.029430,0.999425,0,0.77164,-0.31022,46.298,-0.620,-1,400.000,-1,400.000,-1,325.000,325.000,300.000,300.000,-1,-1,-1,-1,900.000,875.000,-1,-1,2,0,2,0,2,0,0,0,0,2,2,2,2,0,0,2,2
48,-7113.846,-6473.117,212.798,-52.313,0.610909,0.791018,-0.032884,-0.791550,0.611076,-0.005881,0.015443,0.029622,0.999442,0,0.77928,-0.32376,46.757,-0.648,-1,400.000,-1,400.000,-1,325.000,325.000,300.000,300.000,-1,-1,-1,-1,925.000,875.000,-1,-1,2,0,2,0,2,0,0,0,0,2,2,2,2,0,0,2,2
49,-7085.642,-6510.497,213.395,-52.965,0.601919,0.797898,-0.032431,-0.798441,0.602028,-0.007405,0.013616,0.030351,0.999447,0,0.78044,-0.32579,46.827,-0.652,-1,400.000,-1,400.000,-1,325.000,325.000,300.000,300.000,-1,-1,-1,-1,925.000,875.000,-1,-1,2,0,2,0,2,0,0,0,0,2,2,2,2,0,0,2,2
50,-7057.865,-6548.195,213.944,-53.616,0.592855,0.804671,-0.032061,-0.805225,0.592899,-0.009163,0.011635,0.031249,0.999444,0,0.78044,-0.32579,46.827,-0.652,-1,400.000,-1,400.000,-1,325.000,325.000,300.000,300.000,-1,-1,-1,-1,950.000,875.000,-1,-1,2,0,2,0,2,0,0,0,0,2,2,2,2,0,0,2,2
51,-7030.518,-6586.207,214.479,-54.268,0.583717,0.811337,-0.031741,-0.811900,0.583692,-0.011005,0.009598,0.032194,0.999436,0,0.78044,-0.32579,46.827,-0.652,-1,400.000,-1,400.000,-1,325.000,325.000,300.000,300.000,-1,-1,-1,-1,950.000,875.000,-1,-1,2,0,2,0,2,0,0,0,0,2,2,2,2,0,0,2,2
52,-7003.605,-6624.527,214.998,-54.920,0.574506,0.817895,-0.031473,-0.818466,0.574409,-0.012927,0.007506,0.033187,0.999421,0,0.78044,-0.32579,46.827,-0.652,-1,425.000,-1,400.000,-1,325.000,325.000,300.000,300.000,-1,-1,-1,-1,975.000,875.000,-1,-1,2,0,2,0,2,0,0,0,0,2,2,2,2,0,0,2,2
53,-6977.130,-6663.151,215.422,-55.571,0.565217,0.824355,-0.031140,-0.824923,0.565058,-0.014529,0.005619,0.033900,0.999409,0,0.78044,-0.32579,46.827,-0.652,-1,425.000,-1,400.000,-1,325.000,325.000,325.000,300.000,-1,-1,-1,-1,975.000,875.000,-1,-1,2,0,2,0,2,0,0,0,0,2,2,2,2,0,0,2,2
54,-6951.096,-6702.074,215.697,-56.223,0.555845,0.830721,-0.030646,-0.831276,0.555643,-0.015551,0.004110,0.034120,0.999409,0,0.78044,-0.32579,46.827,-0.652,-1,425.000,-1,400.000,-1,325.000,325.000,325.000,300.000,-1,-1,-1,-1,1000.000,900.000,-1,-1,2,0,2,0,2,0,0,0,0,2,2,2,2,0,0,2,2
55,-6925.506,-6741.290,215.884,-56.874,0.546397,0.836987,-0.030073,-0.837522,0.546160,-0.016300,0.002781,0.034093,0.999415,0,0.78044,-0.32579,46.827,-0.652,-1,425.000,-1,400.000,-1,325.000,325.000,325.000,300.000,-1,-1,-1,-1,-1,900.000,-1,-1,2,0,2,0,2,0,0,0,0,2,2,2,2,2,0,2,2
56,-6900.365,-6780.795,215.841,-57.526,0.536882,0.843168,-0.028739,-0.843656,0.536623,-0.016738,0.001309,0.033232,0.999447,0,0.78044,-0.32579,46.827,-0.652,-1,425.000,-1,400.000,-1,325.000,325.000,325.000,300.000,-1,-1,-1,-1,-1,900.000,-1,-1,2,0,2,0,2,0,0,0,0,2,2,2,2,2,0,2,2
57,-6875.674,-6820.583,215.654,-58.177,0.527306,0.849253,-0.026793,-0.849675,0.527023,-0.017294,-0.000566,0.031884,0.999491,0,0.78044,-0.32579,46.827,-0.652,-1,425.000,-1,400.000,-1,325.000,325.000,300.000,300.000,-1,-1,-1,-1,-1,900.000,-1,-1,2,0,2,0,2,0,0,0,0,2,2,2,2,2,0,2,2
58,-6851.437,-6860.649,215.434,-58.829,0.517657,0.855228,-0.024829,-0.855584,0.517353,-0.017910,-0.002472,0.030515,0.999531,0,0.78044,-0.32579,46.827,-0.652,-1,425.000,-1,400.000,-1,325.000,325.000,300.000,325.000,-1,-1,-1,-1,-1,925.000,-1,-1,2,0,2,0,2,0,0,0,0,2,2,2,2,2,0,2,2
59,-6827.658,-6900.989,215.085,-59.481,0.507945,0.861082,-0.023018,-0.861377,0.507610,-0.019030,-0.004702,0.029493,0.999554,0,0.78044,-0.32579,46.827,-0.652,-1,425.000,-1,425.000,-1,325.000,325.000,300.000,325.000,-1,-1,-1,-1,-1,900.000,-1,-1,2,0,2,0,2,0,0,0,0,2,2,2,2,2,0,2,2
60,-6804.338,-6941.596,214.666,-60.132,0.498165,0.866821,-0.021272,-0.867054,0.497798,-0.020382,-0.007078,0.028598,0.999566,0,0.78044,-0.32579,46.827,-0.652,-1,425.000,-1,425.000,-1,325.000,325.000,300.000,325.000,-1,-1,-1,-1,-1,900.000,-1,-1,2,0,2,0,2,0,0,0,0,2,2,2,2,2,0,2,2
61,-6781.482,-6982.466,214.217,-60.784,0.488315,0.872449,-0.019529,-0.872616,0.487921,-0.021786,-0.009479,0.027680,0.999572,0,0.78044,-0.32579,46.827,-0.652,-1,425.000,-1,425.000,-1,325.000,325.000,300.000,325.000,-1,-1,-1,-1,-1,900.000,-1,-1,2,0,2,0,2,0,0,0,0,2,2,2,2,2,0,2,2
62,-6759.092,-7023.593,213.740,-61.435,0.478397,0.877963,-0.017789,-0.878063,0.477980,-0.023243,-0.011903,0.026740,0.999572,0,0.78044,-0.32579,46.827,-0.652,-1,425.000,-1,425.000,-1,325.000,325.000,300.000,325.000,-1,-1,-1,-1,-1,900.000,-1,-1,2,0,2,0,2,0,0,0,0,2,2,2,2,2,0,2,2
63,-6739.263,-7060.648,213.259,-61.847,0.472104,0.881390,-0.016389,-0.881433,0.471670,-0.024578,-0.013932,0.026049,0.999564,0,0.70044,-0.20579,42.027,-0.412,-1,425.000,-1,425.000,-1,325.000,325.000,300.000,325.000,-1,-1,-1,-1,-1,900.000,-1,-1,2,0,2,0,2,0,0,0,0,2,2,2,2,2,0,2,2
64,-6719.655,-7097.554,212.631,-62.018,0.469486,0.882802,-0.015627,-0.882804,0.469030,-0.025831,-0.015474,0.025923,0.999544,0,0.69652,-0.08579,41.791,-0.172,-1,425.000,-1,425.000,-1,325.000,325.000,300.000,325.000,-1,-1,-1,-1,-1,925.000,-1,-1,2,0,2,0,2,0,0,0,0,2,2,2,2,2,0,2,2
65,-6700.003,-7134.436,211.980,-61.950,0.470562,0.882241,-0.014908,-0.882205,0.470084,-0.027106,-0.016906,0.025907,0.999521,0,0.69652,0.03421,41.791,0.068,-1,425.000,-1,425.000,-1,325.000,325.000,300.000,325.000,-1,-1,-1,-1,-1,925.000,-1,-1,2,0,2,0,2,0,0,0,0,2,2,2,2,2,0,2,2
66,-6680.304,-7171.293,211.158,-61.876,0.471732,0.881623,-0.014474,-0.881541,0.471211,-0.029080,-0.018818,0.026477,0.999472,0,0.69652,0.03682,41.791,0.074,-1,425.000,-1,425.000,-1,325.000,325.000,300.000,300.000,-1,-1,-1,-1,-1,925.000,-1,-1,2,0,2,0,2,0,0,0,0,2,2,2,2,2,0,2,2
67,-6660.557,-7208.125,210.285,-61.803,0.472906,0.881000,-0.014094,-0.880866,0.472334,-0.031223,-0.020851,0.027181,0.999413,0,0.69652,0.03682,41.791,0.074,-1,425.000,-1,425.000,-1,325.000,325.000,300.000,300.000,-1,-1,-1,-1,-1,925.000,-1,-1,2,0,2,0,2,0,0,0,0,2,2,2,2,2,0,2,2
68,-6640.763,-7244.931,209.397,-61.729,0.474080,0.880375,-0.013702,-0.880184,0.473457,-0.033384,-0.022903,0.027887,0.999349,0,0.69652,0.03682,41.791,0.074,-1,425.000,-1,425.000,-1,325.000,325.000,300.000,300.000,-1,-1,-1,-1,-1,900.000,-1,-1,2,0,2,0,2,0,0,0,0,2,2,2,2,2,0,2,2
69,-6620.921,-7281.712,208.470,-61.655,0.475252,0.879751,-0.013174,-0.879493,0.474580,-0.035583,-0.025052,0.028497,0.999280,0,0.69652,0.03682,41.791,0.074,-1,425.000,-1,425.000,-1,325.000,325.000,325.000,300.000,-1,-1,-1,-1,-1,900.000,-1,-1,2,0,2,0,2,0,0,0,0,2,2,2,2,2,0,2,2
70,-6601.033,-7318.468,207.229,-61.582,0.476397,0.879155,-0.011451,-0.878801,0.475718,-0.037425,-0.027455,0.027893,0.999234,0,0.69652,0.03682,41.791,0.074,-1,425.000,-1,400.000,-1,325.000,325.000,325.000,300.000,-1,-1,-1,-1,-1,900.000,-1,-1,2,0,2,0,2,0,0,0,0,2,2,2,2,2,0,2,2
71,-6581.098,-7355.198,205.883,-61.508,0.477525,0.878567,-0.009526,-0.878119,0.476860,-0.038880,-0.029616,0.026931,0.999198,0,0.69652,0.03682,41.791,0.074,-1,425.000,-1,400.000,-1,325.000,325.000,325.000,300.000,-1,-1,-1,-1,-1,900.000,-1,-1,2,0,2,0,2,0,0,0,0,2,2,2,2,2,0,2,2
72,-6561.115,-7391.902,204.492,-61.435,0.478643,0.877978,-0.007444,-0.877431,0.478002,-0.040361,-0.031878,0.025850,0.999157,0,0.69652,0.03682,41.791,0.074,-1,425.000,-1,400.000,-1,325.000,325.000,325.000,300.000,-1,-1,-1,-1,-1,900.000,-1,-1,2,0,2,0,2,0,0,0,0,2,2,2,2,2,0,2,2
73,-6541.085,-7428.581,202.935,-61.361,0.479737,0.877400,-0.004578,-0.876728,0.479151,-0.041977,-0.034637,0.024151,0.999108,0,0.69652,0.03682,41.791,0.074,-1,425.000,-1,400.000,-1,325.000,325.000,325.000,300.000,-1,-1,-1,-1,-1,900.000,-1,-1,2,0,2,0,2,0,0,0,0,2,2,2,2,2,0,2,2
74,-6521.008,-7465.234,201.358,-61.287,0.480818,0.876819,-0.001694,-0.876022,0.480297,-0.043591,-0.037408,0.022443,0.999048,0,0.69652,0.03682,41.791,0.074,-1,425.000,-1,400.000,-1,325.000,325.000,325.000,300.000,-1,-1,-1,-1,-1,875.000,-1,-1,2,0,2,0,2,0,0,0,0,2,2,2,2,2,0,2,2
75,-6500.884,-7501.861,199.632,-61.214,0.481903,0.876225,0.000603,-0.875320,0.481436,-0.045099,-0.039807,0.021206,0.998982,0,0.69652,0.03682,41.791,0.074,-1,425.000,-1,400.000,-1,325.000,325.000,325.000,300.000,-1,-1,-1,-1,-1,875.000,-1,-1,2,0,2,0,2,0,0,0,0,2,2,2,2,2,0,2,2
76,-6480.713,-7538.462,197.867,-61.140,0.482981,0.875626,0.002824,-0.874615,0.482574,-0.046591,-0.042159,0.020032,0.998910,0,0.69652,0.03682,41.791,0.074,-1,425.000,-1,400.000,-1,325.000,325.000,325.000,300.000,-1,-1,-1,-1,-1,875.000,-1,-1,2,0,2,0,2,0,0,0,0,2,2,2,2,2,0,2,2
77,-6460.495,-7575.038,196.080,-61.066,0.484051,0.875025,0.005050,-0.873907,0.483709,-0.048081,-0.044515,0.018860,0.998831,0,0.69652,0.03682,41.791,0.074,-1,425.000,-1,400.000,-1,325.000,325.000,325.000,300.000,-1,-1,-1,-1,1000.000,875.000,-1,-1,2,0,2,0,2,0,0,0,0,2,2,2,2,0,0,2,2
78,-6440.229,-7611.587,194.272,-60.993,0.485112,0.874422,0.007281,-0.873195,0.484844,-0.049568,-0.046874,0.017688,0.998744,0,0.69652,0.03682,41.791,0.074,-1,425.000,-1,400.000,-1,325.000,325.000,325.000,300.000,-1,-1,-1,-1,1000.000,875.000,-1,-1,2,0,2,0,2,0,0,0,0,2,2,2,2,0,0,2,2
79,-6419.917,-7648.110,192.441,-60.919,0.486164,0.873816,0.009517,-0.872479,0.485977,-0.051054,-0.049237,0.016517,0.998651,0,0.69652,0.03682,41.791,0.074,-1,425.000,-1,400.000,-1,325.000,325.000,300.000,300.000,-1,-1,-1,-1,975.000,875.000,-1,-1,2,0,2,0,2,0,0,0,0,2,2,2,2,0,0,2,2
80,-6399.558,-7684.607,190.589,-60.846,0.487208,0.873207,0.011758,-0.871760,0.487109,-0.052537,-0.051603,0.015347,0.998550,0,0.69652,0.03682,41.791,0.074,-1,425.000,-1,400.000,-1,325.000,325.000,300.000,300.000,-1,-1,-1,-1,975.000,875.000,-1,-1,2,0,2,0,2,0,0,0,0,2,2,2,2,0,0,2,2
81,-6379.152,-7721.078,188.619,-60.772,0.488264,0.872591,0.013559,-0.871043,0.488236,-0.053945,-0.053692,0.014529,0.998452,0,0.69652,0.03682,41.791,0.074,-1,425.000,-1,400.000,-1,325.000,325.000,300.000,300.000,-1,-1,-1,-1,975.000,875.000,-1,-1,2,0,2,0,2,0,0,0,0,2,2,2,2,0,0,2,2
82,-6358.698,-7757.522,186.528,-60.698,0.489336,0.871968,0.014910,-0.870328,0.489360,-0.055279,-0.055498,0.014074,0.998360,0,0.69652,0.03682,41.791,0.074,-1,425.000,-1,400.000,-1,325.000,325.000,300.000,300.000,-1,-1,-1,-1,950.000,875.000,-1,-1,2,0,2,0,2,0,0,0,0,2,2,2,2,0,0,2,2
83,-6338.199,-7793.940,184.415,-60.625,0.490403,0.871344,0.016263,-0.869610,0.490484,-0.056613,-0.057306,0.013621,0.998264,0,0.69652,0.03682,41.791,0.074,-1,425.000,-1,400.000,-1,325.000,325.000,325.000,300.000,-1,-1,-1,-1,950.000,875.000,-1,-1,2,0,2,0,2,0,0,0,0,2,2,2,2,0,0,2,2
84,-6317.652,-7830.332,182.065,-60.551,0.491497,0.870709,0.017237,-0.868827,0.491601,-0.058889,-0.059749,0.013968,0.998116,0,0.69652,0.03682,41.791,0.074,-1,425.000,-1,400.000,-1,325.000,325.000,325.000,300.000,-1,-1,-1,-1,950.000,850.000,-1,-1,2,0,2,0,2,0,0,0,0,2,2,2,2,0,0,2,2
85,-6297.058,-7866.698,179.562,-60.477,0.492570,0.870077,0.018430,-0.868073,0.492720,-0.060634,-0.061837,0.013867,0.997990,0,0.69652,0.03682,41.791,0.074,-1,425.000,-1,400.000,-1,325.000,325.000,325.000,300.000,-1,-1,-1,-1,950.000,850.000,-1,-1,2,0,2,0,2,0,0,0,0,2,2,2,2,0,0,2,2
86,-6276.418,-7903.037,176.944,-60.404,0.493625,0.869449,0.019807,-0.867344,0.493841,-0.061933,-0.063629,0.013393,0.997884,0,0.69652,0.03682,41.791,0.074,-1,425.000,-1,400.000,-1,325.000,325.000,325.000,300.000,-1,-1,-1,-1,925.000,850.000,-1,-1,2,0,2,0,2,0,0,0,0,2,2,2,2,0,0,2,2
87,-6255.731,-7939.349,174.300,-60.330,0.494675,0.868819,0.021195,-0.866613,0.494961,-0.063211,-0.065409,0.012901,0.997775,0,0.69652,0.03682,41.791,0.074,-1,425.000,-1,400.000,-1,325.000,325.000,325.000,300.000,-1,-1,-1,-1,925.000,850.000,-1,-1,2,0,2,0,2,0,0,0,0,2,2,2,2,0,0,2,2
88,-6234.998,-7975.635,171.533,-60.256,0.495704,0.868192,0.022781,-0.865914,0.496083,-0.063997,-0.066863,0.011997,0.997690,0,0.69652,0.03682,41.791,0.074,-1,425.000,-1,400.000,-1,350.000,325.000,325.000,300.000,-1,-1,-1,-1,925.000,850.000,-1,-1,2,0,2,0,2,0,0,0,0,2,2,2,2,0,0,2,2
89,-6214.218,-8011.894,168.668,-60.183,0.496717,0.867566,0.024514,-0.865239,0.497205,-0.064418,-0.068076,0.010788,0.997622,0,0.69652,0.03682,41.791,0.074,-1,425.000,-1,400.000,-1,350.000,325.000,325.000,300.000,-1,-1,-1,-1,925.000,850.000,-1,-1,2,0,2,0,2,0,0,0,0,2,2,2,2,0,0,2,2
90,-6193.391,-8048.126,165.780,-60.109,0.497726,0.866937,0.026249,-0.864563,0.498325,-0.064834,-0.069287,0.009576,0.997551,0,0.69652,0.03682,41.791,0.074,-1,425.000,-1,400.000,-1,350.000,325.000,325.000,300.000,-1,-1,-1,-1,900.000,850.000,-1,-1,2,0,2,0,2,0,0,0,0,2,2,2,2,0,0,2,2
91,-6172.518,-8084.331,162.669,-60.036,0.498705,0.866306,0.028405,-0.863849,0.499445,-0.065726,-0.071125,0.008240,0.997433,0,0.69652,0.03682,41.791,0.074,-1,425.000,-1,400.000,-1,350.000,325.000,325.000,325.000,-1,-1,-1,-1,900.000,850.000,-1,-1,2,0,2,0,2,0,0,0,0,2,2,2,2,0,0,2,2
92,-6151.598,-8120.510,159.407,-59.962,0.499692,0.865670,0.030389,-0.863093,0.500561,-0.067149,-0.073340,0.007325,0.997280,0,0.69652,0.03682,41.791,0.074,-1,425.000,-1,400.000,-1,325.000,325.000,325.000,325.000,-1,-1,-1,-1,875.000,825.000,-1,-1,2,0,2,0,2,0,0,0,0,2,2,2,2,0,0,2,2
93,-6130.632,-8156.662,156.137,-59.888,0.500673,0.865031,0.032353,-0.862337,0.501677,-0.068527,-0.075509,0.006411,0.997124,0,0.69652,0.03682,41.791,0.074,-1,425.000,-1,400.000,-1,325.000,325.000,300.000,325.000,-1,-1,-1,-1,875.000,825.000,-1,-1,2,0,2,0,2,0,0,0,0,2,2,2,2,0,0,2,2
94,-6107.037,-8196.837,152.481,-59.575,0.505262,0.862276,0.034504,-0.859445,0.506406,-0.070053,-0.077878,0.005741,0.996946,0,0.77652,0.15682,46.591,0.314,-1,425.000,-1,400.000,-1,325.000,325.000,300.000,325.000,-1,-1,-1,-1,850.000,825.000,-1,-1,2,0,2,0,2,0,0,0,0,2,2,2,2,0,0,2,2
95,-6080.584,-8240.898,148.439,-59.021,0.513422,0.857345,0.036860,-0.854359,0.514716,-0.071683,-0.080429,0.005312,0.996746,0,0.85652,0.27682,51.391,0.554,-1,400.000,-1,400.000,-1,325.000,325.000,300.000,325.000,-1,-1,-1,-1,825.000,800.000,-1,-1,2,0,2,0,2,0,0,0,0,2,2,2,2,0,0,2,2
96,-6053.514,-8284.605,144.388,-58.227,0.525105,0.850133,0.039221,-0.846989,0.526542,-0.073236,-0.082912,0.005236,0.996543,0,0.85684,0.39682,51.410,0.794,-1,400.000,-1,400.000,-1,325.000,325.000,300.000,325.000,-1,-1,-1,-1,825.000,800.000,-1,-1,2,0,2,0,2,0,0,0,0,2,2,2,2,0,0,2,2
97,-6025.710,-8328.107,140.314,-57.415,0.536951,0.842586,0.041617,-0.839287,0.538537,-0.074671,-0.085329,0.005166,0.996339,0,0.86046,0.40601,51.628,0.812,-1,400.000,-1,400.000,-1,325.000,325.000,300.000,325.000,-1,-1,-1,-1,800.000,800.000,-1,-1,2,0,2,0,2,0,0,0,0,2,2,2,2,0,0,2,2
98,-5997.099,-8371.494,135.956,-56.598,0.548856,0.834816,0.042879,-0.831382,0.550496,-0.075886,-0.086956,0.006002,0.996194,0,0.86618,0.40857,51.971,0.817,-1,400.000,-1,400.000,-1,325.000,325.000,300.000,325.000,-1,-1,-1,-1,800.000,775.000,-1,-1,2,0,2,0,2,0,0,0,0,2,2,2,2,0,0,2,2
99,-5967.674,-8414.753,131.490,-55.776,0.560731,0.826826,0.044036,-0.823262,0.562415,-0.077003,-0.088435,0.006924,0.996058,0,0.87197,0.41109,52.318,0.822,-1,400.000,-1,400.000,-1,325.000,325.000,300.000,325.000,-1,-1,-1,-1,775.000,775.000,-1,-1,2,0,2,0,2,0,0,0,0,2,2,2,2,0,0,2,2
100,-5937.425,-8457.871,126.965,-54.949,0.572546,0.818616,0.045363,-0.814925,0.574289,-0.078040,-0.089937,0.007714,0.995918,0,0.87783,0.41358,52.670,0.827,-1,400.000,-1,400.000,-1,325.000,325.000,300.000,300.000,-1,-1,-1,-1,775.000,775.000,-1,-1,2,0,2,0,2,0,0,0,0,2,2,2,2,0,0,2,2
101,-5906.345,-8500.833,122.415,-54.117,0.584310,0.810185,0.046708,-0.806372,0.586113,-0.078969,-0.091356,0.008478,0.995782,0,0.88376,0.41604,53.026,0.832,-1,400.000,-1,400.000,-1,325.000,325.000,300.000,300.000,-1,-1,-1,-1,750.000,750.000,-1,-1,2,0,2,0,2,0,0,0,0,2,2,2,2,0,0,2,2
102,-5874.425,-8543.626,117.840,-53.280,0.596016,0.801532,0.048069,-0.797606,0.597880,-0.079775,-0.092682,0.009208,0.995653,0,0.88976,0.41847,53.386,0.837,-1,400.000,-1,400.000,-1,325.000,325.000,300.000,300.000,-1,-1,-1,-1,750.000,750.000,-1,-1,2,0,2,0,2,0,0,0,0,2,2,2,2,0,1,2,2
103,-5841.658,-8586.234,113.239,-52.438,0.607661,0.792657,0.049419,-0.788626,0.609587,-0.080455,-0.093898,0.009916,0.995532,0,0.89583,0.42087,53.750,0.842,-1,400.000,-1,400.000,-1,325.000,325.000,300.000,300.000,-1,-1,-1,-1,750.000,825.000,-1,-1,2,0,2,0,2,0,0,0,0,2,2,2,2,0,1,2,2
104,-5808.036,-8628.641,108.258,-51.592,0.619366,0.783551,0.049335,-0.779459,0.621219,-0.080807,-0.093964,0.011595,0.995508,0,0.90197,0.42324,54.118,0.846,-1,400.000,-1,375.000,-1,325.000,325.000,300.000,300.000,-1,-1,-1,-1,750.000,-1,-1,-1,2,0,2,0,2,0,0,0,0,2,2,2,2,0,2,2,2
105,-5773.457,-8671.038,103.134,-50.799,0.630181,0.774876,0.049385,-0.770783,0.631986,-0.080541,-0.093620,0.012691,0.995527,0,0.91185,0.39614,54.711,0.792,-1,400.000,-1,375.000,-1,325.000,325.000,300.000,300.000,-1,-1,-1,-1,-1,-1,-1,-1,2,0,2,0,2,0,0,0,0,2,2,2,2,2,2,2,2
106,-5738.898,-8711.886,98.156,-49.767,0.644091,0.763350,0.049429,-0.759253,0.645830,-0.080237,-0.093172,0.014151,0.995549,0,0.89177,0.51614,53.506,1.032,-1,400.000,-1,375.000,-1,325.000,325.000,300.000,300.000,-1,-1,-1,-1,-1,-1,-1,-1,2,0,2,0,2,0,0,0,0,2,2,2,2,2,2,2,2
107,-5703.181,-8752.249,93.180,-48.495,0.660946,0.748802,0.049466,-0.744699,0.662602,-0.079883,-0.092593,0.015961,0.995576,0,0.89828,0.63614,53.897,1.272,-1,400.000,-1,375.000,-1,325.000,325.000,300.000,300.000,-1,-1,-1,-1,-1,-1,-1,-1,2,0,2,0,2,0,0,0,0,2,2,2,2,2,2,2,2
108,-5666.250,-8792.025,88.214,-47.124,0.678739,0.732710,0.049492,-0.728606,0.680306,-0.079483,-0.091907,0.017888,0.995607,0,0.90462,0.68549,54.277,1.371,-1,375.000,-1,375.000,-1,325.000,325.000,300.000,300.000,-1,-1,-1,-1,-1,-1,-1,-1,2,0,2,0,2,0,0,0,0,2,2,2,2,2,2,2,2
109,-5628.127,-8831.174,83.283,-45.761,0.696043,0.716300,0.049385,-0.712201,0.697510,-0.079054,-0.091073,0.019853,0.995646,0,0.91074,0.68126,54.645,1.363,-1,375.000,-1,375.000,-1,325.000,325.000,300.000,300.000,-1,-1,-1,-1,-1,-1,-1,-1,2,0,2,0,2,0,0,0,0,2,2,2,2,2,2,2,2
110,-5588.838,-8869.659,78.355,-44.408,0.712838,0.699601,0.049187,-0.695503,0.714197,-0.078725,-0.090206,0.021909,0.995682,0,0.91662,0.67646,54.997,1.353,-1,375.000,-1,375.000,-1,325.000,325.000,300.000,300.000,-1,-1,-1,-1,-1,-1,-1,-1,2,0,2,0,2,0,0,0,0,2,2,2,2,2,2,2,2
111,-5548.414,-8907.442,73.456,-43.066,0.729103,0.682650,0.048963,-0.678560,0.730355,-0.078350,-0.089246,0.023901,0.995723,0,0.92220,0.67106,55.332,1.342,-1,375.000,-1,375.000,-1,325.000,325.000,300.000,300.000,-1,-1,-1,-1,-1,-1,-1,-1,2,0,2,0,2,0,0,0,0,2,2,2,2,2,2,2,2
112,-5506.891,-8944.485,68.580,-41.736,0.744821,0.665483,0.048733,-0.661416,0.745969,-0.077842,-0.088156,0.025746,0.995774,0,0.92742,0.66503,55.645,1.330,-1,425.000,-1,-1,-1,325.000,325.000,300.000,300.000,-1,-1,-1,-1,-1,-1,-1,-1,2,1,2,2,2,0,0,0,0,2,2,2,2,2,2,2,2
113,-5464.308,-8980.750,63.715,-40.420,0.759976,0.648139,0.048504,-0.644118,0.761031,-0.077095,-0.086881,0.027348,0.995843,0,0.93221,0.65831,55.932,1.317,-1,475.000,-1,-1,-1,325.000,325.000,300.000,300.000,-1,-1,-1,-1,-1,-1,-1,-1,2,1,2,2,2,0,0,0,0,2,2,2,2,2,2,2,2
114,-5420.715,-9016.200,58.903,-39.118,0.774561,0.630656,0.048260,-0.626687,0.775526,-0.076306,-0.085550,0.028860,0.995916,0,0.93647,0.65088,56.188,1.302,-1,575.000,-1,-1,-1,325.000,325.000,300.000,300.000,-1,-1,-1,-1,-1,-1,-1,-1,2,1,2,2,2,1,0,0,0,2,2,2,2,2,2,2,2
115,-5376.164,-9050.797,54.149,-37.833,0.788566,0.613075,0.047998,-0.609164,0.789444,-0.075478,-0.084166,0.030280,0.995992,0,0.94012,0.64268,56.407,1.285,-1,775.000,-1,-1,-1,375.000,325.000,300.000,300.000,-1,-1,-1,-1,-1,-1,-1,-1,2,1,2,2,2,1,0,0,0,2,2,2,2,2,2,2,2
116,-5328.169,-9086.684,48.894,-36.787,0.799560,0.598573,0.049129,-0.594720,0.800502,-0.074186,-0.083734,0.030098,0.996033,0,0.99880,0.52268,59.928,1.045,-1,900.000,-1,-1,-1,450.000,-1,300.000,300.000,-1,-1,-1,-1,-1,-1,-1,-1,2,1,2,2,2,1,2,0,0,2,2,2,2,2,2,2,2
117,-5279.617,-9121.937,42.728,-35.982,0.807466,0.587336,0.055091,-0.583526,0.808938,-0.071536,-0.086581,0.025615,0.995915,0,1.00000,0.40268,60.000,0.805,-1,850.000,-1,-1,-1,-1,-1,300.000,325.000,-1,-1,-1,-1,-1,-1,-1,-1,2,1,2,2,2,2,2,0,1,2,2,2,2,2,2,2,2
118,-5230.716,-9156.710,31.834,-35.416,0.812716,0.579145,0.063906,-0.573374,0.814441,-0.089033,-0.103611,0.035717,0.993976,0,1.00000,0.28268,60.000,0.565,-1,800.000,-1,-1,-1,-1,-1,300.000,300.000,-1,-1,-1,-1,-1,-1,-1,-1,2,1,2,2,2,2,2,0,1,2,2,2,2,2,2,2,2
119,-5181.616,-9191.206,19.563,-35.091,0.815246,0.574224,0.075105,-0.565489,0.817308,-0.110584,-0.124884,0.047682,0.991025,0,1.00000,0.16268,60.000,0.325,-1,750.000,-1,-1,-1,950.000,-1,275.000,275.000,-1,-1,-1,-1,-1,-1,-1,-1,2,1,2,2,2,1,2,0,1,2,2,2,2,2,2,2,2
120,-5132.462,-9225.629,5.851,-35.006,0.815070,0.572572,0.088442,-0.559535,0.817544,-0.136167,-0.150270,0.061499,0.986730,0,1.00000,0.04268,60.000,0.085,925.000,700.000,-1,-1,-1,875.000,-1,275.000,275.000,-1,-1,-1,-1,925.000,-1,-1,-1,1,1,2,2,2,1,2,0,1,2,2,2,2,1,2,2,2
121,-5083.399,-9260.187,-9.324,-35.160,0.812143,0.574158,0.103761,-0.555089,0.815118,-0.165708,-0.179720,0.076981,0.980701,0,1.00000,-0.07732,60.000,-0.155,800.000,625.000,-1,-1,-1,775.000,975.000,275.000,250.000,-1,-1,-1,-1,850.000,-1,875.000,-1,1,1,2,2,2,1,1,0,1,2,2,2,2,1,2,1,2
122,4265.261,1639.449,-479.472,-101.467,-0.106889,0.825552,-0.554111,-0.984072,-0.167461,-0.059665,-0.142049,0.538908,0.830302,1,0.00000,0.00000,60.000,-0.395,-1,25.000,625.000,250.000,-1,25.000,150.000,-1,825.000,-1,0.000,0.000,700.000,50.000,550.000,-1,900.000,2,1,1,1,2,1,1,2,1,2,1,1,1,1,1,2,1
123,3603.145,-7544.943,-46.406,-159.038,-0.932650,0.357491,0.048615,-0.358825,-0.933147,-0.021954,0.037517,-0.037920,0.998576,1,0.08000,0.12000,4.800,0.240,650.000,400.000,-1,400.000,-1,325.000,325.000,300.000,300.000,-1,-1,-1,-1,800.000,875.000,-1,-1,1,0,2,0,2,0,0,0,0,2,2,2,2,1,0,2,2
124,3594.210,-7548.453,-46.044,-158.558,-0.929632,0.365291,0.048436,-0.366625,-0.930108,-0.022007,0.037012,-0.038217,0.998584,0,0.16000,0.24000,9.600,0.480,650.000,400.000,-1,400.000,-1,325.000,325.000,300.000,300.000,-1,-1,-1,-1,775.000,875.000,-1,-1,1,0,2,0,2,0,0,0,0,2,2,2,2,1,0,2,2
125,3580.874,-7553.885,-45.508,-157.838,-0.924983,0.376944,0.048172,-0.378277,-0.925429,-0.022096,0.036251,-0.038661,0.998595,0,0.24000,0.36000,14.400,0.720,625.000,400.000,-1,400.000,-1,325.000,325.000,300.000,300.000,-1,-1,-1,-1,775.000,875.000,-1,-1,1,0,2,0,2,0,0,0,0,2,2,2,2,1,0,2,2
126,3563.216,-7561.425,-44.804,-156.878,-0.918556,0.392387,0.047829,-0.393718,-0.918962,-0.022230,0.035230,-0.039250,0.998608,0,0.32000,0.48000,19.200,0.960,625.000,400.000,-1,400.000,-1,325.000,325.000,300.000,300.000,-1,-1,-1,-1,750.000,875.000,-1,-1,1,0,2,0,2,0,0,0,0,2,2,2,2,1,0,2,2
127,3541.347,-7571.310,-43.940,-155.678,-0.910160,0.411534,0.047416,-0.412864,-0.910517,-0.022421,0.033946,-0.039983,0.998624,0,0.40000,0.60000,24.000,1.200,600.000,400.000,-1,400.000,-1,325.000,325.000,300.000,300.000,-1,-1,-1,-1,725.000,875.000,800.000,-1,1,0,2,0,2,0,0,0,0,2,2,2,2,1,0,1,2
128,3515.410,-7583.828,-42.929,-154.238,-0.899559,0.434270,0.046944,-0.435598,-0.899856,-0.022687,0.032390,-0.040857,0.998640,0,0.48000,0.72000,28.800,1.440,575.000,400.000,-1,400.000,-1,325.000,325.000,300.000,300.000,-1,-1,-1,-1,700.000,900.000,675.000,-1,1,0,2,0,2,0,0,0,0,2,2,2,2,1,0,1,2
129,3485.591,-7599.311,-41.782,-152.560,-0.886492,0.460408,0.046428,-0.461733,-0.886720,-0.023046,0.030558,-0.041868,0.998656,0,0.56000,0.83878,33.600,1.678,525.000,400.000,-1,425.000,-1,325.000,325.000,300.000,300.000,-1,-1,-1,-1,675.000,900.000,600.000,-1,1,0,2,0,2,0,0,0,0,2,2,2,2,1,0,1,2
130,3452.046,-7618.000,-40.551,-150.878,-0.872639,0.486222,0.045714,-0.487535,-0.872789,-0.023455,0.028494,-0.042755,0.998679,0,0.64000,0.84112,38.400,1.682,500.000,400.000,-1,425.000,-1,325.000,325.000,300.000,300.000,-1,-1,-1,-1,650.000,900.000,550.000,-1,1,0,2,0,2,0,0,0,0,2,2,2,2,1,0,1,2
131,3414.943,-7640.128,-39.408,-149.189,-0.857964,0.511742,0.044924,-0.513016,-0.858066,-0.023180,0.026685,-0.042934,0.998721,0,0.72000,0.84482,43.200,1.690,475.000,400.000,-1,425.000,-1,325.000,325.000,300.000,300.000,-1,-1,-1,-1,600.000,925.000,500.000,-1,1,0,2,0,2,0,0,0,0,2,2,2,2,1,0,1,2
132,3374.466,-7665.926,-38.216,-147.489,-0.842453,0.536969,0.044019,-0.538199,-0.842507,-0.022875,0.024803,-0.042962,0.998769,0,0.80000,0.84992,48.000,1.700,425.000,400.000,-1,425.000,-1,325.000,325.000,300.000,300.000,-1,-1,-1,-1,575.000,925.000,475.000,-1,1,1,2,0,2,0,0,0,0,2,2,2,2,1,0,1,2
133,3330.809,-7695.622,-37.142,-145.776,-0.826106,0.561931,0.042204,-0.563074,-0.826103,-0.022399,0.022278,-0.042268,0.998858,0,0.88000,0.85652,52.800,1.713,375.000,375.000,-1,425.000,-1,325.000,325.000,300.000,300.000,-1,-1,-1,-1,550.000,925.000,400.000,-1,1,1,2,0,2,0,0,0,0,2,2,2,2,1,0,1,2
134,3284.183,-7729.441,-36.165,-144.046,-0.808879,0.586639,0.039618,-0.587662,-0.808811,-0.021887,0.019203,-0.040986,0.998975,0,0.96000,0.86475,57.600,1.729,325.000,350.000,-1,425.000,-1,325.000,325.000,300.000,300.000,-1,-1,-1,-1,525.000,950.000,350.000,-1,1,1,2,0,2,0,0,1,0,2,2,2,2,1,0,1,2
135,3236.712,-7766.134,-35.235,-142.297,-0.790701,0.611095,0.036826,-0.611995,-0.790568,-0.021545,0.015947,-0.039573,0.999089,0,1.00000,0.87479,60.000,1.750,275.000,325.000,-1,425.000,-1,325.000,325.000,300.000,300.000,-1,-1,-1,-1,475.000,950.000,300.000,-1,1,1,2,0,2,1,0,1,0,2,2,2,2,1,0,1,2
136,3190.396,-7804.277,-33.152,-140.525,-0.771441,0.635400,0.033851,-0.636083,-0.771477,-0.014871,0.016666,-0.033004,0.999316,0,1.00000,0.88600,60.000,1.772,250.000,325.000,-1,425.000,-1,325.000,350.000,300.000,300.000,-1,-1,-1,-1,475.000,975.000,275.000,-1,1,1,2,0,2,1,0,1,0,2,2,2,2,1,0,1,2
137,3145.297,-7843.851,-29.789,-138.729,-0.751084,0.659475,0.031082,-0.659800,-0.751441,-0.000295,0.023162,-0.020729,0.999517,0,1.00000,0.89762,60.000,1.795,250.000,325.000,-1,450.000,-1,300.000,350.000,325.000,300.000,-1,-1,-1,-1,475.000,-1,250.000,-1,1,1,2,0,2,1,1,1,0,2,2,2,2,1,2,1,2
138,3101.479,-7884.839,-26.148,-136.910,-0.729788,0.683132,0.027208,-0.682977,-0.730263,0.016067,0.030845,-0.006857,0.999501,0,1.00000,0.90976,60.000,1.820,225.000,325.000,-1,475.000,-1,300.000,350.000,350.000,275.000,-1,-1,675.000,-1,525.000,-1,225.000,-1,1,1,2,1,2,1,1,1,0,2,2,0,2,1,2,1,2
