timestep,x_cm,y_cm,z_cm,yaw_deg,basis_xx,basis_xy,basis_xz,basis_yx,basis_yy,basis_yz,basis_zx,basis_zy,basis_zz,teleport_flag,throttle_cmd,steering_cmd,cmd_move_cm,cmd_turn_deg,lidar_cm_0,lidar_cm_1,lidar_cm_2,lidar_cm_3,lidar_cm_4,lidar_cm_5,lidar_cm_6,lidar_cm_7,lidar_cm_8,lidar_cm_9,lidar_cm_10,lidar_cm_11,lidar_cm_12,lidar_cm_13,lidar_cm_14,lidar_cm_15,lidar_cm_16,lidar_class_0,lidar_class_1,lidar_class_2,lidar_class_3,lidar_class_4,lidar_class_5,lidar_class_6,lidar_class_7,lidar_class_8,lidar_class_9,lidar_class_10,lidar_class_11,lidar_class_12,lidar_class_13,lidar_class_14,lidar_class_15,lidar_class_16
0,324.302,8858.186,-90.536,139.756,-0.763292,-0.646046,0.003165,0.646034,-0.763298,-0.003916,0.004945,-0.000945,0.999987,1,0.08000,-0.12000,4.800,-0.240,-1,400.000,-1,425.000,-1,325.000,325.000,300.000,300.000,-1,-1,-1,-1,800.000,775.000,-1,-1,2,0,2,0,2,0,0,0,0,2,2,2,2,0,0,2,2
1,317.027,8864.449,-90.536,139.276,-0.757854,-0.652417,0.002995,0.652407,-0.757859,-0.003792,0.004744,-0.000919,0.999988,0,0.16000,-0.24000,9.600,-0.480,-1,400.000,-1,425.000,-1,325.000,325.000,300.000,300.000,-1,-1,-1,-1,800.000,775.000,-1,-1,2,0,2,0,2,0,0,0,0,2,2,2,2,0,0,2,2
2,306.233,8873.980,-90.540,138.556,-0.749597,-0.661889,0.002730,0.661880,-0.749601,-0.003602,0.004430,-0.000893,0.999990,0,0.24000,-0.36000,14.400,-0.720,-1,400.000,-1,425.000,-1,325.000,325.000,300.000,300.000,-1,-1,-1,-1,800.000,775.000,-1,-1,2,0,2,0,2,0,0,0,0,2,2,2,2,0,0,2,2
3,292.023,8886.892,-90.546,137.739,-0.740080,-0.672514,0.002369,0.672506,-0.740084,-0.003330,0.003992,-0.000871,0.999992,0,0.32000,-0.40864,19.200,-0.817,-1,400.000,-1,425.000,-1,325.000,325.000,300.000,300.000,-1,-1,-1,-1,800.000,775.000,-1,-1,2,0,2,0,2,0,0,0,0,2,2,2,2,0,0,2,2
4,274.496,8903.288,-90.565,136.910,-0.730281,-0.683144,0.002037,0.683139,-0.730283,-0.002854,0.003437,-0.000692,0.999994,0,0.40000,-0.41421,24.000,-0.828,-1,400.000,-1,425.000,-1,325.000,325.000,300.000,300.000,-1,-1,-1,-1,800.000,775.000,-1,-1,2,0,2,0,2,0,0,0,0,2,2,2,2,0,0,2,2
5,253.768,8923.283,-90.521,136.031,-0.719711,-0.694272,0.001715,0.694269,-0.719713,-0.001796,0.002481,-0.000102,0.999997,0,0.48000,-0.43969,28.800,-0.879,-1,400.000,-1,400.000,-1,325.000,325.000,300.000,300.000,-1,-1,-1,-1,825.000,750.000,-1,-1,2,0,2,0,2,0,0,0,0,2,2,2,2,0,0,2,2
6,229.950,8946.982,-90.502,135.145,-0.708891,-0.705317,0.001340,0.705317,-0.708892,-0.000594,0.001369,0.000524,0.999999,0,0.56000,-0.44296,33.600,-0.886,-1,400.000,-1,400.000,-1,325.000,325.000,300.000,300.000,-1,-1,-1,-1,825.000,750.000,-1,-1,2,0,2,0,2,0,0,0,0,2,2,2,2,0,0,2,2
7,203.154,8974.487,-90.521,134.251,-0.697805,-0.716287,0.000900,0.716288,-0.697805,0.000742,0.000097,0.001163,0.999999,0,0.64000,-0.44685,38.400,-0.894,-1,400.000,-1,400.000,-1,325.000,325.000,300.000,300.000,-1,-1,-1,-1,825.000,725.000,-1,-1,2,0,2,0,2,0,0,0,0,2,2,2,2,0,0,2,2
8,173.500,9005.902,-90.594,133.349,-0.686436,-0.727191,0.000381,0.727189,-0.686433,0.002206,-0.001343,0.001791,0.999997,0,0.72000,-0.45133,43.200,-0.903,-1,400.000,-1,400.000,-1,325.000,325.000,300.000,300.000,-1,-1,-1,-1,800.000,725.000,-1,-1,2,0,2,0,2,0,0,0,0,2,2,2,2,0,0,2,2
9,141.111,9041.327,-90.738,132.436,-0.674765,-0.738033,-0.000237,0.738027,-0.674761,0.003789,-0.002956,0.002382,0.999993,0,0.80000,-0.45639,48.000,-0.913,-1,400.000,-1,400.000,-1,325.000,325.000,300.000,300.000,-1,-1,-1,-1,800.000,700.000,-1,-1,2,0,2,0,2,0,0,0,0,2,2,2,2,0,0,2,2
10,106.117,9080.865,-90.972,131.512,-0.662776,-0.748817,-0.000970,0.748803,-0.662770,0.005486,-0.004751,0.002910,0.999984,0,0.88000,-0.46203,52.800,-0.924,975.000,400.000,-1,375.000,-1,325.000,325.000,300.000,300.000,-1,-1,-1,-1,775.000,675.000,-1,-1,1,0,2,0,2,0,0,0,0,2,2,2,2,0,0,2,2
11,71.006,9121.862,-91.061,130.578,-0.650481,-0.759520,-0.001690,0.759499,-0.650477,0.006342,-0.005916,0.002842,0.999978,0,0.89961,-0.46694,53.977,-0.934,925.000,400.000,-1,375.000,-1,325.000,325.000,275.000,300.000,-1,-1,-1,-1,775.000,675.000,-1,-1,1,0,2,0,2,0,0,0,0,2,2,2,2,0,0,2,2
12,36.425,9163.582,-90.911,129.655,-0.638158,-0.769901,-0.002576,0.769880,-0.638161,0.005852,-0.006149,0.001751,0.999980,0,0.90316,-0.46144,54.189,-0.923,900.000,400.000,-1,375.000,-1,325.000,325.000,275.000,300.000,-1,-1,-1,-1,750.000,675.000,1000.000,-1,1,0,2,0,2,0,0,0,0,2,2,2,2,0,0,1,2
13,2.394,9205.993,-90.822,128.744,-0.625829,-0.779952,-0.003681,0.779935,-0.625839,0.005193,-0.006354,0.000379,0.999980,0,0.90627,-0.45555,54.376,-0.911,850.000,400.000,-1,375.000,-1,325.000,325.000,275.000,300.000,-1,-1,-1,-1,750.000,650.000,950.000,-1,1,0,2,0,2,0,0,0,0,2,2,2,2,0,0,1,2
14,-31.065,9249.057,-90.794,127.845,-0.613512,-0.789670,-0.005010,0.789659,-0.613531,0.004376,-0.006530,-0.001272,0.999978,0,0.90890,-0.44927,54.534,-0.899,825.000,400.000,-1,375.000,-1,325.000,300.000,275.000,300.000,-1,-1,-1,-1,725.000,650.000,925.000,-1,1,0,2,0,2,0,0,0,0,2,2,2,2,0,0,1,2
15,-63.930,9292.735,-90.870,126.960,-0.601227,-0.799050,-0.006640,0.799051,-0.601254,0.003174,-0.006529,-0.003397,0.999973,0,0.91103,-0.44262,54.662,-0.885,775.000,400.000,-1,375.000,-1,325.000,300.000,275.000,300.000,-1,-1,-1,-1,725.000,650.000,875.000,-1,1,0,2,0,2,0,0,0,0,2,2,2,2,0,0,1,2
16,-96.184,9336.983,-91.053,126.089,-0.588996,-0.808090,-0.008646,0.808111,-0.589028,0.001544,-0.006340,-0.006077,0.999961,0,0.91260,-0.43559,54.756,-0.871,750.000,375.000,-1,375.000,-1,300.000,300.000,275.000,300.000,-1,-1,-1,-1,700.000,650.000,850.000,-1,1,0,2,0,2,0,0,0,0,2,2,2,2,0,0,1,2
17,-127.807,9381.757,-91.309,125.232,-0.576840,-0.816786,-0.010825,0.816835,-0.576872,-0.000210,-0.006073,-0.008964,0.999941,0,0.91358,-0.42821,54.815,-0.856,700.000,375.000,-1,350.000,-1,300.000,300.000,275.000,300.000,-1,-1,-1,-1,700.000,625.000,800.000,-1,1,0,2,0,2,0,0,0,0,2,2,2,2,0,0,1,2
18,-158.781,9427.008,-91.178,124.391,-0.564804,-0.825155,-0.010762,0.825215,-0.564815,-0.002258,-0.004215,-0.010156,0.999940,0,0.91395,-0.42049,54.837,-0.841,675.000,375.000,-1,350.000,-1,300.000,300.000,275.000,300.000,-1,-1,-1,-1,700.000,625.000,775.000,-1,1,0,2,0,2,0,0,0,0,2,2,2,2,0,0,1,2
19,-189.091,9472.686,-90.814,123.567,-0.552893,-0.833200,-0.009281,0.833251,-0.552876,-0.004623,-0.001280,-0.010289,0.999946,0,0.91366,-0.41246,54.820,-0.825,650.000,375.000,-1,375.000,-1,300.000,300.000,275.000,300.000,-1,-1,-1,-1,700.000,625.000,750.000,-1,1,0,2,0,2,0,0,0,0,2,2,2,2,1,0,1,2
20,-218.723,9518.739,-90.498,122.758,-0.541110,-0.840915,-0.007863,0.840950,-0.541065,-0.007209,0.001808,-0.010513,0.999943,0,0.91271,-0.40415,54.762,-0.808,625.000,375.000,-1,375.000,1000.000,300.000,300.000,300.000,300.000,-1,-1,-1,-1,700.000,625.000,725.000,-1,1,0,2,0,1,0,0,0,0,2,2,2,2,1,0,1,2
21,-247.664,9565.114,-90.228,121.967,-0.529471,-0.848303,-0.006513,0.848313,-0.529401,-0.010010,0.005043,-0.010825,0.999929,0,0.91107,-0.39559,54.664,-0.791,600.000,375.000,-1,375.000,975.000,325.000,300.000,300.000,300.000,-1,-1,-1,-1,675.000,625.000,725.000,1000.000,1,0,2,0,1,0,0,0,0,2,2,2,2,1,0,1,1
22,-275.904,9611.756,-89.966,121.193,-0.517989,-0.855372,-0.005170,0.855347,-0.517896,-0.012832,0.008298,-0.011069,0.999904,0,0.90876,-0.38684,54.525,-0.774,575.000,400.000,-1,375.000,925.000,325.000,300.000,300.000,300.000,-1,-1,-1,-1,675.000,650.000,700.000,950.000,1,0,2,0,1,0,0,0,0,2,2,2,2,1,0,1,1
23,-303.435,9658.613,-89.697,120.437,-0.506675,-0.862129,-0.003807,0.862060,-0.506566,-0.015600,0.011521,-0.011186,0.999871,0,0.90577,-0.37796,54.346,-0.756,550.000,400.000,-1,375.000,900.000,325.000,300.000,300.000,300.000,-1,425.000,575.000,-1,650.000,650.000,675.000,925.000,1,0,2,0,1,0,0,0,0,2,0,0,2,1,0,1,1
24,-330.253,9705.630,-89.071,119.699,-0.495558,-0.868564,-0.004438,0.868467,-0.495409,-0.018301,0.013697,-0.012924,0.999823,0,0.90213,-0.36900,54.128,-0.738,525.000,400.000,-1,375.000,850.000,325.000,300.000,325.000,300.000,-1,400.000,525.000,-1,650.000,650.000,650.000,875.000,1,0,2,0,1,0,0,0,0,2,0,0,2,1,0,1,1
25,-359.003,9757.069,-88.368,119.201,-0.488033,-0.872807,-0.005634,0.872680,-0.487824,-0.021365,0.015899,-0.015343,0.999756,0,0.98213,-0.24900,58.928,-0.498,500.000,400.000,-1,375.000,825.000,325.000,300.000,325.000,300.000,-1,375.000,475.000,-1,625.000,650.000,625.000,825.000,1,0,2,0,1,0,0,0,0,2,0,0,2,1,0,1,1
26,-387.809,9809.156,-87.424,118.943,-0.484175,-0.874938,-0.007547,0.874767,-0.483858,-0.025754,0.018881,-0.019071,0.999640,0,0.99204,-0.12900,59.522,-0.258,475.000,375.000,-1,375.000,775.000,325.000,300.000,300.000,300.000,-1,375.000,450.000,-1,625.000,650.000,600.000,775.000,1,0,2,0,1,0,0,0,0,2,0,0,2,1,0,1,1
27,-416.459,9860.998,-86.496,118.925,-0.483999,-0.875015,-0.009659,0.874796,-0.483542,-0.030324,0.021863,-0.023126,0.999493,0,0.98719,-0.00900,59.231,-0.018,425.000,375.000,-1,375.000,725.000,300.000,300.000,300.000,300.000,-1,350.000,450.000,-1,600.000,675.000,575.000,750.000,1,0,2,0,1,0,0,0,0,2,0,0,2,1,1,1,1
28,-445.683,9913.400,-85.582,119.147,-0.487506,-0.873038,-0.011915,0.872766,-0.486875,-0.035102,0.024845,-0.027512,0.999313,0,1.00000,0.11100,60.000,0.222,400.000,375.000,-1,375.000,675.000,300.000,300.000,300.000,300.000,-1,350.000,425.000,-1,600.000,650.000,550.000,700.000,1,0,2,0,1,0,0,0,0,2,0,0,2,1,1,1,1
29,-475.329,9965.565,-84.065,119.609,-0.494585,-0.869032,-0.013009,0.868748,-0.493869,-0.037016,0.025743,-0.029609,0.999230,0,1.00000,0.23100,60.000,0.462,375.000,375.000,-1,375.000,625.000,300.000,300.000,300.000,300.000,-1,375.000,475.000,-1,575.000,600.000,500.000,650.000,1,0,2,0,1,0,0,0,0,2,0,0,2,1,1,1,1
30,-505.611,10017.362,-82.446,120.312,-0.505238,-0.862868,-0.013905,0.862584,-0.504452,-0.038431,0.026146,-0.031411,0.999165,0,1.00000,0.35100,60.000,0.702,325.000,375.000,-1,375.000,575.000,300.000,300.000,300.000,300.000,-1,425.000,525.000,-1,575.000,575.000,450.000,600.000,1,1,2,0,1,0,0,1,0,2,0,0,2,1,1,1,1
31,-536.741,10068.655,-80.519,121.254,-0.519383,-0.854441,-0.013072,0.854097,-0.518559,-0.040177,0.027551,-0.032032,0.999107,0,1.00000,0.47100,60.000,0.942,300.000,350.000,-1,375.000,525.000,300.000,300.000,275.000,300.000,-1,475.000,575.000,-1,575.000,550.000,425.000,550.000,1,1,2,0,1,0,0,1,0,2,0,0,2,1,1,1,1
32,-568.922,10119.295,-78.586,122.436,-0.536924,-0.843545,-0.012018,0.843133,-0.536064,-0.041988,0.028976,-0.032677,0.999046,0,1.00000,0.59100,60.000,1.182,275.000,350.000,-1,375.000,500.000,300.000,300.000,275.000,300.000,-1,525.000,600.000,-1,575.000,500.000,375.000,500.000,1,1,2,0,1,0,0,1,0,2,0,0,2,1,1,1,1
33,-602.348,10169.122,-75.079,123.858,-0.557570,-0.830126,-0.002454,0.829366,-0.556929,-0.044516,0.035587,-0.026856,0.999006,0,1.00000,0.71100,60.000,1.422,275.000,350.000,-1,375.000,450.000,325.000,325.000,250.000,300.000,-1,500.000,575.000,-1,650.000,500.000,450.000,475.000,1,1,2,0,1,1,0,1,0,2,0,0,2,1,1,1,1
34,-637.206,10217.958,-70.909,125.520,-0.581068,-0.813782,0.010939,0.812643,-0.580883,-0.046749,0.044398,-0.018275,0.998847,0,1.00000,0.83100,60.000,1.662,300.000,375.000,-1,375.000,400.000,325.000,325.000,250.000,300.000,-1,475.000,425.000,-1,750.000,475.000,-1,425.000,1,1,2,1,1,1,0,1,0,2,0,0,2,1,1,2,1
35,-670.381,10262.078,-67.354,126.942,-0.600666,-0.799197,0.021998,0.797825,-0.600961,-0.048183,0.051727,-0.011392,0.998596,0,0.92000,0.71100,55.200,1.422,350.000,375.000,-1,350.000,375.000,325.000,350.000,250.000,275.000,-1,375.000,300.000,-1,825.000,450.000,-1,400.000,1,1,2,1,1,1,1,1,0,2,0,0,2,1,1,2,1
36,-701.497,10301.727,-64.154,128.124,-0.616653,-0.786664,0.029999,0.785157,-0.617345,-0.049122,0.057163,-0.006737,0.998342,0,0.84000,0.59100,50.400,1.182,375.000,400.000,-1,350.000,325.000,350.000,350.000,250.000,275.000,-1,325.000,250.000,-1,875.000,425.000,-1,350.000,1,1,2,1,1,1,1,1,0,2,0,0,2,0,1,2,1
37,-730.965,10338.032,-61.353,129.066,-0.629183,-0.776421,0.036043,0.774825,-0.630205,-0.049877,0.061440,-0.003455,0.998105,0,0.77930,0.47100,46.758,0.942,500.000,425.000,-1,325.000,300.000,350.000,325.000,250.000,275.000,-1,325.000,250.000,-1,900.000,425.000,-1,325.000,1,1,2,1,1,1,1,1,0,2,0,0,2,0,1,2,1
38,-760.782,10373.861,-58.832,129.768,-0.638363,-0.768645,0.040950,0.766972,-0.639674,-0.050708,0.065171,-0.000963,0.997874,0,0.77688,0.35100,46.613,0.702,-1,450.000,-1,325.000,275.000,375.000,325.000,225.000,275.000,-1,300.000,225.000,-1,925.000,400.000,-1,300.000,2,1,2,1,1,1,1,1,0,2,0,0,2,0,1,2,1
39,-790.748,10409.283,-56.588,130.230,-0.644316,-0.763463,0.044510,0.761708,-0.645852,-0.051728,0.068239,0.000574,0.997669,0,0.77327,0.23100,46.396,0.462,-1,475.000,-1,300.000,225.000,375.000,300.000,225.000,275.000,-1,300.000,225.000,-1,925.000,400.000,-1,250.000,2,1,2,1,1,1,1,1,0,2,0,0,2,0,1,2,1
40,-820.660,10444.368,-51.816,130.452,-0.647351,-0.760920,0.044002,0.758099,-0.648776,-0.066142,0.078876,-0.009459,0.996840,0,0.76839,0.11100,46.104,0.222,-1,500.000,-1,300.000,225.000,375.000,300.000,200.000,300.000,-1,225.000,200.000,-1,975.000,400.000,-1,250.000,2,1,2,1,1,1,1,1,0,2,0,0,2,0,1,2,1
41,-850.320,10479.178,-46.608,130.434,-0.647499,-0.760950,0.041224,0.756631,-0.648389,-0.084271,0.090855,-0.023374,0.995590,0,0.76217,-0.00900,45.730,-0.018,-1,500.000,-1,300.000,225.000,375.000,325.000,200.000,300.000,1000.000,200.000,175.000,-1,-1,425.000,-1,250.000,2,1,2,1,1,1,1,1,1,0,0,0,2,2,1,2,1
42,-879.531,10513.771,-41.709,130.176,-0.644767,-0.763504,0.036556,0.757548,-0.644654,-0.102675,0.101958,-0.038509,0.994043,0,0.75456,-0.12900,45.274,-0.258,-1,525.000,-1,325.000,225.000,375.000,325.000,175.000,300.000,875.000,175.000,175.000,-1,-1,475.000,-1,250.000,2,1,2,1,1,1,1,1,1,0,0,0,2,2,1,2,1
43,-908.097,10548.201,-37.129,129.678,-0.639175,-0.768488,0.029701,0.760843,-0.637504,-0.121270,0.112129,-0.054915,0.992175,0,0.74557,-0.24900,44.734,-0.498,-1,575.000,-1,325.000,225.000,400.000,325.000,150.000,300.000,775.000,150.000,150.000,-1,-1,500.000,-1,250.000,2,0,2,1,1,1,1,1,1,0,0,0,2,2,1,2,1
44,-935.830,10582.511,-32.879,128.940,-0.630705,-0.775755,0.020383,0.766482,-0.626842,-0.139910,0.121313,-0.072618,0.989954,0,0.73525,-0.36900,44.115,-0.738,-1,575.000,-1,325.000,225.000,400.000,325.000,150.000,300.000,575.000,100.000,150.000,-1,-1,550.000,-1,250.000,2,0,2,1,1,1,1,1,1,1,0,0,2,2,1,2,1
45,-962.622,10616.686,-28.652,128.081,-0.620792,-0.783922,0.009139,0.773343,-0.614245,-0.156980,0.128674,-0.090385,0.987559,0,0.72370,-0.42949,43.422,-0.859,-1,600.000,-1,350.000,225.000,400.000,350.000,150.000,300.000,375.000,100.000,150.000,-1,-1,600.000,-1,275.000,2,0,2,1,1,1,1,1,1,1,0,0,2,2,1,2,1
46,-988.453,10650.674,-22.874,127.223,-0.610186,-0.792258,-0.001147,0.781755,-0.601860,-0.163169,0.128581,-0.100460,0.986597,0,0.71149,-0.42876,42.690,-0.858,-1,575.000,-1,350.000,200.000,425.000,350.000,125.000,300.000,300.000,125.000,200.000,-1,-1,600.000,-1,250.000,2,0,2,1,1,1,1,1,1,1,0,0,2,2,1,2,1
47,-1013.335,10684.451,-17.744,126.366,-0.599255,-0.800470,-0.011926,0.790640,-0.589426,-0.165727,0.125630,-0.108742,0.986099,0,0.69922,-0.42850,41.953,-0.857,-1,575.000,-1,325.000,175.000,400.000,325.000,125.000,300.000,250.000,175.000,275.000,-1,-1,575.000,-1,225.000,2,0,2,1,1,1,1,1,1,1,0,0,2,2,1,2,1
48,-1040.338,10722.618,-11.983,125.269,-0.584833,-0.810841,-0.022526,0.801577,-0.573451,-0.169198,0.124275,-0.117008,0.985325,0,0.77922,-0.54850,46.753,-1.097,-1,575.000,1000.000,325.000,150.000,425.000,325.000,150.000,300.000,175.000,225.000,350.000,-1,1000.000,550.000,-1,200.000,2,0,1,1,1,1,1,1,1,1,0,0,2,1,1,2,1
49,-1068.578,10764.602,-3.262,123.932,-0.565922,-0.824229,-0.019455,0.813638,-0.554529,-0.174613,0.133133,-0.114647,0.984445,0,0.84323,-0.66850,50.594,-1.337,-1,600.000,925.000,350.000,125.000,450.000,350.000,150.000,275.000,175.000,250.000,350.000,-1,950.000,550.000,-1,200.000,2,0,1,1,1,1,1,1,1,1,0,0,2,1,1,2,1
50,-5575.411,-8854.983,55.683,12.983,0.954756,-0.221726,0.198189,0.247731,0.961672,-0.117541,-0.164531,0.161321,0.973091,1,0.00000,0.00000,50.680,-1.577,750.000,300.000,500.000,250.000,175.000,250.000,225.000,475.000,300.000,400.000,0.000,100.000,-1,450.000,350.000,575.000,200.000,1,0,1,0,0,0,0,1,0,1,1,1,2,1,1,1,0
51,-7547.920,-4264.420,128.910,10.358,0.973926,-0.179586,0.138629,0.184456,0.982571,-0.023012,-0.132080,0.047983,0.990077,1,-0.08000,-0.12000,-4.800,-0.240,-1,375.000,-1,275.000,275.000,275.000,250.000,375.000,250.000,175.000,550.000,550.000,-1,625.000,425.000,-1,300.000,2,0,2,0,0,0,0,1,0,1,1,1,2,0,0,2,0
52,-7557.377,-4266.066,130.101,9.878,0.975103,-0.171329,0.140783,0.176636,0.983933,-0.026009,-0.134065,0.050229,0.989699,0,-0.16000,-0.24000,-9.600,-0.480,-1,375.000,-1,275.000,250.000,275.000,250.000,375.000,250.000,175.000,525.000,550.000,-1,625.000,425.000,-1,300.000,2,0,2,0,0,0,0,1,0,1,1,1,2,0,0,2,0
53,-7571.593,-4268.358,131.907,9.158,0.976727,-0.158923,0.144040,0.164927,0.985829,-0.030673,-0.137124,0.053715,0.989096,0,-0.24000,-0.36000,-14.400,-0.720,-1,375.000,-1,275.000,250.000,275.000,250.000,375.000,250.000,175.000,525.000,525.000,-1,625.000,425.000,-1,275.000,2,0,2,0,0,0,0,1,0,1,1,1,2,0,0,2,0
54,-7590.595,-4271.094,134.354,8.198,0.978626,-0.142344,0.148422,0.149363,0.988082,-0.037213,-0.141356,0.058586,0.988224,0,-0.32000,-0.48000,-19.200,-0.960,-1,350.000,-1,275.000,225.000,275.000,250.000,375.000,250.000,175.000,525.000,525.000,-1,600.000,400.000,-1,250.000,2,0,2,0,0,0,0,1,0,1,1,1,2,0,0,2,0
55,-7614.409,-4274.060,137.420,7.102,0.980350,-0.123380,0.153918,0.131772,0.990234,-0.045523,-0.146798,0.064911,0.987034,0,-0.40000,-0.54770,-24.000,-1.095,-1,350.000,-1,275.000,200.000,275.000,250.000,350.000,250.000,175.000,500.000,500.000,-1,600.000,400.000,-1,225.000,2,0,2,0,0,0,0,1,0,1,1,1,2,0,0,2,0
56,-7643.048,-4277.074,141.062,6.011,0.981489,-0.104448,0.160531,0.114601,0.991870,-0.055324,-0.153447,0.072697,0.985479,0,-0.48000,-0.54549,-28.800,-1.091,-1,350.000,-1,250.000,175.000,275.000,225.000,350.000,225.000,175.000,500.000,475.000,-1,600.000,375.000,-1,200.000,2,0,2,0,0,0,0,1,0,1,1,1,2,0,0,2,0
57,-7675.407,-4279.859,145.188,4.926,0.982057,-0.085574,0.168052,0.097918,0.992965,-0.066578,-0.161173,0.081838,0.983527,0,-0.54136,-0.54285,-32.482,-1.086,-1,350.000,975.000,250.000,150.000,275.000,225.000,325.000,225.000,150.000,475.000,450.000,-1,600.000,375.000,-1,175.000,2,0,0,0,0,0,0,1,0,1,1,1,2,0,0,2,0
58,983.685,6887.378,-23.104,87.600,-0.020428,-0.969573,0.243947,0.969258,0.040635,0.242668,-0.245197,0.241405,0.938937,1,0.00000,0.00000,-32.451,-1.080,-1,350.000,550.000,225.000,100.000,250.000,200.000,-1,250.000,225.000,250.000,-1,-1,500.000,275.000,775.000,125.000,2,1,0,0,0,1,0,2,0,1,1,2,2,0,0,0,0
59,981.980,-4267.962,-261.963,-113.535,-0.398427,0.916746,-0.028839,-0.916132,-0.399283,-0.035694,-0.044238,0.012199,0.998947,1,0.08000,-0.12000,4.800,-0.240,400.000,375.000,550.000,400.000,-1,325.000,325.000,300.000,300.000,-1,-1,-1,-1,400.000,600.000,400.000,750.000,1,1,1,0,2,0,0,0,0,2,2,2,2,1,1,1,1
60,978.073,-4276.731,-262.375,-114.015,-0.406078,0.913368,-0.029319,-0.912758,-0.406949,-0.035579,-0.044428,0.012313,0.998937,0,0.16000,-0.24000,9.600,-0.480,375.000,350.000,550.000,400.000,-1,325.000,325.000,300.000,300.000,-1,-1,-1,-1,400.000,600.000,375.000,750.000,1,1,1,0,2,0,0,0,0,2,2,2,2,1,1,1,1
61,972.048,-4289.810,-263.001,-114.735,-0.417501,0.908180,-0.030021,-0.907575,-0.418393,-0.035409,-0.044719,0.012463,0.998922,0,0.24000,-0.36000,14.400,-0.720,375.000,350.000,525.000,400.000,-1,325.000,325.000,300.000,300.000,-1,-1,-1,-1,400.000,575.000,375.000,750.000,1,1,1,0,2,0,0,0,0,2,2,2,2,1,1,1,1
62,963.723,-4307.111,-263.851,-115.695,-0.432630,0.901041,-0.030927,-0.900442,-0.433550,-0.035186,-0.045113,0.012625,0.998902,0,0.32000,-0.48000,19.200,-0.960,350.000,350.000,525.000,400.000,-1,325.000,325.000,300.000,300.000,-1,-1,-1,-1,375.000,575.000,350.000,750.000,1,1,1,0,2,0,0,0,0,2,2,2,2,1,1,1,1
63,952.866,-4328.515,-264.940,-116.895,-0.451371,0.891762,-0.032005,-0.891170,-0.452324,-0.034914,-0.045611,0.012763,0.998878,0,0.40000,-0.60000,24.000,-1.200,325.000,325.000,500.000,400.000,-1,325.000,325.000,275.000,300.000,-1,-1,-1,-1,375.000,575.000,325.000,750.000,1,1,1,0,2,0,0,0,0,2,2,2,2,1,1,1,1
64,939.197,-4353.865,-266.286,-118.335,-0.473601,0.880113,-0.033215,-0.879526,-0.474591,-0.034596,-0.046212,0.012829,0.998849,0,0.48000,-0.72000,28.800,-1.440,300.000,300.000,475.000,400.000,-1,325.000,325.000,275.000,300.000,-1,-1,-1,-1,350.000,550.000,300.000,725.000,1,1,1,0,2,1,0,0,0,2,2,2,2,1,1,1,1
65,922.410,-4382.971,-267.911,-119.975,-0.498547,0.866176,-0.034498,-0.865593,-0.499576,-0.034237,-0.046890,0.012793,0.998818,0,0.56000,-0.81970,33.600,-1.639,250.000,300.000,450.000,400.000,-1,300.000,325.000,275.000,300.000,-1,-1,-1,-1,325.000,550.000,250.000,725.000,1,1,1,0,2,1,0,0,0,2,2,2,2,1,1,1,1
66,902.304,-4415.686,-269.776,-121.573,-0.522462,0.851900,-0.036045,-0.851327,-0.523542,-0.033836,-0.047696,0.013008,0.998777,0,0.64000,-0.79926,38.400,-1.599,225.000,275.000,425.000,400.000,-1,275.000,325.000,275.000,300.000,-1,-1,-1,-1,300.000,525.000,225.000,725.000,1,1,1,0,2,1,0,0,0,2,2,2,2,1,1,1,1
67,878.696,-4451.865,-271.868,-123.126,-0.545274,0.837398,-0.037959,-0.836845,-0.546425,-0.033320,-0.048644,0.013597,0.998724,0,0.72000,-0.77619,43.200,-1.552,175.000,250.000,400.000,400.000,-1,250.000,325.000,275.000,300.000,-1,-1,-1,-1,275.000,500.000,200.000,700.000,1,1,1,0,2,1,1,0,0,2,2,2,2,1,1,1,1
68,851.421,-4491.364,-274.264,-124.626,-0.566933,0.822796,-0.039924,-0.822274,-0.568156,-0.032617,-0.049520,0.014337,0.998670,0,0.80000,-0.75014,48.000,-1.500,150.000,225.000,375.000,400.000,-1,225.000,300.000,300.000,300.000,-1,-1,-1,-1,250.000,475.000,150.000,675.000,1,1,1,1,2,1,1,0,0,2,2,2,2,1,1,1,1
69,820.345,-4534.047,-269.880,-126.067,-0.587549,0.807525,-0.051849,-0.808739,-0.588152,0.004375,-0.026963,0.044503,0.998645,0,0.88000,-0.72073,52.800,-1.441,125.000,200.000,350.000,375.000,-1,225.000,275.000,350.000,300.000,-1,-1,-1,950.000,225.000,450.000,125.000,700.000,1,1,1,1,2,1,1,0,0,2,2,2,0,1,1,1,1
70,787.719,-4576.709,-263.951,-127.442,-0.608046,0.791308,-0.064115,-0.793900,-0.605928,0.050724,0.001289,0.081744,0.996653,0,0.89514,-0.68754,53.709,-1.375,125.000,200.000,350.000,375.000,-1,200.000,275.000,375.000,275.000,-1,475.000,150.000,525.000,225.000,475.000,125.000,-1,1,1,1,1,2,1,1,1,0,2,0,0,0,1,1,1,2
71,754.464,-4618.239,-258.026,-128.747,-0.628387,0.774339,-0.074358,-0.777331,-0.621396,0.098094,0.029753,0.119442,0.992395,0,0.88669,-0.65210,53.202,-1.304,125.000,200.000,350.000,350.000,-1,200.000,275.000,375.000,250.000,-1,275.000,75.000,325.000,225.000,475.000,125.000,-1,1,1,1,1,2,1,1,1,0,2,0,0,0,1,1,1,2
72,720.784,-4658.536,-252.070,-129.977,-0.648474,0.756759,-0.082442,-0.759003,-0.634478,0.146124,0.058273,0.157331,0.985825,0,0.87522,-0.61520,52.513,-1.230,100.000,200.000,400.000,350.000,-1,200.000,275.000,375.000,225.000,-1,225.000,25.000,225.000,225.000,525.000,125.000,-1,1,1,1,1,2,1,1,1,0,2,0,0,0,1,1,1,2
73,686.880,-4697.506,-245.385,-131.131,-0.668049,0.739089,-0.086359,-0.739034,-0.645460,0.192901,0.086830,0.192690,0.977411,0,0.86075,-0.57717,51.645,-1.154,100.000,200.000,525.000,375.000,-1,200.000,275.000,375.000,225.000,-1,175.000,0.000,175.000,225.000,1000.000,100.000,-1,1,1,1,1,2,1,1,1,0,2,0,0,0,1,0,1,2
74,1639.827,-4919.476,-213.779,102.283,-0.211399,-0.977108,-0.023892,0.970872,-0.212744,0.110211,-0.112771,0.000102,0.993621,1,0.00000,0.00000,50.607,-1.077,750.000,325.000,-1,300.000,650.000,250.000,250.000,325.000,350.000,225.000,750.000,575.000,400.000,500.000,475.000,625.000,525.000,0,0,2,0,0,0,0,1,0,1,1,1,1,0,0,0,0
75,1638.786,-4914.791,-214.365,102.523,-0.215509,-0.976208,-0.023946,0.970148,-0.216836,0.108604,-0.111213,0.000174,0.993797,0,0.08000,0.12000,4.800,0.240,775.000,325.000,-1,300.000,650.000,250.000,250.000,325.000,350.000,225.000,750.000,550.000,425.000,500.000,475.000,625.000,550.000,0,0,2,0,0,0,0,1,0,1,1,1,1,0,0,0,0
76,1636.636,-4905.435,-215.505,102.947,-0.222779,-0.974578,-0.023807,0.968850,-0.224047,0.105516,-0.108167,0.000441,0.994133,0,0.16000,0.21180,9.600,0.424,775.000,325.000,-1,300.000,675.000,275.000,250.000,325.000,350.000,225.000,725.000,550.000,425.000,500.000,475.000,625.000,550.000,0,0,2,0,0,0,0,1,0,1,1,1,1,0,0,0,0
77,1633.306,-4891.427,-217.094,103.369,-0.230086,-0.972901,-0.022879,0.967614,-0.231218,0.101295,-0.103840,0.001169,0.994593,0,0.24000,0.21097,14.400,0.422,800.000,325.000,-1,300.000,725.000,275.000,250.000,325.000,350.000,225.000,700.000,525.000,425.000,500.000,475.000,650.000,575.000,0,0,2,0,0,0,0,1,0,1,1,1,1,0,0,0,0
78,1628.731,-4872.781,-219.130,103.788,-0.237399,-0.971181,-0.021205,0.966434,-0.238333,0.095935,-0.098224,0.002282,0.995162,0,0.32000,0.20971,19.200,0.419,850.000,325.000,-1,300.000,775.000,275.000,250.000,350.000,325.000,225.000,675.000,500.000,425.000,525.000,475.000,675.000,600.000,0,0,2,0,0,0,0,1,0,1,1,1,1,0,0,0,0
79,1622.842,-4849.517,-221.610,104.204,-0.244676,-0.969421,-0.018890,0.965298,-0.245377,0.089391,-0.091292,0.003638,0.995817,0,0.40000,0.20801,24.000,0.416,875.000,325.000,-1,300.000,850.000,275.000,250.000,375.000,325.000,225.000,675.000,500.000,450.000,525.000,500.000,700.000,650.000,0,0,2,0,0,0,0,1,0,1,1,1,1,0,0,0,0
80,1615.576,-4821.650,-224.537,104.616,-0.251871,-0.967627,-0.016103,0.964195,-0.252335,0.081575,-0.082998,0.005020,0.996537,0,0.48000,0.20585,28.800,0.412,950.000,325.000,-1,300.000,1000.000,275.000,275.000,400.000,325.000,225.000,650.000,475.000,450.000,550.000,500.000,750.000,700.000,0,0,2,0,0,0,0,1,0,1,1,1,1,0,0,0,0
81,1606.867,-4789.201,-227.918,105.022,-0.258933,-0.965807,-0.013081,0.963112,-0.259191,0.072354,-0.073270,0.006137,0.997293,0,0.56000,0.20320,33.600,0.406,1000.000,350.000,-1,325.000,-1,275.000,275.000,450.000,325.000,250.000,625.000,425.000,475.000,550.000,525.000,800.000,800.000,0,0,2,0,2,0,0,1,0,1,1,1,1,0,0,0,0
82,1596.656,-4752.185,-231.765,105.422,-0.265816,-0.963971,-0.010132,0.962027,-0.265927,0.061540,-0.062017,0.006611,0.998053,0,0.64000,0.20002,38.400,0.400,-1,350.000,-1,325.000,-1,275.000,275.000,450.000,300.000,250.000,625.000,400.000,500.000,575.000,550.000,850.000,950.000,2,0,2,0,2,0,0,0,0,1,1,1,1,0,0,0,0
83,1587.619,-4719.781,-235.095,105.582,-0.268570,-0.963227,-0.008046,0.961853,-0.268619,0.051796,-0.052052,0.006172,0.998625,0,0.56070,0.08002,33.642,0.160,-1,350.000,-1,325.000,-1,300.000,275.000,450.000,300.000,250.000,625.000,375.000,525.000,600.000,575.000,925.000,-1,2,0,2,0,2,0,0,0,0,1,1,1,1,0,0,0,2
84,1578.643,-4687.421,-238.401,105.502,-0.267235,-0.963608,-0.006678,0.962719,-0.267277,0.041655,-0.041924,0.004702,0.999110,0,0.55972,-0.03998,33.583,-0.080,-1,350.000,-1,350.000,-1,300.000,275.000,425.000,300.000,250.000,625.000,325.000,550.000,600.000,600.000,975.000,-1,2,0,2,0,2,0,0,0,0,1,1,1,1,0,0,0,2
85,1569.800,-4655.095,-240.994,105.299,-0.263676,-0.964564,-0.009546,0.964022,-0.263848,0.032322,-0.033695,-0.000680,0.999432,0,0.55858,-0.10196,33.515,-0.204,-1,350.000,-1,350.000,-1,300.000,300.000,400.000,300.000,275.000,625.000,325.000,625.000,600.000,625.000,1000.000,-1,2,0,2,0,2,0,0,0,0,1,1,1,1,0,0,0,2
86,1561.091,-4622.795,-243.360,105.087,-0.259995,-0.965497,-0.014776,0.965256,-0.260284,0.023095,-0.026144,-0.008258,0.999624,0,0.55756,-0.10556,33.454,-0.211,-1,350.000,-1,350.000,-1,300.000,300.000,375.000,300.000,275.000,600.000,300.000,-1,600.000,675.000,-1,-1,2,0,2,0,2,0,0,0,0,1,1,1,2,0,0,2,2
87,1552.516,-4590.502,-245.906,104.869,-0.256279,-0.966383,-0.020608,0.966435,-0.256574,0.013195,-0.018039,-0.016535,0.999701,0,0.55688,-0.10925,33.413,-0.218,-1,350.000,-1,375.000,-1,300.000,300.000,350.000,325.000,275.000,550.000,275.000,-1,625.000,700.000,-1,-1,2,0,2,0,2,0,0,0,0,1,1,1,2,0,0,2,2
88,1544.073,-4558.197,-248.611,104.643,-0.252551,-0.967204,-0.027107,0.967539,-0.252710,0.002561,-0.009327,-0.025580,0.999629,0,0.55651,-0.11304,33.391,-0.226,-1,350.000,-1,375.000,-1,300.000,300.000,325.000,325.000,300.000,475.000,225.000,-1,625.000,750.000,-1,-1,2,0,2,0,2,0,0,0,0,1,1,1,2,0,0,2,2
89,1535.764,-4525.860,-250.126,104.409,-0.248713,-0.968110,-0.030076,0.968567,-0.248731,-0.003204,-0.004379,-0.029927,0.999542,0,0.55645,-0.11691,33.387,-0.234,-1,350.000,-1,400.000,-1,300.000,300.000,325.000,325.000,300.000,175.000,225.000,-1,625.000,800.000,-1,-1,2,0,2,0,2,0,0,0,0,1,1,1,2,0,0,2,2
90,1527.589,-4493.476,-250.231,104.167,-0.244657,-0.969186,-0.028651,0.969604,-0.244653,-0.003687,-0.003436,-0.028682,0.999583,0,0.55667,-0.12088,33.400,-0.242,-1,350.000,-1,400.000,-1,300.000,300.000,325.000,325.000,350.000,200.000,250.000,-1,625.000,800.000,-1,-1,2,0,2,0,2,0,0,0,0,1,1,1,2,0,0,2,2
91,1519.549,-4461.027,-250.248,103.917,-0.240462,-0.970285,-0.026948,0.970656,-0.240434,-0.004300,-0.002307,-0.027191,0.999628,0,0.55716,-0.12493,33.430,-0.250,-1,350.000,-1,400.000,-1,300.000,300.000,325.000,325.000,375.000,225.000,275.000,-1,625.000,800.000,-1,-1,2,0,2,0,2,0,0,0,0,1,1,1,2,0,0,2,2
92,1511.645,-4428.499,-250.233,103.659,-0.236118,-0.971397,-0.025225,0.971724,-0.236070,-0.004926,-0.001169,-0.025675,0.999670,0,0.55791,-0.12906,33.475,-0.258,-1,350.000,-1,400.000,-1,300.000,325.000,325.000,325.000,400.000,250.000,300.000,-1,625.000,800.000,-1,-1,2,0,2,0,2,0,0,0,0,1,1,1,2,0,0,2,2
93,1503.878,-4395.877,-250.185,103.393,-0.231624,-0.972522,-0.023480,0.972805,-0.231557,-0.005565,-0.000025,-0.024131,0.999709,0,0.55890,-0.13328,33.534,-0.267,-1,350.000,-1,400.000,-1,300.000,325.000,325.000,325.000,425.000,275.000,325.000,-1,625.000,800.000,-1,-1,2,0,2,0,2,0,0,0,0,1,1,1,2,0,0,2,2
94,1496.251,-4363.147,-250.105,103.118,-0.226975,-0.973658,-0.021715,0.973900,-0.226893,-0.006215,0.001124,-0.022559,0.999745,0,0.56012,-0.13757,33.607,-0.275,-1,350.000,-1,400.000,-1,300.000,325.000,325.000,325.000,475.000,300.000,350.000,-1,625.000,825.000,-1,-1,2,0,2,0,2,0,0,0,0,1,1,1,2,0,0,2,2
95,1488.768,-4330.295,-249.995,102.834,-0.222168,-0.974805,-0.019928,0.975006,-0.222074,-0.006877,0.002278,-0.020958,0.999778,0,0.56155,-0.14194,33.693,-0.284,-1,350.000,-1,400.000,-1,300.000,325.000,325.000,325.000,500.000,325.000,350.000,-1,625.000,825.000,-1,-1,2,0,2,0,2,0,0,0,0,1,1,1,2,0,0,2,2
96,1481.431,-4297.310,-249.854,102.541,-0.217201,-0.975959,-0.018119,0.976121,-0.217097,-0.007549,0.003434,-0.019326,0.999807,0,0.56319,-0.14638,33.791,-0.293,-1,350.000,-1,400.000,-1,300.000,325.000,325.000,350.000,550.000,350.000,375.000,-1,625.000,825.000,-1,-1,2,0,2,0,2,0,0,0,0,1,1,1,2,0,0,2,2
97,1474.245,-4264.179,-249.684,102.239,-0.212070,-0.977119,-0.016289,0.977244,-0.211960,-0.008233,0.004592,-0.017664,0.999833,0,0.56503,-0.15090,33.902,-0.302,-1,350.000,-1,400.000,-1,300.000,325.000,325.000,350.000,575.000,375.000,400.000,-1,625.000,850.000,-1,-1,2,0,2,0,2,0,0,0,0,1,1,1,2,0,0,2,2
98,1467.213,-4230.890,-249.485,101.928,-0.206772,-0.978283,-0.014436,0.978372,-0.206660,-0.008924,0.005747,-0.015969,0.999856,0,0.56705,-0.15548,34.023,-0.311,-1,350.000,-1,400.000,-1,300.000,325.000,325.000,350.000,625.000,425.000,400.000,-1,625.000,850.000,-1,-1,2,0,2,0,2,0,0,0,0,1,1,1,2,0,0,2,2
99,1460.341,-4197.434,-249.286,101.608,-0.201303,-0.979450,-0.012474,0.979505,-0.201193,-0.009520,0.006815,-0.014135,0.999877,0,0.56925,-0.16014,34.155,-0.320,-1,350.000,-1,400.000,-1,300.000,325.000,325.000,350.000,650.000,450.000,400.000,-1,625.000,850.000,-1,-1,2,0,2,0,2,0,0,0,0,1,1,0,2,0,0,2,2
100,1452.609,-4159.254,-249.022,101.449,-0.198585,-0.980030,-0.010215,0.980051,-0.198483,-0.010218,0.007987,-0.012040,0.999896,0,0.64925,-0.07942,38.955,-0.159,-1,350.000,-1,400.000,-1,300.000,325.000,325.000,350.000,700.000,475.000,375.000,-1,625.000,850.000,-1,-1,2,0,2,0,2,0,0,0,0,1,1,0,2,0,0,2,2
101,1444.051,-4116.344,-248.680,101.279,-0.195673,-0.980639,-0.007670,0.980625,-0.195584,-0.011038,0.009324,-0.009681,0.999910,0,0.72925,-0.08486,43.755,-0.170,-1,350.000,-1,400.000,-1,300.000,325.000,325.000,350.000,750.000,525.000,375.000,-1,625.000,875.000,-1,-1,2,0,2,0,2,0,0,0,0,1,1,0,2,0,1,2,2
102,1435.174,-4071.089,-248.269,101.097,-0.192540,-0.981276,-0.004982,0.981230,-0.192471,-0.011941,0.010758,-0.007187,0.999916,0,0.76862,-0.09103,46.117,-0.182,-1,350.000,-1,400.000,-1,300.000,325.000,325.000,350.000,825.000,550.000,375.000,-1,650.000,850.000,-1,-1,2,0,2,0,2,0,0,0,0,1,1,0,2,0,1,2,2
103,1426.407,-4025.568,-247.805,100.902,-0.189173,-0.981941,-0.002274,0.981868,-0.189129,-0.012888,0.012225,-0.004671,0.999914,0,0.77262,-0.09760,46.357,-0.195,-1,375.000,975.000,425.000,-1,300.000,325.000,325.000,350.000,875.000,600.000,375.000,-1,650.000,825.000,1000.000,-1,2,0,1,0,2,0,0,0,0,1,1,0,2,0,1,1,2
104,1417.758,-3979.768,-247.311,100.694,-0.185566,-0.982632,0.000543,0.982535,-0.185556,-0.013926,0.013785,-0.002051,0.999903,0,0.77682,-0.10427,46.609,-0.209,-1,375.000,950.000,425.000,-1,300.000,325.000,325.000,350.000,925.000,625.000,350.000,-1,650.000,800.000,950.000,-1,2,0,1,0,2,0,0,0,0,1,1,0,2,0,1,1,2
105,1409.240,-3933.677,-246.871,100.472,-0.181711,-0.983345,0.003750,0.983233,-0.181747,-0.014864,0.015298,0.000987,0.999882,0,0.78120,-0.11102,46.872,-0.222,-1,375.000,900.000,425.000,-1,300.000,325.000,325.000,350.000,975.000,625.000,350.000,-1,650.000,775.000,900.000,-1,2,0,1,0,2,0,0,0,0,1,0,0,2,0,1,1,2
106,1400.193,-3882.803,-246.280,100.082,-0.174963,-0.984546,0.007542,0.984434,-0.175063,-0.015597,0.016676,0.004695,0.999850,0,0.86120,-0.19454,51.672,-0.389,975.000,375.000,850.000,425.000,-1,325.000,325.000,325.000,350.000,-1,625.000,350.000,-1,650.000,750.000,850.000,-1,1,0,1,0,2,0,0,0,0,2,0,0,2,0,1,1,2
107,1390.907,-3828.455,-245.674,99.696,-0.168253,-0.985682,0.011046,0.985599,-0.168409,-0.015257,0.016899,0.008320,0.999823,0,0.91894,-0.19337,55.136,-0.387,900.000,375.000,800.000,425.000,-1,325.000,325.000,325.000,325.000,-1,700.000,375.000,-1,650.000,725.000,775.000,-1,1,0,1,0,2,0,0,0,0,2,0,0,2,0,1,1,2
108,1381.916,-3773.623,-245.006,99.312,-0.161581,-0.986752,0.014577,0.986713,-0.161794,-0.014835,0.016997,0.011986,0.999784,0,0.92606,-0.19199,55.564,-0.384,850.000,375.000,750.000,425.000,-1,300.000,325.000,325.000,325.000,-1,750.000,425.000,-1,625.000,675.000,725.000,-1,1,0,1,0,2,0,0,0,0,2,0,0,2,1,1,1,2
109,1373.223,-3718.310,-244.270,98.931,-0.154956,-0.987754,0.018181,0.987775,-0.155223,-0.014358,0.017005,0.015734,0.999732,0,0.93320,-0.19042,55.992,-0.381,775.000,375.000,700.000,425.000,-1,300.000,325.000,325.000,325.000,-1,825.000,450.000,-1,575.000,650.000,675.000,-1,1,0,1,0,2,0,0,0,0,2,0,0,2,1,1,1,2
110,1364.830,-3662.516,-243.469,98.554,-0.148385,-0.988688,0.021860,0.988785,-0.148705,-0.013828,0.016922,0.019563,0.999665,0,0.94037,-0.18866,56.422,-0.377,700.000,375.000,650.000,425.000,-1,300.000,325.000,325.000,325.000,-1,925.000,500.000,-1,525.000,600.000,600.000,-1,1,0,1,1,2,0,0,0,0,2,0,0,2,1,1,1,2
111,1356.739,-3606.242,-242.604,98.180,-0.141878,-0.989553,0.025612,0.989742,-0.142248,-0.013246,0.016751,0.023470,0.999584,0,0.94754,-0.18667,56.853,-0.373,625.000,375.000,575.000,400.000,-1,300.000,325.000,325.000,325.000,-1,1000.000,575.000,-1,475.000,575.000,550.000,-1,1,0,1,1,2,0,0,0,0,2,1,0,2,1,1,1,2
112,1348.953,-3549.490,-241.707,97.811,-0.135440,-0.990345,0.029551,0.990647,-0.135860,-0.012683,0.016575,0.027557,0.999483,0,0.95472,-0.18444,57.283,-0.369,550.000,350.000,525.000,375.000,-1,300.000,325.000,325.000,325.000,-1,-1,625.000,-1,425.000,525.000,475.000,-1,1,1,1,1,2,0,1,0,0,2,2,0,2,1,1,1,2
113,1341.470,-3492.264,-240.777,97.447,-0.129082,-0.991062,0.033660,0.991499,-0.129551,-0.012132,0.016384,0.031808,0.999360,0,0.96189,-0.18194,57.713,-0.364,475.000,325.000,475.000,325.000,-1,275.000,300.000,325.000,325.000,-1,-1,700.000,-1,375.000,475.000,425.000,1000.000,1,1,1,1,2,1,1,0,0,2,2,0,2,1,1,1,1
114,1334.293,-3434.566,-239.786,97.089,-0.122821,-0.991708,0.037812,0.992298,-0.123333,-0.011521,0.016089,0.036106,0.999218,0,0.96904,-0.17914,58.142,-0.358,400.000,275.000,425.000,300.000,1000.000,250.000,250.000,325.000,325.000,-1,-1,775.000,-1,325.000,425.000,350.000,925.000,1,1,1,1,1,1,1,0,0,2,2,0,2,1,1,1,1
115,1327.419,-3376.402,-238.737,96.737,-0.116669,-0.992282,0.042007,0.993047,-0.117218,-0.010852,0.015692,0.040449,0.999058,0,0.97615,-0.17601,58.569,-0.352,325.000,225.000,375.000,275.000,950.000,225.000,225.000,325.000,325.000,-1,-1,875.000,-1,275.000,375.000,275.000,875.000,1,1,1,1,1,1,1,0,0,2,2,0,2,1,1,1,1
116,1320.849,-3317.776,-237.633,96.392,-0.110642,-0.992784,0.046244,0.993744,-0.111220,-0.010126,0.015196,0.044835,0.998879,0,0.98320,-0.17251,58.992,-0.345,250.000,200.000,300.000,250.000,875.000,175.000,200.000,325.000,325.000,-1,-1,975.000,-1,225.000,325.000,225.000,825.000,1,1,1,1,1,1,1,0,0,2,2,0,2,1,1,1,1
117,1314.584,-3258.697,-234.521,96.055,-0.104581,-0.993548,0.043871,0.994293,-0.105390,-0.016545,0.021062,0.041890,0.998900,0,0.99017,-0.16857,59.410,-0.337,175.000,150.000,275.000,225.000,825.000,150.000,175.000,325.000,325.000,-1,-1,800.000,-1,175.000,300.000,175.000,775.000,1,1,1,1,1,1,1,0,0,2,2,0,2,1,1,1,1
118,1308.582,-3199.174,-221.219,95.727,-0.095108,-0.992320,0.079097,0.993583,-0.099514,-0.053759,0.061218,0.073477,0.995416,0,0.99702,-0.16413,59.821,-0.328,175.000,150.000,275.000,225.000,800.000,150.000,175.000,425.000,325.000,-1,350.000,150.000,825.000,175.000,350.000,150.000,750.000,1,1,1,1,1,1,1,0,0,2,0,0,0,1,1,1,1
119,-6887.276,-4263.539,80.049,-30.416,0.862455,0.505292,0.029161,-0.506126,0.860705,0.054986,0.002685,-0.062182,0.998061,1,0.00000,0.00000,60.000,-0.318,-1,375.000,-1,400.000,650.000,325.000,325.000,300.000,325.000,-1,525.000,450.000,-1,725.000,650.000,-1,675.000,2,0,2,0,1,0,0,0,0,2,1,1,2,0,1,2,1
120,-6883.147,-4265.986,80.048,-30.656,0.860337,0.508897,0.029071,-0.509718,0.858587,0.054924,0.002990,-0.062071,0.998067,0,0.08000,-0.12000,4.800,-0.240,-1,400.000,-1,400.000,650.000,325.000,325.000,300.000,325.000,-1,525.000,450.000,-1,725.000,650.000,-1,675.000,2,0,2,0,1,0,0,0,0,2,1,1,2,0,1,2,1
121,-6874.930,-4270.951,80.052,-31.136,0.856054,0.516079,0.028895,-0.516875,0.854305,0.054801,0.003597,-0.061848,0.998079,0,0.16000,-0.24000,9.600,-0.480,-1,400.000,-1,400.000,650.000,325.000,325.000,300.000,325.000,-1,550.000,475.000,-1,725.000,650.000,-1,675.000,2,0,2,0,1,0,0,0,0,2,1,1,2,0,1,2,1
122,-6862.684,-4278.528,80.064,-31.748,0.850501,0.525194,0.028627,-0.525955,0.848757,0.054610,0.004383,-0.061502,0.998097,0,0.24000,-0.30629,14.400,-0.613,-1,400.000,-1,400.000,625.000,325.000,325.000,300.000,325.000,-1,550.000,475.000,-1,725.000,625.000,-1,650.000,2,0,2,0,1,0,0,0,0,2,1,1,2,0,1,2,1
123,-6846.465,-4288.804,80.089,-32.354,0.844915,0.534154,0.028264,-0.534876,0.843181,0.054340,0.005195,-0.061030,0.998122,0,0.32000,-0.30290,19.200,-0.606,-1,400.000,-1,400.000,600.000,325.000,325.000,300.000,300.000,-1,575.000,500.000,-1,725.000,625.000,-1,625.000,2,0,2,0,1,0,0,0,0,2,1,1,2,0,1,2,1
124,-6826.326,-4301.859,80.130,-32.952,0.839313,0.542937,0.027812,-0.543616,0.837596,0.053992,0.006019,-0.060435,0.998154,0,0.40000,-0.29874,24.000,-0.597,-1,400.000,-1,400.000,600.000,325.000,325.000,300.000,300.000,-1,625.000,525.000,-1,725.000,600.000,-1,600.000,2,0,2,0,1,0,0,0,0,2,1,1,2,0,1,2,1
125,-6802.321,-4317.771,80.156,-33.539,0.833711,0.551518,0.027453,-0.552160,0.832012,0.053618,0.006730,-0.059861,0.998184,0,0.48000,-0.29382,28.800,-0.588,-1,400.000,-1,400.000,575.000,325.000,325.000,300.000,300.000,-1,650.000,575.000,-1,725.000,575.000,-1,575.000,2,0,2,0,1,0,0,0,0,2,1,1,2,0,1,2,1
126,-6774.504,-4336.617,80.147,-34.116,0.828127,0.559876,0.027299,-0.560494,0.826445,0.053243,0.007248,-0.059392,0.998208,0,0.56000,-0.28819,33.600,-0.576,-1,400.000,-1,400.000,525.000,325.000,325.000,300.000,300.000,-1,700.000,600.000,-1,750.000,550.000,1000.000,550.000,2,0,2,0,1,0,0,0,0,2,1,1,2,0,1,1,1
127,-6742.926,-4358.467,80.333,-34.679,0.822564,0.568023,0.027196,-0.568629,0.820959,0.051849,0.007124,-0.058114,0.998285,0,0.64000,-0.28187,38.400,-0.564,-1,400.000,1000.000,400.000,500.000,325.000,325.000,300.000,300.000,-1,750.000,650.000,-1,750.000,525.000,950.000,500.000,2,0,1,0,1,0,0,0,0,2,1,1,2,0,1,1,1
128,-6709.736,-4381.906,80.534,-35.229,0.817058,0.575919,0.027092,-0.576514,0.815532,0.050390,0.006926,-0.056790,0.998362,0,0.67721,-0.27492,40.632,-0.550,950.000,400.000,950.000,400.000,450.000,325.000,325.000,300.000,300.000,-1,800.000,700.000,-1,750.000,500.000,925.000,475.000,1,0,1,1,1,0,0,0,0,2,1,1,2,0,1,1,1
