timestep,x_cm,y_cm,z_cm,yaw_deg,basis_xx,basis_xy,basis_xz,basis_yx,basis_yy,basis_yz,basis_zx,basis_zy,basis_zz,teleport_flag,throttle_cmd,steering_cmd,cmd_move_cm,cmd_turn_deg,lidar_cm_0,lidar_cm_1,lidar_cm_2,lidar_cm_3,lidar_cm_4,lidar_cm_5,lidar_cm_6,lidar_cm_7,lidar_cm_8,lidar_cm_9,lidar_cm_10,lidar_cm_11,lidar_cm_12,lidar_cm_13,lidar_cm_14,lidar_cm_15,lidar_cm_16,lidar_class_0,lidar_class_1,lidar_class_2,lidar_class_3,lidar_class_4,lidar_class_5,lidar_class_6,lidar_class_7,lidar_class_8,lidar_class_9,lidar_class_10,lidar_class_11,lidar_class_12,lidar_class_13,lidar_class_14,lidar_class_15,lidar_class_16
0,4919.508,-8199.184,-161.992,-152.353,-0.886283,0.462827,-0.017151,-0.462785,-0.883529,0.072153,0.018242,0.071885,0.997246,1,0.00000,0.00000,4.800,-0.240,-1,400.000,-1,375.000,-1,325.000,325.000,300.000,300.000,-1,-1,-1,-1,775.000,700.000,-1,-1,2,0,2,0,2,0,0,0,0,2,2,2,2,0,0,2,2
1,4915.246,-8201.394,-161.898,-152.593,-0.888210,0.459121,-0.017052,-0.459084,-0.885459,0.072144,0.018024,0.071908,0.997248,0,0.08000,-0.12000,4.800,-0.240,-1,400.000,-1,375.000,-1,325.000,325.000,300.000,300.000,-1,-1,-1,-1,775.000,700.000,-1,-1,2,0,2,0,2,0,0,0,0,2,2,2,2,0,0,2,2
2,4906.687,-8205.741,-161.717,-153.073,-0.892018,0.451686,-0.016853,-0.451658,-0.889271,0.072123,0.017590,0.071946,0.997253,0,0.16000,-0.24000,9.600,-0.480,-1,400.000,-1,375.000,-1,325.000,325.000,300.000,300.000,-1,-1,-1,-1,775.000,700.000,-1,-1,2,0,2,0,2,0,0,0,0,2,2,2,2,0,0,2,2
3,4893.767,-8212.101,-161.459,-153.793,-0.897613,0.440474,-0.016546,-0.440459,-0.894874,0.072083,0.016944,0.071991,0.997261,0,0.24000,-0.36000,14.400,-0.720,-1,400.000,-1,375.000,-1,325.000,325.000,300.000,300.000,-1,-1,-1,-1,775.000,700.000,-1,-1,2,0,2,0,2,0,0,0,0,2,2,2,2,0,0,2,2
4,4876.400,-8220.290,-161.143,-154.753,-0.904853,0.425418,-0.016125,-0.425419,-0.902126,0.072016,0.016090,0.072024,0.997273,0,0.32000,-0.48000,19.200,-0.960,-1,400.000,-1,375.000,-1,325.000,325.000,300.000,300.000,-1,-1,-1,-1,775.000,700.000,-1,-1,2,0,2,0,2,0,0,0,0,2,2,2,2,0,0,2,2
5,4854.483,-8230.070,-160.791,-155.953,-0.913548,0.406432,-0.015579,-0.406452,-0.910838,0.071910,0.015037,0.072025,0.997289,0,0.40000,-0.60000,24.000,-1.200,-1,400.000,-1,375.000,-1,325.000,325.000,300.000,300.000,-1,-1,-1,-1,775.000,700.000,-1,-1,2,0,2,0,2,0,0,0,0,2,2,2,2,0,0,2,2
6,4827.895,-8241.141,-160.430,-157.393,-0.923456,0.383416,-0.014896,-0.383457,-0.920768,0.071748,0.013793,0.071968,0.997312,0,0.48000,-0.72000,28.800,-1.440,-1,400.000,-1,375.000,-1,325.000,325.000,300.000,300.000,-1,-1,-1,-1,775.000,700.000,-1,-1,2,0,2,0,2,0,0,0,0,2,2,2,2,0,0,2,2
7,4796.510,-8253.143,-160.092,-159.073,-0.934281,0.356260,-0.014064,-0.356323,-0.931622,0.071510,0.012374,0.071822,0.997341,0,0.56000,-0.84000,33.600,-1.680,-1,400.000,-1,375.000,-1,325.000,325.000,300.000,300.000,-1,-1,-1,-1,775.000,700.000,-1,-1,2,0,2,0,2,0,0,0,0,2,2,2,2,0,0,2,2
8,4760.229,-8265.726,-159.810,-160.871,-0.944983,0.326859,-0.013075,-0.326937,-0.942361,0.071184,0.010946,0.071543,0.997377,0,0.64000,-0.89906,38.400,-1.798,-1,400.000,-1,375.000,-1,325.000,325.000,300.000,300.000,-1,-1,-1,-1,775.000,700.000,-1,-1,2,0,2,0,2,0,0,0,0,2,2,2,2,0,0,2,2
9,4718.989,-8278.593,-159.614,-162.671,-0.954770,0.297105,-0.011926,-0.297187,-0.952193,0.070764,0.009668,0.071108,0.997422,0,0.72000,-0.90006,43.200,-1.800,-1,400.000,-1,375.000,-1,325.000,325.000,300.000,300.000,-1,850.000,-1,-1,775.000,700.000,-1,-1,2,0,2,0,2,0,0,0,0,2,0,2,2,0,0,2,2
10,4676.315,-8290.448,-159.528,-164.474,-0.963634,0.267011,-0.010712,-0.267092,-0.961107,0.070251,0.008463,0.070557,0.997472,0,0.73815,-0.90143,44.289,-1.803,-1,400.000,-1,375.000,-1,325.000,325.000,300.000,300.000,-1,700.000,975.000,-1,775.000,700.000,-1,-1,2,0,2,0,2,0,0,0,0,2,0,0,2,0,0,2,2
11,4633.195,-8300.974,-159.431,-166.280,-0.971553,0.236611,-0.010029,-0.236731,-0.969119,0.069042,0.006616,0.069452,0.997563,0,0.73975,-0.90290,44.385,-1.806,-1,400.000,-1,375.000,-1,325.000,325.000,300.000,300.000,-1,650.000,850.000,-1,775.000,700.000,-1,-1,2,0,2,0,2,0,0,0,0,2,0,0,2,0,0,2,2
12,4589.671,-8310.156,-159.928,-168.088,-0.978511,0.205895,-0.011141,-0.206169,-0.976064,0.069234,0.003381,0.070044,0.997538,0,0.74135,-0.90439,44.481,-1.809,-1,400.000,-1,375.000,-1,325.000,300.000,300.000,300.000,-1,675.000,875.000,-1,750.000,675.000,-1,-1,2,0,2,0,2,0,0,0,0,2,0,0,2,0,0,2,2
13,4545.784,-8317.973,-160.559,-169.900,-0.984501,0.174920,-0.012674,-0.175378,-0.982015,0.069920,-0.000215,0.071059,0.997472,0,0.74295,-0.90591,44.577,-1.812,-1,375.000,-1,375.000,-1,300.000,300.000,300.000,300.000,-1,750.000,950.000,-1,750.000,775.000,-1,-1,2,0,2,0,2,0,0,0,0,2,0,0,2,0,1,2,2
14,4501.576,-8324.412,-161.101,-171.715,-0.989508,0.143703,-0.014915,-0.144410,-0.986874,0.072291,-0.004331,0.073686,0.997272,0,0.74455,-0.90745,44.673,-1.815,-1,375.000,-1,350.000,-1,300.000,300.000,300.000,275.000,-1,925.000,-1,-1,725.000,-1,-1,-1,2,0,2,0,2,0,0,0,0,2,0,2,2,0,2,2,2
15,4457.091,-8329.457,-161.875,-173.533,-0.993523,0.112294,-0.017396,-0.113295,-0.990694,0.075433,-0.008763,0.076916,0.996999,0,0.74614,-0.90904,44.769,-1.818,-1,375.000,-1,350.000,-1,300.000,300.000,325.000,275.000,-1,-1,-1,-1,700.000,-1,-1,-1,2,0,2,0,2,0,0,0,0,2,2,2,2,0,2,2,2
16,4412.375,-8333.093,-162.943,-175.355,-0.996531,0.080725,-0.020243,-0.082089,-0.993457,0.079398,-0.013701,0.080785,0.996637,0,0.74772,-0.91066,44.863,-1.821,-1,375.000,-1,325.000,-1,300.000,275.000,325.000,275.000,-1,-1,-1,-1,700.000,-1,-1,-1,2,0,2,0,2,0,0,0,0,2,2,2,2,0,2,2,2
17,4367.471,-8335.309,-164.339,-177.179,-0.998521,0.049032,-0.023498,-0.050852,-0.995136,0.084365,-0.019247,0.085435,0.996158,0,0.74927,-0.91234,44.956,-1.825,-1,350.000,-1,350.000,-1,275.000,275.000,325.000,250.000,-1,-1,-1,-1,675.000,-1,-1,-1,2,0,2,1,2,0,0,0,0,2,2,2,2,0,2,2,2
18,4322.429,-8336.094,-166.096,-179.007,-0.999482,0.017252,-0.027180,-0.019649,-0.995701,0.090519,-0.025501,0.091006,0.995524,0,0.75080,-0.91407,45.048,-1.828,-1,350.000,-1,375.000,-1,275.000,250.000,325.000,250.000,-1,-1,-1,-1,650.000,-1,-1,-1,2,0,2,1,2,0,0,0,0,2,2,2,2,0,2,2,2
19,4277.295,-8335.439,-168.248,-180.839,-0.999404,-0.014574,-0.031280,0.011443,-0.995116,0.098049,-0.032557,0.097632,0.994690,0,0.75228,-0.91586,45.137,-1.832,-1,325.000,-1,450.000,-1,275.000,250.000,350.000,250.000,-1,-1,-1,-1,625.000,-1,-1,-1,2,0,2,1,2,0,0,0,1,2,2,2,2,0,2,2,2
20,4232.118,-8333.335,-170.824,-182.675,-0.998282,-0.046402,-0.035767,0.042334,-0.993342,0.107145,-0.040501,0.105447,0.993600,0,0.75372,-0.91773,45.223,-1.835,-1,325.000,-1,625.000,-1,250.000,225.000,350.000,250.000,-1,-1,-1,-1,575.000,-1,-1,-1,2,0,2,1,2,0,0,0,1,2,2,2,2,0,2,2,2
21,4186.949,-8329.779,-173.855,-184.514,-0.996113,-0.078183,-0.040581,0.072922,-0.990333,0.117997,-0.049414,0.114579,0.992184,0,0.75510,-0.91969,45.306,-1.839,-1,300.000,-1,-1,-1,250.000,225.000,350.000,275.000,-1,-1,-1,-1,550.000,-1,-1,-1,2,0,2,2,2,0,0,0,1,2,2,2,2,0,2,2,2
22,4141.839,-8324.764,-177.368,-186.357,-0.992899,-0.109859,-0.045632,0.103089,-0.986037,0.130785,-0.059363,0.125152,0.990360,0,0.75640,-0.92174,45.384,-1.843,-1,275.000,-1,-1,-1,225.000,200.000,375.000,275.000,-1,-1,-1,-1,500.000,-1,-1,-1,2,0,2,2,2,0,1,0,1,2,2,2,2,0,2,2,2
23,4096.841,-8318.290,-181.388,-188.205,-0.988653,-0.141367,-0.050805,0.132699,-0.980392,0.145682,-0.070404,0.137287,0.988026,0,0.75762,-0.92390,45.457,-1.848,-1,275.000,-1,-1,-1,200.000,225.000,375.000,275.000,-1,-1,-1,-1,475.000,-1,900.000,-1,2,0,2,2,2,0,1,0,1,2,2,2,2,0,2,0,2
24,4052.008,-8310.357,-185.938,-190.058,-0.983396,-0.172632,-0.055954,0.161599,-0.973327,0.162848,-0.082575,0.151102,0.985063,0,0.75874,-0.92619,45.524,-1.852,-1,250.000,-1,-1,-1,200.000,250.000,400.000,275.000,-1,-1,-1,-1,425.000,-1,700.000,-1,2,0,2,2,2,0,1,0,1,2,2,2,2,0,2,0,2
25,4007.395,-8300.966,-191.039,-191.915,-0.977165,-0.203568,-0.060904,0.189614,-0.964764,0.182421,-0.095893,0.166707,0.981332,0,0.75974,-0.92862,45.584,-1.857,-1,225.000,-1,-1,-1,175.000,250.000,425.000,275.000,-1,-1,-1,-1,375.000,-1,550.000,-1,2,0,2,2,2,0,1,0,1,2,2,2,2,0,2,0,2
26,3963.057,-8290.123,-196.550,-193.777,-0.970003,-0.234045,-0.065701,0.216407,-0.954500,0.205179,-0.110733,0.184806,0.976517,0,0.76059,-0.93120,45.636,-1.862,-1,200.000,-1,-1,-1,150.000,275.000,475.000,275.000,-1,-1,-1,-1,325.000,-1,400.000,-1,2,0,2,2,2,0,1,0,1,2,2,2,2,0,2,0,2
27,3919.053,-8277.837,-202.629,-195.645,-0.962009,-0.263954,-0.069767,0.241883,-0.942512,0.230573,-0.126616,0.204938,0.970551,0,0.76129,-0.93397,45.677,-1.868,-1,175.000,-1,-1,-1,125.000,325.000,525.000,275.000,-1,-1,0.000,-1,275.000,-1,300.000,-1,2,0,2,2,2,0,1,0,1,2,2,0,2,0,2,0,2
28,3875.439,-8264.117,-209.462,-197.519,-0.953341,-0.293120,-0.072267,0.265880,-0.928584,0.258921,-0.143001,0.227626,0.963191,0,0.76179,-0.93693,45.708,-1.874,775.000,150.000,-1,-1,-1,100.000,350.000,600.000,275.000,-1,-1,0.000,800.000,225.000,-1,225.000,-1,0,0,2,2,2,0,1,0,1,2,2,0,0,0,2,0,2
29,3827.693,-8247.604,-218.056,-199.153,-0.945617,-0.317147,-0.072289,0.283891,-0.913140,0.292542,-0.158789,0.256110,0.953516,0,0.84179,-0.81693,50.508,-1.634,625.000,100.000,-1,-1,-1,125.000,375.000,725.000,250.000,-1,-1,0.000,150.000,175.000,-1,150.000,-1,0,0,2,2,2,1,1,0,1,2,2,0,1,0,2,0,2
30,3292.497,6540.814,79.811,-127.171,-0.603132,0.796833,0.035904,-0.795148,-0.604194,0.051861,0.063017,0.002730,0.998009,1,0.00000,0.00000,51.937,-1.394,-1,350.000,-1,325.000,-1,275.000,250.000,375.000,475.000,775.000,75.000,125.000,-1,625.000,-1,-1,-1,2,1,2,1,2,1,1,0,0,0,1,0,2,1,2,2,2
31,-5571.184,-330.217,-216.233,-27.993,0.883052,0.469275,0.000058,-0.469160,0.882831,0.022329,0.010427,-0.019744,0.999751,1,0.08000,0.12000,4.800,0.240,450.000,375.000,650.000,400.000,-1,325.000,325.000,300.000,300.000,-1,500.000,425.000,475.000,450.000,675.000,450.000,975.000,1,1,1,0,2,0,0,0,0,2,1,1,1,1,1,1,1
32,-5562.670,-334.652,-216.132,-27.513,0.886952,0.461862,0.000187,-0.461752,0.886730,0.022258,0.010114,-0.019828,0.999752,0,0.16000,0.24000,9.600,0.480,450.000,375.000,650.000,400.000,-1,325.000,325.000,300.000,300.000,-1,500.000,450.000,500.000,450.000,650.000,425.000,925.000,1,1,1,0,2,0,0,0,0,2,1,1,1,1,1,1,1
33,-5549.816,-341.143,-215.987,-26.793,0.892684,0.450682,0.000379,-0.450579,0.892462,0.022150,0.009645,-0.019944,0.999755,0,0.24000,0.36000,14.400,0.720,425.000,375.000,625.000,400.000,-1,325.000,325.000,300.000,300.000,-1,525.000,450.000,500.000,425.000,625.000,425.000,875.000,1,1,1,0,2,0,0,0,0,2,1,1,1,1,1,1,1
34,-5532.535,-349.510,-215.804,-25.833,0.900109,0.435665,0.000628,-0.435572,0.899885,0.022005,0.009022,-0.020080,0.999758,0,0.32000,0.48000,19.200,0.960,425.000,350.000,600.000,400.000,-1,325.000,325.000,300.000,300.000,-1,525.000,475.000,525.000,425.000,600.000,400.000,825.000,1,1,1,0,2,0,0,0,0,2,1,1,1,1,1,1,1
35,-5510.719,-359.513,-215.589,-24.633,0.909033,0.416722,0.000930,-0.416642,0.908809,0.021820,0.008247,-0.020222,0.999761,0,0.40000,0.60000,24.000,1.200,400.000,325.000,575.000,400.000,-1,325.000,325.000,300.000,300.000,-1,550.000,475.000,550.000,400.000,550.000,375.000,750.000,1,1,1,0,2,1,0,0,0,2,1,1,1,1,1,1,1
36,-5484.247,-370.855,-215.352,-23.193,0.919216,0.393751,0.001280,-0.393685,0.918992,0.021593,0.007326,-0.020353,0.999766,0,0.48000,0.72000,28.800,1.440,375.000,325.000,525.000,400.000,-1,300.000,325.000,300.000,300.000,-1,550.000,500.000,575.000,375.000,525.000,350.000,675.000,1,1,1,0,2,1,0,0,0,2,1,1,1,1,1,1,1
37,-5452.987,-383.177,-215.104,-21.513,0.930362,0.366639,0.001671,-0.366589,0.930138,0.021323,0.006264,-0.020451,0.999771,0,0.56000,0.84000,33.600,1.680,350.000,300.000,500.000,400.000,-1,275.000,325.000,300.000,300.000,-1,575.000,525.000,625.000,350.000,475.000,325.000,600.000,1,1,1,1,2,1,1,0,0,2,1,1,1,1,1,1,1
38,-5416.829,-396.105,-214.856,-19.674,0.941644,0.336603,0.002095,-0.336571,0.941424,0.021008,0.005099,-0.020487,0.999777,0,0.64000,0.91944,38.400,1.839,325.000,275.000,450.000,350.000,750.000,250.000,300.000,300.000,300.000,-1,600.000,550.000,675.000,325.000,425.000,300.000,525.000,1,1,1,1,1,1,1,0,0,2,1,1,1,1,1,1,1
39,-5375.706,-409.337,-214.620,-17.836,0.951953,0.306234,0.002550,-0.306219,0.951737,0.020642,0.003895,-0.020431,0.999784,0,0.72000,0.91905,43.200,1.838,300.000,250.000,400.000,300.000,600.000,225.000,250.000,300.000,300.000,-1,650.000,600.000,725.000,300.000,375.000,275.000,450.000,1,1,1,1,1,1,1,0,0,2,1,1,1,1,1,1,1
40,-5329.565,-422.566,-214.413,-15.999,0.961280,0.275558,0.003010,-0.275561,0.961070,0.020270,0.002693,-0.020315,0.999790,0,0.80000,0.91880,48.000,1.838,250.000,225.000,350.000,250.000,475.000,200.000,225.000,300.000,300.000,-1,675.000,650.000,800.000,250.000,325.000,225.000,375.000,1,1,1,1,1,1,1,0,0,2,1,1,1,1,1,1,1
41,-5278.370,-435.486,-212.018,-14.161,0.969596,0.244637,-0.005943,-0.244548,0.969553,0.012817,0.008897,-0.010974,0.999900,0,0.88000,0.91869,52.800,1.837,225.000,200.000,300.000,225.000,350.000,175.000,200.000,325.000,300.000,-1,725.000,675.000,850.000,225.000,275.000,200.000,300.000,1,1,1,1,1,1,1,0,0,2,1,1,1,1,1,1,1
42,-5222.096,-447.779,-206.857,-12.324,0.976616,0.213426,-0.025914,-0.213611,0.976908,-0.004591,0.024336,0.010019,0.999654,0,0.96000,0.91873,57.600,1.837,250.000,175.000,275.000,200.000,275.000,150.000,175.000,375.000,275.000,-1,750.000,525.000,900.000,225.000,225.000,200.000,250.000,1,1,1,1,1,1,1,0,0,2,1,0,1,1,1,1,1
43,-5164.186,-458.496,-196.541,-10.486,0.981649,0.181980,-0.056994,-0.182392,0.983224,-0.002063,0.055662,0.012420,0.998372,0,0.98151,0.91894,58.891,1.838,275.000,175.000,275.000,175.000,225.000,150.000,150.000,425.000,300.000,-1,275.000,175.000,950.000,225.000,200.000,225.000,200.000,1,1,1,1,1,1,1,0,0,2,0,0,1,1,1,1,1
44,-5105.707,-467.394,-179.913,-8.648,0.983252,0.150351,-0.103005,-0.148547,0.988589,0.025011,0.105590,-0.009291,0.994366,0,0.98570,0.91914,59.142,1.838,-1,200.000,300.000,175.000,225.000,175.000,175.000,425.000,400.000,-1,125.000,100.000,825.000,250.000,225.000,275.000,200.000,2,1,1,1,1,1,1,0,0,2,0,0,0,1,1,1,1
45,4263.762,-4918.505,-335.569,-8.762,0.981674,0.137465,-0.131984,-0.064715,0.891891,0.447596,0.179244,-0.430851,0.884442,1,0.00000,0.00000,59.396,1.839,0.000,200.000,-1,-1,-1,200.000,475.000,450.000,-1,-1,0.000,0.000,-1,300.000,-1,0.000,-1,1,1,2,2,2,1,0,1,2,2,1,0,2,1,2,1,2
46,386.504,-9366.979,-66.743,121.460,-0.530600,-0.847215,-0.026295,0.836472,-0.518352,-0.177838,0.137037,-0.116355,0.983708,1,0.00000,0.00000,4.800,-0.240,-1,750.000,-1,325.000,-1,450.000,300.000,300.000,850.000,300.000,25.000,125.000,-1,-1,-1,-1,-1,2,1,2,1,2,1,1,0,1,0,0,0,2,2,2,2,2
47,8198.789,6226.569,74.490,-94.870,-0.084946,0.992851,0.083851,-0.996385,-0.084596,-0.007726,-0.000577,-0.084204,0.996448,1,0.08000,-0.12000,4.800,-0.240,-1,375.000,-1,400.000,-1,325.000,325.000,300.000,300.000,-1,575.000,550.000,-1,675.000,725.000,-1,-1,2,0,2,0,2,0,0,0,0,2,0,0,2,0,0,2,2
48,8197.920,6217.009,74.477,-95.195,-0.090524,0.992362,0.083802,-0.995894,-0.090223,-0.007373,0.000244,-0.084126,0.996455,0,0.16000,-0.16238,9.600,-0.325,-1,375.000,-1,400.000,-1,325.000,325.000,300.000,300.000,-1,575.000,550.000,-1,675.000,725.000,-1,-1,2,0,2,0,2,0,0,0,0,2,0,0,2,0,0,2,2
49,8196.534,6202.675,74.466,-95.520,-0.096084,0.991845,0.083731,-0.995372,-0.095848,-0.006852,0.001229,-0.084002,0.996465,0,0.24000,-0.16238,14.400,-0.325,-1,375.000,-1,400.000,-1,325.000,325.000,300.000,300.000,-1,575.000,550.000,-1,700.000,750.000,-1,-1,2,0,2,0,2,0,0,0,0,2,0,0,2,0,0,2,2
50,8194.579,6183.575,74.461,-95.844,-0.101628,0.991300,0.083639,-0.994820,-0.101469,-0.006163,0.002378,-0.083832,0.996477,0,0.32000,-0.16238,19.200,-0.325,-1,375.000,-1,400.000,-1,325.000,325.000,300.000,300.000,-1,575.000,550.000,-1,700.000,750.000,-1,-1,2,0,2,0,2,0,0,0,0,2,0,0,2,0,0,2,2
51,8191.999,6159.714,74.466,-96.169,-0.107157,0.990727,0.083530,-0.994235,-0.107088,-0.005308,0.003686,-0.083618,0.996491,0,0.40000,-0.16238,24.000,-0.325,-1,375.000,-1,400.000,-1,325.000,325.000,300.000,300.000,-1,575.000,550.000,-1,700.000,750.000,-1,-1,2,0,2,0,2,0,0,0,0,2,0,0,2,0,0,2,2
52,8188.741,6131.098,74.484,-96.494,-0.112669,0.990126,0.083407,-0.993619,-0.112705,-0.004291,0.005151,-0.083358,0.996506,0,0.48000,-0.16238,28.800,-0.325,-1,375.000,-1,400.000,-1,325.000,325.000,300.000,300.000,-1,575.000,550.000,-1,700.000,750.000,-1,-1,2,0,2,0,2,0,0,0,0,2,0,0,2,0,0,2,2
53,8184.751,6097.736,74.518,-96.819,-0.118165,0.989496,0.083272,-0.992971,-0.118318,-0.003115,0.006770,-0.083055,0.996522,0,0.56000,-0.16238,33.600,-0.325,-1,375.000,-1,400.000,-1,325.000,325.000,300.000,300.000,-1,575.000,550.000,-1,700.000,750.000,-1,-1,2,0,2,0,2,0,0,0,0,2,0,0,2,0,0,2,2
54,8179.975,6059.634,74.573,-97.143,-0.123647,0.988838,0.083128,-0.992290,-0.123928,-0.001784,0.008537,-0.082707,0.996537,0,0.64000,-0.16238,38.400,-0.325,-1,375.000,-1,400.000,-1,325.000,325.000,300.000,300.000,-1,575.000,525.000,-1,700.000,750.000,-1,-1,2,0,2,0,2,0,0,0,0,2,0,0,2,0,0,2,2
55,8174.360,6016.800,74.650,-97.468,-0.129114,0.988152,0.082977,-0.991575,-0.129535,-0.000303,0.010449,-0.082317,0.996551,0,0.72000,-0.16238,43.200,-0.325,-1,375.000,-1,400.000,-1,325.000,325.000,300.000,300.000,-1,575.000,525.000,-1,700.000,775.000,-1,-1,2,0,2,0,2,0,0,0,0,2,0,0,2,0,0,2,2
56,8167.850,5969.243,74.752,-97.793,-0.134566,0.987437,0.082822,-0.990826,-0.135139,0.001324,0.012500,-0.081884,0.996563,0,0.80000,-0.16238,48.000,-0.325,-1,375.000,-1,400.000,-1,325.000,325.000,300.000,300.000,-1,525.000,475.000,-1,700.000,775.000,-1,-1,2,0,2,0,2,0,0,0,0,2,0,0,2,0,0,2,2
57,8160.396,5916.972,75.153,-98.114,-0.140014,0.986790,0.081500,-0.990050,-0.140694,0.002628,0.014059,-0.080321,0.996670,0,0.88000,-0.16069,52.800,-0.321,-1,375.000,-1,400.000,-1,325.000,325.000,300.000,300.000,-1,525.000,475.000,-1,700.000,775.000,-1,-1,2,0,2,0,2,0,0,0,0,2,0,0,2,0,0,2,2
58,8152.084,5860.915,75.904,-98.431,-0.145425,0.986165,0.079558,-0.989252,-0.146175,0.003654,0.015233,-0.078172,0.996824,0,0.94448,-0.15847,56.669,-0.317,-1,375.000,-1,400.000,-1,325.000,325.000,300.000,300.000,-1,575.000,500.000,-1,700.000,775.000,-1,-1,2,0,2,0,2,0,0,0,0,2,0,0,2,0,0,2,2
59,8143.454,5804.804,77.003,-98.743,-0.150749,0.985427,0.078796,-0.988440,-0.151554,0.004308,0.016187,-0.077235,0.996881,0,0.94619,-0.15601,56.771,-0.312,-1,375.000,-1,400.000,-1,325.000,325.000,300.000,300.000,-1,600.000,550.000,-1,725.000,775.000,-1,-1,2,0,2,0,2,0,0,0,0,2,0,0,2,0,0,2,2
60,8134.508,5748.647,78.112,-99.050,-0.155984,0.984673,0.078022,-0.987611,-0.156843,0.004961,0.017123,-0.076281,0.996939,0,0.94773,-0.15347,56.864,-0.307,-1,375.000,-1,400.000,-1,325.000,325.000,300.000,300.000,-1,650.000,600.000,-1,725.000,775.000,-1,-1,2,0,2,0,2,0,0,0,0,2,0,0,2,0,0,2,2
61,8125.253,5692.458,79.231,-99.352,-0.161128,0.983907,0.077235,-0.986769,-0.162037,0.005616,0.018041,-0.075308,0.996997,0,0.94911,-0.15085,56.946,-0.302,-1,375.000,-1,400.000,-1,325.000,325.000,300.000,300.000,-1,700.000,625.000,-1,725.000,775.000,-1,-1,2,0,2,0,2,0,0,0,0,2,0,0,2,0,0,2,2
62,8116.723,5641.014,80.249,-99.414,-0.162163,0.983793,0.076514,-0.986589,-0.163107,0.006215,0.018594,-0.074480,0.997049,0,0.86911,-0.03085,52.146,-0.062,-1,375.000,-1,400.000,-1,325.000,325.000,300.000,300.000,-1,750.000,675.000,-1,725.000,775.000,-1,-1,2,0,2,0,2,0,0,0,0,2,0,0,2,0,0,2,2
63,8108.465,5590.233,81.231,-99.235,-0.159087,0.984351,0.075796,-0.987085,-0.160053,0.006807,0.018832,-0.073734,0.997100,0,0.85747,0.08915,51.448,0.178,-1,375.000,-1,400.000,-1,325.000,325.000,300.000,300.000,-1,775.000,700.000,-1,725.000,775.000,-1,-1,2,0,2,0,2,0,0,0,0,2,0,0,2,0,0,2,2
64,8100.570,5539.338,82.176,-98.817,-0.151894,0.985542,0.075062,-0.988219,-0.152870,0.007406,0.018774,-0.073053,0.997151,0,0.85839,0.20915,51.504,0.418,-1,375.000,-1,400.000,-1,325.000,325.000,300.000,300.000,-1,800.000,725.000,-1,725.000,775.000,-1,-1,2,0,2,0,2,0,0,0,0,2,0,0,2,0,0,2,2
65,8093.253,5488.303,83.067,-98.159,-0.140567,0.987279,0.074305,-0.989900,-0.141543,0.008015,0.018430,-0.072427,0.997203,0,0.85929,0.32915,51.557,0.658,-1,375.000,-1,400.000,-1,325.000,325.000,300.000,300.000,-1,825.000,750.000,-1,725.000,775.000,-1,-1,2,0,2,0,2,0,0,0,0,2,0,0,2,0,0,2,2
66,8086.651,5437.116,83.896,-97.348,-0.126603,0.989225,0.073518,-0.991792,-0.127573,0.008637,0.017923,-0.071821,0.997257,0,0.86019,0.40514,51.611,0.810,-1,375.000,-1,400.000,-1,325.000,325.000,300.000,300.000,-1,850.000,775.000,-1,725.000,775.000,-1,-1,2,0,2,0,2,0,0,0,0,2,0,0,2,0,0,2,2
67,8080.772,5385.787,84.661,-96.534,-0.112533,0.990985,0.072698,-0.993495,-0.113498,0.009274,0.017442,-0.071182,0.997311,0,0.86108,0.40741,51.665,0.815,-1,375.000,-1,400.000,-1,325.000,325.000,300.000,300.000,-1,850.000,775.000,-1,725.000,775.000,-1,-1,2,0,2,0,2,0,0,0,0,2,0,0,2,0,0,2,2
68,8075.623,5334.330,85.364,-95.714,-0.098357,0.992554,0.071849,-0.995006,-0.099319,0.009925,0.016987,-0.070514,0.997366,0,0.86192,0.40971,51.715,0.819,-1,375.000,-1,400.000,-1,325.000,325.000,300.000,300.000,-1,875.000,800.000,-1,725.000,775.000,-1,-1,2,0,2,0,2,0,0,0,0,2,0,0,2,0,0,2,2
69,8071.210,5282.757,86.006,-94.890,-0.084080,0.993928,0.070971,-0.996321,-0.085038,0.010589,0.016560,-0.069820,0.997422,0,0.86269,0.41202,51.761,0.824,-1,375.000,-1,400.000,-1,325.000,325.000,300.000,300.000,-1,900.000,800.000,-1,750.000,775.000,-1,-1,2,0,2,0,2,0,0,0,0,2,0,0,2,0,0,2,2
70,8067.540,5231.084,86.692,-94.061,-0.069732,0.995123,0.069771,-0.997441,-0.070658,0.010889,0.015766,-0.068833,0.997504,0,0.86340,0.41436,51.804,0.829,-1,375.000,-1,400.000,-1,325.000,325.000,300.000,300.000,-1,925.000,850.000,-1,750.000,775.000,-1,-1,2,0,2,0,2,0,0,0,0,2,0,0,2,0,0,2,2
71,8064.111,5174.584,87.636,-93.473,-0.059522,0.995818,0.069309,-0.998111,-0.060431,0.011094,0.015236,-0.068518,0.997534,0,0.94340,0.29436,56.604,0.589,-1,375.000,-1,400.000,-1,325.000,325.000,300.000,300.000,-1,975.000,875.000,-1,750.000,750.000,-1,-1,2,0,2,0,2,0,0,0,0,2,0,0,2,0,0,2,2
72,8061.012,5115.764,88.589,-93.016,-0.051585,0.996293,0.068847,-0.998557,-0.052486,0.011349,0.014920,-0.068162,0.997563,0,0.98169,0.22855,58.902,0.457,-1,375.000,-1,400.000,-1,325.000,325.000,300.000,300.000,-1,-1,925.000,-1,750.000,750.000,-1,-1,2,0,2,0,2,0,0,0,0,2,2,0,2,0,0,2,2
73,8058.388,5056.908,89.503,-92.552,-0.043538,0.996709,0.068377,-0.998945,-0.044432,0.011616,0.014616,-0.067799,0.997592,0,0.98192,0.23157,58.915,0.463,-1,375.000,-1,400.000,-1,325.000,325.000,300.000,300.000,-1,-1,975.000,-1,750.000,750.000,-1,-1,2,0,2,0,2,0,0,0,0,2,2,0,2,0,0,2,2
74,8056.246,4998.028,90.381,-92.083,-0.035380,0.997065,0.067900,-0.999271,-0.036269,0.011895,0.014322,-0.067430,0.997621,0,0.98198,0.23462,58.919,0.469,-1,375.000,-1,400.000,-1,325.000,325.000,300.000,300.000,-1,-1,-1,-1,750.000,750.000,-1,-1,2,0,2,0,2,0,0,0,0,2,2,2,2,0,0,2,2
75,8054.593,4939.138,91.220,-91.608,-0.027113,0.997356,0.067418,-0.999534,-0.027996,0.012181,0.014036,-0.067056,0.997650,0,0.98189,0.23769,58.914,0.475,-1,375.000,-1,400.000,-1,325.000,325.000,300.000,325.000,-1,-1,-1,-1,775.000,750.000,-1,-1,2,0,2,0,2,0,0,0,0,2,2,2,2,0,0,2,2
76,8053.435,4880.251,92.021,-91.126,-0.018735,0.997582,0.066930,-0.999730,-0.019613,0.012473,0.013756,-0.066679,0.997680,0,0.98165,0.24078,58.899,0.482,-1,400.000,-1,400.000,-1,325.000,325.000,300.000,300.000,-1,-1,-1,-1,775.000,750.000,-1,-1,2,0,2,0,2,0,0,0,0,2,2,2,2,0,0,2,2
77,8052.779,4821.380,92.784,-90.639,-0.010248,0.997738,0.066440,-0.999857,-0.011121,0.012768,0.013478,-0.066300,0.997709,0,0.98124,0.24386,58.874,0.488,-1,400.000,-1,400.000,-1,325.000,325.000,300.000,300.000,-1,-1,-1,-1,775.000,750.000,-1,-1,2,0,2,0,2,0,0,0,0,2,2,2,2,0,0,2,2
78,8052.630,4762.540,93.509,-90.145,-0.001653,0.997822,0.065949,-0.999911,-0.002520,0.013065,0.013202,-0.065921,0.997737,0,0.98068,0.24694,58.841,0.494,-1,400.000,-1,400.000,-1,325.000,325.000,300.000,300.000,-1,-1,-1,-1,775.000,750.000,-1,-1,2,0,2,0,2,0,0,0,0,2,2,2,2,0,0,2,2
79,8052.992,4703.743,94.196,-89.647,0.007013,0.997831,0.065457,-0.999892,0.006151,0.013360,0.012928,-0.065544,0.997766,0,0.97996,0.24895,58.798,0.498,-1,400.000,-1,400.000,-1,325.000,325.000,300.000,300.000,-1,-1,-1,-1,775.000,750.000,-1,-1,2,0,2,0,2,0,0,0,0,2,2,2,2,0,0,2,2
80,8053.868,4645.004,94.846,-89.146,0.015736,0.997763,0.064967,-0.999796,0.014879,0.013651,0.012654,-0.065169,0.997794,0,0.97910,0.25058,58.746,0.501,-1,400.000,-1,400.000,-1,325.000,325.000,300.000,300.000,-1,-1,-1,-1,800.000,750.000,-1,-1,2,0,2,0,2,0,0,0,0,2,2,2,2,0,0,2,2
81,8055.259,4586.336,95.496,-88.641,0.024504,0.997608,0.064638,-0.999624,0.023658,0.013826,0.012264,-0.064953,0.997813,0,0.97809,0.25207,58.685,0.504,-1,400.000,-1,400.000,-1,325.000,325.000,300.000,300.000,-1,-1,-1,-1,800.000,775.000,-1,-1,2,0,2,0,2,0,0,0,0,2,2,2,2,0,0,2,2
82,8057.167,4527.750,96.107,-88.135,0.033296,0.997331,0.064985,-0.999380,0.032481,0.013565,0.011418,-0.065397,0.997794,0,0.97694,0.25342,58.617,0.507,-1,400.000,-1,400.000,-1,325.000,325.000,300.000,300.000,-1,-1,-1,-1,800.000,775.000,-1,-1,2,0,2,0,2,0,0,0,0,2,2,2,2,0,0,2,2
83,8059.593,4469.261,96.674,-87.625,0.042125,0.996972,0.065369,-0.999057,0.041342,0.013281,0.010538,-0.065867,0.997773,0,0.97567,0.25461,58.540,0.509,-1,400.000,-1,400.000,-1,325.000,325.000,300.000,300.000,-1,-1,-1,-1,800.000,775.000,-1,-1,2,0,2,0,2,0,0,0,0,2,2,2,2,0,0,2,2
84,8062.537,4410.878,97.201,-87.114,0.050985,0.996532,0.065767,-0.998653,0.050236,0.012991,0.009642,-0.066341,0.997750,0,0.97429,0.25566,58.457,0.511,-1,400.000,-1,400.000,-1,325.000,325.000,300.000,300.000,-1,-1,-1,-1,825.000,775.000,-1,-1,2,0,2,0,2,0,0,0,0,2,2,2,2,0,0,2,2
85,8065.998,4352.613,97.688,-86.601,0.059870,0.996010,0.066180,-0.998168,0.059156,0.012696,0.008731,-0.066818,0.997727,0,0.97280,0.25654,58.368,0.513,-1,400.000,-1,400.000,-1,325.000,325.000,300.000,300.000,-1,-1,-1,-1,825.000,775.000,-1,-1,2,0,2,0,2,0,0,0,0,2,2,2,2,0,0,2,2
86,8069.976,4294.475,98.133,-86.086,0.068773,0.995406,0.066607,-0.997602,0.068096,0.012394,0.007801,-0.067300,0.997702,0,0.97123,0.25727,58.274,0.515,-1,400.000,-1,400.000,-1,325.000,325.000,300.000,300.000,-1,-1,-1,-1,825.000,775.000,-1,-1,2,0,2,0,2,0,0,0,0,2,2,2,2,0,0,2,2
87,8074.469,4236.474,98.537,-85.571,0.077689,0.994720,0.067051,-0.996954,0.077049,0.012084,0.006854,-0.067786,0.997676,0,0.96959,0.25784,58.175,0.516,-1,400.000,-1,400.000,-1,325.000,325.000,300.000,300.000,-1,-1,-1,-1,825.000,775.000,-1,-1,2,0,2,0,2,0,0,0,0,2,2,2,2,0,0,2,2
88,8079.476,4178.616,98.898,-85.054,0.086611,0.993952,0.067512,-0.996225,0.086010,0.011765,0.005887,-0.068276,0.997649,0,0.96790,0.25824,58.074,0.516,-1,400.000,-1,400.000,-1,325.000,325.000,300.000,300.000,-1,-1,-1,-1,850.000,800.000,-1,-1,2,0,2,0,2,0,0,0,0,2,2,2,2,0,0,2,2
89,8084.995,4120.909,99.217,-84.537,0.095532,0.993102,0.067989,-0.995414,0.094971,0.011437,0.004901,-0.068770,0.997620,0,0.96618,0.25849,57.971,0.517,-1,400.000,-1,400.000,-1,325.000,325.000,300.000,300.000,-1,-1,-1,-1,850.000,800.000,-1,-1,2,0,2,0,2,0,0,0,0,2,2,2,2,0,0,2,2
90,8091.024,4063.358,99.493,-84.020,0.104446,0.992170,0.068485,-0.994523,0.103927,0.011100,0.003895,-0.069269,0.997590,0,0.96444,0.25857,57.866,0.517,-1,400.000,-1,400.000,-1,325.000,325.000,300.000,300.000,-1,-1,-1,-1,850.000,800.000,-1,-1,2,0,2,0,2,0,0,0,0,2,2,2,2,0,0,2,2
91,8097.561,4005.967,99.725,-83.503,0.113346,0.991157,0.069000,-0.993551,0.112871,0.010751,0.002868,-0.069774,0.997559,0,0.96271,0.25849,57.762,0.517,-1,400.000,-1,400.000,-1,325.000,325.000,300.000,300.000,-1,-1,-1,-1,875.000,800.000,-1,-1,2,0,2,0,2,0,0,0,0,2,2,2,2,0,0,2,2
92,8104.601,3948.739,99.869,-82.987,0.122218,0.990075,0.069387,-0.992502,0.121799,0.010258,0.001705,-0.070120,0.997537,0,0.96100,0.25825,57.660,0.516,-1,400.000,-1,400.000,-1,325.000,325.000,300.000,300.000,-1,-1,-1,-1,875.000,825.000,-1,-1,2,0,2,0,2,0,0,0,0,2,2,2,2,0,0,2,2
93,8112.143,3891.676,99.757,-82.471,0.131032,0.988950,0.069349,-0.991378,0.130706,0.009239,0.000073,-0.069962,0.997550,0,0.95933,0.25785,57.560,0.516,-1,425.000,-1,400.000,-1,325.000,325.000,300.000,300.000,-1,-1,-1,-1,875.000,825.000,-1,-1,2,0,2,0,2,0,0,0,0,2,2,2,2,0,0,2,2
94,8120.185,3834.779,99.363,-81.956,0.139783,0.987680,0.070345,-0.990180,0.139575,0.007889,-0.002027,-0.070757,0.997492,0,0.95772,0.25730,57.463,0.515,-1,400.000,-1,400.000,-1,325.000,325.000,300.000,300.000,-1,-1,-1,-1,900.000,825.000,-1,-1,2,0,2,0,2,0,0,0,0,2,2,2,2,0,0,2,2
95,8128.722,3778.047,98.920,-81.443,0.148494,0.986334,0.071375,-0.988905,0.148407,0.006541,-0.004141,-0.071554,0.997428,0,0.95618,0.25659,57.371,0.513,-1,400.000,-1,400.000,-1,325.000,325.000,300.000,300.000,-1,-1,-1,-1,900.000,825.000,-1,-1,2,0,2,0,2,0,0,0,0,2,2,2,2,0,0,2,2
96,8137.752,3721.479,98.429,-80.932,0.157158,0.984913,0.072438,-0.987554,0.157197,0.005196,-0.006269,-0.072353,0.997359,0,0.95474,0.25573,57.284,0.511,-1,400.000,-1,400.000,-1,325.000,325.000,300.000,300.000,-1,-1,-1,-1,900.000,825.000,-1,-1,2,0,2,0,2,0,0,0,0,2,2,2,2,0,0,2,2
97,8147.270,3665.073,97.888,-80.422,0.165770,0.983419,0.073535,-0.986129,0.165938,0.003854,-0.008413,-0.073154,0.997285,0,0.95339,0.25473,57.204,0.509,-1,400.000,-1,400.000,-1,325.000,325.000,300.000,300.000,-1,-1,-1,-1,900.000,825.000,-1,-1,2,0,2,0,2,0,0,0,0,2,2,2,2,0,0,2,2
98,8157.275,3608.826,97.297,-79.915,0.174324,0.981853,0.074665,-0.984632,0.174626,0.002514,-0.010570,-0.073956,0.997205,0,0.95216,0.25358,57.130,0.507,-1,400.000,-1,400.000,-1,325.000,325.000,300.000,300.000,-1,-1,-1,-1,900.000,825.000,-1,-1,2,0,2,0,2,0,0,0,0,2,2,2,2,0,0,2,2
99,8167.763,3552.736,96.655,-79.411,0.182815,0.980219,0.075829,-0.983065,0.183255,0.001179,-0.012740,-0.074760,0.997120,0,0.95105,0.25229,57.063,0.505,-1,400.000,-1,400.000,-1,325.000,325.000,300.000,300.000,-1,-1,-1,-1,900.000,825.000,-1,-1,2,0,2,0,2,0,0,0,0,2,2,2,2,0,0,2,2
100,8178.730,3496.796,95.960,-78.909,0.191239,0.978517,0.077026,-0.981430,0.191820,-0.000153,-0.014925,-0.075567,0.997029,0,0.95007,0.25087,57.004,0.502,-1,400.000,-1,400.000,-1,325.000,325.000,300.000,300.000,-1,-1,-1,-1,900.000,825.000,-1,-1,2,0,2,0,2,0,0,0,0,2,2,2,2,0,0,2,2
101,8190.173,3441.004,95.214,-78.410,0.199589,0.976750,0.078257,-0.979730,0.200316,-0.001480,-0.017122,-0.076375,0.996932,0,0.94923,0.24932,56.954,0.499,-1,400.000,-1,400.000,-1,325.000,325.000,300.000,300.000,-1,-1,-1,-1,900.000,825.000,-1,-1,2,0,2,0,2,0,0,0,0,2,2,2,2,0,0,2,2
102,8200.883,3389.962,94.497,-78.152,0.203856,0.975776,0.079395,-0.978819,0.204711,-0.002699,-0.018887,-0.077163,0.996840,0,0.86923,0.12932,52.154,0.259,-1,425.000,-1,400.000,-1,325.000,325.000,300.000,300.000,-1,-1,-1,-1,900.000,825.000,-1,-1,2,0,2,0,2,0,0,0,0,2,2,2,2,0,0,2,2
103,8210.622,3343.620,93.827,-78.133,0.204055,0.975652,0.080401,-0.978751,0.205016,-0.003805,-0.020196,-0.077916,0.996755,0,0.78923,0.00932,47.354,0.019,-1,425.000,-1,400.000,-1,325.000,325.000,300.000,300.000,-1,-1,-1,-1,900.000,825.000,-1,-1,2,0,2,0,2,0,0,0,0,2,2,2,2,0,0,2,2
104,8219.212,3301.942,93.002,-78.354,0.200219,0.976444,0.080433,-0.979529,0.201247,-0.004800,-0.020874,-0.077825,0.996748,0,0.70923,-0.11068,42.554,-0.221,-1,425.000,-1,400.000,-1,325.000,325.000,300.000,300.000,-1,-1,-1,-1,900.000,825.000,-1,-1,2,0,2,0,2,0,0,0,0,2,2,2,2,0,0,2,2
105,8227.318,3260.941,92.109,-78.816,0.192281,0.978063,0.080124,-0.981104,0.193384,-0.006164,-0.021523,-0.077425,0.996766,0,0.69659,-0.23068,41.795,-0.461,-1,425.000,-1,400.000,-1,325.000,325.000,300.000,300.000,-1,-1,-1,-1,900.000,825.000,-1,-1,2,0,2,0,2,0,0,0,0,2,2,2,2,0,0,2,2
106,8234.916,3219.878,91.158,-79.517,0.180251,0.980352,0.080116,-0.983384,0.181396,-0.007191,-0.021583,-0.077489,0.996760,0,0.69599,-0.35068,41.759,-0.701,-1,425.000,-1,400.000,-1,325.000,325.000,300.000,300.000,-1,-1,-1,-1,900.000,825.000,-1,-1,2,0,2,0,2,0,0,0,0,2,2,2,2,0,0,2,2
107,8241.834,3178.730,89.995,-80.458,0.164039,0.983107,0.081185,-0.986216,0.165250,-0.008389,-0.021663,-0.078690,0.996664,0,0.69541,-0.47068,41.725,-0.941,-1,425.000,-1,400.000,-1,325.000,325.000,300.000,300.000,-1,-1,-1,-1,900.000,825.000,-1,-1,2,0,2,0,2,0,0,0,0,2,2,2,2,0,0,2,2
108,8248.067,3137.505,88.880,-81.404,0.147716,0.985607,0.082206,-0.988792,0.148994,-0.009595,-0.021705,-0.079867,0.996569,0,0.69488,-0.47266,41.693,-0.945,-1,425.000,-1,400.000,-1,325.000,325.000,300.000,300.000,-1,-1,-1,-1,900.000,825.000,-1,-1,2,0,2,0,2,0,0,0,0,2,2,2,2,0,0,2,2
109,8253.614,3096.202,87.815,-82.353,0.131289,0.987849,0.083175,-0.991106,0.132632,-0.010809,-0.021709,-0.081017,0.996476,0,0.69455,-0.47465,41.673,-0.949,-1,425.000,-1,400.000,-1,325.000,325.000,300.000,300.000,-1,-1,-1,-1,900.000,825.000,-1,-1,2,0,2,0,2,0,0,0,0,2,2,2,2,0,0,2,2
110,8258.472,3054.820,86.799,-83.307,0.114756,0.989828,0.084094,-0.993157,0.116164,-0.012028,-0.021674,-0.082138,0.996385,0,0.69442,-0.47676,41.665,-0.954,-1,400.000,-1,400.000,-1,325.000,325.000,300.000,300.000,-1,-1,-1,-1,900.000,825.000,-1,-1,2,0,2,0,2,0,0,0,0,2,2,2,2,0,0,2,2
111,8262.637,3013.358,85.836,-84.264,0.098118,0.991542,0.084960,-0.994940,0.099590,-0.013251,-0.021600,-0.083229,0.996296,0,0.69450,-0.47898,41.670,-0.958,-1,400.000,-1,400.000,-1,325.000,325.000,300.000,300.000,-1,-1,-1,-1,875.000,825.000,-1,-1,2,0,2,0,2,0,0,0,0,2,2,2,2,0,0,2,2
112,8266.107,2971.816,84.926,-85.227,0.081376,0.992986,0.085771,-0.996452,0.082911,-0.014477,-0.021486,-0.084289,0.996210,0,0.69477,-0.48130,41.686,-0.963,-1,400.000,-1,400.000,-1,325.000,325.000,300.000,300.000,-1,-1,-1,-1,875.000,825.000,-1,-1,2,0,2,0,2,0,0,0,0,2,2,2,2,0,0,2,2
113,8268.877,2930.192,84.072,-86.195,0.064532,0.994157,0.086528,-0.997688,0.066128,-0.015702,-0.021332,-0.085315,0.996126,0,0.69525,-0.48372,41.715,-0.967,-1,400.000,-1,400.000,-1,325.000,325.000,300.000,300.000,-1,-1,-1,-1,875.000,800.000,-1,-1,2,0,2,0,2,0,0,0,0,2,2,2,2,0,0,2,2
114,8270.942,2888.487,83.274,-87.167,0.047586,0.995051,0.087229,-0.998643,0.049241,-0.016926,-0.021137,-0.086305,0.996045,0,0.69591,-0.48623,41.755,-0.972,-1,400.000,-1,400.000,-1,325.000,325.000,300.000,300.000,-1,-1,-1,-1,875.000,800.000,-1,-1,2,0,2,0,2,0,0,0,0,2,2,2,2,0,0,2,2
115,8271.988,2851.546,82.635,-88.379,0.026487,0.995788,0.087776,-0.999441,0.028173,-0.018019,-0.020416,-0.087250,0.995977,0,0.61591,-0.60623,36.955,-1.212,-1,400.000,-1,400.000,-1,325.000,325.000,300.000,300.000,-1,-1,-1,-1,875.000,800.000,-1,-1,2,0,2,0,2,0,0,0,0,2,2,2,2,0,0,2,2
116,8272.083,2819.390,82.154,-89.832,0.001238,0.996105,0.088167,-0.999816,0.002923,-0.018979,-0.019163,-0.088127,0.995925,0,0.53591,-0.72623,32.155,-1.452,-1,400.000,-1,400.000,-1,325.000,325.000,300.000,300.000,-1,-1,-1,-1,875.000,800.000,-1,-1,2,0,2,0,2,0,0,0,0,2,2,2,2,0,0,2,2
117,8271.432,2792.042,81.814,-91.364,-0.025379,0.995760,0.088416,-0.999523,-0.023718,-0.019795,-0.017614,-0.088876,0.995887,0,0.45591,-0.76628,27.355,-1.533,-1,400.000,-1,400.000,-1,325.000,325.000,300.000,300.000,-1,-1,-1,-1,850.000,800.000,-1,-1,2,0,2,0,2,0,0,0,0,2,2,2,2,0,0,2,2
118,8270.291,2769.514,81.592,-92.901,-0.052026,0.994713,0.088545,-0.998519,-0.050404,-0.020464,-0.015892,-0.089478,0.995862,0,0.37591,-0.76817,22.555,-1.536,-1,400.000,-1,400.000,-1,325.000,325.000,300.000,300.000,-1,-1,-1,-1,850.000,800.000,-1,-1,2,0,2,0,2,0,0,0,0,2,2,2,2,0,0,2,2
119,8268.916,2751.812,81.468,-94.440,-0.078674,0.992958,0.088572,-0.996802,-0.077107,-0.020987,-0.014009,-0.089939,0.995849,0,0.29591,-0.76977,17.755,-1.540,-1,400.000,-1,400.000,-1,325.000,325.000,300.000,300.000,-1,-1,-1,-1,850.000,800.000,-1,-1,2,0,2,0,2,0,0,0,0,2,2,2,2,0,0,2,2
120,8267.566,2738.926,81.418,-95.982,-0.105296,0.990494,0.088515,-0.994369,-0.103798,-0.021368,-0.011977,-0.090266,0.995846,0,0.21591,-0.77106,12.955,-1.542,-1,400.000,-1,400.000,-1,325.000,325.000,300.000,300.000,-1,-1,-1,-1,850.000,800.000,-1,-1,2,0,2,0,2,0,0,0,0,2,2,2,2,0,0,2,2
121,8266.497,2730.840,81.419,-97.526,-0.131861,0.987319,0.088392,-0.991220,-0.130447,-0.021612,-0.009807,-0.090466,0.995851,0,0.13591,-0.77202,8.155,-1.544,-1,400.000,-1,400.000,-1,325.000,325.000,300.000,300.000,-1,-1,-1,-1,850.000,800.000,-1,-1,2,0,2,0,2,0,0,0,0,2,2,2,2,0,0,2,2
122,8265.968,2727.526,81.447,-99.072,-0.158341,0.983435,0.088222,-0.987356,-0.157023,-0.021726,-0.007513,-0.090546,0.995864,0,0.05591,-0.77264,3.355,-1.545,-1,400.000,-1,400.000,-1,325.000,325.000,300.000,300.000,-1,-1,-1,-1,850.000,800.000,-1,-1,2,0,2,0,2,0,0,0,0,2,2,2,2,0,0,2,2
123,8264.498,2719.503,81.485,-100.377,-0.180631,0.979598,0.088096,-0.983535,-0.179384,-0.021938,-0.005687,-0.090608,0.995870,0,0.13591,-0.65264,8.155,-1.305,-1,400.000,-1,400.000,-1,325.000,325.000,325.000,300.000,-1,-1,-1,-1,850.000,775.000,-1,-1,2,0,2,0,2,0,0,0,0,2,2,2,2,0,0,2,2
124,8261.928,2706.805,81.547,-101.442,-0.198765,0.976088,0.088005,-0.980038,-0.197564,-0.022245,-0.004326,-0.090669,0.995872,0,0.21591,-0.53264,12.955,-1.065,-1,400.000,-1,400.000,-1,325.000,325.000,325.000,300.000,-1,-1,-1,-1,850.000,775.000,-1,-1,2,0,2,0,2,0,0,0,0,2,2,2,2,0,0,2,2
125,8258.155,2689.455,81.611,-102.268,-0.212773,0.973123,0.088081,-0.977096,-0.211598,-0.022574,-0.003329,-0.090867,0.995857,0,0.29591,-0.41264,17.755,-0.825,-1,400.000,-1,400.000,-1,325.000,325.000,325.000,300.000,-1,-1,-1,-1,850.000,775.000,-1,-1,2,0,2,0,2,0,0,0,0,2,2,2,2,0,0,2,2
126,8253.138,2667.464,81.614,-102.853,-0.222679,0.970856,0.088614,-0.974888,-0.221515,-0.022884,-0.002588,-0.091485,0.995803,0,0.37591,-0.29264,22.555,-0.585,-1,400.000,-1,400.000,-1,325.000,325.000,325.000,300.000,-1,-1,-1,-1,850.000,775.000,-1,-1,2,0,2,0,2,0,0,0,0,2,2,2,2,0,0,2,2
127,8246.894,2640.832,81.570,-103.198,-0.228544,0.969413,0.089477,-0.973530,-0.227340,-0.023561,-0.002499,-0.092493,0.995710,0,0.45591,-0.17264,27.355,-0.345,-1,400.000,-1,400.000,-1,325.000,325.000,325.000,300.000,-1,-1,-1,-1,850.000,775.000,-1,-1,2,0,2,0,2,0,0,0,0,2,2,2,2,0,0,2,2
128,8239.496,2609.539,81.531,-103.303,-0.230369,0.968887,0.090484,-0.973099,-0.229096,-0.024360,-0.002872,-0.093662,0.995600,0,0.53591,-0.05264,32.155,-0.105,-1,400.000,-1,400.000,-1,325.000,325.000,300.000,325.000,-1,-1,-1,-1,850.000,775.000,-1,-1,2,0,2,0,2,0,0,0,0,2,2,2,2,0,0,2,2
129,8231.079,2573.556,81.438,-103.169,-0.228148,0.969317,0.091506,-0.973620,-0.226792,-0.025095,-0.003572,-0.094818,0.995488,0,0.61591,0.06736,36.955,0.135,-1,400.000,-1,400.000,-1,325.000,325.000,300.000,325.000,-1,-1,-1,-1,850.000,775.000,-1,-1,2,0,2,0,2,0,0,0,0,2,2,2,2,0,0,2,2
130,8221.833,2532.838,81.080,-102.794,-0.221875,0.970739,0.091856,-0.975064,-0.220439,-0.025626,-0.004627,-0.095252,0.995442,0,0.69591,0.18736,41.755,0.375,-1,400.000,-1,400.000,-1,325.000,325.000,300.000,325.000,-1,-1,-1,-1,850.000,800.000,-1,-1,2,0,2,0,2,0,0,0,0,2,2,2,2,0,0,2,2
131,8212.669,2490.374,80.598,-102.179,-0.211558,0.973033,0.091926,-0.977345,-0.210008,-0.026339,-0.006323,-0.095416,0.995417,0,0.72404,0.30736,43.442,0.615,-1,400.000,-1,400.000,-1,325.000,325.000,300.000,300.000,-1,-1,-1,-1,850.000,800.000,-1,-1,2,0,2,0,2,0,0,0,0,2,2,2,2,0,0,2,2
132,8204.108,2447.624,80.059,-101.324,-0.197153,0.976045,0.092016,-0.980336,-0.195467,-0.027079,-0.008444,-0.095545,0.995389,0,0.72665,0.42736,43.599,0.855,-1,400.000,-1,400.000,-1,325.000,325.000,300.000,300.000,-1,-1,-1,-1,850.000,800.000,-1,-1,2,0,2,0,2,0,0,0,0,2,2,2,2,0,0,2,2
133,8196.364,2404.710,79.445,-100.230,-0.178625,0.979593,0.092142,-0.983856,-0.176782,-0.027851,-0.010993,-0.095629,0.995356,0,0.72680,0.54736,43.608,1.095,-1,400.000,-1,400.000,-1,325.000,325.000,300.000,300.000,-1,-1,-1,-1,850.000,800.000,-1,-1,2,0,2,0,2,0,0,0,0,2,2,2,2,0,0,2,2
134,8189.623,2361.628,78.740,-98.895,-0.155936,0.983443,0.092321,-0.987668,-0.153916,-0.028660,-0.013976,-0.095652,0.995317,0,0.72680,0.66736,43.608,1.335,-1,400.000,-1,400.000,-1,325.000,325.000,300.000,300.000,-1,-1,-1,-1,850.000,800.000,-1,-1,2,0,2,0,2,0,0,0,0,2,2,2,2,0,0,2,2
135,8184.067,2318.377,77.926,-97.320,-0.129054,0.987307,0.092571,-0.991485,-0.126833,-0.029511,-0.017395,-0.095592,0.995269,0,0.72680,0.78736,43.608,1.575,-1,400.000,-1,400.000,-1,325.000,325.000,300.000,300.000,-1,-1,-1,-1,850.000,800.000,-1,-1,2,0,2,0,2,0,0,0,0,2,2,2,2,0,0,2,2
136,8179.884,2274.972,76.987,-95.506,-0.097949,0.990845,0.092910,-0.994965,-0.095505,-0.030404,-0.021252,-0.095420,0.995210,0,0.72680,0.90736,43.608,1.815,-1,400.000,-1,400.000,-1,325.000,325.000,300.000,300.000,-1,-1,-1,-1,850.000,825.000,-1,-1,2,0,2,0,2,0,0,0,0,2,2,2,2,0,0,2,2
137,8177.219,2231.447,75.909,-93.506,-0.063554,0.993603,0.093353,-0.997654,-0.060869,-0.031335,-0.025452,-0.095125,0.995140,0,0.72680,1.00000,43.608,2.000,-1,400.000,-1,400.000,-1,325.000,325.000,300.000,300.000,-1,-1,-1,-1,875.000,825.000,-1,-1,2,0,2,0,2,0,0,0,0,2,2,2,2,0,0,2,2
