timestep,x_cm,y_cm,z_cm,yaw_deg,basis_xx,basis_xy,basis_xz,basis_yx,basis_yy,basis_yz,basis_zx,basis_zy,basis_zz,teleport_flag,throttle_cmd,steering_cmd,cmd_move_cm,cmd_turn_deg,lidar_cm_0,lidar_cm_1,lidar_cm_2,lidar_cm_3,lidar_cm_4,lidar_cm_5,lidar_cm_6,lidar_cm_7,lidar_cm_8,lidar_cm_9,lidar_cm_10,lidar_cm_11,lidar_cm_12,lidar_cm_13,lidar_cm_14,lidar_cm_15,lidar_cm_16,lidar_class_0,lidar_class_1,lidar_class_2,lidar_class_3,lidar_class_4,lidar_class_5,lidar_class_6,lidar_class_7,lidar_class_8,lidar_class_9,lidar_class_10,lidar_class_11,lidar_class_12,lidar_class_13,lidar_class_14,lidar_class_15,lidar_class_16
0,981.586,9510.389,93.194,17.111,0.956230,-0.292576,0.004753,0.290228,0.950377,0.112034,-0.037295,-0.105751,0.993693,1,-0.03994,0.12000,-2.397,0.240,800.000,375.000,525.000,375.000,475.000,325.000,325.000,300.000,300.000,-1,-1,-1,-1,525.000,425.000,650.000,450.000,1,0,1,1,1,0,0,0,0,2,2,2,2,1,1,1,1
1,979.244,9509.656,93.289,17.366,0.954929,-0.296798,0.004735,0.294423,0.949077,0.112102,-0.037765,-0.105655,0.993685,0,-0.04089,0.12725,-2.454,0.255,825.000,375.000,525.000,375.000,475.000,325.000,325.000,300.000,300.000,-1,-1,-1,-1,525.000,425.000,650.000,450.000,1,0,1,1,1,0,0,0,0,2,2,2,2,1,1,1,1
2,976.849,9508.896,93.387,17.618,0.953618,-0.300982,0.004716,0.298582,0.947769,0.112172,-0.038231,-0.105561,0.993678,0,-0.04188,0.12630,-2.513,0.253,825.000,375.000,525.000,375.000,475.000,325.000,325.000,300.000,300.000,-1,-1,-1,-1,525.000,425.000,650.000,450.000,1,0,1,1,1,0,0,0,0,2,2,2,2,1,1,1,1
3,974.400,9508.106,93.490,17.869,0.952299,-0.305130,0.004696,0.302703,0.946452,0.112244,-0.038694,-0.105468,0.993670,0,-0.04288,0.12538,-2.573,0.251,825.000,375.000,525.000,375.000,475.000,325.000,325.000,300.000,300.000,-1,-1,-1,-1,550.000,425.000,675.000,450.000,1,0,1,1,1,0,0,0,0,2,2,2,2,1,1,1,1
4,971.897,9507.287,93.596,18.118,0.950971,-0.309243,0.004676,0.306790,0.945127,0.112317,-0.039153,-0.105376,0.993661,0,-0.04389,0.12449,-2.633,0.249,850.000,375.000,525.000,375.000,475.000,325.000,325.000,300.000,300.000,-1,-1,-1,-1,550.000,425.000,675.000,450.000,1,0,1,1,1,0,0,0,0,2,2,2,2,1,1,1,1
5,969.339,9506.438,93.705,18.365,0.949636,-0.313322,0.004656,0.310843,0.943793,0.112393,-0.039609,-0.105285,0.993653,0,-0.04492,0.12362,-2.695,0.247,850.000,375.000,525.000,375.000,475.000,325.000,325.000,300.000,300.000,-1,-1,-1,-1,550.000,425.000,675.000,450.000,1,0,1,1,1,0,0,0,0,2,2,2,2,1,1,1,1
6,966.725,9505.558,93.819,18.611,0.948291,-0.317367,0.004634,0.314862,0.942450,0.112470,-0.040062,-0.105195,0.993644,0,-0.04596,0.12278,-2.757,0.246,875.000,375.000,550.000,375.000,475.000,325.000,325.000,300.000,300.000,-1,-1,-1,-1,550.000,425.000,675.000,450.000,1,0,1,1,1,0,0,0,0,2,2,2,2,1,1,1,1
7,964.055,9504.646,93.937,18.855,0.946939,-0.321380,0.004612,0.318850,0.941099,0.112550,-0.040512,-0.105107,0.993635,0,-0.04701,0.12197,-2.821,0.244,875.000,375.000,550.000,375.000,475.000,325.000,325.000,300.000,300.000,-1,-1,-1,-1,550.000,425.000,700.000,450.000,1,0,1,1,1,0,0,0,0,2,2,2,2,1,1,1,1
8,961.329,9503.702,94.058,19.097,0.945579,-0.325361,0.004589,0.322805,0.939740,0.112631,-0.040959,-0.105020,0.993626,0,-0.04808,0.12119,-2.885,0.242,875.000,375.000,550.000,400.000,475.000,325.000,325.000,300.000,300.000,-1,-1,-1,-1,575.000,425.000,700.000,450.000,1,0,1,1,1,0,0,0,0,2,2,2,2,1,1,1,1
9,958.546,9502.725,94.184,19.338,0.944210,-0.329312,0.004566,0.326731,0.938372,0.112715,-0.041403,-0.104935,0.993617,0,-0.04916,0.12044,-2.950,0.241,900.000,375.000,550.000,400.000,475.000,325.000,325.000,300.000,300.000,-1,-1,-1,-1,575.000,425.000,700.000,450.000,1,0,1,1,1,0,0,0,0,2,2,2,2,1,1,1,1
10,955.704,9501.715,94.314,19.577,0.942834,-0.333233,0.004542,0.330627,0.936996,0.112800,-0.041844,-0.104850,0.993607,0,-0.05026,0.11971,-3.015,0.239,900.000,375.000,550.000,400.000,475.000,325.000,325.000,300.000,300.000,-1,-1,-1,-1,575.000,450.000,700.000,450.000,1,0,1,1,1,0,0,0,0,2,2,2,2,1,1,1,1
11,952.805,9500.670,94.448,19.815,0.941449,-0.337126,0.004517,0.334494,0.935612,0.112888,-0.042283,-0.104767,0.993597,0,-0.05136,0.11901,-3.082,0.238,925.000,375.000,550.000,400.000,475.000,325.000,325.000,300.000,300.000,-1,-1,-1,-1,575.000,450.000,725.000,450.000,1,0,1,1,1,0,0,0,0,2,2,2,2,1,1,1,1
12,949.846,9499.590,94.587,20.052,0.940056,-0.340991,0.004491,0.338334,0.934220,0.112978,-0.042720,-0.104686,0.993587,0,-0.05249,0.11834,-3.149,0.237,925.000,375.000,575.000,400.000,475.000,325.000,325.000,300.000,300.000,-1,-1,-1,-1,575.000,450.000,725.000,450.000,1,0,1,1,1,0,0,0,0,2,2,2,2,1,1,1,1
13,946.828,9498.475,94.730,20.287,0.938655,-0.344829,0.004464,0.342147,0.932819,0.113069,-0.043154,-0.104606,0.993577,0,-0.05362,0.11770,-3.217,0.235,950.000,375.000,575.000,400.000,500.000,325.000,325.000,300.000,300.000,-1,-1,-1,-1,600.000,450.000,725.000,475.000,1,0,1,1,1,0,0,0,0,2,2,2,2,1,1,1,1
14,943.750,9497.322,94.878,20.522,0.937246,-0.348641,0.004437,0.345934,0.931409,0.113163,-0.043586,-0.104527,0.993566,0,-0.05477,0.11708,-3.286,0.234,950.000,375.000,575.000,400.000,500.000,325.000,325.000,300.000,300.000,-1,-1,-1,-1,600.000,450.000,750.000,475.000,1,0,1,1,1,0,0,0,0,2,2,2,2,1,1,1,1
15,945.162,9497.864,94.806,20.996,0.934341,-0.356353,0.004450,0.353599,0.928533,0.113110,-0.044439,-0.104110,0.993572,0,0.02523,0.23708,1.514,0.474,975.000,375.000,575.000,400.000,475.000,325.000,325.000,300.000,300.000,-1,-1,-1,-1,600.000,450.000,750.000,450.000,1,0,1,1,1,0,0,0,0,2,2,2,2,1,1,1,1
16,951.027,9500.199,94.503,21.710,0.929843,-0.367928,0.004505,0.365106,0.924094,0.112908,-0.045705,-0.103342,0.993595,0,0.10523,0.35708,6.314,0.714,975.000,375.000,575.000,400.000,475.000,325.000,325.000,300.000,300.000,-1,-1,-1,-1,600.000,450.000,750.000,450.000,1,0,1,1,1,0,0,0,0,2,2,2,2,1,1,1,1
17,961.282,9504.479,93.952,22.664,0.923608,-0.383311,0.004606,0.380400,0.917947,0.112556,-0.047371,-0.102205,0.993635,0,0.18523,0.47708,11.114,0.954,1000.000,375.000,575.000,400.000,450.000,325.000,325.000,300.000,300.000,-1,-1,-1,-1,600.000,425.000,750.000,450.000,1,0,1,1,1,0,0,0,0,2,2,2,2,1,1,1,1
18,975.852,9510.876,93.137,23.709,0.916485,-0.400042,0.004757,0.397038,0.910936,0.112053,-0.049159,-0.100806,0.993691,0,0.26523,0.52238,15.914,1.045,-1,375.000,550.000,375.000,425.000,325.000,325.000,300.000,300.000,-1,-1,-1,-1,600.000,425.000,750.000,425.000,2,0,1,1,1,0,0,0,0,2,2,2,2,1,1,1,1
19,994.665,9519.542,92.045,24.736,0.909183,-0.416367,0.004963,0.413277,0.903765,0.111402,-0.050869,-0.099234,0.993763,0,0.34523,0.51337,20.714,1.027,-1,375.000,550.000,375.000,400.000,325.000,325.000,300.000,300.000,-1,-1,-1,-1,575.000,400.000,750.000,400.000,2,0,1,1,1,0,0,0,0,2,2,2,2,1,1,1,1
20,1017.646,9530.620,90.664,25.742,0.901741,-0.432245,0.005229,0.429077,0.896471,0.110603,-0.052495,-0.097492,0.993851,0,0.42523,0.50300,25.514,1.006,-1,375.000,525.000,350.000,375.000,325.000,325.000,300.000,300.000,-1,-1,-1,-1,575.000,400.000,750.000,375.000,2,0,1,1,1,0,0,0,0,2,2,2,2,1,1,1,1
21,1044.722,9544.249,88.985,26.724,0.894201,-0.447631,0.005560,0.444393,0.889095,0.109656,-0.054029,-0.095583,0.993954,0,0.50523,0.49109,30.314,0.982,-1,375.000,500.000,325.000,350.000,300.000,325.000,300.000,300.000,-1,-1,-1,-1,550.000,375.000,725.000,350.000,2,0,1,1,1,0,0,0,0,2,2,2,2,1,1,1,1
22,1075.817,9560.558,87.001,27.679,0.886612,-0.462476,0.005963,0.459177,0.881686,0.108562,-0.055464,-0.093514,0.994072,0,0.58523,0.47742,35.114,0.955,-1,375.000,475.000,300.000,300.000,300.000,325.000,300.000,300.000,-1,-1,-1,-1,525.000,350.000,700.000,300.000,2,0,1,1,1,0,1,0,0,2,2,2,2,1,1,1,1
23,1110.860,9579.663,84.766,28.602,0.879035,-0.476716,0.006183,0.473383,0.874281,0.107430,-0.056619,-0.091508,0.994193,0,0.66523,0.46176,39.914,0.924,-1,375.000,425.000,275.000,275.000,300.000,300.000,300.000,300.000,-1,-1,-1,-1,500.000,300.000,675.000,275.000,2,0,1,1,1,0,1,0,0,2,2,2,2,1,1,1,1
24,1149.781,9601.672,82.337,29.490,0.871545,-0.490280,0.005915,0.486962,0.866928,0.106319,-0.057254,-0.089781,0.994314,0,0.74523,0.44382,44.714,0.888,-1,375.000,400.000,250.000,225.000,300.000,250.000,300.000,300.000,-1,-1,925.000,-1,450.000,275.000,650.000,225.000,2,0,1,1,1,0,1,0,0,2,2,0,2,1,1,1,1
25,1192.515,9626.677,79.559,30.336,0.864195,-0.503125,0.005597,0.499855,0.859744,0.104810,-0.057545,-0.087779,0.994476,0,0.82523,0.42326,49.514,0.847,-1,350.000,350.000,225.000,175.000,275.000,225.000,300.000,300.000,-1,-1,725.000,-1,425.000,250.000,600.000,175.000,2,1,1,1,1,1,1,0,0,2,2,0,2,1,1,1,1
26,1239.003,9654.761,77.451,31.136,0.857187,-0.515004,0.000974,0.512087,0.852530,0.104689,-0.054746,-0.089240,0.994504,0,0.90523,0.39970,54.314,0.799,-1,325.000,300.000,175.000,125.000,250.000,200.000,300.000,325.000,-1,850.000,625.000,-1,375.000,200.000,550.000,150.000,2,1,1,1,1,1,1,0,0,2,0,0,2,1,1,1,1
27,1289.167,9686.025,86.226,31.881,0.850303,-0.523553,-0.053634,0.525964,0.841743,0.121778,-0.018611,-0.131758,0.991107,0,0.98523,0.37268,59.114,0.745,-1,300.000,300.000,175.000,125.000,250.000,175.000,275.000,425.000,-1,225.000,275.000,-1,350.000,200.000,575.000,125.000,2,1,1,1,1,1,1,0,1,2,0,0,2,1,1,1,1
28,1339.695,9718.379,95.233,32.564,0.840925,-0.529897,-0.109790,0.540854,0.829710,0.138054,0.017940,-0.175473,0.984321,0,1.00000,0.34169,60.000,0.683,-1,275.000,300.000,175.000,125.000,225.000,175.000,250.000,450.000,525.000,75.000,200.000,-1,350.000,200.000,625.000,125.000,2,1,1,1,1,1,1,0,1,0,0,0,2,1,1,1,1
29,1389.864,9751.292,104.362,33.181,0.828992,-0.533870,-0.166598,0.556642,0.816442,0.153533,0.054051,-0.220013,0.973998,0,1.00000,0.30808,60.000,0.616,-1,275.000,275.000,175.000,125.000,225.000,175.000,225.000,500.000,275.000,25.000,175.000,-1,350.000,200.000,-1,125.000,2,1,1,1,1,1,1,0,1,0,0,0,2,1,1,2,1
30,1439.710,9784.698,113.700,33.725,0.814342,-0.535326,-0.224215,0.573368,0.801930,0.167801,0.089976,-0.265205,0.959985,0,1.00000,0.27219,60.000,0.544,-1,250.000,275.000,150.000,100.000,200.000,150.000,225.000,550.000,175.000,0.000,150.000,-1,375.000,200.000,-1,100.000,2,1,1,1,1,1,1,0,1,0,0,0,2,1,1,2,1
31,6887.292,8199.174,267.658,-10.131,0.984286,0.175612,0.018494,-0.176378,0.982786,0.054986,-0.008519,-0.057384,0.998316,1,0.00000,0.00000,60.000,0.468,-1,400.000,-1,400.000,-1,325.000,325.000,300.000,300.000,-1,-1,-1,-1,750.000,800.000,-1,-1,2,0,2,0,2,0,0,0,0,2,2,2,2,0,0,2,2
32,6892.014,8198.310,267.617,-10.371,0.983541,0.179727,0.018576,-0.180491,0.982041,0.054944,-0.008367,-0.057393,0.998317,0,0.08000,-0.12000,4.800,-0.240,-1,400.000,-1,400.000,-1,325.000,325.000,300.000,300.000,-1,-1,-1,-1,750.000,800.000,-1,-1,2,0,2,0,2,0,0,0,0,2,2,2,2,0,0,2,2
33,6901.442,8196.503,267.537,-10.851,0.982000,0.187948,0.018743,-0.188708,0.980500,0.054861,-0.008067,-0.057410,0.998318,0,0.16000,-0.24000,9.600,-0.480,-1,400.000,-1,400.000,-1,325.000,325.000,300.000,300.000,-1,-1,-1,-1,750.000,800.000,-1,-1,2,0,2,0,2,0,0,0,0,2,2,2,2,0,0,2,2
34,6915.550,8193.614,267.427,-11.571,0.979560,0.200254,0.018999,-0.201009,0.978059,0.054735,-0.007621,-0.057435,0.998320,0,0.24000,-0.36000,14.400,-0.720,-1,400.000,-1,400.000,-1,325.000,325.000,300.000,300.000,-1,-1,-1,-1,750.000,800.000,-1,-1,2,0,2,0,2,0,0,0,0,2,2,2,2,0,0,2,2
35,6934.293,8189.448,267.296,-12.531,0.976066,0.216612,0.019349,-0.217361,0.974565,0.054568,-0.007037,-0.057467,0.998323,0,0.32000,-0.48000,19.200,-0.960,-1,400.000,-1,400.000,-1,325.000,325.000,300.000,300.000,-1,-1,-1,-1,775.000,775.000,-1,-1,2,0,2,0,2,0,0,0,0,2,2,2,2,0,0,2,2
36,6957.607,8183.751,267.157,-13.731,0.971314,0.236974,0.019803,-0.237716,0.969813,0.054359,-0.006324,-0.057507,0.998325,0,0.40000,-0.60000,24.000,-1.200,-1,400.000,-1,400.000,-1,325.000,325.000,300.000,300.000,-1,-1,-1,-1,775.000,775.000,-1,-1,2,0,2,0,2,0,0,0,0,2,2,2,2,0,0,2,2
37,6985.404,8176.214,267.023,-15.171,0.965051,0.261270,0.020373,-0.262005,0.963548,0.054111,-0.005493,-0.057557,0.998327,0,0.48000,-0.72000,28.800,-1.440,-1,400.000,-1,400.000,-1,325.000,325.000,300.000,300.000,-1,-1,-1,-1,775.000,775.000,-1,-1,2,0,2,0,2,0,0,0,0,2,2,2,2,0,0,2,2
38,7017.601,8166.604,266.906,-16.619,0.958140,0.285526,0.021050,-0.286262,0.956639,0.053814,-0.004772,-0.057587,0.998329,0,0.56000,-0.72377,33.600,-1.448,-1,400.000,-1,400.000,-1,325.000,325.000,300.000,300.000,-1,-1,-1,-1,775.000,775.000,-1,-1,2,0,2,0,2,0,0,0,0,2,2,2,2,0,0,2,2
39,7054.108,8154.695,266.815,-18.066,0.950616,0.309601,0.021845,-0.310343,0.949119,0.053480,-0.004176,-0.057619,0.998330,0,0.64000,-0.72377,38.400,-1.448,-1,400.000,-1,400.000,-1,325.000,325.000,300.000,300.000,-1,-1,-1,-1,775.000,775.000,-1,-1,2,0,2,0,2,0,0,0,0,2,2,2,2,0,0,2,2
40,7094.828,8140.265,266.757,-19.514,0.942483,0.333477,0.022773,-0.334233,0.940992,0.053126,-0.003713,-0.057682,0.998328,0,0.72000,-0.72377,43.200,-1.448,-1,400.000,-1,400.000,-1,325.000,325.000,300.000,300.000,-1,-1,-1,-1,750.000,775.000,-1,-1,2,0,2,0,2,0,0,0,0,2,2,2,2,0,0,2,2
41,7139.723,8123.281,266.656,-20.721,0.935238,0.353225,0.023703,-0.354004,0.933734,0.053131,-0.003365,-0.058081,0.998306,0,0.80000,-0.60377,48.000,-1.208,-1,400.000,-1,400.000,-1,325.000,325.000,300.000,300.000,-1,-1,-1,-1,750.000,775.000,-1,-1,2,0,2,0,2,0,0,0,0,2,2,2,2,0,0,2,2
42,7185.559,8105.051,266.649,-21.689,0.929135,0.368938,0.024341,-0.369727,0.927626,0.053032,-0.003014,-0.058273,0.998296,0,0.82213,-0.48377,49.328,-0.968,-1,400.000,-1,400.000,-1,325.000,325.000,300.000,300.000,-1,-1,-1,-1,750.000,750.000,-1,-1,2,0,2,0,2,0,0,0,0,2,2,2,2,0,0,2,2
43,7231.220,8086.216,266.663,-22.416,0.924369,0.380681,0.024982,-0.381489,0.922853,0.053003,-0.002877,-0.058525,0.998282,0,0.82321,-0.36377,49.393,-0.728,-1,400.000,-1,400.000,-1,325.000,325.000,300.000,300.000,-1,-1,-1,-1,750.000,750.000,-1,-1,2,0,2,0,2,0,0,0,0,2,2,2,2,0,0,2,2
44,7276.767,8066.918,266.732,-22.963,0.920690,0.389467,0.025425,-0.390286,0.919170,0.052945,-0.002750,-0.058669,0.998274,0,0.82444,-0.27338,49.467,-0.547,-1,400.000,-1,400.000,-1,325.000,325.000,300.000,300.000,-1,-1,-1,-1,750.000,750.000,-1,-1,2,0,2,0,2,0,0,0,0,2,2,2,2,0,0,2,2
45,7322.185,8047.166,266.762,-23.503,0.916987,0.398123,0.025140,-0.398911,0.915481,0.052580,-0.002081,-0.058244,0.998300,0,0.82545,-0.27004,49.527,-0.540,-1,400.000,-1,400.000,-1,325.000,325.000,300.000,300.000,-1,-1,-1,-1,750.000,750.000,-1,-1,2,0,2,0,2,0,0,0,0,2,2,2,2,0,0,2,2
46,7367.460,8026.973,266.801,-24.037,0.913251,0.406638,0.024851,-0.407394,0.911753,0.052312,-0.001386,-0.057898,0.998322,0,0.82623,-0.26674,49.574,-0.533,-1,400.000,-1,400.000,-1,325.000,325.000,300.000,300.000,-1,-1,-1,-1,750.000,750.000,-1,-1,2,0,2,0,2,0,0,0,0,2,2,2,2,0,0,2,2
47,7412.578,8006.351,266.845,-24.564,0.909483,0.415013,0.024578,-0.415740,0.907989,0.052122,-0.000685,-0.057622,0.998338,0,0.82679,-0.26349,49.607,-0.527,-1,400.000,-1,400.000,-1,325.000,325.000,300.000,300.000,-1,-1,-1,-1,750.000,750.000,-1,-1,2,0,2,0,2,0,0,0,0,2,2,2,2,0,0,2,2
48,7457.525,7985.310,266.893,-25.085,0.905682,0.423259,0.024323,-0.423957,0.904188,0.052003,0.000019,-0.057410,0.998351,0,0.82713,-0.26053,49.628,-0.521,-1,400.000,-1,400.000,-1,325.000,325.000,300.000,300.000,-1,-1,-1,-1,750.000,750.000,-1,-1,2,0,2,0,2,0,0,0,0,2,2,2,2,0,0,2,2
49,7502.289,7963.862,266.942,-25.601,0.901844,0.431390,0.024089,-0.432061,0.900346,0.051958,0.000726,-0.057266,0.998359,0,0.82728,-0.25805,49.637,-0.516,-1,400.000,-1,400.000,-1,325.000,325.000,300.000,300.000,-1,-1,-1,-1,750.000,750.000,-1,-1,2,0,2,0,2,0,0,0,0,2,2,2,2,0,0,2,2
50,7546.857,7942.016,266.993,-26.112,0.897967,0.439414,0.023878,-0.440060,0.896462,0.051987,0.001438,-0.057190,0.998362,0,0.82724,-0.25581,49.634,-0.512,-1,400.000,-1,400.000,-1,325.000,325.000,300.000,300.000,-1,-1,-1,-1,750.000,750.000,-1,-1,2,0,2,0,2,0,0,0,0,2,2,2,2,0,0,2,2
51,7591.218,7919.782,267.044,-26.620,0.894051,0.447339,0.023693,-0.447961,0.892534,0.052091,0.002155,-0.057185,0.998361,0,0.82702,-0.25381,49.621,-0.508,-1,400.000,-1,400.000,-1,325.000,325.000,300.000,300.000,-1,-1,-1,-1,750.000,750.000,-1,-1,2,0,2,0,2,0,0,0,0,2,2,2,2,0,0,2,2
52,7635.363,7897.168,267.100,-27.124,0.890092,0.455173,0.023531,-0.455772,0.888559,0.052293,0.002893,-0.057271,0.998354,0,0.82666,-0.25208,49.599,-0.504,-1,400.000,-1,400.000,-1,325.000,325.000,300.000,300.000,-1,-1,-1,-1,750.000,750.000,-1,-1,2,0,2,0,2,0,0,0,0,2,2,2,2,0,0,2,2
53,7679.282,7874.183,267.170,-27.625,0.886090,0.462922,0.023387,-0.463498,0.884533,0.052640,0.003682,-0.057484,0.998340,0,0.82615,-0.25059,49.569,-0.501,-1,400.000,-1,400.000,-1,325.000,325.000,300.000,300.000,-1,-1,-1,-1,750.000,750.000,-1,-1,2,0,2,0,2,0,0,0,0,2,2,2,2,0,0,2,2
54,7722.966,7850.835,267.296,-28.124,0.882039,0.470600,0.023306,-0.471156,0.880462,0.052901,0.004375,-0.057642,0.998328,0,0.82554,-0.24937,49.532,-0.499,-1,400.000,-1,400.000,-1,325.000,325.000,300.000,300.000,-1,-1,-1,-1,750.000,750.000,-1,-1,2,0,2,0,2,0,0,0,0,2,2,2,2,0,0,2,2
55,7766.408,7827.129,267.474,-28.621,0.877935,0.478214,0.023285,-0.478754,0.876342,0.053096,0.004986,-0.057763,0.998318,0,0.82482,-0.24842,49.489,-0.497,-1,400.000,-1,400.000,-1,325.000,325.000,300.000,300.000,-1,-1,-1,-1,750.000,750.000,-1,-1,2,0,2,0,2,0,0,0,0,2,2,2,2,0,0,2,2
56,7809.602,7803.070,267.738,-29.116,0.873780,0.485775,0.023059,-0.486288,0.872177,0.053212,0.005737,-0.057709,0.998317,0,0.82404,-0.24772,49.442,-0.495,-1,400.000,-1,400.000,-1,325.000,325.000,300.000,300.000,-1,-1,-1,-1,750.000,750.000,-1,-1,2,0,2,0,2,0,0,0,0,2,2,2,2,0,0,2,2
57,7852.544,7778.665,268.143,-29.611,0.869562,0.493299,0.022770,-0.493783,0.867974,0.052911,0.006338,-0.057253,0.998340,0,0.82320,-0.24730,49.392,-0.495,-1,400.000,-1,400.000,-1,325.000,325.000,300.000,300.000,-1,-1,-1,-1,750.000,750.000,-1,-1,2,0,2,0,2,0,0,0,0,2,2,2,2,0,0,2,2
58,7895.228,7753.916,268.568,-30.105,0.865282,0.500779,0.022517,-0.501236,0.863704,0.052702,0.006944,-0.056888,0.998356,0,0.82234,-0.24714,49.340,-0.494,-1,400.000,-1,400.000,-1,325.000,325.000,300.000,300.000,-1,-1,-1,-1,750.000,750.000,-1,-1,2,0,2,0,2,0,0,0,0,2,2,2,2,0,0,2,2
59,7937.653,7728.826,269.014,-30.600,0.860937,0.508222,0.022302,-0.508655,0.859363,0.052583,0.007558,-0.056615,0.998367,0,0.82147,-0.24724,49.288,-0.494,-1,400.000,-1,400.000,-1,325.000,325.000,300.000,300.000,-1,-1,-1,-1,750.000,750.000,-1,-1,2,0,2,0,2,0,0,0,0,2,2,2,2,0,0,2,2
60,7979.816,7703.396,269.478,-31.095,0.856522,0.515636,0.022123,-0.516045,0.854948,0.052553,0.008184,-0.056429,0.998373,0,0.82063,-0.24761,49.238,-0.495,-1,400.000,-1,400.000,-1,325.000,325.000,300.000,300.000,-1,-1,-1,-1,750.000,750.000,-1,-1,2,0,2,0,2,0,0,0,0,2,2,2,2,0,0,2,2
61,8021.716,7677.628,269.955,-31.592,0.852032,0.523028,0.021958,-0.523414,0.850453,0.052602,0.008838,-0.056312,0.998374,0,0.81983,-0.24824,49.190,-0.496,-1,400.000,-1,400.000,-1,325.000,325.000,300.000,300.000,-1,-1,-1,-1,750.000,750.000,-1,-1,2,0,2,0,2,0,0,0,0,2,2,2,2,0,0,2,2
62,8063.353,7651.519,270.451,-32.090,0.847464,0.530405,0.021806,-0.530768,0.845874,0.052756,0.009537,-0.056283,0.998369,0,0.81909,-0.24914,49.146,-0.498,-1,400.000,-1,400.000,-1,325.000,325.000,300.000,300.000,-1,-1,-1,-1,725.000,750.000,-1,-1,2,0,2,0,2,0,0,0,0,2,2,2,2,0,0,2,2
63,8104.728,7625.068,270.968,-32.590,0.842811,0.537773,0.021666,-0.538111,0.841204,0.053037,0.010296,-0.056359,0.998357,0,0.81845,-0.25029,49.107,-0.501,-1,400.000,-1,400.000,-1,325.000,325.000,300.000,300.000,-1,-1,-1,-1,725.000,750.000,-1,-1,2,0,2,0,2,0,0,0,0,2,2,2,2,0,0,2,2
64,8145.841,7598.273,271.488,-33.094,0.838068,0.545139,0.021553,-0.545453,0.836442,0.053348,0.011055,-0.056465,0.998343,0,0.81791,-0.25169,49.075,-0.503,-1,400.000,-1,400.000,-1,325.000,325.000,300.000,300.000,-1,-1,-1,-1,725.000,750.000,-1,-1,2,0,2,0,2,0,0,0,0,2,2,2,2,0,0,2,2
65,8187.539,7570.467,272.025,-33.697,0.832296,0.553916,0.021473,-0.554204,0.830647,0.053699,0.011908,-0.056594,0.998326,0,0.83529,-0.30178,50.118,-0.604,-1,400.000,-1,400.000,-1,325.000,325.000,300.000,300.000,-1,-1,-1,-1,725.000,750.000,-1,-1,2,0,2,0,2,0,0,0,0,2,2,2,2,0,0,2,2
66,8229.031,7542.154,272.580,-34.309,0.826354,0.562741,0.021478,-0.563007,0.824679,0.054099,0.012731,-0.056798,0.998305,0,0.83720,-0.30569,50.232,-0.611,-1,400.000,-1,400.000,-1,325.000,325.000,300.000,300.000,-1,-1,-1,-1,725.000,750.000,-1,-1,2,0,2,0,2,0,0,0,0,2,2,2,2,0,0,2,2
67,8270.303,7513.332,273.156,-34.928,0.820240,0.571613,0.021578,-0.571860,0.818536,0.054549,0.013519,-0.057083,0.998278,0,0.83900,-0.30964,50.340,-0.619,-1,400.000,-1,400.000,-1,325.000,325.000,300.000,300.000,-1,-1,-1,-1,725.000,750.000,-1,-1,2,0,2,0,2,0,0,0,0,2,2,2,2,0,0,2,2
68,8307.245,7486.701,273.813,-35.787,0.811597,0.583830,0.021283,-0.584031,0.809879,0.054799,0.014757,-0.056905,0.998271,0,0.75900,-0.42964,45.540,-0.859,-1,400.000,-1,400.000,-1,325.000,325.000,300.000,300.000,-1,-1,-1,-1,725.000,775.000,-1,-1,2,0,2,0,2,0,0,0,0,2,2,2,2,0,0,2,2
69,8339.830,7462.247,274.528,-36.887,0.800265,0.599279,0.020978,-0.599432,0.798555,0.054684,0.016019,-0.056337,0.998283,0,0.67900,-0.54964,40.740,-1.099,-1,375.000,-1,400.000,-1,325.000,325.000,300.000,300.000,-1,-1,-1,-1,725.000,775.000,-1,-1,2,0,2,0,2,0,0,0,0,2,2,2,2,0,0,2,2
70,8371.603,7437.220,275.289,-38.226,0.786062,0.617802,0.020696,-0.617900,0.784358,0.054610,0.017505,-0.055715,0.998293,0,0.67408,-0.66964,40.445,-1.339,-1,375.000,-1,400.000,-1,325.000,325.000,300.000,300.000,-1,-1,-1,-1,725.000,775.000,-1,-1,2,0,2,0,2,0,0,0,0,2,2,2,2,0,0,2,2
71,8402.755,7411.259,276.109,-39.805,0.768762,0.639208,0.020436,-0.639246,0.767062,0.054586,0.019215,-0.055027,0.998300,0,0.67586,-0.78964,40.551,-1.579,-1,375.000,-1,400.000,-1,325.000,325.000,300.000,300.000,-1,-1,-1,-1,725.000,775.000,-1,-1,2,0,2,0,2,0,0,0,0,2,2,2,2,0,0,2,2
72,8433.157,7384.243,276.997,-41.624,0.748111,0.663266,0.020197,-0.663237,0.746414,0.054618,0.021151,-0.054256,0.998303,0,0.67784,-0.90964,40.671,-1.819,-1,375.000,-1,400.000,-1,325.000,325.000,300.000,300.000,-1,-1,-1,-1,725.000,775.000,-1,-1,2,0,2,0,2,0,0,0,0,2,2,2,2,0,0,2,2
73,8462.737,7356.134,278.042,-43.538,0.725573,0.687867,0.019541,-0.687745,0.723892,0.054659,0.023452,-0.053098,0.998314,0,0.68008,-0.95693,40.805,-1.914,-1,400.000,-1,400.000,-1,325.000,325.000,300.000,300.000,-1,-1,-1,-1,750.000,775.000,-1,-1,2,0,2,0,2,0,0,0,0,2,2,2,2,0,0,2,2
74,8491.460,7326.947,279.142,-45.457,0.702170,0.711756,0.018986,-0.711545,0.700500,0.054810,0.025712,-0.051995,0.998316,0,0.68249,-0.95919,40.949,-1.918,-1,400.000,-1,400.000,-1,325.000,325.000,300.000,300.000,-1,-1,-1,-1,750.000,775.000,-1,-1,2,0,2,0,2,0,0,0,0,2,2,2,2,0,0,2,2
75,8519.291,7296.702,280.298,-47.380,0.677922,0.734900,0.018542,-0.734603,0.676259,0.055064,0.027927,-0.050950,0.998311,0,0.68501,-0.96144,41.101,-1.923,-1,400.000,-1,400.000,-1,325.000,325.000,300.000,300.000,-1,-1,-1,-1,750.000,775.000,-1,-1,2,0,2,0,2,0,0,0,0,2,2,2,2,0,0,2,2
76,8546.192,7265.418,281.383,-49.307,0.652836,0.757283,0.018106,-0.756916,0.651209,0.054820,0.029723,-0.049493,0.998332,0,0.68765,-0.96365,41.259,-1.927,-1,400.000,-1,400.000,-1,325.000,325.000,300.000,300.000,-1,-1,-1,-1,750.000,800.000,-1,-1,2,0,2,0,2,0,0,0,0,2,2,2,2,0,0,2,2
77,8572.127,7233.116,282.508,-51.239,0.626948,0.778859,0.017740,-0.778427,0.625357,0.054593,0.031426,-0.048036,0.998351,0,0.69041,-0.96585,41.424,-1.932,-1,400.000,-1,400.000,-1,325.000,325.000,300.000,300.000,-1,-1,-1,-1,750.000,800.000,-1,-1,2,0,2,0,2,0,0,0,0,2,2,2,2,0,0,2,2
78,8597.058,7199.818,283.700,-53.175,0.600288,0.799593,0.017505,-0.799100,0.598726,0.054466,0.033070,-0.046683,0.998362,0,0.69328,-0.96801,41.597,-1.936,-1,400.000,-1,400.000,975.000,325.000,325.000,300.000,300.000,-1,-1,-1,-1,750.000,800.000,-1,-1,2,0,2,0,1,0,0,0,0,2,2,2,2,0,0,2,2
79,8620.951,7165.548,284.960,-55.115,0.572882,0.819453,0.017415,-0.818905,0.571343,0.054425,0.034649,-0.045440,0.998366,0,0.69626,-0.97015,41.776,-1.940,-1,400.000,-1,400.000,900.000,325.000,325.000,300.000,300.000,-1,-1,-1,-1,775.000,825.000,-1,-1,2,0,2,0,1,0,0,0,0,2,2,2,2,0,0,2,2
80,8643.768,7130.331,286.272,-57.059,0.544759,0.838412,0.017399,-0.837811,0.543238,0.054459,0.036207,-0.044244,0.998364,0,0.69937,-0.97225,41.962,-1.944,-1,400.000,-1,400.000,825.000,325.000,325.000,300.000,300.000,-1,-1,-1,-1,775.000,825.000,-1,-1,2,0,2,0,1,0,0,0,0,2,2,2,2,0,0,2,2
81,8665.474,7094.193,287.767,-59.008,0.515922,0.856462,0.017222,-0.855822,0.514452,0.053917,0.037318,-0.042556,0.998397,0,0.70259,-0.97432,42.155,-1.949,-1,400.000,-1,400.000,775.000,325.000,325.000,300.000,300.000,-1,-1,-1,-1,775.000,825.000,-1,-1,2,0,2,0,1,0,0,0,0,2,2,2,2,0,0,2,2
82,8686.033,7057.162,289.331,-60.961,0.486422,0.873558,0.017041,-0.872882,0.485005,0.053356,0.038344,-0.040828,0.998430,0,0.70593,-0.97635,42.356,-1.953,-1,400.000,-1,400.000,725.000,325.000,325.000,300.000,300.000,-1,-1,-1,-1,775.000,850.000,-1,-1,2,0,2,0,1,0,0,0,0,2,2,2,2,0,0,2,2
83,8705.411,7019.265,290.915,-62.917,0.456295,0.889665,0.017074,-0.888965,0.454924,0.052771,0.039181,-0.039257,0.998461,0,0.70938,-0.97835,42.563,-1.957,-1,400.000,-1,400.000,675.000,325.000,325.000,300.000,300.000,-1,-1,-1,-1,775.000,850.000,-1,-1,2,0,2,0,1,0,0,0,0,2,2,2,2,0,0,2,2
84,8723.571,6980.534,292.542,-64.878,0.425573,0.904761,0.017189,-0.904044,0.424245,0.052165,0.039905,-0.037739,0.998491,0,0.71295,-0.98030,42.777,-1.961,-1,400.000,-1,400.000,625.000,325.000,325.000,300.000,300.000,-1,-1,-1,-1,775.000,850.000,-1,-1,2,0,2,0,1,0,0,0,0,2,2,2,2,0,0,2,2
85,8740.480,6941.001,294.255,-66.842,0.394283,0.918828,0.017218,-0.918096,0.393005,0.051444,0.040501,-0.036091,0.998527,0,0.71663,-0.98222,42.998,-1.964,-1,400.000,-1,400.000,575.000,325.000,325.000,300.000,300.000,-1,-1,-1,-1,775.000,825.000,-1,-1,2,0,2,0,1,0,0,0,0,2,2,2,2,0,1,2,2
86,8756.103,6900.698,296.091,-68.811,0.362451,0.931847,0.017047,-0.931108,0.361241,0.050436,0.040841,-0.034153,0.998582,0,0.72042,-0.98411,43.225,-1.968,-1,400.000,-1,400.000,550.000,325.000,325.000,300.000,300.000,-1,-1,-1,-1,775.000,750.000,-1,750.000,2,0,2,1,1,0,0,0,0,2,2,2,2,0,1,2,1
87,8770.407,6859.660,297.972,-70.783,0.330128,0.943786,0.016850,-0.943038,0.328983,0.049485,0.041160,-0.032227,0.998633,0,0.72432,-0.98595,43.459,-1.972,-1,400.000,-1,400.000,500.000,325.000,325.000,300.000,300.000,-1,-1,-1,-1,775.000,700.000,-1,625.000,2,0,2,1,1,0,0,0,0,2,2,2,2,0,1,2,1
88,8783.359,6817.923,299.898,-72.758,0.297353,0.954623,0.016630,-0.953867,0.296271,0.048584,0.041453,-0.030309,0.998681,0,0.72833,-0.98776,43.700,-1.976,-1,400.000,-1,375.000,450.000,325.000,325.000,300.000,300.000,-1,-1,-1,-1,775.000,650.000,-1,550.000,2,0,2,1,1,0,0,0,0,2,2,2,2,0,1,2,1
89,8794.928,6775.526,301.867,-74.737,0.264162,0.964339,0.016387,-0.963576,0.263142,0.047728,0.041714,-0.028398,0.998726,0,0.73244,-0.98953,43.947,-1.979,-1,400.000,-1,375.000,425.000,325.000,325.000,300.000,300.000,-1,-1,-1,-1,775.000,600.000,-1,500.000,2,0,2,1,1,0,0,0,0,2,2,2,2,0,1,2,1
90,8805.080,6732.509,303.875,-76.720,0.230595,0.972916,0.016121,-0.972146,0.229635,0.046911,0.041938,-0.026489,0.998769,0,0.73666,-0.99127,44.200,-1.983,-1,400.000,-1,375.000,375.000,325.000,325.000,300.000,300.000,-1,-1,-1,-1,775.000,575.000,-1,425.000,2,0,2,1,1,0,0,0,0,2,2,2,2,0,1,2,1
91,8813.787,6688.911,305.922,-78.706,0.196692,0.980337,0.015831,-0.979560,0.195791,0.046126,0.042120,-0.024580,0.998810,0,0.74097,-0.99297,44.458,-1.986,-1,400.000,-1,350.000,350.000,325.000,325.000,300.000,300.000,-1,-1,-1,-1,800.000,525.000,-1,375.000,2,0,2,1,1,0,0,0,0,2,2,2,2,0,1,2,1
92,8821.018,6644.777,308.006,-80.695,0.162493,0.986588,0.015515,-0.985805,0.161650,0.045368,0.042251,-0.022666,0.998850,0,0.74538,-0.99465,44.723,-1.989,-1,400.000,-1,325.000,300.000,325.000,325.000,300.000,300.000,-1,-1,-1,-1,800.000,475.000,-1,325.000,2,0,2,1,1,0,1,0,0,2,2,2,2,0,1,2,1
93,8826.744,6600.150,310.121,-82.688,0.128037,0.991654,0.015150,-0.990865,0.127253,0.044641,0.042340,-0.020728,0.998888,0,0.74988,-0.99631,44.993,-1.993,-1,400.000,-1,325.000,275.000,325.000,325.000,300.000,300.000,-1,-1,-1,-1,800.000,450.000,-1,300.000,2,0,2,1,1,0,1,0,0,2,2,2,2,0,1,2,1
94,8830.939,6555.077,313.519,-84.683,0.093654,0.995424,0.018963,-0.994493,0.092633,0.049008,0.047027,-0.023449,0.998618,0,0.75445,-0.99795,45.267,-1.996,-1,425.000,950.000,300.000,250.000,350.000,325.000,300.000,325.000,-1,-1,-1,-1,800.000,425.000,-1,275.000,2,0,1,1,1,0,1,0,0,2,2,2,2,1,1,2,1
95,8833.576,6509.606,317.854,-86.683,0.059483,0.997837,0.027977,-0.996737,0.057839,0.056302,0.054562,-0.031235,0.998022,0,0.75911,-0.99959,45.547,-1.999,-1,450.000,900.000,300.000,225.000,350.000,325.000,300.000,350.000,-1,-1,-1,-1,775.000,400.000,-1,250.000,2,0,1,1,1,0,1,0,0,2,2,2,2,1,1,2,1
96,8834.631,6463.787,322.313,-88.683,0.025473,0.998913,0.039030,-0.997734,0.022972,0.063243,0.062278,-0.040553,0.997235,0,0.76383,-1.00000,45.830,-2.000,-1,450.000,875.000,300.000,225.000,375.000,300.000,275.000,375.000,-1,900.000,-1,-1,750.000,400.000,-1,225.000,2,0,1,1,1,0,1,0,0,2,0,2,2,1,1,2,1
97,8834.085,6417.672,327.079,-90.683,-0.008278,0.998630,0.051667,-0.997465,-0.011898,0.070155,0.070673,-0.050955,0.996197,0,0.76861,-1.00000,46.117,-2.000,-1,475.000,825.000,275.000,200.000,400.000,300.000,275.000,400.000,-1,475.000,800.000,-1,700.000,375.000,-1,225.000,2,0,1,1,1,0,1,0,0,2,0,0,2,1,1,2,1
98,8831.918,6371.314,332.187,-92.683,-0.041650,0.996945,0.066081,-0.995937,-0.046711,0.076996,0.079848,-0.062605,0.994839,0,0.77344,-1.00000,46.406,-2.000,-1,500.000,750.000,275.000,200.000,425.000,300.000,275.000,450.000,-1,250.000,525.000,-1,675.000,350.000,-1,200.000,2,0,1,1,1,0,1,0,0,2,0,0,2,1,1,2,1
99,8827.958,6320.258,338.234,-94.443,-0.070109,0.994011,0.083828,-0.993389,-0.077228,0.084938,0.090904,-0.077319,0.992854,0,0.85344,-0.88000,51.206,-1.760,-1,500.000,725.000,275.000,175.000,450.000,275.000,250.000,500.000,775.000,150.000,375.000,-1,625.000,350.000,900.000,175.000,2,1,1,1,1,1,1,0,0,0,0,0,2,1,1,1,1
100,8822.152,6264.550,345.307,-95.963,-0.093382,0.990046,0.105303,-0.990177,-0.103405,0.094114,0.104066,-0.095480,0.989977,0,0.93344,-0.76000,56.006,-1.520,-1,475.000,675.000,250.000,175.000,425.000,275.000,250.000,575.000,550.000,100.000,300.000,-1,600.000,325.000,775.000,175.000,2,1,1,1,1,1,1,0,0,0,0,0,2,1,1,1,1
101,8814.606,6205.022,353.384,-97.243,-0.111187,0.985185,0.130571,-0.986609,-0.125202,0.104534,0.119333,-0.117199,0.985913,0,1.00000,-0.64000,60.000,-1.280,-1,450.000,625.000,250.000,150.000,400.000,275.000,225.000,700.000,400.000,50.000,250.000,-1,550.000,325.000,700.000,150.000,2,1,1,1,1,1,1,0,0,0,0,0,2,1,1,1,1
102,8805.987,6145.637,361.957,-98.283,-0.123544,0.979658,0.158135,-0.983015,-0.142613,0.115508,0.135711,-0.141179,0.980638,0,1.00000,-0.52000,60.000,-1.040,-1,425.000,600.000,250.000,125.000,350.000,275.000,225.000,850.000,300.000,25.000,225.000,-1,525.000,325.000,625.000,150.000,2,1,1,1,1,1,1,0,0,0,0,0,2,1,1,1,1
103,8796.548,6086.376,371.008,-99.083,-0.130281,0.973526,0.187813,-0.979592,-0.155630,0.127192,0.153054,-0.167410,0.973935,0,1.00000,-0.40000,60.000,-0.800,-1,375.000,575.000,250.000,125.000,325.000,275.000,225.000,-1,225.000,0.000,200.000,-1,475.000,300.000,550.000,125.000,2,1,1,1,1,1,1,0,2,0,0,0,2,1,1,1,1
104,-6231.508,2951.740,57.907,76.444,0.219652,-0.957025,-0.189355,0.972253,0.230753,-0.038442,0.080485,-0.175657,0.981156,1,0.00000,0.00000,60.000,-0.637,-1,500.000,-1,700.000,-1,450.000,500.000,225.000,100.000,450.000,350.000,600.000,-1,925.000,-1,-1,-1,2,0,2,0,2,0,0,0,1,1,0,0,2,0,2,2,2
105,-5578.188,-8851.161,75.334,125.165,-0.575890,-0.817500,0.006740,0.817454,-0.575929,-0.008670,0.010969,0.000517,0.999940,1,0.08000,0.12000,4.800,0.240,-1,400.000,-1,400.000,425.000,325.000,325.000,300.000,300.000,-1,875.000,975.000,-1,825.000,550.000,-1,500.000,2,0,2,1,1,0,0,0,0,2,0,0,2,0,1,2,1
106,-5583.783,-8843.359,75.437,125.645,-0.582721,-0.812646,0.006567,0.812599,-0.582757,-0.008721,0.010914,0.000254,0.999940,0,0.16000,0.24000,9.600,0.480,-1,400.000,-1,400.000,425.000,325.000,325.000,300.000,300.000,-1,900.000,1000.000,-1,825.000,550.000,-1,475.000,2,0,2,1,1,0,0,0,0,2,0,0,2,0,1,2,1
107,-5592.321,-8831.763,75.559,126.365,-0.592889,-0.805259,0.006349,0.805213,-0.592923,-0.008652,0.010731,-0.000017,0.999942,0,0.24000,0.36000,14.400,0.720,-1,400.000,-1,375.000,425.000,325.000,325.000,300.000,300.000,-1,925.000,-1,-1,825.000,550.000,-1,475.000,2,0,2,1,1,0,0,0,0,2,0,2,2,0,1,2,1
108,-5603.962,-8816.495,75.710,127.325,-0.606301,-0.795212,0.006068,0.795166,-0.606332,-0.008532,0.010464,-0.000348,0.999945,0,0.32000,0.48000,19.200,0.960,-1,400.000,-1,375.000,400.000,325.000,325.000,300.000,300.000,-1,975.000,-1,-1,800.000,550.000,-1,475.000,2,0,2,1,1,0,0,0,0,2,0,2,2,0,1,2,1
109,-5618.911,-8797.719,75.890,128.525,-0.622826,-0.782339,0.005719,0.782295,-0.622852,-0.008373,0.010113,-0.000741,0.999949,0,0.40000,0.60000,24.000,1.200,-1,400.000,-1,375.000,400.000,325.000,325.000,300.000,300.000,-1,-1,-1,-1,800.000,550.000,-1,475.000,2,0,2,1,1,0,0,0,0,2,2,2,2,0,1,2,1
110,-5637.384,-8775.624,76.093,129.898,-0.641407,-0.767183,0.005304,0.767140,-0.641428,-0.008177,0.009675,-0.001176,0.999953,0,0.48000,0.68683,28.800,1.374,-1,400.000,-1,375.000,375.000,325.000,325.000,300.000,300.000,-1,-1,-1,-1,800.000,550.000,-1,450.000,2,0,2,1,1,0,0,0,0,2,2,2,2,0,1,2,1
111,-5659.531,-8750.357,76.367,131.235,-0.659135,-0.752011,0.004571,0.751971,-0.659148,-0.007971,0.009007,-0.001816,0.999958,0,0.56000,0.66833,33.600,1.337,-1,400.000,-1,375.000,375.000,325.000,325.000,300.000,300.000,-1,-1,-1,-1,800.000,575.000,-1,450.000,2,0,2,1,1,0,0,0,0,2,2,2,2,0,1,2,1
112,-5685.489,-8722.059,76.675,132.530,-0.675969,-0.736921,0.003657,0.736885,-0.675974,-0.007757,0.008189,-0.002549,0.999963,0,0.64000,0.64747,38.400,1.295,-1,400.000,-1,375.000,350.000,325.000,325.000,300.000,300.000,-1,-1,-1,-1,800.000,600.000,-1,450.000,2,0,2,1,1,0,0,0,0,2,2,2,2,0,1,2,1
113,-5715.378,-8690.868,76.989,133.778,-0.691866,-0.722021,0.002653,0.721989,-0.691863,-0.007528,0.007271,-0.003293,0.999968,0,0.72000,0.62404,43.200,1.248,-1,400.000,-1,350.000,325.000,325.000,325.000,300.000,300.000,-1,-1,-1,-1,800.000,650.000,-1,475.000,2,0,2,1,1,0,1,0,0,2,2,2,2,0,1,2,1
114,-5749.303,-8656.911,77.298,134.974,-0.706787,-0.707425,0.001562,0.707399,-0.706777,-0.007275,0.006250,-0.004037,0.999972,0,0.80000,0.59784,48.000,1.196,-1,400.000,-1,350.000,325.000,325.000,325.000,300.000,300.000,-1,-1,-1,-1,775.000,775.000,-1,1000.000,2,0,2,1,1,0,1,0,0,2,2,2,2,0,0,2,1
115,-5787.355,-8620.307,77.591,136.111,-0.720693,-0.693255,0.000388,0.693236,-0.720677,-0.006990,0.005126,-0.004768,0.999975,0,0.88000,0.56867,52.800,1.137,-1,400.000,-1,375.000,325.000,325.000,325.000,300.000,300.000,-1,-1,-1,-1,775.000,775.000,-1,975.000,2,0,2,1,1,0,1,0,0,2,2,2,2,0,0,2,1
116,-5829.607,-8581.159,78.887,137.184,-0.733565,-0.679619,-0.001253,0.679584,-0.733506,-0.011604,0.006967,-0.009363,0.999932,0,0.96000,0.53638,57.600,1.073,-1,400.000,-1,375.000,350.000,325.000,325.000,300.000,300.000,-1,-1,-1,-1,775.000,800.000,-1,975.000,2,0,2,1,1,0,0,0,1,2,2,2,2,0,0,2,1
117,-5874.130,-8541.333,80.778,138.186,-0.745382,-0.666632,-0.002867,0.666553,-0.745210,-0.019219,0.010675,-0.016237,0.999811,0,0.99560,0.50089,59.736,1.002,-1,425.000,-1,425.000,750.000,350.000,350.000,300.000,275.000,-1,-1,-1,-1,800.000,825.000,-1,1000.000,2,0,2,0,1,0,0,0,1,2,2,2,2,0,0,2,1
118,-5918.504,-8502.913,81.943,139.113,-0.756108,-0.654435,-0.003956,0.654330,-0.755843,-0.023542,0.012416,-0.020389,0.999715,0,0.97826,0.46362,58.696,0.927,-1,425.000,-1,425.000,775.000,350.000,350.000,300.000,250.000,-1,-1,-1,-1,825.000,825.000,-1,-1,2,0,2,0,1,0,0,0,1,2,2,2,2,0,1,2,2
119,-5962.541,-8465.917,82.434,139.966,-0.765778,-0.643088,-0.004709,0.642986,-0.765476,-0.024802,0.012345,-0.022021,0.999681,0,0.95858,0.42652,57.515,0.853,-1,425.000,-1,425.000,775.000,350.000,350.000,300.000,225.000,-1,-1,-1,-1,800.000,825.000,-1,-1,2,0,2,0,1,0,0,0,1,2,2,2,2,0,1,2,2
120,-6006.100,-8430.373,82.242,140.786,-0.774885,-0.632083,-0.004935,0.632010,-0.774617,-0.023052,0.010748,-0.020982,0.999722,0,0.93701,0.40995,56.221,0.820,-1,425.000,-1,425.000,750.000,350.000,350.000,300.000,225.000,-1,-1,-1,-1,800.000,800.000,-1,-1,2,0,2,0,1,0,0,0,1,2,2,2,2,0,1,2,2
121,-6049.066,-8396.310,81.453,141.593,-0.783682,-0.621142,-0.004915,0.621115,-0.783501,-0.018497,0.007638,-0.017549,0.999817,0,0.91383,0.40382,54.830,0.808,-1,400.000,-1,425.000,700.000,325.000,325.000,300.000,200.000,-1,-1,-1,-1,775.000,775.000,-1,-1,2,0,2,0,1,0,0,0,1,2,2,2,2,0,1,2,2
122,-6091.344,-8363.741,80.130,142.392,-0.792226,-0.610208,-0.004952,0.610220,-0.792148,-0.011567,0.003135,-0.012186,0.999921,0,0.88947,0.39940,53.368,0.799,-1,400.000,-1,400.000,675.000,325.000,325.000,300.000,200.000,-1,-1,-1,-1,750.000,725.000,-1,-1,2,0,2,0,1,0,0,0,1,2,2,2,2,0,1,2,2
123,-6132.869,-8332.659,78.999,143.185,-0.800577,-0.599209,-0.005044,0.599230,-0.800557,-0.005706,-0.000619,-0.007591,0.999971,0,0.86450,0.39664,51.870,0.793,-1,400.000,-1,375.000,625.000,325.000,325.000,300.000,175.000,-1,-1,-1,-1,750.000,700.000,-1,-1,2,0,2,0,1,0,0,0,1,2,2,2,2,0,1,2,2
124,-6173.605,-8303.038,79.128,143.976,-0.808772,-0.588101,-0.004925,0.588122,-0.808750,-0.006006,-0.000451,-0.007753,0.999970,0,0.83945,0.39544,50.367,0.791,-1,400.000,-1,375.000,625.000,325.000,325.000,300.000,175.000,-1,-1,-1,-1,750.000,700.000,-1,-1,2,0,2,0,1,0,0,0,1,2,2,2,2,0,1,2,2
125,-6213.539,-8274.834,79.231,144.768,-0.816819,-0.576874,-0.004710,0.576893,-0.816795,-0.006309,-0.000207,-0.007871,0.999969,0,0.81482,0.39570,48.889,0.791,-1,400.000,-1,375.000,625.000,325.000,325.000,300.000,200.000,-1,-1,-1,-1,750.000,725.000,-1,-1,2,0,2,0,1,0,0,0,1,2,2,2,2,0,1,2,2
126,-6252.683,-8247.993,79.310,145.562,-0.824743,-0.565491,-0.004408,0.565508,-0.824716,-0.006611,0.000103,-0.007946,0.999968,0,0.79104,0.39730,47.463,0.795,-1,400.000,-1,375.000,625.000,325.000,325.000,300.000,200.000,-1,-1,-1,-1,750.000,750.000,-1,-1,2,0,2,0,1,0,0,0,1,2,2,2,2,0,0,2,2
127,-6291.069,-8222.453,79.567,146.363,-0.832559,-0.553914,-0.004925,0.553936,-0.832528,-0.007195,-0.000114,-0.008719,0.999962,0,0.76844,0.40012,46.107,0.800,-1,400.000,-1,375.000,675.000,325.000,325.000,300.000,200.000,-1,-1,-1,-1,750.000,750.000,-1,-1,2,0,2,0,1,0,0,0,1,2,2,2,2,0,0,2,2
128,-6328.745,-8198.147,81.153,147.171,-0.840248,-0.542082,-0.011379,0.542185,-0.840202,-0.009816,-0.004240,-0.014417,0.999887,0,0.74727,0.40403,44.836,0.808,-1,375.000,-1,375.000,-1,325.000,325.000,300.000,225.000,-1,-1,-1,-1,725.000,725.000,-1,-1,2,0,2,0,2,0,0,0,1,2,2,2,2,0,0,2,2
129,-6362.601,-8176.777,82.169,147.739,-0.845539,-0.533694,-0.015329,0.533872,-0.845485,-0.011692,-0.006720,-0.018070,0.999814,0,0.66727,0.28403,40.036,0.568,-1,375.000,-1,375.000,-1,300.000,325.000,300.000,250.000,-1,-1,-1,-1,700.000,725.000,-1,-1,2,0,2,0,2,0,0,0,1,2,2,2,2,0,0,2,2
130,-6392.579,-8158.094,82.758,148.067,-0.848553,-0.528823,-0.017454,0.529051,-0.848492,-0.012929,-0.007972,-0.020205,0.999764,0,0.58872,0.16403,35.323,0.328,-1,375.000,-1,375.000,-1,300.000,325.000,300.000,275.000,-1,-1,-1,500.000,700.000,725.000,-1,-1,2,0,2,0,2,0,0,0,1,2,2,2,1,0,0,2,2
131,-6421.991,-8139.826,83.077,148.155,-0.849353,-0.527506,-0.018356,0.527759,-0.849285,-0.013652,-0.008388,-0.021283,0.999738,0,0.57706,0.04403,34.624,0.088,-1,375.000,-1,375.000,-1,300.000,325.000,300.000,300.000,-1,-1,-1,500.000,700.000,725.000,-1,-1,2,0,2,0,2,0,0,0,1,2,2,2,1,0,0,2,2
132,-6450.882,-8121.775,83.181,148.003,-0.847956,-0.529755,-0.018187,0.530006,-0.847880,-0.013898,-0.008057,-0.021424,0.999738,0,0.56778,-0.07597,34.067,-0.152,-1,375.000,-1,375.000,-1,300.000,325.000,300.000,300.000,-1,-1,-1,475.000,700.000,725.000,-1,-1,2,0,2,0,2,0,0,0,1,2,2,2,1,0,0,2,2
133,-6479.291,-8103.754,83.088,147.611,-0.844329,-0.535549,-0.017202,0.535778,-0.844247,-0.013767,-0.007150,-0.020841,0.999757,0,0.56070,-0.19597,33.642,-0.392,-1,375.000,-1,375.000,-1,300.000,325.000,300.000,325.000,-1,-1,-1,475.000,700.000,725.000,-1,-1,2,0,2,0,2,0,0,0,1,2,2,2,1,0,0,2,2
134,-6507.243,-8085.586,82.831,146.979,-0.838395,-0.544841,-0.015543,0.545032,-0.838309,-0.013341,-0.005761,-0.019656,0.999790,0,0.55562,-0.31597,33.337,-0.632,-1,375.000,-1,375.000,-1,300.000,325.000,300.000,325.000,-1,-1,-1,475.000,700.000,750.000,-1,-1,2,0,2,0,2,0,0,0,0,2,2,2,1,0,0,2,2
135,-6534.754,-8067.104,82.447,146.107,-0.830035,-0.557553,-0.013264,0.557697,-0.829948,-0.012686,-0.003935,-0.017927,0.999832,0,0.55238,-0.43597,33.143,-0.872,-1,375.000,-1,375.000,-1,300.000,325.000,300.000,325.000,-1,-1,-1,475.000,700.000,750.000,-1,-1,2,0,2,0,2,0,0,0,0,2,2,2,1,0,0,2,2
