timestep,x_cm,y_cm,z_cm,yaw_deg,basis_xx,basis_xy,basis_xz,basis_yx,basis_yy,basis_yz,basis_zx,basis_zy,basis_zz,teleport_flag,throttle_cmd,steering_cmd,cmd_move_cm,cmd_turn_deg,lidar_cm_0,lidar_cm_1,lidar_cm_2,lidar_cm_3,lidar_cm_4,lidar_cm_5,lidar_cm_6,lidar_cm_7,lidar_cm_8,lidar_cm_9,lidar_cm_10,lidar_cm_11,lidar_cm_12,lidar_cm_13,lidar_cm_14,lidar_cm_15,lidar_cm_16,lidar_class_0,lidar_class_1,lidar_class_2,lidar_class_3,lidar_class_4,lidar_class_5,lidar_class_6,lidar_class_7,lidar_class_8,lidar_class_9,lidar_class_10,lidar_class_11,lidar_class_12,lidar_class_13,lidar_class_14,lidar_class_15,lidar_class_16
0,-984.912,6891.980,223.367,102.193,-0.211136,-0.977434,-0.006641,0.977383,-0.211198,0.010836,-0.011994,-0.004203,0.999919,1,0.08000,-0.12000,4.800,-0.240,-1,400.000,-1,375.000,-1,325.000,300.000,300.000,300.000,-1,500.000,575.000,-1,800.000,675.000,-1,-1,2,0,2,0,2,0,0,0,0,2,0,0,2,0,0,2,2
1,-986.861,6901.380,223.253,101.713,-0.202938,-0.979167,-0.006882,0.979122,-0.203002,0.010519,-0.011697,-0.004603,0.999921,0,0.16000,-0.24000,9.600,-0.480,-1,400.000,-1,375.000,-1,325.000,300.000,300.000,300.000,-1,500.000,575.000,-1,800.000,675.000,-1,-1,2,0,2,0,2,0,0,0,0,2,0,0,2,0,0,2,2
2,-989.607,6915.516,223.082,100.993,-0.190615,-0.981638,-0.007250,0.981601,-0.190681,0.010041,-0.011239,-0.005203,0.999923,0,0.24000,-0.36000,14.400,-0.720,-1,400.000,-1,375.000,-1,325.000,325.000,325.000,300.000,-1,475.000,575.000,-1,800.000,675.000,-1,-1,2,0,2,0,2,0,0,0,0,2,0,0,2,0,0,2,2
3,-992.995,6934.415,222.851,100.162,-0.176356,-0.984296,-0.007740,0.984269,-0.176425,0.009401,-0.010619,-0.005961,0.999926,0,0.32000,-0.41546,19.200,-0.831,-1,400.000,-1,375.000,-1,325.000,325.000,325.000,300.000,-1,475.000,575.000,-1,800.000,675.000,-1,-1,2,0,2,0,2,0,0,0,0,2,0,0,2,0,0,2,2
4,-996.887,6958.097,222.556,99.334,-0.162119,-0.986736,-0.008347,0.986722,-0.162189,0.008595,-0.009835,-0.006843,0.999928,0,0.40000,-0.41379,24.000,-0.828,-1,400.000,-1,375.000,-1,325.000,325.000,325.000,300.000,-1,475.000,575.000,-1,800.000,675.000,-1,-1,2,0,2,0,2,0,0,0,0,2,0,0,2,0,0,2,2
5,-1001.150,6986.580,222.196,98.511,-0.147921,-0.988957,-0.009074,0.988959,-0.147992,0.007623,-0.008882,-0.007846,0.999930,0,0.48000,-0.41169,28.800,-0.823,-1,400.000,-1,375.000,-1,325.000,325.000,325.000,300.000,-1,475.000,575.000,-1,800.000,675.000,-1,1000.000,2,0,2,0,2,0,0,0,0,2,0,0,2,0,0,2,1
6,-1005.647,7019.877,221.771,97.693,-0.133785,-0.990961,-0.009925,0.990980,-0.133853,0.006484,-0.007754,-0.008968,0.999930,0,0.56000,-0.40912,33.600,-0.818,-1,400.000,-1,375.000,-1,325.000,300.000,325.000,300.000,-1,475.000,575.000,-1,800.000,675.000,-1,975.000,2,0,2,0,2,0,0,0,0,2,0,0,2,0,0,2,1
7,-1010.248,7058.001,221.282,96.881,-0.119733,-0.992746,-0.010906,0.992785,-0.119794,0.005176,-0.006445,-0.010208,0.999927,0,0.64000,-0.40599,38.400,-0.812,-1,400.000,-1,375.000,1000.000,325.000,300.000,300.000,300.000,-1,425.000,575.000,-1,800.000,675.000,-1,925.000,2,0,2,0,1,0,0,0,0,2,0,0,2,0,0,2,1
8,-1014.821,7100.958,220.727,96.076,-0.105792,-0.994316,-0.012020,0.994376,-0.105843,0.003697,-0.004948,-0.011561,0.999921,0,0.72000,-0.40223,43.200,-0.804,-1,400.000,-1,375.000,950.000,325.000,300.000,300.000,300.000,-1,400.000,575.000,-1,800.000,675.000,-1,900.000,2,0,2,0,1,0,0,0,0,2,0,0,2,0,0,2,1
9,-1019.239,7148.754,220.109,95.281,-0.091992,-0.995671,-0.013270,0.995754,-0.092027,0.002046,-0.003258,-0.013025,0.999910,0,0.80000,-0.39772,48.000,-0.795,-1,400.000,-1,375.000,925.000,325.000,300.000,300.000,300.000,-1,375.000,500.000,-1,800.000,675.000,-1,850.000,2,0,2,0,1,0,0,0,0,2,0,0,2,0,0,2,1
10,-1022.437,7191.836,219.603,94.245,-0.074001,-0.997151,-0.014626,0.997257,-0.074018,0.000628,-0.001709,-0.014540,0.999893,0,0.72000,-0.51772,43.200,-1.035,-1,400.000,975.000,375.000,900.000,325.000,300.000,300.000,300.000,-1,350.000,450.000,-1,800.000,675.000,-1,825.000,2,0,1,0,1,0,0,0,0,2,0,0,2,1,0,2,1
11,-1024.629,7234.085,219.514,92.970,-0.051795,-0.998512,-0.017038,0.998657,-0.051802,0.000000,-0.000883,-0.017016,0.999855,0,0.70511,-0.63772,42.306,-1.275,-1,400.000,900.000,375.000,875.000,325.000,300.000,300.000,300.000,-1,350.000,450.000,-1,750.000,675.000,-1,800.000,2,0,1,0,1,0,0,0,0,2,0,0,2,1,0,2,1
12,-1025.778,7279.334,219.747,91.454,-0.025383,-0.999507,-0.018500,0.999678,-0.025376,-0.000570,0.000100,-0.018509,0.999829,0,0.75438,-0.75772,45.263,-1.515,-1,400.000,850.000,375.000,825.000,325.000,300.000,300.000,300.000,-1,400.000,475.000,-1,725.000,650.000,-1,750.000,2,0,1,0,1,0,0,0,0,2,0,0,2,1,1,2,1
13,-1025.541,7324.576,220.006,89.699,0.005229,-0.999787,-0.019971,0.999985,0.005254,-0.001190,0.001295,-0.019965,0.999800,0,0.75405,-0.87772,45.243,-1.755,-1,400.000,775.000,375.000,800.000,325.000,300.000,300.000,300.000,-1,425.000,475.000,-1,675.000,625.000,-1,725.000,2,0,1,0,1,0,0,0,0,2,0,0,2,1,1,2,1
14,-1023.727,7369.823,220.301,87.703,0.040013,-0.998969,-0.021463,0.999195,0.040062,-0.001865,0.002722,-0.021372,0.999768,0,0.75473,-0.99772,45.284,-1.995,-1,400.000,725.000,375.000,800.000,325.000,300.000,325.000,300.000,-1,425.000,500.000,-1,625.000,600.000,-1,700.000,2,0,1,0,1,0,0,0,0,2,0,0,2,1,1,2,1
15,-1020.327,7415.078,220.631,85.703,0.074820,-0.996932,-0.022982,0.997188,0.074899,-0.002589,0.004302,-0.022724,0.999733,0,0.75637,-1.00000,45.382,-2.000,-1,400.000,700.000,375.000,775.000,325.000,300.000,325.000,300.000,-1,450.000,525.000,-1,575.000,575.000,850.000,675.000,2,0,1,0,1,0,0,0,0,2,0,0,2,1,1,1,1
16,-1015.339,7460.284,221.002,83.703,0.109528,-0.993681,-0.024529,0.993965,0.109642,-0.003359,0.006027,-0.024013,0.999693,0,0.75801,-1.00000,45.481,-2.000,-1,400.000,650.000,375.000,750.000,325.000,300.000,325.000,300.000,-1,475.000,525.000,-1,550.000,550.000,700.000,650.000,2,0,1,0,1,0,0,0,0,2,0,0,2,1,1,1,1
17,-1008.763,7505.385,221.422,81.703,0.144094,-0.989219,-0.026108,0.989532,0.144250,-0.004170,0.007891,-0.025233,0.999650,0,0.75962,-1.00000,45.577,-2.000,-1,400.000,625.000,375.000,725.000,325.000,300.000,325.000,300.000,-1,475.000,525.000,-1,500.000,525.000,600.000,625.000,2,1,1,0,1,0,0,0,0,2,0,0,2,1,1,1,1
18,-1000.599,7550.321,221.896,79.703,0.178477,-0.983554,-0.027718,0.983894,0.178680,-0.005017,0.009887,-0.026377,0.999603,0,0.76119,-1.00000,45.671,-2.000,-1,375.000,575.000,375.000,700.000,325.000,300.000,325.000,325.000,-1,500.000,550.000,-1,450.000,500.000,525.000,600.000,2,1,1,0,1,0,0,0,0,2,0,0,2,1,1,1,1
19,-989.851,7599.634,222.482,77.703,0.212628,-0.976687,-0.029520,0.977058,0.212890,-0.005987,0.012132,-0.027570,0.999546,0,0.84119,-1.00000,50.471,-2.000,575.000,325.000,525.000,375.000,675.000,325.000,300.000,325.000,325.000,-1,500.000,550.000,-1,400.000,475.000,450.000,575.000,1,1,1,0,1,1,0,0,0,2,0,0,2,1,1,1,1
20,-977.034,7649.931,223.164,75.703,0.246509,-0.968631,-0.031406,0.969031,0.246838,-0.007009,0.014541,-0.028705,0.999482,0,0.86507,-1.00000,51.904,-2.000,450.000,300.000,500.000,350.000,650.000,275.000,300.000,325.000,325.000,-1,500.000,550.000,-1,350.000,450.000,375.000,525.000,1,1,1,1,1,1,1,0,0,2,0,0,2,1,1,1,1
21,-962.369,7700.091,223.937,73.703,0.280080,-0.959398,-0.033341,0.959825,0.280484,-0.008053,0.017078,-0.029746,0.999412,0,0.87099,-1.00000,52.259,-2.000,350.000,275.000,450.000,325.000,625.000,250.000,275.000,325.000,325.000,-1,475.000,550.000,-1,325.000,425.000,325.000,500.000,1,1,1,1,1,1,1,0,0,2,0,0,2,1,1,1,1
22,-945.862,7750.014,224.810,71.703,0.313299,-0.948997,-0.035325,0.949450,0.313787,-0.009109,0.019729,-0.030685,0.999334,0,0.87635,-1.00000,52.581,-2.000,275.000,225.000,425.000,300.000,600.000,225.000,250.000,325.000,325.000,-1,450.000,550.000,-1,275.000,375.000,250.000,475.000,1,1,1,1,1,1,1,0,0,2,0,0,2,1,1,1,1
23,-929.476,7794.898,225.798,69.943,0.342229,-0.938903,-0.036612,0.939363,0.342782,-0.009883,0.021829,-0.031009,0.999281,0,0.79635,-0.88000,47.781,-1.760,200.000,200.000,375.000,275.000,550.000,200.000,225.000,325.000,325.000,-1,450.000,525.000,-1,250.000,350.000,200.000,450.000,1,1,1,1,1,1,1,0,0,2,0,0,2,1,1,1,1
24,-913.665,7834.867,231.484,68.423,0.367033,-0.929862,-0.025354,0.929386,0.367718,-0.032024,0.039101,-0.011810,0.999165,0,0.71635,-0.76000,42.981,-1.520,200.000,200.000,400.000,275.000,550.000,200.000,225.000,375.000,300.000,-1,325.000,275.000,-1,250.000,350.000,175.000,450.000,1,1,1,1,1,1,1,0,0,2,0,0,2,1,1,1,1
25,-898.836,7870.053,237.595,67.143,0.388279,-0.921439,-0.013747,0.919732,0.388407,-0.056862,0.057734,0.009434,0.998287,0,0.63635,-0.64000,38.181,-1.280,200.000,200.000,400.000,275.000,550.000,200.000,225.000,425.000,300.000,-1,250.000,175.000,-1,250.000,375.000,175.000,450.000,1,1,1,1,1,1,1,0,0,2,0,0,2,1,1,1,1
26,-885.320,7900.579,243.219,66.103,0.405938,-0.913893,-0.003809,0.910839,0.404915,-0.080104,0.074749,0.029048,0.996779,0,0.55635,-0.52000,33.381,-1.040,175.000,200.000,425.000,275.000,550.000,200.000,225.000,475.000,275.000,-1,225.000,100.000,900.000,250.000,375.000,175.000,450.000,1,1,1,1,1,1,1,1,0,2,0,0,0,1,1,1,1
27,-873.389,7926.554,248.188,65.303,0.419908,-0.907555,0.004490,0.903130,0.417362,-0.100821,0.089627,0.046391,0.994894,0,0.47635,-0.40000,28.581,-0.800,175.000,200.000,450.000,275.000,550.000,200.000,225.000,550.000,275.000,-1,200.000,75.000,675.000,250.000,375.000,150.000,450.000,1,1,1,1,1,1,1,1,0,2,0,0,0,1,1,1,1
28,-863.252,7948.070,251.860,64.743,0.429844,-0.902848,0.009964,0.897323,0.425936,-0.115711,0.100226,0.058678,0.993233,0,0.39635,-0.28000,23.781,-0.560,175.000,200.000,475.000,275.000,550.000,200.000,225.000,600.000,250.000,-1,200.000,50.000,550.000,250.000,400.000,150.000,450.000,1,1,1,1,1,1,1,1,0,2,0,0,0,1,1,1,1
29,-855.067,7965.198,254.753,64.423,0.435838,-0.899913,0.014217,0.893479,0.430713,-0.127205,0.108350,0.068143,0.991775,0,0.31635,-0.16000,18.981,-0.320,150.000,200.000,475.000,275.000,525.000,200.000,225.000,675.000,250.000,-1,175.000,50.000,475.000,275.000,400.000,150.000,450.000,1,1,1,1,1,1,1,0,0,2,0,0,0,1,1,1,1
30,-848.934,7977.986,256.874,64.343,0.437865,-0.898869,0.017557,0.891761,0.431757,-0.135457,0.114178,0.074969,0.990628,0,0.23635,-0.04000,14.181,-0.080,150.000,200.000,500.000,275.000,525.000,200.000,225.000,700.000,250.000,-1,175.000,50.000,425.000,275.000,400.000,150.000,450.000,1,1,1,1,1,1,1,0,0,2,0,0,0,1,1,1,1
31,-844.901,7986.457,258.239,64.503,0.435890,-0.899774,0.020144,0.892258,0.429103,-0.140521,0.117793,0.079225,0.989873,0,0.15635,0.08000,9.381,0.160,150.000,200.000,500.000,275.000,500.000,200.000,225.000,725.000,250.000,-1,175.000,50.000,400.000,275.000,400.000,150.000,425.000,1,1,1,1,1,1,1,0,0,2,0,0,0,1,1,1,1
32,-842.961,7990.607,258.851,64.903,0.429866,-0.902624,0.022027,0.894986,0.422753,-0.142407,0.119227,0.080930,0.989563,0,0.07635,0.20000,4.581,0.400,150.000,200.000,500.000,275.000,500.000,200.000,225.000,725.000,250.000,-1,175.000,50.000,400.000,275.000,375.000,150.000,425.000,1,1,1,1,1,1,1,0,0,2,0,0,0,1,1,1,1
33,-8199.160,-1639.830,-36.289,86.266,0.064661,-0.997180,0.038081,0.997833,0.065075,0.009742,-0.012192,0.037369,0.999227,1,0.00000,0.00000,-0.219,0.483,-1,375.000,-1,375.000,-1,325.000,325.000,325.000,300.000,800.000,350.000,350.000,-1,675.000,725.000,-1,-1,2,0,2,0,2,0,0,0,0,1,1,1,2,0,0,2,2
34,-8198.827,-1635.041,-36.354,86.026,0.068843,-0.996904,0.037993,0.997554,0.069252,0.009550,-0.012152,0.037243,0.999232,0,0.08000,-0.12000,4.800,-0.240,-1,375.000,-1,400.000,-1,325.000,325.000,325.000,300.000,800.000,375.000,350.000,-1,675.000,725.000,-1,-1,2,0,2,0,2,0,0,0,0,1,1,1,2,0,0,2,2
35,-8198.082,-1625.470,-36.488,85.546,0.077204,-0.996298,0.037808,0.996942,0.077602,0.009171,-0.012071,0.036985,0.999243,0,0.16000,-0.24000,9.600,-0.480,-1,375.000,-1,400.000,-1,325.000,325.000,325.000,300.000,825.000,375.000,375.000,-1,700.000,725.000,-1,-1,2,0,2,0,2,0,0,0,0,1,1,1,2,0,0,2,2
36,-8196.783,-1611.129,-36.698,84.826,0.089735,-0.995259,0.037512,0.995894,0.090116,0.008608,-0.011947,0.036585,0.999259,0,0.24000,-0.36000,14.400,-0.720,-1,375.000,-1,400.000,-1,325.000,325.000,300.000,300.000,875.000,400.000,375.000,-1,700.000,725.000,-1,-1,2,0,2,0,2,0,0,0,0,1,1,1,2,0,0,2,2
37,-8194.731,-1592.039,-36.997,83.866,0.106420,-0.993630,0.037081,0.994251,0.106781,0.007873,-0.011782,0.036030,0.999281,0,0.32000,-0.48000,19.200,-0.960,-1,375.000,-1,400.000,-1,325.000,325.000,300.000,300.000,975.000,400.000,400.000,-1,700.000,750.000,-1,-1,2,0,2,0,2,0,0,0,0,1,1,1,2,0,0,2,2
38,-8191.667,-1568.235,-37.399,82.666,0.127235,-0.991201,0.036485,0.991805,0.127570,0.006984,-0.011577,0.035297,0.999310,0,0.40000,-0.60000,24.000,-1.200,-1,375.000,-1,400.000,-1,325.000,325.000,300.000,300.000,-1,450.000,425.000,-1,700.000,750.000,-1,-1,2,0,2,0,2,0,0,0,0,2,1,1,2,0,0,2,2
39,-8187.274,-1539.772,-37.922,81.226,0.152138,-0.987715,0.035688,0.988294,0.152443,0.005969,-0.011336,0.034362,0.999345,0,0.48000,-0.72000,28.800,-1.440,-1,375.000,-1,400.000,-1,325.000,325.000,300.000,300.000,-1,450.000,450.000,-1,700.000,750.000,-1,-1,2,0,2,0,2,0,0,0,0,2,0,1,2,0,0,2,2
40,-8181.225,-1506.721,-38.581,79.629,0.179649,-0.983119,0.034673,0.983669,0.179922,0.004873,-0.011029,0.033232,0.999387,0,0.56000,-0.79861,33.600,-1.597,-1,375.000,-1,400.000,-1,325.000,325.000,300.000,300.000,-1,425.000,475.000,-1,700.000,750.000,-1,-1,2,0,2,0,2,0,0,0,0,2,0,1,2,0,0,2,2
41,-8173.269,-1469.154,-39.385,78.042,0.206843,-0.977802,0.033457,0.978317,0.207081,0.003744,-0.010589,0.031957,0.999433,0,0.64000,-0.79326,38.400,-1.587,-1,400.000,-1,400.000,-1,325.000,325.000,300.000,300.000,-1,425.000,475.000,-1,700.000,775.000,-1,-1,2,0,2,0,2,0,0,0,0,2,0,0,2,0,0,2,2
42,-8163.160,-1427.153,-40.340,76.468,0.233676,-0.971787,0.032025,0.972263,0.233877,0.002631,-0.010047,0.030522,0.999484,0,0.72000,-0.78717,43.200,-1.574,-1,400.000,-1,400.000,-1,325.000,325.000,300.000,300.000,-1,400.000,450.000,-1,725.000,775.000,-1,-1,2,0,2,0,2,0,0,0,0,2,0,0,2,0,0,2,2
43,-8150.661,-1380.809,-41.265,74.907,0.260078,-0.965081,0.031271,0.965535,0.260264,0.001987,-0.010056,0.029677,0.999509,0,0.80000,-0.78035,48.000,-1.561,-1,400.000,-1,400.000,-1,325.000,325.000,275.000,300.000,-1,400.000,450.000,-1,725.000,800.000,-1,-1,2,0,2,0,2,0,0,0,0,2,0,0,2,0,0,2,2
44,-8135.996,-1331.732,-41.849,73.362,0.285993,-0.957684,0.032385,0.958171,0.286193,0.001621,-0.010821,0.030567,0.999474,0,0.85368,-0.77281,51.221,-1.546,-1,400.000,-1,400.000,-1,325.000,325.000,275.000,300.000,-1,450.000,500.000,-1,725.000,800.000,-1,-1,2,0,2,0,2,0,0,0,0,2,0,0,2,0,0,2,2
45,-8119.900,-1282.684,-42.475,71.832,0.311435,-0.949678,0.033458,0.950197,0.311647,0.001187,-0.011555,0.031422,0.999439,0,0.86036,-0.76480,51.621,-1.530,-1,400.000,-1,400.000,-1,325.000,325.000,300.000,300.000,-1,525.000,525.000,-1,725.000,775.000,-1,-1,2,0,2,0,2,0,0,0,0,2,0,0,2,0,0,2,2
46,-8102.380,-1233.703,-43.131,70.319,0.336385,-0.941102,0.034235,0.941641,0.336617,0.001085,-0.012545,0.031872,0.999413,0,0.86700,-0.75677,52.020,-1.514,-1,400.000,-1,400.000,-1,325.000,325.000,300.000,300.000,-1,575.000,575.000,-1,725.000,775.000,-1,-1,2,0,2,0,2,0,0,0,0,2,0,0,2,0,0,2,2
47,-8083.443,-1184.826,-43.808,68.821,0.360837,-0.931985,0.034661,0.932528,0.361095,0.001287,-0.013715,0.031858,0.999398,0,0.87361,-0.74871,52.417,-1.497,-1,375.000,-1,400.000,-1,325.000,325.000,300.000,300.000,-1,625.000,650.000,-1,700.000,775.000,-1,-1,2,0,2,0,2,0,0,0,0,2,0,0,2,0,0,2,2
48,-8063.097,-1136.092,-44.480,67.340,0.384791,-0.922339,0.035020,0.922888,0.385067,0.001221,-0.014611,0.031850,0.999386,0,0.88018,-0.74064,52.811,-1.481,-1,400.000,-1,400.000,-1,325.000,325.000,275.000,300.000,-1,700.000,700.000,-1,700.000,775.000,-1,-1,2,0,2,0,2,0,0,0,0,2,0,0,2,0,0,2,2
49,-8041.352,-1087.536,-45.146,65.875,0.408237,-0.912182,0.035578,0.912749,0.408519,0.000728,-0.015199,0.032176,0.999367,0,0.88670,-0.73256,53.202,-1.465,-1,400.000,-1,400.000,-1,325.000,325.000,275.000,300.000,-1,750.000,750.000,-1,700.000,775.000,-1,-1,2,0,2,0,2,0,0,0,0,2,0,0,2,0,0,2,2
50,-8018.218,-1039.196,-45.928,64.426,0.431160,-0.901556,0.036030,0.902136,0.431451,0.000346,-0.015857,0.032355,0.999351,0,0.89317,-0.72445,53.590,-1.449,-1,400.000,-1,400.000,-1,325.000,325.000,275.000,300.000,-1,800.000,800.000,-1,700.000,775.000,-1,-1,2,0,2,0,2,0,0,0,0,2,0,0,2,0,0,2,2
51,-7993.708,-991.107,-46.829,62.993,0.453554,-0.890486,0.036380,0.891075,0.453857,0.000082,-0.016584,0.032380,0.999338,0,0.89959,-0.71634,53.975,-1.433,-1,400.000,-1,400.000,-1,325.000,325.000,275.000,300.000,-1,875.000,850.000,-1,700.000,750.000,-1,-1,2,0,2,0,2,0,0,0,0,2,0,0,2,0,0,2,2
52,-7967.835,-943.302,-47.854,61.577,0.475414,-0.878999,0.036634,0.879590,0.475732,-0.000055,-0.017380,0.032249,0.999329,0,0.90594,-0.70821,54.357,-1.416,-1,400.000,-1,400.000,-1,325.000,325.000,275.000,300.000,-1,925.000,900.000,-1,700.000,750.000,-1,-1,2,0,2,0,2,0,0,0,0,2,0,0,2,0,0,2,2
53,-7940.614,-895.817,-49.007,60.177,0.496738,-0.867120,0.036797,0.867709,0.497073,-0.000059,-0.018240,0.031959,0.999323,0,0.91224,-0.70008,54.734,-1.400,-1,375.000,-1,400.000,-1,325.000,325.000,275.000,300.000,-1,1000.000,950.000,-1,700.000,750.000,-1,-1,2,0,2,0,2,0,0,0,0,2,0,0,2,0,0,2,2
54,-7912.060,-848.683,-50.227,58.793,0.517531,-0.854880,0.036615,0.855453,0.517880,0.000044,-0.019000,0.031300,0.999329,0,0.91847,-0.69193,55.108,-1.384,-1,375.000,-1,400.000,-1,325.000,325.000,275.000,300.000,-1,-1,-1,-1,675.000,750.000,-1,-1,2,0,2,0,2,0,0,0,0,2,2,2,2,0,0,2,2
55,-7880.289,-798.526,-51.335,57.649,0.534489,-0.844390,0.036447,0.844944,0.534854,0.000326,-0.019769,0.030621,0.999336,0,0.98954,-0.57193,59.373,-1.144,-1,375.000,-1,400.000,-1,325.000,325.000,275.000,300.000,-1,-1,-1,-1,675.000,725.000,-1,-1,2,0,2,0,2,0,0,0,0,2,2,2,2,0,0,2,2
56,-7847.512,-748.542,-52.584,56.745,0.547738,-0.835866,0.036195,0.836399,0.548120,0.000743,-0.020461,0.029867,0.999344,0,0.99620,-0.45193,59.772,-0.904,-1,375.000,-1,400.000,-1,325.000,325.000,275.000,275.000,-1,-1,-1,-1,675.000,725.000,-1,-1,2,0,2,0,2,0,0,0,0,2,2,2,2,0,0,2,2
57,-7814.032,-698.752,-53.544,56.081,0.557405,-0.829436,0.036553,0.830007,0.557752,-0.000835,-0.019695,0.030805,0.999331,0,1.00000,-0.33193,60.000,-0.664,-1,375.000,-1,400.000,-1,325.000,325.000,300.000,275.000,-1,-1,-1,-1,675.000,725.000,-1,-1,2,0,2,0,2,0,0,0,0,2,2,2,2,0,0,2,2
58,-7780.184,-649.211,-54.497,55.657,0.563529,-0.825249,0.037398,0.825876,0.563847,-0.002432,-0.019080,0.032256,0.999297,0,1.00000,-0.21193,60.000,-0.424,1000.000,375.000,-1,400.000,-1,325.000,325.000,300.000,275.000,-1,-1,-1,-1,675.000,725.000,-1,-1,0,0,2,0,2,0,0,0,0,2,2,2,2,0,0,2,2
59,-7746.177,-599.779,-55.430,55.474,0.566160,-0.823380,0.038838,0.824084,0.566454,-0.004033,-0.018679,0.034289,0.999237,0,1.00000,-0.09193,60.000,-0.184,1000.000,375.000,-1,400.000,1000.000,325.000,325.000,300.000,275.000,-1,-1,-1,-1,675.000,725.000,-1,950.000,0,0,2,0,1,0,0,0,0,2,2,2,2,0,0,2,1
60,-7712.219,-550.313,-56.407,55.530,0.565338,-0.823875,0.040288,0.824658,0.565605,-0.005517,-0.018242,0.036343,0.999173,0,1.00000,0.02807,60.000,0.056,975.000,375.000,-1,375.000,925.000,325.000,325.000,300.000,275.000,-1,-1,-1,-1,675.000,725.000,-1,900.000,0,0,2,0,1,0,0,0,0,2,2,2,2,0,1,2,1
61,-7678.517,-500.673,-57.449,55.826,0.561058,-0.826719,0.041827,0.827587,0.561293,-0.007007,-0.017685,0.038547,0.999100,0,1.00000,0.14807,60.000,0.296,975.000,375.000,-1,375.000,850.000,300.000,300.000,300.000,275.000,-1,-1,-1,-1,650.000,700.000,-1,850.000,0,0,2,0,1,0,0,0,0,2,2,2,2,0,1,2,1
62,-7645.281,-450.719,-58.421,56.362,0.553314,-0.831872,0.042804,0.832810,0.553491,-0.008679,-0.016472,0.040449,0.999046,0,1.00000,0.26807,60.000,0.536,950.000,375.000,-1,375.000,775.000,300.000,300.000,300.000,275.000,-1,-1,-1,-1,650.000,675.000,-1,800.000,0,0,2,0,1,0,0,0,0,2,2,2,2,0,1,2,1
63,-7612.725,-400.320,-58.906,57.138,0.542111,-0.839290,0.041335,0.840200,0.542170,-0.010752,-0.013387,0.040558,0.999088,0,1.00000,0.38807,60.000,0.776,950.000,375.000,-1,375.000,725.000,300.000,300.000,300.000,275.000,-1,-1,-1,-1,650.000,675.000,-1,775.000,0,0,2,0,1,0,0,0,0,2,2,2,2,0,1,2,1
64,-7581.026,-349.378,-59.415,58.107,0.527955,-0.848333,0.039936,0.849213,0.527889,-0.013031,-0.010027,0.040794,0.999117,0,1.00000,0.48465,60.000,0.969,925.000,375.000,-1,375.000,700.000,300.000,325.000,300.000,275.000,-1,-1,-1,-1,625.000,650.000,1000.000,725.000,0,0,2,0,1,0,0,0,0,2,2,2,2,0,1,0,1
65,-7550.180,-297.914,-59.723,59.063,0.513832,-0.857038,0.038250,0.857860,0.513679,-0.014474,-0.007243,0.040250,0.999163,0,1.00000,0.47778,60.000,0.956,925.000,375.000,-1,375.000,650.000,325.000,325.000,300.000,300.000,-1,-1,-1,-1,625.000,650.000,975.000,700.000,0,0,2,0,1,0,0,0,0,2,2,2,2,0,1,0,1
66,-7522.396,-250.216,-60.069,59.779,0.503178,-0.863400,0.036777,0.864170,0.502944,-0.016035,-0.004652,0.039850,0.999195,0,0.92000,0.35778,55.200,0.716,900.000,375.000,-1,400.000,600.000,325.000,325.000,300.000,300.000,-1,975.000,800.000,-1,625.000,625.000,975.000,675.000,0,0,2,0,1,0,0,0,0,2,0,0,2,0,1,0,1
67,-7497.390,-206.457,-60.444,60.254,0.496074,-0.867555,0.035481,0.868277,0.495766,-0.017625,-0.002300,0.039550,0.999215,0,0.84000,0.23778,50.400,0.476,875.000,375.000,-1,400.000,575.000,300.000,325.000,275.000,300.000,-1,825.000,650.000,-1,600.000,600.000,950.000,650.000,0,0,2,0,1,0,0,0,0,2,0,0,2,0,1,0,1
68,-7474.928,-166.773,-60.706,60.490,0.492558,-0.869575,0.035010,0.870280,0.492189,-0.019056,-0.000661,0.039855,0.999205,0,0.76000,0.11778,45.600,0.236,875.000,350.000,-1,400.000,550.000,300.000,325.000,275.000,300.000,-1,750.000,600.000,-1,600.000,600.000,950.000,600.000,0,0,2,0,1,0,0,0,0,2,0,0,2,0,1,0,1
69,-7454.829,-131.268,-60.756,60.485,0.492657,-0.869493,0.035645,0.870223,0.492232,-0.020472,0.000255,0.041105,0.999155,0,0.68000,-0.00222,40.800,-0.004,875.000,350.000,-1,400.000,525.000,300.000,325.000,275.000,300.000,-1,725.000,575.000,-1,600.000,575.000,950.000,575.000,0,0,2,0,1,0,0,0,0,2,0,0,2,0,1,0,1
70,-7437.025,-99.978,-60.806,60.359,0.494605,-0.868360,0.036299,0.869117,0.494123,-0.021846,0.001034,0.042354,0.999102,0,0.60000,-0.06321,36.000,-0.126,875.000,350.000,-1,400.000,475.000,300.000,325.000,300.000,300.000,-1,675.000,575.000,-1,600.000,550.000,925.000,550.000,0,0,2,0,1,0,0,0,0,2,0,0,2,0,1,0,1
71,-7421.531,-72.897,-60.691,60.223,0.496705,-0.867121,0.037233,0.867917,0.496133,-0.023931,0.002278,0.044202,0.999020,0,0.52000,-0.06767,31.200,-0.135,900.000,350.000,-1,375.000,475.000,300.000,300.000,300.000,300.000,-1,650.000,550.000,-1,600.000,550.000,950.000,525.000,0,0,2,0,1,0,0,0,0,2,0,0,2,0,1,0,1
72,-7408.365,-50.015,-60.488,60.080,0.498932,-0.865796,0.038265,0.866633,0.498252,-0.026297,0.003702,0.046283,0.998922,0,0.44000,-0.07161,26.400,-0.143,925.000,350.000,-1,375.000,450.000,300.000,300.000,300.000,300.000,-1,600.000,500.000,-1,600.000,525.000,1000.000,500.000,0,0,2,0,1,0,0,0,0,2,0,0,2,0,1,0,1
73,-7397.543,-31.321,-60.331,59.930,0.501249,-0.864419,0.039115,0.865290,0.500476,-0.028252,0.004845,0.048007,0.998835,0,0.36000,-0.07498,21.600,-0.150,975.000,350.000,-1,375.000,425.000,300.000,300.000,300.000,300.000,-1,575.000,500.000,-1,600.000,525.000,-1,475.000,0,0,2,0,1,0,0,0,0,2,0,0,2,0,1,2,1
74,-7389.087,-16.804,-60.215,59.775,0.503635,-0.863000,0.039778,0.863898,0.502786,-0.029785,0.005705,0.049365,0.998764,0,0.28000,-0.07774,16.800,-0.155,1000.000,350.000,-1,375.000,425.000,300.000,300.000,300.000,300.000,-1,575.000,475.000,-1,600.000,525.000,-1,475.000,0,0,2,0,1,0,0,0,0,2,0,0,2,0,1,2,1
75,-7383.017,-6.452,-60.134,59.615,0.506069,-0.861553,0.040252,0.862470,0.505164,-0.030892,0.006281,0.050350,0.998712,0,0.20000,-0.07983,12.000,-0.160,-1,350.000,-1,375.000,400.000,300.000,300.000,300.000,300.000,-1,550.000,475.000,-1,600.000,500.000,-1,450.000,2,0,2,1,1,0,0,0,0,2,0,0,2,0,1,2,1
76,-7379.358,-0.251,-60.086,59.453,0.508528,-0.860091,0.040538,0.861020,0.507590,-0.031568,0.006575,0.050957,0.998679,0,0.12000,-0.08124,7.200,-0.162,-1,350.000,-1,375.000,400.000,300.000,300.000,300.000,300.000,-1,550.000,475.000,-1,600.000,500.000,-1,450.000,2,0,2,1,1,0,0,0,0,2,0,0,2,0,1,2,1
77,-7378.133,1.812,-60.068,59.289,0.510990,-0.858626,0.040637,0.859561,0.510042,-0.031810,0.006586,0.051184,0.998668,0,0.04000,-0.08194,2.400,-0.164,-1,350.000,-1,375.000,400.000,300.000,300.000,300.000,300.000,-1,550.000,475.000,-1,625.000,500.000,-1,450.000,2,0,2,1,1,0,0,0,0,2,0,0,2,0,1,2,1
78,-7379.364,-0.248,-60.078,59.125,0.513434,-0.857170,0.040554,0.858106,0.512499,-0.031618,0.006319,0.051033,0.998677,0,-0.04000,-0.08191,-2.400,-0.164,-1,350.000,-1,375.000,400.000,300.000,300.000,300.000,300.000,-1,550.000,475.000,-1,625.000,500.000,-1,450.000,2,0,2,1,1,0,0,0,0,2,0,0,2,0,1,2,1
79,-7383.076,-6.417,-60.115,58.963,0.515839,-0.855738,0.040295,0.856666,0.514939,-0.030995,0.005774,0.050508,0.998707,0,-0.12000,-0.08118,-7.200,-0.162,-1,350.000,-1,375.000,400.000,300.000,300.000,300.000,300.000,-1,550.000,475.000,-1,600.000,500.000,-1,450.000,2,0,2,1,1,0,0,0,0,2,0,0,2,0,1,2,1
80,-7389.291,-16.682,-60.180,58.803,0.518184,-0.854339,0.039870,0.855255,0.517342,-0.029944,0.004956,0.049615,0.998756,0,-0.20000,-0.07973,-12.000,-0.159,1000.000,350.000,-1,375.000,425.000,300.000,300.000,300.000,300.000,-1,575.000,475.000,-1,600.000,525.000,-1,475.000,0,0,2,1,1,0,0,0,0,2,0,0,2,0,1,2,1
81,-7398.032,-31.029,-60.274,58.648,0.520451,-0.852987,0.039286,0.853883,0.519686,-0.028472,0.003870,0.048364,0.998822,0,-0.28000,-0.07761,-16.800,-0.155,975.000,350.000,-1,375.000,425.000,300.000,300.000,300.000,300.000,-1,600.000,500.000,-1,600.000,525.000,-1,475.000,0,0,2,0,1,0,0,0,0,2,0,0,2,0,1,2,1
82,-7406.985,-45.641,-60.373,58.498,0.522634,-0.851678,0.038710,0.852553,0.521945,-0.026980,0.002774,0.047103,0.998886,0,-0.28562,-0.07484,-17.137,-0.150,950.000,350.000,-1,375.000,450.000,300.000,300.000,300.000,300.000,-1,625.000,525.000,-1,600.000,525.000,-1,500.000,0,0,2,0,1,0,0,0,0,2,0,0,2,0,1,2,1
83,-7413.415,-56.171,-60.452,58.589,0.521263,-0.852537,0.038274,0.853393,0.520625,-0.025883,0.002140,0.046155,0.998932,0,-0.20562,0.04516,-12.337,0.090,925.000,350.000,-1,375.000,450.000,300.000,325.000,300.000,300.000,-1,625.000,525.000,-1,600.000,525.000,1000.000,500.000,0,0,2,0,1,0,0,0,0,2,0,0,2,0,1,0,1
84,-7417.305,-62.626,-60.509,58.919,0.516327,-0.855550,0.037959,0.856389,0.515716,-0.025177,0.001964,0.045507,0.998962,0,-0.12562,0.16516,-7.537,0.330,925.000,350.000,-1,375.000,450.000,300.000,325.000,300.000,300.000,-1,650.000,525.000,-1,600.000,525.000,975.000,500.000,0,0,2,0,1,0,0,0,0,2,0,0,2,0,1,0,1
85,-7420.856,-68.651,-60.571,59.489,0.507777,-0.860667,0.037608,0.861486,0.507190,-0.024487,0.002001,0.044832,0.998993,0,-0.11656,0.28516,-6.994,0.570,900.000,350.000,-1,375.000,450.000,300.000,300.000,300.000,300.000,-1,650.000,550.000,-1,600.000,550.000,975.000,525.000,0,0,2,0,1,0,0,0,0,2,0,0,2,0,1,0,1
86,-7424.351,-74.781,-60.645,60.300,0.495550,-0.867783,0.037186,0.868577,0.494985,-0.023762,0.002214,0.044074,0.999026,0,-0.11760,0.40516,-7.056,0.810,900.000,350.000,-1,375.000,475.000,300.000,300.000,300.000,300.000,-1,650.000,550.000,-1,600.000,550.000,950.000,525.000,0,0,2,0,1,0,0,0,0,2,0,0,2,0,1,0,1
87,-7427.773,-81.045,-60.735,61.350,0.479558,-0.876744,0.036678,0.877507,0.479013,-0.023003,0.002599,0.043216,0.999062,0,-0.11897,0.52516,-7.138,1.050,875.000,350.000,-1,375.000,475.000,300.000,300.000,300.000,300.000,-1,625.000,550.000,-1,600.000,550.000,950.000,550.000,0,0,2,0,1,0,0,0,0,2,0,0,2,0,1,0,1
88,-7431.110,-87.471,-60.811,62.557,0.460979,-0.886675,0.036151,0.887405,0.460447,-0.022368,0.003187,0.042392,0.999096,0,-0.12068,0.60375,-7.241,1.207,875.000,350.000,-1,375.000,475.000,300.000,300.000,300.000,300.000,-1,625.000,525.000,-1,600.000,575.000,925.000,550.000,0,0,2,0,1,0,0,0,0,2,0,0,2,0,1,0,1
89,-7434.362,-94.070,-60.830,63.762,0.442253,-0.896178,0.035735,0.896882,0.441720,-0.022060,0.003985,0.041806,0.999118,0,-0.12261,0.60215,-7.357,1.204,850.000,350.000,-1,375.000,500.000,300.000,300.000,275.000,300.000,-1,600.000,525.000,-1,600.000,575.000,925.000,575.000,0,0,2,0,1,0,0,0,0,2,0,0,2,0,1,0,1
90,-7437.525,-100.841,-60.854,64.963,0.423380,-0.905264,0.035305,0.905939,0.422847,-0.021781,0.004789,0.041206,0.999139,0,-0.12454,0.60060,-7.472,1.201,850.000,350.000,-1,375.000,500.000,300.000,300.000,275.000,300.000,-1,575.000,500.000,-1,600.000,600.000,925.000,575.000,0,0,2,0,1,0,0,0,0,2,0,0,2,0,1,0,1
91,-7440.591,-107.781,-60.851,66.161,0.404373,-0.913926,0.034941,0.914576,0.403832,-0.021679,0.005703,0.040722,0.999154,0,-0.12646,0.59910,-7.588,1.198,850.000,350.000,-1,375.000,525.000,300.000,300.000,275.000,300.000,-1,550.000,500.000,-1,600.000,600.000,925.000,600.000,0,0,2,0,1,0,0,0,0,2,0,0,2,0,1,0,1
92,-7443.557,-114.891,-60.859,67.356,0.385236,-0.922171,0.034560,0.922794,0.384688,-0.021582,0.006607,0.040206,0.999170,0,-0.12838,0.59763,-7.703,1.195,850.000,350.000,-1,375.000,525.000,300.000,300.000,275.000,300.000,-1,550.000,475.000,-1,600.000,625.000,925.000,625.000,0,0,2,0,1,0,0,0,0,2,0,0,2,0,1,0,1
93,-7446.415,-122.166,-60.877,68.549,0.365977,-0.929997,0.034164,0.930594,0.365422,-0.021489,0.007500,0.039657,0.999185,0,-0.13028,0.59621,-7.817,1.192,850.000,350.000,-1,375.000,550.000,300.000,300.000,275.000,300.000,-1,525.000,475.000,-1,600.000,625.000,925.000,650.000,0,0,2,0,1,0,0,0,0,2,0,0,2,0,1,0,1
94,-7449.162,-129.606,-60.831,69.738,0.346597,-0.937394,0.034115,0.937979,0.346039,-0.021280,0.008143,0.039374,0.999191,0,-0.13218,0.59483,-7.931,1.190,850.000,350.000,-1,375.000,550.000,300.000,300.000,275.000,300.000,-1,525.000,450.000,-1,600.000,650.000,925.000,650.000,0,0,2,0,1,0,0,0,0,2,0,0,2,0,1,0,1
95,-7451.791,-137.209,-60.735,70.925,0.327106,-0.944363,0.034339,0.944949,0.326547,-0.020957,0.008577,0.039304,0.999190,0,-0.13406,0.59349,-8.044,1.187,850.000,350.000,-1,375.000,575.000,300.000,300.000,275.000,300.000,-1,525.000,475.000,-1,600.000,650.000,925.000,675.000,0,0,2,0,1,0,0,0,0,2,0,0,2,0,1,0,1
96,-7454.296,-144.971,-60.649,72.110,0.307518,-0.950915,0.034541,0.951500,0.306959,-0.020611,0.008997,0.039204,0.999191,0,-0.13593,0.59218,-8.156,1.184,850.000,350.000,-1,375.000,575.000,300.000,300.000,300.000,325.000,-1,525.000,475.000,-1,600.000,650.000,925.000,700.000,0,0,2,0,1,0,0,0,0,2,0,0,2,0,0,0,1
97,-7456.673,-152.889,-60.573,73.292,0.287841,-0.957049,0.034720,0.957632,0.287282,-0.020244,0.009400,0.039076,0.999192,0,-0.13779,0.59091,-8.267,1.182,850.000,350.000,-1,375.000,600.000,300.000,300.000,300.000,325.000,-1,525.000,475.000,-1,600.000,650.000,925.000,725.000,0,0,2,0,1,0,0,0,0,2,0,0,2,0,0,0,1
98,-7457.615,-156.226,-60.524,74.233,0.272078,-0.961645,0.034835,0.962225,0.271513,-0.020118,0.009889,0.038993,0.999191,0,-0.05779,0.47091,-3.467,0.942,875.000,350.000,-1,375.000,600.000,300.000,300.000,300.000,325.000,-1,525.000,475.000,-1,600.000,650.000,925.000,750.000,0,0,2,0,1,0,0,0,0,2,0,0,2,0,0,0,1
99,-7457.269,-154.939,-60.492,74.935,0.260291,-0.964899,0.034906,0.965473,0.259714,-0.020248,0.010472,0.038971,0.999185,0,0.02221,0.35091,1.333,0.702,875.000,350.000,-1,375.000,600.000,300.000,300.000,300.000,325.000,-1,525.000,475.000,-1,600.000,650.000,900.000,750.000,0,0,2,0,1,0,0,0,0,2,0,0,2,0,0,0,1
100,-7455.723,-149.005,-60.475,75.397,0.252525,-0.966959,0.034946,0.967526,0.251927,-0.020640,0.011155,0.039023,0.999176,0,0.10221,0.23091,6.133,0.462,875.000,350.000,-1,375.000,600.000,300.000,300.000,300.000,300.000,-1,525.000,450.000,-1,600.000,650.000,900.000,750.000,0,0,2,0,1,0,0,0,0,2,0,0,2,0,0,0,1
101,-7453.008,-138.415,-60.471,75.619,0.248806,-0.967922,0.034957,0.968480,0.248180,-0.021299,0.011940,0.039155,0.999162,0,0.18221,0.11091,10.933,0.222,875.000,350.000,-1,375.000,600.000,300.000,300.000,300.000,300.000,-1,500.000,450.000,-1,600.000,650.000,900.000,750.000,0,0,2,0,1,0,0,0,0,2,0,0,2,0,0,0,1
102,-7449.095,-123.176,-60.482,75.601,0.249147,-0.967835,0.034935,0.968381,0.248485,-0.022224,0.012828,0.039367,0.999142,0,0.26221,-0.00909,15.733,-0.018,875.000,350.000,-1,375.000,600.000,300.000,300.000,300.000,300.000,-1,475.000,425.000,-1,600.000,650.000,925.000,750.000,0,0,2,0,1,0,0,0,0,2,0,0,2,0,0,0,1
103,-7443.900,-103.312,-60.515,75.343,0.253546,-0.966695,0.034863,0.967225,0.252841,-0.023410,0.013815,0.039655,0.999118,0,0.34221,-0.12909,20.533,-0.258,875.000,350.000,-1,375.000,575.000,300.000,300.000,300.000,300.000,-1,450.000,425.000,-1,600.000,650.000,925.000,725.000,0,0,2,0,1,0,0,0,0,2,0,0,2,0,0,0,1
104,-7437.277,-78.860,-60.479,74.844,0.261983,-0.964431,0.035184,0.964962,0.261228,-0.024646,0.014578,0.040408,0.999077,0,0.42221,-0.24909,25.333,-0.498,850.000,350.000,-1,375.000,575.000,300.000,300.000,300.000,300.000,-1,450.000,400.000,-1,600.000,650.000,925.000,700.000,0,0,2,0,1,0,0,0,0,2,0,0,2,0,0,0,1
105,-7429.027,-49.879,-60.179,74.106,0.274441,-0.960904,0.036698,0.961486,0.273608,-0.026146,0.015083,0.042460,0.998984,0,0.50221,-0.36909,30.133,-0.738,875.000,350.000,-1,375.000,550.000,300.000,300.000,300.000,300.000,-1,450.000,400.000,-1,600.000,650.000,925.000,675.000,0,0,2,0,1,0,0,0,0,2,0,0,2,0,0,0,1
106,-7418.890,-16.449,-59.563,73.128,0.290924,-0.955939,0.039294,0.956603,0.289926,-0.029203,0.016524,0.046085,0.998801,0,0.58221,-0.48909,34.933,-0.978,925.000,350.000,-1,375.000,525.000,300.000,300.000,300.000,300.000,-1,450.000,400.000,-1,600.000,625.000,975.000,650.000,0,0,2,0,1,0,0,0,0,2,0,0,2,0,1,0,1
107,-7406.555,21.321,-58.914,71.910,0.311324,-0.949371,0.042091,0.950133,0.310122,-0.032742,0.018031,0.050185,0.998577,0,0.66221,-0.60909,39.733,-1.218,975.000,350.000,-1,375.000,475.000,300.000,300.000,300.000,300.000,-1,450.000,400.000,-1,600.000,625.000,-1,600.000,0,0,2,0,1,0,0,0,0,2,0,0,2,0,1,2,1
108,-7391.657,63.289,-58.137,70.452,0.335534,-0.940962,0.044808,0.941829,0.334106,-0.036481,0.019357,0.054442,0.998329,0,0.74221,-0.72909,44.533,-1.458,-1,350.000,-1,375.000,450.000,300.000,300.000,300.000,300.000,-1,450.000,400.000,-1,600.000,575.000,-1,550.000,2,0,2,0,1,0,0,0,1,2,0,0,2,0,1,2,1
109,-7373.782,109.270,-56.856,68.754,0.363371,-0.930473,0.046713,0.931437,0.361776,-0.039290,0.019659,0.057787,0.998135,0,0.82221,-0.84909,49.333,-1.698,-1,350.000,-1,350.000,400.000,300.000,300.000,300.000,300.000,-1,475.000,425.000,-1,600.000,550.000,-1,500.000,2,0,2,0,1,0,0,0,1,2,0,0,2,0,1,2,1
110,-7353.884,155.734,-55.191,66.815,0.394765,-0.917614,0.046324,0.918539,0.392999,-0.042862,0.021125,0.059471,0.998006,0,0.84242,-0.96909,50.545,-1.938,-1,350.000,-1,375.000,375.000,300.000,300.000,300.000,275.000,-1,500.000,425.000,-1,625.000,525.000,-1,450.000,2,0,2,0,1,0,0,0,1,2,0,0,2,0,1,2,1
111,-7332.336,201.561,-53.584,64.815,0.426677,-0.903265,0.045370,0.904120,0.424749,-0.046413,0.022653,0.060824,0.997891,0,0.84398,-1.00000,50.639,-2.000,-1,350.000,-1,375.000,350.000,300.000,300.000,300.000,275.000,-1,525.000,450.000,-1,625.000,500.000,-1,400.000,2,0,2,1,1,0,0,0,1,2,0,0,2,0,1,2,1
112,-7309.160,246.689,-52.106,62.815,0.458059,-0.887824,0.044152,0.888595,0.455979,-0.049819,0.024098,0.062053,0.997782,0,0.84551,-1.00000,50.731,-2.000,-1,350.000,-1,350.000,300.000,300.000,300.000,300.000,275.000,-1,525.000,475.000,-1,650.000,475.000,-1,375.000,2,0,2,1,1,0,0,0,1,2,0,0,2,0,1,2,1
113,-7284.382,291.053,-50.761,60.815,0.488874,-0.871309,0.042683,0.871983,0.486652,-0.053063,0.025462,0.063160,0.997679,0,0.84688,-1.00000,50.813,-2.000,-1,375.000,-1,325.000,275.000,300.000,300.000,300.000,275.000,-1,525.000,475.000,-1,650.000,450.000,-1,325.000,2,0,2,1,1,0,0,0,1,2,0,0,2,0,1,2,1
114,-7258.034,334.585,-48.982,58.815,0.519100,-0.853856,0.038280,0.854240,0.516801,-0.056485,0.028447,0.062021,0.997669,0,0.84807,-1.00000,50.884,-2.000,-1,375.000,-1,325.000,250.000,300.000,300.000,300.000,275.000,-1,525.000,475.000,-1,675.000,425.000,-1,300.000,2,0,2,1,1,0,1,0,1,2,0,0,2,0,1,2,1
115,-7230.145,377.217,-45.277,56.815,0.548622,-0.835731,0.023837,0.835229,0.546568,-0.060468,0.037507,0.053084,0.997885,0,0.84903,-1.00000,50.942,-2.000,-1,400.000,-1,300.000,250.000,325.000,300.000,275.000,275.000,-1,350.000,375.000,-1,725.000,425.000,-1,275.000,2,0,2,1,1,0,1,0,1,2,0,0,2,0,1,2,1
116,-7200.761,418.886,-41.616,54.815,0.577252,-0.816520,0.008647,0.815224,0.575664,-0.063404,0.046793,0.043650,0.997950,0,0.84975,-1.00000,50.985,-2.000,-1,400.000,-1,300.000,250.000,350.000,300.000,275.000,275.000,-1,250.000,300.000,-1,775.000,400.000,-1,275.000,2,0,2,1,1,0,1,0,1,2,0,0,2,1,1,2,1
117,-7169.926,459.525,-37.538,52.815,0.605033,-0.796186,-0.004790,0.794313,0.604002,-0.065171,0.054782,0.035626,0.997863,0,0.85020,-1.00000,51.012,-2.000,-1,425.000,-1,300.000,250.000,350.000,275.000,275.000,275.000,-1,225.000,250.000,-1,800.000,400.000,-1,275.000,2,0,2,1,1,1,1,0,1,2,0,0,2,1,1,2,1
118,-7137.686,499.071,-33.351,50.815,0.631935,-0.774814,-0.017939,0.772502,0.631577,-0.065954,0.062432,0.027821,0.997661,0,0.85034,-1.00000,51.020,-2.000,-1,425.000,-1,300.000,250.000,325.000,275.000,275.000,300.000,925.000,200.000,250.000,-1,850.000,400.000,-1,275.000,2,1,2,1,1,1,1,0,1,0,0,0,2,1,1,2,1
119,-7104.100,537.607,-29.150,48.930,0.656409,-0.753761,-0.031157,0.751136,0.656848,-0.065922,0.070154,0.019869,0.997338,0,0.85195,-0.94254,51.117,-1.885,-1,425.000,-1,275.000,225.000,325.000,275.000,275.000,300.000,775.000,175.000,225.000,-1,925.000,375.000,-1,250.000,2,1,2,1,1,1,1,0,1,0,0,0,2,0,1,2,1
120,-7069.293,574.971,-25.006,47.033,0.680167,-0.731692,-0.044724,0.728900,0.681538,-0.064895,0.077964,0.011541,0.996889,0,0.85105,-0.94886,51.063,-1.898,-1,425.000,-1,275.000,225.000,300.000,250.000,250.000,300.000,650.000,175.000,225.000,-1,-1,375.000,-1,250.000,2,1,2,1,1,1,1,0,1,0,0,0,2,2,1,2,1
121,-7033.315,611.099,-20.955,45.122,0.703163,-0.708604,-0.058678,0.705822,0.705601,-0.062785,0.085893,0.002732,0.996301,0,0.84975,-0.95544,50.985,-1.911,-1,400.000,-1,275.000,225.000,300.000,250.000,250.000,300.000,550.000,150.000,225.000,-1,-1,375.000,-1,250.000,2,1,2,1,1,1,1,0,1,0,0,0,2,2,1,2,1
122,-6996.219,645.927,-16.992,43.197,0.725360,-0.684495,-0.072928,0.681926,0.728988,-0.059606,0.093964,-0.006495,0.995554,0,0.84802,-0.96229,50.881,-1.925,-1,400.000,-1,250.000,225.000,300.000,225.000,250.000,300.000,475.000,100.000,225.000,-1,-1,350.000,-1,225.000,2,1,2,1,1,1,1,0,1,0,0,0,2,2,1,2,1
123,-6958.066,679.395,-13.127,41.258,0.746724,-0.659369,-0.087389,0.657242,0.751647,-0.055315,0.102158,-0.016131,0.994637,0,0.84583,-0.96940,50.750,-1.939,-1,400.000,-1,250.000,225.000,275.000,225.000,250.000,300.000,400.000,75.000,225.000,-1,-1,350.000,-1,225.000,2,1,2,1,1,1,1,0,1,0,0,0,2,2,1,2,1
124,-4263.684,984.124,56.978,38.821,0.784936,-0.618069,0.043215,0.591343,0.768157,0.245457,-0.184905,-0.167113,0.968444,1,0.00000,0.00000,55.550,-1.699,0.000,200.000,575.000,350.000,-1,200.000,250.000,175.000,-1,950.000,250.000,50.000,125.000,250.000,525.000,0.000,825.000,0,0,0,0,2,0,0,0,2,1,1,1,1,0,0,0,0
125,6232.691,-8194.542,234.112,-106.061,-0.276834,0.960403,-0.031431,-0.960903,-0.276502,0.014572,0.005304,0.034236,0.999400,1,-0.08000,0.12000,-4.800,0.240,-1,375.000,-1,400.000,-1,300.000,300.000,325.000,325.000,-1,-1,-1,-1,700.000,775.000,-1,-1,2,0,2,0,2,0,0,0,0,2,2,2,2,0,0,2,2
126,6235.270,-8185.295,234.039,-105.581,-0.268774,0.962695,-0.031289,-0.963188,-0.268449,0.014261,0.005330,0.033970,0.999409,0,-0.16000,0.24000,-9.600,0.480,-1,375.000,-1,400.000,-1,300.000,300.000,325.000,325.000,-1,-1,-1,-1,725.000,775.000,-1,-1,2,0,2,0,2,0,0,0,0,2,2,2,2,0,0,2,2
127,6238.963,-8171.376,233.926,-104.861,-0.256649,0.966005,-0.031086,-0.966490,-0.256333,0.013814,0.005376,0.033589,0.999421,0,-0.24000,0.36000,-14.400,0.720,-1,375.000,-1,400.000,-1,300.000,300.000,325.000,325.000,-1,-1,-1,-1,725.000,775.000,-1,-1,2,0,2,0,2,0,0,0,0,2,2,2,2,0,0,2,2
128,6243.576,-8152.739,233.771,-103.901,-0.240420,0.970179,-0.030834,-0.970654,-0.240116,0.013248,0.005449,0.033115,0.999437,0,-0.32000,0.48000,-19.200,0.960,-1,375.000,-1,375.000,-1,300.000,300.000,325.000,325.000,-1,-1,-1,-1,725.000,750.000,-1,-1,2,0,2,0,2,0,0,0,0,2,2,2,2,0,0,2,2
129,6248.852,-8129.326,233.569,-102.701,-0.220040,0.975012,-0.030550,-0.975475,-0.219750,0.012589,0.005561,0.032571,0.999454,0,-0.40000,0.60000,-24.000,1.200,-1,375.000,-1,375.000,-1,300.000,300.000,325.000,325.000,-1,-1,-1,-1,725.000,750.000,-1,-1,2,0,2,0,2,0,0,0,0,2,2,2,2,0,0,2,2
130,6254.540,-8101.093,233.318,-101.390,-0.197663,0.979802,-0.030279,-0.980254,-0.197388,0.011870,0.005653,0.032027,0.999471,0,-0.48000,0.65552,-28.800,1.311,-1,375.000,-1,375.000,-1,300.000,300.000,325.000,325.000,-1,-1,-1,-1,725.000,750.000,-1,-1,2,0,2,0,2,0,0,0,0,2,2,2,2,0,0,2,2
