timestep,x_cm,y_cm,z_cm,yaw_deg,basis_xx,basis_xy,basis_xz,basis_yx,basis_yy,basis_yz,basis_zx,basis_zy,basis_zz,teleport_flag,throttle_cmd,steering_cmd,cmd_move_cm,cmd_turn_deg,lidar_cm_0,lidar_cm_1,lidar_cm_2,lidar_cm_3,lidar_cm_4,lidar_cm_5,lidar_cm_6,lidar_cm_7,lidar_cm_8,lidar_cm_9,lidar_cm_10,lidar_cm_11,lidar_cm_12,lidar_cm_13,lidar_cm_14,lidar_cm_15,lidar_cm_16,lidar_class_0,lidar_class_1,lidar_class_2,lidar_class_3,lidar_class_4,lidar_class_5,lidar_class_6,lidar_class_7,lidar_class_8,lidar_class_9,lidar_class_10,lidar_class_11,lidar_class_12,lidar_class_13,lidar_class_14,lidar_class_15,lidar_class_16
0,2948.065,4916.347,82.600,-139.273,-0.758288,0.651906,-0.004291,-0.650621,-0.757176,-0.058117,-0.041135,-0.041278,0.998301,1,0.08000,0.12000,4.800,0.240,-1,375.000,-1,375.000,-1,300.000,300.000,325.000,350.000,-1,-1,-1,-1,650.000,700.000,-1,-1,2,0,2,0,2,0,0,0,0,2,2,2,2,0,0,2,2
1,2940.843,4910.023,82.277,-138.793,-0.752802,0.658234,-0.004133,-0.656948,-0.751697,-0.058057,-0.041322,-0.040990,0.998305,0,0.16000,0.24000,9.600,0.480,-1,350.000,-1,375.000,-1,300.000,300.000,325.000,350.000,-1,-1,-1,-1,650.000,700.000,-1,-1,2,0,2,0,2,0,0,0,0,2,2,2,2,0,0,2,2
2,2930.130,4900.401,81.792,-138.073,-0.744476,0.667639,-0.003857,-0.666354,-0.743378,-0.057971,-0.041571,-0.040588,0.998311,0,0.24000,0.36000,14.400,0.720,-1,350.000,-1,375.000,-1,300.000,300.000,325.000,350.000,-1,-1,-1,-1,650.000,700.000,-1,-1,2,0,2,0,2,0,0,0,0,2,2,2,2,0,0,2,2
3,2916.062,4887.335,81.149,-137.113,-0.733192,0.680013,-0.003439,-0.678733,-0.732103,-0.057856,-0.041860,-0.040086,0.998319,0,0.32000,0.48000,19.200,0.960,-1,350.000,-1,375.000,-1,300.000,300.000,325.000,350.000,-1,-1,-1,-1,650.000,700.000,-1,-1,2,0,2,0,2,0,0,0,0,2,2,2,2,0,0,2,2
4,2898.823,4870.637,80.351,-135.913,-0.718799,0.695212,-0.002835,-0.693939,-0.717718,-0.057711,-0.042156,-0.039515,0.998329,0,0.40000,0.60000,24.000,1.200,-1,350.000,-1,375.000,-1,300.000,300.000,325.000,350.000,-1,-1,-1,-1,650.000,675.000,-1,-1,2,0,2,0,2,0,0,0,0,2,2,2,2,0,0,2,2
5,2878.647,4850.087,79.132,-134.473,-0.701086,0.713073,-0.002150,-0.711860,-0.700064,-0.056271,-0.041630,-0.037921,0.998413,0,0.48000,0.72000,28.800,1.440,-1,350.000,-1,375.000,-1,300.000,300.000,325.000,350.000,-1,-1,-1,-1,675.000,675.000,-1,-1,2,0,2,0,2,0,0,0,0,2,2,2,2,0,0,2,2
6,2855.820,4825.431,77.665,-132.793,-0.679857,0.733344,-0.001322,-0.732213,-0.678907,-0.054308,-0.040723,-0.035954,0.998523,0,0.56000,0.84000,33.600,1.680,-1,375.000,-1,375.000,-1,300.000,300.000,325.000,350.000,-1,-1,750.000,-1,675.000,675.000,-1,-1,2,0,2,0,2,0,0,0,0,2,2,0,2,0,0,2,2
7,2830.691,4796.396,76.044,-130.873,-0.654883,0.755730,-0.000278,-0.754689,-0.654000,-0.052232,-0.039655,-0.033996,0.998635,0,0.64000,0.96000,38.400,1.920,-1,375.000,-1,375.000,-1,300.000,300.000,325.000,350.000,-1,650.000,625.000,-1,700.000,675.000,-1,-1,2,0,2,0,2,0,0,0,0,2,0,0,2,0,0,2,2
8,2803.579,4762.764,74.302,-128.873,-0.628092,0.778138,0.001020,-0.777193,-0.627263,-0.050122,-0.038363,-0.032274,0.998743,0,0.72000,1.00000,43.200,2.000,-1,375.000,-1,375.000,-1,300.000,300.000,325.000,350.000,-1,575.000,525.000,-1,700.000,675.000,-1,-1,2,0,2,0,2,0,0,0,0,2,0,0,2,0,0,2,2
9,2774.777,4724.366,72.470,-126.873,-0.600541,0.799589,0.002626,-0.798745,-0.599750,-0.048029,-0.036828,-0.030941,0.998843,0,0.80000,1.00000,48.000,2.000,-1,375.000,-1,350.000,-1,300.000,300.000,325.000,350.000,-1,500.000,450.000,-1,725.000,675.000,-1,-1,2,0,2,0,2,0,0,0,0,2,0,0,2,0,0,2,2
10,2744.588,4681.048,70.565,-124.873,-0.572269,0.820053,0.004630,-0.819313,-0.571493,-0.046066,-0.035130,-0.030155,0.998928,0,0.88000,1.00000,52.800,2.000,-1,375.000,-1,350.000,-1,300.000,300.000,325.000,350.000,-1,425.000,400.000,-1,725.000,675.000,-1,-1,2,0,2,0,2,0,0,0,0,2,0,0,2,0,0,2,2
11,2714.443,4634.401,68.504,-122.873,-0.543335,0.839484,0.007314,-0.838828,-0.542516,-0.045210,-0.033985,-0.030700,0.998951,0,0.92567,1.00000,55.540,2.000,-1,400.000,-1,375.000,-1,300.000,300.000,325.000,350.000,-1,375.000,350.000,-1,750.000,675.000,-1,-1,2,0,2,0,2,0,0,0,0,2,0,0,2,0,0,2,2
12,2685.944,4586.730,66.566,-120.873,-0.513750,0.857877,0.010344,-0.857307,-0.512871,-0.044595,-0.032952,-0.031779,0.998952,0,0.92567,1.00000,55.540,2.000,-1,400.000,-1,375.000,-1,300.000,300.000,325.000,350.000,-1,325.000,325.000,-1,750.000,675.000,-1,-1,2,0,2,0,2,0,0,0,0,2,0,0,2,0,0,2,2
13,2659.127,4538.094,64.698,-118.873,-0.483549,0.875213,0.013509,-0.874725,-0.482597,-0.044230,-0.032192,-0.033204,0.998930,0,0.92567,1.00000,55.540,2.000,-1,400.000,-1,375.000,-1,325.000,300.000,325.000,350.000,-1,300.000,350.000,-1,775.000,700.000,-1,-1,2,0,2,0,2,0,0,0,0,2,0,0,2,0,0,2,2
14,2634.023,4488.551,62.792,-116.873,-0.452757,0.891480,0.016553,-0.891074,-0.451737,-0.043823,-0.031590,-0.034592,0.998902,0,0.92567,1.00000,55.540,2.000,-1,400.000,-1,375.000,-1,325.000,300.000,325.000,350.000,-1,275.000,400.000,-1,775.000,700.000,-1,-1,2,0,2,0,2,0,0,0,0,2,0,0,2,0,0,2,2
15,2610.663,4438.162,60.804,-114.873,-0.421414,0.906665,0.019224,-0.906324,-0.420332,-0.043577,-0.031429,-0.035788,0.998865,0,0.92567,1.00000,55.540,2.000,-1,400.000,-1,375.000,-1,325.000,300.000,325.000,350.000,-1,300.000,475.000,-1,800.000,700.000,-1,-1,2,0,2,0,2,0,0,0,0,2,0,0,2,0,0,2,2
16,2589.076,4386.989,58.533,-112.873,-0.389557,0.920773,0.020558,-0.920429,-0.388430,-0.043971,-0.032502,-0.036051,0.998821,0,0.92567,1.00000,55.540,2.000,-1,400.000,-1,375.000,-1,325.000,300.000,325.000,325.000,-1,350.000,550.000,-1,800.000,700.000,-1,-1,2,0,2,0,2,0,0,0,0,2,0,0,2,0,0,2,2
17,2569.288,4335.094,56.290,-110.873,-0.357247,0.933742,0.022379,-0.933403,-0.356049,-0.044583,-0.033661,-0.036816,0.998755,0,0.92567,1.00000,55.540,2.000,-1,400.000,-1,375.000,-1,325.000,300.000,325.000,325.000,-1,400.000,650.000,-1,800.000,700.000,-1,-1,2,0,2,0,2,0,0,0,0,2,0,0,2,0,0,2,2
18,2551.324,4282.539,54.096,-108.873,-0.324523,0.945560,0.024535,-0.945229,-0.323231,-0.045420,-0.035017,-0.037931,0.998667,0,0.92567,1.00000,55.540,2.000,-1,400.000,-1,375.000,-1,325.000,300.000,325.000,325.000,-1,500.000,775.000,-1,800.000,700.000,-1,-1,2,0,2,0,2,0,0,0,0,2,0,0,2,0,0,2,2
19,2535.205,4229.390,51.966,-106.873,-0.291427,0.956214,0.026910,-0.955890,-0.290020,-0.046500,-0.036660,-0.039274,0.998556,0,0.92567,1.00000,55.540,2.000,-1,400.000,-1,375.000,-1,325.000,300.000,325.000,325.000,-1,600.000,950.000,-1,800.000,700.000,-1,-1,2,0,2,0,2,0,0,0,0,2,0,0,2,0,0,2,2
20,2520.950,4175.710,49.886,-104.873,-0.258002,0.965694,0.029513,-0.965373,-0.256456,-0.047800,-0.038591,-0.040823,0.998421,0,0.92567,1.00000,55.540,2.000,-1,400.000,-1,375.000,-1,325.000,300.000,325.000,325.000,-1,775.000,-1,-1,800.000,725.000,-1,-1,2,0,2,0,2,0,0,0,0,2,0,2,2,0,0,2,2
21,2508.575,4121.557,47.843,-102.874,-0.224321,0.973978,0.032352,-0.973660,-0.222610,-0.049296,-0.040811,-0.042558,0.998260,0,0.92582,0.99915,55.549,1.998,-1,400.000,-1,375.000,-1,325.000,300.000,325.000,325.000,-1,1000.000,-1,-1,800.000,725.000,-1,-1,2,0,2,0,2,0,0,0,0,2,0,2,2,0,0,2,2
22,2498.090,4066.997,45.821,-100.879,-0.190451,0.981057,0.035433,-0.980741,-0.188549,-0.050962,-0.043316,-0.044456,0.998072,0,0.92598,0.99761,55.559,1.995,-1,400.000,-1,375.000,-1,325.000,300.000,325.000,325.000,-1,-1,-1,-1,800.000,725.000,-1,-1,2,0,2,0,2,0,0,0,0,2,2,2,2,0,0,2,2
23,2490.043,4016.880,43.987,-99.124,-0.160499,0.986287,0.038437,-0.985973,-0.158398,-0.052602,-0.045792,-0.046340,0.997876,0,0.84598,0.87761,50.759,1.755,-1,400.000,-1,375.000,-1,325.000,300.000,325.000,325.000,-1,-1,-1,-1,775.000,725.000,-1,-1,2,0,2,0,2,0,0,0,0,2,2,2,2,0,0,2,2
24,2483.960,3971.326,42.205,-97.609,-0.134534,0.990049,0.041279,-0.989756,-0.132252,-0.053784,-0.047790,-0.048092,0.997699,0,0.76598,0.75761,45.959,1.515,-1,400.000,-1,375.000,-1,325.000,300.000,325.000,325.000,-1,-1,-1,-1,775.000,725.000,-1,-1,2,0,2,0,2,0,0,0,0,2,2,2,2,0,0,2,2
25,2479.181,3928.255,40.471,-96.333,-0.112618,0.992654,0.044212,-0.992429,-0.110175,-0.054274,-0.049004,-0.049990,0.997547,0,0.72226,0.63761,43.336,1.275,-1,400.000,-1,375.000,-1,325.000,300.000,325.000,325.000,-1,-1,-1,-1,750.000,750.000,-1,-1,2,0,2,0,2,0,0,0,0,2,2,2,2,0,0,2,2
26,2475.181,3885.112,38.359,-95.298,-0.094724,0.994452,0.045748,-0.994271,-0.092220,-0.054046,-0.049527,-0.050606,0.997490,0,0.72213,0.51761,43.328,1.035,-1,400.000,-1,375.000,-1,325.000,325.000,325.000,325.000,-1,-1,-1,-1,750.000,750.000,-1,-1,2,0,2,0,2,0,0,0,0,2,2,2,2,0,0,2,2
27,2471.768,3841.782,36.068,-94.503,-0.080948,0.995626,0.046649,-0.995463,-0.078409,-0.053912,-0.050018,-0.050802,0.997455,0,0.72440,0.39761,43.464,0.795,-1,400.000,-1,375.000,-1,325.000,325.000,325.000,325.000,-1,-1,-1,-1,750.000,750.000,-1,-1,2,0,2,0,2,0,0,0,0,2,2,2,2,0,0,2,2
28,2468.763,3798.219,33.778,-93.948,-0.071337,0.996317,0.047584,-0.996180,-0.068756,-0.053837,-0.050367,-0.051243,0.997415,0,0.72778,0.27761,43.667,0.555,-1,400.000,-1,375.000,-1,325.000,325.000,325.000,325.000,-1,-1,-1,-1,725.000,750.000,-1,-1,2,0,2,0,2,0,0,0,0,2,2,2,2,0,0,2,2
29,2465.984,3754.448,31.491,-93.632,-0.065898,0.996645,0.048543,-0.996545,-0.063271,-0.053810,-0.050558,-0.051922,0.997371,0,0.73099,0.15761,43.859,0.315,-1,400.000,-1,375.000,-1,325.000,325.000,325.000,325.000,-1,-1,-1,-1,725.000,750.000,-1,-1,2,0,2,0,2,0,0,0,0,2,2,2,2,0,0,2,2
30,2463.252,3710.490,29.211,-93.557,-0.064637,0.996680,0.049517,-0.996627,-0.061959,-0.053818,-0.050571,-0.052828,0.997322,0,0.73406,0.03761,44.044,0.075,-1,400.000,-1,375.000,-1,325.000,325.000,325.000,325.000,-1,-1,-1,-1,700.000,750.000,-1,-1,2,0,2,0,2,0,0,0,0,2,2,2,2,0,0,2,2
31,2460.383,3666.361,26.941,-93.722,-0.067550,0.996437,0.050495,-0.996443,-0.064822,-0.053854,-0.050389,-0.053953,0.997271,0,0.73703,-0.08239,44.222,-0.165,-1,400.000,-1,375.000,-1,325.000,325.000,325.000,300.000,-1,-1,-1,-1,700.000,750.000,-1,-1,2,0,2,0,2,0,0,0,0,2,2,2,2,0,0,2,2
32,2457.189,3622.078,24.687,-94.127,-0.074635,0.995882,0.051470,-0.995957,-0.071854,-0.053913,-0.049992,-0.055286,0.997218,0,0.73996,-0.20239,44.397,-0.405,-1,400.000,-1,375.000,-1,325.000,325.000,325.000,300.000,-1,-1,-1,-1,675.000,750.000,-1,-1,2,0,2,0,2,0,0,0,0,2,2,2,2,0,0,2,2
33,2453.482,3577.660,22.454,-94.772,-0.085881,0.994925,0.052434,-0.995082,-0.083050,-0.053991,-0.049363,-0.056813,0.997164,0,0.74287,-0.32239,44.572,-0.645,-1,400.000,-1,400.000,-1,325.000,325.000,325.000,300.000,-1,-1,-1,-1,675.000,750.000,-1,-1,2,0,2,0,2,0,0,0,0,2,2,2,2,0,0,2,2
34,2449.073,3533.129,20.250,-95.656,-0.101274,0.993426,0.053378,-0.993677,-0.098393,-0.054089,-0.048481,-0.058519,0.997108,0,0.74582,-0.44239,44.749,-0.885,-1,375.000,-1,375.000,-1,325.000,325.000,325.000,300.000,-1,-1,-1,-1,650.000,750.000,-1,-1,2,0,2,0,2,0,0,0,0,2,2,2,2,0,0,2,2
35,2443.769,3488.511,18.084,-96.781,-0.120788,0.991192,0.054296,-0.991549,-0.117862,-0.054206,-0.047329,-0.060385,0.997052,0,0.74886,-0.56239,44.931,-1.125,-1,375.000,-1,375.000,-1,300.000,300.000,325.000,325.000,-1,-1,-1,-1,650.000,775.000,-1,-1,2,0,2,0,2,0,0,0,0,2,2,2,2,0,0,2,2
36,2437.376,3443.844,15.966,-98.146,-0.144385,0.987982,0.055178,-0.988457,-0.141419,-0.054347,-0.045890,-0.062388,0.996996,0,0.75202,-0.68239,45.121,-1.365,975.000,375.000,-1,375.000,-1,300.000,300.000,300.000,325.000,-1,-1,-1,-1,650.000,775.000,1000.000,-1,0,0,2,0,2,0,0,0,0,2,2,2,2,0,0,0,2
37,2429.702,3399.176,13.908,-99.751,-0.172009,0.983502,0.056015,-0.984106,-0.169009,-0.054515,-0.044149,-0.064502,0.996941,0,0.75537,-0.80239,45.322,-1.605,925.000,375.000,-1,375.000,-1,300.000,300.000,300.000,325.000,-1,-1,-1,-1,625.000,800.000,975.000,-1,0,0,2,0,2,0,0,0,0,2,2,2,2,0,0,0,2
38,2420.551,3354.567,11.926,-101.596,-0.203578,0.977410,0.056793,-0.978154,-0.200554,-0.054717,-0.042090,-0.066692,0.996885,0,0.75894,-0.92239,45.537,-1.845,875.000,350.000,-1,400.000,-1,300.000,300.000,300.000,325.000,-1,-1,-1,-1,625.000,800.000,925.000,-1,0,0,2,0,2,0,0,0,0,2,2,2,2,0,0,0,2
39,2409.792,3310.082,10.424,-103.596,-0.237471,0.969778,0.056015,-0.970590,-0.234534,-0.054303,-0.039524,-0.067263,0.996952,0,0.76279,-1.00000,45.767,-2.000,850.000,350.000,-1,400.000,-1,300.000,300.000,300.000,325.000,-1,-1,-1,-1,625.000,850.000,925.000,-1,0,0,2,0,2,0,0,0,0,2,2,2,2,0,0,0,2
40,2397.420,3265.761,9.344,-105.596,-0.270973,0.961062,0.054170,-0.961915,-0.268252,-0.052539,-0.035963,-0.066343,0.997149,0,0.76689,-1.00000,46.014,-2.000,850.000,350.000,-1,400.000,-1,300.000,325.000,325.000,325.000,-1,1000.000,-1,-1,625.000,875.000,925.000,-1,0,0,2,0,2,0,0,0,0,2,0,2,2,0,0,0,2
41,2383.431,3221.656,8.285,-107.596,-0.304162,0.951174,0.052472,-0.952068,-0.301648,-0.050749,-0.032443,-0.065393,0.997332,0,0.77116,-1.00000,46.270,-2.000,850.000,350.000,-1,400.000,-1,300.000,325.000,325.000,325.000,-1,850.000,-1,-1,650.000,900.000,950.000,-1,0,0,2,0,2,0,0,0,0,2,0,2,2,0,0,0,2
42,2367.822,3177.816,7.151,-109.596,-0.336975,0.940148,0.050694,-0.941076,-0.334688,-0.048577,-0.028703,-0.064077,0.997532,0,0.77559,-1.00000,46.536,-2.000,850.000,375.000,-1,400.000,1000.000,300.000,325.000,325.000,325.000,-1,800.000,975.000,-1,650.000,900.000,1000.000,-1,0,0,2,0,1,0,0,0,0,2,0,0,2,0,1,0,2
43,2350.591,3134.290,6.090,-111.596,-0.369404,0.927961,0.049297,-0.928932,-0.367321,-0.046476,-0.025020,-0.062962,0.997702,0,0.78018,-1.00000,46.811,-2.000,875.000,375.000,-1,425.000,950.000,325.000,325.000,325.000,300.000,-1,800.000,825.000,-1,650.000,875.000,-1,-1,0,0,2,0,1,0,0,0,0,2,0,0,2,0,1,2,2
44,2331.738,3091.131,5.040,-113.596,-0.401409,0.914641,0.047985,-0.915644,-0.399511,-0.044572,-0.021597,-0.061828,0.997853,0,0.78494,-1.00000,47.096,-2.000,900.000,375.000,-1,425.000,925.000,325.000,325.000,325.000,300.000,-1,800.000,800.000,-1,675.000,850.000,-1,-1,0,0,2,0,1,0,0,0,0,2,0,0,2,0,1,2,2
45,2311.263,3048.391,3.996,-115.596,-0.432953,0.900205,0.046719,-0.901227,-0.431219,-0.042885,-0.018459,-0.060672,0.997987,0,0.78985,-1.00000,47.391,-2.000,900.000,375.000,-1,425.000,875.000,325.000,350.000,300.000,300.000,-1,825.000,800.000,-1,700.000,800.000,-1,-1,0,0,2,0,1,0,0,0,0,2,0,0,2,0,1,2,2
46,2289.168,3006.122,2.956,-117.596,-0.463995,0.884670,0.045474,-0.885700,-0.462406,-0.041429,-0.015624,-0.059499,0.998106,0,0.79491,-1.00000,47.695,-2.000,950.000,400.000,-1,450.000,850.000,325.000,350.000,300.000,300.000,-1,850.000,800.000,-1,700.000,775.000,-1,-1,0,0,2,0,1,0,0,0,0,2,0,0,2,0,1,2,2
47,2265.457,2964.378,1.920,-119.596,-0.494497,0.868054,0.044222,-0.869081,-0.493033,-0.040211,-0.013103,-0.058317,0.998212,0,0.80013,-1.00000,48.008,-2.000,975.000,400.000,-1,450.000,800.000,325.000,350.000,300.000,300.000,-1,900.000,825.000,-1,725.000,725.000,-1,-1,0,0,2,0,1,0,0,0,0,2,0,0,2,0,1,2,2
48,2237.977,2919.282,0.779,-121.356,-0.520858,0.852577,0.042666,-0.853570,-0.519507,-0.039122,-0.011190,-0.056795,0.998323,0,0.88013,-0.88000,52.808,-1.760,-1,400.000,-1,450.000,750.000,350.000,350.000,300.000,300.000,-1,950.000,875.000,-1,750.000,700.000,-1,775.000,2,0,2,0,1,0,0,0,0,2,0,0,2,0,1,2,1
49,2209.066,2874.552,-0.655,-122.876,-0.543294,0.838523,0.041353,-0.839473,-0.541957,-0.039598,-0.010792,-0.056228,0.998360,0,0.88765,-0.76000,53.259,-1.520,-1,400.000,-1,450.000,700.000,350.000,350.000,275.000,300.000,-1,-1,975.000,-1,775.000,650.000,-1,700.000,2,0,2,1,1,0,0,0,0,2,2,0,2,0,1,2,1
50,2178.980,2830.209,-2.069,-124.156,-0.561929,0.826251,0.039314,-0.827106,-0.560582,-0.040543,-0.011460,-0.055299,0.998404,0,0.89309,-0.64000,53.586,-1.280,-1,400.000,-1,425.000,650.000,350.000,350.000,275.000,300.000,-1,-1,-1,-1,800.000,625.000,-1,650.000,2,0,2,1,1,0,0,0,0,2,2,2,2,0,1,2,1
51,2147.914,2786.165,-3.078,-125.196,-0.576922,0.816068,0.034563,-0.816674,-0.575577,-0.041891,-0.014293,-0.052394,0.998524,0,0.89830,-0.52000,53.898,-1.040,-1,400.000,-1,400.000,575.000,350.000,350.000,275.000,300.000,-1,-1,-1,-1,800.000,600.000,-1,575.000,2,0,2,1,1,0,0,0,0,2,2,2,2,0,1,2,1
52,2116.062,2742.320,-4.225,-125.996,-0.588337,0.808065,0.029826,-0.808425,-0.586997,-0.043400,-0.017562,-0.049646,0.998612,0,0.90321,-0.40000,54.192,-0.800,-1,400.000,-1,375.000,500.000,350.000,350.000,275.000,275.000,-1,-1,-1,-1,825.000,550.000,-1,525.000,2,0,2,1,1,0,0,0,0,2,2,2,2,0,1,2,1
53,2083.622,2698.572,-5.347,-126.556,-0.596244,0.802418,0.024863,-0.802536,-0.594962,-0.044230,-0.020698,-0.046325,0.998712,0,0.90771,-0.28000,54.463,-0.560,-1,400.000,-1,375.000,450.000,350.000,350.000,275.000,275.000,-1,-1,-1,-1,825.000,525.000,-1,450.000,2,0,2,1,1,0,0,0,0,2,2,2,2,0,1,2,1
54,2050.795,2654.814,-6.414,-126.876,-0.600708,0.799228,0.019623,-0.799121,-0.599543,-0.044194,-0.023556,-0.042228,0.998830,0,0.91171,-0.16000,54.703,-0.320,-1,400.000,-1,350.000,375.000,350.000,350.000,275.000,275.000,-1,-1,-1,-1,825.000,525.000,-1,375.000,2,0,2,1,1,0,1,0,1,2,2,2,2,0,1,2,1
55,2017.786,2610.941,-6.942,-126.956,-0.601820,0.798434,0.017803,-0.798249,-0.600691,-0.044366,-0.024730,-0.040911,0.998857,0,0.91505,-0.04000,54.903,-0.080,-1,425.000,-1,325.000,325.000,350.000,325.000,275.000,275.000,-1,-1,-1,-1,850.000,525.000,-1,350.000,2,0,2,1,1,0,1,0,1,2,2,2,2,0,1,2,1
56,1984.757,2566.895,-6.244,-126.868,-0.600623,0.799210,0.022686,-0.799227,-0.599368,-0.044659,-0.022095,-0.044955,0.998745,0,0.91758,0.04371,55.055,0.087,-1,425.000,-1,325.000,300.000,350.000,325.000,275.000,300.000,-1,-1,-1,-1,875.000,550.000,-1,300.000,2,0,2,1,1,0,1,0,1,2,2,2,2,0,1,2,1
57,1951.723,2522.729,-5.242,-126.798,-0.599644,0.799707,0.029935,-0.800059,-0.598216,-0.045201,-0.018240,-0.051054,0.998529,0,0.91922,0.03500,55.153,0.070,-1,450.000,-1,350.000,275.000,375.000,325.000,250.000,300.000,-1,-1,-1,-1,925.000,725.000,-1,275.000,2,0,2,1,1,1,1,0,1,2,2,2,2,0,1,2,1
58,1918.698,2478.489,-3.988,-126.747,-0.598847,0.799889,0.039492,-0.800757,-0.597238,-0.045764,-0.013020,-0.059029,0.998171,0,0.92013,0.02559,55.208,0.051,-1,475.000,-1,375.000,250.000,375.000,350.000,250.000,325.000,-1,-1,-1,-1,975.000,-1,-1,350.000,2,0,2,1,1,1,1,0,1,2,2,2,2,0,2,2,1
59,1885.695,2434.227,-2.507,-126.716,-0.598190,0.799702,0.051432,-0.801329,-0.596428,-0.046317,-0.006364,-0.068920,0.997602,0,0.92020,0.01544,55.212,0.031,-1,500.000,-1,400.000,225.000,400.000,375.000,250.000,325.000,-1,-1,-1,-1,-1,-1,-1,-1,2,1,2,1,1,1,1,0,1,2,2,2,2,2,2,2,2
60,1852.731,2390.001,-1.961,-126.707,-0.597751,0.799259,0.062289,-0.801682,-0.595901,-0.046989,-0.000438,-0.078024,0.996951,0,0.91932,0.00451,55.159,0.009,-1,525.000,-1,450.000,300.000,425.000,400.000,250.000,325.000,-1,-1,-1,-1,-1,-1,-1,-1,2,0,2,1,1,1,1,0,1,2,2,2,2,2,2,2,2
61,1819.823,2345.880,-2.998,-126.721,-0.597826,0.798836,0.066827,-0.801625,-0.595900,-0.047972,0.001500,-0.082249,0.996611,0,0.91736,-0.00724,55.042,-0.014,-1,550.000,-1,525.000,-1,450.000,425.000,225.000,325.000,-1,-1,-1,-1,-1,-1,-1,-1,2,0,2,1,2,1,1,0,1,2,2,2,2,2,2,2,2
62,1786.997,2301.934,-4.689,-126.761,-0.598329,0.798235,0.069450,-0.801247,-0.596313,-0.049132,0.002195,-0.085044,0.996375,0,0.91421,-0.01985,54.852,-0.040,-1,550.000,-1,625.000,-1,500.000,475.000,225.000,300.000,-1,800.000,825.000,-1,-1,-1,-1,-1,2,0,2,1,2,0,1,0,1,2,0,0,2,2,2,2,2
63,1754.280,2258.242,-7.021,-126.828,-0.599295,0.797444,0.070200,-0.800526,-0.597168,-0.050473,0.001672,-0.086446,0.996255,0,0.90974,-0.03331,54.584,-0.067,-1,550.000,-1,875.000,-1,500.000,550.000,225.000,250.000,-1,300.000,675.000,-1,-1,-1,-1,-1,2,0,2,0,2,0,1,0,1,2,0,0,2,2,2,2,2
64,1724.227,2218.552,-9.616,-127.134,-0.603652,0.794184,0.069830,-0.797248,-0.601387,-0.052239,0.000507,-0.087206,0.996190,0,0.82974,-0.15331,49.784,-0.307,-1,550.000,-1,900.000,-1,500.000,575.000,225.000,225.000,-1,275.000,650.000,-1,-1,-1,-1,-1,2,0,2,0,2,0,0,0,1,2,0,0,2,2,2,2,2
65,327.975,-327.962,-224.374,-59.631,0.504605,0.862299,-0.042597,-0.862941,0.505271,0.005876,0.026590,0.033793,0.999075,1,0.00000,0.00000,44.984,-0.547,475.000,375.000,-1,400.000,-1,325.000,325.000,275.000,275.000,-1,625.000,600.000,-1,625.000,750.000,550.000,-1,1,0,2,0,2,0,0,0,0,2,0,0,2,1,0,1,2
66,325.530,-323.831,-224.526,-59.391,0.508218,0.860185,-0.042379,-0.860814,0.508885,0.005987,0.026715,0.033438,0.999084,0,-0.08000,0.12000,-4.800,0.240,475.000,375.000,-1,400.000,-1,325.000,325.000,275.000,275.000,-1,625.000,600.000,-1,625.000,750.000,550.000,-1,1,0,2,0,2,0,0,0,0,2,0,0,2,1,0,1,2
67,320.573,-315.610,-224.833,-58.911,0.515418,0.855912,-0.041934,-0.856514,0.516086,0.006222,0.026968,0.032710,0.999101,0,-0.16000,0.24000,-9.600,0.480,475.000,375.000,-1,400.000,-1,325.000,325.000,275.000,300.000,-1,625.000,600.000,-1,625.000,750.000,550.000,-1,1,0,2,0,2,0,0,0,0,2,0,0,2,1,0,1,2
68,312.983,-303.373,-225.306,-58.191,0.526151,0.849390,-0.041250,-0.849951,0.526820,0.006614,0.027349,0.031580,0.999127,0,-0.24000,0.36000,-14.400,0.720,500.000,375.000,-1,400.000,-1,325.000,325.000,275.000,300.000,-1,600.000,575.000,-1,625.000,750.000,550.000,-1,1,0,2,0,2,0,0,0,0,2,0,0,2,1,0,1,2
69,304.385,-290.017,-225.860,-57.231,0.540328,0.840481,-0.040469,-0.840992,0.541000,0.007134,0.027889,0.030180,0.999155,0,-0.26472,0.48000,-15.883,0.960,500.000,375.000,-1,400.000,-1,325.000,325.000,275.000,300.000,-1,575.000,550.000,-1,625.000,750.000,550.000,-1,1,0,2,0,2,0,0,0,0,2,0,0,2,1,0,1,2
70,295.469,-276.784,-226.459,-56.031,0.557831,0.829006,-0.039661,-0.829462,0.558510,0.007775,0.028596,0.028560,0.999183,0,-0.26594,0.60000,-15.957,1.200,525.000,375.000,-1,400.000,-1,325.000,325.000,275.000,300.000,-1,550.000,525.000,-1,600.000,750.000,575.000,-1,1,0,2,0,2,0,0,0,0,2,0,0,2,1,0,1,2
71,286.186,-263.726,-226.986,-54.591,0.578513,0.814740,-0.039007,-0.815155,0.579188,0.007942,0.029063,0.027202,0.999207,0,-0.26703,0.72000,-16.022,1.440,525.000,375.000,-1,400.000,-1,325.000,325.000,275.000,300.000,-1,525.000,525.000,-1,600.000,750.000,575.000,-1,1,0,2,0,2,0,0,0,0,2,0,0,2,1,0,1,2
72,276.486,-250.895,-227.310,-52.911,0.602184,0.797422,-0.038636,-0.797836,0.602835,0.006966,0.028846,0.026630,0.999229,0,-0.26807,0.84000,-16.084,1.680,550.000,375.000,-1,400.000,-1,300.000,325.000,275.000,300.000,-1,550.000,525.000,-1,600.000,750.000,575.000,-1,1,0,2,0,2,0,0,0,0,2,0,0,2,1,0,1,2
73,266.320,-238.346,-227.625,-50.991,0.628594,0.776788,-0.038336,-0.777203,0.629222,0.005930,0.028729,0.026067,0.999247,0,-0.26915,0.96000,-16.149,1.920,575.000,375.000,-1,400.000,-1,300.000,325.000,275.000,300.000,-1,550.000,550.000,-1,600.000,750.000,575.000,-1,1,0,2,0,2,0,0,0,0,2,0,0,2,1,0,1,2
74,255.676,-226.105,-227.882,-48.991,0.655338,0.754362,-0.038349,-0.754785,0.655954,0.004884,0.028839,0.025745,0.999252,0,-0.27036,1.00000,-16.222,2.000,600.000,375.000,-1,400.000,-1,300.000,325.000,275.000,300.000,-1,575.000,550.000,-1,600.000,750.000,600.000,-1,1,0,2,0,2,0,0,0,0,2,0,0,2,1,0,1,2
75,244.545,-214.172,-228.168,-46.991,0.681288,0.731017,-0.038219,-0.731446,0.681889,0.003857,0.028880,0.025327,0.999262,0,-0.27197,1.00000,-16.318,2.000,650.000,375.000,-1,375.000,-1,300.000,325.000,275.000,300.000,-1,600.000,525.000,-1,600.000,725.000,600.000,-1,1,0,2,0,2,0,0,0,0,2,0,0,2,1,0,1,2
76,232.915,-202.546,-228.482,-44.991,0.706411,0.706784,-0.037944,-0.707213,0.706994,0.002863,0.028850,0.024812,0.999276,0,-0.27408,1.00000,-16.445,2.000,700.000,375.000,975.000,375.000,-1,300.000,325.000,275.000,300.000,-1,600.000,500.000,-1,600.000,725.000,625.000,-1,1,0,1,0,2,0,0,0,0,2,0,0,2,1,0,1,2
77,220.773,-191.227,-228.825,-42.991,0.730679,0.681690,-0.037524,-0.682116,0.731241,0.001913,0.028743,0.024197,0.999294,0,-0.27665,1.00000,-16.599,2.000,800.000,375.000,950.000,375.000,-1,300.000,325.000,275.000,300.000,-1,575.000,475.000,-1,600.000,725.000,650.000,-1,1,0,1,0,2,0,0,0,0,2,0,0,2,1,0,1,2
78,208.107,-180.220,-229.199,-40.991,0.754059,0.655766,-0.036956,-0.656185,0.754599,0.001022,0.028558,0.023479,0.999316,0,-0.27968,1.00000,-16.781,2.000,850.000,375.000,925.000,375.000,-1,300.000,300.000,275.000,300.000,-1,550.000,450.000,-1,600.000,725.000,675.000,-1,0,0,1,0,2,0,0,0,0,2,0,0,2,1,0,1,2
79,198.795,-172.682,-229.475,-38.991,0.776515,0.629041,-0.036498,-0.629455,0.777037,0.000194,0.028483,0.022823,0.999334,0,-0.19968,1.00000,-11.981,2.000,825.000,375.000,900.000,375.000,-1,300.000,300.000,300.000,300.000,-1,525.000,425.000,-1,600.000,700.000,700.000,-1,0,0,1,0,2,0,0,0,0,2,0,0,2,1,0,1,2
80,193.059,-168.361,-229.647,-36.991,0.798018,0.601547,-0.036185,-0.601958,0.798527,-0.000604,0.028531,0.022264,0.999345,0,-0.11968,1.00000,-7.181,2.000,825.000,375.000,900.000,375.000,-1,300.000,300.000,300.000,300.000,-1,525.000,425.000,-1,600.000,700.000,750.000,-1,0,0,1,0,2,0,0,0,0,2,0,0,2,1,0,1,2
81,191.109,-166.996,-229.706,-34.991,0.818540,0.573318,-0.036047,-0.573732,0.819042,-0.001411,0.028716,0.021836,0.999349,0,-0.03968,1.00000,-2.381,2.000,800.000,375.000,875.000,375.000,-1,300.000,300.000,300.000,300.000,-1,500.000,400.000,-1,600.000,700.000,800.000,-1,0,0,1,0,2,0,0,0,0,2,0,0,2,1,0,1,2
82,193.138,-168.314,-229.586,-32.991,0.838053,0.544390,-0.036140,-0.544805,0.838561,-0.001979,0.029228,0.021347,0.999345,0,0.04032,1.00000,2.419,2.000,800.000,350.000,875.000,375.000,-1,300.000,300.000,300.000,300.000,-1,500.000,400.000,-1,600.000,700.000,850.000,-1,0,0,1,0,2,0,0,0,0,2,0,0,2,1,0,1,2
83,199.327,-172.031,-229.135,-30.991,0.856526,0.514805,-0.036604,-0.515201,0.857068,-0.001652,0.030522,0.020274,0.999328,0,0.12032,1.00000,7.219,2.000,800.000,375.000,850.000,375.000,-1,300.000,300.000,300.000,300.000,-1,475.000,375.000,-1,600.000,700.000,900.000,-1,0,0,1,0,2,0,0,0,0,2,0,0,2,1,0,0,2
84,209.840,-177.857,-228.500,-28.991,0.873940,0.484590,-0.037439,-0.484969,0.874531,-0.001199,0.032161,0.019205,0.999298,0,0.20032,1.00000,12.019,2.000,800.000,375.000,850.000,375.000,-1,300.000,300.000,300.000,300.000,-1,450.000,375.000,-1,600.000,700.000,875.000,-1,0,0,1,0,2,0,0,0,0,2,0,0,2,1,0,0,2
85,224.827,-185.492,-227.677,-26.994,0.890250,0.453827,-0.038682,-0.454190,0.890905,-0.000669,0.034158,0.018164,0.999251,0,0.28032,0.99859,16.819,1.997,800.000,375.000,825.000,375.000,-1,300.000,300.000,300.000,300.000,-1,450.000,350.000,-1,600.000,700.000,875.000,950.000,0,0,1,0,2,0,0,0,0,2,0,0,2,1,0,0,1
86,244.419,-194.633,-226.667,-25.011,0.905354,0.422735,-0.040363,-0.423083,0.906091,-0.000111,0.036526,0.017178,0.999185,0,0.36032,0.99150,21.619,1.983,800.000,375.000,800.000,375.000,-1,300.000,300.000,300.000,300.000,-1,425.000,350.000,-1,625.000,700.000,875.000,900.000,0,0,1,0,2,0,0,0,0,2,0,0,2,0,1,0,1
87,268.731,-204.974,-225.467,-23.044,0.919246,0.391382,-0.042509,-0.391719,0.920085,0.000420,0.039276,0.016265,0.999096,0,0.44032,0.98379,26.419,1.968,800.000,375.000,800.000,375.000,-1,300.000,300.000,300.000,300.000,-1,425.000,350.000,-1,600.000,650.000,875.000,825.000,0,0,1,0,2,0,0,0,0,2,0,0,2,0,1,0,1
88,297.858,-216.210,-224.073,-21.093,0.931921,0.359844,-0.045117,-0.360173,0.932885,0.000883,0.042407,0.015427,0.998981,0,0.52032,0.97524,31.219,1.950,800.000,375.000,775.000,375.000,975.000,300.000,300.000,300.000,300.000,-1,400.000,350.000,-1,600.000,625.000,875.000,750.000,0,0,1,0,1,0,0,0,0,2,0,0,2,0,1,0,1
89,331.883,-228.033,-222.417,-19.162,0.943389,0.328207,-0.047936,-0.328521,0.944496,0.001394,0.045733,0.014433,0.998849,0,0.60032,0.96560,36.019,1.931,825.000,375.000,775.000,375.000,875.000,300.000,325.000,300.000,300.000,-1,375.000,325.000,-1,600.000,575.000,875.000,700.000,0,0,1,0,1,0,0,0,0,2,0,0,2,0,1,0,1
90,370.866,-240.140,-220.561,-17.253,0.953639,0.296561,-0.051222,-0.296863,0.954918,0.001774,0.049439,0.013515,0.998686,0,0.68032,0.95462,40.819,1.909,825.000,375.000,775.000,400.000,775.000,300.000,325.000,300.000,300.000,-1,350.000,275.000,-1,600.000,525.000,900.000,625.000,0,0,1,0,1,0,0,0,0,2,0,0,2,0,1,0,1
91,414.854,-252.231,-218.503,-15.369,0.962677,0.265009,-0.054979,-0.265305,0.964162,0.001978,0.053532,0.012682,0.998486,0,0.76032,0.94201,45.619,1.884,825.000,375.000,750.000,375.000,675.000,300.000,325.000,300.000,325.000,-1,300.000,250.000,-1,600.000,500.000,900.000,575.000,0,0,1,1,1,1,1,0,0,2,0,0,2,0,1,0,1
92,463.878,-264.013,-216.243,-13.514,0.970513,0.233664,-0.059207,-0.233960,0.972244,0.001966,0.058023,0.011944,0.998244,0,0.84032,0.92746,50.419,1.855,850.000,350.000,750.000,350.000,575.000,300.000,300.000,300.000,300.000,-1,275.000,250.000,-1,600.000,450.000,900.000,500.000,0,0,1,1,1,1,1,0,0,2,0,0,2,0,1,1,1
93,517.953,-275.204,-213.779,-11.693,0.977164,0.202648,-0.063906,-0.202956,0.979186,0.001701,0.062920,0.011307,0.997954,0,0.92032,0.91062,55.219,1.821,875.000,350.000,775.000,325.000,500.000,300.000,300.000,300.000,300.000,-1,250.000,225.000,-1,600.000,425.000,875.000,450.000,1,0,1,1,1,0,1,0,0,2,0,0,2,0,1,1,1
94,577.058,-285.530,-211.111,-9.910,0.982655,0.172099,-0.069073,-0.172433,0.985021,0.001149,0.068236,0.010781,0.997611,0,1.00000,0.89107,60.000,1.782,900.000,350.000,775.000,300.000,400.000,300.000,275.000,300.000,300.000,-1,225.000,200.000,-1,600.000,375.000,825.000,375.000,1,0,1,1,1,0,1,0,0,2,0,0,2,0,1,1,1
95,636.449,-294.060,-207.819,-8.174,0.987116,0.142164,-0.073425,-0.142722,0.989760,-0.002382,0.072334,0.012831,0.997298,0,1.00000,0.86836,60.000,1.737,-1,350.000,775.000,275.000,325.000,300.000,250.000,300.000,300.000,-1,225.000,200.000,-1,600.000,350.000,800.000,300.000,2,0,1,1,1,0,1,0,0,2,0,0,2,0,1,1,1
96,696.066,-300.838,-202.871,-6.487,0.990484,0.112972,-0.078607,-0.113748,0.993495,-0.005446,0.077480,0.014336,0.996891,0,1.00000,0.84321,60.000,1.686,-1,350.000,750.000,250.000,250.000,300.000,250.000,300.000,300.000,-1,250.000,225.000,-1,625.000,325.000,800.000,250.000,2,0,1,1,1,0,1,0,0,2,0,0,2,0,1,1,1
97,755.854,-305.923,-192.350,-4.856,0.991898,0.084655,-0.094723,-0.083813,0.996399,0.012842,0.095469,-0.004799,0.995421,0,1.00000,0.81554,60.000,1.631,-1,375.000,800.000,275.000,225.000,325.000,275.000,300.000,350.000,-1,225.000,250.000,-1,650.000,350.000,900.000,225.000,2,0,1,1,1,0,1,0,0,2,0,0,2,1,1,1,1
98,815.760,-309.364,-182.061,-3.286,0.992134,0.057301,-0.111298,-0.054366,0.998093,0.029231,0.112760,-0.022951,0.993357,0,1.00000,0.78524,60.000,1.570,-1,425.000,825.000,275.000,225.000,350.000,300.000,275.000,400.000,925.000,225.000,250.000,-1,650.000,350.000,-1,225.000,2,0,1,1,1,0,1,0,0,0,0,0,2,1,1,2,1
99,875.736,-311.228,-172.081,-1.781,0.991299,0.031060,-0.127910,-0.025680,0.998724,0.043495,0.129098,-0.039832,0.990832,0,1.00000,0.75225,60.000,1.504,-1,450.000,850.000,300.000,200.000,375.000,325.000,275.000,450.000,750.000,175.000,250.000,-1,650.000,375.000,-1,200.000,2,0,1,1,1,0,1,0,0,0,0,0,2,1,1,2,1
100,935.740,-311.590,-162.474,-0.348,0.989536,0.006070,-0.144159,0.001960,0.998457,0.055493,0.144274,-0.055195,0.987997,0,1.00000,0.71649,60.000,1.433,-1,475.000,875.000,300.000,175.000,425.000,350.000,275.000,525.000,650.000,125.000,225.000,-1,675.000,400.000,-1,200.000,2,1,1,1,1,1,1,0,0,0,0,0,2,1,1,2,1
101,995.736,-310.531,-153.294,1.008,0.987013,-0.017543,-0.159680,0.028271,0.997474,0.065163,0.158134,-0.068831,0.985016,0,1.00000,0.67794,60.000,1.356,-1,450.000,900.000,325.000,175.000,400.000,375.000,275.000,400.000,600.000,100.000,200.000,-1,700.000,425.000,-1,200.000,2,1,1,1,1,1,1,0,1,0,0,0,2,1,1,2,1
102,1055.694,-308.139,-144.578,2.281,0.983920,-0.039668,-0.174151,0.052987,0.995959,0.072510,0.170571,-0.080571,0.982046,0,1.00000,0.63662,60.000,1.273,-1,450.000,950.000,350.000,150.000,400.000,375.000,250.000,325.000,500.000,75.000,200.000,-1,750.000,425.000,-1,200.000,2,1,1,1,1,1,1,0,1,0,0,0,2,1,1,2,1
103,1115.589,-304.507,-136.355,3.466,0.980455,-0.060210,-0.187306,0.075872,0.994093,0.077600,0.181527,-0.090295,0.979232,0,1.00000,0.59263,60.000,1.185,-1,450.000,-1,350.000,150.000,375.000,375.000,250.000,250.000,425.000,75.000,175.000,-1,900.000,425.000,-1,200.000,2,1,2,1,1,1,1,0,1,0,0,0,2,1,1,2,1
104,3607.659,-2951.688,-236.239,-39.321,0.763798,0.633074,0.125816,-0.632715,0.772898,-0.047968,-0.127610,-0.042968,0.990893,1,0.00000,0.00000,60.000,1.092,-1,425.000,-1,400.000,-1,325.000,325.000,300.000,325.000,-1,-1,-1,-1,800.000,750.000,-1,-1,2,0,2,0,2,0,0,0,0,2,2,2,2,0,0,2,2
105,3611.360,-2954.745,-236.801,-39.561,0.761058,0.636293,0.126184,-0.635938,0.770224,-0.048358,-0.127960,-0.043442,0.990828,0,0.08000,-0.12000,4.800,-0.240,-1,425.000,-1,400.000,-1,325.000,325.000,300.000,325.000,-1,-1,-1,-1,800.000,750.000,-1,-1,2,0,2,0,2,0,0,0,0,2,2,2,2,0,0,2,2
106,3618.710,-2960.921,-237.903,-40.041,0.755551,0.642698,0.126812,-0.642346,0.764837,-0.049158,-0.128584,-0.044315,0.990708,0,0.16000,-0.24000,9.600,-0.480,-1,425.000,-1,400.000,-1,325.000,325.000,300.000,325.000,-1,-1,-1,-1,800.000,725.000,-1,-1,2,0,2,0,2,0,0,0,0,2,2,2,2,0,0,2,2
107,3629.619,-2970.322,-239.548,-40.761,0.747194,0.652220,0.127713,-0.651872,0.756656,-0.050358,-0.129479,-0.045625,0.990532,0,0.24000,-0.36000,14.400,-0.720,-1,425.000,-1,400.000,-1,325.000,325.000,300.000,325.000,-1,-1,-1,-1,800.000,725.000,-1,-1,2,0,2,0,2,0,0,0,0,2,2,2,2,0,0,2,2
108,3643.951,-2983.100,-241.738,-41.721,0.735879,0.664753,0.128788,-0.664407,0.745563,-0.051964,-0.130563,-0.047328,0.990310,0,0.32000,-0.48000,19.200,-0.960,-1,400.000,-1,400.000,-1,325.000,325.000,300.000,300.000,-1,-1,-1,-1,775.000,725.000,-1,-1,2,0,2,0,2,0,0,0,0,2,2,2,2,0,0,2,2
109,3661.528,-2999.443,-244.554,-42.921,0.721490,0.680151,0.129797,-0.679825,0.731402,-0.053747,-0.131490,-0.049461,0.990083,0,0.40000,-0.60000,24.000,-1.200,-1,400.000,-1,400.000,-1,325.000,325.000,300.000,300.000,-1,-1,-1,-1,775.000,700.000,-1,-1,2,0,2,0,2,0,0,0,0,2,2,2,2,0,0,2,2
110,3682.122,-3019.577,-248.289,-44.361,0.703838,0.698168,0.131049,-0.698145,0.713927,-0.053870,-0.131169,-0.053576,0.989911,0,0.48000,-0.72000,28.800,-1.440,-1,400.000,-1,400.000,-1,325.000,325.000,300.000,300.000,-1,-1,-1,-1,750.000,700.000,-1,-1,2,0,2,0,2,0,0,0,0,2,2,2,2,0,0,2,2
111,3705.449,-3043.761,-252.592,-46.041,0.682695,0.718606,0.132409,-0.718945,0.692967,-0.053997,-0.130557,-0.058332,0.989723,0,0.56000,-0.84000,33.600,-1.680,-1,400.000,-1,375.000,-1,325.000,325.000,300.000,325.000,-1,-1,-1,-1,750.000,675.000,-1,-1,2,0,2,0,2,0,0,0,0,2,2,2,2,0,0,2,2
112,3731.167,-3072.277,-257.438,-47.961,0.657834,0.741176,0.133840,-0.741938,0.668281,-0.054107,-0.129545,-0.063708,0.989525,0,0.64000,-0.96000,38.400,-1.920,-1,400.000,-1,375.000,-1,325.000,325.000,300.000,325.000,-1,-1,-1,-1,725.000,675.000,-1,-1,2,0,2,0,2,0,0,0,0,2,2,2,2,0,0,2,2
113,3758.963,-3105.349,-262.806,-49.961,0.631158,0.763761,0.135308,-0.764983,0.641767,-0.054185,-0.128221,-0.069309,0.989321,0,0.72000,-1.00000,43.200,-2.000,-1,400.000,-1,375.000,-1,325.000,325.000,300.000,325.000,-1,-1,-1,-1,700.000,650.000,-1,-1,2,0,2,0,2,0,0,0,0,2,2,2,2,0,0,2,2
114,3788.547,-3143.150,-268.678,-51.961,0.603722,0.785372,0.136788,-0.787077,0.614470,-0.054186,-0.126608,-0.074949,0.989117,0,0.80000,-1.00000,48.000,-2.000,-1,400.000,-1,375.000,-1,325.000,325.000,325.000,325.000,-1,-1,-1,-1,675.000,650.000,-1,-1,2,0,2,0,2,0,0,0,0,2,2,2,2,0,0,2,2
115,3819.617,-3185.843,-275.032,-53.961,0.575570,0.805979,0.138263,-0.808198,0.586426,-0.054046,-0.124641,-0.080637,0.988920,0,0.88000,-1.00000,52.800,-2.000,-1,375.000,-1,375.000,-1,325.000,300.000,325.000,325.000,-1,-1,-1,-1,650.000,650.000,-1,-1,2,0,2,0,2,0,0,0,0,2,2,2,2,0,0,2,2
116,3850.546,-3231.616,-281.421,-55.961,0.546763,0.825522,0.139872,-0.828379,0.557648,-0.053075,-0.121814,-0.086848,0.988746,0,0.92070,-1.00000,55.242,-2.000,-1,375.000,-1,375.000,-1,300.000,300.000,325.000,325.000,-1,-1,-1,-1,625.000,625.000,1000.000,-1,2,0,2,0,2,0,0,0,0,2,2,2,2,0,0,0,2
117,3879.980,-3278.634,-287.521,-57.961,0.517434,0.844013,0.141083,-0.847557,0.528205,-0.051445,-0.117941,-0.092957,0.988660,0,0.92450,-1.00000,55.470,-2.000,1000.000,375.000,-1,375.000,-1,300.000,300.000,325.000,325.000,-1,-1,-1,-1,600.000,625.000,925.000,-1,0,0,2,0,2,0,0,0,0,2,2,2,2,0,0,0,2
118,3907.755,-3326.651,-293.420,-59.961,0.487577,0.861436,0.142115,-0.865684,0.498141,-0.049459,-0.113399,-0.098911,0.988614,0,0.92450,-1.00000,55.470,-2.000,925.000,350.000,-1,350.000,-1,300.000,300.000,325.000,325.000,-1,-1,-1,-1,600.000,625.000,875.000,-1,0,0,2,0,2,0,0,0,0,2,2,2,2,0,0,0,2
119,3933.837,-3375.608,-299.113,-61.961,0.457195,0.877775,0.143120,-0.882725,0.467496,-0.047364,-0.108483,-0.104681,0.988571,0,0.92450,-1.00000,55.470,-2.000,875.000,350.000,-1,350.000,-1,300.000,300.000,300.000,325.000,-1,-1,-1,-1,575.000,650.000,800.000,-1,0,0,2,0,2,0,0,0,0,2,2,2,2,0,0,0,2
120,3958.195,-3425.446,-304.482,-63.961,0.426315,0.893062,0.143861,-0.898621,0.436336,-0.045737,-0.103618,-0.109778,0.988540,0,0.92450,-1.00000,55.470,-2.000,800.000,350.000,-1,350.000,-1,300.000,300.000,300.000,325.000,-1,-1,-1,-1,550.000,650.000,750.000,-1,0,0,2,0,2,0,0,0,0,2,2,2,2,0,0,0,2
121,3980.792,-3476.106,-309.267,-65.961,0.395637,0.907595,0.140508,-0.913370,0.404836,-0.043156,-0.096051,-0.111261,0.989139,0,0.92450,-1.00000,55.470,-2.000,775.000,350.000,-1,375.000,-1,300.000,300.000,300.000,325.000,-1,-1,-1,-1,575.000,675.000,750.000,-1,0,0,2,0,2,0,0,0,0,2,2,2,2,0,0,0,2
122,4001.605,-3527.525,-313.816,-67.961,0.364640,0.921129,0.136231,-0.927005,0.372898,-0.040107,-0.087744,-0.111662,0.989865,0,0.92450,-1.00000,55.470,-2.000,800.000,350.000,-1,375.000,-1,300.000,300.000,300.000,325.000,-1,675.000,-1,-1,575.000,700.000,750.000,-1,0,0,2,0,2,0,0,0,0,2,0,2,2,0,0,0,2
123,4020.611,-3579.639,-318.091,-69.961,0.333176,0.933563,0.132116,-0.939516,0.340516,-0.036857,-0.079396,-0.111845,0.990549,0,0.92450,-1.00000,55.470,-2.000,800.000,350.000,-1,375.000,-1,300.000,300.000,325.000,325.000,-1,475.000,400.000,-1,575.000,725.000,825.000,-1,0,0,2,0,2,0,0,0,0,2,0,0,2,0,0,0,2
124,4036.983,-3629.211,-321.885,-71.721,0.305173,0.943598,0.128419,-0.949588,0.311689,-0.033643,-0.071772,-0.111678,0.991149,0,0.87007,-0.88000,52.204,-1.760,875.000,350.000,-1,375.000,-1,300.000,300.000,325.000,325.000,-1,425.000,350.000,-1,600.000,750.000,925.000,-1,0,0,2,0,2,0,0,0,0,2,0,0,2,0,0,0,2
125,4052.034,-3679.201,-325.474,-73.241,0.280825,0.951598,0.124890,-0.957580,0.286569,-0.030316,-0.064638,-0.111079,0.991707,0,0.87007,-0.76000,52.204,-1.520,-1,350.000,-1,400.000,-1,300.000,300.000,325.000,325.000,-1,400.000,300.000,-1,600.000,775.000,-1,-1,2,0,2,0,2,0,0,0,0,2,0,0,2,0,0,2,2
126,4065.964,-3729.513,-328.880,-74.521,0.260245,0.957867,0.121504,-0.963799,0.265269,-0.026902,-0.057999,-0.110104,0.992226,0,0.87007,-0.64000,52.204,-1.280,-1,350.000,-1,400.000,-1,300.000,300.000,325.000,325.000,-1,375.000,275.000,-1,625.000,800.000,-1,-1,2,0,2,0,2,0,0,0,0,2,0,0,2,0,0,2,2
127,4078.894,-3780.092,-332.122,-75.656,0.241926,0.963064,0.118237,-0.968918,0.246272,-0.023415,-0.051668,-0.108897,0.992709,0,0.87007,-0.56765,52.204,-1.135,-1,350.000,-1,400.000,-1,300.000,325.000,325.000,325.000,-1,350.000,250.000,-1,650.000,825.000,-1,-1,2,0,2,0,2,0,0,0,0,2,0,0,2,0,0,2,2
128,4090.819,-3830.917,-335.113,-76.791,0.223462,0.967931,0.114779,-0.973641,0.227183,-0.020264,-0.045690,-0.107225,0.993184,0,0.87007,-0.56765,52.204,-1.135,-1,350.000,-1,400.000,-1,300.000,325.000,325.000,325.000,-1,325.000,250.000,-1,650.000,875.000,-1,-1,2,0,2,0,2,0,0,0,0,2,0,0,2,0,0,2,2
129,4101.735,-3881.969,-337.884,-77.926,0.204847,0.972413,0.111582,-0.977977,0.207997,-0.017241,-0.039974,-0.105593,0.993606,0,0.87007,-0.56765,52.204,-1.135,-1,375.000,-1,425.000,-1,300.000,325.000,300.000,325.000,-1,325.000,225.000,-1,675.000,925.000,-1,-1,2,0,2,0,2,0,0,0,0,2,0,0,2,0,0,2,2
130,4111.637,-3933.226,-340.451,-79.062,0.186033,0.976500,0.108809,-0.981919,0.188720,-0.014849,-0.035034,-0.104080,0.993952,0,0.87007,-0.56765,52.204,-1.135,-1,375.000,-1,425.000,-1,325.000,325.000,300.000,325.000,-1,325.000,225.000,-1,700.000,975.000,-1,-1,2,0,2,0,2,0,0,0,0,2,0,0,2,0,0,2,2
131,4120.522,-3984.670,-342.718,-80.197,0.167063,0.980284,0.105513,-0.985462,0.169376,-0.013292,-0.030901,-0.101759,0.994329,0,0.87007,-0.56765,52.204,-1.135,-1,375.000,-1,425.000,-1,325.000,325.000,300.000,325.000,-1,350.000,250.000,-1,700.000,-1,-1,-1,2,0,2,0,2,0,0,0,0,2,0,0,2,0,2,2,2
132,4128.385,-4036.280,-344.721,-81.332,0.147748,0.983724,0.102266,-0.988589,0.149962,-0.014273,-0.029377,-0.098990,0.994655,0,0.87007,-0.56765,52.204,-1.135,-1,375.000,-1,425.000,-1,325.000,325.000,300.000,325.000,-1,425.000,300.000,-1,725.000,-1,-1,-1,2,0,2,0,2,0,0,0,0,2,0,0,2,0,2,2,2
133,4135.225,-4088.036,-346.606,-82.468,0.128335,0.986762,0.099153,-0.991332,0.130477,-0.015400,-0.028133,-0.096317,0.994953,0,0.87007,-0.56765,52.204,-1.135,-1,375.000,-1,425.000,-1,325.000,325.000,300.000,325.000,-1,500.000,350.000,-1,750.000,-1,-1,-1,2,0,2,0,2,0,0,0,0,2,0,0,2,0,2,2,2
