timestep,x_cm,y_cm,z_cm,yaw_deg,basis_xx,basis_xy,basis_xz,basis_yx,basis_yy,basis_yz,basis_zx,basis_zy,basis_zz,teleport_flag,throttle_cmd,steering_cmd,cmd_move_cm,cmd_turn_deg,lidar_cm_0,lidar_cm_1,lidar_cm_2,lidar_cm_3,lidar_cm_4,lidar_cm_5,lidar_cm_6,lidar_cm_7,lidar_cm_8,lidar_cm_9,lidar_cm_10,lidar_cm_11,lidar_cm_12,lidar_cm_13,lidar_cm_14,lidar_cm_15,lidar_cm_16,lidar_class_0,lidar_class_1,lidar_class_2,lidar_class_3,lidar_class_4,lidar_class_5,lidar_class_6,lidar_class_7,lidar_class_8,lidar_class_9,lidar_class_10,lidar_class_11,lidar_class_12,lidar_class_13,lidar_class_14,lidar_class_15,lidar_class_16
0,8202.195,4923.205,151.954,50.671,0.633622,-0.773513,0.014161,0.773398,0.633776,0.013539,-0.019448,0.002373,0.999808,1,0.08000,0.12000,4.800,0.240,-1,425.000,-1,400.000,-1,325.000,325.000,325.000,125.000,-1,-1,-1,-1,900.000,800.000,-1,-1,2,0,2,0,2,0,0,0,1,2,2,2,2,0,0,2,2
1,8208.217,4930.681,151.782,51.151,0.627109,-0.778795,0.014569,0.778669,0.627274,0.014246,-0.020233,0.002410,0.999792,0,0.16000,0.24000,9.600,0.480,-1,425.000,-1,400.000,-1,325.000,325.000,325.000,125.000,-1,-1,-1,-1,875.000,800.000,-1,-1,2,0,2,0,2,0,0,0,1,2,2,2,2,0,0,2,2
2,8217.137,4941.986,152.879,51.726,0.619273,-0.785055,0.013739,0.784766,0.619421,0.021452,-0.025352,-0.002503,0.999675,0,0.24000,0.28771,14.400,0.575,-1,400.000,-1,400.000,-1,325.000,325.000,325.000,125.000,-1,-1,-1,-1,850.000,775.000,-1,-1,2,0,2,0,2,0,0,0,1,2,2,2,2,0,0,2,2
3,8228.877,4957.179,154.193,52.302,0.611408,-0.791214,0.012670,0.790681,0.611480,0.030250,-0.031681,-0.008477,0.999462,0,0.32000,0.28789,19.200,0.576,-1,400.000,-1,400.000,-1,325.000,325.000,325.000,150.000,-1,-1,-1,-1,800.000,750.000,-1,-1,2,0,2,0,2,0,0,0,1,2,2,2,2,0,0,2,2
4,8243.360,4976.317,155.528,52.878,0.603517,-0.797267,0.011541,0.796415,0.603446,0.039700,-0.038616,-0.014768,0.999145,0,0.40000,0.28817,24.000,0.576,-1,375.000,-1,375.000,-1,325.000,325.000,300.000,150.000,-1,-1,-1,-1,750.000,750.000,-1,-1,2,0,2,0,2,0,0,0,1,2,2,2,2,0,0,2,2
5,8260.508,4999.457,156.766,53.455,0.595594,-0.803217,0.010475,0.801980,0.595319,0.049225,-0.045775,-0.020917,0.998733,0,0.48000,0.28860,28.800,0.577,-1,375.000,-1,375.000,-1,300.000,300.000,300.000,175.000,-1,-1,-1,425.000,725.000,725.000,-1,-1,2,0,2,0,2,0,0,0,1,2,2,2,1,0,0,2,2
6,8280.239,5026.654,157.670,54.034,0.587639,-0.809072,0.009104,0.807426,0.587098,0.058142,-0.052387,-0.026816,0.998267,0,0.56000,0.28920,33.600,0.578,-1,375.000,-1,375.000,-1,300.000,300.000,300.000,200.000,-1,-1,-1,400.000,700.000,725.000,-1,-1,2,0,2,0,2,0,0,0,1,2,2,2,1,0,0,2,2
7,8302.474,5057.963,157.871,54.614,0.579663,-0.814830,0.006535,0.812842,0.578774,0.065638,-0.057266,-0.032736,0.997822,0,0.64000,0.29003,38.400,0.580,-1,350.000,-1,375.000,-1,300.000,300.000,300.000,225.000,-1,-1,-1,375.000,675.000,725.000,-1,-1,2,0,2,0,2,0,0,0,1,2,2,2,1,0,0,2,2
8,8327.129,5093.436,157.449,55.196,0.571562,-0.820547,0.004321,0.818313,0.570379,0.070934,-0.060669,-0.037007,0.997472,0,0.72000,0.29113,43.200,0.582,-1,350.000,-1,375.000,-1,300.000,300.000,300.000,250.000,-1,-1,-1,350.000,650.000,725.000,-1,-1,2,0,2,0,2,0,0,0,1,2,2,2,1,0,0,2,2
9,8354.121,5133.128,156.214,55.781,0.563269,-0.826269,0.002776,0.823945,0.561930,0.073137,-0.061991,-0.038908,0.997318,0,0.80000,0.29254,48.000,0.585,-1,350.000,-1,375.000,-1,300.000,300.000,300.000,300.000,-1,-1,-1,325.000,650.000,725.000,-1,-1,2,0,2,0,2,0,0,0,1,2,2,2,1,0,0,2,2
10,8383.364,5177.090,153.936,56.370,0.554719,-0.832035,0.002229,0.829823,0.553436,0.071427,-0.060663,-0.037772,0.997443,0,0.88000,0.29431,52.800,0.589,-1,350.000,-1,375.000,-1,300.000,300.000,300.000,350.000,-1,-1,-1,300.000,650.000,725.000,-1,-1,2,0,2,0,2,0,0,0,1,2,2,2,1,0,0,2,2
11,8413.895,5224.031,150.487,56.963,0.545879,-0.837858,0.003015,0.835975,0.544887,0.065154,-0.056233,-0.033046,0.997871,0,0.93329,0.29650,55.997,0.593,-1,375.000,-1,375.000,-1,300.000,300.000,300.000,375.000,-1,-1,-1,300.000,675.000,725.000,-1,-1,2,0,2,0,2,0,0,0,0,2,2,2,1,0,0,2,2
12,8443.839,5271.136,146.038,57.561,0.536782,-0.843704,0.005324,0.842314,0.536240,0.054344,-0.048705,-0.024686,0.998508,0,0.93030,0.29906,55.818,0.598,-1,375.000,-1,375.000,-1,300.000,300.000,300.000,350.000,-1,-1,-1,300.000,725.000,750.000,-1,-1,2,0,2,0,2,0,0,0,0,2,2,2,1,0,0,2,2
13,8473.210,5318.433,140.603,58.165,0.527511,-0.849497,0.009283,0.848693,0.527439,0.039099,-0.038111,-0.012747,0.999192,0,0.92794,0.30184,55.676,0.604,-1,400.000,-1,400.000,-1,325.000,325.000,325.000,325.000,-1,-1,-1,275.000,775.000,775.000,-1,-1,2,0,2,0,2,0,0,0,0,2,2,2,1,0,0,2,2
14,8502.019,5365.953,138.263,58.774,0.518443,-0.855067,0.008777,0.854308,0.518373,0.038034,-0.037072,-0.012220,0.999238,0,0.92618,0.30483,55.571,0.610,-1,400.000,-1,400.000,-1,325.000,325.000,325.000,325.000,-1,-1,-1,325.000,775.000,775.000,-1,-1,2,0,2,0,2,0,0,0,0,2,2,2,1,0,0,2,2
15,8530.278,5413.719,136.131,59.390,0.509241,-0.860588,0.007893,0.859844,0.509149,0.037888,-0.036625,-0.012507,0.999251,0,0.92499,0.30800,55.499,0.616,-1,400.000,-1,400.000,-1,325.000,325.000,325.000,325.000,-1,-1,-1,350.000,775.000,800.000,-1,-1,2,0,2,0,2,0,0,0,0,2,2,2,1,0,0,2,2
16,8557.998,5461.755,133.722,60.013,0.499840,-0.866077,0.008360,0.865319,0.499770,0.038103,-0.037178,-0.011811,0.999239,0,0.92433,0.31134,55.460,0.623,-1,400.000,-1,400.000,-1,325.000,325.000,325.000,325.000,-1,-1,-1,400.000,775.000,775.000,-1,-1,2,0,2,0,2,0,0,0,0,2,2,2,1,0,0,2,2
17,8585.182,5510.084,131.305,60.643,0.490272,-0.871524,0.008898,0.870744,0.490226,0.038517,-0.037930,-0.011136,0.999218,0,0.92416,0.31484,55.450,0.630,-1,400.000,-1,400.000,-1,325.000,325.000,325.000,325.000,-1,-1,-1,425.000,775.000,775.000,-1,-1,2,0,2,0,2,0,0,0,0,2,2,2,1,0,0,2,2
18,8611.836,5558.727,128.880,61.280,0.480546,-0.876923,0.009051,0.876120,0.480509,0.039052,-0.038595,-0.010836,0.999196,0,0.92444,0.31848,55.467,0.637,-1,400.000,-1,400.000,-1,325.000,325.000,325.000,325.000,-1,-1,-1,475.000,750.000,775.000,-1,-1,2,0,2,0,2,0,0,0,0,2,2,2,1,0,0,2,2
19,8637.961,5607.703,126.502,61.924,0.470649,-0.882274,0.009103,0.881443,0.470615,0.039748,-0.039352,-0.010683,0.999168,0,0.92513,0.32225,55.508,0.644,-1,400.000,-1,400.000,-1,325.000,325.000,325.000,325.000,-1,-1,-1,525.000,750.000,750.000,-1,-1,2,0,2,0,2,0,0,0,0,2,2,2,1,0,0,2,2
20,8663.555,5657.030,124.184,62.576,0.460573,-0.887575,0.009127,0.886709,0.460541,0.040615,-0.040252,-0.010614,0.999133,0,0.92620,0.32614,55.572,0.652,-1,400.000,-1,400.000,-1,325.000,325.000,300.000,300.000,-1,-1,-1,575.000,750.000,750.000,-1,-1,2,0,2,0,2,0,0,0,0,2,2,2,1,0,0,2,2
21,8688.618,5706.724,121.926,63.237,0.450316,-0.892823,0.009115,0.891914,0.450283,0.041651,-0.041291,-0.010626,0.999091,0,0.92760,0.33014,55.656,0.660,-1,400.000,-1,400.000,-1,325.000,325.000,300.000,300.000,-1,-1,-1,625.000,725.000,750.000,-1,-1,2,0,2,0,2,0,0,0,0,2,2,2,1,0,0,2,2
22,8713.144,5756.799,119.709,63.905,0.439875,-0.898014,0.008984,0.897057,0.439835,0.042837,-0.042420,-0.010784,0.999042,0,0.92931,0.33424,55.759,0.668,-1,375.000,-1,400.000,-1,325.000,325.000,300.000,300.000,-1,-1,-1,700.000,725.000,725.000,-1,-1,2,0,2,0,2,0,0,0,0,2,2,2,1,0,0,2,2
23,8737.128,5807.268,117.491,64.582,0.429256,-0.903143,0.008525,0.902134,0.429193,0.044120,-0.043505,-0.011248,0.998990,0,0.93130,0.33844,55.878,0.677,-1,375.000,-1,400.000,-1,325.000,325.000,300.000,300.000,-1,-1,-1,750.000,725.000,725.000,-1,-1,2,0,2,0,2,0,0,0,0,2,2,2,1,0,0,2,2
24,8760.563,5858.143,115.407,65.267,0.418435,-0.908210,0.008137,0.907165,0.418357,0.045044,-0.044313,-0.011466,0.998952,0,0.93354,0.34273,56.013,0.685,-1,375.000,-1,375.000,-1,300.000,325.000,300.000,300.000,-1,-1,-1,800.000,700.000,725.000,-1,-1,2,0,2,0,2,0,0,0,0,2,2,2,1,0,0,2,2
25,8783.440,5909.433,113.300,65.962,0.407402,-0.913214,0.007930,0.912153,0.407324,0.045428,-0.044715,-0.011274,0.998936,0,0.93602,0.34710,56.161,0.694,-1,375.000,-1,375.000,-1,300.000,325.000,300.000,325.000,-1,-1,-1,875.000,700.000,725.000,-1,-1,2,0,2,0,2,0,0,0,0,2,2,2,1,0,0,2,2
26,8805.749,5961.148,111.189,66.665,0.396168,-0.918146,0.007685,0.917073,0.396088,0.045729,-0.045030,-0.011069,0.998924,0,0.93869,0.35155,56.322,0.703,-1,375.000,-1,375.000,-1,300.000,300.000,300.000,325.000,-1,-1,925.000,925.000,700.000,725.000,-1,-1,2,0,2,0,2,0,0,0,0,2,2,1,1,0,0,2,2
27,8827.481,6013.294,108.754,67.377,0.384687,-0.923011,0.008125,0.921982,0.384651,0.044639,-0.044327,-0.009680,0.998970,0,0.94156,0.35607,56.494,0.712,-1,375.000,-1,375.000,-1,300.000,300.000,300.000,325.000,-1,-1,950.000,1000.000,700.000,700.000,-1,-1,2,0,2,0,2,0,0,0,0,2,2,1,1,0,0,2,2
28,8848.622,6065.879,106.444,68.098,0.373023,-0.927788,0.007937,0.926822,0.373004,0.043227,-0.043066,-0.008768,0.999034,0,0.94460,0.36066,56.676,0.721,-1,375.000,-1,375.000,-1,300.000,300.000,325.000,325.000,-1,-1,975.000,-1,700.000,725.000,-1,-1,2,0,2,0,2,0,0,0,0,2,2,1,2,0,0,2,2
29,8869.160,6118.908,104.186,68.829,0.361156,-0.932475,0.007543,0.931573,0.361145,0.041775,-0.041678,-0.008060,0.999099,0,0.94779,0.36531,56.867,0.731,-1,375.000,-1,375.000,-1,300.000,300.000,325.000,325.000,-1,-1,-1,-1,700.000,725.000,-1,-1,2,0,2,0,2,0,0,0,0,2,2,2,2,0,0,2,2
30,8889.082,6172.385,101.937,69.569,0.349079,-0.937066,0.007130,0.936227,0.349073,0.040336,-0.040286,-0.007405,0.999161,0,0.95112,0.37003,57.067,0.740,-1,375.000,-1,375.000,-1,300.000,325.000,325.000,325.000,-1,-1,-1,-1,700.000,725.000,-1,-1,2,0,2,0,2,0,0,0,0,2,2,2,2,0,0,2,2
31,8906.899,6221.522,99.896,70.069,0.340887,-0.940080,0.006741,0.939295,0.340882,0.039031,-0.038990,-0.006974,0.999215,0,0.87112,0.25003,52.267,0.500,-1,375.000,-1,375.000,-1,325.000,325.000,325.000,325.000,-1,-1,-1,-1,700.000,725.000,-1,-1,2,0,2,0,2,0,0,0,0,2,2,2,2,0,0,2,2
32,8922.878,6266.219,98.058,70.329,0.336620,-0.941619,0.006374,0.940882,0.336612,0.037850,-0.037786,-0.006744,0.999263,0,0.79112,0.13003,47.467,0.260,-1,375.000,-1,375.000,-1,325.000,325.000,325.000,325.000,-1,-1,-1,-1,700.000,725.000,-1,-1,2,0,2,0,2,0,0,0,0,2,2,2,2,0,0,2,2
33,8937.226,6306.401,96.420,70.349,0.336295,-0.941737,0.006029,0.941042,0.336283,0.036788,-0.036672,-0.006698,0.999305,0,0.71112,0.01003,42.667,0.020,-1,375.000,-1,375.000,-1,325.000,325.000,325.000,325.000,-1,-1,-1,-1,700.000,725.000,-1,-1,2,0,2,0,2,0,0,0,0,2,2,2,2,0,0,2,2
34,8950.986,6344.471,94.881,70.129,0.339916,-0.940439,0.005683,0.939783,0.339895,0.035772,-0.035572,-0.006819,0.999344,0,0.67467,-0.10997,40.480,-0.220,-1,375.000,-1,375.000,-1,325.000,325.000,325.000,325.000,-1,-1,-1,-1,700.000,725.000,-1,-1,2,0,2,0,2,0,0,0,0,2,2,2,2,0,0,2,2
35,8965.106,6382.579,93.351,69.669,0.347464,-0.937678,0.005312,0.937061,0.347432,0.034738,-0.034419,-0.007093,0.999382,0,0.67733,-0.22997,40.640,-0.460,-1,375.000,-1,375.000,-1,325.000,325.000,325.000,325.000,-1,-1,-1,-1,700.000,725.000,-1,-1,2,0,2,0,2,0,0,0,0,2,2,2,2,0,0,2,2
36,8979.748,6420.662,91.832,68.969,0.358905,-0.933361,0.004910,0.932783,0.358860,0.033683,-0.033200,-0.007509,0.999421,0,0.68001,-0.34997,40.800,-0.700,-1,375.000,-1,375.000,-1,300.000,325.000,325.000,325.000,-1,-1,-1,-1,700.000,725.000,-1,-1,2,0,2,0,2,0,0,0,0,2,2,2,2,0,0,2,2
37,8994.967,6458.691,90.385,68.189,0.371588,-0.928385,0.004846,0.927835,0.371540,0.032865,-0.032311,-0.007716,0.999448,0,0.68269,-0.39023,40.961,-0.780,-1,375.000,-1,375.000,-1,300.000,325.000,325.000,325.000,-1,900.000,-1,-1,700.000,750.000,-1,-1,2,0,2,0,2,0,0,0,0,2,0,2,2,0,0,2,2
38,9010.760,6496.659,89.012,67.415,0.384083,-0.923285,0.005018,0.922763,0.384040,0.031976,-0.031450,-0.007651,0.999476,0,0.68537,-0.38678,41.122,-0.774,-1,375.000,-1,375.000,-1,300.000,300.000,325.000,300.000,-1,725.000,650.000,-1,700.000,750.000,-1,-1,2,0,2,0,2,0,0,0,0,2,0,0,2,0,0,2,2
39,9027.064,6534.413,87.769,66.642,0.396496,-0.918020,0.005460,0.917539,0.396470,0.030565,-0.030224,-0.007109,0.999518,0,0.68539,-0.38674,41.124,-0.773,-1,375.000,-1,375.000,-1,300.000,300.000,325.000,325.000,-1,700.000,600.000,-1,700.000,750.000,-1,-1,2,0,2,0,2,0,0,0,0,2,0,0,2,0,0,2,2
40,9043.877,6571.942,86.546,65.868,0.408838,-0.912588,0.005883,0.912146,0.408828,0.029144,-0.029002,-0.006549,0.999558,0,0.68539,-0.38674,41.124,-0.773,-1,375.000,-1,375.000,-1,300.000,300.000,325.000,325.000,-1,675.000,600.000,-1,700.000,775.000,-1,-1,2,0,2,0,2,0,0,0,0,2,0,0,2,0,0,2,2
41,9061.195,6609.241,85.344,65.095,0.421107,-0.906989,0.006286,0.906585,0.421112,0.027713,-0.027782,-0.005971,0.999596,0,0.68539,-0.38674,41.124,-0.773,-1,375.000,-1,375.000,-1,300.000,300.000,325.000,325.000,-1,650.000,575.000,-1,700.000,775.000,-1,-1,2,0,2,0,2,0,0,0,0,2,0,0,2,0,0,2,2
42,9079.015,6646.303,84.233,64.321,0.433305,-0.901224,0.006530,0.900849,0.433318,0.026566,-0.026771,-0.005628,0.999626,0,0.68539,-0.38674,41.124,-0.773,-1,375.000,-1,375.000,-1,300.000,300.000,325.000,325.000,-1,650.000,575.000,-1,700.000,775.000,-1,-1,2,0,2,0,2,0,0,0,0,2,0,0,2,0,0,2,2
43,9097.334,6683.122,83.195,63.548,0.445428,-0.895293,0.006665,0.894942,0.445445,0.025628,-0.025914,-0.005451,0.999649,0,0.68539,-0.38674,41.124,-0.773,-1,375.000,-1,375.000,-1,300.000,300.000,325.000,325.000,-1,675.000,575.000,-1,700.000,800.000,-1,-1,2,0,2,0,2,0,0,0,0,2,0,0,2,0,0,2,2
44,9116.148,6719.689,82.227,62.774,0.457475,-0.889198,0.006568,0.888874,0.457490,0.024628,-0.024904,-0.005428,0.999675,0,0.68539,-0.38674,41.124,-0.773,-1,375.000,-1,400.000,-1,300.000,300.000,325.000,325.000,-1,675.000,600.000,-1,700.000,800.000,-1,-1,2,0,2,0,2,0,0,0,0,2,0,0,2,0,0,2,2
45,9135.454,6755.999,81.400,62.001,0.469450,-0.882939,0.005910,0.882645,0.469451,0.023513,-0.023535,-0.005821,0.999706,0,0.68539,-0.38674,41.124,-0.773,-1,375.000,-1,400.000,-1,300.000,300.000,325.000,325.000,-1,675.000,600.000,-1,700.000,825.000,-1,-1,2,0,2,0,2,0,0,0,0,2,0,0,2,0,0,2,2
46,9152.804,6787.911,80.532,61.467,0.477645,-0.878532,0.006071,0.878256,0.477652,0.022667,-0.022814,-0.005495,0.999725,0,0.60539,-0.26674,36.324,-0.533,-1,375.000,-1,400.000,-1,300.000,300.000,325.000,325.000,-1,700.000,600.000,-1,700.000,825.000,-1,-1,2,0,2,0,2,0,0,0,0,2,0,0,2,0,0,2,2
47,9168.003,6815.529,79.724,61.174,0.482128,-0.876076,0.006546,0.875814,0.482148,0.021988,-0.022419,-0.004868,0.999737,0,0.52539,-0.14674,31.524,-0.293,-1,375.000,-1,400.000,-1,300.000,300.000,325.000,325.000,-1,700.000,600.000,-1,700.000,825.000,-1,-1,2,0,2,0,2,0,0,0,0,2,0,0,2,0,0,2,2
48,9180.910,6838.929,79.061,61.120,0.482936,-0.875628,0.006921,0.875377,0.482967,0.021410,-0.022090,-0.004281,0.999747,0,0.44539,-0.02674,26.724,-0.053,-1,375.000,-1,400.000,-1,300.000,300.000,325.000,325.000,-1,725.000,625.000,-1,700.000,825.000,-1,-1,2,0,2,0,2,0,0,0,0,2,0,0,2,0,0,2,2
49,9191.436,6858.160,78.537,61.307,0.480075,-0.877198,0.007190,0.876956,0.480114,0.020941,-0.021821,-0.003748,0.999755,0,0.36539,0.09326,21.924,0.187,-1,375.000,-1,400.000,-1,300.000,300.000,325.000,325.000,-1,725.000,625.000,-1,700.000,825.000,-1,-1,2,0,2,0,2,0,0,0,0,2,0,0,2,0,0,2,2
50,9199.545,6873.242,78.150,61.733,0.473526,-0.880749,0.007349,0.880515,0.473572,0.020585,-0.021610,-0.003277,0.999761,0,0.28539,0.21326,17.124,0.427,-1,375.000,-1,400.000,-1,300.000,300.000,325.000,325.000,-1,725.000,625.000,-1,725.000,825.000,-1,-1,2,0,2,0,2,0,0,0,0,2,0,0,2,0,0,2,2
51,9205.299,6884.140,77.882,62.171,0.466786,-0.884339,0.007438,0.884110,0.466836,0.020335,-0.021455,-0.002916,0.999766,0,0.20539,0.21868,12.324,0.437,-1,375.000,-1,400.000,-1,300.000,300.000,325.000,325.000,-1,725.000,625.000,-1,725.000,825.000,-1,-1,2,0,2,0,2,0,0,0,0,2,0,0,2,0,0,2,2
52,9208.760,6890.820,77.731,62.608,0.460019,-0.887878,0.007461,0.887652,0.460072,0.020190,-0.021359,-0.002665,0.999768,0,0.12539,0.21868,7.524,0.437,-1,375.000,-1,400.000,-1,300.000,300.000,325.000,325.000,-1,725.000,625.000,-1,725.000,825.000,-1,-1,2,0,2,0,2,0,0,0,0,2,0,0,2,0,0,2,2
53,9209.995,6893.248,77.696,63.045,0.453228,-0.891364,0.007420,0.891140,0.453282,0.020148,-0.021323,-0.002519,0.999769,0,0.04539,0.21868,2.724,0.437,-1,375.000,-1,400.000,-1,300.000,300.000,325.000,325.000,-1,725.000,625.000,-1,725.000,825.000,-1,-1,2,0,2,0,2,0,0,0,0,2,0,0,2,0,0,2,2
54,9209.068,6891.390,77.776,63.483,0.446411,-0.894798,0.007320,0.894573,0.446465,0.020209,-0.021351,-0.002474,0.999769,0,-0.03461,0.21868,-2.076,0.437,-1,375.000,-1,400.000,-1,300.000,300.000,325.000,325.000,-1,700.000,625.000,-1,725.000,825.000,-1,-1,2,0,2,0,2,0,0,0,0,2,0,0,2,0,0,2,2
55,9206.045,6885.214,77.971,63.920,0.439570,-0.898180,0.007163,0.897952,0.439621,0.020372,-0.021446,-0.002523,0.999767,0,-0.11461,0.21868,-6.876,0.437,-1,375.000,-1,400.000,-1,300.000,300.000,325.000,325.000,-1,700.000,600.000,-1,725.000,825.000,-1,-1,2,0,2,0,2,0,0,0,0,2,0,0,2,0,0,2,2
56,9200.992,6874.687,78.281,64.358,0.432705,-0.901509,0.006954,0.901277,0.432752,0.020634,-0.021612,-0.002661,0.999763,0,-0.19461,0.21868,-11.676,0.437,-1,375.000,-1,400.000,-1,300.000,300.000,325.000,325.000,-1,700.000,600.000,-1,725.000,825.000,-1,-1,2,0,2,0,2,0,0,0,0,2,0,0,2,0,0,2,2
57,9194.918,6861.783,78.654,64.795,0.425815,-0.904785,0.006724,0.904547,0.425858,0.020948,-0.021817,-0.002838,0.999758,0,-0.23770,0.21868,-14.262,0.437,-1,375.000,-1,400.000,-1,300.000,300.000,325.000,325.000,-1,675.000,600.000,-1,725.000,800.000,-1,-1,2,0,2,0,2,0,0,0,0,2,0,0,2,0,0,2,2
58,9188.943,6848.833,79.029,65.232,0.418900,-0.908009,0.006500,0.907765,0.418939,0.021258,-0.022026,-0.003005,0.999753,0,-0.23770,0.21868,-14.262,0.437,-1,375.000,-1,400.000,-1,300.000,300.000,325.000,325.000,-1,675.000,600.000,-1,725.000,800.000,-1,-1,2,0,2,0,2,0,0,0,0,2,0,0,2,0,0,2,2
59,9185.081,6840.195,79.306,65.910,0.408139,-0.912898,0.006279,0.912651,0.408176,0.021462,-0.022156,-0.003029,0.999750,0,-0.15770,0.33868,-9.462,0.677,-1,375.000,-1,400.000,-1,300.000,300.000,325.000,325.000,-1,650.000,575.000,-1,725.000,800.000,-1,-1,2,0,2,0,2,0,0,0,0,2,0,0,2,0,0,2,2
60,9183.246,6835.910,79.484,66.827,0.393472,-0.919317,0.006052,0.919068,0.393508,0.021555,-0.022197,-0.002919,0.999749,0,-0.07770,0.45868,-4.662,0.917,-1,375.000,-1,400.000,-1,300.000,300.000,325.000,325.000,-1,650.000,575.000,-1,725.000,800.000,-1,-1,2,0,2,0,2,0,0,0,0,2,0,0,2,0,0,2,2
61,9183.298,6836.037,79.564,67.984,0.374824,-0.927078,0.005807,0.926832,0.374859,0.021531,-0.022138,-0.002688,0.999751,0,0.00230,0.57868,0.138,1.157,-1,375.000,-1,400.000,-1,300.000,300.000,325.000,325.000,-1,625.000,575.000,-1,725.000,800.000,-1,-1,2,0,2,0,2,0,0,0,0,2,0,0,2,0,0,2,2
62,9185.053,6840.653,79.533,69.184,0.355327,-0.934725,0.005574,0.934484,0.355363,0.021391,-0.021975,-0.002392,0.999756,0,0.08230,0.59997,4.938,1.200,-1,375.000,-1,400.000,-1,300.000,300.000,325.000,350.000,-1,625.000,575.000,-1,725.000,800.000,-1,-1,2,0,2,0,2,0,0,0,0,2,0,0,2,0,0,2,2
63,9188.322,6849.826,79.391,70.384,0.335675,-0.941963,0.005353,0.941728,0.335711,0.021133,-0.021704,-0.002052,0.999762,0,0.16230,0.59997,9.738,1.200,-1,375.000,-1,400.000,-1,300.000,300.000,325.000,350.000,-1,600.000,575.000,-1,725.000,800.000,-1,-1,2,0,2,0,2,0,0,0,0,2,0,0,2,0,0,2,2
64,9192.915,6863.619,79.140,71.584,0.315874,-0.948787,0.005138,0.948562,0.315911,0.020758,-0.021318,-0.001683,0.999771,0,0.24230,0.59997,14.538,1.200,-1,375.000,-1,375.000,-1,300.000,300.000,325.000,350.000,-1,600.000,600.000,-1,725.000,775.000,-1,-1,2,0,2,0,2,0,0,0,0,2,0,0,2,0,0,2,2
65,9198.638,6882.091,78.781,72.784,0.295935,-0.955195,0.004923,0.954981,0.295973,0.020262,-0.020811,-0.001295,0.999783,0,0.32230,0.59997,19.338,1.200,-1,375.000,-1,375.000,-1,300.000,300.000,325.000,350.000,-1,600.000,600.000,-1,750.000,775.000,-1,-1,2,0,2,0,2,0,0,0,0,2,0,0,2,0,0,2,2
66,9205.298,6905.292,78.314,73.984,0.275867,-0.961184,0.004673,0.960984,0.275905,0.019633,-0.020160,-0.000925,0.999796,0,0.40230,0.59997,24.138,1.200,-1,375.000,-1,375.000,-1,300.000,300.000,325.000,350.000,-1,600.000,600.000,-1,750.000,775.000,-1,-1,2,0,2,0,2,0,0,0,0,2,0,0,2,0,0,2,2
67,9212.698,6933.268,77.723,75.184,0.255681,-0.966752,0.004296,0.966569,0.255716,0.018825,-0.019298,-0.000661,0.999814,0,0.48230,0.59997,28.938,1.200,-1,375.000,-1,375.000,-1,300.000,300.000,325.000,350.000,-1,600.000,600.000,-1,750.000,775.000,-1,-1,2,0,2,0,2,0,0,0,0,2,0,0,2,0,0,2,2
68,9220.640,6966.057,77.033,76.384,0.235383,-0.971895,0.003892,0.971730,0.235415,0.017876,-0.018290,-0.000426,0.999833,0,0.56230,0.59997,33.738,1.200,-1,375.000,-1,375.000,-1,325.000,300.000,325.000,350.000,-1,600.000,600.000,-1,750.000,775.000,-1,-1,2,0,2,0,2,0,0,0,0,2,0,0,2,0,0,2,2
69,9228.926,7003.694,76.248,77.584,0.214983,-0.976612,0.003458,0.976467,0.215011,0.016780,-0.017132,-0.000231,0.999853,0,0.64230,0.59997,38.538,1.200,-1,400.000,-1,375.000,-1,325.000,300.000,325.000,350.000,-1,600.000,600.000,-1,775.000,775.000,-1,-1,2,0,2,0,2,0,0,0,0,2,0,0,2,0,0,2,2
70,9237.356,7046.204,75.372,78.784,0.194489,-0.980900,0.002992,0.980777,0.194512,0.015533,-0.015819,-0.000087,0.999875,0,0.72230,0.59997,43.338,1.200,-1,400.000,-1,375.000,-1,325.000,325.000,325.000,350.000,-1,600.000,600.000,-1,775.000,775.000,-1,-1,2,0,2,0,2,0,0,0,0,2,0,0,2,0,0,2,2
71,9245.729,7093.608,74.408,79.984,0.173910,-0.984758,0.002490,0.984657,0.173928,0.014129,-0.014347,-0.000005,0.999897,0,0.80230,0.59997,48.138,1.200,-1,400.000,-1,400.000,-1,325.000,325.000,325.000,350.000,-1,600.000,600.000,-1,800.000,800.000,-1,-1,2,0,2,0,2,0,0,0,0,2,0,0,2,0,0,2,2
72,9253.759,7145.384,73.373,81.184,0.153255,-0.988185,0.001956,0.988105,0.153268,0.012577,-0.012728,0.000005,0.999919,0,0.87325,0.59997,52.395,1.200,-1,400.000,-1,400.000,-1,325.000,325.000,325.000,350.000,-1,550.000,575.000,-1,825.000,800.000,-1,-1,2,0,2,0,2,0,0,0,0,2,0,0,2,0,0,2,2
73,9260.265,7192.532,72.525,82.144,0.136678,-0.990614,0.001895,0.990547,0.136691,0.011538,-0.011689,0.000300,0.999932,0,0.79325,0.47997,47.595,0.960,-1,400.000,-1,400.000,-1,325.000,325.000,325.000,350.000,-1,550.000,575.000,-1,850.000,800.000,-1,-1,2,0,2,0,2,0,0,0,0,2,0,0,2,0,0,2,2
74,9266.079,7238.973,71.683,82.864,0.124221,-0.992253,0.001761,0.992190,0.124233,0.011210,-0.011342,0.000355,0.999936,0,0.78006,0.35997,46.804,0.720,-1,400.000,-1,400.000,-1,325.000,325.000,325.000,350.000,-1,550.000,600.000,-1,875.000,800.000,-1,-1,2,0,2,0,2,0,0,0,0,2,0,0,2,0,0,2,2
75,9271.505,7285.462,71.019,83.343,0.115912,-0.993259,0.001122,0.993187,0.115917,0.011913,-0.011963,-0.000266,0.999928,0,0.78006,0.23997,46.804,0.480,-1,400.000,-1,400.000,-1,325.000,325.000,325.000,350.000,-1,625.000,675.000,-1,875.000,825.000,-1,-1,2,0,2,0,2,0,0,0,0,2,0,0,2,0,0,2,2
76,9276.735,7331.972,70.327,83.583,0.111757,-0.993735,0.000607,0.993655,0.111756,0.012699,-0.012688,-0.000816,0.999919,0,0.78006,0.11997,46.804,0.240,-1,400.000,-1,400.000,-1,325.000,325.000,300.000,350.000,-1,700.000,750.000,-1,900.000,825.000,-1,-1,2,0,2,0,2,0,0,0,0,2,0,0,2,0,0,2,2
77,9281.966,7378.483,69.630,83.583,0.111765,-0.993735,0.000150,0.993644,0.111757,0.013517,-0.013449,-0.001362,0.999909,0,0.78006,-0.00003,46.804,-0.000,-1,400.000,-1,400.000,-1,325.000,325.000,300.000,350.000,-1,800.000,850.000,-1,900.000,825.000,-1,-1,2,0,2,0,2,0,0,0,0,2,0,0,2,0,0,2,2
78,9287.391,7424.971,68.926,83.343,0.115935,-0.993257,-0.000228,0.993155,0.115920,0.014364,-0.014241,-0.001892,0.999897,0,0.78006,-0.12003,46.804,-0.240,-1,400.000,-1,375.000,-1,325.000,325.000,300.000,350.000,-1,875.000,925.000,-1,900.000,825.000,-1,-1,2,0,2,0,2,0,0,0,0,2,0,0,2,0,0,2,2
79,9293.206,7471.412,68.216,82.863,0.124259,-0.992250,-0.000505,0.992136,0.124237,0.015235,-0.015054,-0.002394,0.999884,0,0.78006,-0.24003,46.804,-0.480,-1,400.000,-1,375.000,-1,325.000,325.000,300.000,350.000,-1,975.000,1000.000,-1,925.000,850.000,-1,-1,2,0,2,0,2,0,0,0,0,2,0,0,2,0,0,2,2
80,9299.604,7517.777,67.501,82.143,0.136725,-0.990609,-0.000658,0.990482,0.136697,0.016120,-0.015879,-0.002856,0.999870,0,0.78006,-0.36003,46.804,-0.720,-1,400.000,-1,375.000,-1,325.000,300.000,300.000,350.000,-1,-1,-1,-1,925.000,850.000,-1,-1,2,0,2,0,2,0,0,0,0,2,2,2,2,0,0,2,2
81,9306.778,7564.027,66.783,81.183,0.153309,-0.988178,-0.000666,0.988037,0.153276,0.017006,-0.016703,-0.003265,0.999855,0,0.78006,-0.48003,46.804,-0.960,-1,400.000,-1,375.000,-1,325.000,300.000,325.000,350.000,-1,-1,-1,-1,925.000,850.000,-1,-1,2,0,2,0,2,0,0,0,0,2,2,2,2,0,0,2,2
82,9314.919,7610.118,66.065,79.983,0.173974,-0.984750,-0.000506,0.984594,0.173938,0.017874,-0.017513,-0.003608,0.999840,0,0.78006,-0.60003,46.804,-1.200,-1,400.000,-1,400.000,-1,325.000,300.000,325.000,350.000,-1,-1,-1,-1,925.000,850.000,-1,-1,2,0,2,0,2,0,0,0,0,2,2,2,2,0,0,2,2
83,9324.097,7656.013,65.360,78.691,0.196140,-0.980576,-0.000221,0.980405,0.196102,0.018692,-0.018286,-0.003883,0.999825,0,0.78006,-0.64615,46.804,-1.292,-1,400.000,-1,400.000,-1,325.000,300.000,325.000,350.000,-1,-1,-1,-1,925.000,850.000,-1,-1,2,0,2,0,2,0,0,0,0,2,2,2,2,0,0,2,2
84,9335.028,7705.547,64.629,77.556,0.215515,-0.976501,0.000074,0.976314,0.215475,0.019506,-0.019063,-0.004132,0.999810,0,0.84543,-0.56716,50.726,-1.134,-1,400.000,-1,400.000,-1,325.000,325.000,325.000,350.000,-1,-1,-1,-1,925.000,850.000,-1,-1,2,0,2,0,2,0,0,0,0,2,2,2,2,0,0,2,2
85,9346.936,7754.855,63.923,76.422,0.234804,-0.972043,0.000451,0.971841,0.234764,0.020253,-0.019793,-0.004317,0.999795,0,0.84543,-0.56716,50.726,-1.134,-1,425.000,-1,400.000,-1,325.000,325.000,325.000,350.000,-1,-1,-1,-1,925.000,850.000,-1,-1,2,0,2,0,2,0,0,0,0,2,2,2,2,0,0,2,2
86,9359.819,7803.918,63.122,75.288,0.253999,-0.967204,0.000803,0.966996,0.253961,0.020566,-0.020095,-0.004447,0.999788,0,0.84543,-0.56716,50.726,-1.134,-1,425.000,-1,400.000,-1,325.000,325.000,325.000,350.000,-1,-1,-1,-1,925.000,850.000,-1,-1,2,0,2,0,2,0,0,0,0,2,2,2,2,0,0,2,2
87,9373.670,7852.716,61.820,74.153,0.273132,-0.961977,-0.000427,0.961742,0.273056,0.022183,-0.021223,-0.006470,0.999754,0,0.84543,-0.56716,50.726,-1.134,-1,425.000,-1,400.000,-1,325.000,325.000,325.000,350.000,-1,-1,-1,-1,925.000,850.000,-1,-1,2,0,2,0,2,0,0,0,0,2,2,2,2,0,0,2,2
88,9388.484,7901.231,60.417,73.019,0.292169,-0.956365,-0.001856,0.956098,0.292040,0.024271,-0.022670,-0.008866,0.999704,0,0.84543,-0.56716,50.726,-1.134,-1,425.000,-1,425.000,-1,325.000,325.000,300.000,350.000,-1,-1,-1,-1,900.000,850.000,-1,-1,2,0,2,0,2,0,0,0,0,2,2,2,2,0,0,2,2
89,9404.256,7949.443,58.990,71.885,0.311088,-0.950376,-0.002977,0.950081,0.310909,0.026114,-0.023893,-0.010952,0.999655,0,0.84543,-0.56716,50.726,-1.134,-1,425.000,-1,425.000,-1,325.000,325.000,300.000,350.000,-1,-1,-1,-1,900.000,850.000,-1,-1,2,0,2,0,2,0,0,0,0,2,2,2,2,0,0,2,2
90,9420.979,7997.333,57.302,70.751,0.329861,-0.944026,-0.002695,0.943680,0.329659,0.028163,-0.025698,-0.011833,0.999600,0,0.84543,-0.56716,50.726,-1.134,-1,425.000,-1,425.000,-1,325.000,325.000,300.000,350.000,-1,-1,-1,-1,875.000,825.000,-1,-1,2,0,2,0,2,0,0,0,0,2,2,2,2,0,0,2,2
91,9438.647,8044.882,55.482,69.616,0.348485,-0.937313,-0.001487,0.936898,0.348282,0.030359,-0.027938,-0.011973,0.999538,0,0.84543,-0.56716,50.726,-1.134,-1,400.000,-1,400.000,-1,325.000,325.000,300.000,350.000,-1,-1,-1,-1,875.000,825.000,-1,-1,2,0,2,0,2,0,0,0,0,2,2,2,2,0,0,2,2
92,9457.253,8092.073,53.714,68.482,0.366967,-0.930234,-0.000169,0.929748,0.366769,0.032398,-0.030076,-0.012046,0.999475,0,0.84543,-0.56716,50.726,-1.134,-1,400.000,-1,400.000,-1,325.000,325.000,325.000,350.000,-1,-1,-1,-1,850.000,800.000,-1,-1,2,0,2,0,2,0,0,0,0,2,2,2,2,0,0,2,2
93,9476.790,8138.886,52.002,67.348,0.385299,-0.922791,0.001252,0.922233,0.385113,0.034277,-0.032113,-0.012052,0.999412,0,0.84543,-0.56716,50.726,-1.134,-1,400.000,-1,400.000,-1,325.000,325.000,325.000,350.000,-1,-1,-1,-1,850.000,800.000,-1,-1,2,0,2,0,2,0,0,0,0,2,2,2,2,0,0,2,2
94,9497.250,8185.303,50.348,66.213,0.403474,-0.914987,0.002765,0.914357,0.403306,0.035994,-0.034050,-0.011994,0.999348,0,0.84543,-0.56716,50.726,-1.134,-1,400.000,-1,400.000,-1,325.000,325.000,325.000,325.000,-1,-1,-1,-1,825.000,775.000,-1,-1,2,0,2,0,2,0,0,0,0,2,2,2,2,0,0,2,2
95,9518.624,8231.306,48.757,65.079,0.421485,-0.906825,0.004364,0.906125,0.421341,0.037548,-0.035888,-0.011872,0.999285,0,0.84543,-0.56716,50.726,-1.134,-1,400.000,-1,400.000,-1,325.000,325.000,325.000,325.000,-1,-1,-1,-1,825.000,775.000,-1,-1,2,0,2,0,2,0,0,0,0,2,2,2,2,0,0,2,2
96,9540.905,8276.877,47.231,63.945,0.439325,-0.898308,0.006038,0.897540,0.439211,0.038938,-0.037630,-0.011687,0.999223,0,0.84543,-0.56716,50.726,-1.134,-1,400.000,-1,400.000,-1,325.000,325.000,325.000,325.000,-1,-1,-1,-1,800.000,750.000,-1,-1,2,0,2,0,2,0,0,0,0,2,2,2,2,0,0,2,2
97,9564.084,8321.997,45.773,62.810,0.456986,-0.889440,0.007780,0.888606,0.456909,0.040162,-0.039276,-0.011440,0.999163,0,0.84543,-0.56716,50.726,-1.134,-1,400.000,-1,375.000,-1,325.000,325.000,350.000,325.000,-1,-1,-1,-1,800.000,750.000,-1,-1,2,0,2,0,2,0,0,0,0,2,2,2,2,0,0,2,2
98,9588.151,8366.650,44.246,61.676,0.474488,-0.880218,0.008867,0.879336,0.474426,0.041091,-0.040376,-0.011700,0.999116,0,0.84543,-0.56716,50.726,-1.134,-1,400.000,-1,375.000,-1,325.000,325.000,350.000,325.000,-1,-1,-1,-1,800.000,725.000,-1,-1,2,0,2,0,2,0,0,0,0,2,2,2,2,0,0,2,2
99,9613.097,8410.818,42.225,60.542,0.491888,-0.870625,0.007669,0.869705,0.491742,0.042450,-0.040729,-0.014211,0.999069,0,0.84543,-0.56716,50.726,-1.134,-1,400.000,-1,375.000,-1,325.000,325.000,350.000,325.000,-1,-1,-1,-1,775.000,725.000,-1,-1,2,0,2,0,2,0,0,0,0,2,2,2,2,0,0,2,2
100,9638.913,8454.484,40.253,59.407,0.509096,-0.860685,0.006482,0.859729,0.508861,0.043892,-0.041076,-0.016772,0.999015,0,0.84543,-0.56716,50.726,-1.134,-1,400.000,-1,375.000,-1,325.000,325.000,325.000,325.000,-1,-1,-1,-1,775.000,725.000,-1,-1,2,0,2,0,2,0,0,0,0,2,2,2,2,0,0,2,2
101,9665.588,8497.630,38.368,58.273,0.526101,-0.850405,0.005372,0.849418,0.525777,0.045250,-0.041305,-0.019243,0.998961,0,0.84543,-0.56716,50.726,-1.134,-1,400.000,-1,375.000,-1,325.000,325.000,325.000,325.000,-1,-1,-1,-1,750.000,725.000,-1,-1,2,0,2,0,2,0,0,0,0,2,2,2,2,0,0,2,2
102,9693.111,8540.239,36.563,57.139,0.542897,-0.839788,0.004320,0.838776,0.542482,0.046561,-0.041444,-0.021655,0.998906,0,0.84543,-0.56716,50.726,-1.134,-1,400.000,-1,375.000,-1,325.000,325.000,325.000,325.000,-1,-1,-1,-1,750.000,725.000,-1,-1,2,0,2,0,2,0,0,0,0,2,2,2,2,0,0,2,2
103,9721.473,8582.296,34.841,56.004,0.559476,-0.828840,0.003321,0.827807,0.558970,0.047825,-0.041496,-0.024008,0.998850,0,0.84543,-0.56716,50.726,-1.134,-1,375.000,-1,375.000,-1,325.000,325.000,325.000,325.000,-1,-1,-1,-1,725.000,725.000,-1,-1,2,0,2,0,2,0,0,0,0,2,2,2,2,0,0,2,2
104,9747.742,8619.967,33.160,55.110,0.572373,-0.819989,0.002714,0.818970,0.571821,0.048047,-0.040950,-0.025278,0.998841,0,0.76543,-0.44716,45.926,-0.894,-1,375.000,-1,375.000,-1,325.000,325.000,325.000,325.000,-1,-1,-1,-1,725.000,700.000,-1,-1,2,0,2,0,2,0,0,0,0,2,2,2,2,0,0,2,2
105,9771.650,8653.430,31.535,54.456,0.581703,-0.813398,0.002389,0.812420,0.581143,0.047401,-0.039944,-0.025632,0.998873,0,0.68543,-0.32716,41.126,-0.654,-1,375.000,-1,375.000,-1,325.000,325.000,325.000,350.000,-1,-1,-1,-1,700.000,700.000,-1,-1,2,0,2,0,2,0,0,0,0,2,2,2,2,0,0,2,2
106,9792.981,8682.833,30.086,54.041,0.587563,-0.809175,0.002362,0.808224,0.587010,0.046831,-0.039281,-0.025607,0.998900,0,0.60543,-0.20716,36.326,-0.414,-1,375.000,-1,375.000,-1,325.000,325.000,325.000,350.000,-1,-1,-1,-1,700.000,700.000,-1,-1,2,0,2,0,2,0,0,0,0,2,2,2,2,0,0,2,2
107,9811.571,8708.295,28.845,53.867,0.590014,-0.807389,0.002405,0.806459,0.589472,0.046330,-0.038824,-0.025396,0.998923,0,0.52543,-0.08716,31.526,-0.174,-1,375.000,-1,375.000,-1,325.000,325.000,325.000,325.000,-1,-1,-1,-1,700.000,700.000,-1,-1,2,0,2,0,2,0,0,0,0,2,2,2,2,0,0,2,2
108,9827.325,8729.884,27.823,53.880,0.589821,-0.807530,0.002392,0.806617,0.589290,0.045902,-0.038476,-0.025144,0.998943,0,0.44543,0.00659,26.726,0.013,-1,375.000,-1,375.000,-1,325.000,325.000,325.000,325.000,-1,-1,-1,-1,700.000,700.000,-1,-1,2,0,2,0,2,0,0,0,0,2,2,2,2,0,0,2,2
109,9840.246,8747.598,26.965,53.893,0.589626,-0.807672,0.002534,0.806768,0.589109,0.045572,-0.038300,-0.024826,0.998958,0,0.36543,0.00659,21.926,0.013,-1,375.000,-1,375.000,-1,325.000,300.000,325.000,325.000,-1,-1,-1,-1,700.000,700.000,-1,-1,2,0,2,0,2,0,0,0,0,2,2,2,2,0,0,2,2
110,9850.335,8761.436,26.285,53.907,0.589431,-0.807814,0.002718,0.806914,0.588927,0.045327,-0.038217,-0.024524,0.998968,0,0.28543,0.00659,17.126,0.013,-1,375.000,-1,375.000,-1,325.000,300.000,325.000,325.000,-1,-1,-1,-1,700.000,700.000,-1,-1,2,0,2,0,2,0,0,0,0,2,2,2,2,0,0,2,2
111,9857.594,8771.398,25.803,53.920,0.589239,-0.807953,0.002839,0.807057,0.588744,0.045156,-0.038155,-0.024317,0.998976,0,0.20543,0.00659,12.326,0.013,-1,375.000,-1,375.000,-1,325.000,300.000,325.000,325.000,-1,-1,-1,-1,675.000,675.000,-1,-1,2,0,2,0,2,0,0,0,0,2,2,2,2,0,0,2,2
112,9867.618,8785.283,25.140,54.173,0.585653,-0.810556,0.003010,0.809663,0.585175,0.044910,-0.038163,-0.023864,0.998987,0,0.28543,0.12659,17.126,0.253,-1,375.000,-1,375.000,-1,325.000,300.000,325.000,325.000,-1,-1,-1,-1,675.000,675.000,-1,-1,2,0,2,0,2,0,0,0,0,2,2,2,2,0,0,2,2
113,9880.299,8803.170,24.304,54.666,0.578641,-0.815576,0.003207,0.814685,0.578185,0.044610,-0.038237,-0.023201,0.998999,0,0.36543,0.24659,21.926,0.493,-1,375.000,-1,375.000,-1,325.000,300.000,325.000,325.000,-1,-1,-1,-1,675.000,675.000,-1,-1,2,0,2,0,2,0,0,0,0,2,2,2,2,0,0,2,2
114,9895.476,8825.169,23.302,55.399,0.568143,-0.822923,0.003394,0.822035,0.567712,0.044285,-0.038369,-0.022370,0.999013,0,0.44543,0.36659,26.726,0.733,-1,375.000,-1,375.000,-1,325.000,300.000,325.000,325.000,-1,-1,-1,-1,675.000,675.000,-1,-1,2,0,2,0,2,0,0,0,0,2,2,2,2,0,0,2,2
115,9912.935,8851.419,22.144,56.372,0.554068,-0.832464,0.003527,0.831578,0.553665,0.043966,-0.038553,-0.021427,0.999027,0,0.52543,0.48659,31.526,0.973,-1,375.000,-1,375.000,-1,325.000,300.000,325.000,325.000,-1,-1,-1,-1,675.000,675.000,-1,-1,2,0,2,0,2,0,0,0,0,2,2,2,2,0,0,2,2
116,9932.482,8882.037,20.678,57.446,0.538387,-0.842693,0.002715,0.841831,0.537977,0.043599,-0.038201,-0.021187,0.999045,0,0.60543,0.53665,36.326,1.073,-1,375.000,-1,375.000,-1,325.000,300.000,325.000,325.000,-1,-1,-1,-1,675.000,650.000,-1,-1,2,0,2,0,2,0,0,0,0,2,2,2,2,0,0,2,2
117,9953.958,8917.110,19.072,58.519,0.522524,-0.852623,0.001700,0.851788,0.522098,0.043257,-0.037770,-0.021155,0.999063,0,0.68543,0.53665,41.126,1.073,-1,375.000,-1,375.000,-1,325.000,300.000,325.000,325.000,-1,-1,-1,-1,650.000,650.000,-1,-1,2,0,2,0,2,0,0,0,0,2,2,2,2,0,0,2,2
118,9977.203,8956.718,17.346,59.592,0.506484,-0.862249,0.000462,0.861443,0.506034,0.042957,-0.037273,-0.021359,0.999077,0,0.76543,0.53665,45.926,1.073,-1,375.000,-1,375.000,-1,325.000,300.000,325.000,325.000,-1,-1,-1,-1,650.000,650.000,-1,-1,2,0,2,0,2,0,0,0,0,2,2,2,2,0,0,2,2
119,10002.054,9000.940,15.523,60.666,0.490274,-0.871568,-0.001026,0.870794,0.489789,0.042713,-0.036725,-0.021834,0.999087,0,0.84543,0.53665,50.726,1.073,-1,375.000,-1,375.000,-1,300.000,300.000,325.000,325.000,-1,525.000,-1,-1,650.000,650.000,-1,-1,2,0,2,0,2,0,0,0,0,2,0,2,2,0,0,2,2
120,10027.598,9048.459,13.665,61.739,0.473901,-0.880574,-0.002800,0.879837,0.473369,0.042532,-0.036127,-0.022620,0.999091,0,0.89916,0.53665,53.950,1.073,-1,375.000,-1,375.000,-1,300.000,300.000,325.000,325.000,-1,550.000,-1,-1,625.000,625.000,-1,-1,2,0,2,0,2,0,0,0,0,2,0,2,2,0,0,2,2
121,10052.248,9096.448,11.887,62.812,0.457367,-0.889265,-0.004773,0.888567,0.456781,0.042420,-0.035543,-0.023642,0.999088,0,0.89916,0.53665,53.950,1.073,1000.000,350.000,-1,350.000,-1,300.000,300.000,325.000,325.000,-1,600.000,-1,-1,625.000,625.000,1000.000,-1,0,0,2,0,2,0,0,0,0,2,0,2,2,0,0,0,2
122,10075.995,9144.890,10.693,63.886,0.440604,-0.897683,-0.005793,0.897083,0.440052,0.039947,-0.033311,-0.022798,0.999185,0,0.89916,0.53665,53.950,1.073,1000.000,350.000,-1,350.000,-1,300.000,300.000,325.000,325.000,-1,575.000,700.000,-1,625.000,625.000,1000.000,-1,0,0,2,0,2,0,0,0,0,2,0,0,2,0,0,0,2
123,10098.831,9193.768,9.513,64.959,0.423678,-0.905788,-0.006702,0.905289,0.423169,0.037148,-0.030812,-0.021806,0.999287,0,0.89916,0.53665,53.950,1.073,1000.000,350.000,-1,350.000,-1,300.000,300.000,325.000,325.000,-1,575.000,675.000,-1,625.000,625.000,-1,-1,0,0,2,0,2,0,0,0,0,2,0,0,2,0,0,2,2
124,10120.747,9243.066,8.359,66.032,0.406603,-0.913573,-0.007616,0.913168,0.406136,0.034306,-0.028248,-0.020903,0.999382,0,0.89916,0.53665,53.950,1.073,-1,350.000,-1,350.000,-1,300.000,300.000,325.000,325.000,-1,550.000,650.000,-1,625.000,625.000,-1,-1,2,0,2,0,2,0,0,0,0,2,0,0,2,0,0,2,2
125,10141.736,9292.765,7.104,67.105,0.389370,-0.921045,-0.008241,0.920735,0.388963,0.030906,-0.025260,-0.019621,0.999488,0,0.89916,0.53665,53.950,1.073,-1,375.000,-1,350.000,-1,300.000,300.000,325.000,325.000,-1,500.000,600.000,-1,625.000,625.000,-1,-1,2,0,2,0,2,0,0,0,0,2,0,0,2,0,0,2,2
126,10161.790,9342.849,6.186,68.179,0.372018,-0.928169,-0.010187,0.927977,0.371642,0.027233,-0.021491,-0.019584,0.999577,0,0.89916,0.53665,53.950,1.073,-1,375.000,-1,350.000,-1,300.000,300.000,325.000,325.000,-1,450.000,525.000,-1,625.000,625.000,-1,-1,2,0,2,0,2,0,0,0,0,2,0,0,2,0,0,2,2
127,10180.902,9393.300,5.408,69.252,0.354534,-0.934959,-0.012524,0.934877,0.354188,0.023567,-0.017598,-0.020064,0.999644,0,0.89916,0.53665,53.950,1.073,-1,375.000,-1,350.000,-1,300.000,300.000,325.000,325.000,-1,375.000,450.000,-1,625.000,650.000,-1,-1,2,0,2,0,2,0,0,0,0,2,0,0,2,0,0,2,2
128,10199.066,9444.100,4.672,70.325,0.336918,-0.941417,-0.014813,0.941432,0.336608,0.020024,-0.013865,-0.020692,0.999690,0,0.89916,0.53665,53.950,1.073,-1,375.000,-1,375.000,-1,300.000,300.000,325.000,325.000,-1,325.000,375.000,-1,650.000,650.000,-1,-1,2,0,2,0,2,0,0,0,0,2,0,0,2,0,0,2,2
129,10216.275,9495.231,3.975,71.399,0.319176,-0.947542,-0.017056,0.947640,0.318910,0.016596,-0.010286,-0.021460,0.999717,0,0.89916,0.53665,53.950,1.073,-1,375.000,-1,375.000,-1,300.000,300.000,325.000,325.000,-1,300.000,325.000,-1,650.000,650.000,-1,-1,2,0,2,0,2,0,0,0,0,2,0,0,2,0,0,2,2
130,10232.523,9546.676,3.315,72.472,0.301314,-0.953331,-0.019255,0.953500,0.301099,0.013275,-0.006858,-0.022360,0.999726,0,0.89916,0.53665,53.950,1.073,-1,375.000,-1,375.000,-1,300.000,300.000,300.000,325.000,-1,275.000,300.000,-1,650.000,650.000,-1,-1,2,0,2,0,2,0,0,0,0,2,0,0,2,0,0,2,2
131,10247.805,9598.416,2.688,73.545,0.283338,-0.958781,-0.021412,0.959013,0.283183,0.010051,-0.003574,-0.023382,0.999720,0,0.89916,0.53665,53.950,1.073,-1,375.000,-1,375.000,-1,300.000,300.000,300.000,325.000,-1,275.000,300.000,-1,650.000,650.000,-1,-1,2,0,2,0,2,0,0,0,0,2,0,0,2,0,0,2,2
132,10262.114,9650.433,2.091,74.618,0.265256,-0.963891,-0.023527,0.964178,0.265166,0.006916,-0.000428,-0.024518,0.999699,0,0.89916,0.53665,53.950,1.073,-1,375.000,-1,375.000,-1,300.000,300.000,300.000,325.000,-1,250.000,275.000,-1,650.000,650.000,-1,-1,2,0,2,0,2,0,0,0,0,2,0,0,2,0,0,2,2
133,10275.451,9702.725,1.522,75.692,0.247077,-0.968658,-0.025599,0.968992,0.247060,0.003858,0.002587,-0.025759,0.999665,0,0.89942,0.53656,53.965,1.073,-1,375.000,-1,375.000,-1,300.000,300.000,300.000,325.000,-1,250.000,275.000,-1,650.000,650.000,-1,-1,2,0,2,0,2,0,0,0,0,2,0,0,2,0,0,2,2
134,10287.856,9755.458,0.974,76.762,0.228847,-0.973070,-0.027638,0.973447,0.228911,0.000860,0.005490,-0.027100,0.999618,0,0.90288,0.53527,54.173,1.071,-1,375.000,-1,375.000,-1,300.000,300.000,300.000,300.000,-1,250.000,275.000,-1,650.000,675.000,-1,-1,2,0,2,0,2,0,0,0,0,2,0,0,2,0,0,2,2
135,10299.320,9808.610,1.085,77.830,0.210630,-0.977196,-0.026872,0.977539,0.210748,-0.001597,0.007223,-0.025932,0.999638,0,0.90624,0.53379,54.374,1.068,-1,375.000,-1,375.000,-1,300.000,300.000,300.000,300.000,-1,275.000,300.000,-1,650.000,650.000,-1,1000.000,2,0,2,0,2,0,0,0,0,2,0,0,2,0,0,2,1
136,10308.663,9857.295,1.521,79.137,0.188232,-0.981808,-0.024914,0.982080,0.188405,-0.004753,0.009360,-0.023573,0.999678,0,0.82624,0.65379,49.574,1.308,-1,375.000,-1,375.000,-1,300.000,300.000,300.000,300.000,-1,300.000,300.000,-1,650.000,650.000,-1,950.000,2,0,2,0,2,0,0,0,0,2,0,0,2,0,0,2,1
137,10316.296,9903.829,2.308,80.685,0.161611,-0.986555,-0.024313,0.986795,0.161823,-0.007016,0.010856,-0.022858,0.999680,0,0.78592,0.77379,47.155,1.548,-1,375.000,-1,375.000,975.000,300.000,300.000,300.000,300.000,-1,325.000,325.000,-1,650.000,650.000,-1,925.000,2,0,2,0,1,0,0,0,0,2,0,0,2,0,0,2,1
138,10322.493,9950.724,3.451,82.472,0.130694,-0.991106,-0.025065,0.991340,0.130968,-0.009592,0.012789,-0.023594,0.999640,0,0.78839,0.89379,47.303,1.788,-1,375.000,-1,375.000,900.000,300.000,300.000,300.000,300.000,-1,350.000,350.000,-1,650.000,675.000,-1,900.000,2,0,2,0,1,0,0,0,0,2,0,0,2,0,0,2,1
