timestep,x_cm,y_cm,z_cm,yaw_deg,basis_xx,basis_xy,basis_xz,basis_yx,basis_yy,basis_yz,basis_zx,basis_zy,basis_zz,teleport_flag,throttle_cmd,steering_cmd,cmd_move_cm,cmd_turn_deg,lidar_cm_0,lidar_cm_1,lidar_cm_2,lidar_cm_3,lidar_cm_4,lidar_cm_5,lidar_cm_6,lidar_cm_7,lidar_cm_8,lidar_cm_9,lidar_cm_10,lidar_cm_11,lidar_cm_12,lidar_cm_13,lidar_cm_14,lidar_cm_15,lidar_cm_16,lidar_class_0,lidar_class_1,lidar_class_2,lidar_class_3,lidar_class_4,lidar_class_5,lidar_class_6,lidar_class_7,lidar_class_8,lidar_class_9,lidar_class_10,lidar_class_11,lidar_class_12,lidar_class_13,lidar_class_14,lidar_class_15,lidar_class_16
0,-3612.419,-7542.928,-91.849,176.374,-0.997784,-0.063199,0.020823,0.063951,-0.997242,0.037678,0.018384,0.038926,0.999073,1,0.08000,0.04749,4.800,0.095,-1,375.000,-1,400.000,-1,325.000,325.000,300.000,300.000,-1,500.000,925.000,-1,750.000,825.000,-1,-1,2,0,2,0,2,0,0,0,0,2,1,1,2,0,0,2,2
1,-3622.000,-7542.337,-91.673,176.470,-0.997889,-0.061530,0.020791,0.062286,-0.997337,0.037929,0.018402,0.039144,0.999064,0,0.16000,0.04791,9.600,0.096,-1,375.000,-1,400.000,-1,325.000,325.000,300.000,300.000,-1,525.000,950.000,-1,750.000,825.000,-1,-1,2,0,2,0,2,0,0,0,0,2,1,1,2,0,0,2,2
2,-3636.375,-7541.475,-91.410,176.567,-0.997993,-0.059826,0.020743,0.060589,-0.997428,0.038302,0.018398,0.039481,0.999051,0,0.24000,0.04891,14.400,0.098,-1,375.000,-1,400.000,-1,325.000,325.000,300.000,300.000,-1,550.000,975.000,-1,750.000,825.000,-1,-1,2,0,2,0,2,0,0,0,0,2,1,1,2,0,0,2,2
3,-3655.542,-7540.359,-91.058,176.668,-0.998098,-0.058067,0.020679,0.058837,-0.997514,0.038794,0.018375,0.039937,0.999033,0,0.32000,0.05050,19.200,0.101,-1,375.000,-1,400.000,-1,325.000,325.000,300.000,300.000,-1,550.000,-1,-1,750.000,825.000,-1,-1,2,0,2,0,2,0,0,0,0,2,1,2,2,0,0,2,2
4,-3679.504,-7539.009,-90.619,176.774,-0.998205,-0.056232,0.020599,0.057011,-0.997596,0.039405,0.018333,0.040508,0.999011,0,0.40000,0.05266,24.000,0.105,-1,375.000,-1,400.000,-1,325.000,325.000,300.000,300.000,-1,600.000,-1,-1,750.000,825.000,-1,-1,2,0,2,0,2,0,0,0,0,2,1,2,2,0,0,2,2
5,-3708.262,-7537.444,-90.091,176.885,-0.998314,-0.054301,0.020503,0.055090,-0.997675,0.040132,0.018276,0.041194,0.998984,0,0.48000,0.05541,28.800,0.111,-1,375.000,-1,400.000,-1,325.000,325.000,300.000,300.000,-1,625.000,-1,-1,750.000,825.000,-1,-1,2,0,2,0,2,0,0,0,0,2,1,2,2,0,0,2,2
6,-3741.815,-7535.687,-89.475,177.001,-0.998425,-0.052270,0.020392,0.053072,-0.997750,0.040973,0.018204,0.041991,0.998952,0,0.56000,0.05826,33.600,0.117,-1,400.000,-1,400.000,-1,325.000,325.000,300.000,300.000,-1,650.000,-1,-1,750.000,825.000,-1,-1,2,0,2,0,2,0,0,0,0,2,1,2,2,0,0,2,2
7,-3780.167,-7533.759,-88.771,177.121,-0.998535,-0.050177,0.020266,0.050992,-0.997819,0.041927,0.018118,0.042899,0.998915,0,0.64000,0.06004,38.400,0.120,-1,400.000,-1,400.000,-1,325.000,325.000,300.000,300.000,-1,700.000,-1,-1,750.000,825.000,-1,-1,2,0,2,0,2,0,0,0,0,2,1,2,2,0,0,2,2
8,-3823.317,-7531.683,-87.979,177.245,-0.998644,-0.048017,0.020125,0.048846,-0.997881,0.042990,0.018018,0.043914,0.998873,0,0.72000,0.06196,43.200,0.124,-1,400.000,-1,400.000,-1,325.000,325.000,300.000,300.000,-1,750.000,-1,-1,750.000,825.000,-1,-1,2,0,2,0,2,0,0,0,0,2,1,2,2,0,0,2,2
9,-3871.267,-7529.484,-87.099,177.373,-0.998752,-0.045787,0.019970,0.046633,-0.997936,0.044159,0.017907,0.045035,0.998825,0,0.80000,0.06394,48.000,0.128,-1,400.000,-1,400.000,-1,325.000,325.000,300.000,300.000,-1,800.000,-1,-1,750.000,825.000,-1,-1,2,0,2,0,2,0,0,0,0,2,1,2,2,0,0,2,2
10,-3921.001,-7527.317,-86.188,177.505,-0.998857,-0.043488,0.019816,0.044350,-0.997986,0.045354,0.017804,0.046181,0.998774,0,0.82969,0.06592,49.781,0.132,-1,400.000,-1,400.000,-1,325.000,325.000,300.000,300.000,-1,875.000,-1,-1,750.000,825.000,-1,-1,2,0,2,0,2,0,0,0,0,2,1,2,2,0,0,2,2
11,-3970.552,-7525.276,-85.383,177.640,-0.998964,-0.041127,0.019494,0.041993,-0.998043,0.046326,0.017551,0.047097,0.998736,0,0.82655,0.06773,49.593,0.135,-1,400.000,-1,400.000,-1,325.000,325.000,300.000,300.000,-1,925.000,-1,-1,750.000,825.000,-1,-1,2,0,2,0,2,0,0,0,0,2,1,2,2,0,0,2,2
12,-4019.908,-7523.362,-84.615,177.779,-0.999068,-0.038712,0.019116,0.039580,-0.998094,0.047344,0.017246,0.048056,0.998696,0,0.82322,0.06927,49.393,0.139,-1,400.000,-1,400.000,-1,325.000,325.000,300.000,300.000,-1,975.000,-1,-1,750.000,825.000,-1,-1,2,0,2,0,2,0,0,0,0,2,1,2,2,0,0,2,2
13,-4069.059,-7521.578,-83.847,177.920,-0.999167,-0.036252,0.018743,0.037122,-0.998141,0.048347,0.016955,0.049003,0.998655,0,0.81972,0.07055,49.183,0.141,-1,400.000,-1,400.000,-1,325.000,325.000,300.000,300.000,-1,-1,-1,-1,750.000,825.000,-1,-1,2,0,2,0,2,0,0,0,0,2,2,2,2,0,0,2,2
14,-4117.997,-7519.923,-83.080,178.063,-0.999261,-0.033757,0.018376,0.034628,-0.998182,0.049337,0.016677,0.049937,0.998613,0,0.81610,0.07155,48.966,0.143,-1,400.000,-1,400.000,-1,325.000,325.000,300.000,300.000,-1,-1,-1,-1,750.000,825.000,-1,-1,2,0,2,0,2,0,0,0,0,2,2,2,2,0,0,2,2
15,-4166.716,-7518.399,-82.314,178.208,-0.999350,-0.031237,0.018015,0.032109,-0.998217,0.050313,0.016411,0.050859,0.998571,0,0.81238,0.07228,48.743,0.145,-1,400.000,-1,400.000,-1,325.000,325.000,300.000,300.000,-1,-1,-1,-1,750.000,825.000,-1,-1,2,0,2,0,2,0,0,0,0,2,2,2,2,0,0,2,2
16,-4215.212,-7517.005,-81.548,178.353,-0.999432,-0.028701,0.017659,0.029573,-0.998247,0.051276,0.016156,0.051769,0.998528,0,0.80861,0.07275,48.517,0.145,-1,400.000,-1,400.000,-1,325.000,325.000,300.000,300.000,-1,-1,-1,-1,775.000,825.000,-1,-1,2,0,2,0,2,0,0,0,0,2,2,2,2,0,0,2,2
17,-4263.484,-7515.741,-80.781,178.499,-0.999508,-0.026158,0.017308,0.027030,-0.998269,0.052227,0.015912,0.052670,0.998485,0,0.80481,0.07295,48.289,0.146,-1,400.000,-1,400.000,-1,325.000,325.000,300.000,300.000,-1,-1,-1,-1,775.000,800.000,-1,-1,2,0,2,0,2,0,0,0,0,2,2,2,2,0,0,2,2
18,-4311.532,-7514.605,-80.015,178.645,-0.999577,-0.023617,0.016963,0.024488,-0.998285,0.053167,0.015678,0.053560,0.998442,0,0.80102,0.07289,48.061,0.146,-1,400.000,-1,400.000,-1,325.000,325.000,300.000,300.000,-1,-1,-1,-1,775.000,800.000,-1,-1,2,0,2,0,2,0,0,0,0,2,2,2,2,0,0,2,2
19,-4359.347,-7513.396,-79.261,178.551,-0.999543,-0.025257,0.016614,0.026122,-0.998194,0.054089,0.015218,0.054498,0.998398,0,0.79716,-0.04711,47.830,-0.094,-1,400.000,-1,400.000,-1,325.000,325.000,300.000,300.000,-1,-1,-1,-1,775.000,800.000,-1,-1,2,0,2,0,2,0,0,0,0,2,2,2,2,0,0,2,2
20,-4406.906,-7511.915,-78.530,178.216,-0.999385,-0.031078,0.016260,0.031929,-0.997976,0.054999,0.014518,0.055484,0.998354,0,0.79303,-0.16711,47.582,-0.334,-1,400.000,-1,400.000,-1,325.000,325.000,300.000,300.000,-1,-1,-1,-1,775.000,800.000,-1,-1,2,0,2,0,2,0,0,0,0,2,2,2,2,0,0,2,2
21,-4454.180,-7509.969,-77.835,177.642,-0.999030,-0.041075,0.015896,0.041904,-0.997556,0.055903,0.013561,0.056515,0.998310,0,0.78858,-0.28711,47.315,-0.574,-1,400.000,-1,400.000,-1,325.000,325.000,300.000,300.000,-1,-1,-1,-1,775.000,800.000,-1,-1,2,0,2,0,2,0,0,0,0,2,2,2,2,0,0,2,2
22,-4501.141,-7507.368,-77.186,176.828,-0.998352,-0.055244,0.015519,0.056041,-0.996811,0.056804,0.012332,0.057580,0.998265,0,0.78387,-0.40711,47.032,-0.814,-1,400.000,-1,400.000,-1,325.000,325.000,300.000,300.000,-1,-1,-1,-1,775.000,800.000,-1,-1,2,0,2,0,2,0,0,0,0,2,2,2,2,0,0,2,2
23,-4547.753,-7503.924,-76.597,175.774,-0.997175,-0.073570,0.015127,0.074326,-0.995563,0.057705,0.010814,0.058666,0.998219,0,0.77898,-0.52711,46.739,-1.054,-1,400.000,-1,400.000,-1,325.000,325.000,300.000,300.000,-1,-1,-1,-1,775.000,800.000,-1,-1,2,0,2,0,2,0,0,0,0,2,2,2,2,0,0,2,2
24,-4593.979,-7499.456,-76.194,174.479,-0.995270,-0.096034,0.014671,0.096731,-0.993611,0.058143,0.008993,0.059287,0.998200,0,0.77401,-0.64711,46.441,-1.294,-1,400.000,-1,400.000,-1,325.000,325.000,300.000,300.000,-1,-1,-1,-1,775.000,800.000,-1,-1,2,0,2,0,2,0,0,0,0,2,2,2,2,0,0,2,2
25,-4642.720,-7493.424,-75.982,172.945,-0.992357,-0.122600,0.014006,0.123214,-0.990661,0.058392,0.006717,0.059671,0.998195,0,0.81855,-0.76711,49.113,-1.534,-1,400.000,-1,400.000,-1,325.000,325.000,300.000,300.000,-1,-1,-1,-1,775.000,800.000,-1,-1,2,0,2,0,2,0,0,0,0,2,2,2,2,0,0,2,2
26,-4690.873,-7485.976,-75.893,171.207,-0.988201,-0.152585,0.013299,0.153108,-0.986460,0.058785,0.004149,0.060127,0.998182,0,0.81208,-0.86901,48.725,-1.738,-1,400.000,-1,400.000,-1,325.000,325.000,300.000,300.000,-1,-1,-1,-1,775.000,800.000,-1,-1,2,0,2,0,2,0,0,0,0,2,2,2,2,0,0,2,2
27,-4738.368,-7477.147,-75.893,169.470,-0.983140,-0.182422,0.012600,0.182850,-0.981356,0.059215,0.001563,0.060520,0.998166,0,0.80513,-0.86878,48.308,-1.738,-1,400.000,-1,400.000,-1,325.000,325.000,300.000,300.000,775.000,-1,-1,-1,775.000,800.000,-1,-1,2,0,2,0,2,0,0,0,0,1,2,2,2,0,0,2,2
28,-4785.168,-7466.970,-75.982,167.731,-0.977175,-0.212100,0.011916,0.212432,-0.975352,0.059675,-0.001034,0.060844,0.998147,0,0.79821,-0.86906,47.893,-1.738,-1,400.000,-1,400.000,-1,325.000,325.000,300.000,300.000,725.000,-1,-1,-1,775.000,775.000,-1,-1,2,0,2,0,2,0,0,0,0,1,2,2,2,0,0,2,2
29,-4831.243,-7455.475,-76.162,165.992,-0.970309,-0.241608,0.011254,0.241843,-0.968449,0.060160,-0.003636,0.061095,0.998125,0,0.79144,-0.86984,47.486,-1.740,-1,400.000,-1,400.000,-1,325.000,325.000,300.000,300.000,700.000,-1,-1,-1,775.000,775.000,-1,-1,2,0,2,0,2,0,0,0,0,1,2,2,2,0,0,2,2
30,-4876.572,-7442.690,-76.432,164.250,-0.962539,-0.270937,0.010618,0.271073,-0.960645,0.060662,-0.006236,0.061267,0.998102,0,0.78495,-0.87110,47.097,-1.742,-1,400.000,-1,400.000,-1,325.000,325.000,300.000,300.000,700.000,-1,-1,-1,775.000,775.000,-1,-1,2,0,2,0,2,0,0,0,0,1,2,2,2,0,0,2,2
31,-4921.141,-7428.640,-76.793,162.504,-0.953864,-0.300073,0.010011,0.300110,-0.951941,0.061174,-0.008826,0.061356,0.998077,0,0.77884,-0.87282,46.730,-1.746,-1,400.000,-1,400.000,-1,325.000,325.000,300.000,300.000,675.000,-1,-1,-1,775.000,775.000,-1,-1,2,0,2,0,2,0,0,0,0,1,2,2,2,0,0,2,2
32,-4964.941,-7413.348,-77.245,160.754,-0.944282,-0.329003,0.009438,0.328941,-0.942333,0.061690,-0.011403,0.061357,0.998051,0,0.77321,-0.87498,46.392,-1.750,-1,400.000,-1,400.000,-1,325.000,325.000,300.000,300.000,675.000,-1,-1,-1,775.000,775.000,-1,-1,2,0,2,0,2,0,0,0,0,1,2,2,2,0,0,2,2
33,-5007.968,-7396.830,-77.780,158.999,-0.933789,-0.357712,0.008939,0.357553,-0.931818,0.062226,-0.013930,0.061302,0.998022,0,0.76812,-0.87757,46.087,-1.755,-1,400.000,-1,400.000,-1,325.000,325.000,300.000,300.000,675.000,-1,-1,-1,775.000,775.000,-1,-1,2,0,2,0,2,0,0,0,0,1,2,2,2,0,0,2,2
34,-5050.219,-7379.101,-78.392,157.238,-0.922383,-0.386182,0.008551,0.385930,-0.920389,0.062789,-0.016378,0.061216,0.997990,0,0.76365,-0.88056,45.819,-1.761,-1,400.000,-1,400.000,-1,325.000,325.000,300.000,300.000,675.000,-1,-1,-1,775.000,750.000,-1,-1,2,0,2,0,2,0,0,0,0,1,2,2,2,0,0,2,2
35,-5091.695,-7360.173,-79.095,155.470,-0.910059,-0.414397,0.008211,0.414052,-0.908047,0.063332,-0.018789,0.061035,0.997959,0,0.75984,-0.88392,45.590,-1.768,-1,400.000,-1,400.000,-1,325.000,325.000,300.000,300.000,700.000,-1,-1,-1,775.000,750.000,-1,-1,2,0,2,0,2,0,0,0,0,1,2,2,2,0,0,2,2
36,-5128.261,-7342.096,-79.906,153.695,-0.896807,-0.442348,0.008059,0.441932,-0.894811,0.063316,-0.020797,0.060344,0.997961,0,0.67984,-0.88765,40.790,-1.775,-1,400.000,-1,400.000,-1,325.000,325.000,300.000,300.000,700.000,-1,-1,-1,775.000,750.000,-1,-1,2,0,2,0,2,0,0,0,0,1,2,2,2,0,0,2,2
37,-5161.583,-7324.311,-80.744,151.912,-0.882635,-0.469991,0.007937,0.469509,-0.880661,0.063228,-0.022727,0.059533,0.997968,0,0.62950,-0.89129,37.770,-1.783,-1,400.000,-1,400.000,-1,325.000,325.000,300.000,300.000,700.000,-1,-1,-1,775.000,750.000,-1,-1,2,0,2,0,2,0,0,0,0,1,2,2,2,0,0,2,2
38,-5194.236,-7305.551,-81.664,150.122,-0.867547,-0.497296,0.007753,0.496743,-0.865599,0.063118,-0.024677,0.058609,0.997976,0,0.62763,-0.89492,37.658,-1.790,-1,400.000,-1,400.000,-1,325.000,325.000,300.000,300.000,700.000,-1,-1,-1,775.000,750.000,-1,-1,2,0,2,0,2,0,0,0,0,1,2,2,2,0,0,2,2
39,-5226.217,-7285.817,-82.650,148.325,-0.851541,-0.524233,0.007575,0.523613,-0.849623,0.063018,-0.026600,0.057629,0.997984,0,0.62631,-0.89878,37.579,-1.798,-1,400.000,-1,400.000,-1,325.000,325.000,300.000,300.000,725.000,-1,-1,-1,775.000,750.000,-1,-1,2,0,2,0,2,0,0,0,0,1,2,2,2,0,0,2,2
40,-5257.522,-7265.111,-83.699,146.519,-0.834619,-0.550778,0.007407,0.550091,-0.832732,0.062903,-0.028477,0.056575,0.997992,0,0.62554,-0.90286,37.532,-1.806,-1,400.000,-1,400.000,-1,325.000,325.000,300.000,300.000,750.000,-1,-1,-1,750.000,750.000,-1,-1,2,0,2,0,2,0,0,0,0,1,2,2,2,0,0,2,2
41,-5288.143,-7243.432,-84.800,144.705,-0.816779,-0.576905,0.007251,0.576155,-0.814930,0.062720,-0.030274,0.055406,0.998005,0,0.62531,-0.90715,37.518,-1.814,-1,400.000,-1,400.000,-1,325.000,325.000,300.000,300.000,775.000,-1,-1,-1,750.000,750.000,-1,-1,2,0,2,0,2,0,0,0,0,1,2,2,2,0,0,2,2
42,-5318.074,-7220.779,-85.968,142.881,-0.798026,-0.602582,0.007097,0.601772,-0.796216,0.062539,-0.032034,0.054179,0.998017,0,0.62560,-0.91164,37.536,-1.823,-1,400.000,-1,400.000,-1,325.000,325.000,300.000,300.000,800.000,-1,-1,-1,750.000,750.000,-1,-1,2,0,2,0,2,0,0,0,0,1,2,2,2,0,0,2,2
43,-5347.302,-7197.150,-87.226,141.049,-0.778361,-0.627777,0.007049,0.626912,-0.776588,0.062381,-0.033687,0.052974,0.998027,0,0.62639,-0.91632,37.583,-1.833,-1,400.000,-1,400.000,-1,325.000,325.000,300.000,300.000,850.000,-1,-1,-1,750.000,750.000,-1,-1,2,0,2,0,2,0,0,0,0,1,2,2,2,0,0,2,2
44,-5375.813,-7172.545,-88.554,139.206,-0.757789,-0.652462,0.007017,0.651545,-0.756054,0.062220,-0.035291,0.051721,0.998038,0,0.62767,-0.92117,37.660,-1.842,-1,400.000,-1,400.000,-1,325.000,325.000,300.000,300.000,900.000,-1,-1,-1,750.000,750.000,-1,-1,2,0,2,0,2,0,0,0,0,1,2,2,2,0,0,2,2
45,-5403.590,-7146.960,-89.949,137.354,-0.736312,-0.676606,0.006980,0.675638,-0.734618,0.062050,-0.036855,0.050404,0.998049,0,0.62940,-0.92619,37.764,-1.852,-1,400.000,-1,400.000,-1,325.000,325.000,300.000,300.000,950.000,-1,-1,-1,750.000,750.000,-1,-1,2,0,2,0,2,0,0,0,0,1,2,2,2,0,0,2,2
46,-5430.614,-7120.394,-91.406,135.491,-0.713937,-0.700175,0.006942,0.699157,-0.712285,0.061895,-0.038392,0.049043,0.998059,0,0.63157,-0.93138,37.894,-1.863,-1,400.000,-1,400.000,-1,325.000,325.000,300.000,300.000,-1,-1,-1,-1,750.000,750.000,-1,-1,2,0,2,0,2,0,0,0,0,2,2,2,2,0,0,2,2
47,-5456.862,-7092.847,-92.914,133.618,-0.690673,-0.723135,0.006911,0.722064,-0.689059,0.061817,-0.039940,0.047686,0.998064,0,0.63416,-0.93672,38.050,-1.873,-1,400.000,-1,400.000,-1,325.000,325.000,300.000,300.000,-1,-1,-1,-1,750.000,750.000,-1,-1,2,0,2,0,2,0,0,0,0,2,2,2,2,0,0,2,2
48,-5482.308,-7064.318,-94.487,131.733,-0.666524,-0.745451,0.006882,0.744330,-0.664952,0.061737,-0.041446,0.046271,0.998069,0,0.63713,-0.94220,38.228,-1.884,-1,400.000,-1,400.000,-1,325.000,325.000,300.000,300.000,-1,-1,-1,-1,750.000,750.000,-1,-1,2,0,2,0,2,0,0,0,0,2,2,2,2,0,0,2,2
49,-5506.925,-7034.811,-96.127,129.838,-0.641502,-0.767091,0.006853,0.765921,-0.639972,0.061652,-0.042907,0.044799,0.998074,0,0.64045,-0.94782,38.427,-1.896,-1,400.000,-1,400.000,-1,325.000,325.000,300.000,300.000,-1,-1,-1,-1,750.000,750.000,-1,-1,2,0,2,0,2,0,0,0,0,2,2,2,2,0,0,2,2
50,-5530.680,-7004.327,-97.834,127.931,-0.615615,-0.788017,0.006824,0.786800,-0.614131,0.061563,-0.044322,0.043268,0.998080,0,0.64411,-0.95357,38.647,-1.907,-1,400.000,-1,400.000,-1,325.000,325.000,300.000,300.000,-1,-1,-1,-1,750.000,750.000,-1,-1,2,0,2,0,2,0,0,0,0,2,2,2,2,0,0,2,2
51,-5553.542,-6972.873,-99.601,126.012,-0.588878,-0.808193,0.006835,0.806932,-0.587439,0.061452,-0.045650,0.041703,0.998087,0,0.64807,-0.95944,38.884,-1.919,-1,400.000,-1,400.000,-1,325.000,325.000,300.000,300.000,-1,-1,-1,-1,750.000,750.000,-1,-1,2,0,2,0,2,0,0,0,0,2,2,2,2,0,0,2,2
52,-5575.473,-6940.456,-101.432,124.081,-0.561303,-0.827582,0.006892,0.826283,-0.559911,0.061286,-0.046860,0.040094,0.998096,0,0.65230,-0.96544,39.138,-1.931,-1,400.000,-1,400.000,-1,325.000,325.000,300.000,300.000,-1,-1,-1,-1,750.000,750.000,-1,-1,2,0,2,0,2,0,0,0,0,2,2,2,2,0,0,2,2
53,-5596.703,-6906.661,-103.352,122.138,-0.532906,-0.846146,0.006941,0.844810,-0.531564,0.061118,-0.048025,0.038434,0.998106,0,0.66518,-0.97153,39.911,-1.943,-1,400.000,-1,400.000,-1,325.000,325.000,300.000,300.000,-1,-1,-1,-1,750.000,750.000,-1,-1,2,0,2,0,2,0,0,0,0,2,2,2,2,0,0,2,2
54,-5616.807,-6872.097,-105.325,120.187,-0.503769,-0.863810,0.006983,0.862439,-0.502477,0.060952,-0.049143,0.036728,0.998116,0,0.66642,-0.97563,39.985,-1.951,-1,400.000,-1,400.000,-1,325.000,325.000,300.000,300.000,-1,-1,-1,-1,750.000,750.000,-1,-1,2,0,2,0,2,0,0,0,0,2,2,2,2,0,0,2,2
55,-5635.765,-6836.778,-107.353,118.227,-0.473911,-0.880545,0.007018,0.879140,-0.472670,0.060789,-0.050210,0.034978,0.998126,0,0.66808,-0.97996,40.085,-1.960,-1,400.000,-1,400.000,-1,325.000,325.000,300.000,300.000,-1,-1,-1,-1,750.000,750.000,-1,-1,2,0,2,0,2,0,0,0,0,2,2,2,2,0,0,2,2
56,-5653.554,-6800.717,-109.434,116.257,-0.443350,-0.896321,0.007046,0.894884,-0.442162,0.060627,-0.051226,0.033184,0.998136,0,0.67017,-0.98454,40.210,-1.969,-1,400.000,-1,400.000,-1,325.000,325.000,300.000,300.000,-1,-1,-1,-1,750.000,750.000,-1,-1,2,0,2,0,2,0,0,0,0,2,2,2,2,0,0,2,2
57,-5670.148,-6763.926,-111.567,114.279,-0.412108,-0.911107,0.007068,0.909639,-0.410975,0.060468,-0.052188,0.031349,0.998145,0,0.67266,-0.98935,40.360,-1.979,-1,400.000,-1,400.000,-1,325.000,325.000,300.000,300.000,-1,-1,-1,-1,750.000,750.000,-1,-1,2,0,2,0,2,0,0,0,0,2,2,2,2,0,0,2,2
58,-5687.459,-6722.216,-113.996,112.540,-0.384245,-0.923204,0.007094,0.921711,-0.383161,0.060297,-0.052949,0.029708,0.998155,0,0.75266,-0.86935,45.160,-1.739,-1,400.000,-1,400.000,-1,325.000,325.000,300.000,300.000,-1,-1,-1,-1,750.000,750.000,-1,-1,2,0,2,0,2,0,0,0,0,2,2,2,2,0,0,2,2
59,-5705.396,-6675.587,-116.722,111.041,-0.359941,-0.932948,0.007122,0.931438,-0.358899,0.060116,-0.053529,0.028272,0.998166,0,0.83266,-0.74935,49.960,-1.499,-1,400.000,-1,400.000,-1,325.000,325.000,300.000,300.000,-1,-1,-1,-1,750.000,750.000,-1,-1,2,0,2,0,2,0,0,0,0,2,2,2,2,0,0,2,2
60,-5722.987,-6626.679,-119.557,109.783,-0.339330,-0.940641,0.007008,0.939113,-0.338331,0.059984,-0.054052,0.026936,0.998175,0,0.86626,-0.62935,51.976,-1.259,-1,400.000,-1,400.000,-1,325.000,325.000,300.000,300.000,-1,-1,-1,-1,750.000,750.000,-1,-1,2,0,2,0,2,0,0,0,0,2,2,2,2,0,0,2,2
61,-5739.706,-6577.465,-122.404,108.764,-0.322523,-0.946537,0.006864,0.944996,-0.321565,0.059820,-0.054414,0.025780,0.998186,0,0.86626,-0.50935,51.976,-1.019,-1,400.000,-1,400.000,-1,325.000,325.000,300.000,300.000,-1,-1,-1,-1,750.000,750.000,-1,-1,2,0,2,0,2,0,0,0,0,2,2,2,2,0,0,2,2
62,-5755.708,-6528.014,-125.268,107.931,-0.308701,-0.951135,0.006713,0.949586,-0.307777,0.059661,-0.054680,0.024792,0.998196,0,0.86626,-0.41651,51.976,-0.833,-1,400.000,-1,400.000,-1,325.000,325.000,300.000,300.000,-1,-1,-1,-1,750.000,750.000,-1,-1,2,0,2,0,2,0,0,0,0,2,2,2,2,0,0,2,2
63,-5770.989,-6478.335,-128.138,107.098,-0.294816,-0.955531,0.006594,0.953971,-0.293923,0.059563,-0.054976,0.023850,0.998203,0,0.86626,-0.41651,51.976,-0.833,-1,400.000,-1,400.000,-1,325.000,325.000,300.000,300.000,-1,-1,-1,-1,750.000,750.000,-1,-1,2,0,2,0,2,0,0,0,0,2,2,2,2,0,0,2,2
64,-5785.546,-6428.440,-131.007,106.265,-0.280872,-0.959723,0.006543,0.958152,-0.280006,0.059515,-0.055285,0.022985,0.998206,0,0.86626,-0.41651,51.976,-0.833,-1,400.000,-1,400.000,-1,325.000,325.000,300.000,300.000,-1,-1,-1,-1,750.000,750.000,-1,-1,2,0,2,0,2,0,0,0,0,2,2,2,2,0,0,2,2
65,-5799.376,-6378.338,-133.892,105.432,-0.266868,-0.963711,0.006501,0.962129,-0.266029,0.059462,-0.055575,0.022124,0.998209,0,0.86626,-0.41651,51.976,-0.833,-1,400.000,-1,400.000,-1,325.000,325.000,300.000,300.000,-1,-1,-1,-1,750.000,750.000,-1,-1,2,0,2,0,2,0,0,0,0,2,2,2,2,0,0,2,2
66,-5812.477,-6328.040,-136.794,104.599,-0.252807,-0.967495,0.006456,0.965903,-0.251994,0.059410,-0.055852,0.021255,0.998213,0,0.86626,-0.41651,51.976,-0.833,-1,400.000,-1,400.000,-1,325.000,325.000,300.000,300.000,-1,-1,-1,-1,750.000,750.000,-1,-1,2,0,2,0,2,0,0,0,0,2,2,2,2,0,0,2,2
67,-5824.844,-6277.557,-139.714,103.766,-0.238692,-0.971074,0.006406,0.969473,-0.237906,0.059357,-0.056116,0.020379,0.998216,0,0.86626,-0.41651,51.976,-0.833,-1,400.000,-1,400.000,-1,325.000,325.000,300.000,300.000,-1,-1,-1,-1,750.000,750.000,-1,-1,2,0,2,0,2,0,0,0,0,2,2,2,2,0,0,2,2
68,-5836.477,-6226.900,-142.649,102.933,-0.224525,-0.974448,0.006353,0.972837,-0.223767,0.059305,-0.056368,0.019496,0.998220,0,0.86626,-0.41651,51.976,-0.833,-1,400.000,-1,400.000,-1,325.000,325.000,300.000,300.000,-1,-1,-1,-1,750.000,750.000,-1,-1,2,0,2,0,2,0,0,0,0,2,2,2,2,0,0,2,2
69,-5847.372,-6176.079,-145.601,102.100,-0.210310,-0.977614,0.006296,0.975994,-0.209580,0.059254,-0.056608,0.018607,0.998223,0,0.86626,-0.41651,51.976,-0.833,-1,400.000,-1,400.000,-1,325.000,325.000,300.000,300.000,-1,-1,-1,-1,750.000,750.000,-1,-1,2,0,2,0,2,0,0,0,0,2,2,2,2,0,0,2,2
70,-5857.526,-6125.105,-148.567,101.267,-0.196050,-0.980574,0.006236,0.978945,-0.195348,0.059202,-0.056833,0.017712,0.998227,0,0.86626,-0.41651,51.976,-0.833,-1,400.000,-1,400.000,-1,325.000,325.000,300.000,300.000,-1,-1,-1,-1,750.000,750.000,-1,-1,2,0,2,0,2,0,0,0,0,2,2,2,2,0,0,2,2
71,-5866.939,-6073.989,-151.547,100.434,-0.181748,-0.983326,0.006173,0.981689,-0.181074,0.059150,-0.057046,0.016811,0.998230,0,0.86626,-0.41651,51.976,-0.833,-1,400.000,-1,400.000,-1,325.000,325.000,300.000,300.000,-1,-1,-1,-1,750.000,750.000,-1,-1,2,0,2,0,2,0,0,0,0,2,2,2,2,0,0,2,2
72,-5875.608,-6022.741,-154.541,99.601,-0.167407,-0.985869,0.006109,0.984225,-0.166762,0.059098,-0.057244,0.015906,0.998234,0,0.86626,-0.41651,51.976,-0.833,-1,400.000,-1,400.000,-1,325.000,325.000,300.000,300.000,-1,-1,-1,-1,750.000,750.000,-1,-1,2,0,2,0,2,0,0,0,0,2,2,2,2,0,0,2,2
73,-5883.530,-5971.372,-157.548,98.768,-0.153030,-0.988203,0.006044,0.986552,-0.152413,0.059043,-0.057426,0.014998,0.998237,0,0.86626,-0.41651,51.976,-0.833,-1,400.000,-1,400.000,-1,325.000,325.000,300.000,300.000,-1,-1,-1,-1,750.000,750.000,-1,-1,2,0,2,0,2,0,0,0,0,2,2,2,2,0,0,2,2
74,-5890.705,-5919.894,-160.556,97.935,-0.138618,-0.990328,0.005936,0.988669,-0.138032,0.058998,-0.057608,0.014047,0.998240,0,0.86626,-0.41651,51.976,-0.833,-1,400.000,-1,400.000,-1,325.000,325.000,300.000,300.000,-1,-1,-1,-1,750.000,750.000,-1,-1,2,0,2,0,2,0,0,0,0,2,2,2,2,0,0,2,2
75,-5897.131,-5868.317,-163.559,97.102,-0.124173,-0.992244,0.005781,0.990578,-0.123621,0.058940,-0.057768,0.013045,0.998245,0,0.86626,-0.41651,51.976,-0.833,-1,400.000,-1,400.000,-1,325.000,325.000,300.000,300.000,-1,-1,-1,-1,750.000,750.000,-1,-1,2,0,2,0,2,0,0,0,0,2,2,2,2,0,0,2,2
76,-5902.806,-5816.652,-166.538,96.269,-0.109709,-0.993947,0.005768,0.992279,-0.109184,0.058834,-0.057848,0.012178,0.998251,0,0.86626,-0.41651,51.976,-0.833,-1,400.000,-1,400.000,-1,325.000,325.000,300.000,300.000,-1,-1,-1,-1,750.000,750.000,-1,-1,2,0,2,0,2,0,0,0,0,2,2,2,2,0,0,2,2
77,-5907.730,-5764.910,-169.526,95.436,-0.095222,-0.995439,0.005760,0.993770,-0.094723,0.058719,-0.057906,0.011315,0.998258,0,0.86626,-0.41651,51.976,-0.833,-1,400.000,-1,400.000,-1,325.000,325.000,300.000,300.000,-1,-1,-1,-1,750.000,750.000,-1,-1,2,0,2,0,2,0,0,0,0,2,2,2,2,0,0,2,2
78,-5911.901,-5713.102,-172.522,94.603,-0.080715,-0.996721,0.005748,0.995051,-0.080242,0.058601,-0.057948,0.010450,0.998265,0,0.86626,-0.41651,51.976,-0.833,-1,400.000,-1,400.000,-1,325.000,325.000,300.000,300.000,-1,-1,-1,-1,750.000,750.000,-1,-1,2,0,2,0,2,0,0,0,0,2,2,2,2,0,0,2,2
79,-5915.318,-5661.239,-175.527,93.770,-0.066190,-0.997791,0.005733,0.996121,-0.065743,0.058480,-0.057974,0.009582,0.998272,0,0.86626,-0.41651,51.976,-0.833,-1,400.000,-1,400.000,-1,325.000,325.000,300.000,300.000,-1,-1,-1,-1,750.000,750.000,-1,-1,2,0,2,0,2,0,0,0,0,2,2,2,2,0,0,2,2
80,-5917.980,-5609.331,-178.539,92.937,-0.051650,-0.998649,0.005714,0.996980,-0.051230,0.058357,-0.057986,0.008711,0.998279,0,0.86626,-0.41651,51.976,-0.833,-1,400.000,-1,400.000,-1,325.000,325.000,300.000,300.000,-1,-1,-1,-1,750.000,750.000,-1,-1,2,0,2,0,2,0,0,0,0,2,2,2,2,0,0,2,2
81,-5919.888,-5557.391,-181.559,92.104,-0.037100,-0.999295,0.005692,0.997628,-0.036706,0.058233,-0.057983,0.007839,0.998287,0,0.86626,-0.41651,51.976,-0.833,-1,400.000,-1,400.000,-1,325.000,325.000,300.000,300.000,-1,-1,-1,-1,750.000,750.000,-1,-1,2,0,2,0,2,0,0,0,0,2,2,2,2,0,0,2,2
82,-5921.041,-5505.428,-184.585,91.271,-0.022541,-0.999730,0.005665,0.998064,-0.022174,0.058107,-0.057966,0.006964,0.998294,0,0.86626,-0.41651,51.976,-0.833,-1,400.000,-1,400.000,-1,325.000,325.000,300.000,300.000,-1,-1,-1,-1,750.000,750.000,-1,-1,2,0,2,0,2,0,0,0,0,2,2,2,2,0,0,2,2
83,-5921.629,-5455.662,-187.486,90.678,-0.012173,-0.999910,0.005637,0.998247,-0.011826,0.057987,-0.057915,0.006333,0.998301,0,0.82948,-0.29651,49.769,-0.593,-1,400.000,-1,400.000,-1,325.000,325.000,300.000,300.000,-1,-1,-1,-1,750.000,750.000,-1,-1,2,0,2,0,2,0,0,0,0,2,2,2,2,0,0,2,2
84,-5921.911,-5405.894,-190.390,90.325,-0.005999,-0.999966,0.005608,0.998308,-0.005665,0.057868,-0.057834,0.005946,0.998308,0,0.82948,-0.17651,49.769,-0.353,-1,400.000,-1,400.000,-1,325.000,325.000,300.000,300.000,-1,-1,-1,-1,750.000,750.000,-1,-1,2,0,2,0,2,0,0,0,0,2,2,2,2,0,0,2,2
85,-5922.095,-5356.126,-193.294,90.212,-0.004021,-0.999976,0.005580,0.998324,-0.003692,0.057750,-0.057728,0.005803,0.998315,0,0.82948,-0.05651,49.769,-0.113,-1,400.000,-1,400.000,-1,325.000,325.000,300.000,300.000,-1,-1,-1,-1,750.000,750.000,-1,-1,2,0,2,0,2,0,0,0,0,2,2,2,2,0,0,2,2
86,-5922.389,-5306.357,-196.197,90.339,-0.006239,-0.999965,0.005553,0.998320,-0.005909,0.057633,-0.057598,0.005904,0.998322,0,0.82948,0.06349,49.769,0.127,-1,400.000,-1,400.000,-1,325.000,325.000,300.000,300.000,-1,-1,-1,-1,750.000,750.000,-1,-1,2,0,2,0,2,0,0,0,0,2,2,2,2,0,0,2,2
87,-5923.002,-5256.592,-199.097,90.706,-0.012652,-0.999905,0.005529,0.998269,-0.012313,0.057518,-0.057444,0.006247,0.998329,0,0.82948,0.18349,49.769,0.367,-1,400.000,-1,400.000,-1,325.000,325.000,300.000,300.000,-1,-1,-1,-1,750.000,750.000,-1,-1,2,0,2,0,2,0,0,0,0,2,2,2,2,0,0,2,2
88,-5924.142,-5206.836,-201.899,91.313,-0.023265,-0.999714,0.005624,0.998093,-0.022905,0.057321,-0.057176,0.006947,0.998340,0,0.82948,0.30349,49.769,0.607,-1,400.000,-1,400.000,-1,325.000,325.000,300.000,300.000,-1,-1,-1,-1,750.000,750.000,-1,-1,2,0,2,0,2,0,0,0,0,2,2,2,2,0,0,2,2
89,-5926.017,-5157.103,-204.669,92.159,-0.038071,-0.999258,0.005785,0.997660,-0.037680,0.057058,-0.056798,0.007944,0.998354,0,0.82948,0.42349,49.769,0.847,-1,400.000,-1,400.000,-1,325.000,325.000,300.000,300.000,-1,-1,-1,-1,725.000,750.000,-1,-1,2,0,2,0,2,0,0,0,0,2,2,2,2,0,0,2,2
90,-5928.836,-5107.414,-207.429,93.246,-0.057057,-0.998353,0.005948,0.996779,-0.056629,0.056795,-0.056365,0.009170,0.998368,0,0.82948,0.54349,49.769,1.087,-1,400.000,-1,400.000,-1,325.000,325.000,300.000,300.000,-1,-1,-1,-1,725.000,750.000,-1,-1,2,0,2,0,2,0,0,0,0,2,2,2,2,0,0,2,2
91,-5932.804,-5057.803,-210.176,94.573,-0.080204,-0.996760,0.006115,0.995212,-0.079732,0.056529,-0.055859,0.010619,0.998382,0,0.82948,0.66349,49.769,1.327,-1,400.000,-1,400.000,-1,325.000,325.000,300.000,300.000,-1,-1,-1,-1,725.000,750.000,-1,-1,2,0,2,0,2,0,0,0,0,2,2,2,2,0,0,2,2
92,-5938.004,-5008.307,-212.895,95.996,-0.104977,-0.994454,0.006334,0.992938,-0.104459,0.056230,-0.055257,0.012192,0.998398,0,0.82948,0.71150,49.769,1.423,-1,400.000,-1,400.000,-1,325.000,325.000,300.000,300.000,-1,-1,-1,-1,725.000,750.000,-1,-1,2,0,2,0,2,0,0,0,0,2,2,2,2,0,0,2,2
93,-5944.431,-4958.954,-215.589,97.419,-0.129685,-0.991533,0.006586,0.990051,-0.129120,0.055914,-0.054590,0.013772,0.998414,0,0.82948,0.71150,49.769,1.423,-1,400.000,-1,400.000,-1,325.000,325.000,300.000,300.000,-1,-1,-1,-1,725.000,750.000,-1,-1,2,0,2,0,2,0,0,0,0,2,2,2,2,0,0,2,2
94,-5952.081,-4909.777,-218.261,98.842,-0.154312,-0.987998,0.006855,0.986553,-0.153700,0.055589,-0.053868,0.015341,0.998430,0,0.82948,0.71150,49.769,1.423,-1,400.000,-1,400.000,-1,325.000,325.000,300.000,300.000,-1,-1,-1,-1,725.000,750.000,-1,-1,2,0,2,0,2,0,0,0,0,2,2,2,2,0,0,2,2
95,-5960.951,-4860.805,-220.907,100.265,-0.178841,-0.983852,0.007142,0.982444,-0.178184,0.055257,-0.053092,0.016899,0.998447,0,0.82948,0.71150,49.769,1.423,-1,400.000,-1,400.000,-1,325.000,325.000,300.000,300.000,-1,-1,-1,-1,725.000,750.000,-1,-1,2,0,2,0,2,0,0,0,0,2,2,2,2,0,0,2,2
96,-5971.034,-4812.068,-223.526,101.688,-0.203257,-0.979097,0.007446,0.977730,-0.202556,0.054917,-0.052261,0.018442,0.998463,0,0.82948,0.71150,49.769,1.423,-1,400.000,-1,400.000,-1,325.000,325.000,300.000,300.000,-1,-1,-1,-1,725.000,750.000,-1,-1,2,0,2,0,2,0,0,0,0,2,2,2,2,0,0,2,2
97,-5982.324,-4763.597,-226.116,103.111,-0.227546,-0.973736,0.007768,0.972411,-0.226801,0.054568,-0.051373,0.019971,0.998480,0,0.82948,0.71150,49.769,1.423,-1,400.000,-1,400.000,-1,325.000,325.000,300.000,300.000,-1,-1,-1,-1,725.000,750.000,-1,-1,2,0,2,0,2,0,0,0,0,2,2,2,2,0,0,2,2
98,-5994.814,-4715.421,-228.674,104.534,-0.251692,-0.967773,0.008109,0.966493,-0.250905,0.054210,-0.050429,0.021482,0.998497,0,0.82948,0.71150,49.769,1.423,-1,375.000,-1,400.000,-1,325.000,325.000,300.000,300.000,-1,-1,-1,-1,725.000,750.000,-1,-1,2,0,2,0,2,0,0,0,0,2,2,2,2,0,0,2,2
99,-6008.497,-4667.570,-231.193,105.957,-0.275679,-0.961213,0.008444,0.959977,-0.274852,0.053855,-0.049445,0.022952,0.998513,0,0.82948,0.71150,49.769,1.423,-1,375.000,-1,400.000,-1,325.000,325.000,300.000,300.000,-1,-1,-1,-1,725.000,750.000,-1,-1,2,0,2,0,2,0,0,0,0,2,2,2,2,0,0,2,2
100,-6023.364,-4620.073,-233.638,107.381,-0.299487,-0.954061,0.008654,0.952870,-0.298628,0.053474,-0.048433,0.024260,0.998532,0,0.82948,0.71150,49.769,1.423,-1,375.000,-1,400.000,-1,325.000,325.000,300.000,300.000,-1,-1,-1,-1,725.000,750.000,-1,-1,2,0,2,0,2,0,0,0,0,2,2,2,2,0,0,2,2
101,-6039.406,-4572.961,-236.029,108.804,-0.323104,-0.946322,0.008841,0.945179,-0.322219,0.053021,-0.047326,0.025488,0.998554,0,0.82948,0.71150,49.769,1.423,-1,375.000,-1,400.000,-1,325.000,325.000,300.000,300.000,-1,-1,-1,-1,725.000,750.000,-1,-1,2,0,2,0,2,0,0,0,0,2,2,2,2,0,0,2,2
102,-6056.613,-4526.261,-238.377,110.227,-0.346520,-0.937999,0.009041,0.936906,-0.345609,0.052545,-0.046162,0.026679,0.998578,0,0.82948,0.71150,49.769,1.423,-1,375.000,-1,400.000,-1,325.000,325.000,300.000,300.000,-1,-1,-1,-1,725.000,750.000,-1,-1,2,0,2,0,2,0,0,0,0,2,2,2,2,0,0,2,2
103,-6074.975,-4480.003,-240.628,111.650,-0.369728,-0.929093,0.009387,0.928044,-0.368783,0.052277,-0.045108,0.028040,0.998588,0,0.82948,0.71150,49.769,1.423,-1,375.000,-1,400.000,-1,325.000,325.000,300.000,300.000,-1,-1,-1,-1,725.000,750.000,-1,-1,2,0,2,0,2,0,0,0,0,2,2,2,2,0,0,2,2
104,-6094.480,-4434.216,-242.808,113.073,-0.392708,-0.919610,0.009842,0.918613,-0.391726,0.051968,-0.043934,0.029450,0.998600,0,0.82948,0.71150,49.769,1.423,-1,375.000,-1,400.000,-1,325.000,325.000,300.000,300.000,-1,-1,-1,-1,725.000,750.000,-1,-1,2,0,2,0,2,0,0,0,0,2,2,2,2,0,0,2,2
105,-6115.562,-4387.428,-244.998,114.256,-0.411629,-0.911293,0.010387,0.910347,-0.410613,0.051618,-0.042774,0.030704,0.998613,0,0.85531,0.59150,51.319,1.183,-1,375.000,-1,400.000,-1,325.000,325.000,300.000,300.000,-1,-1,-1,-1,725.000,750.000,-1,-1,2,0,2,0,2,0,0,0,0,2,2,2,2,0,0,2,2
106,-6137.412,-4340.993,-247.130,115.199,-0.426587,-0.904380,0.010977,0.903482,-0.425541,0.051332,-0.041752,0.031815,0.998621,0,0.85531,0.47150,51.319,0.943,-1,375.000,-1,400.000,-1,325.000,325.000,300.000,300.000,-1,-1,-1,-1,725.000,750.000,-1,-1,2,0,2,0,2,0,0,0,0,2,2,2,2,0,0,2,2
107,-6159.829,-4294.830,-249.222,115.902,-0.437665,-0.899064,0.011579,0.898210,-0.436592,0.051050,-0.040842,0.032743,0.998629,0,0.85531,0.35150,51.319,0.703,-1,375.000,-1,400.000,-1,325.000,325.000,300.000,300.000,-1,-1,-1,-1,725.000,750.000,-1,-1,2,0,2,0,2,0,0,0,0,2,2,2,2,0,0,2,2
108,-6182.619,-4248.850,-251.284,116.365,-0.444927,-0.895484,0.012188,0.894671,-0.443832,0.050765,-0.040050,0.033491,0.998636,0,0.85531,0.23150,51.319,0.463,-1,375.000,-1,400.000,-1,325.000,325.000,300.000,300.000,-1,-1,-1,-1,725.000,750.000,-1,-1,2,0,2,0,2,0,0,0,0,2,2,2,2,0,0,2,2
109,-6205.588,-4202.958,-253.321,116.588,-0.448418,-0.893732,0.012804,0.892956,-0.447305,0.050475,-0.039384,0.034067,0.998643,0,0.85531,0.11150,51.319,0.223,-1,375.000,-1,400.000,-1,325.000,325.000,300.000,300.000,-1,-1,-1,-1,725.000,750.000,-1,-1,2,0,2,0,2,0,0,0,0,2,2,2,2,0,0,2,2
110,-6228.542,-4157.060,-255.342,116.571,-0.448160,-0.893852,0.013424,0.893109,-0.447034,0.050175,-0.038848,0.034476,0.998650,0,0.85531,-0.00850,51.319,-0.017,-1,375.000,-1,400.000,-1,325.000,325.000,300.000,300.000,-1,-1,-1,-1,725.000,750.000,-1,-1,2,0,2,0,2,0,0,0,0,2,2,2,2,0,0,2,2
111,-6251.291,-4111.059,-257.353,116.314,-0.444153,-0.895841,0.014047,0.895126,-0.443016,0.049864,-0.038447,0.034721,0.998657,0,0.85531,-0.12850,51.319,-0.257,-1,375.000,-1,400.000,-1,325.000,325.000,300.000,300.000,-1,-1,-1,-1,725.000,750.000,-1,-1,2,0,2,0,2,0,0,0,0,2,2,2,2,0,0,2,2
112,-6273.640,-4064.862,-259.354,115.817,-0.436370,-0.899649,0.014625,0.898956,-0.435228,0.049548,-0.038211,0.034768,0.998665,0,0.85531,-0.24850,51.319,-0.497,-1,375.000,-1,400.000,-1,325.000,325.000,300.000,300.000,-1,-1,-1,-1,725.000,725.000,-1,-1,2,0,2,0,2,0,0,0,0,2,2,2,2,0,0,2,2
113,-6295.467,-4018.224,-261.353,115.080,-0.424764,-0.905178,0.015133,0.904500,-0.423623,0.049232,-0.038152,0.034600,0.998673,0,0.85822,-0.36850,51.493,-0.737,-1,375.000,-1,375.000,-1,325.000,325.000,300.000,300.000,-1,-1,-1,-1,725.000,725.000,-1,-1,2,0,2,0,2,0,0,0,0,2,2,2,2,0,0,2,2
114,-6316.655,-3970.863,-263.347,114.103,-0.409263,-0.912284,0.015559,0.911619,-0.408134,0.048752,-0.038125,0.034136,0.998690,0,0.86474,-0.48850,51.884,-0.977,-1,375.000,-1,400.000,-1,325.000,325.000,300.000,300.000,-1,-1,-1,-1,725.000,725.000,-1,-1,2,0,2,0,2,0,0,0,0,2,2,2,2,0,0,2,2
115,-6338.716,-3918.648,-265.525,112.905,-0.390096,-0.920636,0.015950,0.919985,-0.388987,0.048126,-0.038102,0.033448,0.998714,0,0.94474,-0.59879,56.684,-1.198,-1,375.000,-1,400.000,-1,325.000,325.000,300.000,300.000,-1,-1,-1,-1,725.000,725.000,-1,-1,2,0,2,0,2,0,0,0,0,2,2,2,2,0,0,2,2
116,-6360.176,-3864.754,-267.769,111.712,-0.370828,-0.928558,0.016310,0.927922,-0.369740,0.047469,-0.038047,0.032737,0.998740,0,0.96683,-0.59660,58.010,-1.193,-1,375.000,-1,400.000,-1,325.000,325.000,300.000,300.000,-1,-1,-1,-1,725.000,725.000,-1,-1,2,0,2,0,2,0,0,0,0,2,2,2,2,0,0,2,2
117,-6380.660,-3810.037,-269.989,110.524,-0.351496,-0.936038,0.016821,0.935412,-0.350416,0.047039,-0.038136,0.032269,0.998751,0,0.97375,-0.59395,58.425,-1.188,-1,375.000,-1,400.000,-1,325.000,325.000,300.000,300.000,-1,-1,-1,-1,725.000,725.000,-1,-1,2,0,2,0,2,0,0,0,0,2,2,2,2,0,0,2,2
118,-6400.145,-3754.526,-272.189,109.342,-0.332121,-0.943073,0.017593,0.942469,-0.331040,0.046521,-0.038049,0.032032,0.998762,0,0.98053,-0.59084,58.832,-1.182,-1,375.000,-1,400.000,-1,325.000,325.000,300.000,300.000,-1,-1,-1,-1,700.000,725.000,950.000,-1,2,0,2,0,2,0,0,0,0,2,2,2,2,1,0,1,2
119,-6418.612,-3698.252,-274.422,108.168,-0.312723,-0.949667,0.018353,0.949086,-0.311642,0.045998,-0.037963,0.031803,0.998773,0,0.98711,-0.58725,59.227,-1.175,1000.000,375.000,-1,400.000,-1,325.000,325.000,300.000,300.000,-1,-1,-1,-1,675.000,725.000,875.000,-1,1,0,2,0,2,0,0,0,0,2,2,2,2,1,0,1,2
120,-6436.041,-3641.249,-276.690,107.001,-0.293330,-0.955820,0.019100,0.955260,-0.292250,0.045472,-0.037881,0.031584,0.998783,0,0.99346,-0.58316,59.607,-1.166,900.000,375.000,-1,400.000,-1,325.000,325.000,300.000,300.000,-1,-1,-1,-1,650.000,725.000,800.000,-1,1,0,2,0,2,0,0,0,0,2,2,2,2,1,0,1,2
121,-6452.414,-3583.556,-278.990,105.844,-0.273971,-0.961533,0.019833,0.960995,-0.272890,0.044944,-0.037803,0.031373,0.998793,0,0.99952,-0.57854,59.971,-1.157,825.000,375.000,-1,400.000,-1,325.000,325.000,300.000,300.000,-1,-1,-1,-1,650.000,725.000,750.000,-1,1,0,2,0,2,0,0,0,0,2,2,2,2,1,0,1,2
122,-6467.637,-3525.520,-281.312,104.698,-0.254675,-0.966808,0.020548,0.966290,-0.253594,0.044418,-0.037733,0.031167,0.998802,0,1.00000,-0.57337,60.000,-1.147,725.000,375.000,-1,375.000,-1,325.000,325.000,300.000,300.000,-1,-1,-1,-1,625.000,725.000,700.000,-1,1,0,2,0,2,0,0,0,0,2,2,2,2,1,0,1,2
123,-6481.707,-3467.193,-283.655,103.562,-0.235471,-0.971649,0.021244,0.971151,-0.234391,0.043895,-0.037671,0.030967,0.998810,0,1.00000,-0.56764,60.000,-1.135,650.000,375.000,-1,375.000,-1,325.000,325.000,300.000,300.000,-1,-1,-1,-1,625.000,725.000,650.000,-1,1,0,2,0,2,0,0,0,0,2,2,2,2,1,0,1,2
124,-6494.632,-3408.601,-286.018,102.440,-0.216390,-0.976061,0.021921,0.975582,-0.215309,0.043377,-0.037619,0.030772,0.998818,0,1.00000,-0.56134,60.000,-1.123,600.000,375.000,-1,375.000,-1,325.000,325.000,300.000,300.000,-1,-1,-1,-1,600.000,725.000,600.000,-1,1,0,2,0,2,0,0,0,0,2,2,2,2,1,0,1,2
125,-6506.420,-3349.771,-288.403,101.331,-0.197461,-0.980051,0.022579,0.979590,-0.196381,0.042865,-0.037575,0.030582,0.998826,0,1.00000,-0.55445,60.000,-1.109,525.000,375.000,-1,375.000,-1,300.000,325.000,300.000,300.000,-1,-1,-1,-1,600.000,725.000,550.000,-1,1,0,2,0,2,0,0,0,0,2,2,2,2,1,0,1,2
126,-6517.083,-3290.726,-290.668,100.237,-0.178693,-0.983642,0.022726,0.983194,-0.177638,0.042128,-0.037402,0.029872,0.998854,0,1.00000,-0.54695,60.000,-1.094,475.000,375.000,-1,375.000,-1,300.000,300.000,300.000,300.000,-1,-1,-1,-1,600.000,700.000,525.000,-1,1,0,2,0,2,0,0,0,0,2,2,2,2,1,0,1,2
127,-6526.633,-3231.491,-292.805,99.159,-0.160119,-0.986842,0.022472,0.986405,-0.159113,0.041083,-0.036967,0.028745,0.998903,0,1.00000,-0.53882,60.000,-1.078,425.000,375.000,-1,375.000,-1,300.000,300.000,300.000,300.000,-1,-1,-1,-1,600.000,700.000,475.000,-1,1,0,2,0,2,0,0,0,0,2,2,2,2,1,0,1,2
128,-6535.087,-3172.089,-294.695,98.099,-0.141816,-0.989620,0.023263,0.989237,-0.140828,0.039709,-0.036020,0.028644,0.998940,0,1.00000,-0.53006,60.000,-1.060,375.000,375.000,-1,375.000,-1,300.000,300.000,300.000,300.000,-1,-1,-1,-1,600.000,700.000,450.000,-1,1,0,2,0,2,0,0,0,0,2,2,2,2,1,0,1,2
129,-6542.459,-3112.544,-296.602,97.058,-0.123790,-0.992017,0.024035,0.991689,-0.122821,0.038318,-0.035060,0.028579,0.998977,0,1.00000,-0.52064,60.000,-1.041,350.000,375.000,-1,375.000,-1,300.000,325.000,300.000,300.000,-1,-1,-1,-1,600.000,700.000,450.000,-1,1,0,2,0,2,0,0,0,0,2,2,2,2,1,0,1,2
130,-6548.769,-3052.877,-298.532,96.037,-0.106072,-0.994050,0.024759,0.993773,-0.105122,0.036928,-0.034105,0.028522,0.999011,0,1.00000,-0.51057,60.000,-1.021,325.000,375.000,-1,375.000,-1,325.000,325.000,300.000,300.000,-1,-1,975.000,-1,600.000,700.000,425.000,-1,1,0,2,0,2,0,0,0,0,2,2,0,2,1,0,1,2
131,-6554.037,-2993.108,-300.486,95.037,-0.088691,-0.995734,0.025436,0.995507,-0.087763,0.035540,-0.033156,0.028473,0.999045,0,1.00000,-0.49985,60.000,-1.000,300.000,375.000,-1,375.000,-1,325.000,325.000,300.000,300.000,-1,1000.000,925.000,-1,625.000,700.000,400.000,-1,1,0,2,0,2,0,0,0,0,2,0,0,2,1,0,1,2
132,-6558.285,-2933.259,-302.465,94.060,-0.071678,-0.997087,0.026066,0.996908,-0.070772,0.034156,-0.032212,0.028434,0.999077,0,1.00000,-0.48850,60.000,-0.977,300.000,375.000,-1,375.000,-1,325.000,325.000,300.000,300.000,-1,950.000,850.000,-1,625.000,700.000,400.000,-1,1,0,2,0,2,0,0,1,0,2,0,0,2,1,0,1,2
133,-6561.537,-2873.347,-304.468,93.107,-0.055060,-0.998127,0.026653,0.997993,-0.054177,0.032777,-0.031272,0.028404,0.999107,0,1.00000,-0.47655,60.000,-0.953,275.000,375.000,-1,375.000,-1,325.000,325.000,275.000,300.000,-1,900.000,800.000,-1,650.000,700.000,400.000,-1,1,0,2,0,2,0,0,1,0,2,0,0,2,1,0,1,2
134,-6563.818,-2813.390,-306.495,92.179,-0.038861,-0.998874,0.027196,0.998784,-0.038003,0.031404,-0.030335,0.028383,0.999137,0,1.00000,-0.46404,60.000,-0.928,275.000,375.000,-1,375.000,-1,300.000,325.000,250.000,300.000,-1,850.000,775.000,-1,650.000,700.000,425.000,1000.000,1,0,2,0,2,0,0,1,0,2,0,0,2,1,0,1,1
135,-6565.155,-2753.405,-308.548,91.277,-0.023106,-0.999349,0.027697,0.999301,-0.022272,0.030038,-0.029401,0.028372,0.999165,0,1.00000,-0.45104,60.000,-0.902,275.000,375.000,-1,375.000,-1,300.000,300.000,225.000,300.000,-1,800.000,725.000,-1,675.000,700.000,450.000,950.000,1,0,2,0,2,0,0,1,0,2,0,0,2,1,0,1,1
136,-6565.575,-2693.407,-310.625,90.401,-0.007812,-0.999573,0.028159,0.999564,-0.007004,0.028679,-0.028470,0.028371,0.999192,0,1.00000,-0.43764,60.000,-0.875,275.000,375.000,-1,375.000,1000.000,300.000,300.000,200.000,300.000,-1,775.000,700.000,-1,675.000,700.000,475.000,900.000,1,0,2,0,1,0,0,1,0,2,0,0,2,0,0,1,1
137,-6565.108,-2633.409,-312.726,89.554,0.007008,-0.999567,0.028589,0.999596,0.007790,0.027333,-0.027544,0.028386,0.999217,0,1.00000,-0.42397,60.000,-0.848,275.000,375.000,1000.000,375.000,950.000,300.000,300.000,200.000,300.000,-1,725.000,675.000,-1,675.000,700.000,500.000,850.000,1,0,1,0,1,0,0,1,0,2,0,0,2,0,0,1,1
