timestep,x_cm,y_cm,z_cm,yaw_deg,basis_xx,basis_xy,basis_xz,basis_yx,basis_yy,basis_yz,basis_zx,basis_zy,basis_zz,teleport_flag,throttle_cmd,steering_cmd,cmd_move_cm,cmd_turn_deg,lidar_cm_0,lidar_cm_1,lidar_cm_2,lidar_cm_3,lidar_cm_4,lidar_cm_5,lidar_cm_6,lidar_cm_7,lidar_cm_8,lidar_cm_9,lidar_cm_10,lidar_cm_11,lidar_cm_12,lidar_cm_13,lidar_cm_14,lidar_cm_15,lidar_cm_16,lidar_class_0,lidar_class_1,lidar_class_2,lidar_class_3,lidar_class_4,lidar_class_5,lidar_class_6,lidar_class_7,lidar_class_8,lidar_class_9,lidar_class_10,lidar_class_11,lidar_class_12,lidar_class_13,lidar_class_14,lidar_class_15,lidar_class_16
0,5577.524,1635.514,28.312,-64.100,0.437037,0.899241,-0.019083,-0.899374,0.436640,-0.021724,-0.011203,0.026657,0.999582,1,0.08000,0.12000,4.800,0.240,-1,400.000,-1,400.000,-1,325.000,325.000,300.000,300.000,-1,-1,-1,-1,800.000,750.000,-1,-1,2,0,2,0,2,0,0,0,0,2,2,2,2,0,0,2,2
1,5581.775,1626.907,28.184,-63.713,0.443111,0.896264,-0.019046,-0.896398,0.442715,-0.021764,-0.011075,0.026716,0.999582,0,0.16000,0.19386,9.600,0.388,-1,400.000,-1,400.000,-1,325.000,325.000,300.000,300.000,-1,-1,-1,-1,800.000,750.000,-1,-1,2,0,2,0,2,0,0,0,0,2,2,2,2,0,0,2,2
2,5588.239,1614.039,27.994,-63.328,0.449124,0.893268,-0.018976,-0.893402,0.448728,-0.021825,-0.010980,0.026756,0.999582,0,0.24000,0.19254,14.400,0.385,-1,400.000,-1,400.000,-1,325.000,325.000,300.000,300.000,-1,-1,-1,-1,800.000,750.000,-1,-1,2,0,2,0,2,0,0,0,0,2,2,2,2,0,0,2,2
3,5596.972,1596.940,27.742,-62.946,0.455056,0.890263,-0.018875,-0.890396,0.454659,-0.021912,-0.010926,0.026777,0.999582,0,0.32000,0.19055,19.200,0.381,-1,400.000,-1,400.000,-1,325.000,325.000,300.000,300.000,-1,-1,-1,-1,800.000,750.000,-1,-1,2,0,2,0,2,0,0,0,0,2,2,2,2,0,0,2,2
4,5608.028,1575.638,27.427,-62.571,0.460886,0.887262,-0.018740,-0.887392,0.460488,-0.022034,-0.010920,0.026785,0.999582,0,0.40000,0.18789,24.000,0.376,-1,400.000,-1,400.000,-1,325.000,325.000,300.000,300.000,-1,-1,-1,-1,800.000,750.000,-1,-1,2,0,2,0,2,0,0,0,0,2,2,2,2,0,0,2,2
5,5621.459,1550.162,27.046,-62.202,0.466593,0.884277,-0.018571,-0.884404,0.466194,-0.022199,-0.010972,0.026782,0.999581,0,0.48000,0.18453,28.800,0.369,-1,400.000,-1,400.000,-1,325.000,325.000,300.000,300.000,-1,-1,-1,-1,800.000,750.000,-1,-1,2,0,2,0,2,0,0,0,0,2,2,2,2,0,0,2,2
6,5637.315,1520.539,26.596,-61.841,0.472155,0.881324,-0.018366,-0.881445,0.471753,-0.022418,-0.011093,0.026773,0.999580,0,0.56000,0.18041,33.600,0.361,-1,400.000,-1,400.000,-1,325.000,325.000,300.000,300.000,-1,-1,-1,-1,800.000,750.000,-1,-1,2,0,2,0,2,0,0,0,0,2,2,2,2,0,0,2,2
7,5655.644,1486.796,26.102,-61.490,0.477547,0.878421,-0.018067,-0.878535,0.477144,-0.022572,-0.011208,0.026652,0.999582,0,0.64000,0.17548,38.400,0.351,-1,400.000,-1,400.000,-1,325.000,325.000,300.000,300.000,-1,-1,-1,-1,800.000,750.000,-1,-1,2,0,2,0,2,0,0,0,0,2,2,2,2,0,0,2,2
8,5674.227,1453.063,25.656,-61.151,0.482744,0.875587,-0.017492,-0.875686,0.482343,-0.022797,-0.011523,0.026323,0.999587,0,0.64187,0.16967,38.512,0.339,-1,400.000,-1,400.000,-1,325.000,325.000,300.000,300.000,-1,-1,-1,-1,800.000,750.000,-1,-1,2,0,2,0,2,0,0,0,0,2,2,2,2,0,0,2,2
9,5693.019,1419.406,25.220,-60.823,0.487741,0.872826,-0.016814,-0.872907,0.487342,-0.023063,-0.011936,0.025926,0.999593,0,0.64247,0.16365,38.548,0.327,-1,400.000,-1,400.000,-1,325.000,325.000,300.000,300.000,-1,-1,-1,-1,800.000,750.000,-1,-1,2,0,2,0,2,0,0,0,0,2,2,2,2,0,0,2,2
10,5712.019,1385.812,24.770,-60.508,0.492533,0.870144,-0.016150,-0.870206,0.492135,-0.023336,-0.012358,0.025547,0.999597,0,0.64323,0.15742,38.594,0.315,-1,400.000,-1,400.000,-1,325.000,325.000,300.000,300.000,-1,-1,-1,-1,800.000,750.000,-1,-1,2,0,2,0,2,0,0,0,0,2,2,2,2,0,0,2,2
11,5731.222,1352.271,24.364,-60.206,0.497111,0.867550,-0.015396,-0.867595,0.496722,-0.023354,-0.012613,0.024967,0.999609,0,0.64416,0.15100,38.650,0.302,-1,400.000,-1,400.000,-1,325.000,325.000,300.000,300.000,-1,-1,-1,-1,800.000,750.000,-1,-1,2,0,2,0,2,0,0,0,0,2,2,2,2,0,0,2,2
12,5750.628,1318.770,23.938,-59.918,0.501475,0.865048,-0.014667,-0.865076,0.501095,-0.023399,-0.012892,0.024423,0.999619,0,0.64526,0.14437,38.716,0.289,-1,400.000,-1,400.000,-1,325.000,325.000,300.000,300.000,-1,-1,-1,-1,800.000,750.000,-1,-1,2,0,2,0,2,0,0,0,0,2,2,2,2,0,0,2,2
13,5770.233,1285.297,23.492,-59.643,0.505621,0.862643,-0.013963,-0.862655,0.505248,-0.023474,-0.013194,0.023914,0.999627,0,0.64653,0.13755,38.792,0.275,-1,400.000,-1,400.000,-1,325.000,325.000,300.000,300.000,-1,-1,-1,-1,800.000,750.000,-1,-1,2,0,2,0,2,0,0,0,0,2,2,2,2,0,0,2,2
14,5790.035,1251.839,23.025,-59.382,0.509545,0.860341,-0.013283,-0.860338,0.509179,-0.023577,-0.013520,0.023442,0.999634,0,0.64799,0.13051,38.879,0.261,-1,400.000,-1,400.000,-1,325.000,325.000,300.000,300.000,-1,-1,-1,-1,800.000,750.000,-1,-1,2,0,2,0,2,0,0,0,0,2,2,2,2,0,0,2,2
15,5810.031,1218.381,22.533,-59.135,0.513241,0.858151,-0.012623,-0.858132,0.512881,-0.023700,-0.013864,0.022996,0.999639,0,0.64962,0.12327,38.977,0.247,-1,400.000,-1,400.000,-1,325.000,325.000,300.000,300.000,-1,-1,-1,-1,800.000,750.000,-1,-1,2,0,2,0,2,0,0,0,0,2,2,2,2,0,0,2,2
16,5830.504,1184.438,22.003,-58.903,0.516705,0.856080,-0.011960,-0.856045,0.516352,-0.023811,-0.014208,0.022541,0.999645,0,0.66066,0.11582,39.640,0.232,-1,400.000,-1,400.000,-1,325.000,325.000,300.000,300.000,-1,-1,-1,-1,800.000,750.000,-1,-1,2,0,2,0,2,0,0,0,0,2,2,2,2,0,0,2,2
17,5853.769,1146.574,21.395,-58.432,0.523733,0.851807,-0.011320,-0.851760,0.523386,-0.023936,-0.014464,0.022178,0.999649,0,0.74066,0.23582,44.440,0.472,-1,400.000,-1,400.000,-1,325.000,325.000,300.000,300.000,-1,-1,-1,-1,775.000,750.000,-1,-1,2,0,2,0,2,0,0,0,0,2,2,2,2,0,0,2,2
18,5880.066,1104.944,20.708,-57.720,0.534271,0.845245,-0.010749,-0.845187,0.533928,-0.024084,-0.014618,0.021952,0.999652,0,0.82066,0.35582,49.240,0.712,-1,400.000,-1,400.000,-1,325.000,325.000,300.000,300.000,-1,-1,-1,-1,775.000,750.000,-1,-1,2,0,2,0,2,0,0,0,0,2,2,2,2,0,0,2,2
19,5907.836,1062.559,20.007,-56.768,0.548235,0.836260,-0.010419,-0.836198,0.547892,-0.024249,-0.014571,0.022006,0.999652,0,0.84455,0.47582,50.673,0.952,-1,400.000,-1,400.000,-1,325.000,325.000,300.000,300.000,-1,-1,-1,-1,775.000,750.000,-1,-1,2,0,2,0,2,0,0,0,0,2,2,2,2,0,0,2,2
20,5936.544,1020.668,19.278,-55.577,0.565507,0.824681,-0.010170,-0.824617,0.565162,-0.024466,-0.014430,0.022222,0.999649,0,0.84639,0.59582,50.784,1.192,-1,400.000,-1,400.000,-1,325.000,325.000,300.000,300.000,-1,-1,-1,-1,775.000,750.000,-1,-1,2,0,2,0,2,0,0,0,0,2,2,2,2,0,0,2,2
21,5966.360,979.410,18.531,-54.145,0.585935,0.810296,-0.009973,-0.810233,0.585585,-0.024753,-0.014217,0.022584,0.999644,0,0.84840,0.71582,50.904,1.432,-1,400.000,-1,400.000,-1,325.000,325.000,300.000,300.000,-1,-1,-1,-1,775.000,725.000,-1,-1,2,0,2,0,2,0,0,0,0,2,2,2,2,0,0,2,2
22,5997.444,938.940,17.798,-52.473,0.609325,0.792862,-0.009696,-0.792797,0.608968,-0.025127,-0.014018,0.022997,0.999637,0,0.85049,0.83582,51.030,1.672,-1,400.000,-1,400.000,-1,325.000,325.000,300.000,300.000,-1,-1,-1,-1,775.000,725.000,-1,-1,2,0,2,0,2,0,0,0,0,2,2,2,2,0,0,2,2
23,6029.938,899.434,17.051,-50.562,0.635436,0.772096,-0.009482,-0.772032,0.635069,-0.025593,-0.013739,0.023583,0.999627,0,0.85255,0.95582,51.153,1.912,-1,400.000,-1,400.000,-1,325.000,325.000,300.000,300.000,-1,-1,-1,-1,775.000,725.000,-1,-1,2,0,2,0,2,0,0,0,0,2,2,2,2,0,0,2,2
24,6063.799,861.079,16.386,-48.562,0.661996,0.749455,-0.008907,-0.749383,0.661621,-0.026133,-0.013692,0.023975,0.999619,0,0.85272,1.00000,51.163,2.000,-1,400.000,-1,400.000,-1,325.000,325.000,300.000,300.000,-1,-1,-1,-1,775.000,725.000,-1,-1,2,0,2,0,2,0,0,0,0,2,2,2,2,0,0,2,2
25,6098.986,823.920,15.722,-46.562,0.687750,0.725900,-0.008345,-0.725819,0.687366,-0.026734,-0.013670,0.024443,0.999608,0,0.85292,1.00000,51.175,2.000,-1,400.000,-1,400.000,-1,325.000,325.000,300.000,300.000,-1,-1,-1,-1,750.000,725.000,-1,-1,2,0,2,0,2,0,0,0,0,2,2,2,2,0,0,2,2
26,6135.456,788.003,15.047,-44.562,0.712667,0.701458,-0.007859,-0.701370,0.712270,-0.027401,-0.013623,0.025040,0.999594,0,0.85311,1.00000,51.187,2.000,-1,400.000,-1,375.000,-1,325.000,325.000,300.000,300.000,-1,-1,-1,-1,750.000,725.000,-1,-1,2,0,2,0,2,0,0,0,0,2,2,2,2,0,0,2,2
27,6173.166,753.374,14.412,-42.562,0.736714,0.676164,-0.007427,-0.676072,0.736307,-0.027892,-0.013391,0.025569,0.999583,0,0.85330,1.00000,51.198,2.000,-1,400.000,-1,375.000,-1,325.000,325.000,300.000,300.000,-1,-1,-1,-1,750.000,725.000,-1,-1,2,0,2,0,2,0,0,0,0,2,2,2,2,0,0,2,2
28,6212.069,720.075,13.933,-40.562,0.759855,0.650055,-0.007051,-0.649971,0.759456,-0.027660,-0.012626,0.025601,0.999593,0,0.85348,1.00000,51.209,2.000,-1,400.000,-1,375.000,-1,325.000,325.000,300.000,300.000,-1,-1,-1,-1,750.000,725.000,-1,-1,2,0,2,0,2,0,0,0,0,2,2,2,2,0,0,2,2
29,6252.120,688.147,13.603,-38.562,0.782064,0.623161,-0.006809,-0.623095,0.781688,-0.026753,-0.011349,0.025166,0.999619,0,0.85366,1.00000,51.220,2.000,-1,400.000,-1,375.000,-1,325.000,325.000,300.000,300.000,-1,-1,-1,-1,750.000,725.000,-1,-1,2,0,2,0,2,0,0,0,0,2,2,2,2,0,0,2,2
30,6293.269,657.629,13.262,-36.562,0.803323,0.595506,-0.006747,-0.595459,0.802966,-0.025943,-0.010031,0.024858,0.999641,0,0.85384,1.00000,51.231,2.000,-1,400.000,-1,375.000,-1,325.000,325.000,300.000,300.000,-1,-1,-1,-1,750.000,725.000,-1,-1,2,0,2,0,2,0,0,0,0,2,2,2,2,0,0,2,2
31,6335.467,628.560,12.912,-34.562,0.823605,0.567122,-0.006856,-0.567097,0.823264,-0.025239,-0.008670,0.024675,0.999658,0,0.85403,1.00000,51.242,2.000,-1,400.000,-1,400.000,-1,325.000,325.000,300.000,300.000,-1,-1,-1,-1,750.000,725.000,-1,-1,2,0,2,0,2,0,0,0,0,2,2,2,2,0,0,2,2
32,6378.663,600.976,12.570,-32.562,0.842886,0.538045,-0.007117,-0.538043,0.842555,-0.024733,-0.007311,0.024677,0.999669,0,0.85422,1.00000,51.253,2.000,-1,400.000,-1,400.000,-1,325.000,325.000,300.000,300.000,-1,-1,-1,-1,750.000,725.000,-1,-1,2,0,2,0,2,0,0,0,0,2,2,2,2,0,0,2,2
33,6422.806,574.909,12.249,-30.562,0.861142,0.508310,-0.007503,-0.508330,0.860814,-0.024493,-0.005991,0.024906,0.999672,0,0.85441,1.00000,51.265,2.000,-1,400.000,-1,400.000,-1,325.000,325.000,300.000,300.000,-1,-1,-1,-1,725.000,725.000,-1,-1,2,0,2,0,2,0,0,0,0,2,2,2,2,0,0,2,2
34,6467.843,550.394,11.951,-28.562,0.878349,0.477953,-0.007989,-0.477997,0.878019,-0.024518,-0.004704,0.025354,0.999667,0,0.85462,1.00000,51.277,2.000,-1,400.000,-1,400.000,-1,325.000,325.000,300.000,300.000,-1,-1,-1,-1,725.000,725.000,-1,-1,2,0,2,0,2,0,0,0,0,2,2,2,2,0,0,2,2
35,6509.327,529.437,11.748,-26.802,0.892606,0.450752,-0.008828,-0.450826,0.892267,-0.024817,-0.003309,0.026132,0.999653,0,0.77462,0.88000,46.477,1.760,-1,400.000,-1,400.000,-1,325.000,325.000,300.000,300.000,-1,-1,-1,-1,725.000,725.000,-1,-1,2,0,2,0,2,0,0,0,0,2,2,2,2,0,0,2,2
36,6549.186,510.612,11.570,-25.282,0.904239,0.426915,-0.009720,-0.427021,0.903889,-0.025246,-0.001992,0.026979,0.999634,0,0.73467,0.76000,44.080,1.520,-1,400.000,-1,400.000,-1,325.000,325.000,300.000,300.000,-1,-1,-1,-1,725.000,725.000,-1,-1,2,0,2,0,2,0,0,0,0,2,2,2,2,0,0,2,2
37,6589.462,492.679,11.399,-24.002,0.913541,0.406608,-0.010647,-0.406746,0.913178,-0.025772,-0.000756,0.027875,0.999611,0,0.73481,0.64000,44.088,1.280,-1,400.000,-1,400.000,-1,325.000,325.000,300.000,300.000,-1,-1,-1,-1,725.000,750.000,-1,-1,2,0,2,0,2,0,0,0,0,2,2,2,2,0,0,2,2
38,6630.060,475.478,11.260,-22.962,0.920762,0.389957,-0.011487,-0.390126,0.920386,-0.026312,0.000312,0.028709,0.999588,0,0.73485,0.52000,44.091,1.040,-1,400.000,-1,375.000,-1,325.000,325.000,300.000,300.000,-1,-1,-1,-1,725.000,750.000,-1,-1,2,0,2,0,2,0,0,0,0,2,2,2,2,0,0,2,2
39,6670.927,458.937,11.241,-22.037,0.926932,0.375041,-0.011878,-0.375227,0.926549,-0.026658,0.001008,0.029167,0.999574,0,0.73481,0.46256,44.089,0.925,-1,400.000,-1,375.000,-1,325.000,325.000,300.000,300.000,-1,-1,-1,-1,725.000,750.000,-1,-1,2,0,2,0,2,0,0,0,0,2,2,2,2,0,0,2,2
40,6712.052,443.059,11.347,-21.111,0.932864,0.360015,-0.012440,-0.360224,0.932489,-0.026522,0.002052,0.029223,0.999571,0,0.73472,0.46306,44.083,0.926,-1,400.000,-1,375.000,-1,325.000,325.000,300.000,300.000,-1,-1,-1,-1,725.000,750.000,-1,-1,2,0,2,0,2,0,0,0,0,2,2,2,2,0,0,2,2
41,6753.422,427.852,11.605,-20.184,0.938561,0.344886,-0.012562,-0.345103,0.938203,-0.026050,0.002801,0.028784,0.999582,0,0.73462,0.46351,44.077,0.927,-1,400.000,-1,400.000,-1,325.000,325.000,300.000,300.000,-1,-1,-1,-1,725.000,750.000,-1,-1,2,0,2,0,2,0,0,0,0,2,2,2,2,0,0,2,2
42,6795.027,413.318,11.875,-19.256,0.944017,0.329652,-0.012701,-0.329877,0.943677,-0.025607,0.003544,0.028363,0.999591,0,0.73451,0.46393,44.071,0.928,-1,400.000,-1,400.000,-1,325.000,325.000,300.000,300.000,-1,-1,-1,-1,725.000,750.000,-1,-1,2,0,2,0,2,0,0,0,0,2,2,2,2,0,0,2,2
43,6836.855,399.462,12.149,-18.327,0.949230,0.314318,-0.012900,-0.314553,0.948905,-0.025222,0.004313,0.027999,0.999599,0,0.73440,0.46431,44.064,0.929,-1,400.000,-1,400.000,-1,325.000,325.000,300.000,300.000,-1,-1,-1,-1,725.000,750.000,-1,-1,2,0,2,0,2,0,0,0,0,2,2,2,2,0,0,2,2
44,6878.897,386.289,12.425,-17.398,0.954197,0.298889,-0.013153,-0.299135,0.953886,-0.024893,0.005107,0.027688,0.999604,0,0.73428,0.46465,44.057,0.929,-1,400.000,-1,400.000,-1,325.000,325.000,300.000,300.000,-1,-1,-1,-1,725.000,750.000,-1,-1,2,0,2,0,2,0,0,0,0,2,2,2,2,0,0,2,2
45,6921.139,373.802,12.705,-16.468,0.958916,0.283371,-0.013459,-0.283629,0.958618,-0.024622,0.005925,0.027428,0.999606,0,0.73416,0.46495,44.050,0.930,-1,400.000,-1,400.000,-1,325.000,325.000,300.000,300.000,-1,-1,-1,-1,725.000,750.000,-1,-1,2,0,2,0,2,0,0,0,0,2,2,2,2,0,0,2,2
46,6963.572,362.004,12.990,-15.537,0.963384,0.267769,-0.013814,-0.268040,0.963099,-0.024408,0.006768,0.027217,0.999607,0,0.73404,0.46521,44.042,0.930,-1,400.000,-1,400.000,-1,325.000,325.000,300.000,300.000,-1,-1,-1,-1,725.000,750.000,-1,-1,2,0,2,0,2,0,0,0,0,2,2,2,2,0,0,2,2
47,7006.183,350.900,13.280,-14.607,0.967600,0.252089,-0.014213,-0.252373,0.967326,-0.024250,0.007636,0.027052,0.999605,0,0.73391,0.46543,44.035,0.931,-1,375.000,-1,400.000,-1,325.000,325.000,300.000,300.000,-1,-1,-1,-1,725.000,750.000,-1,-1,2,0,2,0,2,0,0,0,0,2,2,2,2,0,0,2,2
48,7048.962,340.491,13.576,-13.675,0.971561,0.236335,-0.014655,-0.236635,0.971298,-0.024149,0.008527,0.026930,0.999601,0,0.73378,0.46561,44.027,0.931,-1,375.000,-1,400.000,-1,325.000,325.000,300.000,300.000,-1,-1,-1,-1,725.000,750.000,-1,-1,2,0,2,0,2,0,0,0,0,2,2,2,2,0,0,2,2
49,7091.896,330.781,13.879,-12.744,0.975266,0.220514,-0.015134,-0.220831,0.975014,-0.024103,0.009441,0.026849,0.999595,0,0.73365,0.46575,44.019,0.931,-1,375.000,-1,400.000,-1,325.000,325.000,300.000,300.000,-1,-1,-1,-1,725.000,750.000,-1,-1,2,0,2,0,2,0,0,0,0,2,2,2,2,0,0,2,2
50,7134.975,321.772,14.190,-11.812,0.978714,0.204631,-0.015648,-0.204966,0.978472,-0.024111,0.010377,0.026805,0.999587,0,0.73351,0.46585,44.011,0.932,-1,375.000,-1,400.000,-1,325.000,325.000,300.000,300.000,-1,-1,-1,-1,725.000,750.000,-1,-1,2,0,2,0,2,0,0,0,0,2,2,2,2,0,0,2,2
51,7178.186,313.466,14.577,-10.880,0.981904,0.188690,-0.016118,-0.189045,0.981664,-0.024469,0.011206,0.027073,0.999571,0,0.73338,0.46591,44.003,0.932,-1,375.000,-1,400.000,-1,325.000,325.000,300.000,300.000,-1,-1,-1,-1,700.000,750.000,-1,-1,2,0,2,0,2,0,0,0,0,2,2,2,2,0,0,2,2
52,7221.519,305.866,15.090,-9.948,0.984830,0.172696,-0.016924,-0.173087,0.984581,-0.025307,0.012293,0.027852,0.999536,0,0.73324,0.46593,43.995,0.932,-1,375.000,-1,400.000,-1,325.000,325.000,300.000,300.000,-1,-1,-1,-1,700.000,750.000,-1,-1,2,0,2,0,2,0,0,0,0,2,2,2,2,0,0,2,2
53,7264.962,298.972,15.696,-9.017,0.987498,0.156658,-0.017511,-0.157079,0.987245,-0.025946,0.013223,0.028372,0.999510,0,0.73311,0.46592,43.986,0.932,-1,375.000,-1,375.000,-1,325.000,325.000,300.000,300.000,-1,-1,-1,-1,700.000,750.000,-1,-1,2,0,2,0,2,0,0,0,0,2,2,2,2,0,0,2,2
54,7308.504,292.787,16.503,-8.085,0.989902,0.140585,-0.018143,-0.141027,0.989666,-0.025935,0.014310,0.028232,0.999499,0,0.73297,0.46586,43.978,0.932,-1,375.000,-1,400.000,-1,325.000,325.000,300.000,300.000,-1,-1,-1,-1,700.000,750.000,-1,-1,2,0,2,0,2,0,0,0,0,2,2,2,2,0,0,2,2
55,7352.132,287.312,17.325,-7.153,0.992044,0.124477,-0.018796,-0.124942,0.991824,-0.025980,0.015408,0.028121,0.999486,0,0.73284,0.46576,43.971,0.932,-1,375.000,-1,400.000,-1,325.000,325.000,300.000,300.000,-1,-1,-1,-1,700.000,750.000,-1,-1,2,0,2,0,2,0,0,0,0,2,2,2,2,0,0,2,2
56,7395.836,282.547,18.161,-6.222,0.993923,0.108341,-0.019465,-0.108829,0.993718,-0.026077,0.016518,0.028037,0.999470,0,0.73271,0.46563,43.963,0.931,-1,375.000,-1,400.000,-1,325.000,325.000,300.000,300.000,-1,-1,-1,-1,700.000,750.000,-1,-1,2,0,2,0,2,0,0,0,0,2,2,2,2,0,0,2,2
57,7439.603,278.494,19.013,-5.291,0.995538,0.092182,-0.020151,-0.092696,0.995349,-0.026225,0.017640,0.027976,0.999453,0,0.73259,0.46545,43.955,0.931,-1,375.000,-1,400.000,-1,325.000,325.000,300.000,300.000,-1,-1,-1,-1,700.000,750.000,-1,-1,2,0,2,0,2,0,0,0,0,2,2,2,2,0,0,2,2
58,7483.424,275.152,19.881,-4.361,0.996889,0.076007,-0.020850,-0.076546,0.996716,-0.026421,0.018773,0.027934,0.999433,0,0.73246,0.46524,43.948,0.930,-1,375.000,-1,400.000,-1,325.000,325.000,300.000,300.000,-1,-1,-1,-1,700.000,750.000,-1,-1,2,0,2,0,2,0,0,0,0,2,2,2,2,0,0,2,2
59,7527.285,272.523,20.767,-3.431,0.997976,0.059820,-0.021561,-0.060386,0.997819,-0.026661,0.019919,0.027909,0.999412,0,0.73234,0.46499,43.940,0.930,-1,375.000,-1,400.000,-1,325.000,325.000,300.000,300.000,-1,-1,-1,-1,700.000,750.000,-1,-1,2,0,2,0,2,0,0,0,0,2,2,2,2,0,0,2,2
60,7571.177,270.605,21.670,-2.501,0.998799,0.043627,-0.022282,-0.044222,0.998658,-0.026943,0.021077,0.027896,0.999389,0,0.73223,0.46469,43.934,0.929,-1,375.000,-1,400.000,-1,325.000,325.000,300.000,300.000,-1,-1,1000.000,-1,700.000,750.000,-1,-1,2,0,2,0,2,0,0,0,0,2,2,0,2,0,0,2,2
61,7615.087,269.400,22.591,-1.573,0.999359,0.027434,-0.023012,-0.028059,0.999234,-0.027264,0.022247,0.027893,0.999363,0,0.73211,0.46436,43.927,0.929,-1,375.000,-1,400.000,-1,325.000,325.000,300.000,300.000,-1,-1,950.000,-1,700.000,750.000,-1,-1,2,0,2,0,2,0,0,0,0,2,2,0,2,0,0,2,2
62,7659.005,268.906,23.531,-0.645,0.999655,0.011247,-0.023751,-0.011902,0.999548,-0.027622,0.023429,0.027895,0.999336,0,0.73201,0.46399,43.921,0.928,-1,375.000,-1,400.000,-1,325.000,325.000,300.000,300.000,-1,-1,925.000,-1,700.000,750.000,-1,-1,2,0,2,0,2,0,0,0,0,2,2,0,2,0,0,2,2
63,7702.919,269.122,24.491,0.282,0.999688,-0.004928,-0.024495,0.004241,0.999599,-0.028012,0.024624,0.027899,0.999307,0,0.73191,0.46359,43.915,0.927,-1,375.000,-1,400.000,-1,325.000,325.000,300.000,300.000,-1,-1,875.000,-1,700.000,750.000,-1,-1,2,0,2,0,2,0,0,0,0,2,2,0,2,0,0,2,2
64,7751.627,269.947,25.571,0.970,0.999536,-0.016916,-0.025326,0.016193,0.999463,-0.028476,0.025794,0.028052,0.999274,0,0.81191,0.34359,48.715,0.687,-1,375.000,-1,375.000,-1,325.000,325.000,300.000,300.000,-1,1000.000,850.000,-1,700.000,750.000,-1,-1,2,0,2,0,2,0,0,0,0,2,0,0,2,0,0,2,2
65,7800.673,271.160,26.669,1.417,0.999352,-0.024716,-0.026165,0.023956,0.999293,-0.028959,0.026863,0.028313,0.999238,0,0.81768,0.22359,49.061,0.447,-1,375.000,-1,375.000,-1,300.000,325.000,300.000,300.000,-1,975.000,850.000,-1,700.000,750.000,-1,-1,2,0,2,0,2,0,0,0,0,2,0,0,2,0,0,2,2
66,7849.697,272.550,27.772,1.624,0.999234,-0.028329,-0.027005,0.027532,0.999187,-0.029444,0.027817,0.028677,0.999202,0,0.81740,0.10359,49.044,0.207,-1,375.000,-1,375.000,-1,300.000,325.000,300.000,300.000,-1,950.000,825.000,-1,700.000,750.000,-1,-1,2,0,2,0,2,0,0,0,0,2,0,0,2,0,0,2,2
67,7898.702,273.912,29.211,1.591,0.999231,-0.027756,-0.027711,0.026931,0.999196,-0.029708,0.028513,0.028938,0.999174,0,0.81706,-0.01641,49.024,-0.033,-1,375.000,-1,375.000,-1,300.000,325.000,300.000,300.000,-1,950.000,850.000,-1,700.000,750.000,-1,-1,2,0,2,0,2,0,0,0,0,2,0,0,2,0,0,2,2
68,7948.074,275.048,30.890,1.318,0.999324,-0.022997,-0.028673,0.022123,0.999292,-0.030437,0.029353,0.029782,0.999125,0,0.82309,-0.13641,49.385,-0.273,-1,375.000,-1,375.000,-1,300.000,325.000,300.000,300.000,-1,975.000,850.000,-1,700.000,750.000,-1,-1,2,0,2,0,2,0,0,0,0,2,0,0,2,0,0,2,2
69,7997.425,275.952,32.562,1.048,0.999394,-0.018282,-0.029635,0.017357,0.999364,-0.031153,0.030186,0.030620,0.999075,0,0.82266,-0.13516,49.360,-0.270,-1,375.000,-1,400.000,-1,300.000,325.000,300.000,300.000,-1,975.000,875.000,-1,700.000,750.000,-1,-1,2,0,2,0,2,0,0,0,0,2,0,0,2,0,0,2,2
70,8046.750,276.623,34.226,0.780,0.999439,-0.013602,-0.030595,0.012626,0.999413,-0.031855,0.031011,0.031451,0.999024,0,0.82215,-0.13413,49.329,-0.268,-1,375.000,-1,400.000,-1,300.000,325.000,300.000,300.000,-1,975.000,875.000,-1,700.000,750.000,-1,-1,2,0,2,0,2,0,0,0,0,2,0,0,2,0,0,2,2
71,8096.042,277.065,35.882,0.513,0.999462,-0.008950,-0.031554,0.007923,0.999439,-0.032546,0.031827,0.032278,0.998972,0,0.82156,-0.13333,49.294,-0.267,-1,375.000,-1,400.000,-1,300.000,325.000,300.000,300.000,-1,975.000,875.000,-1,725.000,775.000,-1,-1,2,0,2,0,2,0,0,0,0,2,0,0,2,0,0,2,2
72,8145.297,277.278,37.530,0.248,0.999462,-0.004319,-0.032509,0.003238,0.999443,-0.033224,0.032635,0.033101,0.998919,0,0.82093,-0.13275,49.256,-0.266,-1,375.000,-1,400.000,-1,325.000,325.000,300.000,300.000,-1,975.000,875.000,-1,725.000,775.000,-1,-1,2,0,2,0,2,0,0,0,0,2,0,0,2,0,0,2,2
73,8194.512,277.264,39.167,-0.017,0.999440,0.000301,-0.033462,-0.001435,0.999424,-0.033891,0.033433,0.033920,0.998865,0,0.82025,-0.13241,49.215,-0.265,-1,375.000,-1,400.000,-1,325.000,325.000,300.000,300.000,-1,975.000,850.000,-1,725.000,775.000,-1,-1,2,0,2,0,2,0,0,0,0,2,0,0,2,0,0,2,2
74,8243.686,277.023,40.795,-0.282,0.999396,0.004916,-0.034412,-0.006105,0.999384,-0.034548,0.034221,0.034737,0.998810,0,0.81957,-0.13230,49.174,-0.265,-1,375.000,-1,400.000,-1,325.000,325.000,300.000,300.000,-1,950.000,825.000,-1,725.000,775.000,-1,-1,2,0,2,0,2,0,0,0,0,2,0,0,2,0,0,2,2
75,8294.238,276.477,42.457,-0.620,0.999315,0.010808,-0.035385,-0.012055,0.999307,-0.035214,0.034980,0.035616,0.998753,0,0.84258,-0.16892,50.555,-0.338,-1,375.000,-1,400.000,-1,325.000,325.000,300.000,300.000,-1,925.000,825.000,-1,750.000,800.000,-1,-1,2,0,2,0,2,0,0,0,0,2,0,0,2,0,0,2,2
76,8345.148,275.623,44.118,-0.961,0.999198,0.016768,-0.036360,-0.018074,0.999193,-0.035872,0.035729,0.036501,0.998695,0,0.84863,-0.17088,50.918,-0.342,-1,375.000,-1,400.000,-1,325.000,325.000,300.000,300.000,-1,900.000,800.000,-1,750.000,800.000,-1,-1,2,0,2,0,2,0,0,0,0,2,0,0,2,0,0,2,2
77,8396.418,274.453,45.778,-1.307,0.999043,0.022797,-0.037337,-0.024162,0.999041,-0.036524,0.036469,0.037392,0.998635,0,0.85471,-0.17289,51.283,-0.346,-1,400.000,-1,400.000,-1,325.000,325.000,300.000,300.000,-1,875.000,800.000,-1,750.000,800.000,-1,-1,2,0,2,0,2,0,0,0,0,2,0,0,2,0,0,2,2
78,8448.046,272.960,47.436,-1.657,0.998848,0.028897,-0.038315,-0.030322,0.998849,-0.037171,0.037197,0.038290,0.998574,0,0.86082,-0.17494,51.649,-0.350,-1,400.000,-1,400.000,-1,325.000,325.000,300.000,300.000,-1,875.000,775.000,-1,750.000,825.000,-1,-1,2,0,2,0,2,0,0,0,0,2,0,0,2,0,1,2,2
79,8500.032,271.135,49.090,-2.011,0.998612,0.035068,-0.039293,-0.036556,0.998616,-0.037813,0.037912,0.039196,0.998512,0,0.86696,-0.17704,52.018,-0.354,-1,400.000,-1,400.000,-1,325.000,325.000,300.000,300.000,-1,850.000,775.000,-1,775.000,800.000,-1,-1,2,0,2,0,2,0,0,0,0,2,0,0,2,0,1,2,2
80,8552.375,268.970,50.881,-2.370,0.998371,0.041312,-0.039349,-0.042835,0.998333,-0.038679,0.037686,0.040302,0.998477,0,0.87313,-0.17920,52.388,-0.358,-1,400.000,-1,400.000,-1,325.000,325.000,300.000,300.000,-1,900.000,825.000,-1,775.000,775.000,-1,-1,2,0,2,0,2,0,0,0,0,2,0,0,2,0,1,2,2
81,8605.074,266.455,52.683,-2.732,0.998113,0.047631,-0.038763,-0.049160,0.998010,-0.039495,0.036804,0.041326,0.998468,0,0.87932,-0.18143,52.759,-0.363,-1,400.000,-1,400.000,-1,325.000,325.000,300.000,300.000,-1,1000.000,900.000,-1,800.000,750.000,-1,-1,2,0,2,0,2,0,0,0,0,2,0,0,2,0,1,2,2
82,8658.128,263.583,54.481,-3.100,0.997810,0.054029,-0.038169,-0.055562,0.997641,-0.040325,0.035900,0.042358,0.998457,0,0.88552,-0.18373,53.131,-0.367,-1,400.000,-1,400.000,-1,325.000,325.000,300.000,300.000,-1,-1,1000.000,-1,800.000,725.000,-1,975.000,2,0,2,0,2,0,0,0,0,2,2,0,2,0,1,2,1
83,8711.535,260.343,56.271,-3.472,0.997461,0.060506,-0.037567,-0.062043,0.997224,-0.041172,0.034972,0.043398,0.998446,0,0.89175,-0.18612,53.505,-0.372,-1,400.000,-1,400.000,-1,325.000,325.000,300.000,300.000,-1,-1,-1,-1,825.000,700.000,-1,925.000,2,0,2,0,2,0,0,0,0,2,2,2,2,0,1,2,1
84,8765.292,256.726,58.054,-3.849,0.997064,0.067067,-0.036959,-0.068604,0.996758,-0.042034,0.034020,0.044446,0.998432,0,0.89798,-0.18860,53.879,-0.377,-1,400.000,-1,400.000,975.000,325.000,325.000,300.000,300.000,-1,-1,-1,-1,825.000,675.000,-1,875.000,2,0,2,0,1,0,0,0,0,2,2,2,2,0,1,2,1
85,8819.397,252.723,59.828,-4.232,0.996617,0.073714,-0.036344,-0.075251,0.996241,-0.042913,0.033044,0.045503,0.998418,0,0.90421,-0.19119,54.253,-0.382,-1,400.000,-1,400.000,900.000,325.000,325.000,300.000,300.000,-1,-1,-1,-1,825.000,650.000,-1,800.000,2,0,2,0,1,0,0,0,0,2,2,2,2,0,1,2,1
86,8873.846,248.325,61.590,-4.620,0.996118,0.080451,-0.035723,-0.081986,0.995670,-0.043808,0.032044,0.046567,0.998401,0,0.91044,-0.19390,54.626,-0.388,-1,400.000,-1,400.000,850.000,325.000,325.000,300.000,300.000,-1,-1,-1,-1,850.000,625.000,-1,750.000,2,0,2,1,1,0,0,0,0,2,2,2,2,0,1,2,1
87,8928.635,243.519,63.341,-5.013,0.995565,0.087283,-0.035096,-0.088814,0.995044,-0.044721,0.031019,0.047640,0.998383,0,0.91666,-0.19676,55.000,-0.394,-1,400.000,-1,375.000,775.000,325.000,325.000,300.000,300.000,-1,-1,-1,-1,850.000,600.000,-1,700.000,2,0,2,1,1,1,1,0,0,2,2,2,2,0,1,2,1
88,8983.759,238.297,65.077,-5.413,0.994955,0.094215,-0.034464,-0.095740,0.994359,-0.045651,0.029968,0.048721,0.998363,0,0.92286,-0.19978,55.371,-0.400,-1,400.000,-1,375.000,700.000,325.000,325.000,300.000,300.000,-1,-1,-1,-1,875.000,575.000,-1,650.000,2,0,2,1,1,1,1,0,0,2,2,2,2,0,1,2,1
89,9039.213,232.646,66.797,-5.819,0.994286,0.101253,-0.033826,-0.102769,0.993613,-0.046600,0.028892,0.049810,0.998341,0,0.92902,-0.20298,55.741,-0.406,-1,400.000,-1,350.000,625.000,325.000,300.000,300.000,300.000,-1,-1,-1,-1,850.000,550.000,-1,575.000,2,0,2,1,1,1,1,0,0,2,2,2,2,1,1,2,1
90,9094.989,226.557,68.499,-6.231,0.993553,0.108402,-0.033184,-0.109909,0.992803,-0.047566,0.027789,0.050907,0.998317,0,0.93513,-0.20639,56.108,-0.413,-1,425.000,-1,350.000,550.000,325.000,300.000,300.000,300.000,-1,-1,-1,-1,825.000,500.000,-1,525.000,2,0,2,1,1,1,1,0,0,2,2,2,2,1,1,2,1
91,9151.080,220.017,70.164,-6.651,0.992753,0.115673,-0.032584,-0.117168,0.991928,-0.048478,0.026713,0.051945,0.998293,0,0.94117,-0.21005,56.470,-0.420,-1,425.000,-1,325.000,475.000,325.000,300.000,300.000,300.000,-1,-1,-1,-1,800.000,475.000,-1,475.000,2,0,2,1,1,1,1,0,0,2,2,2,2,1,1,2,1
92,9207.473,213.012,71.306,-7.079,0.991921,0.123085,-0.030715,-0.124454,0.991085,-0.047555,0.024588,0.050994,0.998396,0,0.94712,-0.21400,56.827,-0.428,-1,425.000,-1,300.000,425.000,300.000,275.000,300.000,300.000,-1,-1,-1,-1,750.000,450.000,1000.000,425.000,2,0,2,1,1,1,1,0,0,2,2,2,2,1,1,1,1
93,9264.159,205.529,73.780,-7.516,0.990891,0.130673,-0.032561,-0.131949,0.990420,-0.040723,0.026928,0.044649,0.998640,0,0.95295,-0.21828,57.177,-0.437,975.000,425.000,-1,300.000,400.000,300.000,275.000,300.000,325.000,-1,-1,-1,-1,725.000,450.000,950.000,400.000,1,1,2,1,1,1,1,0,0,2,2,2,2,1,1,1,1
94,9321.121,197.558,76.723,-7.962,0.989737,0.138422,-0.035495,-0.139559,0.989702,-0.031845,0.030722,0.036472,0.998862,0,0.95862,-0.22294,57.517,-0.446,900.000,425.000,-1,300.000,375.000,300.000,275.000,275.000,350.000,-1,-1,-1,-1,700.000,425.000,900.000,375.000,1,1,2,1,1,1,1,0,0,2,2,2,2,1,1,1,1
95,9378.344,189.086,79.771,-8.418,0.988482,0.146337,-0.038595,-0.147264,0.988844,-0.022386,0.034889,0.027812,0.999004,0,0.96410,-0.22805,57.846,-0.456,850.000,425.000,-1,300.000,350.000,300.000,275.000,275.000,375.000,-1,-1,-1,-1,700.000,425.000,875.000,350.000,1,1,2,1,1,1,1,0,0,2,2,2,2,1,1,1,1
96,9430.789,181.119,82.681,-8.634,0.987789,0.150095,-0.041765,-0.150759,0.988482,-0.013200,0.039303,0.019336,0.999040,0,0.88410,-0.10805,53.046,-0.216,800.000,450.000,-1,300.000,325.000,300.000,275.000,275.000,400.000,-1,-1,-1,-1,675.000,425.000,825.000,325.000,1,1,2,1,1,1,1,0,0,2,2,2,2,1,1,1,1
97,9478.491,173.894,85.425,-8.610,0.987705,0.149702,-0.045029,-0.150052,0.988668,-0.004490,0.043846,0.011191,0.998976,0,0.80410,0.01195,48.246,0.024,750.000,425.000,-1,275.000,325.000,300.000,275.000,275.000,400.000,-1,450.000,925.000,-1,650.000,400.000,800.000,325.000,1,1,2,1,1,1,1,0,0,2,0,0,2,1,1,1,1
98,9521.477,167.586,87.974,-8.346,0.988225,0.145154,-0.048398,-0.145154,0.989403,0.003541,0.048399,0.003526,0.998822,0,0.72410,0.13195,43.446,0.264,725.000,425.000,-1,275.000,300.000,300.000,275.000,275.000,425.000,-1,300.000,650.000,-1,650.000,400.000,750.000,300.000,1,1,2,1,1,1,1,0,0,2,0,0,2,1,1,1,1
99,9559.762,162.312,90.297,-7.842,0.989288,0.136448,-0.051872,-0.136074,0.990641,0.010691,0.052845,-0.003518,0.998597,0,0.64410,0.25195,38.646,0.504,675.000,425.000,-1,275.000,275.000,325.000,275.000,275.000,450.000,-1,225.000,525.000,-1,625.000,-1,725.000,300.000,1,1,2,1,1,1,1,0,0,2,0,0,2,1,2,1,1
100,9593.349,158.129,92.362,-7.098,0.990787,0.123569,-0.055430,-0.122818,0.992287,0.016775,0.057075,-0.009812,0.998322,0,0.56410,0.37195,33.846,0.744,650.000,425.000,-1,275.000,275.000,325.000,275.000,250.000,450.000,-1,175.000,450.000,-1,625.000,-1,700.000,275.000,1,1,2,1,1,1,1,0,1,2,0,0,2,1,2,1,1
101,9622.220,154.942,94.138,-6.299,0.992223,0.109713,-0.058797,-0.108602,0.993847,0.021767,0.060824,-0.015212,0.998033,0,0.48410,0.39950,29.046,0.799,650.000,400.000,-1,275.000,275.000,325.000,275.000,250.000,425.000,925.000,150.000,425.000,-1,625.000,-1,675.000,275.000,1,1,2,1,1,1,1,0,1,0,0,0,2,1,2,1,1
102,9646.355,152.610,95.614,-5.518,0.993445,0.096144,-0.061825,-0.094712,0.995173,0.025698,0.063997,-0.019674,0.997756,0,0.40410,0.39061,24.246,0.781,625.000,400.000,-1,300.000,250.000,325.000,275.000,250.000,400.000,825.000,150.000,400.000,-1,600.000,-1,675.000,275.000,1,1,2,1,1,1,1,0,1,0,0,0,2,1,2,1,1
103,9665.734,150.999,96.783,-4.754,0.994475,0.082847,-0.064470,-0.081146,0.996292,0.028588,0.066599,-0.023199,0.997510,0,0.32410,0.38236,19.446,0.765,600.000,400.000,-1,325.000,250.000,325.000,300.000,250.000,400.000,775.000,125.000,375.000,-1,600.000,-1,650.000,275.000,1,1,2,1,1,1,1,0,1,0,0,0,2,1,2,1,1
104,9680.345,149.977,97.645,-4.004,0.995329,0.069796,-0.066701,-0.067888,0.997228,0.030471,0.068643,-0.025801,0.997308,0,0.24410,0.37496,14.646,0.750,600.000,400.000,-1,350.000,250.000,325.000,300.000,250.000,375.000,750.000,125.000,375.000,-1,600.000,-1,650.000,275.000,1,1,2,1,1,1,1,0,1,0,0,0,2,1,2,1,1
105,9690.175,149.416,98.200,-3.266,0.996024,0.056959,-0.068499,-0.054913,0.997998,0.031391,0.070150,-0.027504,0.997157,0,0.16410,0.36857,9.846,0.737,600.000,400.000,-1,375.000,250.000,325.000,300.000,250.000,375.000,725.000,125.000,375.000,-1,600.000,-1,650.000,-1,1,1,2,1,1,1,1,0,1,0,0,0,2,1,2,1,2
106,9695.216,149.193,98.452,-2.540,0.996573,0.044296,-0.069854,-0.042186,0.998616,0.031397,0.071148,-0.028342,0.997063,0,0.08410,0.36334,5.046,0.727,600.000,400.000,-1,375.000,250.000,325.000,300.000,250.000,375.000,700.000,125.000,350.000,-1,600.000,-1,650.000,-1,1,1,2,1,1,1,1,0,1,0,0,0,2,1,2,1,2
107,9695.462,149.185,98.406,-1.821,0.996987,0.031765,-0.070765,-0.029664,0.999093,0.030544,0.071671,-0.028353,0.997025,0,0.00410,0.35939,0.246,0.719,600.000,400.000,-1,375.000,250.000,350.000,325.000,250.000,350.000,725.000,125.000,350.000,-1,600.000,-1,650.000,-1,1,1,2,1,1,1,1,0,1,0,0,0,2,1,2,1,2
108,9693.001,149.232,98.192,-1.107,0.997260,0.019320,-0.071410,-0.017269,0.999424,0.029226,0.071934,-0.027913,0.997019,0,-0.04103,0.35678,-2.462,0.714,600.000,400.000,-1,375.000,250.000,350.000,325.000,250.000,350.000,725.000,125.000,375.000,-1,600.000,-1,650.000,-1,1,1,2,1,1,1,1,0,1,0,0,0,2,1,2,1,2
109,9690.447,149.250,97.968,-0.398,0.997380,0.006936,-0.072009,-0.004938,0.999599,0.027882,0.072174,-0.027453,0.997014,0,-0.04257,0.35496,-2.554,0.710,625.000,400.000,-1,375.000,250.000,350.000,325.000,250.000,350.000,750.000,125.000,375.000,-1,600.000,-1,650.000,-1,1,1,2,1,1,1,1,0,1,0,0,0,2,1,2,1,2
110,9687.801,149.236,97.736,0.309,0.997349,-0.005388,-0.072563,0.007329,0.999622,0.026515,0.072393,-0.026977,0.997011,0,-0.04410,0.35318,-2.646,0.706,625.000,425.000,-1,375.000,250.000,350.000,325.000,250.000,350.000,750.000,125.000,375.000,-1,600.000,-1,650.000,-1,1,1,2,1,1,1,1,0,1,0,0,0,2,1,2,1,2
111,9685.064,149.187,97.496,1.012,0.997170,-0.017651,-0.073072,0.019533,0.999493,0.025128,0.072592,-0.026484,0.997010,0,-0.04562,0.35145,-2.737,0.703,650.000,425.000,-1,375.000,250.000,350.000,325.000,250.000,325.000,775.000,125.000,375.000,-1,600.000,-1,675.000,-1,1,1,2,1,1,1,1,0,1,0,0,0,2,1,2,1,2
112,9682.237,149.103,97.248,1.711,0.996846,-0.029852,-0.073538,0.031673,0.999217,0.023722,0.072772,-0.025976,0.997010,0,-0.04714,0.34976,-2.828,0.700,650.000,425.000,-1,375.000,250.000,350.000,325.000,250.000,325.000,775.000,125.000,375.000,-1,600.000,-1,675.000,-1,1,1,2,1,1,1,1,0,1,0,0,0,2,1,2,1,2
113,9679.321,148.980,96.992,2.407,0.996377,-0.041993,-0.073960,0.043750,0.998794,0.022300,0.072934,-0.025455,0.997012,0,-0.04863,0.34812,-2.918,0.696,650.000,425.000,-1,375.000,250.000,350.000,325.000,250.000,325.000,800.000,125.000,375.000,-1,600.000,-1,675.000,-1,1,1,2,1,1,1,1,0,1,0,0,0,2,1,2,1,2
114,9676.319,148.818,96.729,3.101,0.995766,-0.054071,-0.074340,0.055763,0.998226,0.020865,0.073080,-0.024922,0.997015,0,-0.05012,0.34652,-3.007,0.693,675.000,425.000,-1,400.000,250.000,350.000,325.000,250.000,325.000,825.000,125.000,375.000,-1,600.000,-1,675.000,-1,1,1,2,1,1,1,1,0,1,0,0,0,2,1,2,1,2
115,9673.230,148.613,96.459,3.790,0.995015,-0.066088,-0.074679,0.067712,0.997516,0.019418,0.073210,-0.024378,0.997019,0,-0.05159,0.34497,-3.096,0.690,675.000,425.000,-1,400.000,250.000,350.000,325.000,250.000,300.000,825.000,125.000,375.000,-1,600.000,-1,700.000,-1,1,1,2,1,1,1,1,0,1,0,0,0,2,1,2,1,2
116,9670.056,148.365,96.182,4.477,0.994127,-0.078043,-0.074977,0.079597,0.996665,0.017961,0.073326,-0.023824,0.997023,0,-0.05305,0.34345,-3.183,0.687,700.000,425.000,-1,400.000,250.000,350.000,325.000,250.000,300.000,850.000,150.000,375.000,-1,600.000,-1,700.000,-1,1,1,2,1,1,1,1,0,1,0,0,0,2,1,2,1,2
117,9671.666,148.512,96.161,5.236,0.992953,-0.091238,-0.075636,0.092768,0.995543,0.016960,0.073751,-0.023857,0.996991,0,0.02695,0.37948,1.617,0.759,700.000,425.000,-1,400.000,-1,375.000,325.000,250.000,300.000,850.000,150.000,375.000,-1,600.000,-1,700.000,-1,1,1,2,1,2,1,1,0,1,0,0,0,2,1,2,1,2
118,9678.048,149.182,96.397,5.989,0.991593,-0.104307,-0.076569,0.105858,0.994245,0.016472,0.074410,-0.024439,0.996928,0,0.10695,0.37635,6.417,0.753,700.000,425.000,-1,400.000,-1,375.000,325.000,250.000,300.000,850.000,150.000,375.000,-1,600.000,-1,700.000,-1,1,1,2,1,2,1,1,0,1,0,0,0,2,1,2,1,2
119,9689.188,150.497,96.883,6.733,0.990061,-0.117198,-0.077743,0.118811,0.992781,0.016441,0.075255,-0.025515,0.996838,0,0.18695,0.37181,11.217,0.744,700.000,425.000,-1,400.000,-1,375.000,350.000,250.000,275.000,850.000,150.000,375.000,-1,600.000,-1,700.000,-1,1,1,2,1,2,1,1,0,1,0,0,0,2,1,2,1,2
120,9705.069,152.578,97.606,7.464,0.988371,-0.129859,-0.079116,0.131571,0.991164,0.016804,0.076235,-0.027018,0.996724,0,0.26695,0.36578,16.017,0.732,675.000,400.000,-1,400.000,-1,375.000,350.000,250.000,275.000,825.000,125.000,375.000,-1,600.000,-1,675.000,-1,1,1,2,1,2,1,1,0,1,0,0,0,2,1,2,1,2
121,9725.674,155.540,98.552,8.181,0.986544,-0.142233,-0.080631,0.144077,0.989412,0.017495,0.077289,-0.028877,0.996590,0,0.34695,0.35817,20.817,0.716,675.000,400.000,-1,425.000,-1,350.000,350.000,250.000,250.000,800.000,125.000,375.000,-1,575.000,-1,650.000,-1,1,1,2,1,2,1,1,0,1,0,0,0,2,1,2,1,2
122,8855.087,-327.977,35.247,-157.486,-0.923481,0.382706,-0.026813,-0.381258,-0.923276,-0.046931,-0.042716,-0.033117,0.998538,1,0.00000,0.00000,25.617,0.698,-1,375.000,-1,400.000,-1,325.000,325.000,300.000,300.000,725.000,425.000,525.000,-1,700.000,725.000,-1,-1,2,0,2,0,2,0,0,0,0,1,1,1,2,0,0,2,2
123,8850.660,-329.833,35.046,-157.246,-0.921869,0.386573,-0.026804,-0.385127,-0.921672,-0.046886,-0.042829,-0.032900,0.998541,0,0.08000,0.12000,4.800,0.240,-1,375.000,-1,400.000,-1,325.000,325.000,300.000,300.000,750.000,450.000,525.000,-1,700.000,725.000,-1,-1,2,0,2,0,2,0,0,0,0,1,1,1,2,0,0,2,2
124,8841.839,-333.620,34.644,-156.766,-0.918597,0.394286,-0.026785,-0.392843,-0.918414,-0.046797,-0.043051,-0.032466,0.998545,0,0.16000,0.24000,9.600,0.480,-1,375.000,-1,400.000,-1,325.000,325.000,300.000,300.000,750.000,450.000,550.000,-1,700.000,725.000,-1,-1,2,0,2,0,2,0,0,0,0,1,1,1,2,0,0,2,2
125,8828.674,-339.456,34.035,-156.091,-0.913890,0.405080,-0.026750,-0.403641,-0.913726,-0.046666,-0.043346,-0.031850,0.998552,0,0.24000,0.33730,14.400,0.675,-1,375.000,-1,400.000,-1,325.000,325.000,300.000,300.000,750.000,475.000,575.000,-1,700.000,725.000,-1,-1,2,0,2,0,2,0,0,0,0,1,1,1,2,0,0,2,2
126,8811.213,-347.440,33.219,-155.428,-0.909137,0.415640,-0.026697,-0.414210,-0.908994,-0.046486,-0.043589,-0.031204,0.998562,0,0.32000,0.33170,19.200,0.663,-1,375.000,-1,400.000,-1,325.000,325.000,300.000,325.000,775.000,500.000,600.000,-1,700.000,725.000,-1,-1,2,0,2,0,2,0,0,0,0,1,1,1,2,0,0,2,2
127,8789.501,-357.666,32.193,-154.779,-0.904374,0.425911,-0.026621,-0.424491,-0.904250,-0.046259,-0.043774,-0.030535,0.998575,0,0.40000,0.32425,24.000,0.648,-1,375.000,-1,400.000,-1,325.000,325.000,300.000,325.000,775.000,525.000,625.000,-1,700.000,725.000,-1,-1,2,0,2,0,2,0,0,0,0,1,1,1,2,0,0,2,2
128,8763.583,-370.223,30.961,-154.149,-0.899636,0.435835,-0.026518,-0.434429,-0.899531,-0.045984,-0.043895,-0.029849,0.998590,0,0.48000,0.31496,28.800,0.630,-1,375.000,-1,375.000,-1,325.000,325.000,300.000,325.000,800.000,550.000,675.000,-1,700.000,725.000,-1,-1,2,0,2,0,2,0,0,0,0,1,1,1,2,0,0,2,2
129,8736.303,-383.799,29.659,-153.542,-0.894963,0.445360,-0.026394,-0.443969,-0.894876,-0.045694,-0.043970,-0.029176,0.998607,0,0.50785,0.30383,30.471,0.608,-1,375.000,-1,375.000,-1,325.000,325.000,300.000,325.000,825.000,600.000,700.000,-1,700.000,725.000,-1,-1,2,0,2,0,2,0,0,0,0,1,1,1,2,0,0,2,2
130,8708.745,-397.867,28.339,-152.957,-0.890376,0.454468,-0.026254,-0.453094,-0.890306,-0.045399,-0.044006,-0.028527,0.998624,0,0.51568,0.29207,30.941,0.584,-1,375.000,-1,375.000,-1,325.000,325.000,300.000,325.000,850.000,625.000,750.000,-1,675.000,725.000,-1,-1,2,0,2,0,2,0,0,0,0,1,1,1,2,0,0,2,2
131,8680.906,-412.422,26.987,-152.397,-0.885889,0.463161,-0.026138,-0.461805,-0.885837,-0.045051,-0.044020,-0.027840,0.998643,0,0.52358,0.28013,31.415,0.560,-1,375.000,-1,375.000,-1,325.000,325.000,300.000,325.000,875.000,650.000,800.000,-1,675.000,700.000,-1,-1,2,0,2,0,2,0,0,0,0,1,1,1,2,0,0,2,2
132,8652.782,-427.463,25.578,-151.861,-0.881517,0.471438,-0.025971,-0.470110,-0.881485,-0.044513,-0.043878,-0.027030,0.998671,0,0.53155,0.26801,31.893,0.536,-1,375.000,-1,375.000,-1,300.000,325.000,300.000,325.000,900.000,700.000,825.000,-1,675.000,700.000,-1,-1,2,0,2,0,2,0,0,0,0,1,1,1,2,0,0,2,2
133,8624.370,-442.986,24.157,-151.350,-0.877273,0.479298,-0.025790,-0.477997,-0.877260,-0.043974,-0.043701,-0.026250,0.998700,0,0.53960,0.25571,32.376,0.511,-1,375.000,-1,375.000,-1,300.000,300.000,300.000,325.000,950.000,725.000,850.000,-1,675.000,700.000,-1,-1,2,0,2,0,2,0,0,0,0,1,1,1,2,0,0,2,2
134,8595.665,-458.986,22.742,-150.863,-0.873176,0.486737,-0.025509,-0.485466,-0.873174,-0.043468,-0.043431,-0.025572,0.998729,0,0.54773,0.24323,32.864,0.486,-1,375.000,-1,375.000,-1,300.000,300.000,300.000,325.000,975.000,750.000,875.000,-1,675.000,700.000,-1,-1,2,0,2,0,2,0,0,0,0,1,1,1,2,0,0,2,2
135,8566.661,-475.462,21.384,-150.402,-0.869245,0.493753,-0.024909,-0.492514,-0.869238,-0.043080,-0.042923,-0.025179,0.998761,0,0.55595,0.23055,33.357,0.461,-1,375.000,-1,375.000,-1,300.000,300.000,300.000,325.000,1000.000,800.000,900.000,-1,675.000,700.000,-1,-1,2,0,2,0,2,0,0,0,0,1,1,1,2,0,0,2,2
136,8537.350,-492.407,20.020,-149.967,-0.865484,0.500348,-0.024273,-0.499142,-0.865468,-0.042691,-0.042368,-0.024833,0.998793,0,0.56428,0.21768,33.857,0.435,-1,375.000,-1,375.000,-1,300.000,300.000,300.000,325.000,-1,825.000,925.000,-1,675.000,700.000,-1,-1,2,0,2,0,2,0,0,0,0,2,1,1,2,0,0,2,2
137,8507.725,-509.817,18.650,-149.558,-0.861905,0.506520,-0.023600,-0.505347,-0.861879,-0.042301,-0.041767,-0.024533,0.998826,0,0.57271,0.20461,34.362,0.409,-1,375.000,-1,375.000,-1,300.000,300.000,300.000,325.000,-1,850.000,925.000,-1,675.000,700.000,-1,-1,2,0,2,0,2,0,0,0,0,2,1,1,2,0,0,2,2
