timestep,x_cm,y_cm,z_cm,yaw_deg,basis_xx,basis_xy,basis_xz,basis_yx,basis_yy,basis_yz,basis_zx,basis_zy,basis_zz,teleport_flag,throttle_cmd,steering_cmd,cmd_move_cm,cmd_turn_deg,lidar_cm_0,lidar_cm_1,lidar_cm_2,lidar_cm_3,lidar_cm_4,lidar_cm_5,lidar_cm_6,lidar_cm_7,lidar_cm_8,lidar_cm_9,lidar_cm_10,lidar_cm_11,lidar_cm_12,lidar_cm_13,lidar_cm_14,lidar_cm_15,lidar_cm_16,lidar_class_0,lidar_class_1,lidar_class_2,lidar_class_3,lidar_class_4,lidar_class_5,lidar_class_6,lidar_class_7,lidar_class_8,lidar_class_9,lidar_class_10,lidar_class_11,lidar_class_12,lidar_class_13,lidar_class_14,lidar_class_15,lidar_class_16
0,-8203.593,3609.451,-386.092,157.670,-0.924855,-0.379923,-0.017349,0.379654,-0.924974,0.016925,-0.022478,0.009066,0.999706,1,0.08000,-0.12000,4.800,-0.240,-1,425.000,-1,425.000,-1,325.000,325.000,300.000,300.000,-1,-1,-1,-1,925.000,825.000,-1,-1,2,0,2,0,2,0,0,0,0,2,2,2,2,0,0,2,2
1,-8212.442,3613.173,-386.264,157.190,-0.921627,-0.387659,-0.018022,0.387375,-0.921759,0.017344,-0.023336,0.009004,0.999687,0,0.16000,-0.24000,9.600,-0.480,-1,425.000,-1,425.000,-1,325.000,325.000,300.000,300.000,675.000,-1,-1,-1,925.000,800.000,-1,-1,2,0,2,0,2,0,0,0,0,1,2,2,2,0,0,2,2
2,-8225.645,3618.922,-386.525,156.470,-0.916662,-0.399211,-0.019016,0.398905,-0.916816,0.017994,-0.024617,0.008909,0.999657,0,0.24000,-0.36000,14.400,-0.720,-1,425.000,-1,400.000,-1,325.000,325.000,300.000,300.000,625.000,-1,-1,-1,925.000,800.000,-1,-1,2,0,2,0,2,0,0,0,0,1,2,2,2,0,0,2,2
3,-8243.118,3626.881,-386.873,155.510,-0.909815,-0.414516,-0.020309,0.414179,-0.909999,0.018895,-0.026313,0.008779,0.999615,0,0.32000,-0.48000,19.200,-0.960,-1,425.000,-1,400.000,-1,325.000,325.000,300.000,300.000,600.000,-1,-1,-1,900.000,800.000,-1,-1,2,0,2,0,2,0,0,0,0,1,2,2,2,0,0,2,2
4,-8264.771,3637.233,-387.322,154.448,-0.901938,-0.431311,-0.021875,0.430932,-0.902162,0.020058,-0.028386,0.008664,0.999559,0,0.40000,-0.53097,24.000,-1.062,-1,425.000,-1,400.000,-1,325.000,325.000,300.000,300.000,575.000,-1,-1,-1,875.000,775.000,-1,-1,2,0,2,0,2,0,0,0,0,1,2,2,2,0,0,2,2
5,-8290.519,3650.136,-387.879,153.383,-0.893713,-0.448014,-0.023692,0.447581,-0.893985,0.021486,-0.030806,0.008598,0.999488,0,0.48000,-0.53279,28.800,-1.066,-1,425.000,-1,400.000,-1,325.000,325.000,300.000,300.000,575.000,-1,-1,-1,875.000,750.000,-1,-1,2,0,2,0,2,0,0,0,0,1,2,2,2,0,0,2,2
6,-8320.271,3665.749,-388.548,152.312,-0.885129,-0.464634,-0.025740,0.464134,-0.885462,0.023186,-0.033565,0.008576,0.999400,0,0.56000,-0.53511,33.600,-1.070,-1,425.000,-1,400.000,-1,325.000,325.000,325.000,300.000,575.000,-1,-1,-1,850.000,750.000,-1,-1,2,0,2,0,2,0,0,0,0,1,2,2,2,0,0,2,2
7,-8353.933,3684.227,-389.386,151.236,-0.876176,-0.481180,-0.027954,0.480609,-0.876582,0.024894,-0.036482,0.008377,0.999299,0,0.64000,-0.53800,38.400,-1.076,-1,400.000,-1,400.000,-1,325.000,325.000,325.000,300.000,575.000,-1,-1,-1,825.000,725.000,-1,-1,2,0,2,0,2,0,0,0,0,1,2,2,2,0,0,2,2
8,-8391.403,3705.727,-390.891,150.153,-0.866842,-0.497671,-0.030130,0.497120,-0.867345,0.024177,-0.038166,0.005979,0.999254,0,0.72000,-0.54151,43.200,-1.083,-1,400.000,-1,400.000,-1,325.000,325.000,325.000,300.000,575.000,-1,-1,-1,800.000,725.000,-1,-1,2,0,2,0,2,0,0,0,0,1,2,2,2,0,0,2,2
9,-8432.574,3730.404,-392.566,149.062,-0.857109,-0.514108,-0.032519,0.513583,-0.857719,0.023469,-0.039958,0.003414,0.999196,0,0.80000,-0.54571,48.000,-1.091,-1,400.000,-1,400.000,-1,325.000,325.000,325.000,300.000,575.000,-1,-1,-1,800.000,700.000,-1,-1,2,0,2,0,2,0,0,0,0,1,2,2,2,0,0,2,2
10,-8477.332,3758.415,-394.502,147.961,-0.846939,-0.530501,-0.035548,0.530019,-0.847684,0.022611,-0.042129,0.000309,0.999112,0,0.88000,-0.55063,52.800,-1.101,-1,400.000,-1,400.000,-1,325.000,325.000,300.000,300.000,600.000,-1,-1,-1,775.000,675.000,-1,-1,2,0,2,0,2,0,0,0,0,1,2,2,2,0,0,2,2
11,-8522.557,3787.954,-396.459,146.848,-0.836340,-0.546860,-0.038455,0.546430,-0.837219,0.021856,-0.044147,-0.002734,0.999021,0,0.90028,-0.55635,54.017,-1.113,-1,400.000,-1,375.000,-1,325.000,325.000,300.000,300.000,625.000,-1,-1,-1,725.000,675.000,-1,-1,2,0,2,0,2,0,0,0,0,1,2,2,2,0,0,2,2
12,-8567.220,3818.394,-398.379,145.723,-0.825308,-0.563185,-0.041093,0.562813,-0.826311,0.021228,-0.045911,-0.005607,0.998930,0,0.90082,-0.56249,54.049,-1.125,-1,375.000,-1,375.000,-1,325.000,300.000,300.000,300.000,650.000,-1,-1,-1,700.000,650.000,-1,-1,2,0,2,0,2,0,0,0,0,1,2,2,2,0,0,2,2
13,-8612.679,3850.711,-400.461,144.591,-0.813917,-0.579396,-0.042886,0.579073,-0.815008,0.020879,-0.047050,-0.007840,0.998862,0,0.92959,-0.56617,55.775,-1.132,-1,375.000,-1,375.000,-1,300.000,300.000,300.000,300.000,675.000,-1,-1,-1,700.000,650.000,-1,-1,2,0,2,0,2,0,0,0,0,1,2,2,2,0,0,2,2
14,-8657.360,3883.833,-402.873,143.451,-0.802240,-0.595495,-0.042395,0.595190,-0.803314,0.020859,-0.046477,-0.008499,0.998883,0,0.92698,-0.57007,55.619,-1.140,-1,375.000,-1,375.000,-1,300.000,300.000,325.000,300.000,725.000,-1,-1,-1,675.000,625.000,-1,-1,2,0,2,0,2,0,0,0,0,1,2,2,2,0,0,2,2
15,-8701.275,3917.772,-405.071,142.302,-0.790167,-0.611474,-0.041669,0.611219,-0.791206,0.020092,-0.045254,-0.009593,0.998929,0,0.92502,-0.57436,55.501,-1.149,-1,375.000,-1,375.000,-1,300.000,300.000,325.000,300.000,750.000,-1,-1,-1,650.000,625.000,-1,1000.000,2,0,2,0,2,0,0,0,0,1,2,2,2,0,0,2,0
16,-8744.434,3952.542,-407.180,141.144,-0.777684,-0.627333,-0.040751,0.627131,-0.778678,0.019156,-0.043749,-0.010659,0.998986,0,0.92371,-0.57904,55.423,-1.158,-1,375.000,-1,350.000,1000.000,300.000,300.000,325.000,300.000,775.000,-1,-1,-1,650.000,625.000,-1,975.000,2,0,2,0,0,0,0,0,0,1,2,2,2,0,0,2,0
17,-8786.845,3988.160,-409.124,139.976,-0.764781,-0.643068,-0.039661,0.642937,-0.765715,0.017669,-0.041731,-0.011987,0.999057,0,0.92307,-0.58408,55.384,-1.168,-1,375.000,-1,350.000,1000.000,300.000,300.000,325.000,325.000,800.000,-1,-1,-1,625.000,625.000,1000.000,950.000,2,0,2,0,0,0,0,0,0,1,2,2,2,0,0,0,0
18,-8828.515,4024.643,-410.945,138.797,-0.751447,-0.658674,-0.038426,0.658623,-0.752308,0.015767,-0.039293,-0.013460,0.999137,0,0.92307,-0.58947,55.384,-1.179,-1,375.000,-1,350.000,975.000,300.000,300.000,325.000,325.000,825.000,-1,-1,-1,625.000,625.000,975.000,950.000,2,0,2,0,0,0,0,0,0,1,2,2,2,0,0,0,0
19,-8869.447,4062.011,-412.716,137.606,-0.737668,-0.674145,-0.037072,0.674180,-0.738445,0.013429,-0.036429,-0.015087,0.999222,0,0.92372,-0.59517,55.423,-1.190,1000.000,375.000,-1,350.000,975.000,300.000,300.000,325.000,325.000,875.000,-1,-1,-1,600.000,625.000,925.000,925.000,0,0,2,0,0,0,0,0,0,1,2,2,2,0,0,0,0
20,-8909.641,4100.282,-414.399,136.404,-0.723435,-0.689474,-0.035609,0.689591,-0.724118,0.010851,-0.033267,-0.016706,0.999307,0,0.92500,-0.60119,55.500,-1.202,950.000,375.000,-1,350.000,975.000,300.000,300.000,325.000,325.000,900.000,-1,-1,-1,600.000,625.000,900.000,925.000,0,0,2,0,0,0,0,0,0,1,2,2,2,0,0,0,0
21,-8949.095,4139.476,-416.050,135.189,-0.708736,-0.704650,-0.034086,0.704852,-0.709312,0.007728,-0.029623,-0.018548,0.999389,0,0.92689,-0.60750,55.613,-1.215,925.000,350.000,-1,350.000,1000.000,300.000,300.000,325.000,325.000,925.000,700.000,575.000,-1,600.000,625.000,875.000,925.000,0,0,2,0,0,0,0,0,0,1,0,0,2,0,0,0,0
22,-8987.803,4179.613,-417.553,133.961,-0.693557,-0.719670,-0.032458,0.719936,-0.694024,0.004659,-0.025880,-0.020137,0.999462,0,0.92935,-0.61409,55.761,-1.228,875.000,350.000,-1,350.000,1000.000,300.000,300.000,325.000,325.000,975.000,450.000,475.000,-1,575.000,600.000,850.000,925.000,0,0,2,0,0,0,0,0,0,1,0,0,2,0,0,0,0
23,-9025.754,4220.713,-418.844,132.719,-0.677899,-0.734526,-0.030393,0.734830,-0.678249,0.001663,-0.021836,-0.021206,0.999537,0,0.93238,-0.62094,55.943,-1.242,850.000,350.000,-1,350.000,-1,300.000,300.000,325.000,325.000,-1,375.000,400.000,-1,575.000,600.000,825.000,925.000,0,0,2,0,2,0,0,0,0,2,0,0,2,0,0,0,0
24,-9062.937,4262.796,-419.795,131.463,-0.661764,-0.749217,-0.027225,0.749517,-0.661984,-0.001252,-0.017085,-0.021234,0.999629,0,0.93593,-0.62805,56.156,-1.256,850.000,350.000,-1,350.000,-1,300.000,300.000,325.000,325.000,-1,350.000,350.000,-1,575.000,600.000,850.000,925.000,0,0,2,0,2,0,0,0,0,2,0,0,2,0,0,0,0
25,-9099.333,4305.878,-420.545,130.192,-0.645112,-0.763722,-0.023669,0.763993,-0.645211,-0.004177,-0.012081,-0.020778,0.999711,0,0.93998,-0.63540,56.399,-1.271,825.000,350.000,-1,350.000,-1,300.000,300.000,325.000,325.000,-1,300.000,325.000,-1,575.000,600.000,850.000,950.000,0,0,2,0,2,0,0,0,0,2,0,0,2,0,0,0,0
26,-9134.924,4349.979,-420.822,128.906,-0.627947,-0.778041,-0.018305,0.778234,-0.627934,-0.007130,-0.005947,-0.018723,0.999807,0,0.94451,-0.64298,56.671,-1.286,850.000,350.000,-1,375.000,-1,300.000,300.000,325.000,325.000,-1,275.000,275.000,-1,600.000,600.000,875.000,975.000,0,0,2,0,2,0,0,0,0,2,0,0,2,0,0,0,0
27,-9169.687,4395.113,-420.838,127.604,-0.610202,-0.792127,-0.013731,0.792246,-0.610117,-0.010187,-0.000309,-0.017095,0.999854,0,0.94949,-0.65079,56.969,-1.302,850.000,350.000,-1,350.000,-1,300.000,300.000,325.000,325.000,-1,275.000,250.000,-1,600.000,600.000,900.000,1000.000,0,0,2,0,2,0,0,0,0,2,0,0,2,0,0,0,1
28,-9204.393,4442.434,-420.668,126.257,-0.591468,-0.806272,-0.009478,0.806312,-0.591340,-0.013382,0.005185,-0.015557,0.999866,0,0.97806,-0.67360,58.683,-1.347,875.000,350.000,-1,350.000,-1,300.000,300.000,325.000,325.000,-1,275.000,250.000,-1,600.000,600.000,900.000,-1,0,0,2,0,2,0,0,0,0,2,0,0,2,0,0,0,2
29,-9238.236,4490.933,-420.353,124.908,-0.572356,-0.819987,-0.005439,0.819938,-0.572211,-0.016629,0.010523,-0.013977,0.999847,0,0.98566,-0.67438,59.140,-1.349,875.000,350.000,-1,350.000,-1,300.000,300.000,300.000,325.000,-1,275.000,250.000,-1,600.000,625.000,925.000,-1,0,0,2,0,2,0,0,0,0,2,0,0,2,0,0,0,2
30,-9271.184,4540.601,-419.503,123.559,-0.552905,-0.833240,-0.002579,0.833088,-0.552739,-0.021086,0.016144,-0.013807,0.999774,0,0.99337,-0.67486,59.602,-1.350,900.000,350.000,-1,350.000,-1,300.000,300.000,300.000,325.000,-1,275.000,250.000,-1,600.000,625.000,950.000,-1,0,0,2,0,2,0,0,0,0,2,0,0,2,0,0,0,2
31,-9300.588,4586.847,-418.390,122.449,-0.536686,-0.843782,-0.000523,0.843504,-0.536493,-0.025999,0.021657,-0.014394,0.999662,0,0.91337,-0.55486,54.802,-1.110,925.000,350.000,-1,375.000,-1,300.000,300.000,300.000,325.000,-1,250.000,250.000,-1,625.000,625.000,1000.000,-1,0,0,2,0,2,0,0,0,0,2,0,0,2,0,0,0,2
32,-9326.773,4629.445,-417.270,121.579,-0.523831,-0.851821,0.001153,0.851410,-0.523620,-0.030386,0.026487,-0.014935,0.999538,0,0.83337,-0.43486,50.002,-0.870,925.000,350.000,1000.000,375.000,-1,300.000,300.000,300.000,325.000,-1,250.000,250.000,-1,625.000,650.000,-1,-1,0,0,1,0,2,0,0,0,0,2,0,0,2,0,0,2,2
33,-9352.638,4672.579,-416.039,120.950,-0.514448,-0.857517,0.002714,0.856956,-0.514221,-0.034689,0.031142,-0.015520,0.999394,0,0.83823,-0.31486,50.294,-0.630,950.000,350.000,950.000,375.000,-1,300.000,300.000,300.000,325.000,-1,250.000,250.000,-1,625.000,650.000,-1,-1,0,0,1,0,2,0,0,0,0,2,0,0,2,0,1,2,2
34,-9378.411,4716.228,-414.496,120.560,-0.508589,-0.860997,0.004582,0.860297,-0.508378,-0.037953,0.035007,-0.015360,0.999269,0,0.84484,-0.19486,50.690,-0.390,1000.000,350.000,900.000,375.000,-1,300.000,300.000,300.000,325.000,-1,275.000,250.000,-1,625.000,625.000,-1,1000.000,0,0,1,0,2,0,0,0,0,2,0,0,2,0,1,2,1
35,-9404.272,4760.290,-412.820,120.410,-0.506314,-0.862325,0.006479,0.861481,-0.506128,-0.041052,0.038680,-0.015204,0.999136,0,0.85150,-0.07486,51.090,-0.150,-1,350.000,875.000,375.000,-1,300.000,300.000,300.000,325.000,-1,275.000,250.000,-1,650.000,625.000,-1,950.000,2,0,1,0,2,0,0,0,0,2,0,0,2,0,1,2,1
36,-9430.406,4804.657,-410.864,120.500,-0.507612,-0.861536,0.009283,0.860521,-0.507491,-0.044222,0.042810,-0.014459,0.998979,0,0.85819,0.04514,51.491,0.090,-1,375.000,825.000,375.000,-1,300.000,300.000,300.000,325.000,-1,275.000,250.000,-1,650.000,600.000,-1,875.000,2,0,1,0,2,0,0,0,0,2,0,0,2,0,1,2,1
37,-9457.003,4849.219,-408.572,120.831,-0.512463,-0.858614,0.012800,0.857444,-0.512460,-0.046638,0.046604,-0.012925,0.998830,0,0.86492,0.16514,51.895,0.330,-1,375.000,775.000,375.000,-1,300.000,300.000,300.000,325.000,-1,275.000,250.000,-1,675.000,575.000,1000.000,825.000,2,0,1,0,2,0,0,0,0,2,0,0,2,0,1,1,1
38,-9484.253,4893.859,-406.106,121.401,-0.520854,-0.853488,0.016414,0.852182,-0.520991,-0.048517,0.049960,-0.011283,0.998687,0,0.87167,0.28514,52.300,0.570,-1,375.000,725.000,375.000,-1,300.000,300.000,300.000,325.000,-1,275.000,250.000,-1,675.000,550.000,950.000,725.000,2,0,1,0,2,0,0,0,0,2,0,0,2,0,1,1,1
39,-9512.201,4938.545,-403.570,122.024,-0.529972,-0.847782,0.019892,0.846341,-0.530253,-0.050381,0.053260,-0.009865,0.998532,0,0.87842,0.31168,52.705,0.623,-1,375.000,700.000,375.000,-1,300.000,300.000,300.000,300.000,-1,275.000,250.000,-1,675.000,500.000,900.000,650.000,2,0,1,1,2,0,0,0,0,2,0,0,2,1,1,1,1
40,-9540.850,4983.267,-400.957,122.644,-0.538964,-0.842009,0.023223,0.840432,-0.539395,-0.052224,0.056499,-0.008630,0.998365,0,0.88518,0.30976,53.111,0.620,-1,375.000,650.000,350.000,-1,300.000,300.000,300.000,300.000,-1,300.000,250.000,-1,650.000,475.000,875.000,575.000,2,0,1,1,2,0,0,0,0,2,0,0,2,1,1,1,1
41,-9570.200,5028.017,-398.211,123.259,-0.547831,-0.836175,0.026317,0.834447,-0.548407,-0.054295,0.059832,-0.007784,0.998178,0,0.89194,0.30757,53.516,0.615,-1,375.000,600.000,325.000,925.000,325.000,325.000,300.000,300.000,-1,300.000,250.000,-1,600.000,450.000,825.000,525.000,2,0,1,1,1,0,1,0,0,2,0,0,2,1,1,1,1
42,-9600.251,5072.789,-395.171,123.869,-0.556626,-0.830286,0.028151,0.828425,-0.557281,-0.056124,0.062287,-0.007919,0.998027,0,0.89869,0.30510,53.921,0.610,-1,375.000,550.000,325.000,725.000,325.000,300.000,300.000,300.000,-1,300.000,275.000,-1,550.000,400.000,775.000,450.000,2,0,1,1,1,0,1,0,0,2,0,0,2,1,1,1,1
43,-9631.000,5117.574,-391.841,124.474,-0.565348,-0.824352,0.028732,0.822377,-0.566006,-0.057740,0.063861,-0.009014,0.997918,0,0.90541,0.30231,54.325,0.605,-1,400.000,500.000,300.000,550.000,325.000,275.000,300.000,300.000,-1,325.000,300.000,-1,525.000,375.000,725.000,375.000,2,0,1,1,1,1,1,0,0,2,0,0,2,1,1,1,1
44,-9662.446,5162.363,-388.476,125.072,-0.573923,-0.818387,0.029238,0.816303,-0.574578,-0.059251,0.065290,-0.010138,0.997815,0,0.91209,0.29917,54.725,0.598,1000.000,375.000,450.000,250.000,425.000,300.000,250.000,300.000,300.000,-1,350.000,325.000,-1,475.000,325.000,675.000,325.000,1,1,1,1,1,1,1,0,0,2,0,0,2,1,1,1,1
45,-9694.584,5207.148,-383.130,125.663,-0.582586,-0.812316,0.027135,0.809546,-0.582923,-0.069546,0.072311,-0.018550,0.997210,0,0.91870,0.29566,55.122,0.591,950.000,350.000,400.000,250.000,350.000,275.000,225.000,300.000,325.000,-1,350.000,350.000,-1,450.000,300.000,625.000,275.000,1,1,1,1,1,1,1,0,0,2,0,0,2,1,1,1,1
46,-9727.409,5251.920,-376.551,126.247,-0.591338,-0.806078,0.023626,0.802176,-0.590973,-0.085234,0.082668,-0.031450,0.996081,0,0.92523,0.29172,55.514,0.583,900.000,325.000,375.000,225.000,325.000,250.000,200.000,300.000,350.000,-1,300.000,325.000,-1,400.000,275.000,600.000,250.000,1,1,1,1,1,1,1,0,0,2,0,0,2,1,1,1,1
47,-9760.914,5296.667,-368.936,126.821,-0.600234,-0.799591,0.019338,0.794073,-0.598638,-0.105269,0.095748,-0.047831,0.994256,0,0.93163,0.28730,55.898,0.575,850.000,300.000,350.000,200.000,275.000,225.000,200.000,275.000,400.000,925.000,250.000,325.000,-1,375.000,250.000,550.000,225.000,1,1,1,1,1,1,1,0,0,0,0,0,2,1,1,1,1
48,-9795.090,5341.378,-360.057,127.386,-0.609316,-0.792779,0.015338,0.784971,-0.605822,-0.129617,0.112050,-0.066938,0.991445,0,0.93787,0.28234,56.272,0.565,800.000,275.000,300.000,200.000,250.000,200.000,175.000,275.000,450.000,700.000,200.000,300.000,-1,350.000,225.000,525.000,200.000,1,1,1,1,1,1,1,0,0,0,0,0,2,1,1,1,1
49,-9829.923,5386.040,-349.910,127.940,-0.618728,-0.785532,0.010733,0.774762,-0.612393,-0.157219,0.130073,-0.088960,0.987505,0,0.94390,0.27675,56.634,0.554,775.000,250.000,300.000,175.000,225.000,200.000,175.000,250.000,525.000,525.000,125.000,250.000,-1,325.000,200.000,500.000,200.000,1,1,1,1,1,1,1,0,0,0,0,0,2,1,1,1,1
50,-2951.667,6887.320,-101.698,-40.882,0.754549,0.652532,-0.069691,-0.655763,0.753795,-0.042045,0.025097,0.077426,0.996682,1,0.00000,0.00000,56.979,0.541,-1,425.000,-1,400.000,-1,350.000,325.000,325.000,325.000,-1,-1,-1,-1,-1,825.000,-1,-1,2,0,2,0,2,0,0,0,0,2,2,2,2,2,0,2,2
51,-2948.025,6884.193,-101.589,-40.642,0.757297,0.649376,-0.069371,-0.652591,0.756529,-0.042294,0.025016,0.077300,0.996694,0,0.08000,0.12000,4.800,0.240,-1,425.000,-1,400.000,-1,350.000,325.000,325.000,325.000,-1,-1,-1,-1,-1,825.000,-1,-1,2,0,2,0,2,0,0,0,0,2,2,2,2,2,0,2,2
52,-2940.688,6878.002,-101.363,-40.162,0.762753,0.643028,-0.068721,-0.646212,0.761958,-0.042786,0.024850,0.077043,0.996718,0,0.16000,0.24000,9.600,0.480,-1,425.000,-1,400.000,-1,350.000,325.000,325.000,325.000,-1,-1,-1,-1,-1,800.000,-1,-1,2,0,2,0,2,0,0,0,0,2,2,2,2,2,0,2,2
53,-2929.568,6868.854,-101.019,-39.442,0.770835,0.633420,-0.067773,-0.636559,0.769999,-0.043515,0.024622,0.076685,0.996751,0,0.24000,0.36000,14.400,0.720,-1,425.000,-1,400.000,-1,325.000,325.000,325.000,300.000,-1,-1,-1,-1,-1,800.000,-1,-1,2,0,2,0,2,0,0,0,0,2,2,2,2,2,0,2,2
54,-2914.539,6856.906,-100.565,-38.482,0.781413,0.620448,-0.066620,-0.623538,0.780526,-0.044489,0.024395,0.076304,0.996786,0,0.32000,0.48000,19.200,0.960,-1,425.000,-1,400.000,-1,325.000,325.000,325.000,300.000,-1,-1,-1,-1,-1,800.000,-1,-1,2,0,2,0,2,0,0,0,0,2,2,2,2,2,0,2,2
55,-2895.444,6842.369,-99.951,-37.282,0.794328,0.603990,-0.065110,-0.607012,0.793380,-0.045658,0.024080,0.075790,0.996833,0,0.40000,0.60000,24.000,1.200,-1,425.000,-1,400.000,-1,325.000,325.000,325.000,300.000,-1,-1,-1,-1,-1,800.000,-1,-1,2,0,2,0,2,0,0,0,0,2,2,2,2,2,0,2,2
56,-2872.099,6825.505,-99.150,-35.842,0.809368,0.583891,-0.063202,-0.586825,0.808349,-0.046985,0.023655,0.075116,0.996894,0,0.48000,0.72000,28.800,1.440,-1,425.000,-1,400.000,-1,325.000,325.000,325.000,300.000,-1,-1,-1,-1,-1,800.000,-1,-1,2,0,2,0,2,0,0,0,0,2,2,2,2,2,0,2,2
57,-2844.298,6806.638,-98.128,-34.162,0.826270,0.559978,-0.060848,-0.562800,0.825173,-0.048421,0.023096,0.074254,0.996972,0,0.56000,0.84000,33.600,1.680,-1,425.000,-1,400.000,-1,325.000,325.000,325.000,300.000,-1,-1,-1,-1,1000.000,800.000,-1,-1,2,0,2,0,2,0,0,0,0,2,2,2,2,1,0,2,2
58,-2811.821,6786.151,-97.050,-32.242,0.844690,0.532091,-0.058116,-0.534760,0.843590,-0.048869,0.023023,0.072357,0.997113,0,0.64000,0.96000,38.400,1.920,-1,425.000,-1,400.000,-1,325.000,325.000,325.000,300.000,-1,-1,-1,-1,950.000,800.000,-1,-1,2,0,2,0,2,0,0,0,0,2,2,2,2,1,0,2,2
59,-2774.503,6764.392,-95.827,-30.242,0.862868,0.502423,-0.055053,-0.504903,0.861811,-0.048526,0.023065,0.069668,0.997304,0,0.72000,1.00000,43.200,2.000,-1,425.000,-1,400.000,-1,325.000,325.000,325.000,300.000,-1,-1,-1,-1,925.000,800.000,-1,-1,2,0,2,0,2,0,0,0,0,2,2,2,2,1,0,2,2
60,-2732.219,6741.677,-94.352,-28.242,0.880008,0.472141,-0.051659,-0.474408,0.879009,-0.047755,0.022861,0.066532,0.997522,0,0.80000,1.00000,48.000,2.000,-1,425.000,-1,400.000,-1,350.000,325.000,325.000,275.000,-1,-1,-1,-1,900.000,800.000,-1,-1,2,0,2,0,2,0,0,0,0,2,2,2,2,1,0,2,2
61,-2684.863,6718.328,-92.773,-26.242,0.896120,0.441299,-0.047173,-0.443274,0.895199,-0.046131,0.021871,0.062249,0.997821,0,0.88000,1.00000,52.800,2.000,-1,425.000,-1,400.000,-1,350.000,325.000,300.000,300.000,-1,-1,-1,-1,850.000,800.000,-1,-1,2,0,2,0,2,0,0,0,0,2,2,2,2,1,0,2,2
62,-2632.345,6694.675,-91.116,-24.242,0.911176,0.409925,-0.041470,-0.411534,0.910360,-0.043412,0.019957,0.056622,0.998196,0,0.96000,1.00000,57.600,2.000,975.000,425.000,-1,400.000,-1,350.000,325.000,300.000,300.000,-1,-1,-1,-1,800.000,825.000,-1,-1,1,0,2,0,2,0,0,0,0,2,2,2,2,1,0,2,2
63,-2576.812,6671.960,-89.264,-22.242,0.925107,0.378028,-0.035659,-0.379287,0.924413,-0.040020,0.017835,0.050548,0.998562,0,1.00000,1.00000,60.000,2.000,900.000,425.000,-1,400.000,-1,350.000,325.000,300.000,325.000,-1,-1,-1,-1,775.000,825.000,1000.000,-1,1,0,2,0,2,0,0,0,0,2,2,2,2,1,0,1,2
64,-2520.606,6650.964,-88.077,-20.482,0.936346,0.349516,-0.033086,-0.350633,0.935743,-0.037975,0.017687,0.047159,0.998731,0,1.00000,0.88000,60.000,1.760,825.000,425.000,-1,425.000,-1,350.000,350.000,300.000,325.000,-1,-1,-1,-1,725.000,825.000,925.000,-1,1,0,2,0,2,0,0,0,0,2,2,2,2,1,0,1,2
65,-2463.863,6631.468,-87.671,-18.962,0.945369,0.324576,-0.030459,-0.325605,0.944697,-0.039108,0.016081,0.046889,0.998771,0,1.00000,0.76000,60.000,1.520,775.000,425.000,-1,425.000,-1,350.000,325.000,300.000,300.000,-1,-1,-1,-1,700.000,800.000,825.000,-1,1,0,2,0,2,0,0,0,0,2,2,2,2,1,0,1,2
66,-2406.698,6613.244,-87.253,-17.682,0.952466,0.303394,-0.027593,-0.304322,0.951717,-0.040283,0.014039,0.046765,0.998807,0,1.00000,0.64000,60.000,1.280,700.000,425.000,-1,400.000,-1,325.000,325.000,300.000,300.000,-1,-1,-1,-1,650.000,775.000,750.000,-1,1,0,2,0,2,0,0,0,0,2,2,2,2,1,0,1,2
67,-2349.211,6596.061,-86.772,-16.642,0.957892,0.286072,-0.024621,-0.286889,0.957076,-0.041243,0.011766,0.046569,0.998846,0,1.00000,0.52000,60.000,1.040,650.000,425.000,-1,400.000,-1,325.000,325.000,300.000,300.000,-1,-1,-1,-1,625.000,750.000,675.000,-1,1,1,2,0,2,0,0,0,0,2,2,2,2,1,0,1,2
68,-2291.490,6579.682,-86.242,-15.842,0.961862,0.272685,-0.021574,-0.273380,0.960988,-0.042027,0.009272,0.046322,0.998884,0,1.00000,0.40000,60.000,0.800,575.000,400.000,-1,400.000,-1,325.000,325.000,300.000,300.000,-1,-1,-1,-1,575.000,725.000,600.000,-1,1,1,2,0,2,0,0,0,0,2,2,2,2,1,0,1,2
69,-2233.612,6563.867,-85.677,-15.282,0.964542,0.263283,-0.018475,-0.263848,0.963620,-0.042678,0.006566,0.046040,0.998918,0,1.00000,0.28000,60.000,0.560,525.000,375.000,-1,400.000,-1,325.000,325.000,300.000,300.000,-1,-1,-1,-1,550.000,725.000,550.000,-1,1,1,2,0,2,1,0,0,0,2,2,2,2,1,0,1,2
70,-2175.646,6548.377,-85.074,-14.962,0.966049,0.257901,-0.015375,-0.258332,0.965091,-0.043167,0.003705,0.045673,0.998950,0,1.00000,0.16000,60.000,0.320,450.000,350.000,-1,400.000,-1,300.000,325.000,300.000,275.000,-1,-1,-1,-1,525.000,700.000,475.000,-1,1,1,2,0,2,1,1,0,0,2,2,2,2,1,0,1,2
71,-2117.659,6532.967,-84.387,-14.882,0.966449,0.256560,-0.012368,-0.256857,0.965476,-0.043356,0.000818,0.045079,0.998983,0,1.00000,0.04000,60.000,0.080,400.000,325.000,-1,375.000,-1,300.000,325.000,300.000,300.000,-1,-1,-1,-1,500.000,675.000,425.000,-1,1,1,2,0,2,1,1,0,0,2,2,2,2,1,0,1,2
72,-2059.715,6517.395,-83.664,-15.042,0.965761,0.259263,-0.009385,-0.259423,0.964785,-0.043474,-0.002217,0.044420,0.999010,0,1.00000,-0.08000,60.000,-0.160,350.000,325.000,-1,375.000,-1,275.000,300.000,300.000,300.000,-1,-1,-1,-1,475.000,650.000,375.000,-1,1,1,2,0,2,1,1,0,0,2,2,2,2,1,0,1,2
73,-2001.880,6501.421,-82.257,-15.442,0.963907,0.265968,-0.012016,-0.266239,0.962864,-0.044818,-0.000351,0.046399,0.998923,0,1.00000,-0.20000,60.000,-0.400,300.000,300.000,-1,375.000,-1,275.000,300.000,300.000,300.000,-1,-1,-1,-1,475.000,675.000,325.000,-1,1,1,2,0,2,1,1,0,0,2,2,2,2,1,0,1,2
74,-1944.154,6485.059,-79.301,-15.831,0.961947,0.272398,-0.021401,-0.273154,0.960636,-0.050646,0.006763,0.054565,0.998487,0,1.00000,-0.19484,60.000,-0.390,300.000,325.000,-1,400.000,-1,300.000,325.000,325.000,300.000,-1,-1,-1,-1,500.000,700.000,350.000,-1,1,1,2,0,2,1,1,0,0,2,2,2,2,1,0,1,2
75,-1886.525,6468.360,-76.907,-16.167,0.960105,0.277882,-0.031311,-0.279275,0.958544,-0.056552,0.014298,0.063040,0.997909,0,1.00000,-0.16784,60.000,-0.336,300.000,325.000,-1,400.000,-1,300.000,350.000,350.000,275.000,-1,-1,-1,-1,525.000,725.000,350.000,-1,1,1,2,0,2,1,0,0,0,2,2,2,2,1,0,1,2
76,-1828.976,6451.382,-74.608,-16.444,0.958382,0.282389,-0.041965,-0.284562,0.956733,-0.060719,0.023003,0.070133,0.997272,0,1.00000,-0.13880,60.000,-0.278,300.000,350.000,-1,425.000,-1,325.000,350.000,375.000,275.000,-1,-1,-1,-1,550.000,750.000,375.000,-1,1,1,2,0,2,1,0,1,0,2,2,2,2,1,0,1,2
77,-1771.492,6434.187,-72.503,-16.660,0.956874,0.285851,-0.051779,-0.288829,0.955233,-0.064094,0.031139,0.076285,0.996600,0,1.00000,-0.10761,60.000,-0.215,325.000,350.000,-1,425.000,-1,350.000,375.000,350.000,275.000,-1,650.000,200.000,-1,625.000,800.000,400.000,-1,1,1,2,0,2,1,0,1,0,2,0,0,2,1,0,1,2
78,-1714.052,6416.844,-70.601,-16.808,0.955642,0.288202,-0.060731,-0.291980,0.954087,-0.066833,0.038681,0.081601,0.995914,0,1.00000,-0.07417,60.000,-0.148,325.000,375.000,-1,450.000,-1,350.000,375.000,325.000,275.000,-1,300.000,175.000,-1,700.000,825.000,950.000,-1,1,1,2,0,2,1,0,1,0,2,0,0,2,1,0,1,2
79,-1656.636,6399.423,-68.888,-16.885,0.954738,0.289370,-0.068850,-0.293921,0.953335,-0.069011,0.045667,0.086124,0.995237,0,1.00000,-0.03841,60.000,-0.077,325.000,400.000,-1,450.000,-1,375.000,400.000,275.000,275.000,-1,250.000,150.000,-1,750.000,875.000,-1,-1,1,1,2,0,2,1,0,1,0,2,0,0,2,1,0,2,2
80,-1599.220,6382.001,-67.351,-16.885,0.954208,0.289283,-0.076177,-0.294565,0.953012,-0.070707,0.052143,0.089908,0.994584,0,1.00000,-0.00030,60.000,-0.001,325.000,425.000,-1,450.000,-1,400.000,400.000,275.000,275.000,-1,225.000,125.000,-1,825.000,900.000,-1,-1,1,1,2,0,2,1,0,1,0,2,0,0,2,1,0,2,2
81,-1541.781,6364.659,-65.930,-16.805,0.954100,0.287869,-0.082607,-0.293809,0.953157,-0.071894,0.058041,0.092864,0.993986,0,1.00000,0.04014,60.000,0.080,475.000,450.000,-1,475.000,-1,425.000,400.000,250.000,275.000,-1,225.000,125.000,-1,900.000,950.000,-1,-1,1,1,2,0,2,0,0,1,0,2,0,0,2,1,0,2,2
82,-1484.350,6347.668,-64.524,-16.485,0.955211,0.282475,-0.088210,-0.289014,0.954541,-0.072952,0.063593,0.095178,0.993427,0,0.99819,0.16014,59.891,0.320,600.000,475.000,-1,475.000,-1,450.000,425.000,225.000,275.000,-1,200.000,100.000,875.000,975.000,1000.000,-1,-1,1,1,2,0,2,0,0,1,0,2,0,0,0,1,0,2,2
83,-1427.964,6331.585,-63.138,-15.925,0.957465,0.273075,-0.093225,-0.280187,0.957074,-0.074194,0.068963,0.097158,0.992877,0,0.97723,0.28014,58.634,0.560,700.000,475.000,-1,500.000,-1,450.000,425.000,200.000,250.000,-1,200.000,100.000,700.000,-1,-1,-1,-1,1,1,2,0,2,0,0,1,0,2,0,0,0,2,2,2,2
84,-1372.683,6316.655,-60.363,-15.124,0.961058,0.259490,-0.095037,-0.267353,0.960091,-0.082151,0.069927,0.104360,0.992078,0,0.95438,0.40014,57.263,0.800,-1,500.000,-1,500.000,-1,450.000,425.000,200.000,250.000,-1,250.000,150.000,650.000,-1,-1,-1,-1,2,1,2,0,2,0,0,1,0,2,0,0,0,2,2,2,2
85,-3607.626,4263.561,-272.500,20.720,0.934782,-0.353791,-0.031864,0.353331,0.935300,-0.019241,0.036610,0.006727,0.999307,1,0.00000,0.00000,55.816,1.040,1000.000,375.000,-1,375.000,475.000,300.000,300.000,300.000,300.000,-1,-1,-1,-1,625.000,475.000,-1,475.000,0,0,2,1,1,0,0,0,0,2,2,2,2,1,1,2,1
86,-3603.143,4265.278,-272.328,20.960,0.933286,-0.357705,-0.032005,0.357241,0.933811,-0.019396,0.036824,0.006668,0.999300,0,0.08000,0.12000,4.800,0.240,1000.000,375.000,-1,375.000,475.000,300.000,300.000,300.000,300.000,-1,-1,-1,-1,625.000,475.000,-1,475.000,0,0,2,1,1,0,0,0,0,2,2,2,2,1,1,2,1
87,-3594.208,4268.787,-271.984,21.440,0.930245,-0.365516,-0.032281,0.365043,0.930782,-0.019713,0.037251,0.006554,0.999284,0,0.16000,0.24000,9.600,0.480,1000.000,375.000,-1,375.000,450.000,300.000,300.000,300.000,300.000,-1,-1,-1,-1,625.000,475.000,-1,450.000,0,0,2,1,1,0,0,0,0,2,2,2,2,1,1,2,1
88,-3580.871,4274.218,-271.468,22.160,0.925561,-0.377184,-0.032684,0.376697,0.926116,-0.020204,0.037890,0.006388,0.999261,0,0.24000,0.36000,14.400,0.720,1000.000,375.000,-1,350.000,450.000,300.000,300.000,300.000,300.000,-1,-1,-1,-1,625.000,450.000,-1,450.000,0,0,2,1,1,0,0,0,0,2,2,2,2,1,1,2,1
89,-3563.213,4281.757,-270.779,23.120,0.919089,-0.392648,-0.033202,0.392141,0.919668,-0.020890,0.038738,0.006180,0.999230,0,0.32000,0.48000,19.200,0.960,1000.000,375.000,-1,350.000,425.000,300.000,300.000,300.000,300.000,-1,-1,-1,-1,625.000,450.000,-1,425.000,0,0,2,1,1,0,0,0,0,2,2,2,2,1,1,2,1
90,-3541.343,4291.641,-269.918,24.320,0.910636,-0.411823,-0.033816,0.411288,0.911245,-0.021794,0.039790,0.005938,0.999190,0,0.40000,0.60000,24.000,1.200,1000.000,375.000,-1,350.000,400.000,300.000,300.000,325.000,300.000,-1,-1,-1,-1,650.000,450.000,-1,400.000,0,0,2,1,1,0,0,0,0,2,2,2,2,0,1,2,1
91,-3515.405,4304.158,-268.884,25.760,0.899966,-0.434593,-0.034499,0.434024,0.900609,-0.022946,0.041042,0.005678,0.999141,0,0.48000,0.72000,28.800,1.440,1000.000,375.000,-1,325.000,375.000,300.000,300.000,325.000,300.000,-1,-1,-1,-1,625.000,425.000,-1,375.000,0,0,2,1,1,0,1,0,0,2,2,2,2,0,1,2,1
92,-3485.575,4319.621,-267.677,27.401,0.887109,-0.460215,-0.035222,0.459601,0.887791,-0.024383,0.042491,0.005442,0.999082,0,0.56000,0.82080,33.600,1.642,-1,375.000,-1,325.000,325.000,300.000,300.000,325.000,300.000,-1,-1,550.000,-1,625.000,425.000,-1,350.000,2,0,2,1,1,0,1,0,0,2,2,0,2,0,1,2,1
93,-3451.998,4338.255,-266.140,29.028,0.873618,-0.485231,-0.036635,0.484564,0.874373,-0.025874,0.044587,0.004852,0.998994,0,0.64000,0.81327,38.400,1.627,-1,375.000,-1,300.000,300.000,300.000,275.000,325.000,300.000,-1,500.000,500.000,-1,625.000,400.000,-1,325.000,2,0,2,1,1,0,1,0,0,2,0,0,2,0,1,2,1
94,-3414.828,4360.269,-264.035,30.637,0.859550,-0.509600,-0.038496,0.508927,0.860406,-0.026364,0.046557,0.003070,0.998911,0,0.72000,0.80470,43.200,1.609,-1,375.000,-1,300.000,275.000,300.000,275.000,325.000,300.000,-1,475.000,475.000,-1,625.000,400.000,-1,275.000,2,1,2,1,1,1,1,0,0,2,0,0,2,0,1,2,1
95,-3374.223,4385.867,-261.637,32.227,0.844966,-0.533278,-0.040580,0.532598,0.845939,-0.026949,0.048700,0.001158,0.998813,0,0.80000,0.79493,48.000,1.590,-1,375.000,-1,275.000,225.000,300.000,275.000,325.000,300.000,-1,475.000,450.000,-1,625.000,400.000,-1,250.000,2,1,2,1,1,1,1,0,0,2,0,0,2,0,1,2,1
96,-3330.343,4415.235,-256.584,33.795,0.829315,-0.556194,-0.053709,0.555744,0.830996,-0.024358,0.058180,-0.009649,0.998259,0,0.88000,0.78379,52.800,1.568,-1,375.000,-1,300.000,225.000,300.000,275.000,300.000,325.000,-1,350.000,375.000,-1,625.000,425.000,-1,250.000,2,0,2,1,1,1,1,0,0,2,0,0,2,0,1,2,1
97,-3283.353,4448.552,-250.040,35.337,0.812644,-0.578203,-0.072737,0.578359,0.815511,-0.021054,0.071491,-0.024959,0.997129,0,0.96000,0.77108,57.600,1.542,-1,400.000,-1,300.000,225.000,325.000,300.000,300.000,325.000,-1,250.000,325.000,-1,675.000,475.000,-1,275.000,2,0,2,1,1,1,1,0,1,2,0,0,2,0,1,2,1
98,-3235.340,4484.538,-243.932,36.850,0.795539,-0.599291,-0.089265,0.600172,0.799630,-0.019612,0.083133,-0.037972,0.995815,0,1.00000,0.75658,60.000,1.513,-1,400.000,-1,325.000,250.000,350.000,325.000,300.000,325.000,-1,225.000,275.000,-1,700.000,600.000,-1,325.000,2,0,2,1,1,0,1,0,1,2,0,0,2,0,1,2,1
99,-3188.273,4521.753,-238.403,38.331,0.778292,-0.619507,-0.102334,0.620984,0.783552,-0.020605,0.092948,-0.047511,0.994537,0,1.00000,0.74059,60.000,1.481,-1,425.000,-1,375.000,275.000,350.000,350.000,275.000,300.000,875.000,200.000,275.000,-1,750.000,925.000,-1,-1,2,0,2,1,1,0,1,0,1,0,0,0,2,0,0,2,2
100,-3142.161,4560.144,-233.041,39.778,0.761301,-0.638956,-0.110256,0.640596,0.767486,-0.024518,0.100286,-0.051964,0.993601,0,1.00000,0.72356,60.000,1.447,-1,425.000,-1,425.000,325.000,375.000,375.000,275.000,250.000,775.000,175.000,250.000,-1,775.000,1000.000,-1,-1,2,0,2,1,1,0,0,0,1,0,0,0,2,0,0,2,2
101,-3097.008,4599.659,-228.360,41.190,0.744594,-0.657610,-0.114581,0.659117,0.751458,-0.029599,0.105567,-0.053483,0.992973,0,1.00000,0.70559,60.000,1.411,-1,425.000,-1,500.000,-1,375.000,375.000,275.000,225.000,775.000,150.000,250.000,-1,800.000,-1,-1,-1,2,0,2,0,2,0,0,0,1,0,0,0,2,0,2,2,2
102,-3052.815,4640.243,-224.347,42.563,0.728302,-0.675485,-0.115311,0.676558,0.735530,-0.035565,0.108838,-0.052112,0.992693,0,1.00000,0.68685,60.000,1.374,-1,425.000,-1,475.000,-1,375.000,375.000,275.000,200.000,775.000,150.000,225.000,-1,800.000,-1,-1,-1,2,0,2,0,2,0,0,0,1,0,0,0,2,0,2,2,2
103,-3009.580,4681.845,-220.828,43.898,0.712521,-0.692566,-0.112540,0.693026,0.719723,-0.041407,0.109675,-0.048489,0.992784,0,1.00000,0.66756,60.000,1.335,-1,425.000,-1,475.000,-1,350.000,375.000,275.000,175.000,825.000,150.000,225.000,-1,825.000,-1,-1,-1,2,0,2,0,2,0,0,0,1,0,0,0,2,0,2,2,2
104,-2967.317,4724.434,-217.698,45.221,0.696957,-0.709195,-0.106266,0.708895,0.703734,-0.047194,0.108253,-0.042439,0.993217,0,1.00000,0.66153,60.000,1.323,-1,425.000,-1,450.000,-1,350.000,375.000,300.000,150.000,925.000,150.000,250.000,-1,825.000,-1,-1,-1,2,0,2,0,2,0,0,0,1,0,0,0,2,0,2,2,2
105,-2926.047,4767.984,-215.191,46.540,0.681483,-0.725445,-0.096494,0.724295,0.687451,-0.052988,0.104774,-0.033780,0.993922,0,1.00000,0.65945,60.000,1.319,-1,400.000,-1,425.000,-1,350.000,350.000,300.000,150.000,-1,175.000,250.000,-1,800.000,975.000,-1,-1,2,0,2,0,2,0,0,0,1,2,0,0,2,0,0,2,2
106,-2886.427,4811.768,-210.656,47.857,0.665953,-0.741070,-0.085572,0.740394,0.670620,-0.045670,0.091231,-0.032942,0.995285,0,0.98419,0.65829,59.052,1.317,-1,375.000,-1,400.000,-1,325.000,325.000,300.000,150.000,-1,400.000,450.000,-1,725.000,850.000,-1,-1,2,0,2,0,2,0,0,0,1,2,0,0,2,0,0,2,2
107,-2848.514,4855.653,-204.343,49.173,0.649433,-0.756107,-0.080864,0.756363,0.653275,-0.033877,0.078441,-0.039161,0.996149,0,0.96662,0.65806,57.997,1.316,-1,350.000,-1,375.000,-1,300.000,300.000,300.000,150.000,-1,725.000,750.000,-1,650.000,775.000,-1,-1,2,0,2,0,2,0,0,0,1,2,0,0,2,0,0,2,2
108,-2812.278,4899.605,-196.640,50.491,0.631544,-0.770514,-0.086371,0.771806,0.635377,-0.024738,0.073939,-0.051039,0.995956,0,0.94940,0.65873,56.964,1.317,-1,350.000,-1,400.000,-1,300.000,300.000,275.000,175.000,-1,925.000,1000.000,-1,650.000,825.000,-1,-1,2,0,2,0,2,0,0,0,1,2,0,0,2,0,0,2,2
109,-2777.670,4943.609,-189.757,51.811,0.613309,-0.784544,-0.091334,0.786636,0.617132,-0.018789,0.071106,-0.060323,0.995643,0,0.93305,0.66024,55.983,1.320,-1,350.000,-1,400.000,-1,300.000,300.000,275.000,200.000,-1,-1,-1,-1,625.000,850.000,-1,-1,2,0,2,0,2,0,0,0,1,2,2,2,2,0,0,2,2
110,-2744.631,4987.679,-183.658,53.136,0.594683,-0.798258,-0.095588,0.800918,0.598564,-0.015863,0.069878,-0.067124,0.995295,0,0.91800,0.66252,55.080,1.325,-1,350.000,-1,400.000,-1,300.000,300.000,275.000,225.000,-1,-1,-1,-1,625.000,900.000,-1,-1,2,0,2,0,2,0,0,0,1,2,2,2,2,0,0,2,2
111,-2715.237,5028.471,-178.652,54.221,0.579181,-0.809249,-0.098311,0.812178,0.583196,-0.015800,0.070121,-0.070695,0.995030,0,0.83800,0.54252,50.280,1.085,-1,350.000,-1,400.000,-1,300.000,325.000,275.000,250.000,-1,-1,-1,400.000,650.000,950.000,-1,-1,2,0,2,0,2,0,0,0,1,2,2,2,1,0,0,2,2
112,-2689.194,5065.756,-174.405,55.066,0.567037,-0.817739,-0.098851,0.820633,0.571182,-0.017689,0.070927,-0.071090,0.994945,0,0.75800,0.42252,45.480,0.845,-1,350.000,-1,425.000,-1,300.000,325.000,275.000,275.000,-1,-1,-1,375.000,650.000,975.000,-1,-1,2,0,2,0,2,0,0,0,1,2,2,2,1,0,0,2,2
113,-2666.252,5099.349,-171.076,55.671,0.558304,-0.823824,-0.098034,0.826479,0.562582,-0.020823,0.072307,-0.069398,0.994965,0,0.67800,0.30252,40.680,0.605,-1,350.000,-1,425.000,-1,300.000,325.000,275.000,300.000,-1,-1,-1,350.000,675.000,-1,-1,-1,2,0,2,0,2,0,0,0,1,2,2,2,1,0,2,2,2
114,-2646.205,5129.106,-168.462,56.036,0.553036,-0.827562,-0.096395,0.829854,0.557437,-0.024632,0.074119,-0.066371,0.995038,0,0.59800,0.18252,35.880,0.365,-1,375.000,-1,425.000,-1,300.000,325.000,275.000,325.000,-1,-1,-1,350.000,675.000,-1,-1,-1,2,0,2,0,2,0,0,0,1,2,2,2,1,0,2,2,2
115,-2626.502,5158.489,-166.146,56.161,0.551268,-0.829007,-0.094080,0.830813,0.555784,-0.029213,0.076506,-0.062059,0.995136,0,0.58962,0.06252,35.377,0.125,-1,375.000,-1,425.000,-1,300.000,325.000,275.000,325.000,-1,-1,-1,325.000,700.000,-1,-1,-1,2,0,2,0,2,0,0,0,1,2,2,2,1,0,2,2,2
116,-2606.892,5187.724,-164.148,56.153,0.551474,-0.829169,-0.091406,0.830441,0.556068,-0.033998,0.079019,-0.057158,0.995233,0,0.58670,-0.00417,35.202,-0.008,-1,375.000,-1,425.000,-1,300.000,325.000,275.000,350.000,-1,-1,-1,325.000,725.000,-1,-1,-1,2,0,2,0,2,0,0,0,1,2,2,2,1,0,2,2,2
117,-2587.353,5216.852,-162.339,56.151,0.551613,-0.829405,-0.088373,0.830074,0.556258,-0.039417,0.081851,-0.051613,0.995307,0,0.58457,-0.00076,35.074,-0.002,-1,375.000,-1,425.000,-1,325.000,325.000,275.000,350.000,-1,-1,-1,325.000,750.000,-1,-1,-1,2,0,2,0,2,0,0,0,0,2,2,2,1,0,2,2,2
118,-2567.874,5245.897,-160.717,56.157,0.551690,-0.829708,-0.084981,0.829706,0.556346,-0.045469,0.085004,-0.045425,0.995345,0,0.58285,0.00275,34.971,0.006,-1,400.000,-1,450.000,-1,325.000,325.000,275.000,325.000,-1,-1,-1,325.000,775.000,-1,-1,-1,2,0,2,0,2,0,0,0,0,2,2,2,1,0,2,2,2
119,-2548.446,5274.881,-159.277,56.170,0.551712,-0.830071,-0.081212,0.829329,0.556321,-0.052152,0.088470,-0.038579,0.995331,0,0.58154,0.00638,34.892,0.013,-1,400.000,-1,450.000,-1,325.000,350.000,275.000,325.000,-1,975.000,1000.000,325.000,825.000,-1,-1,-1,2,0,2,0,2,0,0,0,0,2,0,0,1,0,2,2,2
120,-2529.060,5303.825,-157.968,56.190,0.551713,-0.830490,-0.076806,0.828935,0.556177,-0.059448,0.092089,-0.030869,0.995272,0,0.58060,0.01011,34.836,0.020,-1,400.000,-1,450.000,-1,325.000,350.000,300.000,300.000,-1,875.000,925.000,300.000,875.000,-1,-1,-1,2,0,2,0,2,0,0,0,0,2,0,0,1,0,2,2,2
121,-2509.709,5332.750,-156.051,56.218,0.551595,-0.830885,-0.073297,0.828828,0.555856,-0.063775,0.093733,-0.025572,0.995269,0,0.58000,0.01394,34.800,0.028,-1,400.000,-1,450.000,-1,325.000,350.000,300.000,300.000,-1,850.000,875.000,325.000,925.000,-1,-1,-1,2,0,2,0,2,0,0,0,0,2,0,0,1,0,2,2,2
122,-2490.386,5361.672,-152.916,56.253,0.551282,-0.831245,-0.071554,0.829272,0.555347,-0.062436,0.091637,-0.024918,0.995481,0,0.57973,0.01786,34.784,0.036,-1,400.000,-1,450.000,-1,350.000,350.000,300.000,300.000,-1,950.000,975.000,350.000,900.000,-1,-1,-1,2,0,2,0,2,0,0,0,0,2,0,0,1,0,2,2,2
123,-2471.084,5390.611,-149.830,56.297,0.550851,-0.831683,-0.069762,0.829792,0.554721,-0.061072,0.089491,-0.024247,0.995692,0,0.57977,0.02188,34.786,0.044,-1,425.000,-1,450.000,-1,350.000,350.000,300.000,300.000,-1,-1,-1,350.000,900.000,-1,-1,-1,2,0,2,0,2,0,0,0,0,2,2,2,1,0,2,2,2
124,-2451.798,5419.584,-146.792,56.349,0.550301,-0.832199,-0.067922,0.830391,0.553976,-0.059682,0.087294,-0.023559,0.995904,0,0.58009,0.02598,34.806,0.052,-1,425.000,-1,450.000,-1,350.000,350.000,300.000,300.000,-1,-1,-1,375.000,900.000,-1,-1,-1,2,0,2,0,2,0,0,0,0,2,2,2,1,0,2,2,2
125,-2432.522,5448.607,-143.833,56.410,0.549644,-0.832798,-0.065871,0.831069,0.553110,-0.058251,0.084945,-0.022726,0.996126,0,0.58069,0.03017,34.841,0.060,-1,425.000,-1,450.000,-1,350.000,350.000,300.000,300.000,-1,-1,-1,400.000,900.000,-1,-1,-1,2,0,2,0,2,0,0,0,0,2,2,2,1,0,2,2,2
126,-2413.253,5477.696,-141.003,56.478,0.548897,-0.833484,-0.063380,0.831829,0.552123,-0.056758,0.082300,-0.021567,0.996374,0,0.58154,0.03443,34.892,0.069,-1,425.000,-1,450.000,-1,350.000,350.000,300.000,300.000,-1,-1,-1,425.000,900.000,-1,-1,-1,2,0,2,0,2,0,0,0,0,2,2,2,1,0,2,2,2
127,-2393.987,5506.865,-138.209,56.556,0.548015,-0.834251,-0.060869,0.832670,0.551007,-0.055237,0.079621,-0.020413,0.996616,0,0.58263,0.03878,34.958,0.078,-1,425.000,-1,450.000,-1,350.000,350.000,300.000,300.000,-1,-1,-1,475.000,875.000,1000.000,-1,-1,2,0,2,0,2,0,0,0,0,2,2,2,1,0,1,2,2
128,-2374.723,5536.129,-135.453,56.642,0.546996,-0.835100,-0.058338,0.833595,0.549761,-0.053686,0.076905,-0.019265,0.996852,0,0.58394,0.04320,35.036,0.086,-1,425.000,-1,450.000,-1,350.000,350.000,300.000,300.000,-1,-1,-1,500.000,875.000,975.000,-1,-1,2,0,2,0,2,0,0,0,0,2,2,2,1,0,1,2,2
129,-2355.456,5565.501,-132.733,56.738,0.545837,-0.836032,-0.055787,0.834603,0.548382,-0.052104,0.074153,-0.018120,0.997082,0,0.58546,0.04770,35.128,0.095,-1,425.000,-1,450.000,-1,350.000,350.000,300.000,300.000,-1,-1,-1,525.000,875.000,950.000,-1,-1,2,0,2,0,2,0,0,0,0,2,2,2,1,0,1,2,2
130,-2336.187,5594.995,-130.048,56.842,0.544536,-0.837048,-0.053214,0.835696,0.546866,-0.050489,0.071363,-0.016978,0.997306,0,0.58719,0.05228,35.231,0.105,-1,425.000,-1,450.000,-1,350.000,350.000,300.000,300.000,-1,-1,-1,550.000,850.000,900.000,-1,-1,2,0,2,0,2,0,0,0,0,2,2,2,1,0,1,2,2
131,-2316.914,5624.624,-127.465,56.956,0.543092,-0.838152,-0.050521,0.836855,0.545214,-0.049138,0.068730,-0.015592,0.997513,0,0.58911,0.05692,35.346,0.114,-1,425.000,-1,450.000,-1,350.000,350.000,300.000,300.000,-1,-1,-1,600.000,850.000,875.000,-1,-1,2,0,2,0,2,0,0,0,0,2,2,2,1,0,1,2,2
132,-2297.636,5654.400,-124.998,57.079,0.541506,-0.839344,-0.047683,0.838079,0.543423,-0.048112,0.066294,-0.013909,0.997703,0,0.59120,0.06164,35.472,0.123,-1,425.000,-1,450.000,-1,350.000,350.000,300.000,300.000,-1,-1,-1,625.000,850.000,850.000,-1,-1,2,0,2,0,2,0,0,0,0,2,2,2,1,0,1,2,2
133,-2278.353,5684.335,-122.578,57.212,0.539769,-0.840620,-0.044801,0.839388,0.541488,-0.047108,0.063859,-0.012178,0.997885,0,0.59347,0.06642,35.608,0.133,-1,425.000,-1,450.000,-1,350.000,350.000,300.000,300.000,-1,-1,-1,650.000,850.000,825.000,-1,-1,2,0,2,0,2,0,0,0,0,2,2,2,1,0,1,2,2
