timestep,x_cm,y_cm,z_cm,yaw_deg,basis_xx,basis_xy,basis_xz,basis_yx,basis_yy,basis_yz,basis_zx,basis_zy,basis_zz,teleport_flag,throttle_cmd,steering_cmd,cmd_move_cm,cmd_turn_deg,lidar_cm_0,lidar_cm_1,lidar_cm_2,lidar_cm_3,lidar_cm_4,lidar_cm_5,lidar_cm_6,lidar_cm_7,lidar_cm_8,lidar_cm_9,lidar_cm_10,lidar_cm_11,lidar_cm_12,lidar_cm_13,lidar_cm_14,lidar_cm_15,lidar_cm_16,lidar_class_0,lidar_class_1,lidar_class_2,lidar_class_3,lidar_class_4,lidar_class_5,lidar_class_6,lidar_class_7,lidar_class_8,lidar_class_9,lidar_class_10,lidar_class_11,lidar_class_12,lidar_class_13,lidar_class_14,lidar_class_15,lidar_class_16
0,1644.465,7541.968,-22.216,-15.597,0.962544,0.268091,-0.040457,-0.270338,0.960372,-0.067846,0.020665,0.076241,0.996875,1,0.08000,-0.12000,4.800,-0.240,-1,400.000,-1,375.000,875.000,325.000,300.000,300.000,300.000,-1,-1,-1,-1,700.000,625.000,-1,925.000,2,0,2,0,0,0,0,0,0,2,2,2,2,0,0,2,0
1,1653.690,7539.309,-21.990,-16.077,0.960272,0.276132,-0.040356,-0.278345,0.958108,-0.067478,0.020032,0.076030,0.996904,0,0.16000,-0.24000,9.600,-0.480,-1,400.000,-1,375.000,875.000,325.000,300.000,300.000,300.000,-1,1000.000,-1,-1,700.000,625.000,-1,900.000,2,0,2,0,0,0,0,0,0,2,0,2,2,0,0,2,0
2,1667.476,7535.147,-21.662,-16.797,0.956739,0.288157,-0.040212,-0.290321,0.954586,-0.066928,0.019100,0.075707,0.996947,0,0.24000,-0.36000,14.400,-0.720,-1,400.000,-1,375.000,875.000,325.000,300.000,300.000,300.000,-1,1000.000,-1,-1,700.000,625.000,-1,900.000,2,0,2,0,0,0,0,0,0,2,0,2,2,0,0,2,0
3,1685.761,7529.291,-21.241,-17.757,0.951792,0.304120,-0.040035,-0.306222,0.949656,-0.066197,0.017888,0.075266,0.997003,0,0.32000,-0.48000,19.200,-0.960,-1,400.000,-1,375.000,875.000,325.000,300.000,300.000,300.000,-1,950.000,-1,-1,675.000,625.000,-1,875.000,2,0,2,0,0,0,0,0,0,2,0,2,2,0,0,2,0
4,1708.460,7521.493,-20.742,-18.957,0.945233,0.323955,-0.039837,-0.325982,0.943119,-0.065288,0.016421,0.074698,0.997071,0,0.40000,-0.60000,24.000,-1.200,-1,375.000,-1,375.000,850.000,325.000,300.000,300.000,300.000,-1,925.000,-1,-1,675.000,600.000,-1,875.000,2,0,2,0,0,0,0,0,0,2,0,2,2,0,0,2,0
5,1735.464,7511.479,-20.178,-20.344,0.937136,0.346706,-0.039634,-0.348650,0.935052,-0.064197,0.014802,0.073980,0.997150,0,0.48000,-0.69345,28.800,-1.387,-1,375.000,-1,350.000,850.000,300.000,300.000,300.000,300.000,-1,900.000,-1,-1,650.000,600.000,-1,850.000,2,0,2,0,0,0,0,0,0,2,0,2,2,0,0,2,0
6,1766.675,7499.034,-19.560,-21.738,0.928443,0.369375,-0.039450,-0.371237,0.926405,-0.062909,0.013309,0.073053,0.997239,0,0.56000,-0.69696,33.600,-1.394,-1,375.000,-1,350.000,825.000,300.000,300.000,325.000,325.000,-1,850.000,-1,-1,650.000,600.000,-1,825.000,2,0,2,0,0,0,0,0,0,2,0,2,2,0,0,2,0
7,1801.986,7483.942,-18.892,-23.140,0.919140,0.391965,-0.039296,-0.393748,0.917165,-0.061410,0.011971,0.071917,0.997339,0,0.64000,-0.70107,38.400,-1.402,-1,375.000,-1,350.000,825.000,300.000,300.000,325.000,325.000,-1,825.000,-1,-1,625.000,600.000,-1,800.000,2,0,2,0,0,0,0,0,0,2,0,2,2,0,0,2,0
8,1841.280,7465.990,-18.268,-24.552,0.909205,0.414489,-0.039301,-0.416200,0.907343,-0.059212,0.011117,0.070193,0.997472,0,0.72000,-0.70572,43.200,-1.411,-1,350.000,-1,350.000,800.000,300.000,300.000,325.000,325.000,-1,775.000,1000.000,-1,625.000,575.000,1000.000,775.000,2,0,2,0,0,0,0,0,0,2,0,0,2,0,0,0,0
9,1883.226,7445.553,-17.726,-25.973,0.898623,0.436944,-0.039460,-0.438589,0.896926,-0.056245,0.010817,0.067850,0.997637,0,0.77765,-0.71085,46.659,-1.422,-1,350.000,-1,350.000,800.000,300.000,300.000,325.000,325.000,-1,700.000,925.000,-1,600.000,575.000,925.000,775.000,2,0,2,0,0,0,0,0,0,2,0,0,2,0,0,0,0
10,1924.534,7424.136,-16.532,-27.406,0.887294,0.459216,-0.042769,-0.461027,0.885700,-0.054685,0.012768,0.068239,0.997587,0,0.77548,-0.71620,46.529,-1.432,-1,350.000,-1,350.000,800.000,300.000,300.000,325.000,325.000,-1,575.000,750.000,-1,600.000,575.000,925.000,775.000,2,0,2,0,0,0,0,0,0,2,0,0,2,0,0,0,0
11,1965.166,7401.755,-15.317,-28.848,0.875306,0.481351,-0.046262,-0.483339,0.873825,-0.053035,0.014896,0.068782,0.997521,0,0.77312,-0.72131,46.387,-1.443,-1,350.000,-1,350.000,825.000,300.000,300.000,325.000,325.000,-1,450.000,625.000,-1,600.000,575.000,900.000,775.000,2,0,2,0,0,0,0,0,0,2,0,0,2,0,0,0,0
12,2005.086,7378.428,-14.121,-30.301,0.862664,0.503326,-0.049730,-0.505489,0.861312,-0.051208,0.017059,0.069313,0.997449,0,0.77059,-0.72620,46.235,-1.452,-1,350.000,-1,350.000,825.000,300.000,300.000,325.000,325.000,-1,400.000,500.000,-1,600.000,575.000,900.000,775.000,2,0,2,0,0,0,0,0,1,2,0,0,2,0,0,0,0
13,2044.260,7354.175,-12.949,-31.762,0.849369,0.525113,-0.053188,-0.527448,0.848160,-0.049218,0.019267,0.069858,0.997371,0,0.76788,-0.73085,46.073,-1.462,975.000,350.000,-1,350.000,850.000,300.000,300.000,325.000,325.000,-1,325.000,425.000,-1,600.000,575.000,875.000,800.000,0,0,2,0,0,0,0,0,1,2,0,0,2,0,0,0,0
14,2082.656,7329.020,-11.853,-33.233,0.835411,0.546677,-0.056859,-0.549198,0.834361,-0.047148,0.021666,0.070615,0.997268,0,0.76501,-0.73525,45.901,-1.471,975.000,350.000,-1,350.000,850.000,300.000,300.000,325.000,300.000,-1,275.000,375.000,-1,600.000,575.000,850.000,800.000,0,0,2,0,1,0,0,0,1,2,0,0,2,0,0,0,0
15,2120.240,7302.985,-10.767,-34.712,0.820808,0.567998,-0.060438,-0.570698,0.819932,-0.044896,0.024054,0.071343,0.997162,0,0.76199,-0.73942,45.719,-1.479,950.000,350.000,-1,350.000,825.000,300.000,300.000,325.000,300.000,-1,275.000,325.000,-1,600.000,575.000,850.000,825.000,0,0,2,0,1,0,0,0,1,2,0,0,2,0,0,0,0
16,2156.982,7276.097,-9.679,-36.198,0.805564,0.589051,-0.063912,-0.591918,0.804881,-0.042421,0.026454,0.072003,0.997054,0,0.75882,-0.74333,45.529,-1.487,925.000,350.000,-1,350.000,800.000,300.000,300.000,325.000,275.000,-1,275.000,275.000,-1,600.000,575.000,850.000,825.000,0,0,2,0,1,0,0,0,1,2,0,0,2,0,0,0,0
17,2192.854,7248.380,-8.355,-37.692,0.789657,0.609848,-0.067282,-0.612837,0.789265,-0.038624,0.029549,0.071732,0.996986,0,0.75552,-0.74701,45.331,-1.494,900.000,350.000,-1,350.000,775.000,300.000,300.000,325.000,275.000,-1,250.000,275.000,-1,600.000,575.000,825.000,850.000,0,0,2,0,1,0,0,0,1,2,0,0,2,0,0,0,1
18,2227.828,7219.862,-6.865,-39.193,0.773105,0.630354,-0.070444,-0.633413,0.773073,-0.033850,0.033121,0.070790,0.996941,0,0.75210,-0.75043,45.126,-1.501,875.000,350.000,-1,350.000,750.000,300.000,300.000,325.000,250.000,-1,250.000,250.000,-1,600.000,600.000,825.000,850.000,0,0,2,0,1,0,0,0,1,2,0,0,2,0,0,0,1
19,2261.880,7190.572,-5.400,-40.701,0.755946,0.650512,-0.073351,-0.653611,0.756274,-0.029021,0.036595,0.069881,0.996884,0,0.74857,-0.75361,44.914,-1.507,875.000,350.000,-1,350.000,725.000,300.000,300.000,300.000,250.000,-1,225.000,225.000,-1,600.000,600.000,825.000,825.000,0,0,2,0,1,0,0,0,1,2,0,0,2,0,0,0,1
20,2294.985,7160.539,-3.961,-42.214,0.738193,0.670296,-0.075995,-0.673405,0.738879,-0.024154,0.039960,0.069006,0.996816,0,0.74495,-0.75654,44.697,-1.513,850.000,375.000,-1,350.000,700.000,300.000,300.000,300.000,250.000,-1,225.000,200.000,-1,600.000,625.000,825.000,800.000,0,0,2,0,1,0,0,0,1,2,0,0,2,0,0,0,1
21,2327.122,7129.793,-2.547,-43.732,0.719861,0.689680,-0.078372,-0.692772,0.720899,-0.019269,0.043209,0.068165,0.996738,0,0.74124,-0.75923,44.475,-1.518,825.000,375.000,-1,350.000,675.000,300.000,300.000,300.000,250.000,-1,225.000,200.000,-1,600.000,625.000,800.000,775.000,0,0,2,0,1,0,0,0,1,2,0,0,2,0,0,0,1
22,2358.272,7098.366,-0.648,-45.255,0.701033,0.708539,-0.080775,-0.711728,0.702250,-0.017001,0.044679,0.069408,0.996587,0,0.73747,-0.76167,44.248,-1.523,825.000,350.000,-1,350.000,650.000,300.000,300.000,300.000,225.000,-1,225.000,200.000,-1,575.000,625.000,800.000,725.000,0,0,2,0,1,0,0,0,1,2,0,0,2,0,0,0,1
23,2388.417,7066.287,1.388,-46.783,0.681678,0.726910,-0.083165,-0.730237,0.683016,-0.015583,0.045476,0.071352,0.996414,0,0.73364,-0.76386,44.019,-1.528,800.000,350.000,-1,350.000,600.000,300.000,300.000,300.000,225.000,-1,250.000,225.000,-1,575.000,625.000,775.000,700.000,0,0,2,0,1,0,0,0,1,2,0,0,2,0,1,0,1
24,2417.539,7033.587,3.382,-48.315,0.661790,0.744803,-0.085453,-0.748266,0.663249,-0.014100,0.046175,0.073273,0.996242,0,0.72978,-0.76582,43.787,-1.532,775.000,350.000,-1,350.000,575.000,300.000,300.000,300.000,225.000,-1,275.000,225.000,-1,575.000,600.000,775.000,650.000,0,0,2,0,1,0,0,0,1,2,0,0,2,0,1,0,1
25,2445.624,7000.297,5.329,-49.850,0.641388,0.762196,-0.087634,-0.765790,0.642968,-0.012562,0.046771,0.075166,0.996074,0,0.72589,-0.76755,43.553,-1.535,750.000,350.000,-1,350.000,550.000,300.000,300.000,300.000,225.000,-1,300.000,250.000,-1,575.000,575.000,750.000,600.000,0,0,2,0,1,0,0,0,1,2,0,0,2,0,1,0,1
26,2472.660,6966.449,7.271,-51.388,0.620471,0.779058,-0.089916,-0.782796,0.622181,-0.010978,0.047391,0.077197,0.995889,0,0.72198,-0.76904,43.319,-1.538,750.000,350.000,-1,375.000,500.000,300.000,300.000,300.000,225.000,-1,325.000,275.000,-1,575.000,575.000,750.000,575.000,0,0,2,0,1,0,0,0,1,2,0,0,2,0,1,0,1
27,2498.635,6932.073,9.416,-52.929,0.598961,0.795313,-0.093401,-0.799295,0.600867,-0.009310,0.048718,0.080231,0.995585,0,0.71808,-0.77030,43.085,-1.541,750.000,350.000,-1,375.000,475.000,300.000,300.000,300.000,225.000,-1,350.000,275.000,-1,575.000,550.000,750.000,525.000,0,0,2,0,1,0,0,0,1,2,0,0,2,0,1,0,1
28,2523.540,6897.201,11.512,-54.471,0.576987,0.811000,-0.096774,-0.815226,0.579095,-0.007531,0.049933,0.083238,0.995278,0,0.71419,-0.77133,42.851,-1.543,750.000,350.000,-1,375.000,450.000,300.000,300.000,300.000,225.000,-1,350.000,300.000,-1,575.000,525.000,750.000,500.000,0,0,2,0,1,0,0,0,1,2,0,0,2,0,1,0,1
29,2547.367,6861.862,13.570,-56.016,0.554565,0.826098,-0.100103,-0.830571,0.556884,-0.005646,0.051082,0.086273,0.994961,0,0.71032,-0.77215,42.619,-1.544,750.000,350.000,-1,375.000,425.000,300.000,300.000,300.000,225.000,-1,375.000,300.000,-1,575.000,525.000,775.000,450.000,0,0,2,1,1,0,0,0,1,2,0,0,2,0,1,0,1
30,2572.642,6821.737,16.057,-57.800,0.528041,0.842702,-0.105010,-0.847566,0.530680,-0.003274,0.052967,0.090731,0.994466,0,0.79032,-0.89215,47.419,-1.784,800.000,350.000,-1,350.000,375.000,300.000,300.000,300.000,225.000,-1,375.000,300.000,-1,575.000,500.000,800.000,425.000,0,0,2,1,1,0,0,0,1,2,0,0,2,0,1,0,1
31,2598.461,6777.390,18.631,-59.800,0.497736,0.860328,-0.109972,-0.865606,0.500726,-0.000496,0.054639,0.095439,0.993935,0,0.85522,-1.00000,51.313,-2.000,800.000,350.000,-1,325.000,350.000,300.000,300.000,300.000,250.000,-1,375.000,300.000,-1,600.000,475.000,825.000,375.000,0,0,2,1,1,0,1,0,1,2,0,0,2,0,1,0,1
32,2622.607,6732.372,21.073,-61.800,0.466845,0.876890,-0.114545,-0.882564,0.470187,0.002461,0.056016,0.099944,0.993415,0,0.85137,-1.00000,51.082,-2.000,825.000,350.000,-1,325.000,300.000,300.000,300.000,300.000,250.000,-1,325.000,300.000,-1,575.000,450.000,850.000,325.000,0,0,2,1,1,0,1,0,1,2,0,0,2,0,1,0,1
33,2645.065,6686.742,23.597,-63.800,0.435527,0.892444,-0.117731,-0.898403,0.439139,0.005340,0.056466,0.103444,0.993031,0,0.84758,-1.00000,50.855,-2.000,850.000,350.000,-1,300.000,275.000,300.000,275.000,300.000,250.000,-1,325.000,300.000,-1,575.000,425.000,850.000,275.000,0,0,2,1,1,0,1,0,1,2,0,0,2,0,1,0,1
34,2665.825,6640.559,26.072,-65.800,0.403768,0.906943,-0.120107,-0.913125,0.407599,0.008145,0.056342,0.106384,0.992728,0,0.84386,-1.00000,50.632,-2.000,850.000,350.000,-1,275.000,225.000,300.000,275.000,300.000,250.000,-1,300.000,275.000,-1,575.000,400.000,875.000,250.000,0,0,2,1,1,0,1,0,1,2,0,0,2,0,1,0,1
35,2684.866,6593.874,31.356,-67.800,0.371226,0.921393,-0.115008,-0.926342,0.376016,0.022397,0.063881,0.098222,0.993112,0,0.84024,-1.00000,50.414,-2.000,900.000,375.000,-1,275.000,225.000,300.000,275.000,275.000,275.000,-1,250.000,250.000,-1,600.000,400.000,1000.000,225.000,0,0,2,1,1,0,1,0,1,2,0,0,2,0,1,0,1
36,2703.919,6542.046,38.166,-69.800,0.338262,0.935127,-0.105432,-0.937996,0.344062,0.042245,0.075779,0.084604,0.993529,0,0.92024,-1.00000,55.214,-2.000,1000.000,375.000,-1,275.000,200.000,325.000,275.000,275.000,300.000,-1,175.000,225.000,-1,650.000,400.000,-1,225.000,0,0,2,1,1,0,1,0,1,2,0,0,2,0,1,2,1
37,2721.748,6487.775,45.050,-71.800,0.305230,0.947591,-0.094375,-0.948243,0.311554,0.061391,0.087577,0.070752,0.993642,0,0.95200,-1.00000,57.120,-2.000,-1,400.000,-1,300.000,200.000,350.000,300.000,250.000,325.000,925.000,150.000,200.000,-1,700.000,425.000,-1,225.000,2,0,2,1,1,0,1,0,1,0,0,0,2,0,1,2,1
38,2737.688,6432.871,52.481,-73.800,0.271890,0.958575,-0.084911,-0.957182,0.278494,0.079013,0.099388,0.059793,0.993251,0,0.95278,-1.00000,57.167,-2.000,-1,425.000,-1,300.000,200.000,375.000,300.000,250.000,325.000,700.000,125.000,200.000,-1,750.000,425.000,-1,225.000,2,0,2,1,1,0,1,0,1,0,0,0,2,0,1,2,1
39,2751.715,6377.408,60.129,-75.800,0.238301,0.968228,-0.075803,-0.964686,0.245002,0.096724,0.112223,0.050077,0.992420,0,0.95341,-1.00000,57.204,-2.000,-1,450.000,-1,300.000,200.000,400.000,300.000,250.000,325.000,575.000,100.000,175.000,-1,825.000,425.000,-1,225.000,2,0,2,1,1,0,1,0,1,0,0,0,2,0,1,2,1
40,2763.803,6321.463,67.754,-77.800,0.204765,0.976622,-0.065427,-0.970842,0.211156,0.113487,0.124649,0.040282,0.991383,0,0.95385,-1.00000,57.231,-2.000,-1,475.000,-1,300.000,175.000,425.000,325.000,250.000,325.000,475.000,75.000,175.000,-1,900.000,425.000,-1,200.000,2,0,2,1,1,0,1,0,1,0,0,0,2,0,1,2,1
41,2773.934,6265.119,75.475,-79.800,0.171316,0.983736,-0.053990,-0.975703,0.177004,0.129127,0.136583,0.030557,0.990157,0,0.95405,-1.00000,57.243,-2.000,-1,525.000,-1,300.000,175.000,450.000,325.000,250.000,325.000,400.000,75.000,150.000,-1,975.000,-1,-1,200.000,2,0,2,1,1,0,1,0,1,0,0,0,2,0,2,2,1
42,2782.091,6208.462,83.112,-81.800,0.138119,0.989581,-0.040641,-0.979161,0.142603,0.144596,0.148886,0.019822,0.988656,0,0.95394,-1.00000,57.237,-2.000,-1,550.000,-1,300.000,150.000,475.000,325.000,250.000,325.000,325.000,50.000,150.000,-1,-1,-1,-1,175.000,2,0,2,1,1,0,1,0,1,0,0,0,2,2,2,2,1
43,2788.263,6151.583,90.703,-83.800,0.105311,0.994120,-0.025211,-0.981204,0.107998,0.159920,0.161702,0.007895,0.986808,0,0.95345,-1.00000,57.207,-2.000,-1,575.000,-1,300.000,150.000,500.000,350.000,225.000,300.000,275.000,50.000,150.000,-1,-1,-1,-1,175.000,2,0,2,1,1,1,1,0,1,0,0,0,2,2,2,2,1
44,2792.442,6094.582,98.288,-85.800,0.073053,0.997300,-0.007520,-0.981824,0.073239,0.175091,0.175169,-0.005408,0.984524,0,0.95247,-1.00000,57.148,-2.000,-1,625.000,-1,450.000,125.000,525.000,425.000,225.000,300.000,250.000,50.000,150.000,-1,-1,-1,-1,150.000,2,0,2,1,1,1,1,0,1,0,0,0,2,2,2,2,1
45,2794.626,6037.565,105.902,-87.800,0.041532,0.999058,0.012616,-0.981021,0.038382,0.190066,0.189403,-0.020271,0.981690,0,0.95087,-1.00000,57.052,-2.000,-1,650.000,-1,-1,125.000,575.000,525.000,225.000,300.000,200.000,25.000,150.000,-1,-1,-1,-1,125.000,2,0,2,2,1,1,1,0,1,0,0,0,2,2,2,2,1
46,-4919.401,-7543.009,51.678,-18.467,0.949701,0.309254,-0.049296,-0.288942,0.926034,0.242845,0.120751,-0.216387,0.968812,1,0.00000,0.00000,56.567,-1.944,0.000,325.000,750.000,650.000,-1,350.000,475.000,225.000,800.000,-1,0.000,0.000,-1,425.000,850.000,0.000,-1,1,0,1,1,2,0,1,1,0,2,1,1,2,1,1,1,2
47,-9384.564,-4424.217,-136.460,62.016,0.464788,-0.870893,-0.159741,0.884961,0.462746,0.052061,0.028580,-0.165562,0.985785,1,0.00000,0.00000,4.800,-0.240,-1,-1,-1,800.000,-1,450.000,450.000,250.000,375.000,550.000,125.000,250.000,-1,-1,-1,-1,-1,2,2,2,1,2,1,1,0,1,0,0,0,2,2,2,2,2
48,-9382.294,-4419.987,-136.453,61.776,0.468380,-0.868937,-0.159900,0.883043,0.466385,0.052160,0.029251,-0.165629,0.985754,0,0.08000,-0.12000,4.800,-0.240,-1,-1,-1,800.000,-1,450.000,450.000,250.000,375.000,550.000,125.000,250.000,-1,-1,-1,-1,-1,2,2,2,1,2,1,1,0,1,0,0,0,2,2,2,2,2
49,-9377.682,-4411.566,-136.438,61.296,0.475544,-0.864975,-0.160239,0.879161,0.473634,0.052407,0.030564,-0.165797,0.985686,0,0.16000,-0.24000,9.600,-0.480,-1,-1,-1,875.000,-1,450.000,475.000,250.000,375.000,550.000,125.000,250.000,-1,-1,-1,-1,-1,2,2,2,1,2,1,1,0,1,0,0,0,2,2,2,2,2
50,-9370.607,-4399.021,-136.420,60.576,0.486237,-0.858906,-0.160793,0.873224,0.484439,0.052902,0.032456,-0.166131,0.985569,0,0.24000,-0.36000,14.400,-0.720,-1,-1,-1,-1,-1,475.000,475.000,250.000,375.000,550.000,150.000,275.000,-1,-1,-1,-1,-1,2,2,2,2,2,1,1,0,1,0,0,0,2,2,2,2,2
51,-9360.951,-4382.423,-136.498,59.812,0.497552,-0.852314,-0.161255,0.866761,0.495823,0.053717,0.034170,-0.166497,0.985450,0,0.32000,-0.38219,19.200,-0.764,-1,-1,-1,-1,-1,475.000,475.000,250.000,375.000,550.000,150.000,275.000,-1,-1,-1,-1,-1,2,2,2,2,2,1,1,0,1,0,0,0,2,2,2,2,2
52,-9348.598,-4361.844,-136.698,59.025,0.509179,-0.845356,-0.161587,0.859929,0.507438,0.055027,0.035478,-0.166972,0.985323,0,0.40000,-0.39340,24.000,-0.787,-1,-1,-1,-1,-1,500.000,500.000,250.000,350.000,550.000,150.000,300.000,-1,-1,-1,-1,-1,2,2,2,2,2,1,1,0,1,0,0,0,2,2,2,2,2
53,-9333.424,-4337.363,-137.037,58.205,0.521293,-0.837901,-0.161787,0.852609,0.519423,0.057075,0.036213,-0.167694,0.985174,0,0.48000,-0.41010,28.800,-0.820,-1,-1,-1,-1,-1,525.000,525.000,250.000,350.000,575.000,175.000,300.000,-1,-1,-1,-1,-1,2,2,2,2,2,1,1,0,1,0,0,0,2,2,2,2,2
54,-9315.291,-4309.072,-137.539,57.339,0.534093,-0.829791,-0.161838,0.844652,0.531925,0.060160,0.036165,-0.168827,0.984982,0,0.56000,-0.43305,33.600,-0.866,-1,-1,-1,-1,-1,575.000,550.000,250.000,325.000,575.000,175.000,325.000,-1,-1,-1,-1,-1,2,2,2,2,2,1,1,0,1,0,0,0,2,2,2,2,2
55,-9294.050,-4277.079,-138.233,56.412,0.547804,-0.820832,-0.161696,0.835871,0.545107,0.064639,0.035084,-0.170567,0.984721,0,0.64000,-0.46327,38.400,-0.927,-1,-1,-1,-1,-1,625.000,600.000,250.000,300.000,600.000,200.000,350.000,-1,-1,-1,-1,-1,2,2,2,2,2,1,1,0,1,0,0,0,2,2,2,2,2
56,-9269.528,-4241.511,-139.152,55.408,0.562687,-0.810782,-0.161292,0.826024,0.559155,0.070927,0.032680,-0.173141,0.984355,0,0.72000,-0.50212,43.200,-1.004,-1,-1,-1,-1,-1,-1,-1,250.000,300.000,600.000,250.000,400.000,-1,-1,-1,-1,-1,2,2,2,2,2,2,2,0,1,0,0,0,2,2,2,2,2
57,-1639.814,327.969,-350.679,-74.105,0.275589,0.960142,-0.046677,-0.960693,0.273406,-0.048149,-0.033468,0.058112,0.997749,1,0.00000,0.00000,48.000,-0.764,1000.000,350.000,1000.000,325.000,475.000,300.000,275.000,325.000,300.000,725.000,225.000,275.000,-1,575.000,475.000,825.000,475.000,0,0,0,0,0,0,0,0,0,0,0,0,2,0,0,0,0
58,-1638.501,323.352,-350.831,-74.123,0.275250,0.960231,-0.046845,-0.960821,0.273116,-0.047228,-0.032556,0.058009,0.997785,0,0.08000,-0.00872,4.800,-0.017,1000.000,350.000,1000.000,325.000,475.000,300.000,275.000,325.000,300.000,725.000,225.000,275.000,-1,575.000,475.000,825.000,475.000,0,0,0,0,0,0,0,0,0,0,0,0,2,0,0,0,0
59,-1635.878,314.118,-351.139,-74.140,0.274865,0.960325,-0.047178,-0.960992,0.272826,-0.045387,-0.030715,0.057813,0.997855,0,0.16000,-0.00872,9.600,-0.017,1000.000,350.000,-1,325.000,450.000,300.000,275.000,325.000,300.000,700.000,225.000,250.000,-1,575.000,475.000,825.000,475.000,0,0,2,0,0,0,0,0,0,0,0,0,2,0,0,0,0
60,-1631.946,300.265,-351.607,-74.158,0.274432,0.960424,-0.047675,-0.961200,0.272539,-0.042621,-0.027940,0.057522,0.997953,0,0.24000,-0.00872,14.400,-0.017,1000.000,350.000,-1,325.000,450.000,300.000,275.000,325.000,300.000,700.000,200.000,250.000,-1,575.000,475.000,825.000,475.000,0,0,2,0,0,0,0,0,0,0,0,0,2,0,0,0,0
61,-1626.710,281.793,-352.240,-74.175,0.273951,0.960528,-0.048335,-0.961438,0.272252,-0.038924,-0.024228,0.057135,0.998072,0,0.32000,-0.00872,19.200,-0.017,-1,375.000,-1,325.000,450.000,300.000,300.000,325.000,300.000,675.000,200.000,225.000,-1,575.000,475.000,825.000,475.000,2,0,2,0,0,0,0,0,0,0,0,0,2,0,0,0,0
62,-1620.172,258.701,-353.044,-74.193,0.273421,0.960638,-0.049157,-0.961695,0.271968,-0.034290,-0.019571,0.056650,0.998202,0,0.40000,-0.00872,24.000,-0.017,-1,375.000,-1,325.000,450.000,300.000,300.000,325.000,300.000,675.000,200.000,225.000,-1,575.000,475.000,825.000,475.000,2,0,2,0,0,0,0,0,0,0,0,0,2,0,0,0,0
63,-1612.335,230.988,-354.027,-74.210,0.272840,0.960752,-0.050138,-0.961958,0.271684,-0.028711,-0.013963,0.056065,0.998330,0,0.48000,-0.00872,28.800,-0.017,-1,375.000,-1,325.000,450.000,300.000,300.000,350.000,275.000,650.000,175.000,200.000,-1,575.000,475.000,850.000,450.000,2,0,2,0,0,0,0,0,0,0,0,0,2,0,0,0,0
64,-1603.202,198.654,-355.200,-74.227,0.272206,0.960872,-0.051278,-0.962210,0.271402,-0.022179,-0.007394,0.055378,0.998438,0,0.56000,-0.00872,33.600,-0.017,-1,375.000,-1,325.000,450.000,300.000,275.000,350.000,275.000,625.000,175.000,200.000,-1,575.000,475.000,850.000,450.000,2,0,2,0,0,0,0,0,0,0,0,0,2,0,0,0,0
65,-1592.775,161.696,-356.573,-74.245,0.271519,0.960996,-0.052574,-0.962433,0.271121,-0.014683,0.000144,0.054586,0.998509,0,0.64000,-0.00872,38.400,-0.017,-1,375.000,-1,325.000,425.000,300.000,275.000,325.000,275.000,600.000,175.000,175.000,-1,575.000,475.000,875.000,450.000,2,0,2,0,0,0,0,0,0,0,0,0,2,0,0,0,0
66,-1581.057,120.116,-358.160,-74.262,0.270775,0.961126,-0.054025,-0.962604,0.270842,-0.006212,0.008661,0.053687,0.998520,0,0.72000,-0.00872,43.200,-0.017,-1,350.000,-1,300.000,425.000,300.000,275.000,325.000,275.000,600.000,150.000,175.000,-1,575.000,450.000,900.000,425.000,2,0,2,0,0,0,0,0,0,0,0,0,2,0,0,0,0
67,-1568.052,73.911,-359.519,-74.280,0.270074,0.961343,-0.053657,-0.962692,0.270588,0.002411,0.016837,0.051004,0.998557,0,0.80000,-0.00872,48.000,-0.017,-1,350.000,-1,300.000,400.000,275.000,275.000,325.000,275.000,575.000,150.000,175.000,-1,575.000,450.000,900.000,425.000,2,0,2,0,0,0,0,0,0,0,0,0,2,0,0,0,0
68,-1553.885,23.497,-358.911,-74.297,0.269634,0.961903,-0.045159,-0.962660,0.270429,0.012426,0.024165,0.040122,0.998903,0,0.87277,-0.00872,52.366,-0.017,-1,350.000,-1,300.000,425.000,275.000,275.000,300.000,275.000,525.000,150.000,200.000,-1,550.000,450.000,875.000,425.000,2,0,2,0,0,0,0,0,0,0,0,0,2,0,0,0,0
69,-1539.733,-26.922,-357.680,-74.315,0.269344,0.962419,-0.034693,-0.962463,0.270258,0.025009,0.033445,0.026655,0.999085,0,0.87277,-0.00872,52.366,-0.017,-1,325.000,-1,300.000,500.000,275.000,275.000,275.000,300.000,500.000,175.000,200.000,-1,550.000,475.000,850.000,475.000,2,0,2,0,0,0,0,0,0,0,0,0,2,0,0,0,0
70,-1525.594,-77.344,-355.593,-74.332,0.269211,0.962712,-0.026664,-0.962252,0.270024,0.034030,0.039961,0.016497,0.999065,0,0.87277,-0.00872,52.366,-0.017,975.000,325.000,-1,300.000,525.000,275.000,275.000,275.000,300.000,475.000,200.000,250.000,-1,550.000,475.000,825.000,500.000,0,0,2,0,0,0,0,0,0,0,0,0,2,0,0,0,0
71,-1511.467,-127.770,-351.423,-74.350,0.268796,0.962821,-0.026910,-0.962034,0.269739,0.041611,0.047323,0.014703,0.998771,0,0.87277,-0.00872,52.366,-0.017,-1,325.000,-1,300.000,575.000,275.000,275.000,275.000,325.000,500.000,225.000,275.000,-1,550.000,500.000,900.000,525.000,2,0,2,0,0,0,0,0,0,0,0,0,2,0,0,0,0
72,-1497.355,-178.200,-346.959,-74.367,0.268304,0.962913,-0.028478,-0.961718,0.269449,0.049963,0.055783,0.013983,0.998345,0,0.87277,-0.00872,52.366,-0.017,-1,350.000,-1,325.000,825.000,275.000,275.000,300.000,325.000,525.000,250.000,300.000,-1,575.000,500.000,-1,650.000,2,0,2,0,0,0,0,0,0,0,0,0,2,0,0,2,0
73,-1483.259,-228.635,-342.501,-74.384,0.267816,0.963008,-0.029851,-0.961319,0.269159,0.058482,0.064353,0.013034,0.997842,0,0.87277,-0.00872,52.366,-0.017,-1,350.000,-1,325.000,-1,275.000,275.000,300.000,325.000,550.000,300.000,350.000,-1,600.000,550.000,-1,1000.000,2,0,2,0,2,0,0,0,0,0,0,0,2,0,0,2,0
74,-1469.178,-279.074,-338.078,-74.402,0.267332,0.963102,-0.031108,-0.960840,0.268869,0.067054,0.072943,0.011964,0.997264,0,0.87277,-0.00872,52.366,-0.017,-1,350.000,-1,325.000,-1,300.000,275.000,325.000,325.000,575.000,325.000,375.000,-1,625.000,575.000,-1,-1,2,0,2,0,2,0,0,0,0,0,0,0,2,0,0,2,2
75,-1455.112,-329.518,-333.704,-74.419,0.266852,0.963197,-0.032287,-0.960284,0.268580,0.075626,0.081514,0.010824,0.996613,0,0.87277,-0.00872,52.366,-0.017,-1,375.000,-1,325.000,-1,300.000,275.000,325.000,300.000,600.000,275.000,400.000,-1,675.000,625.000,-1,-1,2,0,2,0,2,0,0,0,0,0,0,0,2,0,0,2,2
76,-1441.062,-379.966,-329.378,-74.437,0.266378,0.963290,-0.033387,-0.959652,0.268290,0.084197,0.090063,0.009612,0.995890,0,0.87277,-0.00872,52.366,-0.017,-1,375.000,-1,350.000,-1,300.000,300.000,325.000,300.000,625.000,225.000,325.000,-1,700.000,650.000,-1,-1,2,0,2,0,2,0,0,0,0,0,0,0,2,0,0,2,2
77,-1427.027,-430.419,-325.101,-74.454,0.265912,0.963383,-0.034408,-0.958943,0.268000,0.092764,0.098588,0.008329,0.995093,0,0.87277,-0.00872,52.366,-0.017,-1,375.000,-1,350.000,-1,300.000,300.000,350.000,300.000,625.000,175.000,275.000,-1,725.000,700.000,-1,-1,2,0,2,0,2,0,0,0,0,0,0,0,2,0,0,2,2
78,-1413.007,-480.876,-320.871,-74.472,0.265456,0.963475,-0.035351,-0.958157,0.267709,0.101325,0.107088,0.006975,0.994225,0,0.87277,-0.00872,52.366,-0.017,-1,400.000,-1,375.000,-1,325.000,300.000,325.000,300.000,650.000,150.000,225.000,-1,775.000,750.000,-1,-1,2,0,2,0,2,0,0,0,0,0,0,0,2,0,0,2,2
79,-1399.003,-531.338,-316.690,-74.489,0.265013,0.963565,-0.036215,-0.957295,0.267418,0.109879,0.115560,0.005550,0.993285,0,0.87277,-0.00872,52.366,-0.017,-1,400.000,-1,400.000,-1,325.000,325.000,325.000,300.000,650.000,125.000,200.000,-1,825.000,825.000,-1,-1,2,0,2,0,2,0,0,0,0,0,0,0,2,0,0,2,2
80,-1385.015,-581.804,-312.244,-74.507,0.264753,0.963657,-0.035659,-0.956427,0.267128,0.117858,0.123100,0.002901,0.992390,0,0.87277,-0.00872,52.366,-0.017,-1,425.000,-1,400.000,-1,325.000,325.000,325.000,300.000,650.000,125.000,175.000,-1,850.000,975.000,-1,-1,2,0,2,0,2,0,0,0,0,0,0,0,2,0,0,2,2
81,-1372.132,-627.594,-307.513,-74.284,0.269040,0.962612,-0.031541,-0.954874,0.270869,0.121845,0.125833,-0.002663,0.992048,0,0.79277,0.11128,47.566,0.223,-1,425.000,-1,425.000,-1,325.000,325.000,300.000,300.000,650.000,150.000,200.000,-1,850.000,-1,-1,-1,2,0,2,0,2,0,0,0,0,0,0,0,2,0,2,2,2
82,-1360.216,-668.667,-303.551,-73.821,0.277248,0.960373,-0.028593,-0.952340,0.278626,0.124164,0.127211,-0.007194,0.991850,0,0.71277,0.23128,42.766,0.463,-1,425.000,-1,425.000,-1,350.000,350.000,300.000,300.000,650.000,175.000,225.000,-1,850.000,-1,-1,-1,2,0,2,0,2,0,0,0,0,0,0,0,2,0,2,2,2
83,-1348.102,-708.591,-299.669,-73.119,0.289490,0.956837,-0.025654,-0.948534,0.290366,0.126375,0.128370,-0.012251,0.991651,0,0.69535,0.35128,41.721,0.703,-1,425.000,-1,425.000,-1,350.000,350.000,300.000,300.000,650.000,175.000,250.000,-1,850.000,-1,-1,-1,2,0,2,0,2,0,0,0,0,0,0,0,2,0,2,2,2
84,-1335.392,-748.329,-294.770,-72.264,0.303830,0.952383,-0.025563,-0.944310,0.304596,0.124499,0.126357,-0.013687,0.991890,0,0.69535,0.42719,41.721,0.854,-1,425.000,-1,425.000,-1,325.000,350.000,300.000,300.000,675.000,225.000,300.000,-1,850.000,-1,-1,-1,2,0,2,0,2,0,0,0,0,0,0,0,2,0,2,2,2
85,-1322.092,-787.872,-289.796,-71.410,0.318100,0.947718,-0.025365,-0.939941,0.318757,0.122083,0.123786,-0.014993,0.992196,0,0.69535,0.42719,41.721,0.854,-1,400.000,-1,425.000,-1,325.000,325.000,300.000,275.000,725.000,300.000,375.000,-1,850.000,-1,-1,-1,2,0,2,0,2,0,0,0,0,0,0,0,2,0,2,2,2
86,-1308.204,-827.213,-284.838,-70.556,0.332329,0.942836,-0.024839,-0.935355,0.332846,0.119691,0.121116,-0.016543,0.992500,0,0.69535,0.42719,41.721,0.854,-1,400.000,-1,425.000,-1,325.000,325.000,300.000,300.000,775.000,350.000,425.000,-1,850.000,-1,-1,-1,2,0,2,0,2,0,0,0,0,0,0,0,2,0,2,2,2
87,-1293.730,-866.342,-279.864,-69.701,0.346496,0.937741,-0.024129,-0.930543,0.346857,0.117386,0.118447,-0.018221,0.992793,0,0.69535,0.42719,41.721,0.854,-1,400.000,-1,425.000,-1,325.000,325.000,300.000,300.000,825.000,425.000,500.000,-1,850.000,-1,-1,-1,2,0,2,0,2,0,0,0,0,0,0,0,2,0,2,2,2
88,-1278.674,-905.252,-274.894,-68.847,0.360589,0.932433,-0.023313,-0.925504,0.360790,0.115206,0.115833,-0.019966,0.993068,0,0.69535,0.42719,41.721,0.854,-1,400.000,-1,425.000,-1,325.000,325.000,300.000,300.000,850.000,500.000,575.000,-1,825.000,-1,-1,-1,2,0,2,0,2,0,0,0,0,0,0,0,2,0,2,2,2
89,-1263.040,-943.932,-269.936,-67.992,0.374600,0.926915,-0.022424,-0.920238,0.374639,0.113166,0.113296,-0.021757,0.993323,0,0.69535,0.42719,41.721,0.854,-1,400.000,-1,400.000,-1,325.000,325.000,300.000,300.000,900.000,575.000,650.000,-1,825.000,-1,-1,-1,2,0,2,0,2,0,0,0,0,0,0,0,2,0,2,2,2
90,-1246.831,-982.375,-264.991,-67.138,0.388526,0.921187,-0.021469,-0.914746,0.388403,0.111275,0.110843,-0.023594,0.993558,0,0.69535,0.42719,41.721,0.854,-1,400.000,-1,425.000,-1,325.000,325.000,300.000,300.000,950.000,650.000,725.000,-1,825.000,-1,-1,-1,2,0,2,0,2,0,0,0,0,0,0,0,2,0,2,2,2
91,-1230.050,-1020.572,-260.061,-66.284,0.402364,0.915251,-0.020456,-0.909030,0.402078,0.109538,0.108480,-0.025479,0.993772,0,0.69535,0.42719,41.721,0.854,-1,400.000,-1,425.000,-1,325.000,325.000,300.000,300.000,1000.000,750.000,800.000,-1,825.000,-1,-1,-1,2,0,2,0,2,0,0,0,0,0,0,0,2,0,2,2,2
92,-1212.702,-1058.515,-255.149,-65.429,0.416110,0.909107,-0.019393,-0.903090,0.415659,0.107964,0.106211,-0.027412,0.993966,0,0.69535,0.42719,41.721,0.854,-1,375.000,-1,425.000,-1,325.000,325.000,300.000,325.000,-1,850.000,900.000,-1,800.000,-1,-1,-1,2,0,2,0,2,0,0,0,0,2,0,0,2,0,2,2,2
93,-1194.789,-1096.194,-250.255,-64.575,0.429761,0.902757,-0.018286,-0.896928,0.429145,0.106557,0.104043,-0.029393,0.994138,0,0.69535,0.42719,41.721,0.854,-1,375.000,-1,425.000,-1,325.000,325.000,300.000,325.000,-1,925.000,975.000,-1,800.000,-1,-1,-1,2,0,2,0,2,0,0,0,0,2,0,0,2,0,2,2,2
94,-1176.317,-1133.603,-245.383,-63.721,0.443314,0.896202,-0.017146,-0.890546,0.442531,0.105325,0.101980,-0.031423,0.994290,0,0.69535,0.42719,41.721,0.854,-1,375.000,-1,425.000,-1,325.000,325.000,300.000,325.000,-1,-1,-1,-1,800.000,-1,-1,-1,2,0,2,0,2,0,0,0,0,2,2,2,2,0,2,2,2
95,-1157.289,-1170.732,-240.733,-62.866,0.456689,0.889466,-0.016900,-0.883919,0.455826,0.104453,0.100611,-0.032764,0.994386,0,0.69535,0.42719,41.721,0.854,-1,375.000,-1,450.000,-1,325.000,325.000,300.000,325.000,-1,-1,-1,-1,800.000,-1,-1,-1,2,0,2,0,2,0,0,0,0,2,2,2,2,0,2,2,2
96,-1137.709,-1207.573,-236.505,-62.012,0.469815,0.882572,-0.018466,-0.877024,0.469039,0.104071,0.100511,-0.032699,0.994398,0,0.69535,0.42719,41.721,0.854,-1,400.000,-1,450.000,-1,325.000,350.000,300.000,325.000,-1,-1,-1,-1,800.000,-1,-1,-1,2,0,2,0,2,0,0,0,0,2,2,2,2,0,2,2,2
97,-1117.582,-1244.119,-232.398,-61.157,0.482817,0.875490,-0.020123,-0.869985,0.482153,0.103216,0.100067,-0.032328,0.994455,0,0.69535,0.42719,41.721,0.854,-1,400.000,-1,450.000,-1,325.000,350.000,300.000,325.000,-1,-1,-1,-1,825.000,-1,-1,-1,2,0,2,0,2,0,0,0,0,2,2,2,2,0,2,2,2
98,-1096.913,-1280.360,-228.815,-60.303,0.495593,0.868262,-0.022556,-0.862996,0.495188,0.100131,0.098109,-0.030158,0.994719,0,0.69535,0.42719,41.721,0.854,-1,400.000,-1,450.000,-1,325.000,350.000,300.000,325.000,-1,-1,-1,-1,800.000,-1,-1,-1,2,0,2,0,2,0,0,0,0,2,2,2,2,0,2,2,2
99,-1075.706,-1316.288,-225.213,-59.449,0.508290,0.860830,-0.024737,-0.855794,0.508109,0.097171,0.096217,-0.028221,0.994960,0,0.69535,0.42719,41.721,0.854,-1,400.000,-1,450.000,-1,325.000,350.000,300.000,300.000,-1,-1,-1,-1,800.000,-1,-1,-1,2,0,2,0,2,0,0,0,0,2,2,2,2,0,2,2,2
100,-1053.966,-1351.897,-221.591,-58.594,0.520905,0.853198,-0.026668,-0.848380,0.520913,0.094349,0.094390,-0.026522,0.995182,0,0.69535,0.42719,41.721,0.854,-1,400.000,-1,450.000,-1,325.000,350.000,300.000,300.000,-1,-1,-1,-1,800.000,-1,-1,-1,2,0,2,0,2,0,0,0,0,2,2,2,2,0,2,2,2
101,-1031.696,-1387.177,-217.912,-57.740,0.533424,0.845370,-0.028417,-0.840774,0.533599,0.091497,0.092512,-0.024914,0.995400,0,0.69535,0.42719,41.721,0.854,-1,400.000,-1,450.000,-1,325.000,350.000,300.000,325.000,-1,-1,-1,-1,800.000,1000.000,-1,-1,2,0,2,0,2,0,0,0,0,2,2,2,2,0,0,2,2
102,-1008.904,-1422.122,-214.270,-56.885,0.545864,0.837343,-0.029828,-0.832931,0.546160,0.089076,0.090878,-0.023778,0.995578,0,0.69535,0.42719,41.721,0.854,-1,400.000,-1,425.000,-1,325.000,350.000,300.000,325.000,-1,-1,-1,-1,775.000,1000.000,-1,-1,2,0,2,0,2,0,0,0,0,2,2,2,2,0,0,2,2
103,-985.592,-1456.722,-210.640,-56.031,0.558212,0.829121,-0.030957,-0.824867,0.558596,0.086981,0.089411,-0.023018,0.995729,0,0.69535,0.42719,41.721,0.854,-1,400.000,-1,425.000,-1,325.000,350.000,325.000,325.000,-1,-1,-1,-1,775.000,975.000,-1,-1,2,0,2,0,2,0,0,0,0,2,2,2,2,0,0,2,2
104,-961.767,-1490.972,-207.006,-55.177,0.570451,0.820711,-0.031914,-0.816614,0.570905,0.084903,0.087900,-0.022371,0.995878,0,0.69535,0.42719,41.721,0.854,-1,400.000,-1,425.000,-1,325.000,350.000,325.000,325.000,-1,-1,-1,-1,775.000,975.000,-1,-1,2,0,2,0,2,0,0,0,0,2,2,2,2,0,0,2,2
105,-937.435,-1524.862,-203.440,-54.322,0.582567,0.812121,-0.032791,-0.808206,0.583090,0.082521,0.086137,-0.021572,0.996050,0,0.69535,0.42719,41.721,0.854,-1,400.000,-1,425.000,-1,325.000,350.000,325.000,325.000,-1,-1,-1,-1,775.000,950.000,-1,-1,2,0,2,0,2,0,0,0,0,2,2,2,2,0,0,2,2
106,-911.419,-1560.288,-199.903,-53.708,0.591273,0.805825,-0.032305,-0.802123,0.591766,0.080070,0.083639,-0.021431,0.996266,0,0.73255,0.30719,43.953,0.614,-1,400.000,-1,425.000,-1,325.000,325.000,325.000,325.000,-1,-1,-1,-1,750.000,925.000,-1,-1,2,0,2,0,2,0,0,0,0,2,2,2,2,0,0,2,2
107,-885.172,-1595.544,-196.430,-53.333,0.596587,0.801941,-0.031229,-0.798453,0.597019,0.077722,0.080973,-0.021434,0.996486,0,0.73255,0.18719,43.953,0.374,-1,400.000,-1,425.000,-1,325.000,325.000,325.000,325.000,-1,-1,-1,-1,750.000,925.000,-1,-1,2,0,2,0,2,0,0,0,0,2,2,2,2,0,0,2,2
108,-858.842,-1630.737,-192.927,-53.199,0.598520,0.800542,-0.030096,-0.797258,0.598902,0.075475,0.078445,-0.021179,0.996693,0,0.73255,0.06719,43.953,0.134,-1,400.000,-1,425.000,-1,325.000,325.000,300.000,350.000,-1,-1,-1,-1,725.000,900.000,-1,-1,2,0,2,0,2,0,0,0,0,2,2,2,2,0,0,2,2
109,-832.578,-1665.980,-189.392,-53.305,0.597088,0.801654,-0.028944,-0.798563,0.597432,0.073297,0.076051,-0.020651,0.996890,0,0.73255,-0.05281,43.953,-0.106,-1,375.000,-1,425.000,-1,325.000,325.000,300.000,350.000,-1,-1,-1,-1,725.000,875.000,-1,-1,2,0,2,0,2,0,0,0,0,2,2,2,2,0,0,2,2
110,-806.527,-1701.380,-185.824,-53.650,0.592275,0.805256,-0.027808,-0.802351,0.592595,0.071156,0.073778,-0.019832,0.997077,0,0.73255,-0.17281,43.953,-0.346,-1,375.000,-1,400.000,-1,325.000,325.000,300.000,350.000,-1,-1,-1,-1,700.000,875.000,-1,-1,2,0,2,0,2,0,0,0,0,2,2,2,2,0,0,2,2
111,-780.732,-1737.117,-182.206,-54.179,0.584847,0.810704,-0.026708,-0.807979,0.585155,0.069027,0.071589,-0.018790,0.997257,0,0.73457,-0.26423,44.074,-0.528,-1,375.000,-1,400.000,-1,325.000,325.000,300.000,350.000,-1,-1,-1,-1,700.000,875.000,-1,-1,2,0,2,0,2,0,0,0,0,2,2,2,2,0,0,2,2
112,-755.088,-1773.340,-178.758,-54.703,0.577352,0.816056,-0.026792,-0.813477,0.577727,0.066984,0.070140,-0.016879,0.997394,0,0.73970,-0.26231,44.382,-0.525,-1,375.000,-1,400.000,-1,325.000,325.000,300.000,350.000,-1,-1,-1,-1,700.000,850.000,-1,-1,2,0,2,0,2,0,0,0,0,2,2,2,2,0,0,2,2
113,-729.600,-1810.045,-175.540,-55.224,0.569761,0.821310,-0.028661,-0.818840,0.570319,0.065099,0.069812,-0.013622,0.997467,0,0.74477,-0.26021,44.686,-0.520,-1,375.000,-1,400.000,-1,300.000,325.000,300.000,350.000,-1,-1,-1,-1,725.000,850.000,-1,-1,2,0,2,0,2,0,0,0,0,2,2,2,2,0,0,2,2
114,-704.275,-1847.226,-172.152,-55.740,0.562159,0.826447,-0.031036,-0.824078,0.562926,0.063329,0.069809,-0.010024,0.997510,0,0.74978,-0.25792,44.987,-0.516,-1,375.000,-1,400.000,-1,300.000,325.000,300.000,350.000,-1,-1,-1,-1,725.000,850.000,-1,-1,2,0,2,0,2,0,0,0,0,2,2,2,2,0,0,2,2
115,-679.118,-1884.877,-168.718,-56.251,0.554593,0.831456,-0.033263,-0.829195,0.555551,0.061633,0.069725,-0.006600,0.997544,0,0.75470,-0.25542,45.282,-0.511,-1,375.000,-1,400.000,-1,325.000,325.000,300.000,325.000,-1,-1,-1,-1,750.000,850.000,-1,-1,2,0,2,0,2,0,0,0,0,2,2,2,2,0,0,2,2
116,-654.134,-1922.991,-165.378,-56.756,0.547058,0.836340,-0.035547,-0.834234,0.548204,0.059380,0.069148,-0.002830,0.997602,0,0.75954,-0.25273,45.572,-0.505,-1,375.000,-1,400.000,-1,325.000,325.000,300.000,325.000,-1,-1,-1,-1,750.000,850.000,-1,-1,2,0,2,0,2,0,0,0,0,2,2,2,2,0,0,2,2
117,-629.330,-1961.560,-162.025,-57.256,0.539575,0.841092,-0.037736,-0.839155,0.540892,0.057046,0.068392,0.000885,0.997658,0,0.76427,-0.24982,45.856,-0.500,-1,375.000,-1,400.000,-1,325.000,325.000,300.000,325.000,-1,-1,-1,-1,775.000,825.000,-1,-1,2,0,2,0,2,0,0,0,0,2,2,2,2,0,0,2,2
118,-607.280,-1996.192,-159.015,-57.515,0.535623,0.843528,-0.039603,-0.841743,0.537071,0.054982,0.067649,0.003886,0.997702,0,0.68427,-0.12982,41.056,-0.260,-1,400.000,-1,400.000,-1,325.000,325.000,300.000,325.000,-1,-1,-1,-1,775.000,825.000,-1,-1,2,0,2,0,2,0,0,0,0,2,2,2,2,0,0,2,2
119,-587.817,-2026.782,-156.418,-57.535,0.535208,0.843701,-0.041490,-0.842046,0.536775,0.053207,0.067161,0.006459,0.997721,0,0.60427,-0.00982,36.256,-0.020,1000.000,400.000,-1,400.000,-1,325.000,325.000,300.000,325.000,-1,-1,-1,-1,775.000,825.000,-1,-1,1,0,2,0,2,0,0,0,0,2,2,2,2,0,0,2,2
120,-570.829,-2053.257,-154.165,-57.315,0.538351,0.841618,-0.043086,-0.840072,0.540008,0.051673,0.066756,0.008378,0.997734,0,0.52427,0.11018,31.456,0.220,975.000,400.000,-1,400.000,-1,325.000,325.000,300.000,325.000,-1,-1,-1,-1,800.000,825.000,-1,-1,1,0,2,0,2,0,0,0,0,2,2,2,2,0,0,2,2
121,-556.254,-2075.576,-152.474,-56.854,0.545047,0.837250,-0.044011,-0.835712,0.546751,0.051463,0.067150,0.008731,0.997705,0,0.44427,0.23018,26.656,0.460,950.000,400.000,-1,400.000,-1,325.000,325.000,300.000,325.000,-1,-1,-1,-1,800.000,825.000,-1,-1,1,0,2,0,2,0,0,0,0,2,2,2,2,0,0,2,2
122,-544.106,-2093.745,-151.090,-56.234,0.554047,0.831283,-0.044719,-0.829743,0.555781,0.051325,0.067519,0.008669,0.997680,0,0.36427,0.31008,21.856,0.620,950.000,400.000,-1,400.000,-1,325.000,325.000,300.000,325.000,-1,-1,-1,-1,800.000,825.000,1000.000,-1,1,0,2,0,2,0,0,0,0,2,2,2,2,1,0,1,2
123,-534.473,-2107.821,-150.002,-55.612,0.563021,0.825203,-0.045252,-0.823657,0.564774,0.051191,0.067800,0.008450,0.997663,0,0.28427,0.31100,17.056,0.622,950.000,400.000,-1,400.000,-1,325.000,325.000,300.000,325.000,-1,-1,-1,-1,800.000,825.000,975.000,-1,1,0,2,0,2,0,0,0,0,2,2,2,2,1,0,1,2
124,-527.441,-2117.859,-149.214,-54.989,0.571956,0.819014,-0.045629,-0.817460,0.573716,0.051070,0.068005,0.008090,0.997652,0,0.20427,0.31155,12.256,0.623,925.000,400.000,-1,400.000,-1,325.000,325.000,300.000,325.000,-1,-1,-1,-1,775.000,825.000,975.000,-1,1,0,2,0,2,0,0,0,0,2,2,2,2,1,0,1,2
125,-523.097,-2123.920,-148.729,-54.365,0.580838,0.812726,-0.045862,-0.811162,0.582597,0.050967,0.068141,0.007598,0.997647,0,0.12427,0.31174,7.456,0.623,925.000,400.000,-1,400.000,-1,325.000,325.000,300.000,325.000,-1,-1,-1,-1,775.000,825.000,950.000,-1,1,0,2,0,2,0,0,0,0,2,2,2,2,1,0,1,2
126,-521.526,-2126.062,-148.548,-53.742,0.589656,0.806345,-0.045960,-0.804769,0.591404,0.050883,0.068210,0.006984,0.997647,0,0.04427,0.31157,2.656,0.623,925.000,400.000,-1,400.000,-1,325.000,325.000,300.000,325.000,-1,-1,-1,-1,775.000,825.000,950.000,-1,1,0,2,0,2,0,0,0,0,2,2,2,2,1,0,1,2
127,-522.812,-2124.347,-148.673,-53.120,0.598399,0.799880,-0.045929,-0.798289,0.600127,0.050818,0.068211,0.006255,0.997651,0,-0.03573,0.31106,-2.144,0.622,950.000,400.000,-1,400.000,-1,325.000,325.000,300.000,325.000,-1,-1,-1,-1,775.000,825.000,950.000,-1,1,0,2,0,2,0,0,0,0,2,2,2,2,1,0,1,2
128,-527.039,-2118.839,-149.103,-52.500,0.607057,0.793339,-0.045768,-0.791731,0.608756,0.050768,0.068138,0.005417,0.997661,0,-0.11573,0.31022,-6.944,0.620,950.000,400.000,-1,400.000,-1,325.000,325.000,300.000,325.000,-1,-1,-1,-1,775.000,825.000,950.000,-1,1,0,2,0,2,0,0,0,0,2,2,2,2,1,0,1,2
129,-534.289,-2109.600,-149.839,-51.882,0.615622,0.786729,-0.045473,-0.785104,0.617283,0.050727,0.067978,0.004472,0.997677,0,-0.19573,0.30908,-11.744,0.618,975.000,400.000,-1,400.000,-1,325.000,325.000,300.000,325.000,-1,-1,-1,-1,775.000,825.000,950.000,-1,1,0,2,0,2,0,0,0,0,2,2,2,2,1,0,1,2
130,-544.640,-2096.695,-150.879,-51.266,0.624086,0.780057,-0.045034,-0.778416,0.625699,0.050687,0.067717,0.003422,0.997699,0,-0.27573,0.30767,-16.544,0.615,1000.000,400.000,-1,400.000,-1,325.000,325.000,300.000,325.000,-1,-1,-1,-1,775.000,825.000,975.000,-1,1,0,2,0,2,0,0,0,0,2,2,2,2,1,0,1,2
131,-558.172,-2080.189,-152.218,-50.654,0.632443,0.773332,-0.044435,-0.771675,0.633998,0.050638,0.067332,0.002263,0.997728,0,-0.35573,0.30601,-21.344,0.612,-1,400.000,-1,400.000,-1,325.000,325.000,300.000,325.000,-1,-1,-1,-1,775.000,825.000,975.000,-1,2,0,2,0,2,0,0,0,0,2,2,2,2,1,0,1,2
132,-574.601,-2060.578,-153.819,-50.046,0.640687,0.766559,-0.043674,-0.764890,0.642173,0.050568,0.066810,0.001007,0.997765,0,-0.42639,0.30414,-25.583,0.608,-1,400.000,-1,400.000,-1,325.000,325.000,300.000,325.000,-1,-1,-1,-1,775.000,825.000,1000.000,-1,2,0,2,0,2,0,0,0,0,2,2,2,2,1,0,1,2
133,-591.339,-2041.021,-155.639,-49.442,0.648820,0.759744,-0.042691,-0.757994,0.650222,0.051537,0.066913,-0.001078,0.997758,0,-0.42903,0.30213,-25.742,0.604,-1,375.000,-1,400.000,-1,325.000,325.000,300.000,325.000,-1,-1,-1,-1,775.000,825.000,-1,-1,2,0,2,0,2,0,0,0,0,2,2,2,2,1,0,2,2
