timestep,x_cm,y_cm,z_cm,yaw_deg,basis_xx,basis_xy,basis_xz,basis_yx,basis_yy,basis_yz,basis_zx,basis_zy,basis_zz,teleport_flag,throttle_cmd,steering_cmd,cmd_move_cm,cmd_turn_deg,lidar_cm_0,lidar_cm_1,lidar_cm_2,lidar_cm_3,lidar_cm_4,lidar_cm_5,lidar_cm_6,lidar_cm_7,lidar_cm_8,lidar_cm_9,lidar_cm_10,lidar_cm_11,lidar_cm_12,lidar_cm_13,lidar_cm_14,lidar_cm_15,lidar_cm_16,lidar_class_0,lidar_class_1,lidar_class_2,lidar_class_3,lidar_class_4,lidar_class_5,lidar_class_6,lidar_class_7,lidar_class_8,lidar_class_9,lidar_class_10,lidar_class_11,lidar_class_12,lidar_class_13,lidar_class_14,lidar_class_15,lidar_class_16
0,-332.707,9510.262,-345.473,-171.145,-0.987968,0.153776,-0.016524,-0.152798,-0.987012,-0.049606,-0.023937,-0.046484,0.998632,1,0.08000,0.12000,4.800,0.240,-1,400.000,-1,400.000,-1,325.000,325.000,325.000,325.000,-1,-1,-1,-1,775.000,750.000,-1,-1,2,0,2,0,2,0,0,0,0,2,2,2,2,0,0,2,2
1,-342.180,9508.705,-345.702,-170.665,-0.986644,0.162041,-0.016625,-0.161048,-0.985695,-0.049682,-0.024438,-0.046341,0.998627,0,0.16000,0.24000,9.600,0.480,-1,400.000,-1,400.000,-1,325.000,325.000,325.000,325.000,-1,-1,-1,-1,775.000,750.000,-1,-1,2,0,2,0,2,0,0,0,0,2,2,2,2,0,0,2,2
2,-356.358,9506.190,-346.054,-169.945,-0.984529,0.174416,-0.016773,-0.173401,-0.983591,-0.049806,-0.025185,-0.046127,0.998618,0,0.24000,0.36000,14.400,0.720,-1,400.000,-1,400.000,-1,325.000,325.000,325.000,325.000,-1,-1,-1,-1,775.000,750.000,-1,-1,2,0,2,0,2,0,0,0,0,2,2,2,2,0,0,2,2
3,-375.205,9502.522,-346.537,-168.985,-0.981468,0.190873,-0.016966,-0.189829,-0.980544,-0.049990,-0.026178,-0.045843,0.998606,0,0.32000,0.48000,19.200,0.960,-1,400.000,-1,400.000,-1,325.000,325.000,300.000,325.000,-1,-1,-1,-1,750.000,725.000,-1,-1,2,0,2,0,2,0,0,0,0,2,2,2,2,0,0,2,2
4,-398.661,9497.444,-347.163,-167.785,-0.977255,0.211370,-0.017197,-0.210289,-0.976347,-0.050248,-0.027411,-0.045489,0.998589,0,0.40000,0.60000,24.000,1.200,-1,400.000,-1,375.000,-1,325.000,325.000,300.000,325.000,-1,-1,-1,-1,750.000,725.000,-1,-1,2,0,2,0,2,0,0,0,0,2,2,2,2,0,0,2,2
5,-426.647,9490.645,-347.945,-166.345,-0.971634,0.235843,-0.017459,-0.234718,-0.970746,-0.050597,-0.028881,-0.045064,0.998567,0,0.48000,0.72000,28.800,1.440,-1,400.000,-1,375.000,-1,325.000,325.000,300.000,325.000,-1,-1,-1,-1,750.000,725.000,-1,-1,2,0,2,0,2,0,0,0,0,2,2,2,2,0,0,2,2
6,-459.069,9481.827,-348.897,-164.785,-0.964857,0.262175,-0.017744,-0.261000,-0.963988,-0.051056,-0.030491,-0.044631,0.998538,0,0.56000,0.77960,33.600,1.559,-1,400.000,-1,375.000,-1,325.000,325.000,300.000,325.000,-1,-1,-1,-1,750.000,725.000,-1,-1,2,0,2,0,2,0,0,0,0,2,2,2,2,0,0,2,2
7,-495.834,9470.744,-350.032,-163.224,-0.957355,0.288350,-0.018045,-0.287119,-0.956502,-0.051639,-0.032151,-0.044256,0.998503,0,0.64000,0.78071,38.400,1.561,-1,400.000,-1,375.000,-1,325.000,325.000,300.000,325.000,-1,-1,-1,-1,750.000,725.000,-1,-1,2,0,2,0,2,0,0,0,0,2,2,2,2,0,0,2,2
8,-536.839,9457.151,-351.361,-161.660,-0.949128,0.314354,-0.018356,-0.313063,-0.948288,-0.052356,-0.033865,-0.043946,0.998460,0,0.72000,0.78204,43.200,1.564,-1,400.000,-1,375.000,-1,325.000,325.000,300.000,325.000,-1,-1,-1,-1,750.000,725.000,-1,-1,2,0,2,0,2,0,0,0,0,2,2,2,2,0,0,2,2
9,-581.971,9440.807,-352.955,-160.093,-0.940178,0.340178,-0.018576,-0.338834,-0.939355,-0.052946,-0.035461,-0.043484,0.998425,0,0.80000,0.78358,48.000,1.567,-1,400.000,-1,375.000,-1,325.000,325.000,300.000,325.000,-1,-1,-1,-1,750.000,725.000,-1,-1,2,0,2,0,2,0,0,0,0,2,2,2,2,0,0,2,2
10,-631.104,9421.474,-354.665,-158.522,-0.930517,0.365798,-0.018170,-0.364417,-0.929679,-0.053829,-0.036583,-0.043467,0.998385,0,0.88000,0.78532,52.800,1.571,-1,400.000,-1,375.000,-1,325.000,325.000,300.000,325.000,-1,-1,-1,-1,750.000,725.000,-1,-1,2,0,2,0,2,0,0,0,0,2,2,2,2,0,0,2,2
11,-679.880,9400.717,-356.462,-156.948,-0.920131,0.391206,-0.017791,-0.389787,-0.919281,-0.054667,-0.037741,-0.043366,0.998346,0,0.88350,0.78725,53.010,1.575,-1,400.000,-1,375.000,-1,325.000,325.000,300.000,325.000,-1,-1,-1,-1,750.000,700.000,-1,-1,2,0,2,0,2,0,0,0,0,2,2,2,2,0,0,2,2
12,-728.836,9378.287,-358.449,-155.385,-0.909125,0.416143,-0.017780,-0.414677,-0.908287,-0.055300,-0.039162,-0.042901,0.998311,0,0.89750,0.78148,53.850,1.563,-1,400.000,-1,375.000,-1,325.000,325.000,300.000,325.000,-1,-1,-1,-1,750.000,700.000,-1,-1,2,0,2,0,2,0,0,0,0,2,2,2,2,0,0,2,2
13,-777.277,9354.466,-360.597,-153.814,-0.897399,0.440882,-0.017261,-0.439381,-0.896543,-0.056161,-0.040236,-0.042815,0.998272,0,0.89969,0.78527,53.982,1.571,-1,400.000,-1,375.000,-1,325.000,325.000,300.000,325.000,-1,-1,-1,-1,750.000,700.000,-1,-1,2,0,2,0,2,0,0,0,0,2,2,2,2,0,0,2,2
14,-820.895,9331.744,-362.600,-152.483,-0.886941,0.461581,-0.016706,-0.460052,-0.886064,-0.056941,-0.041085,-0.042818,0.998238,0,0.81969,0.66527,49.182,1.331,-1,375.000,-1,375.000,-1,325.000,325.000,300.000,325.000,-1,-1,-1,-1,750.000,675.000,-1,-1,2,0,2,0,2,0,0,0,0,2,2,2,2,0,0,2,2
15,-859.911,9310.465,-364.333,-151.393,-0.878012,0.478368,-0.016064,-0.476844,-0.877132,-0.057089,-0.041400,-0.042465,0.998240,0,0.74070,0.54527,44.442,1.091,-1,400.000,-1,375.000,-1,325.000,325.000,300.000,325.000,-1,-1,-1,-1,750.000,675.000,-1,-1,2,0,2,0,2,0,0,0,0,2,2,2,2,0,0,2,2
16,-898.693,9288.562,-366.086,-150.542,-0.870832,0.491339,-0.015393,-0.489825,-0.869941,-0.057217,-0.041504,-0.042287,0.998243,0,0.74234,0.42527,44.540,0.851,-1,400.000,-1,375.000,-1,325.000,325.000,300.000,300.000,-1,-1,-1,-1,750.000,675.000,-1,-1,2,0,2,0,2,0,0,0,0,2,2,2,2,0,0,2,2
17,-937.312,9266.204,-367.852,-149.932,-0.865565,0.500581,-0.014695,-0.499083,-0.864656,-0.057324,-0.041402,-0.042283,0.998247,0,0.74373,0.30527,44.624,0.611,-1,400.000,-1,375.000,-1,325.000,325.000,300.000,300.000,-1,-1,-1,-1,750.000,675.000,-1,-1,2,0,2,0,2,0,0,0,0,2,2,2,2,0,0,2,2
18,-975.841,9243.564,-369.637,-149.561,-0.862328,0.506158,-0.013986,-0.504676,-0.861392,-0.057487,-0.041145,-0.042514,0.998248,0,0.74481,0.18527,44.688,0.371,-1,400.000,-1,375.000,1000.000,325.000,325.000,325.000,300.000,-1,-1,-1,-1,725.000,675.000,-1,-1,2,0,2,0,1,0,0,0,0,2,2,2,2,0,0,2,2
19,-1014.355,9220.815,-371.439,-149.431,-0.861191,0.508108,-0.013271,-0.506645,-0.860219,-0.057739,-0.040754,-0.043001,0.998244,0,0.74552,0.06527,44.731,0.131,-1,400.000,-1,375.000,975.000,325.000,325.000,325.000,300.000,-1,-1,-1,-1,725.000,650.000,-1,1000.000,2,0,2,0,1,0,0,0,0,2,2,2,2,0,0,2,1
20,-1052.927,9198.130,-373.222,-149.540,-0.862178,0.506450,-0.012535,-0.505012,-0.861165,-0.057942,-0.040139,-0.043626,0.998241,0,0.74580,-0.05473,44.748,-0.109,-1,400.000,-1,375.000,925.000,325.000,325.000,325.000,300.000,-1,-1,-1,-1,725.000,650.000,-1,975.000,2,0,2,0,1,0,0,0,0,2,2,2,2,0,0,2,1
21,-1091.626,9175.687,-374.979,-149.890,-0.865268,0.501171,-0.011781,-0.499767,-0.864209,-0.058096,-0.039297,-0.044381,0.998241,0,0.74561,-0.17473,44.736,-0.349,-1,400.000,-1,375.000,900.000,325.000,325.000,325.000,300.000,-1,-1,-1,-1,700.000,650.000,-1,925.000,2,0,2,0,1,0,0,0,0,2,2,2,2,0,0,2,1
22,-1130.516,9153.665,-376.698,-150.479,-0.870393,0.492235,-0.011013,-0.490872,-0.869285,-0.058204,-0.038224,-0.045255,0.998244,0,0.74487,-0.29473,44.692,-0.589,-1,400.000,-1,375.000,850.000,325.000,300.000,325.000,300.000,-1,-1,-1,-1,700.000,650.000,-1,875.000,2,0,2,0,1,0,0,0,0,2,2,2,2,0,0,2,1
23,-1173.931,9129.904,-378.528,-151.309,-0.877443,0.479574,-0.010171,-0.478259,-0.876275,-0.058406,-0.036923,-0.046384,0.998241,0,0.82487,-0.41473,49.492,-0.829,-1,375.000,-1,375.000,825.000,325.000,300.000,325.000,300.000,-1,-1,-1,-1,675.000,625.000,-1,850.000,2,0,2,0,1,0,0,0,0,2,2,2,2,0,0,2,1
24,-1222.025,9104.713,-380.507,-152.355,-0.886069,0.463462,-0.009211,-0.462212,-0.884842,-0.058434,-0.035232,-0.047519,0.998249,0,0.90487,-0.52336,54.292,-1.047,-1,375.000,-1,350.000,775.000,300.000,300.000,325.000,300.000,-1,-1,-1,-1,675.000,625.000,-1,800.000,2,0,2,0,1,0,0,0,0,2,2,2,2,0,0,2,1
25,-1272.610,9079.370,-382.165,-153.391,-0.894337,0.447343,-0.006770,-0.446213,-0.892972,-0.059125,-0.032494,-0.049856,0.998228,0,0.94297,-0.51778,56.578,-1.036,-1,375.000,-1,350.000,725.000,300.000,300.000,325.000,300.000,-1,750.000,-1,-1,675.000,625.000,-1,750.000,2,0,2,0,1,0,0,0,0,2,0,2,2,0,0,2,1
26,-1323.454,9055.031,-383.581,-154.421,-0.902272,0.431151,-0.003644,-0.430174,-0.900736,-0.060206,-0.029240,-0.052755,0.998179,0,0.93948,-0.51512,56.369,-1.030,-1,375.000,975.000,350.000,675.000,300.000,300.000,300.000,325.000,-1,650.000,775.000,-1,650.000,625.000,-1,700.000,2,0,1,0,1,0,0,0,0,2,0,0,2,0,0,2,1
27,-1374.512,9031.704,-384.918,-155.447,-0.909871,0.414891,-0.000549,-0.414079,-0.908170,-0.061368,-0.025959,-0.055609,0.998115,0,0.93558,-0.51292,56.135,-1.026,-1,375.000,900.000,350.000,650.000,300.000,300.000,300.000,325.000,-1,575.000,625.000,-1,650.000,625.000,-1,650.000,2,0,1,0,1,0,0,0,0,2,0,0,2,0,1,2,1
28,-1425.745,9009.393,-386.035,-156.469,-0.917136,0.398569,0.001865,-0.397903,-0.915312,-0.062269,-0.023112,-0.057851,0.998058,0,0.93133,-0.51121,55.880,-1.022,-1,375.000,825.000,350.000,600.000,300.000,300.000,300.000,325.000,-1,550.000,625.000,-1,650.000,575.000,-1,600.000,2,0,1,0,1,0,0,0,0,2,0,0,2,0,1,2,1
29,-1477.117,8988.103,-386.717,-157.489,-0.924070,0.382196,0.004498,-0.381731,-0.922222,-0.061544,-0.019374,-0.058587,0.998094,0,0.92681,-0.50999,55.609,-1.020,-1,375.000,775.000,350.000,550.000,300.000,300.000,300.000,325.000,-1,525.000,575.000,-1,650.000,525.000,-1,550.000,2,0,1,0,1,0,0,0,0,2,0,0,2,0,1,2,1
30,-1533.038,8966.357,-387.158,-158.749,-0.932212,0.361826,0.007930,-0.361633,-0.930405,-0.059731,-0.014235,-0.058550,0.998183,0,1.00000,-0.62999,60.000,-1.260,-1,375.000,700.000,375.000,500.000,300.000,300.000,300.000,325.000,-1,475.000,525.000,-1,650.000,475.000,-1,500.000,2,0,1,0,1,0,0,0,0,2,0,0,2,0,1,2,1
31,-1589.436,8945.881,-387.502,-160.046,-0.940107,0.340687,0.011453,-0.340760,-0.938357,-0.058032,-0.009024,-0.058459,0.998249,0,1.00000,-0.64813,60.000,-1.296,-1,375.000,625.000,375.000,450.000,300.000,300.000,325.000,325.000,-1,450.000,475.000,-1,625.000,450.000,-1,450.000,2,0,1,0,1,0,0,0,0,2,0,0,2,1,1,2,1
32,-1646.285,8926.689,-387.742,-161.344,-0.947521,0.319342,0.015013,-0.319672,-0.945847,-0.056428,-0.003820,-0.058265,0.998294,0,1.00000,-0.64916,60.000,-1.298,-1,375.000,550.000,350.000,400.000,300.000,300.000,325.000,325.000,-1,425.000,450.000,-1,575.000,400.000,-1,400.000,2,0,1,1,1,0,0,0,0,2,0,0,2,1,1,2,1
33,-1703.553,8908.791,-387.878,-162.644,-0.954445,0.297805,0.018607,-0.298383,-0.952865,-0.054924,0.001374,-0.057974,0.998317,0,1.00000,-0.65003,60.000,-1.300,-1,375.000,475.000,325.000,350.000,300.000,300.000,325.000,300.000,-1,400.000,400.000,-1,525.000,350.000,-1,350.000,2,0,1,1,1,0,0,0,0,2,0,0,2,1,1,2,1
34,-1761.214,8892.199,-387.914,-163.946,-0.960874,0.276092,0.022233,-0.276908,-0.959404,-0.053527,0.006552,-0.057589,0.998319,0,1.00000,-0.65074,60.000,-1.301,-1,350.000,425.000,275.000,300.000,300.000,275.000,325.000,300.000,-1,350.000,350.000,-1,450.000,300.000,-1,275.000,2,1,1,1,1,1,1,0,0,2,0,0,2,1,1,2,1
35,-1819.237,8876.922,-387.852,-165.248,-0.966800,0.254218,0.025885,-0.255264,-0.965459,-0.052242,0.011710,-0.057116,0.998299,0,1.00000,-0.65129,60.000,-1.303,-1,300.000,350.000,225.000,250.000,250.000,225.000,325.000,300.000,-1,300.000,325.000,-1,400.000,250.000,-1,225.000,2,1,1,1,1,1,1,0,0,2,0,0,2,1,1,2,1
36,-1877.593,8862.968,-387.694,-166.551,-0.972219,0.232199,0.029561,-0.233466,-0.971023,-0.051075,0.016845,-0.056558,0.998257,0,1.00000,-0.65168,60.000,-1.303,-1,250.000,275.000,175.000,200.000,225.000,175.000,325.000,300.000,-1,275.000,275.000,-1,325.000,200.000,-1,175.000,2,1,1,1,1,1,1,0,0,2,0,0,2,1,1,2,1
37,-1936.250,8850.340,-384.503,-167.855,-0.976818,0.209911,0.042008,-0.212163,-0.975435,-0.059280,0.028533,-0.066818,0.997357,0,1.00000,-0.65192,60.000,-1.304,-1,225.000,225.000,150.000,150.000,175.000,150.000,300.000,325.000,-1,225.000,250.000,-1,275.000,150.000,-1,125.000,2,1,1,1,1,1,1,0,0,2,0,0,2,1,1,2,1
38,-1995.177,8839.007,-369.092,-169.159,-0.977674,0.186674,0.096465,-0.196527,-0.974819,-0.105379,0.074365,-0.121984,0.989742,0,1.00000,-0.65200,60.000,-1.304,-1,200.000,225.000,125.000,150.000,175.000,125.000,275.000,500.000,625.000,100.000,175.000,-1,275.000,150.000,-1,125.000,2,1,1,1,1,1,1,0,0,0,0,0,2,1,1,2,1
39,5011.088,-6292.748,24.975,1.509,0.996300,-0.026321,-0.081819,0.027955,0.999431,0.018890,0.081275,-0.021107,0.996468,1,0.00000,0.00000,55.200,-1.064,-1,275.000,-1,325.000,-1,200.000,225.000,425.000,400.000,800.000,125.000,125.000,775.000,-1,725.000,-1,-1,2,1,2,1,2,1,1,1,0,1,0,0,1,2,1,2,2
40,-6226.626,-6888.121,149.476,-9.993,0.983962,0.173472,-0.041546,-0.172212,0.984533,0.032226,0.046494,-0.024554,0.998617,1,0.08000,-0.12000,4.800,-0.240,525.000,375.000,700.000,425.000,-1,325.000,325.000,300.000,275.000,-1,-1,-1,-1,450.000,675.000,500.000,-1,1,1,1,1,2,0,0,0,0,2,2,2,2,1,1,1,2
41,-6217.186,-6889.866,149.930,-10.473,0.982494,0.181717,-0.041033,-0.180485,0.983057,0.031992,0.046151,-0.024026,0.998646,0,0.16000,-0.24000,9.600,-0.480,525.000,375.000,700.000,425.000,-1,325.000,325.000,300.000,275.000,-1,-1,-1,-1,450.000,675.000,475.000,-1,1,1,1,1,2,0,0,0,0,2,2,2,2,1,1,1,2
42,-6203.059,-6892.655,150.615,-11.167,0.980249,0.193623,-0.040266,-0.192433,0.980801,0.031622,0.045616,-0.023249,0.998688,0,0.24000,-0.34726,14.400,-0.695,500.000,350.000,700.000,425.000,-1,325.000,325.000,300.000,275.000,-1,-1,-1,-1,425.000,675.000,450.000,-1,1,1,1,1,2,0,0,0,0,2,2,2,2,1,1,1,2
43,-6184.268,-6896.598,151.528,-11.851,0.977909,0.205315,-0.039233,-0.204178,0.978439,0.031112,0.044775,-0.022415,0.998746,0,0.32000,-0.34180,19.200,-0.684,475.000,350.000,700.000,400.000,-1,325.000,325.000,300.000,275.000,-1,-1,-1,-1,425.000,675.000,425.000,-1,1,1,1,1,2,1,0,0,0,2,2,2,2,1,1,1,2
44,-6160.839,-6901.802,152.672,-12.522,0.975486,0.216766,-0.037935,-0.215694,0.975986,0.030447,0.043624,-0.021518,0.998816,0,0.40000,-0.33559,24.000,-0.671,425.000,325.000,700.000,400.000,-1,300.000,325.000,300.000,275.000,-1,-1,-1,-1,400.000,700.000,400.000,-1,1,1,1,1,2,1,1,0,0,2,2,2,2,1,1,1,2
45,-6132.798,-6908.368,154.046,-13.179,0.972994,0.227949,-0.036374,-0.226950,0.973456,0.029606,0.042157,-0.020551,0.998900,0,0.48000,-0.32852,28.800,-0.657,400.000,300.000,675.000,400.000,-1,300.000,325.000,300.000,275.000,-1,-1,-1,-1,375.000,725.000,375.000,-1,1,1,1,1,2,1,1,0,0,2,2,2,2,1,1,1,2
46,-6100.171,-6916.394,155.651,-13.820,0.970447,0.238826,-0.034550,-0.237912,0.970866,0.028569,0.040367,-0.019505,0.998995,0,0.56000,-0.32041,33.600,-0.641,350.000,300.000,675.000,375.000,-1,275.000,300.000,300.000,275.000,-1,-1,-1,-1,350.000,975.000,325.000,-1,1,1,1,1,2,1,1,0,0,2,2,2,2,1,0,1,2
47,-6062.984,-6925.971,157.486,-14.442,0.967866,0.249360,-0.032465,-0.248539,0.968237,0.027314,0.038245,-0.018368,0.999100,0,0.64000,-0.31109,38.400,-0.622,300.000,275.000,650.000,350.000,-1,250.000,300.000,300.000,275.000,-1,-1,-1,-1,325.000,975.000,300.000,-1,1,1,1,1,2,1,1,0,0,2,2,2,2,1,0,1,2
48,-6021.265,-6937.183,159.549,-15.043,0.965273,0.259503,-0.030119,-0.258783,0.965590,0.025817,0.035782,-0.017126,0.999213,0,0.72000,-0.30034,43.200,-0.601,250.000,250.000,625.000,350.000,-1,225.000,275.000,325.000,300.000,-1,-1,-1,-1,275.000,975.000,250.000,-1,1,1,1,1,2,1,1,0,0,2,2,2,2,1,0,1,2
49,-5974.989,-6949.933,161.676,-15.403,0.963689,0.265578,-0.027778,-0.264933,0.963947,0.024843,0.033375,-0.016582,0.999305,0,0.80000,-0.18034,48.000,-0.361,200.000,200.000,575.000,325.000,-1,200.000,250.000,325.000,300.000,-1,-1,-1,-1,250.000,975.000,200.000,-1,1,1,1,1,2,1,1,0,0,2,2,2,2,1,0,1,2
50,-5924.114,-6964.065,168.409,-15.524,0.962446,0.267644,-0.045441,-0.267444,0.963516,0.010548,0.046606,0.002001,0.998911,0,0.88000,-0.06034,52.800,-0.121,175.000,200.000,675.000,325.000,-1,200.000,250.000,375.000,275.000,-1,-1,-1,-1,250.000,-1,175.000,-1,1,1,1,1,2,1,1,0,0,2,2,2,2,1,2,1,2
51,-5868.578,-6979.356,177.739,-15.405,0.961332,0.265514,-0.073095,-0.267015,0.963625,-0.011400,0.067410,0.030477,0.997260,0,0.96000,0.05966,57.600,0.119,175.000,200.000,-1,350.000,-1,200.000,250.000,450.000,275.000,-1,-1,-1,-1,250.000,-1,175.000,-1,1,1,2,1,2,1,1,0,0,2,2,2,2,1,2,1,2
52,-5810.659,-6995.040,187.657,-15.176,0.959500,0.261316,-0.105235,-0.266029,0.963389,-0.033321,0.092675,0.059967,0.993889,0,1.00000,0.11438,60.000,0.229,175.000,200.000,-1,400.000,-1,200.000,275.000,550.000,250.000,-1,475.000,75.000,700.000,250.000,-1,150.000,-1,1,1,2,1,2,1,1,1,0,2,0,0,0,1,2,1,2
53,4919.493,-6887.288,19.536,-86.191,0.066452,0.997645,-0.017015,-0.997789,0.066428,-0.001988,-0.000853,0.017110,0.999853,1,0.00000,0.00000,60.000,0.261,-1,400.000,-1,350.000,975.000,325.000,300.000,375.000,275.000,450.000,-1,-1,800.000,750.000,650.000,-1,-1,2,0,2,0,1,0,0,1,0,1,2,2,1,0,0,2,2
54,4919.832,-6892.076,19.531,-85.951,0.070627,0.997367,-0.016486,-0.997503,0.070607,-0.001759,-0.000591,0.016569,0.999863,0,0.08000,0.12000,4.800,0.240,-1,400.000,-1,350.000,975.000,325.000,300.000,375.000,275.000,450.000,-1,-1,800.000,750.000,650.000,-1,-1,2,0,2,0,0,0,0,0,0,1,2,2,1,0,0,2,2
55,4920.590,-6901.646,19.524,-85.471,0.078972,0.996757,-0.015453,-0.996877,0.078961,-0.001306,-0.000082,0.015508,0.999880,0,0.16000,0.24000,9.600,0.480,-1,400.000,-1,350.000,1000.000,325.000,300.000,375.000,275.000,450.000,-1,-1,800.000,750.000,650.000,-1,-1,2,0,2,0,0,0,0,0,0,1,2,2,1,0,0,2,2
56,4921.907,-6915.986,19.518,-84.751,0.091482,0.995709,-0.013959,-0.995806,0.091483,-0.000634,0.000646,0.013959,0.999902,0,0.24000,0.36000,14.400,0.720,-1,400.000,-1,375.000,-1,325.000,300.000,375.000,275.000,450.000,-1,-1,775.000,750.000,650.000,-1,-1,2,0,2,0,2,0,0,0,0,1,2,2,1,0,0,2,2
57,4923.984,-6935.073,19.520,-83.791,0.108144,0.994062,-0.012068,-0.994134,0.108155,0.000250,0.001554,0.011970,0.999927,0,0.32000,0.48000,19.200,0.960,-1,400.000,-1,375.000,-1,325.000,300.000,350.000,275.000,450.000,-1,-1,750.000,750.000,650.000,-1,-1,2,0,2,0,2,0,0,0,0,1,2,2,1,0,0,2,2
58,4927.078,-6958.873,19.534,-82.591,0.128933,0.991604,-0.009856,-0.991650,0.128953,0.001336,0.002595,0.009601,0.999951,0,0.40000,0.60000,24.000,1.200,-1,400.000,-1,375.000,-1,325.000,325.000,350.000,275.000,475.000,-1,-1,725.000,750.000,675.000,-1,-1,2,0,2,0,2,0,0,0,0,1,2,2,1,0,0,2,2
59,4931.509,-6987.330,19.565,-81.151,0.153812,0.988072,-0.007413,-0.988093,0.153834,0.002607,0.003717,0.006924,0.999969,0,0.48000,0.72000,28.800,1.440,-1,400.000,-1,375.000,-1,325.000,325.000,350.000,275.000,475.000,-1,-1,725.000,750.000,675.000,-1,-1,2,0,2,0,2,0,0,0,0,1,2,2,1,0,0,2,2
60,4937.649,-7020.364,19.616,-79.471,0.182719,0.983153,-0.004835,-0.983153,0.182739,0.004048,0.004863,0.004014,0.999980,0,0.56000,0.84000,33.600,1.680,-1,400.000,-1,375.000,-1,325.000,325.000,350.000,275.000,500.000,-1,-1,700.000,750.000,700.000,-1,-1,2,0,2,0,2,0,0,0,0,1,2,2,1,0,0,2,2
61,4945.927,-7057.861,19.683,-77.551,0.215568,0.976486,-0.002219,-0.976470,0.215577,0.005637,0.005983,0.000952,0.999982,0,0.64000,0.96000,38.400,1.920,-1,400.000,-1,375.000,-1,325.000,325.000,350.000,275.000,500.000,-1,-1,675.000,750.000,725.000,-1,-1,2,0,2,0,2,0,0,0,0,1,2,2,1,0,0,2,2
62,4956.706,-7099.695,19.766,-75.551,0.249534,0.968366,0.000307,-0.968340,0.249525,0.007393,0.007082,-0.002142,0.999973,0,0.72000,1.00000,43.200,2.000,-1,400.000,-1,400.000,-1,325.000,325.000,325.000,275.000,525.000,-1,-1,675.000,750.000,725.000,-1,-1,2,0,2,0,2,0,0,0,0,1,2,2,1,0,0,2,2
63,4969.999,-7144.715,19.816,-73.551,0.283199,0.959058,0.002540,-0.959026,0.283165,0.009348,0.008246,-0.005083,0.999953,0,0.78236,1.00000,46.941,2.000,-1,400.000,-1,400.000,-1,325.000,325.000,325.000,275.000,550.000,-1,-1,650.000,750.000,750.000,-1,-1,2,0,2,0,2,0,0,0,0,1,2,2,1,0,0,2,2
64,4983.167,-7184.746,19.769,-71.791,0.312542,0.949895,0.004050,-0.949858,0.312483,0.011130,0.009306,-0.007326,0.999930,0,0.70236,0.88000,42.141,1.760,-1,400.000,-1,400.000,-1,325.000,325.000,325.000,275.000,575.000,-1,-1,650.000,750.000,750.000,-1,-1,2,0,2,0,2,0,0,0,0,1,2,2,1,0,0,2,2
65,4996.632,-7222.289,19.679,-70.271,0.337651,0.941257,0.005256,-0.941215,0.337564,0.012857,0.010328,-0.009289,0.999904,0,0.66474,0.76000,39.884,1.520,-1,400.000,-1,400.000,-1,325.000,325.000,325.000,275.000,575.000,-1,-1,650.000,725.000,750.000,-1,-1,2,0,2,0,2,0,0,0,0,1,2,2,1,0,0,2,2
66,5010.975,-7259.637,19.540,-68.991,0.358618,0.933463,0.006330,-0.933413,0.358499,0.014767,0.011515,-0.011204,0.999871,0,0.66679,0.64000,40.007,1.280,-1,375.000,-1,400.000,-1,325.000,325.000,300.000,275.000,600.000,-1,-1,650.000,725.000,775.000,-1,-1,2,0,2,0,2,0,0,0,0,1,2,2,1,0,0,2,2
67,5026.033,-7296.812,19.570,-67.951,0.375518,0.926790,0.006803,-0.926734,0.375378,0.015991,0.012266,-0.012309,0.999849,0,0.66849,0.52000,40.110,1.040,-1,375.000,-1,400.000,-1,325.000,325.000,300.000,275.000,600.000,-1,-1,650.000,725.000,775.000,-1,-1,2,0,2,0,2,0,0,0,0,1,2,2,1,0,0,2,2
68,5041.640,-7333.852,20.201,-67.151,0.388419,0.921460,0.006489,-0.921401,0.388282,0.016058,0.012277,-0.012216,0.999850,0,0.66990,0.40000,40.194,0.800,-1,375.000,-1,400.000,-1,325.000,325.000,300.000,275.000,625.000,-1,-1,650.000,725.000,775.000,-1,-1,2,0,2,0,2,0,0,0,0,1,2,2,1,0,0,2,2
69,5057.637,-7370.801,20.782,-66.591,0.397405,0.917622,0.006261,-0.917561,0.397269,0.016076,0.012265,-0.012133,0.999851,0,0.67105,0.28000,40.263,0.560,-1,375.000,-1,400.000,-1,325.000,325.000,300.000,275.000,650.000,-1,-1,675.000,725.000,775.000,-1,-1,2,0,2,0,2,0,0,1,0,1,2,2,1,0,0,2,2
70,5073.863,-7407.713,21.317,-66.271,0.402523,0.915390,0.006108,-0.915328,0.402389,0.016049,0.012233,-0.012051,0.999853,0,0.67201,0.16000,40.320,0.320,-1,375.000,-1,400.000,-1,325.000,325.000,300.000,275.000,675.000,-1,-1,675.000,725.000,775.000,-1,-1,2,0,2,0,2,0,0,1,0,1,2,2,1,0,0,2,2
71,5092.077,-7448.993,21.898,-66.191,0.403798,0.914829,0.005852,-0.914766,0.403667,0.016005,0.012279,-0.011816,0.999855,0,0.75201,0.04000,45.120,0.080,-1,375.000,-1,400.000,-1,325.000,325.000,300.000,300.000,700.000,-1,-1,700.000,725.000,775.000,-1,-1,2,0,2,0,2,0,0,1,0,1,2,2,1,0,0,2,2
72,5110.138,-7490.236,22.467,-66.351,0.401238,0.915957,0.005513,-0.915890,0.401113,0.015944,0.012393,-0.011447,0.999858,0,0.75040,-0.08000,45.024,-0.160,-1,400.000,-1,400.000,-1,325.000,325.000,300.000,300.000,725.000,-1,-1,700.000,750.000,775.000,-1,-1,2,0,2,0,2,0,0,1,0,1,2,2,1,0,0,2,2
73,5127.801,-7531.349,23.023,-66.751,0.394830,0.918740,0.005094,-0.918668,0.394711,0.015864,0.012564,-0.010944,0.999861,0,0.74578,-0.20000,44.747,-0.400,-1,400.000,-1,400.000,-1,325.000,325.000,300.000,300.000,750.000,-1,-1,725.000,750.000,775.000,-1,-1,2,0,2,0,2,0,0,1,0,1,2,2,1,0,0,2,2
74,5144.889,-7572.380,23.569,-67.391,0.384537,0.923098,0.004598,-0.923021,0.384427,0.015765,0.012785,-0.010307,0.999865,0,0.74079,-0.32000,44.447,-0.640,-1,400.000,-1,400.000,-1,325.000,325.000,300.000,300.000,775.000,-1,-1,750.000,750.000,775.000,-1,-1,2,0,2,0,2,0,0,1,0,1,2,2,1,0,0,2,2
75,5161.226,-7613.374,24.108,-68.271,0.370308,0.928900,0.004028,-0.928818,0.370207,0.015647,0.013043,-0.009536,0.999869,0,0.73548,-0.44000,44.129,-0.880,-1,400.000,-1,400.000,-1,325.000,325.000,300.000,300.000,800.000,-1,-1,775.000,750.000,775.000,-1,-1,2,0,2,0,2,0,0,1,0,1,2,2,1,0,0,2,2
76,5176.673,-7654.357,24.645,-69.349,0.352752,0.935711,0.003390,-0.935622,0.352662,0.015517,0.013324,-0.008645,0.999874,0,0.72996,-0.53919,43.798,-1.078,-1,400.000,-1,400.000,-1,325.000,325.000,300.000,300.000,825.000,-1,-1,800.000,775.000,775.000,-1,-1,2,0,2,0,2,0,0,1,0,1,2,2,1,0,0,2,2
77,5191.230,-7695.310,25.185,-70.431,0.335012,0.942210,0.002708,-0.942116,0.334934,0.015381,0.013585,-0.007704,0.999878,0,0.72439,-0.54096,43.463,-1.082,-1,400.000,-1,400.000,-1,325.000,325.000,300.000,300.000,850.000,-1,-1,825.000,775.000,775.000,-1,-1,2,0,2,0,2,0,0,0,0,1,2,2,1,0,0,2,2
78,5204.911,-7736.238,25.730,-71.517,0.317081,0.948396,0.001985,-0.948298,0.317016,0.015243,0.013827,-0.006715,0.999882,0,0.71924,-0.54305,43.154,-1.086,-1,400.000,-1,400.000,-1,325.000,325.000,300.000,300.000,875.000,-1,-1,850.000,775.000,775.000,-1,-1,2,0,2,0,2,0,0,0,0,1,2,2,1,0,0,2,2
79,5217.726,-7777.151,26.278,-72.608,0.298956,0.954266,0.001218,-0.954164,0.298904,0.015107,0.014052,-0.005679,0.999885,0,0.71454,-0.54547,42.872,-1.091,-1,400.000,-1,400.000,-1,325.000,325.000,300.000,300.000,900.000,-1,-1,875.000,800.000,775.000,-1,-1,2,0,2,0,2,0,0,0,0,1,2,2,1,0,0,2,2
80,5229.685,-7818.058,26.821,-73.704,0.280628,0.959816,0.000310,-0.959710,0.280592,0.015018,0.014328,-0.004512,0.999887,0,0.71032,-0.54818,42.619,-1.096,-1,400.000,-1,400.000,-1,325.000,325.000,300.000,275.000,925.000,-1,-1,900.000,800.000,775.000,-1,-1,2,0,2,0,2,0,0,0,0,1,2,2,1,0,0,2,2
81,5240.796,-7858.973,27.377,-74.807,0.262096,0.965042,-0.000623,-0.964932,0.262076,0.014904,0.014546,-0.003305,0.999889,0,0.70662,-0.55118,42.397,-1.102,-1,400.000,-1,400.000,-1,325.000,325.000,300.000,275.000,925.000,-1,-1,925.000,800.000,775.000,-1,-1,2,0,2,0,2,0,0,0,0,1,2,2,1,0,0,2,2
82,5252.479,-7904.702,28.145,-75.669,0.247533,0.968879,-0.001103,-0.968773,0.247523,0.014512,0.014333,-0.002524,0.999894,0,0.78662,-0.43118,47.197,-0.862,-1,400.000,-1,400.000,-1,325.000,325.000,300.000,275.000,925.000,-1,-1,950.000,825.000,775.000,-1,-1,2,0,2,0,2,0,0,0,0,1,2,2,1,0,0,2,2
83,5263.745,-7950.886,28.842,-76.291,0.236990,0.971511,-0.001360,-0.971407,0.236985,0.014359,0.014272,-0.002082,0.999896,0,0.79230,-0.31118,47.538,-0.622,-1,400.000,-1,400.000,-1,325.000,325.000,300.000,275.000,925.000,-1,-1,975.000,825.000,775.000,-1,-1,2,0,2,0,2,0,0,0,0,1,2,2,1,0,0,2,2
84,5274.682,-7997.059,29.359,-76.674,0.230507,0.973070,-0.000848,-0.972973,0.230496,0.013992,0.013810,-0.002400,0.999902,0,0.79084,-0.19118,47.450,-0.382,-1,400.000,-1,400.000,-1,325.000,325.000,300.000,300.000,925.000,-1,-1,1000.000,825.000,750.000,-1,-1,2,0,2,0,2,0,0,0,0,1,2,2,1,0,0,2,2
85,5285.495,-8043.221,29.871,-76.816,0.228094,0.973639,-0.000365,-0.973548,0.228078,0.013596,0.013320,-0.002746,0.999908,0,0.79020,-0.07118,47.412,-0.142,-1,400.000,-1,400.000,-1,325.000,325.000,300.000,300.000,950.000,-1,-1,1000.000,825.000,750.000,-1,-1,2,0,2,0,2,0,0,0,0,1,2,2,1,0,0,2,2
86,5296.389,-8089.371,30.378,-76.718,0.229758,0.973248,0.000091,-0.973164,0.229737,0.013172,0.012798,-0.003115,0.999913,0,0.79030,0.04882,47.418,0.098,-1,400.000,-1,400.000,-1,325.000,325.000,300.000,300.000,975.000,-1,-1,-1,825.000,750.000,-1,-1,2,0,2,0,2,0,0,0,0,1,2,2,2,0,0,2,2
87,5307.565,-8135.498,30.877,-76.381,0.235493,0.971876,0.000521,-0.971799,0.235468,0.012718,0.012238,-0.003502,0.999919,0,0.79103,0.16882,47.462,0.338,-1,400.000,-1,400.000,-1,325.000,325.000,300.000,300.000,975.000,-1,-1,-1,800.000,750.000,-1,-1,2,0,2,0,2,0,0,0,0,1,2,2,2,0,0,2,2
88,5319.224,-8181.585,31.364,-75.803,0.245283,0.969451,0.000927,-0.969382,0.245254,0.012232,0.011631,-0.003899,0.999925,0,0.79232,0.28882,47.539,0.578,-1,400.000,-1,400.000,-1,325.000,325.000,300.000,300.000,1000.000,-1,-1,-1,800.000,750.000,-1,-1,2,0,2,0,2,0,0,0,0,1,2,2,2,0,0,2,2
89,5331.567,-8227.603,31.838,-74.985,0.259095,0.965851,0.001311,-0.965790,0.259062,0.011707,0.010967,-0.004300,0.999931,0,0.79407,0.40882,47.644,0.818,-1,400.000,-1,400.000,-1,325.000,325.000,300.000,300.000,-1,-1,-1,-1,800.000,750.000,-1,-1,2,0,2,0,2,0,0,0,0,2,2,2,2,0,0,2,2
90,5344.793,-8273.509,32.294,-73.928,0.276881,0.960903,0.001677,-0.960850,0.276846,0.011136,0.010237,-0.004695,0.999937,0,0.79623,0.52882,47.774,1.058,-1,400.000,-1,400.000,-1,325.000,325.000,300.000,300.000,-1,-1,-1,-1,800.000,750.000,-1,-1,2,0,2,0,2,0,0,0,0,2,2,2,2,0,0,2,2
91,5359.100,-8319.247,32.730,-72.630,0.298571,0.954385,0.002028,-0.954341,0.298535,0.010511,0.009426,-0.005074,0.999943,0,0.79871,0.64882,47.923,1.298,-1,400.000,-1,400.000,-1,325.000,325.000,300.000,300.000,-1,-1,-1,-1,800.000,750.000,-1,-1,2,0,2,0,2,0,0,0,0,2,2,2,2,0,0,2,2
92,5374.491,-8364.805,33.142,-71.333,0.320093,0.947383,0.002397,-0.947348,0.320056,0.009821,0.008537,-0.005414,0.999949,0,0.80146,0.64835,48.088,1.297,-1,400.000,-1,400.000,-1,325.000,325.000,300.000,300.000,-1,-1,-1,-1,800.000,750.000,-1,-1,2,0,2,0,2,0,0,0,0,2,2,2,2,0,0,2,2
93,5390.958,-8410.161,33.529,-70.047,0.341283,0.939956,0.002790,-0.939930,0.341247,0.009062,0.007566,-0.005715,0.999955,0,0.80422,0.64330,48.253,1.287,-1,400.000,-1,400.000,-1,325.000,325.000,300.000,300.000,-1,-1,-1,-1,800.000,750.000,-1,-1,2,0,2,0,2,0,0,0,0,2,2,2,2,0,0,2,2
94,5408.491,-8455.295,33.891,-68.770,0.362135,0.932120,0.003210,-0.932103,0.362100,0.008231,0.006510,-0.005972,0.999961,0,0.80699,0.63823,48.419,1.276,-1,400.000,-1,400.000,-1,325.000,325.000,300.000,300.000,-1,-1,-1,-1,800.000,750.000,-1,-1,2,0,2,0,2,0,0,0,0,2,2,2,2,0,0,2,2
95,5427.080,-8500.184,34.336,-67.504,0.382646,0.923887,0.003898,-0.923877,0.382609,0.007836,0.005748,-0.006599,0.999962,0,0.80976,0.63315,48.586,1.266,-1,400.000,-1,400.000,-1,325.000,325.000,300.000,300.000,-1,-1,-1,-1,800.000,725.000,-1,-1,2,0,2,0,2,0,0,0,0,2,2,2,2,0,0,2,2
96,5446.717,-8544.806,34.762,-66.248,0.402807,0.915273,0.004598,-0.915271,0.402769,0.007472,0.004987,-0.007218,0.999962,0,0.81253,0.62806,48.752,1.256,-1,400.000,-1,400.000,-1,325.000,325.000,300.000,300.000,-1,-1,-1,-1,800.000,725.000,-1,-1,2,0,2,0,2,0,0,0,0,2,2,2,2,0,0,2,2
97,5467.389,-8589.142,35.145,-65.002,0.422611,0.906296,0.005244,-0.906302,0.422573,0.007017,0.004144,-0.007719,0.999962,0,0.81531,0.62296,48.918,1.246,-1,400.000,-1,400.000,-1,325.000,325.000,300.000,300.000,-1,-1,-1,-1,800.000,725.000,-1,-1,2,0,2,0,2,0,0,0,0,2,2,2,2,0,0,2,2
98,5489.086,-8633.171,35.415,-63.766,0.442056,0.896968,0.005987,-0.896981,0.442017,0.006781,0.003436,-0.008368,0.999959,0,0.81808,0.61785,49.085,1.236,-1,400.000,-1,400.000,-1,325.000,325.000,300.000,300.000,-1,-1,-1,-1,825.000,725.000,-1,-1,2,0,2,0,2,0,0,0,0,2,2,2,2,0,0,2,2
99,5511.796,-8676.873,35.588,-62.541,0.461136,0.887304,0.006771,-0.887325,0.461096,0.006684,0.002808,-0.009090,0.999955,0,0.82084,0.61273,49.251,1.225,-1,400.000,-1,400.000,-1,325.000,325.000,300.000,300.000,-1,-1,-1,-1,825.000,725.000,-1,-1,2,0,2,0,2,0,0,0,0,2,2,2,2,0,0,2,2
100,5536.282,-8722.074,35.756,-61.555,0.476326,0.879238,0.007333,-0.879266,0.476286,0.006552,0.002268,-0.009569,0.999952,0,0.85678,0.49273,51.407,0.985,-1,400.000,-1,400.000,-1,325.000,325.000,300.000,300.000,-1,-1,-1,-1,825.000,700.000,-1,-1,2,0,2,0,2,0,0,0,0,2,2,2,2,0,0,2,2
101,5561.434,-8767.097,35.892,-60.810,0.487722,0.872964,0.007745,-0.872997,0.487684,0.006377,0.001790,-0.009871,0.999950,0,0.85955,0.37273,51.573,0.745,-1,400.000,-1,400.000,-1,325.000,325.000,300.000,300.000,-1,-1,-1,-1,800.000,700.000,-1,-1,2,0,2,0,2,0,0,0,0,2,2,2,2,0,0,2,2
102,5587.065,-8812.040,35.974,-60.305,0.495401,0.868626,0.008149,-0.868663,0.495365,0.006148,0.001303,-0.010125,0.999948,0,0.86229,0.25273,51.737,0.505,-1,400.000,-1,400.000,-1,325.000,325.000,300.000,300.000,-1,-1,-1,-1,800.000,700.000,-1,-1,2,0,2,0,2,0,0,0,0,2,2,2,2,0,0,2,2
103,5612.986,-8857.008,36.001,-60.039,0.499417,0.866320,0.008559,-0.866361,0.499383,0.005880,0.000820,-0.010351,0.999946,0,0.86506,0.13273,51.904,0.265,-1,400.000,-1,400.000,-1,325.000,325.000,300.000,300.000,-1,-1,-1,-1,800.000,700.000,-1,-1,2,0,2,0,2,0,0,0,0,2,2,2,2,0,0,2,2
104,5639.013,-8902.112,36.009,-60.014,0.499799,0.866094,0.009039,-0.866141,0.499766,0.005735,0.000449,-0.010695,0.999943,0,0.86792,0.01273,52.075,0.025,-1,400.000,-1,400.000,-1,325.000,325.000,300.000,300.000,-1,-1,-1,-1,775.000,675.000,-1,-1,2,0,2,0,2,0,0,0,0,2,2,2,2,0,0,2,2
105,5664.960,-8947.470,35.991,-60.228,0.496550,0.867955,0.009588,-0.868008,0.496517,0.005691,0.000179,-0.011148,0.999938,0,0.87091,-0.10727,52.255,-0.215,-1,400.000,-1,375.000,-1,325.000,325.000,300.000,300.000,-1,-1,-1,-1,775.000,675.000,-1,-1,2,0,2,0,2,0,0,0,0,2,2,2,2,0,0,2,2
106,5690.640,-8993.199,35.923,-60.683,0.489646,0.871862,0.010165,-0.871922,0.489613,0.005632,-0.000066,-0.011621,0.999932,0,0.87410,-0.22727,52.446,-0.455,-1,400.000,-1,375.000,-1,325.000,325.000,300.000,300.000,-1,-1,-1,-1,775.000,675.000,-1,-1,2,0,2,0,2,0,0,0,0,2,2,2,2,0,0,2,2
107,5715.862,-9039.415,35.871,-61.377,0.479036,0.877725,0.011077,-0.877795,0.479004,0.005519,-0.000462,-0.012367,0.999923,0,0.87752,-0.34727,52.651,-0.695,-1,400.000,-1,375.000,-1,325.000,325.000,300.000,300.000,-1,-1,-1,-1,750.000,650.000,-1,-1,2,0,2,0,2,0,0,0,0,2,2,2,2,0,0,2,2
108,5740.525,-9086.099,35.832,-62.153,0.467106,0.884116,0.012313,-0.884201,0.467076,0.005349,-0.001021,-0.013385,0.999910,0,0.87997,-0.38771,52.798,-0.775,-1,400.000,-1,375.000,-1,325.000,300.000,300.000,300.000,-1,-1,-1,-1,750.000,650.000,-1,-1,2,0,2,0,2,0,0,0,0,2,2,2,2,0,0,2,2
109,5764.555,-9133.112,35.987,-62.928,0.455098,0.890331,0.014049,-0.890441,0.455056,0.006231,-0.000845,-0.015345,0.999882,0,0.87997,-0.38771,52.798,-0.775,-1,400.000,-1,375.000,1000.000,325.000,300.000,300.000,300.000,-1,-1,-1,-1,725.000,650.000,-1,-1,2,0,2,0,0,0,0,0,0,2,2,2,2,0,0,2,2
110,5787.946,-9180.446,36.342,-63.703,0.443019,0.896364,0.016337,-0.896512,0.442943,0.008166,0.000084,-0.018264,0.999833,0,0.87997,-0.38771,52.798,-0.775,-1,400.000,-1,375.000,1000.000,325.000,300.000,300.000,300.000,-1,-1,-1,-1,725.000,650.000,-1,-1,2,0,2,0,0,0,0,0,0,2,2,2,2,0,0,2,2
111,5810.694,-9228.092,36.655,-64.479,0.430864,0.902223,0.018711,-0.902416,0.430747,0.010085,0.001039,-0.021230,0.999774,0,0.87997,-0.38771,52.798,-0.775,-1,400.000,-1,375.000,1000.000,325.000,300.000,300.000,300.000,-1,-1,-1,-1,700.000,650.000,-1,-1,2,0,2,0,0,0,0,0,0,2,2,2,2,0,0,2,2
112,5832.795,-9276.042,36.959,-65.254,0.418633,0.907910,0.021099,-0.908153,0.418470,0.011847,0.001927,-0.024121,0.999707,0,0.87997,-0.38771,52.798,-0.775,-1,375.000,-1,375.000,-1,300.000,300.000,300.000,300.000,-1,-1,-1,-1,700.000,650.000,-1,-1,2,0,2,0,2,0,0,0,0,2,2,2,2,0,0,2,2
113,5854.246,-9324.286,37.285,-66.030,0.406328,0.913428,0.023399,-0.913723,0.406117,0.013363,0.002704,-0.026810,0.999637,0,0.87997,-0.38771,52.798,-0.775,-1,375.000,-1,350.000,-1,300.000,300.000,300.000,300.000,-1,-1,-1,-1,700.000,650.000,-1,-1,2,0,2,0,2,0,0,0,0,2,2,2,2,0,0,2,2
114,5875.041,-9372.816,38.141,-66.805,0.393989,0.918830,0.022884,-0.919099,0.393714,0.015687,0.005404,-0.027213,0.999615,0,0.87997,-0.38771,52.798,-0.775,-1,375.000,-1,375.000,-1,300.000,300.000,300.000,300.000,-1,-1,-1,-1,700.000,650.000,-1,-1,2,0,2,0,2,0,0,0,0,2,2,2,2,0,0,2,2
115,5895.177,-9421.624,38.973,-67.581,0.381581,0.924064,0.022398,-0.924299,0.381239,0.018115,0.008200,-0.027615,0.999585,0,0.87997,-0.38771,52.798,-0.775,-1,375.000,-1,375.000,-1,325.000,300.000,300.000,300.000,-1,-1,-1,-1,700.000,650.000,-1,-1,2,0,2,0,2,0,0,0,0,2,2,2,2,0,0,2,2
116,5914.651,-9470.699,39.782,-68.356,0.369106,0.929128,0.021950,-0.929321,0.368694,0.020648,0.011091,-0.028020,0.999546,0,0.87997,-0.38771,52.798,-0.775,-1,375.000,-1,375.000,-1,325.000,300.000,300.000,300.000,-1,-1,-1,-1,700.000,650.000,-1,-1,2,0,2,0,2,0,0,0,0,2,2,2,2,0,0,2,2
117,5931.815,-9516.293,40.561,-69.371,0.352646,0.935504,0.021735,-0.935654,0.352167,0.023045,0.013904,-0.028463,0.999498,0,0.81196,-0.50771,48.717,-1.015,-1,400.000,-1,375.000,-1,325.000,300.000,300.000,300.000,-1,750.000,-1,-1,700.000,650.000,-1,-1,2,0,2,0,2,0,0,0,0,2,0,2,2,0,0,2,2
118,5947.975,-9562.252,41.358,-70.627,0.332134,0.942983,0.021691,-0.943081,0.331581,0.025543,0.016895,-0.028940,0.999438,0,0.81196,-0.62771,48.717,-1.255,-1,400.000,-1,375.000,-1,325.000,325.000,300.000,300.000,-1,600.000,825.000,-1,700.000,650.000,-1,-1,2,0,2,0,2,0,0,0,0,2,0,0,2,0,0,2,2
119,5962.931,-9608.618,42.163,-72.122,0.307489,0.951302,0.021804,-0.951339,0.306855,0.028182,0.020118,-0.029409,0.999365,0,0.81196,-0.74771,48.717,-1.495,-1,400.000,-1,375.000,-1,325.000,325.000,325.000,300.000,-1,500.000,675.000,-1,700.000,650.000,-1,-1,2,0,2,0,2,0,0,0,0,2,0,0,2,0,0,2,2
120,5976.476,-9655.414,42.978,-73.858,0.278625,0.960145,0.022137,-0.960110,0.277901,0.030968,0.023582,-0.029882,0.999275,0,0.81196,-0.86771,48.717,-1.735,-1,400.000,-1,375.000,-1,325.000,300.000,325.000,300.000,-1,425.000,575.000,-1,700.000,650.000,-1,-1,2,0,2,0,2,0,0,0,0,2,0,0,2,0,0,2,2
121,5988.399,-9702.650,43.809,-75.833,0.245461,0.969139,0.022757,-0.969022,0.244636,0.033900,0.027287,-0.030373,0.999166,0,0.81196,-0.98771,48.717,-1.975,-1,400.000,-1,375.000,-1,325.000,300.000,300.000,300.000,-1,350.000,450.000,-1,700.000,650.000,-1,-1,2,0,2,0,2,0,0,0,0,2,0,0,2,0,0,2,2
122,5998.667,-9750.274,44.650,-77.833,0.211600,0.977070,0.023651,-0.976861,0.210661,0.036944,0.031115,-0.030921,0.999037,0,0.81196,-1.00000,48.717,-2.000,-1,400.000,-1,375.000,-1,325.000,300.000,300.000,300.000,-1,300.000,375.000,-1,700.000,650.000,-1,-1,2,0,2,0,2,0,0,0,0,2,0,0,2,0,0,2,2
123,6007.266,-9798.227,45.669,-79.833,0.177506,0.983789,0.025513,-0.983513,0.176426,0.039699,0.034555,-0.032140,0.998886,0,0.81196,-1.00000,48.717,-2.000,-1,375.000,-1,375.000,-1,325.000,300.000,300.000,300.000,-1,275.000,350.000,-1,700.000,650.000,-1,-1,2,0,2,0,2,0,0,0,0,2,0,0,2,0,0,2,2
124,6014.188,-9846.450,47.161,-81.833,0.143273,0.989250,0.029270,-0.988955,0.141971,0.042570,0.037957,-0.035046,0.998665,0,0.81196,-1.00000,48.717,-2.000,-1,375.000,-1,375.000,-1,325.000,300.000,300.000,300.000,-1,275.000,325.000,-1,700.000,675.000,-1,-1,2,0,2,0,2,0,0,0,0,2,0,0,2,0,0,2,2
125,6019.421,-9894.886,49.242,-83.833,0.108792,0.993569,0.031375,-0.993234,0.107357,0.044277,0.040624,-0.035980,0.998526,0,0.81196,-1.00000,48.717,-2.000,-1,375.000,-1,375.000,-1,325.000,300.000,300.000,300.000,-1,300.000,350.000,-1,700.000,675.000,-1,-1,2,0,2,0,2,0,0,0,0,2,0,0,2,0,0,2,2
126,6022.961,-9943.475,51.779,-85.833,0.074119,0.996737,0.031949,-0.996307,0.072618,0.045821,0.043352,-0.035228,0.998439,0,0.81196,-1.00000,48.717,-2.000,-1,375.000,-1,375.000,-1,325.000,300.000,300.000,300.000,-1,325.000,375.000,-1,700.000,675.000,-1,-1,2,0,2,0,2,0,0,0,0,2,0,0,2,0,0,2,2
127,6024.802,-9992.158,54.352,-87.833,0.039361,0.998690,0.032694,-0.998163,0.037789,0.047361,0.046064,-0.034498,0.998343,0,0.81196,-1.00000,48.717,-2.000,-1,400.000,-1,375.000,-1,325.000,300.000,300.000,300.000,-1,350.000,400.000,-1,725.000,675.000,-1,-1,2,0,2,0,2,0,0,0,0,2,0,0,2,0,0,2,2
128,6024.944,-10040.875,56.961,-89.833,0.004560,0.999424,0.033618,-0.998800,0.002913,0.048883,0.048757,-0.033800,0.998239,0,0.81196,-1.00000,48.717,-2.000,-1,400.000,-1,375.000,-1,325.000,300.000,300.000,300.000,-1,375.000,425.000,-1,725.000,700.000,-1,-1,2,0,2,0,2,0,0,0,0,2,0,0,2,0,0,2,2
129,6023.385,-10089.568,59.604,-91.833,-0.030240,0.998939,0.034727,-0.998219,-0.031969,0.050371,0.051428,-0.033142,0.998127,0,0.81196,-1.00000,48.717,-2.000,-1,400.000,-1,375.000,-1,325.000,300.000,300.000,300.000,-1,400.000,450.000,-1,750.000,700.000,-1,-1,2,0,2,0,2,0,0,0,0,2,0,0,2,0,0,2,2
130,6020.128,-10138.177,62.279,-93.833,-0.064995,0.997235,0.036027,-0.996419,-0.066814,0.051809,0.054072,-0.032531,0.998007,0,0.81196,-1.00000,48.717,-2.000,-1,400.000,-1,375.000,-1,325.000,300.000,300.000,300.000,-1,425.000,450.000,-1,750.000,700.000,-1,-1,2,0,2,0,2,0,0,0,0,2,0,0,2,0,0,2,2
131,6015.176,-10186.642,64.985,-95.833,-0.099662,0.994314,0.037524,-0.993405,-0.101578,0.053177,0.056686,-0.031977,0.997880,0,0.81196,-1.00000,48.717,-2.000,-1,400.000,-1,375.000,-1,325.000,300.000,300.000,300.000,-1,450.000,475.000,-1,750.000,700.000,-1,-1,2,0,2,0,2,0,0,0,0,2,0,0,2,0,0,2,2
132,6008.536,-10234.906,67.720,-97.833,-0.134197,0.990178,0.039219,-0.989181,-0.136219,0.054457,0.059265,-0.031487,0.997746,0,0.81196,-1.00000,48.717,-2.000,-1,400.000,-1,375.000,-1,325.000,300.000,300.000,300.000,-1,475.000,500.000,-1,775.000,725.000,-1,-1,2,0,2,0,2,0,0,0,0,2,0,0,2,0,0,2,2
133,6000.215,-10282.908,70.659,-99.833,-0.168578,0.984856,0.040502,-0.983712,-0.170699,0.056319,0.062380,-0.030348,0.997591,0,0.81196,-1.00000,48.717,-2.000,-1,400.000,-1,375.000,-1,325.000,300.000,300.000,300.000,-1,500.000,525.000,-1,775.000,725.000,-1,-1,2,0,2,0,2,0,0,0,0,2,0,0,2,0,0,2,2
134,5990.225,-10330.590,73.653,-101.833,-0.202747,0.978333,0.041930,-0.977035,-0.204973,0.058218,0.065551,-0.029164,0.997423,0,0.81196,-1.00000,48.717,-2.000,-1,400.000,-1,375.000,-1,325.000,325.000,300.000,300.000,-1,475.000,525.000,-1,775.000,725.000,-1,-1,2,0,2,0,2,0,0,0,0,2,0,0,2,0,0,2,2
135,5978.576,-10377.895,76.700,-103.833,-0.236660,0.970617,0.043523,-0.969156,-0.239000,0.060131,0.068766,-0.027950,0.997241,0,0.81196,-1.00000,48.717,-2.000,-1,400.000,-1,375.000,-1,325.000,325.000,300.000,300.000,-1,450.000,500.000,-1,800.000,750.000,-1,-1,2,0,2,0,2,0,0,0,0,2,0,0,2,0,0,2,2
