timestep,x_cm,y_cm,z_cm,yaw_deg,basis_xx,basis_xy,basis_xz,basis_yx,basis_yy,basis_yz,basis_zx,basis_zy,basis_zz,teleport_flag,throttle_cmd,steering_cmd,cmd_move_cm,cmd_turn_deg,lidar_cm_0,lidar_cm_1,lidar_cm_2,lidar_cm_3,lidar_cm_4,lidar_cm_5,lidar_cm_6,lidar_cm_7,lidar_cm_8,lidar_cm_9,lidar_cm_10,lidar_cm_11,lidar_cm_12,lidar_cm_13,lidar_cm_14,lidar_cm_15,lidar_cm_16,lidar_class_0,lidar_class_1,lidar_class_2,lidar_class_3,lidar_class_4,lidar_class_5,lidar_class_6,lidar_class_7,lidar_class_8,lidar_class_9,lidar_class_10,lidar_class_11,lidar_class_12,lidar_class_13,lidar_class_14,lidar_class_15,lidar_class_16
0,-5580.196,-4920.014,-115.915,-173.781,-0.993759,0.108307,-0.026704,-0.107829,-0.993993,-0.018738,-0.028573,-0.015741,0.999468,1,0.08000,0.12000,4.800,0.240,-1,400.000,-1,375.000,-1,325.000,325.000,300.000,300.000,-1,-1,-1,-1,750.000,700.000,-1,-1,2,0,2,0,2,0,0,0,0,2,2,2,2,0,0,2,2
1,-5589.731,-4921.134,-116.190,-173.301,-0.992815,0.116630,-0.026768,-0.116145,-0.993050,-0.019040,-0.028802,-0.015794,0.999460,0,0.16000,0.24000,9.600,0.480,-1,400.000,-1,375.000,-1,325.000,325.000,300.000,300.000,-1,-1,-1,-1,725.000,700.000,-1,-1,2,0,2,0,2,0,0,0,0,2,2,2,2,0,0,2,2
2,-5604.010,-4922.993,-116.604,-172.581,-0.991268,0.129100,-0.026867,-0.128602,-0.991505,-0.019496,-0.029156,-0.015871,0.999449,0,0.24000,0.36000,14.400,0.720,-1,400.000,-1,375.000,-1,325.000,325.000,300.000,300.000,-1,-1,-1,-1,725.000,700.000,-1,-1,2,0,2,0,2,0,0,0,0,2,2,2,2,0,0,2,2
3,-5623.005,-4925.791,-117.163,-171.621,-0.988961,0.145693,-0.027004,-0.145180,-0.989201,-0.020111,-0.029643,-0.015968,0.999433,0,0.32000,0.48000,19.200,0.960,-1,400.000,-1,375.000,-1,325.000,325.000,300.000,300.000,-1,-1,-1,-1,725.000,675.000,-1,-1,2,0,2,0,2,0,0,0,0,2,2,2,2,0,0,2,2
4,-5646.671,-4929.785,-117.871,-170.421,-0.985687,0.166377,-0.027182,-0.165843,-0.985931,-0.020888,-0.030275,-0.016081,0.999412,0,0.40000,0.60000,24.000,1.200,-1,400.000,-1,375.000,-1,325.000,325.000,300.000,300.000,-1,-1,-1,-1,725.000,675.000,-1,-1,2,0,2,0,2,0,0,0,0,2,2,2,2,0,0,2,2
5,-5674.940,-4935.289,-118.735,-168.981,-0.981188,0.191101,-0.027400,-0.190540,-0.981437,-0.021830,-0.031063,-0.016199,0.999386,0,0.48000,0.72000,28.800,1.440,-1,400.000,-1,375.000,-1,325.000,325.000,300.000,300.000,-1,-1,-1,-1,725.000,675.000,-1,-1,2,0,2,0,2,0,0,0,0,2,2,2,2,0,0,2,2
6,-5707.718,-4942.675,-119.766,-167.301,-0.975155,0.219792,-0.027658,-0.219199,-0.975411,-0.022939,-0.032020,-0.016306,0.999354,0,0.56000,0.84000,33.600,1.680,-1,400.000,-1,375.000,-1,325.000,325.000,300.000,300.000,-1,-1,-1,-1,725.000,675.000,-1,-1,2,0,2,0,2,0,0,0,0,2,2,2,2,0,0,2,2
7,-5744.890,-4952.306,-120.974,-165.475,-0.967644,0.250767,-0.027949,-0.250136,-0.967908,-0.024208,-0.033123,-0.016433,0.999316,0,0.64000,0.91319,38.400,1.826,-1,400.000,-1,375.000,-1,325.000,300.000,300.000,300.000,-1,-1,-1,-1,700.000,675.000,-1,-1,2,0,2,0,2,0,0,0,0,2,2,2,2,0,0,2,2
8,-5786.341,-4964.476,-122.374,-163.638,-0.959097,0.281663,-0.028261,-0.280988,-0.959369,-0.025620,-0.034329,-0.016632,0.999272,0,0.72000,0.91845,43.200,1.837,-1,400.000,-1,375.000,-1,325.000,300.000,300.000,300.000,-1,-1,-1,-1,700.000,675.000,-1,-1,2,0,2,0,2,0,0,0,0,2,2,2,2,0,0,2,2
9,-5831.936,-4979.478,-124.035,-161.788,-0.949492,0.312495,-0.028500,-0.311779,-0.949773,-0.026931,-0.035485,-0.016685,0.999231,0,0.80000,0.92525,48.000,1.850,-1,375.000,-1,375.000,-1,300.000,300.000,300.000,300.000,-1,-1,-1,-1,700.000,650.000,-1,-1,2,0,2,0,2,0,0,0,0,2,2,2,2,0,0,2,2
10,-5881.164,-4997.473,-125.687,-159.920,-0.938830,0.343277,-0.027566,-0.342519,-0.939070,-0.028792,-0.035770,-0.017588,0.999205,0,0.87356,0.93379,52.414,1.868,-1,375.000,-1,375.000,-1,300.000,300.000,300.000,300.000,-1,-1,-1,-1,675.000,650.000,-1,-1,2,0,2,0,2,0,0,0,0,2,2,2,2,0,0,2,2
11,-5929.841,-5017.109,-127.291,-158.032,-0.927050,0.374027,-0.026116,-0.373229,-0.927226,-0.030838,-0.035750,-0.018842,0.999183,0,0.87480,0.94421,52.488,1.888,-1,375.000,-1,375.000,-1,300.000,300.000,300.000,300.000,-1,-1,-1,-1,675.000,650.000,-1,-1,2,0,2,0,2,0,0,0,0,2,2,2,2,0,0,2,2
12,-5977.969,-5038.417,-128.955,-156.120,-0.914103,0.404736,-0.024569,-0.403904,-0.914214,-0.032785,-0.035731,-0.020045,0.999160,0,0.87724,0.95571,52.634,1.911,-1,375.000,-1,375.000,-1,300.000,300.000,300.000,300.000,-1,-1,-1,-1,675.000,650.000,-1,-1,2,0,2,0,2,0,0,0,0,2,2,2,2,0,0,2,2
13,-6025.549,-5061.435,-130.633,-154.184,-0.899947,0.435389,-0.023050,-0.434527,-0.899995,-0.034561,-0.035792,-0.021088,0.999137,0,0.88093,0.96826,52.856,1.937,-1,375.000,-1,375.000,-1,300.000,300.000,300.000,300.000,-1,-1,-1,-1,650.000,650.000,-1,-1,2,0,2,0,2,0,0,0,0,2,2,2,2,0,0,2,2
14,-6072.577,-5086.210,-132.329,-152.220,-0.884547,0.465964,-0.021331,-0.465085,-0.884530,-0.036083,-0.035681,-0.021996,0.999121,0,0.88591,0.98185,53.155,1.964,-1,375.000,-1,350.000,-1,300.000,300.000,300.000,300.000,-1,-1,-1,-1,650.000,625.000,-1,-1,2,0,2,0,2,0,0,0,0,2,2,2,2,0,0,2,2
15,-6119.043,-5112.791,-133.726,-150.227,-0.867855,0.496448,-0.019166,-0.495630,-0.867801,-0.035664,-0.034338,-0.021452,0.999180,0,0.89221,0.99645,53.532,1.993,-1,375.000,-1,375.000,-1,300.000,300.000,300.000,300.000,-1,-1,-1,-1,650.000,625.000,-1,-1,2,0,2,0,2,0,0,0,0,2,2,2,2,0,0,2,2
16,-6164.638,-5141.031,-135.164,-148.227,-0.850044,0.526438,-0.016975,-0.525684,-0.849957,-0.035068,-0.032889,-0.020886,0.999241,0,0.89387,1.00000,53.632,2.000,-1,375.000,-1,375.000,-1,300.000,300.000,300.000,300.000,-1,-1,-1,-1,650.000,625.000,-1,-1,2,0,2,0,2,0,0,0,0,2,2,2,2,0,0,2,2
17,-6209.219,-5170.845,-136.638,-146.227,-0.831193,0.555787,-0.014769,-0.555100,-0.831077,-0.034275,-0.031324,-0.020291,0.999303,0,0.89387,1.00000,53.632,2.000,-1,375.000,-1,375.000,-1,300.000,300.000,300.000,300.000,-1,-1,-1,-1,650.000,625.000,-1,-1,2,0,2,0,2,0,0,0,0,2,2,2,2,0,0,2,2
18,-6252.733,-5202.196,-138.014,-144.227,-0.811321,0.584466,-0.012524,-0.583871,-0.811193,-0.032568,-0.029195,-0.019111,0.999391,0,0.89387,1.00000,53.632,2.000,-1,375.000,-1,375.000,-1,300.000,300.000,300.000,300.000,-1,-1,-1,-1,650.000,625.000,-1,-1,2,0,2,0,2,0,0,0,0,2,2,2,2,0,0,2,2
19,-6295.126,-5235.047,-139.428,-142.227,-0.790454,0.612434,-0.010337,-0.611929,-0.790319,-0.030647,-0.026939,-0.017899,0.999477,0,0.89387,1.00000,53.632,2.000,-1,375.000,-1,375.000,-1,300.000,300.000,300.000,300.000,-1,-1,-1,-1,675.000,625.000,-1,-1,2,0,2,0,2,0,0,0,0,2,2,2,2,0,0,2,2
20,-6336.347,-5269.357,-140.768,-140.227,-0.768621,0.639652,-0.008212,-0.639221,-0.768475,-0.029033,-0.024882,-0.017066,0.999545,0,0.89387,1.00000,53.632,2.000,-1,375.000,-1,375.000,-1,300.000,300.000,300.000,300.000,-1,-1,-1,-1,675.000,625.000,-1,-1,2,0,2,0,2,0,0,0,0,2,2,2,2,0,0,2,2
21,-6376.345,-5305.086,-141.859,-138.227,-0.745856,0.666080,-0.006063,-0.665691,-0.745681,-0.028553,-0.023539,-0.017260,0.999574,0,0.89387,1.00000,53.632,2.000,-1,375.000,-1,375.000,-1,300.000,300.000,300.000,300.000,-1,-1,-1,-1,675.000,625.000,-1,-1,2,0,2,0,2,0,0,0,0,2,2,2,2,0,0,2,2
22,-6415.072,-5342.188,-142.978,-136.227,-0.722179,0.691695,-0.003884,-0.691353,-0.721978,-0.027899,-0.022101,-0.017463,0.999603,0,0.89387,1.00000,53.632,2.000,-1,375.000,-1,375.000,-1,300.000,300.000,300.000,300.000,-1,675.000,-1,-1,675.000,625.000,-1,-1,2,0,2,0,2,0,0,0,0,2,0,2,2,0,0,2,2
23,-6452.481,-5380.620,-144.114,-134.227,-0.697618,0.716468,-0.001681,-0.716173,-0.697395,-0.027121,-0.020603,-0.017716,0.999631,0,0.89387,1.00000,53.632,2.000,-1,375.000,-1,350.000,-1,300.000,300.000,300.000,300.000,-1,600.000,800.000,-1,675.000,625.000,-1,-1,2,0,2,0,2,0,0,0,0,2,0,0,2,0,0,2,2
24,-6488.525,-5420.333,-145.252,-132.227,-0.672205,0.740365,0.000578,-0.740120,-0.671962,-0.026247,-0.019044,-0.018071,0.999655,0,0.89387,1.00000,53.632,2.000,-1,375.000,-1,350.000,-1,300.000,300.000,300.000,300.000,-1,550.000,700.000,-1,675.000,625.000,-1,-1,2,0,2,0,2,0,0,0,0,2,0,0,2,0,0,2,2
25,-6523.161,-5461.281,-146.177,-130.227,-0.645977,0.763347,0.003922,-0.763173,-0.645699,-0.025304,-0.016784,-0.019339,0.999672,0,0.89387,1.00000,53.632,2.000,-1,375.000,-1,350.000,-1,300.000,300.000,300.000,300.000,-1,500.000,625.000,-1,675.000,625.000,-1,-1,2,0,2,0,2,0,0,0,0,2,0,0,2,0,0,2,2
26,-6556.347,-5503.412,-146.991,-128.227,-0.618954,0.785388,0.007853,-0.785300,-0.618643,-0.024183,-0.014134,-0.021135,0.999677,0,0.89387,1.00000,53.632,2.000,-1,375.000,-1,350.000,-1,300.000,300.000,300.000,300.000,-1,475.000,575.000,-1,675.000,625.000,-1,-1,2,0,2,0,2,0,0,0,0,2,0,0,2,0,0,2,2
27,-6588.042,-5546.676,-147.723,-126.227,-0.591162,0.806460,0.012216,-0.806475,-0.590827,-0.022829,-0.011193,-0.023347,0.999665,0,0.89387,1.00000,53.632,2.000,-1,375.000,-1,375.000,-1,325.000,300.000,300.000,300.000,-1,425.000,550.000,-1,675.000,625.000,-1,-1,2,0,2,0,2,0,0,0,0,2,0,0,2,0,0,2,2
28,-6618.209,-5591.020,-148.467,-124.227,-0.562631,0.826542,0.016556,-0.826667,-0.562291,-0.021231,-0.008239,-0.025631,0.999638,0,0.89387,1.00000,53.632,2.000,-1,375.000,-1,375.000,-1,325.000,300.000,300.000,300.000,-1,425.000,525.000,-1,675.000,625.000,-1,-1,2,0,2,0,2,0,0,0,0,2,0,0,2,0,0,2,2
29,-6644.422,-5632.220,-148.990,-122.467,-0.536945,0.843389,0.019644,-0.843596,-0.536619,-0.019662,-0.006042,-0.027130,0.999614,0,0.81387,0.88000,48.832,1.760,-1,375.000,-1,375.000,-1,325.000,300.000,300.000,300.000,-1,425.000,500.000,-1,675.000,625.000,-1,-1,2,0,2,0,2,0,0,0,0,2,0,0,2,0,0,2,2
30,-6667.065,-5669.983,-149.291,-120.947,-0.514352,0.857310,0.021497,-0.857567,-0.514048,-0.018260,-0.004604,-0.027827,0.999602,0,0.73387,0.76000,44.032,1.520,-1,375.000,-1,375.000,-1,325.000,300.000,300.000,300.000,-1,425.000,475.000,-1,675.000,625.000,-1,-1,2,0,2,0,2,0,0,0,0,2,0,0,2,0,0,2,2
31,-6686.483,-5704.072,-149.560,-119.667,-0.495040,0.868563,0.023120,-0.868864,-0.494760,-0.016973,-0.003303,-0.028490,0.999589,0,0.65387,0.64000,39.232,1.280,-1,375.000,-1,375.000,-1,325.000,300.000,300.000,300.000,-1,425.000,475.000,-1,675.000,625.000,-1,-1,2,0,2,0,2,0,0,0,0,2,0,0,2,0,0,2,2
32,-6702.980,-5734.295,-149.765,-118.627,-0.479164,0.877387,0.024377,-0.877723,-0.478907,-0.015848,-0.002231,-0.028990,0.999577,0,0.57387,0.52000,34.432,1.040,-1,375.000,-1,375.000,-1,325.000,300.000,300.000,300.000,-1,400.000,450.000,-1,675.000,625.000,-1,-1,2,0,2,0,2,0,0,0,0,2,0,0,2,0,0,2,2
33,-6716.812,-5760.500,-149.882,-117.827,-0.466843,0.883982,0.025163,-0.884339,-0.466607,-0.014933,-0.001460,-0.029224,0.999572,0,0.49387,0.40000,29.632,0.800,-1,375.000,-1,375.000,-1,325.000,300.000,300.000,300.000,-1,400.000,450.000,-1,675.000,625.000,-1,-1,2,0,2,0,2,0,0,0,0,2,0,0,2,0,0,2,2
34,-6728.188,-5782.573,-149.973,-117.267,-0.458160,0.888494,0.025821,-0.888869,-0.457942,-0.014182,-0.000776,-0.029449,0.999566,0,0.41387,0.28000,24.832,0.560,-1,375.000,-1,375.000,-1,325.000,300.000,300.000,300.000,-1,400.000,450.000,-1,675.000,625.000,-1,-1,2,0,2,0,2,0,0,0,0,2,0,0,2,0,0,2,2
35,-6737.198,-5800.465,-150.048,-116.729,-0.449777,0.892753,0.026336,-0.893141,-0.449572,-0.013557,-0.000263,-0.029619,0.999561,0,0.33387,0.26913,20.032,0.538,-1,375.000,-1,375.000,-1,300.000,300.000,300.000,300.000,-1,400.000,450.000,-1,675.000,625.000,-1,-1,2,0,2,0,2,0,0,0,0,2,0,0,2,0,0,2,2
36,-6743.921,-5814.133,-150.110,-116.191,-0.441358,0.896934,0.026705,-0.897331,-0.441164,-0.013055,0.000072,-0.029726,0.999558,0,0.25387,0.26913,15.232,0.538,-1,375.000,-1,375.000,-1,300.000,300.000,300.000,300.000,-1,400.000,450.000,-1,675.000,625.000,-1,-1,2,0,2,0,2,0,0,0,0,2,0,0,2,0,0,2,2
37,-6748.437,-5823.536,-150.143,-115.652,-0.432903,0.901039,0.026894,-0.901441,-0.432719,-0.012600,0.000284,-0.029698,0.999559,0,0.17387,0.26913,10.432,0.538,-1,375.000,-1,375.000,-1,300.000,300.000,300.000,300.000,-1,400.000,450.000,-1,675.000,625.000,-1,-1,2,0,2,0,2,0,0,0,0,2,0,0,2,0,0,2,2
38,-6750.827,-5828.636,-150.147,-115.114,-0.424413,0.905069,0.026900,-0.905469,-0.424238,-0.012191,0.000378,-0.029531,0.999564,0,0.09387,0.26913,5.632,0.538,-1,375.000,-1,375.000,-1,300.000,300.000,300.000,300.000,-1,400.000,450.000,-1,675.000,625.000,-1,-1,2,0,2,0,2,0,0,0,0,2,0,0,2,0,0,2,2
39,-6751.173,-5829.392,-150.172,-114.576,-0.415893,0.909017,0.026852,-0.909413,-0.415718,-0.012078,0.000184,-0.029443,0.999566,0,0.01387,0.26913,0.832,0.538,-1,375.000,-1,375.000,-1,300.000,300.000,300.000,300.000,-1,400.000,450.000,-1,675.000,625.000,-1,-1,2,0,2,0,2,0,0,0,0,2,0,0,2,0,0,2,2
40,-6749.557,-5825.768,-150.217,-114.038,-0.407345,0.912882,0.026761,-0.913274,-0.407160,-0.012260,-0.000296,-0.029434,0.999567,0,-0.06613,0.26913,-3.968,0.538,-1,375.000,-1,375.000,-1,300.000,300.000,300.000,300.000,-1,400.000,450.000,-1,675.000,625.000,-1,-1,2,0,2,0,2,0,0,0,0,2,0,0,2,0,0,2,2
41,-6746.061,-5817.727,-150.214,-113.499,-0.398762,0.916672,0.026480,-0.917054,-0.398569,-0.012437,-0.000846,-0.029242,0.999572,0,-0.14613,0.26913,-8.768,0.538,-1,375.000,-1,375.000,-1,325.000,300.000,300.000,300.000,-1,400.000,450.000,-1,675.000,625.000,-1,-1,2,0,2,0,2,0,0,0,0,2,0,0,2,0,0,2,2
42,-6740.768,-5805.234,-150.176,-112.961,-0.390147,0.920384,0.026060,-0.920751,-0.389943,-0.012694,-0.001522,-0.028947,0.999580,0,-0.22613,0.26913,-13.568,0.538,-1,375.000,-1,375.000,-1,325.000,300.000,300.000,300.000,-1,400.000,450.000,-1,675.000,625.000,-1,-1,2,0,2,0,2,0,0,0,0,2,0,0,2,0,0,2,2
43,-6733.762,-5788.255,-150.110,-112.423,-0.381501,0.924016,0.025534,-0.924366,-0.381284,-0.013078,-0.002349,-0.028592,0.999588,0,-0.30613,0.26913,-18.368,0.538,-1,375.000,-1,375.000,-1,325.000,300.000,300.000,300.000,-1,400.000,450.000,-1,675.000,625.000,-1,-1,2,0,2,0,2,0,0,0,0,2,0,0,2,0,0,2,2
44,-6725.126,-5766.756,-149.988,-111.885,-0.372825,0.927570,0.024815,-0.927895,-0.372592,-0.013617,-0.003385,-0.028102,0.999599,0,-0.38613,0.26913,-23.168,0.538,-1,375.000,-1,375.000,-1,325.000,300.000,300.000,300.000,-1,400.000,450.000,-1,675.000,625.000,-1,-1,2,0,2,0,2,0,0,0,0,2,0,0,2,0,0,2,2
45,-6714.946,-5740.707,-149.725,-111.346,-0.364124,0.931053,0.023526,-0.931338,-0.363871,-0.014434,-0.004879,-0.027166,0.999619,0,-0.46613,0.26913,-27.968,0.538,-1,375.000,-1,375.000,-1,325.000,300.000,300.000,300.000,-1,425.000,475.000,-1,675.000,625.000,-1,-1,2,0,2,0,2,0,0,0,0,2,0,0,2,0,0,2,2
46,-6703.529,-5710.663,-149.401,-110.808,-0.355392,0.934456,0.022101,-0.934695,-0.355118,-0.015394,-0.006537,-0.026129,0.999637,0,-0.53567,0.26913,-32.140,0.538,-1,375.000,-1,375.000,-1,325.000,325.000,300.000,300.000,-1,450.000,500.000,-1,675.000,625.000,-1,-1,2,0,2,0,2,0,0,0,0,2,0,0,2,0,0,2,2
47,-6692.394,-5680.513,-149.056,-110.270,-0.346623,0.937776,0.020714,-0.937969,-0.346333,-0.016366,-0.008174,-0.025101,0.999651,0,-0.53567,0.26913,-32.140,0.538,-1,375.000,-1,375.000,-1,325.000,325.000,300.000,300.000,-1,450.000,525.000,-1,675.000,625.000,-1,-1,2,0,2,0,2,0,0,0,0,2,0,0,2,0,0,2,2
48,-6681.543,-5650.260,-148.690,-109.732,-0.337820,0.941011,0.019363,-0.941160,-0.337517,-0.017348,-0.009789,-0.024084,0.999662,0,-0.53567,0.26913,-32.140,0.538,-1,375.000,-1,375.000,-1,325.000,325.000,300.000,300.000,-1,475.000,575.000,-1,675.000,625.000,-1,-1,2,0,2,0,2,0,0,0,0,2,0,0,2,0,0,2,2
49,-6670.977,-5619.907,-148.303,-109.193,-0.328984,0.944163,0.018049,-0.944267,-0.328670,-0.018339,-0.011383,-0.023076,0.999669,0,-0.53567,0.26913,-32.140,0.538,-1,375.000,-1,375.000,-1,325.000,325.000,300.000,300.000,-1,525.000,600.000,-1,675.000,625.000,-1,-1,2,0,2,0,2,0,0,0,0,2,0,0,2,0,0,2,2
50,-6662.124,-5594.040,-147.956,-108.895,-0.324078,0.945878,0.016988,-0.945946,-0.323756,-0.019195,-0.012656,-0.022291,0.999671,0,-0.45567,0.14913,-27.340,0.298,-1,375.000,-1,375.000,-1,325.000,325.000,300.000,300.000,-1,550.000,650.000,-1,675.000,650.000,-1,-1,2,0,2,0,2,0,0,0,0,2,0,0,2,0,0,2,2
51,-6654.865,-5572.700,-147.660,-108.786,-0.322288,0.946504,0.016153,-0.946543,-0.321962,-0.019906,-0.013640,-0.021705,0.999671,0,-0.37567,0.05446,-22.540,0.109,-1,375.000,-1,375.000,-1,325.000,325.000,300.000,300.000,-1,575.000,675.000,-1,675.000,650.000,-1,-1,2,0,2,0,2,0,0,0,0,2,0,0,2,0,0,2,2
52,-6649.184,-5555.895,-147.421,-108.677,-0.320494,0.947124,0.015499,-0.947141,-0.320165,-0.020465,-0.014421,-0.021238,0.999670,0,-0.29567,0.05446,-17.740,0.109,-1,400.000,-1,375.000,-1,325.000,325.000,300.000,300.000,-1,600.000,700.000,-1,675.000,650.000,-1,-1,2,0,2,0,2,0,0,0,0,2,0,0,2,0,0,2,2
53,-6645.064,-5543.628,-147.245,-108.568,-0.318697,0.947738,0.015020,-0.947738,-0.318367,-0.020873,-0.015000,-0.020888,0.999669,0,-0.21567,0.05446,-12.940,0.109,-1,400.000,-1,375.000,-1,325.000,325.000,300.000,300.000,-1,625.000,700.000,-1,675.000,650.000,-1,-1,2,0,2,0,2,0,0,0,0,2,0,0,2,0,0,2,2
54,-6642.486,-5535.907,-147.134,-108.459,-0.316898,0.948346,0.014715,-0.948335,-0.316566,-0.021130,-0.015381,-0.020651,0.999668,0,-0.13567,0.05446,-8.140,0.109,-1,400.000,-1,375.000,-1,325.000,325.000,300.000,300.000,-1,625.000,725.000,-1,675.000,650.000,-1,-1,2,0,2,0,2,0,0,0,0,2,0,0,2,0,0,2,2
55,-6641.435,-5532.736,-147.090,-108.351,-0.315095,0.948948,0.014580,-0.948932,-0.314764,-0.021236,-0.015563,-0.020527,0.999668,0,-0.05567,0.05446,-3.340,0.109,-1,400.000,-1,375.000,-1,325.000,325.000,300.000,300.000,-1,625.000,725.000,-1,675.000,650.000,-1,-1,2,0,2,0,2,0,0,0,0,2,0,0,2,0,0,2,2
56,-6641.892,-5534.123,-147.113,-108.242,-0.313290,0.949545,0.014613,-0.949530,-0.312959,-0.021191,-0.015548,-0.020514,0.999669,0,0.02433,0.05446,1.460,0.109,-1,400.000,-1,375.000,-1,325.000,325.000,300.000,300.000,-1,625.000,725.000,-1,675.000,650.000,-1,-1,2,0,2,0,2,0,0,0,0,2,0,0,2,0,0,2,2
57,-6643.840,-5540.072,-147.205,-108.133,-0.311483,0.950136,0.014813,-0.950128,-0.311153,-0.020994,-0.015338,-0.020614,0.999670,0,0.10433,0.05446,6.260,0.109,-1,400.000,-1,375.000,-1,325.000,325.000,300.000,300.000,-1,625.000,725.000,-1,675.000,650.000,-1,-1,2,0,2,0,2,0,0,0,0,2,0,0,2,0,0,2,2
58,-6647.262,-5550.589,-147.364,-108.024,-0.309674,0.950722,0.015181,-0.950726,-0.309345,-0.020645,-0.014932,-0.020826,0.999672,0,0.18433,0.05446,11.060,0.109,-1,400.000,-1,375.000,-1,325.000,325.000,300.000,300.000,-1,625.000,700.000,-1,675.000,650.000,-1,-1,2,0,2,0,2,0,0,0,0,2,0,0,2,0,0,2,2
59,-6652.140,-5565.680,-147.589,-107.915,-0.307861,0.951301,0.015716,-0.951323,-0.307535,-0.020145,-0.014330,-0.021152,0.999674,0,0.26433,0.05446,15.860,0.109,-1,400.000,-1,375.000,-1,325.000,325.000,300.000,300.000,-1,600.000,700.000,-1,675.000,650.000,-1,-1,2,0,2,0,2,0,0,0,0,2,0,0,2,0,0,2,2
60,-6658.458,-5585.350,-147.878,-107.806,-0.306045,0.951875,0.016419,-0.951921,-0.305724,-0.019491,-0.013533,-0.021595,0.999675,0,0.34433,0.05446,20.660,0.109,-1,375.000,-1,375.000,-1,325.000,325.000,300.000,300.000,-1,575.000,675.000,-1,675.000,650.000,-1,-1,2,0,2,0,2,0,0,0,0,2,0,0,2,0,0,2,2
61,-6666.197,-5609.605,-148.228,-107.697,-0.304226,0.952443,0.017293,-0.952517,-0.303910,-0.018685,-0.012540,-0.022157,0.999676,0,0.42433,0.05446,25.460,0.109,-1,375.000,-1,375.000,-1,325.000,325.000,300.000,300.000,-1,550.000,625.000,-1,675.000,650.000,-1,-1,2,0,2,0,2,0,0,0,0,2,0,0,2,0,0,2,2
62,-6675.341,-5638.451,-148.635,-107.588,-0.302401,0.953004,0.018341,-0.953113,-0.302094,-0.017724,-0.011351,-0.022841,0.999675,0,0.50433,0.05446,30.260,0.109,-1,375.000,-1,375.000,-1,325.000,325.000,300.000,300.000,-1,525.000,600.000,-1,675.000,625.000,-1,-1,2,0,2,0,2,0,0,0,0,2,0,0,2,0,0,2,2
63,-6685.871,-5671.892,-149.095,-107.479,-0.300571,0.953559,0.019565,-0.953708,-0.300277,-0.016609,-0.009963,-0.023651,0.999671,0,0.58433,0.05446,35.060,0.109,-1,375.000,-1,375.000,-1,325.000,325.000,300.000,300.000,-1,500.000,575.000,-1,675.000,625.000,-1,-1,2,0,2,0,2,0,0,0,0,2,0,0,2,0,0,2,2
64,-6697.771,-5709.934,-149.603,-107.370,-0.298733,0.954106,0.020969,-0.954300,-0.298457,-0.015339,-0.008377,-0.024593,0.999662,0,0.66433,0.05446,39.860,0.109,-1,375.000,-1,375.000,-1,325.000,325.000,300.000,300.000,-1,450.000,550.000,-1,675.000,625.000,-1,-1,2,0,2,0,2,0,0,0,0,2,0,0,2,0,0,2,2
65,-6711.023,-5752.582,-150.154,-107.261,-0.296888,0.954646,0.022558,-0.954890,-0.296635,-0.013913,-0.006590,-0.025671,0.999649,0,0.74433,0.05446,44.660,0.109,-1,375.000,-1,375.000,-1,325.000,325.000,300.000,300.000,-1,425.000,500.000,-1,675.000,625.000,-1,-1,2,0,2,0,2,0,0,0,0,2,0,0,2,0,0,2,2
66,-6725.609,-5799.843,-150.739,-107.153,-0.295032,0.955177,0.024338,-0.955476,-0.294810,-0.012329,-0.004601,-0.026892,0.999628,0,0.82433,0.05446,49.460,0.109,-1,375.000,-1,375.000,-1,325.000,300.000,300.000,300.000,-1,400.000,475.000,-1,675.000,625.000,-1,-1,2,0,2,0,2,0,0,0,0,2,0,0,2,0,0,2,2
67,-6740.174,-5847.354,-151.075,-107.044,-0.293177,0.955728,0.025138,-0.956053,-0.292991,-0.010862,-0.003016,-0.027218,0.999625,0,0.82823,0.05446,49.694,0.109,-1,375.000,-1,375.000,-1,300.000,300.000,300.000,300.000,-1,400.000,475.000,-1,675.000,625.000,-1,-1,2,0,2,0,2,0,0,0,0,2,0,0,2,0,0,2,2
68,-6754.650,-5894.892,-150.978,-106.935,-0.291295,0.956305,0.025075,-0.956633,-0.291181,-0.008163,-0.000505,-0.026366,0.999652,0,0.82823,0.05446,49.694,0.109,-1,375.000,-1,375.000,-1,325.000,300.000,300.000,300.000,-1,400.000,450.000,-1,675.000,625.000,-1,-1,2,0,2,0,2,0,0,0,0,2,0,0,2,0,0,2,2
69,-6769.034,-5942.458,-150.807,-106.826,-0.289417,0.956872,0.025182,-0.957201,-0.289367,-0.005681,0.001851,-0.025748,0.999667,0,0.82823,0.05446,49.694,0.109,-1,375.000,-1,350.000,-1,325.000,300.000,300.000,300.000,-1,400.000,450.000,-1,675.000,625.000,-1,-1,2,0,2,0,2,0,0,0,0,2,0,0,2,0,0,2,2
70,-6783.329,-5990.052,-150.466,-106.717,-0.287548,0.957421,0.025713,-0.957759,-0.287548,-0.003786,0.003769,-0.025716,0.999662,0,0.82823,0.05446,49.694,0.109,-1,375.000,-1,350.000,-1,325.000,300.000,325.000,300.000,-1,400.000,450.000,-1,675.000,625.000,-1,-1,2,0,2,0,2,0,0,0,0,2,0,0,2,0,0,2,2
71,-6797.532,-6037.672,-149.750,-106.608,-0.285648,0.957933,0.027759,-0.958313,-0.285717,-0.001513,0.006482,-0.027034,0.999613,0,0.82823,0.05446,49.694,0.109,-1,375.000,-1,375.000,-1,325.000,300.000,325.000,300.000,-1,400.000,450.000,-1,675.000,650.000,-1,-1,2,0,2,0,2,0,0,0,0,2,0,0,2,0,0,2,2
72,-6811.645,-6085.320,-149.018,-106.499,-0.283739,0.958438,0.029810,-0.958858,-0.283885,0.000728,0.009160,-0.028377,0.999555,0,0.82823,0.05446,49.694,0.109,-1,375.000,-1,375.000,-1,325.000,300.000,300.000,300.000,-1,400.000,450.000,-1,675.000,650.000,-1,-1,2,0,2,0,2,0,0,0,0,2,0,0,2,0,0,2,2
73,-6825.667,-6132.994,-148.272,-106.390,-0.281821,0.958938,0.031851,-0.959395,-0.282052,0.002930,0.011793,-0.029732,0.999488,0,0.82823,0.05446,49.694,0.109,-1,375.000,-1,375.000,-1,325.000,300.000,300.000,300.000,-1,400.000,450.000,-1,700.000,650.000,-1,-1,2,0,2,0,2,0,0,0,0,2,0,0,2,0,0,2,2
74,-6838.696,-6177.046,-147.571,-106.477,-0.283178,0.958473,0.033750,-0.958961,-0.283496,0.004943,0.014306,-0.030966,0.999418,0,0.76565,-0.04347,45.939,-0.087,-1,375.000,-1,375.000,-1,325.000,300.000,300.000,300.000,-1,400.000,450.000,-1,700.000,650.000,-1,-1,2,0,2,0,2,0,0,0,0,2,0,0,2,0,0,2,2
75,-6851.793,-6221.079,-146.853,-106.564,-0.284528,0.958004,0.035661,-0.958521,-0.284939,0.006912,0.016783,-0.032215,0.999340,0,0.76565,-0.04347,45.939,-0.087,-1,400.000,-1,375.000,-1,325.000,300.000,300.000,300.000,-1,425.000,450.000,-1,700.000,675.000,-1,-1,2,0,2,0,2,0,0,0,0,2,0,0,2,0,0,2,2
76,-6864.956,-6265.092,-146.120,-106.651,-0.285871,0.957531,0.037582,-0.958075,-0.286380,0.008838,0.019226,-0.033480,0.999254,0,0.76565,-0.04347,45.939,-0.087,-1,400.000,-1,375.000,-1,325.000,300.000,300.000,300.000,-1,400.000,450.000,-1,700.000,675.000,-1,-1,2,0,2,0,2,0,0,0,0,2,0,0,2,0,0,2,2
77,-6878.186,-6309.084,-145.370,-106.738,-0.287206,0.957053,0.039513,-0.957625,-0.287820,0.010720,0.021632,-0.034760,0.999162,0,0.76565,-0.04347,45.939,-0.087,-1,400.000,-1,375.000,-1,325.000,325.000,300.000,300.000,-1,375.000,450.000,-1,700.000,675.000,-1,-1,2,0,2,0,2,0,0,0,0,2,0,0,2,0,0,2,2
78,-6891.482,-6353.057,-144.603,-106.825,-0.288534,0.956572,0.041455,-0.957169,-0.289259,0.012557,0.024003,-0.036056,0.999061,0,0.76565,-0.04347,45.939,-0.087,-1,400.000,-1,375.000,-1,325.000,325.000,300.000,300.000,-1,375.000,450.000,-1,700.000,700.000,-1,-1,2,0,2,0,2,0,0,0,0,2,0,0,2,0,0,2,2
79,-6904.845,-6397.009,-143.820,-106.912,-0.289855,0.956086,0.043406,-0.956708,-0.290696,0.014349,0.026337,-0.037368,0.998954,0,0.76565,-0.04347,45.939,-0.087,-1,400.000,-1,375.000,-1,325.000,325.000,300.000,300.000,-1,350.000,425.000,-1,700.000,700.000,-1,-1,2,0,2,0,2,0,0,0,0,2,0,0,2,0,0,2,2
80,-6918.275,-6440.941,-143.021,-106.999,-0.291170,0.955595,0.045368,-0.956243,-0.292131,0.016096,0.028635,-0.038696,0.998841,0,0.76565,-0.04347,45.939,-0.087,-1,375.000,-1,375.000,-1,325.000,325.000,300.000,300.000,-1,350.000,425.000,-1,700.000,700.000,-1,-1,2,0,2,0,2,0,0,0,0,2,0,0,2,0,0,2,2
81,-6931.772,-6484.853,-141.978,-107.086,-0.292538,0.955135,0.046250,-0.955778,-0.293576,0.017369,0.030167,-0.039124,0.998779,0,0.76565,-0.04347,45.939,-0.087,-1,375.000,-1,375.000,-1,325.000,325.000,300.000,300.000,-1,350.000,425.000,-1,700.000,700.000,-1,-1,2,0,2,0,2,0,0,0,0,2,0,0,2,0,0,2,2
82,-6945.336,-6528.744,-140.647,-107.173,-0.293940,0.954713,0.046071,-0.955301,-0.295032,0.018872,0.031610,-0.038465,0.998760,0,0.76565,-0.04347,45.939,-0.087,-1,375.000,-1,375.000,-1,325.000,325.000,300.000,300.000,-1,375.000,450.000,-1,725.000,725.000,-1,-1,2,0,2,0,2,0,0,0,0,2,0,0,2,0,0,2,2
83,-6958.967,-6572.614,-139.256,-107.260,-0.295343,0.954294,0.045778,-0.954815,-0.296490,0.020541,0.033175,-0.037643,0.998740,0,0.76565,-0.04347,45.939,-0.087,-1,375.000,-1,375.000,-1,325.000,325.000,300.000,300.000,-1,400.000,450.000,-1,725.000,725.000,-1,-1,2,0,2,0,2,0,0,0,0,2,0,0,2,0,0,2,2
84,-6972.664,-6616.463,-137.810,-107.346,-0.296748,0.953865,0.045635,-0.954330,-0.297944,0.021985,0.034567,-0.037027,0.998716,0,0.76565,-0.04347,45.939,-0.087,-1,375.000,-1,375.000,-1,325.000,325.000,300.000,300.000,-1,425.000,475.000,-1,725.000,725.000,-1,-1,2,0,2,0,2,0,0,0,0,2,0,0,2,0,0,2,2
85,-6986.427,-6660.292,-136.094,-107.433,-0.298151,0.953398,0.046238,-0.953867,-0.299387,0.022460,0.035256,-0.037408,0.998678,0,0.76565,-0.04347,45.939,-0.087,-1,375.000,-1,375.000,-1,325.000,325.000,300.000,300.000,-1,450.000,500.000,-1,725.000,725.000,-1,-1,2,0,2,0,2,0,0,0,0,2,0,0,2,0,0,2,2
86,-7000.256,-6704.100,-134.322,-107.520,-0.299538,0.952921,0.047093,-0.953401,-0.300826,0.023015,0.036098,-0.038005,0.998625,0,0.76565,-0.04347,45.939,-0.087,-1,375.000,-1,375.000,-1,325.000,325.000,300.000,300.000,-1,475.000,550.000,-1,725.000,750.000,-1,-1,2,0,2,0,2,0,0,0,0,2,0,0,2,0,0,2,2
87,-7014.152,-6747.887,-132.555,-107.607,-0.300926,0.952443,0.047924,-0.952933,-0.302265,0.023541,0.036907,-0.038585,0.998574,0,0.76565,-0.04347,45.939,-0.087,-1,375.000,-1,375.000,-1,325.000,325.000,300.000,300.000,-1,525.000,575.000,-1,725.000,750.000,-1,-1,2,0,2,0,2,0,0,0,0,2,0,0,2,0,0,2,2
88,-7028.114,-6791.652,-130.794,-107.694,-0.302314,0.951962,0.048731,-0.952463,-0.303703,0.024038,0.037683,-0.039147,0.998523,0,0.76565,-0.04347,45.939,-0.087,-1,375.000,-1,375.000,-1,325.000,325.000,300.000,300.000,-1,550.000,600.000,-1,725.000,750.000,-1,-1,2,0,2,0,2,0,0,0,0,2,0,0,2,0,0,2,2
89,-7042.143,-6835.397,-129.039,-107.781,-0.303702,0.951480,0.049513,-0.951992,-0.305141,0.024507,0.038427,-0.039693,0.998473,0,0.76565,-0.04347,45.939,-0.087,-1,375.000,-1,400.000,-1,325.000,325.000,300.000,300.000,-1,575.000,625.000,-1,725.000,750.000,-1,-1,2,0,2,0,2,0,0,0,0,2,0,0,2,0,0,2,2
90,-7056.239,-6879.120,-127.204,-107.868,-0.305090,0.951009,0.050017,-0.951507,-0.306582,0.025328,0.039422,-0.039864,0.998427,0,0.76565,-0.04347,45.939,-0.087,-1,375.000,-1,400.000,-1,325.000,325.000,300.000,300.000,-1,600.000,650.000,-1,725.000,750.000,-1,-1,2,0,2,0,2,0,0,0,0,2,0,0,2,0,0,2,2
91,-7070.400,-6922.822,-125.356,-107.955,-0.306479,0.950540,0.050442,-0.951018,-0.308024,0.026205,0.040447,-0.039940,0.998383,0,0.76565,-0.04347,45.939,-0.087,-1,375.000,-1,400.000,-1,325.000,325.000,275.000,300.000,-1,625.000,675.000,-1,725.000,775.000,-1,-1,2,0,2,0,2,0,0,0,0,2,0,0,2,0,0,2,2
92,-7084.628,-6966.502,-123.517,-108.042,-0.307869,0.950069,0.050852,-0.950526,-0.309465,0.027040,0.041427,-0.040011,0.998340,0,0.76565,-0.04347,45.939,-0.087,-1,400.000,-1,400.000,-1,325.000,325.000,275.000,300.000,-1,650.000,700.000,-1,750.000,775.000,-1,-1,2,0,2,0,2,0,0,0,0,2,0,0,2,0,0,2,2
93,-7098.717,-7010.151,-121.700,-107.889,-0.305279,0.950882,0.051262,-0.951328,-0.306922,0.027820,0.042187,-0.040274,0.998298,0,0.76444,0.07653,45.866,0.153,-1,400.000,-1,400.000,-1,325.000,325.000,275.000,300.000,-1,675.000,750.000,-1,750.000,775.000,-1,-1,2,0,2,0,2,0,0,0,0,2,0,0,2,0,0,2,2
94,-7112.506,-7053.895,-119.908,-107.496,-0.298700,0.952948,0.051653,-0.953390,-0.300386,0.028560,0.042732,-0.040715,0.998257,0,0.76444,0.19653,45.866,0.393,-1,400.000,-1,400.000,-1,325.000,325.000,275.000,300.000,-1,725.000,775.000,-1,750.000,775.000,-1,-1,2,0,2,0,2,0,0,0,0,2,0,0,2,0,0,2,2
95,-7125.811,-7097.790,-118.147,-106.863,-0.288106,0.956185,0.052011,-0.956630,-0.289832,0.029273,0.043064,-0.041321,0.998217,0,0.76444,0.31653,45.866,0.633,-1,400.000,-1,400.000,-1,325.000,325.000,275.000,300.000,-1,750.000,800.000,-1,750.000,800.000,-1,-1,2,0,2,0,2,0,0,0,0,2,0,0,2,0,0,2,2
96,-7138.530,-7141.857,-116.329,-106.101,-0.275351,0.959942,0.051896,-0.960382,-0.277088,0.029797,0.042983,-0.041635,0.998208,0,0.76444,0.38094,45.866,0.762,-1,400.000,-1,400.000,-1,325.000,325.000,275.000,300.000,-1,775.000,825.000,-1,750.000,800.000,-1,-1,2,0,2,0,2,0,0,0,0,2,0,0,2,0,0,2,2
97,-7150.663,-7186.090,-114.481,-105.339,-0.262574,0.963541,0.051425,-0.963970,-0.264299,0.030134,0.042627,-0.041659,0.998222,0,0.76444,0.38094,45.866,0.762,-1,400.000,-1,400.000,-1,325.000,325.000,275.000,300.000,-1,825.000,875.000,-1,750.000,800.000,-1,-1,2,0,2,0,2,0,0,0,0,2,0,0,2,0,0,2,2
98,-7162.207,-7230.479,-112.669,-104.577,-0.249752,0.966970,0.050927,-0.967388,-0.251463,0.030436,0.042237,-0.041665,0.998238,0,0.76444,0.38094,45.866,0.762,-1,400.000,-1,400.000,-1,325.000,325.000,275.000,300.000,-1,875.000,900.000,-1,750.000,800.000,-1,-1,2,0,2,0,2,0,0,0,0,2,0,0,2,0,0,2,2
99,-7173.159,-7275.019,-110.857,-103.815,-0.236888,0.970224,0.050487,-0.970640,-0.238582,0.030599,0.041733,-0.041756,0.998256,0,0.76444,0.38094,45.866,0.762,-1,400.000,-1,400.000,-1,325.000,325.000,275.000,300.000,-1,925.000,950.000,-1,750.000,800.000,-1,-1,2,0,2,0,2,0,0,0,0,2,0,0,2,0,0,2,2
100,-7183.518,-7319.700,-109.027,-103.053,-0.223983,0.973301,0.050168,-0.973726,-0.225658,0.030595,0.041099,-0.041997,0.998272,0,0.76444,0.38094,45.866,0.762,-1,400.000,-1,400.000,-1,325.000,325.000,275.000,300.000,-1,975.000,975.000,-1,750.000,800.000,-1,-1,2,0,2,0,2,0,0,0,0,2,0,0,2,0,0,2,2
101,-7193.282,-7364.515,-107.232,-102.291,-0.211039,0.976208,0.049812,-0.976639,-0.212694,0.030607,0.040474,-0.042189,0.998289,0,0.76444,0.38094,45.866,0.762,-1,400.000,-1,400.000,-1,325.000,325.000,275.000,300.000,-1,-1,-1,-1,750.000,800.000,-1,-1,2,0,2,0,2,0,0,0,0,2,2,2,2,0,0,2,2
102,-7202.489,-7409.650,-105.467,-101.529,-0.198053,0.978945,0.049413,-0.979381,-0.199687,0.030632,0.039854,-0.042327,0.998309,0,0.76774,0.38112,46.064,0.762,-1,400.000,-1,400.000,-1,325.000,325.000,275.000,300.000,-1,-1,-1,-1,725.000,775.000,-1,-1,2,0,2,0,2,0,0,0,0,2,2,2,2,0,0,2,2
103,-7211.162,-7455.259,-103.722,-100.766,-0.185026,0.981513,0.048968,-0.981950,-0.186639,0.030667,0.039239,-0.042410,0.998329,0,0.77378,0.38133,46.427,0.763,-1,400.000,-1,400.000,-1,325.000,325.000,275.000,300.000,-1,-1,-1,-1,725.000,775.000,-1,-1,2,0,2,0,2,0,0,0,0,2,2,2,2,0,0,2,2
104,-7219.290,-7501.340,-101.919,-100.004,-0.171992,0.983923,0.048113,-0.984351,-0.173558,0.030512,0.038371,-0.042112,0.998376,0,0.77988,0.38138,46.793,0.763,-1,400.000,-1,400.000,-1,325.000,325.000,275.000,300.000,-1,-1,-1,-1,725.000,775.000,-1,-1,2,0,2,0,2,0,0,0,0,2,2,2,2,0,0,2,2
105,-7226.864,-7547.890,-100.133,-99.241,-0.158931,0.986160,0.047208,-0.986577,-0.160451,0.030349,0.037504,-0.041751,0.998424,0,0.78602,0.38127,47.161,0.763,-1,400.000,-1,400.000,-1,325.000,325.000,275.000,300.000,-1,-1,-1,-1,725.000,775.000,-1,-1,2,0,2,0,2,0,0,0,0,2,2,2,2,0,0,2,2
106,-7233.873,-7594.903,-98.375,-98.479,-0.145850,0.988223,0.046295,-0.988627,-0.147325,0.030200,0.036665,-0.041364,0.998471,0,0.79222,0.38099,47.533,0.762,-1,375.000,-1,400.000,-1,325.000,325.000,300.000,300.000,-1,-1,-1,-1,725.000,750.000,-1,-1,2,0,2,0,2,0,0,0,0,2,2,2,2,0,0,2,2
107,-7240.307,-7642.376,-96.642,-97.718,-0.132758,0.990109,0.045374,-0.990500,-0.134188,0.030066,0.035857,-0.040951,0.998518,0,0.79846,0.38053,47.907,0.761,-1,375.000,-1,400.000,-1,325.000,325.000,300.000,300.000,-1,-1,-1,-1,725.000,750.000,-1,-1,2,0,2,0,2,0,0,0,0,2,2,2,2,0,0,2,2
108,-7246.156,-7690.305,-94.934,-96.958,-0.119662,0.991819,0.044444,-0.992195,-0.121049,0.029944,0.035079,-0.040513,0.998563,0,0.80474,0.37989,48.284,0.760,-1,375.000,-1,400.000,-1,325.000,325.000,300.000,300.000,-1,-1,-1,-1,725.000,750.000,-1,-1,2,0,2,0,2,0,0,0,0,2,2,2,2,0,0,2,2
109,-7251.412,-7738.683,-93.250,-96.200,-0.106572,0.993353,0.043505,-0.993712,-0.107918,0.029837,0.034333,-0.040051,0.998608,0,0.81105,0.37905,48.663,0.758,-1,375.000,-1,400.000,-1,325.000,325.000,300.000,300.000,-1,-1,-1,-1,725.000,750.000,-1,-1,2,0,2,0,2,0,0,0,0,2,2,2,2,0,0,2,2
110,-7256.065,-7787.504,-91.589,-95.444,-0.093499,0.994709,0.042557,-0.995052,-0.094803,0.029742,0.033619,-0.039565,0.998651,0,0.81739,0.37801,49.043,0.756,-1,375.000,-1,400.000,-1,325.000,325.000,300.000,300.000,-1,-1,-1,-1,725.000,750.000,-1,1000.000,2,0,2,0,2,0,0,0,0,2,2,2,2,0,0,2,1
111,-7260.107,-7836.763,-89.950,-94.691,-0.080450,0.995890,0.041600,-0.996214,-0.081716,0.029661,0.032938,-0.039057,0.998694,0,0.82374,0.37675,49.425,0.753,-1,375.000,-1,400.000,-1,325.000,325.000,300.000,300.000,-1,-1,-1,-1,700.000,725.000,-1,950.000,2,0,2,0,2,0,0,0,0,2,2,2,2,0,0,2,1
112,-7263.530,-7886.452,-88.290,-93.940,-0.067436,0.996902,0.040482,-0.997194,-0.068666,0.029802,0.032490,-0.038359,0.998736,0,0.83012,0.37526,49.807,0.751,-1,375.000,1000.000,400.000,1000.000,325.000,325.000,300.000,300.000,-1,-1,-1,-1,700.000,725.000,-1,875.000,2,0,1,0,1,0,0,0,0,2,2,2,2,1,1,2,1
113,-7266.326,-7936.564,-86.433,-93.193,-0.054425,0.997718,0.039971,-0.997983,-0.055662,0.030533,0.032688,-0.038229,0.998734,0,0.83649,0.37352,50.189,0.747,-1,375.000,975.000,400.000,925.000,325.000,325.000,300.000,300.000,-1,-1,-1,-1,700.000,700.000,-1,825.000,2,0,1,0,1,0,0,0,0,2,2,2,2,1,1,2,1
114,-7268.488,-7987.089,-84.573,-92.450,-0.041469,0.998358,0.039512,-0.998595,-0.042719,0.031343,0.032979,-0.038157,0.998727,0,0.84286,0.37153,50.571,0.743,-1,375.000,925.000,400.000,875.000,325.000,325.000,300.000,300.000,-1,-1,-1,-1,675.000,650.000,-1,775.000,2,0,1,0,1,0,0,0,0,2,2,2,2,1,1,2,1
115,-7270.010,-8038.019,-82.729,-91.712,-0.028585,0.998829,0.039025,-0.999037,-0.029848,0.032174,0.033301,-0.038068,0.998720,0,0.84921,0.36926,50.952,0.739,-1,375.000,900.000,400.000,800.000,325.000,325.000,300.000,300.000,-1,-1,-1,-1,650.000,600.000,-1,700.000,2,0,1,0,1,0,0,0,0,2,2,2,2,1,1,2,1
116,-7270.886,-8089.342,-80.902,-90.978,-0.015785,0.999133,0.038511,-0.999309,-0.017061,0.033026,0.033654,-0.037963,0.998712,0,0.85552,0.36669,51.331,0.733,-1,375.000,850.000,400.000,725.000,325.000,325.000,300.000,300.000,-1,-1,-1,-1,650.000,575.000,-1,650.000,2,0,1,0,1,0,0,0,0,2,2,2,2,1,1,2,1
117,-7271.112,-8141.049,-79.091,-90.251,-0.003083,0.999274,0.037970,-0.999416,-0.004371,0.033893,0.034035,-0.037843,0.998704,0,0.86179,0.36380,51.707,0.728,-1,375.000,825.000,400.000,675.000,325.000,325.000,300.000,300.000,-1,-1,-1,-1,650.000,525.000,-1,600.000,2,0,1,0,1,0,0,0,0,2,2,2,2,1,1,2,1
118,-7270.685,-8193.127,-77.295,-89.529,0.009507,0.999255,0.037401,-0.999361,0.008206,0.034775,0.034442,-0.037708,0.998695,0,0.86799,0.36058,52.079,0.721,-1,375.000,800.000,400.000,600.000,325.000,325.000,300.000,300.000,-1,-1,-1,-1,650.000,475.000,-1,550.000,2,0,1,1,1,0,0,0,0,2,2,2,2,1,1,2,1
119,-7269.601,-8245.561,-75.514,-88.816,0.021969,0.999081,0.036806,-0.999150,0.020657,0.035668,0.034875,-0.037558,0.998686,0,0.87410,0.35697,52.446,0.714,-1,375.000,775.000,350.000,525.000,325.000,325.000,300.000,300.000,-1,-1,-1,-1,650.000,450.000,-1,475.000,2,1,1,1,1,1,1,0,0,2,2,2,2,1,1,2,1
120,-7267.859,-8298.338,-73.746,-88.110,0.034288,0.998757,0.036183,-0.998787,0.032964,0.036569,0.035331,-0.037393,0.998676,0,0.88009,0.35297,52.805,0.706,-1,350.000,725.000,325.000,475.000,300.000,300.000,300.000,300.000,-1,-1,-1,-1,650.000,400.000,-1,425.000,2,1,1,1,1,1,1,0,0,2,2,2,2,1,1,2,1
121,-7265.459,-8351.440,-71.992,-87.413,0.046447,0.998289,0.035535,-0.998279,0.045113,0.037475,0.035808,-0.037214,0.998666,0,0.88593,0.34852,53.156,0.697,-1,350.000,700.000,300.000,400.000,275.000,275.000,300.000,300.000,-1,-1,975.000,-1,675.000,375.000,-1,375.000,2,1,1,1,1,1,1,0,0,2,2,0,2,1,1,2,1
122,-7262.404,-8404.848,-70.251,-86.725,0.058427,0.997683,0.034862,-0.997631,0.057082,0.038383,0.036304,-0.037022,0.998655,0,0.89159,0.34359,53.496,0.687,-1,325.000,675.000,275.000,325.000,275.000,250.000,300.000,300.000,-1,-1,875.000,-1,750.000,350.000,-1,300.000,2,1,1,1,1,1,1,0,0,2,2,0,2,0,1,2,1
123,-7258.696,-8458.541,-68.522,-86.049,0.070207,0.996947,0.034165,-0.996853,0.068854,0.039289,0.036817,-0.036816,0.998644,0,0.89702,0.33812,53.821,0.676,-1,325.000,650.000,250.000,275.000,250.000,225.000,300.000,300.000,-1,1000.000,825.000,-1,750.000,300.000,-1,250.000,2,1,1,1,1,1,1,0,0,2,0,0,2,0,1,2,1
124,-7254.340,-8512.495,-66.625,-85.385,0.081799,0.996066,0.034093,-0.995941,0.080404,0.040462,0.037561,-0.037264,0.998599,0,0.90216,0.33206,54.130,0.664,-1,325.000,625.000,225.000,200.000,250.000,200.000,300.000,300.000,-1,900.000,750.000,-1,750.000,275.000,-1,200.000,2,1,1,1,1,1,1,0,0,2,0,0,2,0,1,2,1
125,-7249.154,-8571.199,-57.256,-84.961,0.091377,0.994163,0.057369,-0.994077,0.087662,0.064242,0.058838,-0.062899,0.996284,0,0.98216,0.21206,58.930,0.424,-1,350.000,-1,225.000,200.000,250.000,200.000,275.000,350.000,-1,300.000,375.000,-1,875.000,275.000,-1,200.000,2,1,2,1,1,1,1,0,0,2,0,0,2,0,1,2,1
126,-7243.678,-8630.952,-47.528,-84.777,0.097682,0.992164,0.077908,-0.991927,0.090699,0.088629,0.080869,-0.085936,0.993013,0,1.00000,0.09206,60.000,0.184,-1,400.000,-1,225.000,175.000,275.000,225.000,275.000,425.000,850.000,150.000,275.000,-1,-1,300.000,-1,175.000,2,1,2,1,1,1,1,0,0,0,0,0,2,2,1,2,1
127,-7238.256,-8690.712,-38.096,-84.833,0.100664,0.990058,0.098241,-0.989690,0.089534,0.111792,0.101885,-0.108481,0.988864,0,1.00000,-0.02794,60.000,-0.056,-1,475.000,-1,225.000,175.000,300.000,225.000,250.000,500.000,575.000,100.000,225.000,-1,-1,300.000,-1,175.000,2,1,2,1,1,1,1,0,0,0,0,0,2,2,1,2,1
128,-8199.149,-6231.349,-83.939,-20.252,0.937541,0.345980,0.036258,-0.346819,0.937719,0.019992,-0.027083,-0.031318,0.999142,1,0.00000,0.00000,60.000,-0.296,-1,425.000,-1,400.000,-1,325.000,325.000,300.000,300.000,-1,-1,-1,-1,875.000,825.000,-1,-1,2,0,2,0,2,0,0,0,0,2,2,2,2,0,0,2,2
129,-8194.639,-6232.991,-84.082,-20.012,0.938973,0.342051,0.036472,-0.342893,0.939163,0.019917,-0.027440,-0.031207,0.999136,0,0.08000,0.12000,4.800,0.240,-1,425.000,-1,400.000,-1,325.000,325.000,300.000,300.000,-1,-1,-1,-1,875.000,825.000,-1,-1,2,0,2,0,2,0,0,0,0,2,2,2,2,0,0,2,2
130,-8185.597,-6236.217,-84.368,-19.637,0.941176,0.335895,0.036904,-0.336746,0.941388,0.019780,-0.028097,-0.031044,0.999123,0,0.16000,0.18759,9.600,0.375,-1,425.000,-1,400.000,-1,325.000,325.000,300.000,300.000,-1,-1,-1,-1,875.000,825.000,-1,-1,2,0,2,0,2,0,0,0,0,2,2,2,2,0,0,2,2
131,-8172.003,-6240.968,-84.795,-19.262,0.943329,0.329725,0.037564,-0.330590,0.943571,0.019596,-0.028983,-0.030904,0.999102,0,0.24000,0.18759,14.400,0.375,-1,425.000,-1,400.000,-1,325.000,325.000,300.000,300.000,-1,-1,-1,-1,875.000,825.000,-1,-1,2,0,2,0,2,0,0,0,0,2,2,2,2,0,0,2,2
132,-8153.837,-6247.183,-85.365,-18.886,0.945432,0.323541,0.038457,-0.324425,0.945713,0.019369,-0.030103,-0.030789,0.999073,0,0.32000,0.18759,19.200,0.375,-1,425.000,-1,400.000,-1,325.000,325.000,300.000,300.000,-1,-1,-1,-1,875.000,825.000,-1,-1,2,0,2,0,2,0,0,0,0,2,2,2,2,0,0,2,2
133,-8131.078,-6254.802,-86.079,-18.511,0.947484,0.317342,0.039591,-0.318251,0.947814,0.019102,-0.031463,-0.030699,0.999033,0,0.40000,0.18759,24.000,0.375,-1,425.000,-1,400.000,-1,325.000,325.000,300.000,300.000,-1,-1,-1,-1,850.000,825.000,-1,-1,2,0,2,0,2,0,0,0,0,2,2,2,2,0,0,2,2
134,-8103.709,-6263.767,-86.938,-18.136,0.949484,0.311130,0.040973,-0.312069,0.949873,0.018798,-0.033070,-0.030635,0.998983,0,0.48000,0.18759,28.800,0.375,-1,425.000,-1,400.000,-1,325.000,325.000,300.000,300.000,-1,-1,-1,-1,850.000,825.000,-1,-1,2,0,2,0,2,0,0,0,0,2,2,2,2,0,0,2,2
