timestep,x_cm,y_cm,z_cm,yaw_deg,basis_xx,basis_xy,basis_xz,basis_yx,basis_yy,basis_yz,basis_zx,basis_zy,basis_zz,teleport_flag,throttle_cmd,steering_cmd,cmd_move_cm,cmd_turn_deg,lidar_cm_0,lidar_cm_1,lidar_cm_2,lidar_cm_3,lidar_cm_4,lidar_cm_5,lidar_cm_6,lidar_cm_7,lidar_cm_8,lidar_cm_9,lidar_cm_10,lidar_cm_11,lidar_cm_12,lidar_cm_13,lidar_cm_14,lidar_cm_15,lidar_cm_16,lidar_class_0,lidar_class_1,lidar_class_2,lidar_class_3,lidar_class_4,lidar_class_5,lidar_class_6,lidar_class_7,lidar_class_8,lidar_class_9,lidar_class_10,lidar_class_11,lidar_class_12,lidar_class_13,lidar_class_14,lidar_class_15,lidar_class_16
0,-5572.730,-980.480,58.370,-128.035,-0.616537,0.786727,0.030710,-0.787242,-0.615432,-0.038648,-0.011505,-0.048004,0.998781,1,-0.07254,0.12000,-4.352,0.240,-1,375.000,-1,375.000,-1,300.000,300.000,-1,300.000,-1,-1,-1,-1,650.000,625.000,-1,-1,2,0,2,0,2,0,0,2,0,2,2,2,2,0,0,2,2
1,-5570.199,-977.191,58.031,-127.555,-0.609984,0.791801,0.031160,-0.792305,-0.608778,-0.040511,-0.013107,-0.049400,0.998693,0,-0.06917,0.24000,-4.150,0.480,-1,375.000,-1,350.000,-1,300.000,300.000,-1,300.000,-1,-1,-1,-1,650.000,625.000,-1,-1,2,0,2,0,2,0,0,2,0,2,2,2,2,0,0,2,2
2,-5567.885,-974.103,57.603,-126.835,-0.600064,0.799318,0.031827,-0.799808,-0.598728,-0.042791,-0.015148,-0.051133,0.998577,0,-0.06430,0.36000,-3.858,0.720,-1,350.000,-1,350.000,-1,300.000,300.000,-1,300.000,-1,-1,-1,-1,650.000,625.000,-1,-1,2,0,2,0,2,0,0,2,0,2,2,2,2,0,0,2,2
3,-5565.845,-971.285,57.095,-125.875,-0.586688,0.809151,0.032753,-0.809621,-0.585189,-0.045461,-0.017618,-0.053189,0.998429,0,-0.05798,0.48000,-3.479,0.960,-1,350.000,-1,350.000,-1,300.000,300.000,-1,300.000,-1,-1,-1,-1,625.000,625.000,-1,-1,2,0,2,0,2,0,0,2,0,2,2,2,2,0,0,2,2
4,-5564.118,-968.813,56.616,-124.903,-0.572984,0.818870,0.033765,-0.819321,-0.571319,-0.048034,-0.020043,-0.055187,0.998275,0,-0.05025,0.48591,-3.015,0.972,-1,350.000,-1,350.000,-1,300.000,300.000,-1,300.000,-1,-1,-1,-1,625.000,625.000,-1,-1,2,0,2,0,2,0,0,2,0,2,2,2,2,0,0,2,2
5,-5562.687,-966.690,56.159,-123.932,-0.559127,0.828349,0.034836,-0.828780,-0.557296,-0.050450,-0.022376,-0.057079,0.998119,0,-0.04267,0.48566,-2.560,0.971,-1,350.000,-1,350.000,-1,275.000,275.000,-1,325.000,-1,-1,-1,-1,625.000,625.000,-1,1000.000,2,0,2,0,2,0,0,2,0,2,2,2,2,0,0,2,0
6,-5561.533,-964.913,55.723,-122.961,-0.545121,0.837586,0.035962,-0.837996,-0.543124,-0.052719,-0.024625,-0.058874,0.997962,0,-0.03531,0.48543,-2.118,0.971,-1,350.000,-1,350.000,-1,275.000,275.000,-1,325.000,-1,-1,-1,-1,600.000,600.000,-1,975.000,2,0,2,0,2,0,0,2,0,2,2,2,2,0,0,2,0
7,-5560.636,-963.481,55.303,-121.991,-0.530967,0.846578,0.037138,-0.846968,-0.528806,-0.054852,-0.026798,-0.060580,0.997804,0,-0.02816,0.48522,-1.690,0.970,-1,350.000,-1,350.000,-1,275.000,275.000,-1,325.000,-1,-1,-1,-1,600.000,600.000,-1,975.000,2,0,2,0,2,0,0,2,0,2,2,2,2,0,0,2,0
8,-5559.979,-962.390,54.897,-121.020,-0.516671,0.855324,0.038364,-0.855696,-0.514346,-0.056859,-0.028901,-0.062205,0.997645,0,-0.02122,0.48504,-1.273,0.970,-1,325.000,-1,350.000,-1,275.000,275.000,-1,325.000,-1,-1,-1,-1,600.000,600.000,-1,950.000,2,0,2,0,2,0,0,2,0,2,2,2,2,0,0,2,0
9,-5559.542,-961.639,54.503,-120.051,-0.502235,0.863822,0.039635,-0.864177,-0.499746,-0.058749,-0.030941,-0.063757,0.997486,0,-0.01448,0.48490,-0.869,0.970,-1,325.000,-1,350.000,-1,275.000,275.000,-1,325.000,-1,-1,-1,-1,575.000,600.000,-1,950.000,2,0,2,0,2,0,0,2,0,2,2,2,2,0,0,2,0
10,-5559.309,-961.224,54.118,-119.081,-0.487663,0.872071,0.040950,-0.872411,-0.485011,-0.060530,-0.032925,-0.065244,0.997326,0,-0.00792,0.48479,-0.475,0.970,-1,325.000,-1,325.000,-1,275.000,275.000,-1,325.000,-1,-1,-1,-1,575.000,600.000,-1,925.000,2,0,2,0,2,0,0,2,0,2,2,2,2,0,0,2,0
11,-5559.264,-961.143,53.742,-118.112,-0.472957,0.880069,0.042309,-0.880396,-0.470142,-0.062211,-0.034859,-0.066671,0.997166,0,-0.00155,0.48473,-0.093,0.969,-1,325.000,-1,325.000,1000.000,275.000,275.000,-1,325.000,-1,-1,-1,-1,575.000,600.000,-1,925.000,2,0,2,0,0,0,0,2,0,2,2,2,2,0,0,2,0
12,-5559.390,-961.392,53.370,-117.142,-0.458120,0.887815,0.043709,-0.888130,-0.455142,-0.063798,-0.036747,-0.068046,0.997005,0,0.00466,0.48472,0.280,0.969,-1,325.000,-1,325.000,1000.000,275.000,275.000,-1,325.000,-1,-1,-1,-1,575.000,575.000,1000.000,900.000,2,0,2,0,0,0,0,2,0,2,2,2,2,0,0,0,0
13,-5559.672,-961.969,53.002,-116.173,-0.443156,0.895307,0.045150,-0.895613,-0.440014,-0.065300,-0.038597,-0.069374,0.996844,0,0.01071,0.48476,0.643,0.970,-1,325.000,-1,325.000,1000.000,275.000,275.000,-1,325.000,-1,-1,-1,-1,550.000,575.000,975.000,900.000,2,0,2,0,0,0,0,2,0,2,2,2,2,0,0,0,0
14,-5560.094,-962.871,52.638,-115.210,-0.428177,0.902491,0.046620,-0.902791,-0.424873,-0.066711,-0.040398,-0.070652,0.996683,0,0.01661,0.48129,0.996,0.963,-1,325.000,-1,325.000,975.000,275.000,275.000,-1,325.000,-1,-1,-1,-1,550.000,575.000,925.000,900.000,2,0,2,0,0,0,0,2,0,2,2,2,2,0,0,0,0
15,-5560.643,-964.092,52.278,-114.261,-0.413297,0.909325,0.048109,-0.909621,-0.409832,-0.068029,-0.042144,-0.071878,0.996523,0,0.02232,0.47448,1.339,0.949,-1,325.000,-1,325.000,975.000,275.000,275.000,-1,325.000,-1,-1,-1,-1,550.000,575.000,950.000,875.000,2,0,2,0,0,0,0,2,0,2,2,2,2,0,0,1,0
16,-5563.047,-969.740,51.777,-113.072,-0.394496,0.917532,0.050075,-0.917834,-0.390833,-0.069497,-0.044195,-0.073377,0.996325,0,0.10232,0.59448,6.139,1.189,-1,300.000,-1,325.000,950.000,250.000,275.000,-1,325.000,-1,-1,-1,-1,550.000,575.000,-1,875.000,2,0,2,0,0,0,0,2,0,2,2,2,2,0,0,2,0
17,-5567.079,-979.908,51.103,-111.643,-0.371690,0.926865,0.052602,-0.927186,-0.367779,-0.071169,-0.046619,-0.075225,0.996076,0,0.18232,0.71448,10.939,1.429,-1,300.000,-1,325.000,950.000,250.000,275.000,-1,325.000,-1,-1,-1,-1,525.000,575.000,-1,850.000,2,0,2,0,0,0,0,2,0,2,2,2,2,0,0,2,0
18,-5572.462,-994.697,50.233,-110.013,-0.345421,0.936792,0.055725,-0.937146,-0.341207,-0.073049,-0.049418,-0.077455,0.995770,0,0.26232,0.81502,15.739,1.630,-1,300.000,-1,325.000,925.000,250.000,250.000,-1,325.000,-1,-1,-1,-1,525.000,550.000,-1,825.000,2,0,2,0,0,0,0,2,0,2,2,2,2,0,0,2,0
19,-5578.938,-1014.188,49.210,-108.389,-0.319013,0.945901,0.059170,-0.946307,-0.314462,-0.074941,-0.052280,-0.079900,0.995431,0,0.34232,0.81192,20.539,1.624,-1,300.000,-1,325.000,900.000,250.000,250.000,-1,325.000,-1,-1,-1,-1,525.000,550.000,-1,800.000,2,0,2,0,0,0,0,2,0,2,2,2,2,0,0,2,0
20,-5586.243,-1038.450,48.002,-106.766,-0.292402,0.954217,0.063012,-0.954696,-0.287470,-0.076915,-0.055279,-0.082647,0.995045,0,0.42232,0.81182,25.339,1.624,-1,300.000,-1,325.000,900.000,250.000,250.000,-1,350.000,-1,-1,-1,-1,500.000,550.000,-1,800.000,2,0,2,0,0,0,0,2,0,2,2,2,2,0,0,2,0
21,-5594.108,-1067.544,46.577,-105.136,-0.265523,0.961750,0.067333,-0.962329,-0.260149,-0.079029,-0.058489,-0.085781,0.994596,0,0.50232,0.81478,30.139,1.630,-1,275.000,-1,300.000,875.000,250.000,250.000,-1,350.000,-1,-1,-1,-1,500.000,525.000,-1,750.000,2,0,2,0,0,0,0,2,0,2,2,2,2,1,0,2,0
22,-5602.256,-1101.518,44.904,-103.494,-0.238307,0.968500,0.072231,-0.969210,-0.232415,-0.081337,-0.061987,-0.089391,0.994066,0,0.58232,0.82086,34.939,1.642,-1,275.000,-1,300.000,850.000,225.000,250.000,-1,350.000,-1,-1,-1,-1,525.000,525.000,-1,725.000,2,0,2,0,0,0,0,2,0,2,2,2,2,1,0,2,0
23,-5610.399,-1140.413,42.943,-101.834,-0.210687,0.974451,0.077824,-0.975332,-0.204177,-0.083898,-0.065864,-0.093580,0.993431,0,0.66232,0.83016,39.739,1.660,-1,275.000,1000.000,300.000,800.000,225.000,250.000,-1,350.000,-1,-1,-1,-1,525.000,500.000,-1,700.000,2,1,1,0,0,0,0,2,0,2,2,2,2,1,0,2,0
24,-5618.238,-1184.255,40.650,-100.148,-0.182599,0.979570,0.084260,-0.980676,-0.175341,-0.086780,-0.070233,-0.098477,0.992658,0,0.74232,0.84284,44.539,1.686,-1,275.000,950.000,300.000,775.000,225.000,225.000,925.000,350.000,-1,-1,-1,-1,525.000,500.000,-1,650.000,2,1,1,0,0,0,0,1,0,2,2,2,2,1,0,2,0
25,-5625.462,-1233.062,37.972,-98.430,-0.153985,0.983806,0.091732,-0.985205,-0.145806,-0.090067,-0.075234,-0.104244,0.991702,0,0.82232,0.85905,49.339,1.718,-1,275.000,900.000,275.000,725.000,225.000,225.000,900.000,350.000,-1,-1,-1,-1,550.000,475.000,1000.000,600.000,2,1,1,0,0,0,0,1,0,2,2,2,2,1,0,1,0
26,-5631.736,-1286.834,34.234,-96.672,-0.124769,0.986814,0.103105,-0.989046,-0.115440,-0.091982,-0.078866,-0.113452,0.990408,0,0.90232,0.87897,54.139,1.758,-1,275.000,825.000,275.000,725.000,200.000,225.000,825.000,375.000,-1,-1,-1,-1,550.000,475.000,975.000,575.000,2,1,1,0,0,0,0,1,0,2,2,2,2,1,0,1,0
27,-5636.727,-1345.557,30.315,-94.872,-0.094002,0.988834,0.115630,-0.992704,-0.084287,-0.086229,-0.075520,-0.122892,0.989542,0,0.98232,0.90013,58.939,1.800,-1,275.000,800.000,275.000,825.000,200.000,225.000,825.000,375.000,-1,-1,-1,-1,600.000,475.000,950.000,625.000,2,1,1,0,0,0,0,1,0,2,2,2,2,1,0,1,0
28,-5639.906,-1405.469,26.564,-93.055,-0.062966,0.989657,0.128898,-0.995340,-0.052821,-0.080672,-0.073029,-0.133377,0.988371,0,1.00000,0.90846,60.000,1.817,-1,300.000,750.000,275.000,825.000,200.000,225.000,800.000,375.000,-1,0.000,-1,-1,625.000,500.000,950.000,700.000,2,1,1,0,1,0,0,1,0,2,1,2,2,1,0,1,1
29,2951.716,7543.233,-0.257,-53.573,0.591384,0.803426,0.069074,-0.805262,0.592916,-0.002106,-0.042647,-0.054377,0.997609,1,0.00000,0.00000,60.000,1.832,-1,400.000,-1,400.000,-1,325.000,325.000,300.000,300.000,-1,-1,-1,-1,750.000,750.000,-1,-1,2,0,2,0,2,0,0,0,0,2,2,2,2,0,0,2,2
30,2948.854,7547.087,-0.054,-53.408,0.593710,0.801715,0.069005,-0.803545,0.595241,-0.002039,-0.042710,-0.054238,0.997614,0,-0.08000,0.08284,-4.800,0.166,-1,400.000,-1,400.000,-1,325.000,325.000,300.000,300.000,-1,-1,-1,-1,750.000,750.000,-1,-1,2,0,2,0,2,0,0,0,0,2,2,2,2,0,0,2,2
31,2943.109,7554.778,0.353,-53.242,0.596040,0.799997,0.068858,-0.801820,0.597562,-0.001894,-0.042662,-0.054083,0.997625,0,-0.16000,0.08284,-9.600,0.166,-1,400.000,-1,400.000,-1,325.000,325.000,300.000,300.000,-1,-1,-1,-1,750.000,775.000,-1,-1,2,0,2,0,2,0,0,0,0,2,2,2,2,0,0,2,2
32,2934.458,7566.290,0.964,-53.076,0.598373,0.798273,0.068630,-0.800089,0.599879,-0.001671,-0.042504,-0.053910,0.997641,0,-0.24000,0.08284,-14.400,0.166,-1,400.000,-1,400.000,-1,325.000,325.000,300.000,300.000,-1,-1,-1,-1,750.000,775.000,-1,-1,2,0,2,0,2,0,0,0,0,2,2,2,2,0,0,2,2
33,2922.879,7581.606,1.766,-52.911,0.600711,0.796542,0.068325,-0.798352,0.602190,-0.001331,-0.042205,-0.053748,0.997662,0,-0.32000,0.08284,-19.200,0.166,-1,400.000,-1,400.000,-1,325.000,325.000,300.000,300.000,-1,-1,-1,-1,775.000,775.000,-1,-1,2,0,2,0,2,0,0,0,0,2,2,2,2,0,0,2,2
34,2908.350,7600.708,2.749,-52.745,0.603053,0.794803,0.067943,-0.796608,0.604495,-0.000852,-0.041748,-0.053610,0.997689,0,-0.40000,0.08284,-24.000,0.166,-1,400.000,-1,400.000,-1,325.000,325.000,300.000,300.000,-1,-1,-1,-1,775.000,775.000,-1,-1,2,0,2,0,2,0,0,0,0,2,2,2,2,0,0,2,2
35,2893.667,7619.898,3.728,-52.579,0.605391,0.793057,0.067544,-0.794858,0.606796,-0.000365,-0.041275,-0.053467,0.997716,0,-0.40271,0.08284,-24.162,0.166,-1,400.000,-1,400.000,-1,325.000,325.000,300.000,300.000,-1,-1,-1,-1,775.000,775.000,-1,-1,2,0,2,0,2,0,0,0,0,2,2,2,2,0,0,2,2
36,2878.929,7639.045,4.695,-52.413,0.607724,0.791306,0.067130,-0.793100,0.609092,0.000126,-0.040789,-0.053317,0.997744,0,-0.40271,0.08284,-24.162,0.166,-1,400.000,-1,400.000,-1,325.000,325.000,300.000,300.000,-1,-1,-1,-1,775.000,775.000,-1,-1,2,0,2,0,2,0,0,0,0,2,2,2,2,0,0,2,2
37,2864.136,7658.149,5.653,-52.248,0.610054,0.789548,0.066692,-0.791335,0.611383,0.000620,-0.040285,-0.053154,0.997773,0,-0.40271,0.08284,-24.162,0.166,-1,400.000,-1,400.000,-1,325.000,325.000,300.000,300.000,-1,-1,-1,-1,775.000,775.000,-1,-1,2,0,2,0,2,0,0,0,0,2,2,2,2,0,0,2,2
38,2849.287,7677.211,6.598,-52.082,0.612380,0.787784,0.066244,-0.789563,0.613669,0.001117,-0.039772,-0.052987,0.997803,0,-0.40271,0.08284,-24.162,0.166,-1,400.000,-1,400.000,-1,325.000,325.000,300.000,300.000,-1,-1,-1,-1,775.000,775.000,-1,-1,2,0,2,0,2,0,0,0,0,2,2,2,2,0,0,2,2
39,2834.383,7696.229,7.530,-51.916,0.614700,0.786013,0.065783,-0.787784,0.615950,0.001617,-0.039248,-0.052817,0.997833,0,-0.40271,0.08284,-24.162,0.166,-1,400.000,-1,400.000,-1,325.000,325.000,300.000,300.000,-1,-1,-1,-1,800.000,800.000,-1,-1,2,0,2,0,2,0,0,0,0,2,2,2,2,0,0,2,2
40,2819.424,7715.204,8.451,-51.751,0.617016,0.784235,0.065312,-0.785998,0.618226,0.002120,-0.038715,-0.052643,0.997863,0,-0.40271,0.08284,-24.162,0.166,-1,400.000,-1,400.000,-1,325.000,325.000,300.000,300.000,-1,-1,-1,-1,800.000,800.000,-1,-1,2,0,2,0,2,0,0,0,0,2,2,2,2,0,0,2,2
41,2804.411,7734.136,9.359,-51.585,0.619327,0.782452,0.064829,-0.784204,0.620497,0.002626,-0.038171,-0.052466,0.997893,0,-0.40271,0.08284,-24.162,0.166,-1,400.000,-1,400.000,-1,325.000,325.000,300.000,300.000,-1,-1,-1,-1,800.000,800.000,-1,-1,2,0,2,0,2,0,0,0,0,2,2,2,2,0,0,2,2
42,2789.343,7753.025,10.255,-51.419,0.621634,0.780662,0.064335,-0.782404,0.622763,0.003135,-0.037618,-0.052285,0.997923,0,-0.40271,0.08284,-24.162,0.166,-1,400.000,-1,400.000,-1,325.000,325.000,300.000,300.000,-1,-1,-1,-1,800.000,800.000,-1,-1,2,0,2,0,2,0,0,0,0,2,2,2,2,0,0,2,2
43,2774.220,7771.869,11.138,-51.254,0.623935,0.778865,0.063829,-0.780597,0.625024,0.003646,-0.037054,-0.052100,0.997954,0,-0.40271,0.08284,-24.162,0.166,-1,400.000,-1,400.000,-1,325.000,325.000,300.000,300.000,-1,-1,-1,-1,800.000,800.000,-1,-1,2,0,2,0,2,0,0,0,0,2,2,2,2,0,0,2,2
44,2759.042,7790.670,12.032,-51.088,0.626230,0.777065,0.063286,-0.778781,0.627283,0.004046,-0.036554,-0.051820,0.997987,0,-0.40271,0.08284,-24.162,0.166,-1,400.000,-1,400.000,-1,325.000,325.000,300.000,300.000,-1,-1,-1,-1,800.000,800.000,-1,-1,2,0,2,0,2,0,0,0,0,2,2,2,2,0,0,2,2
45,2746.774,7805.650,12.756,-50.682,0.631748,0.772623,0.062837,-0.774316,0.632784,0.004291,-0.036447,-0.051366,0.998015,0,-0.32271,0.20284,-19.362,0.406,-1,400.000,-1,400.000,-1,325.000,325.000,300.000,300.000,-1,-1,-1,-1,800.000,800.000,-1,-1,2,0,2,0,2,0,0,0,0,2,2,2,2,0,0,2,2
46,2737.420,7816.811,13.300,-50.037,0.640436,0.765464,0.062509,-0.767136,0.641469,0.004482,-0.036667,-0.050824,0.998034,0,-0.24271,0.32284,-14.562,0.646,-1,400.000,-1,400.000,-1,325.000,325.000,300.000,300.000,-1,-1,-1,-1,825.000,800.000,-1,-1,2,0,2,0,2,0,0,0,0,2,2,2,2,0,0,2,2
47,2731.034,7824.195,13.665,-49.151,0.652201,0.755481,0.062307,-0.757132,0.653245,0.004619,-0.037213,-0.050187,0.998046,0,-0.16271,0.44284,-9.762,0.886,-1,400.000,-1,400.000,-1,325.000,325.000,300.000,300.000,-1,-1,-1,-1,825.000,800.000,-1,-1,2,0,2,0,2,0,0,0,0,2,2,2,2,0,0,2,2
48,2727.715,7827.885,13.849,-48.025,0.666916,0.742529,0.062231,-0.744159,0.667986,0.004700,-0.038080,-0.049444,0.998051,0,-0.08271,0.56284,-4.962,1.126,-1,400.000,-1,400.000,-1,325.000,325.000,300.000,300.000,-1,-1,-1,-1,800.000,825.000,-1,-1,2,0,2,0,2,0,0,0,0,2,2,2,2,0,0,2,2
49,2727.603,7828.003,13.846,-46.846,0.682043,0.728656,0.062272,-0.730266,0.683146,0.004719,-0.039102,-0.048694,0.998048,0,-0.00271,0.58943,-0.162,1.179,-1,400.000,-1,400.000,-1,325.000,325.000,300.000,300.000,-1,-1,-1,-1,800.000,825.000,-1,-1,2,0,2,0,2,0,0,0,0,2,2,2,2,0,0,2,2
50,2730.844,7824.686,13.646,-45.667,0.696873,0.714473,0.062422,-0.716065,0.698018,0.004670,-0.040235,-0.047953,0.998039,0,0.07729,0.58943,4.638,1.179,-1,400.000,-1,400.000,-1,325.000,325.000,300.000,300.000,-1,-1,-1,-1,800.000,825.000,-1,-1,2,0,2,0,2,0,0,0,0,2,2,2,2,0,0,2,2
51,2737.576,7818.072,13.239,-44.489,0.711401,0.699986,0.062676,-0.701561,0.712595,0.004548,-0.041479,-0.047206,0.998024,0,0.15729,0.58943,9.438,1.179,-1,400.000,-1,400.000,-1,325.000,325.000,300.000,300.000,-1,-1,-1,-1,800.000,825.000,-1,-1,2,0,2,0,2,0,0,0,0,2,2,2,2,0,0,2,2
52,2747.936,7808.306,12.610,-43.310,0.725621,0.685202,0.063026,-0.686760,0.726871,0.004345,-0.042834,-0.046437,0.998002,0,0.23729,0.58943,14.238,1.179,-1,400.000,-1,400.000,-1,325.000,325.000,300.000,300.000,-1,-1,-1,-1,800.000,825.000,-1,-1,2,0,2,0,2,0,0,0,0,2,2,2,2,0,0,2,2
53,2762.054,7795.535,11.746,-42.131,0.739528,0.670128,0.063463,-0.671667,0.740842,0.004056,-0.044298,-0.045626,0.997976,0,0.31729,0.58943,19.038,1.179,-1,400.000,-1,400.000,-1,325.000,325.000,300.000,300.000,-1,-1,-1,-1,800.000,825.000,-1,-1,2,0,2,0,2,0,0,0,0,2,2,2,2,0,0,2,2
54,2780.057,7779.911,10.642,-40.952,0.753115,0.654771,0.063976,-0.656286,0.754504,0.003606,-0.045909,-0.044702,0.997945,0,0.39729,0.58943,23.838,1.179,-1,400.000,-1,400.000,-1,325.000,325.000,300.000,300.000,-1,-1,-1,-1,775.000,825.000,-1,-1,2,0,2,0,2,0,0,0,0,2,2,2,2,0,0,2,2
55,2802.067,7761.589,9.300,-39.773,0.766375,0.639142,0.064554,-0.640619,0.767854,0.002888,-0.047723,-0.043568,0.997910,0,0.47729,0.58943,28.638,1.179,-1,400.000,-1,400.000,-1,325.000,325.000,300.000,300.000,-1,-1,-1,-1,775.000,825.000,-1,-1,2,0,2,0,2,0,0,0,0,2,2,2,2,0,0,2,2
56,2828.201,7740.731,7.673,-38.594,0.779306,0.623243,0.065198,-0.624674,0.780883,0.002029,-0.049648,-0.042308,0.997870,0,0.55729,0.58943,33.438,1.179,-1,400.000,-1,400.000,-1,325.000,325.000,300.000,300.000,-1,-1,-1,-1,775.000,800.000,-1,-1,2,0,2,0,2,0,0,0,0,2,2,2,2,0,0,2,2
57,2858.571,7717.497,5.769,-37.415,0.791905,0.607078,0.065893,-0.608461,0.793583,0.001158,-0.051589,-0.041010,0.997826,0,0.63729,0.58943,38.238,1.179,-1,400.000,-1,400.000,-1,325.000,325.000,300.000,300.000,-1,-1,-1,-1,750.000,800.000,-1,-1,2,0,2,0,2,0,0,0,0,2,2,2,2,0,0,2,2
58,2893.284,7692.057,3.591,-36.237,0.804171,0.590653,0.066614,-0.591989,0.805946,0.000390,-0.053457,-0.039748,0.997779,0,0.71729,0.58943,43.038,1.179,-1,400.000,-1,400.000,-1,325.000,325.000,300.000,300.000,-1,-1,-1,-1,750.000,800.000,-1,-1,2,0,2,0,2,0,0,0,0,2,2,2,2,0,0,2,2
59,2930.235,7666.127,1.225,-35.058,0.816101,0.573977,0.067305,-0.575260,0.817970,-0.000390,-0.055277,-0.038400,0.997732,0,0.75234,0.58943,45.141,1.179,-1,400.000,-1,400.000,-1,325.000,325.000,300.000,300.000,-1,-1,-1,-1,750.000,800.000,-1,-1,2,0,2,0,2,0,0,0,0,2,2,2,2,0,0,2,2
60,2967.711,7640.964,-1.221,-33.879,0.827691,0.557057,0.067931,-0.558282,0.829650,-0.001142,-0.056996,-0.036980,0.997689,0,0.75234,0.58943,45.141,1.179,-1,400.000,-1,400.000,-1,325.000,325.000,300.000,300.000,-1,-1,-1,-1,725.000,800.000,-1,-1,2,0,2,0,2,0,0,0,0,2,2,2,2,0,0,2,2
61,3005.697,7616.576,-3.746,-32.700,0.838938,0.539899,0.068491,-0.541061,0.840981,-0.001871,-0.058610,-0.035489,0.997650,0,0.75234,0.58943,45.141,1.179,-1,400.000,-1,400.000,-1,325.000,325.000,300.000,300.000,-1,-1,-1,-1,725.000,775.000,-1,-1,2,0,2,0,2,0,0,0,0,2,2,2,2,0,0,2,2
62,3044.176,7592.976,-6.348,-31.521,0.849837,0.522512,0.068983,-0.523606,0.851957,-0.002579,-0.060119,-0.033928,0.997614,0,0.75234,0.58943,45.141,1.179,-1,400.000,-1,400.000,-1,325.000,325.000,300.000,300.000,-1,-1,-1,-1,725.000,775.000,-1,-1,2,0,2,0,2,0,0,0,0,2,2,2,2,0,0,2,2
63,3083.133,7570.172,-9.029,-30.342,0.860384,0.504901,0.069384,-0.505921,0.862574,-0.003281,-0.061505,-0.032280,0.997585,0,0.75234,0.58943,45.141,1.179,-1,375.000,-1,400.000,-1,325.000,325.000,300.000,300.000,-1,-1,-1,-1,725.000,750.000,-1,-1,2,0,2,0,2,0,0,0,0,2,2,2,2,0,0,2,2
64,3122.551,7548.174,-11.809,-29.163,0.870577,0.487072,0.069689,-0.488021,0.872823,-0.003846,-0.062699,-0.030662,0.997561,0,0.75234,0.58943,45.141,1.179,-1,375.000,-1,400.000,-1,325.000,325.000,300.000,300.000,-1,-1,-1,-1,700.000,750.000,-1,-1,2,0,2,0,2,0,0,0,0,2,2,2,2,0,0,2,2
65,3162.413,7526.992,-14.663,-27.985,0.880407,0.469036,0.069917,-0.469911,0.882703,-0.004383,-0.063772,-0.028996,0.997543,0,0.75234,0.58943,45.141,1.179,-1,375.000,-1,400.000,-1,325.000,325.000,300.000,300.000,-1,-1,-1,-1,700.000,725.000,-1,-1,2,0,2,0,2,0,0,0,0,2,2,2,2,0,0,2,2
66,3202.703,7506.635,-17.553,-26.806,0.889879,0.450799,0.069961,-0.451588,0.892212,-0.005001,-0.064674,-0.027144,0.997537,0,0.75234,0.58943,45.141,1.179,-1,375.000,-1,400.000,-1,325.000,325.000,300.000,300.000,-1,-1,-1,-1,700.000,725.000,-1,-1,2,0,2,0,2,0,0,0,0,2,2,2,2,0,0,2,2
67,3243.402,7487.110,-20.386,-25.627,0.899020,0.432375,0.069392,-0.433041,0.901355,-0.005919,-0.065106,-0.024729,0.997572,0,0.75234,0.58943,45.141,1.179,-1,375.000,-1,400.000,-1,300.000,325.000,300.000,300.000,-1,-1,-1,-1,700.000,725.000,-1,-1,2,0,2,0,2,0,0,0,0,2,2,2,2,0,0,2,2
68,3284.495,7468.427,-23.270,-24.448,0.907784,0.413764,0.068753,-0.414302,0.910113,-0.006908,-0.065431,-0.022213,0.997610,0,0.75234,0.58943,45.141,1.179,-1,375.000,-1,375.000,-1,300.000,325.000,300.000,300.000,-1,-1,-1,-1,700.000,700.000,-1,-1,2,0,2,0,2,0,0,0,0,2,2,2,2,0,0,2,2
69,3325.963,7450.594,-26.204,-23.269,0.916169,0.394974,0.068049,-0.395379,0.918483,-0.007970,-0.065650,-0.019603,0.997650,0,0.75234,0.58943,45.141,1.179,-1,375.000,-1,375.000,-1,300.000,300.000,300.000,300.000,-1,-1,-1,-1,700.000,700.000,-1,-1,2,0,2,0,2,0,0,0,0,2,2,2,2,0,0,2,2
70,3367.790,7433.617,-29.135,-22.090,0.924155,0.376011,0.067485,-0.376291,0.926458,-0.008997,-0.065905,-0.017080,0.997680,0,0.75234,0.58943,45.141,1.179,-1,375.000,-1,375.000,-1,300.000,300.000,300.000,300.000,-1,-1,-1,-1,675.000,700.000,-1,-1,2,0,2,0,2,0,0,0,0,2,2,2,2,0,0,2,2
71,3409.957,7417.505,-31.926,-20.911,0.931757,0.356882,0.066813,-0.357082,0.934026,-0.009332,-0.065736,-0.015162,0.997722,0,0.75234,0.58943,45.141,1.179,-1,375.000,-1,375.000,-1,300.000,300.000,300.000,300.000,-1,-1,-1,-1,675.000,675.000,-1,-1,2,0,2,0,2,0,0,0,0,2,2,2,2,0,0,2,2
72,3452.446,7402.264,-34.494,-19.732,0.938994,0.337595,0.065724,-0.337783,0.941185,-0.008575,-0.064753,-0.014149,0.997801,0,0.75234,0.58943,45.141,1.179,-1,375.000,-1,375.000,-1,300.000,300.000,300.000,300.000,-1,-1,-1,-1,675.000,675.000,-1,-1,2,0,2,0,2,0,0,0,0,2,2,2,2,0,0,2,2
73,3490.636,7389.268,-36.804,-18.794,0.944484,0.322131,0.064664,-0.322310,0.946601,-0.007939,-0.063768,-0.013343,0.997876,0,0.67234,0.46943,40.341,0.939,-1,375.000,-1,375.000,-1,300.000,300.000,300.000,300.000,-1,-1,-1,-1,675.000,700.000,-1,-1,2,0,2,0,2,0,0,0,0,2,2,2,2,0,0,2,2
74,3524.418,7378.229,-38.847,-18.095,0.948418,0.310564,0.063660,-0.310737,0.950467,-0.007421,-0.062811,-0.012743,0.997944,0,0.59234,0.34943,35.541,0.699,-1,375.000,-1,375.000,-1,300.000,300.000,300.000,300.000,-1,-1,-1,-1,700.000,700.000,-1,-1,2,0,2,0,2,0,0,0,0,2,2,2,2,0,0,2,2
75,3553.714,7368.916,-40.623,-17.636,0.950940,0.302944,0.062754,-0.303115,0.952928,-0.007001,-0.061921,-0.012364,0.998004,0,0.51234,0.22943,30.741,0.459,-1,375.000,-1,375.000,-1,300.000,300.000,300.000,300.000,-1,-1,-1,-1,700.000,700.000,-1,-1,2,0,2,0,2,0,0,0,0,2,2,2,2,0,0,2,2
76,3578.480,7361.199,-42.125,-17.305,0.952727,0.297442,0.061966,-0.297614,0.954663,-0.006656,-0.061136,-0.012101,0.998056,0,0.43234,0.16527,25.941,0.331,-1,375.000,-1,375.000,-1,300.000,300.000,300.000,300.000,-1,-1,-1,-1,700.000,700.000,-1,-1,2,0,2,0,2,0,0,0,0,2,2,2,2,0,0,2,2
77,3598.700,7355.027,-43.349,-16.975,0.954473,0.291931,0.061307,-0.292101,0.956366,-0.006370,-0.060492,-0.011828,0.998099,0,0.35234,0.16527,21.141,0.331,-1,375.000,-1,375.000,-1,300.000,300.000,300.000,325.000,-1,-1,-1,-1,700.000,700.000,-1,-1,2,0,2,0,2,0,0,0,0,2,2,2,2,0,0,2,2
78,3614.355,7350.347,-44.296,-16.644,0.956177,0.286410,0.060787,-0.286576,0.958038,-0.006144,-0.059995,-0.011545,0.998132,0,0.27234,0.16527,16.341,0.331,-1,375.000,-1,375.000,-1,300.000,300.000,300.000,325.000,-1,-1,-1,-1,700.000,700.000,-1,-1,2,0,2,0,2,0,0,0,0,2,2,2,2,0,0,2,2
79,3625.431,7347.105,-44.965,-16.314,0.957840,0.280879,0.060412,-0.281041,0.959677,-0.005978,-0.059655,-0.011252,0.998156,0,0.19234,0.16527,11.541,0.331,-1,375.000,-1,375.000,-1,300.000,300.000,300.000,325.000,-1,-1,-1,-1,700.000,700.000,-1,-1,2,0,2,0,2,0,0,0,0,2,2,2,2,0,0,2,2
80,3631.911,7345.249,-45.355,-15.983,0.959461,0.275339,0.060187,-0.275494,0.961285,-0.005872,-0.059474,-0.010947,0.998170,0,0.11234,0.16527,6.741,0.331,-1,375.000,-1,375.000,-1,300.000,300.000,300.000,325.000,-1,-1,-1,-1,700.000,700.000,-1,-1,2,0,2,0,2,0,0,0,0,2,2,2,2,0,0,2,2
81,3633.780,7344.725,-45.465,-15.653,0.961041,0.269789,0.060117,-0.269936,0.962861,-0.005824,-0.059456,-0.010631,0.998174,0,0.03234,0.16527,1.941,0.331,-1,375.000,-1,375.000,-1,300.000,300.000,300.000,325.000,-1,-1,-1,-1,700.000,700.000,-1,-1,2,0,2,0,2,0,0,0,0,2,2,2,2,0,0,2,2
82,3631.022,7345.481,-45.294,-15.322,0.962579,0.264231,0.060203,-0.264368,0.964404,-0.005831,-0.059601,-0.010303,0.998169,0,-0.04766,0.16527,-2.859,0.331,-1,375.000,-1,375.000,-1,300.000,300.000,300.000,325.000,-1,-1,-1,-1,700.000,700.000,-1,-1,2,0,2,0,2,0,0,0,0,2,2,2,2,0,0,2,2
83,3623.623,7347.462,-44.840,-14.992,0.964074,0.258664,0.060445,-0.258789,0.965916,-0.005892,-0.059909,-0.009963,0.998154,0,-0.12766,0.16527,-7.659,0.331,-1,375.000,-1,375.000,-1,300.000,300.000,300.000,325.000,-1,-1,-1,-1,700.000,700.000,-1,-1,2,0,2,0,2,0,0,0,0,2,2,2,2,0,0,2,2
84,3611.569,7350.615,-44.105,-14.661,0.965528,0.253088,0.060841,-0.253199,0.967395,-0.006001,-0.060376,-0.009611,0.998129,0,-0.20766,0.16527,-12.459,0.331,-1,375.000,-1,375.000,-1,300.000,300.000,300.000,325.000,-1,-1,-1,-1,700.000,675.000,-1,-1,2,0,2,0,2,0,0,0,0,2,2,2,2,0,0,2,2
85,3594.847,7354.887,-43.085,-14.330,0.966940,0.247504,0.061388,-0.247600,0.968843,-0.006156,-0.060999,-0.009247,0.998095,0,-0.28766,0.16527,-17.259,0.331,-1,375.000,-1,375.000,-1,300.000,300.000,300.000,325.000,-1,-1,-1,-1,700.000,675.000,-1,-1,2,0,2,0,2,0,0,0,0,2,2,2,2,0,0,2,2
86,3573.443,7360.224,-41.780,-14.000,0.968310,0.241911,0.062080,-0.241990,0.970258,-0.006355,-0.061771,-0.008869,0.998051,0,-0.36766,0.16527,-22.059,0.331,-1,375.000,-1,375.000,-1,300.000,300.000,300.000,325.000,-1,-1,-1,-1,700.000,675.000,-1,-1,2,0,2,0,2,0,0,0,0,2,2,2,2,0,0,2,2
87,3547.344,7366.571,-40.178,-13.669,0.969642,0.236311,0.062868,-0.236369,0.971641,-0.006624,-0.062650,-0.008437,0.998000,0,-0.44766,0.16527,-26.859,0.331,-1,375.000,-1,375.000,-1,300.000,300.000,300.000,300.000,-1,-1,-1,-1,700.000,675.000,-1,-1,2,0,2,0,2,0,0,0,0,2,2,2,2,0,0,2,2
88,3517.632,7373.616,-38.356,-13.339,0.970933,0.230702,0.063759,-0.230737,0.972991,-0.006914,-0.063632,-0.007999,0.997941,0,-0.50894,0.16527,-30.537,0.331,-1,375.000,-1,375.000,-1,300.000,300.000,300.000,300.000,-1,-1,-1,-1,700.000,675.000,-1,-1,2,0,2,0,2,0,0,0,0,2,2,2,2,0,0,2,2
89,3487.879,7380.489,-36.532,-13.008,0.972192,0.225086,0.064642,-0.225099,0.974309,-0.007182,-0.064597,-0.007568,0.997883,0,-0.50894,0.16527,-30.537,0.331,-1,375.000,-1,375.000,-1,300.000,300.000,300.000,300.000,-1,-1,-1,-1,700.000,675.000,-1,-1,2,0,2,0,2,0,0,0,0,2,2,2,2,0,0,2,2
90,3458.087,7387.191,-34.707,-12.678,0.973419,0.219462,0.065516,-0.219453,0.975595,-0.007430,-0.065548,-0.007145,0.997824,0,-0.50894,0.16527,-30.537,0.331,-1,375.000,-1,375.000,-1,300.000,300.000,300.000,300.000,-1,-1,-1,-1,700.000,675.000,-1,-1,2,0,2,0,2,0,0,0,0,2,2,2,2,0,0,2,2
91,3432.965,7392.782,-33.171,-12.546,0.973873,0.217215,0.066250,-0.217192,0.976099,-0.007645,-0.066327,-0.006944,0.997774,0,-0.42894,0.06597,-25.737,0.132,-1,375.000,-1,375.000,-1,300.000,300.000,300.000,300.000,-1,-1,-1,-1,700.000,675.000,-1,-1,2,0,2,0,2,0,0,0,0,2,2,2,2,0,0,2,2
92,3412.518,7397.282,-31.921,-12.414,0.974331,0.214967,0.066841,-0.214932,0.976598,-0.007809,-0.066956,-0.006758,0.997733,0,-0.34894,0.06597,-20.937,0.132,-1,375.000,-1,375.000,-1,300.000,300.000,300.000,300.000,-1,-1,-1,-1,700.000,675.000,-1,-1,2,0,2,0,2,0,0,0,0,2,2,2,2,0,0,2,2
93,3396.751,7400.715,-30.957,-12.282,0.974794,0.212718,0.067293,-0.212672,0.977091,-0.007925,-0.067437,-0.006586,0.997702,0,-0.26894,0.06597,-16.137,0.132,-1,375.000,-1,375.000,-1,300.000,300.000,300.000,300.000,-1,-1,-1,-1,700.000,675.000,-1,-1,2,0,2,0,2,0,0,0,0,2,2,2,2,0,0,2,2
94,3385.669,7403.101,-30.277,-12.150,0.975260,0.210468,0.067608,-0.210414,0.977580,-0.007997,-0.067775,-0.006426,0.997680,0,-0.18894,0.06597,-11.337,0.132,-1,375.000,-1,375.000,-1,300.000,300.000,300.000,300.000,-1,-1,-1,-1,700.000,675.000,-1,-1,2,0,2,0,2,0,0,0,0,2,2,2,2,0,0,2,2
95,3374.597,7405.458,-29.599,-12.018,0.975722,0.208216,0.067921,-0.208154,0.978063,-0.008066,-0.068110,-0.006268,0.997658,0,-0.18867,0.06597,-11.320,0.132,-1,375.000,-1,375.000,-1,300.000,300.000,300.000,300.000,-1,-1,-1,-1,700.000,675.000,-1,-1,2,0,2,0,2,0,0,0,0,2,2,2,2,0,0,2,2
96,3363.519,7407.790,-28.920,-11.886,0.976178,0.205963,0.068233,-0.205894,0.978541,-0.008133,-0.068444,-0.006110,0.997636,0,-0.18867,0.06597,-11.320,0.132,-1,375.000,-1,375.000,-1,300.000,300.000,300.000,300.000,-1,-1,-1,-1,700.000,675.000,-1,-1,2,0,2,0,2,0,0,0,0,2,2,2,2,0,0,2,2
97,3352.437,7410.096,-28.241,-11.754,0.976629,0.203710,0.068545,-0.203632,0.979013,-0.008197,-0.068776,-0.005953,0.997614,0,-0.18867,0.06597,-11.320,0.132,-1,375.000,-1,375.000,-1,300.000,300.000,300.000,300.000,-1,-1,-1,-1,700.000,675.000,-1,-1,2,0,2,0,2,0,0,0,0,2,2,2,2,0,0,2,2
98,3341.348,7412.376,-27.562,-11.622,0.977075,0.201455,0.068855,-0.201369,0.979481,-0.008258,-0.069106,-0.005797,0.997592,0,-0.18867,0.06597,-11.320,0.132,-1,375.000,-1,375.000,-1,300.000,300.000,300.000,300.000,-1,-1,-1,-1,700.000,675.000,-1,-1,2,0,2,0,2,0,0,0,0,2,2,2,2,0,0,2,2
99,3330.255,7414.631,-26.823,-11.490,0.977524,0.199199,0.069038,-0.199122,0.979942,-0.008068,-0.069260,-0.005861,0.997581,0,-0.18867,0.06597,-11.320,0.132,-1,375.000,-1,375.000,-1,300.000,300.000,300.000,300.000,-1,-1,-1,-1,700.000,675.000,-1,-1,2,0,2,0,2,0,0,0,0,2,2,2,2,0,0,2,2
100,3319.157,7416.861,-26.064,-11.358,0.977972,0.196941,0.069175,-0.196879,0.980397,-0.007789,-0.069353,-0.006001,0.997574,0,-0.18867,0.06597,-11.320,0.132,-1,375.000,-1,375.000,-1,300.000,300.000,300.000,300.000,-1,-1,-1,-1,700.000,675.000,-1,-1,2,0,2,0,2,0,0,0,0,2,2,2,2,0,0,2,2
101,3308.053,7419.065,-25.294,-11.226,0.978411,0.194683,0.069351,-0.194638,0.980847,-0.007476,-0.069478,-0.006184,0.997564,0,-0.18867,0.06597,-11.320,0.132,-1,375.000,-1,375.000,-1,300.000,300.000,300.000,300.000,-1,-1,-1,-1,700.000,675.000,-1,-1,2,0,2,0,2,0,0,0,0,2,2,2,2,0,0,2,2
102,3296.945,7421.243,-24.512,-11.094,0.978843,0.192424,0.069569,-0.192398,0.981291,-0.007125,-0.069639,-0.006411,0.997552,0,-0.18867,0.06597,-11.320,0.132,-1,375.000,-1,375.000,-1,300.000,300.000,300.000,300.000,-1,-1,-1,-1,700.000,675.000,-1,-1,2,0,2,0,2,0,0,0,0,2,2,2,2,0,0,2,2
103,3285.831,7423.396,-23.729,-10.963,0.979269,0.190163,0.069785,-0.190158,0.981730,-0.006775,-0.069799,-0.006636,0.997539,0,-0.18867,0.06597,-11.320,0.132,-1,375.000,-1,375.000,-1,300.000,300.000,300.000,300.000,-1,-1,-1,-1,700.000,675.000,-1,-1,2,0,2,0,2,0,0,0,0,2,2,2,2,0,0,2,2
104,3274.712,7425.523,-22.948,-10.831,0.979690,0.187901,0.069999,-0.187917,0.982164,-0.006424,-0.069957,-0.006860,0.997526,0,-0.18867,0.06597,-11.320,0.132,-1,375.000,-1,375.000,-1,300.000,300.000,300.000,300.000,-1,-1,-1,-1,700.000,675.000,-1,-1,2,0,2,0,2,0,0,0,0,2,2,2,2,0,0,2,2
105,3263.589,7427.625,-22.166,-10.699,0.980107,0.185639,0.070210,-0.185675,0.982592,-0.006074,-0.070115,-0.007083,0.997514,0,-0.18867,0.06597,-11.320,0.132,-1,375.000,-1,375.000,-1,300.000,300.000,300.000,300.000,-1,-1,-1,-1,700.000,700.000,-1,-1,2,0,2,0,2,0,0,0,0,2,2,2,2,0,0,2,2
106,3252.461,7429.701,-21.385,-10.567,0.980518,0.183375,0.070419,-0.183432,0.983016,-0.005723,-0.070272,-0.007305,0.997501,0,-0.18867,0.06597,-11.320,0.132,-1,375.000,-1,375.000,-1,300.000,300.000,300.000,300.000,-1,-1,-1,-1,700.000,700.000,-1,-1,2,0,2,0,2,0,0,0,0,2,2,2,2,0,0,2,2
107,3241.328,7431.751,-20.604,-10.435,0.980923,0.181111,0.070625,-0.181188,0.983434,-0.005373,-0.070428,-0.007526,0.997488,0,-0.18867,0.06597,-11.320,0.132,-1,375.000,-1,375.000,-1,300.000,300.000,300.000,300.000,-1,-1,-1,-1,700.000,700.000,-1,-1,2,0,2,0,2,0,0,0,0,2,2,2,2,0,0,2,2
108,3230.190,7433.776,-19.792,-10.303,0.981333,0.178846,0.070704,-0.178934,0.983848,-0.005133,-0.070480,-0.007615,0.997484,0,-0.18867,0.06597,-11.320,0.132,-1,375.000,-1,375.000,-1,300.000,300.000,300.000,300.000,-1,-1,-1,-1,700.000,700.000,-1,-1,2,0,2,0,2,0,0,0,0,2,2,2,2,0,0,2,2
109,3219.048,7435.775,-18.972,-10.171,0.981740,0.176580,0.070753,-0.176678,0.984256,-0.004918,-0.070508,-0.007672,0.997482,0,-0.18867,0.06597,-11.320,0.132,-1,375.000,-1,375.000,-1,300.000,300.000,300.000,300.000,-1,-1,-1,-1,700.000,700.000,-1,-1,2,0,2,0,2,0,0,0,0,2,2,2,2,0,0,2,2
110,3207.901,7437.748,-18.157,-10.039,0.982142,0.174312,0.070792,-0.174422,0.984660,-0.004684,-0.070522,-0.007747,0.997480,0,-0.18867,0.06597,-11.320,0.132,-1,375.000,-1,375.000,-1,300.000,325.000,300.000,300.000,-1,-1,-1,-1,700.000,700.000,-1,-1,2,0,2,0,2,0,0,0,0,2,2,2,2,0,0,2,2
111,3196.750,7439.696,-17.343,-9.907,0.982540,0.172044,0.070830,-0.172165,0.985058,-0.004449,-0.070537,-0.007823,0.997479,0,-0.18867,0.06597,-11.320,0.132,-1,375.000,-1,375.000,-1,300.000,325.000,300.000,300.000,-1,-1,-1,-1,700.000,700.000,-1,-1,2,0,2,0,2,0,0,0,0,2,2,2,2,0,0,2,2
112,3185.594,7441.618,-16.529,-9.775,0.982931,0.169775,0.070867,-0.169907,0.985451,-0.004214,-0.070551,-0.007899,0.997477,0,-0.18867,0.06597,-11.320,0.132,-1,375.000,-1,375.000,-1,300.000,325.000,300.000,300.000,-1,-1,-1,-1,700.000,700.000,-1,-1,2,0,2,0,2,0,0,0,0,2,2,2,2,0,0,2,2
113,3174.434,7443.514,-15.717,-9.643,0.983318,0.167506,0.070903,-0.167648,0.985839,-0.003977,-0.070565,-0.007976,0.997475,0,-0.18867,0.06597,-11.320,0.132,-1,375.000,-1,375.000,-1,300.000,325.000,300.000,300.000,-1,-1,-1,-1,700.000,700.000,-1,-1,2,0,2,0,2,0,0,0,0,2,2,2,2,0,0,2,2
114,3163.269,7445.384,-14.904,-9.511,0.983700,0.165235,0.070939,-0.165389,0.986221,-0.003740,-0.070580,-0.008054,0.997474,0,-0.18867,0.06597,-11.320,0.132,-1,375.000,-1,375.000,-1,325.000,325.000,300.000,300.000,-1,-1,-1,-1,700.000,700.000,-1,-1,2,0,2,0,2,0,0,0,0,2,2,2,2,0,0,2,2
115,3152.100,7447.229,-14.093,-9.379,0.984076,0.162963,0.070975,-0.163128,0.986599,-0.003501,-0.070594,-0.008132,0.997472,0,-0.18867,0.06597,-11.320,0.132,-1,375.000,-1,375.000,-1,325.000,325.000,300.000,300.000,-1,-1,-1,-1,700.000,700.000,-1,-1,2,0,2,0,2,0,0,0,0,2,2,2,2,0,0,2,2
116,3145.669,7448.304,-13.627,-9.487,0.983764,0.164823,0.071001,-0.165003,0.986287,-0.003366,-0.070582,-0.008404,0.997471,0,-0.10867,-0.05403,-6.520,-0.108,-1,375.000,-1,375.000,-1,325.000,325.000,300.000,300.000,-1,-1,-1,-1,700.000,700.000,-1,-1,2,0,2,0,2,0,0,0,0,2,2,2,2,0,0,2,2
117,3143.974,7448.598,-13.506,-9.835,0.982741,0.170811,0.071020,-0.171009,0.985264,-0.003333,-0.070542,-0.008869,0.997469,0,-0.02867,-0.17403,-1.720,-0.348,-1,375.000,-1,375.000,-1,325.000,325.000,300.000,300.000,-1,-1,-1,-1,700.000,700.000,-1,-1,2,0,2,0,2,0,0,0,0,2,2,2,2,0,0,2,2
118,3147.005,7448.052,-13.729,-10.218,0.981575,0.177389,0.071024,-0.177599,0.984097,-0.003402,-0.070498,-0.009275,0.997469,0,0.05133,-0.19141,3.080,-0.383,-1,375.000,-1,375.000,-1,325.000,325.000,300.000,300.000,-1,-1,-1,-1,700.000,700.000,-1,-1,2,0,2,0,2,0,0,0,0,2,2,2,2,0,0,2,2
119,3154.750,7446.602,-14.294,-10.601,0.980365,0.183960,0.071014,-0.184175,0.982887,-0.003570,-0.070455,-0.009579,0.997469,0,0.13133,-0.19141,7.880,-0.383,-1,375.000,-1,375.000,-1,325.000,325.000,300.000,300.000,-1,-1,-1,-1,700.000,700.000,-1,-1,2,0,2,0,2,0,0,0,0,2,2,2,2,0,0,2,2
120,3167.198,7444.186,-15.201,-10.984,0.979113,0.190523,0.070989,-0.190735,0.981634,-0.003835,-0.070416,-0.009785,0.997470,0,0.21133,-0.19141,12.680,-0.383,-1,375.000,-1,375.000,-1,325.000,325.000,300.000,300.000,-1,-1,-1,-1,700.000,700.000,-1,-1,2,0,2,0,2,0,0,0,0,2,2,2,2,0,0,2,2
121,3184.335,7440.741,-16.451,-11.367,0.977817,0.197077,0.070950,-0.197280,0.980338,-0.004197,-0.070382,-0.009893,0.997471,0,0.29133,-0.19141,17.480,-0.383,-1,375.000,-1,375.000,-1,300.000,325.000,300.000,300.000,-1,-1,-1,-1,700.000,700.000,-1,-1,2,0,2,0,2,0,0,0,0,2,2,2,2,0,0,2,2
122,3206.148,7436.204,-18.045,-11.749,0.976479,0.203623,0.070894,-0.203810,0.978999,-0.004653,-0.070353,-0.009905,0.997473,0,0.37133,-0.19141,22.280,-0.383,-1,375.000,-1,375.000,-1,300.000,325.000,300.000,300.000,-1,-1,-1,-1,700.000,700.000,-1,-1,2,0,2,0,2,0,0,0,0,2,2,2,2,0,0,2,2
123,3232.623,7430.513,-19.995,-12.132,0.975100,0.210159,0.070799,-0.210327,0.977617,-0.005159,-0.070299,-0.009861,0.997477,0,0.45133,-0.19141,27.080,-0.383,-1,375.000,-1,375.000,-1,300.000,300.000,300.000,300.000,-1,-1,-1,-1,700.000,700.000,-1,-1,2,0,2,0,2,0,0,0,0,2,2,2,2,0,0,2,2
124,3263.745,7423.604,-22.185,-12.515,0.973712,0.216688,0.070223,-0.216800,0.976197,-0.006113,-0.069876,-0.009272,0.997513,0,0.53133,-0.19141,31.880,-0.383,-1,375.000,-1,375.000,-1,300.000,300.000,300.000,300.000,-1,-1,-1,-1,700.000,700.000,-1,-1,2,0,2,0,2,0,0,0,0,2,2,2,2,0,0,2,2
125,3299.499,7415.417,-24.706,-12.898,0.972288,0.223207,0.069527,-0.223252,0.974734,-0.007219,-0.069382,-0.008503,0.997554,0,0.61133,-0.19141,36.680,-0.383,-1,375.000,-1,375.000,-1,300.000,300.000,300.000,300.000,-1,-1,-1,-1,700.000,675.000,-1,-1,2,0,2,0,2,0,0,0,0,2,2,2,2,0,0,2,2
126,3339.870,7405.888,-27.517,-13.281,0.970817,0.229716,0.068878,-0.229694,0.973227,-0.008342,-0.068950,-0.007723,0.997590,0,0.69133,-0.19141,41.480,-0.383,-1,375.000,-1,375.000,-1,300.000,300.000,300.000,300.000,-1,-1,-1,-1,700.000,675.000,-1,-1,2,0,2,0,2,0,0,0,0,2,2,2,2,0,0,2,2
127,3383.832,7395.200,-30.273,-13.664,0.969335,0.236213,0.067775,-0.236203,0.971669,-0.008275,-0.067810,-0.007987,0.997666,0,0.75405,-0.19141,45.243,-0.383,-1,375.000,-1,375.000,-1,300.000,300.000,300.000,300.000,-1,-1,-1,-1,700.000,675.000,-1,-1,2,0,2,0,2,0,0,0,0,2,2,2,2,0,0,2,2
128,3427.722,7384.220,-32.966,-14.046,0.967818,0.242698,0.066528,-0.242718,0.970065,-0.007910,-0.066457,-0.008492,0.997753,0,0.75405,-0.19141,45.243,-0.383,-1,375.000,-1,375.000,-1,300.000,300.000,300.000,300.000,-1,-1,-1,-1,700.000,675.000,-1,-1,2,0,2,0,2,0,0,0,0,2,2,2,2,0,0,2,2
129,3471.538,7372.946,-35.656,-14.429,0.966258,0.249173,0.065259,-0.249223,0.968417,-0.007504,-0.065068,-0.009014,0.997840,0,0.75405,-0.19141,45.243,-0.383,-1,375.000,-1,375.000,-1,300.000,300.000,300.000,300.000,-1,-1,-1,-1,700.000,675.000,-1,-1,2,0,2,0,2,0,0,0,0,2,2,2,2,0,0,2,2
130,3515.277,7361.380,-38.338,-14.812,0.964656,0.255637,0.063947,-0.255717,0.966726,-0.007070,-0.063627,-0.009533,0.997928,0,0.75405,-0.19141,45.243,-0.383,-1,375.000,-1,375.000,-1,300.000,300.000,300.000,300.000,-1,-1,-1,-1,700.000,675.000,-1,-1,2,0,2,0,2,0,0,0,0,2,2,2,2,0,0,2,2
131,3558.938,7349.522,-41.001,-15.195,0.963015,0.262089,0.062548,-0.262196,0.964992,-0.006638,-0.062098,-0.010007,0.998020,0,0.75405,-0.19141,45.243,-0.383,-1,375.000,-1,375.000,-1,300.000,300.000,300.000,300.000,-1,-1,-1,-1,700.000,675.000,-1,-1,2,0,2,0,2,0,0,0,0,2,2,2,2,0,0,2,2
132,3602.519,7337.372,-43.656,-15.578,0.961331,0.268529,0.061106,-0.268663,0.963214,-0.006173,-0.060515,-0.010483,0.998112,0,0.75405,-0.19141,45.243,-0.383,-1,375.000,-1,375.000,-1,300.000,300.000,300.000,325.000,-1,-1,-1,-1,700.000,700.000,-1,-1,2,0,2,0,2,0,0,0,0,2,2,2,2,0,0,2,2
133,3646.018,7324.932,-46.304,-15.960,0.959606,0.274958,0.059620,-0.275117,0.961394,-0.005672,-0.058878,-0.010960,0.998205,0,0.75405,-0.19141,45.243,-0.383,-1,375.000,-1,375.000,-1,300.000,300.000,300.000,325.000,-1,-1,-1,-1,700.000,700.000,-1,-1,2,0,2,0,2,0,0,0,0,2,2,2,2,0,0,2,2
134,3689.432,7312.201,-48.943,-16.343,0.957838,0.281373,0.058091,-0.281559,0.959530,-0.005134,-0.057184,-0.011438,0.998298,0,0.75405,-0.19141,45.243,-0.383,-1,375.000,-1,375.000,-1,300.000,300.000,300.000,325.000,-1,-1,975.000,-1,700.000,700.000,-1,-1,2,0,2,0,2,0,0,0,0,2,2,0,2,0,0,2,2
135,3732.761,7299.180,-51.575,-16.726,0.956029,0.287777,0.056515,-0.287987,0.957623,-0.004558,-0.055432,-0.011918,0.998391,0,0.75405,-0.19141,45.243,-0.383,-1,375.000,-1,375.000,-1,300.000,300.000,300.000,325.000,-1,-1,775.000,-1,700.000,700.000,-1,-1,2,0,2,0,2,0,0,0,0,2,2,0,2,0,0,2,2
136,3776.002,7285.870,-54.199,-17.109,0.954176,0.294167,0.054894,-0.294402,0.955674,-0.003941,-0.053620,-0.012400,0.998484,0,0.75405,-0.19141,45.243,-0.383,-1,375.000,-1,375.000,-1,300.000,300.000,300.000,325.000,-1,800.000,675.000,-1,700.000,700.000,-1,-1,2,0,2,0,2,0,0,0,0,2,0,0,2,0,0,2,2
137,3819.152,7272.272,-56.814,-17.492,0.952282,0.300544,0.053225,-0.300802,0.953681,-0.003284,-0.051746,-0.012883,0.998577,0,0.75405,-0.19141,45.243,-0.383,-1,375.000,-1,375.000,-1,300.000,300.000,300.000,325.000,-1,650.000,600.000,-1,700.000,700.000,-1,-1,2,0,2,0,2,0,0,0,0,2,0,0,2,0,0,2,2
138,3862.211,7258.385,-59.302,-17.875,0.950332,0.306909,0.051723,-0.307163,0.951652,-0.003154,-0.050190,-0.012890,0.998656,0,0.75405,-0.19141,45.243,-0.383,-1,375.000,-1,375.000,-1,300.000,300.000,300.000,325.000,-1,600.000,550.000,-1,700.000,700.000,-1,-1,2,0,2,0,2,0,0,0,0,2,0,0,2,0,0,2,2
139,3905.176,7244.211,-61.637,-18.257,0.948358,0.313263,0.049836,-0.313485,0.949587,-0.003497,-0.048419,-0.012307,0.998751,0,0.75405,-0.19141,45.243,-0.383,-1,375.000,-1,375.000,-1,300.000,300.000,300.000,300.000,-1,550.000,525.000,-1,700.000,700.000,-1,-1,2,0,2,0,2,0,0,0,0,2,0,0,2,0,0,2,2
