timestep,x_cm,y_cm,z_cm,yaw_deg,basis_xx,basis_xy,basis_xz,basis_yx,basis_yy,basis_yz,basis_zx,basis_zy,basis_zz,teleport_flag,throttle_cmd,steering_cmd,cmd_move_cm,cmd_turn_deg,lidar_cm_0,lidar_cm_1,lidar_cm_2,lidar_cm_3,lidar_cm_4,lidar_cm_5,lidar_cm_6,lidar_cm_7,lidar_cm_8,lidar_cm_9,lidar_cm_10,lidar_cm_11,lidar_cm_12,lidar_cm_13,lidar_cm_14,lidar_cm_15,lidar_cm_16,lidar_class_0,lidar_class_1,lidar_class_2,lidar_class_3,lidar_class_4,lidar_class_5,lidar_class_6,lidar_class_7,lidar_class_8,lidar_class_9,lidar_class_10,lidar_class_11,lidar_class_12,lidar_class_13,lidar_class_14,lidar_class_15,lidar_class_16
0,-3610.541,-2947.880,-135.359,127.341,-0.606660,-0.794841,0.013812,0.794933,-0.606401,0.018967,-0.006700,0.022487,0.999725,1,0.08000,0.12000,4.800,0.240,-1,400.000,-1,400.000,-1,325.000,325.000,275.000,275.000,-1,675.000,650.000,-1,800.000,825.000,-1,-1,2,0,2,0,2,0,0,0,0,2,0,0,2,0,0,2,2
1,-3616.428,-2940.297,-135.391,127.821,-0.613294,-0.789729,0.014058,0.789829,-0.613035,0.018912,-0.006318,0.022702,0.999722,0,0.16000,0.24000,9.600,0.480,-1,400.000,-1,400.000,-1,325.000,325.000,275.000,275.000,-1,675.000,650.000,-1,800.000,825.000,-1,-1,2,0,2,0,2,0,0,0,0,2,0,0,2,0,0,2,2
2,-3625.389,-2929.026,-135.441,128.487,-0.622434,-0.782539,0.014435,0.782651,-0.622175,0.018875,-0.005789,0.023047,0.999718,0,0.24000,0.33324,14.400,0.666,-1,400.000,-1,400.000,-1,325.000,325.000,275.000,275.000,-1,675.000,650.000,-1,800.000,825.000,-1,-1,2,0,2,0,2,0,0,0,0,2,0,0,2,0,0,2,2
3,-3637.513,-2914.138,-135.514,129.158,-0.631548,-0.775193,0.014938,0.775319,-0.631285,0.018944,-0.005255,0.023546,0.999709,0,0.32000,0.33536,19.200,0.671,-1,400.000,-1,400.000,-1,325.000,325.000,275.000,275.000,-1,675.000,675.000,-1,800.000,825.000,-1,-1,2,0,2,0,2,0,0,0,0,2,0,0,2,0,0,2,2
4,-3652.887,-2895.709,-135.614,129.834,-0.640651,-0.767675,0.015562,0.767818,-0.640382,0.019143,-0.004730,0.024213,0.999696,0,0.40000,0.33820,24.000,0.676,-1,400.000,-1,400.000,-1,325.000,325.000,275.000,275.000,-1,700.000,675.000,-1,800.000,850.000,-1,-1,2,0,2,0,2,0,0,0,0,2,0,0,2,0,0,2,2
5,-3671.598,-2873.815,-135.749,130.518,-0.649760,-0.759964,0.016302,0.760127,-0.649481,0.019503,-0.004234,0.025064,0.999677,0,0.48000,0.34178,28.800,0.684,-1,400.000,-1,400.000,-1,325.000,325.000,275.000,275.000,-1,725.000,700.000,-1,800.000,850.000,-1,-1,2,0,2,0,2,0,0,0,0,2,0,0,2,0,0,2,2
6,-3692.113,-2850.390,-135.813,131.210,-0.658895,-0.752051,0.016624,0.752223,-0.658605,0.019979,-0.004077,0.025669,0.999662,0,0.51897,0.34611,31.138,0.692,-1,400.000,-1,400.000,-1,325.000,325.000,275.000,275.000,-1,750.000,725.000,-1,825.000,850.000,-1,-1,2,0,2,0,2,0,0,0,0,2,0,0,2,0,0,2,2
7,-3713.034,-2827.083,-135.877,131.912,-0.668058,-0.743918,0.016853,0.744098,-0.667755,0.020538,-0.004025,0.026261,0.999647,0,0.52199,0.35082,31.319,0.702,-1,400.000,-1,425.000,-1,325.000,325.000,275.000,275.000,-1,800.000,-1,-1,825.000,875.000,-1,-1,2,0,2,0,2,0,0,0,0,2,0,2,2,0,0,2,2
8,-3734.371,-2803.898,-135.971,132.623,-0.677244,-0.735559,0.017127,0.735747,-0.676925,0.021188,-0.003992,0.026950,0.999629,0,0.52514,0.35559,31.509,0.711,-1,400.000,-1,425.000,-1,325.000,325.000,275.000,275.000,-1,825.000,-1,-1,825.000,875.000,-1,-1,2,0,2,0,2,0,0,0,0,2,0,2,2,0,0,2,2
9,-3756.133,-2780.841,-136.097,133.344,-0.686449,-0.726969,0.017443,0.727167,-0.686110,0.021933,-0.003976,0.027740,0.999607,0,0.52842,0.36043,31.705,0.721,-1,400.000,-1,425.000,-1,325.000,325.000,275.000,275.000,-1,875.000,-1,-1,825.000,875.000,-1,-1,2,0,2,0,2,0,0,0,0,2,0,2,2,0,0,2,2
10,-3778.328,-2757.917,-136.253,134.074,-0.695668,-0.718142,0.017802,0.718352,-0.695307,0.022776,-0.003978,0.028633,0.999582,0,0.53182,0.36532,31.909,0.731,-1,400.000,-1,425.000,-1,325.000,325.000,275.000,275.000,-1,925.000,-1,-1,825.000,900.000,-1,-1,2,0,2,0,2,0,0,0,0,2,0,2,2,0,0,2,2
11,-3800.967,-2735.132,-136.441,134.815,-0.704898,-0.709075,0.018202,0.709298,-0.704510,0.023720,-0.003996,0.029631,0.999553,0,0.53533,0.37027,32.120,0.741,-1,400.000,-1,425.000,-1,325.000,325.000,275.000,275.000,-1,975.000,-1,-1,825.000,900.000,-1,-1,2,0,2,0,2,0,0,0,0,2,1,2,2,0,0,2,2
12,-3824.058,-2712.493,-136.661,135.566,-0.714132,-0.699762,0.018641,0.699999,-0.713714,0.024770,-0.004028,0.030738,0.999519,0,0.53895,0.37528,32.337,0.751,-1,400.000,-1,425.000,-1,325.000,325.000,275.000,275.000,-1,-1,-1,1000.000,850.000,900.000,-1,-1,2,0,2,0,2,0,0,0,0,2,2,2,0,0,0,2,2
13,-3847.608,-2690.009,-136.903,136.326,-0.723366,-0.690200,0.019108,0.690453,-0.722915,0.025871,-0.004043,0.031907,0.999483,0,0.54267,0.38034,32.560,0.761,-1,400.000,-1,425.000,-1,325.000,350.000,275.000,300.000,-1,-1,-1,1000.000,850.000,900.000,-1,-1,2,0,2,0,2,0,0,0,0,2,2,2,0,0,0,2,2
14,-3871.627,-2667.687,-137.159,137.097,-0.732593,-0.680384,0.019596,0.680655,-0.732107,0.026986,-0.004014,0.033108,0.999444,0,0.54650,0.38547,32.790,0.771,-1,400.000,-1,425.000,-1,325.000,350.000,275.000,300.000,-1,-1,-1,1000.000,850.000,900.000,-1,-1,2,0,2,0,2,0,0,0,0,2,2,2,0,0,0,2,2
15,-3896.123,-2645.538,-137.449,137.878,-0.741810,-0.670308,0.020139,0.670598,-0.741283,0.028238,-0.004000,0.034453,0.999398,0,0.55042,0.39065,33.025,0.781,-1,400.000,-1,425.000,-1,325.000,350.000,275.000,300.000,-1,-1,-1,1000.000,850.000,900.000,-1,-1,2,0,2,0,2,0,0,0,0,2,2,2,0,0,0,2,2
16,-3921.103,-2623.570,-137.775,138.670,-0.751010,-0.659966,0.020734,0.660279,-0.750435,0.029633,-0.003997,0.035945,0.999346,0,0.55443,0.39588,33.266,0.792,-1,400.000,-1,425.000,-1,325.000,350.000,275.000,300.000,-1,-1,-1,1000.000,850.000,925.000,-1,-1,2,0,2,0,2,0,0,0,0,2,2,2,0,0,0,2,2
17,-3946.575,-2601.795,-138.135,139.473,-0.760186,-0.649353,0.021378,0.649693,-0.759557,0.031174,-0.004005,0.037587,0.999285,0,0.55852,0.40117,33.511,0.802,-1,400.000,-1,425.000,-1,325.000,350.000,275.000,300.000,-1,-1,-1,1000.000,875.000,925.000,-1,-1,2,0,2,0,2,0,0,0,0,2,2,2,0,0,0,2,2
18,-3976.144,-2577.434,-138.583,140.515,-0.771883,-0.635378,0.022173,0.635752,-0.771183,0.033109,-0.003937,0.039653,0.999206,0,0.63852,0.52117,38.311,1.042,-1,400.000,-1,425.000,-1,325.000,350.000,275.000,275.000,-1,-1,-1,1000.000,875.000,925.000,-1,-1,2,0,2,0,2,0,0,0,0,2,2,2,0,0,0,2,2
19,-4009.548,-2551.147,-139.121,141.797,-0.785920,-0.617896,0.023122,0.618317,-0.785127,0.035488,-0.003774,0.042187,0.999103,0,0.70845,0.64117,42.507,1.282,-1,400.000,-1,425.000,-1,325.000,350.000,275.000,275.000,-1,-1,-1,975.000,875.000,925.000,-1,-1,2,0,2,0,2,0,0,0,0,2,2,2,0,0,0,2,2
20,-4043.898,-2525.562,-139.268,143.320,-0.802092,-0.596796,0.021985,0.597182,-0.801234,0.037375,-0.004691,0.043107,0.999059,0,0.71386,0.76117,42.832,1.522,-1,400.000,-1,425.000,-1,325.000,350.000,275.000,275.000,-1,-1,-1,1000.000,875.000,925.000,-1,-1,2,0,2,0,2,0,0,0,0,2,2,2,0,0,0,2,2
21,-4079.290,-2500.856,-139.455,145.082,-0.820095,-0.571848,0.020831,0.572202,-0.819173,0.039248,-0.005380,0.044107,0.999012,0,0.71938,0.88117,43.163,1.762,-1,400.000,-1,425.000,-1,325.000,350.000,275.000,275.000,-1,-1,-1,-1,875.000,925.000,-1,-1,2,0,2,0,2,0,0,0,0,2,2,2,2,0,0,2,2
22,-4115.757,-2477.144,-139.673,146.967,-0.838484,-0.544569,0.019730,0.544894,-0.837491,0.041221,-0.005924,0.045314,0.998955,0,0.72498,0.94230,43.499,1.885,-1,400.000,-1,425.000,-1,325.000,325.000,275.000,275.000,-1,-1,-1,-1,875.000,925.000,-1,-1,2,0,2,0,2,0,0,0,0,2,2,2,2,0,0,2,2
23,-4154.411,-2453.807,-139.837,148.877,-0.856194,-0.516316,0.018705,0.516618,-0.855139,0.042929,-0.006170,0.046419,0.998903,0,0.75256,0.95536,45.153,1.911,-1,400.000,-1,425.000,-1,325.000,325.000,275.000,275.000,-1,-1,-1,-1,850.000,900.000,-1,-1,2,0,2,0,2,0,0,0,0,2,2,2,2,0,1,2,2
24,-4194.104,-2431.609,-140.001,150.784,-0.872912,-0.487553,0.017779,0.487837,-0.871794,0.044609,-0.006250,0.047613,0.998846,0,0.75796,0.95328,45.478,1.907,-1,400.000,-1,425.000,-1,325.000,325.000,275.000,275.000,-1,-1,-1,-1,850.000,875.000,-1,-1,2,0,2,0,2,0,0,0,0,2,2,2,2,0,1,2,2
25,-4234.790,-2410.597,-140.177,152.685,-0.888622,-0.458328,0.016944,0.458599,-0.887434,0.046347,-0.006205,0.048955,0.998782,0,0.76320,0.95074,45.792,1.901,-1,400.000,-1,425.000,-1,325.000,325.000,300.000,275.000,-1,-1,-1,-1,850.000,850.000,-1,-1,2,0,2,0,2,0,0,0,0,2,2,2,2,0,1,2,2
26,-4276.421,-2390.813,-140.363,154.581,-0.903305,-0.428692,0.016199,0.428956,-0.902042,0.048142,-0.006026,0.050436,0.998709,0,0.76822,0.94773,46.093,1.895,-1,400.000,-1,425.000,-1,325.000,325.000,300.000,300.000,-1,-1,-1,-1,850.000,850.000,-1,-1,2,0,2,0,2,0,0,0,0,2,2,2,2,0,1,2,2
27,-4318.942,-2372.298,-140.519,156.469,-0.916950,-0.398704,0.015407,0.398959,-0.915609,0.049923,-0.005797,0.051924,0.998634,0,0.77297,0.94422,46.378,1.888,-1,400.000,-1,425.000,-1,325.000,325.000,300.000,300.000,-1,-1,-1,-1,850.000,850.000,-1,-1,2,0,2,0,2,0,0,0,0,2,2,2,2,0,1,2,2
28,-4362.296,-2355.091,-140.664,158.350,-0.929546,-0.368413,0.014673,0.368665,-0.928122,0.051730,-0.005440,0.053495,0.998553,0,0.77741,0.94022,46.644,1.880,-1,400.000,-1,425.000,975.000,325.000,325.000,300.000,300.000,-1,-1,-1,-1,825.000,850.000,-1,975.000,2,0,2,0,1,0,0,0,0,2,2,2,2,0,1,2,1
29,-4406.418,-2339.225,-140.810,160.221,-0.941086,-0.337876,0.014074,0.338133,-0.939570,0.053605,-0.004889,0.055206,0.998463,0,0.78148,0.93573,46.889,1.871,-1,400.000,-1,425.000,900.000,325.000,325.000,300.000,300.000,-1,-1,-1,-1,825.000,875.000,-1,950.000,2,0,2,0,1,0,0,0,0,2,2,2,2,0,1,2,1
30,-4451.241,-2324.734,-140.949,162.083,-0.951565,-0.307145,0.013603,0.307419,-0.949952,0.055550,-0.004140,0.057041,0.998363,0,0.78513,0.93073,47.108,1.861,-1,400.000,-1,425.000,850.000,325.000,325.000,300.000,300.000,-1,-1,-1,-1,825.000,875.000,-1,950.000,2,0,2,0,1,0,0,0,0,2,2,2,2,0,1,2,1
31,-4496.692,-2311.645,-141.074,163.933,-0.960986,-0.276279,0.013255,0.276578,-0.959266,0.057562,-0.003188,0.058982,0.998254,0,0.78831,0.92524,47.298,1.850,-1,400.000,-1,425.000,800.000,325.000,325.000,300.000,300.000,-1,-1,-1,-1,850.000,900.000,-1,950.000,2,0,2,0,1,0,0,0,0,2,2,2,2,0,1,2,1
32,-4542.693,-2299.983,-141.210,165.772,-0.969353,-0.245333,0.012906,0.245663,-0.967526,0.059526,-0.002117,0.060872,0.998143,0,0.79096,0.91926,47.457,1.839,-1,400.000,-1,425.000,775.000,325.000,350.000,300.000,300.000,-1,-1,-1,-1,850.000,925.000,-1,950.000,2,0,2,0,1,0,0,0,0,2,2,2,2,0,1,2,1
33,-4589.164,-2289.764,-141.546,167.597,-0.976682,-0.214372,0.011698,0.214685,-0.974790,0.060790,-0.001628,0.061884,0.998082,0,0.79303,0.91280,47.582,1.826,-1,400.000,-1,425.000,750.000,325.000,325.000,300.000,300.000,-1,-1,-1,-1,850.000,900.000,-1,-1,2,0,2,0,1,0,0,0,0,2,2,2,2,0,0,2,2
34,-4636.019,-2281.003,-141.812,169.409,-0.982975,-0.183435,0.010533,0.183735,-0.981020,0.061976,-0.001035,0.062856,0.998022,0,0.79447,0.90587,47.668,1.812,-1,400.000,-1,425.000,750.000,325.000,325.000,300.000,300.000,-1,-1,-1,-1,825.000,900.000,-1,-1,2,0,2,0,1,0,0,0,0,2,2,2,2,0,0,2,2
35,-4683.172,-2273.710,-142.044,171.206,-0.988252,-0.152571,0.008953,0.152831,-0.986223,0.063307,-0.000829,0.063931,0.997954,0,0.79523,0.89852,47.714,1.797,-1,400.000,-1,425.000,750.000,325.000,325.000,300.000,300.000,-1,-1,-1,-1,825.000,875.000,-1,-1,2,0,2,0,1,0,0,0,0,2,2,2,2,0,0,2,2
36,-4730.531,-2267.885,-142.231,172.987,-0.992524,-0.121828,0.007405,0.122052,-0.990416,0.064649,-0.000542,0.065070,0.997881,0,0.79529,0.89075,47.717,1.782,-1,400.000,-1,425.000,750.000,325.000,325.000,300.000,300.000,-1,-1,-1,-1,825.000,875.000,-1,-1,2,0,2,0,1,0,0,0,0,2,2,2,2,0,0,2,2
37,-4773.252,-2263.794,-142.349,174.529,-0.995446,-0.095135,0.006065,0.095328,-0.993269,0.065799,-0.000235,0.066078,0.997814,0,0.71529,0.77075,42.917,1.542,-1,400.000,-1,425.000,775.000,325.000,325.000,300.000,300.000,-1,-1,-1,-1,825.000,875.000,-1,-1,2,0,2,0,1,0,0,0,0,2,2,2,2,0,0,2,2
38,-4811.268,-2261.024,-142.414,175.830,-0.997353,-0.072545,0.004910,0.072711,-0.995115,0.066777,0.000041,0.066958,0.997756,0,0.63529,0.65075,38.117,1.302,-1,400.000,-1,425.000,850.000,325.000,325.000,300.000,300.000,-1,-1,-1,-1,825.000,850.000,-1,-1,2,0,2,0,1,0,0,0,0,2,2,2,2,0,0,2,2
39,-4844.536,-2259.218,-142.442,176.892,-0.998528,-0.054095,0.003920,0.054236,-0.996237,0.067601,0.000248,0.067714,0.997705,0,0.55529,0.53075,33.317,1.062,-1,400.000,-1,400.000,-1,325.000,325.000,275.000,300.000,-1,-1,-1,-1,825.000,850.000,-1,-1,2,0,2,0,2,0,0,0,0,2,2,2,2,0,0,2,2
40,-4873.034,-2258.179,-142.437,177.910,-0.999333,-0.036376,0.003098,0.036502,-0.996998,0.068278,0.000605,0.068346,0.997662,0,0.47529,0.50926,28.517,1.019,-1,400.000,-1,400.000,-1,325.000,325.000,300.000,300.000,-1,-1,-1,-1,825.000,850.000,-1,-1,2,0,2,0,2,0,0,0,0,2,2,2,2,0,0,2,2
41,-4896.746,-2257.732,-142.407,178.918,-0.999820,-0.018833,0.002438,0.018957,-0.997449,0.068815,0.001136,0.068849,0.997626,0,0.39529,0.50391,23.717,1.008,-1,400.000,-1,400.000,-1,325.000,325.000,300.000,300.000,-1,-1,-1,-1,825.000,850.000,-1,-1,2,0,2,0,2,0,0,0,0,2,2,2,2,0,0,2,2
42,-4915.663,-2257.704,-142.360,179.917,-0.999997,-0.001453,0.001936,0.001583,-0.997600,0.069221,0.001830,0.069224,0.997599,0,0.31529,0.49913,18.917,0.998,-1,400.000,-1,400.000,-1,325.000,325.000,300.000,300.000,-1,-1,-1,-1,800.000,825.000,-1,-1,2,0,2,0,2,0,0,0,0,2,2,2,2,0,0,2,2
43,-4929.778,-2257.928,-142.307,180.906,-0.999874,0.015782,0.001585,-0.015633,-0.997459,0.069504,0.002678,0.069470,0.997580,0,0.23529,0.49495,14.117,0.990,-1,400.000,-1,400.000,-1,325.000,325.000,300.000,300.000,-1,-1,-1,-1,800.000,825.000,-1,-1,2,0,2,0,2,0,0,0,0,2,2,2,2,0,0,2,2
44,-4939.090,-2258.236,-142.257,181.889,-0.999458,0.032887,0.001384,-0.032711,-0.997033,0.069673,0.003671,0.069590,0.997569,0,0.15529,0.49138,9.317,0.983,-1,400.000,-1,400.000,-1,325.000,325.000,300.000,300.000,-1,-1,-1,-1,800.000,825.000,-1,-1,2,0,2,0,2,0,0,0,0,2,2,2,2,0,0,2,2
45,-4943.601,-2258.462,-142.220,182.866,-0.998754,0.049881,0.001327,-0.049667,-0.996328,0.069737,0.004801,0.069584,0.997565,0,0.07529,0.48843,4.517,0.977,-1,400.000,-1,400.000,-1,325.000,325.000,300.000,300.000,-1,-1,-1,-1,800.000,825.000,-1,-1,2,0,2,0,2,0,0,0,0,2,2,2,2,0,0,2,2
46,-4943.318,-2258.443,-142.206,183.838,-0.997767,0.066779,0.001412,-0.066519,-0.995347,0.069704,0.006060,0.069455,0.997567,0,-0.00471,0.48611,-0.283,0.972,-1,400.000,-1,400.000,-1,325.000,325.000,300.000,300.000,-1,-1,-1,-1,800.000,825.000,-1,-1,2,0,2,0,2,0,0,0,0,2,2,2,2,0,0,2,2
47,-4938.253,-2258.017,-142.226,184.807,-0.996498,0.083600,0.001633,-0.083285,-0.994093,0.069585,0.007441,0.069205,0.997575,0,-0.08471,0.48440,-5.083,0.969,-1,400.000,-1,400.000,-1,325.000,325.000,300.000,300.000,-1,-1,-1,-1,800.000,825.000,-1,-1,2,0,2,0,2,0,0,0,0,2,2,2,2,0,0,2,2
48,-4928.420,-2257.023,-142.288,185.774,-0.994949,0.100361,0.001985,-0.099982,-0.992567,0.069387,0.008934,0.068838,0.997588,0,-0.16471,0.48330,-9.883,0.967,-1,400.000,-1,400.000,-1,325.000,325.000,300.000,300.000,-1,-1,-1,-1,800.000,825.000,-1,-1,2,0,2,0,2,0,0,0,0,2,2,2,2,0,0,2,2
49,-4913.838,-2255.299,-142.402,186.739,-0.993120,0.117077,0.002461,-0.116629,-0.990768,0.069118,0.010530,0.068356,0.997605,0,-0.24471,0.48279,-14.683,0.966,-1,400.000,-1,400.000,-1,325.000,325.000,300.000,300.000,-1,-1,-1,-1,800.000,825.000,-1,-1,2,0,2,0,2,0,0,0,0,2,2,2,2,0,0,2,2
50,-4898.483,-2253.222,-142.537,187.705,-0.991009,0.133764,0.002945,-0.133246,-0.988688,0.068859,0.012123,0.067847,0.997622,0,-0.25824,0.48288,-15.494,0.966,-1,400.000,-1,400.000,-1,325.000,325.000,300.000,300.000,-1,-1,-1,-1,800.000,825.000,-1,-1,2,0,2,0,2,0,0,0,0,2,2,2,2,0,0,2,2
51,-4883.114,-2250.878,-142.684,188.671,-0.988616,0.150421,0.003417,-0.149835,-0.986327,0.068622,0.013693,0.067328,0.997637,0,-0.25911,0.48305,-15.547,0.966,-1,400.000,-1,400.000,-1,325.000,325.000,300.000,300.000,-1,-1,950.000,-1,800.000,825.000,-1,-1,2,0,2,0,2,0,0,0,0,2,2,0,2,0,0,2,2
52,-4872.511,-2249.123,-142.790,189.397,-0.986634,0.162912,0.003739,-0.162278,-0.984366,0.068475,0.014836,0.066952,0.997646,0,-0.17911,0.36305,-10.747,0.726,-1,400.000,-1,400.000,-1,325.000,325.000,300.000,325.000,-1,-1,875.000,-1,800.000,850.000,-1,-1,2,0,2,0,2,0,0,0,0,2,2,0,2,0,0,2,2
53,-4866.652,-2248.102,-142.849,189.883,-0.985218,0.171260,0.003920,-0.170596,-0.982964,0.068404,0.015568,0.066724,0.997650,0,-0.09911,0.24305,-5.947,0.486,-1,400.000,-1,400.000,-1,325.000,325.000,300.000,325.000,-1,-1,850.000,-1,800.000,850.000,-1,-1,2,0,2,0,2,0,0,0,0,2,2,0,2,0,0,2,2
54,-4865.523,-2247.900,-142.856,190.129,-0.984475,0.175481,0.003966,-0.174805,-0.982224,0.068401,0.015899,0.066646,0.997650,0,-0.01911,0.12305,-1.147,0.246,-1,400.000,-1,400.000,-1,325.000,325.000,300.000,325.000,-1,-1,825.000,-1,800.000,850.000,-1,-1,2,0,2,0,2,0,0,0,0,2,2,0,2,0,0,2,2
55,-4869.120,-2248.543,-142.810,190.136,-0.984457,0.175585,0.003878,-0.174913,-0.982201,0.068463,0.015830,0.066720,0.997646,0,0.06089,0.00305,3.653,0.006,-1,400.000,-1,400.000,-1,325.000,325.000,300.000,325.000,-1,-1,825.000,-1,800.000,850.000,-1,-1,2,0,2,0,2,0,0,0,0,2,2,0,2,0,0,2,2
56,-4877.447,-2249.997,-142.714,189.902,-0.985165,0.171571,0.003654,-0.170921,-0.982894,0.068590,0.015360,0.066948,0.997638,0,0.14089,-0.11695,8.453,-0.234,-1,400.000,-1,400.000,-1,325.000,325.000,300.000,325.000,-1,-1,850.000,-1,800.000,825.000,-1,-1,2,0,2,0,2,0,0,0,0,2,2,0,2,0,0,2,2
57,-4890.521,-2252.168,-142.571,189.428,-0.986549,0.163432,0.003289,-0.162822,-0.984255,0.068788,0.014479,0.067327,0.997626,0,0.22089,-0.23695,13.253,-0.474,-1,400.000,-1,400.000,-1,325.000,325.000,300.000,325.000,-1,-1,900.000,-1,800.000,825.000,-1,-1,2,0,2,0,2,0,0,0,0,2,2,0,2,0,0,2,2
58,-4908.367,-2254.903,-142.389,188.714,-0.988507,0.151150,0.002771,-0.150601,-0.986179,0.069068,0.013173,0.067857,0.997608,0,0.30089,-0.35695,18.053,-0.714,-1,400.000,-1,400.000,-1,325.000,325.000,300.000,300.000,-1,-1,1000.000,-1,800.000,825.000,-1,-1,2,0,2,0,2,0,0,0,0,2,2,0,2,0,0,2,2
59,-4931.011,-2257.989,-142.178,187.760,-0.990884,0.134705,0.002090,-0.134236,-0.988513,0.069447,0.011421,0.068533,0.997583,0,0.38089,-0.47695,22.853,-0.954,-1,400.000,-1,400.000,-1,325.000,325.000,300.000,300.000,-1,-1,-1,-1,800.000,825.000,-1,-1,2,0,2,0,2,0,0,0,0,2,2,2,2,0,0,2,2
60,-4958.456,-2261.382,-141.928,187.046,-0.992483,0.122372,0.001279,-0.121984,-0.990065,0.069942,0.009825,0.069260,0.997550,0,0.46089,-0.35695,27.653,-0.714,-1,400.000,-1,400.000,-1,325.000,325.000,300.000,300.000,-1,-1,-1,-1,800.000,825.000,-1,-1,2,0,2,0,2,0,0,0,0,2,2,2,2,0,0,2,2
61,-4990.696,-2265.097,-141.637,186.572,-0.993461,0.114173,0.000334,-0.113865,-0.990989,0.070542,0.008385,0.070043,0.997509,0,0.54089,-0.23695,32.453,-0.474,-1,400.000,-1,400.000,-1,325.000,325.000,300.000,300.000,-1,-1,-1,-1,800.000,825.000,-1,-1,2,0,2,0,2,0,0,0,0,2,2,2,2,0,0,2,2
62,-5027.722,-2269.210,-141.300,186.338,-0.993918,0.110120,-0.000746,-0.109893,-0.991388,0.071232,0.007105,0.070881,0.997459,0,0.62089,-0.11695,37.253,-0.234,-1,400.000,-1,400.000,-1,325.000,325.000,300.000,300.000,-1,-1,-1,-1,800.000,825.000,-1,-1,2,0,2,0,2,0,0,0,0,2,2,2,2,0,0,2,2
63,-5069.517,-2273.858,-140.908,186.344,-0.993905,0.110218,-0.001962,-0.110073,-0.991313,0.071995,0.005990,0.071772,0.997403,0,0.70089,0.00305,42.053,0.006,-1,400.000,-1,400.000,-1,325.000,325.000,300.000,300.000,-1,-1,-1,-1,800.000,800.000,-1,-1,2,0,2,0,2,0,0,0,0,2,2,2,2,0,0,2,2
64,-5116.061,-2279.236,-140.444,186.590,-0.993421,0.114467,-0.003317,-0.114404,-0.990763,0.072807,0.005048,0.072707,0.997341,0,0.78089,0.12305,46.853,0.246,-1,400.000,-1,400.000,-1,325.000,325.000,300.000,300.000,-1,-1,-1,-1,800.000,800.000,-1,-1,2,0,2,0,2,0,0,0,0,2,2,2,2,0,0,2,2
65,-5165.907,-2285.424,-139.906,187.077,-0.992413,0.122860,-0.004770,-0.122877,-0.989688,0.073616,0.004324,0.073643,0.997275,0,0.83715,0.24305,50.229,0.486,-1,400.000,-1,400.000,-1,325.000,325.000,300.000,300.000,-1,-1,-1,-1,800.000,800.000,-1,-1,2,0,2,0,2,0,0,0,0,2,2,2,2,0,0,2,2
66,-5215.408,-2292.175,-139.346,187.765,-0.990863,0.134729,-0.006144,-0.134810,-0.988070,0.074458,0.003961,0.074606,0.997205,0,0.83266,0.34409,49.960,0.688,-1,400.000,-1,400.000,-1,325.000,325.000,300.000,300.000,-1,-1,-1,-1,800.000,800.000,-1,-1,2,0,2,0,2,0,0,0,0,2,2,2,2,0,0,2,2
67,-5264.522,-2299.473,-138.895,188.450,-0.989178,0.146528,-0.007484,-0.146672,-0.986274,0.075830,0.003730,0.076107,0.997093,0,0.82756,0.34288,49.654,0.686,-1,400.000,-1,400.000,-1,325.000,325.000,300.000,300.000,-1,-1,-1,-1,825.000,775.000,-1,-1,2,0,2,0,2,0,0,0,0,2,2,2,2,0,0,2,2
68,-5313.232,-2307.306,-138.695,189.135,-0.987360,0.158289,-0.008057,-0.158440,-0.984429,0.076139,0.004120,0.076453,0.997065,0,0.82229,0.34205,49.337,0.684,-1,400.000,-1,400.000,-1,325.000,325.000,300.000,300.000,-1,-1,-1,-1,825.000,775.000,-1,-1,2,0,2,0,2,0,0,0,0,2,2,2,2,0,0,2,2
69,-5361.529,-2315.663,-138.609,189.818,-0.985403,0.170021,-0.008543,-0.170176,-0.982494,0.075798,0.004494,0.076145,0.997087,0,0.81691,0.34162,49.015,0.683,-1,400.000,-1,400.000,-1,325.000,325.000,300.000,300.000,-1,-1,-1,-1,800.000,775.000,-1,-1,2,0,2,0,2,0,0,0,0,2,2,2,2,0,0,2,2
70,-5408.458,-2324.158,-138.504,190.261,-0.984058,0.177620,-0.009033,-0.177792,-0.981173,0.075431,0.004535,0.075835,0.997110,0,0.79486,0.22162,47.692,0.443,975.000,400.000,-1,400.000,-1,325.000,325.000,300.000,300.000,-1,-1,-1,-1,800.000,775.000,-1,-1,1,0,2,0,2,0,0,0,0,2,2,2,2,0,0,2,2
71,-5455.074,-2332.768,-138.392,190.464,-0.983418,0.181104,-0.009543,-0.181306,-0.980560,0.075037,0.004232,0.075523,0.997135,0,0.79007,0.10162,47.404,0.203,950.000,400.000,-1,400.000,-1,325.000,325.000,300.000,300.000,-1,-1,-1,-1,800.000,775.000,-1,-1,1,0,2,0,2,0,0,0,0,2,2,2,2,0,0,2,2
72,-5501.445,-2341.301,-138.288,190.428,-0.983527,0.180479,-0.010076,-0.180724,-0.980699,0.074624,0.003587,0.075215,0.997161,0,0.78583,-0.01838,47.150,-0.037,925.000,400.000,-1,400.000,-1,325.000,325.000,300.000,300.000,-1,-1,-1,-1,800.000,775.000,-1,-1,1,0,2,0,2,0,0,0,0,2,2,2,2,0,0,2,2
73,-5547.635,-2349.602,-138.204,190.188,-0.984263,0.176388,-0.010633,-0.176688,-0.981466,0.074200,0.002652,0.074911,0.997187,0,0.78217,-0.11957,46.930,-0.239,925.000,400.000,-1,400.000,-1,325.000,325.000,300.000,300.000,-1,-1,-1,-1,800.000,750.000,-1,-1,1,0,2,0,2,0,0,0,0,2,2,2,2,0,0,2,2
74,-5593.675,-2357.679,-138.136,189.951,-0.984975,0.172331,-0.011205,-0.172686,-0.982210,0.073774,0.001708,0.074601,0.997212,0,0.77904,-0.11851,46.742,-0.237,900.000,400.000,-1,400.000,-1,325.000,325.000,300.000,300.000,-1,-1,-1,-1,800.000,750.000,-1,-1,1,0,2,0,2,0,0,0,0,2,2,2,2,0,0,2,2
75,-5639.570,-2365.538,-138.084,189.717,-0.985663,0.168314,-0.011791,-0.168725,-0.982931,0.073346,0.000756,0.074284,0.997237,0,0.77605,-0.11723,46.563,-0.234,875.000,400.000,-1,400.000,-1,325.000,325.000,300.000,300.000,-1,-1,-1,-1,800.000,750.000,-1,-1,1,0,2,0,2,0,0,0,0,2,2,2,2,0,0,2,2
76,-5690.196,-2374.211,-138.028,189.722,-0.985638,0.168413,-0.012437,-0.168872,-0.982941,0.072864,0.000046,0.073917,0.997264,0,0.85605,0.00277,51.363,0.006,850.000,400.000,-1,400.000,-1,325.000,325.000,300.000,300.000,-1,-1,-1,-1,800.000,750.000,-1,-1,1,0,2,0,2,0,0,0,0,2,2,2,2,0,0,2,2
77,-5740.892,-2383.121,-137.957,189.968,-0.984900,0.172629,-0.013083,-0.173124,-0.982238,0.072358,-0.000360,0.073531,0.997293,0,0.85790,0.12277,51.474,0.246,825.000,400.000,-1,400.000,-1,325.000,325.000,300.000,300.000,-1,-1,-1,-1,775.000,750.000,-1,-1,1,0,2,0,2,0,0,0,0,2,2,2,2,0,0,2,2
78,-5791.503,-2392.261,-137.871,190.237,-0.984070,0.177250,-0.013742,-0.177780,-0.981445,0.071829,-0.000755,0.073128,0.997322,0,0.85716,0.13466,51.430,0.269,800.000,400.000,-1,375.000,-1,325.000,325.000,300.000,300.000,-1,-1,-1,-1,775.000,750.000,-1,-1,1,0,2,0,2,0,0,0,0,2,2,2,2,0,0,2,2
79,-5842.002,-2401.638,-137.769,190.521,-0.983173,0.182108,-0.014413,-0.182674,-0.980587,0.071275,-0.001154,0.072708,0.997353,0,0.85604,0.14172,51.362,0.283,775.000,400.000,-1,375.000,-1,325.000,325.000,300.000,300.000,-1,-1,-1,-1,775.000,750.000,-1,-1,1,0,2,0,2,0,0,0,0,2,2,2,2,0,0,2,2
80,-5892.360,-2411.261,-137.688,190.819,-0.982208,0.187207,-0.014880,-0.187793,-0.979648,0.070873,-0.001309,0.072406,0.997374,0,0.85449,0.14891,51.270,0.298,750.000,400.000,-1,375.000,-1,325.000,325.000,300.000,300.000,-1,-1,-1,-1,775.000,725.000,-1,-1,1,0,2,0,2,0,0,1,0,2,2,2,2,0,0,2,2
81,-5942.550,-2421.136,-137.579,191.131,-0.981168,0.192551,-0.015253,-0.193149,-0.978640,0.070402,-0.001372,0.072023,0.997402,0,0.85253,0.15621,51.152,0.312,725.000,400.000,-1,375.000,-1,325.000,325.000,300.000,300.000,-1,-1,-1,975.000,775.000,725.000,-1,-1,1,0,2,0,2,0,0,1,0,2,2,2,1,0,0,2,2
82,-5992.542,-2431.268,-137.551,191.458,-0.980057,0.198148,-0.015025,-0.198715,-0.977579,0.069659,-0.000886,0.071255,0.997458,0,0.85015,0.16361,51.009,0.327,700.000,400.000,-1,375.000,-1,325.000,325.000,300.000,300.000,-1,-1,-1,900.000,775.000,725.000,-1,-1,1,0,2,0,2,0,0,1,0,2,2,2,1,1,0,2,2
83,-6042.309,-2441.665,-137.480,191.800,-0.978862,0.203991,-0.014721,-0.204522,-0.976423,0.069057,-0.000287,0.070608,0.997504,0,0.84736,0.17107,50.842,0.342,675.000,400.000,-1,375.000,-1,325.000,325.000,300.000,300.000,-1,-1,-1,850.000,750.000,725.000,-1,-1,1,0,2,0,2,0,0,1,0,2,2,2,1,1,0,2,2
84,-6091.824,-2452.332,-137.395,192.157,-0.977577,0.210083,-0.014416,-0.210577,-0.975177,0.068458,0.000324,0.069959,0.997550,0,0.84418,0.17856,50.651,0.357,650.000,400.000,-1,400.000,-1,325.000,325.000,300.000,300.000,-1,-1,-1,850.000,750.000,725.000,-1,-1,1,0,2,0,2,0,0,1,0,2,2,2,1,1,0,2,2
85,-6141.061,-2463.269,-137.296,192.525,-0.976215,0.216344,-0.014108,-0.216801,-0.973854,0.067862,0.000942,0.069307,0.997595,0,0.84062,0.18377,50.437,0.368,625.000,400.000,-1,400.000,-1,325.000,325.000,300.000,300.000,-1,-1,-1,825.000,725.000,725.000,-1,-1,1,0,2,0,2,0,0,1,0,2,2,2,1,1,0,2,2
86,-6189.995,-2474.474,-137.222,192.898,-0.974792,0.222681,-0.013944,-0.223112,-0.972461,0.067384,0.001445,0.068797,0.997630,0,0.83669,0.18631,50.201,0.373,600.000,400.000,-1,400.000,-1,325.000,325.000,275.000,300.000,-1,-1,-1,825.000,725.000,725.000,-1,-1,1,0,2,0,2,0,0,1,0,2,2,2,1,1,0,2,2
87,-6238.606,-2485.942,-137.137,193.275,-0.973309,0.229085,-0.013793,-0.229492,-0.971007,0.066918,0.001936,0.068297,0.997663,0,0.83242,0.18858,49.945,0.377,575.000,400.000,-1,400.000,-1,325.000,325.000,275.000,300.000,-1,-1,-1,850.000,725.000,725.000,-1,-1,1,0,2,0,2,0,0,1,0,2,2,2,1,1,0,2,2
88,-6286.872,-2497.669,-137.038,193.656,-0.971767,0.235547,-0.013641,-0.235929,-0.969496,0.066452,0.002428,0.067794,0.997696,0,0.82784,0.19055,49.670,0.381,550.000,400.000,-1,400.000,-1,325.000,325.000,275.000,300.000,-1,-1,-1,850.000,700.000,725.000,-1,-1,1,0,2,0,2,0,0,1,0,2,2,2,1,1,0,2,2
89,-6334.775,-2509.648,-136.926,194.040,-0.970169,0.242055,-0.013486,-0.242413,-0.967927,0.065987,0.002919,0.067287,0.997729,0,0.82298,0.19222,49.379,0.384,525.000,400.000,-1,400.000,-1,325.000,325.000,275.000,300.000,-1,-1,-1,875.000,700.000,725.000,-1,-1,1,0,2,0,2,0,0,1,0,2,2,2,1,1,0,2,2
90,-6382.302,-2521.875,-136.799,194.428,-0.968515,0.248599,-0.013329,-0.248933,-0.966302,0.065522,0.003409,0.066777,0.997762,0,0.81791,0.19360,49.074,0.387,500.000,400.000,-1,375.000,-1,325.000,325.000,275.000,300.000,-1,-1,-1,900.000,700.000,725.000,-1,-1,1,0,2,0,2,0,0,1,0,2,2,2,1,1,0,2,2
91,-6429.440,-2534.343,-136.660,194.817,-0.966807,0.255168,-0.013170,-0.255478,-0.964623,0.065059,0.003897,0.066264,0.997795,0,0.81266,0.19467,48.759,0.389,500.000,400.000,-1,375.000,-1,325.000,325.000,250.000,300.000,-1,-1,-1,925.000,700.000,725.000,-1,-1,1,0,2,0,2,0,0,1,0,2,2,2,1,1,0,2,2
92,-6476.181,-2547.049,-136.508,195.208,-0.965047,0.261752,-0.013009,-0.262039,-0.962893,0.064595,0.004382,0.065746,0.997827,0,0.80728,0.19545,48.437,0.391,500.000,400.000,-1,375.000,-1,325.000,325.000,250.000,300.000,-1,-1,-1,950.000,700.000,725.000,-1,-1,1,0,2,0,2,0,0,1,0,2,2,2,1,1,0,2,2
93,-6522.519,-2559.986,-136.279,195.600,-0.963237,0.268345,-0.012842,-0.268609,-0.961128,0.063886,0.004801,0.064987,0.997875,0,0.80184,0.19592,48.111,0.392,525.000,400.000,-1,375.000,-1,325.000,325.000,250.000,300.000,-1,-1,-1,975.000,700.000,725.000,-1,-1,1,0,2,0,2,0,0,1,0,2,2,2,1,1,0,2,2
94,-6568.453,-2573.150,-135.987,195.992,-0.961382,0.274935,-0.012469,-0.275165,-0.959328,0.063043,0.005371,0.064039,0.997933,0,0.79639,0.19610,47.783,0.392,575.000,400.000,-1,375.000,-1,325.000,325.000,250.000,300.000,-1,-1,-1,-1,725.000,725.000,-1,-1,1,1,2,0,2,0,0,1,0,2,2,2,2,1,0,2,2
95,-6618.919,-2587.923,-135.648,196.318,-0.959805,0.280408,-0.012065,-0.280606,-0.957810,0.062124,0.005864,0.063013,0.997995,0,0.87639,0.16304,52.583,0.326,-1,375.000,-1,375.000,-1,325.000,325.000,225.000,300.000,-1,-1,-1,-1,750.000,725.000,-1,-1,2,1,2,0,2,0,0,1,0,2,2,2,2,1,0,2,2
96,-6673.828,-2604.590,-134.841,196.884,-0.957007,0.289847,-0.011220,-0.289966,-0.954961,0.063002,0.007547,0.063547,0.997950,0,0.95639,0.28304,57.383,0.566,-1,375.000,-1,400.000,-1,325.000,325.000,225.000,300.000,-1,-1,-1,-1,775.000,725.000,-1,-1,2,1,2,0,2,0,0,1,0,2,2,2,2,0,0,2,2
97,-6723.924,-2620.571,-133.348,197.690,-0.952888,0.303186,-0.009115,-0.303095,-0.950578,0.067340,0.011752,0.066930,0.997688,0,0.87639,0.40304,52.583,0.806,-1,400.000,-1,400.000,-1,325.000,325.000,225.000,300.000,-1,-1,-1,-1,800.000,750.000,-1,-1,2,1,2,0,2,0,0,1,0,2,2,2,2,0,0,2,2
98,-6770.962,-2636.530,-131.957,198.736,-0.947246,0.320423,-0.007342,-0.320111,-0.944689,0.071362,0.015930,0.069947,0.997423,0,0.82787,0.52304,49.672,1.046,-1,400.000,-1,400.000,-1,325.000,325.000,225.000,300.000,-1,-1,-1,-1,825.000,750.000,-1,-1,2,1,2,0,2,0,0,1,0,2,2,2,2,0,0,2,2
99,-6817.308,-2653.422,-130.586,200.022,-0.939872,0.341477,-0.005852,-0.340929,-0.937072,0.075254,0.020214,0.072724,0.997147,0,0.82216,0.64304,49.329,1.286,-1,400.000,-1,400.000,-1,350.000,325.000,225.000,300.000,-1,950.000,-1,-1,875.000,775.000,-1,-1,2,1,2,0,2,0,0,1,0,2,0,2,2,0,0,2,2
100,-6862.894,-2671.427,-129.206,201.548,-0.930506,0.366245,-0.004713,-0.365453,-0.927477,0.078938,0.024540,0.075175,0.996868,0,0.81688,0.76304,49.013,1.526,-1,425.000,-1,400.000,-1,350.000,350.000,225.000,300.000,-1,800.000,800.000,-1,900.000,775.000,-1,-1,2,1,2,0,2,1,0,1,0,2,0,0,2,0,0,2,2
101,-6907.644,-2690.716,-127.805,203.314,-0.918848,0.394591,-0.003949,-0.393551,-0.915601,0.082420,0.028907,0.077286,0.996590,0,0.81220,0.88304,48.732,1.766,-1,425.000,-1,425.000,-1,350.000,350.000,225.000,300.000,-1,700.000,625.000,-1,925.000,800.000,-1,-1,2,1,2,0,2,1,0,1,0,2,0,0,2,0,0,2,2
102,-6951.480,-2711.454,-126.369,205.314,-0.904600,0.426246,-0.003578,-0.424958,-0.901147,0.085704,0.033307,0.079049,0.996314,0,0.80824,1.00000,48.495,2.000,-1,450.000,-1,425.000,-1,350.000,350.000,225.000,300.000,-1,625.000,550.000,-1,950.000,800.000,-1,-1,2,1,2,0,2,1,0,1,0,2,0,0,2,0,0,2,2
103,-6994.397,-2733.621,-124.944,207.314,-0.889260,0.457389,-0.003545,-0.455875,-0.885631,0.088521,0.037349,0.080334,0.996068,0,0.80508,1.00000,48.305,2.000,-1,475.000,-1,425.000,-1,375.000,350.000,225.000,300.000,-1,600.000,475.000,-1,950.000,800.000,-1,-1,2,0,2,0,2,0,0,1,0,2,0,0,2,1,0,2,2
104,-7036.314,-2757.159,-123.534,209.314,-0.872843,0.487986,-0.003799,-0.486273,-0.869071,0.090851,0.041033,0.081145,0.995857,0,0.80125,1.00000,48.075,2.000,-1,475.000,-1,425.000,-1,375.000,350.000,200.000,275.000,-1,550.000,425.000,-1,925.000,825.000,-1,-1,2,0,2,0,2,0,0,1,0,2,0,0,2,1,0,2,2
105,-7077.152,-2782.004,-122.073,211.314,-0.855361,0.518014,-0.004324,-0.516146,-0.851504,0.092379,0.044172,0.081249,0.995715,0,0.79672,1.00000,47.803,2.000,-1,475.000,-1,425.000,-1,375.000,350.000,200.000,275.000,-1,525.000,400.000,-1,900.000,825.000,-1,-1,2,0,2,0,2,0,0,1,0,2,0,0,2,1,0,2,2
106,-7116.836,-2808.086,-120.611,213.314,-0.836834,0.547434,-0.005011,-0.545442,-0.832935,0.093339,0.046923,0.080843,0.995622,0,0.79150,1.00000,47.490,2.000,-1,475.000,-1,425.000,-1,375.000,350.000,200.000,275.000,-1,525.000,400.000,-1,875.000,-1,-1,-1,2,0,2,0,2,0,0,1,0,2,0,0,2,1,2,2,2
107,-7155.298,-2835.333,-119.110,215.314,-0.817277,0.576218,-0.005556,-0.574114,-0.813390,0.093751,0.049502,0.079810,0.995580,0,0.78561,1.00000,47.136,2.000,-1,500.000,-1,425.000,-1,375.000,350.000,200.000,275.000,-1,525.000,400.000,-1,850.000,-1,-1,-1,2,0,2,0,2,0,0,1,0,2,0,0,2,1,2,2,2
108,-7192.474,-2863.667,-117.566,217.314,-0.796711,0.604332,-0.005898,-0.602126,-0.792888,0.093668,0.051930,0.078178,0.995586,0,0.77906,1.00000,46.744,2.000,-1,500.000,-1,425.000,-1,375.000,375.000,200.000,300.000,-1,500.000,400.000,-1,825.000,-1,-1,-1,2,0,2,0,2,0,0,1,0,2,0,0,2,1,2,2,2
109,-7228.307,-2893.008,-116.032,219.314,-0.775161,0.631733,-0.006247,-0.629446,-0.771433,0.093214,0.054068,0.076188,0.995626,0,0.77190,1.00000,46.314,2.000,-1,500.000,-1,425.000,-1,375.000,375.000,175.000,300.000,-1,500.000,400.000,-1,800.000,-1,-1,-1,2,0,2,0,2,0,0,1,0,2,0,0,2,1,2,2,2
110,-7262.745,-2923.275,-114.510,221.314,-0.752653,0.658384,-0.006600,-0.656038,-0.749045,0.092446,0.055921,0.073909,0.995696,0,0.76417,1.00000,45.850,2.000,-1,500.000,-1,425.000,-1,375.000,375.000,175.000,300.000,-1,500.000,400.000,-1,800.000,-1,-1,-1,2,0,2,0,2,0,0,1,0,2,0,0,2,1,2,2,2
111,-7295.745,-2954.386,-113.135,223.314,-0.729232,0.684224,-0.007592,-0.681880,-0.725718,0.091511,0.057104,0.071910,0.995775,0,0.75592,1.00000,45.355,2.000,-1,500.000,-1,425.000,-1,375.000,375.000,175.000,275.000,-1,525.000,425.000,-1,775.000,975.000,-1,-1,2,1,2,0,2,0,0,1,0,2,0,0,2,1,1,2,2
112,-7331.165,-2989.895,-111.566,225.074,-0.707854,0.706300,-0.009118,-0.704075,-0.704470,0.089444,0.056751,0.069733,0.995950,0,0.83592,0.88000,50.155,1.760,-1,475.000,-1,425.000,-1,375.000,375.000,175.000,275.000,-1,575.000,475.000,-1,725.000,900.000,-1,-1,2,1,2,0,2,0,0,1,0,2,0,0,2,1,1,2,2
113,-7365.197,-3026.044,-108.951,226.726,-0.687271,0.726223,-0.016107,-0.724517,-0.683724,0.087156,0.052282,0.071569,0.996064,0,0.82751,0.82608,49.650,1.652,-1,450.000,-1,425.000,-1,375.000,350.000,175.000,275.000,-1,-1,-1,-1,700.000,825.000,1000.000,-1,2,1,2,0,2,0,0,1,0,2,2,2,2,1,1,1,2
114,-7397.564,-3062.481,-106.508,228.385,-0.665959,0.745657,-0.022214,-0.744441,-0.662366,0.084138,0.048025,0.072569,0.996206,0,0.81230,0.82944,48.738,1.659,-1,450.000,950.000,400.000,-1,375.000,350.000,175.000,275.000,-1,-1,-1,-1,675.000,775.000,1000.000,-1,2,1,1,0,2,1,0,1,0,2,2,2,2,1,1,1,2
115,-7428.268,-3099.137,-104.223,230.049,-0.643965,0.764563,-0.027431,-0.763788,-0.640423,0.080540,0.044011,0.072817,0.996374,0,0.79697,0.83201,47.818,1.664,-1,425.000,850.000,400.000,-1,350.000,350.000,175.000,275.000,-1,-1,-1,-1,625.000,700.000,-1,-1,2,1,1,0,2,1,0,1,0,2,2,2,2,1,1,2,2
116,-7457.326,-3135.952,-102.079,231.717,-0.621335,0.782900,-0.031769,-0.782509,-0.617920,0.076509,0.040269,0.072397,0.996563,0,0.78170,0.83381,46.902,1.668,-1,400.000,800.000,400.000,-1,325.000,325.000,175.000,275.000,-1,-1,-1,-1,600.000,625.000,-1,900.000,2,1,1,0,2,1,0,1,0,2,2,2,2,1,1,2,1
117,-7484.762,-3172.873,-100.059,233.387,-0.598119,0.800632,-0.035250,-0.800561,-0.594888,0.072184,0.036823,0.071395,0.996768,0,0.76668,0.83490,46.001,1.670,-1,375.000,750.000,375.000,-1,325.000,325.000,175.000,275.000,-1,-1,-1,-1,575.000,550.000,-1,775.000,2,1,1,0,2,1,1,1,0,2,2,2,2,1,1,2,1
118,-7510.607,-3209.859,-98.329,235.057,-0.574321,0.817764,-0.037646,-0.817961,-0.571384,0.066786,0.033105,0.069149,0.997057,0,0.75205,0.83531,45.123,1.671,-1,375.000,675.000,375.000,900.000,300.000,300.000,175.000,275.000,-1,-1,-1,-1,550.000,500.000,-1,650.000,2,1,1,1,1,1,1,1,0,2,2,2,2,1,1,2,1
119,-7534.900,-3246.874,-96.680,236.728,-0.550008,0.834246,-0.039051,-0.834642,-0.547421,0.060847,0.029384,0.066061,0.997383,0,0.73794,0.83510,44.276,1.670,-1,350.000,625.000,325.000,750.000,275.000,275.000,175.000,275.000,-1,-1,-1,-1,525.000,450.000,-1,575.000,2,1,1,1,1,1,1,1,0,2,2,2,2,1,1,2,1
120,-7560.445,-3288.777,-94.782,238.638,-0.521644,0.852237,-0.039742,-0.852775,-0.519436,0.054422,0.025737,0.062280,0.997727,0,0.81794,0.95510,49.076,1.910,-1,325.000,575.000,300.000,600.000,275.000,250.000,175.000,275.000,-1,-1,-1,-1,500.000,400.000,-1,475.000,2,1,1,1,1,1,1,1,0,2,2,2,2,1,1,2,1
121,-7585.933,-3334.074,-92.765,240.638,-0.491338,0.870067,-0.039625,-0.870683,-0.489501,0.047960,0.022332,0.058065,0.998063,0,0.86629,1.00000,51.977,2.000,-1,300.000,525.000,275.000,475.000,250.000,225.000,175.000,275.000,-1,-1,-1,-1,450.000,350.000,-1,375.000,2,1,1,1,1,1,1,1,0,2,2,2,2,1,1,2,1
122,-7609.418,-3379.447,-90.878,242.638,-0.460482,0.886817,-0.038884,-0.887445,-0.458940,0.042601,0.019934,0.054124,0.998335,0,0.85153,1.00000,51.092,2.000,-1,300.000,475.000,250.000,375.000,225.000,225.000,175.000,275.000,-1,-1,-1,-1,425.000,300.000,-1,300.000,2,1,1,1,1,1,1,1,0,2,2,2,2,1,1,2,1
123,-7630.956,-3424.874,-88.659,244.638,-0.429120,0.902540,-0.035731,-0.903036,-0.427828,0.038599,0.019551,0.048830,0.998616,0,0.83790,1.00000,50.274,2.000,-1,275.000,450.000,225.000,275.000,225.000,200.000,175.000,275.000,-1,-1,-1,-1,425.000,275.000,-1,250.000,2,1,1,1,1,1,1,1,0,2,2,2,2,1,1,2,1
124,-7650.604,-3470.337,-82.833,246.638,-0.397201,0.917601,-0.015472,-0.917222,-0.396363,0.039997,0.030569,0.030079,0.999080,0,0.82545,1.00000,49.527,2.000,-1,275.000,450.000,200.000,250.000,225.000,200.000,175.000,325.000,-1,-1,-1,-1,425.000,275.000,-1,225.000,2,1,1,1,1,1,1,1,0,2,2,2,2,1,1,2,1
125,-7668.405,-3515.831,-76.823,248.638,-0.364351,0.931244,0.005706,-0.930281,-0.364242,0.043655,0.042732,0.010598,0.999030,0,0.81419,1.00000,48.852,2.000,-1,300.000,450.000,200.000,225.000,225.000,200.000,175.000,375.000,-1,-1,-1,-1,475.000,275.000,-1,200.000,2,1,1,1,1,1,1,1,1,2,2,2,2,1,1,2,1
126,-7684.403,-3561.349,-70.683,250.638,-0.330530,0.943400,0.027305,-0.942145,-0.331524,0.049553,0.055800,-0.009346,0.998398,0,0.80411,1.00000,48.246,2.000,-1,300.000,-1,200.000,200.000,225.000,200.000,175.000,475.000,-1,-1,-1,-1,650.000,250.000,-1,175.000,2,1,2,1,1,1,1,1,1,2,2,2,2,1,1,2,1
127,-7698.640,-3606.887,-64.465,252.638,-0.295730,0.954023,0.048831,-0.952738,-0.298281,0.057614,0.069531,-0.029485,0.997144,0,0.79516,1.00000,47.710,2.000,-1,325.000,-1,200.000,175.000,225.000,200.000,150.000,550.000,375.000,-1,-1,-1,850.000,250.000,-1,175.000,2,1,2,1,1,1,1,1,1,1,2,2,2,1,1,2,1
128,-7711.150,-3652.442,-58.219,254.638,-0.259985,0.963086,0.069805,-0.961980,-0.264594,0.067711,0.083682,-0.049547,0.995260,0,0.78730,1.00000,47.238,2.000,-1,375.000,-1,200.000,175.000,250.000,200.000,150.000,575.000,250.000,650.000,975.000,-1,-1,275.000,-1,150.000,2,1,2,1,1,1,1,1,1,1,0,0,2,2,1,2,1
129,-7723.198,-3703.070,-51.400,256.604,-0.223658,0.970311,0.092050,-0.969642,-0.231089,0.079956,0.098854,-0.071372,0.992539,0,0.86730,0.98310,52.038,1.966,-1,450.000,-1,200.000,150.000,250.000,200.000,150.000,600.000,200.000,350.000,650.000,-1,-1,275.000,-1,150.000,2,1,2,1,1,1,1,1,1,1,1,0,2,2,1,2,1
130,6887.288,5575.424,-270.342,112.443,-0.381772,-0.924254,0.002043,0.924158,-0.381762,-0.013784,0.013520,-0.003374,0.999903,1,0.00000,0.00000,56.838,1.928,-1,400.000,-1,400.000,-1,325.000,325.000,325.000,325.000,-1,-1,-1,-1,-1,850.000,-1,-1,2,0,2,0,2,0,0,0,0,2,2,2,2,2,0,2,2
131,6885.474,5579.868,-270.294,112.203,-0.377898,-0.925845,0.001926,0.925750,-0.377887,-0.013748,0.013457,-0.003413,0.999904,0,0.08000,-0.12000,4.800,-0.240,-1,400.000,-1,400.000,-1,325.000,325.000,325.000,325.000,-1,-1,-1,-1,-1,850.000,-1,-1,2,0,2,0,2,0,0,0,0,2,2,2,2,2,0,2,2
132,6881.921,5588.786,-270.195,111.723,-0.370130,-0.928978,0.001696,0.928884,-0.370118,-0.013670,0.013327,-0.003485,0.999905,0,0.16000,-0.24000,9.600,-0.480,-1,400.000,-1,400.000,-1,325.000,325.000,325.000,325.000,-1,-1,-1,-1,-1,850.000,-1,-1,2,0,2,0,2,0,0,0,0,2,2,2,2,2,0,2,2
133,6876.760,5602.230,-270.046,111.003,-0.358430,-0.933556,0.001361,0.933464,-0.358415,-0.013536,0.013125,-0.003581,0.999907,0,0.24000,-0.36000,14.400,-0.720,-1,400.000,-1,400.000,-1,325.000,325.000,325.000,325.000,-1,-1,-1,-1,-1,850.000,-1,-1,2,0,2,0,2,0,0,0,0,2,2,2,2,2,0,2,2
134,6870.180,5620.267,-269.845,110.043,-0.342742,-0.939429,0.000936,0.939342,-0.342723,-0.013328,0.012842,-0.003689,0.999911,0,0.32000,-0.48000,19.200,-0.960,-1,400.000,-1,400.000,-1,325.000,325.000,325.000,325.000,-1,-1,-1,-1,-1,850.000,-1,-1,2,0,2,0,2,0,0,0,0,2,2,2,2,2,0,2,2
135,6862.428,5642.980,-269.590,108.843,-0.322996,-0.946400,0.000439,0.946318,-0.322974,-0.013023,0.012466,-0.003791,0.999915,0,0.40000,-0.60000,24.000,-1.200,-1,400.000,-1,400.000,-1,325.000,325.000,325.000,325.000,-1,-1,-1,-1,-1,850.000,-1,-1,2,0,2,0,2,0,0,0,0,2,2,2,2,2,0,2,2
136,6853.814,5670.462,-269.279,107.403,-0.299114,-0.954217,-0.000104,0.954142,-0.299089,-0.012592,0.011984,-0.003865,0.999921,0,0.48000,-0.72000,28.800,-1.440,-1,400.000,-1,400.000,-1,325.000,325.000,325.000,325.000,-1,-1,-1,-1,-1,850.000,-1,-1,2,0,2,0,2,0,0,0,0,2,2,2,2,2,0,2,2
