timestep,x_cm,y_cm,z_cm,yaw_deg,basis_xx,basis_xy,basis_xz,basis_yx,basis_yy,basis_yz,basis_zx,basis_zy,basis_zz,teleport_flag,throttle_cmd,steering_cmd,cmd_move_cm,cmd_turn_deg,lidar_cm_0,lidar_cm_1,lidar_cm_2,lidar_cm_3,lidar_cm_4,lidar_cm_5,lidar_cm_6,lidar_cm_7,lidar_cm_8,lidar_cm_9,lidar_cm_10,lidar_cm_11,lidar_cm_12,lidar_cm_13,lidar_cm_14,lidar_cm_15,lidar_cm_16,lidar_class_0,lidar_class_1,lidar_class_2,lidar_class_3,lidar_class_4,lidar_class_5,lidar_class_6,lidar_class_7,lidar_class_8,lidar_class_9,lidar_class_10,lidar_class_11,lidar_class_12,lidar_class_13,lidar_class_14,lidar_class_15,lidar_class_16
0,326.893,-6226.678,433.188,-77.061,0.224150,0.974441,0.014883,-0.974450,0.223875,0.018113,0.014318,-0.018563,0.999725,1,-0.08000,0.12000,-4.800,0.240,-1,400.000,-1,375.000,-1,325.000,325.000,325.000,325.000,-1,-1,-1,625.000,850.000,825.000,-1,-1,2,0,2,0,2,0,0,0,0,2,2,2,1,0,0,2,2
1,324.676,-6217.337,433.054,-76.647,0.231182,0.972800,0.014661,-0.972805,0.230909,0.018188,0.014308,-0.018467,0.999727,0,-0.16000,0.20697,-9.600,0.414,-1,400.000,-1,375.000,-1,325.000,325.000,325.000,325.000,-1,-1,-1,625.000,850.000,800.000,-1,-1,2,0,2,0,2,0,0,0,0,2,2,2,1,0,0,2,2
2,321.250,-6203.351,432.852,-76.238,0.238114,0.971132,0.014320,-0.971131,0.237844,0.018296,0.014362,-0.018263,0.999730,0,-0.24000,0.20438,-14.400,0.409,-1,400.000,-1,375.000,-1,325.000,325.000,325.000,325.000,-1,-1,-1,600.000,850.000,800.000,-1,-1,2,0,2,0,2,0,0,0,0,2,2,2,1,0,0,2,2
3,317.437,-6188.239,432.634,-75.837,0.244902,0.969448,0.013943,-0.969440,0.244636,0.018408,0.014435,-0.018025,0.999733,0,-0.25975,0.20048,-15.585,0.401,-1,400.000,-1,375.000,-1,325.000,325.000,325.000,325.000,-1,-1,-1,600.000,850.000,800.000,-1,-1,2,0,2,0,2,0,0,0,0,2,2,2,1,0,0,2,2
4,313.495,-6173.057,432.416,-75.445,0.251535,0.967753,0.013557,-0.967739,0.251272,0.018517,0.014513,-0.017778,0.999737,0,-0.26143,0.19626,-15.686,0.393,-1,400.000,-1,375.000,-1,325.000,325.000,325.000,325.000,-1,-1,-1,600.000,850.000,800.000,-1,-1,2,0,2,0,2,0,0,0,0,2,2,2,1,0,0,2,2
5,309.426,-6157.806,432.197,-75.061,0.258014,0.966052,0.013162,-0.966031,0.257755,0.018621,0.014597,-0.017519,0.999740,0,-0.26306,0.19202,-15.784,0.384,-1,400.000,-1,375.000,-1,325.000,325.000,325.000,325.000,-1,-1,-1,575.000,850.000,800.000,-1,-1,2,0,2,0,2,0,0,0,0,2,2,2,1,0,0,2,2
6,305.232,-6142.491,431.977,-74.685,0.264337,0.964346,0.012757,-0.964318,0.264082,0.018722,0.014686,-0.017251,0.999743,0,-0.26465,0.18777,-15.879,0.376,-1,400.000,-1,375.000,-1,325.000,325.000,325.000,300.000,-1,-1,-1,575.000,850.000,800.000,-1,-1,2,0,2,0,2,0,0,0,0,2,2,2,1,0,0,2,2
7,300.915,-6127.115,431.757,-74.318,0.270506,0.962639,0.012343,-0.962605,0.270255,0.018819,0.014780,-0.016973,0.999747,0,-0.26617,0.18350,-15.970,0.367,-1,400.000,-1,375.000,-1,325.000,325.000,325.000,300.000,-1,-1,-1,550.000,850.000,800.000,-1,-1,2,0,2,0,2,0,0,0,0,2,2,2,1,0,0,2,2
8,296.478,-6111.682,431.537,-73.960,0.276520,0.960934,0.011921,-0.960893,0.276274,0.018913,0.014880,-0.016684,0.999750,0,-0.26764,0.17922,-16.059,0.358,-1,400.000,-1,375.000,-1,325.000,325.000,325.000,300.000,-1,-1,-1,550.000,850.000,800.000,-1,-1,2,0,2,0,2,0,0,0,0,2,2,2,1,0,0,2,2
9,291.922,-6096.195,431.316,-73.610,0.282379,0.959234,0.011490,-0.959186,0.282138,0.019002,0.014986,-0.016387,0.999753,0,-0.26905,0.17494,-16.143,0.350,-1,400.000,-1,375.000,-1,325.000,325.000,325.000,300.000,-1,-1,-1,525.000,850.000,800.000,-1,-1,2,0,2,0,2,0,0,0,0,2,2,2,1,0,0,2,2
10,287.252,-6080.658,431.094,-73.269,0.288085,0.957541,0.011051,-0.957486,0.287848,0.019088,0.015096,-0.016080,0.999757,0,-0.27039,0.17064,-16.224,0.341,-1,400.000,-1,375.000,-1,325.000,325.000,325.000,300.000,-1,-1,-1,525.000,850.000,800.000,-1,-1,2,0,2,0,2,0,0,0,0,2,2,2,1,0,0,2,2
11,282.469,-6065.076,430.872,-72.936,0.293636,0.955859,0.010604,-0.955796,0.293404,0.019170,0.015212,-0.015764,0.999760,0,-0.27166,0.16634,-16.300,0.333,-1,400.000,-1,375.000,-1,325.000,325.000,325.000,300.000,-1,-1,-1,525.000,850.000,800.000,-1,-1,2,0,2,0,2,0,0,0,0,2,2,2,1,0,0,2,2
12,277.576,-6049.452,430.649,-72.612,0.299034,0.954189,0.010149,-0.954119,0.298807,0.019248,0.015333,-0.015439,0.999763,0,-0.27286,0.16204,-16.372,0.324,-1,400.000,-1,375.000,-1,325.000,325.000,325.000,300.000,-1,-1,-1,500.000,850.000,800.000,-1,-1,2,0,2,0,2,0,0,0,0,2,2,2,1,0,0,2,2
13,274.014,-6038.443,430.500,-72.071,0.308021,0.951329,0.009817,-0.951256,0.307798,0.019283,0.015323,-0.015278,0.999766,0,-0.19286,0.27032,-11.572,0.541,-1,400.000,-1,375.000,-1,325.000,325.000,325.000,300.000,-1,-1,-1,500.000,850.000,800.000,-1,-1,2,0,2,0,2,0,0,0,0,2,2,2,1,0,0,2,2
14,271.869,-6032.019,430.419,-71.537,0.316881,0.948417,0.009616,-0.948343,0.316661,0.019289,0.015249,-0.015232,0.999768,0,-0.11286,0.26728,-6.772,0.535,-1,400.000,-1,375.000,-1,325.000,325.000,325.000,300.000,-1,-1,-1,500.000,850.000,775.000,-1,-1,2,0,2,0,2,0,0,0,0,2,2,2,1,0,0,2,2
15,271.228,-6030.155,430.404,-71.006,0.325656,0.945440,0.009551,-0.945368,0.325436,0.019269,0.015109,-0.015305,0.999769,0,-0.03286,0.26549,-1.972,0.531,-1,400.000,-1,375.000,-1,325.000,325.000,325.000,300.000,-1,-1,-1,475.000,850.000,775.000,-1,-1,2,0,2,0,2,0,0,0,0,2,2,2,1,0,0,2,2
16,272.173,-6032.821,430.456,-70.476,0.334386,0.942387,0.009628,-0.942318,0.334165,0.019227,0.014902,-0.015502,0.999769,0,0.04714,0.26496,2.828,0.530,-1,400.000,-1,375.000,-1,325.000,325.000,325.000,300.000,-1,-1,-1,475.000,850.000,775.000,-1,-1,2,0,2,0,2,0,0,0,0,2,2,2,1,0,0,2,2
17,274.789,-6039.987,430.571,-69.944,0.343114,0.939242,0.009851,-0.939180,0.342890,0.019167,0.014625,-0.015829,0.999768,0,0.12714,0.26573,7.628,0.531,-1,400.000,-1,375.000,-1,325.000,325.000,325.000,300.000,-1,-1,-1,500.000,850.000,775.000,-1,-1,2,0,2,0,2,0,0,0,0,2,2,2,1,0,0,2,2
18,279.160,-6051.621,430.748,-69.409,0.351881,0.935989,0.010225,-0.935936,0.351653,0.019095,0.014277,-0.016290,0.999765,0,0.20714,0.26781,12.428,0.536,-1,400.000,-1,375.000,-1,325.000,325.000,325.000,300.000,-1,-1,-1,500.000,850.000,775.000,-1,-1,2,0,2,0,2,0,0,0,0,2,2,2,1,0,0,2,2
19,285.372,-6067.690,430.985,-68.866,0.360732,0.932608,0.010755,-0.932567,0.360497,0.019016,0.013857,-0.016889,0.999761,0,0.28714,0.27128,17.228,0.543,-1,400.000,-1,375.000,-1,325.000,325.000,325.000,300.000,-1,-1,-1,500.000,850.000,800.000,-1,-1,2,0,2,0,2,0,0,0,0,2,2,2,1,0,0,2,2
20,293.512,-6088.160,431.278,-68.314,0.369709,0.929077,0.011444,-0.929052,0.369466,0.018934,0.013363,-0.017632,0.999755,0,0.36714,0.27617,22.028,0.552,-1,400.000,-1,375.000,-1,325.000,325.000,325.000,300.000,-1,-1,-1,525.000,850.000,800.000,-1,-1,2,0,2,0,2,0,0,0,0,2,2,2,1,0,0,2,2
21,303.671,-6112.990,431.625,-67.749,0.378859,0.925373,0.012296,-0.925366,0.378605,0.018857,0.012794,-0.018523,0.999747,0,0.44714,0.28257,26.828,0.565,-1,400.000,-1,400.000,-1,325.000,325.000,325.000,300.000,-1,-1,-1,525.000,850.000,800.000,-1,-1,2,0,2,0,2,0,0,0,0,2,2,2,1,0,0,2,2
22,316.058,-6142.092,432.026,-66.944,0.391828,0.919942,0.013321,-0.919959,0.391563,0.018793,0.012073,-0.019618,0.999735,0,0.52714,0.40257,31.628,0.805,-1,400.000,-1,400.000,-1,325.000,325.000,325.000,300.000,-1,-1,-1,550.000,875.000,800.000,-1,-1,2,0,2,0,2,0,0,0,0,2,2,2,1,0,0,2,2
23,330.765,-6175.123,432.468,-66.000,0.406920,0.913348,0.014517,-0.913395,0.406642,0.018763,0.011234,-0.020895,0.999719,0,0.60262,0.47159,36.157,0.943,-1,400.000,-1,400.000,-1,325.000,325.000,325.000,325.000,-1,-1,-1,575.000,875.000,825.000,-1,-1,2,0,2,0,2,0,0,0,0,2,2,2,1,0,0,2,2
24,346.046,-6207.943,432.895,-65.034,0.422261,0.906338,0.015738,-0.906415,0.421971,0.018781,0.010381,-0.022196,0.999700,0,0.60339,0.48299,36.203,0.966,-1,400.000,-1,400.000,-1,325.000,325.000,325.000,325.000,-1,-1,-1,625.000,875.000,825.000,-1,-1,2,0,2,0,2,0,0,0,0,2,2,2,1,0,0,2,2
25,361.933,-6240.580,433.305,-64.045,0.437849,0.898888,0.016985,-0.898998,0.437546,0.018850,0.009513,-0.023523,0.999678,0,0.60498,0.49475,36.299,0.989,-1,400.000,-1,400.000,-1,325.000,325.000,300.000,325.000,-1,-1,-1,650.000,875.000,825.000,-1,-1,2,0,2,0,2,0,0,0,0,2,2,2,1,0,0,2,2
26,378.460,-6273.059,433.699,-63.031,0.453681,0.890977,0.018257,-0.891123,0.453366,0.018974,0.008628,-0.024877,0.999653,0,0.60736,0.50685,36.442,1.014,-1,400.000,-1,400.000,-1,325.000,325.000,300.000,325.000,-1,-1,-1,700.000,875.000,850.000,-1,-1,2,0,2,0,2,0,0,0,0,2,2,2,1,0,0,2,2
27,395.661,-6305.399,434.043,-61.993,0.469749,0.882585,0.019490,-0.882767,0.469426,0.019010,0.007629,-0.026135,0.999629,0,0.61051,0.51931,36.631,1.039,-1,400.000,-1,400.000,-1,325.000,325.000,300.000,325.000,-1,-1,-1,750.000,875.000,850.000,-1,-1,2,0,2,0,2,0,0,0,0,2,2,2,1,0,0,2,2
28,413.574,-6337.619,434.191,-60.928,0.486037,0.873699,0.020429,-0.873917,0.485730,0.018319,0.006082,-0.026757,0.999623,0,0.61442,0.53212,36.865,1.064,-1,400.000,-1,400.000,-1,325.000,325.000,300.000,325.000,-1,-1,-1,800.000,875.000,850.000,-1,-1,2,0,2,0,2,0,0,0,0,2,2,2,1,0,0,2,2
29,432.237,-6369.733,434.313,-59.838,0.502552,0.864282,0.021413,-0.864535,0.502262,0.017645,0.004495,-0.027380,0.999615,0,0.61905,0.54528,37.143,1.091,-1,400.000,-1,400.000,-1,325.000,325.000,300.000,325.000,-1,-1,-1,875.000,875.000,850.000,-1,-1,2,0,2,0,2,0,0,0,0,2,2,2,1,0,0,2,2
30,451.689,-6401.751,434.366,-58.720,0.519288,0.854310,0.022244,-0.854594,0.519018,0.017017,0.002993,-0.027847,0.999608,0,0.62440,0.55881,37.464,1.118,-1,400.000,-1,400.000,-1,325.000,325.000,300.000,325.000,-1,-1,-1,950.000,875.000,850.000,-1,-1,2,0,2,0,2,0,0,0,0,2,2,2,1,0,0,2,2
31,471.972,-6433.680,434.363,-57.575,0.536235,0.843755,0.022998,-0.844067,0.535986,0.016418,0.001527,-0.028216,0.999601,0,0.63045,0.57269,37.827,1.145,-1,400.000,-1,400.000,-1,325.000,325.000,300.000,325.000,-1,-1,-1,-1,875.000,850.000,-1,-1,2,0,2,0,2,0,0,0,0,2,2,2,2,0,0,2,2
32,493.128,-6465.523,434.331,-56.401,0.553380,0.832589,0.023803,-0.832929,0.553153,0.015832,0.000015,-0.028588,0.999591,0,0.63717,0.58695,38.230,1.174,-1,400.000,-1,400.000,-1,325.000,325.000,300.000,300.000,-1,-1,-1,-1,875.000,850.000,-1,-1,2,0,2,0,2,0,0,0,0,2,2,2,2,0,0,2,2
33,515.201,-6497.279,434.187,-55.198,0.570704,0.820789,0.024550,-0.821154,0.570512,0.014884,-0.001789,-0.028654,0.999588,0,0.64456,0.60157,38.673,1.203,-1,400.000,-1,400.000,-1,325.000,325.000,300.000,300.000,-1,-1,-1,-1,875.000,850.000,-1,-1,2,0,2,0,2,0,0,0,0,2,2,2,2,0,0,2,2
34,538.235,-6528.941,433.938,-53.965,0.588193,0.808326,0.025277,-0.808712,0.588048,0.013618,-0.003856,-0.028452,0.999588,0,0.65259,0.61658,39.155,1.233,-1,400.000,-1,400.000,-1,325.000,325.000,300.000,300.000,-1,-1,-1,-1,850.000,850.000,-1,-1,2,0,2,0,2,0,0,0,0,2,2,2,2,0,0,2,2
35,564.706,-6564.032,433.642,-52.971,0.602068,0.798014,0.026207,-0.798422,0.601972,0.012302,-0.005959,-0.028331,0.999581,0,0.73259,0.49658,43.955,0.993,-1,400.000,-1,400.000,-1,325.000,325.000,300.000,300.000,-1,-1,-1,-1,850.000,850.000,-1,-1,2,0,2,0,2,0,0,0,0,2,2,2,2,0,0,2,2
36,594.046,-6601.882,433.251,-52.218,0.612449,0.790029,0.027577,-0.790467,0.612407,0.010958,-0.008231,-0.028510,0.999560,0,0.79816,0.37658,47.890,0.753,-1,400.000,-1,400.000,-1,325.000,325.000,300.000,300.000,-1,-1,-1,-1,850.000,850.000,-1,-1,2,0,2,0,2,0,0,0,0,2,2,2,2,0,0,2,2
37,624.174,-6640.038,432.820,-51.705,0.619439,0.784505,0.029117,-0.784975,0.619452,0.009674,-0.010447,-0.028848,0.999529,0,0.81028,0.25658,48.617,0.513,-1,400.000,-1,400.000,-1,325.000,325.000,300.000,300.000,-1,-1,-1,-1,850.000,850.000,-1,-1,2,0,2,0,2,0,0,0,0,2,2,2,2,0,0,2,2
38,654.962,-6678.648,432.332,-51.432,0.623110,0.781529,0.030750,-0.782035,0.623174,0.008621,-0.012425,-0.029420,0.999490,0,0.82303,0.13658,49.382,0.273,-1,400.000,-1,400.000,-1,325.000,325.000,300.000,300.000,-1,-1,-1,-1,825.000,850.000,-1,-1,2,0,2,0,2,0,0,0,0,2,2,2,2,0,0,2,2
39,686.268,-6717.863,431.816,-51.399,0.623498,0.781152,0.032428,-0.781695,0.623613,0.007655,-0.014243,-0.030121,0.999445,0,0.83632,0.01658,50.179,0.033,-1,400.000,-1,400.000,-1,325.000,325.000,300.000,300.000,-1,-1,-1,-1,825.000,850.000,-1,-1,2,0,2,0,2,0,0,0,0,2,2,2,2,0,0,2,2
40,717.945,-6757.836,431.291,-51.606,0.620606,0.783380,0.034116,-0.783961,0.620775,0.006688,-0.015939,-0.030896,0.999396,0,0.85004,-0.10342,51.002,-0.207,-1,400.000,-1,400.000,-1,325.000,325.000,300.000,300.000,-1,-1,-1,-1,825.000,850.000,-1,-1,2,0,2,0,2,0,0,0,0,2,2,2,2,0,0,2,2
41,749.828,-6798.722,430.484,-52.052,0.614447,0.788201,0.034560,-0.788780,0.614649,0.005713,-0.016739,-0.030771,0.999386,0,0.86413,-0.22342,51.848,-0.447,-1,400.000,-1,400.000,-1,325.000,325.000,300.000,300.000,-1,-1,-1,-1,800.000,850.000,-1,-1,2,0,2,0,2,0,0,0,0,2,2,2,2,0,0,2,2
42,781.742,-6840.674,429.519,-52.739,0.604901,0.795500,0.035711,-0.796100,0.605146,0.004708,-0.017865,-0.031278,0.999351,0,0.87851,-0.34342,52.711,-0.687,-1,400.000,-1,400.000,-1,325.000,325.000,300.000,300.000,-1,-1,-1,-1,800.000,850.000,-1,-1,2,0,2,0,2,0,0,0,0,2,2,2,2,0,0,2,2
43,813.492,-6883.842,428.553,-53.666,0.591900,0.805170,0.036829,-0.805791,0.592189,0.003661,-0.018862,-0.031843,0.999315,0,0.89312,-0.46342,53.587,-0.927,-1,400.000,-1,400.000,-1,325.000,325.000,300.000,300.000,-1,-1,-1,-1,800.000,850.000,-1,-1,2,0,2,0,2,0,0,0,0,2,2,2,2,0,0,2,2
44,844.635,-6928.044,427.602,-54.833,0.575326,0.817046,0.037890,-0.817686,0.575658,0.002567,-0.019714,-0.032459,0.999279,0,0.90118,-0.58342,54.071,-1.167,-1,400.000,-1,400.000,-1,325.000,325.000,300.000,300.000,-1,-1,-1,-1,800.000,825.000,-1,-1,2,0,2,0,2,0,0,0,0,2,2,2,2,0,0,2,2
45,874.684,-6972.997,426.682,-56.240,0.555040,0.830915,0.038870,-0.831574,0.555413,0.001424,-0.020405,-0.033113,0.999243,0,0.90118,-0.70342,54.071,-1.407,-1,400.000,-1,400.000,-1,325.000,325.000,300.000,300.000,-1,-1,-1,-1,800.000,825.000,-1,-1,2,0,2,0,2,0,0,0,0,2,2,2,2,0,0,2,2
46,906.396,-7022.596,425.722,-57.407,0.537944,0.842036,0.039896,-0.842711,0.538366,0.000191,-0.021318,-0.033723,0.999204,0,0.98118,-0.58342,58.871,-1.167,-1,400.000,-1,400.000,-1,325.000,325.000,300.000,300.000,-1,-1,-1,-1,775.000,825.000,-1,-1,2,0,2,0,2,0,0,0,0,2,2,2,2,0,0,2,2
47,937.613,-7073.207,424.538,-58.334,0.524231,0.850636,0.039996,-0.851302,0.524676,-0.000745,-0.021619,-0.033659,0.999200,0,0.99107,-0.46342,59.464,-0.927,-1,400.000,-1,400.000,-1,325.000,325.000,300.000,300.000,-1,-1,-1,-1,775.000,825.000,-1,-1,2,0,2,0,2,0,0,0,0,2,2,2,2,0,0,2,2
48,968.222,-7124.189,423.313,-59.020,0.513980,0.856864,0.040096,-0.857524,0.514441,-0.001395,-0.021822,-0.033666,0.999195,0,0.99107,-0.34342,59.464,-0.687,-1,400.000,-1,400.000,-1,325.000,325.000,300.000,300.000,-1,-1,-1,-1,800.000,825.000,-1,-1,2,0,2,0,2,0,0,0,0,2,2,2,2,0,0,2,2
49,998.432,-7175.409,421.938,-59.467,0.507258,0.860870,0.039894,-0.861497,0.507755,-0.002751,-0.022625,-0.032973,0.999200,0,0.99107,-0.22342,59.464,-0.447,-1,400.000,-1,400.000,-1,325.000,325.000,300.000,300.000,-1,-1,-1,-1,775.000,825.000,-1,-1,2,0,2,0,2,0,0,0,0,2,2,2,2,0,0,2,2
50,1028.456,-7226.737,420.510,-59.674,0.504121,0.862726,0.039574,-0.863307,0.504660,-0.004341,-0.023717,-0.031976,0.999207,0,0.99107,-0.10342,59.464,-0.207,-1,400.000,-1,400.000,-1,325.000,325.000,300.000,300.000,-1,-1,-1,-1,775.000,825.000,-1,-1,2,0,2,0,2,0,0,0,0,2,2,2,2,0,0,2,2
51,1058.341,-7278.146,419.027,-59.830,0.501751,0.864125,0.039149,-0.864651,0.502336,-0.006167,-0.024995,-0.030755,0.999214,0,0.99107,-0.07776,59.464,-0.156,-1,400.000,-1,400.000,-1,325.000,325.000,300.000,300.000,-1,-1,-1,-1,775.000,825.000,-1,-1,2,0,2,0,2,0,0,0,0,2,2,2,2,0,0,2,2
52,1088.086,-7329.636,417.445,-59.985,0.499384,0.865507,0.038913,-0.865993,0.500001,-0.007476,-0.025927,-0.029965,0.999215,0,0.99107,-0.07776,59.464,-0.156,-1,400.000,-1,400.000,-1,325.000,325.000,300.000,300.000,-1,-1,-1,-1,775.000,825.000,-1,-1,2,0,2,0,2,0,0,0,0,2,2,2,2,0,0,2,2
53,1117.692,-7381.207,415.804,-60.141,0.497016,0.866873,0.038818,-0.867333,0.497657,-0.008402,-0.026601,-0.029493,0.999211,0,0.99107,-0.07776,59.464,-0.156,-1,400.000,-1,400.000,-1,325.000,325.000,300.000,300.000,-1,-1,-1,-1,775.000,825.000,-1,-1,2,0,2,0,2,0,0,0,0,2,2,2,2,0,0,2,2
54,1147.158,-7432.858,414.064,-60.296,0.494620,0.868220,0.039319,-0.868670,0.495302,-0.009395,-0.027631,-0.029508,0.999183,0,0.99107,-0.07776,59.464,-0.156,-1,400.000,-1,400.000,-1,325.000,325.000,300.000,300.000,-1,-1,-1,-1,750.000,800.000,-1,-1,2,0,2,0,2,0,0,0,0,2,2,2,2,0,0,2,2
55,1176.483,-7484.588,412.300,-60.452,0.492210,0.869556,0.040023,-0.870001,0.492940,-0.010398,-0.028770,-0.029702,0.999145,0,0.99107,-0.07776,59.464,-0.156,-1,400.000,-1,400.000,-1,325.000,325.000,300.000,300.000,-1,-1,-1,-1,750.000,800.000,-1,-1,2,0,2,0,2,0,0,0,0,2,2,2,2,0,0,2,2
56,1205.668,-7536.398,410.557,-60.607,0.489797,0.870886,0.040701,-0.871324,0.490576,-0.011376,-0.029874,-0.029892,0.999107,0,0.99107,-0.07776,59.464,-0.156,-1,400.000,-1,400.000,-1,325.000,325.000,300.000,300.000,-1,-1,-1,-1,750.000,800.000,-1,-1,2,0,2,0,2,0,0,0,0,2,2,2,2,0,0,2,2
57,1234.713,-7588.287,408.835,-60.763,0.487382,0.872209,0.041354,-0.872641,0.488207,-0.012329,-0.030943,-0.030078,0.999069,0,0.99107,-0.07776,59.464,-0.156,-1,400.000,-1,400.000,-1,325.000,325.000,300.000,300.000,-1,-1,-1,-1,750.000,800.000,-1,-1,2,0,2,0,2,0,0,0,0,2,2,2,2,0,0,2,2
58,1263.616,-7640.255,407.170,-60.918,0.484973,0.873530,0.041792,-0.873949,0.485838,-0.013225,-0.031857,-0.030110,0.999039,0,0.99107,-0.07776,59.464,-0.156,-1,400.000,-1,400.000,-1,325.000,325.000,300.000,325.000,-1,-1,-1,-1,725.000,800.000,-1,-1,2,0,2,0,2,0,0,0,0,2,2,2,2,0,0,2,2
59,1292.378,-7692.300,405.547,-61.074,0.482566,0.874847,0.042097,-0.875250,0.483466,-0.014077,-0.032668,-0.030053,0.999014,0,0.99107,-0.07776,59.464,-0.156,-1,375.000,-1,400.000,-1,325.000,325.000,300.000,325.000,-1,-1,-1,-1,725.000,775.000,-1,-1,2,0,2,0,2,0,0,0,0,2,2,2,2,0,0,2,2
60,1320.998,-7744.424,403.765,-61.229,0.480198,0.876175,0.041566,-0.876542,0.481100,-0.014762,-0.032931,-0.029346,0.999027,0,0.99107,-0.07776,59.464,-0.156,-1,375.000,-1,400.000,-1,325.000,325.000,300.000,325.000,-1,-1,-1,-1,725.000,775.000,-1,-1,2,0,2,0,2,0,0,0,0,2,2,2,2,0,0,2,2
61,1349.477,-7796.626,401.951,-61.385,0.477840,0.877500,0.040777,-0.877826,0.478732,-0.015375,-0.033012,-0.028448,0.999050,0,0.99107,-0.07776,59.464,-0.156,-1,375.000,-1,400.000,-1,325.000,325.000,300.000,300.000,-1,-1,-1,-1,725.000,775.000,-1,-1,2,0,2,0,2,0,0,0,0,2,2,2,2,0,0,2,2
62,1377.814,-7848.904,400.034,-61.540,0.475493,0.878829,0.039578,-0.879098,0.476367,-0.016181,-0.033074,-0.027099,0.999085,0,0.99107,-0.07776,59.464,-0.156,-1,375.000,-1,400.000,-1,325.000,325.000,300.000,300.000,-1,-1,-1,-1,725.000,775.000,-1,-1,2,0,2,0,2,0,0,0,0,2,2,2,2,0,0,2,2
63,1406.009,-7901.260,398.137,-61.696,0.473143,0.880150,0.038361,-0.880364,0.473996,-0.016944,-0.033096,-0.025755,0.999120,0,0.99107,-0.07776,59.464,-0.156,-1,375.000,-1,400.000,-1,325.000,325.000,300.000,300.000,-1,-1,-1,-1,725.000,775.000,-1,-1,2,0,2,0,2,0,0,0,0,2,2,2,2,0,0,2,2
64,1434.061,-7953.691,396.264,-61.851,0.470790,0.881462,0.037166,-0.881624,0.471621,-0.017655,-0.033090,-0.024455,0.999153,0,0.99107,-0.07776,59.464,-0.156,-1,375.000,-1,400.000,-1,325.000,325.000,300.000,300.000,-1,-1,-1,-1,725.000,775.000,-1,-1,2,0,2,0,2,0,0,0,0,2,2,2,2,0,0,2,2
65,1461.972,-8006.199,394.262,-62.007,0.468433,0.882752,0.036309,-0.882899,0.469234,-0.017585,-0.032560,-0.023820,0.999186,0,0.99107,-0.07776,59.464,-0.156,-1,375.000,-1,400.000,-1,325.000,325.000,300.000,300.000,-1,-1,-1,-1,725.000,775.000,-1,-1,2,0,2,0,2,0,0,0,0,2,2,2,2,0,0,2,2
66,1489.740,-8058.782,392.278,-62.162,0.466069,0.884035,0.035538,-0.884167,0.466843,-0.017520,-0.032079,-0.023256,0.999215,0,0.99107,-0.07776,59.464,-0.156,-1,375.000,-1,400.000,-1,325.000,325.000,300.000,300.000,-1,-1,-1,-1,725.000,750.000,-1,-1,2,0,2,0,2,0,0,0,0,2,2,2,2,0,0,2,2
67,1517.365,-8111.440,390.303,-62.318,0.463695,0.885308,0.034890,-0.885429,0.464447,-0.017470,-0.031670,-0.022792,0.999238,0,0.99107,-0.07776,59.464,-0.156,-1,375.000,-1,400.000,-1,325.000,325.000,300.000,300.000,-1,-1,-1,-1,725.000,750.000,-1,-1,2,0,2,0,2,0,0,0,0,2,2,2,2,0,0,2,2
68,1544.847,-8164.172,388.363,-62.473,0.461317,0.886574,0.034242,-0.886685,0.462047,-0.017410,-0.031256,-0.022330,0.999262,0,0.99107,-0.07776,59.464,-0.156,-1,375.000,-1,400.000,-1,325.000,325.000,300.000,300.000,-1,-1,-1,-1,725.000,750.000,-1,-1,2,0,2,0,2,0,0,0,0,2,2,2,2,0,0,2,2
69,1572.185,-8216.980,386.509,-62.629,0.458936,0.887838,0.033485,-0.887928,0.459645,-0.017587,-0.031005,-0.021661,0.999284,0,0.99107,-0.07776,59.464,-0.156,-1,375.000,-1,400.000,-1,325.000,325.000,300.000,300.000,-1,-1,-1,-1,725.000,750.000,-1,-1,2,0,2,0,2,0,0,0,0,2,2,2,2,0,0,2,2
70,1599.381,-8269.861,384.694,-62.784,0.456551,0.889096,0.032714,-0.889165,0.457241,-0.017782,-0.030768,-0.020969,0.999307,0,0.99107,-0.07776,59.464,-0.156,-1,375.000,-1,400.000,-1,325.000,325.000,300.000,300.000,-1,-1,-1,-1,725.000,750.000,-1,-1,2,0,2,0,2,0,0,0,0,2,2,2,2,0,0,2,2
71,1626.432,-8322.816,382.911,-62.940,0.454162,0.890346,0.031944,-0.890396,0.454832,-0.017963,-0.030522,-0.020285,0.999328,0,0.99107,-0.07776,59.464,-0.156,-1,375.000,-1,400.000,-1,325.000,325.000,300.000,300.000,-1,-1,-1,-1,700.000,750.000,-1,-1,2,0,2,0,2,0,0,0,0,2,2,2,2,0,0,2,2
72,1653.340,-8375.844,381.157,-63.095,0.451771,0.891589,0.031163,-0.891621,0.452420,-0.018125,-0.030259,-0.019598,0.999350,0,0.99107,-0.07776,59.464,-0.156,-1,375.000,-1,400.000,-1,325.000,325.000,300.000,300.000,-1,-1,-1,-1,700.000,750.000,-1,-1,2,0,2,0,2,0,0,0,0,2,2,2,2,0,0,2,2
73,1680.104,-8428.945,379.375,-63.251,0.449387,0.892830,0.030105,-0.892840,0.450006,-0.018213,-0.029809,-0.018694,0.999381,0,0.99107,-0.07776,59.464,-0.156,-1,375.000,-1,400.000,-1,325.000,325.000,300.000,300.000,-1,-1,-1,-1,700.000,725.000,-1,-1,2,0,2,0,2,0,0,0,0,2,2,2,2,0,0,2,2
74,1706.724,-8482.119,377.661,-63.406,0.446999,0.894060,0.029129,-0.894056,0.447588,-0.018137,-0.029253,-0.017936,0.999411,0,0.99107,-0.07776,59.464,-0.156,-1,375.000,-1,375.000,-1,325.000,325.000,300.000,300.000,-1,-1,-1,-1,700.000,725.000,-1,-1,2,0,2,0,2,0,0,0,0,2,2,2,2,0,0,2,2
75,1733.199,-8535.364,376.048,-63.562,0.444605,0.895280,0.028301,-0.895273,0.445163,-0.017758,-0.028496,-0.017442,0.999442,0,0.99107,-0.07776,59.464,-0.156,-1,375.000,-1,375.000,-1,325.000,325.000,300.000,300.000,-1,-1,-1,-1,700.000,725.000,-1,-1,2,0,2,0,2,0,0,0,0,2,2,2,2,0,0,2,2
76,1759.530,-8588.681,374.481,-63.717,0.442207,0.896491,0.027511,-0.896485,0.442735,-0.017314,-0.027702,-0.017007,0.999472,0,0.99107,-0.07776,59.464,-0.156,-1,375.000,-1,375.000,-1,325.000,325.000,300.000,300.000,-1,-1,-1,-1,700.000,725.000,-1,-1,2,0,2,0,2,0,0,0,0,2,2,2,2,0,0,2,2
77,1783.727,-8637.698,373.045,-63.726,0.442100,0.896563,0.026854,-0.896561,0.442602,-0.016776,-0.026926,-0.016660,0.999499,0,0.91107,-0.00434,54.664,-0.009,-1,375.000,-1,375.000,-1,325.000,325.000,300.000,300.000,-1,-1,-1,-1,700.000,725.000,-1,-1,2,0,2,0,2,0,0,0,0,2,2,2,2,0,0,2,2
78,1805.794,-8682.414,371.749,-63.735,0.441991,0.896634,0.026287,-0.896637,0.442468,-0.016227,-0.026181,-0.016398,0.999523,0,0.83107,-0.00434,49.864,-0.009,-1,375.000,-1,375.000,-1,325.000,325.000,300.000,300.000,-1,-1,-1,-1,700.000,725.000,-1,-1,2,0,2,0,2,0,0,0,0,2,2,2,2,0,0,2,2
79,1825.730,-8722.829,370.657,-63.743,0.441889,0.896708,0.025475,-0.896713,0.442336,-0.015659,-0.025310,-0.015924,0.999553,0,0.75107,-0.00434,45.064,-0.009,-1,375.000,-1,375.000,-1,325.000,325.000,300.000,300.000,-1,-1,-1,-1,700.000,725.000,-1,-1,2,0,2,0,2,0,0,0,0,2,2,2,2,0,0,2,2
80,1844.236,-8760.361,369.662,-63.752,0.441783,0.896781,0.024716,-0.896787,0.442203,-0.015127,-0.024495,-0.015482,0.999580,0,0.69744,-0.00434,41.846,-0.009,-1,375.000,-1,375.000,-1,325.000,325.000,300.000,300.000,-1,-1,-1,-1,700.000,700.000,-1,-1,2,0,2,0,2,0,0,0,0,2,2,2,2,0,0,2,2
81,1862.737,-8797.895,368.683,-63.761,0.441677,0.896854,0.023958,-0.896862,0.442070,-0.014590,-0.023677,-0.015043,0.999606,0,0.69744,-0.00434,41.846,-0.009,-1,375.000,-1,375.000,-1,325.000,325.000,300.000,300.000,-1,-1,-1,-1,700.000,700.000,-1,-1,2,0,2,0,2,0,0,0,0,2,2,2,2,0,0,2,2
82,1881.232,-8835.432,367.722,-63.769,0.441569,0.896927,0.023202,-0.896936,0.441937,-0.014049,-0.022855,-0.014607,0.999632,0,0.69744,-0.00434,41.846,-0.009,-1,375.000,-1,375.000,-1,325.000,325.000,300.000,300.000,-1,-1,-1,-1,675.000,700.000,-1,-1,2,0,2,0,2,0,0,0,0,2,2,2,2,0,0,2,2
83,1899.722,-8872.972,366.779,-63.778,0.441461,0.897000,0.022446,-0.897010,0.441804,-0.013504,-0.022030,-0.014173,0.999657,0,0.69744,-0.00434,41.846,-0.009,-1,375.000,-1,375.000,-1,325.000,325.000,300.000,300.000,-1,-1,1000.000,-1,675.000,700.000,-1,-1,2,0,2,0,2,0,0,0,0,2,2,0,2,0,0,2,2
84,1918.206,-8910.514,365.887,-63.787,0.441357,0.897074,0.021509,-0.897084,0.441672,-0.012915,-0.021085,-0.013595,0.999685,0,0.69744,-0.00434,41.846,-0.009,-1,375.000,-1,375.000,-1,325.000,325.000,300.000,300.000,-1,-1,950.000,-1,675.000,700.000,-1,-1,2,0,2,0,2,0,0,0,0,2,2,0,2,0,0,2,2
85,1936.684,-8948.060,365.055,-63.795,0.441258,0.897149,0.020355,-0.897157,0.441540,-0.012273,-0.019998,-0.012846,0.999717,0,0.69744,-0.00434,41.846,-0.009,-1,375.000,-1,375.000,-1,325.000,325.000,300.000,300.000,-1,-1,875.000,-1,675.000,700.000,-1,-1,2,0,2,0,2,0,0,0,0,2,2,0,2,0,0,2,2
86,1955.156,-8985.608,364.238,-63.804,0.441157,0.897224,0.019214,-0.897231,0.441409,-0.011629,-0.018915,-0.012109,0.999748,0,0.69744,-0.00434,41.846,-0.009,-1,375.000,-1,375.000,-1,325.000,325.000,300.000,300.000,-1,975.000,825.000,-1,675.000,700.000,-1,-1,2,0,2,0,2,0,0,0,0,2,0,0,2,0,0,2,2
87,1973.623,-9023.159,363.436,-63.813,0.441053,0.897299,0.018085,-0.897304,0.441277,-0.010984,-0.017837,-0.011383,0.999776,0,0.69744,-0.00434,41.846,-0.009,-1,375.000,-1,375.000,-1,325.000,325.000,300.000,300.000,-1,925.000,775.000,-1,675.000,700.000,-1,-1,2,0,2,0,2,0,0,0,0,2,0,0,2,0,0,2,2
88,1992.084,-9060.713,362.683,-63.821,0.440943,0.897372,0.017127,-0.897377,0.441144,-0.010371,-0.016862,-0.010796,0.999800,0,0.69744,-0.00434,41.846,-0.009,-1,375.000,-1,375.000,-1,325.000,325.000,300.000,300.000,-1,900.000,750.000,-1,675.000,700.000,-1,-1,2,0,2,0,2,0,0,0,0,2,0,0,2,0,0,2,2
89,2010.540,-9098.270,361.977,-63.830,0.440829,0.897443,0.016329,-0.897449,0.441010,-0.009790,-0.015987,-0.010339,0.999819,0,0.69744,-0.00434,41.846,-0.009,-1,375.000,-1,375.000,-1,325.000,325.000,300.000,300.000,-1,875.000,725.000,-1,675.000,700.000,-1,-1,2,0,2,0,2,0,0,0,0,2,0,0,2,0,0,2,2
90,2028.990,-9135.829,361.402,-63.839,0.440711,0.897510,0.015823,-0.897526,0.440874,-0.008786,-0.014862,-0.010329,0.999836,0,0.69744,-0.00434,41.846,-0.009,-1,375.000,-1,375.000,-1,300.000,300.000,300.000,300.000,-1,825.000,725.000,-1,675.000,700.000,-1,-1,2,0,2,0,2,0,0,0,0,2,0,0,2,0,0,2,2
91,2047.434,-9173.391,360.898,-63.848,0.440593,0.897574,0.015444,-0.897604,0.440737,-0.007542,-0.013576,-0.010539,0.999852,0,0.69744,-0.00434,41.846,-0.009,-1,375.000,-1,375.000,-1,300.000,300.000,300.000,300.000,-1,800.000,700.000,-1,675.000,700.000,-1,-1,2,0,2,0,2,0,0,0,0,2,0,0,2,0,0,2,2
92,2065.873,-9210.956,360.411,-63.856,0.440474,0.897639,0.015083,-0.897681,0.440600,-0.006286,-0.012288,-0.010771,0.999866,0,0.69744,-0.00434,41.846,-0.009,-1,375.000,-1,375.000,-1,300.000,325.000,300.000,300.000,-1,750.000,675.000,-1,675.000,700.000,-1,-1,2,0,2,0,2,0,0,0,0,2,0,0,2,0,0,2,2
93,2084.305,-9248.524,359.942,-63.865,0.440354,0.897703,0.014742,-0.897757,0.440463,-0.005018,-0.010998,-0.011025,0.999879,0,0.69744,-0.00434,41.846,-0.009,-1,375.000,-1,375.000,-1,300.000,325.000,300.000,325.000,-1,700.000,650.000,-1,675.000,700.000,-1,-1,2,0,2,0,2,0,0,0,0,2,0,0,2,0,0,2,2
94,2102.733,-9286.095,359.528,-63.874,0.440234,0.897768,0.014335,-0.897829,0.440327,-0.003916,-0.009828,-0.011147,0.999890,0,0.69744,-0.00434,41.846,-0.009,-1,375.000,-1,375.000,-1,300.000,300.000,300.000,325.000,-1,700.000,650.000,-1,675.000,700.000,-1,-1,2,0,2,0,2,0,0,0,0,2,0,0,2,0,0,2,2
95,2121.154,-9323.668,359.151,-63.882,0.440114,0.897834,0.013903,-0.897900,0.440190,-0.002896,-0.008721,-0.011209,0.999899,0,0.69744,-0.00434,41.846,-0.009,-1,375.000,-1,375.000,-1,300.000,300.000,300.000,325.000,-1,675.000,650.000,-1,675.000,700.000,-1,-1,2,0,2,0,2,0,0,0,0,2,0,0,2,0,0,2,2
96,2139.570,-9361.244,358.892,-63.891,0.439999,0.897904,0.012973,-0.897969,0.440056,-0.001756,-0.007285,-0.010877,0.999914,0,0.69744,-0.00434,41.846,-0.009,-1,375.000,-1,375.000,-1,300.000,300.000,300.000,300.000,-1,650.000,625.000,-1,675.000,700.000,-1,-1,2,0,2,0,2,0,0,0,0,2,0,0,2,0,0,2,2
97,2157.980,-9398.823,358.714,-63.900,0.439887,0.897976,0.011740,-0.898035,0.439923,-0.000536,-0.005646,-0.010308,0.999931,0,0.69744,-0.00434,41.846,-0.009,-1,375.000,-1,375.000,-1,300.000,300.000,300.000,300.000,-1,625.000,600.000,-1,675.000,700.000,-1,-1,2,0,2,0,2,0,0,0,0,2,0,0,2,0,0,2,2
98,2176.384,-9436.405,358.554,-63.908,0.439772,0.898048,0.010523,-0.898101,0.439789,0.000692,-0.004007,-0.009755,0.999944,0,0.69744,-0.00434,41.846,-0.009,-1,375.000,-1,375.000,-1,300.000,325.000,300.000,300.000,-1,600.000,575.000,-1,675.000,700.000,-1,-1,2,0,2,0,2,0,0,0,0,2,0,0,2,0,0,2,2
99,2194.783,-9473.989,358.417,-63.917,0.439653,0.898119,0.009313,-0.898164,0.439656,0.001910,-0.002379,-0.009204,0.999955,0,0.69744,-0.00434,41.846,-0.009,-1,375.000,-1,375.000,-1,300.000,325.000,300.000,300.000,-1,575.000,550.000,-1,700.000,700.000,-1,-1,2,0,2,0,2,0,0,0,0,2,0,0,2,0,0,2,2
100,2213.175,-9511.577,358.374,-63.926,0.439531,0.898192,0.007949,-0.898227,0.439523,0.002779,-0.000998,-0.008361,0.999965,0,0.69744,-0.00434,41.846,-0.009,-1,375.000,-1,375.000,-1,300.000,325.000,300.000,300.000,-1,575.000,550.000,-1,700.000,700.000,-1,-1,2,0,2,0,2,0,0,0,0,2,0,0,2,0,0,2,2
101,2231.563,-9549.167,358.347,-63.934,0.439405,0.898265,0.006605,-0.898289,0.439390,0.003666,0.000391,-0.007545,0.999971,0,0.69744,-0.00434,41.846,-0.009,-1,375.000,-1,375.000,-1,300.000,325.000,300.000,300.000,-1,575.000,525.000,-1,700.000,700.000,-1,-1,2,0,2,0,2,0,0,0,0,2,0,0,2,0,0,2,2
102,2249.944,-9586.760,358.337,-63.943,0.439276,0.898336,0.005283,-0.898350,0.439256,0.004573,0.001788,-0.006754,0.999976,0,0.69744,-0.00434,41.846,-0.009,-1,375.000,-1,375.000,-1,300.000,325.000,300.000,300.000,-1,550.000,525.000,-1,700.000,700.000,-1,-1,2,0,2,0,2,0,0,0,0,2,0,0,2,0,0,2,2
103,2268.320,-9624.356,358.342,-63.952,0.439145,0.898407,0.003980,-0.898410,0.439122,0.005499,0.003192,-0.005991,0.999977,0,0.69744,-0.00434,41.846,-0.009,-1,375.000,-1,375.000,-1,325.000,325.000,300.000,300.000,-1,550.000,500.000,-1,700.000,700.000,-1,-1,2,0,2,0,2,0,0,0,0,2,0,0,2,0,0,2,2
104,2286.690,-9661.954,358.363,-63.960,0.439011,0.898477,0.002699,-0.898470,0.438988,0.006443,0.004604,-0.005253,0.999976,0,0.69744,-0.00434,41.846,-0.009,-1,375.000,-1,375.000,-1,325.000,325.000,300.000,300.000,-1,550.000,500.000,-1,700.000,700.000,-1,-1,2,0,2,0,2,0,0,0,0,2,0,0,2,0,0,2,2
105,2305.055,-9699.555,358.436,-63.969,0.438875,0.898547,0.001600,-0.898528,0.438853,0.007370,0.005920,-0.004673,0.999972,0,0.69744,-0.00434,41.846,-0.009,-1,375.000,-1,375.000,-1,325.000,300.000,300.000,300.000,-1,550.000,475.000,-1,700.000,700.000,-1,-1,2,0,2,0,2,0,0,0,0,2,0,0,2,0,0,2,2
106,2323.414,-9737.159,358.647,-63.978,0.438740,0.898613,0.001085,-0.898588,0.438718,0.008191,0.006885,-0.004568,0.999966,0,0.69744,-0.00434,41.846,-0.009,-1,375.000,-1,375.000,-1,300.000,300.000,300.000,300.000,-1,550.000,500.000,-1,700.000,700.000,-1,-1,2,0,2,0,2,0,0,0,0,2,0,0,2,0,0,2,2
107,2341.767,-9774.766,358.899,-63.986,0.438605,0.898680,0.000646,-0.898645,0.438581,0.009125,0.007917,-0.004583,0.999958,0,0.69744,-0.00434,41.846,-0.009,-1,375.000,-1,375.000,-1,300.000,300.000,300.000,300.000,-1,550.000,500.000,-1,700.000,700.000,-1,-1,2,0,2,0,2,0,0,0,0,2,0,0,2,0,0,2,2
108,2360.114,-9812.376,359.263,-63.995,0.438473,0.898744,0.000431,-0.898697,0.438445,0.010477,0.009227,-0.004981,0.999945,0,0.69744,-0.00434,41.846,-0.009,-1,375.000,-1,375.000,-1,300.000,300.000,300.000,300.000,-1,550.000,500.000,-1,700.000,700.000,-1,-1,2,0,2,0,2,0,0,0,0,2,0,0,2,0,0,2,2
109,2380.384,-9854.388,359.698,-64.244,0.434573,0.900637,0.000246,-0.900573,0.434539,0.012042,0.010739,-0.005455,0.999927,0,0.77744,-0.12434,46.646,-0.249,-1,375.000,-1,375.000,-1,300.000,300.000,300.000,300.000,-1,550.000,500.000,-1,700.000,700.000,-1,-1,2,0,2,0,2,0,0,0,0,2,0,0,2,0,0,2,2
110,2402.092,-9900.377,360.212,-64.732,0.426883,0.904307,0.000145,-0.904221,0.426840,0.013835,0.012449,-0.006037,0.999904,0,0.84758,-0.24434,50.855,-0.489,-1,375.000,-1,375.000,-1,300.000,300.000,300.000,300.000,-1,550.000,500.000,-1,700.000,700.000,-1,-1,2,0,2,0,2,0,0,0,0,2,0,0,2,0,0,2,2
111,2423.213,-9946.639,360.885,-65.461,0.415349,0.909662,-0.000213,-0.909559,0.415305,0.014954,0.013691,-0.006018,0.999888,0,0.84758,-0.36434,50.855,-0.729,-1,375.000,-1,375.000,-1,300.000,300.000,300.000,300.000,-1,550.000,525.000,-1,700.000,725.000,-1,-1,2,0,2,0,2,0,0,0,0,2,0,0,2,0,0,2,2
112,2443.548,-9993.251,361.692,-66.430,0.399905,0.916556,-0.000905,-0.916436,0.399868,0.015797,0.014841,-0.005488,0.999875,0,0.84758,-0.48434,50.855,-0.969,-1,375.000,-1,375.000,-1,300.000,300.000,300.000,300.000,-1,575.000,550.000,-1,700.000,725.000,-1,-1,2,0,2,0,2,0,0,0,0,2,0,0,2,0,0,2,2
113,2462.896,-10040.282,362.630,-67.638,0.380468,0.924792,-0.002097,-0.924650,0.380448,0.016785,0.016320,-0.004447,0.999857,0,0.84758,-0.60434,50.855,-1.209,-1,375.000,-1,375.000,-1,300.000,325.000,300.000,300.000,-1,600.000,575.000,-1,700.000,725.000,-1,-1,2,0,2,0,2,0,0,0,0,2,0,0,2,0,0,2,2
114,2481.049,-10087.787,363.592,-69.087,0.356949,0.934118,-0.003235,-0.933955,0.356948,0.017788,0.017771,-0.003328,0.999837,0,0.84758,-0.72434,50.855,-1.449,-1,375.000,-1,375.000,-1,300.000,325.000,300.000,300.000,-1,625.000,600.000,-1,700.000,725.000,-1,-1,2,0,2,0,2,0,0,0,0,2,0,0,2,0,0,2,2
115,2497.794,-10135.806,364.574,-70.776,0.329245,0.944235,-0.004309,-0.944050,0.329267,0.018812,0.019182,-0.002126,0.999814,0,0.84758,-0.84434,50.855,-1.689,-1,375.000,-1,375.000,-1,325.000,325.000,300.000,300.000,-1,650.000,600.000,-1,725.000,725.000,-1,-1,2,0,2,0,2,0,0,0,0,2,0,0,2,0,0,2,2
116,2512.913,-10184.362,365.576,-72.704,0.297256,0.954783,-0.005304,-0.954577,0.297302,0.019860,0.020539,-0.000840,0.999789,0,0.84758,-0.96434,50.855,-1.929,-1,375.000,-1,375.000,-1,325.000,325.000,300.000,300.000,-1,675.000,625.000,-1,725.000,725.000,-1,-1,2,0,2,0,2,0,0,0,0,2,0,0,2,0,0,2,2
117,2526.328,-10233.415,366.591,-74.704,0.263727,0.964577,-0.006204,-0.964350,0.263800,0.020932,0.021827,0.000462,0.999762,0,0.84758,-1.00000,50.855,-2.000,-1,375.000,-1,375.000,-1,325.000,325.000,300.000,300.000,-1,700.000,650.000,-1,725.000,750.000,-1,-1,2,0,2,0,2,0,0,0,0,2,0,0,2,0,0,2,2
118,2538.024,-10282.907,367.618,-76.704,0.229875,0.973195,-0.007003,-0.972947,0.229975,0.022019,0.023040,0.001751,0.999733,0,0.84758,-1.00000,50.855,-2.000,-1,375.000,-1,400.000,-1,325.000,325.000,300.000,300.000,-1,700.000,675.000,-1,725.000,750.000,-1,-1,2,0,2,0,2,0,0,0,0,2,0,0,2,0,0,2,2
119,2547.985,-10332.777,368.653,-78.704,0.195742,0.980625,-0.007700,-0.980357,0.195871,0.023115,0.024176,0.003024,0.999703,0,0.84758,-1.00000,50.855,-2.000,-1,375.000,-1,400.000,-1,325.000,325.000,300.000,300.000,-1,700.000,700.000,-1,725.000,750.000,-1,-1,2,0,2,0,2,0,0,0,0,2,0,0,2,0,0,2,2
120,2556.200,-10382.965,369.693,-80.704,0.161371,0.986859,-0.008296,-0.986571,0.161527,0.024212,0.025234,0.004278,0.999672,0,0.84758,-1.00000,50.855,-2.000,-1,375.000,-1,400.000,-1,325.000,325.000,300.000,300.000,-1,700.000,700.000,-1,725.000,750.000,-1,-1,2,0,2,0,2,0,0,0,0,2,0,0,2,0,0,2,2
121,2562.658,-10433.408,370.733,-82.704,0.126802,0.991889,-0.008792,-0.991582,0.126987,0.025301,0.026212,0.005510,0.999641,0,0.84758,-1.00000,50.855,-2.000,-1,375.000,-1,400.000,-1,325.000,325.000,300.000,300.000,-1,725.000,700.000,-1,750.000,750.000,-1,-1,2,0,2,0,2,0,0,0,0,2,0,0,2,0,0,2,2
122,2567.533,-10483.705,371.839,-84.464,0.096259,0.995316,-0.008925,-0.994992,0.096463,0.026195,0.026933,0.006359,0.999617,0,0.84221,-0.88000,50.532,-1.760,-1,400.000,-1,400.000,-1,325.000,325.000,300.000,300.000,-1,725.000,725.000,-1,750.000,775.000,-1,-1,2,0,2,0,2,0,0,0,0,2,0,0,2,0,0,2,2
123,2571.071,-10534.113,373.128,-85.984,0.069810,0.997520,-0.009003,-0.997191,0.070027,0.026590,0.027155,0.007121,0.999606,0,0.84221,-0.76000,50.532,-1.520,-1,400.000,-1,400.000,-1,325.000,325.000,300.000,300.000,-1,775.000,750.000,-1,750.000,775.000,-1,-1,2,0,2,0,2,0,0,0,0,2,0,0,2,0,0,2,2
124,2573.483,-10584.588,374.513,-87.264,0.047489,0.998827,-0.009423,-0.998503,0.047726,0.026716,0.027134,0.008140,0.999599,0,0.84221,-0.64000,50.532,-1.280,-1,400.000,-1,400.000,-1,325.000,325.000,300.000,300.000,-1,825.000,800.000,-1,750.000,775.000,-1,-1,2,0,2,0,2,0,0,0,0,2,0,0,2,0,0,2,2
125,2574.979,-10635.098,375.893,-88.304,0.029334,0.999521,-0.009836,-0.999202,0.029589,0.026834,0.027113,0.009041,0.999592,0,0.84221,-0.52000,50.532,-1.040,-1,400.000,-1,400.000,-1,325.000,325.000,300.000,300.000,-1,875.000,850.000,-1,750.000,800.000,-1,-1,2,0,2,0,2,0,0,0,0,2,0,0,2,0,0,2,2
126,2575.769,-10685.625,377.269,-89.104,0.015359,0.999830,-0.010244,-0.999515,0.015630,0.026948,0.027103,0.009825,0.999584,0,0.84221,-0.40000,50.532,-0.800,-1,400.000,-1,400.000,-1,325.000,325.000,300.000,300.000,-1,925.000,900.000,-1,750.000,800.000,-1,-1,2,0,2,0,2,0,0,0,0,2,0,0,2,0,0,2,2
127,2576.065,-10736.156,378.641,-89.664,0.005571,0.999928,-0.010647,-0.999617,0.005858,0.027057,0.027118,0.010492,0.999577,0,0.84221,-0.28000,50.532,-0.560,-1,400.000,-1,400.000,-1,325.000,325.000,300.000,300.000,-1,1000.000,950.000,-1,750.000,800.000,-1,-1,2,0,2,0,2,0,0,0,0,2,0,0,2,0,0,2,2
128,2576.079,-10786.689,380.011,-89.984,-0.000027,0.999939,-0.011048,-0.999631,0.000273,0.027165,0.027166,0.011044,0.999570,0,0.84221,-0.16000,50.532,-0.320,-1,400.000,-1,400.000,-1,325.000,325.000,300.000,300.000,-1,-1,1000.000,-1,750.000,800.000,-1,-1,2,0,2,0,2,0,0,0,0,2,2,0,2,0,0,2,2
129,2576.022,-10837.221,381.381,-90.064,-0.001436,0.999933,-0.011447,-0.999627,-0.001123,0.027271,0.027256,0.011482,0.999563,0,0.84221,-0.04000,50.532,-0.080,-1,400.000,-1,400.000,-1,325.000,325.000,300.000,300.000,-1,-1,-1,-1,775.000,800.000,-1,-1,2,0,2,0,2,0,0,0,0,2,2,2,2,0,0,2,2
130,2576.107,-10887.753,382.755,-89.904,0.001345,0.999929,-0.011846,-0.999624,0.001669,0.027377,0.027395,0.011805,0.999555,0,0.84221,0.08000,50.532,0.160,-1,400.000,-1,400.000,-1,325.000,325.000,300.000,300.000,-1,-1,-1,-1,775.000,825.000,-1,-1,2,0,2,0,2,0,0,0,0,2,2,2,2,0,0,2,2
131,2576.544,-10938.284,384.134,-89.504,0.008316,0.999890,-0.012246,-0.999585,0.008650,0.027487,0.027590,0.012013,0.999547,0,0.84221,0.20000,50.532,0.400,-1,400.000,-1,400.000,-1,325.000,325.000,300.000,300.000,-1,-1,-1,-1,775.000,825.000,-1,-1,2,0,2,0,2,0,0,0,0,2,2,2,2,0,0,2,2
132,2577.424,-10988.809,385.520,-89.002,0.017065,0.999774,-0.012648,-0.999467,0.017409,0.027600,0.027813,0.012171,0.999539,0,0.84221,0.25098,50.532,0.502,-1,400.000,-1,400.000,-1,325.000,325.000,300.000,300.000,-1,-1,-1,-1,775.000,825.000,-1,-1,2,0,2,0,2,0,0,0,0,2,2,2,2,0,0,2,2
133,2578.746,-11039.324,386.911,-88.500,0.025813,0.999582,-0.013052,-0.999273,0.026167,0.027716,0.028046,0.012327,0.999531,0,0.84221,0.25098,50.532,0.502,-1,400.000,-1,400.000,-1,325.000,325.000,300.000,300.000,-1,-1,-1,-1,775.000,825.000,-1,-1,2,0,2,0,2,0,0,0,0,2,2,2,2,0,0,2,2
134,2580.511,-11089.825,388.310,-87.999,0.034559,0.999312,-0.013458,-0.999002,0.034923,0.027836,0.028287,0.012482,0.999522,0,0.84221,0.25098,50.532,0.502,-1,400.000,-1,400.000,-1,325.000,325.000,300.000,300.000,-1,-1,-1,-1,775.000,850.000,-1,-1,2,0,2,0,2,0,0,0,0,2,2,2,2,0,0,2,2
135,2582.718,-11140.310,389.718,-87.497,0.043302,0.998966,-0.013855,-0.998655,0.043676,0.027952,0.028529,0.012626,0.999513,0,0.84221,0.25098,50.532,0.502,-1,400.000,-1,400.000,-1,325.000,325.000,300.000,300.000,-1,-1,-1,-1,775.000,850.000,-1,-1,2,0,2,0,2,0,0,0,0,2,2,2,2,0,0,2,2
136,2585.368,-11190.773,390.959,-86.995,0.052041,0.998539,-0.014565,-0.998250,0.052426,0.027361,0.028085,0.013115,0.999519,0,0.84221,0.25098,50.532,0.502,-1,400.000,-1,400.000,-1,325.000,325.000,300.000,300.000,-1,-1,-1,-1,800.000,850.000,-1,-1,2,0,2,0,2,0,0,0,0,2,2,2,2,0,0,2,2
137,2588.459,-11241.210,392.147,-86.493,0.060786,0.998037,-0.015063,-0.997774,0.061171,0.026547,0.027416,0.013416,0.999534,0,0.84221,0.25098,50.532,0.502,-1,400.000,-1,400.000,-1,325.000,325.000,300.000,300.000,-1,-1,-1,-1,800.000,875.000,-1,-1,2,0,2,0,2,0,0,0,0,2,2,2,2,0,0,2,2
