timestep,x_cm,y_cm,z_cm,yaw_deg,basis_xx,basis_xy,basis_xz,basis_yx,basis_yy,basis_yz,basis_zx,basis_zy,basis_zz,teleport_flag,throttle_cmd,steering_cmd,cmd_move_cm,cmd_turn_deg,lidar_cm_0,lidar_cm_1,lidar_cm_2,lidar_cm_3,lidar_cm_4,lidar_cm_5,lidar_cm_6,lidar_cm_7,lidar_cm_8,lidar_cm_9,lidar_cm_10,lidar_cm_11,lidar_cm_12,lidar_cm_13,lidar_cm_14,lidar_cm_15,lidar_cm_16,lidar_class_0,lidar_class_1,lidar_class_2,lidar_class_3,lidar_class_4,lidar_class_5,lidar_class_6,lidar_class_7,lidar_class_8,lidar_class_9,lidar_class_10,lidar_class_11,lidar_class_12,lidar_class_13,lidar_class_14,lidar_class_15,lidar_class_16
0,-7539.830,4922.891,90.739,45.081,0.705735,-0.708102,-0.022996,0.707942,0.706092,-0.015913,0.027505,-0.005049,0.999609,1,0.08000,-0.12000,4.800,-0.240,-1,175.000,225.000,175.000,350.000,150.000,150.000,350.000,375.000,-1,-1,-1,-1,200.000,200.000,300.000,275.000,2,1,1,1,1,1,1,0,0,2,2,2,2,1,1,1,1
1,-7532.995,4929.632,92.485,44.601,0.711595,-0.702170,-0.024292,0.701851,0.712007,-0.021256,0.032222,-0.001923,0.999479,0,0.16000,-0.24000,9.600,-0.480,-1,150.000,225.000,175.000,350.000,150.000,150.000,375.000,375.000,-1,-1,-1,-1,200.000,200.000,275.000,275.000,2,1,1,1,1,1,1,0,0,2,2,2,2,1,1,1,1
2,-7522.615,4939.615,95.191,43.881,0.720294,-0.693165,-0.026430,0.692539,0.720772,-0.029625,0.039585,0.003035,0.999212,0,0.24000,-0.36000,14.400,-0.720,-1,150.000,225.000,175.000,350.000,150.000,150.000,375.000,375.000,-1,-1,-1,-1,200.000,200.000,275.000,275.000,2,1,1,1,1,1,1,0,0,2,2,2,2,1,1,1,1
3,4919.491,3607.630,122.257,67.319,0.384256,-0.922363,-0.039927,0.922271,0.385467,-0.028846,0.041997,-0.025739,0.998786,1,0.00000,0.00000,19.200,-0.960,-1,400.000,-1,400.000,-1,325.000,325.000,275.000,275.000,675.000,575.000,625.000,-1,850.000,800.000,-1,-1,2,0,2,0,2,0,0,0,0,1,0,0,2,0,0,2,2
4,4921.360,3612.051,122.434,67.079,0.388112,-0.920740,-0.040081,0.920649,0.389327,-0.028801,0.042123,-0.025723,0.998781,0,0.08000,-0.12000,4.800,-0.240,-1,400.000,-1,400.000,-1,325.000,325.000,275.000,275.000,675.000,575.000,625.000,-1,850.000,800.000,-1,-1,2,0,2,0,2,0,0,0,0,1,0,0,2,0,0,2,2
5,4925.142,3620.874,122.800,66.800,0.392588,-0.918828,-0.040369,0.918743,0.393812,-0.028687,0.042257,-0.025827,0.998773,0,0.16000,-0.13972,9.600,-0.279,-1,400.000,-1,400.000,-1,325.000,325.000,275.000,275.000,650.000,575.000,625.000,-1,850.000,800.000,-1,-1,2,0,2,0,2,0,0,0,0,1,0,0,2,0,0,2,2
6,4930.880,3634.082,123.358,66.519,0.397069,-0.916882,-0.040785,0.916810,0.398306,-0.028494,0.042370,-0.026078,0.998762,0,0.24000,-0.14034,14.400,-0.281,-1,400.000,-1,400.000,-1,325.000,325.000,275.000,275.000,650.000,600.000,650.000,-1,850.000,800.000,-1,-1,2,0,2,0,2,0,0,0,0,1,0,0,2,0,0,2,2
7,4938.617,3651.654,124.105,66.237,0.401568,-0.914897,-0.041323,0.914845,0.402819,-0.028211,0.042456,-0.026476,0.998747,0,0.32000,-0.14130,19.200,-0.283,-1,400.000,-1,400.000,-1,325.000,325.000,275.000,275.000,625.000,600.000,675.000,-1,850.000,800.000,-1,-1,2,0,2,0,2,0,0,0,0,1,0,0,2,0,0,2,2
8,4948.397,3673.571,125.041,65.951,0.406094,-0.912866,-0.041978,0.912842,0.407363,-0.027829,0.042504,-0.027018,0.998731,0,0.40000,-0.14263,24.000,-0.285,-1,400.000,-1,400.000,-1,325.000,325.000,275.000,275.000,625.000,625.000,675.000,-1,850.000,825.000,-1,-1,2,0,2,0,2,0,0,0,0,1,0,0,2,0,0,2,2
9,4960.265,3699.812,126.163,65.663,0.410663,-0.910785,-0.042738,0.910796,0.411950,-0.027334,0.042502,-0.027700,0.998712,0,0.48000,-0.14435,28.800,-0.289,-1,400.000,-1,400.000,-1,325.000,325.000,275.000,275.000,625.000,650.000,725.000,-1,850.000,825.000,-1,-1,2,0,2,0,2,0,0,0,0,1,0,0,2,0,0,2,2
10,4974.268,3730.355,127.468,65.370,0.415287,-0.908646,-0.043590,0.908700,0.416593,-0.026714,0.042433,-0.028516,0.998692,0,0.56000,-0.14652,33.600,-0.293,-1,400.000,-1,400.000,-1,325.000,325.000,275.000,275.000,625.000,700.000,750.000,-1,850.000,825.000,-1,-1,2,0,2,0,2,0,0,0,0,1,0,0,2,0,0,2,2
11,4990.453,3765.177,128.951,65.071,0.419983,-0.906439,-0.044519,0.906546,0.421307,-0.025954,0.042282,-0.029458,0.998671,0,0.64000,-0.14916,38.400,-0.298,-1,400.000,-1,400.000,-1,325.000,325.000,275.000,275.000,625.000,725.000,800.000,-1,850.000,825.000,-1,-1,2,0,2,0,2,0,0,0,0,1,0,0,2,0,0,2,2
12,5008.870,3804.255,130.678,64.767,0.424790,-0.904165,-0.045149,0.904326,0.426111,-0.024952,0.041800,-0.030230,0.998669,0,0.72000,-0.15234,43.200,-0.305,-1,400.000,-1,400.000,-1,325.000,325.000,275.000,275.000,625.000,775.000,850.000,-1,875.000,825.000,-1,-1,2,0,2,0,2,0,0,0,0,1,0,0,2,0,0,2,2
13,5028.957,3846.284,132.637,64.454,0.429725,-0.901821,-0.045343,0.902020,0.431027,-0.024006,0.041193,-0.030584,0.998683,0,0.77638,-0.15608,46.583,-0.312,-1,425.000,-1,400.000,-1,325.000,325.000,275.000,275.000,625.000,850.000,925.000,-1,900.000,850.000,-1,-1,2,0,2,0,2,0,0,0,0,1,0,0,2,0,0,2,2
14,5049.259,3888.158,134.535,64.134,0.434783,-0.899381,-0.045581,0.899627,0.436060,-0.022860,0.040436,-0.031067,0.998699,0,0.77560,-0.16033,46.536,-0.321,-1,425.000,-1,400.000,-1,325.000,325.000,275.000,275.000,650.000,925.000,1000.000,-1,900.000,850.000,-1,-1,2,0,2,0,2,0,0,0,0,1,0,0,2,0,0,2,2
15,5069.792,3929.894,136.360,63.804,0.439970,-0.896839,-0.045889,0.897144,0.441217,-0.021449,0.039484,-0.031732,0.998716,0,0.77523,-0.16476,46.514,-0.330,-1,425.000,-1,400.000,-1,325.000,325.000,275.000,275.000,650.000,1000.000,-1,-1,925.000,850.000,-1,-1,2,0,2,0,2,0,0,0,0,1,0,2,2,0,0,2,2
16,5090.572,3971.510,138.151,63.466,0.445289,-0.894195,-0.046176,0.894560,0.446502,-0.019959,0.038465,-0.032420,0.998734,0,0.77525,-0.16938,46.515,-0.339,-1,425.000,-1,425.000,-1,325.000,325.000,275.000,275.000,675.000,-1,-1,-1,925.000,850.000,-1,-1,2,0,2,0,2,0,0,0,0,1,2,2,2,0,0,2,2
17,5111.615,4013.020,139.902,63.117,0.450746,-0.891444,-0.046427,0.891868,0.451920,-0.018417,0.037399,-0.033106,0.998752,0,0.77567,-0.17418,46.540,-0.348,-1,425.000,-1,425.000,-1,325.000,325.000,275.000,275.000,700.000,-1,-1,-1,925.000,850.000,-1,-1,2,0,2,0,2,0,0,0,0,1,2,2,2,0,0,2,2
18,5132.940,4054.440,141.589,62.759,0.456344,-0.888583,-0.046593,0.889061,0.457477,-0.016928,0.036357,-0.033699,0.998771,0,0.77645,-0.17915,46.587,-0.358,-1,425.000,-1,425.000,-1,325.000,325.000,275.000,275.000,725.000,-1,-1,-1,950.000,850.000,-1,-1,2,0,2,0,2,0,0,0,0,1,2,2,2,0,0,2,2
19,5154.562,4095.783,143.197,62.390,0.462093,-0.885608,-0.046562,0.886133,0.463176,-0.015388,0.035194,-0.034150,0.998797,0,0.77760,-0.18428,46.656,-0.369,-1,425.000,-1,425.000,-1,325.000,350.000,275.000,275.000,775.000,-1,-1,-1,950.000,850.000,-1,-1,2,0,2,0,2,0,0,0,0,1,2,2,2,0,0,2,2
20,5174.353,4132.664,144.481,61.782,0.471548,-0.880648,-0.045849,0.881189,0.472561,-0.013891,0.033899,-0.033851,0.998852,0,0.69760,-0.30428,41.856,-0.609,-1,425.000,-1,425.000,-1,325.000,325.000,275.000,275.000,800.000,-1,-1,-1,950.000,850.000,-1,-1,2,0,2,0,2,0,0,0,0,1,2,2,2,0,0,2,2
21,5193.489,4167.093,145.675,60.933,0.484608,-0.873566,-0.045135,0.874115,0.485558,-0.012487,0.032824,-0.033401,0.998903,0,0.65650,-0.42428,39.390,-0.849,-1,425.000,-1,400.000,-1,325.000,325.000,275.000,275.000,825.000,-1,-1,-1,950.000,825.000,-1,-1,2,0,2,0,2,0,0,0,0,1,2,2,2,0,0,2,2
22,5213.319,4201.225,146.914,59.845,0.501174,-0.864195,-0.044633,0.864754,0.502072,-0.011112,0.032012,-0.033027,0.998942,0,0.65789,-0.54428,39.474,-1.089,-1,425.000,-1,400.000,-1,325.000,325.000,275.000,275.000,850.000,-1,-1,-1,950.000,825.000,-1,-1,2,0,2,0,2,0,0,0,0,1,2,2,2,0,0,2,2
23,5233.983,4234.967,148.199,58.516,0.521122,-0.852330,-0.044338,0.852903,0.521979,-0.009743,0.031447,-0.032739,0.998969,0,0.65945,-0.66428,39.567,-1.329,-1,425.000,-1,400.000,-1,325.000,325.000,275.000,275.000,875.000,-1,-1,-1,950.000,825.000,-1,-1,2,0,2,0,2,0,0,0,0,1,2,2,2,0,0,2,2
24,5255.622,4268.221,149.493,56.948,0.544301,-0.837731,-0.044075,0.838317,0.545120,-0.008332,0.031007,-0.032414,0.998993,0,0.66123,-0.78428,39.674,-1.569,-1,425.000,-1,400.000,-1,350.000,325.000,300.000,275.000,925.000,-1,-1,-1,950.000,825.000,-1,-1,2,0,2,0,2,0,0,0,0,1,2,2,2,0,0,2,2
25,5278.369,4300.875,150.799,55.139,0.570510,-0.820119,-0.043852,0.820717,0.571294,-0.006866,0.030683,-0.032073,0.999014,0,0.66326,-0.90428,39.796,-1.809,-1,425.000,-1,400.000,-1,350.000,325.000,300.000,275.000,975.000,-1,-1,-1,925.000,800.000,-1,-1,2,0,2,0,2,0,0,0,0,1,2,2,2,0,0,2,2
26,5302.255,4332.880,152.108,53.265,0.597057,-0.801008,-0.043684,0.801623,0.597806,-0.005326,0.030381,-0.031839,0.999031,0,0.66560,-0.93679,39.936,-1.874,-1,425.000,-1,400.000,-1,350.000,325.000,300.000,275.000,-1,-1,-1,-1,925.000,800.000,-1,-1,2,0,2,0,2,0,0,0,0,2,2,2,2,0,0,2,2
27,5327.284,4364.211,153.315,51.381,0.623090,-0.780906,-0.044093,0.781559,0.623820,-0.003704,0.030399,-0.032153,0.999021,0,0.66835,-0.94235,40.101,-1.885,-1,425.000,-1,400.000,-1,325.000,325.000,300.000,275.000,-1,-1,-1,-1,900.000,800.000,-1,-1,2,0,2,0,2,0,0,0,0,2,2,2,2,0,0,2,2
28,5353.458,4394.841,154.578,49.485,0.648611,-0.759832,-0.044249,0.760519,0.649313,-0.001973,0.030230,-0.032373,0.999019,0,0.67150,-0.94808,40.290,-1.896,-1,425.000,-1,400.000,-1,325.000,325.000,300.000,300.000,-1,-1,-1,-1,900.000,775.000,-1,-1,2,0,2,0,2,0,0,0,0,2,2,2,2,0,0,2,2
29,5380.781,4424.739,155.871,47.577,0.673579,-0.737788,-0.044268,0.738508,0.674245,-0.000149,0.029957,-0.032592,0.999020,0,0.67502,-0.95396,40.501,-1.908,-1,425.000,-1,400.000,-1,325.000,325.000,300.000,300.000,-1,-1,-1,-1,875.000,775.000,-1,-1,2,0,2,0,2,0,0,0,0,2,2,2,2,0,0,2,2
30,5409.252,4453.870,157.167,45.657,0.697949,-0.714777,-0.044286,0.715532,0.698577,0.001768,0.029673,-0.032922,0.999017,0,0.67890,-0.95998,40.734,-1.920,-1,425.000,-1,400.000,-1,325.000,325.000,300.000,300.000,-1,-1,-1,-1,875.000,775.000,-1,-1,2,0,2,0,2,0,0,0,0,2,2,2,2,0,0,2,2
31,5442.158,4485.343,158.605,43.724,0.721686,-0.690802,-0.044291,0.691603,0.722267,0.003977,0.029243,-0.033502,0.999011,0,0.75890,-0.96614,45.534,-1.932,-1,425.000,-1,400.000,-1,325.000,325.000,300.000,300.000,-1,-1,-1,-1,850.000,750.000,-1,-1,2,0,2,0,2,0,0,0,0,2,2,2,2,0,0,2,2
32,5479.694,4518.879,160.088,41.778,0.744771,-0.665847,-0.044316,0.666715,0.745281,0.006926,0.028416,-0.034704,0.998994,0,0.83890,-0.97312,50.334,-1.946,-1,400.000,-1,400.000,-1,325.000,325.000,300.000,300.000,-1,-1,-1,-1,825.000,750.000,-1,-1,2,0,2,0,2,0,0,0,0,2,2,2,2,0,0,2,2
33,5519.561,4552.115,161.673,39.816,0.767165,-0.639918,-0.044303,0.640845,0.767610,0.009609,0.027859,-0.035763,0.998972,0,0.86507,-0.98094,51.904,-1.962,-1,400.000,-1,375.000,-1,325.000,325.000,300.000,300.000,-1,-1,-1,-1,800.000,750.000,-1,-1,2,0,2,0,2,0,0,0,0,2,2,2,2,0,0,2,2
34,5560.850,4584.186,163.481,37.838,0.788812,-0.613035,-0.044306,0.613989,0.789236,0.011112,0.028156,-0.035969,0.998956,0,0.87135,-0.98909,52.281,-1.978,-1,400.000,-1,375.000,-1,325.000,325.000,300.000,300.000,-1,-1,-1,-1,800.000,725.000,-1,-1,2,0,2,0,2,0,0,0,0,2,2,2,2,0,0,2,2
35,5604.178,4615.485,165.345,35.843,0.809680,-0.585189,-0.044408,0.586170,0.810092,0.012475,0.028674,-0.036132,0.998936,0,0.89085,-0.99738,53.451,-1.995,-1,400.000,-1,375.000,-1,325.000,325.000,300.000,300.000,-1,-1,-1,-1,775.000,725.000,-1,-1,2,0,2,0,2,0,0,0,0,2,2,2,2,0,0,2,2
36,5648.886,4645.475,167.233,33.853,0.829513,-0.556702,-0.044634,0.557712,0.829922,0.013683,0.029425,-0.036243,0.998910,0,0.89724,-0.99505,53.834,-1.990,-1,400.000,-1,375.000,-1,325.000,325.000,300.000,300.000,-1,-1,-1,-1,775.000,725.000,-1,-1,2,0,2,0,2,0,0,0,0,2,2,2,2,0,0,2,2
37,5694.920,4674.093,168.988,31.869,0.848270,-0.527642,-0.045090,0.528665,0.848715,0.014035,0.030864,-0.035743,0.998884,0,0.90341,-0.99212,54.204,-1.984,-1,400.000,-1,375.000,-1,325.000,325.000,325.000,300.000,-1,-1,-1,-1,775.000,725.000,-1,-1,2,0,2,0,2,0,0,0,0,2,2,2,2,0,0,2,2
38,5742.220,4701.282,170.815,29.892,0.865941,-0.498051,-0.045721,0.499096,0.866425,0.014530,0.032377,-0.035401,0.998849,0,0.90929,-0.98860,54.557,-1.977,-1,400.000,-1,375.000,-1,325.000,325.000,325.000,300.000,-1,-1,-1,-1,750.000,725.000,-1,-1,2,0,2,0,2,0,0,0,0,2,2,2,2,0,0,2,2
39,5790.719,4726.986,172.770,27.923,0.882512,-0.467989,-0.046463,0.469074,0.883024,0.015453,0.033796,-0.035432,0.998800,0,0.91481,-0.98446,54.889,-1.969,1000.000,400.000,-1,375.000,-1,325.000,325.000,325.000,300.000,-1,-1,-1,-1,750.000,725.000,975.000,-1,1,0,2,0,2,0,0,0,0,2,2,2,2,0,0,1,2
40,5840.343,4751.150,174.762,25.963,0.897959,-0.437522,-0.047364,0.438654,0.898506,0.016421,0.035372,-0.035522,0.998743,0,0.91991,-0.97970,55.194,-1.959,925.000,400.000,-1,375.000,-1,325.000,325.000,325.000,300.000,-1,-1,-1,-1,750.000,725.000,925.000,-1,1,0,2,0,2,0,0,0,0,2,2,2,2,0,0,1,2
41,5891.012,4773.725,176.793,24.015,0.912270,-0.406715,-0.048439,0.407904,0.912858,0.017467,0.037114,-0.035693,0.998673,0,0.92451,-0.97430,55.471,-1.949,850.000,400.000,-1,375.000,-1,325.000,325.000,325.000,300.000,-1,1000.000,-1,-1,750.000,725.000,900.000,-1,1,0,2,0,2,0,0,0,0,2,0,2,2,0,0,1,2
42,5942.639,4794.666,178.839,22.078,0.925431,-0.375630,-0.049797,0.376893,0.926068,0.018681,0.039098,-0.036056,0.998585,0,0.92854,-0.96827,55.712,-1.937,800.000,400.000,-1,375.000,-1,325.000,325.000,325.000,300.000,-1,950.000,-1,-1,725.000,750.000,900.000,-1,1,0,2,0,2,0,0,0,0,2,0,2,2,0,0,1,2
43,5995.131,4813.932,180.962,20.155,0.937454,-0.344335,-0.051116,0.345674,0.938143,0.019913,0.041098,-0.036337,0.998494,0,0.93191,-0.96161,55.915,-1.923,750.000,400.000,-1,375.000,-1,325.000,325.000,300.000,300.000,-1,900.000,-1,-1,725.000,775.000,875.000,-1,1,0,2,0,2,0,0,0,0,2,0,2,2,0,0,1,2
44,6048.385,4831.488,183.427,18.246,0.948376,-0.312908,-0.051682,0.314257,0.949122,0.020243,0.042718,-0.035440,0.998458,0,0.93456,-0.95434,56.074,-1.909,725.000,375.000,-1,375.000,-1,325.000,325.000,300.000,300.000,-1,900.000,-1,-1,725.000,775.000,850.000,-1,1,0,2,0,2,0,0,0,0,2,0,2,2,1,0,1,2
45,6102.297,4847.307,186.017,16.354,0.958166,-0.281398,-0.052284,0.282744,0.958981,0.020289,0.044430,-0.034223,0.998426,0,0.93641,-0.94647,56.185,-1.893,700.000,375.000,1000.000,400.000,-1,325.000,325.000,300.000,300.000,-1,900.000,-1,-1,675.000,800.000,800.000,-1,1,0,1,0,2,0,0,0,0,2,0,2,2,1,0,1,2
46,6156.755,4861.368,188.680,14.477,0.966837,-0.249864,-0.052855,0.251201,0.967723,0.020275,0.046083,-0.032880,0.998396,0,0.93739,-0.93803,56.244,-1.876,700.000,375.000,1000.000,400.000,-1,325.000,325.000,300.000,300.000,-1,800.000,-1,-1,625.000,825.000,750.000,-1,1,0,1,0,2,0,0,0,0,2,0,2,2,1,0,1,2
47,6211.644,4873.656,191.407,12.619,0.974405,-0.218364,-0.053396,0.219686,0.975361,0.020207,0.047668,-0.031420,0.998369,0,0.93745,-0.92907,56.247,-1.858,700.000,375.000,1000.000,400.000,-1,325.000,325.000,300.000,300.000,-1,750.000,-1,-1,575.000,850.000,675.000,-1,1,0,1,0,2,0,0,0,0,2,0,2,2,1,0,1,2
48,6268.722,4884.407,194.288,10.668,0.981251,-0.185035,-0.053932,0.186334,0.982281,0.020085,0.049260,-0.029757,0.998343,0,0.96803,-0.97566,58.082,-1.951,650.000,375.000,-1,400.000,-1,325.000,325.000,300.000,300.000,-1,750.000,950.000,-1,525.000,850.000,600.000,-1,1,0,2,0,2,0,1,0,0,2,0,0,2,1,0,1,2
49,6326.472,4893.274,197.243,8.730,0.986924,-0.151713,-0.054444,0.152981,0.988028,0.019917,0.050770,-0.027985,0.998318,0,0.97377,-0.96917,58.426,-1.938,575.000,375.000,-1,400.000,-1,325.000,325.000,300.000,300.000,-1,750.000,875.000,-1,500.000,875.000,525.000,-1,1,1,2,0,2,1,0,0,0,2,0,0,2,1,0,1,2
50,6384.795,4900.234,200.267,6.806,0.991437,-0.118468,-0.054933,0.119701,0.992614,0.019711,0.052192,-0.026117,0.998295,0,0.97896,-0.96181,58.738,-1.924,500.000,350.000,-1,400.000,-1,300.000,325.000,300.000,300.000,-1,750.000,850.000,-1,450.000,925.000,450.000,-1,1,1,2,0,2,1,0,0,0,2,0,0,2,1,0,1,2
51,6443.589,4905.273,203.351,4.899,0.994808,-0.085374,-0.055400,0.086566,0.996056,0.019473,0.053519,-0.024168,0.998274,0,0.98348,-0.95352,59.009,-1.907,400.000,325.000,-1,425.000,-1,300.000,325.000,300.000,300.000,-1,775.000,850.000,-1,425.000,975.000,400.000,-1,1,1,2,0,2,1,0,0,0,2,0,0,2,1,0,1,2
52,6502.740,4908.383,206.487,3.010,0.997058,-0.052505,-0.055844,0.053650,0.998375,0.019212,0.054744,-0.022152,0.998255,0,0.98721,-0.94427,59.232,-1.889,325.000,300.000,-1,425.000,-1,300.000,325.000,300.000,300.000,-1,800.000,850.000,-1,425.000,-1,325.000,-1,1,1,2,0,2,1,0,0,0,2,0,0,2,1,2,1,2
53,6562.127,4909.567,209.635,1.142,0.998225,-0.019934,-0.056112,0.021015,0.999603,0.018744,0.055716,-0.019890,0.998249,0,0.98998,-0.93400,59.399,-1.868,275.000,300.000,-1,425.000,-1,300.000,350.000,300.000,300.000,-1,850.000,875.000,-1,400.000,-1,275.000,-1,1,1,2,0,2,1,0,0,0,2,0,0,2,1,2,1,2
54,6616.726,4909.104,215.144,-0.486,0.997890,0.008474,-0.064366,-0.008182,0.999955,0.004812,0.064404,-0.004275,0.997915,0,0.90998,-0.81400,54.599,-1.628,250.000,300.000,-1,450.000,-1,325.000,375.000,325.000,300.000,-1,775.000,650.000,-1,425.000,-1,250.000,-1,1,1,2,0,2,1,0,0,0,2,0,0,2,1,2,1,2
55,6666.499,4907.478,220.164,-1.874,0.996840,0.032692,-0.072399,-0.033318,0.999417,-0.007445,0.072114,0.009834,0.997348,0,0.82998,-0.69400,49.799,-1.388,225.000,325.000,-1,475.000,-1,350.000,375.000,375.000,275.000,-1,625.000,425.000,-1,450.000,-1,250.000,-1,1,1,2,0,2,1,0,0,0,2,0,0,2,1,2,1,2
56,6715.094,4904.918,224.792,-3.022,0.995430,0.052698,-0.079636,-0.054299,0.998361,-0.018063,0.078554,0.022305,0.996660,0,0.81102,-0.57400,48.661,-1.148,225.000,350.000,-1,500.000,-1,375.000,400.000,400.000,275.000,-1,525.000,325.000,-1,475.000,-1,250.000,-1,1,1,2,0,2,1,0,0,0,2,0,0,2,1,2,1,2
57,6763.578,4901.594,229.164,-3.930,0.993924,0.068491,-0.086157,-0.071101,0.997087,-0.027593,0.084017,0.033551,0.995899,0,0.80994,-0.45400,48.596,-0.908,200.000,350.000,-1,525.000,-1,425.000,425.000,425.000,275.000,-1,475.000,275.000,-1,525.000,-1,250.000,-1,1,1,2,0,2,1,0,0,0,2,0,0,2,1,2,1,2
58,6811.921,4897.714,233.318,-4.598,0.992537,0.080079,-0.091967,-0.083711,0.995828,-0.036325,0.088675,0.043753,0.995099,0,0.80830,-0.33400,48.498,-0.668,200.000,375.000,-1,525.000,-1,450.000,425.000,400.000,250.000,-1,450.000,225.000,1000.000,-1,-1,250.000,-1,1,1,2,0,2,0,0,1,0,2,0,0,0,2,2,1,2
59,6860.106,4893.485,237.303,-5.026,0.991420,0.087476,-0.097134,-0.092136,0.994749,-0.044560,0.092726,0.053128,0.994273,0,0.80614,-0.21400,48.369,-0.428,175.000,400.000,-1,550.000,-1,475.000,450.000,350.000,250.000,-1,425.000,175.000,800.000,-1,-1,225.000,-1,1,1,2,0,2,0,0,1,0,2,0,0,0,2,2,1,2
60,6908.120,4889.113,241.176,-5.214,0.990665,0.090693,-0.101776,-0.096399,0.993952,-0.052606,0.096389,0.061926,0.993415,0,0.80353,-0.09400,48.212,-0.188,175.000,425.000,-1,575.000,-1,500.000,475.000,300.000,250.000,-1,425.000,150.000,675.000,-1,-1,225.000,-1,1,1,2,0,2,0,0,1,0,2,0,0,0,2,2,1,2
61,6955.959,4884.802,245.001,-5.162,0.990304,0.089740,-0.106044,-0.096536,0.993472,-0.060778,0.099897,0.070426,0.992502,0,0.80053,0.02600,48.032,0.052,150.000,500.000,-1,600.000,-1,525.000,500.000,275.000,250.000,-1,400.000,125.000,600.000,-1,-1,225.000,-1,1,1,2,0,2,0,0,1,0,2,0,0,0,2,2,1,2
62,7003.619,4880.739,248.840,-4.886,0.990287,0.084904,-0.110100,-0.092869,0.993260,-0.069349,0.103470,0.078900,0.991498,0,0.79720,0.13787,47.832,0.276,150.000,575.000,-1,625.000,-1,550.000,525.000,250.000,250.000,-1,375.000,100.000,525.000,-1,-1,200.000,-1,1,1,2,0,2,0,0,1,0,2,0,0,0,2,2,1,2
63,7051.082,4876.941,252.643,-4.589,0.990279,0.079710,-0.113990,-0.088898,0.992988,-0.077920,0.106980,0.087296,0.990421,0,0.79357,0.14817,47.614,0.296,150.000,675.000,-1,650.000,-1,575.000,550.000,225.000,250.000,-1,350.000,100.000,475.000,-1,-1,200.000,-1,1,1,2,0,2,0,0,1,0,2,0,0,0,2,2,1,2
64,-1639.827,-4263.557,76.167,-39.365,0.772187,0.634136,0.039996,-0.634381,0.772981,-0.007867,-0.035905,-0.019298,0.999169,1,0.00000,0.00000,47.348,0.318,-1,400.000,-1,375.000,-1,325.000,325.000,300.000,300.000,-1,-1,-1,-1,675.000,700.000,-1,-1,2,0,2,0,2,0,0,0,0,2,2,2,2,0,0,2,2
65,-1636.128,-4266.617,75.995,-39.605,0.769523,0.637366,0.039987,-0.637615,0.770315,-0.007824,-0.035789,-0.019476,0.999170,0,0.08000,-0.12000,4.800,-0.240,-1,400.000,-1,375.000,-1,325.000,325.000,300.000,300.000,-1,-1,-1,-1,675.000,700.000,-1,-1,2,0,2,0,2,0,0,0,0,2,2,2,2,0,0,2,2
66,-1628.783,-4272.799,75.672,-40.085,0.764160,0.643793,0.039868,-0.644050,0.764945,-0.007755,-0.035489,-0.019750,0.999175,0,0.16000,-0.24000,9.600,-0.480,-1,400.000,-1,375.000,-1,325.000,325.000,300.000,300.000,-1,-1,-1,-1,675.000,700.000,-1,-1,2,0,2,0,2,0,0,0,0,2,2,2,2,0,0,2,2
67,-1617.883,-4282.209,75.189,-40.805,0.756015,0.653349,0.039689,-0.653616,0.756788,-0.007645,-0.035031,-0.020162,0.999183,0,0.24000,-0.36000,14.400,-0.720,-1,400.000,-1,375.000,-1,325.000,325.000,300.000,300.000,-1,-1,-1,-1,675.000,700.000,-1,-1,2,0,2,0,2,0,0,0,0,2,2,2,2,0,0,2,2
68,-1603.562,-4294.997,74.553,-41.765,0.744970,0.665930,0.039465,-0.666210,0.745727,-0.007482,-0.034412,-0.020718,0.999193,0,0.32000,-0.48000,19.200,-0.960,-1,400.000,-1,375.000,-1,325.000,325.000,300.000,300.000,-1,-1,-1,-1,675.000,700.000,-1,-1,2,0,2,0,2,0,0,0,0,2,2,2,2,0,0,2,2
69,-1586.000,-4311.354,73.784,-42.965,0.730866,0.681390,0.039262,-0.681689,0.731606,-0.007258,-0.033670,-0.021460,0.999203,0,0.40000,-0.60000,24.000,-1.200,-1,400.000,-1,375.000,-1,325.000,325.000,300.000,300.000,-1,-1,-1,-1,675.000,700.000,-1,-1,2,0,2,0,2,0,0,0,0,2,2,2,2,0,0,2,2
70,-1565.424,-4331.506,72.896,-44.405,0.713519,0.699548,0.039028,-0.699867,0.714239,-0.007070,-0.032821,-0.022270,0.999213,0,0.48000,-0.72000,28.800,-1.440,-1,400.000,-1,375.000,-1,325.000,325.000,300.000,300.000,-1,-1,-1,-1,675.000,700.000,-1,-1,2,0,2,0,2,0,0,0,0,2,2,2,2,0,0,2,2
71,-1542.119,-4355.710,71.881,-46.085,0.692712,0.720171,0.038779,-0.720513,0.693408,-0.006809,-0.031793,-0.023224,0.999225,0,0.56000,-0.84000,33.600,-1.680,-1,375.000,-1,375.000,-1,325.000,325.000,300.000,300.000,-1,-1,-1,-1,675.000,700.000,-1,-1,2,0,2,0,2,0,0,0,0,2,2,2,2,0,0,2,2
72,-1516.427,-4384.249,70.748,-48.005,0.668204,0.742979,0.038530,-0.743349,0.668872,-0.006459,-0.030570,-0.024326,0.999237,0,0.64000,-0.96000,38.400,-1.920,-1,375.000,-1,375.000,-1,325.000,325.000,300.000,300.000,-1,-1,-1,-1,675.000,675.000,-1,-1,2,0,2,0,2,0,0,0,0,2,2,2,2,0,0,2,2
73,-1488.661,-4417.344,69.506,-50.005,0.641880,0.765848,0.038314,-0.766249,0.642516,-0.006000,-0.029213,-0.025507,0.999248,0,0.72000,-1.00000,43.200,-2.000,-1,375.000,-1,375.000,-1,325.000,325.000,300.000,300.000,-1,-1,-1,-1,675.000,675.000,-1,-1,2,0,2,0,2,0,0,0,0,2,2,2,2,0,0,2,2
74,-1459.112,-4455.171,68.164,-52.005,0.614775,0.787779,0.038157,-0.788214,0.615377,-0.005425,-0.027755,-0.026741,0.999257,0,0.80000,-1.00000,48.000,-2.000,-1,375.000,-1,375.000,-1,325.000,325.000,300.000,300.000,-1,-1,-1,-1,675.000,675.000,-1,-1,2,0,2,0,2,0,0,0,0,2,2,2,2,0,0,2,2
75,-1428.080,-4497.890,66.732,-54.005,0.586923,0.808747,0.038080,-0.809219,0.587488,-0.004729,-0.026196,-0.028039,0.999264,0,0.88000,-1.00000,52.800,-2.000,-1,375.000,-1,375.000,-1,325.000,300.000,300.000,300.000,-1,-1,-1,-1,675.000,675.000,-1,-1,2,0,2,0,2,0,0,0,0,2,2,2,2,0,0,2,2
76,-1395.873,-4545.644,65.469,-56.005,0.558368,0.828701,0.038457,-0.829252,0.558868,-0.002780,-0.023796,-0.030338,0.999256,0,0.96000,-1.00000,57.600,-2.000,-1,375.000,-1,375.000,-1,325.000,300.000,300.000,300.000,-1,-1,-1,-1,675.000,675.000,-1,-1,2,0,2,0,2,0,0,0,0,2,2,2,2,0,0,2,2
77,-1364.359,-4596.086,64.526,-58.005,0.529182,0.847646,0.038237,-0.848265,0.529572,-0.000092,-0.020328,-0.032387,0.999269,0,0.99128,-1.00000,59.477,-2.000,-1,375.000,-1,375.000,-1,325.000,300.000,300.000,300.000,-1,-1,-1,-1,675.000,675.000,-1,-1,2,0,2,0,2,0,0,0,0,2,2,2,2,0,0,2,2
78,-1334.624,-4647.596,63.669,-60.005,0.499362,0.865554,0.038129,-0.866232,0.499634,0.002696,-0.016717,-0.034375,0.999269,0,0.99128,-1.00000,59.477,-2.000,-1,375.000,-1,375.000,-1,325.000,300.000,300.000,300.000,-1,750.000,825.000,-1,675.000,675.000,-1,-1,2,0,2,0,2,0,0,0,0,2,0,0,2,0,0,2,2
79,-1306.706,-4700.113,62.944,-62.005,0.468926,0.882410,0.038230,-0.883134,0.469093,0.005030,-0.013495,-0.036121,0.999256,0,0.99128,-1.00000,59.477,-2.000,-1,375.000,-1,375.000,-1,325.000,300.000,275.000,300.000,-1,675.000,725.000,-1,675.000,700.000,-1,-1,2,0,2,0,2,0,0,0,0,2,0,0,2,0,0,2,2
80,-1280.637,-4753.572,62.416,-64.005,0.437919,0.898202,0.038211,-0.898953,0.437992,0.006894,-0.010544,-0.037369,0.999246,0,0.99128,-1.00000,59.477,-2.000,-1,375.000,-1,375.000,-1,325.000,300.000,275.000,300.000,-1,625.000,700.000,-1,700.000,700.000,-1,-1,2,0,2,0,2,0,0,0,0,2,0,0,2,0,0,2,2
81,-1256.450,-4807.909,62.303,-66.005,0.406431,0.912943,0.036743,-0.913658,0.406379,0.009195,-0.006537,-0.037308,0.999282,0,0.99128,-1.00000,59.477,-2.000,-1,375.000,-1,375.000,-1,325.000,325.000,275.000,300.000,-1,575.000,625.000,-1,700.000,725.000,-1,-1,2,0,2,0,2,0,0,0,0,2,0,0,2,0,0,2,2
82,-1234.175,-4863.057,62.229,-68.005,0.374439,0.926567,0.035617,-0.927248,0.374270,0.011570,-0.002609,-0.037358,0.999299,0,0.99128,-1.00000,59.477,-2.000,-1,375.000,-1,375.000,-1,325.000,325.000,275.000,300.000,-1,525.000,575.000,-1,725.000,750.000,-1,-1,2,0,2,0,2,0,0,0,0,2,0,0,2,0,0,2,2
83,-1213.837,-4918.949,62.198,-70.005,0.341987,0.939059,0.034813,-0.939704,0.341703,0.013999,0.001250,-0.037502,0.999296,0,0.99128,-1.00000,59.477,-2.000,-1,375.000,-1,375.000,-1,325.000,325.000,300.000,300.000,-1,500.000,550.000,-1,750.000,750.000,-1,-1,2,0,2,0,2,0,0,0,0,2,0,0,2,0,0,2,2
84,-1196.728,-4970.880,62.205,-71.765,0.313085,0.949105,0.034323,-0.949713,0.312698,0.016258,0.004698,-0.037687,0.999279,0,0.91128,-0.88000,54.677,-1.760,-1,400.000,-1,400.000,-1,325.000,325.000,300.000,300.000,-1,500.000,525.000,-1,750.000,775.000,-1,-1,2,0,2,0,2,0,0,0,0,2,0,0,2,0,0,2,2
85,-1181.900,-5020.255,62.244,-73.285,0.287892,0.957058,0.034037,-0.957631,0.287410,0.018394,0.007821,-0.037890,0.999251,0,0.85922,-0.76000,51.553,-1.520,-1,400.000,-1,400.000,-1,325.000,325.000,300.000,300.000,-1,475.000,500.000,-1,775.000,775.000,-1,-1,2,0,2,0,2,0,0,0,0,2,0,0,2,0,0,2,2
86,-1168.179,-5069.949,62.311,-74.565,0.266531,0.963231,0.033862,-0.963766,0.265957,0.020520,0.010760,-0.038105,0.999216,0,0.85922,-0.64000,51.553,-1.280,-1,400.000,-1,400.000,-1,325.000,325.000,300.000,300.000,-1,450.000,475.000,-1,775.000,800.000,-1,-1,2,0,2,0,2,0,0,0,0,2,0,0,2,0,0,2,2
87,-1155.565,-5119.936,62.516,-75.836,0.245168,0.968902,0.033503,-0.969389,0.244524,0.022194,0.013312,-0.037918,0.999192,0,0.85922,-0.63562,51.553,-1.271,-1,400.000,-1,400.000,-1,325.000,325.000,300.000,300.000,-1,425.000,450.000,-1,800.000,800.000,-1,-1,2,0,2,0,2,0,0,0,0,2,0,0,2,0,0,2,2
88,-1144.062,-5170.189,62.818,-77.107,0.223673,0.974103,0.033059,-0.974539,0.222972,0.023607,0.015624,-0.037497,0.999175,0,0.85922,-0.63562,51.553,-1.271,-1,400.000,-1,400.000,-1,325.000,325.000,300.000,300.000,-1,425.000,425.000,-1,800.000,850.000,-1,-1,2,0,2,0,2,0,0,0,0,2,0,0,2,0,0,2,2
89,-1133.676,-5220.686,63.361,-78.378,0.202050,0.978791,0.033807,-0.979228,0.201302,0.024275,0.016955,-0.038009,0.999134,0,0.85922,-0.63562,51.553,-1.271,-1,400.000,-1,400.000,-1,325.000,325.000,300.000,300.000,-1,450.000,450.000,-1,800.000,875.000,-1,-1,2,0,2,0,2,0,0,0,0,2,0,0,2,0,0,2,2
90,-1124.414,-5271.401,63.812,-79.650,0.180306,0.983009,0.034405,-0.983451,0.179536,0.024297,0.017708,-0.038217,0.999113,0,0.85922,-0.63562,51.553,-1.271,-1,400.000,-1,400.000,-1,325.000,325.000,300.000,300.000,-1,475.000,475.000,-1,800.000,875.000,-1,-1,2,0,2,0,2,0,0,0,0,2,0,0,2,0,0,2,2
91,-1116.279,-5322.308,64.512,-80.921,0.158424,0.986773,0.034360,-0.987217,0.157688,0.023197,0.017472,-0.037596,0.999140,0,0.85922,-0.63562,51.553,-1.271,-1,400.000,-1,400.000,-1,325.000,325.000,300.000,300.000,-1,550.000,550.000,-1,800.000,900.000,-1,-1,2,0,2,0,2,0,0,0,0,2,0,0,2,0,0,2,2
92,-1109.276,-5373.384,65.242,-82.192,0.136453,0.990050,0.034384,-0.990503,0.135760,0.021759,0.016875,-0.037026,0.999172,0,0.85922,-0.63562,51.553,-1.271,-1,400.000,-1,400.000,-1,325.000,325.000,300.000,300.000,-1,650.000,650.000,-1,800.000,900.000,-1,-1,2,0,2,0,2,0,0,0,0,2,0,0,2,0,0,2,2
93,-1103.407,-5424.602,65.992,-83.463,0.114418,0.992836,0.034440,-0.993298,0.113764,0.020400,0.016336,-0.036543,0.999199,0,0.85922,-0.63562,51.553,-1.271,-1,400.000,-1,400.000,-1,325.000,325.000,300.000,300.000,-1,775.000,775.000,-1,825.000,900.000,-1,-1,2,0,2,0,2,0,0,0,0,2,0,0,2,0,0,2,2
94,-1098.676,-5475.938,66.763,-84.735,0.092330,0.995130,0.034526,-0.995602,0.091711,0.019111,0.015851,-0.036139,0.999221,0,0.85922,-0.63562,51.553,-1.271,-1,400.000,-1,400.000,-1,325.000,325.000,300.000,300.000,-1,900.000,875.000,-1,825.000,925.000,-1,-1,2,0,2,0,2,0,0,0,0,2,0,0,2,0,0,2,2
95,-1095.085,-5527.366,67.557,-86.006,0.070199,0.996931,0.034640,-0.997414,0.069611,0.017879,0.015413,-0.035805,0.999240,0,0.85922,-0.63562,51.553,-1.271,-1,400.000,-1,400.000,-1,325.000,325.000,300.000,300.000,-1,1000.000,1000.000,-1,825.000,925.000,-1,-1,2,0,2,0,2,0,0,0,0,2,0,0,2,0,0,2,2
96,-1092.636,-5578.862,68.375,-87.277,0.048035,0.998240,0.034778,-0.998733,0.047478,0.016696,0.015015,-0.035536,0.999256,0,0.85922,-0.63562,51.553,-1.271,-1,400.000,-1,400.000,-1,325.000,325.000,300.000,300.000,-1,-1,-1,-1,825.000,925.000,-1,-1,2,0,2,0,2,0,0,0,0,2,2,2,2,0,0,2,2
97,-1091.330,-5630.398,69.219,-88.548,0.025850,0.999055,0.034935,-0.999558,0.025320,0.015551,0.014651,-0.035321,0.999269,0,0.85922,-0.63562,51.553,-1.271,-1,400.000,-1,400.000,-1,325.000,325.000,300.000,300.000,-1,-1,-1,-1,825.000,950.000,-1,-1,2,0,2,0,2,0,0,0,0,2,2,2,2,0,0,2,2
98,-1091.168,-5681.952,70.090,-89.819,0.003654,0.999377,0.035105,-0.999891,0.003149,0.014435,0.014315,-0.035154,0.999279,0,0.85922,-0.63562,51.553,-1.271,-1,400.000,-1,425.000,-1,325.000,325.000,300.000,300.000,-1,-1,-1,-1,825.000,950.000,-1,-1,2,0,2,0,2,0,0,0,0,2,2,2,2,0,0,2,2
99,-1092.149,-5733.496,70.989,-91.091,-0.018543,0.999205,0.035284,-0.999730,-0.019023,0.013339,0.013999,-0.035027,0.999288,0,0.85922,-0.63562,51.553,-1.271,-1,400.000,-1,425.000,-1,325.000,325.000,300.000,300.000,-1,-1,-1,-1,850.000,975.000,-1,-1,2,0,2,0,2,0,0,0,0,2,2,2,2,0,0,2,2
100,-1094.218,-5789.346,71.990,-92.122,-0.036551,0.998701,0.035509,-0.999241,-0.037003,0.012167,0.013465,-0.035037,0.999295,0,0.93147,-0.51562,55.888,-1.031,-1,425.000,-1,425.000,-1,350.000,350.000,300.000,300.000,-1,-1,-1,-1,850.000,1000.000,-1,-1,2,0,2,0,2,0,0,0,0,2,2,2,2,0,0,2,2
101,-1097.058,-5845.162,73.014,-92.913,-0.050369,0.998091,0.035749,-0.998649,-0.050791,0.010996,0.012791,-0.035147,0.999300,0,0.93147,-0.39562,55.888,-0.791,-1,425.000,-1,425.000,-1,350.000,350.000,300.000,300.000,-1,-1,-1,-1,850.000,1000.000,-1,-1,2,0,2,0,2,0,0,0,0,2,2,2,2,0,0,2,2
102,-1100.435,-5900.948,73.951,-93.464,-0.059998,0.997534,0.036425,-0.998127,-0.060389,0.009734,0.011909,-0.035773,0.999289,0,0.93147,-0.27562,55.888,-0.551,-1,425.000,-1,450.000,-1,350.000,350.000,300.000,300.000,-1,-1,-1,-1,850.000,-1,-1,-1,2,0,2,0,2,0,0,0,0,2,2,2,2,0,2,2,2
103,-1104.115,-5956.715,73.958,-93.776,-0.065499,0.997193,0.036287,-0.997805,-0.065807,0.007356,0.009723,-0.035726,0.999314,0,0.93147,-0.15562,55.888,-0.311,-1,425.000,-1,450.000,-1,350.000,350.000,300.000,300.000,-1,-1,-1,-1,825.000,-1,-1,-1,2,0,2,0,2,0,0,0,0,2,2,2,2,0,2,2,2
104,-1107.865,-6012.478,73.681,-93.847,-0.066853,0.997147,0.035045,-0.997740,-0.067050,0.004459,0.006796,-0.034667,0.999376,0,0.93147,-0.03562,55.888,-0.071,-1,425.000,-1,425.000,-1,350.000,350.000,300.000,300.000,-1,-1,-1,-1,825.000,1000.000,-1,-1,2,0,2,0,2,0,0,0,0,2,2,2,2,0,0,2,2
105,-1111.451,-6068.251,73.387,-93.678,-0.064026,0.997377,0.033756,-0.997941,-0.064114,0.001540,0.003700,-0.033588,0.999429,0,0.93147,0.08438,55.888,0.169,-1,425.000,-1,425.000,-1,350.000,350.000,300.000,300.000,-1,-1,-1,-1,800.000,975.000,-1,-1,2,0,2,0,2,0,0,0,0,2,2,2,2,0,0,2,2
106,-1114.835,-6124.036,73.081,-93.472,-0.060539,0.997637,0.032474,-0.998166,-0.060526,-0.001401,0.000568,-0.032499,0.999472,0,0.93147,0.10313,55.888,0.206,-1,425.000,-1,425.000,-1,350.000,350.000,300.000,275.000,-1,-1,-1,-1,800.000,950.000,-1,-1,2,0,2,0,2,0,0,0,0,2,2,2,2,0,0,2,2
107,-1118.019,-6179.834,72.763,-93.266,-0.057045,0.997884,0.031204,-0.998368,-0.056936,-0.004361,-0.002575,-0.031402,0.999504,0,0.93147,0.10313,55.888,0.206,-1,400.000,-1,425.000,-1,325.000,350.000,300.000,275.000,-1,-1,-1,-1,775.000,950.000,-1,-1,2,0,2,0,2,0,0,0,0,2,2,2,2,0,0,2,2
108,-1120.959,-6230.838,72.465,-93.299,-0.057714,0.997880,0.030070,-0.998319,-0.057526,-0.007092,-0.005347,-0.030428,0.999523,0,0.85147,-0.01687,51.088,-0.034,-1,400.000,-1,425.000,-1,325.000,350.000,300.000,275.000,-1,-1,-1,-1,750.000,925.000,-1,-1,2,0,2,0,2,0,0,0,0,2,2,2,2,0,0,2,2
109,-1123.844,-6277.036,72.191,-93.573,-0.062549,0.997619,0.029048,-0.998012,-0.062294,-0.009593,-0.007761,-0.029590,0.999532,0,0.77147,-0.13687,46.288,-0.274,-1,400.000,-1,425.000,-1,325.000,325.000,300.000,275.000,-1,-1,-1,-1,750.000,925.000,-1,-1,2,0,2,0,2,0,0,0,0,2,2,2,2,0,0,2,2
110,-1126.801,-6318.419,71.940,-94.087,-0.071548,0.997041,0.028121,-0.997389,-0.071239,-0.011867,-0.009829,-0.028896,0.999534,0,0.69147,-0.25687,41.488,-0.514,-1,400.000,-1,425.000,-1,325.000,325.000,300.000,275.000,-1,-1,-1,-1,750.000,900.000,-1,-1,2,0,2,0,2,0,0,0,0,2,2,2,2,0,0,2,2
111,-1130.203,-6358.586,71.693,-94.841,-0.084710,0.996035,0.027194,-0.996336,-0.084350,-0.014116,-0.011766,-0.028290,0.999530,0,0.67184,-0.37687,40.310,-0.754,-1,400.000,-1,425.000,-1,325.000,325.000,300.000,275.000,-1,-1,-1,-1,725.000,900.000,-1,-1,2,0,2,0,2,0,0,0,0,2,2,2,2,0,0,2,2
112,-1134.301,-6398.687,71.443,-95.834,-0.102020,0.994436,0.026228,-0.994689,-0.101613,-0.016416,-0.013659,-0.027763,0.999521,0,0.67184,-0.49687,40.310,-0.994,-1,400.000,-1,425.000,-1,325.000,325.000,300.000,300.000,-1,-1,-1,-1,725.000,900.000,-1,-1,2,0,2,0,2,0,0,0,0,2,2,2,2,0,0,2,2
113,-1139.261,-6438.692,71.188,-97.068,-0.123455,0.992030,0.025206,-0.992229,-0.123003,-0.018779,-0.015529,-0.027329,0.999506,0,0.67184,-0.61687,40.310,-1.234,-1,400.000,-1,425.000,-1,325.000,325.000,300.000,300.000,-1,-1,-1,-1,725.000,875.000,-1,-1,2,0,2,0,2,0,0,0,0,2,2,2,2,0,0,2,2
114,-1145.248,-6478.555,70.930,-98.542,-0.148974,0.988547,0.024115,-0.988688,-0.148477,-0.021221,-0.017398,-0.027003,0.999484,0,0.67184,-0.73687,40.310,-1.474,-1,400.000,-1,400.000,-1,325.000,325.000,300.000,300.000,-1,-1,-1,-1,725.000,875.000,-1,-1,2,0,2,0,2,0,0,0,0,2,2,2,2,0,0,2,2
115,-1152.425,-6518.222,70.550,-100.256,-0.178515,0.983657,0.023460,-0.983755,-0.177973,-0.023476,-0.018917,-0.027270,0.999449,0,0.67184,-0.85687,40.310,-1.714,-1,375.000,-1,400.000,-1,325.000,325.000,275.000,300.000,-1,-1,-1,-1,725.000,875.000,-1,-1,2,0,2,0,2,0,0,0,0,2,2,2,2,0,0,2,2
116,-1160.916,-6557.628,70.100,-102.160,-0.211137,0.977182,0.023169,-0.977260,-0.210560,-0.025034,-0.019584,-0.027928,0.999418,0,0.67184,-0.95220,40.310,-1.904,-1,375.000,-1,400.000,-1,325.000,325.000,275.000,300.000,-1,-1,-1,-1,725.000,875.000,-1,-1,2,0,2,0,2,0,0,0,0,2,2,2,2,0,0,2,2
117,-1170.712,-6596.730,69.675,-104.064,-0.243525,0.969627,0.022792,-0.969682,-0.242913,-0.026652,-0.020306,-0.028591,0.999385,0,0.67184,-0.95220,40.310,-1.904,-1,375.000,-1,400.000,-1,325.000,325.000,275.000,300.000,-1,-1,-1,-1,700.000,875.000,-1,-1,2,0,2,0,2,0,0,0,0,2,2,2,2,0,0,2,2
118,-1181.802,-6635.485,69.033,-105.969,-0.275590,0.961041,0.021226,-0.961070,-0.275007,-0.026758,-0.019878,-0.027774,0.999417,0,0.67184,-0.95220,40.310,-1.904,-1,375.000,-1,400.000,-1,325.000,325.000,275.000,300.000,-1,-1,-1,-1,725.000,875.000,-1,-1,2,0,2,0,2,0,0,0,0,2,2,2,2,0,0,2,2
119,-1194.174,-6673.851,68.348,-107.873,-0.307350,0.951393,0.019670,-0.951399,-0.306800,-0.026707,-0.019374,-0.026922,0.999450,0,0.67184,-0.95220,40.310,-1.904,-1,400.000,-1,425.000,-1,325.000,325.000,275.000,300.000,-1,-1,-1,-1,725.000,875.000,-1,-1,2,0,2,0,2,0,0,0,0,2,2,2,2,0,0,2,2
120,-1207.814,-6711.783,67.653,-109.778,-0.338776,0.940690,0.018223,-0.940676,-0.338254,-0.026716,-0.018968,-0.026192,0.999477,0,0.67184,-0.95220,40.310,-1.904,-1,400.000,-1,425.000,-1,325.000,325.000,275.000,300.000,-1,-1,-1,-1,725.000,875.000,-1,-1,2,0,2,0,2,0,0,0,0,2,2,2,2,0,0,2,2
121,-1222.707,-6749.242,66.939,-111.682,-0.369834,0.928945,0.016873,-0.928910,-0.369333,-0.026798,-0.018663,-0.025584,0.999498,0,0.67184,-0.95220,40.310,-1.904,-1,400.000,-1,425.000,-1,325.000,325.000,275.000,300.000,-1,-1,-1,-1,725.000,875.000,-1,-1,2,0,2,0,2,0,0,0,0,2,2,2,2,0,0,2,2
122,-1238.837,-6786.185,66.202,-113.586,-0.400488,0.916169,0.015624,-0.916116,-0.400005,-0.026961,-0.018451,-0.025111,0.999514,0,0.67184,-0.95220,40.310,-1.904,-1,400.000,-1,425.000,-1,325.000,325.000,275.000,300.000,-1,-1,-1,-1,750.000,875.000,-1,-1,2,0,2,0,2,0,0,0,0,2,2,2,2,0,0,2,2
123,-1256.185,-6822.571,65.437,-115.491,-0.430703,0.902377,0.014480,-0.902307,-0.430233,-0.027210,-0.018324,-0.024785,0.999525,0,0.67184,-0.95220,40.310,-1.904,-1,400.000,-1,425.000,-1,325.000,325.000,275.000,300.000,-1,-1,-1,-1,750.000,875.000,-1,-1,2,0,2,0,2,0,0,0,0,2,2,2,2,0,0,2,2
124,-1274.733,-6858.361,64.643,-117.395,-0.460447,0.887585,0.013450,-0.887499,-0.459985,-0.027552,-0.018268,-0.024624,0.999530,0,0.67184,-0.95220,40.310,-1.904,-1,400.000,-1,425.000,-1,325.000,325.000,275.000,300.000,-1,-1,-1,-1,750.000,875.000,-1,-1,2,0,2,0,2,0,0,0,0,2,2,2,2,0,0,2,2
125,-1294.460,-6893.515,63.834,-119.300,-0.489687,0.871807,0.012627,-0.871708,-0.489226,-0.027980,-0.018215,-0.024709,0.999529,0,0.67184,-0.95220,40.310,-1.904,-1,400.000,-1,425.000,-1,325.000,325.000,275.000,300.000,-1,-1,-1,-1,775.000,875.000,-1,-1,2,0,2,0,2,0,0,0,0,2,2,2,2,0,0,2,2
126,-1315.345,-6927.994,62.994,-121.204,-0.518389,0.855061,0.011943,-0.854951,-0.517924,-0.028519,-0.018200,-0.024994,0.999522,0,0.67184,-0.95220,40.310,-1.904,-1,400.000,-1,425.000,-1,325.000,325.000,275.000,300.000,-1,-1,-1,-1,775.000,875.000,-1,-1,2,0,2,0,2,0,0,0,0,2,2,2,2,0,0,2,2
127,-1337.363,-6961.759,62.120,-123.108,-0.546522,0.837367,0.011397,-0.837246,-0.546047,-0.029179,-0.018211,-0.025489,0.999509,0,0.67184,-0.95220,40.310,-1.904,-1,400.000,-1,425.000,-1,325.000,325.000,275.000,300.000,-1,-1,-1,-1,775.000,875.000,-1,-1,2,0,2,0,2,0,0,0,0,2,2,2,2,0,0,2,2
128,-1360.492,-6994.775,61.210,-125.013,-0.574055,0.818743,0.010983,-0.818614,-0.573562,-0.029971,-0.018240,-0.026196,0.999490,0,0.67184,-0.95220,40.310,-1.904,-1,400.000,-1,425.000,-1,325.000,325.000,275.000,300.000,-1,-1,-1,-1,800.000,875.000,-1,-1,2,0,2,0,2,0,0,0,0,2,2,2,2,0,0,2,2
129,-1384.704,-7027.003,60.375,-126.917,-0.600953,0.799221,0.010121,-0.799067,-0.600446,-0.030921,-0.018636,-0.026669,0.999471,0,0.67184,-0.95220,40.310,-1.904,-1,400.000,-1,425.000,-1,325.000,325.000,275.000,300.000,-1,-1,-1,-1,800.000,875.000,-1,-1,2,0,2,0,2,0,0,0,0,2,2,2,2,0,0,2,2
130,-1409.975,-7058.410,59.586,-128.822,-0.627186,0.778818,0.008947,-0.778630,-0.626668,-0.031979,-0.019299,-0.027024,0.999448,0,0.67184,-0.95220,40.310,-1.904,-1,400.000,-1,425.000,-1,325.000,325.000,275.000,300.000,-1,-1,-1,-1,800.000,875.000,-1,-1,2,0,2,0,2,0,0,0,0,2,2,2,2,0,0,2,2
131,-1436.275,-7088.959,58.806,-130.726,-0.652727,0.757554,0.007646,-0.757326,-0.652197,-0.033119,-0.020102,-0.027408,0.999422,0,0.67184,-0.95220,40.310,-1.904,-1,400.000,-1,400.000,-1,325.000,325.000,275.000,300.000,-1,-1,-1,-1,825.000,875.000,-1,-1,2,0,2,0,2,0,0,0,0,2,2,2,2,0,0,2,2
132,-1463.576,-7118.617,57.995,-132.630,-0.677548,0.735450,0.006423,-0.735181,-0.677000,-0.034336,-0.020903,-0.027986,0.999390,0,0.67184,-0.95220,40.310,-1.904,-1,400.000,-1,400.000,-1,325.000,325.000,275.000,300.000,-1,-1,-1,-1,825.000,850.000,-1,-1,2,0,2,0,2,0,0,0,0,2,2,2,2,0,0,2,2
133,-1495.079,-7150.905,57.170,-134.295,-0.698622,0.715473,0.005078,-0.715166,-0.698073,-0.035114,-0.021578,-0.028162,0.999370,0,0.75184,-0.83220,45.110,-1.664,-1,400.000,-1,400.000,-1,325.000,325.000,275.000,300.000,-1,-1,-1,-1,825.000,850.000,-1,-1,2,0,2,0,2,0,0,0,0,2,2,2,2,0,0,2,2
134,-1530.811,-7185.752,56.202,-135.719,-0.716191,0.697895,0.003729,-0.697543,-0.715637,-0.036011,-0.022463,-0.028392,0.999344,0,0.83184,-0.71220,49.910,-1.424,-1,400.000,-1,400.000,-1,325.000,325.000,275.000,300.000,-1,-1,-1,-1,850.000,850.000,-1,-1,2,0,2,0,2,0,0,0,0,2,2,2,2,0,0,2,2
135,-1568.702,-7221.206,55.114,-136.904,-0.730464,0.682946,0.002462,-0.682546,-0.729903,-0.037054,-0.023509,-0.028747,0.999310,0,0.86485,-0.59220,51.891,-1.184,-1,400.000,-1,400.000,-1,325.000,325.000,275.000,300.000,-1,-1,-1,-1,850.000,850.000,-1,-1,2,0,2,0,2,0,0,0,0,2,2,2,2,0,0,2,2
136,-1607.172,-7256.030,54.011,-137.848,-0.741619,0.670820,0.001287,-0.670377,-0.741056,-0.037826,-0.024421,-0.028916,0.999283,0,0.86485,-0.47220,51.891,-0.944,-1,400.000,-1,400.000,-1,325.000,325.000,275.000,275.000,-1,-1,-1,-1,850.000,850.000,-1,-1,2,0,2,0,2,0,0,0,0,2,2,2,2,0,0,2,2
