timestep,x_cm,y_cm,z_cm,yaw_deg,basis_xx,basis_xy,basis_xz,basis_yx,basis_yy,basis_yz,basis_zx,basis_zy,basis_zz,teleport_flag,throttle_cmd,steering_cmd,cmd_move_cm,cmd_turn_deg,lidar_cm_0,lidar_cm_1,lidar_cm_2,lidar_cm_3,lidar_cm_4,lidar_cm_5,lidar_cm_6,lidar_cm_7,lidar_cm_8,lidar_cm_9,lidar_cm_10,lidar_cm_11,lidar_cm_12,lidar_cm_13,lidar_cm_14,lidar_cm_15,lidar_cm_16,lidar_class_0,lidar_class_1,lidar_class_2,lidar_class_3,lidar_class_4,lidar_class_5,lidar_class_6,lidar_class_7,lidar_class_8,lidar_class_9,lidar_class_10,lidar_class_11,lidar_class_12,lidar_class_13,lidar_class_14,lidar_class_15,lidar_class_16
0,8203.384,-2293.484,233.369,26.676,0.895612,-0.444765,-0.007965,0.440936,0.885250,0.148013,-0.058780,-0.136074,0.988953,1,0.08000,0.12000,4.800,0.240,375.000,300.000,-1,375.000,-1,275.000,300.000,250.000,525.000,475.000,100.000,0.000,325.000,500.000,700.000,425.000,-1,1,0,2,0,2,0,0,0,0,1,1,1,1,0,0,0,2
1,8211.930,-2289.114,231.831,27.156,0.891697,-0.452519,-0.010124,0.449291,0.882181,0.141051,-0.054897,-0.130324,0.989951,0,0.16000,0.24000,9.600,0.480,375.000,325.000,-1,375.000,-1,275.000,300.000,250.000,500.000,475.000,75.000,0.000,325.000,500.000,725.000,450.000,-1,1,0,2,0,2,0,0,0,0,1,1,1,1,0,0,1,2
2,8224.665,-2282.396,229.554,27.876,0.885700,-0.464072,-0.013116,0.461648,0.877377,0.130732,-0.049161,-0.121844,0.991331,0,0.24000,0.36000,14.400,0.720,375.000,325.000,-1,375.000,-1,275.000,300.000,250.000,475.000,475.000,75.000,0.000,350.000,525.000,725.000,450.000,-1,1,0,2,0,2,0,0,0,0,1,1,1,1,0,0,1,2
3,8241.494,-2273.159,226.593,28.820,0.877614,-0.479080,-0.016623,0.477550,0.870741,0.117285,-0.041714,-0.110869,0.992959,0,0.32000,0.47187,19.200,0.944,375.000,325.000,-1,400.000,-1,275.000,300.000,250.000,450.000,500.000,75.000,0.000,375.000,550.000,725.000,450.000,-1,1,0,2,0,2,0,0,0,0,1,1,1,1,0,0,1,2
4,8262.332,-2261.258,223.155,29.779,0.869086,-0.494256,-0.019998,0.493562,0.863755,0.101605,-0.032945,-0.098174,0.994624,0,0.40000,0.47972,24.000,0.959,375.000,350.000,-1,400.000,-1,300.000,300.000,275.000,400.000,525.000,75.000,0.000,400.000,550.000,750.000,450.000,-1,1,0,2,0,2,0,0,0,0,1,1,1,1,1,0,1,2
5,8287.089,-2246.547,219.352,30.758,0.860103,-0.509599,-0.023078,0.509595,0.856282,0.084229,-0.023162,-0.084206,0.996179,0,0.48000,0.48959,28.800,0.979,375.000,350.000,-1,400.000,-1,300.000,300.000,275.000,375.000,525.000,50.000,0.000,450.000,550.000,750.000,425.000,-1,1,0,2,0,2,0,0,0,0,1,1,1,1,1,0,1,2
6,8315.665,-2228.875,215.333,31.761,0.850648,-0.525105,-0.025745,0.525581,0.848191,0.065849,-0.012741,-0.069545,0.997497,0,0.56000,0.50150,33.600,1.003,350.000,375.000,-1,400.000,-1,300.000,325.000,300.000,325.000,550.000,50.000,0.000,475.000,525.000,775.000,425.000,-1,1,0,2,0,2,0,0,0,0,1,1,1,1,1,0,1,2
7,8344.865,-2210.075,212.454,32.792,0.840812,-0.540643,-0.027219,0.541297,0.839168,0.052864,-0.005739,-0.059182,0.998231,0,0.57883,0.51547,34.730,1.031,350.000,400.000,-1,400.000,-1,325.000,325.000,300.000,300.000,575.000,50.000,0.000,525.000,500.000,800.000,400.000,-1,1,0,2,0,2,0,0,0,0,1,1,1,1,1,0,1,2
8,8374.140,-2190.439,212.236,33.852,0.830678,-0.556089,-0.027176,0.556714,0.829048,0.052440,-0.006631,-0.058690,0.998254,0,0.58751,0.52997,35.251,1.060,325.000,400.000,-1,400.000,-1,325.000,325.000,300.000,300.000,600.000,75.000,25.000,575.000,475.000,800.000,375.000,-1,1,0,2,0,2,0,0,0,0,1,1,1,1,1,0,1,2
9,8403.487,-2169.934,211.978,34.942,0.819965,-0.571769,-0.027140,0.572363,0.818348,0.052029,-0.007538,-0.058196,0.998277,0,0.59668,0.54475,35.801,1.090,300.000,375.000,975.000,400.000,-1,325.000,325.000,300.000,300.000,625.000,100.000,50.000,650.000,450.000,800.000,325.000,-1,1,1,1,0,2,0,0,0,0,1,1,1,1,1,0,1,2
10,8432.895,-2148.521,211.678,36.061,0.808648,-0.587667,-0.027114,0.588232,0.807043,0.051631,-0.008460,-0.057701,0.998298,0,0.60631,0.55981,36.379,1.120,275.000,350.000,900.000,400.000,-1,325.000,325.000,300.000,300.000,650.000,150.000,100.000,650.000,425.000,800.000,300.000,-1,1,1,1,0,2,0,0,0,0,1,1,1,1,1,0,1,2
11,8465.599,-2123.498,211.231,37.421,0.794494,-0.606678,-0.026845,0.607193,0.792906,0.051142,-0.009741,-0.056933,0.998331,0,0.68631,0.67981,41.179,1.360,225.000,325.000,825.000,400.000,-1,325.000,325.000,300.000,300.000,700.000,175.000,125.000,675.000,400.000,800.000,275.000,-1,1,1,1,0,2,0,0,0,0,1,1,1,1,1,0,1,2
12,8501.321,-2094.551,210.617,39.020,0.777272,-0.628612,-0.026346,0.629061,0.775707,0.050595,-0.011368,-0.055899,0.998372,0,0.76631,0.79981,45.979,1.600,200.000,300.000,725.000,400.000,-1,325.000,325.000,300.000,300.000,725.000,200.000,175.000,700.000,350.000,775.000,225.000,-1,1,1,1,0,2,0,0,0,0,1,1,1,1,1,0,1,2
13,8538.391,-2062.486,209.889,40.860,0.756718,-0.653229,-0.025883,0.653609,0.755173,0.050090,-0.013174,-0.054821,0.998409,0,0.81692,0.91981,49.015,1.840,175.000,275.000,625.000,400.000,-1,300.000,325.000,300.000,300.000,750.000,250.000,250.000,725.000,300.000,775.000,175.000,-1,1,1,1,0,2,1,0,1,0,1,1,1,1,1,1,1,2
14,8577.654,-2026.439,213.350,42.568,0.736487,-0.676029,-0.023906,0.676451,0.735993,0.026976,-0.000642,-0.036039,0.999350,0,0.88836,0.85413,53.302,1.708,150.000,250.000,600.000,425.000,-1,275.000,350.000,300.000,300.000,800.000,275.000,275.000,725.000,300.000,700.000,175.000,-1,1,1,1,0,2,1,0,1,0,1,1,1,1,1,1,1,2
15,8616.286,-1988.464,218.002,44.517,0.712823,-0.701065,-0.019782,0.701161,0.712998,-0.002735,0.016022,-0.011921,0.999801,0,0.90285,0.97413,54.171,1.948,150.000,225.000,550.000,475.000,-1,250.000,325.000,325.000,275.000,850.000,275.000,225.000,700.000,275.000,650.000,150.000,-1,1,1,1,1,2,1,1,1,0,1,1,0,1,1,1,1,2
16,8654.188,-1948.498,223.050,46.517,0.688096,-0.725498,-0.013256,0.724806,0.688075,-0.034775,0.034350,0.014321,0.999307,0,0.91799,1.00000,55.079,2.000,150.000,225.000,525.000,425.000,-1,225.000,300.000,350.000,275.000,900.000,275.000,125.000,675.000,250.000,575.000,150.000,-1,1,1,1,1,2,1,1,1,0,1,1,0,0,1,1,1,2
17,8691.278,-1906.528,228.492,48.517,0.663165,-0.748462,-0.004036,0.746499,0.661798,-0.069006,0.054320,0.042749,0.997608,0,0.93348,1.00000,56.009,2.000,125.000,200.000,500.000,375.000,-1,225.000,275.000,375.000,250.000,950.000,225.000,75.000,450.000,250.000,525.000,125.000,-1,1,1,1,1,2,1,1,1,0,1,0,0,0,1,1,1,2
18,8727.469,-1862.552,234.347,50.517,0.638319,-0.769729,0.008146,0.766034,0.634143,-0.105142,0.075765,0.073354,0.994424,0,0.94917,1.00000,56.950,2.000,125.000,200.000,475.000,350.000,-1,200.000,250.000,425.000,250.000,-1,200.000,25.000,325.000,225.000,475.000,125.000,-1,1,1,1,1,2,1,1,1,0,2,0,0,0,1,1,1,2
19,-4263.555,4919.492,111.210,-75.278,0.253594,0.966931,0.027094,-0.967067,0.254060,-0.015343,-0.021719,-0.022311,0.999515,1,0.00000,0.00000,52.150,1.760,-1,375.000,-1,375.000,-1,300.000,300.000,325.000,325.000,-1,475.000,425.000,-1,650.000,725.000,-1,-1,2,0,2,0,2,0,0,0,0,2,0,0,2,0,0,2,2
20,-4262.316,4914.855,111.105,-75.038,0.257652,0.965864,0.026887,-0.965997,0.258109,-0.015145,-0.021568,-0.022071,0.999524,0,0.08000,0.12000,4.800,0.240,-1,375.000,-1,375.000,-1,300.000,300.000,325.000,325.000,-1,475.000,400.000,-1,650.000,725.000,-1,-1,2,0,2,0,2,0,0,0,0,2,0,0,2,0,0,2,2
21,-4259.760,4905.601,110.894,-74.558,0.265754,0.963678,0.026471,-0.963807,0.266194,-0.014747,-0.021258,-0.021594,0.999541,0,0.16000,0.24000,9.600,0.480,-1,375.000,-1,375.000,-1,300.000,300.000,325.000,325.000,-1,475.000,400.000,-1,650.000,725.000,-1,-1,2,0,2,0,2,0,0,0,0,2,0,0,2,0,0,2,2
22,-4255.752,4891.770,110.576,-73.838,0.277871,0.960271,0.025839,-0.960394,0.278287,-0.014149,-0.020777,-0.020884,0.999566,0,0.24000,0.36000,14.400,0.720,-1,375.000,-1,375.000,-1,300.000,300.000,325.000,325.000,-1,450.000,400.000,-1,650.000,700.000,-1,-1,2,0,2,0,2,0,0,0,0,2,0,0,2,0,0,2,2
23,-4250.100,4873.421,110.151,-72.878,0.293958,0.955492,0.024982,-0.955607,0.294342,-0.013348,-0.020107,-0.019950,0.999599,0,0.32000,0.48000,19.200,0.960,-1,375.000,-1,375.000,-1,300.000,300.000,325.000,325.000,-1,450.000,375.000,-1,650.000,700.000,-1,-1,2,0,2,0,2,0,0,0,0,2,0,0,2,0,0,2,2
24,-4242.556,4850.638,109.617,-71.678,0.313949,0.949139,0.023888,-0.949245,0.314295,-0.012342,-0.019222,-0.018801,0.999638,0,0.40000,0.60000,24.000,1.200,-1,375.000,-1,375.000,-1,300.000,300.000,325.000,325.000,-1,425.000,375.000,-1,650.000,700.000,-1,-1,2,0,2,0,2,0,0,0,0,2,0,0,2,0,0,2,2
25,-4232.819,4823.534,108.978,-70.238,0.337755,0.940964,0.022542,-0.941060,0.338056,-0.011133,-0.018096,-0.017454,0.999684,0,0.48000,0.72000,28.800,1.440,-1,375.000,-1,375.000,-1,300.000,300.000,325.000,325.000,-1,400.000,350.000,-1,650.000,700.000,-1,-1,2,0,2,0,2,0,0,0,0,2,0,0,2,0,0,2,2
26,-4220.537,4792.259,108.235,-68.558,0.365254,0.930672,0.020928,-0.930758,0.365507,-0.009720,-0.016696,-0.015929,0.999734,0,0.56000,0.84000,33.600,1.680,-1,375.000,-1,375.000,-1,300.000,300.000,325.000,325.000,-1,375.000,325.000,-1,650.000,700.000,-1,-1,2,0,2,0,2,0,0,0,0,2,0,0,2,0,0,2,2
27,-4205.341,4756.994,107.394,-66.689,0.395485,0.918275,0.019032,-0.918350,0.395686,-0.008108,-0.014976,-0.014271,0.999786,0,0.64000,0.93482,38.400,1.870,-1,375.000,-1,375.000,-1,300.000,300.000,325.000,325.000,-1,350.000,325.000,-1,650.000,700.000,-1,-1,2,0,2,0,2,0,0,0,0,2,0,0,2,0,0,2,2
28,-4186.965,4717.898,106.567,-64.825,0.425200,0.904935,0.017286,-0.905004,0.425354,-0.006395,-0.013140,-0.012925,0.999830,0,0.72000,0.93205,43.200,1.864,-1,375.000,-1,375.000,-1,300.000,300.000,325.000,325.000,-1,350.000,300.000,-1,650.000,700.000,-1,-1,2,0,2,0,2,0,0,0,0,2,0,0,2,0,0,2,2
29,-4165.144,4675.144,105.916,-62.961,0.454446,0.890625,0.016329,-0.890700,0.454569,-0.004600,-0.011520,-0.012454,0.999856,0,0.80000,0.93205,48.000,1.864,-1,375.000,-1,375.000,-1,300.000,300.000,325.000,325.000,-1,350.000,325.000,-1,650.000,700.000,-1,-1,2,0,2,0,2,0,0,0,0,2,0,0,2,0,0,2,2
30,-4140.356,4630.248,105.336,-61.096,0.483213,0.875368,0.015368,-0.875452,0.483300,-0.002304,-0.009444,-0.012341,0.999879,0,0.85474,0.93205,51.284,1.864,-1,375.000,-1,375.000,-1,300.000,300.000,325.000,325.000,-1,350.000,325.000,-1,675.000,700.000,-1,-1,2,0,2,0,2,0,0,0,0,2,0,0,2,0,0,2,2
31,-4114.122,4586.182,104.825,-59.232,0.511467,0.859183,0.014353,-0.859272,0.511518,0.000109,-0.007248,-0.012388,0.999897,0,0.85474,0.93205,51.284,1.864,-1,375.000,-1,375.000,-1,300.000,300.000,325.000,325.000,-1,350.000,325.000,-1,675.000,700.000,-1,-1,2,0,2,0,2,0,0,0,0,2,0,0,2,0,0,2,2
32,-4086.467,4542.993,104.368,-57.368,0.539178,0.842088,0.013250,-0.842177,0.539195,0.002540,-0.005005,-0.012528,0.999909,0,0.85474,0.93205,51.284,1.864,-1,375.000,-1,375.000,-1,300.000,300.000,325.000,325.000,-1,350.000,350.000,-1,675.000,700.000,-1,-1,2,0,2,0,2,0,0,0,0,2,0,0,2,0,0,2,2
33,-4057.422,4500.726,103.982,-55.504,0.566315,0.824101,0.012047,-0.824184,0.566300,0.004921,-0.002767,-0.012716,0.999915,0,0.85474,0.93205,51.284,1.864,-1,375.000,-1,375.000,-1,300.000,300.000,325.000,325.000,-1,350.000,350.000,-1,675.000,700.000,-1,-1,2,0,2,0,2,0,0,0,0,2,0,0,2,0,0,2,2
34,-4027.018,4459.426,103.870,-53.640,0.592844,0.805249,0.010490,-0.805317,0.592812,0.006241,-0.001193,-0.012147,0.999926,0,0.85474,0.93205,51.284,1.864,-1,375.000,-1,375.000,-1,300.000,300.000,325.000,325.000,-1,375.000,375.000,-1,675.000,725.000,-1,-1,2,0,2,0,2,0,0,0,0,2,0,0,2,0,0,2,2
35,-3995.287,4419.137,103.892,-51.776,0.618743,0.785547,0.008563,-0.785593,0.618697,0.007559,0.000640,-0.011404,0.999935,0,0.85474,0.93205,51.284,1.864,-1,375.000,-1,375.000,-1,300.000,300.000,325.000,325.000,-1,375.000,400.000,-1,700.000,725.000,-1,-1,2,0,2,0,2,0,0,0,0,2,0,0,2,0,0,2,2
36,-3962.262,4379.901,103.995,-49.912,0.643984,0.765011,0.006560,-0.765035,0.643928,0.008843,0.002541,-0.010713,0.999939,0,0.85474,0.93205,51.284,1.864,-1,375.000,-1,375.000,-1,300.000,300.000,325.000,325.000,-1,400.000,425.000,-1,700.000,725.000,-1,-1,2,0,2,0,2,0,0,0,0,2,0,0,2,0,0,2,2
37,-3927.977,4341.761,104.154,-48.048,0.668537,0.743664,0.004635,-0.743666,0.668476,0.010090,0.004405,-0.010192,0.999938,0,0.85474,0.93205,51.284,1.864,-1,375.000,-1,375.000,-1,300.000,300.000,325.000,325.000,-1,425.000,425.000,-1,700.000,750.000,-1,-1,2,0,2,0,2,0,0,0,0,2,0,0,2,0,0,2,2
38,-3892.471,4304.756,104.370,-46.184,0.692379,0.721528,0.002795,-0.721507,0.692315,0.011305,0.006221,-0.009844,0.999932,0,0.85474,0.93205,51.284,1.864,-1,375.000,-1,375.000,-1,300.000,300.000,325.000,325.000,-1,425.000,425.000,-1,725.000,750.000,-1,-1,2,0,2,0,2,0,0,0,0,2,0,0,2,0,0,2,2
39,-3856.559,4269.392,104.638,-44.560,0.712552,0.701618,0.001136,-0.701574,0.712487,0.012487,0.007952,-0.009695,0.999921,0,0.84001,0.81205,50.400,1.624,-1,375.000,-1,375.000,-1,325.000,325.000,325.000,325.000,-1,425.000,425.000,-1,725.000,775.000,-1,-1,2,0,2,0,2,0,0,0,0,2,0,0,2,0,0,2,2
40,-3819.804,4234.907,104.975,-43.176,0.729292,0.684203,-0.000301,-0.684136,0.729226,0.013685,0.009583,-0.009774,0.999906,0,0.84001,0.69205,50.400,1.384,-1,375.000,-1,375.000,-1,325.000,325.000,325.000,325.000,-1,425.000,425.000,-1,750.000,775.000,-1,-1,2,0,2,0,2,0,0,0,0,2,0,0,2,0,0,2,2
41,-3782.368,4201.161,105.417,-42.031,0.742808,0.669503,-0.001349,-0.669414,0.742739,0.014938,0.011003,-0.010194,0.999888,0,0.84001,0.57205,50.400,1.144,-1,400.000,-1,375.000,-1,325.000,325.000,300.000,325.000,-1,425.000,425.000,-1,750.000,800.000,-1,-1,2,0,2,0,2,0,0,0,0,2,0,0,2,0,0,2,2
42,-3744.404,4168.011,105.922,-41.127,0.753280,0.657696,-0.002195,-0.657584,0.753206,0.016233,0.012330,-0.010785,0.999866,0,0.84001,0.45205,50.400,0.904,-1,400.000,-1,400.000,-1,325.000,325.000,300.000,325.000,-1,450.000,450.000,-1,775.000,825.000,-1,-1,2,0,2,0,2,0,0,0,0,2,0,0,2,0,0,2,2
43,-3706.058,4135.303,106.472,-40.463,0.760853,0.648917,-0.002931,-0.648781,0.760773,0.017555,0.013622,-0.011455,0.999842,0,0.84001,0.33205,50.400,0.664,-1,400.000,-1,400.000,-1,325.000,325.000,300.000,325.000,-1,450.000,450.000,-1,775.000,825.000,-1,-1,2,0,2,0,2,0,0,0,0,2,0,0,2,0,0,2,2
44,-3667.471,4102.880,106.972,-40.039,0.765635,0.643266,-0.003558,-0.643110,0.765552,0.018451,0.014593,-0.011839,0.999823,0,0.84001,0.21205,50.400,0.424,-1,400.000,-1,400.000,-1,325.000,325.000,300.000,325.000,-1,450.000,475.000,-1,800.000,850.000,-1,-1,2,0,2,0,2,0,0,0,0,2,0,0,2,0,0,2,2
45,-3628.780,4070.581,107.469,-39.855,0.767697,0.640801,-0.004055,-0.640629,0.767612,0.019135,0.015375,-0.012092,0.999809,0,0.84001,0.09205,50.400,0.184,-1,400.000,-1,400.000,-1,325.000,325.000,300.000,325.000,-1,475.000,500.000,-1,825.000,875.000,-1,-1,2,0,2,0,2,0,0,0,0,2,0,0,2,0,0,2,2
46,-3590.121,4038.244,107.992,-39.911,0.767071,0.641548,-0.004415,-0.641362,0.766984,0.019739,0.016050,-0.012310,0.999795,0,0.84001,-0.02795,50.400,-0.056,-1,400.000,-1,400.000,-1,325.000,325.000,300.000,325.000,-1,500.000,525.000,-1,825.000,875.000,-1,-1,2,0,2,0,2,0,0,0,0,2,0,0,2,0,0,2,2
47,-3551.629,4005.708,108.543,-40.207,0.763747,0.645499,-0.004634,-0.645301,0.763659,0.020260,0.016617,-0.012484,0.999784,0,0.84001,-0.14795,50.400,-0.296,-1,400.000,-1,425.000,-1,325.000,325.000,300.000,325.000,-1,525.000,550.000,-1,850.000,900.000,-1,-1,2,0,2,0,2,0,0,0,0,2,0,0,2,0,0,2,2
48,-3513.443,3972.814,108.993,-40.743,0.757669,0.652622,-0.004768,-0.652440,0.757598,0.019158,0.016115,-0.011404,0.999805,0,0.84001,-0.26795,50.400,-0.536,-1,400.000,-1,425.000,-1,325.000,325.000,300.000,325.000,-1,575.000,600.000,-1,875.000,925.000,-1,-1,2,0,2,0,2,0,0,0,0,2,0,0,2,0,0,2,2
49,-3475.670,3939.447,109.495,-41.455,0.749485,0.662004,-0.004819,-0.661844,0.749433,0.017714,0.015338,-0.010087,0.999831,0,0.84001,-0.35634,50.400,-0.713,-1,400.000,-1,425.000,-1,325.000,325.000,300.000,300.000,-1,650.000,675.000,-1,900.000,950.000,-1,-1,2,0,2,0,2,0,0,0,0,2,0,0,2,0,0,2,2
50,-3438.314,3905.612,110.006,-42.168,0.741186,0.671282,-0.004799,-0.671144,0.741149,0.016222,0.014446,-0.008803,0.999857,0,0.84001,-0.35634,50.400,-0.713,-1,400.000,-1,425.000,-1,325.000,325.000,300.000,300.000,-1,750.000,750.000,-1,900.000,975.000,-1,-1,2,0,2,0,2,0,0,0,0,2,0,0,2,0,0,2,2
51,-3401.382,3871.316,110.528,-42.881,0.732774,0.680456,-0.004708,-0.680340,0.732750,0.014678,0.013438,-0.007552,0.999881,0,0.84001,-0.35634,50.400,-0.713,-1,400.000,-1,425.000,-1,325.000,325.000,300.000,300.000,-1,825.000,825.000,-1,925.000,975.000,-1,-1,2,0,2,0,2,0,0,0,0,2,0,0,2,0,0,2,2
52,-3364.880,3836.563,111.035,-43.593,0.724250,0.689523,-0.004436,-0.689428,0.724235,0.013111,0.012253,-0.006437,0.999904,0,0.84001,-0.35634,50.400,-0.713,-1,425.000,-1,425.000,-1,325.000,325.000,300.000,300.000,-1,950.000,925.000,-1,950.000,1000.000,-1,-1,2,0,2,0,2,0,0,0,0,2,0,0,2,0,0,2,2
53,-3328.812,3801.359,111.448,-44.306,0.715620,0.698481,-0.003629,-0.698408,0.715606,0.011620,0.010713,-0.005781,0.999926,0,0.84001,-0.35634,50.400,-0.713,-1,425.000,-1,425.000,-1,325.000,325.000,300.000,300.000,-1,-1,-1,-1,975.000,-1,-1,-1,2,0,2,0,2,0,0,0,0,2,2,2,2,0,2,2,2
54,-3293.185,3765.709,111.832,-45.019,0.706879,0.707329,-0.002596,-0.707277,0.706864,0.010135,0.009004,-0.005328,0.999945,0,0.84001,-0.35634,50.400,-0.713,-1,425.000,-1,425.000,-1,325.000,325.000,300.000,300.000,-1,-1,-1,-1,1000.000,-1,-1,-1,2,0,2,0,2,0,0,0,0,2,2,2,2,0,2,2,2
55,-3258.005,3729.618,112.184,-45.732,0.698029,0.716068,-0.001339,-0.716034,0.698012,0.008646,0.007126,-0.005076,0.999962,0,0.84001,-0.35634,50.400,-0.713,-1,425.000,-1,425.000,-1,350.000,325.000,300.000,300.000,-1,-1,-1,-1,-1,-1,-1,-1,2,0,2,0,2,0,0,0,0,2,2,2,2,2,2,2,2
56,-3223.276,3693.093,112.507,-46.444,0.689070,0.724695,0.000142,-0.724677,0.689052,0.007145,0.005080,-0.005026,0.999974,0,0.84001,-0.35634,50.400,-0.713,-1,425.000,-1,425.000,-1,350.000,350.000,300.000,300.000,-1,-1,-1,-1,-1,-1,-1,-1,2,0,2,0,2,0,0,0,0,2,2,2,2,2,2,2,2
57,-3189.004,3656.138,112.703,-47.157,0.680001,0.733209,0.001746,-0.733205,0.679984,0.005616,0.002931,-0.005099,0.999983,0,0.84001,-0.35634,50.400,-0.713,-1,425.000,-1,425.000,-1,350.000,350.000,300.000,300.000,-1,-1,-1,-1,-1,-1,-1,-1,2,0,2,0,2,0,0,0,0,2,2,2,2,2,2,2,2
58,-3155.194,3618.760,112.606,-47.870,0.670821,0.741606,0.004390,-0.741619,0.670808,0.004112,0.000104,-0.006014,0.999982,0,0.84001,-0.35634,50.400,-0.713,-1,425.000,-1,425.000,-1,350.000,350.000,300.000,300.000,-1,-1,-1,-1,-1,-1,-1,-1,2,0,2,0,2,0,0,0,0,2,2,2,2,2,2,2,2
59,-3121.852,3580.965,112.464,-48.582,0.661527,0.749888,0.007119,-0.749916,0.661528,0.002546,-0.002800,-0.007022,0.999971,0,0.84001,-0.35634,50.400,-0.713,-1,425.000,-1,425.000,-1,350.000,350.000,300.000,300.000,-1,-1,-1,-1,-1,-1,-1,-1,2,0,2,0,2,0,0,0,0,2,2,2,2,2,2,2,2
60,-3091.968,3546.521,112.306,-49.055,0.655292,0.755314,0.009651,-0.755356,0.655314,0.001104,-0.005491,-0.008013,0.999953,0,0.76001,-0.23634,45.600,-0.473,-1,425.000,-1,425.000,-1,350.000,350.000,300.000,300.000,-1,-1,-1,-1,-1,-1,-1,-1,2,0,2,0,2,0,0,0,0,2,2,2,2,2,2,2,2
61,-3064.032,3514.057,112.060,-49.288,0.652190,0.757965,0.011734,-0.758015,0.652237,-0.000255,-0.007847,-0.008728,0.999931,0,0.71381,-0.11634,42.829,-0.233,-1,425.000,-1,425.000,-1,350.000,350.000,300.000,300.000,-1,-1,-1,-1,-1,-1,-1,-1,2,0,2,0,2,0,0,0,0,2,2,2,2,2,2,2,2
62,-3036.093,3481.597,111.643,-49.280,0.652261,0.757880,0.013169,-0.757931,0.652333,-0.001601,-0.009803,-0.008937,0.999912,0,0.71381,0.00366,42.829,0.007,-1,425.000,-1,425.000,-1,350.000,350.000,300.000,300.000,-1,-1,-1,-1,-1,-1,-1,-1,2,0,2,0,2,0,0,0,0,2,2,2,2,2,2,2,2
63,-3008.013,3449.257,111.193,-49.033,0.655498,0.755056,0.014619,-0.755105,0.655597,-0.002889,-0.011766,-0.009145,0.999889,0,0.71381,0.12366,42.829,0.247,-1,425.000,-1,425.000,-1,350.000,350.000,300.000,300.000,-1,-1,-1,-1,-1,-1,-1,-1,2,0,2,0,2,0,0,0,0,2,2,2,2,2,2,2,2
64,-2979.659,3417.158,110.679,-48.546,0.661864,0.749452,0.016066,-0.749496,0.661995,-0.004268,-0.013834,-0.009217,0.999862,0,0.71381,0.24366,42.829,0.487,-1,425.000,-1,450.000,-1,350.000,350.000,300.000,300.000,-1,-1,-1,-1,-1,-1,-1,-1,2,0,2,0,2,0,0,0,0,2,2,2,2,2,2,2,2
65,-2950.900,3385.420,109.834,-47.818,0.671287,0.740995,0.017317,-0.741007,0.671461,-0.006978,-0.016798,-0.008148,0.999826,0,0.71381,0.36366,42.829,0.727,-1,425.000,-1,450.000,-1,350.000,350.000,300.000,300.000,-1,-1,-1,-1,-1,-1,-1,-1,2,0,2,0,2,0,0,0,0,2,2,2,2,2,2,2,2
66,-2921.610,3354.173,108.883,-46.851,0.683662,0.729561,0.018635,-0.729529,0.683881,-0.009722,-0.019837,-0.006948,0.999779,0,0.71381,0.48366,42.829,0.967,-1,425.000,-1,450.000,-1,350.000,350.000,300.000,300.000,-1,-1,-1,-1,-1,-1,-1,-1,2,0,2,0,2,0,0,0,0,2,2,2,2,2,2,2,2
67,-2891.673,3323.544,107.627,-45.655,0.698704,0.715133,0.019959,-0.715028,0.698971,-0.013210,-0.023397,-0.005041,0.999714,0,0.71381,0.59811,42.829,1.196,-1,425.000,-1,450.000,-1,350.000,350.000,300.000,300.000,-1,-1,-1,-1,1000.000,-1,-1,-1,2,0,2,0,2,0,0,0,0,2,2,2,2,0,2,2,2
68,-2861.104,3293.547,106.322,-44.459,0.713437,0.700390,0.021473,-0.700201,0.713753,-0.016580,-0.026938,-0.003207,0.999632,0,0.71381,0.59811,42.829,1.196,-1,425.000,-1,425.000,-1,350.000,350.000,300.000,300.000,-1,-1,-1,-1,1000.000,1000.000,-1,-1,2,0,2,0,2,0,0,0,0,2,2,2,2,0,0,2,2
69,-2829.915,3264.195,104.970,-43.262,0.727855,0.685339,0.023168,-0.685054,0.728222,-0.019819,-0.030455,-0.001446,0.999535,0,0.71381,0.59811,42.829,1.196,-1,425.000,-1,425.000,-1,350.000,350.000,300.000,300.000,-1,-1,-1,-1,975.000,975.000,-1,-1,2,0,2,0,2,0,0,0,0,2,2,2,2,0,0,2,2
70,-2798.120,3235.499,103.571,-42.066,0.741950,0.669988,0.025036,-0.669596,0.742372,-0.022917,-0.033941,0.000239,0.999424,0,0.71381,0.59811,42.829,1.196,-1,425.000,-1,425.000,-1,350.000,350.000,300.000,300.000,-1,-1,-1,-1,950.000,950.000,-1,-1,2,0,2,0,2,0,0,0,0,2,2,2,2,0,0,2,2
71,-2765.733,3207.474,102.126,-40.870,0.755714,0.654343,0.027067,-0.653834,0.756196,-0.025864,-0.037392,0.001849,0.999299,0,0.71381,0.59811,42.829,1.196,-1,425.000,-1,425.000,-1,350.000,350.000,300.000,300.000,-1,-1,-1,-1,950.000,950.000,-1,-1,2,0,2,0,2,0,0,0,0,2,2,2,2,0,0,2,2
72,-2732.767,3180.132,100.543,-39.674,0.769139,0.638411,0.029259,-0.637797,0.769689,-0.028171,-0.040505,0.003006,0.999175,0,0.71381,0.59811,42.829,1.196,-1,425.000,-1,425.000,-1,350.000,350.000,300.000,300.000,-1,-1,-1,-1,925.000,925.000,-1,-1,2,0,2,0,2,0,0,0,0,2,2,2,2,0,0,2,2
73,-2699.238,3153.483,98.786,-38.477,0.782207,0.622203,0.031863,-0.621496,0.782848,-0.029856,-0.043520,0.003551,0.999046,0,0.71381,0.59811,42.829,1.196,-1,425.000,-1,425.000,-1,350.000,350.000,300.000,300.000,-1,-1,-1,-1,900.000,925.000,-1,-1,2,0,2,0,2,0,0,0,0,2,2,2,2,0,0,2,2
74,-2665.160,3127.540,96.952,-37.281,0.794915,0.605723,0.034774,-0.604925,0.795666,-0.031337,-0.046650,0.003874,0.998904,0,0.71381,0.59811,42.829,1.196,-1,425.000,-1,425.000,-1,325.000,350.000,300.000,300.000,-1,-1,-1,-1,875.000,900.000,-1,-1,2,0,2,0,2,0,0,0,0,2,2,2,2,0,0,2,2
75,-2630.548,3102.314,95.086,-36.085,0.807265,0.588980,0.037756,-0.588089,0.808137,-0.032656,-0.049745,0.004158,0.998753,0,0.71381,0.59811,42.829,1.196,-1,425.000,-1,425.000,-1,325.000,325.000,300.000,300.000,-1,-1,-1,-1,850.000,900.000,-1,-1,2,0,2,0,2,0,0,0,0,2,2,2,2,0,0,2,2
76,-2595.417,3077.817,93.191,-34.889,0.819253,0.571980,0.040797,-0.570997,0.820256,-0.033808,-0.052802,0.004402,0.998595,0,0.71381,0.59811,42.829,1.196,-1,400.000,-1,425.000,-1,325.000,325.000,300.000,300.000,-1,-1,-1,-1,850.000,875.000,-1,-1,2,0,2,0,2,0,0,0,0,2,2,2,2,0,0,2,2
77,-2559.782,3054.058,91.268,-33.693,0.830872,0.554730,0.043889,-0.553658,0.832017,-0.034790,-0.055816,0.004606,0.998430,0,0.71381,0.59811,42.829,1.196,-1,400.000,-1,425.000,-1,325.000,325.000,300.000,300.000,-1,-1,-1,-1,825.000,875.000,-1,-1,2,0,2,0,2,0,0,0,0,2,2,2,2,0,0,2,2
78,-2523.659,3031.048,89.056,-32.496,0.842184,0.537237,0.045857,-0.536060,0.843412,-0.035998,-0.058016,0.005735,0.998299,0,0.71381,0.59811,42.829,1.196,-1,400.000,-1,425.000,-1,325.000,325.000,300.000,300.000,-1,-1,-1,-1,800.000,875.000,-1,-1,2,0,2,0,2,0,0,0,0,2,2,2,2,0,0,2,2
79,-2487.063,3008.797,86.698,-31.300,0.853154,0.519507,0.047331,-0.518219,0.854435,-0.037277,-0.059807,0.007276,0.998183,0,0.71381,0.59811,42.829,1.196,-1,400.000,-1,425.000,-1,325.000,325.000,300.000,300.000,-1,-1,-1,-1,800.000,850.000,-1,-1,2,0,2,0,2,0,0,0,0,2,2,2,2,0,0,2,2
80,-2450.011,2987.316,84.173,-30.104,0.863783,0.501548,0.048252,-0.500138,0.865080,-0.038712,-0.061158,0.009306,0.998085,0,0.71381,0.59811,42.829,1.196,-1,400.000,-1,425.000,-1,325.000,325.000,300.000,300.000,-1,-1,-1,-1,775.000,850.000,-1,-1,2,0,2,0,2,0,0,0,0,2,2,2,2,0,0,2,2
81,-2408.413,2964.117,81.162,-29.148,0.872016,0.487028,0.048908,-0.485464,0.873307,-0.040745,-0.062555,0.011787,0.997972,0,0.79381,0.47811,47.629,0.956,-1,400.000,-1,425.000,-1,325.000,325.000,300.000,300.000,-1,-1,-1,-1,775.000,825.000,-1,-1,2,0,2,0,2,0,0,0,0,2,2,2,2,0,0,2,2
82,-2362.544,2939.284,77.834,-28.431,0.878007,0.476060,0.049708,-0.474334,0.879301,-0.042870,-0.064117,0.014062,0.997843,0,0.86933,0.35811,52.160,0.716,-1,400.000,-1,400.000,-1,325.000,325.000,300.000,300.000,-1,-1,-1,-1,775.000,825.000,-1,-1,2,0,2,0,2,0,0,0,0,2,2,2,2,0,0,2,2
83,-2316.471,2914.832,74.466,-27.955,0.881898,0.468721,0.050563,-0.466841,0.883202,-0.044888,-0.065697,0.015982,0.997712,0,0.86933,0.23811,52.160,0.476,-1,400.000,-1,400.000,-1,325.000,325.000,300.000,300.000,-1,-1,-1,-1,750.000,800.000,-1,-1,2,0,2,0,2,0,0,0,0,2,2,2,2,0,0,2,2
84,-2270.297,2890.571,71.055,-27.719,0.883780,0.465064,0.051459,-0.463035,0.885104,-0.046801,-0.067312,0.017535,0.997578,0,0.86933,0.11811,52.160,0.236,-1,400.000,-1,400.000,-1,325.000,325.000,300.000,300.000,-1,-1,-1,-1,750.000,775.000,-1,-1,2,0,2,0,2,0,0,0,0,2,2,2,2,0,0,2,2
85,-2224.124,2866.306,67.595,-27.723,0.883700,0.465112,0.052386,-0.462943,0.885054,-0.048617,-0.068977,0.018711,0.997443,0,0.86933,-0.00189,52.160,-0.004,-1,400.000,-1,400.000,-1,325.000,325.000,300.000,300.000,-1,-1,-1,-1,725.000,750.000,-1,-1,2,0,2,0,2,0,0,0,0,2,2,2,2,0,0,2,2
86,-2177.995,2841.958,64.074,-27.827,0.882800,0.466707,0.053368,-0.464403,0.884194,-0.050310,-0.070668,0.019629,0.997307,0,0.86933,-0.05192,52.160,-0.104,-1,400.000,-1,400.000,-1,325.000,325.000,300.000,300.000,-1,-1,-1,-1,725.000,725.000,-1,-1,2,0,2,0,2,0,0,0,0,2,2,2,2,0,0,2,2
87,-2131.911,2817.526,60.485,-27.930,0.881900,0.468302,0.054276,-0.465875,0.883333,-0.051797,-0.072200,0.020394,0.997182,0,0.86933,-0.05192,52.160,-0.104,-1,375.000,-1,400.000,-1,325.000,325.000,300.000,300.000,-1,-1,-1,-1,725.000,725.000,-1,-1,2,0,2,0,2,0,0,0,0,2,2,2,2,0,0,2,2
88,-2085.871,2793.011,56.735,-28.034,0.881004,0.469900,0.055014,-0.467402,0.882479,-0.052591,-0.073261,0.020619,0.997100,0,0.86933,-0.05192,52.160,-0.104,-1,375.000,-1,400.000,-1,325.000,325.000,300.000,300.000,-1,-1,-1,-1,700.000,700.000,-1,-1,2,0,2,0,2,0,0,0,0,2,2,2,2,0,0,2,2
89,-2039.876,2768.412,52.989,-28.138,0.880120,0.471495,0.055506,-0.468929,0.881619,-0.053418,-0.074122,0.020986,0.997028,0,0.86933,-0.05192,52.160,-0.104,-1,375.000,-1,400.000,-1,325.000,325.000,300.000,300.000,-1,-1,-1,-1,700.000,700.000,-1,-1,2,0,2,0,2,0,0,0,0,2,2,2,2,0,0,2,2
90,-1993.925,2743.730,49.318,-28.242,0.879273,0.473084,0.055419,-0.470447,0.880748,-0.054420,-0.074556,0.021778,0.996979,0,0.86933,-0.05192,52.160,-0.104,-1,375.000,-1,375.000,-1,300.000,325.000,300.000,300.000,-1,-1,-1,-1,700.000,675.000,-1,-1,2,0,2,0,2,0,0,0,0,2,2,2,2,0,0,2,2
91,-1948.020,2718.965,45.636,-28.346,0.878433,0.474670,0.055167,-0.471967,0.879873,-0.055415,-0.074844,0.022642,0.996938,0,0.86933,-0.05192,52.160,-0.104,-1,375.000,-1,375.000,-1,300.000,300.000,300.000,300.000,-1,-1,-1,-1,675.000,650.000,-1,-1,2,0,2,0,2,0,0,0,0,2,2,2,2,0,0,2,2
92,-1902.159,2694.117,41.941,-28.450,0.877602,0.476253,0.054749,-0.473489,0.878992,-0.056404,-0.074986,0.023577,0.996906,0,0.86933,-0.05192,52.160,-0.104,-1,375.000,-1,375.000,-1,300.000,300.000,300.000,300.000,-1,-1,-1,-1,675.000,650.000,-1,-1,2,0,2,0,2,0,0,0,0,2,2,2,2,0,0,2,2
93,-1856.343,2669.186,38.174,-28.553,0.876796,0.477831,0.053904,-0.475008,0.878101,-0.057494,-0.074806,0.024805,0.996890,0,0.86933,-0.05192,52.160,-0.104,-1,375.000,-1,375.000,-1,300.000,300.000,300.000,300.000,-1,-1,-1,-1,650.000,650.000,-1,-1,2,0,2,0,2,0,0,0,0,2,2,2,2,0,0,2,2
94,-1810.573,2644.172,34.492,-28.657,0.876000,0.479411,0.052822,-0.476570,0.877213,-0.058129,-0.074204,0.025747,0.996911,0,0.86933,-0.05192,52.160,-0.104,-1,375.000,-1,375.000,-1,300.000,300.000,300.000,300.000,-1,-1,-1,-1,650.000,625.000,-1,-1,2,0,2,0,2,0,0,0,0,2,2,2,2,0,0,2,2
95,-1764.848,2619.075,31.239,-28.761,0.875216,0.481007,0.051265,-0.478312,0.876357,-0.056716,-0.072207,0.025118,0.997073,0,0.86933,-0.05192,52.160,-0.104,-1,375.000,-1,375.000,-1,300.000,300.000,300.000,300.000,-1,-1,-1,-1,650.000,625.000,-1,-1,2,0,2,0,2,0,0,0,0,2,2,2,2,0,0,2,2
96,-1719.019,2593.811,28.024,-28.867,0.874419,0.482637,0.049536,-0.480107,0.875483,-0.055022,-0.069923,0.024330,0.997256,0,0.87219,-0.05299,52.332,-0.106,-1,375.000,-1,350.000,-1,300.000,300.000,300.000,300.000,-1,-1,-1,-1,650.000,625.000,-1,1000.000,2,0,2,0,2,0,0,0,0,2,2,2,2,0,0,2,1
97,-1672.922,2568.282,24.807,-28.978,0.873583,0.484336,0.047650,-0.481981,0.874567,-0.053174,-0.067428,0.023486,0.997448,0,0.87824,-0.05531,52.694,-0.111,-1,375.000,-1,375.000,-1,300.000,300.000,300.000,300.000,-1,-1,-1,-1,650.000,625.000,-1,950.000,2,0,2,0,2,0,0,0,0,2,2,2,2,0,0,2,1
98,-1626.560,2542.484,21.580,-29.093,0.872708,0.486108,0.045600,-0.483937,0.873608,-0.051130,-0.064691,0.022554,0.997650,0,0.88428,-0.05774,53.057,-0.115,-1,375.000,-1,375.000,-1,300.000,300.000,300.000,300.000,-1,-1,-1,-1,650.000,625.000,-1,925.000,2,0,2,0,2,0,0,0,0,2,2,2,2,0,0,2,1
99,-1579.936,2516.412,18.362,-29.214,0.871789,0.487955,0.043395,-0.485972,0.872601,-0.048969,-0.061762,0.021602,0.997857,0,0.89032,-0.06027,53.419,-0.121,-1,375.000,-1,375.000,-1,300.000,300.000,300.000,300.000,-1,-1,-1,-1,650.000,625.000,-1,875.000,2,0,2,0,2,0,0,0,0,2,2,2,2,0,0,2,1
100,-1533.054,2490.061,15.157,-29.340,0.870823,0.489880,0.041039,-0.488085,0.871545,-0.046717,-0.058653,0.020651,0.998065,0,0.89634,-0.06291,53.780,-0.126,-1,375.000,-1,375.000,950.000,300.000,300.000,325.000,325.000,-1,600.000,550.000,-1,625.000,625.000,-1,850.000,2,0,2,0,1,0,0,0,0,2,0,0,2,0,0,2,1
101,-1485.920,2463.426,11.992,-29.471,0.869806,0.491886,0.038549,-0.490269,0.870435,-0.044492,-0.055439,0.019800,0.998266,0,0.90233,-0.06569,54.140,-0.131,-1,375.000,-1,375.000,900.000,300.000,300.000,325.000,325.000,-1,475.000,475.000,-1,625.000,625.000,-1,825.000,2,0,2,0,1,0,0,0,0,2,0,0,2,0,0,2,1
102,-1438.538,2436.500,8.977,-29.608,0.868732,0.493971,0.036008,-0.492495,0.869260,-0.042852,-0.052468,0.019493,0.998432,0,0.90830,-0.06859,54.498,-0.137,-1,375.000,-1,375.000,825.000,300.000,300.000,325.000,325.000,-1,425.000,425.000,-1,625.000,625.000,-1,775.000,2,0,2,0,1,0,0,0,0,2,0,0,2,0,0,2,1
103,-1390.915,2409.280,6.062,-29.751,0.867611,0.496143,0.033057,-0.494802,0.868021,-0.041361,-0.049216,0.019528,0.998597,0,0.91424,-0.07164,54.854,-0.143,-1,375.000,-1,350.000,775.000,300.000,300.000,325.000,325.000,-1,375.000,375.000,-1,625.000,625.000,-1,725.000,2,0,2,0,1,0,0,0,0,2,0,0,2,0,0,2,1
104,-1343.056,2381.759,3.433,-29.901,0.866470,0.498398,0.028791,-0.497190,0.866702,-0.040372,-0.045075,0.020667,0.998770,0,0.92012,-0.07485,55.207,-0.150,-1,375.000,-1,350.000,725.000,300.000,300.000,325.000,325.000,-1,350.000,350.000,-1,625.000,625.000,-1,700.000,2,0,2,0,1,0,0,0,0,2,0,0,2,0,0,2,1
105,-1294.970,2353.933,0.863,-30.058,0.865251,0.500748,0.024323,-0.499676,0.865314,-0.039437,-0.040795,0.021969,0.998926,0,0.92596,-0.07822,55.557,-0.156,-1,375.000,-1,350.000,675.000,300.000,300.000,325.000,325.000,-1,325.000,325.000,-1,650.000,625.000,-1,650.000,2,0,2,0,1,0,0,0,0,2,0,0,2,0,0,2,1
106,-1246.665,2325.795,-1.558,-30.221,0.863936,0.503204,0.020036,-0.502268,0.863859,-0.038403,-0.036633,0.023115,0.999061,0,0.93172,-0.08178,55.903,-0.164,-1,375.000,-1,350.000,600.000,300.000,300.000,325.000,300.000,-1,300.000,300.000,-1,650.000,625.000,-1,625.000,2,0,2,0,1,0,0,0,0,2,0,0,2,0,1,2,1
107,-1198.151,2297.341,-3.465,-30.392,0.862482,0.505785,0.017525,-0.504968,0.862359,-0.036661,-0.033655,0.022770,0.999174,0,0.93740,-0.08554,56.244,-0.171,-1,375.000,-1,350.000,550.000,300.000,300.000,325.000,300.000,-1,325.000,325.000,-1,625.000,600.000,-1,575.000,2,0,2,0,1,0,0,0,0,2,0,0,2,0,1,2,1
108,-1149.437,2268.565,-5.210,-30.571,0.860937,0.508483,0.015228,-0.507777,0.860784,-0.034822,-0.030814,0.022247,0.999278,0,0.94298,-0.08952,56.579,-0.179,-1,375.000,-1,350.000,500.000,300.000,300.000,325.000,300.000,-1,350.000,325.000,-1,625.000,550.000,-1,525.000,2,0,2,0,1,0,0,0,0,2,0,0,2,0,1,2,1
109,-1097.745,2238.103,-6.627,-30.510,0.861511,0.507584,0.012554,-0.507032,0.861353,-0.031450,-0.026777,0.020729,0.999426,0,1.00000,0.03048,60.000,0.061,-1,375.000,-1,350.000,475.000,300.000,300.000,325.000,300.000,-1,350.000,350.000,-1,625.000,525.000,-1,500.000,2,0,2,0,1,0,0,0,0,2,0,0,2,0,1,2,1
110,-1045.893,2207.914,-7.790,-30.209,0.864194,0.503068,0.009602,-0.502666,0.864034,-0.027793,-0.022278,0.019192,0.999568,0,1.00000,0.15048,60.000,0.301,-1,375.000,1000.000,350.000,425.000,300.000,300.000,325.000,325.000,-1,325.000,375.000,-1,625.000,500.000,-1,450.000,2,0,1,0,1,0,0,0,0,2,0,0,2,0,1,2,1
111,-993.795,2178.152,-8.806,-29.737,0.868327,0.495949,0.006541,-0.495677,0.868170,-0.024189,-0.017676,0.017761,0.999686,0,1.00000,0.23591,60.000,0.472,-1,375.000,975.000,350.000,375.000,300.000,300.000,325.000,325.000,-1,325.000,375.000,-1,625.000,475.000,-1,400.000,2,0,1,0,1,0,0,0,0,2,0,0,2,0,1,2,1
112,-941.461,2148.808,-9.704,-29.279,0.872275,0.489003,0.003450,-0.488840,0.872130,-0.020620,-0.013092,0.016300,0.999781,0,1.00000,0.22909,60.000,0.458,-1,375.000,950.000,350.000,325.000,300.000,300.000,325.000,325.000,-1,300.000,350.000,-1,625.000,450.000,-1,375.000,2,0,1,0,1,0,0,0,0,2,0,0,2,0,1,2,1
113,-888.900,2119.870,-10.484,-28.836,0.876034,0.482250,0.000329,-0.482174,0.875909,-0.017087,-0.008528,0.014810,0.999854,0,1.00000,0.22172,60.000,0.443,-1,375.000,925.000,375.000,300.000,300.000,300.000,325.000,325.000,-1,300.000,325.000,-1,625.000,425.000,-1,325.000,2,0,1,1,1,0,0,0,0,2,0,0,2,0,1,2,1
114,-836.126,2091.325,-11.148,-28.408,0.879597,0.475710,-0.002819,-0.475702,0.879501,-0.013587,-0.003984,0.013292,0.999904,0,1.00000,0.21377,60.000,0.428,-1,375.000,875.000,350.000,250.000,300.000,300.000,325.000,325.000,-1,275.000,325.000,-1,625.000,400.000,-1,300.000,2,0,1,1,1,0,0,0,0,2,0,0,2,0,1,2,1
115,-783.148,2063.158,-11.419,-27.998,0.882966,0.469401,-0.005724,-0.469436,0.882891,-0.011545,-0.000365,0.012881,0.999917,0,1.00000,0.20520,60.000,0.410,-1,350.000,850.000,325.000,225.000,300.000,300.000,325.000,325.000,-1,275.000,325.000,-1,625.000,375.000,-1,250.000,2,0,1,1,1,0,0,0,0,2,0,0,2,0,1,2,1
116,-730.086,2035.150,-11.448,-27.828,0.884332,0.466773,-0.008989,-0.466848,0.884282,-0.009948,0.003306,0.012994,0.999910,0,1.00000,0.08520,60.000,0.170,-1,350.000,800.000,300.000,175.000,300.000,300.000,325.000,300.000,-1,300.000,325.000,-1,625.000,350.000,-1,200.000,2,0,1,1,1,0,0,0,1,2,0,0,2,0,1,2,1
117,-677.005,2007.179,-10.909,-27.787,0.884604,0.466139,-0.013821,-0.466269,0.884603,-0.008362,0.008328,0.013842,0.999870,0,1.00000,0.02037,60.000,0.041,-1,375.000,750.000,275.000,150.000,300.000,300.000,325.000,275.000,-1,300.000,325.000,-1,650.000,325.000,-1,175.000,2,0,1,1,1,0,0,0,1,2,0,0,2,0,1,2,1
118,-623.929,1979.196,-5.344,-27.797,0.884306,0.466341,-0.022987,-0.466072,0.884597,0.016269,0.027921,-0.003674,0.999603,0,1.00000,-0.00522,60.000,-0.010,-1,400.000,775.000,275.000,125.000,325.000,325.000,325.000,275.000,-1,225.000,250.000,-1,725.000,325.000,-1,150.000,2,0,1,1,1,0,1,0,1,2,0,0,2,0,1,2,1
119,-570.882,1951.156,1.454,-27.862,0.883561,0.467194,-0.032395,-0.465633,0.883789,0.045856,0.050054,-0.025432,0.998423,0,1.00000,-0.03241,60.000,-0.065,-1,450.000,-1,275.000,125.000,375.000,325.000,300.000,275.000,800.000,150.000,225.000,-1,800.000,325.000,-1,150.000,2,0,2,1,1,0,1,0,1,0,0,0,2,0,1,2,1
120,-517.891,1923.006,9.665,-27.985,0.882451,0.468596,-0.041200,-0.464517,0.881872,0.080781,0.074187,-0.052148,0.995880,0,1.00000,-0.06125,60.000,-0.123,-1,500.000,-1,275.000,125.000,425.000,325.000,275.000,300.000,550.000,75.000,200.000,-1,925.000,325.000,-1,125.000,2,0,2,1,1,0,1,0,1,0,0,0,2,0,1,2,1
121,-464.987,1894.690,17.801,-28.168,0.880954,0.470619,-0.049385,-0.463080,0.878872,0.114637,0.097353,-0.078120,0.992179,0,1.00000,-0.09179,60.000,-0.184,-1,550.000,-1,275.000,100.000,450.000,325.000,275.000,275.000,425.000,50.000,175.000,-1,-1,350.000,-1,125.000,2,0,2,1,1,1,1,0,1,0,0,0,2,2,1,2,1
122,-412.203,1866.149,25.564,-28.416,0.879039,0.473380,-0.056590,-0.461753,0.874905,0.146033,0.118640,-0.102238,0.987660,0,1.00000,-0.12403,60.000,-0.248,-1,575.000,-1,275.000,100.000,425.000,325.000,250.000,275.000,325.000,25.000,150.000,-1,-1,350.000,-1,125.000,2,0,2,1,1,1,1,0,1,0,0,0,2,2,1,2,1
123,-359.575,1837.320,33.401,-28.732,0.876711,0.476857,-0.063128,-0.460345,0.869837,0.177387,0.139499,-0.126456,0.982114,0,1.00000,-0.15798,60.000,-0.316,-1,625.000,-1,275.000,100.000,425.000,300.000,250.000,250.000,250.000,25.000,150.000,-1,-1,350.000,-1,125.000,2,0,2,1,1,1,1,0,1,0,0,0,2,2,1,2,1
124,-307.138,1808.141,41.326,-29.119,0.873977,0.481063,-0.068869,-0.458910,0.863614,0.208741,0.159894,-0.150830,0.975543,0,1.00000,-0.19356,60.000,-0.387,-1,650.000,-1,275.000,100.000,425.000,300.000,225.000,225.000,225.000,0.000,150.000,-1,-1,375.000,-1,125.000,2,1,2,1,1,1,1,0,1,0,0,0,2,2,1,2,1
125,-327.971,-1639.825,-36.657,97.506,-0.129250,-0.991302,-0.024801,0.989301,-0.130615,0.064989,-0.067663,-0.016136,0.997578,1,0.00000,0.00000,60.000,-0.461,625.000,325.000,-1,350.000,825.000,275.000,300.000,300.000,350.000,925.000,650.000,300.000,425.000,525.000,550.000,600.000,750.000,0,0,2,0,0,0,0,0,0,0,1,1,1,0,0,0,0
126,-328.578,-1635.064,-37.002,97.266,-0.125153,-0.991846,-0.024055,0.989898,-0.126462,0.064106,-0.066625,-0.015789,0.997653,0,0.08000,-0.12000,4.800,-0.240,625.000,325.000,-1,350.000,825.000,275.000,300.000,300.000,350.000,925.000,650.000,300.000,425.000,525.000,550.000,600.000,750.000,0,0,2,0,0,0,0,0,0,0,1,1,1,0,0,0,0
127,-329.712,-1625.532,-37.691,96.786,-0.116947,-0.992881,-0.022615,0.991038,-0.118150,0.062325,-0.064554,-0.015124,0.997800,0,0.16000,-0.24000,9.600,-0.480,625.000,325.000,-1,350.000,825.000,300.000,300.000,300.000,350.000,925.000,650.000,300.000,425.000,525.000,550.000,625.000,750.000,0,0,2,0,0,0,0,0,0,0,1,1,1,0,0,0,0
128,-331.233,-1611.213,-38.720,96.066,-0.104608,-0.994300,-0.020582,0.992613,-0.105665,0.059624,-0.061459,-0.014193,0.998009,0,0.24000,-0.36000,14.400,-0.720,650.000,325.000,-1,350.000,825.000,300.000,300.000,300.000,350.000,900.000,675.000,300.000,425.000,525.000,575.000,625.000,775.000,0,0,2,0,0,0,0,0,0,0,1,1,1,0,0,0,0
129,-332.950,-1592.090,-40.084,95.131,-0.088542,-0.995908,-0.018107,0.994420,-0.089427,0.055963,-0.057353,-0.013051,0.998269,0,0.32000,-0.46750,19.200,-0.935,650.000,350.000,-1,350.000,850.000,300.000,300.000,300.000,350.000,900.000,675.000,325.000,425.000,550.000,575.000,650.000,775.000,0,0,2,0,0,0,0,0,0,0,1,1,1,0,0,0,0
130,-334.707,-1568.155,-41.785,94.201,-0.072550,-0.997246,-0.015385,0.995996,-0.073250,0.051255,-0.052241,-0.011605,0.998567,0,0.40000,-0.46507,24.000,-0.930,675.000,350.000,-1,350.000,875.000,300.000,300.000,300.000,350.000,875.000,600.000,325.000,425.000,550.000,575.000,675.000,800.000,0,0,2,0,0,0,0,0,0,0,0,1,1,0,0,0,0
131,-336.353,-1539.403,-43.811,93.277,-0.056643,-0.998316,-0.012530,0.997327,-0.057158,0.045510,-0.046150,-0.009919,0.998885,0,0.48000,-0.46204,28.800,-0.924,725.000,350.000,1000.000,350.000,900.000,300.000,300.000,300.000,325.000,850.000,525.000,325.000,425.000,550.000,575.000,725.000,850.000,0,0,1,0,0,0,0,0,0,0,0,1,1,0,0,0,0
132,-337.736,-1505.832,-46.154,92.360,-0.040834,-0.999119,-0.009646,0.998400,-0.041178,0.038741,-0.039104,-0.008048,0.999203,0,0.56000,-0.45840,33.600,-0.917,775.000,350.000,975.000,350.000,950.000,300.000,300.000,300.000,325.000,825.000,450.000,300.000,425.000,575.000,575.000,775.000,875.000,0,0,1,0,1,0,0,0,0,0,0,1,1,0,0,0,0
133,-338.708,-1467.445,-48.804,91.452,-0.025136,-0.999661,-0.006826,0.999199,-0.025336,0.030960,-0.031123,-0.006042,0.999497,0,0.64000,-0.45414,38.400,-0.908,850.000,350.000,950.000,350.000,925.000,300.000,300.000,300.000,325.000,825.000,375.000,300.000,425.000,575.000,600.000,850.000,925.000,0,0,1,0,1,0,0,0,0,0,0,1,1,0,0,0,1
