timestep,x_cm,y_cm,z_cm,yaw_deg,basis_xx,basis_xy,basis_xz,basis_yx,basis_yy,basis_yz,basis_zx,basis_zy,basis_zz,teleport_flag,throttle_cmd,steering_cmd,cmd_move_cm,cmd_turn_deg,lidar_cm_0,lidar_cm_1,lidar_cm_2,lidar_cm_3,lidar_cm_4,lidar_cm_5,lidar_cm_6,lidar_cm_7,lidar_cm_8,lidar_cm_9,lidar_cm_10,lidar_cm_11,lidar_cm_12,lidar_cm_13,lidar_cm_14,lidar_cm_15,lidar_cm_16,lidar_class_0,lidar_class_1,lidar_class_2,lidar_class_3,lidar_class_4,lidar_class_5,lidar_class_6,lidar_class_7,lidar_class_8,lidar_class_9,lidar_class_10,lidar_class_11,lidar_class_12,lidar_class_13,lidar_class_14,lidar_class_15,lidar_class_16
0,585.795,5338.689,-444.807,90.838,-0.014581,-0.999845,-0.009828,0.996815,-0.013765,-0.078553,0.078406,-0.010942,0.996861,0,0.39903,-1.00000,1.365,-0.278,-1,842.992,-1,-1,-1,776.576,856.367,353.251,363.380,-1,-1,-1,-1,-1,-1,-1,-1,2,0,2,2,2,0,0,0,0,2,2,2,2,2,2,2,2
1,585.933,5340.896,-439.348,90.601,-0.010439,-0.999620,-0.025503,0.995940,-0.008114,-0.089651,0.089410,-0.026335,0.995647,0,0.39903,-1.00000,2.210,-0.237,-1,889.531,-1,-1,-1,832.686,924.581,342.354,397.893,-1,-1,-1,-1,-1,-1,-1,-1,2,0,2,2,2,0,0,0,0,2,2,2,2,2,2,2,2
2,586.139,5343.660,-433.129,90.338,-0.005865,-0.999122,-0.041486,0.994770,-0.001599,-0.102129,0.101973,-0.041868,0.993906,0,0.39903,-1.00000,2.772,-0.263,-1,948.214,-1,-1,-1,902.711,-1,333.521,437.434,-1,-1,-1,-1,-1,-1,-1,-1,2,0,2,2,2,0,2,0,0,2,2,2,2,2,2,2,2
3,586.291,5346.846,-426.893,90.067,-0.001154,-0.998397,-0.056591,0.993388,0.005353,-0.114681,0.114801,-0.056349,0.991789,0,0.39903,-1.00000,3.190,-0.271,-1,-1,-1,-1,-1,981.711,-1,326.397,479.625,-1,-1,-1,-1,-1,-1,-1,-1,2,2,2,2,2,0,2,0,0,2,2,2,2,2,2,2,2
4,586.452,5350.314,-421.275,89.794,0.003574,-0.997507,-0.070474,0.991919,0.012474,-0.126256,0.126820,-0.069453,0.989491,0,0.39903,-1.00000,3.472,-0.273,-1,-1,-1,-1,-1,-1,-1,319.773,521.007,-1,-1,-1,-1,-1,-1,-1,-1,2,2,2,2,2,2,2,0,0,2,2,2,2,2,2,2,2
5,586.602,5354.008,-416.544,89.538,0.007991,-0.996637,-0.081547,0.990452,0.019112,-0.136525,0.137624,-0.079677,0.987275,0,0.39903,-1.00000,3.697,-0.256,-1,-1,-1,-1,-1,-1,-1,315.029,561.179,-1,-1,-1,-1,-1,-1,-1,-1,2,2,2,2,2,2,2,0,0,2,2,2,2,2,2,2,2
6,586.799,5357.805,-412.647,89.301,0.012073,-0.995951,-0.089087,0.989168,0.024931,-0.144658,0.146293,-0.086376,0.985463,0,0.39903,-1.00000,3.802,-0.237,-1,-1,-1,-1,-1,-1,-1,313.087,593.318,-1,-1,-1,-1,-1,-1,-1,-1,2,2,2,2,2,2,2,0,0,2,2,2,2,2,2,2,2
7,587.182,5361.537,-409.527,89.056,0.016289,-0.995488,-0.093483,0.988259,0.030235,-0.149767,0.151918,-0.089946,0.984292,0,0.39903,-1.00000,3.752,-0.245,-1,-1,-1,-1,-1,-1,-1,312.772,614.860,-1,-1,-1,-1,-1,-1,-1,-1,2,2,2,2,2,2,2,0,0,2,2,2,2,2,2,2,2
8,587.816,5365.233,-407.181,88.796,0.020762,-0.995238,-0.095240,0.987747,0.035156,-0.152055,0.154680,-0.090916,0.983773,0,0.39903,-1.00000,3.750,-0.260,-1,-1,-1,-1,-1,-1,-1,313.503,626.177,-1,-1,-1,-1,-1,-1,-1,-1,2,2,2,2,2,2,2,0,0,2,2,2,2,2,2,2,2
9,588.752,5368.958,-405.642,88.514,0.025616,-0.995146,-0.095018,0.987569,0.039937,-0.152028,0.155085,-0.089943,0.983798,0,0.39903,-1.00000,3.842,-0.282,-1,-1,-1,-1,-1,-1,-1,314.524,628.686,-1,-1,-1,-1,-1,-1,-1,-1,2,2,2,2,2,2,2,0,0,2,2,2,2,2,2,2,2
10,590.010,5372.795,-404.963,88.205,0.030952,-0.995145,-0.093422,0.987621,0.044829,-0.150318,0.153777,-0.087613,0.984214,0,0.39903,-1.00000,4.037,-0.309,-1,-1,-1,-1,-1,-1,-1,315.126,624.016,-1,-1,-1,-1,-1,-1,-1,-1,2,2,2,2,2,2,2,0,0,2,2,2,2,2,2,2,2
11,591.581,5376.789,-405.191,87.869,0.036761,-0.995189,-0.090817,0.987816,0.049939,-0.147396,0.151222,-0.084292,0.984899,0,0.39903,-1.00000,4.292,-0.336,-1,-1,-1,-1,-1,-1,-1,314.848,613.322,-1,-1,-1,-1,-1,-1,-1,-1,2,2,2,2,2,2,2,0,0,2,2,2,2,2,2,2,2
12,593.416,5380.948,-406.347,87.502,0.043112,-0.995266,-0.087104,0.988114,0.055353,-0.143410,0.147553,-0.079886,0.985823,0,0.39903,-1.00000,4.546,-0.367,-1,-1,-1,-1,-1,-1,-1,313.712,596.610,-1,-1,-1,-1,-1,-1,-1,-1,2,2,2,2,2,2,2,0,0,2,2,2,2,2,2,2,2
13,595.489,5385.264,-408.420,87.103,0.050020,-0.995375,-0.082018,0.988510,0.061069,-0.138270,0.142640,-0.074160,0.986993,0,0.39903,-1.00000,4.787,-0.399,-1,-1,-1,-1,-1,-1,-1,311.942,573.712,-1,-1,-1,-1,-1,-1,-1,-1,2,2,2,2,2,2,2,0,0,2,2,2,2,2,2,2,2
14,597.791,5389.728,-411.390,86.682,0.057341,-0.995512,-0.075287,0.989007,0.066938,-0.131849,0.136297,-0.066899,0.988407,0,0.39903,-1.00000,5.023,-0.421,-1,-1,-1,-1,-1,-1,-1,309.795,544.782,-1,-1,-1,-1,-1,-1,-1,-1,2,2,2,2,2,2,2,0,0,2,2,2,2,2,2,2,2
15,600.267,5394.369,-415.226,86.251,0.064843,-0.995680,-0.066454,0.989604,0.072728,-0.124074,0.128372,-0.057717,0.990045,0,0.39903,-1.00000,5.260,-0.431,-1,-1,-1,-1,-1,-1,-1,308.384,510.725,-1,-1,-1,-1,-1,-1,-1,-1,2,2,2,2,2,2,2,0,0,2,2,2,2,2,2,2,2
16,602.974,5399.037,-419.620,85.824,0.072322,-0.995742,-0.057158,0.990519,0.078417,-0.112792,0.116794,-0.048459,0.991973,0,0.39903,-1.00000,5.396,-0.427,-1,-1,-1,-1,-1,-1,-1,308.265,479.829,-1,-1,-1,-1,-1,-1,-1,-1,2,2,2,2,2,2,2,0,0,2,2,2,2,2,2,2,2
17,605.788,5403.696,-424.341,85.389,0.079985,-0.995607,-0.048668,0.991748,0.084393,-0.096512,0.100195,-0.040547,0.994141,0,0.39903,-1.00000,5.444,-0.435,-1,-1,-1,-1,-1,1004.133,-1,305.597,451.224,-1,-1,-1,-1,-1,-1,-1,-1,2,2,2,2,2,0,2,0,0,2,2,2,2,2,2,2,2
18,608.596,5408.444,-429.339,84.932,0.088061,-0.995245,-0.041630,0.992992,0.091015,-0.075388,0.078818,-0.034699,0.996285,0,0.39903,-1.00000,5.516,-0.457,-1,956.326,-1,-1,-1,904.332,-1,299.592,425.912,-1,-1,-1,-1,-1,-1,-1,-1,2,0,2,2,2,0,2,0,0,2,2,2,2,2,2,2,2
19,611.306,5413.691,-434.169,84.492,0.095823,-0.994865,-0.032581,0.993754,0.097494,-0.054291,0.057189,-0.027175,0.997993,0,0.39903,-1.00000,5.906,-0.440,-1,870.543,-1,-1,-1,816.567,917.297,295.577,399.876,-1,-1,-1,-1,-1,-1,-1,-1,2,0,2,2,2,0,0,0,0,2,2,2,2,2,2,2,2
20,614.138,5419.664,-438.360,84.126,0.102265,-0.994544,-0.020605,0.994003,0.102972,-0.036801,0.038722,-0.016718,0.999110,0,0.39903,-1.00000,6.610,-0.366,-1,808.710,-1,-1,-1,750.988,836.728,296.372,372.353,-1,-1,-1,-1,-1,-1,-1,-1,2,0,2,2,2,0,0,0,0,2,2,2,2,2,2,2,2
21,617.402,5426.214,-441.638,83.723,0.109299,-0.993979,-0.007686,0.993719,0.109450,-0.023294,0.023995,-0.005092,0.999699,0,0.39903,-1.00000,7.318,-0.403,-1,767.957,-1,-1,-1,705.363,781.634,300.845,347.018,-1,-1,-1,-1,-1,-1,-1,-1,2,0,2,2,2,0,0,0,0,2,2,2,2,2,2,2,2
22,620.968,5433.348,-443.900,83.293,0.116776,-0.993144,0.005322,0.993079,0.116697,-0.013279,0.012567,0.006836,0.999898,0,0.28370,-0.60235,7.975,-0.430,-1,743.151,-1,-1,-1,675.023,742.002,307.938,324.926,-1,-1,-1,-1,-1,-1,-1,-1,2,0,2,2,2,0,0,0,0,2,2,2,2,2,2,2,2
23,624.831,5441.051,-444.817,82.846,0.124537,-0.992111,0.014333,0.992199,0.124440,-0.007476,0.005633,0.015152,0.999869,0,0.28370,-0.60235,8.617,-0.448,-1,733.596,-1,-1,-1,661.492,723.185,314.488,311.163,-1,-1,-1,-1,-1,-1,-1,-1,2,0,2,2,2,0,0,0,0,2,2,2,2,2,2,2,2
24,628.885,5449.332,-444.454,82.384,0.132524,-0.991023,0.017610,0.991176,0.132452,-0.005187,0.002807,0.018142,0.999831,0,0.28370,-0.60235,9.220,-0.461,-1,735.611,-1,-1,-1,661.813,722.379,318.072,306.972,-1,-1,-1,-1,-1,-1,-1,-1,2,0,2,2,2,0,0,0,0,2,2,2,2,2,2,2,2
25,632.939,5458.062,-443.246,81.930,0.140380,-0.989969,0.015952,0.990096,0.140329,-0.004282,0.002000,0.016395,0.999864,0,0.28370,-0.60235,9.625,-0.454,-1,741.872,-1,-1,-1,668.952,731.340,318.062,309.881,-1,-1,-1,-1,-1,-1,-1,-1,2,0,2,2,2,0,0,0,0,2,2,2,2,2,2,2,2
26,636.713,5467.114,-441.667,81.465,0.148419,-0.988848,0.012337,0.988924,0.148391,-0.003160,0.001294,0.012669,0.999919,0,0.28370,-0.60235,9.807,-0.466,-1,747.767,-1,-1,-1,677.306,742.299,316.435,315.987,-1,-1,-1,-1,-1,-1,-1,-1,2,0,2,2,2,0,0,0,0,2,2,2,2,2,2,2,2
27,640.249,5476.310,-440.065,80.991,0.156598,-0.987625,0.008619,0.987662,0.156600,-0.000400,-0.000954,0.008576,0.999963,0,0.28370,-0.60235,9.852,-0.474,-1,748.786,-1,-1,-1,681.564,749.208,318.106,322.727,-1,-1,-1,-1,-1,-1,-1,-1,2,0,2,2,2,0,0,0,0,2,2,2,2,2,2,2,2
28,643.673,5485.621,-438.685,80.525,0.164623,-0.986342,0.005296,0.986346,0.164644,0.003785,-0.004605,0.004601,0.999979,0,0.28370,-0.60235,9.921,-0.466,-1,745.028,-1,-1,-1,681.370,751.503,319.462,328.846,-1,-1,-1,-1,-1,-1,-1,-1,2,0,2,2,2,0,0,0,0,2,2,2,2,2,2,2,2
29,647.050,5495.079,-437.725,80.082,0.172232,-0.985052,0.003070,0.985015,0.172253,0.008651,-0.009050,0.001534,0.999958,0,0.28370,-0.60235,10.043,-0.443,-1,738.418,-1,-1,-1,677.884,749.660,320.844,332.900,-1,-1,-1,-1,-1,-1,-1,-1,2,0,2,2,2,0,0,0,0,2,2,2,2,2,2,2,2
30,650.429,5504.676,-437.300,79.670,0.179293,-0.983793,0.002443,0.983696,0.179309,0.013803,-0.014017,-0.000072,0.999902,0,0.28370,-0.60235,10.175,-0.412,-1,729.961,-1,-1,-1,671.639,744.043,322.692,333.865,-1,-1,-1,-1,-1,-1,-1,-1,2,0,2,2,2,0,0,0,0,2,2,2,2,2,2,2,2
31,653.972,5514.275,-437.385,79.261,0.186292,-0.982488,0.003568,0.982301,0.186326,0.019186,-0.019514,-0.000070,0.999810,0,0.28370,-0.60235,10.232,-0.409,-1,720.354,-1,-1,-1,663.316,735.107,325.329,331.581,-1,-1,-1,-1,-1,-1,-1,-1,2,0,2,2,2,0,0,0,0,2,2,2,2,2,2,2,2
32,657.640,5523.889,-437.966,78.870,0.192971,-0.981180,0.006893,0.980861,0.193084,0.025123,-0.025981,0.001913,0.999661,0,0.28370,-0.60235,10.290,-0.391,-1,708.422,-1,-1,-1,651.937,721.569,329.094,325.598,-1,-1,-1,-1,-1,-1,-1,-1,2,0,2,2,2,0,0,0,0,2,2,2,2,2,2,2,2
33,661.417,5533.509,-439.012,78.495,0.199336,-0.979855,0.012204,0.979346,0.199632,0.032058,-0.033849,0.005561,0.999412,0,0.28370,-0.60235,10.335,-0.375,-1,693.024,-1,-1,-1,636.390,702.768,333.719,316.894,-1,-1,-1,-1,-1,-1,-1,-1,2,0,2,2,2,0,0,0,0,2,2,2,2,2,2,2,2
34,665.351,5543.177,-440.266,78.130,0.205512,-0.978486,0.018146,0.977733,0.206088,0.039568,-0.042456,0.009610,0.999052,0,0.28370,-0.60235,10.438,-0.366,-1,675.955,-1,-1,-1,619.183,681.258,338.434,308.398,-1,-1,-1,-1,-1,-1,-1,-1,2,0,2,2,2,0,0,0,0,2,2,2,2,2,2,2,2
35,669.403,5552.968,-441.386,77.770,0.211567,-0.977077,0.023672,0.976040,0.212479,0.046897,-0.050852,0.013183,0.998619,0,0.28370,-0.60235,10.596,-0.360,-1,659.961,-1,-1,-1,603.063,661.624,343.670,302.779,-1,-1,-1,-1,-1,-1,-1,-1,2,0,2,2,2,0,0,0,0,2,2,2,2,2,2,2,2
36,673.603,5563.049,-442.313,77.403,0.217735,-0.975616,0.027666,0.974306,0.218942,0.052853,-0.057621,0.015448,0.998219,0,0.28370,-0.60235,10.921,-0.367,-1,648.037,-1,-1,-1,591.466,647.856,348.516,299.110,-1,-1,-1,-1,-1,-1,-1,-1,2,0,2,2,2,0,0,0,0,2,2,2,2,2,2,2,2
37,677.915,5573.484,-442.992,77.014,0.224269,-0.974090,0.029186,0.972535,0.225624,0.057174,-0.062277,0.015562,0.997938,0,0.35982,-1.00000,11.291,-0.388,-1,640.702,-1,997.771,-1,585.404,641.147,351.527,298.328,-1,-1,-1,-1,-1,-1,-1,-1,2,0,2,0,2,0,0,0,0,2,2,2,2,2,2,2,2
38,682.416,5584.223,-443.388,76.590,0.231414,-0.972443,0.028317,0.970650,0.232751,0.060547,-0.065470,0.013474,0.997764,0,0.35982,-1.00000,11.644,-0.424,-1,636.430,-1,991.461,-1,583.394,639.805,352.661,300.417,-1,-1,-1,-1,-1,-1,-1,-1,2,0,2,0,2,0,0,0,0,2,2,2,2,2,2,2,2
39,687.161,5595.100,-443.638,76.117,0.239369,-0.970556,0.026900,0.968494,0.240638,0.064139,-0.068724,0.010699,0.997578,0,0.35982,-1.00000,11.867,-0.473,-1,632.429,-1,986.685,-1,581.949,639.297,353.472,303.377,-1,-1,-1,-1,-1,-1,-1,-1,2,0,2,0,2,0,0,0,0,2,2,2,2,2,2,2,2
40,692.146,5605.980,-443.847,75.616,0.247753,-0.968458,0.026613,0.966064,0.249026,0.068601,-0.073064,0.008714,0.997289,0,0.35982,-1.00000,11.968,-0.501,-1,627.359,-1,975.681,-1,578.632,636.601,355.479,305.421,-1,-1,-1,-1,-1,-1,-1,-1,2,0,2,0,2,0,0,0,0,2,2,2,2,2,2,2,2
41,697.431,5616.785,-444.043,75.087,0.256557,-0.966126,0.027925,0.963332,0.257949,0.073849,-0.078551,0.007955,0.996878,0,0.35982,-1.00000,12.028,-0.529,-1,621.341,-1,958.067,-1,573.380,631.505,359.184,306.240,-1,-1,-1,-1,-1,-1,-1,-1,2,0,2,0,2,0,0,0,0,2,2,2,2,2,2,2,2
42,702.970,5627.572,-444.297,74.550,0.265432,-0.963637,0.030819,0.960383,0.267080,0.079582,-0.084919,0.008474,0.996352,0,0.35982,-1.00000,12.126,-0.537,-1,614.202,-1,935.251,-1,566.549,624.077,364.469,305.543,-1,-1,-1,-1,-1,-1,-1,-1,2,0,2,0,2,0,0,0,0,2,2,2,2,2,2,2,2
43,708.673,5638.444,-444.648,74.026,0.274046,-0.961085,0.034851,0.957322,0.276075,0.085539,-0.091832,0.009922,0.995725,0,0.35982,-1.00000,12.277,-0.525,-1,606.354,-1,909.582,-1,558.650,615.075,371.000,303.609,-1,-1,-1,-1,-1,-1,-1,-1,2,0,2,0,2,0,0,0,0,2,2,2,2,2,2,2,2
44,714.453,5649.428,-445.001,73.532,0.282096,-0.958581,0.039286,0.954283,0.284578,0.091424,-0.098817,0.011700,0.995037,0,0.35982,-1.00000,12.411,-0.494,-1,598.553,-1,884.484,-1,551.097,605.910,378.013,301.427,-1,-1,-1,-1,993.073,-1,-1,-1,2,0,2,0,2,0,0,0,0,2,2,2,2,0,2,2,2
45,720.422,5660.643,-445.464,73.027,0.290311,-0.955995,0.042346,0.951162,0.293130,0.096770,-0.104925,0.012185,0.994406,0,0.35982,-1.00000,12.705,-0.505,-1,591.865,-1,865.213,-1,545.382,599.135,383.275,300.533,-1,-1,-1,-1,975.498,-1,-1,-1,2,0,2,0,2,0,0,0,0,2,2,2,2,0,2,2,2
46,726.714,5672.051,-446.249,72.472,0.299344,-0.953164,0.043271,0.947783,0.302271,0.101687,-0.110004,0.010572,0.993875,0,0.35982,-1.00000,13.029,-0.555,-1,585.819,-1,851.976,-1,541.198,594.447,385.255,301.232,-1,-1,-1,-1,959.605,-1,-1,-1,2,0,2,0,2,0,0,0,0,2,2,2,2,0,2,2,2
47,733.317,5683.593,-447.417,71.869,0.309154,-0.950066,0.042394,0.944121,0.311966,0.106364,-0.114278,0.007142,0.993423,0,0.35982,-1.00000,13.297,-0.603,-1,579.913,-1,842.907,-1,537.904,591.447,384.375,303.076,-1,-1,-1,-1,945.478,-1,-1,-1,2,0,2,0,2,0,0,0,0,2,2,2,2,0,2,2,2
48,740.167,5695.262,-448.935,71.230,0.319522,-0.946696,0.040908,0.940203,0.322115,0.110724,-0.117999,0.003083,0.993009,0,0.35982,-1.00000,13.531,-0.639,-1,575.026,-1,835.239,-1,535.115,589.234,382.370,304.874,-1,-1,-1,-1,933.166,-1,-1,-1,2,0,2,0,2,0,0,0,0,2,2,2,2,0,2,2,2
49,747.285,5707.009,-450.700,70.571,0.330169,-0.943091,0.039589,0.936057,0.332533,0.114977,-0.121599,-0.000904,0.992579,0,0.35982,-1.00000,13.735,-0.659,-1,570.772,-1,827.222,-1,532.227,586.931,380.107,306.047,-1,-1,-1,-1,921.683,-1,-1,-1,2,0,2,0,2,0,0,0,0,2,2,2,2,0,2,2,2
50,754.722,5718.726,-452.542,69.885,0.341180,-0.939196,0.038818,0.931587,0.343351,0.119401,-0.125469,-0.004575,0.992087,0,0.35982,-1.00000,13.878,-0.686,-1,566.348,-1,817.716,-1,528.902,584.545,378.246,306.580,-1,-1,-1,-1,910.068,-1,-1,-1,2,0,2,0,2,0,0,0,0,2,2,2,2,0,2,2,2
51,762.444,5730.392,-454.305,69.181,0.352412,-0.935032,0.038993,0.926799,0.354482,0.124045,-0.129808,-0.007576,0.991510,0,0.35982,-1.00000,13.990,-0.705,-1,561.870,-1,806.217,-1,524.747,581.343,377.578,306.397,-1,-1,-1,-1,898.394,-1,-1,-1,2,0,2,0,2,0,0,0,0,2,2,2,2,0,2,2,2
52,770.289,5742.099,-455.830,68.505,0.363094,-0.930866,0.040629,0.921980,0.365242,0.128653,-0.134598,-0.009254,0.990857,0,0.35982,-1.00000,14.093,-0.676,-1,557.468,-1,791.947,-1,520.750,577.355,379.103,305.728,-1,-1,-1,-1,887.981,-1,-1,-1,2,0,2,0,2,0,0,0,0,2,2,2,2,0,2,2,2
53,778.403,5753.836,-457.124,67.842,0.373499,-0.926666,0.042295,0.917157,0.375730,0.132851,-0.139000,-0.010828,0.990233,0,0.35982,-1.00000,14.269,-0.662,-1,554.363,-1,778.574,-1,518.534,574.826,381.388,307.080,-1,-1,-1,-1,880.613,-1,-1,-1,2,0,2,0,2,0,0,0,0,2,2,2,2,0,2,2,2
54,786.753,5765.729,-458.498,67.173,0.383977,-0.922334,0.043157,0.912237,0.386171,0.136729,-0.142775,-0.013132,0.989668,0,0.35982,-1.00000,14.531,-0.669,-1,552.077,-1,767.635,-1,517.395,573.767,382.733,309.108,-1,-1,-1,-1,873.825,-1,-1,-1,2,0,2,0,2,0,0,0,0,2,2,2,2,0,2,2,2
55,795.424,5777.648,-460.010,66.446,0.395324,-0.917541,0.042860,0.906837,0.397287,0.140747,-0.146169,-0.016774,0.989117,0,0.35982,-1.00000,14.739,-0.727,1002.166,551.036,-1,758.389,-1,517.192,573.846,382.358,311.979,-1,-1,-1,-1,867.236,-1,-1,-1,0,0,2,0,2,0,0,0,0,2,2,2,2,0,2,2,2
56,804.409,5789.514,-461.680,65.674,0.407302,-0.912335,0.041833,0.900975,0.408884,0.145112,-0.149495,-0.021414,0.988531,0,0.35982,-1.00000,14.885,-0.772,965.701,549.630,-1,749.603,-1,516.937,573.750,380.158,315.326,-1,-1,-1,-1,860.214,-1,-1,-1,0,0,2,0,2,0,0,0,0,2,2,2,2,0,2,2,2
57,813.693,5801.222,-463.457,64.866,0.419723,-0.906732,0.040861,0.894626,0.420879,0.150017,-0.153223,-0.026411,0.987839,0,0.35982,-1.00000,14.942,-0.808,927.266,547.300,-1,739.638,-1,515.782,571.921,377.431,318.555,-1,-1,-1,-1,851.988,-1,-1,-1,0,0,2,0,2,0,0,0,0,2,2,2,2,0,2,2,2
58,823.220,5812.758,-465.302,64.026,0.432515,-0.900738,0.040016,0.887821,0.433209,0.155252,-0.157177,-0.031622,0.987064,0,0.35982,-1.00000,14.961,-0.840,893.773,544.685,-1,728.994,-1,514.145,569.634,374.483,321.637,-1,-1,-1,-1,844.681,-1,-1,-1,0,0,2,0,2,0,0,0,0,2,2,2,2,0,2,2,2
59,832.999,5824.330,-467.190,63.192,0.445169,-0.894565,0.039727,0.880982,0.445489,0.159403,-0.160294,-0.035962,0.986414,0,0.51727,-0.73807,15.151,-0.834,868.746,544.334,-1,719.819,-1,515.009,568.916,372.743,325.174,-1,-1,-1,-1,839.405,-1,1005.651,-1,0,0,2,0,2,0,0,0,0,2,2,2,2,0,2,0,2
60,843.024,5836.255,-469.208,62.424,0.456819,-0.888633,0.040598,0.874716,0.457030,0.161231,-0.161830,-0.038142,0.986081,0,0.51727,-0.73807,15.579,-0.768,860.911,548.273,-1,713.065,-1,518.866,570.820,373.555,326.719,-1,-1,-1,-1,839.515,-1,998.031,-1,0,0,2,0,2,0,0,0,0,2,2,2,2,0,2,0,2
61,853.476,5848.274,-471.368,61.641,0.468693,-0.882397,0.041257,0.868325,0.468793,0.162004,-0.162293,-0.040106,0.985927,0,0.51727,-0.73807,15.928,-0.783,859.907,555.204,-1,707.954,-1,524.449,574.816,374.660,327.770,-1,-1,-1,-1,841.812,-1,995.120,-1,0,0,2,0,2,0,0,0,0,2,2,2,2,0,2,0,2
62,864.265,5860.443,-473.762,60.847,0.480648,-0.875925,0.041629,0.861668,0.480573,0.163025,-0.162803,-0.042487,0.985743,0,0.51727,-0.73807,16.263,-0.795,856.560,561.514,-1,701.838,-1,529.395,576.718,374.296,328.876,-1,-1,-1,-1,841.760,-1,986.368,-1,0,0,2,0,2,0,0,0,0,2,2,2,2,0,2,0,2
63,875.307,5872.873,-476.317,60.064,0.492296,-0.869420,0.041879,0.854893,0.492000,0.164603,-0.163714,-0.045231,0.985470,0,0.51727,-0.73807,16.626,-0.783,848.181,566.194,-1,694.819,-1,533.128,575.129,372.685,330.314,-1,-1,-1,-1,839.011,-1,974.775,-1,0,0,2,0,2,0,0,0,0,2,2,2,2,0,2,0,2
64,886.751,5885.306,-478.889,59.241,0.504368,-0.862502,0.041257,0.847480,0.503610,0.167795,-0.165501,-0.049666,0.984958,0,0.51727,-0.73807,16.898,-0.823,831.786,568.043,-1,686.765,-1,534.335,571.867,369.172,333.461,-1,-1,-1,-1,833.679,-1,961.068,-1,0,0,2,0,2,0,0,0,0,2,2,2,2,0,2,0,2
65,898.566,5897.587,-481.289,58.326,0.517585,-0.854703,0.039862,0.838892,0.516078,0.172984,-0.168422,-0.056094,0.984118,0,0.51727,-0.73807,17.042,-0.915,810.623,567.591,-1,677.446,-1,533.457,566.926,363.921,338.445,-1,-1,-1,-1,826.922,-1,943.835,-1,0,0,2,0,2,0,0,0,0,2,2,2,2,0,2,0,2
66,910.875,5909.654,-483.495,57.363,0.531314,-0.846322,0.038017,0.829617,0.528867,0.178984,-0.171584,-0.063557,0.983117,0,0.51727,-0.73807,17.237,-0.963,791.285,567.481,-1,668.503,-1,532.617,562.103,358.193,344.710,-1,-1,-1,-1,820.253,-1,923.706,-1,0,0,2,0,2,0,0,0,0,2,2,2,2,0,2,0,2
67,923.622,5921.357,-485.521,56.397,0.544947,-0.837662,0.036806,0.820110,0.541636,0.184526,-0.174506,-0.070372,0.982138,0,0.51727,-0.73807,17.304,-0.966,772.467,568.875,-1,659.965,-1,532.801,557.966,353.825,350.421,-1,-1,-1,-1,814.205,-1,906.789,-1,0,0,2,0,2,0,0,0,0,2,2,2,2,0,2,0,2
68,936.486,5933.026,-487.523,55.479,0.557851,-0.829111,0.037106,0.811046,0.554091,0.187583,-0.176088,-0.074548,0.981548,0,0.51727,-0.73807,17.369,-0.918,764.422,574.461,-1,652.958,-1,535.688,553.103,352.629,353.401,-1,-1,-1,-1,810.460,-1,899.720,-1,0,0,2,0,2,0,0,0,0,2,2,2,2,0,2,0,2
69,949.430,5945.176,-489.624,54.625,0.569825,-0.820890,0.037938,0.802569,0.565841,0.188964,-0.176586,-0.077228,0.981251,0,0.51727,-0.73807,17.753,-0.854,764.666,581.123,-1,647.345,-1,535.999,549.244,352.386,355.152,-1,-1,-1,-1,809.685,-1,896.471,-1,0,0,2,0,2,0,0,0,0,2,2,2,2,0,2,0,2
70,962.661,5957.616,-491.865,53.791,0.581413,-0.812741,0.037572,0.794131,0.576932,0.191066,-0.176964,-0.081251,0.980858,0,0.51727,-0.73807,18.161,-0.834,761.276,585.056,-1,642.741,-1,535.757,545.638,350.447,359.747,-1,-1,-1,-1,807.965,-1,889.223,-1,0,0,2,0,2,0,0,0,0,2,2,2,2,0,2,0,2
71,976.313,5970.198,-494.379,52.946,0.593083,-0.804338,0.035967,0.785492,0.587840,0.193510,-0.176790,-0.086516,0.980439,0,0.51727,-0.73807,18.566,-0.845,753.355,588.781,-1,639.424,-1,535.778,542.589,346.942,365.730,-1,-1,-1,-1,805.066,-1,879.791,-1,0,0,2,0,2,0,0,0,0,2,2,2,2,0,2,0,2
72,990.365,5982.878,-497.186,52.101,0.604657,-0.795768,0.033813,0.776745,0.598532,0.196025,-0.176229,-0.092264,0.980016,0,0.51727,-0.73807,18.926,-0.844,744.930,592.484,-1,636.536,-1,535.833,539.675,342.575,371.935,-1,-1,-1,-1,798.932,-1,872.459,-1,0,0,2,0,2,0,0,0,0,2,2,2,2,0,2,0,2
73,1004.836,5995.528,-500.184,51.233,0.616400,-0.786793,0.031751,0.767554,0.609353,0.198869,-0.175816,-0.098213,0.979512,0,0.51727,-0.73807,19.221,-0.868,735.767,595.608,-1,632.841,-1,534.749,535.730,337.876,377.923,-1,-1,-1,-1,792.517,-1,864.532,-1,0,0,2,0,2,0,0,0,0,2,2,2,2,0,2,0,2
74,1019.766,6007.929,-503.180,50.334,0.628384,-0.777309,0.030396,0.757802,0.620505,0.201768,-0.175697,-0.103753,0.978962,0,0.51727,-0.73807,19.408,-0.899,729.784,594.011,-1,628.083,-1,529.142,530.150,333.852,383.046,-1,-1,-1,-1,786.355,-1,855.469,-1,0,0,2,0,2,0,0,0,0,2,2,2,2,0,2,0,2
75,1034.902,6020.626,-506.392,49.502,0.639265,-0.768367,0.030856,0.748531,0.630952,0.203961,-0.176186,-0.107289,0.978493,0,0.51727,-0.73807,19.757,-0.832,721.446,590.249,-1,620.581,-1,522.619,523.196,331.563,385.554,-1,-1,-1,-1,778.998,-1,843.362,-1,0,0,2,0,2,0,0,0,0,2,2,2,2,0,2,0,2
76,1050.365,6033.393,-509.716,48.685,0.649627,-0.759550,0.032695,0.739073,0.641024,0.207025,-0.178204,-0.110325,0.977789,0,0.51727,-0.73807,20.053,-0.816,710.043,583.703,-1,609.524,-1,513.563,513.735,330.057,387.285,-1,-1,-1,-1,767.066,1004.938,828.209,-1,0,0,2,0,2,0,0,0,0,2,2,2,2,0,0,0,2
77,1066.068,6046.070,-513.116,47.892,0.659355,-0.750977,0.035850,0.729515,0.650587,0.211055,-0.181820,-0.113007,0.976817,0,0.24891,-0.73726,20.181,-0.793,695.356,574.035,-1,595.117,-1,502.010,501.778,328.646,388.407,-1,-1,-1,-1,752.018,975.115,809.575,-1,0,0,2,0,2,0,0,0,0,2,2,2,2,0,0,0,2
78,1081.822,6058.498,-516.521,47.117,0.668537,-0.742585,0.040328,0.719858,0.659785,0.215608,-0.186715,-0.115112,0.975647,0,0.24891,-0.73726,20.066,-0.775,681.597,562.416,-1,578.171,-1,488.732,488.020,327.657,388.592,-1,-1,-1,-1,734.921,938.460,788.874,-1,0,0,2,0,2,0,0,0,0,2,2,2,2,0,0,0,2
79,1097.558,6070.955,-520.068,46.408,0.676648,-0.734881,0.045787,0.710741,0.668134,0.220099,-0.192338,-0.116387,0.974402,0,0.24891,-0.73726,20.069,-0.709,663.677,546.381,-1,559.793,-1,474.643,473.335,327.022,387.842,-1,-1,-1,-1,716.856,898.622,766.243,-1,0,0,2,0,2,0,0,0,0,2,2,2,2,0,0,0,2
80,1113.454,6083.327,-523.782,45.724,0.684414,-0.727290,0.051257,0.701925,0.676293,0.223448,-0.197176,-0.116952,0.973367,0,0.24891,-0.73726,20.144,-0.684,648.034,531.726,-1,542.596,-1,461.279,459.688,326.860,385.916,-1,-1,-1,-1,700.302,862.725,743.820,-1,0,0,2,0,2,0,0,0,0,2,2,2,2,0,0,0,2
81,1129.530,6095.725,-527.853,45.084,0.691660,-0.720005,0.056557,0.693681,0.684083,0.225473,-0.201032,-0.116718,0.972606,0,0.24891,-0.73726,20.302,-0.640,634.380,518.535,-1,526.474,-1,448.816,446.896,327.713,382.960,-1,-1,-1,-1,684.518,830.538,723.514,-1,0,0,2,0,2,0,0,0,0,2,2,2,2,0,0,0,2
82,1145.871,6108.010,-532.175,44.451,0.698859,-0.712644,0.061111,0.685590,0.691774,0.226751,-0.203868,-0.116570,0.972034,0,0.24891,-0.73726,20.444,-0.633,623.535,506.335,-1,511.882,-1,437.426,435.187,328.346,379.774,-1,-1,-1,-1,669.109,802.932,704.915,-1,0,0,2,0,2,0,0,0,0,2,2,2,2,0,0,0,2
83,1162.438,6120.198,-536.685,43.825,0.705984,-0.705240,0.064994,0.677609,0.699303,0.227644,-0.205994,-0.116672,0.971573,0,0.24891,-0.73726,20.567,-0.626,613.129,494.809,-1,498.452,-1,426.695,424.284,328.974,376.617,-1,-1,-1,-1,653.993,778.602,687.248,-1,0,0,2,0,2,0,0,0,0,2,2,2,2,0,0,0,2
84,1179.035,6132.501,-541.423,43.260,0.712294,-0.698495,0.068871,0.670282,0.706053,0.228497,-0.208230,-0.116594,0.971106,0,0.24891,-0.73726,20.660,-0.566,598.061,482.915,-1,484.720,-1,415.718,413.120,329.193,373.266,-1,-1,-1,-1,638.314,753.895,667.809,-1,0,0,2,0,2,0,0,0,0,2,2,2,2,0,0,0,2
85,1195.906,6144.506,-546.134,42.640,0.719177,-0.691137,0.071520,0.662233,0.712956,0.230526,-0.210316,-0.118426,0.970434,0,0.24891,-0.73726,20.707,-0.620,581.712,469.738,-1,472.092,-1,404.598,402.324,327.730,372.038,-1,-1,-1,-1,622.193,732.178,647.214,-1,0,0,2,0,2,0,0,0,0,2,2,2,2,0,0,0,2
86,1212.923,6156.486,-550.780,42.026,0.725960,-0.683764,0.073820,0.654259,0.719713,0.232291,-0.211961,-0.120336,0.969841,0,0.24891,-0.73726,20.811,-0.613,566.259,457.196,-1,460.465,-1,394.230,392.308,326.683,371.142,-1,-1,-1,-1,606.093,712.839,627.723,-1,0,0,2,0,2,0,0,0,0,2,2,2,2,0,0,0,2
87,1229.999,6168.556,-555.212,41.459,0.732164,-0.676870,0.076041,0.646841,0.725936,0.233696,-0.213383,-0.121917,0.969332,0,0.24891,-0.73726,20.912,-0.567,551.976,445.644,-1,449.817,-1,384.773,383.137,326.934,370.659,-1,-1,-1,-1,591.475,695.392,609.437,-1,0,0,2,0,2,0,0,0,0,2,2,2,2,0,0,0,2
88,1247.208,6180.702,-559.216,40.913,0.738135,-0.670235,0.077080,0.639695,0.731605,0.235681,-0.214353,-0.124657,0.968769,0,0.24891,-0.73726,21.063,-0.546,537.983,435.008,-1,441.539,-1,376.446,375.565,326.829,372.862,-1,-1,-1,-1,577.998,682.845,591.866,-1,0,0,2,0,2,0,0,0,0,2,2,2,2,0,0,0,2
89,1264.588,6192.956,-562.986,40.387,0.743936,-0.663812,0.076899,0.632851,0.736804,0.237949,-0.214613,-0.128353,0.968229,0,0.24891,-0.73726,21.266,-0.526,522.681,425.470,-1,435.412,-1,369.341,369.448,326.267,376.770,-1,-1,-1,-1,565.674,675.005,574.091,-1,0,0,2,0,2,0,0,0,0,2,2,2,2,0,0,0,2
90,1282.171,6205.279,-566.691,39.885,0.749654,-0.657500,0.075578,0.626485,0.741796,0.239281,-0.213391,-0.132029,0.968005,0,0.24891,-0.73726,21.471,-0.502,509.001,418.071,-1,431.749,-1,364.186,365.274,326.157,381.020,-1,-1,-1,-1,555.894,672.786,558.721,-1,0,0,2,0,2,0,0,0,0,2,2,2,2,0,0,0,2
91,1300.010,6217.387,-570.224,39.360,0.755857,-0.650651,0.073031,0.619991,0.747132,0.239593,-0.210455,-0.135819,0.968123,0,0.24891,-0.73726,21.561,-0.525,497.848,413.144,-1,430.910,-1,361.184,363.296,326.805,385.622,-1,-1,-1,-1,548.815,676.875,546.827,-1,0,0,2,0,2,0,0,0,0,2,2,2,2,0,0,0,2
92,1318.004,6229.477,-573.642,38.860,0.761948,-0.643849,0.069954,0.613931,0.752459,0.238524,-0.206211,-0.138796,0.968614,0,0.24891,-0.73726,21.678,-0.501,488.702,410.472,-1,432.001,-1,360.042,363.039,329.219,389.599,-1,-1,-1,-1,544.106,685.231,538.090,-1,0,0,2,0,2,0,0,0,0,2,2,2,2,0,0,0,2
93,1336.140,6241.515,-576.949,38.392,0.767728,-0.637264,0.066990,0.608317,0.757697,0.236316,-0.201354,-0.140675,0.969364,0,0.24891,-0.73726,21.768,-0.468,481.603,409.243,-1,433.867,-1,360.001,363.612,333.008,392.520,-1,-1,-1,-1,542.226,696.722,532.352,-1,0,0,2,0,2,0,0,0,0,2,2,2,2,0,0,0,2
94,1354.455,6253.246,-580.028,37.905,0.773614,-0.630383,0.064330,0.602354,0.763112,0.234158,-0.196700,-0.142399,0.970068,0,0.24891,-0.73726,21.749,-0.487,475.133,408.144,-1,436.545,-1,359.982,364.255,337.459,395.379,-1,-1,-1,-1,540.624,708.117,527.813,-1,0,0,2,0,2,0,0,0,0,2,2,2,2,0,0,0,2
95,1373.014,6264.378,-582.896,37.334,0.780250,-0.622433,0.061544,0.595130,0.769075,0.233117,-0.192432,-0.145263,0.970499,0,0.24891,-0.73726,21.642,-0.571,468.085,406.094,-1,439.183,-1,359.349,364.726,341.449,399.419,-1,-1,-1,-1,538.396,719.481,521.839,-1,0,0,2,0,2,0,0,0,0,2,2,2,2,0,0,0,2
96,1391.621,6275.078,-585.701,36.715,0.787230,-0.613807,0.059243,0.587096,0.775413,0.232495,-0.188645,-0.148245,0.970792,0,0.24891,-0.73726,21.465,-0.620,460.711,403.519,-1,440.928,-1,357.998,364.494,345.542,403.065,-1,-1,-1,-1,507.550,728.647,514.360,-1,0,0,2,0,2,0,0,0,0,2,2,2,2,1,0,0,2
97,1410.161,6285.962,-588.620,36.229,0.792929,-0.606585,0.057606,0.580942,0.781134,0.228770,-0.183767,-0.147933,0.971775,0,0.22886,-0.49227,21.499,-0.486,456.790,403.796,-1,443.124,-1,358.562,365.323,351.829,402.532,-1,-1,-1,-1,460.259,739.442,511.427,-1,0,0,2,0,2,0,0,0,0,2,2,2,2,1,0,0,2
98,1428.798,6296.729,-591.536,35.785,0.798295,-0.599727,0.055248,0.575438,0.786593,0.223925,-0.177752,-0.146967,0.973039,0,0.22886,-0.49227,21.524,-0.443,454.518,395.132,-1,447.174,-1,360.739,367.555,358.152,401.243,-1,-1,-1,-1,409.178,754.984,512.641,-1,0,1,2,0,2,0,0,0,0,2,2,2,2,1,0,0,2
99,1447.561,6307.158,-594.369,35.303,0.804033,-0.592312,0.051941,0.569349,0.792144,0.219884,-0.171385,-0.147221,0.974142,0,0.22886,-0.49227,21.466,-0.482,453.034,349.850,-1,453.648,-1,363.463,370.642,363.663,401.471,-1,-1,-1,-1,379.376,774.428,515.078,-1,0,1,2,0,2,0,0,0,0,2,2,2,2,1,0,0,2
100,1466.421,6317.156,-597.110,34.769,0.810195,-0.584154,0.048465,0.562440,0.798029,0.216358,-0.165063,-0.148033,0.975111,0,0.22886,-0.49227,21.346,-0.534,452.029,308.363,-1,460.079,-1,365.747,374.413,368.977,402.125,-1,-1,-1,-1,364.856,794.722,517.698,-1,0,1,2,0,2,0,0,0,0,2,2,2,2,1,0,0,2
101,1485.322,6326.925,-599.766,34.250,0.816193,-0.576056,0.044598,0.555732,0.803824,0.212199,-0.158088,-0.148411,0.976208,0,0.22886,-0.49227,21.277,-0.518,452.857,281.758,-1,467.771,-1,368.648,379.163,374.929,402.336,-1,-1,-1,-1,335.054,818.714,522.308,-1,0,1,2,0,2,0,0,0,0,2,2,2,2,1,0,0,2
102,1504.289,6336.440,-602.339,33.734,0.822173,-0.567829,0.040013,0.549017,0.809575,0.207768,-0.150371,-0.148853,0.977359,0,0.22886,-0.49227,21.220,-0.517,455.222,265.601,-1,477.214,-1,372.613,385.108,381.086,402.707,989.063,-1,-1,-1,305.955,848.366,530.009,-1,0,1,2,0,2,0,0,0,0,0,2,2,2,1,0,0,2
103,1523.261,6345.765,-604.795,33.224,0.828009,-0.559613,0.035132,0.542337,0.815207,0.203243,-0.142377,-0.149233,0.978498,0,0.22886,-0.49227,21.140,-0.509,459.880,249.793,-1,488.583,-1,378.348,391.763,386.955,403.191,937.581,-1,-1,-1,277.565,880.235,542.509,-1,0,1,2,0,2,0,0,0,0,0,2,2,2,1,0,0,2
104,1542.213,6354.841,-607.068,32.710,0.833747,-0.551311,0.030384,0.535472,0.820763,0.199043,-0.134673,-0.149682,0.979520,0,0.22886,-0.49227,21.013,-0.514,465.012,232.353,-1,499.972,-1,384.579,399.677,389.173,403.523,894.367,-1,-1,-1,249.691,912.727,556.316,-1,0,1,2,0,2,0,0,0,0,0,2,2,2,1,0,0,2
105,1561.134,6363.757,-609.328,32.211,0.839234,-0.543178,0.025362,0.528728,0.826025,0.195268,-0.127015,-0.150467,0.980422,0,0.22886,-0.49227,20.917,-0.499,469.882,245.177,-1,511.537,-1,390.723,407.793,389.868,404.255,853.352,-1,-1,-1,600.577,945.579,572.515,-1,0,1,2,0,2,0,0,0,0,0,2,2,2,0,0,0,2
106,1579.847,6373.095,-611.652,31.861,0.843258,-0.537102,0.020896,0.524091,0.830218,0.189911,-0.119350,-0.149193,0.981579,0,0.22886,-0.49227,20.913,-0.350,477.042,230.102,-1,523.108,-1,397.543,416.155,391.841,403.056,825.149,-1,-1,-1,619.429,978.207,603.216,-1,0,1,2,0,2,0,0,0,0,0,2,2,2,0,0,0,2
107,1598.492,6382.480,-613.972,31.555,0.846766,-0.531720,0.016186,0.520026,0.833787,0.185397,-0.112075,-0.148571,0.982530,0,0.22886,-0.49227,20.874,-0.306,483.512,438.513,-1,535.281,-1,404.881,424.413,393.174,402.980,797.075,-1,-1,-1,638.807,-1,632.819,-1,0,0,2,0,2,0,0,0,0,0,2,2,2,0,2,0,2
108,1616.992,6392.075,-616.362,31.310,0.849609,-0.527288,0.011501,0.516775,0.836632,0.181630,-0.105393,-0.148371,0.983300,0,0.22886,-0.49227,20.840,-0.245,490.727,443.354,-1,547.013,-1,412.454,432.663,392.680,403.718,771.237,-1,-1,-1,657.515,-1,262.765,-1,0,0,2,0,2,0,0,0,0,0,2,2,2,0,2,1,2
109,1635.298,6401.933,-618.777,31.147,0.851631,-0.524096,0.006952,0.514681,0.838694,0.178031,-0.099136,-0.148038,0.984000,0,0.22886,-0.49227,20.792,-0.164,496.646,447.691,-1,558.287,-1,419.675,440.909,389.760,404.951,750.082,-1,-1,-1,679.568,-1,237.522,-1,0,0,2,0,2,0,0,0,0,0,2,2,2,0,2,1,2
110,1653.305,6412.150,-621.105,31.087,0.852613,-0.522535,0.002885,0.514064,0.839755,0.174782,-0.093753,-0.147538,0.984603,0,0.22886,-0.49227,20.704,-0.060,500.276,453.133,-1,568.894,-1,426.103,448.503,386.940,406.830,734.036,-1,-1,-1,698.642,-1,213.579,-1,0,0,2,0,2,0,0,0,0,0,2,2,2,0,2,1,2
111,1670.994,6422.715,-623.285,31.124,0.852650,-0.522481,-0.001247,0.514842,0.839774,0.172388,-0.089022,-0.147628,0.985028,0,0.22886,-0.49227,20.604,0.037,500.979,456.730,-1,580.073,-1,431.908,456.029,383.643,409.912,719.178,-1,-1,-1,714.566,-1,192.934,-1,0,0,2,0,2,0,0,0,0,0,2,2,2,0,2,1,2
112,1688.390,6433.244,-625.258,31.201,0.852349,-0.522938,-0.006119,0.516220,0.839409,0.170027,-0.083777,-0.148081,0.985420,0,0.22886,-0.49227,20.334,0.077,504.455,461.192,-1,594.211,-1,438.931,465.044,380.347,413.864,706.785,-1,-1,-1,740.360,-1,171.142,-1,0,0,2,0,2,0,0,0,0,0,2,2,2,0,2,1,2
113,1701.867,6441.795,-626.614,31.600,0.848745,-0.528761,-0.006562,0.522150,0.836043,0.168499,-0.083610,-0.146439,0.985680,0,0.22886,-0.49227,15.961,0.399,499.419,459.009,-1,596.788,-1,438.172,466.351,379.492,416.005,716.443,-1,-1,-1,742.736,-1,156.716,-1,0,0,2,0,2,0,0,0,0,0,2,2,2,0,2,1,2
114,1709.827,6446.880,-627.146,32.141,0.843325,-0.537396,-0.002871,0.529853,0.830571,0.171487,-0.089772,-0.146140,0.985182,0,0.22886,-0.49227,9.445,0.541,475.348,447.569,-1,585.800,-1,428.379,457.603,378.421,419.608,741.702,-1,-1,-1,709.257,-1,149.887,-1,0,0,2,0,2,0,0,0,0,0,2,2,2,0,2,1,2
115,1712.485,6447.749,-626.645,32.755,0.836853,-0.547425,0.001591,0.538390,0.823560,0.178564,-0.099061,-0.148575,0.983927,0,0.31170,-0.40614,2.796,0.614,447.149,432.446,-1,570.857,-1,414.326,445.255,376.656,426.729,770.882,-1,-1,-1,665.142,-1,147.524,-1,0,0,2,0,2,0,0,0,0,0,2,2,2,0,2,1,2
116,1708.454,6444.835,-625.310,33.589,0.827804,-0.560937,0.009462,0.549753,0.814431,0.185673,-0.111857,-0.148499,0.982566,0,0.31170,-0.40614,4.973,0.833,420.940,414.911,-1,547.860,-1,397.589,428.710,378.243,430.520,830.387,-1,-1,-1,618.461,-1,159.053,-1,0,0,2,0,2,0,0,0,0,0,2,2,2,0,2,1,2
117,1702.660,6441.568,-623.944,34.003,0.823276,-0.567450,0.014759,0.555374,0.810587,0.185764,-0.117375,-0.144739,0.982484,0,0.31170,-0.40614,6.652,0.415,418.416,410.363,-1,536.801,-1,392.822,422.350,383.462,427.470,878.609,-1,-1,-1,604.119,-1,171.543,-1,0,0,2,0,2,0,0,0,0,0,2,2,2,0,2,1,2
118,1698.829,6440.016,-623.200,34.073,0.823222,-0.567580,0.012593,0.556801,0.811521,0.177216,-0.110803,-0.138876,0.984091,0,0.31170,-0.40614,4.133,0.070,443.023,422.781,-1,549.422,-1,403.933,432.923,390.193,420.477,873.435,-1,-1,-1,630.638,-1,601.328,-1,0,0,2,0,2,0,0,0,0,0,2,2,2,0,2,0,2
119,1696.814,6439.187,-622.920,34.131,0.823711,-0.566994,0.004228,0.558349,0.812405,0.168064,-0.098726,-0.136075,0.985767,0,0.31170,-0.40614,2.179,0.058,476.207,441.648,-1,577.333,-1,421.960,452.647,393.819,417.636,822.684,-1,-1,-1,676.108,-1,719.792,-1,0,0,2,0,2,0,0,0,0,0,2,2,2,0,2,0,2
120,-246.354,1514.581,-594.394,30.962,0.853158,-0.519592,0.046323,0.511864,0.850964,0.117713,-0.100582,-0.076716,0.991967,1,0.31170,-0.40614,0.000,0.000,510.096,299.337,-1,301.360,407.532,263.406,265.669,412.247,361.961,-1,462.872,502.868,-1,436.243,410.865,468.308,399.968,0,0,2,0,0,0,0,0,0,2,0,0,2,0,0,0,0
121,-244.526,1516.339,-591.768,31.203,0.851518,-0.522245,0.046660,0.515749,0.850297,0.104872,-0.094444,-0.065235,0.993391,0,0.22041,-1.00000,2.536,0.240,678.160,314.670,-1,308.394,410.663,274.089,273.205,438.306,356.489,-1,459.352,489.645,-1,467.913,421.555,596.313,408.151,0,0,2,0,0,0,0,0,0,2,0,0,2,0,0,0,0
122,-242.538,1518.495,-586.815,31.472,0.849801,-0.525290,0.043685,0.520194,0.849152,0.091313,-0.085061,-0.054873,0.994864,0,0.22041,-1.00000,2.933,0.270,-1,338.654,-1,323.170,432.617,291.532,287.663,471.210,356.551,-1,454.885,476.087,-1,527.003,444.236,-1,434.430,2,0,2,0,0,0,0,0,0,2,0,0,2,0,0,2,0
123,-240.492,1520.911,-580.790,31.731,0.848053,-0.528418,0.039760,0.524410,0.847666,0.080355,-0.076165,-0.047295,0.995973,0,0.22041,-1.00000,3.166,0.259,-1,365.354,-1,340.382,464.017,310.452,304.267,503.181,361.089,-1,456.545,471.616,-1,597.885,472.557,-1,476.249,2,0,2,0,0,0,0,0,0,2,0,0,2,0,0,2,0
124,-238.414,1523.511,-574.562,31.957,0.846384,-0.531349,0.036105,0.527998,0.846049,0.073621,-0.069665,-0.043248,0.996633,0,0.22041,-1.00000,3.328,0.226,-1,391.016,-1,356.783,497.488,328.073,319.638,527.304,369.106,-1,466.165,479.310,-1,667.625,501.734,-1,518.238,2,0,2,0,0,0,0,0,0,2,0,0,2,0,0,2,0
125,-236.257,1526.255,-568.845,32.134,0.844987,-0.533793,0.032581,0.530765,0.844532,0.071090,-0.065463,-0.042777,0.996938,0,0.22041,-1.00000,3.491,0.177,-1,410.906,-1,371.872,533.609,342.133,333.011,543.303,379.486,-1,480.030,494.407,-1,734.845,527.319,-1,563.823,2,0,2,0,0,0,0,0,0,2,0,0,2,0,0,2,0
126,-233.970,1529.088,-564.139,32.277,0.843838,-0.535823,0.028818,0.532974,0.843161,0.070839,-0.062256,-0.044417,0.997071,0,0.22041,-1.00000,3.641,0.142,-1,426.087,-1,384.728,591.287,353.177,344.046,552.427,390.355,-1,492.202,508.888,-1,791.902,549.210,-1,636.198,2,0,2,0,0,0,0,0,0,2,0,0,2,0,0,2,0
127,-231.473,1531.849,-560.679,32.387,0.842987,-0.537385,0.024281,0.534715,0.842020,0.071290,-0.058756,-0.047113,0.997160,0,0.22041,-1.00000,3.722,0.111,-1,438.351,-1,396.052,670.489,362.259,353.423,556.194,401.154,-1,497.853,516.421,-1,848.219,568.691,-1,946.601,2,0,2,0,0,0,0,0,0,2,0,0,2,0,0,2,1
128,-228.714,1534.326,-558.474,32.416,0.842902,-0.537746,0.018589,0.535259,0.841527,0.073011,-0.054904,-0.051591,0.997158,0,0.22041,-1.00000,3.707,0.029,-1,447.130,-1,406.081,-1,369.201,361.148,553.225,411.471,-1,496.766,517.194,-1,895.379,592.973,-1,944.087,2,0,2,0,2,0,0,0,0,2,0,0,2,0,0,2,1
129,-225.785,1536.314,-557.495,32.341,0.843771,-0.536571,0.011934,0.534251,0.841831,0.076794,-0.051252,-0.058421,0.996976,0,0.22041,-1.00000,3.541,-0.076,-1,451.134,-1,414.012,-1,373.590,366.694,542.743,421.919,-1,490.792,513.702,-1,920.222,615.834,-1,909.218,2,0,2,0,2,0,0,0,0,2,0,0,2,0,0,2,1
130,-222.804,1537.721,-557.728,32.147,0.845702,-0.533635,0.004699,0.531469,0.843000,0.083016,-0.048261,-0.067709,0.996537,0,0.22041,-1.00000,3.296,-0.194,-1,449.498,-1,419.495,-1,374.564,369.556,525.034,432.696,-1,481.478,507.808,-1,915.845,634.398,-1,909.951,2,0,2,0,2,0,0,0,0,2,0,0,2,0,0,2,1
131,-219.753,1538.915,-559.215,31.880,0.848288,-0.529527,-0.002898,0.527594,0.844699,0.090159,-0.045294,-0.078010,0.995923,0,0.22041,-1.00000,3.276,-0.267,-1,444.140,-1,422.894,-1,372.956,370.249,503.257,442.422,842.234,467.363,496.927,-1,894.748,649.286,-1,916.440,2,0,2,0,2,0,0,0,0,0,0,0,2,0,0,2,1
132,-216.570,1540.076,-561.945,31.590,0.851073,-0.524932,-0.010980,0.523387,0.846536,0.097174,-0.041715,-0.088449,0.995207,0,0.22041,-1.00000,3.388,-0.289,-1,436.781,-1,424.784,-1,369.712,369.457,479.363,450.260,758.254,447.148,478.973,-1,868.022,662.095,-1,923.764,2,0,2,0,2,0,0,0,0,0,0,0,2,0,0,2,1
133,-213.163,1541.084,-565.600,31.291,0.853997,-0.519879,-0.020375,0.519062,0.848669,0.101661,-0.035560,-0.097394,0.994610,0,0.22041,-1.00000,3.554,-0.299,-1,432.094,-1,427.674,-1,367.978,369.687,455.825,454.673,695.950,418.679,450.049,-1,863.706,684.150,-1,972.635,2,0,2,0,2,0,0,0,0,0,0,0,2,0,0,2,1
134,-209.573,1541.894,-569.707,30.972,0.857096,-0.514361,-0.028637,0.514421,0.851577,0.100934,-0.027530,-0.101242,0.994481,0,0.34419,-0.95362,3.680,-0.320,-1,431.761,-1,430.085,-1,368.308,370.519,439.207,451.486,652.185,386.917,415.972,-1,892.362,712.181,-1,-1,2,0,2,0,2,0,0,0,0,0,0,0,2,0,0,2,2
135,-205.763,1542.210,-573.592,30.643,0.860177,-0.508946,-0.032716,0.509570,0.855063,0.095947,-0.020858,-0.099202,0.994849,0,0.34419,-0.95362,3.823,-0.329,-1,433.025,-1,428.500,-1,368.158,369.329,432.227,440.563,632.810,362.418,386.998,-1,932.520,722.224,-1,-1,2,0,2,0,2,0,0,0,0,0,0,0,2,0,0,2,2
136,-201.760,1542.198,-576.595,30.329,0.862994,-0.504247,-0.031250,0.504886,0.858551,0.089332,-0.018216,-0.092870,0.995512,0,0.34419,-0.95362,4.002,-0.313,-1,431.848,-1,421.224,-1,365.012,364.432,434.066,425.594,639.711,352.150,371.813,994.427,951.188,702.392,-1,-1,2,0,2,0,2,0,0,0,0,0,0,0,0,0,0,2,2
137,-197.619,1542.137,-578.535,30.005,0.865807,-0.499779,-0.024471,0.499981,0.862139,0.082071,-0.019920,-0.083292,0.996326,0,0.34419,-0.95362,4.142,-0.324,-1,427.347,-1,408.799,-1,358.777,355.951,443.802,408.754,673.510,356.553,371.292,918.239,938.968,655.995,-1,-1,2,0,2,0,2,0,0,0,0,0,0,0,0,0,0,2,2
138,-193.281,1542.167,-579.480,29.679,0.868539,-0.495416,-0.014258,0.494993,0.865633,0.075239,-0.024932,-0.072406,0.997064,0,0.34419,-0.95362,4.338,-0.326,-1,420.221,-1,393.675,-1,350.659,345.377,458.425,392.683,733.770,372.950,383.225,859.366,900.485,612.950,-1,-1,2,0,2,0,2,0,0,0,0,0,0,0,0,0,0,2,2
139,-188.656,1542.302,-579.656,29.332,0.871368,-0.490619,-0.003298,0.489627,0.869135,0.069781,-0.031369,-0.062420,0.997557,0,0.34419,-0.95362,4.627,-0.348,-1,412.048,-1,378.893,-1,342.204,334.848,473.200,379.545,814.574,396.481,403.234,835.542,848.675,574.313,-1,-1,2,0,2,0,2,0,0,0,0,0,0,0,0,0,0,2,2
140,-183.682,1542.580,-579.300,28.954,0.874395,-0.485172,0.006445,0.483762,0.872727,0.065744,-0.037521,-0.054368,0.997816,0,0.34419,-0.95362,4.981,-0.378,-1,404.650,-1,366.454,599.374,334.800,326.142,486.457,369.908,949.823,422.318,426.566,834.188,801.674,542.530,-1,-1,2,0,2,0,0,0,0,0,0,0,0,0,0,0,0,2,2
141,-178.356,1542.969,-578.549,28.538,0.877689,-0.479006,0.014667,0.477295,0.876483,0.062992,-0.043029,-0.048287,0.997906,0,0.34419,-0.95362,5.341,-0.416,-1,398.056,-1,356.368,535.561,328.539,318.650,497.433,363.428,-1,449.023,451.263,845.993,767.960,518.083,-1,573.944,2,0,2,0,0,0,0,0,0,2,0,0,0,0,0,2,0
142,-172.629,1543.686,-577.443,28.135,0.880892,-0.472900,0.019891,0.471049,0.880004,0.060872,-0.046291,-0.044252,0.997947,0,0.34419,-0.95362,5.771,-0.402,-1,394.304,-1,350.370,504.255,325.149,314.199,505.902,360.075,-1,471.419,471.628,858.206,752.618,505.008,-1,536.671,2,0,2,0,0,0,0,0,0,2,0,0,0,0,0,2,0
143,-166.496,1544.904,-576.157,27.771,0.883853,-0.467264,0.021662,0.465432,0.883120,0.058929,-0.046665,-0.042002,0.998027,0,0.34419,-0.95362,6.252,-0.364,-1,394.992,-1,348.668,497.079,325.152,313.246,511.815,359.186,-1,486.203,484.908,861.980,759.385,503.464,-1,528.692,2,0,2,0,0,0,0,0,0,2,0,0,0,0,0,2,0
144,-159.985,1546.523,-574.885,27.430,0.886694,-0.461914,0.020245,0.460217,0.885951,0.057363,-0.044432,-0.041547,0.998148,0,0.34419,-0.95362,6.710,-0.341,-1,399.102,-1,350.497,509.558,327.643,315.285,514.477,360.650,-1,492.919,490.647,857.875,781.484,511.374,-1,544.229,2,0,2,0,0,0,0,0,0,2,0,0,0,0,0,2,0
145,-153.104,1548.544,-573.850,27.125,0.889303,-0.457027,0.016335,0.455566,0.888454,0.055757,-0.039995,-0.042143,0.998311,0,0.34419,-0.95362,7.171,-0.306,-1,405.927,-1,354.802,536.458,331.921,319.308,514.652,363.145,-1,492.130,489.087,842.455,820.954,525.348,-1,577.950,2,0,2,0,0,0,0,0,0,2,0,0,0,0,0,2,0
146,-145.865,1550.940,-573.235,26.866,0.891554,-0.452791,0.010552,0.451648,0.890562,0.053966,-0.033832,-0.043347,0.998487,0,0.34419,-0.95362,7.625,-0.259,-1,414.608,-1,360.639,622.331,337.409,324.529,512.600,365.866,-1,485.017,481.269,816.059,877.212,544.336,-1,-1,2,0,2,0,0,0,0,0,0,2,0,0,0,0,0,2,2
147,-138.283,1553.532,-573.152,26.616,0.893715,-0.448624,0.003277,0.447855,0.892566,0.052451,-0.026455,-0.045409,0.998618,0,0.34419,-0.95362,8.012,-0.250,-1,423.788,-1,367.992,-1,343.322,330.254,507.556,368.702,-1,473.116,468.856,778.354,941.763,566.930,-1,-1,2,0,2,0,2,0,0,0,0,2,0,0,0,0,0,2,2
148,-130.397,1556.241,-573.589,26.353,0.895925,-0.444176,-0.005113,0.443824,0.894622,0.051693,-0.018387,-0.048582,0.998650,0,0.34419,-0.95362,8.338,-0.263,-1,432.822,-1,375.871,-1,349.383,335.994,499.091,371.850,-1,458.320,453.900,741.080,993.569,604.303,-1,-1,2,0,2,0,2,0,0,0,0,2,0,0,0,0,0,2,2
149,-122.281,1558.859,-574.424,26.051,0.898358,-0.439026,-0.014467,0.439149,0.896879,0.052503,-0.010075,-0.053520,0.998516,0,0.29885,-0.56246,8.528,-0.302,-1,441.276,-1,384.041,-1,354.479,341.548,486.519,376.085,989.827,442.250,438.309,708.889,-1,650.072,-1,-1,2,0,2,0,2,0,0,0,0,0,0,0,0,2,0,2,2
150,-114.055,1561.215,-575.455,25.692,0.901138,-0.432819,-0.024873,0.433532,0.899500,0.054306,-0.001132,-0.059720,0.998214,0,0.29885,-0.56246,8.557,-0.359,-1,449.583,-1,393.276,-1,359.705,347.660,471.535,380.357,904.157,424.752,421.449,686.717,-1,713.440,-1,-1,2,0,2,0,2,0,0,0,0,0,0,0,0,2,0,2,2
151,-105.653,1563.472,-576.560,25.302,0.904034,-0.425965,-0.035726,0.427379,0.902333,0.056061,0.008357,-0.065950,0.997788,0,0.29885,-0.56246,8.700,-0.390,-1,458.833,-1,403.407,-1,365.487,353.962,456.672,384.536,848.023,406.962,402.527,665.091,-1,796.646,-1,-1,2,0,2,0,2,0,0,0,0,0,0,0,0,2,0,2,2
152,-97.223,1565.386,-577.370,24.873,0.907127,-0.418551,-0.044002,0.420551,0.905490,0.056785,0.016076,-0.070017,0.997416,0,0.29885,-0.56246,8.645,-0.429,-1,465.401,-1,410.963,-1,369.877,358.738,446.099,386.746,815.636,394.973,388.885,645.398,-1,873.052,-1,-1,2,0,2,0,2,0,0,0,0,0,0,0,0,2,0,2,2
153,-88.884,1566.767,-577.699,24.389,0.910554,-0.410492,-0.048868,0.412833,0.909089,0.055910,0.021475,-0.071084,0.997239,0,0.29885,-0.56246,8.452,-0.484,-1,469.951,-1,414.762,-1,372.512,361.845,441.614,386.252,808.586,390.633,382.813,627.717,-1,925.678,-1,-1,2,0,2,0,2,0,0,0,0,0,0,0,0,2,0,2,2
154,-80.578,1567.746,-577.609,23.876,0.914147,-0.402231,-0.050444,0.404639,0.912911,0.053492,0.024535,-0.069311,0.997293,0,0.29885,-0.56246,8.364,-0.513,-1,472.392,-1,414.344,-1,373.227,362.312,442.658,383.160,823.504,393.335,383.663,612.331,-1,946.772,-1,-1,2,0,2,0,2,0,0,0,0,0,0,0,0,2,0,2,2
155,-72.189,1568.708,-577.258,23.401,0.917427,-0.394765,-0.049886,0.397033,0.916489,0.049119,0.026329,-0.064870,0.997546,0,0.29885,-0.56246,8.444,-0.475,-1,475.445,-1,412.921,-1,373.395,361.333,448.792,377.676,854.416,400.164,388.071,597.305,-1,946.537,-1,-1,2,0,2,0,2,0,0,0,0,0,0,0,0,2,0,2,2
156,-63.661,1569.961,-576.638,23.012,0.920045,-0.388664,-0.049573,0.390762,0.919464,0.043496,0.028676,-0.059390,0.997823,0,0.29885,-0.56246,8.620,-0.389,-1,483.420,-1,412.919,-1,375.273,361.616,457.800,371.844,887.988,406.808,391.754,582.159,-1,953.376,-1,-1,2,0,2,0,2,0,0,0,0,0,0,0,0,2,0,2,2
157,-54.967,1571.730,-575.812,22.731,0.921846,-0.384189,-0.050980,0.386198,0.921636,0.037926,0.032414,-0.054650,0.997979,0,0.29885,-0.56246,8.872,-0.281,-1,495.889,-1,416.790,-1,380.227,364.469,466.624,367.526,913.151,410.841,392.738,566.384,-1,983.248,-1,-1,2,0,2,0,2,0,0,0,0,0,0,0,0,2,0,2,2
158,-46.117,1573.729,-574.884,22.452,0.923558,-0.379568,-0.054483,0.381648,0.923662,0.034545,0.037211,-0.052698,0.997917,0,0.29885,-0.56246,9.073,-0.279,-1,509.586,-1,424.518,-1,386.506,369.366,470.999,366.364,920.662,412.407,392.208,556.213,-1,-1,-1,-1,2,0,2,0,2,0,0,0,0,0,0,0,0,2,2,2,2
159,-37.149,1576.008,-574.003,22.191,0.925094,-0.375094,-0.059207,0.377351,0.925491,0.032752,0.042510,-0.052640,0.997708,0,0.29885,-0.56246,9.253,-0.261,-1,523.159,-1,434.394,-1,393.338,375.078,471.954,367.161,916.557,411.771,390.869,549.820,-1,-1,-1,-1,2,0,2,0,2,0,0,0,0,0,0,0,0,2,2,2,2
160,-28.138,1578.501,-573.301,21.959,0.926401,-0.371056,-0.064016,0.373524,0.927075,0.031810,0.047544,-0.053380,0.997442,0,0.29885,-0.56246,9.349,-0.232,-1,534.606,-1,444.101,-1,399.599,379.852,471.043,368.526,908.788,409.994,389.797,545.612,-1,-1,-1,-1,2,0,2,0,2,0,0,0,0,0,0,0,0,2,2,2,2
161,-19.042,1580.932,-572.736,21.699,0.927867,-0.366469,-0.069016,0.369223,0.928784,0.032156,0.052317,-0.055319,0.997097,0,0.29885,-0.56246,9.415,-0.260,-1,545.272,-1,453.144,-1,404.913,384.560,467.576,370.808,899.064,408.306,389.285,544.691,-1,-1,-1,-1,2,0,2,0,2,0,0,0,0,0,0,0,0,2,2,2,2
162,-9.835,1583.355,-572.303,21.437,0.929299,-0.361803,-0.074178,0.364888,0.930468,0.032955,0.057097,-0.057692,0.996700,0,0.29885,-0.56246,9.521,-0.262,-1,557.690,-1,464.052,-1,409.924,391.976,463.037,373.301,887.830,406.195,388.498,544.535,-1,-1,-1,-1,2,0,2,0,2,0,0,0,0,0,0,0,0,2,2,2,2
163,-0.506,1585.769,-572.006,21.175,0.930677,-0.357117,-0.079417,0.360513,0.932167,0.033089,0.062213,-0.059426,0.996292,0,0.29885,-0.56246,9.637,-0.263,-1,571.617,-1,479.431,-1,415.327,399.631,459.277,375.295,877.534,403.175,386.516,541.499,-1,-1,-1,-1,2,0,2,0,2,0,0,0,0,0,0,0,0,2,2,2,2
164,8.946,1588.128,-571.790,20.915,0.931967,-0.352533,-0.084605,0.356165,0.933872,0.032069,0.067705,-0.060020,0.995898,0,0.29885,-0.56246,9.742,-0.260,-1,588.544,-1,495.124,-1,423.631,407.671,457.166,376.310,869.744,399.472,382.706,534.577,-1,-1,-1,-1,2,0,2,0,2,0,0,0,0,0,0,0,0,2,2,2,2
165,18.596,1590.457,-571.600,20.649,0.933229,-0.347883,-0.089781,0.351683,0.935632,0.030184,0.073502,-0.059743,0.995504,0,0.43410,-1.00000,9.927,-0.266,-1,609.483,-1,511.345,-1,433.271,416.157,456.554,376.237,864.025,395.502,376.869,525.078,-1,-1,-1,-1,2,0,2,0,2,0,0,0,0,0,0,0,0,2,2,2,2
166,28.553,1592.764,-571.367,20.370,0.934489,-0.343049,-0.095123,0.346983,0.937455,0.027943,0.079588,-0.059118,0.995073,0,0.43410,-1.00000,10.221,-0.278,-1,633.574,-1,528.335,-1,443.829,425.339,456.834,375.815,857.768,391.508,370.854,515.932,-1,-1,-1,-1,2,0,2,0,2,0,0,0,0,0,0,0,0,2,2,2,2
167,38.744,1595.067,-571.018,20.093,0.935709,-0.338287,-0.100050,0.342291,0.939248,0.025483,0.085351,-0.058091,0.994656,0,0.43410,-1.00000,10.448,-0.277,-1,659.962,-1,547.604,-1,454.409,433.994,458.058,375.099,854.881,388.962,366.296,508.219,-1,-1,-1,-1,2,0,2,0,2,0,0,0,0,0,0,0,0,2,2,2,2
168,49.101,1597.276,-570.455,19.797,0.937040,-0.333262,-0.104365,0.337307,0.941106,0.023329,0.090444,-0.057064,0.994265,0,0.43410,-1.00000,10.590,-0.296,-1,686.203,-1,566.918,-1,464.334,444.659,459.723,374.684,855.698,388.704,364.327,502.780,-1,-1,-1,-1,2,0,2,0,2,0,0,0,0,0,0,0,0,2,2,2,2
169,59.647,1599.511,-569.664,19.504,0.938292,-0.328191,-0.109079,0.332346,0.942904,0.021861,0.095676,-0.056764,0.993793,0,0.43410,-1.00000,10.780,-0.293,-1,713.911,-1,589.309,-1,475.882,458.806,460.712,374.959,854.687,388.634,362.913,499.277,-1,-1,-1,-1,2,0,2,0,2,0,0,0,0,0,0,0,0,2,2,2,2
170,70.399,1601.878,-568.766,19.226,0.939359,-0.323311,-0.114348,0.327599,0.944596,0.020412,0.101413,-0.056634,0.993231,0,0.43410,-1.00000,11.010,-0.278,-1,742.853,-1,615.376,-1,493.205,475.112,461.732,375.339,851.987,383.410,359.805,495.597,-1,-1,-1,-1,2,0,2,0,2,0,0,0,0,0,0,0,0,2,2,2,2
171,81.342,1604.303,-567.839,18.956,0.940335,-0.318583,-0.119477,0.322968,0.946223,0.018816,0.107057,-0.056280,0.992659,0,0.43410,-1.00000,11.209,-0.271,-1,773.358,-1,642.787,-1,511.077,491.821,463.401,375.489,851.093,378.917,357.209,491.936,-1,-1,-1,-1,2,0,2,0,2,0,0,0,0,0,0,0,0,2,2,2,2
172,92.456,1606.584,-566.907,18.657,0.941475,-0.313399,-0.124123,0.317881,0.947967,0.017600,0.112149,-0.056027,0.992111,0,0.43410,-1.00000,11.345,-0.299,-1,801.412,-1,668.809,-1,527.805,507.593,464.782,375.646,852.066,376.180,356.140,489.623,-1,-1,-1,-1,2,0,2,0,2,0,0,0,0,0,0,0,0,2,2,2,2
173,105.956,1608.928,-565.751,18.213,0.943356,-0.305725,-0.128885,0.310390,0.950451,0.017314,0.117206,-0.056338,0.991508,0,0.43410,-1.00000,13.702,-0.444,-1,825.165,-1,696.572,-1,545.107,526.396,465.357,376.403,855.450,375.911,357.749,490.137,-1,-1,-1,-1,2,0,2,0,2,0,0,0,0,0,0,0,0,2,2,2,2
174,114.995,1610.394,-564.952,17.900,0.944731,-0.300373,-0.131378,0.305135,0.952152,0.017273,0.119904,-0.056407,0.991182,0,0.43410,-1.00000,9.157,-0.313,-1,838.431,-1,712.274,-1,555.865,537.148,466.720,376.727,859.955,377.663,359.985,491.600,-1,-1,-1,-1,2,0,2,0,2,0,0,0,0,0,0,0,0,2,2,2,2
175,126.313,1612.097,-563.910,17.495,0.946555,-0.293461,-0.133841,0.298357,0.954291,0.017659,0.122541,-0.056647,0.990846,0,0.43410,-1.00000,11.445,-0.405,-1,851.378,-1,728.959,-1,567.450,548.610,467.461,377.295,865.326,381.817,364.630,495.140,-1,-1,-1,-1,2,0,2,0,2,0,0,0,0,0,0,0,0,2,2,2,2
176,137.656,1613.661,-562.801,17.069,0.948491,-0.286149,-0.135957,0.291236,0.956468,0.018700,0.124688,-0.057332,0.990538,0,0.43410,-1.00000,11.450,-0.426,-1,861.313,-1,744.165,-1,577.656,558.894,467.359,378.432,870.664,387.327,370.843,500.675,-1,-1,-1,-1,2,0,2,0,2,0,0,0,0,0,0,0,0,2,2,2,2
177,148.979,1614.802,-561.524,16.574,0.950742,-0.277487,-0.138166,0.282952,0.958899,0.021224,0.126598,-0.059273,0.990182,0,0.43410,-1.00000,11.380,-0.496,-1,865.943,-1,760.387,-1,586.900,568.998,465.139,381.245,874.217,393.712,378.576,509.269,-1,-1,-1,-1,2,0,2,0,2,0,0,0,0,0,0,0,0,2,2,2,2
178,160.493,1616.232,-560.124,16.163,0.952348,-0.270253,-0.141412,0.276010,0.960893,0.022438,0.129818,-0.060400,0.989697,0,0.43410,-1.00000,11.603,-0.411,-1,881.644,-1,783.674,-1,601.887,565.642,465.125,383.543,876.137,397.292,383.046,514.404,-1,-1,-1,-1,2,0,2,0,2,0,1,0,0,0,0,0,0,2,2,2,2
179,172.078,1618.013,-558.599,15.821,0.953481,-0.264305,-0.144969,0.270188,0.962553,0.022154,0.133685,-0.060292,0.989188,0,0.43410,-1.00000,11.721,-0.342,-1,903.916,-1,810.564,-1,620.834,488.382,468.030,385.914,879.547,399.911,385.931,516.653,-1,-1,-1,-1,2,0,2,0,2,0,1,0,0,0,0,0,0,2,2,2,2
180,183.744,1620.012,-556.919,15.537,0.954170,-0.259189,-0.149606,0.265277,0.963923,0.021936,0.138523,-0.060618,0.988502,0,0.43410,-1.00000,11.836,-0.284,-1,932.074,-1,846.187,-1,645.058,487.082,470.756,389.359,879.137,400.412,386.841,518.198,-1,-1,-1,-1,2,0,2,0,2,0,1,0,0,0,0,0,0,2,2,2,2
181,195.451,1622.165,-555.105,15.294,0.954523,-0.254613,-0.155109,0.261016,0.965082,0.022072,0.144073,-0.061554,0.987651,0,0.43410,-1.00000,11.903,-0.243,-1,957.848,-1,888.569,-1,673.547,484.761,474.088,394.048,875.308,398.309,386.464,519.751,-1,-1,-1,-1,2,0,2,0,2,0,1,0,0,0,0,0,0,2,2,2,2
182,207.199,1624.076,-553.257,14.997,0.955127,-0.249024,-0.160370,0.255874,0.966431,0.023243,0.149199,-0.063235,0.986783,0,0.43410,-1.00000,11.902,-0.297,-1,983.228,-1,931.770,-1,700.146,484.244,476.213,399.747,869.331,395.994,387.529,523.430,-1,-1,-1,-1,2,0,2,0,2,0,1,0,0,0,0,0,0,2,2,2,2
183,218.979,1625.801,-551.500,14.669,0.955982,-0.243004,-0.164459,0.250238,0.967875,0.024475,0.153228,-0.064552,0.986080,0,0.43410,-1.00000,11.905,-0.328,-1,1005.309,-1,967.424,-1,723.282,484.552,478.584,403.438,866.369,396.709,390.892,528.224,-1,-1,-1,-1,2,0,2,0,2,0,1,0,0,0,0,0,0,2,2,2,2
184,230.777,1627.185,-549.885,14.284,0.957225,-0.236103,-0.167258,0.243713,0.969493,0.026233,0.155962,-0.065874,0.985564,0,0.43410,-1.00000,11.880,-0.384,-1,-1,-1,993.798,-1,740.379,486.636,479.790,406.720,867.413,400.603,396.908,534.964,-1,-1,-1,-1,2,2,2,0,2,0,1,0,0,0,0,0,0,2,2,2,2
185,242.580,1628.391,-548.435,13.887,0.958665,-0.229143,-0.168686,0.237018,0.971106,0.027855,0.157429,-0.066685,0.985276,0,0.43410,-1.00000,11.864,-0.397,-1,-1,-1,-1,-1,750.923,489.406,480.653,408.806,873.501,407.532,405.248,542.645,-1,-1,-1,-1,2,2,2,2,2,0,1,0,0,0,0,0,0,2,2,2,2
186,254.302,1629.434,-547.086,13.479,0.960304,-0.222160,-0.168703,0.230176,0.972708,0.029299,0.157589,-0.066967,0.985231,0,0.43410,-1.00000,11.768,-0.408,-1,-1,-1,-1,-1,755.064,556.359,482.082,409.811,885.021,417.913,416.291,551.536,-1,-1,-1,-1,2,2,2,2,2,0,1,0,0,0,0,0,0,2,2,2,2
187,265.971,1630.337,-545.742,13.062,0.961994,-0.214976,-0.168382,0.223196,0.974271,0.031287,0.157324,-0.067680,0.985225,0,0.43410,-1.00000,11.704,-0.417,-1,-1,-1,-1,-1,757.663,596.944,482.500,411.368,895.364,429.403,428.489,561.959,-1,-1,-1,-1,2,2,2,2,2,0,1,0,0,0,0,0,0,2,2,2,2
188,277.466,1630.943,-544.275,12.577,0.963949,-0.206410,-0.167922,0.215069,0.975974,0.034922,0.156679,-0.069778,0.985182,0,0.42758,-0.89980,11.511,-0.485,-1,-1,-1,-1,-1,758.159,744.118,481.516,415.253,902.950,442.306,442.603,576.162,-1,-1,-1,-1,2,2,2,2,2,0,0,0,0,0,0,0,0,2,2,2,2
189,288.958,1631.420,-542.716,12.091,0.965822,-0.197632,-0.167721,0.206889,0.977568,0.039462,0.156160,-0.072813,0.985044,0,0.42758,-0.89980,11.501,-0.487,-1,1004.997,-1,-1,-1,759.195,746.620,479.478,422.812,907.793,455.005,457.005,592.273,-1,-1,-1,-1,2,0,2,2,2,0,0,0,0,0,0,0,0,2,2,2,2
190,300.457,1631.859,-541.030,11.633,0.967381,-0.189252,-0.168399,0.199155,0.978987,0.043844,0.156563,-0.075951,0.984743,0,0.42758,-0.89980,11.508,-0.458,-1,1004.343,-1,-1,-1,764.707,753.790,477.754,431.101,909.837,465.278,469.371,607.232,-1,-1,-1,-1,2,0,2,2,2,0,0,0,0,0,0,0,0,2,2,2,2
191,312.066,1632.677,-539.193,11.255,0.968410,-0.182382,-0.170056,0.192724,0.980160,0.046293,0.158240,-0.077604,0.984346,0,0.42758,-0.89980,11.638,-0.378,-1,-1,-1,-1,-1,776.949,766.115,479.615,437.456,909.522,471.556,478.366,617.299,-1,-1,-1,-1,2,2,2,2,2,0,0,0,0,0,0,0,0,2,2,2,2
192,323.796,1633.701,-537.234,10.942,0.969052,-0.176606,-0.172479,0.187344,0.981123,0.047967,0.160752,-0.078795,0.983845,0,0.42758,-0.89980,11.774,-0.314,-1,-1,-1,-1,-1,792.487,782.760,481.729,443.433,905.544,475.486,485.156,624.932,-1,-1,-1,-1,2,2,2,2,2,0,0,0,0,0,0,0,0,2,2,2,2
193,335.639,1634.839,-535.274,10.674,0.969542,-0.171751,-0.174612,0.182739,0.981949,0.048809,0.163077,-0.079231,0.983427,0,0.42758,-0.89980,11.898,-0.268,-1,-1,-1,-1,-1,808.062,799.111,485.547,448.012,905.266,480.183,492.079,631.106,-1,-1,-1,-1,2,2,2,2,2,0,0,0,0,0,0,0,0,2,2,2,2
194,347.378,1635.820,-533.389,10.407,0.970308,-0.167279,-0.174700,0.178200,0.982788,0.048706,0.163546,-0.078392,0.983416,0,0.42758,-0.89980,11.779,-0.267,-1,-1,-1,-1,-1,815.922,807.219,491.643,449.843,916.953,490.919,503.228,638.244,-1,-1,-1,-1,2,2,2,2,2,0,0,0,0,0,0,0,0,2,2,2,2
195,359.093,1636.630,-531.621,10.128,0.971302,-0.162836,-0.173371,0.173501,0.983656,0.048148,0.162697,-0.076846,0.983679,0,0.42758,-0.89980,11.743,-0.279,-1,-1,-1,-1,-1,817.764,808.723,499.552,449.893,936.349,505.775,517.056,646.420,-1,-1,-1,-1,2,2,2,2,2,0,0,0,0,0,0,0,0,2,2,2,2
196,370.864,1637.298,-530.025,9.839,0.972355,-0.158211,-0.171743,0.168642,0.984515,0.047854,0.161513,-0.075495,0.983979,0,0.42758,-0.89980,11.790,-0.288,-1,-1,-1,-1,-1,817.567,807.550,507.136,449.261,955.946,521.141,531.438,655.182,-1,-1,-1,-1,2,2,2,2,2,0,0,0,0,0,0,0,0,2,2,2,2
197,382.685,1637.897,-528.572,9.534,0.973446,-0.153276,-0.170026,0.163500,0.985386,0.047768,0.160220,-0.074299,0.984281,0,0.42758,-0.89980,11.836,-0.305,-1,-1,-1,-1,-1,815.935,805.078,513.922,448.130,974.775,536.456,545.863,664.227,-1,-1,-1,-1,2,2,2,2,2,0,0,0,0,0,0,0,0,2,2,2,2
198,394.508,1638.384,-527.193,9.214,0.974588,-0.148017,-0.168134,0.158093,0.986250,0.048140,0.158697,-0.073497,0.984588,0,0.42758,-0.89980,11.833,-0.320,-1,-1,-1,-1,-1,460.891,801.402,519.519,448.185,992.517,552.357,561.001,674.462,-1,-1,-1,-1,2,2,2,2,2,1,0,0,0,0,0,0,0,2,2,2,2
199,406.335,1638.781,-525.838,8.883,0.975737,-0.142505,-0.166224,0.152492,0.987095,0.048887,0.157112,-0.073048,0.984876,0,0.42758,-0.89980,11.833,-0.331,-1,-1,-1,-1,-1,387.088,797.446,524.197,449.427,-1,568.510,576.540,685.634,-1,-1,-1,-1,2,2,2,2,2,1,0,0,0,2,0,0,0,2,2,2,2
200,418.267,1639.112,-524.507,8.569,0.976716,-0.137133,-0.164985,0.147179,0.987834,0.050232,0.156090,-0.073345,0.985016,0,0.42758,-0.89980,11.937,-0.313,-1,-1,-1,-1,-1,323.060,796.132,527.266,452.145,-1,582.401,590.433,696.911,-1,-1,-1,-1,2,2,2,2,2,1,0,0,0,2,0,0,0,2,2,2,2
201,430.314,1639.546,-523.203,8.266,0.977539,-0.131866,-0.164404,0.142015,0.988522,0.051538,0.155721,-0.073729,0.985046,0,0.42758,-0.89980,12.054,-0.303,-1,-1,-1,-1,-1,268.045,797.776,530.424,455.044,-1,593.803,602.187,706.947,-1,-1,-1,-1,2,2,2,2,2,1,0,0,0,2,0,0,0,2,2,2,2
202,442.309,1639.987,-521.838,7.964,0.978354,-0.126619,-0.163683,0.136873,0.989174,0.052921,0.155210,-0.074180,0.985093,0,0.43403,-0.87008,12.003,-0.302,-1,-1,-1,-1,-1,218.977,799.093,533.580,458.275,-1,606.038,614.725,717.755,-1,-1,-1,-1,2,2,2,2,2,1,0,0,0,2,0,0,0,2,2,2,2
203,454.118,1640.351,-520.302,7.662,0.979282,-0.121501,-0.162001,0.131751,0.989807,0.054063,0.153781,-0.074287,0.985309,0,0.43403,-0.87008,11.815,-0.302,-1,1007.904,-1,-1,-1,208.297,797.258,539.590,461.218,-1,623.278,631.090,730.572,-1,-1,-1,-1,2,0,2,2,2,1,0,0,0,2,0,0,0,2,2,2,2
204,468.286,1640.676,-518.308,7.300,0.980434,-0.115379,-0.159486,0.125599,0.990526,0.055530,0.151568,-0.074475,0.985637,0,0.43403,-0.87008,14.172,-0.362,-1,1003.267,-1,-1,-1,203.531,793.667,545.880,464.938,-1,648.407,653.408,749.377,-1,-1,-1,-1,2,0,2,2,2,1,0,0,0,2,0,0,0,2,2,2,2
205,477.780,1640.829,-517.046,7.058,0.981237,-0.111347,-0.157405,0.121494,0.990991,0.056353,0.149712,-0.074420,0.985925,0,0.43403,-0.87008,9.495,-0.242,-1,998.748,-1,-1,-1,200.212,789.518,550.155,466.672,-1,667.115,670.005,762.551,-1,-1,-1,-1,2,0,2,2,2,1,0,0,0,2,0,0,0,2,2,2,2
206,489.685,1640.972,-515.612,6.748,0.982302,-0.106284,-0.154228,0.116237,0.991585,0.056997,0.146872,-0.073915,0.986390,0,0.43403,-0.87008,11.906,-0.310,-1,991.275,-1,-1,-1,195.916,781.766,556.111,467.576,-1,693.220,693.765,779.226,-1,-1,-1,-1,2,0,2,2,2,1,0,0,0,2,0,0,0,2,2,2,2
207,501.631,1641.010,-514.316,6.439,0.983421,-0.101286,-0.150414,0.110978,0.992159,0.057486,0.143412,-0.073226,0.986950,0,0.43403,-0.87008,11.946,-0.310,-1,981.400,-1,-1,-1,191.398,771.287,561.893,467.651,-1,719.245,720.328,797.025,-1,-1,-1,-1,2,0,2,2,2,1,0,0,0,2,0,0,0,2,2,2,2
208,513.607,1640.958,-513.132,6.124,0.984578,-0.096258,-0.146085,0.105642,0.992718,0.057881,0.139450,-0.072421,0.987577,0,0.43403,-0.87008,11.976,-0.314,-1,969.677,-1,-1,-1,186.761,758.662,567.431,467.131,-1,747.153,746.341,816.049,-1,-1,-1,-1,2,0,2,2,2,1,0,0,0,2,0,0,0,2,2,2,2
209,525.627,1640.845,-512.033,5.811,0.985719,-0.091262,-0.141522,0.100325,0.993247,0.058270,0.135248,-0.071636,0.988219,0,0.43403,-0.87008,12.020,-0.313,-1,956.282,-1,989.229,-1,753.522,745.397,572.506,467.507,-1,776.758,773.765,836.011,-1,-1,-1,-1,2,0,2,0,2,0,0,0,0,2,0,0,0,2,2,2,2
210,537.756,1640.637,-511.017,5.505,0.986760,-0.086255,-0.137352,0.095107,0.993703,0.059234,0.131378,-0.071513,0.988750,0,0.43403,-0.87008,12.131,-0.306,-1,942.094,-1,969.478,-1,741.713,733.642,575.548,468.716,-1,806.274,800.567,856.923,-1,-1,-1,-1,2,0,2,0,2,0,0,0,0,2,0,0,0,2,2,2,2
211,549.915,1640.430,-510.056,5.192,0.987727,-0.081039,-0.133520,0.089746,0.994124,0.060528,0.127830,-0.071768,0.989196,0,0.43403,-0.87008,12.161,-0.314,-1,928.812,-1,952.341,-1,730.975,723.200,577.974,470.620,-1,836.964,826.787,878.414,-1,-1,-1,-1,2,0,2,0,2,0,0,0,0,2,0,0,0,2,2,2,2
212,562.054,1640.204,-509.000,4.880,0.988669,-0.075868,-0.129530,0.084412,0.994513,0.061788,0.124132,-0.072022,0.989649,0,0.43403,-0.87008,12.140,-0.312,-1,915.593,-1,935.429,-1,720.340,712.859,580.719,472.809,-1,870.204,856.524,901.423,-1,-1,-1,-1,2,0,2,0,2,0,0,0,0,2,0,0,0,2,2,2,2
213,574.380,1639.944,-507.881,4.576,0.989492,-0.070761,-0.126088,0.079194,0.994856,0.063166,0.120970,-0.072487,0.990006,0,0.43403,-0.87008,12.329,-0.304,-1,904.497,-1,922.234,-1,711.682,704.846,583.125,475.705,-1,898.998,885.437,924.139,-1,-1,-1,-1,2,0,2,0,2,0,0,0,0,2,0,0,0,2,2,2,2
214,589.435,1639.614,-506.540,4.216,0.990311,-0.064614,-0.122916,0.073008,0.995207,0.065061,0.118123,-0.073405,0.990282,0,0.43403,-0.87008,15.059,-0.360,-1,894.305,-1,911.809,-1,704.563,698.341,583.293,480.076,-1,925.766,916.423,950.152,-1,-1,-1,-1,2,0,2,0,2,0,0,0,0,2,0,0,0,2,2,2,2
215,599.599,1639.388,-505.699,3.978,0.990841,-0.060579,-0.120686,0.068911,0.995430,0.066103,0.116130,-0.073814,0.990487,0,0.43403,-0.87008,10.166,-0.238,-1,887.323,-1,904.076,-1,699.388,693.570,583.712,482.364,-1,944.295,934.538,969.278,-1,-1,-1,-1,2,0,2,0,2,0,0,0,0,2,0,0,0,2,2,2,2
216,612.404,1639.079,-504.742,3.700,0.991554,-0.056029,-0.116971,0.064115,0.995721,0.066546,0.112742,-0.073483,0.990903,0,0.43403,-0.87008,12.809,-0.279,-1,876.289,-1,889.193,-1,690.359,684.585,586.549,482.917,-1,972.163,960.475,997.203,-1,-1,-1,-1,2,0,2,0,2,0,0,0,0,2,0,0,0,2,2,2,2
217,625.298,1638.764,-503.862,3.446,0.992311,-0.052091,-0.112278,0.059752,0.996031,0.065974,0.108395,-0.072176,0.991484,0,0.43403,-0.87008,12.898,-0.254,-1,863.609,-1,869.196,-1,678.869,672.631,592.134,480.908,-1,1006.397,990.521,-1,-1,-1,-1,-1,2,0,2,0,2,0,0,0,0,2,0,0,2,2,2,2,2
218,638.285,1638.469,-503.033,3.217,0.993071,-0.048682,-0.106959,0.055819,0.996338,0.064771,0.103414,-0.070293,0.992151,0,0.43403,-0.87008,12.991,-0.229,-1,849.985,-1,846.601,-1,666.010,659.032,598.326,477.386,-1,-1,-1,-1,-1,-1,-1,-1,2,0,2,0,2,0,0,0,0,2,2,2,2,2,2,2,2
219,651.446,1638.192,-502.218,3.010,0.993748,-0.045584,-0.101916,0.052246,0.996602,0.063684,0.098667,-0.068610,0.992752,0,0.43403,-0.87008,13.164,-0.208,-1,837.170,-1,826.254,-1,654.177,646.599,603.911,474.378,-1,-1,-1,-1,-1,-1,-1,-1,2,0,2,0,2,0,0,0,0,2,2,2,2,2,2,2,2
220,664.684,1637.942,-501.288,2.814,0.994318,-0.042555,-0.097575,0.048879,0.996793,0.063366,0.094565,-0.067775,0.993209,0,0.43403,-0.87008,13.240,-0.195,-1,826.225,-1,810.716,-1,644.589,636.849,607.140,474.486,-1,-1,-1,-1,-1,-1,-1,-1,2,0,2,0,2,0,0,0,0,2,2,2,2,2,2,2,2
221,678.090,1637.794,-500.223,2.630,0.994810,-0.039647,-0.093707,0.045699,0.996945,0.063338,0.090909,-0.067292,0.993583,0,0.43403,-0.87008,13.407,-0.184,-1,815.952,-1,798.364,-1,636.763,629.060,609.865,475.954,-1,-1,-1,-1,-1,-1,-1,-1,2,0,2,0,2,0,0,0,0,2,2,2,2,2,2,2,2
222,691.692,1637.664,-499.047,2.439,0.995265,-0.036463,-0.090101,0.042389,0.997001,0.064749,0.087469,-0.068262,0.993826,0,0.43403,-0.87008,13.602,-0.191,-1,804.235,-1,789.170,-1,629.622,622.609,607.773,481.306,-1,-1,-1,-1,-1,-1,-1,-1,2,0,2,0,2,0,0,0,0,2,2,2,2,2,2,2,2
223,705.437,1637.572,-497.791,2.238,0.995724,-0.033053,-0.086264,0.038913,0.996984,0.067148,0.083784,-0.070218,0.994007,0,0.43403,-0.87008,13.745,-0.201,-1,791.134,-1,780.650,-1,621.986,616.331,602.485,489.277,-1,-1,-1,-1,-1,-1,-1,-1,2,0,2,0,2,0,0,0,0,2,2,2,2,2,2,2,2
224,719.257,1637.558,-496.497,2.059,0.996227,-0.030095,-0.081402,0.035812,0.996924,0.069713,0.079054,-0.072365,0.994240,0,0.41404,-0.44828,13.820,-0.179,-1,774.989,-1,769.157,-1,612.104,607.767,596.702,497.780,-1,-1,-1,-1,-1,-1,-1,-1,2,0,2,0,2,0,0,0,0,2,2,2,2,2,2,2,2
225,733.113,1637.533,-495.250,1.882,0.996811,-0.027338,-0.074969,0.032751,0.996870,0.071951,0.072767,-0.074176,0.994587,0,0.41404,-0.44828,13.856,-0.177,-1,754.691,-1,752.163,-1,598.723,595.367,589.813,505.167,-1,-1,-1,-1,-1,-1,-1,-1,2,0,2,0,2,0,0,0,0,2,2,2,2,2,2,2,2
226,747.048,1637.380,-494.069,1.683,0.997417,-0.024307,-0.067597,0.029305,0.996830,0.073966,0.065585,-0.075756,0.994967,0,0.41404,-0.44828,13.936,-0.199,-1,732.438,-1,732.222,-1,583.495,580.920,582.269,511.762,-1,-1,-1,-1,-1,-1,-1,-1,2,0,2,0,2,0,0,0,0,2,2,2,2,2,2,2,2
227,761.124,1637.095,-492.906,1.470,0.997961,-0.021068,-0.060257,0.025602,0.996817,0.075497,0.058474,-0.076886,0.995324,0,0.41404,-0.44828,14.080,-0.213,-1,711.639,-1,712.714,-1,568.958,566.994,576.084,517.404,-1,-1,-1,-1,-1,-1,-1,-1,2,0,2,0,2,0,0,0,0,2,2,2,2,2,2,2,2
228,775.324,1636.720,-491.674,1.264,0.998395,-0.017920,-0.053731,0.022034,0.996789,0.076982,0.052179,-0.078042,0.995584,0,0.41404,-0.44828,14.204,-0.205,-1,694.138,-1,696.753,-1,556.911,555.619,572.150,523.530,-1,-1,-1,-1,-1,-1,-1,-1,2,0,2,0,2,0,0,0,0,2,2,2,2,2,2,2,2
229,789.651,1636.352,-490.338,1.059,0.998716,-0.014705,-0.048484,0.018469,0.996774,0.078105,0.047179,-0.078900,0.995766,0,0.41404,-0.44828,14.332,-0.205,-1,681.636,-1,685.242,-1,548.468,547.674,569.861,529.499,-1,-1,-1,-1,-1,-1,-1,-1,2,0,2,0,2,0,0,0,0,2,2,2,2,2,2,2,2
230,803.875,1636.083,-488.679,0.853,0.998855,-0.011100,-0.046544,0.014868,0.996569,0.081420,0.045481,-0.082019,0.995592,0,0.41404,-0.44828,14.227,-0.207,-1,677.682,-1,686.800,-1,547.650,548.400,562.641,543.252,-1,-1,-1,-1,-1,-1,-1,-1,2,0,2,0,2,0,0,0,0,2,2,2,2,2,2,2,2
231,818.048,1635.948,-486.642,0.654,0.998848,-0.007271,-0.047429,0.011394,0.996121,0.087249,0.046610,-0.087689,0.995057,0,0.41404,-0.44828,14.173,-0.199,-1,680.458,-1,700.453,-1,553.418,556.875,550.181,566.366,-1,-1,-1,-1,-1,-1,-1,-1,2,0,2,0,2,0,0,0,0,2,2,2,2,2,2,2,2
232,832.214,1635.854,-484.292,0.463,0.998782,-0.003444,-0.049222,0.008071,0.995529,0.094114,0.048677,-0.094396,0.994344,0,0.41404,-0.44828,14.166,-0.191,-1,685.859,-1,719.402,-1,561.902,568.513,536.170,595.954,-1,-1,-1,-1,-1,-1,-1,-1,2,0,2,0,2,0,0,0,0,2,2,2,2,2,2,2,2
233,846.180,1635.720,-482.149,0.285,0.998880,-0.000340,-0.047319,0.004963,0.995212,0.097614,0.047059,-0.097739,0.994099,0,0.41404,-0.44828,13.967,-0.178,-1,683.459,-1,722.816,-1,562.175,570.813,531.021,614.567,-1,-1,-1,-1,-1,-1,-1,-1,2,0,2,0,2,0,0,0,0,2,2,2,2,2,2,2,2
234,859.912,1635.404,-480.594,0.124,0.999177,0.001771,-0.040517,0.002163,0.995297,0.096850,0.040498,-0.096858,0.994474,0,0.41404,-0.44828,13.736,-0.161,-1,669.755,-1,705.806,-1,551.445,559.721,534.223,616.531,-1,-1,-1,-1,-1,-1,-1,-1,2,0,2,0,2,0,0,0,0,2,2,2,2,2,2,2,2
235,873.547,1634.800,-479.756,-0.046,0.999537,0.003629,-0.030212,-0.000794,0.995635,0.093328,0.030419,-0.093261,0.995177,0,0.41404,-0.44828,13.649,-0.170,-1,647.656,-1,674.796,-1,532.718,539.193,541.029,606.445,-1,-1,-1,-1,-1,-1,-1,-1,2,0,2,0,2,0,0,0,0,2,2,2,2,2,2,2,2
236,887.203,1633.891,-479.739,-0.223,0.999824,0.005493,-0.017952,-0.003883,0.996069,0.088499,0.018368,-0.088414,0.995914,0,0.41404,-0.44828,13.686,-0.177,-1,620.013,-1,636.364,-1,509.352,513.435,548.053,589.421,-1,-1,-1,-1,-1,-1,-1,-1,2,0,2,0,2,0,0,0,0,2,2,2,2,2,2,2,2
237,901.161,1632.824,-480.219,-0.416,0.999939,0.007937,-0.007727,-0.007257,0.996403,0.084432,0.008370,-0.084371,0.996399,0,0.41404,-0.44828,13.998,-0.193,-1,595.808,-1,605.045,-1,489.511,491.788,551.621,573.868,-1,-1,-1,-1,1003.852,-1,-1,-1,2,0,2,0,2,0,0,0,0,2,2,2,2,0,2,2,2
238,915.646,1631.728,-480.879,-0.605,0.999939,0.010781,-0.002334,-0.010552,0.996528,0.082584,0.003217,-0.082554,0.996581,0,0.41404,-0.44828,14.527,-0.189,-1,581.511,-1,587.964,-1,478.060,479.777,549.311,565.203,-1,-1,-1,-1,980.829,-1,-1,-1,2,0,2,0,2,0,0,0,0,2,2,2,2,0,2,2,2
239,930.582,1630.621,-481.473,-0.806,0.999899,0.014176,-0.000735,-0.014066,0.996449,0.083013,0.001909,-0.082994,0.996548,0,0.41404,-0.44828,14.976,-0.201,-1,574.951,-1,582.033,-1,473.156,475.420,541.439,563.909,-1,-1,-1,-1,968.169,999.588,-1,-1,2,0,2,0,2,0,0,0,0,2,2,2,2,0,0,2,2
240,945.780,1629.617,-481.740,-0.995,0.999845,0.017537,-0.001291,-0.017364,0.996243,0.084849,0.002775,-0.084813,0.996393,0,0.41404,-0.44828,15.232,-0.189,-1,573.530,-1,583.208,-1,472.878,476.055,531.941,568.127,-1,-1,-1,-1,962.380,998.649,-1,-1,2,0,2,0,2,0,0,0,0,2,2,2,2,0,0,2,2
241,961.067,1628.676,-481.487,-1.185,0.999780,0.020902,-0.001538,-0.020687,0.995937,0.087643,0.003364,-0.087591,0.996151,0,0.41404,-0.44828,15.316,-0.190,-1,571.892,-1,586.308,-1,473.247,477.615,521.692,577.052,-1,-1,-1,-1,955.927,999.860,-1,-1,2,0,2,0,2,0,0,0,0,2,2,2,2,0,0,2,2
242,976.369,1627.695,-480.798,-1.398,0.999700,0.024499,0.000057,-0.024404,0.995584,0.090651,0.002164,-0.090625,0.995883,0,0.41404,-0.44828,15.333,-0.213,-1,567.117,-1,586.098,-1,471.389,476.969,512.179,588.383,-1,-1,-1,-1,943.466,994.369,-1,-1,2,0,2,0,2,0,0,0,0,2,2,2,2,0,0,2,2
243,991.662,1626.571,-479.704,-1.639,0.999591,0.028432,0.003142,-0.028601,0.995237,0.093192,-0.000477,-0.093243,0.995643,0,0.41404,-0.44828,15.334,-0.241,991.401,560.529,-1,583.023,-1,467.969,474.540,504.849,600.017,-1,-1,-1,-1,927.423,982.639,-1,-1,0,0,2,0,2,0,0,0,0,2,2,2,2,0,0,2,2
244,1006.975,1625.294,-478.362,-1.886,0.999451,0.032385,0.007058,-0.032907,0.994998,0.094323,-0.003968,-0.094503,0.995517,0,0.41404,-0.44828,15.366,-0.247,975.424,553.759,-1,577.676,-1,463.877,470.990,502.997,608.415,-1,-1,-1,-1,910.997,966.018,-1,-1,0,0,2,0,2,0,0,0,0,2,2,2,2,0,0,2,2
245,1022.457,1623.887,-477.026,-2.141,0.999276,0.036506,0.010710,-0.037359,0.994783,0.094924,-0.007189,-0.095255,0.995427,0,0.41404,-0.44828,15.546,-0.255,962.968,547.980,-1,572.569,-1,460.261,467.909,502.757,615.301,-1,-1,-1,-1,896.511,949.996,-1,-1,0,0,2,0,2,0,0,0,0,2,2,2,2,0,0,2,2
246,1038.215,1622.307,-476.047,-2.401,0.999082,0.040829,0.013003,-0.041883,0.994579,0.095175,-0.009047,-0.095632,0.995376,0,0.41404,-0.44828,15.836,-0.259,958.160,544.849,-1,569.266,-1,458.291,466.306,501.116,619.658,-1,-1,-1,-1,886.526,938.112,-1,-1,0,0,2,0,2,0,0,0,0,2,2,2,2,0,0,2,2
247,1054.187,1620.439,-475.480,-2.678,0.998866,0.045632,0.013545,-0.046714,0.994399,0.094807,-0.009143,-0.095332,0.995404,0,0.41404,-0.44828,16.081,-0.277,963.134,544.726,-1,567.804,-1,458.437,466.461,498.976,620.531,-1,-1,-1,-1,882.389,931.664,-1,-1,0,0,2,0,2,0,0,0,0,2,2,2,2,0,0,2,2
248,1069.961,1618.402,-474.810,-2.894,0.998708,0.049765,0.010310,-0.050496,0.994614,0.090516,-0.005750,-0.090920,0.995842,0,0.41404,-0.44828,15.905,-0.217,997.769,555.166,-1,571.625,-1,465.367,472.224,506.212,609.447,-1,-1,-1,-1,896.446,936.727,-1,-1,0,0,2,0,2,0,0,0,0,2,2,2,2,0,0,2,2
249,1085.554,1615.968,-473.972,-3.144,0.998495,0.054642,0.004779,-0.054851,0.994882,0.084860,-0.000117,-0.084994,0.996381,0,0.41404,-0.44828,15.782,-0.250,-1,570.583,-1,577.861,-1,476.785,482.035,517.437,595.174,-1,-1,-1,-1,920.832,948.298,-1,-1,2,0,2,0,2,0,0,0,0,2,2,2,2,0,0,2,2
250,1100.971,1613.261,-473.566,-3.490,0.998143,0.060845,0.002904,-0.060876,0.994704,0.082816,0.002150,-0.082839,0.996561,0,0.41844,-0.89437,15.653,-0.346,-1,575.470,-1,578.215,-1,480.601,485.540,519.918,590.339,-1,-1,-1,-1,926.913,947.029,-1,-1,2,0,2,0,2,0,0,0,0,2,2,2,2,0,0,2,2
251,1116.247,1610.445,-473.612,-3.904,0.997679,0.067920,0.004861,-0.068088,0.994156,0.083768,0.000856,-0.083904,0.996473,0,0.41844,-0.89437,15.533,-0.414,-1,569.418,-1,571.650,-1,476.806,481.943,514.994,592.822,-1,-1,-1,-1,914.019,932.150,-1,-1,2,0,2,0,2,0,0,0,0,2,2,2,2,0,0,2,2
252,1131.413,1607.363,-474.119,-4.394,0.997057,0.076070,0.009504,-0.076612,0.993193,0.087740,-0.002765,-0.088210,0.996098,0,0.41844,-0.89437,15.477,-0.490,-1,555.038,-1,560.753,-1,467.172,473.518,500.265,602.982,-1,-1,-1,-1,886.042,909.330,-1,-1,2,0,2,0,2,0,0,0,0,2,2,2,2,0,0,2,2
253,1146.471,1603.820,-474.819,-4.999,0.996176,0.086135,0.014626,-0.087131,0.991787,0.093629,-0.006441,-0.094545,0.995500,0,0.41844,-0.89437,15.469,-0.605,998.309,538.552,-1,549.847,-1,456.548,464.720,481.166,619.118,-1,-1,-1,-1,854.473,887.172,-1,-1,0,0,2,0,2,0,0,0,0,2,2,2,2,0,0,2,2
254,1161.198,1599.528,-475.349,-5.709,0.995002,0.098106,0.018580,-0.099476,0.990063,0.099399,-0.008644,-0.100750,0.994874,0,0.41844,-0.89437,15.340,-0.711,968.605,525.456,-1,541.431,-1,448.700,458.593,466.418,636.370,-1,-1,-1,-1,829.507,870.134,-1,-1,0,0,2,0,2,0,0,0,0,2,2,2,2,0,0,2,2
255,1175.603,1594.670,-475.567,-6.445,0.993645,0.110773,0.019975,-0.112241,0.988449,0.101836,-0.008464,-0.103430,0.994601,0,0.41844,-0.89437,15.202,-0.736,964.669,520.297,-1,536.011,-1,445.741,455.594,458.285,644.258,-1,-1,-1,-1,818.210,858.709,-1,-1,0,0,2,0,2,0,0,0,0,2,2,2,2,0,0,2,2
256,1192.911,1588.476,-475.471,-7.267,0.991956,0.125334,0.017735,-0.126485,0.986927,0.099882,-0.004984,-0.101322,0.994841,0,0.41844,-0.89437,18.383,-0.822,998.053,525.435,-1,532.727,-1,449.114,456.236,458.160,637.554,-1,-1,-1,-1,823.495,853.519,-1,-1,0,0,2,0,2,0,0,0,0,2,2,2,2,0,0,2,2
257,1204.422,1584.146,-475.173,-7.787,0.990779,0.134695,0.014657,-0.135483,0.986012,0.097081,-0.001376,-0.098171,0.995169,0,0.41844,-0.89437,12.298,-0.520,-1,532.238,-1,532.329,-1,454.446,459.050,462.064,628.667,-1,-1,-1,-1,834.483,854.161,-1,-1,2,0,2,0,2,0,0,0,0,2,2,2,2,0,0,2,2
258,1218.245,1578.157,-474.514,-8.573,0.988824,0.148584,0.012249,-0.149076,0.984313,0.094366,0.001965,-0.095137,0.995462,0,0.41844,-0.89437,15.065,-0.787,-1,537.201,-1,529.936,-1,458.765,460.848,464.038,621.703,-1,-1,-1,-1,843.801,850.064,-1,-1,2,0,2,0,2,0,0,0,0,2,2,2,2,0,0,2,2
259,1231.794,1571.924,-473.733,-9.392,0.986586,0.162893,0.010712,-0.163184,0.982292,0.092055,0.004473,-0.092568,0.995696,0,0.41844,-0.89437,14.914,-0.818,-1,541.234,-1,526.424,-1,461.832,461.384,465.445,616.684,-1,-1,-1,-1,850.101,843.032,-1,-1,2,0,2,0,2,0,0,0,0,2,2,2,2,0,0,2,2
260,1240.551,1567.913,-472.290,-9.885,0.985135,0.170590,0.020178,-0.171666,0.981931,0.079633,-0.006229,-0.081913,0.996620,0,0.41844,-0.89437,9.632,-0.493,-1,528.085,-1,500.045,-1,447.257,442.670,483.190,588.390,-1,-1,-1,-1,823.775,778.725,-1,-1,2,0,2,0,2,0,0,0,0,2,2,2,2,0,0,2,2
261,1244.068,1566.907,-469.774,-10.147,0.984009,0.174054,0.037843,-0.176105,0.982536,0.060085,-0.026724,-0.065789,0.997476,0,0.41844,-0.89437,3.659,-0.262,-1,504.768,-1,462.304,791.375,422.785,413.272,514.191,550.239,-1,-1,-1,-1,777.877,696.344,-1,-1,2,0,2,0,0,0,0,0,0,2,2,2,2,0,0,2,2
262,-934.901,3628.468,-654.292,-14.862,0.966469,0.256765,-0.003109,-0.256476,0.964647,-0.060626,-0.012568,0.059391,0.998156,1,0.41844,-0.89437,0.000,0.000,-1,903.375,-1,443.069,972.748,711.402,659.463,472.659,329.152,812.691,964.883,666.906,702.786,-1,-1,-1,-1,2,0,2,0,0,0,0,0,0,0,0,0,0,2,2,2,2
263,-933.618,3628.560,-648.739,-14.762,0.966966,0.254811,-0.006915,-0.254793,0.965379,-0.055892,-0.007566,0.055808,0.998413,0,0.26061,0.83999,1.286,0.101,-1,926.510,-1,709.118,-1,740.180,690.264,481.705,344.542,806.561,958.900,673.689,725.072,-1,-1,-1,-1,2,0,2,0,2,0,0,0,0,0,0,0,0,2,2,2,2
264,-932.039,3628.623,-642.612,-14.616,0.967634,0.252158,-0.010077,-0.252330,0.966143,-0.053818,-0.003835,0.054619,0.998500,0,0.26079,0.83906,1.581,0.146,-1,949.392,-1,761.595,-1,764.113,718.906,496.472,358.436,816.334,964.626,696.319,749.091,-1,-1,-1,-1,2,0,2,0,2,0,0,0,0,0,0,0,0,2,2,2,2
265,-930.303,3628.608,-636.685,-14.442,0.968399,0.249106,-0.012241,-0.249400,0.966862,-0.054566,-0.001757,0.055894,0.998435,0,0.26105,0.83769,1.736,0.174,-1,967.492,-1,788.250,-1,782.845,742.992,515.167,368.984,840.854,980.262,747.624,770.164,-1,-1,-1,-1,2,0,2,0,2,0,0,0,0,0,0,0,0,2,2,2,2
266,-928.371,3628.539,-631.582,-14.244,0.969256,0.245658,-0.013997,-0.246056,0.967562,-0.057268,-0.000526,0.058951,0.998261,0,0.26136,0.83607,1.934,0.198,-1,983.213,-1,809.211,-1,798.234,762.311,535.118,375.669,872.996,997.453,792.811,784.350,-1,-1,-1,-1,2,0,2,0,2,0,0,0,0,0,0,0,0,2,2,2,2
267,-926.227,3628.451,-627.688,-14.036,0.970144,0.241993,-0.016097,-0.242526,0.968253,-0.060551,0.000933,0.062647,0.998035,0,0.26171,0.83421,2.146,0.209,-1,997.482,-1,826.596,-1,812.044,778.666,553.369,379.116,898.606,1007.160,808.227,789.475,-1,-1,-1,-1,2,0,2,0,2,0,0,0,0,0,0,0,0,2,2,2,2
