timestep,x_cm,y_cm,z_cm,yaw_deg,basis_xx,basis_xy,basis_xz,basis_yx,basis_yy,basis_yz,basis_zx,basis_zy,basis_zz,teleport_flag,throttle_cmd,steering_cmd,cmd_move_cm,cmd_turn_deg,lidar_cm_0,lidar_cm_1,lidar_cm_2,lidar_cm_3,lidar_cm_4,lidar_cm_5,lidar_cm_6,lidar_cm_7,lidar_cm_8,lidar_cm_9,lidar_cm_10,lidar_cm_11,lidar_cm_12,lidar_cm_13,lidar_cm_14,lidar_cm_15,lidar_cm_16,lidar_class_0,lidar_class_1,lidar_class_2,lidar_class_3,lidar_class_4,lidar_class_5,lidar_class_6,lidar_class_7,lidar_class_8,lidar_class_9,lidar_class_10,lidar_class_11,lidar_class_12,lidar_class_13,lidar_class_14,lidar_class_15,lidar_class_16
0,-8855.083,4919.493,506.057,-51.123,0.627383,0.778409,-0.021677,-0.778548,0.627578,0.002988,0.015929,0.015002,0.999761,1,0.00000,0.00000,-4.800,-0.240,450.000,375.000,-1,400.000,-1,325.000,325.000,300.000,300.000,-1,-1,-1,-1,-1,775.000,-1,-1,1,0,2,0,2,0,0,0,0,2,2,2,2,2,0,2,2
1,-8852.055,4915.768,506.143,-50.883,0.630637,0.775774,-0.021735,-0.775912,0.630834,0.003015,0.016050,0.014963,0.999759,0,0.08000,0.12000,4.800,0.240,450.000,375.000,-1,400.000,-1,325.000,325.000,300.000,300.000,-1,-1,-1,-1,-1,775.000,-1,-1,1,0,2,0,2,0,0,0,0,2,2,2,2,2,0,2,2
2,-8845.936,4908.371,506.317,-50.403,0.637111,0.770463,-0.021853,-0.770600,0.637311,0.003068,0.016291,0.014885,0.999756,0,0.16000,0.24000,9.600,0.480,450.000,375.000,-1,400.000,-1,325.000,325.000,300.000,300.000,-1,-1,-1,-1,-1,775.000,-1,-1,1,0,2,0,2,0,0,0,0,2,2,2,2,2,0,2,2
3,-8836.647,4897.368,506.580,-49.828,0.644802,0.764032,-0.022032,-0.764170,0.645008,0.003135,0.016606,0.014815,0.999752,0,0.24000,0.28734,14.400,0.575,425.000,375.000,-1,400.000,-1,325.000,325.000,300.000,300.000,-1,-1,-1,-1,-1,775.000,-1,-1,1,0,2,0,2,0,0,0,0,2,2,2,2,2,0,2,2
4,-8824.113,4882.823,506.934,-49.249,0.652489,0.757471,-0.022272,-0.757609,0.652701,0.003204,0.016964,0.014783,0.999747,0,0.32000,0.28970,19.200,0.579,425.000,375.000,-1,400.000,-1,325.000,325.000,300.000,300.000,-1,-1,-1,-1,-1,775.000,-1,-1,1,0,2,0,2,0,0,0,0,2,2,2,2,2,0,2,2
5,-8808.261,4864.803,507.381,-48.661,0.660218,0.750735,-0.022572,-0.750874,0.660438,0.003275,0.017366,0.014786,0.999740,0,0.40000,0.29391,24.000,0.588,400.000,375.000,-1,400.000,-1,325.000,325.000,300.000,300.000,-1,-1,-1,-1,-1,775.000,-1,-1,1,0,2,0,2,0,0,0,0,2,2,2,2,2,0,2,2
6,-8789.013,4843.380,507.926,-48.061,0.668033,0.743778,-0.022944,-0.743918,0.668262,0.003346,0.017821,0.014833,0.999731,0,0.48000,0.29999,28.800,0.600,400.000,375.000,-1,400.000,-1,325.000,325.000,300.000,300.000,-1,-1,-1,-1,-1,775.000,-1,-1,1,0,2,0,2,0,0,0,0,2,2,2,2,2,0,2,2
7,-8766.289,4818.629,508.538,-47.445,0.675976,0.736547,-0.023545,-0.736693,0.676219,0.003402,0.018427,0.015046,0.999717,0,0.56000,0.30803,33.600,0.616,400.000,-1,-1,400.000,-1,325.000,325.000,300.000,300.000,-1,-1,-1,-1,-1,775.000,-1,-1,1,2,2,0,2,0,0,0,0,2,2,2,2,2,0,2,2
8,-8740.007,4790.633,509.257,-46.809,0.684096,0.728990,-0.024222,-0.729142,0.684353,0.003448,0.019090,0.015302,0.999701,0,0.64000,0.31811,38.400,0.636,-1,-1,-1,400.000,-1,325.000,325.000,300.000,300.000,-1,-1,-1,-1,-1,775.000,-1,-1,2,2,2,0,2,0,0,0,0,2,2,2,2,2,0,2,2
9,-8710.078,4759.480,510.089,-46.148,0.692436,0.721047,-0.024971,-0.721207,0.692711,0.003481,0.019807,0.015599,0.999682,0,0.72000,0.33035,43.200,0.661,-1,-1,-1,400.000,-1,325.000,325.000,300.000,300.000,-1,-1,-1,-1,-1,775.000,-1,-1,2,2,2,0,2,0,0,0,0,2,2,2,2,2,0,2,2
10,-8676.410,4725.268,511.042,-45.458,0.701044,0.712652,-0.025788,-0.712822,0.701337,0.003495,0.020577,0.015932,0.999661,0,0.80000,0.34488,48.000,0.690,-1,-1,-1,400.000,-1,325.000,325.000,300.000,300.000,-1,-1,-1,-1,-1,-1,-1,-1,2,2,2,0,2,1,0,0,0,2,2,2,2,2,2,2,2
11,-8638.902,4688.107,512.124,-44.735,0.709965,0.703732,-0.026668,-0.703912,0.710278,0.003486,0.021395,0.016297,0.999638,0,0.88000,0.36187,52.800,0.724,-1,-1,-1,400.000,-1,-1,325.000,300.000,300.000,-1,-1,900.000,-1,-1,-1,-1,-1,2,2,2,0,2,2,0,0,0,2,2,0,2,2,2,2,2
12,-8598.353,4648.988,513.543,-43.972,0.719205,0.694192,-0.029007,-0.694417,0.719567,0.003061,0.022997,0.017941,0.999575,0,0.93904,0.38151,56.342,0.763,-1,-1,-1,400.000,-1,-1,325.000,300.000,300.000,-1,925.000,825.000,-1,-1,-1,-1,-1,2,2,2,0,2,2,0,1,0,2,0,0,2,2,2,2,2
13,-8557.402,4610.579,513.878,-43.165,0.729007,0.684020,-0.025800,-0.684186,0.729301,0.003099,0.020936,0.015393,0.999662,0,0.93575,0.40341,56.145,0.807,-1,-1,-1,400.000,-1,-1,-1,275.000,300.000,-1,-1,-1,-1,-1,-1,-1,-1,2,2,2,0,2,2,2,1,0,2,2,2,2,2,2,2,2
14,-8516.084,4572.962,512.627,-42.313,0.739351,0.673172,-0.014149,-0.673184,0.739461,0.004579,0.013545,0.006140,0.999889,0,0.93129,0.42581,55.877,0.852,-1,-1,-1,-1,-1,-1,-1,225.000,325.000,-1,-1,-1,-1,-1,-1,-1,-1,2,2,2,2,2,2,2,1,0,2,2,2,2,2,2,2,2
15,-8477.749,4539.209,510.234,-41.363,0.750546,0.660811,0.003153,-0.660813,0.750513,0.007499,0.002589,-0.007711,0.999967,0,0.85129,0.47504,51.077,0.950,-1,-1,-1,-1,-1,-1,-1,175.000,325.000,-1,-1,-1,-1,-1,-1,-1,-1,2,2,2,2,2,2,2,1,0,2,2,2,2,2,2,2,2
16,-8442.494,4509.230,507.150,-40.381,0.761540,0.647675,0.023957,-0.648031,0.761523,0.011769,-0.010621,-0.024488,0.999644,0,0.77129,0.49104,46.277,0.982,-1,-1,-1,-1,-1,-1,-1,150.000,350.000,-1,-1,-1,-1,-1,-1,-1,-1,2,2,2,2,2,2,2,1,0,2,2,2,2,2,2,2,2
17,-8410.423,4482.927,503.756,-39.371,0.772148,0.633753,0.046317,-0.634961,0.772348,0.017419,-0.024734,-0.042860,0.998775,0,0.69129,0.50521,41.477,1.010,-1,-1,-1,-1,-1,-1,-1,125.000,375.000,-1,-1,-1,-1,-1,-1,-1,-1,2,2,2,2,2,2,2,1,0,2,2,2,2,2,2,2,2
18,-9511.028,-6231.328,-491.832,22.866,0.921752,-0.387774,0.002118,0.386988,0.919507,-0.068900,0.024770,0.064328,0.997621,1,0.00000,0.00000,36.677,1.035,-1,375.000,-1,400.000,-1,300.000,325.000,275.000,300.000,-1,500.000,400.000,950.000,675.000,725.000,-1,-1,2,0,2,0,2,0,0,0,0,2,0,0,0,0,0,2,2
19,-9506.613,-6229.444,-491.743,23.106,0.920126,-0.391617,0.002097,0.390812,0.917863,-0.069232,0.025188,0.064522,0.997598,0,0.08000,0.12000,4.800,0.240,-1,375.000,-1,400.000,-1,300.000,325.000,275.000,300.000,-1,500.000,400.000,950.000,675.000,725.000,-1,-1,2,0,2,0,2,0,0,0,0,2,0,0,0,0,0,2,2
20,-9497.815,-6225.603,-491.562,23.586,0.916825,-0.399283,0.002066,0.398439,0.914527,-0.069904,0.026022,0.064913,0.997552,0,0.16000,0.24000,9.600,0.480,-1,375.000,-1,400.000,-1,300.000,325.000,275.000,275.000,-1,500.000,375.000,925.000,675.000,725.000,-1,-1,2,0,2,0,2,0,0,0,0,2,0,0,0,0,0,2,2
21,-9484.692,-6219.675,-491.279,24.306,0.911756,-0.410727,0.002050,0.409826,0.909402,-0.070926,0.027267,0.065507,0.997479,0,0.24000,0.36000,14.400,0.720,-1,375.000,-1,400.000,-1,300.000,325.000,275.000,275.000,-1,500.000,375.000,925.000,675.000,725.000,-1,-1,2,0,2,0,2,0,0,0,0,2,0,0,0,0,0,2,2
22,-9467.330,-6211.479,-490.883,25.266,0.904776,-0.425883,0.002082,0.424906,0.902345,-0.072313,0.028918,0.066312,0.997380,0,0.32000,0.48000,19.200,0.960,-1,375.000,-1,400.000,-1,300.000,325.000,275.000,275.000,-1,500.000,375.000,925.000,675.000,700.000,-1,-1,2,0,2,0,2,0,0,0,0,2,0,0,0,0,0,2,2
23,-9445.846,-6200.782,-490.358,26.466,0.895698,-0.444657,0.002213,0.443583,0.893167,-0.074079,0.030964,0.067334,0.997250,0,0.40000,0.60000,24.000,1.200,-1,375.000,-1,400.000,-1,300.000,325.000,300.000,275.000,-1,500.000,350.000,925.000,675.000,700.000,-1,-1,2,0,2,0,2,0,0,0,0,2,0,0,0,0,0,2,2
24,-9420.397,-6187.302,-489.685,27.906,0.884295,-0.466922,0.002505,0.465733,0.881635,-0.076238,0.033389,0.068583,0.997087,0,0.48000,0.72000,28.800,1.440,-1,375.000,-1,375.000,-1,300.000,325.000,300.000,275.000,-1,500.000,350.000,900.000,675.000,700.000,-1,-1,2,0,2,0,2,0,0,0,0,2,0,0,0,0,0,2,2
25,-9391.179,-6170.712,-488.709,29.586,0.870290,-0.492534,0.002457,0.491181,0.867507,-0.078563,0.036563,0.069580,0.996906,0,0.56000,0.84000,33.600,1.680,-1,375.000,-1,375.000,-1,300.000,325.000,300.000,275.000,-1,475.000,350.000,900.000,675.000,700.000,-1,-1,2,0,2,0,2,0,0,0,0,2,0,0,0,0,0,2,2
26,-9358.759,-6150.840,-487.092,31.506,0.853349,-0.521340,0.000920,0.519714,0.850546,-0.080428,0.041147,0.069111,0.996760,0,0.63377,0.96000,38.026,1.920,-1,375.000,-1,375.000,-1,300.000,325.000,300.000,275.000,-1,450.000,325.000,900.000,700.000,700.000,-1,-1,2,0,2,0,2,0,0,0,0,2,0,0,0,0,0,2,2
27,-9326.997,-6129.860,-485.171,33.447,0.835238,-0.549889,-0.000350,0.548039,0.832479,-0.081438,0.045073,0.067829,0.996678,0,0.63444,0.97021,38.066,1.940,-1,375.000,-1,375.000,-1,300.000,325.000,300.000,275.000,-1,425.000,325.000,925.000,700.000,700.000,-1,-1,2,0,2,0,2,0,0,0,0,2,0,0,0,0,0,2,2
28,-9295.948,-6107.813,-483.173,35.378,0.816258,-0.577686,-0.001492,0.575611,0.813539,-0.082628,0.048946,0.066587,0.996579,0,0.63469,0.96584,38.081,1.932,-1,375.000,-1,375.000,-1,300.000,325.000,300.000,300.000,-1,425.000,325.000,950.000,700.000,725.000,-1,-1,2,0,2,0,2,0,0,0,0,2,0,0,0,0,0,2,2
29,-9265.664,-6084.742,-481.102,37.301,0.796446,-0.604705,-0.002487,0.602404,0.793761,-0.083982,0.052758,0.065389,0.996464,0,0.63453,0.96138,38.072,1.923,-1,375.000,-1,375.000,-1,325.000,325.000,300.000,300.000,-1,425.000,350.000,950.000,700.000,725.000,-1,-1,2,0,2,0,2,0,0,0,0,2,0,0,0,0,0,2,2
30,-9236.192,-6060.694,-478.859,39.215,0.775824,-0.630938,-0.003790,0.628387,0.773200,-0.085385,0.056803,0.063862,0.996341,0,0.63398,0.95689,38.039,1.914,-1,375.000,-1,375.000,-1,325.000,325.000,300.000,300.000,-1,425.000,350.000,950.000,700.000,750.000,-1,-1,2,0,2,0,2,0,0,0,0,2,0,0,0,0,0,2,2
31,-9207.578,-6035.715,-476.552,41.120,0.754440,-0.656351,-0.004910,0.653550,0.751871,-0.086956,0.060766,0.062394,0.996200,0,0.63305,0.95240,37.983,1.905,-1,375.000,-1,400.000,-1,325.000,325.000,300.000,300.000,-1,425.000,350.000,975.000,725.000,750.000,-1,-1,2,0,2,0,2,0,0,0,0,2,0,0,0,0,0,2,2
32,-9179.862,-6009.857,-474.196,43.015,0.732332,-0.680923,-0.005764,0.677877,0.729806,-0.088687,0.064596,0.061041,0.996043,0,0.63177,0.94795,37.906,1.896,-1,375.000,-1,400.000,-1,325.000,325.000,300.000,300.000,-1,425.000,350.000,975.000,725.000,775.000,-1,-1,2,0,2,0,2,0,0,0,0,2,0,0,0,0,0,2,2
33,-9156.318,-5986.582,-472.085,44.671,0.712374,-0.701772,-0.006279,0.698509,0.709870,-0.090392,0.067892,0.060007,0.995887,0,0.55177,0.82795,33.106,1.656,-1,375.000,-1,400.000,-1,325.000,325.000,300.000,300.000,-1,425.000,350.000,975.000,725.000,775.000,-1,-1,2,0,2,0,2,0,0,0,0,2,0,0,0,0,0,2,2
34,-9136.686,-5966.190,-470.230,46.087,0.694845,-0.719130,-0.006531,0.715676,0.692343,-0.092033,0.070705,0.059275,0.995735,0,0.47177,0.70795,28.306,1.416,-1,375.000,-1,400.000,-1,325.000,325.000,300.000,300.000,-1,425.000,375.000,975.000,750.000,775.000,-1,-1,2,0,2,0,2,0,0,0,0,2,0,0,0,0,0,2,2
35,-9120.734,-5948.926,-468.670,47.263,0.679969,-0.733211,-0.006612,0.729600,0.677462,-0.093435,0.072987,0.058709,0.995603,0,0.39177,0.58795,23.506,1.176,-1,400.000,-1,400.000,-1,325.000,325.000,300.000,300.000,-1,425.000,375.000,975.000,750.000,775.000,-1,-1,2,0,2,0,2,0,0,0,0,2,0,0,0,0,0,2,2
36,-9108.266,-5934.981,-467.417,48.199,0.667927,-0.744198,-0.006593,0.740462,0.665412,-0.094573,0.074768,0.058286,0.995496,0,0.31177,0.46795,18.706,0.936,-1,400.000,-1,400.000,-1,325.000,325.000,300.000,300.000,-1,425.000,375.000,1000.000,750.000,775.000,-1,-1,2,0,2,0,2,0,0,0,0,2,0,0,0,0,0,2,2
37,-9099.123,-5924.502,-466.480,48.895,0.658859,-0.752238,-0.006531,0.748410,0.656335,-0.095428,0.076071,0.057986,0.995415,0,0.23177,0.34795,13.906,0.696,-1,400.000,-1,400.000,-1,325.000,325.000,300.000,300.000,-1,425.000,375.000,1000.000,750.000,775.000,-1,-1,2,0,2,0,2,0,0,0,0,2,0,0,0,0,0,2,2
38,-9093.191,-5917.593,-465.856,49.351,0.652869,-0.757443,-0.006430,0.753558,0.650335,-0.095993,0.076891,0.057825,0.995361,0,0.15177,0.22795,9.106,0.456,-1,400.000,-1,400.000,-1,325.000,325.000,300.000,300.000,-1,425.000,375.000,1000.000,750.000,800.000,-1,-1,2,0,2,0,2,0,0,0,0,2,0,0,0,0,0,2,2
39,-9090.398,-5914.316,-465.559,49.567,0.650018,-0.759892,-0.006370,0.755980,0.647479,-0.096261,0.077272,0.057756,0.995336,0,0.07177,0.10795,4.306,0.216,-1,400.000,-1,400.000,-1,325.000,325.000,300.000,300.000,-1,425.000,375.000,1000.000,750.000,800.000,-1,-1,2,0,2,0,2,0,0,0,0,2,0,0,0,0,0,2,2
40,-9090.717,-5914.692,-465.594,49.664,0.648720,-0.761000,-0.006384,0.757085,0.646190,-0.096236,0.077361,0.057597,0.995338,0,-0.00823,0.04877,-0.494,0.098,-1,400.000,-1,400.000,-1,325.000,325.000,300.000,300.000,-1,425.000,375.000,1000.000,750.000,800.000,-1,-1,2,0,2,0,2,0,0,0,0,2,0,0,0,0,0,2,2
41,-9094.137,-5918.733,-465.962,49.762,0.647406,-0.762117,-0.006484,0.758216,0.644909,-0.095923,0.077287,0.057185,0.995368,0,-0.08823,0.04878,-5.294,0.098,-1,400.000,-1,400.000,-1,325.000,325.000,300.000,300.000,-1,425.000,375.000,1000.000,750.000,800.000,-1,-1,2,0,2,0,2,0,0,0,0,2,0,0,0,0,0,2,2
42,-9097.827,-5923.110,-466.361,49.860,0.646086,-0.763236,-0.006593,0.759351,0.643623,-0.095584,0.077196,0.056749,0.995400,0,-0.09541,0.04891,-5.725,0.098,-1,400.000,-1,400.000,-1,325.000,325.000,300.000,300.000,-1,425.000,350.000,1000.000,750.000,800.000,-1,-1,2,0,2,0,2,0,0,0,0,2,0,0,0,0,0,2,2
43,-9101.508,-5927.490,-466.755,49.958,0.644761,-0.764355,-0.006674,0.760487,0.642330,-0.095244,0.077087,0.056334,0.995432,0,-0.09536,0.04904,-5.722,0.098,-1,400.000,-1,400.000,-1,325.000,325.000,300.000,300.000,-1,425.000,350.000,1000.000,750.000,800.000,-1,-1,2,0,2,0,2,0,0,0,0,2,0,0,0,0,0,2,2
44,-9105.179,-5931.875,-467.149,50.056,0.643431,-0.765474,-0.006750,0.761624,0.641032,-0.094904,0.076973,0.055923,0.995464,0,-0.09531,0.04917,-5.719,0.098,-1,400.000,-1,400.000,-1,325.000,325.000,300.000,300.000,-1,400.000,350.000,1000.000,750.000,800.000,-1,-1,2,0,2,0,2,0,0,0,0,2,0,0,0,0,0,2,2
45,-9108.841,-5936.264,-467.543,50.155,0.642096,-0.766594,-0.006824,0.762762,0.639728,-0.094562,0.076856,0.055512,0.995496,0,-0.09526,0.04931,-5.716,0.099,-1,400.000,-1,400.000,-1,325.000,325.000,300.000,300.000,-1,400.000,350.000,1000.000,750.000,800.000,-1,-1,2,0,2,0,2,0,0,0,0,2,0,0,0,0,0,2,2
46,-9112.493,-5940.656,-467.937,50.254,0.640755,-0.767714,-0.006898,0.763901,0.638419,-0.094219,0.076737,0.055102,0.995528,0,-0.09521,0.04944,-5.713,0.099,-1,375.000,-1,400.000,-1,325.000,325.000,300.000,300.000,-1,400.000,350.000,1000.000,750.000,800.000,-1,-1,2,0,2,0,2,0,0,0,0,2,0,0,0,0,0,2,2
47,-9116.136,-5945.053,-468.332,50.353,0.639409,-0.768835,-0.006971,0.765040,0.637104,-0.093876,0.076616,0.054692,0.995560,0,-0.09516,0.04958,-5.710,0.099,-1,375.000,-1,400.000,-1,325.000,325.000,300.000,300.000,-1,400.000,350.000,1000.000,750.000,800.000,-1,-1,2,0,2,0,2,0,0,0,0,2,0,0,0,0,0,2,2
48,-9119.770,-5949.454,-468.727,50.452,0.638057,-0.769957,-0.007043,0.766181,0.635782,-0.093531,0.076493,0.054282,0.995591,0,-0.09512,0.04972,-5.707,0.099,-1,375.000,-1,400.000,-1,325.000,325.000,300.000,300.000,-1,400.000,350.000,1000.000,750.000,800.000,-1,-1,2,0,2,0,2,0,0,0,0,2,0,0,0,0,0,2,2
49,-9123.394,-5953.859,-469.123,50.552,0.636699,-0.771080,-0.007113,0.767322,0.634456,-0.093186,0.076367,0.053873,0.995623,0,-0.09507,0.04986,-5.704,0.100,-1,375.000,-1,400.000,-1,325.000,325.000,300.000,300.000,-1,400.000,350.000,1000.000,750.000,775.000,-1,-1,2,0,2,0,2,0,0,0,0,2,0,0,0,0,0,2,2
50,-9127.008,-5958.268,-469.518,50.652,0.635335,-0.772203,-0.007183,0.768464,0.633123,-0.092839,0.076238,0.053464,0.995655,0,-0.09502,0.05000,-5.701,0.100,-1,375.000,-1,400.000,-1,325.000,325.000,300.000,300.000,-1,400.000,350.000,1000.000,725.000,775.000,-1,-1,2,0,2,0,2,0,0,0,0,2,0,0,0,0,0,2,2
51,-9130.614,-5962.682,-469.915,50.752,0.633966,-0.773327,-0.007252,0.769607,0.631784,-0.092491,0.076108,0.053055,0.995687,0,-0.09498,0.05014,-5.699,0.100,-1,375.000,-1,400.000,-1,325.000,325.000,300.000,300.000,-1,375.000,350.000,1000.000,725.000,775.000,-1,-1,2,0,2,0,2,0,0,0,0,2,0,0,0,0,0,2,2
52,-9134.209,-5967.099,-470.311,50.853,0.632591,-0.774451,-0.007320,0.770750,0.630439,-0.092143,0.075975,0.052646,0.995719,0,-0.09494,0.05029,-5.696,0.101,-1,375.000,-1,400.000,-1,325.000,325.000,300.000,300.000,-1,375.000,350.000,1000.000,725.000,775.000,-1,-1,2,0,2,0,2,0,0,0,0,2,0,0,0,0,0,2,2
53,-9137.796,-5971.521,-470.709,50.954,0.631210,-0.775577,-0.007388,0.771895,0.629088,-0.091793,0.075840,0.052238,0.995751,0,-0.09489,0.05043,-5.694,0.101,-1,375.000,-1,400.000,-1,325.000,325.000,300.000,300.000,-1,375.000,325.000,1000.000,725.000,775.000,-1,-1,2,0,2,0,2,0,0,0,0,2,0,0,0,0,0,2,2
54,-9141.373,-5975.948,-471.106,51.055,0.629824,-0.776702,-0.007454,0.773040,0.627732,-0.091442,0.075702,0.051830,0.995782,0,-0.09485,0.05058,-5.691,0.101,-1,375.000,-1,400.000,-1,325.000,325.000,300.000,300.000,-1,375.000,325.000,1000.000,725.000,775.000,-1,-1,2,0,2,0,2,0,0,0,0,2,0,0,0,0,0,2,2
55,-9144.940,-5980.379,-471.504,51.156,0.628431,-0.777829,-0.007520,0.774187,0.626369,-0.091090,0.075563,0.051422,0.995814,0,-0.09481,0.05072,-5.689,0.101,-1,375.000,-1,400.000,-1,325.000,325.000,300.000,300.000,-1,375.000,325.000,1000.000,725.000,775.000,-1,-1,2,0,2,0,2,0,0,0,0,2,0,0,0,0,0,2,2
56,-9148.499,-5984.814,-471.902,51.258,0.627032,-0.778956,-0.007584,0.775334,0.625000,-0.090737,0.075421,0.051015,0.995846,0,-0.09477,0.05087,-5.686,0.102,-1,375.000,-1,400.000,-1,325.000,325.000,300.000,300.000,-1,375.000,325.000,1000.000,725.000,775.000,-1,-1,2,0,2,0,2,0,0,0,0,2,0,0,0,0,0,2,2
57,-9152.047,-5989.254,-472.301,51.360,0.625628,-0.780084,-0.007648,0.776482,0.623624,-0.090383,0.075276,0.050608,0.995878,0,-0.09473,0.05102,-5.684,0.102,-1,375.000,-1,400.000,-1,325.000,325.000,300.000,300.000,-1,375.000,325.000,1000.000,725.000,775.000,-1,-1,2,0,2,0,2,0,0,0,0,2,0,0,0,0,0,2,2
58,-9155.587,-5993.698,-472.700,51.462,0.624217,-0.781213,-0.007711,0.777630,0.622243,-0.090028,0.075130,0.050200,0.995909,0,-0.09469,0.05117,-5.681,0.102,-1,375.000,-1,400.000,-1,325.000,325.000,300.000,300.000,-1,350.000,325.000,1000.000,725.000,775.000,-1,-1,2,0,2,0,2,0,0,0,0,2,0,0,0,0,0,2,2
59,-9159.117,-5998.147,-473.099,51.565,0.622800,-0.782342,-0.007773,0.778780,0.620855,-0.089675,0.074983,0.049796,0.995941,0,-0.09465,0.05132,-5.679,0.103,-1,375.000,-1,400.000,-1,325.000,325.000,300.000,300.000,-1,350.000,325.000,1000.000,725.000,775.000,-1,-1,2,0,2,0,2,0,0,0,0,2,0,0,0,0,0,2,2
60,-9162.638,-6002.600,-473.491,51.668,0.621379,-0.783471,-0.007826,0.779926,0.619460,-0.089357,0.074856,0.049421,0.995969,0,-0.09462,0.05147,-5.677,0.103,-1,375.000,-1,400.000,-1,325.000,325.000,300.000,300.000,-1,350.000,325.000,1000.000,725.000,775.000,-1,-1,2,0,2,0,2,0,0,0,0,2,0,0,0,0,0,2,2
61,-9166.149,-6007.058,-473.884,51.771,0.619951,-0.784601,-0.007878,0.781074,0.618058,-0.089037,0.074728,0.049046,0.995997,0,-0.09458,0.05162,-5.675,0.103,-1,375.000,-1,400.000,-1,325.000,325.000,300.000,300.000,-1,350.000,325.000,1000.000,725.000,775.000,-1,-1,2,0,2,0,2,0,0,0,0,2,0,0,0,0,0,2,2
62,-9169.651,-6011.521,-474.277,51.875,0.618518,-0.785731,-0.007928,0.782222,0.616651,-0.088717,0.074597,0.048671,0.996025,0,-0.09454,0.05178,-5.673,0.104,-1,375.000,-1,400.000,-1,325.000,325.000,300.000,300.000,-1,350.000,325.000,1000.000,725.000,775.000,-1,-1,2,0,2,0,2,0,0,0,0,2,0,0,0,0,0,2,2
63,-9173.144,-6015.988,-474.671,51.979,0.617078,-0.786862,-0.007978,0.783371,0.615236,-0.088396,0.074464,0.048297,0.996053,0,-0.09451,0.05193,-5.671,0.104,-1,375.000,-1,400.000,-1,325.000,325.000,300.000,300.000,-1,350.000,300.000,1000.000,700.000,775.000,-1,-1,2,0,2,0,2,0,0,0,0,2,0,0,0,0,0,2,2
64,-9179.543,-6024.276,-475.402,52.323,0.612312,-0.790574,-0.008103,0.787110,0.610530,-0.087812,0.074369,0.047390,0.996104,0,-0.17451,0.17193,-10.471,0.344,-1,375.000,-1,400.000,-1,325.000,325.000,300.000,300.000,-1,325.000,300.000,1000.000,700.000,775.000,-1,-1,2,0,2,0,2,0,0,0,0,2,0,0,0,0,0,2,2
65,-9188.752,-6036.458,-476.478,52.906,0.604175,-0.796809,-0.008309,0.793381,0.602482,-0.086959,0.074296,0.045946,0.996177,0,-0.25451,0.29193,-15.271,0.584,-1,375.000,-1,400.000,-1,325.000,325.000,300.000,300.000,-1,325.000,300.000,1000.000,700.000,775.000,-1,-1,2,0,2,0,2,0,0,0,0,2,0,0,0,0,0,2,2
66,-9200.625,-6052.640,-477.909,53.730,0.592586,-0.805461,-0.008607,0.802081,0.591016,-0.085827,0.074217,0.043957,0.996273,0,-0.33451,0.41193,-20.071,0.824,-1,375.000,-1,400.000,-1,325.000,325.000,300.000,300.000,-1,300.000,275.000,1000.000,700.000,775.000,-1,-1,2,0,2,0,2,0,0,0,0,2,0,0,0,0,0,2,2
67,-9214.962,-6072.963,-479.707,54.794,0.577438,-0.816385,-0.009013,0.813065,0.576022,-0.084407,0.074100,0.041412,0.996391,0,-0.41451,0.53193,-24.871,1.064,-1,375.000,-1,400.000,-1,325.000,325.000,300.000,300.000,-1,300.000,275.000,1000.000,700.000,750.000,-1,-1,2,0,2,0,2,0,0,0,0,2,0,0,0,0,0,2,2
68,-9231.551,-6097.563,-481.883,56.003,0.559980,-0.828451,-0.009520,0.825211,0.558741,-0.082674,0.073810,0.038440,0.996531,0,-0.49451,0.60430,-29.671,1.209,-1,375.000,-1,400.000,-1,300.000,325.000,300.000,300.000,-1,275.000,250.000,-1,675.000,750.000,-1,-1,2,0,2,0,2,0,0,0,0,2,0,0,2,0,0,2,2
69,-9248.144,-6123.326,-483.870,57.213,0.542306,-0.840133,-0.008958,0.837032,0.541165,-0.080732,0.072673,0.036283,0.996696,0,-0.51072,0.60501,-30.643,1.210,-1,375.000,-1,400.000,-1,300.000,325.000,300.000,300.000,-1,250.000,250.000,-1,675.000,750.000,-1,-1,2,0,2,0,2,0,0,0,0,2,0,0,2,0,0,2,2
70,-9264.199,-6149.449,-485.521,58.424,0.524447,-0.851415,-0.006870,0.848524,0.523300,-0.078515,0.070444,0.035348,0.996889,0,-0.51102,0.60571,-30.661,1.211,-1,375.000,-1,375.000,-1,300.000,325.000,300.000,300.000,-1,275.000,275.000,-1,675.000,725.000,-1,-1,2,0,2,0,2,0,0,0,0,2,0,0,2,0,0,2,2
71,-9279.707,-6175.921,-487.203,59.637,0.506325,-0.862329,-0.004850,0.859648,0.505179,-0.076155,0.068120,0.034390,0.997084,0,-0.51131,0.60639,-30.679,1.213,-1,375.000,-1,375.000,-1,300.000,300.000,300.000,300.000,-1,275.000,275.000,-1,650.000,725.000,-1,-1,2,0,2,0,2,0,0,0,0,2,0,0,2,0,0,2,2
72,-9294.658,-6202.730,-488.913,60.851,0.487947,-0.872869,-0.002907,0.870397,0.486810,-0.073654,0.065705,0.033409,0.997280,0,-0.51160,0.60705,-30.696,1.214,-1,375.000,-1,375.000,-1,300.000,300.000,300.000,300.000,-1,300.000,300.000,-1,650.000,700.000,-1,-1,2,0,2,0,2,0,0,0,0,2,0,0,2,0,0,2,2
73,-9309.045,-6229.865,-490.652,62.066,0.469321,-0.883027,-0.001050,0.880763,0.468202,-0.071015,0.063200,0.032404,0.997475,0,-0.51188,0.60768,-30.713,1.215,-1,350.000,-1,375.000,-1,300.000,300.000,300.000,300.000,-1,300.000,300.000,-1,625.000,700.000,-1,-1,2,0,2,0,2,0,0,0,0,2,0,0,2,0,0,2,2
74,-9322.860,-6257.315,-492.420,63.283,0.450457,-0.892798,0.000713,0.890739,0.449363,-0.068244,0.060608,0.031376,0.997668,0,-0.51215,0.60829,-30.729,1.217,-1,350.000,-1,375.000,-1,300.000,300.000,300.000,300.000,-1,325.000,325.000,-1,625.000,675.000,-1,-1,2,0,2,0,2,0,0,0,0,2,0,0,2,0,0,2,2
75,-9336.095,-6285.066,-494.215,64.501,0.431362,-0.902176,0.002372,0.900317,0.430302,-0.065344,0.057931,0.030322,0.997860,0,-0.51242,0.60888,-30.745,1.218,-1,350.000,-1,375.000,-1,300.000,300.000,325.000,300.000,-1,350.000,350.000,-1,625.000,650.000,-1,-1,2,0,2,0,2,0,0,0,0,2,0,0,2,0,0,2,2
76,-9348.744,-6313.106,-496.039,65.720,0.412047,-0.911154,0.003919,0.909491,0.411027,-0.062320,0.055173,0.029243,0.998049,0,-0.51268,0.60944,-30.761,1.219,-1,350.000,-1,375.000,-1,300.000,300.000,325.000,300.000,-1,375.000,350.000,-1,600.000,650.000,-1,-1,2,0,2,0,2,0,0,0,0,2,0,0,2,0,0,2,2
77,-9360.799,-6341.424,-497.890,66.940,0.392521,-0.919728,0.005346,0.918253,0.391547,-0.059179,0.052335,0.028138,0.998233,0,-0.51294,0.60997,-30.776,1.220,-1,350.000,-1,350.000,-1,300.000,300.000,325.000,300.000,-1,350.000,325.000,-1,600.000,625.000,1000.000,-1,2,0,2,0,2,0,0,0,0,2,0,0,2,0,0,0,2
78,-9372.253,-6370.006,-499.768,68.160,0.372792,-0.927891,0.006645,0.926598,0.371872,-0.055927,0.049423,0.027007,0.998413,0,-0.51319,0.61048,-30.791,1.221,-1,350.000,-1,350.000,-1,300.000,300.000,325.000,300.000,-1,350.000,325.000,-1,600.000,625.000,950.000,-1,2,0,2,0,2,0,0,0,0,2,0,0,2,0,0,0,2
79,-9383.100,-6398.840,-501.654,69.382,0.352876,-0.935637,0.007858,0.934514,0.352010,-0.052652,0.046497,0.025923,0.998582,0,-0.51343,0.61097,-30.806,1.222,-1,350.000,-1,350.000,-1,300.000,300.000,325.000,300.000,-1,325.000,325.000,-1,575.000,625.000,900.000,-1,2,0,2,0,2,0,0,0,0,2,0,0,2,0,0,0,2
80,-9393.335,-6427.912,-503.540,70.605,0.332783,-0.942960,0.009001,0.941996,0.331971,-0.049391,0.043586,0.024916,0.998739,0,-0.51367,0.61142,-30.820,1.223,1000.000,350.000,-1,350.000,-1,275.000,300.000,325.000,300.000,-1,325.000,300.000,-1,575.000,600.000,875.000,-1,0,0,2,0,2,0,0,0,0,2,0,0,2,0,0,0,2
81,-9402.950,-6457.210,-505.441,71.829,0.312521,-0.949858,0.010037,0.949041,0.311765,-0.046088,0.040648,0.023929,0.998887,0,-0.51391,0.61186,-30.835,1.224,975.000,350.000,-1,350.000,-1,275.000,275.000,325.000,300.000,-1,300.000,300.000,-1,575.000,600.000,850.000,-1,0,0,2,0,2,0,0,0,0,2,0,0,2,0,0,0,2
82,-9411.941,-6486.719,-507.086,73.054,0.292071,-0.956347,0.009769,0.955622,0.291408,-0.043219,0.038485,0.021958,0.999018,0,-0.51414,0.61226,-30.848,1.225,975.000,350.000,-1,350.000,-1,275.000,275.000,325.000,300.000,-1,300.000,275.000,-1,575.000,600.000,850.000,-1,0,0,2,0,2,0,0,0,0,2,0,0,2,0,0,0,2
83,-9420.302,-6516.427,-508.578,74.279,0.271457,-0.962411,0.008751,0.961758,0.270906,-0.040400,0.036511,0.019383,0.999145,0,-0.51437,0.61265,-30.862,1.225,950.000,350.000,-1,350.000,-1,275.000,275.000,325.000,300.000,-1,275.000,275.000,-1,575.000,575.000,850.000,1000.000,0,0,2,0,2,0,0,0,0,2,0,0,2,0,0,0,0
84,-9428.029,-6546.321,-509.761,75.505,0.250666,-0.968050,0.006710,0.967490,0.250268,-0.036463,0.033619,0.015632,0.999312,0,-0.51459,0.61300,-30.875,1.226,925.000,350.000,-1,350.000,-1,275.000,275.000,300.000,300.000,-1,275.000,275.000,-1,550.000,575.000,825.000,975.000,0,0,2,0,2,0,0,0,0,2,0,0,2,0,0,0,0
85,-9435.118,-6576.385,-510.950,76.731,0.229761,-0.973237,0.004485,0.972762,0.229499,-0.032633,0.030730,0.011861,0.999457,0,-0.51481,0.61333,-30.889,1.227,900.000,350.000,-1,350.000,-1,275.000,300.000,300.000,300.000,-1,250.000,275.000,-1,550.000,575.000,800.000,950.000,0,0,2,0,2,0,0,0,0,2,0,0,2,0,0,0,0
86,-9441.564,-6606.607,-512.128,77.959,0.208757,-0.977965,0.002139,0.977569,0.208609,-0.028993,0.027908,0.008143,0.999577,0,-0.51503,0.61363,-30.902,1.227,850.000,350.000,-1,350.000,-1,275.000,300.000,300.000,300.000,-1,250.000,275.000,-1,550.000,575.000,775.000,925.000,0,0,2,0,2,0,0,0,0,2,0,0,2,0,0,0,0
87,-9447.364,-6636.973,-512.578,79.187,0.187739,-0.982216,0.002328,0.981864,0.187607,-0.027336,0.026413,0.007418,0.999624,0,-0.51524,0.61391,-30.914,1.228,900.000,350.000,-1,350.000,-1,300.000,300.000,300.000,300.000,-1,250.000,275.000,-1,550.000,575.000,800.000,925.000,0,0,2,0,2,0,0,0,0,2,0,0,2,0,0,0,0
88,-9452.513,-6667.468,-512.731,80.415,0.166652,-0.986008,0.003802,0.985725,0.166508,-0.024941,0.023959,0.007904,0.999682,0,-0.51545,0.61416,-30.927,1.228,925.000,350.000,-1,350.000,1000.000,300.000,300.000,300.000,300.000,-1,250.000,300.000,-1,575.000,575.000,825.000,900.000,0,0,2,0,0,0,0,0,0,2,0,0,2,0,0,0,0
89,-9457.010,-6698.079,-512.891,81.644,0.145474,-0.989349,0.005157,0.989128,0.145324,-0.022514,0.021525,0.008376,0.999733,0,-0.51565,0.61438,-30.939,1.229,975.000,350.000,-1,350.000,975.000,300.000,300.000,300.000,300.000,-1,275.000,325.000,-1,575.000,575.000,850.000,900.000,0,0,2,0,0,0,0,0,0,2,0,0,2,0,0,0,0
90,-9460.168,-6724.026,-513.029,83.061,0.120958,-0.992638,0.006282,0.992465,0.120807,-0.020453,0.019543,0.008708,0.999771,0,-0.43565,0.70869,-26.139,1.417,1000.000,350.000,-1,350.000,950.000,300.000,300.000,300.000,300.000,-1,275.000,325.000,-1,575.000,575.000,875.000,875.000,0,0,2,0,0,0,0,0,0,2,0,0,2,0,0,0,0
91,-9462.221,-6745.267,-513.147,84.479,0.096361,-0.995321,0.007156,0.995184,0.096213,-0.018759,0.017983,0.008929,0.999798,0,-0.35565,0.70882,-21.339,1.418,-1,350.000,-1,350.000,925.000,300.000,300.000,300.000,300.000,-1,300.000,350.000,-1,575.000,575.000,900.000,850.000,2,0,2,0,0,0,0,0,0,2,0,0,2,0,0,0,0
92,-9463.404,-6761.763,-513.245,85.896,0.071702,-0.997396,0.007815,0.997284,0.071557,-0.017442,0.016837,0.009044,0.999817,0,-0.27565,0.70888,-16.539,1.418,-1,350.000,-1,350.000,900.000,300.000,300.000,300.000,300.000,-1,325.000,350.000,-1,575.000,575.000,900.000,850.000,2,0,2,0,0,0,0,0,0,2,0,0,2,0,0,0,0
93,-9463.955,-6773.490,-513.322,87.314,0.046999,-0.998861,0.008293,0.998765,0.046857,-0.016506,0.016099,0.009058,0.999829,0,-0.19565,0.70888,-11.739,1.418,-1,375.000,-1,350.000,900.000,300.000,300.000,300.000,300.000,-1,325.000,375.000,-1,600.000,575.000,925.000,825.000,2,0,2,0,0,0,0,0,0,2,0,0,2,0,0,0,0
94,-9464.108,-6780.427,-513.374,88.732,0.022270,-0.999715,0.008626,0.999628,0.022130,-0.015955,0.015760,0.008978,0.999836,0,-0.11565,0.70885,-6.939,1.418,-1,375.000,-1,350.000,875.000,300.000,300.000,300.000,300.000,-1,350.000,375.000,-1,600.000,575.000,950.000,825.000,2,0,2,0,0,0,0,0,0,2,0,0,2,0,0,0,0
95,-9464.102,-6782.566,-513.401,90.150,-0.002470,-0.999958,0.008851,0.999872,-0.002610,-0.015789,0.015811,0.008811,0.999836,0,-0.03565,0.70881,-2.139,1.418,-1,375.000,-1,350.000,875.000,300.000,300.000,300.000,300.000,-1,350.000,375.000,-1,600.000,575.000,975.000,825.000,2,0,2,0,0,0,0,0,0,2,0,0,2,0,0,0,0
96,-9464.175,-6779.906,-513.399,91.567,-0.027205,-0.999589,0.009006,0.999498,-0.027347,-0.016005,0.016244,0.008566,0.999831,0,0.04435,0.70879,2.661,1.418,-1,375.000,-1,350.000,850.000,300.000,300.000,300.000,300.000,-1,350.000,375.000,-1,600.000,575.000,1000.000,800.000,2,0,2,0,0,0,0,0,0,2,0,0,2,0,0,0,0
97,-9464.564,-6772.455,-513.365,92.985,-0.051922,-0.998609,0.009128,0.998506,-0.052069,-0.016597,0.017049,0.008252,0.999821,0,0.12435,0.70883,7.461,1.418,-1,375.000,-1,350.000,850.000,300.000,300.000,300.000,300.000,-1,375.000,375.000,-1,600.000,575.000,-1,800.000,2,0,2,0,0,0,0,0,0,2,0,0,2,0,0,2,0
98,-9465.505,-6760.231,-513.299,94.403,-0.076610,-0.997018,0.009253,0.996895,-0.076763,-0.017557,0.018214,0.007879,0.999803,0,0.20435,0.70896,12.261,1.418,-1,375.000,-1,350.000,825.000,300.000,300.000,300.000,300.000,-1,350.000,375.000,-1,600.000,575.000,-1,775.000,2,0,2,0,0,0,0,0,0,2,0,0,2,0,0,2,0
99,-9467.235,-6743.258,-513.198,95.821,-0.101258,-0.994816,0.009418,0.994665,-0.101421,-0.018873,0.019730,0.007456,0.999778,0,0.28435,0.70924,17.061,1.418,-1,375.000,-1,350.000,800.000,300.000,300.000,300.000,300.000,-1,350.000,350.000,-1,600.000,575.000,-1,775.000,2,0,2,0,0,0,0,0,0,2,0,0,2,0,0,2,0
100,-9469.991,-6721.571,-513.060,97.241,-0.125857,-0.992001,0.009660,0.991814,-0.126033,-0.020533,0.021586,0.006996,0.999743,0,0.36435,0.70971,21.861,1.419,-1,375.000,-1,350.000,800.000,300.000,300.000,300.000,300.000,-1,325.000,325.000,-1,600.000,575.000,-1,775.000,2,0,2,0,0,0,0,0,0,2,0,0,2,0,0,2,0
101,-9474.006,-6695.214,-512.887,98.661,-0.150400,-0.988574,0.010014,0.988339,-0.150593,-0.022519,0.023770,0.006510,0.999696,0,0.44435,0.71043,26.661,1.421,-1,375.000,-1,350.000,775.000,300.000,300.000,300.000,300.000,-1,300.000,325.000,-1,600.000,550.000,-1,750.000,2,0,2,0,0,0,0,0,0,2,0,0,2,0,0,2,0
102,-9479.514,-6664.239,-512.677,100.084,-0.174883,-0.984533,0.010515,0.984239,-0.175096,-0.024813,0.026271,0.006009,0.999637,0,0.52435,0.71147,31.461,1.423,-1,350.000,-1,350.000,750.000,300.000,300.000,300.000,300.000,-1,300.000,300.000,-1,625.000,550.000,-1,750.000,2,0,2,0,0,0,0,0,0,2,0,0,2,0,0,2,0
103,-9486.750,-6628.707,-512.435,101.510,-0.199301,-0.979874,0.011196,0.979507,-0.199539,-0.027394,0.029077,0.005507,0.999562,0,0.60435,0.71289,36.261,1.426,-1,350.000,-1,350.000,725.000,300.000,300.000,300.000,300.000,-1,275.000,275.000,-1,625.000,550.000,-1,725.000,2,0,2,0,0,0,0,0,0,2,0,0,2,0,0,2,0
104,-9495.944,-6588.689,-511.346,102.940,-0.223755,-0.974604,0.008966,0.974142,-0.223925,-0.030078,0.031322,0.002004,0.999507,0,0.68435,0.71476,41.061,1.430,-1,350.000,-1,325.000,725.000,300.000,275.000,300.000,300.000,-1,275.000,300.000,-1,625.000,550.000,-1,725.000,2,0,2,0,0,0,0,0,0,2,0,0,2,0,0,2,0
105,-9507.329,-6544.263,-509.458,104.374,-0.248244,-0.968687,0.004550,0.968054,-0.248248,-0.035270,0.035295,-0.004350,0.999367,0,0.76435,0.71715,45.861,1.434,-1,350.000,-1,325.000,775.000,300.000,275.000,300.000,300.000,-1,275.000,325.000,-1,625.000,550.000,-1,750.000,2,0,2,0,0,0,0,0,0,2,0,0,2,0,0,2,0
106,-9521.135,-6495.519,-507.269,105.814,-0.272714,-0.962095,0.000397,0.961297,-0.272504,-0.040617,0.039186,-0.010695,0.999175,0,0.84435,0.72012,50.661,1.440,-1,350.000,-1,350.000,825.000,300.000,275.000,300.000,300.000,-1,300.000,325.000,-1,625.000,575.000,-1,800.000,2,0,2,0,0,0,0,0,0,2,0,0,2,0,0,2,0
107,-9536.267,-6446.822,-504.411,107.262,-0.297050,-0.954861,-0.001048,0.953919,-0.296707,-0.044750,0.042419,-0.014293,0.998998,0,0.84989,0.72376,50.994,1.448,-1,350.000,-1,350.000,850.000,300.000,275.000,300.000,325.000,1000.000,325.000,375.000,-1,625.000,575.000,-1,825.000,2,0,2,0,0,0,0,0,0,0,0,0,2,0,0,2,0
108,-9553.089,-6396.457,-501.026,108.469,-0.317158,-0.948373,-0.000195,0.947200,-0.316756,-0.049782,0.047150,-0.015974,0.998760,0,0.88500,0.60376,53.100,1.208,-1,350.000,-1,350.000,900.000,300.000,300.000,300.000,325.000,975.000,325.000,375.000,-1,650.000,575.000,-1,875.000,2,0,2,0,0,0,0,0,0,0,0,0,2,0,0,2,0
109,-9570.783,-6346.316,-497.655,109.437,-0.333171,-0.942866,0.000858,0.941438,-0.332717,-0.054723,0.051882,-0.017425,0.998501,0,0.88617,0.48376,53.170,0.968,-1,375.000,-1,350.000,950.000,300.000,300.000,300.000,325.000,975.000,350.000,400.000,-1,675.000,600.000,-1,925.000,2,0,2,0,0,0,0,0,0,0,0,0,2,0,0,2,0
110,-9589.145,-6296.311,-494.291,110.164,-0.345153,-0.938544,0.002037,0.936836,-0.344654,-0.059604,0.056643,-0.018664,0.998220,0,0.88782,0.36376,53.269,0.728,-1,375.000,-1,350.000,-1,300.000,300.000,300.000,300.000,950.000,375.000,400.000,-1,700.000,600.000,-1,975.000,2,0,2,0,2,0,0,0,0,0,0,0,2,0,0,2,0
111,-9607.976,-6246.349,-490.932,110.652,-0.353155,-0.935559,0.003273,0.933544,-0.352620,-0.064458,0.061459,-0.019708,0.997915,0,0.88987,0.24376,53.392,0.488,-1,375.000,-1,350.000,-1,300.000,300.000,300.000,300.000,950.000,375.000,425.000,-1,700.000,625.000,-1,-1,2,0,2,0,2,0,0,0,0,0,0,0,2,0,0,2,2
112,-9627.074,-6196.334,-487.574,110.899,-0.357217,-0.934011,0.004501,0.931662,-0.356652,-0.069315,0.066346,-0.020567,0.997585,0,0.89227,0.12376,53.536,0.248,-1,375.000,-1,350.000,-1,300.000,300.000,300.000,300.000,950.000,375.000,400.000,-1,725.000,625.000,-1,-1,2,0,2,0,2,0,0,0,0,0,0,0,2,0,0,2,2
113,-9646.237,-6146.171,-484.234,110.907,-0.357353,-0.933952,0.005701,0.931246,-0.356770,-0.074129,0.071267,-0.021181,0.997232,0,0.89496,0.00376,53.698,0.008,-1,400.000,-1,375.000,-1,325.000,300.000,325.000,300.000,925.000,325.000,350.000,-1,750.000,650.000,-1,-1,2,0,2,0,2,0,0,0,0,0,0,0,2,0,0,2,2
114,-9665.203,-6095.909,-480.916,110.674,-0.353567,-0.935384,0.006806,0.932298,-0.352975,-0.078918,0.076221,-0.021558,0.996858,0,0.89534,-0.11624,53.721,-0.232,-1,400.000,-1,375.000,-1,325.000,300.000,325.000,300.000,925.000,275.000,325.000,-1,775.000,650.000,-1,-1,2,0,2,0,2,0,0,0,0,0,0,0,2,0,0,2,2
115,-9683.948,-6044.966,-477.582,110.202,-0.345844,-0.938260,0.007756,0.934765,-0.345249,-0.083776,0.081281,-0.021723,0.996454,0,0.90468,-0.23624,54.281,-0.472,-1,400.000,-1,375.000,-1,325.000,300.000,325.000,300.000,925.000,250.000,275.000,-1,800.000,675.000,-1,-1,2,0,2,0,2,0,0,0,0,0,0,0,2,0,0,2,2
116,-9702.262,-5993.218,-473.885,109.489,-0.334261,-0.942455,0.006977,0.938596,-0.333546,-0.088228,0.085478,-0.022942,0.996076,0,0.91487,-0.35624,54.892,-0.712,-1,400.000,-1,375.000,-1,325.000,325.000,325.000,300.000,900.000,225.000,275.000,-1,825.000,675.000,-1,-1,2,0,2,0,2,0,0,0,0,0,0,0,2,0,0,2,2
117,-9719.963,-5940.652,-469.568,108.611,-0.320088,-0.947382,0.003401,0.943263,-0.319026,-0.092073,0.088314,-0.026263,0.995746,0,0.92444,-0.43938,55.466,-0.879,-1,400.000,-1,375.000,-1,325.000,325.000,300.000,300.000,900.000,225.000,300.000,-1,825.000,700.000,-1,-1,2,0,2,0,2,0,0,0,0,0,0,0,2,0,0,2,2
118,-9737.039,-5887.326,-465.148,107.756,-0.306301,-0.951935,-0.000647,0.947545,-0.304823,-0.096130,0.091313,-0.030058,0.995369,0,0.93321,-0.42745,55.993,-0.855,-1,400.000,-1,375.000,-1,325.000,325.000,300.000,300.000,900.000,250.000,325.000,-1,850.000,725.000,-1,-1,2,0,2,0,2,0,0,0,0,0,0,0,2,0,0,2,2
119,-9753.480,-5833.302,-460.478,106.926,-0.292837,-0.956152,-0.004354,0.951571,-0.290982,-0.099211,0.093594,-0.033195,0.995057,0,0.94117,-0.41472,56.470,-0.829,-1,400.000,-1,375.000,-1,325.000,325.000,300.000,300.000,900.000,250.000,350.000,-1,850.000,750.000,-1,-1,2,0,2,0,2,0,0,0,0,0,0,0,2,0,0,2,2
120,-9769.281,-5778.645,-454.965,106.124,-0.279489,-0.960132,-0.005696,0.955542,-0.277562,-0.099496,0.093948,-0.033250,0.995022,0,0.94825,-0.40122,56.895,-0.802,-1,400.000,-1,375.000,-1,325.000,325.000,300.000,300.000,925.000,325.000,400.000,-1,850.000,750.000,-1,-1,2,0,2,0,2,0,0,0,0,0,0,0,2,0,0,2,2
121,-9784.439,-5723.425,-449.343,105.350,-0.266552,-0.963796,-0.006801,0.959173,-0.264568,-0.099954,0.094536,-0.033166,0.994969,0,0.95438,-0.38699,57.263,-0.774,-1,400.000,-1,375.000,-1,325.000,325.000,300.000,300.000,975.000,375.000,450.000,-1,875.000,775.000,-1,-1,2,0,2,0,2,0,0,0,0,0,0,0,2,0,0,2,2
122,-9798.957,-5667.713,-443.696,104.606,-0.254085,-0.967148,-0.008042,0.962494,-0.252027,-0.100432,0.095105,-0.033258,0.994911,0,0.95952,-0.37209,57.571,-0.744,-1,400.000,-1,375.000,-1,325.000,325.000,300.000,300.000,1000.000,425.000,500.000,-1,875.000,800.000,-1,-1,2,0,2,0,2,0,0,0,0,0,0,0,2,0,0,2,2
123,-9812.839,-5611.587,-438.030,103.893,-0.242116,-0.970202,-0.009412,0.965521,-0.239969,-0.100922,0.095656,-0.033522,0.994850,0,0.96362,-0.35656,57.817,-0.713,-1,400.000,-1,375.000,-1,325.000,325.000,300.000,300.000,-1,475.000,550.000,-1,900.000,800.000,-1,-1,2,0,2,0,2,0,0,0,0,2,0,0,2,0,0,2,2
124,-9826.094,-5555.124,-432.353,103.212,-0.230669,-0.972971,-0.010897,0.968266,-0.228418,-0.101422,0.096191,-0.033946,0.994784,0,0.96664,-0.34049,57.998,-0.681,-1,400.000,-1,400.000,-1,325.000,325.000,300.000,300.000,-1,525.000,600.000,-1,900.000,825.000,-1,-1,2,0,2,0,2,0,0,0,0,2,0,0,2,0,0,2,2
125,-9838.735,-5498.402,-426.701,102.564,-0.219766,-0.975473,-0.012487,0.970747,-0.217396,-0.101929,0.096714,-0.034523,0.994713,0,0.96855,-0.32396,58.113,-0.648,-1,400.000,-1,400.000,-1,325.000,325.000,300.000,300.000,-1,575.000,650.000,-1,900.000,850.000,-1,-1,2,0,2,0,2,0,0,0,0,2,0,0,2,0,0,2,2
126,-9850.777,-5441.502,-421.080,101.950,-0.209423,-0.977723,-0.014157,0.972979,-0.206923,-0.102448,0.097236,-0.035230,0.994638,0,0.96934,-0.30706,58.161,-0.614,-1,425.000,-1,400.000,-1,325.000,325.000,300.000,300.000,-1,625.000,700.000,-1,925.000,875.000,-1,-1,2,0,2,0,2,0,0,0,0,2,0,0,2,0,0,2,2
127,-9861.485,-5389.227,-415.961,101.576,-0.203168,-0.979018,-0.015729,0.974266,-0.200528,-0.102931,0.097617,-0.036237,0.994564,0,0.88934,-0.18706,53.361,-0.374,-1,425.000,-1,400.000,-1,325.000,325.000,300.000,300.000,-1,675.000,750.000,-1,925.000,875.000,-1,-1,2,0,2,0,2,0,0,0,0,2,0,0,2,0,0,2,2
128,-9871.118,-5341.631,-411.339,101.441,-0.201014,-0.979437,-0.017189,0.974691,-0.198226,-0.103366,0.097833,-0.037532,0.994495,0,0.80934,-0.06706,48.561,-0.134,-1,425.000,-1,425.000,-1,325.000,325.000,300.000,300.000,-1,700.000,800.000,-1,925.000,900.000,-1,-1,2,0,2,0,2,0,0,0,0,2,0,0,2,0,0,2,2
129,-9879.878,-5298.756,-407.186,101.547,-0.202975,-0.979006,-0.018640,0.974290,-0.200023,-0.103685,0.097780,-0.039207,0.994435,0,0.72934,0.05294,43.761,0.106,-1,425.000,-1,425.000,-1,350.000,350.000,300.000,300.000,-1,750.000,850.000,-1,950.000,925.000,-1,-1,2,0,2,0,2,0,0,0,0,2,0,0,2,0,0,2,2
130,-9888.571,-5257.483,-403.479,101.893,-0.208932,-0.977738,-0.019385,0.973169,-0.205920,-0.102657,0.096380,-0.040313,0.994528,0,0.70298,0.17294,42.179,0.346,-1,425.000,-1,425.000,-1,350.000,350.000,300.000,300.000,-1,800.000,900.000,-1,925.000,925.000,-1,-1,2,0,2,0,2,0,0,0,0,2,0,0,2,0,0,2,2
131,-9897.570,-5216.308,-399.934,102.327,-0.216344,-0.976116,-0.019818,0.971731,-0.213318,-0.101166,0.094523,-0.041145,0.994672,0,0.70246,0.21713,42.147,0.434,-1,425.000,-1,425.000,-1,350.000,350.000,300.000,300.000,-1,875.000,975.000,-1,925.000,925.000,-1,-1,2,0,2,0,2,0,0,0,0,2,0,0,2,0,0,2,2
132,-9906.887,-5175.241,-396.344,102.782,-0.224056,-0.974369,-0.020084,0.970192,-0.221048,-0.099318,0.092333,-0.041738,0.994853,0,0.70185,0.22725,42.111,0.454,-1,425.000,-1,425.000,-1,350.000,350.000,300.000,300.000,-1,950.000,-1,-1,925.000,925.000,-1,-1,2,0,2,0,2,0,0,0,0,2,0,2,2,0,0,2,2
133,-9916.532,-5134.302,-392.928,103.257,-0.232136,-0.972453,-0.021141,0.968563,-0.229100,-0.096952,0.089438,-0.042983,0.995064,0,0.70100,0.23730,42.060,0.475,-1,425.000,-1,425.000,-1,325.000,325.000,300.000,300.000,-1,-1,-1,-1,900.000,900.000,-1,-1,2,0,2,0,2,0,0,0,0,2,2,2,2,0,0,2,2
