timestep,x_cm,y_cm,z_cm,yaw_deg,basis_xx,basis_xy,basis_xz,basis_yx,basis_yy,basis_yz,basis_zx,basis_zy,basis_zz,teleport_flag,throttle_cmd,steering_cmd,cmd_move_cm,cmd_turn_deg,lidar_cm_0,lidar_cm_1,lidar_cm_2,lidar_cm_3,lidar_cm_4,lidar_cm_5,lidar_cm_6,lidar_cm_7,lidar_cm_8,lidar_cm_9,lidar_cm_10,lidar_cm_11,lidar_cm_12,lidar_cm_13,lidar_cm_14,lidar_cm_15,lidar_cm_16,lidar_class_0,lidar_class_1,lidar_class_2,lidar_class_3,lidar_class_4,lidar_class_5,lidar_class_6,lidar_class_7,lidar_class_8,lidar_class_9,lidar_class_10,lidar_class_11,lidar_class_12,lidar_class_13,lidar_class_14,lidar_class_15,lidar_class_16
0,-983.908,7543.204,-172.132,162.069,-0.949080,-0.307566,0.068196,0.309806,-0.950474,0.024887,0.057164,0.044747,0.997361,1,0.00000,0.00000,4.800,-0.240,-1,400.000,-1,425.000,-1,325.000,325.000,300.000,300.000,-1,-1,-1,-1,900.000,925.000,-1,-1,2,0,2,0,2,0,0,0,0,2,2,2,2,0,0,2,2
1,-988.469,7544.700,-171.855,161.829,-0.947793,-0.311540,0.068057,0.313788,-0.949163,0.025040,0.056797,0.045088,0.997367,0,0.08000,-0.12000,4.800,-0.240,-1,400.000,-1,425.000,-1,325.000,325.000,300.000,300.000,-1,-1,-1,-1,900.000,925.000,-1,-1,2,0,2,0,2,0,0,0,0,2,2,2,2,0,0,2,2
2,-997.565,7547.770,-171.304,161.349,-0.945169,-0.319471,0.067781,0.321735,-0.946490,0.025348,0.056056,0.045766,0.997378,0,0.16000,-0.24000,9.600,-0.480,-1,400.000,-1,425.000,-1,325.000,325.000,300.000,300.000,-1,-1,-1,-1,900.000,925.000,-1,-1,2,0,2,0,2,0,0,0,0,2,2,2,2,0,0,2,2
3,-1011.150,7552.546,-170.487,160.629,-0.941109,-0.331324,0.067369,0.333611,-0.942357,0.025817,0.054932,0.046771,0.997394,0,0.24000,-0.36000,14.400,-0.720,-1,400.000,-1,425.000,-1,325.000,325.000,300.000,300.000,-1,-1,-1,-1,900.000,925.000,-1,-1,2,0,2,0,2,0,0,0,0,2,2,2,2,0,0,2,2
4,-1029.154,7559.216,-169.414,159.669,-0.935465,-0.347044,0.066824,0.349360,-0.936615,0.026453,0.053409,0.048091,0.997414,0,0.32000,-0.48000,19.200,-0.960,-1,400.000,-1,425.000,-1,325.000,325.000,300.000,275.000,-1,-1,-1,-1,900.000,925.000,-1,-1,2,0,2,0,2,0,0,0,0,2,2,2,2,0,0,2,2
5,-1051.480,7568.024,-168.101,158.469,-0.928042,-0.366554,0.066156,0.368903,-0.929068,0.027266,0.051469,0.049709,0.997437,0,0.40000,-0.60000,24.000,-1.200,-1,400.000,-1,425.000,-1,325.000,325.000,300.000,275.000,-1,-1,-1,-1,925.000,900.000,-1,-1,2,0,2,0,2,0,0,0,0,2,2,2,2,0,0,2,2
6,-1078.024,7579.197,-166.563,157.171,-0.919561,-0.387474,0.065355,0.389854,-0.920443,0.028253,0.049208,0.051460,0.997462,0,0.48000,-0.64908,28.800,-1.298,-1,425.000,-1,425.000,-1,325.000,325.000,300.000,275.000,-1,-1,-1,-1,925.000,900.000,-1,-1,2,0,2,0,2,0,0,0,0,2,2,2,2,0,0,2,2
7,-1108.690,7592.931,-164.819,155.872,-0.910621,-0.408189,0.064424,0.410594,-0.911344,0.029418,0.046704,0.053240,0.997489,0,0.56000,-0.64908,33.600,-1.298,-1,425.000,-1,425.000,-1,325.000,325.000,300.000,275.000,-1,-1,-1,-1,925.000,900.000,-1,-1,2,0,2,0,2,0,0,0,0,2,2,2,2,0,0,2,2
8,-1143.371,7609.417,-162.890,154.574,-0.901226,-0.428689,0.063379,0.431113,-0.901773,0.030776,0.043961,0.055060,0.997515,0,0.64000,-0.64908,38.400,-1.298,-1,425.000,-1,425.000,-1,325.000,325.000,300.000,275.000,-1,-1,-1,-1,925.000,900.000,-1,-1,2,0,2,0,2,0,0,0,0,2,2,2,2,0,0,2,2
9,-1180.050,7627.883,-161.059,153.276,-0.891356,-0.448978,0.062477,0.451394,-0.891769,0.031488,0.041577,0.056269,0.997550,0,0.68442,-0.64908,41.065,-1.298,-1,425.000,-1,425.000,-1,325.000,325.000,300.000,275.000,-1,-1,-1,-1,950.000,900.000,-1,-1,2,0,2,0,2,0,0,0,0,2,2,2,2,0,0,2,2
10,-1216.302,7647.176,-159.405,151.978,-0.881030,-0.469045,0.061497,0.471428,-0.881329,0.031861,0.039255,0.057062,0.997599,0,0.68442,-0.64908,41.065,-1.298,-1,425.000,-1,425.000,-1,350.000,325.000,300.000,275.000,-1,-1,-1,-1,950.000,875.000,-1,-1,2,0,2,0,2,0,0,0,0,2,2,2,2,0,0,2,2
11,-1252.107,7667.286,-158.078,150.680,-0.870322,-0.488898,0.059324,0.491160,-0.870488,0.031823,0.036082,0.056833,0.997731,0,0.68442,-0.64908,41.065,-1.298,-1,425.000,-1,425.000,-1,350.000,325.000,300.000,300.000,-1,-1,-1,-1,950.000,875.000,-1,-1,2,0,2,0,2,0,0,0,0,2,2,2,2,0,0,2,2
12,-1287.446,7688.202,-156.902,149.382,-0.859181,-0.508508,0.056808,0.510629,-0.859213,0.031790,0.032645,0.056321,0.997879,0,0.68442,-0.64908,41.065,-1.298,-1,425.000,-1,425.000,-1,350.000,325.000,300.000,300.000,-1,-1,-1,-1,925.000,875.000,-1,-1,2,0,2,0,2,0,0,0,0,2,2,2,2,0,0,2,2
13,-1322.303,7709.913,-155.798,148.084,-0.847593,-0.527858,0.054342,0.529843,-0.847495,0.031923,0.029204,0.055850,0.998012,0,0.68442,-0.64908,41.065,-1.298,-1,425.000,-1,425.000,-1,325.000,325.000,300.000,300.000,-1,-1,-1,-1,925.000,850.000,-1,-1,2,0,2,0,2,0,0,0,0,2,2,2,2,0,0,2,2
14,-1356.659,7732.409,-154.769,146.785,-0.835562,-0.546935,0.051939,0.548791,-0.835338,0.032219,0.025765,0.055425,0.998130,0,0.68442,-0.64908,41.065,-1.298,-1,425.000,-1,400.000,-1,325.000,325.000,300.000,300.000,-1,-1,-1,-1,900.000,850.000,-1,-1,2,0,2,0,2,0,0,0,0,2,2,2,2,0,0,2,2
15,-1390.497,7755.677,-153.831,145.487,-0.823093,-0.565730,0.049676,0.567466,-0.822748,0.032693,0.022375,0.055099,0.998230,0,0.68442,-0.64908,41.065,-1.298,-1,425.000,-1,400.000,-1,325.000,325.000,300.000,300.000,-1,-1,-1,-1,900.000,850.000,-1,-1,2,0,2,0,2,0,0,0,0,2,2,2,2,0,0,2,2
16,-1423.799,7779.705,-153.069,144.189,-0.810177,-0.584222,0.047946,0.585868,-0.809716,0.033443,0.019284,0.055184,0.998290,0,0.68442,-0.64908,41.065,-1.298,-1,425.000,-1,400.000,-1,325.000,325.000,300.000,300.000,-1,-1,-1,-1,875.000,825.000,-1,-1,2,0,2,0,2,0,0,0,0,2,2,2,2,0,0,2,2
17,-1456.548,7804.482,-152.379,142.891,-0.796842,-0.602412,0.046291,0.603971,-0.796267,0.034309,0.016192,0.055298,0.998339,0,0.68442,-0.64908,41.065,-1.298,-1,425.000,-1,400.000,-1,325.000,325.000,300.000,300.000,-1,-1,-1,-1,875.000,825.000,-1,-1,2,0,2,0,2,0,0,0,0,2,2,2,2,0,0,2,2
18,-1488.728,7829.994,-151.716,141.593,-0.783090,-0.620298,0.044724,0.621767,-0.782417,0.035065,0.013242,0.055267,0.998384,0,0.68442,-0.64908,41.065,-1.298,-1,425.000,-1,400.000,-1,325.000,325.000,300.000,300.000,-1,-1,-1,-1,850.000,825.000,-1,-1,2,0,2,0,2,0,0,0,0,2,2,2,2,0,0,2,2
19,-1520.321,7856.229,-151.124,140.295,-0.768933,-0.637865,0.043239,0.639246,-0.768163,0.035907,0.010311,0.055250,0.998419,0,0.68442,-0.64908,41.065,-1.298,-1,400.000,-1,400.000,-1,325.000,325.000,300.000,300.000,-1,-1,-1,-1,850.000,800.000,-1,-1,2,0,2,0,2,0,0,0,0,2,2,2,2,0,0,2,2
20,-1551.311,7883.173,-150.608,138.996,-0.754379,-0.655104,0.041844,0.656397,-0.753514,0.036859,0.007384,0.055272,0.998444,0,0.68442,-0.64908,41.065,-1.298,-1,400.000,-1,400.000,-1,325.000,325.000,300.000,300.000,-1,-1,-1,-1,825.000,800.000,-1,-1,2,0,2,0,2,0,0,0,0,2,2,2,2,0,0,2,2
21,-1581.684,7910.812,-150.210,137.698,-0.739440,-0.671999,0.040559,0.673208,-0.738471,0.038102,0.004347,0.055479,0.998450,0,0.68442,-0.64908,41.065,-1.298,-1,400.000,-1,400.000,-1,325.000,325.000,300.000,300.000,-1,-1,-1,-1,825.000,800.000,-1,-1,2,0,2,0,2,0,0,0,0,2,2,2,2,0,0,2,2
22,-1611.422,7939.132,-149.887,136.400,-0.724120,-0.688548,0.039386,0.689672,-0.723048,0.039427,0.001330,0.055713,0.998446,0,0.68442,-0.64908,41.065,-1.298,-1,400.000,-1,400.000,-1,325.000,325.000,300.000,300.000,-1,-1,-1,-1,800.000,775.000,-1,-1,2,0,2,0,2,0,0,0,0,2,2,2,2,0,0,2,2
23,-1640.512,7968.118,-149.643,135.102,-0.708425,-0.704745,0.038317,0.705785,-0.707256,0.040705,-0.001586,0.055880,0.998436,0,0.68442,-0.64908,41.065,-1.298,-1,400.000,-1,400.000,-1,325.000,325.000,300.000,300.000,-1,-1,-1,-1,800.000,775.000,-1,-1,2,0,2,0,2,0,0,0,0,2,2,2,2,0,0,2,2
24,-1668.937,7997.756,-149.532,133.804,-0.692354,-0.720592,0.037315,0.721545,-0.691113,0.041658,-0.004229,0.055766,0.998435,0,0.68442,-0.64908,41.065,-1.298,-1,400.000,-1,400.000,-1,325.000,325.000,300.000,300.000,-1,-1,-1,-1,775.000,750.000,-1,-1,2,0,2,0,2,0,0,0,0,2,2,2,2,0,0,2,2
25,-1696.683,8028.031,-149.773,132.506,-0.675887,-0.736117,0.036184,0.736982,-0.674658,0.041170,-0.005894,0.054493,0.998497,0,0.68442,-0.64908,41.065,-1.298,-1,400.000,-1,400.000,-1,325.000,325.000,300.000,300.000,-1,-1,-1,-1,775.000,750.000,-1,-1,2,0,2,0,2,0,0,0,0,2,2,2,2,0,0,2,2
26,-1723.735,8058.927,-150.073,131.207,-0.659070,-0.751263,0.035091,0.752044,-0.657852,0.040741,-0.007522,0.053241,0.998553,0,0.68442,-0.64908,41.065,-1.298,-1,400.000,-1,400.000,-1,325.000,325.000,300.000,300.000,-1,-1,-1,-1,775.000,750.000,-1,-1,2,0,2,0,2,0,0,0,0,2,2,2,2,0,0,2,2
27,-1750.081,8090.428,-150.431,129.909,-0.641910,-0.766024,0.034041,0.766725,-0.640705,0.040367,-0.009111,0.052012,0.998605,0,0.68442,-0.64908,41.065,-1.298,-1,400.000,-1,400.000,-1,325.000,325.000,300.000,300.000,-1,-1,-1,-1,750.000,750.000,-1,-1,2,0,2,0,2,0,0,0,0,2,2,2,2,0,0,2,2
28,-1775.707,8122.517,-150.842,128.611,-0.624418,-0.780390,0.033069,0.781018,-0.623224,0.040044,-0.010640,0.050832,0.998651,0,0.68442,-0.64908,41.065,-1.298,-1,400.000,-1,400.000,-1,325.000,325.000,300.000,300.000,-1,-1,-1,-1,750.000,750.000,-1,-1,2,0,2,0,2,0,0,0,0,2,2,2,2,0,0,2,2
29,-1800.599,8155.179,-151.291,127.313,-0.606601,-0.794352,0.032253,0.794915,-0.605417,0.039764,-0.012060,0.049760,0.998688,0,0.68442,-0.64908,41.065,-1.298,-1,400.000,-1,400.000,-1,325.000,325.000,300.000,300.000,-1,-1,-1,-1,750.000,750.000,-1,-1,2,0,2,0,2,0,0,0,0,2,2,2,2,0,0,2,2
30,-1824.745,8188.396,-151.801,126.015,-0.588470,-0.807906,0.031474,0.808407,-0.587296,0.039522,-0.013446,0.048702,0.998723,0,0.68442,-0.64908,41.065,-1.298,-1,400.000,-1,400.000,-1,325.000,325.000,300.000,300.000,-1,-1,-1,-1,725.000,725.000,-1,-1,2,0,2,0,2,0,0,0,0,2,2,2,2,0,0,2,2
31,-1848.132,8222.151,-152.371,124.717,-0.570035,-0.821045,0.030734,0.821487,-0.568870,0.039314,-0.014795,0.047658,0.998754,0,0.68442,-0.64908,41.065,-1.298,-1,400.000,-1,400.000,-1,325.000,325.000,300.000,300.000,-1,-1,-1,-1,725.000,725.000,-1,-1,2,0,2,0,2,0,0,0,0,2,2,2,2,0,0,2,2
32,-1868.113,8252.416,-152.925,123.435,-0.551551,-0.833598,0.030110,0.833987,-0.550394,0.039146,-0.016060,0.046702,0.998780,0,0.60442,-0.64062,36.265,-1.281,-1,400.000,-1,400.000,-1,325.000,325.000,300.000,300.000,-1,-1,-1,-1,725.000,725.000,-1,-1,2,0,2,0,2,0,0,0,0,2,2,2,2,0,0,2,2
33,-1884.859,8279.055,-153.447,122.154,-0.532789,-0.845731,0.029585,0.846072,-0.531639,0.039009,-0.017262,0.045815,0.998801,0,0.52442,-0.64062,31.465,-1.281,-1,400.000,-1,400.000,-1,325.000,325.000,300.000,300.000,-1,-1,-1,-1,700.000,725.000,-1,-1,2,0,2,0,2,0,0,0,0,2,2,2,2,0,0,2,2
34,-1898.541,8301.943,-153.918,120.873,-0.513759,-0.857439,0.029159,0.857737,-0.512615,0.038894,-0.018402,0.044993,0.998818,0,0.44442,-0.64062,26.665,-1.281,-1,400.000,-1,400.000,-1,325.000,325.000,300.000,300.000,-1,-1,-1,-1,700.000,725.000,-1,-1,2,0,2,0,2,0,0,0,0,2,2,2,2,0,0,2,2
35,-1909.338,8320.957,-154.313,119.592,-0.494471,-0.868714,0.028879,0.868977,-0.493331,0.038787,-0.019447,0.044274,0.998830,0,0.36442,-0.64062,21.865,-1.281,-1,400.000,-1,375.000,-1,325.000,325.000,300.000,300.000,-1,-1,-1,-1,700.000,725.000,-1,-1,2,0,2,0,2,0,0,0,0,2,2,2,2,0,0,2,2
36,-1917.431,8335.982,-154.635,118.310,-0.474934,-0.879555,0.028653,0.879784,-0.473797,0.038694,-0.020458,0.043585,0.998840,0,0.28442,-0.64062,17.065,-1.281,-1,400.000,-1,375.000,-1,325.000,325.000,300.000,300.000,-1,-1,-1,-1,700.000,725.000,-1,-1,2,0,2,0,2,0,0,0,0,2,2,2,2,0,0,2,2
37,-1923.005,8346.908,-154.876,117.029,-0.455160,-0.889955,0.028456,0.890152,-0.454025,0.038618,-0.021449,0.042908,0.998849,0,0.20442,-0.64062,12.265,-1.281,-1,400.000,-1,375.000,-1,325.000,325.000,300.000,300.000,-1,-1,-1,-1,700.000,725.000,-1,-1,2,0,2,0,2,0,0,0,0,2,2,2,2,0,0,2,2
38,-1926.248,8353.632,-155.024,115.748,-0.435157,-0.899911,0.028274,0.900075,-0.434025,0.038562,-0.022431,0.042230,0.998856,0,0.12442,-0.64062,7.465,-1.281,-1,400.000,-1,375.000,-1,325.000,325.000,300.000,300.000,-1,-1,-1,-1,700.000,725.000,-1,-1,2,0,2,0,2,0,0,0,0,2,2,2,2,0,0,2,2
39,-1927.351,8356.059,-155.072,114.467,-0.414936,-0.909416,0.028100,0.909549,-0.413806,0.038529,-0.023411,0.041545,0.998862,0,0.04442,-0.64062,2.665,-1.281,-1,400.000,-1,375.000,-1,325.000,325.000,300.000,300.000,-1,-1,-1,-1,700.000,725.000,-1,-1,2,0,2,0,2,0,0,0,0,2,2,2,2,0,0,2,2
40,-1926.511,8354.097,-155.008,113.185,-0.394508,-0.918468,0.027931,0.918569,-0.393380,0.038522,-0.024394,0.040853,0.998867,0,-0.03558,-0.64062,-2.135,-1.281,-1,400.000,-1,375.000,-1,325.000,325.000,300.000,300.000,-1,-1,-1,-1,700.000,725.000,-1,-1,2,0,2,0,2,0,0,0,0,2,2,2,2,0,0,2,2
41,-1923.923,8347.663,-154.824,111.904,-0.373882,-0.927060,0.027772,0.927129,-0.372755,0.038542,-0.025379,0.040158,0.998871,0,-0.11558,-0.64062,-6.935,-1.281,-1,400.000,-1,375.000,-1,325.000,325.000,300.000,300.000,-1,-1,-1,-1,700.000,700.000,-1,-1,2,0,2,0,2,0,0,0,0,2,2,2,2,0,0,2,2
42,-1919.790,8336.681,-154.483,110.623,-0.353069,-0.935185,0.027759,0.935228,-0.351941,0.038549,-0.026281,0.039571,0.998871,0,-0.19558,-0.64062,-11.735,-1.281,-1,400.000,-1,375.000,-1,325.000,325.000,300.000,300.000,-1,-1,-1,-1,700.000,700.000,-1,-1,2,0,2,0,2,0,0,0,0,2,2,2,2,0,0,2,2
43,-1914.313,8321.080,-153.999,109.342,-0.332080,-0.942842,0.027788,0.942860,-0.330950,0.038572,-0.027171,0.039009,0.998869,0,-0.27558,-0.64062,-16.535,-1.281,-1,400.000,-1,375.000,-1,325.000,325.000,300.000,300.000,-1,-1,-1,-1,700.000,700.000,-1,-1,2,0,2,0,2,0,0,0,0,2,2,2,2,0,0,2,2
44,-1907.699,8300.797,-153.364,108.060,-0.310926,-0.950026,0.027859,0.950020,-0.309791,0.038615,-0.028054,0.038472,0.998866,0,-0.35558,-0.64062,-21.335,-1.281,-1,400.000,-1,375.000,-1,325.000,325.000,300.000,300.000,-1,-1,-1,-1,700.000,700.000,-1,-1,2,0,2,0,2,0,0,0,0,2,2,2,2,0,0,2,2
45,-1900.154,8275.775,-152.573,106.779,-0.289616,-0.956734,0.027973,0.956705,-0.288477,0.038677,-0.028934,0.037963,0.998860,0,-0.43558,-0.64062,-26.135,-1.281,-1,400.000,-1,375.000,-1,325.000,325.000,300.000,300.000,-1,-1,-1,-1,725.000,700.000,-1,-1,2,0,2,0,2,0,0,0,0,2,2,2,2,0,0,2,2
46,-1891.888,8245.965,-151.617,105.498,-0.268164,-0.962963,0.028131,0.962912,-0.267017,0.038760,-0.029813,0.037481,0.998852,0,-0.51558,-0.64062,-30.935,-1.281,-1,400.000,-1,375.000,-1,325.000,325.000,300.000,300.000,-1,-1,-1,-1,725.000,700.000,-1,-1,2,0,2,0,2,0,0,0,0,2,2,2,2,0,0,2,2
47,-1883.945,8214.613,-150.595,104.217,-0.246577,-0.968710,0.028298,0.968637,-0.245423,0.038859,-0.030698,0.036992,0.998844,0,-0.53905,-0.64062,-32.343,-1.281,-1,400.000,-1,400.000,-1,325.000,325.000,300.000,300.000,-1,-1,-1,-1,725.000,725.000,-1,-1,2,0,2,0,2,0,0,0,0,2,2,2,2,0,0,2,2
48,-1876.704,8183.092,-149.548,102.936,-0.224867,-0.973974,0.028459,0.973877,-0.223706,0.038971,-0.031591,0.036479,0.998835,0,-0.53905,-0.64062,-32.343,-1.281,-1,400.000,-1,400.000,-1,325.000,325.000,300.000,300.000,-1,-1,-1,-1,725.000,725.000,-1,-1,2,0,2,0,2,0,0,0,0,2,2,2,2,0,0,2,2
49,-1870.171,8151.416,-148.475,101.654,-0.203044,-0.978752,0.028610,0.978630,-0.201876,0.039099,-0.032492,0.035938,0.998826,0,-0.53905,-0.64062,-32.343,-1.281,-1,400.000,-1,400.000,-1,325.000,325.000,300.000,300.000,-1,-1,-1,-1,750.000,725.000,-1,-1,2,0,2,0,2,0,0,0,0,2,2,2,2,0,0,2,2
50,-1864.347,8119.602,-147.376,100.373,-0.181119,-0.983041,0.028750,0.982894,-0.179944,0.039243,-0.033404,0.035365,0.998816,0,-0.53905,-0.64062,-32.343,-1.281,-1,400.000,-1,400.000,-1,325.000,325.000,300.000,325.000,-1,-1,-1,-1,750.000,725.000,-1,-1,2,0,2,0,2,0,0,0,0,2,2,2,2,0,0,2,2
51,-1859.236,8087.666,-146.250,99.092,-0.159103,-0.986840,0.028874,0.986665,-0.157922,0.039407,-0.034328,0.034759,0.998806,0,-0.53905,-0.64062,-32.343,-1.281,-1,400.000,-1,400.000,-1,325.000,325.000,300.000,325.000,-1,-1,-1,-1,750.000,725.000,-1,-1,2,0,2,0,2,0,0,0,0,2,2,2,2,0,0,2,2
52,-1854.840,8055.624,-145.096,97.811,-0.137007,-0.990146,0.028981,0.989942,-0.135820,0.039593,-0.035266,0.034114,0.998796,0,-0.53905,-0.64062,-32.343,-1.281,-1,400.000,-1,400.000,-1,325.000,325.000,300.000,325.000,-1,-1,-1,-1,750.000,725.000,-1,-1,2,0,2,0,2,0,0,0,0,2,2,2,2,0,0,2,2
53,-1851.162,8023.491,-143.915,96.529,-0.114841,-0.992958,0.029070,0.992723,-0.113649,0.039804,-0.036220,0.033429,0.998785,0,-0.53905,-0.64062,-32.343,-1.281,-1,400.000,-1,400.000,-1,325.000,325.000,300.000,325.000,-1,-1,-1,-1,750.000,725.000,-1,-1,2,0,2,0,2,0,0,0,0,2,2,2,2,0,0,2,2
54,-1848.203,7991.284,-142.718,95.248,-0.092620,-0.995274,0.029179,0.995005,-0.091420,0.040082,-0.037225,0.032745,0.998770,0,-0.53905,-0.64062,-32.343,-1.281,-1,400.000,-1,375.000,-1,325.000,325.000,300.000,325.000,-1,-1,-1,-1,750.000,725.000,-1,-1,2,0,2,0,2,0,0,0,0,2,2,2,2,0,0,2,2
55,-1845.966,7959.019,-141.506,93.967,-0.070355,-0.997091,0.029315,0.996787,-0.069144,0.040434,-0.038289,0.032065,0.998752,0,-0.53905,-0.64062,-32.343,-1.281,-1,400.000,-1,375.000,-1,325.000,325.000,300.000,325.000,-1,-1,-1,-1,750.000,725.000,-1,-1,2,0,2,0,2,0,0,0,0,2,2,2,2,0,0,2,2
56,-1844.450,7926.712,-140.269,92.686,-0.048054,-0.998411,0.029446,0.998068,-0.046833,0.040830,-0.039386,0.031352,0.998732,0,-0.53905,-0.64062,-32.343,-1.281,-1,400.000,-1,375.000,-1,325.000,325.000,300.000,325.000,-1,-1,-1,-1,750.000,725.000,-1,-1,2,0,2,0,2,0,0,0,0,2,2,2,2,0,0,2,2
57,-1843.657,7894.379,-139.005,91.404,-0.025729,-0.999232,0.029571,0.998848,-0.024498,0.041270,-0.040514,0.030598,0.998710,0,-0.53905,-0.64062,-32.343,-1.281,-1,400.000,-1,375.000,-1,325.000,325.000,300.000,325.000,-1,-1,-1,-1,750.000,725.000,-1,-1,2,0,2,0,2,0,0,0,0,2,2,2,2,0,0,2,2
58,-1843.587,7862.037,-137.689,90.123,-0.003384,-0.999555,0.029630,0.999131,-0.002149,0.041637,-0.041554,0.029745,0.998693,0,-0.53905,-0.64062,-32.343,-1.281,-1,400.000,-1,375.000,-1,325.000,325.000,300.000,325.000,-1,-1,-1,-1,750.000,725.000,-1,-1,2,0,2,0,2,0,0,0,0,2,2,2,2,0,0,2,2
59,-1844.240,7829.701,-136.425,88.842,0.018987,-0.999384,0.029520,0.998937,0.020202,0.041429,-0.042000,0.028702,0.998705,0,-0.53905,-0.64062,-32.343,-1.281,-1,400.000,-1,375.000,-1,325.000,325.000,300.000,325.000,-1,-1,-1,-1,750.000,725.000,-1,-1,2,0,2,0,2,0,0,0,0,2,2,2,2,0,0,2,2
60,-1845.616,7797.387,-135.134,87.561,0.041351,-0.998713,0.029372,0.998242,0.042545,0.041258,-0.042454,0.027614,0.998717,0,-0.53905,-0.64062,-32.343,-1.281,-1,400.000,-1,375.000,-1,325.000,325.000,300.000,325.000,-1,-1,-1,-1,750.000,725.000,-1,-1,2,0,2,0,2,0,0,0,0,2,2,2,2,0,0,2,2
61,-1847.715,7765.113,-133.815,86.279,0.063696,-0.997543,0.029183,0.997046,0.064867,0.041123,-0.042915,0.026478,0.998728,0,-0.53905,-0.64062,-32.343,-1.281,-1,400.000,-1,375.000,-1,325.000,325.000,300.000,325.000,-1,-1,-1,-1,750.000,725.000,-1,-1,2,0,2,0,2,0,0,0,0,2,2,2,2,0,0,2,2
62,-1850.001,7737.665,-132.675,85.238,0.081835,-0.996224,0.028994,0.995706,0.082986,0.041024,-0.043275,0.025512,0.998737,0,-0.45905,-0.52062,-27.543,-1.041,-1,400.000,-1,400.000,-1,325.000,325.000,300.000,325.000,-1,-1,-1,-1,750.000,725.000,-1,-1,2,0,2,0,2,0,0,0,0,2,2,2,2,0,0,2,2
63,-1852.205,7715.030,-131.722,84.437,0.095776,-0.994986,0.028818,0.994450,0.096911,0.040946,-0.043533,0.024737,0.998746,0,-0.37905,-0.40062,-22.743,-0.801,-1,400.000,-1,400.000,-1,325.000,325.000,300.000,325.000,-1,-1,-1,-1,750.000,725.000,-1,-1,2,0,2,0,2,0,0,0,0,2,2,2,2,0,0,2,2
64,-1854.119,7697.189,-131.014,83.876,0.105529,-0.993998,0.028827,0.993462,0.106653,0.040719,-0.043550,0.024341,0.998755,0,-0.29905,-0.28062,-17.943,-0.561,-1,400.000,-1,400.000,-1,325.000,325.000,300.000,325.000,-1,-1,-1,-1,750.000,725.000,-1,-1,2,0,2,0,2,0,0,0,0,2,2,2,2,0,0,2,2
65,-1855.595,7684.130,-130.494,83.555,0.111109,-0.993390,0.028824,0.992856,0.112225,0.040536,-0.043503,0.024114,0.998762,0,-0.21905,-0.16062,-13.143,-0.321,-1,400.000,-1,400.000,-1,325.000,325.000,300.000,325.000,-1,-1,-1,-1,750.000,725.000,-1,-1,2,0,2,0,2,0,0,0,0,2,2,2,2,0,0,2,2
66,-1856.543,7675.841,-130.160,83.473,0.112522,-0.993232,0.028798,0.992700,0.113634,0.040411,-0.043410,0.024041,0.998768,0,-0.13905,-0.04062,-8.343,-0.081,-1,400.000,-1,400.000,-1,325.000,325.000,300.000,325.000,-1,-1,-1,-1,750.000,750.000,-1,-1,2,0,2,0,2,0,0,0,0,2,2,2,2,0,0,2,2
67,-1856.936,7672.320,-130.014,83.632,0.109772,-0.993541,0.028753,0.993014,0.110881,0.040347,-0.043274,0.024123,0.998772,0,-0.05905,0.07938,-3.543,0.159,-1,400.000,-1,400.000,-1,325.000,325.000,300.000,325.000,-1,-1,-1,-1,750.000,750.000,-1,-1,2,0,2,0,2,0,0,0,0,2,2,2,2,0,0,2,2
68,-1856.805,7673.571,-130.054,84.031,0.102853,-0.994283,0.028686,0.993763,0.103963,0.040341,-0.043092,0.024358,0.998774,0,0.02095,0.19938,1.257,0.399,-1,400.000,-1,400.000,-1,325.000,325.000,300.000,325.000,-1,-1,-1,-1,750.000,750.000,-1,-1,2,0,2,0,2,0,0,0,0,2,2,2,2,0,0,2,2
69,-1856.243,7679.602,-130.277,84.670,0.091758,-0.995371,0.028598,0.994859,0.092871,0.040392,-0.042861,0.024745,0.998775,0,0.10095,0.31938,6.057,0.639,-1,400.000,-1,400.000,-1,325.000,325.000,300.000,325.000,-1,-1,-1,-1,750.000,750.000,-1,-1,2,0,2,0,2,0,0,0,0,2,2,2,2,0,0,2,2
70,-1855.400,7690.426,-130.718,85.548,0.076472,-0.996661,0.028616,0.996167,0.077593,0.040375,-0.042461,0.025419,0.998775,0,0.18095,0.43938,10.857,0.879,-1,400.000,-1,400.000,-1,325.000,325.000,300.000,325.000,-1,-1,-1,-1,750.000,750.000,-1,-1,2,0,2,0,2,0,0,0,0,2,2,2,2,0,0,2,2
71,-1854.484,7706.057,-131.367,86.643,0.057400,-0.997938,0.028730,0.997471,0.058533,0.040310,-0.041908,0.026343,0.998774,0,0.26095,0.54744,15.657,1.095,-1,400.000,-1,400.000,-1,325.000,325.000,300.000,325.000,-1,-1,-1,-1,750.000,750.000,-1,-1,2,0,2,0,2,0,0,0,0,2,2,2,2,0,0,2,2
72,-1853.677,7726.498,-132.189,87.738,0.038305,-0.998850,0.028850,0.998407,0.039453,0.040329,-0.041420,0.027259,0.998770,0,0.34095,0.54744,20.457,1.095,-1,400.000,-1,400.000,-1,325.000,325.000,300.000,325.000,-1,-1,-1,-1,750.000,725.000,-1,-1,2,0,2,0,2,0,0,0,0,2,2,2,2,0,0,2,2
73,-1853.162,7751.750,-133.178,88.833,0.019196,-0.999396,0.028964,0.998975,0.020359,0.040437,-0.041003,0.028158,0.998762,0,0.42095,0.54744,25.257,1.095,-1,400.000,-1,400.000,-1,325.000,325.000,300.000,325.000,-1,-1,-1,-1,750.000,725.000,-1,-1,2,0,2,0,2,0,0,0,0,2,2,2,2,0,0,2,2
74,-1853.125,7781.807,-134.325,89.928,0.000078,-0.999578,0.029060,0.999173,0.001259,0.040641,-0.040661,0.029033,0.998751,0,0.50095,0.54744,30.057,1.095,-1,400.000,-1,400.000,-1,325.000,325.000,300.000,325.000,-1,-1,-1,-1,750.000,725.000,-1,-1,2,0,2,0,2,0,0,0,0,2,2,2,2,0,0,2,2
75,-1853.747,7816.659,-135.625,91.023,-0.019041,-0.999394,0.029127,0.999002,-0.017840,0.040946,-0.040401,0.029878,0.998737,0,0.58095,0.54744,34.857,1.095,-1,400.000,-1,375.000,-1,325.000,325.000,300.000,325.000,-1,-1,-1,-1,750.000,725.000,-1,-1,2,0,2,0,2,0,0,0,0,2,2,2,2,0,0,2,2
76,-1855.213,7856.289,-137.076,92.118,-0.038155,-0.998846,0.029176,0.998462,-0.036933,0.041344,-0.040219,0.030708,0.998719,0,0.66095,0.54744,39.657,1.095,-1,400.000,-1,375.000,-1,325.000,325.000,300.000,325.000,-1,-1,-1,-1,750.000,725.000,-1,-1,2,0,2,0,2,0,0,0,0,2,2,2,2,0,0,2,2
77,-1857.705,7900.676,-138.742,93.212,-0.057229,-0.997938,0.029071,0.997582,-0.056011,0.041139,-0.039426,0.031355,0.998730,0,0.74095,0.54744,44.457,1.095,-1,400.000,-1,375.000,-1,325.000,325.000,300.000,325.000,-1,-1,-1,-1,750.000,725.000,-1,-1,2,0,2,0,2,0,0,0,0,2,2,2,2,0,0,2,2
78,-1861.404,7949.794,-140.567,94.307,-0.076268,-0.996672,0.028792,0.996348,-0.075068,0.040695,-0.038399,0.031791,0.998757,0,0.82095,0.54744,49.257,1.095,-1,400.000,-1,375.000,-1,325.000,325.000,300.000,325.000,-1,-1,-1,-1,750.000,725.000,-1,-1,2,0,2,0,2,0,0,0,0,2,2,2,2,0,0,2,2
79,-1866.060,7999.023,-142.390,95.402,-0.095285,-0.995040,0.028579,0.994744,-0.094097,0.040363,-0.037474,0.032275,0.998776,0,0.82414,0.54744,49.448,1.095,-1,400.000,-1,400.000,-1,325.000,325.000,300.000,325.000,-1,-1,-1,-1,750.000,725.000,-1,-1,2,0,2,0,2,0,0,0,0,2,2,2,2,0,0,2,2
80,-1871.655,8048.153,-144.179,96.497,-0.114266,-0.993046,0.028347,0.992777,-0.113092,0.040060,-0.036575,0.032719,0.998795,0,0.82414,0.54744,49.448,1.095,-1,400.000,-1,400.000,-1,325.000,325.000,300.000,325.000,-1,-1,-1,-1,750.000,725.000,-1,-1,2,0,2,0,2,0,0,0,0,2,2,2,2,0,0,2,2
81,-1878.188,8097.168,-145.936,97.592,-0.133205,-0.990690,0.028100,0.990445,-0.132044,0.039781,-0.035701,0.033130,0.998813,0,0.82414,0.54744,49.448,1.095,-1,400.000,-1,400.000,-1,325.000,325.000,300.000,325.000,-1,-1,-1,-1,750.000,725.000,-1,-1,2,0,2,0,2,0,0,0,0,2,2,2,2,0,0,2,2
82,-1885.657,8146.048,-147.661,98.687,-0.152096,-0.987973,0.027842,0.987751,-0.150948,0.039525,-0.034847,0.033513,0.998831,0,0.82414,0.54744,49.448,1.095,-1,400.000,-1,400.000,-1,325.000,325.000,300.000,325.000,-1,-1,-1,-1,750.000,725.000,-1,-1,2,0,2,0,2,0,0,0,0,2,2,2,2,0,0,2,2
83,-1894.058,8194.777,-149.357,99.782,-0.170932,-0.984897,0.027580,0.984696,-0.169797,0.039288,-0.034011,0.033874,0.998847,0,0.82414,0.54744,49.448,1.095,-1,400.000,-1,400.000,-1,325.000,325.000,300.000,300.000,-1,-1,-1,-1,725.000,700.000,-1,-1,2,0,2,0,2,0,0,0,0,2,2,2,2,0,0,2,2
84,-1903.389,8243.337,-151.024,100.877,-0.189705,-0.981461,0.027318,0.981280,-0.188583,0.039067,-0.033191,0.034218,0.998863,0,0.82414,0.54744,49.448,1.095,-1,400.000,-1,375.000,-1,325.000,325.000,300.000,300.000,-1,-1,-1,-1,725.000,700.000,-1,-1,2,0,2,0,2,0,0,0,0,2,2,2,2,0,0,2,2
85,-1913.646,8291.710,-152.664,101.971,-0.208410,-0.977667,0.027061,0.977505,-0.207300,0.038861,-0.032384,0.034551,0.998878,0,0.82414,0.54744,49.448,1.095,-1,400.000,-1,375.000,-1,325.000,325.000,300.000,300.000,-1,-1,-1,-1,725.000,700.000,-1,-1,2,0,2,0,2,0,0,0,0,2,2,2,2,0,0,2,2
86,-1924.825,8339.877,-154.278,103.066,-0.227039,-0.973516,0.026814,0.973373,-0.225941,0.038669,-0.031586,0.034880,0.998892,0,0.82414,0.54744,49.448,1.095,-1,400.000,-1,375.000,-1,325.000,325.000,300.000,300.000,-1,-1,-1,-1,700.000,700.000,-1,-1,2,0,2,0,2,0,0,0,0,2,2,2,2,0,0,2,2
87,-1936.923,8387.823,-155.868,104.161,-0.245586,-0.969010,0.026583,0.968885,-0.244499,0.038489,-0.030796,0.035208,0.998905,0,0.82414,0.54744,49.448,1.095,-1,400.000,-1,375.000,-1,325.000,325.000,300.000,300.000,-1,-1,-1,-1,700.000,700.000,-1,-1,2,0,2,0,2,0,0,0,0,2,2,2,2,0,0,2,2
88,-1949.934,8435.528,-157.433,105.256,-0.264044,-0.964150,0.026377,0.964044,-0.262967,0.038318,-0.030008,0.035546,0.998917,0,0.82414,0.54744,49.448,1.095,-1,400.000,-1,375.000,-1,325.000,325.000,300.000,300.000,-1,-1,-1,-1,700.000,700.000,-1,-1,2,0,2,0,2,0,0,0,0,2,2,2,2,0,0,2,2
89,-1963.855,8482.976,-158.759,106.351,-0.282400,-0.958939,0.026190,0.958857,-0.281339,0.037965,-0.029037,0.035833,0.998936,0,0.82414,0.54744,49.448,1.095,-1,375.000,-1,375.000,-1,325.000,325.000,300.000,300.000,-1,-1,-1,-1,675.000,700.000,-1,-1,2,0,2,0,2,0,0,0,0,2,2,2,2,0,0,2,2
90,-1978.680,8530.149,-159.870,107.446,-0.300622,-0.953397,0.025717,0.953349,-0.299613,0.036836,-0.027415,0.035591,0.998990,0,0.82414,0.54744,49.448,1.095,-1,375.000,-1,375.000,-1,325.000,325.000,300.000,300.000,-1,-1,-1,-1,675.000,700.000,-1,-1,2,0,2,0,2,0,0,0,0,2,2,2,2,0,0,2,2
91,-1994.403,8577.031,-160.941,108.541,-0.318738,-0.947501,0.025446,0.947493,-0.317777,0.035690,-0.025730,0.035486,0.999039,0,0.82414,0.54744,49.448,1.095,-1,375.000,-1,375.000,-1,325.000,325.000,300.000,300.000,-1,-1,-1,-1,675.000,700.000,-1,-1,2,0,2,0,2,0,0,0,0,2,2,2,2,0,0,2,2
92,-2011.020,8623.603,-161.945,109.636,-0.336746,-0.941252,0.025433,0.941288,-0.335823,0.034647,-0.024070,0.035607,0.999076,0,0.82414,0.54744,49.448,1.095,-1,375.000,-1,375.000,-1,325.000,325.000,300.000,300.000,-1,-1,-1,-1,675.000,700.000,-1,-1,2,0,2,0,2,0,0,0,0,2,2,2,2,0,0,2,2
93,-2028.523,8669.850,-162.828,110.730,-0.354634,-0.934644,0.025984,0.934743,-0.353739,0.033532,-0.022149,0.036180,0.999100,0,0.82414,0.54744,49.448,1.095,-1,375.000,-1,375.000,-1,325.000,325.000,300.000,300.000,-1,-1,-1,-1,675.000,700.000,-1,-1,2,0,2,0,2,0,0,0,0,2,2,2,2,0,0,2,2
94,-2044.949,8711.366,-163.557,111.585,-0.368507,-0.929238,0.026831,0.929403,-0.367635,0.032484,-0.020321,0.036908,0.999112,0,0.74414,0.42744,44.648,0.855,-1,375.000,-1,400.000,-1,325.000,325.000,300.000,300.000,-1,-1,-1,-1,675.000,700.000,-1,-1,2,0,2,0,2,0,0,0,0,2,2,2,2,0,0,2,2
95,-2061.182,8751.143,-164.240,112.200,-0.378427,-0.925215,0.027741,0.925443,-0.377576,0.031495,-0.018665,0.037591,0.999119,0,0.71604,0.30744,42.962,0.615,-1,375.000,-1,400.000,-1,325.000,325.000,300.000,300.000,-1,-1,-1,-1,675.000,700.000,-1,-1,2,0,2,0,2,0,0,0,0,2,2,2,2,0,0,2,2
96,-2077.676,8790.813,-164.912,112.575,-0.384442,-0.922702,0.028722,0.922990,-0.383612,0.030509,-0.017133,0.038239,0.999122,0,0.71604,0.18744,42.962,0.375,-1,375.000,-1,400.000,-1,325.000,325.000,300.000,300.000,-1,1000.000,-1,-1,675.000,700.000,-1,-1,2,0,2,0,2,0,0,0,0,2,0,2,2,0,0,2,2
97,-2094.262,8830.445,-165.580,112.710,-0.386581,-0.921775,0.029754,0.922121,-0.385774,0.029508,-0.015722,0.038844,0.999122,0,0.71604,0.06744,42.962,0.135,-1,375.000,-1,400.000,-1,325.000,325.000,300.000,300.000,-1,925.000,-1,-1,675.000,700.000,-1,-1,2,0,2,0,2,0,0,0,0,2,0,2,2,0,0,2,2
98,-2110.776,8870.106,-166.250,112.605,-0.384857,-0.922462,0.030817,0.922863,-0.384074,0.028473,-0.014429,0.039398,0.999119,0,0.71604,-0.05256,42.962,-0.105,-1,375.000,-1,400.000,-1,325.000,325.000,300.000,300.000,-1,825.000,-1,-1,675.000,700.000,-1,-1,2,0,2,0,2,0,0,0,0,2,0,2,2,0,0,2,2
99,-2127.050,8909.866,-166.928,112.260,-0.379261,-0.924740,0.031885,0.925195,-0.378503,0.027384,-0.013255,0.039885,0.999116,0,0.71604,-0.17256,42.962,-0.345,-1,375.000,-1,400.000,-1,325.000,325.000,300.000,300.000,-1,775.000,775.000,-1,675.000,700.000,-1,-1,2,0,2,0,2,0,0,0,0,2,0,0,2,0,0,2,2
100,-2142.958,8949.775,-167.623,111.731,-0.370685,-0.928174,0.032943,0.928679,-0.369955,0.026234,-0.012162,0.040318,0.999113,0,0.71604,-0.26411,42.962,-0.528,-1,375.000,-1,400.000,-1,325.000,325.000,300.000,300.000,-1,725.000,725.000,-1,675.000,700.000,-1,-1,2,0,2,0,2,0,0,0,0,2,0,0,2,0,0,2,2
101,-2158.496,8989.829,-168.333,111.203,-0.362074,-0.931528,0.034021,0.932084,-0.361376,0.025045,-0.011036,0.040778,0.999107,0,0.71604,-0.26411,42.962,-0.528,-1,375.000,-1,400.000,-1,325.000,325.000,300.000,300.000,-1,675.000,675.000,-1,675.000,700.000,-1,-1,2,0,2,0,2,0,0,0,0,2,0,0,2,0,0,2,2
102,-2173.665,9030.024,-168.986,110.675,-0.353442,-0.934790,0.035306,0.935402,-0.352761,0.024145,-0.010116,0.041559,0.999085,0,0.71604,-0.26411,42.962,-0.528,-1,375.000,-1,400.000,-1,325.000,325.000,300.000,300.000,-1,625.000,625.000,-1,675.000,700.000,-1,-1,2,0,2,0,2,0,0,0,0,2,0,0,2,0,0,2,2
103,-2188.463,9070.357,-169.632,110.147,-0.344780,-0.937967,0.036670,0.938638,-0.344115,0.023303,-0.009239,0.042454,0.999056,0,0.71604,-0.26411,42.962,-0.528,-1,375.000,-1,400.000,-1,325.000,325.000,300.000,300.000,-1,625.000,600.000,-1,675.000,700.000,-1,-1,2,0,2,0,2,0,0,0,0,2,0,0,2,0,0,2,2
104,-2202.888,9110.826,-170.112,109.619,-0.336102,-0.941084,0.037369,0.941784,-0.335448,0.022748,-0.008873,0.042839,0.999043,0,0.71604,-0.26411,42.962,-0.528,-1,375.000,-1,375.000,-1,325.000,325.000,300.000,300.000,-1,625.000,600.000,-1,675.000,700.000,-1,-1,2,0,2,0,2,0,0,0,0,2,0,0,2,0,0,2,2
105,-2216.939,9151.425,-170.372,109.090,-0.327366,-0.944150,0.037574,0.944865,-0.326763,0.021367,-0.007896,0.042497,0.999065,0,0.71604,-0.26411,42.962,-0.528,-1,375.000,-1,375.000,-1,325.000,325.000,300.000,300.000,-1,600.000,575.000,-1,675.000,700.000,-1,-1,2,0,2,0,2,0,0,0,0,2,0,0,2,0,0,2,2
106,-2230.615,9192.152,-170.541,108.562,-0.318590,-0.947147,0.037593,0.947869,-0.318053,0.019663,-0.006667,0.041898,0.999100,0,0.71604,-0.26411,42.962,-0.528,-1,375.000,-1,400.000,-1,325.000,325.000,300.000,300.000,-1,575.000,550.000,-1,675.000,700.000,-1,-1,2,0,2,0,2,0,0,0,0,2,0,0,2,0,0,2,2
107,-2243.916,9233.004,-170.710,108.034,-0.309790,-0.950059,0.037657,0.950789,-0.309314,0.018006,-0.005459,0.041382,0.999128,0,0.71604,-0.26411,42.962,-0.528,-1,375.000,-1,400.000,-1,325.000,325.000,300.000,300.000,-1,575.000,550.000,-1,675.000,700.000,-1,-1,2,0,2,0,2,0,0,0,0,2,0,0,2,0,0,2,2
108,-2256.839,9273.977,-170.783,107.506,-0.300978,-0.952872,0.038041,0.953620,-0.300543,0.016813,-0.004587,0.041337,0.999135,0,0.71604,-0.26411,42.962,-0.528,-1,375.000,-1,400.000,-1,325.000,325.000,300.000,300.000,-1,575.000,550.000,-1,700.000,700.000,-1,-1,2,0,2,0,2,0,0,0,0,2,0,0,2,0,0,2,2
109,-2270.594,9319.715,-170.741,106.737,-0.288127,-0.956795,0.039068,0.957586,-0.287734,0.015444,-0.003535,0.041861,0.999117,0,0.79604,-0.38411,47.762,-0.768,-1,375.000,-1,400.000,-1,325.000,325.000,300.000,300.000,-1,575.000,550.000,-1,700.000,700.000,-1,-1,2,0,2,0,2,0,0,0,0,2,0,0,2,0,0,2,2
110,-2283.882,9366.897,-170.705,105.729,-0.271197,-0.961687,0.040138,0.962520,-0.270847,0.014008,-0.002600,0.042432,0.999096,0,0.81695,-0.50411,49.017,-1.008,-1,375.000,-1,400.000,-1,325.000,325.000,300.000,300.000,-1,575.000,550.000,-1,700.000,700.000,-1,-1,2,0,2,0,2,0,0,0,0,2,0,0,2,0,0,2,2
111,-2296.140,9414.356,-170.705,104.481,-0.250137,-0.967338,0.041085,0.968208,-0.249829,0.012567,-0.001892,0.042923,0.999077,0,0.81695,-0.62411,49.017,-1.248,-1,375.000,-1,400.000,-1,325.000,325.000,300.000,300.000,-1,600.000,550.000,-1,725.000,700.000,-1,-1,2,0,2,0,2,0,0,0,0,2,0,0,2,0,0,2,2
112,-2307.161,9462.118,-170.747,102.993,-0.224888,-0.973484,0.041884,0.974384,-0.224618,0.011106,-0.001404,0.043309,0.999061,0,0.81695,-0.74411,49.017,-1.488,-1,375.000,-1,400.000,-1,325.000,325.000,300.000,300.000,-1,600.000,575.000,-1,725.000,700.000,-1,-1,2,0,2,0,2,0,0,0,0,2,0,0,2,0,0,2,2
113,-2316.736,9510.191,-170.837,101.265,-0.195388,-0.979804,0.042508,0.980725,-0.195154,0.009614,-0.001125,0.043567,0.999050,0,0.81695,-0.86411,49.017,-1.728,-1,400.000,-1,400.000,-1,325.000,325.000,300.000,300.000,-1,625.000,575.000,-1,750.000,700.000,-1,-1,2,0,2,0,2,0,0,0,0,2,0,0,2,0,0,2,2
114,-2324.654,9558.564,-170.980,99.296,-0.161586,-0.985924,0.042930,0.986858,-0.161387,0.008083,-0.001041,0.043672,0.999045,0,0.81695,-0.98411,49.017,-1.968,-1,400.000,-1,400.000,-1,325.000,325.000,300.000,300.000,-1,650.000,600.000,-1,750.000,700.000,-1,-1,2,0,2,0,2,0,0,0,0,2,0,0,2,0,0,2,2
115,-2330.879,9607.185,-171.182,97.296,-0.127044,-0.990957,0.043168,0.991897,-0.126881,0.006523,-0.000987,0.043646,0.999047,0,0.81695,-1.00000,49.017,-2.000,-1,400.000,-1,400.000,-1,325.000,325.000,300.000,275.000,-1,675.000,600.000,-1,775.000,700.000,-1,-1,2,0,2,0,2,0,0,0,0,2,0,0,2,0,0,2,2
116,-2335.404,9655.992,-171.443,95.296,-0.092347,-0.994788,0.043219,0.995726,-0.092220,0.004936,-0.000924,0.043490,0.999053,0,0.81695,-1.00000,49.017,-2.000,-1,400.000,-1,375.000,-1,325.000,325.000,300.000,275.000,-1,675.000,625.000,-1,775.000,700.000,-1,-1,2,0,2,0,2,0,0,0,0,2,0,0,2,0,0,2,2
117,-2338.222,9704.928,-171.761,93.296,-0.057537,-0.997413,0.043081,0.998343,-0.057447,0.003320,-0.000837,0.043200,0.999066,0,0.81695,-1.00000,49.017,-2.000,-1,400.000,-1,375.000,-1,325.000,325.000,300.000,275.000,-1,650.000,650.000,-1,800.000,700.000,-1,-1,2,0,2,0,2,0,0,0,0,2,0,0,2,0,0,2,2
118,-2339.331,9753.933,-172.135,91.296,-0.022654,-0.998829,0.042744,0.999743,-0.022603,0.001677,-0.000708,0.042771,0.999085,0,0.81695,-1.00000,49.017,-2.000,-1,400.000,-1,375.000,-1,325.000,325.000,300.000,275.000,-1,650.000,650.000,-1,800.000,675.000,-1,-1,2,0,2,0,2,0,0,0,0,2,0,0,2,0,0,2,2
119,-2338.729,9802.946,-172.563,89.296,0.012258,-0.999034,0.042203,0.999925,0.012270,0.000006,-0.000523,0.042199,0.999109,0,0.81695,-1.00000,49.017,-2.000,-1,400.000,-1,375.000,-1,325.000,325.000,300.000,275.000,-1,625.000,675.000,-1,800.000,675.000,-1,-1,2,0,2,0,2,0,0,0,0,2,0,0,2,0,0,2,2
120,-2336.416,9851.909,-172.879,87.296,0.047138,-0.998024,0.041542,0.998888,0.047129,-0.001202,-0.000758,0.041553,0.999136,0,0.81695,-1.00000,49.017,-2.000,-1,400.000,-1,375.000,-1,325.000,325.000,300.000,275.000,-1,600.000,650.000,-1,800.000,675.000,-1,-1,2,0,2,0,2,0,0,0,0,2,0,0,2,0,0,2,2
121,-2332.396,9900.761,-172.844,85.296,0.081942,-0.995843,0.039775,0.996636,0.081937,-0.001756,-0.001511,0.039786,0.999207,0,0.81695,-1.00000,49.017,-2.000,-1,400.000,-1,375.000,-1,325.000,325.000,300.000,275.000,-1,600.000,675.000,-1,800.000,675.000,-1,-1,2,0,2,0,2,0,0,0,0,2,0,0,2,0,0,2,2
122,-2326.673,9949.443,-172.846,83.296,0.116655,-0.992451,0.037853,0.993170,0.116650,-0.002343,-0.002091,0.037868,0.999281,0,0.81695,-1.00000,49.017,-2.000,-1,400.000,-1,375.000,-1,325.000,325.000,300.000,275.000,-1,600.000,700.000,-1,825.000,675.000,-1,-1,2,0,2,0,2,0,0,0,0,2,0,0,2,0,0,2,2
123,-2319.255,9997.895,-172.883,81.296,0.151234,-0.987849,0.035806,0.988495,0.151226,-0.002944,-0.002507,0.035840,0.999354,0,0.81695,-1.00000,49.017,-2.000,-1,400.000,-1,375.000,-1,325.000,325.000,300.000,275.000,-1,600.000,700.000,-1,825.000,675.000,-1,-1,2,0,2,0,2,0,0,0,0,2,0,0,2,0,0,2,2
124,-2310.150,10046.059,-172.947,79.296,0.185637,-0.982042,0.033649,0.982615,0.185623,-0.003556,-0.002754,0.033724,0.999427,0,0.81695,-1.00000,49.017,-2.000,-1,400.000,-1,375.000,-1,325.000,325.000,300.000,275.000,-1,600.000,700.000,-1,825.000,675.000,-1,-1,2,0,2,0,2,0,0,0,0,2,0,0,2,0,0,2,2
125,-2299.370,10093.876,-173.030,77.296,0.219820,-0.975035,0.031395,0.975536,0.219799,-0.004176,-0.002829,0.031544,0.999498,0,0.81695,-1.00000,49.017,-2.000,-1,400.000,-1,375.000,-1,325.000,300.000,300.000,300.000,-1,575.000,675.000,-1,825.000,675.000,-1,-1,2,0,2,0,2,0,0,0,0,2,0,0,2,0,0,2,2
126,-2286.927,10141.288,-173.127,75.296,0.253741,-0.966836,0.029054,0.967268,0.253710,-0.004801,-0.002730,0.029321,0.999566,0,0.81695,-1.00000,49.017,-2.000,-1,400.000,-1,375.000,-1,325.000,300.000,300.000,300.000,-1,550.000,675.000,-1,825.000,675.000,-1,-1,2,0,2,0,2,0,0,0,0,2,0,0,2,0,0,2,2
127,-2272.838,10188.236,-173.229,73.296,0.287357,-0.957453,0.026639,0.957820,0.287316,-0.005430,-0.002455,0.027076,0.999630,0,0.81695,-1.00000,49.017,-2.000,-1,400.000,-1,375.000,-1,325.000,300.000,300.000,300.000,-1,550.000,675.000,-1,825.000,675.000,-1,-1,2,0,2,0,2,0,0,0,0,2,0,0,2,0,0,2,2
128,-2257.119,10234.664,-173.331,71.296,0.320625,-0.946898,0.024160,0.947204,0.320574,-0.006062,-0.002005,0.024828,0.999690,0,0.81695,-1.00000,49.017,-2.000,-1,400.000,-1,375.000,-1,325.000,300.000,300.000,300.000,-1,525.000,650.000,-1,800.000,675.000,-1,-1,2,0,2,0,2,0,0,0,0,2,0,0,2,0,0,2,2
129,-2238.303,10285.084,-173.422,69.536,0.349588,-0.936660,0.021360,0.936903,0.349525,-0.006738,-0.001155,0.022368,0.999749,0,0.89695,-0.88000,53.817,-1.760,-1,400.000,-1,375.000,-1,325.000,300.000,300.000,300.000,-1,500.000,650.000,-1,800.000,675.000,-1,-1,2,0,2,0,2,0,0,0,0,2,0,0,2,0,0,2,2
130,-2217.278,10337.166,-173.481,68.016,0.374342,-0.927108,0.018398,0.927291,0.374268,-0.007448,0.000020,0.019848,0.999803,0,0.93609,-0.76000,56.165,-1.520,-1,400.000,-1,375.000,-1,325.000,300.000,300.000,300.000,-1,475.000,650.000,-1,800.000,675.000,-1,-1,2,0,2,0,2,0,0,0,0,2,0,0,2,0,0,2,2
131,-2195.094,10388.764,-173.486,66.736,0.394985,-0.918558,0.015469,0.918687,0.394903,-0.008171,0.001397,0.017438,0.999847,0,0.93609,-0.64000,56.165,-1.280,-1,400.000,-1,375.000,-1,325.000,300.000,300.000,300.000,-1,475.000,650.000,-1,800.000,700.000,-1,-1,2,0,2,0,2,0,0,0,0,2,0,0,2,0,0,2,2
132,-2171.978,10439.952,-173.469,65.696,0.411608,-0.911275,0.012516,0.911357,0.411526,-0.008678,0.002757,0.014979,0.999884,0,0.93609,-0.52000,56.165,-1.040,-1,400.000,-1,375.000,-1,325.000,300.000,300.000,300.000,-1,450.000,625.000,-1,800.000,700.000,-1,-1,2,0,2,0,2,0,0,0,0,2,0,0,2,0,0,2,2
133,-2148.149,10490.812,-173.424,64.896,0.424300,-0.905471,0.009559,0.905513,0.424224,-0.009000,0.004094,0.012475,0.999914,0,0.93609,-0.40000,56.165,-0.800,-1,400.000,-1,375.000,-1,325.000,325.000,300.000,300.000,-1,450.000,625.000,-1,800.000,700.000,-1,-1,2,0,2,0,2,0,0,0,0,2,0,0,2,0,0,2,2
134,-2123.824,10541.436,-173.328,64.336,0.433130,-0.901307,0.006661,0.901315,0.433065,-0.009242,0.005445,0.010006,0.999935,0,0.93609,-0.28000,56.165,-0.560,-1,400.000,-1,375.000,-1,325.000,325.000,300.000,300.000,-1,450.000,625.000,-1,825.000,725.000,-1,-1,2,0,2,0,2,0,0,0,0,2,0,0,2,0,0,2,2
135,-2099.217,10591.924,-173.105,64.016,0.438148,-0.898895,0.003690,0.898879,0.438103,-0.009120,0.006581,0.007313,0.999952,0,0.93609,-0.16000,56.165,-0.320,-1,400.000,-1,375.000,-1,325.000,325.000,300.000,300.000,-1,475.000,650.000,-1,825.000,725.000,-1,-1,2,0,2,0,2,0,0,0,0,2,0,0,2,0,0,2,2
136,-2074.417,10642.318,-172.788,63.797,0.441564,-0.897229,0.000792,0.897198,0.441541,-0.008739,0.007492,0.004569,0.999961,0,0.93609,-0.10946,56.165,-0.219,-1,400.000,-1,375.000,-1,325.000,325.000,300.000,300.000,-1,500.000,675.000,-1,825.000,725.000,-1,-1,2,0,2,0,2,0,0,0,0,2,0,0,2,0,0,2,2
137,-2049.311,10692.860,-172.646,63.584,0.444884,-0.895588,-0.000879,0.895556,0.444876,-0.008083,0.007630,0.002809,0.999967,0,0.94057,-0.10648,56.434,-0.213,-1,400.000,-1,375.000,-1,325.000,325.000,300.000,300.000,-1,525.000,725.000,-1,825.000,725.000,-1,-1,2,0,2,0,2,0,0,0,0,2,0,0,2,0,0,2,2
