timestep,x_cm,y_cm,z_cm,yaw_deg,basis_xx,basis_xy,basis_xz,basis_yx,basis_yy,basis_yz,basis_zx,basis_zy,basis_zz,teleport_flag,throttle_cmd,steering_cmd,cmd_move_cm,cmd_turn_deg,lidar_cm_0,lidar_cm_1,lidar_cm_2,lidar_cm_3,lidar_cm_4,lidar_cm_5,lidar_cm_6,lidar_cm_7,lidar_cm_8,lidar_cm_9,lidar_cm_10,lidar_cm_11,lidar_cm_12,lidar_cm_13,lidar_cm_14,lidar_cm_15,lidar_cm_16,lidar_class_0,lidar_class_1,lidar_class_2,lidar_class_3,lidar_class_4,lidar_class_5,lidar_class_6,lidar_class_7,lidar_class_8,lidar_class_9,lidar_class_10,lidar_class_11,lidar_class_12,lidar_class_13,lidar_class_14,lidar_class_15,lidar_class_16
0,7542.622,-4258.796,-32.957,97.067,-0.122096,-0.991986,0.032510,0.992046,-0.122984,-0.026844,0.030627,0.028974,0.999111,1,0.08000,0.12000,4.800,0.240,-1,375.000,-1,400.000,-1,325.000,325.000,300.000,300.000,-1,375.000,375.000,900.000,675.000,750.000,-1,-1,2,0,2,0,2,0,0,0,0,2,1,1,1,0,0,2,2
1,7541.361,-4249.279,-32.663,97.547,-0.130384,-0.990917,0.032929,0.990977,-0.131289,-0.026988,0.031066,0.029113,0.999093,0,0.16000,0.24000,9.600,0.480,-1,375.000,-1,400.000,-1,325.000,325.000,300.000,300.000,-1,375.000,400.000,925.000,675.000,750.000,-1,-1,2,0,2,0,2,0,0,0,0,2,1,1,1,0,0,2,2
2,7539.290,-4235.028,-32.217,98.267,-0.142798,-0.989183,0.033566,0.989243,-0.143730,-0.027205,0.031735,0.029320,0.999066,0,0.24000,0.36000,14.400,0.720,-1,375.000,-1,400.000,-1,325.000,325.000,300.000,300.000,-1,400.000,400.000,975.000,675.000,750.000,-1,-1,2,0,2,0,2,0,0,0,0,2,1,1,1,0,0,2,2
3,7536.212,-4216.077,-31.612,99.227,-0.159312,-0.986628,0.034430,0.986688,-0.160281,-0.027495,0.032646,0.029592,0.999029,0,0.32000,0.48000,19.200,0.960,-1,375.000,-1,400.000,-1,325.000,325.000,300.000,300.000,-1,425.000,425.000,-1,675.000,750.000,-1,-1,2,0,2,0,2,0,0,0,0,2,1,1,2,0,0,2,2
4,7531.868,-4192.473,-30.839,100.427,-0.179889,-0.983045,0.035534,0.983106,-0.180907,-0.027857,0.033813,0.029923,0.998980,0,0.40000,0.60000,24.000,1.200,-1,375.000,-1,400.000,-1,325.000,325.000,300.000,300.000,-1,425.000,450.000,-1,675.000,750.000,-1,-1,2,0,2,0,2,0,0,0,0,2,1,1,2,0,0,2,2
5,7525.945,-4164.289,-29.887,101.867,-0.204472,-0.978177,0.036891,0.978237,-0.205551,-0.028286,0.035251,0.030305,0.998919,0,0.48000,0.72000,28.800,1.440,-1,375.000,-1,400.000,-1,325.000,325.000,300.000,300.000,-1,475.000,475.000,-1,700.000,750.000,-1,-1,2,0,2,0,2,0,0,0,0,2,1,1,2,0,0,2,2
6,7518.074,-4131.624,-28.741,103.547,-0.232983,-0.971718,0.038516,0.971778,-0.234137,-0.028772,0.036977,0.030726,0.998844,0,0.56000,0.84000,33.600,1.680,-1,375.000,-1,400.000,-1,300.000,325.000,300.000,300.000,-1,500.000,500.000,-1,700.000,750.000,-1,-1,2,0,2,0,2,0,0,0,0,2,1,0,2,0,0,2,2
7,7509.028,-4098.935,-27.541,105.467,-0.265325,-0.963320,0.040217,0.963375,-0.266560,-0.029231,0.038879,0.030988,0.998763,0,0.56529,0.96000,33.917,1.920,-1,375.000,-1,400.000,-1,300.000,325.000,300.000,300.000,-1,525.000,475.000,-1,700.000,750.000,-1,-1,2,0,2,0,2,0,0,0,0,2,1,0,2,0,0,2,2
8,7498.799,-4066.430,-26.291,107.467,-0.298695,-0.953425,0.041971,0.953473,-0.300016,-0.029653,0.040864,0.031161,0.998679,0,0.56794,1.00000,34.077,2.000,-1,375.000,-1,400.000,-1,300.000,325.000,300.000,300.000,-1,575.000,450.000,-1,700.000,750.000,-1,-1,2,0,2,0,2,0,0,0,0,2,1,0,2,0,0,2,2
9,7487.389,-4034.152,-24.960,109.467,-0.331705,-0.942373,0.043639,0.942412,-0.333107,-0.029991,0.042799,0.031177,0.998597,0,0.57061,1.00000,34.236,2.000,-1,375.000,-1,400.000,-1,300.000,325.000,300.000,300.000,-1,575.000,425.000,-1,700.000,750.000,-1,-1,2,0,2,0,2,0,0,0,0,2,0,0,2,0,0,2,2
10,7474.801,-4002.142,-23.469,111.467,-0.364335,-0.930186,0.044867,0.930206,-0.365797,-0.030145,0.044452,0.030752,0.998538,0,0.57325,1.00000,34.395,2.000,-1,375.000,-1,400.000,-1,300.000,325.000,300.000,300.000,-1,550.000,425.000,-1,700.000,750.000,-1,-1,2,0,2,0,2,0,0,0,0,2,0,0,2,0,0,2,2
11,7461.042,-3970.447,-21.842,113.467,-0.396522,-0.916875,0.045935,0.916854,-0.398047,-0.030632,0.046370,0.029969,0.998475,0,0.57588,1.00000,34.553,2.000,-1,375.000,-1,375.000,-1,300.000,325.000,300.000,300.000,-1,525.000,425.000,-1,725.000,725.000,-1,-1,2,0,2,0,2,0,0,0,0,2,0,0,2,0,0,2,2
12,7446.117,-3939.111,-20.086,115.467,-0.428224,-0.902455,0.046896,0.902369,-0.429817,-0.031426,0.048518,0.028860,0.998405,0,0.57848,1.00000,34.709,2.000,-1,375.000,-1,375.000,-1,300.000,325.000,325.000,300.000,-1,500.000,425.000,-1,725.000,725.000,-1,-1,2,0,2,0,2,0,0,0,0,2,0,0,2,0,0,2,2
13,7430.037,-3908.178,-18.214,117.467,-0.459405,-0.886939,0.047807,0.886770,-0.461068,-0.032478,0.050848,0.027473,0.998328,0,0.58105,1.00000,34.863,2.000,-1,375.000,-1,400.000,-1,300.000,325.000,325.000,300.000,-1,500.000,400.000,-1,750.000,750.000,-1,-1,2,0,2,0,2,0,0,0,0,2,0,0,2,0,0,2,2
14,7412.813,-3877.693,-16.297,119.467,-0.490025,-0.870341,0.048818,0.870087,-0.491760,-0.033471,0.053138,0.026074,0.998247,0,0.58358,1.00000,35.015,2.000,-1,375.000,-1,400.000,-1,300.000,325.000,325.000,300.000,-1,475.000,400.000,-1,750.000,750.000,-1,-1,2,0,2,0,2,0,0,0,0,2,0,0,2,0,0,2,2
15,7394.458,-3847.700,-14.333,121.467,-0.520045,-0.852679,0.049926,0.852342,-0.521853,-0.034384,0.055373,0.024673,0.998161,0,0.58606,1.00000,35.163,2.000,-1,375.000,-1,400.000,-1,325.000,325.000,325.000,300.000,-1,475.000,400.000,-1,775.000,750.000,-1,-1,2,0,2,0,2,0,0,0,0,2,0,0,2,0,0,2,2
16,7374.986,-3818.245,-12.299,123.467,-0.549429,-0.833973,0.051157,0.833562,-0.551311,-0.035088,0.057466,0.023364,0.998074,0,0.58848,1.00000,35.309,2.000,-1,375.000,-1,400.000,-1,325.000,325.000,325.000,300.000,-1,475.000,425.000,-1,800.000,750.000,-1,-1,2,0,2,0,2,0,0,0,0,2,0,0,2,0,0,2,2
17,7354.416,-3789.372,-10.222,125.467,-0.578142,-0.814249,0.052448,0.813764,-0.580097,-0.035700,0.059493,0.022040,0.997985,0,0.59086,1.00000,35.452,2.000,-1,400.000,-1,400.000,-1,325.000,325.000,325.000,300.000,-1,450.000,425.000,-1,800.000,750.000,-1,-1,2,0,2,0,2,0,0,0,0,2,0,0,2,0,0,2,2
18,7332.767,-3761.123,-8.103,127.467,-0.606149,-0.793531,0.053786,0.792974,-0.608178,-0.036213,0.061448,0.020701,0.997896,0,0.59317,1.00000,35.590,2.000,-1,400.000,-1,400.000,-1,325.000,325.000,325.000,300.000,-1,450.000,425.000,-1,825.000,775.000,-1,-1,2,0,2,0,2,0,0,0,0,2,0,0,2,0,0,2,2
19,7313.295,-3737.272,-6.245,129.227,-0.630186,-0.774496,0.054967,0.773878,-0.632278,-0.036568,0.063077,0.019493,0.997818,0,0.51317,0.88000,30.790,1.760,-1,400.000,-1,400.000,-1,325.000,325.000,325.000,300.000,-1,450.000,425.000,-1,850.000,775.000,-1,-1,2,0,2,0,2,0,0,0,0,2,0,0,2,0,0,2,2
20,7296.331,-3717.581,-4.728,130.747,-0.650496,-0.757471,0.055610,0.756793,-0.652617,-0.036816,0.064179,0.018137,0.997774,0,0.43317,0.76000,25.990,1.520,-1,400.000,-1,400.000,-1,325.000,325.000,325.000,300.000,-1,475.000,425.000,-1,850.000,775.000,-1,-1,2,0,2,0,2,0,0,0,0,2,0,0,2,0,0,2,2
21,7282.144,-3701.840,-3.567,132.027,-0.667279,-0.742723,0.055686,0.741987,-0.669392,-0.037013,0.064766,0.016620,0.997762,0,0.35317,0.64000,21.190,1.280,-1,400.000,-1,400.000,-1,325.000,325.000,325.000,300.000,-1,475.000,450.000,-1,850.000,800.000,-1,-1,2,0,2,0,2,0,0,0,0,2,0,0,2,0,0,2,2
22,7270.952,-3689.866,-2.664,133.067,-0.680671,-0.730466,0.055735,0.729682,-0.682776,-0.037159,0.065198,0.015375,0.997754,0,0.27317,0.52000,16.390,1.040,-1,400.000,-1,400.000,-1,325.000,325.000,325.000,300.000,-1,475.000,450.000,-1,850.000,800.000,-1,-1,2,0,2,0,2,0,0,0,0,2,0,0,2,0,0,2,2
23,7262.920,-3681.510,-2.024,133.867,-0.690822,-0.720872,0.055761,0.720053,-0.692919,-0.037258,0.065497,0.014412,0.997749,0,0.19317,0.40000,11.590,0.800,-1,400.000,-1,400.000,-1,325.000,325.000,325.000,300.000,-1,475.000,450.000,-1,850.000,800.000,-1,-1,2,0,2,0,2,0,0,0,0,2,0,0,2,0,0,2,2
24,7258.167,-3676.660,-1.649,134.427,-0.697848,-0.714072,0.055769,0.713228,-0.699938,-0.037314,0.065680,0.013737,0.997746,0,0.11317,0.28000,6.790,0.560,-1,400.000,-1,400.000,-1,325.000,325.000,325.000,300.000,-1,475.000,450.000,-1,875.000,800.000,-1,-1,2,0,2,0,2,0,0,0,0,2,0,0,2,0,0,2,2
25,7256.766,-3675.247,-1.543,134.747,-0.701834,-0.710155,0.055760,0.709299,-0.703919,-0.037327,0.065758,0.013353,0.997746,0,0.03317,0.16000,1.990,0.320,-1,400.000,-1,400.000,-1,325.000,325.000,325.000,300.000,-1,475.000,450.000,-1,875.000,800.000,-1,-1,2,0,2,0,2,0,0,0,0,2,0,0,2,0,0,2,2
26,7258.754,-3677.232,-1.709,135.035,-0.705396,-0.706620,0.055719,0.705755,-0.707474,-0.037293,0.065771,0.013018,0.997750,0,-0.04683,0.14364,-2.810,0.287,-1,400.000,-1,400.000,-1,325.000,325.000,325.000,300.000,-1,475.000,450.000,-1,875.000,800.000,-1,-1,2,0,2,0,2,0,0,0,0,2,0,0,2,0,0,2,2
27,7264.165,-3682.583,-2.148,135.322,-0.708948,-0.703062,0.055647,0.702191,-0.711016,-0.037207,0.065725,0.012697,0.997757,0,-0.12683,0.14385,-7.610,0.288,-1,400.000,-1,400.000,-1,325.000,325.000,325.000,300.000,-1,475.000,450.000,-1,875.000,800.000,-1,-1,2,0,2,0,2,0,0,0,0,2,0,0,2,0,0,2,2
28,7273.033,-3691.263,-2.857,135.611,-0.712499,-0.699472,0.055545,0.698599,-0.714553,-0.037064,0.065615,0.012396,0.997768,0,-0.20683,0.14439,-12.410,0.289,-1,400.000,-1,400.000,-1,325.000,325.000,325.000,300.000,-1,475.000,425.000,-1,850.000,800.000,-1,-1,2,0,2,0,2,0,0,0,0,2,0,0,2,0,0,2,2
29,7285.392,-3703.239,-3.835,135.902,-0.716054,-0.695842,0.055414,0.694971,-0.718093,-0.036853,0.065436,0.012122,0.997783,0,-0.28683,0.14526,-17.210,0.291,-1,400.000,-1,400.000,-1,325.000,325.000,325.000,300.000,-1,450.000,425.000,-1,850.000,800.000,-1,-1,2,0,2,0,2,0,0,0,0,2,0,0,2,0,0,2,2
30,7301.277,-3718.475,-5.076,136.195,-0.719623,-0.692163,0.055255,0.691299,-0.721643,-0.036563,0.065181,0.011886,0.997803,0,-0.36683,0.14647,-22.010,0.293,-1,400.000,-1,400.000,-1,325.000,325.000,325.000,300.000,-1,450.000,425.000,-1,850.000,800.000,-1,-1,2,0,2,0,2,0,0,0,0,2,0,0,2,0,0,2,2
31,7320.054,-3736.299,-6.623,136.491,-0.723247,-0.688431,0.054560,0.687568,-0.725214,-0.036261,0.064531,0.011288,0.997852,0,-0.43150,0.14800,-25.890,0.296,-1,400.000,-1,400.000,-1,325.000,325.000,325.000,300.000,-1,425.000,425.000,-1,850.000,775.000,-1,-1,2,0,2,0,2,0,0,0,0,2,0,0,2,0,0,2,2
32,7338.963,-3754.062,-8.227,136.790,-0.726917,-0.684636,0.053532,0.683770,-0.728810,-0.035978,0.063646,0.010451,0.997918,0,-0.43240,0.14978,-25.944,0.300,-1,400.000,-1,400.000,-1,325.000,325.000,325.000,300.000,-1,425.000,425.000,-1,850.000,775.000,-1,-1,2,0,2,0,2,0,0,0,0,2,0,0,2,0,0,2,2
33,7358.005,-3771.760,-9.821,137.093,-0.730606,-0.680776,0.052515,0.679910,-0.732428,-0.035665,0.062744,0.009648,0.997983,0,-0.43326,0.15154,-25.996,0.303,-1,400.000,-1,400.000,-1,325.000,325.000,325.000,300.000,1000.000,425.000,425.000,-1,825.000,775.000,-1,-1,2,0,2,0,2,0,0,0,0,1,0,0,2,0,0,2,2
34,7377.176,-3789.389,-11.404,137.400,-0.734314,-0.676852,0.051509,0.675988,-0.736065,-0.035324,0.061823,0.008880,0.998048,0,-0.43408,0.15329,-26.045,0.307,-1,400.000,-1,375.000,-1,300.000,325.000,325.000,300.000,975.000,425.000,425.000,-1,825.000,750.000,-1,-1,2,0,2,0,2,0,0,0,0,1,0,0,2,0,0,2,2
35,7396.477,-3806.945,-12.977,137.710,-0.738040,-0.672864,0.050514,0.672005,-0.739721,-0.034954,0.060885,0.008148,0.998112,0,-0.43484,0.15501,-26.090,0.310,-1,400.000,-1,375.000,-1,300.000,325.000,325.000,300.000,950.000,400.000,425.000,-1,800.000,750.000,-1,-1,2,0,2,0,2,0,0,0,0,1,0,0,2,0,0,2,2
36,7415.904,-3824.424,-14.539,138.023,-0.741781,-0.668811,0.049529,0.667959,-0.743395,-0.034555,0.059930,0.007451,0.998175,0,-0.43555,0.15672,-26.133,0.313,-1,375.000,-1,375.000,-1,300.000,325.000,325.000,300.000,925.000,400.000,425.000,-1,800.000,750.000,-1,-1,2,0,2,0,2,0,0,0,0,1,0,0,2,0,0,2,2
37,7435.458,-3841.820,-16.089,138.340,-0.745537,-0.664693,0.048555,0.663851,-0.747086,-0.034126,0.058958,0.006791,0.998237,0,-0.43620,0.15840,-26.172,0.317,-1,375.000,-1,375.000,-1,300.000,300.000,325.000,300.000,900.000,400.000,400.000,-1,800.000,725.000,-1,-1,2,0,2,0,2,0,0,0,0,1,0,0,2,0,0,2,2
38,7455.135,-3859.131,-17.611,138.660,-0.749306,-0.660511,0.047595,0.659686,-0.750790,-0.033581,0.057915,0.006235,0.998302,0,-0.43680,0.16006,-26.208,0.320,-1,375.000,-1,375.000,-1,300.000,300.000,325.000,300.000,900.000,375.000,400.000,-1,775.000,725.000,-1,-1,2,0,2,0,2,0,0,0,0,1,0,0,2,0,0,2,2
39,7474.934,-3876.352,-19.107,138.984,-0.753087,-0.656265,0.046647,0.655463,-0.754509,-0.032931,0.056807,0.005775,0.998368,0,-0.43734,0.16170,-26.240,0.323,-1,375.000,-1,375.000,-1,300.000,300.000,325.000,300.000,875.000,375.000,400.000,-1,775.000,725.000,-1,-1,2,0,2,0,2,0,0,0,0,1,0,0,2,0,0,2,2
40,7494.853,-3893.479,-20.525,139.310,-0.756879,-0.651954,0.045720,0.651196,-0.758238,-0.031912,0.055472,0.005619,0.998444,0,-0.43782,0.16331,-26.269,0.327,-1,375.000,-1,375.000,-1,300.000,300.000,325.000,300.000,850.000,375.000,400.000,-1,750.000,725.000,-1,-1,2,0,2,0,2,0,0,0,0,1,0,0,2,0,0,2,2
41,7514.889,-3910.507,-21.915,139.640,-0.760680,-0.647579,0.044799,0.646871,-0.761978,-0.030785,0.054071,0.005562,0.998522,0,-0.43823,0.16489,-26.294,0.330,-1,375.000,-1,375.000,-1,300.000,300.000,325.000,300.000,850.000,375.000,400.000,-1,750.000,700.000,-1,-1,2,0,2,0,2,0,0,0,0,1,0,0,2,0,0,2,2
42,7535.039,-3927.431,-23.292,139.973,-0.764490,-0.643141,0.043880,0.642482,-0.765728,-0.029621,0.052651,0.005547,0.998598,0,-0.43858,0.16644,-26.315,0.333,-1,375.000,-1,375.000,-1,300.000,300.000,325.000,300.000,825.000,375.000,425.000,-1,750.000,700.000,-1,-1,2,0,2,0,2,0,0,0,0,1,0,0,2,0,0,2,2
43,7555.301,-3944.247,-24.655,140.309,-0.768305,-0.638640,0.042963,0.638032,-0.769485,-0.028422,0.051211,0.005575,0.998672,0,-0.43885,0.16797,-26.331,0.336,-1,375.000,-1,375.000,-1,300.000,300.000,325.000,300.000,800.000,400.000,425.000,-1,725.000,700.000,-1,-1,2,0,2,0,2,0,0,0,0,1,0,0,2,0,0,2,2
44,7575.672,-3960.952,-26.003,140.648,-0.772126,-0.634077,0.042047,0.633519,-0.773249,-0.027187,0.049752,0.005646,0.998746,0,-0.43906,0.16946,-26.344,0.339,-1,375.000,-1,375.000,-1,300.000,300.000,325.000,300.000,800.000,400.000,425.000,-1,725.000,700.000,-1,-1,2,0,2,0,2,0,0,0,0,1,0,0,2,0,0,2,2
45,7596.148,-3977.540,-27.337,140.990,-0.775950,-0.629452,0.041133,0.628945,-0.777018,-0.025917,0.048274,0.005759,0.998818,0,-0.43920,0.17092,-26.352,0.342,-1,375.000,-1,375.000,-1,300.000,300.000,325.000,300.000,775.000,400.000,425.000,-1,700.000,675.000,-1,-1,2,0,2,0,2,0,0,0,0,1,0,0,2,0,0,2,2
46,7616.727,-3994.006,-28.657,141.334,-0.779776,-0.624766,0.040218,0.624309,-0.780790,-0.024613,0.046779,0.005916,0.998888,0,-0.43926,0.17235,-26.356,0.345,-1,375.000,-1,375.000,-1,300.000,300.000,325.000,300.000,775.000,400.000,425.000,-1,700.000,675.000,-1,-1,2,0,2,0,2,0,0,0,0,1,0,0,2,0,0,2,2
47,7637.405,-4010.347,-29.941,141.682,-0.783602,-0.620019,0.039303,0.619607,-0.784564,-0.023372,0.045327,0.006038,0.998954,0,-0.43925,0.17374,-26.355,0.347,-1,375.000,-1,375.000,-1,300.000,300.000,325.000,300.000,750.000,400.000,400.000,-1,700.000,675.000,-1,-1,2,0,2,0,2,0,0,0,0,1,0,0,2,0,0,2,2
48,7658.178,-4026.559,-31.136,142.032,-0.787426,-0.615212,0.038392,0.614831,-0.788339,-0.022447,0.044076,0.005929,0.999011,0,-0.43917,0.17509,-26.350,0.350,-1,375.000,-1,375.000,-1,300.000,300.000,325.000,300.000,725.000,400.000,400.000,-1,700.000,675.000,-1,-1,2,0,2,0,2,0,0,0,0,1,0,0,2,0,0,2,2
49,7679.043,-4042.635,-32.264,142.385,-0.791246,-0.610347,0.037490,0.609986,-0.792114,-0.021742,0.042966,0.005665,0.999060,0,-0.43900,0.17640,-26.340,0.353,-1,375.000,-1,375.000,-1,300.000,300.000,325.000,300.000,725.000,400.000,375.000,-1,700.000,675.000,-1,-1,2,0,2,0,2,0,0,0,0,1,0,0,2,0,0,2,2
50,7699.995,-4058.574,-33.371,142.740,-0.795062,-0.605424,0.036595,0.605083,-0.795885,-0.021028,0.041856,0.005425,0.999109,0,-0.43876,0.17768,-26.325,0.355,-1,375.000,-1,375.000,-1,300.000,300.000,325.000,300.000,700.000,400.000,350.000,-1,675.000,675.000,-1,-1,2,0,2,0,2,0,0,0,0,1,0,0,2,0,0,2,2
51,7717.154,-4071.572,-34.260,142.855,-0.796312,-0.603820,0.035886,0.603498,-0.797102,-0.020452,0.040954,0.005371,0.999147,0,-0.35876,0.05768,-21.525,0.115,-1,375.000,-1,375.000,-1,300.000,300.000,325.000,300.000,675.000,375.000,350.000,-1,675.000,675.000,-1,-1,2,0,2,0,2,0,0,0,0,1,0,0,2,0,0,2,2
52,7730.480,-4081.679,-34.941,142.821,-0.795969,-0.604304,0.035351,0.603997,-0.796735,-0.020009,0.040257,0.005425,0.999175,0,-0.27876,-0.01740,-16.725,-0.035,-1,375.000,-1,375.000,-1,300.000,300.000,325.000,300.000,675.000,375.000,325.000,-1,675.000,675.000,-1,-1,2,0,2,0,2,0,0,0,0,1,0,0,2,0,0,2,2
53,7739.977,-4088.891,-35.421,142.787,-0.795634,-0.604767,0.034973,0.604471,-0.796384,-0.019691,0.039760,0.005473,0.999194,0,-0.19876,-0.01665,-11.925,-0.033,-1,375.000,-1,375.000,-1,300.000,300.000,325.000,300.000,675.000,375.000,325.000,-1,675.000,675.000,-1,-1,2,0,2,0,2,0,0,0,0,1,0,0,2,0,0,2,2
54,7745.649,-4093.204,-35.706,142.755,-0.795304,-0.605215,0.034748,0.604926,-0.796043,-0.019500,0.039463,0.005511,0.999206,0,-0.11876,-0.01612,-7.125,-0.032,-1,375.000,-1,375.000,-1,300.000,300.000,325.000,300.000,675.000,375.000,325.000,-1,675.000,675.000,-1,-1,2,0,2,0,2,0,0,0,0,1,0,0,2,0,0,2,2
55,7747.500,-4094.612,-35.798,142.723,-0.794972,-0.605654,0.034678,0.605367,-0.795709,-0.019440,0.039367,0.005539,0.999209,0,-0.03876,-0.01581,-2.325,-0.032,-1,375.000,-1,375.000,-1,300.000,300.000,325.000,300.000,675.000,350.000,325.000,-1,675.000,675.000,-1,-1,2,0,2,0,2,0,0,0,0,1,0,0,2,0,0,2,2
56,7745.532,-4093.112,-35.699,142.692,-0.794636,-0.606090,0.034760,0.605801,-0.795377,-0.019509,0.039472,0.005555,0.999205,0,0.04124,-0.01570,2.475,-0.031,-1,375.000,-1,375.000,-1,300.000,300.000,325.000,300.000,675.000,375.000,325.000,-1,675.000,675.000,-1,-1,2,0,2,0,2,0,0,0,0,1,0,0,2,0,0,2,2
57,7739.748,-4088.700,-35.408,142.660,-0.794291,-0.606529,0.034996,0.606234,-0.795042,-0.019709,0.039777,0.005561,0.999193,0,0.12124,-0.01581,7.275,-0.032,-1,375.000,-1,375.000,-1,300.000,300.000,325.000,300.000,675.000,375.000,325.000,-1,675.000,675.000,-1,-1,2,0,2,0,2,0,0,0,0,1,0,0,2,0,0,2,2
58,7730.152,-4081.371,-34.921,142.628,-0.793932,-0.606976,0.035387,0.606671,-0.794701,-0.020037,0.040284,0.005560,0.999173,0,0.20124,-0.01613,12.075,-0.032,-1,375.000,-1,375.000,-1,300.000,300.000,325.000,300.000,675.000,375.000,325.000,-1,675.000,675.000,-1,-1,2,0,2,0,2,0,0,0,0,1,0,0,2,0,0,2,2
59,7716.748,-4071.121,-34.234,142.595,-0.793554,-0.607439,0.035934,0.607118,-0.794347,-0.020490,0.040990,0.005556,0.999144,0,0.28124,-0.01667,16.875,-0.033,-1,375.000,-1,375.000,-1,300.000,300.000,325.000,300.000,675.000,375.000,350.000,-1,675.000,675.000,-1,-1,2,0,2,0,2,0,0,0,0,1,0,0,2,0,0,2,2
60,7699.538,-4057.944,-33.339,142.560,-0.793151,-0.607922,0.036640,0.607582,-0.793977,-0.021063,0.041896,0.005556,0.999107,0,0.36124,-0.01743,21.675,-0.035,-1,375.000,-1,375.000,-1,300.000,300.000,325.000,300.000,700.000,400.000,350.000,-1,675.000,675.000,-1,-1,2,0,2,0,2,0,0,0,0,1,0,0,2,0,0,2,2
61,7678.528,-4041.836,-32.228,142.523,-0.792719,-0.608432,0.037508,0.608069,-0.793586,-0.021750,0.043000,0.005566,0.999060,0,0.44124,-0.01843,26.475,-0.037,-1,375.000,-1,375.000,-1,300.000,300.000,325.000,300.000,725.000,400.000,375.000,-1,700.000,675.000,-1,-1,2,0,2,0,2,0,0,0,0,1,0,0,2,0,0,2,2
62,7653.721,-4022.790,-30.890,142.484,-0.792251,-0.608977,0.038543,0.608586,-0.793168,-0.022544,0.044300,0.005596,0.999003,0,0.52124,-0.01968,31.275,-0.039,-1,375.000,-1,375.000,-1,300.000,300.000,325.000,300.000,725.000,425.000,400.000,-1,700.000,675.000,-1,-1,2,0,2,0,2,0,0,0,0,1,0,0,2,0,0,2,2
63,7625.124,-4000.800,-29.169,142.441,-0.791738,-0.609565,0.039760,0.609110,-0.792719,-0.024116,0.046219,0.005125,0.998918,0,0.60124,-0.02119,36.075,-0.042,-1,375.000,-1,375.000,-1,300.000,300.000,325.000,300.000,750.000,400.000,400.000,-1,700.000,675.000,-1,-1,2,0,2,0,2,0,0,0,0,1,0,0,2,0,0,2,2
64,7592.741,-3975.857,-27.115,142.395,-0.791175,-0.610203,0.041158,0.609659,-0.792233,-0.026143,0.048560,0.004409,0.998811,0,0.68124,-0.02299,40.875,-0.046,-1,375.000,-1,375.000,-1,300.000,300.000,325.000,300.000,775.000,400.000,425.000,-1,725.000,675.000,-1,-1,2,0,2,0,2,0,0,0,0,1,0,0,2,0,0,2,2
65,7556.580,-3947.954,-24.776,142.345,-0.790555,-0.610898,0.042737,0.610253,-0.791700,-0.028307,0.051128,0.003702,0.998685,0,0.76124,-0.02508,45.675,-0.050,-1,375.000,-1,375.000,-1,300.000,300.000,325.000,300.000,800.000,400.000,425.000,-1,725.000,700.000,-1,-1,2,0,2,0,2,0,0,0,0,1,0,0,2,0,0,2,2
66,7518.607,-3918.595,-22.271,142.290,-0.789873,-0.611659,0.044416,0.610908,-0.791115,-0.030456,0.053767,0.003078,0.998549,0,0.79999,-0.02750,48.000,-0.055,-1,375.000,-1,375.000,-1,300.000,300.000,325.000,300.000,825.000,400.000,425.000,-1,750.000,700.000,-1,-1,2,0,2,0,2,0,0,0,0,1,0,0,2,0,0,2,2
67,7480.638,-3889.175,-19.715,142.230,-0.789131,-0.612492,0.046117,0.611635,-0.790473,-0.032477,0.056346,0.002578,0.998408,0,0.80054,-0.03012,48.032,-0.060,-1,375.000,-1,375.000,-1,300.000,300.000,325.000,300.000,850.000,375.000,425.000,-1,775.000,725.000,-1,-1,2,0,2,0,2,0,0,0,0,1,0,0,2,0,0,2,2
68,7442.670,-3859.686,-17.060,142.164,-0.788325,-0.613397,0.047836,0.612452,-0.789771,-0.034124,0.058712,0.002396,0.998272,0,0.80124,-0.03282,48.074,-0.066,-1,375.000,-1,375.000,-1,300.000,300.000,325.000,300.000,900.000,375.000,425.000,-1,800.000,725.000,-1,-1,2,0,2,0,2,0,0,0,0,1,0,0,2,0,0,2,2
69,7403.626,-3829.026,-14.129,141.859,-0.784925,-0.617600,0.049631,0.616617,-0.786486,-0.034974,0.060634,0.003151,0.998155,0,0.82739,-0.15282,49.643,-0.306,-1,400.000,-1,375.000,-1,300.000,300.000,325.000,300.000,925.000,400.000,425.000,-1,800.000,750.000,-1,-1,2,0,2,0,2,0,0,0,0,1,0,0,2,0,0,2,2
70,7364.832,-3797.961,-11.133,141.313,-0.778879,-0.625059,0.051463,0.624057,-0.780565,-0.035650,0.062454,0.004349,0.998038,0,0.82833,-0.27282,49.700,-0.546,-1,400.000,-1,375.000,-1,325.000,325.000,325.000,300.000,950.000,400.000,425.000,-1,825.000,775.000,-1,-1,2,0,2,0,2,0,0,0,0,1,0,0,2,0,0,2,2
71,7326.418,-3766.326,-8.080,140.527,-0.770092,-0.635698,0.053347,0.634693,-0.771915,-0.036217,0.064202,0.005968,0.997919,0,0.82937,-0.39282,49.762,-0.786,-1,400.000,-1,400.000,-1,325.000,325.000,325.000,300.000,1000.000,425.000,425.000,-1,850.000,775.000,-1,-1,2,0,2,0,2,0,0,0,0,1,0,0,2,0,0,2,2
72,7288.400,-3734.110,-5.160,139.723,-0.761001,-0.646473,0.054321,0.645458,-0.762905,-0.036879,0.065283,0.006997,0.997842,0,0.83054,-0.40239,49.832,-0.805,-1,400.000,-1,400.000,-1,325.000,325.000,325.000,300.000,-1,450.000,425.000,-1,875.000,800.000,-1,-1,2,0,2,0,2,0,0,0,0,2,0,0,2,0,0,2,2
73,7250.779,-3701.305,-2.335,138.911,-0.751731,-0.657208,0.054574,0.656178,-0.753671,-0.037560,0.065816,0.007575,0.997803,0,0.83192,-0.40567,49.915,-0.811,-1,400.000,-1,400.000,-1,325.000,325.000,325.000,300.000,-1,475.000,450.000,-1,875.000,800.000,-1,-1,2,0,2,0,2,0,0,0,0,2,0,0,2,0,0,2,2
74,7213.559,-3667.901,0.539,138.093,-0.742229,-0.667898,0.054848,0.666862,-0.744207,-0.038104,0.066268,0.008294,0.997767,0,0.83351,-0.40904,50.011,-0.818,-1,400.000,-1,400.000,-1,325.000,325.000,325.000,300.000,-1,500.000,475.000,-1,900.000,825.000,-1,-1,2,0,2,0,2,0,0,0,0,2,0,0,2,0,0,2,2
75,7176.745,-3633.893,3.462,137.268,-0.732491,-0.678539,0.055148,0.677507,-0.734507,-0.038509,0.066637,0.009155,0.997735,0,0.83530,-0.41251,50.118,-0.825,-1,425.000,-1,400.000,-1,325.000,325.000,325.000,300.000,-1,525.000,500.000,-1,900.000,825.000,-1,-1,2,0,2,0,2,0,0,0,0,2,0,0,2,0,0,2,2
76,7140.343,-3599.272,6.289,136.436,-0.722575,-0.689133,0.054602,0.688099,-0.724573,-0.038898,0.066369,0.009465,0.997750,0,0.83728,-0.41606,50.237,-0.832,-1,425.000,-1,400.000,-1,325.000,325.000,325.000,300.000,-1,550.000,525.000,-1,900.000,825.000,-1,-1,2,0,2,0,2,0,0,0,0,2,0,0,2,0,0,2,2
77,7104.361,-3564.031,9.331,135.597,-0.712486,-0.699676,0.053075,0.698634,-0.714402,-0.039248,0.065378,0.009117,0.997819,0,0.83943,-0.41971,50.366,-0.839,-1,425.000,-1,400.000,-1,325.000,325.000,325.000,300.000,-1,625.000,600.000,-1,900.000,825.000,-1,-1,2,0,2,0,2,0,0,0,0,2,0,0,2,0,0,2,2
78,7068.805,-3528.163,12.459,134.750,-0.702165,-0.710161,0.051337,0.709119,-0.703985,-0.039429,0.064141,0.008719,0.997903,0,0.84175,-0.42343,50.505,-0.847,-1,425.000,-1,400.000,-1,325.000,325.000,325.000,300.000,-1,700.000,675.000,-1,900.000,825.000,-1,-1,2,0,2,0,2,0,0,0,0,2,0,0,2,0,0,2,2
79,7033.685,-3491.661,15.622,133.895,-0.691591,-0.720582,0.049633,0.719553,-0.693318,-0.039406,0.062807,0.008461,0.997990,0,0.84423,-0.42724,50.654,-0.854,-1,425.000,-1,400.000,-1,325.000,325.000,325.000,300.000,-1,775.000,775.000,-1,900.000,850.000,-1,-1,2,0,2,0,2,0,0,0,0,2,0,0,2,0,0,2,2
80,6999.011,-3454.520,18.810,133.033,-0.680757,-0.730934,0.048021,0.729932,-0.682397,-0.039174,0.061403,0.008384,0.998078,0,0.84685,-0.43111,50.811,-0.862,-1,400.000,-1,400.000,-1,325.000,325.000,325.000,300.000,-1,875.000,875.000,-1,900.000,850.000,-1,-1,2,0,2,0,2,0,0,0,0,2,0,0,2,0,0,2,2
81,6964.793,-3416.734,22.024,132.163,-0.669658,-0.741212,0.046511,0.740248,-0.671217,-0.038735,0.059930,0.008490,0.998166,0,0.84962,-0.43507,50.977,-0.870,-1,400.000,-1,400.000,-1,325.000,325.000,325.000,325.000,-1,975.000,975.000,-1,900.000,850.000,-1,-1,2,0,2,0,2,0,0,0,0,2,0,0,2,0,0,2,2
82,6931.128,-3378.402,25.254,131.291,-0.658372,-0.751339,0.045115,0.750424,-0.659858,-0.038094,0.058391,0.008775,0.998255,0,0.85028,-0.43599,51.017,-0.872,-1,400.000,-1,400.000,-1,325.000,325.000,325.000,325.000,-1,-1,-1,-1,900.000,850.000,-1,-1,2,0,2,0,2,0,0,0,0,2,2,2,2,0,0,2,2
83,6898.050,-3339.562,28.349,130.419,-0.646922,-0.761287,0.043978,0.760471,-0.648341,-0.036562,0.056347,0.009792,0.998363,0,0.85028,-0.43599,51.017,-0.872,-1,400.000,-1,400.000,-1,325.000,325.000,325.000,325.000,-1,-1,-1,-1,900.000,825.000,-1,-1,2,0,2,0,2,0,0,0,0,2,2,2,2,0,0,2,2
84,6865.567,-3300.223,31.072,129.547,-0.635317,-0.771059,0.042892,0.770322,-0.636675,-0.035324,0.054545,0.010599,0.998455,0,0.85028,-0.43599,51.017,-0.872,-1,400.000,-1,400.000,-1,325.000,325.000,325.000,300.000,-1,-1,-1,-1,875.000,825.000,-1,-1,2,0,2,0,2,0,0,0,0,2,2,2,2,0,0,2,2
85,6833.687,-3260.395,33.692,128.675,-0.623562,-0.780655,0.041811,0.779970,-0.624864,-0.034515,0.053071,0.011089,0.998529,0,0.85028,-0.43599,51.017,-0.872,-1,400.000,-1,400.000,-1,325.000,325.000,325.000,300.000,-1,-1,-1,-1,875.000,825.000,-1,-1,2,0,2,0,2,0,0,0,0,2,2,2,2,0,0,2,2
86,6802.416,-3220.085,36.321,127.803,-0.611656,-0.790068,0.040853,0.789441,-0.612907,-0.033575,0.051566,0.011714,0.998601,0,0.85028,-0.43599,51.017,-0.872,-1,400.000,-1,400.000,-1,325.000,325.000,325.000,300.000,-1,-1,-1,-1,875.000,850.000,-1,-1,2,0,2,0,2,0,0,0,0,2,2,2,2,0,0,2,2
87,6774.540,-3183.223,38.681,127.098,-0.601925,-0.797548,0.040055,0.796969,-0.603132,-0.032735,0.050267,0.012219,0.998661,0,0.77028,-0.35264,46.217,-0.705,-1,400.000,-1,400.000,-1,325.000,325.000,325.000,300.000,-1,-1,-1,-1,875.000,850.000,-1,-1,2,0,2,0,2,0,0,0,0,2,2,2,2,0,0,2,2
88,6749.967,-3149.884,40.678,126.393,-0.592096,-0.804910,0.039259,0.804347,-0.593269,-0.032533,0.049477,0.012315,0.998699,0,0.69028,-0.35264,41.417,-0.705,-1,400.000,-1,400.000,-1,325.000,325.000,325.000,300.000,-1,-1,-1,-1,875.000,850.000,-1,-1,2,0,2,0,2,0,0,0,0,2,2,2,2,0,0,2,2
89,6728.606,-3120.143,42.443,125.687,-0.582170,-0.812150,0.038606,0.811603,-0.583315,-0.032328,0.048775,0.012512,0.998731,0,0.61028,-0.35264,36.617,-0.705,-1,400.000,-1,400.000,-1,325.000,325.000,325.000,300.000,-1,-1,-1,-1,875.000,850.000,-1,-1,2,0,2,0,2,0,0,0,0,2,2,2,2,0,0,2,2
90,6710.365,-3094.075,43.977,124.982,-0.572148,-0.819266,0.038080,0.818735,-0.573272,-0.032134,0.048156,0.012792,0.998758,0,0.53028,-0.35264,31.817,-0.705,-1,425.000,-1,400.000,-1,325.000,325.000,325.000,300.000,-1,-1,-1,-1,875.000,850.000,-1,-1,2,0,2,0,2,0,0,0,0,2,2,2,2,0,0,2,2
91,6695.149,-3071.750,45.281,124.277,-0.562034,-0.826256,0.037665,0.825742,-0.563141,-0.031965,0.047621,0.013136,0.998779,0,0.45028,-0.35264,27.017,-0.705,-1,425.000,-1,400.000,-1,325.000,325.000,325.000,300.000,-1,-1,-1,-1,875.000,850.000,-1,-1,2,0,2,0,2,0,0,0,0,2,2,2,2,0,0,2,2
92,6682.864,-3053.239,46.268,123.571,-0.551853,-0.833125,0.036894,0.832622,-0.552928,-0.031791,0.046886,0.013175,0.998813,0,0.37028,-0.35264,22.217,-0.705,-1,425.000,-1,400.000,-1,325.000,325.000,325.000,300.000,-1,-1,-1,-1,850.000,850.000,-1,-1,2,0,2,0,2,0,0,0,0,2,2,2,2,0,0,2,2
93,6673.412,-3038.610,47.026,122.866,-0.541583,-0.839867,0.036210,0.839375,-0.542630,-0.031651,0.046232,0.013252,0.998843,0,0.29028,-0.35264,17.417,-0.705,-1,400.000,-1,400.000,-1,325.000,325.000,325.000,300.000,-1,-1,-1,-1,850.000,850.000,-1,-1,2,0,2,0,2,0,0,0,0,2,2,2,2,0,0,2,2
94,6666.697,-3027.930,47.572,122.161,-0.531222,-0.846481,0.035686,0.845999,-0.532250,-0.031562,0.045710,0.013423,0.998865,0,0.21028,-0.35264,12.617,-0.705,-1,400.000,-1,400.000,-1,325.000,325.000,325.000,300.000,-1,-1,-1,-1,850.000,850.000,-1,-1,2,0,2,0,2,0,0,0,0,2,2,2,2,0,0,2,2
95,6662.618,-3021.262,47.908,121.456,-0.520772,-0.852965,0.035315,0.852492,-0.521788,-0.031534,0.045324,0.013684,0.998879,0,0.13028,-0.35264,7.817,-0.705,-1,400.000,-1,400.000,-1,325.000,325.000,325.000,300.000,-1,-1,-1,-1,850.000,850.000,-1,-1,2,0,2,0,2,0,0,0,0,2,2,2,2,0,0,2,2
96,6661.075,-3018.669,48.037,120.750,-0.510234,-0.859319,0.035092,0.858854,-0.511247,-0.031574,0.045073,0.014029,0.998885,0,0.05028,-0.35264,3.017,-0.705,-1,400.000,-1,400.000,-1,325.000,325.000,325.000,300.000,-1,-1,-1,-1,850.000,850.000,-1,-1,2,0,2,0,2,0,0,0,0,2,2,2,2,0,0,2,2
97,6661.968,-3020.213,47.959,120.045,-0.499611,-0.865542,0.035011,0.865082,-0.500628,-0.031690,0.044956,0.014454,0.998884,0,-0.02972,-0.35264,-1.783,-0.705,-1,400.000,-1,400.000,-1,325.000,325.000,325.000,300.000,-1,-1,-1,-1,850.000,850.000,-1,-1,2,0,2,0,2,0,0,0,0,2,2,2,2,0,0,2,2
98,6665.194,-3025.952,47.677,119.340,-0.488905,-0.871632,0.035065,0.871177,-0.489932,-0.031888,0.044974,0.014958,0.998876,0,-0.10972,-0.35264,-6.583,-0.705,-1,400.000,-1,400.000,-1,325.000,325.000,325.000,300.000,-1,-1,-1,-1,850.000,850.000,-1,-1,2,0,2,0,2,0,0,0,0,2,2,2,2,0,0,2,2
99,6670.649,-3035.943,47.192,118.634,-0.478116,-0.877589,0.035249,0.877137,-0.479162,-0.032171,0.045123,0.015537,0.998861,0,-0.18972,-0.35264,-11.383,-0.705,-1,400.000,-1,400.000,-1,325.000,325.000,325.000,300.000,-1,-1,-1,-1,850.000,850.000,-1,-1,2,0,2,0,2,0,0,0,0,2,2,2,2,0,0,2,2
100,6678.228,-3050.241,46.506,117.929,-0.467247,-0.883411,0.035557,0.882960,-0.468319,-0.032544,0.045402,0.016189,0.998838,0,-0.26972,-0.35264,-16.183,-0.705,-1,400.000,-1,400.000,-1,325.000,325.000,325.000,300.000,-1,-1,-1,-1,850.000,850.000,-1,-1,2,0,2,0,2,0,0,0,0,2,2,2,2,0,0,2,2
101,6687.722,-3068.695,45.630,117.224,-0.456300,-0.889098,0.035977,0.888646,-0.457404,-0.033004,0.045800,0.016911,0.998807,0,-0.34588,-0.35264,-20.753,-0.705,-1,400.000,-1,400.000,-1,325.000,325.000,325.000,300.000,-1,-1,-1,-1,850.000,850.000,-1,-1,2,0,2,0,2,0,0,0,0,2,2,2,2,0,0,2,2
102,6696.987,-3087.265,44.758,116.519,-0.445284,-0.894650,0.036379,0.894198,-0.446420,-0.033470,0.046185,0.017627,0.998777,0,-0.34588,-0.35264,-20.753,-0.705,-1,400.000,-1,400.000,-1,325.000,325.000,325.000,300.000,-1,-1,-1,-1,850.000,850.000,-1,-1,2,0,2,0,2,0,0,0,0,2,2,2,2,0,0,2,2
103,6706.024,-3105.947,43.890,115.813,-0.434200,-0.900066,0.036764,0.899613,-0.435368,-0.033941,0.046555,0.018336,0.998747,0,-0.34588,-0.35264,-20.753,-0.705,-1,400.000,-1,400.000,-1,325.000,325.000,325.000,300.000,-1,-1,-1,-1,850.000,850.000,-1,-1,2,0,2,0,2,0,0,0,0,2,2,2,2,0,0,2,2
104,6712.853,-3120.364,43.225,115.348,-0.426848,-0.903563,0.037068,0.903109,-0.428041,-0.034296,0.046856,0.018837,0.998724,0,-0.26588,-0.23264,-15.953,-0.465,-1,400.000,-1,400.000,-1,325.000,325.000,325.000,300.000,-1,-1,-1,-1,850.000,850.000,-1,-1,2,0,2,0,2,0,0,0,0,2,2,2,2,0,0,2,2
105,6717.556,-3130.476,42.761,114.939,-0.420361,-0.906592,0.037254,0.906137,-0.421570,-0.034557,0.047035,0.019230,0.998708,0,-0.18588,-0.20469,-11.153,-0.409,-1,400.000,-1,400.000,-1,325.000,325.000,325.000,300.000,-1,-1,-1,-1,850.000,850.000,-1,-1,2,0,2,0,2,0,0,0,0,2,2,2,2,0,0,2,2
106,6720.193,-3136.256,42.495,114.529,-0.413862,-0.909576,0.037288,0.909122,-0.415080,-0.034726,0.047064,0.019528,0.998701,0,-0.10588,-0.20469,-6.353,-0.409,-1,400.000,-1,400.000,-1,325.000,325.000,325.000,325.000,-1,-1,-1,-1,850.000,850.000,-1,-1,2,0,2,0,2,0,0,0,0,2,2,2,2,0,0,2,2
107,6720.827,-3137.673,42.437,114.120,-0.407348,-0.912514,0.037238,0.912064,-0.408568,-0.034817,0.046985,0.019781,0.998700,0,-0.02588,-0.20469,-1.553,-0.409,-1,400.000,-1,400.000,-1,325.000,325.000,325.000,325.000,-1,-1,-1,-1,850.000,850.000,-1,-1,2,0,2,0,2,0,0,0,0,2,2,2,2,0,0,2,2
108,6719.522,-3134.700,42.573,113.711,-0.400822,-0.915407,0.037045,0.914962,-0.402036,-0.034810,0.046759,0.019942,0.998707,0,0.05412,-0.20469,3.247,-0.409,-1,400.000,-1,400.000,-1,325.000,325.000,325.000,325.000,-1,-1,-1,-1,850.000,850.000,-1,-1,2,0,2,0,2,0,0,0,0,2,2,2,2,0,0,2,2
109,6716.338,-3127.309,42.907,113.301,-0.394284,-0.918254,0.036734,0.917817,-0.395485,-0.034708,0.046399,0.020030,0.998722,0,0.13412,-0.20469,8.047,-0.409,-1,400.000,-1,400.000,-1,325.000,325.000,325.000,325.000,-1,-1,-1,-1,850.000,850.000,-1,-1,2,0,2,0,2,0,0,0,0,2,2,2,2,0,0,2,2
110,6711.341,-3115.473,43.437,112.892,-0.387733,-0.921056,0.036311,0.920628,-0.388913,-0.034508,0.045906,0.020049,0.998745,0,0.21412,-0.20469,12.847,-0.409,-1,400.000,-1,400.000,-1,325.000,325.000,325.000,325.000,-1,-1,-1,-1,850.000,850.000,-1,-1,2,0,2,0,2,0,0,0,0,2,2,2,2,0,0,2,2
111,6704.593,-3099.167,44.160,112.482,-0.381170,-0.923812,0.035781,0.923396,-0.382323,-0.034204,0.045278,0.020003,0.998774,0,0.29412,-0.20469,17.647,-0.409,-1,400.000,-1,400.000,-1,325.000,325.000,325.000,325.000,-1,-1,-1,-1,850.000,850.000,-1,-1,2,0,2,0,2,0,0,0,0,2,2,2,2,0,0,2,2
112,6696.157,-3078.365,45.076,112.073,-0.374594,-0.926522,0.035151,0.926120,-0.375713,-0.033791,0.044515,0.019896,0.998811,0,0.37412,-0.20469,22.447,-0.409,-1,400.000,-1,400.000,-1,325.000,325.000,325.000,325.000,-1,-1,-1,-1,850.000,850.000,-1,-1,2,0,2,0,2,0,0,0,0,2,2,2,2,0,0,2,2
113,6686.099,-3053.043,46.181,111.664,-0.368005,-0.929186,0.034427,0.928800,-0.369085,-0.033264,0.043615,0.019734,0.998854,0,0.45412,-0.20469,27.247,-0.409,-1,400.000,-1,400.000,-1,325.000,325.000,325.000,325.000,-1,-1,-1,-1,850.000,850.000,-1,-1,2,0,2,0,2,0,0,0,0,2,2,2,2,0,0,2,2
114,6674.482,-3023.175,47.475,111.254,-0.361403,-0.931804,0.033616,0.931437,-0.362438,-0.032616,0.042575,0.019523,0.998902,0,0.53412,-0.20469,32.047,-0.409,-1,400.000,-1,400.000,-1,325.000,325.000,325.000,325.000,-1,-1,-1,-1,850.000,850.000,-1,-1,2,0,2,0,2,0,0,0,0,2,2,2,2,0,0,2,2
115,6661.370,-2988.740,48.954,110.845,-0.354788,-0.934374,0.032726,0.934030,-0.355772,-0.031842,0.041395,0.019270,0.998957,0,0.61412,-0.20469,36.847,-0.409,-1,400.000,-1,400.000,-1,325.000,325.000,325.000,300.000,-1,-1,-1,-1,850.000,825.000,-1,-1,2,0,2,0,2,0,0,0,0,2,2,2,2,0,0,2,2
116,6646.829,-2949.714,50.615,110.435,-0.348158,-0.936897,0.031765,0.936579,-0.349089,-0.030933,0.040070,0.018981,0.999017,0,0.69412,-0.20469,41.647,-0.409,-1,400.000,-1,400.000,-1,325.000,325.000,325.000,300.000,-1,-1,-1,-1,850.000,825.000,-1,-1,2,0,2,0,2,0,0,0,0,2,2,2,2,0,0,2,2
117,6630.924,-2906.075,52.457,110.026,-0.341515,-0.939373,0.030743,0.939083,-0.342388,-0.029884,0.038598,0.018664,0.999080,0,0.77412,-0.20469,46.447,-0.409,-1,400.000,-1,400.000,-1,325.000,325.000,325.000,300.000,-1,-1,-1,-1,850.000,825.000,-1,-1,2,0,2,0,2,0,0,0,0,2,2,2,2,0,0,2,2
118,6614.618,-2860.325,54.372,109.617,-0.334854,-0.941801,0.029720,0.941541,-0.335669,-0.028750,0.037053,0.018355,0.999145,0,0.80948,-0.20469,48.569,-0.409,-1,400.000,-1,400.000,-1,325.000,325.000,300.000,300.000,-1,-1,-1,-1,850.000,825.000,-1,-1,2,0,2,0,2,0,0,0,0,2,2,2,2,0,0,2,2
119,6598.640,-2814.460,56.276,109.207,-0.328173,-0.944180,0.028739,0.943950,-0.328933,-0.027580,0.035494,0.018077,0.999206,0,0.80948,-0.20469,48.569,-0.409,-1,400.000,-1,400.000,-1,325.000,325.000,300.000,300.000,-1,-1,-1,-1,850.000,825.000,-1,-1,2,0,2,0,2,0,0,0,0,2,2,2,2,0,0,2,2
120,6582.990,-2768.481,58.137,108.798,-0.321480,-0.946513,0.027650,0.946312,-0.322180,-0.026321,0.033821,0.017704,0.999271,0,0.80948,-0.20469,48.569,-0.409,-1,400.000,-1,400.000,-1,325.000,325.000,300.000,300.000,-1,-1,-1,-1,825.000,825.000,-1,-1,2,0,2,0,2,0,0,0,0,2,2,2,2,0,0,2,2
121,6567.669,-2722.393,59.970,108.389,-0.314767,-0.948797,0.026585,0.948625,-0.315411,-0.025019,0.032123,0.017344,0.999333,0,0.80948,-0.20469,48.569,-0.409,-1,400.000,-1,400.000,-1,325.000,325.000,300.000,300.000,-1,-1,-1,-1,825.000,850.000,-1,-1,2,0,2,0,2,0,0,0,0,2,2,2,2,0,0,2,2
122,6552.677,-2676.196,61.667,107.979,-0.308010,-0.951022,0.026192,0.950885,-0.308623,-0.023860,0.030775,0.017557,0.999372,0,0.80948,-0.20469,48.569,-0.409,-1,400.000,-1,400.000,-1,325.000,325.000,325.000,300.000,-1,-1,-1,-1,825.000,850.000,-1,-1,2,0,2,0,2,0,0,0,0,2,2,2,2,0,0,2,2
123,6538.015,-2629.893,63.142,107.570,-0.301213,-0.953184,0.026657,0.953103,-0.301814,-0.022418,0.029414,0.018654,0.999393,0,0.80948,-0.20469,48.569,-0.409,-1,400.000,-1,400.000,-1,325.000,325.000,325.000,300.000,-1,-1,-1,-1,825.000,850.000,-1,-1,2,0,2,0,2,0,0,0,0,2,2,2,2,0,0,2,2
124,6523.685,-2583.486,64.611,107.160,-0.294399,-0.955295,0.027225,0.955271,-0.294989,-0.020953,0.028048,0.019838,0.999410,0,0.80948,-0.20469,48.569,-0.409,-1,400.000,-1,400.000,-1,325.000,325.000,325.000,300.000,-1,-1,-1,-1,825.000,850.000,-1,-1,2,0,2,0,2,0,0,0,0,2,2,2,2,0,0,2,2
125,6509.687,-2536.978,65.947,106.751,-0.287572,-0.957363,0.027519,0.957376,-0.288151,-0.020009,0.027086,0.020592,0.999421,0,0.80948,-0.20469,48.569,-0.409,-1,425.000,-1,400.000,-1,325.000,325.000,325.000,300.000,-1,-1,-1,-1,825.000,850.000,-1,-1,2,0,2,0,2,0,0,0,0,2,2,2,2,0,0,2,2
126,6496.021,-2490.371,66.992,106.342,-0.280771,-0.959404,0.026669,0.959431,-0.281305,-0.018955,0.025688,0.020265,0.999465,0,0.80948,-0.20469,48.569,-0.409,-1,400.000,-1,400.000,-1,325.000,325.000,325.000,300.000,-1,-1,-1,-1,825.000,875.000,-1,-1,2,0,2,0,2,0,0,0,0,2,2,2,2,0,0,2,2
127,6482.668,-2443.599,67.989,105.934,-0.273983,-0.961391,0.025702,0.961431,-0.274470,-0.017809,0.024176,0.019831,0.999511,0,0.81070,-0.20395,48.642,-0.408,-1,400.000,-1,400.000,-1,325.000,325.000,325.000,300.000,-1,-1,-1,-1,825.000,875.000,-1,-1,2,0,2,0,2,0,0,0,0,2,2,2,2,0,0,2,2
128,6470.756,-2401.406,68.880,105.766,-0.271206,-0.962199,0.024912,0.962249,-0.271654,-0.016763,0.022897,0.019426,0.999549,0,0.73070,-0.08395,43.842,-0.168,-1,400.000,-1,400.000,-1,325.000,325.000,300.000,300.000,-1,-1,-1,-1,825.000,875.000,-1,-1,2,0,2,0,2,0,0,0,0,2,2,2,2,0,0,2,2
129,6460.101,-2363.846,69.670,105.838,-0.272451,-0.961864,0.024276,0.961922,-0.272866,-0.015822,0.021842,0.019041,0.999580,0,0.65070,0.03605,39.042,0.072,-1,400.000,-1,400.000,-1,325.000,325.000,300.000,300.000,-1,-1,-1,-1,825.000,875.000,-1,-1,2,0,2,0,2,0,0,0,0,2,2,2,2,0,0,2,2
130,6450.577,-2330.956,70.363,106.150,-0.277714,-0.960370,0.023773,0.960434,-0.278103,-0.014987,0.021005,0.018671,0.999605,0,0.57070,0.15605,34.242,0.312,-1,400.000,-1,400.000,-1,325.000,325.000,300.000,300.000,-1,-1,-1,-1,825.000,875.000,-1,-1,2,0,2,0,2,0,0,0,0,2,2,2,2,0,0,2,2
131,6442.116,-2302.756,70.960,106.702,-0.286977,-0.957652,0.023387,0.957721,-0.287346,-0.014260,0.020376,0.018306,0.999625,0,0.49070,0.27605,29.442,0.552,-1,400.000,-1,400.000,-1,325.000,325.000,300.000,300.000,-1,-1,-1,-1,825.000,875.000,-1,-1,2,0,2,0,2,0,0,0,0,2,2,2,2,0,0,2,2
132,6434.709,-2279.254,71.462,107.494,-0.300207,-0.953594,0.023102,0.953666,-0.300560,-0.013640,0.019950,0.017936,0.999640,0,0.41070,0.39605,24.642,0.792,-1,400.000,-1,400.000,-1,325.000,325.000,300.000,300.000,-1,-1,-1,-1,825.000,875.000,-1,-1,2,0,2,0,2,0,0,0,0,2,2,2,2,0,0,2,2
133,6428.404,-2260.441,71.869,108.526,-0.317349,-0.948032,0.022903,0.948104,-0.317690,-0.013125,0.019719,0.017549,0.999652,0,0.33070,0.51605,19.842,1.032,-1,400.000,-1,400.000,-1,325.000,325.000,300.000,300.000,-1,-1,-1,-1,800.000,900.000,-1,-1,2,0,2,0,2,0,0,0,0,2,2,2,2,0,0,2,2
134,6423.309,-2246.288,72.179,109.798,-0.338327,-0.940753,0.022779,0.940823,-0.338660,-0.012715,0.019676,0.017130,0.999660,0,0.25070,0.63605,15.042,1.272,-1,400.000,-1,425.000,-1,325.000,325.000,300.000,300.000,-1,-1,-1,-1,800.000,900.000,-1,-1,2,0,2,0,2,0,0,0,0,2,2,2,2,0,0,2,2
135,6419.588,-2236.747,72.390,111.310,-0.363041,-0.931496,0.022719,0.931562,-0.363370,-0.012409,0.019815,0.016659,0.999665,0,0.17070,0.75605,10.242,1.512,-1,400.000,-1,425.000,-1,325.000,325.000,300.000,300.000,-1,-1,-1,-1,800.000,900.000,-1,-1,2,0,2,0,2,0,0,0,0,2,2,2,2,0,0,2,2
