timestep,x_cm,y_cm,z_cm,yaw_deg,basis_xx,basis_xy,basis_xz,basis_yx,basis_yy,basis_yz,basis_zx,basis_zy,basis_zz,teleport_flag,throttle_cmd,steering_cmd,cmd_move_cm,cmd_turn_deg,lidar_cm_0,lidar_cm_1,lidar_cm_2,lidar_cm_3,lidar_cm_4,lidar_cm_5,lidar_cm_6,lidar_cm_7,lidar_cm_8,lidar_cm_9,lidar_cm_10,lidar_cm_11,lidar_cm_12,lidar_cm_13,lidar_cm_14,lidar_cm_15,lidar_cm_16,lidar_class_0,lidar_class_1,lidar_class_2,lidar_class_3,lidar_class_4,lidar_class_5,lidar_class_6,lidar_class_7,lidar_class_8,lidar_class_9,lidar_class_10,lidar_class_11,lidar_class_12,lidar_class_13,lidar_class_14,lidar_class_15,lidar_class_16
0,-8097.406,13718.810,213.590,85.219,0.071145,-0.990037,-0.121509,0.992145,0.082804,-0.093761,0.102888,-0.113884,0.988152,0,0.08000,0.12000,4.800,0.240,-1,625.000,-1,400.000,175.000,450.000,375.000,250.000,300.000,350.000,75.000,225.000,-1,-1,875.000,-1,-1,2,0,2,1,1,1,1,0,1,0,0,0,2,2,1,2,2
1,-8096.688,13728.383,214.199,85.699,0.062473,-0.990479,-0.122675,0.992594,0.074491,-0.095959,0.104183,-0.115772,0.987797,0,0.16000,0.24000,9.600,0.480,-1,625.000,-1,400.000,175.000,475.000,375.000,250.000,300.000,350.000,75.000,225.000,-1,-1,900.000,-1,-1,2,0,2,1,1,1,1,0,1,0,0,0,2,2,1,2,2
2,-8095.731,13742.751,215.139,86.177,0.053628,-0.990732,-0.124799,0.992896,0.066200,-0.098869,0.106214,-0.118611,0.987244,0,0.24000,0.23910,14.400,0.478,-1,625.000,-1,425.000,-1,475.000,400.000,250.000,300.000,350.000,75.000,225.000,-1,-1,950.000,-1,-1,2,0,2,1,2,1,1,0,1,0,0,0,2,2,1,2,2
3,5575.434,-7543.247,155.500,-158.295,-0.929249,0.369022,0.017862,-0.369386,-0.927063,-0.064092,-0.007092,-0.066156,0.997784,1,0.00000,0.00000,19.200,0.466,-1,425.000,-1,450.000,825.000,350.000,350.000,300.000,250.000,-1,-1,-1,-1,850.000,900.000,-1,-1,2,0,2,0,1,0,0,0,1,2,2,2,2,0,0,2,2
4,5570.967,-7545.004,155.447,-158.535,-0.930785,0.365130,0.017886,-0.365503,-0.928586,-0.064308,-0.006872,-0.066394,0.997770,0,0.08000,-0.12000,4.800,-0.240,-1,425.000,-1,450.000,800.000,350.000,350.000,300.000,250.000,-1,-1,-1,-1,850.000,900.000,-1,-1,2,0,2,0,1,0,0,0,1,2,2,2,2,0,0,2,2
5,5562.004,-7548.442,155.347,-159.015,-0.933807,0.357326,0.017941,-0.357719,-0.931582,-0.064748,-0.006423,-0.066879,0.997740,0,0.16000,-0.24000,9.600,-0.480,-1,425.000,-1,450.000,775.000,350.000,350.000,300.000,250.000,-1,-1,-1,-1,850.000,900.000,-1,-1,2,0,2,0,1,0,0,0,1,2,2,2,2,0,0,2,2
6,5548.495,-7553.430,155.212,-159.735,-0.938218,0.345574,0.018042,-0.345997,-0.935951,-0.065429,-0.005724,-0.067629,0.997694,0,0.24000,-0.36000,14.400,-0.720,-1,425.000,-1,450.000,725.000,350.000,350.000,300.000,250.000,-1,-1,-1,-1,850.000,900.000,-1,-1,2,0,2,0,1,0,0,0,1,2,2,2,2,0,0,2,2
7,5530.374,-7559.779,155.057,-160.695,-0.943868,0.329821,0.018211,-0.330289,-0.941543,-0.066380,-0.004747,-0.068669,0.997628,0,0.32000,-0.48000,19.200,-0.960,-1,425.000,-1,450.000,700.000,350.000,350.000,275.000,225.000,-1,-1,-1,-1,850.000,900.000,-1,-1,2,0,2,0,1,0,0,0,1,2,2,2,2,0,0,2,2
8,5507.562,-7567.238,154.906,-161.895,-0.950557,0.310001,0.018480,-0.310532,-0.948153,-0.067644,-0.003448,-0.070038,0.997538,0,0.40000,-0.60000,24.000,-1.200,-1,425.000,-1,450.000,650.000,350.000,350.000,275.000,225.000,-1,-1,-1,-1,850.000,900.000,-1,-1,2,0,2,0,1,0,0,0,1,2,2,2,2,0,0,2,2
9,5479.973,-7575.502,154.789,-163.329,-0.958001,0.286141,0.018885,-0.286758,-0.955495,-0.069277,-0.001778,-0.071783,0.997419,0,0.48000,-0.71698,28.800,-1.434,-1,425.000,-1,450.000,600.000,350.000,350.000,275.000,225.000,-1,-1,-1,-1,850.000,900.000,-1,-1,2,0,2,0,1,0,0,0,1,2,2,2,2,0,0,2,2
10,5447.551,-7584.326,154.666,-164.776,-0.964909,0.261878,0.019267,-0.262586,-0.962286,-0.071094,-0.000078,-0.073659,0.997283,0,0.56000,-0.72371,33.600,-1.447,-1,425.000,-1,450.000,575.000,350.000,350.000,275.000,225.000,-1,-1,-1,-1,850.000,875.000,-1,-1,2,0,2,0,1,0,0,0,1,2,2,2,2,0,1,2,2
11,5410.252,-7593.460,154.561,-166.243,-0.971282,0.237116,0.019660,-0.237924,-0.968526,-0.073137,0.001699,-0.075714,0.997128,0,0.64000,-0.73361,38.400,-1.467,-1,425.000,-1,450.000,525.000,350.000,350.000,275.000,225.000,-1,-1,-1,-1,850.000,850.000,-1,-1,2,0,2,0,1,0,0,0,1,2,2,2,2,0,1,2,2
12,5368.038,-7602.637,154.503,-167.737,-0.977116,0.211754,0.020107,-0.212676,-0.974205,-0.075459,0.003609,-0.078008,0.996946,0,0.72000,-0.74677,43.200,-1.494,-1,425.000,-1,450.000,500.000,350.000,375.000,275.000,225.000,-1,-1,-1,-1,850.000,825.000,-1,-1,2,0,2,1,1,0,0,0,1,2,2,2,2,0,1,2,2
13,5320.878,-7611.584,154.523,-169.261,-0.982382,0.185736,0.020658,-0.186794,-0.979287,-0.078131,0.005718,-0.080613,0.996729,0,0.80000,-0.76185,48.000,-1.524,-1,425.000,-1,450.000,475.000,350.000,375.000,275.000,225.000,-1,-1,-1,-1,850.000,800.000,-1,-1,2,0,2,1,1,0,0,0,1,2,2,2,2,0,1,2,2
14,5272.524,-7619.422,155.139,-170.798,-0.987019,0.159333,0.020141,-0.160466,-0.983542,-0.083038,0.006579,-0.085192,0.996343,0,0.81640,-0.76875,48.984,-1.538,-1,425.000,-1,450.000,475.000,350.000,375.000,275.000,200.000,-1,-1,-1,-1,850.000,775.000,-1,-1,2,0,2,1,1,0,0,0,1,2,2,2,2,0,1,2,2
15,5224.602,-7625.865,155.898,-172.349,-0.990993,0.132606,0.018685,-0.133747,-0.987074,-0.088297,0.006734,-0.090001,0.995919,0,0.80586,-0.77523,48.351,-1.550,-1,425.000,-1,425.000,450.000,350.000,375.000,275.000,200.000,-1,-1,-1,-1,825.000,750.000,-1,-1,2,0,2,1,1,0,0,0,1,2,2,2,2,0,1,2,2
16,5177.196,-7630.928,156.724,-173.911,-0.994240,0.105603,0.018272,-0.106855,-0.989892,-0.093256,0.008239,-0.094671,0.995475,0,0.79458,-0.78104,47.675,-1.562,-1,425.000,-1,425.000,425.000,350.000,375.000,275.000,200.000,-1,-1,-1,-1,825.000,725.000,-1,-1,2,0,2,1,1,0,0,0,1,2,2,2,2,0,1,2,2
17,5130.380,-7634.631,157.676,-175.483,-0.996756,0.078368,0.018351,-0.079796,-0.991989,-0.097931,0.010529,-0.099077,0.995024,0,0.78267,-0.78618,46.960,-1.572,-1,425.000,-1,425.000,400.000,350.000,375.000,275.000,200.000,-1,-1,-1,-1,825.000,725.000,-1,-1,2,0,2,1,1,0,0,0,1,2,2,2,2,0,1,2,2
18,5084.224,-7637.003,158.711,-177.064,-0.998526,0.050941,0.018705,-0.052599,-0.993325,-0.102657,0.013350,-0.103489,0.994541,0,0.77026,-0.79063,46.216,-1.581,-1,425.000,-1,425.000,400.000,375.000,375.000,275.000,200.000,-1,-1,-1,-1,825.000,700.000,-1,-1,2,0,2,1,1,0,0,0,1,2,2,2,2,0,1,2,2
19,5038.785,-7638.076,159.842,-178.653,-0.999541,0.023368,0.019287,-0.025311,-0.993882,-0.107509,0.016656,-0.107948,0.994017,0,0.75749,-0.79442,45.450,-1.589,-1,425.000,-1,400.000,375.000,375.000,375.000,275.000,200.000,-1,825.000,-1,-1,825.000,675.000,-1,-1,2,0,2,1,1,0,0,0,1,2,0,2,2,0,1,2,2
20,4994.114,-7637.887,161.079,-180.248,-0.999790,-0.004305,0.020044,0.002022,-0.993643,-0.112555,0.020401,-0.112490,0.993443,0,0.74449,-0.79756,44.670,-1.595,-1,450.000,-1,400.000,375.000,375.000,400.000,275.000,200.000,-1,700.000,-1,-1,825.000,675.000,-1,-1,2,0,2,1,1,0,0,0,1,2,0,2,2,0,1,2,2
21,4950.250,-7636.477,162.430,-181.848,-0.999268,-0.032032,0.020918,0.029351,-0.992597,-0.117852,0.024538,-0.117152,0.992811,0,0.73140,-0.80007,43.884,-1.600,-1,450.000,-1,400.000,375.000,375.000,400.000,275.000,200.000,1000.000,575.000,-1,-1,825.000,675.000,-1,-1,2,0,2,1,1,0,1,0,1,0,0,2,2,0,1,2,2
22,4907.224,-7633.887,163.904,-183.452,-0.997973,-0.059768,0.021845,0.056632,-0.990734,-0.123449,0.029021,-0.121962,0.992110,0,0.71835,-0.80197,43.101,-1.604,-1,450.000,-1,400.000,350.000,375.000,375.000,275.000,200.000,925.000,500.000,925.000,-1,850.000,650.000,-1,-1,2,0,2,1,1,0,1,0,1,0,0,0,2,0,1,2,2
23,4869.058,-7630.646,165.329,-184.861,-0.996203,-0.084065,0.022642,0.080481,-0.988409,-0.128727,0.033200,-0.126416,0.991422,0,0.63835,-0.70452,38.301,-1.409,-1,450.000,-1,375.000,350.000,375.000,375.000,275.000,200.000,850.000,425.000,825.000,-1,850.000,650.000,-1,-1,2,0,2,1,1,0,1,0,1,0,0,0,2,0,1,2,2
24,4835.754,-7626.991,166.704,-186.272,-0.993842,-0.108309,0.023397,0.104251,-0.985508,-0.133815,0.037551,-0.130552,0.990730,0,0.55835,-0.70521,33.501,-1.410,-1,450.000,-1,375.000,350.000,400.000,375.000,275.000,200.000,800.000,400.000,750.000,-1,875.000,650.000,-1,-1,2,0,2,1,1,0,1,0,1,0,0,0,2,0,1,2,2
25,4807.308,-7623.158,167.992,-187.683,-0.990894,-0.132476,0.024073,0.127926,-0.982047,-0.138631,0.042006,-0.134290,0.990051,0,0.47835,-0.70548,28.701,-1.411,-1,450.000,-1,375.000,325.000,400.000,375.000,250.000,200.000,750.000,375.000,675.000,-1,875.000,650.000,-1,-1,2,0,2,1,1,0,1,0,1,0,0,0,2,0,1,2,2
26,4783.703,-7619.384,169.154,-189.094,-0.987363,-0.156548,0.024647,0.151499,-0.978047,-0.143082,0.046505,-0.137539,0.989404,0,0.39835,-0.70551,23.901,-1.411,-1,475.000,-1,375.000,325.000,400.000,350.000,250.000,200.000,725.000,325.000,600.000,-1,900.000,625.000,-1,-1,2,0,2,1,1,0,1,0,1,0,0,0,2,0,1,2,2
27,4764.919,-7615.903,170.149,-190.505,-0.983252,-0.180513,0.025113,0.174972,-0.973528,-0.147064,0.050995,-0.140207,0.988808,0,0.31835,-0.70542,19.101,-1.411,-1,475.000,-1,375.000,325.000,400.000,350.000,250.000,225.000,675.000,300.000,550.000,-1,900.000,625.000,-1,725.000,2,0,2,1,1,0,1,0,1,0,0,0,2,0,1,2,1
28,4750.923,-7612.952,170.935,-191.915,-0.978563,-0.204366,0.025474,0.198350,-0.968511,-0.150476,0.055424,-0.142198,0.988285,0,0.23835,-0.70532,14.301,-1.411,-1,475.000,-1,375.000,325.000,425.000,350.000,250.000,225.000,650.000,275.000,500.000,-1,925.000,625.000,-1,625.000,2,0,2,1,1,1,1,0,1,0,0,0,2,0,1,2,1
29,4741.674,-7610.762,171.473,-193.326,-0.973296,-0.228104,0.025745,0.221642,-0.963016,-0.153219,0.059743,-0.143422,0.987857,0,0.15835,-0.70525,9.501,-1.411,-1,475.000,-1,350.000,300.000,400.000,350.000,250.000,225.000,625.000,250.000,475.000,-1,950.000,600.000,-1,550.000,2,0,2,1,1,1,1,0,1,0,0,0,2,0,1,2,1
30,4737.125,-7609.564,171.726,-194.736,-0.967451,-0.251726,0.025944,0.244859,-0.957056,-0.155201,0.063898,-0.143797,0.987542,0,0.07835,-0.70525,4.701,-1.410,-1,500.000,-1,350.000,300.000,400.000,350.000,250.000,225.000,625.000,225.000,425.000,-1,950.000,600.000,-1,475.000,2,0,2,1,1,1,1,0,1,0,0,0,2,0,1,2,1
31,4737.217,-7609.588,171.660,-196.147,-0.961024,-0.275230,0.026092,0.268013,-0.950645,-0.156340,0.067833,-0.143253,0.987359,0,-0.00165,-0.70527,-0.099,-1.411,-1,500.000,-1,350.000,300.000,400.000,325.000,250.000,225.000,600.000,200.000,400.000,-1,975.000,575.000,-1,400.000,2,0,2,1,1,1,1,0,1,0,0,0,2,0,1,2,1
32,4741.886,-7611.061,171.248,-197.557,-0.954014,-0.298614,0.026205,0.291113,-0.943790,-0.156568,0.071485,-0.141740,0.987319,0,-0.08165,-0.70527,-4.899,-1.411,-1,500.000,-1,350.000,300.000,400.000,325.000,250.000,225.000,600.000,175.000,375.000,-1,1000.000,550.000,-1,375.000,2,0,2,1,1,1,1,0,1,0,0,0,2,0,1,2,1
33,4751.057,-7614.208,170.469,-198.968,-0.946420,-0.321868,0.026292,0.314162,-0.936492,-0.155834,0.074780,-0.139224,0.987433,0,-0.16165,-0.70514,-9.699,-1.410,-1,500.000,-1,325.000,275.000,375.000,325.000,250.000,225.000,575.000,150.000,325.000,-1,1000.000,550.000,-1,350.000,2,0,2,1,1,1,1,0,1,0,0,0,2,0,1,2,1
34,4761.808,-7618.195,169.532,-200.377,-0.938253,-0.344948,0.026318,0.337088,-0.928676,-0.154702,0.077805,-0.136278,0.987611,0,-0.19116,-0.70474,-11.470,-1.409,-1,500.000,-1,325.000,275.000,375.000,325.000,250.000,225.000,575.000,150.000,300.000,-1,-1,525.000,-1,350.000,2,0,2,1,1,1,1,0,1,0,0,0,2,2,1,2,1
35,4771.492,-7622.060,168.643,-201.785,-0.929531,-0.367809,0.026257,0.359804,-0.920276,-0.153732,0.080707,-0.133451,0.987764,0,-0.17382,-0.70408,-10.429,-1.408,-1,500.000,-1,325.000,275.000,375.000,300.000,250.000,225.000,575.000,125.000,275.000,-1,-1,500.000,-1,350.000,2,0,2,1,1,1,1,0,1,0,0,0,2,2,1,2,1
36,4780.167,-7625.771,167.804,-203.192,-0.920262,-0.390431,0.026115,0.382291,-0.911302,-0.152913,0.083501,-0.130737,0.987894,0,-0.15729,-0.70332,-9.437,-1.407,-1,525.000,-1,325.000,275.000,375.000,300.000,250.000,225.000,575.000,100.000,250.000,-1,-1,500.000,-1,325.000,2,1,2,1,1,1,1,0,1,0,0,0,2,2,1,2,1
37,4787.888,-7629.300,167.013,-204.597,-0.910454,-0.412799,0.025901,0.404529,-0.901765,-0.152238,0.086200,-0.128128,0.988004,0,-0.14155,-0.70247,-8.493,-1.405,-1,500.000,-1,325.000,275.000,350.000,300.000,250.000,225.000,575.000,100.000,225.000,-1,1000.000,475.000,-1,325.000,2,1,2,1,1,1,1,0,1,0,0,0,2,1,1,2,1
38,4794.713,-7632.626,166.637,-206.000,-0.900193,-0.434826,0.024072,0.426564,-0.891526,-0.152396,0.087727,-0.126917,0.988026,0,-0.12657,-0.70159,-7.594,-1.403,-1,500.000,-1,300.000,275.000,350.000,300.000,250.000,250.000,575.000,75.000,225.000,-1,975.000,450.000,-1,325.000,2,1,2,1,1,1,1,0,1,0,0,0,2,1,1,2,1
39,4800.696,-7635.726,166.420,-207.401,-0.889438,-0.456541,0.021666,0.448337,-0.880706,-0.152809,0.088845,-0.126201,0.988018,0,-0.11233,-0.70069,-6.740,-1.401,-1,475.000,-1,300.000,275.000,350.000,300.000,250.000,250.000,575.000,75.000,225.000,-1,925.000,450.000,-1,300.000,2,1,2,1,1,1,1,0,1,0,0,0,2,1,1,2,1
40,4805.889,-7638.579,166.222,-208.801,-0.878170,-0.477960,0.019273,0.469810,-0.869373,-0.153200,0.089979,-0.125480,0.988007,0,-0.09879,-0.69980,-5.927,-1.400,-1,475.000,-1,300.000,275.000,350.000,275.000,250.000,275.000,575.000,75.000,225.000,-1,900.000,450.000,-1,300.000,2,1,2,1,1,1,1,0,1,0,0,0,2,1,1,2,1
41,4806.859,-7639.148,166.373,-210.441,-0.864332,-0.502644,0.016702,0.494432,-0.855349,-0.154646,0.092018,-0.125408,0.987829,0,-0.01879,-0.81980,-1.127,-1.640,-1,450.000,-1,300.000,275.000,325.000,275.000,250.000,275.000,575.000,75.000,225.000,-1,850.000,425.000,-1,300.000,2,1,2,1,1,1,1,0,1,0,0,0,2,1,1,2,1
42,4803.753,-7637.182,166.889,-212.320,-0.847641,-0.530390,0.013850,0.522003,-0.838341,-0.157154,0.094964,-0.125980,0.987477,0,0.06121,-0.93980,3.673,-1.880,-1,425.000,-1,300.000,275.000,325.000,275.000,250.000,275.000,575.000,75.000,225.000,-1,800.000,425.000,-1,300.000,2,1,2,1,1,1,1,0,1,0,0,0,2,1,1,2,1
43,4796.752,-7632.403,167.817,-214.320,-0.828932,-0.559245,0.010778,0.550595,-0.819204,-0.160468,0.098571,-0.127083,0.986982,0,0.14121,-1.00000,8.473,-2.000,-1,425.000,-1,275.000,275.000,300.000,275.000,250.000,300.000,550.000,75.000,225.000,-1,750.000,425.000,-1,300.000,2,1,2,1,1,1,1,0,1,0,0,0,2,1,1,2,1
44,4786.055,-7624.540,169.187,-216.320,-0.809285,-0.587368,0.007596,0.578371,-0.799016,-0.164503,0.102693,-0.128736,0.986347,0,0.22121,-1.00000,13.273,-2.000,-1,400.000,-1,275.000,275.000,300.000,250.000,250.000,300.000,550.000,75.000,225.000,-1,725.000,400.000,-1,275.000,2,1,2,1,1,1,1,0,1,0,0,0,2,1,1,2,1
45,4771.872,-7613.333,171.002,-218.320,-0.788750,-0.614700,0.004223,0.605245,-0.777783,-0.169506,0.107480,-0.131142,0.985520,0,0.30121,-1.00000,18.073,-2.000,-1,375.000,-1,275.000,275.000,300.000,250.000,250.000,300.000,500.000,75.000,225.000,-1,675.000,400.000,-1,275.000,2,1,2,1,1,1,1,0,1,0,0,0,2,1,1,2,1
46,4754.428,-7598.531,173.295,-220.320,-0.767383,-0.641189,0.000544,0.631158,-0.755526,-0.175558,0.112977,-0.134377,0.984469,0,0.38121,-1.00000,22.873,-2.000,-1,375.000,-1,275.000,275.000,275.000,250.000,250.000,325.000,475.000,75.000,200.000,-1,650.000,375.000,-1,275.000,2,1,2,1,1,1,1,0,1,0,0,0,2,1,1,2,1
47,4733.962,-7579.899,176.103,-222.320,-0.745244,-0.666782,-0.003567,0.656046,-0.732267,-0.182728,0.119228,-0.138517,0.983157,0,0.46121,-1.00000,27.673,-2.000,-1,350.000,-1,250.000,275.000,275.000,225.000,250.000,325.000,450.000,75.000,200.000,-1,600.000,375.000,-1,275.000,2,1,2,1,1,1,1,0,1,0,0,0,2,1,1,2,1
48,9510.961,-2295.837,523.447,-132.784,-0.656411,0.733871,-0.174811,-0.704559,-0.679186,-0.205677,-0.269669,-0.011844,0.962880,1,0.00000,0.00000,32.473,-2.000,375.000,250.000,500.000,225.000,300.000,225.000,200.000,425.000,400.000,-1,325.000,675.000,-1,350.000,325.000,325.000,275.000,0,0,0,0,0,0,0,1,1,2,1,1,2,0,0,0,0
49,6887.234,8198.861,463.891,-99.248,-0.139007,0.986987,0.080830,-0.870360,-0.160700,0.465456,0.472388,-0.005650,0.881372,1,0.00000,0.00000,4.800,0.120,-1,175.000,300.000,200.000,475.000,150.000,175.000,725.000,850.000,425.000,75.000,75.000,375.000,225.000,275.000,475.000,325.000,2,1,1,1,1,1,1,1,0,0,0,0,0,1,1,1,1
50,-6884.667,8195.131,281.353,-57.089,0.543895,0.838366,-0.036331,-0.839036,0.542586,-0.040245,-0.014027,0.052371,0.998529,1,0.08000,0.10268,4.800,0.205,-1,375.000,-1,375.000,-1,300.000,300.000,300.000,300.000,-1,-1,-1,-1,700.000,650.000,-1,-1,2,0,2,0,2,0,0,0,0,2,2,2,2,0,0,2,2
51,-6879.422,8187.090,281.217,-56.884,0.546885,0.836412,-0.036503,-0.837098,0.545584,-0.040063,-0.013594,0.052467,0.998530,0,0.16000,0.10268,9.600,0.205,-1,375.000,-1,375.000,-1,300.000,300.000,300.000,300.000,-1,-1,-1,-1,700.000,650.000,-1,-1,2,0,2,0,2,0,0,0,0,2,2,2,2,0,0,2,2
52,-6871.512,8175.058,281.018,-56.679,0.549862,0.834446,-0.036773,-0.835154,0.548575,-0.039789,-0.013029,0.052589,0.998531,0,0.24000,0.10268,14.400,0.205,-1,375.000,-1,375.000,-1,300.000,300.000,300.000,300.000,-1,-1,-1,-1,700.000,650.000,-1,-1,2,0,2,0,2,0,0,0,0,2,2,2,2,0,0,2,2
53,-6860.907,8159.052,280.764,-56.473,0.552827,0.832468,-0.037137,-0.833205,0.551559,-0.039404,-0.012319,0.052727,0.998533,0,0.32000,0.10268,19.200,0.205,-1,375.000,-1,375.000,-1,300.000,300.000,300.000,300.000,-1,-1,-1,-1,700.000,650.000,-1,-1,2,0,2,0,2,0,0,0,0,2,2,2,2,0,0,2,2
54,-6847.579,8139.093,280.487,-56.268,0.555775,0.830484,-0.037560,-0.831255,0.554538,-0.038771,-0.011370,0.052770,0.998542,0,0.40000,0.10268,24.000,0.205,-1,375.000,-1,375.000,-1,325.000,300.000,300.000,300.000,-1,-1,-1,-1,700.000,650.000,-1,-1,2,0,2,0,2,0,0,0,0,2,2,2,2,0,0,2,2
55,-6831.501,8115.200,280.162,-56.062,0.558710,0.828488,-0.038090,-0.829300,0.557509,-0.038015,-0.010260,0.052827,0.998551,0,0.48000,0.10268,28.800,0.205,-1,375.000,-1,375.000,-1,325.000,300.000,300.000,300.000,-1,-1,-1,-1,700.000,650.000,-1,-1,2,0,2,0,2,0,0,0,0,2,2,2,2,0,0,2,2
56,-6812.642,8087.391,279.791,-55.857,0.561630,0.826481,-0.038736,-0.827340,0.560473,-0.037138,-0.008983,0.052906,0.998559,0,0.56000,0.10268,33.600,0.205,-1,375.000,-1,375.000,-1,325.000,325.000,300.000,300.000,-1,-1,-1,-1,700.000,650.000,-1,-1,2,0,2,0,2,0,0,0,0,2,2,2,2,0,0,2,2
57,-6790.976,8055.687,279.462,-55.652,0.564544,0.824476,-0.039121,-0.825367,0.563437,-0.036170,-0.007779,0.052708,0.998580,0,0.64000,0.10268,38.400,0.205,-1,375.000,-1,375.000,-1,325.000,300.000,300.000,300.000,-1,-1,-1,-1,700.000,650.000,-1,-1,2,0,2,0,2,0,0,0,0,2,2,2,2,0,0,2,2
58,-6766.474,8020.108,279.189,-55.446,0.567452,0.822473,-0.039196,-0.823379,0.566404,-0.035112,-0.006678,0.052198,0.998614,0,0.72000,0.10268,43.200,0.205,-1,375.000,-1,375.000,-1,325.000,300.000,300.000,300.000,-1,-1,-1,-1,675.000,650.000,-1,-1,2,0,2,0,2,0,0,0,0,2,2,2,2,0,0,2,2
59,-6739.108,7980.673,278.904,-55.241,0.570349,0.820461,-0.039310,-0.821384,0.569365,-0.033940,-0.005464,0.051646,0.998650,0,0.80000,0.10268,48.000,0.205,-1,375.000,-1,375.000,-1,325.000,300.000,300.000,300.000,-1,-1,-1,-1,675.000,650.000,-1,-1,2,0,2,0,2,0,0,0,0,2,2,2,2,0,0,2,2
60,-6708.851,7937.403,278.731,-55.036,0.573220,0.818458,-0.039314,-0.819393,0.572332,-0.032118,-0.003787,0.050624,0.998711,0,0.88000,0.10268,52.800,0.205,-1,375.000,-1,375.000,-1,300.000,300.000,300.000,300.000,-1,725.000,800.000,-1,675.000,650.000,-1,-1,2,0,2,0,2,0,0,0,0,2,0,0,2,0,0,2,2
61,-6676.332,7891.250,278.873,-54.830,0.576043,0.816490,-0.038958,-0.817418,0.575325,-0.028788,-0.001091,0.048428,0.998826,0,0.94097,0.10268,56.458,0.205,-1,375.000,-1,375.000,-1,300.000,300.000,300.000,300.000,-1,625.000,700.000,-1,675.000,650.000,-1,-1,2,0,2,0,2,0,0,0,0,2,0,0,2,0,0,2,2
62,-6643.647,7845.215,279.035,-54.625,0.578865,0.814506,-0.038661,-0.815422,0.578307,-0.025481,0.001603,0.046275,0.998927,0,0.94097,0.10268,56.458,0.205,-1,375.000,-1,375.000,-1,300.000,300.000,300.000,300.000,-1,550.000,625.000,-1,675.000,650.000,-1,-1,2,0,2,0,2,0,0,0,0,2,0,0,2,0,0,2,2
63,-6610.798,7799.297,279.317,-54.420,0.581672,0.812491,-0.038944,-0.813411,0.581267,-0.022171,0.004623,0.044573,0.998995,0,0.94097,0.10268,56.458,0.205,-1,375.000,-1,375.000,-1,300.000,300.000,300.000,300.000,-1,500.000,575.000,-1,675.000,650.000,-1,-1,2,0,2,0,2,0,0,0,0,2,0,0,2,0,0,2,2
64,-6577.784,7753.498,279.785,-54.214,0.584484,0.810438,-0.039615,-0.811373,0.584201,-0.019573,0.007281,0.043582,0.999023,0,0.94097,0.10268,56.458,0.205,-1,375.000,-1,375.000,-1,300.000,300.000,300.000,300.000,-1,500.000,550.000,-1,675.000,650.000,-1,-1,2,0,2,0,2,0,0,0,0,2,0,0,2,0,0,2,2
65,-6544.605,7707.817,280.371,-54.009,0.587295,0.808358,-0.040526,-0.809315,0.587116,-0.017424,0.009709,0.043032,0.999027,0,0.94097,0.10268,56.458,0.205,-1,375.000,-1,375.000,-1,300.000,300.000,300.000,300.000,-1,500.000,550.000,-1,675.000,650.000,-1,-1,2,0,2,0,2,0,0,0,0,2,0,0,2,0,0,2,2
66,-6511.264,7662.255,280.990,-53.803,0.590094,0.806264,-0.041557,-0.807243,0.590022,-0.015299,0.012185,0.042574,0.999019,0,0.94097,0.10268,56.458,0.205,-1,375.000,-1,375.000,-1,300.000,300.000,300.000,300.000,-1,500.000,550.000,-1,675.000,650.000,-1,-1,2,0,2,0,2,0,0,0,0,2,0,0,2,0,0,2,2
67,-6477.758,7616.814,281.890,-53.598,0.592856,0.804138,-0.043402,-0.805166,0.592903,-0.013170,0.015142,0.042754,0.998971,0,0.94097,0.10268,56.458,0.205,-1,375.000,-1,375.000,-1,300.000,300.000,300.000,300.000,-1,475.000,525.000,-1,675.000,650.000,-1,-1,2,0,2,0,2,0,0,0,0,2,0,0,2,0,0,2,2
68,-6444.090,7571.493,282.949,-53.393,0.595588,0.801990,-0.045684,-0.803080,0.595768,-0.011061,0.018346,0.043276,0.998895,0,0.94097,0.10268,56.458,0.205,-1,375.000,-1,375.000,-1,300.000,300.000,300.000,300.000,-1,475.000,525.000,-1,700.000,675.000,-1,-1,2,0,2,0,2,0,0,0,0,2,0,0,2,0,0,2,2
69,-6410.201,7526.221,284.026,-53.183,0.598372,0.799783,-0.047948,-0.800930,0.598691,-0.008988,0.021518,0.043782,0.998809,0,0.94251,0.10503,56.550,0.210,-1,375.000,-1,375.000,-1,300.000,300.000,300.000,300.000,-1,475.000,500.000,-1,700.000,675.000,-1,-1,2,0,2,0,2,0,0,0,0,2,0,0,2,0,0,2,2
70,-6376.045,7480.955,285.125,-52.964,0.601259,0.797476,-0.050196,-0.798673,0.601725,-0.006950,0.024662,0.044269,0.998715,0,0.94512,0.10928,56.707,0.219,-1,375.000,-1,375.000,-1,325.000,300.000,300.000,300.000,-1,425.000,450.000,-1,725.000,675.000,-1,-1,2,0,2,0,2,0,0,0,0,2,0,0,2,0,0,2,2
71,-6341.621,7435.708,286.255,-52.737,0.604255,0.795068,-0.052375,-0.796308,0.604871,-0.004950,0.027744,0.044698,0.998615,0,0.94755,0.11361,56.853,0.227,-1,375.000,-1,375.000,-1,325.000,325.000,300.000,300.000,-1,375.000,400.000,-1,725.000,675.000,-1,-1,2,0,2,0,2,0,0,0,0,2,0,0,2,0,0,2,2
72,-6306.931,7390.496,287.836,-52.501,0.607462,0.792611,-0.052521,-0.793799,0.608172,-0.003027,0.029543,0.043530,0.998615,0,0.94979,0.11800,56.987,0.236,-1,375.000,-1,375.000,-1,325.000,325.000,300.000,300.000,-1,400.000,425.000,-1,725.000,675.000,-1,-1,2,0,2,0,2,0,0,0,0,2,0,0,2,0,0,2,2
73,-6271.967,7345.331,289.434,-52.255,0.610802,0.790030,-0.052670,-0.791164,0.611603,-0.001125,0.031324,0.042358,0.998611,0,0.95194,0.12310,57.117,0.246,-1,375.000,-1,375.000,-1,325.000,300.000,300.000,300.000,-1,400.000,450.000,-1,750.000,675.000,-1,-1,2,0,2,0,2,0,0,0,0,2,0,0,2,0,0,2,2
74,-6236.704,7300.210,291.092,-51.991,0.614368,0.787247,-0.052856,-0.788329,0.615254,0.000608,0.032999,0.041295,0.998602,0,0.95444,0.13161,57.266,0.263,-1,375.000,-1,375.000,-1,325.000,300.000,300.000,300.000,-1,425.000,450.000,-1,750.000,700.000,-1,-1,2,0,2,0,2,0,0,0,0,2,0,0,2,0,0,2,2
75,-6204.035,7259.155,293.022,-51.488,0.621197,0.781875,-0.052772,-0.782857,0.622194,0.003220,0.035352,0.039313,0.998601,0,0.87444,0.25161,52.466,0.503,-1,375.000,-1,375.000,-1,325.000,325.000,300.000,300.000,-1,425.000,475.000,-1,750.000,700.000,-1,-1,2,0,2,0,2,0,0,0,0,2,0,0,2,0,0,2,2
76,-6173.874,7222.245,294.827,-50.745,0.631234,0.773798,-0.052723,-0.774677,0.632332,0.005588,0.037662,0.037316,0.998594,0,0.79444,0.37161,47.666,0.743,-1,400.000,-1,375.000,-1,325.000,325.000,300.000,300.000,-1,425.000,475.000,-1,775.000,725.000,-1,-1,2,0,2,0,2,0,0,0,0,2,0,0,2,0,0,2,2
77,-6144.118,7187.080,296.593,-49.762,0.644372,0.762889,-0.052766,-0.763667,0.645564,0.007729,0.039960,0.035316,0.998577,0,0.76775,0.49161,46.065,0.983,-1,400.000,-1,375.000,-1,325.000,325.000,300.000,300.000,-1,450.000,500.000,-1,775.000,725.000,-1,-1,2,0,2,0,2,0,0,0,0,2,0,0,2,0,0,2,2
78,-6113.676,7152.371,298.383,-48.746,0.657752,0.751373,-0.052912,-0.752053,0.659031,0.009709,0.042166,0.033407,0.998552,0,0.76946,0.50792,46.168,1.016,-1,400.000,-1,375.000,-1,325.000,325.000,300.000,300.000,-1,450.000,500.000,-1,800.000,750.000,-1,-1,2,0,2,0,2,0,0,0,0,2,0,0,2,0,0,2,2
79,-6082.548,7118.139,300.245,-47.718,0.671084,0.739471,-0.053194,-0.740068,0.672437,0.011279,0.044110,0.031798,0.998521,0,0.77114,0.51387,46.269,1.028,-1,400.000,-1,400.000,-1,325.000,325.000,300.000,300.000,-1,475.000,525.000,-1,800.000,750.000,-1,-1,2,0,2,0,2,0,0,0,0,2,0,0,2,0,0,2,2
80,-6050.736,7084.406,302.318,-46.679,0.684359,0.727166,-0.053693,-0.727734,0.685759,0.011717,0.045340,0.031056,0.998489,0,0.77278,0.51980,46.367,1.040,-1,400.000,-1,400.000,-1,325.000,325.000,300.000,300.000,-1,500.000,575.000,-1,825.000,750.000,-1,-1,2,0,2,0,2,0,0,0,0,2,0,0,2,0,0,2,2
81,-6018.244,7051.195,304.401,-45.627,0.697557,0.714475,-0.054221,-0.715018,0.699002,0.012044,0.046505,0.030368,0.998456,0,0.77437,0.52571,46.462,1.051,-1,400.000,-1,400.000,-1,325.000,325.000,300.000,300.000,-1,550.000,600.000,-1,825.000,775.000,-1,-1,2,0,2,0,2,0,0,0,0,2,0,0,2,0,0,2,2
82,-5985.075,7018.526,306.462,-44.564,0.710675,0.701398,-0.054609,-0.701915,0.712155,0.012278,0.047502,0.029606,0.998432,0,0.77592,0.53160,46.555,1.063,-1,400.000,-1,400.000,-1,325.000,325.000,300.000,300.000,-1,575.000,650.000,-1,850.000,775.000,-1,-1,2,0,2,0,2,0,0,0,0,2,0,0,2,0,0,2,2
83,-5951.234,6986.424,308.468,-43.489,0.723711,0.687933,-0.054687,-0.688416,0.725209,0.012451,0.048225,0.028636,0.998426,0,0.77742,0.53748,46.645,1.075,-1,400.000,-1,400.000,-1,325.000,325.000,300.000,300.000,-1,625.000,700.000,-1,850.000,800.000,-1,-1,2,0,2,0,2,0,0,0,0,2,0,0,2,0,0,2,2
84,-5916.726,6954.911,310.481,-42.402,0.736631,0.674074,-0.054770,-0.674527,0.738144,0.012531,0.048875,0.027713,0.998420,0,0.77887,0.54334,46.732,1.087,-1,400.000,-1,400.000,-1,325.000,325.000,300.000,300.000,-1,675.000,750.000,-1,875.000,800.000,-1,-1,2,0,2,0,2,0,0,0,0,2,0,0,2,0,0,2,2
85,-5881.557,6924.009,312.501,-41.304,0.749422,0.659816,-0.054854,-0.660243,0.750948,0.012518,0.049452,0.026836,0.998416,0,0.78027,0.54918,46.816,1.098,-1,400.000,-1,400.000,-1,325.000,325.000,300.000,300.000,-1,725.000,800.000,-1,900.000,800.000,-1,-1,2,0,2,0,2,0,0,0,0,2,0,0,2,0,0,2,2
86,-5842.276,6890.524,314.732,-40.446,0.759229,0.648503,-0.054912,-0.648914,0.760761,0.012419,0.049828,0.026204,0.998414,0,0.86027,0.42918,51.616,0.858,-1,400.000,-1,400.000,-1,325.000,325.000,300.000,300.000,-1,775.000,850.000,-1,925.000,825.000,-1,-1,2,0,2,0,2,0,0,0,0,2,0,0,2,0,0,2,2
87,-5798.949,6854.391,317.382,-39.827,0.766240,0.640272,-0.054116,-0.640647,0.767736,0.012392,0.049481,0.025174,0.998458,0,0.94027,0.30918,56.416,0.618,-1,425.000,-1,400.000,-1,325.000,325.000,300.000,300.000,-1,850.000,925.000,-1,950.000,825.000,-1,-1,2,0,2,0,2,0,0,0,0,2,0,0,2,0,0,2,2
88,-5755.135,6818.337,320.177,-39.449,0.770556,0.635211,-0.052452,-0.635531,0.771974,0.012469,0.048412,0.023727,0.998546,0,0.94569,0.18918,56.741,0.378,-1,425.000,-1,400.000,-1,325.000,325.000,300.000,300.000,-1,950.000,-1,-1,975.000,850.000,-1,-1,2,0,2,0,2,0,0,0,0,2,0,2,2,0,0,2,2
89,-5711.257,6782.409,322.901,-39.311,0.772187,0.633362,-0.050798,-0.633641,0.773527,0.012468,0.047190,0.022560,0.998631,0,0.94518,0.06918,56.711,0.138,-1,425.000,-1,400.000,-1,325.000,325.000,300.000,300.000,-1,-1,-1,-1,975.000,850.000,-1,-1,2,0,2,0,2,0,0,0,0,2,2,2,2,0,0,2,2
90,-5667.503,6746.454,325.533,-39.412,0.771158,0.634745,-0.049140,-0.634996,0.772417,0.012318,0.045775,0.021704,0.998716,0,0.94387,-0.05082,56.632,-0.102,-1,425.000,-1,400.000,-1,325.000,325.000,300.000,300.000,-1,-1,-1,-1,1000.000,850.000,-1,-1,2,0,2,0,2,0,0,0,0,2,2,2,2,0,0,2,2
91,-5624.064,6710.321,327.935,-39.754,0.767457,0.639340,-0.047474,-0.639605,0.768620,0.011380,0.043765,0.021631,0.998808,0,0.94172,-0.17082,56.503,-0.342,-1,425.000,-1,400.000,-1,325.000,325.000,300.000,300.000,-1,-1,-1,-1,1000.000,850.000,-1,-1,2,0,2,0,2,0,0,0,0,2,2,2,2,0,0,2,2
92,-5581.132,6673.866,330.248,-40.335,0.761022,0.647108,-0.045790,-0.647391,0.762088,0.010361,0.041601,0.021759,0.998897,0,0.93868,-0.29082,56.321,-0.582,-1,425.000,-1,400.000,-1,325.000,325.000,300.000,300.000,-1,-1,-1,-1,1000.000,850.000,-1,-1,2,0,2,0,2,0,0,0,0,2,2,2,2,0,0,2,2
93,-5538.775,6637.105,332.469,-40.954,0.754084,0.655297,-0.044085,-0.655599,0.755053,0.009247,0.039346,0.021929,0.998985,0,0.93476,-0.30936,56.085,-0.619,-1,425.000,-1,400.000,-1,325.000,325.000,300.000,300.000,-1,-1,-1,-1,1000.000,825.000,-1,-1,2,0,2,0,2,0,0,0,0,2,2,2,2,0,0,2,2
94,-5497.010,6600.064,334.570,-41.569,0.747101,0.663360,-0.042344,-0.663666,0.747982,0.008412,0.037253,0.021818,0.999068,0,0.93041,-0.30731,55.824,-0.615,-1,425.000,-1,400.000,-1,325.000,325.000,300.000,300.000,-1,-1,-1,-1,-1,825.000,-1,-1,2,0,2,0,2,0,0,0,0,2,2,2,2,2,0,2,2
95,-5455.848,6562.765,336.513,-42.181,0.740053,0.671324,-0.040554,-0.671617,0.740856,0.007936,0.035373,0.021364,0.999146,0,0.92580,-0.30623,55.548,-0.612,-1,425.000,-1,400.000,-1,325.000,325.000,300.000,300.000,-1,-1,-1,-1,-1,850.000,-1,-1,2,0,2,0,2,0,0,0,0,2,2,2,2,2,0,2,2
96,-5415.296,6525.223,338.370,-42.793,0.732922,0.679209,-0.038737,-0.679490,0.733647,0.007391,0.033439,0.020905,0.999222,0,0.92103,-0.30611,55.262,-0.612,-1,425.000,-1,400.000,-1,325.000,325.000,300.000,300.000,-1,-1,-1,-1,-1,850.000,-1,-1,2,0,2,0,2,0,0,0,0,2,2,2,2,2,0,2,2
97,-5375.360,6487.447,340.142,-43.407,0.725685,0.687037,-0.036895,-0.687308,0.726335,0.006775,0.031453,0.020441,0.999296,0,0.91620,-0.30696,54.972,-0.614,-1,425.000,-1,400.000,-1,325.000,325.000,300.000,300.000,-1,-1,-1,-1,-1,850.000,-1,-1,2,0,2,0,2,0,0,0,0,2,2,2,2,2,0,2,2
98,-5336.039,6449.442,341.799,-44.025,0.718329,0.694833,-0.034797,-0.695090,0.718897,0.006042,0.029214,0.019847,0.999376,0,0.91143,-0.30874,54.686,-0.617,-1,425.000,-1,400.000,-1,350.000,325.000,300.000,300.000,-1,-1,-1,-1,-1,850.000,-1,-1,2,0,2,0,2,0,0,0,0,2,2,2,2,2,0,2,2
99,-5297.332,6411.207,343.056,-44.648,0.710875,0.702633,-0.031042,-0.702841,0.711326,0.005450,0.025910,0.017944,0.999503,0,0.90679,-0.31145,54.407,-0.623,-1,425.000,-1,400.000,-1,350.000,325.000,300.000,300.000,-1,-1,-1,-1,-1,850.000,-1,-1,2,0,2,0,2,0,0,0,0,2,2,2,2,2,0,2,2
100,-5259.234,6372.736,344.237,-45.278,0.703229,0.710436,-0.027390,-0.710601,0.703579,0.004835,0.022706,0.016063,0.999613,0,0.90239,-0.31506,54.144,-0.630,-1,425.000,-1,400.000,-1,325.000,325.000,300.000,300.000,-1,-1,-1,-1,1000.000,850.000,-1,-1,2,0,2,0,2,0,0,0,0,2,2,2,2,0,0,2,2
101,-5221.737,6334.018,345.344,-45.917,0.695366,0.718260,-0.023839,-0.718388,0.695630,0.004200,0.019600,0.014205,0.999707,0,0.89832,-0.31957,53.899,-0.639,-1,425.000,-1,400.000,-1,325.000,325.000,300.000,300.000,-1,-1,-1,-1,975.000,825.000,-1,-1,2,0,2,0,2,0,0,0,0,2,2,2,2,0,0,2,2
102,-5184.831,6295.036,346.377,-46.567,0.687264,0.726121,-0.020387,-0.726218,0.687455,0.003547,0.016591,0.012367,0.999786,0,0.89467,-0.32494,53.680,-0.650,-1,425.000,-1,400.000,-1,325.000,325.000,300.000,300.000,-1,-1,-1,-1,975.000,825.000,-1,-1,2,0,2,0,2,0,0,0,0,2,2,2,2,0,0,2,2
103,-5148.508,6255.770,347.261,-47.229,0.678884,0.734030,-0.017786,-0.734109,0.679026,0.002823,0.014149,0.011141,0.999838,0,0.89151,-0.33115,53.491,-0.662,-1,425.000,-1,400.000,-1,325.000,325.000,300.000,300.000,-1,-1,-1,-1,950.000,825.000,-1,-1,2,0,2,0,2,0,0,0,0,2,2,2,2,0,0,2,2
104,-5112.754,6216.193,348.055,-47.906,0.670218,0.742003,-0.015480,-0.742069,0.670321,0.002089,0.011927,0.010087,0.999878,0,0.88892,-0.33820,53.335,-0.676,-1,425.000,-1,400.000,-1,325.000,325.000,300.000,300.000,-1,-1,-1,-1,950.000,825.000,-1,-1,2,0,2,0,2,0,0,0,0,2,2,2,2,0,0,2,2
105,-5077.560,6176.275,348.770,-48.598,0.661245,0.750053,-0.013239,-0.750106,0.661316,0.001366,0.009780,0.009027,0.999911,0,0.88695,-0.34605,53.217,-0.692,-1,425.000,-1,400.000,-1,325.000,325.000,300.000,300.000,-1,-1,-1,-1,950.000,825.000,-1,-1,2,0,2,0,2,0,0,0,0,2,2,2,2,0,0,2,2
106,-5042.912,6135.983,349.415,-49.307,0.651940,0.758190,-0.011014,-0.758231,0.651985,0.000658,0.007680,0.007922,0.999939,0,0.88567,-0.35468,53.140,-0.709,-1,425.000,-1,400.000,-1,325.000,325.000,300.000,300.000,-1,-1,-1,-1,950.000,825.000,-1,-1,2,0,2,0,2,0,0,0,0,2,2,2,2,0,0,2,2
107,-5008.815,6095.302,350.005,-50.032,0.642316,0.766390,-0.008748,-0.766419,0.642341,-0.000035,0.005592,0.006728,0.999962,0,0.88468,-0.36266,53.081,-0.725,-1,425.000,-1,400.000,-1,325.000,325.000,300.000,300.000,-1,-1,-1,-1,950.000,825.000,-1,-1,2,0,2,0,2,0,0,0,0,2,2,2,2,0,0,2,2
108,-4975.321,6054.286,350.523,-50.764,0.632496,0.774536,-0.006516,-0.774555,0.632506,-0.000712,0.003570,0.005497,0.999979,0,0.88258,-0.36586,52.955,-0.732,-1,425.000,-1,400.000,-1,325.000,325.000,300.000,300.000,-1,-1,-1,-1,950.000,825.000,-1,-1,2,0,2,0,2,0,0,0,0,2,2,2,2,0,0,2,2
109,-4943.547,6014.688,350.951,-51.256,0.625838,0.779941,-0.004372,-0.779951,0.625839,-0.001286,0.001733,0.004215,0.999990,0,0.84616,-0.24586,50.770,-0.492,-1,425.000,-1,400.000,-1,325.000,325.000,300.000,300.000,-1,-1,-1,-1,950.000,825.000,-1,-1,2,0,2,0,2,0,0,0,0,2,2,2,2,0,0,2,2
110,-4911.993,5974.989,350.964,-51.521,0.622221,0.782839,-0.002167,-0.782842,0.622219,-0.001542,0.000141,0.002656,0.999996,0,0.84520,-0.13286,50.712,-0.266,-1,425.000,-1,400.000,-1,325.000,325.000,300.000,300.000,-1,-1,-1,-1,925.000,825.000,-1,-1,2,0,2,0,2,0,0,0,0,2,2,2,2,0,0,2,2
111,-4880.643,5935.157,350.671,-51.795,0.618478,0.785802,0.000025,-0.785801,0.618477,-0.001769,-0.001406,0.001074,0.999998,0,0.84483,-0.13675,50.690,-0.273,-1,425.000,-1,400.000,-1,325.000,325.000,300.000,300.000,-1,-1,-1,-1,925.000,825.000,-1,-1,2,0,2,0,2,0,0,0,0,2,2,2,2,0,0,2,2
112,-4849.490,5895.172,350.341,-52.077,0.614602,0.788834,0.002188,-0.788831,0.614606,-0.002042,-0.002956,-0.000471,0.999996,0,0.84479,-0.14085,50.688,-0.282,-1,425.000,-1,400.000,-1,325.000,325.000,300.000,300.000,-1,-1,-1,-1,925.000,850.000,-1,-1,2,0,2,0,2,0,0,0,0,2,2,2,2,0,0,2,2
113,-4818.529,5855.017,349.973,-52.367,0.610588,0.791937,0.004321,-0.791936,0.610600,-0.002362,-0.004509,-0.001980,0.999988,0,0.84509,-0.14517,50.706,-0.290,-1,425.000,-1,400.000,-1,325.000,325.000,300.000,300.000,-1,-1,-1,-1,925.000,850.000,-1,-1,2,0,2,0,2,0,0,0,0,2,2,2,2,0,0,2,2
114,-4787.755,5814.670,349.568,-52.666,0.606427,0.795113,0.006426,-0.795116,0.606451,-0.002728,-0.006066,-0.003455,0.999976,0,0.84572,-0.14969,50.743,-0.299,-1,425.000,-1,400.000,-1,325.000,325.000,300.000,300.000,-1,-1,-1,-1,925.000,850.000,-1,-1,2,0,2,0,2,0,0,0,0,2,2,2,2,0,0,2,2
115,-4757.165,5774.113,349.178,-52.975,0.602113,0.798366,0.008434,-0.798373,0.602154,-0.003401,-0.007794,-0.004685,0.999959,0,0.84667,-0.15441,50.800,-0.309,-1,425.000,-1,400.000,-1,325.000,325.000,300.000,300.000,-1,-1,-1,-1,900.000,850.000,-1,-1,2,0,2,0,2,0,0,0,0,2,2,2,2,0,0,2,2
116,-4726.756,5733.324,348.746,-53.294,0.597639,0.801698,0.010416,-0.801709,0.597701,-0.004099,-0.009511,-0.005901,0.999937,0,0.84794,-0.15932,50.876,-0.319,-1,425.000,-1,400.000,-1,325.000,325.000,300.000,300.000,-1,-1,-1,-1,900.000,850.000,-1,-1,2,0,2,0,2,0,0,0,0,2,2,2,2,0,0,2,2
117,-4696.524,5692.286,348.271,-53.623,0.592999,0.805108,0.012375,-0.805125,0.593085,-0.004809,-0.011211,-0.007111,0.999912,0,0.84953,-0.16442,50.972,-0.329,-1,425.000,-1,400.000,-1,325.000,325.000,300.000,300.000,-1,-1,-1,-1,900.000,850.000,-1,-1,2,0,2,0,2,0,0,0,0,2,2,2,2,0,0,2,2
118,-4666.470,5650.977,347.704,-53.962,0.588181,0.808599,0.014558,-0.808624,0.588299,-0.005545,-0.013048,-0.008510,0.999879,0,0.85142,-0.16970,51.085,-0.339,-1,425.000,-1,400.000,-1,325.000,325.000,300.000,300.000,-1,-1,-1,-1,900.000,850.000,-1,-1,2,0,2,0,2,0,0,0,0,2,2,2,2,0,0,2,2
119,-4636.591,5609.378,347.020,-54.312,0.583174,0.812167,0.017101,-0.812207,0.583335,-0.006317,-0.015106,-0.010205,0.999834,0,0.85362,-0.17516,51.217,-0.350,-1,425.000,-1,400.000,-1,325.000,325.000,300.000,300.000,-1,-1,-1,-1,875.000,850.000,-1,-1,2,0,2,0,2,0,0,0,0,2,2,2,2,0,0,2,2
120,-4606.889,5567.469,346.291,-54.674,0.577977,0.815817,0.019624,-0.815873,0.578188,-0.007112,-0.017149,-0.011900,0.999782,0,0.85611,-0.18078,51.367,-0.362,-1,425.000,-1,400.000,-1,325.000,325.000,300.000,300.000,-1,-1,-1,-1,875.000,850.000,-1,-1,2,0,2,0,2,0,0,0,0,2,2,2,2,0,0,2,2
121,-4577.365,5525.231,345.517,-55.047,0.572583,0.819548,0.022127,-0.819622,0.572850,-0.007931,-0.019175,-0.013595,0.999724,0,0.85889,-0.18658,51.534,-0.373,-1,400.000,-1,400.000,-1,325.000,325.000,300.000,300.000,-1,-1,-1,-1,875.000,875.000,-1,-1,2,0,2,0,2,0,0,0,0,2,2,2,2,0,0,2,2
122,-4548.021,5482.644,344.698,-55.432,0.566987,0.823359,0.024610,-0.823454,0.567315,-0.008773,-0.021186,-0.015291,0.999659,0,0.86195,-0.19254,51.717,-0.385,-1,400.000,-1,400.000,-1,325.000,325.000,300.000,300.000,-1,-1,-1,-1,875.000,875.000,-1,-1,2,0,2,0,2,0,0,0,0,2,2,2,2,1,0,2,2
123,-4517.682,5437.914,343.621,-55.852,0.560874,0.827482,0.026348,-0.827589,0.561252,-0.009613,-0.022742,-0.016414,0.999607,0,0.90080,-0.21005,54.048,-0.420,-1,400.000,-1,400.000,-1,325.000,325.000,300.000,300.000,-1,-1,-1,-1,850.000,875.000,-1,-1,2,0,2,0,2,0,0,0,0,2,2,2,2,1,0,2,2
124,-4487.460,5392.655,342.361,-56.267,0.554824,0.831515,0.027460,-0.831624,0.555241,-0.010417,-0.023909,-0.017057,0.999569,0,0.90703,-0.20740,54.422,-0.415,-1,400.000,-1,400.000,-1,325.000,325.000,300.000,300.000,-1,-1,-1,-1,850.000,875.000,-1,-1,2,0,2,0,2,0,0,0,0,2,2,2,2,1,1,2,2
125,-4457.359,5346.873,341.051,-56.676,0.548827,0.835448,0.028574,-0.835560,0.549285,-0.011230,-0.025078,-0.017712,0.999529,0,0.91318,-0.20451,54.791,-0.409,-1,400.000,-1,400.000,-1,325.000,325.000,300.000,300.000,-1,-1,-1,-1,825.000,850.000,-1,-1,2,0,2,0,2,0,0,0,0,2,2,2,2,1,1,2,2
126,-4427.384,5300.576,339.545,-57.079,0.542891,0.839286,0.029469,-0.839379,0.543398,-0.012714,-0.026684,-0.017833,0.999485,0,0.91923,-0.20135,55.154,-0.403,-1,400.000,-1,400.000,-1,325.000,325.000,300.000,300.000,-1,-1,-1,-1,800.000,825.000,1000.000,-1,2,0,2,0,2,0,0,0,0,2,2,2,2,1,1,1,2
127,-4397.537,5253.772,337.869,-57.475,0.537028,0.843025,0.030169,-0.843078,0.537590,-0.014751,-0.028654,-0.017513,0.999436,0,0.92517,-0.19792,55.510,-0.396,1000.000,400.000,-1,400.000,-1,325.000,325.000,300.000,300.000,-1,-1,-1,-1,775.000,800.000,950.000,-1,1,0,2,0,2,0,0,0,0,2,2,2,2,1,1,1,2
128,-4367.823,5206.471,336.148,-57.863,0.531248,0.846654,0.030863,-0.846663,0.531865,-0.016763,-0.030607,-0.017225,0.999383,0,0.93098,-0.19420,55.859,-0.388,925.000,400.000,-1,400.000,-1,325.000,325.000,300.000,300.000,-1,-1,-1,-1,750.000,775.000,875.000,-1,1,0,2,0,2,0,0,0,0,2,2,2,2,1,1,1,2
129,-4338.246,5158.687,334.379,-58.243,0.525563,0.850169,0.031557,-0.850132,0.526236,-0.018736,-0.032535,-0.016981,0.999326,0,0.93663,-0.19017,56.198,-0.380,850.000,400.000,-1,400.000,-1,325.000,325.000,300.000,300.000,-1,-1,-1,-1,725.000,750.000,825.000,-1,1,0,2,0,2,0,0,0,0,2,2,2,2,1,1,1,2
130,-4308.807,5110.431,332.469,-58.615,0.519982,0.853562,0.032421,-0.853495,0.520709,-0.020209,-0.034132,-0.017163,0.999270,0,0.94210,-0.18581,56.526,-0.372,775.000,400.000,-1,400.000,-1,325.000,325.000,300.000,300.000,-1,-1,-1,-1,700.000,700.000,775.000,-1,1,0,2,0,2,0,0,0,0,2,2,2,2,1,1,1,2
131,-4279.512,5061.719,330.480,-58.977,0.514517,0.856831,0.033351,-0.856741,0.515299,-0.021490,-0.035599,-0.017517,0.999213,0,0.94736,-0.18110,56.842,-0.362,700.000,400.000,950.000,400.000,-1,325.000,325.000,300.000,300.000,-1,-1,-1,-1,675.000,675.000,725.000,1000.000,1,0,1,0,2,0,0,0,0,2,2,2,2,1,1,1,1
132,-4250.363,5012.570,328.291,-59.329,0.509145,0.859965,0.035092,-0.859861,0.510016,-0.022852,-0.037549,-0.018539,0.999123,0,0.95238,-0.17602,57.143,-0.352,650.000,400.000,900.000,400.000,-1,325.000,325.000,300.000,300.000,-1,-1,-1,-1,650.000,650.000,675.000,925.000,1,0,1,0,2,0,0,0,0,2,2,2,2,1,1,1,1
133,-4221.363,4963.003,326.059,-59.670,0.503913,0.862969,0.036837,-0.862852,0.504877,-0.024193,-0.039476,-0.019594,0.999028,0,0.95712,-0.17054,57.427,-0.341,575.000,400.000,825.000,400.000,-1,325.000,325.000,300.000,300.000,-1,-1,-1,-1,625.000,600.000,600.000,850.000,1,0,1,0,2,0,0,0,0,2,2,2,2,1,1,1,1
134,-4192.516,4913.040,323.740,-60.000,0.498839,0.865841,0.038447,-0.865700,0.499901,-0.025735,-0.041502,-0.020446,0.998929,0,0.96153,-0.16464,57.692,-0.329,525.000,400.000,775.000,400.000,-1,325.000,325.000,300.000,300.000,-1,-1,-1,-1,600.000,575.000,550.000,775.000,1,0,1,1,2,0,0,0,0,2,2,2,2,1,1,1,1
