timestep,x_cm,y_cm,z_cm,yaw_deg,basis_xx,basis_xy,basis_xz,basis_yx,basis_yy,basis_yz,basis_zx,basis_zy,basis_zz,teleport_flag,throttle_cmd,steering_cmd,cmd_move_cm,cmd_turn_deg,lidar_cm_0,lidar_cm_1,lidar_cm_2,lidar_cm_3,lidar_cm_4,lidar_cm_5,lidar_cm_6,lidar_cm_7,lidar_cm_8,lidar_cm_9,lidar_cm_10,lidar_cm_11,lidar_cm_12,lidar_cm_13,lidar_cm_14,lidar_cm_15,lidar_cm_16,lidar_class_0,lidar_class_1,lidar_class_2,lidar_class_3,lidar_class_4,lidar_class_5,lidar_class_6,lidar_class_7,lidar_class_8,lidar_class_9,lidar_class_10,lidar_class_11,lidar_class_12,lidar_class_13,lidar_class_14,lidar_class_15,lidar_class_16
0,-4266.393,6883.411,12.719,-126.781,-0.595520,0.797033,0.100476,-0.802539,-0.595840,-0.030099,0.035878,-0.098560,0.994484,1,0.08000,-0.12000,4.800,-0.240,-1,400.000,-1,400.000,-1,325.000,325.000,325.000,325.000,-1,-1,-1,-1,750.000,875.000,-1,-1,2,0,2,0,2,0,0,0,0,2,2,2,2,0,0,2,2
1,-4272.191,6875.760,13.110,-127.154,-0.600704,0.793181,0.100092,-0.798648,-0.601044,-0.030119,0.036269,-0.098031,0.994522,0,0.16000,-0.18638,9.600,-0.373,-1,400.000,-1,400.000,-1,325.000,325.000,325.000,325.000,-1,-1,-1,-1,750.000,875.000,-1,-1,2,0,2,0,2,0,0,0,0,2,2,2,2,0,0,2,2
2,-4280.964,6864.340,13.683,-127.528,-0.605900,0.789290,0.099533,-0.794701,-0.606251,-0.030161,0.036536,-0.097374,0.994577,0,0.24000,-0.18710,14.400,-0.374,-1,400.000,-1,400.000,-1,325.000,325.000,325.000,325.000,-1,-1,-1,-1,750.000,875.000,-1,-1,2,0,2,0,2,0,0,0,0,2,2,2,2,0,0,2,2
3,-4292.760,6849.191,14.382,-127.904,-0.611130,0.785330,0.098879,-0.790690,-0.611454,-0.030554,0.036465,-0.096856,0.994630,0,0.32000,-0.18818,19.200,-0.376,-1,400.000,-1,400.000,-1,325.000,325.000,325.000,325.000,-1,-1,-1,-1,750.000,875.000,-1,-1,2,0,2,0,2,0,0,0,0,2,2,2,2,0,0,2,2
4,-4307.630,6830.352,15.278,-128.283,-0.616387,0.781314,0.098058,-0.786608,-0.616674,-0.030994,0.036253,-0.096238,0.994698,0,0.40000,-0.18957,24.000,-0.379,-1,400.000,-1,400.000,-1,325.000,325.000,325.000,325.000,-1,-1,-1,-1,725.000,850.000,-1,-1,2,0,2,0,2,0,0,0,0,2,2,2,2,0,0,2,2
5,-4325.624,6807.865,16.385,-128.666,-0.621679,0.777234,0.097070,-0.782449,-0.621919,-0.031470,0.035910,-0.095517,0.994780,0,0.48000,-0.19124,28.800,-0.382,-1,400.000,-1,400.000,-1,325.000,325.000,325.000,325.000,-1,-1,-1,-1,725.000,850.000,-1,-1,2,0,2,0,2,0,0,0,0,2,2,2,2,0,0,2,2
6,-4346.793,6781.772,17.526,-129.052,-0.626926,0.773029,0.096908,-0.778244,-0.627147,-0.031975,0.036058,-0.095464,0.994780,0,0.56000,-0.19310,33.600,-0.386,-1,400.000,-1,400.000,-1,325.000,325.000,325.000,325.000,-1,-1,-1,-1,725.000,850.000,-1,-1,2,0,2,0,2,0,0,0,0,2,2,2,2,0,0,2,2
7,-4371.189,6752.116,18.870,-129.442,-0.632194,0.768740,0.096800,-0.773963,-0.632396,-0.032509,0.036225,-0.095472,0.994773,0,0.64000,-0.19506,38.400,-0.390,-1,375.000,-1,400.000,-1,325.000,325.000,325.000,325.000,-1,-1,-1,-1,700.000,850.000,-1,-1,2,0,2,0,2,0,0,0,0,2,2,2,2,0,0,2,2
8,-4398.863,6718.944,20.448,-129.836,-0.637485,0.764371,0.096695,-0.769603,-0.637666,-0.033063,0.036387,-0.095494,0.994765,0,0.72000,-0.19702,43.200,-0.394,-1,375.000,-1,400.000,-1,325.000,325.000,325.000,325.000,-1,-1,-1,-1,700.000,850.000,-1,-1,2,0,2,0,2,0,0,0,0,2,2,2,2,0,0,2,2
9,-4429.867,6682.300,22.282,-130.234,-0.642793,0.759924,0.096605,-0.765167,-0.642953,-0.033628,0.036558,-0.095535,0.994755,0,0.80000,-0.19883,48.000,-0.398,-1,375.000,-1,400.000,-1,325.000,325.000,325.000,325.000,-1,-1,-1,-1,700.000,850.000,-1,-1,2,0,2,0,2,0,0,0,0,2,2,2,2,0,0,2,2
10,-4463.002,6643.687,24.360,-130.634,-0.648097,0.755418,0.096507,-0.760662,-0.648260,-0.033947,0.036917,-0.095411,0.994753,0,0.84801,-0.20035,50.881,-0.401,-1,375.000,-1,400.000,-1,300.000,325.000,325.000,325.000,-1,-1,-1,-1,675.000,850.000,-1,-1,2,0,2,0,2,0,0,0,0,2,2,2,2,0,0,2,2
11,-4496.149,6605.607,26.633,-131.037,-0.653365,0.750887,0.096347,-0.756101,-0.653592,-0.033595,0.037746,-0.094798,0.994781,0,0.84141,-0.20136,50.485,-0.403,-1,375.000,-1,425.000,-1,300.000,325.000,325.000,325.000,-1,-1,-1,-1,675.000,850.000,-1,-1,2,0,2,0,2,0,0,0,1,2,2,2,2,0,0,2,2
12,-4529.493,6567.769,28.841,-131.386,-0.657952,0.746970,0.095576,-0.752095,-0.658219,-0.033190,0.038118,-0.093720,0.994869,0,0.84055,-0.17442,50.433,-0.349,-1,375.000,-1,425.000,-1,300.000,325.000,325.000,325.000,-1,-1,-1,-1,675.000,850.000,-1,-1,2,0,2,0,2,0,0,0,1,2,2,2,2,0,0,2,2
13,-4562.795,6530.441,30.708,-131.734,-0.662657,0.743129,0.092982,-0.747991,-0.662905,-0.032667,0.037362,-0.091196,0.995132,0,0.83374,-0.17420,50.025,-0.348,-1,375.000,-1,400.000,-1,300.000,325.000,325.000,325.000,-1,-1,-1,-1,675.000,825.000,-1,-1,2,0,2,0,2,0,0,0,0,2,2,2,2,0,0,2,2
14,-4596.054,6493.612,32.647,-132.081,-0.667301,0.739267,0.090516,-0.743884,-0.667537,-0.032107,0.036687,-0.088758,0.995377,0,0.82706,-0.17336,49.623,-0.347,-1,375.000,-1,400.000,-1,300.000,325.000,325.000,325.000,-1,-1,-1,-1,675.000,825.000,-1,-1,2,0,2,0,2,0,0,0,0,2,2,2,2,0,0,2,2
15,-4629.269,6457.273,34.422,-132.425,-0.671833,0.735456,0.088007,-0.739789,-0.672151,-0.030423,0.036779,-0.085546,0.995655,0,0.82053,-0.17192,49.232,-0.344,-1,350.000,-1,400.000,-1,300.000,325.000,325.000,325.000,-1,-1,-1,-1,675.000,825.000,-1,-1,2,0,2,0,2,0,0,0,0,2,2,2,2,0,0,2,2
16,-4662.443,6421.409,36.206,-132.765,-0.676271,0.731663,0.085592,-0.735717,-0.676692,-0.028428,0.037120,-0.082196,0.995925,0,0.81422,-0.16990,48.853,-0.340,-1,350.000,-1,400.000,-1,300.000,325.000,325.000,325.000,-1,-1,-1,-1,675.000,800.000,-1,-1,2,0,2,0,2,0,0,0,0,2,2,2,2,0,0,2,2
17,-4695.577,6386.005,37.973,-133.099,-0.680579,0.727868,0.083789,-0.731699,-0.681114,-0.026469,0.037803,-0.079322,0.996132,0,0.80817,-0.16733,48.490,-0.335,-1,375.000,-1,400.000,-1,300.000,325.000,325.000,325.000,-1,-1,-1,-1,675.000,800.000,-1,-1,2,0,2,0,2,0,0,0,0,2,2,2,2,0,0,2,2
18,-4728.675,6351.042,39.731,-133.428,-0.684747,0.724091,0.082544,-0.727747,-0.685406,-0.024555,0.038796,-0.076885,0.996285,0,0.80240,-0.16422,48.144,-0.328,-1,375.000,-1,400.000,-1,300.000,325.000,325.000,325.000,-1,-1,-1,-1,675.000,800.000,-1,-1,2,0,2,0,2,0,0,0,0,2,2,2,2,0,0,2,2
19,-4761.742,6316.502,41.576,-133.749,-0.688803,0.720369,0.081357,-0.723856,-0.689579,-0.022649,0.039786,-0.074491,0.996428,0,0.79695,-0.16058,47.817,-0.321,-1,375.000,-1,400.000,-1,300.000,325.000,325.000,325.000,-1,-1,-1,-1,675.000,800.000,-1,-1,2,0,2,0,2,0,0,0,0,2,2,2,2,0,0,2,2
20,-4794.785,6282.362,43.553,-134.062,-0.692719,0.716708,0.080441,-0.720047,-0.693614,-0.020775,0.040906,-0.072312,0.996543,0,0.79185,-0.15644,47.511,-0.313,-1,375.000,-1,400.000,-1,300.000,325.000,325.000,325.000,-1,-1,-1,-1,675.000,800.000,-1,-1,2,0,2,0,2,0,0,0,0,2,2,2,2,0,0,2,2
21,-4827.809,6248.601,45.686,-134.366,-0.696474,0.713118,0.079919,-0.716338,-0.697496,-0.018948,0.042231,-0.070446,0.996621,0,0.78711,-0.15181,47.227,-0.304,-1,375.000,-1,400.000,-1,300.000,325.000,325.000,325.000,-1,-1,-1,-1,700.000,800.000,-1,-1,2,0,2,0,2,0,0,0,0,2,2,2,2,0,0,2,2
22,-4860.822,6215.195,47.900,-134.659,-0.700085,0.709627,0.079433,-0.712731,-0.701228,-0.017138,0.043539,-0.068613,0.996693,0,0.78277,-0.14670,46.966,-0.293,-1,375.000,-1,400.000,-1,300.000,325.000,325.000,350.000,-1,-1,-1,-1,700.000,825.000,-1,-1,2,0,2,0,2,0,0,0,0,2,2,2,2,0,0,2,2
23,-4893.831,6182.119,50.111,-134.941,-0.703584,0.706235,0.078755,-0.709238,-0.704787,-0.016047,0.044172,-0.067146,0.996765,0,0.77882,-0.14115,46.729,-0.282,-1,375.000,-1,400.000,-1,300.000,325.000,325.000,350.000,-1,-1,-1,-1,700.000,825.000,-1,-1,2,0,2,0,2,0,0,0,0,2,2,2,2,0,0,2,2
24,-4926.846,6149.348,52.258,-135.211,-0.706984,0.702942,0.077756,-0.705877,-0.708150,-0.016146,0.043713,-0.066301,0.996842,0,0.77530,-0.13515,46.518,-0.270,-1,375.000,-1,400.000,-1,300.000,325.000,325.000,350.000,-1,-1,-1,-1,700.000,800.000,-1,-1,2,0,2,0,2,0,0,0,0,2,2,2,2,0,0,2,2
25,-4959.875,6116.856,54.490,-135.469,-0.710207,0.699792,0.076795,-0.702660,-0.711341,-0.016195,0.043294,-0.065462,0.996915,0,0.77219,-0.12872,46.331,-0.257,-1,375.000,-1,400.000,-1,300.000,325.000,325.000,350.000,-1,-1,-1,-1,675.000,800.000,-1,-1,2,0,2,0,2,0,0,0,0,2,2,2,2,0,0,2,2
26,-4992.927,6084.618,56.551,-135.713,-0.713216,0.696839,0.075752,-0.699583,-0.714394,-0.014998,0.043665,-0.063692,0.997014,0,0.76952,-0.12187,46.171,-0.244,-1,375.000,-1,400.000,-1,300.000,325.000,325.000,350.000,-1,-1,-1,-1,675.000,800.000,-1,-1,2,0,2,0,2,0,0,0,0,2,2,2,2,0,0,2,2
27,-5026.013,6052.605,58.440,-135.942,-0.716005,0.694093,0.074643,-0.696654,-0.717297,-0.012550,0.044831,-0.060986,0.997131,0,0.76728,-0.11462,46.037,-0.229,-1,375.000,-1,400.000,-1,300.000,325.000,325.000,350.000,-1,-1,-1,-1,675.000,800.000,-1,-1,2,0,2,0,2,0,0,0,0,2,2,2,2,0,0,2,2
28,-5059.139,6020.791,60.422,-136.156,-0.718598,0.691520,0.073598,-0.693902,-0.719999,-0.010097,0.046008,-0.058325,0.997237,0,0.76549,-0.10697,45.929,-0.214,-1,375.000,-1,400.000,-1,300.000,325.000,325.000,350.000,-1,-1,-1,-1,700.000,800.000,-1,-1,2,0,2,0,2,0,0,0,0,2,2,2,2,0,0,2,2
29,-5092.317,5989.148,62.496,-136.354,-0.720988,0.689133,0.072615,-0.691339,-0.722490,-0.007654,0.047189,-0.055720,0.997331,0,0.76414,-0.09893,45.848,-0.198,-1,375.000,-1,400.000,-1,300.000,300.000,325.000,350.000,-1,-1,-1,-1,700.000,800.000,-1,-1,2,0,2,0,2,0,0,0,0,2,2,2,2,0,0,2,2
30,-5125.556,5957.646,64.644,-136.535,-0.723169,0.686940,0.071702,-0.688979,-0.724762,-0.005308,0.048320,-0.053240,0.997412,0,0.76324,-0.09051,45.794,-0.181,-1,375.000,-1,400.000,-1,300.000,325.000,325.000,350.000,-1,-1,900.000,-1,700.000,800.000,-1,-1,2,0,2,0,2,0,0,0,0,2,2,0,2,0,0,2,2
31,-5158.864,5926.258,66.872,-136.698,-0.725133,0.684954,0.070854,-0.686834,-0.726808,-0.003036,0.049418,-0.050867,0.997482,0,0.76279,-0.08171,45.767,-0.163,-1,375.000,-1,400.000,-1,300.000,325.000,325.000,350.000,-1,-1,875.000,950.000,725.000,800.000,-1,-1,2,0,2,0,2,0,0,0,0,2,2,0,1,0,0,2,2
32,-5192.251,5894.954,69.028,-136.843,-0.726923,0.683207,0.069358,-0.684894,-0.728643,-0.000735,0.050035,-0.048037,0.997592,0,0.76278,-0.07255,45.767,-0.145,-1,375.000,-1,400.000,-1,300.000,325.000,325.000,325.000,-1,-1,875.000,925.000,725.000,800.000,-1,-1,2,0,2,0,2,0,0,0,0,2,2,0,1,0,0,2,2
33,-5225.727,5863.706,71.178,-136.969,-0.728511,0.681700,0.067511,-0.683181,-0.730248,0.001556,0.050360,-0.044988,0.997717,0,0.76323,-0.06302,45.794,-0.126,-1,375.000,-1,400.000,-1,300.000,325.000,325.000,325.000,-1,-1,900.000,900.000,725.000,800.000,-1,-1,2,0,2,0,2,0,0,0,0,2,2,0,1,0,0,2,2
34,-5259.300,5832.484,73.412,-137.076,-0.729860,0.680431,0.065710,-0.681719,-0.731604,0.003749,0.050625,-0.042060,0.997832,0,0.76412,-0.05313,45.847,-0.106,-1,375.000,-1,400.000,-1,300.000,325.000,325.000,325.000,-1,-1,925.000,925.000,725.000,800.000,-1,-1,2,0,2,0,2,0,0,0,0,2,2,0,1,0,0,2,2
35,-5292.978,5801.256,75.839,-137.161,-0.730970,0.679402,0.063992,-0.680537,-0.732694,0.005335,0.050512,-0.039649,0.997936,0,0.76547,-0.04288,45.928,-0.086,-1,375.000,-1,400.000,-1,300.000,325.000,325.000,325.000,-1,-1,975.000,925.000,750.000,800.000,-1,-1,2,0,2,0,2,0,0,0,0,2,2,0,1,0,0,2,2
36,-5326.771,5769.993,78.345,-137.226,-0.731825,0.678637,0.062316,-0.679629,-0.733524,0.006856,0.050363,-0.037334,0.998033,0,0.76728,-0.03226,46.037,-0.065,-1,375.000,-1,400.000,-1,325.000,325.000,325.000,325.000,-1,-1,-1,950.000,800.000,800.000,-1,-1,2,0,2,0,2,0,0,0,0,2,2,2,1,0,0,2,2
37,-5360.687,5738.662,80.674,-137.268,-0.732331,0.678121,0.061985,-0.679036,-0.734060,0.008108,0.050999,-0.036152,0.998044,0,0.76953,-0.02129,46.172,-0.043,-1,375.000,-1,400.000,-1,325.000,325.000,325.000,325.000,-1,-1,-1,950.000,825.000,800.000,-1,-1,2,0,2,0,2,0,0,0,0,2,2,2,1,0,0,2,2
38,-5394.733,5707.233,82.970,-137.288,-0.732529,0.677881,0.062278,-0.678750,-0.734312,0.009196,0.051965,-0.035535,0.998016,0,0.77225,-0.00996,46.335,-0.020,-1,400.000,-1,400.000,-1,325.000,325.000,325.000,325.000,-1,-1,1000.000,975.000,875.000,825.000,-1,-1,2,0,2,0,2,0,0,0,0,2,2,0,1,0,0,2,2
39,-5427.847,5676.941,85.276,-137.548,-0.735565,0.674562,0.062526,-0.675378,-0.737401,0.010214,0.052997,-0.034715,0.997991,0,0.74797,-0.12996,44.878,-0.260,-1,400.000,-1,400.000,-1,325.000,325.000,325.000,325.000,-1,-1,975.000,1000.000,900.000,825.000,-1,-1,2,0,2,0,2,0,0,0,0,2,2,0,1,0,0,2,2
40,-5461.288,5646.669,87.679,-137.848,-0.739053,0.670719,0.062745,-0.671480,-0.740938,0.011192,0.053996,-0.033861,0.997967,0,0.75180,-0.14972,45.108,-0.299,-1,400.000,-1,400.000,-1,325.000,325.000,325.000,325.000,-1,-1,950.000,-1,950.000,850.000,-1,-1,2,0,2,0,2,0,0,0,0,2,2,0,2,0,0,2,2
41,-5495.064,5616.390,90.183,-138.123,-0.742248,0.667163,0.062937,-0.667871,-0.744178,0.012121,0.054923,-0.033037,0.997944,0,0.75602,-0.13789,45.361,-0.276,-1,400.000,-1,400.000,-1,325.000,325.000,325.000,325.000,-1,-1,925.000,-1,1000.000,875.000,-1,-1,2,0,2,0,2,0,0,0,0,2,2,0,2,0,0,2,2
42,-5529.176,5586.078,92.530,-138.375,-0.745198,0.663906,0.062520,-0.664573,-0.747119,0.012448,0.054974,-0.032273,0.997966,0,0.76056,-0.12579,45.634,-0.252,-1,400.000,-1,400.000,-1,325.000,325.000,325.000,325.000,-1,-1,975.000,-1,-1,875.000,-1,-1,2,0,2,0,2,0,0,0,0,2,2,0,2,2,0,2,2
43,-5563.625,5555.708,94.786,-138.602,-0.747873,0.660950,0.061892,-0.661612,-0.749750,0.012043,0.054363,-0.031942,0.998010,0,0.76541,-0.11341,45.925,-0.227,-1,400.000,-1,400.000,-1,325.000,325.000,325.000,325.000,-1,-1,-1,-1,-1,875.000,-1,-1,2,0,2,0,2,0,0,0,0,2,2,2,2,2,0,2,2
44,-5600.167,5523.581,97.234,-138.679,-0.748812,0.659949,0.061217,-0.660613,-0.750637,0.011552,0.053575,-0.031790,0.998058,0,0.81094,-0.03835,48.656,-0.077,-1,400.000,-1,400.000,-1,325.000,325.000,325.000,325.000,-1,-1,-1,-1,-1,875.000,-1,-1,2,0,2,0,2,0,0,0,0,2,2,2,2,2,0,2,2
45,-5636.984,5491.270,99.760,-138.730,-0.749457,0.659281,0.060522,-0.659952,-0.751227,0.010972,0.052700,-0.031719,0.998107,0,0.81641,-0.02555,48.985,-0.051,-1,400.000,-1,400.000,-1,325.000,325.000,325.000,325.000,-1,-1,-1,-1,-1,875.000,-1,-1,2,0,2,0,2,0,0,0,0,2,2,2,2,2,0,2,2
46,-5674.064,5458.757,102.222,-138.754,-0.749794,0.658966,0.059780,-0.659614,-0.751525,0.010959,0.052147,-0.031215,0.998151,0,0.82193,-0.01241,49.316,-0.025,-1,400.000,-1,400.000,-1,325.000,325.000,325.000,325.000,-1,-1,-1,-1,-1,875.000,-1,-1,2,0,2,0,2,0,0,0,0,2,2,2,2,2,0,2,2
47,-5711.395,5426.022,104.632,-138.752,-0.749815,0.659012,0.058993,-0.659610,-0.751521,0.011463,0.051888,-0.030318,0.998193,0,0.82750,0.00107,49.650,0.002,-1,425.000,-1,400.000,-1,325.000,325.000,325.000,325.000,-1,-1,-1,-1,-1,875.000,-1,-1,2,0,2,0,2,0,0,0,0,2,2,2,2,2,0,2,2
48,-5748.961,5393.046,107.113,-138.723,-0.749520,0.659419,0.058191,-0.659971,-0.751197,0.011899,0.051559,-0.029486,0.998235,0,0.83310,0.01489,49.986,0.030,-1,425.000,-1,400.000,-1,325.000,325.000,325.000,325.000,-1,-1,-1,-1,-1,875.000,-1,-1,2,0,2,0,2,0,0,0,0,2,2,2,2,2,0,2,2
49,-5786.747,5359.809,109.667,-138.664,-0.748900,0.660195,0.057374,-0.660705,-0.750545,0.012263,0.051157,-0.028724,0.998277,0,0.83874,0.02903,50.324,0.058,-1,425.000,-1,425.000,-1,325.000,325.000,325.000,325.000,-1,-1,-1,-1,-1,925.000,-1,-1,2,0,2,0,2,0,0,0,0,2,2,2,2,2,0,2,2
50,-5824.737,5326.289,112.096,-138.577,-0.747956,0.661332,0.056595,-0.661860,-0.749539,0.011514,0.050034,-0.028846,0.998331,0,0.84441,0.04351,50.664,0.087,-1,450.000,-1,425.000,-1,325.000,325.000,325.000,325.000,-1,-1,-1,-1,-1,1000.000,-1,-1,2,0,2,0,2,0,0,0,0,2,2,2,2,2,0,2,2
51,-5862.748,5292.632,113.877,-138.477,-0.746954,0.662624,0.054677,-0.663241,-0.748357,0.008576,0.046600,-0.029858,0.998467,0,0.84617,0.05019,50.770,0.100,-1,450.000,-1,400.000,-1,325.000,325.000,325.000,325.000,-1,-1,-1,-1,-1,1000.000,-1,-1,2,0,2,0,2,0,0,0,0,2,2,2,2,2,0,2,2
52,-5900.725,5258.874,115.670,-138.367,-0.745835,0.664044,0.052683,-0.664744,-0.747052,0.005422,0.042957,-0.030977,0.998597,0,0.84687,0.05527,50.812,0.111,-1,450.000,-1,400.000,-1,325.000,325.000,325.000,325.000,-1,-1,-1,-1,-1,-1,-1,-1,2,0,2,0,2,0,0,0,0,2,2,2,2,2,2,2,2
53,-5938.651,5225.018,117.481,-138.246,-0.744596,0.665592,0.050644,-0.666368,-0.745620,0.002044,0.039122,-0.032226,0.998715,0,0.84732,0.06043,50.839,0.121,-1,450.000,-1,400.000,-1,350.000,325.000,325.000,325.000,-1,-1,-1,-1,-1,-1,-1,-1,2,0,2,0,2,0,0,0,0,2,2,2,2,2,2,2,2
54,-5977.565,5190.186,119.361,-138.169,-0.743877,0.666555,0.048492,-0.667399,-0.744699,-0.001650,0.035012,-0.033591,0.998822,0,0.87046,0.03818,52.227,0.076,-1,450.000,-1,400.000,-1,350.000,325.000,325.000,325.000,-1,-1,-1,-1,-1,-1,-1,-1,2,0,2,0,2,0,0,0,0,2,2,2,2,2,2,2,2
55,-6016.576,5155.162,120.952,-138.083,-0.742993,0.667641,0.047092,-0.668550,-0.743650,-0.005034,0.031659,-0.035224,0.998878,0,0.87377,0.04325,52.426,0.086,-1,475.000,-1,400.000,-1,350.000,325.000,325.000,325.000,-1,-1,-1,-1,-1,-1,-1,-1,2,0,2,0,2,0,0,0,0,2,2,2,2,2,2,2,2
56,-6054.648,5120.586,122.321,-137.756,-0.739267,0.671815,0.046356,-0.672802,-0.739776,-0.008358,0.028678,-0.037367,0.998890,0,0.85716,0.16325,51.430,0.326,-1,475.000,-1,425.000,-1,350.000,350.000,325.000,325.000,-1,-1,-1,-1,-1,-1,-1,-1,2,0,2,0,2,0,0,0,0,2,2,2,2,2,2,2,2
57,-6092.508,5085.512,123.677,-137.190,-0.732683,0.679032,0.045726,-0.680095,-0.733028,-0.011906,0.025433,-0.039822,0.998883,0,0.86016,0.28325,51.610,0.566,-1,475.000,-1,425.000,-1,350.000,350.000,325.000,325.000,-1,-1,-1,-1,-1,-1,-1,-1,2,0,2,0,2,0,0,0,0,2,2,2,2,2,2,2,2
58,-6130.004,5049.783,125.013,-136.383,-0.723153,0.689203,0.045264,-0.690340,-0.723314,-0.015700,0.021919,-0.042601,0.998852,0,0.86322,0.40325,51.793,0.806,-1,475.000,-1,425.000,-1,375.000,350.000,325.000,325.000,-1,-1,-1,-1,-1,-1,-1,-1,2,0,2,0,2,0,0,0,0,2,2,2,2,2,2,2,2
59,-6166.975,5013.241,126.326,-135.337,-0.710552,0.702202,0.045039,-0.703411,-0.710508,-0.019752,0.018130,-0.045716,0.998790,0,0.86638,0.52325,51.983,1.046,-1,475.000,-1,450.000,-1,375.000,350.000,325.000,325.000,-1,-1,-1,-1,-1,-1,-1,-1,2,0,2,0,2,0,0,0,0,2,2,2,2,2,2,2,2
60,-6203.254,4975.736,127.397,-134.050,-0.694759,0.717879,0.044278,-0.719118,-0.694468,-0.024148,0.013415,-0.048618,0.998727,0,0.86969,0.64325,52.182,1.286,-1,475.000,-1,450.000,-1,375.000,375.000,325.000,325.000,-1,-1,-1,-1,-1,-1,-1,-1,2,0,2,0,2,0,0,0,0,2,2,2,2,2,2,2,2
61,-6238.665,4937.122,127.148,-132.524,-0.675729,0.736133,0.038726,-0.737137,-0.675106,-0.029349,0.004539,-0.048378,0.998819,0,0.87322,0.76325,52.393,1.526,-1,-1,-1,450.000,-1,375.000,350.000,325.000,325.000,-1,-1,-1,-1,-1,-1,-1,-1,2,2,2,0,2,0,0,0,0,2,2,2,2,2,2,2,2
62,-6273.078,4897.314,126.679,-130.843,-0.654145,0.755643,0.033129,-0.756356,-0.653252,-0.034442,-0.004384,-0.047588,0.998857,0,0.87701,0.84027,52.620,1.681,-1,-1,-1,450.000,-1,375.000,350.000,325.000,325.000,-1,-1,-1,-1,-1,-1,-1,-1,2,2,2,0,2,0,0,0,0,2,2,2,2,2,2,2,2
63,-6306.455,4856.326,125.926,-129.156,-0.631840,0.774614,0.027430,-0.774990,-0.630762,-0.039102,-0.012987,-0.045965,0.998859,0,0.88098,0.84384,52.859,1.688,-1,-1,-1,450.000,-1,350.000,350.000,325.000,300.000,-1,-1,-1,-1,-1,-1,-1,-1,2,2,2,0,2,0,0,0,0,2,2,2,2,2,2,2,2
64,-6338.748,4814.180,124.789,-127.461,-0.608837,0.792952,0.023344,-0.793020,-0.607589,-0.044208,-0.020872,-0.045428,0.998750,0,0.88493,0.84751,53.096,1.695,-1,-1,-1,425.000,-1,350.000,350.000,325.000,300.000,-1,-1,-1,-1,-1,-1,-1,-1,2,2,2,0,2,1,0,0,0,2,2,2,2,2,2,2,2
65,-6369.911,4770.902,123.251,-125.758,-0.585181,0.810630,0.020998,-0.810420,-0.583744,-0.049618,-0.027964,-0.046053,0.998548,0,0.88884,0.85129,53.330,1.703,-1,-1,-1,425.000,-1,700.000,350.000,325.000,275.000,-1,-1,-1,-1,-1,-1,-1,-1,2,2,2,0,2,1,0,0,0,2,2,2,2,2,2,2,2
66,-6399.898,4726.522,121.589,-124.048,-0.560898,0.827666,0.019015,-0.827139,-0.559271,-0.055294,-0.035131,-0.046742,0.998289,0,0.89268,0.85521,53.561,1.710,-1,-1,-1,425.000,-1,825.000,450.000,325.000,275.000,-1,-1,-1,-1,-1,-1,-1,-1,2,2,2,0,2,1,1,0,0,2,2,2,2,2,2,2,2
67,-6426.151,4685.432,119.978,-122.577,-0.539636,0.841715,0.017584,-0.840870,-0.537828,-0.060644,-0.041588,-0.047511,0.998005,0,0.81268,0.73521,48.761,1.470,-1,-1,-1,575.000,-1,900.000,625.000,325.000,275.000,-1,-1,-1,-1,-1,-1,-1,-1,2,2,2,1,2,1,1,0,0,2,2,2,2,2,2,2,2
68,-6449.000,4647.872,112.589,-121.347,-0.523176,0.851794,0.027114,-0.849644,-0.518853,-0.094324,-0.066277,-0.072385,0.995172,0,0.73268,0.61521,43.961,1.230,-1,-1,-1,550.000,-1,825.000,575.000,250.000,300.000,-1,-1,-1,-1,-1,-1,-1,-1,2,2,2,1,2,1,1,0,0,2,2,2,2,2,2,2,2
69,-6468.763,4614.060,105.599,-120.356,-0.510769,0.858904,0.037400,-0.855098,-0.503038,-0.125541,-0.089014,-0.096103,0.991383,0,0.65268,0.49521,39.161,0.990,-1,-1,-1,550.000,-1,750.000,550.000,200.000,325.000,-1,-1,-1,-1,-1,-1,-1,-1,2,2,2,1,2,1,1,0,0,2,2,2,2,2,2,2,2
70,-6485.707,4584.162,99.473,-119.606,-0.502170,0.863487,0.047069,-0.857949,-0.490649,-0.152274,-0.108392,-0.116850,0.987217,0,0.57268,0.37521,34.361,0.750,-1,-1,-1,525.000,-1,700.000,525.000,175.000,350.000,-1,-1,-1,-1,-1,975.000,-1,-1,2,2,2,1,2,1,1,0,0,2,2,2,2,2,1,2,2
71,-6500.050,4558.309,94.213,-119.096,-0.497204,0.865847,0.055642,-0.858649,-0.481837,-0.174801,-0.124541,-0.134689,0.983030,0,0.49268,0.25521,29.561,0.510,-1,-1,-1,525.000,-1,675.000,500.000,125.000,375.000,-1,-1,-1,-1,-1,950.000,-1,-1,2,2,2,1,2,1,1,0,0,2,2,2,2,2,1,2,2
72,-6511.958,4536.595,89.817,-118.825,-0.495695,0.866226,0.062755,-0.857527,-0.476707,-0.193385,-0.137599,-0.149674,0.979114,0,0.41268,0.13521,24.761,0.270,-1,-1,-1,500.000,-1,625.000,475.000,100.000,400.000,-1,-1,-1,-1,-1,900.000,-1,-1,2,2,2,1,2,1,1,0,0,2,2,2,2,2,1,2,2
73,-6521.546,4519.084,86.210,-118.795,-0.497439,0.864834,0.067949,-0.854841,-0.475343,-0.208079,-0.147654,-0.161592,0.975749,0,0.33268,0.01521,19.961,0.030,-1,-1,-1,500.000,-1,600.000,450.000,100.000,425.000,-1,-1,-1,-1,-1,875.000,-1,-1,2,2,2,1,2,1,1,0,0,2,2,2,2,2,1,2,2
74,-6528.879,4505.810,83.154,-119.004,-0.502124,0.861898,0.070736,-0.850942,-0.477843,-0.218092,-0.154172,-0.169701,0.973361,0,0.25268,-0.10479,15.161,-0.210,-1,-1,-1,475.000,-1,575.000,450.000,75.000,425.000,-1,-1,-1,-1,-1,850.000,-1,-1,2,2,2,1,2,1,1,0,0,2,2,2,2,2,1,2,2
75,-6533.961,4496.777,81.070,-119.454,-0.509901,0.857230,0.071816,-0.845548,-0.484087,-0.225184,-0.158269,-0.175546,0.971666,0,0.17268,-0.22479,10.361,-0.450,-1,-1,-1,475.000,-1,550.000,425.000,75.000,450.000,-1,0.000,-1,-1,-1,825.000,-1,-1,2,2,2,1,2,1,1,0,0,2,0,2,2,2,1,2,2
76,-6536.747,4491.959,79.947,-120.143,-0.520681,0.850777,0.071200,-0.838621,-0.494041,-0.229428,-0.160016,-0.179168,0.970718,0,0.09268,-0.34479,5.561,-0.690,-1,-1,-1,450.000,-1,525.000,425.000,75.000,450.000,-1,0.000,-1,-1,-1,800.000,-1,-1,2,2,2,1,2,1,1,0,0,2,0,2,2,2,1,2,2
77,-6537.139,4491.302,79.764,-121.073,-0.534384,0.842423,0.068974,-0.830063,-0.507642,-0.230855,-0.159463,-0.180618,0.970540,0,0.01268,-0.46479,0.761,-0.930,-1,-1,-1,450.000,-1,525.000,400.000,75.000,450.000,-1,0.000,-1,-1,-1,800.000,-1,-1,2,2,2,1,2,1,1,0,0,2,0,2,2,2,1,2,2
78,-6534.990,4494.717,80.498,-122.243,-0.550935,0.831989,0.065303,-0.819716,-0.524797,-0.229464,-0.156641,-0.179950,0.971124,0,-0.06732,-0.58479,-4.039,-1.170,-1,-1,-1,425.000,-1,500.000,400.000,75.000,450.000,-1,0.000,-1,-1,-1,775.000,-1,-1,2,2,2,1,2,1,1,0,0,2,0,2,2,2,1,2,2
79,-6530.103,4502.076,82.119,-123.652,-0.570258,0.819240,0.060425,-0.807363,-0.545379,-0.225227,-0.151561,-0.177222,0.972431,0,-0.14732,-0.70479,-8.839,-1.410,-1,-1,-1,425.000,-1,500.000,375.000,75.000,425.000,-1,0.000,-1,-1,-1,775.000,-1,-1,2,2,2,1,2,1,1,0,0,2,0,2,2,2,1,2,2
80,-6523.215,4511.829,84.291,-125.302,-0.592396,0.803779,0.054838,-0.792512,-0.569145,-0.219085,-0.144885,-0.173245,0.974164,0,-0.19908,-0.82479,-11.945,-1.650,-1,-1,-1,400.000,-1,475.000,350.000,75.000,425.000,-1,-1,-1,-1,-1,750.000,-1,-1,2,2,2,1,2,1,1,0,0,2,2,2,2,2,1,2,2
81,-6515.934,4521.518,86.347,-126.995,-0.614660,0.787245,0.049385,-0.776693,-0.593120,-0.212031,-0.137629,-0.168684,0.976014,0,-0.20209,-0.84651,-12.125,-1.693,-1,-1,-1,375.000,-1,475.000,350.000,100.000,400.000,-1,-1,-1,-1,-1,750.000,-1,-1,2,2,2,1,2,1,1,1,0,2,2,2,2,2,1,2,2
82,-6508.255,4531.134,88.308,-128.683,-0.636387,0.770098,0.044280,-0.760353,-0.616596,-0.204140,-0.129905,-0.163580,0.977940,0,-0.20516,-0.84422,-12.310,-1.688,-1,-1,-1,350.000,-1,450.000,325.000,100.000,400.000,-1,-1,-1,-1,-1,750.000,-1,-1,2,2,2,1,2,1,1,1,0,2,2,2,2,2,1,2,2
83,-6500.179,4540.660,90.294,-130.367,-0.657632,0.752293,0.039684,-0.743388,-0.639511,-0.195956,-0.122038,-0.158368,0.979809,0,-0.20820,-0.84200,-12.492,-1.684,-1,-1,-1,350.000,-1,450.000,300.000,125.000,375.000,-1,-1,-1,-1,-1,725.000,-1,-1,2,2,2,1,2,1,1,1,0,2,2,2,2,2,1,2,2
84,-6491.707,4550.078,92.302,-132.047,-0.678382,0.733846,0.035612,-0.725805,-0.661849,-0.187517,-0.114039,-0.153055,0.981616,0,-0.21120,-0.83986,-12.672,-1.680,-1,1000.000,-1,325.000,-1,425.000,300.000,325.000,375.000,-1,-1,-1,-1,-1,725.000,-1,-1,2,1,2,1,2,1,1,1,0,2,2,2,2,2,1,2,2
85,-6482.839,4559.372,94.317,-133.723,-0.698617,0.714779,0.032016,-0.707607,-0.683596,-0.178851,-0.105953,-0.147603,0.983355,0,-0.21415,-0.83778,-12.849,-1.676,-1,925.000,-1,300.000,-1,425.000,275.000,400.000,350.000,-1,-1,-1,-1,-1,725.000,-1,-1,2,1,2,1,2,1,1,1,0,2,2,2,2,2,1,2,2
86,-6473.580,4568.526,96.325,-135.394,-0.718321,0.695113,0.028854,-0.688800,-0.704741,-0.169985,-0.097824,-0.141978,0.985024,0,-0.21706,-0.83576,-13.024,-1.672,-1,850.000,-1,300.000,-1,400.000,250.000,500.000,350.000,-1,-1,-1,-1,-1,725.000,-1,-1,2,1,2,0,2,1,1,1,0,2,2,2,2,2,1,2,2
87,-6463.931,4577.524,98.343,-137.062,-0.737482,0.674858,0.026222,-0.669396,-0.725260,-0.160958,-0.089606,-0.136256,0.986613,0,-0.21993,-0.83380,-13.196,-1.668,-1,825.000,-1,300.000,-1,400.000,250.000,575.000,350.000,-1,-1,-1,-1,-1,725.000,-1,-1,2,1,2,0,2,1,1,1,0,2,2,2,2,2,1,2,2
88,-6453.898,4586.349,100.366,-138.725,-0.756083,0.654031,0.024125,-0.649406,-0.745136,-0.151804,-0.081308,-0.130443,0.988116,0,-0.22275,-0.83190,-13.365,-1.664,-1,825.000,-1,325.000,-1,375.000,250.000,650.000,350.000,-1,-1,-1,-1,-1,725.000,-1,-1,2,1,2,0,2,1,0,1,0,2,2,2,2,2,1,2,2
89,-6443.484,4594.986,102.394,-140.386,-0.774106,0.632654,0.022565,-0.628840,-0.764355,-0.142555,-0.072940,-0.124542,0.989530,0,-0.22553,-0.83005,-13.532,-1.660,-1,825.000,-1,325.000,-1,375.000,250.000,725.000,350.000,-1,-1,-1,-1,-1,725.000,-1,-1,2,1,2,0,2,1,0,1,0,2,2,2,2,2,1,2,2
90,-6436.628,4600.391,103.821,-141.806,-0.789154,0.613819,0.021495,-0.610551,-0.780183,-0.136167,-0.066811,-0.120580,0.990453,0,-0.14553,-0.71005,-8.732,-1.420,-1,800.000,-1,350.000,-1,350.000,275.000,775.000,350.000,-1,-1,-1,-1,-1,725.000,-1,-1,2,1,2,0,2,1,0,1,0,2,2,2,2,2,1,2,2
91,-6433.492,4602.759,104.682,-143.020,-0.801756,0.597297,0.020599,-0.594341,-0.793218,-0.132531,-0.062821,-0.118500,0.990965,0,-0.06553,-0.60721,-3.932,-1.214,-1,775.000,-1,350.000,-1,350.000,275.000,850.000,350.000,-1,-1,-1,-1,-1,700.000,-1,-1,2,1,2,0,2,1,0,1,0,2,2,2,2,2,0,2,2
92,-6434.198,4602.252,105.086,-144.229,-0.814063,0.580449,0.019503,-0.577619,-0.805684,-0.131259,-0.060476,-0.118119,0.991156,0,0.01447,-0.60469,0.868,-1.209,-1,750.000,-1,350.000,-1,325.000,275.000,900.000,350.000,-1,-1,-1,-1,-1,725.000,-1,-1,2,1,2,0,2,1,0,1,0,2,2,2,2,2,0,2,2
93,-6438.867,4599.033,105.074,-145.432,-0.826031,0.563334,0.018077,-0.560457,-0.817572,-0.132153,-0.059667,-0.119294,0.991065,0,0.09447,-0.60120,5.668,-1.202,-1,725.000,-1,350.000,-1,325.000,275.000,950.000,350.000,-1,-1,-1,-1,-1,700.000,-1,-1,2,1,2,0,2,1,0,1,0,2,2,2,2,2,0,2,2
94,-6447.608,4593.270,104.698,-146.625,-0.837621,0.546011,0.016213,-0.542919,-0.828869,-0.134968,-0.060256,-0.121854,0.990717,0,0.17447,-0.59677,10.468,-1.194,-1,675.000,-1,350.000,-1,300.000,275.000,-1,375.000,-1,-1,-1,-1,-1,700.000,-1,-1,2,1,2,0,2,1,0,2,0,2,2,2,2,2,0,2,2
95,-6460.527,4585.128,104.012,-147.808,-0.848798,0.528537,0.013827,-0.525060,-0.839567,-0.139425,-0.062082,-0.125604,0.990136,0,0.25447,-0.59137,15.268,-1.183,-1,625.000,-1,350.000,-1,300.000,275.000,-1,375.000,-1,-1,-1,-1,-1,700.000,-1,-1,2,1,2,0,2,1,0,2,0,2,2,2,2,2,0,2,2
96,-6477.724,4574.778,103.078,-148.984,-0.859579,0.510887,0.010864,-0.506858,-0.849713,-0.145197,-0.064948,-0.130315,0.989343,0,0.33447,-0.58781,20.068,-1.176,-1,575.000,-1,325.000,-1,275.000,250.000,-1,375.000,-1,-1,-1,-1,-1,675.000,-1,-1,2,1,2,0,2,1,0,2,0,2,2,2,2,2,0,2,2
97,-6499.292,4562.392,101.887,-150.157,-0.869983,0.493033,0.006947,-0.488249,-0.859403,-0.151789,-0.068866,-0.135446,0.988389,0,0.41447,-0.58685,24.868,-1.174,-1,525.000,-1,325.000,-1,275.000,250.000,-1,375.000,-1,-1,-1,-1,1000.000,650.000,-1,-1,2,1,2,0,2,1,0,2,0,2,2,2,2,1,0,2,2
98,-6525.321,4548.146,100.474,-151.329,-0.879977,0.475011,0.002301,-0.469324,-0.868672,-0.158569,-0.073323,-0.140617,0.987345,0,0.49447,-0.58582,29.668,-1.172,-1,500.000,-1,325.000,-1,275.000,250.000,-1,400.000,-1,-1,-1,-1,925.000,625.000,-1,-1,2,1,2,0,2,1,0,2,0,2,2,2,2,1,0,2,2
99,-6555.893,4532.220,98.585,-152.499,-0.889499,0.456929,-0.002588,-0.450394,-0.877704,-0.163650,-0.077048,-0.144401,0.986515,0,0.57447,-0.58481,34.468,-1.170,-1,450.000,-1,300.000,-1,250.000,250.000,-1,400.000,-1,-1,-1,-1,850.000,600.000,-1,-1,2,1,2,0,2,1,0,2,0,2,2,2,2,1,0,2,2
100,-6591.086,4514.792,96.668,-153.667,-0.898589,0.438721,-0.007902,-0.431281,-0.886381,-0.168301,-0.080842,-0.147825,0.985704,0,0.65447,-0.58392,39.268,-1.168,-1,425.000,-1,300.000,-1,250.000,225.000,-1,375.000,-1,-1,-1,-1,775.000,575.000,1000.000,-1,2,1,2,0,2,1,0,2,0,2,2,2,2,1,0,1,2
101,-6631.016,4496.137,94.894,-154.966,-0.908188,0.418339,-0.013639,-0.410037,-0.895763,-0.171691,-0.084042,-0.150335,0.985056,0,0.73447,-0.64998,44.068,-1.300,-1,400.000,-1,300.000,-1,250.000,225.000,-1,375.000,-1,-1,-1,-1,700.000,550.000,950.000,-1,2,1,2,0,2,1,0,2,0,2,2,2,2,1,0,1,2
102,-6675.744,4476.440,92.898,-156.241,-0.917154,0.398133,-0.017858,-0.389210,-0.904433,-0.174688,-0.085701,-0.153265,0.984462,0,0.81447,-0.63717,48.868,-1.274,975.000,375.000,-1,300.000,-1,250.000,225.000,-1,375.000,-1,-1,-1,-1,650.000,550.000,900.000,-1,1,1,2,0,2,1,0,2,0,2,2,2,2,1,0,1,2
103,-6725.323,4455.884,90.928,-157.486,-0.925451,0.378237,-0.021831,-0.368778,-0.912519,-0.176951,-0.086851,-0.155709,0.983978,0,0.89447,-0.62263,53.668,-1.245,875.000,350.000,-1,300.000,-1,250.000,225.000,-1,375.000,-1,-1,-1,-1,600.000,525.000,850.000,-1,1,1,2,0,2,1,0,2,0,2,2,2,2,1,0,1,2
104,-6779.800,4434.639,89.116,-158.699,-0.933080,0.358762,-0.025519,-0.348906,-0.920105,-0.177964,-0.087327,-0.157151,0.983706,0,0.97447,-0.60621,58.468,-1.212,800.000,350.000,-1,300.000,-1,250.000,225.000,-1,375.000,-1,-1,-1,-1,550.000,525.000,750.000,-1,1,1,2,0,2,1,0,2,0,2,2,2,2,1,0,1,2
105,-6836.140,4413.994,87.701,-159.874,-0.940059,0.339817,-0.028512,-0.329833,-0.927293,-0.177025,-0.086595,-0.157010,0.983793,0,1.00000,-0.58778,60.000,-1.176,725.000,325.000,-1,300.000,-1,250.000,225.000,-1,350.000,-1,-1,-1,-1,525.000,525.000,675.000,-1,1,1,2,0,2,1,0,2,0,2,2,2,2,1,0,1,2
106,-6892.221,4394.675,83.527,-161.010,-0.946999,0.320795,-0.016853,-0.312538,-0.932210,-0.182497,-0.074255,-0.167557,0.983062,0,0.98856,-0.56819,59.314,-1.136,675.000,325.000,-1,300.000,-1,250.000,250.000,-1,375.000,-1,0.000,-1,-1,500.000,575.000,600.000,-1,1,1,2,0,2,1,0,2,0,2,0,2,2,0,0,1,2
107,-6947.843,4376.706,79.233,-162.116,-0.953259,0.302145,-0.002487,-0.296294,-0.936351,-0.188299,-0.059223,-0.178760,0.982109,0,0.97420,-0.55276,58.452,-1.106,625.000,325.000,-1,325.000,-1,250.000,250.000,-1,400.000,-1,0.000,-1,-1,525.000,650.000,825.000,-1,1,1,2,0,2,1,0,2,0,2,0,2,2,0,0,1,2
108,-7002.894,4360.089,75.944,-163.216,-0.958866,0.283693,0.009670,-0.280226,-0.940615,-0.191618,-0.045265,-0.186446,0.981422,0,0.95835,-0.55025,57.501,-1.100,600.000,300.000,-1,350.000,-1,250.000,275.000,-1,400.000,-1,0.000,0.000,-1,575.000,750.000,850.000,-1,1,1,2,0,2,1,0,2,0,2,0,0,2,0,0,1,2
109,-7057.275,4344.812,73.574,-164.314,-0.963935,0.265393,0.019912,-0.264169,-0.945032,-0.192691,-0.032321,-0.191002,0.981057,0,0.94139,-0.54860,56.483,-1.097,625.000,325.000,-1,375.000,-1,275.000,275.000,-1,400.000,-1,0.000,0.000,-1,625.000,850.000,875.000,-1,1,0,2,0,2,0,0,2,0,2,0,0,2,0,0,1,2
110,-7110.924,4330.848,72.038,-165.409,-0.968549,0.247186,0.028500,-0.247992,-0.949597,-0.191742,-0.020332,-0.192779,0.981032,0,0.92388,-0.54784,55.433,-1.096,625.000,325.000,-1,400.000,-1,275.000,300.000,-1,400.000,-1,0.000,0.000,-1,675.000,925.000,925.000,-1,1,0,2,0,2,0,0,2,0,2,0,0,2,0,0,1,2
111,-7160.114,4318.833,71.196,-166.265,-0.971835,0.233029,0.035129,-0.235429,-0.953394,-0.188714,-0.010484,-0.191669,0.981404,0,0.84388,-0.42784,50.633,-0.856,650.000,350.000,-1,425.000,-1,300.000,325.000,-1,400.000,-1,0.000,0.000,-1,725.000,1000.000,975.000,-1,1,0,2,0,2,0,0,2,0,2,0,0,2,0,0,1,2
112,-7204.756,4308.441,70.775,-166.881,-0.974007,0.222917,0.040239,-0.226506,-0.956470,-0.184012,-0.002532,-0.188343,0.982100,0,0.76388,-0.30784,45.833,-0.616,650.000,375.000,-1,450.000,-1,325.000,325.000,-1,400.000,-1,0.000,0.000,-1,800.000,-1,-1,-1,1,0,2,0,2,0,0,2,0,2,0,0,2,0,2,2,2
113,-7247.769,4298.728,70.754,-167.256,-0.975201,0.216841,0.044294,-0.221286,-0.958797,-0.178162,0.003836,-0.183546,0.983004,0,0.73492,-0.18784,44.095,-0.376,675.000,400.000,-1,450.000,-1,325.000,350.000,-1,400.000,-1,0.000,0.000,-1,850.000,-1,-1,-1,1,0,2,0,2,0,0,2,0,2,0,0,2,0,2,2,2
114,-7290.160,4289.260,70.734,-167.392,-0.975509,0.214766,0.047511,-0.219791,-0.960183,-0.172453,0.008583,-0.178672,0.983871,0,0.72392,-0.06784,43.435,-0.136,675.000,425.000,-1,475.000,-1,350.000,350.000,-1,400.000,-1,0.000,0.000,-1,900.000,-1,-1,-1,1,0,2,0,2,0,0,2,0,2,0,0,2,0,2,2,2
115,-7331.979,4279.825,69.377,-167.288,-0.975165,0.216510,0.046662,-0.221358,-0.959769,-0.172754,0.007382,-0.178792,0.983859,0,0.71451,0.05216,42.870,0.104,650.000,425.000,-1,475.000,-1,350.000,350.000,600.000,400.000,-1,0.000,0.000,-1,875.000,-1,-1,-1,1,0,2,0,2,0,0,1,0,2,0,0,2,0,2,2,2
116,-7373.281,4270.248,68.182,-166.943,-0.973924,0.222303,0.045316,-0.226817,-0.958579,-0.172281,0.005140,-0.178067,0.984005,0,0.70665,0.17216,42.399,0.344,625.000,425.000,-1,475.000,-1,350.000,350.000,525.000,375.000,-1,0.000,0.000,-1,875.000,-1,-1,-1,1,0,2,0,2,0,0,1,0,2,0,0,2,0,2,2,2
117,-7414.112,4260.341,67.089,-166.359,-0.971707,0.232128,0.043610,-0.236180,-0.956509,-0.171199,0.001973,-0.176655,0.984271,0,0.70028,0.29216,42.017,0.584,600.000,425.000,-1,475.000,-1,350.000,350.000,475.000,375.000,-1,0.000,0.000,-1,875.000,-1,-1,-1,1,0,2,0,2,0,0,1,0,2,1,0,2,0,2,2,2
118,-7454.504,4249.923,66.044,-165.535,-0.968387,0.245952,0.041648,-0.249446,-0.953411,-0.169660,-0.002020,-0.174686,0.984622,0,0.69529,0.41216,41.717,0.824,575.000,425.000,-1,450.000,-1,350.000,350.000,450.000,375.000,-1,0.000,0.000,-1,850.000,-1,-1,-1,1,0,2,0,2,0,0,1,0,2,1,0,2,0,2,2,2
119,-7494.513,4238.935,64.965,-164.639,-0.964546,0.260931,0.039580,-0.263841,-0.949812,-0.168063,-0.006260,-0.172547,0.984981,0,0.69156,0.44799,41.494,0.896,550.000,425.000,-1,450.000,-1,350.000,350.000,400.000,375.000,-1,0.000,0.000,-1,850.000,-1,950.000,-1,1,0,2,0,2,0,0,1,0,2,1,0,2,1,2,1,2
120,-7534.174,4227.377,63.831,-163.749,-0.960499,0.275756,0.037431,-0.278086,-0.946009,-0.166540,-0.010515,-0.170371,0.985324,0,0.68855,0.44491,41.313,0.890,525.000,425.000,-1,450.000,-1,350.000,350.000,350.000,375.000,-1,0.000,0.000,-1,825.000,1000.000,850.000,-1,1,0,2,0,2,0,0,1,0,2,1,0,2,1,0,1,2
121,-7573.507,4215.254,62.648,-162.866,-0.956252,0.290422,0.035167,-0.292168,-0.942014,-0.165067,-0.014811,-0.168121,0.985655,0,0.68602,0.44169,41.161,0.883,500.000,425.000,-1,450.000,-1,350.000,350.000,325.000,375.000,-1,0.000,0.000,-1,800.000,975.000,775.000,-1,1,0,2,0,2,0,0,1,0,2,1,0,2,1,0,1,2
122,-7612.530,4202.570,61.427,-161.989,-0.951813,0.304924,0.032754,-0.306078,-0.937840,-0.163622,-0.019174,-0.165763,0.985979,0,0.68392,0.43835,41.035,0.877,475.000,425.000,-1,450.000,-1,350.000,350.000,300.000,375.000,-1,0.000,0.000,-1,775.000,950.000,700.000,-1,1,0,2,0,2,0,0,1,0,2,1,0,2,1,0,1,2
123,-7651.260,4189.327,60.176,-161.119,-0.947187,0.319260,0.030155,-0.319809,-0.933498,-0.162185,-0.023629,-0.163263,0.986300,0,0.68224,0.43488,40.934,0.870,450.000,400.000,-1,425.000,-1,350.000,350.000,250.000,375.000,-1,0.000,0.000,-1,725.000,925.000,650.000,-1,1,0,2,0,2,0,0,1,0,2,1,0,2,1,0,1,2
124,-7689.714,4175.530,58.902,-160.257,-0.942380,0.333425,0.027332,-0.333353,-0.928999,-0.160738,-0.028203,-0.160588,0.986619,0,0.68094,0.43129,40.856,0.863,425.000,400.000,-1,425.000,-1,325.000,350.000,250.000,375.000,-1,0.000,0.000,-1,700.000,900.000,600.000,-1,1,0,2,0,2,0,0,0,0,2,1,0,2,1,0,1,2
125,-7727.904,4161.180,57.615,-159.401,-0.937397,0.347418,0.024247,-0.346704,-0.924354,-0.159267,-0.032919,-0.157703,0.986938,0,0.68000,0.42760,40.800,0.855,400.000,400.000,-1,425.000,-1,325.000,350.000,250.000,375.000,-1,0.000,0.000,-1,675.000,875.000,550.000,-1,1,0,2,0,2,0,0,0,0,2,1,0,2,1,0,1,2
126,-7765.845,4146.282,56.202,-158.554,-0.932241,0.361259,0.020452,-0.359829,-0.919636,-0.157456,-0.038074,-0.154146,0.987314,0,0.67938,0.42381,40.763,0.848,375.000,400.000,-1,425.000,-1,325.000,325.000,275.000,375.000,-1,0.000,0.000,-1,650.000,850.000,500.000,-1,1,0,2,0,2,0,0,0,0,2,1,0,2,1,0,1,2
127,-7803.547,4130.837,54.593,-157.714,-0.926907,0.374966,0.015621,-0.372718,-0.914889,-0.155108,-0.043869,-0.149593,0.987774,0,0.67907,0.41993,40.744,0.840,350.000,400.000,-1,400.000,-1,325.000,325.000,275.000,350.000,-1,0.000,0.000,-1,625.000,800.000,475.000,-1,1,0,2,0,2,0,0,0,0,2,1,0,2,1,0,1,2
128,-7841.019,4114.847,53.123,-156.882,-0.921398,0.388467,0.010892,-0.385450,-0.909952,-0.153023,-0.049533,-0.145194,0.988163,0,0.67905,0.41596,40.743,0.832,325.000,400.000,-1,400.000,-1,325.000,325.000,275.000,350.000,-1,0.000,0.000,-1,600.000,775.000,425.000,-1,1,0,2,0,2,0,0,0,0,2,1,0,2,1,0,1,2
129,-7878.271,4098.315,51.690,-156.058,-0.915716,0.401784,0.005766,-0.397985,-0.904890,-0.150936,-0.055427,-0.140509,0.988527,0,0.67929,0.41190,40.757,0.824,300.000,400.000,-1,400.000,-1,325.000,325.000,275.000,350.000,-1,0.000,0.000,-1,575.000,750.000,400.000,-1,1,0,2,0,2,0,0,1,0,2,0,0,2,1,0,1,2
130,-7917.481,4080.035,50.170,-154.994,-0.908059,0.418842,-0.000129,-0.414170,-0.897976,-0.148672,-0.062386,-0.134950,0.988887,0,0.72105,0.53190,43.263,1.064,275.000,375.000,-1,375.000,-1,325.000,325.000,275.000,350.000,-1,300.000,-1,-1,550.000,725.000,350.000,-1,1,0,2,0,2,0,0,1,0,2,1,2,2,1,0,1,2
131,-7956.396,4060.986,48.370,-153.909,-0.899908,0.436050,-0.005165,-0.430628,-0.890461,-0.147101,-0.068742,-0.130153,0.989108,0,0.72215,0.54242,43.329,1.085,225.000,375.000,-1,375.000,-1,300.000,300.000,275.000,325.000,-1,-1,-1,-1,525.000,700.000,300.000,-1,1,1,2,0,2,0,0,1,0,2,2,2,2,1,0,1,2
132,-7999.245,4039.072,44.968,-152.916,-0.892305,0.451411,-0.004557,-0.445814,-0.882738,-0.148402,-0.071013,-0.130388,0.988917,0,0.80215,0.49677,48.129,0.994,200.000,350.000,-1,375.000,-1,300.000,300.000,250.000,325.000,-1,-1,-1,-1,525.000,700.000,275.000,-1,1,1,2,0,2,0,0,1,0,2,2,2,2,1,0,1,2
133,-8045.937,4014.150,41.183,-151.911,-0.884348,0.466813,-0.003720,-0.461063,-0.874649,-0.149702,-0.073136,-0.130674,0.988724,0,0.88215,0.50269,52.929,1.005,175.000,350.000,-1,375.000,-1,300.000,300.000,250.000,325.000,-1,-1,-1,-1,500.000,700.000,225.000,-1,1,1,2,0,2,0,0,1,0,2,2,2,2,1,0,1,2
134,-8093.142,3987.885,39.357,-150.891,-0.875727,0.482807,-0.000914,-0.477912,-0.867114,-0.140405,-0.068581,-0.122520,0.990094,0,0.90039,0.50973,54.023,1.019,150.000,350.000,-1,375.000,-1,325.000,325.000,225.000,325.000,-1,-1,-1,-1,550.000,725.000,200.000,-1,1,1,2,0,2,0,0,1,0,2,2,2,2,1,0,1,2
135,-8139.849,3960.795,39.308,-149.857,-0.866430,0.499289,0.003085,-0.495909,-0.859814,-0.121628,-0.058075,-0.106912,0.992571,0,0.89996,0.51727,53.998,1.035,150.000,350.000,-1,400.000,-1,350.000,350.000,225.000,300.000,-1,350.000,325.000,-1,875.000,775.000,225.000,-1,1,1,2,0,2,1,0,1,0,2,1,0,2,0,0,1,2
136,-8186.000,3932.877,38.732,-148.806,-0.856756,0.515684,0.006193,-0.513402,-0.851705,-0.104962,-0.048853,-0.093107,0.994457,0,0.89903,0.52515,53.942,1.050,150.000,375.000,-1,425.000,-1,350.000,375.000,225.000,300.000,-1,275.000,175.000,-1,1000.000,825.000,250.000,-1,1,1,2,0,2,1,0,1,0,2,0,0,2,1,0,1,2
137,-8231.547,3904.146,37.625,-147.740,-0.846696,0.532010,0.008506,-0.530498,-0.842843,-0.090489,-0.040972,-0.081129,0.995861,0,0.89755,0.53335,53.853,1.067,175.000,425.000,-1,450.000,-1,375.000,375.000,200.000,275.000,-1,250.000,150.000,-1,-1,875.000,-1,-1,1,1,2,0,2,1,0,1,0,2,0,0,2,2,0,2,2
138,-8276.436,3874.625,35.875,-146.656,-0.836222,0.548297,0.010178,-0.547328,-0.833300,-0.077744,-0.034145,-0.070582,0.996921,0,0.89548,0.54189,53.729,1.084,175.000,475.000,-1,475.000,-1,400.000,400.000,200.000,275.000,-1,225.000,125.000,-1,-1,925.000,-1,-1,1,1,2,0,2,1,0,1,0,2,0,0,2,2,0,2,2
