timestep,x_cm,y_cm,z_cm,yaw_deg,basis_xx,basis_xy,basis_xz,basis_yx,basis_yy,basis_yz,basis_zx,basis_zy,basis_zz,teleport_flag,throttle_cmd,steering_cmd,cmd_move_cm,cmd_turn_deg,lidar_cm_0,lidar_cm_1,lidar_cm_2,lidar_cm_3,lidar_cm_4,lidar_cm_5,lidar_cm_6,lidar_cm_7,lidar_cm_8,lidar_cm_9,lidar_cm_10,lidar_cm_11,lidar_cm_12,lidar_cm_13,lidar_cm_14,lidar_cm_15,lidar_cm_16,lidar_class_0,lidar_class_1,lidar_class_2,lidar_class_3,lidar_class_4,lidar_class_5,lidar_class_6,lidar_class_7,lidar_class_8,lidar_class_9,lidar_class_10,lidar_class_11,lidar_class_12,lidar_class_13,lidar_class_14,lidar_class_15,lidar_class_16
0,-4267.303,6234.365,-448.948,140.930,-0.773830,-0.629444,0.070620,0.631471,-0.775351,0.008662,0.049303,0.051298,0.997466,1,0.08000,0.12000,4.800,0.240,-1,400.000,-1,375.000,525.000,325.000,325.000,300.000,275.000,-1,775.000,725.000,-1,850.000,650.000,-1,-1,2,0,2,0,1,0,0,0,0,2,0,0,2,0,1,2,2
1,-4274.806,6240.354,-448.526,141.410,-0.779067,-0.622941,0.070705,0.624954,-0.780615,0.008524,0.049883,0.050829,0.997461,0,0.16000,0.24000,9.600,0.480,-1,400.000,-1,375.000,525.000,325.000,325.000,300.000,275.000,-1,775.000,725.000,-1,850.000,650.000,-1,-1,2,0,2,0,1,0,0,0,0,2,0,0,2,0,1,2,2
2,-4286.155,6249.217,-447.715,142.012,-0.785592,-0.614738,0.070306,0.616697,-0.787158,0.008201,0.050301,0.049800,0.997492,0,0.24000,0.30097,14.400,0.602,-1,400.000,-1,375.000,525.000,325.000,325.000,300.000,275.000,-1,775.000,750.000,-1,875.000,675.000,-1,-1,2,0,2,0,1,0,0,0,0,2,0,0,2,0,1,2,2
3,-4301.408,6260.878,-446.628,142.607,-0.791961,-0.606561,0.069864,0.608461,-0.793545,0.007788,0.050716,0.048678,0.997526,0,0.32000,0.29761,19.200,0.595,-1,400.000,-1,375.000,525.000,325.000,325.000,300.000,275.000,-1,800.000,775.000,-1,875.000,675.000,-1,-1,2,0,2,0,1,0,0,0,0,2,0,0,2,0,1,2,2
4,-4320.624,6275.257,-445.266,143.194,-0.798162,-0.598434,0.069386,0.600270,-0.799764,0.007295,0.051127,0.047473,0.997563,0,0.40000,0.29351,24.000,0.587,-1,400.000,-1,375.000,525.000,325.000,325.000,300.000,275.000,-1,825.000,800.000,-1,875.000,700.000,-1,-1,2,0,2,0,1,0,0,0,0,2,0,0,2,0,1,2,2
5,-4343.855,6292.278,-443.630,143.771,-0.804180,-0.590381,0.068876,0.592148,-0.805801,0.006729,0.051528,0.046197,0.997603,0,0.48000,0.28863,28.800,0.577,-1,400.000,-1,375.000,550.000,325.000,325.000,300.000,275.000,-1,850.000,825.000,-1,875.000,725.000,-1,-1,2,0,2,0,1,0,0,0,0,2,0,0,2,0,0,2,2
6,-4371.153,6311.868,-441.731,144.337,-0.810003,-0.582430,0.068341,0.584122,-0.811643,0.006069,0.051934,0.044835,0.997644,0,0.56000,0.28295,33.600,0.566,-1,400.000,-1,375.000,575.000,325.000,325.000,300.000,275.000,-1,900.000,875.000,-1,875.000,725.000,-1,-1,2,0,2,0,1,0,0,0,0,2,0,0,2,0,0,2,2
7,-4402.565,6333.955,-439.590,144.890,-0.815615,-0.574610,0.067790,0.576217,-0.817280,0.005224,0.052402,0.043323,0.997686,0,0.64000,0.27643,38.400,0.553,-1,400.000,-1,375.000,625.000,325.000,325.000,300.000,275.000,-1,925.000,900.000,-1,900.000,725.000,-1,-1,2,0,2,0,1,0,0,0,0,2,0,0,2,0,0,2,2
8,-4438.136,6358.469,-437.190,145.428,-0.821007,-0.566946,0.067223,0.568466,-0.822695,0.004328,0.052850,0.041767,0.997729,0,0.72000,0.26905,43.200,0.538,-1,425.000,-1,400.000,-1,325.000,325.000,300.000,300.000,-1,975.000,950.000,-1,900.000,750.000,-1,-1,2,0,2,1,2,0,0,0,0,2,0,0,2,0,0,2,2
9,-4477.906,6385.346,-434.536,145.950,-0.826167,-0.559470,0.066639,0.560901,-0.827876,0.003396,0.053269,0.040183,0.997771,0,0.80000,0.26079,48.000,0.522,-1,425.000,-1,400.000,-1,325.000,325.000,300.000,300.000,-1,-1,1000.000,-1,925.000,775.000,-1,-1,2,0,2,0,2,0,0,0,0,2,2,0,2,0,0,2,2
10,-4521.910,6414.526,-431.795,146.453,-0.831138,-0.552225,0.065239,0.553522,-0.832832,0.002186,0.053126,0.037928,0.997867,0,0.88000,0.25164,52.800,0.503,-1,425.000,-1,400.000,-1,325.000,325.000,300.000,300.000,-1,-1,-1,-1,925.000,775.000,-1,-1,2,0,2,0,2,0,0,0,0,2,2,2,2,0,0,2,2
11,-4570.181,6445.952,-428.994,146.936,-0.835914,-0.545241,0.062927,0.546358,-0.837551,0.000662,0.052344,0.034934,0.998018,0,0.96000,0.24163,57.600,0.483,-1,425.000,-1,400.000,-1,325.000,325.000,300.000,300.000,-1,-1,-1,-1,925.000,800.000,-1,-1,2,0,2,0,2,0,0,0,1,2,2,2,2,0,0,2,2
12,-4619.720,6477.623,-426.162,147.410,-0.840543,-0.538345,0.060597,0.539293,-0.842118,-0.000839,0.051481,0.031974,0.998162,0,0.97996,0.23705,58.798,0.474,-1,425.000,-1,400.000,-1,325.000,325.000,275.000,275.000,-1,-1,-1,-1,925.000,800.000,-1,-1,2,0,2,0,2,0,0,0,1,2,2,2,2,0,0,2,2
13,-4669.144,6508.654,-423.348,147.879,-0.845058,-0.531482,0.058338,0.532267,-0.846573,-0.002430,0.050679,0.028998,0.998294,0,0.97264,0.23450,58.359,0.469,-1,425.000,-1,400.000,-1,325.000,325.000,300.000,250.000,-1,-1,-1,-1,925.000,825.000,-1,-1,2,0,2,0,2,0,0,0,1,2,2,2,2,0,0,2,2
14,-4718.417,6539.035,-420.264,148.344,-0.849444,-0.524651,0.056447,0.525214,-0.850952,-0.005553,0.050947,0.024930,0.998390,0,0.96477,0.23251,57.886,0.465,-1,425.000,-1,400.000,-1,350.000,325.000,300.000,250.000,-1,-1,-1,-1,950.000,850.000,-1,-1,2,0,2,0,2,0,0,0,1,2,2,2,2,0,0,2,2
15,-4767.507,6568.759,-417.623,148.806,-0.853770,-0.517801,0.054391,0.518242,-0.855207,-0.006749,0.050010,0.022426,0.998497,0,0.95647,0.23109,57.388,0.462,-1,425.000,-1,400.000,-1,350.000,350.000,300.000,250.000,-1,-1,-1,-1,950.000,875.000,-1,-1,2,0,2,0,2,0,0,0,1,2,2,2,2,0,0,2,2
16,-4816.394,6597.824,-415.263,149.267,-0.858035,-0.510929,0.052229,0.511310,-0.859370,-0.006797,0.048357,0.020873,0.998612,0,0.94791,0.23022,56.874,0.460,-1,425.000,-1,400.000,-1,350.000,350.000,300.000,250.000,-1,-1,-1,-1,925.000,875.000,-1,-1,2,0,2,0,2,0,0,0,1,2,2,2,2,0,0,2,2
17,-4865.062,6626.234,-412.967,149.727,-0.862234,-0.504029,0.050077,0.504362,-0.863466,-0.006675,0.046604,0.019501,0.998723,0,0.93924,0.22992,56.354,0.460,-1,425.000,-1,400.000,-1,350.000,325.000,300.000,250.000,-1,-1,-1,-1,925.000,875.000,-1,-1,2,0,2,0,2,0,0,0,1,2,2,2,2,0,0,2,2
18,-4913.510,6653.995,-410.503,150.187,-0.866391,-0.497078,0.047749,0.497424,-0.867492,-0.005203,0.044008,0.019244,0.998846,0,0.93063,0.23016,55.838,0.460,-1,425.000,-1,400.000,-1,350.000,325.000,300.000,225.000,-1,-1,-1,-1,925.000,875.000,-1,-1,2,0,2,0,2,0,0,0,1,2,2,2,2,0,0,2,2
19,-4961.740,6681.118,-408.118,150.649,-0.870498,-0.490071,0.045420,0.490428,-0.871474,-0.003675,0.041383,0.019076,0.998961,0,0.92223,0.23093,55.334,0.462,-1,425.000,-1,400.000,-1,350.000,325.000,300.000,250.000,-1,-1,-1,-1,900.000,875.000,-1,-1,2,0,2,0,2,0,0,0,1,2,2,2,2,0,0,2,2
20,-5009.766,6707.615,-405.810,151.113,-0.874564,-0.482992,0.043087,0.483361,-0.875419,-0.002095,0.038732,0.018994,0.999069,0,0.91418,0.23221,54.851,0.464,-1,425.000,-1,400.000,-1,325.000,325.000,300.000,250.000,-1,-1,-1,-1,900.000,875.000,-1,-1,2,0,2,0,2,0,0,0,1,2,2,2,2,0,0,2,2
21,-5057.606,6733.502,-403.574,151.581,-0.878595,-0.475826,0.040750,0.476205,-0.879334,-0.000467,0.036055,0.018995,0.999169,0,0.90659,0.23398,54.395,0.468,-1,425.000,-1,400.000,-1,325.000,325.000,300.000,250.000,-1,-1,-1,-1,900.000,875.000,-1,-1,2,0,2,0,2,0,0,0,1,2,2,2,2,0,0,2,2
22,-5105.285,6758.796,-401.624,152.054,-0.882584,-0.468566,0.038610,0.468920,-0.883241,0.000110,0.034050,0.018202,0.999254,0,0.89956,0.23621,53.973,0.472,-1,425.000,-1,400.000,-1,325.000,325.000,300.000,275.000,-1,-1,-1,-1,900.000,875.000,-1,-1,2,0,2,0,2,0,0,0,1,2,2,2,2,0,0,2,2
23,-5152.833,6783.516,-399.845,152.531,-0.886544,-0.461195,0.036584,0.461510,-0.887135,0.000194,0.032365,0.017056,0.999331,0,0.89316,0.23887,53.590,0.478,-1,425.000,-1,400.000,-1,350.000,325.000,300.000,275.000,-1,-1,-1,1000.000,875.000,875.000,-1,-1,2,0,2,0,2,0,0,0,0,2,2,2,1,0,0,2,2
24,-5200.282,6807.677,-398.243,153.015,-0.890507,-0.453697,0.034011,0.453962,-0.891021,0.000078,0.030269,0.015510,0.999421,0,0.88745,0.24195,53.247,0.484,-1,425.000,-1,400.000,-1,325.000,325.000,300.000,275.000,-1,-1,-1,875.000,875.000,900.000,-1,-1,2,0,2,0,2,0,0,0,0,2,2,2,1,0,0,2,2
25,-5247.668,6831.297,-396.407,153.506,-0.894499,-0.446066,0.029964,0.446247,-0.894909,-0.000688,0.027122,0.012756,0.999551,0,0.88245,0.24541,52.947,0.491,-1,425.000,-1,425.000,-1,325.000,325.000,300.000,275.000,-1,-1,-1,775.000,850.000,900.000,-1,-1,2,0,2,0,2,0,0,0,0,2,2,2,1,0,0,2,2
26,-5290.852,6852.587,-394.957,153.757,-0.896532,-0.442153,0.027051,0.442290,-0.896872,-0.001026,0.024715,0.011045,0.999634,0,0.80245,0.12541,48.147,0.251,-1,400.000,-1,425.000,-1,325.000,325.000,300.000,275.000,-1,-1,-1,725.000,850.000,900.000,-1,-1,2,0,2,0,2,0,0,0,0,2,2,2,1,0,0,2,2
27,-5329.735,6871.747,-393.914,153.768,-0.896662,-0.441986,0.025393,0.442109,-0.896961,-0.000845,0.023150,0.010469,0.999677,0,0.72245,0.00541,43.347,0.011,-1,400.000,-1,425.000,-1,325.000,325.000,300.000,275.000,-1,-1,-1,725.000,825.000,900.000,-1,-1,2,0,2,0,2,0,0,0,0,2,2,2,1,0,0,2,2
28,-5364.244,6888.924,-393.084,153.539,-0.894920,-0.445571,0.024188,0.445690,-0.895187,-0.000517,0.021884,0.010318,0.999707,0,0.64245,-0.11459,38.547,-0.229,-1,400.000,-1,425.000,-1,325.000,325.000,300.000,275.000,-1,-1,-1,725.000,825.000,900.000,-1,-1,2,0,2,0,2,0,0,0,0,2,2,2,1,0,0,2,2
29,-5394.331,6904.208,-392.394,153.069,-0.891267,-0.452887,0.023167,0.453005,-0.891508,-0.000175,0.020732,0.010339,0.999732,0,0.56245,-0.23459,33.747,-0.469,-1,400.000,-1,425.000,-1,325.000,325.000,300.000,300.000,-1,-1,-1,750.000,825.000,900.000,-1,-1,2,0,2,0,2,0,0,0,0,2,2,2,1,0,0,2,2
30,-5419.975,6917.637,-391.879,152.360,-0.885615,-0.463885,0.022272,0.464008,-0.885831,0.000388,0.019550,0.010678,0.999752,0,0.48245,-0.35459,28.947,-0.709,-1,400.000,-1,425.000,-1,325.000,325.000,300.000,300.000,-1,-1,-1,750.000,825.000,875.000,-1,-1,2,0,2,0,2,0,0,0,0,2,2,2,1,0,0,2,2
31,-5441.178,6929.192,-391.473,151.411,-0.877827,-0.478493,0.021555,0.478621,-0.878021,0.000892,0.018499,0.011100,0.999767,0,0.40245,-0.47459,24.147,-0.949,-1,400.000,-1,425.000,-1,325.000,325.000,300.000,275.000,-1,-1,-1,775.000,825.000,875.000,-1,-1,2,0,2,0,2,0,0,0,0,2,2,2,1,0,0,2,2
32,-5457.971,6938.801,-391.161,150.222,-0.867719,-0.496610,0.021016,0.496743,-0.867897,0.001301,0.017593,0.011569,0.999778,0,0.32245,-0.59459,19.347,-1.189,-1,400.000,-1,425.000,-1,325.000,325.000,300.000,275.000,-1,-1,-1,825.000,825.000,875.000,-1,-1,2,0,2,0,2,0,0,0,0,2,2,2,1,0,0,2,2
33,-5470.413,6946.338,-390.935,148.793,-0.855071,-0.518099,0.020652,0.518237,-0.855235,0.001607,0.016830,0.012077,0.999785,0,0.24245,-0.71459,14.547,-1.429,-1,400.000,-1,425.000,-1,325.000,325.000,300.000,275.000,-1,-1,-1,875.000,825.000,875.000,-1,-1,2,0,2,0,2,0,0,0,0,2,2,2,1,0,0,2,2
34,-5478.599,6951.629,-390.783,147.123,-0.839620,-0.542787,0.020499,0.542932,-0.839775,0.001812,0.016231,0.012651,0.999788,0,0.16245,-0.83459,9.747,-1.669,-1,400.000,-1,425.000,-1,325.000,325.000,300.000,275.000,-1,-1,-1,975.000,825.000,875.000,-1,-1,2,0,2,0,2,0,0,0,0,2,2,2,1,0,0,2,2
35,-5482.662,6954.451,-390.706,145.214,-0.821070,-0.570459,0.020527,0.570610,-0.821219,0.001898,0.015775,0.013272,0.999787,0,0.08245,-0.95459,4.947,-1.909,-1,425.000,-1,425.000,-1,325.000,325.000,300.000,275.000,-1,-1,-1,-1,825.000,850.000,-1,-1,2,0,2,0,2,0,0,0,0,2,2,2,2,0,0,2,2
36,-5482.780,6954.540,-390.699,143.214,-0.800656,-0.598766,0.020722,0.598925,-0.800803,0.001862,0.015480,0.013902,0.999784,0,0.00245,-1.00000,0.147,-2.000,-1,425.000,-1,425.000,-1,325.000,325.000,300.000,275.000,-1,-1,-1,-1,850.000,850.000,-1,-1,2,0,2,0,2,0,0,0,0,2,2,2,2,0,0,2,2
37,-5479.153,6951.625,-390.760,141.214,-0.779262,-0.626343,0.021085,0.626510,-0.779412,0.001708,0.015364,0.014541,0.999776,0,-0.07755,-1.00000,-4.653,-2.000,-1,425.000,-1,400.000,-1,325.000,325.000,300.000,275.000,-1,-1,-1,-1,850.000,850.000,-1,-1,2,0,2,0,2,0,0,0,0,2,2,2,2,0,0,2,2
38,-5471.996,6945.450,-390.929,139.214,-0.756915,-0.653155,0.021634,0.653334,-0.757068,0.001641,0.015307,0.015376,0.999765,0,-0.15755,-1.00000,-9.453,-2.000,-1,425.000,-1,400.000,-1,325.000,325.000,300.000,275.000,-1,-1,-1,-1,850.000,850.000,-1,-1,2,0,2,0,2,0,0,0,0,2,2,2,2,0,0,2,2
39,-5468.569,6942.304,-391.022,137.454,-0.736490,-0.676091,0.021996,0.676280,-0.736643,0.001638,0.015096,0.016082,0.999757,0,-0.07755,-0.88000,-4.653,-1.760,-1,425.000,-1,400.000,-1,325.000,325.000,300.000,275.000,-1,-1,-1,-1,850.000,825.000,-1,-1,2,0,2,0,2,0,0,0,0,2,2,2,2,0,0,2,2
40,-5468.674,6942.406,-391.034,135.934,-0.718294,-0.695387,0.022153,0.695583,-0.718443,0.001663,0.014759,0.016604,0.999753,0,0.00245,-0.76000,0.147,-1.520,-1,425.000,-1,400.000,-1,325.000,325.000,300.000,275.000,-1,-1,-1,-1,875.000,825.000,-1,-1,2,0,2,0,2,0,0,0,0,2,2,2,2,0,0,2,2
41,-5472.152,6945.925,-390.966,134.654,-0.702583,-0.711259,0.022093,0.711458,-0.702727,0.001720,0.014302,0.016927,0.999754,0,0.08245,-0.64000,4.947,-1.280,-1,425.000,-1,400.000,-1,325.000,325.000,300.000,275.000,-1,-1,-1,-1,875.000,825.000,-1,-1,2,0,2,0,2,0,0,0,0,2,2,2,2,0,0,2,2
42,-5478.875,6952.982,-390.824,133.614,-0.689566,-0.723895,0.021809,0.724093,-0.689700,0.001816,0.013727,0.017044,0.999760,0,0.16245,-0.52000,9.747,-1.040,-1,425.000,-1,400.000,-1,325.000,325.000,300.000,275.000,-1,-1,-1,-1,875.000,825.000,-1,-1,2,0,2,0,2,0,0,0,0,2,2,2,2,0,0,2,2
43,-5488.762,6963.654,-390.615,132.814,-0.679404,-0.733455,0.021299,0.733648,-0.679526,0.001957,0.013038,0.016956,0.999771,0,0.24245,-0.40000,14.547,-0.800,-1,425.000,-1,400.000,-1,325.000,325.000,300.000,275.000,-1,-1,-1,-1,875.000,800.000,-1,-1,2,0,2,0,2,0,0,0,0,2,2,2,2,0,0,2,2
44,-5501.771,6977.974,-390.347,132.254,-0.672221,-0.740065,0.020564,0.740250,-0.672329,0.002152,0.012233,0.016669,0.999786,0,0.32245,-0.28000,19.347,-0.560,-1,425.000,-1,400.000,-1,325.000,325.000,300.000,275.000,-1,-1,-1,-1,875.000,800.000,-1,-1,2,0,2,0,2,0,0,0,0,2,2,2,2,0,0,2,2
45,-5517.908,6995.937,-390.030,131.934,-0.668099,-0.743814,0.019611,0.743987,-0.668190,0.002408,0.011313,0.016199,0.999805,0,0.40245,-0.16000,24.147,-0.320,-1,425.000,-1,400.000,-1,325.000,325.000,300.000,275.000,-1,-1,-1,-1,850.000,800.000,-1,-1,2,0,2,0,2,0,0,0,0,2,2,2,2,0,0,2,2
46,-5537.223,7017.499,-389.675,131.854,-0.667084,-0.744754,0.018447,0.744912,-0.667158,0.002735,0.010270,0.015565,0.999826,0,0.48245,-0.04000,28.947,-0.080,-1,425.000,-1,400.000,-1,325.000,325.000,300.000,275.000,-1,-1,-1,-1,850.000,800.000,-1,-1,2,0,2,0,2,0,0,0,0,2,2,2,2,0,0,2,2
47,-5559.810,7042.572,-389.339,132.014,-0.669189,-0.742895,0.017119,0.743038,-0.669241,0.003348,0.008969,0.014961,0.999848,0,0.56245,0.08000,33.747,0.160,-1,425.000,-1,400.000,-1,325.000,325.000,300.000,275.000,-1,-1,-1,-1,850.000,800.000,-1,-1,2,0,2,0,2,0,0,0,0,2,2,2,2,0,0,2,2
48,-5585.809,7071.031,-389.011,132.414,-0.674388,-0.738212,0.015618,0.738339,-0.674417,0.004137,0.007480,0.014321,0.999869,0,0.64245,0.20000,38.547,0.400,-1,425.000,-1,400.000,-1,325.000,325.000,300.000,275.000,-1,-1,-1,-1,850.000,800.000,-1,-1,2,0,2,0,2,0,0,0,0,2,2,2,2,0,0,2,2
49,-5615.334,7102.769,-388.760,132.932,-0.681055,-0.732101,0.013908,0.732208,-0.681065,0.004737,0.006004,0.013410,0.999892,0,0.72245,0.25870,43.347,0.517,-1,425.000,-1,400.000,-1,325.000,325.000,300.000,275.000,-1,-1,-1,-1,825.000,800.000,-1,-1,2,0,2,0,2,0,0,0,0,2,2,2,2,0,0,2,2
50,-5648.449,7137.720,-388.570,133.455,-0.687736,-0.725861,0.012037,0.725948,-0.687729,0.005341,0.004402,0.012412,0.999913,0,0.80245,0.26156,48.147,0.523,-1,425.000,-1,400.000,-1,325.000,325.000,300.000,275.000,-1,-1,-1,-1,825.000,800.000,-1,-1,2,0,2,0,2,0,0,0,0,2,2,2,2,0,0,2,2
51,-5685.219,7175.817,-388.328,133.985,-0.694442,-0.719480,0.009965,0.719543,-0.694426,0.005537,0.002936,0.011015,0.999935,0,0.88245,0.26501,52.947,0.530,-1,425.000,-1,400.000,-1,325.000,325.000,300.000,300.000,-1,-1,-1,-1,800.000,825.000,-1,-1,2,0,2,0,2,0,0,0,0,2,2,2,2,0,0,2,2
52,-5724.282,7215.536,-388.160,134.523,-0.701186,-0.712935,0.007850,0.712977,-0.701163,0.005810,0.001362,0.009671,0.999952,0,0.92850,0.26910,55.710,0.538,-1,400.000,-1,400.000,-1,325.000,325.000,300.000,300.000,-1,-1,-1,-1,800.000,825.000,-1,-1,2,0,2,0,2,0,0,0,0,2,2,2,2,0,0,2,2
53,-5763.662,7254.820,-388.086,135.071,-0.707978,-0.706211,0.005806,0.706235,-0.707951,0.006175,-0.000250,0.008472,0.999964,0,0.92705,0.27373,55.623,0.547,-1,400.000,-1,400.000,-1,325.000,325.000,300.000,300.000,-1,-1,-1,-1,775.000,800.000,-1,-1,2,0,2,0,2,0,0,0,0,2,2,2,2,0,0,2,2
54,-5803.385,7293.682,-388.104,135.628,-0.714821,-0.699297,0.003830,0.699305,-0.714793,0.006631,-0.001899,0.007419,0.999971,0,0.92619,0.27867,55.571,0.557,-1,400.000,-1,400.000,-1,325.000,325.000,300.000,275.000,-1,-1,-1,-1,775.000,800.000,-1,-1,2,0,2,0,2,0,0,0,0,2,2,2,2,0,0,2,2
55,-5843.479,7332.136,-388.070,136.196,-0.721720,-0.692181,0.002537,0.692177,-0.721689,0.007417,-0.003303,0.007109,0.999969,0,0.92590,0.28390,55.554,0.568,-1,400.000,-1,400.000,-1,325.000,325.000,300.000,275.000,-1,-1,-1,-1,750.000,775.000,-1,-1,2,0,2,0,2,0,0,0,0,2,2,2,2,0,0,2,2
56,-5883.971,7370.195,-388.088,136.774,-0.728678,-0.684855,0.001525,0.684841,-0.728645,0.008327,-0.004591,0.007112,0.999964,0,0.92617,0.28940,55.570,0.579,-1,400.000,-1,400.000,-1,325.000,325.000,300.000,275.000,-1,-1,-1,-1,750.000,775.000,-1,-1,2,0,2,0,2,0,0,0,0,2,2,2,2,0,0,2,2
57,-5921.458,7404.434,-388.181,137.593,-0.738392,-0.674371,0.000761,0.674348,-0.738356,0.009221,-0.005657,0.007322,0.999957,0,0.84617,0.40940,50.770,0.819,-1,400.000,-1,400.000,-1,325.000,325.000,300.000,275.000,-1,-1,-1,-1,750.000,750.000,-1,-1,2,0,2,0,2,0,0,0,0,2,2,2,2,0,0,2,2
58,-5955.858,7434.928,-388.328,138.444,-0.748324,-0.663333,0.000192,0.663301,-0.748285,0.010086,-0.006547,0.007675,0.999949,0,0.76617,0.42533,45.970,0.851,-1,400.000,-1,400.000,-1,325.000,325.000,300.000,275.000,-1,-1,-1,-1,725.000,750.000,-1,-1,2,0,2,0,2,0,0,0,0,2,2,2,2,0,0,2,2
59,-5987.073,7461.772,-388.530,139.305,-0.758209,-0.652011,-0.000122,0.651971,-0.758165,0.010932,-0.007221,0.008209,0.999940,0,0.68617,0.43051,41.170,0.861,-1,400.000,-1,400.000,-1,325.000,325.000,300.000,275.000,-1,-1,-1,-1,725.000,750.000,-1,-1,2,0,2,0,2,0,0,0,0,2,2,2,2,0,0,2,2
60,-6015.006,7485.065,-388.790,140.176,-0.768032,-0.640412,-0.000131,0.640366,-0.767980,0.011772,-0.007640,0.008958,0.999931,0,0.60617,0.43531,36.370,0.871,-1,375.000,-1,400.000,-1,325.000,325.000,300.000,275.000,-1,-1,-1,-1,725.000,750.000,-1,-1,2,0,2,0,2,0,0,0,0,2,2,2,2,0,0,2,2
61,-6039.560,7504.910,-389.045,141.055,-0.777772,-0.628546,-0.000089,0.628495,-0.777712,0.012556,-0.007961,0.009709,0.999921,0,0.52617,0.43967,31.570,0.879,-1,375.000,-1,400.000,-1,325.000,325.000,300.000,275.000,-1,-1,-1,-1,725.000,725.000,-1,-1,2,0,2,0,2,0,0,0,0,2,2,2,2,0,0,2,2
62,-6060.638,7521.412,-389.282,141.942,-0.787413,-0.616425,-0.000019,0.616371,-0.787344,0.013271,-0.008196,0.010438,0.999912,0,0.44617,0.44355,26.770,0.887,-1,375.000,-1,400.000,-1,325.000,325.000,300.000,275.000,-1,-1,-1,-1,700.000,725.000,-1,-1,2,0,2,0,2,0,0,0,0,2,2,2,2,0,0,2,2
63,-6078.147,7534.685,-389.492,142.836,-0.796936,-0.604064,0.000060,0.604006,-0.796858,0.013905,-0.008352,0.011118,0.999903,0,0.36617,0.44691,21.970,0.894,-1,375.000,-1,400.000,-1,325.000,325.000,300.000,275.000,-1,-1,-1,-1,700.000,725.000,-1,-1,2,0,2,0,2,0,0,0,0,2,2,2,2,0,0,2,2
64,-6091.991,7544.841,-389.636,143.735,-0.806322,-0.591477,-0.000008,0.591416,-0.806238,0.014410,-0.008529,0.011614,0.999896,0,0.28617,0.44972,17.170,0.899,-1,375.000,-1,400.000,-1,325.000,325.000,300.000,275.000,-1,-1,-1,-1,700.000,725.000,-1,-1,2,0,2,0,2,0,0,0,0,2,2,2,2,0,0,2,2
65,-6102.079,7552.000,-389.728,144.639,-0.815553,-0.578682,-0.000144,0.578617,-0.815465,0.014790,-0.008676,0.011978,0.999891,0,0.20617,0.45196,12.370,0.904,-1,375.000,-1,375.000,-1,325.000,325.000,300.000,275.000,-1,-1,-1,-1,700.000,725.000,-1,-1,2,0,2,0,2,0,0,0,0,2,2,2,2,0,0,2,2
66,-6108.322,7556.283,-389.734,145.546,-0.824612,-0.565698,-0.000249,0.565633,-0.824524,0.014819,-0.008588,0.012079,0.999890,0,0.12617,0.45359,7.570,0.907,-1,375.000,-1,375.000,-1,325.000,325.000,300.000,275.000,-1,-1,-1,-1,700.000,725.000,-1,-1,2,0,2,0,2,0,0,0,0,2,2,2,2,0,0,2,2
67,-6110.630,7557.813,-389.686,146.456,-0.833484,-0.552544,-0.000332,0.552480,-0.833397,0.014652,-0.008373,0.012028,0.999893,0,0.04617,0.45460,2.770,0.909,-1,375.000,-1,375.000,-1,325.000,325.000,300.000,275.000,-1,-1,-1,-1,700.000,725.000,-1,-1,2,0,2,0,2,0,0,0,0,2,2,2,2,0,0,2,2
68,-6108.921,7556.719,-389.631,147.366,-0.842153,-0.539239,-0.000421,0.539177,-0.842067,0.014509,-0.008178,0.011992,0.999895,0,-0.03383,0.45498,-2.030,0.910,-1,375.000,-1,375.000,-1,325.000,325.000,300.000,275.000,-1,-1,-1,-1,700.000,725.000,-1,-1,2,0,2,0,2,0,0,0,0,2,2,2,2,0,0,2,2
69,-6103.112,7553.128,-389.573,148.275,-0.850604,-0.525807,-0.000524,0.525746,-0.850520,0.014387,-0.008010,0.011962,0.999896,0,-0.11383,0.45470,-6.830,0.909,-1,375.000,-1,375.000,-1,325.000,325.000,300.000,275.000,-1,-1,-1,-1,700.000,725.000,-1,-1,2,0,2,0,2,0,0,0,0,2,2,2,2,0,0,2,2
70,-6101.373,7552.080,-389.534,148.944,-0.856688,-0.515834,-0.000590,0.515775,-0.856605,0.014280,-0.007871,0.011929,0.999898,0,-0.03383,0.33470,-2.030,0.669,-1,375.000,-1,375.000,-1,325.000,325.000,300.000,275.000,-1,-1,-1,-1,700.000,725.000,-1,-1,2,0,2,0,2,0,0,0,0,2,2,2,2,0,0,2,2
71,-6103.757,7553.492,-389.512,149.374,-0.860529,-0.509400,-0.000613,0.509342,-0.860447,0.014195,-0.007758,0.011903,0.999899,0,0.04617,0.21470,2.770,0.429,-1,375.000,-1,375.000,-1,325.000,325.000,300.000,275.000,-1,-1,-1,-1,700.000,725.000,-1,-1,2,0,2,0,2,0,0,0,0,2,2,2,2,0,0,2,2
72,-6110.284,7557.327,-389.509,149.563,-0.862208,-0.506553,-0.000590,0.506496,-0.862127,0.014133,-0.007668,0.011887,0.999900,0,0.12617,0.09470,7.570,0.189,-1,375.000,-1,375.000,-1,325.000,325.000,300.000,275.000,-1,-1,-1,-1,700.000,725.000,-1,-1,2,0,2,0,2,0,0,0,0,2,2,2,2,0,0,2,2
73,-6120.952,7563.588,-389.520,149.590,-0.862447,-0.506147,-0.000526,0.506090,-0.862366,0.014079,-0.007579,0.011876,0.999901,0,0.20617,0.01350,12.370,0.027,-1,375.000,-1,400.000,-1,325.000,325.000,300.000,300.000,-1,-1,-1,-1,700.000,725.000,-1,-1,2,0,2,0,2,0,0,0,0,2,2,2,2,0,0,2,2
74,-6135.765,7572.272,-389.542,149.621,-0.862716,-0.505688,-0.000426,0.505634,-0.862635,0.014001,-0.007448,0.011863,0.999902,0,0.28617,0.01524,17.170,0.030,-1,375.000,-1,400.000,-1,325.000,325.000,300.000,300.000,-1,-1,-1,-1,700.000,725.000,-1,-1,2,0,2,0,2,0,0,0,0,2,2,2,2,0,0,2,2
75,-6154.726,7583.371,-389.576,149.656,-0.863028,-0.505157,-0.000282,0.505105,-0.862946,0.013895,-0.007263,0.011849,0.999903,0,0.36617,0.01765,21.970,0.035,-1,375.000,-1,400.000,-1,325.000,325.000,300.000,300.000,-1,-1,-1,-1,700.000,725.000,-1,-1,2,0,2,0,2,0,0,0,0,2,2,2,2,0,0,2,2
76,-6177.838,7596.878,-389.630,149.697,-0.863393,-0.504532,-0.000082,0.504483,-0.863312,0.013757,-0.007012,0.011837,0.999905,0,0.44617,0.02075,26.770,0.041,-1,375.000,-1,400.000,-1,325.000,325.000,300.000,300.000,-1,-1,-1,-1,675.000,725.000,-1,-1,2,0,2,0,2,0,0,0,0,2,2,2,2,0,0,2,2
77,-6205.109,7612.784,-389.710,149.746,-0.863825,-0.503792,0.000189,0.503748,-0.863744,0.013582,-0.006679,0.011827,0.999908,0,0.52617,0.02453,31.570,0.049,-1,375.000,-1,400.000,-1,325.000,325.000,300.000,300.000,-1,-1,-1,-1,675.000,725.000,-1,-1,2,0,2,0,2,0,0,0,0,2,2,2,2,0,0,2,2
78,-6236.544,7631.077,-389.781,149.804,-0.864335,-0.502916,0.000754,0.502879,-0.864252,0.013442,-0.006109,0.011997,0.999909,0,0.60617,0.02902,36.370,0.058,1000.000,375.000,-1,400.000,-1,325.000,325.000,300.000,300.000,-1,-1,-1,-1,675.000,725.000,-1,-1,1,0,2,0,2,0,0,0,0,2,2,2,2,0,0,2,2
79,-6272.192,7651.673,-389.888,149.981,-0.865882,-0.500246,0.001437,0.500219,-0.865798,0.013244,-0.005381,0.012187,0.999911,0,0.68617,0.08840,41.170,0.177,950.000,375.000,-1,400.000,-1,325.000,325.000,300.000,300.000,-1,-1,-1,-1,675.000,725.000,1000.000,-1,1,0,2,0,2,0,0,0,0,2,2,2,2,0,0,1,2
80,-6310.954,7673.905,-390.038,150.164,-0.867471,-0.497482,0.002248,0.497467,-0.867386,0.013008,-0.004521,0.012402,0.999913,0,0.74474,0.09131,44.684,0.183,925.000,375.000,-1,400.000,-1,325.000,325.000,300.000,300.000,-1,-1,-1,-1,675.000,700.000,975.000,-1,1,0,2,0,2,0,0,0,0,2,2,2,2,0,0,1,2
81,-6349.991,7696.123,-390.226,150.353,-0.869107,-0.494615,0.003134,0.494612,-0.869021,0.012745,-0.003580,0.012627,0.999914,0,0.74862,0.09457,44.917,0.189,900.000,375.000,-1,400.000,-1,325.000,325.000,300.000,300.000,-1,-1,-1,-1,675.000,700.000,925.000,-1,1,0,2,0,2,0,0,0,0,2,2,2,2,0,0,1,2
82,-6389.302,7718.320,-390.411,150.549,-0.870790,-0.491639,0.004064,0.491648,-0.870702,0.012656,-0.002684,0.013019,0.999912,0,0.75243,0.09793,45.146,0.196,850.000,375.000,-1,400.000,-1,325.000,325.000,300.000,300.000,-1,-1,-1,-1,675.000,700.000,900.000,-1,1,0,2,0,2,0,0,0,0,2,2,2,2,0,0,1,2
83,-6428.888,7740.487,-390.542,150.752,-0.872523,-0.488548,0.004993,0.488570,-0.872428,0.013018,-0.002004,0.013798,0.999903,0,0.75616,0.10141,45.369,0.203,825.000,375.000,-1,400.000,-1,325.000,325.000,300.000,300.000,-1,-1,-1,-1,675.000,700.000,850.000,-1,1,0,2,0,2,0,0,0,0,2,2,2,2,0,0,1,2
84,-6468.745,7762.615,-390.697,150.962,-0.874305,-0.485341,0.005984,0.485376,-0.874202,0.013427,-0.001285,0.014643,0.999892,0,0.75980,0.10502,45.588,0.210,775.000,375.000,-1,375.000,-1,300.000,325.000,300.000,300.000,-1,-1,-1,-1,675.000,700.000,825.000,-1,1,0,2,0,2,0,0,0,0,2,2,2,2,0,0,1,2
85,-6508.872,7784.694,-390.714,151.179,-0.876132,-0.482007,0.007825,0.482071,-0.876017,0.014210,0.000006,0.016222,0.999868,0,0.76334,0.10875,45.800,0.217,750.000,375.000,-1,375.000,-1,300.000,325.000,300.000,300.000,-1,-1,-1,-1,675.000,675.000,800.000,-1,1,0,2,0,2,0,0,0,0,2,2,2,2,0,0,1,2
86,-6549.267,7806.713,-390.732,151.404,-0.878008,-0.478546,0.009839,0.478645,-0.877879,0.015097,0.001413,0.017965,0.999838,0,0.76677,0.11261,46.006,0.225,700.000,375.000,-1,375.000,-1,300.000,325.000,300.000,300.000,-1,-1,-1,-1,675.000,675.000,750.000,-1,1,0,2,0,2,0,0,0,0,2,2,2,2,0,0,1,2
87,-6589.926,7828.663,-390.766,151.638,-0.879931,-0.474952,0.011955,0.475093,-0.879789,0.016059,0.002890,0.019811,0.999800,0,0.77009,0.11662,46.206,0.233,675.000,375.000,-1,375.000,-1,300.000,325.000,300.000,300.000,-1,-1,-1,-1,675.000,675.000,725.000,-1,1,0,2,0,2,0,0,0,0,2,2,2,2,1,0,1,2
88,-6630.847,7850.530,-390.681,151.879,-0.881899,-0.471225,0.014215,0.471415,-0.881757,0.016509,0.004755,0.021261,0.999763,0,0.77328,0.12077,46.397,0.242,625.000,375.000,-1,375.000,-1,300.000,300.000,300.000,300.000,-1,-1,-1,-1,650.000,675.000,675.000,-1,1,0,2,0,2,0,0,0,0,2,2,2,2,1,0,1,2
89,-6672.023,7872.305,-390.292,152.129,-0.883933,-0.467367,0.015205,0.467578,-0.883799,0.016439,0.005755,0.021640,0.999749,0,0.77633,0.12507,46.580,0.250,600.000,375.000,-1,375.000,-1,300.000,300.000,300.000,300.000,-1,-1,850.000,-1,625.000,675.000,650.000,-1,1,0,2,0,2,0,0,0,0,2,2,0,2,1,0,1,2
90,-6713.452,7893.974,-389.902,152.388,-0.886021,-0.463361,0.016241,0.463596,-0.885895,0.016401,0.006788,0.022060,0.999734,0,0.77922,0.12954,46.753,0.259,575.000,375.000,-1,375.000,-1,300.000,300.000,300.000,300.000,-1,-1,775.000,-1,600.000,675.000,600.000,-1,1,0,2,0,2,0,0,0,0,2,2,0,2,1,0,1,2
91,-6755.126,7915.523,-389.189,152.657,-0.888151,-0.459214,0.017619,0.459468,-0.888070,0.014897,0.008807,0.021326,0.999734,0,0.78193,0.13418,46.916,0.268,525.000,375.000,-1,375.000,-1,300.000,300.000,300.000,300.000,-1,850.000,700.000,-1,600.000,675.000,575.000,-1,1,0,2,0,2,0,0,0,0,2,0,0,2,1,0,1,2
92,-6797.039,7936.939,-388.454,152.935,-0.890336,-0.454906,0.019039,0.455176,-0.890299,0.013520,0.010800,0.020703,0.999727,0,0.78447,0.13899,47.068,0.278,500.000,375.000,-1,375.000,-1,300.000,300.000,300.000,300.000,-1,750.000,675.000,-1,575.000,675.000,525.000,-1,1,0,2,0,2,0,0,0,0,2,0,0,2,1,0,1,2
93,-6839.185,7958.207,-387.683,153.223,-0.892577,-0.450430,0.020480,0.450716,-0.892582,0.012348,0.012719,0.020252,0.999714,0,0.78679,0.14399,47.208,0.288,450.000,375.000,-1,375.000,-1,325.000,300.000,300.000,300.000,-1,725.000,650.000,-1,575.000,700.000,500.000,-1,1,0,2,0,2,0,0,0,0,2,0,0,2,1,0,1,2
94,-6881.553,7979.312,-386.912,153.521,-0.894873,-0.445779,0.021982,0.446080,-0.894923,0.011200,0.014679,0.019828,0.999696,0,0.78890,0.14918,47.334,0.298,425.000,375.000,-1,375.000,-1,325.000,300.000,300.000,300.000,-1,675.000,625.000,-1,575.000,700.000,475.000,1000.000,1,1,2,0,2,0,0,0,0,2,0,0,2,1,0,1,1
95,-6924.136,8000.237,-386.139,153.830,-0.897224,-0.440948,0.023541,0.441260,-0.897323,0.010078,0.016681,0.019430,0.999672,0,0.79077,0.15458,47.446,0.309,375.000,375.000,-1,375.000,-1,325.000,325.000,300.000,300.000,-1,650.000,600.000,-1,600.000,700.000,425.000,950.000,1,1,2,0,2,0,0,0,0,2,0,0,2,1,0,1,1
96,-6971.245,8022.829,-385.286,154.379,-0.901359,-0.432331,0.025335,0.432656,-0.901515,0.008898,0.018993,0.018981,0.999639,0,0.87077,0.27458,52.246,0.549,350.000,350.000,-1,375.000,950.000,325.000,325.000,300.000,300.000,-1,650.000,575.000,-1,600.000,700.000,400.000,925.000,1,1,2,0,1,0,0,0,0,2,0,0,2,1,0,1,1
97,-7020.057,8045.567,-384.404,155.023,-0.906097,-0.422189,0.027266,0.422525,-0.906318,0.007748,0.021441,0.018541,0.999598,0,0.89746,0.32152,53.848,0.643,300.000,350.000,-1,375.000,875.000,325.000,325.000,300.000,300.000,-1,625.000,575.000,-1,625.000,725.000,350.000,900.000,1,1,2,0,1,0,0,0,0,2,0,0,2,1,0,1,1
98,-7069.332,8067.817,-383.510,155.699,-0.910954,-0.411469,0.029278,0.411815,-0.911243,0.006698,0.023923,0.018159,0.999549,0,0.90110,0.33805,54.066,0.676,275.000,350.000,-1,375.000,825.000,325.000,325.000,300.000,300.000,-1,550.000,525.000,-1,675.000,725.000,300.000,875.000,1,1,2,0,1,0,0,0,0,2,0,0,2,1,0,1,1
99,-7119.040,8089.525,-382.412,156.409,-0.915928,-0.400136,0.031109,0.400512,-0.916267,0.006714,0.025818,0.018609,0.999493,0,0.90402,0.35520,54.241,0.710,225.000,375.000,-1,375.000,775.000,325.000,325.000,300.000,300.000,-1,500.000,500.000,-1,725.000,725.000,275.000,850.000,1,1,2,0,1,0,0,0,0,2,0,0,2,1,0,1,1
100,-7169.147,8110.630,-379.093,157.155,-0.920641,-0.388092,0.042484,0.388886,-0.921207,0.012032,0.034467,0.027599,0.999025,0,0.90615,0.37299,54.369,0.746,225.000,400.000,-1,400.000,725.000,325.000,325.000,325.000,300.000,-1,400.000,350.000,-1,825.000,775.000,250.000,825.000,1,1,2,0,1,0,0,0,0,2,0,0,2,0,0,1,1
101,-7219.610,8131.074,-374.774,157.938,-0.925108,-0.375310,0.057601,0.376924,-0.926030,0.019911,0.045867,0.040131,0.998141,0,0.90744,0.39142,54.446,0.783,200.000,450.000,-1,425.000,700.000,350.000,350.000,350.000,275.000,-1,325.000,250.000,1000.000,950.000,825.000,275.000,800.000,1,0,2,0,1,0,0,0,0,2,0,0,0,0,1,1,1
102,-7265.799,8149.278,-371.251,158.481,-0.927885,-0.366356,0.069377,0.368815,-0.929130,0.026312,0.054821,0.050002,0.997243,0,0.82744,0.27142,49.646,0.543,200.000,500.000,-1,425.000,675.000,375.000,375.000,375.000,275.000,-1,300.000,225.000,900.000,-1,825.000,300.000,800.000,1,0,2,0,1,0,0,0,0,2,0,0,0,2,1,1,1
103,-7307.609,8165.502,-368.209,158.784,-0.929244,-0.361315,0.077182,0.364429,-0.930731,0.030532,0.060804,0.056499,0.996549,0,0.74744,0.15142,44.846,0.303,200.000,500.000,-1,450.000,625.000,400.000,375.000,350.000,275.000,-1,300.000,200.000,850.000,-1,800.000,325.000,775.000,1,0,2,0,1,0,0,1,0,2,0,0,0,2,1,1,1
104,-7344.958,8179.950,-365.809,158.846,-0.929240,-0.360207,0.082238,0.363772,-0.930904,0.032991,0.064672,0.060572,0.996067,0,0.66744,0.03142,40.046,0.063,200.000,525.000,-1,450.000,625.000,400.000,375.000,325.000,275.000,-1,300.000,200.000,800.000,-1,800.000,400.000,750.000,1,0,2,0,1,0,0,1,0,2,0,0,0,2,1,1,1
105,-7377.852,8192.612,-363.942,158.941,-0.929561,-0.358616,0.085502,0.362478,-0.931355,0.034467,0.067273,0.063032,0.995742,0,0.58744,0.04726,35.246,0.095,200.000,550.000,-1,475.000,600.000,400.000,400.000,300.000,275.000,-1,300.000,225.000,775.000,-1,775.000,-1,725.000,1,0,2,0,1,0,0,1,0,2,0,0,0,2,1,2,1
106,-7406.290,8203.487,-362.504,159.070,-0.930194,-0.356488,0.087494,0.360534,-0.932076,0.035339,0.068953,0.064417,0.995538,0,0.50744,0.06445,30.446,0.129,200.000,550.000,-1,475.000,575.000,425.000,400.000,275.000,275.000,-1,300.000,225.000,750.000,-1,775.000,-1,700.000,1,0,2,0,1,0,0,1,0,2,0,0,0,2,1,2,1
107,-7430.269,8212.581,-361.398,159.228,-0.931075,-0.353891,0.088657,0.358042,-0.933017,0.035852,0.070030,0.065124,0.995417,0,0.42744,0.07931,25.646,0.159,200.000,550.000,-1,475.000,550.000,425.000,400.000,250.000,275.000,-1,325.000,225.000,750.000,-1,775.000,-1,700.000,1,0,2,0,1,0,0,1,0,2,0,0,0,2,1,2,1
108,-7449.784,8219.912,-360.548,159.412,-0.932144,-0.350894,0.089338,0.355109,-0.934124,0.036195,0.070752,0.065464,0.995343,0,0.34744,0.09170,20.846,0.183,200.000,550.000,-1,475.000,550.000,425.000,400.000,225.000,275.000,-1,325.000,225.000,750.000,-1,775.000,-1,675.000,1,0,2,0,1,0,0,1,0,2,0,0,0,2,1,2,1
109,-7464.826,8225.501,-359.897,159.615,-0.933342,-0.347577,0.089799,0.351837,-0.935349,0.036510,0.071304,0.065671,0.995290,0,0.26744,0.10154,16.046,0.203,175.000,550.000,-1,475.000,550.000,425.000,400.000,225.000,275.000,-1,325.000,200.000,750.000,-1,775.000,-1,675.000,1,0,2,0,1,0,0,1,0,2,0,0,0,2,1,2,1
110,-7475.382,8229.378,-359.408,159.832,-0.934619,-0.344018,0.090214,0.348326,-0.936647,0.036891,0.071808,0.065903,0.995239,0,0.18744,0.10875,11.246,0.217,175.000,550.000,-1,475.000,525.000,425.000,400.000,225.000,275.000,-1,325.000,200.000,750.000,-1,775.000,-1,675.000,1,0,2,0,1,0,0,1,0,2,0,0,0,2,1,2,1
111,-7481.442,8231.576,-359.062,160.059,-0.935933,-0.340304,0.090676,0.344670,-0.937979,0.037385,0.072330,0.066243,0.995179,0,0.10744,0.11329,6.446,0.227,175.000,550.000,-1,475.000,525.000,425.000,400.000,200.000,275.000,-1,325.000,200.000,750.000,-1,775.000,-1,675.000,1,0,2,0,1,0,0,1,0,2,0,0,0,2,1,2,1
112,-7482.992,8232.130,-358.854,160.289,-0.937249,-0.336520,0.091205,0.340957,-0.939311,0.037996,0.072883,0.066709,0.995107,0,0.02744,0.11517,1.646,0.230,175.000,575.000,-1,475.000,525.000,425.000,400.000,225.000,275.000,-1,325.000,200.000,750.000,-1,775.000,-1,675.000,1,0,2,0,1,0,0,1,0,2,0,0,0,2,1,2,1
113,-7480.019,8231.078,-358.796,160.518,-0.938539,-0.332754,0.091754,0.337271,-0.940612,0.038691,0.073430,0.067259,0.995030,0,-0.05256,0.11439,-3.154,0.229,175.000,575.000,-1,475.000,525.000,425.000,400.000,225.000,275.000,-1,325.000,200.000,725.000,-1,775.000,-1,675.000,1,0,2,0,1,0,0,1,0,2,0,0,0,2,1,2,1
114,-7472.510,8228.453,-358.915,160.740,-0.939783,-0.329096,0.092214,0.333688,-0.941860,0.039392,0.073889,0.067791,0.994960,0,-0.13256,0.11099,-7.954,0.222,175.000,575.000,-1,475.000,550.000,425.000,400.000,225.000,275.000,-1,325.000,200.000,725.000,-1,800.000,-1,700.000,1,0,2,0,1,0,0,1,0,2,0,0,0,2,1,2,1
115,-7460.455,8224.290,-359.247,160.950,-0.940968,-0.325633,0.092425,0.330276,-0.943037,0.039991,0.074138,0.068156,0.994916,0,-0.21256,0.10502,-12.754,0.210,175.000,575.000,-1,475.000,550.000,425.000,400.000,225.000,275.000,-1,325.000,200.000,725.000,-1,800.000,-1,700.000,1,0,2,0,1,0,0,1,0,2,0,0,0,2,1,2,1
116,-7446.592,8219.555,-359.720,161.143,-0.942076,-0.322450,0.092298,0.327108,-0.944124,0.040381,0.074120,0.068233,0.994912,0,-0.24416,0.09656,-14.649,0.193,175.000,575.000,-1,475.000,550.000,425.000,400.000,250.000,275.000,-1,325.000,200.000,725.000,-1,800.000,-1,725.000,1,0,2,0,1,0,0,1,0,2,0,0,0,2,1,2,1
117,-7432.945,8214.941,-360.254,161.318,-0.943095,-0.319577,0.091880,0.324212,-0.945115,0.040556,0.073876,0.068036,0.994944,0,-0.24009,0.08728,-14.405,0.175,175.000,575.000,-1,475.000,575.000,425.000,400.000,275.000,275.000,-1,300.000,200.000,700.000,-1,825.000,400.000,725.000,1,0,2,0,1,0,0,1,0,2,0,0,0,2,1,1,1
118,-7419.498,8210.436,-360.845,161.474,-0.944031,-0.317001,0.091196,0.321582,-0.946014,0.040531,0.073424,0.067589,0.995008,0,-0.23636,0.07834,-14.182,0.157,175.000,575.000,-1,475.000,575.000,425.000,400.000,275.000,275.000,-1,300.000,200.000,725.000,-1,825.000,375.000,750.000,1,0,2,0,1,0,0,1,0,2,0,0,0,2,1,1,1
119,-7406.233,8206.027,-361.488,161.614,-0.944885,-0.314711,0.090271,0.319209,-0.946826,0.040319,0.072782,0.066912,0.995101,0,-0.23296,0.06974,-13.978,0.139,175.000,575.000,-1,475.000,600.000,425.000,400.000,300.000,275.000,-1,300.000,200.000,725.000,-1,825.000,350.000,750.000,1,0,2,0,1,0,0,1,0,2,0,0,0,2,1,1,1
120,-7393.136,8201.706,-362.178,161.737,-0.945662,-0.312698,0.089123,0.317087,-0.947555,0.039934,0.071962,0.066024,0.995220,0,-0.22986,0.06146,-13.792,0.123,175.000,550.000,-1,475.000,600.000,425.000,400.000,300.000,275.000,-1,300.000,200.000,725.000,-1,825.000,325.000,775.000,1,0,2,0,1,0,0,1,0,2,0,0,0,2,1,1,1
121,-7380.190,8197.462,-362.913,161.844,-0.946365,-0.310951,0.087771,0.315208,-0.948205,0.039386,0.070978,0.064940,0.995362,0,-0.22704,0.05347,-13.623,0.107,175.000,550.000,-1,475.000,600.000,425.000,400.000,325.000,275.000,-1,300.000,200.000,725.000,-1,850.000,300.000,775.000,1,0,2,0,1,0,0,1,0,2,0,0,0,2,1,1,1
122,-7367.384,8193.287,-363.690,161.935,-0.946994,-0.309461,0.086231,0.313566,-0.948778,0.038687,0.069842,0.063676,0.995524,0,-0.22449,0.04576,-13.470,0.092,200.000,550.000,-1,475.000,625.000,425.000,400.000,325.000,275.000,-1,300.000,200.000,750.000,-1,850.000,300.000,775.000,1,0,2,0,1,0,0,1,0,2,0,0,0,2,1,1,1
123,-7354.704,8189.171,-364.505,162.012,-0.947554,-0.308219,0.084515,0.312155,-0.949277,0.037847,0.068562,0.062244,0.995703,0,-0.22219,0.03833,-13.331,0.077,200.000,550.000,-1,475.000,625.000,425.000,400.000,350.000,275.000,-1,300.000,200.000,750.000,-1,850.000,300.000,800.000,1,0,2,0,1,0,0,1,0,2,0,0,0,2,1,1,1
124,-7342.137,8185.108,-365.357,162.074,-0.948045,-0.307217,0.082634,0.310969,-0.949704,0.036875,0.067149,0.060656,0.995897,0,-0.22012,0.03114,-13.207,0.062,200.000,525.000,-1,475.000,625.000,400.000,400.000,375.000,275.000,-1,300.000,200.000,775.000,-1,850.000,275.000,800.000,1,1,2,0,1,0,0,1,0,2,0,0,0,2,1,1,1
125,-7329.672,8181.089,-366.242,162.123,-0.948469,-0.306447,0.080600,0.310002,-0.950062,0.035780,0.065611,0.058922,0.996104,0,-0.21827,0.02420,-13.096,0.048,200.000,525.000,-1,450.000,625.000,400.000,375.000,375.000,275.000,-1,300.000,200.000,800.000,-1,850.000,275.000,800.000,1,1,2,0,1,0,0,1,0,2,0,0,0,2,1,1,1
126,-7317.299,8177.109,-367.161,162.158,-0.948828,-0.305900,0.078421,0.309249,-0.950353,0.034569,0.063953,0.057052,0.996321,0,-0.21663,0.01748,-12.998,0.035,200.000,500.000,-1,450.000,650.000,400.000,375.000,400.000,275.000,-1,300.000,200.000,800.000,-1,875.000,275.000,825.000,1,1,2,0,1,0,0,1,0,2,0,0,0,2,1,1,1
127,-7305.007,8173.159,-368.107,162.180,-0.949123,-0.305571,0.076108,0.308704,-0.950577,0.033238,0.062190,0.055042,0.996545,0,-0.21518,0.01097,-12.911,0.022,200.000,475.000,-1,450.000,650.000,400.000,375.000,400.000,275.000,-1,300.000,200.000,825.000,975.000,875.000,275.000,825.000,1,1,2,0,1,0,0,0,0,2,0,0,0,1,1,1,1
128,-7292.786,8169.235,-369.076,162.189,-0.949353,-0.305451,0.073674,0.308363,-0.950738,0.031779,0.060337,0.052888,0.996776,0,-0.21392,0.00467,-12.835,0.009,200.000,475.000,-1,450.000,650.000,400.000,375.000,400.000,275.000,-1,300.000,225.000,850.000,925.000,875.000,250.000,825.000,1,1,2,0,1,0,0,0,0,2,0,0,0,1,1,1,1
129,-7280.628,8165.331,-370.074,162.186,-0.949522,-0.305535,0.071113,0.308221,-0.950835,0.030225,0.058382,0.050617,0.997010,0,-0.21283,-0.00143,-12.770,-0.003,200.000,450.000,-1,450.000,650.000,375.000,375.000,400.000,275.000,-1,300.000,225.000,875.000,875.000,875.000,250.000,850.000,1,1,2,0,1,0,0,0,0,2,0,0,0,1,1,1,1
130,-7268.523,8161.440,-371.100,162.171,-0.949629,-0.305815,0.068431,0.308274,-0.950868,0.028581,0.056328,0.048237,0.997246,0,-0.21190,-0.00736,-12.714,-0.015,200.000,450.000,-1,450.000,675.000,375.000,375.000,375.000,275.000,-1,300.000,225.000,900.000,825.000,875.000,250.000,850.000,1,1,2,0,1,0,0,0,0,2,0,0,0,1,1,1,1
131,-7256.464,8157.558,-372.070,162.145,-0.949695,-0.306290,0.065313,0.308496,-0.950852,0.026643,0.053943,0.045452,0.997509,0,-0.21114,-0.01311,-12.668,-0.026,200.000,425.000,-1,425.000,675.000,375.000,375.000,375.000,275.000,-1,300.000,225.000,925.000,800.000,850.000,250.000,850.000,1,1,2,0,1,0,0,0,0,2,0,0,0,1,0,1,1
132,-7244.443,8153.679,-373.054,162.108,-0.949702,-0.306951,0.062033,0.308904,-0.950775,0.024596,0.051430,0.042521,0.997771,0,-0.21052,-0.01870,-12.631,-0.037,200.000,425.000,-1,425.000,675.000,375.000,350.000,375.000,275.000,-1,325.000,250.000,950.000,750.000,850.000,250.000,850.000,1,1,2,0,1,0,0,0,0,2,0,0,0,1,0,1,1
133,-7232.452,8149.799,-374.064,162.059,-0.949646,-0.307790,0.058639,0.309498,-0.950634,0.022474,0.048827,0.039491,0.998026,0,-0.21004,-0.02414,-12.603,-0.048,200.000,400.000,-1,425.000,675.000,375.000,350.000,350.000,275.000,-1,325.000,250.000,1000.000,700.000,825.000,250.000,850.000,1,1,2,0,1,0,0,0,0,2,0,0,0,1,0,1,1
