timestep,x_cm,y_cm,z_cm,yaw_deg,basis_xx,basis_xy,basis_xz,basis_yx,basis_yy,basis_yz,basis_zx,basis_zy,basis_zz,teleport_flag,throttle_cmd,steering_cmd,cmd_move_cm,cmd_turn_deg,lidar_cm_0,lidar_cm_1,lidar_cm_2,lidar_cm_3,lidar_cm_4,lidar_cm_5,lidar_cm_6,lidar_cm_7,lidar_cm_8,lidar_cm_9,lidar_cm_10,lidar_cm_11,lidar_cm_12,lidar_cm_13,lidar_cm_14,lidar_cm_15,lidar_cm_16,lidar_class_0,lidar_class_1,lidar_class_2,lidar_class_3,lidar_class_4,lidar_class_5,lidar_class_6,lidar_class_7,lidar_class_8,lidar_class_9,lidar_class_10,lidar_class_11,lidar_class_12,lidar_class_13,lidar_class_14,lidar_class_15,lidar_class_16
0,5572.359,987.597,-182.348,129.645,-0.637262,-0.770008,0.031380,0.768902,-0.638030,-0.041322,0.051840,-0.002205,0.998653,1,0.08000,-0.12000,4.800,-0.240,-1,400.000,-1,400.000,450.000,325.000,325.000,300.000,300.000,-1,-1,-1,-1,800.000,525.000,-1,500.000,2,0,2,0,1,0,0,0,0,2,2,2,2,0,1,2,1
1,5566.296,995.040,-181.843,129.165,-0.630781,-0.775327,0.031353,0.774232,-0.631558,-0.041237,0.051773,-0.001737,0.998657,0,0.16000,-0.24000,9.600,-0.480,-1,400.000,-1,400.000,450.000,325.000,325.000,300.000,300.000,-1,-1,-1,-1,800.000,525.000,-1,500.000,2,0,2,1,1,0,0,0,0,2,2,2,2,0,1,2,1
2,5557.343,1006.318,-181.089,128.445,-0.620978,-0.783203,0.031309,0.782124,-0.621766,-0.041111,0.051665,-0.001041,0.998664,0,0.24000,-0.36000,14.400,-0.720,-1,400.000,-1,400.000,450.000,325.000,325.000,300.000,300.000,-1,-1,-1,-1,800.000,525.000,-1,475.000,2,0,2,1,1,0,0,0,0,2,2,2,2,0,1,2,1
3,5545.658,1021.554,-180.086,127.485,-0.607754,-0.793510,0.031247,0.792453,-0.608557,-0.040946,0.051507,-0.000123,0.998673,0,0.32000,-0.48000,19.200,-0.960,-1,400.000,-1,375.000,425.000,325.000,325.000,300.000,300.000,-1,-1,-1,-1,800.000,500.000,-1,475.000,2,0,2,1,1,0,0,0,0,2,2,2,2,1,1,2,1
4,5531.455,1040.900,-178.839,126.285,-0.590985,-0.806081,0.031164,0.805051,-0.591805,-0.040746,0.051287,0.001008,0.998683,0,0.40000,-0.60000,24.000,-1.200,-1,400.000,-1,375.000,400.000,325.000,325.000,300.000,300.000,-1,-1,-1,-1,750.000,475.000,-1,450.000,2,0,2,1,1,0,0,0,0,2,2,2,2,1,1,2,1
5,5515.000,1064.536,-177.353,124.845,-0.570520,-0.820696,0.031054,0.819699,-0.571360,-0.040514,0.050993,0.002341,0.998696,0,0.48000,-0.72000,28.800,-1.440,-1,400.000,975.000,350.000,375.000,325.000,325.000,300.000,300.000,-1,-1,-1,-1,725.000,450.000,-1,400.000,2,0,1,1,1,0,0,0,0,2,2,2,2,1,1,2,1
6,5496.619,1092.662,-175.633,123.165,-0.546190,-0.837090,0.030916,0.836131,-0.547051,-0.040253,0.050608,0.003864,0.998711,0,0.56000,-0.84000,33.600,-1.680,-1,400.000,900.000,325.000,350.000,325.000,325.000,300.000,300.000,-1,-1,-1,-1,675.000,450.000,-1,375.000,2,0,1,1,1,0,1,0,0,2,2,2,2,1,1,2,1
7,5476.962,1125.060,-173.714,121.245,-0.517811,-0.854942,0.030748,0.854025,-0.518694,-0.039971,0.050122,0.005562,0.998728,0,0.63159,-0.96000,37.895,-1.920,-1,400.000,850.000,325.000,325.000,325.000,300.000,300.000,300.000,-1,-1,-1,-1,625.000,400.000,950.000,350.000,2,0,1,1,1,0,1,0,0,2,2,2,2,1,1,1,1
8,5458.377,1158.253,-171.804,119.245,-0.487634,-0.872514,0.030545,0.871641,-0.488535,-0.039696,0.049557,0.007267,0.998745,0,0.63403,-1.00000,38.042,-2.000,-1,400.000,775.000,300.000,300.000,325.000,275.000,300.000,300.000,-1,-1,-1,-1,575.000,375.000,850.000,300.000,2,1,1,1,1,1,1,0,0,2,2,2,2,1,1,1,1
9,5440.891,1192.210,-169.910,117.245,-0.456863,-0.889020,0.030322,0.888190,-0.457781,-0.039432,0.048936,0.008917,0.998762,0,0.63658,-1.00000,38.195,-2.000,-1,375.000,700.000,275.000,250.000,300.000,250.000,300.000,300.000,-1,-1,-1,-1,525.000,350.000,750.000,275.000,2,1,1,1,1,1,1,0,0,2,2,2,2,1,1,1,1
10,5424.535,1226.898,-168.033,115.245,-0.425537,-0.904441,0.030091,0.903653,-0.426469,-0.039180,0.048269,0.010519,0.998779,0,0.63918,-1.00000,38.351,-2.000,900.000,350.000,650.000,250.000,225.000,275.000,250.000,300.000,300.000,-1,-1,-1,-1,475.000,325.000,650.000,225.000,1,1,1,1,1,1,1,0,0,2,2,2,2,1,1,1,1
11,5409.337,1262.282,-164.477,113.245,-0.393843,-0.918809,0.026027,0.917671,-0.394661,-0.046075,0.052606,0.005738,0.998599,0,0.64182,-1.00000,38.509,-2.000,775.000,325.000,600.000,250.000,225.000,250.000,225.000,300.000,300.000,-1,-1,-1,-1,450.000,325.000,600.000,225.000,1,1,1,1,1,1,1,0,0,2,2,2,2,1,1,1,1
12,5395.325,1298.327,-159.540,111.245,-0.361930,-0.932029,0.018106,0.930203,-0.362357,-0.058477,0.061063,-0.004323,0.998125,0,0.64451,-1.00000,38.671,-2.000,675.000,300.000,575.000,250.000,225.000,250.000,225.000,300.000,350.000,-1,775.000,925.000,-1,425.000,300.000,550.000,225.000,1,1,1,1,1,1,1,0,0,2,0,0,2,1,1,1,1
13,5382.525,1334.992,-154.607,109.245,-0.329766,-0.944017,0.009260,0.941499,-0.329577,-0.070414,0.069524,-0.014501,0.997475,0,0.64724,-1.00000,38.835,-2.000,600.000,300.000,575.000,225.000,225.000,250.000,225.000,275.000,375.000,-1,450.000,700.000,-1,400.000,300.000,475.000,200.000,1,1,1,1,1,1,1,0,0,2,0,0,2,1,1,1,1
14,5370.963,1372.241,-149.680,107.245,-0.297407,-0.954751,-0.000492,0.951560,-0.296370,-0.081843,0.077994,-0.024809,0.996645,0,0.65001,-1.00000,39.001,-2.000,525.000,275.000,550.000,225.000,200.000,225.000,200.000,275.000,400.000,-1,275.000,475.000,-1,400.000,300.000,425.000,200.000,1,1,1,1,1,1,1,0,0,2,0,0,2,1,1,1,1
15,5360.663,1410.035,-143.864,105.245,-0.264620,-0.964329,-0.006777,0.960193,-0.262820,-0.094634,0.089477,-0.031550,0.995489,0,0.65282,-1.00000,39.169,-2.000,475.000,275.000,550.000,225.000,225.000,225.000,200.000,275.000,425.000,900.000,175.000,350.000,-1,375.000,300.000,400.000,200.000,1,1,1,1,1,1,1,0,0,0,0,0,2,1,1,1,1
16,5351.650,1448.333,-135.387,103.245,-0.230660,-0.973033,-0.001375,0.966842,-0.229033,-0.112960,0.109599,-0.027385,0.993599,0,0.65566,-1.00000,39.340,-2.000,500.000,275.000,775.000,225.000,225.000,225.000,200.000,300.000,450.000,775.000,125.000,225.000,-1,400.000,300.000,425.000,225.000,1,1,1,1,1,1,1,0,1,0,0,0,2,1,1,1,1
17,-4919.469,-4919.464,167.026,-39.392,0.772562,0.632833,0.051672,-0.634917,0.770652,0.054554,-0.005297,-0.074954,0.997173,1,0.00000,0.00000,39.512,-2.000,-1,400.000,-1,400.000,-1,325.000,325.000,300.000,175.000,-1,-1,-1,-1,800.000,875.000,-1,-1,2,0,2,0,2,0,0,0,1,2,2,2,2,0,0,2,2
18,-4915.772,-4922.525,167.007,-39.632,0.769907,0.636058,0.051694,-0.638136,0.767997,0.054437,-0.005076,-0.074900,0.997178,0,0.08000,-0.12000,4.800,-0.240,-1,400.000,-1,400.000,-1,325.000,325.000,300.000,175.000,-1,-1,-1,-1,800.000,875.000,-1,-1,2,0,2,0,2,0,0,0,1,2,2,2,2,0,0,2,2
19,-4908.430,-4928.711,166.947,-40.112,0.764553,0.642470,0.051883,-0.644544,0.762641,0.054231,-0.004726,-0.074903,0.997180,0,0.16000,-0.24000,9.600,-0.480,-1,400.000,-1,400.000,-1,325.000,325.000,300.000,175.000,-1,-1,-1,-1,800.000,875.000,-1,-1,2,0,2,0,2,0,0,0,1,2,2,2,2,0,0,2,2
20,-4897.534,-4938.126,166.869,-40.832,0.756420,0.652002,0.052166,-0.654072,0.754508,0.053918,-0.004205,-0.074906,0.997182,0,0.24000,-0.36000,14.400,-0.720,-1,400.000,-1,400.000,-1,325.000,325.000,300.000,175.000,-1,-1,-1,-1,800.000,875.000,-1,-1,2,0,2,0,2,0,0,0,1,2,2,2,2,0,0,2,2
21,-4883.218,-4950.922,166.836,-41.792,0.745384,0.664543,0.052780,-0.666626,0.743468,0.053534,-0.003665,-0.075088,0.997170,0,0.32000,-0.48000,19.200,-0.960,-1,400.000,-1,400.000,-1,325.000,325.000,300.000,175.000,-1,-1,-1,-1,800.000,875.000,-1,-1,2,0,2,0,2,0,0,0,1,2,2,2,2,0,0,2,2
22,-4865.662,-4967.287,167.200,-42.992,0.731232,0.679884,0.055294,-0.682116,0.729298,0.053306,-0.004084,-0.076695,0.997046,0,0.40000,-0.60000,24.000,-1.200,-1,400.000,-1,400.000,-1,325.000,325.000,300.000,175.000,-1,-1,-1,-1,800.000,875.000,-1,-1,2,0,2,0,2,0,0,0,1,2,2,2,2,0,0,2,2
23,-4845.094,-4987.448,167.622,-44.432,0.713835,0.697895,0.058158,-0.700300,0.711879,0.052998,-0.004414,-0.078559,0.996900,0,0.48000,-0.72000,28.800,-1.440,-1,400.000,-1,400.000,-1,325.000,325.000,300.000,175.000,-1,-1,-1,-1,775.000,875.000,-1,-1,2,0,2,0,2,0,0,0,1,2,2,2,2,0,0,2,2
24,-4821.798,-5011.663,168.125,-46.112,0.692976,0.718356,0.061231,-0.720946,0.691007,0.052408,-0.004664,-0.080462,0.996747,0,0.56000,-0.84000,33.600,-1.680,-1,400.000,-1,400.000,-1,325.000,325.000,300.000,175.000,-1,-1,-1,-1,775.000,875.000,-1,-1,2,0,2,0,2,0,0,0,1,2,2,2,2,0,0,2,2
25,-4796.073,-5040.173,168.728,-47.942,0.669574,0.739945,0.064445,-0.742729,0.667609,0.051485,-0.004928,-0.082338,0.996592,0,0.64000,-0.91509,38.400,-1.830,-1,400.000,-1,400.000,-1,325.000,325.000,300.000,200.000,-1,-1,-1,-1,750.000,875.000,-1,-1,2,0,2,0,2,0,0,0,1,2,2,2,2,0,0,2,2
26,-4768.170,-5073.155,169.434,-49.771,0.645486,0.760768,0.067677,-0.763753,0.643552,0.050214,-0.005353,-0.084101,0.996443,0,0.72000,-0.91471,43.200,-1.829,-1,375.000,-1,400.000,-1,325.000,325.000,300.000,200.000,-1,-1,-1,-1,750.000,875.000,-1,-1,2,0,2,0,2,0,0,0,1,2,2,2,2,0,0,2,2
27,-4738.353,-5110.772,170.174,-51.600,0.620759,0.780827,0.070482,-0.783981,0.618881,0.048584,-0.005684,-0.085416,0.996329,0,0.80000,-0.91424,48.000,-1.828,-1,375.000,-1,400.000,-1,325.000,325.000,300.000,200.000,-1,-1,-1,-1,750.000,850.000,-1,-1,2,0,2,0,2,0,0,0,1,2,2,2,2,0,0,2,2
28,-4706.891,-5153.177,170.862,-53.427,0.595446,0.800131,0.072358,-0.803376,0.593643,0.046641,-0.005636,-0.085903,0.996288,0,0.88000,-0.91365,52.800,-1.827,-1,375.000,-1,400.000,-1,325.000,325.000,275.000,225.000,-1,-1,-1,-1,775.000,875.000,-1,-1,2,0,2,0,2,0,0,0,1,2,2,2,2,0,0,2,2
29,-4674.244,-5200.243,171.302,-55.253,0.569585,0.818717,0.072626,-0.821916,0.567903,0.044052,-0.005178,-0.084784,0.996386,0,0.95465,-0.91291,57.279,-1.826,-1,375.000,-1,400.000,-1,325.000,325.000,275.000,225.000,-1,-1,-1,-1,775.000,875.000,-1,-1,2,0,2,0,2,0,0,0,1,2,2,2,2,0,0,2,2
30,-4643.184,-5248.219,171.391,-57.077,0.543240,0.836571,0.070987,-0.839568,0.541681,0.041310,-0.003894,-0.082039,0.996621,0,0.95252,-0.91198,57.151,-1.824,-1,400.000,-1,400.000,-1,325.000,325.000,275.000,225.000,-1,-1,-1,-1,800.000,875.000,-1,-1,2,0,2,0,2,0,0,0,1,2,2,2,2,0,0,2,2
31,-4613.726,-5297.058,171.200,-58.899,0.516446,0.853662,0.067420,-0.856318,0.514988,0.038817,-0.001583,-0.077780,0.996969,0,0.95056,-0.91093,57.034,-1.822,-1,400.000,-1,400.000,-1,325.000,325.000,300.000,250.000,-1,-1,-1,-1,800.000,900.000,-1,-1,2,0,2,0,2,0,0,0,1,2,2,2,2,0,0,2,2
32,-4585.888,-5346.714,170.645,-60.718,0.489234,0.869936,0.062134,-0.872150,0.487822,0.037208,0.002058,-0.072394,0.997374,0,0.94877,-0.90976,56.926,-1.820,-1,400.000,-1,400.000,-1,325.000,325.000,300.000,250.000,-1,-1,-1,-1,850.000,900.000,-1,-1,2,0,2,0,2,0,0,0,1,2,2,2,2,0,0,2,2
33,-4559.683,-5397.142,169.608,-62.535,0.461631,0.885333,0.055517,-0.887041,0.460185,0.037256,0.007436,-0.066445,0.997762,0,0.94716,-0.90847,56.829,-1.817,1000.000,425.000,-1,400.000,-1,325.000,325.000,300.000,250.000,-1,-1,-1,-1,900.000,925.000,-1,-1,1,0,2,0,2,0,0,0,1,2,2,2,2,0,0,2,2
34,-4535.120,-5448.295,169.614,-64.349,0.433375,0.899497,0.055599,-0.901173,0.431945,0.036196,0.008543,-0.065791,0.997797,0,0.94572,-0.90708,56.743,-1.814,950.000,425.000,-1,400.000,-1,325.000,325.000,300.000,250.000,-1,-1,-1,-1,925.000,950.000,-1,-1,1,0,2,0,2,0,0,0,1,2,2,2,2,0,0,2,2
35,-4512.215,-5500.128,169.922,-66.161,0.404683,0.912660,0.057304,-0.914417,0.403282,0.034714,0.008572,-0.066448,0.997753,0,0.94447,-0.90559,56.668,-1.811,925.000,425.000,-1,400.000,-1,325.000,325.000,300.000,275.000,-1,-1,-1,-1,950.000,950.000,-1,-1,1,0,2,0,2,0,0,0,1,2,2,2,2,0,0,2,2
36,-4490.982,-5552.599,170.321,-67.969,0.375638,0.924890,0.058952,-0.926727,0.374271,0.033151,0.008597,-0.067085,0.997710,0,0.94339,-0.90400,56.603,-1.808,875.000,425.000,-1,400.000,-1,325.000,325.000,300.000,275.000,-1,-1,-1,-1,975.000,950.000,-1,-1,1,0,2,0,2,0,0,0,1,2,2,2,2,0,0,2,2
37,-4471.430,-5605.661,170.813,-69.773,0.346274,0.936179,0.060533,-0.938094,0.344944,0.031518,0.008626,-0.067699,0.997668,0,0.94248,-0.90233,56.549,-1.805,900.000,425.000,-1,400.000,-1,325.000,325.000,300.000,275.000,-1,-1,-1,-1,1000.000,925.000,-1,-1,1,0,2,0,2,0,0,0,1,2,2,2,2,0,0,2,2
38,-4453.570,-5659.269,171.402,-71.574,0.316625,0.946520,0.062038,-0.948511,0.315336,0.029824,0.008666,-0.068287,0.997628,0,0.94174,-0.90058,56.504,-1.801,900.000,425.000,-1,425.000,-1,325.000,325.000,300.000,300.000,-1,-1,-1,-1,1000.000,925.000,-1,-1,1,0,2,0,2,0,0,0,1,2,2,2,2,0,1,2,2
39,-4437.410,-5713.377,172.092,-73.372,0.286725,0.955909,0.063462,-0.957973,0.285480,0.028081,0.008726,-0.068846,0.997589,0,0.94116,-0.89875,56.469,-1.798,925.000,425.000,-1,425.000,-1,325.000,325.000,300.000,300.000,-1,-1,-1,-1,-1,900.000,-1,-1,1,0,2,0,2,0,0,0,1,2,2,2,2,2,1,2,2
40,-4422.958,-5767.940,172.866,-75.166,0.256614,0.964335,0.064859,-0.966473,0.255409,0.026385,0.008878,-0.069455,0.997546,0,0.94072,-0.89685,56.443,-1.794,950.000,425.000,-1,425.000,-1,350.000,350.000,300.000,300.000,-1,-1,-1,-1,-1,850.000,-1,-1,1,0,2,0,2,0,0,0,1,2,2,2,2,2,1,2,2
41,-4411.094,-5818.203,173.651,-76.719,0.230326,0.970867,0.066087,-0.973072,0.229159,0.024832,0.008965,-0.070026,0.997505,0,0.86072,-0.77685,51.643,-1.554,975.000,425.000,-1,425.000,-1,350.000,350.000,300.000,300.000,-1,-1,-1,-1,975.000,825.000,-1,-1,1,0,2,0,2,0,0,0,0,2,2,2,2,1,1,2,2
42,-4400.629,-5867.575,174.347,-78.033,0.207957,0.975861,0.066705,-0.978097,0.206839,0.023331,0.008970,-0.070096,0.997500,0,0.84113,-0.65685,50.468,-1.314,1000.000,450.000,-1,425.000,-1,350.000,350.000,300.000,300.000,-1,-1,-1,-1,925.000,800.000,-1,-1,1,0,2,0,2,0,0,0,0,2,2,2,2,1,1,2,2
43,-4391.096,-5917.114,174.666,-79.107,0.189497,0.979666,0.065916,-0.981851,0.188536,0.020573,0.007727,-0.068618,0.997613,0,0.84079,-0.53685,50.447,-1.074,1000.000,450.000,-1,425.000,-1,350.000,350.000,300.000,300.000,-1,-1,-1,-1,850.000,775.000,-1,-1,1,0,2,0,2,0,0,0,0,2,2,2,2,1,1,2,2
44,-4381.906,-5968.920,174.768,-79.940,0.175092,0.982343,0.065921,-0.984532,0.174268,0.018100,0.006293,-0.068070,0.997661,0,0.87691,-0.41685,52.615,-0.834,1000.000,450.000,-1,425.000,-1,350.000,350.000,300.000,300.000,-1,-1,-1,-1,800.000,725.000,-1,-1,1,0,2,0,2,0,0,0,0,2,2,2,2,1,1,2,2
45,-4373.271,-6020.701,174.356,-80.534,0.164710,0.983989,0.068084,-0.986335,0.164062,0.015037,0.003627,-0.069630,0.997566,0,0.87493,-0.29685,52.496,-0.594,950.000,450.000,-1,425.000,-1,350.000,350.000,300.000,300.000,-1,-1,-1,750.000,750.000,700.000,975.000,-1,1,0,2,0,2,0,0,0,0,2,2,2,1,1,1,1,2
46,-4364.977,-6072.398,173.946,-80.888,0.158418,0.984879,0.070123,-0.987372,0.157968,0.011960,0.000702,-0.071132,0.997467,0,0.87263,-0.17685,52.358,-0.354,900.000,425.000,975.000,425.000,-1,350.000,350.000,300.000,275.000,-1,-1,-1,725.000,700.000,675.000,900.000,-1,1,0,1,0,2,0,0,0,0,2,2,2,1,1,1,1,2
47,-4356.810,-6123.957,173.523,-81.001,0.156229,0.985088,0.072072,-0.987718,0.155997,0.008873,-0.002502,-0.072573,0.997360,0,0.87003,-0.05685,52.202,-0.114,875.000,425.000,925.000,425.000,-1,350.000,350.000,300.000,275.000,-1,-1,-1,700.000,650.000,625.000,825.000,-1,1,0,1,0,2,0,0,0,0,2,2,2,1,1,1,1,2
48,-4348.751,-6175.359,173.085,-81.091,0.154448,0.985227,0.073987,-0.987984,0.154445,0.005788,-0.005725,-0.073991,0.997242,0,0.86717,-0.04464,52.030,-0.089,825.000,425.000,850.000,400.000,-1,350.000,325.000,300.000,275.000,-1,-1,-1,675.000,625.000,600.000,750.000,900.000,1,0,1,0,2,0,0,0,0,2,2,2,1,1,1,1,1
49,-4340.796,-6226.606,172.632,-81.179,0.152670,0.985360,0.075873,-0.988237,0.152908,0.002704,-0.008937,-0.075393,0.997114,0,0.86434,-0.04423,51.861,-0.088,750.000,425.000,775.000,400.000,-1,350.000,325.000,300.000,300.000,-1,-1,-1,700.000,575.000,550.000,700.000,800.000,1,0,1,1,2,0,0,0,0,2,2,2,1,1,1,1,1
50,-4332.945,-6277.703,172.164,-81.266,0.150904,0.985488,0.077731,-0.988474,0.151391,-0.000377,-0.012140,-0.076778,0.996974,0,0.86162,-0.04364,51.697,-0.087,700.000,400.000,725.000,375.000,-1,350.000,325.000,275.000,300.000,-1,-1,-1,725.000,525.000,525.000,625.000,700.000,1,1,1,1,2,1,1,0,0,2,2,2,1,1,1,1,1
51,-4325.193,-6328.658,171.682,-81.352,0.149154,0.985608,0.079561,-0.988695,0.149900,-0.003457,-0.015334,-0.078146,0.996824,0,0.85901,-0.04286,51.541,-0.086,650.000,375.000,650.000,350.000,-1,325.000,300.000,275.000,300.000,-1,-1,-1,725.000,475.000,475.000,550.000,625.000,1,1,1,1,2,1,1,0,0,2,2,2,1,1,1,1,1
52,-4317.036,-6384.406,171.158,-81.678,0.143249,0.986324,0.081516,-0.989514,0.144277,-0.006834,-0.018501,-0.079682,0.996649,0,0.93901,-0.16286,56.341,-0.326,575.000,325.000,600.000,325.000,-1,275.000,275.000,300.000,300.000,-1,-1,-1,750.000,425.000,425.000,500.000,550.000,1,1,1,1,2,1,1,0,0,2,2,2,1,1,1,1,1
53,-4308.936,-6443.857,170.623,-82.244,0.133186,0.987566,0.083510,-0.990857,0.134513,-0.010439,-0.021542,-0.081357,0.996452,0,1.00000,-0.28286,60.000,-0.566,475.000,300.000,525.000,275.000,-1,250.000,250.000,300.000,300.000,-1,-1,-1,800.000,375.000,400.000,425.000,475.000,1,1,1,1,2,1,1,0,0,2,2,2,1,1,1,1,1
54,-4301.523,-6503.398,170.123,-82.905,0.121461,0.988915,0.085408,-0.992296,0.123090,-0.014049,-0.024406,-0.083044,0.996247,0,1.00000,-0.33062,60.000,-0.661,400.000,250.000,450.000,250.000,-1,225.000,225.000,300.000,300.000,-1,-1,-1,825.000,325.000,350.000,350.000,400.000,1,1,1,1,2,1,1,0,0,2,2,2,1,1,1,1,1
55,-4294.793,-6563.020,170.656,-83.566,0.110093,0.989808,0.090328,-0.993678,0.111623,-0.012052,-0.022012,-0.088430,0.995839,0,1.00000,-0.33045,60.000,-0.661,300.000,225.000,400.000,225.000,-1,200.000,200.000,300.000,300.000,-1,-1,-1,850.000,300.000,325.000,275.000,350.000,1,1,1,1,2,1,1,0,0,2,2,2,1,1,1,1,1
56,-4288.760,-6622.716,175.245,-84.226,0.100297,0.990956,0.089144,-0.994952,0.100199,0.005592,-0.003391,-0.089255,0.996003,0,1.00000,-0.33022,60.000,-0.660,275.000,225.000,400.000,225.000,-1,200.000,200.000,325.000,325.000,-1,-1,-1,850.000,275.000,325.000,250.000,425.000,1,1,1,1,2,1,1,0,0,2,2,2,1,1,1,1,1
57,-4283.429,-6682.480,182.663,-84.886,0.091108,0.992918,0.076249,-0.995517,0.088859,0.032397,0.025393,-0.078859,0.996562,0,1.00000,-0.32991,60.000,-0.660,275.000,225.000,450.000,250.000,-1,200.000,200.000,375.000,350.000,-1,400.000,525.000,775.000,275.000,350.000,250.000,-1,1,1,1,1,2,1,1,0,0,2,0,0,1,1,1,1,2
58,-2295.767,-8855.079,4.048,78.340,0.199126,-0.978432,0.054949,0.978076,0.201916,0.050972,-0.060968,0.043594,0.997187,1,0.00000,0.00000,60.000,-0.659,-1,400.000,-1,400.000,-1,325.000,325.000,300.000,300.000,-1,-1,-1,-1,675.000,725.000,-1,-1,2,0,2,0,2,0,0,0,0,2,2,2,2,0,0,2,2
59,-2294.777,-8850.382,3.750,78.100,0.203231,-0.977590,0.054911,0.977223,0.206015,0.050916,-0.061087,0.043312,0.997192,0,0.08000,-0.12000,4.800,-0.240,-1,400.000,-1,400.000,-1,325.000,325.000,300.000,300.000,-1,-1,-1,-1,675.000,725.000,-1,-1,2,0,2,0,2,0,0,0,0,2,2,2,2,0,0,2,2
60,-2292.718,-8841.005,3.149,77.620,0.211432,-0.975854,0.054831,0.975467,0.214203,0.050805,-0.061324,0.042744,0.997202,0,0.16000,-0.24000,9.600,-0.480,-1,400.000,-1,400.000,-1,325.000,325.000,300.000,300.000,-1,-1,-1,-1,675.000,725.000,-1,-1,2,0,2,0,2,0,0,0,0,2,2,2,2,0,0,2,2
61,-2289.454,-8826.980,2.239,76.900,0.223705,-0.973120,0.054705,0.972704,0.226457,0.050646,-0.061673,0.041882,0.997217,0,0.24000,-0.36000,14.400,-0.720,-1,375.000,-1,400.000,-1,325.000,325.000,300.000,300.000,-1,-1,-1,-1,675.000,725.000,-1,-1,2,0,2,0,2,0,0,0,0,2,2,2,2,0,0,2,2
62,-2284.789,-8808.355,1.010,75.940,0.240016,-0.969236,0.054524,0.968779,0.242741,0.050443,-0.062127,0.040714,0.997238,0,0.32000,-0.48000,19.200,-0.960,-1,375.000,-1,400.000,-1,325.000,325.000,300.000,300.000,-1,-1,-1,-1,675.000,725.000,1000.000,-1,2,0,2,0,2,0,0,0,0,2,2,2,2,0,0,1,2
63,-2278.548,-8785.181,-0.545,74.929,0.257123,-0.964852,0.054295,0.964353,0.259815,0.050196,-0.062538,0.039453,0.997262,0,0.40000,-0.50542,24.000,-1.011,1000.000,375.000,-1,400.000,-1,325.000,325.000,300.000,300.000,-1,-1,-1,-1,675.000,725.000,975.000,-1,1,0,2,0,2,0,0,0,0,2,2,2,2,0,0,1,2
64,-2270.570,-8757.508,-2.434,73.919,0.274145,-0.960170,0.054012,0.959631,0.276798,0.049909,-0.062871,0.038149,0.997292,0,0.48000,-0.50508,28.800,-1.010,975.000,375.000,-1,400.000,-1,325.000,325.000,300.000,300.000,-1,-1,-1,-1,675.000,725.000,950.000,-1,1,0,2,0,2,0,0,0,0,2,2,2,2,0,0,1,2
65,-2260.695,-8725.392,-4.663,72.909,0.291077,-0.955193,0.053662,0.954614,0.293687,0.049592,-0.063130,0.036791,0.997327,0,0.56000,-0.50476,33.600,-1.010,925.000,375.000,-1,375.000,-1,325.000,325.000,300.000,300.000,-1,-1,-1,-1,675.000,725.000,925.000,-1,1,0,2,0,2,0,0,0,0,2,2,2,2,0,0,1,2
66,-2248.765,-8688.892,-7.237,71.900,0.307918,-0.949923,0.053230,0.949303,0.310478,0.049258,-0.063318,0.035363,0.997367,0,0.64000,-0.50450,38.400,-1.009,875.000,375.000,-1,375.000,-1,325.000,325.000,300.000,300.000,-1,-1,-1,-1,675.000,725.000,875.000,-1,1,0,2,0,2,0,0,0,0,2,2,2,2,0,0,1,2
67,-2234.622,-8648.072,-10.165,70.892,0.324667,-0.944359,0.052698,0.943698,0.327170,0.048924,-0.063443,0.033847,0.997411,0,0.72000,-0.50435,43.200,-1.009,850.000,375.000,-1,375.000,-1,300.000,325.000,300.000,300.000,-1,-1,-1,-1,650.000,725.000,850.000,-1,1,0,2,0,2,0,0,0,0,2,2,2,2,0,0,1,2
68,-2218.113,-8603.001,-13.324,69.883,0.341272,-0.938488,0.052666,0.937789,0.343757,0.048814,-0.063916,0.032730,0.997418,0,0.80000,-0.50436,48.000,-1.009,800.000,375.000,-1,375.000,-1,300.000,300.000,300.000,300.000,-1,-1,-1,-1,650.000,725.000,800.000,-1,1,0,2,0,2,0,0,0,0,2,2,2,2,0,0,1,2
69,-2199.682,-8555.302,-16.301,68.874,0.357747,-0.932272,0.053727,0.931683,0.360226,0.046946,-0.063120,0.033262,0.997452,0,0.85227,-0.50458,51.136,-1.009,750.000,375.000,-1,375.000,-1,300.000,300.000,300.000,300.000,-1,-1,-1,-1,650.000,725.000,750.000,-1,1,0,2,0,2,0,0,0,0,2,2,2,2,0,0,1,2
70,-2180.477,-8508.091,-19.260,67.864,0.374132,-0.925758,0.054751,0.925288,0.376598,0.044906,-0.062191,0.033860,0.997490,0,0.84946,-0.50505,50.968,-1.010,700.000,375.000,-1,375.000,-1,300.000,300.000,300.000,300.000,-1,-1,975.000,-1,650.000,725.000,700.000,-1,1,0,2,0,2,0,0,0,0,2,2,0,2,1,0,1,2
71,-2160.505,-8461.375,-22.200,66.852,0.390430,-0.918946,0.055700,0.918599,0.392873,0.042746,-0.061164,0.034477,0.997532,0,0.84677,-0.50576,50.806,-1.012,650.000,375.000,-1,375.000,-1,300.000,325.000,300.000,300.000,-1,975.000,875.000,-1,625.000,725.000,675.000,-1,1,0,2,0,2,0,0,0,0,2,0,0,2,1,0,1,2
72,-2139.772,-8415.158,-25.068,65.839,0.406647,-0.911844,0.056385,0.911594,0.409060,0.040821,-0.060287,0.034801,0.997574,0,0.84424,-0.50669,50.654,-1.013,600.000,375.000,-1,375.000,-1,300.000,325.000,300.000,300.000,-1,925.000,825.000,-1,625.000,725.000,625.000,-1,1,0,2,0,2,0,0,0,0,2,0,0,2,1,0,1,2
73,-2118.282,-8369.444,-27.906,64.823,0.422811,-0.904454,0.056509,0.904280,0.425161,0.038923,-0.059229,0.034643,0.997643,0,0.84190,-0.50784,50.514,-1.016,575.000,375.000,-1,400.000,-1,325.000,325.000,300.000,300.000,-1,850.000,750.000,-1,600.000,725.000,600.000,-1,1,0,2,0,2,0,0,0,0,2,0,0,2,1,0,1,2
74,-2094.407,-8321.056,-30.936,63.737,0.439971,-0.896256,0.056126,0.896139,0.442229,0.036979,-0.057963,0.034027,0.997739,0,0.89929,-0.54277,53.958,-1.086,525.000,375.000,-1,400.000,-1,325.000,325.000,300.000,300.000,-1,800.000,700.000,-1,575.000,750.000,575.000,-1,1,0,2,0,2,0,0,0,0,2,0,0,2,1,0,1,2
75,-2069.183,-8272.783,-34.105,62.412,0.460690,-0.885815,0.055638,0.885732,0.462859,0.035227,-0.056957,0.033051,0.997829,0,0.90776,-0.66277,54.466,-1.326,475.000,375.000,-1,400.000,-1,325.000,325.000,300.000,300.000,-1,750.000,675.000,-1,575.000,750.000,525.000,-1,1,0,2,0,2,0,0,0,0,2,0,0,2,1,0,1,2
76,-2042.617,-8225.160,-37.399,60.846,0.484826,-0.872878,0.055027,0.872801,0.486909,0.033722,-0.056228,0.031678,0.997915,0,0.90886,-0.78277,54.532,-1.566,450.000,375.000,-1,400.000,-1,325.000,325.000,300.000,300.000,-1,725.000,650.000,-1,550.000,750.000,500.000,-1,1,0,2,0,2,0,0,0,0,2,0,0,2,1,0,1,2
77,-2014.549,-8178.373,-40.811,59.041,0.512202,-0.857153,0.054204,0.857055,0.514199,0.032495,-0.055725,0.029812,0.998001,0,0.90934,-0.90277,54.560,-1.806,400.000,375.000,-1,400.000,-1,325.000,325.000,300.000,300.000,900.000,725.000,650.000,-1,575.000,750.000,475.000,-1,1,1,2,0,2,0,0,0,0,1,0,0,2,1,0,1,2
78,-1984.951,-8132.557,-44.156,57.137,0.540571,-0.839669,0.052329,0.839510,0.542431,0.031496,-0.054831,0.026905,0.998133,0,0.90909,-0.95175,54.545,-1.903,375.000,375.000,-1,400.000,-1,325.000,325.000,275.000,300.000,875.000,675.000,625.000,-1,600.000,775.000,475.000,-1,1,1,2,0,2,0,0,0,0,1,0,0,2,1,0,1,2
79,-1953.890,-8087.790,-47.586,55.246,0.568153,-0.821378,0.050413,0.821143,0.569886,0.030890,-0.054102,0.023846,0.998251,0,0.90811,-0.94544,54.487,-1.891,350.000,375.000,-1,400.000,-1,325.000,325.000,275.000,300.000,850.000,650.000,625.000,-1,700.000,775.000,475.000,-1,1,1,2,0,2,1,0,0,0,1,0,0,2,1,0,1,2
80,-1921.439,-8044.145,-50.610,53.369,0.594756,-0.802288,0.050981,0.802017,0.596509,0.030758,-0.055087,0.022594,0.998226,0,0.90645,-0.93879,54.387,-1.878,350.000,375.000,-1,400.000,-1,325.000,325.000,275.000,300.000,850.000,750.000,700.000,-1,750.000,775.000,-1,-1,1,1,2,0,2,0,0,0,0,1,0,0,2,0,0,2,2
81,-1887.675,-8001.690,-53.744,51.505,0.620538,-0.782491,0.051373,0.782166,0.622306,0.030849,-0.056109,0.021039,0.998203,0,0.90408,-0.93182,54.245,-1.864,350.000,400.000,-1,400.000,-1,325.000,325.000,275.000,300.000,875.000,825.000,775.000,-1,750.000,775.000,-1,-1,1,0,2,0,2,0,0,0,0,1,0,0,2,0,0,2,2
82,-1852.678,-7960.488,-56.670,49.656,0.645445,-0.762012,0.052325,0.761694,0.647240,0.030057,-0.056771,0.020455,0.998178,0,0.90098,-0.92459,54.059,-1.849,375.000,400.000,-1,400.000,-1,325.000,325.000,275.000,300.000,900.000,900.000,850.000,-1,750.000,775.000,-1,-1,1,0,2,0,2,0,0,0,0,1,0,0,2,0,0,2,2
83,-1816.534,-7920.596,-58.666,47.822,0.669504,-0.740849,0.053926,0.740838,0.671250,0.024136,-0.054079,0.023792,0.998253,0,0.89719,-0.91718,53.831,-1.834,-1,400.000,-1,400.000,-1,325.000,325.000,275.000,300.000,950.000,825.000,750.000,-1,800.000,800.000,-1,-1,2,0,2,0,2,0,0,1,0,1,0,0,2,0,0,2,2
84,-1779.327,-7882.063,-61.483,46.002,0.692704,-0.719164,0.054447,0.719218,0.694432,0.022140,-0.053732,0.023822,0.998271,0,0.89273,-0.90965,53.564,-1.819,-1,425.000,-1,400.000,-1,325.000,325.000,250.000,275.000,975.000,850.000,750.000,-1,825.000,800.000,-1,-1,2,0,2,0,2,0,0,1,0,1,0,0,2,0,0,2,2
85,-1741.139,-7844.936,-65.083,44.194,0.715069,-0.696944,0.054277,0.696837,0.716828,0.023992,-0.055629,0.020666,0.998238,0,0.88768,-0.90407,53.261,-1.808,-1,400.000,-1,400.000,-1,325.000,325.000,225.000,275.000,1000.000,950.000,875.000,-1,825.000,775.000,-1,-1,2,0,2,0,2,0,0,1,0,1,0,0,2,0,0,2,2
86,-1702.047,-7809.255,-69.427,42.389,0.736693,-0.674085,0.053790,0.673591,0.738513,0.029566,-0.059655,0.014451,0.998114,0,0.88213,-0.90281,52.928,-1.806,-1,400.000,-1,400.000,-1,325.000,325.000,225.000,275.000,-1,-1,-1,-1,775.000,750.000,-1,-1,2,0,2,0,2,0,0,1,0,2,2,2,2,0,0,2,2
87,-1662.122,-7775.054,-72.509,40.585,0.757590,-0.650521,0.053662,0.649968,0.759386,0.029587,-0.059997,0.012463,0.998121,0,0.87617,-0.90192,52.570,-1.804,-1,400.000,-1,400.000,-1,325.000,325.000,200.000,275.000,-1,-1,-1,-1,800.000,750.000,-1,-1,2,0,2,0,2,0,0,1,0,2,2,2,2,0,0,2,2
88,-1621.433,-7742.361,-75.535,38.782,0.777737,-0.626323,0.053342,0.625730,0.779491,0.029245,-0.059897,0.010633,0.998148,0,0.86994,-0.90140,52.197,-1.803,-1,400.000,-1,400.000,-1,325.000,325.000,200.000,275.000,-1,-1,-1,-1,800.000,750.000,-1,-1,2,0,2,0,2,0,0,1,0,2,2,2,2,0,0,2,2
89,-1580.040,-7711.192,-78.662,36.979,0.797120,-0.601507,0.052810,0.600862,0.798822,0.029119,-0.059701,0.008520,0.998180,0,0.86360,-0.90124,51.816,-1.802,-1,400.000,-1,400.000,-1,325.000,325.000,200.000,275.000,-1,-1,-1,-1,825.000,750.000,-1,-1,2,0,2,0,2,0,0,1,0,2,2,2,2,0,0,2,2
90,-1537.997,-7681.560,-81.883,35.177,0.815728,-0.576087,0.052081,0.575379,0.817365,0.029210,-0.059397,0.006138,0.998216,0,0.85728,-0.90145,51.437,-1.803,-1,400.000,-1,400.000,-1,325.000,325.000,225.000,275.000,-1,-1,-1,-1,825.000,750.000,-1,-1,2,0,2,0,2,0,0,1,0,2,2,2,2,0,0,2,2
91,-1495.349,-7653.468,-85.115,33.373,0.833543,-0.550077,0.051203,0.549275,0.835108,0.029865,-0.059188,0.003231,0.998242,0,0.85113,-0.90202,51.068,-1.804,-1,400.000,-1,400.000,-1,325.000,325.000,225.000,275.000,800.000,-1,-1,-1,825.000,775.000,-1,-1,2,0,2,0,2,0,0,1,0,1,2,2,2,0,0,2,2
92,-1452.137,-7626.918,-88.302,31.567,0.850549,-0.523490,0.050253,0.522553,0.852032,0.031307,-0.059205,-0.000368,0.998246,0,0.84529,-0.90293,50.717,-1.806,-1,425.000,-1,400.000,-1,325.000,325.000,250.000,275.000,550.000,-1,-1,-1,825.000,750.000,-1,-1,2,0,2,0,2,0,0,1,0,1,2,2,2,0,0,2,2
93,-1408.391,-7601.906,-90.927,29.758,0.866556,-0.496341,0.052202,0.495323,0.868126,0.031819,-0.061111,-0.001716,0.998129,0,0.83985,-0.90417,50.391,-1.808,-1,400.000,-1,400.000,-1,325.000,325.000,300.000,275.000,450.000,-1,-1,-1,800.000,750.000,-1,-1,2,0,2,0,2,0,0,1,0,1,2,2,2,0,0,2,2
94,-1364.137,-7578.429,-93.288,27.947,0.881651,-0.468651,0.055289,0.467574,0.883381,0.031840,-0.063763,-0.002220,0.997963,0,0.83492,-0.90572,50.095,-1.811,-1,400.000,-1,375.000,-1,325.000,325.000,300.000,275.000,425.000,-1,-1,-1,800.000,725.000,-1,-1,2,0,2,0,2,0,0,0,0,1,2,2,2,0,0,2,2
95,-1319.398,-7556.480,-96.307,26.132,0.896092,-0.440430,0.055149,0.439206,0.897770,0.033291,-0.064173,-0.005610,0.997923,0,0.83055,-0.90756,49.833,-1.815,-1,400.000,-1,375.000,-1,325.000,325.000,300.000,275.000,400.000,-1,-1,-1,800.000,725.000,-1,-1,2,0,2,0,2,0,0,0,0,1,2,2,2,0,0,2,2
96,-1274.191,-7536.055,-99.973,24.312,0.909835,-0.411684,0.052127,0.410242,0.911252,0.036353,-0.062467,-0.011691,0.997979,0,0.82679,-0.90966,49.607,-1.819,-1,400.000,-1,375.000,-1,325.000,325.000,300.000,300.000,400.000,-1,-1,-1,800.000,725.000,-1,-1,2,0,2,0,2,0,0,0,0,1,2,2,2,0,0,2,2
97,-1226.139,-7515.919,-104.016,22.733,0.921074,-0.386373,0.048352,0.384712,0.922157,0.040279,-0.060151,-0.018498,0.998018,0,0.86835,-0.78966,52.101,-1.579,-1,400.000,-1,400.000,-1,325.000,325.000,275.000,300.000,400.000,-1,-1,-1,800.000,725.000,-1,-1,2,0,2,0,2,0,0,0,0,1,2,2,2,0,0,2,2
98,-1177.757,-7496.964,-107.052,21.394,0.929832,-0.364695,0.049091,0.362908,0.930890,0.041724,-0.060915,-0.020981,0.997922,0,0.86604,-0.66966,51.962,-1.339,-1,400.000,-1,400.000,-1,325.000,325.000,275.000,300.000,425.000,-1,-1,-1,800.000,725.000,-1,-1,2,0,2,0,2,0,0,0,0,1,2,2,2,0,0,2,2
99,-1129.104,-7478.971,-109.969,20.294,0.936652,-0.346756,0.049425,0.344897,0.937681,0.042431,-0.061058,-0.022696,0.997876,0,0.86455,-0.54966,51.873,-1.099,-1,400.000,-1,375.000,-1,325.000,325.000,300.000,300.000,450.000,-1,-1,-1,775.000,725.000,-1,-1,2,0,2,0,2,0,0,0,0,1,2,2,2,0,0,2,2
100,-1080.230,-7461.725,-112.935,19.435,0.941747,-0.332641,0.049628,0.330714,0.942740,0.043233,-0.061167,-0.024302,0.997832,0,0.86379,-0.42966,51.827,-0.859,-1,400.000,-1,375.000,-1,325.000,325.000,300.000,300.000,475.000,-1,-1,-1,775.000,725.000,-1,-1,2,0,2,0,2,0,0,0,0,1,2,2,2,0,0,2,2
101,-1031.179,-7445.011,-115.952,18.816,0.945290,-0.322420,0.049729,0.320425,0.946246,0.044119,-0.061281,-0.025771,0.997788,0,0.86367,-0.30966,51.820,-0.619,-1,400.000,-1,375.000,-1,325.000,325.000,300.000,300.000,525.000,-1,-1,-1,775.000,700.000,-1,-1,2,0,2,0,2,0,0,0,0,1,2,2,2,0,0,2,2
102,-981.994,-7428.614,-119.025,18.436,0.947408,-0.316137,0.049755,0.314077,0.948327,0.045075,-0.061434,-0.027078,0.997744,0,0.86410,-0.18966,51.846,-0.379,-1,400.000,-1,375.000,-1,325.000,325.000,300.000,300.000,575.000,-1,-1,-1,750.000,700.000,-1,-1,2,0,2,0,2,0,0,0,0,1,2,2,2,0,0,2,2
103,-932.719,-7412.320,-122.158,18.297,0.948179,-0.313821,0.049725,0.311696,0.949063,0.046090,-0.061656,-0.028202,0.997699,0,0.86499,-0.06966,51.900,-0.139,-1,400.000,-1,375.000,-1,325.000,325.000,300.000,300.000,600.000,-1,-1,-1,750.000,700.000,-1,-1,2,0,2,0,2,0,0,0,0,1,2,2,2,0,0,2,2
104,-883.399,-7395.915,-125.319,18.398,0.947640,-0.315478,0.049511,0.313290,0.948482,0.047243,-0.061864,-0.029258,0.997656,0,0.86628,0.05034,51.977,0.101,-1,400.000,-1,375.000,-1,325.000,325.000,300.000,300.000,650.000,-1,-1,-1,750.000,700.000,-1,-1,2,0,2,0,2,0,0,0,0,1,2,2,2,0,0,2,2
105,-834.085,-7379.186,-128.549,18.739,0.945762,-0.321104,0.049258,0.318855,0.946565,0.048432,-0.062178,-0.030099,0.997611,0,0.86790,0.17034,52.074,0.341,-1,400.000,-1,375.000,-1,325.000,325.000,300.000,300.000,700.000,-1,-1,-1,725.000,700.000,-1,-1,2,0,2,0,2,0,0,0,0,1,2,2,2,0,0,2,2
106,-784.836,-7361.920,-131.855,19.319,0.942473,-0.330675,0.048980,0.328366,0.943245,0.049641,-0.062615,-0.030702,0.997565,0,0.86980,0.29034,52.188,0.581,-1,400.000,-1,375.000,-1,325.000,325.000,300.000,300.000,725.000,-1,-1,-1,725.000,700.000,-1,-1,2,0,2,0,2,0,0,0,0,1,2,2,2,0,0,2,2
107,-735.720,-7343.907,-135.211,20.140,0.937650,-0.344146,0.048737,0.341770,0.938399,0.051002,-0.063287,-0.031166,0.997509,0,0.87191,0.41034,52.314,0.821,-1,400.000,-1,375.000,-1,325.000,325.000,300.000,300.000,775.000,-1,-1,-1,700.000,700.000,-1,-1,2,0,2,0,2,0,0,0,0,1,2,2,2,0,0,2,2
108,-691.036,-7327.003,-138.210,20.721,0.934150,-0.353627,0.048084,0.351178,0.934831,0.052575,-0.063542,-0.032227,0.997459,0,0.79625,0.29034,47.775,0.581,-1,400.000,-1,375.000,-1,325.000,325.000,300.000,300.000,800.000,-1,-1,-1,700.000,700.000,-1,-1,2,0,2,0,2,0,0,0,0,1,2,2,2,0,1,2,2
109,-646.337,-7309.789,-141.196,21.061,0.932088,-0.359160,0.047076,0.356638,0.932662,0.054318,-0.063414,-0.033840,0.997413,0,0.79832,0.17034,47.899,0.341,-1,400.000,-1,375.000,-1,325.000,300.000,300.000,300.000,850.000,-1,-1,-1,700.000,-1,-1,-1,2,0,2,0,2,0,0,0,0,1,2,2,2,0,2,2,2
110,-597.966,-7291.063,-144.477,21.162,0.931524,-0.360772,0.045897,0.358171,0.931962,0.056227,-0.063059,-0.035938,0.997363,0,0.86449,0.05034,51.869,0.101,-1,375.000,-1,375.000,-1,325.000,300.000,275.000,300.000,875.000,-1,-1,-1,675.000,-1,-1,-1,2,0,2,0,2,0,0,0,0,1,2,2,2,0,2,2,2
111,-549.412,-7272.401,-147.672,21.023,0.932440,-0.358480,0.045260,0.355801,0.932771,0.057821,-0.062944,-0.037811,0.997301,0,0.86695,-0.06966,52.017,-0.139,-1,375.000,-1,375.000,-1,325.000,300.000,275.000,300.000,925.000,-1,-1,-1,675.000,-1,-1,-1,2,0,2,0,2,0,0,0,0,1,2,2,2,0,2,2,2
112,-500.597,-7254.010,-150.631,20.643,0.934841,-0.352282,0.044380,0.349612,0.935086,0.058187,-0.061998,-0.038880,0.997319,0,0.86941,-0.18966,52.165,-0.379,-1,375.000,-1,375.000,-1,325.000,300.000,275.000,300.000,975.000,-1,-1,-1,675.000,-1,-1,-1,2,0,2,0,2,0,0,0,0,1,2,2,2,0,2,2,2
113,-451.446,-7236.098,-153.341,20.024,0.938660,-0.342151,0.043003,0.339590,0.938830,0.057239,-0.059957,-0.039125,0.997434,0,0.87189,-0.30966,52.313,-0.619,-1,375.000,-1,375.000,-1,325.000,300.000,275.000,300.000,-1,-1,-1,-1,900.000,-1,-1,-1,2,0,2,0,2,0,0,0,0,2,2,2,2,1,2,2,2
114,-401.889,-7218.874,-156.063,19.165,0.943756,-0.328025,0.041531,0.325574,0.943836,0.056350,-0.057683,-0.039659,0.997547,0,0.87442,-0.42966,52.465,-0.859,-1,375.000,-1,375.000,-1,325.000,325.000,275.000,300.000,-1,-1,-1,-1,975.000,-1,-1,-1,2,0,2,0,2,0,0,0,0,2,2,2,2,1,2,2,2
115,-351.862,-7202.556,-158.774,18.065,0.949946,-0.309846,0.039982,0.307495,0.949921,0.055649,-0.055222,-0.040569,0.997650,0,0.87702,-0.54966,52.621,-1.099,-1,375.000,-1,-1,-1,325.000,325.000,300.000,300.000,-1,-1,-1,-1,-1,-1,-1,-1,2,0,2,2,2,0,0,0,0,2,2,2,2,2,2,2,2
116,-300.832,-7186.990,-161.489,16.963,0.955800,-0.291507,0.038349,0.289252,0.955662,0.055160,-0.052729,-0.041630,0.997741,0,0.88918,-0.55098,53.351,-1.102,-1,375.000,-1,-1,-1,325.000,325.000,300.000,300.000,-1,-1,-1,-1,-1,-1,-1,-1,2,0,2,2,2,0,0,0,0,2,2,2,2,2,2,2,2
117,-249.287,-7172.343,-164.207,15.863,0.961292,-0.273087,0.036614,0.270928,0.961040,0.054780,-0.050147,-0.042740,0.997827,0,0.89309,-0.55023,53.585,-1.100,-1,375.000,-1,-1,-1,325.000,-1,300.000,300.000,-1,-1,-1,-1,-1,-1,-1,-1,2,1,2,2,2,0,2,0,0,2,2,2,2,2,2,2,2
118,-197.244,-7158.627,-166.927,14.764,0.966422,-0.254597,0.034784,0.252537,0.966050,0.054513,-0.047482,-0.043898,0.997907,0,0.89702,-0.54932,53.821,-1.099,-1,775.000,-1,-1,-1,-1,-1,300.000,300.000,-1,725.000,-1,-1,-1,-1,-1,-1,2,1,2,2,2,2,2,0,0,2,0,2,2,2,2,2,2
119,-144.718,-7145.853,-169.645,13.668,0.971185,-0.236051,0.032870,0.234092,0.970693,0.054366,-0.044740,-0.045105,0.997980,0,0.90095,-0.54824,54.057,-1.096,-1,875.000,-1,-1,-1,-1,-1,300.000,300.000,-1,650.000,825.000,-1,-1,-1,-1,-1,2,1,2,2,2,2,2,0,0,2,0,0,2,2,2,2,2
120,-96.687,-7134.930,-172.110,12.811,0.974664,-0.221505,0.031070,0.219640,0.974070,0.054284,-0.042289,-0.046085,0.998042,0,0.82095,-0.42824,49.257,-0.856,-1,925.000,-1,-1,-1,-1,-1,275.000,300.000,-1,600.000,700.000,-1,-1,-1,-1,-1,2,1,2,2,2,2,2,0,0,2,0,0,2,2,2,2,2
121,-50.752,-7125.003,-174.385,12.195,0.977042,-0.211002,0.029446,0.209212,0.976352,0.054469,-0.040243,-0.047058,0.998081,0,0.78326,-0.30824,46.996,-0.616,-1,975.000,-1,-1,-1,-1,-1,275.000,300.000,-1,525.000,625.000,-1,-1,-1,-1,-1,2,1,2,2,2,2,2,0,0,2,0,0,2,2,2,2,2
122,-4.547,-7115.349,-184.550,11.818,0.977121,-0.204775,0.057458,0.203282,0.978636,0.030791,-0.062536,-0.018406,0.997873,0,0.78665,-0.18824,47.199,-0.376,875.000,925.000,-1,-1,-1,-1,-1,300.000,225.000,-1,-1,-1,-1,-1,-1,-1,-1,0,1,2,2,2,2,2,0,0,2,2,2,2,2,2,2,2
123,41.881,-7105.757,-196.936,11.682,0.974808,-0.202441,0.093628,0.203334,0.979109,-0.000002,-0.091671,0.019040,0.995607,0,0.79005,-0.06824,47.403,-0.136,825.000,875.000,-1,-1,-1,-1,-1,325.000,175.000,-1,-1,-1,-1,-1,-1,-1,-1,1,1,2,2,2,2,2,0,0,2,2,2,2,2,2,2,2
124,9510.919,-7543.277,-45.320,120.175,-0.499853,-0.857181,0.124045,0.865794,-0.498387,0.044832,0.023394,0.129807,0.991263,1,0.00000,0.00000,47.608,0.104,175.000,275.000,-1,425.000,-1,250.000,300.000,375.000,225.000,-1,250.000,50.000,275.000,375.000,-1,200.000,-1,1,1,2,1,2,1,1,1,0,2,0,0,0,1,2,1,2
125,3607.397,-8203.953,-118.280,-92.733,-0.047037,0.998835,0.010785,-0.996352,-0.047684,0.070778,0.071210,-0.007416,0.997434,1,0.08000,0.12000,4.800,0.240,-1,450.000,-1,400.000,-1,350.000,325.000,375.000,225.000,-1,0.000,0.000,-1,-1,875.000,-1,-1,2,0,2,0,2,0,0,0,0,2,0,1,2,2,0,2,2
126,3607.020,-8213.546,-117.678,-92.253,-0.038625,0.999191,0.011233,-0.996805,-0.039314,0.069530,0.069916,-0.008512,0.997517,0,0.16000,0.24000,9.600,0.480,-1,450.000,-1,400.000,-1,350.000,325.000,375.000,225.000,-1,0.000,0.000,-1,-1,875.000,-1,-1,2,0,2,0,2,0,0,0,0,2,0,1,2,2,0,2,2
127,3606.634,-8227.940,-116.746,-91.533,-0.025996,0.999589,0.012083,-0.997355,-0.026755,0.067577,0.067872,-0.010294,0.997641,0,0.24000,0.36000,14.400,0.720,-1,450.000,-1,400.000,-1,350.000,325.000,375.000,225.000,-1,0.000,0.000,-1,-1,850.000,-1,-1,2,0,2,0,2,0,0,0,0,2,0,1,2,2,0,2,2
128,3606.442,-8247.139,-115.457,-90.573,-0.009144,0.999867,0.013535,-0.997845,-0.010004,0.064844,0.064970,-0.012912,0.997804,0,0.32000,0.48000,19.200,0.960,-1,450.000,-1,400.000,-1,350.000,325.000,375.000,225.000,-1,0.000,0.000,-1,1000.000,850.000,-1,-1,2,0,2,0,2,0,0,0,0,2,0,1,2,0,0,2,2
129,3606.705,-8271.137,-113.774,-89.373,0.011929,0.999803,0.015844,-0.998062,0.010938,0.061266,0.061081,-0.016544,0.997996,0,0.40000,0.60000,24.000,1.200,-1,425.000,-1,400.000,-1,325.000,325.000,375.000,250.000,-1,0.000,0.000,-1,975.000,850.000,-1,-1,2,0,2,0,2,0,0,0,0,2,0,1,2,0,0,2,2
130,3607.633,-8299.921,-111.667,-88.155,0.033333,0.999256,0.019389,-0.997858,0.032181,0.056958,0.056292,-0.021246,0.998188,0,0.48000,0.60889,28.800,1.218,-1,425.000,-1,400.000,-1,325.000,325.000,375.000,250.000,-1,0.000,0.000,-1,925.000,825.000,-1,-1,2,0,2,0,2,0,0,0,0,2,0,1,2,0,0,2,2
131,3609.432,-8333.472,-109.137,-86.934,0.054790,0.998203,0.024275,-0.997215,0.053471,0.051996,0.050605,-0.027056,0.998352,0,0.56000,0.61086,33.600,1.222,-1,425.000,-1,400.000,-1,325.000,325.000,350.000,275.000,-1,0.000,0.000,-1,900.000,825.000,-1,-1,2,0,2,0,2,0,0,0,0,2,0,1,2,0,0,2,2
132,3612.308,-8371.764,-106.196,-85.707,0.076273,0.996619,0.030547,-0.996114,0.074809,0.046484,0.044041,-0.033974,0.998452,0,0.64000,0.61324,38.400,1.226,-1,400.000,-1,400.000,-1,325.000,325.000,350.000,275.000,-1,0.000,0.000,-1,850.000,800.000,-1,-1,2,0,2,0,2,0,0,0,0,2,0,1,2,0,0,2,2
133,3616.471,-8414.762,-102.868,-84.475,0.097745,0.994478,0.038203,-0.994536,0.096192,0.040560,0.036661,-0.041959,0.998446,0,0.72000,0.61604,43.200,1.232,-1,400.000,-1,400.000,-1,325.000,325.000,350.000,300.000,-1,0.000,950.000,-1,800.000,775.000,-1,-1,2,0,2,0,2,0,0,0,0,2,0,1,2,0,0,2,2
134,3622.129,-8462.426,-99.190,-83.237,0.119167,0.991753,0.047173,-0.992463,0.117616,0.034400,0.028568,-0.050917,0.998294,0,0.80000,0.61928,48.000,1.239,-1,400.000,-1,400.000,-1,325.000,300.000,325.000,325.000,-1,425.000,-1,-1,750.000,775.000,-1,-1,2,0,2,0,2,0,0,0,0,2,0,2,2,0,0,2,2
135,3629.419,-8514.211,-96.704,-81.991,0.140632,0.988731,0.051327,-0.989760,0.139121,0.031933,0.024432,-0.055292,0.998171,0,0.87160,0.62297,52.296,1.246,-1,375.000,-1,375.000,-1,300.000,300.000,325.000,325.000,-1,-1,-1,-1,750.000,750.000,-1,-1,2,0,2,0,2,0,0,0,0,2,2,2,2,0,0,2,2
