timestep,x_cm,y_cm,z_cm,yaw_deg,basis_xx,basis_xy,basis_xz,basis_yx,basis_yy,basis_yz,basis_zx,basis_zy,basis_zz,teleport_flag,throttle_cmd,steering_cmd,cmd_move_cm,cmd_turn_deg,lidar_cm_0,lidar_cm_1,lidar_cm_2,lidar_cm_3,lidar_cm_4,lidar_cm_5,lidar_cm_6,lidar_cm_7,lidar_cm_8,lidar_cm_9,lidar_cm_10,lidar_cm_11,lidar_cm_12,lidar_cm_13,lidar_cm_14,lidar_cm_15,lidar_cm_16,lidar_class_0,lidar_class_1,lidar_class_2,lidar_class_3,lidar_class_4,lidar_class_5,lidar_class_6,lidar_class_7,lidar_class_8,lidar_class_9,lidar_class_10,lidar_class_11,lidar_class_12,lidar_class_13,lidar_class_14,lidar_class_15,lidar_class_16
0,2300.549,6231.863,39.506,6.076,0.989021,-0.105833,-0.103134,0.106550,0.994306,0.001454,0.102393,-0.012426,0.994666,1,0.08000,-0.12000,4.800,-0.240,-1,400.000,-1,400.000,-1,325.000,325.000,300.000,300.000,-1,-1,-1,-1,875.000,850.000,-1,-1,2,0,2,0,2,0,0,0,0,2,2,2,2,0,0,2,2
1,2310.103,6232.799,40.501,5.596,0.989907,-0.097500,-0.102847,0.098173,0.995168,0.001486,0.102206,-0.011567,0.994696,0,0.16000,-0.24000,9.600,-0.480,-1,400.000,-1,400.000,-1,325.000,325.000,300.000,300.000,-1,-1,-1,-1,875.000,850.000,-1,-1,2,0,2,0,2,0,0,0,0,2,2,2,2,0,0,2,2
2,2324.451,6234.023,41.995,4.876,0.991104,-0.084988,-0.102422,0.085594,0.996329,0.001530,0.101916,-0.010283,0.994740,0,0.24000,-0.36000,14.400,-0.720,-1,400.000,-1,400.000,-1,325.000,325.000,300.000,300.000,-1,-1,-1,-1,875.000,850.000,-1,-1,2,0,2,0,2,0,0,0,0,2,2,2,2,0,0,2,2
3,2343.606,6235.334,43.988,3.916,0.992452,-0.068285,-0.101863,0.068803,0.997629,0.001583,0.101513,-0.008579,0.994797,0,0.32000,-0.48000,19.200,-0.960,-1,400.000,-1,400.000,-1,325.000,325.000,300.000,300.000,-1,-1,-1,-1,875.000,850.000,-1,-1,2,0,2,0,2,0,0,0,0,2,2,2,2,0,0,2,2
4,2367.579,6236.471,46.482,2.716,0.993740,-0.047378,-0.101176,0.047788,0.998856,0.001635,0.100983,-0.006460,0.994867,0,0.40000,-0.60000,24.000,-1.200,-1,400.000,-1,400.000,-1,325.000,325.000,300.000,300.000,-1,-1,-1,-1,850.000,850.000,-1,-1,2,0,2,0,2,0,0,0,0,2,2,2,2,0,0,2,2
5,2396.372,6237.113,49.474,1.276,0.994701,-0.022262,-0.100370,0.022544,0.999744,0.001676,0.100307,-0.003930,0.994949,0,0.48000,-0.72000,28.800,-1.440,-1,400.000,-1,400.000,-1,325.000,325.000,300.000,300.000,-1,-1,-1,-1,850.000,850.000,-1,-1,2,0,2,0,2,0,0,0,0,2,2,2,2,0,0,2,2
6,2429.971,6236.876,52.966,-0.404,0.995017,0.007058,-0.099454,-0.006924,0.999975,0.001690,0.099463,-0.000993,0.995041,0,0.56000,-0.84000,33.600,-1.680,-1,400.000,-1,400.000,1000.000,325.000,325.000,300.000,300.000,-1,-1,-1,-1,850.000,825.000,-1,-1,2,0,2,0,1,0,0,0,0,2,2,2,2,0,0,2,2
7,2468.339,6235.319,56.953,-2.324,0.994317,0.040557,-0.098437,-0.040591,0.999174,0.001654,0.098423,0.002351,0.995142,0,0.64000,-0.96000,38.400,-1.920,-1,400.000,-1,400.000,925.000,325.000,325.000,300.000,300.000,-1,-1,-1,-1,850.000,825.000,-1,-1,2,0,2,0,1,0,0,0,0,2,2,2,2,0,0,2,2
8,2511.415,6232.062,61.433,-4.324,0.992393,0.075402,-0.097322,-0.075609,0.997136,0.001568,0.097162,0.005802,0.995252,0,0.72000,-1.00000,43.200,-2.000,-1,400.000,-1,400.000,850.000,325.000,325.000,300.000,300.000,-1,-1,-1,-1,875.000,825.000,-1,-1,2,0,2,0,1,0,0,0,0,2,2,2,2,0,0,2,2
9,2559.123,6226.775,66.401,-6.324,0.989257,0.110153,-0.096110,-0.110529,0.993872,0.001417,0.095677,0.009221,0.995370,0,0.80000,-1.00000,48.000,-2.000,-1,400.000,-1,400.000,775.000,325.000,325.000,300.000,300.000,-1,-1,-1,-1,875.000,825.000,-1,-1,2,0,2,0,1,0,0,0,0,2,2,2,2,0,0,2,2
10,2609.330,6219.430,71.428,-8.324,0.984909,0.144767,-0.094851,-0.145232,0.989396,0.002023,0.094138,0.011783,0.995489,0,0.84569,-1.00000,50.742,-2.000,-1,400.000,-1,400.000,725.000,325.000,325.000,300.000,300.000,-1,-1,-1,-1,875.000,825.000,-1,-1,2,0,2,0,1,0,0,0,0,2,2,2,2,0,0,2,2
11,2659.404,6210.308,76.149,-10.324,0.979393,0.179205,-0.093143,-0.179669,0.983721,0.003445,0.092244,0.013361,0.995647,0,0.84831,-1.00000,50.899,-2.000,-1,400.000,-1,400.000,675.000,325.000,325.000,300.000,300.000,-1,-1,-1,-1,875.000,825.000,-1,-1,2,0,2,0,1,0,0,0,0,2,2,2,2,0,0,2,2
12,2709.276,6199.412,80.550,-12.324,0.972622,0.213419,-0.091971,-0.213997,0.976828,0.003646,0.090618,0.016135,0.995755,0,0.85080,-1.00000,51.048,-2.000,-1,400.000,-1,400.000,625.000,325.000,325.000,300.000,300.000,-1,-1,-1,-1,900.000,825.000,-1,950.000,2,0,2,0,1,0,0,0,0,2,2,2,2,0,0,2,1
13,2758.872,6186.749,84.879,-14.324,0.964667,0.247366,-0.090702,-0.248084,0.968732,0.003449,0.088719,0.019175,0.995872,0,0.85312,-1.00000,51.187,-2.000,-1,400.000,-1,400.000,575.000,325.000,325.000,300.000,300.000,-1,-1,-1,-1,900.000,825.000,-1,825.000,2,0,2,0,1,0,0,0,0,2,2,2,2,0,1,2,1
14,2808.119,6172.326,89.199,-16.324,0.955524,0.281006,-0.089497,-0.281867,0.959448,0.003130,0.086748,0.022236,0.995982,0,0.85527,-1.00000,51.316,-2.000,-1,400.000,-1,400.000,525.000,325.000,325.000,300.000,300.000,-1,-1,-1,-1,900.000,775.000,-1,725.000,2,0,2,0,1,0,0,0,0,2,2,2,2,0,1,2,1
15,2856.944,6156.157,93.505,-18.324,0.945203,0.314296,-0.088369,-0.315303,0.948987,0.002686,0.084705,0.025324,0.996084,0,0.85721,-1.00000,51.432,-2.000,-1,400.000,-1,400.000,475.000,325.000,325.000,300.000,300.000,-1,-1,-1,-1,900.000,725.000,-1,625.000,2,0,2,0,1,0,0,0,0,2,2,2,2,0,1,2,1
16,2909.123,6137.080,98.123,-20.084,0.935179,0.343268,-0.087222,-0.344410,0.938817,0.002082,0.082600,0.028092,0.996187,0,0.92596,-0.88000,55.558,-1.760,-1,400.000,-1,400.000,425.000,325.000,325.000,300.000,300.000,-1,-1,-1,-1,900.000,675.000,-1,575.000,2,0,2,0,1,0,0,0,0,2,2,2,2,0,1,2,1
17,2960.756,6116.633,102.711,-21.604,0.925816,0.368024,-0.086154,-0.369287,0.929314,0.001364,0.080566,0.030553,0.996281,0,0.92556,-0.76000,55.534,-1.520,-1,400.000,-1,400.000,375.000,325.000,325.000,300.000,300.000,-1,-1,-1,-1,900.000,625.000,-1,500.000,2,0,2,0,1,0,0,0,0,2,2,2,2,0,1,2,1
18,3011.802,6095.088,107.217,-22.884,0.917452,0.388667,-0.084965,-0.390026,0.920804,0.000656,0.078491,0.032536,0.996384,0,0.92345,-0.64000,55.407,-1.280,-1,400.000,-1,400.000,350.000,325.000,325.000,325.000,300.000,-1,-1,-1,-1,875.000,575.000,-1,450.000,2,0,2,0,1,0,0,0,0,2,2,2,2,0,1,2,1
19,3062.232,6072.715,111.628,-23.924,0.910354,0.405296,-0.083608,-0.406721,0.913552,-0.000018,0.076373,0.034022,0.996499,0,0.91950,-0.52000,55.170,-1.040,-1,400.000,-1,400.000,300.000,325.000,325.000,325.000,300.000,-1,-1,-1,-1,875.000,550.000,-1,400.000,2,0,2,0,1,0,0,0,1,2,2,2,2,0,1,2,1
20,3112.000,6049.741,115.990,-24.780,0.904304,0.418877,-0.082319,-0.420362,0.907356,-0.000778,0.074367,0.035307,0.996606,0,0.91358,-0.42792,54.815,-0.856,-1,400.000,-1,400.000,275.000,325.000,325.000,325.000,300.000,-1,-1,-1,-1,875.000,500.000,-1,350.000,2,0,2,0,1,0,0,0,1,2,2,2,2,0,1,2,1
21,3160.998,6026.212,120.113,-25.650,0.897911,0.432600,-0.081315,-0.434089,0.900870,-0.000698,0.072952,0.035925,0.996688,0,0.90592,-0.43511,54.355,-0.870,-1,425.000,-1,375.000,250.000,325.000,325.000,325.000,275.000,-1,-1,-1,-1,875.000,475.000,-1,300.000,2,0,2,1,1,0,0,0,1,2,2,2,2,0,1,2,1
22,3209.181,6002.153,124.001,-26.534,0.891231,0.446434,-0.080024,-0.447876,0.894096,-0.000078,0.071514,0.035910,0.996793,0,0.89759,-0.44157,53.855,-0.883,-1,425.000,-1,350.000,200.000,325.000,325.000,325.000,250.000,-1,-1,-1,-1,875.000,450.000,-1,250.000,2,0,2,1,1,0,0,0,1,2,2,2,2,0,1,2,1
23,3256.508,5977.591,127.589,-27.428,0.884334,0.460354,-0.077642,-0.461681,0.887045,0.000961,0.069315,0.034996,0.996981,0,0.88869,-0.44729,53.321,-0.895,-1,400.000,-1,325.000,175.000,325.000,325.000,300.000,250.000,-1,-1,-1,-1,850.000,425.000,-1,225.000,2,0,2,1,1,0,0,0,1,2,2,2,2,0,1,2,1
24,3302.945,5952.552,131.138,-28.333,0.877121,0.474312,-0.075420,-0.475544,0.879690,0.001821,0.067210,0.034268,0.997150,0,0.87928,-0.45226,52.757,-0.905,-1,400.000,-1,300.000,150.000,325.000,325.000,300.000,225.000,-1,-1,-1,-1,850.000,400.000,-1,175.000,2,0,2,1,1,0,0,0,1,2,2,2,2,0,1,2,1
25,3352.693,5924.829,139.407,-29.122,0.870254,0.486598,-0.076686,-0.486329,0.873462,0.023409,0.078373,0.016923,0.996780,0,0.94915,-0.39456,56.949,-0.789,-1,425.000,-1,300.000,125.000,350.000,325.000,300.000,225.000,-1,-1,-1,-1,925.000,400.000,-1,150.000,2,0,2,1,1,0,1,0,1,2,2,2,2,0,1,2,1
26,3401.735,5896.585,148.983,-29.931,0.862985,0.498957,-0.079369,-0.496300,0.866611,0.051689,0.094573,-0.005216,0.995504,0,0.94317,-0.40483,56.590,-0.810,-1,475.000,-1,325.000,125.000,400.000,350.000,275.000,225.000,-1,225.000,900.000,-1,-1,450.000,-1,150.000,2,0,2,1,1,0,1,0,1,2,0,0,2,2,1,2,1
27,3450.018,5867.844,158.637,-30.761,0.855557,0.511268,-0.081411,-0.505663,0.858977,0.080391,0.111031,-0.027613,0.993433,0,0.93642,-0.41494,56.185,-0.830,-1,525.000,-1,325.000,125.000,425.000,350.000,275.000,225.000,850.000,125.000,350.000,-1,-1,-1,-1,150.000,2,0,2,1,1,1,1,0,1,0,0,0,2,2,2,2,1
28,3496.861,5838.767,167.078,-31.831,0.846007,0.526876,-0.081690,-0.518563,0.848731,0.103672,0.123955,-0.045346,0.991251,0,0.91885,-0.53494,55.131,-1.070,-1,550.000,-1,350.000,100.000,450.000,375.000,250.000,225.000,600.000,75.000,275.000,-1,-1,-1,-1,150.000,2,0,2,1,1,1,1,0,1,0,0,0,2,2,2,2,1
29,3542.692,5808.847,174.949,-33.141,0.834114,0.545678,-0.080558,-0.534680,0.835757,0.125011,0.135543,-0.061200,0.988880,0,0.91214,-0.65494,54.728,-1.310,-1,600.000,-1,400.000,100.000,475.000,400.000,250.000,200.000,475.000,50.000,250.000,-1,-1,-1,-1,150.000,2,0,2,1,1,1,1,0,1,0,0,0,2,2,2,2,1
30,3587.403,5777.904,182.446,-34.691,0.819660,0.567524,-0.077940,-0.553906,0.819884,0.144843,0.146104,-0.075551,0.986380,0,0.90617,-0.77494,54.370,-1.550,-1,625.000,-1,450.000,100.000,525.000,475.000,250.000,200.000,375.000,25.000,225.000,-1,-1,-1,-1,175.000,2,0,2,1,1,0,1,0,1,0,0,0,2,2,2,2,1
31,3630.877,5745.764,189.640,-36.481,0.802395,0.592219,-0.073740,-0.576108,0.800898,0.163285,0.155759,-0.088537,0.983819,0,0.90102,-0.89494,54.061,-1.790,-1,650.000,-1,900.000,100.000,550.000,600.000,250.000,200.000,300.000,25.000,200.000,-1,-1,-1,-1,175.000,2,0,2,0,1,0,0,0,1,0,0,0,2,2,2,2,1
32,3673.004,5712.286,196.564,-38.481,0.782355,0.619113,-0.067962,-0.600678,0.778866,0.180428,0.164639,-0.100336,0.981237,0,0.89675,-1.00000,53.805,-2.000,-1,675.000,-1,-1,100.000,600.000,625.000,250.000,175.000,250.000,25.000,200.000,-1,-1,-1,-1,-1,2,0,2,2,1,0,0,0,1,0,0,0,2,2,2,2,2
33,-8199.011,6231.364,141.533,-85.563,0.084909,0.984144,0.155730,-0.995270,0.076366,0.060057,0.047212,-0.160093,0.985972,1,0.00000,0.00000,53.593,-2.000,850.000,525.000,-1,375.000,175.000,450.000,450.000,275.000,350.000,550.000,100.000,250.000,-1,1000.000,600.000,-1,225.000,1,0,2,1,1,0,1,0,1,1,0,0,2,0,1,2,1
34,-8198.658,6226.576,141.804,-85.803,0.080990,0.984266,0.157038,-0.995538,0.072229,0.060724,0.048426,-0.161255,0.985724,0,0.08000,-0.12000,4.800,-0.240,850.000,525.000,-1,350.000,175.000,450.000,450.000,275.000,350.000,575.000,75.000,250.000,-1,1000.000,600.000,-1,225.000,1,0,2,1,1,0,1,0,1,1,0,0,2,0,1,2,1
35,-8198.032,6216.995,142.364,-86.283,0.073164,0.984448,0.159715,-0.996021,0.063955,0.062063,0.050883,-0.163620,0.985210,0,0.16000,-0.24000,9.600,-0.480,875.000,525.000,-1,350.000,175.000,450.000,450.000,250.000,350.000,575.000,75.000,250.000,-1,-1,575.000,-1,225.000,1,0,2,1,1,0,1,0,1,1,0,0,2,2,1,2,1
36,-8197.273,6202.613,143.250,-87.003,0.061461,0.984564,0.163881,-0.996613,0.051548,0.064075,0.054638,-0.167264,0.984397,0,0.24000,-0.36000,14.400,-0.720,900.000,525.000,-1,350.000,175.000,475.000,450.000,250.000,350.000,600.000,75.000,250.000,-1,-1,575.000,-1,225.000,1,0,2,1,1,0,1,0,1,1,0,0,2,2,1,2,1
37,-8196.583,6183.422,144.514,-87.963,0.045929,0.984421,0.169721,-0.997155,0.035014,0.066758,0.059775,-0.172305,0.983228,0,0.32000,-0.48000,19.200,-0.960,925.000,550.000,-1,350.000,175.000,475.000,425.000,250.000,350.000,625.000,75.000,225.000,-1,-1,575.000,-1,225.000,1,0,2,1,1,0,1,0,1,1,0,0,2,2,1,2,1
38,-8196.162,6159.422,146.171,-89.020,0.029060,0.983761,0.177114,-0.997394,0.016831,0.070161,0.066041,-0.178691,0.981686,0,0.40000,-0.52842,24.000,-1.057,975.000,550.000,-1,350.000,175.000,475.000,425.000,250.000,350.000,550.000,50.000,225.000,-1,-1,575.000,-1,200.000,1,0,2,1,1,0,1,0,1,0,0,0,2,2,1,2,1
39,-8196.189,6130.617,148.250,-90.081,0.012504,0.982462,0.186044,-0.997231,-0.001387,0.074351,0.073305,-0.186459,0.979724,0,0.48000,-0.53055,28.800,-1.061,-1,575.000,-1,350.000,150.000,500.000,425.000,250.000,325.000,500.000,50.000,225.000,-1,-1,575.000,-1,200.000,2,0,2,1,1,0,1,0,1,0,0,0,2,2,1,2,1
40,-8196.846,6097.018,150.816,-91.149,-0.003670,0.980446,0.196754,-0.996652,-0.019658,0.079367,0.081683,-0.195804,0.977235,0,0.56000,-0.53385,33.600,-1.068,-1,575.000,-1,350.000,150.000,525.000,425.000,250.000,325.000,425.000,50.000,200.000,-1,-1,575.000,-1,200.000,2,0,2,1,1,0,1,0,1,0,0,0,2,2,1,2,1
41,-8198.317,6058.641,153.945,-92.225,-0.019363,0.977611,0.209525,-0.995635,-0.037991,0.085249,0.091300,-0.206960,0.974080,0,0.64000,-0.53841,38.400,-1.077,-1,600.000,-1,375.000,150.000,550.000,425.000,250.000,300.000,375.000,25.000,200.000,-1,-1,600.000,-1,175.000,2,0,2,1,1,0,1,0,1,0,0,0,2,2,1,2,1
42,-8200.788,6015.504,157.725,-93.314,-0.034437,0.973820,0.224695,-0.994158,-0.056392,0.092034,0.102296,-0.220213,0.970073,0,0.72000,-0.54437,43.200,-1.089,-1,625.000,-1,375.000,150.000,575.000,425.000,225.000,300.000,325.000,25.000,200.000,-1,-1,625.000,-1,175.000,2,0,2,1,1,0,1,0,1,0,0,0,2,2,1,2,1
43,-983.900,-983.921,-76.565,-175.018,-0.994934,0.086734,0.050832,-0.083954,-0.994979,0.054485,0.055302,0.049942,0.997220,1,0.00000,0.00000,48.000,-1.104,-1,375.000,-1,400.000,-1,325.000,325.000,300.000,300.000,-1,475.000,450.000,-1,750.000,875.000,-1,-1,2,0,2,0,2,0,0,0,0,2,0,0,2,0,0,2,2
44,-988.684,-984.318,-76.305,-175.258,-0.995285,0.082564,0.050909,-0.079774,-0.995317,0.054590,0.055178,0.050272,0.997210,0,0.08000,-0.12000,4.800,-0.240,-1,375.000,-1,400.000,-1,325.000,325.000,300.000,300.000,-1,475.000,450.000,-1,750.000,875.000,-1,-1,2,0,2,0,2,0,0,0,0,2,0,0,2,0,0,2,2
45,-998.257,-985.034,-75.787,-175.729,-0.995922,0.074382,0.051060,-0.071573,-0.995929,0.054799,0.054928,0.050921,0.997191,0,0.16000,-0.23534,9.600,-0.471,-1,375.000,-1,400.000,-1,325.000,325.000,300.000,300.000,-1,475.000,450.000,-1,750.000,875.000,-1,-1,2,0,2,0,2,0,0,0,0,2,0,0,2,0,0,2,2
46,-1012.626,-985.989,-75.013,-176.196,-0.996484,0.066251,0.051282,-0.063413,-0.996464,0.055123,0.054752,0.051677,0.997162,0,0.24000,-0.23376,14.400,-0.468,-1,375.000,-1,400.000,-1,325.000,325.000,300.000,300.000,-1,500.000,475.000,-1,750.000,875.000,-1,-1,2,0,2,0,2,0,0,0,0,2,0,0,2,0,0,2,2
47,-1031.793,-987.109,-73.987,-176.659,-0.996972,0.058198,0.051572,-0.055321,-0.996922,0.055560,0.054646,0.052539,0.997123,0,0.32000,-0.23139,19.200,-0.463,-1,375.000,-1,400.000,-1,325.000,325.000,300.000,300.000,-1,525.000,475.000,-1,750.000,875.000,-1,-1,2,0,2,0,2,0,0,0,0,2,0,0,2,0,0,2,2
48,-1055.763,-988.317,-72.711,-177.115,-0.997386,0.050251,0.051929,-0.047325,-0.997302,0.056110,0.054608,0.053506,0.997073,0,0.40000,-0.22824,24.000,-0.456,-1,375.000,-1,400.000,-1,325.000,325.000,300.000,300.000,-1,550.000,500.000,-1,775.000,900.000,-1,-1,2,0,2,0,2,0,0,0,0,2,0,0,2,0,0,2,2
49,-1084.537,-989.542,-71.189,-177.564,-0.997727,0.042439,0.052350,-0.039455,-0.997607,0.056770,0.054634,0.054576,0.997014,0,0.48000,-0.22429,28.800,-0.449,-1,400.000,-1,400.000,-1,325.000,325.000,300.000,300.000,-1,575.000,525.000,-1,775.000,900.000,-1,-1,2,0,2,0,2,0,0,0,0,2,0,0,2,0,0,2,2
50,-1118.117,-990.714,-69.424,-178.003,-0.997997,0.034792,0.052836,-0.031740,-0.997839,0.057540,0.054724,0.055747,0.996944,0,0.56000,-0.21950,33.600,-0.439,-1,400.000,-1,425.000,-1,325.000,325.000,300.000,300.000,-1,600.000,550.000,-1,775.000,900.000,-1,-1,2,0,2,0,2,0,0,0,0,2,0,0,2,0,0,2,2
51,-1156.503,-991.767,-67.419,-178.431,-0.998200,0.027340,0.053384,-0.024211,-0.997999,0.058416,0.054874,0.057019,0.996864,0,0.64000,-0.21384,38.400,-0.428,-1,400.000,-1,425.000,-1,325.000,325.000,300.000,300.000,-1,625.000,575.000,-1,800.000,925.000,-1,-1,2,0,2,0,2,0,0,0,0,2,0,0,2,0,0,2,2
52,-1196.324,-992.571,-65.354,-178.845,-0.998341,0.020118,0.053945,-0.016908,-0.998096,0.059319,0.055036,0.058309,0.996780,0,0.66382,-0.20726,39.829,-0.415,-1,400.000,-1,425.000,-1,325.000,350.000,300.000,300.000,-1,675.000,625.000,-1,800.000,925.000,-1,-1,2,0,2,0,2,0,0,0,0,2,0,0,2,0,0,2,2
53,-1236.266,-993.097,-63.297,-179.246,-0.998427,0.013139,0.054501,-0.009848,-0.998137,0.060216,0.055191,0.059584,0.996696,0,0.66576,-0.20028,39.946,-0.401,-1,400.000,-1,425.000,-1,325.000,350.000,300.000,300.000,-1,700.000,650.000,-1,825.000,950.000,-1,-1,2,0,2,0,2,0,0,0,0,2,0,0,2,0,0,2,2
54,-1276.337,-993.356,-61.248,-179.632,-0.998463,0.006409,0.055054,-0.003038,-0.998127,0.061106,0.055342,0.060845,0.996612,0,0.66785,-0.19313,40.071,-0.386,-1,425.000,-1,425.000,-1,350.000,350.000,300.000,300.000,-1,725.000,675.000,-1,850.000,950.000,-1,-1,2,0,2,0,2,0,0,0,0,2,0,0,2,0,0,2,2
55,-1316.541,-993.354,-59.175,-180.004,-0.998467,-0.000065,0.055349,0.003499,-0.998073,0.061951,0.055239,0.062050,0.996543,0,0.67007,-0.18581,40.204,-0.372,-1,425.000,-1,425.000,-1,350.000,350.000,300.000,300.000,-1,775.000,725.000,-1,850.000,975.000,-1,-1,2,0,2,0,2,0,0,0,0,2,0,0,2,0,0,2,2
56,-1356.801,-993.096,-57.569,-180.369,-0.998549,-0.006433,0.053473,0.009790,-0.997981,0.062761,0.052961,0.063193,0.996595,0,0.67102,-0.18279,40.261,-0.366,-1,425.000,-1,425.000,-1,350.000,350.000,300.000,300.000,-1,850.000,775.000,-1,850.000,950.000,-1,-1,2,0,2,0,2,0,0,0,0,2,0,0,2,0,0,2,2
57,-1397.059,-992.580,-55.980,-180.735,-0.998586,-0.012799,0.051589,0.016075,-0.997847,0.063589,0.050664,0.064328,0.996642,0,0.67102,-0.18279,40.261,-0.366,-1,425.000,-1,425.000,-1,350.000,350.000,300.000,300.000,-1,925.000,850.000,-1,850.000,950.000,-1,-1,2,0,2,0,2,0,0,0,0,2,0,0,2,0,0,2,2
58,-1437.312,-991.807,-54.409,-181.100,-0.998580,-0.019165,0.049700,0.022354,-0.997672,0.064434,0.048349,0.065453,0.996684,0,0.67102,-0.18279,40.261,-0.366,-1,400.000,-1,425.000,-1,350.000,350.000,300.000,300.000,-1,1000.000,925.000,-1,850.000,925.000,-1,-1,2,0,2,0,2,0,0,0,0,2,0,0,2,0,0,2,2
59,-1476.665,-990.636,-52.904,-181.706,-0.998413,-0.029706,0.047842,0.032799,-0.997331,0.065226,0.045776,0.066692,0.996723,0,0.65617,-0.30279,39.370,-0.606,-1,400.000,-1,425.000,-1,350.000,350.000,300.000,300.000,-1,-1,1000.000,-1,850.000,925.000,-1,-1,2,0,2,0,2,0,0,0,0,2,2,0,2,0,0,2,2
60,-1516.001,-988.986,-51.435,-182.403,-0.998067,-0.041829,0.045971,0.044818,-0.996811,0.066029,0.043062,0.067962,0.996758,0,0.65617,-0.34841,39.370,-0.697,-1,400.000,-1,425.000,-1,350.000,350.000,300.000,300.000,-1,-1,-1,-1,850.000,900.000,-1,-1,2,0,2,0,2,0,0,0,0,2,2,2,2,0,0,2,2
61,-1555.314,-986.858,-50.002,-183.100,-0.997570,-0.053944,0.044088,0.056822,-0.996143,0.066860,0.040311,0.069203,0.996788,0,0.65617,-0.34841,39.370,-0.697,-1,400.000,-1,425.000,-1,350.000,350.000,275.000,300.000,-1,-1,-1,-1,850.000,900.000,-1,-1,2,0,2,0,2,0,0,0,0,2,2,2,2,0,0,2,2
62,-1594.598,-984.251,-48.607,-183.797,-0.996924,-0.066049,0.042191,0.068809,-0.995329,0.067717,0.037522,0.070412,0.996812,0,0.65617,-0.34841,39.370,-0.697,-1,400.000,-1,425.000,-1,325.000,350.000,275.000,275.000,-1,-1,-1,-1,850.000,875.000,-1,-1,2,0,2,0,2,0,0,0,0,2,2,2,2,0,0,2,2
63,-1633.848,-981.168,-47.250,-184.493,-0.996128,-0.078143,0.040282,0.080779,-0.994369,0.068600,0.034695,0.071588,0.996831,0,0.65617,-0.34841,39.370,-0.697,-1,400.000,-1,425.000,-1,325.000,350.000,275.000,275.000,-1,-1,-1,-1,850.000,875.000,-1,-1,2,0,2,0,2,0,0,0,0,2,2,2,2,0,0,2,2
64,-1673.057,-977.607,-45.935,-185.190,-0.995183,-0.090222,0.038360,0.092727,-0.993263,0.069505,0.031831,0.072727,0.996844,0,0.65617,-0.34841,39.370,-0.697,-1,400.000,-1,425.000,-1,325.000,325.000,300.000,275.000,-1,-1,-1,-1,850.000,850.000,-1,-1,2,0,2,0,2,0,0,0,0,2,2,2,2,0,0,2,2
65,-1712.220,-973.569,-44.662,-185.887,-0.994088,-0.102287,0.036424,0.104654,-0.992012,0.070432,0.028929,0.073827,0.996851,0,0.65617,-0.34841,39.370,-0.697,-1,400.000,-1,425.000,-1,325.000,325.000,300.000,275.000,-1,-1,-1,-1,850.000,850.000,-1,-1,2,0,2,0,2,0,0,0,0,2,2,2,2,0,0,2,2
66,-1751.331,-969.056,-43.432,-186.584,-0.992844,-0.114335,0.034475,0.116557,-0.990616,0.071378,0.025990,0.074886,0.996853,0,0.65617,-0.34841,39.370,-0.697,-1,400.000,-1,425.000,-1,325.000,325.000,300.000,275.000,-1,-1,-1,-1,850.000,825.000,-1,-1,2,0,2,0,2,0,0,0,0,2,2,2,2,0,0,2,2
67,-1790.384,-964.067,-42.247,-187.281,-0.991451,-0.126364,0.032511,0.128434,-0.989076,0.072343,0.023014,0.075900,0.996850,0,0.65617,-0.34841,39.370,-0.697,-1,400.000,-1,400.000,-1,325.000,325.000,300.000,300.000,-1,-1,-1,-1,850.000,825.000,-1,-1,2,0,2,0,2,0,0,0,0,2,2,2,2,0,0,2,2
68,-1829.374,-958.603,-41.109,-187.977,-0.989909,-0.138373,0.030533,0.140283,-0.987393,0.073325,0.020002,0.076868,0.996841,0,0.65617,-0.34841,39.370,-0.697,-1,400.000,-1,400.000,-1,325.000,325.000,300.000,300.000,-1,-1,-1,-1,850.000,800.000,-1,-1,2,0,2,0,2,0,0,0,0,2,2,2,2,0,0,2,2
69,-1868.294,-952.665,-40.019,-188.674,-0.988219,-0.150361,0.028540,0.152103,-0.985566,0.074322,0.016953,0.077787,0.996826,0,0.65617,-0.34841,39.370,-0.697,-1,400.000,-1,400.000,-1,325.000,325.000,300.000,300.000,-1,-1,-1,-1,825.000,800.000,-1,-1,2,0,2,0,2,0,0,0,0,2,2,2,2,0,0,2,2
70,-1907.140,-946.255,-38.978,-189.371,-0.986381,-0.162324,0.026531,0.163893,-0.983598,0.075333,0.013867,0.078655,0.996805,0,0.65617,-0.34841,39.370,-0.697,-1,425.000,-1,400.000,-1,325.000,325.000,300.000,300.000,-1,-1,-1,-1,825.000,775.000,-1,-1,2,0,2,0,2,0,0,0,0,2,2,2,2,0,0,2,2
71,-1945.904,-939.371,-38.326,-190.068,-0.984382,-0.174282,0.024857,0.175680,-0.981593,0.074910,0.011344,0.078107,0.996880,0,0.65617,-0.34841,39.370,-0.697,-1,400.000,-1,400.000,-1,325.000,325.000,300.000,300.000,-1,-1,-1,-1,825.000,775.000,-1,-1,2,0,2,0,2,0,0,0,0,2,2,2,2,0,0,2,2
72,-1984.582,-932.016,-37.855,-190.765,-0.982243,-0.186223,0.022814,0.187420,-0.979487,0.074017,0.008562,0.076979,0.996996,0,0.65617,-0.34841,39.370,-0.697,-1,400.000,-1,400.000,-1,325.000,325.000,300.000,300.000,-1,-1,-1,-1,825.000,775.000,-1,-1,2,0,2,0,2,0,0,0,0,2,2,2,2,0,0,2,2
73,-2023.167,-924.192,-37.604,-191.462,-0.979943,-0.198129,0.021376,0.199180,-0.977188,0.073691,0.006288,0.076471,0.997052,0,0.65617,-0.34841,39.370,-0.697,-1,400.000,-1,400.000,-1,325.000,325.000,275.000,300.000,-1,-1,-1,-1,800.000,750.000,-1,-1,2,0,2,0,2,0,0,0,0,2,2,2,2,0,0,2,2
74,-2061.655,-915.899,-37.507,-192.158,-0.977488,-0.210001,0.020434,0.210946,-0.974716,0.073688,0.004443,0.076340,0.997072,0,0.65617,-0.34841,39.370,-0.697,-1,400.000,-1,400.000,-1,325.000,325.000,275.000,300.000,-1,-1,-1,-1,800.000,750.000,-1,-1,2,0,2,0,2,0,0,0,0,2,2,2,2,0,0,2,2
75,-2100.039,-907.139,-37.445,-192.855,-0.974887,-0.221843,0.019512,0.222684,-0.972104,0.073657,0.002627,0.076153,0.997093,0,0.65617,-0.34841,39.370,-0.697,-1,400.000,-1,400.000,-1,325.000,325.000,275.000,300.000,-1,-1,-1,-1,800.000,750.000,-1,-1,2,0,2,0,2,0,0,0,0,2,2,2,2,0,0,2,2
76,-2138.313,-897.913,-37.422,-193.552,-0.972142,-0.233653,0.018608,0.234391,-0.969352,0.073602,0.000840,0.075913,0.997114,0,0.65617,-0.34841,39.370,-0.697,-1,400.000,-1,400.000,-1,325.000,325.000,275.000,300.000,-1,-1,-1,-1,800.000,725.000,-1,-1,2,0,2,0,2,0,0,0,0,2,2,2,2,0,0,2,2
77,-2176.472,-888.222,-37.437,-194.249,-0.969252,-0.245430,0.017722,0.246067,-0.966461,0.073518,-0.000916,0.075618,0.997136,0,0.65617,-0.34841,39.370,-0.697,-1,400.000,-1,400.000,-1,325.000,325.000,275.000,300.000,-1,-1,-1,-1,800.000,725.000,-1,-1,2,0,2,0,2,0,0,0,0,2,2,2,2,0,0,2,2
78,-2214.511,-878.067,-37.490,-194.946,-0.966219,-0.257172,0.016857,0.257711,-0.963430,0.073403,-0.002637,0.075268,0.997160,0,0.65617,-0.34841,39.370,-0.697,-1,400.000,-1,375.000,-1,325.000,325.000,275.000,300.000,-1,-1,-1,-1,775.000,725.000,-1,-1,2,0,2,0,2,0,0,0,0,2,2,2,2,0,0,2,2
79,-2252.424,-867.451,-37.583,-195.643,-0.963041,-0.268878,0.016013,0.269320,-0.960261,0.073254,-0.004320,0.074860,0.997185,0,0.65617,-0.34841,39.370,-0.697,-1,400.000,-1,375.000,-1,325.000,325.000,275.000,300.000,-1,-1,-1,-1,775.000,700.000,-1,-1,2,0,2,0,2,0,0,0,0,2,2,2,2,0,0,2,2
80,-2290.204,-856.374,-37.715,-196.339,-0.959720,-0.280547,0.015191,0.280894,-0.956953,0.073068,-0.005962,0.074392,0.997211,0,0.65617,-0.34841,39.370,-0.697,-1,400.000,-1,375.000,-1,325.000,325.000,275.000,300.000,-1,-1,-1,-1,775.000,700.000,-1,-1,2,0,2,0,2,0,0,0,0,2,2,2,2,0,0,2,2
81,-2327.847,-844.839,-37.887,-197.036,-0.956256,-0.292176,0.014392,0.292432,-0.953508,0.072841,-0.007559,0.073863,0.997240,0,0.65617,-0.34841,39.370,-0.697,-1,400.000,-1,375.000,-1,325.000,325.000,275.000,300.000,-1,-1,-1,-1,750.000,700.000,-1,-1,2,0,2,0,2,0,0,0,0,2,2,2,2,0,0,2,2
82,-2365.347,-832.846,-38.100,-197.733,-0.952650,-0.303763,0.013617,0.303932,-0.949926,0.072570,-0.009109,0.073272,0.997270,0,0.65617,-0.34841,39.370,-0.697,-1,400.000,-1,375.000,-1,325.000,325.000,275.000,300.000,-1,-1,-1,-1,750.000,675.000,-1,-1,2,0,2,0,2,0,0,0,0,2,2,2,2,0,0,2,2
83,-2407.310,-819.057,-38.292,-198.190,-0.950208,-0.311336,0.013169,0.311452,-0.947501,0.072381,-0.010057,0.072878,0.997290,0,0.73617,-0.22841,44.170,-0.457,-1,400.000,-1,375.000,-1,325.000,300.000,300.000,300.000,-1,-1,-1,-1,750.000,675.000,-1,-1,2,0,2,0,2,0,0,0,0,2,2,2,2,0,0,2,2
84,-2453.775,-803.594,-38.472,-198.407,-0.949027,-0.314926,0.013008,0.315022,-0.946334,0.072204,-0.010428,0.072621,0.997305,0,0.81617,-0.10841,48.970,-0.217,-1,400.000,-1,375.000,-1,325.000,300.000,300.000,300.000,-1,-1,-1,-1,750.000,650.000,-1,-1,2,0,2,0,2,0,0,0,0,2,2,2,2,0,0,2,2
85,-2504.801,-786.636,-38.682,-198.383,-0.949153,-0.314551,0.012929,0.314645,-0.946484,0.071872,-0.010370,0.072286,0.997330,0,0.89617,0.01159,53.770,0.023,-1,400.000,-1,375.000,1000.000,325.000,300.000,300.000,300.000,-1,-1,-1,-1,750.000,650.000,-1,-1,2,0,2,0,0,0,0,0,0,2,2,2,2,0,0,2,2
86,-2557.742,-769.311,-39.076,-198.120,-0.950571,-0.310225,0.013273,0.310369,-0.947995,0.070544,-0.009301,0.071176,0.997420,0,0.92839,0.13159,55.704,0.263,-1,400.000,-1,375.000,1000.000,325.000,300.000,300.000,300.000,-1,-1,-1,-1,750.000,650.000,-1,-1,2,0,2,0,0,0,0,0,0,2,2,2,2,0,0,2,2
87,-2610.832,-752.451,-39.432,-197.617,-0.953234,-0.301910,0.013956,0.302137,-0.950755,0.069127,-0.007602,0.070111,0.997510,0,0.92839,0.25159,55.704,0.503,-1,400.000,-1,375.000,1000.000,325.000,300.000,300.000,300.000,-1,-1,-1,-1,750.000,650.000,-1,-1,2,0,2,0,0,0,0,0,0,2,2,2,2,0,0,2,2
88,-2664.137,-736.282,-39.737,-196.874,-0.957042,-0.289574,0.014729,0.289895,-0.954659,0.067727,-0.005551,0.069087,0.997595,0,0.92839,0.37159,55.704,0.743,-1,400.000,-1,375.000,1000.000,325.000,300.000,300.000,300.000,-1,-1,-1,-1,750.000,650.000,-1,-1,2,0,2,0,0,0,0,0,0,2,2,2,2,0,0,2,2
89,-2717.711,-721.030,-39.918,-195.891,-0.961841,-0.273173,0.015442,0.273590,-0.959568,0.066169,-0.003257,0.067868,0.997689,0,0.92839,0.49159,55.704,0.983,-1,400.000,-1,375.000,-1,325.000,300.000,300.000,300.000,-1,-1,-1,-1,750.000,650.000,-1,-1,2,0,2,0,2,0,0,0,0,2,2,2,2,0,0,2,2
90,-2771.580,-706.851,-39.927,-194.745,-0.967078,-0.253962,0.016253,0.254481,-0.964938,0.064290,-0.000644,0.066309,0.997799,0,0.92839,0.57275,55.704,1.145,-1,400.000,-1,375.000,-1,325.000,300.000,300.000,300.000,-1,-1,-1,-1,775.000,650.000,-1,-1,2,0,2,0,2,0,0,0,0,2,2,2,2,0,0,2,2
91,-2825.720,-693.752,-39.833,-193.600,-0.971931,-0.234646,0.017075,0.235259,-0.969926,0.062420,0.001915,0.064685,0.997904,0,0.92839,0.57275,55.704,1.145,-1,400.000,-1,375.000,-1,325.000,300.000,300.000,300.000,-1,-1,-1,-1,775.000,675.000,-1,-1,2,0,2,0,2,0,0,0,0,2,2,2,2,0,0,2,2
92,-2880.113,-681.738,-39.638,-192.454,-0.976399,-0.215233,0.017906,0.215931,-0.974528,0.060565,0.004415,0.063002,0.998004,0,0.92839,0.57275,55.704,1.145,-1,400.000,-1,375.000,-1,325.000,300.000,300.000,300.000,-1,-1,-1,-1,775.000,675.000,-1,-1,2,0,2,0,2,0,0,0,0,2,2,2,2,0,0,2,2
93,-2934.734,-670.814,-39.347,-191.309,-0.980479,-0.195729,0.018744,0.196505,-0.978743,0.058727,0.006851,0.061264,0.998098,0,0.92839,0.57275,55.704,1.145,-1,400.000,-1,375.000,-1,325.000,300.000,300.000,300.000,-1,-1,-1,-1,775.000,675.000,-1,-1,2,0,2,0,2,0,0,0,0,2,2,2,2,0,0,2,2
94,-2989.563,-660.984,-38.957,-190.163,-0.984170,-0.176142,0.019571,0.176987,-0.982565,0.056937,0.009201,0.059499,0.998186,0,0.92839,0.57275,55.704,1.145,-1,400.000,-1,375.000,-1,325.000,325.000,300.000,275.000,-1,-1,-1,-1,800.000,700.000,-1,-1,2,0,2,0,2,0,0,0,0,2,2,2,2,0,0,2,2
95,-3044.577,-652.252,-38.375,-189.018,-0.987476,-0.156477,0.020136,0.157373,-0.985971,0.055630,0.011148,0.058102,0.998248,0,0.92839,0.57275,55.704,1.145,-1,400.000,-1,375.000,-1,325.000,325.000,300.000,275.000,-1,-1,-1,-1,800.000,700.000,-1,-1,2,0,2,0,2,0,0,0,0,2,2,2,2,0,0,2,2
96,-3099.755,-644.622,-37.709,-187.872,-0.990390,-0.136746,0.020682,0.137687,-0.988984,0.054334,0.013025,0.056660,0.998309,0,0.92839,0.57275,55.704,1.145,-1,400.000,-1,375.000,-1,325.000,325.000,300.000,275.000,-1,-1,-1,-1,800.000,725.000,-1,-1,2,0,2,0,2,0,0,0,0,2,2,2,2,0,0,2,2
97,-3155.075,-638.096,-36.963,-186.727,-0.992910,-0.116958,0.021210,0.117937,-0.991603,0.053050,0.014827,0.055176,0.998367,0,0.92839,0.57275,55.704,1.145,-1,400.000,-1,400.000,-1,325.000,325.000,300.000,275.000,-1,-1,-1,-1,800.000,725.000,-1,-1,2,0,2,0,2,0,0,0,0,2,2,2,2,0,0,2,2
98,-3210.514,-632.678,-36.143,-185.581,-0.995036,-0.097119,0.021716,0.098131,-0.993826,0.051778,0.016554,0.053652,0.998422,0,0.92839,0.57275,55.704,1.145,-1,400.000,-1,400.000,-1,325.000,325.000,300.000,275.000,-1,-1,-1,-1,825.000,750.000,-1,-1,2,0,2,0,2,0,0,0,0,2,2,2,2,0,0,2,2
99,-3266.050,-628.369,-35.242,-184.436,-0.996767,-0.077238,0.022147,0.078275,-0.995649,0.050562,0.018145,0.052132,0.998475,0,0.92839,0.57275,55.704,1.145,-1,400.000,-1,400.000,-1,325.000,325.000,300.000,275.000,-1,-1,-1,-1,825.000,750.000,-1,-1,2,0,2,0,2,0,0,0,0,2,2,2,2,0,0,2,2
100,-3321.662,-625.171,-34.354,-183.290,-0.998117,-0.057322,0.021841,0.058345,-0.997070,0.049473,0.018941,0.050655,0.998537,0,0.92839,0.57275,55.704,1.145,-1,400.000,-1,400.000,-1,325.000,325.000,300.000,275.000,-1,-1,-1,-1,825.000,775.000,-1,-1,2,0,2,0,2,0,0,0,0,2,2,2,2,0,0,2,2
101,-3377.326,-623.085,-33.514,-182.145,-0.999081,-0.037380,0.020995,0.038368,-0.998070,0.048824,0.019129,0.049585,0.998587,0,0.92839,0.57275,55.704,1.145,-1,400.000,-1,400.000,-1,325.000,325.000,300.000,275.000,-1,-1,-1,-1,825.000,775.000,-1,-1,2,0,2,0,2,0,0,0,0,2,2,2,2,0,0,2,2
102,-3433.021,-622.113,-32.608,-180.999,-0.999646,-0.017421,0.020116,0.018373,-0.998672,0.048135,0.019251,0.048488,0.998638,0,0.92839,0.57275,55.704,1.145,-1,400.000,-1,400.000,-1,325.000,325.000,300.000,275.000,-1,-1,-1,-1,825.000,800.000,-1,-1,2,0,2,0,2,0,0,0,0,2,2,2,2,0,0,2,2
103,-3488.724,-622.254,-31.640,-179.854,-0.999812,0.002547,0.019212,-0.001634,-0.998874,0.047407,0.019311,0.047367,0.998691,0,0.92839,0.57275,55.704,1.145,-1,400.000,-1,400.000,-1,325.000,325.000,275.000,275.000,-1,-1,-1,-1,825.000,800.000,-1,-1,2,0,2,0,2,0,0,0,0,2,2,2,2,0,0,2,2
104,-3544.413,-623.509,-30.612,-178.708,-0.999579,0.022517,0.018291,-0.021643,-0.998677,0.046638,0.019317,0.046223,0.998744,0,0.92839,0.57275,55.704,1.145,-1,400.000,-1,400.000,-1,325.000,325.000,275.000,275.000,-1,-1,-1,-1,825.000,825.000,-1,-1,2,0,2,0,2,0,0,0,0,2,2,2,2,0,0,2,2
105,-3600.245,-625.893,-29.524,-177.555,-0.998941,0.042618,0.017356,-0.041785,-0.998075,0.045828,0.019276,0.045054,0.998799,0,0.93139,0.57673,55.883,1.153,-1,400.000,-1,400.000,-1,325.000,325.000,275.000,275.000,-1,-1,-1,-1,825.000,825.000,-1,-1,2,0,2,0,2,0,0,0,0,2,2,2,2,0,0,2,2
106,-3656.207,-629.420,-28.377,-176.393,-0.997888,0.062850,0.016415,-0.062058,-0.997059,0.044976,0.019194,0.043862,0.998853,0,0.93455,0.58092,56.073,1.162,-1,400.000,-1,400.000,-1,325.000,325.000,275.000,275.000,-1,-1,-1,-1,800.000,825.000,-1,-1,2,0,2,0,2,0,0,0,0,2,2,2,2,0,0,2,2
107,-3712.275,-634.105,-27.175,-175.223,-0.996412,0.083205,0.015476,-0.082454,-0.995619,0.044083,0.019076,0.042649,0.998908,0,0.93773,0.58513,56.264,1.170,-1,400.000,-1,400.000,-1,325.000,325.000,275.000,275.000,-1,-1,-1,-1,800.000,850.000,-1,-1,2,0,2,0,2,0,0,0,0,2,2,2,2,0,0,2,2
108,-3768.425,-639.962,-25.919,-174.044,-0.994505,0.103673,0.014546,-0.102963,-0.993749,0.043151,0.018929,0.041416,0.998963,0,0.94092,0.58935,56.455,1.179,-1,400.000,-1,400.000,-1,325.000,325.000,275.000,275.000,-1,-1,-1,-1,800.000,850.000,-1,-1,2,0,2,0,2,0,0,0,0,2,2,2,2,0,0,2,2
109,-3824.633,-647.005,-24.613,-172.857,-0.992158,0.124247,0.013634,-0.123577,-0.991438,0.042181,0.018758,0.040166,0.999017,0,0.94412,0.59360,56.647,1.187,-1,400.000,-1,400.000,-1,325.000,325.000,275.000,275.000,-1,-1,-1,-1,775.000,850.000,-1,-1,2,0,2,0,2,0,0,0,0,2,2,2,2,0,0,2,2
110,-3875.963,-654.301,-23.388,-171.910,-0.989980,0.140625,0.012826,-0.139993,-0.989292,0.041281,0.018494,0.039071,0.999065,0,0.86412,0.47360,51.847,0.947,-1,400.000,-1,400.000,-1,325.000,325.000,275.000,275.000,-1,-1,-1,-1,775.000,875.000,-1,-1,2,0,2,0,2,0,0,0,0,2,2,2,2,0,0,2,2
111,-3922.855,-661.558,-22.501,-171.203,-0.988179,0.152825,0.012105,-0.152210,-0.987481,0.041389,0.018278,0.039057,0.999070,0,0.79084,0.35360,47.450,0.707,-1,400.000,-1,400.000,-1,325.000,325.000,275.000,275.000,-1,-1,-1,-1,775.000,875.000,-1,-1,2,0,2,0,2,0,0,0,0,2,2,2,2,0,0,2,2
112,-3969.832,-669.221,-21.789,-170.735,-0.986915,0.160865,0.011022,-0.160268,-0.986161,0.042425,0.017694,0.040104,0.999039,0,0.79330,0.23360,47.598,0.467,-1,400.000,-1,400.000,-1,325.000,325.000,275.000,275.000,-1,-1,-1,-1,775.000,875.000,-1,-1,2,0,2,0,2,0,0,0,0,2,2,2,2,1,0,2,2
113,-4017.681,-677.222,-21.146,-170.508,-0.986281,0.164769,0.010025,-0.164199,-0.985487,0.043064,0.016975,0.040827,0.999022,0,0.80854,0.11360,48.513,0.227,-1,400.000,-1,400.000,-1,325.000,325.000,275.000,275.000,-1,-1,-1,-1,750.000,875.000,-1,-1,2,0,2,0,2,0,0,0,0,2,2,2,2,1,0,2,2
114,-4065.849,-685.264,-20.558,-170.521,-0.986329,0.164545,0.008889,-0.164016,-0.985503,0.043396,0.015901,0.041344,0.999018,0,0.81392,-0.00640,48.835,-0.013,-1,400.000,-1,400.000,-1,325.000,325.000,275.000,275.000,-1,-1,-1,-1,750.000,875.000,-1,-1,2,0,2,0,2,0,0,0,0,2,2,2,2,1,0,2,2
115,-4114.364,-693.145,-19.987,-170.774,-0.987056,0.160192,0.007741,-0.159711,-0.986198,0.043655,0.014627,0.041854,0.999017,0,0.81918,-0.12640,49.151,-0.253,975.000,400.000,-1,400.000,-1,325.000,325.000,275.000,275.000,-1,-1,-1,-1,725.000,875.000,1000.000,-1,1,0,2,0,2,0,0,0,0,2,2,2,2,1,0,1,2
116,-4163.247,-700.654,-19.445,-171.267,-0.988405,0.151701,0.006574,-0.151273,-0.987519,0.043850,0.013144,0.042347,0.999016,0,0.82427,-0.24640,49.456,-0.493,925.000,400.000,-1,400.000,-1,325.000,325.000,275.000,275.000,-1,-1,-1,-1,700.000,875.000,950.000,-1,1,0,2,0,2,0,0,0,0,2,2,2,2,1,0,1,2
117,-4212.510,-707.579,-18.944,-171.999,-0.990270,0.139056,0.005379,-0.138689,-0.989359,0.043987,0.011438,0.042813,0.999018,0,0.82912,-0.36640,49.747,-0.733,875.000,400.000,-1,400.000,-1,325.000,325.000,275.000,275.000,-1,-1,-1,-1,700.000,900.000,900.000,-1,1,0,2,0,2,0,0,0,0,2,2,2,2,1,0,1,2
118,-4262.153,-713.698,-18.497,-172.972,-0.992492,0.122236,0.004145,-0.121937,-0.991559,0.044074,0.009498,0.043237,0.999020,0,0.83364,-0.48640,50.019,-0.973,800.000,400.000,-1,400.000,-1,325.000,325.000,275.000,275.000,-1,-1,-1,-1,700.000,900.000,875.000,-1,1,0,2,0,2,0,0,0,0,2,2,2,2,1,0,1,2
119,-4312.159,-718.791,-18.117,-174.185,-0.994860,0.101220,0.002859,-0.100996,-0.993908,0.044117,0.007308,0.043601,0.999022,0,0.83773,-0.60640,50.264,-1.213,750.000,400.000,-1,400.000,-1,325.000,325.000,275.000,275.000,-1,-1,-1,-1,700.000,900.000,850.000,-1,1,1,2,0,2,0,0,0,0,2,2,2,2,1,0,1,2
120,-4362.479,-722.768,-17.802,-175.481,-0.996896,0.078716,0.001525,-0.078573,-0.995930,0.044155,0.004994,0.043898,0.999024,0,0.84128,-0.64791,50.477,-1.296,700.000,400.000,-1,400.000,-1,325.000,325.000,275.000,300.000,-1,-1,-1,-1,700.000,900.000,825.000,-1,1,0,2,0,2,0,0,0,0,2,2,2,2,1,0,1,2
121,-4413.054,-725.628,-17.547,-176.763,-0.998408,0.056403,0.000146,-0.056341,-0.997432,0.044211,0.002640,0.044133,0.999022,0,0.84426,-0.64132,50.656,-1.283,675.000,400.000,-1,425.000,-1,325.000,325.000,275.000,300.000,-1,-1,-1,-1,700.000,900.000,800.000,-1,1,0,2,0,2,0,0,0,0,2,2,2,2,1,0,1,2
122,-4463.827,-727.372,-17.330,-178.032,-0.999410,0.034308,-0.001353,-0.034335,-0.998425,0.044375,0.000172,0.044395,0.999014,0,0.84671,-0.63422,50.802,-1.268,625.000,400.000,-1,425.000,-1,325.000,325.000,275.000,300.000,-1,-1,-1,-1,700.000,900.000,775.000,-1,1,0,2,0,2,0,0,0,0,2,2,2,2,1,0,1,2
123,-4514.736,-728.008,-17.120,-179.285,-0.999918,0.012463,-0.003068,-0.012588,-0.998918,0.044776,-0.002506,0.044811,0.998992,0,0.84855,-0.62661,50.913,-1.253,600.000,400.000,-1,425.000,-1,325.000,325.000,275.000,300.000,-1,-1,-1,-1,700.000,900.000,775.000,-1,1,0,2,0,2,0,0,0,0,2,2,2,2,1,0,1,2
124,-4569.043,-727.725,-16.958,-180.298,-0.999975,-0.005202,-0.004800,0.004980,-0.998968,0.045154,-0.005030,0.045129,0.998969,0,0.90513,-0.50661,54.308,-1.013,575.000,400.000,-1,425.000,-1,325.000,325.000,275.000,300.000,-1,-1,-1,-1,725.000,900.000,775.000,-1,1,0,2,0,2,0,0,0,0,2,2,2,2,1,0,1,2
125,-4623.392,-726.578,-17.425,-181.209,-0.999759,-0.021074,-0.006214,0.020768,-0.998738,0.045733,-0.007170,0.045593,0.998934,0,0.90601,-0.45520,54.361,-0.910,550.000,400.000,-1,425.000,-1,325.000,325.000,275.000,300.000,-1,-1,-1,-1,750.000,900.000,-1,-1,1,0,2,0,2,0,0,0,0,2,2,2,2,1,0,2,2
126,-4677.731,-724.584,-18.339,-182.101,-0.999297,-0.036626,-0.008036,0.036213,-0.998257,0.046600,-0.009729,0.046276,0.998881,0,0.90625,-0.44623,54.375,-0.892,525.000,400.000,-1,425.000,-1,325.000,325.000,275.000,300.000,-1,-1,-1,-1,775.000,900.000,-1,-1,1,0,2,0,2,0,0,0,0,2,2,2,2,1,0,2,2
127,-4731.999,-721.764,-19.244,-182.975,-0.998609,-0.051839,-0.009628,0.051323,-0.997541,0.047727,-0.012078,0.047167,0.998814,0,0.90569,-0.43677,54.342,-0.874,525.000,400.000,-1,425.000,-1,325.000,325.000,275.000,275.000,-1,-1,-1,-1,800.000,875.000,-1,-1,1,0,2,0,2,0,0,0,0,2,2,2,2,1,0,2,2
128,-4786.136,-718.142,-20.204,-183.828,-0.997711,-0.066692,-0.011206,0.066071,-0.996618,0.048858,-0.014426,0.048005,0.998743,0,0.90429,-0.42684,54.257,-0.854,500.000,400.000,-1,425.000,-1,325.000,325.000,275.000,275.000,-1,-1,-1,-1,800.000,875.000,-1,-1,1,0,2,0,2,0,0,0,0,2,2,2,2,1,0,2,2
129,-4840.077,-713.744,-21.219,-184.661,-0.996618,-0.081170,-0.012774,0.080439,-0.995505,0.049991,-0.016774,0.048794,0.998668,0,0.90200,-0.41648,54.120,-0.833,500.000,400.000,-1,425.000,-1,325.000,325.000,275.000,275.000,-1,-1,-1,-1,825.000,850.000,-1,-1,1,0,2,0,2,0,0,1,0,2,2,2,2,0,0,2,2
130,-4893.760,-708.600,-22.287,-185.473,-0.995349,-0.095257,-0.014334,0.094413,-0.994220,0.051125,-0.019121,0.049534,0.998589,0,0.89880,-0.40573,53.928,-0.811,-1,400.000,-1,425.000,-1,325.000,325.000,275.000,275.000,-1,-1,-1,-1,825.000,850.000,-1,-1,2,0,2,0,2,0,0,1,0,2,2,2,2,0,0,2,2
131,-4947.121,-702.745,-23.409,-186.262,-0.993921,-0.108940,-0.015888,0.107980,-0.992779,0.052260,-0.021467,0.050227,0.998507,0,0.89468,-0.39465,53.681,-0.789,-1,400.000,-1,425.000,-1,325.000,325.000,250.000,275.000,-1,-1,-1,-1,825.000,825.000,-1,-1,2,0,2,0,2,0,0,1,0,2,2,2,2,0,0,2,2
132,-5000.099,-696.213,-24.582,-187.029,-0.992351,-0.122210,-0.017440,0.121129,-0.991200,0.053395,-0.023812,0.050874,0.998421,0,0.88965,-0.38331,53.379,-0.767,-1,400.000,-1,400.000,-1,325.000,325.000,250.000,275.000,-1,-1,-1,-1,825.000,825.000,-1,-1,2,0,2,0,2,0,0,1,0,2,2,2,2,0,0,2,2
133,-5052.637,-689.042,-25.804,-187.772,-0.990656,-0.135059,-0.018990,0.133856,-0.989499,0.054530,-0.026156,0.051478,0.998332,0,0.88375,-0.37181,53.025,-0.744,-1,400.000,-1,400.000,-1,325.000,325.000,250.000,275.000,-1,-1,-1,-1,825.000,800.000,-1,-1,2,0,2,0,2,0,0,1,0,2,2,2,2,0,0,2,2
134,-5104.683,-681.271,-27.074,-188.493,-0.988851,-0.147486,-0.020541,0.146158,-0.987694,0.055664,-0.028498,0.052041,0.998238,0,0.87704,-0.36023,52.622,-0.720,-1,400.000,-1,400.000,-1,325.000,325.000,225.000,275.000,-1,-1,-1,-1,825.000,800.000,-1,-1,2,0,2,0,2,0,0,1,0,2,2,2,2,0,0,2,2
135,-5156.188,-672.926,-28.390,-189.202,-0.986918,-0.159703,-0.022094,0.158245,-0.985765,0.056800,-0.030851,0.052560,0.998141,0,0.86960,-0.35481,52.176,-0.710,-1,400.000,-1,400.000,-1,325.000,325.000,225.000,275.000,-1,-1,-1,-1,825.000,800.000,-1,-1,2,0,2,0,2,0,0,1,0,2,2,2,2,0,0,2,2
136,-5207.108,-664.032,-29.816,-189.908,-0.984848,-0.171820,-0.023490,0.170247,-0.983714,0.057646,-0.033012,0.052774,0.998061,0,0.86151,-0.35254,51.691,-0.705,-1,400.000,-1,400.000,-1,325.000,325.000,225.000,275.000,-1,-1,-1,-1,800.000,775.000,-1,-1,2,0,2,0,2,0,0,1,0,2,2,2,2,0,0,2,2
