timestep,x_cm,y_cm,z_cm,yaw_deg,basis_xx,basis_xy,basis_xz,basis_yx,basis_yy,basis_yz,basis_zx,basis_zy,basis_zz,teleport_flag,throttle_cmd,steering_cmd,cmd_move_cm,cmd_turn_deg,lidar_cm_0,lidar_cm_1,lidar_cm_2,lidar_cm_3,lidar_cm_4,lidar_cm_5,lidar_cm_6,lidar_cm_7,lidar_cm_8,lidar_cm_9,lidar_cm_10,lidar_cm_11,lidar_cm_12,lidar_cm_13,lidar_cm_14,lidar_cm_15,lidar_cm_16,lidar_class_0,lidar_class_1,lidar_class_2,lidar_class_3,lidar_class_4,lidar_class_5,lidar_class_6,lidar_class_7,lidar_class_8,lidar_class_9,lidar_class_10,lidar_class_11,lidar_class_12,lidar_class_13,lidar_class_14,lidar_class_15,lidar_class_16
0,8850.550,-4917.949,72.171,-18.567,0.943051,0.318183,0.097032,-0.320428,0.947238,0.008088,-0.089339,-0.038719,0.995248,1,-0.08000,-0.12000,-4.800,-0.240,350.000,300.000,-1,350.000,-1,275.000,275.000,275.000,350.000,-1,-1,100.000,-1,475.000,600.000,375.000,-1,0,0,2,0,2,0,0,0,1,2,2,1,2,0,0,0,2
1,-4332.472,-5685.497,-346.539,140.239,-0.756856,-0.636950,-0.146505,0.643363,-0.765547,0.004659,-0.115124,-0.090730,0.989199,1,0.00000,0.00000,-9.600,-0.480,-1,-1,-1,650.000,575.000,600.000,500.000,250.000,300.000,-1,0.000,0.000,-1,-1,750.000,-1,725.000,2,2,2,1,1,1,1,1,0,2,1,1,2,2,1,2,1
2,-4336.150,-5682.412,-347.440,139.999,-0.754127,-0.640088,-0.146901,0.646625,-0.762796,0.004214,-0.114753,-0.091812,0.989142,0,0.08000,-0.12000,4.800,-0.240,-1,-1,-1,650.000,575.000,625.000,500.000,250.000,300.000,-1,0.000,0.000,-1,-1,750.000,-1,700.000,2,2,2,1,1,1,1,1,0,2,1,1,2,2,1,2,1
3,-4343.453,-5676.180,-348.793,139.519,-0.748547,-0.646432,-0.147662,0.652951,-0.757380,0.005623,-0.115471,-0.092207,0.989022,0,0.16000,-0.24000,9.600,-0.480,-1,-1,-1,625.000,575.000,625.000,525.000,250.000,300.000,-1,0.000,0.000,-1,-1,725.000,-1,700.000,2,2,2,1,1,1,1,1,0,2,1,1,2,2,1,2,1
4,8855.084,-9511.018,78.482,-117.893,-0.467304,0.883808,-0.022602,-0.883355,-0.467807,-0.028997,-0.036201,0.006415,0.999324,1,0.00000,0.00000,14.400,-0.720,-1,450.000,-1,425.000,-1,350.000,350.000,300.000,300.000,-1,-1,-1,-1,-1,900.000,-1,-1,2,0,2,0,2,0,0,0,0,2,2,2,2,2,0,2,2
5,8852.820,-9515.251,78.355,-118.133,-0.470988,0.881840,-0.022981,-0.881372,-0.471505,-0.029446,-0.036802,0.006386,0.999302,0,0.08000,-0.12000,4.800,-0.240,-1,450.000,-1,425.000,-1,350.000,350.000,300.000,300.000,-1,-1,-1,-1,-1,900.000,-1,-1,2,0,2,0,2,0,0,0,0,2,2,2,2,2,0,2,2
6,8848.223,-9523.679,78.100,-118.613,-0.478329,0.877860,-0.023745,-0.877359,-0.478876,-0.030330,-0.037996,0.006325,0.999258,0,0.16000,-0.24000,9.600,-0.480,-1,450.000,-1,425.000,-1,350.000,350.000,300.000,300.000,-1,-1,-1,-1,-1,875.000,-1,-1,2,0,2,0,2,0,0,0,0,2,2,2,2,2,0,2,2
7,8841.169,-9536.233,77.715,-119.333,-0.489276,0.871774,-0.024906,-0.871222,-0.489870,-0.031625,-0.039770,0.006225,0.999189,0,0.24000,-0.36000,14.400,-0.720,-1,450.000,-1,425.000,-1,350.000,350.000,300.000,300.000,-1,-1,-1,-1,-1,875.000,-1,-1,2,0,2,0,2,0,0,0,0,2,2,2,2,2,0,2,2
8,8831.484,-9552.811,77.198,-120.293,-0.503748,0.863444,-0.026478,-0.862824,-0.504407,-0.033293,-0.042102,0.006075,0.999095,0,0.32000,-0.48000,19.200,-0.960,-1,450.000,-1,400.000,-1,350.000,325.000,300.000,300.000,-1,-1,-1,-1,-1,850.000,-1,-1,2,0,2,0,2,0,0,0,0,2,2,2,2,2,0,2,2
9,8818.946,-9573.277,76.544,-121.493,-0.521636,0.852693,-0.028479,-0.851983,-0.522380,-0.035282,-0.044962,0.005859,0.998972,0,0.40000,-0.60000,24.000,-1.200,-1,450.000,-1,400.000,-1,350.000,325.000,300.000,275.000,-1,-1,-1,-1,-1,825.000,-1,-1,2,0,2,0,2,0,0,0,0,2,2,2,2,2,0,2,2
10,8803.289,-9597.449,75.749,-122.933,-0.542793,0.839297,-0.030920,-0.838476,-0.543644,-0.037531,-0.048309,0.005554,0.998817,0,0.48000,-0.72000,28.800,-1.440,-1,450.000,-1,400.000,-1,325.000,325.000,325.000,275.000,-1,-1,-1,-1,1000.000,800.000,-1,-1,2,0,2,0,2,0,0,0,0,2,2,2,2,1,0,2,2
11,8784.203,-9625.103,74.711,-124.613,-0.567058,0.823002,-0.033370,-0.822043,-0.568019,-0.039990,-0.051866,0.004755,0.998643,0,0.56000,-0.84000,33.600,-1.680,-1,425.000,-1,400.000,-1,325.000,325.000,325.000,275.000,-1,-1,-1,-1,975.000,775.000,-1,-1,2,0,2,0,2,0,0,0,0,2,2,2,2,1,0,2,2
12,8761.344,-9655.958,72.718,-126.533,-0.594412,0.803518,-0.032140,-0.802398,-0.595280,-0.042408,-0.053208,0.000582,0.998583,0,0.64000,-0.96000,38.400,-1.920,-1,425.000,-1,400.000,-1,325.000,325.000,325.000,275.000,-1,-1,-1,-1,950.000,775.000,-1,-1,2,0,2,0,2,0,0,0,0,2,2,2,2,1,0,2,2
13,8734.452,-9689.767,70.489,-128.500,-0.621744,0.782606,-0.031018,-0.781311,-0.622506,-0.045163,-0.054653,-0.003845,0.998498,0,0.72000,-0.98352,43.200,-1.967,-1,425.000,-1,400.000,-1,325.000,325.000,325.000,300.000,-1,-1,-1,-1,925.000,750.000,-1,-1,2,0,2,0,2,0,0,0,0,2,2,2,2,1,0,2,2
14,8703.387,-9726.359,68.023,-130.331,-0.646534,0.762291,-0.030087,-0.760809,-0.647181,-0.048229,-0.056236,-0.008291,0.998383,0,0.80000,-0.91569,48.000,-1.831,-1,425.000,-1,400.000,-1,325.000,325.000,325.000,300.000,-1,-1,-1,-1,900.000,750.000,-1,-1,2,0,2,0,2,0,0,0,0,2,2,2,2,1,0,2,2
15,8670.518,-9762.676,65.348,-132.149,-0.670493,0.741340,-0.029217,-0.739626,-0.670997,-0.052127,-0.058248,-0.013341,0.998213,0,0.81637,-0.90880,48.982,-1.818,-1,425.000,-1,375.000,-1,325.000,325.000,300.000,300.000,-1,-1,-1,-1,875.000,750.000,1000.000,-1,2,0,2,0,2,0,0,0,0,2,2,2,2,1,0,1,2
16,8636.320,-9798.152,62.524,-133.951,-0.693595,0.719801,-0.028502,-0.717814,-0.693924,-0.056671,-0.060570,-0.018847,0.997986,0,0.82124,-0.90137,49.275,-1.803,975.000,425.000,-1,375.000,-1,325.000,325.000,300.000,300.000,-1,-1,-1,-1,850.000,725.000,950.000,-1,1,0,2,0,2,0,0,0,0,2,2,2,2,1,0,1,2
17,8600.844,-9832.728,59.733,-135.738,-0.715809,0.697733,-0.028034,-0.695483,-0.715951,-0.060966,-0.062609,-0.024143,0.997746,0,0.82563,-0.89348,49.538,-1.787,900.000,425.000,-1,375.000,-1,325.000,325.000,325.000,300.000,-1,-1,-1,-1,825.000,725.000,925.000,-1,1,0,2,0,2,0,0,0,0,2,2,2,2,1,0,1,2
18,8564.148,-9866.348,57.159,-137.509,-0.737163,0.675178,-0.026928,-0.672694,-0.737049,-0.065129,-0.063821,-0.029896,0.997513,0,0.82946,-0.88512,49.768,-1.770,825.000,400.000,-1,375.000,-1,325.000,325.000,325.000,300.000,-1,-1,-1,-1,800.000,700.000,875.000,-1,1,0,2,0,2,0,0,0,0,2,2,2,2,1,0,1,2
19,8526.294,-9898.956,54.617,-139.261,-0.757597,0.652203,-0.026050,-0.649502,-0.757218,-0.069053,-0.064762,-0.035395,0.997273,0,0.83270,-0.87630,49.962,-1.753,775.000,400.000,-1,375.000,-1,325.000,300.000,325.000,300.000,-1,-1,-1,-1,800.000,700.000,850.000,-1,1,0,2,0,2,0,0,0,0,2,2,2,2,1,0,1,2
20,8487.349,-9930.501,51.680,-140.995,-0.777068,0.628905,-0.025391,-0.626135,-0.776501,-0.070725,-0.064195,-0.039060,0.997173,0,0.83528,-0.86702,50.117,-1.734,725.000,400.000,-1,375.000,-1,325.000,300.000,325.000,300.000,-1,-1,-1,-1,775.000,700.000,825.000,-1,1,0,2,0,2,0,0,0,0,2,2,2,2,1,0,1,2
21,8447.389,-9960.933,48.710,-142.710,-0.795603,0.605312,-0.024777,-0.602517,-0.794869,-0.071811,-0.063163,-0.042205,0.997110,0,0.83714,-0.85730,50.229,-1.715,700.000,400.000,-1,375.000,-1,325.000,300.000,325.000,300.000,-1,-1,-1,-1,750.000,700.000,800.000,-1,1,0,2,0,2,0,0,0,0,2,2,2,2,1,0,1,2
22,8410.552,-9987.519,46.071,-144.184,-0.810971,0.584587,-0.024163,-0.581782,-0.810086,-0.072732,-0.062092,-0.044926,0.997059,0,0.75714,-0.73730,45.429,-1.475,675.000,400.000,-1,375.000,-1,325.000,300.000,325.000,300.000,-1,-1,-1,-1,750.000,700.000,775.000,-1,1,0,2,0,2,0,0,0,0,2,2,2,2,1,0,1,2
23,8374.605,-10012.301,43.579,-145.419,-0.823426,0.566935,-0.023537,-0.564128,-0.822404,-0.073563,-0.061063,-0.047296,0.997013,0,0.72769,-0.61730,43.661,-1.235,650.000,400.000,-1,375.000,-1,325.000,300.000,325.000,300.000,-1,-1,-1,-1,750.000,700.000,775.000,-1,1,0,2,0,2,0,0,0,0,2,2,2,2,1,0,1,2
24,8338.241,-10036.450,41.129,-146.414,-0.833186,0.552518,-0.022883,-0.549715,-0.832038,-0.074343,-0.060116,-0.049362,0.996970,0,0.72754,-0.49730,43.652,-0.995,625.000,400.000,-1,375.000,-1,325.000,300.000,325.000,300.000,-1,-1,-1,-1,725.000,700.000,750.000,-1,1,0,2,0,2,0,0,0,0,2,2,2,2,1,0,1,2
25,8301.589,-10060.101,38.785,-147.168,-0.840427,0.541472,-0.022153,-0.538699,-0.839179,-0.074705,-0.059042,-0.050850,0.996960,0,0.72700,-0.37730,43.620,-0.755,600.000,400.000,-1,375.000,-1,325.000,300.000,325.000,300.000,-1,-1,-1,-1,725.000,700.000,725.000,-1,1,0,2,0,2,0,0,0,0,2,2,2,2,1,0,1,2
26,8264.767,-10083.395,36.504,-147.683,-0.845288,0.533884,-0.021348,-0.531157,-0.843963,-0.074826,-0.057965,-0.051910,0.996968,0,0.72618,-0.25730,43.571,-0.515,575.000,400.000,-1,375.000,-1,325.000,300.000,325.000,300.000,-1,-1,-1,-1,700.000,700.000,700.000,-1,1,0,2,0,2,0,0,0,0,2,2,2,2,1,0,1,2
27,8227.886,-10106.479,34.225,-147.957,-0.847869,0.529809,-0.020495,-0.527124,-0.846473,-0.074986,-0.057077,-0.052775,0.996974,0,0.72516,-0.13730,43.510,-0.275,575.000,400.000,-1,375.000,-1,325.000,300.000,325.000,300.000,-1,-1,-1,-1,675.000,700.000,675.000,-1,1,0,2,0,2,0,0,0,0,2,2,2,2,1,0,1,2
28,8191.048,-10129.506,31.743,-147.992,-0.848257,0.529256,-0.018642,-0.526641,-0.846727,-0.075517,-0.055752,-0.054240,0.996970,0,0.72405,-0.01730,43.443,-0.035,525.000,400.000,-1,375.000,-1,325.000,325.000,325.000,300.000,-1,-1,-1,-1,675.000,725.000,650.000,-1,1,0,2,0,2,0,0,0,0,2,2,2,2,1,0,1,2
29,8154.350,-10152.629,29.257,-147.787,-0.846419,0.532252,-0.016799,-0.529703,-0.844767,-0.076051,-0.054670,-0.055473,0.996962,0,0.72293,0.10270,43.376,0.205,500.000,400.000,-1,375.000,-1,325.000,325.000,325.000,300.000,-1,-1,-1,-1,650.000,725.000,625.000,-1,1,0,2,0,2,0,0,0,0,2,2,2,2,1,0,1,2
30,8117.885,-10176.003,26.768,-147.341,-0.842317,0.538773,-0.015013,-0.536284,-0.840558,-0.076557,-0.053866,-0.056434,0.996952,0,0.72190,0.22270,43.314,0.445,475.000,400.000,-1,375.000,-1,325.000,325.000,325.000,300.000,-1,-1,-1,-1,625.000,750.000,575.000,-1,1,0,2,0,2,0,0,0,0,2,2,2,2,1,0,1,2
31,8081.743,-10199.785,24.215,-146.656,-0.835862,0.548774,-0.013497,-0.546328,-0.834029,-0.076949,-0.053484,-0.056945,0.996944,0,0.72108,0.34270,43.265,0.685,450.000,400.000,-1,375.000,-1,325.000,325.000,325.000,300.000,-1,-1,-1,-1,600.000,750.000,550.000,-1,1,0,2,0,2,0,0,0,0,2,2,2,2,1,0,1,2
32,8046.015,-10224.129,21.599,-145.731,-0.826922,0.562168,-0.012884,-0.559686,-0.825052,-0.077715,-0.054319,-0.057054,0.996892,0,0.72056,0.46270,43.234,0.925,425.000,400.000,-1,400.000,-1,325.000,325.000,325.000,300.000,-1,-1,-1,-1,575.000,750.000,500.000,-1,1,0,2,0,2,0,0,0,0,2,2,2,2,1,0,1,2
33,8010.795,-10249.191,19.016,-144.565,-0.815355,0.578829,-0.012385,-0.576274,-0.813443,-0.078855,-0.055719,-0.057158,0.996809,0,0.72046,0.58270,43.227,1.165,375.000,400.000,-1,400.000,-1,325.000,325.000,325.000,300.000,-1,-1,-1,-1,550.000,750.000,450.000,-1,1,0,2,0,2,0,0,0,0,2,2,2,2,1,0,1,2
34,7976.180,-10275.124,16.370,-143.160,-0.800949,0.598613,-0.011949,-0.595971,-0.799012,-0.079991,-0.057431,-0.056947,0.996724,0,0.72087,0.70270,43.252,1.405,350.000,400.000,-1,400.000,-1,325.000,325.000,325.000,300.000,-1,-1,-1,-1,525.000,775.000,400.000,-1,1,1,2,0,2,0,0,0,0,2,2,2,2,1,0,1,2
35,7942.175,-10301.955,13.664,-141.726,-0.785756,0.618430,-0.011496,-0.615699,-0.783793,-0.081134,-0.059186,-0.056673,0.996637,0,0.72193,0.71699,43.316,1.434,300.000,375.000,-1,400.000,-1,325.000,325.000,325.000,300.000,-1,-1,-1,-1,475.000,775.000,350.000,-1,1,1,2,0,2,0,0,0,0,2,2,2,2,1,0,1,2
36,7908.798,-10329.692,10.901,-140.274,-0.769873,0.638102,-0.011004,-0.635279,-0.767886,-0.082288,-0.060958,-0.056361,0.996548,0,0.72331,0.72593,43.398,1.452,275.000,350.000,-1,400.000,-1,325.000,325.000,325.000,300.000,-1,-1,-1,-1,450.000,775.000,325.000,-1,1,1,2,0,2,0,0,0,0,2,2,2,2,1,0,1,2
37,7876.066,-10358.343,8.067,-138.803,-0.753280,0.657615,-0.010541,-0.654696,-0.751273,-0.083439,-0.062790,-0.055952,0.996457,0,0.72501,0.73536,43.500,1.471,250.000,325.000,-1,400.000,-1,325.000,325.000,300.000,300.000,-1,-1,-1,-1,425.000,775.000,275.000,-1,1,1,2,0,2,0,0,0,0,2,2,2,2,1,0,1,2
38,7844.001,-10387.918,5.161,-137.313,-0.735955,0.676955,-0.010107,-0.673933,-0.733934,-0.084592,-0.064682,-0.055444,0.996364,0,0.72704,0.74528,43.622,1.491,200.000,300.000,-1,400.000,-1,300.000,325.000,300.000,300.000,-1,-1,-1,-1,400.000,800.000,225.000,-1,1,1,2,0,2,1,0,0,0,2,2,2,2,1,1,1,2
39,7809.922,-10420.857,3.796,-135.966,-0.719615,0.694293,-0.010561,-0.691730,-0.718119,-0.076255,-0.060528,-0.047569,0.997032,0,0.78994,0.67311,47.397,1.346,175.000,275.000,-1,400.000,-1,300.000,325.000,300.000,300.000,-1,-1,-1,-1,375.000,-1,200.000,-1,1,1,2,0,2,1,0,1,0,2,2,2,2,1,2,1,2
40,7776.433,-10454.785,4.096,-134.615,-0.702600,0.711471,-0.012687,-0.709762,-0.701965,-0.059013,-0.050892,-0.032458,0.998177,0,0.79457,0.67589,47.674,1.352,175.000,275.000,-1,425.000,-1,300.000,350.000,300.000,275.000,-1,725.000,800.000,-1,375.000,-1,200.000,-1,1,1,2,0,2,1,1,1,0,2,0,0,2,1,2,1,2
41,7743.569,-10489.701,4.460,-133.257,-0.685188,0.728186,-0.016230,-0.727190,-0.685177,-0.041552,-0.041378,-0.016668,0.999005,0,0.79917,0.67880,47.950,1.358,175.000,275.000,-1,450.000,-1,275.000,350.000,300.000,275.000,-1,475.000,450.000,-1,400.000,-1,200.000,-1,1,1,2,1,2,1,1,1,0,2,0,0,2,1,2,1,2
42,7711.367,-10525.595,4.790,-131.893,-0.667424,0.744389,-0.020713,-0.744004,-0.667745,-0.023969,-0.031673,-0.000587,0.999498,0,0.80372,0.68187,48.223,1.364,175.000,275.000,-1,450.000,-1,275.000,350.000,300.000,275.000,-1,375.000,200.000,-1,400.000,-1,200.000,-1,1,1,2,1,2,1,1,1,0,2,0,0,2,1,2,1,2
43,7679.860,-10562.456,5.084,-130.523,-0.649338,0.760050,-0.026161,-0.760188,-0.649673,-0.006301,-0.021785,0.015796,0.999638,0,0.80821,0.68514,48.492,1.370,175.000,275.000,-1,475.000,-1,275.000,350.000,300.000,250.000,-1,300.000,125.000,-1,425.000,-1,175.000,-1,1,1,2,1,2,1,1,1,0,2,0,0,2,1,2,1,2
44,7649.085,-10600.271,5.114,-129.146,-0.630971,0.775111,-0.032830,-0.775728,-0.630944,0.012480,-0.011041,0.033341,0.999383,0,0.81259,0.68864,48.755,1.377,150.000,275.000,-1,500.000,-1,300.000,350.000,300.000,250.000,-1,250.000,75.000,700.000,425.000,-1,175.000,-1,1,1,2,1,2,1,1,1,0,2,0,0,0,1,2,1,2
45,7619.081,-10639.024,5.046,-127.761,-0.612370,0.789526,-0.040634,-0.790571,-0.611557,0.031544,0.000055,0.051440,0.998676,0,0.81685,0.69242,49.011,1.385,150.000,300.000,-1,575.000,-1,300.000,375.000,300.000,250.000,-1,225.000,50.000,500.000,475.000,-1,175.000,-1,1,1,2,1,2,1,1,1,0,2,0,0,0,1,2,1,2
46,7589.887,-10678.695,4.935,-126.368,-0.593568,0.803257,-0.049553,-0.804704,-0.591516,0.050596,0.011330,0.069908,0.997489,0,0.82093,0.69655,49.256,1.393,150.000,300.000,-1,-1,-1,300.000,375.000,300.000,250.000,-1,200.000,50.000,375.000,500.000,-1,150.000,-1,1,1,2,2,2,1,1,1,0,2,0,0,0,1,2,1,2
47,7558.731,-10722.870,5.928,-125.215,-0.578353,0.814007,-0.053860,-0.815321,-0.574532,0.071868,0.027557,0.085478,0.995959,0,0.90093,0.57655,54.056,1.153,150.000,325.000,-1,-1,-1,325.000,425.000,300.000,250.000,-1,200.000,25.000,300.000,-1,-1,150.000,-1,1,1,2,2,2,1,1,1,0,2,0,0,0,2,2,1,2
48,-4919.483,-2295.769,-184.882,-27.643,0.882906,0.463900,-0.072618,-0.460678,0.885724,0.057164,0.090838,-0.017017,0.995720,1,0.00000,0.00000,56.498,0.913,-1,550.000,-1,675.000,175.000,475.000,525.000,300.000,175.000,250.000,0.000,100.000,-1,-1,925.000,-1,-1,2,0,2,1,1,0,0,0,1,1,1,1,2,2,1,2,2
49,-7540.176,324.254,-155.677,-50.663,0.634047,0.773295,0.000328,-0.772980,0.633777,0.028800,0.022063,-0.018514,0.999585,1,0.08000,0.00519,4.800,0.010,275.000,150.000,200.000,175.000,800.000,125.000,150.000,400.000,300.000,-1,400.000,225.000,925.000,175.000,200.000,200.000,325.000,1,1,1,1,1,1,1,0,0,2,0,0,0,1,1,1,1
50,-7534.090,316.830,-153.916,-50.652,0.634156,0.773193,-0.004289,-0.772701,0.633933,0.032595,0.027921,-0.017356,0.999459,0,0.16000,0.00530,9.600,0.011,275.000,150.000,200.000,175.000,800.000,125.000,150.000,400.000,300.000,-1,325.000,200.000,875.000,175.000,200.000,200.000,325.000,1,1,1,1,1,1,1,0,0,2,0,0,0,1,1,1,1
51,-7524.958,305.695,-151.174,-50.641,0.634190,0.773092,-0.011442,-0.772290,0.634102,0.038517,0.037032,-0.015591,0.999192,0,0.24000,0.00558,14.400,0.011,275.000,150.000,200.000,175.000,825.000,125.000,150.000,425.000,300.000,1000.000,275.000,175.000,800.000,175.000,200.000,200.000,325.000,1,1,1,1,1,1,1,0,0,1,0,0,0,1,1,1,1
52,6231.356,-4263.566,80.035,-85.095,0.087218,0.995970,-0.020898,-0.993619,0.085468,-0.073598,-0.071516,0.027184,0.997069,1,0.00000,0.00000,19.200,0.012,925.000,375.000,-1,375.000,-1,325.000,300.000,325.000,325.000,-1,-1,-1,-1,675.000,675.000,-1,-1,1,0,2,0,2,0,0,0,0,2,2,2,2,0,0,2,2
53,6231.747,-4268.350,79.687,-85.335,0.083035,0.996327,-0.020909,-0.993973,0.081296,-0.073538,-0.071568,0.026889,0.997073,0,0.08000,-0.12000,4.800,-0.240,925.000,375.000,-1,375.000,-1,325.000,300.000,325.000,325.000,-1,-1,-1,-1,675.000,675.000,-1,-1,1,0,2,0,2,0,0,0,0,2,2,2,2,0,0,2,2
54,6232.447,-4277.924,78.990,-85.815,0.074665,0.996989,-0.020935,-0.994630,0.072947,-0.073420,-0.071672,0.026304,0.997081,0,0.16000,-0.24000,9.600,-0.480,925.000,375.000,-1,375.000,-1,325.000,300.000,325.000,325.000,-1,-1,-1,-1,675.000,675.000,-1,-1,1,0,2,0,2,0,0,0,0,2,2,2,2,0,0,2,2
55,6233.317,-4292.298,77.939,-86.535,0.062102,0.997849,-0.020983,-0.995482,0.060414,-0.073247,-0.071822,0.025437,0.997093,0,0.24000,-0.36000,14.400,-0.720,925.000,375.000,-1,375.000,-1,325.000,300.000,325.000,325.000,-1,-1,-1,-1,675.000,675.000,-1,-1,1,0,2,0,2,0,0,0,0,2,2,2,2,0,0,2,2
56,6234.157,-4311.480,76.532,-87.492,0.045399,0.998747,-0.021062,-0.996370,0.043751,-0.073025,-0.072012,0.024301,0.997108,0,0.32000,-0.47823,19.200,-0.956,950.000,375.000,-1,375.000,-1,325.000,325.000,325.000,325.000,-1,-1,-1,-1,650.000,675.000,-1,-1,1,0,2,0,2,0,0,0,0,2,2,2,2,0,0,2,2
57,6234.816,-4335.471,74.766,-88.427,0.029061,0.999353,-0.021192,-0.996972,0.027449,-0.072753,-0.072124,0.023242,0.997125,0,0.40000,-0.46746,24.000,-0.935,950.000,375.000,-1,375.000,-1,300.000,300.000,325.000,325.000,-1,-1,-1,-1,650.000,675.000,-1,-1,1,0,2,0,2,0,0,0,0,2,2,2,2,0,0,2,2
58,6235.149,-4364.269,72.638,-89.337,0.013151,0.999685,-0.021380,-0.997306,0.011570,-0.072433,-0.072163,0.022275,0.997144,0,0.48000,-0.45512,28.800,-0.910,975.000,375.000,-1,375.000,-1,300.000,300.000,325.000,325.000,-1,-1,-1,-1,650.000,675.000,-1,-1,1,0,2,0,2,0,0,0,0,2,2,2,2,0,0,2,2
59,6235.020,-4397.868,70.145,-90.219,-0.002274,0.999763,-0.021631,-0.997393,-0.003828,-0.072065,-0.072131,0.021411,0.997165,0,0.56000,-0.44124,33.600,-0.882,975.000,375.000,-1,375.000,-1,300.000,300.000,325.000,325.000,-1,-1,-1,-1,650.000,650.000,-1,-1,1,0,2,0,2,0,0,0,0,2,2,2,2,0,0,2,2
60,6234.302,-4436.262,67.285,-91.071,-0.017156,0.999612,-0.021951,-0.997255,-0.018689,-0.071647,-0.072030,0.020662,0.997188,0,0.64000,-0.42586,38.400,-0.852,1000.000,375.000,-1,375.000,-1,300.000,300.000,325.000,325.000,-1,-1,-1,-1,625.000,650.000,-1,-1,1,0,2,0,2,0,0,0,0,2,2,2,2,0,0,2,2
61,6232.884,-4479.067,64.081,-91.897,-0.031581,0.999252,-0.022338,-0.996914,-0.033099,-0.071185,-0.071871,0.020021,0.997213,0,0.71381,-0.41302,42.828,-0.826,1000.000,350.000,-1,375.000,-1,300.000,300.000,325.000,325.000,-1,-1,-1,-1,625.000,650.000,-1,-1,1,0,2,0,2,0,0,0,0,2,2,2,2,0,0,2,2
62,6230.883,-4521.305,60.905,-92.712,-0.045807,0.998692,-0.022737,-0.996373,-0.047311,-0.070731,-0.071715,0.019415,0.997236,0,0.70476,-0.40755,42.286,-0.815,1000.000,350.000,-1,375.000,-1,300.000,300.000,325.000,325.000,-1,-1,-1,-1,625.000,650.000,-1,-1,1,0,2,0,2,0,0,0,0,2,2,2,2,0,0,2,2
63,6228.324,-4562.932,57.759,-93.518,-0.059860,0.997938,-0.023146,-0.995638,-0.061352,-0.070287,-0.071562,0.018837,0.997258,0,0.69509,-0.40290,41.706,-0.806,-1,350.000,-1,350.000,-1,300.000,300.000,325.000,325.000,-1,-1,-1,-1,600.000,625.000,-1,-1,2,0,2,0,2,0,0,0,0,2,2,2,2,0,0,2,2
64,6225.231,-4603.910,55.037,-94.316,-0.073674,0.996968,-0.025052,-0.994778,-0.075245,-0.068961,-0.070637,0.019840,0.997305,0,0.68492,-0.39907,41.095,-0.798,-1,350.000,-1,350.000,-1,300.000,300.000,325.000,325.000,-1,-1,600.000,-1,600.000,625.000,-1,-1,2,0,2,0,2,0,0,0,0,2,2,0,2,0,0,2,2
65,6221.628,-4644.210,52.921,-95.108,-0.087463,0.995828,-0.026010,-0.993815,-0.089020,-0.066382,-0.068421,0.020043,0.997455,0,0.67435,-0.39604,40.461,-0.792,-1,350.000,-1,350.000,-1,300.000,300.000,325.000,325.000,-1,-1,525.000,-1,600.000,625.000,-1,-1,2,0,2,0,2,0,0,0,0,2,2,0,2,0,0,2,2
66,6217.539,-4683.809,50.948,-95.896,-0.101200,0.994515,-0.026411,-0.992682,-0.102700,-0.063521,-0.065885,0.019789,0.997631,0,0.66351,-0.39380,39.811,-0.788,-1,350.000,-1,350.000,-1,300.000,300.000,325.000,325.000,-1,-1,450.000,-1,625.000,650.000,-1,-1,2,0,2,0,2,0,0,0,0,2,2,0,2,0,0,2,2
67,6212.985,-4722.694,48.993,-96.680,-0.114867,0.993021,-0.026745,-0.991356,-0.116310,-0.060711,-0.063398,0.019541,0.997797,0,0.65252,-0.39231,39.151,-0.785,-1,350.000,-1,375.000,-1,300.000,300.000,325.000,325.000,-1,675.000,400.000,-1,625.000,650.000,-1,-1,2,0,2,0,2,0,0,0,0,2,0,0,2,0,0,2,2
68,6207.985,-4760.857,47.059,-97.464,-0.128488,0.991343,-0.027015,-0.989836,-0.129872,-0.057954,-0.060960,0.019294,0.997954,0,0.64149,-0.39157,38.489,-0.783,-1,350.000,-1,375.000,-1,300.000,300.000,325.000,325.000,-1,600.000,375.000,-1,625.000,650.000,-1,-1,2,0,2,0,2,0,0,0,0,2,0,0,2,0,0,2,2
69,6202.559,-4798.297,45.144,-98.247,-0.142085,0.989480,-0.027218,-0.988120,-0.143409,-0.055251,-0.058573,0.019044,0.998101,0,0.63053,-0.39153,37.832,-0.783,-1,350.000,-1,375.000,-1,300.000,300.000,325.000,325.000,-1,550.000,325.000,-1,625.000,675.000,-1,-1,2,0,2,0,2,0,0,0,0,2,0,0,2,0,0,2,2
70,6196.722,-4835.020,43.248,-99.031,-0.155677,0.987429,-0.027356,-0.986206,-0.156941,-0.052603,-0.056235,0.018789,0.998241,0,0.61973,-0.39217,37.184,-0.784,-1,350.000,-1,375.000,-1,300.000,300.000,325.000,325.000,-1,500.000,325.000,-1,625.000,675.000,-1,-1,2,0,2,0,2,0,0,0,0,2,0,0,2,0,0,2,2
71,6190.489,-4871.036,41.372,-99.818,-0.169284,0.985186,-0.027428,-0.984090,-0.170488,-0.050010,-0.053945,0.018526,0.998372,0,0.60919,-0.39345,36.552,-0.787,-1,350.000,-1,375.000,-1,300.000,300.000,325.000,325.000,-1,450.000,300.000,-1,650.000,675.000,-1,-1,2,0,2,0,2,0,0,0,0,2,0,0,2,0,0,2,2
72,6183.873,-4906.360,39.515,-100.609,-0.182925,0.982744,-0.027435,-0.981766,-0.184068,-0.047472,-0.051702,0.018251,0.998496,0,0.59898,-0.39534,35.939,-0.791,-1,375.000,-1,375.000,-1,300.000,300.000,325.000,325.000,-1,425.000,275.000,-1,650.000,675.000,-1,-1,2,0,2,0,2,0,0,0,0,2,0,0,2,0,0,2,2
73,6175.989,-4946.329,37.404,-101.159,-0.192425,0.980929,-0.027383,-0.980085,-0.193505,-0.044604,-0.049053,0.018255,0.998629,0,0.67898,-0.27534,40.739,-0.551,-1,375.000,-1,375.000,-1,300.000,300.000,325.000,325.000,-1,400.000,250.000,-1,650.000,675.000,-1,-1,2,0,2,0,2,0,0,0,0,2,0,0,2,0,0,2,2
74,6166.934,-4990.958,35.043,-101.470,-0.197808,0.979861,-0.027287,-0.979161,-0.198820,-0.041404,-0.045995,0.018528,0.998770,0,0.75898,-0.15534,45.539,-0.311,-1,375.000,-1,375.000,-1,300.000,300.000,325.000,350.000,-1,350.000,225.000,-1,650.000,700.000,-1,-1,2,0,2,0,2,0,0,0,0,2,0,0,2,0,0,2,2
75,6156.914,-5040.031,32.445,-101.541,-0.199087,0.979605,-0.027164,-0.979058,-0.200026,-0.037882,-0.042543,0.019053,0.998913,0,0.83476,-0.03534,50.085,-0.071,-1,375.000,-1,375.000,-1,300.000,300.000,325.000,325.000,-1,300.000,200.000,-1,650.000,700.000,-1,-1,2,0,2,0,2,0,0,0,0,2,0,0,2,0,0,2,2
76,6147.128,-5088.691,29.872,-101.371,-0.196260,0.980179,-0.027058,-0.979775,-0.197128,-0.034382,-0.039034,0.019763,0.999042,0,0.82725,0.08466,49.635,0.169,-1,375.000,-1,375.000,-1,300.000,300.000,325.000,325.000,-1,250.000,200.000,-1,675.000,700.000,-1,-1,2,0,2,0,2,0,0,0,0,2,0,0,2,0,0,2,2
77,6137.551,-5137.037,27.316,-101.204,-0.193471,0.980736,-0.026934,-0.980462,-0.194265,-0.030902,-0.035539,0.020429,0.999159,0,0.82143,0.08357,49.286,0.167,1000.000,375.000,-1,375.000,-1,300.000,300.000,300.000,325.000,-1,225.000,175.000,-1,675.000,700.000,-1,-1,1,0,2,0,2,0,0,0,0,2,0,0,2,0,0,2,2
78,6128.164,-5185.105,24.808,-101.051,-0.190909,0.981238,-0.026956,-0.981080,-0.191635,-0.027526,-0.032176,0.021191,0.999258,0,0.81627,0.07674,48.976,0.153,975.000,375.000,-1,375.000,-1,300.000,300.000,300.000,325.000,-1,200.000,175.000,-1,675.000,725.000,-1,-1,1,0,2,0,2,0,0,0,0,2,0,0,2,0,0,2,2
79,6118.945,-5232.930,22.910,-100.912,-0.188498,0.981629,-0.029558,-0.981615,-0.189244,-0.024874,-0.030011,0.024326,0.999254,0,0.81176,0.06937,48.706,0.139,975.000,375.000,-1,375.000,-1,300.000,300.000,300.000,325.000,-1,225.000,200.000,-1,700.000,725.000,-1,-1,1,0,2,0,2,0,0,0,0,2,0,0,2,1,0,2,2
80,6109.872,-5280.547,21.109,-100.789,-0.186369,0.981946,-0.032367,-0.982091,-0.187121,-0.021966,-0.027626,0.027693,0.999235,0,0.80789,0.06148,48.474,0.123,950.000,375.000,-1,375.000,-1,300.000,300.000,325.000,300.000,-1,250.000,200.000,-1,700.000,725.000,-1,-1,1,0,2,0,2,0,0,0,0,2,0,0,2,1,0,2,2
81,6100.467,-5330.430,19.972,-100.678,-0.184480,0.982287,-0.032849,-0.982475,-0.185215,-0.020922,-0.026635,0.028414,0.999241,0,0.84604,0.05548,50.762,0.111,925.000,375.000,-1,375.000,-1,300.000,300.000,325.000,300.000,-1,300.000,250.000,-1,700.000,725.000,-1,-1,1,0,2,0,2,0,0,0,0,2,0,0,2,0,0,2,2
82,6091.199,-5380.053,18.927,-100.579,-0.182807,0.982597,-0.032928,-0.982821,-0.183509,-0.019696,-0.025396,0.028762,0.999264,0,0.84135,0.04969,50.481,0.099,900.000,375.000,-1,375.000,-1,300.000,325.000,325.000,300.000,-1,325.000,300.000,-1,725.000,725.000,-1,-1,1,0,2,0,2,0,0,0,0,2,0,0,2,0,0,2,2
83,6082.053,-5429.439,17.886,-100.492,-0.181353,0.982865,-0.032977,-0.983121,-0.182021,-0.018485,-0.024171,0.029068,0.999285,0,0.83709,0.04333,50.226,0.087,850.000,375.000,-1,375.000,-1,325.000,325.000,325.000,300.000,-1,375.000,325.000,-1,725.000,725.000,-1,-1,1,0,2,0,2,0,0,0,0,2,0,0,2,0,0,2,2
84,6073.012,-5478.612,16.846,-100.419,-0.180137,0.983088,-0.032995,-0.983373,-0.180770,-0.017287,-0.022959,0.029332,0.999306,0,0.83330,0.03642,49.998,0.073,825.000,375.000,-1,375.000,-1,325.000,325.000,325.000,325.000,-1,400.000,375.000,-1,725.000,750.000,-1,-1,1,0,2,0,2,0,0,0,0,2,0,0,2,0,0,2,2
85,6064.055,-5527.599,15.808,-100.361,-0.179178,0.983264,-0.032982,-0.983576,-0.179775,-0.016102,-0.021762,0.029555,0.999326,0,0.82997,0.02896,49.798,0.058,800.000,375.000,-1,375.000,-1,325.000,325.000,325.000,325.000,-1,425.000,400.000,-1,725.000,750.000,-1,-1,1,0,2,0,2,0,0,0,0,2,0,0,2,0,0,2,2
86,6055.166,-5576.424,14.770,-100.319,-0.178492,0.983390,-0.032938,-0.983726,-0.179053,-0.014928,-0.020578,0.029738,0.999346,0,0.82714,0.02098,49.628,0.042,800.000,375.000,-1,375.000,-1,325.000,325.000,325.000,325.000,-1,475.000,450.000,-1,750.000,775.000,-1,-1,1,0,2,0,2,0,0,0,0,2,0,0,2,0,0,2,2
87,6046.322,-5625.116,13.731,-100.294,-0.178099,0.983464,-0.032864,-0.983821,-0.178624,-0.013766,-0.019409,0.029880,0.999365,0,0.82481,0.01250,49.488,0.025,775.000,375.000,-1,400.000,-1,325.000,325.000,325.000,325.000,-1,500.000,475.000,-1,750.000,775.000,-1,-1,1,0,2,0,2,0,0,0,0,2,0,0,2,0,0,2,2
88,6037.504,-5673.701,12.690,-100.287,-0.178015,0.983482,-0.032757,-0.983859,-0.178503,-0.012615,-0.018254,0.029983,0.999384,0,0.82299,0.00351,49.379,0.007,750.000,400.000,-1,400.000,-1,325.000,325.000,300.000,325.000,-1,525.000,500.000,-1,750.000,775.000,-1,-1,1,0,2,0,2,0,0,0,0,2,0,0,2,0,0,2,2
89,6027.749,-5726.995,11.540,-100.372,-0.179514,0.983215,-0.032594,-0.983608,-0.179962,-0.011361,-0.017036,0.030020,0.999404,0,0.90299,-0.04253,54.179,-0.085,725.000,400.000,-1,400.000,-1,325.000,325.000,300.000,325.000,-1,575.000,550.000,-1,775.000,800.000,-1,-1,1,0,2,0,2,0,0,0,0,2,0,0,2,0,0,2,2
90,6017.801,-5780.875,10.368,-100.461,-0.181081,0.982935,-0.032383,-0.983341,-0.181489,-0.010112,-0.015816,0.030012,0.999424,0,0.91318,-0.04448,54.791,-0.089,725.000,400.000,-1,400.000,-1,325.000,325.000,300.000,325.000,-1,600.000,575.000,-1,775.000,800.000,-1,-1,1,0,2,0,2,0,0,0,0,2,0,0,2,0,0,2,2
91,6007.731,-5834.923,9.187,-100.554,-0.182715,0.982640,-0.032141,-0.983058,-0.183082,-0.008859,-0.014589,0.029977,0.999444,0,0.91631,-0.04645,54.978,-0.093,700.000,400.000,-1,400.000,-1,325.000,325.000,300.000,325.000,-1,575.000,575.000,-1,775.000,825.000,-1,-1,1,0,2,0,2,0,0,0,0,2,0,0,2,0,0,2,2
92,5997.536,-5889.135,8.172,-100.651,-0.184381,0.982311,-0.032697,-0.982753,-0.184738,-0.008219,-0.014114,0.030618,0.999432,0,0.91937,-0.04838,55.162,-0.097,700.000,400.000,-1,400.000,-1,325.000,325.000,300.000,300.000,-1,575.000,600.000,-1,800.000,825.000,-1,-1,1,0,2,0,2,0,0,0,0,2,0,0,2,0,0,2,2
93,5987.213,-5943.502,7.170,-100.751,-0.186105,0.981972,-0.033112,-0.982431,-0.186458,-0.007887,-0.013919,0.031063,0.999421,0,0.92231,-0.05026,55.338,-0.101,700.000,400.000,-1,400.000,-1,325.000,325.000,300.000,300.000,-1,600.000,625.000,-1,800.000,850.000,-1,-1,1,0,2,0,2,0,0,0,0,2,0,0,2,0,0,2,2
94,5976.760,-5998.012,6.199,-100.856,-0.187860,0.981623,-0.033529,-0.982085,-0.188242,-0.008580,-0.014734,0.031316,0.999401,0,0.92506,-0.05208,55.503,-0.104,700.000,400.000,-1,400.000,-1,325.000,325.000,300.000,300.000,-1,700.000,700.000,-1,800.000,850.000,-1,-1,1,0,2,0,2,0,0,0,0,2,0,0,2,0,0,2,2
95,5966.176,-6052.650,5.157,-100.963,-0.189665,0.981255,-0.034156,-0.981723,-0.190083,-0.009412,-0.015728,0.031747,0.999372,0,0.92756,-0.05382,55.654,-0.108,700.000,400.000,-1,400.000,-1,325.000,325.000,300.000,300.000,-1,850.000,800.000,-1,800.000,850.000,-1,-1,1,0,2,0,2,0,0,0,0,2,0,0,2,0,0,2,2
96,5955.460,-6107.398,4.097,-101.074,-0.191525,0.980872,-0.034773,-0.981345,-0.191981,-0.010265,-0.016745,0.032158,0.999343,0,0.92977,-0.05550,55.786,-0.111,725.000,400.000,-1,400.000,-1,325.000,325.000,300.000,300.000,-1,925.000,900.000,-1,800.000,850.000,-1,-1,1,0,2,0,2,0,0,1,0,2,0,0,2,0,0,2,2
97,5944.281,-6163.035,2.996,-101.361,-0.196386,0.979888,-0.035374,-0.980363,-0.196884,-0.011150,-0.017890,0.032489,0.999312,0,0.94581,-0.14334,56.749,-0.287,750.000,400.000,-1,400.000,-1,325.000,325.000,275.000,300.000,-1,-1,975.000,-1,775.000,850.000,-1,-1,1,0,2,0,2,0,0,1,0,2,2,0,2,0,0,2,2
98,5932.809,-6218.679,1.871,-101.650,-0.201284,0.978872,-0.035969,-0.979347,-0.201825,-0.012057,-0.019062,0.032799,0.999280,0,0.94690,-0.14458,56.814,-0.289,775.000,400.000,-1,400.000,-1,325.000,325.000,275.000,300.000,-1,-1,-1,-1,775.000,850.000,-1,-1,1,0,2,0,2,0,0,1,0,2,2,2,2,0,0,2,2
99,5921.045,-6274.303,0.720,-101.942,-0.206218,0.977823,-0.036557,-0.978296,-0.206803,-0.012988,-0.020260,0.033085,0.999247,0,0.94757,-0.14583,56.854,-0.292,800.000,400.000,-1,400.000,-1,325.000,325.000,275.000,300.000,-1,-1,-1,-1,775.000,875.000,-1,-1,1,0,2,0,2,0,0,1,0,2,2,2,2,0,0,2,2
100,5908.992,-6329.879,-0.455,-102.236,-0.211189,0.976739,-0.037137,-0.977209,-0.211821,-0.013941,-0.021483,0.033347,0.999213,0,0.94781,-0.14715,56.869,-0.294,825.000,400.000,-1,400.000,-1,325.000,325.000,250.000,300.000,-1,-1,-1,-1,775.000,875.000,-1,-1,1,0,2,0,2,0,0,1,0,2,2,2,2,0,0,2,2
101,5896.641,-6385.380,-1.656,-102.546,-0.216420,0.975572,-0.037708,-0.976036,-0.217099,-0.014918,-0.022739,0.033576,0.999177,0,0.94764,-0.15495,56.859,-0.310,850.000,400.000,-1,400.000,-1,325.000,325.000,250.000,300.000,-1,-1,-1,-1,775.000,875.000,-1,-1,1,0,2,0,2,0,0,1,0,2,2,2,2,0,0,2,2
102,5883.990,-6440.740,-2.889,-102.873,-0.221925,0.974311,-0.038307,-0.974767,-0.222655,-0.015935,-0.024055,0.033804,0.999139,0,0.94644,-0.16331,56.786,-0.327,950.000,400.000,-1,400.000,-1,325.000,325.000,250.000,300.000,-1,-1,-1,-1,775.000,875.000,-1,-1,1,0,2,0,2,0,0,1,0,2,2,2,2,0,0,2,2
103,5871.130,-6495.590,-4.184,-103.195,-0.227349,0.973033,-0.038985,-0.973481,-0.228136,-0.017013,-0.025448,0.034083,0.999095,0,0.93895,-0.16131,56.337,-0.323,-1,400.000,-1,400.000,-1,325.000,325.000,250.000,300.000,-1,-1,-1,-1,775.000,875.000,-1,-1,2,0,2,0,2,0,0,1,0,2,2,2,2,0,0,2,2
104,5858.074,-6549.906,-5.579,-103.515,-0.232726,0.971748,-0.039307,-0.972172,-0.233562,-0.018155,-0.026823,0.033988,0.999062,0,0.93106,-0.15983,55.864,-0.320,-1,400.000,-1,400.000,-1,325.000,325.000,250.000,300.000,-1,-1,-1,-1,775.000,875.000,-1,-1,2,0,2,0,2,0,0,1,0,2,2,2,2,0,0,2,2
105,5844.835,-6603.675,-7.014,-103.833,-0.238062,0.970443,-0.039595,-0.970840,-0.238948,-0.019341,-0.028230,0.033837,0.999029,0,0.92290,-0.15887,55.374,-0.318,-1,400.000,-1,425.000,-1,325.000,325.000,250.000,300.000,-1,-1,-1,-1,750.000,875.000,-1,-1,2,0,2,0,2,0,0,1,0,2,2,2,2,0,0,2,2
106,5831.421,-6656.886,-8.723,-104.149,-0.243363,0.969082,-0.040682,-0.969492,-0.244305,-0.019991,-0.029312,0.034576,0.998972,0,0.91461,-0.15843,54.876,-0.317,-1,400.000,-1,425.000,-1,325.000,325.000,250.000,300.000,-1,-1,-1,-1,750.000,875.000,-1,-1,2,0,2,0,2,0,0,1,0,2,2,2,2,0,0,2,2
107,5817.836,-6709.542,-10.526,-104.466,-0.248640,0.967682,-0.042064,-0.968112,-0.249654,-0.020800,-0.030630,0.035551,0.998898,0,0.90633,-0.15849,54.380,-0.317,-1,400.000,-1,425.000,-1,325.000,325.000,250.000,300.000,-1,-1,-1,-1,750.000,875.000,-1,-1,2,0,2,0,2,0,0,1,0,2,2,2,2,0,0,2,2
108,5804.084,-6761.650,-12.354,-104.784,-0.253924,0.966248,-0.043436,-0.966696,-0.255014,-0.021628,-0.031975,0.036498,0.998822,0,0.89820,-0.15904,53.892,-0.318,-1,400.000,-1,425.000,-1,325.000,325.000,250.000,300.000,-1,-1,-1,-1,750.000,850.000,-1,-1,2,0,2,0,2,0,0,1,0,2,2,2,2,0,0,2,2
109,5790.164,-6813.226,-14.206,-105.105,-0.259231,0.964776,-0.044800,-0.965239,-0.260400,-0.022474,-0.033348,0.037416,0.998743,0,0.89035,-0.16006,53.421,-0.320,-1,400.000,-1,425.000,-1,325.000,325.000,275.000,300.000,-1,-1,-1,-1,750.000,850.000,-1,-1,2,0,2,0,2,0,0,1,0,2,2,2,2,0,0,2,2
110,5776.072,-6864.290,-16.084,-105.428,-0.264577,0.963259,-0.046155,-0.963738,-0.265827,-0.023339,-0.034750,0.038306,0.998662,0,0.88288,-0.16154,52.973,-0.323,-1,400.000,-1,425.000,-1,325.000,325.000,275.000,300.000,-1,-1,-1,-1,725.000,850.000,-1,-1,2,0,2,0,2,0,0,1,0,2,2,2,2,0,0,2,2
111,5761.803,-6914.869,-17.988,-105.755,-0.269975,0.961695,-0.047503,-0.962187,-0.271309,-0.024223,-0.036183,0.039167,0.998577,0,0.87588,-0.16346,52.553,-0.327,-1,400.000,-1,400.000,-1,325.000,325.000,275.000,300.000,-1,-1,-1,-1,725.000,850.000,-1,-1,2,0,2,0,2,0,0,1,0,2,2,2,2,0,0,2,2
112,5747.349,-6964.992,-19.920,-106.086,-0.275438,0.960077,-0.048845,-0.960581,-0.276861,-0.025126,-0.037646,0.039999,0.998490,0,0.86944,-0.16578,52.166,-0.332,-1,400.000,-1,400.000,-1,325.000,325.000,300.000,300.000,-1,-1,-1,-1,725.000,825.000,-1,-1,2,0,2,0,2,0,0,1,0,2,2,2,2,0,0,2,2
113,5732.699,-7014.694,-21.882,-106.423,-0.280979,0.958401,-0.050183,-0.958915,-0.282493,-0.026050,-0.039143,0.040802,0.998400,0,0.86359,-0.16849,51.815,-0.337,-1,375.000,-1,400.000,-1,325.000,325.000,300.000,300.000,-1,-1,-1,-1,725.000,825.000,-1,-1,2,0,2,0,2,0,0,1,0,2,2,2,2,0,0,2,2
114,5717.842,-7064.008,-23.874,-106.766,-0.286608,0.956662,-0.051518,-0.957184,-0.288219,-0.026995,-0.040674,0.041575,0.998307,0,0.85838,-0.17156,51.503,-0.343,-1,375.000,-1,400.000,-1,325.000,325.000,300.000,300.000,-1,-1,-1,-1,700.000,825.000,-1,-1,2,0,2,0,2,0,0,1,0,2,2,2,2,0,0,2,2
115,5702.765,-7112.969,-25.937,-107.116,-0.292338,0.954848,-0.052951,-0.955387,-0.294045,-0.027816,-0.042130,0.042457,0.998210,0,0.85384,-0.17498,51.230,-0.350,-1,375.000,-1,400.000,-1,325.000,325.000,300.000,300.000,-1,-1,-1,-1,700.000,825.000,-1,-1,2,0,2,0,2,0,0,0,0,2,2,2,2,0,0,2,2
116,5687.452,-7161.614,-28.041,-107.474,-0.298193,0.952962,-0.054272,-0.953521,-0.299985,-0.028410,-0.043355,0.043278,0.998122,0,0.84996,-0.17871,50.997,-0.357,-1,375.000,-1,400.000,-1,325.000,325.000,300.000,300.000,-1,-1,-1,-1,700.000,800.000,-1,-1,2,0,2,0,2,0,0,0,0,2,2,2,2,0,0,2,2
117,5671.889,-7209.976,-30.026,-107.839,-0.304169,0.950969,-0.056033,-0.951598,-0.306039,-0.028319,-0.044078,0.044707,0.998027,0,0.84674,-0.18274,50.804,-0.365,-1,375.000,-1,400.000,-1,325.000,325.000,300.000,300.000,-1,-1,-1,-1,700.000,800.000,-1,-1,2,0,2,0,2,0,0,0,0,2,2,2,2,0,0,2,2
118,5656.058,-7258.089,-32.055,-108.213,-0.310275,0.948891,-0.057756,-0.949589,-0.312222,-0.028249,-0.044838,0.046079,0.997931,0,0.84417,-0.18706,50.650,-0.374,-1,375.000,-1,400.000,-1,325.000,325.000,300.000,300.000,-1,-1,-1,-1,700.000,800.000,-1,-1,2,0,2,0,2,0,0,0,0,2,2,2,2,0,0,2,2
119,5641.277,-7301.491,-34.034,-108.808,-0.320021,0.945540,-0.059513,-0.946318,-0.322037,-0.027845,-0.045494,0.047407,0.997839,0,0.76417,-0.29741,45.850,-0.595,-1,375.000,-1,400.000,-1,325.000,325.000,300.000,300.000,800.000,-1,-1,-1,700.000,800.000,-1,-1,2,0,2,0,2,0,0,0,0,1,2,2,2,0,0,2,2
120,5627.639,-7340.210,-35.788,-109.405,-0.329799,0.942096,-0.060718,-0.942938,-0.331851,-0.027252,-0.045823,0.048265,0.997783,0,0.68417,-0.29829,41.050,-0.597,-1,375.000,-1,400.000,-1,325.000,325.000,300.000,300.000,750.000,-1,-1,-1,675.000,800.000,-1,-1,2,0,2,0,2,0,0,0,0,1,2,2,2,0,0,2,2
121,5615.238,-7374.274,-37.334,-110.003,-0.339598,0.938554,-0.061557,-0.939442,-0.341669,-0.026672,-0.046065,0.048772,0.997747,0,0.60417,-0.29937,36.250,-0.599,-1,375.000,-1,400.000,-1,325.000,325.000,300.000,300.000,725.000,-1,-1,-1,675.000,800.000,-1,-1,2,0,2,0,2,0,0,0,0,1,2,2,2,0,0,2,2
122,5604.170,-7403.712,-38.713,-110.604,-0.349401,0.934902,-0.062273,-0.935825,-0.351490,-0.026184,-0.046368,0.049128,0.997716,0,0.52417,-0.30055,31.450,-0.601,-1,375.000,-1,400.000,-1,325.000,325.000,300.000,300.000,725.000,-1,-1,-1,675.000,800.000,-1,-1,2,0,2,0,2,0,0,0,0,1,2,2,2,0,0,2,2
123,5594.530,-7428.558,-39.911,-111.208,-0.359207,0.931138,-0.062869,-0.932088,-0.361314,-0.025783,-0.046723,0.049338,0.997689,0,0.44417,-0.30176,26.650,-0.604,-1,375.000,-1,400.000,-1,325.000,325.000,300.000,300.000,725.000,-1,-1,-1,675.000,800.000,-1,-1,2,0,2,0,2,0,0,0,0,1,2,2,2,0,0,2,2
124,5586.410,-7448.844,-40.917,-111.814,-0.369014,0.927262,-0.063350,-0.928228,-0.371138,-0.025466,-0.047125,0.049406,0.997666,0,0.36417,-0.30291,21.850,-0.606,-1,375.000,-1,400.000,-1,325.000,325.000,300.000,300.000,700.000,-1,-1,-1,675.000,800.000,-1,-1,2,0,2,0,2,0,0,0,0,1,2,2,2,0,0,2,2
125,5579.906,-7464.605,-41.720,-112.422,-0.378816,0.923276,-0.063720,-0.924249,-0.380957,-0.025227,-0.047566,0.049337,0.997649,0,0.28417,-0.30396,17.050,-0.608,-1,375.000,-1,400.000,-1,325.000,325.000,300.000,300.000,700.000,-1,-1,-1,675.000,800.000,-1,-1,2,0,2,0,2,0,0,0,0,1,2,2,2,0,0,2,2
126,5575.113,-7475.879,-42.310,-113.031,-0.388608,0.919179,-0.063983,-0.920150,-0.390763,-0.025062,-0.048039,0.049135,0.997636,0,0.20417,-0.30484,12.250,-0.610,-1,375.000,-1,400.000,-1,325.000,325.000,300.000,300.000,700.000,-1,-1,-1,675.000,800.000,-1,-1,2,0,2,0,2,0,0,0,0,1,2,2,2,0,0,2,2
127,5572.125,-7482.704,-42.680,-113.642,-0.398381,0.914974,-0.064143,-0.915935,-0.400550,-0.024967,-0.048537,0.048805,0.997628,0,0.12417,-0.30551,7.450,-0.611,-1,375.000,-1,400.000,-1,325.000,325.000,300.000,300.000,700.000,-1,-1,-1,675.000,800.000,-1,-1,2,0,2,0,2,0,0,0,0,1,2,2,2,0,0,2,2
128,5571.036,-7485.121,-42.822,-114.254,-0.408127,0.910665,-0.064204,-0.911606,-0.410307,-0.024939,-0.049054,0.048350,0.997625,0,0.04417,-0.30594,2.650,-0.612,-1,375.000,-1,400.000,-1,325.000,325.000,300.000,300.000,700.000,-1,-1,-1,700.000,825.000,-1,-1,2,0,2,0,2,0,0,0,0,1,2,2,2,0,0,2,2
129,5571.940,-7483.171,-42.730,-114.867,-0.417835,0.906254,-0.064168,-0.907169,-0.420025,-0.024974,-0.049585,0.047777,0.997627,0,-0.03583,-0.30610,-2.150,-0.612,-1,375.000,-1,400.000,-1,325.000,325.000,300.000,300.000,675.000,-1,-1,-1,700.000,825.000,-1,-1,2,0,2,0,2,0,0,0,0,1,2,2,2,0,0,2,2
130,5574.929,-7476.897,-42.400,-115.478,-0.427497,0.901746,-0.064039,-0.902626,-0.429694,-0.025068,-0.050122,0.047087,0.997632,0,-0.11583,-0.30596,-6.950,-0.612,-1,375.000,-1,400.000,-1,325.000,325.000,300.000,300.000,675.000,-1,-1,-1,700.000,825.000,-1,-1,2,0,2,0,2,0,0,0,0,1,2,2,2,0,0,2,2
131,5580.096,-7466.344,-41.829,-116.089,-0.437100,0.897146,-0.063820,-0.897985,-0.439303,-0.025219,-0.050662,0.046286,0.997643,0,-0.19583,-0.30553,-11.750,-0.611,-1,375.000,-1,400.000,-1,325.000,325.000,300.000,300.000,650.000,-1,-1,-1,700.000,825.000,-1,-1,2,0,2,0,2,0,0,0,0,1,2,2,2,0,0,2,2
132,5587.531,-7451.559,-41.014,-116.699,-0.446637,0.892458,-0.063512,-0.893249,-0.448842,-0.025426,-0.051198,0.045376,0.997657,0,-0.27583,-0.30479,-16.550,-0.610,-1,375.000,-1,400.000,-1,325.000,325.000,300.000,300.000,650.000,-1,-1,-1,700.000,825.000,-1,-1,2,0,2,0,2,0,0,0,0,1,2,2,2,0,0,2,2
133,5597.324,-7432.589,-39.958,-117.307,-0.456095,0.887690,-0.063118,-0.888426,-0.458300,-0.025685,-0.051727,0.044361,0.997676,0,-0.35583,-0.30374,-21.350,-0.607,-1,375.000,-1,400.000,-1,325.000,325.000,300.000,300.000,625.000,-1,-1,-1,700.000,825.000,-1,-1,2,0,2,0,2,0,0,0,0,1,2,2,2,0,0,2,2
134,5608.563,-7411.372,-38.769,-117.911,-0.465464,0.882844,-0.062681,-0.883523,-0.467666,-0.025970,-0.052242,0.043292,0.997696,0,-0.40015,-0.30241,-24.009,-0.605,-1,375.000,-1,400.000,-1,325.000,325.000,300.000,300.000,625.000,-1,-1,-1,700.000,825.000,-1,-1,2,0,2,0,2,0,0,0,0,1,2,2,2,0,0,2,2
