timestep,x_cm,y_cm,z_cm,yaw_deg,basis_xx,basis_xy,basis_xz,basis_yx,basis_yy,basis_yz,basis_zx,basis_zy,basis_zz,teleport_flag,throttle_cmd,steering_cmd,cmd_move_cm,cmd_turn_deg,lidar_cm_0,lidar_cm_1,lidar_cm_2,lidar_cm_3,lidar_cm_4,lidar_cm_5,lidar_cm_6,lidar_cm_7,lidar_cm_8,lidar_cm_9,lidar_cm_10,lidar_cm_11,lidar_cm_12,lidar_cm_13,lidar_cm_14,lidar_cm_15,lidar_cm_16,lidar_class_0,lidar_class_1,lidar_class_2,lidar_class_3,lidar_class_4,lidar_class_5,lidar_class_6,lidar_class_7,lidar_class_8,lidar_class_9,lidar_class_10,lidar_class_11,lidar_class_12,lidar_class_13,lidar_class_14,lidar_class_15,lidar_class_16
0,7547.223,4260.907,-37.656,-33.739,0.832282,0.554351,-0.001285,-0.552947,0.830005,-0.073081,-0.039446,0.061534,0.997325,1,0.08000,-0.12000,4.800,-0.240,-1,375.000,-1,350.000,425.000,300.000,300.000,300.000,300.000,-1,325.000,375.000,-1,675.000,600.000,-1,575.000,2,0,2,0,1,0,0,0,0,2,0,0,2,0,1,2,1
1,7555.161,4255.508,-38.091,-34.219,0.827603,0.561313,-0.001458,-0.559928,0.825373,-0.072388,-0.039428,0.060725,0.997375,0,0.16000,-0.24000,9.600,-0.480,-1,375.000,-1,350.000,425.000,300.000,300.000,300.000,300.000,-1,325.000,375.000,-1,675.000,600.000,-1,550.000,2,0,2,0,1,0,0,0,0,2,0,0,2,0,1,2,1
2,7566.966,4247.260,-38.755,-34.939,0.820473,0.571682,-0.001691,-0.570326,0.818315,-0.071337,-0.039398,0.059494,0.997451,0,0.24000,-0.36000,14.400,-0.720,-1,375.000,-1,350.000,425.000,300.000,300.000,300.000,300.000,-1,325.000,375.000,-1,675.000,600.000,-1,525.000,2,0,2,0,1,0,0,0,0,2,0,0,2,0,1,2,1
3,7582.518,4236.001,-39.657,-35.899,0.810764,0.585370,-0.001949,-0.584049,0.808702,-0.069916,-0.039351,0.057824,0.997551,0,0.32000,-0.48000,19.200,-0.960,-1,375.000,-1,350.000,400.000,300.000,300.000,300.000,300.000,-1,300.000,350.000,-1,675.000,600.000,-1,500.000,2,0,2,0,1,0,0,0,0,2,0,0,2,0,1,2,1
4,7601.661,4221.524,-40.582,-37.099,0.798324,0.602219,-0.003363,-0.600995,0.796319,-0.068410,-0.038520,0.056635,0.997652,0,0.40000,-0.60000,24.000,-1.200,-1,375.000,-1,375.000,375.000,300.000,300.000,300.000,300.000,-1,300.000,325.000,-1,675.000,575.000,-1,475.000,2,0,2,0,1,0,0,0,0,2,0,0,2,0,1,2,1
5,7624.187,4203.580,-41.722,-38.539,0.782929,0.622091,-0.004999,-0.620982,0.780998,-0.066515,-0.037474,0.055181,0.997773,0,0.48000,-0.72000,28.800,-1.440,-1,375.000,-1,375.000,350.000,300.000,300.000,300.000,300.000,-1,275.000,325.000,-1,675.000,575.000,-1,450.000,2,0,2,0,1,0,0,0,0,2,0,0,2,0,1,2,1
6,7649.844,4181.884,-42.820,-40.219,0.764369,0.644743,-0.006804,-0.643710,0.762451,-0.065624,-0.037122,0.054541,0.997821,0,0.56000,-0.84000,33.600,-1.680,-1,375.000,-1,375.000,325.000,300.000,300.000,300.000,300.000,-1,300.000,325.000,-1,675.000,575.000,-1,400.000,2,0,2,0,1,0,0,0,0,2,0,0,2,0,1,2,1
7,7678.338,4156.141,-44.125,-42.095,0.742858,0.669392,-0.008761,-0.668444,0.740961,-0.064492,-0.036679,0.053765,0.997880,0,0.64000,-0.93824,38.400,-1.876,-1,375.000,-1,350.000,300.000,300.000,300.000,300.000,300.000,-1,300.000,325.000,-1,700.000,550.000,-1,375.000,2,0,2,1,1,0,0,0,0,2,0,0,2,0,1,2,1
8,7709.427,4126.146,-45.658,-43.974,0.720515,0.693356,-0.010771,-0.692507,0.718654,-0.063011,-0.035948,0.052859,0.997955,0,0.72000,-0.93929,43.200,-1.879,-1,375.000,-1,350.000,275.000,300.000,300.000,300.000,300.000,-1,325.000,325.000,-1,700.000,525.000,-1,325.000,2,0,2,1,1,0,0,0,0,2,0,0,2,0,1,2,1
9,7742.858,4091.701,-47.424,-45.855,0.697349,0.716617,-0.012781,-0.715879,0.695540,-0.061174,-0.034949,0.051810,0.998045,0,0.80000,-0.94078,48.000,-1.882,-1,375.000,-1,325.000,225.000,300.000,300.000,300.000,300.000,-1,325.000,325.000,-1,725.000,525.000,-1,275.000,2,0,2,1,1,0,0,0,0,2,0,0,2,0,1,2,1
10,7777.619,4053.444,-49.385,-47.741,0.673370,0.739160,-0.014707,-0.738535,0.671626,-0.059033,-0.033757,0.050612,0.998148,0,0.86151,-0.94275,51.691,-1.886,-1,375.000,-1,300.000,200.000,300.000,300.000,300.000,300.000,-1,350.000,350.000,-1,725.000,525.000,-1,225.000,2,0,2,1,1,0,1,0,0,2,0,0,2,0,1,2,1
11,7811.142,4014.010,-51.366,-49.631,0.648591,0.760956,-0.016618,-0.760445,0.646916,-0.056769,-0.032448,0.049457,0.998249,0,0.86261,-0.94514,51.757,-1.890,-1,375.000,-1,300.000,150.000,325.000,300.000,300.000,300.000,-1,350.000,350.000,-1,750.000,525.000,-1,175.000,2,0,2,1,1,0,1,0,0,2,0,0,2,0,1,2,1
12,7846.512,3969.879,-48.038,-51.281,0.625741,0.779931,-0.012440,-0.779899,0.625263,-0.028349,-0.014332,0.027441,0.999521,0,0.94261,-0.82514,56.557,-1.650,-1,425.000,-1,325.000,150.000,350.000,325.000,300.000,325.000,900.000,275.000,300.000,-1,850.000,825.000,-1,200.000,2,0,2,1,1,0,1,0,1,0,0,0,2,0,0,2,1
13,7882.400,3922.778,-45.370,-52.691,0.606090,0.795364,-0.007139,-0.795392,0.606091,-0.002262,0.002527,0.007049,0.999972,0,0.98692,-0.70514,59.215,-1.410,-1,450.000,-1,375.000,150.000,375.000,375.000,275.000,300.000,725.000,175.000,275.000,-1,900.000,1000.000,1000.000,200.000,2,0,2,1,1,0,0,0,1,0,0,0,2,1,0,1,1
14,7917.316,3874.963,-43.585,-53.862,0.589793,0.807553,-0.001593,-0.807378,0.589704,0.019769,0.016904,-0.010374,0.999803,0,0.98677,-0.58514,59.206,-1.170,975.000,500.000,-1,500.000,150.000,400.000,425.000,275.000,275.000,600.000,150.000,275.000,-1,900.000,-1,975.000,225.000,1,0,2,1,1,0,0,0,1,0,0,0,2,1,2,1,1
15,7951.426,3826.627,-42.344,-54.792,0.576874,0.816823,0.004131,-0.816376,0.576375,0.036378,0.027333,-0.024358,0.999330,0,0.98598,-0.46514,59.159,-0.930,900.000,525.000,-1,600.000,150.000,425.000,450.000,250.000,250.000,500.000,100.000,275.000,-1,900.000,-1,925.000,-1,1,0,2,0,1,0,0,0,1,0,0,0,2,1,2,1,2
16,7984.898,3777.960,-41.732,-55.482,0.567275,0.823481,0.008769,-0.822843,0.566337,0.046824,0.033593,-0.033778,0.998865,0,0.98444,-0.34514,59.066,-0.690,850.000,550.000,-1,625.000,150.000,450.000,475.000,250.000,225.000,475.000,100.000,250.000,-1,875.000,-1,900.000,-1,1,0,2,0,1,0,0,0,1,0,0,0,2,1,2,1,2
17,8017.907,3729.149,-42.234,-55.933,0.560980,0.827745,0.011819,-0.827015,0.559738,0.052335,0.036704,-0.039133,0.998560,0,0.98207,-0.22514,58.924,-0.450,775.000,550.000,-1,650.000,150.000,450.000,475.000,250.000,200.000,450.000,75.000,250.000,-1,850.000,-1,850.000,-1,1,0,2,0,1,0,0,0,1,0,0,0,2,1,2,1,2
18,8050.626,3680.380,-43.718,-56.143,0.557945,0.829794,0.011789,-0.829048,0.556697,0.052608,0.037091,-0.039126,0.998546,0,0.97880,-0.10514,58.728,-0.210,725.000,550.000,-1,650.000,175.000,450.000,475.000,250.000,150.000,475.000,75.000,250.000,-1,800.000,-1,800.000,-1,1,0,2,0,1,0,0,0,1,0,0,0,2,1,2,1,2
19,-3607.632,8199.151,-75.652,-146.610,-0.833062,0.550308,-0.056283,-0.549722,-0.834917,-0.026807,-0.061744,0.008608,0.998055,1,0.00000,0.00000,58.474,0.030,600.000,425.000,-1,400.000,-1,325.000,325.000,325.000,325.000,-1,900.000,-1,-1,850.000,750.000,-1,-1,1,0,2,0,2,0,0,0,0,2,0,2,2,0,0,2,2
20,-3611.650,8196.526,-75.967,-146.850,-0.835371,0.546808,-0.056175,-0.546205,-0.837218,-0.026955,-0.061770,0.008165,0.998057,0,0.08000,-0.12000,4.800,-0.240,600.000,425.000,-1,400.000,-1,325.000,325.000,325.000,325.000,-1,925.000,-1,-1,850.000,750.000,-1,-1,1,0,2,0,2,0,0,0,0,2,0,2,2,0,0,2,2
21,-3619.710,8191.310,-76.588,-147.090,-0.837666,0.543311,-0.055940,-0.542681,-0.839498,-0.027224,-0.061752,0.007553,0.998063,0,0.16000,-0.11961,9.600,-0.239,625.000,425.000,-1,400.000,-1,325.000,325.000,325.000,325.000,-1,925.000,-1,-1,850.000,750.000,-1,-1,1,0,2,0,2,0,0,0,0,2,0,2,2,0,0,2,2
22,-3631.831,8183.536,-77.515,-147.327,-0.839934,0.539835,-0.055580,-0.539170,-0.841744,-0.027620,-0.061694,0.006769,0.998072,0,0.24000,-0.11856,14.400,-0.237,625.000,425.000,-1,400.000,-1,325.000,325.000,325.000,325.000,-1,925.000,-1,-1,850.000,750.000,-1,-1,1,0,2,0,2,0,0,0,0,2,0,2,2,0,0,2,2
23,-3648.035,8173.237,-78.748,-147.561,-0.842168,0.536392,-0.055099,-0.535684,-0.843949,-0.028152,-0.061601,0.005807,0.998084,0,0.32000,-0.11712,19.200,-0.234,700.000,425.000,-1,400.000,-1,325.000,325.000,325.000,325.000,-1,925.000,-1,-1,850.000,775.000,-1,-1,1,0,2,0,2,0,0,0,0,2,0,2,2,0,0,2,2
24,-3668.342,8160.445,-80.341,-147.792,-0.844345,0.532995,-0.054752,-0.532242,-0.846104,-0.028745,-0.061647,0.004871,0.998086,0,0.40000,-0.11526,24.000,-0.231,-1,425.000,-1,400.000,-1,325.000,325.000,300.000,325.000,-1,950.000,-1,-1,850.000,775.000,-1,-1,2,0,2,0,2,0,0,0,0,2,0,2,2,0,0,2,2
25,-3692.770,8145.191,-82.351,-148.018,-0.846441,0.529655,-0.054796,-0.528859,-0.848203,-0.029323,-0.062009,0.004160,0.998067,0,0.48000,-0.11300,28.800,-0.226,-1,425.000,-1,400.000,-1,325.000,325.000,300.000,325.000,-1,1000.000,-1,-1,850.000,775.000,-1,-1,2,0,2,0,2,0,0,0,0,2,0,2,2,0,0,2,2
26,-3721.339,8127.504,-84.698,-148.238,-0.848472,0.526387,-0.054886,-0.525541,-0.850238,-0.030023,-0.062470,0.003371,0.998041,0,0.56000,-0.11030,33.600,-0.221,-1,425.000,-1,400.000,-1,325.000,325.000,300.000,325.000,-1,-1,-1,-1,850.000,750.000,-1,-1,2,0,2,0,2,0,0,0,0,2,2,2,2,0,0,2,2
27,-3754.063,8107.413,-87.378,-148.452,-0.850429,0.523204,-0.055034,-0.522297,-0.852204,-0.030887,-0.063060,0.002477,0.998007,0,0.64000,-0.10717,38.400,-0.214,-1,425.000,-1,400.000,-1,325.000,325.000,300.000,325.000,-1,-1,-1,-1,850.000,750.000,-1,-1,2,0,2,0,2,0,0,0,0,2,2,2,2,0,0,2,2
28,-3790.960,8084.943,-90.319,-148.660,-0.852301,0.520120,-0.055298,-0.519120,-0.854092,-0.032262,-0.064010,0.001209,0.997949,0,0.72000,-0.10359,43.200,-0.207,-1,425.000,-1,400.000,-1,325.000,325.000,300.000,325.000,-1,-1,-1,-1,850.000,750.000,-1,-1,2,0,2,0,2,0,0,0,0,2,2,2,2,0,0,2,2
29,-3831.942,8059.954,-93.607,-148.627,-0.851976,0.520610,-0.055699,-0.519512,-0.853795,-0.033780,-0.065142,0.000156,0.997876,0,0.80000,0.01641,48.000,0.033,-1,425.000,-1,400.000,-1,325.000,325.000,300.000,325.000,-1,-1,-1,-1,825.000,750.000,-1,-1,2,0,2,0,2,0,0,0,0,2,2,2,2,0,0,2,2
30,-3873.312,8034.457,-96.906,-148.354,-0.849464,0.524669,-0.055978,-0.523473,-0.851306,-0.035406,-0.066231,-0.000773,0.997804,0,0.80993,0.13641,48.596,0.273,-1,400.000,-1,400.000,-1,325.000,325.000,300.000,325.000,-1,-1,-1,-1,825.000,750.000,-1,-1,2,0,2,0,2,0,0,0,0,2,2,2,2,0,0,2,2
31,-3914.432,8008.777,-100.127,-148.014,-0.846335,0.529707,-0.055932,-0.528402,-0.848179,-0.037208,-0.067149,-0.001936,0.997741,0,0.80799,0.16987,48.480,0.340,-1,400.000,-1,400.000,-1,325.000,325.000,300.000,325.000,-1,-1,-1,-1,825.000,750.000,-1,-1,2,0,2,0,2,0,0,1,0,2,2,2,2,0,0,2,2
32,-3955.293,7982.917,-103.357,-147.672,-0.843147,0.534764,-0.055947,-0.533345,-0.844996,-0.039053,-0.068159,-0.003088,0.997670,0,0.80594,0.17119,48.357,0.342,-1,400.000,-1,400.000,-1,325.000,325.000,275.000,300.000,-1,-1,-1,-1,825.000,750.000,-1,-1,2,0,2,0,2,0,0,1,1,2,2,2,2,0,0,2,2
33,-3995.886,7956.884,-106.595,-147.327,-0.839904,0.539836,-0.056022,-0.538298,-0.841760,-0.040942,-0.069259,-0.004230,0.997590,0,0.80372,0.17237,48.223,0.345,-1,400.000,-1,400.000,-1,325.000,325.000,250.000,300.000,-1,-1,-1,-1,825.000,750.000,-1,-1,2,0,2,0,2,0,0,1,1,2,2,2,2,0,0,2,2
34,-4036.200,7930.684,-109.497,-146.980,-0.836618,0.544922,-0.055947,-0.543387,-0.838478,-0.041059,-0.069284,-0.003950,0.997589,0,0.80133,0.17339,48.080,0.347,-1,400.000,-1,400.000,-1,325.000,325.000,250.000,275.000,-1,-1,-1,-1,825.000,750.000,-1,-1,2,0,2,0,2,0,0,1,1,2,2,2,2,0,0,2,2
35,-4076.227,7904.323,-112.487,-146.632,-0.833285,0.550012,-0.055885,-0.548453,-0.835147,-0.041574,-0.069538,-0.003993,0.997571,0,0.79879,0.17427,47.928,0.349,-1,400.000,-1,400.000,-1,325.000,325.000,250.000,275.000,-1,-1,-1,-1,825.000,750.000,-1,-1,2,0,2,0,2,0,0,1,1,2,2,2,2,0,0,2,2
36,-4115.959,7877.806,-115.868,-146.282,-0.829895,0.555099,-0.056023,-0.553372,-0.831765,-0.044117,-0.071087,-0.005611,0.997454,0,0.79614,0.17500,47.768,0.350,-1,400.000,-1,400.000,-1,325.000,325.000,225.000,275.000,-1,-1,-1,-1,825.000,750.000,-1,-1,2,0,2,0,2,0,0,1,1,2,2,2,2,0,0,2,2
37,-4155.392,7851.138,-119.440,-145.931,-0.826461,0.560177,-0.056244,-0.558204,-0.828334,-0.047649,-0.073281,-0.007984,0.997279,0,0.79339,0.17558,47.603,0.351,-1,400.000,-1,400.000,-1,325.000,325.000,225.000,275.000,-1,-1,-1,-1,800.000,725.000,-1,-1,2,0,2,0,2,0,0,1,1,2,2,2,2,0,0,2,2
38,-4194.520,7824.324,-122.622,-145.579,-0.822994,0.565252,-0.056314,-0.563180,-0.824872,-0.049131,-0.074223,-0.008720,0.997204,0,0.79056,0.17600,47.434,0.352,-1,400.000,-1,400.000,-1,325.000,325.000,225.000,275.000,-1,-1,-1,-1,800.000,725.000,-1,-1,2,0,2,0,2,0,0,1,1,2,2,2,2,0,0,2,2
39,-4233.341,7797.369,-126.049,-145.226,-0.819490,0.570317,-0.056339,-0.568219,-0.821379,-0.049629,-0.074580,-0.008658,0.997177,0,0.78769,0.17626,47.261,0.353,-1,400.000,-1,400.000,-1,325.000,325.000,200.000,300.000,-1,-1,-1,-1,800.000,725.000,-1,-1,2,0,2,0,2,0,0,1,1,2,2,2,2,0,0,2,2
40,-4271.854,7770.276,-129.609,-144.873,-0.815952,0.575365,-0.056369,-0.573276,-0.817856,-0.049664,-0.074676,-0.008209,0.997174,0,0.78480,0.17637,47.088,0.353,-1,400.000,-1,400.000,-1,325.000,325.000,200.000,300.000,-1,-1,-1,-1,800.000,725.000,-1,-1,2,0,2,0,2,0,0,1,0,2,2,2,2,0,0,2,2
41,-4310.058,7743.046,-133.203,-144.521,-0.812381,0.580390,-0.056435,-0.578309,-0.814302,-0.049708,-0.074805,-0.007745,0.997168,0,0.78191,0.17632,46.915,0.353,-1,400.000,-1,400.000,-1,325.000,325.000,225.000,300.000,-1,-1,-1,-1,800.000,725.000,-1,-1,2,0,2,0,2,0,0,1,0,2,2,2,2,0,0,2,2
42,-4347.955,7715.682,-136.828,-144.169,-0.808780,0.585387,-0.056537,-0.583314,-0.810721,-0.049762,-0.074965,-0.007268,0.997160,0,0.77906,0.17613,46.744,0.352,-1,400.000,-1,400.000,-1,325.000,325.000,225.000,300.000,-1,-1,-1,-1,775.000,725.000,-1,-1,2,0,2,0,2,0,0,1,0,2,2,2,2,0,0,2,2
43,-4385.549,7688.185,-140.456,-143.817,-0.805153,0.590353,-0.056679,-0.588275,-0.807116,-0.049957,-0.075239,-0.006880,0.997142,0,0.77627,0.17578,46.576,0.352,-1,400.000,-1,400.000,-1,325.000,325.000,225.000,300.000,-1,-1,-1,-1,775.000,725.000,-1,-1,2,0,2,0,2,0,0,1,0,2,2,2,2,0,0,2,2
44,-4422.843,7660.555,-144.015,-143.466,-0.801503,0.595280,-0.056871,-0.593162,-0.803489,-0.050641,-0.075841,-0.006855,0.997096,0,0.77357,0.17529,46.414,0.351,-1,400.000,-1,400.000,-1,325.000,325.000,225.000,300.000,-1,-1,-1,-1,750.000,700.000,-1,-1,2,0,2,0,2,0,0,1,0,2,2,2,2,0,0,2,2
45,-4459.843,7632.792,-147.611,-143.117,-0.797834,0.600168,-0.057089,-0.598009,-0.799845,-0.051312,-0.076458,-0.006798,0.997050,0,0.77096,0.17466,46.258,0.349,-1,400.000,-1,375.000,-1,325.000,325.000,250.000,300.000,-1,-1,-1,-1,725.000,700.000,-1,-1,2,0,2,0,2,0,0,1,0,2,2,2,2,0,0,2,2
46,-4496.555,7604.895,-151.245,-142.769,-0.794149,0.605013,-0.057334,-0.602814,-0.796188,-0.051969,-0.077090,-0.006709,0.997002,0,0.76848,0.17389,46.109,0.348,-1,400.000,-1,375.000,-1,325.000,325.000,250.000,300.000,-1,-1,-1,-1,725.000,700.000,-1,-1,2,0,2,0,2,0,0,1,0,2,2,2,2,0,0,2,2
47,-4532.986,7576.862,-154.779,-142.423,-0.790499,0.609808,-0.056973,-0.607562,-0.792518,-0.052770,-0.077331,-0.007100,0.996980,0,0.76614,0.17299,45.968,0.346,-1,400.000,-1,375.000,-1,325.000,325.000,275.000,300.000,-1,-1,-1,-1,700.000,700.000,-1,-1,2,0,2,0,2,0,0,1,0,2,2,2,2,0,0,2,2
48,-4569.146,7548.692,-157.964,-142.079,-0.786784,0.614555,-0.057381,-0.612271,-0.788844,-0.053370,-0.078064,-0.006858,0.996925,0,0.76395,0.17196,45.837,0.344,-1,400.000,-1,375.000,-1,325.000,325.000,300.000,300.000,-1,-1,-1,-1,700.000,700.000,-1,-1,2,0,2,0,2,0,0,1,0,2,2,2,2,0,0,2,2
49,-4605.041,7520.382,-160.998,-141.738,-0.783048,0.619249,-0.058020,-0.616931,-0.785168,-0.053912,-0.078941,-0.006422,0.996859,0,0.76193,0.17080,45.716,0.342,-1,400.000,-1,375.000,-1,325.000,325.000,300.000,300.000,675.000,-1,-1,-1,675.000,700.000,-1,-1,2,0,2,0,2,0,0,0,0,1,2,2,2,0,0,2,2
50,-4640.682,7491.929,-164.412,-141.399,-0.779445,0.623880,-0.056907,-0.621508,-0.781485,-0.054856,-0.078696,-0.007389,0.996871,0,0.76008,0.16953,45.605,0.339,-1,400.000,-1,375.000,-1,325.000,325.000,300.000,300.000,600.000,-1,-1,800.000,675.000,700.000,-1,-1,2,0,2,0,2,0,0,0,0,1,2,2,1,0,0,2,2
51,-4676.076,7463.330,-168.208,-141.062,-0.775976,0.628443,-0.054035,-0.626004,-0.777794,-0.056171,-0.077328,-0.009761,0.996958,0,0.75840,0.16814,45.504,0.336,1000.000,400.000,-1,375.000,-1,325.000,325.000,300.000,300.000,550.000,-1,-1,725.000,675.000,700.000,-1,-1,0,0,2,0,2,0,0,0,0,1,2,2,1,0,0,2,2
52,-4711.234,7434.583,-171.698,-140.729,-0.772385,0.632951,-0.052865,-0.630464,-0.774117,-0.057072,-0.077047,-0.010752,0.996969,0,0.75691,0.16664,45.415,0.333,950.000,400.000,-1,375.000,-1,325.000,325.000,300.000,300.000,525.000,-1,-1,700.000,650.000,700.000,-1,-1,0,0,2,0,2,0,0,0,0,1,2,2,1,0,0,2,2
53,-4746.165,7405.684,-175.114,-140.399,-0.768763,0.637396,-0.052240,-0.634867,-0.770454,-0.057835,-0.077112,-0.011296,0.996958,0,0.75560,0.16504,45.336,0.330,925.000,375.000,-1,375.000,-1,325.000,325.000,275.000,300.000,525.000,-1,-1,700.000,650.000,700.000,-1,-1,0,0,2,0,2,0,0,0,0,1,2,2,1,0,0,2,2
54,-4780.879,7376.629,-178.569,-140.072,-0.765157,0.641774,-0.051586,-0.639204,-0.766802,-0.058589,-0.077157,-0.011856,0.996948,0,0.75448,0.16334,45.269,0.327,875.000,375.000,-1,375.000,-1,325.000,325.000,275.000,300.000,500.000,-1,-1,700.000,625.000,675.000,-1,-1,0,0,2,0,2,0,0,0,0,1,2,2,1,0,0,2,2
55,-4817.085,7345.713,-182.251,-139.506,-0.758810,0.649325,-0.050848,-0.646723,-0.760414,-0.059326,-0.077187,-0.012133,0.996943,0,0.79348,0.28334,47.609,0.567,825.000,375.000,-1,375.000,-1,325.000,300.000,275.000,300.000,525.000,-1,-1,725.000,625.000,675.000,975.000,-1,0,0,2,0,2,0,0,0,0,1,2,2,1,0,0,0,2
56,-4852.824,7314.314,-185.982,-138.699,-0.749625,0.659967,-0.050066,-0.657346,-0.751198,-0.059978,-0.077193,-0.012050,0.996943,0,0.79290,0.40334,47.574,0.807,800.000,350.000,-1,375.000,-1,300.000,300.000,275.000,300.000,525.000,-1,-1,725.000,600.000,675.000,925.000,-1,0,0,2,0,2,0,0,0,0,1,2,2,1,0,0,0,2
57,-4887.976,7282.276,-189.112,-137.652,-0.737437,0.673601,-0.049483,-0.671234,-0.739042,-0.057123,-0.075048,-0.008909,0.997140,0,0.79270,0.52334,47.562,1.047,800.000,350.000,-1,375.000,-1,300.000,325.000,275.000,300.000,550.000,-1,-1,750.000,600.000,675.000,900.000,-1,0,0,2,0,2,0,0,0,0,1,2,2,1,0,0,0,2
58,-4922.407,7249.450,-192.126,-136.366,-0.722097,0.690046,-0.049115,-0.688004,-0.723750,-0.053255,-0.072295,-0.004664,0.997372,0,0.79285,0.64334,47.571,1.287,800.000,350.000,-1,375.000,-1,300.000,325.000,300.000,300.000,575.000,-1,-1,750.000,625.000,675.000,900.000,-1,0,0,2,0,2,0,0,0,0,1,2,2,1,0,0,0,2
59,-4955.970,7215.699,-195.200,-134.839,-0.703413,0.709091,-0.048984,-0.707376,-0.705117,-0.049286,-0.069488,-0.000018,0.997583,0,0.79331,0.76334,47.599,1.527,800.000,350.000,-1,400.000,-1,300.000,325.000,300.000,300.000,600.000,-1,-1,775.000,625.000,675.000,900.000,-1,0,0,2,0,2,0,0,0,0,1,2,2,1,0,0,0,2
60,-4988.506,7180.897,-198.138,-133.072,-0.681166,0.730486,-0.049027,-0.729041,-0.682914,-0.046122,-0.067173,0.004326,0.997732,0,0.79404,0.88334,47.643,1.767,800.000,350.000,-1,400.000,-1,300.000,325.000,300.000,275.000,650.000,-1,-1,800.000,625.000,650.000,900.000,-1,0,0,2,0,2,0,0,0,0,1,2,2,1,0,0,0,2
61,-5019.846,7144.937,-201.003,-131.072,-0.655192,0.753853,-0.049276,-0.752648,-0.656986,-0.043465,-0.065140,0.008609,0.997839,0,0.79501,1.00000,47.701,2.000,775.000,350.000,-1,375.000,-1,300.000,325.000,300.000,275.000,675.000,-1,-1,825.000,625.000,650.000,875.000,-1,0,0,2,0,2,0,0,0,0,1,2,2,1,0,0,0,2
62,-5049.955,7107.850,-203.830,-129.072,-0.628415,0.776289,-0.049700,-0.775304,-0.630249,-0.041095,-0.063225,0.012708,0.997918,0,0.79617,1.00000,47.770,2.000,775.000,350.000,-1,375.000,-1,300.000,300.000,300.000,275.000,725.000,950.000,850.000,850.000,625.000,650.000,850.000,-1,0,0,2,0,2,0,0,0,0,1,0,0,1,0,0,0,2
63,-5078.793,7069.680,-206.683,-127.072,-0.600867,0.797762,-0.050348,-0.797001,-0.602736,-0.038708,-0.061226,0.016869,0.997981,0,0.79733,1.00000,47.840,2.000,750.000,350.000,-1,375.000,975.000,300.000,300.000,300.000,275.000,750.000,825.000,700.000,900.000,625.000,625.000,825.000,-1,0,0,2,0,1,0,0,0,0,1,0,0,1,0,0,0,2
64,-5106.321,7030.471,-209.567,-125.072,-0.572582,0.818245,-0.051229,-0.817713,-0.574481,-0.036278,-0.059115,0.021119,0.998028,0,0.79847,1.00000,47.908,2.000,725.000,350.000,-1,375.000,950.000,300.000,300.000,300.000,275.000,800.000,725.000,625.000,925.000,600.000,625.000,800.000,-1,0,0,2,0,1,0,0,0,0,1,0,0,1,0,0,0,2
65,-5132.501,6990.268,-211.889,-123.072,-0.543790,0.837756,-0.049568,-0.837407,-0.545549,-0.033554,-0.055152,0.023262,0.998207,0,0.79960,1.00000,47.976,2.000,725.000,350.000,-1,375.000,925.000,300.000,300.000,300.000,275.000,850.000,600.000,550.000,975.000,600.000,625.000,775.000,-1,0,0,2,0,1,0,0,0,0,1,0,0,1,0,0,0,2
66,-5157.296,6949.118,-213.931,-121.072,-0.514421,0.856263,-0.046751,-0.856068,-0.515966,-0.030434,-0.050181,0.024366,0.998443,0,0.80072,1.00000,48.043,2.000,725.000,350.000,-1,375.000,925.000,300.000,300.000,300.000,300.000,875.000,525.000,475.000,-1,600.000,650.000,775.000,-1,0,0,2,0,1,0,0,0,0,1,0,0,2,0,0,0,2
67,-5180.671,6907.071,-215.986,-119.072,-0.484412,0.873722,-0.044209,-0.873678,-0.485754,-0.027018,-0.045081,0.025536,0.998657,0,0.80181,1.00000,48.109,2.000,725.000,350.000,-1,375.000,925.000,300.000,300.000,300.000,300.000,900.000,475.000,450.000,-1,600.000,650.000,775.000,-1,0,0,2,0,1,0,0,0,0,1,0,0,2,0,0,0,2
68,-5202.597,6864.178,-218.048,-117.076,-0.453854,0.890088,-0.041957,-0.890185,-0.455002,-0.023321,-0.039848,0.026765,0.998847,0,0.80289,0.99836,48.173,1.997,725.000,350.000,-1,375.000,925.000,300.000,325.000,300.000,300.000,925.000,425.000,400.000,-1,575.000,650.000,775.000,-1,0,0,2,0,1,0,0,0,0,1,0,0,2,0,0,0,2
69,-5223.045,6820.490,-220.041,-115.083,-0.422815,0.905347,-0.039686,-0.905568,-0.423763,-0.019282,-0.034275,0.027786,0.999026,0,0.80394,0.99641,48.237,1.993,725.000,350.000,-1,375.000,925.000,300.000,325.000,275.000,300.000,950.000,375.000,325.000,-1,575.000,650.000,775.000,-1,0,0,2,0,1,0,0,0,0,1,0,0,2,0,0,0,2
70,-5244.048,6771.790,-222.190,-113.330,-0.395138,0.917869,-0.037181,-0.918194,-0.395866,-0.014507,-0.028034,0.028407,0.999203,0,0.88394,0.87641,53.037,1.753,725.000,350.000,-1,400.000,925.000,300.000,325.000,275.000,300.000,950.000,325.000,250.000,-1,575.000,650.000,775.000,-1,0,0,2,0,1,0,0,0,0,1,0,0,2,0,0,0,2
71,-5264.121,6721.646,-224.398,-111.817,-0.370974,0.927987,-0.034917,-0.928389,-0.371490,-0.009445,-0.021736,0.028912,0.999346,0,0.90022,0.75641,54.013,1.513,725.000,350.000,-1,375.000,925.000,300.000,325.000,275.000,300.000,950.000,275.000,225.000,-1,575.000,650.000,800.000,-1,0,0,2,0,1,0,0,0,0,1,0,0,2,0,0,0,2
72,-5283.090,6671.028,-226.423,-110.544,-0.350430,0.935976,-0.033869,-0.936449,-0.350773,-0.004564,-0.016152,0.030118,0.999416,0,0.90093,0.63641,54.056,1.273,750.000,350.000,-1,375.000,925.000,300.000,325.000,275.000,300.000,950.000,250.000,200.000,-1,575.000,650.000,800.000,-1,0,0,2,0,1,0,0,0,0,1,0,0,2,0,0,0,2
73,-5301.956,6617.781,-227.619,-109.512,-0.333553,0.941997,-0.037210,-0.942647,-0.333792,-0.000217,-0.012625,0.035004,0.999307,0,0.94151,0.51641,56.491,1.033,775.000,350.000,-1,375.000,900.000,300.000,300.000,275.000,300.000,1000.000,250.000,200.000,-1,575.000,625.000,850.000,-1,0,0,2,0,1,0,0,0,0,1,0,0,2,0,0,0,2
74,-5320.033,6564.275,-228.275,-108.671,-0.319832,0.946531,-0.042264,-0.947444,-0.319858,0.006334,-0.007523,0.042069,0.999086,0,0.94128,0.42003,56.477,0.840,950.000,350.000,-1,375.000,875.000,300.000,300.000,300.000,275.000,-1,275.000,225.000,-1,600.000,625.000,975.000,-1,0,0,2,0,1,0,0,0,0,2,0,0,2,0,0,0,2
75,-5337.322,6510.539,-228.935,-107.840,-0.306239,0.950766,-0.047553,-0.951952,-0.305981,0.012800,-0.002380,0.049188,0.998787,0,0.94082,0.41597,56.449,0.832,-1,350.000,-1,350.000,850.000,300.000,300.000,300.000,275.000,-1,275.000,225.000,925.000,600.000,625.000,-1,-1,2,0,2,0,1,0,0,0,0,2,0,0,0,0,0,2,2
76,-5353.825,6456.606,-228.470,-107.016,-0.292681,0.954920,-0.049666,-0.956210,-0.292237,0.016140,0.000898,0.052215,0.998635,0,0.94003,0.41184,56.402,0.824,-1,350.000,-1,350.000,850.000,300.000,300.000,300.000,275.000,-1,325.000,250.000,900.000,600.000,625.000,-1,-1,2,0,2,0,1,0,0,0,0,2,0,0,0,0,0,2,2
77,-5369.541,6402.508,-227.192,-106.201,-0.279315,0.958979,-0.048401,-0.960178,-0.278618,0.020726,0.006390,0.052263,0.998613,0,0.93892,0.40766,56.335,0.815,-1,350.000,-1,350.000,850.000,300.000,300.000,300.000,275.000,-1,350.000,275.000,900.000,625.000,625.000,-1,-1,2,0,2,0,1,0,0,0,0,2,0,0,0,0,0,2,2
78,-5384.472,6348.276,-225.919,-105.394,-0.266033,0.962802,-0.047318,-0.963890,-0.265083,0.025435,0.011946,0.052376,0.998556,0,0.93749,0.40347,56.250,0.807,-1,350.000,-1,375.000,850.000,300.000,300.000,300.000,300.000,-1,375.000,300.000,900.000,650.000,650.000,-1,-1,2,0,2,0,1,0,0,0,0,2,0,0,0,0,0,2,2
79,-5398.619,6293.941,-224.650,-104.595,-0.252835,0.966395,-0.046417,-0.967350,-0.251631,0.030255,0.017558,0.052551,0.998464,0,0.93578,0.39944,56.147,0.799,-1,375.000,-1,375.000,875.000,300.000,300.000,300.000,300.000,-1,375.000,325.000,900.000,650.000,650.000,-1,-1,2,0,2,0,1,0,0,0,0,2,0,0,0,0,0,2,2
80,-5411.551,6242.207,-223.454,-104.036,-0.243633,0.968791,-0.045689,-0.969600,-0.242189,0.034926,0.022770,0.052809,0.998345,0,0.88876,0.27944,53.326,0.559,-1,375.000,-1,375.000,875.000,300.000,300.000,300.000,300.000,-1,400.000,350.000,900.000,675.000,650.000,-1,-1,2,0,2,0,1,0,0,0,0,2,0,0,0,0,0,2,2
81,-5424.168,6190.515,-222.171,-103.717,-0.238446,0.970126,-0.044711,-0.970767,-0.236794,0.039252,0.027492,0.052764,0.998229,0,0.88683,0.15944,53.210,0.319,-1,375.000,-1,375.000,875.000,300.000,325.000,300.000,300.000,-1,375.000,325.000,900.000,675.000,675.000,-1,-1,2,0,2,0,1,0,0,0,0,2,0,0,0,0,0,2,2
82,-5436.547,6138.882,-220.875,-103.484,-0.234690,0.971088,-0.043684,-0.971541,-0.232842,0.043506,0.032077,0.052651,0.998098,0,0.88493,0.11669,53.096,0.233,-1,375.000,-1,375.000,900.000,325.000,325.000,300.000,300.000,-1,325.000,275.000,900.000,700.000,675.000,-1,-1,2,0,2,0,1,0,0,0,0,2,0,0,0,0,0,2,2
83,-5448.691,6087.314,-219.597,-103.252,-0.230958,0.972026,-0.042710,-0.972272,-0.228916,0.047806,0.036692,0.052567,0.997943,0,0.88298,0.11580,52.979,0.232,-1,375.000,-1,375.000,925.000,325.000,325.000,300.000,300.000,-1,275.000,250.000,925.000,725.000,700.000,-1,-1,2,0,2,0,1,0,0,0,0,2,0,0,0,0,0,2,2
84,-5460.600,6035.818,-218.336,-103.022,-0.227245,0.972941,-0.041790,-0.972960,-0.225010,0.052148,0.041334,0.052510,0.997765,0,0.88091,0.11510,52.855,0.230,-1,400.000,-1,375.000,975.000,325.000,325.000,300.000,300.000,-1,250.000,250.000,925.000,725.000,700.000,-1,-1,2,0,2,0,1,0,0,0,0,2,0,0,0,0,0,2,2
85,-5472.274,5984.401,-217.092,-102.793,-0.223545,0.973834,-0.040923,-0.973608,-0.221117,0.056531,0.046003,0.052480,0.997562,0,0.87876,0.11458,52.726,0.229,-1,400.000,-1,375.000,-1,325.000,325.000,300.000,300.000,-1,225.000,225.000,925.000,750.000,700.000,-1,-1,2,0,2,0,2,0,0,0,0,2,0,0,0,0,0,2,2
86,-5483.713,5933.066,-215.320,-102.564,-0.219875,0.974594,-0.042686,-0.974311,-0.217206,0.059498,0.048715,0.054671,0.997315,0,0.87655,0.11426,52.593,0.229,-1,400.000,-1,375.000,-1,325.000,325.000,300.000,300.000,-1,250.000,225.000,925.000,775.000,700.000,-1,-1,2,0,2,0,2,0,0,0,0,2,0,0,0,0,0,2,2
87,-5494.918,5881.818,-213.542,-102.336,-0.216206,0.975326,-0.044662,-0.975013,-0.213294,0.062090,0.051032,0.056970,0.997071,0,0.87431,0.11413,52.459,0.228,-1,400.000,-1,375.000,-1,325.000,325.000,300.000,275.000,-1,275.000,250.000,925.000,775.000,700.000,-1,-1,2,0,2,0,2,0,0,0,0,2,0,0,0,0,0,2,2
88,-5506.202,5829.183,-211.024,-102.100,-0.212211,0.976200,-0.044712,-0.975860,-0.209276,0.062463,0.051619,0.056888,0.997045,0,0.89718,0.11798,53.831,0.236,-1,400.000,-1,375.000,-1,325.000,325.000,300.000,275.000,-1,325.000,300.000,975.000,800.000,700.000,-1,-1,2,0,2,0,2,0,0,0,0,2,0,0,0,0,0,2,2
89,-5517.260,5776.587,-208.134,-101.872,-0.208266,0.977100,-0.043608,-0.976702,-0.205408,0.062135,0.051754,0.055532,0.997115,0,0.89577,0.11394,53.746,0.228,-1,400.000,-1,375.000,-1,325.000,325.000,300.000,300.000,-1,375.000,350.000,-1,800.000,700.000,-1,-1,2,0,2,0,2,0,0,0,0,2,0,0,2,0,0,2,2
90,-5528.096,5724.045,-205.236,-101.652,-0.204459,0.977951,-0.042535,-0.977496,-0.201673,0.061880,0.051937,0.054229,0.997177,0,0.89412,0.10990,53.647,0.220,-1,400.000,-1,375.000,-1,325.000,325.000,300.000,300.000,-1,425.000,425.000,-1,800.000,700.000,-1,-1,2,0,2,0,2,0,0,0,0,2,0,0,2,0,0,2,2
91,-5538.711,5671.574,-202.330,-101.436,-0.200714,0.978771,-0.041493,-0.978260,-0.197994,0.061695,0.052170,0.052974,0.997232,0,0.89225,0.10812,53.535,0.216,-1,400.000,-1,375.000,-1,325.000,325.000,300.000,300.000,-1,475.000,475.000,-1,800.000,725.000,-1,-1,2,0,2,0,2,0,0,0,0,2,0,0,2,0,0,2,2
92,-5549.107,5619.186,-199.417,-101.222,-0.197016,0.979564,-0.040482,-0.978996,-0.194357,0.061577,0.052451,0.051763,0.997281,0,0.89015,0.10676,53.409,0.214,-1,400.000,-1,375.000,-1,325.000,325.000,300.000,300.000,-1,525.000,525.000,-1,800.000,725.000,-1,-1,2,0,2,0,2,0,0,0,0,2,0,0,2,0,0,2,2
93,-5559.282,5566.895,-196.498,-101.011,-0.193359,0.980332,-0.039503,-0.979707,-0.190757,0.061525,0.052780,0.050598,0.997324,0,0.88786,0.10559,53.272,0.211,-1,400.000,-1,375.000,-1,325.000,325.000,300.000,300.000,-1,575.000,575.000,-1,800.000,725.000,-1,-1,2,0,2,0,2,0,0,0,0,2,0,0,2,0,0,2,2
94,-5569.239,5514.713,-193.574,-100.802,-0.189736,0.981078,-0.038555,-0.980395,-0.187186,0.061536,0.053154,0.049475,0.997360,0,0.88540,0.10463,53.124,0.209,-1,400.000,-1,375.000,-1,325.000,325.000,300.000,300.000,-1,625.000,625.000,-1,800.000,725.000,-1,-1,2,0,2,0,2,0,0,0,0,2,0,0,2,0,0,2,2
95,-5578.978,5462.648,-190.647,-100.594,-0.186139,0.981802,-0.037639,-0.981062,-0.183637,0.061606,0.053573,0.048394,0.997391,0,0.88280,0.10387,52.968,0.208,-1,400.000,-1,375.000,-1,325.000,325.000,300.000,300.000,-1,675.000,675.000,-1,800.000,750.000,-1,-1,2,0,2,0,2,0,0,0,0,2,0,0,2,0,0,2,2
96,-5588.237,5413.305,-187.869,-100.627,-0.186660,0.981735,-0.036809,-0.980949,-0.184197,0.061725,0.053818,0.047629,0.997414,0,0.83674,-0.01613,50.204,-0.032,-1,400.000,-1,375.000,-1,325.000,325.000,300.000,300.000,-1,725.000,725.000,-1,800.000,750.000,-1,-1,2,0,2,0,2,0,0,0,0,2,0,0,2,0,0,2,2
97,-5597.703,5364.147,-185.101,-100.899,-0.191296,0.980872,-0.036007,-0.980051,-0.188864,0.061890,0.053905,0.047128,0.997433,0,0.83435,-0.13613,50.061,-0.272,-1,400.000,-1,375.000,-1,325.000,325.000,300.000,300.000,-1,775.000,775.000,-1,800.000,750.000,-1,-1,2,0,2,0,2,0,0,0,0,2,0,0,2,1,0,2,2
98,-5607.582,5315.201,-182.351,-101.411,-0.200036,0.979155,-0.035222,-0.978308,-0.197629,0.062097,0.053841,0.046880,0.997448,0,0.83221,-0.25613,49.932,-0.512,-1,400.000,-1,400.000,-1,325.000,325.000,300.000,300.000,-1,825.000,825.000,-1,800.000,750.000,-1,-1,2,0,2,0,2,0,0,0,0,2,0,0,2,1,0,2,2
99,-5618.079,5266.500,-179.751,-102.163,-0.212836,0.976500,-0.033885,-0.975602,-0.210473,0.062464,0.053864,0.046353,0.997472,0,0.83032,-0.37613,49.819,-0.752,-1,400.000,-1,400.000,-1,325.000,325.000,300.000,300.000,-1,850.000,850.000,-1,800.000,775.000,-1,-1,2,0,2,0,2,0,0,0,0,2,0,0,2,1,0,2,2
100,-5629.278,5218.056,-177.206,-103.016,-0.227291,0.973286,-0.032443,-0.972343,-0.224980,0.062713,0.053739,0.045800,0.997504,0,0.82870,-0.42613,49.722,-0.852,-1,400.000,-1,400.000,-1,325.000,325.000,300.000,300.000,-1,875.000,900.000,-1,825.000,775.000,-1,-1,2,0,2,0,2,0,0,0,0,2,0,0,2,1,0,2,2
101,-5641.174,5169.869,-174.644,-103.868,-0.241670,0.969867,-0.030873,-0.968895,-0.239436,0.062562,0.053285,0.045032,0.997563,0,0.82721,-0.42600,49.633,-0.852,-1,400.000,-1,400.000,-1,325.000,325.000,300.000,300.000,-1,925.000,925.000,-1,825.000,775.000,-1,-1,2,0,2,0,2,0,0,0,0,2,0,0,2,1,0,2,2
102,-5653.763,5121.950,-172.272,-104.719,-0.255999,0.966211,-0.030021,-0.965266,-0.253825,0.061915,0.052203,0.044828,0.997630,0,0.82575,-0.42576,49.545,-0.852,-1,400.000,-1,400.000,-1,325.000,325.000,300.000,300.000,-1,975.000,1000.000,-1,850.000,775.000,-1,-1,2,0,2,0,2,0,0,0,0,2,0,0,2,0,0,2,2
103,-5667.039,5074.306,-169.935,-105.570,-0.270261,0.962345,-0.029190,-0.961431,-0.268147,0.061214,0.051082,0.044608,0.997698,0,0.82432,-0.42542,49.459,-0.851,-1,400.000,-1,400.000,-1,325.000,325.000,300.000,300.000,-1,-1,-1,-1,850.000,775.000,-1,-1,2,0,2,0,2,0,0,0,0,2,2,2,2,0,0,2,2
104,-5680.997,5026.944,-167.631,-106.420,-0.284449,0.958271,-0.028385,-0.957391,-0.282397,0.060456,0.049917,0.044372,0.997767,0,0.82293,-0.42499,49.376,-0.850,-1,400.000,-1,400.000,-1,325.000,325.000,300.000,300.000,-1,-1,-1,-1,850.000,775.000,-1,-1,2,0,2,0,2,0,0,0,0,2,2,2,2,0,0,2,2
105,-5695.630,4979.871,-165.360,-107.269,-0.298557,0.953992,-0.027613,-0.953148,-0.296566,0.059638,0.048705,0.044124,0.997838,0,0.82158,-0.42446,49.295,-0.849,-1,400.000,-1,400.000,-1,325.000,325.000,300.000,300.000,-1,-1,-1,-1,850.000,775.000,-1,-1,2,0,2,0,2,0,0,0,0,2,2,2,2,0,0,2,2
106,-5710.935,4933.093,-163.121,-108.116,-0.312579,0.949511,-0.026878,-0.948706,-0.310651,0.058758,0.047442,0.043866,0.997910,0,0.82030,-0.42383,49.218,-0.848,-1,400.000,-1,400.000,-1,325.000,325.000,300.000,300.000,-1,-1,-1,-1,850.000,775.000,-1,-1,2,0,2,0,2,0,0,0,0,2,2,2,2,0,0,2,2
107,-5726.905,4886.616,-160.906,-108.963,-0.326512,0.944830,-0.026208,-0.944066,-0.324643,0.057848,0.046148,0.043630,0.997981,0,0.81907,-0.42311,49.144,-0.846,-1,400.000,-1,400.000,-1,325.000,325.000,300.000,300.000,-1,-1,-1,-1,850.000,775.000,-1,-1,2,0,2,0,2,0,0,0,1,2,2,2,2,0,0,2,2
108,-5743.535,4840.444,-158.633,-109.807,-0.340370,0.939937,-0.025827,-0.939210,-0.338533,0.057266,0.045083,0.043749,0.998025,0,0.81792,-0.42230,49.075,-0.845,-1,400.000,-1,400.000,-1,325.000,325.000,300.000,300.000,-1,-1,-1,-1,850.000,750.000,-1,-1,2,0,2,0,2,0,0,0,1,2,2,2,2,0,0,2,2
109,-5760.819,4794.582,-156.390,-110.650,-0.354124,0.934851,-0.025488,-0.934165,-0.352321,0.056624,0.043955,0.043862,0.998070,0,0.81684,-0.42140,49.010,-0.843,-1,400.000,-1,400.000,-1,325.000,325.000,300.000,300.000,-1,-1,-1,-1,850.000,750.000,-1,-1,2,0,2,0,2,0,0,0,1,2,2,2,2,0,0,2,2
110,-5778.752,4749.035,-154.177,-111.491,-0.367769,0.929576,-0.025195,-0.928933,-0.365999,0.055921,0.042762,0.043971,0.998117,0,0.81584,-0.42041,48.950,-0.841,-1,400.000,-1,400.000,-1,325.000,325.000,300.000,300.000,-1,-1,-1,-1,850.000,750.000,-1,-1,2,0,2,0,2,0,0,0,0,2,2,2,2,1,0,2,2
111,-5797.329,4703.806,-152.016,-112.330,-0.381298,0.924118,-0.024836,-0.923517,-0.379566,0.055190,0.041575,0.043981,0.998167,0,0.81492,-0.41934,48.895,-0.839,-1,400.000,-1,400.000,-1,325.000,325.000,300.000,300.000,-1,-1,-1,-1,825.000,750.000,-1,-1,2,0,2,0,2,0,0,0,0,2,2,2,2,1,0,2,2
112,-5816.545,4658.900,-149.961,-113.166,-0.394696,0.918492,-0.024241,-0.917927,-0.393021,0.054261,0.040311,0.043668,0.998232,0,0.81409,-0.41819,48.845,-0.836,-1,425.000,-1,400.000,-1,325.000,325.000,300.000,275.000,-1,-1,-1,-1,825.000,750.000,-1,-1,2,0,2,0,2,0,0,0,0,2,2,2,2,1,0,2,2
113,-5837.257,4611.859,-147.992,-113.762,-0.404144,0.914401,-0.023212,-0.913880,-0.402582,0.052459,0.038624,0.042414,0.998353,0,0.85664,-0.29819,51.398,-0.596,-1,400.000,-1,400.000,-1,325.000,325.000,300.000,275.000,-1,-1,-1,-1,800.000,750.000,-1,-1,2,0,2,0,2,0,0,0,0,2,2,2,2,1,0,2,2
114,-5858.378,4565.116,-146.056,-114.315,-0.412849,0.910529,-0.022190,-0.910051,-0.411399,0.050577,0.036923,0.041075,0.998474,0,0.85489,-0.27613,51.294,-0.552,-1,400.000,-1,400.000,-1,325.000,325.000,300.000,275.000,-1,-1,-1,-1,800.000,725.000,-1,-1,2,0,2,0,2,0,0,0,0,2,2,2,2,1,0,2,2
115,-5877.753,4522.852,-144.281,-114.627,-0.417725,0.908330,-0.021032,-0.907872,-0.416381,0.048940,0.035697,0.039538,0.998580,0,0.77489,-0.15613,46.494,-0.312,-1,400.000,-1,400.000,-1,325.000,325.000,300.000,300.000,-1,-1,-1,-1,775.000,725.000,-1,-1,2,0,2,0,2,0,0,1,0,2,2,2,2,1,0,2,2
116,-5896.506,4482.080,-142.585,-114.699,-0.418817,0.907862,-0.019454,-0.907367,-0.417553,0.048316,0.035741,0.037888,0.998643,0,0.74795,-0.03613,44.877,-0.072,-1,425.000,-1,400.000,-1,325.000,325.000,275.000,300.000,-1,-1,-1,-1,775.000,725.000,-1,-1,2,0,2,0,2,0,0,1,0,2,2,2,2,1,0,2,2
117,-5915.207,4441.400,-140.989,-114.688,-0.418587,0.907993,-0.018256,-0.907479,-0.417393,0.047593,0.035595,0.036489,0.998700,0,0.74623,0.00574,44.774,0.011,-1,425.000,-1,400.000,-1,325.000,325.000,275.000,300.000,-1,-1,-1,-1,775.000,750.000,-1,-1,2,0,2,0,2,0,0,1,0,2,2,2,2,1,0,2,2
118,-5933.854,4400.811,-139.545,-114.674,-0.418331,0.908122,-0.017693,-0.907619,-0.417189,0.046705,0.035032,0.035597,0.998752,0,0.74445,0.00685,44.667,0.014,1000.000,425.000,-1,400.000,-1,325.000,325.000,275.000,275.000,-1,-1,-1,-1,775.000,725.000,-1,-1,1,0,2,0,2,0,0,1,0,2,2,2,2,1,0,2,2
119,-5952.442,4360.322,-138.116,-114.658,-0.418045,0.908265,-0.017131,-0.907773,-0.416954,0.045810,0.034465,0.034701,0.998803,0,0.74253,0.00783,44.552,0.016,950.000,425.000,-1,400.000,-1,350.000,325.000,275.000,275.000,-1,-1,-1,-1,750.000,725.000,-1,-1,1,0,2,0,2,0,0,1,0,2,2,2,2,1,0,2,2
120,-5970.966,4319.938,-136.629,-114.641,-0.417737,0.908410,-0.016938,-0.907945,-0.416687,0.044815,0.033653,0.034100,0.998852,0,0.74051,0.00869,44.430,0.017,925.000,425.000,-1,400.000,-1,350.000,325.000,275.000,275.000,-1,-1,-1,-1,750.000,725.000,-1,-1,1,1,2,0,2,0,0,1,0,2,2,2,2,1,0,2,2
121,-5989.424,4279.664,-135.151,-114.622,-0.417407,0.908565,-0.016775,-0.908127,-0.416397,0.043806,0.032816,0.033519,0.998899,0,0.73838,0.00940,44.303,0.019,900.000,425.000,-1,400.000,-1,350.000,325.000,275.000,275.000,-1,-1,-1,-1,750.000,725.000,-1,-1,1,1,2,0,2,0,0,1,0,2,2,2,2,1,0,2,2
122,-6007.813,4239.504,-133.691,-114.602,-0.417059,0.908728,-0.016601,-0.908317,-0.416089,0.042794,0.031980,0.032926,0.998946,0,0.73616,0.00998,44.170,0.020,875.000,400.000,-1,400.000,-1,350.000,325.000,275.000,275.000,-1,-1,-1,-1,750.000,725.000,-1,-1,1,1,2,0,2,0,0,1,0,2,2,2,2,1,0,2,2
123,-6026.130,4199.462,-132.248,-114.581,-0.416697,0.908897,-0.016414,-0.908512,-0.415766,0.041778,0.031147,0.032321,0.998992,0,0.73388,0.01043,44.033,0.021,850.000,400.000,-1,400.000,-1,350.000,325.000,300.000,275.000,-1,-1,-1,-1,750.000,700.000,-1,-1,1,1,2,0,2,1,0,1,0,2,2,2,2,1,0,2,2
124,-6044.375,4159.540,-130.823,-114.560,-0.416326,0.909071,-0.016216,-0.908710,-0.415433,0.040758,0.030315,0.031704,0.999037,0,0.73155,0.01074,43.893,0.021,825.000,400.000,-1,375.000,-1,350.000,325.000,300.000,275.000,-1,-1,-1,-1,750.000,700.000,-1,-1,1,1,2,0,2,0,0,1,0,2,2,2,2,1,0,2,2
125,-6062.545,4119.740,-129.415,-114.538,-0.415949,0.909247,-0.016006,-0.908910,-0.415095,0.039735,0.029485,0.031076,0.999082,0,0.72920,0.01092,43.752,0.022,800.000,400.000,-1,375.000,-1,325.000,325.000,300.000,275.000,-1,-1,-1,-1,750.000,700.000,-1,-1,1,1,2,0,2,0,0,0,0,2,2,2,2,1,0,2,2
126,-6080.641,4080.061,-128.042,-114.516,-0.415570,0.909426,-0.015692,-0.909108,-0.414756,0.038732,0.028716,0.030361,0.999126,0,0.72684,0.01096,43.610,0.022,800.000,400.000,-1,375.000,-1,325.000,325.000,300.000,275.000,-1,-1,-1,-1,750.000,700.000,-1,-1,1,1,2,0,2,0,0,0,0,2,2,2,2,1,0,2,2
127,-6099.915,4037.855,-126.755,-114.544,-0.415964,0.909265,-0.014527,-0.908938,-0.415210,0.037852,0.028386,0.028950,0.999178,0,0.77331,-0.01374,46.399,-0.027,-1,400.000,-1,375.000,-1,325.000,325.000,300.000,275.000,-1,-1,-1,-1,775.000,675.000,-1,-1,2,1,2,0,2,0,0,0,0,2,2,2,2,1,0,2,2
128,-6119.199,3995.664,-125.208,-114.563,-0.416275,0.909131,-0.013999,-0.908777,-0.415523,0.038269,0.028975,0.028653,0.999169,0,0.77315,-0.00976,46.389,-0.020,-1,400.000,-1,375.000,-1,325.000,325.000,300.000,275.000,-1,-1,-1,-1,775.000,675.000,-1,-1,2,1,2,0,2,0,0,0,0,2,2,2,2,0,0,2,2
129,-6138.480,3953.500,-123.416,-114.574,-0.416494,0.909030,-0.014070,-0.908629,-0.415692,0.039913,0.030433,0.029408,0.999104,0,0.77272,-0.00562,46.363,-0.011,-1,400.000,-1,375.000,-1,325.000,325.000,300.000,275.000,-1,-1,-1,-1,775.000,700.000,-1,-1,2,0,2,0,2,0,0,0,0,2,2,2,2,0,0,2,2
130,-6157.746,3911.375,-121.515,-114.577,-0.416536,0.909018,-0.013526,-0.908588,-0.415738,0.040381,0.031084,0.029109,0.999093,0,0.77202,-0.00132,46.321,-0.003,-1,400.000,-1,375.000,-1,325.000,325.000,300.000,275.000,-1,-1,-1,-1,775.000,700.000,-1,-1,2,0,2,0,2,0,0,0,0,2,2,2,2,0,0,2,2
131,-6176.982,3869.302,-119.669,-114.571,-0.416421,0.909083,-0.012719,-0.908629,-0.415648,0.040368,0.031411,0.028367,0.999104,0,0.77103,0.00312,46.262,0.006,-1,400.000,-1,375.000,-1,325.000,325.000,300.000,275.000,-1,-1,-1,-1,750.000,700.000,-1,-1,2,0,2,0,2,0,0,1,0,2,2,2,2,0,0,2,2
132,-6196.175,3827.295,-118.130,-114.555,-0.416178,0.909201,-0.012191,-0.908714,-0.415406,0.040940,0.032158,0.028116,0.999087,0,0.76974,0.00771,46.184,0.015,-1,400.000,-1,375.000,-1,325.000,325.000,300.000,275.000,-1,-1,-1,-1,750.000,700.000,-1,-1,2,0,2,0,2,0,0,1,0,2,2,2,2,0,0,2,2
