timestep,x_cm,y_cm,z_cm,yaw_deg,basis_xx,basis_xy,basis_xz,basis_yx,basis_yy,basis_yz,basis_zx,basis_zy,basis_zz,teleport_flag,throttle_cmd,steering_cmd,cmd_move_cm,cmd_turn_deg,lidar_cm_0,lidar_cm_1,lidar_cm_2,lidar_cm_3,lidar_cm_4,lidar_cm_5,lidar_cm_6,lidar_cm_7,lidar_cm_8,lidar_cm_9,lidar_cm_10,lidar_cm_11,lidar_cm_12,lidar_cm_13,lidar_cm_14,lidar_cm_15,lidar_cm_16,lidar_class_0,lidar_class_1,lidar_class_2,lidar_class_3,lidar_class_4,lidar_class_5,lidar_class_6,lidar_class_7,lidar_class_8,lidar_class_9,lidar_class_10,lidar_class_11,lidar_class_12,lidar_class_13,lidar_class_14,lidar_class_15,lidar_class_16
0,980.625,7546.729,261.784,-46.931,0.683415,0.730027,0.001983,-0.729102,0.682407,0.052269,0.036804,-0.037167,0.998631,1,-0.08000,0.12000,-4.800,0.240,-1,425.000,-1,425.000,-1,350.000,350.000,300.000,300.000,-1,1000.000,925.000,-1,-1,1000.000,-1,-1,2,0,2,0,2,0,0,0,0,2,1,1,2,2,0,2,2
1,974.025,7553.700,261.483,-46.562,0.688096,0.725618,0.001573,-0.724671,0.687084,0.052607,0.037092,-0.037339,0.998614,0,-0.16000,0.18427,-9.600,0.369,-1,425.000,-1,425.000,-1,350.000,350.000,300.000,300.000,-1,975.000,925.000,-1,-1,-1,-1,-1,2,0,2,0,2,0,0,0,0,2,1,1,2,2,2,2,2
2,964.058,7564.094,261.028,-46.202,0.692646,0.721277,0.000985,-0.720295,0.691630,0.053123,0.037635,-0.037505,0.998588,0,-0.24000,0.18020,-14.400,0.360,-1,425.000,-1,425.000,-1,350.000,350.000,300.000,300.000,-1,950.000,900.000,-1,-1,-1,-1,-1,2,0,2,0,2,0,0,0,0,2,1,1,2,2,2,2,2
3,950.686,7577.871,260.420,-45.854,0.697015,0.717057,0.000226,-0.716026,0.695997,0.053805,0.038424,-0.037665,0.998551,0,-0.32000,0.17410,-19.200,0.348,-1,425.000,-1,425.000,-1,350.000,350.000,300.000,300.000,-1,925.000,850.000,-1,-1,-1,-1,-1,2,0,2,0,2,0,0,0,0,2,1,1,2,2,2,2,2
4,933.871,7594.995,259.591,-45.522,0.701163,0.713001,-0.000345,-0.711921,0.700127,0.054679,0.039228,-0.038093,0.998504,0,-0.40000,0.16595,-24.000,0.332,-1,425.000,-1,425.000,-1,350.000,350.000,300.000,300.000,-1,875.000,825.000,-1,-1,-1,-1,-1,2,0,2,0,2,0,0,0,0,2,1,1,2,2,2,2,2
5,913.581,7615.435,258.449,-45.210,0.705040,0.709167,-0.000574,-0.708052,0.703977,0.055490,0.039756,-0.038716,0.998459,0,-0.48000,0.15577,-28.800,0.312,-1,425.000,-1,425.000,-1,350.000,350.000,300.000,300.000,-1,850.000,800.000,-1,-1,1000.000,-1,-1,2,0,2,0,2,0,0,0,0,2,1,1,2,2,0,2,2
6,891.632,7637.325,257.210,-44.923,0.708596,0.705614,-0.000818,-0.704464,0.707505,0.056276,0.040288,-0.039301,0.998415,0,-0.51665,0.14355,-30.999,0.287,-1,425.000,-1,425.000,-1,325.000,350.000,300.000,300.000,-1,800.000,750.000,-1,-1,1000.000,-1,-1,2,0,2,0,2,0,0,0,0,2,1,1,2,2,0,2,2
7,869.081,7659.407,255.957,-44.396,0.715068,0.699054,-0.001026,-0.697875,0.713945,0.057043,0.040609,-0.040074,0.998371,0,-0.52604,0.26355,-31.563,0.527,-1,425.000,-1,425.000,-1,325.000,350.000,300.000,300.000,-1,750.000,700.000,-1,-1,1000.000,-1,-1,2,0,2,0,2,0,0,0,0,2,1,1,2,2,0,2,2
8,845.820,7681.581,254.694,-43.629,0.724374,0.689406,-0.001205,-0.688204,0.723212,0.057788,0.040711,-0.041031,0.998328,0,-0.53560,0.38355,-32.136,0.767,-1,400.000,-1,425.000,-1,325.000,325.000,300.000,300.000,-1,700.000,675.000,-1,-1,975.000,-1,-1,2,0,2,0,2,0,0,0,0,2,1,1,2,2,0,2,2
9,821.745,7703.736,253.428,-42.622,0.736389,0.676557,-0.001364,-0.675340,0.735183,0.058507,0.040586,-0.042163,0.998286,0,-0.54530,0.50355,-32.718,1.007,-1,400.000,-1,425.000,-1,325.000,325.000,300.000,300.000,-1,650.000,625.000,-1,-1,975.000,-1,-1,2,0,2,0,2,0,0,0,0,2,1,1,2,2,0,2,2
10,796.790,7725.793,252.164,-41.471,0.749843,0.661614,-0.001513,-0.660388,0.748588,0.059197,0.040298,-0.043389,0.998245,0,-0.55509,0.57562,-33.306,1.151,-1,400.000,-1,425.000,-1,325.000,325.000,300.000,300.000,-1,625.000,600.000,-1,1000.000,975.000,-1,-1,2,0,2,0,2,0,0,0,0,2,1,1,2,0,0,2,2
11,770.935,7747.714,250.903,-40.291,0.763310,0.646031,-0.001660,-0.644798,0.762006,0.059852,0.039932,-0.044615,0.998206,0,-0.56495,0.58972,-33.897,1.179,-1,400.000,-1,425.000,-1,325.000,325.000,300.000,300.000,-1,575.000,575.000,-1,975.000,950.000,-1,-1,2,0,2,0,2,0,0,0,0,2,1,1,2,0,0,2,2
12,744.163,7769.459,249.645,-39.083,0.776766,0.629786,-0.001803,-0.628550,0.775415,0.060473,0.039483,-0.045840,0.998168,0,-0.57484,0.60405,-34.490,1.208,-1,400.000,-1,425.000,-1,325.000,325.000,300.000,300.000,-1,525.000,550.000,-1,950.000,950.000,-1,-1,2,0,2,0,2,0,0,0,0,2,1,1,2,0,0,2,2
13,716.459,7790.985,248.430,-37.846,0.790193,0.612856,-0.001722,-0.611626,0.788779,0.061173,0.038848,-0.047286,0.998126,0,-0.58472,0.61859,-35.083,1.237,-1,400.000,-1,425.000,-1,325.000,325.000,300.000,300.000,-1,475.000,525.000,-1,925.000,925.000,-1,-1,2,0,2,0,2,0,0,0,0,2,1,1,2,0,0,2,2
14,687.813,7812.245,247.113,-36.579,0.803573,0.595205,-0.001450,-0.593961,0.802046,0.062705,0.038485,-0.049527,0.998031,0,-0.59455,0.63334,-35.673,1.267,-1,400.000,-1,425.000,-1,325.000,325.000,300.000,300.000,-1,450.000,500.000,-1,900.000,925.000,-1,-1,2,0,2,0,2,0,0,0,0,2,1,1,2,0,0,2,2
15,658.217,7833.188,245.824,-35.283,0.816856,0.576840,-0.001190,-0.575590,0.815218,0.064152,0.037975,-0.051718,0.997939,0,-0.60427,0.64829,-36.256,1.297,-1,400.000,-1,400.000,-1,325.000,325.000,325.000,300.000,-1,400.000,450.000,-1,850.000,925.000,-1,-1,2,0,2,0,2,0,0,0,0,2,1,1,2,0,0,2,2
16,627.669,7853.761,244.565,-33.956,0.830012,0.557745,-0.000937,-0.556497,0.828263,0.065510,0.037315,-0.053853,0.997851,0,-0.61382,0.66341,-36.829,1.327,-1,400.000,-1,400.000,-1,325.000,325.000,325.000,325.000,-1,350.000,450.000,-1,825.000,900.000,-1,-1,2,0,2,0,2,0,0,0,0,2,1,1,2,0,0,2,2
17,596.172,7873.905,243.340,-32.599,0.843004,0.537907,-0.000686,-0.536668,0.841147,0.066779,0.036498,-0.055927,0.997768,0,-0.62311,0.67868,-37.387,1.357,-1,400.000,-1,400.000,-1,325.000,325.000,325.000,325.000,-1,325.000,425.000,-1,800.000,900.000,-1,-1,2,0,2,0,2,0,0,0,0,2,1,1,2,0,0,2,2
18,563.737,7893.558,242.149,-31.210,0.855796,0.517313,-0.000423,-0.516093,0.853833,0.067959,0.035517,-0.057941,0.997688,0,-0.63206,0.69407,-37.924,1.388,-1,400.000,-1,400.000,-1,325.000,325.000,325.000,325.000,-1,275.000,400.000,-1,775.000,900.000,-1,-1,2,0,2,0,2,0,0,0,0,2,1,1,2,0,0,2,2
19,530.383,7912.655,240.984,-29.791,0.868351,0.495950,-0.000077,-0.494760,0.866280,0.069076,0.034325,-0.059944,0.997611,0,-0.64056,0.70956,-38.434,1.419,-1,400.000,-1,400.000,-1,325.000,325.000,325.000,325.000,975.000,250.000,400.000,-1,775.000,900.000,-1,-1,2,0,2,0,2,0,0,0,0,1,1,1,2,0,0,2,2
20,496.139,7931.127,239.777,-28.341,0.880620,0.473823,0.000310,-0.472692,0.878472,0.069634,0.032722,-0.061467,0.997573,0,-0.64848,0.72510,-38.909,1.450,-1,400.000,-1,400.000,-1,325.000,325.000,325.000,325.000,875.000,225.000,375.000,-1,775.000,875.000,-1,-1,2,0,2,0,2,0,0,0,0,1,1,1,2,0,0,2,2
21,461.042,7948.901,239.128,-26.860,0.892535,0.450976,0.001243,-0.450025,0.890468,0.067411,0.029294,-0.060726,0.997725,0,-0.65567,0.74065,-39.340,1.481,-1,400.000,-1,400.000,-1,325.000,325.000,325.000,325.000,800.000,225.000,375.000,-1,750.000,850.000,-1,-1,2,0,2,0,2,0,0,0,0,1,1,1,2,0,0,2,2
22,425.146,7965.905,238.913,-25.348,0.904070,0.427377,0.002727,-0.426676,0.902183,0.063353,0.024615,-0.058439,0.997987,0,-0.66198,0.75615,-39.719,1.512,-1,400.000,-1,400.000,-1,325.000,325.000,350.000,325.000,725.000,225.000,400.000,-1,750.000,825.000,-1,-1,2,0,2,0,2,0,0,0,0,1,1,1,2,0,0,2,2
23,388.517,7982.062,238.890,-23.804,0.915192,0.402993,0.004592,-0.402549,0.913514,0.058715,0.019467,-0.055584,0.998264,0,-0.66722,0.77154,-40.033,1.543,-1,375.000,-1,375.000,-1,325.000,325.000,350.000,300.000,650.000,225.000,425.000,-1,750.000,775.000,-1,-1,2,0,2,0,2,0,0,0,0,1,1,1,2,0,0,2,2
24,355.854,7995.272,239.065,-22.021,0.927230,0.374432,0.006665,-0.374226,0.925757,0.054117,0.014093,-0.052673,0.998512,0,-0.58722,0.89154,-35.233,1.783,-1,375.000,-1,375.000,-1,300.000,300.000,350.000,300.000,600.000,250.000,475.000,-1,725.000,750.000,-1,-1,2,0,2,0,2,0,0,0,0,1,1,1,2,0,0,2,2
25,327.259,8005.691,239.356,-20.021,0.939678,0.341944,0.008884,-0.341948,0.938392,0.049920,0.008733,-0.049947,0.998714,0,-0.50722,1.00000,-30.433,2.000,-1,375.000,-1,375.000,-1,300.000,300.000,375.000,300.000,550.000,275.000,625.000,-1,725.000,725.000,-1,-1,2,0,2,0,2,0,0,0,0,1,1,1,2,0,0,2,2
26,302.883,8013.620,239.673,-18.021,0.950990,0.309021,0.011085,-0.309197,0.949863,0.046442,0.003823,-0.047593,0.998859,0,-0.42722,1.00000,-25.633,2.000,-1,375.000,-1,375.000,-1,300.000,300.000,375.000,300.000,500.000,300.000,-1,-1,725.000,700.000,-1,-1,2,0,2,0,2,0,0,0,0,1,1,2,2,0,0,2,2
27,282.859,8019.370,239.964,-16.021,0.961152,0.275707,0.013140,-0.276020,0.960153,0.043816,-0.000536,-0.045740,0.998953,0,-0.34722,1.00000,-20.833,2.000,-1,375.000,-1,375.000,-1,300.000,300.000,400.000,300.000,475.000,350.000,-1,-1,725.000,675.000,-1,-1,2,0,2,0,2,0,0,0,0,1,1,2,2,0,0,2,2
28,267.303,8023.254,240.125,-14.021,0.970147,0.242042,0.015205,-0.242477,0.969234,0.042308,-0.004498,-0.044732,0.998989,0,-0.26722,1.00000,-16.033,2.000,-1,375.000,-1,350.000,-1,300.000,300.000,400.000,300.000,450.000,-1,-1,-1,700.000,650.000,-1,-1,2,0,2,0,2,0,0,0,0,1,2,2,2,0,0,2,2
29,256.316,8025.594,240.123,-12.021,0.977963,0.208069,0.017186,-0.208622,0.977096,0.041960,-0.008062,-0.044621,0.998971,0,-0.18722,1.00000,-11.233,2.000,-1,375.000,-1,350.000,-1,300.000,300.000,400.000,300.000,450.000,-1,-1,-1,700.000,650.000,-1,-1,2,0,2,0,2,0,0,0,0,1,2,2,2,0,0,2,2
30,249.981,8026.714,240.027,-10.021,0.984598,0.173839,0.018641,-0.174492,0.983743,0.042443,-0.010960,-0.045042,0.998925,0,-0.10722,1.00000,-6.433,2.000,-1,375.000,-1,350.000,-1,300.000,300.000,400.000,300.000,425.000,-1,-1,-1,700.000,650.000,-1,-1,2,0,2,0,2,0,0,0,0,1,2,2,2,0,0,2,2
31,248.364,8026.943,239.825,-8.021,0.990044,0.139395,0.019545,-0.140134,0.989170,0.043658,-0.013248,-0.045963,0.998855,0,-0.02722,1.00000,-1.633,2.000,-1,375.000,-1,350.000,-1,300.000,300.000,400.000,300.000,425.000,-1,-1,-1,700.000,650.000,-1,-1,2,0,2,0,2,0,0,0,0,1,2,2,2,0,0,2,2
32,251.513,8026.612,239.512,-6.021,0.994296,0.104782,0.019903,-0.105595,0.993369,0.045481,-0.015006,-0.047323,0.998767,0,0.05278,1.00000,3.167,2.000,-1,375.000,-1,350.000,-1,300.000,300.000,375.000,300.000,425.000,-1,-1,-1,700.000,650.000,-1,-1,2,0,2,0,2,0,0,0,0,1,2,2,2,0,0,2,2
33,259.460,8026.055,239.090,-4.021,0.997348,0.070045,0.019747,-0.070919,0.996338,0.047767,-0.016329,-0.049041,0.998663,0,0.13278,1.00000,7.967,2.000,-1,375.000,-1,350.000,-1,300.000,300.000,375.000,300.000,425.000,-1,-1,-1,725.000,650.000,-1,-1,2,0,2,0,2,0,0,0,0,1,2,2,2,0,0,2,2
34,272.219,8025.606,238.562,-2.021,0.999196,0.035227,0.019135,-0.036152,0.998076,0.050369,-0.017324,-0.051020,0.998547,0,0.21278,1.00000,12.767,2.000,-1,375.000,-1,350.000,-1,300.000,300.000,375.000,300.000,425.000,-1,-1,-1,725.000,650.000,-1,-1,2,0,2,0,2,0,0,0,0,1,2,2,2,0,0,2,2
35,289.785,8025.601,237.933,-0.021,0.999835,0.000373,0.018145,-0.001337,0.998586,0.053144,-0.018100,-0.053160,0.998422,0,0.29278,1.00000,17.567,2.000,-1,375.000,-1,350.000,-1,300.000,300.000,375.000,300.000,425.000,-1,-1,-1,725.000,675.000,-1,-1,2,0,2,0,2,0,0,0,0,1,2,2,2,0,0,2,2
36,312.138,8026.375,237.207,1.979,0.999263,-0.034473,0.016871,0.033480,0.997871,0.055968,-0.018764,-0.055362,0.998290,0,0.37278,1.00000,22.367,2.000,-1,375.000,-1,375.000,-1,300.000,300.000,375.000,300.000,425.000,-1,-1,-1,750.000,675.000,-1,-1,2,0,2,0,2,0,0,0,0,1,2,2,2,0,0,2,2
37,339.239,8028.261,236.384,3.979,0.997479,-0.069269,0.015410,0.068255,0.995937,0.058741,-0.019416,-0.057541,0.998154,0,0.45278,1.00000,27.167,2.000,-1,375.000,-1,375.000,-1,300.000,300.000,350.000,300.000,450.000,-1,-1,-1,750.000,675.000,-1,-1,2,0,2,0,2,0,0,0,0,1,2,2,2,0,0,2,2
38,367.669,8031.241,235.519,5.979,0.994482,-0.103973,0.013960,0.102936,0.992798,0.061290,-0.020232,-0.059515,0.998022,0,0.47644,1.00000,28.587,2.000,-1,375.000,-1,375.000,-1,300.000,300.000,350.000,300.000,450.000,-1,-1,-1,775.000,700.000,-1,-1,2,0,2,0,2,0,0,0,0,1,2,2,2,0,0,2,2
39,396.351,8035.262,234.627,7.979,0.990277,-0.138543,0.012579,0.137481,0.988461,0.063595,-0.021245,-0.061247,0.997897,0,0.48273,1.00000,28.964,2.000,-1,400.000,-1,375.000,-1,300.000,300.000,350.000,300.000,475.000,-1,-1,-1,775.000,700.000,-1,-1,2,0,2,0,2,0,0,0,0,1,2,2,2,0,0,2,2
40,425.239,8040.346,233.703,9.979,0.984868,-0.172939,0.011281,0.171847,0.982932,0.065677,-0.022447,-0.062744,0.997777,0,0.48888,1.00000,29.333,2.000,-1,400.000,-1,375.000,-1,300.000,300.000,350.000,300.000,475.000,-1,-1,-1,800.000,700.000,-1,-1,2,0,2,0,2,0,0,0,0,1,2,2,2,0,0,2,2
41,454.286,8046.511,232.743,11.979,0.978264,-0.207121,0.010072,0.205992,0.976218,0.067562,-0.023826,-0.064019,0.997664,0,0.49491,1.00000,29.695,2.000,-1,400.000,-1,375.000,-1,300.000,300.000,350.000,300.000,500.000,-1,-1,-1,800.000,700.000,-1,-1,2,0,2,0,2,0,0,0,0,1,2,2,2,0,0,2,2
42,483.444,8053.770,231.740,13.979,0.970472,-0.241047,0.008952,0.239876,0.968328,0.069278,-0.025367,-0.065085,0.997557,0,0.50081,1.00000,30.049,2.000,-1,400.000,-1,375.000,-1,300.000,300.000,325.000,300.000,525.000,-1,-1,-1,825.000,700.000,-1,-1,2,0,2,0,2,0,0,0,0,1,2,2,2,0,0,2,2
43,512.663,8062.138,230.690,15.979,0.961503,-0.274679,0.007916,0.273458,0.959271,0.070852,-0.027055,-0.065960,0.997455,0,0.50659,1.00000,30.395,2.000,-1,400.000,-1,375.000,-1,325.000,300.000,325.000,300.000,550.000,-1,-1,-1,825.000,700.000,-1,-1,2,0,2,0,2,0,0,0,0,1,2,2,2,0,0,2,2
44,541.896,8071.625,229.585,17.979,0.951369,-0.307975,0.006953,0.306698,0.949056,0.072311,-0.028869,-0.066662,0.997358,0,0.51224,1.00000,30.734,2.000,-1,400.000,-1,375.000,-1,325.000,300.000,325.000,300.000,550.000,-1,-1,-1,825.000,700.000,-1,-1,2,0,2,0,2,0,0,0,0,1,2,2,2,0,0,2,2
45,571.091,8082.240,228.503,19.979,0.940083,-0.340890,0.006173,0.339530,0.937675,0.074056,-0.031033,-0.067523,0.997235,0,0.51776,1.00000,31.066,2.000,-1,400.000,-1,375.000,-1,325.000,300.000,325.000,300.000,575.000,-1,-1,-1,850.000,700.000,-1,-1,2,0,2,0,2,0,0,0,0,1,2,2,2,0,0,2,2
46,600.198,8093.989,227.395,21.979,0.927661,-0.373383,0.005485,0.371924,0.925151,0.075952,-0.033434,-0.068418,0.997096,0,0.52317,1.00000,31.390,2.000,-1,400.000,-1,375.000,-1,325.000,300.000,325.000,300.000,600.000,-1,-1,-1,850.000,700.000,-1,-1,2,0,2,0,2,0,0,0,0,1,2,2,2,0,0,2,2
47,628.558,8106.462,226.250,23.739,0.915803,-0.401599,0.004845,0.400044,0.913195,0.077721,-0.035637,-0.069239,0.996963,0,0.51638,0.88000,30.983,1.760,-1,400.000,-1,375.000,-1,325.000,300.000,325.000,300.000,625.000,-1,-1,-1,850.000,700.000,-1,-1,2,0,2,0,2,0,0,0,0,1,2,2,2,0,0,2,2
48,656.804,8119.791,225.047,25.259,0.904877,-0.425653,0.004128,0.424013,0.902162,0.079479,-0.037555,-0.070168,0.996828,0,0.52056,0.76000,31.233,1.520,-1,400.000,-1,375.000,-1,325.000,300.000,325.000,300.000,650.000,-1,-1,-1,850.000,725.000,-1,-1,2,0,2,0,2,0,0,0,0,1,2,2,2,0,0,2,2
49,684.909,8133.828,223.777,26.539,0.895195,-0.445664,0.003267,0.443954,0.892357,0.081266,-0.039133,-0.071299,0.996687,0,0.52360,0.64000,31.416,1.280,-1,400.000,-1,375.000,-1,325.000,325.000,325.000,300.000,675.000,-1,-1,-1,850.000,750.000,-1,-1,2,0,2,0,2,0,0,0,0,1,2,2,2,0,0,2,2
50,712.860,8148.430,222.429,27.579,0.887013,-0.461739,0.002193,0.459981,0.884030,0.083120,-0.040319,-0.072720,0.996537,0,0.52560,0.52000,31.536,1.040,-1,425.000,-1,375.000,-1,325.000,325.000,300.000,325.000,675.000,-1,-1,-1,850.000,775.000,-1,-1,2,0,2,0,2,0,0,0,0,1,2,2,2,0,0,2,2
51,740.659,8163.449,221.017,28.379,0.880536,-0.473978,0.000954,0.472190,0.877386,0.085027,-0.041137,-0.074419,0.996378,0,0.52662,0.40000,31.597,0.800,-1,425.000,-1,375.000,-1,325.000,325.000,300.000,325.000,675.000,-1,-1,-1,850.000,800.000,-1,-1,2,0,2,0,2,0,0,0,0,1,2,2,2,0,0,2,2
52,768.318,8178.744,219.745,28.939,0.875903,-0.482487,0.000498,0.480636,0.872633,0.086611,-0.042223,-0.075623,0.996242,0,0.52676,0.28000,31.606,0.560,-1,425.000,-1,375.000,-1,325.000,325.000,300.000,325.000,700.000,-1,-1,-1,850.000,825.000,-1,-1,2,0,2,0,2,0,0,0,0,1,2,2,2,0,0,2,2
53,795.856,8194.173,218.443,29.259,0.873235,-0.487300,0.000009,0.485398,0.869829,0.088235,-0.043005,-0.077046,0.996100,0,0.52611,0.16000,31.567,0.320,-1,425.000,-1,375.000,-1,325.000,325.000,300.000,325.000,700.000,-1,-1,-1,850.000,825.000,-1,-1,2,0,2,0,2,0,0,0,0,1,2,2,2,0,0,2,2
54,823.303,8209.602,217.120,29.339,0.872591,-0.488451,-0.000493,0.486512,0.869036,0.089900,-0.043483,-0.078686,0.995951,0,0.52477,0.04000,31.486,0.080,-1,425.000,-1,375.000,-1,325.000,325.000,300.000,325.000,675.000,-1,-1,-1,850.000,850.000,-1,-1,2,0,2,0,2,0,0,0,0,1,2,2,2,0,0,2,2
55,850.691,8224.898,215.845,29.179,0.873981,-0.485960,-0.001036,0.484013,0.870285,0.091299,-0.043466,-0.080296,0.995823,0,0.52283,-0.08000,31.370,-0.160,-1,425.000,-1,400.000,-1,325.000,325.000,300.000,325.000,675.000,-1,-1,-1,850.000,850.000,-1,-1,2,0,2,0,2,0,0,0,0,1,2,2,2,0,0,2,2
56,882.246,8242.577,214.407,29.259,0.873339,-0.487110,-0.001799,0.485155,0.869491,0.092786,-0.043633,-0.081906,0.995684,0,0.60283,0.04000,36.170,0.080,-1,425.000,-1,400.000,-1,325.000,325.000,300.000,325.000,675.000,-1,-1,-1,850.000,875.000,-1,-1,2,0,2,0,2,0,0,0,0,1,2,2,2,0,0,2,2
57,917.875,8262.802,212.609,29.579,0.870643,-0.491910,-0.002123,0.489896,0.866672,0.094247,-0.044521,-0.083095,0.995547,0,0.68283,0.16000,40.970,0.320,-1,425.000,-1,400.000,-1,325.000,325.000,300.000,325.000,700.000,-1,-1,-1,850.000,875.000,-1,-1,2,0,2,0,2,0,0,0,0,1,2,2,2,0,0,2,2
58,953.690,8283.596,210.565,30.139,0.865827,-0.500340,-0.001730,0.498200,0.861794,0.095438,-0.046261,-0.083495,0.995434,0,0.69023,0.28000,41.414,0.560,-1,425.000,-1,400.000,-1,325.000,325.000,300.000,325.000,725.000,-1,-1,-1,850.000,900.000,-1,-1,2,0,2,0,2,0,0,0,0,1,2,2,2,0,0,2,2
59,992.730,8306.998,208.236,30.939,0.858798,-0.512312,-0.001308,0.510017,0.854704,0.096771,-0.048460,-0.083774,0.995306,0,0.75863,0.40000,45.518,0.800,-1,400.000,-1,400.000,-1,325.000,325.000,300.000,325.000,725.000,-1,-1,-1,850.000,900.000,-1,-1,2,0,2,0,2,0,0,0,0,1,2,2,2,0,0,2,2
60,1031.306,8331.083,205.807,31.979,0.849406,-0.527739,-0.000892,0.525266,0.845261,0.098131,-0.051034,-0.083821,0.995173,0,0.75797,0.52000,45.478,1.040,-1,400.000,-1,400.000,-1,325.000,325.000,300.000,325.000,750.000,-1,-1,-1,825.000,900.000,-1,-1,2,0,2,0,2,0,0,0,0,1,2,2,2,0,0,2,2
61,1069.353,8356.037,203.263,33.259,0.837460,-0.546498,-0.000489,0.543826,0.833275,0.099529,-0.053985,-0.083618,0.995035,0,0.75836,0.64000,45.501,1.280,-1,400.000,-1,400.000,-1,325.000,325.000,300.000,325.000,800.000,-1,-1,-1,825.000,875.000,-1,-1,2,0,2,0,2,0,0,0,0,1,2,2,2,0,0,2,2
62,1106.793,8382.038,200.585,34.779,0.822730,-0.568432,-0.000110,0.565536,0.818518,0.100980,-0.057310,-0.083142,0.994888,0,0.75972,0.76000,45.583,1.520,-1,400.000,-1,400.000,-1,325.000,325.000,300.000,325.000,825.000,-1,-1,-1,825.000,875.000,-1,-1,2,0,2,0,2,0,0,1,0,1,2,2,2,0,0,2,2
63,1143.524,8409.256,197.745,36.539,0.804949,-0.593344,0.000230,0.590204,0.800729,0.102429,-0.060960,-0.082314,0.994740,0,0.76197,0.88000,45.718,1.760,-1,400.000,-1,400.000,-1,325.000,325.000,300.000,325.000,850.000,-1,-1,-1,825.000,875.000,-1,-1,2,0,2,0,2,0,0,1,0,1,2,2,2,0,0,2,2
64,1179.553,8437.698,194.783,38.288,0.786525,-0.617558,0.000487,0.614167,0.782288,0.104039,-0.064630,-0.081530,0.994573,0,0.76504,0.87491,45.903,1.750,-1,400.000,-1,400.000,-1,325.000,325.000,300.000,300.000,900.000,-1,-1,-1,800.000,850.000,-1,-1,2,0,2,0,2,0,0,1,0,1,2,2,2,0,0,2,2
65,1214.840,8467.333,191.737,40.024,0.767525,-0.641019,0.000646,0.637381,0.763275,0.105627,-0.068202,-0.080660,0.994406,0,0.76802,0.86801,46.081,1.736,-1,400.000,-1,425.000,-1,325.000,325.000,300.000,300.000,950.000,-1,-1,-1,800.000,850.000,-1,-1,2,0,2,0,2,0,0,1,0,1,2,2,2,0,0,2,2
66,1249.349,8498.129,188.409,41.747,0.747957,-0.663746,0.001486,0.659801,0.743751,0.107225,-0.072275,-0.079219,0.994234,0,0.77090,0.86112,46.254,1.722,-1,400.000,-1,400.000,-1,325.000,325.000,300.000,300.000,1000.000,-1,-1,-1,775.000,825.000,-1,-1,2,0,2,0,2,0,0,1,0,1,2,2,2,0,0,2,2
67,1283.046,8530.055,184.808,43.455,0.727850,-0.685730,0.002949,0.681418,0.723742,0.108934,-0.076834,-0.077278,0.994045,0,0.77367,0.85424,46.420,1.708,-1,400.000,-1,400.000,-1,325.000,325.000,300.000,300.000,-1,-1,-1,-1,775.000,800.000,-1,-1,2,0,2,0,2,0,0,1,0,2,2,2,2,0,0,2,2
68,1315.897,8563.077,181.156,45.150,0.707280,-0.706923,0.003993,0.702252,0.703234,0.110923,-0.081222,-0.075649,0.993821,0,0.77634,0.84736,46.580,1.695,-1,400.000,-1,400.000,-1,325.000,325.000,300.000,300.000,-1,-1,-1,-1,750.000,800.000,-1,-1,2,0,2,0,2,0,0,1,0,2,2,2,2,0,0,2,2
69,1347.871,8597.161,177.456,46.831,0.686284,-0.727319,0.004599,0.722298,0.682261,0.113159,-0.085441,-0.074337,0.993566,0,0.77890,0.84049,46.734,1.681,-1,400.000,-1,400.000,-1,325.000,325.000,300.000,300.000,-1,-1,-1,-1,750.000,775.000,-1,-1,2,0,2,0,2,0,0,1,0,2,2,2,2,0,0,2,2
70,1378.938,8632.271,173.260,48.498,0.664797,-0.747006,0.005116,0.741797,0.660939,0.113562,-0.088213,-0.071700,0.993518,0,0.78137,0.83363,46.882,1.667,-1,400.000,-1,400.000,-1,325.000,325.000,300.000,325.000,-1,-1,-1,-1,725.000,750.000,-1,-1,2,0,2,0,2,0,0,0,0,2,2,2,2,0,0,2,2
71,1409.070,8668.371,168.977,50.152,0.642915,-0.765917,0.005568,0.760547,0.639234,0.113790,-0.090713,-0.068923,0.993489,0,0.78374,0.82677,47.024,1.654,-1,400.000,-1,400.000,-1,325.000,325.000,300.000,325.000,-1,-1,-1,-1,725.000,750.000,-1,-1,2,0,2,0,2,0,0,0,0,2,2,2,2,0,0,2,2
72,1438.242,8705.426,164.678,51.791,0.620670,-0.784048,0.006053,0.778520,0.617174,0.114032,-0.093143,-0.066064,0.993459,0,0.78601,0.81991,47.161,1.640,-1,375.000,-1,400.000,-1,325.000,325.000,300.000,325.000,-1,-1,-1,-1,700.000,725.000,-1,-1,2,0,2,0,2,0,0,0,0,2,2,2,2,0,0,2,2
73,1466.428,8743.400,160.308,53.418,0.598112,-0.801388,0.006294,0.795723,0.594782,0.114280,-0.095326,-0.063344,0.993429,0,0.78819,0.81304,47.291,1.626,-1,375.000,-1,400.000,-1,325.000,325.000,300.000,325.000,-1,-1,-1,-1,700.000,725.000,-1,-1,2,0,2,0,2,0,0,0,0,2,2,2,2,0,0,2,2
74,1493.606,8782.254,155.869,55.030,0.575272,-0.817938,0.006311,0.812158,0.572090,0.114512,-0.097274,-0.060751,0.993402,0,0.79028,0.80618,47.417,1.612,-1,375.000,-1,375.000,-1,325.000,325.000,300.000,325.000,-1,-1,-1,-1,700.000,700.000,-1,-1,2,0,2,0,2,0,0,0,0,2,2,2,2,0,0,2,2
75,1519.755,8821.951,151.359,56.629,0.552179,-0.833703,0.006127,0.827827,0.549130,0.114711,-0.099000,-0.058269,0.993380,0,0.79228,0.79931,47.537,1.599,-1,375.000,-1,375.000,-1,325.000,325.000,300.000,325.000,-1,-1,-1,-1,675.000,700.000,-1,-1,2,0,2,0,2,0,0,0,0,2,2,2,2,0,0,2,2
76,1544.857,8862.454,146.783,58.213,0.528864,-0.848687,0.005757,0.842734,0.525934,0.114861,-0.100509,-0.055895,0.993365,0,0.79419,0.79243,47.652,1.585,-1,375.000,-1,375.000,-1,325.000,325.000,300.000,325.000,-1,-1,-1,-1,675.000,700.000,-1,-1,2,0,2,0,2,0,0,0,0,2,2,2,2,0,0,2,2
