timestep,x_cm,y_cm,z_cm,yaw_deg,basis_xx,basis_xy,basis_xz,basis_yx,basis_yy,basis_yz,basis_zx,basis_zy,basis_zz,teleport_flag,throttle_cmd,steering_cmd,cmd_move_cm,cmd_turn_deg,lidar_cm_0,lidar_cm_1,lidar_cm_2,lidar_cm_3,lidar_cm_4,lidar_cm_5,lidar_cm_6,lidar_cm_7,lidar_cm_8,lidar_cm_9,lidar_cm_10,lidar_cm_11,lidar_cm_12,lidar_cm_13,lidar_cm_14,lidar_cm_15,lidar_cm_16,lidar_class_0,lidar_class_1,lidar_class_2,lidar_class_3,lidar_class_4,lidar_class_5,lidar_class_6,lidar_class_7,lidar_class_8,lidar_class_9,lidar_class_10,lidar_class_11,lidar_class_12,lidar_class_13,lidar_class_14,lidar_class_15,lidar_class_16
0,-4923.422,-4266.318,310.800,-145.601,-0.826342,0.562748,0.021759,-0.562153,-0.821917,-0.091848,-0.033803,-0.088130,0.995535,1,0.08000,0.10595,4.800,0.212,-1,425.000,-1,425.000,-1,325.000,350.000,300.000,300.000,-1,-1,-1,-1,850.000,1000.000,-1,-1,2,0,2,0,2,0,0,0,0,2,2,2,2,0,0,2,2
1,-4931.323,-4271.771,310.487,-145.391,-0.824295,0.565759,0.021311,-0.565095,-0.819853,-0.092239,-0.034714,-0.088075,0.995509,0,0.16000,0.10499,9.600,0.210,-1,425.000,-1,425.000,-1,325.000,350.000,300.000,300.000,-1,-1,-1,-1,850.000,1000.000,-1,-1,2,0,2,0,2,0,0,0,0,2,2,2,2,0,0,2,2
2,-4943.145,-4279.992,310.004,-145.185,-0.822275,0.568717,0.020635,-0.567956,-0.817807,-0.092826,-0.035916,-0.088048,0.995468,0,0.24000,0.10342,14.400,0.207,-1,425.000,-1,425.000,-1,325.000,325.000,300.000,300.000,-1,-1,-1,-1,850.000,975.000,-1,-1,2,0,2,0,2,0,0,0,0,2,2,2,2,0,0,2,2
3,-4958.869,-4291.010,309.340,-144.982,-0.820293,0.571604,0.019715,-0.570718,-0.815793,-0.093604,-0.037421,-0.088035,0.995414,0,0.32000,0.10124,19.200,0.202,-1,425.000,-1,425.000,-1,325.000,325.000,300.000,300.000,-1,-1,-1,-1,850.000,975.000,-1,-1,2,0,2,0,2,0,0,0,0,2,2,2,2,0,0,2,2
4,-4978.477,-4304.850,308.489,-144.785,-0.818362,0.574403,0.018571,-0.573364,-0.813823,-0.094580,-0.039213,-0.088049,0.995344,0,0.40000,0.09845,24.000,0.197,-1,400.000,-1,425.000,-1,325.000,325.000,300.000,300.000,-1,-1,-1,-1,825.000,975.000,-1,-1,2,0,2,0,2,0,0,0,0,2,2,2,2,0,0,2,2
5,-5001.951,-4321.536,307.444,-144.595,-0.816494,0.577098,0.017208,-0.575876,-0.811910,-0.095755,-0.041288,-0.088093,0.995256,0,0.48000,0.09504,28.800,0.190,-1,400.000,-1,425.000,-1,325.000,325.000,300.000,300.000,-1,-1,-1,-1,825.000,975.000,-1,-1,2,0,2,0,2,0,0,0,0,2,2,2,2,0,1,2,2
6,-5029.275,-4341.089,306.191,-144.413,-0.814701,0.579670,0.015632,-0.578236,-0.810067,-0.097130,-0.043640,-0.088171,0.995149,0,0.56000,0.09101,33.600,0.182,-1,400.000,-1,425.000,-1,325.000,325.000,300.000,300.000,-1,-1,-1,-1,825.000,950.000,-1,-1,2,0,2,0,2,0,0,0,0,2,2,2,2,0,1,2,2
7,-5060.436,-4363.529,304.495,-144.240,-0.812966,0.582146,0.013901,-0.580522,-0.808367,-0.097660,-0.045615,-0.087464,0.995123,0,0.64000,0.08636,38.400,0.173,-1,400.000,-1,425.000,-1,325.000,325.000,300.000,300.000,-1,-1,-1,-1,825.000,950.000,-1,-1,2,0,2,0,2,0,0,0,0,2,2,2,2,0,1,2,2
8,-5095.421,-4388.873,302.460,-144.078,-0.811316,0.584485,0.011986,-0.582671,-0.806790,-0.097901,-0.047551,-0.086413,0.995124,0,0.72000,0.08109,43.200,0.162,-1,400.000,-1,425.000,-1,325.000,325.000,300.000,300.000,-1,-1,-1,-1,825.000,925.000,-1,-1,2,0,2,0,2,0,0,0,0,2,2,2,2,0,1,2,2
9,-5133.565,-4416.661,300.186,-143.926,-0.809757,0.586682,0.009911,-0.584663,-0.805313,-0.098187,-0.049623,-0.085302,0.995119,0,0.78654,0.07606,47.192,0.152,-1,400.000,-1,425.000,-1,325.000,350.000,300.000,300.000,-1,-1,-1,-1,825.000,925.000,-1,-1,2,0,2,0,2,0,0,0,0,2,2,2,2,0,1,2,2
10,-5171.491,-4444.439,297.845,-143.779,-0.808235,0.588808,0.007761,-0.586582,-0.803882,-0.098462,-0.051736,-0.084134,0.995111,0,0.78352,0.07364,47.011,0.147,-1,400.000,-1,425.000,-1,325.000,350.000,300.000,300.000,-1,-1,-1,-1,800.000,925.000,-1,-1,2,0,2,0,2,0,0,0,0,2,2,2,2,0,1,2,2
11,-5209.190,-4472.194,295.212,-143.636,-0.806722,0.590915,0.004498,-0.588407,-0.802549,-0.098453,-0.054567,-0.082071,0.995132,0,0.78022,0.07149,46.813,0.143,-1,400.000,-1,425.000,-1,325.000,350.000,300.000,300.000,-1,-1,-1,-1,800.000,925.000,-1,-1,2,0,2,0,2,0,0,0,0,2,2,2,2,0,1,2,2
12,-5246.649,-4499.913,292.545,-143.497,-0.805231,0.592960,0.001299,-0.590182,-0.801242,-0.098473,-0.057350,-0.080060,0.995139,0,0.77666,0.06961,46.599,0.139,-1,400.000,-1,425.000,-1,325.000,325.000,300.000,300.000,-1,-1,-1,-1,800.000,925.000,-1,-1,2,0,2,0,2,0,0,0,1,2,2,2,2,0,1,2,2
13,-5283.860,-4527.586,289.942,-143.361,-0.803745,0.594972,-0.001819,-0.591964,-0.799981,-0.098021,-0.059775,-0.077707,0.995183,0,0.77287,0.06801,46.372,0.136,-1,400.000,-1,425.000,-1,325.000,325.000,300.000,275.000,-1,-1,-1,-1,800.000,950.000,-1,-1,2,0,2,0,2,0,0,0,1,2,2,2,2,0,0,2,2
14,-5320.815,-4555.202,287.354,-143.227,-0.802267,0.596946,-0.004867,-0.593737,-0.798747,-0.097366,-0.062010,-0.075224,0.995237,0,0.76890,0.06668,46.134,0.133,-1,400.000,-1,425.000,-1,325.000,325.000,300.000,275.000,-1,-1,-1,-1,800.000,950.000,-1,-1,2,0,2,0,2,0,0,0,1,2,2,2,2,0,0,2,2
15,-5357.509,-4582.754,284.582,-143.096,-0.800826,0.598856,-0.007105,-0.595498,-0.797485,-0.096952,-0.063726,-0.073410,0.995264,0,0.76478,0.06563,45.887,0.131,-1,400.000,-1,425.000,-1,325.000,325.000,300.000,275.000,-1,-1,-1,-1,800.000,950.000,-1,-1,2,0,2,0,2,0,0,0,1,2,2,2,2,0,0,2,2
16,-5393.938,-4610.237,281.657,-142.966,-0.799416,0.600715,-0.008685,-0.597249,-0.796201,-0.096735,-0.065025,-0.072144,0.995272,0,0.76054,0.06486,45.632,0.130,-1,400.000,-1,425.000,-1,325.000,350.000,300.000,275.000,-1,-1,-1,-1,800.000,950.000,-1,-1,2,0,2,0,2,0,0,0,1,2,2,2,2,0,0,2,2
17,-5430.098,-4637.646,278.708,-142.838,-0.798011,0.602556,-0.010233,-0.598983,-0.794919,-0.096552,-0.066313,-0.070920,0.995275,0,0.75623,0.06437,45.374,0.129,-1,400.000,-1,425.000,-1,325.000,325.000,300.000,300.000,-1,-1,-1,-1,800.000,950.000,-1,-1,2,0,2,0,2,0,0,0,1,2,2,2,2,0,0,2,2
18,-5465.990,-4664.978,275.728,-142.709,-0.796605,0.604386,-0.011748,-0.600711,-0.793636,-0.096376,-0.067572,-0.069716,0.995276,0,0.75190,0.06415,45.114,0.128,-1,400.000,-1,425.000,-1,325.000,325.000,300.000,300.000,-1,-1,-1,-1,800.000,950.000,-1,-1,2,0,2,0,2,0,0,0,0,2,2,2,2,0,0,2,2
19,-5501.614,-4692.233,272.621,-142.581,-0.795205,0.606197,-0.013241,-0.602390,-0.792323,-0.096693,-0.069106,-0.068914,0.995226,0,0.74757,0.06420,44.854,0.128,-1,400.000,-1,425.000,-1,325.000,325.000,300.000,300.000,-1,-1,-1,-1,800.000,925.000,-1,-1,2,0,2,0,2,0,0,0,0,2,2,2,2,0,0,2,2
20,-5536.974,-4719.412,269.429,-142.452,-0.793800,0.608001,-0.014705,-0.604041,-0.790984,-0.097355,-0.070824,-0.068398,0.995141,0,0.74330,0.06452,44.598,0.129,-1,400.000,-1,425.000,-1,325.000,325.000,300.000,300.000,-1,-1,-1,-1,775.000,925.000,-1,-1,2,0,2,0,2,0,0,0,0,2,2,2,2,0,0,2,2
21,-5572.072,-4746.518,266.219,-142.322,-0.792377,0.609818,-0.016134,-0.605708,-0.789629,-0.098003,-0.072504,-0.067883,0.995055,0,0.73911,0.06509,44.347,0.130,-1,400.000,-1,425.000,-1,325.000,325.000,300.000,300.000,-1,-1,-1,-1,775.000,925.000,-1,-1,2,0,2,0,2,0,0,0,0,2,2,2,2,0,0,2,2
22,-5606.916,-4773.555,262.994,-142.190,-0.790930,0.611655,-0.017528,-0.607397,-0.788251,-0.098638,-0.074149,-0.067369,0.994969,0,0.73505,0.06592,44.103,0.132,-1,400.000,-1,425.000,-1,325.000,325.000,300.000,300.000,-1,-1,-1,-1,775.000,925.000,-1,-1,2,0,2,0,2,0,0,0,0,2,2,2,2,0,0,2,2
23,-5641.511,-4800.529,259.751,-142.056,-0.789455,0.613518,-0.018888,-0.609116,-0.786845,-0.099260,-0.075760,-0.066856,0.994882,0,0.73114,0.06700,43.868,0.134,-1,400.000,-1,425.000,-1,325.000,325.000,300.000,300.000,-1,-1,-1,-1,750.000,925.000,-1,-1,2,0,2,0,2,0,0,0,0,2,2,2,2,0,0,2,2
24,-5675.866,-4827.448,256.491,-141.919,-0.787945,0.615414,-0.020215,-0.610870,-0.785407,-0.099868,-0.077337,-0.066342,0.994795,0,0.72741,0.06832,43.644,0.137,-1,400.000,-1,425.000,-1,325.000,325.000,300.000,300.000,-1,-1,-1,-1,750.000,900.000,-1,-1,2,0,2,0,2,0,0,0,0,2,2,2,2,0,0,2,2
25,-5713.651,-4857.230,252.575,-141.753,-0.786073,0.617755,-0.021642,-0.613161,-0.783702,-0.099218,-0.078253,-0.064722,0.994830,0,0.80185,0.08308,48.111,0.166,-1,400.000,-1,425.000,-1,325.000,325.000,300.000,300.000,-1,-1,-1,-1,750.000,900.000,-1,-1,2,0,2,0,2,0,0,0,0,2,2,2,2,0,0,2,2
26,-5751.241,-4887.020,248.635,-141.601,-0.784350,0.619891,-0.023040,-0.615251,-0.782143,-0.098582,-0.079130,-0.063148,0.994862,0,0.79938,0.07587,47.963,0.152,-1,400.000,-1,425.000,-1,325.000,325.000,300.000,300.000,-1,-1,-1,-1,750.000,900.000,-1,-1,2,0,2,0,2,0,0,0,0,2,2,2,2,0,0,2,2
27,-5788.625,-4916.793,244.762,-141.464,-0.782774,0.621824,-0.024473,-0.617140,-0.780733,-0.097955,-0.080018,-0.061574,0.994890,0,0.79652,0.06862,47.791,0.137,-1,400.000,-1,425.000,-1,325.000,325.000,300.000,300.000,-1,-1,-1,-1,750.000,900.000,-1,-1,2,0,2,0,2,0,0,0,0,2,2,2,2,0,0,2,2
28,-5825.793,-4946.525,241.067,-141.341,-0.781348,0.623556,-0.025957,-0.618827,-0.779474,-0.097334,-0.080926,-0.059988,0.994913,0,0.79327,0.06138,47.596,0.123,-1,400.000,-1,425.000,-1,325.000,325.000,300.000,300.000,-1,-1,-1,-1,750.000,900.000,-1,-1,2,0,2,0,2,0,0,0,0,2,2,2,2,0,0,2,2
29,-5862.733,-4976.195,237.065,-141.227,-0.779929,0.625208,-0.028735,-0.620385,-0.778346,-0.096440,-0.082661,-0.057389,0.994924,0,0.78967,0.05724,47.380,0.114,-1,400.000,-1,425.000,-1,325.000,325.000,300.000,300.000,-1,-1,-1,-1,750.000,875.000,-1,-1,2,0,2,0,2,0,0,0,0,2,2,2,2,0,0,2,2
30,-5900.300,-5006.233,232.988,-141.352,-0.781125,0.623579,-0.031495,-0.618677,-0.779811,-0.095568,-0.084154,-0.055166,0.994925,0,0.80165,-0.06276,48.099,-0.126,-1,400.000,-1,425.000,-1,325.000,325.000,300.000,300.000,-1,-1,-1,-1,750.000,875.000,-1,-1,2,0,2,0,2,0,0,0,1,2,2,2,2,0,0,2,2
31,-5937.816,-5035.969,228.921,-141.597,-0.783611,0.620312,-0.034150,-0.615343,-0.782548,-0.094719,-0.085480,-0.053209,0.994918,0,0.79784,-0.12224,47.870,-0.244,-1,400.000,-1,425.000,-1,325.000,325.000,300.000,275.000,-1,-1,-1,875.000,750.000,850.000,-1,-1,2,0,2,0,2,0,0,0,1,2,2,2,1,0,0,2,2
32,-5975.279,-5065.400,224.866,-141.845,-0.786125,0.616977,-0.036682,-0.611951,-0.785303,-0.093893,-0.086736,-0.051364,0.994906,0,0.79402,-0.12405,47.641,-0.248,-1,400.000,-1,400.000,-1,325.000,325.000,300.000,275.000,-1,-1,-1,825.000,750.000,850.000,-1,-1,2,0,2,0,2,0,0,0,1,2,2,2,1,0,0,2,2
33,-6012.679,-5094.518,220.733,-142.096,-0.788693,0.613571,-0.038642,-0.608509,-0.788055,-0.093200,-0.087636,-0.049992,0.994897,0,0.78998,-0.12560,47.399,-0.251,-1,400.000,-1,400.000,-1,325.000,325.000,300.000,275.000,-1,-1,-1,800.000,725.000,850.000,-1,-1,2,0,2,0,2,0,0,0,1,2,2,2,1,0,0,2,2
34,-6050.008,-5123.317,216.532,-142.350,-0.791308,0.610103,-0.040073,-0.605021,-0.790802,-0.092636,-0.088207,-0.049058,0.994893,0,0.78577,-0.12689,47.146,-0.254,-1,400.000,-1,400.000,-1,325.000,325.000,300.000,250.000,-1,-1,-1,800.000,725.000,850.000,-1,-1,2,0,2,0,2,0,0,0,1,2,2,2,1,0,0,2,2
35,-6087.258,-5151.789,212.354,-142.606,-0.793934,0.606591,-0.041431,-0.601494,-0.793552,-0.092094,-0.088741,-0.048197,0.994888,0,0.78142,-0.12791,46.885,-0.256,-1,400.000,-1,400.000,-1,325.000,325.000,300.000,275.000,-1,-1,-1,800.000,725.000,825.000,-1,-1,2,0,2,0,2,0,0,0,1,2,2,2,1,0,0,2,2
36,-6124.422,-5179.933,208.254,-142.863,-0.796559,0.603050,-0.042709,-0.597963,-0.796306,-0.091303,-0.089070,-0.047190,0.994907,0,0.77696,-0.12867,46.618,-0.257,-1,400.000,-1,400.000,-1,325.000,325.000,300.000,275.000,-1,-1,-1,825.000,725.000,825.000,-1,-1,2,0,2,0,2,0,0,0,1,2,2,2,1,0,0,2,2
37,-6161.495,-5207.746,204.117,-143.121,-0.799189,0.599473,-0.043922,-0.594371,-0.799043,-0.090852,-0.089559,-0.046502,0.994895,0,0.77244,-0.12916,46.346,-0.258,-1,375.000,-1,400.000,-1,325.000,325.000,300.000,275.000,-1,-1,-1,825.000,725.000,825.000,-1,-1,2,0,2,0,2,0,0,0,1,2,2,2,1,0,0,2,2
38,-6198.475,-5235.229,199.977,-143.380,-0.801814,0.595872,-0.045069,-0.590742,-0.801761,-0.090566,-0.090101,-0.045992,0.994870,0,0.76790,-0.12940,46.074,-0.259,-1,375.000,-1,400.000,-1,325.000,325.000,300.000,275.000,-1,-1,-1,850.000,725.000,825.000,-1,-1,2,0,2,0,2,0,0,0,1,2,2,2,1,0,0,2,2
39,-6235.360,-5262.384,195.875,-143.639,-0.804425,0.592259,-0.046148,-0.587109,-0.804462,-0.090239,-0.090569,-0.045496,0.994850,0,0.76337,-0.12937,45.802,-0.259,-1,375.000,-1,400.000,-1,325.000,325.000,300.000,275.000,-1,-1,-1,875.000,725.000,800.000,-1,-1,2,0,2,0,2,0,0,0,1,2,2,2,1,0,0,2,2
40,-6272.149,-5289.214,191.810,-143.897,-0.807018,0.588640,-0.047159,-0.583478,-0.807141,-0.089873,-0.090967,-0.045013,0.994836,0,0.75890,-0.12910,45.534,-0.258,-1,375.000,-1,400.000,-1,325.000,325.000,300.000,300.000,-1,-1,-1,875.000,700.000,800.000,-1,-1,2,0,2,0,2,0,0,0,1,2,2,2,1,0,0,2,2
41,-6308.846,-5315.724,187.830,-144.154,-0.809591,0.585019,-0.048113,-0.579830,-0.809785,-0.089695,-0.091435,-0.044719,0.994806,0,0.75451,-0.12858,45.271,-0.257,-1,375.000,-1,400.000,-1,325.000,325.000,300.000,300.000,-1,-1,-1,900.000,700.000,800.000,-1,-1,2,0,2,0,2,0,0,0,1,2,2,2,1,0,0,2,2
42,-6345.452,-5341.922,183.962,-144.410,-0.812139,0.581401,-0.049021,-0.576156,-0.812388,-0.089838,-0.092056,-0.044717,0.994749,0,0.75025,-0.12782,45.015,-0.256,-1,375.000,-1,400.000,-1,325.000,325.000,300.000,325.000,-1,-1,-1,925.000,700.000,800.000,-1,-1,2,0,2,0,2,0,0,0,1,2,2,2,1,0,0,2,2
43,-6381.974,-5367.815,179.868,-144.664,-0.814641,0.577823,-0.049804,-0.572644,-0.814988,-0.088734,-0.091862,-0.043766,0.994809,0,0.74614,-0.12682,44.768,-0.254,-1,375.000,-1,400.000,-1,325.000,325.000,300.000,325.000,-1,-1,-1,950.000,700.000,800.000,-1,-1,2,0,2,0,2,0,0,0,0,2,2,2,1,0,0,2,2
44,-6418.415,-5393.411,175.787,-144.915,-0.817107,0.574269,-0.050512,-0.569172,-0.817549,-0.087502,-0.091546,-0.042749,0.994883,0,0.74221,-0.12560,44.533,-0.251,-1,375.000,-1,400.000,-1,325.000,325.000,300.000,325.000,-1,-1,-1,975.000,700.000,775.000,-1,-1,2,0,2,0,2,0,0,0,0,2,2,2,1,0,0,2,2
45,-6454.783,-5418.721,171.748,-145.163,-0.819533,0.570744,-0.051153,-0.565729,-0.820065,-0.086283,-0.091195,-0.041773,0.994957,0,0.73848,-0.12417,44.309,-0.248,-1,375.000,-1,400.000,-1,325.000,325.000,300.000,300.000,-1,-1,-1,975.000,700.000,775.000,-1,-1,2,0,2,0,2,0,0,0,0,2,2,2,1,0,0,2,2
46,-6491.086,-5443.757,167.716,-145.408,-0.821906,0.567257,-0.051877,-0.562323,-0.822534,-0.085031,-0.090905,-0.040716,0.995027,0,0.73497,-0.12252,44.098,-0.245,-1,375.000,-1,400.000,-1,325.000,325.000,300.000,300.000,-1,-1,-1,1000.000,700.000,775.000,-1,-1,2,0,2,0,2,0,0,0,0,2,2,2,1,0,0,2,2
47,-6527.332,-5468.528,163.648,-145.649,-0.824206,0.563816,-0.052874,-0.558963,-0.824959,-0.083686,-0.090803,-0.039420,0.995088,0,0.73170,-0.12067,43.902,-0.241,-1,375.000,-1,400.000,-1,325.000,325.000,300.000,300.000,-1,-1,-1,-1,700.000,775.000,-1,-1,2,0,2,0,2,0,0,0,0,2,2,2,2,0,0,2,2
48,-6563.531,-5493.047,159.624,-145.887,-0.826459,0.560423,-0.053773,-0.555651,-0.827326,-0.082361,-0.090645,-0.038189,0.995151,0,0.72868,-0.11862,43.721,-0.237,-1,375.000,-1,400.000,-1,325.000,325.000,300.000,300.000,-1,-1,-1,-1,675.000,750.000,-1,-1,2,0,2,0,2,0,0,0,0,2,2,2,2,0,0,2,2
49,-6599.691,-5517.327,155.643,-146.119,-0.828663,0.557081,-0.054575,-0.552395,-0.829632,-0.081057,-0.090432,-0.037022,0.995214,0,0.72592,-0.11639,43.555,-0.233,-1,375.000,-1,400.000,-1,300.000,325.000,300.000,300.000,-1,-1,-1,-1,675.000,750.000,-1,-1,2,0,2,0,2,0,0,0,0,2,2,2,2,0,0,2,2
50,-6635.823,-5541.379,151.748,-146.347,-0.830796,0.553802,-0.055502,-0.549201,-0.831881,-0.079702,-0.090310,-0.035734,0.995272,0,0.72342,-0.11397,43.405,-0.228,-1,375.000,-1,400.000,-1,300.000,325.000,300.000,300.000,-1,-1,-1,-1,675.000,750.000,-1,-1,2,0,2,0,2,0,0,0,0,2,2,2,2,0,0,2,2
51,-6671.936,-5565.218,147.842,-146.570,-0.832893,0.550583,-0.056097,-0.546070,-0.834058,-0.078445,-0.089979,-0.034704,0.995339,0,0.72120,-0.11139,43.272,-0.223,-1,375.000,-1,400.000,-1,300.000,325.000,300.000,300.000,-1,-1,-1,950.000,675.000,725.000,-1,-1,2,0,2,0,2,0,0,0,0,2,2,2,1,0,0,2,2
52,-6708.041,-5588.855,143.941,-146.787,-0.834944,0.547432,-0.056443,-0.543009,-0.836165,-0.077264,-0.089492,-0.033862,0.995412,0,0.71924,-0.10864,43.155,-0.217,-1,375.000,-1,400.000,-1,300.000,325.000,300.000,300.000,-1,-1,-1,800.000,675.000,725.000,-1,-1,2,0,2,0,2,0,0,0,0,2,2,2,1,0,0,2,2
53,-6744.149,-5612.304,140.122,-146.999,-0.836943,0.544356,-0.056597,-0.540023,-0.838199,-0.076140,-0.088887,-0.033161,0.995490,0,0.71756,-0.10573,43.054,-0.211,-1,375.000,-1,400.000,-1,300.000,325.000,300.000,300.000,-1,-1,-1,775.000,650.000,725.000,-1,-1,2,0,2,0,2,0,0,0,0,2,2,2,1,0,0,2,2
54,-6780.269,-5635.577,136.401,-147.204,-0.838895,0.541357,-0.056465,-0.537116,-0.840157,-0.075115,-0.088104,-0.032685,0.995575,0,0.71615,-0.10266,42.969,-0.205,-1,375.000,-1,375.000,-1,300.000,325.000,300.000,300.000,-1,-1,-1,750.000,650.000,725.000,-1,-1,2,0,2,0,2,0,0,0,0,2,2,2,1,0,0,2,2
55,-6816.411,-5658.688,132.729,-147.403,-0.840778,0.538445,-0.056294,-0.534297,-0.842045,-0.074073,-0.087287,-0.032202,0.995663,0,0.71500,-0.09945,42.900,-0.199,-1,375.000,-1,375.000,-1,300.000,300.000,300.000,300.000,-1,-1,-1,750.000,650.000,725.000,-1,-1,2,0,2,0,2,0,0,0,0,2,2,2,1,0,0,2,2
56,-6848.495,-5679.236,129.507,-147.362,-0.840397,0.539062,-0.056080,-0.535002,-0.841678,-0.073150,-0.086634,-0.031473,0.995743,0,0.63500,0.02055,38.100,0.041,1000.000,375.000,-1,375.000,-1,300.000,300.000,300.000,300.000,-1,-1,-1,725.000,650.000,725.000,-1,-1,1,0,2,0,2,0,0,0,0,2,2,2,1,0,0,2,2
57,-6876.448,-5697.332,126.718,-147.081,-0.837744,0.543201,-0.055833,-0.539224,-0.839048,-0.072358,-0.086152,-0.030511,0.995815,0,0.55500,0.14055,33.300,0.281,1000.000,375.000,-1,375.000,-1,300.000,300.000,300.000,325.000,-1,-1,-1,725.000,650.000,725.000,-1,-1,1,0,2,0,2,0,0,0,0,2,2,2,1,0,0,2,2
58,-6900.231,-5713.037,124.351,-146.560,-0.832767,0.550829,-0.055565,-0.546928,-0.834103,-0.071705,-0.085844,-0.029323,0.995877,0,0.47500,0.26055,28.500,0.521,975.000,375.000,-1,375.000,-1,300.000,300.000,300.000,325.000,-1,-1,-1,725.000,650.000,700.000,-1,-1,1,0,2,0,2,0,0,0,0,2,2,2,1,0,0,2,2
59,-6919.832,-5726.358,122.397,-145.799,-0.825368,0.561882,-0.055282,-0.558052,-0.826746,-0.071197,-0.085709,-0.027913,0.995929,0,0.39500,0.38055,23.700,0.761,950.000,375.000,-1,375.000,-1,300.000,300.000,300.000,325.000,-1,-1,-1,725.000,650.000,700.000,-1,-1,1,0,2,0,2,0,0,0,0,2,2,2,1,0,0,2,2
60,-6935.312,-5737.202,120.846,-144.985,-0.817294,0.573589,-0.055018,-0.569819,-0.818714,-0.070814,-0.085662,-0.026526,0.995971,0,0.31500,0.40688,18.900,0.814,925.000,375.000,-1,375.000,-1,300.000,300.000,300.000,325.000,-1,-1,-1,725.000,650.000,700.000,-1,-1,1,0,2,0,2,0,0,0,0,2,2,2,1,0,0,2,2
61,-6946.743,-5745.456,119.695,-144.168,-0.809015,0.585230,-0.054785,-0.581509,-0.810475,-0.070551,-0.085691,-0.025219,0.996003,0,0.23500,0.40870,14.100,0.817,925.000,375.000,-1,375.000,-1,300.000,300.000,300.000,325.000,-1,-1,-1,725.000,650.000,700.000,-1,-1,1,0,2,0,2,0,0,0,0,2,2,2,1,0,0,2,2
62,-6954.204,-5751.007,118.942,-143.347,-0.800538,0.596790,-0.054592,-0.593107,-0.802039,-0.070413,-0.085807,-0.023990,0.996023,0,0.15500,0.41010,9.300,0.820,925.000,375.000,-1,375.000,-1,300.000,300.000,300.000,325.000,-1,-1,-1,700.000,625.000,700.000,-1,-1,1,0,2,0,2,0,0,0,0,2,2,2,1,0,0,2,2
63,-6957.776,-5753.744,118.587,-142.525,-0.791874,0.608252,-0.054444,-0.604596,-0.793415,-0.070401,-0.086018,-0.022832,0.996032,0,0.07500,0.41105,4.500,0.822,900.000,375.000,-1,375.000,-1,300.000,300.000,300.000,325.000,-1,-1,-1,700.000,625.000,700.000,1000.000,-1,1,0,2,0,2,0,0,0,0,2,2,2,1,0,0,1,2
64,-6957.540,-5753.558,118.633,-141.702,-0.783033,0.619601,-0.054344,-0.615959,-0.784616,-0.070515,-0.086330,-0.021742,0.996029,0,-0.00500,0.41151,-0.300,0.823,900.000,375.000,-1,375.000,-1,300.000,300.000,300.000,325.000,-1,-1,-1,700.000,625.000,700.000,1000.000,-1,1,0,2,0,2,0,0,0,0,2,2,2,1,0,0,1,2
65,-6953.584,-5750.340,119.081,-140.879,-0.774027,0.630820,-0.054294,-0.627182,-0.775652,-0.070756,-0.086748,-0.020715,0.996015,0,-0.08500,0.41148,-5.100,0.823,925.000,375.000,-1,375.000,-1,300.000,300.000,300.000,325.000,-1,-1,-1,700.000,625.000,700.000,1000.000,-1,1,0,2,0,2,0,0,0,0,2,2,2,1,0,0,1,2
66,-6945.994,-5743.983,119.937,-140.057,-0.764869,0.641894,-0.054295,-0.638247,-0.766539,-0.071120,-0.087271,-0.019744,0.995989,0,-0.16500,0.41093,-9.900,0.822,925.000,375.000,-1,375.000,-1,300.000,300.000,300.000,325.000,-1,-1,-1,675.000,625.000,700.000,1000.000,-1,1,0,2,0,2,0,0,0,0,2,2,2,1,0,0,1,2
67,-6934.860,-5734.385,121.205,-139.238,-0.755573,0.652806,-0.054346,-0.649140,-0.757291,-0.071604,-0.087899,-0.018824,0.995951,0,-0.24500,0.40986,-14.700,0.820,925.000,375.000,-1,375.000,-1,300.000,300.000,300.000,325.000,-1,-1,-1,675.000,650.000,700.000,1000.000,-1,1,0,2,0,2,0,0,0,0,2,2,2,1,0,0,1,2
68,-6920.514,-5721.658,122.866,-138.421,-0.746156,0.663542,-0.054439,-0.659847,-0.747924,-0.072194,-0.088620,-0.017947,0.995904,0,-0.31962,0.40824,-19.177,0.816,950.000,375.000,-1,375.000,-1,300.000,300.000,300.000,325.000,-1,-1,-1,650.000,650.000,700.000,1000.000,-1,1,0,2,0,2,0,0,0,0,2,2,2,1,0,0,1,2
69,-6906.284,-5708.668,124.548,-137.609,-0.736636,0.674088,-0.054525,-0.670365,-0.738454,-0.072773,-0.089319,-0.017055,0.995857,0,-0.32113,0.40612,-19.268,0.812,975.000,375.000,-1,375.000,-1,300.000,300.000,300.000,325.000,-1,-1,-1,650.000,650.000,700.000,-1,-1,1,0,2,0,2,0,0,0,0,2,2,2,1,0,0,2,2
70,-6892.173,-5695.417,126.250,-136.801,-0.727017,0.684444,-0.054605,-0.680695,-0.728886,-0.073338,-0.089997,-0.016149,0.995811,0,-0.32264,0.40398,-19.358,0.808,975.000,375.000,-1,375.000,-1,300.000,300.000,300.000,325.000,-1,-1,-1,625.000,650.000,700.000,-1,-1,1,0,2,0,2,0,0,0,0,2,2,2,1,0,0,2,2
71,-6878.183,-5681.905,127.972,-135.997,-0.717305,0.694610,-0.054678,-0.690837,-0.719225,-0.073890,-0.090651,-0.015228,0.995766,0,-0.32416,0.40182,-19.450,0.804,1000.000,375.000,-1,375.000,-1,300.000,300.000,300.000,325.000,-1,-1,1000.000,625.000,650.000,700.000,-1,-1,1,0,2,0,2,0,0,0,0,2,2,0,1,0,0,2,2
72,-6864.317,-5668.135,129.714,-135.198,-0.707505,0.704585,-0.054745,-0.700789,-0.709475,-0.074429,-0.091282,-0.014294,0.995723,0,-0.32569,0.39964,-19.541,0.799,-1,375.000,-1,375.000,-1,300.000,300.000,300.000,325.000,-1,-1,925.000,600.000,650.000,700.000,-1,-1,2,0,2,0,2,0,0,0,0,2,2,0,1,0,0,2,2
73,-6850.580,-5654.108,131.477,-134.403,-0.697619,0.714369,-0.054807,-0.710552,-0.699642,-0.074951,-0.091888,-0.013344,0.995680,0,-0.32722,0.39744,-19.633,0.795,-1,375.000,-1,375.000,-1,300.000,300.000,300.000,325.000,-1,-1,850.000,600.000,650.000,700.000,-1,-1,2,0,2,0,2,0,0,0,0,2,2,0,1,0,0,2,2
74,-6836.974,-5639.826,133.260,-133.613,-0.687655,0.723962,-0.054863,-0.720125,-0.689729,-0.075455,-0.092467,-0.012379,0.995639,0,-0.32877,0.39522,-19.726,0.790,-1,375.000,-1,375.000,-1,300.000,300.000,300.000,325.000,-1,-1,800.000,575.000,650.000,700.000,-1,-1,2,0,2,0,2,0,0,0,0,2,2,0,1,0,0,2,2
75,-6823.501,-5625.291,135.066,-132.827,-0.677613,0.733364,-0.054935,-0.729509,-0.679741,-0.075955,-0.093045,-0.011392,0.995597,0,-0.33031,0.39298,-19.819,0.786,-1,375.000,-1,375.000,-1,300.000,300.000,300.000,325.000,-1,-1,750.000,575.000,650.000,700.000,-1,-1,2,0,2,0,2,0,0,0,0,2,2,0,1,0,0,2,2
76,-6810.166,-5610.504,136.954,-132.045,-0.667472,0.742576,-0.055336,-0.738702,-0.669685,-0.076431,-0.093814,-0.010138,0.995538,0,-0.33187,0.39073,-19.912,0.781,-1,375.000,-1,375.000,-1,300.000,300.000,300.000,325.000,-1,-1,750.000,550.000,650.000,700.000,-1,-1,2,0,2,0,2,0,0,0,0,2,2,0,1,0,0,2,2
77,-6796.971,-5595.467,138.860,-131.269,-0.657264,0.751597,-0.055733,-0.747704,-0.659563,-0.076913,-0.094567,-0.008881,0.995479,0,-0.33342,0.38845,-20.005,0.777,-1,375.000,-1,375.000,-1,300.000,300.000,300.000,325.000,-1,-1,725.000,550.000,650.000,700.000,-1,-1,2,0,2,0,2,0,0,0,0,2,2,0,1,0,0,2,2
78,-6783.920,-5580.183,140.783,-130.496,-0.646994,0.760427,-0.056124,-0.756516,-0.649379,-0.077402,-0.095304,-0.007619,0.995419,0,-0.33497,0.38616,-20.098,0.772,-1,375.000,-1,375.000,-1,300.000,300.000,300.000,325.000,-1,-1,725.000,525.000,650.000,700.000,-1,-1,2,0,2,0,2,0,0,0,0,2,2,0,1,0,0,2,2
79,-6771.014,-5564.654,142.723,-129.728,-0.636666,0.769066,-0.056510,-0.765138,-0.639137,-0.077896,-0.096025,-0.006356,0.995359,0,-0.33653,0.38385,-20.192,0.768,-1,375.000,-1,375.000,-1,300.000,300.000,300.000,325.000,-1,-1,725.000,525.000,650.000,700.000,-1,-1,2,0,2,0,2,0,0,0,0,2,2,0,1,0,0,2,2
80,-6761.387,-5552.645,144.224,-128.721,-0.622955,0.780195,-0.056773,-0.776270,-0.625519,-0.078300,-0.096601,-0.004706,0.995312,0,-0.25653,0.50385,-15.392,1.008,-1,375.000,-1,375.000,-1,300.000,300.000,300.000,325.000,-1,-1,675.000,500.000,650.000,700.000,-1,-1,2,0,2,0,2,0,0,0,0,2,2,0,1,0,0,2,2
81,-6754.937,-5544.244,145.277,-127.517,-0.606338,0.793167,-0.056916,-0.789267,-0.608998,-0.078608,-0.097011,-0.002741,0.995279,0,-0.17653,0.60178,-10.592,1.204,-1,375.000,-1,375.000,-1,300.000,300.000,300.000,325.000,-1,-1,525.000,500.000,675.000,700.000,-1,-1,2,0,2,0,2,0,0,0,0,2,2,1,1,0,0,2,2
82,-6751.507,-5539.577,145.873,-126.316,-0.589496,0.805761,-0.056954,-0.801898,-0.592241,-0.078807,-0.097231,-0.000785,0.995262,0,-0.09653,0.60053,-5.792,1.201,-1,375.000,-1,375.000,-1,300.000,300.000,300.000,325.000,-1,-1,500.000,500.000,675.000,675.000,-1,-1,2,0,2,0,2,0,0,0,0,2,2,1,1,0,0,2,2
83,-6750.936,-5538.766,146.009,-125.117,-0.572422,0.817984,-0.056887,-0.814171,-0.575240,-0.078894,-0.097258,0.001155,0.995259,0,-0.01653,0.59984,-0.992,1.200,-1,375.000,-1,375.000,-1,300.000,300.000,300.000,325.000,-1,-1,475.000,475.000,675.000,675.000,-1,-1,2,0,2,0,2,0,0,0,0,2,2,1,1,0,0,2,2
84,-6753.061,-5541.926,145.686,-123.917,-0.555109,0.829842,-0.056712,-0.826092,-0.557990,-0.078866,-0.097090,0.003070,0.995271,0,0.06347,0.59972,3.808,1.199,-1,375.000,-1,375.000,-1,300.000,300.000,300.000,325.000,-1,950.000,475.000,500.000,675.000,675.000,-1,-1,2,0,2,0,2,0,0,0,0,2,0,1,1,0,0,2,2
85,-6757.714,-5549.168,144.905,-122.717,-0.537548,0.841343,-0.056427,-0.837667,-0.540479,-0.078718,-0.096727,0.004952,0.995299,0,0.14347,0.60019,8.608,1.200,-1,375.000,-1,375.000,-1,300.000,300.000,300.000,325.000,-1,800.000,450.000,500.000,675.000,675.000,-1,-1,2,0,2,0,2,0,0,0,0,2,0,1,1,0,0,2,2
86,-6764.723,-5560.599,143.670,-121.514,-0.519729,0.852492,-0.056031,-0.848902,-0.522697,-0.078449,-0.096164,0.006792,0.995342,0,0.22347,0.60128,13.408,1.203,-1,375.000,-1,375.000,-1,300.000,300.000,300.000,325.000,-1,700.000,450.000,525.000,675.000,675.000,-1,-1,2,0,2,0,2,0,0,0,0,2,0,1,1,0,0,2,2
87,-6773.911,-5576.318,141.987,-120.308,-0.501642,0.863292,-0.055518,-0.859799,-0.504632,-0.078052,-0.095398,0.008580,0.995402,0,0.30347,0.60300,18.208,1.206,-1,375.000,-1,375.000,-1,300.000,300.000,300.000,325.000,-1,600.000,475.000,575.000,675.000,675.000,-1,-1,2,0,2,0,2,0,0,0,0,2,1,1,1,0,0,2,2
88,-6785.100,-5596.423,139.863,-119.097,-0.483271,0.873749,-0.054886,-0.870364,-0.486269,-0.077524,-0.094426,0.010306,0.995479,0,0.38347,0.60540,23.008,1.211,-1,375.000,-1,375.000,-1,300.000,300.000,300.000,325.000,-1,575.000,475.000,600.000,675.000,675.000,-1,-1,2,0,2,0,2,0,0,0,0,2,1,1,1,0,0,2,2
89,-6798.104,-5621.003,137.305,-117.880,-0.464603,0.883863,-0.054131,-0.880596,-0.467593,-0.076859,-0.093244,0.011959,0.995571,0,0.46347,0.60849,27.808,1.217,-1,375.000,-1,375.000,-1,300.000,300.000,300.000,325.000,-1,575.000,500.000,650.000,675.000,675.000,-1,-1,2,0,2,0,2,0,0,0,0,2,1,1,1,0,0,2,2
90,-6812.732,-5650.145,134.320,-116.656,-0.445621,0.893636,-0.053255,-0.890499,-0.448587,-0.076037,-0.091838,0.013540,0.995682,0,0.54347,0.61231,32.608,1.225,-1,375.000,-1,375.000,-1,300.000,300.000,300.000,325.000,-1,575.000,500.000,725.000,675.000,675.000,-1,-1,2,0,2,0,2,0,0,0,0,2,1,1,1,0,0,2,2
91,-6828.791,-5683.931,130.831,-115.422,-0.426293,0.903064,-0.052433,-0.900101,-0.429231,-0.074688,-0.089954,0.015356,0.995828,0,0.62347,0.61687,37.408,1.234,-1,375.000,-1,375.000,-1,300.000,300.000,300.000,325.000,-1,575.000,525.000,800.000,675.000,675.000,-1,-1,2,0,2,0,2,0,0,0,0,2,1,1,1,0,0,2,2
92,-6846.077,-5722.437,126.946,-114.178,-0.406615,0.912148,-0.051484,-0.909365,-0.409507,-0.073212,-0.087863,0.017049,0.995987,0,0.70347,0.62220,42.208,1.244,-1,375.000,-1,375.000,-1,300.000,300.000,300.000,325.000,-1,575.000,550.000,925.000,675.000,650.000,-1,-1,2,0,2,0,2,0,0,0,0,2,0,1,1,0,0,2,2
93,-6864.385,-5765.733,122.682,-112.921,-0.386565,0.920884,-0.050410,-0.918283,-0.389393,-0.071616,-0.085579,0.018607,0.996158,0,0.78347,0.62832,47.008,1.257,-1,375.000,-1,375.000,-1,300.000,300.000,300.000,325.000,-1,525.000,550.000,-1,675.000,650.000,-1,-1,2,0,2,0,2,0,0,0,0,2,0,0,2,0,0,2,2
94,-6882.641,-5811.725,118.389,-111.650,-0.366054,0.929256,-0.049883,-0.926831,-0.368865,-0.070164,-0.083600,0.020549,0.996288,0,0.82472,0.63525,49.483,1.271,-1,375.000,-1,375.000,-1,300.000,300.000,300.000,325.000,-1,525.000,525.000,-1,675.000,650.000,-1,-1,2,0,2,0,2,0,0,0,0,2,0,0,2,0,0,2,2
95,-6899.951,-5858.360,114.258,-110.365,-0.345109,0.937249,-0.049647,-0.935041,-0.347911,-0.068245,-0.081236,0.022870,0.996432,0,0.82908,0.64266,49.745,1.285,-1,375.000,-1,375.000,-1,300.000,300.000,300.000,325.000,-1,500.000,525.000,-1,675.000,650.000,-1,-1,2,0,2,0,2,0,0,0,0,2,0,0,2,0,0,2,2
96,-6914.820,-5900.774,110.660,-109.320,-0.327945,0.943391,-0.049646,-0.941395,-0.330737,-0.066251,-0.078920,0.025010,0.996567,0,0.74908,0.52266,44.945,1.045,-1,375.000,-1,375.000,-1,300.000,300.000,325.000,325.000,-1,475.000,500.000,-1,700.000,650.000,-1,-1,2,0,2,0,2,0,0,0,0,2,0,0,2,1,0,2,2
97,-6928.889,-5943.312,107.126,-108.301,-0.311120,0.949072,-0.049661,-0.947276,-0.313896,-0.064319,-0.076632,0.027031,0.996693,0,0.74675,0.50934,44.805,1.019,-1,375.000,-1,375.000,-1,300.000,300.000,325.000,325.000,-1,450.000,475.000,-1,675.000,625.000,-1,975.000,2,0,2,0,2,0,0,0,0,2,0,0,2,1,0,2,1
98,-6942.369,-5986.738,103.730,-107.246,-0.293611,0.954651,-0.049333,-0.953001,-0.296356,-0.062946,-0.074712,0.028533,0.996797,0,0.75784,0.52751,45.470,1.055,-1,375.000,1000.000,350.000,-1,300.000,300.000,325.000,300.000,-1,475.000,475.000,-1,675.000,625.000,-1,925.000,2,0,1,0,2,0,0,0,0,2,0,0,2,1,0,2,1
99,-6956.233,-6035.058,100.364,-106.010,-0.273076,0.960812,-0.047650,-0.959296,-0.275682,-0.061246,-0.071982,0.028986,0.996985,0,0.83784,0.61827,50.270,1.237,-1,375.000,975.000,375.000,-1,300.000,300.000,325.000,300.000,-1,450.000,475.000,-1,675.000,625.000,-1,850.000,2,0,1,0,2,0,0,0,0,2,0,0,2,1,0,2,1
100,-6968.011,-6078.976,97.408,-105.013,-0.256462,0.965460,-0.045987,-0.964052,-0.258930,-0.059655,-0.069502,0.029035,0.997159,0,0.75784,0.49827,45.470,0.997,-1,375.000,950.000,375.000,950.000,300.000,300.000,325.000,325.000,-1,450.000,475.000,-1,675.000,650.000,-1,800.000,2,0,1,0,1,0,0,0,0,2,0,0,2,1,1,2,1
101,-6978.630,-6120.768,94.647,-104.256,-0.243827,0.968801,-0.044415,-0.967483,-0.246161,-0.058156,-0.067275,0.028791,0.997319,0,0.71867,0.37827,43.120,0.757,-1,375.000,925.000,375.000,900.000,300.000,300.000,325.000,325.000,-1,450.000,475.000,-1,675.000,625.000,-1,750.000,2,0,1,0,1,0,0,0,0,2,0,0,2,1,1,2,1
102,-6988.987,-6163.383,91.877,-103.660,-0.233866,0.971326,-0.042811,-0.970086,-0.236064,-0.056639,-0.065121,0.028284,0.997476,0,0.73094,0.29830,43.856,0.597,-1,375.000,900.000,375.000,825.000,300.000,300.000,325.000,325.000,-1,450.000,475.000,-1,675.000,575.000,-1,700.000,2,0,1,0,1,0,0,0,0,2,0,0,2,1,1,2,1
103,-6999.056,-6206.843,89.098,-103.045,-0.223566,0.973819,-0.041170,-0.972654,-0.225628,-0.055097,-0.062944,0.027726,0.997632,0,0.74352,0.30750,44.611,0.615,-1,375.000,875.000,375.000,775.000,300.000,300.000,300.000,325.000,-1,450.000,475.000,-1,675.000,550.000,-1,650.000,2,1,1,0,1,0,0,0,0,2,0,0,2,1,1,2,1
104,-7008.809,-6251.161,86.310,-102.412,-0.212926,0.976270,-0.039495,-0.975178,-0.214854,-0.053529,-0.060744,0.027117,0.997785,0,0.75632,0.31666,45.379,0.633,-1,375.000,850.000,375.000,700.000,325.000,300.000,300.000,325.000,-1,450.000,500.000,-1,675.000,525.000,-1,600.000,2,1,1,0,1,0,0,0,0,2,0,0,2,1,1,2,1
105,-7018.217,-6296.351,83.513,-101.760,-0.201948,0.978667,-0.037789,-0.977646,-0.203743,-0.051934,-0.058525,0.026456,0.997935,0,0.76932,0.32573,46.159,0.651,-1,375.000,825.000,375.000,650.000,300.000,300.000,300.000,325.000,-1,450.000,500.000,-1,675.000,500.000,-1,550.000,2,1,1,1,1,1,0,0,0,2,0,0,2,1,1,2,1
106,-7027.248,-6342.425,80.706,-101.091,-0.190635,0.980999,-0.036055,-0.980046,-0.192299,-0.050310,-0.056288,0.025745,0.998083,0,0.78251,0.33470,46.951,0.669,-1,375.000,800.000,350.000,575.000,300.000,300.000,300.000,325.000,-1,450.000,500.000,-1,700.000,450.000,-1,500.000,2,1,1,1,1,1,1,0,0,2,0,0,2,1,1,2,1
107,-7035.871,-6389.391,77.891,-100.404,-0.178990,0.983253,-0.034296,-0.982366,-0.180526,-0.048658,-0.054035,0.024982,0.998226,0,0.79586,0.34351,47.752,0.687,-1,375.000,775.000,325.000,525.000,300.000,275.000,300.000,325.000,-1,425.000,525.000,-1,700.000,425.000,1000.000,450.000,2,1,1,1,1,1,1,0,0,2,0,0,2,1,1,1,1
108,-7044.958,-6441.151,74.828,-99.957,-0.171461,0.984661,-0.032315,-0.983832,-0.172855,-0.046866,-0.051732,0.023757,0.998378,0,0.87586,0.22351,52.552,0.447,-1,350.000,725.000,300.000,450.000,275.000,275.000,300.000,325.000,-1,400.000,500.000,-1,700.000,400.000,950.000,400.000,2,1,1,1,1,1,1,0,0,2,0,0,2,1,1,1,1
109,-7054.670,-6497.674,71.520,-99.750,-0.168063,0.985317,-0.030085,-0.984539,-0.169302,-0.044934,-0.049368,0.022068,0.998537,0,0.95586,0.10351,57.352,0.207,-1,350.000,700.000,275.000,400.000,275.000,250.000,300.000,300.000,-1,375.000,475.000,-1,675.000,375.000,900.000,350.000,2,1,1,1,1,1,1,0,0,2,0,0,2,1,1,1,1
110,-7064.865,-6556.802,68.483,-99.783,-0.168712,0.985230,-0.029297,-0.984526,-0.169871,-0.043040,-0.047381,0.021582,0.998644,0,1.00000,-0.01649,60.000,-0.033,-1,325.000,625.000,250.000,325.000,250.000,225.000,300.000,300.000,-1,375.000,475.000,-1,650.000,325.000,850.000,300.000,2,1,1,1,1,1,1,0,0,2,0,0,2,1,1,1,1
111,-7075.128,-6615.917,66.245,-99.849,-0.170058,0.985085,-0.026241,-0.984447,-0.171019,-0.040197,-0.044085,0.018997,0.998847,0,1.00000,-0.03311,60.000,-0.066,950.000,325.000,600.000,225.000,250.000,250.000,200.000,300.000,300.000,-1,375.000,450.000,-1,600.000,300.000,775.000,250.000,1,1,1,1,1,1,1,0,0,2,0,0,2,1,1,1,1
112,-7085.468,-6675.018,68.131,-99.924,-0.172232,0.985037,-0.006196,-0.984610,-0.172340,-0.029030,-0.029663,0.001101,0.999559,0,1.00000,-0.03752,60.000,-0.075,900.000,325.000,600.000,225.000,250.000,250.000,200.000,300.000,350.000,-1,275.000,375.000,-1,600.000,300.000,750.000,225.000,1,1,1,1,1,1,1,0,0,2,0,0,2,1,1,1,1
113,-7095.893,-6734.104,70.228,-100.009,-0.174033,0.984630,0.014729,-0.984631,-0.173771,-0.017493,-0.014664,-0.017547,0.999738,0,1.00000,-0.04241,60.000,-0.085,825.000,325.000,600.000,225.000,225.000,250.000,200.000,275.000,400.000,875.000,200.000,325.000,-1,550.000,300.000,700.000,225.000,1,1,1,1,1,1,1,0,0,0,0,0,2,1,1,1,1
114,-7106.415,-6793.174,72.961,-100.104,-0.175363,0.983878,0.035087,-0.984501,-0.175334,-0.003930,0.002286,-0.035232,0.999377,0,1.00000,-0.04785,60.000,-0.096,775.000,350.000,625.000,225.000,225.000,250.000,200.000,275.000,450.000,675.000,125.000,275.000,-1,525.000,300.000,675.000,200.000,1,1,1,1,1,1,1,0,0,0,0,0,2,1,1,1,1
115,-7117.046,-6852.226,76.125,-100.212,-0.176193,0.982783,0.055618,-0.984142,-0.177049,0.010824,0.020485,-0.052829,0.998393,0,1.00000,-0.05396,60.000,-0.108,750.000,350.000,650.000,225.000,200.000,250.000,200.000,275.000,525.000,525.000,75.000,225.000,-1,500.000,300.000,650.000,200.000,1,1,1,1,1,1,1,0,0,0,0,0,2,1,1,1,1
116,-8199.174,327.961,303.546,-156.975,-0.910524,0.390878,-0.134764,-0.392128,-0.919730,-0.018257,-0.131083,0.036221,0.990710,1,0.00000,0.00000,60.000,-0.122,-1,400.000,-1,400.000,-1,325.000,325.000,300.000,300.000,-1,-1,-1,-1,825.000,775.000,-1,-1,2,0,2,0,2,0,0,0,0,2,2,2,2,0,0,2,2
117,-8203.599,326.102,302.900,-157.215,-0.912155,0.387031,-0.134832,-0.388226,-0.921381,-0.018395,-0.131351,0.035566,0.990698,0,0.08000,-0.12000,4.800,-0.240,-1,400.000,-1,400.000,-1,325.000,325.000,300.000,300.000,-1,-1,-1,-1,825.000,775.000,-1,-1,2,0,2,0,2,0,0,0,0,2,2,2,2,0,0,2,2
118,-8212.481,322.459,301.606,-157.695,-0.915370,0.379316,-0.134972,-0.380402,-0.924633,-0.018667,-0.131880,0.034256,0.990674,0,0.16000,-0.24000,9.600,-0.480,-1,400.000,-1,400.000,-1,325.000,325.000,300.000,300.000,-1,-1,-1,-1,825.000,775.000,-1,-1,2,0,2,0,2,0,0,0,0,2,2,2,2,0,0,2,2
119,-8225.872,317.162,299.658,-158.415,-0.920069,0.367691,-0.135191,-0.368614,-0.929387,-0.019066,-0.132655,0.032291,0.990636,0,0.24000,-0.36000,14.400,-0.720,-1,400.000,-1,400.000,-1,325.000,325.000,300.000,300.000,-1,-1,-1,-1,825.000,775.000,-1,-1,2,0,2,0,2,0,0,0,0,2,2,2,2,0,0,2,2
120,-8243.842,310.399,297.051,-159.375,-0.926103,0.352097,-0.135501,-0.352802,-0.935493,-0.019581,-0.133655,0.029670,0.990584,0,0.32000,-0.48000,19.200,-0.960,-1,400.000,-1,400.000,-1,325.000,325.000,300.000,300.000,-1,-1,-1,-1,825.000,775.000,-1,-1,2,0,2,0,2,0,0,0,0,2,2,2,2,0,0,2,2
121,-8266.454,302.354,293.783,-160.415,-0.932332,0.335090,-0.135907,-0.335551,-0.941805,-0.020196,-0.134766,0.026774,0.990516,0,0.40000,-0.51989,24.000,-1.040,-1,400.000,-1,400.000,-1,325.000,325.000,300.000,300.000,-1,-1,-1,-1,800.000,750.000,-1,-1,2,0,2,0,2,0,0,0,0,2,2,2,2,0,0,2,2
122,-8293.760,293.198,289.852,-161.462,-0.938277,0.317847,-0.136417,-0.318050,-0.947844,-0.020898,-0.135944,0.023779,0.990431,0,0.48000,-0.52356,28.800,-1.047,-1,400.000,-1,400.000,-1,325.000,325.000,300.000,325.000,-1,-1,-1,-1,800.000,750.000,-1,-1,2,0,2,0,2,0,0,0,0,2,2,2,2,0,0,2,2
123,-8325.808,283.105,285.252,-162.518,-0.943935,0.300346,-0.137036,-0.300276,-0.953606,-0.021678,-0.137189,0.020686,0.990329,0,0.56000,-0.52799,33.600,-1.056,-1,400.000,-1,400.000,-1,325.000,325.000,300.000,325.000,-1,-1,-1,-1,800.000,750.000,-1,-1,2,0,2,0,2,0,0,0,0,2,2,2,2,0,0,2,2
124,-8362.643,272.252,279.980,-163.584,-0.949303,0.282564,-0.137773,-0.282207,-0.959089,-0.022525,-0.138501,0.017498,0.990208,0,0.64000,-0.53320,38.400,-1.066,-1,400.000,-1,400.000,-1,325.000,325.000,300.000,325.000,-1,-1,-1,-1,800.000,750.000,-1,-1,2,0,2,0,2,0,0,0,0,2,2,2,2,0,0,2,2
125,-8404.305,260.826,274.034,-164.663,-0.954375,0.264477,-0.138634,-0.263820,-0.964287,-0.023429,-0.139880,0.014214,0.990066,0,0.72000,-0.53919,43.200,-1.078,-1,400.000,-1,375.000,-1,325.000,325.000,300.000,325.000,-1,-1,-1,-1,775.000,750.000,-1,-1,2,0,2,0,2,0,0,0,0,2,2,2,2,0,0,2,2
126,-8450.829,249.014,267.406,-165.754,-0.959145,0.246063,-0.139617,-0.245095,-0.969193,-0.024358,-0.141310,0.010857,0.989906,0,0.80000,-0.54598,48.000,-1.092,-1,400.000,-1,375.000,-1,325.000,325.000,300.000,325.000,-1,-1,-1,-1,775.000,725.000,-1,-1,2,0,2,0,2,0,0,0,0,2,2,2,2,0,0,2,2
127,-8502.246,237.006,260.021,-166.855,-0.963633,0.227412,-0.140342,-0.226172,-0.973768,-0.024935,-0.142331,0.007713,0.989789,0,0.88000,-0.55018,52.800,-1.100,-1,400.000,-1,375.000,-1,325.000,325.000,300.000,325.000,-1,-1,-1,-1,775.000,725.000,-1,-1,2,0,2,0,2,0,0,0,0,2,2,2,2,0,0,2,2
128,-8555.668,225.607,252.423,-167.955,-0.967789,0.208674,-0.140854,-0.207140,-0.977975,-0.025633,-0.143101,0.004369,0.989699,0,0.91040,-0.55018,54.624,-1.100,-1,400.000,-1,375.000,-1,325.000,325.000,300.000,325.000,-1,-1,-1,-1,750.000,725.000,-1,-1,2,0,2,0,2,0,0,0,0,2,2,2,2,0,0,2,2
129,-8609.299,215.235,244.698,-169.056,-0.971687,0.189856,-0.140638,-0.187995,-0.981812,-0.026532,-0.143117,0.000658,0.989706,0,0.91040,-0.55018,54.624,-1.100,-1,400.000,-1,375.000,-1,325.000,325.000,300.000,325.000,-1,-1,-1,-1,750.000,700.000,-1,-1,2,0,2,0,2,0,0,0,0,2,2,2,2,0,0,2,2
130,-8663.118,205.895,237.004,-170.156,-0.975274,0.170966,-0.140040,-0.168826,-0.985273,-0.027113,-0.142613,-0.002801,0.989775,0,0.91040,-0.55018,54.624,-1.100,-1,400.000,-1,375.000,-1,325.000,325.000,300.000,325.000,-1,-1,-1,-1,750.000,700.000,-1,-1,2,0,2,0,2,0,0,0,0,2,2,2,2,0,0,2,2
131,-8717.108,197.591,229.300,-171.256,-0.978493,0.152011,-0.139440,-0.149603,-0.988359,-0.027654,-0.142021,-0.006199,0.989844,0,0.91040,-0.55018,54.624,-1.100,-1,400.000,-1,375.000,-1,325.000,325.000,300.000,325.000,-1,-1,-1,-1,725.000,700.000,-1,-1,2,0,2,0,2,0,0,0,0,2,2,2,2,0,0,2,2
132,-8771.246,190.325,221.590,-172.357,-0.981344,0.132999,-0.138836,-0.130334,-0.991070,-0.028161,-0.141341,-0.009541,0.989915,0,0.91040,-0.55018,54.624,-1.100,-1,400.000,-1,375.000,-1,325.000,325.000,325.000,325.000,-1,-1,-1,-1,725.000,700.000,-1,-1,2,0,2,0,2,0,0,0,0,2,2,2,2,0,0,2,2
133,-8825.514,184.099,213.879,-173.457,-0.983825,0.113938,-0.138223,-0.111024,-0.993405,-0.028639,-0.140575,-0.012830,0.989987,0,0.91040,-0.55018,54.624,-1.100,-1,400.000,-1,375.000,-1,325.000,325.000,325.000,325.000,-1,-1,-1,-1,700.000,675.000,-1,-1,2,0,2,0,2,0,0,0,0,2,2,2,2,0,0,2,2
