timestep,x_cm,y_cm,z_cm,yaw_deg,basis_xx,basis_xy,basis_xz,basis_yx,basis_yy,basis_yz,basis_zx,basis_zy,basis_zz,teleport_flag,throttle_cmd,steering_cmd,cmd_move_cm,cmd_turn_deg,lidar_cm_0,lidar_cm_1,lidar_cm_2,lidar_cm_3,lidar_cm_4,lidar_cm_5,lidar_cm_6,lidar_cm_7,lidar_cm_8,lidar_cm_9,lidar_cm_10,lidar_cm_11,lidar_cm_12,lidar_cm_13,lidar_cm_14,lidar_cm_15,lidar_cm_16,lidar_class_0,lidar_class_1,lidar_class_2,lidar_class_3,lidar_class_4,lidar_class_5,lidar_class_6,lidar_class_7,lidar_class_8,lidar_class_9,lidar_class_10,lidar_class_11,lidar_class_12,lidar_class_13,lidar_class_14,lidar_class_15,lidar_class_16
0,6233.362,-8203.564,-310.634,-65.444,0.413264,0.909125,0.052005,-0.890369,0.415393,-0.186259,-0.190936,0.030670,0.981123,1,0.08000,0.12000,4.800,0.240,400.000,300.000,-1,350.000,-1,275.000,300.000,200.000,475.000,475.000,175.000,50.000,350.000,475.000,600.000,450.000,1000.000,1,0,2,0,2,0,0,1,0,1,1,1,1,0,0,0,0
1,6237.424,-8212.260,-313.294,-64.964,0.422031,0.905421,0.045856,-0.887309,0.422904,-0.183941,-0.185937,0.036940,0.981867,0,0.16000,0.24000,9.600,0.480,400.000,300.000,-1,375.000,-1,275.000,300.000,200.000,450.000,500.000,175.000,50.000,350.000,500.000,600.000,475.000,-1,1,0,2,0,2,0,0,1,0,1,1,1,1,0,0,1,2
2,6243.682,-8225.225,-317.234,-64.244,0.434992,0.899687,0.036680,-0.882562,0.434080,-0.180714,-0.178508,0.046237,0.982851,0,0.24000,0.36000,14.400,0.720,425.000,325.000,-1,350.000,-1,275.000,300.000,225.000,425.000,500.000,175.000,50.000,375.000,500.000,600.000,475.000,-1,1,0,2,0,2,0,0,1,0,1,1,1,1,0,0,1,2
3,6252.316,-8242.370,-322.390,-63.284,0.451922,0.891719,0.024583,-0.875950,0.448807,-0.176875,-0.168756,0.058400,0.983926,0,0.32000,0.48000,19.200,0.960,450.000,325.000,-1,350.000,-1,275.000,300.000,225.000,400.000,500.000,150.000,50.000,400.000,525.000,600.000,500.000,-1,1,0,2,0,2,0,0,1,0,1,1,1,1,0,0,1,2
4,6263.558,-8263.568,-328.666,-62.084,0.472524,0.881264,0.009785,-0.867247,0.466927,-0.172805,-0.156856,0.073169,0.984907,0,0.40000,0.60000,24.000,1.200,475.000,325.000,-1,350.000,-1,275.000,300.000,225.000,375.000,525.000,150.000,25.000,450.000,550.000,600.000,525.000,-1,1,0,2,0,2,0,0,1,0,1,1,1,1,1,0,1,2
5,6277.687,-8288.658,-335.932,-60.644,0.496443,0.868039,-0.007324,-0.856196,0.488244,-0.168958,-0.143086,0.090149,0.985596,0,0.48000,0.72000,28.800,1.440,500.000,350.000,-1,350.000,-1,300.000,300.000,250.000,325.000,550.000,125.000,25.000,500.000,550.000,625.000,525.000,-1,1,0,2,0,2,0,0,1,0,1,1,1,1,1,0,1,2
6,6294.998,-8317.449,-343.811,-59.019,0.522392,0.852316,-0.025761,-0.843096,0.511747,-0.165240,-0.127654,0.108039,0.985917,0,0.56000,0.81252,33.600,1.625,525.000,375.000,-1,350.000,-1,300.000,300.000,250.000,300.000,575.000,125.000,25.000,575.000,550.000,625.000,550.000,-1,1,0,2,0,2,0,0,1,0,1,1,1,1,1,0,1,2
7,6315.702,-8349.784,-350.733,-57.396,0.547052,0.836208,-0.038608,-0.829079,0.534866,-0.162931,-0.115594,0.121141,0.985882,0,0.64000,0.81147,38.400,1.623,525.000,375.000,-1,350.000,-1,300.000,300.000,275.000,275.000,600.000,125.000,25.000,700.000,550.000,625.000,525.000,-1,1,0,2,0,2,0,0,1,0,1,1,1,1,1,0,1,2
8,6340.002,-8385.499,-355.019,-55.775,0.570346,0.820537,-0.037741,-0.813732,0.558156,-0.162180,-0.112009,0.123209,0.986039,0,0.72000,0.81024,43.200,1.620,500.000,375.000,-1,350.000,-1,300.000,300.000,275.000,275.000,625.000,150.000,75.000,925.000,525.000,625.000,500.000,-1,1,0,2,0,2,0,0,1,0,1,1,1,1,1,0,1,2
9,6367.107,-8423.015,-359.537,-54.158,0.593094,0.804285,-0.036947,-0.797871,0.580975,-0.160840,-0.107896,0.124872,0.986289,0,0.77144,0.80883,46.287,1.618,450.000,375.000,-1,350.000,-1,300.000,300.000,300.000,275.000,625.000,175.000,125.000,-1,500.000,650.000,450.000,-1,1,1,2,0,2,0,0,1,0,1,1,1,2,1,0,1,2
10,6395.235,-8459.725,-363.951,-52.543,0.615242,0.787508,-0.036161,-0.781583,0.603337,-0.158466,-0.102976,0.125758,0.986702,0,0.77084,0.80726,46.250,1.615,425.000,350.000,-1,350.000,-1,300.000,300.000,300.000,300.000,650.000,225.000,175.000,-1,475.000,650.000,425.000,-1,1,1,2,0,2,0,0,1,0,1,1,1,2,1,0,1,2
11,6424.366,-8495.607,-368.232,-50.932,0.636769,0.770240,-0.035421,-0.764917,0.625249,-0.154807,-0.097092,0.125671,0.987309,0,0.77036,0.80565,46.222,1.611,375.000,325.000,975.000,375.000,-1,300.000,300.000,325.000,300.000,650.000,250.000,225.000,-1,450.000,650.000,375.000,-1,1,1,1,0,2,0,0,1,0,1,1,1,2,1,0,1,2
12,6454.477,-8530.642,-372.545,-49.324,0.657728,0.752444,-0.034962,-0.747783,0.646661,-0.150500,-0.090634,0.125132,0.987992,0,0.77001,0.80398,46.201,1.608,350.000,300.000,900.000,375.000,-1,300.000,300.000,325.000,300.000,650.000,275.000,275.000,-1,425.000,675.000,350.000,-1,1,1,1,0,2,1,0,1,0,1,1,1,2,1,0,1,2
13,6485.552,-8564.806,-376.156,-47.719,0.678201,0.733859,-0.038670,-0.730384,0.667310,-0.145727,-0.081138,0.127076,0.988569,0,0.76977,0.80228,46.186,1.605,325.000,300.000,875.000,375.000,-1,300.000,325.000,325.000,300.000,625.000,300.000,300.000,-1,400.000,675.000,325.000,-1,1,1,1,0,2,1,0,1,0,1,1,1,2,1,1,1,2
14,6520.832,-8601.609,-379.268,-46.223,0.696732,0.715716,-0.048126,-0.714160,0.685786,-0.140260,-0.067382,0.132093,0.988944,0,0.84977,0.74791,50.986,1.496,300.000,300.000,850.000,400.000,-1,275.000,325.000,350.000,300.000,600.000,300.000,350.000,-1,400.000,650.000,300.000,-1,1,1,1,0,2,1,1,1,0,1,1,1,2,1,1,1,2
15,6558.136,-8638.530,-381.572,-44.724,0.714850,0.696716,-0.059802,-0.697173,0.703456,-0.138200,-0.054218,0.140484,0.988597,0,0.87484,0.74959,52.490,1.499,300.000,275.000,825.000,400.000,-1,275.000,325.000,350.000,300.000,625.000,300.000,350.000,-1,375.000,625.000,275.000,-1,1,1,1,1,2,1,1,1,0,1,1,0,2,1,1,1,2
16,6596.518,-8674.567,-383.041,-43.221,0.732461,0.676870,-0.073125,-0.679525,0.720258,-0.139551,-0.041789,0.151906,0.987511,0,0.87755,0.75147,52.653,1.503,300.000,275.000,800.000,375.000,-1,250.000,300.000,375.000,300.000,650.000,325.000,225.000,-1,375.000,575.000,275.000,-1,1,1,1,1,2,1,1,1,0,1,1,0,2,1,1,1,2
17,6639.259,-8712.954,-384.211,-41.958,0.746488,0.659414,-0.089048,-0.664800,0.733426,-0.141870,-0.028241,0.165103,0.985872,0,0.95755,0.63147,57.453,1.263,300.000,275.000,775.000,375.000,-1,250.000,275.000,400.000,275.000,700.000,275.000,175.000,850.000,375.000,550.000,275.000,-1,1,1,1,1,2,1,1,1,0,1,0,0,0,1,1,1,2
18,6684.607,-8752.237,-384.711,-40.935,0.757108,0.644618,-0.106091,-0.653127,0.743240,-0.144980,-0.014606,0.179056,0.983730,0,1.00000,0.51147,60.000,1.023,275.000,250.000,775.000,350.000,-1,250.000,275.000,425.000,275.000,725.000,225.000,125.000,700.000,375.000,525.000,250.000,-1,1,1,1,1,2,1,1,1,0,1,0,0,0,1,1,1,2
19,6730.492,-8790.892,-384.719,-40.152,0.764423,0.632555,-0.124629,-0.644715,0.749790,-0.148854,-0.000712,0.194138,0.980974,0,1.00000,0.39147,60.000,0.783,275.000,250.000,-1,325.000,-1,225.000,275.000,450.000,250.000,750.000,225.000,100.000,575.000,350.000,500.000,225.000,-1,1,1,2,1,2,1,1,1,0,1,0,0,0,1,1,1,2
20,6776.747,-8829.106,-384.245,-39.609,0.768487,0.623270,-0.144781,-0.639724,0.753151,-0.153352,0.013462,0.210469,0.977508,0,1.00000,0.27147,60.000,0.543,250.000,250.000,-1,325.000,-1,225.000,250.000,500.000,250.000,800.000,200.000,75.000,475.000,375.000,475.000,250.000,-1,1,1,2,1,2,1,1,1,0,1,0,0,0,1,1,1,2
21,327.961,983.912,639.341,77.734,0.205387,-0.975312,0.081130,0.973611,0.212047,0.084366,-0.099486,0.061661,0.993127,1,0.00000,0.00000,60.000,0.303,-1,375.000,-1,400.000,-1,300.000,300.000,325.000,350.000,-1,-1,-1,-1,700.000,725.000,-1,-1,2,0,2,0,2,0,0,0,0,2,2,2,2,0,0,2,2
22,329.000,988.598,638.874,77.494,0.209468,-0.974432,0.081271,0.972712,0.216134,0.084364,-0.099772,0.061382,0.993115,0,0.08000,-0.12000,4.800,-0.240,-1,375.000,-1,400.000,-1,300.000,300.000,325.000,350.000,-1,-1,-1,-1,700.000,725.000,-1,-1,2,0,2,0,2,0,0,0,0,2,2,2,2,0,0,2,2
23,331.158,997.953,637.936,77.014,0.217617,-0.972620,0.081565,0.970863,0.224297,0.084351,-0.100337,0.060833,0.993092,0,0.16000,-0.24000,9.600,-0.480,-1,375.000,-1,400.000,-1,300.000,325.000,325.000,350.000,-1,-1,-1,-1,700.000,725.000,-1,-1,2,0,2,0,2,0,0,0,0,2,2,2,2,0,0,2,2
24,334.571,1011.943,636.520,76.294,0.229810,-0.969772,0.082033,0.967964,0.236513,0.084310,-0.101163,0.060030,0.993057,0,0.24000,-0.36000,14.400,-0.720,-1,375.000,-1,400.000,-1,300.000,325.000,325.000,350.000,-1,-1,-1,-1,675.000,725.000,-1,-1,2,0,2,0,2,0,0,0,0,2,2,2,2,0,0,2,2
25,339.433,1030.518,634.619,75.334,0.246009,-0.965733,0.082704,0.963862,0.252743,0.084209,-0.102226,0.058999,0.993010,0,0.32000,-0.48000,19.200,-0.960,-1,375.000,-1,400.000,-1,300.000,325.000,350.000,350.000,-1,-1,-1,-1,675.000,725.000,-1,-1,2,0,2,0,2,0,0,0,0,2,2,2,2,0,0,2,2
26,345.995,1053.604,632.223,74.134,0.266155,-0.960297,0.083612,0.958358,0.272932,0.084007,-0.103492,0.057771,0.992951,0,0.40000,-0.60000,24.000,-1.200,-1,350.000,-1,400.000,-1,300.000,325.000,350.000,350.000,-1,-1,-1,-1,675.000,725.000,-1,-1,2,0,2,0,2,0,0,0,0,2,2,2,2,0,0,2,2
27,354.561,1081.101,629.321,72.699,0.290081,-0.953238,0.084796,0.951234,0.296912,0.083646,-0.104911,0.056397,0.992881,0,0.48000,-0.71731,28.800,-1.435,-1,375.000,-1,400.000,-1,300.000,325.000,350.000,350.000,-1,-1,-1,-1,650.000,725.000,-1,-1,2,0,2,0,2,0,0,0,0,2,2,2,2,0,0,2,2
28,365.356,1112.920,625.894,71.262,0.313853,-0.945546,0.086253,0.943511,0.320756,0.083083,-0.106225,0.055304,0.992803,0,0.56000,-0.71887,33.600,-1.438,-1,375.000,-1,400.000,-1,300.000,325.000,350.000,350.000,-1,-1,-1,-1,650.000,700.000,-1,-1,2,0,2,0,2,0,0,0,0,2,2,2,2,0,0,2,2
29,378.604,1148.963,621.935,69.820,0.337461,-0.937217,0.088005,0.935191,0.344456,0.082265,-0.107414,0.054540,0.992717,0,0.64000,-0.72078,38.400,-1.442,-1,375.000,-1,400.000,-1,300.000,325.000,350.000,325.000,-1,-1,-1,-1,650.000,700.000,-1,-1,2,0,2,0,2,0,0,0,0,2,2,2,2,0,0,2,2
30,394.526,1189.122,617.419,68.374,0.360915,-0.928249,0.089966,0.926279,0.368009,0.081097,-0.108387,0.054064,0.992638,0,0.72000,-0.72306,43.200,-1.446,-1,375.000,-1,400.000,-1,300.000,325.000,350.000,325.000,-1,-1,-1,-1,650.000,700.000,-1,-1,2,0,2,0,2,0,0,0,0,2,2,2,2,0,0,2,2
31,413.340,1233.281,612.228,66.924,0.384260,-0.918670,0.091599,0.916796,0.391390,0.079371,-0.108767,0.053479,0.992628,0,0.80000,-0.72493,48.000,-1.450,-1,375.000,-1,400.000,-1,300.000,325.000,350.000,325.000,-1,-1,-1,-1,650.000,700.000,-1,-1,2,0,2,0,2,0,0,0,0,2,2,2,2,0,0,2,2
32,435.258,1281.317,606.745,65.474,0.407303,-0.908427,0.094153,0.906871,0.414488,0.076056,-0.108116,0.054407,0.992648,0,0.88000,-0.72493,52.800,-1.450,-1,375.000,-1,400.000,-1,300.000,325.000,375.000,325.000,-1,-1,-1,-1,675.000,700.000,-1,-1,2,0,2,0,2,0,0,0,0,2,2,2,2,0,0,2,2
33,459.413,1330.896,600.444,64.024,0.430115,-0.897693,0.095646,0.896161,0.437362,0.074898,-0.109067,0.053500,0.992594,0,0.91916,-0.72493,55.150,-1.450,-1,375.000,-1,375.000,-1,300.000,300.000,375.000,325.000,-1,-1,100.000,-1,650.000,700.000,-1,-1,2,0,2,0,2,0,0,0,0,2,2,0,2,0,0,2,2
34,484.816,1379.847,594.079,62.575,0.452637,-0.886379,0.097220,0.884876,0.459956,0.073721,-0.110062,0.052659,0.992529,0,0.91916,-0.72493,55.150,-1.450,-1,375.000,-1,375.000,-1,300.000,300.000,375.000,325.000,-1,-1,100.000,-1,650.000,675.000,-1,-1,2,0,2,0,2,0,0,0,0,2,2,0,2,0,0,2,2
35,511.449,1428.140,587.747,61.125,0.474849,-0.874484,0.098971,0.873044,0.482251,0.072308,-0.110961,0.052071,0.992460,0,0.91916,-0.72493,55.150,-1.450,-1,350.000,-1,375.000,-1,300.000,300.000,350.000,325.000,-1,-1,125.000,-1,650.000,675.000,-1,-1,2,0,2,0,2,0,0,0,0,2,2,0,2,0,0,2,2
36,539.295,1475.744,581.444,59.675,0.496736,-0.862015,0.100911,0.860680,0.504230,0.070584,-0.111727,0.051790,0.992388,0,0.91916,-0.72493,55.150,-1.450,-1,350.000,-1,375.000,-1,300.000,300.000,350.000,325.000,-1,-1,150.000,-1,650.000,675.000,-1,-1,2,0,2,0,2,0,0,0,0,2,2,0,2,0,0,2,2
37,568.337,1522.627,575.569,58.225,0.518542,-0.849043,0.101192,0.847787,0.525918,0.068322,-0.111227,0.050362,0.992518,0,0.91916,-0.72493,55.150,-1.450,-1,350.000,-1,375.000,-1,300.000,300.000,350.000,325.000,-1,-1,175.000,-1,625.000,675.000,-1,-1,2,0,2,0,2,0,0,0,0,2,2,0,2,0,0,2,2
38,598.555,1568.761,569.846,56.775,0.540066,-0.835528,0.101103,0.834367,0.547273,0.065760,-0.110275,0.048842,0.992700,0,0.91916,-0.72493,55.150,-1.450,-1,350.000,-1,375.000,-1,300.000,300.000,350.000,325.000,-1,-1,200.000,-1,625.000,675.000,-1,-1,2,0,2,0,2,0,0,0,0,2,2,0,2,0,0,2,2
39,629.931,1614.115,563.911,55.325,0.561058,-0.821422,0.102371,0.820442,0.568245,0.063034,-0.109949,0.048624,0.992747,0,0.91916,-0.72493,55.150,-1.450,-1,350.000,-1,375.000,-1,300.000,300.000,350.000,325.000,-1,-1,225.000,-1,625.000,650.000,-1,-1,2,0,2,0,2,0,0,0,0,2,2,0,2,0,0,2,2
40,662.444,1658.661,558.035,53.875,0.581679,-0.806778,0.103730,0.806017,0.588844,0.059991,-0.109480,0.048713,0.992795,0,0.91916,-0.72493,55.150,-1.450,-1,350.000,-1,375.000,-1,300.000,300.000,325.000,325.000,-1,-1,250.000,-1,625.000,650.000,-1,-1,2,0,2,0,2,0,0,0,0,2,2,0,2,0,0,2,2
41,692.980,1698.694,552.765,52.666,0.598601,-0.794146,0.104919,0.793628,0.605733,0.056937,-0.108770,0.049184,0.992849,0,0.83916,-0.60493,50.350,-1.210,-1,350.000,-1,375.000,-1,300.000,300.000,325.000,325.000,-1,-1,275.000,-1,625.000,650.000,-1,-1,2,0,2,0,2,0,0,0,0,2,2,0,2,0,0,2,2
42,721.213,1734.439,548.138,51.696,0.611939,-0.783740,0.106213,0.783489,0.619057,0.053967,-0.108048,0.050192,0.992878,0,0.75916,-0.48493,45.550,-0.970,-1,350.000,-1,375.000,-1,300.000,300.000,325.000,325.000,-1,-1,300.000,-1,625.000,650.000,-1,-1,2,0,2,0,2,0,0,0,0,2,2,0,2,0,0,2,2
43,747.082,1766.346,544.039,50.966,0.621864,-0.775743,0.107275,0.775761,0.628951,0.051137,-0.107140,0.051419,0.992913,0,0.68462,-0.36493,41.077,-0.730,-1,350.000,-1,375.000,-1,300.000,300.000,325.000,325.000,-1,-1,325.000,-1,625.000,650.000,-1,-1,2,0,2,0,2,0,0,0,0,2,2,0,2,0,0,2,2
44,773.223,1798.031,539.697,50.476,0.628689,-0.770323,0.106547,0.770552,0.635549,0.048244,-0.104880,0.051770,0.993137,0,0.68462,-0.24493,41.077,-0.490,-1,350.000,-1,375.000,-1,300.000,300.000,325.000,325.000,-1,-1,325.000,-1,625.000,650.000,-1,-1,2,0,2,0,2,0,0,0,0,2,2,0,2,0,0,2,2
45,799.502,1829.602,535.448,50.226,0.632258,-0.767514,0.105703,0.767975,0.638876,0.045297,-0.102297,0.052538,0.993365,0,0.68462,-0.12493,41.077,-0.250,-1,350.000,-1,375.000,-1,300.000,300.000,325.000,350.000,-1,-1,300.000,-1,650.000,650.000,-1,-1,2,0,2,0,2,0,0,0,0,2,2,0,2,0,0,2,2
46,825.786,1861.168,531.302,50.216,0.632607,-0.767357,0.104747,0.768068,0.638969,0.042303,-0.099392,0.053692,0.993599,0,0.68462,-0.00493,41.077,-0.010,-1,350.000,-1,375.000,-1,300.000,300.000,325.000,350.000,-1,350.000,300.000,-1,650.000,650.000,-1,-1,2,0,2,0,2,0,0,0,0,2,0,0,2,0,0,2,2
47,851.943,1892.840,527.209,50.446,0.629740,-0.769864,0.103621,0.770808,0.635838,0.039566,-0.096347,0.054956,0.993830,0,0.68462,0.11507,41.077,0.230,-1,350.000,-1,375.000,-1,300.000,300.000,325.000,350.000,-1,350.000,300.000,-1,650.000,650.000,-1,-1,2,0,2,0,2,0,0,0,0,2,0,0,2,0,0,2,2
48,877.838,1924.726,523.196,50.917,0.623626,-0.774994,0.102349,0.776161,0.629449,0.036977,-0.093081,0.056380,0.994061,0,0.68462,0.23507,41.077,0.470,-1,375.000,-1,350.000,-1,300.000,300.000,325.000,350.000,-1,350.000,300.000,-1,650.000,625.000,-1,-1,2,0,2,0,2,0,0,0,0,2,0,0,2,0,0,2,2
49,903.463,1956.829,519.293,51.401,0.617286,-0.780225,0.101035,0.781610,0.622824,0.034306,-0.089694,0.057793,0.994291,0,0.68462,0.24221,41.077,0.484,-1,375.000,-1,350.000,-1,300.000,300.000,350.000,375.000,-1,325.000,275.000,-1,650.000,625.000,-1,-1,2,0,2,0,2,0,0,0,0,2,0,0,2,0,0,2,2
50,928.816,1989.148,515.498,51.885,0.610911,-0.785399,0.099686,0.786993,0.616155,0.031550,-0.086201,0.059178,0.994519,0,0.68462,0.24221,41.077,0.484,-1,375.000,-1,350.000,-1,300.000,300.000,350.000,375.000,-1,325.000,275.000,-1,675.000,625.000,-1,-1,2,0,2,0,2,0,0,0,0,2,0,0,2,0,0,2,2
51,953.895,2021.680,511.811,52.370,0.604501,-0.790515,0.098305,0.792310,0.609443,0.028707,-0.082605,0.060535,0.994742,0,0.68462,0.24221,41.077,0.484,-1,375.000,-1,375.000,-1,300.000,300.000,350.000,375.000,-1,325.000,275.000,-1,675.000,625.000,-1,-1,2,0,2,0,2,0,0,0,0,2,0,0,2,0,0,2,2
52,978.698,2054.422,508.389,52.854,0.598049,-0.795603,0.096714,0.797520,0.602710,0.026496,-0.079370,0.061285,0.994960,0,0.68462,0.24221,41.077,0.484,-1,375.000,-1,375.000,-1,300.000,300.000,350.000,375.000,-1,325.000,275.000,-1,675.000,625.000,-1,-1,2,0,2,0,2,0,0,0,0,2,0,0,2,0,0,2,2
53,1005.935,2091.338,504.787,53.579,0.588228,-0.803125,0.094754,0.805146,0.592578,0.024321,-0.075682,0.061985,0.995204,0,0.76462,0.36221,45.877,0.724,-1,375.000,-1,375.000,-1,300.000,300.000,350.000,350.000,-1,350.000,300.000,-1,700.000,625.000,-1,1000.000,2,0,2,0,2,0,0,0,0,2,0,0,2,0,0,2,0
54,1035.117,2132.221,500.964,54.479,0.575853,-0.812316,0.092387,0.814403,0.579870,0.022313,-0.071698,0.062391,0.995473,0,0.83717,0.45016,50.230,0.900,-1,375.000,-1,375.000,-1,300.000,300.000,350.000,350.000,-1,350.000,300.000,-1,725.000,625.000,-1,1000.000,2,0,2,0,2,0,0,0,0,2,0,0,2,0,0,2,0
55,1063.654,2173.556,497.349,55.379,0.563327,-0.821318,0.089999,0.823444,0.567029,0.020476,-0.067849,0.062574,0.995731,0,0.83717,0.45016,50.230,0.900,-1,375.000,-1,375.000,-1,300.000,300.000,350.000,350.000,-1,325.000,325.000,-1,750.000,625.000,-1,975.000,2,0,2,0,2,0,0,0,0,2,0,0,2,0,0,2,0
56,1091.538,2215.335,493.766,56.280,0.550569,-0.830091,0.088449,0.832283,0.554030,0.018839,-0.064642,0.063243,0.995903,0,0.83717,0.45016,50.230,0.900,-1,375.000,-1,350.000,-1,300.000,300.000,350.000,350.000,-1,325.000,350.000,-1,750.000,625.000,-1,950.000,2,0,2,0,2,0,0,0,0,2,0,0,2,0,0,2,0
57,1118.761,2257.547,490.414,57.180,0.537677,-0.838672,0.086793,0.840905,0.540904,0.017350,-0.061498,0.063656,0.996075,0,0.83717,0.45016,50.230,0.900,-1,375.000,-1,350.000,975.000,300.000,300.000,350.000,350.000,-1,300.000,350.000,-1,775.000,600.000,-1,925.000,2,0,2,0,0,0,0,0,0,2,0,0,2,0,0,2,0
58,1145.319,2300.182,487.289,58.080,0.524654,-0.847059,0.085029,0.849308,0.527654,0.016007,-0.058425,0.063818,0.996250,0,0.83717,0.45016,50.230,0.900,-1,375.000,-1,350.000,950.000,300.000,300.000,350.000,350.000,-1,300.000,350.000,-1,800.000,600.000,-1,950.000,2,0,2,0,0,0,0,0,0,2,0,0,2,0,0,2,0
59,1171.203,2343.229,484.387,58.980,0.511501,-0.855250,0.083154,0.857493,0.514282,0.014805,-0.055427,0.063731,0.996427,0,0.83717,0.45016,50.230,0.900,-1,375.000,-1,350.000,925.000,300.000,300.000,350.000,350.000,-1,300.000,350.000,-1,800.000,600.000,-1,1000.000,2,0,2,0,0,0,0,0,0,2,0,0,2,0,0,2,0
60,1196.408,2386.676,481.707,59.881,0.498220,-0.863243,0.081165,0.865459,0.500791,0.013742,-0.052509,0.063398,0.996606,0,0.83717,0.45016,50.230,0.900,-1,400.000,-1,350.000,900.000,300.000,300.000,350.000,325.000,-1,300.000,350.000,-1,825.000,600.000,-1,-1,2,0,2,0,0,0,0,0,0,2,0,0,2,0,0,2,2
61,1220.927,2430.515,479.243,60.781,0.484813,-0.871037,0.079060,0.873206,0.487183,0.012813,-0.049677,0.062824,0.996787,0,0.83717,0.45016,50.230,0.900,-1,400.000,-1,350.000,900.000,300.000,300.000,350.000,325.000,-1,300.000,375.000,-1,850.000,625.000,-1,-1,2,0,2,0,0,0,0,0,0,2,0,0,2,0,0,2,2
62,1244.755,2474.733,476.915,61.681,0.471313,-0.878646,0.076451,0.880729,0.473470,0.011945,-0.046693,0.061703,0.997002,0,0.83717,0.45016,50.230,0.900,-1,400.000,-1,350.000,900.000,325.000,300.000,350.000,325.000,-1,300.000,375.000,-1,875.000,625.000,-1,-1,2,0,2,0,0,0,0,0,0,2,0,0,2,0,0,2,2
63,1267.885,2519.320,474.755,62.582,0.457704,-0.886059,0.073520,0.888031,0.459648,0.011151,-0.043674,0.060185,0.997231,0,0.83717,0.45016,50.230,0.900,-1,425.000,-1,350.000,950.000,325.000,300.000,350.000,325.000,-1,300.000,375.000,-1,900.000,650.000,-1,-1,2,0,2,0,0,0,0,0,0,2,0,0,2,0,0,2,2
64,1290.313,2564.265,472.674,63.482,0.443981,-0.893321,0.069702,0.895089,0.445743,0.011315,-0.041177,0.057365,0.997504,0,0.83717,0.45016,50.230,0.900,-1,425.000,-1,350.000,975.000,325.000,300.000,350.000,325.000,-1,275.000,425.000,-1,925.000,650.000,-1,-1,2,0,2,0,0,0,0,0,0,2,0,0,2,0,0,2,2
65,1312.032,2609.556,470.632,64.382,0.430128,-0.900406,0.065266,0.901912,0.431743,0.012353,-0.039301,0.053551,0.997791,0,0.83717,0.45016,50.230,0.900,-1,425.000,-1,375.000,1000.000,325.000,325.000,325.000,325.000,-1,275.000,475.000,-1,950.000,675.000,-1,-1,2,0,2,0,0,0,0,0,0,2,0,0,2,0,0,2,2
66,1333.037,2655.183,468.757,65.283,0.416154,-0.907269,0.060653,0.908516,0.417630,0.013528,-0.037604,0.049474,0.998067,0,0.83717,0.45016,50.230,0.900,-1,425.000,-1,375.000,-1,325.000,325.000,325.000,325.000,-1,325.000,525.000,-1,975.000,675.000,-1,-1,2,0,2,0,2,0,0,0,0,2,0,0,2,0,0,2,2
67,1353.323,2701.134,466.976,66.183,0.402065,-0.913897,0.056008,0.914908,0.403401,0.014543,-0.035885,0.045395,0.998324,0,0.83717,0.45016,50.230,0.900,-1,425.000,-1,375.000,-1,325.000,325.000,325.000,325.000,-1,350.000,600.000,-1,1000.000,675.000,-1,-1,2,0,2,0,2,0,0,0,0,2,0,0,2,0,0,2,2
68,1372.883,2747.399,465.122,67.083,0.387885,-0.920279,0.051303,0.921093,0.389057,0.014872,-0.033646,0.041486,0.998572,0,0.83717,0.45016,50.230,0.900,-1,425.000,-1,375.000,-1,350.000,325.000,325.000,325.000,-1,350.000,625.000,-1,-1,700.000,-1,-1,2,0,2,0,2,0,0,0,0,2,0,0,2,2,0,2,2
69,1391.714,2793.966,462.640,67.984,0.373403,-0.926330,0.049826,0.927056,0.374570,0.016271,-0.033735,0.040116,0.998625,0,0.83717,0.45016,50.230,0.900,-1,425.000,-1,375.000,-1,350.000,325.000,325.000,325.000,-1,400.000,725.000,-1,-1,700.000,-1,-1,2,0,2,0,2,0,0,0,0,2,0,0,2,2,0,2,2
70,1409.810,2840.823,460.291,68.884,0.358821,-0.932156,0.048304,0.932785,0.359990,0.017870,-0.034047,0.038645,0.998673,0,0.83717,0.45016,50.230,0.900,-1,425.000,-1,375.000,-1,350.000,325.000,325.000,300.000,-1,475.000,825.000,-1,-1,700.000,-1,-1,2,0,2,0,2,0,0,0,0,2,0,0,2,2,0,2,2
71,1427.168,2887.959,458.077,69.784,0.344147,-0.937753,0.046708,0.938279,0.345319,0.019658,-0.034563,0.037060,0.998715,0,0.83717,0.45016,50.230,0.900,-1,425.000,-1,375.000,-1,325.000,325.000,325.000,300.000,-1,575.000,950.000,-1,-1,700.000,-1,-1,2,0,2,0,2,0,0,0,0,2,0,0,2,2,0,2,2
72,1443.783,2935.361,455.994,70.685,0.329385,-0.943121,0.045032,0.943536,0.330562,0.021628,-0.035284,0.035365,0.998751,0,0.83717,0.45016,50.230,0.900,-1,425.000,-1,375.000,-1,325.000,325.000,325.000,300.000,-1,700.000,-1,-1,-1,700.000,-1,-1,2,0,2,0,2,0,0,0,0,2,0,2,2,2,0,2,2
73,1459.652,2983.019,454.035,71.585,0.314539,-0.948258,0.043272,0.948554,0.315722,0.023775,-0.036207,0.033568,0.998780,0,0.83717,0.45016,50.230,0.900,-1,425.000,-1,375.000,-1,325.000,325.000,325.000,275.000,-1,875.000,-1,-1,1000.000,725.000,-1,-1,2,0,2,0,2,0,0,0,0,2,0,2,2,0,0,2,2
74,1474.769,3030.920,452.198,72.485,0.299615,-0.953160,0.041424,0.953330,0.300802,0.026090,-0.037328,0.031674,0.998801,0,0.83717,0.45016,50.230,0.900,-1,425.000,-1,375.000,-1,325.000,325.000,325.000,275.000,-1,-1,-1,-1,1000.000,725.000,-1,-1,2,0,2,0,2,0,0,0,0,2,2,2,2,0,0,2,2
75,1489.132,3079.053,450.475,73.385,0.284618,-0.957828,0.039484,0.957862,0.285806,0.028567,-0.038647,0.029690,0.998812,0,0.83717,0.45016,50.230,0.900,-1,425.000,-1,375.000,-1,350.000,325.000,325.000,275.000,-1,-1,-1,-1,975.000,725.000,-1,-1,2,0,2,0,2,0,0,0,0,2,2,2,2,0,0,2,2
76,1502.737,3127.406,448.923,74.286,0.269555,-0.962263,0.037286,0.962140,0.270738,0.031424,-0.040333,0.027404,0.998810,0,0.83717,0.45016,50.230,0.900,-1,450.000,-1,375.000,-1,350.000,325.000,325.000,275.000,-1,-1,-1,-1,975.000,725.000,-1,-1,2,0,2,0,2,0,0,0,0,2,2,2,2,0,0,2,2
77,1515.581,3175.966,447.503,75.186,0.254432,-0.966461,0.034902,0.966166,0.255601,0.034529,-0.042292,0.024936,0.998794,0,0.83717,0.45016,50.230,0.900,-1,450.000,-1,375.000,-1,350.000,325.000,325.000,275.000,-1,-1,-1,-1,950.000,750.000,-1,-1,2,0,2,0,2,0,0,0,0,2,2,2,2,0,0,2,2
78,1527.660,3224.723,445.949,76.086,0.239316,-0.970435,0.031376,0.969958,0.240403,0.037249,-0.043690,0.021519,0.998813,0,0.83717,0.45016,50.230,0.900,-1,450.000,-1,400.000,-1,350.000,325.000,325.000,300.000,-1,-1,-1,-1,950.000,750.000,-1,-1,2,0,2,0,2,0,0,0,0,2,2,2,2,0,0,2,2
79,1538.125,3269.155,444.285,76.747,0.228273,-0.973226,0.026873,0.972543,0.229223,0.040219,-0.045302,0.016954,0.998829,0,0.76080,0.33016,45.648,0.660,-1,450.000,-1,400.000,-1,350.000,325.000,300.000,300.000,-1,-1,-1,-1,925.000,750.000,-1,-1,2,0,2,0,2,0,0,0,0,2,2,2,2,0,0,2,2
80,1548.265,3313.663,442.640,77.167,0.221311,-0.974951,0.022182,0.974067,0.222094,0.043228,-0.047072,0.012040,0.998819,0,0.76080,0.21016,45.648,0.420,-1,450.000,-1,400.000,-1,350.000,350.000,300.000,300.000,-1,-1,-1,-1,900.000,775.000,-1,-1,2,0,2,0,2,0,0,0,0,2,2,2,2,0,0,2,2
81,1558.149,3358.228,440.259,77.495,0.215825,-0.976230,0.019852,0.975270,0.216515,0.044385,-0.047628,0.009781,0.998817,0,0.76080,0.16397,45.648,0.328,-1,450.000,-1,400.000,-1,350.000,350.000,300.000,300.000,-1,-1,-1,-1,900.000,775.000,-1,-1,2,0,2,0,2,0,0,0,0,2,2,2,2,0,0,2,2
82,1567.777,3402.849,437.499,77.823,0.210250,-0.977461,0.019110,0.976416,0.210926,0.046075,-0.049067,0.008972,0.998755,0,0.76080,0.16397,45.648,0.328,-1,425.000,-1,400.000,-1,350.000,350.000,300.000,300.000,-1,-1,-1,-1,875.000,775.000,-1,-1,2,0,2,0,2,0,0,0,0,2,2,2,2,0,0,2,2
83,1577.151,3447.524,434.763,78.151,0.204672,-0.978659,0.018309,0.977523,0.205329,0.047836,-0.050574,0.008107,0.998687,0,0.76080,0.16397,45.648,0.328,-1,425.000,-1,400.000,-1,350.000,350.000,300.000,300.000,-1,-1,-1,-1,875.000,750.000,-1,-1,2,0,2,0,2,0,0,0,0,2,2,2,2,0,0,2,2
84,1586.268,3492.252,432.051,78.479,0.199092,-0.979825,0.017450,0.978592,0.199726,0.049664,-0.052147,0.007189,0.998614,0,0.76080,0.16397,45.648,0.328,-1,425.000,-1,400.000,-1,350.000,325.000,300.000,275.000,-1,-1,-1,-1,850.000,750.000,-1,-1,2,0,2,0,2,0,0,0,0,2,2,2,2,0,0,2,2
85,1595.129,3537.032,429.363,78.807,0.193511,-0.980959,0.016535,0.979623,0.194116,0.051556,-0.053784,0.006222,0.998533,0,0.76080,0.16397,45.648,0.328,-1,425.000,-1,400.000,-1,350.000,325.000,300.000,275.000,-1,-1,-1,-1,850.000,750.000,-1,-1,2,0,2,0,2,0,0,0,0,2,2,2,2,0,0,2,2
86,1603.734,3581.862,426.697,79.135,0.187928,-0.982059,0.015565,0.980615,0.188499,0.053508,-0.055482,0.005207,0.998446,0,0.76080,0.16397,45.648,0.328,-1,425.000,-1,400.000,-1,350.000,325.000,300.000,275.000,-1,-1,-1,-1,825.000,725.000,-1,-1,2,0,2,0,2,0,0,0,0,2,2,2,2,0,0,2,2
87,1612.082,3626.740,424.053,79.463,0.182345,-0.983127,0.014541,0.981567,0.182876,0.055518,-0.057241,0.004150,0.998352,0,0.76080,0.16397,45.648,0.328,-1,425.000,-1,400.000,-1,350.000,325.000,300.000,275.000,-1,-1,-1,-1,825.000,725.000,-1,-1,2,0,2,0,2,0,0,0,0,2,2,2,2,0,0,2,2
88,1620.173,3671.666,421.431,79.790,0.176761,-0.984162,0.013465,0.982480,0.177247,0.057583,-0.059057,0.003051,0.998250,0,0.76080,0.16397,45.648,0.328,-1,425.000,-1,400.000,-1,350.000,325.000,300.000,275.000,-1,-1,-1,-1,800.000,725.000,-1,-1,2,0,2,0,2,0,0,0,0,2,2,2,2,0,0,2,2
89,1628.006,3716.637,418.829,80.118,0.171178,-0.985163,0.012339,0.983354,0.171612,0.059698,-0.060930,0.001914,0.998140,0,0.76080,0.16397,45.648,0.328,-1,425.000,-1,400.000,-1,350.000,325.000,300.000,275.000,-1,-1,-1,-1,800.000,725.000,-1,-1,2,0,2,0,2,0,0,0,0,2,2,2,2,0,0,2,2
90,1635.582,3761.652,416.247,80.446,0.165597,-0.986130,0.011163,0.984188,0.165971,0.061861,-0.062856,0.000743,0.998022,0,0.76080,0.16397,45.648,0.328,-1,425.000,-1,400.000,-1,350.000,325.000,300.000,275.000,-1,-1,-1,-1,775.000,700.000,-1,-1,2,0,2,0,2,0,0,0,0,2,2,2,2,0,0,2,2
91,1642.901,3806.709,413.684,80.774,0.160016,-0.987064,0.009941,0.984983,0.160324,0.064069,-0.064834,-0.000461,0.997896,0,0.76080,0.16397,45.648,0.328,-1,400.000,-1,375.000,-1,350.000,325.000,275.000,275.000,-1,-1,-1,-1,775.000,700.000,-1,-1,2,0,2,0,2,0,0,0,0,2,2,2,2,0,0,2,2
92,1649.961,3851.808,411.140,81.102,0.154438,-0.987964,0.008673,0.985738,0.154672,0.066318,-0.066861,-0.001693,0.997761,0,0.76080,0.16397,45.648,0.328,-1,400.000,-1,375.000,-1,350.000,325.000,275.000,275.000,-1,-1,-1,-1,750.000,700.000,-1,-1,2,0,2,0,2,0,0,0,0,2,2,2,2,0,0,2,2
93,1656.763,3896.947,408.552,81.430,0.148880,-0.988830,0.007084,0.986463,0.149014,0.068446,-0.068737,-0.003202,0.997630,0,0.76080,0.16397,45.648,0.328,-1,400.000,-1,375.000,-1,350.000,325.000,275.000,275.000,-1,-1,-1,-1,750.000,675.000,-1,-1,2,0,2,0,2,0,0,0,0,2,2,2,2,0,0,2,2
94,1663.306,3942.124,405.976,81.758,0.143331,-0.989661,0.005311,0.987217,0.143351,0.069667,-0.069708,-0.004743,0.997556,0,0.76080,0.16397,45.648,0.328,-1,400.000,-1,375.000,-1,325.000,325.000,275.000,300.000,-1,-1,-1,-1,725.000,675.000,-1,-1,2,0,2,0,2,0,0,0,0,2,2,2,2,0,0,2,2
95,1669.591,3987.337,403.127,82.086,0.137709,-0.990463,0.004466,0.988021,0.137684,0.069697,-0.069647,-0.005185,0.997558,0,0.76080,0.16397,45.648,0.328,975.000,400.000,-1,375.000,-1,325.000,325.000,275.000,300.000,-1,-1,-1,-1,725.000,675.000,-1,-1,0,0,2,0,2,0,0,0,0,2,2,2,2,0,0,2,2
96,1675.617,4032.585,400.151,82.414,0.132057,-0.991234,0.003934,0.988848,0.132013,0.068940,-0.068855,-0.005214,0.997613,0,0.76080,0.16397,45.648,0.328,950.000,400.000,-1,375.000,-1,350.000,325.000,275.000,300.000,-1,-1,-1,-1,700.000,675.000,-1,-1,0,0,2,0,2,0,0,0,0,2,2,2,2,0,0,2,2
97,1681.384,4077.867,397.174,82.742,0.126403,-0.991973,0.003375,0.989641,0.126337,0.068192,-0.068071,-0.005280,0.997667,0,0.76080,0.16397,45.648,0.328,925.000,400.000,-1,375.000,-1,350.000,325.000,275.000,300.000,-1,-1,-1,-1,700.000,675.000,-1,-1,0,0,2,0,2,0,0,0,0,2,2,2,2,0,0,2,2
98,1686.892,4123.181,394.196,83.070,0.120745,-0.992680,0.002792,0.990400,0.120658,0.067452,-0.067295,-0.005379,0.997719,0,0.76080,0.16397,45.648,0.328,925.000,400.000,-1,375.000,-1,350.000,325.000,275.000,275.000,-1,-1,-1,-1,700.000,675.000,-1,-1,0,0,2,0,2,0,0,0,0,2,2,2,2,0,0,2,2
99,1692.140,4168.526,391.217,83.398,0.115085,-0.993353,0.002190,0.991126,0.114974,0.066717,-0.066526,-0.005508,0.997770,0,0.76080,0.16397,45.648,0.328,900.000,400.000,-1,375.000,-1,350.000,325.000,275.000,275.000,-1,-1,-1,-1,675.000,675.000,-1,-1,0,0,2,0,2,0,0,0,0,2,2,2,2,0,0,2,2
100,1697.129,4213.900,388.238,83.726,0.109422,-0.993994,0.001573,0.991818,0.109286,0.065987,-0.065762,-0.005660,0.997819,0,0.76080,0.16397,45.648,0.328,875.000,400.000,-1,375.000,-1,350.000,325.000,275.000,275.000,-1,-1,-1,-1,675.000,650.000,-1,-1,0,0,2,0,2,0,0,0,0,2,2,2,2,0,0,2,2
101,1701.858,4259.303,385.259,84.054,0.103755,-0.994602,0.000945,0.992476,0.103595,0.065258,-0.065004,-0.005833,0.997868,0,0.76080,0.16397,45.648,0.328,825.000,400.000,-1,375.000,-1,350.000,325.000,275.000,275.000,-1,-1,-1,-1,675.000,650.000,1000.000,-1,0,0,2,0,2,0,0,0,0,2,2,2,2,0,0,0,2
102,1706.327,4304.731,382.280,84.382,0.098085,-0.995178,0.000312,0.993102,0.097901,0.064530,-0.064249,-0.006020,0.997916,0,0.76080,0.16397,45.648,0.328,800.000,400.000,-1,375.000,-1,350.000,325.000,275.000,275.000,-1,-1,-1,-1,650.000,650.000,975.000,-1,0,0,2,0,2,0,0,0,0,2,2,2,2,0,0,0,2
103,1710.536,4350.184,379.302,84.710,0.092412,-0.995721,-0.000323,0.993694,0.092203,0.063800,-0.063497,-0.006217,0.997963,0,0.76080,0.16397,45.648,0.328,775.000,400.000,-1,375.000,-1,350.000,325.000,275.000,275.000,-1,-1,-1,-1,650.000,650.000,950.000,-1,0,0,2,0,2,0,0,0,0,2,2,2,2,0,0,0,2
104,1714.485,4395.661,376.323,85.037,0.086735,-0.996231,-0.000955,0.994253,0.086503,0.063068,-0.062747,-0.006420,0.998009,0,0.76080,0.16397,45.648,0.328,750.000,400.000,-1,375.000,-1,325.000,325.000,275.000,275.000,-1,-1,-1,-1,650.000,625.000,900.000,-1,0,0,2,0,2,0,0,0,0,2,2,2,2,0,0,0,2
105,1718.173,4441.159,373.346,85.365,0.081055,-0.996708,-0.001580,0.994780,0.080799,0.062331,-0.061998,-0.006624,0.998054,0,0.76080,0.16397,45.648,0.328,725.000,375.000,-1,375.000,-1,325.000,325.000,275.000,275.000,-1,-1,-1,-1,625.000,625.000,875.000,-1,0,0,2,0,2,0,0,0,0,2,2,2,2,0,0,0,2
106,1721.601,4486.678,370.370,85.693,0.075371,-0.997153,-0.002192,0.995273,0.075093,0.061589,-0.061249,-0.006824,0.998099,0,0.76080,0.16397,45.648,0.328,700.000,375.000,-1,375.000,-1,325.000,325.000,275.000,275.000,-1,-1,-1,-1,625.000,625.000,850.000,-1,0,0,2,0,2,0,0,0,0,2,2,2,2,0,0,0,2
107,1724.774,4532.270,367.391,86.018,0.069738,-0.997561,-0.002790,0.995729,0.069439,0.060841,-0.060499,-0.007021,0.998144,0,0.76170,0.16239,45.702,0.325,675.000,375.000,-1,350.000,-1,325.000,300.000,250.000,275.000,-1,-1,-1,-1,600.000,625.000,825.000,-1,0,0,2,0,2,0,0,0,0,2,2,2,2,0,0,0,2
108,1727.696,4577.937,364.457,86.339,0.064155,-0.997935,-0.003172,0.996141,0.063849,0.060223,-0.059896,-0.007023,0.998180,0,0.76266,0.16053,45.760,0.321,650.000,375.000,-1,350.000,-1,325.000,300.000,250.000,275.000,-1,-1,-1,-1,600.000,600.000,800.000,-1,0,0,2,0,2,0,0,0,0,2,2,2,2,0,0,0,2
109,1730.368,4623.669,362.444,86.656,0.058512,-0.998285,-0.001617,0.996635,0.058322,0.057601,-0.057408,-0.004982,0.998338,0,0.76352,0.15864,45.811,0.317,650.000,375.000,-1,350.000,-1,325.000,300.000,250.000,275.000,-1,-1,-1,-1,600.000,600.000,850.000,-1,0,0,2,0,2,0,0,0,0,2,2,2,2,0,0,0,2
110,1732.792,4669.460,360.868,86.970,0.053029,-0.998592,-0.001707,0.997142,0.052860,0.053986,-0.053820,-0.004565,0.998540,0,0.76426,0.15674,45.856,0.313,675.000,375.000,-1,350.000,-1,325.000,300.000,275.000,275.000,-1,-1,-1,-1,600.000,625.000,925.000,-1,0,0,2,0,2,0,0,0,0,2,2,2,2,0,0,0,2
111,1735.405,4720.048,359.116,87.043,0.051732,-0.998659,-0.001757,0.997414,0.051579,0.050052,-0.049894,-0.004342,0.998745,0,0.84426,0.03674,50.656,0.073,725.000,375.000,-1,375.000,-1,325.000,300.000,275.000,275.000,-1,750.000,750.000,-1,625.000,625.000,-1,-1,0,0,2,0,2,0,0,0,0,2,0,0,2,0,0,2,2
112,1738.170,4770.720,357.349,86.877,0.054624,-0.998505,-0.001831,0.997447,0.054481,0.046174,-0.046005,-0.004348,0.998932,0,0.84579,-0.08326,50.747,-0.167,800.000,375.000,-1,375.000,-1,325.000,300.000,275.000,300.000,-1,675.000,675.000,-1,650.000,650.000,-1,-1,0,0,2,0,2,0,0,0,0,2,0,0,2,0,0,2,2
113,1741.296,4821.404,355.565,86.470,0.061704,-0.998092,-0.001998,0.997203,0.061564,0.042372,-0.042168,-0.004607,0.999100,0,0.84636,-0.20326,50.781,-0.407,900.000,375.000,-1,375.000,-1,325.000,300.000,275.000,300.000,-1,625.000,625.000,-1,650.000,650.000,-1,-1,0,0,2,0,2,0,0,0,0,2,0,0,2,0,0,2,2
114,1744.927,4872.087,353.763,85.903,0.071586,-0.997432,-0.002314,0.996696,0.071443,0.038639,-0.038375,-0.005072,0.999251,0,0.84689,-0.28364,50.813,-0.567,1000.000,375.000,-1,375.000,-1,325.000,300.000,275.000,300.000,-1,600.000,575.000,-1,675.000,675.000,-1,-1,0,0,2,0,2,0,0,0,0,2,0,0,2,0,0,2,2
115,1749.065,4922.762,351.947,85.332,0.081531,-0.996667,-0.002789,0.996070,0.081384,0.034937,-0.034593,-0.005627,0.999386,0,0.84739,-0.28563,50.843,-0.571,-1,375.000,-1,375.000,-1,325.000,325.000,275.000,300.000,-1,550.000,550.000,-1,700.000,675.000,-1,-1,2,0,2,0,2,0,0,0,0,2,0,0,2,0,0,2,2
116,1753.713,4973.419,350.116,84.757,0.091536,-0.995796,-0.003428,0.995325,0.091385,0.031268,-0.030824,-0.006274,0.999505,0,0.84783,-0.28761,50.870,-0.575,-1,400.000,-1,375.000,-1,325.000,325.000,275.000,300.000,-1,525.000,525.000,-1,725.000,700.000,-1,-1,2,0,2,0,2,0,0,0,0,2,0,0,2,0,0,2,2
117,1758.876,5024.049,348.269,84.177,0.101600,-0.994816,-0.004234,0.994457,0.101446,0.027638,-0.027065,-0.007019,0.999609,0,0.84821,-0.28959,50.893,-0.579,-1,400.000,-1,375.000,-1,325.000,325.000,250.000,300.000,-1,525.000,500.000,-1,750.000,725.000,-1,-1,2,0,2,0,2,0,0,0,0,2,0,0,2,0,0,2,2
118,1764.556,5074.642,346.405,83.594,0.111720,-0.993726,-0.005212,0.993466,0.111565,0.024050,-0.023317,-0.007865,0.999697,0,0.84853,-0.29156,50.912,-0.583,-1,400.000,-1,375.000,-1,325.000,325.000,250.000,300.000,-1,500.000,475.000,-1,775.000,725.000,-1,-1,2,0,2,0,2,0,0,0,0,2,0,0,2,0,0,2,2
119,1770.756,5125.190,344.523,83.007,0.121892,-0.992523,-0.006365,0.992350,0.121739,0.020508,-0.019580,-0.008816,0.999769,0,0.84878,-0.29352,50.927,-0.587,-1,425.000,-1,400.000,-1,325.000,325.000,250.000,300.000,-1,450.000,450.000,-1,800.000,750.000,-1,-1,2,0,2,0,2,0,0,0,0,2,0,0,2,0,0,2,2
120,1777.479,5175.683,342.622,82.416,0.132113,-0.991205,-0.007698,0.991108,0.131968,0.017018,-0.015852,-0.009878,0.999826,0,0.84897,-0.29547,50.938,-0.591,-1,425.000,-1,400.000,-1,325.000,325.000,250.000,300.000,975.000,425.000,425.000,-1,800.000,750.000,-1,-1,2,0,2,0,2,0,0,0,0,0,0,0,2,0,0,2,2
121,1784.726,5226.110,341.009,81.822,0.142375,-0.989782,-0.007784,0.989720,0.142249,0.014807,-0.013548,-0.009812,0.999860,0,0.84910,-0.29737,50.946,-0.595,-1,425.000,-1,400.000,-1,325.000,325.000,250.000,275.000,950.000,425.000,425.000,-1,825.000,750.000,-1,-1,2,0,2,0,2,0,0,0,0,0,0,0,2,0,0,2,2
122,1792.500,5276.464,339.506,81.224,0.152689,-0.988246,-0.007530,0.988185,0.152568,0.014614,-0.013294,-0.009672,0.999865,0,0.84916,-0.29890,50.950,-0.598,-1,425.000,-1,400.000,-1,325.000,325.000,250.000,275.000,950.000,450.000,450.000,-1,800.000,750.000,-1,-1,2,0,2,0,2,0,0,0,0,0,0,0,2,0,0,2,2
123,1800.801,5326.733,338.501,80.623,0.163079,-0.986573,-0.008917,0.986501,0.162918,0.016534,-0.014860,-0.011493,0.999824,0,0.84917,-0.30036,50.950,-0.601,-1,425.000,-1,400.000,-1,325.000,325.000,250.000,275.000,950.000,525.000,525.000,-1,800.000,750.000,-1,-1,2,0,2,0,2,0,0,0,0,0,0,0,2,0,0,2,2
124,1809.630,5376.908,337.464,80.020,0.173505,-0.984779,-0.010265,0.984695,0.173297,0.018538,-0.016477,-0.013325,0.999775,0,0.84911,-0.30176,50.946,-0.604,-1,425.000,-1,400.000,-1,325.000,325.000,250.000,275.000,950.000,575.000,625.000,-1,775.000,725.000,-1,-1,2,0,2,0,2,0,0,0,0,0,0,0,2,0,0,2,2
125,1818.988,5426.980,336.419,79.413,0.183963,-0.982864,-0.011677,0.982767,0.183701,0.020567,-0.018070,-0.015259,0.999720,0,0.84898,-0.30309,50.939,-0.606,-1,400.000,-1,375.000,-1,325.000,325.000,250.000,300.000,950.000,650.000,725.000,-1,750.000,700.000,-1,-1,2,0,2,0,2,0,0,0,0,0,0,0,2,0,0,2,2
126,1828.876,5476.940,335.367,78.805,0.194450,-0.980824,-0.013148,0.980716,0.194125,0.022621,-0.019635,-0.017294,0.999658,0,0.84880,-0.30434,50.928,-0.609,-1,400.000,-1,375.000,-1,325.000,325.000,250.000,300.000,975.000,725.000,825.000,-1,725.000,700.000,-1,-1,2,0,2,0,2,0,0,0,0,0,0,0,2,0,0,2,2
127,1839.292,5526.777,334.347,78.194,0.204957,-0.978663,-0.014545,0.978545,0.204567,0.024538,-0.021039,-0.019262,0.999593,0,0.84856,-0.30553,50.914,-0.611,-1,400.000,-1,375.000,-1,325.000,325.000,250.000,300.000,975.000,775.000,925.000,-1,700.000,675.000,-1,-1,2,0,2,0,2,0,0,0,0,0,0,0,2,0,0,2,2
128,1850.238,5576.482,333.637,77.580,0.215439,-0.976403,-0.014951,0.976283,0.215027,0.025179,-0.021370,-0.020020,0.999571,0,0.84827,-0.30664,50.896,-0.613,-1,400.000,-1,375.000,-1,325.000,325.000,250.000,300.000,975.000,850.000,975.000,-1,700.000,675.000,-1,-1,2,0,2,0,2,0,0,0,0,0,0,0,2,0,0,2,2
129,1861.713,5626.047,332.936,76.965,0.225931,-0.974022,-0.015389,0.973903,0.225497,0.025751,-0.021612,-0.020805,0.999550,0,0.84792,-0.30767,50.875,-0.615,-1,375.000,-1,375.000,-1,325.000,325.000,250.000,300.000,975.000,900.000,-1,-1,675.000,650.000,-1,-1,2,0,2,0,2,0,0,0,0,0,0,2,2,0,0,2,2
130,1873.715,5675.461,332.244,76.348,0.236429,-0.971519,-0.015860,0.971405,0.235973,0.026253,-0.021763,-0.021613,0.999530,0,0.84752,-0.30862,50.851,-0.617,1000.000,375.000,-1,375.000,-1,325.000,300.000,250.000,300.000,975.000,950.000,-1,-1,675.000,650.000,-1,-1,1,0,2,0,2,0,0,0,0,0,0,2,2,0,0,2,2
131,1886.244,5724.718,331.562,75.729,0.246928,-0.968896,-0.016364,0.968788,0.246450,0.026684,-0.021821,-0.022442,0.999510,0,0.84708,-0.30950,50.825,-0.619,975.000,375.000,-1,375.000,-1,300.000,300.000,250.000,300.000,975.000,1000.000,-1,-1,650.000,625.000,-1,-1,1,0,2,0,2,0,0,0,0,0,0,2,2,0,0,2,2
132,1899.297,5773.807,330.889,75.108,0.257424,-0.966151,-0.016903,0.966053,0.256925,0.027040,-0.021782,-0.023290,0.999491,0,0.84659,-0.31029,50.795,-0.621,925.000,375.000,-1,375.000,-1,300.000,300.000,250.000,300.000,975.000,-1,-1,-1,650.000,625.000,-1,-1,1,0,2,0,2,0,0,0,0,0,2,2,2,0,0,2,2
133,1912.875,5822.721,330.157,74.486,0.267914,-0.963278,-0.017799,0.963205,0.267391,0.027183,-0.021425,-0.024427,0.999472,0,0.84605,-0.31101,50.763,-0.622,900.000,350.000,-1,350.000,-1,300.000,300.000,275.000,300.000,975.000,-1,-1,-1,625.000,625.000,-1,-1,1,0,2,0,2,0,0,0,0,0,2,2,2,0,0,2,2
134,1926.974,5871.451,329.453,73.863,0.278357,-0.960287,-0.019118,0.960284,0.277847,0.025602,-0.019274,-0.025485,0.999489,0,0.84548,-0.31164,50.729,-0.623,900.000,350.000,-1,350.000,-1,300.000,300.000,275.000,300.000,950.000,-1,-1,-1,625.000,625.000,-1,-1,1,0,2,0,2,0,0,0,0,0,2,2,2,0,0,2,2
135,1940.998,5918.734,328.968,73.480,0.284723,-0.958403,-0.019910,0.958468,0.284263,0.023083,-0.016464,-0.025655,0.999535,0,0.82198,-0.19164,49.319,-0.383,900.000,350.000,-1,350.000,-1,300.000,300.000,275.000,300.000,925.000,-1,-1,-1,625.000,625.000,-1,-1,1,0,2,0,2,0,0,0,0,0,2,2,2,0,0,2,2
