timestep,x_cm,y_cm,z_cm,yaw_deg,basis_xx,basis_xy,basis_xz,basis_yx,basis_yy,basis_yz,basis_zx,basis_zy,basis_zz,teleport_flag,throttle_cmd,steering_cmd,cmd_move_cm,cmd_turn_deg,lidar_cm_0,lidar_cm_1,lidar_cm_2,lidar_cm_3,lidar_cm_4,lidar_cm_5,lidar_cm_6,lidar_cm_7,lidar_cm_8,lidar_cm_9,lidar_cm_10,lidar_cm_11,lidar_cm_12,lidar_cm_13,lidar_cm_14,lidar_cm_15,lidar_cm_16,lidar_class_0,lidar_class_1,lidar_class_2,lidar_class_3,lidar_class_4,lidar_class_5,lidar_class_6,lidar_class_7,lidar_class_8,lidar_class_9,lidar_class_10,lidar_class_11,lidar_class_12,lidar_class_13,lidar_class_14,lidar_class_15,lidar_class_16
0,-6226.683,329.072,219.559,11.620,0.979782,-0.199200,0.018610,0.199749,0.968729,-0.147187,0.011291,0.147928,0.988934,1,0.08000,0.12000,4.800,0.240,150.000,225.000,-1,625.000,-1,250.000,375.000,625.000,225.000,-1,275.000,75.000,450.000,300.000,-1,150.000,-1,1,1,2,0,2,1,1,0,0,2,0,0,0,1,2,1,2
1,-6217.299,331.093,219.840,12.100,0.978143,-0.207170,0.017806,0.207443,0.966377,-0.151931,0.014268,0.152304,0.988231,0,0.16000,0.24000,9.600,0.480,150.000,225.000,-1,625.000,-1,250.000,375.000,650.000,225.000,-1,275.000,75.000,425.000,300.000,-1,150.000,-1,1,1,2,0,2,1,1,0,0,2,0,0,0,1,2,1,2
2,-6203.263,334.303,220.304,12.820,0.975568,-0.219062,0.016672,0.218887,0.962668,-0.159246,0.018836,0.159005,0.987098,0,0.24000,0.36000,14.400,0.720,150.000,225.000,-1,650.000,-1,250.000,375.000,675.000,225.000,-1,275.000,75.000,375.000,275.000,-1,150.000,-1,1,1,2,0,2,1,1,0,0,2,0,0,0,1,2,1,2
3,-6184.608,338.837,221.029,13.594,0.972676,-0.231697,0.014775,0.230809,0.958148,-0.169351,0.025081,0.168134,0.985445,0,0.32000,0.38718,19.200,0.774,150.000,225.000,-1,650.000,-1,225.000,350.000,725.000,225.000,-1,250.000,50.000,350.000,275.000,-1,125.000,-1,1,1,2,0,2,1,1,0,0,2,0,0,0,1,2,1,2
4,-6161.369,344.823,222.085,14.373,0.969654,-0.244187,0.011996,0.242224,0.952893,-0.182545,0.033144,0.179911,0.983124,0,0.40000,0.38955,24.000,0.779,125.000,225.000,-1,675.000,-1,225.000,350.000,800.000,225.000,-1,250.000,50.000,300.000,275.000,-1,125.000,-1,1,1,2,0,2,1,1,0,0,2,0,0,0,1,2,1,2
5,7543.005,-2951.829,-78.634,151.318,-0.813197,-0.475519,0.335549,0.493100,-0.869196,-0.036752,0.309134,0.135572,0.941306,1,0.00000,0.00000,28.800,0.788,225.000,175.000,375.000,250.000,-1,175.000,200.000,-1,400.000,850.000,75.000,25.000,200.000,225.000,325.000,175.000,425.000,1,1,1,1,2,1,1,2,0,0,0,0,0,1,1,1,1
6,2955.155,-7539.893,-287.652,43.836,0.721439,-0.692424,0.008662,0.692410,0.721136,-0.023049,0.009713,0.022626,0.999697,1,0.08000,0.02199,4.800,0.044,-1,400.000,-1,425.000,-1,325.000,325.000,300.000,300.000,-1,-1,-1,-1,825.000,875.000,-1,-1,2,0,2,0,2,0,0,0,0,2,2,2,2,0,0,2,2
7,2962.074,-7533.239,-287.566,43.880,0.720904,-0.692978,0.008900,0.692971,0.720604,-0.022814,0.009396,0.022615,0.999700,0,0.16000,0.02199,9.600,0.044,-1,400.000,-1,425.000,-1,325.000,325.000,300.000,300.000,-1,-1,-1,-1,825.000,875.000,-1,-1,2,0,2,0,2,0,0,0,0,2,2,2,2,0,0,2,2
8,2972.446,-7523.249,-287.439,43.924,0.720367,-0.693531,0.009258,0.693536,0.720072,-0.022461,0.008911,0.022601,0.999705,0,0.24000,0.02199,14.400,0.044,-1,400.000,-1,425.000,-1,325.000,325.000,300.000,300.000,-1,-1,-1,-1,825.000,875.000,-1,-1,2,0,2,0,2,0,0,0,0,2,2,2,2,0,0,2,2
9,2986.265,-7509.920,-287.273,43.968,0.719828,-0.694084,0.009751,0.694103,0.719539,-0.021988,0.008246,0.022596,0.999711,0,0.32000,0.02199,19.200,0.044,-1,400.000,-1,425.000,-1,325.000,325.000,300.000,300.000,-1,-1,-1,-1,825.000,875.000,-1,-1,2,0,2,0,2,0,0,0,0,2,2,2,2,0,0,2,2
10,3003.525,-7493.244,-287.068,44.012,0.719286,-0.694636,0.010394,0.694674,0.719006,-0.021398,0.007390,0.022611,0.999717,0,0.40000,0.02199,24.000,0.044,-1,400.000,-1,425.000,-1,325.000,325.000,300.000,300.000,-1,-1,-1,-1,800.000,875.000,-1,-1,2,0,2,0,2,0,0,0,0,2,2,2,2,0,0,2,2
11,3024.223,-7473.218,-286.897,44.056,0.718745,-0.695184,0.011196,0.695243,0.718468,-0.020980,0.006541,0.022863,0.999717,0,0.48000,0.02199,28.800,0.044,-1,400.000,-1,425.000,-1,325.000,325.000,300.000,300.000,-1,-1,-1,-1,800.000,875.000,-1,-1,2,0,2,0,2,0,0,0,0,2,2,2,2,0,0,2,2
12,3048.351,-7449.835,-286.759,44.100,0.718203,-0.695728,0.012156,0.695811,0.717927,-0.020701,0.005675,0.023325,0.999712,0,0.56000,0.02199,33.600,0.044,-1,400.000,-1,425.000,-1,325.000,325.000,300.000,300.000,-1,-1,-1,-1,800.000,875.000,-1,-1,2,0,2,0,2,0,0,0,0,2,2,2,2,0,0,2,2
13,3075.907,-7423.090,-286.623,44.144,0.717657,-0.696270,0.013258,0.696381,0.717383,-0.020372,0.004673,0.023853,0.999705,0,0.64000,0.02199,38.400,0.044,-1,400.000,-1,425.000,-1,325.000,325.000,300.000,300.000,-1,-1,-1,-1,800.000,850.000,-1,-1,2,0,2,0,2,0,0,0,0,2,2,2,2,0,0,2,2
14,3103.825,-7395.952,-286.508,44.188,0.717110,-0.696812,0.014382,0.696951,0.716839,-0.020029,0.003647,0.024386,0.999696,0,0.64892,0.02199,38.935,0.044,-1,400.000,-1,425.000,-1,325.000,325.000,300.000,300.000,-1,-1,-1,-1,800.000,850.000,-1,-1,2,0,2,0,2,0,0,0,0,2,2,2,2,0,0,2,2
15,3128.270,-7372.127,-286.425,44.264,0.716180,-0.697746,0.015371,0.697910,0.715914,-0.019725,0.002759,0.024855,0.999687,0,0.56892,0.03768,34.135,0.075,-1,400.000,-1,425.000,-1,325.000,325.000,300.000,300.000,-1,-1,-1,-1,800.000,850.000,-1,-1,2,0,2,0,2,0,0,0,0,2,2,2,2,0,0,2,2
16,3149.251,-7351.624,-286.368,44.339,0.715250,-0.698680,0.016225,0.698865,0.714988,-0.019459,0.001994,0.025257,0.999679,0,0.48892,0.03768,29.335,0.075,-1,400.000,-1,425.000,-1,325.000,325.000,300.000,300.000,-1,-1,-1,-1,800.000,850.000,-1,-1,2,0,2,0,2,0,0,0,0,2,2,2,2,0,0,2,2
17,3166.777,-7334.453,-286.330,44.414,0.714320,-0.699614,0.016942,0.699817,0.714063,-0.019232,0.001358,0.025595,0.999671,0,0.40892,0.03768,24.535,0.075,-1,400.000,-1,400.000,-1,325.000,325.000,300.000,300.000,-1,-1,-1,-1,800.000,850.000,-1,-1,2,0,2,0,2,0,0,0,0,2,2,2,2,0,0,2,2
18,3180.855,-7320.623,-286.305,44.490,0.713391,-0.700547,0.017520,0.700766,0.713137,-0.019049,0.000850,0.025867,0.999665,0,0.32892,0.03768,19.735,0.075,-1,400.000,-1,400.000,-1,325.000,325.000,300.000,300.000,-1,-1,-1,-1,800.000,825.000,-1,-1,2,0,2,0,2,0,0,0,0,2,2,2,2,0,0,2,2
19,3191.496,-7310.143,-286.290,44.565,0.712462,-0.701481,0.017959,0.701711,0.712211,-0.018909,0.000474,0.026074,0.999660,0,0.24892,0.03768,14.935,0.075,-1,400.000,-1,400.000,-1,325.000,325.000,300.000,300.000,-1,-1,-1,-1,800.000,825.000,-1,-1,2,0,2,0,2,0,0,0,0,2,2,2,2,0,0,2,2
20,3198.707,-7303.021,-286.273,44.640,0.711534,-0.702414,0.018262,0.702651,0.711285,-0.018856,0.000255,0.026248,0.999655,0,0.16892,0.03768,10.135,0.075,-1,400.000,-1,400.000,-1,325.000,325.000,300.000,300.000,-1,-1,-1,-1,800.000,825.000,-1,-1,2,0,2,0,2,0,0,0,0,2,2,2,2,0,0,2,2
21,3202.499,-7299.268,-286.263,44.716,0.710608,-0.703347,0.018423,0.703588,0.710358,-0.018841,0.000165,0.026351,0.999653,0,0.08892,0.03768,5.335,0.075,-1,400.000,-1,400.000,-1,325.000,325.000,300.000,300.000,-1,-1,-1,-1,800.000,825.000,-1,-1,2,0,2,0,2,0,0,0,0,2,2,2,2,0,0,2,2
22,3202.878,-7298.890,-286.261,44.791,0.709682,-0.704280,0.018440,0.704522,0.709432,-0.018846,0.000191,0.026366,0.999652,0,0.00892,0.03768,0.535,0.075,-1,400.000,-1,400.000,-1,325.000,325.000,300.000,300.000,-1,-1,-1,-1,800.000,825.000,-1,-1,2,0,2,0,2,0,0,0,0,2,2,2,2,0,0,2,2
23,3199.856,-7301.899,-286.269,44.867,0.708758,-0.705214,0.018312,0.705452,0.708507,-0.018870,0.000333,0.026293,0.999654,0,-0.07108,0.03768,-4.265,0.075,-1,400.000,-1,400.000,-1,325.000,325.000,300.000,300.000,-1,-1,-1,-1,800.000,825.000,-1,-1,2,0,2,0,2,0,0,0,0,2,2,2,2,0,0,2,2
24,3193.439,-7308.302,-286.288,44.942,0.707834,-0.706148,0.018041,0.706379,0.707581,-0.018915,0.000591,0.026133,0.999658,0,-0.15108,0.03768,-9.065,0.075,-1,400.000,-1,400.000,-1,325.000,325.000,300.000,300.000,-1,-1,-1,-1,800.000,825.000,-1,-1,2,0,2,0,2,0,0,0,0,2,2,2,2,0,0,2,2
25,3183.638,-7318.109,-286.304,45.017,0.706912,-0.707082,0.017636,0.707301,0.706655,-0.019059,0.001014,0.025947,0.999663,0,-0.23108,0.03768,-13.865,0.075,-1,400.000,-1,400.000,-1,325.000,325.000,300.000,300.000,-1,-1,-1,-1,800.000,825.000,-1,-1,2,0,2,0,2,0,0,0,0,2,2,2,2,0,0,2,2
26,3172.587,-7329.197,-286.326,45.093,0.705989,-0.708015,0.017178,0.708221,0.705729,-0.019219,0.001484,0.025735,0.999668,0,-0.26091,0.03768,-15.655,0.075,-1,400.000,-1,400.000,-1,325.000,325.000,300.000,300.000,-1,-1,-1,-1,800.000,850.000,-1,-1,2,0,2,0,2,0,0,0,0,2,2,2,2,0,0,2,2
27,3161.550,-7340.299,-286.353,45.168,0.705064,-0.708946,0.016722,0.709141,0.704801,-0.019379,0.001953,0.025521,0.999672,0,-0.26091,0.03768,-15.655,0.075,-1,400.000,-1,400.000,-1,325.000,325.000,300.000,300.000,-1,-1,-1,-1,800.000,850.000,-1,-1,2,0,2,0,2,0,0,0,0,2,2,2,2,0,0,2,2
28,3150.527,-7351.415,-286.384,45.243,0.704138,-0.709876,0.016266,0.710059,0.703871,-0.019537,0.002420,0.025307,0.999677,0,-0.26091,0.03768,-15.655,0.075,-1,400.000,-1,425.000,-1,325.000,325.000,300.000,300.000,-1,-1,-1,-1,800.000,850.000,-1,-1,2,0,2,0,2,0,0,0,0,2,2,2,2,0,0,2,2
29,3139.520,-7362.546,-286.419,45.319,0.703211,-0.710805,0.015812,0.710975,0.702941,-0.019695,0.002885,0.025092,0.999681,0,-0.26091,0.03768,-15.655,0.075,-1,400.000,-1,425.000,-1,325.000,325.000,300.000,300.000,-1,-1,-1,-1,800.000,850.000,-1,-1,2,0,2,0,2,0,0,0,0,2,2,2,2,0,0,2,2
30,3128.527,-7373.692,-286.459,45.394,0.702282,-0.711733,0.015358,0.711891,0.702009,-0.019852,0.003348,0.024875,0.999685,0,-0.26091,0.03768,-15.655,0.075,-1,400.000,-1,425.000,-1,325.000,325.000,300.000,300.000,-1,-1,-1,-1,800.000,850.000,-1,-1,2,0,2,0,2,0,0,0,0,2,2,2,2,0,0,2,2
31,3117.548,-7384.851,-286.503,45.469,0.701351,-0.712660,0.014906,0.712805,0.701076,-0.020008,0.003809,0.024657,0.999689,0,-0.26091,0.03768,-15.655,0.075,-1,400.000,-1,425.000,-1,325.000,325.000,300.000,300.000,-1,-1,-1,-1,800.000,850.000,-1,-1,2,0,2,0,2,0,0,0,0,2,2,2,2,0,0,2,2
32,3106.584,-7396.026,-286.551,45.545,0.700419,-0.713585,0.014454,0.713719,0.700142,-0.020163,0.004268,0.024439,0.999692,0,-0.26091,0.03768,-15.655,0.075,-1,400.000,-1,425.000,-1,325.000,325.000,300.000,300.000,-1,-1,-1,-1,800.000,850.000,-1,-1,2,0,2,0,2,0,0,0,0,2,2,2,2,0,0,2,2
33,3095.635,-7407.214,-286.604,45.620,0.699486,-0.714509,0.014003,0.714631,0.699207,-0.020317,0.004725,0.024219,0.999696,0,-0.26091,0.03768,-15.655,0.075,-1,400.000,-1,425.000,-1,325.000,325.000,300.000,300.000,-1,-1,-1,-1,800.000,850.000,-1,-1,2,0,2,0,2,0,0,0,0,2,2,2,2,0,0,2,2
34,3084.701,-7418.418,-286.662,45.696,0.698551,-0.715432,0.013554,0.715542,0.698270,-0.020470,0.005181,0.023998,0.999699,0,-0.26091,0.03768,-15.655,0.075,-1,400.000,-1,425.000,-1,325.000,325.000,300.000,300.000,-1,-1,-1,-1,800.000,850.000,-1,-1,2,0,2,0,2,0,0,0,0,2,2,2,2,0,0,2,2
35,3073.782,-7429.635,-286.724,45.771,0.697614,-0.716354,0.013105,0.716451,0.697332,-0.020622,0.005634,0.023775,0.999701,0,-0.26091,0.03768,-15.655,0.075,-1,400.000,-1,425.000,-1,325.000,325.000,300.000,300.000,-1,-1,-1,-1,800.000,850.000,-1,-1,2,0,2,0,2,0,0,0,0,2,2,2,2,0,0,2,2
36,3062.877,-7440.867,-286.790,45.846,0.696676,-0.717274,0.012657,0.717360,0.696393,-0.020774,0.006086,0.023552,0.999704,0,-0.26091,0.03768,-15.655,0.075,-1,400.000,-1,425.000,-1,325.000,325.000,300.000,300.000,-1,-1,-1,-1,800.000,850.000,-1,-1,2,0,2,0,2,0,0,0,0,2,2,2,2,0,0,2,2
37,3051.987,-7452.113,-286.860,45.922,0.695737,-0.718193,0.012210,0.718267,0.695453,-0.020924,0.006536,0.023327,0.999707,0,-0.26091,0.03768,-15.655,0.075,-1,400.000,-1,425.000,-1,325.000,325.000,300.000,300.000,-1,-1,-1,-1,800.000,875.000,-1,-1,2,0,2,0,2,0,0,0,0,2,2,2,2,0,0,2,2
38,3041.112,-7463.374,-286.935,45.997,0.694796,-0.719111,0.011764,0.719173,0.694511,-0.021073,0.006984,0.023102,0.999709,0,-0.26091,0.03768,-15.655,0.075,-1,400.000,-1,425.000,-1,325.000,325.000,300.000,300.000,-1,-1,-1,-1,800.000,875.000,-1,-1,2,0,2,0,2,0,0,0,0,2,2,2,2,0,0,2,2
39,3030.251,-7474.648,-287.014,46.072,0.693853,-0.720028,0.011319,0.720078,0.693568,-0.021222,0.007430,0.022875,0.999711,0,-0.26091,0.03768,-15.655,0.075,-1,400.000,-1,425.000,-1,325.000,325.000,300.000,300.000,-1,-1,-1,-1,800.000,875.000,-1,-1,2,0,2,0,2,0,0,0,0,2,2,2,2,0,0,2,2
40,3019.406,-7485.937,-287.098,46.148,0.692909,-0.720943,0.010874,0.720982,0.692624,-0.021369,0.007874,0.022647,0.999713,0,-0.26091,0.03768,-15.655,0.075,-1,400.000,-1,425.000,-1,325.000,325.000,300.000,300.000,-1,-1,-1,-1,800.000,875.000,-1,-1,2,0,2,0,2,0,0,0,0,2,2,2,2,0,0,2,2
41,3008.575,-7497.241,-287.186,46.223,0.691964,-0.721857,0.010431,0.721885,0.691679,-0.021515,0.008316,0.022418,0.999714,0,-0.26091,0.03768,-15.655,0.075,-1,400.000,-1,425.000,-1,325.000,325.000,300.000,300.000,-1,-1,-1,-1,800.000,875.000,-1,-1,2,0,2,0,2,0,0,0,0,2,2,2,2,0,0,2,2
42,2997.759,-7508.558,-287.273,46.298,0.691017,-0.722770,0.010015,0.722786,0.690732,-0.021663,0.008740,0.022209,0.999715,0,-0.26091,0.03768,-15.655,0.075,-1,400.000,-1,425.000,-1,325.000,325.000,300.000,300.000,-1,-1,-1,-1,800.000,875.000,-1,-1,2,0,2,0,2,0,0,0,0,2,2,2,2,0,0,2,2
43,2986.958,-7519.890,-287.404,46.374,0.690070,-0.723678,0.009631,0.723683,0.689782,-0.021997,0.009276,0.022149,0.999712,0,-0.26091,0.03768,-15.655,0.075,-1,400.000,-1,425.000,-1,325.000,325.000,300.000,300.000,-1,-1,-1,-1,800.000,875.000,-1,-1,2,0,2,0,2,0,0,0,0,2,2,2,2,0,0,2,2
44,2979.483,-7527.760,-287.502,46.473,0.688819,-0.724873,0.009371,0.724868,0.688528,-0.022261,0.009685,0.022127,0.999708,0,-0.18091,0.04963,-10.855,0.099,-1,400.000,-1,425.000,-1,325.000,325.000,300.000,300.000,-1,-1,-1,-1,800.000,875.000,-1,-1,2,0,2,0,2,0,0,0,0,2,2,2,2,0,0,2,2
45,2975.320,-7532.157,-287.556,46.572,0.687565,-0.726065,0.009227,0.726055,0.687271,-0.022409,0.009929,0.022107,0.999706,0,-0.10091,0.04963,-6.055,0.099,-1,400.000,-1,425.000,-1,325.000,325.000,300.000,300.000,-1,-1,-1,-1,800.000,875.000,-1,-1,2,0,2,0,2,0,0,0,0,2,2,2,2,0,0,2,2
46,2974.460,-7533.070,-287.565,46.672,0.686307,-0.727254,0.009198,0.727244,0.686013,-0.022442,0.010011,0.022091,0.999706,0,-0.02091,0.04963,-1.255,0.099,-1,400.000,-1,425.000,-1,325.000,325.000,300.000,300.000,-1,-1,-1,-1,800.000,875.000,-1,-1,2,0,2,0,2,0,0,0,0,2,2,2,2,0,0,2,2
47,2976.888,-7530.487,-287.526,46.771,0.685045,-0.728442,0.009284,0.728433,0.684752,-0.022359,0.009930,0.022079,0.999707,0,0.05909,0.04963,3.545,0.099,-1,400.000,-1,425.000,-1,325.000,325.000,300.000,300.000,-1,-1,-1,-1,800.000,875.000,-1,-1,2,0,2,0,2,0,0,0,0,2,2,2,2,0,0,2,2
48,2982.593,-7524.396,-287.441,46.870,0.683780,-0.729627,0.009484,0.729624,0.683489,-0.022160,0.009686,0.022072,0.999709,0,0.13909,0.04963,8.345,0.099,-1,400.000,-1,425.000,-1,325.000,325.000,300.000,300.000,-1,-1,-1,-1,800.000,875.000,-1,-1,2,0,2,0,2,0,0,0,0,2,2,2,2,0,0,2,2
49,2991.563,-7514.787,-287.315,46.969,0.682511,-0.730810,0.009801,0.730816,0.682224,-0.021859,0.009288,0.022082,0.999713,0,0.21909,0.04963,13.145,0.099,-1,400.000,-1,425.000,-1,325.000,325.000,300.000,300.000,-1,-1,-1,-1,800.000,875.000,-1,-1,2,0,2,0,2,0,0,0,0,2,2,2,2,0,0,2,2
50,3003.786,-7501.648,-287.206,47.069,0.681242,-0.731987,0.010276,0.732005,0.680953,-0.021721,0.008902,0.022319,0.999711,0,0.29909,0.04963,17.945,0.099,-1,400.000,-1,425.000,-1,325.000,325.000,300.000,300.000,-1,-1,-1,-1,800.000,875.000,-1,-1,2,0,2,0,2,0,0,0,0,2,2,2,2,0,0,2,2
51,3019.250,-7484.968,-287.071,47.168,0.679969,-0.733160,0.010898,0.733193,0.679679,-0.021539,0.008385,0.022636,0.999709,0,0.37909,0.04963,22.745,0.099,-1,400.000,-1,425.000,-1,325.000,325.000,300.000,300.000,-1,-1,-1,-1,800.000,875.000,-1,-1,2,0,2,0,2,0,0,0,0,2,2,2,2,0,0,2,2
52,3037.941,-7464.735,-286.912,47.267,0.678693,-0.734329,0.011681,0.734382,0.678402,-0.021313,0.007726,0.023043,0.999705,0,0.45909,0.04963,27.545,0.099,-1,400.000,-1,425.000,-1,325.000,325.000,300.000,300.000,-1,-1,-1,-1,800.000,875.000,-1,-1,2,0,2,0,2,0,0,0,0,2,2,2,2,0,0,2,2
53,3059.849,-7440.939,-286.739,47.366,0.677413,-0.735495,0.012603,0.735570,0.677121,-0.021037,0.006939,0.023521,0.999699,0,0.53909,0.04963,32.345,0.099,-1,400.000,-1,425.000,-1,325.000,325.000,300.000,300.000,-1,-1,-1,-1,800.000,850.000,-1,-1,2,0,2,0,2,0,0,0,0,2,2,2,2,0,0,2,2
54,3084.961,-7413.567,-286.558,47.466,0.676128,-0.736657,0.013666,0.736760,0.675838,-0.020709,0.006019,0.024070,0.999692,0,0.61909,0.04963,37.145,0.099,-1,400.000,-1,425.000,-1,325.000,325.000,300.000,300.000,-1,-1,-1,-1,800.000,850.000,-1,-1,2,0,2,0,2,0,0,0,0,2,2,2,2,0,0,2,2
55,3113.263,-7382.610,-286.379,47.565,0.674838,-0.737816,0.014871,0.737949,0.674550,-0.020325,0.004965,0.024690,0.999683,0,0.69909,0.04963,41.945,0.099,-1,400.000,-1,425.000,-1,325.000,325.000,300.000,300.000,-1,-1,-1,-1,800.000,850.000,-1,-1,2,0,2,0,2,0,0,0,0,2,2,2,2,0,0,2,2
56,3143.034,-7349.933,-286.218,47.664,0.673543,-0.738971,0.016148,0.739138,0.673260,-0.019907,0.003839,0.025343,0.999671,0,0.73675,0.04963,44.205,0.099,-1,400.000,-1,400.000,-1,325.000,325.000,300.000,300.000,-1,-1,-1,-1,800.000,850.000,-1,-1,2,0,2,0,2,0,0,0,0,2,2,2,2,0,0,2,2
57,3172.748,-7317.205,-286.085,47.763,0.672244,-0.740124,0.017431,0.740324,0.671968,-0.019475,0.002701,0.025996,0.999658,0,0.73675,0.04963,44.205,0.099,-1,400.000,-1,400.000,-1,325.000,325.000,300.000,300.000,-1,-1,-1,-1,800.000,825.000,-1,-1,2,0,2,0,2,0,0,0,0,2,2,2,2,0,0,2,2
58,3202.406,-7284.425,-285.939,47.863,0.670944,-0.741271,0.018755,0.741506,0.670670,-0.019245,0.001688,0.026819,0.999639,0,0.73675,0.04963,44.205,0.099,-1,400.000,-1,400.000,-1,325.000,325.000,300.000,300.000,-1,-1,-1,-1,800.000,825.000,-1,-1,2,0,2,0,2,0,0,0,0,2,2,2,2,0,0,2,2
59,3229.256,-7254.894,-285.908,47.722,0.672740,-0.739600,0.020331,0.739879,0.672469,-0.019077,0.000437,0.027877,0.999611,0,0.66521,-0.07037,39.913,-0.141,-1,400.000,-1,400.000,-1,325.000,325.000,300.000,300.000,-1,-1,-1,-1,800.000,825.000,-1,-1,2,0,2,0,2,0,0,0,0,2,2,2,2,0,0,2,2
60,3256.302,-7225.542,-285.925,47.341,0.677611,-0.735093,0.021953,0.735420,0.677349,-0.018875,-0.000995,0.028935,0.999581,0,0.66521,-0.19037,39.913,-0.381,-1,400.000,-1,400.000,-1,325.000,325.000,300.000,300.000,-1,-1,-1,-1,775.000,800.000,-1,-1,2,0,2,0,2,0,0,0,0,2,2,2,2,0,0,2,2
61,3283.664,-7196.485,-285.974,46.720,0.685502,-0.727690,0.023524,0.728066,0.685254,-0.018643,-0.002554,0.029907,0.999549,0,0.66521,-0.31037,39.913,-0.621,-1,400.000,-1,400.000,-1,325.000,325.000,300.000,300.000,-1,-1,-1,-1,775.000,800.000,-1,-1,2,0,2,0,2,0,0,0,0,2,2,2,2,0,0,2,2
62,3311.447,-7167.829,-286.060,45.887,0.695979,-0.717625,0.025049,0.718050,0.695749,-0.018389,-0.004231,0.030785,0.999517,0,0.66521,-0.41679,39.913,-0.834,-1,400.000,-1,400.000,-1,325.000,325.000,300.000,300.000,-1,-1,-1,-1,775.000,800.000,-1,-1,2,0,2,0,2,0,0,0,0,2,2,2,2,0,0,2,2
63,3339.643,-7139.580,-286.182,45.053,0.706306,-0.707410,0.026530,0.707882,0.706098,-0.018126,-0.005911,0.031583,0.999484,0,0.66521,-0.41679,39.913,-0.834,-1,400.000,-1,400.000,-1,325.000,325.000,300.000,300.000,-1,-1,-1,-1,775.000,775.000,-1,-1,2,0,2,0,2,0,0,0,0,2,2,2,2,0,0,2,2
64,3368.247,-7111.744,-286.342,44.220,0.716481,-0.697046,0.027971,0.697566,0.716298,-0.017871,-0.007579,0.032316,0.999449,0,0.66521,-0.41679,39.913,-0.834,-1,400.000,-1,400.000,-1,325.000,325.000,300.000,300.000,-1,-1,-1,-1,750.000,775.000,-1,-1,2,0,2,0,2,0,0,0,0,2,2,2,2,0,0,2,2
65,3397.253,-7084.328,-286.675,43.386,0.726518,-0.686549,0.028679,0.687091,0.726360,-0.017512,-0.008808,0.032428,0.999435,0,0.66521,-0.41679,39.913,-0.834,-1,400.000,-1,400.000,-1,325.000,325.000,300.000,300.000,-1,-1,-1,-1,750.000,750.000,-1,-1,2,0,2,0,2,0,0,0,0,2,2,2,2,0,0,2,2
66,3426.656,-7057.336,-287.052,42.552,0.736402,-0.675909,0.029301,0.676470,0.736271,-0.017119,-0.010003,0.032428,0.999424,0,0.66521,-0.41679,39.913,-0.834,-1,400.000,-1,400.000,-1,325.000,325.000,300.000,300.000,-1,-1,-1,-1,750.000,750.000,-1,-1,2,0,2,0,2,0,0,0,0,2,2,2,2,0,0,2,2
67,3456.447,-7030.775,-287.470,41.719,0.746132,-0.665128,0.029868,0.665705,0.746029,-0.016692,-0.011180,0.032338,0.999414,0,0.66521,-0.41679,39.913,-0.834,-1,400.000,-1,400.000,-1,325.000,325.000,300.000,300.000,-1,-1,-1,-1,750.000,750.000,-1,-1,2,0,2,0,2,0,0,0,0,2,2,2,2,0,0,2,2
68,3486.622,-7004.651,-287.928,40.885,0.755704,-0.654208,0.030382,0.654797,0.755630,-0.016231,-0.012339,0.032160,0.999407,0,0.66521,-0.41679,39.913,-0.834,-1,400.000,-1,400.000,-1,325.000,325.000,300.000,300.000,-1,-1,-1,-1,725.000,725.000,-1,-1,2,0,2,0,2,0,0,0,0,2,2,2,2,0,0,2,2
69,3517.174,-6978.968,-288.426,40.052,0.765118,-0.643151,0.030843,0.643749,0.765075,-0.015735,-0.013478,0.031894,0.999400,0,0.66521,-0.41679,39.913,-0.834,-1,375.000,-1,400.000,-1,325.000,325.000,300.000,300.000,-1,-1,-1,-1,725.000,725.000,-1,-1,2,0,2,0,2,0,0,0,0,2,2,2,2,0,0,2,2
70,3548.097,-6953.732,-288.910,39.218,0.774374,-0.631956,0.031258,0.632564,0.774353,-0.015482,-0.014421,0.031762,0.999391,0,0.66521,-0.41679,39.913,-0.834,-1,375.000,-1,400.000,-1,325.000,325.000,300.000,300.000,-1,-1,-1,-1,725.000,725.000,-1,-1,2,0,2,0,2,0,0,0,0,2,2,2,2,0,0,2,2
71,3579.383,-6928.949,-289.381,38.385,0.783471,-0.620623,0.031617,0.621243,0.783465,-0.015471,-0.015169,0.031763,0.999380,0,0.66521,-0.41679,39.913,-0.834,-1,375.000,-1,400.000,-1,325.000,325.000,300.000,300.000,-1,-1,-1,-1,725.000,700.000,-1,-1,2,0,2,0,2,0,0,0,0,2,2,2,2,0,0,2,2
72,3611.026,-6904.623,-289.870,37.551,0.792405,-0.609160,0.031927,0.609790,0.792411,-0.015521,-0.015845,0.031768,0.999370,0,0.66521,-0.41679,39.913,-0.834,-1,375.000,-1,400.000,-1,325.000,325.000,300.000,300.000,-1,-1,-1,-1,700.000,700.000,-1,-1,2,0,2,0,2,0,0,0,0,2,2,2,2,0,0,2,2
73,3643.020,-6880.761,-290.327,36.717,0.801167,-0.597564,0.032384,0.598211,0.801185,-0.015680,-0.016576,0.031935,0.999352,0,0.66521,-0.41679,39.913,-0.834,-1,375.000,-1,375.000,-1,325.000,325.000,300.000,300.000,-1,-1,-1,-1,700.000,700.000,-1,-1,2,0,2,0,2,0,0,0,0,2,2,2,2,0,0,2,2
74,3675.357,-6857.366,-290.794,35.884,0.809765,-0.585843,0.032674,0.586503,0.809792,-0.015869,-0.017162,0.032013,0.999340,0,0.66521,-0.41679,39.913,-0.834,-1,375.000,-1,375.000,-1,325.000,325.000,300.000,300.000,-1,-1,-1,-1,700.000,700.000,-1,-1,2,0,2,0,2,0,0,0,0,2,2,2,2,0,0,2,2
75,3708.032,-6834.444,-291.287,35.050,0.818196,-0.573999,0.032872,0.574669,0.818228,-0.016100,-0.017655,0.032063,0.999330,0,0.66521,-0.41679,39.913,-0.834,-1,375.000,-1,375.000,-1,325.000,325.000,300.000,300.000,-1,-1,-1,-1,700.000,675.000,-1,-1,2,0,2,0,2,0,0,0,0,2,2,2,2,0,0,2,2
76,3741.036,-6812.000,-291.831,34.217,0.826458,-0.562033,0.032969,0.562712,0.826489,-0.016488,-0.017981,0.032179,0.999320,0,0.66521,-0.41679,39.913,-0.834,-1,375.000,-1,375.000,-1,325.000,325.000,300.000,300.000,-1,-1,-1,-1,700.000,675.000,-1,-1,2,0,2,0,2,0,0,0,0,2,2,2,2,0,0,2,2
77,3774.364,-6790.039,-292.476,33.383,0.834552,-0.549943,0.032938,0.550635,0.834568,-0.017258,-0.017998,0.032540,0.999308,0,0.66521,-0.41679,39.913,-0.834,-1,375.000,-1,375.000,-1,325.000,300.000,300.000,300.000,-1,-1,-1,-1,675.000,675.000,-1,-1,2,0,2,0,2,0,0,0,0,2,2,2,2,0,0,2,2
78,3808.007,-6768.565,-293.137,32.550,0.842473,-0.537738,0.032807,0.538439,0.842472,-0.018008,-0.017955,0.032836,0.999299,0,0.66521,-0.41679,39.913,-0.834,-1,375.000,-1,375.000,-1,325.000,300.000,300.000,300.000,-1,-1,-1,-1,675.000,675.000,-1,-1,2,0,2,0,2,0,0,0,0,2,2,2,2,0,0,2,2
79,3841.960,-6747.582,-293.814,31.716,0.850219,-0.525421,0.032577,0.526127,0.850200,-0.018735,-0.017853,0.033068,0.999294,0,0.66521,-0.41679,39.913,-0.834,-1,375.000,-1,375.000,-1,300.000,300.000,300.000,300.000,-1,-1,-1,-1,675.000,675.000,-1,-1,2,0,2,0,2,0,0,0,0,2,2,2,2,0,0,2,2
80,3876.214,-6727.096,-294.419,30.882,0.857798,-0.512999,0.031853,0.513692,0.857758,-0.019285,-0.017429,0.032905,0.999306,0,0.66521,-0.41679,39.913,-0.834,-1,375.000,-1,375.000,-1,300.000,300.000,300.000,300.000,-1,-1,-1,-1,675.000,675.000,-1,-1,2,0,2,0,2,0,0,0,0,2,2,2,2,0,0,2,2
81,3910.762,-6707.110,-294.953,30.049,0.865208,-0.500475,0.030652,0.501135,0.865146,-0.019640,-0.016689,0.032353,0.999337,0,0.66521,-0.41679,39.913,-0.834,-1,375.000,-1,375.000,-1,300.000,300.000,300.000,300.000,-1,-1,-1,-1,675.000,675.000,-1,-1,2,0,2,0,2,0,0,0,0,2,2,2,2,0,0,2,2
82,3943.650,-6688.537,-295.464,29.455,0.870384,-0.491494,0.029410,0.492120,0.870300,-0.019912,-0.015809,0.031804,0.999369,0,0.62950,-0.29679,37.770,-0.594,-1,375.000,-1,375.000,-1,300.000,300.000,300.000,325.000,-1,-1,-1,-1,650.000,675.000,-1,-1,2,0,2,0,2,0,0,0,0,2,2,2,2,0,0,2,2
83,3976.652,-6670.167,-295.970,29.102,0.873439,-0.486123,0.028069,0.486710,0.873332,-0.020130,-0.014729,0.031244,0.999403,0,0.62950,-0.17679,37.770,-0.354,-1,375.000,-1,375.000,-1,300.000,300.000,300.000,325.000,-1,-1,-1,-1,650.000,675.000,-1,-1,2,0,2,0,2,0,0,0,0,2,2,2,2,0,0,2,2
84,4009.691,-6651.863,-296.466,28.988,0.874441,-0.484399,0.026633,0.484945,0.874309,-0.020308,-0.013448,0.030674,0.999439,0,0.62950,-0.05679,37.770,-0.114,-1,375.000,-1,375.000,-1,300.000,300.000,300.000,325.000,-1,-1,-1,-1,650.000,675.000,-1,-1,2,0,2,0,2,0,0,0,0,2,2,2,2,0,0,2,2
85,4042.688,-6633.486,-296.884,29.114,0.873405,-0.486333,0.025377,0.486843,0.873247,-0.020577,-0.012153,0.030327,0.999466,0,0.62950,0.06321,37.770,0.126,-1,375.000,-1,375.000,-1,300.000,300.000,300.000,325.000,-1,-1,-1,-1,650.000,650.000,-1,-1,2,0,2,0,2,0,0,0,0,2,2,2,2,0,0,2,2
86,4075.568,-6614.898,-297.228,29.481,0.870311,-0.491910,0.024152,0.492386,0.870123,-0.020996,-0.010687,0.030165,0.999488,0,0.62950,0.18321,37.770,0.366,-1,375.000,-1,375.000,-1,300.000,300.000,300.000,325.000,-1,-1,-1,-1,650.000,650.000,-1,-1,2,0,2,0,2,0,0,0,0,2,2,2,2,0,0,2,2
87,4108.249,-6595.963,-297.516,30.087,0.865091,-0.501093,0.022868,0.501534,0.864871,-0.021508,-0.009000,0.030075,0.999507,0,0.62950,0.30321,37.770,0.606,-1,375.000,-1,375.000,-1,300.000,300.000,300.000,325.000,-1,-1,-1,-1,650.000,650.000,-1,-1,2,0,2,0,2,0,0,0,0,2,2,2,2,0,0,2,2
88,4140.646,-6576.547,-297.646,30.934,0.857636,-0.513809,0.021457,0.514212,0.857365,-0.022623,-0.006773,0.030436,0.999514,0,0.62950,0.42321,37.770,0.846,-1,375.000,-1,375.000,-1,300.000,300.000,300.000,325.000,-1,-1,-1,-1,650.000,650.000,-1,-1,2,0,2,0,2,0,0,0,0,2,2,2,2,0,0,2,2
89,4172.670,-6556.520,-297.675,32.020,0.847785,-0.529964,0.019988,0.530324,0.847454,-0.024040,-0.004199,0.030980,0.999511,0,0.62950,0.54321,37.770,1.086,-1,375.000,-1,375.000,-1,300.000,300.000,300.000,325.000,-1,800.000,775.000,-1,650.000,650.000,-1,-1,2,0,2,0,2,0,0,0,0,2,0,0,2,0,0,2,2
90,4204.221,-6535.758,-297.657,33.347,0.835334,-0.549431,0.018514,0.549741,0.834947,-0.025456,-0.001472,0.031442,0.999505,0,0.62950,0.66321,37.770,1.326,-1,375.000,-1,375.000,-1,300.000,300.000,300.000,325.000,-1,650.000,600.000,-1,675.000,650.000,-1,-1,2,0,2,0,2,0,0,0,0,2,0,0,2,0,0,2,2
91,4235.193,-6514.140,-297.588,34.913,0.820046,-0.572043,0.017044,0.572295,0.819607,-0.026881,0.001408,0.031798,0.999493,0,0.62950,0.78321,37.770,1.566,-1,375.000,-1,375.000,-1,300.000,300.000,300.000,325.000,-1,550.000,525.000,-1,675.000,650.000,-1,-1,2,0,2,0,2,0,0,0,0,2,0,0,2,0,0,2,2
92,4265.525,-6491.634,-297.452,36.575,0.803151,-0.595571,0.015592,0.595759,0.802665,-0.028285,0.004330,0.032006,0.999478,0,0.62950,0.83104,37.770,1.662,-1,375.000,-1,375.000,-1,300.000,300.000,300.000,325.000,-1,500.000,475.000,-1,675.000,650.000,-1,-1,2,0,2,0,2,0,0,0,0,2,0,0,2,0,0,2,2
93,4295.192,-6468.257,-297.241,38.237,0.785578,-0.618601,0.014160,0.618720,0.785052,-0.029644,0.007222,0.032049,0.999460,0,0.62950,0.83104,37.770,1.662,-1,375.000,-1,375.000,-1,300.000,300.000,300.000,325.000,-1,475.000,475.000,-1,675.000,650.000,-1,-1,2,0,2,0,2,0,0,0,0,2,0,0,2,0,0,2,2
94,4324.168,-6444.030,-296.968,39.899,0.767342,-0.641112,0.012744,0.641159,0.766781,-0.031026,0.010119,0.031978,0.999437,0,0.62950,0.83104,37.770,1.662,-1,375.000,-1,375.000,-1,300.000,300.000,300.000,300.000,-1,450.000,450.000,-1,700.000,650.000,-1,-1,2,0,2,0,2,0,0,0,0,2,0,0,2,0,0,2,2
95,4352.429,-6418.972,-296.573,41.561,0.748453,-0.663091,0.011333,0.663064,0.747873,-0.032143,0.012838,0.031572,0.999419,0,0.62950,0.83104,37.770,1.662,-1,375.000,-1,375.000,-1,300.000,300.000,300.000,300.000,-1,425.000,450.000,-1,700.000,650.000,-1,-1,2,0,2,0,2,0,0,0,0,2,0,0,2,0,0,2,2
96,4379.952,-6393.106,-295.976,43.223,0.728922,-0.684526,0.009874,0.684430,0.728349,-0.032618,0.015137,0.030534,0.999419,0,0.62950,0.83104,37.770,1.662,-1,375.000,-1,375.000,-1,300.000,300.000,300.000,300.000,-1,425.000,450.000,-1,700.000,650.000,-1,-1,2,0,2,0,2,0,0,0,0,2,0,0,2,0,0,2,2
97,4406.713,-6366.452,-295.314,44.886,0.708772,-0.705388,0.008382,0.705223,0.708212,-0.033102,0.017414,0.029373,0.999417,0,0.62950,0.83104,37.770,1.662,-1,375.000,-1,375.000,-1,300.000,300.000,300.000,325.000,-1,425.000,450.000,-1,725.000,650.000,-1,-1,2,0,2,0,2,0,0,0,0,2,0,0,2,0,0,2,2
98,4432.689,-6339.033,-294.589,46.548,0.688020,-0.725660,0.006860,0.725426,0.687480,-0.033594,0.019662,0.028090,0.999412,0,0.62950,0.83104,37.770,1.662,-1,375.000,-1,375.000,-1,300.000,300.000,300.000,325.000,-1,425.000,475.000,-1,725.000,650.000,-1,-1,2,0,2,0,2,0,0,0,0,2,0,0,2,0,0,2,2
99,4457.860,-6310.873,-293.800,48.210,0.666682,-0.745323,0.005308,0.745021,0.666169,-0.034096,0.021876,0.026686,0.999404,0,0.62950,0.83104,37.770,1.662,-1,375.000,-1,375.000,-1,300.000,300.000,300.000,325.000,-1,425.000,475.000,-1,725.000,650.000,-1,-1,2,0,2,0,2,0,0,0,0,2,0,0,2,0,0,2,2
100,4482.203,-6281.994,-292.993,49.872,0.644779,-0.764359,0.003937,0.763994,0.644294,-0.034612,0.023920,0.025325,0.999393,0,0.62950,0.83104,37.770,1.662,-1,375.000,-1,375.000,-1,325.000,300.000,300.000,325.000,-1,425.000,500.000,-1,725.000,650.000,-1,-1,2,0,2,0,2,0,0,0,0,2,0,0,2,0,0,2,2
101,4505.698,-6252.421,-292.135,51.534,0.622328,-0.782752,0.002584,0.782328,0.621875,-0.035127,0.025889,0.023882,0.999380,0,0.62950,0.83104,37.770,1.662,-1,375.000,-1,375.000,-1,325.000,300.000,300.000,300.000,-1,450.000,500.000,-1,750.000,675.000,-1,-1,2,0,2,0,2,0,0,0,0,2,0,0,2,0,0,2,2
102,4531.344,-6218.443,-291.084,52.956,0.602691,-0.797974,0.000969,0.797486,0.602279,-0.035724,0.027924,0.022303,0.999361,0,0.70950,0.71104,42.570,1.422,-1,375.000,-1,375.000,-1,325.000,300.000,300.000,300.000,-1,450.000,525.000,-1,750.000,675.000,-1,-1,2,0,2,0,2,0,0,0,0,2,0,0,2,0,0,2,2
103,4559.096,-6180.053,-289.709,54.138,0.586060,-0.810266,-0.001486,0.809698,0.585716,-0.036419,0.030380,0.020141,0.999335,0,0.78950,0.59104,47.370,1.182,-1,400.000,-1,375.000,-1,325.000,300.000,300.000,300.000,-1,450.000,525.000,-1,750.000,675.000,-1,-1,2,0,2,0,2,0,0,0,0,2,0,0,2,0,0,2,2
104,4587.383,-6139.535,-288.219,55.080,0.572607,-0.819820,-0.003984,0.819176,0.572338,-0.037143,0.032731,0.018005,0.999302,0,0.82360,0.47104,49.416,0.942,-1,400.000,-1,375.000,-1,325.000,325.000,300.000,300.000,-1,450.000,550.000,-1,775.000,675.000,-1,-1,2,0,2,0,2,0,0,0,0,2,0,0,2,0,0,2,2
105,4615.172,-6098.673,-286.645,55.782,0.562464,-0.826798,-0.006248,0.826089,0.562268,-0.037831,0.034791,0.016118,0.999265,0,0.82360,0.35104,49.416,0.702,-1,400.000,-1,375.000,-1,325.000,325.000,300.000,300.000,-1,450.000,550.000,-1,775.000,700.000,-1,-1,2,0,2,0,2,0,0,0,0,2,0,0,2,0,0,2,2
106,4642.631,-6057.588,-284.996,56.244,0.555721,-0.831327,-0.008327,0.830562,0.555596,-0.038464,0.036603,0.014459,0.999225,0,0.82360,0.23104,49.416,0.462,-1,400.000,-1,375.000,-1,325.000,325.000,300.000,300.000,-1,450.000,550.000,-1,775.000,700.000,-1,-1,2,0,2,0,2,0,0,0,0,2,0,0,2,0,0,2,2
107,4669.930,-6016.397,-283.276,56.466,0.552439,-0.833490,-0.010236,0.832678,0.552380,-0.039027,0.038183,0.013037,0.999186,0,0.82360,0.11104,49.416,0.222,-1,400.000,-1,375.000,-1,325.000,325.000,300.000,300.000,-1,475.000,575.000,-1,800.000,725.000,-1,-1,2,0,2,0,2,0,0,0,0,2,0,0,2,0,0,2,2
108,4697.241,-5975.214,-281.397,56.448,0.552664,-0.833326,-0.011407,0.832488,0.552646,-0.039314,0.039066,0.012232,0.999162,0,0.82360,-0.00896,49.416,-0.018,-1,400.000,-1,375.000,-1,325.000,325.000,300.000,300.000,-1,500.000,600.000,-1,800.000,725.000,-1,-1,2,0,2,0,2,0,0,0,0,2,0,0,2,0,0,2,2
109,4724.738,-5934.155,-279.522,56.190,0.556371,-0.830838,-0.012637,0.829984,0.556397,-0.039349,0.039724,0.011404,0.999146,0,0.82360,-0.12896,49.416,-0.258,-1,400.000,-1,375.000,-1,325.000,325.000,300.000,300.000,-1,525.000,625.000,-1,800.000,750.000,-1,-1,2,0,2,0,2,0,0,0,0,2,0,0,2,0,0,2,2
110,4752.590,-5893.337,-277.627,55.693,0.563531,-0.825978,-0.013882,0.825114,0.563601,-0.039258,0.040250,0.010669,0.999133,0,0.82360,-0.24896,49.416,-0.498,-1,400.000,-1,375.000,-1,325.000,325.000,300.000,300.000,-1,550.000,650.000,-1,800.000,750.000,-1,-1,2,0,2,0,2,0,0,0,0,2,0,0,2,0,0,2,2
111,4780.966,-5852.880,-275.718,54.955,0.574084,-0.818657,-0.015138,0.817787,0.574196,-0.039033,0.040647,0.010029,0.999123,0,0.82360,-0.36896,49.416,-0.738,-1,400.000,-1,375.000,-1,325.000,325.000,300.000,300.000,-1,575.000,675.000,-1,825.000,750.000,-1,-1,2,0,2,0,2,0,0,0,0,2,0,0,2,0,0,2,2
112,4810.029,-5812.914,-273.811,53.977,0.587936,-0.808741,-0.016379,0.807870,0.588087,-0.038725,0.040951,0.009535,0.999116,0,0.82360,-0.48896,49.416,-0.978,-1,400.000,-1,400.000,-1,325.000,325.000,300.000,300.000,-1,600.000,700.000,-1,825.000,750.000,-1,-1,2,0,2,0,2,0,0,0,0,2,0,0,2,0,0,2,2
113,4839.934,-5773.574,-271.922,52.759,0.604961,-0.796061,-0.017584,0.795189,0.605146,-0.038380,0.041193,0.009236,0.999109,0,0.82360,-0.60896,49.416,-1.218,-1,400.000,-1,400.000,-1,325.000,325.000,300.000,300.000,-1,600.000,700.000,-1,825.000,775.000,-1,-1,2,0,2,0,2,0,0,0,0,2,0,0,2,0,0,2,2
114,4870.830,-5735.008,-270.038,51.301,0.624989,-0.780408,-0.018763,0.779539,0.625205,-0.037911,0.041316,0.009067,0.999105,0,0.82360,-0.72896,49.416,-1.458,-1,400.000,-1,400.000,-1,325.000,325.000,300.000,300.000,-1,625.000,725.000,-1,825.000,775.000,-1,-1,2,0,2,0,2,0,0,0,0,2,0,0,2,0,0,2,2
115,4902.794,-5697.323,-268.164,49.696,0.646572,-0.762594,-0.019899,0.761733,0.646815,-0.037326,0.041335,0.008976,0.999105,0,0.82360,-0.80239,49.416,-1.605,-1,400.000,-1,400.000,-1,325.000,325.000,300.000,300.000,-1,650.000,750.000,-1,850.000,775.000,-1,-1,2,0,2,0,2,0,0,0,0,2,0,0,2,0,0,2,2
116,4935.801,-5660.547,-266.198,48.091,0.667654,-0.744178,-0.020885,0.743307,0.667916,-0.037189,0.041625,0.009305,0.999090,0,0.82360,-0.80239,49.416,-1.605,-1,400.000,-1,400.000,-1,325.000,325.000,300.000,300.000,-1,650.000,750.000,-1,850.000,775.000,-1,-1,2,0,2,0,2,0,0,0,0,2,0,0,2,0,0,2,2
117,4969.825,-5624.710,-264.243,46.487,0.688228,-0.725177,-0.021457,0.724303,0.688491,-0.036953,0.041571,0.009891,0.999087,0,0.82360,-0.80239,49.416,-1.605,-1,400.000,-1,400.000,-1,325.000,325.000,300.000,300.000,-1,675.000,775.000,-1,850.000,775.000,-1,-1,2,0,2,0,2,0,0,0,0,2,0,0,2,0,0,2,2
118,5004.839,-5589.840,-262.240,44.882,0.708263,-0.705610,-0.021884,0.704755,0.708527,-0.036180,0.041034,0.010202,0.999106,0,0.82360,-0.80239,49.416,-1.605,-1,400.000,-1,400.000,-1,325.000,325.000,300.000,300.000,-1,725.000,800.000,-1,875.000,775.000,-1,-1,2,0,2,0,2,0,0,0,0,2,0,0,2,0,0,2,2
119,5040.816,-5555.964,-260.262,43.277,0.727744,-0.685488,-0.022227,0.684658,0.728008,-0.035331,0.040401,0.010494,0.999128,0,0.82360,-0.80239,49.416,-1.605,-1,400.000,-1,400.000,-1,325.000,325.000,300.000,300.000,-1,775.000,850.000,-1,875.000,775.000,-1,-1,2,0,2,0,2,0,0,0,0,2,0,0,2,0,0,2,2
120,5077.728,-5523.109,-258.366,41.672,0.746646,-0.664831,-0.022784,0.664026,0.746919,-0.034363,0.039863,0.010528,0.999150,0,0.82360,-0.80239,49.416,-1.605,-1,400.000,-1,400.000,-1,325.000,325.000,300.000,300.000,-1,800.000,875.000,-1,875.000,775.000,-1,-1,2,0,2,0,2,0,0,0,0,2,0,0,2,0,0,2,2
121,5115.545,-5491.301,-256.511,40.067,0.764961,-0.643654,-0.023329,0.642877,0.765245,-0.033302,0.039288,0.010477,0.999173,0,0.82360,-0.80239,49.416,-1.605,-1,400.000,-1,400.000,-1,325.000,325.000,300.000,300.000,-1,825.000,925.000,-1,875.000,775.000,-1,-1,2,0,2,0,2,0,0,0,0,2,0,0,2,0,0,2,2
122,5154.300,-5460.515,-254.690,38.464,0.782667,-0.621984,-0.023838,0.621239,0.782961,-0.032153,0.038663,0.010356,0.999199,0,0.82491,-0.80192,49.495,-1.604,-1,400.000,-1,400.000,-1,325.000,325.000,300.000,300.000,-1,850.000,950.000,-1,875.000,775.000,-1,-1,2,0,2,0,2,0,0,0,0,2,0,0,2,0,0,2,2
123,5194.169,-5430.619,-252.888,36.864,0.799710,-0.599893,-0.024339,0.599182,0.800016,-0.030907,0.038012,0.010133,0.999226,0,0.83054,-0.79959,49.833,-1.599,-1,400.000,-1,400.000,-1,325.000,325.000,300.000,300.000,-1,875.000,1000.000,-1,875.000,775.000,-1,-1,2,0,2,0,2,0,0,0,0,2,0,0,2,0,0,2,2
124,5235.119,-5401.656,-251.108,35.271,0.816074,-0.577414,-0.024822,0.576740,0.816393,-0.029566,0.037336,0.009812,0.999255,0,0.83595,-0.79682,50.157,-1.594,-1,400.000,-1,400.000,-1,325.000,325.000,300.000,300.000,-1,925.000,-1,-1,875.000,775.000,-1,-1,2,0,2,0,2,0,0,0,0,2,0,2,2,0,0,2,2
125,5277.112,-5373.668,-249.353,33.684,0.831746,-0.554581,-0.025266,0.553947,0.832076,-0.028137,0.036628,0.009407,0.999285,0,0.84110,-0.79362,50.466,-1.587,-1,400.000,-1,400.000,-1,325.000,325.000,300.000,300.000,-1,950.000,-1,-1,850.000,775.000,-1,-1,2,0,2,0,2,0,0,0,0,2,0,2,2,0,0,2,2
126,5320.108,-5346.693,-247.626,32.104,0.846713,-0.531431,-0.025668,0.530839,0.847055,-0.026627,0.035892,0.008920,0.999316,0,0.84594,-0.78997,50.757,-1.580,-1,400.000,-1,400.000,-1,325.000,325.000,300.000,300.000,-1,1000.000,-1,-1,850.000,775.000,-1,-1,2,0,2,0,2,0,0,0,0,2,0,2,2,0,0,2,2
127,5364.059,-5320.771,-245.823,30.532,0.860980,-0.507998,-0.025519,0.507447,0.861313,-0.025232,0.034798,0.008775,0.999356,0,0.85044,-0.78587,51.026,-1.572,1000.000,400.000,-1,400.000,-1,325.000,325.000,300.000,300.000,-1,-1,-1,-1,850.000,775.000,-1,-1,1,0,2,0,2,0,0,0,0,2,2,2,2,0,0,2,2
128,5404.411,-5298.219,-244.236,29.200,0.872569,-0.487845,-0.025129,0.487340,0.872889,-0.023752,0.033522,0.008479,0.999402,0,0.77044,-0.66587,46.226,-1.332,950.000,400.000,-1,400.000,-1,325.000,325.000,300.000,300.000,-1,-1,-1,-1,850.000,775.000,-1,-1,1,0,2,0,2,0,0,0,0,2,2,2,2,0,0,2,2
129,5440.952,-5278.701,-242.827,28.108,0.881718,-0.471126,-0.024783,0.470659,0.882028,-0.022499,0.032460,0.008174,0.999440,0,0.69044,-0.54587,41.426,-1.092,925.000,400.000,-1,400.000,-1,325.000,325.000,300.000,300.000,-1,-1,-1,-1,850.000,775.000,-1,-1,1,0,2,0,2,0,0,0,0,2,2,2,2,0,0,2,2
130,5477.372,-5259.938,-241.443,27.257,0.888634,-0.457964,-0.024458,0.457532,0.888937,-0.021353,0.031521,0.007785,0.999473,0,0.68281,-0.42587,40.969,-0.852,900.000,400.000,-1,400.000,-1,325.000,325.000,300.000,300.000,-1,-1,-1,-1,850.000,775.000,-1,-1,1,0,2,0,2,0,0,0,0,2,2,2,2,0,0,2,2
131,5514.126,-5241.497,-240.081,26.645,0.893482,-0.448449,-0.024135,0.448053,0.893779,-0.020194,0.030627,0.007229,0.999505,0,0.68535,-0.30587,41.121,-0.612,875.000,400.000,-1,400.000,-1,325.000,325.000,300.000,300.000,-1,-1,-1,-1,825.000,750.000,-1,-1,1,0,2,0,2,0,0,0,0,2,2,2,2,0,0,2,2
132,5551.129,-5223.231,-238.740,26.273,0.896382,-0.442643,-0.023816,0.442282,0.896674,-0.019015,0.029772,0.006511,0.999536,0,0.68778,-0.18587,41.267,-0.372,850.000,400.000,-1,400.000,-1,325.000,325.000,300.000,300.000,-1,-1,-1,-1,825.000,750.000,-1,-1,1,0,2,0,2,0,0,0,0,2,2,2,2,0,0,2,2
133,5588.301,-5204.987,-237.465,26.142,0.897403,-0.440582,-0.023553,0.440252,0.897693,-0.018021,0.029083,0.005803,0.999560,0,0.69013,-0.06587,41.408,-0.132,825.000,400.000,-1,400.000,-1,325.000,325.000,300.000,300.000,-1,-1,-1,-1,825.000,750.000,-1,-1,1,0,2,0,2,0,0,0,0,2,2,2,2,0,0,2,2
134,5625.564,-5186.611,-236.253,26.250,0.896573,-0.442280,-0.023347,0.441974,0.896863,-0.017207,0.028549,0.005108,0.999579,0,0.69246,0.05413,41.547,0.108,800.000,400.000,-1,400.000,-1,325.000,325.000,300.000,300.000,-1,-1,-1,-1,825.000,750.000,-1,-1,1,0,2,0,2,0,0,0,0,2,2,2,2,0,0,2,2
135,5662.904,-5168.073,-235.058,26.404,0.895385,-0.444691,-0.023152,0.444411,0.895673,-0.016390,0.028025,0.004386,0.999598,0,0.69481,0.07704,41.688,0.154,775.000,400.000,-1,400.000,-1,325.000,325.000,300.000,300.000,-1,-1,-1,-1,825.000,750.000,-1,-1,1,0,2,0,2,0,0,0,0,2,2,2,2,0,0,2,2
136,5700.311,-5149.368,-233.880,26.566,0.894126,-0.447225,-0.022968,0.446969,0.894414,-0.015575,0.027508,0.003660,0.999615,0,0.69705,0.08107,41.823,0.162,750.000,400.000,-1,400.000,-1,325.000,325.000,300.000,300.000,-1,-1,-1,-1,825.000,750.000,-1,-1,1,0,2,0,2,0,0,0,0,2,2,2,2,0,0,2,2
137,5737.775,-5130.496,-232.720,26.736,0.892796,-0.449885,-0.022795,0.449652,0.893082,-0.014762,0.026998,0.002929,0.999631,0,0.69915,0.08521,41.949,0.170,725.000,400.000,-1,400.000,-1,325.000,325.000,300.000,300.000,-1,-1,-1,-1,825.000,750.000,-1,-1,1,0,2,0,2,0,0,0,0,2,2,2,2,0,0,2,2
138,5775.284,-5111.455,-231.573,26.915,0.891389,-0.452673,-0.022627,0.452464,0.891674,-0.013926,0.026480,0.002176,0.999647,0,0.70109,0.08948,42.065,0.179,700.000,400.000,-1,400.000,-1,325.000,325.000,300.000,300.000,-1,-1,-1,-1,825.000,750.000,-1,-1,1,0,2,0,2,0,0,0,0,2,2,2,2,0,0,2,2
