timestep,x_cm,y_cm,z_cm,yaw_deg,basis_xx,basis_xy,basis_xz,basis_yx,basis_yy,basis_yz,basis_zx,basis_zy,basis_zz,teleport_flag,throttle_cmd,steering_cmd,cmd_move_cm,cmd_turn_deg,lidar_cm_0,lidar_cm_1,lidar_cm_2,lidar_cm_3,lidar_cm_4,lidar_cm_5,lidar_cm_6,lidar_cm_7,lidar_cm_8,lidar_cm_9,lidar_cm_10,lidar_cm_11,lidar_cm_12,lidar_cm_13,lidar_cm_14,lidar_cm_15,lidar_cm_16,lidar_class_0,lidar_class_1,lidar_class_2,lidar_class_3,lidar_class_4,lidar_class_5,lidar_class_6,lidar_class_7,lidar_class_8,lidar_class_9,lidar_class_10,lidar_class_11,lidar_class_12,lidar_class_13,lidar_class_14,lidar_class_15,lidar_class_16
0,-8197.540,6882.763,-174.949,-70.381,0.335218,0.941946,0.019154,-0.940279,0.335764,-0.056023,-0.059202,0.000770,0.998246,1,0.08000,-0.12000,4.800,-0.240,-1,375.000,-1,375.000,675.000,300.000,300.000,300.000,300.000,-1,450.000,575.000,-1,675.000,575.000,-1,725.000,2,0,2,0,0,0,0,0,0,2,0,0,2,0,0,2,0
1,-8194.392,6873.693,-175.493,-70.861,0.327310,0.944726,0.018991,-0.943105,0.327861,-0.055328,-0.058496,0.000199,0.998288,0,0.16000,-0.24000,9.600,-0.480,-1,375.000,-1,375.000,675.000,300.000,300.000,300.000,300.000,-1,425.000,550.000,-1,650.000,575.000,-1,725.000,2,0,2,0,0,0,0,0,0,2,0,0,2,0,0,2,0
2,-8189.842,6860.031,-176.312,-71.581,0.315406,0.948771,0.018771,-0.947218,0.315963,-0.054270,-0.057420,-0.000663,0.998350,0,0.24000,-0.36000,14.400,-0.720,-1,375.000,-1,375.000,675.000,300.000,300.000,300.000,300.000,-1,400.000,500.000,-1,650.000,575.000,-1,700.000,2,0,2,0,0,0,0,0,0,2,0,0,2,0,0,2,0
3,-8184.082,6841.716,-177.407,-72.541,0.299456,0.953930,0.018523,-0.952468,0.300022,-0.052831,-0.055954,-0.001822,0.998432,0,0.32000,-0.48000,19.200,-0.960,-1,375.000,-1,350.000,675.000,300.000,300.000,325.000,300.000,-1,375.000,450.000,-1,650.000,575.000,-1,700.000,2,0,2,0,0,0,0,0,0,2,0,0,2,0,0,2,0
4,-8177.362,6818.676,-178.780,-73.741,0.279399,0.960001,0.018289,-0.958651,0.279978,-0.050990,-0.054071,-0.003287,0.998532,0,0.40000,-0.60000,24.000,-1.200,-1,375.000,-1,350.000,675.000,325.000,300.000,325.000,300.000,-1,350.000,400.000,-1,650.000,575.000,-1,700.000,2,0,2,0,0,0,0,0,0,2,0,0,2,0,0,2,0
5,-8169.996,6790.834,-180.433,-75.181,0.255170,0.966726,0.018122,-0.965511,0.255763,-0.048724,-0.051738,-0.005064,0.998648,0,0.48000,-0.72000,28.800,-1.440,-1,375.000,-1,350.000,650.000,325.000,300.000,325.000,300.000,-1,325.000,375.000,-1,650.000,550.000,-1,675.000,2,0,2,0,0,0,0,0,0,2,0,0,2,0,0,2,0
6,-8162.358,6758.114,-182.367,-76.861,0.226701,0.973797,0.018086,-0.972735,0.227308,-0.046010,-0.048915,-0.007162,0.998777,0,0.56000,-0.84000,33.600,-1.680,-1,375.000,-1,350.000,650.000,300.000,300.000,325.000,300.000,-1,300.000,350.000,-1,625.000,550.000,-1,675.000,2,0,2,0,0,0,0,0,0,2,0,0,2,0,0,2,0
7,-8154.887,6720.449,-184.580,-78.781,0.193929,0.980846,0.018261,-0.979957,0.194550,-0.042825,-0.045557,-0.009590,0.998916,0,0.64000,-0.96000,38.400,-1.920,-1,375.000,-1,350.000,650.000,300.000,300.000,325.000,300.000,-1,275.000,300.000,-1,625.000,550.000,-1,675.000,2,0,2,0,0,0,0,0,0,2,0,0,2,0,0,2,0
8,-8147.965,6677.807,-187.075,-80.781,0.159568,0.987010,0.018682,-0.986307,0.160196,-0.039175,-0.041659,-0.012175,0.999058,0,0.72000,-1.00000,43.200,-2.000,-1,350.000,-1,350.000,650.000,300.000,300.000,300.000,300.000,-1,250.000,275.000,-1,600.000,550.000,-1,650.000,2,0,2,0,0,0,0,0,0,2,0,0,2,0,0,2,0
9,-8141.933,6630.188,-189.849,-82.781,0.125027,0.991964,0.019386,-0.991455,0.125648,-0.035067,-0.037221,-0.014836,0.999197,0,0.80000,-1.00000,48.000,-2.000,-1,350.000,-1,325.000,625.000,300.000,275.000,300.000,300.000,-1,225.000,250.000,-1,600.000,525.000,-1,650.000,2,0,2,0,0,0,0,0,0,2,0,0,2,0,0,2,0
10,-8137.129,6577.607,-192.691,-84.781,0.090315,0.995687,0.021210,-0.995373,0.090947,-0.031017,-0.032812,-0.018310,0.999294,0,0.88000,-1.00000,52.800,-2.000,-1,350.000,-1,325.000,625.000,275.000,275.000,300.000,300.000,-1,225.000,250.000,-1,575.000,525.000,-1,625.000,2,0,2,0,0,0,0,0,0,2,0,0,2,0,0,2,0
11,-8133.932,6520.788,-193.479,-86.781,0.055484,0.998125,0.025857,-0.998105,0.056136,-0.025201,-0.026606,-0.024410,0.999348,0,0.94850,-1.00000,56.910,-2.000,-1,350.000,-1,325.000,675.000,275.000,275.000,300.000,300.000,-1,225.000,275.000,-1,575.000,525.000,-1,675.000,2,0,2,0,0,0,0,0,0,2,0,0,2,0,0,2,0
12,-8132.716,6463.638,-192.973,-88.781,0.020788,0.999450,0.025838,-0.999604,0.021267,-0.018404,-0.018943,-0.025446,0.999497,0,0.95271,-1.00000,57.163,-2.000,-1,350.000,-1,325.000,725.000,275.000,275.000,300.000,300.000,-1,250.000,275.000,-1,600.000,550.000,-1,925.000,2,0,2,0,1,0,0,0,0,2,0,0,2,0,0,2,1
13,-8133.499,6406.228,-192.422,-90.781,-0.013925,0.999556,0.026334,-0.999841,-0.013626,-0.011493,-0.011130,-0.026490,0.999587,0,0.95693,-1.00000,57.416,-2.000,-1,350.000,-1,325.000,800.000,300.000,275.000,325.000,325.000,-1,275.000,300.000,-1,-1,550.000,-1,1000.000,2,0,2,0,1,0,0,0,0,2,0,0,2,2,0,2,1
14,-8136.297,6348.626,-191.818,-92.781,-0.048606,0.998444,0.027343,-0.998813,-0.048500,-0.004503,-0.003170,-0.027529,0.999616,0,0.96115,-1.00000,57.669,-2.000,-1,350.000,-1,350.000,825.000,300.000,300.000,325.000,325.000,-1,300.000,300.000,-1,-1,600.000,-1,-1,2,0,2,0,1,0,0,0,0,2,0,0,2,2,1,2,2
15,-8141.124,6290.907,-191.154,-94.781,-0.083197,0.996115,0.028860,-0.996521,-0.083305,0.002536,0.004930,-0.028549,0.999580,0,0.96534,-0.99974,57.920,-1.999,-1,350.000,-1,350.000,900.000,300.000,300.000,325.000,325.000,-1,300.000,325.000,-1,-1,650.000,-1,-1,2,0,2,0,0,0,0,0,0,2,0,0,2,2,1,2,2
16,-8147.987,6233.145,-190.422,-96.776,-0.117584,0.992583,0.030879,-0.992976,-0.117929,0.009590,0.013160,-0.029534,0.999477,0,0.96947,-0.99752,58.168,-1.995,-1,375.000,-1,350.000,1000.000,300.000,300.000,325.000,325.000,-1,250.000,300.000,-1,-1,675.000,-1,-1,2,1,2,0,0,0,0,0,0,2,0,0,2,2,1,2,2
17,-8156.889,6175.416,-189.615,-98.765,-0.151704,0.987862,0.033389,-0.988192,-0.152317,0.016627,0.021511,-0.030473,0.999304,0,0.97351,-0.99489,58.410,-1.990,-1,450.000,-1,350.000,-1,300.000,300.000,325.000,325.000,-1,225.000,250.000,-1,-1,700.000,-1,-1,2,1,2,0,2,1,0,0,0,2,0,0,2,2,1,2,2
18,-8167.827,6117.800,-188.725,-100.749,-0.185499,0.981971,0.036379,-0.982187,-0.186414,0.023615,0.029971,-0.031350,0.999059,0,0.97741,-0.99181,58.645,-1.984,-1,550.000,-1,375.000,-1,325.000,300.000,325.000,325.000,-1,200.000,225.000,-1,-1,725.000,-1,-1,2,1,2,1,2,1,1,0,0,2,0,0,2,2,1,2,2
19,-8180.795,6060.377,-187.747,-102.725,-0.218906,0.974932,0.039834,-0.974985,-0.220165,0.030524,0.038529,-0.032155,0.998740,0,0.98114,-0.98824,58.868,-1.976,-1,625.000,-1,400.000,-1,375.000,325.000,300.000,325.000,-1,175.000,200.000,-1,-1,725.000,-1,-1,2,1,2,1,2,1,1,0,0,2,0,0,2,2,1,2,2
20,-8195.781,6003.230,-186.673,-104.694,-0.251868,0.966773,0.043736,-0.966611,-0.253514,0.037324,0.047172,-0.032875,0.998346,0,0.98463,-0.98413,59.078,-1.968,-1,675.000,-1,400.000,-1,400.000,350.000,300.000,325.000,-1,150.000,175.000,-1,-1,725.000,-1,-1,2,1,2,1,2,1,1,0,0,2,0,0,2,2,1,2,2
21,-8212.766,5946.447,-185.474,-106.653,-0.284624,0.957524,0.046233,-0.957357,-0.286406,0.037934,0.049564,-0.033465,0.998210,0,0.98781,-0.97942,59.269,-1.959,-1,650.000,-1,400.000,-1,400.000,350.000,300.000,325.000,-1,200.000,200.000,-1,-1,700.000,-1,-1,2,1,2,1,2,1,1,0,0,2,0,0,2,2,1,2,2
22,-8231.721,5890.115,-186.117,-108.601,-0.316901,0.946929,0.053847,-0.947431,-0.318689,0.028487,0.044135,-0.041989,0.998143,0,0.99060,-0.97407,59.436,-1.948,-1,600.000,-1,375.000,-1,375.000,350.000,275.000,325.000,-1,250.000,275.000,-1,-1,650.000,-1,-1,2,1,2,1,2,1,1,0,0,2,0,0,2,2,1,2,2
23,-8252.615,5834.327,-186.007,-110.537,-0.348701,0.935295,0.060265,-0.936406,-0.350374,0.019531,0.039383,-0.049622,0.997991,0,0.99288,-0.96798,59.573,-1.936,-1,550.000,-1,375.000,-1,375.000,325.000,250.000,325.000,-1,300.000,350.000,-1,-1,600.000,-1,-1,2,1,2,1,2,1,1,0,0,2,0,0,2,2,1,2,2
24,-8273.334,5783.624,-184.672,-112.233,-0.376324,0.924104,0.066418,-0.925865,-0.377733,0.009628,0.033986,-0.057871,0.997745,0,0.91288,-0.84798,54.773,-1.696,-1,500.000,-1,350.000,-1,350.000,300.000,250.000,325.000,-1,400.000,475.000,-1,-1,575.000,-1,-1,2,1,2,1,2,1,1,1,0,2,0,0,2,2,1,2,2
25,-8293.408,5737.860,-183.532,-113.689,-0.399956,0.913961,0.068635,-0.916085,-0.400982,0.001294,0.028704,-0.062358,0.997641,0,0.83288,-0.72798,49.973,-1.456,-1,475.000,-1,325.000,-1,325.000,300.000,300.000,350.000,-1,525.000,600.000,-1,-1,525.000,-1,-1,2,1,2,1,2,1,1,1,0,2,0,0,2,2,1,2,2
26,-8312.428,5696.886,-182.093,-114.904,-0.419475,0.905038,0.070334,-0.907422,-0.420190,-0.005015,0.025015,-0.065927,0.997511,0,0.75288,-0.60798,45.173,-1.216,-1,450.000,-1,325.000,-1,325.000,275.000,350.000,350.000,-1,650.000,750.000,-1,-1,500.000,-1,850.000,2,1,2,1,2,1,1,1,0,2,0,0,2,2,0,2,0
27,-8331.372,5657.831,-180.461,-115.880,-0.435008,0.897533,0.072127,-0.900157,-0.435440,-0.010456,0.022023,-0.069474,0.997341,0,0.72345,-0.48798,43.407,-0.976,-1,425.000,-1,300.000,-1,300.000,275.000,400.000,350.000,-1,775.000,900.000,-1,-1,475.000,-1,800.000,2,1,2,1,2,1,1,1,0,2,0,0,2,2,0,2,0
28,-8350.795,5619.065,-178.556,-116.616,-0.446639,0.891639,0.074120,-0.894498,-0.446818,-0.015075,0.019677,-0.073033,0.997135,0,0.72265,-0.36798,43.359,-0.736,-1,400.000,-1,300.000,-1,300.000,275.000,450.000,350.000,-1,900.000,-1,-1,-1,475.000,-1,750.000,2,1,2,1,2,1,1,1,0,2,0,2,2,2,0,2,0
29,-8370.519,5580.532,-176.403,-117.112,-0.454437,0.887492,0.076456,-0.890599,-0.454393,-0.018973,0.017903,-0.076714,0.996892,0,0.72145,-0.24798,43.287,-0.496,-1,425.000,-1,300.000,-1,300.000,250.000,500.000,350.000,-1,-1,-1,-1,-1,450.000,-1,725.000,2,1,2,1,2,1,1,1,0,2,2,2,2,2,0,2,0
30,-8390.371,5542.174,-174.032,-117.368,-0.458450,0.885179,0.079252,-0.888565,-0.458212,-0.022249,0.016620,-0.080621,0.996606,0,0.71985,-0.12798,43.191,-0.256,-1,450.000,-1,275.000,-1,275.000,250.000,550.000,350.000,-1,-1,-1,-1,-1,450.000,-1,700.000,2,1,2,1,2,1,1,1,0,2,2,2,2,2,0,2,0
31,-8410.177,5503.929,-171.474,-117.384,-0.458708,0.884740,0.082602,-0.888448,-0.458296,-0.024997,0.015740,-0.084854,0.996269,0,0.71783,-0.00798,43.070,-0.016,-1,475.000,-1,275.000,-1,275.000,250.000,625.000,375.000,-1,-1,-1,-1,-1,450.000,-1,775.000,2,1,2,1,2,1,1,1,0,2,2,2,2,2,0,2,0
32,-8429.766,5465.737,-168.763,-117.160,-0.455214,0.886163,0.086576,-0.890253,-0.454648,-0.027305,0.015165,-0.089504,0.995871,0,0.71538,0.11202,42.923,0.224,-1,475.000,-1,275.000,-1,275.000,250.000,675.000,375.000,-1,-1,-1,-1,-1,450.000,-1,900.000,2,1,2,1,2,1,1,1,0,2,2,2,2,2,0,2,0
33,-8448.966,5427.542,-165.935,-116.696,-0.447953,0.889391,0.091225,-0.893935,-0.447242,-0.029249,0.014786,-0.094652,0.995401,0,0.71250,0.23202,42.750,0.464,-1,500.000,-1,275.000,-1,275.000,250.000,725.000,375.000,-1,-1,-1,-1,-1,450.000,-1,-1,2,1,2,1,2,1,1,1,0,2,2,2,2,2,0,2,2
34,-8467.604,5389.291,-163.910,-115.992,-0.436560,0.893998,0.100913,-0.899509,-0.435879,-0.029883,0.017270,-0.103817,0.994446,0,0.70918,0.35202,42.551,0.704,-1,525.000,-1,275.000,-1,300.000,250.000,725.000,400.000,-1,-1,-1,-1,1000.000,475.000,-1,-1,2,1,2,0,2,1,1,1,0,2,2,2,2,1,0,2,2
35,4263.565,-8199.152,-432.079,-39.506,0.769645,0.636048,0.055573,-0.635920,0.771434,-0.022258,-0.057028,-0.018210,0.998206,1,0.00000,0.00000,42.325,0.944,-1,400.000,-1,375.000,-1,325.000,325.000,300.000,275.000,-1,800.000,975.000,-1,700.000,700.000,-1,-1,2,0,2,0,2,0,0,0,0,2,0,0,2,0,0,2,2
36,4267.282,-8202.190,-432.381,-39.266,0.772315,0.632814,0.055464,-0.632682,0.774095,-0.022147,-0.056950,-0.017987,0.998215,0,0.08000,0.12000,4.800,0.240,-1,400.000,-1,375.000,-1,325.000,325.000,300.000,275.000,-1,800.000,975.000,-1,700.000,700.000,-1,-1,2,0,2,0,2,0,0,0,0,2,0,0,2,0,0,2,2
37,4274.765,-8208.203,-432.970,-38.786,0.777618,0.626313,0.055158,-0.626171,0.779376,-0.021953,-0.056738,-0.017467,0.998236,0,0.16000,0.24000,9.600,0.480,-1,400.000,-1,375.000,-1,325.000,325.000,300.000,275.000,-1,800.000,975.000,-1,700.000,700.000,-1,-1,2,0,2,0,2,0,0,0,0,2,0,0,2,0,0,2,2
38,4286.097,-8217.088,-433.702,-38.097,0.785089,0.616903,0.055376,-0.616769,0.786850,-0.021516,-0.056846,-0.017262,0.998234,0,0.24000,0.34431,14.400,0.689,-1,400.000,-1,375.000,-1,325.000,325.000,300.000,275.000,-1,825.000,1000.000,-1,700.000,700.000,-1,-1,2,0,2,0,2,0,0,0,0,2,0,0,2,0,0,2,2
39,4301.348,-8228.752,-434.689,-37.410,0.792430,0.607425,0.055587,-0.607306,0.794192,-0.020950,-0.056872,-0.017157,0.998234,0,0.32000,0.34350,19.200,0.687,-1,400.000,-1,375.000,-1,325.000,325.000,300.000,275.000,-1,875.000,-1,-1,700.000,700.000,-1,-1,2,0,2,0,2,0,0,0,0,2,0,2,2,0,0,2,2
40,4320.584,-8243.103,-435.945,-36.725,0.799637,0.597889,0.055756,-0.597791,0.801396,-0.020268,-0.056801,-0.017124,0.998239,0,0.40000,0.34244,24.000,0.685,-1,375.000,-1,375.000,-1,325.000,325.000,300.000,275.000,-1,900.000,-1,-1,700.000,700.000,-1,-1,2,0,2,0,2,0,0,0,0,2,0,2,2,0,0,2,2
41,4343.871,-8260.049,-437.479,-36.043,0.806707,0.588305,0.055871,-0.588232,0.808458,-0.019483,-0.056631,-0.017148,0.998248,0,0.48000,0.34110,28.800,0.682,-1,375.000,-1,375.000,-1,325.000,325.000,300.000,275.000,-1,925.000,-1,-1,700.000,700.000,-1,-1,2,0,2,0,2,0,0,0,0,2,0,2,2,0,0,2,2
42,4371.271,-8279.496,-439.294,-35.364,0.813633,0.578682,0.055921,-0.578637,0.815372,-0.018647,-0.056388,-0.017186,0.998261,0,0.56000,0.33949,33.600,0.679,-1,375.000,-1,375.000,-1,325.000,325.000,300.000,300.000,-1,950.000,-1,-1,700.000,700.000,-1,-1,2,0,2,0,2,0,0,0,0,2,0,2,2,0,0,2,2
43,4402.846,-8301.350,-441.342,-34.689,0.820410,0.569036,0.055917,-0.569002,0.822137,-0.018068,-0.056253,-0.016993,0.998272,0,0.64000,0.33760,38.400,0.675,-1,375.000,-1,400.000,-1,325.000,325.000,300.000,300.000,-1,1000.000,-1,-1,675.000,700.000,-1,-1,2,0,2,0,2,0,0,0,0,2,0,2,2,0,0,2,2
44,4438.653,-8325.518,-443.687,-34.018,0.827033,0.559373,0.055837,-0.559350,0.828747,-0.017503,-0.056065,-0.016757,0.998286,0,0.72000,0.33542,43.200,0.671,-1,375.000,-1,400.000,-1,325.000,325.000,300.000,300.000,-1,-1,-1,-1,675.000,700.000,-1,-1,2,0,2,0,2,0,0,0,0,2,2,2,2,0,0,2,2
45,4478.747,-8351.907,-446.340,-33.352,0.833500,0.549707,0.055674,-0.549691,0.835196,-0.016974,-0.055829,-0.016456,0.998305,0,0.80000,0.33294,48.000,0.666,-1,375.000,-1,400.000,-1,325.000,325.000,300.000,300.000,-1,-1,-1,-1,675.000,700.000,-1,-1,2,0,2,0,2,0,0,0,0,2,2,2,2,0,0,2,2
46,4523.183,-8380.426,-449.167,-32.692,0.839851,0.540054,0.054698,-0.540016,0.841488,-0.016750,-0.055073,-0.015470,0.998362,0,0.88000,0.33014,52.800,0.660,-1,375.000,-1,375.000,-1,300.000,325.000,300.000,300.000,-1,-1,-1,-1,675.000,700.000,-1,-1,2,0,2,0,2,0,0,0,0,2,2,2,2,0,0,2,2
47,4568.917,-8409.046,-451.971,-32.038,0.846076,0.530427,0.052943,-0.530337,0.847619,-0.016896,-0.053838,-0.013782,0.998455,0,0.89918,0.32701,53.951,0.654,-1,375.000,-1,375.000,-1,300.000,325.000,300.000,300.000,-1,975.000,-1,-1,675.000,675.000,-1,-1,2,0,2,0,2,0,0,0,0,2,0,2,2,0,0,2,2
48,4615.037,-8437.188,-454.828,-31.390,0.852132,0.520826,0.051099,-0.520679,0.853579,-0.017201,-0.052576,-0.011949,0.998545,0,0.90047,0.32376,54.028,0.648,-1,375.000,-1,375.000,-1,300.000,325.000,300.000,300.000,-1,925.000,975.000,-1,675.000,675.000,-1,-1,2,0,2,0,2,0,0,0,0,2,0,0,2,0,0,2,2
49,4661.542,-8464.855,-457.736,-30.749,0.858020,0.511257,0.049172,-0.511049,0.859370,-0.017665,-0.051288,-0.009972,0.998634,0,0.90188,0.32046,54.113,0.641,-1,375.000,-1,375.000,-1,300.000,325.000,300.000,275.000,-1,875.000,925.000,-1,675.000,675.000,-1,-1,2,0,2,0,2,0,0,0,0,2,0,0,2,0,0,2,2
50,4708.429,-8492.051,-460.423,-30.115,0.863701,0.501718,0.047957,-0.501488,0.864986,-0.017582,-0.050303,-0.008864,0.998695,0,0.90340,0.31710,54.204,0.634,-1,375.000,-1,375.000,-1,300.000,325.000,300.000,275.000,-1,850.000,925.000,-1,675.000,675.000,-1,-1,2,0,2,0,2,0,0,0,0,2,0,0,2,0,0,2,2
51,4755.696,-8518.780,-463.058,-29.488,0.869219,0.492220,0.046657,-0.491984,0.870434,-0.017213,-0.049084,-0.007993,0.998763,0,0.90502,0.31370,54.301,0.627,-1,375.000,-1,375.000,-1,300.000,300.000,300.000,275.000,-1,825.000,900.000,-1,675.000,675.000,-1,-1,2,0,2,0,2,0,0,0,0,2,0,0,2,0,0,2,2
52,4803.340,-8545.045,-465.297,-28.867,0.874598,0.482762,0.044934,-0.482610,0.875709,-0.014902,-0.046543,-0.008653,0.998879,0,0.90673,0.31025,54.404,0.620,-1,375.000,-1,375.000,-1,300.000,325.000,300.000,275.000,-1,775.000,825.000,-1,675.000,700.000,-1,-1,2,0,2,0,2,0,0,0,0,2,0,0,2,0,0,2,2
53,4846.938,-8568.704,-467.358,-28.487,0.877874,0.476933,0.043261,-0.476851,0.878890,-0.012864,-0.044157,-0.009336,0.998981,0,0.82673,0.19025,49.604,0.380,-1,375.000,-1,375.000,-1,325.000,325.000,300.000,300.000,-1,725.000,775.000,-1,675.000,700.000,-1,-1,2,0,2,0,2,0,0,0,0,2,0,0,2,0,0,2,2
54,4890.478,-8592.193,-469.416,-28.346,0.879126,0.474774,0.041561,-0.474750,0.880051,-0.011061,-0.041827,-0.010007,0.999075,0,0.82454,0.07025,49.472,0.140,-1,375.000,-1,375.000,-1,325.000,325.000,300.000,300.000,-1,700.000,750.000,-1,675.000,700.000,-1,-1,2,0,2,0,2,0,0,0,0,2,0,0,2,0,0,2,2
55,4934.065,-8615.805,-471.360,-28.446,0.878374,0.476300,0.039969,-0.476304,0.879223,-0.010045,-0.039926,-0.010214,0.999150,0,0.82620,-0.04975,49.572,-0.100,-1,375.000,-1,375.000,-1,325.000,325.000,300.000,300.000,-1,675.000,750.000,-1,675.000,700.000,-1,-1,2,0,2,0,2,0,0,0,0,2,0,0,2,0,0,2,2
56,4977.611,-8639.708,-473.343,-28.763,0.875790,0.481165,0.038367,-0.481198,0.876566,-0.008997,-0.037961,-0.010583,0.999223,0,0.82792,-0.15882,49.675,-0.318,-1,375.000,-1,375.000,-1,325.000,325.000,300.000,300.000,-1,675.000,725.000,-1,675.000,725.000,-1,-1,2,0,2,0,2,0,0,0,0,2,0,0,2,0,0,2,2
57,5021.114,-8663.910,-475.360,-29.088,0.873119,0.486119,0.036754,-0.486178,0.873824,-0.007922,-0.035968,-0.010952,0.999293,0,0.82970,-0.16222,49.782,-0.324,-1,375.000,-1,400.000,-1,325.000,325.000,300.000,300.000,-1,650.000,700.000,-1,675.000,725.000,-1,-1,2,0,2,0,2,0,0,0,0,2,0,0,2,0,0,2,2
58,5064.578,-8688.420,-477.411,-29.419,0.870359,0.491163,0.035131,-0.491246,0.870994,-0.006820,-0.033948,-0.011322,0.999359,0,0.83163,-0.16570,49.898,-0.331,-1,375.000,-1,400.000,-1,325.000,325.000,300.000,300.000,-1,650.000,650.000,-1,675.000,725.000,-1,-1,2,0,2,0,2,0,0,0,0,2,0,0,2,0,0,2,2
59,5108.003,-8713.247,-479.213,-29.758,0.867493,0.496304,0.033724,-0.496365,0.868085,-0.007153,-0.032825,-0.010534,0.999406,0,0.83369,-0.16924,50.022,-0.338,-1,375.000,-1,400.000,-1,325.000,325.000,300.000,300.000,-1,650.000,650.000,-1,675.000,725.000,-1,-1,2,0,2,0,2,0,0,0,0,2,0,0,2,0,0,2,2
60,5151.391,-8738.402,-481.036,-30.103,0.864533,0.501537,0.032299,-0.501574,0.865082,-0.007528,-0.031717,-0.009692,0.999450,0,0.83588,-0.17284,50.153,-0.346,-1,375.000,-1,375.000,-1,325.000,325.000,300.000,300.000,-1,675.000,600.000,-1,675.000,725.000,-1,-1,2,0,2,0,2,0,0,0,0,2,0,0,2,0,0,2,2
61,5194.742,-8763.894,-482.682,-30.456,0.861509,0.506865,0.029830,-0.506860,0.861989,-0.008303,-0.029922,-0.007967,0.999520,0,0.83819,-0.17651,50.291,-0.353,-1,375.000,-1,375.000,-1,325.000,325.000,300.000,300.000,-1,650.000,550.000,-1,675.000,700.000,-1,-1,2,0,2,0,2,0,0,0,0,2,0,0,2,0,0,2,2
62,5238.057,-8789.732,-484.311,-30.817,0.858388,0.512285,0.027100,-0.512239,0.858794,-0.009160,-0.027966,-0.006019,0.999591,0,0.84061,-0.18023,50.436,-0.360,-1,375.000,-1,375.000,-1,325.000,325.000,300.000,300.000,-1,600.000,500.000,-1,700.000,700.000,-1,-1,2,0,2,0,2,0,0,0,0,2,0,0,2,0,0,2,2
63,5281.335,-8815.927,-485.935,-31.185,0.855155,0.517796,0.024456,-0.517717,0.855494,-0.009965,-0.026081,-0.004140,0.999651,0,0.84313,-0.18402,50.588,-0.368,-1,375.000,-1,375.000,-1,325.000,325.000,300.000,300.000,-1,575.000,475.000,-1,700.000,700.000,-1,-1,2,0,2,0,2,0,0,0,0,2,0,0,2,0,0,2,2
64,5324.575,-8842.487,-487.418,-31.561,0.851792,0.523397,0.022489,-0.523299,0.852084,-0.010504,-0.024660,-0.002821,0.999692,0,0.84576,-0.18786,50.746,-0.376,-1,375.000,-1,375.000,-1,325.000,325.000,300.000,300.000,-1,575.000,475.000,-1,675.000,700.000,-1,-1,2,0,2,0,2,0,0,0,0,2,0,0,2,0,0,2,2
65,5367.699,-8869.371,-488.577,-31.940,0.848321,0.529024,0.022022,-0.528927,0.848602,-0.010503,-0.024245,-0.002738,0.999702,0,0.84696,-0.18957,50.817,-0.379,-1,375.000,-1,375.000,-1,300.000,300.000,300.000,300.000,-1,600.000,525.000,-1,675.000,700.000,-1,-1,2,0,2,0,2,0,0,0,0,2,0,0,2,0,0,2,2
66,5410.644,-8896.540,-489.755,-32.319,0.844813,0.534628,0.021527,-0.534531,0.845083,-0.010525,-0.023819,-0.002615,0.999713,0,0.84696,-0.18957,50.817,-0.379,-1,375.000,-1,375.000,-1,300.000,300.000,300.000,300.000,-1,650.000,575.000,-1,675.000,700.000,-1,-1,2,0,2,0,2,0,0,0,0,2,0,0,2,0,0,2,2
67,5453.408,-8923.992,-490.751,-32.698,0.841278,0.540209,0.020626,-0.540123,0.841527,-0.010007,-0.022763,-0.002722,0.999737,0,0.84696,-0.18957,50.817,-0.379,-1,375.000,-1,375.000,-1,300.000,300.000,300.000,300.000,-1,675.000,600.000,-1,675.000,700.000,-1,-1,2,0,2,0,2,0,0,0,0,2,0,0,2,0,0,2,2
68,5495.990,-8951.726,-491.569,-33.077,0.837713,0.545765,0.019423,-0.545703,0.837932,-0.008830,-0.021095,-0.003202,0.999772,0,0.84696,-0.18957,50.817,-0.379,-1,375.000,-1,375.000,-1,300.000,325.000,300.000,300.000,-1,675.000,600.000,-1,675.000,700.000,-1,-1,2,0,2,0,2,0,0,0,0,2,0,0,2,0,0,2,2
69,5539.393,-8980.146,-492.422,-33.216,0.836412,0.547797,0.018244,-0.547756,0.836603,-0.007605,-0.019429,-0.003633,0.999805,0,0.86467,-0.06957,51.880,-0.139,-1,375.000,-1,375.000,-1,325.000,325.000,300.000,300.000,-1,675.000,625.000,-1,650.000,700.000,-1,-1,2,0,2,0,2,0,0,0,0,2,0,0,2,0,0,2,2
70,5582.847,-9008.489,-493.294,-33.115,0.837400,0.546323,0.017082,-0.546300,0.837565,-0.006378,-0.017791,-0.003991,0.999834,0,0.86467,0.05043,51.880,0.101,-1,375.000,-1,375.000,-1,325.000,325.000,300.000,300.000,-1,675.000,625.000,-1,650.000,700.000,-1,-1,2,0,2,0,2,0,0,0,0,2,0,0,2,0,0,2,2
71,5626.390,-9036.695,-494.192,-32.933,0.839156,0.543658,0.015899,-0.543651,0.839296,-0.005174,-0.016157,-0.004301,0.999860,0,0.86467,0.09103,51.880,0.182,-1,375.000,-1,375.000,-1,325.000,325.000,300.000,300.000,-1,675.000,625.000,-1,650.000,700.000,-1,-1,2,0,2,0,2,0,0,0,0,2,0,0,2,0,0,2,2
72,5670.022,-9064.761,-495.119,-32.751,0.840902,0.540988,0.014685,-0.540993,0.841018,-0.004001,-0.014514,-0.004580,0.999884,0,0.86467,0.09103,51.880,0.182,-1,375.000,-1,375.000,-1,325.000,325.000,300.000,300.000,-1,675.000,650.000,-1,650.000,700.000,-1,-1,2,0,2,0,2,0,0,0,0,2,0,0,2,0,0,2,2
73,5713.743,-9092.689,-495.995,-32.569,0.842637,0.538313,0.013483,-0.538322,0.842733,-0.003276,-0.013126,-0.004498,0.999904,0,0.86467,0.09103,51.880,0.182,-1,375.000,-1,375.000,-1,325.000,325.000,300.000,300.000,-1,700.000,650.000,-1,650.000,700.000,-1,-1,2,0,2,0,2,0,0,0,0,2,0,0,2,0,0,2,2
74,5757.553,-9120.478,-496.729,-32.387,0.844360,0.535634,0.012347,-0.535636,0.844442,-0.003452,-0.012275,-0.003699,0.999918,0,0.86467,0.09103,51.880,0.182,-1,375.000,-1,375.000,-1,300.000,325.000,300.000,300.000,-1,725.000,675.000,-1,650.000,675.000,-1,-1,2,0,2,0,2,0,0,0,0,2,0,0,2,0,0,2,2
75,5801.451,-9148.128,-497.351,-32.205,0.846074,0.532949,0.011120,-0.532951,0.846141,-0.003039,-0.011028,-0.003355,0.999934,0,0.86467,0.09103,51.880,0.182,-1,375.000,-1,375.000,-1,300.000,325.000,300.000,300.000,-1,700.000,700.000,-1,650.000,675.000,-1,-1,2,0,2,0,2,0,0,0,0,2,0,0,2,0,0,2,2
76,5845.437,-9175.638,-497.641,-32.023,0.847794,0.530260,0.008389,-0.530256,0.847833,-0.002886,-0.008643,-0.002002,0.999961,0,0.86467,0.09103,51.880,0.182,-1,375.000,-1,375.000,-1,300.000,325.000,300.000,300.000,-1,650.000,650.000,-1,650.000,675.000,-1,-1,2,0,2,0,2,0,0,0,0,2,0,0,2,0,0,2,2
77,5889.509,-9203.008,-497.861,-31.841,0.849500,0.527564,0.005126,-0.527555,0.849515,-0.003037,-0.005957,-0.000124,0.999982,0,0.86467,0.09103,51.880,0.182,-1,375.000,-1,375.000,-1,300.000,325.000,300.000,300.000,-1,600.000,600.000,-1,650.000,675.000,-1,-1,2,0,2,0,2,0,0,0,0,2,0,0,2,0,0,2,2
78,5933.669,-9230.238,-498.107,-31.659,0.851186,0.524861,0.001812,-0.524854,0.851186,-0.003325,-0.003287,0.001879,0.999993,0,0.86467,0.09103,51.880,0.182,-1,375.000,-1,375.000,-1,300.000,325.000,300.000,300.000,-1,575.000,575.000,-1,650.000,675.000,-1,-1,2,0,2,0,2,0,0,0,0,2,0,0,2,0,0,2,2
79,5977.915,-9257.327,-498.349,-31.477,0.852852,0.522151,-0.001486,-0.522152,0.852844,-0.003822,-0.000729,0.004036,0.999992,0,0.86467,0.09103,51.880,0.182,-1,375.000,-1,375.000,-1,300.000,300.000,300.000,275.000,-1,550.000,550.000,-1,650.000,675.000,-1,-1,2,0,2,0,2,0,0,0,0,2,0,0,2,0,0,2,2
80,6022.247,-9284.275,-498.217,-31.295,0.854504,0.519435,-0.003359,-0.519445,0.854493,-0.004344,0.000614,0.005457,0.999985,0,0.86467,0.09103,51.880,0.182,-1,375.000,-1,375.000,-1,300.000,300.000,300.000,275.000,-1,575.000,550.000,-1,650.000,675.000,-1,-1,2,0,2,0,2,0,0,0,0,2,0,0,2,0,0,2,2
81,6066.664,-9311.083,-498.114,-31.113,0.856143,0.516712,-0.005264,-0.516735,0.856131,-0.004945,0.001952,0.006954,0.999974,0,0.86467,0.09103,51.880,0.182,-1,375.000,-1,375.000,-1,300.000,300.000,300.000,275.000,-1,600.000,550.000,-1,650.000,675.000,-1,-1,2,0,2,0,2,0,0,0,0,2,0,0,2,0,0,2,2
82,6111.220,-9337.786,-497.653,-30.934,0.857732,0.514043,-0.007449,-0.514077,0.857735,-0.003796,0.004438,0.007085,0.999965,0,0.86576,0.08923,51.945,0.178,-1,375.000,-1,375.000,-1,300.000,300.000,300.000,275.000,-1,600.000,525.000,-1,650.000,675.000,-1,-1,2,0,2,0,2,0,0,0,0,2,0,0,2,0,0,2,2
83,6155.918,-9364.389,-497.057,-30.760,0.859267,0.511434,-0.009785,-0.511474,0.859296,-0.001955,0.007408,0.006685,0.999950,0,0.86692,0.08708,52.015,0.174,-1,375.000,-1,375.000,-1,300.000,300.000,300.000,275.000,-1,575.000,500.000,-1,650.000,675.000,-1,-1,2,0,2,0,2,0,0,0,0,2,0,0,2,0,0,2,2
84,6200.748,-9390.891,-496.481,-30.590,0.860748,0.508886,-0.012174,-0.508926,0.860811,-0.000148,0.010404,0.006323,0.999926,0,0.86796,0.08491,52.078,0.170,-1,375.000,-1,375.000,-1,300.000,300.000,300.000,300.000,-1,575.000,500.000,-1,650.000,700.000,-1,-1,2,0,2,0,2,0,0,0,0,2,0,0,2,0,0,2,2
85,6245.702,-9417.291,-495.923,-30.425,0.862175,0.506400,-0.014615,-0.506433,0.862278,0.001626,0.013425,0.006000,0.999892,0,0.86888,0.08271,52.133,0.165,-1,375.000,-1,375.000,-1,300.000,300.000,300.000,300.000,-1,550.000,475.000,-1,650.000,700.000,-1,-1,2,0,2,0,2,0,0,0,0,2,0,0,2,0,0,2,2
86,6290.771,-9443.589,-495.384,-30.264,0.863548,0.503976,-0.017107,-0.503997,0.863699,0.003366,0.016472,0.005716,0.999848,0,0.86967,0.08049,52.180,0.161,-1,375.000,-1,375.000,-1,325.000,325.000,300.000,300.000,-1,475.000,450.000,-1,650.000,700.000,-1,-1,2,0,2,0,2,0,0,0,0,2,0,0,2,0,0,2,2
87,6335.945,-9469.784,-494.783,-30.107,0.864875,0.501617,-0.019298,-0.501616,0.865074,0.005209,0.019307,0.005174,0.999800,0,0.87033,0.07825,52.220,0.156,-1,375.000,-1,375.000,-1,325.000,325.000,300.000,300.000,-1,425.000,400.000,-1,650.000,700.000,-1,-1,2,0,2,0,2,0,0,0,0,2,0,0,2,0,0,2,2
88,6381.217,-9495.875,-494.008,-29.955,0.866164,0.499322,-0.020931,-0.499294,0.866405,0.006899,0.021580,0.004475,0.999757,0,0.87087,0.07600,52.252,0.152,-1,375.000,-1,400.000,-1,300.000,325.000,300.000,300.000,-1,400.000,375.000,-1,650.000,700.000,-1,-1,2,0,2,0,2,0,0,0,0,2,0,0,2,0,0,2,2
89,6426.577,-9521.861,-492.929,-29.808,0.867411,0.497088,-0.022397,-0.497068,0.867685,0.006825,0.022826,0.005212,0.999726,0,0.87127,0.07375,52.276,0.147,-1,375.000,-1,375.000,-1,300.000,325.000,300.000,300.000,-1,425.000,400.000,-1,650.000,700.000,-1,-1,2,0,2,0,2,0,0,0,0,2,0,0,2,0,0,2,2
90,6472.017,-9547.743,-491.866,-29.665,0.868609,0.494918,-0.023969,-0.494911,0.868918,0.006653,0.024120,0.006083,0.999691,0,0.87155,0.07151,52.293,0.143,-1,375.000,-1,375.000,-1,300.000,300.000,300.000,300.000,-1,425.000,400.000,-1,650.000,675.000,-1,-1,2,0,2,0,2,0,0,0,0,2,0,0,2,0,0,2,2
91,6517.527,-9573.518,-490.505,-29.526,0.869714,0.492807,-0.027181,-0.492845,0.870098,0.005765,0.026491,0.008382,0.999614,0,0.87170,0.06928,52.302,0.139,-1,375.000,-1,375.000,-1,300.000,300.000,300.000,300.000,-1,425.000,400.000,-1,650.000,675.000,-1,-1,2,0,2,0,2,0,0,0,0,2,0,0,2,0,0,2,2
92,6563.099,-9599.188,-489.118,-29.392,0.870756,0.490756,-0.030701,-0.490857,0.871228,0.004688,0.029048,0.010988,0.999518,0,0.87174,0.06707,52.304,0.134,-1,375.000,-1,375.000,-1,300.000,300.000,300.000,300.000,-1,450.000,400.000,-1,650.000,675.000,-1,-1,2,0,2,0,2,0,0,0,0,2,0,0,2,0,0,2,2
93,6608.725,-9624.751,-487.712,-29.262,0.871738,0.488757,-0.034497,-0.488942,0.872310,0.003431,0.031769,0.013876,0.999399,0,0.87165,0.06513,52.299,0.130,-1,375.000,-1,375.000,-1,300.000,300.000,300.000,300.000,-1,450.000,400.000,-1,650.000,675.000,-1,-1,2,0,2,0,2,0,0,0,0,2,0,0,2,0,0,2,2
94,6650.312,-9647.700,-486.217,-28.892,0.874788,0.483098,-0.036905,-0.483340,0.875429,0.002624,0.033575,0.015542,0.999315,0,0.79165,0.18513,47.499,0.370,-1,375.000,-1,375.000,-1,300.000,300.000,300.000,300.000,-1,450.000,400.000,-1,675.000,675.000,-1,-1,2,0,2,0,2,0,0,0,0,2,0,0,2,0,0,2,2
95,6687.914,-9667.931,-484.653,-28.281,0.879842,0.473742,-0.038030,-0.474009,0.880517,0.002227,0.034541,0.016068,0.999274,0,0.71165,0.30513,42.699,0.610,-1,375.000,-1,375.000,-1,300.000,300.000,300.000,300.000,-1,475.000,450.000,-1,675.000,675.000,-1,-1,2,0,2,0,2,0,0,0,0,2,0,0,2,0,0,2,2
96,6721.552,-9685.390,-483.181,-27.431,0.886735,0.460624,-0.039066,-0.460897,0.887451,0.002227,0.035695,0.016031,0.999234,0,0.63165,0.42513,37.899,0.850,-1,375.000,-1,375.000,-1,300.000,300.000,300.000,300.000,-1,500.000,450.000,-1,675.000,675.000,-1,-1,2,0,2,0,2,0,0,0,0,2,0,0,2,0,0,2,2
97,6751.214,-9700.077,-481.635,-26.341,0.895292,0.443663,-0.040191,-0.443897,0.896071,0.003386,0.037516,0.014809,0.999186,0,0.55165,0.54513,33.099,1.090,-1,375.000,-1,375.000,-1,300.000,300.000,300.000,300.000,-1,500.000,475.000,-1,675.000,675.000,-1,-1,2,0,2,0,2,0,0,0,0,2,0,0,2,0,0,2,2
98,6776.859,-9712.042,-480.296,-25.011,0.905311,0.422749,-0.041169,-0.422939,0.906147,0.004402,0.039166,0.013427,0.999143,0,0.47165,0.66513,28.299,1.330,-1,375.000,-1,375.000,-1,300.000,300.000,300.000,300.000,-1,500.000,475.000,-1,675.000,675.000,-1,-1,2,0,2,0,2,0,0,0,0,2,0,0,2,0,0,2,2
99,6798.419,-9721.390,-479.166,-23.440,0.916525,0.397767,-0.041996,-0.397909,0.917410,0.005279,0.040627,0.011872,0.999104,0,0.39165,0.78513,23.499,1.570,-1,375.000,-1,375.000,-1,300.000,300.000,300.000,300.000,-1,525.000,500.000,-1,675.000,700.000,-1,-1,2,0,2,0,2,0,0,0,0,2,0,0,2,0,0,2,2
100,6815.801,-9728.283,-478.250,-21.630,0.928611,0.368595,-0.042666,-0.368684,0.929535,0.006028,0.041881,0.010133,0.999071,0,0.31165,0.90513,18.699,1.810,-1,375.000,-1,375.000,-1,300.000,300.000,300.000,300.000,-1,525.000,500.000,-1,675.000,700.000,-1,-1,2,0,2,0,2,0,0,0,0,2,0,0,2,0,0,2,2
101,6828.886,-9732.970,-477.557,-19.707,0.940445,0.337193,-0.043175,-0.337230,0.941399,0.006643,0.042885,0.008312,0.999045,0,0.23165,0.96174,13.899,1.923,-1,375.000,-1,375.000,-1,300.000,300.000,300.000,300.000,-1,500.000,500.000,-1,675.000,700.000,-1,-1,2,0,2,0,2,0,0,0,0,2,0,0,2,0,0,2,2
102,6837.550,-9735.749,-477.093,-17.783,0.951226,0.305410,-0.043513,-0.305396,0.952199,0.007131,0.043610,0.006506,0.999027,0,0.15165,0.96172,9.099,1.923,-1,375.000,-1,375.000,-1,300.000,300.000,300.000,300.000,-1,500.000,475.000,-1,675.000,700.000,-1,-1,2,0,2,0,2,0,0,0,0,2,0,0,2,0,0,2,2
103,6850.904,-9739.604,-476.415,-16.100,0.959767,0.277308,-0.044128,-0.277246,0.960769,0.007623,0.044511,0.004918,0.998997,0,0.23165,0.84172,13.899,1.683,-1,375.000,-1,375.000,-1,300.000,300.000,300.000,300.000,-1,500.000,475.000,-1,675.000,700.000,-1,-1,2,0,2,0,2,0,0,0,0,2,0,0,2,0,0,2,2
104,6868.995,-9744.335,-475.519,-14.656,0.966413,0.253019,-0.045021,-0.252915,0.967455,0.008098,0.045604,0.003561,0.998953,0,0.31165,0.72172,18.699,1.443,-1,375.000,-1,375.000,-1,300.000,300.000,300.000,300.000,-1,500.000,475.000,-1,675.000,700.000,-1,-1,2,0,2,0,2,0,0,0,0,2,0,0,2,0,0,2,2
105,6891.849,-9749.802,-474.403,-13.453,0.971464,0.232646,-0.046186,-0.232502,0.972559,0.008539,0.046905,0.002443,0.998896,0,0.39165,0.60172,23.499,1.203,-1,375.000,-1,375.000,-1,300.000,300.000,300.000,300.000,-1,525.000,475.000,-1,675.000,700.000,-1,-1,2,0,2,0,2,0,0,0,0,2,0,0,2,0,0,2,2
106,6919.478,-9755.922,-473.066,-12.489,0.975174,0.216260,-0.047619,-0.216081,0.976335,0.008941,0.048425,0.001570,0.998826,0,0.47165,0.48172,28.299,0.963,-1,375.000,-1,375.000,-1,300.000,300.000,300.000,325.000,-1,525.000,475.000,-1,700.000,700.000,-1,-1,2,0,2,0,2,0,0,0,0,2,0,0,2,0,0,2,2
107,6951.882,-9762.672,-471.506,-11.766,0.977746,0.203916,-0.049311,-0.203706,0.978988,0.009307,0.050173,0.000945,0.998740,0,0.55165,0.36172,33.099,0.723,-1,375.000,-1,375.000,-1,300.000,300.000,300.000,325.000,-1,525.000,475.000,-1,700.000,700.000,-1,-1,2,0,2,0,2,0,0,0,0,2,0,0,2,0,0,2,2
108,6989.050,-9770.083,-469.724,-11.277,0.979352,0.195556,-0.051258,-0.195319,0.980692,0.009647,0.052155,0.000564,0.998639,0,0.63165,0.24442,37.899,0.489,-1,375.000,-1,375.000,-1,300.000,325.000,300.000,325.000,-1,525.000,475.000,-1,700.000,700.000,-1,-1,2,0,2,0,2,0,0,0,0,2,0,0,2,0,0,2,2
109,7026.904,-9777.295,-467.915,-10.787,0.980885,0.187158,-0.053253,-0.186894,0.982330,0.009942,0.054173,0.000201,0.998532,0,0.64226,0.24512,38.535,0.490,-1,375.000,-1,375.000,-1,300.000,325.000,300.000,325.000,-1,525.000,500.000,-1,700.000,725.000,-1,-1,2,0,2,0,2,0,0,0,0,2,0,0,2,0,0,2,2
110,7066.558,-9784.445,-466.024,-10.221,0.982573,0.177443,-0.055357,-0.177150,0.984131,0.010194,0.056287,-0.000210,0.998415,0,0.67155,0.28307,40.293,0.566,-1,375.000,-1,375.000,-1,325.000,325.000,300.000,300.000,-1,500.000,450.000,-1,700.000,725.000,-1,-1,2,0,2,0,2,0,0,0,0,2,0,0,2,0,0,2,2
111,7106.436,-9791.228,-464.129,-9.653,0.984164,0.167681,-0.057484,-0.167360,0.985841,0.010387,0.058412,-0.000602,0.998292,0,0.67418,0.28391,40.451,0.568,-1,375.000,-1,375.000,-1,325.000,325.000,300.000,300.000,-1,450.000,400.000,-1,725.000,725.000,-1,-1,2,0,2,0,2,0,0,0,0,2,0,0,2,0,0,2,2
112,7146.537,-9797.639,-462.229,-9.084,0.985657,0.157874,-0.059633,-0.157526,0.987459,0.010521,0.060546,-0.000976,0.998165,0,0.67682,0.28475,40.609,0.569,-1,375.000,-1,375.000,-1,325.000,325.000,300.000,300.000,-1,400.000,350.000,-1,725.000,725.000,-1,-1,2,0,2,0,2,0,0,0,0,2,0,0,2,0,0,2,2
113,7186.857,-9803.674,-460.151,-8.512,0.987077,0.148023,-0.061390,-0.147698,0.988984,0.009826,0.062168,-0.000631,0.998065,0,0.67949,0.28558,40.769,0.571,-1,375.000,-1,400.000,-1,325.000,325.000,300.000,300.000,-1,375.000,350.000,-1,-1,725.000,-1,-1,2,0,2,0,2,0,0,0,0,2,0,0,2,2,0,2,2
114,7227.395,-9809.327,-457.924,-7.940,0.988407,0.138129,-0.063017,-0.137869,0.990414,0.008474,0.063584,0.000312,0.997976,0,0.68217,0.28640,40.930,0.573,-1,375.000,-1,400.000,-1,325.000,325.000,300.000,300.000,-1,375.000,350.000,-1,-1,725.000,-1,-1,2,0,2,0,2,0,0,0,0,2,0,0,2,2,0,2,2
115,7268.148,-9814.595,-455.355,-7.365,0.989704,0.128192,-0.063661,-0.127932,0.991749,0.008170,0.064183,0.000058,0.997938,0,0.68486,0.28721,41.092,0.574,-1,400.000,-1,400.000,-1,325.000,325.000,300.000,300.000,-1,400.000,375.000,-1,-1,750.000,-1,-1,2,0,2,0,2,0,0,0,0,2,0,0,2,2,0,2,2
116,7309.113,-9819.472,-452.616,-6.789,0.990920,0.118215,-0.064049,-0.117923,0.992988,0.008329,0.064584,-0.000701,0.997912,0,0.68757,0.28803,41.254,0.576,-1,400.000,-1,400.000,-1,325.000,325.000,300.000,300.000,-1,425.000,400.000,-1,-1,750.000,-1,-1,2,0,2,0,2,0,0,0,0,2,0,0,2,2,0,2,2
117,7350.287,-9823.953,-449.849,-6.211,0.992042,0.108197,-0.064394,-0.107879,0.994128,0.008402,0.064925,-0.001388,0.997889,0,0.69030,0.28884,41.418,0.578,-1,400.000,-1,400.000,-1,325.000,325.000,300.000,300.000,-1,475.000,450.000,-1,-1,750.000,-1,-1,2,0,2,0,2,0,0,0,0,2,0,0,2,2,0,2,2
118,7396.263,-9828.683,-446.763,-5.874,0.992638,0.102336,-0.064782,-0.102001,0.994748,0.008467,0.065308,-0.001797,0.997864,0,0.77030,0.16884,46.218,0.338,-1,400.000,-1,400.000,-1,325.000,325.000,300.000,300.000,-1,500.000,475.000,-1,-1,750.000,-1,-1,2,0,2,0,2,0,0,0,0,2,0,0,2,2,0,2,2
119,7447.021,-9833.818,-443.357,-5.776,0.992783,0.100640,-0.065213,-0.100297,0.994921,0.008529,0.065740,-0.001927,0.997835,0,0.85030,0.04884,51.018,0.098,-1,400.000,-1,400.000,-1,325.000,325.000,300.000,300.000,-1,550.000,525.000,-1,-1,750.000,-1,-1,2,0,2,0,2,0,0,0,0,2,0,0,2,2,0,2,2
120,7499.145,-9839.221,-439.859,-5.918,0.992500,0.103111,-0.065658,-0.102768,0.994668,0.008589,0.066194,-0.001777,0.997805,0,0.87337,-0.07116,52.402,-0.142,-1,400.000,-1,400.000,-1,325.000,325.000,300.000,300.000,-1,600.000,575.000,-1,-1,750.000,-1,-1,2,0,2,0,2,0,0,0,0,2,0,0,2,2,0,2,2
121,7551.416,-9844.992,-436.348,-6.301,0.991759,0.109746,-0.066106,-0.109413,0.993959,0.008651,0.066656,-0.001347,0.997775,0,0.87648,-0.19116,52.589,-0.382,-1,400.000,-1,400.000,-1,325.000,325.000,300.000,300.000,-1,625.000,600.000,-1,-1,750.000,-1,-1,2,1,2,1,2,0,0,0,0,2,0,0,2,2,0,2,2
122,7603.796,-9851.352,-432.824,-6.923,0.990475,0.120536,-0.066557,-0.120221,0.992709,0.008721,0.067123,-0.000637,0.997745,0,0.87941,-0.31116,52.765,-0.622,-1,450.000,-1,400.000,-1,325.000,325.000,300.000,300.000,-1,675.000,650.000,-1,-1,775.000,-1,-1,2,1,2,1,2,1,1,0,0,2,0,0,2,2,0,2,2
123,7656.235,-9858.522,-429.289,-7.785,0.988514,0.135462,-0.067010,-0.135176,0.990782,0.008804,0.067585,0.000355,0.997713,0,0.88212,-0.43116,52.927,-0.862,-1,500.000,-1,400.000,-1,350.000,325.000,300.000,300.000,-1,725.000,700.000,-1,-1,775.000,-1,-1,2,1,2,1,2,1,1,0,0,2,0,0,2,2,0,2,2
124,7708.669,-9866.721,-425.745,-8.888,0.985687,0.154498,-0.067464,-0.154249,0.987992,0.008906,0.068030,0.001627,0.997682,0,0.88451,-0.55116,53.071,-1.102,-1,525.000,-1,400.000,-1,350.000,325.000,300.000,300.000,-1,775.000,725.000,-1,-1,775.000,-1,-1,2,1,2,0,2,1,1,0,0,2,0,0,2,2,0,2,2
125,7761.014,-9876.168,-422.186,-10.230,0.981755,0.177599,-0.067939,-0.177395,0.984098,0.009071,0.068469,0.003147,0.997648,0,0.88651,-0.67116,53.191,-1.342,-1,550.000,-1,400.000,-1,375.000,325.000,300.000,300.000,-1,800.000,775.000,-1,-1,775.000,-1,-1,2,1,2,0,2,1,1,0,0,2,0,0,2,2,0,2,2
126,7813.166,-9887.074,-418.602,-11.812,0.976431,0.204704,-0.068400,-0.204555,0.978811,0.009246,0.068844,0.004963,0.997615,0,0.88800,-0.79116,53.280,-1.582,-1,575.000,-1,400.000,-1,375.000,325.000,300.000,300.000,-1,850.000,825.000,-1,-1,775.000,-1,-1,2,1,2,0,2,1,1,0,0,2,0,0,2,2,0,2,2
127,7864.992,-9899.647,-416.671,-13.635,0.969859,0.235730,-0.061688,-0.235273,0.971819,0.014675,0.063409,0.000281,0.997988,0,0.88884,-0.91116,53.330,-1.822,-1,525.000,-1,375.000,-1,350.000,325.000,300.000,300.000,-1,-1,-1,-1,-1,750.000,-1,-1,2,1,2,0,2,1,1,0,0,2,2,2,2,2,0,2,2
128,7916.375,-9913.929,-414.986,-15.533,0.961981,0.267797,-0.053634,-0.267073,0.963461,0.020368,0.057129,-0.005269,0.998353,0,0.88887,-0.94940,53.332,-1.899,-1,500.000,-1,375.000,-1,350.000,300.000,275.000,300.000,-1,-1,-1,-1,-1,725.000,-1,-1,2,1,2,0,2,1,1,0,0,2,2,2,2,2,0,2,2
129,7971.456,-9930.972,-412.791,-17.192,0.954230,0.295562,-0.045697,-0.294675,0.955265,0.025222,0.051107,-0.010602,0.998637,0,0.96096,-0.82940,57.658,-1.659,-1,450.000,-1,350.000,-1,325.000,300.000,250.000,325.000,-1,-1,-1,-1,-1,700.000,-1,-1,2,1,2,0,2,1,0,0,0,2,2,2,2,2,0,2,2
130,8026.016,-9949.345,-410.378,-18.611,0.946924,0.319108,-0.038802,-0.318168,0.947605,0.028541,0.045877,-0.014681,0.998839,0,0.95953,-0.70940,57.572,-1.419,-1,425.000,-1,350.000,-1,300.000,275.000,250.000,325.000,-1,-1,-1,-1,-1,675.000,-1,-1,2,1,2,0,2,1,0,1,0,2,2,2,2,2,0,2,2
131,8080.066,-9968.793,-407.705,-19.790,0.940378,0.338517,-0.033106,-0.337579,0.940791,0.030870,0.041596,-0.017854,0.998975,0,0.95737,-0.58940,57.442,-1.179,-1,400.000,-1,350.000,-1,300.000,275.000,300.000,325.000,-1,-1,-1,-1,-1,650.000,-1,-1,2,1,2,0,2,1,0,1,0,2,2,2,2,2,0,2,2
132,8133.628,-9989.062,-404.798,-20.729,0.934858,0.353870,-0.028577,-0.352961,0.935076,0.032425,0.038196,-0.020227,0.999066,0,0.95449,-0.46940,57.269,-0.939,-1,375.000,-1,350.000,-1,275.000,275.000,350.000,325.000,-1,-1,-1,-1,-1,650.000,-1,-1,2,1,2,0,2,1,0,1,0,2,2,2,2,2,0,2,2
133,8186.738,-10009.905,-401.687,-21.427,0.930576,0.365235,-0.025138,-0.364365,0.930657,0.033395,0.035592,-0.021917,0.999126,0,0.95090,-0.34940,57.054,-0.699,-1,350.000,-1,325.000,-1,275.000,275.000,425.000,325.000,-1,-1,-1,-1,1000.000,625.000,-1,-1,2,1,2,0,2,1,0,1,0,2,2,2,2,1,0,2,2
134,8239.442,-10031.077,-398.404,-21.886,0.927688,0.372666,-0.022676,-0.371833,0.927679,0.033943,0.033685,-0.023056,0.999166,0,0.94663,-0.22940,56.798,-0.459,-1,350.000,-1,325.000,-1,250.000,275.000,600.000,325.000,-1,-1,-1,-1,800.000,625.000,-1,-1,2,1,2,0,2,1,0,1,0,2,2,2,2,1,0,2,2
135,8291.794,-10052.340,-394.982,-22.105,0.926300,0.376199,-0.021053,-0.375395,0.926233,0.034209,0.032369,-0.023785,0.999193,0,0.94175,-0.10940,56.505,-0.219,-1,350.000,-1,325.000,-1,250.000,275.000,-1,325.000,-1,-1,-1,-1,700.000,625.000,-1,-1,2,1,2,0,2,0,0,2,0,2,2,2,2,1,0,2,2
