timestep,x_cm,y_cm,z_cm,yaw_deg,basis_xx,basis_xy,basis_xz,basis_yx,basis_yy,basis_yz,basis_zx,basis_zy,basis_zz,teleport_flag,throttle_cmd,steering_cmd,cmd_move_cm,cmd_turn_deg,lidar_cm_0,lidar_cm_1,lidar_cm_2,lidar_cm_3,lidar_cm_4,lidar_cm_5,lidar_cm_6,lidar_cm_7,lidar_cm_8,lidar_cm_9,lidar_cm_10,lidar_cm_11,lidar_cm_12,lidar_cm_13,lidar_cm_14,lidar_cm_15,lidar_cm_16,lidar_class_0,lidar_class_1,lidar_class_2,lidar_class_3,lidar_class_4,lidar_class_5,lidar_class_6,lidar_class_7,lidar_class_8,lidar_class_9,lidar_class_10,lidar_class_11,lidar_class_12,lidar_class_13,lidar_class_14,lidar_class_15,lidar_class_16
0,-1635.054,6886.806,-51.233,-6.079,0.993915,0.105705,-0.030974,-0.107342,0.992582,-0.057089,0.024710,0.060067,0.997888,1,0.08000,-0.12000,4.800,-0.240,300.000,375.000,-1,425.000,1000.000,400.000,375.000,300.000,300.000,-1,350.000,250.000,850.000,675.000,800.000,375.000,-1,1,1,2,0,1,1,0,1,0,2,0,0,0,1,0,1,2
1,-1625.516,6885.710,-51.151,-6.559,0.992960,0.114013,-0.032109,-0.115710,0.991635,-0.057188,0.025321,0.060501,0.997847,0,0.16000,-0.24000,9.600,-0.480,300.000,400.000,-1,425.000,1000.000,400.000,375.000,300.000,300.000,-1,350.000,250.000,850.000,700.000,800.000,-1,-1,1,1,2,0,1,0,0,1,0,2,0,0,0,1,0,2,2
2,-1611.229,6883.910,-51.043,-7.184,0.991607,0.124814,-0.033722,-0.126598,0.990297,-0.057312,0.026241,0.061100,0.997787,0,0.24000,-0.31237,14.400,-0.625,300.000,400.000,-1,425.000,975.000,400.000,375.000,300.000,300.000,-1,325.000,250.000,850.000,725.000,825.000,-1,-1,1,1,2,0,1,0,0,1,0,2,0,0,0,1,0,2,2
3,-1592.206,6881.304,-50.905,-7.803,0.990132,0.135502,-0.035747,-0.137403,0.988843,-0.057539,0.027552,0.061883,0.997703,0,0.32000,-0.30959,19.200,-0.619,300.000,400.000,-1,450.000,975.000,400.000,375.000,275.000,275.000,-1,325.000,225.000,825.000,750.000,825.000,-1,-1,1,1,2,0,1,0,0,1,0,2,0,0,0,1,0,2,2
4,-1568.464,6877.793,-50.759,-8.415,0.988542,0.146054,-0.038116,-0.148096,0.987284,-0.057780,0.029192,0.062763,0.997601,0,0.40000,-0.30617,24.000,-0.612,300.000,425.000,-1,450.000,950.000,400.000,375.000,275.000,275.000,-1,325.000,225.000,825.000,775.000,825.000,-1,-1,1,1,2,0,1,0,0,1,0,2,0,0,0,1,0,2,2
5,-1540.020,6873.279,-50.630,-9.019,0.986846,0.156447,-0.040741,-0.158647,0.985634,-0.057936,0.031092,0.063637,0.997489,0,0.48000,-0.30207,28.800,-0.604,300.000,450.000,-1,450.000,925.000,400.000,375.000,250.000,275.000,-1,300.000,225.000,800.000,825.000,825.000,-1,-1,1,1,2,0,1,0,0,1,0,2,0,0,0,1,0,2,2
6,-1506.891,6867.668,-50.546,-9.614,0.985054,0.166658,-0.043522,-0.169022,0.983910,-0.057896,0.033173,0.064387,0.997373,0,0.56000,-0.29726,33.600,-0.595,400.000,450.000,-1,450.000,925.000,400.000,375.000,250.000,275.000,-1,300.000,200.000,800.000,875.000,850.000,-1,-1,1,1,2,0,1,0,0,1,0,2,0,0,0,1,0,2,2
7,-1469.097,6860.871,-50.540,-10.197,0.983180,0.176661,-0.046338,-0.179185,0.982131,-0.057544,0.035344,0.064879,0.997267,0,0.64000,-0.29168,38.400,-0.583,575.000,475.000,-1,450.000,900.000,400.000,375.000,225.000,275.000,-1,275.000,200.000,800.000,1000.000,850.000,-1,-1,1,1,2,0,1,0,0,1,0,2,0,0,0,1,0,2,2
8,-1426.657,6852.800,-50.647,-10.768,0.981243,0.186432,-0.049050,-0.189093,0.980318,-0.056749,0.037505,0.064960,0.997183,0,0.72000,-0.28530,43.200,-0.571,-1,500.000,-1,450.000,875.000,400.000,375.000,200.000,275.000,-1,275.000,200.000,775.000,-1,850.000,-1,-1,2,1,2,0,1,0,0,1,0,2,0,0,0,2,0,2,2
9,-1379.591,6843.375,-50.910,-11.324,0.979262,0.195945,-0.051499,-0.198704,0.978494,-0.055372,0.039541,0.064457,0.997137,0,0.80000,-0.27808,48.000,-0.556,-1,500.000,-1,450.000,850.000,400.000,375.000,200.000,275.000,-1,250.000,200.000,775.000,-1,850.000,-1,-1,2,1,2,0,1,0,0,1,0,2,0,0,0,2,0,2,2
10,-1330.458,6833.050,-50.018,-11.870,0.977569,0.205215,-0.047380,-0.207861,0.976315,-0.060028,0.033939,0.068530,0.997072,0,0.83677,-0.27331,50.206,-0.547,-1,500.000,-1,425.000,775.000,400.000,375.000,200.000,275.000,-1,350.000,275.000,825.000,-1,825.000,-1,975.000,2,1,2,0,1,0,0,1,0,2,0,0,0,2,0,2,1
11,-1281.810,6822.342,-49.661,-12.415,0.975842,0.214450,-0.041762,-0.216779,0.974194,-0.062879,0.027200,0.070413,0.997147,0,0.83022,-0.27208,49.813,-0.544,-1,525.000,-1,425.000,700.000,400.000,375.000,175.000,275.000,-1,475.000,375.000,900.000,-1,775.000,-1,900.000,2,1,2,0,1,0,0,1,0,2,0,0,0,2,0,2,1
12,-1233.675,6811.266,-49.038,-12.957,0.974035,0.223662,-0.035074,-0.225533,0.972120,-0.064166,0.019744,0.070410,0.997323,0,0.82322,-0.27118,49.393,-0.542,-1,500.000,-1,400.000,650.000,375.000,350.000,175.000,275.000,-1,650.000,525.000,975.000,-1,725.000,-1,825.000,2,0,2,0,1,0,0,1,0,2,0,0,0,2,0,2,1
13,-1186.073,6799.837,-48.453,-13.498,0.972097,0.232848,-0.028449,-0.234245,0.970021,-0.064728,0.012524,0.069586,0.997497,0,0.81591,-0.27059,48.954,-0.541,-1,475.000,-1,400.000,600.000,375.000,350.000,175.000,275.000,-1,900.000,725.000,-1,-1,700.000,-1,775.000,2,0,2,0,1,0,0,1,0,2,0,0,2,2,1,2,1
14,-1139.016,6788.068,-47.995,-14.039,0.970022,0.242013,-0.022094,-0.242952,0.967870,-0.064822,0.005696,0.068246,0.997652,0,0.80844,-0.27032,48.506,-0.541,-1,450.000,-1,375.000,550.000,350.000,325.000,150.000,275.000,-1,-1,1000.000,-1,-1,650.000,-1,700.000,2,0,2,0,1,0,0,1,0,2,2,0,2,2,1,2,1
15,-1092.506,6775.969,-47.668,-14.579,0.967811,0.251168,-0.016003,-0.251676,0.965665,-0.064421,-0.000727,0.066375,0.997794,0,0.80097,-0.27037,48.058,-0.541,-1,450.000,-1,375.000,500.000,350.000,325.000,150.000,275.000,-1,-1,-1,-1,925.000,600.000,-1,650.000,2,0,2,0,1,0,0,1,0,2,2,2,2,1,1,2,1
16,-1046.536,6763.544,-47.473,-15.121,0.965468,0.260323,-0.010168,-0.260435,0.963401,-0.063502,-0.006735,0.063957,0.997930,0,0.79365,-0.27072,47.619,-0.541,-1,425.000,950.000,350.000,475.000,325.000,300.000,175.000,275.000,-1,-1,-1,-1,825.000,575.000,-1,600.000,2,1,1,0,1,0,0,1,0,2,2,2,2,1,1,2,1
17,-1001.091,6750.798,-47.414,-15.664,0.962993,0.269488,-0.004579,-0.269245,0.961071,-0.062039,-0.012318,0.060976,0.998063,0,0.78663,-0.27137,47.198,-0.543,-1,400.000,875.000,350.000,425.000,325.000,300.000,175.000,275.000,-1,-1,-1,-1,750.000,525.000,-1,550.000,2,1,1,0,1,0,0,1,0,2,2,2,2,1,1,2,1
18,-956.150,6737.731,-47.493,-16.208,0.960387,0.278669,0.000775,-0.278123,0.958669,-0.060009,-0.017465,0.057416,0.998198,0,0.78003,-0.27230,46.802,-0.545,-1,400.000,800.000,325.000,400.000,300.000,300.000,175.000,275.000,-1,-1,-1,-1,675.000,500.000,-1,500.000,2,1,1,0,1,0,0,1,0,2,2,2,2,1,1,2,1
19,-911.686,6724.341,-47.712,-16.755,0.957650,0.287875,0.005907,-0.287081,0.956186,-0.057386,-0.022168,0.053260,0.998335,0,0.77393,-0.27348,46.436,-0.547,-1,375.000,725.000,325.000,375.000,300.000,275.000,175.000,275.000,-1,-1,-1,-1,625.000,475.000,-1,450.000,2,1,1,0,1,1,0,1,0,2,2,2,2,1,1,2,1
20,-867.670,6710.626,-46.961,-17.305,0.954846,0.297041,0.005977,-0.296229,0.953391,-0.057398,-0.022748,0.053036,0.998333,0,0.76839,-0.27491,46.104,-0.550,-1,350.000,700.000,325.000,350.000,300.000,275.000,200.000,275.000,-1,-1,-1,-1,575.000,450.000,-1,425.000,2,1,1,0,1,1,0,1,1,2,2,2,2,1,1,2,1
21,-824.069,6696.579,-46.213,-17.858,0.951942,0.306235,0.005156,-0.305460,0.950492,-0.057089,-0.022383,0.052770,0.998356,0,0.76346,-0.27657,45.808,-0.553,-1,350.000,650.000,325.000,325.000,275.000,275.000,200.000,275.000,-1,-1,-1,-1,550.000,425.000,-1,400.000,2,1,1,1,1,1,1,1,1,2,2,2,2,1,1,2,1
22,-780.852,6682.190,-45.606,-18.415,0.948926,0.315473,0.004044,-0.314765,0.947515,-0.056029,-0.021507,0.051894,0.998421,0,0.75915,-0.27843,45.549,-0.557,-1,325.000,600.000,300.000,300.000,275.000,250.000,200.000,275.000,400.000,-1,-1,-1,525.000,400.000,-1,375.000,2,1,1,1,1,1,1,1,1,1,2,2,2,1,1,2,1
23,-737.989,6667.449,-45.654,-18.976,0.945784,0.324792,0.001769,-0.324272,0.944550,-0.051695,-0.018461,0.048319,0.998661,0,0.75545,-0.28048,45.327,-0.561,-1,325.000,550.000,275.000,300.000,250.000,250.000,225.000,275.000,325.000,-1,-1,-1,500.000,375.000,-1,325.000,2,1,1,1,1,1,1,1,1,1,2,2,2,1,1,2,1
24,-695.449,6652.348,-45.871,-19.541,0.942514,0.334164,-0.001397,-0.333868,0.941487,-0.046206,-0.014125,0.044016,0.998931,0,0.75234,-0.28270,45.141,-0.565,-1,300.000,525.000,275.000,275.000,250.000,225.000,225.000,275.000,300.000,-1,-1,-1,450.000,350.000,-1,300.000,2,1,1,1,1,1,1,1,1,1,2,2,2,1,1,2,1
25,-653.204,6636.878,-45.846,-20.112,0.939112,0.343565,-0.005586,-0.343494,0.938248,-0.041253,-0.008932,0.040660,0.999133,0,0.74981,-0.28508,44.989,-0.570,-1,300.000,500.000,250.000,250.000,225.000,225.000,225.000,250.000,300.000,-1,-1,-1,425.000,325.000,-1,275.000,2,1,1,1,1,1,1,1,1,1,2,2,2,1,1,2,1
26,-608.032,6619.820,-45.577,-20.686,0.935557,0.352998,-0.011161,-0.353167,0.934853,-0.036380,-0.002408,0.037978,0.999276,0,0.80476,-0.28743,48.286,-0.575,-1,275.000,450.000,225.000,250.000,225.000,200.000,225.000,250.000,300.000,-1,-1,-1,400.000,300.000,-1,250.000,2,1,1,1,1,1,1,1,1,1,2,2,2,1,1,2,1
27,-567.529,6603.992,-45.025,-21.345,0.931343,0.363732,-0.017286,-0.364118,0.930781,-0.032620,0.004224,0.036674,0.999318,0,0.72476,-0.32910,43.486,-0.658,-1,250.000,425.000,225.000,200.000,200.000,200.000,250.000,250.000,325.000,-1,-1,-1,375.000,275.000,-1,225.000,2,1,1,1,1,1,1,1,1,1,2,2,2,1,1,2,1
28,-531.661,6589.498,-43.796,-22.004,0.926930,0.374441,-0.024389,-0.375032,0.926607,-0.027402,0.012338,0.034546,0.999327,0,0.64476,-0.32949,38.686,-0.659,-1,250.000,400.000,200.000,200.000,200.000,175.000,250.000,250.000,325.000,-1,-1,-1,350.000,250.000,-1,200.000,2,1,1,1,1,1,1,1,1,1,2,2,2,1,1,2,1
29,-491.598,6572.584,-38.845,-22.883,0.920557,0.388769,-0.037856,-0.389282,0.921092,-0.006984,0.032154,0.021166,0.999259,0,0.72476,-0.43987,43.486,-0.880,-1,250.000,400.000,200.000,200.000,200.000,175.000,275.000,275.000,300.000,425.000,700.000,-1,350.000,275.000,-1,200.000,2,1,1,1,1,1,1,1,1,1,1,1,2,1,1,2,1
30,-450.494,6554.485,-32.906,-23.760,0.913698,0.402901,-0.053162,-0.402605,0.915222,0.016652,0.055365,0.006188,0.998447,0,0.74848,-0.43842,44.909,-0.877,-1,250.000,425.000,225.000,200.000,200.000,200.000,300.000,275.000,275.000,350.000,400.000,-1,375.000,275.000,-1,200.000,2,1,1,1,1,1,1,1,1,1,1,0,2,1,1,2,1
31,-327.869,3607.289,-37.811,-159.277,-0.935657,0.346148,0.068764,-0.320446,-0.914931,0.245389,0.147855,0.207564,0.966983,1,0.00000,0.00000,45.102,-0.874,175.000,400.000,-1,675.000,-1,375.000,475.000,175.000,200.000,-1,425.000,150.000,200.000,-1,-1,-1,-1,1,1,2,1,2,1,1,1,0,2,0,0,0,2,2,2,2
32,4266.932,2292.331,-275.321,-45.614,0.700607,0.713223,-0.021517,-0.707232,0.698093,0.111753,0.094726,-0.063078,0.993503,1,0.08000,0.12000,4.800,0.240,550.000,375.000,-1,375.000,-1,325.000,325.000,300.000,325.000,500.000,425.000,450.000,-1,675.000,775.000,-1,-1,1,0,2,0,2,0,0,0,0,1,0,0,2,1,0,2,2
33,4273.704,2285.528,-274.460,-45.134,0.706560,0.707317,-0.021797,-0.701312,0.704011,0.111936,0.094520,-0.063803,0.993476,0,0.16000,0.24000,9.600,0.480,525.000,400.000,-1,375.000,-1,325.000,325.000,300.000,325.000,500.000,425.000,450.000,-1,675.000,775.000,-1,-1,1,0,2,0,2,0,0,0,0,1,0,0,2,1,0,2,2
34,4283.991,2275.451,-273.178,-44.414,0.715397,0.698365,-0.022209,-0.692341,0.712794,0.112200,0.094187,-0.064891,0.993437,0,0.24000,0.36000,14.400,0.720,525.000,400.000,-1,375.000,-1,325.000,325.000,300.000,300.000,500.000,425.000,450.000,-1,675.000,775.000,-1,-1,1,0,2,0,2,0,0,0,0,1,0,0,2,1,0,2,2
35,4297.876,2262.190,-271.469,-43.685,0.724232,0.689182,-0.022723,-0.683123,0.721576,0.112562,0.093972,-0.065998,0.993385,0,0.32000,0.36481,19.200,0.730,500.000,400.000,-1,375.000,-1,325.000,325.000,300.000,300.000,525.000,425.000,450.000,-1,675.000,775.000,-1,-1,1,1,2,0,2,0,0,0,0,1,0,0,2,1,0,2,2
36,4315.442,2245.837,-269.282,-42.954,0.732977,0.679862,-0.023082,-0.673769,0.730245,0.113033,0.093702,-0.067299,0.993323,0,0.40000,0.36545,24.000,0.731,500.000,375.000,-1,375.000,-1,325.000,325.000,300.000,300.000,525.000,425.000,450.000,-1,675.000,775.000,-1,-1,1,1,2,0,2,0,0,0,0,1,0,0,2,1,0,2,2
37,4336.771,2226.485,-266.585,-42.221,0.741636,0.670399,-0.023239,-0.664287,0.738809,0.113504,0.093262,-0.068741,0.993266,0,0.48000,0.36646,28.800,0.733,475.000,375.000,-1,375.000,-1,325.000,325.000,300.000,300.000,550.000,450.000,475.000,-1,675.000,775.000,-1,-1,1,1,2,0,2,0,0,0,0,1,0,0,2,1,0,2,2
38,4361.942,2204.229,-263.455,-41.485,0.750208,0.660788,-0.023401,-0.654650,0.747279,0.114053,0.092852,-0.070245,0.993199,0,0.56000,0.36788,33.600,0.736,450.000,375.000,-1,375.000,-1,325.000,325.000,300.000,300.000,575.000,450.000,500.000,-1,700.000,800.000,-1,-1,1,1,2,0,2,0,0,0,0,1,0,0,2,1,0,2,2
39,4391.035,2179.166,-259.894,-40.746,0.758699,0.651016,-0.023553,-0.644847,0.755659,0.114683,0.092459,-0.071822,0.993123,0,0.64000,0.36971,38.400,0.739,425.000,375.000,-1,375.000,-1,325.000,325.000,300.000,300.000,600.000,475.000,525.000,-1,700.000,825.000,-1,-1,1,1,2,0,2,0,0,0,0,1,0,0,2,1,0,2,2
40,4424.128,2151.398,-255.906,-40.002,0.767116,0.641071,-0.023680,-0.634867,0.763955,0.115394,0.092067,-0.073487,0.993037,0,0.72000,0.37200,43.200,0.744,400.000,375.000,-1,400.000,-1,325.000,325.000,300.000,300.000,625.000,500.000,575.000,-1,750.000,850.000,1000.000,-1,1,1,2,0,2,1,0,0,0,1,0,0,2,1,0,1,2
41,4461.298,2121.028,-251.494,-39.252,0.775469,0.630938,-0.023766,-0.624697,0.772175,0.116190,0.091660,-0.075255,0.992943,0,0.80000,0.37479,48.000,0.750,375.000,375.000,-1,400.000,-1,325.000,325.000,300.000,300.000,650.000,550.000,600.000,-1,825.000,875.000,950.000,-1,1,1,2,0,2,1,0,0,0,1,0,0,2,1,0,1,2
42,4501.007,2089.448,-246.676,-38.496,0.783709,0.620637,-0.024676,-0.614311,0.780366,0.116835,0.091768,-0.076406,0.992845,0,0.84559,0.37812,50.735,0.756,350.000,375.000,-1,400.000,-1,325.000,325.000,300.000,300.000,700.000,575.000,625.000,-1,850.000,925.000,900.000,-1,1,1,2,0,2,1,1,0,0,1,0,0,2,1,0,1,2
43,4541.148,2058.383,-240.422,-37.732,0.791413,0.610395,-0.032901,-0.603607,0.788847,0.115670,0.096558,-0.071684,0.992743,0,0.84596,0.38187,50.757,0.764,375.000,375.000,-1,425.000,-1,325.000,350.000,325.000,300.000,725.000,525.000,550.000,-1,875.000,1000.000,925.000,-1,1,1,2,0,2,1,0,1,0,1,0,0,2,1,0,1,2
44,4581.711,2027.857,-234.458,-36.960,0.799105,0.599875,-0.039764,-0.592751,0.797205,0.114502,0.100386,-0.067929,0.992627,0,0.84608,0.38580,50.765,0.772,400.000,400.000,-1,450.000,-1,350.000,350.000,325.000,300.000,775.000,475.000,500.000,-1,875.000,-1,925.000,-1,1,1,2,0,2,1,0,1,0,1,0,0,2,1,2,1,2
45,4622.679,1997.892,-228.960,-36.181,0.806788,0.589105,-0.045267,-0.581837,0.805482,0.112539,0.102759,-0.064457,0.992616,0,0.84594,0.38992,50.757,0.780,425.000,450.000,-1,475.000,-1,375.000,375.000,300.000,300.000,800.000,475.000,475.000,-1,875.000,-1,925.000,-1,1,1,2,0,2,1,0,1,0,1,0,0,2,1,2,1,2
46,4664.034,1968.508,-223.722,-35.392,0.814497,0.578055,-0.049465,-0.570719,0.813639,0.110772,0.104279,-0.061993,0.992614,0,0.84552,0.39425,50.731,0.788,475.000,475.000,-1,475.000,-1,400.000,400.000,275.000,300.000,850.000,475.000,450.000,-1,875.000,-1,925.000,-1,1,1,2,0,2,0,0,1,0,1,0,0,2,1,2,1,2
47,4705.759,1939.730,-218.842,-34.595,0.822200,0.566738,-0.052865,-0.559379,0.821701,0.109099,0.105270,-0.060130,0.992624,0,0.84478,0.39878,50.687,0.798,500.000,500.000,-1,500.000,-1,425.000,400.000,275.000,300.000,875.000,475.000,450.000,-1,850.000,-1,875.000,-1,1,1,2,0,2,0,0,1,0,1,0,0,2,1,2,1,2
48,4747.831,1911.578,-214.237,-33.787,0.829925,0.555141,-0.055162,-0.547804,0.829652,0.107651,0.105527,-0.059124,0.992657,0,0.84370,0.40353,50.622,0.807,500.000,550.000,-1,525.000,-1,450.000,425.000,250.000,300.000,900.000,475.000,425.000,-1,825.000,-1,825.000,-1,1,1,2,0,2,0,0,1,0,1,0,0,2,1,2,1,2
49,4790.228,1884.076,-210.015,-32.971,0.837659,0.543285,-0.056298,-0.536109,0.837529,0.105508,0.104472,-0.058198,0.992824,0,0.84227,0.40850,50.536,0.817,475.000,550.000,-1,525.000,-1,450.000,425.000,225.000,300.000,950.000,500.000,400.000,-1,800.000,-1,775.000,-1,1,1,2,0,2,0,0,1,0,1,0,0,2,1,2,1,2
50,4832.924,1857.247,-206.599,-32.143,0.845381,0.531215,-0.056055,-0.524572,0.845414,0.100496,0.100774,-0.055552,0.993357,0,0.84045,0.41367,50.427,0.827,450.000,525.000,-1,525.000,-1,450.000,425.000,225.000,300.000,1000.000,575.000,450.000,-1,775.000,-1,700.000,-1,1,1,2,0,2,0,0,1,0,1,0,0,2,1,2,1,2
51,4875.895,1831.115,-203.433,-31.305,0.853113,0.518845,-0.054746,-0.512737,0.853181,0.095824,0.096426,-0.053678,0.993892,0,0.83824,0.41906,50.294,0.838,400.000,525.000,-1,525.000,-1,450.000,425.000,200.000,275.000,-1,675.000,550.000,-1,725.000,-1,625.000,-1,1,1,2,0,2,0,0,1,0,2,0,0,2,1,2,1,2
52,4919.113,1805.703,-200.509,-30.456,0.860836,0.506173,-0.052439,-0.500595,0.860830,0.091516,0.091464,-0.052530,0.994422,0,0.83562,0.42463,50.137,0.849,375.000,500.000,-1,525.000,-1,450.000,425.000,200.000,275.000,-1,825.000,700.000,-1,700.000,-1,550.000,-1,1,1,2,0,2,1,0,1,0,2,0,0,2,1,2,1,2
53,4962.550,1781.033,-197.817,-29.595,0.868525,0.493197,-0.049208,-0.488139,0.868359,0.087594,0.085931,-0.052057,0.994940,0,0.83258,0.43038,49.955,0.861,325.000,450.000,-1,525.000,-1,425.000,425.000,175.000,275.000,-1,-1,925.000,-1,650.000,-1,500.000,-1,1,1,2,0,2,1,0,1,0,2,2,0,2,1,2,1,2
54,5006.177,1757.127,-195.348,-28.722,0.876155,0.479912,-0.045132,-0.475366,0.875762,0.084071,0.079872,-0.052205,0.995437,0,0.82914,0.43628,49.749,0.873,300.000,425.000,-1,525.000,-1,400.000,425.000,175.000,275.000,-1,-1,-1,-1,625.000,-1,425.000,-1,1,1,2,1,2,1,1,1,0,2,2,2,2,1,2,1,2
55,5049.961,1733.999,-193.092,-27.846,0.883638,0.466436,-0.040278,-0.462393,0.882970,0.080974,0.073333,-0.052927,0.995902,0,0.82531,0.43843,49.519,0.877,250.000,400.000,-1,500.000,-1,375.000,400.000,175.000,275.000,-1,-1,-1,-1,575.000,-1,350.000,-1,1,1,2,1,2,1,1,1,0,2,2,2,2,1,2,1,2
56,5093.870,1711.660,-190.530,-26.966,0.890929,0.452850,-0.034235,-0.449506,0.890068,0.075655,0.064732,-0.052014,0.996546,0,0.82111,0.43972,49.266,0.879,225.000,375.000,-1,475.000,-1,350.000,375.000,150.000,250.000,-1,-1,-1,-1,525.000,-1,300.000,-1,1,1,2,1,2,1,1,1,0,2,2,2,2,1,2,1,2
57,5137.872,1690.117,-187.342,-26.085,0.897967,0.439219,-0.027246,-0.436854,0.897171,0.065144,0.053056,-0.046594,0.997504,0,0.81656,0.44080,48.994,0.882,175.000,350.000,-1,450.000,-1,325.000,350.000,150.000,250.000,-1,-1,-1,-1,500.000,1000.000,250.000,-1,1,1,2,1,2,1,1,1,0,2,2,2,2,1,0,1,2
58,5177.777,1671.130,-183.991,-25.443,0.902854,0.429276,-0.024031,-0.427548,0.902307,0.055173,0.045367,-0.039539,0.998188,0,0.73656,0.32080,44.194,0.642,175.000,325.000,-1,425.000,-1,300.000,325.000,150.000,250.000,-1,-1,-1,-1,475.000,950.000,225.000,-1,1,1,2,1,2,1,1,1,0,2,2,2,2,1,0,1,2
59,5575.448,6887.294,-389.230,-75.767,0.245632,0.967417,0.061390,-0.969356,0.245386,0.011634,-0.003809,-0.062367,0.998046,1,0.00000,0.00000,39.394,0.402,550.000,325.000,-1,375.000,-1,275.000,300.000,275.000,400.000,-1,425.000,150.000,350.000,550.000,700.000,600.000,-1,0,0,2,0,2,0,0,0,0,2,1,1,1,0,0,0,2
60,5576.608,6882.636,-389.319,-76.007,0.241629,0.968503,0.060142,-0.970364,0.241348,0.011996,-0.002897,-0.061258,0.998118,0,0.08000,-0.12000,4.800,-0.240,550.000,325.000,-1,375.000,-1,275.000,300.000,275.000,400.000,-1,425.000,150.000,350.000,550.000,700.000,625.000,-1,0,0,2,0,2,0,0,0,0,2,1,1,1,0,0,0,2
61,5578.849,6873.301,-389.488,-76.487,0.233601,0.970620,0.057687,-0.972332,0.233257,0.012732,-0.001098,-0.059065,0.998254,0,0.16000,-0.24000,9.600,-0.480,575.000,325.000,-1,375.000,-1,300.000,300.000,275.000,400.000,-1,450.000,150.000,350.000,550.000,700.000,650.000,-1,0,0,2,0,2,0,0,0,0,2,1,1,1,0,0,0,2
62,5582.035,6859.258,-389.720,-77.207,0.221512,0.973655,0.054108,-0.975157,0.221083,0.013864,0.001537,-0.055835,0.998439,0,0.24000,-0.36000,14.400,-0.720,600.000,325.000,-1,400.000,-1,300.000,300.000,275.000,400.000,-1,475.000,175.000,375.000,550.000,700.000,675.000,-1,0,0,2,0,2,0,0,0,0,2,1,1,1,0,0,0,2
63,5585.969,6840.465,-389.989,-78.167,0.205306,0.977444,0.049524,-0.978685,0.204785,0.015422,0.004932,-0.051635,0.998654,0,0.32000,-0.48000,19.200,-0.960,650.000,350.000,-1,400.000,-1,300.000,300.000,275.000,375.000,-1,525.000,175.000,375.000,575.000,700.000,725.000,-1,0,0,2,0,2,0,0,0,0,2,1,1,1,0,0,0,2
64,5590.394,6816.876,-390.264,-79.367,0.184921,0.981764,0.044091,-0.982712,0.184316,0.017437,0.008993,-0.046553,0.998875,0,0.40000,-0.60000,24.000,-1.200,725.000,350.000,-1,400.000,-1,300.000,300.000,275.000,375.000,-1,575.000,200.000,375.000,575.000,700.000,800.000,-1,0,0,2,0,2,0,0,0,0,2,1,1,1,0,0,0,2
65,5594.992,6788.445,-390.509,-80.807,0.160291,0.986338,0.037996,-0.986976,0.159627,0.019937,0.013599,-0.040697,0.999079,0,0.48000,-0.72000,28.800,-1.440,825.000,350.000,-1,400.000,-1,300.000,325.000,275.000,350.000,-1,675.000,225.000,375.000,600.000,700.000,900.000,-1,0,0,2,0,2,0,0,0,0,2,1,1,1,0,0,0,2
66,5599.382,6755.133,-390.684,-82.487,0.131358,0.990836,0.031451,-0.991160,0.130673,0.022937,0.018617,-0.034186,0.999242,0,0.56000,-0.84000,33.600,-1.680,950.000,350.000,-1,400.000,-1,300.000,325.000,275.000,350.000,-1,775.000,275.000,375.000,600.000,725.000,-1,-1,0,0,2,0,2,0,0,0,0,2,1,1,1,0,0,2,2
67,5602.950,6718.670,-390.743,-84.407,0.098079,0.994865,0.024997,-0.994897,0.097423,0.026233,0.023663,-0.027442,0.999343,0,0.61060,-0.96000,36.636,-1.920,-1,350.000,-1,400.000,-1,300.000,325.000,275.000,325.000,-1,950.000,325.000,400.000,625.000,725.000,-1,-1,2,0,2,0,2,0,0,0,0,2,1,1,1,0,0,2,2
68,5605.253,6681.959,-390.677,-86.407,0.063236,0.997814,0.019208,-0.997598,0.062653,0.029559,0.028291,-0.021031,0.999378,0,0.61305,-1.00000,36.783,-2.000,-1,375.000,-1,400.000,-1,300.000,325.000,300.000,325.000,-1,-1,375.000,400.000,650.000,725.000,-1,-1,2,0,2,0,2,0,0,0,0,2,2,1,1,0,0,2,2
69,5606.278,6645.041,-390.503,-88.407,0.028270,0.999502,0.014045,-0.999071,0.027795,0.032921,0.032514,-0.014963,0.999359,0,0.61552,-1.00000,36.931,-2.000,-1,375.000,-1,400.000,-1,300.000,325.000,300.000,325.000,-1,975.000,500.000,400.000,675.000,725.000,-1,-1,2,0,2,0,2,0,0,0,0,2,0,1,1,0,0,2,2
70,5606.014,6607.964,-390.232,-90.407,-0.006765,0.999932,0.009474,-0.999316,-0.007104,0.036289,0.036354,-0.009222,0.999296,0,0.61797,-1.00000,37.078,-2.000,-1,375.000,-1,400.000,-1,325.000,325.000,300.000,300.000,-1,900.000,725.000,425.000,675.000,725.000,-1,-1,2,0,2,0,2,0,0,0,0,2,0,1,1,0,0,2,2
71,5604.451,6570.774,-389.857,-92.407,-0.041819,0.999111,0.005362,-0.998334,-0.041999,0.039570,0.039760,-0.003698,0.999202,0,0.62038,-1.00000,37.223,-2.000,-1,375.000,-1,400.000,-1,325.000,325.000,300.000,300.000,-1,850.000,775.000,425.000,700.000,750.000,-1,-1,2,0,2,0,2,0,0,0,0,2,0,0,1,0,0,2,2
72,5601.580,6533.519,-388.732,-94.407,-0.076792,0.997043,0.002809,-0.996192,-0.076842,0.041184,0.041278,0.000364,0.999148,0,0.62275,-1.00000,37.365,-2.000,-1,375.000,-1,400.000,-1,325.000,325.000,300.000,300.000,-1,875.000,775.000,450.000,700.000,750.000,-1,-1,2,0,2,0,2,0,0,0,0,2,0,0,1,0,0,2,2
73,5597.395,6496.249,-387.058,-96.407,-0.111595,0.993751,0.002258,-0.992878,-0.111591,0.041711,0.041703,0.002413,0.999127,0,0.62508,-1.00000,37.505,-2.000,-1,375.000,-1,400.000,-1,325.000,325.000,300.000,300.000,-1,950.000,825.000,475.000,725.000,750.000,-1,-1,2,0,2,0,2,0,0,0,0,2,0,0,1,0,0,2,2
74,5591.753,6456.934,-385.277,-98.167,-0.142110,0.989849,0.001794,-0.988957,-0.142059,0.042233,0.042059,0.004227,0.999106,0,0.66197,-0.88000,39.718,-1.760,-1,375.000,-1,400.000,-1,325.000,325.000,300.000,300.000,-1,1000.000,875.000,500.000,725.000,750.000,-1,-1,2,0,2,0,2,0,0,0,0,2,0,0,1,0,0,2,2
75,5585.048,6417.656,-383.489,-99.687,-0.168358,0.985725,0.001423,-0.984816,-0.168264,0.042723,0.042353,0.005792,0.999086,0,0.66409,-0.76000,39.845,-1.520,-1,375.000,-1,400.000,-1,325.000,325.000,300.000,300.000,-1,-1,925.000,525.000,750.000,750.000,-1,-1,2,0,2,0,2,0,0,0,0,2,2,0,1,0,0,2,2
76,5577.446,6378.425,-381.696,-100.967,-0.190370,0.981712,0.001129,-0.980787,-0.190240,0.043188,0.042613,0.007114,0.999066,0,0.66602,-0.64000,39.961,-1.280,-1,375.000,-1,400.000,-1,325.000,325.000,300.000,300.000,-1,-1,1000.000,550.000,750.000,750.000,-1,-1,2,0,2,0,2,0,0,0,0,2,2,0,1,0,0,2,2
77,5569.003,6339.257,-379.908,-102.166,-0.210896,0.977508,0.000890,-0.976569,-0.210734,0.043633,0.042839,0.008333,0.999047,0,0.66779,-0.59935,40.067,-1.199,-1,400.000,-1,400.000,-1,325.000,325.000,300.000,300.000,-1,-1,-1,575.000,750.000,775.000,-1,-1,2,0,2,0,2,0,0,0,0,2,2,2,1,0,0,2,2
78,5559.721,6300.174,-378.127,-103.359,-0.231238,0.972897,0.000697,-0.971945,-0.231043,0.044062,0.043028,0.009512,0.999029,0,0.66950,-0.59666,40.170,-1.193,-1,400.000,-1,400.000,-1,325.000,325.000,300.000,300.000,-1,-1,-1,600.000,750.000,775.000,-1,-1,2,0,2,0,2,0,0,0,0,2,2,2,1,0,0,2,2
79,5549.606,6261.191,-376.358,-104.547,-0.251386,0.967887,0.000547,-0.966923,-0.251161,0.044475,0.043184,0.010651,0.999010,0,0.67123,-0.59398,40.274,-1.188,-1,400.000,-1,400.000,-1,325.000,325.000,300.000,300.000,-1,-1,-1,625.000,775.000,775.000,-1,-1,2,0,2,0,2,0,0,0,0,2,2,2,1,0,0,2,2
80,5538.660,6222.325,-374.602,-105.730,-0.271334,0.962485,0.000442,-0.961510,-0.271079,0.044873,0.043309,0.011751,0.998993,0,0.67296,-0.59128,40.378,-1.183,-1,400.000,-1,400.000,-1,325.000,325.000,300.000,300.000,-1,-1,-1,675.000,775.000,775.000,-1,-1,2,0,2,0,2,0,0,0,0,2,2,2,1,0,0,2,2
81,5526.887,6183.593,-372.861,-106.907,-0.291074,0.956701,0.000379,-0.955715,-0.290792,0.045257,0.043408,0.012811,0.998975,0,0.67469,-0.58859,40.482,-1.177,-1,400.000,-1,400.000,-1,325.000,325.000,300.000,300.000,-1,-1,-1,700.000,775.000,775.000,-1,-1,2,0,2,0,2,0,0,0,0,2,2,2,1,0,0,2,2
82,5514.293,6145.011,-371.138,-108.079,-0.310600,0.950541,0.000359,-0.949546,-0.310292,0.045629,0.043484,0.013831,0.998958,0,0.67643,-0.58590,40.586,-1.172,-1,400.000,-1,400.000,-1,325.000,325.000,300.000,300.000,-1,-1,-1,725.000,775.000,775.000,-1,-1,2,0,2,0,2,0,0,0,0,2,2,2,1,0,0,2,2
83,5500.881,6106.595,-369.434,-109.245,-0.329905,0.944014,0.000381,-0.943010,-0.329572,0.045989,0.043540,0.014812,0.998942,0,0.67816,-0.58320,40.690,-1.166,-1,400.000,-1,400.000,-1,325.000,325.000,300.000,300.000,-1,-1,-1,750.000,800.000,775.000,-1,-1,2,0,2,0,2,0,0,0,0,2,2,2,1,0,0,2,2
84,5486.658,6068.361,-367.752,-110.406,-0.348983,0.937129,0.000446,-0.936115,-0.348627,0.046338,0.043581,0.015754,0.998926,0,0.67990,-0.58050,40.794,-1.161,-1,400.000,-1,400.000,-1,325.000,325.000,300.000,300.000,-1,-1,-1,775.000,800.000,775.000,-1,-1,2,0,2,0,2,0,0,0,0,2,2,2,1,0,0,2,2
85,5471.628,6030.325,-366.090,-111.562,-0.367828,0.929894,0.000533,-0.928871,-0.367451,0.046672,0.043596,0.016672,0.998910,0,0.68163,-0.57781,40.898,-1.156,-1,400.000,-1,400.000,-1,325.000,325.000,300.000,300.000,-1,-1,-1,800.000,800.000,775.000,-1,-1,2,0,2,0,2,0,0,0,0,2,2,2,1,0,0,2,2
86,5455.798,5992.503,-364.385,-112.712,-0.386447,0.922312,0.000318,-0.921291,-0.386035,0.046900,0.043379,0.017831,0.998900,0,0.68336,-0.57511,41.001,-1.150,-1,400.000,-1,400.000,-1,325.000,325.000,300.000,300.000,-1,-1,-1,825.000,825.000,775.000,-1,-1,2,0,2,0,2,0,0,0,0,2,2,2,1,0,0,2,2
87,5437.445,5950.539,-362.544,-113.622,-0.401066,0.916049,0.000211,-0.915034,-0.400632,0.046983,0.043123,0.018651,0.998896,0,0.76336,-0.45511,45.801,-0.910,-1,400.000,-1,400.000,-1,325.000,325.000,300.000,300.000,-1,-1,-1,875.000,850.000,775.000,-1,-1,2,0,2,0,2,0,0,0,0,2,2,2,1,0,0,2,2
88,5417.484,5906.313,-360.660,-114.292,-0.411761,0.911292,0.000195,-0.910285,-0.411316,0.046906,0.042825,0.019137,0.998899,0,0.80869,-0.33511,48.522,-0.670,-1,400.000,-1,400.000,-1,325.000,325.000,300.000,300.000,-1,-1,-1,900.000,875.000,775.000,-1,-1,2,0,2,0,2,0,0,0,0,2,2,2,1,0,0,2,2
89,5397.146,5862.142,-358.803,-114.722,-0.418596,0.908172,0.000173,-0.907172,-0.418144,0.046833,0.042605,0.019447,0.998903,0,0.81047,-0.21511,48.628,-0.430,-1,400.000,-1,400.000,-1,325.000,325.000,300.000,300.000,-1,-1,-1,925.000,900.000,775.000,-1,-1,2,0,2,0,2,0,0,0,0,2,2,2,1,0,0,2,2
90,5376.618,5817.943,-356.885,-114.913,-0.421600,0.906782,0.000312,-0.905798,-0.421159,0.046423,0.042227,0.019289,0.998922,0,0.81223,-0.09511,48.734,-0.190,-1,400.000,-1,400.000,-1,325.000,325.000,300.000,300.000,-1,-1,-1,975.000,925.000,775.000,-1,-1,2,0,2,0,2,0,0,0,0,2,2,2,1,0,0,2,2
91,5356.083,5773.630,-354.881,-114.863,-0.420786,0.907160,0.000653,-0.906204,-0.420376,0.045587,0.041629,0.018591,0.998960,0,0.81399,0.02489,48.839,0.050,-1,400.000,-1,400.000,-1,325.000,325.000,300.000,300.000,-1,-1,-1,1000.000,925.000,775.000,-1,-1,2,0,2,0,2,0,0,0,0,2,2,2,1,0,0,2,2
92,5335.728,5729.117,-353.027,-114.573,-0.416186,0.909280,0.000330,-0.908369,-0.415785,0.044588,0.040681,0.018257,0.999005,0,0.81578,0.14489,48.947,0.290,-1,400.000,-1,400.000,-1,325.000,325.000,300.000,300.000,-1,-1,-1,-1,950.000,775.000,-1,-1,2,0,2,0,2,0,0,0,0,2,2,2,2,0,0,2,2
93,5314.602,5681.763,-351.102,-114.043,-0.407754,0.913092,-0.000148,-0.912230,-0.407363,0.043498,0.039658,0.017872,0.999053,0,0.86422,0.26489,51.853,0.530,-1,400.000,-1,400.000,-1,325.000,325.000,300.000,300.000,-1,-1,-1,-1,950.000,775.000,-1,-1,2,0,2,0,2,0,0,0,0,2,2,2,2,0,1,2,2
94,5294.031,5633.937,-349.179,-113.274,-0.395443,0.918490,-0.000648,-0.917675,-0.395062,0.042401,0.038688,0.017362,0.999100,0,0.86770,0.38489,52.062,0.770,-1,400.000,-1,400.000,-1,325.000,325.000,300.000,275.000,-1,-1,-1,-1,975.000,750.000,-1,-1,2,0,2,0,2,0,0,0,0,2,2,2,2,0,1,2,2
95,5274.229,5585.567,-347.255,-112.264,-0.379186,0.925320,-0.001164,-0.924549,-0.378818,0.041296,0.037771,0.016734,0.999146,0,0.87111,0.50489,52.266,1.010,-1,400.000,-1,400.000,-1,325.000,325.000,300.000,275.000,-1,-1,-1,-1,975.000,725.000,-1,-1,2,0,2,0,2,0,0,0,0,2,2,2,2,0,1,2,2
96,5255.415,5536.592,-345.247,-111.014,-0.358893,0.933378,-0.001332,-0.932640,-0.358552,0.040297,0.037135,0.015705,0.999187,0,0.87441,0.62489,52.464,1.250,-1,425.000,-1,400.000,-1,325.000,325.000,300.000,275.000,-1,-1,-1,-1,975.000,700.000,-1,975.000,2,0,2,0,2,0,0,0,0,2,2,2,2,1,1,2,1
97,5237.740,5486.995,-343.214,-109.614,-0.335961,0.941875,-0.001443,-0.941166,-0.335648,0.039334,0.036563,0.014573,0.999225,0,0.87755,0.69993,52.653,1.400,-1,425.000,-1,400.000,-1,325.000,325.000,300.000,275.000,-1,-1,-1,-1,950.000,700.000,-1,925.000,2,0,2,1,2,0,0,0,0,2,2,2,2,1,1,2,1
98,5221.222,5436.814,-341.189,-108.220,-0.312922,0.949777,-0.001671,-0.949100,-0.312632,0.038349,0.035901,0.013586,0.999263,0,0.88050,0.69724,52.830,1.394,-1,425.000,-1,400.000,875.000,325.000,325.000,300.000,275.000,-1,-1,-1,-1,925.000,675.000,-1,875.000,2,0,2,1,1,0,0,0,0,2,2,2,2,1,1,2,1
99,5205.877,5386.088,-339.108,-106.831,-0.289810,0.957081,-0.002297,-0.956446,-0.289528,0.037221,0.034959,0.012984,0.999304,0,0.88326,0.69424,52.996,1.388,-1,425.000,-1,400.000,800.000,350.000,350.000,300.000,275.000,-1,-1,-1,-1,900.000,675.000,-1,825.000,2,0,2,1,1,0,0,0,0,2,2,2,2,1,1,2,1
100,5191.719,5334.861,-337.045,-105.449,-0.266641,0.963792,-0.002936,-0.963196,-0.266366,0.036080,0.033991,0.012448,0.999345,0,0.88580,0.69090,53.148,1.382,-1,450.000,-1,400.000,750.000,350.000,350.000,300.000,275.000,-1,-1,-1,-1,875.000,650.000,-1,775.000,2,0,2,1,1,0,0,0,0,2,2,2,2,1,1,2,1
101,5178.760,5283.176,-335.323,-104.075,-0.243398,0.969924,-0.002349,-0.969372,-0.243176,0.034403,0.032797,0.010651,0.999405,0,0.88807,0.68723,53.284,1.374,-1,450.000,-1,400.000,700.000,350.000,350.000,300.000,275.000,-1,-1,-1,-1,850.000,650.000,-1,750.000,2,0,2,1,1,0,0,0,0,2,2,2,2,1,1,2,1
102,5167.011,5231.082,-333.951,-102.709,-0.220113,0.975474,-0.000633,-0.974999,-0.219985,0.031370,0.030461,0.007522,0.999508,0,0.89004,0.68319,53.403,1.366,-1,450.000,-1,400.000,625.000,350.000,350.000,300.000,275.000,-1,-1,-1,-1,825.000,625.000,-1,700.000,2,0,2,1,1,0,0,0,0,2,2,2,2,1,1,2,1
103,5156.481,5178.629,-332.778,-101.351,-0.196883,0.980427,0.000525,-0.980019,-0.196816,0.028738,0.028279,0.005143,0.999587,0,0.89167,0.67877,53.500,1.358,-1,450.000,-1,400.000,600.000,350.000,350.000,300.000,275.000,-1,-1,-1,-1,775.000,625.000,-1,675.000,2,0,2,1,1,0,0,0,0,2,2,2,2,1,1,2,1
104,5147.175,5125.870,-331.943,-100.003,-0.173745,0.984790,0.000469,-0.984459,-0.173699,0.025881,0.025569,0.004035,0.999665,0,0.89289,0.67397,53.573,1.348,-1,450.000,-1,400.000,550.000,350.000,350.000,275.000,275.000,-1,-1,-1,-1,750.000,625.000,-1,625.000,2,0,2,1,1,0,0,0,0,2,2,2,2,1,1,2,1
105,5139.097,5072.863,-331.093,-98.666,-0.150692,0.988581,0.000586,-0.988315,-0.150665,0.023087,0.022912,0.002900,0.999733,0,0.89366,0.66876,53.620,1.338,-1,450.000,-1,400.000,500.000,350.000,350.000,275.000,275.000,-1,-1,-1,-1,725.000,600.000,-1,600.000,2,0,2,1,1,0,0,0,0,2,2,2,2,1,1,2,1
106,5132.245,5019.666,-330.253,-97.339,-0.127754,0.991806,0.000768,-0.991599,-0.127744,0.020303,0.020235,0.001832,0.999794,0,0.89393,0.66315,53.636,1.326,-1,450.000,975.000,400.000,450.000,350.000,350.000,275.000,275.000,-1,-1,-1,-1,700.000,575.000,-1,575.000,2,0,1,1,1,0,0,0,0,2,2,2,2,1,1,2,1
107,5127.333,4971.078,-329.541,-95.773,-0.100589,0.994928,0.000722,-0.994774,-0.100586,0.017543,0.017527,0.001047,0.999846,0,0.81393,0.78315,48.836,1.566,-1,425.000,925.000,400.000,425.000,350.000,350.000,275.000,275.000,-1,-1,-1,-1,675.000,550.000,-1,550.000,2,1,1,1,1,0,0,0,0,2,2,2,2,1,1,2,1
108,5124.286,4927.148,-328.961,-93.967,-0.069177,0.997604,0.000415,-0.997499,-0.069176,0.014491,0.014485,0.000588,0.999895,0,0.73393,0.90315,44.036,1.806,-1,425.000,900.000,425.000,425.000,350.000,350.000,275.000,275.000,-1,-1,-1,-1,675.000,525.000,-1,525.000,2,1,1,1,1,0,0,0,0,2,2,2,2,1,1,2,1
109,5122.817,4887.939,-328.607,-92.147,-0.037464,0.999298,-0.000399,-0.999233,-0.037457,0.011405,0.011382,0.000826,0.999935,0,0.65393,0.91001,39.236,1.820,-1,400.000,900.000,400.000,400.000,350.000,350.000,275.000,275.000,-1,-1,-1,-1,675.000,500.000,-1,475.000,2,1,1,1,1,1,1,0,1,2,2,2,2,1,1,2,1
110,5122.609,4852.857,-328.460,-90.340,-0.005941,0.999981,-0.001672,-0.999949,-0.005927,0.008180,0.008170,0.001721,0.999965,0,0.58472,0.90351,35.083,1.807,-1,400.000,900.000,375.000,400.000,325.000,325.000,275.000,250.000,-1,-1,-1,-1,675.000,475.000,-1,450.000,2,1,1,1,1,1,1,0,1,2,2,2,2,1,1,2,1
111,5123.495,4817.967,-328.471,-88.545,0.025374,0.999672,-0.003377,-0.999667,0.025389,0.004504,0.004589,0.003262,0.999984,0,0.58169,0.89723,34.901,1.794,-1,375.000,900.000,350.000,375.000,325.000,325.000,275.000,250.000,-1,-1,-1,-1,675.000,450.000,-1,425.000,2,1,1,1,1,1,1,0,1,2,2,2,2,1,1,2,1
112,5125.454,4783.331,-328.648,-86.764,0.056453,0.998390,-0.005515,-0.998405,0.056456,0.000286,0.000597,0.005490,0.999985,0,0.57819,0.89079,34.691,1.782,-1,375.000,-1,325.000,350.000,300.000,300.000,275.000,225.000,-1,-1,-1,-1,675.000,425.000,-1,375.000,2,1,2,1,1,1,1,0,1,2,2,2,2,1,1,2,1
113,5128.460,4749.008,-329.003,-84.995,0.087273,0.996152,-0.008072,-0.996177,0.087238,-0.004561,-0.003839,0.008439,0.999957,0,0.57424,0.88425,34.454,1.768,-1,350.000,-1,300.000,325.000,300.000,275.000,300.000,225.000,-1,-1,-1,-1,700.000,400.000,-1,350.000,2,1,2,1,1,1,1,0,1,2,2,2,2,1,1,2,1
114,5132.485,4715.054,-329.021,-83.240,0.117784,0.992996,-0.009270,-0.993013,0.117708,-0.008346,-0.007196,0.010189,0.999922,0,0.56987,0.87763,34.192,1.755,-1,350.000,-1,300.000,275.000,275.000,275.000,300.000,225.000,-1,-1,-1,-1,775.000,375.000,-1,325.000,2,1,2,1,1,1,1,0,1,2,2,2,2,0,1,2,1
115,5138.097,4676.468,-328.581,-81.725,0.144026,0.989532,-0.009083,-0.989527,0.143924,-0.011013,-0.009591,0.010574,0.999898,0,0.64987,0.75763,38.992,1.515,-1,350.000,1000.000,275.000,250.000,275.000,250.000,300.000,200.000,-1,-1,-1,-1,750.000,350.000,-1,275.000,2,1,1,1,1,1,1,0,1,2,2,2,2,0,1,2,1
116,5145.363,4633.283,-328.154,-80.449,0.166044,0.986075,-0.009194,-0.986044,0.165910,-0.013790,-0.012073,0.011355,0.999863,0,0.72987,0.63763,43.792,1.275,-1,325.000,950.000,250.000,225.000,250.000,225.000,300.000,200.000,-1,-1,-1,-1,750.000,325.000,1000.000,250.000,2,1,1,1,1,1,1,0,1,2,2,2,2,0,1,1,1
117,5154.289,4585.518,-324.214,-79.414,0.183709,0.982980,0.001157,-0.982976,0.183711,-0.002830,-0.002995,-0.000617,0.999995,0,0.80987,0.51763,48.592,1.035,-1,350.000,975.000,250.000,225.000,275.000,225.000,300.000,225.000,-1,-1,-1,-1,800.000,350.000,1000.000,225.000,2,1,1,1,1,1,1,0,1,2,2,2,2,1,1,1,1
118,5164.540,4534.602,-319.796,-78.619,0.197467,0.980215,0.013584,-0.980268,0.197313,0.011920,0.009004,-0.015669,0.999837,0,0.86562,0.39763,51.937,0.795,-1,400.000,1000.000,250.000,225.000,275.000,250.000,275.000,250.000,-1,-1,-1,-1,775.000,350.000,975.000,225.000,2,1,1,1,1,1,1,0,1,2,2,2,2,1,1,1,1
119,5175.209,4484.146,-315.857,-78.063,0.207420,0.977956,0.024079,-0.977996,0.206739,0.027986,0.022391,-0.029354,0.999318,0,0.85952,0.27763,51.571,0.555,-1,450.000,1000.000,275.000,225.000,300.000,250.000,275.000,275.000,-1,-1,-1,-1,775.000,375.000,950.000,225.000,2,1,1,1,1,1,1,0,1,2,2,2,2,1,1,1,1
120,5187.091,4429.445,-312.119,-77.748,0.213592,0.976315,0.034450,-0.976256,0.212011,0.044443,0.036086,-0.043125,0.998418,0,0.93294,0.15763,55.976,0.315,-1,500.000,1000.000,275.000,225.000,325.000,275.000,275.000,275.000,-1,200.000,-1,-1,750.000,400.000,925.000,225.000,2,0,1,1,1,1,1,0,1,2,0,2,2,1,1,1,1
121,5199.065,4374.677,-308.926,-77.673,0.215927,0.975403,0.044332,-0.975180,0.213155,0.059902,0.048979,-0.056166,0.997219,0,0.93432,0.03763,56.059,0.075,1000.000,550.000,1000.000,275.000,200.000,350.000,275.000,250.000,300.000,-1,125.000,275.000,-1,725.000,400.000,875.000,225.000,1,0,1,1,1,1,1,0,1,2,0,0,2,1,1,1,1
122,5210.896,4319.811,-306.215,-77.838,0.214403,0.975253,0.053962,-0.974819,0.210186,0.074489,0.061304,-0.068574,0.995761,0,0.93544,-0.08237,56.126,-0.165,950.000,550.000,975.000,300.000,200.000,375.000,275.000,250.000,300.000,650.000,75.000,225.000,-1,700.000,475.000,850.000,225.000,1,1,1,1,1,1,1,0,1,0,0,0,2,1,1,1,1
123,5222.498,4264.844,-303.932,-78.088,0.211627,0.975288,0.063456,-0.974611,0.205731,0.088360,0.073122,-0.080544,0.994065,0,0.93625,-0.12539,56.175,-0.251,875.000,525.000,950.000,300.000,175.000,375.000,300.000,250.000,275.000,450.000,50.000,200.000,-1,650.000,-1,800.000,200.000,1,1,1,1,1,1,1,0,1,0,0,0,2,1,2,1,1
124,7543.222,-9511.016,461.451,-36.491,0.803740,0.594632,0.020349,-0.594790,0.803878,0.002245,-0.015023,-0.013908,0.999790,1,0.00000,0.00000,56.193,-0.263,-1,400.000,-1,400.000,-1,325.000,325.000,375.000,300.000,-1,0.000,0.000,-1,850.000,800.000,-1,-1,2,0,2,0,2,0,0,0,0,2,1,1,2,0,0,2,2
125,7547.093,-9513.854,461.274,-36.251,0.806227,0.591256,0.020365,-0.591423,0.806356,0.002872,-0.014723,-0.014360,0.999788,0,0.08000,0.12000,4.800,0.240,-1,400.000,-1,400.000,-1,325.000,325.000,375.000,300.000,-1,0.000,0.000,-1,850.000,800.000,-1,-1,2,0,2,0,2,0,0,0,0,2,1,1,2,0,0,2,2
126,7554.876,-9519.473,460.905,-35.825,0.810608,0.585236,0.020354,-0.585421,0.810718,0.004214,-0.014035,-0.015332,0.999784,0,0.16000,0.21299,9.600,0.426,-1,400.000,-1,400.000,-1,325.000,325.000,375.000,300.000,-1,0.000,0.000,-1,850.000,825.000,-1,-1,2,0,2,0,2,0,0,0,0,2,1,1,2,0,0,2,2
127,7566.614,-9527.814,460.296,-35.400,0.814935,0.579200,0.020189,-0.579414,0.815007,0.006568,-0.012650,-0.017050,0.999775,0,0.24000,0.21215,14.400,0.424,-1,400.000,-1,400.000,-1,325.000,325.000,375.000,300.000,-1,0.000,0.000,-1,850.000,825.000,-1,-1,2,0,2,0,2,0,0,0,0,2,1,1,2,0,0,2,2
128,7582.346,-9538.820,459.468,-34.978,0.819203,0.573160,0.019858,-0.573405,0.819213,0.009809,-0.010646,-0.019423,0.999755,0,0.32000,0.21089,19.200,0.422,-1,400.000,-1,400.000,-1,325.000,325.000,350.000,300.000,-1,0.000,0.000,-1,850.000,850.000,-1,-1,2,0,2,0,2,0,0,0,0,2,1,1,2,0,0,2,2
129,7602.112,-9552.434,458.412,-34.560,0.823399,0.567126,0.019542,-0.567403,0.823324,0.013821,-0.008251,-0.022469,0.999714,0,0.40000,0.20920,24.000,0.418,-1,400.000,-1,400.000,-1,325.000,325.000,350.000,300.000,-1,0.000,0.000,-1,875.000,900.000,-1,-1,2,0,2,0,2,0,0,0,0,2,1,1,2,0,0,2,2
130,7625.947,-9568.599,457.100,-34.146,0.827512,0.561107,0.019579,-0.561418,0.827325,0.018493,-0.005822,-0.026295,0.999637,0,0.48000,0.20710,28.800,0.414,-1,400.000,-1,400.000,-1,325.000,325.000,325.000,300.000,-1,0.000,0.000,-1,875.000,925.000,-1,-1,2,0,2,0,2,0,0,0,0,2,1,1,2,0,0,2,2
131,7651.724,-9585.812,455.774,-33.737,0.831535,0.555126,0.019591,-0.555461,0.831224,0.023034,-0.003498,-0.030036,0.999543,0,0.51660,0.20458,30.996,0.409,-1,400.000,-1,425.000,-1,325.000,325.000,325.000,300.000,-1,0.000,25.000,-1,900.000,975.000,-1,-1,2,0,2,0,2,0,0,0,0,2,1,1,2,0,0,2,2
132,7677.731,-9602.916,455.190,-33.333,0.835425,0.549244,0.019898,-0.549592,0.835097,0.023682,-0.003609,-0.030720,0.999522,0,0.51879,0.20187,31.128,0.404,-1,425.000,-1,425.000,-1,325.000,325.000,325.000,300.000,-1,25.000,50.000,-1,900.000,975.000,-1,-1,2,0,2,0,2,0,0,0,0,2,1,1,2,0,0,2,2
