timestep,x_cm,y_cm,z_cm,yaw_deg,basis_xx,basis_xy,basis_xz,basis_yx,basis_yy,basis_yz,basis_zx,basis_zy,basis_zz,teleport_flag,throttle_cmd,steering_cmd,cmd_move_cm,cmd_turn_deg,lidar_cm_0,lidar_cm_1,lidar_cm_2,lidar_cm_3,lidar_cm_4,lidar_cm_5,lidar_cm_6,lidar_cm_7,lidar_cm_8,lidar_cm_9,lidar_cm_10,lidar_cm_11,lidar_cm_12,lidar_cm_13,lidar_cm_14,lidar_cm_15,lidar_cm_16,lidar_class_0,lidar_class_1,lidar_class_2,lidar_class_3,lidar_class_4,lidar_class_5,lidar_class_6,lidar_class_7,lidar_class_8,lidar_class_9,lidar_class_10,lidar_class_11,lidar_class_12,lidar_class_13,lidar_class_14,lidar_class_15,lidar_class_16
0,-7540.787,-3611.766,58.287,-59.565,0.506859,0.862010,0.005727,-0.861663,0.506439,0.032508,0.025122,-0.021412,0.999455,1,0.08000,-0.12000,4.800,-0.240,-1,425.000,-1,400.000,-1,325.000,325.000,300.000,275.000,500.000,475.000,-1,-1,875.000,825.000,-1,-1,2,0,2,0,2,0,0,0,0,1,1,2,2,0,0,2,2
1,-7535.994,-3620.083,58.534,-60.045,0.499622,0.866223,0.005957,-0.865879,0.499200,0.032445,0.025131,-0.021368,0.999456,0,0.16000,-0.24000,9.600,-0.480,-1,425.000,-1,400.000,-1,325.000,325.000,300.000,275.000,525.000,500.000,-1,-1,875.000,825.000,-1,-1,2,0,2,0,2,0,0,0,0,1,1,2,2,0,0,2,2
2,-7528.961,-3632.649,58.903,-60.765,0.488701,0.872429,0.006312,-0.872089,0.488276,0.032360,0.025150,-0.021319,0.999456,0,0.24000,-0.36000,14.400,-0.720,-1,425.000,-1,400.000,-1,325.000,325.000,300.000,275.000,525.000,500.000,700.000,-1,875.000,800.000,-1,-1,2,0,2,0,2,0,0,0,0,1,1,1,2,0,0,2,2
3,-7519.866,-3649.558,59.391,-61.725,0.474020,0.880488,0.006805,-0.880154,0.473591,0.032265,0.025186,-0.021283,0.999456,0,0.32000,-0.48000,19.200,-0.960,-1,425.000,-1,400.000,-1,325.000,325.000,300.000,275.000,550.000,500.000,675.000,-1,875.000,800.000,-1,-1,2,0,2,0,2,0,0,0,0,1,1,1,2,0,0,2,2
4,-7508.942,-3670.928,59.995,-62.925,0.455484,0.890213,0.007451,-0.889886,0.455048,0.032174,0.025251,-0.021286,0.999454,0,0.40000,-0.60000,24.000,-1.200,-1,425.000,-1,400.000,-1,325.000,325.000,300.000,275.000,575.000,525.000,650.000,-1,875.000,800.000,-1,-1,2,0,2,0,2,0,0,0,0,1,1,1,2,0,0,2,2
5,-7496.483,-3696.894,60.712,-64.365,0.432980,0.901366,0.008271,-0.901047,0.432532,0.032106,0.025362,-0.021354,0.999450,0,0.48000,-0.72000,28.800,-1.440,-1,425.000,-1,400.000,-1,325.000,325.000,300.000,275.000,600.000,525.000,650.000,-1,875.000,800.000,-1,-1,2,0,2,0,2,0,0,0,0,1,1,1,2,0,0,2,2
6,-7482.841,-3727.600,61.540,-66.045,0.406383,0.913656,0.009288,-0.913346,0.405919,0.032080,0.025540,-0.021519,0.999442,0,0.56000,-0.84000,33.600,-1.680,-1,425.000,-1,400.000,-1,325.000,325.000,300.000,275.000,650.000,550.000,650.000,-1,900.000,800.000,-1,-1,2,0,2,0,2,0,0,0,0,1,1,1,2,0,0,2,2
7,-7468.384,-3763.175,62.472,-67.885,0.376861,0.926210,0.010516,-0.925911,0.376375,0.032113,0.025785,-0.021839,0.999429,0,0.64000,-0.91989,38.400,-1.840,-1,425.000,-1,400.000,-1,325.000,325.000,300.000,275.000,675.000,575.000,675.000,-1,900.000,800.000,-1,-1,2,0,2,0,2,0,0,0,0,1,1,1,2,0,0,2,2
8,-7453.419,-3803.700,63.497,-69.731,0.346852,0.937844,0.011961,-0.937557,0.346335,0.032217,0.026072,-0.022389,0.999409,0,0.72000,-0.92311,43.200,-1.846,-1,425.000,-1,400.000,-1,325.000,325.000,300.000,275.000,725.000,600.000,700.000,-1,900.000,800.000,-1,-1,2,0,2,0,2,0,0,0,0,1,1,1,2,0,0,2,2
9,-7438.255,-3849.242,64.684,-71.585,0.316374,0.948532,0.013959,-0.948272,0.315812,0.032285,0.026215,-0.023452,0.999381,0,0.80000,-0.92678,48.000,-1.854,-1,425.000,-1,400.000,-1,325.000,325.000,300.000,275.000,800.000,650.000,725.000,-1,900.000,775.000,-1,-1,2,0,2,0,2,0,0,0,0,1,1,1,2,0,0,2,2
10,-7424.528,-3895.425,65.918,-73.447,0.285431,0.958260,0.016347,-0.958043,0.284819,0.032114,0.026118,-0.024827,0.999351,0,0.80300,-0.93090,48.180,-1.862,-1,425.000,-1,400.000,-1,325.000,325.000,300.000,300.000,850.000,675.000,750.000,-1,925.000,800.000,-1,-1,2,0,2,0,2,0,0,0,0,1,1,1,2,0,0,2,2
11,-7412.271,-3942.200,67.075,-75.317,0.254041,0.967015,0.018580,-0.966846,0.253387,0.031696,0.025942,-0.026016,0.999325,0,0.80590,-0.93508,48.354,-1.870,-1,425.000,-1,400.000,-1,325.000,325.000,300.000,300.000,925.000,725.000,775.000,-1,925.000,775.000,-1,-1,2,0,2,0,2,0,0,0,0,1,1,1,2,0,0,2,2
12,-7401.514,-3989.531,68.259,-77.195,0.222236,0.974772,0.020771,-0.974650,0.221543,0.031234,0.025844,-0.027186,0.999296,0,0.80897,-0.93931,48.538,-1.879,-1,425.000,-1,400.000,-1,325.000,325.000,300.000,300.000,1000.000,775.000,825.000,-1,925.000,775.000,-1,-1,2,0,2,0,2,0,0,0,0,1,1,1,2,0,0,2,2
13,-7392.284,-4037.380,69.493,-79.083,0.190036,0.981509,0.022936,-0.981449,0.189317,0.030290,0.025388,-0.028266,0.999278,0,0.81217,-0.94358,48.730,-1.887,-1,425.000,-1,400.000,-1,325.000,325.000,300.000,300.000,-1,800.000,850.000,-1,925.000,775.000,-1,-1,2,0,2,0,2,0,0,0,0,2,1,1,2,0,0,2,2
14,-7384.611,-4085.704,70.718,-80.978,0.157487,0.987199,0.025217,-0.987204,0.156738,0.029364,0.025036,-0.029519,0.999251,0,0.81550,-0.94789,48.930,-1.896,-1,425.000,-1,400.000,-1,325.000,325.000,300.000,300.000,-1,850.000,900.000,-1,925.000,775.000,-1,-1,2,0,2,0,2,0,0,0,0,2,1,1,2,0,0,2,2
15,-7378.523,-4134.460,71.967,-82.883,0.124621,0.991823,0.027497,-0.991893,0.123839,0.028513,0.024874,-0.030827,0.999215,0,0.81891,-0.95223,49.135,-1.904,-1,425.000,-1,375.000,-1,325.000,325.000,300.000,300.000,-1,900.000,925.000,-1,950.000,775.000,-1,-1,2,0,2,0,2,0,0,0,0,2,1,1,2,0,0,2,2
16,-7374.047,-4183.601,73.249,-84.796,0.091471,0.995363,0.029773,-0.995496,0.090654,0.027735,0.024908,-0.032176,0.999172,0,0.82241,-0.95659,49.344,-1.913,-1,425.000,-1,375.000,-1,325.000,325.000,300.000,300.000,-1,950.000,975.000,-1,950.000,775.000,-1,-1,2,0,2,0,2,0,0,0,0,2,1,1,2,0,0,2,2
17,-7371.210,-4233.077,74.573,-86.718,0.058074,0.997798,0.032043,-0.997996,0.057217,0.027031,0.025138,-0.033548,0.999121,0,0.82595,-0.96098,49.557,-1.922,-1,425.000,-1,375.000,-1,325.000,325.000,300.000,300.000,-1,1000.000,1000.000,-1,950.000,775.000,-1,-1,2,0,2,0,2,0,0,0,0,2,1,1,2,0,0,2,2
18,-7370.096,-4282.838,75.954,-88.718,0.023259,0.999141,0.034304,-0.999401,0.022359,0.026405,0.025615,-0.034898,0.999063,0,0.82954,-1.00000,49.772,-2.000,-1,425.000,-1,375.000,-1,325.000,325.000,300.000,300.000,-1,-1,-1,-1,925.000,775.000,-1,-1,2,0,2,0,2,0,0,0,0,2,2,2,2,0,0,2,2
19,-7370.722,-4332.823,77.400,-90.718,-0.011574,0.999265,0.036552,-0.999587,-0.012524,0.025853,0.026292,-0.036237,0.998997,0,0.83315,-1.00000,49.989,-2.000,-1,425.000,-1,375.000,-1,325.000,325.000,300.000,300.000,-1,-1,-1,-1,925.000,750.000,-1,-1,2,0,2,0,2,0,0,0,0,2,2,2,2,0,0,2,2
20,-7373.102,-4382.973,78.921,-92.718,-0.046384,0.998171,0.038782,-0.998554,-0.047388,0.025375,0.027166,-0.037549,0.998925,0,0.83676,-1.00000,50.206,-2.000,-1,425.000,-1,375.000,-1,325.000,325.000,300.000,300.000,-1,-1,-1,-1,925.000,750.000,-1,-1,2,0,2,0,2,0,0,0,0,2,2,2,2,0,0,2,2
21,-7377.245,-4433.225,80.527,-94.713,-0.081038,0.995868,0.040990,-0.996311,-0.082102,0.024969,0.028231,-0.038816,0.998848,0,0.84037,-0.99747,50.422,-1.995,-1,425.000,-1,375.000,-1,325.000,325.000,300.000,300.000,-1,-1,-1,-1,925.000,750.000,-1,-1,2,0,2,0,2,0,0,0,0,2,2,2,2,0,0,2,2
22,-7383.180,-4483.755,82.236,-96.700,-0.115441,0.992375,0.043183,-0.992877,-0.116571,0.024632,0.029478,-0.040032,0.998763,0,0.84797,-0.99334,50.878,-1.987,-1,425.000,-1,400.000,-1,325.000,325.000,300.000,300.000,-1,1000.000,-1,-1,925.000,750.000,-1,-1,2,0,2,0,2,0,0,0,0,2,0,2,2,0,0,2,2
23,-7390.864,-4534.053,84.044,-98.687,-0.149699,0.987692,0.045335,-0.988248,-0.150901,0.024367,0.030908,-0.041154,0.998675,0,0.84801,-0.99346,50.881,-1.987,-1,425.000,-1,400.000,-1,325.000,325.000,300.000,300.000,-1,925.000,-1,-1,925.000,750.000,-1,-1,2,0,2,0,2,0,0,0,0,2,0,2,2,0,0,2,2
24,-7400.288,-4584.057,85.724,-100.674,-0.183752,0.981783,0.048344,-0.982442,-0.185045,0.023768,0.032281,-0.043128,0.998548,0,0.84806,-0.99363,50.884,-1.987,-1,425.000,-1,400.000,-1,325.000,325.000,300.000,300.000,-1,900.000,-1,-1,900.000,750.000,-1,-1,2,0,2,0,2,0,0,0,0,2,0,2,2,0,0,2,2
25,-7411.442,-4633.707,87.387,-102.662,-0.217581,0.974675,0.051653,-0.975467,-0.218965,0.022768,0.033502,-0.045432,0.998406,0,0.84812,-0.99384,50.887,-1.988,-1,425.000,-1,400.000,-1,325.000,325.000,300.000,300.000,-1,850.000,-1,-1,900.000,750.000,-1,-1,2,0,2,0,2,0,0,0,0,2,0,2,2,0,0,2,2
26,-7424.341,-4683.049,88.931,-104.652,-0.251219,0.966421,0.054038,-0.967306,-0.252670,0.021836,0.034756,-0.046785,0.998300,0,0.85000,-0.99522,51.000,-1.990,-1,425.000,-1,400.000,-1,325.000,325.000,300.000,300.000,-1,850.000,-1,-1,900.000,750.000,-1,-1,2,0,2,0,2,0,0,0,0,2,0,2,2,0,0,2,2
27,-7438.960,-4731.944,90.412,-106.646,-0.284652,0.957020,0.055549,-0.957971,-0.286129,0.020562,0.035572,-0.047361,0.998244,0,0.85055,-0.99680,51.033,-1.994,-1,425.000,-1,400.000,-1,325.000,325.000,300.000,300.000,-1,825.000,-1,-1,875.000,750.000,-1,-1,2,0,2,0,2,0,0,0,0,2,0,2,2,0,0,2,2
28,-7455.285,-4780.335,92.015,-108.642,-0.317792,0.946448,0.056952,-0.947459,-0.319294,0.019318,0.036468,-0.047821,0.998190,0,0.85116,-0.99840,51.070,-1.997,-1,425.000,-1,400.000,-1,325.000,325.000,300.000,300.000,-1,825.000,-1,-1,875.000,750.000,-1,-1,2,0,2,0,2,0,0,0,0,2,0,2,2,0,0,2,2
29,-7473.303,-4828.163,93.747,-110.642,-0.350597,0.934714,0.058242,-0.935778,-0.352124,0.018104,0.037430,-0.048154,0.998138,0,0.85181,-1.00000,51.109,-2.000,-1,400.000,-1,400.000,-1,325.000,325.000,300.000,300.000,-1,800.000,-1,-1,850.000,750.000,-1,-1,2,0,2,0,2,0,0,0,0,2,0,2,2,0,0,2,2
30,-7493.952,-4878.256,95.699,-112.402,-0.379114,0.923439,0.059434,-0.924562,-0.380659,0.016843,0.038178,-0.048565,0.998090,0,0.90304,-0.88000,54.183,-1.760,-1,400.000,-1,375.000,-1,325.000,325.000,325.000,300.000,-1,825.000,-1,-1,850.000,725.000,-1,-1,2,0,2,0,2,0,0,0,0,2,0,2,2,0,0,2,2
31,-7515.940,-4927.824,97.770,-113.922,-0.403456,0.912998,0.060484,-0.914179,-0.405011,0.015594,0.038734,-0.049001,0.998047,0,0.90375,-0.76000,54.225,-1.520,-1,400.000,-1,375.000,-1,325.000,325.000,325.000,300.000,-1,850.000,-1,-1,850.000,725.000,-1,-1,2,0,2,0,2,0,0,0,0,2,0,2,2,0,0,2,2
32,-7539.047,-4976.924,99.955,-115.202,-0.423738,0.903701,0.061405,-0.904941,-0.425295,0.014343,0.039077,-0.049490,0.998010,0,0.90443,-0.64000,54.266,-1.280,-1,400.000,-1,375.000,-1,325.000,325.000,325.000,300.000,-1,900.000,-1,-1,825.000,725.000,-1,-1,2,0,2,0,2,0,0,0,0,2,0,2,2,0,0,2,2
33,-7563.058,-5025.630,102.247,-116.242,-0.440066,0.895807,0.062217,-0.897110,-0.441615,0.013078,0.039191,-0.050060,0.997977,0,0.90503,-0.52000,54.302,-1.040,-1,400.000,-1,375.000,-1,325.000,325.000,325.000,300.000,-1,975.000,-1,-1,825.000,725.000,-1,-1,2,0,2,0,2,0,0,0,0,2,0,2,2,0,0,2,2
34,-7587.760,-5074.023,104.639,-117.042,-0.452534,0.889523,0.062938,-0.890892,-0.454063,0.011783,0.039059,-0.050739,0.997948,0,0.90555,-0.40000,54.333,-0.800,-1,400.000,-1,375.000,-1,325.000,325.000,325.000,300.000,-1,-1,-1,-1,825.000,725.000,-1,-1,2,0,2,0,2,0,0,0,0,2,2,2,2,0,0,2,2
35,-7613.306,-5122.884,106.945,-117.602,-0.461143,0.884966,0.064676,-0.886454,-0.462695,0.010632,0.039334,-0.052430,0.997850,0,0.91895,-0.28000,55.137,-0.560,-1,400.000,-1,375.000,-1,325.000,325.000,325.000,300.000,-1,-1,-1,-1,800.000,725.000,-1,-1,2,0,2,0,2,0,0,0,0,2,2,2,2,0,0,2,2
36,-7639.232,-5171.806,109.296,-117.922,-0.466007,0.882271,0.066603,-0.883901,-0.467579,0.009418,0.039452,-0.054481,0.997735,0,0.92278,-0.16000,55.367,-0.320,-1,400.000,-1,375.000,-1,325.000,325.000,325.000,300.000,-1,-1,-1,-1,800.000,750.000,-1,-1,2,0,2,0,2,0,0,0,0,2,2,2,2,1,0,2,2
37,-7665.334,-5220.895,111.670,-118.002,-0.467176,0.881494,0.068670,-0.883299,-0.468745,0.007858,0.039115,-0.056985,0.997608,0,0.92662,-0.04000,55.597,-0.080,-1,400.000,-1,375.000,-1,325.000,325.000,300.000,300.000,-1,-1,-1,-1,775.000,750.000,-1,-1,2,0,2,0,2,0,0,0,0,2,2,2,2,1,0,2,2
38,-7691.406,-5270.262,114.104,-117.842,-0.464657,0.882655,0.070807,-0.884655,-0.466205,0.006180,0.038465,-0.059768,0.997471,0,0.93048,0.08000,55.829,0.160,-1,400.000,-1,375.000,-1,325.000,325.000,300.000,300.000,-1,-1,-1,-1,750.000,750.000,-1,-1,2,0,2,0,2,0,0,0,0,2,2,2,2,1,0,2,2
39,-7717.241,-5320.016,116.556,-117.442,-0.458433,0.885727,0.072990,-0.887934,-0.459948,0.004518,0.037574,-0.062739,0.997322,0,0.93436,0.20000,56.062,0.400,-1,400.000,-1,375.000,-1,325.000,325.000,300.000,325.000,-1,-1,-1,-1,725.000,750.000,-1,-1,2,0,2,0,2,0,0,0,0,2,2,2,2,1,0,2,2
40,-7742.625,-5370.265,118.635,-116.802,-0.448429,0.890707,0.074512,-0.893030,-0.449974,0.004498,0.037535,-0.064524,0.997210,0,0.93829,0.32000,56.297,0.640,-1,400.000,-1,400.000,-1,325.000,325.000,300.000,325.000,-1,-1,-1,-1,700.000,750.000,-1,-1,2,0,2,0,2,0,0,0,0,2,2,2,2,1,0,2,2
41,-7767.338,-5421.114,120.575,-115.922,-0.434667,0.897425,0.075459,-0.899840,-0.436199,0.004305,0.036779,-0.066030,0.997140,0,0.94227,0.44000,56.536,0.880,-1,400.000,-1,400.000,-1,325.000,325.000,300.000,325.000,-1,-1,-1,-1,675.000,750.000,-1,-1,2,0,2,0,2,0,0,0,0,2,2,2,2,1,0,2,2
42,-7791.155,-5472.655,122.368,-114.802,-0.417065,0.905703,0.075881,-0.908190,-0.418539,0.003917,0.035307,-0.067280,0.997109,0,0.94632,0.56000,56.779,1.120,-1,400.000,-1,400.000,-1,325.000,325.000,300.000,325.000,-1,-1,-1,-1,650.000,750.000,-1,-1,2,0,2,0,2,0,0,0,0,2,2,2,2,1,1,2,2
43,-7813.840,-5524.974,124.108,-113.442,-0.395491,0.915294,0.076316,-0.917861,-0.396887,0.003437,0.033434,-0.068688,0.997078,0,0.95043,0.68000,57.026,1.360,-1,400.000,-1,400.000,-1,325.000,325.000,300.000,325.000,-1,-1,-1,-1,625.000,700.000,-1,-1,2,0,2,0,2,0,0,0,0,2,2,2,2,1,1,2,2
44,-7835.148,-5578.139,125.779,-111.842,-0.369837,0.925918,0.076782,-0.928575,-0.371135,0.002855,0.031140,-0.070242,0.997044,0,0.95462,0.80000,57.277,1.600,-1,400.000,-1,400.000,-1,325.000,325.000,300.000,300.000,-1,-1,-1,-1,625.000,650.000,-1,950.000,2,1,2,0,2,0,0,0,0,2,2,2,2,1,1,2,1
45,-7854.825,-5632.200,127.359,-110.002,-0.339995,0.937245,0.077299,-0.939998,-0.341173,0.002167,0.028403,-0.071924,0.997006,0,0.95887,0.92000,57.532,1.840,-1,375.000,-1,400.000,-1,325.000,325.000,300.000,300.000,-1,-1,-1,-1,600.000,600.000,-1,850.000,2,1,2,0,2,1,0,0,0,2,2,2,2,1,1,2,1
46,-7872.683,-5687.160,128.817,-108.002,-0.307184,0.948464,0.077806,-0.951315,-0.308218,0.001341,0.025253,-0.073606,0.996968,0,0.96316,1.00000,57.790,2.000,-1,350.000,1000.000,375.000,900.000,300.000,325.000,300.000,300.000,-1,-1,-1,-1,575.000,550.000,-1,750.000,2,1,1,1,1,1,1,0,0,2,2,2,2,1,1,2,1
47,-7888.683,-5742.958,130.172,-106.002,-0.274017,0.958523,0.078405,-0.961474,-0.274895,0.000414,0.021950,-0.075271,0.996922,0,0.96746,1.00000,58.048,2.000,-1,350.000,950.000,350.000,800.000,300.000,300.000,300.000,300.000,-1,-1,-1,-1,550.000,525.000,-1,650.000,2,1,1,1,1,1,1,0,0,2,2,2,2,1,1,2,1
48,-7902.788,-5799.529,131.454,-104.002,-0.240544,0.967420,0.078982,-0.970464,-0.241247,-0.000659,0.018417,-0.076808,0.996876,0,0.97173,1.00000,58.304,2.000,-1,325.000,925.000,325.000,675.000,275.000,275.000,300.000,300.000,-1,-1,-1,-1,550.000,475.000,-1,575.000,2,1,1,1,1,1,1,0,0,2,2,2,2,1,1,2,1
49,-7914.966,-5856.803,132.575,-102.006,-0.206836,0.975106,0.079917,-0.978262,-0.207367,-0.001692,0.014922,-0.078529,0.996800,0,0.97593,0.99832,58.556,1.997,-1,325.000,1000.000,300.000,575.000,275.000,250.000,300.000,300.000,-1,-1,-1,-1,525.000,425.000,-1,475.000,2,1,1,1,1,1,1,0,0,2,2,2,2,1,1,2,1
50,-7924.531,-5909.699,134.076,-100.249,-0.176844,0.981066,0.078961,-0.984141,-0.177390,-0.000112,0.013897,-0.077729,0.996878,0,0.89593,0.87832,53.756,1.757,-1,325.000,-1,275.000,475.000,250.000,250.000,300.000,300.000,-1,-1,-1,-1,525.000,400.000,-1,425.000,2,1,2,1,1,1,1,0,0,2,2,2,2,1,1,2,1
51,-7932.193,-5959.588,135.879,-98.732,-0.150607,0.985339,0.080148,-0.988475,-0.151349,0.003230,0.015313,-0.078738,0.996778,0,0.84124,0.75832,50.475,1.517,-1,325.000,-1,275.000,425.000,250.000,250.000,300.000,325.000,-1,-1,-1,-1,550.000,375.000,-1,375.000,2,1,2,1,1,1,1,0,0,2,2,2,2,1,1,2,1
52,-7938.761,-6009.831,139.758,-97.456,-0.127628,0.987734,0.089965,-0.991531,-0.129263,0.012564,0.024038,-0.087599,0.995866,0,0.84452,0.63832,50.671,1.277,-1,325.000,-1,275.000,425.000,250.000,250.000,300.000,350.000,-1,-1,-1,-1,575.000,375.000,-1,375.000,2,1,2,1,1,1,1,0,0,2,2,2,2,1,1,2,1
53,-7944.441,-6060.375,143.530,-96.419,-0.108578,0.989127,0.099192,-0.993542,-0.111284,0.022145,0.032942,-0.096147,0.994822,0,0.84770,0.51832,50.862,1.037,-1,350.000,-1,275.000,450.000,275.000,250.000,300.000,375.000,-1,425.000,650.000,-1,675.000,400.000,-1,375.000,2,1,2,1,1,1,1,0,0,2,0,0,2,1,1,2,1
54,-7949.435,-6111.179,147.224,-95.623,-0.093494,0.989754,0.107917,-0.994731,-0.097440,0.031876,0.042065,-0.104368,0.993649,0,0.85080,0.39832,51.048,0.797,-1,350.000,-1,275.000,450.000,275.000,250.000,300.000,400.000,-1,225.000,375.000,-1,775.000,400.000,-1,400.000,2,1,2,1,1,1,1,0,0,2,0,0,2,1,1,2,1
55,-7953.951,-6162.209,150.870,-95.066,-0.082395,0.989800,0.116219,-0.995271,-0.087744,0.041681,0.051454,-0.112235,0.992349,0,0.85382,0.27832,51.229,0.557,-1,375.000,-1,275.000,475.000,275.000,250.000,300.000,425.000,-1,175.000,275.000,-1,900.000,400.000,-1,400.000,2,1,2,1,1,1,1,0,0,2,0,0,2,1,1,2,1
56,-7958.201,-6213.440,154.502,-94.749,-0.075289,0.989401,0.124168,-0.995284,-0.082201,0.051504,0.061164,-0.119705,0.990924,0,0.85677,0.15832,51.406,0.317,-1,375.000,-1,275.000,500.000,275.000,250.000,300.000,450.000,875.000,150.000,225.000,-1,-1,400.000,-1,400.000,2,1,2,1,1,1,1,0,0,0,0,0,2,2,1,2,1
57,1892.955,4414.216,-119.033,63.364,0.447961,-0.889788,-0.087228,0.894043,0.446280,0.039006,0.004221,-0.095459,0.995424,1,0.00000,0.00000,51.580,0.077,-1,325.000,-1,275.000,-1,250.000,250.000,300.000,475.000,675.000,25.000,25.000,-1,575.000,475.000,-1,-1,2,1,2,1,2,1,1,0,0,1,1,1,2,1,1,2,2
58,1895.089,4418.515,-119.201,63.604,0.444059,-0.891611,-0.088555,0.895978,0.442530,0.037293,0.005937,-0.095904,0.995373,0,0.08000,0.12000,4.800,0.240,-1,325.000,-1,275.000,-1,250.000,250.000,300.000,475.000,650.000,25.000,25.000,-1,600.000,500.000,-1,-1,2,1,2,1,2,1,1,0,0,1,1,1,2,1,1,2,2
59,1899.284,4427.149,-119.535,64.084,0.436221,-0.895205,-0.091206,0.899791,0.435005,0.033873,0.009352,-0.096843,0.995256,0,0.16000,0.24000,9.600,0.480,-1,325.000,-1,275.000,-1,250.000,250.000,300.000,475.000,625.000,25.000,25.000,-1,600.000,525.000,-1,-1,2,1,2,1,2,1,1,0,0,1,1,1,2,1,1,2,2
60,1905.414,4440.179,-119.928,64.804,0.424422,-0.900500,-0.094687,0.905354,0.423674,0.028874,0.014115,-0.097980,0.995088,0,0.24000,0.36000,14.400,0.720,-1,350.000,-1,275.000,-1,275.000,250.000,300.000,500.000,600.000,25.000,25.000,-1,625.000,550.000,-1,-1,2,1,2,1,2,1,1,0,0,1,1,1,2,1,1,2,2
61,-8855.081,-1639.831,38.826,-94.418,-0.077179,0.996757,0.022789,-0.996998,-0.077016,-0.007970,-0.006189,-0.023336,0.999709,1,0.00000,0.00000,19.200,0.960,-1,400.000,-1,400.000,-1,325.000,325.000,300.000,300.000,-1,-1,-1,-1,725.000,750.000,-1,-1,2,0,2,0,2,0,0,0,0,2,2,2,2,0,0,2,2
62,-8855.471,-1644.615,38.795,-94.658,-0.081353,0.996424,0.022811,-0.996667,-0.081190,-0.007992,-0.006112,-0.023385,0.999708,0,0.08000,-0.12000,4.800,-0.240,-1,400.000,-1,400.000,-1,325.000,325.000,300.000,300.000,-1,-1,-1,-1,725.000,750.000,-1,-1,2,0,2,0,2,0,0,0,0,2,2,2,2,0,0,2,2
63,-8856.331,-1654.176,38.733,-95.138,-0.089697,0.995707,0.022855,-0.995951,-0.089535,-0.008038,-0.005957,-0.023483,0.999706,0,0.16000,-0.24000,9.600,-0.480,-1,400.000,-1,400.000,-1,325.000,325.000,300.000,300.000,-1,-1,-1,-1,725.000,750.000,-1,-1,2,0,2,0,2,0,0,0,0,2,2,2,2,0,0,2,2
64,-8857.768,-1668.505,38.643,-95.731,-0.099987,0.994725,0.022918,-0.994972,-0.099825,-0.008115,-0.005784,-0.023614,0.999704,0,0.24000,-0.29623,14.400,-0.592,-1,400.000,-1,400.000,-1,325.000,325.000,300.000,300.000,-1,-1,-1,-1,725.000,750.000,-1,-1,2,0,2,0,2,0,0,0,0,2,2,2,2,0,0,2,2
65,-8859.882,-1687.588,38.527,-96.321,-0.110223,0.993641,0.022996,-0.993891,-0.110060,-0.008229,-0.005645,-0.023762,0.999702,0,0.32000,-0.29494,19.200,-0.590,-1,400.000,-1,400.000,-1,325.000,325.000,300.000,300.000,-1,-1,-1,-1,725.000,750.000,-1,-1,2,0,2,0,2,0,0,0,0,2,2,2,2,0,0,2,2
66,-8862.769,-1711.414,38.387,-96.909,-0.120429,0.992453,0.023090,-0.992706,-0.120265,-0.008383,-0.005543,-0.023931,0.999698,0,0.40000,-0.29439,24.000,-0.589,-1,400.000,-1,400.000,-1,325.000,325.000,300.000,300.000,-1,-1,-1,-1,725.000,750.000,-1,-1,2,0,2,0,2,0,0,0,0,2,2,2,2,0,0,2,2
67,-8866.527,-1739.967,38.224,-97.497,-0.130601,0.991163,0.023202,-0.991420,-0.130434,-0.008584,-0.005482,-0.024124,0.999694,0,0.48000,-0.29375,28.800,-0.588,-1,400.000,-1,400.000,-1,325.000,325.000,300.000,300.000,-1,-1,-1,-1,725.000,750.000,-1,-1,2,0,2,0,2,0,0,0,0,2,2,2,2,0,0,2,2
68,-8871.251,-1773.234,38.040,-98.083,-0.140737,0.989772,0.023332,-0.990032,-0.140566,-0.008836,-0.005466,-0.024343,0.999689,0,0.56000,-0.29305,33.600,-0.586,-1,400.000,-1,400.000,-1,325.000,325.000,300.000,300.000,-1,-1,-1,-1,725.000,750.000,-1,-1,2,0,2,0,2,0,0,0,0,2,2,2,2,0,0,2,2
69,-8877.038,-1811.195,37.837,-98.668,-0.150834,0.988280,0.023482,-0.988544,-0.150657,-0.009147,-0.005502,-0.024593,0.999682,0,0.64000,-0.29233,38.400,-0.585,-1,400.000,-1,400.000,-1,325.000,325.000,300.000,300.000,-1,-1,-1,-1,725.000,750.000,-1,-1,2,0,2,0,2,0,0,0,0,2,2,2,2,0,0,2,2
70,-8883.679,-1853.069,37.622,-99.012,-0.156784,0.987350,0.023639,-0.987616,-0.156598,-0.009524,-0.005702,-0.024840,0.999675,0,0.70663,-0.17233,42.398,-0.345,-1,375.000,-1,400.000,-1,325.000,325.000,300.000,300.000,-1,-1,-1,-1,725.000,750.000,-1,-1,2,0,2,0,2,0,0,0,0,2,2,2,2,0,0,2,2
71,-8890.379,-1894.820,37.412,-99.117,-0.158597,0.987057,0.023790,-0.987325,-0.158400,-0.009930,-0.006033,-0.025063,0.999668,0,0.70474,-0.05233,42.285,-0.105,-1,375.000,-1,400.000,-1,325.000,325.000,300.000,300.000,-1,-1,-1,-1,700.000,750.000,-1,-1,2,0,2,0,2,0,0,0,0,2,2,2,2,0,0,2,2
72,-8896.965,-1936.484,37.232,-98.982,-0.156276,0.987426,0.023830,-0.987692,-0.156068,-0.010343,-0.006494,-0.025153,0.999663,0,0.70302,0.06767,42.181,0.135,-1,375.000,-1,400.000,-1,325.000,325.000,300.000,300.000,-1,-1,-1,-1,700.000,750.000,-1,-1,2,0,2,0,2,0,0,0,0,2,2,2,2,0,0,2,2
73,-8903.263,-1978.100,37.184,-98.606,-0.149804,0.988439,0.023395,-0.988693,-0.149598,-0.010319,-0.006700,-0.024676,0.999673,0,0.70149,0.18767,42.090,0.375,-1,375.000,-1,400.000,-1,325.000,325.000,300.000,300.000,-1,-1,-1,-1,700.000,750.000,-1,-1,2,0,2,0,2,0,0,0,0,2,2,2,2,0,0,2,2
74,-8909.103,-2019.702,37.079,-97.991,-0.139172,0.990004,0.022860,-0.990246,-0.138976,-0.009945,-0.006669,-0.024022,0.999689,0,0.70017,0.30767,42.010,0.615,-1,375.000,-1,400.000,-1,325.000,325.000,300.000,300.000,-1,-1,-1,-1,700.000,750.000,-1,-1,2,0,2,0,2,0,0,0,0,2,2,2,2,0,0,2,2
75,-8914.314,-2061.321,37.019,-97.136,-0.124362,0.991979,0.022604,-0.992217,-0.124183,-0.009165,-0.006284,-0.023568,0.999702,0,0.69907,0.42767,41.944,0.855,-1,375.000,-1,400.000,-1,325.000,325.000,300.000,300.000,-1,-1,-1,-1,675.000,725.000,-1,-1,2,0,2,0,2,0,0,0,0,2,2,2,2,0,0,2,2
76,-8918.722,-2102.980,36.938,-96.040,-0.105362,0.994183,0.022319,-0.994416,-0.105199,-0.008365,-0.005968,-0.023076,0.999716,0,0.69820,0.54767,41.892,1.095,-1,375.000,-1,400.000,-1,325.000,325.000,300.000,300.000,-1,-1,-1,-1,675.000,725.000,-1,-1,2,0,2,0,2,0,0,0,0,2,2,2,2,0,0,2,2
77,-8922.155,-2144.693,36.835,-94.705,-0.082151,0.996377,0.021990,-0.996604,-0.082003,-0.007542,-0.005711,-0.022535,0.999730,0,0.69756,0.66767,41.854,1.335,-1,375.000,-1,400.000,-1,325.000,325.000,300.000,300.000,-1,-1,-1,-1,675.000,700.000,-1,-1,2,0,2,0,2,0,0,0,0,2,2,2,2,0,0,2,2
78,-8924.439,-2186.460,36.705,-93.130,-0.054714,0.998268,0.021604,-0.998487,-0.054581,-0.006693,-0.005502,-0.021937,0.999744,0,0.69716,0.78767,41.830,1.575,-1,375.000,-1,400.000,-1,325.000,325.000,300.000,300.000,-1,-1,-1,-1,675.000,700.000,-1,-1,2,0,2,0,2,0,0,0,0,2,2,2,2,0,0,2,2
79,-8925.398,-2228.269,36.548,-91.314,-0.023048,0.999511,0.021147,-0.999720,-0.022930,-0.005816,-0.005328,-0.021275,0.999759,0,0.69701,0.90767,41.821,1.815,-1,375.000,-1,400.000,-1,325.000,325.000,300.000,300.000,-1,-1,-1,-1,650.000,700.000,-1,-1,2,0,2,0,2,0,0,0,0,2,2,2,2,0,0,2,2
80,-8924.898,-2270.092,36.360,-89.314,0.011863,0.999717,0.020606,-0.999916,0.011966,-0.004915,-0.005161,-0.020546,0.999776,0,0.69710,1.00000,41.826,2.000,-1,375.000,-1,400.000,-1,325.000,325.000,300.000,300.000,-1,-1,-1,-1,650.000,675.000,-1,-1,2,0,2,0,2,0,0,0,0,2,2,2,2,0,0,2,2
81,-8922.938,-2311.889,36.143,-87.314,0.046761,0.998706,0.019976,-0.998894,0.046849,-0.003998,-0.004929,-0.019767,0.999792,0,0.69738,1.00000,41.843,2.000,-1,375.000,-1,400.000,-1,325.000,325.000,300.000,300.000,-1,-1,-1,-1,650.000,675.000,-1,-1,2,0,2,0,2,0,0,0,0,2,2,2,2,0,0,2,2
82,-8919.518,-2353.609,35.899,-85.314,0.081603,0.996479,0.019258,-0.996654,0.081677,-0.003070,-0.004632,-0.018943,0.999810,0,0.69766,1.00000,41.860,2.000,-1,375.000,-1,375.000,-1,325.000,325.000,300.000,300.000,-1,-1,-1,-1,650.000,650.000,-1,-1,2,0,2,0,2,0,0,0,0,2,2,2,2,0,0,2,2
83,-8914.643,-2395.201,35.630,-83.314,0.116347,0.993037,0.018452,-0.993199,0.116405,-0.002138,-0.004271,-0.018077,0.999827,0,0.69794,1.00000,41.876,2.000,-1,375.000,-1,375.000,-1,325.000,325.000,300.000,300.000,-1,-1,-1,-1,650.000,650.000,-1,-1,2,0,2,0,2,0,0,0,0,2,2,2,2,0,0,2,2
84,-8908.317,-2436.613,35.340,-81.314,0.150949,0.988386,0.017560,-0.988534,0.150993,-0.001207,-0.003844,-0.017176,0.999845,0,0.69822,1.00000,41.893,2.000,-1,375.000,-1,375.000,-1,300.000,300.000,300.000,300.000,-1,-1,-1,-1,650.000,650.000,-1,975.000,2,0,2,0,2,0,0,0,0,2,2,2,2,0,0,2,1
85,-8900.546,-2477.796,35.030,-79.314,0.185368,0.982529,0.016584,-0.982663,0.185398,-0.000283,-0.003353,-0.016243,0.999862,0,0.69849,1.00000,41.910,2.000,-1,375.000,-1,375.000,950.000,300.000,300.000,300.000,300.000,-1,-1,-1,-1,625.000,625.000,-1,925.000,2,0,2,0,1,0,0,0,0,2,2,2,2,0,0,2,1
86,-8891.339,-2518.698,34.704,-77.314,0.219562,0.975475,0.015526,-0.975595,0.219579,0.000627,-0.002798,-0.015284,0.999879,0,0.69877,1.00000,41.926,2.000,-1,375.000,-1,375.000,900.000,300.000,300.000,300.000,300.000,-1,1000.000,700.000,-1,625.000,625.000,-1,900.000,2,0,2,0,1,0,0,0,0,2,0,0,2,0,0,2,1
87,-8880.706,-2559.271,34.415,-75.314,0.253485,0.967229,0.014608,-0.967337,0.253491,0.001420,-0.002330,-0.014491,0.999892,0,0.69904,1.00000,41.942,2.000,-1,375.000,-1,350.000,850.000,300.000,300.000,300.000,300.000,-1,775.000,600.000,-1,625.000,625.000,-1,875.000,2,0,2,0,1,0,0,0,0,2,0,0,2,0,0,2,1
88,-8868.659,-2599.462,34.601,-73.314,0.287108,0.957779,0.015130,-0.957898,0.287088,0.003472,-0.001018,-0.015490,0.999880,0,0.69931,1.00000,41.959,2.000,-1,350.000,-1,350.000,825.000,300.000,300.000,300.000,300.000,-1,625.000,550.000,-1,625.000,625.000,-1,850.000,2,0,2,0,1,0,0,0,0,2,0,0,2,0,0,2,1
89,-8855.211,-2639.224,34.962,-71.314,0.320392,0.947150,0.015971,-0.947284,0.320331,0.006351,0.000899,-0.017164,0.999852,0,0.69958,1.00000,41.975,2.000,-1,350.000,-1,350.000,800.000,300.000,300.000,300.000,325.000,-1,550.000,525.000,-1,650.000,625.000,-1,875.000,2,0,2,0,1,0,0,0,0,2,0,0,2,0,0,2,1
90,-8840.378,-2678.508,35.295,-69.314,0.353291,0.935367,0.016550,-0.935509,0.353181,0.009251,0.002808,-0.018751,0.999820,0,0.69985,1.00000,41.991,2.000,-1,375.000,-1,350.000,775.000,300.000,300.000,300.000,325.000,-1,500.000,500.000,-1,650.000,625.000,-1,925.000,2,0,2,0,1,0,0,0,0,2,0,0,2,0,0,2,1
91,-8824.176,-2717.265,35.679,-67.314,0.385755,0.922450,0.016683,-0.922590,0.385600,0.011801,0.004453,-0.019944,0.999791,0,0.70011,1.00000,42.007,2.000,-1,375.000,-1,350.000,775.000,300.000,300.000,300.000,325.000,-1,475.000,475.000,-1,650.000,625.000,-1,1000.000,2,0,2,0,1,0,0,0,0,2,0,0,2,0,0,2,0
92,-8806.626,-2755.446,36.079,-65.314,0.417747,0.908414,0.016493,-0.908544,0.417551,0.014124,0.005944,-0.020885,0.999764,0,0.70037,1.00000,42.022,2.000,-1,375.000,-1,350.000,775.000,300.000,300.000,300.000,325.000,-1,475.000,475.000,-1,650.000,625.000,-1,1000.000,2,0,2,0,1,0,0,0,0,2,0,0,2,0,0,2,0
93,-8787.747,-2793.007,36.545,-63.314,0.449231,0.893279,0.015632,-0.893382,0.448995,0.016484,0.007706,-0.021370,0.999742,0,0.70063,1.00000,42.038,2.000,-1,375.000,-1,350.000,825.000,300.000,300.000,300.000,325.000,-1,450.000,450.000,-1,650.000,625.000,-1,-1,2,0,2,0,1,0,0,0,0,2,0,0,2,0,0,2,2
94,-8767.561,-2829.899,37.168,-61.314,0.480171,0.877061,0.014145,-0.877118,0.479894,0.019145,0.010003,-0.021600,0.999717,0,0.70089,1.00000,42.053,2.000,-1,375.000,-1,375.000,925.000,300.000,300.000,300.000,300.000,-1,425.000,450.000,-1,675.000,625.000,-1,-1,2,0,2,0,1,0,0,0,0,2,0,0,2,0,0,2,2
95,-8746.092,-2866.077,37.766,-59.314,0.510521,0.859774,0.012537,-0.859778,0.510208,0.021685,0.012248,-0.021850,0.999686,0,0.70114,1.00000,42.069,2.000,-1,375.000,-1,375.000,-1,300.000,300.000,300.000,300.000,-1,425.000,425.000,-1,675.000,625.000,-1,-1,2,0,2,0,2,0,0,0,0,2,0,0,2,0,0,2,2
96,-8723.366,-2901.496,38.325,-57.314,0.540243,0.841440,0.010798,-0.841386,0.539900,0.024030,0.014390,-0.022067,0.999653,0,0.70139,1.00000,42.084,2.000,-1,375.000,-1,375.000,-1,300.000,300.000,300.000,300.000,-1,400.000,425.000,-1,700.000,650.000,-1,-1,2,0,2,0,2,0,0,0,0,2,0,0,2,0,0,2,2
97,-8699.409,-2936.113,38.845,-55.314,0.569299,0.822082,0.008948,-0.821966,0.568935,0.026170,0.016423,-0.022254,0.999617,0,0.70164,1.00000,42.098,2.000,-1,375.000,-1,375.000,-1,300.000,300.000,300.000,300.000,-1,400.000,400.000,-1,700.000,650.000,-1,-1,2,0,2,0,2,0,0,0,0,2,0,0,2,0,0,2,2
98,-8674.249,-2969.885,39.328,-53.314,0.597655,0.801722,0.007008,-0.801543,0.597276,0.028099,0.018342,-0.022410,0.999581,0,0.70188,1.00000,42.113,2.000,-1,375.000,-1,375.000,-1,300.000,300.000,300.000,300.000,-1,375.000,375.000,-1,725.000,650.000,-1,-1,2,0,2,0,2,0,0,0,0,2,0,0,2,0,0,2,2
99,-8647.918,-3002.769,39.774,-51.314,0.625277,0.780387,0.004998,-0.780143,0.624890,0.029810,0.020140,-0.022539,0.999543,0,0.70212,1.00000,42.127,2.000,-1,375.000,-1,375.000,-1,325.000,300.000,300.000,300.000,-1,350.000,375.000,-1,725.000,650.000,-1,-1,2,0,2,0,2,0,0,1,0,2,0,0,2,0,0,2,2
100,-8620.445,-3034.725,40.185,-49.314,0.652130,0.758102,0.002945,-0.757794,0.651743,0.031301,0.021810,-0.022644,0.999506,0,0.70236,1.00000,42.142,2.000,-1,400.000,-1,375.000,-1,325.000,300.000,300.000,300.000,-1,325.000,350.000,-1,750.000,675.000,-1,-1,2,0,2,0,2,0,0,1,0,2,0,0,2,0,0,2,2
101,-8588.764,-3069.363,41.321,-47.554,0.675127,0.737695,0.003081,-0.737367,0.674690,0.032929,0.022213,-0.024503,0.999453,0,0.78236,0.88000,46.942,1.760,-1,400.000,-1,375.000,-1,325.000,325.000,300.000,300.000,-1,350.000,400.000,-1,750.000,675.000,-1,-1,2,0,2,0,2,0,0,1,0,2,0,0,2,0,0,2,2
102,-8552.844,-3106.604,42.526,-46.034,0.694478,0.719507,0.002977,-0.719150,0.693990,0.034647,0.022863,-0.026202,0.999395,0,0.86236,0.76000,51.742,1.520,-1,400.000,-1,375.000,-1,325.000,325.000,300.000,300.000,-1,400.000,425.000,-1,775.000,675.000,-1,-1,2,0,2,0,2,0,0,1,0,2,0,0,2,0,0,2,2
103,-8515.912,-3143.220,43.683,-44.754,0.710396,0.703796,0.002780,-0.703407,0.709860,0.036283,0.023563,-0.027731,0.999338,0,0.86677,0.64000,52.006,1.280,-1,400.000,-1,375.000,-1,325.000,325.000,275.000,300.000,-1,425.000,450.000,-1,775.000,700.000,-1,-1,2,0,2,0,2,0,0,1,0,2,0,0,2,0,0,2,2
104,-8478.371,-3179.112,44.793,-43.714,0.723071,0.690769,0.002531,-0.690346,0.722490,0.037831,0.024304,-0.029102,0.999281,0,0.86564,0.52000,51.938,1.040,-1,400.000,-1,375.000,-1,325.000,325.000,275.000,300.000,-1,450.000,500.000,-1,775.000,700.000,-1,-1,2,0,2,0,2,0,0,1,0,2,0,0,2,0,0,2,2
105,-8440.395,-3214.418,45.955,-42.914,0.732668,0.680582,0.002453,-0.680122,0.732030,0.039580,0.025142,-0.030668,0.999213,0,0.86420,0.40000,51.852,0.800,-1,400.000,-1,375.000,-1,325.000,325.000,275.000,300.000,-1,475.000,525.000,-1,775.000,725.000,-1,-1,2,0,2,0,2,0,0,1,0,2,0,0,2,0,0,2,2
106,-8402.153,-3249.281,47.330,-42.354,0.739324,0.673345,0.002723,-0.672833,0.738591,0.042180,0.026391,-0.033017,0.999106,0,0.86247,0.28000,51.748,0.560,-1,400.000,-1,375.000,-1,325.000,325.000,275.000,300.000,-1,475.000,550.000,-1,775.000,725.000,-1,-1,2,0,2,0,2,0,0,1,0,2,0,0,2,0,0,2,2
107,-8363.807,-3283.849,48.658,-42.034,0.743113,0.669160,0.002993,-0.668595,0.742285,0.044653,0.027658,-0.035183,0.998998,0,0.86045,0.16000,51.627,0.320,-1,400.000,-1,400.000,-1,325.000,325.000,275.000,300.000,-1,500.000,575.000,-1,800.000,750.000,-1,-1,2,0,2,0,2,0,0,1,0,2,0,0,2,0,0,2,2
108,-8325.515,-3318.271,49.949,-41.954,0.744087,0.668074,0.003308,-0.667455,0.743165,0.047013,0.028950,-0.037189,0.998889,0,0.85816,0.04000,51.490,0.080,-1,400.000,-1,400.000,-1,325.000,325.000,300.000,300.000,-1,525.000,600.000,-1,800.000,775.000,-1,-1,2,0,2,0,2,0,0,1,0,2,0,0,2,0,0,2,2
109,-8287.431,-3352.698,51.211,-42.114,0.742262,0.670099,0.003711,-0.669425,0.741243,0.049273,0.030267,-0.039058,0.998778,0,0.85563,-0.08000,51.338,-0.160,-1,400.000,-1,400.000,-1,325.000,325.000,300.000,300.000,-1,550.000,625.000,-1,800.000,800.000,-1,-1,2,0,2,0,2,0,0,0,0,2,0,0,2,0,0,2,2
110,-8249.710,-3387.280,52.607,-42.514,0.737595,0.675230,0.004178,-0.674530,0.736518,0.050499,0.031022,-0.040066,0.998715,0,0.85290,-0.20000,51.174,-0.400,-1,400.000,-1,400.000,-1,325.000,325.000,300.000,300.000,-1,575.000,650.000,-1,825.000,800.000,-1,-1,2,0,2,0,2,0,0,0,0,2,0,0,2,0,0,2,2
111,-8215.615,-3418.714,53.929,-42.674,0.735719,0.677271,0.004598,-0.676572,0.734614,0.050916,0.031106,-0.040571,0.998692,0,0.77290,-0.08000,46.374,-0.160,-1,400.000,-1,400.000,-1,325.000,325.000,300.000,300.000,-1,600.000,700.000,-1,825.000,825.000,-1,-1,2,0,2,0,2,0,0,0,0,2,0,0,2,0,0,2,2
112,-8185.029,-3446.873,55.072,-42.635,0.736196,0.676751,0.004986,-0.676060,0.735067,0.051185,0.030975,-0.041053,0.998677,0,0.69290,0.01976,41.574,0.040,-1,400.000,-1,400.000,-1,325.000,325.000,300.000,300.000,-1,650.000,725.000,-1,825.000,825.000,-1,-1,2,0,2,0,2,0,0,0,0,2,0,0,2,0,0,2,2
113,-8156.188,-3473.390,56.112,-42.597,0.736651,0.676252,0.005386,-0.675573,0.735502,0.051370,0.030777,-0.041480,0.998665,0,0.65297,0.01896,39.178,0.038,-1,400.000,-1,400.000,-1,325.000,325.000,275.000,300.000,-1,675.000,775.000,-1,825.000,825.000,-1,-1,2,0,2,0,2,0,0,0,0,2,0,0,2,0,0,2,2
114,-8127.400,-3499.825,57.171,-42.561,0.737078,0.675782,0.005801,-0.675126,0.735923,0.051200,0.030331,-0.041655,0.998672,0,0.65142,0.01810,39.085,0.036,-1,400.000,-1,400.000,-1,325.000,325.000,275.000,300.000,-1,725.000,825.000,-1,850.000,850.000,-1,-1,2,0,2,0,2,0,0,0,0,2,0,0,2,0,0,2,2
115,-8098.659,-3526.185,58.215,-42.526,0.737480,0.675340,0.006243,-0.674714,0.736326,0.050846,0.029741,-0.041710,0.998687,0,0.64997,0.01715,38.998,0.034,-1,400.000,-1,400.000,-1,325.000,325.000,275.000,300.000,-1,775.000,875.000,-1,850.000,850.000,-1,-1,2,0,2,0,2,0,0,0,0,2,0,0,2,0,0,2,2
116,-8069.963,-3552.475,59.215,-42.494,0.737856,0.674924,0.006722,-0.674330,0.736704,0.050467,0.029110,-0.041770,0.998703,0,0.64863,0.01611,38.918,0.032,-1,400.000,-1,400.000,-1,325.000,325.000,275.000,275.000,-1,850.000,925.000,-1,850.000,850.000,-1,-1,2,0,2,0,2,0,0,0,0,2,0,0,2,0,0,2,2
117,-8041.308,-3578.699,60.170,-42.464,0.738205,0.674537,0.007238,-0.673976,0.737054,0.050065,0.028436,-0.041837,0.998720,0,0.64739,0.01498,38.844,0.030,-1,400.000,-1,400.000,-1,325.000,325.000,275.000,275.000,-1,900.000,975.000,-1,850.000,875.000,-1,-1,2,0,2,0,2,0,0,0,0,2,0,0,2,0,0,2,2
118,-8012.691,-3604.864,61.143,-42.437,0.738522,0.674188,0.007479,-0.673651,0.737384,0.049590,0.027918,-0.041661,0.998742,0,0.64627,0.01377,38.776,0.028,-1,400.000,-1,400.000,-1,325.000,325.000,275.000,275.000,-1,950.000,-1,-1,850.000,875.000,-1,-1,2,0,2,0,2,0,0,0,0,2,0,2,2,0,0,2,2
119,-7984.106,-3630.977,62.097,-42.412,0.738807,0.673874,0.007623,-0.673358,0.737686,0.049070,0.027443,-0.041386,0.998766,0,0.64527,0.01249,38.716,0.025,-1,400.000,-1,400.000,-1,325.000,325.000,300.000,275.000,-1,1000.000,-1,-1,875.000,875.000,-1,-1,2,0,2,0,2,0,0,0,0,2,0,2,2,0,0,2,2
120,-7955.550,-3657.042,63.121,-42.389,0.739064,0.673585,0.008272,-0.673109,0.737945,0.048600,0.026631,-0.041486,0.998784,0,0.64439,0.01112,38.663,0.022,-1,400.000,-1,400.000,-1,325.000,325.000,300.000,275.000,900.000,-1,-1,-1,875.000,900.000,-1,-1,2,0,2,0,2,0,0,0,0,1,2,2,2,0,0,2,2
121,-7927.019,-3683.066,64.195,-42.370,0.739288,0.673326,0.009243,-0.672903,0.738162,0.048151,0.025599,-0.041817,0.998797,0,0.64362,0.00967,38.617,0.019,-1,400.000,-1,400.000,-1,325.000,325.000,300.000,275.000,850.000,-1,-1,-1,875.000,900.000,-1,-1,2,0,2,0,2,0,0,0,0,1,2,2,2,0,0,2,2
122,-7898.509,-3709.057,65.213,-42.354,0.739475,0.673106,0.010251,-0.672738,0.738343,0.047679,0.024524,-0.042154,0.998810,0,0.64298,0.00816,38.579,0.016,-1,425.000,-1,400.000,-1,325.000,325.000,300.000,275.000,825.000,-1,-1,-1,850.000,900.000,-1,-1,2,0,2,0,2,0,0,0,0,1,2,2,2,0,0,2,2
123,-7870.017,-3735.019,66.173,-42.341,0.739622,0.672927,0.011298,-0.672615,0.738487,0.047185,0.023409,-0.042498,0.998822,0,0.64245,0.00657,38.547,0.013,-1,425.000,-1,425.000,-1,325.000,325.000,300.000,275.000,825.000,-1,-1,-1,850.000,900.000,-1,-1,2,0,2,0,2,0,0,0,0,1,2,2,2,0,0,2,2
124,-7841.538,-3760.960,67.078,-42.331,0.739729,0.672790,0.012382,-0.672536,0.738591,0.046669,0.022253,-0.042850,0.998834,0,0.64204,0.00492,38.523,0.010,-1,425.000,-1,425.000,-1,325.000,325.000,275.000,275.000,800.000,-1,-1,-1,850.000,925.000,-1,-1,2,0,2,0,2,0,0,0,0,1,2,2,2,0,0,2,2
125,-7813.069,-3786.887,67.927,-42.324,0.739794,0.672698,0.013506,-0.672504,0.738655,0.046130,0.021055,-0.043209,0.998844,0,0.64175,0.00319,38.505,0.006,-1,425.000,-1,425.000,-1,325.000,325.000,275.000,275.000,800.000,-1,-1,-1,850.000,925.000,-1,-1,2,0,2,0,2,0,0,0,0,1,2,2,2,0,0,2,2
126,-7784.607,-3812.805,68.712,-42.322,0.739815,0.672651,0.014632,-0.672518,0.738677,0.045563,0.019839,-0.043548,0.998854,0,0.64158,0.00141,38.495,0.003,-1,425.000,-1,425.000,-1,325.000,325.000,275.000,275.000,825.000,-1,-1,-1,850.000,925.000,-1,-1,2,0,2,0,2,0,0,0,0,1,2,2,2,0,0,2,2
127,-7756.148,-3838.721,69.427,-42.322,0.739790,0.672654,0.015730,-0.672580,0.738657,0.044962,0.018625,-0.043842,0.998865,0,0.64152,-0.00044,38.491,-0.001,-1,425.000,-1,425.000,-1,325.000,325.000,275.000,275.000,825.000,-1,-1,-1,850.000,925.000,-1,-1,2,0,2,0,2,0,0,0,0,1,2,2,2,0,0,2,2
128,-7727.688,-3864.641,70.078,-42.327,0.739718,0.672707,0.016832,-0.672693,0.738593,0.044320,0.017382,-0.044107,0.998876,0,0.64158,-0.00235,38.495,-0.005,-1,425.000,-1,425.000,-1,325.000,350.000,275.000,275.000,825.000,-1,-1,-1,850.000,950.000,-1,-1,2,0,2,0,2,0,0,0,0,1,2,2,2,0,0,2,2
129,-7699.225,-3890.573,70.600,-42.336,0.739591,0.672818,0.017920,-0.672868,0.738492,0.043338,0.015925,-0.044111,0.998900,0,0.64174,-0.00431,38.504,-0.009,-1,425.000,-1,425.000,-1,325.000,350.000,275.000,275.000,850.000,-1,-1,-1,825.000,950.000,-1,-1,2,0,2,0,2,0,0,0,0,1,2,2,2,0,0,2,2
130,-7674.301,-3913.479,71.013,-42.584,0.736643,0.676018,0.018878,-0.676119,0.735568,0.042463,0.014819,-0.044044,0.998920,0,0.56419,-0.12431,33.852,-0.249,-1,425.000,-1,425.000,-1,325.000,350.000,275.000,275.000,850.000,-1,-1,-1,825.000,950.000,-1,-1,2,0,2,0,2,0,0,0,0,1,2,2,2,0,0,2,2
131,-7649.564,-3936.605,71.389,-43.073,0.730831,0.682270,0.019847,-0.682417,0.729780,0.041580,0.013885,-0.043932,0.998938,0,0.56439,-0.24431,33.863,-0.489,-1,425.000,-1,425.000,-1,325.000,350.000,275.000,275.000,850.000,-1,-1,-1,825.000,950.000,-1,-1,2,0,2,0,2,0,0,0,0,1,2,2,2,0,0,2,2
132,-7625.099,-3960.034,71.734,-43.761,0.722572,0.690982,0.020835,-0.691172,0.721543,0.040695,0.013086,-0.043806,0.998954,0,0.56456,-0.34380,33.873,-0.688,-1,425.000,-1,425.000,-1,325.000,350.000,275.000,275.000,875.000,-1,-1,-1,825.000,950.000,-1,-1,2,0,2,0,2,0,0,0,0,1,2,2,2,0,0,2,2
133,-7600.911,-3983.764,72.052,-44.452,0.714159,0.699642,0.021849,-0.699876,0.713154,0.039815,0.012274,-0.043726,0.998968,0,0.56475,-0.34576,33.885,-0.692,-1,425.000,-1,425.000,-1,350.000,350.000,275.000,275.000,875.000,-1,-1,-1,825.000,975.000,-1,-1,2,0,2,0,2,0,0,0,0,1,2,2,2,0,0,2,2
134,-7576.998,-4007.800,72.351,-45.148,0.705592,0.708248,0.022895,-0.708525,0.704608,0.038982,0.011476,-0.043727,0.998978,0,0.56508,-0.34777,33.905,-0.696,-1,425.000,-1,425.000,-1,350.000,350.000,275.000,275.000,900.000,-1,-1,-1,825.000,975.000,-1,-1,2,0,2,0,2,0,0,0,0,1,2,2,2,0,0,2,2
135,-7553.361,-4032.146,72.644,-45.847,0.696866,0.716801,0.023951,-0.717123,0.695908,0.038019,0.010584,-0.043670,0.998990,0,0.56554,-0.34985,33.933,-0.700,-1,425.000,-1,425.000,-1,350.000,350.000,275.000,275.000,900.000,-1,-1,-1,825.000,975.000,-1,-1,2,0,2,0,2,0,0,0,0,1,2,2,2,0,0,2,2
136,-7530.001,-4056.807,72.967,-46.551,0.687973,0.725306,0.024988,-0.725674,0.687057,0.036752,0.009488,-0.043418,0.999012,0,0.56613,-0.35199,33.968,-0.704,-1,425.000,-1,425.000,-1,350.000,350.000,275.000,275.000,925.000,-1,-1,-1,825.000,975.000,-1,-1,2,0,2,0,2,0,0,0,0,1,2,2,2,0,0,2,2
