timestep,x_cm,y_cm,z_cm,yaw_deg,basis_xx,basis_xy,basis_xz,basis_yx,basis_yy,basis_yz,basis_zx,basis_zy,basis_zz,teleport_flag,throttle_cmd,steering_cmd,cmd_move_cm,cmd_turn_deg,lidar_cm_0,lidar_cm_1,lidar_cm_2,lidar_cm_3,lidar_cm_4,lidar_cm_5,lidar_cm_6,lidar_cm_7,lidar_cm_8,lidar_cm_9,lidar_cm_10,lidar_cm_11,lidar_cm_12,lidar_cm_13,lidar_cm_14,lidar_cm_15,lidar_cm_16,lidar_class_0,lidar_class_1,lidar_class_2,lidar_class_3,lidar_class_4,lidar_class_5,lidar_class_6,lidar_class_7,lidar_class_8,lidar_class_9,lidar_class_10,lidar_class_11,lidar_class_12,lidar_class_13,lidar_class_14,lidar_class_15,lidar_class_16
0,-8198.518,-979.136,-81.521,81.861,0.135575,-0.985142,0.105423,0.989018,0.140887,0.044663,-0.058852,0.098211,0.993424,1,0.08000,-0.12000,4.800,-0.240,-1,425.000,800.000,375.000,600.000,350.000,325.000,175.000,275.000,-1,-1,-1,-1,775.000,500.000,-1,550.000,2,0,1,0,1,0,0,1,0,2,2,2,2,0,1,2,1
1,-8197.079,-969.644,-81.894,81.381,0.143566,-0.983914,0.106308,0.987729,0.149133,0.046373,-0.061481,0.098345,0.993251,0,0.16000,-0.24000,9.600,-0.480,-1,425.000,775.000,375.000,600.000,325.000,325.000,175.000,275.000,-1,-1,-1,-1,750.000,475.000,-1,525.000,2,0,1,0,1,0,0,1,0,2,2,2,2,0,1,2,1
2,-8194.741,-955.433,-82.448,80.661,0.155531,-0.981938,0.107738,0.985666,0.161482,0.048852,-0.065367,0.098596,0.992978,0,0.24000,-0.36000,14.400,-0.720,-1,425.000,725.000,375.000,600.000,325.000,325.000,200.000,275.000,-1,-1,-1,-1,725.000,475.000,-1,525.000,2,0,1,0,1,0,0,1,0,2,2,2,2,0,1,2,1
3,-8191.307,-936.541,-83.179,79.701,0.171438,-0.979053,0.109834,0.982674,0.177903,0.051976,-0.070427,0.099021,0.992590,0,0.32000,-0.48000,19.200,-0.960,-1,400.000,675.000,375.000,575.000,325.000,300.000,200.000,250.000,-1,-1,-1,-1,700.000,450.000,-1,500.000,2,0,1,1,1,1,0,1,0,2,2,2,2,0,1,2,1
4,-8186.592,-913.007,-84.102,78.672,0.188370,-0.975633,0.112506,0.979142,0.195449,0.055509,-0.076145,0.099703,0.992099,0,0.40000,-0.51466,24.000,-1.029,-1,400.000,625.000,350.000,550.000,325.000,300.000,225.000,250.000,-1,-1,-1,-1,675.000,425.000,-1,475.000,2,0,1,0,1,1,0,1,0,2,2,2,2,0,1,2,1
5,-8180.426,-884.873,-85.234,77.640,0.205187,-0.971860,0.115697,0.975263,0.212960,0.059255,-0.082226,0.100677,0.991516,0,0.48000,-0.51575,28.800,-1.032,-1,375.000,575.000,350.000,525.000,300.000,300.000,250.000,250.000,-1,-1,-1,-1,650.000,400.000,975.000,450.000,2,0,1,1,1,1,1,1,0,2,2,2,2,0,1,1,1
6,-8172.642,-852.185,-86.580,76.606,0.221909,-0.967730,0.119396,0.971043,0.230443,0.063015,-0.088495,0.101955,0.990845,0,0.56000,-0.51731,33.600,-1.035,-1,375.000,525.000,325.000,500.000,300.000,275.000,275.000,250.000,-1,-1,-1,-1,625.000,375.000,925.000,425.000,2,0,1,1,1,1,1,1,0,2,2,2,2,0,1,1,1
7,-8163.070,-814.995,-88.152,75.567,0.238566,-0.963233,0.123564,0.966495,0.247910,0.066548,-0.094734,0.103548,0.990103,0,0.64000,-0.51944,38.400,-1.039,1000.000,350.000,475.000,300.000,450.000,275.000,250.000,300.000,250.000,-1,-1,-1,-1,600.000,350.000,875.000,400.000,1,1,1,1,1,1,1,1,0,2,2,2,2,0,1,1,1
8,-8151.541,-773.359,-89.961,74.522,0.255201,-0.958360,0.128133,0.961633,0.265373,0.069568,-0.100674,0.105463,0.989314,0,0.72000,-0.52223,43.200,-1.044,900.000,325.000,425.000,275.000,400.000,250.000,250.000,350.000,250.000,-1,-1,-1,-1,550.000,300.000,825.000,350.000,1,1,1,1,1,1,1,1,0,2,2,2,2,1,1,1,1
9,-8139.228,-731.882,-92.994,73.471,0.272920,-0.953612,0.127038,0.956619,0.283001,0.069218,-0.101959,0.102636,0.989480,0,0.72108,-0.52579,43.265,-1.052,850.000,300.000,375.000,250.000,375.000,225.000,225.000,375.000,250.000,-1,-1,-1,-1,450.000,275.000,775.000,325.000,1,1,1,1,1,1,1,1,0,2,2,2,2,1,1,1,1
10,-8126.307,-691.136,-96.805,72.411,0.291792,-0.948782,0.121121,0.951578,0.300765,0.063557,-0.096731,0.096711,0.990601,0,0.71244,-0.52976,42.746,-1.060,800.000,275.000,325.000,225.000,325.000,225.000,200.000,400.000,250.000,-1,-1,-1,-1,400.000,250.000,725.000,275.000,1,1,1,1,1,1,1,1,0,2,2,2,2,1,1,1,1
11,-8112.766,-651.040,-100.295,71.343,0.310607,-0.943418,0.116133,0.946196,0.318536,0.056984,-0.090752,0.092185,0.991598,0,0.70536,-0.53404,42.322,-1.068,750.000,250.000,300.000,200.000,300.000,200.000,175.000,425.000,250.000,425.000,-1,-1,-1,350.000,225.000,700.000,250.000,1,1,1,1,1,1,1,1,0,1,2,2,2,1,1,1,1
12,-8098.587,-611.523,-103.754,70.266,0.329359,-0.937626,0.111263,0.940370,0.336346,0.050750,-0.085007,0.087913,0.992494,0,0.69974,-0.53858,41.984,-1.077,700.000,225.000,250.000,175.000,275.000,175.000,150.000,450.000,275.000,450.000,-1,-1,-1,300.000,200.000,650.000,225.000,1,1,1,1,1,1,1,1,0,1,2,2,2,1,1,1,1
13,-8083.754,-572.524,-107.123,69.179,0.348050,-0.931416,0.106423,0.934084,0.354197,0.045071,-0.079675,0.083721,0.993299,0,0.69542,-0.54338,41.725,-1.087,650.000,200.000,225.000,150.000,225.000,150.000,125.000,450.000,275.000,475.000,-1,-1,-1,250.000,175.000,600.000,200.000,1,1,1,1,1,1,1,0,0,1,2,2,2,1,1,1,1
14,-8068.246,-533.992,-109.523,68.083,0.367120,-0.924952,0.098425,0.927382,0.372156,0.038256,-0.072014,0.077233,0.994409,0,0.69227,-0.54838,41.536,-1.097,600.000,150.000,175.000,125.000,200.000,125.000,125.000,425.000,275.000,500.000,-1,-1,-1,200.000,150.000,525.000,150.000,1,1,1,1,1,1,1,0,0,1,2,2,2,1,1,1,1
15,-8052.042,-495.887,-104.421,66.975,0.388566,-0.918844,0.068863,0.920456,0.390493,0.016618,-0.042160,0.056928,0.997488,0,0.69019,-0.55359,41.411,-1.107,575.000,150.000,175.000,125.000,200.000,125.000,100.000,400.000,325.000,475.000,175.000,-1,-1,200.000,125.000,475.000,150.000,1,1,1,1,1,1,1,0,1,1,1,2,2,1,1,1,1
16,-8035.128,-458.165,-98.114,65.857,0.408690,-0.911853,0.038684,0.912633,0.408705,-0.007863,-0.008641,0.038518,0.999221,0,0.68904,-0.55897,41.342,-1.118,550.000,150.000,175.000,125.000,200.000,125.000,100.000,400.000,-1,425.000,150.000,300.000,-1,200.000,125.000,425.000,150.000,1,1,1,1,1,1,1,0,2,1,1,1,2,1,1,1,1
17,-2295.842,6231.333,196.729,116.195,-0.451927,-0.888863,-0.075394,0.885885,-0.437272,-0.154922,0.104737,-0.136804,0.985046,1,0.00000,0.00000,46.142,-1.358,-1,-1,-1,275.000,-1,350.000,275.000,275.000,600.000,375.000,75.000,175.000,-1,-1,-1,-1,225.000,2,2,2,1,2,1,1,0,0,0,0,0,2,2,2,2,1
18,-2295.194,-7538.454,46.249,83.130,0.120122,-0.992521,0.021723,0.992521,0.119586,-0.024502,0.021721,0.024504,0.999464,1,0.08000,0.12000,4.800,0.240,-1,400.000,-1,375.000,975.000,325.000,325.000,325.000,325.000,925.000,375.000,375.000,-1,775.000,750.000,-1,-1,2,0,2,0,1,0,0,0,0,1,1,1,2,0,0,2,2
19,-2294.125,-7528.913,46.455,83.610,0.111803,-0.993495,0.021636,0.993487,0.111267,-0.024562,0.021995,0.024241,0.999464,0,0.16000,0.24000,9.600,0.480,-1,400.000,-1,375.000,975.000,325.000,325.000,325.000,325.000,925.000,400.000,375.000,-1,775.000,750.000,-1,-1,2,0,2,0,1,0,0,0,0,1,1,1,2,0,0,2,2
20,-2292.702,-7514.584,46.768,84.330,0.099310,-0.994824,0.021499,0.994804,0.098775,-0.024647,0.022396,0.023835,0.999465,0,0.24000,0.36000,14.400,0.720,-1,400.000,-1,375.000,975.000,325.000,325.000,325.000,325.000,925.000,400.000,400.000,-1,775.000,750.000,-1,-1,2,0,2,0,1,0,0,0,0,1,1,1,2,0,0,2,2
21,-2291.125,-7495.449,47.195,85.290,0.082627,-0.996353,0.021306,0.996317,0.082095,-0.024753,0.022914,0.023273,0.999467,0,0.32000,0.48000,19.200,0.960,-1,400.000,-1,375.000,975.000,325.000,325.000,325.000,300.000,925.000,425.000,400.000,-1,800.000,750.000,-1,-1,2,0,2,0,1,0,0,0,0,1,1,1,2,0,0,2,2
22,-2289.569,-7471.499,47.742,86.283,0.065348,-0.997640,0.021052,0.997587,0.064819,-0.024877,0.023454,0.022627,0.999469,0,0.40000,0.49642,24.000,0.993,-1,400.000,-1,375.000,975.000,325.000,325.000,325.000,300.000,950.000,450.000,425.000,-1,800.000,750.000,-1,-1,2,0,2,0,1,0,0,0,0,1,1,1,2,0,0,2,2
23,-2288.210,-7442.731,48.415,87.296,0.047692,-0.998647,0.020732,0.998574,0.047169,-0.025017,0.024005,0.021895,0.999472,0,0.48000,0.50659,28.800,1.013,-1,400.000,-1,375.000,975.000,325.000,325.000,325.000,300.000,950.000,475.000,475.000,-1,800.000,750.000,-1,-1,2,0,2,0,1,0,0,0,0,1,1,1,2,0,0,2,2
24,-2287.269,-7410.386,49.186,88.333,0.029594,-0.999355,0.020353,0.999260,0.029078,-0.025163,0.024555,0.021083,0.999476,0,0.53932,0.51879,32.359,1.038,-1,400.000,-1,375.000,1000.000,325.000,325.000,325.000,300.000,975.000,500.000,500.000,-1,800.000,750.000,-1,-1,2,0,2,0,1,0,0,0,0,1,1,1,2,0,0,2,2
25,-2286.923,-7377.450,49.985,89.398,0.011004,-0.999740,0.019949,0.999625,0.010498,-0.025304,0.025088,0.020220,0.999481,0,0.54897,0.53252,32.938,1.065,-1,400.000,-1,375.000,1000.000,325.000,325.000,300.000,300.000,1000.000,525.000,525.000,-1,800.000,750.000,-1,-1,2,0,2,0,1,0,0,0,0,1,1,1,2,0,0,2,2
26,-2287.210,-7343.917,50.812,90.491,-0.008078,-0.999777,0.019518,0.999640,-0.008574,-0.025439,0.025600,0.019305,0.999486,0,0.55889,0.54649,33.534,1.093,-1,400.000,-1,400.000,-1,325.000,325.000,300.000,300.000,1000.000,550.000,575.000,-1,825.000,750.000,-1,-1,2,0,2,0,2,0,0,0,0,1,1,1,2,0,0,2,2
27,-2288.297,-7309.790,51.669,91.824,-0.031347,-0.999327,0.019054,0.999166,-0.031830,-0.025568,0.026158,0.018237,0.999491,0,0.56907,0.66649,34.144,1.333,-1,400.000,-1,400.000,1000.000,325.000,325.000,300.000,300.000,-1,600.000,600.000,-1,825.000,750.000,-1,975.000,2,0,2,0,1,0,0,0,0,2,1,1,2,0,0,2,1
28,-2290.357,-7275.080,52.558,93.397,-0.058784,-0.998098,0.018554,0.997912,-0.059251,-0.025694,0.026745,0.017005,0.999498,0,0.57953,0.78649,34.772,1.573,-1,400.000,-1,400.000,975.000,325.000,325.000,300.000,300.000,-1,625.000,650.000,-1,825.000,750.000,-1,950.000,2,0,2,0,1,0,0,0,0,2,1,1,2,0,0,2,1
29,-2293.573,-7239.810,53.486,95.210,-0.090353,-0.995747,0.017994,0.995535,-0.090800,-0.025807,0.027331,0.015582,0.999505,0,0.59028,0.90649,35.417,1.813,-1,400.000,-1,400.000,925.000,325.000,325.000,300.000,300.000,-1,650.000,675.000,-1,850.000,750.000,-1,925.000,2,0,2,0,1,0,0,0,0,2,1,1,2,0,1,2,1
30,-2298.101,-7204.014,54.438,97.210,-0.125077,-0.991994,0.017410,0.991760,-0.125499,-0.025736,0.027715,0.014047,0.999517,0,0.60135,1.00000,36.081,2.000,-1,400.000,-1,400.000,875.000,325.000,325.000,300.000,300.000,-1,700.000,725.000,-1,875.000,725.000,-1,900.000,2,0,2,0,1,0,0,0,0,2,1,1,2,0,1,2,1
31,-2304.528,-7163.642,55.539,99.046,-0.156823,-0.987485,0.016756,0.987233,-0.157217,-0.025578,0.027892,0.012531,0.999532,0,0.68135,0.91791,40.881,1.836,-1,400.000,-1,400.000,825.000,325.000,325.000,300.000,300.000,-1,750.000,775.000,-1,900.000,725.000,-1,900.000,2,0,2,0,1,0,0,0,0,2,1,1,2,0,1,2,1
32,-2312.717,-7120.903,56.684,100.847,-0.187823,-0.982076,0.015798,0.981810,-0.188178,-0.025257,0.027778,0.010767,0.999556,0,0.72527,0.90051,43.516,1.801,-1,400.000,-1,400.000,800.000,325.000,325.000,300.000,300.000,-1,800.000,850.000,-1,925.000,725.000,-1,900.000,2,0,2,0,1,0,0,0,0,2,1,1,2,0,1,2,1
33,-2322.278,-7078.168,57.845,102.612,-0.218016,-0.975833,0.014761,0.975555,-0.218332,-0.024957,0.027576,0.008959,0.999580,0,0.72986,0.88223,43.792,1.764,-1,400.000,-1,375.000,750.000,325.000,325.000,300.000,300.000,-1,850.000,900.000,-1,925.000,750.000,-1,925.000,2,0,2,0,1,0,0,0,0,2,1,1,2,0,1,2,1
34,-2333.186,-7035.501,59.017,104.340,-0.247402,-0.968817,0.013645,0.968528,-0.247676,-0.024681,0.027291,0.007110,0.999602,0,0.73398,0.86441,44.039,1.729,-1,400.000,-1,375.000,725.000,325.000,325.000,300.000,300.000,-1,900.000,975.000,-1,950.000,800.000,-1,-1,2,0,2,0,1,0,0,0,0,2,1,1,2,0,1,2,2
35,-2345.416,-6992.966,60.197,106.042,-0.276115,-0.961044,0.012453,0.960747,-0.276346,-0.024438,0.026928,0.005217,0.999624,0,0.73764,0.85105,44.259,1.702,-1,400.000,-1,400.000,725.000,325.000,325.000,300.000,300.000,-1,975.000,-1,-1,975.000,875.000,-1,-1,2,0,2,0,1,0,0,0,0,2,1,2,2,0,0,2,2
36,-2358.945,-6950.622,61.381,107.719,-0.304153,-0.952557,0.011187,0.952255,-0.304341,-0.024234,0.026489,0.003282,0.999644,0,0.74088,0.83808,44.453,1.676,-1,425.000,-1,400.000,725.000,325.000,325.000,300.000,300.000,-1,-1,-1,-1,-1,900.000,-1,-1,2,0,2,0,1,0,0,0,0,2,2,2,2,2,0,2,2
37,-2373.745,-6908.522,62.565,109.370,-0.331518,-0.943397,0.009849,0.943091,-0.331662,-0.024074,0.025978,0.001307,0.999662,0,0.74375,0.82552,44.625,1.651,-1,425.000,-1,400.000,750.000,325.000,325.000,300.000,300.000,-1,-1,-1,-1,-1,925.000,-1,-1,2,0,2,0,1,0,0,0,0,2,2,2,2,2,0,2,2
38,-2390.901,-6863.963,63.823,111.057,-0.359199,-0.933224,0.008344,0.932917,-0.359295,-0.023954,0.025353,-0.000820,0.999678,0,0.79579,0.84360,47.748,1.687,-1,425.000,-1,400.000,800.000,325.000,325.000,300.000,300.000,-1,-1,-1,-1,-1,975.000,-1,-1,2,0,2,0,1,0,0,0,0,2,2,2,2,2,0,2,2
39,-2409.480,-6819.556,64.988,112.703,-0.385907,-0.922512,0.006963,0.922216,-0.385960,-0.023517,0.024382,-0.002654,0.999699,0,0.80228,0.82329,48.137,1.647,-1,425.000,-1,425.000,-1,325.000,325.000,300.000,300.000,-1,-1,-1,-1,-1,1000.000,-1,-1,2,0,2,0,2,0,0,0,0,2,2,2,2,2,0,2,2
40,-2427.949,-6778.288,65.948,114.110,-0.408464,-0.912756,0.005842,0.912483,-0.408487,-0.022644,0.023055,-0.003919,0.999727,0,0.75354,0.70329,45.213,1.407,-1,425.000,-1,425.000,-1,325.000,325.000,300.000,300.000,-1,-1,-1,-1,-1,-1,-1,-1,2,0,2,0,2,0,0,0,0,2,2,2,2,2,2,2,2
41,-2447.374,-6737.150,66.887,115.277,-0.426989,-0.904245,0.004627,0.903998,-0.426983,-0.021748,0.021641,-0.005104,0.999753,0,0.75822,0.58329,45.493,1.167,-1,425.000,-1,425.000,-1,325.000,350.000,300.000,300.000,-1,-1,-1,-1,-1,-1,-1,-1,2,0,2,0,2,0,0,0,0,2,2,2,2,2,2,2,2
42,-2467.576,-6696.100,67.788,116.203,-0.441577,-0.897217,0.003382,0.896996,-0.441547,-0.020844,0.020195,-0.006171,0.999777,0,0.76253,0.46329,45.752,0.927,-1,425.000,-1,425.000,-1,350.000,350.000,300.000,300.000,-1,-1,-1,-1,-1,-1,-1,-1,2,0,2,0,2,0,0,0,0,2,2,2,2,2,2,2,2
43,-2488.378,-6655.078,68.631,116.890,-0.452314,-0.891856,0.002213,0.891661,-0.452264,-0.019954,0.018797,-0.007052,0.999798,0,0.76658,0.34329,45.995,0.687,-1,425.000,-1,450.000,-1,350.000,350.000,300.000,300.000,-1,-1,-1,-1,-1,-1,-1,-1,2,0,2,0,2,0,0,0,0,2,2,2,2,2,2,2,2
44,-2509.571,-6614.083,69.215,117.336,-0.459253,-0.888304,0.001420,0.888149,-0.459202,-0.018021,0.016660,-0.007015,0.999837,0,0.76916,0.22329,46.150,0.447,-1,425.000,-1,450.000,-1,350.000,350.000,300.000,300.000,-1,-1,-1,-1,-1,-1,-1,-1,2,0,2,0,2,0,0,0,0,2,2,2,2,2,2,2,2
45,-2530.830,-6573.318,69.487,117.543,-0.462441,-0.886650,0.001101,0.886545,-0.462405,-0.014842,0.013669,-0.005887,0.999889,0,0.76625,0.10329,45.975,0.207,-1,450.000,-1,450.000,-1,350.000,350.000,300.000,300.000,-1,-1,-1,-1,-1,-1,-1,-1,2,0,2,0,2,0,0,0,0,2,2,2,2,2,2,2,2
46,-2551.986,-6532.694,69.742,117.509,-0.461914,-0.886924,0.000717,0.886860,-0.461890,-0.011695,0.010704,-0.004766,0.999931,0,0.76339,-0.01671,45.803,-0.033,-1,450.000,-1,450.000,-1,350.000,350.000,300.000,300.000,-1,-1,-1,-1,-1,-1,-1,-1,2,0,2,0,2,0,0,0,0,2,2,2,2,2,2,2,2
47,-2572.873,-6492.115,69.927,117.236,-0.457670,-0.889122,0.000042,0.889090,-0.457654,-0.008528,0.007601,-0.003866,0.999964,0,0.76066,-0.13671,45.639,-0.273,-1,450.000,-1,450.000,-1,350.000,350.000,300.000,275.000,-1,-1,-1,-1,-1,-1,-1,-1,2,0,2,0,2,0,0,0,1,2,2,2,2,2,2,2,2
48,-2593.328,-6451.486,69.997,116.723,-0.449681,-0.893189,-0.000974,0.893178,-0.449669,-0.005587,0.004552,-0.003383,0.999984,0,0.75812,-0.25671,45.487,-0.513,-1,450.000,-1,450.000,-1,350.000,350.000,300.000,275.000,-1,-1,-1,-1,-1,-1,-1,-1,2,0,2,0,2,0,0,0,1,2,2,2,2,2,2,2,2
49,-2613.330,-6410.785,70.016,116.172,-0.441070,-0.897471,-0.002015,0.897471,-0.441064,-0.002780,0.001606,-0.003035,0.999994,0,0.75584,-0.27535,45.351,-0.551,-1,450.000,-1,425.000,-1,350.000,350.000,325.000,275.000,-1,-1,-1,-1,-1,-1,-1,-1,2,0,2,0,2,0,0,0,1,2,2,2,2,2,2,2,2
50,-2632.876,-6370.022,69.633,115.617,-0.432347,-0.901694,-0.004961,0.901704,-0.432354,0.000451,-0.002551,-0.004278,0.999988,0,0.75345,-0.27730,45.207,-0.555,-1,450.000,-1,425.000,-1,350.000,350.000,300.000,275.000,-1,-1,-1,-1,-1,-1,-1,-1,2,0,2,0,2,0,0,0,1,2,2,2,2,2,2,2,2
51,-2651.959,-6329.209,69.158,115.059,-0.423507,-0.905856,-0.008198,0.905867,-0.423546,0.003776,-0.006893,-0.005828,0.999959,0,0.75089,-0.27908,45.053,-0.558,-1,425.000,-1,425.000,-1,350.000,350.000,300.000,275.000,-1,-1,-1,-1,-1,1000.000,-1,-1,2,0,2,0,2,0,0,0,1,2,2,2,2,2,0,2,2
52,-2670.573,-6288.359,68.534,114.498,-0.414566,-0.909955,-0.010786,0.909955,-0.414649,0.006968,-0.010813,-0.006926,0.999918,0,0.74818,-0.28067,44.891,-0.561,-1,425.000,-1,425.000,-1,350.000,350.000,300.000,275.000,-1,-1,-1,-1,-1,975.000,-1,-1,2,0,2,0,2,0,0,0,1,2,2,2,2,2,0,2,2
53,-2688.715,-6247.485,67.877,113.934,-0.405528,-0.913986,-0.013256,0.913965,-0.405666,0.010148,-0.014652,-0.008000,0.999861,0,0.74533,-0.28207,44.720,-0.564,-1,425.000,-1,425.000,-1,350.000,325.000,300.000,275.000,-1,-1,-1,-1,-1,950.000,-1,-1,2,0,2,0,2,0,0,0,1,2,2,2,2,2,0,2,2
54,-2706.382,-6206.596,67.198,113.367,-0.396400,-0.917945,-0.015645,0.917893,-0.396604,0.013323,-0.018435,-0.009079,0.999789,0,0.74236,-0.28329,44.542,-0.567,-1,425.000,-1,425.000,-1,325.000,325.000,300.000,275.000,-1,-1,-1,-1,1000.000,950.000,-1,-1,2,0,2,0,2,0,0,0,1,2,2,2,2,0,0,2,2
55,-2723.570,-6165.704,66.497,112.798,-0.387187,-0.921826,-0.017954,0.921735,-0.387470,0.016493,-0.022160,-0.010163,0.999703,0,0.73929,-0.28433,44.358,-0.569,-1,425.000,-1,425.000,-1,325.000,325.000,300.000,275.000,-1,-1,-1,-1,975.000,925.000,-1,-1,2,0,2,0,2,0,0,0,1,2,2,2,2,0,0,2,2
56,-2740.279,-6124.818,65.776,112.228,-0.377899,-0.925627,-0.020183,0.925486,-0.378270,0.019656,-0.025828,-0.011251,0.999603,0,0.73614,-0.28518,44.169,-0.570,-1,425.000,-1,425.000,1000.000,325.000,325.000,300.000,300.000,-1,-1,-1,-1,950.000,900.000,-1,-1,2,0,2,0,1,0,0,0,1,2,2,2,2,0,1,2,2
57,-2756.509,-6083.946,65.037,111.656,-0.368542,-0.929343,-0.022331,0.929145,-0.369011,0.022810,-0.029439,-0.012343,0.999490,0,0.73293,-0.28584,43.976,-0.572,-1,425.000,-1,425.000,950.000,325.000,325.000,300.000,300.000,-1,-1,-1,-1,950.000,875.000,-1,975.000,2,0,2,0,1,0,0,0,1,2,2,2,2,0,1,2,1
58,-2772.258,-6043.096,64.279,111.084,-0.359123,-0.932971,-0.024400,0.932707,-0.359700,0.025955,-0.032992,-0.013437,0.999365,0,0.72968,-0.28632,43.781,-0.573,-1,425.000,-1,425.000,925.000,325.000,325.000,300.000,300.000,-1,-1,-1,-1,925.000,825.000,-1,925.000,2,0,2,0,1,0,0,0,1,2,2,2,2,0,1,2,1
59,-2787.530,-6002.275,63.310,110.511,-0.349689,-0.936518,-0.025518,0.936177,-0.350346,0.028805,-0.035917,-0.013817,0.999259,0,0.72640,-0.28661,43.584,-0.573,-1,425.000,-1,400.000,875.000,325.000,325.000,300.000,300.000,-1,-1,-1,-1,925.000,800.000,-1,875.000,2,0,2,0,1,0,0,0,0,2,2,2,2,0,1,2,1
60,-2802.324,-5961.487,62.029,109.937,-0.340273,-0.939987,-0.025272,0.939558,-0.340959,0.031266,-0.038006,-0.013105,0.999192,0,0.72313,-0.28672,43.388,-0.573,-1,425.000,-1,400.000,825.000,325.000,325.000,300.000,300.000,-1,-1,-1,-1,900.000,750.000,-1,825.000,2,0,2,0,1,0,0,0,0,2,2,2,2,0,1,2,1
61,-2816.645,-5920.737,60.481,109.364,-0.330837,-0.943364,-0.024706,0.942824,-0.331541,0.034112,-0.040371,-0.012008,0.999113,0,0.71988,-0.28666,43.193,-0.573,-1,425.000,-1,400.000,800.000,325.000,325.000,300.000,300.000,-1,-1,-1,-1,900.000,725.000,-1,800.000,2,0,2,0,1,0,0,0,0,2,2,2,2,0,1,2,1
62,-2830.496,-5880.029,58.903,108.791,-0.321379,-0.946643,-0.024151,0.945991,-0.322097,0.036799,-0.042614,-0.011021,0.999031,0,0.71666,-0.28641,43.000,-0.573,-1,425.000,-1,400.000,750.000,325.000,325.000,300.000,300.000,-1,-1,-1,-1,900.000,675.000,-1,750.000,2,0,2,0,1,0,0,0,0,2,2,2,2,1,1,2,1
63,-2843.880,-5839.365,57.281,108.219,-0.311904,-0.949819,-0.023648,0.949062,-0.312633,0.039275,-0.044697,-0.010193,0.998949,0,0.71350,-0.28599,42.810,-0.572,-1,425.000,-1,400.000,700.000,325.000,325.000,325.000,300.000,-1,-1,-1,-1,875.000,650.000,-1,700.000,2,0,2,0,1,0,0,0,0,2,2,2,2,1,1,2,1
64,-2856.803,-5798.746,55.245,107.648,-0.302378,-0.952878,-0.024308,0.952100,-0.303152,0.040056,-0.045538,-0.011032,0.998902,0,0.71042,-0.28541,42.625,-0.571,-1,425.000,-1,400.000,675.000,325.000,325.000,325.000,300.000,-1,-1,-1,-1,850.000,625.000,-1,650.000,2,0,2,0,1,0,0,0,0,2,2,2,2,1,1,2,1
65,-2869.269,-5758.173,53.052,107.079,-0.292804,-0.955827,-0.025714,0.955023,-0.293664,0.041140,-0.046874,-0.012512,0.998822,0,0.70742,-0.28466,42.445,-0.569,-1,425.000,-1,400.000,625.000,325.000,325.000,325.000,300.000,-1,-1,-1,-1,825.000,575.000,-1,625.000,2,0,2,0,1,0,0,0,0,2,2,2,2,1,1,2,1
66,-2881.284,-5717.644,50.862,106.511,-0.283230,-0.958670,-0.027075,0.957841,-0.284178,0.042233,-0.048182,-0.013972,0.998741,0,0.70453,-0.28374,42.272,-0.567,-1,425.000,950.000,400.000,600.000,325.000,325.000,300.000,300.000,-1,-1,-1,-1,800.000,550.000,-1,575.000,2,0,1,0,1,0,0,0,0,2,2,2,2,1,1,2,1
67,-2892.852,-5677.159,48.676,105.946,-0.273662,-0.961407,-0.028393,0.960553,-0.274699,0.043335,-0.049462,-0.015413,0.998657,0,0.70175,-0.28267,42.105,-0.565,-1,425.000,875.000,400.000,550.000,325.000,325.000,300.000,300.000,-1,-1,-1,-1,750.000,525.000,-1,550.000,2,0,1,0,1,0,0,0,0,2,2,2,2,1,1,2,1
68,-2903.980,-5636.715,46.494,105.383,-0.264107,-0.964037,-0.029666,0.963159,-0.265234,0.044445,-0.050715,-0.016835,0.998571,0,0.69910,-0.28145,41.946,-0.563,-1,400.000,800.000,400.000,500.000,325.000,325.000,300.000,300.000,-1,-1,-1,-1,725.000,475.000,-1,500.000,2,0,1,0,1,0,0,0,0,2,2,2,2,1,1,2,1
69,-2914.673,-5596.311,44.316,104.823,-0.254572,-0.966560,-0.030897,0.965658,-0.255791,0.045561,-0.051941,-0.018237,0.998484,0,0.69659,-0.28008,41.796,-0.560,-1,400.000,750.000,375.000,475.000,325.000,325.000,300.000,300.000,-1,-1,-1,-1,675.000,450.000,-1,450.000,2,0,1,1,1,0,0,0,0,2,2,2,2,1,1,2,1
70,-2924.087,-5559.919,42.355,104.503,-0.249081,-0.967955,-0.031978,0.967026,-0.250381,0.046576,-0.053090,-0.019322,0.998403,0,0.62649,-0.16008,37.589,-0.320,-1,400.000,700.000,350.000,425.000,325.000,325.000,300.000,300.000,-1,-1,-1,-1,650.000,425.000,-1,425.000,2,0,1,1,1,0,0,0,0,2,2,2,2,1,1,2,1
71,-2933.305,-5523.624,40.398,104.251,-0.244730,-0.969028,-0.033036,0.968073,-0.246111,0.047591,-0.054248,-0.020335,0.998320,0,0.62412,-0.12615,37.447,-0.252,-1,400.000,650.000,325.000,400.000,325.000,325.000,300.000,300.000,-1,-1,-1,-1,625.000,400.000,-1,375.000,2,1,1,1,1,0,1,0,0,2,2,2,2,1,1,2,1
72,-2943.695,-5482.674,38.184,104.236,-0.244390,-0.969073,-0.034228,0.968079,-0.245860,0.048736,-0.055643,-0.021225,0.998225,0,0.70412,-0.00727,42.247,-0.015,-1,375.000,600.000,300.000,350.000,325.000,300.000,300.000,300.000,-1,-1,-1,-1,575.000,350.000,-1,350.000,2,1,1,1,1,1,1,0,0,2,2,2,2,1,1,2,1
73,-2955.199,-5437.268,35.718,104.217,-0.243959,-0.969134,-0.035540,0.968098,-0.245532,0.049999,-0.057182,-0.022209,0.998117,0,0.78068,-0.00955,46.841,-0.019,-1,350.000,550.000,275.000,300.000,300.000,275.000,300.000,300.000,-1,-1,-1,-1,550.000,325.000,-1,300.000,2,1,1,1,1,1,1,0,0,2,2,2,2,1,1,2,1
74,-2966.765,-5391.537,33.221,104.192,-0.243434,-0.969217,-0.036853,0.968138,-0.245112,0.051265,-0.058720,-0.023199,0.998005,0,0.78617,-0.01226,47.170,-0.025,-1,325.000,500.000,250.000,250.000,275.000,250.000,300.000,300.000,-1,-1,-1,-1,525.000,275.000,-1,250.000,2,1,1,1,1,1,1,0,0,2,2,2,2,1,1,2,1
75,-2978.386,-5345.483,30.693,104.162,-0.242805,-0.969324,-0.038165,0.968202,-0.244592,0.052535,-0.060259,-0.024196,0.997889,0,0.79162,-0.01518,47.497,-0.030,-1,300.000,450.000,225.000,225.000,250.000,200.000,300.000,300.000,-1,-1,-1,-1,475.000,250.000,-1,200.000,2,1,1,1,1,1,1,0,0,2,2,2,2,1,1,2,1
76,-2990.057,-5299.108,28.003,104.125,-0.242110,-0.969468,-0.038910,0.968304,-0.243968,0.053552,-0.061410,-0.024712,0.997807,0,0.79702,-0.01836,47.821,-0.037,-1,275.000,400.000,175.000,175.000,225.000,175.000,300.000,325.000,-1,-1,-1,-1,450.000,225.000,-1,150.000,2,1,1,1,1,1,1,0,0,2,2,2,2,1,1,2,1
77,-3001.783,-5252.420,32.284,104.082,-0.241047,-0.968670,-0.059788,0.969642,-0.242983,0.027451,-0.041118,-0.051356,0.997834,0,0.80234,-0.02182,48.141,-0.044,-1,275.000,425.000,175.000,150.000,225.000,175.000,300.000,375.000,-1,-1,-1,-1,500.000,225.000,-1,150.000,2,1,1,1,1,1,1,0,0,2,2,2,2,1,1,2,1
78,-3013.552,-5205.418,37.281,104.030,-0.240931,-0.966991,-0.082952,0.970364,-0.241644,-0.001489,-0.018605,-0.080852,0.996552,0,0.80758,-0.02560,48.455,-0.051,-1,300.000,500.000,175.000,150.000,225.000,175.000,275.000,475.000,1000.000,125.000,525.000,-1,-1,225.000,-1,150.000,2,1,1,1,1,1,1,0,0,1,0,0,2,2,1,2,1
79,-3025.351,-5158.106,42.674,103.971,-0.242096,-0.964711,-0.103549,0.970232,-0.240010,-0.032342,0.006347,-0.108297,0.994098,0,0.81270,-0.02975,48.762,-0.059,-1,325.000,-1,175.000,150.000,225.000,175.000,275.000,575.000,575.000,50.000,250.000,-1,-1,225.000,-1,150.000,2,1,2,1,1,1,1,0,1,0,0,0,2,2,1,2,1
80,-3038.030,-5106.064,50.509,103.671,-0.241251,-0.963499,-0.116051,0.969632,-0.234367,-0.069899,0.040149,-0.129390,0.990781,0,0.89270,-0.14975,53.562,-0.299,-1,375.000,-1,200.000,150.000,250.000,200.000,275.000,575.000,375.000,25.000,150.000,-1,-1,250.000,-1,125.000,2,1,2,1,1,1,1,0,1,0,0,0,2,2,1,2,1
81,5576.034,5575.040,177.158,-120.543,-0.538217,0.818451,-0.201149,-0.834053,-0.482927,0.266715,0.121153,0.311319,0.942551,1,0.00000,0.00000,58.362,-0.539,-1,-1,-1,275.000,0.000,500.000,325.000,200.000,50.000,0.000,-1,-1,-1,-1,450.000,-1,0.000,2,2,2,0,0,0,0,1,1,1,2,2,2,2,0,2,0
82,-1637.024,-331.865,-36.675,-54.803,0.571939,0.814851,0.094362,-0.818315,0.574760,-0.003363,-0.056976,-0.075295,0.995532,1,0.08000,0.12000,4.800,0.240,-1,325.000,-1,275.000,-1,250.000,225.000,300.000,400.000,-1,-1,-1,-1,475.000,450.000,-1,600.000,2,1,2,1,2,1,1,1,0,2,2,2,2,1,0,2,0
83,-1631.424,-339.662,-36.773,-54.323,0.578690,0.809920,0.095641,-0.813542,0.581504,-0.001911,-0.057164,-0.076702,0.995414,0,0.16000,0.24000,9.600,0.480,-1,325.000,-1,275.000,-1,250.000,225.000,300.000,400.000,-1,-1,-1,-1,475.000,425.000,-1,600.000,2,1,2,1,2,1,1,1,0,2,2,2,2,1,0,2,0
84,-1622.878,-351.252,-37.288,-53.603,0.588703,0.802501,0.097067,-0.806231,0.591600,-0.001328,-0.058490,-0.077477,0.995277,0,0.24000,0.36000,14.400,0.720,-1,325.000,-1,275.000,-1,250.000,225.000,300.000,400.000,-1,0.000,-1,-1,450.000,425.000,-1,575.000,2,1,2,1,2,1,1,1,0,2,0,2,2,1,0,2,0
85,-1611.227,-366.512,-37.982,-52.643,0.601908,0.792406,0.098992,-0.796295,0.604908,-0.000374,-0.060177,-0.078602,0.995088,0,0.32000,0.48000,19.200,0.960,-1,300.000,-1,275.000,-1,250.000,225.000,300.000,400.000,-1,0.000,-1,-1,450.000,425.000,-1,525.000,2,1,2,1,2,1,1,1,0,2,0,2,2,1,0,2,0
86,-1596.266,-385.277,-38.791,-51.443,0.618186,0.779450,0.101505,-0.783587,0.621280,0.001444,-0.061937,-0.080431,0.994834,0,0.40000,0.60000,24.000,1.200,-1,300.000,-1,250.000,950.000,250.000,225.000,300.000,400.000,-1,0.000,-1,-1,-1,400.000,-1,500.000,2,1,2,1,0,1,1,1,0,2,0,2,2,2,0,2,0
87,-1577.769,-407.351,-39.663,-50.044,0.636832,0.763883,0.104538,-0.768389,0.639967,0.004540,-0.063433,-0.083217,0.994510,0,0.48000,0.69910,28.800,1.398,-1,300.000,-1,250.000,900.000,250.000,225.000,300.000,400.000,-1,0.000,-1,-1,-1,400.000,-1,475.000,2,1,2,1,0,1,1,1,0,2,0,2,2,2,0,2,0
88,4504.751,2061.634,104.800,-139.406,-0.759753,0.648151,-0.051725,-0.634421,-0.756377,-0.159384,-0.142429,-0.088277,0.985861,1,0.00000,0.00000,33.600,1.409,-1,-1,-1,300.000,375.000,475.000,275.000,200.000,275.000,-1,675.000,675.000,-1,-1,425.000,-1,375.000,2,2,2,1,1,1,1,1,0,2,1,1,2,2,1,2,1
89,-1539.872,-191.399,-45.927,-21.212,0.928483,0.361806,0.083765,-0.361037,0.932225,-0.024688,-0.087020,-0.007320,0.996180,1,0.00000,0.00000,4.800,-0.240,-1,-1,-1,400.000,375.000,825.000,500.000,200.000,200.000,-1,-1,-1,-1,-1,-1,-1,475.000,2,2,2,1,1,1,1,1,0,2,2,2,2,2,2,2,1
90,9514.765,-5578.425,-14.324,-38.692,0.780506,0.625039,-0.011720,-0.624500,0.780413,0.030912,0.028468,-0.016808,0.999453,1,0.08000,0.12000,4.800,0.240,-1,225.000,350.000,200.000,400.000,175.000,175.000,275.000,375.000,-1,625.000,525.000,425.000,300.000,250.000,425.000,275.000,2,1,1,1,1,1,1,0,0,2,1,1,1,1,1,1,1
91,9522.308,-5584.363,-13.291,-38.212,0.785739,0.618439,-0.012149,-0.617761,0.785571,0.035348,0.031404,-0.020269,0.999301,0,0.16000,0.24000,9.600,0.480,-1,225.000,350.000,200.000,400.000,175.000,175.000,275.000,400.000,-1,550.000,525.000,450.000,300.000,250.000,450.000,275.000,2,1,1,1,1,1,1,0,0,2,0,1,1,1,1,1,1
92,9533.734,-5593.127,-11.658,-37.492,0.793472,0.608453,-0.013678,-0.607517,0.793195,0.042017,0.036415,-0.025029,0.999023,0,0.24000,0.36000,14.400,0.720,-1,225.000,325.000,200.000,375.000,175.000,175.000,275.000,400.000,-1,375.000,500.000,450.000,300.000,250.000,450.000,250.000,2,1,1,1,1,1,1,0,0,2,0,1,1,1,1,1,1
93,9549.163,-5604.556,-9.192,-36.532,0.803557,0.594983,-0.017072,-0.593597,0.803148,0.050941,0.044020,-0.030801,0.998556,0,0.32000,0.48000,19.200,0.960,-1,225.000,325.000,200.000,325.000,175.000,175.000,275.000,425.000,-1,250.000,375.000,475.000,300.000,250.000,500.000,250.000,2,1,1,1,1,1,1,0,0,2,0,0,1,1,1,1,1
94,9568.726,-5618.460,-5.984,-35.407,0.815060,0.578961,-0.021911,-0.576863,0.814464,0.062272,0.053899,-0.038116,0.997819,0,0.40000,0.56220,24.000,1.124,-1,225.000,325.000,200.000,300.000,175.000,175.000,275.000,475.000,-1,175.000,275.000,500.000,300.000,250.000,550.000,250.000,2,1,1,1,1,1,1,0,0,2,0,0,1,1,1,1,1
95,9592.523,-5634.686,-1.934,-34.292,0.826085,0.562810,-0.028777,-0.559628,0.825283,0.075658,0.066330,-0.046396,0.996718,0,0.48000,0.55736,28.800,1.115,-1,225.000,350.000,200.000,275.000,175.000,175.000,275.000,500.000,-1,125.000,225.000,525.000,325.000,250.000,625.000,225.000,2,1,1,1,1,1,1,0,0,2,0,0,1,1,1,1,1
96,9620.645,-5653.078,3.063,-33.189,0.836569,0.546544,-0.037984,-0.541747,0.835571,0.091278,0.081626,-0.055783,0.995101,0,0.56000,0.55192,33.600,1.104,-1,225.000,350.000,175.000,275.000,175.000,175.000,275.000,550.000,850.000,100.000,175.000,550.000,350.000,225.000,725.000,225.000,2,1,1,1,1,1,1,0,0,0,0,0,1,1,1,1,1
97,-2295.772,-2295.756,-9.108,57.252,0.540824,-0.840250,-0.038600,0.841130,0.540428,0.020930,0.003274,-0.043787,0.999036,1,0.00000,0.00000,38.400,1.091,-1,400.000,-1,400.000,-1,325.000,325.000,300.000,300.000,-1,550.000,450.000,475.000,750.000,800.000,-1,-1,2,0,2,0,2,0,0,0,0,2,1,1,1,0,0,2,2
98,-2298.386,-2299.783,-9.129,57.012,0.544336,-0.837977,-0.038631,0.838860,0.543942,0.020982,0.003431,-0.043827,0.999033,0,-0.08000,-0.12000,-4.800,-0.240,-1,400.000,-1,400.000,-1,325.000,325.000,300.000,300.000,-1,550.000,450.000,475.000,750.000,800.000,-1,-1,2,0,2,0,2,0,0,0,0,2,1,1,1,0,0,2,2
99,-2303.680,-2307.791,-9.174,56.532,0.551332,-0.833388,-0.038689,0.834277,0.550942,0.021084,0.003744,-0.043902,0.999029,0,-0.16000,-0.24000,-9.600,-0.480,-1,400.000,-1,400.000,-1,325.000,325.000,300.000,300.000,-1,550.000,450.000,450.000,750.000,800.000,-1,-1,2,0,2,0,2,0,0,0,0,2,1,1,1,0,0,2,2
100,-2311.771,-2319.702,-9.253,55.812,0.561754,-0.826396,-0.038771,0.827294,0.561368,0.021234,0.004217,-0.044004,0.999022,0,-0.24000,-0.36000,-14.400,-0.720,-1,400.000,-1,400.000,-1,325.000,325.000,300.000,300.000,-1,525.000,450.000,425.000,750.000,800.000,-1,-1,2,0,2,0,2,0,0,0,0,2,1,1,1,0,0,2,2
101,-2322.775,-2335.436,-9.381,55.035,0.572903,-0.818701,-0.038866,0.819609,0.572523,0.021407,0.004726,-0.044119,0.999015,0,-0.32000,-0.38860,-19.200,-0.777,-1,400.000,-1,400.000,-1,325.000,325.000,300.000,300.000,-1,525.000,425.000,425.000,750.000,800.000,-1,-1,2,0,2,0,2,0,0,0,0,2,1,1,1,0,0,2,2
102,-2336.798,-2354.913,-9.570,54.244,0.584134,-0.810721,-0.038967,0.811640,0.583759,0.021593,0.005241,-0.044240,0.999007,0,-0.40000,-0.39519,-24.000,-0.790,-1,400.000,-1,400.000,-1,325.000,325.000,300.000,300.000,-1,500.000,400.000,400.000,750.000,800.000,-1,-1,2,0,2,0,2,0,0,0,0,2,1,1,1,0,0,2,2
103,-2353.954,-2378.045,-9.823,53.438,0.595481,-0.802418,-0.039074,0.803348,0.595110,0.021805,0.005757,-0.044375,0.998998,0,-0.48000,-0.40329,-28.800,-0.807,-1,400.000,-1,400.000,-1,325.000,325.000,300.000,300.000,-1,500.000,400.000,350.000,750.000,800.000,-1,-1,2,0,2,0,2,0,0,0,0,2,1,1,1,0,0,2,2
104,-2374.356,-2404.741,-10.152,52.612,0.606974,-0.793755,-0.039180,0.794697,0.606607,0.022028,0.006282,-0.044507,0.998989,0,-0.56000,-0.41281,-33.600,-0.826,-1,375.000,-1,400.000,-1,325.000,325.000,300.000,300.000,-1,475.000,375.000,325.000,750.000,775.000,-1,-1,2,0,2,0,2,0,0,0,0,2,1,1,1,0,0,2,2
105,-2398.122,-2434.903,-10.464,51.765,0.618623,-0.784681,-0.039770,0.785656,0.618264,0.022238,0.007139,-0.045002,0.998961,0,-0.64000,-0.42363,-38.400,-0.847,-1,375.000,-1,400.000,-1,325.000,325.000,300.000,300.000,-1,450.000,325.000,300.000,750.000,775.000,-1,-1,2,0,2,0,2,0,0,0,0,2,1,1,1,0,0,2,2
106,-2425.371,-2468.425,-10.859,50.894,0.630457,-0.775171,-0.040418,0.776182,0.630109,0.022432,0.008080,-0.045514,0.998931,0,-0.72000,-0.43562,-43.200,-0.871,-1,400.000,-1,400.000,-1,325.000,325.000,300.000,300.000,-1,400.000,300.000,275.000,750.000,775.000,-1,-1,2,0,2,0,2,0,0,0,0,2,1,1,1,0,0,2,2
107,-2454.686,-2503.358,-11.326,49.996,0.642489,-0.765193,-0.041082,0.766241,0.642157,0.022579,0.009104,-0.045985,0.998901,0,-0.76006,-0.44862,-45.603,-0.897,-1,400.000,-1,400.000,-1,325.000,325.000,300.000,300.000,-1,375.000,250.000,225.000,750.000,775.000,-1,-1,2,0,2,0,2,0,0,0,0,2,1,1,1,0,0,2,2
108,-2484.391,-2537.617,-11.841,49.073,0.654707,-0.754731,-0.041723,0.755814,0.654394,0.022660,0.010201,-0.046371,0.998872,0,-0.75574,-0.46173,-45.344,-0.923,-1,400.000,-1,400.000,-1,325.000,325.000,300.000,300.000,-1,325.000,225.000,200.000,750.000,800.000,-1,-1,2,0,2,0,2,0,0,0,0,2,1,1,1,0,0,2,2
109,-2514.413,-2571.089,-8.313,48.125,0.667540,-0.743183,-0.045501,0.744574,0.666242,0.041612,-0.000610,-0.061656,0.998097,0,-0.74938,-0.47409,-44.963,-0.948,-1,375.000,-1,400.000,-1,300.000,325.000,300.000,325.000,-1,325.000,200.000,175.000,675.000,775.000,-1,-1,2,0,2,0,2,0,0,0,0,2,1,1,1,0,0,2,2
110,-2541.606,-2600.645,-3.301,47.417,0.677542,-0.733793,-0.049856,0.735314,0.674367,0.067406,-0.015841,-0.082330,0.996479,0,-0.66938,-0.35409,-40.163,-0.708,875.000,350.000,-1,400.000,-1,300.000,325.000,275.000,375.000,-1,325.000,200.000,175.000,600.000,750.000,-1,-1,0,0,2,0,2,0,0,0,1,2,1,1,1,0,0,2,2
111,-2565.797,-2626.438,0.945,46.876,0.685412,-0.726191,-0.053450,0.727586,0.680127,0.089703,-0.028789,-0.100373,0.994533,0,-0.58938,-0.27023,-35.363,-0.540,575.000,325.000,-1,400.000,-1,300.000,300.000,250.000,375.000,-1,350.000,200.000,175.000,550.000,725.000,650.000,-1,0,0,2,0,2,0,0,0,1,2,1,1,1,0,0,0,2
112,-2586.921,-2648.523,4.494,46.320,0.693414,-0.718357,-0.056036,0.719454,0.686008,0.108532,-0.039523,-0.115573,0.992512,0,-0.50938,-0.27825,-30.563,-0.556,425.000,325.000,-1,400.000,-1,275.000,300.000,250.000,350.000,-1,375.000,200.000,175.000,525.000,725.000,500.000,-1,0,0,2,0,2,0,0,0,1,2,1,1,1,0,0,0,2
113,-2604.914,-2666.960,7.380,45.750,0.701421,-0.710407,-0.057716,0.711118,0.692047,0.124025,-0.048166,-0.128036,0.990599,0,-0.42938,-0.28477,-25.763,-0.570,350.000,300.000,-1,400.000,-1,275.000,300.000,250.000,350.000,-1,400.000,175.000,175.000,500.000,700.000,400.000,-1,0,0,2,0,2,0,0,0,1,2,1,1,1,0,0,0,2
114,-2619.706,-2681.811,9.638,45.170,0.709335,-0.702432,-0.058591,0.702735,0.698272,0.136304,-0.054832,-0.137859,0.988933,0,-0.34938,-0.28994,-20.963,-0.580,300.000,300.000,-1,400.000,-1,275.000,300.000,225.000,350.000,-1,-1,175.000,175.000,475.000,700.000,350.000,-1,0,0,2,0,2,0,0,0,1,2,2,1,1,0,0,0,2
115,-2631.227,-2693.144,11.297,44.582,0.717087,-0.694502,-0.058763,0.694429,0.704701,0.145482,-0.059628,-0.145130,0.987614,0,-0.26938,-0.29390,-16.163,-0.588,275.000,300.000,-1,375.000,-1,275.000,300.000,225.000,325.000,-1,-1,175.000,175.000,450.000,700.000,300.000,-1,0,0,2,0,2,0,0,0,1,2,2,1,1,0,0,0,2
116,-2639.409,-2701.027,12.387,43.987,0.724647,-0.686648,-0.058330,0.686268,0.711362,0.151658,-0.062642,-0.149928,0.986710,0,-0.18938,-0.29759,-11.363,-0.595,250.000,300.000,-1,375.000,-1,275.000,300.000,225.000,325.000,-1,-1,200.000,175.000,450.000,700.000,300.000,-1,0,0,2,0,2,0,0,0,1,2,2,1,1,0,0,0,2
117,-2644.181,-2705.530,12.934,43.386,0.731986,-0.678898,-0.057392,0.678312,0.718257,0.154920,-0.063953,-0.152329,0.986258,0,-0.10938,-0.30042,-6.563,-0.601,250.000,300.000,-1,375.000,-1,275.000,300.000,225.000,325.000,-1,-1,200.000,175.000,450.000,700.000,275.000,-1,0,0,2,0,2,0,0,0,1,2,2,1,1,0,0,0,2
118,-2645.474,-2706.726,12.962,42.782,0.739081,-0.671281,-0.056052,0.670605,0.725366,0.155350,-0.063625,-0.152405,0.986268,0,-0.02938,-0.30201,-1.763,-0.604,250.000,300.000,-1,375.000,-1,275.000,300.000,225.000,300.000,-1,-1,225.000,175.000,450.000,700.000,275.000,-1,0,0,2,0,2,0,0,0,1,2,2,1,1,0,0,0,2
119,-2643.218,-2704.690,12.494,42.177,0.745919,-0.663810,-0.054410,0.663172,0.732660,0.153013,-0.061708,-0.150219,0.986725,0,0.05062,-0.30244,3.037,-0.605,250.000,300.000,-1,375.000,-1,275.000,300.000,225.000,300.000,-1,-1,225.000,175.000,450.000,700.000,275.000,-1,0,0,2,0,2,0,0,0,1,2,2,1,1,0,0,0,2
120,-2637.348,-2699.496,11.548,41.574,0.752498,-0.656493,-0.052566,0.656014,0.740102,0.147968,-0.058236,-0.145830,0.987594,0,0.13062,-0.30172,7.837,-0.603,250.000,300.000,-1,375.000,-1,275.000,300.000,225.000,300.000,-1,-1,250.000,175.000,450.000,700.000,300.000,-1,0,0,2,0,2,0,0,0,1,2,2,1,1,0,0,0,2
121,-2627.797,-2691.220,10.142,40.974,0.758822,-0.649328,-0.050617,0.649119,0.747644,0.140260,-0.053231,-0.139289,0.988820,0,0.21062,-0.29989,12.637,-0.600,300.000,300.000,-1,375.000,-1,275.000,300.000,225.000,300.000,-1,-1,250.000,175.000,475.000,700.000,325.000,-1,0,0,2,0,2,0,0,0,1,2,2,1,1,0,0,0,2
122,-2614.502,-2679.937,8.289,40.380,0.764902,-0.642307,-0.048660,0.642452,0.755232,0.129923,-0.046701,-0.130640,0.990329,0,0.29062,-0.29694,17.437,-0.594,325.000,300.000,-1,400.000,-1,275.000,300.000,250.000,300.000,-1,-1,250.000,175.000,475.000,700.000,375.000,-1,0,0,2,0,2,0,0,0,1,2,2,1,1,0,0,0,2
123,-2597.402,-2665.721,5.998,39.793,0.770771,-0.635393,-0.046780,0.635940,0.762822,0.116978,-0.038642,-0.119913,0.992032,0,0.37062,-0.29386,22.237,-0.588,400.000,325.000,-1,400.000,-1,275.000,300.000,250.000,300.000,-1,-1,250.000,175.000,500.000,725.000,450.000,-1,0,0,2,0,2,0,0,0,1,2,2,1,1,0,0,0,2
124,-2576.440,-2648.645,3.278,39.212,0.776462,-0.628551,-0.045065,0.629495,0.770355,0.101434,-0.029040,-0.107128,0.993821,0,0.45062,-0.29041,27.037,-0.581,500.000,325.000,-1,400.000,-1,275.000,300.000,250.000,300.000,-1,-1,275.000,175.000,550.000,725.000,575.000,-1,0,0,2,0,2,0,0,0,1,2,2,1,1,0,0,0,2
125,-2552.450,-2629.495,0.238,38.640,0.782019,-0.621726,-0.043623,0.622987,0.777718,0.083911,-0.018243,-0.092797,0.995518,0,0.51159,-0.28608,30.695,-0.572,650.000,350.000,-1,400.000,-1,300.000,300.000,275.000,300.000,-1,-1,275.000,175.000,575.000,725.000,825.000,-1,0,0,2,0,2,0,0,0,1,2,2,1,1,0,0,0,2
126,-2524.585,-2607.508,-3.194,38.307,0.784974,-0.618051,-0.042758,0.619498,0.782379,0.064078,-0.006151,-0.076787,0.997029,0,0.59159,-0.16608,35.495,-0.332,1000.000,350.000,-1,400.000,-1,300.000,325.000,275.000,300.000,-1,550.000,275.000,175.000,625.000,750.000,-1,-1,0,0,2,0,2,0,0,0,1,2,1,1,1,0,0,2,2
127,-2492.914,-2582.594,-7.093,38.215,0.785397,-0.617537,-0.042426,0.618948,0.784318,0.041818,0.007451,-0.059104,0.998224,0,0.67159,-0.04608,40.295,-0.092,-1,375.000,-1,400.000,-1,325.000,325.000,300.000,300.000,-1,500.000,275.000,175.000,700.000,775.000,-1,-1,2,0,2,0,2,0,0,0,1,2,1,1,1,0,0,2,2
128,-2460.413,-2556.882,-10.322,38.363,0.783433,-0.620046,-0.042137,0.621185,0.783338,0.022597,0.018996,-0.043878,0.998856,0,0.69070,0.07392,41.442,0.148,-1,400.000,-1,400.000,-1,325.000,325.000,300.000,300.000,-1,475.000,300.000,175.000,775.000,775.000,-1,-1,2,0,2,0,2,0,0,0,0,2,1,1,1,0,0,2,2
129,-2428.491,-2531.261,-9.502,38.751,0.779237,-0.625340,-0.041704,0.626458,0.779130,0.022498,0.018424,-0.043657,0.998877,0,0.68219,0.19392,40.931,0.388,-1,400.000,-1,400.000,-1,325.000,325.000,300.000,300.000,-1,525.000,325.000,200.000,775.000,775.000,-1,-1,2,0,2,0,2,0,0,0,0,2,1,1,1,0,0,2,2
130,-2397.241,-2505.612,-8.724,39.379,0.772359,-0.633845,-0.041266,0.634940,0.772238,0.022350,0.017700,-0.043464,0.998898,0,0.67382,0.31392,40.429,0.628,-1,400.000,-1,400.000,-1,325.000,325.000,300.000,300.000,-1,550.000,375.000,225.000,775.000,775.000,-1,-1,2,0,2,0,2,0,0,0,0,2,1,1,1,0,0,2,2
131,-2366.754,-2479.805,-8.001,40.247,0.762692,-0.645473,-0.040814,0.646544,0.762554,0.022189,0.016801,-0.043311,0.998920,0,0.66572,0.43392,39.943,0.868,-1,400.000,-1,400.000,-1,325.000,325.000,300.000,300.000,-1,550.000,400.000,250.000,775.000,775.000,-1,-1,2,0,2,0,2,0,0,0,0,2,1,1,1,0,0,2,2
132,-2337.111,-2453.727,-7.377,41.339,0.750279,-0.659889,-0.040350,0.660938,0.750112,0.022224,0.015602,-0.043343,0.998938,0,0.65803,0.54608,39.482,1.092,-1,400.000,-1,400.000,-1,325.000,325.000,300.000,300.000,-1,575.000,425.000,275.000,775.000,775.000,-1,-1,2,0,2,0,2,0,0,0,0,2,1,1,1,0,0,2,2
