timestep,x_cm,y_cm,z_cm,yaw_deg,basis_xx,basis_xy,basis_xz,basis_yx,basis_yy,basis_yz,basis_zx,basis_zy,basis_zz,teleport_flag,throttle_cmd,steering_cmd,cmd_move_cm,cmd_turn_deg,lidar_cm_0,lidar_cm_1,lidar_cm_2,lidar_cm_3,lidar_cm_4,lidar_cm_5,lidar_cm_6,lidar_cm_7,lidar_cm_8,lidar_cm_9,lidar_cm_10,lidar_cm_11,lidar_cm_12,lidar_cm_13,lidar_cm_14,lidar_cm_15,lidar_cm_16,lidar_class_0,lidar_class_1,lidar_class_2,lidar_class_3,lidar_class_4,lidar_class_5,lidar_class_6,lidar_class_7,lidar_class_8,lidar_class_9,lidar_class_10,lidar_class_11,lidar_class_12,lidar_class_13,lidar_class_14,lidar_class_15,lidar_class_16
0,-9507.645,4266.977,214.574,45.151,0.705956,-0.708024,0.018144,0.707778,0.704307,-0.054790,0.026013,0.051521,0.998333,1,0.08000,0.12000,4.800,0.240,-1,400.000,-1,400.000,-1,325.000,325.000,300.000,300.000,-1,-1,-1,-1,825.000,875.000,-1,-1,2,0,2,0,2,0,0,0,0,2,2,2,2,0,0,2,2
1,-9500.916,4273.823,214.826,45.493,0.701715,-0.712220,0.018396,0.711984,0.700074,-0.054551,0.025974,0.051377,0.998342,0,0.16000,0.17098,9.600,0.342,-1,400.000,-1,400.000,-1,325.000,325.000,300.000,300.000,-1,-1,-1,-1,825.000,875.000,-1,-1,2,0,2,0,2,0,0,0,0,2,2,2,2,0,0,2,2
2,-9490.883,4284.152,215.202,45.834,0.697462,-0.716376,0.018773,0.716159,0.695831,-0.054189,0.025757,0.051239,0.998354,0,0.24000,0.17038,14.400,0.341,-1,400.000,-1,400.000,-1,325.000,325.000,300.000,300.000,-1,-1,-1,-1,825.000,875.000,-1,-1,2,0,2,0,2,0,0,0,0,2,2,2,2,0,0,2,2
3,-9477.587,4298.004,215.699,46.172,0.693203,-0.720485,0.019275,0.720296,0.691585,-0.053705,0.025363,0.051112,0.998371,0,0.32000,0.16948,19.200,0.339,-1,400.000,-1,400.000,-1,325.000,325.000,300.000,300.000,-1,-1,-1,-1,800.000,875.000,-1,-1,2,0,2,0,2,0,0,0,0,2,2,2,2,0,0,2,2
4,-9461.069,4315.415,216.311,46.509,0.688947,-0.724539,0.019894,0.724388,0.687345,-0.053100,0.024799,0.050994,0.998391,0,0.40000,0.16828,24.000,0.337,-1,400.000,-1,400.000,-1,325.000,325.000,300.000,300.000,-1,-1,-1,-1,800.000,875.000,-1,-1,2,0,2,0,2,0,0,0,0,2,2,2,2,0,0,2,2
5,-9441.370,4336.424,217.023,46.843,0.684702,-0.728532,0.020616,0.728425,0.683119,-0.052394,0.024087,0.050892,0.998414,0,0.48000,0.16678,28.800,0.334,-1,400.000,-1,400.000,-1,325.000,325.000,300.000,300.000,-1,-1,-1,-1,800.000,875.000,-1,-1,2,0,2,0,2,0,0,0,0,2,2,2,2,0,0,2,2
6,-9418.528,4361.066,217.829,47.172,0.680487,-0.732446,0.021465,0.732393,0.678925,-0.051595,0.023218,0.050831,0.998437,0,0.56000,0.16455,33.600,0.329,-1,400.000,-1,400.000,-1,325.000,325.000,300.000,300.000,-1,-1,-1,-1,800.000,850.000,-1,-1,2,0,2,0,2,0,0,0,0,2,2,2,2,0,0,2,2
7,-9392.587,4389.378,218.718,47.503,0.676212,-0.736365,0.022443,0.736372,0.674673,-0.050715,0.022203,0.050821,0.998461,0,0.64000,0.16587,38.400,0.332,-1,400.000,-1,400.000,-1,325.000,325.000,300.000,300.000,-1,-1,-1,-1,800.000,850.000,-1,-1,2,0,2,0,2,0,0,0,0,2,2,2,2,0,0,2,2
8,-9363.590,4421.400,219.675,47.838,0.671873,-0.740292,0.023555,0.740367,0.670358,-0.049766,0.021051,0.050876,0.998483,0,0.72000,0.16738,43.200,0.335,-1,400.000,-1,400.000,-1,325.000,325.000,300.000,300.000,-1,-1,-1,-1,775.000,850.000,-1,-1,2,0,2,0,2,0,0,0,0,2,2,2,2,0,0,2,2
9,-9331.582,4457.170,220.683,48.176,0.667462,-0.744231,0.024806,0.744381,0.665972,-0.048763,0.019771,0.051012,0.998502,0,0.80000,0.16908,48.000,0.338,-1,400.000,-1,400.000,-1,325.000,325.000,300.000,300.000,-1,-1,-1,-1,775.000,850.000,-1,-1,2,0,2,0,2,0,0,0,0,2,2,2,2,0,0,2,2
10,-9303.101,4489.651,221.554,48.755,0.659896,-0.750909,0.025948,0.751120,0.658425,-0.047915,0.018895,0.051109,0.998514,0,0.72000,0.28908,43.200,0.578,-1,400.000,-1,400.000,-1,325.000,325.000,300.000,300.000,-1,-1,-1,-1,775.000,850.000,-1,-1,2,0,2,0,2,0,0,0,0,2,2,2,2,0,0,2,2
11,-9278.200,4518.882,222.359,49.573,0.649098,-0.760224,0.027029,0.760478,0.647627,-0.047463,0.018577,0.051363,0.998507,0,0.64000,0.40908,38.400,0.818,-1,400.000,-1,400.000,-1,325.000,325.000,300.000,300.000,-1,-1,-1,-1,775.000,850.000,-1,-1,2,0,2,0,2,0,0,0,0,2,2,2,2,0,0,2,2
12,-9255.090,4546.933,223.130,50.517,0.636482,-0.770780,0.028099,0.771069,0.635001,-0.047184,0.018525,0.051698,0.998491,0,0.60574,0.47210,36.345,0.944,-1,400.000,-1,400.000,-1,325.000,325.000,300.000,300.000,-1,-1,-1,-1,750.000,825.000,-1,-1,2,0,2,0,2,0,0,0,0,2,2,2,2,0,0,2,2
13,-9232.434,4575.380,223.897,51.464,0.623662,-0.781149,0.029196,0.781475,0.622166,-0.046969,0.018525,0.052109,0.998470,0,0.60611,0.47332,36.366,0.947,-1,400.000,-1,400.000,-1,325.000,325.000,300.000,300.000,-1,-1,-1,-1,750.000,825.000,-1,-1,2,0,2,0,2,0,0,0,0,2,2,2,2,0,0,2,2
14,-9210.239,4604.214,224.660,52.413,0.610640,-0.791327,0.030329,0.791690,0.609126,-0.046817,0.018573,0.052600,0.998443,0,0.60646,0.47455,36.388,0.949,-1,400.000,-1,400.000,-1,325.000,325.000,300.000,300.000,-1,-1,-1,-1,750.000,825.000,-1,-1,2,0,2,0,2,0,0,0,0,2,2,2,2,0,0,2,2
15,-9188.513,4633.430,225.416,53.364,0.597420,-0.801309,0.031501,0.801711,0.595883,-0.046727,0.018671,0.053170,0.998411,0,0.60681,0.47577,36.409,0.952,-1,400.000,-1,400.000,-1,325.000,325.000,300.000,300.000,-1,-1,-1,-1,750.000,825.000,-1,-1,2,0,2,0,2,0,0,0,0,2,2,2,2,0,0,2,2
16,-9167.265,4663.021,226.168,54.318,0.584004,-0.811091,0.032716,0.811533,0.582438,-0.046696,0.018820,0.053820,0.998373,0,0.60716,0.47700,36.430,0.954,-1,400.000,-1,400.000,-1,325.000,325.000,300.000,300.000,-1,-1,-1,-1,750.000,825.000,-1,-1,2,0,2,0,2,0,0,0,0,2,2,2,2,0,0,2,2
17,-9146.502,4692.979,226.943,55.275,0.570389,-0.820673,0.033935,0.821156,0.568798,-0.046591,0.018934,0.054441,0.998337,0,0.60750,0.47824,36.450,0.956,-1,400.000,-1,400.000,-1,325.000,325.000,300.000,300.000,-1,-1,-1,-1,750.000,825.000,-1,-1,2,0,2,0,2,0,0,0,0,2,2,2,2,0,0,2,2
18,-9126.232,4723.297,227.725,56.234,0.556582,-0.830048,0.035181,0.830574,0.554964,-0.046494,0.019068,0.055098,0.998299,0,0.60784,0.47947,36.470,0.959,-1,375.000,-1,400.000,-1,325.000,325.000,300.000,300.000,-1,-1,-1,-1,750.000,825.000,-1,-1,2,0,2,0,2,0,0,0,0,2,2,2,2,0,0,2,2
19,-9106.463,4753.967,228.502,57.195,0.542585,-0.839211,0.036411,0.839780,0.540938,-0.046422,0.019262,0.055765,0.998258,0,0.60816,0.48071,36.490,0.961,-1,375.000,-1,400.000,-1,325.000,325.000,300.000,300.000,-1,-1,-1,-1,750.000,825.000,-1,-1,2,0,2,0,2,0,0,0,0,2,2,2,2,0,0,2,2
20,-9087.203,4784.982,229.303,58.159,0.528406,-0.848176,0.037215,0.848761,0.526734,-0.046426,0.019775,0.056118,0.998228,0,0.60848,0.48194,36.509,0.964,-1,375.000,-1,400.000,-1,325.000,325.000,300.000,300.000,-1,-1,-1,-1,750.000,825.000,-1,-1,2,0,2,0,2,0,0,0,0,2,2,2,2,0,0,2,2
21,-9068.459,4816.333,230.224,59.125,0.514049,-0.856940,0.037504,0.857512,0.512355,-0.046538,0.020665,0.056083,0.998212,0,0.60880,0.48318,36.528,0.966,-1,375.000,-1,400.000,-1,325.000,325.000,300.000,300.000,-1,-1,-1,-1,775.000,825.000,-1,-1,2,0,2,0,2,0,0,0,0,2,2,2,2,0,0,2,2
22,-9050.238,4848.013,231.150,60.094,0.499512,-0.865481,0.037832,0.866038,0.497792,-0.046700,0.021585,0.056091,0.998192,0,0.60910,0.48443,36.546,0.969,-1,375.000,-1,400.000,-1,325.000,325.000,300.000,300.000,-1,-1,-1,-1,775.000,825.000,-1,-1,2,0,2,0,2,0,0,0,0,2,2,2,2,0,0,2,2
23,-9032.548,4880.012,232.081,61.065,0.484796,-0.873793,0.038200,0.874337,0.483047,-0.046910,0.022537,0.056142,0.998168,0,0.60939,0.48567,36.564,0.971,-1,375.000,-1,400.000,-1,325.000,325.000,300.000,300.000,-1,-1,-1,-1,775.000,825.000,-1,-1,2,0,2,0,2,0,0,0,0,2,2,2,2,0,0,2,2
24,-9013.306,4916.627,233.150,62.277,0.466253,-0.883807,0.038657,0.884332,0.464465,-0.047202,0.023762,0.056194,0.998137,0,0.68939,0.60567,41.364,1.211,-1,375.000,-1,400.000,-1,325.000,325.000,300.000,300.000,-1,-1,-1,-1,775.000,850.000,-1,-1,2,0,2,0,2,0,0,0,0,2,2,2,2,0,0,2,2
25,-8993.144,4957.228,234.336,63.590,0.445917,-0.894215,0.039221,0.894721,0.444082,-0.047590,0.025138,0.056313,0.998097,0,0.75554,0.65671,45.332,1.313,-1,375.000,-1,400.000,-1,325.000,325.000,300.000,300.000,-1,-1,-1,-1,775.000,850.000,-1,-1,2,0,2,0,2,0,0,0,0,2,2,2,2,0,0,2,2
26,-8973.909,4998.303,235.538,64.907,0.425305,-0.904172,0.039848,0.904660,0.423417,-0.048043,0.026567,0.056482,0.998050,0,0.75593,0.65822,45.356,1.316,-1,400.000,-1,400.000,-1,325.000,325.000,300.000,300.000,-1,-1,-1,-1,775.000,850.000,-1,-1,2,0,2,0,2,0,0,0,0,2,2,2,2,0,0,2,2
27,-8955.616,5039.830,236.758,66.226,0.404426,-0.913672,0.040538,0.914140,0.402479,-0.048559,0.028051,0.056696,0.997997,0,0.75631,0.65974,45.379,1.319,-1,400.000,-1,400.000,-1,325.000,325.000,300.000,300.000,-1,-1,-1,-1,800.000,850.000,-1,-1,2,0,2,0,2,0,0,0,0,2,2,2,2,0,0,2,2
28,-8938.278,5081.790,238.000,67.549,0.383290,-0.922705,0.041286,0.923154,0.381279,-0.049122,0.029584,0.056941,0.997939,0,0.75668,0.66126,45.401,1.323,-1,400.000,-1,400.000,-1,325.000,325.000,300.000,300.000,-1,-1,-1,-1,800.000,875.000,-1,-1,2,0,2,0,2,0,0,0,0,2,2,2,2,0,0,2,2
29,-8921.908,5124.159,239.270,68.874,0.361907,-0.931262,0.042130,0.931694,0.359825,-0.049725,0.031148,0.057248,0.997874,0,0.75704,0.66278,45.422,1.326,-1,400.000,-1,400.000,-1,325.000,325.000,300.000,300.000,-1,-1,-1,-1,800.000,875.000,-1,-1,2,0,2,0,2,0,0,0,0,2,2,2,2,1,0,2,2
30,-8906.518,5166.916,240.636,70.203,0.340286,-0.939321,0.043382,0.939759,0.338123,-0.050255,0.032537,0.057870,0.997794,0,0.75738,0.66432,45.443,1.329,-1,400.000,-1,425.000,-1,325.000,325.000,300.000,300.000,-1,-1,-1,-1,825.000,875.000,-1,-1,2,0,2,0,2,0,0,0,0,2,2,2,2,1,0,2,2
31,-8892.119,5210.037,241.925,71.535,0.318408,-0.946913,0.044410,0.947358,0.316198,-0.050315,0.033602,0.058093,0.997746,0,0.75770,0.66586,45.462,1.332,-1,400.000,-1,425.000,-1,325.000,325.000,300.000,300.000,-1,-1,-1,-1,900.000,875.000,-1,-1,2,0,2,0,2,0,0,0,0,2,2,2,2,1,0,2,2
32,-8878.723,5253.499,243.205,72.869,0.296299,-0.954017,0.045367,0.954470,0.294052,-0.050203,0.034554,0.058177,0.997708,0,0.75801,0.66740,45.481,1.335,-1,400.000,-1,425.000,-1,325.000,325.000,300.000,300.000,-1,-1,-1,-1,-1,875.000,-1,-1,2,0,2,0,2,0,0,0,0,2,2,2,2,2,0,2,2
33,-8866.341,5297.279,244.536,74.207,0.273978,-0.960619,0.046327,0.961081,0.271696,-0.050054,0.035496,0.058238,0.997671,0,0.75830,0.66896,45.498,1.338,-1,400.000,-1,425.000,-1,325.000,325.000,300.000,300.000,-1,-1,-1,-1,-1,875.000,-1,-1,2,0,2,0,2,0,0,0,0,2,2,2,2,2,0,2,2
34,-8854.982,5341.353,246.063,75.548,0.251407,-0.966742,0.046959,0.967222,0.249150,-0.049050,0.035718,0.057752,0.997692,0,0.75857,0.67043,45.514,1.341,-1,400.000,-1,425.000,-1,325.000,325.000,300.000,300.000,-1,-1,-1,-1,-1,875.000,-1,-1,2,0,2,0,2,0,0,0,0,2,2,2,2,2,0,2,2
35,-8844.656,5385.696,247.549,76.892,0.228652,-0.972327,0.047933,0.972852,0.226413,-0.047917,0.035739,0.057588,0.997701,0,0.75882,0.67185,45.529,1.344,-1,400.000,-1,425.000,-1,325.000,325.000,300.000,300.000,-1,-1,-1,-1,-1,875.000,-1,-1,2,0,2,0,2,0,0,0,0,2,2,2,2,2,0,2,2
36,-8835.373,5430.282,249.080,78.238,0.205726,-0.977388,0.048876,0.977954,0.203504,-0.046812,0.035807,0.057429,0.997707,0,0.75905,0.67325,45.543,1.347,-1,400.000,-1,400.000,-1,325.000,325.000,300.000,300.000,-1,-1,-1,-1,-1,900.000,-1,-1,2,0,2,0,2,0,0,0,0,2,2,2,2,2,0,2,2
37,-8827.139,5475.087,250.657,79.588,0.182641,-0.981918,0.049791,0.982523,0.180435,-0.045732,0.035921,0.057273,0.997712,0,0.75926,0.67464,45.556,1.349,-1,400.000,-1,400.000,-1,325.000,325.000,300.000,300.000,-1,-1,-1,-1,-1,900.000,-1,-1,2,0,2,0,2,0,0,0,0,2,2,2,2,2,0,2,2
38,-8819.964,5520.084,252.281,80.940,0.159410,-0.985911,0.050675,0.986553,0.157217,-0.044676,0.036080,0.057115,0.997715,0,0.75944,0.67601,45.566,1.352,-1,400.000,-1,400.000,-1,325.000,325.000,300.000,300.000,-1,-1,-1,-1,-1,900.000,-1,-1,2,0,2,0,2,0,0,0,0,2,2,2,2,2,0,2,2
39,-8813.853,5565.247,253.955,82.294,0.136045,-0.989362,0.051528,0.990038,0.133865,-0.043643,0.036281,0.056952,0.997717,0,0.75959,0.67737,45.576,1.355,-1,400.000,-1,400.000,-1,325.000,325.000,300.000,300.000,-1,-1,-1,-1,-1,900.000,-1,-1,2,1,2,0,2,0,0,0,0,2,2,2,2,2,0,2,2
40,-8808.595,5612.072,255.734,83.592,0.113587,-0.992146,0.052382,0.992860,0.111419,-0.042597,0.036426,0.056846,0.997718,0,0.78533,0.64902,47.120,1.298,-1,450.000,-1,400.000,-1,325.000,325.000,300.000,300.000,-1,-1,-1,-1,-1,900.000,-1,-1,2,1,2,0,2,0,0,0,0,2,2,2,2,2,0,2,2
41,-8804.388,5659.149,257.568,84.894,0.091019,-0.994427,0.053206,0.995176,0.088864,-0.041567,0.036608,0.056732,0.997718,0,0.78775,0.65053,47.265,1.301,-1,-1,-1,400.000,-1,325.000,325.000,300.000,300.000,-1,-1,-1,-1,-1,900.000,-1,-1,2,2,2,0,2,0,0,0,0,2,2,2,2,2,0,2,2
42,-8801.244,5706.455,259.461,86.198,0.068354,-0.996199,0.053997,0.996981,0.066209,-0.040553,0.036824,0.056606,0.997717,0,0.79018,0.65204,47.411,1.304,-1,-1,-1,425.000,-1,325.000,325.000,300.000,300.000,-1,-1,-1,-1,-1,900.000,-1,-1,2,2,2,0,2,0,0,0,0,2,2,2,2,2,0,2,2
43,-8799.173,5753.966,261.413,87.505,0.045601,-0.997458,0.054752,0.998272,0.043468,-0.039552,0.037071,0.056461,0.997716,0,0.79262,0.65357,47.557,1.307,-1,-1,-1,425.000,-1,325.000,325.000,300.000,300.000,-1,-1,-1,-1,-1,900.000,-1,-1,2,2,2,0,2,0,0,0,0,2,2,2,2,2,0,2,2
44,-8798.186,5801.659,263.428,88.815,0.022773,-0.998201,0.055470,0.999043,0.020649,-0.038564,0.037349,0.056295,0.997715,0,0.79507,0.65511,47.704,1.310,-1,-1,-1,425.000,-1,325.000,325.000,300.000,300.000,-1,-1,-1,-1,-1,925.000,-1,-1,2,2,2,0,2,1,0,0,0,2,2,2,2,2,0,2,2
45,-8798.294,5849.510,265.506,90.128,-0.000122,-0.998423,0.056146,0.999291,-0.002235,-0.037587,0.037653,0.056101,0.997715,0,0.79752,0.65667,47.851,1.313,-1,-1,-1,425.000,-1,350.000,350.000,300.000,300.000,-1,-1,-1,-1,-1,925.000,-1,-1,2,2,2,0,2,1,0,0,0,2,2,2,2,2,0,2,2
46,-8799.504,5897.492,267.628,91.445,-0.023064,-0.998116,0.056861,0.999010,-0.025175,-0.036685,0.038047,0.055959,0.997708,0,0.79997,0.65827,47.998,1.317,-1,-1,-1,425.000,-1,400.000,350.000,300.000,300.000,-1,-1,-1,-1,-1,950.000,-1,-1,2,2,2,0,2,1,0,0,0,2,2,2,2,2,0,2,2
47,-8801.818,5945.580,266.675,92.765,-0.046807,-0.997743,0.048138,0.998452,-0.048180,-0.027773,0.030029,0.046763,0.998455,0,0.80241,0.65990,48.145,1.320,-1,-1,-1,400.000,-1,400.000,325.000,300.000,325.000,-1,-1,-1,-1,-1,875.000,-1,-1,2,2,2,0,2,1,0,0,0,2,2,2,2,2,0,2,2
48,-8805.131,5995.034,263.776,93.844,-0.066593,-0.997317,0.030411,0.997665,-0.067018,-0.013178,0.015180,0.029462,0.999451,0,0.82609,0.53990,49.566,1.080,-1,-1,-1,375.000,-1,400.000,300.000,250.000,325.000,-1,-1,-1,-1,-1,775.000,-1,-1,2,2,2,0,2,1,0,0,0,2,2,2,2,2,0,2,2
49,-8809.184,6044.568,260.521,94.684,-0.081677,-0.996604,0.010424,0.996658,-0.081660,0.002128,-0.001270,0.010563,0.999943,0,0.82834,0.41990,49.700,0.840,-1,-1,-1,350.000,-1,400.000,275.000,200.000,350.000,-1,-1,-1,-1,-1,700.000,-1,-1,2,2,2,0,2,1,0,0,0,2,2,2,2,2,0,2,2
50,-8813.772,6094.175,256.924,95.284,-0.091887,-0.995702,-0.011575,0.995584,-0.092089,0.018241,-0.019229,-0.009848,0.999767,0,0.83030,0.29990,49.818,0.600,-1,-1,-1,300.000,-1,400.000,250.000,175.000,350.000,-1,-1,-1,-1,-1,600.000,-1,-1,2,2,2,0,2,1,0,0,0,2,2,2,2,2,0,2,2
51,-8818.689,6143.849,253.014,95.644,-0.097057,-0.994654,-0.035247,0.994532,-0.098295,0.035262,-0.038538,-0.031632,0.998756,0,0.83192,0.17990,49.915,0.360,-1,-1,-1,275.000,-1,375.000,200.000,125.000,375.000,-1,-1,-1,-1,-1,500.000,-1,-1,2,2,2,0,2,1,0,0,0,2,2,2,2,2,0,2,2
52,-8823.727,6193.584,248.840,95.764,-0.097042,-0.993461,-0.060148,0.993532,-0.100275,0.053281,-0.058964,-0.054589,0.996766,0,0.83312,0.05990,49.987,0.120,-1,-1,-1,225.000,-1,350.000,175.000,100.000,425.000,-1,-1,-1,-1,-1,425.000,-1,1000.000,2,2,2,0,2,1,0,0,0,2,2,2,2,2,0,2,0
53,-8828.674,6243.372,244.471,95.643,-0.091741,-0.992088,-0.085707,0.992549,-0.098035,0.072357,-0.080187,-0.078431,0.993689,0,0.83381,-0.06010,50.029,-0.120,-1,-1,-1,200.000,-1,325.000,150.000,75.000,450.000,-1,0.000,-1,-1,-1,350.000,-1,500.000,2,2,2,0,2,1,0,1,0,2,0,2,2,2,0,2,0
54,-8833.537,6293.172,239.948,95.532,-0.085394,-0.990032,-0.112005,0.991137,-0.095891,0.091939,-0.101763,-0.103161,0.989445,0,0.83387,-0.05562,50.032,-0.111,-1,-1,-1,175.000,-1,275.000,125.000,125.000,525.000,-1,0.000,-1,-1,-1,300.000,-1,275.000,2,2,2,0,2,1,0,1,0,2,0,2,2,2,0,2,0
55,-8838.322,6342.957,235.275,95.432,-0.077949,-0.987216,-0.139026,0.989269,-0.093878,0.111958,-0.123578,-0.128807,0.983940,0,0.83347,-0.05005,50.008,-0.100,-1,-1,-1,150.000,975.000,250.000,100.000,150.000,625.000,-1,0.000,-1,-1,-1,225.000,-1,175.000,2,2,2,0,0,1,0,1,0,2,0,2,2,2,0,2,0
56,-8843.040,6392.695,230.457,95.344,-0.069331,-0.983559,-0.166747,0.986926,-0.092003,0.132332,-0.145498,-0.155392,0.977079,0,0.83256,-0.04407,49.953,-0.088,-1,-1,-1,100.000,475.000,225.000,75.000,200.000,750.000,0.000,0.000,-1,-1,-1,175.000,-1,100.000,2,2,2,0,0,1,0,1,0,0,0,2,2,2,0,2,0
57,7543.235,9510.935,255.781,-159.623,-0.926727,0.344879,0.149118,-0.360115,-0.928499,-0.090589,0.107214,-0.137650,0.984661,1,0.00000,0.00000,49.864,-0.075,-1,950.000,-1,175.000,850.000,300.000,175.000,300.000,825.000,300.000,25.000,125.000,-1,-1,225.000,-1,175.000,2,0,2,1,1,1,1,0,0,0,0,0,2,2,1,2,1
58,2951.688,-8199.154,207.077,107.872,-0.306266,-0.951313,0.034714,0.951747,-0.306744,-0.009271,0.019467,0.030200,0.999354,1,0.00000,0.00000,4.800,0.104,-1,400.000,-1,400.000,-1,325.000,325.000,300.000,300.000,-1,-1,-1,-1,775.000,775.000,-1,-1,2,0,2,0,2,0,0,0,0,2,2,2,2,0,0,2,2
59,2950.234,-8194.580,207.169,107.632,-0.302279,-0.952586,0.034744,0.953023,-0.302756,-0.009269,0.019348,0.030310,0.999353,0,0.08000,-0.12000,4.800,-0.240,-1,400.000,-1,400.000,-1,325.000,325.000,300.000,300.000,-1,-1,-1,-1,775.000,775.000,-1,-1,2,0,2,0,2,0,0,0,0,2,2,2,2,0,0,2,2
60,2947.385,-8185.412,207.352,107.264,-0.296158,-0.954505,0.034800,0.954946,-0.296633,-0.009271,0.019172,0.030486,0.999351,0,0.16000,-0.18389,9.600,-0.368,-1,400.000,-1,400.000,-1,325.000,325.000,300.000,300.000,-1,-1,-1,-1,775.000,775.000,-1,-1,2,0,2,0,2,0,0,0,0,2,2,2,2,0,0,2,2
61,2943.200,-8171.634,207.624,106.896,-0.290024,-0.956383,0.034878,0.956830,-0.290499,-0.009283,0.019011,0.030680,0.999348,0,0.24000,-0.18389,14.400,-0.368,-1,400.000,-1,400.000,-1,325.000,325.000,300.000,300.000,-1,-1,-1,-1,775.000,775.000,-1,-1,2,0,2,0,2,0,0,0,0,2,2,2,2,0,0,2,2
62,2937.737,-8153.227,207.982,106.528,-0.283878,-0.958222,0.034975,0.958675,-0.284352,-0.009306,0.018863,0.030888,0.999345,0,0.32000,-0.18389,19.200,-0.368,-1,400.000,-1,400.000,-1,325.000,325.000,300.000,300.000,-1,-1,-1,-1,775.000,775.000,-1,-1,2,0,2,0,2,0,0,0,0,2,2,2,2,0,0,2,2
63,2931.058,-8130.175,208.426,106.160,-0.277719,-0.960021,0.035087,0.960480,-0.278193,-0.009340,0.018728,0.031107,0.999341,0,0.40000,-0.18389,24.000,-0.368,-1,400.000,-1,400.000,-1,325.000,325.000,300.000,300.000,-1,-1,-1,-1,775.000,775.000,-1,-1,2,0,2,0,2,0,0,0,0,2,2,2,2,0,0,2,2
64,2923.219,-8102.463,208.953,105.793,-0.271548,-0.961781,0.035210,0.962245,-0.272023,-0.009386,0.018606,0.031332,0.999336,0,0.48000,-0.18389,28.800,-0.368,-1,400.000,-1,400.000,-1,325.000,325.000,300.000,300.000,-1,-1,-1,-1,775.000,775.000,-1,-1,2,0,2,0,2,0,0,0,0,2,2,2,2,0,0,2,2
65,2914.282,-8070.073,209.564,105.425,-0.265366,-0.963500,0.035338,0.963970,-0.265842,-0.009445,0.018495,0.031559,0.999331,0,0.56000,-0.18389,33.600,-0.368,-1,400.000,-1,400.000,-1,325.000,325.000,300.000,300.000,-1,-1,-1,-1,775.000,775.000,-1,-1,2,0,2,0,2,0,0,0,0,2,2,2,2,0,0,2,2
66,2904.307,-8032.991,210.255,105.057,-0.259172,-0.965180,0.035467,0.965656,-0.259650,-0.009518,0.018396,0.031782,0.999326,0,0.64000,-0.18389,38.400,-0.368,-1,400.000,-1,400.000,-1,325.000,325.000,300.000,300.000,-1,-1,-1,-1,775.000,775.000,-1,-1,2,0,2,0,2,0,0,0,0,2,2,2,2,0,0,2,2
67,2893.352,-7991.203,211.027,104.689,-0.252968,-0.966820,0.035588,0.967302,-0.253447,-0.009605,0.018306,0.031995,0.999320,0,0.72000,-0.18389,43.200,-0.368,-1,400.000,-1,400.000,-1,325.000,325.000,300.000,300.000,-1,-1,-1,-1,800.000,775.000,-1,-1,2,0,2,0,2,0,0,0,0,2,2,2,2,0,0,2,2
68,2881.479,-7944.695,211.879,104.321,-0.246753,-0.968421,0.035689,0.968907,-0.247234,-0.009704,0.018221,0.032185,0.999316,0,0.80000,-0.18389,48.000,-0.368,-1,400.000,-1,400.000,-1,325.000,325.000,300.000,300.000,-1,-1,-1,-1,800.000,775.000,-1,-1,2,0,2,0,2,0,0,0,0,2,2,2,2,0,0,2,2
69,2869.407,-7896.113,212.747,103.954,-0.240532,-0.969981,0.035787,0.970474,-0.241011,-0.009675,0.018010,0.032403,0.999313,0,0.83431,-0.18389,50.059,-0.368,-1,400.000,-1,400.000,-1,325.000,325.000,300.000,300.000,-1,-1,-1,-1,800.000,775.000,-1,-1,2,0,2,0,2,0,0,0,0,2,2,2,2,0,0,2,2
70,2857.648,-7847.455,213.572,103.586,-0.234304,-0.971498,0.035961,0.972003,-0.234778,-0.009518,0.017690,0.032724,0.999308,0,0.83431,-0.18389,50.059,-0.368,-1,400.000,-1,400.000,-1,325.000,325.000,300.000,300.000,-1,-1,-1,-1,800.000,775.000,-1,-1,2,0,2,0,2,0,0,0,0,2,2,2,2,0,0,2,2
71,2846.202,-7798.722,214.393,103.218,-0.228066,-0.972975,0.036132,0.973491,-0.228534,-0.009341,0.017346,0.033044,0.999303,0,0.83431,-0.18389,50.059,-0.368,-1,400.000,-1,400.000,-1,325.000,325.000,300.000,300.000,-1,-1,-1,-1,800.000,775.000,-1,-1,2,0,2,0,2,0,0,0,0,2,2,2,2,0,0,2,2
72,2835.069,-7749.917,215.115,102.850,-0.221838,-0.974424,0.035853,0.974941,-0.222285,-0.008935,0.016676,0.032972,0.999317,0,0.83431,-0.18389,50.059,-0.368,-1,400.000,-1,400.000,-1,325.000,325.000,300.000,300.000,-1,-1,-1,-1,800.000,775.000,-1,-1,2,0,2,0,2,0,0,0,0,2,2,2,2,0,0,2,2
73,2824.249,-7701.042,215.825,102.483,-0.215602,-0.975834,0.035544,0.976350,-0.216026,-0.008518,0.015991,0.032867,0.999332,0,0.83431,-0.18389,50.059,-0.368,-1,400.000,-1,400.000,-1,325.000,325.000,300.000,300.000,-1,-1,-1,-1,800.000,775.000,-1,-1,2,0,2,0,2,0,0,0,0,2,2,2,2,0,0,2,2
74,2813.743,-7652.098,216.523,102.115,-0.209356,-0.977205,0.035215,0.977720,-0.209758,-0.008093,0.015295,0.032736,0.999347,0,0.83431,-0.18389,50.059,-0.368,-1,400.000,-1,400.000,-1,325.000,325.000,300.000,300.000,-1,-1,-1,-1,800.000,775.000,-1,-1,2,0,2,0,2,0,0,0,0,2,2,2,2,0,0,2,2
75,2802.350,-7598.435,217.288,101.987,-0.207200,-0.977678,0.034830,0.978188,-0.207580,-0.007633,0.014693,0.032488,0.999364,0,0.91431,-0.06389,54.859,-0.128,-1,400.000,-1,400.000,-1,325.000,325.000,300.000,300.000,-1,-1,-1,-1,800.000,775.000,-1,-1,2,0,2,0,2,0,0,0,0,2,2,2,2,0,0,2,2
76,2790.687,-7544.031,218.069,102.099,-0.209137,-0.977281,0.034405,0.977783,-0.209497,-0.007177,0.014222,0.032140,0.999382,0,0.92734,0.05611,55.640,0.112,-1,400.000,-1,400.000,-1,325.000,325.000,300.000,300.000,-1,-1,-1,-1,825.000,775.000,-1,-1,2,0,2,0,2,0,0,0,0,2,2,2,2,0,0,2,2
77,2778.914,-7489.650,218.850,102.216,-0.211145,-0.976865,0.033960,0.977358,-0.211485,-0.006700,0.013727,0.031777,0.999401,0,0.92734,0.05822,55.640,0.116,-1,400.000,-1,400.000,-1,325.000,325.000,300.000,300.000,-1,-1,-1,-1,825.000,775.000,-1,-1,2,0,2,0,2,0,0,0,0,2,2,2,2,0,0,2,2
78,2767.031,-7435.294,219.606,102.332,-0.213155,-0.976442,0.033564,0.976930,-0.213472,-0.006118,0.013139,0.031485,0.999418,0,0.92734,0.05822,55.640,0.116,-1,400.000,-1,400.000,-1,325.000,325.000,300.000,300.000,-1,-1,-1,-1,825.000,775.000,-1,-1,2,0,2,0,2,0,0,0,0,2,2,2,2,0,0,2,2
79,2755.037,-7380.962,220.362,102.449,-0.215164,-0.976015,0.033145,0.976498,-0.215458,-0.005516,0.012525,0.031179,0.999435,0,0.92734,0.05822,55.640,0.116,-1,400.000,-1,400.000,-1,325.000,325.000,300.000,300.000,-1,-1,-1,-1,825.000,775.000,-1,-1,2,0,2,0,2,0,0,0,0,2,2,2,2,0,0,2,2
80,2742.933,-7326.654,221.116,102.565,-0.217173,-0.975585,0.032704,0.976061,-0.217443,-0.004893,0.011885,0.030858,0.999453,0,0.92734,0.05822,55.640,0.116,-1,400.000,-1,400.000,-1,325.000,325.000,300.000,300.000,-1,-1,-1,-1,825.000,775.000,-1,-1,2,0,2,0,2,0,0,0,0,2,2,2,2,0,0,2,2
81,2730.719,-7272.371,221.854,102.681,-0.219179,-0.975150,0.032308,0.975620,-0.219427,-0.004284,0.011267,0.030582,0.999469,0,0.92734,0.05822,55.640,0.116,-1,400.000,-1,400.000,-1,325.000,325.000,300.000,300.000,-1,-1,-1,-1,825.000,775.000,-1,-1,2,0,2,0,2,0,0,0,0,2,2,2,2,0,0,2,2
82,2718.394,-7218.113,222.488,102.798,-0.221180,-0.974699,0.032266,0.975175,-0.221408,-0.003601,0.010653,0.030669,0.999473,0,0.92734,0.05822,55.640,0.116,-1,400.000,-1,400.000,-1,325.000,325.000,300.000,300.000,-1,-1,-1,-1,825.000,775.000,-1,-1,2,0,2,0,2,0,0,0,0,2,2,2,2,0,0,2,2
83,2705.959,-7163.880,223.089,102.914,-0.223182,-0.974244,0.032213,0.974725,-0.223387,-0.002893,0.010014,0.030753,0.999477,0,0.92734,0.05822,55.640,0.116,-1,400.000,-1,400.000,-1,325.000,325.000,300.000,300.000,-1,-1,-1,-1,825.000,775.000,-1,-1,2,0,2,0,2,0,0,0,0,2,2,2,2,0,0,2,2
84,2693.413,-7109.673,223.564,103.031,-0.225182,-0.973801,0.031695,0.974270,-0.225370,-0.002448,0.009527,0.030328,0.999495,0,0.92734,0.05822,55.640,0.116,-1,400.000,-1,400.000,-1,325.000,325.000,300.000,300.000,-1,-1,-1,-1,825.000,775.000,-1,-1,2,0,2,0,2,0,0,0,0,2,2,2,2,0,0,2,2
85,2680.758,-7055.491,224.013,103.147,-0.227184,-0.973357,0.031057,0.973811,-0.227352,-0.001946,0.008955,0.029802,0.999516,0,0.92734,0.05822,55.640,0.116,-1,400.000,-1,400.000,-1,325.000,325.000,300.000,300.000,-1,-1,-1,-1,800.000,775.000,-1,-1,2,0,2,0,2,0,0,0,0,2,2,2,2,0,0,2,2
86,2667.993,-7001.335,224.457,103.264,-0.229185,-0.972908,0.030400,0.973347,-0.229333,-0.001434,0.008367,0.029261,0.999537,0,0.92734,0.05822,55.640,0.116,-1,400.000,-1,400.000,-1,325.000,325.000,300.000,300.000,-1,-1,-1,-1,800.000,750.000,-1,-1,2,0,2,0,2,0,0,0,0,2,2,2,2,0,0,2,2
87,2655.117,-6947.205,224.896,103.380,-0.231185,-0.972456,0.029721,0.972879,-0.231314,-0.000913,0.007763,0.028704,0.999558,0,0.92734,0.05822,55.640,0.116,-1,400.000,-1,400.000,-1,325.000,325.000,300.000,300.000,-1,-1,-1,-1,800.000,750.000,-1,-1,2,0,2,0,2,0,0,0,0,2,2,2,2,0,0,2,2
88,2642.132,-6893.101,225.329,103.496,-0.233184,-0.971999,0.029021,0.972406,-0.233293,-0.000383,0.007142,0.028131,0.999579,0,0.92734,0.05822,55.640,0.116,-1,400.000,-1,400.000,-1,325.000,325.000,300.000,300.000,-1,-1,-1,-1,800.000,750.000,-1,-1,2,0,2,0,2,0,0,0,0,2,2,2,2,0,0,2,2
89,2629.037,-6839.024,225.716,103.613,-0.235182,-0.971539,0.028313,0.971930,-0.235272,0.000152,0.006514,0.027553,0.999599,0,0.92734,0.05822,55.640,0.116,-1,400.000,-1,400.000,-1,325.000,325.000,300.000,300.000,-1,-1,-1,-1,800.000,750.000,-1,-1,2,0,2,0,2,0,0,0,0,2,2,2,2,0,0,2,2
90,2615.832,-6784.973,226.061,103.729,-0.237180,-0.971076,0.027519,0.971448,-0.237250,0.000725,0.005825,0.026905,0.999621,0,0.92734,0.05822,55.640,0.116,-1,400.000,-1,400.000,-1,325.000,325.000,300.000,300.000,-1,-1,-1,-1,800.000,750.000,-1,-1,2,0,2,0,2,0,0,0,0,2,2,2,2,0,0,2,2
91,2602.517,-6730.950,226.397,103.846,-0.239175,-0.970608,0.026733,0.970963,-0.239227,0.001294,0.005140,0.026266,0.999642,0,0.92734,0.05822,55.640,0.116,-1,400.000,-1,400.000,-1,325.000,325.000,300.000,300.000,-1,-1,-1,-1,775.000,750.000,-1,-1,2,0,2,0,2,0,0,0,0,2,2,2,2,0,0,2,2
92,2590.457,-6681.561,226.695,103.722,-0.237102,-0.971136,0.026045,0.971475,-0.237137,0.001805,0.004424,0.025729,0.999659,0,0.84734,-0.06178,50.840,-0.124,-1,400.000,-1,400.000,-1,325.000,325.000,300.000,300.000,-1,-1,-1,-1,775.000,750.000,-1,-1,2,0,2,0,2,0,0,0,0,2,2,2,2,0,0,2,2
93,2579.130,-6633.863,226.971,103.359,-0.230955,-0.972632,0.025417,0.972958,-0.230973,0.002288,0.003645,0.025258,0.999674,0,0.81707,-0.18178,49.024,-0.364,-1,400.000,-1,375.000,-1,325.000,325.000,300.000,300.000,-1,-1,-1,-1,775.000,725.000,-1,-1,2,0,2,0,2,0,0,0,0,2,2,2,2,0,0,2,2
94,2568.306,-6586.048,227.202,102.755,-0.220711,-0.975019,0.024980,0.975335,-0.220716,0.002583,0.002995,0.024934,0.999685,0,0.81707,-0.30178,49.024,-0.604,-1,400.000,-1,375.000,-1,325.000,325.000,300.000,300.000,-1,-1,-1,-1,775.000,725.000,-1,-1,2,0,2,0,2,0,0,0,0,2,2,2,2,0,0,2,2
95,2558.188,-6538.080,227.449,101.912,-0.206344,-0.978173,0.024473,0.978477,-0.206339,0.002724,0.002385,0.024508,0.999697,0,0.81707,-0.42178,49.024,-0.844,-1,400.000,-1,375.000,-1,325.000,325.000,325.000,300.000,-1,-1,-1,-1,775.000,725.000,-1,-1,2,0,2,0,2,0,0,0,0,2,2,2,2,0,0,2,2
96,2548.978,-6489.928,227.654,100.828,-0.187817,-0.981912,0.023961,0.982202,-0.187807,0.002682,0.001867,0.024038,0.999709,0,0.81707,-0.54178,49.024,-1.084,-1,400.000,-1,375.000,-1,325.000,325.000,325.000,300.000,-1,-1,-1,-1,775.000,725.000,-1,-1,2,0,2,0,2,0,0,0,0,2,2,2,2,0,0,2,2
97,2540.807,-6441.589,227.881,99.594,-0.166634,-0.985733,0.023728,0.986018,-0.166625,0.002360,0.001627,0.023790,0.999716,0,0.81707,-0.61680,49.024,-1.234,-1,400.000,-1,375.000,-1,325.000,325.000,325.000,300.000,-1,-1,-1,-1,750.000,725.000,-1,-1,2,0,2,0,2,0,0,0,0,2,2,2,2,0,0,2,2
98,2533.674,-6393.051,228.079,98.361,-0.145371,-0.989098,0.023493,0.989376,-0.145365,0.002010,0.001427,0.023535,0.999722,0,0.81766,-0.61683,49.060,-1.234,-1,400.000,-1,375.000,-1,325.000,325.000,325.000,300.000,-1,-1,-1,-1,750.000,725.000,-1,-1,2,0,2,0,2,0,0,0,0,2,2,2,2,0,0,2,2
99,2527.561,-6344.159,228.248,97.127,-0.124037,-0.992005,0.023250,0.992277,-0.124033,0.001632,0.001265,0.023273,0.999728,0,0.82120,-0.61695,49.272,-1.234,-1,400.000,-1,375.000,-1,325.000,325.000,325.000,300.000,-1,-1,-1,-1,750.000,725.000,-1,-1,2,0,2,0,2,0,0,0,0,2,2,2,2,0,0,2,2
100,2522.480,-6294.935,228.359,95.893,-0.102643,-0.994455,0.022887,0.994717,-0.102644,0.001117,0.001238,0.022880,0.999737,0,0.82476,-0.61691,49.486,-1.234,-1,400.000,-1,375.000,-1,325.000,325.000,325.000,300.000,-1,-1,-1,-1,750.000,725.000,-1,-1,2,0,2,0,2,0,0,0,0,2,2,2,2,0,0,2,2
101,2517.887,-6241.348,228.447,94.899,-0.085372,-0.996096,0.022448,0.996348,-0.085382,0.000547,0.001372,0.022412,0.999748,0,0.89639,-0.49691,53.783,-0.994,-1,400.000,-1,375.000,-1,325.000,325.000,325.000,300.000,-1,-1,-1,-1,750.000,725.000,-1,-1,2,0,2,0,2,0,0,0,0,2,2,2,2,0,0,2,2
102,2513.982,-6187.473,228.520,94.145,-0.072253,-0.997143,0.022013,0.997385,-0.072270,0.000001,0.001590,0.021956,0.999758,0,0.90027,-0.37691,54.016,-0.754,-1,400.000,-1,375.000,-1,325.000,325.000,325.000,300.000,-1,-1,-1,-1,750.000,725.000,-1,-1,2,0,2,0,2,0,0,0,0,2,2,2,2,0,0,2,2
103,2510.546,-6133.332,228.582,93.632,-0.063300,-0.997761,0.021586,0.997993,-0.063326,-0.000525,0.001890,0.021509,0.999767,0,0.90416,-0.25691,54.249,-0.514,-1,400.000,-1,375.000,-1,325.000,325.000,325.000,300.000,-1,-1,-1,-1,750.000,725.000,-1,-1,2,0,2,0,2,0,0,0,0,2,2,2,2,0,0,2,2
104,2507.355,-6078.943,228.639,93.358,-0.058523,-0.998062,0.021167,0.998283,-0.058558,-0.001031,0.002268,0.021070,0.999775,0,0.90806,-0.13691,54.483,-0.274,-1,400.000,-1,375.000,-1,325.000,325.000,325.000,300.000,-1,-1,-1,-1,750.000,725.000,-1,-1,2,0,2,0,2,0,0,0,0,2,2,2,2,0,0,2,2
105,2504.183,-6024.317,228.694,93.324,-0.057925,-0.998105,0.020758,0.998317,-0.057969,-0.001520,0.002720,0.020635,0.999783,0,0.91197,-0.01691,54.718,-0.034,-1,400.000,-1,375.000,-1,325.000,325.000,325.000,300.000,-1,-1,-1,-1,750.000,725.000,-1,-1,2,0,2,0,2,0,0,0,0,2,2,2,2,0,0,2,2
106,2500.799,-5969.467,228.752,93.530,-0.061508,-0.997899,0.020362,0.998101,-0.061561,-0.001993,0.003242,0.020201,0.999791,0,0.91590,0.10309,54.954,0.206,-1,400.000,-1,375.000,-1,325.000,325.000,325.000,300.000,-1,-1,-1,-1,750.000,725.000,-1,-1,2,0,2,0,2,0,0,0,0,2,2,2,2,0,0,2,2
107,2496.972,-5914.408,228.838,93.976,-0.069270,-0.997399,0.019900,0.997591,-0.069331,-0.002411,0.003785,0.019685,0.999799,0,0.91986,0.22309,55.192,0.446,-1,400.000,-1,375.000,-1,325.000,325.000,300.000,300.000,-1,-1,-1,-1,750.000,-1,-1,-1,2,0,2,0,2,0,0,0,0,2,2,2,2,0,2,2,2
108,2492.466,-5859.160,229.135,94.663,-0.081203,-0.996511,0.019280,0.996688,-0.081272,-0.002804,0.004361,0.018989,0.999810,0,0.92385,0.34309,55.431,0.686,-1,400.000,-1,375.000,-1,325.000,325.000,300.000,300.000,-1,-1,-1,-1,-1,-1,-1,-1,2,0,2,0,2,0,0,0,0,2,2,2,2,2,2,2,2
109,2487.045,-5803.753,229.522,95.589,-0.097293,-0.995075,0.018953,0.995243,-0.097370,-0.003196,0.005026,0.018551,0.999815,0,0.92787,0.46309,55.672,0.926,-1,400.000,-1,375.000,-1,325.000,325.000,300.000,300.000,-1,-1,-1,-1,-1,-1,-1,-1,2,0,2,0,2,0,0,0,0,2,2,2,2,2,2,2,2
110,2480.664,-5748.204,229.920,96.553,-0.114012,-0.993305,0.018598,0.993463,-0.114097,-0.003584,0.005683,0.018068,0.999821,0,0.93191,0.48195,55.914,0.964,-1,400.000,-1,375.000,-1,325.000,325.000,300.000,300.000,-1,-1,-1,-1,-1,-1,-1,-1,2,0,2,0,2,0,0,0,0,2,2,2,2,2,2,2,2
111,2473.320,-5692.529,230.329,97.515,-0.130674,-0.991258,0.018217,0.991405,-0.130766,-0.003971,0.006318,0.017541,0.999826,0,0.93596,0.48121,56.157,0.962,-1,400.000,-1,375.000,-1,325.000,325.000,300.000,300.000,-1,-1,-1,-1,-1,-1,-1,-1,2,0,2,0,2,0,0,0,0,2,2,2,2,2,2,2,2
112,2465.007,-5636.744,230.748,98.476,-0.147269,-0.988936,0.017806,0.989072,-0.147368,-0.004355,0.006931,0.016970,0.999832,0,0.94001,0.48031,56.401,0.961,-1,400.000,-1,375.000,-1,325.000,325.000,300.000,300.000,-1,-1,-1,-1,-1,-1,-1,-1,2,0,2,0,2,0,0,0,0,2,2,2,2,2,2,2,2
113,2456.760,-5585.806,231.134,99.196,-0.159692,-0.987013,0.017411,0.987139,-0.159795,-0.004713,0.007434,0.016434,0.999837,0,0.86001,0.36031,51.601,0.721,-1,400.000,-1,-1,-1,325.000,325.000,300.000,300.000,-1,-1,-1,-1,-1,-1,-1,-1,2,0,2,2,2,0,0,0,0,2,2,2,2,2,2,2,2
114,2448.894,-5539.672,231.485,99.677,-0.167963,-0.985646,0.017040,0.985762,-0.168070,-0.005043,0.007834,0.015950,0.999842,0,0.78001,0.24031,46.801,0.481,-1,-1,-1,-1,-1,325.000,325.000,300.000,300.000,-1,-1,-1,-1,-1,-1,-1,-1,2,2,2,2,2,0,1,0,0,2,2,2,2,2,2,2,2
115,2441.632,-5498.168,231.800,99.925,-0.172223,-0.984916,0.016698,0.985024,-0.172333,-0.005344,0.008141,0.015528,0.999846,0,0.70223,0.12389,42.134,0.248,-1,-1,-1,-1,-1,-1,-1,300.000,300.000,-1,-1,-1,-1,-1,-1,-1,-1,2,2,2,2,2,2,2,0,0,2,2,2,2,2,2,2,2
116,2434.159,-5456.518,232.115,100.171,-0.176460,-0.984172,0.016343,0.984272,-0.176572,-0.005643,0.008440,0.015090,0.999851,0,0.70525,0.12331,42.315,0.247,-1,-1,-1,-1,-1,-1,-1,300.000,300.000,-1,-1,-1,-1,-1,-1,-1,-1,2,2,2,2,2,2,2,0,0,2,2,2,2,2,2,2,2
117,2426.476,-5414.723,232.430,100.417,-0.180673,-0.983414,0.015975,0.983505,-0.180786,-0.005940,0.008729,0.014638,0.999855,0,0.70826,0.12268,42.496,0.245,-1,-1,-1,-1,-1,-1,-1,300.000,300.000,-1,-1,-1,-1,-1,-1,-1,-1,2,2,2,2,2,2,2,0,0,2,2,2,2,2,2,2,2
118,2418.581,-5372.782,232.744,100.661,-0.184858,-0.982642,0.015592,0.982724,-0.184973,-0.006234,0.009010,0.014170,0.999859,0,0.71129,0.12198,42.677,0.244,-1,-1,-1,-1,-1,-1,-1,300.000,300.000,-1,-1,-1,-1,-1,-1,-1,-1,2,2,2,2,2,2,2,0,0,2,2,2,2,2,2,2,2
119,2410.475,-5330.697,233.058,100.903,-0.189015,-0.981857,0.015195,0.981930,-0.189130,-0.006526,0.009281,0.013686,0.999863,0,0.71431,0.12121,42.859,0.242,-1,-1,-1,-1,-1,-1,-1,300.000,300.000,-1,-1,-1,-1,-1,-1,-1,-1,2,2,2,2,2,2,2,0,0,2,2,2,2,2,2,2,2
120,2402.156,-5288.468,233.399,101.144,-0.193141,-0.981061,0.014670,0.981125,-0.193255,-0.006757,0.009464,0.013088,0.999870,0,0.71734,0.12037,43.041,0.241,-1,-1,-1,-1,-1,-1,-1,300.000,300.000,-1,-1,-1,-1,-1,-1,-1,-1,2,2,2,2,2,2,2,0,0,2,2,2,2,2,2,2,2
121,2393.618,-5246.097,226.145,101.383,-0.197870,-0.979515,0.037396,0.980140,-0.197196,0.020956,-0.013152,0.040800,0.999081,0,0.72037,0.11944,43.222,0.239,-1,-1,-1,-1,-1,-1,-1,325.000,250.000,-1,-1,-1,-1,-1,-1,-1,-1,2,2,2,2,2,2,2,0,0,2,2,2,2,2,2,2,2
122,2384.860,-5203.585,218.227,101.619,-0.203897,-0.977031,0.061946,0.978267,-0.200902,0.051307,-0.037684,0.071061,0.996760,0,0.72339,0.11842,43.404,0.237,-1,-1,-1,-1,-1,-1,-1,350.000,175.000,-1,-1,-1,-1,-1,-1,-1,-1,2,2,2,2,2,2,2,0,0,2,2,2,2,2,2,2,2
123,2375.903,-5160.925,205.914,101.854,-0.211169,-0.975178,0.066601,0.974440,-0.204686,0.092580,-0.076650,0.084449,0.993475,0,0.72641,0.11729,43.585,0.235,-1,-1,-1,-1,-1,-1,-1,350.000,125.000,-1,-1,-1,-1,-1,-1,-1,-1,2,2,2,2,2,2,2,0,0,2,2,2,2,2,2,2,2
124,5575.741,-983.971,179.204,-101.161,-0.210988,0.959193,0.188238,-0.973683,-0.189255,-0.126983,-0.086176,-0.210076,0.973880,1,0.00000,0.00000,43.765,0.232,275.000,325.000,-1,475.000,-1,300.000,325.000,250.000,250.000,-1,175.000,75.000,-1,450.000,800.000,325.000,-1,0,0,2,0,2,1,1,0,1,2,1,1,2,0,0,0,2
125,1639.831,2951.695,190.111,-12.460,0.976184,0.215757,0.022677,-0.215524,0.976421,-0.012307,-0.024797,0.007127,0.999667,1,0.00000,0.00000,4.800,0.240,-1,400.000,-1,375.000,-1,325.000,325.000,300.000,300.000,-1,-1,-1,575.000,750.000,700.000,-1,-1,2,0,2,0,2,0,0,0,0,2,2,2,1,0,0,2,2
126,1635.140,2952.711,190.230,-12.220,0.977077,0.211665,0.022764,-0.211429,0.977315,-0.012365,-0.024865,0.007268,0.999664,0,-0.08000,0.12000,-4.800,0.240,-1,400.000,-1,375.000,-1,325.000,325.000,300.000,300.000,-1,-1,-1,575.000,750.000,700.000,-1,-1,2,0,2,0,2,0,0,0,0,2,2,2,1,0,0,2,2
127,1625.741,2954.664,190.468,-11.740,0.978812,0.203470,0.022940,-0.203227,0.979052,-0.012475,-0.024998,0.007549,0.999659,0,-0.16000,0.24000,-9.600,0.480,-1,400.000,-1,375.000,-1,325.000,325.000,300.000,300.000,-1,-1,-1,575.000,750.000,700.000,-1,-1,2,0,2,0,2,0,0,0,0,2,2,2,1,0,0,2,2
128,1614.908,2956.774,190.742,-11.020,0.981288,0.191151,0.023141,-0.190901,0.981529,-0.012592,-0.025121,0.007938,0.999653,0,-0.18395,0.36000,-11.037,0.720,-1,400.000,-1,375.000,-1,325.000,325.000,300.000,300.000,-1,-1,1000.000,575.000,750.000,700.000,-1,-1,2,0,2,0,2,0,0,0,0,2,2,1,1,0,0,2,2
129,1603.996,2958.710,191.019,-10.060,0.984349,0.174678,0.023342,-0.174420,0.984590,-0.012695,-0.025200,0.008425,0.999647,0,-0.18470,0.48000,-11.082,0.960,-1,400.000,-1,375.000,-1,325.000,325.000,300.000,300.000,-1,-1,1000.000,550.000,750.000,700.000,-1,-1,2,0,2,0,2,0,0,0,0,2,2,1,1,0,0,2,2
130,1592.992,2960.425,191.299,-8.860,0.987787,0.154019,0.023545,-0.153752,0.988027,-0.012784,-0.025232,0.009008,0.999641,0,-0.18561,0.60000,-11.137,1.200,-1,400.000,-1,375.000,-1,325.000,325.000,300.000,300.000,-1,1000.000,975.000,550.000,750.000,700.000,-1,-1,2,0,2,0,2,0,0,0,0,2,1,1,1,0,0,2,2
131,1581.886,2961.872,191.578,-7.420,0.991342,0.129141,0.023750,-0.128864,0.991579,-0.012857,-0.025210,0.009685,0.999635,0,-0.18667,0.72000,-11.200,1.440,-1,400.000,-1,375.000,-1,325.000,325.000,300.000,300.000,-1,975.000,975.000,550.000,750.000,700.000,-1,-1,2,0,2,0,2,0,0,0,0,2,1,1,1,0,0,2,2
132,1570.669,2962.999,191.858,-5.740,0.994698,0.100014,0.023960,-0.099726,0.994931,-0.012912,-0.025130,0.010454,0.999630,0,-0.18788,0.84000,-11.273,1.680,-1,400.000,-1,375.000,-1,325.000,325.000,300.000,300.000,-1,975.000,950.000,550.000,725.000,700.000,-1,-1,2,0,2,0,2,0,0,0,0,2,1,1,1,0,0,2,2
133,1559.341,2963.768,192.134,-3.881,0.997415,0.067674,0.024176,-0.067376,0.997644,-0.012950,-0.024995,0.011288,0.999624,0,-0.18924,0.92982,-11.355,1.860,-1,400.000,-1,375.000,-1,325.000,325.000,300.000,300.000,-1,950.000,925.000,550.000,725.000,700.000,-1,-1,2,0,2,0,2,0,0,0,0,2,1,1,1,0,0,2,2
134,1547.905,2964.172,192.406,-2.023,0.999079,0.035293,0.024401,-0.034984,0.999304,-0.012971,-0.024841,0.012105,0.999618,0,-0.19071,0.92897,-11.442,1.858,-1,400.000,-1,375.000,-1,325.000,325.000,300.000,300.000,-1,925.000,925.000,550.000,725.000,700.000,-1,-1,2,0,2,0,2,0,0,0,0,2,1,1,1,0,0,2,2
135,1536.375,2964.205,192.673,-0.167,0.999692,0.002906,0.024633,-0.002587,0.999912,-0.012974,-0.024669,0.012907,0.999612,0,-0.19217,0.92809,-11.530,1.856,-1,375.000,-1,375.000,-1,325.000,325.000,300.000,300.000,-1,925.000,450.000,575.000,725.000,725.000,-1,-1,2,0,2,0,2,0,0,0,0,2,1,1,1,0,0,2,2
136,1524.762,2963.863,192.935,1.688,0.999257,-0.029452,0.024873,0.029781,0.999472,-0.012960,-0.024478,0.013691,0.999607,0,-0.19363,0.92720,-11.618,1.854,-1,375.000,-1,375.000,-1,325.000,325.000,300.000,300.000,-1,900.000,375.000,575.000,725.000,725.000,-1,-1,2,0,2,0,2,0,0,0,0,2,1,1,1,0,0,2,2
137,1513.079,2963.141,193.191,3.540,0.997776,-0.061746,0.025119,0.062085,0.997987,-0.012926,-0.024270,0.014457,0.999601,0,-0.19509,0.92628,-11.706,1.853,-1,375.000,-1,375.000,-1,325.000,325.000,300.000,300.000,-1,875.000,325.000,575.000,725.000,725.000,-1,-1,2,0,2,0,2,0,0,0,0,2,1,1,1,0,0,2,2
138,1501.338,2962.033,193.441,5.391,0.995254,-0.093943,0.025370,0.094291,0.995461,-0.012873,-0.024046,0.015204,0.999595,0,-0.19655,0.92534,-11.793,1.851,-1,375.000,-1,375.000,-1,325.000,325.000,300.000,300.000,-1,775.000,300.000,600.000,725.000,725.000,-1,-1,2,0,2,0,2,0,0,0,0,2,1,1,1,0,0,2,2
139,1489.553,2960.536,193.686,7.240,0.991698,-0.126008,0.025626,0.126364,0.991901,-0.012799,-0.023806,0.015931,0.999590,0,-0.19799,0.92439,-11.880,1.849,-1,375.000,-1,375.000,-1,325.000,325.000,300.000,300.000,-1,550.000,275.000,600.000,725.000,725.000,-1,-1,2,0,2,0,2,0,0,0,0,2,1,1,1,0,0,2,2
140,1477.737,2958.646,193.925,9.087,0.987115,-0.157907,0.025885,0.158272,0.987314,-0.012704,-0.023551,0.016637,0.999584,0,-0.19943,0.92341,-11.966,1.847,-1,375.000,-1,375.000,-1,325.000,325.000,300.000,300.000,-1,425.000,250.000,625.000,725.000,725.000,-1,-1,2,0,2,0,2,0,0,0,0,2,1,1,1,0,0,2,2
141,1465.905,2956.361,194.156,10.932,0.981512,-0.189607,0.026146,0.189981,0.981707,-0.012586,-0.023281,0.017321,0.999579,0,-0.20085,0.92242,-12.051,1.845,-1,375.000,-1,400.000,-1,325.000,325.000,300.000,300.000,-1,350.000,250.000,675.000,725.000,725.000,-1,-1,2,0,2,0,2,0,0,0,0,2,1,1,1,0,0,2,2
