timestep,x_cm,y_cm,z_cm,yaw_deg,basis_xx,basis_xy,basis_xz,basis_yx,basis_yy,basis_yz,basis_zx,basis_zy,basis_zz,teleport_flag,throttle_cmd,steering_cmd,cmd_move_cm,cmd_turn_deg,lidar_cm_0,lidar_cm_1,lidar_cm_2,lidar_cm_3,lidar_cm_4,lidar_cm_5,lidar_cm_6,lidar_cm_7,lidar_cm_8,lidar_cm_9,lidar_cm_10,lidar_cm_11,lidar_cm_12,lidar_cm_13,lidar_cm_14,lidar_cm_15,lidar_cm_16,lidar_class_0,lidar_class_1,lidar_class_2,lidar_class_3,lidar_class_4,lidar_class_5,lidar_class_6,lidar_class_7,lidar_class_8,lidar_class_9,lidar_class_10,lidar_class_11,lidar_class_12,lidar_class_13,lidar_class_14,lidar_class_15,lidar_class_16
0,-980.114,-2298.721,-56.124,-38.130,0.784578,0.617174,-0.059443,-0.617818,0.786269,0.009058,0.052328,0.029618,0.998191,1,0.08000,0.12000,4.800,0.240,-1,400.000,-1,400.000,-1,325.000,325.000,300.000,300.000,-1,-1,575.000,550.000,700.000,775.000,-1,-1,2,0,2,0,2,0,0,0,0,2,2,1,1,0,0,2,2
1,-972.516,-2304.589,-55.627,-37.680,0.789402,0.610985,-0.059521,-0.611621,0.791100,0.008992,0.052581,0.029306,0.998187,0,0.16000,0.22502,9.600,0.450,-1,400.000,-1,400.000,-1,325.000,325.000,300.000,300.000,-1,-1,575.000,575.000,700.000,775.000,-1,-1,2,0,2,0,2,0,0,0,0,2,2,1,1,0,0,2,2
2,-961.051,-2313.301,-54.887,-37.227,0.794199,0.604723,-0.059649,-0.605354,0.795907,0.008908,0.052862,0.029034,0.998180,0,0.24000,0.22625,14.400,0.453,-1,400.000,-1,400.000,-1,325.000,325.000,300.000,300.000,-1,-1,575.000,575.000,700.000,800.000,-1,-1,2,0,2,0,2,0,0,0,0,2,2,1,1,0,0,2,2
3,-945.671,-2324.794,-53.924,-36.771,0.798990,0.598371,-0.059722,-0.598995,0.800704,0.008827,0.053101,0.028721,0.998176,0,0.32000,0.22812,19.200,0.456,-1,400.000,-1,400.000,-1,325.000,325.000,300.000,300.000,-1,-1,575.000,600.000,675.000,775.000,-1,-1,2,0,2,0,2,0,0,0,0,2,2,1,1,0,0,2,2
4,-926.331,-2339.006,-52.726,-36.310,0.803782,0.591911,-0.059796,-0.592528,0.805502,0.008726,0.053331,0.028417,0.998172,0,0.40000,0.23064,24.000,0.461,-1,400.000,-1,400.000,-1,325.000,325.000,300.000,300.000,-1,-1,600.000,625.000,675.000,775.000,-1,-1,2,0,2,0,2,0,0,0,0,2,2,1,1,0,0,2,2
5,-902.985,-2355.870,-51.292,-35.842,0.808587,0.585321,-0.059889,-0.585934,0.810313,0.008592,0.053558,0.028143,0.998168,0,0.48000,0.23382,28.800,0.468,-1,375.000,-1,400.000,-1,325.000,325.000,300.000,300.000,-1,-1,625.000,675.000,675.000,775.000,-1,-1,2,0,2,0,2,0,0,0,0,2,2,1,1,0,0,2,2
6,-875.585,-2375.318,-49.605,-35.367,0.813415,0.578581,-0.059998,-0.579197,0.815145,0.008324,0.053723,0.027980,0.998164,0,0.56000,0.23769,33.600,0.475,-1,375.000,-1,400.000,-1,325.000,325.000,300.000,300.000,-1,-1,650.000,700.000,675.000,750.000,-1,-1,2,0,2,0,2,0,0,0,0,2,2,1,1,0,0,2,2
7,-844.085,-2397.278,-47.574,-34.882,0.818286,0.571661,-0.060095,-0.572314,0.820001,0.007426,0.053523,0.028317,0.998165,0,0.64000,0.24227,38.400,0.485,-1,375.000,-1,400.000,-1,325.000,325.000,300.000,300.000,-1,-1,675.000,750.000,675.000,750.000,-1,-1,2,0,2,0,2,0,0,0,0,2,2,1,1,0,0,2,2
8,-808.434,-2421.677,-45.303,-34.387,0.823203,0.564546,-0.060206,-0.565242,0.824900,0.006410,0.053282,0.028754,0.998165,0,0.72000,0.24758,43.200,0.495,-1,375.000,-1,400.000,-1,325.000,325.000,300.000,300.000,-1,-1,725.000,825.000,650.000,725.000,-1,-1,2,0,2,0,2,0,0,0,0,2,2,1,1,0,0,2,2
9,-768.584,-2448.434,-42.798,-33.880,0.828175,0.557212,-0.060335,-0.557957,0.829853,0.005276,0.053009,0.029295,0.998164,0,0.80000,0.25363,48.000,0.507,-1,375.000,-1,400.000,-1,325.000,325.000,300.000,300.000,-1,-1,775.000,900.000,650.000,700.000,-1,-1,2,0,2,0,2,0,0,0,0,2,2,1,1,0,0,2,2
10,-724.483,-2477.467,-39.837,-33.359,0.833140,0.549619,-0.061618,-0.550474,0.834845,0.003654,0.053450,0.030875,0.998093,0,0.88000,0.26044,52.800,0.521,1000.000,375.000,-1,400.000,-1,300.000,325.000,300.000,300.000,-1,-1,800.000,975.000,650.000,700.000,-1,-1,0,0,2,0,2,0,0,0,0,2,2,1,1,0,0,2,2
11,-679.523,-2506.465,-36.651,-32.823,0.838107,0.541741,-0.063971,-0.542765,0.839883,0.001631,0.054611,0.033354,0.997950,0,0.89167,0.26803,53.500,0.536,1000.000,375.000,-1,400.000,-1,300.000,325.000,300.000,300.000,-1,-1,850.000,-1,650.000,675.000,-1,-1,0,0,2,0,2,0,0,0,0,2,2,1,2,0,0,2,2
12,-634.040,-2535.185,-33.457,-32.271,0.843137,0.533583,-0.066400,-0.534790,0.844985,-0.000474,0.055855,0.035910,0.997793,0,0.89653,0.27581,53.792,0.552,1000.000,375.000,-1,375.000,-1,300.000,325.000,300.000,300.000,-1,-1,875.000,-1,650.000,675.000,-1,-1,0,0,2,0,2,0,0,0,0,2,2,1,2,0,0,2,2
13,-588.011,-2563.615,-30.256,-31.704,0.848224,0.525137,-0.068905,-0.526543,0.850145,-0.002665,0.057180,0.038542,0.997620,0,0.90168,0.28372,54.101,0.567,1000.000,350.000,-1,375.000,-1,300.000,300.000,300.000,300.000,-1,-1,925.000,-1,650.000,650.000,1000.000,-1,0,0,2,0,2,0,0,0,0,2,2,1,2,0,0,0,2
14,-541.418,-2591.742,-26.827,-31.120,0.853392,0.516413,-0.070992,-0.517976,0.855384,-0.004308,0.058500,0.040449,0.997468,0,0.90709,0.29176,54.425,0.584,1000.000,350.000,-1,375.000,-1,300.000,300.000,300.000,300.000,-1,-1,950.000,-1,625.000,650.000,975.000,-1,0,0,2,0,2,0,0,0,0,2,2,1,2,0,0,0,2
15,-494.240,-2619.553,-23.330,-30.520,0.858609,0.507392,-0.073100,-0.509112,0.860681,-0.005824,0.059961,0.042217,0.997308,0,0.91275,0.29993,54.765,0.600,1000.000,350.000,-1,375.000,-1,300.000,300.000,300.000,300.000,-1,-1,1000.000,-1,625.000,625.000,975.000,-1,0,0,2,0,2,0,0,0,0,2,2,1,2,0,0,0,2
16,-446.459,-2647.033,-19.232,-29.904,0.863804,0.498110,-0.075690,-0.499845,0.866102,-0.004673,0.063227,0.041870,0.997120,0,0.91864,0.30821,55.119,0.616,1000.000,350.000,-1,375.000,-1,300.000,300.000,300.000,300.000,-1,-1,850.000,-1,625.000,625.000,975.000,-1,0,0,2,0,2,0,0,0,0,2,2,0,2,0,0,0,2
17,-398.058,-2674.162,-14.934,-29.271,0.869006,0.488528,-0.078540,-0.490229,0.871589,-0.002761,0.067106,0.040902,0.996907,0,0.92475,0.31661,55.485,0.633,-1,375.000,-1,375.000,-1,300.000,300.000,300.000,300.000,-1,875.000,675.000,-1,625.000,650.000,1000.000,-1,2,0,2,0,2,0,0,0,0,2,0,0,2,0,0,0,2
18,-349.019,-2700.922,-10.629,-28.620,0.874218,0.478628,-0.081595,-0.480272,0.877120,-0.000595,0.071284,0.039708,0.996665,0,0.93107,0.32513,55.864,0.650,-1,375.000,-1,375.000,-1,300.000,300.000,300.000,300.000,-1,725.000,550.000,-1,625.000,650.000,1000.000,-1,2,0,2,0,2,0,0,0,0,2,0,0,2,0,0,0,2
19,-299.328,-2727.291,-6.312,-27.953,0.879430,0.468402,-0.084860,-0.469963,0.882684,0.001785,0.075741,0.038311,0.996391,0,0.93757,0.33376,56.254,0.668,-1,375.000,-1,375.000,-1,300.000,300.000,300.000,300.000,-1,575.000,475.000,-1,625.000,650.000,-1,-1,2,0,2,0,2,0,0,0,0,2,0,0,2,0,0,2,2
20,-248.968,-2753.249,-1.941,-27.268,0.884637,0.457841,-0.088306,-0.459305,0.888269,0.004170,0.080349,0.036871,0.996085,0,0.94426,0.34250,56.655,0.685,-1,375.000,-1,375.000,-1,300.000,300.000,300.000,300.000,-1,450.000,375.000,-1,625.000,650.000,-1,-1,2,0,2,0,2,0,0,0,0,2,0,0,2,0,0,2,2
21,-197.926,-2778.771,2.484,-26.565,0.889829,0.446937,-0.091937,-0.448288,0.893865,0.006548,0.085106,0.035387,0.995743,0,0.95111,0.35135,57.067,0.703,-1,375.000,-1,375.000,-1,300.000,300.000,300.000,325.000,-1,375.000,325.000,-1,625.000,625.000,-1,-1,2,0,2,0,2,0,0,0,0,2,0,0,2,0,0,2,2
22,-146.188,-2803.832,7.076,-25.845,0.895009,0.435676,-0.095628,-0.436946,0.899449,0.008343,0.089647,0.034317,0.995382,0,0.95812,0.36030,57.487,0.721,-1,375.000,-1,375.000,-1,300.000,300.000,300.000,325.000,-1,325.000,300.000,-1,625.000,625.000,-1,1000.000,2,0,2,0,2,0,0,0,0,2,0,0,2,0,0,2,0
23,-98.578,-2826.401,11.632,-25.364,0.898322,0.428107,-0.098704,-0.429449,0.903053,0.008306,0.092690,0.034927,0.995082,0,0.87812,0.24030,52.687,0.481,-1,375.000,-1,375.000,-1,300.000,300.000,300.000,325.000,-1,325.000,300.000,-1,625.000,625.000,-1,975.000,2,0,2,0,2,0,0,0,0,2,0,0,2,0,0,2,0
24,-53.229,-2847.665,16.243,-25.123,0.899674,0.424281,-0.102822,-0.425816,0.904778,0.007627,0.096267,0.036921,0.994671,0,0.83477,0.12030,50.086,0.241,-1,375.000,-1,375.000,-1,300.000,300.000,300.000,300.000,-1,325.000,275.000,-1,625.000,600.000,-1,950.000,2,0,2,0,2,0,0,0,0,2,0,0,2,0,0,2,0
25,-7.879,-2868.927,21.058,-25.123,0.899138,0.424222,-0.107644,-0.426047,0.904677,0.006590,0.100178,0.039936,0.994168,0,0.83477,0.00030,50.086,0.001,-1,375.000,-1,350.000,-1,300.000,300.000,300.000,300.000,-1,300.000,275.000,-1,625.000,600.000,-1,950.000,2,0,2,0,2,0,0,0,0,2,0,0,2,0,0,2,0
26,37.382,-2890.379,25.984,-25.362,0.896820,0.427942,-0.112156,-0.430065,0.902780,0.005767,0.103720,0.043063,0.993674,0,0.83477,-0.11970,50.086,-0.239,-1,375.000,-1,350.000,1000.000,300.000,300.000,300.000,300.000,-1,325.000,275.000,-1,650.000,600.000,-1,925.000,2,0,2,0,0,0,0,0,0,2,0,0,2,0,0,2,0
27,82.461,-2912.209,31.140,-25.842,0.892740,0.435427,-0.115836,-0.437798,0.899057,0.005475,0.106527,0.045825,0.993253,0,0.83477,-0.23970,50.086,-0.479,-1,375.000,-1,350.000,975.000,300.000,300.000,325.000,300.000,-1,325.000,300.000,-1,650.000,600.000,-1,925.000,2,0,2,0,0,0,0,0,0,2,0,0,2,0,0,2,0
28,127.263,-2934.605,36.711,-26.561,0.886913,0.446646,-0.117869,-0.449123,0.893449,0.006127,0.108046,0.047503,0.993010,0,0.83477,-0.35970,50.086,-0.719,-1,350.000,-1,350.000,950.000,300.000,300.000,300.000,300.000,-1,350.000,325.000,-1,625.000,600.000,-1,900.000,2,0,2,0,0,0,0,0,0,2,0,0,2,0,0,2,0
29,171.683,-2957.747,42.517,-27.520,0.878959,0.461516,-0.120142,-0.464010,0.885794,0.008009,0.110118,0.048708,0.992724,0,0.83477,-0.47970,50.086,-0.959,-1,350.000,-1,350.000,975.000,300.000,300.000,300.000,300.000,-1,375.000,350.000,-1,625.000,600.000,-1,925.000,2,0,2,0,0,0,0,0,0,2,0,0,2,0,0,2,0
30,215.609,-2981.815,48.536,-28.720,0.868698,0.479939,-0.122569,-0.482352,0.875907,0.011121,0.112697,0.049461,0.992398,0,0.83477,-0.59970,50.086,-1.199,-1,350.000,-1,350.000,1000.000,300.000,300.000,300.000,300.000,-1,400.000,375.000,-1,625.000,600.000,-1,950.000,2,0,2,0,0,0,0,0,0,2,0,0,2,0,0,2,0
31,263.067,-3009.390,55.097,-30.159,0.855912,0.501764,-0.125090,-0.504083,0.863530,0.014690,0.115390,0.050482,0.992037,0,0.91477,-0.71970,54.886,-1.439,-1,350.000,-1,350.000,-1,300.000,300.000,300.000,300.000,-1,425.000,400.000,-1,625.000,600.000,-1,1000.000,2,0,2,0,2,0,0,0,0,2,0,0,2,0,0,2,0
32,312.245,-3039.925,62.191,-31.839,0.840199,0.526794,-0.128663,-0.529115,0.848354,0.018237,0.118759,0.052755,0.991521,0,0.96474,-0.83970,57.885,-1.679,-1,350.000,-1,350.000,-1,300.000,300.000,300.000,300.000,-1,375.000,400.000,-1,625.000,600.000,-1,-1,2,0,2,0,2,0,0,0,0,2,0,0,2,0,0,2,2
33,360.409,-3072.036,69.342,-33.695,0.821950,0.553901,-0.132635,-0.556279,0.830709,0.021841,0.122279,0.055830,0.990924,0,0.96474,-0.92800,57.885,-1.856,-1,350.000,-1,350.000,-1,300.000,300.000,300.000,300.000,-1,325.000,350.000,-1,650.000,625.000,-1,-1,2,0,2,0,2,0,0,0,0,2,0,0,2,0,0,2,2
34,407.507,-3105.690,76.456,-35.551,0.802801,0.580412,-0.136503,-0.582827,0.812189,0.025720,0.125794,0.058910,0.990306,0,0.96474,-0.92800,57.885,-1.856,-1,350.000,-1,350.000,-1,300.000,300.000,300.000,325.000,-1,300.000,300.000,-1,650.000,625.000,-1,-1,2,0,2,0,2,0,0,0,0,2,0,0,2,0,0,2,2
35,453.492,-3140.851,83.858,-37.407,0.782817,0.606248,-0.140214,-0.608895,0.792750,0.028172,0.128234,0.063322,0.989720,0,0.96474,-0.92800,57.885,-1.856,-1,375.000,-1,375.000,-1,300.000,300.000,300.000,325.000,-1,300.000,300.000,-1,675.000,650.000,-1,-1,2,0,2,0,2,0,0,0,0,2,0,0,2,0,0,2,2
36,498.315,-3177.482,91.437,-39.263,0.762002,0.631383,-0.143903,-0.634406,0.772428,0.029736,0.129930,0.068634,0.989145,0,0.96474,-0.92800,57.885,-1.856,-1,375.000,-1,375.000,-1,300.000,300.000,300.000,325.000,-1,300.000,300.000,-1,675.000,650.000,-1,-1,2,0,2,0,2,0,0,0,0,2,0,0,2,0,0,2,2
37,541.928,-3215.545,98.984,-41.119,0.740345,0.655823,-0.147599,-0.659212,0.751291,0.031638,0.131638,0.073876,0.988541,0,0.96474,-0.92800,57.885,-1.856,-1,375.000,-1,375.000,-1,300.000,300.000,300.000,325.000,-1,325.000,325.000,-1,675.000,650.000,-1,-1,2,0,2,0,2,0,0,0,0,2,0,0,2,0,0,2,2
38,584.285,-3255.001,106.563,-42.975,0.717878,0.679563,-0.151145,-0.683237,0.729390,0.034307,0.133557,0.078640,0.987916,0,0.96474,-0.92800,57.885,-1.856,-1,375.000,-1,375.000,-1,300.000,300.000,325.000,325.000,-1,325.000,325.000,-1,700.000,675.000,-1,-1,2,0,2,0,2,0,0,0,0,2,0,0,2,0,0,2,2
39,625.343,-3295.808,114.026,-44.831,0.694661,0.702563,-0.154437,-0.706507,0.706730,0.037164,0.135256,0.083295,0.987303,0,0.96474,-0.92800,57.885,-1.856,-1,375.000,-1,375.000,-1,300.000,300.000,325.000,325.000,-1,350.000,325.000,-1,725.000,675.000,-1,-1,2,0,2,0,2,0,0,0,0,2,0,0,2,0,0,2,2
40,665.057,-3337.923,121.375,-46.687,0.670715,0.724798,-0.157511,-0.728999,0.683335,0.040182,0.136757,0.087874,0.986699,0,0.96474,-0.92800,57.885,-1.856,-1,375.000,-1,375.000,-1,300.000,300.000,325.000,325.000,-1,350.000,325.000,-1,725.000,700.000,-1,-1,2,0,2,0,2,0,0,0,0,2,0,0,2,0,0,2,2
41,703.388,-3381.303,128.685,-48.543,0.646078,0.746221,-0.160431,-0.750732,0.659211,0.042921,0.137786,0.092711,0.986113,0,0.96474,-0.92800,57.885,-1.856,-1,375.000,-1,375.000,-1,325.000,300.000,325.000,325.000,-1,375.000,350.000,-1,750.000,725.000,-1,-1,2,0,2,0,2,0,0,0,0,2,0,0,2,0,0,2,2
42,740.292,-3425.900,136.377,-50.399,0.621007,0.766819,-0.162291,-0.771723,0.634399,0.044508,0.137087,0.097604,0.985739,0,0.96474,-0.92800,57.885,-1.856,-1,400.000,-1,375.000,-1,325.000,300.000,325.000,325.000,-1,375.000,375.000,-1,750.000,750.000,-1,-1,2,0,2,0,2,0,0,0,0,2,0,0,2,0,0,2,2
43,775.732,-3471.671,144.210,-52.255,0.595521,0.786647,-0.162913,-0.791845,0.608986,0.046013,0.135407,0.101600,0.985567,0,0.96474,-0.92800,57.885,-1.856,-1,400.000,-1,375.000,-1,325.000,325.000,325.000,325.000,-1,400.000,425.000,-1,775.000,750.000,-1,-1,2,0,2,0,2,0,0,0,0,2,0,0,2,0,0,2,2
44,809.672,-3518.565,151.922,-54.111,0.569435,0.805618,-0.163471,-0.811132,0.582943,0.047361,0.133449,0.105627,0.985411,0,0.96474,-0.92800,57.885,-1.856,-1,400.000,-1,375.000,-1,325.000,325.000,325.000,325.000,-1,425.000,475.000,-1,775.000,775.000,-1,-1,2,0,2,0,2,0,0,0,0,2,0,0,2,0,0,2,2
45,842.074,-3566.534,159.502,-55.967,0.542783,0.823713,-0.163960,-0.829562,0.556300,0.048547,0.131200,0.109665,0.985272,0,0.96474,-0.92800,57.885,-1.856,-1,400.000,-1,375.000,-1,325.000,325.000,300.000,325.000,-1,450.000,500.000,-1,775.000,800.000,-1,-1,2,0,2,0,2,0,0,0,0,2,0,0,2,0,0,2,2
46,872.906,-3615.527,166.929,-57.823,0.515604,0.840918,-0.164344,-0.847117,0.529091,0.049559,0.128628,0.113666,0.985157,0,0.96474,-0.92800,57.885,-1.856,-1,400.000,-1,375.000,-1,325.000,325.000,300.000,325.000,-1,500.000,525.000,-1,800.000,825.000,-1,-1,2,0,2,0,2,0,0,0,0,2,0,0,2,0,0,2,2
47,902.207,-3665.607,174.214,-59.674,0.487992,0.857179,-0.164645,-0.863742,0.501408,0.050392,0.125749,0.117620,0.985065,0,0.96699,-0.92590,58.019,-1.852,-1,400.000,-1,400.000,-1,325.000,325.000,300.000,325.000,-1,525.000,550.000,-1,825.000,825.000,-1,-1,2,0,2,0,2,0,0,0,0,2,0,0,2,0,0,2,2
48,929.995,-3716.812,181.328,-61.517,0.460048,0.872462,-0.164822,-0.879378,0.473365,0.051191,0.122683,0.121391,0.984994,0,0.97094,-0.92149,58.256,-1.843,-1,400.000,-1,400.000,-1,325.000,325.000,300.000,325.000,-1,575.000,575.000,-1,875.000,850.000,-1,-1,2,0,2,0,2,0,0,0,0,2,0,0,2,0,0,2,2
49,956.222,-3769.061,188.255,-63.351,0.431818,0.886763,-0.164877,-0.894016,0.445011,0.051962,0.119450,0.124964,0.984944,0,0.97431,-0.91669,58.458,-1.833,-1,400.000,-1,400.000,-1,325.000,325.000,300.000,325.000,-1,600.000,625.000,-1,900.000,850.000,-1,-1,2,0,2,0,2,0,0,0,0,2,0,0,2,0,0,2,2
50,978.950,-3817.671,194.529,-64.944,0.407023,0.898486,-0.164484,-0.905985,0.420037,0.052530,0.116287,0.127639,0.984980,0,0.89431,-0.79669,53.658,-1.593,-1,400.000,-1,400.000,-1,325.000,325.000,300.000,325.000,-1,650.000,650.000,-1,925.000,900.000,-1,-1,2,0,2,0,2,0,0,0,0,2,0,0,2,0,0,2,2
51,998.594,-3862.409,200.150,-66.298,0.385775,0.907919,-0.163893,-0.915598,0.398594,0.052938,0.113390,0.129639,0.985057,0,0.81431,-0.67669,48.858,-1.353,-1,425.000,-1,425.000,-1,325.000,325.000,300.000,325.000,-1,700.000,700.000,-1,950.000,925.000,-1,-1,2,0,2,0,2,0,0,0,0,2,0,0,2,0,0,2,2
52,1016.482,-3905.397,205.164,-67.411,0.368180,0.915205,-0.163841,-0.923194,0.380758,0.052305,0.110254,0.131999,0.985099,0,0.77599,-0.55669,46.559,-1.113,-1,425.000,-1,425.000,-1,325.000,325.000,300.000,325.000,-1,750.000,750.000,-1,950.000,925.000,-1,-1,2,0,2,0,2,0,0,0,0,2,0,0,2,0,0,2,2
53,1033.734,-3948.706,210.056,-68.284,0.354313,0.920651,-0.163903,-0.928929,0.366663,0.051475,0.107488,0.134016,0.985133,0,0.77696,-0.43669,46.618,-0.873,-1,425.000,-1,425.000,-1,350.000,325.000,300.000,325.000,-1,825.000,825.000,-1,950.000,925.000,-1,-1,2,0,2,0,2,0,0,0,0,2,0,0,2,1,0,2,2
54,1050.521,-3992.245,214.880,-68.918,0.344239,0.924448,-0.164000,-0.932969,0.356386,0.050583,0.105208,0.135594,0.985163,0,0.77770,-0.31669,46.662,-0.633,-1,425.000,-1,425.000,-1,350.000,350.000,300.000,300.000,-1,875.000,875.000,-1,925.000,950.000,-1,-1,2,0,2,0,2,0,0,0,0,2,0,0,2,1,0,2,2
55,1067.020,-4035.929,219.667,-69.311,0.338006,0.926721,-0.164134,-0.935446,0.349973,0.049601,0.103408,0.136773,0.985190,0,0.77825,-0.19669,46.695,-0.393,-1,425.000,-1,425.000,-1,350.000,350.000,300.000,300.000,-1,950.000,950.000,-1,900.000,950.000,-1,-1,2,0,2,0,2,0,0,0,0,2,0,0,2,1,0,2,2
56,1083.408,-4079.681,224.222,-69.465,0.335828,0.927665,-0.163268,-0.936440,0.347495,0.048240,0.101485,0.136690,0.985402,0,0.77868,-0.07669,46.721,-0.153,-1,425.000,-1,425.000,-1,350.000,350.000,300.000,300.000,-1,-1,-1,-1,875.000,975.000,-1,-1,2,0,2,0,2,0,0,0,0,2,2,2,2,1,0,2,2
57,1099.867,-4123.428,228.625,-69.378,0.337655,0.927277,-0.161699,-0.935983,0.348949,0.046586,0.099623,0.135618,0.985740,0,0.77902,0.04331,46.741,0.087,-1,425.000,-1,425.000,-1,350.000,350.000,300.000,300.000,-1,-1,-1,-1,850.000,975.000,-1,-1,2,0,2,0,2,0,0,0,0,2,2,2,2,1,0,2,2
58,1116.583,-4167.097,232.953,-69.051,0.343357,0.925410,-0.160379,-0.934081,0.354281,0.044471,0.097973,0.134538,0.986053,0,0.77933,0.16331,46.760,0.327,-1,425.000,-1,425.000,-1,350.000,350.000,300.000,300.000,-1,-1,-1,-1,800.000,975.000,-1,-1,2,0,2,0,2,0,0,0,0,2,2,2,2,1,0,2,2
59,1134.303,-4212.055,237.476,-68.485,0.352916,0.922047,-0.158995,-0.930641,0.363489,0.042239,0.096739,0.133060,0.986375,0,0.80544,0.28331,48.326,0.567,-1,425.000,-1,425.000,-1,350.000,350.000,300.000,300.000,-1,-1,-1,-1,775.000,975.000,975.000,-1,2,0,2,0,2,0,0,0,0,2,2,2,2,1,0,1,2
60,1153.832,-4260.787,242.413,-68.158,0.358664,0.920112,-0.157334,-0.928657,0.368800,0.039794,0.094640,0.131836,0.986743,0,0.87501,0.16331,52.501,0.327,-1,425.000,-1,425.000,-1,350.000,325.000,300.000,300.000,-1,-1,-1,-1,750.000,975.000,900.000,-1,2,0,2,0,2,0,0,0,0,2,2,2,2,1,0,1,2
61,1173.572,-4309.829,247.376,-68.071,0.360586,0.919666,-0.155539,-0.928189,0.370235,0.037296,0.091886,0.130921,0.987125,0,0.88111,0.04331,52.866,0.087,975.000,425.000,-1,425.000,-1,325.000,325.000,300.000,300.000,-1,-1,-1,-1,700.000,975.000,850.000,-1,1,0,2,0,2,0,0,0,0,2,2,2,2,1,0,1,2
62,1193.515,-4359.176,252.365,-67.992,0.362403,0.919267,-0.153662,-0.927760,0.371557,0.034732,0.089022,0.129975,0.987513,0,0.88710,0.03972,53.226,0.079,900.000,425.000,-1,425.000,-1,325.000,325.000,300.000,300.000,-1,-1,-1,-1,675.000,975.000,775.000,-1,1,1,2,0,2,0,0,0,0,2,2,2,2,1,0,1,2
63,1213.666,-4408.826,257.380,-67.907,0.364324,0.918833,-0.151704,-0.927286,0.372975,0.032098,0.086075,0.128979,0.987905,0,0.89306,0.04269,53.583,0.085,825.000,425.000,-1,425.000,-1,325.000,350.000,300.000,300.000,-1,-1,-1,-1,625.000,975.000,725.000,-1,1,1,2,0,2,0,0,0,0,2,2,2,2,1,0,1,2
64,1234.030,-4458.771,262.420,-67.815,0.366354,0.918361,-0.149661,-0.926762,0.374496,0.029396,0.083044,0.127931,0.988300,0,0.89896,0.04584,53.938,0.092,750.000,425.000,-1,425.000,-1,350.000,350.000,300.000,300.000,-1,-1,-1,-1,600.000,975.000,650.000,-1,1,1,2,0,2,0,0,0,0,2,2,2,2,1,0,1,2
65,1254.614,-4509.005,267.209,-67.717,0.368307,0.917729,-0.148742,-0.926195,0.376078,0.026982,0.080701,0.127826,0.988508,0,0.90481,0.04920,54.289,0.098,675.000,400.000,-1,425.000,-1,350.000,350.000,300.000,300.000,-1,-1,-1,-1,575.000,975.000,600.000,-1,1,1,2,0,2,0,0,0,0,2,2,2,2,1,0,1,2
66,1275.425,-4559.520,271.649,-67.611,0.370405,0.916919,-0.148527,-0.925623,0.377720,0.023453,0.077606,0.128793,0.988630,0,0.91058,0.05276,54.635,0.106,600.000,400.000,-1,425.000,-1,350.000,350.000,300.000,300.000,-1,-1,-1,-1,525.000,975.000,550.000,-1,1,1,2,0,2,0,0,0,0,2,2,2,2,1,0,1,2
67,1296.466,-4610.309,275.901,-67.498,0.372688,0.916007,-0.148443,-0.925008,0.379462,0.019204,0.073919,0.130154,0.988735,0,0.91627,0.05658,54.976,0.113,525.000,375.000,-1,425.000,-1,350.000,350.000,300.000,300.000,-1,-1,-1,-1,500.000,950.000,475.000,-1,1,1,2,0,2,0,0,0,0,2,2,2,2,1,0,1,2
68,1317.743,-4661.362,280.132,-67.377,0.375111,0.915025,-0.148398,-0.924321,0.381327,0.014827,0.070155,0.131605,0.988817,0,0.92184,0.06065,55.310,0.121,450.000,350.000,-1,425.000,-1,350.000,350.000,300.000,300.000,-1,-1,-1,-1,475.000,950.000,425.000,-1,1,1,2,0,2,0,0,0,0,2,2,2,2,1,0,1,2
69,1339.261,-4712.669,283.897,-67.247,0.377567,0.914151,-0.147551,-0.923502,0.383400,0.012213,0.067735,0.131653,0.988979,0,0.92728,0.06502,55.637,0.130,375.000,325.000,-1,425.000,-1,350.000,350.000,300.000,300.000,-1,-1,-1,-1,425.000,950.000,350.000,-1,1,1,2,0,2,1,0,0,0,2,2,2,2,1,0,1,2
70,1361.033,-4764.212,288.312,-67.107,0.379538,0.912773,-0.150985,-0.922671,0.385437,0.010785,0.068039,0.135216,0.988477,0,0.93255,0.06972,55.953,0.139,325.000,325.000,-1,425.000,-1,325.000,350.000,325.000,300.000,-1,-1,-1,-1,400.000,950.000,325.000,-1,1,1,2,0,2,1,0,0,0,2,2,2,2,1,0,1,2
71,1383.067,-4815.976,293.573,-66.958,0.381009,0.910846,-0.158718,-0.921840,0.387429,0.010452,0.071012,0.142330,0.987269,0,0.93763,0.07479,56.258,0.150,275.000,300.000,-1,450.000,-1,325.000,375.000,325.000,275.000,-1,-1,-1,-1,375.000,1000.000,275.000,-1,1,1,2,0,2,1,0,0,0,2,2,2,2,1,0,1,2
72,1405.368,-4867.942,299.545,-66.797,0.382013,0.908370,-0.170087,-0.921010,0.389384,0.010982,0.076205,0.152456,0.985368,0,0.94248,0.08026,56.549,0.161,250.000,275.000,-1,475.000,-1,300.000,400.000,375.000,275.000,-1,-1,-1,-1,350.000,-1,250.000,-1,1,1,2,0,2,1,0,0,0,2,2,2,2,1,2,1,2
73,1427.942,-4920.089,306.241,-66.625,0.382431,0.905242,-0.185158,-0.920193,0.391271,0.012344,0.083622,0.165660,0.982631,0,0.94704,0.08619,56.822,0.172,225.000,275.000,-1,500.000,-1,300.000,425.000,400.000,275.000,-1,-1,-1,-1,350.000,-1,225.000,-1,1,1,2,0,2,1,1,0,0,2,2,2,2,1,2,1,2
74,1450.798,-4972.390,313.678,-66.439,0.382098,0.901327,-0.203987,-0.919406,0.393043,0.014493,0.093238,0.182009,0.978866,0,0.95126,0.09263,57.076,0.185,200.000,275.000,-1,525.000,-1,275.000,425.000,450.000,250.000,-1,-1,-1,-1,325.000,-1,200.000,-1,1,1,2,0,2,1,1,0,0,2,2,2,2,1,2,1,2
75,1473.940,-5024.816,321.869,-66.240,0.380806,0.896454,-0.226620,-0.918674,0.394635,0.017364,0.104998,0.201578,0.973828,0,0.95507,0.09965,57.304,0.199,175.000,250.000,-1,575.000,-1,275.000,400.000,525.000,250.000,-1,-1,225.000,-1,300.000,-1,175.000,-1,1,1,2,0,2,1,1,0,0,2,2,0,2,1,2,1,2
76,1497.377,-5077.329,330.826,-66.025,0.378300,0.890414,-0.253083,-0.918029,0.395965,0.020872,0.118796,0.224442,0.967219,0,0.95839,0.10732,57.503,0.215,150.000,250.000,-1,625.000,-1,275.000,425.000,625.000,250.000,-1,425.000,125.000,575.000,300.000,-1,150.000,-1,1,1,2,0,2,1,1,1,0,2,0,0,0,1,2,1,2
77,1521.115,-5129.888,340.411,-65.794,0.374113,0.882841,-0.283957,-0.917530,0.396876,0.025070,0.134829,0.251160,0.958509,0,0.96111,0.11573,57.667,0.231,150.000,250.000,-1,675.000,-1,275.000,425.000,650.000,225.000,-1,325.000,75.000,350.000,325.000,-1,150.000,-1,1,1,2,0,2,1,1,1,0,2,0,0,0,1,2,1,2
78,1545.161,-5182.441,350.430,-65.544,0.367669,0.873350,-0.319500,-0.917236,0.397198,0.030215,0.153293,0.281947,0.947105,0,0.96312,0.12496,57.787,0.250,150.000,250.000,-1,750.000,-1,325.000,475.000,675.000,225.000,-1,275.000,25.000,250.000,-1,-1,150.000,-1,1,1,2,1,2,1,1,1,0,2,0,0,0,2,2,1,2
79,6887.321,4263.628,-89.161,-7.719,0.984133,0.133031,-0.117405,-0.114314,0.981457,0.153862,0.135697,-0.138000,0.981092,1,0.00000,0.00000,57.856,0.270,-1,250.000,-1,225.000,400.000,200.000,200.000,-1,550.000,-1,50.000,50.000,-1,825.000,350.000,-1,325.000,2,1,2,1,1,1,1,2,0,2,0,0,2,1,1,2,1
80,2296.629,-4919.431,586.560,-72.198,0.168958,0.910188,-0.378168,-0.908949,0.292258,0.297317,0.381137,0.293501,0.876694,1,0.00000,0.00000,4.800,-0.240,-1,300.000,-1,250.000,-1,225.000,200.000,225.000,450.000,675.000,225.000,175.000,300.000,-1,350.000,-1,-1,2,1,2,1,2,1,1,1,1,1,0,0,0,2,1,2,2
81,8855.045,2295.633,-75.808,-96.530,-0.091747,0.992285,0.083387,-0.942335,-0.113583,0.314806,0.321848,-0.049696,0.945486,1,0.00000,0.00000,4.800,0.075,-1,-1,-1,-1,-1,775.000,800.000,25.000,100.000,875.000,-1,-1,400.000,-1,-1,-1,-1,2,2,2,2,2,0,0,0,1,1,2,2,1,2,2,2,2
82,1636.427,-987.292,217.155,-135.698,-0.708863,0.694542,-0.122984,-0.701989,-0.711674,0.027046,-0.068740,0.105506,0.992040,1,0.08000,0.12000,4.800,0.240,-1,400.000,-1,400.000,-1,325.000,325.000,300.000,325.000,-1,-1,-1,-1,875.000,825.000,-1,-1,2,0,2,0,2,0,0,0,0,2,2,2,2,0,0,2,2
83,1629.614,-994.054,216.499,-135.218,-0.702990,0.700438,-0.123254,-0.707917,-0.705789,0.026746,-0.068257,0.106056,0.992015,0,0.16000,0.24000,9.600,0.480,-1,400.000,-1,400.000,-1,325.000,325.000,300.000,325.000,-1,-1,-1,-1,875.000,825.000,-1,-1,2,0,2,0,2,0,0,0,0,2,2,2,2,0,0,2,2
84,1619.523,-1004.326,215.535,-134.498,-0.694090,0.709190,-0.123647,-0.716715,-0.696871,0.026286,-0.067525,0.106865,0.991978,0,0.24000,0.36000,14.400,0.720,-1,400.000,-1,400.000,-1,325.000,325.000,300.000,325.000,-1,-1,-1,-1,875.000,800.000,-1,-1,2,0,2,0,2,0,0,0,0,2,2,2,2,0,0,2,2
85,1606.299,-1018.245,214.288,-133.538,-0.682056,0.720684,-0.124152,-0.728267,-0.684813,0.025652,-0.066533,0.107912,0.991932,0,0.32000,0.48000,19.200,0.960,-1,400.000,-1,400.000,-1,325.000,325.000,300.000,325.000,-1,-1,-1,-1,875.000,800.000,-1,-1,2,0,2,0,2,0,0,0,0,2,2,2,2,0,0,2,2
86,1590.137,-1035.986,212.720,-132.338,-0.666764,0.734746,-0.124797,-0.742423,-0.669459,0.025150,-0.065067,0.109421,0.991864,0,0.40000,0.60000,24.000,1.200,-1,400.000,-1,400.000,-1,325.000,325.000,300.000,325.000,-1,-1,-1,-1,875.000,800.000,-1,-1,2,0,2,0,2,0,0,0,0,2,2,2,2,0,0,2,2
87,1571.220,-1057.699,210.846,-131.069,-0.650290,0.749259,-0.125439,-0.757037,-0.652905,0.024706,-0.063388,0.111028,0.991794,0,0.48000,0.63454,28.800,1.269,-1,400.000,-1,400.000,-1,325.000,325.000,300.000,300.000,-1,-1,-1,-1,875.000,800.000,-1,-1,2,0,2,0,2,0,0,0,0,2,2,2,2,0,0,2,2
88,1549.705,-1083.505,208.741,-129.823,-0.633799,0.763157,-0.126055,-0.771024,-0.636349,0.024116,-0.061811,0.112476,0.991730,0,0.56000,0.62316,33.600,1.246,-1,400.000,-1,400.000,-1,325.000,325.000,300.000,300.000,-1,-1,-1,-1,875.000,800.000,-1,-1,2,0,2,0,2,0,0,0,0,2,2,2,2,0,0,2,2
89,1525.749,-1113.515,206.433,-128.603,-0.617364,0.776417,-0.126643,-0.784360,-0.619866,0.023377,-0.060352,0.113766,0.991673,0,0.64000,0.60995,38.400,1.220,-1,400.000,-1,400.000,-1,325.000,325.000,300.000,300.000,-1,-1,-1,-1,875.000,800.000,-1,-1,2,0,2,0,2,0,0,0,0,2,2,2,2,0,0,2,2
90,1499.505,-1147.827,203.942,-127.413,-0.601062,0.789021,-0.127163,-0.797021,-0.603532,0.022489,-0.059003,0.114869,0.991627,0,0.72000,0.59493,43.200,1.190,-1,400.000,-1,400.000,-1,325.000,325.000,300.000,300.000,-1,-1,-1,-1,875.000,800.000,-1,-1,2,0,2,0,2,0,0,0,0,2,2,2,2,0,0,2,2
91,1471.120,-1186.533,201.286,-126.257,-0.584975,0.800956,-0.127571,-0.808993,-0.587427,0.021458,-0.057751,0.115756,0.991597,0,0.80000,0.57812,48.000,1.156,-1,400.000,-1,400.000,-1,325.000,325.000,300.000,300.000,-1,-1,-1,-1,875.000,825.000,-1,-1,2,0,2,0,2,0,0,0,0,2,2,2,2,0,0,2,2
92,1442.770,-1226.817,198.642,-125.138,-0.569186,0.812220,-0.127773,-0.820259,-0.571635,0.020242,-0.056599,0.116329,0.991597,0,0.82103,0.55951,49.262,1.119,-1,400.000,-1,400.000,-1,325.000,325.000,300.000,300.000,-1,-1,-1,-1,875.000,825.000,-1,-1,2,0,2,0,2,0,0,0,0,2,2,2,2,0,0,2,2
93,1414.751,-1268.269,195.954,-124.057,-0.553716,0.822867,-0.127626,-0.830834,-0.556215,0.018446,-0.055809,0.116250,0.991651,0,0.83390,0.54048,50.034,1.081,-1,400.000,-1,400.000,-1,325.000,325.000,300.000,300.000,-1,-1,-1,-1,850.000,825.000,-1,-1,2,0,2,0,2,0,0,0,0,2,2,2,2,0,0,2,2
94,1387.068,-1310.873,193.313,-123.014,-0.538620,0.832885,-0.127245,-0.840747,-0.541175,0.016553,-0.055076,0.115897,0.991733,0,0.84682,0.52121,50.809,1.042,-1,400.000,-1,400.000,-1,325.000,325.000,300.000,300.000,-1,-1,-1,-1,850.000,825.000,-1,-1,2,0,2,0,2,0,0,0,0,2,2,2,2,0,0,2,2
95,1359.724,-1354.614,190.706,-122.011,-0.523924,0.842292,-0.126679,-0.850024,-0.526543,0.014565,-0.054433,0.115311,0.991837,0,0.85978,0.50171,51.587,1.003,-1,400.000,-1,400.000,-1,325.000,325.000,300.000,300.000,-1,-1,-1,-1,825.000,850.000,-1,-1,2,0,2,0,2,0,0,0,0,2,2,2,2,0,0,2,2
96,1333.759,-1397.407,188.093,-121.247,-0.512615,0.849277,-0.126310,-0.856912,-0.515301,0.012930,-0.054107,0.114865,0.991907,0,0.83425,0.38171,50.055,0.763,-1,400.000,-1,400.000,-1,325.000,325.000,300.000,325.000,-1,-1,-1,-1,825.000,850.000,-1,-1,2,0,2,0,2,0,0,0,0,2,2,2,2,0,0,2,2
97,1307.834,-1441.095,185.268,-120.685,-0.504248,0.854305,-0.126082,-0.861896,-0.506939,0.012122,-0.053560,0.114782,0.991946,0,0.84670,0.28138,50.802,0.563,-1,425.000,-1,400.000,-1,325.000,325.000,300.000,325.000,-1,-1,-1,-1,825.000,850.000,-1,-1,2,0,2,0,2,0,0,0,0,2,2,2,2,0,0,2,2
98,1281.933,-1485.669,182.409,-120.161,-0.496409,0.858927,-0.125790,-0.866460,-0.499120,0.011220,-0.053147,0.114561,0.991993,0,0.85922,0.26193,51.553,0.524,-1,425.000,-1,400.000,-1,325.000,325.000,300.000,325.000,-1,-1,-1,-1,825.000,850.000,-1,-1,2,0,2,0,2,0,0,0,0,2,2,2,2,0,0,2,2
99,1256.032,-1531.123,179.186,-119.676,-0.488943,0.863032,-0.126927,-0.870655,-0.491794,0.009981,-0.053808,0.115390,0.991862,0,0.87194,0.24218,52.317,0.484,-1,425.000,-1,400.000,-1,325.000,325.000,300.000,325.000,-1,-1,-1,-1,800.000,850.000,-1,-1,2,0,2,0,2,0,0,0,0,2,2,2,2,0,0,2,2
100,1230.104,-1577.455,175.964,-119.232,-0.482037,0.866746,-0.128032,-0.874446,-0.485047,0.008614,-0.054635,0.116109,0.991733,0,0.88489,0.22211,53.093,0.444,-1,400.000,-1,400.000,-1,325.000,325.000,300.000,300.000,-1,-1,-1,-1,800.000,825.000,-1,-1,2,0,2,0,2,0,0,0,0,2,2,2,2,0,0,2,2
101,1204.123,-1624.661,172.750,-118.829,-0.475702,0.870073,-0.129155,-0.877843,-0.478895,0.007109,-0.055667,0.116759,0.991599,0,0.89807,0.20171,53.884,0.403,-1,400.000,-1,400.000,-1,325.000,325.000,300.000,300.000,-1,-1,-1,-1,775.000,825.000,-1,-1,2,0,2,0,2,0,0,0,0,2,2,2,2,0,0,2,2
102,1178.055,-1672.739,169.530,-118.467,-0.469961,0.873024,-0.130253,-0.880853,-0.473359,0.005471,-0.056880,0.117305,0.991466,0,0.91150,0.18098,54.690,0.362,-1,400.000,-1,400.000,-1,325.000,325.000,300.000,300.000,-1,-1,-1,-1,775.000,800.000,-1,-1,2,0,2,0,2,0,0,0,0,2,2,2,2,0,0,2,2
103,1152.088,-1721.319,166.327,-118.125,-0.464498,0.875783,-0.131319,-0.883658,-0.468118,0.003714,-0.058220,0.117767,0.991333,0,0.91808,0.17085,55.085,0.342,-1,400.000,-1,400.000,-1,325.000,325.000,300.000,300.000,-1,-1,-1,-1,750.000,800.000,-1,-1,2,0,2,0,2,0,0,0,0,2,2,2,2,0,0,2,2
104,1126.412,-1770.053,163.164,-117.783,-0.459011,0.878518,-0.132347,-0.886427,-0.462865,0.001852,-0.059631,0.118166,0.991202,0,0.91808,0.17085,55.085,0.342,-1,400.000,-1,400.000,-1,325.000,325.000,300.000,300.000,-1,-1,-1,-1,750.000,775.000,-1,-1,2,0,2,0,2,0,0,0,0,2,2,2,2,0,0,2,2
105,1101.026,-1818.940,159.981,-117.442,-0.453538,0.881252,-0.133034,-0.889152,-0.457612,-0.000054,-0.060925,0.118264,0.991111,0,0.91808,0.17085,55.085,0.342,-1,400.000,-1,400.000,-1,325.000,325.000,300.000,300.000,-1,-1,-1,-1,725.000,775.000,-1,-1,2,0,2,0,2,0,0,0,0,2,2,2,2,0,0,2,2
106,1075.932,-1867.976,156.740,-117.100,-0.448105,0.884003,-0.133198,-0.891830,-0.452367,-0.001958,-0.061985,0.117913,0.991088,0,0.91808,0.17085,55.085,0.342,-1,375.000,-1,400.000,-1,325.000,325.000,300.000,300.000,-1,-1,-1,-1,725.000,775.000,-1,-1,2,0,2,0,2,0,0,0,0,2,2,2,2,0,0,2,2
107,1051.132,-1917.162,153.696,-116.758,-0.442708,0.886644,-0.133687,-0.894496,-0.447067,-0.002908,-0.062345,0.118295,0.991019,0,0.91808,0.17085,55.085,0.342,-1,375.000,-1,400.000,-1,325.000,325.000,300.000,300.000,-1,-1,-1,-1,700.000,750.000,-1,-1,2,0,2,0,2,0,0,0,0,2,2,2,2,0,0,2,2
108,1026.626,-1966.495,150.713,-116.417,-0.437332,0.889207,-0.134358,-0.897143,-0.441728,-0.003261,-0.062249,0.119113,0.990927,0,0.91808,0.17085,55.085,0.342,-1,375.000,-1,400.000,-1,325.000,325.000,300.000,300.000,-1,-1,-1,-1,700.000,750.000,-1,-1,2,0,2,0,2,0,0,0,0,2,2,2,2,0,0,2,2
109,1002.415,-2015.973,147.757,-116.075,-0.431946,0.891752,-0.134912,-0.899755,-0.436381,-0.003691,-0.062165,0.119794,0.990851,0,0.91808,0.17085,55.085,0.342,-1,375.000,-1,400.000,-1,325.000,325.000,300.000,300.000,-1,-1,-1,-1,700.000,750.000,-1,-1,2,0,2,0,2,0,0,0,0,2,2,2,2,0,0,2,2
110,978.500,-2065.596,144.580,-115.733,-0.426600,0.894181,-0.135840,-0.902356,-0.430979,-0.003153,-0.061364,0.121231,0.990726,0,0.91808,0.17085,55.085,0.342,-1,375.000,-1,400.000,-1,325.000,325.000,300.000,300.000,-1,-1,-1,-1,700.000,750.000,-1,-1,2,0,2,0,2,0,0,0,0,2,2,2,2,0,0,2,2
111,954.883,-2115.360,141.305,-115.392,-0.421298,0.896541,-0.136830,-0.904934,-0.425546,-0.001994,-0.060015,0.122982,0.990593,0,0.91808,0.17085,55.085,0.342,-1,375.000,-1,400.000,-1,325.000,325.000,300.000,300.000,-1,-1,-1,-1,675.000,750.000,-1,-1,2,0,2,0,2,0,0,0,0,2,2,2,2,0,0,2,2
112,931.562,-2165.264,138.219,-115.050,-0.416092,0.898947,-0.136975,-0.907460,-0.420138,-0.000691,-0.058170,0.124012,0.990574,0,0.91808,0.17085,55.085,0.342,-1,375.000,-1,400.000,-1,325.000,325.000,300.000,300.000,-1,-1,-1,-1,675.000,750.000,-1,-1,2,0,2,0,2,0,0,0,0,2,2,2,2,0,0,2,2
113,908.539,-2215.305,135.138,-114.708,-0.410872,0.901325,-0.137108,-0.909950,-0.414718,0.000563,-0.056353,0.124993,0.990556,0,0.91808,0.17085,55.085,0.342,-1,375.000,-1,400.000,-1,325.000,325.000,300.000,300.000,-1,-1,-1,-1,675.000,750.000,-1,-1,2,0,2,0,2,0,0,0,0,2,2,2,2,0,0,2,2
114,885.814,-2265.484,132.064,-114.366,-0.405637,0.903674,-0.137228,-0.912404,-0.409287,0.001770,-0.054566,0.125925,0.990538,0,0.91808,0.17085,55.085,0.342,-1,375.000,-1,400.000,-1,325.000,325.000,300.000,300.000,-1,-1,-1,-1,675.000,750.000,-1,-1,2,0,2,0,2,0,0,0,0,2,2,2,2,0,0,2,2
115,863.390,-2315.797,129.006,-114.025,-0.400390,0.905992,-0.137356,-0.914824,-0.403842,0.002974,-0.052776,0.126847,0.990517,0,0.91808,0.17085,55.085,0.342,-1,375.000,-1,400.000,-1,325.000,325.000,300.000,300.000,-1,-1,-1,-1,675.000,725.000,-1,-1,2,0,2,0,2,0,0,0,0,2,2,2,2,0,0,2,2
116,841.266,-2366.242,125.974,-113.683,-0.395134,0.908272,-0.137515,-0.917209,-0.398383,0.004219,-0.050952,0.127797,0.990491,0,0.91808,0.17085,55.085,0.342,-1,375.000,-1,400.000,-1,325.000,325.000,300.000,300.000,-1,-1,-1,-1,675.000,725.000,-1,-1,2,0,2,0,2,0,0,0,0,2,2,2,2,0,0,2,2
117,821.150,-2412.328,123.182,-113.581,-0.393638,0.908905,-0.137625,-0.917916,-0.396738,0.005302,-0.049783,0.128416,0.990470,0,0.83808,0.05085,50.285,0.102,-1,375.000,-1,400.000,-1,325.000,325.000,300.000,300.000,-1,-1,-1,-1,675.000,725.000,-1,-1,2,0,2,0,2,0,0,0,0,2,2,2,2,0,0,2,2
118,801.568,-2456.899,120.428,-113.720,-0.395917,0.907906,-0.137682,-0.916967,-0.398914,0.006291,-0.049212,0.128741,0.990456,0,0.81139,-0.06915,48.683,-0.138,-1,375.000,-1,400.000,-1,325.000,325.000,300.000,300.000,-1,-1,-1,-1,675.000,725.000,-1,-1,2,0,2,0,2,0,0,0,0,2,2,2,2,0,0,2,2
119,781.691,-2501.341,117.738,-114.098,-0.401872,0.905181,-0.138367,-0.914348,-0.404868,0.007026,-0.049660,0.129340,0.990356,0,0.81139,-0.18915,48.683,-0.378,-1,375.000,-1,400.000,-1,325.000,325.000,300.000,300.000,-1,-1,-1,-1,675.000,725.000,-1,-1,2,0,2,0,2,0,0,0,0,2,2,2,2,0,0,2,2
120,761.335,-2545.565,115.105,-114.716,-0.411469,0.900648,-0.139739,-0.909990,-0.414561,0.007581,-0.051103,0.130281,0.990159,0,0.81139,-0.30915,48.683,-0.618,-1,375.000,-1,400.000,-1,300.000,325.000,300.000,300.000,-1,-1,-1,-1,675.000,700.000,-1,-1,2,0,2,0,2,0,0,0,0,2,2,2,2,0,0,2,2
121,740.321,-2589.481,112.689,-115.575,-0.424826,0.894096,-0.141833,-0.903779,-0.427890,0.009683,-0.052031,0.132299,0.989843,0,0.81139,-0.42915,48.683,-0.858,-1,375.000,-1,400.000,-1,300.000,325.000,300.000,300.000,-1,-1,-1,-1,675.000,700.000,-1,-1,2,0,2,0,2,0,0,0,0,2,2,2,2,0,0,2,2
122,718.469,-2632.987,110.107,-116.673,-0.441766,0.885532,-0.143790,-0.895528,-0.444851,0.011713,-0.053593,0.133942,0.989539,0,0.81139,-0.54915,48.683,-1.098,-1,375.000,-1,400.000,-1,325.000,325.000,300.000,300.000,-1,-1,-1,-1,675.000,700.000,-1,-1,2,0,2,0,2,0,0,0,0,2,2,2,2,0,0,2,2
123,695.686,-2676.013,107.350,-117.903,-0.460547,0.875623,-0.145536,-0.885898,-0.463679,0.013672,-0.055511,0.135227,0.989258,0,0.81139,-0.61514,48.683,-1.230,-1,375.000,-1,375.000,-1,325.000,325.000,300.000,275.000,-1,-1,-1,-1,700.000,700.000,-1,-1,2,0,2,0,2,0,0,0,0,2,2,2,2,0,0,2,2
124,671.983,-2718.538,104.790,-119.133,-0.479259,0.865504,-0.145650,-0.875820,-0.482394,0.015320,-0.057001,0.134905,0.989218,0,0.81139,-0.61514,48.683,-1.230,-1,375.000,-1,375.000,-1,325.000,325.000,300.000,275.000,-1,-1,-1,-1,700.000,700.000,-1,-1,2,0,2,0,2,0,0,0,0,2,2,2,2,0,0,2,2
125,647.371,-2760.545,102.121,-120.364,-0.497743,0.855044,-0.145439,-0.865334,-0.500922,0.016526,-0.058723,0.134080,0.989229,0,0.81139,-0.61514,48.683,-1.230,-1,375.000,-1,375.000,-1,325.000,325.000,300.000,275.000,-1,-1,925.000,-1,700.000,700.000,-1,-1,2,0,2,0,2,0,0,0,0,2,2,0,2,0,0,2,2
126,621.863,-2802.013,99.269,-121.594,-0.516009,0.844214,-0.145045,-0.854447,-0.519240,0.017601,-0.060454,0.133015,0.989269,0,0.81139,-0.61514,48.683,-1.230,-1,375.000,-1,375.000,-1,325.000,325.000,300.000,275.000,-1,-1,900.000,-1,725.000,700.000,-1,-1,2,0,2,0,2,0,0,0,0,2,2,0,2,0,0,2,2
127,595.470,-2842.923,96.443,-122.824,-0.534180,0.833102,-0.143502,-0.843124,-0.537396,0.018635,-0.061592,0.130945,0.989475,0,0.81139,-0.61514,48.683,-1.230,-1,400.000,-1,375.000,-1,325.000,325.000,300.000,275.000,-1,-1,850.000,-1,725.000,700.000,-1,-1,2,0,2,0,2,0,0,0,0,2,2,0,2,0,0,2,2
128,568.204,-2883.257,93.450,-124.054,-0.552104,0.821614,-0.141883,-0.831407,-0.555323,0.019468,-0.062796,0.128711,0.989692,0,0.81139,-0.61514,48.683,-1.230,-1,400.000,-1,375.000,-1,325.000,325.000,300.000,275.000,-1,-1,825.000,-1,725.000,700.000,-1,-1,2,0,2,0,2,0,0,0,0,2,2,0,2,0,0,2,2
129,540.078,-2922.996,90.281,-125.285,-0.569771,0.809750,-0.140232,-0.819301,-0.573012,0.020094,-0.064084,0.126341,0.989915,0,0.81139,-0.61514,48.683,-1.230,-1,400.000,-1,375.000,-1,325.000,325.000,275.000,275.000,-1,975.000,800.000,-1,725.000,700.000,-1,-1,2,0,2,0,2,0,0,0,0,2,0,0,2,0,0,2,2
130,511.105,-2962.122,86.919,-126.515,-0.587184,0.797522,-0.138471,-0.806807,-0.590458,0.020516,-0.065399,0.123766,0.990154,0,0.81139,-0.61514,48.683,-1.230,-1,400.000,-1,375.000,-1,325.000,325.000,275.000,300.000,-1,925.000,800.000,-1,725.000,700.000,-1,-1,2,0,2,0,2,0,0,0,0,2,0,0,2,0,0,2,2
131,481.299,-3000.617,83.364,-127.745,-0.604335,0.784931,-0.136609,-0.793930,-0.607655,0.020731,-0.066739,0.120987,0.990408,0,0.81139,-0.61514,48.683,-1.230,-1,400.000,-1,375.000,1000.000,325.000,325.000,275.000,300.000,-1,900.000,800.000,-1,700.000,700.000,-1,-1,2,0,2,0,0,0,0,0,0,2,0,0,2,0,0,2,2
132,450.674,-3038.463,79.680,-128.976,-0.621177,0.771960,-0.134972,-0.780689,-0.624576,0.020734,-0.068294,0.118251,0.990632,0,0.81139,-0.61514,48.683,-1.230,-1,400.000,-1,375.000,975.000,325.000,325.000,275.000,300.000,-1,875.000,800.000,-1,700.000,700.000,-1,-1,2,0,2,0,0,0,0,0,0,2,0,0,2,0,0,2,2
133,419.243,-3075.643,76.109,-130.206,-0.637548,0.758528,-0.134785,-0.767149,-0.641138,0.020575,-0.070809,0.116518,0.990661,0,0.81139,-0.61514,48.683,-1.230,-1,375.000,-1,375.000,950.000,325.000,325.000,275.000,300.000,-1,950.000,850.000,-1,700.000,675.000,-1,-1,2,0,2,0,0,0,0,0,0,2,0,0,2,0,0,2,2
134,387.022,-3112.139,72.335,-131.436,-0.653646,0.744761,-0.134456,-0.753243,-0.657430,0.020275,-0.073296,0.114531,0.990712,0,0.81139,-0.61514,48.683,-1.230,-1,375.000,-1,375.000,900.000,325.000,325.000,275.000,300.000,-1,1000.000,925.000,-1,675.000,650.000,-1,975.000,2,0,2,0,0,0,0,0,0,2,0,0,2,0,0,2,0
135,354.024,-3147.936,68.359,-132.666,-0.669462,0.730662,-0.133991,-0.738974,-0.673442,0.019826,-0.075749,0.112289,0.990784,0,0.81139,-0.61514,48.683,-1.230,-1,375.000,-1,375.000,875.000,325.000,300.000,275.000,300.000,-1,-1,975.000,-1,675.000,650.000,-1,925.000,2,0,2,0,0,0,0,0,0,2,2,0,2,0,0,2,0
136,320.267,-3183.017,64.661,-133.897,-0.685093,0.716081,-0.133704,-0.724418,-0.689019,0.021694,-0.076590,0.111720,0.990784,0,0.81139,-0.61514,48.683,-1.230,-1,375.000,-1,375.000,825.000,325.000,325.000,275.000,300.000,-1,-1,950.000,-1,675.000,625.000,-1,900.000,2,0,2,0,0,0,0,0,0,2,2,0,2,0,0,2,0
