timestep,x_cm,y_cm,z_cm,yaw_deg,basis_xx,basis_xy,basis_xz,basis_yx,basis_yy,basis_yz,basis_zx,basis_zy,basis_zz,teleport_flag,throttle_cmd,steering_cmd,cmd_move_cm,cmd_turn_deg,lidar_cm_0,lidar_cm_1,lidar_cm_2,lidar_cm_3,lidar_cm_4,lidar_cm_5,lidar_cm_6,lidar_cm_7,lidar_cm_8,lidar_cm_9,lidar_cm_10,lidar_cm_11,lidar_cm_12,lidar_cm_13,lidar_cm_14,lidar_cm_15,lidar_cm_16,lidar_class_0,lidar_class_1,lidar_class_2,lidar_class_3,lidar_class_4,lidar_class_5,lidar_class_6,lidar_class_7,lidar_class_8,lidar_class_9,lidar_class_10,lidar_class_11,lidar_class_12,lidar_class_13,lidar_class_14,lidar_class_15,lidar_class_16
0,8853.183,-8203.570,54.909,-113.560,-0.401722,0.915742,-0.006055,-0.911698,-0.399308,0.096750,0.086180,0.044387,0.995290,1,0.08000,-0.12000,4.800,-0.240,-1,375.000,-1,400.000,-1,300.000,325.000,325.000,300.000,-1,-1,800.000,-1,750.000,775.000,-1,-1,2,0,2,0,2,0,0,0,0,2,2,0,2,0,0,2,2
1,8849.272,-8212.337,55.733,-114.040,-0.409414,0.912328,-0.006062,-0.908275,-0.406950,0.097100,0.086120,0.045260,0.995256,0,0.16000,-0.24000,9.600,-0.480,-1,375.000,-1,400.000,-1,300.000,325.000,325.000,300.000,-1,-1,800.000,-1,750.000,800.000,-1,-1,2,0,2,0,2,0,0,0,0,2,2,0,2,0,0,2,2
2,8843.242,-8225.414,56.961,-114.760,-0.420897,0.907088,-0.006070,-0.903021,-0.418357,0.097628,0.086018,0.046572,0.995204,0,0.24000,-0.36000,14.400,-0.720,-1,375.000,-1,400.000,-1,300.000,325.000,325.000,325.000,-1,-1,775.000,-1,750.000,800.000,-1,-1,2,0,2,0,2,0,0,0,0,2,2,0,2,0,0,2,2
3,8834.911,-8242.713,58.585,-115.720,-0.436103,0.899876,-0.006075,-0.895792,-0.433460,0.098337,0.085858,0.048327,0.995135,0,0.32000,-0.48000,19.200,-0.960,-1,375.000,-1,400.000,-1,325.000,325.000,325.000,325.000,-1,975.000,775.000,-1,775.000,800.000,-1,-1,2,0,2,0,2,0,0,0,0,2,0,0,2,0,0,2,2
4,8824.046,-8264.114,60.592,-116.920,-0.454935,0.890504,-0.006074,-0.886399,-0.452161,0.099233,0.085621,0.050528,0.995046,0,0.40000,-0.60000,24.000,-1.200,-1,375.000,-1,400.000,-1,325.000,325.000,325.000,325.000,-1,950.000,750.000,-1,775.000,825.000,-1,-1,2,0,2,0,2,0,0,0,0,2,0,0,2,0,0,2,2
5,8810.368,-8289.459,62.968,-118.360,-0.477265,0.878739,-0.006060,-0.874611,-0.474331,0.100323,0.085283,0.053181,0.994936,0,0.48000,-0.72000,28.800,-1.440,-1,400.000,-1,400.000,-1,325.000,325.000,325.000,325.000,-1,900.000,725.000,-1,775.000,825.000,-1,-1,2,0,2,0,2,0,0,0,0,2,0,0,2,0,0,2,2
6,8793.549,-8318.547,65.692,-120.040,-0.502928,0.864307,-0.006027,-0.860157,-0.499804,0.101617,0.084816,0.056290,0.994805,0,0.56000,-0.84000,33.600,-1.680,-1,400.000,-1,400.000,-1,325.000,325.000,300.000,325.000,-1,875.000,725.000,-1,800.000,850.000,-1,-1,2,0,2,0,2,0,0,0,0,2,0,0,2,0,0,2,2
7,8774.043,-8349.818,68.581,-121.960,-0.531700,0.846910,-0.006259,-0.842821,-0.528377,0.102321,0.083349,0.059679,0.994732,0,0.61425,-0.96000,36.855,-1.920,-1,400.000,-1,400.000,-1,325.000,325.000,300.000,325.000,-1,900.000,750.000,-1,800.000,875.000,-1,-1,2,0,2,0,2,0,0,0,0,2,0,0,2,0,0,2,2
8,8753.426,-8380.436,71.442,-123.960,-0.561030,0.827767,-0.006953,-0.823811,-0.557486,0.102689,0.081126,0.063340,0.994689,0,0.61520,-1.00000,36.912,-2.000,-1,400.000,-1,400.000,-1,325.000,325.000,300.000,325.000,-1,950.000,825.000,-1,800.000,875.000,-1,-1,2,0,2,0,2,0,0,0,0,2,0,0,2,0,0,2,2
9,8731.714,-8410.369,74.220,-125.960,-0.589659,0.807616,-0.007665,-0.803803,-0.585897,0.103083,0.078760,0.066945,0.994643,0,0.61630,-1.00000,36.978,-2.000,-1,400.000,-1,400.000,-1,325.000,325.000,300.000,300.000,-1,1000.000,900.000,-1,800.000,900.000,-1,-1,2,0,2,0,2,0,0,0,0,2,0,0,2,0,0,2,2
10,8708.926,-8439.584,76.879,-127.960,-0.617545,0.786491,-0.008355,-0.782841,-0.613581,0.103339,0.076149,0.070357,0.994611,0,0.61750,-1.00000,37.050,-2.000,-1,400.000,-1,400.000,-1,325.000,325.000,300.000,300.000,-1,-1,-1,-1,800.000,900.000,-1,-1,2,0,2,0,2,0,0,0,0,2,2,2,2,0,0,2,2
11,8685.082,-8468.045,79.346,-129.960,-0.644637,0.764436,-0.008971,-0.760989,-0.640520,0.103106,0.073072,0.073293,0.994630,0,0.61881,-1.00000,37.129,-2.000,-1,400.000,-1,400.000,-1,325.000,325.000,300.000,300.000,-1,-1,-1,-1,800.000,900.000,-1,-1,2,0,2,0,2,0,0,0,0,2,2,2,2,0,0,2,2
12,8660.201,-8495.721,81.735,-131.960,-0.670935,0.741453,-0.009667,-0.738214,-0.666661,0.102977,0.069908,0.076228,0.994637,0,0.62024,-1.00000,37.214,-2.000,-1,400.000,-1,400.000,-1,325.000,325.000,300.000,300.000,-1,-1,-1,-1,800.000,900.000,-1,-1,2,0,2,0,2,0,0,0,0,2,2,2,2,0,0,2,2
13,8634.305,-8522.578,84.043,-133.960,-0.696407,0.717571,-0.010437,-0.714544,-0.691972,0.102961,0.066660,0.079161,0.994631,0,0.62179,-1.00000,37.307,-2.000,-1,400.000,-1,425.000,-1,325.000,325.000,300.000,300.000,-1,-1,-1,-1,825.000,900.000,-1,-1,2,0,2,0,2,0,0,0,0,2,2,2,2,0,0,2,2
14,8607.415,-8548.586,86.267,-135.960,-0.721023,0.692820,-0.011271,-0.690011,-0.716423,0.103066,0.063331,0.082090,0.994611,0,0.62347,-1.00000,37.408,-2.000,-1,400.000,-1,425.000,-1,325.000,325.000,300.000,300.000,-1,-1,-1,-1,850.000,925.000,-1,-1,2,0,2,0,2,0,0,0,0,2,2,2,2,0,0,2,2
15,8579.553,-8573.714,88.230,-137.960,-0.744771,0.667194,-0.012973,-0.664670,-0.739943,0.103429,0.059408,0.085654,0.994552,0,0.62530,-1.00000,37.518,-2.000,-1,400.000,-1,425.000,-1,325.000,325.000,300.000,300.000,-1,-1,-1,-1,875.000,900.000,-1,-1,2,0,2,0,2,0,0,0,0,2,2,2,2,0,0,2,2
16,8550.740,-8597.930,90.100,-139.960,-0.767595,0.640763,-0.014871,-0.638553,-0.762538,0.103856,0.055207,0.089215,0.994481,0,0.62728,-1.00000,37.637,-2.000,-1,400.000,-1,425.000,-1,325.000,325.000,300.000,300.000,-1,-1,-1,-1,900.000,900.000,-1,-1,2,0,2,0,2,0,0,0,0,2,2,2,2,0,0,2,2
17,8520.997,-8621.204,92.011,-141.960,-0.789447,0.613588,-0.016831,-0.611736,-0.784216,0.103847,0.050521,0.092278,0.994451,0,0.62941,-1.00000,37.765,-2.000,-1,400.000,-1,425.000,-1,325.000,325.000,300.000,300.000,-1,-1,-1,-1,900.000,900.000,-1,-1,2,0,2,0,2,0,0,0,0,2,2,2,2,0,0,2,2
18,8490.349,-8643.508,93.821,-143.960,-0.810326,0.585676,-0.018872,-0.584191,-0.804919,0.104052,0.045751,0.095341,0.994393,0,0.63171,-1.00000,37.903,-2.000,-1,400.000,-1,425.000,-1,325.000,325.000,300.000,300.000,-1,-1,-1,-1,900.000,875.000,-1,-1,2,0,2,0,2,0,0,0,0,2,2,2,2,0,0,2,2
19,8458.819,-8664.811,95.527,-145.960,-0.830206,0.557061,-0.020976,-0.555953,-0.824621,0.104477,0.040902,0.098399,0.994306,0,0.63418,-1.00000,38.051,-2.000,-1,400.000,-1,425.000,-1,325.000,325.000,325.000,300.000,-1,-1,-1,-1,900.000,875.000,-1,-1,2,0,2,0,2,0,0,0,0,2,2,2,2,0,0,2,2
20,8426.429,-8685.086,97.043,-147.960,-0.849066,0.527799,-0.022720,-0.527042,-0.843330,0.104985,0.036250,0.101113,0.994214,0,0.63683,-1.00000,38.210,-2.000,-1,400.000,-1,425.000,-1,325.000,325.000,325.000,300.000,-1,-1,-1,-1,900.000,875.000,-1,-1,2,0,2,0,2,0,0,0,0,2,2,2,2,0,0,2,2
21,8397.576,-8701.934,98.170,-149.720,-0.864804,0.501550,-0.023726,-0.501059,-0.858972,0.105386,0.032476,0.103026,0.994148,0,0.55683,-0.88000,33.410,-1.760,-1,425.000,-1,425.000,-1,325.000,325.000,325.000,300.000,-1,-1,-1,-1,900.000,850.000,-1,-1,2,0,2,0,2,0,0,0,0,2,2,2,2,0,0,2,2
22,8372.495,-8715.702,99.061,-151.240,-0.877740,0.478508,-0.024563,-0.478247,-0.871829,0.105807,0.029215,0.104618,0.994083,0,0.47683,-0.76000,28.610,-1.520,-1,425.000,-1,425.000,-1,325.000,325.000,325.000,300.000,-1,-1,-1,-1,900.000,850.000,-1,-1,2,0,2,0,2,0,0,0,0,2,2,2,2,0,0,2,2
23,8351.370,-8726.690,99.660,-152.520,-0.888143,0.458868,-0.025328,-0.458820,-0.882213,0.105755,0.026183,0.105547,0.994070,0,0.39683,-0.64000,23.810,-1.280,-1,425.000,-1,425.000,-1,325.000,325.000,325.000,300.000,-1,-1,-1,-1,900.000,850.000,-1,-1,2,0,2,0,2,0,0,0,0,2,2,2,2,0,0,2,2
24,8334.314,-8735.088,99.978,-153.784,-0.897979,0.439266,-0.026065,-0.439440,-0.892096,0.105152,0.022937,0.105878,0.994115,0,0.31683,-0.63247,19.010,-1.265,-1,425.000,-1,425.000,-1,325.000,325.000,325.000,300.000,-1,-1,-1,-1,900.000,850.000,-1,-1,2,0,2,0,2,0,0,0,0,2,2,2,2,0,0,2,2
25,8321.429,-8741.082,100.178,-155.053,-0.907412,0.419397,-0.026629,-0.419769,-0.901571,0.104707,0.019906,0.106190,0.994147,0,0.23683,-0.63419,14.210,-1.268,-1,425.000,-1,425.000,-1,325.000,325.000,325.000,300.000,-1,-1,-1,-1,875.000,825.000,-1,-1,2,0,2,0,2,0,0,0,0,2,2,2,2,0,0,2,2
26,8312.809,-8744.861,100.243,-156.323,-0.916423,0.399310,-0.026819,-0.399839,-0.910631,0.104307,0.017229,0.106313,0.994183,0,0.15683,-0.63486,9.410,-1.270,-1,425.000,-1,425.000,-1,325.000,325.000,325.000,300.000,-1,-1,-1,-1,875.000,825.000,-1,-1,2,0,2,0,2,0,0,0,0,2,2,2,2,0,0,2,2
27,8308.546,-8746.618,100.225,-157.591,-0.924991,0.379045,-0.026778,-0.379701,-0.919244,0.104006,0.014807,0.106372,0.994216,0,0.07683,-0.63444,4.610,-1.269,-1,425.000,-1,425.000,-1,325.000,325.000,325.000,300.000,-1,-1,-1,-1,875.000,825.000,-1,-1,2,0,2,0,2,0,0,0,0,2,2,2,2,0,0,2,2
28,8308.721,-8746.550,100.168,-158.857,-0.933096,0.358642,-0.026588,-0.359406,-0.927386,0.103837,0.012583,0.106446,0.994239,0,-0.00317,-0.63292,-0.190,-1.266,-1,425.000,-1,425.000,-1,325.000,325.000,325.000,300.000,-1,-1,-1,-1,875.000,825.000,-1,-1,2,0,2,0,2,0,0,0,0,2,2,2,2,0,0,2,2
29,8313.412,-8744.853,100.092,-160.118,-0.940726,0.338150,-0.026239,-0.339002,-0.935043,0.103790,0.010562,0.106533,0.994253,0,-0.08317,-0.63029,-4.990,-1.261,-1,425.000,-1,425.000,-1,325.000,325.000,325.000,300.000,-1,-1,-1,-1,875.000,825.000,-1,-1,2,0,2,0,2,0,0,0,0,2,2,2,2,0,0,2,2
30,8321.655,-8742.074,100.020,-161.371,-0.947869,0.317618,-0.025759,-0.318542,-0.942206,0.103825,0.008706,0.106618,0.994262,0,-0.14500,-0.62653,-8.700,-1.253,-1,425.000,-1,425.000,-1,325.000,325.000,325.000,300.000,-1,-1,-1,-1,875.000,825.000,-1,-1,2,0,2,0,2,0,0,0,0,2,2,2,2,0,0,2,2
31,8329.868,-8739.502,99.969,-162.615,-0.954515,0.297090,-0.025284,-0.298085,-0.948874,0.103840,0.006859,0.106653,0.994273,0,-0.14346,-0.62192,-8.608,-1.244,-1,425.000,-1,425.000,-1,325.000,325.000,325.000,300.000,-1,-1,-1,-1,875.000,825.000,-1,-1,2,0,2,0,2,0,0,0,0,2,2,2,2,0,0,2,2
32,8338.054,-8737.131,99.939,-163.850,-0.960672,0.276574,-0.024812,-0.277640,-0.955057,0.103837,0.005022,0.106642,0.994285,0,-0.14207,-0.61737,-8.524,-1.235,-1,425.000,-1,425.000,-1,325.000,325.000,325.000,300.000,-1,-1,-1,-1,875.000,825.000,-1,-1,2,0,2,0,2,0,0,0,0,2,2,2,2,0,0,2,2
33,8346.216,-8734.955,99.929,-165.075,-0.966348,0.256082,-0.024345,-0.257217,-0.960761,0.103815,0.003195,0.106583,0.994299,0,-0.14081,-0.61288,-8.448,-1.226,-1,425.000,-1,425.000,-1,325.000,325.000,325.000,300.000,-1,-1,-1,-1,875.000,825.000,-1,-1,2,0,2,0,2,0,0,0,0,2,2,2,2,0,0,2,2
34,8354.357,-8732.968,99.939,-166.292,-0.971551,0.235622,-0.023883,-0.236825,-0.965994,0.103776,0.001381,0.106480,0.994314,0,-0.13969,-0.60847,-8.381,-1.217,-1,425.000,-1,425.000,-1,325.000,325.000,325.000,300.000,-1,-1,-1,-1,875.000,825.000,-1,-1,2,0,2,0,2,0,0,0,0,2,2,2,2,0,0,2,2
35,8362.481,-8731.167,99.968,-167.501,-0.976288,0.215204,-0.023426,-0.216474,-0.970763,0.103720,-0.000420,0.106331,0.994331,0,-0.13871,-0.60413,-8.323,-1.208,-1,425.000,-1,425.000,-1,325.000,325.000,325.000,300.000,-1,-1,-1,-1,875.000,825.000,-1,-1,2,0,2,0,2,0,0,0,0,2,2,2,2,0,0,2,2
36,8370.591,-8729.546,100.016,-168.700,-0.980567,0.194835,-0.022975,-0.196172,-0.975076,0.103647,-0.002208,0.106140,0.994349,0,-0.13787,-0.59987,-8.272,-1.200,-1,425.000,-1,425.000,-1,325.000,325.000,300.000,300.000,-1,-1,-1,-1,900.000,800.000,-1,-1,2,0,2,0,2,0,0,0,0,2,2,2,2,0,0,2,2
37,8378.691,-8728.101,100.083,-169.892,-0.984395,0.174524,-0.022529,-0.175927,-0.978941,0.103559,-0.003981,0.105906,0.994368,0,-0.13716,-0.59568,-8.230,-1.191,-1,425.000,-1,425.000,-1,325.000,325.000,300.000,300.000,-1,-1,-1,-1,900.000,800.000,-1,-1,2,0,2,0,2,0,0,0,0,2,2,2,2,0,0,2,2
38,8386.786,-8726.829,100.169,-171.075,-0.987781,0.154278,-0.022090,-0.155745,-0.982365,0.103455,-0.005739,0.105631,0.994389,0,-0.13659,-0.59157,-8.196,-1.183,-1,425.000,-1,425.000,-1,325.000,325.000,300.000,300.000,-1,-1,-1,-1,900.000,800.000,-1,-1,2,0,2,0,2,0,0,0,0,2,2,2,2,0,0,2,2
39,8394.879,-8725.726,100.273,-172.250,-0.990731,0.134104,-0.021656,-0.135635,-0.985355,0.103336,-0.007481,0.105315,0.994411,0,-0.13616,-0.58754,-8.169,-1.175,-1,425.000,-1,425.000,-1,325.000,325.000,300.000,300.000,-1,-1,-1,-1,900.000,800.000,-1,-1,2,0,2,0,2,0,0,0,0,2,2,2,2,0,0,2,2
40,8402.975,-8724.791,100.395,-173.417,-0.993253,0.114009,-0.021228,-0.115603,-0.987920,0.103202,-0.009206,0.104960,0.994434,0,-0.13585,-0.58359,-8.151,-1.167,-1,425.000,-1,425.000,-1,325.000,325.000,300.000,300.000,-1,-1,-1,-1,900.000,800.000,-1,-1,2,0,2,0,2,0,0,0,0,2,2,2,2,0,0,2,2
41,8411.078,-8724.021,100.536,-174.576,-0.995355,0.094000,-0.020807,-0.095654,-0.990066,0.103054,-0.010913,0.104566,0.994458,0,-0.13568,-0.57972,-8.141,-1.159,-1,425.000,-1,425.000,-1,325.000,325.000,300.000,300.000,-1,-1,-1,-1,900.000,825.000,-1,-1,2,0,2,0,2,0,0,0,0,2,2,2,2,0,0,2,2
42,8419.192,-8723.414,100.694,-175.728,-0.997044,0.074081,-0.020392,-0.075796,-0.991800,0.102892,-0.012603,0.104134,0.994483,0,-0.13564,-0.57593,-8.138,-1.152,-1,425.000,-1,425.000,-1,325.000,325.000,300.000,300.000,-1,-1,-1,-1,900.000,825.000,-1,-1,2,0,2,0,2,0,0,0,0,2,2,2,2,0,0,2,2
43,8427.322,-8722.969,100.871,-176.873,-0.998327,0.054260,-0.019984,-0.056034,-0.993131,0.102717,-0.014273,0.103665,0.994510,0,-0.13573,-0.57223,-8.144,-1.144,-1,425.000,-1,425.000,-1,325.000,325.000,300.000,300.000,-1,-1,-1,-1,900.000,825.000,-1,-1,2,0,2,0,2,0,0,0,0,2,2,2,2,0,0,2,2
44,8430.662,-8722.838,100.943,-177.777,-0.999059,0.038578,-0.019798,-0.040411,-0.993908,0.102539,-0.015722,0.103242,0.994532,0,-0.05573,-0.45223,-3.344,-0.904,-1,425.000,-1,425.000,-1,325.000,325.000,300.000,300.000,-1,-1,-1,-1,900.000,825.000,-1,-1,2,0,2,0,2,0,0,0,0,2,2,2,2,0,0,2,2
45,8429.205,-8722.877,100.893,-178.442,-0.999437,0.027051,-0.019834,-0.028944,-0.994325,0.102371,-0.016953,0.102888,0.994548,0,0.02427,-0.33223,1.456,-0.664,-1,425.000,-1,425.000,-1,325.000,325.000,300.000,300.000,-1,-1,-1,-1,900.000,825.000,-1,-1,2,0,2,0,2,0,0,0,0,2,2,2,2,0,0,2,2
46,8422.950,-8723.000,100.714,-178.866,-0.999604,0.019684,-0.020090,-0.021639,-0.994526,0.102223,-0.017967,0.102617,0.994559,0,0.10427,-0.21223,6.256,-0.424,-1,425.000,-1,425.000,-1,325.000,325.000,300.000,300.000,-1,-1,-1,-1,900.000,800.000,-1,-1,2,0,2,0,2,0,0,0,0,2,2,2,2,0,0,2,2
47,8411.894,-8723.183,100.401,-179.051,-0.999653,0.016483,-0.020562,-0.018500,-0.994603,0.102094,-0.018768,0.102439,0.994562,0,0.18427,-0.09223,11.056,-0.184,-1,425.000,-1,425.000,-1,325.000,325.000,300.000,300.000,-1,-1,-1,-1,900.000,800.000,-1,-1,2,0,2,0,2,0,0,0,0,2,2,2,2,0,0,2,2
48,8396.040,-8723.461,99.959,-178.995,-0.999622,0.017447,-0.021250,-0.019527,-0.994595,0.101981,-0.019356,0.102357,0.994559,0,0.26427,0.02777,15.856,0.056,-1,425.000,-1,400.000,1000.000,325.000,325.000,300.000,300.000,-1,-1,-1,-1,875.000,800.000,-1,-1,2,0,2,0,1,0,0,0,0,2,2,2,2,0,0,2,2
49,8375.389,-8723.929,99.396,-178.699,-0.999500,0.022577,-0.022152,-0.024722,-0.994490,0.101872,-0.019730,0.102368,0.994551,0,0.34427,0.14777,20.656,0.296,-1,425.000,-1,400.000,1000.000,325.000,325.000,300.000,300.000,-1,-1,-1,-1,875.000,800.000,-1,-1,2,0,2,0,1,0,0,0,0,2,2,2,2,0,0,2,2
50,8349.947,-8724.745,98.728,-178.164,-0.999221,0.031871,-0.023269,-0.034082,-0.994226,0.101752,-0.019891,0.102465,0.994538,0,0.42427,0.26777,25.456,0.536,-1,425.000,-1,400.000,975.000,325.000,325.000,300.000,300.000,-1,-1,-1,-1,875.000,800.000,-1,-1,2,0,2,0,1,0,0,0,0,2,2,2,2,0,0,2,2
51,8319.722,-8726.124,97.976,-177.388,-0.998669,0.045325,-0.024598,-0.047601,-0.993686,0.101599,-0.019838,0.102635,0.994521,0,0.50427,0.38777,30.256,0.776,-1,425.000,-1,400.000,975.000,325.000,325.000,300.000,300.000,-1,-1,-1,-1,875.000,775.000,-1,-1,2,0,2,0,1,0,0,0,0,2,2,2,2,0,0,2,2
52,8284.737,-8728.342,97.166,-176.373,-0.997676,0.062928,-0.026140,-0.065271,-0.992703,0.101389,-0.019569,0.102860,0.994503,0,0.58427,0.50777,35.056,1.016,-1,425.000,-1,400.000,975.000,325.000,325.000,300.000,300.000,-1,-1,-1,-1,875.000,775.000,-1,-1,2,0,2,0,1,0,0,0,0,2,2,2,2,0,0,2,2
53,8245.027,-8731.735,96.333,-175.117,-0.996019,0.084663,-0.027892,-0.087072,-0.991059,0.101093,-0.019084,0.103120,0.994486,0,0.66427,0.62777,39.856,1.256,-1,425.000,-1,400.000,975.000,325.000,325.000,300.000,300.000,-1,-1,-1,-1,850.000,775.000,-1,-1,2,0,2,0,1,0,0,0,0,2,2,2,2,0,0,2,2
54,8200.648,-8736.696,95.515,-173.622,-0.993428,0.110496,-0.029854,-0.112972,-0.988484,0.100680,-0.018385,0.103391,0.994471,0,0.74427,0.74777,44.656,1.496,-1,400.000,-1,400.000,-1,325.000,325.000,300.000,300.000,-1,-1,-1,-1,850.000,750.000,-1,-1,2,0,2,0,2,0,0,0,0,2,2,2,2,0,0,2,2
55,8152.713,-8743.531,94.775,-171.886,-0.989581,0.140379,-0.031977,-0.142916,-0.984656,0.100133,-0.017430,0.103659,0.994460,0,0.80704,0.86777,48.422,1.736,-1,400.000,-1,400.000,-1,325.000,325.000,300.000,300.000,-1,-1,-1,-1,850.000,750.000,-1,-1,2,0,2,0,2,0,0,0,0,2,2,2,2,0,0,2,2
56,8104.966,-8751.803,94.176,-170.171,-0.984892,0.169779,-0.034092,-0.172379,-0.979995,0.099475,-0.016521,0.103848,0.994456,0,0.80767,0.85743,48.460,1.715,-1,400.000,-1,400.000,-1,325.000,325.000,300.000,300.000,-1,-1,-1,-1,850.000,750.000,-1,-1,2,0,2,0,2,0,0,0,0,2,2,2,2,0,0,2,2
57,8057.529,-8761.462,93.716,-168.492,-0.979448,0.198423,-0.036196,-0.201087,-0.974587,0.098717,-0.015688,0.103967,0.994457,0,0.80686,0.83967,48.412,1.679,-1,400.000,-1,400.000,-1,325.000,325.000,300.000,300.000,-1,-1,-1,-1,825.000,725.000,-1,-1,2,0,2,0,2,0,0,0,0,2,2,2,2,0,0,2,2
58,8010.518,-8772.446,93.392,-166.849,-0.973309,0.226284,-0.038285,-0.229013,-0.968491,0.097871,-0.014932,0.104026,0.994462,0,0.80466,0.82150,48.280,1.643,-1,400.000,-1,400.000,-1,325.000,325.000,300.000,300.000,-1,-1,-1,-1,825.000,725.000,-1,-1,2,0,2,0,2,0,0,0,0,2,2,2,2,0,0,2,2
59,7964.039,-8784.689,93.200,-165.243,-0.966535,0.253342,-0.040357,-0.256140,-0.961766,0.096947,-0.014253,0.104040,0.994471,0,0.80111,0.80311,48.067,1.606,-1,400.000,-1,375.000,-1,325.000,325.000,300.000,300.000,-1,-1,-1,-1,825.000,725.000,-1,-1,2,0,2,0,2,0,0,0,0,2,2,2,2,0,0,2,2
60,7918.191,-8798.121,92.893,-163.673,-0.959217,0.279561,-0.041814,-0.282382,-0.954381,0.097041,-0.012777,0.104891,0.994402,0,0.79628,0.78468,47.777,1.569,-1,400.000,-1,375.000,-1,325.000,325.000,300.000,300.000,-1,-1,-1,-1,825.000,725.000,-1,-1,2,0,2,0,2,0,0,0,0,2,2,2,2,0,0,2,2
61,7873.061,-8812.663,92.841,-162.141,-0.951416,0.304978,-0.042368,-0.307726,-0.946528,0.096897,-0.010551,0.105227,0.994392,0,0.79027,0.76638,47.416,1.533,-1,400.000,-1,375.000,-1,325.000,325.000,300.000,300.000,-1,-1,-1,-1,850.000,725.000,-1,-1,2,0,2,0,2,0,0,0,0,2,2,2,2,0,0,2,2
62,7828.727,-8828.239,92.882,-160.644,-0.943143,0.329588,-0.043046,-0.332279,-0.938197,0.096837,-0.008469,0.105634,0.994369,0,0.78321,0.74850,46.993,1.497,-1,400.000,-1,375.000,-1,325.000,325.000,300.000,300.000,-1,-1,-1,-1,850.000,725.000,-1,-1,2,0,2,0,2,0,0,0,0,2,2,2,2,0,0,2,2
63,7785.258,-8844.788,92.866,-159.159,-0.934325,0.353792,-0.043212,-0.356370,-0.929349,0.096488,-0.006023,0.105551,0.994396,0,0.77525,0.74245,46.515,1.485,-1,400.000,-1,400.000,-1,325.000,325.000,300.000,300.000,-1,-1,-1,-1,875.000,725.000,-1,-1,2,0,2,0,2,0,0,0,0,2,2,2,2,0,0,2,2
64,7742.716,-8862.249,92.775,-157.684,-0.924971,0.377621,-0.042793,-0.380025,-0.919995,0.095864,-0.003169,0.104934,0.994474,0,0.76646,0.73748,45.988,1.475,-1,400.000,-1,400.000,-1,325.000,325.000,300.000,300.000,-1,-1,-1,-1,925.000,725.000,-1,-1,2,0,2,0,2,0,0,0,0,2,2,2,2,0,0,2,2
65,7701.154,-8880.566,92.717,-156.217,-0.915052,0.401084,-0.042569,-0.403336,-0.910092,0.095142,-0.000582,0.104230,0.994553,0,0.75702,0.73360,45.421,1.467,-1,400.000,-1,400.000,-1,325.000,325.000,300.000,300.000,-1,-1,-1,-1,950.000,750.000,-1,-1,2,0,2,0,2,0,0,0,0,2,2,2,2,0,0,2,2
66,7660.611,-8899.682,92.718,-154.755,-0.904573,0.424196,-0.042493,-0.426315,-0.899628,0.094473,0.001847,0.103573,0.994620,0,0.74709,0.73080,44.825,1.462,-1,400.000,-1,400.000,-1,325.000,325.000,300.000,300.000,-1,-1,-1,-1,975.000,750.000,-1,-1,2,0,2,0,2,0,0,0,0,2,2,2,2,0,0,2,2
67,7621.117,-8919.548,92.778,-153.297,-0.893531,0.446979,-0.042564,-0.448982,-0.888598,0.093857,0.004129,0.102975,0.994675,0,0.73684,0.72906,44.211,1.458,-1,425.000,-1,400.000,-1,325.000,325.000,300.000,300.000,-1,-1,-1,-1,1000.000,750.000,-1,-1,2,0,2,0,2,0,0,0,0,2,2,2,2,0,0,2,2
68,7582.690,-8940.118,92.929,-151.840,-0.881926,0.469456,-0.042633,-0.471345,-0.877008,0.093223,0.006375,0.102311,0.994732,0,0.72647,0.72835,43.588,1.457,-1,425.000,-1,400.000,-1,325.000,325.000,300.000,300.000,-1,-1,-1,-1,-1,775.000,-1,-1,2,0,2,0,2,0,0,0,0,2,2,2,2,2,0,2,2
69,7545.338,-8961.351,93.148,-150.383,-0.869747,0.491641,-0.042776,-0.493425,-0.864845,0.092608,0.008535,0.101652,0.994783,0,0.71612,0.72863,42.967,1.457,-1,425.000,-1,400.000,-1,325.000,325.000,300.000,300.000,-1,-1,-1,-1,-1,775.000,-1,-1,2,0,2,0,2,0,0,0,0,2,2,2,2,2,0,2,2
70,7509.061,-8983.215,93.421,-148.923,-0.856982,0.513545,-0.043050,-0.515238,-0.852092,0.092029,0.010579,0.101048,0.994825,0,0.70596,0.72989,42.358,1.460,-1,425.000,-1,400.000,-1,325.000,325.000,300.000,275.000,-1,-1,-1,-1,-1,800.000,-1,-1,2,0,2,0,2,0,0,0,0,2,2,2,2,2,0,2,2
71,7473.851,-9005.681,93.746,-147.459,-0.843620,0.535179,-0.043453,-0.536795,-0.838739,0.091480,0.012512,0.100499,0.994858,0,0.69613,0.73206,41.768,1.464,-1,425.000,-1,400.000,-1,325.000,325.000,300.000,275.000,-1,-1,-1,-1,-1,800.000,-1,-1,2,0,2,0,2,0,0,0,0,2,2,2,2,2,0,2,2
72,7439.696,-9028.729,94.121,-145.989,-0.829648,0.556551,-0.043985,-0.558102,-0.824773,0.090953,0.014343,0.100007,0.994883,0,0.68677,0.73512,41.206,1.470,-1,425.000,-1,400.000,-1,325.000,325.000,300.000,275.000,-1,-1,-1,-1,-1,825.000,-1,-1,2,0,2,0,2,0,0,0,0,2,2,2,2,2,0,2,2
73,7406.575,-9052.343,94.639,-144.511,-0.815037,0.577684,-0.044668,-0.579193,-0.810205,0.090014,0.015810,0.099236,0.994938,0,0.67798,0.73902,40.679,1.478,-1,450.000,-1,400.000,-1,350.000,325.000,300.000,275.000,-1,-1,-1,-1,-1,825.000,-1,-1,2,0,2,0,2,0,0,0,0,2,2,2,2,2,0,2,2
74,7374.468,-9076.516,95.315,-143.023,-0.799766,0.598587,-0.045469,-0.600075,-0.795026,0.088569,0.016868,0.098119,0.995032,0,0.66986,0.74372,40.191,1.487,-1,450.000,-1,400.000,-1,350.000,325.000,300.000,275.000,-1,-1,-1,-1,-1,850.000,-1,-1,2,0,2,0,2,0,0,0,0,2,2,2,2,2,0,2,2
75,7343.349,-9101.245,95.970,-141.525,-0.783829,0.619245,-0.046344,-0.620724,-0.779195,0.086933,0.017722,0.096907,0.995136,0,0.66249,0.74918,39.749,1.498,-1,450.000,-1,400.000,-1,350.000,325.000,300.000,275.000,-1,-1,-1,-1,-1,875.000,-1,-1,2,0,2,0,2,0,0,0,0,2,2,2,2,2,0,2,2
76,7313.194,-9126.532,96.331,-140.014,-0.767153,0.639722,-0.047245,-0.641225,-0.762776,0.083682,0.017496,0.094492,0.995372,0,0.65594,0.75536,39.356,1.511,-1,450.000,-1,400.000,-1,350.000,325.000,300.000,275.000,-1,-1,-1,-1,-1,875.000,-1,-1,2,0,2,0,2,0,0,0,0,2,2,2,2,2,0,2,2
77,7283.976,-9152.386,96.757,-138.490,-0.749788,0.659935,-0.047998,-0.661451,-0.745654,0.080520,0.017348,0.092121,0.995597,0,0.65026,0.76223,39.016,1.524,-1,450.000,-1,400.000,-1,350.000,325.000,300.000,275.000,-1,-1,-1,-1,-1,875.000,-1,-1,2,0,2,0,2,0,0,0,0,2,2,2,2,2,0,2,2
78,7255.673,-9178.822,97.265,-136.950,-0.731717,0.679879,-0.048529,-0.681388,-0.727814,0.077441,0.017330,0.089732,0.995815,0,0.64550,0.76976,38.730,1.540,-1,450.000,-1,400.000,-1,350.000,325.000,300.000,300.000,-1,-1,-1,-1,-1,900.000,-1,-1,2,0,2,0,2,0,0,0,0,2,2,2,2,2,0,2,2
79,7228.261,-9205.855,97.794,-135.394,-0.712916,0.699526,-0.049127,-0.701036,-0.709224,0.074490,0.017266,0.087545,0.996011,0,0.64168,0.77792,38.501,1.556,-1,450.000,-1,400.000,-1,350.000,325.000,300.000,300.000,-1,-1,-1,-1,-1,900.000,-1,-1,2,0,2,0,2,0,0,0,0,2,2,2,2,2,0,2,2
80,7201.721,-9233.508,98.346,-133.821,-0.693369,0.718860,-0.049794,-0.720379,-0.689870,0.071655,0.017158,0.085554,0.996186,0,0.63883,0.78669,38.330,1.573,-1,450.000,-1,425.000,-1,350.000,350.000,300.000,300.000,-1,-1,-1,-1,-1,900.000,-1,-1,2,0,2,0,2,0,0,0,0,2,2,2,2,2,0,2,2
81,7176.034,-9261.804,98.931,-132.229,-0.673054,0.737865,-0.050527,-0.739398,-0.669735,0.068887,0.016990,0.083724,0.996344,0,0.63696,0.79604,38.218,1.592,-1,450.000,-1,425.000,-1,350.000,350.000,300.000,275.000,-1,-1,-1,1000.000,-1,925.000,-1,-1,2,0,2,0,2,0,0,0,0,2,2,2,1,2,0,2,2
82,7151.189,-9290.772,99.581,-130.617,-0.651950,0.756525,-0.051298,-0.758079,-0.648811,0.066041,0.016679,0.081943,0.996497,0,0.63608,0.80597,38.165,1.612,-1,450.000,-1,425.000,-1,350.000,350.000,300.000,275.000,-1,-1,-1,1000.000,-1,925.000,-1,-1,2,0,2,0,2,0,0,0,0,2,2,2,1,2,0,2,2
83,7127.174,-9320.441,100.258,-128.984,-0.630045,0.774810,-0.052089,-0.776387,-0.627074,0.063261,0.016352,0.080299,0.996637,0,0.63619,0.81644,38.171,1.633,-1,450.000,-1,425.000,-1,350.000,350.000,300.000,275.000,-1,-1,-1,1000.000,-1,925.000,-1,-1,2,0,2,0,2,0,0,0,0,2,2,2,1,2,0,2,2
84,7100.960,-9354.489,101.008,-127.591,-0.610913,0.789925,-0.052947,-0.791549,-0.608133,0.060212,0.015364,0.078695,0.996780,0,0.71619,0.69644,42.971,1.393,-1,450.000,-1,425.000,-1,350.000,350.000,300.000,300.000,-1,-1,-1,-1,-1,925.000,-1,-1,2,0,2,0,2,0,0,0,0,2,2,2,2,2,0,2,2
85,7072.585,-9392.919,101.832,-126.438,-0.594753,0.802090,-0.054042,-0.803792,-0.592181,0.056914,0.013647,0.077288,0.996915,0,0.79619,0.57644,47.771,1.153,-1,450.000,-1,425.000,-1,350.000,350.000,300.000,300.000,-1,-1,-1,-1,-1,925.000,-1,-1,2,0,2,0,2,0,0,0,0,2,2,2,2,2,0,2,2
86,7042.038,-9435.703,102.309,-125.525,-0.581672,0.811404,-0.057272,-0.813361,-0.579314,0.053280,0.010053,0.077575,0.996936,0,0.87619,0.45644,52.571,0.913,-1,425.000,-1,425.000,-1,350.000,350.000,300.000,275.000,-1,-1,-1,-1,-1,900.000,-1,-1,2,0,2,0,2,0,0,0,0,2,2,2,2,2,0,2,2
87,7010.059,-9481.624,102.780,-124.853,-0.571836,0.818115,-0.060756,-0.820347,-0.569720,0.049496,0.005880,0.078144,0.996925,0,0.93265,0.33644,55.959,0.673,-1,425.000,-1,425.000,-1,350.000,350.000,300.000,275.000,-1,-1,-1,-1,-1,900.000,-1,-1,2,0,2,0,2,0,0,0,0,2,2,2,2,2,0,2,2
88,6978.342,-9528.044,103.211,-124.343,-0.564256,0.823099,-0.064217,-0.825599,-0.562395,0.045809,0.001590,0.078865,0.996884,0,0.93702,0.25457,56.221,0.509,-1,425.000,-1,425.000,-1,350.000,350.000,300.000,275.000,-1,-1,-1,-1,-1,875.000,-1,-1,2,0,2,0,2,0,0,0,0,2,2,2,2,2,0,2,2
89,6946.907,-9574.989,103.589,-123.807,-0.556221,0.828277,-0.067643,-0.831030,-0.554624,0.042207,-0.002558,0.079690,0.996816,0,0.94165,0.26837,56.499,0.537,-1,425.000,-1,425.000,-1,350.000,325.000,300.000,275.000,-1,-1,-1,-1,-1,850.000,-1,-1,2,0,2,0,2,0,0,0,0,2,2,2,2,2,0,2,2
90,6915.772,-9622.492,103.919,-123.242,-0.547723,0.833639,-0.071030,-0.836634,-0.546395,0.038675,-0.006569,0.080609,0.996724,0,0.94661,0.28228,56.796,0.565,-1,425.000,-1,400.000,-1,325.000,325.000,325.000,275.000,-1,-1,-1,-1,-1,850.000,-1,-1,2,0,2,0,2,0,0,0,0,2,2,2,2,2,0,2,2
91,6884.959,-9670.578,103.756,-122.650,-0.538876,0.839337,-0.071602,-0.842337,-0.537802,0.035163,-0.008994,0.079261,0.996813,0,0.95187,0.29629,57.112,0.593,-1,425.000,-1,400.000,-1,350.000,325.000,325.000,275.000,-1,-1,-1,-1,-1,825.000,-1,-1,2,0,2,0,2,0,0,0,0,2,2,2,2,2,0,2,2
92,6854.491,-9719.279,103.423,-122.029,-0.529594,0.845217,-0.071680,-0.848181,-0.528741,0.031961,-0.010886,0.077724,0.996915,0,0.95745,0.31039,57.447,0.621,-1,450.000,-1,425.000,-1,350.000,325.000,325.000,275.000,-1,-1,-1,-1,-1,825.000,-1,-1,2,0,2,0,2,0,0,0,0,2,2,2,2,2,0,2,2
93,6824.392,-9768.624,102.836,-121.380,-0.519798,0.851290,-0.071526,-0.854186,-0.519214,0.027990,-0.013310,0.075645,0.997046,0,0.96334,0.32458,57.800,0.649,-1,450.000,-1,425.000,-1,350.000,350.000,300.000,275.000,-1,-1,-1,-1,-1,825.000,-1,-1,2,0,2,0,2,0,0,0,0,2,2,2,2,2,0,2,2
94,6794.796,-9818.431,101.827,-120.716,-0.509657,0.857460,-0.070792,-0.860213,-0.509441,0.022435,-0.016827,0.072331,0.997239,0,0.96562,0.33196,57.937,0.664,-1,425.000,-1,425.000,-1,350.000,325.000,300.000,300.000,-1,-1,-1,-1,-1,825.000,-1,-1,2,0,2,0,2,0,0,0,0,2,2,2,2,2,0,2,2
95,6765.819,-9868.514,100.782,-120.050,-0.499437,0.863506,-0.070142,-0.866115,-0.499549,0.017201,-0.020186,0.069342,0.997389,0,0.96436,0.33291,57.861,0.666,-1,425.000,-1,425.000,-1,350.000,325.000,300.000,300.000,-1,-1,-1,-1,1000.000,800.000,-1,-1,2,0,2,0,2,0,0,0,0,2,2,2,2,0,0,2,2
96,6737.466,-9918.862,99.627,-119.383,-0.489153,0.869407,-0.069717,-0.871891,-0.489538,0.012615,-0.023161,0.066956,0.997487,0,0.96304,0.33365,57.782,0.667,-1,425.000,-1,425.000,-1,350.000,325.000,300.000,300.000,-1,-1,-1,-1,975.000,800.000,-1,-1,2,0,2,0,2,0,0,0,0,2,2,2,2,0,0,2,2
97,6709.744,-9969.467,98.089,-118.714,-0.478840,0.875105,-0.070026,-0.877548,-0.479388,0.009848,-0.024951,0.066167,0.997497,0,0.96169,0.33419,57.701,0.668,-1,425.000,-1,400.000,-1,350.000,325.000,300.000,300.000,-1,-1,-1,-1,975.000,775.000,-1,-1,2,0,2,0,2,0,0,0,0,2,2,2,2,0,0,2,2
98,6682.653,-10020.320,96.420,-118.045,-0.468410,0.880649,-0.071058,-0.883095,-0.469140,0.007070,-0.027110,0.066063,0.997447,0,0.96031,0.33453,57.619,0.669,-1,425.000,-1,400.000,-1,325.000,325.000,300.000,300.000,-1,-1,-1,-1,950.000,775.000,-1,-1,2,0,2,0,2,0,0,0,0,2,2,2,2,0,0,2,2
99,6655.218,-10073.258,94.545,-117.395,-0.458153,0.885877,-0.072921,-0.888373,-0.459103,0.004140,-0.029811,0.066678,0.997329,0,0.99376,0.32492,59.626,0.650,-1,425.000,-1,400.000,-1,325.000,325.000,300.000,300.000,-1,-1,-1,-1,950.000,750.000,-1,-1,2,0,2,0,2,0,0,0,0,2,2,2,2,0,0,2,2
100,6628.369,-10126.561,92.700,-116.734,-0.447666,0.891072,-0.074738,-0.893614,-0.448834,0.001303,-0.032383,0.067370,0.997202,0,0.99472,0.33045,59.683,0.661,-1,400.000,-1,400.000,-1,325.000,325.000,300.000,300.000,-1,-1,-1,-1,925.000,750.000,-1,-1,2,0,2,0,2,0,0,0,0,2,2,2,2,0,0,2,2
101,6602.129,-10180.213,90.889,-116.062,-0.436944,0.896229,-0.076510,-0.898814,-0.438327,-0.001441,-0.034828,0.068138,0.997068,0,0.99542,0.33606,59.725,0.672,-1,400.000,-1,400.000,-1,325.000,325.000,300.000,300.000,-1,-1,-1,-1,925.000,725.000,-1,-1,2,0,2,0,2,0,0,0,0,2,2,2,2,0,0,2,2
102,6576.520,-10234.198,89.259,-115.379,-0.426035,0.901376,-0.077561,-0.903961,-0.427596,-0.003937,-0.036713,0.068435,0.996980,0,0.99586,0.34174,59.751,0.683,-1,425.000,-1,375.000,-1,325.000,325.000,325.000,275.000,-1,-1,-1,-1,925.000,725.000,-1,-1,2,0,2,0,2,0,0,0,0,2,2,2,2,0,0,2,2
103,6551.563,-10288.499,87.726,-114.684,-0.414912,0.906487,-0.078294,-0.909056,-0.416628,-0.006259,-0.038293,0.068576,0.996911,0,0.99602,0.34748,59.761,0.695,-1,425.000,-1,375.000,-1,325.000,325.000,325.000,275.000,-1,-1,-1,-1,925.000,725.000,-1,-1,2,0,2,0,2,0,0,0,0,2,2,2,2,0,0,2,2
104,6527.280,-10343.096,86.216,-113.977,-0.403542,0.911539,-0.079058,-0.914095,-0.405411,-0.008492,-0.039792,0.068839,0.996834,0,0.99590,0.35328,59.754,0.707,-1,425.000,-1,375.000,-1,325.000,325.000,325.000,275.000,-1,-1,-1,-1,925.000,725.000,-1,-1,2,0,2,0,2,0,0,0,0,2,2,2,2,0,0,2,2
105,6503.692,-10397.971,84.247,-113.259,-0.392120,0.916647,-0.077455,-0.919058,-0.393995,-0.009982,-0.039666,0.067272,0.996946,0,0.99550,0.35911,59.730,0.718,-1,425.000,-1,375.000,-1,325.000,325.000,325.000,275.000,-1,-1,-1,-1,925.000,725.000,-1,-1,2,0,2,0,2,0,0,0,0,2,2,2,2,0,0,2,2
106,6480.820,-10453.104,81.930,-112.529,-0.380471,0.921774,-0.074666,-0.923931,-0.382360,-0.012325,-0.039910,0.064297,0.997132,0,0.99482,0.36497,59.689,0.730,-1,425.000,-1,400.000,-1,325.000,325.000,300.000,275.000,-1,-1,-1,-1,925.000,725.000,-1,-1,2,0,2,0,2,0,0,0,0,2,2,2,2,0,0,2,2
107,6458.685,-10508.474,79.507,-111.787,-0.368560,0.926845,-0.071572,-0.928718,-0.370476,-0.015163,-0.040569,0.060881,0.997320,0,0.99384,0.37084,59.631,0.742,-1,425.000,-1,400.000,-1,350.000,325.000,300.000,300.000,-1,-1,-1,-1,925.000,750.000,-1,-1,2,0,2,0,2,0,0,0,0,2,2,2,2,0,0,2,2
108,6437.308,-10564.060,77.067,-111.034,-0.356403,0.931804,-0.068685,-0.933433,-0.358321,-0.017569,-0.040982,0.057851,0.997484,0,0.99259,0.37671,59.555,0.753,-1,425.000,-1,400.000,-1,350.000,325.000,300.000,300.000,-1,-1,-1,-1,925.000,750.000,-1,-1,2,0,2,0,2,0,0,0,0,2,2,2,2,0,0,2,2
109,6416.702,-10619.839,74.319,-110.274,-0.344057,0.936560,-0.066938,-0.938058,-0.345961,-0.018938,-0.040895,0.056276,0.997577,0,0.99106,0.38000,59.464,0.760,-1,425.000,-1,400.000,-1,350.000,325.000,300.000,300.000,-1,-1,-1,-1,925.000,750.000,-1,-1,2,0,2,0,2,0,0,1,0,2,2,2,2,0,0,2,2
110,6396.881,-10675.787,71.384,-109.508,-0.331461,0.941131,-0.066380,-0.942552,-0.333420,-0.020681,-0.041596,0.055712,0.997580,0,0.98926,0.38300,59.355,0.766,-1,425.000,-1,400.000,-1,350.000,325.000,300.000,300.000,-1,-1,-1,-1,900.000,750.000,-1,-1,2,0,2,0,2,0,0,1,0,2,2,2,2,0,0,2,2
111,6377.855,-10731.879,68.527,-108.736,-0.318714,0.945563,-0.065818,-0.946906,-0.320727,-0.022421,-0.042310,0.055178,0.997580,0,0.98719,0.38575,59.231,0.772,-1,425.000,-1,400.000,-1,325.000,325.000,300.000,275.000,-1,-1,-1,-1,900.000,750.000,-1,-1,2,0,2,0,2,0,0,0,0,2,2,2,2,0,0,2,2
112,6359.633,-10788.091,65.807,-107.960,-0.305822,0.949861,-0.065098,-0.951107,-0.307895,-0.024393,-0.043213,0.054455,0.997581,0,0.98486,0.38825,59.092,0.776,-1,425.000,-1,375.000,-1,325.000,325.000,300.000,275.000,-1,-1,-1,-1,900.000,725.000,-1,-1,2,0,2,0,2,0,0,0,0,2,2,2,2,0,0,2,2
113,6343.721,-10839.999,63.517,-107.042,-0.290513,0.954725,-0.064044,-0.955844,-0.292651,-0.026797,-0.044326,0.053431,0.997587,0,0.90486,0.45908,54.292,0.918,-1,425.000,-1,375.000,-1,325.000,325.000,300.000,275.000,-1,-1,-1,-1,900.000,725.000,-1,-1,2,0,2,0,2,0,0,0,0,2,2,2,2,0,0,2,2
114,6329.979,-10887.545,61.477,-106.120,-0.275074,0.959352,-0.063074,-0.960357,-0.277265,-0.028955,-0.045266,0.052609,0.997589,0,0.82486,0.46092,49.492,0.922,-1,425.000,-1,375.000,-1,325.000,325.000,300.000,275.000,-1,-1,-1,-1,875.000,725.000,-1,-1,2,0,2,0,2,0,0,0,0,2,2,2,2,0,0,2,2
115,6318.002,-10931.641,59.635,-105.195,-0.259515,0.963736,-0.062165,-0.964639,-0.261753,-0.030923,-0.046073,0.051942,0.997587,0,0.76157,0.46243,45.694,0.925,-1,425.000,-1,375.000,-1,325.000,325.000,300.000,275.000,-1,-1,-1,-1,875.000,725.000,-1,-1,2,0,2,0,2,0,0,0,0,2,2,2,2,0,0,2,2
116,6306.766,-10975.824,57.838,-104.268,-0.243847,0.967878,-0.061251,-0.968680,-0.246129,-0.032855,-0.046875,0.051321,0.997582,0,0.75982,0.46369,45.589,0.927,-1,425.000,-1,375.000,-1,325.000,325.000,300.000,275.000,-1,-1,-1,-1,850.000,725.000,-1,-1,2,0,2,0,2,0,0,0,0,2,2,2,2,1,0,2,2
117,6296.274,-11020.077,56.086,-103.338,-0.228077,0.971772,-0.060330,-0.972475,-0.230399,-0.034754,-0.047673,0.050743,0.997573,0,0.75800,0.46483,45.480,0.930,-1,425.000,-1,375.000,-1,325.000,325.000,300.000,275.000,-1,-1,-1,-1,825.000,725.000,-1,-1,2,0,2,0,2,0,0,0,0,2,2,2,2,1,0,2,2
118,6286.527,-11064.384,54.378,-102.406,-0.212212,0.975417,-0.059402,-0.976021,-0.214574,-0.036623,-0.048469,0.050206,0.997562,0,0.75611,0.46583,45.367,0.932,-1,425.000,-1,375.000,-1,325.000,325.000,300.000,275.000,-1,-1,-1,-1,800.000,725.000,-1,-1,2,0,2,0,2,0,0,0,0,2,2,2,2,1,0,2,2
119,6277.526,-11108.729,52.510,-101.473,-0.196337,0.978847,-0.057541,-0.979328,-0.198669,-0.038031,-0.048658,0.048884,0.997619,0,0.75417,0.46670,45.250,0.933,-1,425.000,-1,375.000,-1,325.000,325.000,300.000,300.000,-1,-1,-1,-1,750.000,725.000,-1,-1,2,0,2,0,2,0,0,0,0,2,2,2,2,1,0,2,2
120,6269.271,-11153.098,50.466,-100.538,-0.180421,0.982060,-0.054828,-0.982371,-0.182691,-0.039640,-0.048945,0.046710,0.997709,0,0.75218,0.46744,45.131,0.935,-1,425.000,950.000,375.000,-1,325.000,325.000,300.000,300.000,-1,-1,-1,-1,725.000,725.000,975.000,975.000,2,0,1,0,2,0,0,0,0,2,2,2,2,1,0,1,1
121,6261.762,-11197.477,48.357,-99.602,-0.164432,0.984991,-0.052479,-0.985175,-0.166635,-0.040788,-0.048921,0.044994,0.997789,0,0.75015,0.46805,45.009,0.936,-1,425.000,900.000,400.000,-1,325.000,325.000,300.000,300.000,-1,-1,-1,-1,700.000,725.000,925.000,925.000,2,0,1,0,2,0,0,0,0,2,2,2,2,1,0,1,1
122,6255.000,-11241.850,45.990,-98.665,-0.148333,0.987609,-0.051238,-0.987734,-0.150508,-0.041568,-0.048765,0.044444,0.997821,0,0.74810,0.46852,44.886,0.937,-1,400.000,850.000,400.000,1000.000,325.000,325.000,300.000,300.000,-1,-1,-1,-1,675.000,700.000,900.000,850.000,2,0,1,0,1,0,0,0,0,2,2,2,2,1,1,1,1
123,6248.981,-11286.205,43.665,-97.727,-0.132178,0.989962,-0.050040,-0.990032,-0.134328,-0.042349,-0.048646,0.043944,0.997849,0,0.74603,0.46887,44.762,0.938,-1,400.000,800.000,400.000,925.000,325.000,325.000,300.000,300.000,-1,-1,-1,-1,625.000,650.000,875.000,800.000,2,0,1,0,1,0,0,0,0,2,2,2,2,1,1,1,1
124,6243.704,-11330.529,41.386,-96.789,-0.115978,0.992049,-0.048865,-0.992065,-0.118103,-0.043123,-0.048551,0.043476,0.997874,0,0.74395,0.46909,44.637,0.938,-1,400.000,750.000,400.000,850.000,325.000,325.000,300.000,300.000,-1,-1,-1,-1,600.000,625.000,825.000,750.000,2,0,1,0,1,0,0,0,0,2,2,2,2,1,1,1,1
125,6239.166,-11374.810,39.150,-95.851,-0.099740,0.993869,-0.047710,-0.993832,-0.101843,-0.043893,-0.048483,0.043038,0.997896,0,0.74187,0.46917,44.512,0.938,-1,400.000,725.000,400.000,800.000,325.000,325.000,300.000,300.000,-1,-1,-1,-1,575.000,575.000,800.000,700.000,2,0,1,0,1,0,0,0,0,2,2,2,2,1,1,1,1
126,6235.365,-11419.035,36.957,-94.912,-0.083474,0.995421,-0.046576,-0.995332,-0.085556,-0.044662,-0.048442,0.042630,0.997916,0,0.73981,0.46913,44.388,0.938,-1,400.000,675.000,375.000,725.000,325.000,325.000,300.000,300.000,-1,-1,-1,-1,550.000,550.000,750.000,625.000,2,0,1,0,1,0,0,0,0,2,2,2,2,1,1,1,1
127,6232.297,-11463.194,34.805,-93.975,-0.067189,0.996704,-0.045459,-0.996564,-0.069252,-0.045432,-0.048430,0.042251,0.997933,0,0.73776,0.46897,44.265,0.938,-1,400.000,625.000,375.000,650.000,325.000,325.000,300.000,300.000,-1,-1,-1,-1,525.000,500.000,725.000,575.000,2,1,1,0,1,0,0,0,0,2,2,2,2,1,1,1,1
128,6229.958,-11507.276,32.691,-93.037,-0.050893,0.997718,-0.044359,-0.997528,-0.052938,-0.046205,-0.048448,0.041898,0.997947,0,0.73574,0.46868,44.144,0.937,-1,375.000,575.000,375.000,600.000,325.000,325.000,300.000,300.000,-1,-1,-1,-1,475.000,475.000,675.000,525.000,2,1,1,1,1,0,0,0,0,2,2,2,2,1,1,1,1
129,6227.959,-11556.179,30.379,-92.340,-0.038767,0.998316,-0.043165,-0.998059,-0.040792,-0.047066,-0.048748,0.041257,0.997959,0,0.81574,0.34868,48.944,0.697,-1,350.000,525.000,350.000,525.000,300.000,300.000,300.000,300.000,-1,-1,-1,-1,450.000,425.000,625.000,475.000,2,1,1,1,1,1,1,0,0,2,2,2,2,1,1,1,1
130,6226.431,-11608.303,27.944,-91.679,-0.027266,0.998749,-0.041908,-0.998419,-0.029271,-0.047992,-0.049158,0.040533,0.997968,0,0.86910,0.33057,52.146,0.661,-1,325.000,475.000,300.000,450.000,275.000,275.000,300.000,300.000,-1,-1,-1,-1,400.000,375.000,575.000,400.000,2,1,1,1,1,1,1,0,0,2,2,2,2,1,1,1,1
131,6225.496,-11660.855,25.516,-91.020,-0.015797,0.999049,-0.040649,-0.998644,-0.017782,-0.048934,-0.049610,0.039821,0.997974,0,0.87599,0.32951,52.560,0.659,-1,275.000,400.000,275.000,400.000,250.000,250.000,300.000,300.000,-1,-1,-1,-1,375.000,325.000,500.000,350.000,2,1,1,1,1,1,1,0,0,2,2,2,2,1,1,1,1
132,6225.160,-11713.829,23.092,-90.363,-0.004369,0.999214,-0.039388,-0.998734,-0.006333,-0.049895,-0.050106,0.039120,0.997977,0,0.88293,0.32826,52.976,0.657,-1,250.000,350.000,250.000,325.000,225.000,225.000,300.000,300.000,-1,-1,-1,-1,325.000,300.000,425.000,300.000,2,1,1,1,1,1,1,0,0,2,2,2,2,1,1,1,1
133,6225.430,-11767.224,20.672,-89.710,0.007010,0.999249,-0.038121,-0.998692,0.005065,-0.050877,-0.050646,0.038427,0.997977,0,0.88991,0.32680,53.395,0.654,-1,225.000,300.000,200.000,250.000,200.000,175.000,300.000,300.000,-1,-1,-1,-1,300.000,250.000,375.000,225.000,2,1,1,1,1,1,1,0,0,2,2,2,2,1,1,1,1
134,6226.313,-11821.032,20.522,-89.059,0.017829,0.999330,-0.031975,-0.998890,0.016408,-0.044151,-0.043597,0.032727,0.998513,0,0.89694,0.32512,53.816,0.650,-1,200.000,250.000,175.000,200.000,175.000,150.000,300.000,300.000,-1,-1,-1,-1,250.000,225.000,350.000,200.000,2,1,1,1,1,1,1,0,0,2,2,2,2,1,1,1,1
135,6227.814,-11875.248,28.557,-88.413,0.027901,0.999406,-0.020218,-0.999560,0.027690,-0.010679,-0.010113,0.020507,0.999739,0,0.90399,0.32318,54.240,0.646,-1,200.000,275.000,175.000,225.000,175.000,150.000,325.000,375.000,-1,350.000,500.000,-1,275.000,225.000,750.000,200.000,2,1,1,1,1,1,1,0,0,2,0,0,2,1,1,1,1
136,6229.938,-11929.872,36.580,-87.771,0.038703,0.999214,-0.008553,-0.998977,0.038892,0.023061,0.023376,0.007651,0.999697,0,0.91108,0.32096,54.665,0.642,-1,225.000,300.000,175.000,225.000,175.000,150.000,325.000,425.000,975.000,150.000,225.000,-1,325.000,225.000,875.000,200.000,2,1,1,1,1,1,1,0,0,1,0,0,2,1,1,1,1
137,-1639.776,-6231.427,-114.641,-139.980,-0.768525,0.639209,-0.027939,-0.637470,-0.761235,0.118970,0.054779,0.109242,0.992505,1,0.00000,0.00000,55.090,0.637,-1,400.000,-1,400.000,-1,325.000,325.000,300.000,300.000,-1,-1,-1,-1,900.000,775.000,-1,-1,2,0,2,0,2,0,0,0,0,2,2,2,2,0,0,2,2
