timestep,x_cm,y_cm,z_cm,yaw_deg,basis_xx,basis_xy,basis_xz,basis_yx,basis_yy,basis_yz,basis_zx,basis_zy,basis_zz,teleport_flag,throttle_cmd,steering_cmd,cmd_move_cm,cmd_turn_deg,lidar_cm_0,lidar_cm_1,lidar_cm_2,lidar_cm_3,lidar_cm_4,lidar_cm_5,lidar_cm_6,lidar_cm_7,lidar_cm_8,lidar_cm_9,lidar_cm_10,lidar_cm_11,lidar_cm_12,lidar_cm_13,lidar_cm_14,lidar_cm_15,lidar_cm_16,lidar_class_0,lidar_class_1,lidar_class_2,lidar_class_3,lidar_class_4,lidar_class_5,lidar_class_6,lidar_class_7,lidar_class_8,lidar_class_9,lidar_class_10,lidar_class_11,lidar_class_12,lidar_class_13,lidar_class_14,lidar_class_15,lidar_class_16
0,-1642.584,-4923.438,-182.655,-125.251,-0.567355,0.813310,-0.128977,-0.817845,-0.574804,-0.027019,-0.096111,0.090154,0.991279,1,0.08000,-0.03706,4.800,-0.074,-1,425.000,-1,425.000,-1,325.000,350.000,300.000,325.000,475.000,950.000,600.000,450.000,750.000,825.000,-1,-1,2,0,2,0,2,0,0,0,0,1,1,1,1,0,0,2,2
1,-1648.101,-4931.294,-183.662,-125.085,-0.564903,0.814923,-0.129560,-0.819514,-0.572413,-0.027217,-0.096342,0.090801,0.991198,0,0.16000,0.08294,9.600,0.166,-1,425.000,-1,425.000,-1,325.000,350.000,300.000,325.000,475.000,-1,600.000,450.000,750.000,825.000,-1,-1,2,0,2,0,2,0,0,0,0,1,2,1,1,0,0,2,2
2,-1656.293,-4943.136,-185.172,-124.679,-0.558973,0.818862,-0.130440,-0.823562,-0.566560,-0.027484,-0.096408,0.092063,0.991075,0,0.24000,0.20294,14.400,0.406,-1,400.000,-1,425.000,-1,325.000,350.000,300.000,325.000,475.000,-1,600.000,475.000,750.000,800.000,-1,-1,2,0,2,0,2,0,0,0,0,1,2,1,1,0,0,2,2
3,-1667.080,-4959.020,-187.167,-124.184,-0.551691,0.823603,-0.131588,-0.828436,-0.559388,-0.027912,-0.096597,0.093613,0.990911,0,0.32000,0.24732,19.200,0.495,-1,400.000,-1,425.000,-1,325.000,350.000,300.000,325.000,500.000,-1,600.000,475.000,750.000,800.000,-1,-1,2,0,2,0,2,0,0,0,0,1,2,1,1,0,0,2,2
4,-1680.392,-4978.989,-189.636,-123.693,-0.544371,0.828238,-0.132976,-0.833206,-0.552224,-0.028574,-0.097099,0.095242,0.990707,0,0.40000,0.24551,24.000,0.491,-1,400.000,-1,425.000,-1,325.000,325.000,300.000,325.000,525.000,-1,625.000,500.000,725.000,775.000,-1,-1,2,0,2,0,2,0,0,0,0,1,2,1,1,0,0,2,2
5,-1696.164,-5003.087,-192.570,-123.207,-0.537024,0.832761,-0.134588,-0.837863,-0.545083,-0.029506,-0.097933,0.096921,0.990462,0,0.48000,0.24325,28.800,0.486,-1,400.000,-1,425.000,-1,325.000,325.000,300.000,325.000,550.000,-1,650.000,525.000,725.000,775.000,-1,-1,2,0,2,0,2,0,0,0,0,1,2,1,1,0,0,2,2
6,-1714.327,-5031.354,-195.954,-122.726,-0.529666,0.837164,-0.136420,-0.842399,-0.537980,-0.030692,-0.099086,0.098664,0.990175,0,0.56000,0.24050,33.600,0.481,-1,400.000,-1,425.000,-1,325.000,325.000,300.000,325.000,550.000,-1,675.000,575.000,700.000,750.000,-1,-1,2,0,2,0,2,0,0,0,0,1,2,1,1,0,0,2,2
7,-1733.728,-5062.104,-199.603,-122.251,-0.522358,0.841453,-0.138200,-0.846802,-0.530942,-0.032044,-0.100340,0.100290,0.989886,0,0.60598,0.23724,36.359,0.474,-1,400.000,-1,400.000,-1,325.000,325.000,300.000,300.000,600.000,-1,725.000,600.000,700.000,725.000,-1,-1,2,0,2,0,2,0,0,0,0,1,2,1,1,0,0,2,2
8,-1752.902,-5093.050,-203.257,-121.784,-0.515149,0.845635,-0.139725,-0.851070,-0.523986,-0.033442,-0.101494,0.101688,0.989625,0,0.60674,0.23367,36.404,0.467,-1,375.000,-1,400.000,-1,325.000,325.000,300.000,300.000,625.000,-1,750.000,625.000,675.000,700.000,-1,-1,2,0,2,0,2,0,0,0,0,1,2,1,1,0,0,2,2
9,-1771.854,-5124.194,-206.901,-121.324,-0.508031,0.849706,-0.141082,-0.855206,-0.517113,-0.034892,-0.102603,0.102928,0.989383,0,0.60762,0.23004,36.457,0.460,-1,375.000,-1,400.000,-1,325.000,325.000,300.000,300.000,650.000,-1,775.000,675.000,675.000,675.000,-1,-1,2,0,2,0,2,0,0,0,0,1,2,1,1,0,0,2,2
10,-1790.590,-5155.538,-210.535,-120.871,-0.501008,0.853668,-0.142272,-0.859211,-0.510326,-0.036389,-0.103669,0.104011,0.989158,0,0.60862,0.22634,36.517,0.453,-1,375.000,-1,400.000,-1,300.000,325.000,300.000,300.000,675.000,-1,825.000,700.000,650.000,650.000,-1,-1,2,0,2,0,2,0,0,0,0,1,2,1,1,0,0,2,2
11,-1809.116,-5187.084,-213.941,-120.426,-0.494107,0.857443,-0.143702,-0.863162,-0.503581,-0.036862,-0.103972,0.105824,0.988934,0,0.60974,0.22259,36.584,0.445,-1,375.000,-1,375.000,-1,300.000,325.000,300.000,300.000,700.000,-1,850.000,725.000,650.000,650.000,1000.000,-1,2,0,2,0,2,0,0,0,0,1,2,1,1,0,0,0,2
12,-1827.436,-5218.835,-217.304,-119.988,-0.487314,0.861096,-0.145047,-0.866997,-0.496921,-0.037212,-0.104120,0.107622,0.988725,0,0.61096,0.21878,36.658,0.438,-1,375.000,-1,375.000,-1,300.000,300.000,300.000,300.000,725.000,-1,875.000,775.000,625.000,625.000,975.000,1000.000,2,0,2,0,2,0,0,0,0,1,2,1,1,0,0,0,0
13,-1845.558,-5250.793,-220.643,-119.559,-0.480630,0.864637,-0.146278,-0.870714,-0.490356,-0.037524,-0.104173,0.109331,0.988532,0,0.61230,0.21491,36.738,0.430,-1,350.000,-1,375.000,1000.000,300.000,300.000,300.000,300.000,750.000,-1,900.000,800.000,625.000,600.000,925.000,925.000,2,0,2,0,0,0,0,0,0,1,2,1,1,0,0,0,0
14,-1863.486,-5282.959,-223.959,-119.137,-0.474059,0.868068,-0.147396,-0.874314,-0.483887,-0.037794,-0.104131,0.110953,0.988355,0,0.61375,0.21099,36.825,0.422,1000.000,350.000,-1,375.000,950.000,300.000,300.000,300.000,300.000,775.000,-1,950.000,850.000,625.000,600.000,900.000,875.000,0,0,2,0,0,0,0,0,0,1,2,1,1,0,0,0,0
15,-1881.225,-5315.334,-227.254,-118.723,-0.467605,0.871391,-0.148402,-0.877799,-0.477519,-0.038020,-0.103995,0.112489,0.988196,0,0.61529,0.20701,36.917,0.414,975.000,350.000,-1,350.000,925.000,300.000,300.000,300.000,300.000,800.000,-1,975.000,875.000,600.000,575.000,875.000,850.000,0,0,2,0,0,0,0,0,0,1,2,1,1,0,0,0,0
16,-1898.780,-5347.922,-230.869,-118.317,-0.461310,0.874482,-0.149916,-0.881268,-0.471187,-0.036732,-0.102760,0.115171,0.988016,0,0.61693,0.20297,37.016,0.406,950.000,350.000,-1,350.000,875.000,300.000,300.000,300.000,300.000,825.000,-1,1000.000,900.000,600.000,575.000,850.000,800.000,0,0,2,0,0,0,0,0,0,1,2,1,1,0,0,0,0
17,-1916.157,-5380.723,-234.502,-117.919,-0.455147,0.877449,-0.151409,-0.884633,-0.464955,-0.035243,-0.101322,0.117900,0.987843,0,0.61867,0.19889,37.120,0.398,950.000,350.000,-1,350.000,825.000,300.000,300.000,300.000,300.000,850.000,-1,-1,950.000,600.000,550.000,825.000,750.000,0,0,2,0,0,0,0,0,0,1,2,2,1,0,0,0,0
18,-1933.362,-5413.738,-237.835,-117.529,-0.449338,0.880418,-0.151525,-0.887864,-0.458890,-0.033419,-0.098956,0.119517,0.987888,0,0.62050,0.19475,37.230,0.389,950.000,350.000,-1,350.000,800.000,275.000,275.000,300.000,300.000,875.000,-1,-1,975.000,575.000,550.000,825.000,725.000,0,0,2,0,0,0,0,0,0,1,2,2,1,0,0,0,0
19,-1950.401,-5446.968,-240.643,-117.148,-0.444050,0.883485,-0.149243,-0.890950,-0.453041,-0.031021,-0.095020,0.119194,0.988314,0,0.62242,0.19055,37.345,0.381,950.000,350.000,-1,350.000,800.000,300.000,300.000,300.000,300.000,900.000,-1,-1,1000.000,575.000,550.000,825.000,750.000,0,0,2,0,0,0,0,0,0,1,2,2,1,0,0,0,0
20,-1967.278,-5480.416,-243.429,-116.776,-0.438895,0.886458,-0.146844,-0.893926,-0.447309,-0.028473,-0.090925,0.118771,0.988750,0,0.62443,0.18631,37.466,0.373,950.000,350.000,-1,350.000,800.000,300.000,300.000,300.000,300.000,925.000,-1,-1,-1,575.000,550.000,825.000,750.000,0,0,2,0,0,0,0,0,0,1,2,2,2,0,0,0,0
21,-1986.151,-5518.233,-246.551,-116.523,-0.435671,0.888507,-0.144038,-0.895945,-0.443438,-0.025415,-0.086453,0.117977,0.989246,0,0.70443,0.12632,42.266,0.253,950.000,350.000,-1,350.000,800.000,300.000,300.000,300.000,300.000,925.000,-1,-1,-1,575.000,550.000,825.000,750.000,0,0,2,0,0,0,0,0,0,1,2,2,2,0,0,0,0
22,-2006.989,-5560.433,-249.999,-116.280,-0.432692,0.890489,-0.140738,-0.897869,-0.439723,-0.021803,-0.081301,0.116930,0.989807,0,0.78443,0.12142,47.066,0.243,950.000,350.000,-1,350.000,800.000,300.000,300.000,300.000,300.000,950.000,-1,-1,-1,575.000,575.000,825.000,775.000,0,0,2,0,0,0,0,0,0,1,2,2,2,0,0,0,0
23,-2028.303,-5604.039,-253.520,-116.048,-0.429921,0.892389,-0.137150,-0.899682,-0.436180,-0.017858,-0.075759,0.115714,0.990389,0,0.80895,0.11589,48.537,0.232,950.000,350.000,-1,350.000,825.000,300.000,300.000,300.000,325.000,975.000,350.000,350.000,-1,575.000,575.000,825.000,775.000,0,0,2,0,0,0,0,0,0,1,0,0,2,0,0,0,0
24,-2049.527,-5647.888,-256.991,-115.828,-0.427323,0.894186,-0.133515,-0.901382,-0.432809,-0.013709,-0.070045,0.114490,0.990952,0,0.81194,0.11011,48.717,0.220,950.000,350.000,-1,350.000,825.000,300.000,300.000,300.000,325.000,1000.000,300.000,300.000,-1,575.000,575.000,825.000,775.000,0,0,2,0,0,0,0,0,0,1,0,0,2,0,0,0,0
25,-2070.672,-5691.984,-260.404,-115.620,-0.424894,0.895880,-0.129863,-0.902965,-0.429612,-0.009363,-0.064179,0.113284,0.991488,0,0.81509,0.10423,48.906,0.208,925.000,350.000,-1,350.000,850.000,300.000,300.000,300.000,325.000,1000.000,250.000,250.000,-1,575.000,575.000,825.000,800.000,0,0,2,0,0,0,0,0,0,1,0,0,2,0,0,0,0
26,-2091.752,-5736.332,-263.762,-115.423,-0.422639,0.897469,-0.126195,-0.904430,-0.426594,-0.004820,-0.058160,0.112097,0.991994,0,0.81840,0.09826,49.104,0.197,900.000,350.000,-1,350.000,850.000,300.000,300.000,325.000,325.000,-1,225.000,225.000,-1,575.000,575.000,850.000,800.000,0,0,2,0,0,0,0,0,0,2,0,0,2,0,0,0,0
27,-2112.777,-5780.937,-266.827,-115.239,-0.420420,0.898860,-0.123682,-0.905796,-0.423714,-0.000362,-0.052732,0.111878,0.992322,0,0.82187,0.09220,49.312,0.184,900.000,350.000,-1,350.000,850.000,300.000,300.000,325.000,325.000,-1,200.000,225.000,-1,575.000,575.000,825.000,800.000,0,0,2,0,0,0,0,0,0,2,0,0,2,0,0,0,0
28,-2133.759,-5825.801,-269.673,-115.067,-0.418337,0.900081,-0.121855,-0.907055,-0.420990,0.004342,-0.047392,0.112346,0.992538,0,0.82548,0.08605,49.529,0.172,900.000,350.000,-1,350.000,850.000,300.000,300.000,325.000,325.000,-1,200.000,225.000,-1,575.000,575.000,825.000,800.000,0,0,2,0,0,0,0,0,0,2,0,0,2,0,0,0,0
29,-2154.707,-5870.929,-271.870,-114.907,-0.416577,0.900950,-0.121459,-0.908213,-0.418342,0.011819,-0.040163,0.115234,0.992526,0,0.82924,0.07980,49.754,0.160,925.000,350.000,-1,350.000,850.000,300.000,300.000,325.000,325.000,-1,200.000,200.000,-1,575.000,575.000,850.000,825.000,0,0,2,0,0,0,0,0,0,2,0,0,2,0,0,0,0
30,-2175.637,-5916.324,-273.993,-114.760,-0.415029,0.901700,-0.121193,-0.909212,-0.415882,0.019378,-0.032929,0.118232,0.992440,0,0.83314,0.07347,49.989,0.147,975.000,350.000,-1,350.000,850.000,300.000,300.000,350.000,300.000,-1,200.000,200.000,-1,600.000,575.000,900.000,850.000,0,0,2,0,0,0,0,0,0,2,0,0,2,0,0,0,0
31,-2196.562,-5961.989,-276.043,-114.626,-0.413699,0.902330,-0.121052,-0.910051,-0.413615,0.027017,-0.025691,0.121340,0.992278,0,0.83718,0.06704,50.231,0.134,-1,350.000,-1,350.000,875.000,300.000,300.000,350.000,300.000,-1,200.000,200.000,-1,625.000,575.000,950.000,875.000,2,0,2,0,0,0,0,0,0,2,0,0,2,0,0,0,0
32,-2217.498,-6007.924,-277.170,-114.505,-0.412350,0.903185,-0.119268,-0.910785,-0.411700,0.031200,-0.020923,0.121492,0.992372,0,0.84136,0.06053,50.482,0.121,-1,350.000,-1,350.000,875.000,300.000,300.000,350.000,300.000,-1,225.000,200.000,-1,625.000,575.000,975.000,900.000,2,0,2,0,0,0,0,0,0,2,0,0,2,0,0,0,0
33,-2238.457,-6054.133,-277.814,-114.397,-0.411205,0.904094,-0.116296,-0.911397,-0.410061,0.034724,-0.016295,0.120271,0.992607,0,0.84567,0.05392,50.740,0.108,-1,350.000,-1,350.000,925.000,300.000,300.000,350.000,300.000,-1,225.000,250.000,-1,625.000,600.000,975.000,950.000,2,0,2,0,0,0,0,0,0,2,0,0,2,0,0,0,0
34,-2259.387,-6100.491,-278.067,-114.296,-0.410242,0.905066,-0.112061,-0.911912,-0.408568,0.038578,-0.010869,0.118016,0.992952,0,0.84774,0.05079,50.865,0.102,-1,350.000,-1,350.000,-1,300.000,300.000,325.000,300.000,-1,225.000,250.000,-1,625.000,600.000,1000.000,-1,2,0,2,0,2,0,0,0,0,2,0,0,2,0,0,0,2
35,-2280.234,-6146.887,-278.234,-114.194,-0.409231,0.906022,-0.107955,-0.912414,-0.407068,0.042391,-0.005538,0.115848,0.993252,0,0.84774,0.05079,50.865,0.102,-1,350.000,-1,350.000,-1,300.000,300.000,325.000,300.000,-1,225.000,275.000,-1,625.000,625.000,-1,-1,2,0,2,0,2,0,0,0,0,2,0,0,2,0,0,2,2
36,-2300.998,-6193.320,-278.315,-114.092,-0.408177,0.906962,-0.103979,-0.912903,-0.405559,0.046161,-0.000303,0.113765,0.993508,0,0.84774,0.05079,50.865,0.102,-1,375.000,-1,350.000,-1,300.000,300.000,325.000,300.000,-1,225.000,275.000,-1,625.000,625.000,-1,-1,2,0,2,0,2,0,0,0,0,2,0,0,2,0,0,2,2
37,-2321.680,-6239.790,-278.311,-113.991,-0.407082,0.907886,-0.100133,-0.913379,-0.404042,0.049888,0.004835,0.111768,0.993723,0,0.84774,0.05079,50.865,0.102,-1,375.000,-1,350.000,-1,300.000,300.000,325.000,325.000,-1,200.000,250.000,-1,625.000,650.000,-1,-1,2,0,2,0,2,0,0,0,0,2,0,0,2,0,0,2,2
38,-2342.280,-6286.296,-278.221,-113.889,-0.405947,0.908796,-0.096417,-0.913843,-0.402518,0.053572,0.009876,0.109857,0.993898,0,0.84774,0.05079,50.865,0.102,-1,375.000,-1,375.000,-1,300.000,300.000,325.000,325.000,1000.000,200.000,250.000,-1,625.000,650.000,-1,-1,2,0,2,0,2,0,0,0,0,0,0,0,2,0,0,2,2
39,-2362.797,-6332.839,-278.047,-113.788,-0.404776,0.909692,-0.092830,-0.914296,-0.400987,0.057210,0.014820,0.108031,0.994037,0,0.84774,0.05079,50.865,0.102,-1,375.000,-1,375.000,-1,300.000,300.000,300.000,325.000,975.000,200.000,250.000,-1,650.000,675.000,-1,-1,2,0,2,0,2,0,0,0,0,0,0,0,2,0,0,2,2
40,-2383.232,-6379.418,-277.788,-113.686,-0.403571,0.910573,-0.089372,-0.914737,-0.399449,0.060803,0.019666,0.106290,0.994141,0,0.84774,0.05079,50.865,0.102,-1,375.000,-1,375.000,-1,300.000,300.000,300.000,325.000,950.000,200.000,225.000,-1,650.000,700.000,-1,-1,2,0,2,0,2,0,0,0,0,0,0,0,2,0,0,2,2
41,-2403.583,-6426.034,-277.314,-113.584,-0.402309,0.911390,-0.086690,-0.915190,-0.397882,0.064172,0.023993,0.105155,0.994166,0,0.84774,0.05079,50.865,0.102,-1,375.000,-1,375.000,-1,300.000,300.000,300.000,325.000,950.000,200.000,225.000,-1,650.000,725.000,-1,-1,2,0,2,0,2,0,0,0,0,0,0,0,2,0,0,2,2
42,-2423.850,-6472.687,-276.254,-113.483,-0.400937,0.912002,-0.086611,-0.915718,-0.396225,0.066823,0.026625,0.106103,0.993999,0,0.84774,0.05079,50.865,0.102,-1,375.000,-1,375.000,-1,300.000,300.000,300.000,325.000,975.000,225.000,250.000,-1,675.000,725.000,-1,-1,2,0,2,0,2,0,0,0,0,0,0,0,2,0,0,2,2
43,-2444.031,-6519.376,-274.847,-113.381,-0.399674,0.912495,-0.087254,-0.916163,-0.394518,0.070720,0.030108,0.108204,0.993673,0,0.84774,0.05079,50.865,0.102,-1,375.000,-1,375.000,-1,300.000,300.000,300.000,325.000,1000.000,250.000,275.000,-1,675.000,725.000,-1,-1,2,0,2,0,2,0,0,0,0,0,0,0,2,0,0,2,2
44,-2464.130,-6566.102,-273.337,-113.280,-0.398429,0.912965,-0.088033,-0.916582,-0.392801,0.074735,0.033651,0.110466,0.993310,0,0.84774,0.05079,50.865,0.102,-1,375.000,-1,375.000,-1,300.000,325.000,325.000,300.000,-1,275.000,275.000,-1,700.000,750.000,-1,-1,2,0,2,0,2,0,0,0,0,2,0,0,2,0,0,2,2
45,-2484.146,-6612.863,-271.795,-113.178,-0.397175,0.913439,-0.088777,-0.916996,-0.391087,0.078548,0.037030,0.112605,0.992950,0,0.84774,0.05079,50.865,0.102,-1,375.000,-1,400.000,-1,325.000,325.000,325.000,300.000,-1,300.000,300.000,-1,700.000,775.000,-1,-1,2,0,2,0,2,0,0,0,0,2,0,0,2,0,0,2,2
46,-2504.082,-6659.658,-269.831,-113.076,-0.395757,0.914068,-0.088637,-0.917521,-0.389440,0.080569,0.039126,0.113212,0.992800,0,0.84774,0.05079,50.865,0.102,-1,375.000,-1,400.000,-1,325.000,325.000,325.000,300.000,-1,325.000,325.000,-1,700.000,775.000,-1,-1,2,0,2,0,2,0,0,0,0,2,0,0,2,0,0,2,2
47,-2523.935,-6706.488,-267.766,-112.975,-0.394288,0.914732,-0.088333,-0.918081,-0.387808,0.082051,0.040798,0.113449,0.992706,0,0.84774,0.05079,50.865,0.102,-1,375.000,-1,400.000,-1,325.000,325.000,325.000,300.000,-1,375.000,350.000,-1,725.000,800.000,-1,-1,2,0,2,0,2,0,0,0,0,2,0,0,2,0,0,2,2
48,-2541.661,-6749.005,-265.887,-112.633,-0.388972,0.917015,-0.088225,-0.920264,-0.382342,0.083235,0.042596,0.113567,0.992617,0,0.76774,0.17079,46.065,0.342,-1,375.000,-1,400.000,-1,325.000,325.000,325.000,300.000,-1,400.000,400.000,-1,725.000,800.000,-1,-1,2,0,2,0,2,0,0,0,0,2,0,0,2,0,0,2,2
49,-2557.153,-6787.250,-264.167,-112.052,-0.379788,0.920852,-0.088276,-0.923998,-0.373016,0.084183,0.044592,0.113538,0.992532,0,0.68774,0.29079,41.265,0.582,-1,400.000,-1,400.000,-1,325.000,325.000,300.000,300.000,-1,425.000,425.000,-1,725.000,800.000,-1,-1,2,0,2,0,2,0,0,0,0,2,0,0,2,0,0,2,2
50,-2570.424,-6821.213,-262.600,-111.344,-0.368527,0.925401,-0.088440,-0.928447,-0.361622,0.084941,0.046623,0.113415,0.992453,0,0.60774,0.35373,36.465,0.707,-1,400.000,-1,400.000,-1,325.000,325.000,300.000,300.000,-1,450.000,450.000,-1,725.000,800.000,-1,-1,2,0,2,0,2,0,0,0,0,2,0,0,2,0,0,2,2
51,-2581.583,-6850.845,-261.198,-110.637,-0.357196,0.929812,-0.088665,-0.932770,-0.350175,0.085544,0.048492,0.113260,0.992381,0,0.52774,0.35373,31.665,0.707,-1,400.000,-1,400.000,-1,325.000,325.000,300.000,300.000,-1,475.000,450.000,-1,725.000,800.000,-1,-1,2,0,2,0,2,0,0,0,0,2,0,0,2,0,0,2,2
52,-2590.740,-6876.100,-259.971,-109.929,-0.345799,0.934086,-0.088923,-0.936963,-0.338675,0.086016,0.050230,0.113062,0.992317,0,0.44774,0.35373,26.865,0.707,-1,400.000,-1,400.000,-1,325.000,325.000,300.000,300.000,-1,500.000,475.000,-1,725.000,800.000,-1,-1,2,0,2,0,2,0,0,0,0,2,0,0,2,0,0,2,2
53,-2598.003,-6896.933,-258.929,-109.221,-0.334324,0.938228,-0.089192,-0.941030,-0.327111,0.086377,0.051866,0.112810,0.992262,0,0.36774,0.35419,22.065,0.708,-1,400.000,-1,400.000,-1,325.000,325.000,300.000,300.000,-1,525.000,500.000,-1,700.000,800.000,-1,-1,2,0,2,0,2,0,0,0,0,2,0,0,2,0,0,2,2
54,-2603.484,-6913.304,-258.086,-108.509,-0.322735,0.942253,-0.089453,-0.944981,-0.315444,0.086643,0.053422,0.112494,0.992215,0,0.28774,0.35582,17.265,0.712,-1,375.000,-1,400.000,-1,325.000,325.000,300.000,300.000,-1,525.000,500.000,-1,700.000,800.000,-1,-1,2,0,2,0,2,0,0,0,0,2,0,0,2,0,0,2,2
55,-2607.293,-6925.171,-257.454,-107.795,-0.311047,0.946153,-0.089692,-0.948807,-0.303689,0.086823,0.054909,0.112107,0.992178,0,0.20774,0.35707,12.465,0.714,-1,375.000,-1,400.000,-1,325.000,325.000,300.000,300.000,-1,525.000,500.000,-1,700.000,800.000,-1,-1,2,0,2,0,2,0,0,0,0,2,0,0,2,0,0,2,2
56,-2609.544,-6932.497,-257.046,-107.079,-0.299272,0.949924,-0.089897,-0.952503,-0.291859,0.086923,0.056333,0.111641,0.992151,0,0.12774,0.35795,7.665,0.716,-1,375.000,-1,400.000,-1,325.000,325.000,300.000,300.000,-1,550.000,525.000,-1,700.000,800.000,-1,-1,2,0,2,0,2,0,0,0,0,2,0,0,2,0,0,2,2
57,-2610.351,-6935.244,-256.878,-106.362,-0.287425,0.953560,-0.090059,-0.956064,-0.279968,0.086946,0.057694,0.111093,0.992134,0,0.04774,0.35845,2.865,0.717,-1,375.000,-1,400.000,-1,325.000,325.000,300.000,300.000,-1,550.000,525.000,-1,700.000,800.000,-1,-1,2,0,2,0,2,0,0,0,0,2,0,0,2,0,0,2,2
58,-2609.830,-6933.379,-256.963,-105.645,-0.275517,0.957058,-0.090172,-0.959485,-0.268029,0.086888,0.058988,0.110458,0.992129,0,-0.03226,0.35859,-1.935,0.717,-1,375.000,-1,400.000,-1,325.000,325.000,300.000,300.000,-1,550.000,525.000,-1,700.000,800.000,-1,-1,2,0,2,0,2,0,0,0,0,2,0,0,2,0,0,2,2
59,-2608.647,-6928.941,-257.199,-104.928,-0.263567,0.960410,-0.090252,-0.962759,-0.256056,0.086781,0.060236,0.109763,0.992131,0,-0.07654,0.35837,-4.592,0.717,-1,375.000,-1,400.000,-1,325.000,325.000,300.000,300.000,-1,525.000,500.000,-1,700.000,800.000,-1,-1,2,0,2,0,2,0,0,0,0,2,0,0,2,0,0,2,2
60,-2607.516,-6924.472,-257.443,-104.213,-0.251587,0.963611,-0.090322,-0.965881,-0.244056,0.086667,0.061470,0.109045,0.992134,0,-0.07682,0.35795,-4.609,0.716,-1,375.000,-1,400.000,-1,325.000,325.000,300.000,300.000,-1,525.000,500.000,-1,700.000,800.000,-1,-1,2,0,2,0,2,0,0,0,0,2,0,0,2,0,0,2,2
61,-2606.436,-6919.972,-257.697,-103.497,-0.239579,0.966660,-0.090384,-0.968851,-0.232030,0.086547,0.062690,0.108303,0.992139,0,-0.07711,0.35754,-4.627,0.715,-1,375.000,-1,400.000,-1,325.000,325.000,300.000,300.000,-1,525.000,500.000,-1,700.000,800.000,-1,-1,2,0,2,0,2,0,0,0,0,2,0,0,2,0,0,2,2
62,-2605.409,-6915.440,-257.960,-102.783,-0.227546,0.969559,-0.090436,-0.971669,-0.219980,0.086421,0.063896,0.107538,0.992146,0,-0.07742,0.35714,-4.645,0.714,-1,375.000,-1,400.000,-1,325.000,325.000,300.000,300.000,-1,525.000,500.000,-1,700.000,800.000,-1,-1,2,0,2,0,2,0,0,0,0,2,0,0,2,0,0,2,2
63,-2604.434,-6910.878,-258.232,-102.070,-0.215487,0.972306,-0.090478,-0.974335,-0.207907,0.086289,0.065088,0.106750,0.992153,0,-0.07774,0.35675,-4.665,0.713,-1,375.000,-1,400.000,-1,325.000,325.000,300.000,300.000,-1,525.000,500.000,-1,675.000,800.000,-1,-1,2,0,2,0,2,0,0,0,0,2,0,0,2,0,0,2,2
64,-2603.512,-6906.284,-258.514,-101.357,-0.203406,0.974902,-0.090511,-0.976849,-0.195814,0.086152,0.066266,0.105940,0.992162,0,-0.07808,0.35636,-4.685,0.713,-1,375.000,-1,400.000,-1,325.000,325.000,325.000,300.000,-1,525.000,500.000,-1,675.000,800.000,-1,-1,2,0,2,0,2,0,0,0,0,2,0,0,2,0,0,2,2
65,-2602.644,-6901.658,-258.805,-100.645,-0.191303,0.977347,-0.090534,-0.979212,-0.183701,0.086010,0.067430,0.105106,0.992172,0,-0.07843,0.35598,-4.706,0.712,-1,375.000,-1,400.000,-1,325.000,325.000,325.000,300.000,-1,500.000,500.000,-1,675.000,800.000,-1,-1,2,0,2,0,2,0,0,0,0,2,0,0,2,0,0,2,2
66,-2601.829,-6897.000,-259.105,-99.934,-0.179181,0.979641,-0.090546,-0.981423,-0.171570,0.085863,0.068580,0.104249,0.992184,0,-0.07880,0.35562,-4.728,0.711,-1,375.000,-1,400.000,-1,325.000,325.000,325.000,300.000,-1,500.000,500.000,-1,675.000,800.000,-1,-1,2,0,2,0,2,0,0,0,0,2,0,0,2,0,0,2,2
67,-2601.068,-6892.309,-259.415,-99.223,-0.167040,0.981783,-0.090548,-0.983482,-0.159424,0.085712,0.069715,0.103370,0.992197,0,-0.07918,0.35526,-4.751,0.711,-1,375.000,-1,400.000,-1,325.000,325.000,325.000,300.000,-1,500.000,475.000,-1,675.000,800.000,-1,-1,2,0,2,0,2,0,0,0,0,2,0,0,2,0,0,2,2
68,-2600.362,-6887.586,-259.735,-98.513,-0.154883,0.983775,-0.090540,-0.985390,-0.147263,0.085556,0.070835,0.102468,0.992211,0,-0.07958,0.35491,-4.775,0.710,-1,375.000,-1,400.000,-1,325.000,325.000,325.000,300.000,-1,500.000,475.000,-1,675.000,800.000,-1,-1,2,0,2,0,2,0,0,0,0,2,0,0,2,0,0,2,2
69,-2599.711,-6882.830,-260.064,-97.804,-0.142710,0.985616,-0.090521,-0.987147,-0.135089,0.085398,0.071941,0.101544,0.992226,0,-0.07999,0.35457,-4.799,0.709,-1,375.000,-1,400.000,-1,325.000,325.000,325.000,300.000,-1,500.000,475.000,-1,675.000,800.000,-1,-1,2,0,2,0,2,0,0,0,0,2,0,0,2,0,0,2,2
70,-2599.116,-6878.042,-260.404,-97.096,-0.130524,0.987307,-0.090490,-0.988752,-0.122903,0.085236,0.073032,0.100598,0.992243,0,-0.08041,0.35424,-4.825,0.708,-1,375.000,-1,400.000,-1,325.000,325.000,325.000,300.000,-1,475.000,475.000,-1,675.000,800.000,-1,-1,2,0,2,0,2,0,0,0,0,2,0,0,2,0,0,2,2
71,-2599.114,-6878.016,-260.402,-96.627,-0.122464,0.988337,-0.090510,-0.989724,-0.114833,0.085199,0.073812,0.100014,0.992244,0,-0.00041,0.23424,-0.025,0.468,-1,375.000,-1,400.000,-1,325.000,325.000,325.000,300.000,-1,475.000,475.000,-1,675.000,775.000,-1,-1,2,0,2,0,2,0,0,0,0,2,0,0,2,0,0,2,2
72,-2599.646,-6882.762,-260.052,-96.399,-0.118544,0.988808,-0.090588,-0.990166,-0.110893,0.085288,0.074288,0.099807,0.992230,0,0.07959,0.11424,4.775,0.228,-1,375.000,-1,400.000,-1,325.000,325.000,325.000,300.000,-1,500.000,475.000,-1,675.000,775.000,-1,-1,2,0,2,0,2,0,0,0,0,2,0,0,2,0,0,2,2
73,-2600.715,-6892.277,-259.352,-96.410,-0.118773,0.988767,-0.090734,-0.990126,-0.111090,0.085498,0.074458,0.099993,0.992198,0,0.15959,-0.00576,9.575,-0.012,-1,375.000,-1,400.000,-1,325.000,325.000,325.000,300.000,-1,500.000,500.000,-1,675.000,800.000,-1,-1,2,0,2,0,2,0,0,0,0,2,0,0,2,0,0,2,2
74,-2602.366,-6906.557,-258.310,-96.599,-0.122063,0.988347,-0.090940,-0.989728,-0.114337,0.085825,0.074427,0.100481,0.992151,0,0.23959,-0.09425,14.375,-0.189,-1,375.000,-1,400.000,-1,325.000,325.000,325.000,300.000,-1,500.000,500.000,-1,675.000,800.000,-1,-1,2,0,2,0,2,0,0,0,0,2,0,0,2,0,0,2,2
75,-2604.631,-6925.599,-256.927,-96.786,-0.125334,0.987912,-0.091216,-0.989315,-0.117549,0.086246,0.074481,0.101051,0.992089,0,0.31959,-0.09332,19.175,-0.187,-1,375.000,-1,400.000,-1,325.000,325.000,325.000,300.000,-1,525.000,500.000,-1,675.000,800.000,-1,-1,2,0,2,0,2,0,0,0,0,2,0,0,2,0,0,2,2
76,-2607.539,-6949.397,-255.209,-96.970,-0.128574,0.987464,-0.091565,-0.988889,-0.120715,0.086754,0.074613,0.101702,0.992013,0,0.39959,-0.09206,23.975,-0.184,-1,375.000,-1,400.000,-1,325.000,325.000,325.000,300.000,-1,525.000,525.000,-1,675.000,800.000,-1,-1,2,0,2,0,2,0,0,0,0,2,0,0,2,0,0,2,2
77,-2611.120,-6977.949,-253.161,-97.151,-0.131768,0.987003,-0.091985,-0.988453,-0.123822,0.087338,0.074814,0.102431,0.991923,0,0.47959,-0.09044,28.775,-0.181,-1,375.000,-1,400.000,-1,325.000,325.000,325.000,300.000,-1,550.000,550.000,-1,675.000,800.000,-1,-1,2,0,2,0,2,0,0,0,0,2,0,0,2,0,0,2,2
78,-2615.401,-7011.251,-250.787,-97.327,-0.134905,0.986534,-0.092478,-0.988011,-0.126859,0.087989,0.075072,0.103239,0.991819,0,0.55959,-0.08846,33.575,-0.177,-1,375.000,-1,400.000,-1,325.000,325.000,300.000,300.000,-1,575.000,575.000,-1,675.000,800.000,-1,-1,2,0,2,0,2,0,0,0,0,2,0,0,2,0,0,2,2
79,-2620.409,-7049.298,-248.093,-97.500,-0.137969,0.986056,-0.093045,-0.987564,-0.129811,0.088692,0.075377,0.104124,0.991704,0,0.63959,-0.08608,38.375,-0.172,-1,375.000,-1,400.000,-1,325.000,325.000,300.000,300.000,-1,600.000,575.000,-1,675.000,800.000,-1,-1,2,0,2,0,2,0,0,0,0,2,0,0,2,0,0,2,2
80,-2626.167,-7092.088,-245.085,-97.666,-0.140944,0.985575,-0.093687,-0.987118,-0.132663,0.089432,0.075713,0.105085,0.991577,0,0.71959,-0.08328,43.175,-0.167,975.000,375.000,-1,400.000,-1,325.000,325.000,300.000,300.000,-1,625.000,600.000,-1,675.000,800.000,-1,-1,1,0,2,0,2,0,0,0,0,2,0,0,2,0,0,2,2
81,-2632.698,-7139.617,-241.769,-97.826,-0.143813,0.985091,-0.094408,-0.986677,-0.135401,0.090191,0.076063,0.106121,0.991440,0,0.79959,-0.08003,47.975,-0.160,925.000,375.000,-1,400.000,-1,325.000,325.000,300.000,300.000,-1,675.000,650.000,-1,675.000,800.000,-1,-1,1,0,2,0,2,0,0,0,0,2,0,0,2,0,0,2,2
82,-2640.021,-7191.882,-237.927,-97.979,-0.146576,0.984514,-0.096166,-0.986285,-0.137994,0.090557,0.075884,0.108121,0.991237,0,0.87959,-0.07629,52.775,-0.153,900.000,375.000,-1,400.000,-1,300.000,325.000,300.000,300.000,-1,725.000,675.000,-1,675.000,800.000,-1,-1,1,0,2,0,2,0,0,0,0,2,0,0,2,0,0,2,2
83,-2648.150,-7248.880,-233.353,-98.123,-0.149308,0.983746,-0.099753,-0.985903,-0.140408,0.091000,0.075515,0.111934,0.990842,0,0.95959,-0.07201,57.575,-0.144,850.000,375.000,-1,400.000,-1,300.000,325.000,300.000,300.000,-1,775.000,750.000,-1,675.000,800.000,-1,-1,1,0,2,0,2,0,0,0,0,2,0,0,2,0,0,2,2
84,-2656.762,-7308.259,-228.408,-98.257,-0.151883,0.983069,-0.102498,-0.985485,-0.142664,0.092008,0.075828,0.114985,0.990469,0,1.00000,-0.06715,60.000,-0.134,825.000,375.000,-1,400.000,-1,300.000,325.000,300.000,300.000,-1,850.000,800.000,-1,675.000,775.000,-1,-1,1,0,2,0,2,0,0,0,0,2,0,0,2,0,0,2,2
85,-2665.502,-7367.620,-223.470,-98.381,-0.154278,0.982433,-0.104995,-0.985076,-0.144738,0.093150,0.076316,0.117799,0.990101,0,1.00000,-0.06186,60.000,-0.124,800.000,375.000,-1,400.000,-1,325.000,325.000,300.000,300.000,-1,900.000,850.000,-1,700.000,775.000,-1,-1,1,0,2,0,2,0,0,0,0,2,0,0,2,0,0,2,2
86,-2674.360,-7426.963,-218.553,-98.494,-0.156486,0.981834,-0.107308,-0.984679,-0.146623,0.094387,0.076938,0.120434,0.989735,0,1.00000,-0.05634,60.000,-0.113,775.000,375.000,-1,400.000,-1,325.000,325.000,300.000,300.000,-1,950.000,875.000,-1,700.000,775.000,-1,-1,1,0,2,0,2,0,0,0,0,2,0,0,2,0,0,2,2
87,-2683.322,-7486.290,-213.694,-98.595,-0.158497,0.981259,-0.109586,-0.984306,-0.148309,0.095632,0.077587,0.123023,0.989366,0,1.00000,-0.05059,60.000,-0.101,775.000,375.000,-1,400.000,-1,325.000,325.000,300.000,300.000,-1,1000.000,875.000,-1,725.000,775.000,-1,-1,1,0,2,0,2,0,0,0,0,2,0,0,2,0,0,2,2
88,-2692.376,-7545.603,-208.891,-98.684,-0.160306,0.980712,-0.111830,-0.983960,-0.149788,0.096887,0.078267,0.125568,0.988993,0,1.00000,-0.04459,60.000,-0.089,775.000,375.000,-1,400.000,-1,325.000,325.000,300.000,300.000,-1,-1,875.000,-1,725.000,775.000,-1,-1,1,0,2,0,2,0,0,0,0,2,2,0,2,0,0,2,2
89,-2701.510,-7604.904,-204.146,-98.761,-0.161903,0.980195,-0.114043,-0.983641,-0.151053,0.098152,0.078981,0.128068,0.988615,0,1.00000,-0.03836,60.000,-0.077,775.000,375.000,-1,400.000,-1,325.000,325.000,300.000,300.000,-1,-1,850.000,-1,750.000,775.000,-1,-1,1,0,2,0,2,0,0,0,0,2,2,0,2,0,0,2,2
90,-2710.971,-7664.154,-199.488,-99.077,-0.167580,0.978991,-0.116160,-0.982674,-0.156412,0.099432,0.079174,0.130810,0.988241,0,1.00000,-0.15836,60.000,-0.317,800.000,375.000,-1,400.000,-1,325.000,325.000,300.000,300.000,-1,-1,850.000,-1,750.000,775.000,975.000,-1,1,0,2,0,2,0,0,0,0,2,2,0,2,0,0,1,2
91,-2721.008,-7723.310,-194.951,-99.634,-0.177312,0.977038,-0.118144,-0.980994,-0.165851,0.100713,0.078806,0.133756,0.987876,0,1.00000,-0.27836,60.000,-0.557,850.000,400.000,-1,400.000,-1,325.000,325.000,300.000,300.000,-1,-1,850.000,-1,775.000,775.000,925.000,-1,1,0,2,0,2,0,0,0,0,2,2,0,2,0,0,1,2
92,-2731.865,-7782.321,-190.574,-100.431,-0.191064,0.974220,-0.119958,-0.978487,-0.179344,0.101976,0.077834,0.136862,0.987528,0,1.00000,-0.39836,60.000,-0.797,875.000,400.000,-1,400.000,-1,325.000,325.000,300.000,300.000,-1,-1,875.000,-1,775.000,775.000,875.000,-1,1,0,2,0,2,0,0,0,0,2,2,0,2,1,0,1,2
93,-2743.789,-7841.127,-186.314,-101.468,-0.208727,0.970332,-0.122024,-0.975054,-0.196843,0.102576,0.075513,0.140390,0.987212,0,1.00000,-0.51836,60.000,-1.037,825.000,400.000,-1,400.000,-1,325.000,325.000,300.000,275.000,-1,-1,925.000,-1,750.000,775.000,825.000,-1,1,0,2,0,2,0,0,0,0,2,2,0,2,1,0,1,2
94,-2757.021,-7899.652,-182.380,-102.744,-0.230148,0.965253,-0.123770,-0.970523,-0.218312,0.102106,0.071537,0.143621,0.987044,0,1.00000,-0.63836,60.000,-1.277,750.000,400.000,-1,400.000,-1,325.000,325.000,300.000,275.000,-1,-1,-1,-1,750.000,775.000,775.000,-1,1,0,2,0,2,0,0,0,0,2,2,2,2,1,0,1,2
95,-2771.799,-7957.807,-178.382,-104.261,-0.255326,0.958776,-0.124730,-0.964553,-0.243693,0.101248,0.066679,0.146160,0.987011,0,1.00000,-0.75836,60.000,-1.517,700.000,400.000,-1,400.000,-1,325.000,325.000,275.000,275.000,-1,-1,-1,-1,825.000,-1,750.000,-1,1,0,2,0,2,0,0,0,0,2,2,2,2,1,2,1,2
96,-2787.870,-8015.618,-174.344,-105.538,-0.276387,0.952890,-0.124940,-0.958981,-0.264935,0.100819,0.062969,0.147680,0.987029,0,1.00000,-0.63836,60.000,-1.277,625.000,400.000,-1,400.000,-1,325.000,325.000,275.000,275.000,-1,-1,-1,-1,-1,-1,750.000,-1,1,0,2,0,2,0,0,0,0,2,2,2,2,2,2,1,2
97,-2805.026,-8073.116,-170.487,-106.615,-0.294070,0.947533,-0.125317,-0.953905,-0.282742,0.100606,0.059895,0.149126,0.987003,0,1.00000,-0.53867,60.000,-1.077,575.000,400.000,-1,400.000,-1,325.000,325.000,300.000,275.000,-1,-1,-1,-1,-1,-1,900.000,-1,1,0,2,0,2,0,0,1,0,2,2,2,2,2,2,1,2
98,-2823.237,-8130.288,-166.756,-107.670,-0.311284,0.941966,-0.125707,-0.948615,-0.300082,0.100403,0.056854,0.150501,0.986974,0,1.00000,-0.52764,60.000,-1.055,550.000,375.000,-1,400.000,-1,325.000,325.000,300.000,300.000,-1,-1,-1,-1,-1,-1,-1,-1,1,0,2,0,2,0,0,0,0,2,2,2,2,2,2,2,2
99,-2842.700,-8187.047,-163.211,-108.928,-0.331684,0.934910,-0.126207,-0.941881,-0.320611,0.100343,0.053348,0.152155,0.986916,0,1.00000,-0.62909,60.000,-1.258,525.000,-1,-1,400.000,-1,325.000,325.000,300.000,300.000,-1,-1,-1,-1,-1,-1,-1,-1,1,2,2,0,2,0,0,0,0,2,2,2,2,2,2,2,2
100,-2863.387,-8243.371,-159.872,-110.170,-0.351671,0.927493,-0.126825,-0.934787,-0.340693,0.100511,0.050015,0.153901,0.986820,0,1.00000,-0.62057,60.000,-1.241,525.000,-1,-1,400.000,-1,325.000,325.000,300.000,300.000,-1,-1,-1,-1,-1,-1,-1,-1,1,2,2,0,2,0,0,0,0,2,2,2,2,2,2,2,2
101,-2885.272,-8299.241,-156.740,-111.394,-0.371256,0.919729,-0.127546,-0.927347,-0.360334,0.100931,0.046870,0.155751,0.986684,0,1.00000,-0.61237,60.000,-1.225,600.000,-1,-1,400.000,-1,-1,325.000,300.000,300.000,-1,-1,-1,-1,-1,-1,-1,-1,1,2,2,1,2,2,0,0,0,2,2,2,2,2,2,2,2
102,-2908.332,-8354.636,-153.818,-112.603,-0.390445,0.911635,-0.128354,-0.919578,-0.379538,0.101625,0.043930,0.157710,0.986508,0,1.00000,-0.60444,60.000,-1.209,800.000,-1,-1,-1,-1,-1,-1,325.000,300.000,-1,-1,-1,-1,-1,-1,-1,-1,1,2,2,2,2,2,2,0,0,2,2,2,2,2,2,2,2
103,-2932.325,-8409.633,-151.192,-113.572,-0.405765,0.904881,-0.128628,-0.913005,-0.394809,0.102701,0.042149,0.159110,0.986361,0,1.00000,-0.48444,60.000,-0.969,-1,-1,-1,-1,-1,-1,-1,325.000,300.000,-1,-1,-1,-1,-1,-1,-1,-1,2,2,2,2,2,2,2,0,0,2,2,2,2,2,2,2,2
104,-2957.033,-8464.311,-150.807,-114.301,-0.416223,0.900779,-0.123919,-0.908577,-0.406737,0.095151,0.035308,0.152194,0.987720,0,1.00000,-0.36444,60.000,-0.729,-1,-1,-1,-1,-1,-1,-1,300.000,300.000,-1,-1,-1,-1,-1,-1,-1,-1,2,2,2,2,2,2,2,0,0,2,2,2,2,2,2,2,2
105,-2982.251,-8518.754,-156.846,-114.790,-0.420220,0.901273,-0.105465,-0.907382,-0.416254,0.058236,0.008587,0.120169,0.992716,0,1.00000,-0.24444,60.000,-0.489,-1,-1,-1,-1,-1,-1,-1,225.000,325.000,-1,-1,-1,-1,-1,-1,-1,-1,2,2,2,2,2,2,2,0,0,2,2,2,2,2,2,2,2
106,-3007.699,-8573.091,-165.275,-115.039,-0.421237,0.903226,-0.082110,-0.906579,-0.421926,0.009623,-0.025952,0.078493,0.996577,0,1.00000,-0.12444,60.000,-0.249,-1,-1,-1,-1,-1,-1,-1,150.000,350.000,-1,-1,-1,-1,-1,-1,-1,-1,2,2,2,2,2,2,2,0,0,2,2,2,2,2,2,2,2
107,-3033.134,-8627.439,-175.624,-115.048,-0.420723,0.905629,-0.053185,-0.904619,-0.423219,-0.050494,-0.068237,0.026868,0.997307,0,1.00000,-0.00444,60.000,-0.009,-1,-1,-1,-1,-1,-1,-1,75.000,425.000,-1,-1,-1,-1,-1,-1,-1,-1,2,2,2,2,2,2,2,0,0,2,2,2,2,2,2,2,2
108,-327.966,327.960,-323.149,-165.955,-0.969777,0.242613,-0.025926,-0.241796,-0.969830,-0.031062,-0.032680,-0.023854,0.999181,1,0.00000,0.00000,60.000,0.231,650.000,350.000,-1,375.000,725.000,300.000,325.000,275.000,275.000,950.000,400.000,350.000,950.000,600.000,625.000,825.000,925.000,0,0,2,0,0,0,0,0,0,0,0,0,0,0,0,0,0
109,-332.627,326.815,-323.283,-166.195,-0.970799,0.238549,-0.025377,-0.237756,-0.970839,-0.030720,-0.031965,-0.023790,0.999206,0,0.08000,-0.12000,4.800,-0.240,650.000,350.000,-1,375.000,725.000,300.000,325.000,275.000,275.000,950.000,400.000,350.000,950.000,600.000,625.000,850.000,925.000,0,0,2,0,0,0,0,0,0,0,0,0,0,0,0,0,0
110,-341.969,324.603,-323.552,-166.675,-0.972792,0.230408,-0.024262,-0.229662,-0.972806,-0.030067,-0.030529,-0.023677,0.999253,0,0.16000,-0.24000,9.600,-0.480,675.000,350.000,-1,375.000,725.000,300.000,325.000,275.000,275.000,950.000,400.000,350.000,925.000,600.000,625.000,875.000,925.000,0,0,2,0,0,0,0,0,0,0,0,0,0,0,0,0,0
111,-356.012,321.417,-323.974,-167.219,-0.974974,0.221170,-0.022577,-0.220490,-0.974954,-0.029134,-0.028456,-0.023427,0.999320,0,0.24000,-0.27180,14.400,-0.544,675.000,350.000,-1,375.000,725.000,300.000,325.000,275.000,275.000,950.000,425.000,350.000,925.000,600.000,625.000,900.000,925.000,0,0,2,0,0,0,0,0,0,0,0,0,0,0,0,0,0
112,-374.776,317.348,-324.557,-167.762,-0.977078,0.211912,-0.020314,-0.211318,-0.977018,-0.027955,-0.025771,-0.023021,0.999403,0,0.32000,-0.27180,19.200,-0.544,700.000,375.000,-1,375.000,750.000,300.000,325.000,300.000,275.000,925.000,425.000,350.000,900.000,625.000,625.000,925.000,950.000,0,0,2,0,0,0,0,0,0,0,0,0,0,0,0,0,0
113,-398.277,312.484,-325.299,-168.306,-0.979099,0.202635,-0.017459,-0.202141,-0.978996,-0.026564,-0.022475,-0.022479,0.999495,0,0.40000,-0.27180,24.000,-0.544,725.000,375.000,-1,375.000,750.000,300.000,325.000,300.000,275.000,925.000,425.000,325.000,900.000,625.000,625.000,975.000,975.000,0,0,2,0,0,0,0,0,0,0,0,0,0,0,0,0,0
114,-426.534,306.915,-326.196,-168.849,-0.981032,0.193341,-0.013999,-0.192956,-0.980889,-0.024997,-0.018564,-0.021821,0.999590,0,0.48000,-0.27180,28.800,-0.544,750.000,375.000,-1,375.000,750.000,325.000,325.000,300.000,275.000,900.000,425.000,325.000,875.000,650.000,650.000,-1,-1,0,0,2,0,0,0,0,0,0,0,0,0,0,0,0,2,2
115,-459.560,300.730,-327.249,-169.393,-0.982871,0.184029,-0.009924,-0.183761,-0.982695,-0.023289,-0.014038,-0.021067,0.999680,0,0.56000,-0.27180,33.600,-0.544,775.000,375.000,-1,375.000,775.000,325.000,325.000,275.000,250.000,875.000,400.000,325.000,825.000,650.000,650.000,-1,-1,0,0,2,0,0,0,0,0,0,0,0,0,0,0,0,2,2
116,-497.369,294.021,-328.455,-169.937,-0.984608,0.174700,-0.005224,-0.174552,-0.984414,-0.021478,-0.008895,-0.020235,0.999756,0,0.64000,-0.27180,38.400,-0.544,825.000,375.000,-1,375.000,800.000,325.000,325.000,275.000,250.000,875.000,400.000,300.000,800.000,675.000,650.000,-1,-1,0,0,2,0,0,0,0,0,0,0,0,0,0,0,0,2,2
117,-539.974,286.877,-329.812,-170.480,-0.986234,0.165356,0.000108,-0.165326,-0.986044,-0.019598,-0.003135,-0.019346,0.999808,0,0.72000,-0.27180,43.200,-0.544,875.000,375.000,-1,375.000,825.000,325.000,325.000,275.000,250.000,850.000,375.000,300.000,775.000,675.000,650.000,-1,-1,0,0,2,0,0,0,0,0,0,0,0,0,0,0,0,2,2
118,-587.386,279.388,-331.319,-171.024,-0.987739,0.155996,0.006079,-0.156081,-0.987586,-0.017687,0.003244,-0.018419,0.999825,0,0.80000,-0.27180,48.000,-0.544,950.000,375.000,-1,400.000,900.000,325.000,325.000,275.000,250.000,825.000,325.000,275.000,750.000,700.000,675.000,-1,-1,0,0,2,0,0,0,0,0,0,0,0,0,0,0,0,2,2
119,-639.615,271.645,-332.177,-171.567,-0.989131,0.146614,0.011131,-0.146805,-0.988983,-0.018978,0.008226,-0.020406,0.999758,0,0.88000,-0.27180,52.800,-0.544,-1,375.000,-1,400.000,-1,325.000,325.000,275.000,250.000,800.000,325.000,300.000,750.000,725.000,675.000,-1,-1,2,0,2,0,2,0,0,0,0,0,0,0,0,0,0,2,2
120,-692.329,264.340,-332.222,-172.111,-0.990429,0.137213,0.014933,-0.137522,-0.990252,-0.022103,0.011755,-0.023945,0.999644,0,0.88696,-0.27180,53.218,-0.544,-1,375.000,-1,400.000,-1,325.000,325.000,275.000,250.000,775.000,325.000,325.000,775.000,725.000,700.000,-1,-1,2,0,2,0,2,0,0,0,0,0,0,0,0,0,0,2,2
121,-745.110,257.537,-331.241,-172.655,-0.991671,0.127813,0.015899,-0.128141,-0.991519,-0.021668,0.012994,-0.023525,0.999639,0,0.88696,-0.27180,53.218,-0.544,-1,400.000,-1,400.000,-1,325.000,325.000,275.000,250.000,775.000,375.000,375.000,825.000,750.000,725.000,-1,-1,2,0,2,0,2,0,0,0,0,0,0,0,0,0,0,2,2
122,-797.953,251.234,-330.233,-173.198,-0.992821,0.118402,0.016980,-0.118751,-0.992695,-0.021332,0.014330,-0.023195,0.999628,0,0.88696,-0.27180,53.218,-0.544,-1,400.000,-1,400.000,-1,325.000,325.000,275.000,250.000,800.000,425.000,425.000,850.000,775.000,725.000,-1,-1,2,0,2,0,2,0,0,0,0,0,0,0,0,0,0,2,2
123,-850.854,245.433,-329.217,-173.742,-0.993879,0.108979,0.018115,-0.109353,-0.993777,-0.021182,0.015694,-0.023034,0.999612,0,0.88696,-0.27180,53.218,-0.544,-1,400.000,-1,400.000,-1,325.000,325.000,275.000,250.000,800.000,450.000,475.000,875.000,800.000,725.000,-1,-1,2,0,2,0,2,0,0,0,0,0,0,0,0,0,0,2,2
124,-903.807,240.134,-328.191,-174.285,-0.994846,0.099545,0.019300,-0.099949,-0.994766,-0.021214,0.017087,-0.023033,0.999589,0,0.88696,-0.27180,53.218,-0.544,-1,400.000,-1,400.000,-1,325.000,325.000,275.000,250.000,800.000,500.000,525.000,900.000,825.000,750.000,-1,-1,2,0,2,0,2,0,0,0,0,0,0,0,0,0,0,2,2
125,-956.808,235.338,-327.153,-174.829,-0.995721,0.090103,0.020529,-0.090539,-0.995663,-0.021421,0.018509,-0.023188,0.999560,0,0.88696,-0.27180,53.218,-0.544,-1,400.000,-1,400.000,-1,325.000,325.000,275.000,250.000,825.000,550.000,575.000,950.000,850.000,750.000,-1,-1,2,0,2,0,2,0,0,0,0,0,0,0,0,0,0,2,2
126,-1009.852,231.045,-326.102,-175.373,-0.996504,0.080652,0.021796,-0.081125,-0.996466,-0.021799,0.019961,-0.023491,0.999525,0,0.88696,-0.27180,53.218,-0.544,-1,400.000,-1,400.000,-1,325.000,325.000,275.000,250.000,825.000,575.000,625.000,975.000,875.000,775.000,-1,-1,2,0,2,0,2,0,0,0,0,0,0,0,0,0,0,2,2
127,-1062.935,227.255,-325.036,-175.916,-0.997195,0.071193,0.023098,-0.071709,-0.997175,-0.022342,0.021443,-0.023935,0.999484,0,0.88696,-0.27180,53.218,-0.544,-1,400.000,-1,400.000,-1,325.000,325.000,275.000,250.000,825.000,600.000,675.000,1000.000,900.000,775.000,-1,-1,2,0,2,0,2,0,0,0,0,0,0,0,0,0,0,2,2
128,-1116.051,223.969,-323.954,-176.460,-0.997794,0.061729,0.024430,-0.062293,-0.997792,-0.023044,0.022954,-0.024515,0.999436,0,0.88696,-0.27180,53.218,-0.544,-1,425.000,-1,400.000,-1,325.000,350.000,275.000,250.000,825.000,650.000,725.000,-1,950.000,800.000,-1,-1,2,0,2,0,2,0,0,0,0,0,0,0,2,0,0,2,2
129,-1169.196,221.187,-322.853,-177.003,-0.998301,0.052258,0.025787,-0.052876,-0.998315,-0.023900,0.024495,-0.025223,0.999382,0,0.88696,-0.27180,53.218,-0.544,-1,425.000,-1,425.000,-1,350.000,350.000,275.000,250.000,825.000,675.000,750.000,-1,950.000,800.000,-1,-1,2,0,2,0,2,0,0,0,0,0,0,0,2,0,0,2,2
130,-1222.364,218.909,-321.733,-177.547,-0.998715,0.042784,0.027166,-0.043462,-0.998745,-0.024903,0.026066,-0.026052,0.999321,0,0.88696,-0.27180,53.218,-0.544,-1,425.000,-1,425.000,-1,350.000,350.000,275.000,250.000,825.000,700.000,800.000,-1,975.000,825.000,-1,-1,2,0,2,0,2,0,0,0,0,0,0,0,2,0,0,2,2
131,-1275.553,217.136,-320.592,-178.091,-0.999037,0.033305,0.028561,-0.034051,-0.999081,-0.026049,0.027667,-0.026996,0.999253,0,0.88696,-0.27180,53.218,-0.544,-1,450.000,-1,425.000,-1,350.000,350.000,275.000,250.000,825.000,725.000,825.000,-1,1000.000,850.000,-1,-1,2,0,2,0,2,0,0,0,0,0,0,0,2,0,0,2,2
