timestep,x_cm,y_cm,z_cm,yaw_deg,basis_xx,basis_xy,basis_xz,basis_yx,basis_yy,basis_yz,basis_zx,basis_zy,basis_zz,teleport_flag,throttle_cmd,steering_cmd,cmd_move_cm,cmd_turn_deg,lidar_cm_0,lidar_cm_1,lidar_cm_2,lidar_cm_3,lidar_cm_4,lidar_cm_5,lidar_cm_6,lidar_cm_7,lidar_cm_8,lidar_cm_9,lidar_cm_10,lidar_cm_11,lidar_cm_12,lidar_cm_13,lidar_cm_14,lidar_cm_15,lidar_cm_16,lidar_class_0,lidar_class_1,lidar_class_2,lidar_class_3,lidar_class_4,lidar_class_5,lidar_class_6,lidar_class_7,lidar_class_8,lidar_class_9,lidar_class_10,lidar_class_11,lidar_class_12,lidar_class_13,lidar_class_14,lidar_class_15,lidar_class_16
0,4262.786,332.705,57.336,99.268,-0.161297,-0.986900,0.003476,0.986205,-0.161049,0.038254,-0.037193,0.009598,0.999262,1,0.08000,-0.12000,4.800,-0.240,950.000,400.000,-1,375.000,-1,325.000,325.000,300.000,300.000,-1,1000.000,-1,-1,800.000,725.000,-1,-1,1,0,2,0,2,0,0,0,0,2,0,2,2,0,0,2,2
1,4261.266,342.184,56.972,99.111,-0.158582,-0.987340,0.003389,0.986647,-0.158340,0.038158,-0.037139,0.009395,0.999266,0,0.16000,-0.07863,9.600,-0.157,925.000,400.000,-1,375.000,-1,325.000,325.000,300.000,300.000,-1,1000.000,-1,-1,800.000,725.000,-1,-1,1,0,2,0,2,0,0,0,0,2,0,2,2,0,0,2,2
2,4259.025,356.409,56.426,98.955,-0.155881,-0.987770,0.003264,0.987081,-0.155647,0.038016,-0.037043,0.009147,0.999272,0,0.24000,-0.07812,14.400,-0.156,925.000,400.000,-1,375.000,-1,325.000,325.000,300.000,300.000,-1,1000.000,-1,-1,800.000,725.000,-1,-1,1,0,2,0,2,0,0,0,0,2,0,2,2,0,0,2,2
3,4256.087,375.383,55.696,98.800,-0.153203,-0.988190,0.003099,0.987505,-0.152978,0.037827,-0.036906,0.008856,0.999279,0,0.32000,-0.07740,19.200,-0.155,900.000,400.000,-1,375.000,-1,325.000,325.000,300.000,300.000,-1,1000.000,-1,-1,800.000,725.000,-1,-1,1,0,2,0,2,0,0,0,0,2,0,2,2,0,0,2,2
4,4252.479,399.110,54.782,98.647,-0.150555,-0.988597,0.002897,0.987919,-0.150342,0.037595,-0.036731,0.008522,0.999289,0,0.40000,-0.07643,24.000,-0.153,875.000,400.000,-1,375.000,-1,325.000,325.000,300.000,300.000,-1,1000.000,-1,-1,800.000,725.000,-1,-1,1,0,2,0,2,0,0,0,0,2,0,2,2,0,0,2,2
5,4248.224,427.594,53.684,98.497,-0.147946,-0.988992,0.002658,0.988321,-0.147746,0.037322,-0.036519,0.008148,0.999300,0,0.48000,-0.07522,28.800,-0.150,875.000,400.000,-1,375.000,-1,325.000,325.000,300.000,300.000,-1,1000.000,-1,-1,800.000,725.000,-1,-1,1,0,2,0,2,0,0,0,0,2,0,2,2,0,0,2,2
6,4243.345,460.837,52.399,98.349,-0.145386,-0.989372,0.002381,0.988710,-0.145200,0.037011,-0.036272,0.007735,0.999312,0,0.56000,-0.07375,33.600,-0.147,850.000,400.000,-1,375.000,-1,325.000,325.000,300.000,300.000,-1,1000.000,-1,-1,800.000,725.000,-1,-1,1,0,2,0,2,0,0,0,0,2,0,2,2,0,0,2,2
7,4237.865,498.844,50.928,98.205,-0.142885,-0.989737,0.002069,0.989085,-0.142714,0.036666,-0.035994,0.007286,0.999325,0,0.64000,-0.07199,38.400,-0.144,825.000,400.000,-1,375.000,-1,325.000,325.000,300.000,300.000,-1,975.000,-1,-1,825.000,725.000,-1,-1,1,0,2,0,2,0,0,0,0,2,0,2,2,0,0,2,2
8,4231.804,541.617,49.269,98.065,-0.140452,-0.990086,0.001723,0.989444,-0.140298,0.036290,-0.035689,0.006801,0.999340,0,0.72000,-0.06994,43.200,-0.140,800.000,400.000,-1,375.000,-1,325.000,325.000,300.000,300.000,-1,975.000,-1,-1,825.000,725.000,-1,-1,1,0,2,0,2,0,0,0,0,2,0,2,2,0,0,2,2
9,4225.181,589.158,47.421,97.930,-0.138099,-0.990417,0.001342,0.989787,-0.137963,0.035888,-0.035359,0.006285,0.999355,0,0.80000,-0.06756,48.000,-0.135,775.000,400.000,-1,375.000,-1,325.000,325.000,300.000,300.000,-1,975.000,-1,-1,825.000,725.000,-1,1000.000,1,0,2,0,2,0,0,0,0,2,0,2,2,0,0,2,1
10,4218.015,641.469,45.488,97.800,-0.135827,-0.990733,0.000514,0.990106,-0.135722,0.035641,-0.035241,0.005350,0.999365,0,0.88000,-0.06482,52.800,-0.130,750.000,400.000,-1,375.000,-1,325.000,325.000,300.000,300.000,-1,1000.000,-1,-1,825.000,725.000,975.000,950.000,1,0,2,0,2,0,0,0,0,2,0,2,2,1,1,1,1
11,4210.437,697.687,43.528,97.677,-0.133646,-0.991029,-0.000760,0.990402,-0.133589,0.035459,-0.035242,0.003986,0.999371,0,0.94544,-0.06170,56.727,-0.123,725.000,400.000,-1,375.000,-1,325.000,325.000,300.000,300.000,-1,-1,-1,-1,775.000,675.000,950.000,900.000,1,0,2,0,2,0,0,0,0,2,2,2,2,1,1,1,1
12,4202.963,753.994,41.535,97.561,-0.131584,-0.991303,-0.002112,0.990671,-0.131575,0.035484,-0.035453,0.002577,0.999368,0,0.94667,-0.05821,56.800,-0.116,675.000,400.000,-1,375.000,-1,325.000,325.000,300.000,300.000,-1,-1,-1,-1,725.000,650.000,900.000,850.000,1,0,2,0,2,0,0,0,0,2,2,2,2,1,1,1,1
13,4195.589,810.373,39.522,97.452,-0.129646,-0.991554,-0.003468,0.990918,-0.129688,0.035523,-0.035672,0.001169,0.999363,0,0.94766,-0.05456,56.859,-0.109,675.000,400.000,1000.000,375.000,-1,325.000,325.000,300.000,300.000,-1,-1,-1,-1,700.000,625.000,875.000,775.000,1,0,1,0,2,0,0,0,0,2,2,2,2,1,1,1,1
14,4188.284,867.846,37.453,97.244,-0.126008,-0.992017,-0.004853,0.991379,-0.126101,0.035579,-0.035907,-0.000328,0.999355,0,0.96560,-0.10360,57.936,-0.207,650.000,400.000,925.000,375.000,-1,325.000,325.000,300.000,300.000,-1,-1,-1,-1,650.000,575.000,825.000,725.000,1,0,1,0,2,0,0,0,0,2,2,2,2,1,1,1,1
15,4181.158,925.586,35.357,97.035,-0.122335,-0.992469,-0.006244,0.991830,-0.122480,0.035649,-0.036145,-0.001832,0.999345,0,0.96962,-0.10452,58.177,-0.209,625.000,400.000,875.000,375.000,925.000,325.000,325.000,300.000,300.000,-1,-1,-1,-1,600.000,550.000,775.000,650.000,1,0,1,0,1,0,0,0,0,2,2,2,2,1,1,1,1
16,4174.216,983.591,33.236,96.824,-0.118626,-0.992910,-0.007642,0.992272,-0.118824,0.035731,-0.036386,-0.003344,0.999332,0,0.97365,-0.10549,58.419,-0.211,600.000,400.000,800.000,375.000,800.000,325.000,325.000,300.000,300.000,-1,-1,-1,-1,575.000,500.000,750.000,600.000,1,0,1,1,1,0,0,0,0,2,2,2,2,1,1,1,1
17,4167.449,1039.891,31.158,96.853,-0.119078,-0.992844,-0.008996,0.992209,-0.119327,0.035815,-0.036632,-0.004661,0.999318,0,0.94508,0.01451,56.705,0.029,575.000,375.000,750.000,350.000,700.000,325.000,325.000,300.000,300.000,-1,-1,-1,-1,525.000,475.000,675.000,550.000,1,1,1,1,1,1,1,0,0,2,2,2,2,1,1,1,1
18,4160.390,1096.387,29.049,97.122,-0.123690,-0.992267,-0.010357,0.991634,-0.123986,0.035905,-0.036912,-0.005829,0.999302,0,0.94892,0.13451,56.935,0.269,525.000,350.000,700.000,325.000,600.000,300.000,300.000,300.000,300.000,-1,-1,-1,-1,500.000,425.000,625.000,475.000,1,1,1,1,1,1,1,0,0,2,2,2,2,1,1,1,1
19,4152.799,1153.040,26.908,97.631,-0.132454,-0.991120,-0.011726,0.990489,-0.132796,0.036008,-0.037246,-0.006845,0.999283,0,0.95266,0.25451,57.160,0.509,500.000,325.000,650.000,300.000,500.000,275.000,275.000,300.000,300.000,-1,-1,-1,-1,450.000,375.000,550.000,400.000,1,1,1,1,1,1,1,1,0,2,2,2,2,1,1,1,1
20,4144.436,1209.804,24.728,98.380,-0.145353,-0.989293,-0.013109,0.988663,-0.145740,0.036128,-0.037652,-0.007709,0.999261,0,0.95627,0.37451,57.376,0.749,450.000,300.000,575.000,275.000,400.000,250.000,250.000,300.000,300.000,-1,-1,-1,-1,425.000,350.000,500.000,350.000,1,1,1,1,1,1,1,1,0,2,2,2,2,1,1,1,1
21,4135.257,1266.649,22.519,99.173,-0.158980,-0.987175,-0.014535,0.986545,-0.159412,0.036293,-0.038144,-0.008570,0.999235,0,0.95969,0.39639,57.581,0.793,425.000,275.000,525.000,250.000,325.000,225.000,225.000,300.000,300.000,-1,-1,-1,-1,375.000,300.000,450.000,275.000,1,1,1,1,1,1,1,1,0,2,2,2,2,1,1,1,1
22,4125.262,1323.552,23.731,99.959,-0.172239,-0.984686,-0.026978,0.984635,-0.172900,0.024464,-0.028754,-0.022350,0.999337,0,0.96292,0.39294,57.775,0.786,375.000,275.000,525.000,225.000,300.000,225.000,200.000,275.000,325.000,-1,925.000,-1,-1,375.000,300.000,400.000,250.000,1,1,1,1,1,1,1,1,0,2,0,2,2,1,1,1,1
23,4114.459,1380.492,26.675,100.737,-0.185769,-0.981783,-0.039910,0.982496,-0.186168,0.006507,-0.013818,-0.038003,0.999182,0,0.96593,0.38905,57.956,0.778,350.000,250.000,550.000,225.000,325.000,225.000,200.000,275.000,375.000,-1,325.000,600.000,-1,375.000,300.000,375.000,250.000,1,1,1,1,1,1,1,1,0,2,0,0,2,1,1,1,1
24,4102.865,1437.444,32.549,101.506,-0.199926,-0.978989,-0.040134,0.979751,-0.199292,-0.019262,0.010859,-0.043172,0.999009,0,0.96868,0.38467,58.121,0.769,350.000,275.000,-1,225.000,375.000,225.000,225.000,275.000,425.000,1000.000,150.000,275.000,-1,400.000,325.000,425.000,275.000,1,1,2,1,1,1,1,1,0,0,0,0,2,1,1,1,1
25,-2951.669,-8855.122,203.868,-71.014,0.316067,0.945404,0.079457,-0.930253,0.325272,-0.169788,-0.186363,-0.020251,0.982272,1,0.00000,0.00000,53.321,1.009,325.000,275.000,750.000,275.000,550.000,225.000,250.000,425.000,325.000,-1,25.000,50.000,-1,375.000,400.000,325.000,450.000,0,0,0,0,0,0,0,1,1,2,1,1,2,0,0,0,0
26,-1639.829,-983.889,-144.313,-7.826,0.990448,0.136080,0.022272,-0.136754,0.990080,0.032242,-0.017664,-0.034980,0.999232,1,0.00000,0.00000,4.800,-0.240,-1,400.000,-1,400.000,-1,325.000,325.000,300.000,300.000,-1,-1,-1,-1,725.000,725.000,-1,-1,2,0,2,0,2,0,0,0,0,2,2,2,2,0,0,2,2
27,-1635.074,-984.547,-144.399,-7.878,0.990324,0.136983,0.022250,-0.137657,0.989953,0.032296,-0.017603,-0.035047,0.999231,0,0.08000,-0.02614,4.800,-0.052,-1,400.000,-1,400.000,-1,325.000,325.000,300.000,300.000,-1,-1,-1,-1,725.000,725.000,-1,-1,2,0,2,0,2,0,0,0,0,2,2,2,2,0,0,2,2
28,-1625.566,-985.872,-144.572,-7.931,0.990199,0.137887,0.022208,-0.138562,0.989824,0.032404,-0.017514,-0.035164,0.999228,0,0.16000,-0.02620,9.600,-0.052,-1,400.000,-1,400.000,-1,325.000,325.000,300.000,300.000,-1,-1,-1,-1,725.000,725.000,-1,-1,2,0,2,0,2,0,0,0,0,2,2,2,2,0,0,2,2
29,-1611.306,-987.871,-144.831,-7.983,0.990073,0.138796,0.022147,-0.139470,0.989691,0.032565,-0.017399,-0.035330,0.999224,0,0.24000,-0.02631,14.400,-0.053,-1,400.000,-1,400.000,-1,325.000,325.000,300.000,300.000,-1,-1,-1,-1,725.000,725.000,-1,-1,2,0,2,0,2,0,0,0,0,2,2,2,2,0,0,2,2
30,-1592.294,-990.555,-145.174,-8.036,0.989947,0.139709,0.022068,-0.140384,0.989554,0.032779,-0.017258,-0.035547,0.999219,0,0.32000,-0.02647,19.200,-0.053,-1,400.000,-1,400.000,-1,325.000,325.000,300.000,300.000,-1,-1,-1,-1,725.000,725.000,-1,-1,2,0,2,0,2,0,0,0,0,2,2,2,2,0,0,2,2
31,-1568.533,-993.933,-145.601,-8.089,0.989819,0.140628,0.021972,-0.141304,0.989415,0.033045,-0.017093,-0.035814,0.999212,0,0.40000,-0.02666,24.000,-0.053,-1,400.000,-1,400.000,-1,325.000,325.000,300.000,300.000,-1,-1,-1,-1,725.000,725.000,-1,-1,2,0,2,0,2,0,0,0,0,2,2,2,2,0,0,2,2
32,-1540.023,-998.012,-146.111,-8.143,0.989689,0.141554,0.021863,-0.142231,0.989271,0.033365,-0.016905,-0.036130,0.999204,0,0.48000,-0.02686,28.800,-0.054,-1,400.000,-1,375.000,-1,325.000,325.000,300.000,300.000,-1,-1,-1,-1,725.000,725.000,-1,-1,2,0,2,0,2,0,0,0,0,2,2,2,2,0,0,2,2
33,-1506.766,-1002.802,-146.702,-8.197,0.989558,0.142486,0.021741,-0.143165,0.989124,0.033737,-0.016698,-0.036497,0.999194,0,0.56000,-0.02706,33.600,-0.054,-1,375.000,-1,375.000,-1,325.000,325.000,300.000,300.000,-1,-1,-1,-1,725.000,700.000,1000.000,-1,2,0,2,0,2,0,0,0,0,2,2,2,2,0,0,1,2
34,-1468.764,-1008.314,-147.372,-8.252,0.989425,0.143424,0.021611,-0.144104,0.988973,0.034161,-0.016474,-0.036914,0.999183,0,0.64000,-0.02722,38.400,-0.054,-1,375.000,-1,375.000,-1,325.000,325.000,300.000,300.000,-1,-1,-1,-1,725.000,700.000,975.000,-1,2,0,2,0,2,0,0,0,0,2,2,2,2,0,0,1,2
35,-1425.991,-1014.375,-148.126,-8.066,0.989888,0.140218,0.021480,-0.140903,0.989418,0.034623,-0.016398,-0.037300,0.999170,0,0.72000,0.09278,43.200,0.186,1000.000,375.000,-1,375.000,-1,325.000,325.000,300.000,300.000,-1,-1,-1,-1,700.000,700.000,925.000,-1,1,0,2,0,2,0,0,0,0,2,2,2,2,0,0,1,2
36,-1383.031,-1020.138,-148.887,-7.641,0.990904,0.132864,0.021362,-0.133555,0.990421,0.035070,-0.016497,-0.037604,0.999157,0,0.72243,0.21278,43.346,0.426,950.000,375.000,-1,375.000,-1,325.000,325.000,300.000,300.000,-1,-1,-1,-1,700.000,700.000,900.000,-1,1,0,2,0,2,0,0,0,0,2,2,2,2,0,0,1,2
37,-1340.163,-1025.382,-149.635,-6.975,0.992381,0.121349,0.021313,-0.122050,0.991892,0.035403,-0.016844,-0.037734,0.999146,0,0.71979,0.33278,43.187,0.666,925.000,375.000,-1,375.000,-1,300.000,300.000,300.000,300.000,-1,-1,-1,-1,700.000,700.000,850.000,-1,1,0,2,0,2,0,0,0,0,2,2,2,2,0,0,1,2
38,-1297.388,-1029.931,-150.212,-6.069,0.994185,0.105661,0.020786,-0.106342,0.993713,0.035001,-0.016958,-0.037008,0.999171,0,0.71694,0.45278,43.016,0.906,875.000,375.000,-1,375.000,-1,300.000,300.000,300.000,300.000,-1,-1,-1,-1,700.000,700.000,825.000,-1,1,0,2,0,2,0,0,0,0,2,2,2,2,1,0,1,2
39,-1254.712,-1033.608,-150.703,-4.924,0.996116,0.085774,0.019870,-0.086432,0.995641,0.035041,-0.016778,-0.036623,0.999188,0,0.71391,0.57278,42.834,1.146,850.000,375.000,975.000,375.000,-1,325.000,300.000,300.000,300.000,-1,-1,-1,975.000,650.000,700.000,775.000,-1,1,0,1,0,2,0,0,0,0,2,2,2,1,1,1,1,2
40,-1212.148,-1036.239,-151.161,-3.538,0.997920,0.061674,0.018777,-0.062309,0.997432,0.035320,-0.016550,-0.036417,0.999200,0,0.71076,0.69278,42.645,1.386,825.000,375.000,925.000,375.000,-1,325.000,300.000,300.000,300.000,-1,-1,-1,925.000,625.000,675.000,750.000,-1,1,0,1,0,2,0,0,0,0,2,2,2,1,1,1,1,2
41,-1169.720,-1037.657,-151.662,-1.913,0.999287,0.033355,0.017684,-0.033967,0.998790,0.035551,-0.016477,-0.036126,0.999211,0,0.70753,0.81278,42.452,1.626,800.000,375.000,875.000,375.000,-1,325.000,325.000,300.000,300.000,-1,-1,-1,900.000,625.000,650.000,725.000,-1,1,0,1,0,2,0,0,0,0,2,2,2,1,1,1,1,2
42,-1127.462,-1037.716,-152.209,-0.080,0.999861,0.001404,0.016594,-0.001996,0.999360,0.035715,-0.016534,-0.035743,0.999224,0,0.70431,0.91610,42.258,1.832,775.000,375.000,825.000,375.000,-1,325.000,325.000,300.000,300.000,-1,-1,-1,850.000,600.000,625.000,700.000,925.000,1,0,1,0,2,0,0,0,0,2,2,2,1,1,1,1,1
43,-1085.412,-1036.428,-152.805,1.754,0.999411,-0.030597,0.015513,0.030026,0.998908,0.035795,-0.016591,-0.035308,0.999239,0,0.70118,0.91746,42.071,1.835,750.000,375.000,750.000,375.000,-1,325.000,325.000,300.000,300.000,-1,-1,-1,825.000,575.000,575.000,675.000,800.000,1,0,1,0,2,0,0,0,0,2,2,2,1,1,1,1,1
44,-1043.591,-1033.803,-153.448,3.592,0.997933,-0.062621,0.014443,0.062072,0.997430,0.035789,-0.016647,-0.034819,0.999255,0,0.69839,0.91902,41.903,1.838,725.000,375.000,725.000,375.000,-1,325.000,325.000,300.000,300.000,-1,-1,-1,800.000,550.000,550.000,650.000,725.000,1,0,1,0,2,0,0,0,0,2,2,2,1,1,1,1,1
45,-997.109,-1029.267,-154.223,5.574,0.995189,-0.097071,0.013267,0.096547,0.994689,0.035682,-0.016660,-0.034230,0.999275,0,0.77839,0.99068,46.703,1.981,725.000,375.000,675.000,375.000,-1,325.000,325.000,300.000,300.000,-1,-1,-1,775.000,525.000,500.000,625.000,625.000,1,0,1,1,2,0,0,0,0,2,2,2,1,1,1,1,1
46,-950.297,-1023.062,-155.066,7.550,0.991266,-0.131323,0.012102,0.130825,0.990771,0.035467,-0.016648,-0.033574,0.999298,0,0.78703,0.98826,47.222,1.977,700.000,375.000,650.000,350.000,825.000,325.000,325.000,300.000,300.000,-1,-1,-1,775.000,500.000,475.000,600.000,550.000,1,1,1,1,1,0,1,0,0,2,2,2,1,1,1,1,1
47,-903.537,-1015.220,-155.971,9.521,0.986178,-0.165326,0.010963,0.164853,0.985692,0.035144,-0.016616,-0.032851,0.999322,0,0.79021,0.98549,47.413,1.971,675.000,375.000,600.000,325.000,600.000,325.000,300.000,300.000,300.000,-1,-1,-1,775.000,475.000,425.000,575.000,500.000,1,1,1,1,1,1,1,0,0,2,2,2,1,1,1,1,1
48,-856.068,-1005.776,-156.945,11.252,0.980748,-0.195029,0.009830,0.194586,0.980271,0.034725,-0.016409,-0.032144,0.999349,0,0.80666,0.86549,48.399,1.731,650.000,350.000,575.000,300.000,500.000,300.000,275.000,300.000,300.000,-1,950.000,-1,800.000,450.000,400.000,525.000,425.000,1,1,1,1,1,1,1,0,0,2,0,2,1,1,1,1,1
49,-808.687,-995.061,-157.963,12.743,0.975354,-0.220474,0.008721,0.220062,0.974885,0.034229,-0.016048,-0.031466,0.999376,0,0.80963,0.74549,48.578,1.491,600.000,325.000,525.000,275.000,425.000,275.000,250.000,300.000,300.000,-1,850.000,925.000,825.000,425.000,350.000,500.000,375.000,1,1,1,1,1,1,1,0,0,2,0,0,1,1,1,1,1
50,-761.384,-983.272,-159.020,13.994,0.970318,-0.241710,0.007630,0.241331,0.969859,0.033671,-0.015539,-0.030830,0.999404,0,0.81250,0.62549,48.750,1.251,575.000,300.000,475.000,250.000,350.000,250.000,225.000,300.000,300.000,-1,775.000,800.000,850.000,400.000,325.000,450.000,300.000,1,1,1,1,1,1,1,0,0,2,0,0,1,1,1,1,1
51,-714.137,-970.608,-160.003,15.005,0.965911,-0.258786,0.006746,0.258429,0.965449,0.033507,-0.015184,-0.030621,0.999416,0,0.81525,0.50549,48.915,1.011,525.000,275.000,450.000,225.000,275.000,225.000,200.000,300.000,300.000,-1,725.000,750.000,875.000,350.000,275.000,425.000,250.000,1,1,1,1,1,1,1,0,0,2,0,0,1,1,1,1,1
52,-666.913,-957.260,-157.389,15.776,0.962376,-0.271619,-0.007521,0.271684,0.961401,0.043548,-0.004598,-0.043953,0.999023,0,0.81792,0.38549,49.075,0.771,475.000,250.000,425.000,225.000,275.000,225.000,200.000,300.000,325.000,-1,400.000,475.000,950.000,350.000,275.000,375.000,225.000,1,1,1,1,1,1,1,0,0,2,0,0,1,1,1,1,1
53,-619.666,-943.428,-153.876,16.307,0.959581,-0.280269,-0.025571,0.281294,0.957997,0.055818,0.008853,-0.060754,0.998113,0,0.82050,0.26549,49.230,0.531,425.000,250.000,425.000,200.000,275.000,200.000,200.000,275.000,375.000,-1,250.000,350.000,-1,325.000,275.000,350.000,225.000,1,1,1,1,1,1,1,0,0,2,0,0,2,1,1,1,1
54,-572.345,-929.311,-150.105,16.598,0.957586,-0.284794,-0.043828,0.287267,0.955432,0.068029,0.022500,-0.077734,0.996720,0,0.82302,0.14549,49.381,0.291,375.000,225.000,425.000,200.000,275.000,200.000,175.000,275.000,425.000,875.000,175.000,300.000,-1,325.000,250.000,325.000,225.000,1,1,1,1,1,1,1,0,0,0,0,0,2,1,1,1,1
55,-524.890,-915.121,-142.923,16.649,0.955916,-0.285552,-0.068439,0.289876,0.954871,0.064760,0.046858,-0.081744,0.995551,0,0.82549,0.02549,49.529,0.051,425.000,250.000,450.000,200.000,300.000,200.000,200.000,300.000,450.000,700.000,125.000,225.000,-1,325.000,275.000,350.000,225.000,1,1,1,1,1,1,1,0,1,0,0,0,2,1,1,1,1
56,-2951.700,-5575.424,68.640,104.731,-0.253628,-0.966892,-0.028168,0.966952,-0.254212,0.019477,-0.025993,-0.022297,0.999413,1,0.00000,0.00000,49.675,-0.189,575.000,375.000,-1,400.000,-1,325.000,325.000,300.000,300.000,825.000,-1,-1,-1,700.000,825.000,825.000,-1,1,0,2,0,2,0,0,0,0,1,2,2,2,0,0,1,2
57,-2952.939,-5570.787,68.519,104.971,-0.257682,-0.965824,-0.028005,0.965879,-0.258261,0.019484,-0.026051,-0.022029,0.999418,0,0.08000,0.12000,4.800,0.240,575.000,375.000,-1,400.000,-1,325.000,325.000,300.000,300.000,825.000,-1,-1,-1,700.000,825.000,825.000,-1,1,0,2,0,2,0,0,0,0,1,2,2,2,0,0,1,2
58,-2955.497,-5561.534,68.278,105.451,-0.265775,-0.963638,-0.027681,0.963680,-0.266346,0.019494,-0.026158,-0.021494,0.999427,0,0.16000,0.24000,9.600,0.480,550.000,375.000,-1,400.000,-1,300.000,325.000,300.000,300.000,825.000,-1,-1,-1,700.000,825.000,800.000,-1,1,0,2,0,2,0,0,0,0,1,2,2,2,0,0,1,2
59,-2959.507,-5547.704,67.916,106.171,-0.277879,-0.960231,-0.027198,0.960256,-0.278439,0.019502,-0.026299,-0.020698,0.999440,0,0.24000,0.36000,14.400,0.720,550.000,375.000,-1,400.000,-1,300.000,325.000,300.000,300.000,850.000,-1,-1,-1,700.000,825.000,775.000,-1,1,0,2,0,2,0,0,0,0,1,2,2,2,0,0,1,2
60,-2965.147,-5529.351,67.434,107.084,-0.293174,-0.955690,-0.026558,0.955693,-0.293717,0.019499,-0.026436,-0.019665,0.999457,0,0.32000,0.45671,19.200,0.913,525.000,375.000,-1,400.000,-1,300.000,325.000,300.000,325.000,850.000,-1,-1,-1,700.000,825.000,725.000,-1,1,0,2,0,2,0,0,0,0,1,2,2,2,0,0,1,2
61,-2972.562,-5506.525,66.830,107.998,-0.308416,-0.950903,-0.025755,0.950883,-0.308937,0.019488,-0.026488,-0.018480,0.999478,0,0.40000,0.45716,24.000,0.914,500.000,375.000,-1,400.000,-1,300.000,325.000,300.000,325.000,875.000,-1,-1,-1,700.000,825.000,700.000,-1,1,0,2,0,2,0,0,0,0,1,2,2,2,0,0,1,2
62,-2981.897,-5479.280,66.113,108.914,-0.323603,-0.945868,-0.024796,0.945823,-0.324098,0.019460,-0.026443,-0.017155,0.999503,0,0.48000,0.45773,28.800,0.915,475.000,375.000,-1,400.000,-1,300.000,325.000,300.000,325.000,900.000,-1,-1,-1,700.000,825.000,675.000,-1,1,0,2,0,2,0,0,0,0,1,2,2,2,0,0,1,2
63,-2993.296,-5447.672,65.289,109.831,-0.338736,-0.940583,-0.023690,0.940514,-0.339199,0.019403,-0.026286,-0.015708,0.999531,0,0.56000,0.45841,33.600,0.917,450.000,375.000,-1,400.000,-1,300.000,325.000,300.000,325.000,925.000,-1,1000.000,-1,700.000,825.000,625.000,-1,1,0,2,0,2,0,0,0,0,1,2,0,2,1,0,1,2
64,-3006.899,-5411.763,64.370,110.749,-0.353811,-0.935048,-0.022447,0.934956,-0.354239,0.019307,-0.026005,-0.014156,0.999562,0,0.64000,0.45917,38.400,0.918,425.000,375.000,-1,400.000,-1,300.000,325.000,300.000,325.000,950.000,-1,875.000,-1,675.000,800.000,600.000,-1,1,0,2,0,2,0,0,0,0,1,2,0,2,1,0,1,2
65,-3023.017,-5371.682,63.373,111.907,-0.372688,-0.927717,-0.021102,0.927603,-0.373078,0.019135,-0.025625,-0.012443,0.999594,0,0.72000,0.57917,43.200,1.158,400.000,375.000,-1,400.000,-1,300.000,325.000,300.000,325.000,1000.000,-1,725.000,-1,650.000,800.000,550.000,-1,1,0,2,0,2,0,0,0,0,1,2,0,2,1,0,1,2
66,-3042.007,-5327.599,62.187,113.306,-0.395285,-0.918360,-0.019086,0.918226,-0.395616,0.018701,-0.024725,-0.010133,0.999643,0,0.80000,0.69917,48.000,1.398,375.000,375.000,-1,400.000,-1,325.000,325.000,300.000,325.000,-1,-1,650.000,-1,625.000,800.000,500.000,-1,1,0,2,0,2,0,0,0,0,2,2,0,2,1,0,1,2
67,-3062.918,-5282.459,60.896,114.857,-0.420066,-0.907338,-0.016798,0.907176,-0.420336,0.018684,-0.024014,-0.007390,0.999684,0,0.82913,0.77544,49.748,1.551,350.000,375.000,-1,400.000,-1,325.000,325.000,300.000,325.000,-1,900.000,625.000,-1,575.000,800.000,450.000,-1,1,0,2,0,2,0,0,0,0,2,0,0,2,1,0,1,2
68,-3085.027,-5237.939,59.617,116.409,-0.444563,-0.895630,-0.014499,0.895443,-0.444776,0.018875,-0.023353,-0.004592,0.999717,0,0.82846,0.77638,49.708,1.553,325.000,375.000,-1,400.000,-1,325.000,325.000,325.000,325.000,-1,775.000,600.000,-1,550.000,800.000,400.000,-1,1,0,2,0,2,0,0,1,0,2,0,0,2,1,0,1,2
69,-3109.234,-5192.241,58.345,117.911,-0.467946,-0.883673,-0.012195,0.883468,-0.468102,0.019110,-0.022596,-0.001831,0.999743,0,0.86189,0.75094,51.714,1.502,275.000,375.000,-1,400.000,-1,325.000,325.000,300.000,325.000,-1,750.000,575.000,-1,500.000,800.000,350.000,-1,1,0,2,0,2,0,0,1,0,2,0,0,2,1,0,1,2
70,-3134.674,-5147.125,57.110,119.418,-0.491078,-0.871058,-0.010041,0.870845,-0.491180,0.019248,-0.021698,0.000708,0.999764,0,0.86324,0.75350,51.795,1.507,250.000,375.000,-1,400.000,-1,325.000,325.000,300.000,325.000,-1,725.000,575.000,-1,475.000,800.000,300.000,-1,1,1,2,0,2,0,0,1,0,2,0,0,2,1,0,1,2
71,-3161.335,-5102.631,55.904,120.930,-0.513941,-0.857788,-0.008061,0.857578,-0.513995,0.019218,-0.020628,0.002965,0.999783,0,0.86450,0.75615,51.870,1.512,225.000,350.000,-1,400.000,-1,325.000,325.000,275.000,325.000,-1,700.000,550.000,-1,450.000,800.000,275.000,-1,1,1,2,0,2,0,0,1,0,2,0,0,2,1,0,1,2
72,-3189.202,-5058.802,54.776,122.448,-0.536520,-0.843865,-0.006177,0.843661,-0.536532,0.019217,-0.019530,0.005099,0.999796,0,0.86565,0.75892,51.939,1.518,175.000,325.000,-1,400.000,-1,325.000,325.000,250.000,325.000,-1,700.000,525.000,-1,400.000,800.000,225.000,-1,1,1,2,0,2,0,0,1,0,2,0,0,2,1,0,1,2
73,-3218.260,-5015.678,55.490,123.972,-0.558892,-0.829226,0.004849,0.829144,-0.558729,0.018493,-0.012626,0.014356,0.999817,0,0.86667,0.76181,52.000,1.524,175.000,300.000,-1,400.000,-1,325.000,325.000,250.000,325.000,-1,575.000,400.000,-1,375.000,825.000,200.000,-1,1,1,2,0,2,1,0,1,0,2,0,0,2,1,0,1,2
74,-3248.492,-4973.305,58.180,125.502,-0.580713,-0.813701,0.025741,0.814108,-0.580442,0.017750,0.000498,0.031263,0.999511,0,0.86754,0.76483,52.053,1.530,175.000,300.000,-1,425.000,-1,300.000,350.000,250.000,300.000,-1,400.000,250.000,-1,375.000,900.000,200.000,-1,1,1,2,0,2,1,0,1,0,2,0,0,2,1,1,1,2
75,-3279.879,-4931.727,61.007,127.038,-0.601751,-0.797311,0.046810,0.798565,-0.601638,0.018053,0.013769,0.048245,0.998741,0,0.86826,0.76802,52.095,1.536,150.000,300.000,-1,475.000,-1,300.000,375.000,225.000,300.000,-1,325.000,175.000,975.000,375.000,950.000,175.000,-1,1,1,2,0,2,1,1,1,0,2,0,0,0,1,1,1,2
76,-3312.398,-4890.987,63.973,128.580,-0.621992,-0.780066,0.067991,0.782553,-0.622281,0.019433,0.027150,0.065294,0.997497,0,0.86878,0.77137,52.127,1.543,150.000,275.000,-1,500.000,-1,300.000,350.000,225.000,275.000,-1,275.000,125.000,775.000,375.000,-1,175.000,-1,1,1,2,1,2,1,1,1,0,2,0,0,0,1,2,1,2
77,-3346.023,-4851.130,67.079,130.130,-0.641424,-0.761982,0.089213,0.766111,-0.642335,0.021915,0.040606,0.082404,0.995771,0,0.86909,0.77491,52.146,1.550,150.000,275.000,-1,475.000,-1,275.000,350.000,225.000,275.000,-1,250.000,75.000,625.000,375.000,-1,175.000,-1,1,1,2,1,2,1,1,1,0,2,0,0,0,1,2,1,2
78,-3383.732,-4808.458,70.409,131.440,-0.656601,-0.745808,0.112452,0.752209,-0.658445,0.025140,0.055294,0.101094,0.993339,0,0.94909,0.65491,56.946,1.310,150.000,275.000,-1,475.000,-1,275.000,325.000,225.000,275.000,-1,225.000,50.000,475.000,375.000,-1,175.000,-1,1,1,2,1,2,1,1,1,0,2,0,0,0,1,2,1,2
79,-3422.755,-4765.936,73.771,132.510,-0.667788,-0.731833,0.135942,0.741047,-0.670833,0.028867,0.070069,0.120016,0.990296,0,0.96189,0.53491,57.713,1.070,150.000,275.000,-1,450.000,-1,250.000,325.000,225.000,250.000,-1,200.000,25.000,400.000,350.000,-1,175.000,-1,1,1,2,1,2,1,1,1,0,2,0,0,0,1,2,1,2
80,-3462.326,-4724.059,77.165,133.340,-0.675224,-0.720274,0.158992,0.732763,-0.679694,0.032787,0.084451,0.138642,0.986735,0,0.96023,0.41491,57.614,0.830,150.000,275.000,-1,450.000,-1,250.000,300.000,225.000,250.000,-1,175.000,25.000,325.000,350.000,-1,175.000,-1,1,1,2,1,2,1,1,1,0,2,0,0,0,1,2,1,2
81,9511.019,3607.627,83.150,-87.666,0.040832,0.998973,-0.019628,-0.999149,0.040708,-0.006664,-0.005858,0.019883,0.999785,1,0.00000,0.00000,57.457,0.590,-1,375.000,-1,375.000,-1,325.000,325.000,325.000,300.000,-1,450.000,550.000,725.000,675.000,650.000,-1,-1,2,0,2,0,2,0,0,0,0,2,0,0,1,0,0,2,2
82,9511.196,3602.830,83.125,-87.887,0.036985,0.999125,-0.019554,-0.999300,0.036865,-0.006439,-0.005712,0.019778,0.999788,0,0.08000,-0.11020,4.800,-0.220,-1,375.000,-1,375.000,-1,325.000,325.000,325.000,300.000,-1,425.000,550.000,725.000,675.000,650.000,-1,-1,2,0,2,0,2,0,0,0,0,2,0,0,1,0,0,2,2
83,9511.513,3593.236,83.070,-88.107,0.033133,0.999262,-0.019432,-0.999437,0.033022,-0.005998,-0.005352,0.019619,0.999793,0,0.16000,-0.11018,9.600,-0.220,-1,375.000,-1,375.000,-1,325.000,325.000,325.000,300.000,-1,425.000,525.000,725.000,675.000,650.000,-1,-1,2,0,2,0,2,0,0,0,0,2,0,0,1,0,0,2,2
84,9511.933,3578.842,82.985,-88.328,0.029278,0.999386,-0.019261,-0.999560,0.029180,-0.005340,-0.004775,0.019409,0.999800,0,0.24000,-0.11015,14.400,-0.220,-1,375.000,-1,375.000,-1,325.000,325.000,325.000,300.000,-1,425.000,500.000,725.000,650.000,650.000,-1,-1,2,0,2,0,2,0,0,0,0,2,0,0,1,0,0,2,2
85,9512.420,3559.648,82.869,-88.548,0.025420,0.999496,-0.019040,-0.999669,0.025339,-0.004465,-0.003980,0.019148,0.999809,0,0.32000,-0.11009,19.200,-0.220,-1,375.000,-1,375.000,-1,325.000,325.000,325.000,300.000,-1,400.000,475.000,725.000,650.000,650.000,-1,-1,2,0,2,0,2,0,0,0,0,2,0,0,1,0,0,2,2
86,9512.936,3535.654,82.720,-88.768,0.021561,0.999591,-0.018768,-0.999763,0.021501,-0.003372,-0.002967,0.018836,0.999818,0,0.40000,-0.11000,24.000,-0.220,-1,375.000,-1,375.000,-1,325.000,325.000,325.000,300.000,-1,400.000,450.000,750.000,650.000,650.000,-1,-1,2,0,2,0,2,0,0,0,0,2,0,0,1,0,0,2,2
87,9513.445,3506.858,82.539,-88.987,0.017703,0.999673,-0.018443,-0.999842,0.017668,-0.002060,-0.001734,0.018476,0.999828,0,0.48000,-0.10986,28.800,-0.220,-1,375.000,-1,375.000,-1,325.000,325.000,325.000,300.000,-1,375.000,425.000,750.000,650.000,650.000,-1,-1,2,0,2,0,2,0,0,0,0,2,0,0,1,0,0,2,2
88,9513.910,3473.261,82.325,-89.207,0.013850,0.999741,-0.018062,-0.999904,0.013842,-0.000530,-0.000280,0.018068,0.999837,0,0.56000,-0.10964,33.600,-0.219,-1,375.000,-1,375.000,-1,325.000,300.000,300.000,300.000,-1,350.000,400.000,750.000,650.000,650.000,-1,-1,2,0,2,0,2,0,0,0,0,2,0,0,1,0,0,2,2
89,9514.295,3434.863,82.076,-89.425,0.010004,0.999795,-0.017624,-0.999949,0.010027,0.001220,0.001396,0.017611,0.999844,0,0.64000,-0.10934,38.400,-0.219,-1,375.000,-1,375.000,-1,300.000,300.000,300.000,300.000,-1,350.000,375.000,750.000,650.000,650.000,975.000,-1,2,0,2,0,2,0,0,0,0,2,0,0,1,0,0,1,2
90,9514.564,3391.664,81.792,-89.643,0.006171,0.999834,-0.017126,-0.999976,0.006226,0.003190,0.003296,0.017106,0.999848,0,0.72000,-0.10891,43.200,-0.218,-1,375.000,-1,375.000,-1,300.000,300.000,300.000,300.000,-1,325.000,350.000,750.000,650.000,650.000,950.000,-1,2,0,2,0,2,0,0,0,0,2,0,0,1,0,0,1,2
91,9514.673,3346.978,81.494,-89.860,0.002358,0.999859,-0.016598,-0.999983,0.002446,0.005229,0.005269,0.016586,0.999849,0,0.74477,-0.10832,44.686,-0.217,1000.000,375.000,-1,375.000,-1,300.000,300.000,300.000,300.000,-1,325.000,350.000,775.000,650.000,650.000,900.000,-1,1,0,2,0,2,0,0,0,0,2,0,0,1,0,0,1,2
92,9514.615,3302.392,81.195,-90.075,-0.001427,0.999870,-0.016057,-0.999973,-0.001310,0.007264,0.007242,0.016067,0.999845,0,0.74309,-0.10760,44.586,-0.215,925.000,375.000,-1,375.000,-1,300.000,300.000,300.000,300.000,-1,300.000,325.000,775.000,650.000,650.000,850.000,-1,1,0,2,0,2,0,0,0,0,2,0,0,1,0,0,1,2
93,9514.391,3257.902,81.666,-90.289,-0.005179,0.999861,-0.015855,-0.999947,-0.005037,0.008988,0.008907,0.015900,0.999834,0,0.74151,-0.10677,44.490,-0.214,875.000,375.000,-1,350.000,-1,300.000,300.000,300.000,300.000,-1,325.000,350.000,775.000,650.000,650.000,800.000,-1,1,0,2,0,2,0,0,0,0,2,0,0,1,0,0,1,2
94,9514.003,3213.503,82.803,-90.500,-0.008911,0.999836,-0.015763,-0.999896,-0.008731,0.011459,0.011319,0.015863,0.999810,0,0.74002,-0.10584,44.401,-0.212,825.000,375.000,-1,375.000,-1,300.000,300.000,300.000,300.000,-1,350.000,350.000,775.000,650.000,650.000,775.000,-1,1,0,2,0,2,0,0,0,0,2,0,0,1,1,0,1,2
95,9513.454,3169.188,83.935,-90.710,-0.012606,0.999798,-0.015651,-0.999826,-0.012388,0.013925,0.013728,0.015824,0.999781,0,0.73864,-0.10480,44.319,-0.210,775.000,375.000,-1,375.000,-1,300.000,300.000,300.000,300.000,-1,350.000,375.000,800.000,625.000,650.000,725.000,-1,1,0,2,0,2,0,0,0,0,2,0,0,1,1,0,1,2
96,9512.746,3124.951,85.062,-90.917,-0.016260,0.999747,-0.015519,-0.999738,-0.016006,0.016386,0.016133,0.015781,0.999745,0,0.73738,-0.10366,44.243,-0.207,750.000,375.000,-1,375.000,-1,300.000,300.000,300.000,300.000,-1,375.000,375.000,800.000,600.000,650.000,700.000,-1,1,0,2,0,2,0,0,0,0,2,0,0,1,1,0,1,2
97,9511.881,3080.785,86.185,-91.122,-0.019870,0.999684,-0.015366,-0.999631,-0.019579,0.018842,0.018535,0.015735,0.999704,0,0.73623,-0.10241,44.174,-0.205,700.000,375.000,-1,375.000,-1,300.000,300.000,300.000,300.000,-1,400.000,400.000,800.000,600.000,675.000,650.000,-1,1,0,2,0,2,0,0,0,0,2,0,0,1,1,0,1,2
98,9510.862,3036.685,87.303,-91.324,-0.023433,0.999610,-0.015193,-0.999506,-0.023107,0.021293,0.020934,0.015685,0.999658,0,0.73520,-0.10108,44.112,-0.202,650.000,375.000,-1,375.000,-1,300.000,300.000,325.000,300.000,-1,400.000,400.000,800.000,575.000,675.000,625.000,-1,1,0,2,0,2,0,0,0,0,2,0,0,1,1,0,1,2
99,9509.691,2992.642,88.417,-91.523,-0.026944,0.999524,-0.015000,-0.999365,-0.026583,0.023740,0.023330,0.015630,0.999606,0,0.73430,-0.09965,44.058,-0.199,600.000,375.000,-1,375.000,-1,300.000,300.000,325.000,300.000,-1,425.000,425.000,825.000,550.000,675.000,575.000,-1,1,0,2,0,2,0,0,0,0,2,0,0,1,1,0,1,2
100,9508.370,2948.650,89.527,-91.720,-0.030401,0.999428,-0.014786,-0.999207,-0.030007,0.026181,0.025722,0.015570,0.999548,0,0.73353,-0.09813,44.012,-0.196,575.000,375.000,-1,375.000,-1,325.000,300.000,325.000,300.000,-1,425.000,425.000,825.000,525.000,675.000,550.000,-1,1,1,2,0,2,0,0,0,0,2,0,0,1,1,0,1,2
101,9506.918,2900.553,90.741,-91.729,-0.030601,0.999426,-0.014552,-0.999129,-0.030172,0.028840,0.028384,0.015422,0.999478,0,0.80197,-0.00473,48.118,-0.009,525.000,375.000,-1,375.000,-1,325.000,325.000,300.000,300.000,-1,425.000,450.000,825.000,525.000,675.000,500.000,-1,1,1,2,0,2,1,0,0,0,2,0,0,1,1,0,1,2
102,9505.458,2852.323,91.959,-91.734,-0.030715,0.999426,-0.014314,-0.999046,-0.030252,0.031504,0.031052,0.015267,0.999401,0,0.80420,-0.00229,48.252,-0.005,475.000,350.000,-1,375.000,-1,300.000,325.000,300.000,300.000,-1,425.000,450.000,825.000,500.000,700.000,475.000,-1,1,1,2,0,2,1,0,0,0,2,0,0,1,1,0,1,2
103,9503.995,2803.965,93.180,-91.733,-0.030737,0.999428,-0.014072,-0.998958,-0.030242,0.034171,0.033726,0.015108,0.999317,0,0.80633,0.00030,48.380,0.001,425.000,350.000,-1,375.000,-1,300.000,325.000,300.000,300.000,-1,400.000,425.000,825.000,475.000,700.000,425.000,-1,1,1,2,0,2,1,0,0,0,2,0,0,1,1,0,1,2
104,9502.533,2755.487,94.405,-91.727,-0.030663,0.999434,-0.013828,-0.998867,-0.030135,0.036842,0.036404,0.014942,0.999225,0,0.80834,0.00304,48.500,0.006,400.000,325.000,-1,375.000,-1,300.000,325.000,300.000,300.000,-1,375.000,375.000,825.000,450.000,700.000,400.000,-1,1,1,2,0,2,1,0,0,0,2,0,0,1,1,0,1,2
105,9501.038,2711.812,95.504,-91.961,-0.034770,0.999304,-0.013542,-0.998643,-0.034216,0.039250,0.038760,0.014889,0.999138,0,0.72834,-0.11696,43.700,-0.234,350.000,325.000,-1,375.000,-1,300.000,325.000,300.000,300.000,-1,350.000,375.000,850.000,450.000,725.000,350.000,-1,1,1,2,0,2,1,0,0,0,2,0,0,1,1,0,1,2
106,9499.234,2669.398,96.564,-92.435,-0.043061,0.998986,-0.013167,-0.998231,-0.042480,0.041589,0.040988,0.014934,0.999048,0,0.70753,-0.23696,42.452,-0.474,300.000,325.000,-1,375.000,-1,300.000,325.000,300.000,300.000,-1,325.000,350.000,850.000,450.000,725.000,325.000,-1,1,1,2,0,2,1,0,0,0,2,0,0,1,1,0,1,2
107,9496.900,2626.951,98.196,-93.149,-0.055642,0.998338,-0.015006,-0.997486,-0.054922,0.044770,0.043871,0.017459,0.998885,0,0.70851,-0.35696,42.511,-0.714,275.000,300.000,-1,375.000,-1,300.000,325.000,300.000,300.000,-1,325.000,325.000,850.000,450.000,725.000,275.000,-1,1,1,2,0,2,1,0,0,0,2,0,0,1,1,0,1,2
108,9493.923,2584.510,102.168,-94.019,-0.071376,0.997173,-0.023483,-0.996139,-0.070057,0.052901,0.051106,0.027168,0.998324,0,0.70908,-0.43494,42.545,-0.870,275.000,325.000,-1,400.000,-1,325.000,325.000,325.000,300.000,-1,325.000,300.000,850.000,450.000,775.000,275.000,-1,1,1,2,0,2,1,0,0,0,2,0,0,1,1,0,1,2
109,9490.308,2542.110,106.092,-94.880,-0.086977,0.995741,-0.030588,-0.994536,-0.085010,0.060592,0.057733,0.035691,0.997694,0,0.70921,-0.43051,42.553,-0.861,250.000,350.000,-1,425.000,-1,350.000,350.000,350.000,275.000,-1,325.000,275.000,850.000,475.000,800.000,275.000,-1,1,1,2,0,2,0,0,0,0,2,0,0,1,1,0,1,2
110,9486.065,2499.780,109.819,-95.731,-0.102419,0.994062,-0.036768,-0.992697,-0.099770,0.067806,0.063735,0.043444,0.997021,0,0.70901,-0.42582,42.541,-0.852,250.000,350.000,-1,425.000,-1,375.000,350.000,350.000,275.000,-1,325.000,275.000,850.000,500.000,850.000,275.000,-1,1,1,2,0,2,0,0,0,0,2,0,0,1,1,0,1,2
111,9481.205,2457.551,113.332,-96.573,-0.117657,0.992166,-0.041996,-0.990650,-0.114326,0.074447,0.069063,0.050362,0.996340,0,0.70845,-0.42088,42.507,-0.842,250.000,375.000,-1,450.000,-1,375.000,375.000,375.000,275.000,-1,325.000,275.000,825.000,550.000,875.000,300.000,-1,1,1,2,0,2,0,0,0,0,2,0,0,1,1,0,1,2
112,9475.739,2415.454,116.613,-97.405,-0.132648,0.990083,-0.046253,-0.988422,-0.128669,0.080418,0.073669,0.056385,0.995687,0,0.70749,-0.41569,42.450,-0.831,225.000,400.000,-1,450.000,-1,375.000,375.000,400.000,275.000,-1,325.000,275.000,825.000,600.000,900.000,300.000,-1,1,1,2,0,2,0,0,1,0,2,0,0,1,1,0,1,2
113,9469.683,2373.520,119.648,-98.225,-0.147353,0.987843,-0.049528,-0.986042,-0.142791,0.085628,0.077515,0.061454,0.995095,0,0.70613,-0.41025,42.368,-0.821,225.000,400.000,-1,450.000,-1,400.000,375.000,350.000,275.000,-1,350.000,275.000,825.000,650.000,950.000,300.000,-1,1,1,2,0,2,0,0,1,0,2,0,0,1,1,0,1,2
114,9463.052,2331.783,122.421,-99.034,-0.161735,0.985473,-0.051817,-0.983540,-0.156686,0.089988,0.080562,0.065519,0.994594,0,0.70433,-0.40458,42.260,-0.809,225.000,425.000,-1,475.000,-1,400.000,400.000,300.000,275.000,-1,350.000,250.000,800.000,700.000,975.000,325.000,-1,1,1,2,0,2,0,0,1,0,2,0,0,1,1,0,1,2
115,9455.862,2290.275,124.920,-99.832,-0.175766,0.982998,-0.053125,-0.980946,-0.170350,0.093416,0.082778,0.068532,0.994209,0,0.70208,-0.39868,42.125,-0.797,225.000,475.000,-1,475.000,-1,400.000,400.000,275.000,275.000,-1,350.000,225.000,800.000,750.000,1000.000,325.000,-1,1,1,2,0,2,0,0,1,0,2,0,0,1,1,0,1,2
116,9448.133,2249.030,127.133,-100.617,-0.189422,0.980439,-0.053461,-0.978285,-0.183780,0.095834,0.084135,0.070453,0.993961,0,0.69937,-0.39258,41.962,-0.785,200.000,500.000,-1,475.000,-1,425.000,400.000,250.000,275.000,-1,350.000,225.000,800.000,800.000,1000.000,375.000,-1,1,1,2,0,2,0,0,1,0,2,0,0,0,1,0,1,2
117,9439.885,2208.080,129.050,-101.389,-0.202686,0.977817,-0.052844,-0.975582,-0.196972,0.097171,0.084606,0.071248,0.993864,0,0.69619,-0.38630,41.772,-0.773,200.000,525.000,-1,475.000,-1,425.000,400.000,225.000,275.000,-1,350.000,225.000,800.000,875.000,-1,525.000,-1,1,1,2,0,2,0,0,1,0,2,0,0,0,1,2,1,2
118,9431.139,2167.456,130.664,-102.149,-0.215552,0.975144,-0.051296,-0.972858,-0.209925,0.097360,0.084172,0.070890,0.993926,0,0.69257,-0.37987,41.554,-0.760,200.000,525.000,-1,475.000,-1,400.000,400.000,200.000,275.000,-1,350.000,225.000,825.000,950.000,-1,700.000,-1,1,0,2,0,2,0,0,1,0,2,0,0,1,1,2,1,2
119,9421.917,2127.188,131.966,-102.896,-0.228018,0.972431,-0.048848,-0.970129,-0.222639,0.096345,0.082813,0.069357,0.994149,0,0.68851,-0.37333,41.311,-0.747,200.000,525.000,-1,475.000,-1,400.000,400.000,175.000,275.000,-1,350.000,225.000,850.000,-1,-1,-1,-1,1,0,2,0,2,0,0,1,0,2,0,0,1,2,2,2,2
120,9412.243,2087.302,132.952,-103.629,-0.240093,0.969681,-0.045532,-0.967405,-0.235113,0.094072,0.080515,0.066634,0.994524,0,0.68405,-0.36673,41.043,-0.733,225.000,525.000,-1,475.000,-1,400.000,400.000,150.000,275.000,-1,350.000,250.000,875.000,-1,-1,-1,-1,1,0,2,0,2,0,0,1,0,2,0,0,1,2,2,2,2
121,9402.132,2047.823,133.848,-104.359,-0.251997,0.966796,-0.042470,-0.964703,-0.247500,0.089958,0.076460,0.063640,0.995040,0,0.67922,-0.36510,40.753,-0.730,225.000,500.000,-1,450.000,-1,400.000,375.000,150.000,275.000,-1,400.000,275.000,925.000,-1,1000.000,-1,-1,1,0,2,0,2,0,0,1,0,2,0,0,1,2,0,2,2
122,9391.606,2008.774,136.136,-105.088,-0.263928,0.963402,-0.046879,-0.962331,-0.259723,0.080388,0.065271,0.066330,0.995661,0,0.67407,-0.36416,40.444,-0.728,250.000,475.000,-1,450.000,-1,375.000,375.000,125.000,275.000,-1,700.000,550.000,1000.000,1000.000,900.000,-1,-1,1,0,2,0,2,0,0,1,0,2,0,0,1,0,0,2,2
123,9379.457,1965.193,138.309,-105.576,-0.271619,0.961072,-0.050628,-0.960919,-0.267902,0.069742,0.053464,0.067593,0.996279,0,0.75407,-0.24416,45.244,-0.488,275.000,450.000,-1,425.000,-1,350.000,350.000,125.000,275.000,-1,950.000,850.000,-1,925.000,825.000,-1,-1,1,0,2,0,2,0,0,1,0,2,0,0,2,0,0,2,2
124,9367.059,1921.456,140.276,-105.824,-0.275242,0.959883,-0.053534,-0.960419,-0.272059,0.059827,0.042862,0.067882,0.996772,0,0.75769,-0.12416,45.461,-0.248,275.000,425.000,-1,400.000,-1,350.000,325.000,125.000,275.000,-1,-1,-1,-1,850.000,750.000,-1,-1,1,0,2,0,2,0,0,1,0,2,2,2,2,0,0,2,2
125,9354.745,1878.042,142.173,-105.833,-0.274829,0.959909,-0.055176,-0.960913,-0.272217,0.050443,0.033401,0.066882,0.997202,0,0.75213,-0.00416,45.128,-0.008,275.000,400.000,-1,375.000,-1,325.000,325.000,125.000,275.000,-1,-1,-1,-1,800.000,700.000,-1,-1,1,0,2,0,2,0,0,1,0,2,2,2,2,0,0,2,2
126,9342.690,1834.879,143.918,-105.601,-0.270457,0.961104,-0.055958,-0.962393,-0.268362,0.042222,0.025563,0.065273,0.997540,0,0.74692,0.11584,44.815,0.232,275.000,400.000,-1,375.000,-1,325.000,300.000,125.000,275.000,-1,-1,-1,-1,750.000,675.000,-1,-1,1,0,2,0,2,0,0,1,0,2,2,2,2,0,0,2,2
127,9331.068,1791.895,146.183,-105.129,-0.262302,0.963254,-0.057780,-0.964747,-0.260433,0.037929,0.021487,0.065692,0.997609,0,0.74214,0.23584,44.529,0.472,300.000,375.000,-1,350.000,-1,300.000,300.000,125.000,275.000,-1,-1,-1,-1,725.000,650.000,-1,-1,1,0,2,0,2,0,0,1,0,2,2,2,2,0,0,2,2
128,9320.046,1749.018,148.765,-104.418,-0.250268,0.966313,-0.060037,-0.967961,-0.248422,0.036577,0.020431,0.067268,0.997526,0,0.73785,0.35584,44.271,0.712,300.000,375.000,-1,350.000,-1,300.000,300.000,125.000,275.000,-1,-1,-1,-1,725.000,650.000,-1,-1,1,0,2,0,2,0,0,1,0,2,2,2,2,0,0,2,2
129,9309.790,1706.185,151.075,-103.466,-0.234159,0.970286,-0.060941,-0.971985,-0.232334,0.035584,0.020368,0.067566,0.997507,0,0.73408,0.47584,44.045,0.952,300.000,375.000,-1,350.000,-1,300.000,300.000,125.000,275.000,-1,-1,-1,-1,725.000,650.000,-1,-1,1,0,2,0,2,0,0,1,0,2,2,2,2,0,0,2,2
130,9300.468,1663.338,153.137,-102.274,-0.213929,0.974969,-0.060578,-0.976618,-0.212117,0.034982,0.021257,0.066645,0.997550,0,0.73084,0.59584,43.850,1.192,275.000,375.000,-1,350.000,-1,300.000,300.000,125.000,275.000,-1,-1,-1,-1,725.000,650.000,-1,-1,1,0,2,0,2,0,0,1,0,2,2,2,2,0,0,2,2
131,9292.190,1620.442,155.006,-100.920,-0.190852,0.979830,-0.059231,-0.981352,-0.189045,0.034802,0.022903,0.064769,0.997637,0,0.72813,0.67697,43.688,1.354,275.000,375.000,-1,350.000,-1,300.000,300.000,125.000,275.000,-1,-1,-1,-1,725.000,675.000,-1,-1,1,0,2,0,2,0,0,1,0,2,2,2,2,0,0,2,2
