timestep,x_cm,y_cm,z_cm,yaw_deg,basis_xx,basis_xy,basis_xz,basis_yx,basis_yy,basis_yz,basis_zx,basis_zy,basis_zz,teleport_flag,throttle_cmd,steering_cmd,cmd_move_cm,cmd_turn_deg,lidar_cm_0,lidar_cm_1,lidar_cm_2,lidar_cm_3,lidar_cm_4,lidar_cm_5,lidar_cm_6,lidar_cm_7,lidar_cm_8,lidar_cm_9,lidar_cm_10,lidar_cm_11,lidar_cm_12,lidar_cm_13,lidar_cm_14,lidar_cm_15,lidar_cm_16,lidar_class_0,lidar_class_1,lidar_class_2,lidar_class_3,lidar_class_4,lidar_class_5,lidar_class_6,lidar_class_7,lidar_class_8,lidar_class_9,lidar_class_10,lidar_class_11,lidar_class_12,lidar_class_13,lidar_class_14,lidar_class_15,lidar_class_16
0,-9514.285,-4260.044,180.189,132.905,-0.680827,-0.732443,0.001594,0.732382,-0.680739,0.014511,-0.009543,0.011047,0.999893,1,0.08000,-0.12000,4.800,-0.240,-1,400.000,-1,425.000,-1,325.000,325.000,300.000,300.000,-1,-1,-1,-1,825.000,-1,-1,-1,2,0,2,1,2,0,0,0,0,2,2,2,2,0,2,2,2
1,-9520.761,-4252.957,180.059,132.425,-0.674667,-0.738121,0.001305,0.738054,-0.674580,0.014770,-0.010022,0.010929,0.999890,0,0.16000,-0.24000,9.600,-0.480,-1,400.000,-1,425.000,-1,325.000,325.000,300.000,300.000,-1,-1,-1,-1,825.000,-1,-1,-1,2,0,2,1,2,0,0,0,0,2,2,2,2,0,2,2,2
2,-9530.342,-4242.206,179.872,131.705,-0.665340,-0.746540,0.000880,0.746463,-0.665253,0.015226,-0.010781,0.010787,0.999884,0,0.24000,-0.36000,14.400,-0.720,-1,400.000,-1,-1,-1,325.000,325.000,300.000,300.000,-1,-1,-1,-1,825.000,-1,-1,-1,2,0,2,2,2,0,0,0,0,2,2,2,2,0,2,2,2
3,-9542.873,-4227.660,179.627,130.745,-0.652739,-0.757583,0.000324,0.757490,-0.652653,0.015910,-0.011841,0.010630,0.999873,0,0.32000,-0.48000,19.200,-0.960,-1,400.000,-1,-1,-1,325.000,325.000,300.000,300.000,-1,-1,-1,-1,825.000,-1,-1,-1,2,0,2,2,2,0,0,0,0,2,2,2,2,0,2,2,2
4,-9558.154,-4209.153,179.307,129.545,-0.636730,-0.771087,-0.000369,0.770974,-0.636645,0.016780,-0.013174,0.010399,0.999859,0,0.40000,-0.60000,24.000,-1.200,-1,400.000,-1,-1,-1,325.000,325.000,300.000,300.000,-1,-1,-1,-1,-1,-1,-1,-1,2,0,2,2,2,0,0,0,0,2,2,2,2,2,2,2,2
5,-9575.926,-4186.490,178.903,128.105,-0.617150,-0.786845,-0.001195,0.786707,-0.617069,0.017846,-0.014780,0.010074,0.999840,0,0.48000,-0.72000,28.800,-1.440,-1,400.000,-1,-1,-1,325.000,325.000,300.000,300.000,-1,-1,-1,-1,-1,-1,-1,-1,2,0,2,2,2,0,0,0,0,2,2,2,2,2,2,2,2
6,-9595.877,-4159.454,178.407,126.425,-0.593812,-0.804601,-0.002148,0.804431,-0.593738,0.019121,-0.016660,0.009626,0.999815,0,0.56000,-0.84000,33.600,-1.680,-1,400.000,-1,-1,-1,325.000,325.000,300.000,300.000,-1,-1,-1,-1,-1,-1,-1,-1,2,0,2,2,2,0,0,0,0,2,2,2,2,2,2,2,2
7,-9617.629,-4127.810,177.753,124.505,-0.566517,-0.824045,-0.002953,0.823839,-0.566449,0.020596,-0.018645,0.009235,0.999784,0,0.64000,-0.96000,38.400,-1.920,-1,400.000,-1,-1,-1,325.000,-1,300.000,300.000,-1,-1,-1,-1,-1,-1,-1,-1,2,0,2,2,2,0,2,0,0,2,2,2,2,2,2,2,2
8,-9640.843,-4091.377,176.924,122.505,-0.537410,-0.843314,-0.003555,0.843068,-0.537347,0.022238,-0.020664,0.008954,0.999746,0,0.72000,-1.00000,43.200,-2.000,-1,400.000,-1,-1,-1,325.000,-1,300.000,300.000,-1,-1,-1,-1,-1,-1,-1,-1,2,0,2,2,2,0,2,0,0,2,2,2,2,2,2,2,2
9,-9665.209,-4050.021,175.947,120.505,-0.507647,-0.861555,-0.004116,0.861263,-0.507590,0.024039,-0.022800,0.008658,0.999703,0,0.80000,-1.00000,48.000,-2.000,-1,-1,-1,-1,-1,-1,-1,300.000,300.000,-1,-1,-1,-1,-1,-1,-1,-1,2,2,2,2,2,2,2,0,0,2,2,2,2,2,2,2,2
10,-9690.406,-4003.621,174.586,118.505,-0.477280,-0.878741,-0.004202,0.878375,-0.477211,0.026972,-0.025707,0.009182,0.999627,0,0.88000,-1.00000,52.800,-2.000,-1,-1,-1,-1,-1,-1,-1,300.000,300.000,-1,-1,-1,-1,-1,-1,-1,-1,2,2,2,2,2,2,2,0,0,2,2,2,2,2,2,2,2
11,-9715.143,-3954.017,171.565,116.505,-0.446483,-0.894792,-0.001039,0.894176,-0.446218,0.036593,-0.033207,0.015409,0.999330,0,0.92381,-1.00000,55.429,-2.000,-1,-1,-1,-1,-1,-1,-1,300.000,275.000,-1,-1,-1,-1,-1,-1,-1,-1,2,2,2,2,2,2,2,0,0,2,2,2,2,2,2,2,2
12,-9738.237,-3903.355,168.246,114.505,-0.415257,-0.909698,0.003263,0.908765,-0.414663,0.046903,-0.041315,0.022442,0.998894,0,0.92795,-1.00000,55.677,-2.000,-1,-1,-1,-1,-1,-1,-1,300.000,250.000,-1,-1,-1,-1,-1,-1,-1,-1,2,2,2,2,2,2,2,0,0,2,2,2,2,2,2,2,2
13,-9759.643,-3851.691,164.614,112.505,-0.383653,-0.923438,0.008481,0.922144,-0.382589,0.057241,-0.049614,0.029781,0.998324,0,0.93203,-1.00000,55.922,-2.000,-1,-1,-1,1000.000,-1,-1,-1,325.000,250.000,-1,-1,-1,-1,-1,-1,-1,-1,2,2,2,1,2,2,2,0,0,2,2,2,2,2,2,2,2
14,-9779.319,-3799.087,157.872,110.510,-0.351188,-0.936305,0.000652,0.933969,-0.350263,0.070830,-0.066090,0.025483,0.997488,0,0.93602,-0.99716,56.161,-1.994,-1,-1,-1,900.000,825.000,-1,-1,300.000,225.000,-1,-1,-1,-1,-1,-1,-1,-1,2,2,2,1,0,2,2,0,0,2,2,2,2,2,2,2,2
15,-9797.240,-3745.608,143.849,108.523,-0.315098,-0.948163,-0.041244,0.943142,-0.317683,0.097779,-0.105813,-0.008089,0.994353,0,0.93988,-0.99344,56.393,-1.987,-1,-1,-1,725.000,575.000,-1,-1,200.000,250.000,-1,-1,-1,-1,-1,-1,-1,-1,2,2,2,1,1,2,2,0,0,2,2,2,2,2,2,2,2
16,2951.696,-6887.286,87.377,10.017,0.983855,-0.173884,0.042356,0.174784,0.984432,-0.018532,-0.038475,0.025636,0.998931,1,0.00000,0.00000,56.614,-1.978,-1,400.000,-1,400.000,-1,325.000,325.000,300.000,300.000,-1,-1,-1,-1,-1,750.000,-1,-1,2,0,2,0,2,0,0,0,0,2,2,2,2,2,0,2,2
17,2956.427,-6886.471,87.193,9.777,0.984573,-0.169760,0.042408,0.170654,0.985159,-0.018418,-0.038652,0.025371,0.998931,0,0.08000,-0.12000,4.800,-0.240,-1,400.000,-1,400.000,-1,325.000,325.000,300.000,300.000,-1,-1,-1,-1,-1,750.000,-1,-1,2,0,2,0,2,0,0,0,0,2,2,2,2,2,0,2,2
18,2965.901,-6884.920,86.824,9.297,0.985956,-0.161503,0.042512,0.162386,0.986560,-0.018194,-0.039002,0.024842,0.998930,0,0.16000,-0.24000,9.600,-0.480,-1,400.000,-1,400.000,-1,325.000,325.000,300.000,300.000,-1,-1,-1,-1,-1,725.000,-1,-1,2,0,2,0,2,0,0,0,0,2,2,2,2,2,0,2,2
19,2980.140,-6882.773,86.265,8.577,0.987902,-0.149096,0.042667,0.149962,0.988530,-0.017863,-0.039514,0.024045,0.998930,0,0.24000,-0.36000,14.400,-0.720,-1,400.000,-1,400.000,-1,325.000,325.000,300.000,300.000,-1,-1,-1,-1,-1,725.000,-1,-1,2,1,2,0,2,0,0,0,0,2,2,2,2,2,0,2,2
20,2999.171,-6880.228,85.511,7.617,0.990253,-0.132516,0.042872,0.133359,0.990914,-0.017431,-0.040173,0.022979,0.998928,0,0.32000,-0.48000,19.200,-0.960,-1,450.000,-1,400.000,-1,325.000,325.000,300.000,300.000,-1,-1,-1,-1,-1,725.000,-1,-1,2,1,2,0,2,0,1,0,0,2,2,2,2,2,0,2,2
21,3023.020,-6877.546,84.556,6.417,0.992801,-0.111738,0.043126,0.112552,0.993502,-0.016908,-0.040956,0.021640,0.998927,0,0.40000,-0.60000,24.000,-1.200,-1,475.000,-1,375.000,-1,325.000,325.000,300.000,300.000,-1,-1,-1,-1,-1,725.000,-1,-1,2,1,2,0,2,1,1,0,0,2,2,2,2,2,0,2,2
22,3051.712,-6875.048,83.395,4.977,0.995284,-0.086739,0.043423,0.087515,0.996030,-0.016304,-0.041837,0.020027,0.998924,0,0.48000,-0.72000,28.800,-1.440,-1,525.000,-1,375.000,-1,325.000,325.000,300.000,300.000,-1,-1,-1,-1,-1,725.000,-1,-1,2,1,2,0,2,1,0,0,0,2,2,2,2,2,0,2,2
23,3085.256,-6873.116,82.020,3.297,0.997386,-0.057503,0.043760,0.058235,0.998181,-0.015633,-0.042781,0.018140,0.998920,0,0.56000,-0.84000,33.600,-1.680,-1,575.000,-1,375.000,-1,350.000,325.000,300.000,300.000,-1,-1,-1,-1,-1,725.000,-1,-1,2,1,2,0,2,1,0,0,0,2,2,2,2,2,0,2,2
24,3123.644,-6872.136,80.427,1.462,0.998700,-0.025516,0.044125,0.026197,0.999546,-0.014909,-0.043725,0.016046,0.998915,0,0.64000,-0.91736,38.400,-1.835,-1,625.000,-1,375.000,-1,350.000,325.000,300.000,300.000,-1,-1,-1,-1,-1,725.000,-1,-1,2,1,2,0,2,1,0,0,0,2,2,2,2,2,0,2,2
25,3166.843,-6872.411,78.614,-0.364,0.998989,0.006358,0.044508,-0.005734,0.999884,-0.014142,-0.044593,0.013873,0.998909,0,0.72000,-0.91332,43.200,-1.827,-1,650.000,-1,375.000,-1,350.000,325.000,300.000,300.000,-1,-1,-1,-1,-1,700.000,-1,-1,2,1,2,0,2,1,0,0,0,2,2,2,2,2,0,2,2
26,3214.808,-6874.239,76.580,-2.182,0.998266,0.038067,0.044898,-0.037503,0.999207,-0.013341,-0.045370,0.011634,0.998903,0,0.80000,-0.90870,48.000,-1.817,-1,650.000,-1,375.000,-1,350.000,325.000,300.000,300.000,-1,-1,-1,-1,-1,700.000,-1,-1,2,1,2,0,2,1,0,0,0,2,2,2,2,2,0,2,2
27,3267.481,-6877.912,74.197,-3.989,0.996535,0.069555,0.045599,-0.069076,0.997539,-0.011989,-0.046321,0.008798,0.998888,0,0.88000,-0.90342,52.800,-1.807,-1,625.000,-1,375.000,-1,325.000,300.000,300.000,300.000,-1,-1,-1,-1,-1,700.000,-1,-1,2,1,2,0,2,1,0,0,0,2,2,2,2,2,0,2,2
28,3321.142,-6883.346,69.605,-5.783,0.993468,0.100766,0.053547,-0.100772,0.994906,-0.002602,-0.053536,-0.002811,0.998562,0,0.89891,-0.89737,53.935,-1.795,-1,525.000,-1,350.000,-1,300.000,300.000,300.000,325.000,-1,-1,-1,-1,-1,650.000,-1,-1,2,1,2,0,2,1,0,0,0,2,2,2,2,2,0,2,2
29,3374.578,-6890.440,65.413,-7.565,0.989459,0.131637,0.060360,-0.132180,0.991213,0.005074,-0.059162,-0.012999,0.998164,0,0.89841,-0.89076,53.905,-1.782,-1,450.000,-1,350.000,-1,275.000,275.000,275.000,325.000,-1,-1,-1,-1,-1,625.000,-1,-1,2,1,2,0,2,0,0,0,0,2,2,2,2,2,0,2,2
30,3427.698,-6899.166,61.647,-9.332,0.984566,0.162120,0.065934,-0.163172,0.986538,0.010849,-0.063288,-0.021440,0.997765,0,0.89718,-0.88366,53.831,-1.767,-1,400.000,-1,350.000,-1,275.000,275.000,250.000,325.000,-1,-1,-1,-1,-1,625.000,-1,-1,2,1,2,0,2,0,0,0,0,2,2,2,2,2,1,2,2
31,3480.407,-6909.489,58.359,-11.084,0.978864,0.192179,0.069945,-0.193642,0.980962,0.014716,-0.065785,-0.027949,0.997442,0,0.89515,-0.87609,53.709,-1.752,-1,350.000,-1,325.000,-1,275.000,275.000,250.000,325.000,-1,-1,-1,-1,-1,700.000,-1,-1,2,1,2,0,2,0,0,1,0,2,2,2,2,2,1,2,2
32,3532.610,-6921.366,55.595,-12.821,0.972428,0.221782,0.072084,-0.223506,0.974559,0.016712,-0.066543,-0.032362,0.997259,0,0.89228,-0.86809,53.537,-1.736,-1,325.000,-1,325.000,-1,250.000,275.000,325.000,350.000,-1,-1,-1,-1,-1,700.000,-1,-1,2,1,2,0,2,0,0,1,0,2,2,2,2,2,1,2,2
33,3584.215,-6934.750,53.396,-14.540,0.965326,0.250904,0.072060,-0.252705,0.967396,0.016914,-0.065467,-0.034537,0.997257,0,0.88853,-0.85969,53.312,-1.719,-1,300.000,-1,325.000,-1,250.000,275.000,425.000,350.000,-1,-1,-1,-1,-1,675.000,-1,-1,2,0,2,0,2,0,0,1,0,2,2,2,2,2,1,2,2
34,3635.133,-6949.583,51.798,-16.242,0.957611,0.279527,0.069612,-0.281208,0.959523,0.015440,-0.062479,-0.034361,0.997455,0,0.88391,-0.85097,53.034,-1.702,-1,-1,-1,325.000,-1,275.000,275.000,575.000,350.000,-1,-1,-1,-1,-1,650.000,-1,-1,2,2,2,0,2,0,0,1,0,2,2,2,2,2,1,2,2
35,3685.279,-6965.807,50.829,-17.926,0.949317,0.307631,0.064505,-0.309014,0.950976,0.012441,-0.057516,-0.031743,0.997840,0,0.87843,-0.84201,52.706,-1.684,-1,-1,-1,350.000,-1,275.000,275.000,650.000,325.000,-1,-1,-1,-1,-1,650.000,-1,-1,2,2,2,0,2,0,0,1,0,2,2,2,2,2,1,2,2
36,3734.578,-6983.357,50.510,-19.592,0.940451,0.335196,0.056537,-0.336154,0.941772,0.008098,-0.050531,-0.026621,0.998368,0,0.87218,-0.83292,52.331,-1.666,-1,-1,-1,350.000,-1,650.000,300.000,750.000,325.000,-1,-1,-1,-1,-1,625.000,-1,-1,2,2,2,1,2,1,1,1,0,2,2,2,2,2,0,2,2
37,3782.961,-7002.180,50.868,-21.254,0.930898,0.362436,0.045496,-0.362920,0.931817,0.002591,-0.041455,-0.018923,0.998961,0,0.86526,-0.83108,51.916,-1.662,-1,-1,-1,400.000,-1,675.000,375.000,825.000,325.000,-1,-1,-1,-1,-1,675.000,-1,-1,2,2,2,1,2,1,1,1,0,2,2,2,2,2,0,2,2
38,3830.366,-7022.219,49.474,-22.914,0.920441,0.389283,0.035311,-0.389691,0.920931,0.005235,-0.030481,-0.018579,0.999363,0,0.85780,-0.83010,51.468,-1.660,-1,-1,-1,425.000,-1,650.000,425.000,950.000,325.000,-1,375.000,450.000,-1,-1,725.000,-1,-1,2,2,2,1,2,1,1,1,0,2,0,0,2,2,0,2,2
39,3872.893,-7041.440,42.590,-24.334,0.909992,0.411706,0.049119,-0.413132,0.910376,0.023205,-0.035163,-0.041409,0.998523,0,0.77780,-0.71010,46.668,-1.420,-1,-1,-1,400.000,-1,575.000,400.000,-1,350.000,-1,125.000,450.000,-1,-1,700.000,-1,-1,2,2,2,1,2,1,1,2,0,2,0,0,2,2,0,2,2
40,3912.358,-7060.232,31.519,-25.514,0.899033,0.429297,0.086273,-0.434226,0.899455,0.049270,-0.056448,-0.081757,0.995052,0,0.72847,-0.59010,43.708,-1.180,-1,-1,-1,350.000,-1,475.000,325.000,-1,375.000,-1,0.000,-1,-1,-1,600.000,-1,-1,2,2,2,1,2,1,1,2,0,2,1,2,2,2,0,2,2
41,3951.144,-7079.532,21.800,-26.526,0.888225,0.443552,0.119656,-0.453213,0.888634,0.070198,-0.075193,-0.116581,0.990331,0,0.72198,-0.50557,43.319,-1.011,-1,975.000,-1,300.000,-1,400.000,300.000,-1,450.000,750.000,0.000,-1,-1,-1,525.000,-1,-1,2,1,2,1,2,1,1,2,0,0,1,2,2,2,0,2,2
42,3989.264,-7099.339,13.332,-27.537,0.876646,0.457342,0.149430,-0.472357,0.877148,0.086547,-0.091490,-0.146455,0.984977,0,0.71588,-0.50590,42.953,-1.012,-1,725.000,-1,275.000,-1,350.000,250.000,-1,500.000,750.000,0.000,-1,-1,-1,450.000,-1,-1,2,1,2,1,2,1,1,2,0,1,1,2,2,2,0,2,2
43,4026.719,-7119.647,6.160,-28.550,0.864556,0.470847,0.175628,-0.491324,0.865379,0.098593,-0.105562,-0.171529,0.979507,0,0.70999,-0.50647,42.599,-1.013,-1,550.000,-1,250.000,-1,300.000,225.000,100.000,575.000,800.000,0.000,-1,-1,-1,400.000,-1,750.000,2,1,2,1,2,1,1,1,0,1,0,2,2,2,0,2,0
44,4063.515,-7140.453,0.279,-29.565,0.852204,0.484249,0.198118,-0.509836,0.853650,0.106530,-0.117537,-0.191793,0.974372,0,0.70439,-0.50728,42.263,-1.015,-1,450.000,525.000,225.000,-1,275.000,200.000,25.000,625.000,825.000,0.000,-1,-1,900.000,350.000,-1,575.000,2,1,0,1,2,1,1,0,0,1,0,2,2,1,0,2,0
45,4104.037,-7164.406,-4.821,-30.654,0.838762,0.498622,0.218756,-0.529059,0.841307,0.110903,-0.128742,-0.208756,0.969457,0,0.78439,-0.54466,47.063,-1.089,-1,350.000,425.000,200.000,-1,225.000,175.000,-1,700.000,900.000,0.000,-1,-1,600.000,300.000,-1,450.000,2,1,0,1,2,1,1,2,0,1,0,2,2,1,0,2,0
46,4144.332,-7189.276,-8.508,-31.728,0.825614,0.513070,0.234779,-0.547038,0.829812,0.110279,-0.138242,-0.219482,0.965773,0,0.78902,-0.53707,47.341,-1.074,-1,300.000,350.000,175.000,-1,200.000,150.000,-1,775.000,950.000,0.000,-1,-1,450.000,275.000,-1,350.000,2,1,0,0,2,1,1,2,0,1,0,2,2,1,0,2,0
47,4183.976,-7214.789,-10.628,-32.786,0.813074,0.527733,0.245781,-0.563603,0.819309,0.105278,-0.145812,-0.224122,0.963591,0,0.78557,-0.52900,47.134,-1.058,-1,250.000,275.000,150.000,-1,175.000,125.000,-1,800.000,0.000,0.000,-1,-1,350.000,250.000,-1,300.000,2,1,1,0,2,1,1,2,0,1,0,2,2,1,0,2,0
48,984.566,-6231.511,68.297,-98.314,-0.063796,0.919900,-0.386928,-0.978196,-0.134427,-0.158311,-0.197644,0.368392,0.908418,1,0.00000,0.00000,46.878,-1.041,-1,0.000,650.000,425.000,-1,0.000,175.000,-1,650.000,-1,0.000,0.000,200.000,0.000,-1,50.000,-1,2,1,1,1,2,1,1,2,1,2,0,1,1,1,2,0,2
49,2153.941,3071.910,241.480,-181.428,-0.998605,-0.024842,-0.046593,0.028329,-0.996726,-0.075731,-0.044560,-0.076945,0.996039,1,0.08000,-0.03540,4.800,-0.071,-1,-1,-1,325.000,-1,225.000,225.000,400.000,375.000,-1,-1,-1,-1,-1,700.000,-1,825.000,2,2,2,1,2,1,1,1,0,2,2,2,2,2,1,2,1
50,2144.344,3072.159,241.425,-181.497,-0.998493,-0.026052,-0.048299,0.029733,-0.996579,-0.077111,-0.046125,-0.078431,0.995852,0,0.16000,-0.03488,9.600,-0.070,-1,-1,-1,325.000,-1,225.000,225.000,425.000,375.000,-1,-1,-1,-1,-1,700.000,-1,825.000,2,2,2,1,2,1,1,1,0,2,2,2,2,2,1,2,1
51,2129.949,3072.550,241.329,-181.565,-0.998335,-0.027230,-0.050848,0.031214,-0.996365,-0.079268,-0.048505,-0.080723,0.995556,0,0.24000,-0.03399,14.400,-0.068,-1,-1,-1,325.000,-1,250.000,250.000,475.000,375.000,-1,-1,-1,-1,-1,700.000,-1,800.000,2,2,2,1,2,1,1,1,0,2,2,2,2,2,1,2,1
52,2110.756,3073.092,241.198,-181.631,-0.998126,-0.028359,-0.054222,0.032765,-0.996079,-0.082181,-0.051679,-0.083804,0.995141,0,0.32000,-0.03267,19.200,-0.065,-1,1000.000,-1,325.000,-1,275.000,250.000,525.000,375.000,-1,-1,-1,-1,-1,700.000,-1,775.000,2,1,2,1,2,1,1,1,0,2,2,2,2,2,1,2,1
53,2086.766,3073.795,241.038,-181.693,-0.997860,-0.029422,-0.058398,0.034382,-0.995717,-0.085827,-0.055623,-0.087651,0.994597,0,0.40000,-0.03085,24.000,-0.062,-1,975.000,-1,350.000,-1,325.000,275.000,575.000,375.000,-1,-1,-1,-1,-1,700.000,-1,750.000,2,1,2,1,2,1,1,1,0,2,2,2,2,2,1,2,1
54,2057.978,3074.668,240.858,-181.749,-0.997529,-0.030397,-0.063347,0.036055,-0.995273,-0.090179,-0.060307,-0.092240,0.993909,0,0.48000,-0.02842,28.800,-0.057,-1,950.000,-1,350.000,675.000,350.000,300.000,625.000,375.000,-1,-1,-1,-1,-1,700.000,-1,750.000,2,1,2,1,0,1,1,1,0,2,2,2,2,2,1,2,1
55,-8199.157,5575.420,258.494,133.620,-0.690122,-0.723550,-0.014384,0.723568,-0.689497,-0.032279,0.013438,-0.032685,0.999375,1,0.00000,0.00000,33.600,-0.050,-1,375.000,-1,375.000,-1,300.000,325.000,300.000,300.000,425.000,525.000,650.000,-1,675.000,725.000,-1,-1,2,0,2,0,2,0,0,0,0,1,1,1,2,0,0,2,2
56,-8202.483,5578.881,258.571,133.860,-0.693147,-0.720654,-0.014306,0.720671,-0.692521,-0.032380,0.013428,-0.032755,0.999373,0,0.08000,0.12000,4.800,0.240,-1,375.000,-1,375.000,-1,300.000,325.000,300.000,300.000,425.000,550.000,675.000,-1,675.000,725.000,-1,-1,2,0,2,0,2,0,0,0,0,1,1,1,2,0,0,2,2
57,-8209.166,5585.772,258.717,134.125,-0.696476,-0.717441,-0.014138,0.717453,-0.695845,-0.032575,0.013533,-0.032831,0.999369,0,0.16000,0.13252,9.600,0.265,-1,375.000,-1,375.000,-1,300.000,325.000,300.000,300.000,425.000,550.000,675.000,-1,675.000,725.000,-1,-1,2,0,2,0,2,0,0,0,0,1,1,1,2,0,0,2,2
58,-8219.239,5596.063,258.931,134.388,-0.699776,-0.714228,-0.013874,0.714230,-0.699139,-0.032864,0.013772,-0.032906,0.999364,0,0.24000,0.13190,14.400,0.264,-1,375.000,-1,375.000,-1,300.000,325.000,300.000,300.000,450.000,575.000,700.000,-1,675.000,725.000,-1,-1,2,0,2,0,2,0,0,0,0,1,1,1,2,0,0,2,2
59,-8232.733,5609.722,259.214,134.650,-0.703040,-0.711022,-0.013509,0.711010,-0.702396,-0.033238,0.014144,-0.032973,0.999356,0,0.32000,0.13098,19.200,0.262,-1,375.000,-1,375.000,-1,300.000,325.000,300.000,300.000,450.000,600.000,725.000,-1,675.000,725.000,-1,-1,2,0,2,0,2,0,0,0,0,1,1,1,2,0,0,2,2
60,-8249.676,5626.719,259.602,134.910,-0.706257,-0.707836,-0.013018,0.707807,-0.705611,-0.033514,0.014537,-0.032883,0.999353,0,0.40000,0.12974,24.000,0.259,-1,375.000,-1,375.000,-1,300.000,325.000,300.000,300.000,475.000,625.000,750.000,-1,675.000,725.000,-1,-1,2,0,2,0,2,0,0,0,0,1,1,1,2,0,0,2,2
61,-8270.100,5647.025,260.061,135.166,-0.709422,-0.704676,-0.012382,0.704623,-0.708775,-0.033827,0.015061,-0.032723,0.999351,0,0.48000,0.12818,28.800,0.256,-1,375.000,-1,375.000,-1,325.000,325.000,300.000,300.000,500.000,650.000,775.000,-1,675.000,725.000,-1,-1,2,0,2,0,2,0,0,0,0,1,1,1,2,0,0,2,2
62,-8294.032,5670.609,260.603,135.419,-0.712527,-0.701549,-0.011642,0.701470,-0.711879,-0.034179,0.015691,-0.032520,0.999348,0,0.56000,0.12630,33.600,0.253,-1,375.000,-1,375.000,-1,325.000,325.000,300.000,300.000,525.000,700.000,825.000,-1,675.000,725.000,-1,-1,2,0,2,0,2,0,0,0,0,1,1,1,2,0,0,2,2
63,-8321.499,5697.444,261.234,135.667,-0.715564,-0.698464,-0.010804,0.698355,-0.714917,-0.034568,0.016421,-0.032281,0.999344,0,0.64000,0.12408,38.400,0.248,-1,375.000,-1,375.000,-1,325.000,325.000,300.000,300.000,550.000,725.000,850.000,-1,675.000,725.000,-1,-1,2,0,2,0,2,0,0,0,0,1,1,1,2,0,0,2,2
64,-8352.527,5727.502,261.957,135.910,-0.718525,-0.695431,-0.009873,0.695288,-0.717879,-0.034992,0.017247,-0.032007,0.999339,0,0.72000,0.12152,43.200,0.243,-1,375.000,-1,375.000,-1,325.000,325.000,300.000,300.000,600.000,775.000,850.000,-1,675.000,725.000,-1,-1,2,0,2,0,2,0,0,0,0,1,1,0,2,0,0,2,2
65,-8382.117,5755.688,262.651,136.393,-0.724365,-0.689358,-0.009008,0.689185,-0.723720,-0.035400,0.017884,-0.031850,0.999333,0,0.68110,0.24152,40.866,0.483,-1,375.000,-1,375.000,-1,325.000,325.000,300.000,300.000,625.000,825.000,825.000,-1,675.000,725.000,-1,-1,2,0,2,0,2,0,0,0,0,1,1,0,2,0,0,2,2
66,-8412.125,5783.557,263.348,137.116,-0.733007,-0.680172,-0.008153,0.679972,-0.732363,-0.035808,0.018385,-0.031792,0.999325,0,0.68254,0.36152,40.952,0.723,-1,375.000,-1,375.000,-1,325.000,325.000,300.000,300.000,650.000,850.000,800.000,-1,675.000,725.000,-1,-1,2,0,2,0,2,0,0,0,0,1,0,0,2,0,0,2,2
67,-8442.668,5810.982,264.095,138.079,-0.744334,-0.667770,-0.007047,0.667540,-0.743695,-0.036167,0.018911,-0.031625,0.999321,0,0.68416,0.48152,41.050,0.963,-1,375.000,-1,400.000,-1,300.000,325.000,300.000,300.000,700.000,800.000,750.000,-1,675.000,725.000,-1,-1,2,0,2,0,2,0,0,0,0,1,0,0,2,0,0,2,2
68,-8473.861,5837.830,264.943,139.282,-0.758183,-0.652020,-0.005381,0.651746,-0.757564,-0.036392,0.019652,-0.031099,0.999323,0,0.68593,0.60152,41.156,1.203,-1,375.000,-1,400.000,-1,300.000,325.000,300.000,300.000,725.000,725.000,675.000,-1,675.000,750.000,-1,-1,2,0,2,0,2,0,0,0,0,1,0,0,2,0,0,2,2
69,-8505.808,5863.955,265.772,140.725,-0.774352,-0.632744,-0.003722,0.632432,-0.773755,-0.036525,0.020231,-0.030637,0.999326,0,0.68782,0.72152,41.269,1.443,-1,375.000,-1,400.000,-1,300.000,325.000,300.000,300.000,750.000,700.000,625.000,-1,675.000,750.000,-1,-1,2,0,2,0,2,0,0,0,0,1,0,0,2,0,0,2,2
70,-8538.603,5889.203,266.579,142.408,-0.792589,-0.609753,-0.002076,0.609407,-0.792014,-0.036567,0.020653,-0.030248,0.999329,0,0.68980,0.84152,41.388,1.683,-1,375.000,-1,400.000,-1,300.000,325.000,300.000,300.000,775.000,650.000,600.000,-1,700.000,750.000,-1,-1,2,0,2,0,2,0,0,0,0,1,0,0,2,0,0,2,2
71,-8572.327,5913.408,267.358,144.331,-0.812589,-0.582838,-0.000449,0.582463,-0.812038,-0.036502,0.020910,-0.029923,0.999333,0,0.69185,0.96152,41.511,1.923,-1,375.000,-1,400.000,-1,300.000,325.000,300.000,300.000,800.000,625.000,575.000,-1,700.000,750.000,-1,-1,2,0,2,0,2,0,0,0,0,1,0,0,2,0,0,2,2
72,-8606.979,5936.492,268.127,146.331,-0.832418,-0.554147,0.001053,0.553749,-0.831890,-0.036355,0.021022,-0.029680,0.999338,0,0.69395,1.00000,41.637,2.000,-1,375.000,-1,375.000,-1,300.000,325.000,300.000,300.000,825.000,600.000,550.000,-1,700.000,750.000,-1,-1,2,0,2,0,2,0,0,0,0,1,0,0,2,0,0,2,2
73,-8642.522,5958.416,268.978,148.331,-0.851239,-0.524774,0.002013,0.524368,-0.850718,-0.036290,0.020756,-0.029836,0.999339,0,0.69602,1.00000,41.761,2.000,-1,375.000,-1,375.000,-1,300.000,325.000,300.000,300.000,850.000,600.000,550.000,-1,675.000,750.000,-1,-1,2,0,2,0,2,0,0,0,0,1,0,0,2,0,0,2,2
74,-8678.912,5979.147,269.806,150.331,-0.869023,-0.494764,0.002937,0.494351,-0.868512,-0.036106,0.020415,-0.029925,0.999344,0,0.69801,1.00000,41.881,2.000,-1,375.000,-1,375.000,-1,300.000,325.000,300.000,300.000,900.000,600.000,575.000,-1,675.000,750.000,-1,-1,2,0,2,0,2,0,0,0,0,1,0,0,2,0,0,2,2
75,-8716.106,5998.648,270.753,152.331,-0.885751,-0.464144,0.003939,0.463712,-0.885236,-0.036455,0.020407,-0.030463,0.999328,0,0.69994,1.00000,41.996,2.000,-1,375.000,-1,375.000,-1,300.000,325.000,300.000,300.000,925.000,600.000,575.000,-1,675.000,750.000,-1,-1,2,0,2,0,2,0,0,0,0,1,0,0,2,0,0,2,2
76,-8754.058,6016.887,271.716,154.331,-0.901401,-0.432957,0.005004,0.432499,-0.900875,-0.037003,0.020529,-0.031190,0.999303,0,0.70179,1.00000,42.107,2.000,-1,375.000,-1,400.000,-1,300.000,325.000,300.000,300.000,950.000,600.000,575.000,-1,675.000,750.000,-1,-1,2,0,2,0,2,0,0,0,0,1,0,0,2,0,0,2,2
77,-8792.721,6033.833,272.635,156.331,-0.915951,-0.401245,0.006080,0.400762,-0.915416,-0.037464,0.020598,-0.031878,0.999279,0,0.70357,1.00000,42.214,2.000,-1,375.000,-1,400.000,-1,300.000,325.000,300.000,300.000,975.000,600.000,575.000,-1,675.000,750.000,-1,-1,2,0,2,0,2,0,0,0,0,1,0,0,2,0,0,2,2
78,-8832.046,6049.458,273.508,158.331,-0.929384,-0.369045,0.007163,0.368538,-0.928842,-0.037845,0.020619,-0.032532,0.999258,0,0.70527,1.00000,42.316,2.000,-1,375.000,-1,400.000,-1,300.000,325.000,300.000,300.000,-1,600.000,575.000,-1,675.000,750.000,-1,-1,2,0,2,0,2,0,0,0,0,2,0,0,2,0,0,2,2
79,-8871.986,6063.733,274.335,160.331,-0.941684,-0.336397,0.008250,0.335867,-0.941136,-0.038152,0.020598,-0.033157,0.999238,0,0.70690,1.00000,42.414,2.000,-1,375.000,-1,400.000,-1,300.000,325.000,300.000,300.000,-1,600.000,575.000,-1,675.000,750.000,-1,-1,2,0,2,0,2,0,0,0,0,2,0,0,2,0,0,2,2
80,-8912.488,6076.635,275.117,162.331,-0.952836,-0.303341,0.009339,0.302789,-0.952284,-0.038394,0.020540,-0.033756,0.999219,0,0.70846,1.00000,42.508,2.000,-1,375.000,-1,400.000,-1,300.000,325.000,300.000,300.000,-1,600.000,575.000,-1,675.000,750.000,-1,-1,2,0,2,0,2,0,0,0,0,2,0,0,2,0,0,2,2
81,-8955.118,6088.610,275.879,164.309,-0.962724,-0.270283,0.010482,0.269707,-0.962169,-0.038582,0.020514,-0.034316,0.999200,0,0.73800,0.98910,44.280,1.978,-1,375.000,-1,400.000,-1,300.000,325.000,300.000,300.000,-1,600.000,600.000,-1,675.000,725.000,-1,-1,2,0,2,0,2,0,0,0,0,2,0,0,2,0,0,2,2
82,-8998.233,6099.134,276.588,166.283,-0.971442,-0.236991,0.011650,0.236391,-0.970887,-0.038696,0.020481,-0.034837,0.999183,0,0.73968,0.98656,44.381,1.973,-1,375.000,-1,400.000,-1,300.000,325.000,300.000,300.000,-1,600.000,600.000,-1,675.000,725.000,-1,-1,2,0,2,0,2,0,0,0,0,2,0,0,2,0,0,2,2
83,-9046.341,6109.346,277.317,168.016,-0.978146,-0.207516,0.012954,0.206885,-0.977596,-0.038781,0.020712,-0.035253,0.999164,0,0.81968,0.86656,49.181,1.733,-1,375.000,-1,375.000,1000.000,300.000,300.000,300.000,300.000,-1,600.000,600.000,-1,675.000,725.000,-1,-1,2,0,2,0,1,0,0,0,0,2,0,0,2,0,0,2,2
84,-9099.419,6119.175,278.062,169.509,-0.983199,-0.181970,0.014391,0.181302,-0.982660,-0.038835,0.021208,-0.035574,0.999142,0,0.89968,0.74656,53.981,1.493,-1,375.000,-1,375.000,1000.000,300.000,300.000,300.000,300.000,-1,575.000,600.000,-1,650.000,725.000,-1,-1,2,0,2,0,1,0,0,0,0,2,0,0,2,0,0,2,2
85,-9153.279,6127.935,278.947,170.762,-0.986922,-0.160439,0.015658,0.159753,-0.986421,-0.038103,0.021559,-0.035103,0.999151,0,0.90946,0.62656,54.568,1.253,-1,375.000,-1,375.000,1000.000,300.000,300.000,300.000,300.000,-1,575.000,575.000,-1,650.000,725.000,-1,-1,2,0,2,0,1,0,0,0,0,2,0,0,2,0,0,2,2
86,-9207.349,6135.751,280.193,171.775,-0.989568,-0.142983,0.017643,0.142288,-0.989176,-0.035838,0.022576,-0.032954,0.999202,0,0.91053,0.50656,54.632,1.013,-1,375.000,-1,375.000,975.000,300.000,300.000,300.000,300.000,-1,575.000,550.000,-1,675.000,725.000,-1,-1,2,0,2,0,1,0,0,0,0,2,0,0,2,0,0,2,2
87,-9261.569,6142.844,281.918,172.548,-0.991373,-0.129625,0.019394,0.128889,-0.991030,-0.035323,0.023799,-0.032518,0.999188,0,0.91137,0.38656,54.682,0.773,-1,375.000,-1,375.000,-1,300.000,300.000,325.000,300.000,-1,575.000,550.000,-1,675.000,725.000,-1,-1,2,0,2,0,2,0,0,0,0,2,0,0,2,0,0,2,2
88,-9315.893,6149.436,283.722,173.081,-0.992494,-0.120400,0.021431,0.119605,-0.992200,-0.035125,0.025493,-0.032298,0.999153,0,0.91203,0.26656,54.722,0.533,-1,375.000,-1,375.000,-1,300.000,300.000,325.000,325.000,-1,575.000,550.000,-1,675.000,725.000,-1,-1,2,0,2,0,2,0,0,0,0,2,0,0,2,0,0,2,2
89,-9370.279,6155.754,285.506,173.374,-0.993050,-0.115324,0.023484,0.114473,-0.992816,-0.034831,0.027332,-0.031901,0.999117,0,0.91253,0.14656,54.752,0.293,-1,375.000,-1,375.000,-1,300.000,300.000,325.000,325.000,-1,575.000,550.000,-1,675.000,725.000,-1,-1,2,0,2,0,2,0,0,0,0,2,0,0,2,0,0,2,2
90,-9424.701,6161.967,287.276,173.486,-0.993223,-0.113382,0.025544,0.112476,-0.993056,-0.034475,0.029276,-0.031368,0.999079,0,0.91291,0.05607,54.775,0.112,-1,375.000,-1,375.000,-1,300.000,300.000,325.000,325.000,-1,575.000,550.000,-1,675.000,725.000,-1,-1,2,0,2,0,2,0,0,0,0,2,0,0,2,0,0,2,2
91,-9479.149,6168.083,289.036,173.592,-0.993374,-0.111563,0.027606,0.110605,-0.993280,-0.034091,0.031224,-0.030812,0.999037,0,0.91317,0.05252,54.790,0.105,-1,375.000,-1,375.000,-1,300.000,300.000,325.000,325.000,-1,575.000,525.000,-1,675.000,725.000,-1,-1,2,0,2,0,2,0,0,0,0,2,0,0,2,0,0,2,2
92,-9533.608,6174.106,290.785,173.689,-0.993503,-0.109870,0.029670,0.108862,-0.993486,-0.033681,0.033177,-0.030233,0.998992,0,0.91319,0.04888,54.791,0.098,-1,375.000,-1,400.000,-1,300.000,300.000,325.000,325.000,-1,575.000,525.000,-1,675.000,725.000,-1,-1,2,0,2,0,2,0,0,0,0,2,0,0,2,0,0,2,2
93,-9588.063,6180.042,292.524,173.780,-0.993611,-0.108306,0.031733,0.107251,-0.993676,-0.033247,0.035133,-0.029631,0.998943,0,0.91296,0.04516,54.778,0.090,-1,375.000,-1,400.000,-1,300.000,325.000,325.000,325.000,-1,575.000,525.000,-1,675.000,750.000,-1,-1,2,0,2,0,2,0,0,0,0,2,0,0,2,0,0,2,2
94,-9642.500,6185.896,294.252,173.862,-0.993698,-0.106873,0.033795,0.105774,-0.993849,-0.032789,0.037092,-0.029008,0.998891,0,0.91250,0.04136,54.750,0.083,-1,375.000,-1,400.000,-1,300.000,325.000,325.000,325.000,-1,575.000,525.000,-1,700.000,750.000,-1,-1,2,0,2,0,2,0,0,0,0,2,0,0,2,0,0,2,2
95,-9696.901,6191.674,295.968,173.937,-0.993765,-0.105573,0.035856,0.104433,-0.994007,-0.032309,0.039052,-0.028363,0.998835,0,0.91179,0.03751,54.707,0.075,-1,375.000,-1,400.000,-1,300.000,325.000,300.000,325.000,-1,550.000,500.000,-1,700.000,750.000,-1,-1,2,0,2,0,2,0,0,0,0,2,0,0,2,0,0,2,2
96,-9751.252,6197.383,297.674,174.005,-0.993811,-0.104409,0.037915,0.103231,-0.994149,-0.031809,0.041014,-0.027698,0.998775,0,0.91083,0.03360,54.650,0.067,-1,375.000,-1,400.000,-1,300.000,325.000,300.000,325.000,-1,525.000,450.000,-1,700.000,750.000,-1,-1,2,0,2,0,2,0,0,0,0,2,0,0,2,0,0,2,2
97,-9805.537,6203.027,299.396,174.064,-0.993841,-0.103382,0.039896,0.102176,-0.994278,-0.031172,0.042890,-0.026903,0.998718,0,0.90962,0.02967,54.577,0.059,-1,375.000,-1,400.000,-1,300.000,325.000,300.000,325.000,-1,475.000,400.000,-1,700.000,750.000,-1,-1,2,0,2,0,2,0,0,0,0,2,0,0,2,0,0,2,2
98,-9859.740,6208.615,301.560,174.115,-0.993878,-0.102495,0.041239,0.101354,-0.994432,-0.028862,0.043968,-0.024505,0.998732,0,0.90818,0.02574,54.491,0.051,-1,375.000,-1,400.000,-1,300.000,300.000,300.000,325.000,-1,475.000,400.000,-1,700.000,750.000,-1,-1,2,0,2,0,2,0,0,0,0,2,0,0,2,0,0,2,2
99,-9918.749,6214.394,304.430,174.407,-0.994351,-0.097436,0.042109,0.096307,-0.994956,-0.028075,0.044632,-0.023861,0.998718,0,0.98818,0.14574,59.291,0.291,-1,375.000,-1,400.000,-1,300.000,325.000,300.000,325.000,-1,525.000,425.000,-1,725.000,750.000,-1,-1,2,0,2,0,2,0,0,0,0,2,0,0,2,0,0,2,2
100,-9978.053,6219.651,307.325,174.933,-0.995163,-0.088288,0.043074,0.087159,-0.995817,-0.027431,0.045315,-0.023544,0.998695,0,0.99227,0.26331,59.536,0.527,-1,375.000,-1,400.000,-1,300.000,325.000,325.000,325.000,-1,550.000,475.000,-1,725.000,750.000,-1,-1,2,0,2,0,2,0,0,0,0,2,0,0,2,0,0,2,2
101,-10037.233,6224.353,310.193,175.457,-0.995887,-0.079178,0.044045,0.078049,-0.996590,-0.026786,0.046016,-0.023238,0.998670,0,0.98943,0.26199,59.366,0.524,-1,375.000,-1,400.000,-1,300.000,325.000,325.000,325.000,-1,575.000,500.000,-1,725.000,775.000,-1,-1,2,0,2,0,2,0,0,0,0,2,0,0,2,0,0,2,2
102,-10096.268,6228.503,313.032,175.979,-0.996524,-0.070098,0.045023,0.068970,-0.997276,-0.026140,0.046733,-0.022944,0.998644,0,0.98635,0.26094,59.181,0.522,-1,375.000,-1,400.000,-1,300.000,325.000,325.000,325.000,-1,600.000,525.000,-1,750.000,775.000,-1,-1,2,0,2,0,2,0,0,0,0,2,0,0,2,0,0,2,2
103,-10155.144,6232.104,315.845,176.500,-0.997075,-0.061038,0.046007,0.059911,-0.997878,-0.025494,0.047465,-0.022663,0.998616,0,0.98309,0.26018,58.986,0.520,-1,375.000,-1,400.000,-1,300.000,325.000,325.000,325.000,-1,625.000,550.000,-1,750.000,775.000,-1,-1,2,0,2,0,2,0,0,0,0,2,0,0,2,0,0,2,2
104,-10213.847,6235.161,318.632,177.019,-0.997541,-0.051990,0.046995,0.050864,-0.998396,-0.024848,0.048211,-0.022396,0.998586,0,0.97971,0.25969,58.782,0.519,-1,375.000,-1,400.000,-1,300.000,325.000,325.000,325.000,-1,650.000,575.000,-1,775.000,775.000,-1,-1,2,0,2,0,2,0,0,0,0,2,0,0,2,0,0,2,2
105,-10272.368,6237.677,321.393,177.538,-0.997924,-0.042945,0.047986,0.041820,-0.998832,-0.024201,0.048969,-0.022144,0.998555,0,0.97625,0.25949,58.575,0.519,-1,400.000,-1,400.000,-1,325.000,325.000,325.000,325.000,-1,675.000,600.000,-1,775.000,775.000,-1,-1,2,0,2,0,2,0,0,0,0,2,0,0,2,0,0,2,2
106,-10330.702,6239.656,324.129,178.057,-0.998225,-0.033893,0.048980,0.032770,-0.999185,-0.023554,0.049738,-0.021907,0.998522,0,0.97279,0.25957,58.368,0.519,-1,400.000,-1,400.000,-1,325.000,325.000,325.000,325.000,-1,700.000,625.000,-1,775.000,800.000,-1,-1,2,0,2,0,2,0,0,0,0,2,0,0,2,0,0,2,2
107,-10388.848,6241.101,326.841,178.577,-0.998442,-0.024826,0.049976,0.023705,-0.999457,-0.022907,0.050517,-0.021687,0.998488,0,0.96939,0.25993,58.163,0.520,-1,400.000,-1,400.000,-1,325.000,325.000,325.000,325.000,-1,700.000,650.000,-1,800.000,800.000,-1,-1,2,0,2,0,2,0,0,0,0,2,0,0,2,0,0,2,2
108,-10446.807,6242.013,329.530,179.098,-0.998576,-0.015735,0.050973,0.014616,-0.999645,-0.022260,0.051305,-0.021483,0.998452,0,0.96610,0.26056,57.966,0.521,-1,400.000,-1,400.000,-1,325.000,325.000,325.000,325.000,-1,725.000,675.000,-1,800.000,800.000,-1,-1,2,0,2,0,2,0,0,0,0,2,0,0,2,0,0,2,2
109,-10504.584,6242.395,332.257,179.621,-0.998649,-0.006612,0.051545,0.005498,-0.999749,-0.021708,0.051676,-0.021395,0.998435,0,0.96298,0.26145,57.779,0.523,-1,400.000,-1,400.000,-1,325.000,325.000,300.000,325.000,-1,750.000,700.000,-1,825.000,825.000,-1,-1,2,0,2,0,2,0,0,0,0,2,0,0,2,0,0,2,2
110,-10562.189,6242.248,334.931,180.146,-0.998716,0.002553,0.050595,-0.003653,-0.999759,-0.021660,0.050527,-0.021817,0.998484,0,0.96007,0.26261,57.604,0.525,-1,400.000,-1,400.000,-1,325.000,325.000,300.000,325.000,-1,825.000,775.000,-1,825.000,825.000,-1,-1,2,0,2,0,2,0,0,0,0,2,0,0,2,0,0,2,2
111,-10619.630,6241.572,337.583,180.674,-0.998697,0.011766,0.049648,-0.012854,-0.999683,-0.021646,0.049378,-0.022256,0.998532,0,0.95742,0.26401,57.445,0.528,-1,400.000,-1,400.000,-1,325.000,325.000,300.000,300.000,-1,900.000,850.000,-1,825.000,825.000,-1,-1,2,0,2,0,2,0,0,0,0,2,0,0,2,0,0,2,2
112,-10676.920,6240.366,340.215,181.206,-0.998592,0.021035,0.048705,-0.022111,-0.999521,-0.021666,0.048226,-0.022712,0.998578,0,0.95505,0.26565,57.303,0.531,-1,400.000,-1,400.000,-1,325.000,325.000,300.000,300.000,-1,975.000,950.000,-1,825.000,825.000,-1,-1,2,0,2,0,2,0,0,0,0,2,0,0,2,0,0,2,2
113,-10734.073,6238.629,342.827,181.741,-0.998397,0.030367,0.047762,-0.031432,-0.999270,-0.021718,0.047067,-0.023184,0.998623,0,0.95300,0.26751,57.180,0.535,-1,400.000,-1,400.000,-1,325.000,325.000,300.000,300.000,-1,-1,-1,-1,850.000,825.000,-1,-1,2,0,2,0,2,0,0,0,0,2,2,2,2,0,0,2,2
114,-10791.104,6236.358,345.419,182.280,-0.998111,0.039769,0.046818,-0.040824,-0.998929,-0.021800,0.045901,-0.023670,0.998666,0,0.95127,0.26959,57.076,0.539,-1,400.000,-1,400.000,-1,325.000,325.000,300.000,300.000,-1,-1,-1,-1,850.000,825.000,-1,-1,2,0,2,0,2,0,0,0,0,2,2,2,2,0,0,2,2
115,-10848.028,6233.550,347.993,182.824,-0.997733,0.049247,0.045872,-0.050292,-0.998494,-0.021913,0.044724,-0.024171,0.998707,0,0.94988,0.27188,56.993,0.544,-1,400.000,-1,400.000,-1,325.000,325.000,300.000,300.000,-1,-1,-1,-1,850.000,825.000,-1,-1,2,0,2,0,2,0,0,0,0,2,2,2,2,0,0,2,2
116,-10904.859,6230.201,350.549,183.372,-0.997258,0.058806,0.044922,-0.059841,-0.997964,-0.022056,0.043533,-0.024683,0.998747,0,0.94884,0.27436,56.930,0.549,-1,400.000,-1,400.000,-1,325.000,325.000,300.000,300.000,-1,-1,-1,925.000,850.000,825.000,-1,-1,2,0,2,0,2,0,0,0,0,2,2,2,1,0,0,2,2
117,-10961.614,6226.306,353.087,183.926,-0.996685,0.068453,0.043965,-0.069478,-0.997336,-0.022227,0.042327,-0.025208,0.998786,0,0.94813,0.27703,56.888,0.554,-1,400.000,-1,400.000,-1,325.000,325.000,300.000,300.000,-1,-1,-1,875.000,850.000,825.000,-1,-1,2,0,2,0,2,0,0,0,0,2,2,2,1,0,0,2,2
118,-11018.305,6221.858,355.608,184.486,-0.996011,0.078191,0.043001,-0.079206,-0.996606,-0.022427,0.041101,-0.025743,0.998823,0,0.94777,0.27987,56.866,0.560,-1,400.000,-1,400.000,-1,325.000,325.000,300.000,300.000,-1,-1,-1,875.000,850.000,850.000,-1,-1,2,0,2,0,2,0,0,0,0,2,2,2,1,0,1,2,2
119,-11074.948,6216.850,358.112,185.052,-0.995231,0.088027,0.042027,-0.089031,-0.995771,-0.022654,0.039855,-0.026288,0.998860,0,0.94773,0.28287,56.864,0.566,-1,400.000,-1,400.000,-1,325.000,325.000,300.000,300.000,-1,-1,-1,900.000,850.000,825.000,-1,-1,2,0,2,0,2,0,0,0,0,2,2,2,1,0,1,2,2
120,-11131.555,6211.276,360.572,185.624,-0.994341,0.097963,0.041105,-0.098954,-0.994831,-0.022802,0.038659,-0.026740,0.998895,0,0.94802,0.28603,56.881,0.572,-1,400.000,-1,400.000,-1,325.000,325.000,300.000,300.000,-1,-1,-1,925.000,850.000,800.000,-1,-1,2,0,2,0,2,0,0,0,0,2,2,2,1,0,1,2,2
121,-11188.139,6205.126,362.543,186.203,-0.993364,0.108007,0.039536,-0.108926,-0.993809,-0.021883,0.036928,-0.026044,0.998979,0,0.94861,0.28933,56.917,0.579,-1,425.000,-1,400.000,1000.000,325.000,325.000,300.000,300.000,-1,-1,-1,975.000,875.000,775.000,-1,-1,2,0,2,0,1,0,0,0,0,2,2,2,1,0,1,2,2
122,-11244.709,6198.392,364.159,186.788,-0.992274,0.118155,0.037825,-0.119052,-0.992635,-0.022407,0.034899,-0.026737,0.999033,0,0.94950,0.29277,56.970,0.586,-1,400.000,-1,400.000,925.000,325.000,325.000,300.000,300.000,-1,-1,-1,1000.000,850.000,775.000,-1,-1,2,0,2,0,1,0,0,0,0,2,2,2,1,0,1,2,2
123,-11304.205,6190.638,365.840,187.426,-0.990965,0.129193,0.036032,-0.130065,-0.991239,-0.022993,0.032746,-0.027472,0.999086,0,1.00000,0.31885,60.000,0.638,-1,400.000,-1,400.000,875.000,325.000,325.000,300.000,300.000,-1,-1,-1,-1,850.000,750.000,-1,-1,2,0,2,0,1,0,0,0,0,2,2,2,2,0,1,2,2
124,-11363.613,6182.228,367.500,188.057,-0.989544,0.140103,0.034251,-0.140948,-0.989735,-0.023615,0.030591,-0.028195,0.999134,0,1.00000,0.31563,60.000,0.631,-1,400.000,-1,400.000,825.000,325.000,325.000,300.000,300.000,-1,-1,-1,-1,850.000,750.000,-1,-1,2,0,2,0,1,0,0,0,0,2,2,2,2,0,1,2,2
125,-11422.925,6173.171,369.137,188.681,-0.988019,0.150877,0.032481,-0.151691,-0.988130,-0.024268,0.028434,-0.028904,0.999178,0,1.00000,0.31217,60.000,0.624,-1,400.000,-1,400.000,775.000,325.000,325.000,300.000,300.000,-1,-1,-1,-1,850.000,750.000,-1,1000.000,2,0,2,0,1,0,0,0,0,2,2,2,2,0,1,2,1
126,-11482.136,6163.476,370.751,189.298,-0.986394,0.161504,0.030726,-0.162287,-0.986428,-0.024950,0.026279,-0.029597,0.999216,0,1.00000,0.30846,60.000,0.617,-1,400.000,-1,400.000,725.000,325.000,325.000,300.000,300.000,-1,-1,-1,-1,825.000,750.000,-1,1000.000,2,0,2,1,1,0,0,0,0,2,2,2,2,0,1,2,1
127,-11541.241,6153.153,372.342,189.907,-0.984675,0.171975,0.028984,-0.172723,-0.984636,-0.025656,0.024126,-0.030269,0.999251,0,1.00000,0.30448,60.000,0.609,-1,400.000,-1,400.000,700.000,325.000,325.000,300.000,300.000,-1,-1,-1,-1,825.000,775.000,-1,1000.000,2,0,2,1,1,0,0,0,0,2,2,2,2,0,1,2,1
128,-11600.235,6142.210,373.908,190.508,-0.982869,0.182281,0.027257,-0.182993,-0.982760,-0.026384,0.021977,-0.030920,0.999280,0,1.00000,0.30024,60.000,0.600,-1,400.000,-1,425.000,650.000,325.000,325.000,300.000,300.000,-1,-1,-1,-1,825.000,800.000,-1,950.000,2,0,2,0,1,0,0,0,0,2,2,2,2,0,1,2,1
129,-11655.386,6131.396,375.353,191.093,-0.980999,0.192310,0.025653,-0.192984,-0.980828,-0.027083,0.019953,-0.031519,0.999304,0,0.93669,0.29273,56.202,0.585,-1,400.000,-1,425.000,650.000,325.000,325.000,300.000,300.000,-1,-1,-1,-1,825.000,825.000,-1,925.000,2,0,2,0,1,0,0,0,0,2,2,2,2,0,1,2,1
130,-11710.459,6120.022,376.776,191.670,-0.979056,0.202163,0.024063,-0.202799,-0.978826,-0.027797,0.017934,-0.032095,0.999324,0,0.93725,0.28820,56.235,0.576,-1,400.000,-1,425.000,625.000,325.000,325.000,300.000,300.000,-1,-1,-1,-1,800.000,800.000,-1,875.000,2,0,2,0,1,0,0,0,0,2,2,2,2,0,1,2,1
131,-11765.426,6108.100,378.036,192.236,-0.977040,0.211837,0.022776,-0.212431,-0.976777,-0.027938,0.016329,-0.032135,0.999350,0,0.93742,0.28343,56.245,0.567,-1,400.000,-1,425.000,600.000,325.000,325.000,300.000,300.000,-1,-1,-1,-1,800.000,775.000,-1,850.000,2,0,2,0,1,0,0,0,0,2,2,2,2,0,1,2,1
132,-11820.260,6095.649,378.916,192.793,-0.974970,0.221328,0.021154,-0.221852,-0.974712,-0.026807,0.014686,-0.030829,0.999417,0,0.93718,0.27841,56.231,0.557,-1,400.000,-1,425.000,600.000,325.000,325.000,300.000,300.000,-1,-1,-1,-1,800.000,725.000,-1,800.000,2,0,2,0,1,0,0,0,0,2,2,2,2,0,1,2,1
133,-11874.934,6082.686,379.414,193.340,-0.972859,0.230625,0.018908,-0.231057,-0.972613,-0.025222,0.012573,-0.028906,0.999503,0,0.93650,0.27314,56.190,0.546,-1,400.000,-1,425.000,600.000,325.000,325.000,300.000,300.000,-1,-1,-1,-1,800.000,700.000,-1,775.000,2,0,2,0,1,0,0,0,0,2,2,2,2,0,1,2,1
134,-11929.419,6069.228,379.369,193.875,-0.970713,0.239712,0.015947,-0.240047,-0.970458,-0.024262,0.009660,-0.027380,0.999578,0,0.93536,0.26764,56.122,0.535,-1,400.000,-1,425.000,600.000,325.000,325.000,300.000,300.000,-1,-1,-1,-1,775.000,650.000,-1,725.000,2,0,2,0,1,0,0,0,0,2,2,2,2,0,1,2,1
135,-11983.683,6055.297,379.545,194.399,-0.968512,0.248578,0.013909,-0.248855,-0.968240,-0.024124,0.007471,-0.026826,0.999612,0,0.93375,0.26194,56.025,0.524,-1,400.000,-1,425.000,575.000,325.000,325.000,300.000,300.000,-1,-1,-1,-1,775.000,600.000,-1,675.000,2,0,2,0,1,0,0,0,1,2,2,2,2,0,1,2,1
136,-12037.700,6040.913,379.733,194.911,-0.966277,0.257226,0.011966,-0.257448,-0.965994,-0.024001,0.005386,-0.026273,0.999640,0,0.93164,0.25604,55.899,0.512,-1,400.000,-1,400.000,525.000,325.000,325.000,300.000,275.000,-1,-1,-1,-1,750.000,575.000,-1,625.000,2,0,2,0,1,0,0,0,1,2,2,2,2,0,1,2,1
137,-12091.438,6026.100,379.934,195.411,-0.964017,0.265650,0.010122,-0.265821,-0.963727,-0.023889,0.003409,-0.025719,0.999663,0,0.92905,0.25000,55.743,0.500,-1,400.000,-1,400.000,500.000,325.000,325.000,300.000,250.000,-1,-1,-1,-1,750.000,550.000,-1,575.000,2,0,2,1,1,0,0,0,1,2,2,2,2,0,1,2,1
