timestep,x_cm,y_cm,z_cm,yaw_deg,basis_xx,basis_xy,basis_xz,basis_yx,basis_yy,basis_yz,basis_zx,basis_zy,basis_zz,teleport_flag,throttle_cmd,steering_cmd,cmd_move_cm,cmd_turn_deg,lidar_cm_0,lidar_cm_1,lidar_cm_2,lidar_cm_3,lidar_cm_4,lidar_cm_5,lidar_cm_6,lidar_cm_7,lidar_cm_8,lidar_cm_9,lidar_cm_10,lidar_cm_11,lidar_cm_12,lidar_cm_13,lidar_cm_14,lidar_cm_15,lidar_cm_16,lidar_class_0,lidar_class_1,lidar_class_2,lidar_class_3,lidar_class_4,lidar_class_5,lidar_class_6,lidar_class_7,lidar_class_8,lidar_class_9,lidar_class_10,lidar_class_11,lidar_class_12,lidar_class_13,lidar_class_14,lidar_class_15,lidar_class_16
0,323.624,-6885.226,312.889,154.463,-0.898883,-0.430908,0.079552,0.431889,-0.901911,-0.005313,0.074038,0.029582,0.996817,1,0.08000,-0.12000,4.800,-0.240,-1,425.000,-1,450.000,-1,350.000,350.000,350.000,325.000,-1,-1,-1,-1,-1,-1,-1,-1,2,0,2,0,2,0,0,0,0,2,2,2,2,2,2,2,2
1,314.997,-6881.015,313.711,153.983,-0.895291,-0.438432,0.078940,0.439492,-0.898236,-0.004336,0.072808,0.030811,0.996870,0,0.16000,-0.24000,9.600,-0.480,-1,450.000,-1,450.000,-1,350.000,350.000,350.000,300.000,-1,-1,-1,-1,-1,-1,-1,-1,2,0,2,0,2,0,0,0,0,2,2,2,2,2,2,2,2
2,302.136,-6874.538,314.943,153.263,-0.889782,-0.449658,0.078079,0.450835,-0.892603,-0.002830,0.070966,0.032682,0.996943,0,0.24000,-0.36000,14.400,-0.720,-1,450.000,-1,450.000,-1,350.000,350.000,350.000,300.000,-1,-1,-1,-1,-1,-1,-1,-1,2,0,2,0,2,0,0,0,0,2,2,2,2,2,2,2,2
3,285.136,-6865.615,316.584,152.303,-0.882211,-0.464510,0.077038,0.465842,-0.884867,-0.000753,0.068518,0.035223,0.997028,0,0.32000,-0.48000,19.200,-0.960,-1,450.000,-1,425.000,-1,350.000,350.000,350.000,300.000,-1,-1,-1,-1,-1,-1,-1,-1,2,0,2,0,2,0,0,0,0,2,2,2,2,2,2,2,2
4,264.124,-6854.019,318.632,151.103,-0.872389,-0.482881,0.075913,0.484407,-0.874840,0.001949,0.065471,0.038474,0.997113,0,0.40000,-0.60000,24.000,-1.200,-1,450.000,-1,425.000,-1,350.000,350.000,350.000,300.000,-1,-1,-1,-1,-1,-1,-1,-1,2,0,2,0,2,0,0,0,0,2,2,2,2,2,2,2,2
5,239.240,-6839.520,321.068,149.768,-0.861017,-0.503048,0.074786,0.504797,-0.863222,0.005303,0.061889,0.042317,0.997186,0,0.48000,-0.66731,28.800,-1.335,-1,450.000,-1,425.000,-1,350.000,350.000,375.000,300.000,-1,-1,-1,-1,-1,-1,-1,-1,2,0,2,0,2,0,0,0,0,2,2,2,2,2,2,2,2
6,210.611,-6821.931,323.759,148.431,-0.849201,-0.522972,0.073199,0.524927,-0.851098,0.009126,0.057527,0.046174,0.997276,0,0.56000,-0.66880,33.600,-1.338,-1,475.000,-1,425.000,-1,350.000,350.000,375.000,300.000,-1,-1,-1,-1,-1,-1,-1,-1,2,0,2,0,2,0,0,0,0,2,2,2,2,2,2,2,2
7,178.375,-6801.066,325.759,147.088,-0.836994,-0.542763,0.069631,0.544643,-0.838609,0.010007,0.052962,0.046300,0.997523,0,0.64000,-0.67117,38.400,-1.342,-1,475.000,-1,425.000,-1,350.000,350.000,375.000,300.000,-1,-1,-1,-1,-1,1000.000,-1,-1,2,0,2,0,2,0,0,0,0,2,2,2,2,2,0,2,2
8,142.671,-6776.745,327.676,145.739,-0.824244,-0.562386,0.065913,0.564120,-0.825634,0.009825,0.048895,0.045281,0.997777,0,0.72000,-0.67464,43.200,-1.349,-1,475.000,-1,425.000,-1,350.000,350.000,350.000,300.000,-1,-1,-1,-1,-1,975.000,-1,-1,2,0,2,0,2,0,0,0,0,2,2,2,2,2,0,2,2
9,107.835,-6751.786,329.543,144.380,-0.810920,-0.581829,0.062322,0.583439,-0.812096,0.009977,0.044807,0.044452,0.998006,0,0.71424,-0.67943,42.855,-1.359,-1,475.000,-1,425.000,-1,350.000,350.000,350.000,300.000,-1,-1,-1,-1,-1,975.000,-1,-1,2,0,2,0,2,0,0,0,0,2,2,2,2,2,0,2,2
10,74.038,-6726.324,331.008,143.010,-0.797102,-0.601134,0.057160,0.602545,-0.798022,0.010004,0.039601,0.042416,0.998315,0,0.70524,-0.68507,42.315,-1.370,-1,450.000,-1,425.000,-1,350.000,350.000,350.000,300.000,-1,-1,0.000,-1,-1,950.000,-1,-1,2,0,2,0,2,0,0,0,0,2,2,0,2,2,0,2,2
11,41.245,-6700.355,332.218,141.627,-0.782706,-0.620287,0.051138,0.621477,-0.783366,0.010195,0.033736,0.039761,0.998640,0,0.69718,-0.69150,41.831,-1.383,-1,450.000,-1,425.000,-1,350.000,325.000,325.000,300.000,-1,-1,0.000,-1,-1,925.000,-1,-1,2,0,2,0,2,0,0,0,0,2,2,0,2,2,0,2,2
12,9.422,-6673.866,333.425,140.230,-0.767640,-0.639261,0.045543,0.640268,-0.768074,0.010882,0.028024,0.037513,0.998903,0,0.69010,-0.69867,41.406,-1.397,-1,425.000,-1,425.000,-1,350.000,325.000,325.000,325.000,-1,-1,25.000,-1,975.000,900.000,-1,-1,2,0,2,0,2,0,0,0,0,2,2,0,2,0,0,2,2
13,-18.235,-6649.885,334.505,139.072,-0.754792,-0.654685,0.040940,0.655556,-0.755053,0.011884,0.023132,0.035808,0.999091,0,0.61010,-0.57867,36.606,-1.157,-1,425.000,-1,425.000,-1,325.000,325.000,325.000,325.000,-1,-1,-1,-1,925.000,875.000,-1,-1,2,0,2,0,2,0,0,0,0,2,2,2,2,0,0,2,2
14,-41.928,-6628.666,335.440,138.155,-0.744380,-0.666719,0.037217,0.667486,-0.744507,0.013072,0.018993,0.034572,0.999222,0,0.53010,-0.45867,31.806,-0.917,-1,425.000,-1,425.000,-1,325.000,325.000,325.000,325.000,-1,-1,-1,-1,900.000,850.000,-1,-1,2,0,2,0,2,0,0,0,0,2,2,2,2,0,0,2,2
15,-61.831,-6610.413,336.142,137.478,-0.736575,-0.675486,0.034292,0.676182,-0.736588,0.014706,0.015326,0.034020,0.999304,0,0.45010,-0.33867,27.006,-0.677,-1,425.000,-1,400.000,-1,325.000,325.000,325.000,325.000,-1,-1,-1,-1,875.000,850.000,-1,-1,2,0,2,0,2,0,0,0,0,2,2,2,2,0,0,2,2
16,-78.082,-6595.280,336.636,137.040,-0.731481,-0.681090,0.032432,0.681744,-0.731412,0.016189,0.012695,0.033952,0.999343,0,0.37010,-0.21867,22.206,-0.437,-1,400.000,-1,400.000,-1,325.000,325.000,325.000,325.000,-1,-1,-1,-1,850.000,825.000,-1,-1,2,0,2,0,2,0,0,0,0,2,2,2,2,0,0,2,2
17,-90.779,-6583.374,336.872,136.843,-0.729171,-0.683593,0.031782,0.684239,-0.729049,0.017471,0.011227,0.034486,0.999342,0,0.29010,-0.09867,17.406,-0.197,-1,400.000,-1,400.000,-1,325.000,325.000,325.000,325.000,-1,-1,-1,-1,850.000,825.000,-1,-1,2,0,2,0,2,0,0,0,0,2,2,2,2,0,0,2,2
18,-99.981,-6574.759,337.047,136.886,-0.729707,-0.683041,0.031342,0.683682,-0.729549,0.018371,0.010318,0.034833,0.999340,0,0.21010,0.02133,12.606,0.043,-1,400.000,-1,400.000,-1,325.000,325.000,325.000,325.000,-1,-1,-1,-1,850.000,825.000,-1,-1,2,0,2,0,2,0,0,0,0,2,2,2,2,0,0,2,2
19,-105.705,-6569.452,337.158,137.168,-0.733081,-0.679431,0.031084,0.680068,-0.732906,0.018871,0.009960,0.034973,0.999339,0,0.13010,0.14133,7.806,0.283,-1,400.000,-1,400.000,-1,325.000,325.000,325.000,325.000,-1,-1,-1,-1,825.000,800.000,-1,-1,2,0,2,0,2,0,0,0,0,2,2,2,2,0,0,2,2
20,-107.928,-6567.429,337.203,137.691,-0.739249,-0.672718,0.031001,0.673356,-0.739075,0.018971,0.010150,0.034898,0.999339,0,0.05010,0.26133,3.006,0.523,-1,400.000,-1,400.000,-1,325.000,325.000,325.000,325.000,-1,-1,-1,-1,850.000,800.000,-1,-1,2,0,2,0,2,0,0,0,0,2,2,2,2,0,0,2,2
21,-106.585,-6568.619,337.180,138.454,-0.748125,-0.662828,0.031111,0.663468,-0.747971,0.018687,0.010884,0.034621,0.999341,0,-0.02990,0.38133,-1.794,0.763,-1,400.000,-1,400.000,-1,325.000,325.000,325.000,325.000,-1,-1,-1,-1,850.000,800.000,-1,-1,2,0,2,0,2,0,0,0,0,2,2,2,2,0,0,2,2
22,-101.574,-6572.906,337.087,139.453,-0.759546,-0.649692,0.031453,0.650340,-0.759429,0.018053,0.012157,0.034167,0.999342,0,-0.10990,0.49964,-6.594,0.999,-1,400.000,-1,400.000,-1,325.000,325.000,325.000,325.000,-1,-1,-1,-1,850.000,800.000,-1,-1,2,0,2,0,2,0,0,0,0,2,2,2,2,0,0,2,2
23,-92.819,-6580.197,336.922,140.212,-0.768056,-0.639582,0.032026,0.640239,-0.767984,0.017195,0.013598,0.033710,0.999339,0,-0.18990,0.37964,-11.394,0.759,-1,425.000,-1,400.000,-1,325.000,325.000,325.000,325.000,-1,-1,-1,-1,850.000,825.000,-1,-1,2,0,2,0,2,0,0,0,0,2,2,2,2,0,0,2,2
24,-83.951,-6587.448,336.754,140.732,-0.773789,-0.632603,0.032618,0.633269,-0.773758,0.016410,0.014858,0.033354,0.999333,0,-0.19091,0.25964,-11.455,0.519,-1,425.000,-1,400.000,-1,325.000,325.000,325.000,325.000,-1,-1,-1,-1,875.000,825.000,-1,-1,2,0,2,0,2,0,0,0,0,2,2,2,2,0,0,2,2
25,-75.108,-6594.605,336.586,141.011,-0.776834,-0.628829,0.033203,0.629504,-0.776839,0.015690,0.015927,0.033090,0.999325,0,-0.18961,0.13964,-11.376,0.279,-1,425.000,-1,400.000,-1,325.000,325.000,325.000,325.000,-1,-1,-1,-1,875.000,825.000,-1,-1,2,0,2,0,2,0,0,0,0,2,2,2,2,0,0,2,2
26,-66.296,-6601.729,336.269,141.050,-0.777218,-0.628289,0.034438,0.628996,-0.777261,0.015167,0.017238,0.033449,0.999292,0,-0.18885,0.01964,-11.331,0.039,-1,425.000,-1,400.000,-1,325.000,325.000,325.000,325.000,-1,-1,-1,-1,875.000,825.000,-1,-1,2,0,2,0,2,0,0,0,0,2,2,2,2,0,0,2,2
27,-57.518,-6608.876,335.947,140.849,-0.774964,-0.630998,0.035654,0.631738,-0.775043,0.014673,0.018375,0.033895,0.999256,0,-0.18867,-0.10036,-11.320,-0.201,-1,425.000,-1,400.000,-1,325.000,325.000,325.000,325.000,-1,-1,-1,-1,900.000,850.000,-1,-1,2,0,2,0,2,0,0,0,0,2,2,2,2,0,0,2,2
28,-48.774,-6616.108,335.622,140.409,-0.770041,-0.636930,0.036829,0.637701,-0.770153,0.014184,0.019330,0.034408,0.999221,0,-0.18911,-0.22036,-11.347,-0.441,-1,425.000,-1,400.000,-1,325.000,325.000,325.000,325.000,-1,-1,-1,-1,900.000,850.000,-1,-1,2,0,2,0,2,0,0,0,0,2,2,2,2,0,0,2,2
29,-40.067,-6623.485,335.298,139.728,-0.762375,-0.646022,0.037954,0.646824,-0.762517,0.013677,0.020105,0.034976,0.999186,0,-0.19020,-0.34036,-11.412,-0.681,-1,425.000,-1,425.000,-1,325.000,325.000,325.000,325.000,-1,-1,-1,-1,900.000,850.000,-1,-1,2,0,2,0,2,0,0,0,0,2,2,2,2,0,0,2,2
30,-31.392,-6631.060,334.968,138.874,-0.752612,-0.657307,0.039035,0.658138,-0.752782,0.013169,0.020729,0.035601,0.999151,0,-0.19196,-0.42722,-11.517,-0.854,-1,425.000,-1,425.000,-1,325.000,325.000,325.000,325.000,-1,-1,-1,-1,900.000,875.000,-1,-1,2,0,2,0,2,0,0,0,0,2,2,2,2,0,0,2,2
31,-22.729,-6638.854,334.616,138.024,-0.742740,-0.668378,0.040118,0.669242,-0.742935,0.012745,0.021287,0.036315,0.999114,0,-0.19422,-0.42473,-11.653,-0.849,-1,425.000,-1,425.000,-1,325.000,325.000,325.000,325.000,-1,-1,-1,-1,925.000,875.000,-1,-1,2,0,2,0,2,0,0,0,0,2,2,2,2,0,0,2,2
32,-14.081,-6646.868,334.270,137.180,-0.732763,-0.679236,0.041199,0.680133,-0.732986,0.012275,0.021861,0.037015,0.999076,0,-0.19651,-0.42218,-11.790,-0.844,-1,425.000,-1,425.000,-1,325.000,325.000,325.000,325.000,-1,-1,-1,-1,925.000,875.000,-1,-1,2,0,2,0,2,0,0,0,0,2,2,2,2,0,0,2,2
33,-5.452,-6655.104,333.929,136.341,-0.722689,-0.689880,0.042276,0.690809,-0.722942,0.011759,0.022451,0.037703,0.999037,0,-0.19881,-0.41956,-11.929,-0.839,-1,425.000,-1,425.000,-1,325.000,325.000,325.000,325.000,-1,-1,-1,-1,925.000,900.000,-1,-1,2,0,2,0,2,0,0,0,0,2,2,2,2,0,0,2,2
34,3.156,-6663.562,333.594,135.507,-0.712523,-0.700308,0.043349,0.701270,-0.712808,0.011196,0.023058,0.038377,0.998997,0,-0.20114,-0.41688,-12.068,-0.834,-1,425.000,-1,425.000,-1,325.000,325.000,325.000,325.000,-1,-1,-1,-1,925.000,900.000,-1,-1,2,0,2,0,2,0,0,0,0,2,2,2,2,0,0,2,2
35,11.740,-6672.243,333.264,134.679,-0.702273,-0.710521,0.044415,0.711514,-0.702593,0.010587,0.023684,0.039037,0.998957,0,-0.20348,-0.41413,-12.209,-0.828,-1,425.000,-1,425.000,-1,325.000,325.000,325.000,325.000,-1,-1,25.000,-1,925.000,900.000,-1,-1,2,0,2,0,2,0,0,0,0,2,2,0,2,0,0,2,2
36,20.297,-6681.149,332.941,133.856,-0.691945,-0.720516,0.045476,0.721540,-0.692302,0.009932,0.024327,0.039685,0.998916,0,-0.20584,-0.41131,-12.350,-0.823,-1,425.000,-1,425.000,-1,325.000,325.000,325.000,325.000,-1,-1,0.000,-1,925.000,925.000,-1,-1,2,0,2,0,2,0,0,0,0,2,2,0,2,0,0,2,2
37,28.823,-6690.280,332.624,133.039,-0.681547,-0.730294,0.046528,0.731348,-0.681942,0.009230,0.024989,0.040318,0.998874,0,-0.20822,-0.40842,-12.493,-0.817,-1,425.000,-1,425.000,-1,325.000,325.000,325.000,325.000,-1,-1,0.000,-1,950.000,925.000,-1,-1,2,0,2,0,2,0,0,0,0,2,2,0,2,0,0,2,2
38,37.316,-6699.638,332.314,132.228,-0.671084,-0.739854,0.047571,0.740937,-0.671521,0.008481,0.025670,0.040939,0.998832,0,-0.21062,-0.40547,-12.637,-0.811,-1,425.000,-1,425.000,-1,325.000,325.000,325.000,325.000,-1,-1,0.000,-1,950.000,925.000,-1,-1,2,0,2,0,2,0,0,0,0,2,2,0,2,0,0,2,2
39,45.773,-6709.223,332.010,131.423,-0.660563,-0.749195,0.048605,0.750307,-0.661045,0.007686,0.026372,0.041546,0.998788,0,-0.21304,-0.40245,-12.783,-0.805,-1,425.000,-1,425.000,-1,325.000,325.000,325.000,325.000,-1,-1,0.000,-1,950.000,950.000,-1,-1,2,0,2,0,2,0,0,0,0,2,2,0,2,0,0,2,2
40,54.190,-6719.036,331.713,130.625,-0.649992,-0.758319,0.049628,0.759458,-0.650521,0.006845,0.027094,0.042140,0.998744,0,-0.21548,-0.39936,-12.929,-0.799,-1,425.000,-1,425.000,-1,325.000,325.000,325.000,325.000,-1,-1,0.000,-1,950.000,950.000,-1,-1,2,0,2,0,2,0,0,0,0,2,2,0,2,0,0,2,2
41,59.422,-6725.257,331.533,130.066,-0.642528,-0.764614,0.050237,0.765769,-0.643085,0.006290,0.027497,0.042512,0.998718,0,-0.13548,-0.27936,-8.129,-0.559,-1,425.000,-1,425.000,-1,325.000,325.000,325.000,325.000,-1,-1,0.000,-1,975.000,950.000,-1,-1,2,0,2,0,2,0,0,0,0,2,2,0,2,0,0,2,2
42,61.550,-6727.816,331.464,129.747,-0.638250,-0.768174,0.050449,0.769335,-0.638817,0.006048,0.027582,0.042672,0.998708,0,-0.05548,-0.15936,-3.329,-0.319,-1,425.000,-1,425.000,-1,325.000,325.000,325.000,325.000,-1,-1,0.000,-1,975.000,950.000,-1,-1,2,0,2,0,2,0,0,0,0,2,2,0,2,0,0,2,2
43,60.611,-6726.683,331.502,129.668,-0.637205,-0.769053,0.050272,0.770209,-0.637762,0.006129,0.027348,0.042625,0.998717,0,0.02452,-0.03936,1.471,-0.079,-1,425.000,-1,425.000,-1,325.000,325.000,325.000,325.000,-1,-1,0.000,-1,975.000,950.000,-1,-1,2,0,2,0,2,0,0,0,0,2,2,0,2,0,0,2,2
44,56.594,-6721.867,331.647,129.830,-0.639403,-0.767263,0.049708,0.768404,-0.639931,0.006533,0.026798,0.042373,0.998742,0,0.10452,0.08064,6.271,0.161,-1,425.000,-1,425.000,-1,325.000,325.000,325.000,325.000,-1,-1,0.000,-1,950.000,950.000,-1,-1,2,0,2,0,2,0,0,0,0,2,2,0,2,0,0,2,2
45,49.444,-6713.415,331.905,130.231,-0.644821,-0.762777,0.048751,0.763894,-0.645302,0.007245,0.025933,0.041912,0.998785,0,0.18452,0.20064,11.071,0.401,-1,425.000,-1,425.000,-1,325.000,325.000,325.000,325.000,-1,-1,0.000,-1,950.000,950.000,-1,-1,2,0,2,0,2,0,0,0,0,2,2,0,2,0,0,2,2
46,39.059,-6701.413,332.281,130.872,-0.653400,-0.755529,0.047387,0.756608,-0.653817,0.008238,0.024759,0.041236,0.998843,0,0.26452,0.32064,15.871,0.641,-1,425.000,-1,425.000,-1,325.000,325.000,325.000,325.000,-1,-1,0.000,-1,950.000,925.000,-1,-1,2,0,2,0,2,0,0,0,0,2,2,0,2,0,0,2,2
47,25.294,-6685.992,332.787,131.753,-0.665044,-0.745411,0.045597,0.746441,-0.665384,0.009470,0.023280,0.040334,0.998915,0,0.34452,0.44064,20.671,0.881,-1,425.000,-1,425.000,-1,325.000,325.000,325.000,325.000,-1,-1,0.000,-1,925.000,925.000,-1,-1,2,0,2,0,2,0,0,0,0,2,2,0,2,0,0,2,2
48,7.964,-6667.325,333.436,132.875,-0.679621,-0.732281,0.043357,0.733248,-0.679874,0.010889,0.021504,0.039192,0.999000,0,0.42452,0.56064,25.471,1.121,-1,425.000,-1,425.000,-1,325.000,325.000,325.000,325.000,-1,-1,25.000,-1,925.000,900.000,-1,-1,2,0,2,0,2,0,0,0,0,2,2,0,2,0,0,2,2
49,-13.125,-6645.609,334.244,134.162,-0.696031,-0.716861,0.040631,0.717750,-0.696190,0.012428,0.019378,0.037813,0.999097,0,0.50452,0.64361,30.271,1.287,-1,425.000,-1,425.000,-1,325.000,325.000,325.000,325.000,-1,-1,-1,-1,900.000,875.000,-1,-1,2,0,2,0,2,0,0,0,0,2,2,2,2,0,0,2,2
50,-38.110,-6620.998,335.153,135.435,-0.711930,-0.701253,0.037423,0.702055,-0.711977,0.014383,0.016558,0.036512,0.999196,0,0.58452,0.63644,35.071,1.273,-1,425.000,-1,400.000,-1,325.000,325.000,325.000,325.000,-1,-1,-1,-1,875.000,850.000,-1,-1,2,0,2,0,2,0,0,0,0,2,2,2,2,0,0,2,2
51,-67.123,-6593.649,336.169,136.691,-0.727288,-0.685502,0.033748,0.686208,-0.727213,0.016738,0.013068,0.035331,0.999290,0,0.66452,0.62820,39.871,1.256,-1,400.000,-1,400.000,-1,325.000,325.000,325.000,325.000,-1,-1,-1,-1,850.000,825.000,-1,-1,2,0,2,0,2,0,0,0,0,2,2,2,2,0,0,2,2
52,-97.528,-6566.203,336.857,137.929,-0.742016,-0.669627,0.031823,0.670297,-0.741842,0.019283,0.010696,0.035639,0.999307,0,0.68268,0.61886,40.961,1.238,-1,400.000,-1,400.000,-1,325.000,325.000,325.000,325.000,-1,-1,-1,-1,850.000,800.000,-1,-1,2,0,2,0,2,0,0,0,0,2,2,2,2,0,0,2,2
53,-128.690,-6539.255,337.510,139.147,-0.756163,-0.653683,0.030271,0.654327,-0.755897,0.021817,0.008620,0.036304,0.999304,0,0.68662,0.60929,41.197,1.219,-1,400.000,-1,400.000,-1,325.000,325.000,325.000,325.000,-1,-1,-1,-1,825.000,800.000,-1,-1,2,0,2,0,2,0,0,0,0,2,2,2,2,0,0,2,2
54,-160.589,-6512.816,338.227,140.347,-0.769750,-0.637703,0.028625,0.638312,-0.769395,0.024274,0.006544,0.036957,0.999295,0,0.69054,0.59966,41.432,1.199,-1,400.000,-1,400.000,-1,325.000,325.000,325.000,325.000,-1,-1,-1,-1,825.000,775.000,-1,-1,2,0,2,0,2,0,0,0,0,2,2,2,2,0,0,2,2
55,-193.210,-6486.893,339.008,141.527,-0.782787,-0.621709,0.026891,0.622274,-0.782346,0.026654,0.004467,0.037598,0.999283,0,0.69445,0.58999,41.667,1.180,-1,400.000,-1,400.000,-1,325.000,325.000,325.000,325.000,-1,-1,-1,-1,825.000,750.000,-1,-1,2,0,2,0,2,0,0,0,0,2,2,2,2,0,0,2,2
56,-226.536,-6461.494,339.455,142.687,-0.795262,-0.605746,0.025103,0.606257,-0.794790,0.027593,0.003238,0.037163,0.999304,0,0.69836,0.58026,41.902,1.161,-1,400.000,-1,400.000,-1,325.000,325.000,325.000,325.000,-1,-1,-1,-1,800.000,725.000,-1,-1,2,0,2,0,2,0,0,0,0,2,2,2,2,0,0,2,2
57,-260.550,-6436.624,339.520,143.828,-0.807209,-0.589806,0.023280,0.590262,-0.806702,0.028679,0.001865,0.036892,0.999318,0,0.70227,0.57047,42.136,1.141,-1,400.000,-1,375.000,-1,325.000,325.000,325.000,325.000,-1,-1,-1,-1,800.000,725.000,-1,-1,2,0,2,0,2,0,0,0,0,2,2,2,2,0,0,2,2
58,-295.237,-6412.291,339.678,144.950,-0.818634,-0.573915,0.021435,0.574315,-0.818101,0.029559,0.000572,0.036508,0.999333,0,0.70618,0.56063,42.371,1.121,-1,400.000,-1,375.000,-1,325.000,300.000,350.000,325.000,-1,-1,-1,-1,775.000,700.000,-1,-1,2,0,2,0,2,0,0,0,0,2,2,2,2,0,0,2,2
59,-330.579,-6388.497,339.927,146.051,-0.829548,-0.558093,0.019578,0.558436,-0.828997,0.030237,-0.000645,0.036016,0.999351,0,0.71010,0.55073,42.606,1.101,-1,400.000,-1,375.000,-1,325.000,300.000,350.000,325.000,-1,-1,-1,-1,775.000,675.000,-1,-1,2,0,2,0,2,0,0,0,0,2,2,2,2,0,0,2,2
60,-366.563,-6365.247,340.267,147.132,-0.839961,-0.542358,0.017719,0.542644,-0.839401,0.030721,-0.001788,0.035419,0.999371,0,0.71403,0.54076,42.842,1.082,-1,400.000,-1,375.000,-1,300.000,300.000,350.000,325.000,-1,-1,-1,-1,775.000,675.000,-1,-1,2,0,2,0,2,0,0,0,0,2,2,2,2,0,0,2,2
61,-403.172,-6342.542,340.694,148.194,-0.849886,-0.526728,0.015866,0.526959,-0.849325,0.031017,-0.002862,0.034721,0.999393,0,0.71797,0.53073,43.078,1.061,-1,400.000,-1,375.000,-1,300.000,300.000,350.000,325.000,-1,-1,-1,-1,750.000,650.000,-1,-1,2,0,2,0,2,0,0,0,0,2,2,2,2,0,0,2,2
62,-440.393,-6320.385,341.209,149.235,-0.859335,-0.511221,0.014027,0.511399,-0.858780,0.031133,-0.003869,0.033927,0.999417,0,0.72194,0.52062,43.316,1.041,-1,400.000,-1,375.000,-1,300.000,300.000,350.000,325.000,-1,-1,-1,-1,750.000,650.000,975.000,-1,2,0,2,0,2,0,0,0,0,2,2,2,2,0,0,1,2
63,-481.476,-6296.853,341.707,150.198,-0.867808,-0.496749,0.012235,0.496880,-0.867290,0.030293,-0.004437,0.032368,0.999466,0,0.78909,0.48122,47.345,0.962,975.000,400.000,-1,350.000,-1,300.000,300.000,350.000,325.000,-1,-1,-1,-1,750.000,625.000,925.000,-1,1,0,2,0,2,0,0,0,0,2,2,2,2,0,0,1,2
64,-523.332,-6273.795,341.798,151.151,-0.875938,-0.482291,0.011297,0.482412,-0.875516,0.027395,-0.003322,0.029446,0.999561,0,0.79646,0.47677,47.787,0.954,950.000,400.000,-1,350.000,-1,300.000,300.000,350.000,325.000,-1,-1,-1,-1,750.000,625.000,900.000,-1,1,0,2,0,2,0,0,0,0,2,2,2,2,0,0,1,2
65,-565.961,-6251.219,341.927,152.096,-0.883752,-0.467831,0.010773,0.467951,-0.883414,0.024527,-0.001958,0.026717,0.999641,0,0.80396,0.47221,48.238,0.944,900.000,400.000,-1,350.000,-1,300.000,300.000,350.000,325.000,-1,-1,-1,-1,750.000,625.000,850.000,1000.000,1,0,2,0,2,0,0,0,0,2,2,2,2,0,0,1,0
66,-609.361,-6229.134,342.041,153.031,-0.891259,-0.453388,0.009790,0.453493,-0.891005,0.021319,-0.000943,0.023440,0.999725,0,0.81161,0.46755,48.697,0.935,850.000,375.000,-1,350.000,-1,300.000,300.000,350.000,325.000,-1,-1,-1,-1,725.000,625.000,800.000,975.000,1,0,2,0,2,0,0,0,0,2,2,2,2,1,0,1,0
67,-653.532,-6207.547,342.246,153.956,-0.898459,-0.438968,0.008881,0.439058,-0.898279,0.017996,0.000078,0.020068,0.999799,0,0.81939,0.46280,49.163,0.926,800.000,375.000,975.000,350.000,-1,300.000,300.000,350.000,325.000,-1,-1,-1,-1,700.000,625.000,750.000,975.000,1,0,1,0,2,0,0,0,0,2,2,2,2,1,0,1,0
68,-698.472,-6186.469,342.557,154.872,-0.905355,-0.424579,0.008113,0.424655,-0.905238,0.014599,0.001146,0.016662,0.999861,0,0.82730,0.45797,49.638,0.916,750.000,375.000,900.000,350.000,1000.000,300.000,300.000,350.000,325.000,-1,-1,-1,-1,650.000,625.000,700.000,950.000,1,0,1,0,0,0,0,0,0,2,2,2,2,1,0,1,0
69,-744.180,-6165.906,342.772,155.778,-0.911945,-0.410227,0.008328,0.410302,-0.911877,0.011568,0.002849,0.013967,0.999898,0,0.83534,0.45307,50.120,0.906,700.000,375.000,850.000,350.000,975.000,300.000,300.000,350.000,325.000,-1,-1,-1,-1,625.000,600.000,650.000,925.000,1,0,1,0,0,0,0,0,0,2,2,2,2,1,0,1,0
70,-790.653,-6145.866,342.913,156.675,-0.918235,-0.395925,0.009361,0.396003,-0.918206,0.008908,0.005069,0.011887,0.999917,0,0.84349,0.44810,50.609,0.896,650.000,400.000,800.000,350.000,950.000,300.000,300.000,350.000,325.000,-1,-1,-1,-1,575.000,600.000,625.000,925.000,1,0,1,0,0,0,0,0,0,2,2,2,2,1,0,1,1
71,-837.889,-6126.359,343.168,157.561,-0.924235,-0.381685,0.010307,0.381758,-0.924241,0.006280,0.007129,0.009739,0.999927,0,0.85176,0.44309,51.106,0.886,625.000,400.000,750.000,350.000,925.000,300.000,300.000,350.000,325.000,-1,-1,-1,-1,550.000,600.000,575.000,875.000,1,0,1,0,0,0,0,0,0,2,2,2,2,1,0,1,1
72,-885.885,-6107.391,343.570,158.437,-0.929949,-0.367516,0.011209,0.367574,-0.929988,0.003520,0.009131,0.007394,0.999931,0,0.86014,0.43804,51.608,0.876,575.000,400.000,700.000,350.000,925.000,300.000,300.000,350.000,325.000,-1,-1,-1,-1,500.000,600.000,525.000,800.000,1,0,1,0,0,0,0,0,0,2,2,2,2,1,0,1,1
73,-936.349,-6088.390,344.117,159.368,-0.935785,-0.352367,0.012014,0.352398,-0.935850,0.000477,0.011076,0.004680,0.999928,0,0.89871,0.46537,53.922,0.931,500.000,400.000,650.000,350.000,900.000,300.000,300.000,350.000,325.000,-1,325.000,-1,-1,475.000,600.000,475.000,725.000,1,1,1,0,1,0,0,0,0,2,0,2,2,1,1,1,1
74,-987.614,-6070.022,344.788,160.288,-0.941313,-0.337296,0.012666,0.337289,-0.941397,-0.002776,0.012860,0.001659,0.999916,0,0.90760,0.46008,54.456,0.920,450.000,375.000,575.000,350.000,825.000,300.000,300.000,350.000,325.000,-1,350.000,-1,-1,425.000,525.000,425.000,675.000,1,1,1,0,1,0,0,0,0,2,0,2,2,1,1,1,1
75,-1039.508,-6052.369,345.606,161.213,-0.946627,-0.322057,0.013296,0.322002,-0.946719,-0.006146,0.014567,-0.001537,0.999893,0,0.91357,0.46243,54.814,0.925,400.000,325.000,525.000,350.000,750.000,300.000,300.000,350.000,325.000,-1,350.000,-1,-1,400.000,475.000,375.000,600.000,1,1,1,0,1,0,0,0,0,2,0,2,2,1,1,1,1
76,-1092.002,-6035.458,346.563,162.144,-0.951731,-0.306619,0.013901,0.306507,-0.951820,-0.009630,0.016184,-0.004904,0.999857,0,0.91919,0.46579,55.151,0.932,350.000,300.000,475.000,350.000,675.000,275.000,300.000,350.000,325.000,-1,350.000,-1,-1,350.000,425.000,325.000,525.000,1,1,1,0,1,1,0,0,0,2,0,2,2,1,1,1,1
77,-1145.087,-6019.313,347.651,163.083,-0.956620,-0.290978,0.014481,0.290800,-0.956692,-0.013223,0.017701,-0.008438,0.999808,0,0.92476,0.46932,55.486,0.939,300.000,250.000,425.000,325.000,575.000,250.000,275.000,350.000,325.000,-1,350.000,-1,-1,300.000,375.000,275.000,475.000,1,1,1,1,1,1,1,0,0,2,0,2,2,1,1,1,1
78,-1198.749,-6003.955,348.863,164.029,-0.961289,-0.275132,0.015032,0.274879,-0.961330,-0.016922,0.019106,-0.012135,0.999744,0,0.93027,0.47303,55.816,0.946,250.000,225.000,350.000,275.000,500.000,225.000,225.000,350.000,325.000,-1,375.000,-1,-1,250.000,325.000,225.000,400.000,1,1,1,1,1,1,1,0,0,2,0,2,2,1,1,1,1
79,-1252.974,-5989.409,350.089,164.983,-0.965729,-0.259073,0.015757,0.258724,-0.965719,-0.021193,0.020708,-0.016390,0.999651,0,0.93570,0.47698,56.142,0.954,175.000,200.000,300.000,225.000,400.000,175.000,200.000,350.000,325.000,-1,350.000,-1,-1,225.000,275.000,175.000,325.000,1,1,1,1,1,1,1,0,0,2,0,2,2,1,1,1,1
80,-1307.747,-5975.698,359.197,165.945,-0.968813,-0.242833,0.049335,0.243091,-0.970003,-0.000797,0.048049,0.011220,0.998782,0,0.94101,0.48120,56.461,0.962,175.000,175.000,275.000,225.000,350.000,175.000,175.000,450.000,300.000,-1,200.000,250.000,-1,200.000,250.000,175.000,300.000,1,1,1,1,1,1,1,0,0,2,0,0,2,1,1,1,1
81,-1363.052,-5962.862,368.903,166.917,-0.970452,-0.226177,0.084062,0.228755,-0.973229,0.022293,0.076769,0.040863,0.996211,0,0.94618,0.48576,56.771,0.972,175.000,175.000,275.000,200.000,300.000,150.000,175.000,575.000,275.000,-1,175.000,100.000,-1,200.000,250.000,150.000,250.000,1,1,1,1,1,1,1,0,0,2,0,0,2,1,1,1,1
82,-2951.721,327.937,514.194,166.123,-0.966723,-0.238577,-0.092341,0.226143,-0.965707,0.127552,-0.119605,0.102425,0.987524,1,0.00000,0.00000,57.069,0.981,-1,375.000,-1,400.000,925.000,300.000,325.000,325.000,350.000,-1,-1,0.000,-1,825.000,825.000,-1,1000.000,2,0,2,0,1,0,0,0,0,2,2,0,2,0,0,2,1
83,-2956.376,329.108,513.637,165.883,-0.965692,-0.242629,-0.092570,0.230141,-0.964734,0.127765,-0.120305,0.102078,0.987475,0,0.08000,-0.12000,4.800,-0.240,-1,375.000,-1,400.000,925.000,300.000,325.000,325.000,350.000,-1,-1,0.000,-1,825.000,825.000,-1,1000.000,2,0,2,0,1,0,0,0,0,2,2,0,2,0,0,2,1
84,-2965.667,331.529,512.517,165.403,-0.963581,-0.250720,-0.093014,0.238124,-0.962735,0.128212,-0.121693,0.101394,0.987375,0,0.16000,-0.24000,9.600,-0.480,-1,375.000,-1,400.000,900.000,300.000,325.000,350.000,350.000,-1,-1,0.000,-1,825.000,800.000,-1,975.000,2,0,2,0,1,0,0,0,0,2,2,0,2,0,0,2,1
85,-2979.558,335.327,510.819,164.712,-0.960421,-0.262341,-0.093642,0.249583,-0.959733,0.128922,-0.123693,0.100448,0.987224,0,0.24000,-0.34559,14.400,-0.691,-1,375.000,-1,400.000,900.000,300.000,325.000,350.000,350.000,-1,-1,0.000,-1,825.000,800.000,-1,950.000,2,0,2,0,1,0,0,0,0,2,2,0,2,0,0,2,1
86,-2998.016,340.615,508.516,164.020,-0.957104,-0.273936,-0.094401,0.260969,-0.956567,0.129905,-0.125887,0.099697,0.987022,0,0.32000,-0.34607,19.200,-0.692,-1,375.000,-1,400.000,875.000,300.000,325.000,350.000,350.000,-1,-1,0.000,-1,800.000,800.000,-1,925.000,2,0,2,0,1,0,0,0,0,2,2,0,2,0,0,2,1
87,-3021.008,347.503,505.598,163.326,-0.953628,-0.285514,-0.095264,0.272291,-0.953231,0.131179,-0.128262,0.099156,0.986771,0,0.40000,-0.34688,24.000,-0.694,-1,375.000,-1,400.000,850.000,300.000,325.000,350.000,350.000,-1,-1,0.000,-1,800.000,800.000,-1,900.000,2,0,2,0,1,0,0,0,0,2,2,0,2,0,0,2,1
88,-3048.495,356.102,502.057,162.630,-0.949993,-0.297082,-0.096203,0.283553,-0.949723,0.132756,-0.130805,0.098838,0.986469,0,0.48000,-0.34802,28.800,-0.696,-1,375.000,-1,400.000,825.000,325.000,325.000,350.000,350.000,-1,-1,0.000,-1,800.000,775.000,-1,850.000,2,0,2,0,1,0,0,0,0,2,2,0,2,0,0,2,1
89,-3080.439,366.525,497.887,161.931,-0.946198,-0.308648,-0.097186,0.294765,-0.946036,0.134645,-0.133500,0.098754,0.986116,0,0.56000,-0.34949,33.600,-0.699,-1,375.000,-1,400.000,800.000,325.000,325.000,350.000,350.000,-1,-1,0.000,-1,775.000,775.000,-1,825.000,2,0,2,0,1,0,0,0,0,2,2,0,2,0,1,2,1
90,-3116.798,378.884,493.083,161.228,-0.942242,-0.320220,-0.098182,0.305935,-0.942166,0.136851,-0.136326,0.098909,0.985714,0,0.64000,-0.35129,38.400,-0.703,-1,375.000,-1,400.000,750.000,325.000,325.000,350.000,350.000,-1,-1,0.000,-1,775.000,750.000,-1,775.000,2,0,2,0,1,0,0,0,0,2,2,0,2,0,1,2,1
91,-3157.526,393.290,487.641,160.521,-0.938122,-0.331806,-0.099154,0.317070,-0.938106,0.139372,-0.139261,0.099310,0.985263,0,0.72000,-0.35345,43.200,-0.707,-1,400.000,-1,400.000,700.000,325.000,325.000,375.000,350.000,-1,-1,0.000,-1,775.000,725.000,-1,725.000,2,0,2,0,1,0,0,0,0,2,2,0,2,0,1,2,1
92,-3198.996,408.340,481.612,160.055,-0.935354,-0.339465,-0.099384,0.324632,-0.935439,0.139885,-0.140454,0.098578,0.985168,0,0.73527,-0.23345,44.116,-0.467,-1,400.000,-1,400.000,675.000,325.000,325.000,375.000,350.000,-1,-1,0.000,-1,775.000,700.000,-1,675.000,2,0,2,0,1,0,0,0,0,2,2,0,2,0,1,2,1
93,-3240.622,423.710,475.456,159.736,-0.933417,-0.344690,-0.099603,0.329815,-0.933601,0.140039,-0.141259,0.097865,0.985124,0,0.73954,-0.15945,44.372,-0.319,-1,400.000,-1,400.000,625.000,325.000,325.000,375.000,350.000,-1,-1,0.000,-1,775.000,675.000,-1,650.000,2,0,2,0,1,0,0,0,0,2,2,0,2,0,1,2,1
94,-3282.391,439.402,469.264,159.410,-0.931413,-0.350013,-0.099802,0.335100,-0.931698,0.140170,-0.142046,0.097112,0.985085,0,0.74366,-0.16270,44.620,-0.325,-1,400.000,-1,400.000,575.000,325.000,325.000,375.000,350.000,-1,-1,0.000,-1,775.000,650.000,-1,600.000,2,0,2,0,1,0,0,0,0,2,2,0,2,0,1,2,1
95,-3324.297,455.424,463.046,159.078,-0.929343,-0.355434,-0.099940,0.340491,-0.929721,0.140299,-0.142783,0.096357,0.985052,0,0.74772,-0.16608,44.863,-0.332,-1,400.000,-1,400.000,550.000,325.000,325.000,375.000,350.000,-1,-1,0.000,-1,750.000,625.000,-1,575.000,2,0,2,0,1,0,0,0,0,2,2,0,2,0,1,2,1
96,-3366.330,471.780,456.390,158.739,-0.927219,-0.360954,-0.099888,0.345990,-0.927659,0.140497,-0.143375,0.095711,0.985029,0,0.75171,-0.16959,45.103,-0.339,-1,400.000,-1,400.000,500.000,325.000,325.000,375.000,350.000,-1,-1,25.000,-1,750.000,600.000,-1,525.000,2,0,2,0,1,0,0,0,0,2,2,0,2,0,1,2,1
97,-3408.481,488.476,449.456,158.392,-0.924992,-0.366589,-0.100008,0.351611,-0.925538,0.140530,-0.144078,0.094825,0.985013,0,0.75562,-0.17325,45.337,-0.347,-1,400.000,-1,375.000,450.000,325.000,325.000,375.000,350.000,-1,0.000,75.000,-1,750.000,550.000,-1,500.000,2,0,2,0,1,0,0,0,0,2,0,0,2,0,1,2,1
98,-3450.741,505.519,442.531,158.038,-0.922689,-0.372336,-0.100055,0.357360,-0.923337,0.140511,-0.144702,0.093893,0.985010,0,0.75944,-0.17707,45.566,-0.354,-1,400.000,-1,375.000,425.000,325.000,325.000,375.000,350.000,-1,0.000,100.000,-1,725.000,525.000,-1,450.000,2,0,2,0,1,0,0,0,0,2,0,0,2,0,1,2,1
99,-3493.097,522.912,435.612,157.676,-0.920304,-0.378198,-0.100037,0.363234,-0.921048,0.140471,-0.145264,0.092939,0.985018,0,0.76314,-0.18106,45.789,-0.362,-1,400.000,-1,375.000,375.000,325.000,325.000,375.000,350.000,-1,0.000,150.000,-1,725.000,500.000,-1,400.000,2,0,2,0,1,0,0,0,0,2,0,0,2,0,1,2,1
100,-3535.539,540.662,428.700,157.306,-0.917832,-0.384181,-0.099952,0.369240,-0.918666,0.140406,-0.145764,0.091963,0.985036,0,0.76673,-0.18524,46.004,-0.370,-1,400.000,-1,375.000,325.000,325.000,300.000,375.000,350.000,-1,25.000,175.000,-1,700.000,475.000,-1,375.000,2,0,2,0,1,0,0,0,0,2,0,0,2,0,1,2,1
101,-3578.053,558.774,421.799,156.926,-0.915268,-0.390289,-0.099798,0.375381,-0.916188,0.140317,-0.146198,0.090965,0.985064,0,0.77017,-0.18963,46.210,-0.379,-1,400.000,-1,375.000,300.000,325.000,300.000,350.000,350.000,-1,50.000,225.000,-1,700.000,450.000,-1,325.000,2,0,2,1,1,0,0,0,0,2,0,0,2,0,1,2,1
102,-3620.623,577.252,414.912,156.538,-0.912606,-0.396529,-0.099574,0.381666,-0.913606,0.140201,-0.146565,0.089944,0.985103,0,0.77346,-0.19423,46.407,-0.388,-1,375.000,1000.000,350.000,250.000,325.000,300.000,350.000,350.000,-1,100.000,250.000,-1,675.000,425.000,-1,300.000,2,0,1,1,1,0,0,0,0,2,0,0,2,0,1,2,1
103,-3663.234,596.100,408.041,156.140,-0.909841,-0.402905,-0.099278,0.388098,-0.910914,0.140055,-0.146863,0.088898,0.985154,0,0.77656,-0.19907,46.593,-0.398,-1,375.000,925.000,325.000,225.000,300.000,300.000,350.000,350.000,-1,150.000,300.000,-1,675.000,400.000,-1,250.000,2,0,1,1,1,0,0,0,0,2,0,0,2,0,1,2,1
104,-3705.868,615.323,401.192,155.731,-0.906966,-0.409426,-0.098909,0.394686,-0.908106,0.139879,-0.147090,0.087828,0.985216,0,0.77945,-0.20417,46.767,-0.408,-1,375.000,850.000,325.000,200.000,300.000,300.000,350.000,350.000,-1,200.000,325.000,-1,675.000,350.000,-1,225.000,2,0,1,1,1,0,0,0,0,2,0,0,2,0,1,2,1
105,-3748.503,634.925,395.540,155.312,-0.904037,-0.416251,-0.097223,0.402472,-0.905508,0.134432,-0.143993,0.082402,0.986142,0,0.78211,-0.20955,46.926,-0.419,-1,375.000,800.000,300.000,175.000,325.000,325.000,350.000,350.000,-1,200.000,350.000,-1,675.000,325.000,-1,175.000,2,0,1,1,1,0,0,0,0,2,0,0,2,0,1,2,1
106,-3791.116,654.910,391.900,154.882,-0.901080,-0.423458,-0.093480,0.412029,-0.903241,0.119953,-0.135230,0.069570,0.988369,0,0.78450,-0.21523,47.070,-0.430,-1,400.000,775.000,275.000,150.000,325.000,325.000,350.000,400.000,-1,150.000,300.000,-1,700.000,325.000,-1,175.000,2,0,1,1,1,0,0,0,0,2,0,0,2,0,1,2,1
107,-3833.686,675.277,388.995,154.439,-0.898019,-0.430840,-0.089097,0.422078,-0.900820,0.101851,-0.124142,0.053858,0.990802,0,0.78658,-0.22124,47.195,-0.442,-1,400.000,750.000,250.000,125.000,350.000,325.000,325.000,425.000,-1,125.000,275.000,-1,750.000,300.000,-1,150.000,2,0,1,1,1,0,1,0,0,2,0,0,2,0,1,2,1
108,-3876.188,696.024,387.045,153.984,-0.894937,-0.438336,-0.083365,0.432382,-0.898090,0.080498,-0.110154,0.035995,0.993262,0,0.78833,-0.22761,47.300,-0.455,-1,425.000,725.000,250.000,125.000,375.000,300.000,300.000,500.000,-1,100.000,225.000,-1,775.000,300.000,-1,125.000,2,0,1,1,1,0,1,0,0,2,0,0,2,0,1,2,1
109,-3918.592,717.153,385.958,153.515,-0.891819,-0.445904,-0.076346,0.442742,-0.894948,0.055207,-0.092942,0.015434,0.995552,0,0.78968,-0.23436,47.381,-0.469,-1,475.000,750.000,250.000,100.000,400.000,300.000,300.000,575.000,-1,75.000,200.000,-1,825.000,275.000,-1,125.000,2,0,1,1,1,0,1,0,0,2,0,0,2,0,1,2,1
110,-3960.869,738.659,385.420,153.032,-0.888626,-0.453467,-0.068642,0.452899,-0.891224,0.024517,-0.072293,-0.009302,0.997340,0,0.79061,-0.24152,47.436,-0.483,-1,500.000,750.000,250.000,100.000,425.000,275.000,275.000,700.000,775.000,25.000,175.000,-1,900.000,275.000,-1,100.000,2,0,1,1,1,1,1,0,0,0,0,0,2,0,1,2,1
111,-4002.983,760.538,385.730,152.534,-0.885375,-0.460901,-0.060684,0.462284,-0.886672,-0.010326,-0.049048,-0.037195,0.998104,0,0.79104,-0.24912,47.462,-0.498,-1,550.000,-1,250.000,100.000,425.000,275.000,275.000,875.000,475.000,25.000,150.000,-1,975.000,275.000,-1,100.000,2,0,2,1,1,1,1,0,1,0,0,0,2,0,1,2,1
112,-4044.899,782.784,386.915,152.020,-0.882122,-0.468066,-0.052679,0.470448,-0.881038,-0.049508,-0.023240,-0.068455,0.997384,0,0.79093,-0.25719,47.456,-0.514,-1,625.000,-1,250.000,75.000,425.000,275.000,250.000,-1,300.000,0.000,150.000,-1,-1,300.000,-1,100.000,2,0,2,1,1,1,1,0,2,0,0,0,2,2,1,2,1
113,-4086.577,805.387,388.977,151.488,-0.878960,-0.474789,-0.044775,0.476868,-0.874025,-0.093145,0.005090,-0.103223,0.994645,0,0.79021,-0.26575,47.412,-0.532,-1,650.000,-1,250.000,75.000,425.000,300.000,225.000,-1,175.000,0.000,125.000,-1,-1,300.000,-1,75.000,2,1,2,1,1,1,1,0,2,0,0,0,2,2,1,2,1
114,-4127.964,828.349,389.195,150.939,-0.875530,-0.481573,-0.039177,0.482375,-0.866589,-0.127816,0.027602,-0.130805,0.991024,0,0.78881,-0.27484,47.329,-0.550,-1,650.000,-1,250.000,75.000,400.000,300.000,225.000,-1,150.000,0.000,125.000,-1,-1,325.000,-1,75.000,2,1,2,1,1,1,1,0,2,0,0,0,2,2,1,2,1
115,-6887.290,3607.595,368.548,-179.948,-0.999065,0.000903,0.043223,0.001836,-0.997994,0.063278,0.043193,0.063298,0.997060,1,0.00000,0.00000,47.201,-0.569,-1,375.000,-1,350.000,-1,300.000,300.000,400.000,275.000,400.000,-1,-1,700.000,625.000,625.000,-1,-1,2,0,2,0,2,0,0,0,0,1,2,2,1,0,0,2,2
116,-6892.090,3607.571,368.753,-179.708,-0.999034,0.005083,0.043650,-0.002340,-0.998031,0.062681,0.043883,0.062518,0.997079,0,0.08000,0.12000,4.800,0.240,-1,375.000,-1,350.000,-1,300.000,300.000,400.000,275.000,400.000,-1,-1,700.000,625.000,625.000,-1,-1,2,0,2,0,2,0,0,0,0,1,2,2,1,0,0,2,2
117,-6901.689,3607.443,369.170,-179.228,-0.998918,0.013445,0.044509,-0.010692,-0.998048,0.061521,0.045250,0.060979,0.997113,0,0.16000,0.24000,9.600,0.480,-1,375.000,-1,350.000,-1,300.000,300.000,400.000,275.000,400.000,-1,-1,725.000,625.000,625.000,-1,-1,2,0,2,0,2,0,0,0,0,1,2,2,1,0,0,2,2
118,-6916.084,3607.070,369.812,-178.508,-0.998612,0.025989,0.045811,-0.023226,-0.997936,0.059864,0.047273,0.058717,0.997155,0,0.24000,0.36000,14.400,0.720,-1,375.000,-1,350.000,-1,300.000,300.000,400.000,275.000,400.000,-1,-1,750.000,625.000,650.000,-1,-1,2,0,2,0,2,0,0,0,0,1,2,2,1,0,0,2,2
119,-6935.267,3606.251,370.697,-177.548,-0.997954,0.042713,0.047571,-0.039939,-0.997529,0.057799,0.049922,0.055781,0.997194,0,0.32000,0.48000,19.200,0.960,-1,375.000,-1,350.000,-1,300.000,300.000,400.000,275.000,400.000,-1,875.000,775.000,625.000,650.000,-1,-1,2,0,2,0,2,0,0,0,0,1,2,1,1,0,0,2,2
120,-6959.218,3604.724,371.848,-176.348,-0.996732,0.063606,0.049805,-0.060828,-0.996607,0.055440,0.053162,0.052230,0.997219,0,0.40000,0.60000,24.000,1.200,-1,375.000,-1,350.000,-1,300.000,300.000,375.000,275.000,425.000,-1,775.000,825.000,625.000,650.000,-1,-1,2,0,2,0,2,0,0,0,0,1,2,1,1,0,0,2,2
121,-6987.905,3602.171,373.291,-174.908,-0.994677,0.088649,0.052532,-0.085875,-0.994900,0.052915,0.056955,0.048122,0.997216,0,0.48000,0.72000,28.800,1.440,-1,375.000,-1,375.000,-1,300.000,300.000,375.000,300.000,425.000,-1,700.000,875.000,625.000,650.000,-1,-1,2,0,2,0,2,0,0,0,0,1,2,1,1,0,0,2,2
122,-7021.270,3598.211,375.058,-173.228,-0.991469,0.117804,0.055772,-0.115044,-0.992083,0.050359,0.061263,0.043513,0.997173,0,0.56000,0.84000,33.600,1.680,-1,375.000,-1,375.000,-1,300.000,300.000,375.000,300.000,425.000,-1,675.000,950.000,625.000,675.000,-1,-1,2,0,2,0,2,0,0,0,0,1,2,1,1,0,0,2,2
123,-7057.951,3592.607,377.108,-171.308,-0.986746,0.151008,0.059406,-0.148279,-0.987782,0.047955,0.065922,0.038510,0.997081,0,0.61844,0.96000,37.106,1.920,-1,375.000,-1,375.000,-1,300.000,300.000,350.000,300.000,450.000,875.000,650.000,-1,625.000,675.000,-1,-1,2,0,2,0,2,0,0,0,0,1,1,1,2,0,0,2,2
124,-7094.833,3585.646,379.280,-169.308,-0.980628,0.185422,0.063150,-0.182739,-0.982087,0.045944,0.070538,0.033514,0.996946,0,0.62554,1.00000,37.532,2.000,-1,375.000,-1,375.000,-1,300.000,300.000,350.000,300.000,450.000,775.000,650.000,-1,625.000,675.000,-1,-1,2,0,2,0,2,0,0,0,0,1,1,1,2,0,0,2,2
125,-7131.884,3577.304,381.574,-167.308,-0.973281,0.219617,0.067027,-0.216990,-0.975167,0.044332,0.075099,0.028603,0.996766,0,0.63297,1.00000,37.978,2.000,-1,375.000,-1,375.000,-1,300.000,300.000,350.000,300.000,475.000,725.000,675.000,-1,625.000,700.000,-1,-1,2,0,2,0,2,0,0,0,0,1,1,1,2,0,0,2,2
126,-7169.050,3567.561,384.060,-165.308,-0.964718,0.253550,0.070932,-0.251017,-0.967038,0.042752,0.079434,0.023439,0.996565,0,0.64035,1.00000,38.421,2.000,-1,375.000,-1,375.000,-1,300.000,300.000,350.000,300.000,475.000,725.000,675.000,-1,650.000,700.000,-1,-1,2,0,2,0,2,0,0,0,0,1,1,1,2,0,0,2,2
127,-7206.275,3556.401,386.770,-163.308,-0.954912,0.287178,0.075308,-0.284777,-0.957711,0.041122,0.083932,0.017822,0.996312,0,0.64769,1.00000,38.861,2.000,-1,375.000,-1,375.000,-1,300.000,300.000,325.000,325.000,500.000,700.000,600.000,-1,650.000,700.000,-1,-1,2,0,2,0,2,0,0,0,0,1,1,0,2,0,0,2,2
128,-7243.501,3543.809,389.578,-161.308,-0.943887,0.320454,0.079914,-0.318205,-0.947186,0.039795,0.088446,0.012132,0.996007,0,0.65497,1.00000,39.298,2.000,-1,375.000,-1,375.000,-1,300.000,300.000,325.000,325.000,500.000,625.000,475.000,-1,650.000,725.000,-1,-1,2,0,2,0,2,0,0,0,0,1,0,0,2,0,0,2,2
129,-7280.671,3529.771,392.473,-159.308,-0.931647,0.353334,0.084788,-0.351261,-0.935476,0.038739,0.093005,0.006309,0.995646,0,0.66218,1.00000,39.731,2.000,-1,375.000,-1,375.000,-1,300.000,300.000,325.000,325.000,525.000,475.000,375.000,-1,650.000,725.000,-1,-1,2,0,2,0,2,0,0,0,0,1,0,0,2,0,0,2,2
130,-7317.722,3514.279,396.307,-157.308,-0.918568,0.385772,0.086098,-0.383703,-0.922587,0.040072,0.094891,0.003773,0.995480,0,0.66933,1.00000,40.160,2.000,-1,375.000,-1,375.000,-1,300.000,300.000,325.000,325.000,550.000,450.000,375.000,-1,650.000,725.000,-1,-1,2,0,2,0,2,0,0,0,0,1,0,0,2,0,0,2,2
131,-7354.595,3497.326,400.249,-155.308,-0.904374,0.417737,0.087202,-0.415665,-0.908567,0.041579,0.096597,0.001356,0.995323,0,0.67640,1.00000,40.584,2.000,-1,375.000,-1,375.000,-1,300.000,300.000,325.000,325.000,575.000,450.000,375.000,-1,675.000,725.000,-1,-1,2,0,2,0,2,0,0,0,0,1,0,0,2,0,0,2,2
132,-7391.229,3478.907,404.301,-153.308,-0.889057,0.449191,0.088345,-0.447107,-0.893435,0.043238,0.098353,-0.001059,0.995151,0,0.68338,1.00000,41.003,2.000,-1,375.000,-1,375.000,-1,300.000,300.000,325.000,325.000,600.000,425.000,375.000,-1,675.000,700.000,-1,-1,2,0,2,0,2,0,0,0,0,1,0,0,2,0,0,2,2
133,-7427.562,3459.023,408.454,-151.308,-0.872636,0.480095,0.089531,-0.478001,-0.877209,0.044941,0.100113,-0.003579,0.994970,0,0.69029,1.00000,41.417,2.000,-1,375.000,-1,375.000,-1,300.000,300.000,325.000,325.000,625.000,425.000,375.000,-1,700.000,700.000,-1,-1,2,0,2,0,2,0,0,0,0,1,0,0,2,0,0,2,2
134,-7463.529,3437.674,412.701,-149.308,-0.855129,0.510410,0.090746,-0.508314,-0.859908,0.046636,0.101837,-0.006248,0.994781,0,0.69710,1.00000,41.826,2.000,-1,375.000,-1,375.000,-1,300.000,300.000,325.000,325.000,650.000,400.000,375.000,-1,725.000,700.000,-1,-1,2,0,2,0,2,0,0,0,0,1,0,0,2,0,0,2,2
135,-7499.069,3414.865,417.040,-147.308,-0.836560,0.540098,0.091991,-0.538009,-0.841553,0.048315,0.103510,-0.009073,0.994587,0,0.70381,1.00000,42.229,2.000,-1,375.000,-1,375.000,-1,300.000,300.000,325.000,325.000,675.000,400.000,375.000,-1,725.000,700.000,-1,-1,2,0,2,0,2,0,0,0,0,1,0,0,2,0,0,2,2
