timestep,x_cm,y_cm,z_cm,yaw_deg,basis_xx,basis_xy,basis_xz,basis_yx,basis_yy,basis_yz,basis_zx,basis_zy,basis_zz,teleport_flag,throttle_cmd,steering_cmd,cmd_move_cm,cmd_turn_deg,lidar_cm_0,lidar_cm_1,lidar_cm_2,lidar_cm_3,lidar_cm_4,lidar_cm_5,lidar_cm_6,lidar_cm_7,lidar_cm_8,lidar_cm_9,lidar_cm_10,lidar_cm_11,lidar_cm_12,lidar_cm_13,lidar_cm_14,lidar_cm_15,lidar_cm_16,lidar_class_0,lidar_class_1,lidar_class_2,lidar_class_3,lidar_class_4,lidar_class_5,lidar_class_6,lidar_class_7,lidar_class_8,lidar_class_9,lidar_class_10,lidar_class_11,lidar_class_12,lidar_class_13,lidar_class_14,lidar_class_15,lidar_class_16
0,6233.422,988.238,-172.476,64.024,0.441342,-0.896765,0.032097,0.894590,0.436910,-0.093905,0.070187,0.070158,0.995064,1,0.08000,-0.12000,4.800,-0.240,-1,375.000,625.000,350.000,875.000,300.000,300.000,300.000,275.000,-1,275.000,350.000,800.000,525.000,600.000,1000.000,750.000,2,1,1,0,0,0,0,0,0,2,0,0,0,1,1,1,1
1,6237.699,996.833,-171.843,63.544,0.448844,-0.893060,0.031353,0.890824,0.444401,-0.094550,0.070505,0.070368,0.995026,0,0.16000,-0.24000,9.600,-0.480,-1,375.000,625.000,350.000,875.000,300.000,300.000,300.000,275.000,-1,275.000,325.000,800.000,525.000,600.000,925.000,750.000,2,1,1,0,0,0,0,0,0,2,0,0,0,1,1,1,1
2,6244.276,1009.644,-170.905,62.824,0.460036,-0.887386,0.030214,0.885059,0.455578,-0.095497,0.070977,0.070673,0.994971,0,0.24000,-0.36000,14.400,-0.720,-1,350.000,600.000,375.000,875.000,300.000,300.000,300.000,300.000,-1,275.000,325.000,800.000,500.000,600.000,850.000,750.000,2,1,1,0,0,0,0,0,0,2,0,0,0,1,1,1,1
3,6253.330,1026.576,-169.673,61.864,0.474843,-0.879604,0.028658,0.877153,0.470369,-0.096722,0.071597,0.071065,0.994899,0,0.32000,-0.48000,19.200,-0.960,-1,350.000,575.000,375.000,900.000,300.000,300.000,300.000,300.000,-1,275.000,300.000,825.000,475.000,600.000,775.000,750.000,2,1,1,0,0,0,0,0,0,2,0,0,0,1,1,1,1
4,6265.088,1047.500,-168.164,60.664,0.493158,-0.869531,0.026654,0.866925,0.488670,-0.098191,0.072355,0.071531,0.994811,0,0.40000,-0.60000,24.000,-1.200,-1,350.000,575.000,375.000,900.000,300.000,300.000,300.000,300.000,-1,250.000,300.000,825.000,450.000,575.000,675.000,750.000,2,1,1,0,0,0,0,0,0,2,0,0,0,1,1,1,1
5,6279.810,1072.254,-166.393,59.259,0.514331,-0.857251,0.024173,0.854455,0.509838,-0.099860,0.073281,0.072016,0.994708,0,0.48000,-0.70290,28.800,-1.406,-1,325.000,550.000,375.000,925.000,300.000,300.000,300.000,300.000,-1,250.000,275.000,825.000,425.000,575.000,600.000,750.000,2,1,1,0,0,0,0,0,0,2,0,0,0,1,1,1,1
6,6297.681,1100.709,-164.280,57.869,0.534968,-0.844603,0.021332,0.841552,0.530459,-0.101992,0.074827,0.072514,0.994556,0,0.56000,-0.69485,33.600,-1.390,-1,325.000,525.000,375.000,975.000,300.000,300.000,300.000,300.000,-1,225.000,275.000,850.000,400.000,550.000,525.000,725.000,2,1,1,0,0,1,0,0,0,2,0,0,0,1,1,1,1
7,6318.875,1132.732,-161.436,56.497,0.555119,-0.831530,0.020028,0.828295,0.550440,-0.104611,0.075963,0.074660,0.994312,0,0.64000,-0.68591,38.400,-1.372,-1,300.000,500.000,375.000,975.000,300.000,300.000,300.000,300.000,-1,250.000,275.000,850.000,375.000,550.000,450.000,725.000,2,1,1,0,0,1,0,0,0,2,0,0,0,1,1,1,1
8,6343.562,1168.185,-158.182,55.145,0.574682,-0.818153,0.019127,0.814758,0.569790,-0.107275,0.076869,0.077234,0.994045,0,0.72000,-0.67585,43.200,-1.352,625.000,275.000,450.000,375.000,975.000,275.000,300.000,300.000,300.000,-1,250.000,275.000,875.000,350.000,525.000,375.000,700.000,1,1,1,0,0,1,0,0,0,2,0,0,0,1,1,1,1
9,6371.899,1206.930,-154.654,53.817,0.593599,-0.804559,0.018047,0.800982,0.588492,-0.110018,0.077896,0.079762,0.993766,0,0.80000,-0.66441,48.000,-1.329,425.000,250.000,425.000,375.000,975.000,250.000,325.000,300.000,300.000,-1,275.000,300.000,875.000,300.000,475.000,300.000,675.000,1,1,1,0,1,1,1,0,0,2,0,0,0,1,1,1,1
10,6404.023,1248.836,-149.403,52.514,0.612298,-0.790407,0.018660,0.786190,0.606196,-0.120131,0.083641,0.088226,0.992583,0,0.88000,-0.65129,52.800,-1.303,325.000,225.000,375.000,375.000,950.000,225.000,300.000,325.000,300.000,-1,300.000,300.000,850.000,275.000,450.000,250.000,650.000,1,1,1,1,1,1,1,0,0,2,0,0,0,1,1,1,1
11,6440.064,1293.772,-141.834,51.242,0.631022,-0.775475,0.021213,0.769817,0.622570,-0.140670,0.095879,0.105096,0.989829,0,0.96000,-0.63613,57.600,-1.272,275.000,225.000,350.000,350.000,925.000,200.000,275.000,375.000,275.000,-1,275.000,275.000,775.000,250.000,425.000,225.000,600.000,1,1,1,1,1,1,1,0,0,2,0,0,0,1,1,1,1
12,6478.596,1339.774,-132.342,50.005,0.649854,-0.759650,0.024932,0.751531,0.637316,-0.170382,0.113542,0.129461,0.985063,0,1.00000,-0.61847,60.000,-1.237,225.000,200.000,325.000,325.000,900.000,200.000,250.000,450.000,275.000,-1,275.000,225.000,625.000,225.000,400.000,200.000,575.000,1,1,1,1,1,1,1,0,0,2,0,0,0,1,1,1,1
13,6518.064,1384.980,-120.707,48.808,0.668808,-0.742950,0.026839,0.730653,0.650216,-0.208245,0.137265,0.158885,0.977708,0,1.00000,-0.59825,60.000,-1.197,200.000,175.000,300.000,300.000,925.000,175.000,225.000,600.000,250.000,-1,250.000,200.000,450.000,200.000,400.000,175.000,575.000,1,1,1,1,1,1,1,0,0,2,0,0,0,1,1,1,1
14,6558.416,1429.405,-106.592,47.657,0.687823,-0.725352,0.027619,0.707160,0.661016,-0.250963,0.163780,0.192149,0.967603,0,1.00000,-0.57562,60.000,-1.151,175.000,175.000,300.000,300.000,1000.000,175.000,225.000,850.000,250.000,-1,225.000,100.000,325.000,200.000,375.000,150.000,575.000,1,1,1,1,1,1,1,0,0,2,0,0,0,1,1,1,1
15,1639.835,-6231.342,146.855,-18.939,0.945696,0.324201,-0.023512,-0.324935,0.944822,-0.041563,0.008740,0.046946,0.998859,1,0.00000,0.00000,60.000,-1.101,-1,400.000,-1,400.000,-1,325.000,325.000,275.000,250.000,-1,-1,-1,-1,750.000,800.000,-1,-1,2,0,2,0,2,0,0,0,1,2,2,2,2,0,0,2,2
16,1644.369,-6232.919,146.937,-19.179,0.944339,0.328151,-0.023277,-0.328873,0.943440,-0.041993,0.008180,0.047311,0.998847,0,0.08000,-0.12000,4.800,-0.240,-1,400.000,-1,400.000,-1,325.000,325.000,275.000,250.000,-1,-1,-1,-1,750.000,775.000,-1,-1,2,0,2,0,2,0,0,0,1,2,2,2,2,0,0,2,2
17,1653.410,-6236.148,147.098,-19.659,0.941575,0.336031,-0.022802,-0.336730,0.940626,-0.042844,0.007051,0.048019,0.998822,0,0.16000,-0.24000,9.600,-0.480,-1,400.000,-1,400.000,-1,325.000,325.000,275.000,250.000,-1,-1,-1,-1,750.000,775.000,-1,-1,2,0,2,0,2,0,0,0,1,2,2,2,2,0,0,2,2
18,1666.909,-6241.162,147.334,-20.379,0.937306,0.347808,-0.022085,-0.348467,0.936283,-0.044104,0.005338,0.049035,0.998783,0,0.24000,-0.36000,14.400,-0.720,-1,400.000,-1,400.000,-1,325.000,325.000,275.000,250.000,-1,-1,-1,-1,750.000,775.000,-1,-1,2,0,2,0,2,0,0,0,1,2,2,2,2,0,0,2,2
19,1684.815,-6248.092,147.678,-21.158,0.932526,0.360493,-0.020991,-0.361090,0.931417,-0.045562,0.003127,0.050067,0.998741,0,0.32000,-0.38970,19.200,-0.779,-1,400.000,-1,400.000,-1,325.000,325.000,275.000,250.000,-1,-1,-1,-1,750.000,750.000,-1,-1,2,0,2,0,2,0,0,0,1,2,2,2,2,0,0,2,2
20,1707.078,-6257.057,148.123,-21.935,0.927599,0.373067,-0.019515,-0.373577,0.926399,-0.047168,0.000482,0.051043,0.998696,0,0.40000,-0.38834,24.000,-0.777,-1,400.000,-1,400.000,-1,325.000,325.000,275.000,275.000,-1,-1,-1,-1,750.000,750.000,-1,-1,2,0,2,0,2,0,0,0,1,2,2,2,2,0,0,2,2
21,1733.645,-6268.175,148.641,-22.708,0.922531,0.385515,-0.017737,-0.385915,0.921234,-0.048962,-0.002536,0.052013,0.998643,0,0.48000,-0.38662,28.800,-0.773,-1,400.000,-1,400.000,-1,325.000,325.000,275.000,275.000,-1,-1,-1,-1,725.000,725.000,-1,-1,2,0,2,0,2,0,0,0,1,2,2,2,2,0,0,2,2
22,1764.464,-6281.561,149.193,-23.477,0.917327,0.397823,-0.015774,-0.398093,0.915927,-0.050994,-0.005838,0.053058,0.998574,0,0.56000,-0.38451,33.600,-0.769,-1,375.000,-1,400.000,-1,325.000,325.000,275.000,275.000,-1,-1,-1,-1,725.000,700.000,-1,-1,2,0,2,0,2,0,0,0,1,2,2,2,2,0,0,2,2
23,1799.479,-6297.327,149.729,-24.241,0.911994,0.409973,-0.013789,-0.410099,0.910481,-0.053328,-0.009309,0.054289,0.998482,0,0.64000,-0.38197,38.400,-0.764,-1,375.000,-1,400.000,-1,325.000,325.000,275.000,300.000,-1,-1,-1,550.000,700.000,700.000,-1,-1,2,0,2,0,2,0,0,0,1,2,2,2,1,0,0,2,2
24,1836.984,-6314.815,149.844,-24.999,0.906521,0.421976,-0.012461,-0.421999,0.904968,-0.054314,-0.011642,0.054495,0.998446,0,0.68970,-0.37897,41.382,-0.758,-1,375.000,-1,375.000,-1,300.000,325.000,300.000,300.000,-1,-1,-1,550.000,700.000,675.000,-1,-1,2,0,2,0,2,0,0,0,0,2,2,2,1,0,0,2,2
25,1874.173,-6332.754,149.488,-25.750,0.900919,0.433823,-0.011964,-0.433804,0.899395,-0.053874,-0.012612,0.053726,0.998476,0,0.68815,-0.37561,41.289,-0.751,-1,375.000,-1,375.000,-1,300.000,300.000,300.000,300.000,-1,-1,-1,575.000,675.000,675.000,-1,-1,2,0,2,0,2,0,0,0,0,2,2,2,1,0,0,2,2
26,1911.060,-6351.141,149.158,-26.495,0.895211,0.445461,-0.012740,-0.445463,0.893668,-0.054034,-0.012684,0.054047,0.998458,0,0.68693,-0.37214,41.216,-0.744,-1,375.000,-1,375.000,-1,300.000,300.000,300.000,300.000,-1,-1,-1,575.000,675.000,650.000,-1,-1,2,0,2,0,2,0,0,0,0,2,2,2,1,0,0,2,2
27,1943.368,-6367.943,148.745,-27.479,0.887430,0.460727,-0.014098,-0.460770,0.885845,-0.054491,-0.012617,0.054853,0.998415,0,0.60693,-0.49214,36.416,-0.984,-1,375.000,-1,375.000,-1,300.000,300.000,300.000,300.000,-1,-1,-1,600.000,675.000,650.000,-1,-1,2,0,2,0,2,0,0,0,0,2,2,2,1,0,0,2,2
28,1971.100,-6383.127,148.283,-28.703,0.877389,0.479523,-0.015684,-0.479612,0.875753,-0.055040,-0.012658,0.055814,0.998361,0,0.52693,-0.61214,31.616,-1.224,-1,375.000,-1,375.000,-1,300.000,300.000,300.000,300.000,-1,-1,-1,600.000,700.000,650.000,-1,-1,2,0,2,0,2,0,0,0,0,2,2,2,1,0,0,2,2
29,1994.284,-6396.602,147.820,-30.167,0.864858,0.501719,-0.017308,-0.501851,0.863168,-0.055567,-0.012939,0.056743,0.998305,0,0.44693,-0.73214,26.816,-1.464,-1,375.000,-1,375.000,-1,300.000,300.000,300.000,300.000,-1,-1,-1,625.000,675.000,650.000,-1,-1,2,0,2,0,2,0,0,0,0,2,2,2,1,0,0,2,2
30,2012.981,-6408.227,147.394,-31.872,0.849566,0.527145,-0.018830,-0.527307,0.847827,-0.055995,-0.013553,0.057501,0.998253,0,0.36693,-0.85214,22.016,-1.704,-1,375.000,-1,375.000,-1,300.000,300.000,300.000,300.000,-1,-1,-1,650.000,675.000,650.000,-1,-1,2,0,2,0,2,0,0,0,0,2,2,2,1,0,0,2,2
31,2027.285,-6417.808,147.038,-33.816,0.831212,0.555591,-0.020150,-0.555766,0.829431,-0.056287,-0.014559,0.057985,0.998211,0,0.28693,-0.97214,17.216,-1.944,-1,375.000,-1,375.000,-1,300.000,300.000,300.000,300.000,-1,-1,-1,700.000,675.000,625.000,-1,-1,2,0,2,0,2,0,0,0,0,2,2,2,1,0,0,2,2
32,2037.353,-6425.074,146.773,-35.816,0.811338,0.584193,-0.021182,-0.584363,0.809528,-0.056434,-0.015820,0.058165,0.998182,0,0.20693,-1.00000,12.416,-2.000,-1,375.000,-1,375.000,-1,300.000,300.000,300.000,300.000,-1,-1,-1,-1,675.000,625.000,-1,-1,2,0,2,0,2,0,0,0,0,2,2,2,2,0,0,2,2
33,2043.370,-6429.744,146.619,-37.816,0.790482,0.612094,-0.021888,-0.612241,0.788652,-0.056466,-0.017301,0.058036,0.998165,0,0.12693,-1.00000,7.616,-2.000,-1,375.000,-1,375.000,-1,300.000,325.000,300.000,300.000,-1,-1,-1,-1,675.000,625.000,-1,-1,2,0,2,0,2,0,0,0,0,2,2,2,2,0,0,2,2
34,2045.533,-6431.548,146.597,-39.816,0.768668,0.639261,-0.022244,-0.639365,0.766830,-0.056425,-0.019013,0.057594,0.998159,0,0.04693,-1.00000,2.816,-2.000,-1,375.000,-1,375.000,-1,300.000,325.000,300.000,300.000,925.000,-1,-1,-1,700.000,625.000,-1,-1,2,0,2,0,2,0,0,0,0,1,2,2,2,0,0,2,2
35,2044.054,-6430.226,146.659,-41.816,0.745921,0.665653,-0.022542,-0.665711,0.744075,-0.056406,-0.020774,0.057081,0.998153,0,-0.03307,-1.00000,-1.984,-2.000,-1,375.000,-1,375.000,-1,300.000,325.000,300.000,300.000,875.000,-1,-1,-1,700.000,625.000,-1,-1,2,0,2,0,2,0,0,0,0,1,2,2,2,0,0,2,2
36,2039.159,-6425.530,146.829,-43.816,0.722268,0.691239,-0.022761,-0.691244,0.720415,-0.056421,-0.022603,0.056484,0.998148,0,-0.11307,-1.00000,-6.784,-2.000,-1,375.000,-1,375.000,-1,325.000,325.000,300.000,300.000,825.000,-1,-1,-1,700.000,625.000,-1,-1,2,0,2,0,2,0,0,0,0,1,2,2,2,0,0,2,2
37,2037.770,-6424.113,146.884,-45.576,0.700723,0.713062,-0.023018,-0.713026,0.698868,-0.056365,-0.024105,0.055909,0.998145,0,-0.03307,-0.88000,-1.984,-1.760,-1,375.000,-1,375.000,-1,325.000,325.000,300.000,300.000,800.000,-1,-1,-1,700.000,650.000,-1,-1,2,0,2,0,2,0,0,0,0,1,2,2,2,0,0,2,2
38,2039.687,-6426.176,146.821,-47.096,0.681581,0.731373,-0.023271,-0.731305,0.679729,-0.056231,-0.025308,0.055344,0.998147,0,0.04693,-0.76000,2.816,-1.520,-1,375.000,-1,375.000,1000.000,325.000,325.000,300.000,300.000,775.000,-1,-1,-1,700.000,650.000,-1,-1,2,0,2,0,1,0,0,0,0,1,2,2,2,0,0,2,2
39,2044.745,-6431.870,146.632,-48.376,0.665086,0.746397,-0.023498,-0.746306,0.663242,-0.056015,-0.026225,0.054792,0.998153,0,0.12693,-0.64000,7.616,-1.280,-1,375.000,-1,375.000,950.000,325.000,325.000,300.000,300.000,775.000,-1,-1,-1,675.000,650.000,-1,-1,2,0,2,0,1,0,0,0,0,1,2,2,2,0,0,2,2
40,2052.822,-6441.300,146.308,-49.416,0.651436,0.758333,-0.023716,-0.758229,0.649603,-0.055721,-0.026849,0.054281,0.998165,0,0.20693,-0.52000,12.416,-1.040,-1,375.000,-1,375.000,900.000,325.000,300.000,300.000,300.000,775.000,-1,-1,-1,675.000,650.000,-1,-1,2,0,2,0,1,0,0,0,0,1,2,2,2,0,0,2,2
41,2063.838,-6454.530,145.843,-50.216,0.640784,0.767348,-0.023929,-0.767240,0.638968,-0.055352,-0.027184,0.053828,0.998180,0,0.28693,-0.40000,17.216,-0.800,-1,375.000,-1,375.000,900.000,325.000,300.000,300.000,300.000,775.000,-1,-1,-1,675.000,625.000,-1,-1,2,0,2,0,1,0,0,0,0,1,2,2,2,0,0,2,2
42,2077.760,-6471.585,145.237,-50.776,0.633248,0.773572,-0.024150,-0.773470,0.631450,-0.054912,-0.027229,0.053452,0.998199,0,0.36693,-0.28000,22.016,-0.560,-1,375.000,-1,375.000,875.000,325.000,300.000,300.000,300.000,775.000,-1,-1,-1,675.000,625.000,-1,-1,2,0,2,0,1,0,0,0,0,1,2,2,2,0,0,2,2
43,2094.600,-6492.453,144.584,-51.096,0.628892,0.777113,-0.024297,-0.777034,0.627141,-0.053973,-0.026705,0.052823,0.998247,0,0.44693,-0.16000,26.816,-0.320,-1,375.000,-1,375.000,875.000,300.000,300.000,300.000,300.000,800.000,-1,-1,-1,675.000,625.000,-1,-1,2,0,2,0,1,0,0,0,0,1,2,2,2,0,0,2,2
44,2114.421,-6517.084,143.902,-51.176,0.627760,0.778025,-0.024374,-0.777987,0.626085,-0.052475,-0.025567,0.051904,0.998325,0,0.52693,-0.04000,31.616,-0.080,-1,375.000,-1,375.000,875.000,300.000,300.000,300.000,300.000,800.000,-1,-1,-1,650.000,625.000,1000.000,-1,2,0,2,0,1,0,0,0,0,1,2,2,2,0,0,0,2
45,2137.330,-6545.391,143.137,-51.016,0.629873,0.776312,-0.024478,-0.776327,0.628287,-0.050715,-0.023992,0.050947,0.998413,0,0.60693,0.08000,36.416,0.160,-1,375.000,-1,375.000,925.000,300.000,300.000,300.000,300.000,825.000,-1,-1,-1,650.000,625.000,975.000,-1,2,0,2,0,1,0,0,0,0,1,2,2,2,0,0,0,2
46,2163.481,-6577.247,142.306,-50.616,0.635210,0.771946,-0.024647,-0.772027,0.633723,-0.048669,-0.021950,0.049944,0.998511,0,0.68693,0.20000,41.216,0.400,975.000,375.000,-1,375.000,-1,300.000,300.000,300.000,300.000,850.000,-1,-1,-1,650.000,625.000,950.000,-1,0,0,2,0,2,0,0,0,0,1,2,2,2,0,0,0,2
47,2190.423,-6609.328,141.505,-49.976,0.643721,0.764855,-0.024902,-0.765009,0.642336,-0.046534,-0.019596,0.049005,0.998606,0,0.69822,0.32000,41.893,0.640,950.000,375.000,-1,350.000,-1,300.000,300.000,300.000,300.000,875.000,575.000,-1,-1,650.000,625.000,925.000,-1,0,0,2,0,2,0,0,0,0,1,0,2,2,0,0,0,2
48,2217.707,-6640.821,140.762,-49.096,0.655317,0.754931,-0.025266,-0.755163,0.654034,-0.044362,-0.016965,0.048151,0.998696,0,0.69448,0.44000,41.669,0.880,950.000,375.000,-1,350.000,-1,300.000,300.000,300.000,300.000,875.000,550.000,-1,-1,625.000,625.000,900.000,-1,0,0,2,0,2,0,0,0,0,1,0,2,2,0,0,0,2
49,2245.455,-6671.612,140.201,-47.976,0.669886,0.742013,-0.025868,-0.742324,0.668675,-0.042766,-0.014436,0.047851,0.998750,0,0.69082,0.56000,41.449,1.120,925.000,375.000,-1,350.000,-1,300.000,300.000,300.000,300.000,900.000,550.000,-1,925.000,625.000,625.000,900.000,-1,0,0,2,0,2,0,0,0,0,1,0,2,1,0,0,0,2
50,2273.781,-6701.583,139.893,-46.616,0.687232,0.725953,-0.026550,-0.726349,0.686116,-0.040757,-0.011371,0.047295,0.998816,0,0.68732,0.68000,41.239,1.360,900.000,375.000,-1,350.000,-1,300.000,300.000,300.000,300.000,925.000,550.000,-1,800.000,600.000,625.000,875.000,-1,0,0,2,0,2,0,0,0,0,1,0,2,1,0,0,0,2
51,2302.752,-6730.655,139.743,-45.100,0.706111,0.707573,-0.027351,-0.708058,0.705114,-0.038306,-0.007819,0.046415,0.998892,0,0.68405,0.75813,41.043,1.516,900.000,375.000,-1,350.000,-1,300.000,300.000,300.000,300.000,950.000,525.000,-1,725.000,600.000,625.000,850.000,-1,0,0,2,0,2,0,0,0,0,1,0,2,1,0,0,0,2
52,2332.364,-6758.830,139.655,-43.575,0.724593,0.688594,-0.028335,-0.689164,0.723717,-0.035856,-0.004184,0.045509,0.998955,0,0.68124,0.76216,40.874,1.524,900.000,375.000,-1,350.000,-1,300.000,300.000,300.000,300.000,975.000,525.000,-1,700.000,600.000,625.000,850.000,-1,0,0,2,0,2,0,0,0,0,1,0,2,1,0,0,0,2
53,2362.624,-6786.117,139.658,-42.043,0.742665,0.669013,-0.029512,-0.669663,0.741906,-0.033567,-0.000561,0.044692,0.999001,0,0.67911,0.76644,40.747,1.533,875.000,375.000,-1,350.000,-1,300.000,300.000,300.000,300.000,1000.000,500.000,600.000,700.000,600.000,625.000,850.000,-1,0,0,2,0,2,0,0,0,0,1,0,0,1,0,0,0,2
54,2393.542,-6812.524,139.754,-40.501,0.760308,0.648828,-0.030872,-0.649555,0.759663,-0.031475,0.003031,0.043984,0.999028,0,0.67767,0.77094,40.660,1.542,875.000,375.000,-1,350.000,-1,300.000,300.000,300.000,300.000,-1,500.000,550.000,700.000,600.000,625.000,825.000,-1,0,0,2,0,2,0,0,0,0,2,0,0,1,0,0,0,2
55,2425.126,-6838.054,139.918,-38.949,0.777503,0.628044,-0.032401,-0.628844,0.776973,-0.029469,0.006667,0.043288,0.999040,0,0.67687,0.77566,40.612,1.551,850.000,350.000,-1,350.000,-1,300.000,300.000,300.000,300.000,-1,450.000,500.000,725.000,575.000,625.000,825.000,1000.000,0,0,2,0,2,0,0,0,0,2,0,0,1,0,0,0,0
56,2457.386,-6862.708,140.150,-37.388,0.794229,0.606661,-0.034094,-0.607530,0.793818,-0.027564,0.010343,0.042605,0.999038,0,0.67670,0.78058,40.602,1.561,850.000,350.000,-1,350.000,-1,300.000,300.000,300.000,300.000,-1,400.000,450.000,750.000,575.000,625.000,825.000,975.000,0,0,2,0,2,0,0,0,0,2,0,0,1,0,0,0,0
57,2490.330,-6886.483,140.530,-35.817,0.810478,0.584688,-0.035578,-0.585607,0.810189,-0.025669,0.013816,0.041639,0.999037,0,0.67712,0.78569,40.627,1.571,825.000,350.000,-1,350.000,-1,300.000,300.000,300.000,300.000,-1,375.000,425.000,800.000,575.000,600.000,800.000,950.000,0,0,2,0,2,0,0,0,0,2,0,0,1,0,0,0,0
58,2523.966,-6909.372,141.175,-34.235,0.826246,0.562137,-0.036325,-0.563061,0.826078,-0.023606,0.016737,0.039957,0.999061,0,0.67810,0.79098,40.686,1.582,800.000,350.000,-1,350.000,-1,300.000,300.000,300.000,300.000,-1,375.000,425.000,825.000,575.000,600.000,800.000,925.000,0,0,2,0,2,0,0,0,0,2,0,0,1,0,0,0,0
59,2554.099,-6928.861,142.141,-32.893,0.839075,0.542640,-0.038664,-0.543637,0.839022,-0.022367,0.020303,0.039786,0.999002,0,0.59810,0.67098,35.886,1.342,800.000,350.000,-1,350.000,-1,300.000,300.000,300.000,300.000,-1,375.000,425.000,875.000,575.000,600.000,775.000,925.000,0,0,2,0,2,0,0,0,0,2,0,0,1,0,0,0,0
60,2580.521,-6945.237,143.121,-31.791,0.849240,0.526399,-0.041167,-0.527478,0.849295,-0.021548,0.023620,0.040014,0.998920,0,0.51810,0.55098,31.086,1.102,800.000,350.000,-1,350.000,-1,300.000,300.000,300.000,300.000,-1,350.000,400.000,900.000,575.000,575.000,775.000,925.000,0,0,2,0,2,0,0,0,0,2,0,0,1,0,0,0,0
61,2603.070,-6958.747,144.054,-30.929,0.856948,0.513554,-0.043626,-0.514717,0.857101,-0.021058,0.026577,0.040501,0.998826,0,0.43810,0.43098,26.286,0.862,800.000,350.000,-1,350.000,-1,300.000,300.000,300.000,300.000,-1,350.000,400.000,925.000,575.000,575.000,775.000,925.000,0,0,2,0,2,0,0,0,0,2,0,0,1,0,0,0,0
62,2621.620,-6969.589,144.844,-30.307,0.862373,0.504210,-0.045660,-0.505446,0.862610,-0.020721,0.028939,0.040948,0.998742,0,0.35810,0.31098,21.486,0.622,800.000,350.000,-1,350.000,1000.000,300.000,300.000,300.000,300.000,-1,350.000,375.000,950.000,575.000,575.000,775.000,925.000,0,0,2,0,0,0,0,0,0,2,0,0,1,0,0,0,0
63,2636.081,-6977.913,145.475,-29.925,0.865635,0.498440,-0.047263,-0.499733,0.865937,-0.020494,0.030711,0.041359,0.998672,0,0.27810,0.19098,16.686,0.382,800.000,350.000,-1,350.000,1000.000,300.000,300.000,300.000,300.000,-1,350.000,375.000,950.000,575.000,575.000,775.000,925.000,0,0,2,0,0,0,0,0,0,2,0,0,1,0,0,0,0
64,2646.398,-6983.816,145.937,-29.783,0.866807,0.496285,-0.048442,-0.497622,0.867155,-0.020352,0.031906,0.041747,0.998619,0,0.19810,0.07098,11.886,0.142,800.000,350.000,-1,350.000,-1,300.000,300.000,300.000,300.000,-1,350.000,375.000,975.000,575.000,575.000,775.000,925.000,0,0,2,0,2,0,0,0,0,2,0,0,1,0,0,0,0
65,2652.542,-6987.346,146.224,-29.881,0.865918,0.497760,-0.049204,-0.499128,0.866291,-0.020280,0.032531,0.042120,0.998583,0,0.11810,-0.04902,7.086,-0.098,800.000,350.000,-1,350.000,-1,300.000,300.000,300.000,300.000,-1,350.000,375.000,975.000,575.000,575.000,775.000,925.000,0,0,2,0,2,0,0,0,0,2,0,0,1,0,0,0,0
66,2654.520,-6988.493,146.328,-30.102,0.863974,0.501096,-0.049514,-0.502478,0.864353,-0.020267,0.032642,0.042390,0.998568,0,0.03810,-0.11063,2.286,-0.221,800.000,350.000,-1,350.000,-1,300.000,300.000,300.000,300.000,-1,350.000,375.000,975.000,575.000,575.000,775.000,925.000,0,0,2,0,2,0,0,0,0,2,0,0,1,0,0,0,0
67,2652.349,-6987.224,146.241,-30.324,0.862044,0.504427,-0.049330,-0.505803,0.862410,-0.020310,0.032298,0.042460,0.998576,0,-0.04190,-0.11057,-2.514,-0.221,800.000,350.000,-1,350.000,-1,300.000,300.000,300.000,300.000,-1,350.000,375.000,950.000,575.000,575.000,775.000,925.000,0,0,2,0,2,0,0,0,0,2,0,0,1,0,0,0,0
68,2646.050,-6983.507,145.967,-30.545,0.860126,0.507757,-0.048652,-0.509109,0.860460,-0.020417,0.031497,0.042330,0.998607,0,-0.12190,-0.11064,-7.314,-0.221,800.000,350.000,-1,350.000,-1,300.000,300.000,300.000,300.000,-1,350.000,375.000,950.000,575.000,575.000,775.000,925.000,0,0,2,0,2,0,0,0,0,2,0,0,1,0,0,0,0
69,2635.641,-6977.310,145.508,-30.766,0.858216,0.511089,-0.047478,-0.512398,0.858501,-0.020591,0.030236,0.042000,0.998660,0,-0.20190,-0.11082,-12.114,-0.222,800.000,350.000,-1,350.000,-1,300.000,300.000,300.000,300.000,-1,350.000,375.000,950.000,575.000,575.000,775.000,925.000,0,0,2,0,2,0,0,0,0,2,0,0,1,0,0,0,0
70,2621.141,-6968.602,144.872,-30.989,0.856310,0.514426,-0.045803,-0.515674,0.856532,-0.020838,0.028512,0.041463,0.998733,0,-0.28190,-0.11112,-16.914,-0.222,800.000,350.000,-1,350.000,-1,300.000,300.000,300.000,300.000,-1,350.000,375.000,925.000,575.000,575.000,775.000,925.000,0,0,2,0,2,0,0,0,0,2,0,0,1,0,0,0,0
71,2602.671,-6957.412,144.068,-31.212,0.854405,0.517772,-0.043633,-0.518939,0.854549,-0.021158,0.026331,0.040720,0.998824,0,-0.35993,-0.11149,-21.596,-0.223,800.000,350.000,-1,350.000,-1,300.000,300.000,300.000,300.000,-1,350.000,400.000,925.000,575.000,575.000,775.000,925.000,0,0,2,0,2,0,0,0,0,2,0,0,1,0,0,0,0
72,2584.315,-6946.193,143.302,-31.436,0.852471,0.521120,-0.041555,-0.522214,0.852543,-0.021523,0.024212,0.040048,0.998904,0,-0.35854,-0.11192,-21.512,-0.224,800.000,350.000,-1,350.000,1000.000,300.000,300.000,300.000,300.000,-1,350.000,400.000,900.000,575.000,575.000,775.000,925.000,0,0,2,0,0,0,0,0,0,2,0,0,1,0,0,0,0
73,2566.076,-6934.946,142.631,-31.660,0.850498,0.524465,-0.039859,-0.525503,0.850506,-0.022034,0.022344,0.039686,0.998962,0,-0.35713,-0.11228,-21.428,-0.225,800.000,350.000,-1,350.000,1000.000,300.000,300.000,300.000,300.000,-1,375.000,425.000,900.000,575.000,600.000,775.000,900.000,0,0,2,0,0,0,0,0,0,2,0,0,1,0,0,0,0
74,2547.955,-6923.673,141.978,-31.885,0.848504,0.527811,-0.038165,-0.528793,0.848451,-0.022554,0.020477,0.039318,0.999017,0,-0.35570,-0.11258,-21.342,-0.225,800.000,350.000,-1,350.000,1000.000,300.000,300.000,300.000,300.000,-1,375.000,425.000,875.000,575.000,600.000,775.000,900.000,0,0,2,0,0,0,0,0,0,2,0,0,1,0,0,0,0
75,2526.562,-6910.248,141.321,-32.111,0.846482,0.531156,-0.036630,-0.532092,0.846365,-0.023341,0.018604,0.039248,0.999056,0,-0.42095,-0.11302,-25.257,-0.226,800.000,350.000,-1,350.000,-1,300.000,300.000,300.000,300.000,-1,375.000,425.000,850.000,575.000,600.000,800.000,900.000,0,0,2,0,2,0,0,0,0,2,0,0,1,0,0,0,0
76,2505.127,-6896.674,140.905,-32.344,0.844345,0.534576,-0.036187,-0.535515,0.844169,-0.024520,0.017440,0.040082,0.999044,0,-0.42285,-0.11652,-25.371,-0.233,825.000,350.000,-1,350.000,-1,300.000,300.000,300.000,300.000,-1,375.000,425.000,825.000,575.000,600.000,825.000,925.000,0,0,2,0,2,0,0,0,0,2,0,0,1,0,0,0,0
77,2483.658,-6882.951,140.508,-32.584,0.842130,0.538089,-0.035736,-0.539030,0.841895,-0.025701,0.016256,0.040906,0.999031,0,-0.42467,-0.12000,-25.480,-0.240,850.000,350.000,-1,350.000,-1,300.000,300.000,300.000,300.000,-1,375.000,425.000,800.000,575.000,600.000,825.000,925.000,0,0,2,0,2,0,0,0,0,2,0,0,1,0,0,0,0
78,2462.160,-6869.080,140.131,-32.831,0.839835,0.541695,-0.035275,-0.542633,0.839539,-0.026884,0.015052,0.041719,0.999016,0,-0.42641,-0.12348,-25.585,-0.247,850.000,350.000,-1,350.000,-1,300.000,300.000,300.000,300.000,-1,400.000,450.000,775.000,575.000,600.000,850.000,950.000,0,0,2,0,2,0,0,0,0,2,0,0,1,0,0,0,0
79,2440.640,-6855.059,139.784,-33.085,0.837460,0.545392,-0.034754,-0.546324,0.837104,-0.028051,0.013794,0.042479,0.999002,0,-0.42806,-0.12693,-25.684,-0.254,875.000,350.000,-1,350.000,-1,300.000,300.000,300.000,300.000,-1,400.000,450.000,750.000,600.000,625.000,875.000,950.000,0,0,2,0,2,0,0,0,0,2,0,0,1,0,0,0,0
80,2419.107,-6840.890,139.555,-33.346,0.835016,0.549186,-0.033794,-0.550089,0.834599,-0.029080,0.012234,0.042872,0.999006,0,-0.42962,-0.13037,-25.777,-0.261,900.000,375.000,-1,350.000,-1,300.000,300.000,300.000,300.000,-1,425.000,475.000,725.000,600.000,625.000,875.000,950.000,0,0,2,0,2,0,0,0,0,2,0,0,1,0,0,0,0
81,2397.568,-6826.572,139.387,-33.613,0.832492,0.553064,-0.032837,-0.553938,0.832004,-0.030377,0.010520,0.043478,0.998999,0,-0.43107,-0.13379,-25.864,-0.268,900.000,375.000,-1,350.000,-1,300.000,300.000,300.000,300.000,-1,450.000,500.000,700.000,600.000,625.000,900.000,975.000,0,0,2,0,2,0,0,0,0,2,0,0,1,0,0,0,0
82,2376.031,-6812.106,139.243,-33.888,0.829883,0.557025,-0.031903,-0.557869,0.829322,-0.031744,0.008775,0.044142,0.998987,0,-0.43240,-0.13718,-25.944,-0.274,925.000,375.000,-1,350.000,-1,300.000,300.000,300.000,300.000,-1,500.000,550.000,675.000,600.000,625.000,900.000,975.000,0,0,2,0,2,0,0,0,0,2,0,1,1,0,0,0,0
83,2354.505,-6797.494,139.109,-34.169,0.827187,0.561070,-0.031000,-0.561882,0.826555,-0.033107,0.007048,0.044804,0.998971,0,-0.43361,-0.14054,-26.017,-0.281,925.000,375.000,-1,350.000,-1,300.000,300.000,300.000,300.000,-1,550.000,-1,675.000,600.000,625.000,900.000,975.000,0,0,2,0,2,0,0,0,0,2,0,2,1,0,0,0,0
84,2332.999,-6782.737,138.985,-34.457,0.824405,0.565198,-0.030129,-0.565975,0.823702,-0.034465,0.005338,0.045465,0.998952,0,-0.43470,-0.14388,-26.082,-0.288,950.000,375.000,-1,350.000,-1,300.000,300.000,300.000,300.000,-1,575.000,-1,650.000,600.000,625.000,925.000,975.000,0,0,2,0,2,0,0,0,0,2,0,2,1,0,0,0,0
85,2311.523,-6767.838,138.871,-34.751,0.821536,0.569404,-0.029291,-0.570146,0.820763,-0.035816,0.003648,0.046125,0.998929,0,-0.43564,-0.14717,-26.138,-0.294,975.000,375.000,-1,350.000,-1,300.000,300.000,300.000,300.000,-1,-1,-1,625.000,625.000,625.000,925.000,1000.000,0,0,2,0,2,0,0,0,0,2,2,2,1,0,0,0,0
86,2290.087,-6752.799,138.768,-35.052,0.818578,0.573689,-0.028488,-0.574392,0.817736,-0.037160,0.001977,0.046782,0.998903,0,-0.43643,-0.15043,-26.186,-0.301,975.000,375.000,-1,350.000,-1,300.000,300.000,300.000,300.000,-1,-1,-1,600.000,625.000,625.000,950.000,1000.000,0,0,2,0,2,0,0,0,0,2,2,2,1,0,0,0,0
87,2268.700,-6737.623,138.676,-35.359,0.815532,0.578048,-0.027719,-0.578713,0.814622,-0.038497,0.000327,0.047437,0.998874,0,-0.43707,-0.15365,-26.224,-0.307,1000.000,375.000,-1,350.000,-1,300.000,300.000,300.000,300.000,-1,-1,-1,575.000,625.000,625.000,950.000,1000.000,0,0,2,0,2,0,0,0,0,2,2,2,1,0,0,0,0
88,2247.374,-6722.313,138.595,-35.673,0.812396,0.582481,-0.026986,-0.583104,0.811421,-0.039824,-0.001300,0.048088,0.998842,0,-0.43754,-0.15681,-26.252,-0.314,1000.000,375.000,-1,350.000,-1,300.000,300.000,300.000,300.000,-1,-1,-1,575.000,625.000,625.000,950.000,1000.000,0,0,2,0,2,0,0,0,0,2,2,2,1,0,0,0,0
89,2229.963,-6709.781,138.537,-35.746,0.811677,0.583508,-0.026429,-0.584101,0.810650,-0.040892,-0.002436,0.048629,0.998814,0,-0.35754,-0.03681,-21.452,-0.074,1000.000,375.000,-1,350.000,-1,300.000,300.000,300.000,300.000,-1,-1,-1,575.000,625.000,625.000,975.000,1000.000,0,0,2,0,2,0,0,0,0,2,2,2,1,0,0,0,0
90,2216.420,-6700.092,138.496,-35.580,0.813388,0.581139,-0.026026,-0.581713,0.812324,-0.041701,-0.003093,0.049059,0.998791,0,-0.27754,0.08319,-16.652,0.166,1000.000,375.000,-1,350.000,-1,300.000,300.000,300.000,300.000,-1,-1,-1,550.000,625.000,625.000,975.000,1000.000,0,0,2,0,2,0,0,0,0,2,2,2,1,0,0,0,0
91,2206.732,-6693.264,138.469,-35.174,0.817499,0.575354,-0.025760,-0.575921,0.816413,-0.042256,-0.003281,0.049380,0.998775,0,-0.19754,0.20319,-11.852,0.406,-1,375.000,-1,350.000,-1,300.000,300.000,300.000,300.000,-1,-1,-1,550.000,650.000,625.000,975.000,1000.000,2,0,2,0,2,0,0,0,0,2,2,2,1,0,0,0,0
92,2200.933,-6689.251,138.454,-34.681,0.822419,0.568306,-0.025616,-0.568874,0.821322,-0.042571,-0.003154,0.049583,0.998765,0,-0.11754,0.24638,-7.052,0.493,-1,375.000,-1,350.000,-1,300.000,300.000,300.000,300.000,-1,-1,-1,550.000,650.000,625.000,1000.000,1000.000,2,0,2,0,2,0,0,0,0,2,2,2,1,0,0,0,0
93,2199.070,-6687.985,138.454,-34.190,0.827256,0.561243,-0.025589,-0.561819,0.826160,-0.042656,-0.002800,0.049664,0.998762,0,-0.03754,0.24556,-2.252,0.491,-1,375.000,-1,350.000,1000.000,300.000,300.000,300.000,300.000,-1,-1,-1,550.000,650.000,625.000,1000.000,1000.000,2,0,2,0,0,0,0,0,0,2,2,2,1,0,0,0,0
94,2201.189,-6689.399,138.472,-33.699,0.832021,0.554149,-0.025685,-0.554740,0.830937,-0.042519,-0.002219,0.049625,0.998765,0,0.04246,0.24529,2.548,0.491,-1,375.000,-1,350.000,1000.000,300.000,300.000,300.000,300.000,-1,-1,-1,550.000,650.000,625.000,1000.000,1000.000,2,0,2,0,0,0,0,0,0,2,2,2,1,0,0,0,0
95,2207.337,-6693.423,138.511,-33.208,0.836725,0.547010,-0.025911,-0.547622,0.835663,-0.042162,-0.001411,0.049467,0.998775,0,0.12246,0.24559,7.348,0.491,-1,375.000,-1,350.000,1000.000,300.000,300.000,300.000,300.000,-1,-1,-1,550.000,650.000,625.000,1000.000,1000.000,2,0,2,0,0,0,0,0,0,2,2,2,1,0,0,0,0
96,2217.558,-6699.988,138.577,-32.715,0.841378,0.539808,-0.026275,-0.540447,0.840350,-0.041588,-0.000369,0.049191,0.998789,0,0.20246,0.24647,12.148,0.493,-1,375.000,-1,350.000,1000.000,300.000,300.000,300.000,300.000,-1,-1,-1,550.000,650.000,625.000,1000.000,1000.000,2,0,2,0,0,0,0,0,0,2,2,2,1,0,0,0,0
97,2231.895,-6709.024,138.674,-32.219,0.845990,0.532525,-0.026789,-0.533197,0.845007,-0.040797,0.000912,0.048797,0.998808,0,0.28246,0.24794,16.948,0.496,-1,375.000,-1,350.000,1000.000,300.000,300.000,300.000,300.000,-1,-1,-1,550.000,650.000,625.000,1000.000,1000.000,2,0,2,0,0,0,0,0,0,2,2,2,1,0,0,0,0
98,2250.395,-6720.458,138.808,-31.719,0.850571,0.525143,-0.027468,-0.525855,0.849643,-0.039788,0.002443,0.048286,0.998831,0,0.36246,0.25002,21.748,0.500,-1,375.000,-1,350.000,1000.000,300.000,300.000,300.000,300.000,-1,-1,-1,575.000,625.000,625.000,1000.000,1000.000,2,0,2,0,0,0,0,0,0,2,2,2,1,0,0,0,0
99,2273.099,-6734.216,138.985,-31.214,0.855128,0.517643,-0.028326,-0.518400,0.854268,-0.038560,0.004238,0.047658,0.998855,0,0.44246,0.25273,26.548,0.505,1000.000,375.000,-1,350.000,1000.000,300.000,300.000,300.000,300.000,-1,-1,-1,600.000,625.000,625.000,1000.000,975.000,0,0,2,0,0,0,0,0,0,2,2,2,1,0,0,0,0
100,2300.053,-6750.221,139.211,-30.702,0.859670,0.510004,-0.029383,-0.510810,0.858892,-0.037110,0.006311,0.046912,0.998879,0,0.52246,0.25610,31.348,0.512,1000.000,375.000,-1,350.000,1000.000,300.000,300.000,300.000,300.000,-1,-1,-1,625.000,625.000,625.000,975.000,975.000,0,0,2,0,0,0,0,0,0,2,2,2,1,0,0,0,0
101,2331.300,-6768.394,139.493,-30.181,0.864206,0.502204,-0.030660,-0.503064,0.863522,-0.035436,0.008679,0.046047,0.998902,0,0.60246,0.26014,36.148,0.520,975.000,375.000,-1,350.000,-1,325.000,300.000,300.000,300.000,-1,-1,-1,650.000,625.000,625.000,975.000,950.000,0,0,2,0,2,0,0,0,0,2,2,2,1,0,0,0,0
102,2366.886,-6788.652,139.838,-29.651,0.868741,0.494220,-0.032178,-0.495136,0.868168,-0.033533,0.011364,0.045064,0.998919,0,0.68246,0.26488,40.948,0.530,950.000,375.000,-1,350.000,-1,325.000,300.000,300.000,300.000,-1,525.000,525.000,700.000,625.000,625.000,950.000,950.000,0,0,2,0,2,0,0,0,0,2,0,1,1,0,0,0,0
103,2406.855,-6810.909,140.254,-29.111,0.873282,0.486029,-0.033965,-0.487002,0.872836,-0.031398,0.014386,0.043961,0.998930,0,0.76246,0.27036,45.748,0.541,925.000,375.000,-1,375.000,1000.000,300.000,300.000,300.000,300.000,-1,450.000,500.000,750.000,600.000,600.000,925.000,925.000,0,0,2,0,0,0,0,0,0,2,0,0,1,0,0,0,0
104,2447.711,-6833.146,140.767,-28.558,0.877850,0.477608,-0.035637,-0.478620,0.877539,-0.029120,0.017365,0.042620,0.998940,0,0.77527,0.27658,46.516,0.553,900.000,375.000,-1,375.000,1000.000,300.000,300.000,300.000,300.000,-1,400.000,450.000,775.000,600.000,600.000,900.000,925.000,0,0,2,0,0,0,0,0,0,2,0,0,1,0,0,0,0
105,2488.950,-6855.066,141.589,-27.992,0.882467,0.468942,-0.036676,-0.469966,0.882265,-0.027218,0.019595,0.041256,0.998956,0,0.77837,0.28301,46.702,0.566,850.000,350.000,-1,350.000,975.000,300.000,300.000,300.000,300.000,-1,400.000,450.000,825.000,600.000,600.000,850.000,900.000,0,0,2,0,0,0,0,0,0,2,0,0,1,0,0,0,0
106,2530.590,-6876.662,142.485,-27.412,0.887104,0.460027,-0.037703,-0.461054,0.887011,-0.025310,0.021800,0.039836,0.998968,0,0.78180,0.28957,46.908,0.579,825.000,350.000,-1,350.000,950.000,300.000,300.000,300.000,300.000,-1,400.000,450.000,875.000,575.000,575.000,825.000,875.000,0,0,2,0,0,0,0,0,0,2,0,0,1,0,0,0,0
107,2572.652,-6897.927,143.945,-26.820,0.891670,0.450820,-0.041060,-0.451962,0.891701,-0.024465,0.025584,0.040372,0.998857,0,0.78552,0.29625,47.131,0.593,825.000,350.000,-1,350.000,950.000,300.000,300.000,300.000,300.000,-1,375.000,425.000,925.000,575.000,575.000,800.000,875.000,0,0,2,0,0,0,0,0,0,2,0,0,1,0,0,0,0
108,2615.153,-6918.851,145.611,-26.214,0.896209,0.441344,-0.045006,-0.442633,0.896383,-0.023956,0.029770,0.041391,0.998699,0,0.78953,0.30305,47.372,0.606,800.000,350.000,-1,350.000,925.000,300.000,300.000,300.000,300.000,-1,350.000,400.000,975.000,575.000,575.000,800.000,875.000,0,0,2,0,0,0,0,0,0,2,0,0,1,0,0,0,0
109,2660.957,-6940.797,147.476,-25.601,0.900668,0.431712,-0.049207,-0.433160,0.901011,-0.023491,0.034195,0.042472,0.998512,0,0.84649,0.30639,50.790,0.613,800.000,350.000,-1,350.000,925.000,300.000,300.000,325.000,300.000,-1,350.000,375.000,1000.000,575.000,575.000,800.000,875.000,0,0,2,0,0,0,0,0,0,2,0,0,1,0,0,0,0
110,2706.842,-6962.177,149.524,-24.985,0.905059,0.421983,-0.052905,-0.423563,0.905578,-0.022884,0.038253,0.043120,0.998337,0,0.84369,0.30818,50.622,0.616,800.000,350.000,-1,350.000,925.000,300.000,275.000,325.000,300.000,-1,350.000,375.000,-1,575.000,575.000,775.000,875.000,0,0,2,0,0,0,0,0,0,2,0,0,2,0,0,0,0
111,2752.817,-6982.997,151.819,-24.364,0.909404,0.412150,-0.055828,-0.413814,0.910096,-0.021977,0.041751,0.043089,0.998198,0,0.84116,0.31029,50.469,0.621,775.000,350.000,-1,350.000,925.000,275.000,275.000,300.000,300.000,-1,350.000,400.000,-1,575.000,575.000,775.000,875.000,0,0,2,0,0,0,0,0,0,2,0,0,2,0,0,0,0
112,2797.193,-7002.740,154.739,-23.984,0.911874,0.406135,-0.059495,-0.407777,0.912901,-0.018163,0.046936,0.040823,0.998063,0,0.80949,0.19029,48.569,0.381,775.000,350.000,-1,350.000,-1,275.000,275.000,300.000,300.000,-1,350.000,400.000,-1,575.000,575.000,750.000,925.000,0,0,2,0,2,0,0,0,0,2,0,0,2,0,0,0,0
113,2841.482,-7022.122,157.903,-23.634,0.914023,0.400590,-0.063953,-0.402222,0.915427,-0.014538,0.052721,0.039011,0.997847,0,0.80574,0.17469,48.344,0.349,775.000,350.000,-1,350.000,-1,300.000,300.000,300.000,300.000,-1,350.000,375.000,-1,575.000,600.000,750.000,1000.000,0,0,2,0,2,0,0,0,0,2,0,0,2,0,0,0,0
114,2885.728,-7041.150,161.098,-23.270,0.916222,0.394791,-0.068395,-0.396385,0.918019,-0.010980,0.058453,0.037171,0.997598,0,0.80271,0.18210,48.163,0.364,775.000,350.000,-1,350.000,-1,300.000,300.000,300.000,300.000,-1,325.000,375.000,-1,575.000,600.000,750.000,-1,0,0,2,0,2,0,0,0,0,2,0,0,2,0,0,0,2
115,2929.966,-7059.828,164.327,-22.890,0.918475,0.388716,-0.072825,-0.390244,0.920681,-0.007491,0.064137,0.035300,0.997317,0,0.80032,0.19011,48.019,0.380,775.000,350.000,-1,350.000,-1,300.000,300.000,300.000,300.000,-1,300.000,375.000,-1,575.000,625.000,775.000,-1,0,0,2,0,2,0,0,0,0,2,0,0,2,0,0,0,2
116,2974.236,-7078.159,167.591,-22.492,0.920784,0.382346,-0.077248,-0.383780,0.923415,-0.004071,0.069775,0.033395,0.997004,0,0.79857,0.19870,47.914,0.397,775.000,350.000,-1,350.000,-1,300.000,300.000,300.000,325.000,-1,300.000,375.000,-1,575.000,625.000,775.000,-1,0,0,2,0,2,0,0,0,0,2,0,0,2,0,0,0,2
117,3018.577,-7096.144,170.894,-22.077,0.923152,0.375660,-0.081669,-0.376974,0.926224,-0.000722,0.075373,0.031454,0.996659,0,0.79748,0.20785,47.849,0.416,775.000,350.000,-1,375.000,-1,300.000,300.000,300.000,325.000,-1,275.000,325.000,-1,575.000,625.000,775.000,-1,0,0,2,0,2,0,0,0,0,2,0,0,2,0,0,0,2
118,3065.681,-7114.836,174.436,-21.643,0.925541,0.368667,-0.086359,-0.369827,0.929097,0.002749,0.081249,0.029393,0.996260,0,0.84460,0.21668,50.676,0.433,775.000,350.000,-1,375.000,-1,300.000,300.000,300.000,325.000,-1,275.000,300.000,-1,575.000,625.000,775.000,-1,0,0,2,0,2,0,0,0,0,2,0,0,2,0,0,0,2
119,3112.869,-7133.141,178.019,-21.202,0.927909,0.361517,-0.091048,-0.362495,0.931966,0.006138,0.087072,0.027309,0.995828,0,0.84355,0.22079,50.613,0.442,775.000,350.000,-1,375.000,-1,300.000,300.000,300.000,325.000,-1,250.000,250.000,-1,575.000,650.000,775.000,-1,0,0,2,0,2,0,0,0,0,2,0,0,2,0,0,0,2
120,3163.229,-7152.473,182.018,-21.000,0.928698,0.358248,-0.095807,-0.359080,0.933263,0.009004,0.092639,0.026040,0.995359,0,0.89904,0.10079,53.943,0.202,775.000,350.000,-1,375.000,-1,300.000,300.000,275.000,325.000,1000.000,250.000,225.000,1000.000,575.000,650.000,775.000,-1,0,0,2,0,2,0,0,0,0,0,0,0,1,0,0,0,2
121,3213.567,-7171.833,186.766,-21.038,0.928023,0.358854,-0.099984,-0.359844,0.932973,0.008577,0.096361,0.028019,0.994952,0,0.89886,-0.01921,53.931,-0.038,775.000,350.000,-1,375.000,-1,300.000,300.000,300.000,325.000,-1,275.000,250.000,975.000,575.000,650.000,800.000,-1,0,0,2,0,2,0,0,0,0,2,0,0,1,0,0,0,2
122,3263.837,-7191.446,192.240,-21.317,0.925483,0.363325,-0.107127,-0.364785,0.931070,0.006337,0.102045,0.033214,0.994225,0,0.89932,-0.13921,53.959,-0.278,825.000,350.000,-1,375.000,-1,300.000,300.000,300.000,300.000,-1,275.000,250.000,975.000,575.000,675.000,900.000,-1,0,0,2,0,2,0,0,0,0,2,0,0,1,0,0,0,2
123,3313.987,-7211.536,197.727,-21.835,0.921324,0.371659,-0.114153,-0.373660,0.927557,0.004147,0.107425,0.038834,0.993455,0,0.90038,-0.25921,54.023,-0.518,900.000,350.000,-1,375.000,-1,300.000,300.000,300.000,300.000,-1,275.000,250.000,950.000,600.000,700.000,-1,-1,0,0,2,0,2,0,0,0,0,2,0,0,1,0,0,2,2
124,3365.385,-7232.919,203.731,-22.594,0.915604,0.383828,-0.119771,-0.386292,0.922372,0.002849,0.111566,0.043658,0.992798,0,0.92778,-0.37921,55.667,-0.758,975.000,350.000,-1,375.000,-1,300.000,300.000,325.000,300.000,-1,300.000,250.000,950.000,625.000,725.000,-1,-1,0,0,2,0,2,0,0,0,0,2,0,0,1,0,0,2,2
125,3416.641,-7255.301,210.213,-23.592,0.908209,0.399779,-0.123831,-0.402533,0.915401,0.003019,0.114562,0.047104,0.992299,0,0.93214,-0.49921,55.928,-0.998,-1,350.000,-1,375.000,-1,300.000,300.000,325.000,300.000,-1,325.000,275.000,975.000,625.000,750.000,-1,-1,2,0,2,0,2,0,0,0,0,2,0,0,1,0,0,2,2
126,3467.657,-7278.904,217.147,-24.831,0.898720,0.419410,-0.128052,-0.422361,0.906416,0.004491,0.117952,0.050047,0.991757,0,0.93683,-0.61921,56.210,-1.238,-1,350.000,-1,375.000,-1,300.000,300.000,300.000,300.000,-1,375.000,300.000,1000.000,650.000,800.000,-1,-1,2,0,2,0,2,0,0,0,0,2,0,0,1,0,0,2,2
127,3518.315,-7303.946,224.045,-26.309,0.886976,0.442568,-0.131938,-0.445800,0.895115,0.005575,0.120567,0.053873,0.991242,0,0.94181,-0.73921,56.508,-1.478,-1,350.000,-1,400.000,-1,300.000,300.000,300.000,300.000,-1,400.000,350.000,-1,675.000,875.000,-1,-1,2,0,2,0,2,0,0,0,0,2,0,0,2,0,0,2,2
128,3568.558,-7330.492,230.833,-27.853,0.874112,0.466426,-0.135554,-0.469960,0.882663,0.006633,0.122742,0.057907,0.990748,0,0.94704,-0.77221,56.823,-1.544,-1,375.000,-1,400.000,-1,300.000,325.000,300.000,300.000,-1,425.000,375.000,-1,700.000,-1,-1,-1,2,0,2,0,2,0,0,0,0,2,0,0,2,0,2,2,2
129,3618.343,-7358.526,237.508,-29.389,0.860708,0.489786,-0.138891,-0.493634,0.869636,0.007637,0.124525,0.061988,0.990278,0,0.95224,-0.76760,57.134,-1.535,-1,375.000,-1,425.000,-1,300.000,325.000,300.000,300.000,-1,400.000,350.000,-1,750.000,-1,-1,-1,2,0,2,0,2,0,0,0,0,2,0,0,2,0,2,2,2
