timestep,x_cm,y_cm,z_cm,yaw_deg,basis_xx,basis_xy,basis_xz,basis_yx,basis_yy,basis_yz,basis_zx,basis_zy,basis_zz,teleport_flag,throttle_cmd,steering_cmd,cmd_move_cm,cmd_turn_deg,lidar_cm_0,lidar_cm_1,lidar_cm_2,lidar_cm_3,lidar_cm_4,lidar_cm_5,lidar_cm_6,lidar_cm_7,lidar_cm_8,lidar_cm_9,lidar_cm_10,lidar_cm_11,lidar_cm_12,lidar_cm_13,lidar_cm_14,lidar_cm_15,lidar_cm_16,lidar_class_0,lidar_class_1,lidar_class_2,lidar_class_3,lidar_class_4,lidar_class_5,lidar_class_6,lidar_class_7,lidar_class_8,lidar_class_9,lidar_class_10,lidar_class_11,lidar_class_12,lidar_class_13,lidar_class_14,lidar_class_15,lidar_class_16
0,-5576.261,-4258.832,112.438,99.851,-0.169657,-0.984265,0.049383,0.985030,-0.170915,-0.022438,0.030526,0.044837,0.998528,1,0.08000,-0.08166,4.800,-0.163,-1,400.000,550.000,375.000,475.000,325.000,325.000,300.000,300.000,-1,-1,-1,-1,575.000,425.000,-1,450.000,2,0,1,1,1,0,0,0,0,2,2,2,2,1,1,2,1
1,-5577.837,-4249.362,112.731,99.448,-0.162741,-0.985441,0.049208,0.986211,-0.163982,-0.022300,0.030044,0.044901,0.998540,0,0.16000,-0.20166,9.600,-0.403,-1,400.000,550.000,350.000,450.000,325.000,325.000,300.000,300.000,-1,-1,-1,-1,550.000,400.000,-1,425.000,2,0,1,1,1,0,0,0,0,2,2,2,2,1,1,2,1
2,-5580.079,-4235.137,113.163,98.959,-0.154348,-0.986803,0.048953,0.987578,-0.155566,-0.022092,0.029416,0.044936,0.998557,0,0.24000,-0.24449,14.400,-0.489,-1,400.000,525.000,350.000,450.000,325.000,325.000,300.000,300.000,-1,-1,-1,-1,525.000,400.000,-1,425.000,2,1,1,1,1,0,0,0,0,2,2,2,2,1,1,2,1
3,-5582.908,-4216.147,113.731,98.472,-0.145986,-0.988091,0.048623,0.988870,-0.147174,-0.021816,0.028712,0.044897,0.998579,0,0.32000,-0.24346,19.200,-0.487,-1,400.000,500.000,350.000,425.000,325.000,325.000,300.000,300.000,-1,-1,-1,-1,500.000,375.000,-1,400.000,2,1,1,1,1,0,1,0,0,2,2,2,2,1,1,2,1
4,-5586.242,-4192.379,114.429,97.987,-0.137651,-0.989306,0.048218,0.990087,-0.138806,-0.021470,0.027934,0.044784,0.998606,0,0.40000,-0.24249,24.000,-0.485,-1,375.000,475.000,325.000,400.000,325.000,300.000,300.000,300.000,-1,-1,-1,-1,475.000,375.000,-1,375.000,2,1,1,1,1,1,1,0,0,2,2,2,2,1,1,2,1
5,-5590.003,-4163.826,115.252,97.504,-0.129340,-0.990450,0.047742,0.991230,-0.130457,-0.021056,0.027084,0.044600,0.998638,0,0.48000,-0.24166,28.800,-0.483,-1,350.000,450.000,300.000,375.000,300.000,275.000,300.000,300.000,-1,-1,-1,-1,450.000,350.000,-1,350.000,2,1,1,1,1,1,1,0,0,2,2,2,2,1,1,2,1
6,-5594.110,-4130.478,116.197,97.021,-0.121045,-0.991524,0.047197,0.992302,-0.122120,-0.020574,0.026163,0.044343,0.998674,0,0.56000,-0.24106,33.600,-0.482,-1,325.000,400.000,275.000,350.000,275.000,250.000,300.000,300.000,-1,-1,-1,-1,425.000,300.000,-1,325.000,2,1,1,1,1,1,1,0,0,2,2,2,2,1,1,2,1
7,-5598.483,-4092.328,117.257,96.540,-0.112756,-0.992530,0.046586,0.993304,-0.113783,-0.020022,0.025173,0.044016,0.998714,0,0.64000,-0.24078,38.400,-0.482,-1,300.000,350.000,250.000,300.000,250.000,225.000,300.000,300.000,-1,-1,-1,-1,375.000,275.000,-1,275.000,2,1,1,1,1,1,1,0,0,2,2,2,2,1,1,2,1
8,-5603.042,-4049.369,118.429,96.058,-0.104456,-0.993469,0.045910,0.994237,-0.105434,-0.019403,0.024116,0.043619,0.998757,0,0.72000,-0.24094,43.200,-0.482,-1,275.000,325.000,225.000,275.000,225.000,200.000,300.000,300.000,950.000,-1,-1,-1,325.000,250.000,-1,250.000,2,1,1,1,1,1,1,0,0,1,2,2,2,1,1,2,1
9,-5607.704,-4001.596,119.708,95.575,-0.096127,-0.994343,0.045174,0.995103,-0.097051,-0.018715,0.022993,0.043154,0.998804,0,0.80000,-0.24168,48.000,-0.483,-1,225.000,275.000,175.000,225.000,200.000,175.000,300.000,300.000,875.000,-1,-1,-1,300.000,200.000,-1,200.000,2,1,1,1,1,1,1,0,0,1,2,2,2,1,1,2,1
10,-5611.357,-3958.550,120.822,94.851,-0.083615,-0.995500,0.044581,0.996259,-0.084491,-0.018126,0.021811,0.042899,0.998841,0,0.72000,-0.36168,43.200,-0.723,-1,200.000,225.000,150.000,175.000,175.000,150.000,300.000,300.000,825.000,-1,-1,-1,250.000,175.000,375.000,150.000,2,1,1,1,1,1,1,0,0,1,2,2,2,1,1,1,1
11,-5614.070,-3920.245,127.719,94.065,-0.070037,-0.997274,0.023235,0.996793,-0.070869,-0.037169,0.038714,0.020557,0.999039,0,0.64000,-0.39322,38.400,-0.786,-1,175.000,200.000,125.000,175.000,150.000,125.000,300.000,350.000,750.000,850.000,-1,-1,225.000,150.000,350.000,150.000,2,1,1,1,1,1,1,0,0,1,0,2,2,1,1,1,1
12,-5615.988,-3886.696,137.603,93.277,-0.056460,-0.998328,0.012386,0.996205,-0.057155,-0.065649,0.066247,0.008633,0.997766,0,0.56000,-0.39407,33.600,-0.788,-1,175.000,200.000,125.000,175.000,150.000,125.000,300.000,425.000,675.000,175.000,325.000,-1,225.000,150.000,-1,150.000,2,1,1,1,1,1,1,0,0,1,0,0,2,1,1,2,1
13,-4263.796,-6231.558,39.942,134.055,-0.711931,-0.696444,0.090105,0.691976,-0.673851,0.259026,-0.119680,0.246759,0.961658,1,0.00000,0.00000,28.800,-0.790,-1,350.000,700.000,200.000,50.000,250.000,200.000,275.000,200.000,175.000,-1,-1,-1,550.000,275.000,-1,50.000,2,0,0,0,0,0,0,1,0,1,2,2,2,0,0,2,0
14,327.897,328.068,72.616,37.926,0.792422,-0.609874,0.011030,0.604445,0.782682,-0.148513,0.081941,0.124352,0.988849,1,0.00000,0.00000,4.800,0.113,275.000,275.000,-1,350.000,-1,250.000,275.000,425.000,250.000,-1,225.000,75.000,450.000,400.000,-1,300.000,-1,1,1,2,1,2,1,1,1,0,2,0,0,0,1,2,1,2
15,6227.505,-6884.424,-195.013,-36.543,0.803717,0.594954,0.008278,-0.594706,0.802780,0.043234,0.019077,-0.039671,0.999031,1,-0.08000,-0.12000,-4.800,-0.240,-1,375.000,-1,375.000,-1,325.000,300.000,300.000,300.000,-1,575.000,550.000,-1,700.000,700.000,-1,-1,2,0,2,0,2,0,0,0,0,2,0,0,2,0,0,2,2
16,6219.840,-6878.644,-195.190,-37.023,0.798703,0.601666,0.008472,-0.601423,0.797777,0.042920,0.019064,-0.039376,0.999043,0,-0.16000,-0.24000,-9.600,-0.480,-1,375.000,-1,375.000,-1,300.000,300.000,300.000,300.000,-1,575.000,550.000,-1,700.000,700.000,-1,-1,2,0,2,0,2,0,0,0,0,2,0,0,2,0,0,2,2
17,6208.453,-6869.829,-195.423,-37.743,0.791078,0.611650,0.008931,-0.611423,0.790163,0.042481,0.018927,-0.039067,0.999057,0,-0.24000,-0.36000,-14.400,-0.720,-1,375.000,-1,375.000,-1,300.000,300.000,300.000,300.000,-1,575.000,575.000,-1,700.000,700.000,-1,-1,2,0,2,0,2,0,0,0,0,2,0,0,2,0,0,2,2
18,6194.656,-6858.775,-195.723,-38.703,0.780717,0.624813,0.009492,-0.624602,0.779817,0.041926,0.018795,-0.038661,0.999076,0,-0.29466,-0.48000,-17.680,-0.960,-1,375.000,-1,375.000,-1,300.000,300.000,300.000,300.000,-1,600.000,575.000,-1,700.000,675.000,-1,-1,2,0,2,0,2,0,0,0,0,2,0,0,2,0,0,2,2
19,6181.067,-6847.464,-196.039,-39.775,0.768890,0.639302,0.010051,-0.639107,0.768005,0.041353,0.018717,-0.038219,0.999094,0,-0.29466,-0.53592,-17.680,-1.072,-1,375.000,-1,375.000,-1,300.000,300.000,300.000,300.000,-1,575.000,600.000,-1,700.000,675.000,-1,-1,2,0,2,0,2,0,0,0,0,2,0,0,2,0,0,2,2
20,6167.693,-6835.901,-196.368,-40.846,0.756794,0.653568,0.010585,-0.653388,0.755926,0.040751,0.018632,-0.037756,0.999113,0,-0.29466,-0.53592,-17.680,-1.072,-1,375.000,-1,375.000,-1,300.000,300.000,300.000,300.000,-1,575.000,600.000,-1,700.000,675.000,-1,-1,2,0,2,0,2,0,0,0,0,2,0,0,2,0,0,2,2
21,6154.538,-6824.090,-196.711,-41.918,0.744432,0.667606,0.011092,-0.667441,0.743581,0.040123,0.018538,-0.037272,0.999133,0,-0.29466,-0.53592,-17.680,-1.072,-1,375.000,-1,375.000,-1,300.000,300.000,300.000,300.000,-1,575.000,625.000,-1,700.000,675.000,-1,-1,2,0,2,0,2,0,0,0,0,2,0,0,2,0,0,2,2
22,6141.605,-6812.034,-196.966,-42.990,0.731817,0.681402,0.011607,-0.681243,0.730966,0.039948,0.018736,-0.037142,0.999134,0,-0.29466,-0.53592,-17.680,-1.072,-1,375.000,-1,375.000,-1,300.000,300.000,300.000,300.000,-1,550.000,625.000,-1,700.000,675.000,-1,-1,2,0,2,0,2,0,0,0,0,2,0,0,2,0,0,2,2
23,6128.901,-6799.739,-197.228,-44.062,0.718947,0.694959,0.012114,-0.694807,0.718096,0.039776,0.018944,-0.037014,0.999135,0,-0.29466,-0.53592,-17.680,-1.072,-1,375.000,-1,375.000,-1,300.000,300.000,300.000,300.000,-1,525.000,600.000,-1,700.000,675.000,-1,-1,2,0,2,0,2,0,0,0,0,2,0,0,2,0,0,2,2
24,6116.429,-6787.209,-197.504,-45.134,0.705824,0.708275,0.012609,-0.708128,0.704974,0.039574,0.019141,-0.036861,0.999137,0,-0.29466,-0.53592,-17.680,-1.072,-1,375.000,-1,375.000,-1,300.000,300.000,300.000,300.000,-1,525.000,575.000,-1,700.000,675.000,-1,-1,2,0,2,0,2,0,0,0,0,2,0,0,2,0,0,2,2
25,6107.554,-6777.875,-197.715,-46.446,0.689431,0.724233,0.013062,-0.724086,0.688579,0.039487,0.019604,-0.036682,0.999135,0,-0.21466,-0.65592,-12.880,-1.312,-1,375.000,-1,375.000,-1,300.000,300.000,300.000,300.000,-1,500.000,575.000,-1,700.000,675.000,-1,-1,2,0,2,0,2,0,0,0,0,2,0,0,2,0,0,2,2
26,6102.147,-6771.871,-197.856,-47.997,0.669576,0.742621,0.013486,-0.742465,0.668718,0.039517,0.020328,-0.036473,0.999128,0,-0.13466,-0.77592,-8.080,-1.552,-1,375.000,-1,375.000,-1,300.000,300.000,300.000,300.000,-1,500.000,550.000,-1,700.000,675.000,-1,-1,2,0,2,0,2,0,0,0,0,2,0,0,2,0,0,2,2
27,6100.030,-6769.366,-197.920,-49.789,0.646043,0.763174,0.013896,-0.763003,0.645176,0.039665,0.021306,-0.036228,0.999116,0,-0.05466,-0.89592,-3.280,-1.792,-1,375.000,-1,375.000,-1,300.000,300.000,300.000,300.000,-1,475.000,550.000,-1,700.000,675.000,-1,-1,2,0,2,0,2,0,0,0,0,2,0,0,2,0,0,2,2
28,6100.970,-6770.561,-197.898,-51.789,0.619034,0.785234,0.014308,-0.785041,0.618155,0.039929,0.022509,-0.035950,0.999100,0,0.02534,-1.00000,1.520,-2.000,-1,375.000,-1,375.000,-1,300.000,300.000,300.000,300.000,-1,475.000,525.000,-1,700.000,675.000,-1,-1,2,0,2,0,2,0,0,0,0,2,0,0,2,0,0,2,2
29,6104.704,-6775.661,-197.778,-53.789,0.591274,0.806337,0.014699,-0.806119,0.590380,0.040291,0.023811,-0.035672,0.999080,0,0.10534,-1.00000,6.320,-2.000,-1,375.000,-1,375.000,-1,300.000,300.000,300.000,300.000,-1,450.000,525.000,-1,675.000,675.000,-1,-1,2,0,2,0,2,0,0,0,0,2,0,0,2,0,0,2,2
30,6110.956,-6784.857,-197.458,-55.789,0.562794,0.826468,0.014618,-0.826204,0.561892,0.040796,0.025503,-0.035037,0.999061,0,0.18534,-1.00000,11.120,-2.000,-1,375.000,-1,375.000,-1,300.000,300.000,300.000,300.000,-1,450.000,525.000,-1,700.000,675.000,-1,-1,2,0,2,0,2,0,0,0,0,2,0,0,2,0,0,2,2
31,6119.441,-6798.328,-196.938,-57.789,0.533627,0.845602,0.014142,-0.845271,0.532724,0.041492,0.027552,-0.034095,0.999039,0,0.26534,-1.00000,15.920,-2.000,-1,375.000,-1,375.000,-1,300.000,300.000,300.000,300.000,-1,450.000,500.000,-1,700.000,675.000,-1,-1,2,0,2,0,2,0,0,0,0,2,0,0,2,0,0,2,2
32,6129.867,-6816.234,-196.261,-59.789,0.503809,0.863708,0.013582,-0.863302,0.502906,0.042383,0.029776,-0.033078,0.999009,0,0.34534,-1.00000,20.720,-2.000,-1,375.000,-1,375.000,-1,300.000,300.000,300.000,300.000,-1,450.000,500.000,-1,700.000,700.000,-1,-1,2,0,2,0,2,0,0,0,0,2,0,0,2,0,0,2,2
33,6141.930,-6838.724,-195.416,-61.789,0.473378,0.880764,0.012962,-0.880272,0.472473,0.043483,0.032174,-0.031994,0.998970,0,0.42534,-1.00000,25.520,-2.000,-1,375.000,-1,375.000,-1,300.000,325.000,300.000,300.000,-1,450.000,475.000,-1,700.000,700.000,-1,-1,2,0,2,0,2,0,0,0,0,2,0,0,2,0,0,2,2
34,6155.321,-6865.927,-194.263,-63.789,0.442347,0.896763,0.012023,-0.896187,0.441470,0.044194,0.034324,-0.030324,0.998951,0,0.50534,-1.00000,30.320,-2.000,-1,375.000,-1,375.000,-1,325.000,325.000,300.000,300.000,-1,450.000,500.000,-1,700.000,700.000,-1,-1,2,0,2,0,2,0,0,0,0,2,0,0,2,0,0,2,2
35,6169.723,-6897.959,-192.903,-65.789,0.410771,0.911672,0.010994,-0.911005,0.409926,0.045070,0.036583,-0.028529,0.998923,0,0.58534,-1.00000,35.120,-2.000,-1,375.000,-1,375.000,-1,325.000,325.000,300.000,300.000,-1,475.000,500.000,-1,700.000,700.000,-1,-1,2,0,2,0,2,0,0,0,0,2,0,0,2,0,0,2,2
36,6184.813,-6934.917,-191.344,-67.789,0.378689,0.925470,0.009939,-0.924702,0.377879,0.046198,0.038999,-0.026685,0.998883,0,0.66534,-1.00000,39.920,-2.000,-1,375.000,-1,375.000,-1,325.000,325.000,300.000,300.000,-1,475.000,500.000,-1,700.000,700.000,-1,-1,2,0,2,0,2,0,0,0,0,2,0,0,2,0,0,2,2
37,6200.438,-6976.819,-189.596,-69.549,0.350070,0.936681,0.008870,-0.935805,0.349292,0.047584,0.041473,-0.024958,0.998828,0,0.74534,-0.88000,44.720,-1.760,-1,375.000,-1,375.000,-1,325.000,325.000,300.000,300.000,-1,500.000,525.000,-1,700.000,700.000,-1,-1,2,0,2,0,2,0,0,0,0,2,0,0,2,0,0,2,2
38,6216.503,-7023.661,-187.655,-71.069,0.325082,0.945654,0.007795,-0.944661,0.324335,0.049217,0.044014,-0.023363,0.998758,0,0.82534,-0.76000,49.520,-1.520,-1,375.000,-1,375.000,-1,325.000,325.000,300.000,300.000,-1,525.000,525.000,-1,700.000,700.000,-1,-1,2,0,2,0,2,0,0,0,0,2,0,0,2,0,0,2,2
39,6232.358,-7073.491,-185.597,-72.349,0.303857,0.952694,0.006759,-0.951579,0.303140,0.051016,0.046553,-0.021933,0.998675,0,0.87152,-0.64000,52.291,-1.280,-1,375.000,-1,375.000,-1,325.000,325.000,300.000,300.000,-1,525.000,475.000,-1,700.000,700.000,-1,-1,2,0,2,0,2,0,0,0,0,2,0,0,2,0,0,2,2
40,6247.306,-7123.601,-183.532,-73.389,0.286496,0.958064,0.005805,-0.956828,0.285806,0.052867,0.048991,-0.020700,0.998585,0,0.87152,-0.52000,52.291,-1.040,-1,375.000,-1,375.000,-1,325.000,325.000,300.000,300.000,-1,500.000,450.000,-1,725.000,700.000,-1,-1,2,0,2,0,2,0,0,0,0,2,0,0,2,0,0,2,2
41,6261.554,-7173.914,-181.093,-74.189,0.273133,0.961955,0.006461,-0.960654,0.272399,0.054244,0.050420,-0.021022,0.998507,0,0.87152,-0.40000,52.291,-0.800,-1,375.000,-1,375.000,-1,325.000,325.000,300.000,300.000,-1,500.000,475.000,-1,725.000,725.000,-1,-1,2,0,2,0,2,0,0,0,0,2,0,0,2,0,0,2,2
42,6275.308,-7224.364,-178.526,-74.749,0.263791,0.964551,0.007506,-0.963174,0.262979,0.056024,0.052064,-0.022008,0.998401,0,0.87152,-0.28000,52.291,-0.560,-1,375.000,-1,375.000,-1,325.000,325.000,300.000,300.000,-1,500.000,475.000,-1,725.000,725.000,-1,-1,2,0,2,0,2,0,0,0,0,2,0,0,2,0,0,2,2
43,6288.781,-7274.890,-175.894,-75.069,0.258470,0.965983,0.008425,-0.964541,0.257582,0.057552,0.053424,-0.023001,0.998307,0,0.87152,-0.16000,52.291,-0.320,-1,375.000,-1,375.000,-1,325.000,325.000,300.000,300.000,-1,525.000,500.000,-1,725.000,725.000,-1,-1,2,0,2,0,2,0,0,0,0,2,0,0,2,0,0,2,2
44,6302.184,-7325.435,-172.909,-75.149,0.257119,0.966346,0.008146,-0.964864,0.256234,0.058152,0.054107,-0.022812,0.998275,0,0.87152,-0.04000,52.291,-0.080,-1,375.000,-1,375.000,-1,325.000,325.000,300.000,300.000,-1,550.000,550.000,-1,725.000,725.000,-1,-1,2,0,2,0,2,0,0,0,0,2,0,0,2,0,0,2,2
45,6315.727,-7375.942,-169.861,-74.989,0.259806,0.965631,0.007547,-0.964097,0.258933,0.058912,0.054933,-0.022581,0.998235,0,0.87152,0.08000,52.291,0.160,-1,375.000,-1,375.000,-1,325.000,325.000,300.000,300.000,-1,600.000,575.000,-1,725.000,725.000,-1,-1,2,0,2,0,2,0,0,0,0,2,0,0,2,0,0,2,2
46,6329.623,-7426.353,-166.827,-74.589,0.266537,0.963800,0.006963,-0.962216,0.265668,0.059667,0.055658,-0.022603,0.998194,0,0.87152,0.20000,52.291,0.400,-1,375.000,-1,375.000,-1,325.000,325.000,300.000,300.000,-1,625.000,600.000,-1,725.000,725.000,-1,-1,2,0,2,0,2,0,0,0,0,2,0,0,2,0,0,2,2
47,6343.933,-7476.648,-163.805,-74.117,0.274465,0.961576,0.006374,-0.959944,0.273599,0.060422,0.056356,-0.022702,0.998153,0,0.87152,0.23604,52.291,0.472,-1,375.000,-1,375.000,-1,325.000,325.000,300.000,300.000,-1,650.000,625.000,-1,725.000,725.000,-1,-1,2,0,2,0,2,0,0,0,0,2,0,0,2,0,0,2,2
48,6358.658,-7526.824,-160.796,-73.645,0.282375,0.959287,0.005773,-0.957605,0.281512,0.061178,0.057062,-0.022804,0.998110,0,0.87152,0.23604,52.291,0.472,-1,375.000,-1,375.000,-1,325.000,325.000,300.000,300.000,-1,675.000,650.000,-1,725.000,725.000,-1,-1,2,0,2,0,2,0,0,0,0,2,0,0,2,0,0,2,2
49,6373.795,-7576.876,-157.789,-73.173,0.290266,0.956932,0.005183,-0.955199,0.289405,0.061969,0.057800,-0.022938,0.998065,0,0.87152,0.23604,52.291,0.472,-1,375.000,-1,375.000,-1,325.000,325.000,300.000,300.000,-1,700.000,675.000,-1,725.000,725.000,-1,-1,2,0,2,0,2,0,0,0,0,2,0,0,2,0,0,2,2
50,6389.344,-7626.802,-154.732,-72.701,0.298152,0.954507,0.004749,-0.952710,0.297277,0.063010,0.058732,-0.023311,0.998002,0,0.87152,0.23604,52.291,0.472,-1,375.000,-1,375.000,-1,325.000,325.000,300.000,300.000,-1,725.000,700.000,-1,725.000,725.000,-1,-1,2,0,2,0,2,0,0,0,0,2,0,0,2,0,0,2,2
51,6405.305,-7676.599,-151.691,-72.229,0.306016,0.952017,0.004290,-0.950155,0.305129,0.064042,0.059660,-0.023674,0.997938,0,0.87152,0.23604,52.291,0.472,-1,375.000,-1,375.000,-1,325.000,325.000,300.000,300.000,-1,750.000,725.000,-1,725.000,725.000,-1,-1,2,0,2,0,2,0,0,0,0,2,0,0,2,0,0,2,2
52,6421.674,-7726.262,-148.667,-71.757,0.313857,0.949463,0.003804,-0.947535,0.312959,0.065065,0.060586,-0.024026,0.997874,0,0.87152,0.23604,52.291,0.472,-1,375.000,-1,375.000,-1,325.000,325.000,300.000,300.000,-1,750.000,750.000,-1,725.000,725.000,-1,-1,2,0,2,0,2,0,0,0,0,2,0,0,2,0,0,2,2
53,6438.453,-7775.788,-145.635,-71.285,0.321681,0.946842,0.003400,-0.944853,0.320768,0.066040,0.061439,-0.024456,0.997811,0,0.87152,0.23604,52.291,0.472,-1,375.000,-1,375.000,-1,325.000,325.000,300.000,300.000,-1,775.000,750.000,-1,725.000,725.000,-1,-1,2,0,2,0,2,0,0,0,0,2,0,0,2,0,0,2,2
54,6455.639,-7825.175,-142.458,-70.813,0.329516,0.944143,0.003636,-0.942113,0.328550,0.066922,0.061989,-0.025477,0.997752,0,0.87152,0.23604,52.291,0.472,-1,375.000,-1,375.000,-1,325.000,325.000,300.000,300.000,-1,800.000,800.000,-1,725.000,725.000,-1,-1,2,0,2,0,2,0,0,0,0,2,0,0,2,0,0,2,2
55,6473.231,-7874.418,-139.210,-70.341,0.337349,0.941371,0.004078,-0.939285,0.336306,0.068137,0.062771,-0.026817,0.997668,0,0.87152,0.23604,52.291,0.472,-1,375.000,-1,375.000,-1,325.000,325.000,300.000,300.000,-1,825.000,825.000,-1,725.000,725.000,-1,-1,2,0,2,0,2,0,0,0,0,2,0,0,2,0,0,2,2
56,6491.229,-7923.515,-135.974,-69.869,0.345160,0.938533,0.004515,-0.936391,0.344038,0.069357,0.063540,-0.028166,0.997582,0,0.87152,0.23604,52.291,0.472,-1,375.000,-1,375.000,-1,325.000,325.000,300.000,300.000,-1,850.000,850.000,-1,750.000,725.000,-1,-1,2,0,2,0,2,0,0,0,0,2,0,0,2,0,0,2,2
57,6509.631,-7972.461,-132.643,-69.397,0.352920,0.935642,0.004659,-0.933465,0.351750,0.070102,0.063951,-0.029090,0.997529,0,0.87152,0.23604,52.291,0.472,-1,375.000,-1,375.000,-1,325.000,325.000,300.000,300.000,-1,875.000,875.000,-1,750.000,725.000,-1,-1,2,0,2,0,2,0,0,0,0,2,0,0,2,0,0,2,2
58,6528.435,-8021.255,-129.200,-68.924,0.360627,0.932700,0.004282,-0.930478,0.359442,0.070798,0.064494,-0.029516,0.997482,0,0.87152,0.23604,52.291,0.472,-1,375.000,-1,375.000,-1,325.000,325.000,300.000,300.000,-1,900.000,875.000,-1,750.000,750.000,-1,-1,2,0,2,0,2,0,0,0,0,2,0,0,2,0,0,2,2
59,6547.640,-8069.892,-125.717,-68.452,0.368297,0.929701,0.003644,-0.927419,0.367112,0.071566,0.065197,-0.029736,0.997429,0,0.87152,0.23604,52.291,0.472,-1,400.000,-1,375.000,-1,325.000,325.000,300.000,300.000,-1,925.000,875.000,-1,750.000,750.000,-1,-1,2,0,2,0,2,0,0,0,0,2,0,0,2,0,0,2,2
60,6567.245,-8118.369,-122.255,-67.980,0.375944,0.926638,0.003051,-0.924299,0.374757,0.072308,0.065860,-0.030003,0.997378,0,0.87152,0.23604,52.291,0.472,-1,400.000,-1,375.000,-1,325.000,325.000,300.000,300.000,-1,925.000,850.000,-1,775.000,750.000,-1,-1,2,0,2,0,2,0,0,0,0,2,0,0,2,0,0,2,2
61,6587.250,-8166.682,-118.786,-67.508,0.383573,0.923507,0.002633,-0.921120,0.382374,0.072989,0.066399,-0.030422,0.997329,0,0.87152,0.23604,52.291,0.472,-1,400.000,-1,375.000,-1,325.000,325.000,300.000,300.000,-1,925.000,850.000,-1,775.000,750.000,-1,-1,2,0,2,0,2,0,0,0,0,2,0,0,2,0,0,2,2
62,6607.651,-8214.830,-115.296,-67.036,0.391189,0.920307,0.002459,-0.917885,0.389962,0.073595,0.066771,-0.031046,0.997285,0,0.87152,0.23604,52.291,0.472,-1,400.000,-1,400.000,-1,325.000,325.000,300.000,300.000,-1,925.000,875.000,-1,775.000,750.000,-1,-1,2,0,2,0,2,0,0,0,0,2,0,0,2,0,0,2,2
63,6628.449,-8262.807,-111.833,-66.564,0.398779,0.917044,0.002319,-0.914588,0.397523,0.074189,0.067113,-0.031706,0.997241,0,0.87152,0.23604,52.291,0.472,-1,400.000,-1,400.000,-1,325.000,325.000,300.000,300.000,-1,950.000,900.000,-1,800.000,775.000,-1,-1,2,0,2,0,2,0,0,0,0,2,0,0,2,0,0,2,2
64,6649.641,-8310.612,-108.396,-66.092,0.406344,0.913717,0.002215,-0.911229,0.405057,0.074772,0.067423,-0.032402,0.997198,0,0.87152,0.23604,52.291,0.472,-1,400.000,-1,400.000,-1,325.000,325.000,300.000,300.000,-1,950.000,900.000,-1,800.000,775.000,-1,-1,2,0,2,0,2,0,0,0,0,2,0,0,2,0,0,2,2
65,6671.226,-8358.240,-104.986,-65.620,0.413884,0.910327,0.002148,-0.907809,0.412561,0.075345,0.067702,-0.033134,0.997155,0,0.87152,0.23604,52.291,0.472,-1,400.000,-1,400.000,-1,325.000,325.000,300.000,300.000,-1,975.000,925.000,-1,800.000,775.000,-1,-1,2,0,2,0,2,0,0,0,0,2,0,0,2,0,0,2,2
66,6693.204,-8405.689,-101.561,-65.148,0.421407,0.906869,0.002318,-0.904332,0.420034,0.075859,0.067821,-0.034064,0.997116,0,0.87152,0.23604,52.291,0.472,-1,400.000,-1,400.000,-1,325.000,325.000,300.000,300.000,-1,1000.000,950.000,-1,825.000,775.000,-1,-1,2,0,2,0,2,0,0,0,0,2,0,0,2,0,0,2,2
67,6715.571,-8452.955,-98.091,-64.676,0.428919,0.903338,0.002858,-0.900803,0.427474,0.076291,0.067695,-0.035298,0.997081,0,0.87152,0.23604,52.291,0.472,-1,400.000,-1,400.000,-1,325.000,325.000,300.000,300.000,-1,-1,975.000,-1,825.000,775.000,-1,-1,2,0,2,0,2,0,0,0,0,2,2,0,2,0,0,2,2
68,6738.378,-8500.129,-94.732,-64.198,0.436472,0.899712,0.003260,-0.897200,0.434977,0.076335,0.067262,-0.036243,0.997077,0,0.87330,0.23891,52.398,0.478,-1,400.000,-1,400.000,-1,325.000,325.000,300.000,300.000,-1,-1,-1,-1,825.000,800.000,-1,-1,2,0,2,0,2,0,0,0,0,2,2,2,2,0,0,2,2
69,6760.025,-8544.432,-91.597,-63.960,0.440232,0.897877,0.003680,-0.895385,0.438697,0.076356,0.066944,-0.036909,0.997074,0,0.82182,0.11891,49.309,0.238,-1,400.000,-1,400.000,-1,325.000,325.000,300.000,300.000,-1,-1,-1,-1,825.000,800.000,-1,-1,2,0,2,0,2,0,0,0,0,2,2,2,2,0,0,2,2
70,6781.723,-8588.846,-88.466,-63.962,0.440223,0.897879,0.004158,-0.895403,0.438656,0.076382,0.066758,-0.037348,0.997070,0,0.82384,-0.00109,49.431,-0.002,-1,400.000,-1,400.000,-1,325.000,325.000,300.000,300.000,-1,-1,-1,-1,825.000,825.000,-1,-1,2,0,2,0,2,0,0,0,0,2,2,2,2,0,0,2,2
71,6803.281,-8633.449,-85.232,-64.205,0.436421,0.899731,0.004467,-0.897291,0.434860,0.075938,0.066381,-0.037149,0.997103,0,0.82566,-0.12109,49.540,-0.242,-1,400.000,-1,400.000,-1,325.000,325.000,300.000,300.000,-1,-1,-1,-1,825.000,825.000,-1,-1,2,0,2,0,2,0,0,0,0,2,2,2,2,0,0,2,2
72,6824.502,-8678.316,-81.950,-64.687,0.428817,0.903379,0.004744,-0.900977,0.427282,0.075300,0.065997,-0.036564,0.997150,0,0.82722,-0.24109,49.633,-0.482,-1,400.000,-1,400.000,-1,325.000,325.000,300.000,300.000,-1,-1,-1,-1,850.000,825.000,-1,-1,2,0,2,0,2,0,0,0,0,2,2,2,2,0,0,2,2
73,6845.187,-8723.515,-78.727,-65.409,0.417394,0.908710,0.005414,-0.906359,0.415870,0.074602,0.065541,-0.036045,0.997199,0,0.82846,-0.36109,49.707,-0.722,-1,400.000,-1,400.000,-1,325.000,325.000,300.000,300.000,-1,-1,-1,-1,850.000,850.000,-1,-1,2,0,2,0,2,0,0,0,0,2,2,2,2,0,0,2,2
74,6865.131,-8769.103,-75.493,-66.371,0.402069,0.915589,0.006128,-0.913283,0.400562,0.073918,0.065224,-0.035317,0.997245,0,0.82933,-0.48109,49.760,-0.962,-1,400.000,-1,400.000,-1,325.000,325.000,300.000,300.000,-1,-1,-1,-1,850.000,850.000,-1,-1,2,0,2,0,2,0,0,0,0,2,2,2,2,0,0,2,2
75,6884.124,-8815.124,-72.243,-67.573,0.382761,0.923822,0.006877,-0.921555,0.381277,0.073242,0.065040,-0.034372,0.997290,0,0.82977,-0.60109,49.786,-1.202,-1,400.000,-1,400.000,-1,325.000,325.000,300.000,300.000,-1,-1,-1,-1,850.000,850.000,-1,-1,2,0,2,0,2,0,0,0,0,2,2,2,2,0,0,2,2
76,6901.953,-8861.608,-68.975,-69.015,0.359374,0.933162,0.007649,-0.930928,0.357919,0.072567,0.064979,-0.033199,0.997334,0,0.82976,-0.72109,49.786,-1.442,-1,400.000,-1,400.000,-1,325.000,325.000,300.000,300.000,-1,-1,-1,-1,850.000,850.000,-1,-1,2,0,2,0,2,0,0,0,0,2,2,2,2,0,0,2,2
77,6918.399,-8908.566,-65.685,-70.698,0.331805,0.943310,0.008429,-0.941104,0.330387,0.071888,0.065028,-0.031785,0.997377,0,0.82925,-0.84109,49.755,-1.682,-1,400.000,-1,400.000,-1,325.000,325.000,300.000,300.000,-1,-1,-1,-1,850.000,850.000,-1,-1,2,0,2,0,2,0,0,0,0,2,2,2,2,0,0,2,2
78,6933.249,-8955.990,-62.372,-72.613,0.300067,0.953874,0.009200,-0.951689,0.298693,0.071200,0.065168,-0.030121,0.997420,0,0.82824,-0.95756,49.694,-1.915,-1,400.000,-1,400.000,-1,325.000,325.000,300.000,300.000,-1,-1,-1,-1,875.000,850.000,-1,-1,2,0,2,0,2,0,0,0,0,2,2,2,2,0,0,2,2
79,6946.485,-9003.796,-59.036,-74.524,0.268063,0.963350,0.009964,-0.961187,0.266732,0.070521,0.065279,-0.028481,0.997460,0,0.82673,-0.95547,49.604,-1.911,-1,400.000,-1,400.000,-1,325.000,325.000,300.000,300.000,-1,-1,-1,-1,875.000,875.000,-1,-1,2,0,2,0,2,0,0,0,0,2,2,2,2,0,0,2,2
80,6958.096,-9051.909,-55.680,-76.431,0.235815,0.971739,0.010711,-0.969597,0.234526,0.069849,0.065363,-0.026857,0.997500,0,0.82491,-0.95384,49.495,-1.908,-1,400.000,-1,400.000,-1,325.000,325.000,300.000,300.000,-1,-1,-1,-1,875.000,875.000,-1,-1,2,0,2,0,2,0,0,0,0,2,2,2,2,0,0,2,2
81,6968.077,-9100.262,-52.308,-78.337,0.203344,0.979041,0.011433,-0.976919,0.202096,0.069181,0.065421,-0.025237,0.997539,0,0.82286,-0.95267,49.372,-1.905,-1,425.000,-1,400.000,-1,325.000,325.000,300.000,300.000,-1,-1,-1,-1,875.000,900.000,-1,-1,2,0,2,0,2,0,0,0,0,2,2,2,2,0,0,2,2
82,6976.423,-9148.788,-48.961,-80.241,0.170662,0.985257,0.011952,-0.983145,0.169464,0.068610,0.065573,-0.023459,0.997572,0,0.82064,-0.95198,49.239,-1.904,-1,425.000,-1,425.000,-1,325.000,325.000,300.000,300.000,-1,-1,-1,-1,875.000,900.000,-1,-1,2,0,2,0,2,0,0,0,0,2,2,2,2,0,0,2,2
83,6983.133,-9197.427,-45.968,-82.144,0.137697,0.990411,0.011199,-0.988349,0.136653,0.067019,0.064846,-0.020297,0.997689,0,0.81834,-0.95175,49.101,-1.904,-1,425.000,-1,425.000,-1,325.000,325.000,300.000,300.000,-1,-1,-1,-1,875.000,900.000,-1,-1,2,0,2,0,2,0,0,0,0,2,2,2,2,0,0,2,2
84,6988.296,-9246.934,-43.133,-84.047,0.104649,0.994446,0.011228,-0.992463,0.103703,0.065296,0.063769,-0.017976,0.997803,0,0.82958,-0.95120,49.775,-1.902,-1,425.000,-1,425.000,-1,325.000,325.000,300.000,300.000,-1,-1,-1,-1,875.000,900.000,-1,-1,2,0,2,0,2,0,0,0,0,2,2,2,2,0,0,2,2
85,6991.808,-9296.474,-40.439,-85.945,0.071590,0.997364,0.011800,-0.995489,0.070707,0.063256,0.062255,-0.016275,0.997928,0,0.82774,-0.94915,49.665,-1.898,-1,425.000,-1,400.000,-1,325.000,325.000,300.000,300.000,-1,-1,-1,-1,875.000,900.000,-1,-1,2,0,2,0,2,0,0,0,0,2,2,2,2,0,0,2,2
86,6993.823,-9344.626,-37.810,-87.603,0.042640,0.999016,0.012209,-0.997245,0.041816,0.061276,0.060706,-0.014789,0.998046,0,0.80325,-0.82915,48.195,-1.658,-1,400.000,-1,400.000,-1,325.000,325.000,300.000,300.000,-1,-1,-1,-1,875.000,900.000,-1,-1,2,0,2,0,2,0,0,0,0,2,2,2,2,0,0,2,2
87,6994.644,-9392.683,-35.178,-89.021,0.017847,0.999763,0.012488,-0.998094,0.017076,0.059309,0.059082,-0.013523,0.998162,0,0.80108,-0.70915,48.065,-1.418,-1,400.000,-1,400.000,-1,325.000,325.000,300.000,300.000,-1,-1,-1,-1,850.000,900.000,-1,-1,2,0,2,0,2,0,0,0,0,2,2,2,2,0,0,2,2
88,6994.477,-9440.619,-32.545,-90.200,-0.002765,0.999916,0.012660,-0.998348,-0.003486,0.057354,0.057394,-0.012480,0.998274,0,0.79894,-0.58915,47.937,-1.178,-1,400.000,-1,400.000,-1,325.000,325.000,300.000,300.000,-1,-1,-1,-1,850.000,900.000,-1,-1,2,0,2,0,2,0,0,0,0,2,2,2,2,0,0,2,2
89,6993.527,-9488.425,-29.914,-91.138,-0.019182,0.999735,0.012746,-0.998266,-0.019861,0.055413,0.055652,-0.011661,0.998382,0,0.79692,-0.46915,47.815,-0.938,-1,400.000,-1,400.000,-1,325.000,325.000,300.000,300.000,-1,-1,-1,-1,850.000,900.000,-1,-1,2,0,2,0,2,0,0,0,0,2,2,2,2,0,0,2,2
90,6991.998,-9536.103,-27.286,-91.836,-0.031403,0.999425,0.012772,-0.998054,-0.032043,0.053484,0.053863,-0.011068,0.998487,0,0.79505,-0.34915,47.703,-0.698,-1,400.000,-1,400.000,-1,325.000,325.000,300.000,300.000,-1,-1,-1,-1,850.000,900.000,-1,-1,2,0,2,0,2,0,0,0,0,2,2,2,2,0,0,2,2
91,6990.092,-9583.667,-24.662,-92.295,-0.039428,0.999141,0.012762,-0.997867,-0.040037,0.051565,0.052032,-0.010702,0.998588,0,0.79338,-0.22915,47.603,-0.458,-1,400.000,-1,400.000,-1,325.000,325.000,300.000,300.000,-1,-1,-1,-1,850.000,900.000,-1,-1,2,0,2,0,2,0,0,0,0,2,2,2,2,0,0,2,2
92,6988.009,-9631.137,-22.043,-92.513,-0.043261,0.998983,0.012741,-0.997804,-0.043843,0.049655,0.050164,-0.010565,0.998685,0,0.79194,-0.10915,47.516,-0.218,-1,400.000,-1,400.000,-1,325.000,325.000,300.000,300.000,-1,-1,-1,-1,825.000,875.000,-1,-1,2,0,2,0,2,0,0,0,0,2,2,2,2,0,0,2,2
93,6985.947,-9678.536,-19.427,-92.491,-0.042903,0.998998,0.012736,-0.997913,-0.043465,0.047753,0.048258,-0.010661,0.998778,0,0.79073,0.01085,47.444,0.022,-1,400.000,-1,400.000,-1,325.000,325.000,300.000,300.000,-1,-1,-1,-1,825.000,875.000,-1,-1,2,0,2,0,2,0,0,0,0,2,2,2,2,0,0,2,2
94,6984.103,-9725.886,-16.814,-92.230,-0.038353,0.999183,0.012774,-0.998190,-0.038902,0.045856,0.046316,-0.010992,0.998866,0,0.78977,0.13085,47.386,0.262,-1,400.000,-1,400.000,-1,325.000,325.000,300.000,300.000,-1,-1,-1,-1,825.000,875.000,-1,-1,2,0,2,0,2,0,0,0,0,2,2,2,2,0,0,2,2
95,6982.676,-9773.207,-14.204,-91.728,-0.029611,0.999478,0.012884,-0.998578,-0.030151,0.043968,0.044333,-0.011563,0.998950,0,0.78904,0.25085,47.343,0.502,-1,400.000,-1,400.000,-1,325.000,325.000,300.000,325.000,-1,-1,-1,-1,825.000,875.000,-1,-1,2,0,2,0,2,0,0,0,0,2,2,2,2,0,0,2,2
96,6981.862,-9820.513,-11.595,-90.986,-0.016673,0.999775,0.013094,-0.998966,-0.017210,0.042091,0.042307,-0.012379,0.999028,0,0.78855,0.37085,47.313,0.742,-1,400.000,-1,400.000,-1,325.000,325.000,300.000,325.000,-1,-1,-1,-1,800.000,875.000,-1,-1,2,0,2,0,2,0,0,0,0,2,2,2,2,0,0,2,2
97,6981.858,-9867.809,-9.684,-90.005,0.000456,0.999915,0.013001,-0.999157,-0.000079,0.041058,0.041055,-0.013009,0.999072,0,0.78827,0.49085,47.296,0.982,-1,400.000,-1,400.000,-1,325.000,325.000,300.000,325.000,-1,-1,-1,-1,800.000,875.000,-1,-1,2,0,2,0,2,0,0,0,0,2,2,2,2,0,0,2,2
98,6982.863,-9915.089,-8.108,-88.783,0.021751,0.999687,0.012396,-0.998977,0.021240,0.039933,0.039657,-0.013252,0.999125,0,0.78819,0.61085,47.291,1.222,-1,400.000,-1,400.000,-1,325.000,325.000,300.000,325.000,-1,-1,-1,-1,800.000,850.000,-1,-1,2,0,2,0,2,0,0,0,0,2,2,2,2,0,0,2,2
99,6985.073,-9962.335,-6.537,-87.321,0.047226,0.998814,0.011854,-0.998152,0.046734,0.038828,0.038227,-0.013666,0.999176,0,0.78828,0.73085,47.297,1.462,-1,400.000,-1,400.000,-1,325.000,325.000,300.000,300.000,-1,-1,-1,-1,800.000,850.000,-1,-1,2,0,2,0,2,0,0,0,0,2,2,2,2,0,0,2,2
100,6988.687,-10009.509,-4.969,-85.619,0.076852,0.996977,0.011394,-0.996364,0.076373,0.037748,0.036764,-0.014253,0.999222,0,0.78854,0.85085,47.312,1.702,-1,400.000,-1,400.000,-1,325.000,325.000,300.000,300.000,-1,-1,-1,-1,775.000,850.000,-1,-1,2,0,2,0,2,0,0,0,0,2,2,2,2,0,0,2,2
101,6993.900,-10056.556,-3.405,-83.678,0.110579,0.993806,0.011032,-0.993242,0.110108,0.036705,0.035263,-0.015016,0.999265,0,0.78893,0.97085,47.336,1.942,-1,400.000,-1,400.000,-1,325.000,325.000,300.000,300.000,-1,-1,-1,-1,775.000,825.000,-1,-1,2,0,2,0,2,0,0,0,0,2,2,2,2,0,0,2,2
102,7000.756,-10103.424,-1.845,-81.678,0.145188,0.989345,0.010789,-0.988828,0.144723,0.035701,0.033759,-0.015852,0.999304,0,0.78944,1.00000,47.367,2.000,-1,400.000,-1,400.000,-1,325.000,325.000,300.000,300.000,-1,-1,-1,-1,775.000,825.000,-1,-1,2,0,2,0,2,0,0,0,0,2,2,2,2,0,0,2,2
103,7009.249,-10150.055,-0.289,-79.678,0.179622,0.983678,0.010663,-0.983206,0.179160,0.034745,0.032268,-0.016725,0.999339,0,0.78996,1.00000,47.398,2.000,-1,400.000,-1,400.000,-1,325.000,325.000,300.000,300.000,-1,-1,-1,-1,750.000,825.000,-1,-1,2,0,2,0,2,0,0,0,0,2,2,2,2,0,0,2,2
104,7019.371,-10196.389,1.262,-77.678,0.213840,0.976811,0.010650,-0.976383,0.213377,0.033848,0.030790,-0.017636,0.999370,0,0.79045,1.00000,47.427,2.000,-1,400.000,-1,400.000,-1,325.000,325.000,300.000,325.000,-1,-1,-1,-1,750.000,800.000,-1,-1,2,0,2,0,2,0,0,0,0,2,2,2,2,0,0,2,2
105,7031.110,-10242.369,2.807,-75.678,0.247798,0.968752,0.010744,-0.968368,0.247333,0.033019,0.029330,-0.018586,0.999397,0,0.79091,1.00000,47.455,2.000,-1,400.000,-1,400.000,-1,325.000,325.000,300.000,325.000,-1,-1,-1,-1,750.000,800.000,-1,-1,2,0,2,0,2,0,0,0,0,2,2,2,2,0,0,2,2
106,7044.455,-10287.936,4.304,-73.678,0.281449,0.959515,0.010819,-0.959175,0.280987,0.032100,0.027760,-0.019412,0.999426,0,0.79135,1.00000,47.481,2.000,-1,400.000,-1,400.000,-1,325.000,325.000,300.000,325.000,-1,-1,-1,-1,750.000,800.000,-1,-1,2,0,2,0,2,0,0,0,0,2,2,2,2,0,0,2,2
107,7059.389,-10333.033,5.753,-71.678,0.314753,0.949111,0.010892,-0.948815,0.314298,0.031094,0.026089,-0.020122,0.999457,0,0.79177,1.00000,47.506,2.000,-1,400.000,-1,400.000,-1,325.000,325.000,300.000,325.000,-1,-1,-1,-1,750.000,775.000,-1,-1,2,0,2,0,2,0,0,0,0,2,2,2,2,0,0,2,2
108,7075.896,-10377.604,7.199,-69.678,0.347675,0.937549,0.011083,-0.937296,0.347225,0.030183,0.024450,-0.020882,0.999483,0,0.79216,1.00000,47.530,2.000,-1,375.000,-1,400.000,-1,325.000,325.000,300.000,325.000,-1,-1,-1,-1,725.000,775.000,-1,-1,2,0,2,0,2,0,0,0,0,2,2,2,2,0,0,2,2
109,7093.957,-10421.593,8.383,-67.678,0.380163,0.924863,0.010221,-0.924618,0.379734,0.029718,0.023604,-0.020748,0.999506,0,0.79254,1.00000,47.552,2.000,-1,375.000,-1,400.000,-1,325.000,325.000,300.000,325.000,-1,-1,-1,-1,725.000,775.000,-1,-1,2,0,2,0,2,0,0,0,0,2,2,2,2,0,0,2,2
110,7113.552,-10464.944,9.541,-65.678,0.412190,0.911050,0.009342,-0.910812,0.411781,0.029293,0.022841,-0.020583,0.999527,0,0.79290,1.00000,47.574,2.000,-1,375.000,-1,400.000,-1,325.000,325.000,300.000,325.000,-1,-1,-1,-1,725.000,750.000,-1,-1,2,0,2,0,2,0,0,0,0,2,2,2,2,0,0,2,2
111,7134.656,-10507.604,10.696,-63.678,0.443717,0.896126,0.008548,-0.895894,0.443327,0.028896,0.022105,-0.020480,0.999546,0,0.79324,1.00000,47.594,2.000,-1,375.000,-1,400.000,-1,325.000,325.000,325.000,325.000,-1,-1,-1,-1,725.000,750.000,-1,-1,2,0,2,0,2,0,0,0,0,2,2,2,2,0,0,2,2
112,7157.245,-10549.518,11.835,-61.678,0.474708,0.880108,0.007909,-0.879884,0.474331,0.028525,0.021354,-0.020500,0.999562,0,0.79357,1.00000,47.614,2.000,-1,375.000,-1,400.000,-1,325.000,325.000,325.000,325.000,-1,-1,-1,-1,725.000,750.000,-1,-1,2,0,2,0,2,0,0,0,0,2,2,2,2,0,0,2,2
113,7181.294,-10590.635,12.880,-59.678,0.505129,0.863010,0.007707,-0.862799,0.504752,0.028341,0.020569,-0.020965,0.999569,0,0.79389,1.00000,47.633,2.000,-1,375.000,-1,400.000,-1,325.000,325.000,325.000,325.000,-1,-1,-1,-1,725.000,750.000,-1,-1,2,0,2,0,2,0,0,0,0,2,2,2,2,0,0,2,2
114,7206.773,-10630.903,13.832,-57.678,0.534944,0.844852,0.007731,-0.844649,0.534553,0.028665,0.020085,-0.021864,0.999559,0,0.79420,1.00000,47.652,2.000,-1,375.000,-1,375.000,-1,325.000,325.000,325.000,325.000,-1,-1,-1,-1,725.000,725.000,-1,-1,2,0,2,0,2,0,0,0,0,2,2,2,2,0,0,2,2
115,7233.651,-10670.273,14.782,-55.678,0.564109,0.825664,0.007793,-0.825468,0.563700,0.029066,0.019606,-0.022829,0.999547,0,0.79450,1.00000,47.670,2.000,-1,375.000,-1,375.000,-1,325.000,325.000,325.000,325.000,-1,-1,-1,-1,725.000,725.000,-1,-1,2,0,2,0,2,0,0,0,0,2,2,2,2,0,0,2,2
116,7260.502,-10707.118,15.693,-53.918,0.589207,0.807944,0.007874,-0.807754,0.588780,0.029517,0.019212,-0.023752,0.999533,0,0.75986,0.88000,45.591,1.760,-1,375.000,-1,375.000,-1,325.000,325.000,325.000,325.000,-1,-1,-1,-1,725.000,725.000,-1,-1,2,0,2,0,2,0,0,0,0,2,2,2,2,0,0,2,2
117,7288.329,-10743.248,16.567,-52.398,0.610436,0.792027,0.007801,-0.791837,0.609993,0.030027,0.019024,-0.024506,0.999519,0,0.76007,0.76000,45.604,1.520,-1,375.000,-1,375.000,-1,325.000,325.000,325.000,325.000,-1,-1,-1,-1,725.000,725.000,-1,-1,2,0,2,0,2,0,0,0,0,2,2,2,2,0,0,2,2
118,7316.960,-10778.753,17.405,-51.118,0.627980,0.778193,0.007539,-0.777996,0.627525,0.030571,0.019059,-0.025063,0.999504,0,0.76017,0.64000,45.610,1.280,-1,375.000,-1,375.000,-1,325.000,325.000,325.000,325.000,-1,-1,-1,-1,725.000,725.000,-1,-1,2,0,2,0,2,0,0,0,0,2,2,2,2,0,0,2,2
119,7346.229,-10813.731,18.260,-50.078,0.642006,0.766665,0.007290,-0.766459,0.641538,0.031132,0.019191,-0.025575,0.999489,0,0.76015,0.52000,45.609,1.040,-1,375.000,-1,375.000,-1,325.000,325.000,325.000,325.000,-1,-1,-1,-1,725.000,725.000,-1,-1,2,0,2,0,2,0,0,0,0,2,2,2,2,0,0,2,2
120,7375.979,-10848.291,19.137,-49.278,0.652653,0.757624,0.007052,-0.757408,0.652172,0.031703,0.019420,-0.026032,0.999472,0,0.76002,0.40000,45.601,0.800,-1,400.000,-1,375.000,-1,325.000,325.000,325.000,325.000,-1,-1,-1,-1,750.000,725.000,-1,-1,2,0,2,0,2,0,0,0,0,2,2,2,2,0,0,2,2
121,7406.163,-10882.455,20.038,-48.540,0.662363,0.749152,0.006826,-0.748925,0.661868,0.032287,0.019670,-0.026498,0.999455,0,0.75978,0.36900,45.587,0.738,-1,400.000,-1,375.000,-1,325.000,325.000,325.000,325.000,-1,-1,-1,-1,750.000,725.000,-1,-1,2,0,2,0,2,0,0,0,0,2,2,2,2,0,0,2,2
122,7436.773,-10916.215,20.959,-47.802,0.671959,0.740559,0.006603,-0.740320,0.671449,0.032888,0.019922,-0.026987,0.999437,0,0.75952,0.36883,45.571,0.738,-1,400.000,-1,375.000,-1,325.000,325.000,325.000,325.000,-1,-1,-1,-1,750.000,725.000,-1,-1,2,0,2,0,2,0,0,0,0,2,2,2,2,0,0,2,2
123,7467.804,-10949.568,21.901,-47.065,0.681437,0.731849,0.006381,-0.731599,0.680912,0.033504,0.020174,-0.027499,0.999418,0,0.75926,0.36859,45.556,0.737,-1,400.000,-1,375.000,-1,325.000,325.000,325.000,325.000,-1,-1,-1,-1,750.000,725.000,-1,-1,2,0,2,0,2,0,0,0,0,2,2,2,2,0,0,2,2
124,7499.251,-10982.507,22.857,-46.328,0.690794,0.723025,0.006165,-0.722764,0.690254,0.034096,0.020397,-0.028009,0.999400,0,0.75901,0.36827,45.541,0.737,-1,400.000,-1,375.000,-1,325.000,325.000,325.000,325.000,-1,-1,-1,-1,750.000,725.000,-1,-1,2,0,2,0,2,0,0,0,0,2,2,2,2,0,0,2,2
125,7531.108,-11015.030,23.748,-45.593,0.700021,0.714098,0.005909,-0.713832,0.699477,0.034291,0.020354,-0.028222,0.999394,0,0.75877,0.36788,45.526,0.736,-1,400.000,-1,375.000,-1,325.000,325.000,325.000,325.000,-1,-1,-1,-1,750.000,725.000,-1,-1,2,0,2,0,2,0,0,0,0,2,2,2,2,0,0,2,2
126,7563.370,-11047.132,24.661,-44.858,0.709122,0.705063,0.005674,-0.704794,0.708573,0.034497,0.020302,-0.028461,0.999389,0,0.75854,0.36742,45.512,0.735,-1,400.000,-1,375.000,-1,325.000,325.000,325.000,325.000,-1,-1,-1,-1,750.000,725.000,-1,-1,2,0,2,0,2,0,0,0,0,2,2,2,2,0,0,2,2
127,7596.031,-11078.810,25.570,-44.124,0.718095,0.695923,0.005474,-0.695648,0.717537,0.034852,0.020327,-0.028835,0.999377,0,0.75832,0.36689,45.499,0.734,-1,400.000,-1,375.000,-1,325.000,325.000,325.000,325.000,-1,-1,-1,-1,775.000,725.000,-1,-1,2,0,2,0,2,0,0,0,0,2,2,2,2,0,0,2,2
128,7629.086,-11110.058,26.470,-43.391,0.726940,0.686681,0.005312,-0.686395,0.726363,0.035469,0.020497,-0.029430,0.999357,0,0.75812,0.36629,45.487,0.733,-1,400.000,-1,375.000,-1,325.000,325.000,325.000,325.000,-1,-1,-1,-1,775.000,725.000,-1,-1,2,0,2,0,2,0,0,0,0,2,2,2,2,0,0,2,2
129,7662.529,-11140.875,27.386,-42.660,0.735650,0.677342,0.005161,-0.677047,0.735054,0.036087,0.020649,-0.030042,0.999335,0,0.75794,0.36561,45.476,0.731,-1,400.000,-1,375.000,-1,325.000,325.000,325.000,325.000,-1,-1,-1,-1,775.000,725.000,-1,-1,2,0,2,0,2,0,0,0,0,2,2,2,2,0,0,2,2
130,7696.354,-11171.257,28.317,-41.930,0.744222,0.667913,0.005021,-0.667609,0.743607,0.036708,0.020784,-0.030671,0.999313,0,0.75777,0.36487,45.466,0.730,-1,400.000,-1,375.000,-1,325.000,325.000,325.000,300.000,-1,-1,-1,-1,775.000,725.000,-1,-1,2,0,2,0,2,0,0,0,0,2,2,2,2,0,0,2,2
131,7730.556,-11201.201,29.265,-41.202,0.752655,0.658397,0.004892,-0.658083,0.752019,0.037331,0.020899,-0.031317,0.999291,0,0.75763,0.36405,45.458,0.728,-1,400.000,-1,375.000,-1,325.000,325.000,325.000,300.000,-1,-1,-1,-1,775.000,725.000,-1,-1,2,0,2,0,2,0,0,0,0,2,2,2,2,0,0,2,2
132,7765.129,-11230.704,30.228,-40.476,0.760946,0.648797,0.004775,-0.648475,0.760289,0.037956,0.020995,-0.031979,0.999268,0,0.75751,0.36316,45.450,0.726,-1,400.000,-1,375.000,-1,325.000,325.000,325.000,300.000,-1,-1,-1,-1,775.000,725.000,-1,-1,2,0,2,0,2,0,0,0,0,2,2,2,2,0,0,2,2
133,7800.068,-11259.763,31.128,-39.752,0.769097,0.639112,0.005046,-0.638792,0.768406,0.038691,0.020851,-0.032980,0.999238,0,0.75741,0.36221,45.444,0.724,-1,400.000,-1,375.000,-1,325.000,325.000,325.000,300.000,-1,-1,-1,-1,775.000,725.000,-1,-1,2,0,2,0,2,0,0,0,0,2,2,2,2,0,0,2,2
134,7835.367,-11288.377,32.004,-39.029,0.777103,0.629349,0.005523,-0.629037,0.776372,0.039487,0.020563,-0.034160,0.999205,0,0.75733,0.36118,45.440,0.722,-1,400.000,-1,375.000,-1,325.000,325.000,325.000,300.000,-1,-1,-1,-1,775.000,725.000,-1,-1,2,0,2,0,2,0,0,0,0,2,2,2,2,0,0,2,2
135,7867.152,-11313.701,32.802,-38.547,0.782384,0.622768,0.005966,-0.622463,0.781615,0.040216,0.020382,-0.035178,0.999173,0,0.67733,0.24118,40.640,0.482,-1,400.000,-1,375.000,-1,325.000,325.000,325.000,300.000,-1,-1,-1,-1,775.000,750.000,-1,-1,2,0,2,0,2,0,0,0,0,2,2,2,2,0,0,2,2
136,7895.276,-11335.916,33.523,-38.304,0.785020,0.619438,0.006367,-0.619137,0.784219,0.040863,0.020319,-0.036021,0.999144,0,0.59733,0.12118,35.840,0.242,-1,400.000,-1,375.000,-1,325.000,325.000,325.000,300.000,-1,-1,-1,-1,775.000,750.000,-1,-1,2,0,2,0,2,0,0,0,0,2,2,2,2,0,0,2,2
137,7919.635,-11355.155,34.164,-38.302,0.785054,0.619391,0.006722,-0.619091,0.784226,0.041420,0.020384,-0.036678,0.999119,0,0.51733,0.00118,31.040,0.002,-1,400.000,-1,375.000,-1,325.000,325.000,325.000,300.000,-1,-1,-1,-1,775.000,750.000,-1,-1,2,0,2,0,2,0,0,0,0,2,2,2,2,0,0,2,2
