timestep,x_cm,y_cm,z_cm,yaw_deg,basis_xx,basis_xy,basis_xz,basis_yx,basis_yy,basis_yz,basis_zx,basis_zy,basis_zz,teleport_flag,throttle_cmd,steering_cmd,cmd_move_cm,cmd_turn_deg,lidar_cm_0,lidar_cm_1,lidar_cm_2,lidar_cm_3,lidar_cm_4,lidar_cm_5,lidar_cm_6,lidar_cm_7,lidar_cm_8,lidar_cm_9,lidar_cm_10,lidar_cm_11,lidar_cm_12,lidar_cm_13,lidar_cm_14,lidar_cm_15,lidar_cm_16,lidar_class_0,lidar_class_1,lidar_class_2,lidar_class_3,lidar_class_4,lidar_class_5,lidar_class_6,lidar_class_7,lidar_class_8,lidar_class_9,lidar_class_10,lidar_class_11,lidar_class_12,lidar_class_13,lidar_class_14,lidar_class_15,lidar_class_16
0,-6883.695,-2948.512,93.577,-138.431,-0.748216,0.663377,0.010137,-0.663439,-0.748006,-0.018331,-0.004578,-0.020441,0.999781,1,-0.08000,-0.12000,-4.800,-0.240,-1,375.000,-1,400.000,-1,325.000,325.000,300.000,300.000,-1,925.000,800.000,-1,675.000,800.000,-1,-1,2,0,2,0,2,0,0,0,0,2,1,1,2,0,0,2,2
1,-6876.460,-2942.203,93.562,-138.911,-0.753747,0.657087,0.010066,-0.657149,-0.753536,-0.018409,-0.004511,-0.020491,0.999780,0,-0.16000,-0.24000,-9.600,-0.480,-1,375.000,-1,400.000,-1,325.000,325.000,300.000,300.000,-1,925.000,800.000,-1,675.000,800.000,-1,-1,2,0,2,0,2,0,0,0,0,2,1,1,2,0,0,2,2
2,-6865.488,-2932.876,93.535,-139.631,-0.761945,0.647565,0.009967,-0.647627,-0.761732,-0.018514,-0.004397,-0.020562,0.999779,0,-0.24000,-0.36000,-14.400,-0.720,-1,375.000,-1,400.000,-1,325.000,325.000,300.000,300.000,-1,925.000,800.000,-1,675.000,800.000,-1,-1,2,0,2,0,2,0,0,0,0,2,1,1,2,0,0,2,2
3,-6850.654,-2920.687,93.643,-140.591,-0.772684,0.634703,0.010553,-0.634780,-0.772465,-0.018783,-0.003770,-0.021212,0.999768,0,-0.32000,-0.48000,-19.200,-0.960,-1,375.000,-1,400.000,-1,325.000,325.000,300.000,300.000,-1,925.000,800.000,-1,675.000,825.000,-1,-1,2,0,2,0,2,0,0,0,0,2,1,1,2,0,0,2,2
4,-6835.062,-2908.414,93.784,-141.791,-0.785800,0.618374,0.011496,-0.618475,-0.785571,-0.019144,-0.002807,-0.022154,0.999751,0,-0.33071,-0.60000,-19.842,-1.200,-1,375.000,-1,400.000,-1,325.000,325.000,300.000,300.000,-1,950.000,800.000,-1,700.000,825.000,-1,-1,2,0,2,0,2,0,0,0,0,2,1,1,2,0,0,2,2
5,-6819.103,-2896.489,93.894,-143.231,-0.801082,0.598424,0.012526,-0.598553,-0.800845,-0.019555,-0.001671,-0.023162,0.999730,0,-0.33205,-0.72000,-19.923,-1.440,-1,375.000,-1,425.000,-1,325.000,325.000,300.000,300.000,-1,975.000,800.000,-1,700.000,850.000,-1,-1,2,0,2,0,2,0,0,0,0,2,1,1,2,0,0,2,2
6,-6802.737,-2884.992,93.972,-144.911,-0.818269,0.574673,0.013636,-0.574835,-0.818024,-0.020029,-0.000356,-0.024228,0.999706,0,-0.33335,-0.84000,-20.001,-1.680,-1,375.000,-1,425.000,-1,325.000,325.000,300.000,300.000,-1,1000.000,825.000,-1,700.000,850.000,-1,-1,2,0,2,0,2,0,0,0,0,2,1,1,2,0,0,2,2
7,-6785.942,-2873.994,94.017,-146.781,-0.836566,0.547666,0.014804,-0.547865,-0.836314,-0.020575,0.001113,-0.025323,0.999679,0,-0.33459,-0.93476,-20.075,-1.870,-1,375.000,-1,425.000,-1,325.000,325.000,300.000,300.000,-1,-1,850.000,-1,725.000,875.000,-1,-1,2,0,2,0,2,0,0,0,0,2,2,1,2,0,0,2,2
8,-6768.738,-2863.515,94.044,-148.654,-0.854002,0.520025,0.015963,-0.520263,-0.853744,-0.021163,0.002623,-0.026378,0.999649,0,-0.33574,-0.93651,-20.145,-1.873,-1,400.000,-1,425.000,-1,325.000,325.000,300.000,300.000,-1,-1,875.000,-1,725.000,875.000,-1,-1,2,0,2,0,2,0,0,0,0,2,2,1,2,0,0,2,2
9,-6751.143,-2853.573,94.052,-150.530,-0.870553,0.491776,0.017112,-0.492056,-0.870291,-0.021793,0.004175,-0.027392,0.999616,0,-0.33683,-0.93824,-20.210,-1.876,-1,400.000,-1,425.000,-1,325.000,350.000,300.000,300.000,-1,-1,900.000,-1,750.000,900.000,-1,-1,2,0,2,0,2,0,0,0,0,2,2,1,2,0,0,2,2
10,-6733.178,-2844.185,94.040,-152.410,-0.886197,0.462949,0.018248,-0.463273,-0.885931,-0.022466,0.005766,-0.028363,0.999581,0,-0.33783,-0.93997,-20.270,-1.880,-1,400.000,-1,425.000,-1,325.000,350.000,275.000,300.000,-1,-1,950.000,-1,750.000,900.000,-1,-1,2,0,2,0,2,0,0,0,0,2,2,1,2,0,0,2,2
11,-6714.864,-2835.370,94.008,-154.294,-0.900911,0.433572,0.019370,-0.433941,-0.900643,-0.023183,0.007394,-0.029291,0.999544,0,-0.33875,-0.94168,-20.325,-1.883,-1,400.000,-1,450.000,-1,325.000,350.000,275.000,300.000,-1,-1,1000.000,-1,775.000,925.000,-1,-1,2,0,2,0,2,0,0,0,0,2,2,1,2,0,0,2,2
12,-6696.227,-2827.142,93.939,-156.180,-0.914675,0.403672,0.020451,-0.404090,-0.914403,-0.024035,0.008999,-0.030248,0.999502,0,-0.33955,-0.94337,-20.373,-1.887,-1,400.000,-1,450.000,-1,325.000,350.000,275.000,300.000,-1,1000.000,1000.000,-1,775.000,950.000,-1,-1,2,0,2,0,2,0,0,0,0,2,1,1,2,0,0,2,2
13,-6681.805,-2821.265,93.849,-157.827,-0.925879,0.377219,0.021289,-0.377678,-0.925604,-0.024844,0.010334,-0.031042,0.999465,0,-0.25955,-0.82337,-15.573,-1.647,-1,400.000,-1,450.000,-1,325.000,350.000,275.000,275.000,-1,1000.000,1000.000,-1,775.000,950.000,-1,-1,2,0,2,0,2,0,0,0,0,2,1,1,2,0,0,2,2
14,-6671.732,-2817.445,93.824,-159.234,-0.934851,0.354378,0.021687,-0.354862,-0.934575,-0.025340,0.011288,-0.031385,0.999444,0,-0.17955,-0.70337,-10.773,-1.407,-1,400.000,-1,425.000,-1,350.000,350.000,275.000,275.000,-1,975.000,1000.000,1000.000,800.000,950.000,-1,-1,2,0,2,0,2,0,0,0,0,2,1,1,1,0,0,2,2
15,-6666.105,-2815.442,93.833,-160.401,-0.941867,0.335275,0.021837,-0.335771,-0.941596,-0.025601,0.011979,-0.031445,0.999434,0,-0.09955,-0.58337,-5.973,-1.167,-1,400.000,-1,425.000,-1,350.000,350.000,275.000,275.000,-1,975.000,975.000,975.000,800.000,950.000,-1,-1,2,0,2,0,2,0,0,0,0,2,1,1,1,0,0,2,2
16,-6664.993,-2815.066,93.869,-161.327,-0.947165,0.320003,0.021814,-0.320504,-0.946900,-0.025655,0.012445,-0.031291,0.999433,0,-0.01955,-0.46337,-1.173,-0.927,-1,400.000,-1,425.000,-1,350.000,350.000,275.000,275.000,-1,975.000,975.000,950.000,800.000,950.000,-1,-1,2,0,2,0,2,0,0,0,0,2,1,1,1,0,0,2,2
17,-6668.443,-2816.186,93.890,-162.014,-0.950937,0.308633,0.021542,-0.309129,-0.950672,-0.025724,0.012540,-0.031122,0.999437,0,0.06045,-0.34337,3.627,-0.687,-1,400.000,-1,425.000,-1,350.000,350.000,275.000,275.000,-1,975.000,975.000,950.000,800.000,950.000,-1,-1,2,0,2,0,2,0,0,0,0,2,1,1,1,0,0,2,2
18,-6676.478,-2818.725,93.918,-162.461,-0.953324,0.301213,0.021061,-0.301697,-0.953057,-0.025711,0.012328,-0.030865,0.999448,0,0.14045,-0.22337,8.427,-0.447,-1,400.000,-1,425.000,-1,350.000,350.000,275.000,275.000,-1,1000.000,1000.000,950.000,800.000,950.000,-1,-1,2,0,2,0,2,0,0,0,0,2,1,1,1,0,0,2,2
19,-6689.104,-2822.665,93.959,-162.668,-0.954418,0.297776,0.020382,-0.298238,-0.954148,-0.025589,0.011827,-0.030502,0.999465,0,0.22045,-0.10337,13.227,-0.207,-1,400.000,-1,425.000,-1,350.000,350.000,275.000,275.000,-1,-1,1000.000,975.000,800.000,925.000,-1,-1,2,0,2,0,2,0,0,0,0,2,2,1,1,0,0,2,2
20,-6706.309,-2828.046,94.011,-162.634,-0.954262,0.298334,0.019503,-0.298767,-0.953989,-0.025364,0.011039,-0.030031,0.999488,0,0.30045,0.01663,18.027,0.033,-1,400.000,-1,425.000,-1,350.000,350.000,275.000,275.000,-1,-1,-1,975.000,800.000,925.000,-1,-1,2,0,2,0,2,0,0,0,0,2,2,2,1,0,0,2,2
21,-6728.063,-2834.962,94.073,-162.361,-0.952849,0.302886,0.018422,-0.303282,-0.952572,-0.025039,0.009965,-0.029445,0.999517,0,0.38045,0.13663,22.827,0.273,-1,400.000,-1,425.000,-1,350.000,350.000,275.000,275.000,-1,-1,-1,-1,800.000,925.000,-1,-1,2,0,2,0,2,0,0,0,0,2,2,2,2,0,0,2,2
22,-6754.314,-2843.569,94.142,-161.848,-0.950120,0.311413,0.017134,-0.311765,-0.949840,-0.024619,0.008608,-0.028733,0.999550,0,0.46045,0.25663,27.627,0.513,-1,400.000,-1,425.000,-1,325.000,350.000,275.000,275.000,-1,-1,-1,-1,775.000,925.000,-1,-1,2,0,2,0,2,0,0,0,0,2,2,2,2,0,0,2,2
23,-6785.018,-2854.000,94.216,-161.236,-0.946763,0.321552,0.015615,-0.321854,-0.946482,-0.024134,0.007019,-0.027875,0.999587,0,0.54045,0.30609,32.427,0.612,-1,400.000,-1,425.000,-1,325.000,350.000,275.000,275.000,-1,-1,-1,-1,775.000,900.000,-1,-1,2,0,2,0,2,0,0,0,0,2,2,2,2,0,0,2,2
24,-6820.135,-2866.354,94.293,-160.618,-0.943269,0.331740,0.013851,-0.331988,-0.942988,-0.023597,0.005234,-0.026857,0.999626,0,0.62045,0.30867,37.227,0.617,-1,400.000,-1,425.000,-1,325.000,350.000,275.000,300.000,-1,-1,-1,-1,775.000,900.000,-1,-1,2,0,2,0,2,0,0,0,0,2,2,2,2,0,0,2,2
25,-6859.626,-2880.731,94.372,-159.995,-0.939629,0.341989,0.011842,-0.342179,-0.939353,-0.023013,0.003254,-0.025676,0.999665,0,0.70045,0.31166,42.027,0.623,-1,400.000,-1,425.000,-1,325.000,350.000,275.000,300.000,-1,-1,-1,-1,750.000,900.000,-1,-1,2,0,2,0,2,0,0,0,0,2,2,2,2,0,0,2,2
26,-6903.448,-2897.233,94.449,-159.365,-0.935834,0.352311,0.009588,-0.352440,-0.935567,-0.022384,0.001084,-0.024327,0.999703,0,0.78045,0.31506,46.827,0.630,-1,400.000,-1,425.000,-1,325.000,350.000,275.000,300.000,-1,-1,-1,-1,750.000,875.000,-1,-1,2,0,2,0,2,0,0,0,0,2,2,2,2,0,0,2,2
27,-6942.677,-2912.311,94.513,-158.975,-0.933429,0.358684,0.007545,-0.358762,-0.933173,-0.021843,-0.000794,-0.023095,0.999733,0,0.70045,0.19506,42.027,0.390,-1,400.000,-1,425.000,-1,325.000,325.000,275.000,300.000,-1,-1,-1,-1,750.000,875.000,-1,-1,2,0,2,0,2,0,0,0,0,2,2,2,2,0,0,2,2
28,-6977.390,-2925.758,94.569,-158.825,-0.932495,0.361137,0.005721,-0.361174,-0.932253,-0.021372,-0.002385,-0.021996,0.999755,0,0.62045,0.07506,37.227,0.150,-1,400.000,-1,425.000,-1,325.000,325.000,275.000,300.000,-1,-1,-1,-1,750.000,850.000,-1,-1,2,0,2,0,2,0,0,0,0,2,2,2,2,0,0,2,2
29,-7007.646,-2937.424,94.619,-158.914,-0.933066,0.359681,0.004121,-0.359686,-0.932838,-0.020957,-0.003693,-0.021037,0.999772,0,0.54045,-0.04494,32.427,-0.090,-1,400.000,-1,425.000,-1,325.000,325.000,275.000,300.000,-1,-1,-1,-1,725.000,850.000,-1,-1,2,0,2,0,2,0,0,0,0,2,2,2,2,0,0,2,2
30,-7033.479,-2947.214,94.666,-159.244,-0.935124,0.354310,0.002750,-0.354290,-0.934909,-0.020585,-0.004722,-0.020223,0.999784,0,0.46045,-0.16494,27.627,-0.330,-1,375.000,-1,425.000,-1,325.000,325.000,275.000,300.000,-1,-1,-1,-1,725.000,850.000,-1,-1,2,0,2,0,2,0,0,0,0,2,2,2,2,0,0,2,2
31,-7054.904,-2955.091,94.711,-159.814,-0.938602,0.344999,0.001609,-0.344959,-0.938399,-0.020242,-0.005474,-0.019554,0.999794,0,0.38045,-0.28494,22.827,-0.570,-1,375.000,-1,425.000,-1,325.000,325.000,275.000,300.000,-1,-1,-1,-1,725.000,825.000,-1,-1,2,0,2,0,2,0,0,0,0,2,2,2,2,0,0,2,2
32,-7071.910,-2961.071,94.752,-160.624,-0.943383,0.331704,0.000699,-0.331651,-0.943192,-0.019918,-0.005948,-0.019022,0.999801,0,0.30045,-0.40494,18.027,-0.810,-1,375.000,-1,425.000,-1,325.000,325.000,275.000,300.000,-1,-1,-1,-1,725.000,825.000,-1,-1,2,0,2,0,2,0,0,0,0,2,2,2,2,0,0,2,2
33,-7084.466,-2965.230,94.787,-161.674,-0.949301,0.314369,0.000019,-0.314309,-0.949118,-0.019605,-0.006145,-0.018617,0.999808,0,0.22045,-0.52494,13.227,-1.050,-1,375.000,-1,425.000,-1,325.000,325.000,275.000,300.000,-1,-1,-1,-1,725.000,825.000,-1,-1,2,0,2,0,2,0,0,0,0,2,2,2,2,0,0,2,2
34,-7092.523,-2967.699,94.815,-162.964,-0.956135,0.292926,-0.000431,-0.292863,-0.955960,-0.019294,-0.006063,-0.018321,0.999814,0,0.14045,-0.64494,8.427,-1.290,-1,400.000,-1,425.000,-1,325.000,325.000,275.000,300.000,-1,-1,-1,-1,725.000,825.000,-1,-1,2,0,2,0,2,0,0,0,0,2,2,2,2,0,0,2,2
35,-7096.016,-2968.673,94.829,-164.418,-0.963259,0.268572,-0.000649,-0.268512,-0.963089,-0.018992,-0.005726,-0.018120,0.999819,0,0.06045,-0.72710,3.627,-1.454,-1,400.000,-1,425.000,-1,325.000,325.000,275.000,300.000,-1,-1,-1,-1,725.000,825.000,-1,-1,2,0,2,0,2,0,0,0,0,2,2,2,2,0,0,2,2
36,-7094.879,-2968.386,94.826,-165.872,-0.969761,0.244055,-0.000635,-0.244001,-0.969594,-0.018728,-0.005186,-0.018006,0.999824,0,-0.01955,-0.72681,-1.173,-1.454,-1,400.000,-1,425.000,-1,325.000,325.000,275.000,300.000,-1,-1,-1,-1,750.000,825.000,-1,-1,2,0,2,0,2,0,0,0,0,2,2,2,2,0,0,2,2
37,-7089.051,-2967.076,94.800,-167.325,-0.975640,0.219377,-0.000393,-0.219332,-0.975475,-0.018498,-0.004441,-0.017961,0.999829,0,-0.09955,-0.72690,-5.973,-1.454,-1,400.000,-1,425.000,-1,325.000,325.000,275.000,300.000,-1,-1,-1,-1,750.000,825.000,-1,-1,2,0,2,0,2,0,0,0,0,2,2,2,2,0,0,2,2
38,-7078.484,-2964.979,94.747,-168.780,-0.980894,0.194542,0.000073,-0.194511,-0.980730,-0.018300,-0.003489,-0.017965,0.999833,0,-0.17955,-0.72737,-10.773,-1.455,-1,400.000,-1,425.000,-1,325.000,325.000,275.000,300.000,-1,-1,-1,-1,750.000,825.000,-1,-1,2,0,2,0,2,0,0,0,0,2,2,2,2,0,0,2,2
39,-7063.136,-2962.339,94.661,-170.237,-0.985521,0.169553,0.000759,-0.169538,-0.985357,-0.018133,-0.002326,-0.017999,0.999835,0,-0.25955,-0.72819,-15.573,-1.456,-1,400.000,-1,425.000,-1,325.000,325.000,275.000,275.000,-1,-1,-1,-1,750.000,825.000,-1,-1,2,0,2,0,2,0,0,0,0,2,2,2,2,0,0,2,2
40,-7044.923,-2959.680,94.551,-171.695,-0.989516,0.144413,0.001576,-0.144418,-0.989353,-0.017983,-0.001038,-0.018022,0.999837,0,-0.30677,-0.72937,-18.406,-1.459,-1,400.000,-1,425.000,-1,325.000,325.000,275.000,275.000,-1,-1,-1,-1,775.000,825.000,-1,-1,2,0,2,0,2,0,0,0,0,2,2,2,2,0,0,2,2
41,-7026.608,-2957.482,94.430,-173.157,-0.992875,0.119133,0.002396,-0.119157,-0.992715,-0.017839,0.000253,-0.017998,0.999838,0,-0.30744,-0.73074,-18.447,-1.461,-1,400.000,-1,425.000,-1,325.000,350.000,275.000,275.000,-1,-1,-1,-1,775.000,825.000,-1,-1,2,0,2,0,2,0,0,0,0,2,2,2,2,0,0,2,2
42,-7008.207,-2955.749,94.300,-174.621,-0.995593,0.093729,0.003221,-0.093772,-0.995436,-0.017701,0.001547,-0.017925,0.999838,0,-0.30805,-0.73207,-18.483,-1.464,-1,400.000,-1,400.000,-1,325.000,350.000,275.000,275.000,-1,-1,-1,-1,775.000,825.000,-1,-1,2,0,2,0,2,0,0,0,0,2,2,2,2,0,0,2,2
43,-6989.735,-2954.486,94.160,-176.088,-0.997662,0.068218,0.004050,-0.068279,-0.997512,-0.017567,0.002841,-0.017802,0.999837,0,-0.30857,-0.73339,-18.514,-1.467,-1,400.000,-1,400.000,-1,325.000,350.000,275.000,275.000,-1,-1,-1,-1,775.000,825.000,-1,-1,2,0,2,0,2,0,0,0,0,2,2,2,2,0,0,2,2
44,-6966.447,-2953.393,93.974,-177.314,-0.998889,0.046846,0.005093,-0.046929,-0.998745,-0.017472,0.004268,-0.017692,0.999834,0,-0.38857,-0.61339,-23.314,-1.227,-1,400.000,-1,400.000,-1,325.000,350.000,275.000,275.000,-1,-1,-1,-1,800.000,825.000,-1,-1,2,0,2,0,2,0,0,0,0,2,2,2,2,0,0,2,2
45,-6938.345,-2952.560,93.741,-178.301,-0.999540,0.029639,0.006348,-0.029746,-0.999406,-0.017408,0.005828,-0.017589,0.999828,0,-0.46857,-0.49339,-28.114,-0.987,-1,400.000,-1,400.000,-1,325.000,350.000,275.000,275.000,-1,-1,-1,-1,800.000,850.000,-1,-1,2,0,2,0,2,0,0,0,0,2,2,2,2,0,0,2,2
46,-6908.381,-2952.062,93.484,-179.048,-0.999833,0.016611,0.007683,-0.016743,-0.999709,-0.017368,0.007392,-0.017494,0.999820,0,-0.49946,-0.37339,-29.968,-0.747,-1,400.000,-1,400.000,-1,325.000,350.000,275.000,275.000,-1,-1,-1,-1,800.000,850.000,-1,-1,2,0,2,0,2,0,0,0,0,2,2,2,2,0,0,2,2
47,-6878.368,-2951.871,93.222,-179.635,-0.999939,0.006373,0.009018,-0.006528,-0.999828,-0.017339,0.008906,-0.017397,0.999809,0,-0.50024,-0.29338,-30.014,-0.587,-1,400.000,-1,400.000,-1,350.000,350.000,275.000,275.000,-1,-1,-1,-1,825.000,850.000,-1,-1,2,0,2,0,2,0,0,0,0,2,2,2,2,0,0,2,2
48,-6848.309,-2951.989,92.954,-180.225,-0.999939,-0.003933,0.010356,0.003753,-0.999843,-0.017313,0.010422,-0.017273,0.999796,0,-0.50098,-0.29529,-30.059,-0.591,-1,425.000,-1,400.000,-1,350.000,350.000,275.000,275.000,-1,-1,-1,-1,825.000,850.000,-1,-1,2,0,2,0,2,0,0,0,0,2,2,2,2,0,0,2,2
49,-6818.215,-2952.419,92.679,-180.820,-0.999829,-0.014304,0.011696,0.014100,-0.999751,-0.017289,0.011940,-0.017121,0.999782,0,-0.50163,-0.29715,-30.098,-0.594,-1,425.000,-1,400.000,-1,350.000,350.000,275.000,275.000,-1,-1,-1,-1,825.000,850.000,-1,-1,2,0,2,0,2,0,0,0,0,2,2,2,2,0,0,2,2
50,-6788.093,-2953.165,92.398,-181.418,-0.999609,-0.024736,0.013037,0.024510,-0.999550,-0.017266,0.013459,-0.016940,0.999766,0,-0.50219,-0.29897,-30.132,-0.598,-1,425.000,-1,425.000,-1,350.000,350.000,275.000,275.000,-1,-1,-1,-1,850.000,850.000,-1,-1,2,0,2,0,2,0,0,0,0,2,2,2,2,0,0,2,2
51,-6757.952,-2954.227,92.111,-182.019,-0.999276,-0.035229,0.014381,0.034979,-0.999239,-0.017245,0.014978,-0.016729,0.999748,0,-0.50266,-0.30076,-30.160,-0.602,-1,425.000,-1,425.000,-1,350.000,350.000,275.000,275.000,-1,-1,-1,-1,850.000,850.000,-1,-1,2,0,2,0,2,0,0,0,0,2,2,2,2,0,0,2,2
52,-6727.801,-2955.609,91.818,-182.624,-0.998828,-0.045777,0.015726,0.045506,-0.998816,-0.017225,0.016496,-0.016490,0.999728,0,-0.50304,-0.30249,-30.182,-0.605,-1,425.000,-1,425.000,-1,350.000,350.000,275.000,275.000,-1,-1,-1,-1,850.000,850.000,-1,-1,2,0,2,0,2,0,0,0,0,2,2,2,2,0,0,2,2
53,-6697.650,-2957.312,91.519,-183.232,-0.998263,-0.056380,0.017073,0.056087,-0.998278,-0.017207,0.018014,-0.016220,0.999706,0,-0.50332,-0.30418,-30.199,-0.608,-1,425.000,-1,425.000,-1,350.000,350.000,275.000,275.000,-1,-1,-1,-1,875.000,850.000,-1,-1,2,0,2,0,2,0,0,0,0,2,2,2,2,0,0,2,2
54,-6667.509,-2959.337,91.214,-183.844,-0.997581,-0.067034,0.018422,0.066719,-0.997624,-0.017190,0.019530,-0.015919,0.999683,0,-0.50349,-0.30581,-30.210,-0.612,-1,425.000,-1,425.000,-1,350.000,350.000,275.000,275.000,-1,-1,-1,-1,875.000,850.000,-1,-1,2,0,2,0,2,0,0,0,0,2,2,2,2,0,0,2,2
55,-6637.386,-2961.686,90.903,-184.459,-0.996778,-0.077735,0.019771,0.077400,-0.996852,-0.017173,0.021044,-0.015588,0.999657,0,-0.50357,-0.30740,-30.214,-0.615,-1,425.000,-1,425.000,-1,350.000,350.000,275.000,275.000,-1,-1,-1,-1,875.000,875.000,-1,-1,2,0,2,0,2,0,0,0,0,2,2,2,2,0,0,2,2
56,-6607.292,-2964.359,90.586,-185.077,-0.995854,-0.088480,0.021122,0.088126,-0.995962,-0.017158,0.022555,-0.015225,0.999630,0,-0.50354,-0.30893,-30.213,-0.618,-1,425.000,-1,425.000,-1,350.000,350.000,275.000,275.000,-1,-1,-1,-1,900.000,875.000,-1,-1,2,0,2,0,2,0,0,0,0,2,2,2,2,0,0,2,2
57,-6577.237,-2967.358,90.179,-185.698,-0.994812,-0.099267,0.022257,0.098906,-0.994955,-0.016806,0.023813,-0.014518,0.999611,0,-0.50341,-0.31040,-30.205,-0.621,-1,425.000,-1,425.000,-1,350.000,350.000,300.000,275.000,-1,-1,-1,-1,900.000,875.000,-1,-1,2,0,2,0,2,0,0,0,0,2,2,2,2,0,0,2,2
58,-6547.230,-2970.681,89.315,-186.321,-0.993633,-0.110094,0.023912,0.109761,-0.993847,-0.014828,0.025397,-0.012109,0.999604,0,-0.50317,-0.31182,-30.190,-0.624,-1,425.000,-1,425.000,-1,350.000,350.000,300.000,275.000,-1,-1,-1,-1,900.000,850.000,-1,-1,2,0,2,0,2,0,0,0,0,2,2,2,2,0,0,2,2
59,-6517.282,-2974.330,88.319,-186.948,-0.992334,-0.120955,0.025347,0.120653,-0.992608,-0.013116,0.026746,-0.009958,0.999593,0,-0.50283,-0.31317,-30.170,-0.626,-1,425.000,-1,425.000,-1,350.000,350.000,300.000,275.000,-1,-1,-1,-1,925.000,850.000,-1,-1,2,0,2,0,2,0,0,0,0,2,2,2,2,0,0,2,2
60,-6487.402,-2978.305,87.012,-187.576,-0.990900,-0.131844,0.027100,0.131540,-0.991229,-0.012712,0.028539,-0.009031,0.999552,0,-0.50238,-0.31446,-30.143,-0.629,-1,425.000,-1,400.000,-1,350.000,350.000,300.000,275.000,-1,-1,-1,1000.000,925.000,850.000,-1,-1,2,0,2,0,2,0,0,0,0,2,2,2,1,0,0,2,2
61,-6457.601,-2982.603,85.694,-188.208,-0.989336,-0.142760,0.028879,0.142455,-0.989724,-0.012352,0.030346,-0.008107,0.999507,0,-0.50183,-0.31568,-30.110,-0.631,-1,425.000,-1,400.000,-1,350.000,350.000,300.000,275.000,-1,-1,-1,975.000,925.000,850.000,-1,-1,2,0,2,0,2,0,0,0,0,2,2,2,1,0,0,2,2
62,-6427.887,-2987.225,84.374,-188.842,-0.987642,-0.153698,0.030661,0.153395,-0.988092,-0.012003,0.032141,-0.007151,0.999458,0,-0.50118,-0.31684,-30.071,-0.634,-1,425.000,-1,400.000,-1,350.000,350.000,300.000,275.000,-1,-1,-1,975.000,950.000,850.000,-1,-1,2,0,2,0,2,0,0,0,0,2,2,2,1,0,0,2,2
63,-6398.272,-2992.169,83.052,-189.477,-0.985817,-0.164655,0.032445,0.164357,-0.986332,-0.011663,0.033922,-0.006165,0.999405,0,-0.50043,-0.31792,-30.026,-0.636,-1,425.000,-1,400.000,-1,350.000,325.000,300.000,275.000,-1,-1,-1,950.000,950.000,850.000,-1,-1,2,0,2,0,2,0,0,0,0,2,2,2,1,0,0,2,2
64,-6368.763,-2997.433,81.730,-190.115,-0.983862,-0.175626,0.034232,0.175336,-0.984443,-0.011333,0.035690,-0.005148,0.999350,0,-0.49958,-0.31894,-29.975,-0.638,-1,425.000,-1,400.000,-1,350.000,325.000,300.000,275.000,-1,-1,-1,900.000,950.000,850.000,-1,-1,2,0,2,0,2,0,0,0,0,2,2,2,1,0,0,2,2
65,-6339.370,-3003.016,80.407,-190.755,-0.981774,-0.186608,0.036021,0.186328,-0.982426,-0.011014,0.037443,-0.004101,0.999290,0,-0.49864,-0.31988,-29.919,-0.640,-1,425.000,-1,400.000,-1,350.000,325.000,300.000,275.000,-1,-1,-1,875.000,950.000,825.000,-1,-1,2,0,2,0,2,0,0,0,0,2,2,2,1,0,0,2,2
66,-6310.102,-3008.916,79.084,-191.397,-0.979554,-0.197597,0.037812,0.197330,-0.980279,-0.010705,0.039181,-0.003024,0.999228,0,-0.49762,-0.32075,-29.857,-0.641,-1,425.000,-1,400.000,-1,350.000,325.000,300.000,275.000,-1,-1,-1,850.000,975.000,825.000,-1,-1,2,0,2,0,2,0,0,0,0,2,2,2,1,0,0,2,2
67,-6280.966,-3015.130,77.762,-192.040,-0.977202,-0.208587,0.039604,0.208336,-0.978002,-0.010406,0.040904,-0.001918,0.999161,0,-0.49651,-0.32154,-29.791,-0.643,-1,425.000,-1,400.000,-1,350.000,325.000,300.000,275.000,-1,-1,-1,825.000,975.000,825.000,-1,-1,2,0,2,0,2,0,0,0,0,2,2,2,1,0,0,2,2
68,-6250.552,-3021.976,76.376,-192.685,-0.974709,-0.219593,0.041483,0.219362,-0.975591,-0.010105,0.042689,-0.000750,0.999088,0,-0.51959,-0.32278,-31.175,-0.646,-1,425.000,-1,400.000,-1,350.000,325.000,275.000,275.000,-1,-1,-1,800.000,975.000,825.000,-1,-1,2,0,2,0,2,0,0,0,0,2,2,2,1,0,0,2,2
69,-6220.188,-3029.173,74.986,-193.335,-0.972072,-0.230642,0.043369,0.230433,-0.973039,-0.009815,0.044464,0.000453,0.999011,0,-0.52010,-0.32487,-31.206,-0.650,-1,425.000,-1,400.000,-1,350.000,325.000,275.000,275.000,-1,-1,-1,775.000,1000.000,825.000,-1,-1,2,0,2,0,2,0,0,0,0,2,2,2,1,0,0,2,2
70,-6189.885,-3036.722,73.593,-193.989,-0.969287,-0.241730,0.045263,0.241548,-0.970342,-0.009535,0.046226,0.001691,0.998930,0,-0.52049,-0.32692,-31.229,-0.654,-1,425.000,-1,400.000,-1,350.000,325.000,275.000,275.000,-1,-1,-1,750.000,1000.000,825.000,-1,-1,2,0,2,0,2,0,0,0,0,2,2,2,1,0,0,2,2
71,-6159.657,-3044.623,72.197,-194.647,-0.966354,-0.252854,0.047165,0.252702,-0.967500,-0.009267,0.047975,0.002963,0.998844,0,-0.52074,-0.32892,-31.244,-0.658,-1,425.000,-1,400.000,-1,350.000,325.000,275.000,275.000,-1,-1,-1,725.000,1000.000,825.000,-1,-1,2,0,2,0,2,0,0,0,0,2,2,2,1,0,0,2,2
72,-6129.515,-3052.874,70.800,-195.308,-0.963271,-0.264010,0.049074,0.263891,-0.964510,-0.009010,0.049711,0.004271,0.998755,0,-0.52085,-0.33087,-31.251,-0.662,-1,425.000,-1,400.000,-1,350.000,350.000,275.000,275.000,-1,-1,-1,700.000,-1,825.000,-1,-1,2,0,2,0,2,0,0,0,0,2,2,2,1,2,0,2,2
73,-6099.473,-3061.474,69.402,-195.974,-0.960036,-0.275194,0.050989,0.275112,-0.961372,-0.008765,0.051431,0.005613,0.998661,0,-0.52082,-0.33277,-31.249,-0.666,-1,425.000,-1,400.000,-1,350.000,350.000,275.000,275.000,-1,-1,-1,700.000,-1,825.000,-1,-1,2,0,2,0,2,0,0,0,0,2,2,2,1,2,0,2,2
74,-6069.544,-3070.420,68.003,-196.643,-0.956648,-0.286402,0.052910,0.286360,-0.958084,-0.008533,0.053136,0.006988,0.998563,0,-0.52063,-0.33461,-31.238,-0.669,-1,450.000,-1,400.000,-1,350.000,350.000,275.000,275.000,-1,-1,-1,675.000,-1,825.000,-1,-1,2,0,2,0,2,0,0,0,0,2,2,2,1,2,0,2,2
75,-6044.328,-3078.363,66.819,-197.482,-0.952251,-0.300399,0.054581,0.300398,-0.953777,-0.008403,0.054582,0.008395,0.998474,0,-0.44063,-0.41955,-26.438,-0.839,-1,450.000,-1,400.000,-1,350.000,350.000,275.000,275.000,-1,-1,-1,675.000,-1,825.000,-1,-1,2,0,2,0,2,0,0,0,0,2,2,2,1,2,0,2,2
76,-6023.787,-3085.166,65.867,-198.324,-0.947650,-0.314379,0.055903,0.314414,-0.949249,-0.008392,0.055705,0.009624,0.998401,0,-0.36063,-0.42100,-21.638,-0.842,-1,450.000,-1,400.000,-1,350.000,350.000,275.000,275.000,-1,-1,-1,675.000,-1,800.000,-1,-1,2,0,2,0,2,0,0,0,0,2,2,2,1,2,0,2,2
77,-6007.883,-3090.695,65.249,-199.168,-0.942873,-0.328330,0.056477,0.328375,-0.944507,-0.008749,0.056215,0.010296,0.998366,0,-0.28063,-0.42215,-16.838,-0.844,-1,450.000,-1,400.000,-1,350.000,350.000,275.000,275.000,-1,-1,-1,700.000,-1,800.000,-1,-1,2,0,2,0,2,0,0,0,0,2,2,2,1,2,0,2,2
78,-5996.573,-3094.815,64.701,-200.014,-0.937906,-0.342236,0.056632,0.342318,-0.939545,-0.008547,0.056133,0.011370,0.998359,0,-0.20063,-0.42300,-12.038,-0.846,-1,450.000,-1,400.000,-1,350.000,350.000,275.000,275.000,1000.000,-1,-1,700.000,-1,800.000,-1,-1,2,0,2,0,2,0,0,0,0,1,2,2,1,2,0,2,2
79,-5989.809,-3097.392,64.365,-200.862,-0.932737,-0.356086,0.056605,0.356200,-0.934372,-0.008416,0.055887,0.012313,0.998361,0,-0.12063,-0.42360,-7.238,-0.847,-1,450.000,-1,400.000,-1,350.000,350.000,275.000,275.000,1000.000,-1,-1,725.000,-1,800.000,-1,-1,2,0,2,0,2,0,0,0,0,1,2,2,1,2,0,2,2
80,-5987.545,-3098.294,64.267,-201.710,-0.927367,-0.369871,0.056438,0.370002,-0.928992,-0.008486,0.055570,0.013013,0.998370,0,-0.04063,-0.42394,-2.438,-0.848,-1,450.000,-1,400.000,-1,350.000,350.000,275.000,275.000,1000.000,-1,-1,750.000,-1,775.000,-1,-1,2,0,2,0,2,0,0,0,0,1,2,2,1,2,0,2,2
81,-5989.726,-3097.388,64.406,-202.558,-0.921801,-0.383579,0.056129,0.383715,-0.923410,-0.008758,0.055189,0.013465,0.998385,0,0.03937,-0.42406,2.362,-0.848,-1,450.000,-1,400.000,-1,350.000,325.000,275.000,275.000,975.000,-1,-1,775.000,-1,775.000,-1,-1,2,0,2,0,2,0,0,0,0,1,2,2,1,2,0,2,2
82,-5996.299,-3094.543,64.778,-203.406,-0.916042,-0.397200,0.055672,0.397328,-0.917630,-0.009229,0.054753,0.013666,0.998406,0,0.11937,-0.42395,7.162,-0.848,-1,450.000,-1,400.000,-1,350.000,325.000,275.000,275.000,975.000,-1,-1,800.000,-1,775.000,-1,-1,2,0,2,0,2,0,0,0,0,1,2,2,1,2,0,2,2
83,-6007.206,-3089.629,65.384,-204.253,-0.910094,-0.410726,0.055066,0.410832,-0.911657,-0.009901,0.054267,0.013612,0.998434,0,0.19937,-0.42363,11.962,-0.847,-1,450.000,-1,400.000,-1,350.000,325.000,275.000,275.000,975.000,-1,-1,825.000,-1,775.000,-1,-1,2,0,2,0,2,0,0,0,0,1,2,2,1,2,0,2,2
84,-6022.385,-3082.519,66.220,-205.099,-0.903964,-0.424147,0.054305,0.424219,-0.905496,-0.010770,0.053741,0.013301,0.998466,0,0.27937,-0.42311,16.762,-0.846,-1,450.000,-1,400.000,-1,350.000,325.000,300.000,300.000,975.000,-1,-1,850.000,-1,775.000,-1,-1,2,0,2,0,2,0,0,0,0,1,2,2,1,2,0,2,2
85,-6041.774,-3073.085,67.284,-205.944,-0.897654,-0.437454,0.053387,0.437480,-0.899150,-0.011837,0.053181,0.012730,0.998504,0,0.35937,-0.42239,21.562,-0.845,-1,450.000,-1,400.000,-1,350.000,325.000,300.000,300.000,975.000,-1,-1,900.000,-1,775.000,-1,-1,2,0,2,0,2,0,0,0,0,1,2,2,1,2,0,2,2
86,-6065.307,-3061.204,68.444,-206.787,-0.891181,-0.450637,0.052179,0.450634,-0.892622,-0.012486,0.052203,0.012387,0.998560,0,0.43937,-0.42146,26.362,-0.843,-1,450.000,-1,400.000,-1,350.000,325.000,300.000,300.000,975.000,-1,-1,925.000,-1,775.000,-1,-1,2,0,2,0,2,0,0,0,0,1,2,2,1,2,0,2,2
87,-6092.916,-3046.754,69.747,-207.627,-0.884545,-0.463686,0.050750,0.463663,-0.885917,-0.012938,0.050959,0.012087,0.998628,0,0.51937,-0.42032,31.162,-0.841,-1,450.000,-1,400.000,-1,350.000,325.000,300.000,300.000,975.000,-1,-1,950.000,-1,750.000,-1,-1,2,0,2,0,2,0,0,0,0,1,2,2,1,2,0,2,2
88,-6124.531,-3029.613,71.233,-208.465,-0.877748,-0.476595,0.049149,0.476549,-0.879046,-0.013394,0.049588,0.011665,0.998702,0,0.59937,-0.41897,35.962,-0.838,-1,425.000,-1,400.000,-1,350.000,325.000,300.000,275.000,1000.000,-1,-1,1000.000,1000.000,750.000,-1,-1,2,0,2,0,2,0,0,0,0,1,2,2,1,0,0,2,2
89,-6160.078,-3009.664,72.903,-209.300,-0.870797,-0.489354,0.047382,0.489284,-0.872014,-0.013854,0.048097,0.011119,0.998781,0,0.67937,-0.41739,40.762,-0.835,-1,425.000,-1,375.000,-1,350.000,325.000,300.000,275.000,1000.000,-1,-1,1000.000,1000.000,750.000,-1,-1,2,0,2,0,2,0,0,0,0,1,2,2,1,0,0,2,2
90,-6199.483,-2986.793,74.952,-210.131,-0.863741,-0.501959,0.044586,0.501839,-0.864837,-0.014655,0.045916,0.009717,0.998898,0,0.75937,-0.41558,45.562,-0.831,-1,425.000,-1,375.000,-1,325.000,325.000,300.000,275.000,-1,-1,-1,-1,975.000,725.000,-1,-1,2,0,2,0,2,0,0,0,0,2,2,2,2,0,0,2,2
91,-6242.671,-2960.885,77.231,-210.958,-0.856551,-0.514398,0.041409,0.514226,-0.857514,-0.015514,0.043489,0.008006,0.999022,0,0.83937,-0.41351,50.362,-0.827,-1,425.000,-1,375.000,-1,325.000,325.000,300.000,275.000,-1,-1,-1,-1,950.000,725.000,-1,-1,2,0,2,0,2,0,0,0,0,2,2,2,2,0,0,2,2
92,-6288.307,-2932.610,79.662,-211.781,-0.849226,-0.526661,0.037991,0.526442,-0.850053,-0.016381,0.040922,0.006089,0.999144,0,0.89477,-0.41125,53.686,-0.823,-1,425.000,-1,375.000,-1,325.000,325.000,300.000,275.000,-1,-1,-1,-1,925.000,725.000,-1,-1,2,0,2,0,2,0,0,0,0,2,2,2,2,0,0,2,2
93,-6329.379,-2906.097,81.875,-212.843,-0.839437,-0.542338,0.034852,0.542087,-0.840148,-0.017113,0.038563,0.004527,0.999246,0,0.81477,-0.53125,48.886,-1.063,-1,425.000,-1,375.000,-1,325.000,325.000,300.000,275.000,-1,-1,-1,-1,900.000,725.000,-1,-1,2,0,2,0,2,0,0,0,0,2,2,2,2,0,0,2,2
94,-6365.865,-2881.351,83.990,-214.146,-0.826932,-0.561297,0.033606,0.561016,-0.827606,-0.018171,0.038012,0.003827,0.999270,0,0.73477,-0.65125,44.086,-1.303,-1,425.000,-1,375.000,-1,325.000,300.000,300.000,275.000,-1,-1,-1,-1,900.000,725.000,-1,-1,2,0,2,0,2,0,0,0,0,2,2,2,2,0,0,2,2
95,-6397.774,-2858.432,85.745,-215.688,-0.811537,-0.583373,0.032911,0.583036,-0.812199,-0.020048,0.038425,0.002919,0.999257,0,0.65477,-0.77125,39.286,-1.543,-1,425.000,-1,375.000,-1,325.000,325.000,300.000,275.000,-1,-1,-1,-1,900.000,725.000,-1,-1,2,0,2,0,2,0,0,0,0,2,2,2,2,0,0,2,2
96,-6428.688,-2834.775,87.494,-217.425,-0.793496,-0.607722,0.032217,0.607331,-0.794147,-0.021925,0.038909,0.002168,0.999240,0,0.64879,-0.86840,38.928,-1.737,-1,425.000,-1,375.000,-1,325.000,325.000,300.000,275.000,-1,-1,-1,-1,900.000,725.000,-1,-1,2,0,2,0,2,0,0,0,0,2,2,2,2,0,0,2,2
97,-6458.880,-2810.184,89.248,-219.162,-0.774724,-0.631518,0.031433,0.631070,-0.775360,-0.023803,0.039404,0.001395,0.999222,0,0.64900,-0.86856,38.940,-1.737,-1,425.000,-1,375.000,-1,325.000,325.000,300.000,300.000,-1,-1,-1,-1,900.000,725.000,-1,-1,2,0,2,0,2,0,0,0,0,2,2,2,2,0,0,2,2
98,-6488.323,-2784.680,90.846,-220.900,-0.755272,-0.654737,0.029729,0.654227,-0.755857,-0.025830,0.039383,-0.000059,0.999224,0,0.64921,-0.86873,38.952,-1.737,-1,425.000,-1,375.000,-1,325.000,325.000,300.000,300.000,-1,-1,-1,-1,900.000,725.000,-1,-1,2,0,2,0,2,0,0,0,0,2,2,2,2,0,0,2,2
99,-6516.987,-2758.287,92.413,-222.638,-0.735131,-0.677357,0.027744,0.676787,-0.735653,-0.027825,0.039257,-0.001678,0.999228,0,0.64941,-0.86892,38.965,-1.738,-1,425.000,-1,375.000,-1,325.000,325.000,300.000,300.000,-1,-1,-1,-1,900.000,725.000,-1,-1,2,0,2,0,2,0,0,0,0,2,2,2,2,0,0,2,2
100,-6544.846,-2731.027,93.986,-224.376,-0.714311,-0.699357,0.025687,0.698732,-0.714765,-0.029737,0.039157,-0.003293,0.999228,0,0.64962,-0.86912,38.977,-1.738,-1,425.000,-1,375.000,-1,325.000,325.000,300.000,300.000,-1,1000.000,-1,-1,875.000,725.000,-1,-1,2,0,2,0,2,0,0,0,0,2,0,2,2,0,0,2,2
101,-6571.875,-2702.927,95.565,-226.114,-0.692829,-0.720717,0.023563,0.720042,-0.693212,-0.031565,0.039084,-0.004903,0.999224,0,0.64982,-0.86933,38.989,-1.739,-1,400.000,-1,375.000,-1,325.000,325.000,300.000,300.000,-1,950.000,-1,-1,875.000,725.000,-1,-1,2,0,2,0,2,0,0,0,0,2,0,2,2,0,0,2,2
102,-6598.046,-2674.010,97.185,-227.854,-0.670707,-0.741415,0.021346,0.740689,-0.671013,-0.033481,0.039147,-0.006645,0.999211,0,0.65003,-0.86956,39.002,-1.739,-1,400.000,-1,375.000,-1,325.000,325.000,325.000,300.000,-1,925.000,-1,-1,875.000,725.000,-1,-1,2,0,2,0,2,0,0,0,0,2,0,2,2,0,0,2,2
103,-6623.335,-2644.302,98.813,-229.593,-0.647963,-0.761434,0.019056,0.760660,-0.648189,-0.035323,0.039248,-0.008393,0.999194,0,0.65023,-0.86979,39.014,-1.740,-1,400.000,-1,375.000,-1,325.000,325.000,325.000,300.000,-1,800.000,-1,-1,875.000,750.000,-1,-1,2,0,2,0,2,0,0,0,0,2,0,2,2,0,0,2,2
104,-6647.718,-2613.830,100.196,-231.333,-0.624577,-0.780759,0.017853,0.779934,-0.624764,-0.037066,0.040093,-0.009226,0.999153,0,0.65044,-0.87004,39.026,-1.740,-1,400.000,-1,375.000,-1,325.000,325.000,325.000,300.000,-1,475.000,-1,-1,875.000,750.000,-1,-1,2,0,2,0,2,0,0,0,0,2,0,2,2,0,0,2,2
105,-6671.172,-2582.622,101.566,-233.074,-0.600608,-0.799370,0.016658,0.798492,-0.600756,-0.038781,0.041008,-0.009991,0.999109,0,0.65064,-0.87031,39.039,-1.741,-1,400.000,-1,375.000,-1,325.000,325.000,325.000,300.000,-1,450.000,-1,-1,875.000,750.000,-1,-1,2,0,2,0,2,0,0,0,0,2,0,2,2,0,0,2,2
106,-6693.674,-2550.706,102.939,-234.815,-0.576080,-0.817248,0.015380,0.816317,-0.576185,-0.040468,0.041934,-0.010758,0.999062,0,0.65085,-0.87058,39.051,-1.741,-1,400.000,-1,375.000,-1,325.000,325.000,325.000,300.000,-1,450.000,825.000,-1,875.000,775.000,-1,-1,2,0,2,0,2,0,0,0,0,2,0,0,2,0,0,2,2
107,-6715.202,-2518.111,104.505,-236.557,-0.550998,-0.834384,0.014323,0.833436,-0.551079,-0.041189,0.042260,-0.010758,0.999049,0,0.65105,-0.87087,39.063,-1.742,-1,400.000,-1,375.000,-1,325.000,325.000,325.000,300.000,-1,475.000,700.000,-1,875.000,775.000,-1,-1,2,0,2,0,2,0,0,0,0,2,0,0,2,0,0,2,2
108,-6735.735,-2484.866,106.256,-238.299,-0.525380,-0.850760,0.013560,0.849830,-0.525459,-0.041008,0.042013,-0.010021,0.999067,0,0.65125,-0.87117,39.075,-1.742,-1,400.000,-1,375.000,-1,325.000,325.000,325.000,300.000,-1,500.000,675.000,-1,875.000,775.000,-1,-1,2,0,2,0,2,0,0,0,0,2,0,0,2,0,0,2,2
109,-6755.254,-2451.001,108.016,-240.042,-0.499264,-0.866355,0.012844,0.865444,-0.499343,-0.040787,0.041749,-0.009248,0.999085,0,0.65145,-0.87148,39.087,-1.743,-1,400.000,-1,375.000,-1,325.000,325.000,325.000,300.000,-1,525.000,650.000,-1,875.000,775.000,-1,-1,2,0,2,0,2,0,0,0,0,2,0,0,2,0,0,2,2
110,-6773.739,-2416.547,109.799,-241.786,-0.472671,-0.881154,0.012251,0.880261,-0.472755,-0.040543,0.041516,-0.008380,0.999103,0,0.65165,-0.87180,39.099,-1.744,-1,400.000,-1,375.000,-1,325.000,325.000,325.000,300.000,-1,575.000,675.000,-1,875.000,775.000,-1,-1,2,0,2,0,2,0,0,0,0,2,0,0,2,0,0,2,2
111,-6791.172,-2381.536,111.570,-243.530,-0.445629,-0.895142,0.011670,0.894263,-0.445718,-0.040370,0.041338,-0.007554,0.999117,0,0.65185,-0.87214,39.111,-1.744,-1,400.000,-1,375.000,-1,325.000,325.000,325.000,300.000,-1,600.000,700.000,-1,900.000,775.000,-1,-1,2,0,2,0,2,0,0,0,0,2,0,0,2,0,0,2,2
112,-6807.536,-2345.999,113.166,-245.275,-0.418182,-0.908300,0.010710,0.907404,-0.418254,-0.041000,0.041720,-0.007427,0.999102,0,0.65205,-0.87248,39.123,-1.745,-1,400.000,-1,375.000,-1,325.000,325.000,325.000,300.000,-1,600.000,725.000,-1,900.000,800.000,-1,-1,2,0,2,0,2,0,0,0,0,2,0,0,2,0,0,2,2
113,-6822.814,-2309.970,114.770,-247.021,-0.390336,-0.920621,0.009755,0.919711,-0.390390,-0.041557,0.042067,-0.007249,0.999088,0,0.65225,-0.87284,39.135,-1.746,-1,400.000,-1,375.000,-1,325.000,325.000,325.000,325.000,-1,625.000,725.000,-1,925.000,800.000,-1,-1,2,0,2,0,2,0,0,0,0,2,0,0,2,0,0,2,2
114,-6836.991,-2273.480,116.382,-248.767,-0.362114,-0.932092,0.008814,0.931170,-0.362153,-0.042044,0.042381,-0.007017,0.999077,0,0.65245,-0.87321,39.147,-1.746,-1,400.000,-1,375.000,-1,325.000,325.000,325.000,325.000,-1,625.000,725.000,-1,950.000,800.000,-1,-1,2,0,2,0,2,0,0,0,0,2,0,0,2,0,0,2,2
115,-6850.054,-2236.564,118.001,-250.514,-0.333541,-0.942703,0.007895,0.941770,-0.333566,-0.042463,0.042664,-0.006727,0.999067,0,0.65264,-0.87358,39.159,-1.747,-1,400.000,-1,375.000,-1,325.000,325.000,325.000,325.000,-1,650.000,750.000,-1,950.000,800.000,-1,-1,2,0,2,0,2,0,0,0,0,2,0,0,2,0,0,2,2
116,-6861.987,-2199.256,119.628,-252.262,-0.304643,-0.952441,0.007006,0.951499,-0.304657,-0.042820,0.042918,-0.006379,0.999058,0,0.65284,-0.87397,39.170,-1.748,-1,400.000,-1,400.000,-1,325.000,325.000,325.000,325.000,-1,675.000,750.000,-1,975.000,825.000,-1,-1,2,0,2,0,2,0,0,0,0,2,0,0,2,0,0,2,2
117,-6872.780,-2161.590,121.261,-254.011,-0.275447,-0.961297,0.006153,0.960348,-0.275451,-0.043118,0.043144,-0.005968,0.999051,0,0.65303,-0.87437,39.182,-1.749,-1,400.000,-1,400.000,-1,325.000,325.000,325.000,325.000,-1,675.000,775.000,-1,975.000,825.000,-1,-1,2,0,2,0,2,0,0,0,0,2,0,0,2,0,0,2,2
118,-6882.421,-2123.601,122.899,-255.760,-0.245977,-0.969261,0.005344,0.968306,-0.245974,-0.043364,0.043345,-0.005492,0.999045,0,0.65322,-0.87478,39.193,-1.750,-1,425.000,-1,400.000,-1,325.000,325.000,325.000,325.000,-1,700.000,800.000,-1,1000.000,825.000,-1,-1,2,0,2,0,2,0,0,0,0,2,0,0,2,0,0,2,2
119,-6892.115,-2080.689,124.747,-257.270,-0.220371,-0.975406,0.004489,0.974445,-0.220355,-0.043606,0.043523,-0.005235,0.999039,0,0.73322,-0.75478,43.993,-1.510,-1,425.000,-1,400.000,-1,325.000,325.000,325.000,325.000,-1,725.000,800.000,-1,1000.000,850.000,-1,-1,2,0,2,0,2,0,0,0,0,2,0,0,2,0,0,2,2
120,-6901.810,-2032.869,126.801,-258.539,-0.198725,-0.980049,0.003590,0.979081,-0.198690,-0.043849,0.043687,-0.005199,0.999032,0,0.81322,-0.63478,48.793,-1.270,-1,425.000,-1,400.000,-1,325.000,325.000,325.000,325.000,-1,750.000,850.000,-1,-1,875.000,-1,-1,2,0,2,0,2,0,0,0,0,2,0,0,2,2,0,2,2
121,-6911.513,-1980.161,128.966,-259.569,-0.181095,-0.983461,0.002870,0.982517,-0.181048,-0.043391,0.043193,-0.005038,0.999054,0,0.89322,-0.51478,53.593,-1.030,-1,425.000,-1,400.000,-1,325.000,325.000,325.000,325.000,-1,800.000,900.000,-1,-1,875.000,-1,-1,2,0,2,0,2,0,0,0,0,2,0,0,2,2,0,2,2
122,-6920.610,-1926.609,130.986,-260.359,-0.167513,-0.985866,0.002763,0.984969,-0.167479,-0.042258,0.042123,-0.004358,0.999103,0,0.90532,-0.39478,54.319,-0.790,-1,425.000,-1,400.000,-1,350.000,325.000,325.000,325.000,-1,875.000,950.000,-1,-1,900.000,-1,-1,2,0,2,0,2,0,0,0,0,2,0,0,2,2,0,2,2
123,-6929.179,-1873.061,132.658,-260.908,-0.158097,-0.987423,0.001157,0.986621,-0.158015,-0.040117,0.039795,-0.005201,0.999194,0,0.90382,-0.27478,54.229,-0.550,-1,425.000,-1,400.000,-1,350.000,325.000,325.000,325.000,-1,975.000,-1,-1,-1,875.000,-1,-1,2,0,2,0,2,0,0,0,0,2,0,2,2,2,0,2,2
124,-6937.443,-1819.574,134.230,-261.218,-0.152815,-0.988254,-0.000791,0.987555,-0.152677,-0.037735,0.037171,-0.006548,0.999287,0,0.90204,-0.15478,54.123,-0.310,-1,425.000,-1,400.000,-1,325.000,325.000,300.000,325.000,-1,-1,-1,-1,-1,875.000,-1,-1,2,0,2,0,2,0,0,0,0,2,2,2,2,2,0,2,2
125,-6945.623,-1766.196,135.790,-261.287,-0.151664,-0.988428,-0.002705,0.987828,-0.151476,-0.035361,0.034542,-0.008035,0.999371,0,0.90001,-0.03478,54.001,-0.070,-1,425.000,-1,400.000,-1,325.000,325.000,300.000,300.000,-1,-1,-1,-1,-1,875.000,-1,-1,2,0,2,0,2,0,0,0,0,2,2,2,2,2,0,2,2
126,-6953.941,-1712.977,137.338,-261.117,-0.154647,-0.987959,-0.004629,0.987455,-0.154413,-0.033011,0.031898,-0.009676,0.999444,0,0.89776,0.08522,53.865,0.170,-1,425.000,-1,400.000,-1,325.000,325.000,300.000,325.000,-1,-1,-1,-1,-1,875.000,-1,-1,2,0,2,0,2,0,0,0,0,2,2,2,2,2,0,2,2
127,-6962.616,-1659.964,138.872,-260.706,-0.161756,-0.986809,-0.006606,0.986398,-0.161483,-0.030700,0.029228,-0.011482,0.999507,0,0.89530,0.20522,53.718,0.410,-1,425.000,-1,400.000,-1,325.000,325.000,300.000,325.000,-1,-1,-1,-1,-1,875.000,-1,-1,2,0,2,0,2,0,0,0,0,2,2,2,2,2,0,2,2
128,-6971.866,-1607.207,140.389,-260.056,-0.172978,-0.984887,-0.008681,0.984569,-0.172671,-0.028446,0.026517,-0.013468,0.999558,0,0.89269,0.32522,53.562,0.650,-1,425.000,-1,400.000,-1,325.000,325.000,300.000,325.000,-1,-1,-1,-1,-1,850.000,-1,-1,2,0,2,0,2,0,0,0,0,2,2,2,2,2,0,2,2
129,-6981.770,-1554.735,141.883,-259.312,-0.185774,-0.982532,-0.010881,0.982305,-0.185441,-0.026236,0.023760,-0.015563,0.999597,0,0.88998,0.37204,53.399,0.744,-1,425.000,-1,400.000,-1,325.000,325.000,300.000,325.000,-1,-1,-1,-1,-1,850.000,-1,-1,2,0,2,0,2,0,0,0,0,2,2,2,2,2,0,2,2
130,-6992.325,-1502.550,143.352,-258.566,-0.198566,-0.979999,-0.013210,0.979863,-0.198214,-0.024058,0.020959,-0.017721,0.999623,0,0.88736,0.37311,53.242,0.746,-1,425.000,-1,400.000,-1,325.000,325.000,300.000,325.000,-1,-1,-1,-1,-1,850.000,-1,-1,2,0,2,0,2,0,0,0,0,2,2,2,2,2,0,2,2
131,-7003.531,-1450.649,144.795,-257.817,-0.211356,-0.977283,-0.015669,0.977241,-0.210996,-0.021915,0.018112,-0.019944,0.999637,0,0.88497,0.37441,53.098,0.749,-1,425.000,-1,400.000,-1,350.000,325.000,300.000,325.000,-1,-1,-1,-1,-1,850.000,-1,-1,2,0,2,0,2,0,0,0,0,2,2,2,2,2,0,2,2
132,-7015.389,-1399.024,146.210,-257.065,-0.224150,-0.974384,-0.018260,0.974436,-0.223791,-0.019810,0.015216,-0.022234,0.999637,0,0.88282,0.37593,52.969,0.752,-1,425.000,-1,400.000,-1,350.000,325.000,300.000,325.000,-1,-1,-1,-1,975.000,875.000,-1,-1,2,0,2,0,2,0,0,0,0,2,2,2,2,1,1,2,2
133,-7027.899,-1347.670,147.274,-256.310,-0.236947,-0.971323,-0.019691,0.971437,-0.236609,-0.018039,0.012862,-0.023403,0.999643,0,0.88094,0.37765,52.856,0.755,-1,450.000,-1,425.000,-1,350.000,350.000,300.000,325.000,-1,-1,-1,-1,950.000,850.000,-1,-1,2,0,2,0,2,0,0,0,0,2,2,2,2,1,1,2,2
134,-7041.064,-1296.578,147.935,-255.551,-0.249739,-0.968106,-0.020029,0.968262,-0.249459,-0.015488,0.009998,-0.023261,0.999679,0,0.87935,0.37957,52.761,0.759,-1,450.000,-1,425.000,-1,350.000,350.000,300.000,325.000,-1,-1,-1,-1,900.000,825.000,-1,-1,2,0,2,0,2,0,0,0,0,2,2,2,2,1,1,2,2
135,-7055.221,-1244.516,148.236,-254.788,-0.262529,-0.964711,-0.020289,0.964900,-0.262317,-0.012531,0.006767,-0.022866,0.999716,0,0.89920,0.38108,53.952,0.762,-1,450.000,-1,425.000,-1,350.000,350.000,300.000,325.000,-1,-1,-1,-1,875.000,800.000,-1,-1,2,0,2,0,2,0,0,0,0,2,2,2,2,1,1,2,2
