timestep,x_cm,y_cm,z_cm,yaw_deg,basis_xx,basis_xy,basis_xz,basis_yx,basis_yy,basis_yz,basis_zx,basis_zy,basis_zz,teleport_flag,throttle_cmd,steering_cmd,cmd_move_cm,cmd_turn_deg,lidar_cm_0,lidar_cm_1,lidar_cm_2,lidar_cm_3,lidar_cm_4,lidar_cm_5,lidar_cm_6,lidar_cm_7,lidar_cm_8,lidar_cm_9,lidar_cm_10,lidar_cm_11,lidar_cm_12,lidar_cm_13,lidar_cm_14,lidar_cm_15,lidar_cm_16,lidar_class_0,lidar_class_1,lidar_class_2,lidar_class_3,lidar_class_4,lidar_class_5,lidar_class_6,lidar_class_7,lidar_class_8,lidar_class_9,lidar_class_10,lidar_class_11,lidar_class_12,lidar_class_13,lidar_class_14,lidar_class_15,lidar_class_16
0,-4268.139,4918.198,-293.137,17.089,0.945002,-0.292370,0.146600,0.271214,0.951015,0.148368,-0.182798,-0.100448,0.978006,1,-0.08000,-0.12000,-4.800,-0.240,-1,375.000,-1,375.000,975.000,325.000,325.000,300.000,300.000,-1,-1,-1,-1,650.000,625.000,1000.000,900.000,2,0,2,0,0,0,0,0,0,2,2,2,2,0,0,0,0
1,-4277.338,4915.456,-291.350,16.609,0.947417,-0.284347,0.146794,0.263105,0.953278,0.148449,-0.182147,-0.102021,0.977964,0,-0.16000,-0.24000,-9.600,-0.480,-1,375.000,-1,375.000,975.000,325.000,325.000,300.000,300.000,-1,-1,-1,-1,650.000,625.000,1000.000,925.000,2,0,2,0,0,0,0,0,0,2,2,2,2,0,0,0,0
2,-4291.188,4911.517,-288.689,15.889,0.950910,-0.272279,0.147088,0.250913,0.956542,0.148559,-0.181145,-0.104360,0.977904,0,-0.24000,-0.36000,-14.400,-0.720,-1,375.000,-1,375.000,1000.000,325.000,325.000,300.000,300.000,-1,-1,-1,-1,650.000,625.000,1000.000,925.000,2,0,2,0,0,0,0,0,0,2,2,2,2,0,0,0,0
3,-4309.740,4906.576,-285.174,14.929,0.955325,-0.256130,0.147484,0.234604,0.960653,0.148685,-0.179764,-0.107442,0.977825,0,-0.32000,-0.48000,-19.200,-0.960,-1,375.000,-1,375.000,-1,325.000,325.000,300.000,300.000,-1,-1,-1,-1,650.000,625.000,-1,950.000,2,0,2,0,2,0,0,0,0,2,2,2,2,0,0,2,0
4,-4333.054,4900.886,-280.835,13.729,0.960454,-0.235857,0.147987,0.214143,0.965401,0.148808,-0.177964,-0.111233,0.977730,0,-0.40000,-0.60000,-24.000,-1.200,-1,375.000,-1,375.000,-1,325.000,325.000,300.000,300.000,-1,-1,-1,-1,650.000,625.000,-1,975.000,2,0,2,0,2,0,0,0,0,2,2,2,2,0,0,2,0
5,-4361.193,4894.763,-275.710,12.289,0.966034,-0.211413,0.148601,0.189490,0.970525,0.148910,-0.175702,-0.115694,0.977621,0,-0.48000,-0.72000,-28.800,-1.440,-1,375.000,-1,375.000,-1,325.000,325.000,300.000,300.000,-1,-1,-1,-1,675.000,650.000,-1,1000.000,2,0,2,0,2,0,0,0,0,2,2,2,2,0,0,2,0
6,-4391.181,4889.154,-270.381,10.609,0.971762,-0.182758,0.149259,0.160624,0.975713,0.148945,-0.172855,-0.120764,0.977516,0,-0.50851,-0.84000,-30.511,-1.680,-1,375.000,-1,375.000,-1,325.000,325.000,300.000,300.000,-1,-1,-1,-1,675.000,650.000,-1,-1,2,0,2,0,2,0,0,0,0,2,2,2,2,0,0,2,2
7,-4421.774,4884.406,-265.086,8.838,0.976876,-0.152420,0.149939,0.130091,0.980256,0.148914,-0.169676,-0.125965,0.977416,0,-0.51603,-0.88541,-30.962,-1.771,-1,375.000,-1,375.000,-1,325.000,325.000,300.000,300.000,-1,-1,-1,-1,675.000,650.000,-1,-1,2,0,2,0,2,0,0,0,0,2,2,2,2,0,0,2,2
8,-4452.968,4880.534,-259.832,7.090,0.980985,-0.122369,0.150644,0.099866,0.983807,0.148829,-0.166417,-0.130955,0.977321,0,-0.52395,-0.87398,-31.437,-1.748,-1,375.000,-1,375.000,-1,325.000,325.000,300.000,300.000,-1,-1,-1,-1,675.000,675.000,-1,-1,2,0,2,0,2,0,0,0,0,2,2,2,2,0,0,2,2
9,-4484.758,4877.556,-254.621,5.366,0.984125,-0.092648,0.151375,0.069992,0.986404,0.148689,-0.163093,-0.135734,0.977229,0,-0.53222,-0.86222,-31.933,-1.724,-1,375.000,-1,375.000,-1,325.000,325.000,300.000,300.000,-1,-1,-1,-1,675.000,675.000,-1,-1,2,0,2,0,2,0,0,0,0,2,2,2,2,0,0,2,2
10,-4517.138,4875.489,-249.457,3.665,0.986331,-0.063299,0.152133,0.040507,0.988083,0.148493,-0.159719,-0.140301,0.977141,0,-0.54082,-0.85015,-32.449,-1.700,-1,375.000,-1,375.000,-1,325.000,325.000,300.000,300.000,-1,-1,-1,-1,700.000,675.000,-1,-1,2,0,2,0,2,0,0,0,0,2,2,2,2,0,0,2,2
11,-4550.099,4874.351,-244.342,1.990,0.987641,-0.034360,0.152919,0.011451,0.988885,0.148239,-0.156313,-0.144656,0.977057,0,-0.54975,-0.83774,-32.985,-1.675,-1,375.000,-1,375.000,-1,325.000,325.000,300.000,300.000,-1,-1,-1,-1,700.000,700.000,-1,-1,2,0,2,0,2,0,0,0,0,2,2,2,2,0,0,2,2
12,-4583.634,4874.160,-239.279,0.340,0.988095,-0.005868,0.153735,-0.017143,0.988850,0.147926,-0.152889,-0.148800,0.976977,0,-0.55900,-0.82500,-33.540,-1.650,-1,375.000,-1,375.000,-1,325.000,300.000,300.000,300.000,-1,-1,-1,-1,700.000,700.000,-1,-1,2,0,2,0,2,0,0,0,0,2,2,2,2,0,0,2,2
13,-4617.736,4874.928,-234.218,-1.284,0.987911,0.022145,0.153434,-0.044942,0.988153,0.146743,-0.148367,-0.151865,0.977202,0,-0.56858,-0.81192,-34.115,-1.624,-1,375.000,-1,375.000,-1,325.000,325.000,300.000,300.000,-1,-1,-1,-1,700.000,700.000,-1,-1,2,0,2,0,2,0,0,0,0,2,2,2,2,0,0,2,2
14,-4652.397,4876.676,-229.289,-2.881,0.987024,0.049657,0.152699,-0.072096,0.986784,0.145122,-0.143474,-0.154248,0.977560,0,-0.57847,-0.79850,-34.708,-1.597,-1,375.000,-1,375.000,-1,325.000,325.000,300.000,300.000,-1,850.000,-1,-1,725.000,700.000,-1,-1,2,0,2,0,2,0,0,0,0,2,1,2,2,0,0,2,2
15,-4687.607,4879.418,-224.399,-4.450,0.985406,0.076639,0.151990,-0.098722,0.984710,0.143525,-0.138667,-0.156435,0.977906,0,-0.58867,-0.78473,-35.320,-1.569,-1,400.000,-1,375.000,-1,325.000,325.000,300.000,300.000,-1,725.000,-1,-1,725.000,700.000,-1,-1,2,0,2,0,2,0,0,0,0,2,1,2,2,0,0,2,2
16,-4723.357,4883.173,-219.547,-5.992,0.983097,0.103063,0.151320,-0.124795,0.981975,0.141954,-0.133962,-0.158438,0.978239,0,-0.59918,-0.77062,-35.951,-1.541,-1,400.000,-1,375.000,-1,325.000,325.000,300.000,300.000,-1,650.000,-1,-1,725.000,700.000,-1,-1,2,0,2,0,2,0,0,0,0,2,1,2,2,0,0,2,2
17,-4759.638,4887.954,-214.731,-7.504,0.980139,0.128904,0.150700,-0.150293,0.978620,0.140409,-0.129379,-0.160270,0.978557,0,-0.60999,-0.75615,-36.599,-1.512,-1,400.000,-1,375.000,-1,325.000,325.000,300.000,300.000,-1,600.000,850.000,-1,725.000,700.000,-1,-1,2,0,2,0,2,0,0,0,0,2,1,1,2,0,0,2,2
18,-4791.061,4892.806,-210.634,-8.776,0.977120,0.150566,0.150219,-0.171669,0.975283,0.139111,-0.125561,-0.161716,0.978817,0,-0.52999,-0.63615,-31.799,-1.272,-1,400.000,-1,375.000,-1,325.000,325.000,300.000,300.000,-1,550.000,725.000,-1,750.000,700.000,-1,-1,2,0,2,0,2,0,0,0,0,2,1,1,2,0,0,2,2
19,-4817.663,4897.406,-207.213,-9.808,0.974316,0.168081,0.149856,-0.188954,0.972236,0.138038,-0.122494,-0.162808,0.979024,0,-0.44999,-0.51615,-26.999,-1.032,-1,400.000,-1,375.000,-1,325.000,325.000,300.000,300.000,-1,525.000,650.000,-1,750.000,700.000,-1,-1,2,0,2,0,2,0,0,0,0,2,1,1,2,0,0,2,2
20,-4839.481,4901.490,-204.438,-10.601,0.971949,0.181486,0.149590,-0.202177,0.969695,0.137169,-0.120163,-0.163565,0.979187,0,-0.36999,-0.39615,-22.199,-0.792,-1,400.000,-1,375.000,-1,325.000,325.000,300.000,300.000,-1,500.000,600.000,-1,750.000,700.000,-1,-1,2,0,2,0,2,0,0,0,0,2,1,1,2,0,0,2,2
21,-4856.550,4904.856,-202.281,-11.153,0.970190,0.190811,0.149404,-0.211366,0.967830,0.136492,-0.118554,-0.164002,0.979310,0,-0.28999,-0.27615,-17.399,-0.552,-1,400.000,-1,375.000,-1,325.000,325.000,300.000,275.000,-1,475.000,575.000,-1,750.000,700.000,-1,-1,2,0,2,0,2,0,0,0,0,2,1,1,2,0,0,2,2
22,-4868.896,4907.360,-200.728,-11.465,0.969158,0.196079,0.149281,-0.216540,0.966755,0.135994,-0.117652,-0.164125,0.979398,0,-0.20999,-0.15615,-12.599,-0.312,-1,400.000,-1,375.000,-1,325.000,325.000,300.000,300.000,-1,475.000,550.000,-1,750.000,700.000,-1,-1,2,0,2,0,2,0,0,0,0,2,1,1,2,0,0,2,2
23,-4876.538,4908.919,-199.769,-11.538,0.968921,0.197305,0.149210,-0.217713,0.966538,0.135668,-0.117449,-0.163936,0.979454,0,-0.12999,-0.03615,-7.799,-0.072,-1,400.000,-1,375.000,-1,325.000,325.000,300.000,300.000,-1,450.000,550.000,-1,750.000,700.000,-1,-1,2,0,2,0,2,0,0,0,0,2,1,1,2,0,0,2,2
24,-4879.479,4909.510,-199.404,-11.370,0.969493,0.194492,0.149186,-0.214883,0.967193,0.135511,-0.117936,-0.163434,0.979480,0,-0.04999,0.08385,-2.999,0.168,-1,400.000,-1,375.000,-1,325.000,325.000,300.000,300.000,-1,450.000,550.000,-1,750.000,700.000,-1,-1,2,0,2,0,2,0,0,0,0,2,1,1,2,0,0,2,2
25,-4877.712,4909.166,-199.638,-10.962,0.970840,0.187631,0.149210,-0.208043,0.968686,0.135522,-0.119109,-0.162612,0.979474,0,0.03001,0.20385,1.801,0.408,-1,400.000,-1,375.000,-1,325.000,325.000,300.000,300.000,-1,450.000,550.000,-1,750.000,700.000,-1,-1,2,0,2,0,2,0,0,0,0,2,1,1,2,0,0,2,2
26,-4871.220,4907.983,-200.486,-10.315,0.972877,0.176702,0.149289,-0.197173,0.970931,0.135705,-0.120970,-0.161460,0.979437,0,0.11001,0.32385,6.601,0.648,-1,400.000,-1,375.000,-1,325.000,325.000,300.000,275.000,-1,475.000,575.000,-1,750.000,700.000,-1,-1,2,0,2,0,2,0,0,0,0,2,1,1,2,0,0,2,2
27,-4859.976,4906.114,-201.970,-9.427,0.975463,0.161679,0.149436,-0.182247,0.973793,0.136067,-0.123520,-0.159962,0.979364,0,0.19001,0.44385,11.401,0.888,-1,400.000,-1,375.000,-1,325.000,325.000,300.000,275.000,-1,475.000,625.000,-1,750.000,700.000,-1,-1,2,0,2,0,2,0,0,0,0,2,1,1,2,0,0,2,2
28,-4843.948,4903.773,-204.118,-8.299,0.978410,0.142526,0.149667,-0.163231,0.977083,0.136617,-0.126766,-0.158098,0.979253,0,0.27001,0.56385,16.201,1.128,-1,400.000,-1,375.000,-1,325.000,325.000,300.000,275.000,-1,500.000,675.000,-1,750.000,700.000,-1,-1,2,0,2,0,2,0,0,0,0,2,1,1,2,0,0,2,2
29,-4823.105,4901.236,-206.967,-6.931,0.981473,0.119207,0.150003,-0.140091,0.980563,0.137370,-0.130712,-0.155838,0.979096,0,0.35001,0.68385,21.001,1.368,-1,400.000,-1,375.000,-1,325.000,325.000,300.000,275.000,-1,525.000,800.000,-1,750.000,700.000,-1,-1,2,0,2,0,2,0,0,0,0,2,1,1,2,0,0,2,2
30,-4797.420,4898.839,-210.561,-5.324,0.984355,0.091689,0.150462,-0.112796,0.983940,0.138342,-0.135362,-0.153149,0.978888,0,0.43001,0.80385,25.801,1.608,-1,400.000,-1,375.000,-1,325.000,325.000,300.000,300.000,-1,575.000,1000.000,-1,750.000,700.000,-1,-1,2,0,2,0,2,0,0,0,0,2,1,1,2,0,0,2,2
31,-4766.880,4896.979,-214.949,-3.476,0.986705,0.059945,0.151065,-0.081321,0.986870,0.139553,-0.140716,-0.149983,0.978624,0,0.51001,0.92385,30.601,1.848,-1,400.000,-1,375.000,-1,325.000,325.000,300.000,300.000,-1,650.000,-1,-1,725.000,700.000,-1,-1,2,0,2,0,2,0,0,0,0,2,1,2,2,0,0,2,2
32,-4731.497,4896.024,-220.176,-1.540,0.988052,0.026592,0.151809,-0.048281,0.988828,0.141029,-0.146363,-0.146673,0.978297,0,0.59001,0.96781,35.401,1.936,-1,400.000,-1,375.000,-1,325.000,325.000,300.000,300.000,-1,800.000,-1,-1,725.000,700.000,-1,-1,2,0,2,0,2,0,0,0,0,2,1,2,2,0,0,2,2
33,-4691.301,4896.277,-226.282,0.368,0.988255,-0.006349,0.152683,-0.015701,0.989631,0.142773,-0.152007,-0.143493,0.977908,0,0.67001,0.95399,40.201,1.908,-1,400.000,-1,375.000,-1,325.000,325.000,300.000,300.000,-1,-1,-1,-1,725.000,700.000,-1,-1,2,0,2,0,2,0,0,0,0,2,2,2,2,0,0,2,2
34,-4646.338,4898.036,-233.306,2.244,0.987360,-0.038775,0.153677,0.016319,0.989330,0.144775,-0.157651,-0.140437,0.977458,0,0.75001,0.93846,45.001,1.877,-1,375.000,-1,375.000,-1,325.000,325.000,300.000,300.000,-1,-1,-1,-1,700.000,700.000,-1,-1,2,0,2,0,2,0,0,0,0,2,2,2,2,0,0,2,2
35,-4596.667,4901.581,-241.417,4.087,0.985496,-0.070599,0.154318,0.047834,0.988047,0.146546,-0.162819,-0.137039,0.977093,0,0.83001,0.92126,49.801,1.843,-1,375.000,-1,375.000,-1,325.000,325.000,300.000,300.000,-1,-1,-1,-1,700.000,700.000,-1,-1,2,0,2,0,2,0,0,0,0,2,2,2,2,0,0,2,2
36,-4545.414,4906.863,-250.063,5.892,0.982881,-0.101742,0.153600,0.079009,0.985906,0.147468,-0.166439,-0.132807,0.977067,0,0.85882,0.90242,51.529,1.805,-1,375.000,-1,375.000,-1,325.000,325.000,300.000,300.000,-1,-1,-1,-1,700.000,675.000,-1,-1,2,0,2,0,2,0,0,0,0,2,2,2,2,0,0,2,2
37,-4493.556,4913.828,-258.863,7.658,0.979443,-0.132168,0.152391,0.109687,0.982956,0.147536,-0.169293,-0.127788,0.977246,0,0.87212,0.88310,52.327,1.766,-1,375.000,-1,375.000,-1,325.000,325.000,300.000,300.000,-1,-1,-1,-1,700.000,675.000,-1,-1,2,0,2,0,2,0,0,0,0,2,2,2,2,0,0,2,2
38,-4441.153,4922.481,-267.990,9.385,0.975168,-0.161841,0.151177,0.139640,0.979158,0.147483,-0.171895,-0.122710,0.977443,0,0.88526,0.86366,53.116,1.727,-1,375.000,-1,375.000,-1,325.000,325.000,300.000,300.000,-1,-1,-1,-1,675.000,650.000,-1,-1,2,0,2,0,2,0,0,0,0,2,2,2,2,0,0,2,2
39,-4388.265,4932.824,-277.436,11.074,0.970120,-0.190737,0.149954,0.168844,0.974573,0.147304,-0.174238,-0.117583,0.977658,0,0.89823,0.84411,53.894,1.688,-1,375.000,-1,375.000,-1,325.000,325.000,300.000,300.000,-1,-1,-1,-1,675.000,650.000,-1,1000.000,2,0,2,0,2,0,0,0,0,2,2,2,2,0,0,2,0
40,-4334.946,4944.853,-287.195,12.722,0.964362,-0.218833,0.148718,0.197277,0.969265,0.146994,-0.176314,-0.112417,0.977894,0,0.91103,0.82446,54.662,1.649,-1,375.000,-1,375.000,-1,325.000,325.000,300.000,300.000,-1,-1,-1,-1,650.000,625.000,1000.000,950.000,2,0,2,0,2,0,0,0,0,2,2,2,2,0,0,0,0
41,-4281.252,4958.563,-297.259,14.332,0.957958,-0.246111,0.147464,0.224923,0.963293,0.146548,-0.178118,-0.107219,0.978150,0,0.92366,0.80469,55.420,1.609,-1,375.000,-1,375.000,975.000,325.000,325.000,300.000,300.000,-1,-1,-1,-1,650.000,625.000,975.000,900.000,2,0,2,0,0,0,0,0,0,2,2,2,2,0,0,0,0
42,-4227.233,4973.945,-307.621,15.902,0.950969,-0.272556,0.146188,0.251766,0.956718,0.145959,-0.179643,-0.101997,0.978430,0,0.93614,0.78482,56.169,1.570,1000.000,375.000,-1,375.000,925.000,325.000,325.000,300.000,300.000,-1,-1,-1,-1,625.000,600.000,950.000,850.000,0,0,2,0,0,0,0,0,0,2,2,2,2,0,0,0,0
43,-4172.938,4990.984,-318.273,17.431,0.943457,-0.298155,0.144886,0.277794,0.949600,0.145221,-0.180882,-0.096761,0.978733,0,0.94848,0.76484,56.909,1.530,975.000,375.000,-1,375.000,850.000,325.000,300.000,300.000,300.000,-1,-1,-1,-1,625.000,575.000,925.000,825.000,0,0,2,0,0,0,0,0,0,2,2,2,2,0,0,0,0
44,-4118.411,5009.667,-329.209,18.921,0.935483,-0.322898,0.143555,0.303000,0.941998,0.144327,-0.181831,-0.091518,0.979062,0,0.96068,0.74476,57.641,1.490,950.000,375.000,-1,350.000,800.000,300.000,300.000,325.000,300.000,-1,-1,-1,-1,600.000,575.000,875.000,775.000,0,0,2,0,0,0,0,0,0,2,2,2,2,0,0,0,0
45,-4063.695,5029.976,-340.421,20.370,0.927106,-0.346781,0.142191,0.327375,0.933970,0.143268,-0.182484,-0.086274,0.979416,0,0.97276,0.72456,58.366,1.449,925.000,375.000,-1,350.000,750.000,300.000,300.000,325.000,300.000,-1,-1,-1,-1,600.000,550.000,850.000,725.000,0,0,2,0,0,0,0,0,0,2,2,2,2,0,0,0,0
46,-4013.884,5049.671,-350.566,21.579,0.919717,-0.366524,0.140641,0.347450,0.926729,0.143010,-0.182752,-0.082663,0.979678,0,0.89276,0.60456,53.566,1.209,900.000,350.000,-1,325.000,700.000,300.000,275.000,300.000,300.000,-1,-1,-1,-1,575.000,525.000,825.000,675.000,0,0,2,0,0,0,0,0,0,2,2,2,2,0,0,0,0
47,-3968.848,5068.370,-359.071,22.548,0.914012,-0.382145,0.136191,0.363266,0.920394,0.144614,-0.180612,-0.082705,0.980071,0,0.81276,0.48456,48.766,0.969,875.000,350.000,-1,325.000,700.000,300.000,275.000,300.000,300.000,-1,700.000,700.000,-1,575.000,525.000,800.000,675.000,0,0,2,0,0,0,0,0,0,2,0,0,2,0,0,0,0
48,-3928.310,5085.812,-366.544,23.277,0.909822,-0.393777,0.131006,0.375066,0.915342,0.146541,-0.177620,-0.084191,0.980491,0,0.73556,0.36456,44.134,0.729,850.000,350.000,-1,325.000,700.000,300.000,275.000,300.000,325.000,-1,575.000,575.000,-1,575.000,550.000,800.000,700.000,0,0,2,0,0,0,0,0,0,2,0,0,2,0,0,0,0
49,-3887.934,5103.627,-374.061,23.805,0.906905,-0.402114,0.125809,0.383580,0.911515,0.148346,-0.174329,-0.086278,0.980900,0,0.73556,0.26371,44.134,0.527,850.000,350.000,-1,325.000,700.000,300.000,275.000,300.000,325.000,-1,475.000,500.000,-1,575.000,550.000,775.000,675.000,0,0,2,0,0,0,0,0,0,2,0,0,2,0,0,0,0
50,-3847.724,5121.812,-381.519,24.332,0.903837,-0.410425,0.120955,0.392095,0.907636,0.149863,-0.171291,-0.088025,0.981280,0,0.73556,0.26371,44.134,0.527,825.000,350.000,-1,325.000,675.000,275.000,275.000,300.000,325.000,-1,450.000,475.000,-1,575.000,550.000,775.000,675.000,0,0,2,0,0,0,0,0,0,2,0,0,2,0,0,0,0
51,-3807.682,5140.366,-388.826,24.859,0.900563,-0.418723,0.116863,0.400617,0.903735,0.150894,-0.168796,-0.089072,0.981618,0,0.73556,0.26371,44.134,0.527,800.000,350.000,-1,325.000,650.000,275.000,275.000,275.000,325.000,-1,425.000,450.000,-1,550.000,550.000,750.000,650.000,0,0,2,0,0,0,0,0,0,2,0,0,2,0,0,0,0
52,-3767.812,5159.286,-395.801,25.387,0.897222,-0.427040,0.112377,0.409501,0.899875,0.150114,-0.165230,-0.088667,0.982261,0,0.73556,0.26371,44.134,0.527,800.000,350.000,-1,325.000,650.000,275.000,275.000,275.000,325.000,-1,400.000,425.000,-1,550.000,550.000,775.000,625.000,0,0,2,0,0,0,0,0,0,2,0,0,2,0,0,0,0
53,-3728.117,5178.569,-402.426,25.914,0.893803,-0.435380,0.107524,0.418743,0.896058,0.147425,-0.160534,-0.086744,0.983211,0,0.73556,0.26371,44.134,0.527,850.000,350.000,-1,325.000,625.000,300.000,275.000,300.000,325.000,-1,350.000,400.000,-1,575.000,550.000,825.000,625.000,0,0,2,0,0,0,0,0,0,2,0,0,2,0,0,0,0
54,-3688.601,5198.216,-408.992,26.442,0.890280,-0.443696,0.102646,0.428014,0.892186,0.144251,-0.155583,-0.084490,0.984203,0,0.73556,0.26371,44.134,0.527,875.000,350.000,-1,350.000,625.000,300.000,275.000,300.000,325.000,-1,325.000,375.000,-1,575.000,550.000,875.000,625.000,0,0,2,0,0,0,0,0,0,2,0,0,2,0,0,0,0
55,-3649.268,5218.226,-415.475,26.969,0.886653,-0.451991,0.097727,0.437330,0.888263,0.140465,-0.150297,-0.081805,0.985251,0,0.73556,0.26371,44.134,0.527,900.000,350.000,-1,350.000,600.000,300.000,300.000,300.000,300.000,-1,300.000,350.000,-1,600.000,525.000,900.000,625.000,0,0,2,0,0,0,0,0,0,2,0,0,2,0,0,0,0
56,-3610.120,5238.597,-421.980,27.497,0.882918,-0.460248,0.092886,0.446575,0.884257,0.136604,-0.145006,-0.079130,0.986261,0,0.73556,0.26371,44.134,0.527,925.000,350.000,-1,350.000,600.000,300.000,300.000,300.000,300.000,-1,250.000,300.000,-1,600.000,525.000,900.000,600.000,0,0,2,0,0,0,0,0,0,2,0,0,2,0,0,0,0
57,-3571.161,5259.327,-428.508,28.024,0.879076,-0.468466,0.088122,0.455748,0.880166,0.132671,-0.139714,-0.076466,0.987235,0,0.73556,0.26371,44.134,0.527,950.000,375.000,-1,350.000,575.000,300.000,300.000,300.000,300.000,-1,225.000,250.000,-1,625.000,525.000,925.000,600.000,0,0,2,0,0,0,0,0,0,2,0,0,2,0,0,0,0
58,-3532.395,5280.416,-435.058,28.551,0.875128,-0.476644,0.083439,0.464847,0.875992,0.128669,-0.134421,-0.073815,0.988171,0,0.73556,0.26371,44.134,0.527,975.000,375.000,-1,350.000,575.000,300.000,300.000,300.000,300.000,-1,200.000,225.000,-1,625.000,525.000,925.000,600.000,0,0,2,0,0,0,0,0,0,2,0,0,2,0,0,0,0
59,-3493.824,5301.861,-441.564,29.079,0.871076,-0.484772,0.078884,0.473820,0.871720,0.124894,-0.129310,-0.071416,0.989029,0,0.73556,0.26371,44.134,0.527,975.000,375.000,-1,350.000,550.000,300.000,300.000,325.000,300.000,-1,175.000,200.000,-1,625.000,525.000,925.000,575.000,0,0,2,0,0,0,0,0,0,2,0,0,2,0,0,0,0
60,-3455.453,5323.661,-448.052,29.606,0.866922,-0.492854,0.074432,0.482694,0.867359,0.121225,-0.124306,-0.069164,0.989831,0,0.73556,0.26371,44.134,0.527,975.000,375.000,-1,350.000,550.000,300.000,300.000,325.000,300.000,1000.000,150.000,200.000,-1,625.000,525.000,925.000,575.000,0,0,2,0,0,0,0,0,0,0,0,0,2,0,0,0,0
61,-3417.285,5345.817,-453.744,30.134,0.862685,-0.500792,0.070583,0.490907,0.862740,0.121200,-0.121590,-0.069908,0.990116,0,0.73556,0.26371,44.134,0.527,950.000,375.000,-1,325.000,525.000,300.000,300.000,325.000,300.000,975.000,175.000,200.000,-1,600.000,525.000,900.000,575.000,0,0,2,0,0,0,0,0,0,0,0,0,2,0,0,0,0
62,-3379.323,5368.323,-459.348,30.661,0.858365,-0.508671,0.066813,0.499002,0.858024,0.121621,-0.119192,-0.071056,0.990325,0,0.73556,0.26371,44.134,0.527,925.000,375.000,-1,325.000,525.000,300.000,300.000,325.000,300.000,975.000,200.000,225.000,-1,600.000,525.000,875.000,550.000,0,0,2,0,0,0,0,0,0,0,0,0,2,0,0,0,0
63,-3341.571,5391.180,-464.606,31.189,0.854111,-0.516453,0.061408,0.507057,0.853149,0.122593,-0.115704,-0.073571,0.990555,0,0.73556,0.26371,44.134,0.527,900.000,375.000,-1,325.000,525.000,300.000,300.000,325.000,300.000,925.000,200.000,250.000,-1,600.000,525.000,875.000,575.000,0,0,2,0,0,0,0,0,0,0,0,0,2,0,0,0,0
64,-3304.033,5414.384,-469.327,31.716,0.849974,-0.524101,0.053500,0.515094,0.848062,0.124374,-0.110556,-0.078157,0.990792,0,0.73556,0.26371,44.134,0.527,875.000,375.000,-1,325.000,575.000,300.000,300.000,300.000,300.000,875.000,200.000,250.000,-1,600.000,525.000,850.000,600.000,0,0,2,0,0,0,0,0,0,0,0,0,2,0,0,0,0
65,-3266.709,5437.933,-474.078,32.243,0.845711,-0.531690,0.045601,0.523123,0.842891,0.126001,-0.105431,-0.082705,0.990981,0,0.73556,0.26371,44.134,0.527,850.000,350.000,-1,325.000,625.000,300.000,300.000,300.000,325.000,825.000,200.000,275.000,-1,600.000,550.000,825.000,650.000,0,0,2,0,0,0,0,0,0,0,0,0,2,0,0,0,0
66,-3229.604,5461.825,-478.860,32.771,0.841321,-0.539218,0.037717,0.531142,0.837638,0.127477,-0.100331,-0.087216,0.991124,0,0.73556,0.26371,44.134,0.527,825.000,350.000,-1,350.000,650.000,300.000,300.000,300.000,325.000,800.000,200.000,275.000,-1,600.000,550.000,825.000,700.000,0,0,2,0,0,0,0,0,0,0,0,0,2,0,0,0,0
67,-3192.721,5486.058,-483.671,33.298,0.836806,-0.546685,0.029852,0.539149,0.832303,0.128802,-0.095260,-0.091688,0.991221,0,0.73556,0.26371,44.134,0.527,800.000,350.000,-1,350.000,700.000,300.000,300.000,275.000,325.000,750.000,200.000,275.000,-1,600.000,550.000,800.000,725.000,0,0,2,0,0,0,0,0,0,0,0,0,2,0,0,0,0
68,-3156.060,5510.626,-487.790,33.826,0.831963,-0.554243,0.025537,0.547058,0.827115,0.128871,-0.092548,-0.093246,0.991332,0,0.73556,0.26371,44.134,0.527,775.000,350.000,-1,350.000,700.000,300.000,300.000,275.000,300.000,725.000,225.000,300.000,-1,600.000,550.000,775.000,725.000,0,0,2,0,0,0,0,0,0,0,0,0,2,0,0,0,0
69,-3119.626,5535.531,-491.905,34.353,0.827023,-0.561759,0.021430,0.554920,0.821870,0.128815,-0.089975,-0.094641,0.991437,0,0.73556,0.26371,44.134,0.527,750.000,350.000,-1,350.000,725.000,300.000,275.000,275.000,300.000,725.000,250.000,325.000,-1,600.000,550.000,750.000,725.000,0,0,2,0,0,0,0,0,0,0,0,0,2,0,0,0,0
70,-3083.422,5560.769,-495.881,34.881,0.821955,-0.569262,0.018190,0.562718,0.816609,0.128447,-0.087974,-0.095342,0.991550,0,0.73556,0.26371,44.134,0.527,725.000,350.000,-1,325.000,725.000,300.000,275.000,275.000,300.000,725.000,300.000,350.000,-1,600.000,550.000,725.000,725.000,0,0,2,0,0,0,0,0,0,0,0,0,2,0,0,0,0
71,-3047.452,5586.338,-499.617,35.408,0.816765,-0.576779,0.014899,0.570657,0.811367,0.126624,-0.085122,-0.094920,0.991839,0,0.73556,0.26371,44.134,0.527,700.000,350.000,-1,325.000,725.000,300.000,275.000,275.000,300.000,725.000,300.000,350.000,-1,575.000,550.000,725.000,725.000,0,0,2,0,0,0,0,0,0,0,0,0,2,0,0,0,0
72,-3011.717,5612.235,-502.789,35.935,0.811465,-0.584302,0.010718,0.578839,0.806133,0.122861,-0.080428,-0.093494,0.992366,0,0.73556,0.26371,44.134,0.527,725.000,350.000,-1,350.000,725.000,300.000,275.000,275.000,300.000,725.000,275.000,300.000,-1,600.000,575.000,750.000,750.000,0,0,2,0,0,0,0,0,0,0,0,0,2,0,0,0,0
73,-2979.986,5635.476,-505.612,36.223,0.808541,-0.588397,0.007110,0.583511,0.803271,0.119457,-0.075999,-0.092437,0.992814,0,0.65556,0.14371,39.334,0.287,725.000,350.000,-1,350.000,750.000,300.000,300.000,275.000,300.000,750.000,250.000,275.000,-1,600.000,575.000,750.000,775.000,0,0,2,0,0,0,0,0,0,0,0,0,2,0,0,0,0
74,-2952.143,5655.904,-508.071,36.270,0.808051,-0.589099,0.004019,0.584718,0.802835,0.116449,-0.071827,-0.091746,0.993189,0,0.57556,0.02371,34.534,0.047,725.000,375.000,-1,350.000,775.000,300.000,300.000,300.000,300.000,750.000,250.000,275.000,-1,600.000,575.000,775.000,800.000,0,0,2,0,0,0,0,0,0,0,0,0,2,0,0,0,0
75,-2928.111,5673.412,-510.150,36.078,0.810009,-0.586415,0.001391,0.582473,0.804835,0.113868,-0.067893,-0.091424,0.993495,0,0.49556,-0.09629,29.734,-0.193,750.000,375.000,-1,350.000,775.000,300.000,300.000,300.000,275.000,750.000,225.000,250.000,-1,600.000,575.000,775.000,825.000,0,0,2,0,0,0,0,0,0,0,0,0,2,0,0,0,0
76,-2907.849,5687.941,-511.841,35.645,0.814388,-0.580320,-0.000814,0.576760,0.809236,0.111734,-0.064183,-0.091465,0.993738,0,0.41556,-0.21629,24.934,-0.433,750.000,375.000,-1,350.000,800.000,300.000,300.000,300.000,275.000,750.000,225.000,250.000,-1,600.000,575.000,800.000,825.000,0,0,2,0,0,0,0,0,0,0,0,0,2,0,0,0,0
77,-2891.351,5699.481,-513.142,34.973,0.821113,-0.570760,-0.002617,0.567531,0.815963,0.110060,-0.060682,-0.091857,0.993921,0,0.33556,-0.33629,20.134,-0.673,750.000,375.000,-1,350.000,825.000,300.000,300.000,300.000,275.000,750.000,225.000,250.000,-1,600.000,575.000,800.000,850.000,0,0,2,0,0,0,0,0,0,0,0,0,2,0,0,0,0
78,-2878.647,5708.070,-514.058,34.060,0.830063,-0.557654,-0.004024,0.554709,0.824894,0.108847,-0.057380,-0.092583,0.994050,0,0.25556,-0.45629,15.334,-0.913,775.000,375.000,-1,350.000,825.000,300.000,300.000,300.000,275.000,750.000,225.000,225.000,-1,600.000,575.000,825.000,850.000,0,0,2,0,0,0,0,0,0,0,0,0,2,0,0,0,0
79,-2869.803,5713.793,-514.601,32.907,0.841074,-0.540897,-0.005024,0.538191,0.835863,0.108089,-0.054266,-0.093614,0.994129,0,0.17556,-0.57629,10.534,-1.153,775.000,375.000,-1,350.000,825.000,300.000,300.000,300.000,275.000,750.000,225.000,225.000,-1,600.000,575.000,825.000,875.000,0,0,2,0,0,0,0,0,0,0,0,0,2,0,0,0,0
80,-2864.915,5716.792,-514.789,31.515,0.853930,-0.520359,-0.005590,0.517851,0.848656,0.107766,-0.051333,-0.094919,0.994161,0,0.09556,-0.69629,5.734,-1.393,775.000,375.000,-1,350.000,850.000,300.000,300.000,300.000,275.000,775.000,225.000,225.000,-1,600.000,575.000,825.000,875.000,0,0,2,0,0,0,0,0,0,0,0,0,2,0,0,0,0
81,-2864.105,5717.259,-514.652,29.920,0.868041,-0.496460,-0.005683,0.494104,0.862688,0.107843,-0.048637,-0.096420,0.994152,0,0.01556,-0.79762,0.934,-1.595,775.000,375.000,-1,350.000,850.000,300.000,300.000,325.000,275.000,775.000,225.000,225.000,-1,600.000,575.000,825.000,875.000,0,0,2,0,0,0,0,0,0,0,0,0,2,0,0,0,0
82,-2867.508,5715.427,-514.244,28.324,0.881485,-0.472183,-0.005254,0.469915,0.876048,0.108259,-0.046515,-0.097898,0.994109,0,-0.06444,-0.79762,-3.866,-1.595,775.000,375.000,-1,350.000,850.000,300.000,300.000,325.000,275.000,775.000,225.000,250.000,-1,600.000,575.000,800.000,875.000,0,0,2,0,0,0,0,0,0,0,0,0,2,0,0,0,0
83,-2875.247,5711.531,-513.591,26.729,0.894250,-0.447548,-0.004256,0.445301,0.888725,0.108968,-0.044986,-0.099340,0.994036,0,-0.14444,-0.79762,-8.666,-1.595,775.000,375.000,-1,350.000,850.000,300.000,300.000,325.000,300.000,800.000,250.000,250.000,-1,600.000,575.000,800.000,850.000,0,0,2,0,0,0,0,0,0,0,0,0,2,0,0,0,0
84,-2887.438,5705.814,-512.722,25.134,0.906325,-0.422574,-0.002644,0.420278,0.900713,0.109921,-0.044068,-0.100735,0.993937,0,-0.22444,-0.79762,-13.466,-1.595,775.000,375.000,-1,350.000,850.000,300.000,300.000,325.000,300.000,800.000,250.000,250.000,-1,625.000,575.000,800.000,850.000,0,0,2,0,0,0,0,0,0,0,0,0,2,0,0,0,0
85,-2904.183,5698.521,-511.665,23.539,0.917697,-0.397281,-0.000378,0.394862,0.912003,0.111064,-0.043778,-0.102073,0.993813,0,-0.30444,-0.79762,-18.266,-1.595,775.000,375.000,-1,350.000,825.000,300.000,300.000,325.000,300.000,800.000,275.000,275.000,-1,625.000,575.000,800.000,825.000,0,0,2,0,0,0,0,0,0,0,0,0,2,0,0,0,0
86,-2921.270,5691.639,-510.669,21.943,0.928355,-0.371691,0.001998,0.369142,0.922591,0.112072,-0.043499,-0.103305,0.993698,0,-0.30705,-0.79762,-18.423,-1.595,775.000,375.000,-1,350.000,825.000,300.000,300.000,325.000,300.000,825.000,300.000,275.000,-1,625.000,575.000,800.000,825.000,0,0,2,0,0,0,0,0,0,0,0,0,2,0,0,0,0
87,-2938.542,5685.235,-509.700,20.348,0.938292,-0.345816,0.004283,0.343149,0.932455,0.113032,-0.043082,-0.104587,0.993582,0,-0.30705,-0.79762,-18.423,-1.595,775.000,350.000,-1,350.000,800.000,300.000,300.000,325.000,300.000,825.000,300.000,300.000,-1,625.000,575.000,800.000,800.000,0,0,2,0,0,0,0,0,0,0,0,0,2,0,0,0,0
88,-2955.985,5679.315,-508.738,18.753,0.947505,-0.319676,0.006400,0.316907,0.941580,0.114001,-0.042470,-0.105988,0.993460,0,-0.30705,-0.79762,-18.423,-1.595,775.000,350.000,-1,350.000,800.000,300.000,300.000,325.000,300.000,825.000,325.000,300.000,-1,625.000,575.000,800.000,800.000,0,0,2,0,0,0,0,0,0,0,0,0,2,0,0,0,0
89,-2973.587,5673.882,-507.848,17.158,0.955982,-0.293300,0.008599,0.290426,0.949983,0.114829,-0.041848,-0.107277,0.993348,0,-0.30705,-0.79762,-18.423,-1.595,775.000,350.000,-1,350.000,800.000,300.000,300.000,325.000,300.000,850.000,350.000,325.000,-1,600.000,575.000,800.000,800.000,0,0,2,0,0,0,0,0,0,0,0,0,2,0,0,0,0
90,-2991.332,5668.942,-507.031,15.562,0.963717,-0.266705,0.010870,0.263725,0.957657,0.115510,-0.041217,-0.108452,0.993247,0,-0.30705,-0.79762,-18.423,-1.595,775.000,350.000,-1,350.000,800.000,300.000,300.000,325.000,325.000,850.000,325.000,350.000,-1,600.000,575.000,800.000,775.000,0,0,2,0,0,0,0,0,0,0,0,0,2,0,0,0,0
91,-3009.209,5664.497,-506.286,13.967,0.970704,-0.239914,0.013205,0.236826,0.964597,0.116040,-0.040578,-0.109513,0.993157,0,-0.30705,-0.79762,-18.423,-1.595,750.000,350.000,-1,350.000,800.000,300.000,300.000,325.000,325.000,850.000,325.000,325.000,-1,600.000,575.000,800.000,775.000,0,0,2,0,0,0,0,0,0,0,0,0,2,0,0,0,0
92,-3027.202,5660.551,-505.615,12.372,0.976940,-0.212946,0.015595,0.209749,0.970800,0.116414,-0.039929,-0.110459,0.993078,0,-0.30705,-0.79762,-18.423,-1.595,750.000,350.000,-1,350.000,775.000,300.000,275.000,325.000,325.000,850.000,325.000,325.000,-1,600.000,575.000,800.000,775.000,0,0,2,0,0,0,0,0,0,0,0,0,2,0,0,0,0
93,-3045.298,5657.108,-505.018,10.777,0.982418,-0.185820,0.018029,0.182515,0.976261,0.116628,-0.039273,-0.111287,0.993012,0,-0.30705,-0.79762,-18.423,-1.595,750.000,350.000,-1,350.000,775.000,300.000,275.000,325.000,325.000,850.000,300.000,325.000,-1,575.000,550.000,800.000,750.000,0,0,2,0,0,0,0,0,0,0,0,0,2,0,0,0,0
94,-3063.482,5654.170,-504.497,9.181,0.987137,-0.158558,0.020499,0.155146,0.980977,0.116678,-0.038609,-0.111997,0.992958,0,-0.30705,-0.79762,-18.423,-1.595,750.000,350.000,-1,350.000,775.000,275.000,275.000,325.000,325.000,850.000,300.000,300.000,-1,575.000,550.000,800.000,750.000,0,0,2,0,0,0,0,0,0,0,0,0,2,0,0,0,0
95,-3081.742,5651.738,-504.050,7.586,0.991092,-0.131179,0.022993,0.127661,0.984945,0.116562,-0.037938,-0.112589,0.992917,0,-0.30705,-0.79762,-18.423,-1.595,750.000,350.000,-1,350.000,775.000,275.000,275.000,325.000,325.000,850.000,275.000,300.000,-1,575.000,550.000,800.000,750.000,0,0,2,0,0,0,0,0,0,0,0,0,2,0,0,0,0
96,-3100.062,5649.816,-503.680,5.991,0.994281,-0.103703,0.025502,0.100082,0.988162,0.116277,-0.037259,-0.113060,0.992889,0,-0.30705,-0.79762,-18.423,-1.595,750.000,350.000,-1,350.000,775.000,275.000,275.000,325.000,325.000,850.000,275.000,300.000,-1,575.000,550.000,800.000,725.000,0,0,2,0,0,0,0,0,0,0,0,0,2,0,0,0,0
97,-3118.428,5648.405,-503.387,4.396,0.996703,-0.076151,0.028016,0.072431,0.990626,0.115822,-0.036573,-0.113411,0.992875,0,-0.30705,-0.79762,-18.423,-1.595,750.000,350.000,-1,325.000,750.000,275.000,275.000,325.000,325.000,850.000,275.000,300.000,-1,575.000,550.000,800.000,725.000,0,0,2,0,0,0,0,0,0,0,0,0,2,0,0,0,0
98,-3136.827,5647.505,-503.170,2.801,0.998355,-0.048542,0.030523,0.044728,0.992335,0.115194,-0.035881,-0.113640,0.992874,0,-0.30705,-0.79762,-18.423,-1.595,750.000,325.000,-1,325.000,750.000,275.000,275.000,325.000,325.000,850.000,250.000,275.000,1000.000,550.000,550.000,775.000,700.000,0,0,2,0,0,0,0,0,0,0,0,0,0,0,0,0,0
99,-3155.243,5647.117,-503.030,1.205,0.999236,-0.020898,0.033014,0.016994,0.993290,0.114395,-0.035183,-0.113746,0.992887,0,-0.30705,-0.79762,-18.423,-1.595,750.000,325.000,-1,325.000,750.000,275.000,275.000,300.000,300.000,850.000,250.000,275.000,975.000,550.000,550.000,750.000,700.000,0,0,2,0,0,0,0,0,0,0,0,0,0,0,0,0,0
100,-3173.663,5647.243,-502.967,-0.390,0.999348,0.006762,0.035477,-0.010749,0.993489,0.113423,-0.034479,-0.113730,0.992913,0,-0.30705,-0.79762,-18.423,-1.595,750.000,325.000,-1,325.000,725.000,275.000,275.000,300.000,300.000,850.000,225.000,250.000,950.000,550.000,525.000,725.000,700.000,0,0,2,0,0,0,0,0,0,0,0,0,0,0,0,0,0
101,-3192.072,5647.880,-502.982,-1.985,0.998689,0.034417,0.037902,-0.038480,0.992931,0.112280,-0.033770,-0.113591,0.992954,0,-0.30705,-0.79762,-18.423,-1.595,775.000,325.000,-1,325.000,725.000,275.000,275.000,300.000,300.000,850.000,225.000,250.000,925.000,550.000,525.000,725.000,675.000,0,0,2,0,0,0,0,0,0,0,0,0,0,0,0,0,0
102,-3210.457,5649.030,-503.074,-3.580,0.997260,0.062047,0.040278,-0.066178,0.991618,0.110966,-0.033055,-0.113327,0.993008,0,-0.30705,-0.79762,-18.423,-1.595,775.000,325.000,-1,325.000,700.000,275.000,275.000,300.000,300.000,850.000,225.000,225.000,925.000,525.000,525.000,700.000,675.000,0,0,2,0,0,0,0,0,0,0,0,0,0,0,0,0,0
103,-3228.802,5650.691,-503.245,-5.176,0.995064,0.089632,0.042595,-0.093822,0.989551,0.109484,-0.032336,-0.112940,0.993076,0,-0.30705,-0.79762,-18.423,-1.595,750.000,325.000,-1,325.000,700.000,275.000,275.000,300.000,300.000,850.000,200.000,200.000,900.000,525.000,525.000,700.000,650.000,0,0,2,0,0,0,0,0,0,0,0,0,0,0,0,0,0
104,-3242.321,5652.352,-503.463,-7.011,0.991637,0.121284,0.044115,-0.125419,0.986230,0.107795,-0.030433,-0.112427,0.993194,0,-0.22705,-0.91762,-13.623,-1.835,725.000,325.000,-1,325.000,700.000,275.000,275.000,300.000,275.000,850.000,200.000,200.000,875.000,525.000,525.000,675.000,650.000,0,0,2,0,0,0,0,0,0,0,0,0,0,0,0,0,0
105,-3251.032,5653.734,-503.287,-9.011,0.986843,0.155614,0.043873,-0.159528,0.981300,0.107705,-0.026292,-0.113287,0.993214,0,-0.14705,-1.00000,-8.823,-2.000,725.000,325.000,-1,325.000,725.000,275.000,275.000,300.000,275.000,850.000,200.000,175.000,850.000,525.000,525.000,675.000,675.000,0,0,2,0,0,0,0,0,0,0,0,0,0,0,0,0,0
106,-3254.978,5654.502,-502.954,-11.011,0.980857,0.189739,0.043794,-0.193459,0.975133,0.108113,-0.022192,-0.114516,0.993173,0,-0.06705,-1.00000,-4.023,-2.000,725.000,325.000,-1,325.000,775.000,275.000,275.000,300.000,275.000,850.000,200.000,175.000,850.000,525.000,525.000,675.000,700.000,0,0,2,0,0,0,0,0,0,0,0,0,0,0,0,0,0
107,-3254.219,5654.326,-502.726,-13.011,0.973717,0.223642,0.043126,-0.227083,0.967857,0.108098,-0.017565,-0.115050,0.993204,0,0.01295,-1.00000,0.777,-2.000,700.000,325.000,-1,325.000,825.000,275.000,275.000,325.000,275.000,850.000,200.000,175.000,825.000,525.000,525.000,675.000,700.000,0,0,2,0,0,0,0,0,0,0,0,0,0,0,0,0,0
108,-3248.830,5652.879,-502.604,-15.011,0.965435,0.257292,0.041662,-0.260354,0.959497,0.107618,-0.012285,-0.114745,0.993319,0,0.09295,-1.00000,5.577,-2.000,700.000,325.000,-1,325.000,875.000,275.000,275.000,325.000,275.000,875.000,200.000,175.000,825.000,525.000,550.000,675.000,725.000,0,0,2,0,0,0,0,0,0,0,0,0,0,0,0,0,0
109,-3238.905,5649.839,-502.546,-17.011,0.956016,0.290659,0.039373,-0.293244,0.950055,0.106788,-0.006367,-0.113637,0.993502,0,0.17295,-1.00000,10.377,-2.000,700.000,325.000,-1,325.000,925.000,275.000,275.000,325.000,275.000,900.000,225.000,175.000,800.000,550.000,550.000,675.000,750.000,0,0,2,0,0,0,0,0,0,0,0,0,0,0,0,0,0
110,-3224.554,5644.890,-502.492,-19.011,0.945461,0.323705,0.036301,-0.325735,0.939528,0.105756,0.000128,-0.111813,0.993729,0,0.25295,-1.00000,15.177,-2.000,700.000,325.000,-1,325.000,1000.000,275.000,275.000,325.000,275.000,900.000,225.000,200.000,775.000,550.000,550.000,675.000,775.000,0,0,2,0,0,0,0,0,0,0,0,0,0,0,0,0,0
111,-3205.904,5637.723,-502.104,-21.011,0.933745,0.356355,0.033620,-0.357882,0.927810,0.105307,0.006334,-0.110362,0.993871,0,0.33295,-1.00000,19.977,-2.000,700.000,325.000,-1,350.000,-1,275.000,275.000,325.000,275.000,950.000,250.000,200.000,750.000,550.000,550.000,700.000,825.000,0,0,2,0,2,0,0,0,0,0,0,0,0,0,0,0,0
112,-3183.098,5628.033,-501.542,-23.011,0.920901,0.388595,0.030575,-0.389585,0.914988,0.104976,0.012818,-0.108584,0.994005,0,0.41295,-1.00000,24.777,-2.000,700.000,325.000,-1,350.000,-1,275.000,275.000,325.000,275.000,975.000,275.000,225.000,750.000,550.000,550.000,700.000,875.000,0,0,2,0,2,0,0,0,0,0,0,0,0,0,0,0,0
113,-3156.294,5615.522,-500.763,-25.011,0.906938,0.420386,0.027187,-0.420810,0.901073,0.104815,0.019565,-0.106502,0.994120,0,0.49295,-1.00000,29.577,-2.000,700.000,325.000,-1,350.000,-1,275.000,275.000,325.000,275.000,-1,300.000,250.000,750.000,550.000,575.000,700.000,975.000,0,0,2,0,2,0,0,0,0,2,0,0,0,0,0,0,0
114,-3125.601,5600.034,-499.600,-26.771,0.893753,0.447947,0.023444,-0.447782,0.887905,0.105438,0.026415,-0.104733,0.994150,0,0.57295,-0.88000,34.377,-1.760,700.000,325.000,-1,350.000,-1,275.000,275.000,325.000,275.000,-1,325.000,250.000,725.000,550.000,575.000,700.000,-1,0,0,2,0,2,0,0,0,0,2,0,0,0,0,0,0,2
115,-3091.136,5581.400,-497.721,-28.394,0.880890,0.472936,0.019100,-0.472063,0.874890,0.108275,0.034497,-0.104394,0.993937,0,0.65295,-0.81162,39.177,-1.623,725.000,325.000,-1,350.000,-1,275.000,275.000,325.000,275.000,-1,350.000,275.000,750.000,550.000,575.000,725.000,-1,0,0,2,0,2,0,0,0,0,2,0,0,0,0,0,0,2
116,-3053.057,5559.397,-495.452,-30.017,0.867317,0.497543,0.014549,-0.495889,0.861166,0.111744,0.043068,-0.104132,0.993631,0,0.73295,-0.81162,43.977,-1.623,725.000,350.000,-1,350.000,-1,275.000,300.000,300.000,275.000,-1,325.000,300.000,750.000,550.000,600.000,750.000,-1,0,0,2,0,2,0,0,0,0,2,0,0,0,0,0,0,2
117,-3011.529,5533.805,-492.765,-31.641,0.853042,0.521749,0.009852,-0.519234,0.846744,0.115850,0.052102,-0.103941,0.993218,0,0.81295,-0.81162,48.777,-1.623,750.000,350.000,-1,350.000,-1,275.000,300.000,300.000,300.000,-1,300.000,275.000,750.000,575.000,625.000,775.000,-1,0,0,2,0,2,0,0,0,0,2,0,0,0,0,0,0,2
118,-2966.730,5504.414,-489.501,-33.264,0.838059,0.545562,0.004419,-0.542046,0.831681,0.120387,0.062003,-0.103286,0.992717,0,0.89295,-0.81162,53.577,-1.623,775.000,350.000,-1,350.000,-1,300.000,300.000,300.000,300.000,1000.000,275.000,250.000,750.000,575.000,675.000,825.000,-1,0,0,2,0,2,0,0,0,0,0,0,0,0,0,0,0,2
119,-2919.924,5471.772,-485.747,-34.887,0.822360,0.568965,-0.001467,-0.564329,0.815983,0.125318,0.072499,-0.102228,0.992116,0,0.95101,-0.81162,57.060,-1.623,850.000,350.000,-1,375.000,-1,300.000,300.000,300.000,300.000,1000.000,250.000,225.000,750.000,600.000,700.000,925.000,-1,0,0,2,0,2,0,0,0,0,0,0,0,0,0,0,0,2
120,-2874.061,5437.818,-481.840,-36.510,0.805967,0.591919,-0.006937,-0.586142,0.799630,0.130495,0.082789,-0.101109,0.991425,0,0.95101,-0.81162,57.060,-1.623,925.000,350.000,-1,375.000,-1,300.000,300.000,275.000,300.000,1000.000,225.000,200.000,750.000,600.000,750.000,-1,-1,0,0,2,0,2,0,0,0,0,0,0,0,0,0,0,2,2
121,-2829.181,5402.576,-476.954,-38.134,0.788741,0.614610,-0.011951,-0.608059,0.782894,0.131687,0.090293,-0.096600,0.991219,0,0.95101,-0.81162,57.060,-1.623,-1,350.000,-1,375.000,-1,300.000,300.000,275.000,300.000,-1,250.000,225.000,750.000,625.000,800.000,-1,-1,2,0,2,0,2,0,0,0,0,2,0,0,0,0,0,2,2
122,-2785.318,5366.077,-471.518,-39.757,0.770753,0.636913,-0.016820,-0.629809,0.765617,0.131037,0.096337,-0.090404,0.991235,0,0.95101,-0.81162,57.060,-1.623,-1,350.000,-1,400.000,-1,300.000,300.000,275.000,300.000,-1,275.000,250.000,750.000,650.000,825.000,-1,-1,2,0,2,0,2,0,0,0,0,2,0,0,0,0,0,2,2
123,-2742.506,5328.350,-465.955,-41.380,0.752092,0.658704,-0.021604,-0.651083,0.747676,0.130656,0.102217,-0.084200,0.991192,0,0.95101,-0.81162,57.060,-1.623,-1,375.000,-1,400.000,-1,300.000,325.000,300.000,300.000,-1,325.000,275.000,775.000,650.000,850.000,-1,-1,2,0,2,0,2,0,0,0,0,2,0,0,0,0,0,2,2
124,-2700.780,5289.426,-460.341,-43.003,0.732719,0.680007,-0.026707,-0.671946,0.729132,0.129824,0.107754,-0.077179,0.991177,0,0.95101,-0.81162,57.060,-1.623,-1,375.000,-1,400.000,-1,300.000,325.000,300.000,300.000,-1,350.000,300.000,775.000,700.000,900.000,-1,-1,2,0,2,0,2,0,0,0,0,2,0,0,0,0,0,2,2
125,-2660.173,5249.336,-454.607,-44.627,0.712647,0.700784,-0.032195,-0.692338,0.709977,0.128844,0.113150,-0.069530,0.991142,0,0.95101,-0.81162,57.060,-1.623,-1,375.000,-1,425.000,-1,325.000,325.000,300.000,300.000,-1,400.000,325.000,775.000,750.000,975.000,-1,-1,2,0,2,0,2,0,0,0,0,2,0,0,0,0,0,2,2
126,-2620.718,5208.113,-448.824,-46.250,0.691942,0.720979,-0.037497,-0.712218,0.690190,0.127998,0.118164,-0.061861,0.991065,0,0.95101,-0.81162,57.060,-1.623,-1,375.000,-1,425.000,-1,325.000,325.000,300.000,300.000,-1,425.000,350.000,775.000,800.000,-1,-1,-1,2,0,2,0,2,0,0,0,0,2,0,0,0,0,2,2,2
127,-2582.445,5165.789,-442.994,-47.873,0.670625,0.740572,-0.042612,-0.731562,0.669790,0.127274,0.122797,-0.054179,0.990952,0,0.95101,-0.81162,57.060,-1.623,-1,400.000,-1,425.000,-1,325.000,350.000,300.000,300.000,-1,450.000,375.000,775.000,925.000,-1,-1,-1,2,0,2,0,2,0,0,0,0,2,0,0,0,0,2,2,2
128,-2545.386,5122.400,-436.620,-49.496,0.648821,0.759530,-0.046318,-0.750510,0.648784,0.125755,0.125565,-0.046831,0.990979,0,0.95101,-0.81162,57.060,-1.623,-1,400.000,-1,425.000,-1,325.000,350.000,300.000,300.000,-1,500.000,425.000,775.000,-1,-1,-1,-1,2,0,2,0,2,0,0,0,0,2,0,0,0,2,2,2,2
