timestep,x_cm,y_cm,z_cm,yaw_deg,basis_xx,basis_xy,basis_xz,basis_yx,basis_yy,basis_yz,basis_zx,basis_zy,basis_zz,teleport_flag,throttle_cmd,steering_cmd,cmd_move_cm,cmd_turn_deg,lidar_cm_0,lidar_cm_1,lidar_cm_2,lidar_cm_3,lidar_cm_4,lidar_cm_5,lidar_cm_6,lidar_cm_7,lidar_cm_8,lidar_cm_9,lidar_cm_10,lidar_cm_11,lidar_cm_12,lidar_cm_13,lidar_cm_14,lidar_cm_15,lidar_cm_16,lidar_class_0,lidar_class_1,lidar_class_2,lidar_class_3,lidar_class_4,lidar_class_5,lidar_class_6,lidar_class_7,lidar_class_8,lidar_class_9,lidar_class_10,lidar_class_11,lidar_class_12,lidar_class_13,lidar_class_14,lidar_class_15,lidar_class_16
0,-1643.936,-2954.184,253.156,-148.889,-0.855179,0.516173,0.047260,-0.517569,-0.855310,-0.023814,0.028130,-0.044825,0.998599,1,0.08000,-0.12000,4.800,-0.240,-1,400.000,-1,425.000,-1,325.000,350.000,275.000,200.000,-1,775.000,775.000,-1,775.000,825.000,-1,-1,2,0,2,0,2,0,0,0,1,2,0,0,2,0,0,2,2
1,-1652.197,-2959.075,253.337,-149.369,-0.859490,0.509003,0.046822,-0.510374,-0.859627,-0.023667,0.028203,-0.044238,0.998623,0,0.16000,-0.24000,9.600,-0.480,-1,400.000,-1,425.000,-1,325.000,350.000,275.000,200.000,-1,800.000,800.000,-1,775.000,825.000,-1,-1,2,0,2,0,2,0,0,0,1,2,0,0,2,0,0,2,2
2,-1664.679,-2966.255,253.616,-150.089,-0.865843,0.498180,0.046187,-0.499514,-0.865988,-0.023451,0.028314,-0.043376,0.998657,0,0.24000,-0.36000,14.400,-0.720,-1,400.000,-1,425.000,-1,325.000,350.000,275.000,200.000,-1,850.000,825.000,-1,775.000,825.000,-1,-1,2,0,2,0,2,0,0,0,1,2,0,0,2,0,0,2,2
3,-1681.480,-2975.548,254.004,-151.049,-0.874099,0.483624,0.045380,-0.484914,-0.874255,-0.023171,0.028467,-0.042259,0.998701,0,0.32000,-0.48000,19.200,-0.960,-1,400.000,-1,425.000,-1,325.000,325.000,275.000,200.000,-1,900.000,875.000,-1,775.000,825.000,-1,-1,2,0,2,0,2,0,0,0,1,2,0,0,2,0,0,2,2
4,-1702.720,-2986.723,254.514,-152.249,-0.884071,0.465235,0.044441,-0.466472,-0.884241,-0.022839,0.028671,-0.040921,0.998751,0,0.40000,-0.60000,24.000,-1.200,-1,400.000,-1,425.000,-1,325.000,325.000,275.000,200.000,-1,975.000,950.000,-1,775.000,825.000,-1,-1,2,0,2,0,2,0,0,0,1,2,0,0,2,0,0,2,2
5,-1728.537,-2999.488,255.168,-153.689,-0.895522,0.442894,0.043429,-0.444076,-0.895707,-0.022476,0.028945,-0.039414,0.998804,0,0.48000,-0.72000,28.800,-1.440,-1,400.000,-1,425.000,-1,325.000,325.000,275.000,200.000,-1,-1,-1,-1,775.000,800.000,-1,-1,2,0,2,0,2,0,0,0,1,2,2,2,2,0,0,2,2
6,-1759.081,-3013.490,255.995,-155.369,-0.908159,0.416469,0.042430,-0.417597,-0.908363,-0.022126,0.029327,-0.037812,0.998854,0,0.56000,-0.84000,33.600,-1.680,-1,400.000,-1,400.000,-1,325.000,325.000,275.000,175.000,-1,-1,-1,-1,775.000,800.000,-1,-1,2,0,2,0,2,0,0,0,1,2,2,2,2,0,0,2,2
7,-1794.452,-3028.439,256.925,-157.089,-0.920294,0.389057,0.041156,-0.390116,-0.920512,-0.021618,0.029474,-0.035950,0.998919,0,0.64000,-0.85960,38.400,-1.719,-1,400.000,-1,400.000,750.000,325.000,325.000,275.000,175.000,-1,-1,-1,-1,775.000,800.000,-1,-1,2,0,2,0,1,0,0,0,1,2,2,2,2,0,0,2,2
8,-1834.731,-3044.053,257.957,-158.810,-0.931630,0.361248,0.039577,-0.362224,-0.931856,-0.020914,0.029325,-0.033819,0.998998,0,0.72000,-0.86096,43.200,-1.722,-1,400.000,-1,400.000,625.000,325.000,325.000,275.000,175.000,-1,-1,-1,-1,775.000,775.000,-1,-1,2,0,2,0,1,0,0,0,1,2,2,2,2,0,0,2,2
9,-1879.988,-3060.048,259.627,-160.535,-0.942189,0.333041,0.036921,-0.333964,-0.942321,-0.022348,0.027349,-0.033386,0.999068,0,0.80000,-0.86239,48.000,-1.725,-1,400.000,-1,400.000,550.000,325.000,325.000,275.000,175.000,-1,-1,-1,-1,775.000,750.000,-1,-1,2,0,2,0,1,0,0,0,1,2,2,2,2,0,0,2,2
10,-1930.278,-3076.134,261.831,-162.263,-0.951933,0.304472,0.033477,-0.305351,-0.951905,-0.025251,0.024179,-0.034259,0.999120,0,0.88000,-0.86382,52.800,-1.728,-1,400.000,-1,400.000,500.000,325.000,325.000,275.000,175.000,-1,-1,-1,-1,750.000,725.000,-1,-1,2,0,2,0,1,0,0,0,1,2,2,2,2,0,0,2,2
11,-1985.046,-3091.846,264.158,-163.993,-0.960799,0.275582,0.030323,-0.276411,-0.960640,-0.027703,0.021495,-0.034999,0.999156,0,0.94963,-0.86517,56.978,-1.730,-1,375.000,-1,375.000,450.000,325.000,325.000,275.000,175.000,-1,-1,-1,-1,750.000,725.000,-1,-1,2,0,2,0,1,0,0,0,1,2,2,2,2,0,0,2,2
12,-2039.908,-3105.805,266.369,-165.726,-0.968758,0.246404,0.028170,-0.247204,-0.968508,-0.029694,0.019966,-0.035730,0.999162,0,0.94348,-0.86632,56.609,-1.733,-1,375.000,-1,375.000,425.000,325.000,325.000,275.000,175.000,-1,-1,-1,-1,725.000,700.000,-1,-1,2,0,2,0,1,0,0,0,1,2,2,2,2,0,0,2,2
13,-2094.798,-3118.014,268.469,-167.460,-0.975797,0.216973,0.027266,-0.217783,-0.975491,-0.031441,0.019776,-0.036618,0.999134,0,0.93719,-0.86715,56.231,-1.734,-1,375.000,-1,375.000,400.000,325.000,325.000,275.000,175.000,-1,-1,-1,-1,725.000,700.000,-1,-1,2,0,2,0,1,0,0,0,1,2,2,2,2,0,0,2,2
14,-2149.657,-3128.484,270.553,-169.195,-0.981921,0.187328,0.027175,-0.188175,-0.981583,-0.032951,0.020502,-0.037469,0.999087,0,0.93083,-0.86764,55.850,-1.735,-1,375.000,-1,375.000,375.000,325.000,325.000,275.000,175.000,-1,-1,-1,-1,725.000,700.000,-1,-1,2,0,2,0,1,0,0,0,1,2,2,2,2,0,0,2,2
15,-2204.433,-3137.227,272.648,-170.931,-0.987124,0.157507,0.027874,-0.158422,-0.986772,-0.034401,0.022087,-0.038374,0.999019,0,0.92447,-0.86780,55.468,-1.736,-1,375.000,-1,375.000,350.000,325.000,325.000,275.000,175.000,-1,-1,-1,-1,725.000,700.000,-1,-1,2,0,2,0,1,0,0,0,1,2,2,2,2,0,0,2,2
16,-2259.075,-3144.260,274.781,-172.666,-0.991399,0.127549,0.029330,-0.128567,-0.991049,-0.035947,0.024483,-0.039409,0.998923,0,0.91821,-0.86764,55.092,-1.735,-1,400.000,-1,375.000,325.000,325.000,325.000,275.000,175.000,-1,-1,-1,-1,725.000,700.000,-1,-1,2,0,2,0,1,0,0,0,1,2,2,2,2,0,0,2,2
17,-2313.540,-3149.600,276.982,-174.401,-0.994738,0.097491,0.031492,-0.098653,-0.994406,-0.037743,0.027636,-0.040651,0.998791,0,0.91210,-0.86718,54.726,-1.734,-1,400.000,-1,400.000,325.000,325.000,325.000,275.000,175.000,-1,-1,-1,-1,725.000,700.000,-1,-1,2,0,2,0,1,0,0,0,1,2,2,2,2,0,1,2,2
18,-2367.790,-3153.266,279.279,-176.134,-0.997138,0.067372,0.034293,-0.068725,-0.996836,-0.039934,0.031494,-0.042176,0.998614,0,0.90622,-0.86641,54.373,-1.733,-1,400.000,-1,400.000,300.000,325.000,325.000,275.000,175.000,-1,-1,-1,-1,725.000,675.000,-1,-1,2,0,2,0,1,0,0,0,1,2,2,2,2,0,1,2,2
19,-2421.790,-3155.281,281.701,-177.864,-0.998597,0.037231,0.037652,-0.038830,-0.998335,-0.042659,0.036001,-0.044062,0.998380,0,0.90061,-0.86536,54.037,-1.731,-1,400.000,-1,400.000,275.000,325.000,325.000,275.000,175.000,-1,-1,-1,-1,750.000,675.000,-1,-1,2,0,2,0,1,0,0,0,1,2,2,2,2,0,1,2,2
20,-2475.509,-3155.663,284.274,-179.592,-0.999114,0.007108,0.041472,-0.009018,-0.998898,-0.046049,0.041099,-0.046382,0.998078,0,0.89533,-0.86404,53.720,-1.728,-1,400.000,-1,400.000,275.000,325.000,325.000,275.000,175.000,-1,-1,-1,-1,750.000,700.000,-1,-1,2,0,2,0,1,0,0,0,1,2,2,2,2,0,1,2,2
21,-2524.421,-3154.741,286.749,-181.080,-0.998807,-0.018833,0.045056,0.016587,-0.998626,-0.049699,0.045930,-0.048892,0.997747,0,0.81533,-0.74404,48.920,-1.488,-1,400.000,-1,400.000,275.000,325.000,350.000,275.000,175.000,-1,-1,-1,-1,775.000,725.000,-1,-1,2,0,2,1,1,0,0,0,1,2,2,2,2,0,1,2,2
22,-2568.505,-3152.950,289.097,-182.328,-0.998011,-0.040574,0.048245,0.037983,-0.997847,-0.053463,0.050310,-0.051524,0.997404,0,0.73533,-0.62404,44.120,-1.248,-1,400.000,-1,400.000,300.000,350.000,350.000,275.000,175.000,-1,700.000,-1,-1,775.000,750.000,-1,-1,2,0,2,1,1,0,0,0,1,2,0,2,2,0,1,2,2
23,-2608.987,-3150.590,291.355,-183.337,-0.997010,-0.058115,0.050923,0.055180,-0.996833,-0.057257,0.054089,-0.054276,0.997060,0,0.67584,-0.50404,40.550,-1.008,-1,425.000,-1,400.000,350.000,350.000,350.000,275.000,175.000,-1,525.000,1000.000,-1,775.000,800.000,-1,-1,2,0,2,1,1,0,0,0,1,2,0,0,2,0,0,2,2
24,-2649.208,-3147.705,293.889,-184.105,-0.996002,-0.071464,0.053608,0.068206,-0.995846,-0.060320,0.057696,-0.056422,0.996739,0,0.67205,-0.38404,40.323,-0.768,-1,425.000,-1,400.000,-1,350.000,350.000,275.000,175.000,1000.000,450.000,750.000,-1,775.000,800.000,-1,-1,2,0,2,1,2,0,0,0,1,0,0,0,2,0,0,2,2
25,-2694.184,-3144.061,296.475,-184.633,-0.995235,-0.080632,0.054817,0.077171,-0.995053,-0.062562,0.059590,-0.058034,0.996535,0,0.75205,-0.26404,45.123,-0.528,-1,425.000,-1,400.000,-1,350.000,350.000,275.000,175.000,975.000,450.000,700.000,-1,775.000,825.000,-1,-1,2,0,2,1,2,0,0,0,1,0,0,0,2,0,0,2,2
26,-2741.065,-3140.025,299.142,-184.921,-0.994797,-0.085625,0.055195,0.082015,-0.994532,-0.064657,0.060429,-0.059794,0.996380,0,0.78423,-0.14404,47.054,-0.288,-1,425.000,-1,425.000,-1,350.000,350.000,275.000,175.000,975.000,450.000,725.000,-1,775.000,825.000,-1,-1,2,0,2,1,2,0,0,0,1,0,0,0,2,0,0,2,2
27,-2787.532,-3135.814,301.770,-185.180,-0.994395,-0.090119,0.055286,0.086384,-0.994034,-0.066598,0.060958,-0.061448,0.996247,0,0.77762,-0.12974,46.657,-0.259,-1,425.000,-1,425.000,-1,350.000,350.000,275.000,175.000,975.000,475.000,750.000,-1,750.000,825.000,-1,-1,2,0,2,1,2,0,0,0,1,0,0,0,2,0,0,2,2
28,-2833.542,-3131.429,304.358,-185.444,-0.993977,-0.094691,0.055168,0.090851,-0.993514,-0.068385,0.061286,-0.062961,0.996132,0,0.77032,-0.13204,46.219,-0.264,-1,425.000,-1,425.000,-1,350.000,350.000,300.000,175.000,950.000,500.000,775.000,-1,750.000,825.000,-1,-1,2,0,2,1,2,0,0,0,1,0,0,0,2,0,0,2,2
29,-2879.066,-3126.876,306.903,-185.712,-0.993543,-0.099327,0.054834,0.095406,-0.992974,-0.070008,0.061402,-0.064324,0.996038,0,0.76251,-0.13397,45.751,-0.268,-1,425.000,-1,425.000,-1,350.000,350.000,300.000,150.000,975.000,525.000,800.000,-1,750.000,825.000,-1,-1,2,0,2,1,2,0,0,0,1,0,0,0,2,0,0,2,2
30,-2924.077,-3122.160,309.400,-185.983,-0.993093,-0.104016,0.054279,0.100039,-0.992415,-0.071453,0.061300,-0.065529,0.995966,0,0.75428,-0.13554,45.257,-0.271,-1,400.000,-1,425.000,-1,350.000,350.000,300.000,150.000,975.000,575.000,850.000,-1,725.000,825.000,-1,-1,2,0,2,1,2,0,0,0,1,0,0,0,2,0,0,2,2
31,-2968.555,-3117.284,311.848,-186.257,-0.992629,-0.108744,0.053499,0.104738,-0.991838,-0.072710,0.060969,-0.066571,0.995917,0,0.74574,-0.13674,44.744,-0.273,-1,400.000,-1,425.000,-1,350.000,350.000,275.000,150.000,975.000,600.000,900.000,500.000,725.000,825.000,-1,-1,2,0,2,0,2,0,0,0,1,0,0,0,1,0,0,2,2
32,-3012.487,-3112.254,314.244,-186.532,-0.992151,-0.113499,0.052492,0.109492,-0.991246,-0.073769,0.060405,-0.067443,0.995893,0,0.73700,-0.13757,44.220,-0.275,-1,400.000,-1,425.000,-1,350.000,350.000,275.000,150.000,1000.000,650.000,950.000,500.000,700.000,825.000,-1,-1,2,0,2,0,2,0,0,0,1,0,0,0,1,0,0,2,2
33,-3055.869,-3107.076,316.588,-186.808,-0.991658,-0.118268,0.051255,0.114290,-0.990641,-0.074621,0.059600,-0.068141,0.995894,0,0.72816,-0.13805,43.690,-0.276,-1,400.000,-1,425.000,-1,325.000,350.000,275.000,175.000,1000.000,725.000,-1,475.000,700.000,800.000,-1,-1,2,0,2,0,2,0,0,0,1,0,0,2,1,0,0,2,2
34,-3098.701,-3101.753,318.877,-187.084,-0.991152,-0.123041,0.049787,0.119120,-0.990024,-0.075258,0.058550,-0.068662,0.995920,0,0.71935,-0.13817,43.161,-0.276,-1,375.000,-1,425.000,-1,325.000,350.000,275.000,175.000,-1,800.000,-1,475.000,675.000,800.000,-1,-1,2,0,2,0,2,0,0,0,1,2,0,2,1,0,0,2,2
35,-3140.990,-3096.291,321.111,-187.360,-0.990633,-0.127804,0.048088,0.123971,-0.989396,-0.075673,0.057249,-0.069003,0.995972,0,0.71068,-0.13796,42.641,-0.276,-1,375.000,-1,400.000,-1,325.000,325.000,275.000,175.000,-1,875.000,-1,475.000,650.000,800.000,-1,-1,2,0,2,0,2,0,0,0,1,2,0,2,1,0,0,2,2
36,-3182.750,-3090.693,323.291,-187.635,-0.990101,-0.132547,0.046157,0.128831,-0.988761,-0.075859,0.055693,-0.069162,0.996050,0,0.70224,-0.13743,42.134,-0.275,1000.000,375.000,-1,400.000,-1,325.000,325.000,275.000,175.000,-1,1000.000,-1,450.000,650.000,775.000,-1,-1,0,0,2,0,2,0,0,0,1,2,0,2,1,0,0,2,2
37,-3224.001,-3084.963,325.416,-187.908,-0.989558,-0.137260,0.043993,0.133690,-0.988119,-0.075811,0.053876,-0.069138,0.996151,0,0.69411,-0.13658,41.646,-0.273,925.000,375.000,-1,400.000,-1,300.000,325.000,275.000,175.000,-1,-1,-1,450.000,625.000,750.000,-1,-1,0,0,2,0,2,0,0,0,1,2,2,2,1,0,0,2,2
38,-3264.763,-3079.104,327.792,-188.179,-0.988999,-0.141944,0.041630,0.138611,-0.987558,-0.074278,0.051655,-0.067690,0.996368,0,0.68637,-0.13544,41.182,-0.271,875.000,350.000,-1,400.000,-1,300.000,325.000,275.000,200.000,-1,-1,-1,450.000,625.000,750.000,-1,-1,0,0,2,0,2,0,0,0,1,2,2,2,1,0,0,2,2
39,-3305.065,-3073.117,330.318,-188.447,-0.988402,-0.146588,0.039658,0.143510,-0.987048,-0.071696,0.049654,-0.065173,0.996638,0,0.67906,-0.13403,40.744,-0.268,850.000,350.000,-1,375.000,-1,300.000,300.000,275.000,200.000,-1,-1,-1,425.000,600.000,725.000,975.000,-1,0,0,2,0,2,0,0,0,1,2,2,2,1,0,0,0,2
40,-3344.934,-3067.006,332.951,-188.712,-0.987701,-0.151166,0.039955,0.148151,-0.986488,-0.069954,0.049990,-0.063174,0.996750,0,0.67225,-0.13237,40.335,-0.265,850.000,350.000,-1,375.000,-1,300.000,300.000,300.000,200.000,-1,-1,-1,400.000,600.000,725.000,975.000,-1,0,0,2,0,2,0,0,0,1,2,2,2,1,0,0,0,2
41,-3384.402,-3060.773,335.931,-188.973,-0.986947,-0.155663,0.041286,0.152567,-0.985827,-0.069776,0.051563,-0.062567,0.996708,0,0.66594,-0.13046,39.956,-0.261,875.000,350.000,-1,375.000,-1,300.000,300.000,300.000,225.000,-1,-1,-1,375.000,600.000,750.000,-1,-1,0,0,2,0,2,0,0,0,1,2,2,2,1,0,0,2,2
42,-3423.498,-3054.420,338.849,-189.230,-0.986180,-0.160085,0.042682,0.156913,-0.985166,-0.069479,0.053171,-0.061821,0.996670,0,0.66015,-0.12833,39.609,-0.257,875.000,350.000,-1,375.000,-1,300.000,300.000,300.000,225.000,-1,-1,-1,350.000,600.000,775.000,-1,-1,0,0,2,0,2,0,0,0,1,2,2,2,1,0,0,2,2
43,-3467.269,-3046.916,342.010,-189.726,-0.984671,-0.168634,0.044560,0.165382,-0.983834,-0.068699,0.055425,-0.060277,0.996642,0,0.74015,-0.24833,44.409,-0.497,900.000,350.000,-1,400.000,-1,300.000,300.000,300.000,250.000,-1,-1,-1,350.000,625.000,800.000,-1,-1,0,0,2,0,2,0,0,0,1,2,2,2,1,0,0,2,2
44,-3513.721,-3038.336,345.285,-190.463,-0.982315,-0.181293,0.046791,0.177966,-0.981717,-0.067525,0.058178,-0.058004,0.996620,0,0.78728,-0.36833,47.237,-0.737,950.000,350.000,-1,400.000,-1,300.000,325.000,300.000,250.000,-1,-1,-1,350.000,625.000,825.000,-1,-1,0,0,2,0,2,0,0,0,1,2,2,2,1,0,0,2,2
45,-3559.789,-3029.011,348.470,-191.440,-0.978959,-0.198033,0.049207,0.194648,-0.978645,-0.066071,0.061240,-0.055103,0.996601,0,0.78336,-0.48833,47.002,-0.977,1000.000,350.000,-1,400.000,-1,300.000,325.000,300.000,275.000,-1,-1,-1,350.000,650.000,850.000,-1,-1,0,0,2,0,2,0,0,0,1,2,2,2,1,0,0,2,2
46,-3605.489,-3018.747,351.590,-192.656,-0.974395,-0.218808,0.051738,0.215387,-0.974400,-0.064449,0.064516,-0.051655,0.996579,0,0.78063,-0.60833,46.838,-1.217,-1,350.000,-1,400.000,-1,300.000,325.000,300.000,275.000,-1,-1,-1,375.000,650.000,900.000,-1,-1,2,0,2,0,2,0,0,0,1,2,2,2,1,0,0,2,2
47,-3650.816,-3007.348,354.669,-194.113,-0.968364,-0.243555,0.054331,0.240122,-0.968712,-0.062753,0.067915,-0.047721,0.996549,0,0.77897,-0.72833,46.738,-1.457,-1,375.000,-1,400.000,-1,300.000,325.000,300.000,300.000,-1,-1,-1,375.000,675.000,925.000,-1,-1,2,0,2,0,2,0,0,0,1,2,2,2,1,0,0,2,2
48,-3695.757,-2994.665,357.733,-195.757,-0.960810,-0.271304,0.056905,0.267884,-0.961512,-0.061095,0.071291,-0.043457,0.996508,0,0.77826,-0.82214,46.695,-1.644,-1,375.000,-1,400.000,-1,300.000,325.000,300.000,300.000,-1,1000.000,-1,400.000,700.000,1000.000,-1,-1,2,0,2,0,2,0,0,0,1,2,0,2,1,0,0,2,2
49,-3740.319,-2980.704,360.822,-197.394,-0.952498,-0.298709,0.059331,0.295322,-0.953537,-0.059603,0.074378,-0.039250,0.996457,0,0.77828,-0.81838,46.697,-1.637,-1,375.000,-1,425.000,-1,325.000,325.000,275.000,300.000,-1,950.000,-1,400.000,725.000,-1,-1,-1,2,0,2,0,2,0,0,0,0,2,0,2,1,0,2,2,2
50,-3784.480,-2965.476,363.914,-199.023,-0.943443,-0.325747,0.061670,0.322414,-0.944808,-0.058202,0.077225,-0.035027,0.996398,0,0.77854,-0.81454,46.712,-1.629,-1,375.000,-1,425.000,-1,325.000,325.000,275.000,300.000,-1,900.000,975.000,425.000,750.000,-1,-1,-1,2,0,2,0,2,0,0,0,0,2,0,0,1,0,2,2,2
51,-3828.219,-2948.996,367.113,-200.644,-0.933671,-0.352404,0.063792,0.349201,-0.935360,-0.056207,0.079476,-0.030202,0.996379,0,0.77901,-0.81065,46.741,-1.621,-1,400.000,-1,425.000,-1,325.000,350.000,275.000,300.000,-1,900.000,950.000,450.000,775.000,-1,-1,-1,2,0,2,0,2,0,0,0,0,2,0,0,1,0,2,2,2
52,-3871.514,-2931.275,370.518,-202.258,-0.923219,-0.378661,0.065445,0.375733,-0.925218,-0.052870,0.080571,-0.024221,0.996455,0,0.77968,-0.80669,46.781,-1.613,-1,400.000,-1,450.000,-1,325.000,350.000,275.000,300.000,-1,925.000,950.000,450.000,825.000,-1,-1,-1,2,0,2,0,2,0,0,0,0,2,0,0,1,0,2,2,2
53,-3914.342,-2912.329,373.723,-203.863,-0.912103,-0.404481,0.066807,0.401834,-0.914358,-0.049787,0.081224,-0.018566,0.996523,0,0.78052,-0.80267,46.831,-1.605,-1,400.000,-1,450.000,-1,325.000,350.000,275.000,300.000,-1,950.000,975.000,475.000,925.000,-1,-1,-1,2,0,2,0,2,0,0,0,0,2,0,0,1,0,2,2,2
54,-3956.679,-2892.171,376.815,-205.460,-0.900303,-0.429849,0.068446,0.427501,-0.902811,-0.046643,0.081843,-0.012733,0.996564,0,0.78152,-0.79860,46.891,-1.597,-1,425.000,-1,450.000,-1,350.000,350.000,275.000,300.000,-1,1000.000,975.000,475.000,1000.000,-1,-1,-1,2,0,2,0,2,0,0,0,0,2,0,0,1,0,2,2,2
55,-3998.503,-2870.816,379.770,-207.049,-0.887832,-0.454745,0.070441,0.452716,-0.890597,-0.043424,0.082481,-0.006663,0.996570,0,0.78267,-0.79449,46.960,-1.589,-1,425.000,-1,450.000,-1,350.000,350.000,300.000,275.000,-1,-1,1000.000,500.000,-1,-1,-1,-1,2,0,2,0,2,0,0,0,0,2,2,0,1,2,2,2,2
56,-4039.788,-2848.279,383.318,-208.630,-0.875014,-0.479146,0.069064,0.477338,-0.877728,-0.041739,0.080618,-0.003555,0.996739,0,0.78395,-0.79033,47.037,-1.581,-1,425.000,-1,450.000,-1,350.000,350.000,300.000,275.000,-1,-1,-1,525.000,-1,-1,-1,-1,2,0,2,0,2,0,0,0,0,2,2,2,1,2,2,2,2
57,-4080.512,-2824.575,386.864,-210.202,-0.861670,-0.503051,0.066817,0.501438,-0.864256,-0.040276,0.078009,-0.001200,0.996952,0,0.78534,-0.78613,47.120,-1.572,-1,425.000,-1,450.000,-1,350.000,350.000,275.000,275.000,-1,-1,-1,550.000,-1,-1,-1,-1,2,0,2,0,2,0,0,0,0,2,2,2,1,2,2,2,2
58,-4120.650,-2799.722,390.281,-211.766,-0.847766,-0.526449,0.064373,0.525034,-0.850206,-0.038600,0.075051,0.001074,0.997179,0,0.78684,-0.78190,47.211,-1.564,-1,425.000,-1,450.000,-1,350.000,350.000,275.000,275.000,-1,-1,-1,600.000,-1,-1,-1,-1,2,0,2,0,2,0,0,0,0,2,2,2,1,2,2,2,2
59,-4160.179,-2773.735,393.451,-213.321,-0.833326,-0.549328,0.061701,0.548148,-0.835599,-0.036161,0.071421,0.003688,0.997439,0,0.78844,-0.77763,47.306,-1.555,-1,425.000,-1,450.000,-1,350.000,350.000,275.000,275.000,-1,-1,-1,625.000,-1,-1,-1,-1,2,0,2,0,2,0,0,0,0,2,2,2,1,2,2,2,2
60,-4199.076,-2746.634,396.503,-214.868,-0.818363,-0.571674,0.058907,0.570720,-0.820458,-0.033583,0.067529,0.006136,0.997698,0,0.79012,-0.77333,47.407,-1.547,-1,425.000,-1,450.000,-1,350.000,350.000,275.000,275.000,-1,-1,-1,675.000,-1,-1,-1,-1,2,0,2,0,2,0,0,0,0,2,2,2,1,2,2,2,2
61,-4237.316,-2718.435,399.432,-216.406,-0.802899,-0.593479,0.056003,0.592736,-0.804805,-0.030857,0.063384,0.008420,0.997954,0,0.79189,-0.76900,47.513,-1.538,-1,450.000,-1,450.000,-1,350.000,350.000,275.000,275.000,-1,-1,-1,725.000,-1,-1,-1,-1,2,0,2,0,2,0,0,0,0,2,2,2,1,2,2,2,2
62,-4274.876,-2689.159,402.232,-217.935,-0.786951,-0.614734,0.053006,0.614188,-0.788664,-0.027971,0.058999,0.010544,0.998202,0,0.79371,-0.76464,47.623,-1.529,-1,450.000,-1,450.000,-1,350.000,350.000,275.000,275.000,-1,-1,-1,750.000,-1,-1,-1,-1,2,0,2,0,2,0,0,0,0,2,2,2,1,2,2,2,2
63,-4311.734,-2658.824,404.757,-219.456,-0.770545,-0.635426,0.049942,0.635098,-0.772052,-0.024235,0.053957,0.013044,0.998458,0,0.79560,-0.76026,47.736,-1.521,-1,450.000,-1,450.000,-1,350.000,350.000,275.000,275.000,-1,-1,-1,800.000,-1,-1,-1,-1,2,0,2,0,2,0,0,0,0,2,2,2,1,2,2,2,2
64,-4347.866,-2627.451,407.084,-220.967,-0.753695,-0.655553,0.046837,0.655401,-0.754998,-0.020679,0.048918,0.015112,0.998688,0,0.79755,-0.75586,47.853,-1.512,-1,450.000,-1,450.000,-1,350.000,350.000,275.000,275.000,-1,-1,-1,850.000,-1,-1,-1,-1,2,0,2,0,2,0,0,0,0,2,2,2,1,2,2,2,2
65,-4383.252,-2595.061,409.179,-222.470,-0.736420,-0.675113,0.043671,0.675091,-0.737527,-0.017479,0.044008,0.016610,0.998893,0,0.79954,-0.75143,47.972,-1.503,-1,450.000,-1,450.000,-1,350.000,350.000,275.000,275.000,-1,-1,-1,925.000,-1,-1,-1,-1,2,0,2,0,2,0,0,0,0,2,2,2,1,2,2,2,2
66,-4417.869,-2561.674,411.125,-223.964,-0.718743,-0.694097,0.040460,0.694183,-0.719659,-0.014189,0.038966,0.017889,0.999080,0,0.80157,-0.74699,48.094,-1.494,-1,450.000,-1,450.000,-1,350.000,350.000,275.000,275.000,-1,-1,-1,1000.000,-1,1000.000,-1,-1,2,0,2,0,2,0,0,0,0,2,2,2,1,2,0,2,2
67,-4451.696,-2527.312,412.902,-225.449,-0.700683,-0.712502,0.037207,0.712669,-0.701416,-0.010902,0.033865,0.018877,0.999248,0,0.80364,-0.74254,48.218,-1.485,-1,450.000,-1,450.000,-1,350.000,350.000,275.000,275.000,-1,-1,-1,-1,1000.000,950.000,-1,-1,2,0,2,0,2,0,0,0,0,2,2,2,2,1,0,2,2
68,-4484.073,-2492.961,414.407,-226.694,-0.685193,-0.727570,0.033944,0.727780,-0.685764,-0.008025,0.029116,0.019206,0.999392,0,0.78675,-0.62254,47.205,-1.245,-1,450.000,-1,450.000,-1,350.000,350.000,275.000,275.000,-1,-1,-1,-1,975.000,925.000,-1,-1,2,0,2,0,2,0,0,0,0,2,2,2,2,1,0,2,2
69,-4515.917,-2457.964,415.626,-227.699,-0.672493,-0.739495,0.030009,0.739712,-0.672903,-0.005226,0.024058,0.018684,0.999536,0,0.78861,-0.50254,47.316,-1.005,-1,450.000,-1,425.000,-1,350.000,350.000,275.000,275.000,-1,-1,-1,-1,950.000,900.000,-1,-1,2,0,2,0,2,0,0,0,0,2,2,2,2,1,0,2,2
70,-4547.357,-2422.471,416.584,-228.464,-0.662722,-0.748430,0.025524,0.748630,-0.662983,-0.002477,0.018776,0.017467,0.999671,0,0.79026,-0.38254,47.416,-0.765,1000.000,450.000,-1,425.000,-1,350.000,350.000,275.000,275.000,-1,-1,-1,-1,925.000,875.000,-1,-1,1,0,2,0,2,0,0,0,0,2,2,2,2,1,0,2,2
71,-4578.530,-2386.623,417.416,-228.990,-0.655968,-0.754491,0.021195,0.754664,-0.656111,0.000254,0.013714,0.016161,0.999775,0,0.79177,-0.26254,47.506,-0.525,975.000,425.000,-1,425.000,-1,350.000,350.000,275.000,275.000,-1,-1,-1,-1,900.000,850.000,-1,-1,1,0,2,0,2,0,0,0,0,2,2,2,2,1,0,2,2
72,-4609.580,-2350.556,418.111,-229.275,-0.652311,-0.757763,0.016930,0.757900,-0.652364,0.002944,0.008814,0.014752,0.999852,0,0.79319,-0.14254,47.591,-0.285,925.000,425.000,-1,425.000,-1,350.000,350.000,275.000,275.000,-1,-1,-1,-1,875.000,825.000,-1,-1,1,0,2,0,2,0,0,0,0,2,2,2,2,1,0,2,2
73,-4643.730,-2310.825,418.724,-229.320,-0.651798,-0.758292,0.012350,0.758384,-0.651782,0.005834,0.003625,0.013169,0.999907,0,0.87319,-0.02254,52.391,-0.045,875.000,425.000,-1,425.000,-1,350.000,350.000,300.000,275.000,-1,-1,-1,-1,825.000,775.000,-1,-1,1,0,2,0,2,0,0,0,0,2,2,2,2,1,0,2,2
74,-4678.759,-2270.351,419.103,-229.125,-0.654424,-0.756080,0.008481,0.756127,-0.654366,0.008728,-0.001049,0.012124,0.999926,0,0.89211,0.09746,53.527,0.195,850.000,425.000,-1,425.000,-1,325.000,325.000,300.000,275.000,-1,-1,-1,-1,800.000,750.000,-1,-1,1,0,2,0,2,0,0,0,0,2,2,2,2,1,0,2,2
75,-4714.156,-2230.074,419.264,-228.690,-0.660172,-0.751096,0.005260,0.751097,-0.660091,0.011561,-0.005212,0.011583,0.999919,0,0.89368,0.21746,53.621,0.435,800.000,400.000,-1,400.000,-1,325.000,325.000,300.000,275.000,-1,-1,-1,-1,775.000,725.000,-1,-1,1,0,2,0,2,0,0,0,0,2,2,2,2,1,0,2,2
76,-4750.087,-2190.147,419.133,-228.015,-0.668989,-0.743266,0.003008,0.743222,-0.668891,0.014371,-0.008669,0.011849,0.999892,0,0.89523,0.33746,53.714,0.675,750.000,400.000,-1,400.000,-1,325.000,325.000,300.000,275.000,-1,-1,-1,-1,750.000,725.000,-1,-1,1,0,2,0,2,0,0,0,0,2,2,2,2,1,0,2,2
77,-4786.715,-2150.730,418.807,-227.100,-0.680783,-0.732484,0.001259,0.732391,-0.680667,0.017167,-0.011718,0.012609,0.999852,0,0.89681,0.45746,53.809,0.915,700.000,400.000,-1,400.000,-1,325.000,325.000,300.000,275.000,-1,-1,-1,-1,750.000,700.000,-1,-1,1,0,2,0,2,0,0,0,0,2,2,2,2,0,0,2,2
78,-4824.201,-2111.987,418.348,-225.945,-0.695418,-0.718606,-0.000306,0.718458,-0.695283,0.019962,-0.014558,0.013662,0.999801,0,0.89848,0.57746,53.909,1.155,650.000,400.000,-1,375.000,-1,325.000,325.000,300.000,275.000,-1,-1,-1,-1,725.000,675.000,-1,-1,1,0,2,0,2,0,0,0,0,2,2,2,2,0,0,2,2
79,-4862.696,-2074.093,417.775,-224.550,-0.712713,-0.701454,-0.001718,0.701247,-0.712558,0.022690,-0.017141,0.014967,0.999741,0,0.90029,0.69746,54.017,1.395,600.000,400.000,-1,375.000,-1,325.000,325.000,300.000,275.000,-1,-1,-1,-1,700.000,650.000,-1,-1,1,0,2,0,2,0,0,0,0,2,2,2,2,0,0,2,2
80,-4902.344,-2037.229,417.460,-222.915,-0.732429,-0.680836,-0.003129,0.680596,-0.732279,0.023606,-0.018363,0.015160,0.999716,0,0.90229,0.81746,54.138,1.635,550.000,375.000,-1,375.000,-1,325.000,300.000,300.000,275.000,-1,-1,-1,-1,675.000,650.000,-1,-1,1,0,2,0,2,0,0,0,0,2,2,2,2,0,0,2,2
81,-4943.137,-2001.432,417.437,-221.268,-0.751678,-0.659516,-0.004346,0.659279,-0.751558,0.022626,-0.018189,0.014142,0.999735,0,0.90455,0.82358,54.273,1.647,500.000,375.000,-1,375.000,-1,325.000,300.000,300.000,300.000,-1,-1,-1,-1,675.000,650.000,-1,-1,1,0,2,0,2,0,0,0,0,2,2,2,2,0,0,2,2
82,-4985.048,-1966.745,417.339,-219.612,-0.770410,-0.637527,-0.005173,0.637303,-0.770313,0.021509,-0.017698,0.013274,0.999755,0,0.90672,0.82807,54.403,1.656,475.000,375.000,-1,375.000,-1,325.000,300.000,300.000,300.000,-1,-1,-1,-1,650.000,650.000,-1,-1,1,1,2,0,2,0,0,0,0,2,2,2,2,0,0,2,2
83,-5028.046,-1933.216,417.005,-217.947,-0.788599,-0.614882,-0.005590,0.614689,-0.788529,0.019465,-0.016376,0.011914,0.999795,0,0.90876,0.83267,54.526,1.665,425.000,375.000,-1,375.000,-1,325.000,300.000,300.000,300.000,-1,-1,-1,-1,650.000,650.000,-1,-1,1,1,2,0,2,0,0,0,0,2,2,2,2,0,0,2,2
84,-5072.099,-1900.890,416.553,-216.272,-0.806226,-0.591582,-0.005540,0.591428,-0.806176,0.017146,-0.014610,0.010547,0.999838,0,0.91068,0.83740,54.641,1.675,400.000,375.000,-1,375.000,-1,325.000,300.000,300.000,300.000,-1,-1,-1,-1,625.000,650.000,-1,-1,1,1,2,0,2,0,0,0,0,2,2,2,2,0,0,2,2
85,-5117.169,-1869.812,416.027,-214.587,-0.823266,-0.567634,-0.005019,0.567518,-0.823228,0.014824,-0.012546,0.009356,0.999878,0,0.91244,0.84229,54.746,1.685,350.000,375.000,-1,375.000,-1,300.000,300.000,300.000,300.000,-1,-1,-1,-1,625.000,650.000,525.000,-1,1,1,2,0,2,0,0,0,0,2,2,2,2,0,0,1,2
86,-5163.219,-1840.030,415.789,-212.892,-0.839705,-0.543038,-0.002352,0.542966,-0.839650,0.013235,-0.009162,0.009837,0.999910,0,0.91402,0.84733,54.841,1.695,325.000,375.000,-1,375.000,-1,300.000,300.000,300.000,300.000,-1,-1,-1,-1,625.000,650.000,500.000,-1,1,1,2,0,2,0,0,0,0,2,2,2,2,0,0,1,2
87,-5210.206,-1811.590,417.153,-211.187,-0.855480,-0.517761,0.008783,0.517835,-0.855349,0.015005,-0.000256,0.017385,0.999849,0,0.91540,0.85254,54.924,1.705,325.000,375.000,-1,375.000,-1,325.000,325.000,325.000,300.000,-1,-1,-1,-1,675.000,675.000,-1,-1,1,0,2,0,2,0,0,0,0,2,2,2,2,0,0,2,2
88,-5258.084,-1784.536,418.316,-209.472,-0.870471,-0.491842,0.019275,0.492150,-0.870337,0.017349,0.008243,0.024588,0.999664,0,0.91656,0.85795,54.993,1.716,350.000,400.000,-1,375.000,-1,325.000,325.000,350.000,275.000,-1,-1,625.000,-1,725.000,700.000,-1,-1,1,0,2,0,2,0,0,1,0,2,2,0,2,0,0,2,2
89,-5306.805,-1758.912,419.303,-207.744,-0.884673,-0.465296,0.029199,0.465923,-0.884593,0.020269,0.016399,0.031536,0.999368,0,0.91746,0.86356,55.047,1.727,350.000,425.000,-1,400.000,-1,325.000,325.000,325.000,275.000,-1,350.000,275.000,-1,775.000,725.000,-1,-1,1,0,2,0,2,0,0,1,0,2,0,0,2,0,0,2,2
90,-5356.313,-1734.763,420.429,-206.006,-0.898121,-0.438155,0.037401,0.439124,-0.898127,0.023194,0.023428,0.037254,0.999031,0,0.91807,0.86939,55.084,1.739,350.000,425.000,-1,400.000,-1,350.000,325.000,325.000,275.000,-1,275.000,225.000,-1,800.000,750.000,-1,-1,1,0,2,0,2,0,0,1,0,2,0,0,2,0,0,2,2
91,-5406.553,-1712.130,422.006,-204.255,-0.910823,-0.410452,0.043939,0.411720,-0.910970,0.024918,0.029799,0.040787,0.998723,0,0.91837,0.87546,55.102,1.751,325.000,450.000,-1,400.000,-1,350.000,350.000,300.000,275.000,-1,275.000,225.000,950.000,850.000,800.000,-1,-1,1,0,2,0,2,0,0,1,0,2,0,0,0,0,0,2,2
92,-5457.462,-1691.054,423.962,-202.491,-0.922743,-0.382193,0.049730,0.383715,-0.923100,0.025494,0.036162,0.042606,0.998437,0,0.91832,0.88177,55.099,1.764,325.000,450.000,-1,425.000,-1,350.000,350.000,275.000,275.000,-1,250.000,200.000,875.000,875.000,825.000,-1,-1,1,0,2,0,2,0,0,1,0,2,0,0,0,0,0,2,2
93,-5508.976,-1671.576,425.880,-200.714,-0.933850,-0.353361,0.055327,0.355155,-0.934429,0.026581,0.042306,0.044472,0.998114,0,0.91789,0.88835,55.073,1.777,300.000,475.000,-1,425.000,-1,375.000,350.000,250.000,275.000,-1,250.000,200.000,825.000,925.000,850.000,-1,-1,1,0,2,0,2,0,0,1,0,2,0,0,0,0,0,2,2
94,-5561.025,-1653.733,427.791,-198.924,-0.944111,-0.323964,0.060836,0.326063,-0.944926,0.028235,0.048338,0.046493,0.997748,0,0.91704,0.89520,55.023,1.790,300.000,475.000,-1,450.000,-1,375.000,375.000,250.000,275.000,-1,250.000,200.000,800.000,950.000,875.000,-1,-1,1,0,2,0,2,0,0,1,0,2,0,0,0,0,0,2,2
95,-5613.537,-1637.561,429.728,-197.119,-0.953495,-0.294014,0.066360,0.296465,-0.954556,0.030526,0.054370,0.048780,0.997329,0,0.91575,0.90232,54.945,1.805,275.000,500.000,-1,450.000,-1,400.000,375.000,225.000,275.000,-1,250.000,175.000,750.000,950.000,925.000,-1,-1,1,0,2,0,2,0,0,1,0,2,0,0,0,1,0,2,2
96,-5671.215,-1621.981,431.921,-195.119,-0.962749,-0.260482,0.072556,0.263401,-0.964090,0.033910,0.061118,0.051758,0.996788,0,0.99575,1.00000,59.745,2.000,250.000,500.000,-1,475.000,-1,400.000,375.000,225.000,275.000,-1,225.000,175.000,725.000,925.000,950.000,-1,-1,1,1,2,0,2,0,0,1,0,2,0,0,0,1,0,2,2
97,-5729.650,-1608.366,434.231,-193.119,-0.970770,-0.226634,0.079008,0.230130,-0.972408,0.038257,0.068157,0.055321,0.996140,0,1.00000,1.00000,60.000,2.000,250.000,500.000,-1,475.000,-1,400.000,400.000,200.000,275.000,-1,225.000,175.000,675.000,925.000,1000.000,-1,-1,1,1,2,0,2,0,0,1,0,2,0,0,0,1,0,2,2
98,-5788.459,-1596.813,436.690,-191.119,-0.977539,-0.192512,0.085774,0.196729,-0.979483,0.043704,0.075601,0.059596,0.995356,0,0.99888,1.00000,59.933,2.000,275.000,500.000,-1,500.000,-1,425.000,400.000,200.000,275.000,-1,225.000,150.000,625.000,900.000,-1,-1,-1,1,1,2,0,2,0,0,1,0,2,0,0,0,1,2,2,2
99,-5847.661,-1587.061,439.212,-189.359,-0.982391,-0.162290,0.092576,0.167347,-0.984644,0.049716,0.083086,0.064333,0.994464,0,1.00000,0.88000,60.000,1.760,300.000,500.000,-1,500.000,-1,425.000,425.000,175.000,275.000,-1,225.000,125.000,550.000,900.000,-1,-1,-1,1,1,2,0,2,0,0,1,0,2,0,0,0,1,2,2,2
100,-8855.072,-8855.090,281.149,-100.982,-0.192084,0.980976,-0.028090,-0.980193,-0.190367,0.054599,0.048213,0.038021,0.998113,1,0.00000,0.00000,60.000,1.520,-1,425.000,-1,450.000,-1,350.000,350.000,300.000,300.000,-1,-1,-1,-1,-1,-1,-1,-1,2,0,2,0,2,0,0,0,0,2,2,2,2,2,2,2,2
101,-8855.967,-8859.806,281.375,-100.742,-0.187967,0.981766,-0.028348,-0.981005,-0.186257,0.054201,0.047933,0.037998,0.998128,0,0.08000,0.12000,4.800,0.240,-1,425.000,-1,450.000,-1,350.000,350.000,300.000,300.000,-1,-1,-1,-1,-1,-1,-1,-1,2,0,2,0,2,0,0,0,0,2,2,2,2,2,2,2,2
102,-8857.677,-8869.252,281.829,-100.262,-0.179724,0.983294,-0.028852,-0.982576,-0.178026,0.053403,0.047374,0.037947,0.998156,0,0.16000,0.24000,9.600,0.480,-1,425.000,-1,450.000,-1,350.000,350.000,300.000,300.000,-1,-1,-1,-1,1000.000,-1,-1,-1,2,0,2,0,2,0,0,0,0,2,2,2,2,1,2,2,2
103,-8860.064,-8883.453,282.517,-99.542,-0.167334,0.985456,-0.029580,-0.984801,-0.165656,0.052199,0.046540,0.037865,0.998199,0,0.24000,0.36000,14.400,0.720,-1,425.000,-1,450.000,-1,325.000,350.000,300.000,275.000,-1,-1,-1,-1,1000.000,-1,-1,-1,2,0,2,0,2,0,0,0,0,2,2,2,2,1,2,2,2
104,-8862.929,-8902.437,283.450,-98.582,-0.150772,0.988098,-0.030499,-0.987524,-0.149123,0.050585,0.045435,0.037745,0.998254,0,0.32000,0.48000,19.200,0.960,-1,425.000,-1,450.000,-1,325.000,350.000,300.000,275.000,-1,-1,-1,-1,975.000,-1,-1,-1,2,0,2,0,2,0,0,0,0,2,2,2,2,1,2,2,2
105,-8866.041,-8926.234,284.636,-97.450,-0.131172,0.990857,-0.031566,-0.990382,-0.129562,0.048556,0.044022,0.037631,0.998322,0,0.40000,0.56633,24.000,1.133,-1,425.000,-1,450.000,-1,325.000,350.000,300.000,300.000,-1,-1,-1,-1,950.000,-1,-1,-1,2,0,2,0,2,0,0,0,0,2,2,2,2,1,2,2,2
106,-8869.209,-8954.859,286.085,-96.315,-0.111472,0.993228,-0.032748,-0.992871,-0.109911,0.046110,0.042199,0.037655,0.998399,0,0.48000,0.56745,28.800,1.135,-1,425.000,-1,450.000,-1,350.000,350.000,300.000,300.000,-1,-1,-1,-1,950.000,-1,-1,-1,2,0,2,0,2,0,0,0,0,2,2,2,2,1,2,2,2
107,-8872.241,-8988.322,287.801,-95.177,-0.091668,0.995208,-0.034018,-0.994987,-0.090170,0.043251,0.039976,0.037812,0.998485,0,0.56000,0.56881,33.600,1.138,-1,425.000,-1,450.000,-1,350.000,350.000,300.000,300.000,-1,-1,-1,-1,925.000,-1,-1,-1,2,0,2,0,2,0,0,0,0,2,2,2,2,1,2,2,2
108,-8874.944,-9026.626,289.793,-94.036,-0.071760,0.996795,-0.035346,-0.996722,-0.070337,0.039985,0.037370,0.038099,0.998575,0,0.64000,0.57039,38.400,1.141,-1,425.000,-1,450.000,-1,350.000,350.000,300.000,300.000,-1,-1,-1,-1,900.000,975.000,-1,-1,2,0,2,0,2,0,0,0,0,2,2,2,2,1,1,2,2
109,-8877.123,-9069.770,292.068,-92.892,-0.051746,0.997986,-0.036703,-0.998068,-0.050415,0.036319,0.034396,0.038511,0.998666,0,0.72000,0.57218,43.200,1.144,-1,425.000,-1,450.000,-1,350.000,350.000,300.000,300.000,-1,-1,-1,-1,850.000,925.000,-1,-1,2,0,2,0,2,0,0,0,0,2,2,2,2,1,1,2,2
110,-8878.584,-9117.748,294.635,-91.744,-0.031627,0.998775,-0.038062,-0.999017,-0.030405,0.032267,0.031070,0.039045,0.998754,0,0.80000,0.57413,48.000,1.148,-1,425.000,-1,450.000,-1,350.000,350.000,300.000,300.000,-1,-1,-1,-1,825.000,875.000,-1,-1,2,0,2,0,2,0,0,0,0,2,2,2,2,1,1,2,2
111,-8879.129,-9170.544,297.504,-90.591,-0.011404,0.999159,-0.039395,-0.999559,-0.010311,0.027843,0.027414,0.039695,0.998836,0,0.88000,0.57622,52.800,1.152,-1,425.000,-1,450.000,-1,350.000,350.000,300.000,325.000,-1,-1,-1,-1,800.000,825.000,-1,-1,2,0,2,0,2,0,0,0,0,2,2,2,2,1,1,2,2
112,-8878.593,-9224.740,298.407,-89.434,0.008817,0.999106,-0.041346,-0.999635,0.009862,0.025153,0.025538,0.041109,0.998828,0,0.90332,0.57839,54.199,1.157,-1,425.000,-1,450.000,-1,350.000,350.000,300.000,300.000,-1,-1,-1,-1,775.000,775.000,-1,975.000,2,0,2,0,2,0,0,0,0,2,2,2,2,1,1,2,1
113,-8876.962,-9278.822,298.934,-88.273,0.029122,0.998626,-0.043571,-0.999305,0.030101,0.021974,0.023255,0.042901,0.998809,0,0.90178,0.58048,54.107,1.161,-1,425.000,-1,450.000,-1,350.000,350.000,300.000,300.000,-1,-1,-1,-1,725.000,725.000,-1,900.000,2,0,2,0,2,0,0,0,0,2,2,2,2,1,1,2,1
114,-8874.237,-9332.760,299.514,-87.109,0.049489,0.997732,-0.045631,-0.998552,0.050391,0.018836,0.021092,0.044632,0.998781,0,0.90011,0.58240,54.007,1.165,-1,400.000,1000.000,450.000,900.000,325.000,350.000,300.000,300.000,-1,-1,-1,-1,700.000,675.000,-1,825.000,2,0,1,0,1,0,0,0,0,2,2,2,2,1,1,2,1
115,-8870.421,-9386.522,300.153,-85.940,0.069901,0.996421,-0.047534,-0.997372,0.070719,0.015742,0.019047,0.046309,0.998746,0,0.89831,0.58416,53.899,1.168,-1,400.000,975.000,425.000,800.000,325.000,350.000,300.000,300.000,-1,-1,-1,-1,675.000,625.000,-1,750.000,2,0,1,0,1,0,0,0,0,2,2,2,2,1,1,2,1
116,-8865.516,-9440.081,300.856,-84.769,0.090343,0.994690,-0.049291,-0.995764,0.091069,0.012697,0.017118,0.047935,0.998704,0,0.89639,0.58576,53.783,1.172,-1,400.000,925.000,425.000,725.000,325.000,350.000,300.000,300.000,-1,-1,-1,-1,650.000,575.000,-1,675.000,2,0,1,0,1,0,0,0,0,2,2,2,2,1,1,2,1
117,-8860.257,-9488.781,301.545,-83.837,0.106585,0.993007,-0.050759,-0.994185,0.107221,0.009956,0.015329,0.049403,0.998661,0,0.81639,0.46576,48.983,0.932,-1,400.000,875.000,400.000,650.000,325.000,350.000,300.000,300.000,-1,-1,-1,-1,625.000,525.000,-1,600.000,2,0,1,1,1,0,0,0,0,2,2,2,2,1,1,2,1
118,-8854.303,-9536.701,302.278,-82.918,0.122593,0.991088,-0.052121,-0.992363,0.123134,0.007285,0.013638,0.050830,0.998614,0,0.80481,0.45975,48.288,0.920,-1,400.000,850.000,375.000,575.000,325.000,325.000,300.000,300.000,-1,-1,-1,-1,600.000,500.000,-1,550.000,2,1,1,1,1,0,0,0,0,2,2,2,2,1,1,2,1
119,-8847.132,-9589.302,303.126,-82.238,0.134443,0.989475,-0.053524,-0.990854,0.134867,0.004376,0.011549,0.052446,0.998557,0,0.88481,0.33975,53.088,0.680,-1,375.000,800.000,350.000,525.000,325.000,325.000,300.000,300.000,-1,-1,-1,-1,575.000,450.000,-1,475.000,2,1,1,1,1,1,1,0,0,2,2,2,2,1,1,2,1
120,-8839.141,-9643.681,304.055,-81.640,0.144877,0.987924,-0.054933,-0.989406,0.145172,0.001382,0.009340,0.054151,0.998489,0,0.91604,0.29894,54.963,0.598,-1,350.000,725.000,325.000,450.000,300.000,275.000,300.000,300.000,-1,-1,-1,-1,550.000,400.000,-1,425.000,2,1,1,1,1,1,1,0,0,2,2,2,2,1,1,2,1
121,-8830.526,-9698.371,305.050,-81.049,0.155185,0.986278,-0.056324,-0.987860,0.155341,-0.001620,0.007151,0.055891,0.998411,0,0.92275,0.29556,55.365,0.591,-1,325.000,675.000,275.000,375.000,275.000,250.000,300.000,300.000,-1,-1,-1,-1,525.000,375.000,-1,350.000,2,1,1,1,1,1,1,0,0,2,2,2,2,1,1,2,1
122,-8821.288,-9753.363,306.116,-80.466,0.165351,0.984545,-0.057703,-0.986222,0.165361,-0.004634,0.004979,0.057674,0.998323,0,0.92938,0.29176,55.763,0.584,-1,300.000,625.000,250.000,300.000,250.000,225.000,300.000,300.000,-1,-1,-1,-1,500.000,325.000,-1,300.000,2,1,1,1,1,1,1,0,0,2,2,2,2,1,1,2,1
123,-8811.431,-9808.645,307.456,-79.891,0.175241,0.982775,-0.058680,-0.984514,0.175222,-0.005507,0.004870,0.058736,0.998262,0,0.93590,0.28749,56.154,0.575,-1,300.000,600.000,225.000,250.000,225.000,200.000,300.000,325.000,-1,-1,-1,-1,475.000,300.000,-1,225.000,2,1,1,1,1,1,1,0,0,2,2,2,2,1,1,2,1
124,-8800.968,-9864.204,313.599,-79.325,0.184330,0.981817,-0.045367,-0.982646,0.185065,0.012532,0.020700,0.042270,0.998892,0,0.94227,0.28269,56.536,0.565,-1,300.000,-1,225.000,250.000,250.000,200.000,300.000,375.000,-1,-1,-1,-1,525.000,300.000,-1,225.000,2,1,2,1,1,1,1,0,0,2,2,2,2,1,1,2,1
125,-8789.892,-9920.024,319.959,-78.771,0.193536,0.980507,-0.033902,-0.980284,0.194664,0.033891,0.039830,0.026674,0.998850,0,0.94845,0.27728,56.907,0.555,-1,325.000,-1,225.000,250.000,250.000,200.000,275.000,425.000,-1,550.000,725.000,-1,900.000,300.000,-1,225.000,2,1,2,1,1,1,1,0,0,2,0,0,2,0,1,2,1
126,-8778.213,-9976.086,327.148,-78.229,0.202733,0.978867,-0.026822,-0.977256,0.203987,0.057956,0.062203,0.014462,0.997959,0,0.95437,0.27117,57.262,0.542,-1,350.000,-1,225.000,250.000,250.000,225.000,300.000,475.000,-1,125.000,225.000,-1,-1,300.000,-1,225.000,2,1,2,1,1,1,1,0,0,2,0,0,2,2,1,2,1
127,3607.622,-983.899,408.522,166.260,-0.969421,-0.237508,-0.061746,0.237582,-0.971347,0.006240,-0.061459,-0.008621,0.998072,1,0.00000,0.00000,57.597,0.528,525.000,375.000,-1,400.000,-1,325.000,325.000,300.000,300.000,-1,-1,-1,-1,475.000,650.000,525.000,-1,1,1,2,0,2,0,0,0,0,2,2,2,2,1,1,1,2
128,3602.955,-982.778,408.233,166.500,-0.970409,-0.233437,-0.061758,0.233500,-0.972336,0.006307,-0.061522,-0.008300,0.998071,0,0.08000,0.12000,4.800,0.240,525.000,375.000,-1,400.000,-1,325.000,325.000,300.000,300.000,-1,-1,-1,-1,475.000,650.000,500.000,-1,1,1,2,0,2,0,0,0,0,2,2,2,2,1,1,1,2
129,3593.602,-980.615,407.657,166.980,-0.972332,-0.225285,-0.061782,0.225323,-0.974263,0.006439,-0.061642,-0.007660,0.998069,0,0.16000,0.24000,9.600,0.480,525.000,375.000,1000.000,400.000,-1,325.000,325.000,300.000,300.000,-1,-1,-1,-1,475.000,650.000,500.000,-1,1,1,1,0,2,0,0,0,0,2,2,2,2,1,1,1,2
130,3579.532,-977.548,406.789,167.700,-0.975089,-0.213026,-0.061818,0.213028,-0.977024,0.006633,-0.061811,-0.006701,0.998065,0,0.24000,0.36000,14.400,0.720,525.000,375.000,950.000,400.000,-1,325.000,325.000,300.000,300.000,-1,-1,-1,-1,475.000,625.000,500.000,-1,1,1,1,0,2,0,0,0,0,2,2,2,2,1,1,1,2
131,3560.716,-973.729,405.630,168.528,-0.978067,-0.198886,-0.061884,0.198845,-0.980007,0.006881,-0.062016,-0.005575,0.998060,0,0.32000,0.41400,19.200,0.828,500.000,350.000,875.000,400.000,-1,325.000,325.000,300.000,300.000,-1,-1,-1,-1,450.000,600.000,475.000,-1,1,1,1,1,2,1,0,0,0,2,2,2,2,1,1,1,2
132,3537.129,-969.294,404.179,169.351,-0.980822,-0.184782,-0.061994,0.184695,-0.982770,0.007172,-0.062251,-0.004415,0.998051,0,0.40000,0.41174,24.000,0.823,475.000,350.000,825.000,375.000,-1,325.000,325.000,300.000,300.000,-1,-1,-1,-1,450.000,600.000,450.000,-1,1,1,1,1,2,1,1,0,0,2,2,2,2,1,1,1,2
133,3508.752,-964.377,402.433,170.171,-0.983361,-0.170702,-0.062143,0.170568,-0.985317,0.007497,-0.062510,-0.003227,0.998039,0,0.48000,0.40990,28.800,0.820,450.000,325.000,775.000,375.000,-1,300.000,300.000,300.000,300.000,-1,-1,-1,-1,425.000,575.000,425.000,-1,1,1,1,1,2,1,1,0,0,2,2,2,2,1,1,1,2
134,3475.567,-959.114,400.391,170.988,-0.985687,-0.156639,-0.062326,0.156455,-0.987654,0.007845,-0.062786,-0.002018,0.998025,0,0.56000,0.40843,33.600,0.817,425.000,300.000,725.000,350.000,-1,275.000,300.000,300.000,300.000,-1,-1,-1,-1,400.000,550.000,400.000,-1,1,1,1,1,2,1,1,0,0,2,2,2,2,1,1,1,2
