timestep,x_cm,y_cm,z_cm,yaw_deg,basis_xx,basis_xy,basis_xz,basis_yx,basis_yy,basis_yz,basis_zx,basis_zy,basis_zz,teleport_flag,throttle_cmd,steering_cmd,cmd_move_cm,cmd_turn_deg,lidar_cm_0,lidar_cm_1,lidar_cm_2,lidar_cm_3,lidar_cm_4,lidar_cm_5,lidar_cm_6,lidar_cm_7,lidar_cm_8,lidar_cm_9,lidar_cm_10,lidar_cm_11,lidar_cm_12,lidar_cm_13,lidar_cm_14,lidar_cm_15,lidar_cm_16,lidar_class_0,lidar_class_1,lidar_class_2,lidar_class_3,lidar_class_4,lidar_class_5,lidar_class_6,lidar_class_7,lidar_class_8,lidar_class_9,lidar_class_10,lidar_class_11,lidar_class_12,lidar_class_13,lidar_class_14,lidar_class_15,lidar_class_16
0,-4259.129,2297.612,277.111,22.421,0.923239,-0.380667,0.052171,0.382998,0.922611,-0.045841,-0.030683,0.062303,0.997585,1,0.08000,-0.12000,4.800,-0.240,-1,375.000,-1,375.000,-1,300.000,300.000,325.000,325.000,-1,-1,-1,-1,700.000,700.000,-1,-1,2,0,2,0,2,0,0,0,0,2,2,2,2,0,0,2,2
1,-4250.224,2301.199,276.804,21.941,0.926406,-0.372928,0.051928,0.375256,0.925777,-0.046049,-0.030901,0.062147,0.997589,0,0.16000,-0.24000,9.600,-0.480,-1,375.000,-1,375.000,-1,300.000,300.000,325.000,325.000,-1,-1,-1,-1,700.000,700.000,-1,-1,2,0,2,0,2,0,0,0,0,2,2,2,2,0,0,2,2
2,-4236.800,2306.411,276.334,21.221,0.931034,-0.361271,0.051567,0.363594,0.930403,-0.046359,-0.031229,0.061912,0.997593,0,0.24000,-0.36000,14.400,-0.720,-1,375.000,-1,375.000,-1,300.000,300.000,325.000,325.000,-1,-1,-1,-1,700.000,700.000,-1,-1,2,0,2,0,2,0,0,0,0,2,2,2,2,0,0,2,2
3,-4218.787,2313.060,275.691,20.261,0.936976,-0.345639,0.051089,0.347955,0.936344,-0.046767,-0.031672,0.061596,0.997599,0,0.32000,-0.48000,19.200,-0.960,-1,375.000,-1,375.000,-1,300.000,325.000,325.000,325.000,-1,-1,-1,-1,700.000,700.000,-1,-1,2,0,2,0,2,0,0,0,0,2,2,2,2,0,0,2,2
4,-4196.103,2320.897,274.861,19.061,0.944033,-0.325961,0.050498,0.328271,0.943400,-0.047267,-0.032233,0.061199,0.997605,0,0.40000,-0.60000,24.000,-1.200,-1,375.000,-1,375.000,-1,300.000,325.000,325.000,325.000,-1,-1,-1,-1,700.000,700.000,-1,-1,2,0,2,0,2,0,0,0,0,2,2,2,2,0,0,2,2
5,-4168.653,2329.615,273.829,17.621,0.951956,-0.302160,0.049801,0.304462,0.951322,-0.047852,-0.032918,0.060716,0.997612,0,0.48000,-0.72000,28.800,-1.440,-1,375.000,-1,375.000,-1,325.000,325.000,325.000,325.000,-1,-1,-1,-1,700.000,700.000,-1,-1,2,0,2,0,2,0,0,0,0,2,2,2,2,0,0,2,2
6,-4136.345,2338.843,272.573,15.941,0.960438,-0.274149,0.049004,0.276444,0.959805,-0.048516,-0.033734,0.060144,0.997620,0,0.56000,-0.84000,33.600,-1.680,-1,375.000,-1,375.000,-1,300.000,300.000,325.000,325.000,-1,-1,-1,-1,700.000,700.000,-1,-1,2,0,2,0,2,0,0,0,0,2,2,2,2,0,0,2,2
7,-4099.088,2348.146,271.072,14.021,0.969120,-0.241847,0.048117,0.244135,0.968490,-0.049250,-0.034690,0.059476,0.997627,0,0.64000,-0.96000,38.400,-1.920,-1,375.000,-1,375.000,-1,300.000,300.000,325.000,325.000,-1,-1,-1,-1,700.000,700.000,-1,-1,2,0,2,0,2,0,0,0,0,2,2,2,2,0,0,2,2
8,-4056.885,2357.379,269.325,12.341,0.975837,-0.213356,0.047130,0.215632,0.975191,-0.050061,-0.035279,0.059014,0.997634,0,0.72000,-0.84000,43.200,-1.680,-1,375.000,-1,375.000,-1,300.000,300.000,325.000,325.000,-1,-1,550.000,-1,700.000,700.000,-1,-1,2,0,2,0,2,0,0,0,0,2,2,0,2,0,0,2,2
9,-4009.751,2366.456,267.332,10.901,0.980938,-0.188785,0.046045,0.191045,0.980258,-0.050949,-0.035517,0.058774,0.997639,0,0.80000,-0.72000,48.000,-1.440,-1,375.000,-1,375.000,-1,300.000,300.000,300.000,325.000,-1,-1,550.000,-1,700.000,700.000,-1,-1,2,0,2,0,2,0,0,0,0,2,2,0,2,0,0,2,2
10,-3960.450,2374.884,265.353,9.701,0.984720,-0.168220,0.045034,0.170449,0.984029,-0.051318,-0.035682,0.058210,0.997666,0,0.83360,-0.60000,50.016,-1.200,-1,375.000,-1,375.000,-1,300.000,300.000,300.000,325.000,-1,650.000,550.000,-1,700.000,700.000,-1,-1,2,0,2,0,2,0,0,0,0,2,1,0,2,0,0,2,2
11,-3911.024,2382.482,263.554,8.741,0.987460,-0.151720,0.043637,0.153866,0.986777,-0.050954,-0.035329,0.057029,0.997747,0,0.83344,-0.48000,50.006,-0.960,-1,375.000,-1,375.000,-1,300.000,300.000,300.000,325.000,-1,650.000,550.000,-1,700.000,725.000,-1,-1,2,0,2,0,2,0,0,0,0,2,0,0,2,0,0,2,2
12,-3860.058,2389.664,261.931,8.021,0.989337,-0.139308,0.042485,0.141417,0.988610,-0.051491,-0.034828,0.056950,0.997769,0,0.85783,-0.36000,51.470,-0.720,-1,375.000,-1,375.000,-1,300.000,300.000,300.000,325.000,-1,675.000,575.000,-1,700.000,725.000,-1,-1,2,0,2,0,2,0,0,0,0,2,0,0,2,0,0,2,2
13,-3809.110,2396.409,260.388,7.541,0.990524,-0.131019,0.041188,0.133089,0.989720,-0.052356,-0.033905,0.057342,0.997779,0,0.85654,-0.24000,51.392,-0.480,-1,375.000,-1,375.000,-1,300.000,300.000,300.000,325.000,-1,675.000,575.000,-1,700.000,725.000,-1,-1,2,0,2,0,2,0,0,0,0,2,0,0,2,0,0,2,2
14,-3758.225,2402.929,258.850,7.301,0.991117,-0.126868,0.039886,0.128895,0.990231,-0.053177,-0.032750,0.057846,0.997788,0,0.85500,-0.12000,51.300,-0.240,-1,375.000,-1,375.000,-1,300.000,300.000,300.000,325.000,-1,650.000,575.000,-1,700.000,725.000,-1,-1,2,0,2,0,2,0,0,0,0,2,0,0,2,0,0,2,2
15,-3707.447,2409.435,257.329,7.301,0.991170,-0.126863,0.038575,0.128839,0.990196,-0.053964,-0.031351,0.058457,0.997798,0,0.85323,0.00000,51.194,0.000,-1,375.000,-1,375.000,-1,300.000,300.000,300.000,325.000,-1,650.000,575.000,850.000,700.000,725.000,-1,-1,2,0,2,0,2,0,0,0,0,2,0,0,1,0,0,2,2
16,-3656.811,2416.109,255.837,7.507,0.990758,-0.130426,0.037255,0.132343,0.989692,-0.054728,-0.029733,0.059152,0.997806,0,0.85124,0.10324,51.074,0.206,-1,375.000,-1,375.000,-1,300.000,325.000,325.000,325.000,-1,650.000,575.000,800.000,700.000,725.000,-1,-1,2,0,2,0,2,0,0,0,0,2,0,0,1,0,0,2,2
17,-3610.982,2422.513,254.521,7.954,0.989759,-0.138128,0.036038,0.139984,0.988602,-0.055408,-0.027974,0.059885,0.997813,0,0.77124,0.22324,46.274,0.446,-1,375.000,-1,375.000,-1,325.000,325.000,325.000,325.000,-1,625.000,575.000,800.000,700.000,700.000,-1,-1,2,0,2,0,2,0,0,0,0,2,0,0,1,0,0,2,2
18,-3567.608,2429.105,253.319,8.640,0.988078,-0.149956,0.034859,0.151744,0.986829,-0.056050,-0.025995,0.060671,0.997819,0,0.73120,0.34324,43.872,0.686,-1,375.000,-1,375.000,-1,325.000,325.000,325.000,325.000,-1,625.000,575.000,775.000,700.000,700.000,-1,-1,2,0,2,0,2,0,0,0,0,2,0,0,1,0,0,2,2
19,-3524.468,2436.320,252.174,9.494,0.985780,-0.164633,0.033662,0.166345,0.984436,-0.056696,-0.023804,0.061490,0.997824,0,0.72901,0.42683,43.740,0.854,-1,375.000,-1,375.000,-1,325.000,325.000,325.000,325.000,-1,600.000,575.000,775.000,700.000,700.000,-1,-1,2,0,2,0,2,0,0,0,0,2,0,0,1,0,0,2,2
20,-3481.571,2444.155,251.085,10.349,0.983259,-0.179300,0.032461,0.180932,0.981822,-0.057347,-0.021589,0.062260,0.997826,0,0.72678,0.42763,43.607,0.855,-1,375.000,-1,375.000,-1,325.000,325.000,325.000,325.000,-1,600.000,550.000,775.000,700.000,700.000,-1,-1,2,0,2,0,2,0,0,0,0,2,0,0,1,0,0,2,2
21,-3438.919,2452.606,250.054,11.207,0.980511,-0.193960,0.031255,0.195507,0.978986,-0.058000,-0.019349,0.062980,0.997827,0,0.72470,0.42860,43.482,0.857,-1,375.000,-1,375.000,-1,325.000,325.000,325.000,325.000,-1,575.000,550.000,775.000,700.000,700.000,-1,-1,2,0,2,0,2,0,0,0,0,2,0,0,1,0,0,2,2
22,-3396.511,2461.672,249.082,12.066,0.977536,-0.208614,0.030045,0.210073,0.975925,-0.058655,-0.017086,0.063649,0.997826,0,0.72278,0.42973,43.367,0.859,-1,375.000,-1,375.000,-1,325.000,325.000,325.000,325.000,-1,575.000,525.000,775.000,700.000,700.000,-1,-1,2,0,2,0,2,0,0,0,0,2,0,0,1,0,0,2,2
23,-3354.345,2471.352,248.130,12.928,0.974328,-0.223262,0.028977,0.224640,0.972628,-0.059427,-0.014917,0.064410,0.997812,0,0.72104,0.43101,43.263,0.862,-1,375.000,-1,375.000,-1,300.000,300.000,325.000,325.000,-1,550.000,500.000,775.000,725.000,700.000,-1,-1,2,0,2,0,2,0,0,0,0,2,0,0,1,0,0,2,2
24,-3312.421,2481.645,247.451,13.793,0.970877,-0.237918,0.028170,0.239217,0.969152,-0.059333,-0.013185,0.064343,0.997841,0,0.71950,0.43244,43.170,0.865,-1,375.000,-1,375.000,-1,300.000,300.000,325.000,325.000,-1,550.000,525.000,775.000,725.000,700.000,-1,-1,2,0,2,0,2,0,0,0,0,2,0,0,1,0,0,2,2
25,-3270.734,2492.550,246.970,14.661,0.967201,-0.252583,0.026898,0.253768,0.965475,-0.058819,-0.011113,0.063716,0.997906,0,0.71817,0.43401,43.090,0.868,-1,375.000,-1,375.000,-1,300.000,300.000,325.000,325.000,-1,525.000,525.000,800.000,725.000,700.000,-1,-1,2,0,2,0,2,0,0,0,0,2,0,0,1,0,0,2,2
26,-3229.283,2504.071,246.543,15.532,0.963287,-0.267249,0.025611,0.268321,0.961562,-0.058336,-0.009037,0.063066,0.997968,0,0.71704,0.43572,43.023,0.871,-1,375.000,-1,375.000,-1,300.000,300.000,325.000,325.000,-1,525.000,525.000,800.000,725.000,700.000,-1,-1,2,0,2,0,2,0,0,0,0,2,0,0,1,0,0,2,2
27,-3188.065,2516.208,246.288,16.407,0.959121,-0.281907,0.024813,0.282902,0.957379,-0.058233,-0.007339,0.062872,0.997995,0,0.71614,0.43756,42.969,0.875,-1,375.000,-1,375.000,-1,300.000,300.000,325.000,325.000,-1,525.000,550.000,800.000,750.000,700.000,-1,-1,2,0,2,0,2,0,0,0,0,2,0,0,1,0,0,2,2
28,-3147.076,2528.964,246.204,17.287,0.954718,-0.296558,0.023833,0.297466,0.952926,-0.058693,-0.005305,0.063124,0.997992,0,0.71546,0.43954,42.928,0.879,-1,375.000,-1,375.000,-1,300.000,300.000,325.000,325.000,-1,550.000,550.000,825.000,750.000,700.000,-1,-1,2,0,2,0,2,0,0,0,0,2,0,0,1,0,0,2,2
29,-3106.315,2542.342,246.175,18.170,0.950067,-0.311207,0.022863,0.312029,0.948228,-0.059171,-0.003265,0.063350,0.997986,0,0.71501,0.44163,42.901,0.883,-1,375.000,-1,375.000,-1,300.000,300.000,325.000,325.000,-1,550.000,575.000,825.000,750.000,700.000,-1,-1,2,0,2,0,2,0,0,0,0,2,0,0,1,0,0,2,2
30,-3065.780,2556.346,246.201,19.057,0.945165,-0.325856,0.021911,0.326590,0.943282,-0.059652,-0.001230,0.063537,0.997979,0,0.71478,0.44384,42.887,0.888,-1,375.000,-1,375.000,-1,325.000,325.000,325.000,325.000,-1,550.000,575.000,825.000,775.000,700.000,-1,-1,2,0,2,0,2,0,0,0,0,2,0,0,1,0,0,2,2
31,-3020.886,2572.425,246.285,19.705,0.941454,-0.336495,0.020874,0.337141,0.939529,-0.060174,0.000636,0.063689,0.997970,0,0.79478,0.32384,47.687,0.648,-1,375.000,-1,375.000,-1,325.000,325.000,325.000,325.000,-1,575.000,600.000,850.000,775.000,700.000,-1,-1,2,0,2,0,2,0,0,0,0,2,0,0,1,0,0,2,2
32,-2971.600,2590.474,246.378,20.113,0.939063,-0.343173,0.019836,0.343739,0.937115,-0.060488,0.002169,0.063620,0.997972,0,0.87478,0.20384,52.487,0.408,-1,400.000,-1,375.000,-1,325.000,325.000,350.000,325.000,-1,575.000,600.000,875.000,775.000,700.000,-1,-1,2,0,2,0,2,0,0,0,0,2,0,0,1,0,0,2,2
33,-2922.072,2608.829,246.331,20.336,0.937732,-0.346834,0.019100,0.347347,0.935822,-0.059901,0.002901,0.062805,0.998022,0,0.88033,0.11145,52.820,0.223,-1,400.000,-1,375.000,-1,325.000,325.000,350.000,325.000,-1,600.000,650.000,900.000,775.000,700.000,-1,-1,2,0,2,0,2,0,0,0,0,2,0,0,1,0,0,2,2
34,-2872.645,2627.371,246.320,20.563,0.936360,-0.350560,0.018369,0.351022,0.934487,-0.059314,0.003628,0.061987,0.998070,0,0.87984,0.11360,52.790,0.227,-1,400.000,-1,375.000,-1,300.000,300.000,350.000,325.000,-1,650.000,675.000,925.000,775.000,700.000,-1,-1,2,0,2,0,2,0,0,0,0,2,0,0,1,0,0,2,2
35,-2823.327,2646.098,246.313,20.793,0.934956,-0.354327,0.017596,0.354736,0.933111,-0.058869,0.004440,0.061282,0.998111,0,0.87923,0.11510,52.754,0.230,-1,400.000,-1,375.000,-1,300.000,300.000,350.000,325.000,-1,650.000,700.000,975.000,775.000,700.000,-1,-1,2,0,2,0,2,0,0,0,0,2,0,0,1,0,0,2,2
36,-2774.127,2665.009,246.297,21.026,0.933521,-0.358130,0.016764,0.358482,0.931694,-0.058625,0.005376,0.060738,0.998139,0,0.87850,0.11648,52.710,0.233,-1,400.000,-1,375.000,-1,300.000,300.000,350.000,325.000,-1,675.000,725.000,1000.000,775.000,700.000,-1,-1,2,0,2,0,2,0,0,0,0,2,0,0,1,0,0,2,2
37,-2725.051,2684.104,246.388,21.262,0.932050,-0.361974,0.016037,0.362277,0.930259,-0.058073,0.006102,0.059937,0.998184,0,0.87766,0.11774,52.660,0.235,-1,400.000,-1,375.000,-1,300.000,300.000,350.000,325.000,-1,700.000,750.000,-1,775.000,700.000,-1,-1,2,0,2,0,2,0,0,0,0,2,0,0,2,0,0,2,2
38,-2676.108,2703.382,246.676,21.499,0.930542,-0.365861,0.015387,0.366127,0.928827,-0.056857,0.006510,0.058541,0.998264,0,0.87671,0.11887,52.603,0.238,-1,400.000,-1,375.000,-1,300.000,300.000,350.000,325.000,-1,750.000,800.000,-1,775.000,700.000,-1,-1,2,0,2,0,2,0,0,0,0,2,0,0,2,0,0,2,2
39,-2627.304,2722.841,247.082,21.739,0.929008,-0.369781,0.014374,0.369990,0.927378,-0.055466,0.007180,0.056847,0.998357,0,0.87568,0.11988,52.541,0.240,-1,400.000,-1,375.000,-1,300.000,300.000,350.000,325.000,-1,775.000,825.000,-1,775.000,700.000,-1,-1,2,0,2,0,2,0,0,0,0,2,0,0,2,0,0,2,2
40,-2578.645,2742.480,247.517,21.981,0.927445,-0.373721,0.013361,0.373878,0.925898,-0.054111,0.007852,0.055180,0.998446,0,0.87455,0.12075,52.473,0.242,-1,400.000,-1,375.000,-1,300.000,300.000,350.000,325.000,-1,825.000,875.000,-1,775.000,700.000,-1,-1,2,0,2,0,2,0,0,0,0,2,0,0,2,0,0,2,2
41,-2529.085,2762.710,248.068,22.206,0.925967,-0.377392,0.012675,0.377515,0.924488,-0.052963,0.008270,0.053827,0.998516,0,0.89217,0.11281,53.530,0.226,-1,400.000,-1,375.000,-1,300.000,300.000,350.000,325.000,-1,850.000,925.000,-1,775.000,700.000,-1,-1,2,0,2,0,2,0,0,0,0,2,0,0,2,0,0,2,2
42,-2479.606,2783.142,248.751,22.438,0.924429,-0.381156,0.012302,0.381259,0.922995,-0.052159,0.008526,0.052908,0.998563,0,0.89219,0.11615,53.532,0.232,-1,400.000,-1,375.000,-1,300.000,300.000,350.000,325.000,-1,925.000,1000.000,-1,750.000,700.000,-1,-1,2,0,2,0,2,0,0,0,0,2,0,0,2,0,0,2,2
43,-2430.222,2803.777,249.523,22.678,0.922833,-0.385018,0.011833,0.385094,0.921428,-0.051690,0.008998,0.052258,0.998593,0,0.89202,0.11955,53.521,0.239,-1,400.000,-1,375.000,-1,300.000,300.000,350.000,325.000,-1,975.000,-1,-1,750.000,700.000,-1,-1,2,0,2,0,2,0,0,0,0,2,0,2,2,0,0,2,2
44,-2380.947,2824.615,250.324,22.924,0.921175,-0.388983,0.011361,0.389034,0.919797,-0.051244,0.009484,0.051625,0.998622,0,0.89166,0.12300,53.500,0.246,-1,400.000,-1,375.000,-1,300.000,300.000,350.000,325.000,-1,-1,-1,-1,750.000,700.000,-1,-1,2,0,2,0,2,0,0,0,0,2,2,2,2,0,0,2,2
45,-2331.795,2845.656,250.960,23.177,0.919455,-0.393069,0.009995,0.393053,0.918136,-0.050347,0.010613,0.050221,0.998682,0,0.89111,0.12650,53.466,0.253,-1,400.000,-1,375.000,-1,325.000,300.000,350.000,325.000,-1,-1,-1,-1,775.000,700.000,-1,-1,2,0,2,0,2,0,0,0,0,2,2,2,2,0,0,2,2
46,-2282.781,2866.903,251.590,23.437,0.917666,-0.397263,0.008469,0.397176,0.916412,-0.049402,0.011864,0.048698,0.998743,0,0.89035,0.13004,53.421,0.260,-1,400.000,-1,375.000,-1,325.000,300.000,325.000,325.000,-1,1000.000,-1,-1,775.000,700.000,-1,-1,2,0,2,0,2,0,0,0,0,2,0,2,2,0,0,2,2
47,-2233.919,2888.355,252.255,23.704,0.915806,-0.401561,0.006951,0.401406,0.914615,-0.048499,0.013118,0.047206,0.998799,0,0.88940,0.13360,53.364,0.267,-1,400.000,-1,375.000,-1,325.000,300.000,325.000,325.000,-1,975.000,-1,-1,775.000,700.000,-1,-1,2,0,2,0,2,0,0,0,0,2,0,2,2,1,0,2,2
48,-2185.222,2910.013,252.953,23.978,0.913873,-0.405963,0.005442,0.405745,0.912744,-0.047641,0.014373,0.045746,0.998850,0,0.88826,0.13717,53.296,0.274,-1,400.000,-1,375.000,-1,325.000,300.000,325.000,325.000,-1,950.000,-1,-1,-1,700.000,-1,-1,2,0,2,0,2,0,0,0,0,2,0,2,2,2,0,2,2
49,-2136.705,2931.876,253.684,24.258,0.911877,-0.410445,0.003943,0.410166,0.910808,-0.046828,0.015629,0.044318,0.998895,0,0.88693,0.13999,53.216,0.280,-1,400.000,-1,375.000,-1,325.000,300.000,325.000,325.000,-1,925.000,-1,-1,-1,725.000,-1,-1,2,0,2,0,2,0,0,0,0,2,0,2,2,2,0,2,2
50,-2088.378,2953.941,254.492,24.541,0.909833,-0.414966,0.002502,0.414635,0.908831,-0.045866,0.016759,0.042767,0.998944,0,0.88542,0.14150,53.125,0.283,-1,400.000,-1,375.000,-1,325.000,325.000,325.000,325.000,-1,925.000,-1,-1,-1,725.000,-1,-1,2,0,2,0,2,0,0,0,0,2,0,2,2,2,0,2,2
51,-2037.508,2977.213,255.437,24.584,0.909511,-0.415680,0.001073,0.415310,0.908588,-0.044558,0.017548,0.040972,0.999006,0,0.93235,0.02150,55.941,0.043,-1,400.000,-1,375.000,-1,325.000,325.000,325.000,325.000,-1,900.000,-1,-1,-1,725.000,-1,-1,2,0,2,0,2,0,0,0,0,2,0,2,2,2,0,2,2
52,-1986.680,3000.255,256.463,24.387,0.910919,-0.412585,-0.000657,0.412175,0.910082,-0.043158,0.018404,0.039043,0.999068,0,0.93011,-0.09850,55.807,-0.197,-1,400.000,-1,375.000,-1,325.000,325.000,325.000,325.000,-1,900.000,-1,-1,-1,750.000,-1,-1,2,0,2,0,2,0,0,0,0,2,0,2,2,2,0,2,2
53,-1935.825,3022.843,257.480,23.950,0.914022,-0.405658,-0.002307,0.405216,0.913263,-0.041837,0.019078,0.037305,0.999122,0,0.92743,-0.21850,55.646,-0.437,-1,400.000,-1,400.000,-1,325.000,325.000,325.000,325.000,-1,875.000,-1,-1,-1,750.000,-1,-1,2,0,2,0,2,0,0,0,0,2,0,2,2,2,0,2,2
54,-1884.879,3044.755,258.497,23.273,0.918733,-0.394860,-0.003765,0.394396,0.918041,-0.040636,0.019502,0.035849,0.999167,0,0.92430,-0.33850,55.458,-0.677,-1,400.000,-1,400.000,-1,325.000,325.000,325.000,325.000,-1,850.000,-1,-1,-1,775.000,-1,-1,2,0,2,0,2,0,0,0,0,2,0,2,2,2,0,2,2
55,-1833.784,3065.768,259.467,22.356,0.924925,-0.380125,-0.004345,0.379665,0.924262,-0.039917,0.019189,0.035271,0.999194,0,0.92078,-0.45850,55.247,-0.917,-1,400.000,-1,400.000,-1,325.000,325.000,325.000,325.000,-1,800.000,-1,-1,-1,775.000,-1,-1,2,0,2,0,2,0,0,1,0,2,0,2,2,2,0,2,2
56,-1782.493,3085.662,260.372,21.199,0.932403,-0.361390,-0.004728,0.360943,0.931763,-0.039206,0.018574,0.034849,0.999220,0,0.91690,-0.57850,55.014,-1.157,-1,400.000,-1,400.000,-1,325.000,325.000,-1,325.000,-1,750.000,-1,-1,-1,775.000,-1,-1,2,0,2,0,2,0,0,2,0,2,0,2,2,2,0,2,2
57,-1730.988,3104.270,261.251,19.864,0.940559,-0.339593,-0.005046,0.339163,0.939938,-0.038529,0.017827,0.034528,0.999245,0,0.91273,-0.66733,54.764,-1.335,-1,400.000,-1,400.000,-1,325.000,325.000,-1,325.000,-1,675.000,-1,-1,-1,775.000,-1,-1,2,0,2,0,2,0,0,2,0,2,0,2,2,2,0,2,2
58,-1679.307,3121.591,262.098,18.529,0.948211,-0.317597,-0.005280,0.317183,0.947606,-0.037933,0.017051,0.034294,0.999266,0,0.90844,-0.66774,54.506,-1.335,-1,400.000,-1,400.000,-1,325.000,325.000,-1,325.000,-1,600.000,-1,-1,-1,800.000,-1,-1,2,0,2,0,2,0,0,2,0,2,0,2,2,2,0,2,2
59,-1627.472,3137.628,262.912,17.192,0.955357,-0.295402,-0.005438,0.295006,0.954763,-0.037417,0.016245,0.034142,0.999285,0,0.90431,-0.66847,54.258,-1.337,-1,400.000,-1,400.000,-1,325.000,325.000,-1,325.000,-1,575.000,-1,-1,-1,800.000,-1,-1,2,0,2,0,2,0,0,2,0,2,0,2,2,2,0,2,2
60,-1571.868,3153.356,263.742,15.793,0.962278,-0.272012,-0.005533,0.271633,0.961691,-0.036964,0.015376,0.034067,0.999301,0,0.96309,-0.69930,57.786,-1.399,-1,400.000,-1,400.000,-1,325.000,325.000,350.000,325.000,-1,650.000,1000.000,-1,-1,800.000,-1,-1,2,0,2,0,2,0,0,1,0,2,0,0,2,2,0,2,2
61,-1515.932,3167.725,264.535,14.407,0.968574,-0.248664,-0.005564,0.248304,0.967990,-0.036607,0.014488,0.034075,0.999314,0,0.96252,-0.69319,57.751,-1.386,-1,400.000,-1,400.000,-1,325.000,325.000,325.000,325.000,-1,725.000,950.000,-1,-1,800.000,-1,-1,2,0,2,0,2,0,0,1,0,2,0,0,2,2,0,2,2
62,-1459.740,3180.733,265.288,13.034,0.974253,-0.225391,-0.005540,0.225049,0.973669,-0.036344,0.013586,0.034162,0.999324,0,0.96130,-0.68671,57.678,-1.373,-1,400.000,-1,400.000,-1,325.000,325.000,350.000,325.000,-1,800.000,925.000,-1,-1,800.000,-1,-1,2,0,2,0,2,0,0,1,0,2,0,0,2,2,0,2,2
63,-1403.367,3192.380,266.000,11.674,0.979325,-0.202221,-0.005473,0.201897,0.978738,-0.036175,0.012671,0.034322,0.999330,0,0.95940,-0.67990,57.564,-1.360,-1,400.000,-1,400.000,-1,325.000,325.000,425.000,325.000,-1,900.000,925.000,-1,-1,825.000,-1,-1,2,0,2,0,2,0,0,1,0,2,0,0,2,2,0,2,2
64,-1346.889,3202.672,266.701,10.328,0.983802,-0.179181,-0.005287,0.178881,0.983213,-0.035957,0.011641,0.034429,0.999339,0,0.95679,-0.67278,57.407,-1.346,-1,400.000,-1,400.000,-1,325.000,325.000,525.000,325.000,-1,1000.000,925.000,-1,-1,850.000,-1,-1,2,0,2,0,2,0,0,1,0,2,0,0,2,2,0,2,2
65,-1290.385,3211.619,267.260,8.997,0.987700,-0.156295,-0.004486,0.156034,0.987092,-0.036105,0.010071,0.034961,0.999338,0,0.95346,-0.66541,57.208,-1.331,-1,400.000,-1,400.000,-1,325.000,325.000,725.000,325.000,-1,-1,1000.000,-1,-1,850.000,-1,-1,2,0,2,0,2,0,0,1,0,2,2,0,2,2,0,2,2
66,-1233.930,3219.234,267.639,7.682,0.991031,-0.133588,-0.003451,0.133381,0.990418,-0.035794,0.008200,0.035012,0.999353,0,0.94944,-0.65786,56.967,-1.316,-1,400.000,-1,400.000,-1,325.000,325.000,-1,325.000,-1,-1,-1,-1,-1,850.000,-1,-1,2,0,2,0,2,0,0,2,0,2,2,2,2,2,0,2,2
67,-1177.594,3225.534,267.873,6.381,0.993809,-0.111078,-0.002194,0.110932,0.993205,-0.035191,0.006088,0.034729,0.999378,0,0.94478,-0.65021,56.687,-1.300,-1,400.000,-1,400.000,-1,325.000,325.000,-1,325.000,-1,-1,-1,-1,-1,875.000,-1,-1,2,0,2,0,2,0,0,2,0,2,2,2,2,2,0,2,2
68,-1121.445,3230.533,267.999,5.087,0.996065,-0.088621,-0.001078,0.088529,0.995462,-0.034912,0.004167,0.034679,0.999390,0,0.93952,-0.64698,56.371,-1.294,-1,400.000,-1,400.000,-1,325.000,325.000,-1,325.000,-1,-1,-1,-1,-1,875.000,-1,-1,2,0,2,0,2,0,0,2,0,2,2,2,2,2,0,2,2
69,-1065.541,3234.242,268.040,3.796,0.997809,-0.066161,-0.000066,0.066119,0.997203,-0.034860,0.002372,0.034780,0.999392,0,0.93378,-0.64575,56.027,-1.292,-1,400.000,-1,400.000,-1,325.000,325.000,-1,325.000,-1,-1,-1,-1,-1,875.000,-1,-1,2,0,2,0,2,0,0,2,0,2,2,2,2,2,0,2,2
70,-1007.722,3237.013,268.049,2.744,0.998854,-0.047850,0.000986,0.047856,0.998246,-0.034859,0.000684,0.034866,0.999392,0,0.96476,-0.52575,57.885,-1.052,-1,400.000,-1,400.000,-1,325.000,325.000,-1,325.000,-1,-1,-1,-1,1000.000,900.000,-1,-1,2,0,2,0,2,0,0,2,0,2,2,2,2,1,0,2,2
71,-950.241,3238.953,268.034,1.933,0.999430,-0.033707,0.002034,0.033758,0.998821,-0.034895,-0.000856,0.034944,0.999389,0,0.95856,-0.40575,57.514,-0.812,-1,400.000,-1,400.000,-1,325.000,325.000,-1,325.000,-1,-1,-1,-1,950.000,900.000,-1,-1,2,0,2,0,2,0,0,2,0,2,2,2,2,1,0,2,2
72,-893.100,3240.311,268.000,1.361,0.999713,-0.023743,0.003076,0.023836,0.999105,-0.034954,-0.002243,0.035017,0.999384,0,0.95262,-0.28575,57.157,-0.572,-1,400.000,-1,400.000,-1,325.000,325.000,-1,325.000,-1,-1,-1,-1,925.000,925.000,-1,-1,2,0,2,0,2,0,0,2,0,2,2,2,2,1,0,2,2
73,-836.285,3241.332,267.957,1.030,0.999830,-0.017962,0.004110,0.018095,0.999223,-0.035022,-0.003478,0.035091,0.999378,0,0.94706,-0.16575,56.824,-0.332,-1,425.000,-1,425.000,-1,325.000,325.000,-1,325.000,-1,-1,-1,-1,925.000,925.000,-1,-1,2,0,2,0,2,0,0,2,0,2,2,2,2,0,0,2,2
74,-779.773,3242.257,267.911,0.938,0.999853,-0.016366,0.005136,0.016536,0.999247,-0.035087,-0.004558,0.035167,0.999371,0,0.94199,-0.04575,56.520,-0.092,-1,425.000,-1,425.000,-1,325.000,325.000,-1,325.000,-1,-1,-1,-1,950.000,975.000,-1,-1,2,0,2,0,2,0,0,2,0,2,2,2,2,0,0,2,2
75,-723.531,3243.142,267.864,0.901,0.999858,-0.015718,0.006157,0.015925,0.999255,-0.035150,-0.005600,0.035243,0.999363,0,0.93749,-0.01856,56.249,-0.037,-1,425.000,-1,425.000,-1,350.000,350.000,-1,325.000,-1,-1,-1,-1,975.000,1000.000,-1,-1,2,0,2,0,2,0,0,2,0,2,2,2,2,0,0,2,2
76,-667.538,3243.984,267.816,0.862,0.999861,-0.015035,0.007174,0.015278,0.999263,-0.035215,-0.006639,0.035320,0.999354,0,0.93333,-0.01959,56.000,-0.039,-1,425.000,-1,425.000,-1,350.000,350.000,-1,325.000,-1,-1,-1,-1,1000.000,-1,-1,-1,2,0,2,0,2,0,0,2,0,2,2,2,2,0,2,2,2
77,-611.775,3244.783,266.723,0.820,0.999852,-0.014306,0.009563,0.014638,0.999262,-0.035512,-0.009048,0.035647,0.999323,0,0.92948,-0.02088,55.769,-0.042,-1,425.000,-1,425.000,-1,350.000,350.000,-1,325.000,-1,-1,-1,-1,1000.000,-1,-1,-1,2,0,2,0,2,0,0,2,0,2,2,2,2,0,2,2,2
78,-553.231,3245.580,265.274,0.780,0.999825,-0.013609,0.012850,0.014057,0.999273,-0.035452,-0.012358,0.035626,0.999289,0,0.97582,-0.01999,58.549,-0.040,-1,425.000,-1,425.000,-1,350.000,350.000,-1,325.000,-1,-1,-1,-1,1000.000,-1,-1,-1,2,0,2,0,2,0,0,2,0,2,2,2,2,0,2,2,2
79,-494.933,3246.335,263.830,0.743,0.999786,-0.012958,0.016122,0.013523,0.999282,-0.035396,-0.015652,0.035606,0.999243,0,0.97171,-0.01866,58.303,-0.037,-1,425.000,-1,425.000,-1,350.000,350.000,-1,325.000,-1,-1,-1,-1,1000.000,-1,-1,-1,2,0,2,0,2,0,0,2,0,2,2,2,2,0,2,2,2
80,-436.900,3247.052,262.391,0.708,0.999736,-0.012344,0.019379,0.013023,0.999290,-0.035345,-0.018929,0.035588,0.999187,0,0.96730,-0.01761,58.038,-0.035,-1,425.000,-1,425.000,-1,325.000,325.000,-1,300.000,-1,-1,-1,-1,975.000,1000.000,-1,-1,2,0,2,0,2,0,0,2,0,2,2,2,2,0,0,2,2
81,-379.145,3247.731,260.958,0.674,0.999675,-0.011756,0.022619,0.012550,0.999298,-0.035297,-0.022188,0.035570,0.999121,0,0.96265,-0.01686,57.759,-0.034,-1,425.000,-1,425.000,-1,325.000,325.000,-1,300.000,-1,-1,-1,-1,975.000,1000.000,-1,-1,2,0,2,0,2,0,0,2,0,2,2,2,2,0,0,2,2
82,-321.677,3248.374,259.530,0.641,0.999603,-0.011184,0.025842,0.012092,0.999305,-0.035254,-0.025430,0.035552,0.999044,0,0.95784,-0.01639,57.471,-0.033,-1,425.000,-1,425.000,-1,325.000,325.000,-1,300.000,-1,-1,-1,-1,975.000,1000.000,-1,-1,2,0,2,0,2,0,0,2,0,2,2,2,2,0,0,2,2
83,-264.502,3248.981,258.109,0.609,0.999522,-0.010618,0.029048,0.011639,0.999312,-0.035214,-0.028654,0.035535,0.998958,0,0.95297,-0.01622,57.178,-0.032,-1,425.000,-1,425.000,-1,325.000,325.000,-1,300.000,-1,-1,-1,-1,975.000,1000.000,-1,-1,2,0,2,0,2,0,0,2,0,2,2,2,2,0,0,2,2
84,-207.618,3249.553,256.694,0.576,0.999430,-0.010048,0.032236,0.011181,0.999319,-0.035177,-0.031860,0.035517,0.998861,0,0.94811,-0.01635,56.887,-0.033,-1,425.000,-1,425.000,-1,325.000,325.000,-1,300.000,-1,-1,-1,-1,950.000,975.000,-1,-1,2,0,2,0,2,0,0,2,0,2,2,2,2,0,0,2,2
85,-151.019,3250.088,255.285,0.543,0.999328,-0.009464,0.035407,0.010709,0.999325,-0.035144,-0.035050,0.035499,0.998755,0,0.94336,-0.01675,56.601,-0.034,-1,425.000,-1,425.000,-1,350.000,350.000,-1,325.000,-1,-1,-1,-1,975.000,975.000,-1,-1,2,0,2,0,2,0,0,2,0,2,2,2,2,0,0,2,2
86,-94.694,3250.587,253.881,0.508,0.999217,-0.008855,0.038561,0.010212,0.999331,-0.035115,-0.038224,0.035481,0.998639,0,0.93878,-0.01743,56.327,-0.035,-1,425.000,-1,425.000,-1,350.000,350.000,-1,325.000,-1,-1,-1,-1,975.000,975.000,-1,-1,2,0,2,0,2,0,0,2,0,2,2,2,2,0,0,2,2
87,-38.629,3251.048,252.482,0.471,0.999096,-0.008214,0.041699,0.009681,0.999337,-0.035090,-0.041384,0.035462,0.998514,0,0.93446,-0.01838,56.067,-0.037,-1,425.000,-1,425.000,-1,350.000,350.000,-1,325.000,-1,-1,-1,-1,975.000,1000.000,-1,-1,2,0,2,0,2,0,0,2,0,2,2,2,2,0,0,2,2
88,17.196,3251.468,250.364,0.432,0.998993,-0.007531,0.044235,0.009101,0.999332,-0.035401,-0.043939,0.035768,0.998394,0,0.93044,-0.01959,55.826,-0.039,-1,425.000,-1,425.000,-1,350.000,350.000,-1,325.000,-1,-1,-1,-1,975.000,975.000,-1,-1,2,0,2,0,2,0,0,2,0,2,2,2,2,0,0,2,2
89,72.801,3251.846,246.928,0.390,0.998851,-0.006797,0.047439,0.008486,0.999334,-0.035492,-0.047166,0.035854,0.998243,0,0.92677,-0.02104,55.606,-0.042,-1,425.000,-1,425.000,-1,350.000,350.000,-1,325.000,-1,-1,-1,-1,975.000,975.000,-1,-1,2,0,2,0,2,0,0,2,0,2,2,2,2,0,0,2,2
90,128.209,3252.179,243.503,0.344,0.998699,-0.006005,0.050631,0.007813,0.999336,-0.035586,-0.050383,0.035935,0.998083,0,0.92348,-0.02271,55.409,-0.045,-1,425.000,-1,425.000,-1,350.000,350.000,625.000,300.000,-1,-1,-1,-1,950.000,950.000,-1,-1,2,0,2,0,2,0,0,1,0,2,2,2,2,0,0,2,2
91,183.444,3252.463,240.087,0.295,0.998538,-0.005146,0.053810,0.007073,0.999338,-0.035684,-0.053591,0.036012,0.997913,0,0.92059,-0.02461,55.235,-0.049,-1,425.000,-1,425.000,-1,350.000,350.000,425.000,300.000,-1,-1,-1,-1,950.000,950.000,-1,-1,2,0,2,0,2,0,0,1,0,2,2,2,2,0,0,2,2
92,238.531,3252.695,236.679,0.242,0.998366,-0.004215,0.056980,0.006261,0.999340,-0.035786,-0.056792,0.036084,0.997734,0,0.91812,-0.02670,55.087,-0.053,-1,425.000,-1,425.000,-1,325.000,325.000,350.000,300.000,-1,-1,-1,-1,925.000,925.000,-1,-1,2,0,2,0,2,0,0,1,0,2,2,2,2,0,0,2,2
93,293.495,3252.871,233.276,0.184,0.998185,-0.003204,0.060141,0.005370,0.999341,-0.035893,-0.059987,0.036151,0.997544,0,0.91605,-0.02899,54.963,-0.058,-1,425.000,-1,425.000,-1,325.000,325.000,300.000,300.000,-1,-1,-1,-1,925.000,900.000,-1,-1,2,0,2,0,2,0,0,0,0,2,2,2,2,0,0,2,2
94,348.359,3252.986,229.877,0.121,0.997993,-0.002107,0.063295,0.004393,0.999342,-0.036007,-0.063177,0.036213,0.997345,0,0.91440,-0.03145,54.864,-0.063,-1,400.000,-1,425.000,-1,325.000,325.000,300.000,300.000,-1,-1,-1,-1,900.000,900.000,-1,-1,2,0,2,0,2,0,0,0,0,2,2,2,2,0,0,2,2
95,403.148,3253.036,226.480,0.053,0.997790,-0.000918,0.066442,0.003325,0.999342,-0.036127,-0.066366,0.036268,0.997136,0,0.91314,-0.03407,54.788,-0.068,-1,400.000,-1,425.000,-1,325.000,325.000,300.000,300.000,-1,-1,-1,-1,900.000,875.000,-1,-1,2,0,2,0,2,0,0,0,0,2,2,2,2,0,0,2,2
96,457.884,3253.016,223.084,-0.021,0.997576,0.000368,0.069585,0.002161,0.999340,-0.036255,-0.069553,0.036317,0.996917,0,0.91226,-0.03685,54.735,-0.074,-1,400.000,-1,425.000,-1,325.000,325.000,300.000,300.000,-1,-1,-1,-1,900.000,875.000,-1,-1,2,0,2,0,2,0,0,0,0,2,2,2,2,0,0,2,2
97,512.589,3252.920,219.688,-0.101,0.997351,0.001755,0.072724,0.000895,0.999337,-0.036391,-0.072740,0.036360,0.996688,0,0.91174,-0.03977,54.704,-0.080,-1,425.000,-1,400.000,-1,325.000,325.000,300.000,300.000,-1,-1,-1,-1,875.000,850.000,-1,-1,2,0,2,0,2,0,0,0,0,2,2,2,2,0,0,2,2
98,562.493,3252.972,216.595,0.060,0.997139,-0.001044,0.075584,0.003810,0.999328,-0.036467,-0.075495,0.036651,0.996472,0,0.83174,0.08023,49.904,0.160,-1,425.000,-1,400.000,-1,325.000,325.000,300.000,325.000,-1,-1,-1,-1,875.000,850.000,-1,-1,2,0,2,0,2,0,0,0,0,2,2,2,2,0,0,2,2
99,607.597,3253.334,213.812,0.460,0.996908,-0.008028,0.078163,0.010905,0.999276,-0.036450,-0.077813,0.037189,0.996274,0,0.75174,0.20023,45.104,0.400,-1,425.000,-1,400.000,-1,325.000,325.000,325.000,325.000,-1,-1,-1,-1,875.000,850.000,-1,-1,2,0,2,0,2,0,0,0,0,2,2,2,2,0,0,2,2
100,647.894,3254.108,211.297,1.101,0.996584,-0.019196,0.080326,0.022185,0.999088,-0.036485,-0.079552,0.038143,0.996101,0,0.67174,0.32023,40.304,0.640,-1,425.000,-1,400.000,-1,325.000,325.000,325.000,325.000,-1,-1,-1,-1,900.000,850.000,-1,-1,2,0,2,0,2,0,0,0,0,2,2,2,2,0,0,2,2
101,683.377,3255.336,208.298,1.981,0.996102,-0.034544,0.081163,0.037641,0.998608,-0.036945,-0.079774,0.039856,0.996016,0,0.59174,0.44023,35.504,0.880,-1,425.000,-1,400.000,-1,325.000,325.000,325.000,325.000,-1,-1,-1,-1,900.000,850.000,-1,-1,2,0,2,0,2,0,0,0,0,2,2,2,2,0,0,2,2
102,714.040,3256.924,205.585,2.962,0.995288,-0.051627,0.082071,0.054805,0.997813,-0.036958,-0.079984,0.041282,0.995941,0,0.51174,0.49032,30.704,0.981,-1,425.000,-1,400.000,-1,325.000,325.000,325.000,325.000,-1,-1,-1,-1,900.000,825.000,-1,-1,2,0,2,0,2,0,0,0,0,2,2,2,2,0,0,2,2
103,739.883,3258.704,203.316,3.939,0.994198,-0.068628,0.082835,0.071882,0.996728,-0.036968,-0.080026,0.042708,0.995877,0,0.43174,0.48847,25.904,0.977,-1,400.000,-1,400.000,-1,325.000,325.000,325.000,325.000,-1,-1,-1,-1,900.000,825.000,-1,-1,2,0,2,0,2,0,0,0,0,2,2,2,2,0,0,2,2
104,760.910,3260.511,201.483,4.913,0.992832,-0.085553,0.083454,0.088879,0.995356,-0.036982,-0.079902,0.044134,0.995825,0,0.35174,0.48692,21.104,0.974,-1,400.000,-1,400.000,-1,325.000,325.000,325.000,325.000,-1,-1,-1,-1,900.000,825.000,-1,-1,2,0,2,0,2,0,0,0,0,2,2,2,2,0,0,2,2
105,777.128,3262.184,200.082,5.884,0.991196,-0.102407,0.083929,0.105799,0.993699,-0.037008,-0.079610,0.045562,0.995784,0,0.27174,0.48566,16.304,0.971,-1,400.000,-1,400.000,-1,325.000,325.000,325.000,300.000,-1,-1,-1,-1,900.000,850.000,-1,-1,2,0,2,0,2,0,0,0,0,2,2,2,2,0,0,2,2
106,788.550,3263.557,199.105,6.853,0.989289,-0.119196,0.084260,0.122649,0.991758,-0.037053,-0.079149,0.046990,0.995755,0,0.19174,0.48470,11.504,0.969,-1,400.000,-1,400.000,-1,325.000,325.000,325.000,300.000,-1,-1,-1,-1,900.000,850.000,-1,-1,2,0,2,0,2,0,0,0,0,2,2,2,2,0,0,2,2
107,795.192,3264.470,198.546,7.821,0.987113,-0.135925,0.084447,0.139435,0.989535,-0.037124,-0.078518,0.048421,0.995736,0,0.11174,0.48402,6.704,0.968,-1,400.000,-1,400.000,-1,325.000,325.000,325.000,300.000,-1,-1,-1,-1,900.000,850.000,-1,-1,2,0,2,0,2,0,0,0,0,2,2,2,2,0,0,2,2
108,797.073,3264.762,198.398,8.789,0.984670,-0.152600,0.084493,0.156160,0.987030,-0.037229,-0.077716,0.049853,0.995728,0,0.03174,0.48364,1.904,0.967,-1,400.000,-1,400.000,-1,325.000,325.000,325.000,300.000,-1,-1,-1,-1,900.000,850.000,-1,-1,2,0,2,0,2,0,0,0,0,2,2,2,2,0,0,2,2
109,794.219,3264.272,198.653,9.756,0.981957,-0.169224,0.084398,0.172830,0.984242,-0.037375,-0.076743,0.051287,0.995731,0,-0.04826,0.48353,-2.896,0.967,-1,400.000,-1,400.000,-1,325.000,325.000,325.000,300.000,-1,-1,-1,-1,900.000,850.000,-1,-1,2,0,2,0,2,0,0,0,0,2,2,2,2,0,0,2,2
110,786.657,3262.841,199.303,10.723,0.978976,-0.185803,0.084164,0.189450,0.981171,-0.037568,-0.075599,0.052723,0.995743,0,-0.12826,0.48369,-7.696,0.967,-1,400.000,-1,400.000,-1,325.000,325.000,325.000,300.000,-1,-1,-1,-1,900.000,850.000,-1,-1,2,0,2,0,2,0,0,0,0,2,2,2,2,0,0,2,2
111,774.420,3260.310,200.340,11.691,0.975724,-0.202341,0.083797,0.206022,0.977816,-0.037814,-0.074286,0.054160,0.995765,0,-0.20826,0.48410,-12.496,0.968,-1,400.000,-1,400.000,-1,325.000,325.000,325.000,300.000,-1,-1,-1,-1,900.000,850.000,-1,-1,2,0,2,0,2,0,0,0,0,2,2,2,2,0,0,2,2
112,757.544,3256.520,201.732,12.661,0.972203,-0.218839,0.083250,0.222554,0.974171,-0.038221,-0.072735,0.055686,0.995795,0,-0.28826,0.48476,-17.296,0.970,-1,400.000,-1,400.000,-1,325.000,325.000,325.000,300.000,-1,-1,-1,-1,900.000,850.000,-1,-1,2,0,2,0,2,0,0,0,0,2,2,2,2,0,0,2,2
113,736.070,3251.313,203.463,13.632,0.968413,-0.235299,0.082524,0.239048,0.970231,-0.038818,-0.070934,0.057319,0.995833,0,-0.36826,0.48564,-22.096,0.971,-1,425.000,-1,400.000,-1,325.000,325.000,325.000,300.000,-1,-1,-1,-1,900.000,850.000,-1,-1,2,0,2,0,2,0,0,0,0,2,2,2,2,0,0,2,2
114,719.351,3246.884,204.683,14.843,0.963247,-0.255734,0.082197,0.259508,0.964957,-0.038902,-0.069368,0.058802,0.995857,0,-0.28826,0.60564,-17.296,1.211,-1,400.000,-1,400.000,-1,325.000,325.000,325.000,300.000,-1,-1,-1,-1,900.000,875.000,-1,-1,2,0,2,0,2,0,0,0,0,2,2,2,2,0,0,2,2
115,707.356,3243.379,205.476,16.295,0.956482,-0.280064,0.081896,0.283859,0.958078,-0.038862,-0.067579,0.060417,0.995883,0,-0.20826,0.72564,-12.496,1.451,-1,400.000,-1,400.000,-1,325.000,325.000,325.000,300.000,-1,-1,-1,-1,900.000,875.000,-1,-1,2,0,2,0,2,0,0,0,0,2,2,2,2,0,0,2,2
116,700.031,3241.017,205.843,17.880,0.948406,-0.306438,0.081376,0.310231,0.949874,-0.038678,-0.065445,0.061928,0.995933,0,-0.12826,0.79278,-7.696,1.586,-1,400.000,-1,425.000,-1,325.000,325.000,325.000,300.000,-1,-1,-1,-1,875.000,875.000,-1,-1,2,0,2,0,2,0,0,0,0,2,2,2,2,0,0,2,2
117,697.300,3240.053,205.923,19.466,0.939580,-0.332578,0.081129,0.336394,0.940927,-0.038666,-0.063477,0.063621,0.995953,0,-0.04826,0.79309,-2.896,1.586,-1,400.000,-1,425.000,-1,325.000,325.000,325.000,300.000,-1,-1,-1,-1,875.000,875.000,-1,-1,2,0,2,0,2,0,0,0,0,2,2,2,2,0,0,2,2
118,699.076,3240.739,205.725,21.053,0.930010,-0.358457,0.081177,0.362317,0.931249,-0.038756,-0.061704,0.065455,0.995946,0,0.03174,0.79320,1.904,1.586,-1,400.000,-1,425.000,-1,325.000,325.000,325.000,300.000,-1,-1,-1,-1,875.000,875.000,-1,-1,2,0,2,0,2,0,0,0,0,2,2,2,2,0,0,2,2
119,705.262,3243.320,205.247,22.639,0.919704,-0.384050,0.081551,0.387973,0.920853,-0.038819,-0.060188,0.067342,0.995913,0,0.11174,0.79314,6.704,1.586,-1,400.000,-1,425.000,-1,325.000,325.000,325.000,300.000,-1,-1,-1,-1,875.000,875.000,-1,-1,2,0,2,0,2,0,0,0,0,2,2,2,2,0,0,2,2
120,715.752,3248.042,204.528,24.225,0.908674,-0.409331,0.082223,0.413336,0.909747,-0.038916,-0.058873,0.069348,0.995854,0,0.19174,0.79291,11.504,1.586,-1,400.000,-1,400.000,-1,325.000,325.000,325.000,300.000,-1,-1,-1,-1,875.000,875.000,-1,-1,2,0,2,0,2,0,0,0,0,2,2,2,2,0,0,2,2
121,730.428,3255.142,203.583,25.810,0.896931,-0.434274,0.083193,0.438382,0.897942,-0.039011,-0.057761,0.071460,0.995770,0,0.27174,0.79253,16.304,1.585,-1,400.000,-1,400.000,-1,325.000,325.000,325.000,300.000,-1,-1,-1,-1,875.000,875.000,-1,-1,2,0,2,0,2,0,0,0,0,2,2,2,2,0,0,2,2
122,749.165,3264.854,202.317,27.394,0.884530,-0.458872,0.083923,0.463050,0.885481,-0.038831,-0.056494,0.073207,0.995715,0,0.35174,0.79203,21.104,1.584,-1,400.000,-1,400.000,-1,325.000,325.000,325.000,300.000,-1,-1,-1,-1,875.000,875.000,-1,-1,2,0,2,0,2,0,0,0,0,2,2,2,2,0,0,2,2
123,771.825,3277.404,200.795,28.977,0.871467,-0.483099,0.084621,0.487335,0.872367,-0.038483,-0.055229,0.074775,0.995670,0,0.43174,0.79141,25.904,1.583,-1,400.000,-1,400.000,-1,325.000,325.000,325.000,300.000,-1,-1,-1,-1,875.000,900.000,-1,-1,2,0,2,0,2,0,0,0,0,2,2,2,2,0,0,2,2
124,798.263,3293.015,199.067,30.558,0.857744,-0.506931,0.085413,0.511226,0.858605,-0.038017,-0.054064,0.076274,0.995620,0,0.51174,0.79067,30.704,1.581,-1,400.000,-1,400.000,-1,325.000,325.000,325.000,300.000,-1,-1,-1,-1,875.000,900.000,-1,-1,2,0,2,0,2,0,0,0,0,2,2,2,2,0,0,2,2
125,828.325,3311.903,197.151,32.138,0.843376,-0.530349,0.086294,0.534703,0.844211,-0.037422,-0.053003,0.077702,0.995567,0,0.59174,0.78982,35.504,1.580,-1,400.000,-1,400.000,-1,325.000,325.000,325.000,300.000,-1,-1,-1,-1,875.000,900.000,-1,-1,2,0,2,0,2,0,0,0,0,2,2,2,2,0,0,2,2
126,861.849,3334.275,195.063,33.716,0.828378,-0.553331,0.087258,0.557747,0.829199,-0.036715,-0.052038,0.079082,0.995509,0,0.67174,0.78886,40.304,1.578,-1,400.000,-1,400.000,-1,325.000,325.000,325.000,300.000,-1,-1,-1,-1,850.000,900.000,-1,-1,2,0,2,0,2,0,0,0,0,2,2,2,2,0,0,2,2
127,898.663,3360.334,192.579,35.291,0.812756,-0.575870,0.088321,0.580335,0.813600,-0.035588,-0.051364,0.080180,0.995456,0,0.75174,0.78778,45.104,1.576,-1,400.000,-1,400.000,-1,325.000,325.000,325.000,300.000,-1,-1,-1,-1,850.000,925.000,-1,-1,2,0,2,0,2,0,0,0,0,2,2,2,2,0,0,2,2
128,938.588,3390.273,189.923,36.864,0.796532,-0.597942,0.089452,0.602452,0.797421,-0.034214,-0.050873,0.081143,0.995403,0,0.83174,0.78657,49.904,1.573,-1,400.000,-1,400.000,-1,325.000,325.000,325.000,300.000,-1,-1,-1,-1,850.000,925.000,-1,-1,2,0,2,0,2,0,0,0,0,2,2,2,2,0,0,2,2
129,978.248,3421.747,187.338,38.435,0.779736,-0.619526,0.090549,0.624077,0.780676,-0.032755,-0.050397,0.082050,0.995353,0,0.84387,0.78523,50.632,1.570,-1,400.000,-1,400.000,-1,325.000,325.000,325.000,300.000,-1,-1,-1,-1,850.000,925.000,-1,-1,2,0,2,0,2,0,0,0,0,2,2,2,2,0,0,2,2
130,1017.040,3454.302,184.867,40.002,0.762388,-0.640606,0.091591,0.645193,0.763381,-0.031233,-0.049910,0.082906,0.995307,0,0.84406,0.78384,50.644,1.568,-1,400.000,-1,400.000,-1,325.000,325.000,300.000,300.000,-1,-1,-1,-1,850.000,925.000,-1,-1,2,0,2,0,2,0,0,0,0,2,2,2,2,0,0,2,2
131,1054.939,3487.913,182.510,41.567,0.744503,-0.661170,0.092575,0.665788,0.745551,-0.029651,-0.049415,0.083710,0.995264,0,0.84428,0.78245,50.657,1.565,-1,400.000,-1,400.000,-1,325.000,325.000,300.000,300.000,-1,-1,-1,-1,850.000,950.000,-1,-1,2,0,2,0,2,0,0,0,0,2,2,2,2,0,0,2,2
132,1091.918,3522.554,180.069,43.129,0.726129,-0.681162,0.093568,0.685858,0.727159,-0.028940,-0.048326,0.085189,0.995192,0,0.84452,0.78104,50.671,1.562,-1,400.000,-1,425.000,-1,325.000,325.000,300.000,300.000,-1,-1,-1,-1,850.000,950.000,-1,-1,2,0,2,0,2,0,0,0,0,2,2,2,2,0,0,2,2
133,1129.027,3559.267,177.623,44.690,0.707226,-0.700618,0.094689,0.705409,0.708235,-0.028312,-0.047226,0.086817,0.995104,0,0.87003,0.78045,52.202,1.561,-1,400.000,-1,425.000,-1,325.000,325.000,300.000,300.000,-1,-1,-1,-1,850.000,950.000,-1,-1,2,0,2,0,2,0,0,0,0,2,2,2,2,0,0,2,2
134,1165.122,3596.980,175.159,46.254,0.687717,-0.719545,0.096438,0.724489,0.688729,-0.027707,-0.046484,0.088923,0.994953,0,0.87007,0.78166,52.204,1.563,-1,400.000,-1,425.000,-1,325.000,325.000,300.000,300.000,-1,-1,-1,-1,850.000,950.000,-1,-1,2,0,2,0,2,0,0,0,0,2,2,2,2,0,0,2,2
135,1200.174,3635.667,172.818,47.819,0.667671,-0.737956,0.098163,0.743053,0.668687,-0.027032,-0.045692,0.090989,0.994803,0,0.87010,0.78285,52.206,1.566,-1,400.000,-1,425.000,-1,325.000,325.000,300.000,300.000,-1,-1,-1,-1,850.000,950.000,-1,-1,2,0,2,0,2,0,0,0,0,2,2,2,2,0,0,2,2
136,1234.154,3675.298,170.600,49.387,0.647103,-0.755836,0.099850,0.761083,0.648122,-0.026289,-0.044845,0.093006,0.994655,0,0.87009,0.78401,52.206,1.568,-1,400.000,-1,425.000,-1,325.000,325.000,300.000,300.000,-1,-1,-1,-1,850.000,975.000,-1,-1,2,0,2,0,2,0,0,0,0,2,2,2,2,0,0,2,2
137,1267.034,3715.845,168.208,50.958,0.626005,-0.773156,0.101723,0.778572,0.627038,-0.025481,-0.044083,0.095150,0.994486,0,0.87006,0.78516,52.204,1.570,-1,400.000,-1,425.000,-1,325.000,325.000,300.000,300.000,-1,-1,-1,-1,850.000,950.000,-1,-1,2,0,2,0,2,0,0,0,0,2,2,2,2,0,0,2,2
138,1298.787,3757.275,165.873,52.530,0.604384,-0.789892,0.103877,0.795506,0.605446,-0.024591,-0.043467,0.097497,0.994286,0,0.87000,0.78627,52.200,1.573,-1,400.000,-1,425.000,-1,325.000,325.000,300.000,300.000,-1,-1,-1,-1,850.000,950.000,-1,-1,2,0,2,0,2,0,0,0,0,2,2,2,2,0,0,2,2
139,1329.386,3799.559,163.663,54.105,0.582282,-0.806046,0.106009,0.811859,0.583376,-0.023609,-0.042813,0.099811,0.994085,0,0.86992,0.78737,52.195,1.575,-1,400.000,-1,425.000,-1,325.000,325.000,300.000,300.000,-1,-1,-1,-1,850.000,950.000,-1,-1,2,0,2,0,2,0,0,0,0,2,2,2,2,0,0,2,2
140,1358.806,3842.662,161.579,55.682,0.559715,-0.821603,0.108108,0.827615,0.560844,-0.022536,-0.042116,0.102086,0.993884,0,0.86980,0.78843,52.188,1.577,-1,400.000,-1,425.000,-1,325.000,325.000,300.000,300.000,-1,-1,-1,-1,850.000,950.000,-1,-1,2,0,2,0,2,0,0,0,0,2,2,2,2,0,0,2,2
