timestep,x_cm,y_cm,z_cm,yaw_deg,basis_xx,basis_xy,basis_xz,basis_yx,basis_yy,basis_yz,basis_zx,basis_zy,basis_zz,teleport_flag,throttle_cmd,steering_cmd,cmd_move_cm,cmd_turn_deg,lidar_cm_0,lidar_cm_1,lidar_cm_2,lidar_cm_3,lidar_cm_4,lidar_cm_5,lidar_cm_6,lidar_cm_7,lidar_cm_8,lidar_cm_9,lidar_cm_10,lidar_cm_11,lidar_cm_12,lidar_cm_13,lidar_cm_14,lidar_cm_15,lidar_cm_16,lidar_class_0,lidar_class_1,lidar_class_2,lidar_class_3,lidar_class_4,lidar_class_5,lidar_class_6,lidar_class_7,lidar_class_8,lidar_class_9,lidar_class_10,lidar_class_11,lidar_class_12,lidar_class_13,lidar_class_14,lidar_class_15,lidar_class_16
0,8857.207,988.206,-359.740,63.436,0.448985,-0.892872,-0.034540,0.892607,0.446416,0.062972,-0.040807,-0.059104,0.997417,1,0.08000,-0.00813,4.800,-0.016,-1,375.000,975.000,400.000,-1,325.000,325.000,300.000,300.000,-1,-1,-1,-1,600.000,675.000,1000.000,-1,2,1,1,0,2,0,0,0,0,2,2,2,2,1,1,1,2
1,8861.503,996.791,-360.133,63.420,0.449233,-0.892751,-0.034424,0.892482,0.446672,0.062924,-0.040800,-0.058991,0.997424,0,0.16000,-0.00812,9.600,-0.016,-1,375.000,950.000,400.000,-1,325.000,325.000,300.000,300.000,-1,-1,-1,-1,600.000,675.000,1000.000,-1,2,1,1,0,2,0,0,0,0,2,2,2,2,1,1,1,2
2,8867.950,1009.667,-360.724,63.404,0.449479,-0.892634,-0.034252,0.892359,0.446929,0.062853,-0.040797,-0.058817,0.997435,0,0.24000,-0.00810,14.400,-0.016,-1,375.000,950.000,400.000,-1,325.000,325.000,300.000,300.000,-1,-1,-1,-1,600.000,675.000,975.000,-1,2,1,1,0,2,0,0,0,0,2,2,2,2,1,1,1,2
3,8876.551,1026.833,-361.513,63.387,0.449723,-0.892520,-0.034029,0.892236,0.447187,0.062760,-0.040797,-0.058586,0.997448,0,0.32000,-0.00809,19.200,-0.016,-1,375.000,925.000,400.000,-1,325.000,325.000,300.000,300.000,-1,-1,-1,-1,600.000,650.000,950.000,-1,2,1,1,0,2,0,0,0,0,2,2,2,2,1,1,1,2
4,8887.308,1048.287,-362.501,63.371,0.449964,-0.892408,-0.033757,0.892114,0.447446,0.062645,-0.040801,-0.058303,0.997465,0,0.40000,-0.00807,24.000,-0.016,-1,375.000,900.000,400.000,-1,325.000,325.000,300.000,300.000,-1,-1,-1,-1,575.000,650.000,925.000,-1,2,1,1,0,2,0,0,0,0,2,2,2,2,1,1,1,2
5,8900.224,1074.029,-363.690,63.355,0.450203,-0.892300,-0.033442,0.891993,0.447705,0.062511,-0.040806,-0.057973,0.997484,0,0.48000,-0.00805,28.800,-0.016,975.000,375.000,875.000,400.000,-1,325.000,325.000,300.000,300.000,-1,-1,-1,-1,575.000,625.000,900.000,-1,1,1,1,0,2,1,0,0,0,2,2,2,2,1,1,1,2
6,8915.301,1104.056,-365.082,63.339,0.450439,-0.892194,-0.033091,0.891874,0.447965,0.062359,-0.040813,-0.057602,0.997505,0,0.56000,-0.00803,33.600,-0.016,950.000,350.000,825.000,400.000,-1,300.000,325.000,300.000,300.000,-1,-1,-1,-1,550.000,600.000,850.000,-1,1,1,1,0,2,1,0,0,0,2,2,2,2,1,1,1,2
7,8932.541,1138.369,-366.679,63.323,0.450674,-0.892089,-0.032710,0.891755,0.448225,0.062191,-0.040819,-0.057198,0.997528,0,0.64000,-0.00801,38.400,-0.016,925.000,350.000,800.000,400.000,-1,300.000,325.000,300.000,300.000,-1,-1,-1,-1,525.000,575.000,800.000,-1,1,1,1,1,2,1,1,0,0,2,2,2,2,1,1,1,2
8,8951.947,1176.964,-368.469,63.307,0.450907,-0.891989,-0.032236,0.891635,0.448486,0.062036,-0.040878,-0.056715,0.997553,0,0.72000,-0.00798,43.200,-0.016,875.000,325.000,750.000,375.000,-1,300.000,300.000,300.000,300.000,-1,-1,-1,-1,500.000,525.000,725.000,-1,1,1,1,1,2,1,1,0,0,2,2,2,2,1,1,1,2
9,8971.875,1216.570,-370.328,63.291,0.451143,-0.891885,-0.031786,0.891508,0.448743,0.061983,-0.041018,-0.056301,0.997571,0,0.73894,-0.00795,44.336,-0.016,825.000,325.000,700.000,350.000,-1,275.000,300.000,300.000,300.000,-1,-1,-1,-1,475.000,500.000,675.000,-1,1,1,1,1,2,1,1,0,0,2,2,2,2,1,1,1,2
10,8991.901,1256.341,-371.823,63.275,0.451285,-0.891858,-0.030531,0.891486,0.449038,0.060140,-0.039926,-0.054358,0.997723,0,0.74214,-0.00791,44.529,-0.016,800.000,300.000,675.000,325.000,-1,275.000,275.000,300.000,300.000,-1,-1,-1,-1,450.000,475.000,625.000,-1,1,1,1,1,2,1,1,0,0,2,2,2,2,1,1,1,2
11,9012.026,1296.279,-373.046,63.260,0.451361,-0.891880,-0.028672,0.891536,0.449357,0.056935,-0.037896,-0.051260,0.997966,0,0.74536,-0.00787,44.722,-0.016,775.000,300.000,625.000,325.000,-1,250.000,275.000,325.000,300.000,-1,-1,-1,-1,450.000,450.000,600.000,-1,1,1,1,1,2,1,1,0,0,2,2,2,2,1,1,1,2
12,9032.249,1336.383,-374.127,63.244,0.451413,-0.891922,-0.026493,0.891615,0.449683,0.052990,-0.035350,-0.047542,0.998244,0,0.74859,-0.00783,44.915,-0.016,750.000,300.000,600.000,300.000,-1,250.000,250.000,325.000,300.000,-1,-1,-1,-1,425.000,425.000,550.000,-1,1,1,1,1,2,1,1,0,0,2,2,2,2,1,1,1,2
13,9052.571,1376.656,-375.065,63.228,0.451446,-0.891976,-0.023990,0.891714,0.450015,0.048293,-0.032280,-0.043194,0.998545,0,0.75183,-0.00778,45.110,-0.016,725.000,275.000,550.000,275.000,-1,225.000,250.000,325.000,300.000,-1,-1,-1,-1,400.000,400.000,525.000,-1,1,1,1,1,2,1,1,0,0,2,2,2,2,1,1,1,2
14,9072.991,1417.098,-375.824,63.213,0.451474,-0.892032,-0.021225,0.891820,0.450345,0.042974,-0.028776,-0.038331,0.998851,0,0.75509,-0.00773,45.305,-0.015,675.000,275.000,525.000,250.000,-1,225.000,225.000,325.000,300.000,-1,-1,800.000,-1,375.000,375.000,500.000,-1,1,1,1,1,2,1,1,0,0,2,2,0,2,1,1,1,2
15,9093.512,1457.710,-376.433,63.198,0.451502,-0.892086,-0.018133,0.891927,0.450672,0.036896,-0.024742,-0.032832,0.999155,0,0.75836,-0.00767,45.502,-0.015,650.000,250.000,500.000,250.000,-1,225.000,200.000,350.000,300.000,-1,900.000,475.000,-1,375.000,350.000,475.000,-1,1,1,1,1,2,1,1,0,0,2,0,0,2,1,1,1,2
16,9114.128,1498.494,-374.057,63.182,0.451510,-0.891829,-0.027935,0.892189,0.450839,0.027251,-0.011709,-0.037228,0.999238,0,0.76165,-0.00760,45.699,-0.015,650.000,250.000,500.000,250.000,-1,225.000,200.000,350.000,325.000,-1,400.000,275.000,-1,375.000,375.000,500.000,-1,1,1,1,1,2,1,1,0,0,2,0,0,2,1,1,1,2
17,9134.844,1539.449,-371.162,63.167,0.451272,-0.891529,-0.039108,0.892381,0.450982,0.016461,0.002961,-0.042328,0.999099,0,0.76495,-0.00753,45.897,-0.015,650.000,250.000,500.000,250.000,-1,225.000,200.000,350.000,350.000,-1,250.000,200.000,-1,375.000,425.000,500.000,-1,1,1,1,1,2,1,1,0,0,2,0,0,2,1,1,1,2
18,9155.661,1580.577,-368.256,63.152,0.450814,-0.891257,-0.049264,0.892441,0.451135,0.005021,0.017750,-0.046228,0.998773,0,0.76826,-0.00745,46.096,-0.015,650.000,250.000,-1,250.000,-1,225.000,200.000,350.000,375.000,-1,175.000,175.000,-1,375.000,525.000,500.000,-1,1,1,2,1,2,1,1,0,0,2,0,0,2,1,1,1,2
19,9176.581,1621.877,-365.625,63.138,0.450259,-0.891074,-0.057048,0.892331,0.451330,-0.006796,0.031803,-0.047846,0.998348,0,0.77159,-0.00736,46.295,-0.015,675.000,250.000,-1,250.000,-1,225.000,200.000,350.000,400.000,-1,150.000,150.000,-1,375.000,-1,525.000,-1,1,1,2,1,2,1,1,0,0,2,0,0,2,1,2,1,2
20,9197.602,1663.351,-363.004,63.123,0.449621,-0.890946,-0.063688,0.892039,0.451549,-0.019253,0.045912,-0.048156,0.997784,0,0.77493,-0.00726,46.496,-0.015,700.000,250.000,-1,275.000,-1,200.000,200.000,375.000,425.000,-1,125.000,125.000,-1,400.000,-1,550.000,-1,1,1,2,1,2,1,1,0,0,2,0,0,2,1,2,1,2
21,6231.353,4919.490,-421.970,157.952,-0.926655,-0.375221,0.022787,0.374146,-0.926475,-0.040731,0.036395,-0.029218,0.998910,1,0.00000,0.00000,46.697,-0.014,-1,375.000,-1,375.000,-1,300.000,300.000,300.000,300.000,-1,375.000,400.000,-1,675.000,700.000,-1,-1,2,0,2,0,2,0,0,0,0,2,0,0,2,0,0,2,2
22,6226.897,4921.273,-421.792,158.192,-0.928214,-0.371334,0.023005,0.370246,-0.928032,-0.040927,0.036547,-0.029471,0.998897,0,0.08000,0.12000,4.800,0.240,-1,375.000,-1,375.000,-1,300.000,300.000,300.000,300.000,-1,375.000,400.000,-1,675.000,700.000,-1,-1,2,0,2,0,2,0,0,0,0,2,0,0,2,0,0,2,2
23,6217.954,4924.764,-421.439,158.672,-0.931283,-0.363541,0.023445,0.362428,-0.931096,-0.041310,0.036848,-0.029974,0.998871,0,0.16000,0.24000,9.600,0.480,-1,375.000,-1,375.000,-1,300.000,300.000,300.000,300.000,-1,375.000,400.000,-1,675.000,700.000,-1,-1,2,0,2,0,2,0,0,0,0,2,0,0,2,0,0,2,2
24,6204.476,4929.832,-420.915,159.392,-0.935763,-0.351804,0.024115,0.350652,-0.935570,-0.041864,0.037289,-0.030719,0.998832,0,0.24000,0.36000,14.400,0.720,-1,375.000,-1,375.000,-1,300.000,300.000,300.000,300.000,-1,375.000,425.000,-1,675.000,700.000,-1,-1,2,0,2,0,2,0,0,0,0,2,0,0,2,0,0,2,2
25,6186.393,4936.288,-420.227,160.352,-0.941505,-0.336069,0.025026,0.334866,-0.941304,-0.042564,0.037862,-0.031694,0.998780,0,0.32000,0.48000,19.200,0.960,-1,375.000,-1,375.000,-1,300.000,300.000,300.000,300.000,-1,375.000,425.000,-1,675.000,700.000,-1,-1,2,0,2,0,2,0,0,0,0,2,0,0,2,0,0,2,2
26,6163.627,4943.882,-419.384,161.552,-0.948308,-0.316270,0.026190,0.315003,-0.948099,-0.043378,0.038549,-0.032886,0.998715,0,0.40000,0.60000,24.000,1.200,-1,375.000,-1,375.000,-1,325.000,300.000,300.000,300.000,-1,375.000,425.000,-1,675.000,700.000,-1,-1,2,0,2,0,2,0,0,0,0,2,0,0,2,0,0,2,2
27,6136.086,4952.306,-418.398,162.992,-0.955918,-0.292331,0.027619,0.290986,-0.955703,-0.044266,0.039336,-0.034278,0.998638,0,0.48000,0.72000,28.800,1.440,-1,375.000,-1,375.000,-1,325.000,325.000,300.000,300.000,-1,375.000,425.000,-1,675.000,725.000,-1,-1,2,0,2,0,2,0,0,0,0,2,0,0,2,0,0,2,2
28,6103.681,4961.187,-417.281,164.672,-0.964030,-0.264172,0.029326,0.262737,-0.963809,-0.045184,0.040201,-0.035853,0.998548,0,0.56000,0.84000,33.600,1.680,-1,375.000,-1,375.000,-1,325.000,325.000,300.000,300.000,-1,350.000,425.000,-1,675.000,725.000,-1,-1,2,0,2,0,2,0,0,0,0,2,0,0,2,0,0,2,2
29,6066.328,4970.091,-416.053,166.592,-0.972279,-0.231717,0.031322,0.230180,-0.972057,-0.046078,0.041124,-0.037591,0.998447,0,0.64000,0.96000,38.400,1.920,-1,375.000,-1,375.000,-1,300.000,325.000,300.000,300.000,-1,350.000,425.000,-1,675.000,725.000,-1,-1,2,0,2,0,2,0,0,0,0,2,0,0,2,0,0,2,2
30,6023.988,4978.671,-414.731,168.543,-0.979529,-0.198476,0.033618,0.196823,-0.979315,-0.046928,0.042237,-0.039351,0.998332,0,0.72000,0.97549,43.200,1.951,-1,375.000,-1,375.000,-1,300.000,325.000,300.000,300.000,-1,350.000,425.000,-1,675.000,725.000,-1,-1,2,0,2,0,2,0,0,0,0,2,0,0,2,0,0,2,2
31,5976.648,4986.598,-413.330,170.493,-0.985625,-0.165023,0.036212,0.163238,-0.985433,-0.047701,0.043556,-0.041104,0.998205,0,0.80000,0.97510,48.000,1.950,-1,375.000,-1,375.000,-1,300.000,325.000,300.000,300.000,-1,350.000,425.000,-1,700.000,750.000,-1,-1,2,0,2,0,2,0,0,0,0,2,0,0,2,0,0,2,2
32,5924.306,4993.542,-411.580,172.443,-0.990580,-0.131396,0.038543,0.129545,-0.990453,-0.047134,0.044368,-0.041697,0.998145,0,0.88000,0.97490,52.800,1.950,-1,375.000,-1,375.000,-1,300.000,325.000,300.000,300.000,-1,375.000,400.000,-1,700.000,750.000,-1,-1,2,0,2,0,2,0,0,0,0,2,0,0,2,0,0,2,2
33,5870.630,4998.811,-409.397,174.393,-0.994405,-0.097619,0.040352,0.095759,-0.994355,-0.045699,0.044586,-0.041579,0.998140,0,0.89892,0.97498,53.935,1.950,-1,375.000,-1,375.000,-1,300.000,325.000,300.000,300.000,-1,400.000,425.000,-1,700.000,750.000,-1,-1,2,0,2,0,2,0,0,0,0,2,0,0,2,0,0,2,2
34,5816.457,5002.274,-406.768,176.342,-0.997109,-0.063745,0.041346,0.061838,-0.997032,-0.045871,0.044148,-0.043182,0.998091,0,0.90472,0.97435,54.283,1.949,-1,375.000,-1,375.000,-1,300.000,325.000,300.000,300.000,-1,450.000,450.000,-1,700.000,750.000,-1,-1,2,0,2,0,2,0,0,0,0,2,0,0,2,0,0,2,2
35,5762.265,5003.892,-404.225,178.289,-0.998656,-0.029837,0.042376,0.027887,-0.998557,-0.045892,0.043684,-0.044649,0.998047,0,0.90361,0.97336,54.217,1.947,-1,375.000,-1,375.000,-1,300.000,325.000,300.000,300.000,-1,500.000,475.000,-1,700.000,750.000,-1,-1,2,0,2,0,2,0,0,0,0,2,0,0,2,0,0,2,2
36,5708.125,5003.671,-401.768,180.234,-0.999048,0.004077,0.043432,-0.006067,-0.998933,-0.045789,0.043199,-0.046009,0.998007,0,0.90235,0.97268,54.141,1.945,-1,375.000,-1,400.000,-1,300.000,325.000,300.000,300.000,-1,550.000,525.000,-1,725.000,750.000,-1,-1,2,0,2,0,2,0,0,0,0,2,0,0,2,0,0,2,2
37,5654.105,5001.615,-399.395,182.178,-0.998287,0.037969,0.044510,-0.039997,-0.998159,-0.045589,0.042697,-0.047291,0.997968,0,0.90099,0.97229,54.060,1.945,-1,375.000,-1,400.000,-1,300.000,325.000,300.000,300.000,-1,575.000,550.000,-1,725.000,750.000,-1,-1,2,0,2,0,2,0,0,0,0,2,0,0,2,0,0,2,2
38,5600.270,4997.734,-397.106,184.123,-0.996375,0.071811,0.045607,-0.073875,-0.996237,-0.045319,0.042181,-0.048524,0.997931,0,0.89958,0.97220,53.975,1.944,975.000,375.000,-1,375.000,-1,300.000,325.000,300.000,300.000,-1,600.000,575.000,-1,725.000,750.000,-1,-1,1,0,2,0,2,0,0,0,0,2,0,0,2,0,0,2,2
39,5546.681,4992.037,-394.899,186.068,-0.993313,0.105572,0.046726,-0.107674,-0.993167,-0.045004,0.041655,-0.049735,0.997893,0,0.89818,0.97242,53.891,1.945,925.000,375.000,-1,375.000,-1,300.000,300.000,300.000,300.000,-1,625.000,600.000,-1,725.000,750.000,-1,-1,1,0,2,0,2,0,0,0,0,2,0,0,2,0,0,2,2
40,5492.236,4984.318,-392.730,188.068,-0.988970,0.140160,0.047897,-0.142302,-0.988815,-0.044664,0.041102,-0.050987,0.997853,0,0.91650,1.00000,54.990,2.000,875.000,375.000,-1,375.000,-1,300.000,300.000,300.000,300.000,-1,650.000,625.000,-1,750.000,750.000,-1,-1,1,0,2,0,2,0,0,0,0,2,0,0,2,0,0,2,2
41,5437.941,4974.678,-390.637,190.068,-0.983419,0.174573,0.049111,-0.176757,-0.983256,-0.044324,0.040551,-0.052269,0.997809,0,0.91908,1.00000,55.145,2.000,825.000,375.000,-1,375.000,-1,325.000,300.000,300.000,300.000,-1,650.000,625.000,-1,750.000,750.000,-1,-1,1,0,2,0,2,0,0,0,0,2,0,0,2,0,0,2,2
42,5383.859,4963.115,-388.617,192.068,-0.976667,0.208766,0.050378,-0.211000,-0.976495,-0.044007,0.040006,-0.053610,0.997760,0,0.92174,1.00000,55.305,2.000,775.000,400.000,-1,375.000,-1,325.000,300.000,300.000,325.000,-1,675.000,650.000,-1,750.000,750.000,975.000,-1,1,0,2,0,2,0,0,0,0,2,0,0,2,0,0,1,2
43,5330.053,4949.631,-386.672,194.068,-0.968722,0.242700,0.051713,-0.244988,-0.968539,-0.043734,0.039472,-0.055035,0.997704,0,0.92450,1.00000,55.470,2.000,725.000,400.000,-1,375.000,-1,325.000,300.000,300.000,325.000,-1,700.000,675.000,-1,775.000,750.000,900.000,-1,1,0,2,0,2,0,0,0,0,2,0,0,2,0,0,1,2
44,5276.586,4934.230,-384.664,196.068,-0.959614,0.276322,0.052788,-0.278679,-0.959369,-0.044143,0.038446,-0.057072,0.997630,0,0.92735,1.00000,55.641,2.000,675.000,400.000,-1,375.000,-1,325.000,325.000,300.000,325.000,-1,725.000,700.000,-1,775.000,750.000,825.000,-1,1,0,2,0,2,0,0,0,0,2,0,0,2,0,0,1,2
45,5223.522,4916.917,-382.744,198.068,-0.949342,0.309597,0.053854,-0.312026,-0.949024,-0.044646,0.037287,-0.059188,0.997550,0,0.93029,1.00000,55.818,2.000,625.000,400.000,950.000,375.000,-1,325.000,325.000,300.000,325.000,-1,750.000,700.000,-1,775.000,750.000,750.000,-1,1,0,1,0,2,0,0,0,0,2,0,0,2,0,1,1,2
46,5170.924,4897.701,-380.861,200.068,-0.937919,0.342485,0.054884,-0.344983,-0.937522,-0.045167,0.035986,-0.061297,0.997471,0,0.93332,1.00000,55.999,2.000,575.000,400.000,900.000,375.000,-1,325.000,325.000,300.000,325.000,-1,750.000,700.000,-1,750.000,700.000,675.000,-1,1,0,1,0,2,0,0,0,0,2,0,0,2,1,1,1,2
47,5118.856,4876.590,-378.927,202.068,-0.925381,0.374954,0.055502,-0.377487,-0.924895,-0.045522,0.034265,-0.063076,0.997420,0,0.93643,1.00000,56.186,2.000,550.000,400.000,825.000,400.000,-1,325.000,325.000,300.000,325.000,-1,775.000,725.000,-1,675.000,650.000,600.000,-1,1,0,1,0,2,0,0,0,0,2,0,0,2,1,1,1,2
48,5067.381,4853.598,-377.032,204.068,-0.911710,0.406956,0.056320,-0.409536,-0.911139,-0.045898,0.032637,-0.064911,0.997357,0,0.93962,1.00000,56.377,2.000,500.000,400.000,775.000,400.000,-1,325.000,325.000,300.000,325.000,-1,775.000,750.000,-1,625.000,625.000,550.000,925.000,1,0,1,0,2,0,0,0,0,2,0,0,2,1,1,1,1
49,5016.564,4828.736,-375.318,206.068,-0.896953,0.438460,0.056813,-0.441061,-0.896288,-0.046193,0.030667,-0.066491,0.997316,0,0.94289,1.00000,56.574,2.000,450.000,400.000,725.000,400.000,-1,325.000,325.000,300.000,325.000,-1,800.000,775.000,-1,575.000,575.000,500.000,750.000,1,0,1,0,2,0,0,0,0,2,0,0,2,1,1,1,1
50,4966.468,4802.023,-373.928,208.068,-0.881160,0.469447,0.056366,-0.471993,-0.880391,-0.046200,0.027936,-0.067314,0.997341,0,0.94624,1.00000,56.774,2.000,400.000,400.000,675.000,400.000,-1,325.000,325.000,300.000,325.000,-1,850.000,850.000,-1,525.000,525.000,425.000,625.000,1,0,1,0,2,0,0,0,0,2,0,0,2,1,1,1,1
51,4914.837,4772.419,-372.562,209.828,-0.866386,0.496238,0.055886,-0.498733,-0.865511,-0.046440,0.025325,-0.068108,0.997357,0,0.99195,0.88000,59.517,1.760,350.000,400.000,625.000,375.000,975.000,325.000,325.000,300.000,325.000,-1,925.000,925.000,-1,475.000,475.000,375.000,525.000,1,1,1,1,1,0,0,0,0,2,0,0,2,1,1,1,1
52,4863.833,4741.349,-371.272,211.348,-0.852980,0.518993,0.055422,-0.521443,-0.851995,-0.046918,0.022870,-0.068919,0.997360,0,0.99539,0.76000,59.723,1.520,300.000,375.000,575.000,350.000,600.000,325.000,325.000,300.000,325.000,-1,-1,-1,-1,425.000,425.000,325.000,450.000,1,1,1,1,1,0,0,0,0,2,2,2,2,1,1,1,1
53,4813.368,4709.039,-370.042,212.628,-0.841236,0.537863,0.054999,-0.540276,-0.840139,-0.047633,0.020587,-0.069785,0.997350,0,0.99871,0.64000,59.923,1.280,250.000,325.000,525.000,325.000,450.000,325.000,325.000,300.000,325.000,-1,-1,-1,-1,375.000,375.000,275.000,375.000,1,1,1,1,1,0,1,0,0,2,2,2,2,1,1,1,1
54,4763.433,4675.776,-368.883,213.668,-0.831394,0.552990,0.054645,-0.555373,-0.830187,-0.048481,0.018556,-0.070655,0.997328,0,1.00000,0.52000,60.000,1.040,200.000,300.000,450.000,300.000,350.000,325.000,300.000,300.000,325.000,-1,-1,-1,-1,350.000,350.000,225.000,325.000,1,1,1,1,1,0,1,0,0,2,2,2,2,1,1,1,1
55,4713.960,4641.828,-364.744,214.468,-0.823250,0.564953,0.055563,-0.567045,-0.823006,-0.033477,0.026816,-0.059067,0.997894,0,1.00000,0.40000,60.000,0.800,175.000,275.000,400.000,250.000,275.000,300.000,250.000,325.000,300.000,-1,925.000,900.000,-1,300.000,300.000,175.000,275.000,1,1,1,1,1,1,1,0,0,2,0,0,2,1,1,1,1
56,4664.820,4607.398,-358.290,215.028,-0.817075,0.573453,0.059501,-0.574938,-0.818134,-0.010180,0.042842,-0.042527,0.998176,0,1.00000,0.28000,60.000,0.560,150.000,250.000,350.000,225.000,225.000,275.000,250.000,375.000,300.000,-1,525.000,375.000,-1,275.000,275.000,175.000,225.000,1,1,1,1,1,1,1,0,0,2,0,0,2,1,1,1,1
57,4615.874,4572.686,-345.400,215.348,-0.811258,0.578040,0.087919,-0.579403,-0.814956,0.011738,0.078435,-0.041418,0.996058,0,1.00000,0.16000,60.000,0.320,150.000,250.000,325.000,225.000,225.000,250.000,225.000,425.000,325.000,-1,200.000,125.000,-1,275.000,275.000,150.000,225.000,1,1,1,1,1,1,1,0,0,2,0,0,2,1,1,1,1
58,4567.006,4537.854,-330.126,215.484,-0.805408,0.580005,0.122110,-0.580190,-0.813607,0.037725,0.121231,-0.040463,0.991799,0,1.00000,0.06834,60.000,0.137,150.000,225.000,325.000,225.000,225.000,225.000,225.000,500.000,375.000,-1,125.000,100.000,950.000,250.000,250.000,150.000,225.000,1,1,1,1,1,1,1,0,0,2,0,0,0,1,1,1,1
59,-2951.637,2951.701,48.617,-83.287,0.114812,0.988950,0.093783,-0.993136,0.116395,-0.011563,-0.022351,-0.091812,0.995526,1,0.00000,0.00000,60.000,0.147,-1,425.000,-1,425.000,-1,325.000,325.000,300.000,300.000,-1,-1,-1,-1,975.000,-1,-1,-1,2,0,2,0,2,0,0,0,0,2,2,2,2,0,2,2,2
60,-2951.066,2946.935,48.514,-83.172,0.116756,0.988714,0.093874,-0.992895,0.118387,-0.011974,-0.022953,-0.091809,0.995512,0,0.08000,0.05772,4.800,0.115,-1,425.000,-1,425.000,-1,325.000,325.000,300.000,300.000,-1,-1,-1,-1,975.000,-1,-1,-1,2,0,2,0,2,0,0,0,0,2,2,2,2,0,2,2,2
61,-2949.906,2937.406,48.304,-83.056,0.118661,0.988470,0.094062,-0.992645,0.120380,-0.012799,-0.023974,-0.091851,0.995484,0,0.16000,0.05777,9.600,0.116,-1,425.000,-1,425.000,-1,325.000,325.000,300.000,300.000,-1,-1,-1,-1,975.000,-1,-1,-1,2,0,2,0,2,0,0,0,0,2,2,2,2,0,2,2,2
62,-2948.136,2923.115,47.985,-82.941,0.120528,0.988216,0.094348,-0.992385,0.122376,-0.014034,-0.025415,-0.091938,0.995440,0,0.24000,0.05788,14.400,0.116,-1,425.000,-1,425.000,-1,325.000,325.000,300.000,300.000,-1,-1,-1,-1,975.000,-1,-1,-1,2,0,2,0,2,0,0,0,0,2,2,2,2,0,2,2,2
63,-2945.737,2904.065,47.555,-82.825,0.122359,0.987954,0.094736,-0.992111,0.124377,-0.015680,-0.027274,-0.092070,0.995379,0,0.32000,0.05806,19.200,0.116,-1,425.000,-1,425.000,-1,325.000,325.000,300.000,300.000,-1,-1,-1,-1,950.000,-1,-1,-1,2,0,2,0,2,0,0,0,0,2,2,2,2,0,2,2,2
64,-2942.690,2880.260,47.012,-82.708,0.124156,0.987682,0.095229,-0.991823,0.126386,-0.017732,-0.029549,-0.092249,0.995297,0,0.40000,0.05832,24.000,0.117,-1,425.000,-1,425.000,-1,325.000,325.000,300.000,300.000,-1,-1,-1,-1,950.000,-1,-1,-1,2,0,2,0,2,0,0,0,0,2,2,2,2,0,2,2,2
65,-2938.975,2851.700,46.354,-82.591,0.125922,0.987401,0.095831,-0.991516,0.128406,-0.020190,-0.032241,-0.092475,0.995193,0,0.48000,0.05869,28.800,0.117,-1,425.000,-1,425.000,-1,325.000,325.000,300.000,325.000,-1,-1,-1,-1,950.000,1000.000,-1,-1,2,0,2,0,2,0,0,0,0,2,2,2,2,0,0,2,2
66,-2934.572,2818.390,45.581,-82.472,0.127661,0.987108,0.096542,-0.991188,0.130443,-0.023050,-0.035346,-0.092749,0.995062,0,0.56000,0.05918,33.600,0.118,-1,425.000,-1,425.000,-1,325.000,325.000,300.000,325.000,-1,-1,-1,-1,925.000,1000.000,-1,-1,2,0,2,0,2,0,0,0,0,2,2,2,2,0,0,2,2
67,-2929.460,2780.331,44.689,-82.353,0.129376,0.986804,0.097367,-0.990834,0.132500,-0.026309,-0.038863,-0.093071,0.994901,0,0.64000,0.05983,38.400,0.120,-1,425.000,-1,425.000,-1,325.000,325.000,300.000,325.000,-1,-1,-1,-1,900.000,975.000,-1,-1,2,0,2,0,2,0,0,0,0,2,2,2,2,0,0,2,2
68,-2923.619,2737.528,43.678,-82.231,0.131072,0.986487,0.098307,-0.990449,0.134585,-0.029964,-0.042789,-0.093440,0.994705,0,0.72000,0.06067,43.200,0.121,-1,425.000,-1,425.000,-1,325.000,325.000,300.000,325.000,-1,-1,-1,-1,900.000,975.000,-1,-1,2,0,2,0,2,0,0,0,0,2,2,2,2,0,0,2,2
69,-2917.027,2689.982,42.544,-82.108,0.132756,0.986155,0.099364,-0.990028,0.136704,-0.034010,-0.047122,-0.093858,0.994470,0,0.80000,0.06172,48.000,0.123,-1,425.000,-1,425.000,-1,325.000,325.000,300.000,325.000,-1,-1,-1,-1,875.000,975.000,-1,-1,2,0,2,0,2,0,0,0,0,2,2,2,2,0,0,2,2
70,-2909.770,2638.454,40.727,-81.982,0.134659,0.986005,0.098295,-0.989594,0.138896,-0.037580,-0.050706,-0.092211,0.994448,0,0.86728,0.06304,52.037,0.126,-1,425.000,-1,425.000,-1,325.000,325.000,325.000,325.000,-1,-1,-1,-1,875.000,950.000,-1,-1,2,0,2,0,2,0,0,0,0,2,2,2,2,0,0,2,2
71,-2902.412,2587.040,38.154,-81.852,0.136774,0.985996,0.095419,-0.989144,0.141163,-0.040839,-0.053737,-0.088797,0.994599,0,0.86563,0.06462,51.938,0.129,-1,425.000,-1,425.000,-1,325.000,325.000,325.000,325.000,-1,-1,-1,-1,875.000,925.000,-1,-1,2,0,2,0,2,0,0,0,0,2,2,2,2,0,0,2,2
72,-2894.719,2534.157,34.656,-81.723,0.138810,0.985687,0.095670,-0.988738,0.143396,-0.042825,-0.055931,-0.088648,0.994491,0,0.89065,0.06484,53.439,0.130,-1,425.000,-1,425.000,-1,325.000,325.000,325.000,325.000,-1,-1,-1,-1,875.000,925.000,-1,-1,2,0,2,0,2,0,0,0,0,2,2,2,2,0,0,2,2
73,-2886.926,2481.433,31.112,-81.594,0.140812,0.985359,0.096124,-0.988320,0.145619,-0.044933,-0.058272,-0.088674,0.994355,0,0.88829,0.06461,53.297,0.129,-1,400.000,-1,425.000,-1,325.000,325.000,325.000,325.000,-1,-1,-1,-1,875.000,925.000,-1,-1,2,0,2,0,2,0,0,0,0,2,2,2,2,0,0,2,2
74,-2879.036,2428.867,27.570,-81.464,0.142814,0.985028,0.096560,-0.987892,0.147840,-0.047033,-0.060604,-0.088674,0.994215,0,0.88591,0.06458,53.154,0.129,-1,400.000,-1,400.000,-1,325.000,325.000,300.000,325.000,-1,-1,-1,-1,850.000,925.000,-1,-1,2,0,2,0,2,0,0,0,0,2,2,2,2,0,0,2,2
75,-2871.049,2376.459,24.031,-81.335,0.144822,0.984694,0.096978,-0.987455,0.150066,-0.049126,-0.062927,-0.088647,0.994073,0,0.88354,0.06474,53.013,0.129,-1,400.000,-1,400.000,-1,325.000,325.000,300.000,325.000,-1,-1,-1,-1,850.000,925.000,-1,-1,2,0,2,0,2,0,0,0,0,2,2,2,2,0,0,2,2
76,-2862.964,2324.207,20.494,-81.205,0.146842,0.984355,0.097377,-0.987006,0.152303,-0.051212,-0.065242,-0.088592,0.993929,0,0.88123,0.06509,52.874,0.130,-1,400.000,-1,400.000,-1,325.000,325.000,300.000,325.000,-1,-1,-1,-1,850.000,925.000,-1,-1,2,0,2,0,2,0,0,0,0,2,2,2,2,0,0,2,2
77,-2854.780,2272.107,16.960,-81.073,0.148882,0.984011,0.097757,-0.986545,0.154559,-0.053292,-0.067549,-0.088507,0.993782,0,0.87898,0.06563,52.739,0.131,-1,400.000,-1,400.000,-1,325.000,325.000,300.000,325.000,-1,-1,-1,-1,850.000,900.000,-1,-1,2,0,2,0,2,0,0,0,0,2,2,2,2,0,0,2,2
78,-2846.496,2220.153,13.427,-80.941,0.150947,0.983661,0.098117,-0.986071,0.156839,-0.055366,-0.069850,-0.088393,0.993634,0,0.87684,0.06635,52.610,0.133,-1,400.000,-1,400.000,-1,325.000,325.000,300.000,325.000,-1,-1,-1,950.000,825.000,900.000,-1,-1,2,0,2,0,2,0,0,0,0,2,2,2,1,0,0,2,2
79,-2838.109,2168.338,9.896,-80.806,0.153044,0.983302,0.098458,-0.985582,0.159150,-0.057434,-0.072144,-0.088249,0.993482,0,0.87481,0.06725,52.489,0.134,-1,400.000,-1,425.000,-1,325.000,325.000,300.000,325.000,-1,-1,-1,925.000,825.000,900.000,-1,-1,2,0,2,0,2,0,0,0,0,2,2,2,1,0,0,2,2
80,-2829.617,2116.655,6.365,-80.670,0.155180,0.982935,0.098779,-0.985078,0.161497,-0.059496,-0.074433,-0.088072,0.993329,0,0.87293,0.06832,52.376,0.137,-1,400.000,-1,425.000,-1,325.000,325.000,300.000,325.000,-1,-1,-1,950.000,825.000,900.000,-1,-1,2,0,2,0,2,0,0,0,0,2,2,2,1,0,0,2,2
81,-2821.017,2065.095,2.835,-80.531,0.157359,0.982559,0.099080,-0.984557,0.163886,-0.061554,-0.076718,-0.087864,0.993174,0,0.87121,0.06956,52.272,0.139,-1,400.000,-1,425.000,-1,325.000,325.000,300.000,325.000,-1,-1,-1,950.000,825.000,900.000,-1,-1,2,0,2,0,2,0,0,0,0,2,2,2,1,0,0,2,2
82,-2812.305,2013.647,-0.753,-80.389,0.159620,0.982188,0.099135,-0.984025,0.166326,-0.063483,-0.078841,-0.087419,0.993047,0,0.86966,0.07096,52.180,0.142,-1,400.000,-1,425.000,-1,325.000,325.000,300.000,325.000,-1,-1,-1,975.000,800.000,900.000,-1,-1,2,0,2,0,2,0,0,0,0,2,2,2,1,0,0,2,2
83,-2803.479,1962.302,-4.892,-80.244,0.162128,0.981976,0.097144,-0.983467,0.168848,-0.065449,-0.080672,-0.084927,0.993116,0,0.86830,0.07252,52.098,0.145,-1,400.000,-1,425.000,-1,325.000,325.000,300.000,325.000,-1,-1,-1,975.000,800.000,900.000,-1,-1,2,0,2,0,2,0,0,0,0,2,2,2,1,0,0,2,2
84,-2794.532,1911.049,-9.264,-80.095,0.164695,0.981714,0.095462,-0.982907,0.171423,-0.067138,-0.082274,-0.082773,0.993166,0,0.86714,0.07423,52.028,0.148,-1,400.000,-1,425.000,-1,325.000,325.000,325.000,325.000,-1,-1,-1,975.000,800.000,875.000,-1,-1,2,0,2,0,2,0,0,0,0,2,2,2,1,0,0,2,2
85,-2785.759,1860.332,-13.994,-80.187,0.162997,0.981998,0.095453,-0.983068,0.169857,-0.068744,-0.083720,-0.082632,0.993057,0,0.85783,-0.04577,51.470,-0.092,-1,400.000,-1,425.000,-1,325.000,325.000,300.000,325.000,-1,-1,-1,1000.000,800.000,875.000,-1,-1,2,0,2,0,2,0,0,0,0,2,2,2,1,0,0,2,2
86,-2777.286,1809.599,-18.697,-80.518,0.157182,0.982949,0.095421,-0.983918,0.164169,-0.070384,-0.084849,-0.082824,0.992946,0,0.85725,-0.16577,51.435,-0.332,-1,400.000,-1,425.000,-1,325.000,325.000,300.000,300.000,-1,-1,-1,1000.000,800.000,875.000,-1,-1,2,0,2,0,2,0,0,0,0,2,2,2,1,0,0,2,2
87,-2769.140,1758.827,-23.371,-80.886,0.150750,0.983967,0.095312,-0.984830,0.157861,-0.072045,-0.085935,-0.083006,0.992837,0,0.85701,-0.18370,51.421,-0.367,-1,400.000,-1,425.000,-1,325.000,325.000,300.000,300.000,-1,-1,-1,-1,775.000,850.000,-1,-1,2,0,2,0,2,0,0,0,0,2,2,2,2,0,0,2,2
88,-2761.316,1708.008,-28.017,-81.249,0.144391,0.984938,0.095120,-0.985686,0.151621,-0.073723,-0.087034,-0.083113,0.992732,0,0.85695,-0.18155,51.417,-0.363,-1,400.000,-1,400.000,-1,325.000,325.000,300.000,300.000,-1,-1,-1,-1,775.000,850.000,-1,-1,2,0,2,0,2,0,0,0,0,2,2,2,2,0,0,2,2
89,-2753.811,1657.136,-32.640,-81.607,0.138110,0.985866,0.094835,-0.986486,0.145453,-0.075430,-0.088157,-0.083135,0.992631,0,0.85703,-0.17931,51.422,-0.359,-1,400.000,-1,400.000,-1,325.000,325.000,300.000,300.000,-1,-1,-1,-1,775.000,850.000,-1,-1,2,0,2,0,2,0,0,0,0,2,2,2,2,0,0,2,2
90,-2746.618,1606.206,-37.235,-81.961,0.131909,0.986749,0.094476,-0.987232,0.139360,-0.077146,-0.089290,-0.083093,0.992534,0,0.85725,-0.17698,51.435,-0.354,-1,400.000,-1,400.000,-1,325.000,325.000,300.000,300.000,-1,-1,-1,-1,775.000,850.000,-1,-1,2,0,2,0,2,0,0,0,0,2,2,2,2,0,0,2,2
91,-2739.732,1555.212,-41.800,-82.310,0.125791,0.987588,0.094060,-0.987928,0.133345,-0.078855,-0.090419,-0.083005,0.992439,0,0.85760,-0.17458,51.456,-0.349,-1,400.000,-1,400.000,-1,325.000,325.000,300.000,300.000,-1,-1,-1,-1,750.000,825.000,-1,-1,2,0,2,0,2,0,0,0,0,2,2,2,2,0,0,2,2
92,-2733.150,1504.149,-46.336,-82.655,0.119760,0.988382,0.093589,-0.988573,0.127411,-0.080559,-0.091547,-0.082872,0.992346,0,0.85808,-0.17210,51.485,-0.344,-1,400.000,-1,400.000,-1,325.000,325.000,300.000,300.000,-1,-1,-1,-1,750.000,825.000,-1,-1,2,0,2,0,2,0,0,0,0,2,2,2,2,0,0,2,2
93,-2726.865,1453.012,-50.844,-82.994,0.113818,0.989133,0.093065,-0.989170,0.121562,-0.082256,-0.092675,-0.082695,0.992256,0,0.85869,-0.16954,51.521,-0.339,-1,400.000,-1,400.000,-1,325.000,325.000,300.000,300.000,-1,-1,-1,-1,750.000,825.000,-1,-1,2,0,2,0,2,0,0,0,0,2,2,2,2,0,0,2,2
94,-2720.874,1401.795,-55.326,-83.327,0.107968,0.989843,0.092491,-0.989719,0.115799,-0.083946,-0.093804,-0.082477,0.992169,0,0.85942,-0.16691,51.565,-0.334,-1,400.000,-1,400.000,-1,325.000,325.000,300.000,300.000,-1,-1,-1,-1,750.000,800.000,-1,-1,2,0,2,0,2,0,0,0,0,2,2,2,2,0,0,2,2
95,-2715.170,1350.494,-59.783,-83.656,0.102213,0.990511,0.091868,-0.990222,0.110125,-0.085631,-0.094936,-0.082217,0.992082,0,0.86027,-0.16421,51.616,-0.328,-1,375.000,-1,400.000,-1,325.000,325.000,300.000,300.000,-1,-1,-1,-1,725.000,800.000,-1,-1,2,0,2,0,2,0,0,0,0,2,2,2,2,0,0,2,2
96,-2709.575,1295.165,-64.837,-84.224,0.092474,0.991644,0.089952,-0.991164,0.100303,-0.086792,-0.095089,-0.081131,0.992157,0,0.92684,-0.28421,55.610,-0.568,-1,375.000,-1,400.000,-1,325.000,325.000,300.000,300.000,-1,-1,-1,-1,725.000,775.000,-1,-1,2,0,2,0,2,0,0,0,0,2,2,2,2,0,0,2,2
97,-2704.647,1239.699,-70.175,-84.923,0.080428,0.992769,0.089112,-0.992296,0.088199,-0.087009,-0.094239,-0.081428,0.992214,0,0.92807,-0.34938,55.684,-0.699,-1,375.000,-1,400.000,-1,325.000,325.000,300.000,300.000,-1,-1,-1,-1,725.000,775.000,-1,-1,2,0,2,0,2,0,0,0,0,2,2,2,2,0,0,2,2
98,-2700.384,1184.096,-75.483,-85.616,0.068473,0.993739,0.088284,-0.993270,0.076191,-0.087233,-0.093414,-0.081717,0.992268,0,0.92943,-0.34630,55.766,-0.693,-1,375.000,-1,400.000,-1,325.000,325.000,300.000,300.000,-1,-1,-1,-1,725.000,775.000,-1,-1,2,0,2,0,2,0,0,0,0,2,2,2,2,0,0,2,2
99,-2696.782,1128.360,-80.745,-86.302,0.056621,0.994562,0.087407,-0.994093,0.064280,-0.087450,-0.092593,-0.081939,0.992327,0,0.93087,-0.34317,55.852,-0.686,-1,375.000,-1,400.000,-1,325.000,325.000,300.000,300.000,-1,-1,-1,-1,725.000,775.000,-1,-1,2,0,2,0,2,0,0,0,0,2,2,2,2,0,0,2,2
100,-2693.837,1072.494,-85.963,-86.982,0.044876,0.995242,0.086486,-0.994768,0.052472,-0.087660,-0.091781,-0.082099,0.992389,0,0.93238,-0.34000,55.943,-0.680,-1,375.000,-1,400.000,-1,325.000,325.000,300.000,300.000,-1,-1,-1,-1,725.000,750.000,-1,-1,2,0,2,0,2,0,0,0,0,2,2,2,2,0,0,2,2
101,-2691.544,1016.502,-91.140,-87.656,0.033240,0.995783,0.085510,-0.995299,0.040768,-0.087853,-0.090969,-0.082188,0.992456,0,0.93396,-0.33678,56.038,-0.674,-1,375.000,-1,400.000,-1,325.000,325.000,300.000,300.000,-1,-1,-1,-1,700.000,750.000,-1,-1,2,0,2,0,2,0,0,0,0,2,2,2,2,0,0,2,2
102,-2689.901,960.389,-96.276,-88.323,0.021716,0.996187,0.084496,-0.995690,0.029173,-0.088038,-0.090167,-0.082220,0.992527,0,0.93561,-0.33352,56.137,-0.667,-1,375.000,-1,400.000,-1,325.000,325.000,300.000,300.000,-1,-1,-1,-1,700.000,750.000,-1,-1,2,0,2,0,2,0,0,0,0,2,2,2,2,0,0,2,2
103,-2688.904,904.158,-101.364,-88.983,0.010302,0.996457,0.083475,-0.995943,0.017688,-0.088236,-0.089399,-0.082227,0.992596,0,0.93732,-0.33022,56.239,-0.660,-1,375.000,-1,400.000,-1,325.000,325.000,300.000,300.000,-1,-1,-1,-1,700.000,725.000,-1,-1,2,0,2,0,2,0,0,0,0,2,2,2,2,0,0,2,2
104,-2688.547,847.813,-106.406,-89.637,-0.001000,0.996595,0.082446,-0.996061,0.006318,-0.088445,-0.088665,-0.082210,0.992663,0,0.93909,-0.32688,56.346,-0.654,-1,375.000,-1,400.000,-1,325.000,325.000,300.000,300.000,-1,-1,-1,-1,700.000,725.000,-1,-1,2,0,2,0,2,0,0,0,0,2,2,2,2,0,0,2,2
105,-2688.827,791.358,-111.403,-90.284,-0.012186,0.996606,0.081410,-0.996049,-0.004936,-0.088666,-0.087964,-0.082169,0.992729,0,0.94092,-0.32350,56.455,-0.647,-1,375.000,-1,400.000,-1,325.000,325.000,300.000,300.000,-1,-1,-1,-1,700.000,725.000,-1,-1,2,0,2,0,2,0,0,0,0,2,2,2,2,0,0,2,2
106,-2689.739,734.797,-116.359,-90.924,-0.023254,0.996494,0.080368,-0.995911,-0.016071,-0.088898,-0.087295,-0.082106,0.992793,0,0.94280,-0.32009,56.568,-0.640,-1,375.000,-1,375.000,-1,300.000,325.000,300.000,300.000,-1,-1,-1,-1,700.000,700.000,-1,-1,2,0,2,0,2,0,0,0,0,2,2,2,2,0,0,2,2
107,-2691.281,678.183,-121.270,-91.560,-0.034254,0.996261,0.079319,-0.995649,-0.027135,-0.089140,-0.086654,-0.082027,0.992856,0,0.94390,-0.31811,56.634,-0.636,-1,375.000,-1,375.000,-1,300.000,300.000,300.000,300.000,-1,-1,-1,-1,675.000,700.000,-1,-1,2,0,2,0,2,0,0,0,0,2,2,2,2,0,0,2,2
108,-2693.453,621.590,-125.898,-92.196,-0.045162,0.995910,0.078259,-0.995359,-0.038197,-0.088323,-0.084973,-0.081884,0.993013,0,0.94390,-0.31811,56.634,-0.636,-1,375.000,-1,375.000,-1,300.000,300.000,300.000,300.000,-1,-1,-1,-1,675.000,700.000,-1,-1,2,0,2,0,2,0,0,0,0,2,2,2,2,0,0,2,2
109,-2696.252,565.025,-130.184,-92.833,-0.056042,0.995389,0.077846,-0.995027,-0.049251,-0.086571,-0.082338,-0.082310,0.993200,0,0.94390,-0.31811,56.634,-0.636,-1,375.000,-1,375.000,-1,300.000,300.000,300.000,300.000,-1,-1,-1,-1,675.000,700.000,-1,-1,2,0,2,0,2,0,0,0,0,2,2,2,2,0,0,2,2
110,-2699.678,508.495,-134.405,-93.469,-0.066918,0.994742,0.077528,-0.994573,-0.060299,-0.084787,-0.079666,-0.082781,0.993378,0,0.94390,-0.31811,56.634,-0.636,-1,375.000,-1,375.000,-1,300.000,325.000,300.000,300.000,-1,-1,-1,-1,675.000,700.000,-1,-1,2,0,2,0,2,0,0,0,0,2,2,2,2,0,0,2,2
111,-2703.733,452.006,-138.569,-94.105,-0.077788,0.993970,0.077277,-0.993994,-0.071338,-0.082990,-0.076977,-0.083269,0.993550,0,0.94390,-0.31811,56.634,-0.636,-1,375.000,-1,375.000,-1,300.000,325.000,300.000,300.000,-1,-1,-1,-1,675.000,675.000,-1,-1,2,0,2,0,2,0,0,0,0,2,2,2,2,0,0,2,2
112,-2708.414,395.565,-142.676,-94.741,-0.088650,0.993075,0.077097,-0.993290,-0.082367,-0.081180,-0.074267,-0.083777,0.993713,0,0.94390,-0.31811,56.634,-0.636,-1,375.000,-1,375.000,-1,325.000,325.000,300.000,300.000,-1,-1,-1,-1,675.000,675.000,-1,-1,2,0,2,0,2,0,0,0,0,2,2,2,2,0,0,2,2
113,-2713.487,343.979,-146.353,-95.618,-0.103668,0.991623,0.077056,-0.992053,-0.097536,-0.079484,-0.071302,-0.084683,0.993854,0,0.86390,-0.43811,51.834,-0.876,-1,375.000,-1,400.000,-1,325.000,325.000,300.000,300.000,-1,-1,-1,-1,700.000,675.000,-1,-1,2,0,2,0,2,0,0,0,0,2,2,2,2,0,0,2,2
114,-2719.327,294.518,-149.787,-96.734,-0.122808,0.989426,0.077165,-0.990099,-0.116822,-0.077824,-0.067987,-0.085958,0.993976,0,0.83008,-0.55811,49.805,-1.116,-1,375.000,-1,400.000,-1,325.000,325.000,300.000,300.000,-1,-1,-1,-1,700.000,675.000,-1,-1,2,0,2,0,2,0,0,0,0,2,2,2,2,0,0,2,2
115,-2726.335,245.208,-153.104,-98.090,-0.146027,0.986244,0.077447,-0.987192,-0.140188,-0.076149,-0.064244,-0.087575,0.994084,0,0.83008,-0.67811,49.805,-1.356,-1,375.000,-1,375.000,-1,325.000,325.000,300.000,300.000,-1,-1,-1,-1,700.000,675.000,-1,-1,2,0,2,0,2,0,0,0,0,2,2,2,2,0,0,2,2
116,-2734.713,196.111,-156.283,-99.686,-0.173267,0.981786,0.077935,-0.983042,-0.167577,-0.074472,-0.060055,-0.089517,0.994173,0,0.83008,-0.79811,49.805,-1.596,-1,375.000,-1,375.000,-1,325.000,325.000,300.000,300.000,-1,-1,850.000,-1,700.000,675.000,-1,-1,2,0,2,0,2,0,0,0,0,2,2,0,2,0,0,2,2
117,-2744.660,147.309,-159.303,-101.522,-0.204445,0.975713,0.078659,-0.977309,-0.198910,-0.072815,-0.055400,-0.091760,0.994239,0,0.83008,-0.91811,49.805,-1.836,-1,375.000,-1,375.000,-1,325.000,325.000,300.000,300.000,-1,925.000,725.000,-1,700.000,675.000,-1,-1,2,0,2,0,2,0,0,0,0,2,0,0,2,0,0,2,2
118,-2756.305,98.883,-162.154,-103.522,-0.238162,0.967956,0.079621,-0.969918,-0.232787,-0.071203,-0.050387,-0.094184,0.994279,0,0.83008,-1.00000,49.805,-2.000,-1,375.000,-1,375.000,-1,325.000,325.000,300.000,300.000,-1,725.000,625.000,-1,700.000,675.000,-1,-1,2,0,2,0,2,0,0,0,0,2,0,0,2,0,0,2,2
119,-2769.633,50.892,-164.648,-105.522,-0.271572,0.959092,0.079940,-0.961333,-0.266385,-0.069845,-0.045693,-0.095817,0.994350,0,0.83008,-1.00000,49.805,-2.000,-1,375.000,-1,375.000,-1,325.000,325.000,300.000,300.000,-1,650.000,575.000,-1,700.000,675.000,-1,-1,2,0,2,0,2,0,0,0,0,2,0,0,2,0,0,2,2
120,-2784.629,3.397,-166.674,-107.522,-0.304556,0.949176,0.079436,-0.951637,-0.299683,-0.067658,-0.040413,-0.096200,0.994541,0,0.83008,-1.00000,49.805,-2.000,-1,375.000,-1,375.000,-1,325.000,325.000,300.000,300.000,-1,600.000,550.000,-1,700.000,675.000,-1,-1,2,0,2,0,2,0,0,0,0,2,0,0,2,0,0,2,2
121,-2801.274,-43.546,-168.526,-109.522,-0.337172,0.938109,0.079165,-0.940791,-0.332616,-0.065414,-0.035034,-0.096534,0.994713,0,0.83008,-1.00000,49.805,-2.000,-1,375.000,-1,375.000,-1,325.000,325.000,300.000,275.000,-1,575.000,525.000,-1,700.000,675.000,-1,-1,2,0,2,0,2,0,0,0,0,2,0,0,2,0,0,2,2
122,-2819.547,-89.880,-170.022,-111.522,-0.369439,0.925844,0.079545,-0.928768,-0.365119,-0.063858,-0.030079,-0.097470,0.994784,0,0.83008,-1.00000,49.805,-2.000,-1,375.000,-1,375.000,-1,325.000,300.000,300.000,275.000,-1,575.000,525.000,-1,700.000,675.000,-1,-1,2,0,2,0,2,0,0,0,0,2,0,0,2,0,0,2,2
123,-2839.425,-135.548,-171.229,-113.522,-0.401267,0.912421,0.080457,-0.915617,-0.397157,-0.062547,-0.025115,-0.098766,0.994794,0,0.83008,-1.00000,49.805,-2.000,-1,400.000,-1,375.000,-1,325.000,300.000,300.000,275.000,-1,575.000,525.000,-1,725.000,675.000,-1,-1,2,0,2,0,2,0,0,0,0,2,0,0,2,0,0,2,2
124,-2860.884,-180.495,-172.130,-115.522,-0.432575,0.897850,0.082129,-0.901383,-0.428685,-0.061138,-0.019685,-0.100476,0.994745,0,0.83008,-1.00000,49.805,-2.000,-1,400.000,-1,375.000,-1,325.000,300.000,300.000,275.000,-1,550.000,525.000,-1,725.000,675.000,-1,-1,2,0,2,0,2,0,0,0,0,2,0,0,2,0,0,2,2
125,-2883.899,-224.665,-172.850,-117.522,-0.463347,0.882192,0.083949,-0.886063,-0.459680,-0.059897,-0.014251,-0.102137,0.994668,0,0.83008,-1.00000,49.805,-2.000,-1,400.000,-1,375.000,-1,325.000,300.000,300.000,300.000,-1,550.000,525.000,-1,725.000,675.000,-1,-1,2,0,2,0,2,0,0,0,0,2,0,0,2,0,0,2,2
126,-2908.441,-268.006,-173.324,-119.522,-0.493564,0.865446,0.086014,-0.869663,-0.490094,-0.059115,-0.009006,-0.103980,0.994539,0,0.83008,-1.00000,49.805,-2.000,-1,375.000,-1,375.000,-1,325.000,300.000,300.000,300.000,-1,550.000,525.000,-1,725.000,675.000,-1,-1,2,0,2,0,2,0,0,0,0,2,0,0,2,0,0,2,2
127,-2934.481,-310.464,-173.615,-121.522,-0.523171,0.847653,0.088181,-0.852219,-0.519900,-0.058532,-0.003770,-0.105772,0.994383,0,0.83008,-1.00000,49.805,-2.000,-1,375.000,-1,375.000,-1,325.000,300.000,300.000,300.000,-1,550.000,525.000,-1,725.000,675.000,-1,-1,2,0,2,0,2,0,0,0,0,2,0,0,2,0,0,2,2
128,-2961.987,-351.987,-173.722,-123.522,-0.552133,0.828837,0.090435,-0.833755,-0.549063,-0.058159,0.001451,-0.107512,0.994203,0,0.83008,-1.00000,49.805,-2.000,-1,375.000,-1,375.000,-1,325.000,300.000,300.000,300.000,-1,550.000,550.000,-1,725.000,675.000,-1,-1,2,0,2,0,2,0,0,0,0,2,0,0,2,0,0,2,2
129,-2990.926,-392.525,-173.585,-125.522,-0.580397,0.809043,0.092676,-0.814305,-0.577563,-0.057695,0.006849,-0.108953,0.994023,0,0.83008,-1.00000,49.805,-2.000,-1,375.000,-1,375.000,-1,300.000,300.000,300.000,300.000,-1,500.000,550.000,-1,725.000,675.000,-1,-1,2,0,2,0,2,0,0,0,0,2,0,0,2,0,0,2,2
130,-3021.263,-432.027,-172.932,-127.522,-0.607905,0.788389,0.094310,-0.793906,-0.605444,-0.056137,0.012842,-0.109000,0.993959,0,0.83008,-1.00000,49.805,-2.000,-1,375.000,-1,375.000,-1,325.000,300.000,300.000,300.000,-1,450.000,500.000,-1,725.000,700.000,-1,-1,2,0,2,0,2,0,0,0,0,2,0,0,2,0,0,2,2
131,-3052.962,-470.446,-171.906,-129.522,-0.634747,0.766843,0.095127,-0.772506,-0.632642,-0.054762,0.018187,-0.108246,0.993958,0,0.83008,-1.00000,49.805,-2.000,-1,375.000,-1,375.000,-1,325.000,325.000,300.000,300.000,-1,450.000,500.000,-1,725.000,700.000,-1,-1,2,0,2,0,2,0,0,0,0,2,0,0,2,0,0,2,2
132,-3085.981,-507.735,-170.696,-131.522,-0.660829,0.744362,0.096072,-0.750169,-0.659077,-0.053523,0.023478,-0.107440,0.993934,0,0.83008,-1.00000,49.805,-2.000,-1,375.000,-1,375.000,-1,325.000,325.000,300.000,300.000,-1,450.000,500.000,-1,750.000,700.000,-1,-1,2,0,2,0,2,0,0,0,0,2,0,0,2,0,0,2,2
133,-3120.283,-543.849,-169.304,-133.522,-0.686121,0.720974,0.097132,-0.726921,-0.684717,-0.052431,0.028707,-0.106581,0.993889,0,0.83008,-1.00000,49.805,-2.000,-1,400.000,-1,375.000,-1,325.000,325.000,300.000,300.000,-1,475.000,500.000,-1,750.000,700.000,-1,-1,2,0,2,0,2,0,0,0,0,2,0,0,2,0,0,2,2
134,-3155.823,-578.744,-167.717,-135.522,-0.710587,0.696711,0.098288,-0.702792,-0.709535,-0.051423,0.033912,-0.105617,0.993829,0,0.83008,-1.00000,49.805,-2.000,-1,400.000,-1,375.000,-1,325.000,325.000,300.000,300.000,-1,475.000,500.000,-1,750.000,700.000,-1,-1,2,0,2,0,2,0,0,0,0,2,0,0,2,0,0,2,2
