timestep,x_cm,y_cm,z_cm,yaw_deg,basis_xx,basis_xy,basis_xz,basis_yx,basis_yy,basis_yz,basis_zx,basis_zy,basis_zz,teleport_flag,throttle_cmd,steering_cmd,cmd_move_cm,cmd_turn_deg,lidar_cm_0,lidar_cm_1,lidar_cm_2,lidar_cm_3,lidar_cm_4,lidar_cm_5,lidar_cm_6,lidar_cm_7,lidar_cm_8,lidar_cm_9,lidar_cm_10,lidar_cm_11,lidar_cm_12,lidar_cm_13,lidar_cm_14,lidar_cm_15,lidar_cm_16,lidar_class_0,lidar_class_1,lidar_class_2,lidar_class_3,lidar_class_4,lidar_class_5,lidar_class_6,lidar_class_7,lidar_class_8,lidar_class_9,lidar_class_10,lidar_class_11,lidar_class_12,lidar_class_13,lidar_class_14,lidar_class_15,lidar_class_16
0,7548.008,-3607.281,21.823,4.013,0.997448,-0.069938,-0.014332,0.069338,0.996839,-0.038782,0.016999,0.037689,0.999145,1,0.08000,-0.12000,4.800,-0.240,-1,400.000,-1,375.000,650.000,325.000,325.000,325.000,300.000,-1,650.000,-1,800.000,875.000,625.000,-1,700.000,2,0,2,1,1,0,0,0,0,2,0,2,1,0,1,2,1
1,7557.590,-3606.689,21.997,3.533,0.998001,-0.061585,-0.014166,0.061001,0.997395,-0.038492,0.016500,0.037551,0.999158,0,0.16000,-0.24000,9.600,-0.480,-1,400.000,-1,375.000,650.000,325.000,325.000,325.000,300.000,-1,675.000,-1,800.000,875.000,625.000,-1,700.000,2,0,2,1,1,0,0,0,0,2,0,2,1,0,1,2,1
2,7571.973,-3605.983,22.249,2.813,0.998699,-0.049047,-0.013917,0.048487,0.998098,-0.038076,0.015758,0.037351,0.999178,0,0.24000,-0.36000,14.400,-0.720,-1,400.000,-1,375.000,650.000,325.000,325.000,325.000,300.000,-1,700.000,-1,825.000,875.000,600.000,-1,675.000,2,0,2,1,1,0,0,0,0,2,0,2,1,0,1,2,1
3,7591.163,-3605.362,22.571,1.853,0.999385,-0.032318,-0.013586,0.031788,0.998789,-0.037551,0.014783,0.037096,0.999202,0,0.32000,-0.48000,19.200,-0.960,-1,400.000,-1,375.000,625.000,325.000,325.000,325.000,300.000,-1,725.000,-1,875.000,875.000,600.000,-1,650.000,2,0,2,1,1,0,1,0,0,2,0,2,1,0,1,2,1
4,7615.161,-3605.088,22.953,0.653,0.999848,-0.011394,-0.013174,0.010901,0.999258,-0.036943,0.013585,0.036794,0.999231,0,0.40000,-0.60000,24.000,-1.200,-1,400.000,-1,375.000,600.000,325.000,325.000,325.000,300.000,-1,775.000,-1,900.000,875.000,575.000,-1,625.000,2,0,2,1,1,0,1,0,0,2,0,2,1,0,1,2,1
5,7643.959,-3605.484,23.379,-0.787,0.999825,0.013721,-0.012685,-0.014173,0.999241,-0.036282,0.012177,0.036455,0.999261,0,0.48000,-0.72000,28.800,-1.440,-1,400.000,-1,375.000,575.000,325.000,325.000,325.000,325.000,-1,825.000,975.000,975.000,875.000,575.000,-1,600.000,2,0,2,1,1,0,1,0,0,2,0,0,1,0,1,2,1
6,7677.533,-3606.809,23.839,-2.258,0.999151,0.039382,-0.012114,-0.039791,0.998574,-0.035602,0.010695,0.036054,0.999293,0,0.56000,-0.73589,33.600,-1.472,-1,400.000,-1,375.000,550.000,325.000,300.000,325.000,325.000,-1,900.000,950.000,-1,875.000,550.000,-1,550.000,2,0,2,1,1,0,1,0,0,2,0,0,2,0,1,2,1
7,7715.852,-3609.306,24.323,-3.729,0.997820,0.064993,-0.011466,-0.065358,0.997250,-0.034928,0.009165,0.035601,0.999324,0,0.64000,-0.73518,38.400,-1.470,-1,400.000,-1,350.000,525.000,325.000,300.000,325.000,325.000,-1,975.000,-1,-1,875.000,525.000,-1,525.000,2,0,2,1,1,0,1,0,0,2,0,2,2,1,1,2,1
8,7758.886,-3613.087,24.826,-5.021,0.996110,0.087459,-0.010738,-0.087779,0.995550,-0.034275,0.007693,0.035084,0.999355,0,0.72000,-0.64585,43.200,-1.292,-1,425.000,-1,350.000,500.000,325.000,300.000,325.000,325.000,-1,-1,-1,-1,850.000,500.000,-1,475.000,2,0,2,1,1,0,1,0,0,2,2,2,2,1,1,2,1
9,7806.595,-3618.366,25.344,-6.314,0.993893,0.109904,-0.009935,-0.110180,0.993342,-0.033650,0.006170,0.034539,0.999384,0,0.80000,-0.64651,48.000,-1.293,-1,425.000,-1,325.000,450.000,325.000,300.000,325.000,325.000,-1,-1,-1,-1,800.000,475.000,-1,450.000,2,0,2,1,1,1,1,0,0,2,2,2,2,1,1,2,1
10,7858.931,-3625.358,25.748,-7.608,0.991168,0.132326,-0.008751,-0.132543,0.990642,-0.032579,0.004358,0.033451,0.999431,0,0.88000,-0.64736,52.800,-1.295,-1,425.000,975.000,300.000,400.000,325.000,275.000,325.000,325.000,-1,-1,-1,-1,750.000,450.000,-1,400.000,2,0,1,1,1,1,1,0,0,2,2,2,2,1,1,2,1
11,7911.517,-3633.822,25.785,-9.143,0.987283,0.158820,-0.006916,-0.158959,0.986801,-0.030906,0.001917,0.031612,0.999498,0,0.88772,-0.76736,53.263,-1.535,-1,425.000,900.000,300.000,350.000,325.000,275.000,325.000,325.000,-1,-1,-1,-1,725.000,400.000,975.000,350.000,2,0,1,1,1,1,1,0,0,2,2,2,2,1,1,1,1
12,7964.078,-3643.963,27.172,-10.918,0.981869,0.189343,-0.009083,-0.189507,0.981607,-0.023132,0.004536,0.024434,0.999691,0,0.89217,-0.88736,53.530,-1.775,-1,425.000,825.000,275.000,325.000,300.000,250.000,300.000,350.000,-1,-1,-1,-1,675.000,400.000,875.000,325.000,2,0,1,1,1,1,1,0,0,2,2,2,2,1,1,1,1
13,8016.570,-3656.005,28.910,-12.918,0.974630,0.223525,-0.011514,-0.223670,0.974573,-0.013363,0.008234,0.015599,0.999844,0,0.89760,-1.00000,53.856,-2.000,-1,450.000,775.000,275.000,325.000,300.000,250.000,300.000,350.000,-1,-1,-1,-1,650.000,375.000,775.000,300.000,2,0,1,1,1,1,1,0,0,2,2,2,2,1,1,1,1
14,8068.979,-3669.968,30.843,-14.918,0.966200,0.257428,-0.013736,-0.257481,0.966281,-0.002224,0.012700,0.005686,0.999903,0,0.90395,-1.00000,54.237,-2.000,900.000,425.000,750.000,250.000,300.000,300.000,250.000,300.000,375.000,-1,725.000,975.000,-1,600.000,350.000,700.000,275.000,1,1,1,1,1,1,1,0,0,2,0,0,2,1,1,1,1
15,8121.240,-3685.865,32.992,-16.918,0.956597,0.290994,-0.015641,-0.290858,0.956709,0.010412,0.017994,-0.005410,0.999823,0,0.91041,-1.00000,54.625,-2.000,725.000,400.000,700.000,250.000,275.000,275.000,225.000,275.000,400.000,-1,300.000,625.000,-1,525.000,325.000,625.000,250.000,1,1,1,1,1,1,1,0,1,2,0,0,2,1,1,1,1
16,8173.287,-3703.702,35.375,-18.918,0.945848,0.324159,-0.017101,-0.323709,0.945835,0.024663,0.024169,-0.017792,0.999550,0,0.91698,-1.00000,55.019,-2.000,625.000,350.000,675.000,225.000,275.000,250.000,225.000,275.000,400.000,-1,175.000,375.000,-1,475.000,300.000,575.000,250.000,1,1,1,1,1,1,1,0,1,2,0,0,2,1,1,1,1
17,8225.055,-3723.485,38.010,-20.918,0.933989,0.356850,-0.017966,-0.355930,0.933629,0.040635,0.031274,-0.031559,0.999013,0,0.92365,-1.00000,55.419,-2.000,525.000,325.000,650.000,225.000,250.000,250.000,200.000,275.000,425.000,-1,100.000,300.000,-1,425.000,300.000,500.000,225.000,1,1,1,1,1,1,1,0,1,2,0,0,2,1,1,1,1
18,4919.480,-1639.851,119.957,-177.633,-0.994081,0.041161,0.100539,-0.048828,-0.995985,-0.075034,0.097047,-0.079499,0.992100,1,0.00000,0.00000,55.825,-2.000,-1,450.000,825.000,350.000,200.000,400.000,375.000,275.000,350.000,725.000,200.000,325.000,-1,625.000,450.000,-1,250.000,2,1,1,1,1,1,1,0,1,0,0,0,2,1,1,2,1
19,4914.685,-1640.070,120.360,-177.393,-0.993819,0.045330,0.101333,-0.053096,-0.995746,-0.075305,0.097488,-0.080220,0.991998,0,0.08000,0.12000,4.800,0.240,-1,450.000,825.000,350.000,200.000,400.000,375.000,275.000,350.000,725.000,200.000,325.000,-1,625.000,450.000,-1,250.000,2,1,1,1,1,1,1,0,1,0,0,0,2,1,1,2,1
20,4905.099,-1640.588,121.143,-176.913,-0.993246,0.053664,0.102871,-0.061617,-0.995221,-0.075754,0.098314,-0.081581,0.991806,0,0.16000,0.24000,9.600,0.480,-1,450.000,825.000,350.000,200.000,400.000,375.000,275.000,350.000,725.000,200.000,325.000,-1,625.000,450.000,-1,250.000,2,1,1,1,1,1,1,0,1,0,0,0,2,1,1,2,1
21,4890.731,-1641.545,122.267,-176.193,-0.992264,0.066156,0.105051,-0.074360,-0.994316,-0.076201,0.099413,-0.083423,0.991543,0,0.24000,0.36000,14.400,0.720,-1,450.000,850.000,350.000,200.000,400.000,375.000,275.000,325.000,700.000,200.000,325.000,-1,650.000,450.000,-1,250.000,2,1,1,1,1,1,1,0,1,0,0,0,2,1,1,2,1
22,4871.598,-1643.142,123.665,-175.233,-0.990731,0.082791,0.107696,-0.091274,-0.992892,-0.076379,0.100607,-0.085501,0.991246,0,0.32000,0.48000,19.200,0.960,-1,425.000,850.000,350.000,200.000,400.000,375.000,275.000,300.000,700.000,175.000,300.000,-1,650.000,450.000,-1,275.000,2,1,1,1,1,1,1,0,1,0,0,0,2,1,1,2,1
23,4847.728,-1645.639,125.245,-174.033,-0.988464,0.103549,0.110532,-0.112281,-0.990771,-0.075929,0.101650,-0.087464,0.990968,0,0.40000,0.60000,24.000,1.200,-1,425.000,850.000,350.000,200.000,375.000,375.000,275.000,275.000,675.000,175.000,300.000,-1,650.000,450.000,-1,275.000,2,1,1,1,1,1,1,0,1,0,0,0,2,1,1,2,1
24,4819.169,-1649.352,126.883,-172.593,-0.985247,0.128398,0.113147,-0.137268,-0.987735,-0.074412,0.102205,-0.088845,0.990788,0,0.48000,0.72000,28.800,1.440,-1,425.000,875.000,350.000,200.000,375.000,375.000,275.000,250.000,675.000,175.000,275.000,-1,650.000,450.000,-1,300.000,2,1,1,1,1,1,1,0,1,0,0,0,2,1,1,2,1
25,4785.989,-1654.639,128.440,-170.948,-0.980928,0.156710,0.114989,-0.165512,-0.983618,-0.071421,0.101913,-0.089090,0.990796,0,0.56000,0.82288,33.600,1.646,-1,425.000,900.000,350.000,200.000,350.000,350.000,275.000,225.000,675.000,175.000,275.000,-1,675.000,450.000,-1,300.000,2,1,1,1,1,1,1,0,1,0,0,0,2,1,1,2,1
26,4748.254,-1661.750,129.893,-169.329,-0.976010,0.184456,0.115674,-0.192967,-0.978901,-0.067207,0.100837,-0.087916,0.991011,0,0.64000,0.80947,38.400,1.619,-1,400.000,925.000,350.000,200.000,350.000,325.000,275.000,200.000,700.000,175.000,275.000,-1,700.000,425.000,-1,275.000,2,1,1,1,1,1,1,0,1,0,0,0,2,1,1,2,1
27,4706.040,-1670.921,131.119,-167.740,-0.970608,0.211588,0.114674,-0.219520,-0.973668,-0.061487,0.098644,-0.084853,0.991499,0,0.72000,0.79457,43.200,1.589,-1,375.000,950.000,325.000,200.000,325.000,300.000,275.000,175.000,750.000,175.000,275.000,-1,725.000,400.000,-1,250.000,2,1,1,1,1,1,1,0,1,0,0,0,2,1,1,2,1
28,4659.430,-1682.382,132.436,-166.183,-0.964954,0.238032,0.110471,-0.245151,-0.967872,-0.055905,0.093614,-0.081028,0.992306,0,0.80000,0.77819,48.000,1.556,-1,375.000,925.000,300.000,175.000,300.000,275.000,275.000,150.000,825.000,225.000,300.000,-1,875.000,375.000,-1,225.000,2,1,1,1,1,1,1,0,1,0,0,0,2,0,1,2,1
29,-2295.772,-8199.269,357.599,178.882,-0.996727,-0.019370,0.078486,0.028759,-0.992319,0.120315,0.075553,0.122179,0.989628,1,0.00000,0.00000,49.733,1.548,125.000,325.000,-1,650.000,-1,425.000,550.000,475.000,250.000,-1,200.000,0.000,350.000,450.000,-1,150.000,-1,1,1,2,0,2,1,0,1,0,2,0,0,0,1,2,1,2
30,-2300.572,-8199.200,357.979,179.122,-0.996725,-0.015210,0.079420,0.024906,-0.992148,0.122563,0.076933,0.124140,0.989278,0,0.08000,0.12000,4.800,0.240,125.000,325.000,-1,650.000,-1,425.000,550.000,475.000,250.000,-1,200.000,0.000,350.000,450.000,-1,150.000,-1,1,1,2,0,2,1,0,1,0,2,0,0,0,1,2,1,2
31,-2310.171,-8199.141,358.754,179.602,-0.996667,-0.006894,0.081287,0.017230,-0.991735,0.127145,0.079739,0.128121,0.988548,0,0.16000,0.24000,9.600,0.480,125.000,325.000,-1,650.000,-1,425.000,550.000,475.000,250.000,-1,200.000,0.000,350.000,450.000,-1,150.000,-1,1,1,2,0,2,1,0,1,0,2,0,0,0,1,2,1,2
32,-2324.571,-8199.185,359.902,180.127,-0.996437,0.002203,0.084316,0.009123,-0.990979,0.133707,0.083850,0.134000,0.987428,0,0.24000,0.26284,14.400,0.526,125.000,325.000,-1,675.000,-1,425.000,575.000,475.000,250.000,-1,200.000,0.000,325.000,450.000,-1,150.000,-1,1,1,2,0,2,1,0,1,0,2,0,0,0,1,2,1,2
33,-2343.769,-8199.424,361.440,180.661,-0.996004,0.011413,0.088575,0.001312,-0.989824,0.142291,0.089298,0.141838,0.985854,0,0.32000,0.26660,19.200,0.533,125.000,325.000,-1,675.000,-1,425.000,600.000,475.000,250.000,-1,200.000,0.000,300.000,450.000,-1,150.000,-1,1,1,2,0,2,1,0,1,0,2,0,0,0,1,2,1,2
34,-2367.763,-8199.953,363.399,181.207,-0.995347,0.020816,0.094082,-0.006199,-0.988197,0.153062,0.096157,0.151766,0.983728,0,0.40000,0.27307,24.000,0.546,125.000,325.000,-1,700.000,-1,425.000,625.000,425.000,250.000,-1,175.000,0.000,275.000,475.000,-1,125.000,-1,1,1,2,0,2,1,0,1,0,2,0,0,0,1,2,1,2
35,-2396.549,-8200.874,365.815,181.771,-0.994434,0.030495,0.100855,-0.013378,-0.985998,0.166218,0.104511,0.163943,0.980918,0,0.48000,0.28237,28.800,0.565,100.000,325.000,-1,750.000,-1,450.000,650.000,400.000,225.000,-1,175.000,0.000,250.000,475.000,-1,125.000,-1,1,1,2,0,2,1,0,1,0,2,0,0,0,1,2,1,2
36,-2430.120,-8202.299,368.734,182.361,-0.993225,0.040531,0.108914,-0.020161,-0.983092,0.181996,0.114449,0.178568,0.977249,0,0.56000,0.29471,33.600,0.589,100.000,350.000,-1,775.000,-1,450.000,700.000,375.000,225.000,-1,175.000,0.000,200.000,500.000,-1,125.000,-1,1,1,2,0,2,1,0,1,0,2,0,0,0,1,2,1,2
37,3607.719,-2295.683,280.115,-5.324,0.966417,0.091286,0.240220,-0.043619,0.979486,-0.196734,-0.253252,0.179649,0.950573,1,0.00000,0.00000,38.400,0.621,-1,400.000,875.000,250.000,175.000,300.000,250.000,275.000,250.000,300.000,200.000,375.000,925.000,625.000,350.000,-1,175.000,2,0,0,0,0,1,0,1,1,1,1,1,1,0,0,2,0
38,4922.980,-1643.137,108.643,-43.527,0.722359,0.688593,0.063535,-0.687844,0.724940,-0.036489,-0.071186,-0.017344,0.997312,1,0.08000,-0.12000,4.800,-0.240,-1,375.000,-1,350.000,-1,300.000,300.000,300.000,300.000,-1,0.000,0.000,550.000,675.000,625.000,-1,-1,2,0,2,0,2,0,0,0,0,2,1,1,1,0,0,2,2
39,4929.885,-1649.806,107.005,-44.007,0.716703,0.694608,0.062096,-0.694146,0.719111,-0.032256,-0.067059,-0.019986,0.997549,0,0.16000,-0.24000,9.600,-0.480,-1,375.000,-1,375.000,-1,300.000,300.000,300.000,300.000,-1,0.000,0.000,550.000,675.000,625.000,-1,-1,2,0,2,0,2,0,0,0,0,2,1,1,1,0,0,2,2
40,4940.116,-1659.938,104.614,-44.727,0.708120,0.703532,0.060073,-0.703447,0.710267,-0.026134,-0.061054,-0.023752,0.997852,0,0.24000,-0.36000,14.400,-0.720,-1,375.000,-1,375.000,-1,300.000,300.000,300.000,300.000,-1,0.000,0.000,550.000,700.000,650.000,-1,-1,2,0,2,0,2,0,0,0,0,2,1,1,1,0,0,2,2
41,4953.570,-1673.634,101.731,-45.512,0.698703,0.713135,0.057036,-0.713365,0.700513,-0.019820,-0.054088,-0.026839,0.998175,0,0.32000,-0.39226,19.200,-0.785,-1,375.000,-1,375.000,-1,300.000,300.000,300.000,300.000,-1,0.000,0.000,550.000,700.000,675.000,-1,-1,2,0,2,0,2,0,0,0,0,2,1,1,1,0,0,2,2
42,4970.079,-1691.054,99.812,-46.536,0.686110,0.725590,0.052642,-0.725728,0.687691,-0.020002,-0.050714,-0.024480,0.998413,0,0.40000,-0.51226,24.000,-1.025,-1,375.000,-1,375.000,-1,300.000,300.000,300.000,300.000,-1,0.000,0.000,550.000,725.000,675.000,-1,-1,2,0,2,0,2,0,0,0,0,2,1,1,1,0,0,2,2
43,4989.423,-1712.390,97.613,-47.801,0.670210,0.740632,0.047769,-0.740691,0.671550,-0.019948,-0.046854,-0.022013,0.998659,0,0.48000,-0.63226,28.800,-1.265,-1,375.000,-1,375.000,-1,325.000,300.000,300.000,275.000,-1,0.000,0.000,575.000,725.000,675.000,-1,-1,2,0,2,0,2,0,0,0,0,2,1,1,1,0,0,2,2
44,5011.331,-1737.865,96.256,-49.305,0.650531,0.757983,0.047663,-0.758102,0.651850,-0.019346,-0.045733,-0.023548,0.998676,0,0.56000,-0.75226,33.600,-1.505,-1,375.000,-1,375.000,-1,325.000,300.000,300.000,275.000,-1,25.000,0.000,600.000,725.000,675.000,-1,-1,2,0,2,0,2,0,0,0,0,2,1,1,1,0,0,2,2
45,5035.571,-1767.647,94.723,-50.860,0.629731,0.775354,0.047590,-0.775541,0.631024,-0.018576,-0.044434,-0.025210,0.998694,0,0.64000,-0.77718,38.400,-1.554,-1,375.000,-1,375.000,-1,325.000,300.000,300.000,275.000,-1,75.000,25.000,625.000,725.000,675.000,-1,-1,2,0,2,0,2,0,0,0,0,2,1,1,1,0,0,2,2
46,5060.404,-1799.894,93.112,-52.402,0.608643,0.792019,0.047539,-0.792279,0.609903,-0.017675,-0.042993,-0.026907,0.998713,0,0.67834,-0.77100,40.701,-1.542,-1,375.000,-1,375.000,-1,325.000,300.000,300.000,275.000,-1,125.000,75.000,650.000,725.000,675.000,-1,-1,2,0,2,0,2,0,0,0,0,2,1,1,1,0,0,2,2
47,5084.566,-1833.065,91.503,-53.930,0.587303,0.807973,0.047493,-0.808306,0.588526,-0.016682,-0.041429,-0.028592,0.998732,0,0.68396,-0.76447,41.038,-1.529,-1,375.000,-1,375.000,-1,325.000,300.000,300.000,300.000,-1,175.000,100.000,675.000,725.000,675.000,-1,-1,2,0,2,0,2,0,0,0,0,2,1,1,1,0,0,2,2
48,5108.035,-1867.143,89.893,-55.446,0.565739,0.823217,0.047456,-0.823626,0.566919,-0.015596,-0.039742,-0.030263,0.998752,0,0.68963,-0.75791,41.378,-1.516,-1,375.000,-1,375.000,-1,325.000,300.000,325.000,300.000,-1,225.000,150.000,700.000,700.000,675.000,-1,-1,2,0,2,0,2,0,0,0,0,2,1,1,1,0,0,2,2
49,5130.497,-1901.366,88.381,-56.722,0.547290,0.835590,0.047566,-0.836084,0.548419,-0.014140,-0.037902,-0.032031,0.998768,0,0.68228,-0.63791,40.937,-1.276,-1,375.000,-1,375.000,-1,300.000,300.000,325.000,300.000,-1,275.000,175.000,750.000,700.000,675.000,-1,-1,2,0,2,0,2,0,0,0,0,2,1,1,1,0,0,2,2
50,5152.516,-1936.272,86.993,-57.758,0.532125,0.845308,0.047923,-0.845912,0.533187,-0.012034,-0.035724,-0.034135,0.998779,0,0.68784,-0.51791,41.270,-1.036,-1,375.000,-1,375.000,-1,300.000,300.000,325.000,300.000,-1,325.000,225.000,775.000,700.000,675.000,-1,-1,2,0,2,0,2,0,0,0,0,2,1,1,1,0,0,2,2
51,5174.219,-1971.762,85.600,-58.554,0.520369,0.852573,0.048324,-0.853281,0.521359,-0.009851,-0.033593,-0.036107,0.998783,0,0.69333,-0.39791,41.600,-0.796,-1,375.000,-1,375.000,-1,300.000,300.000,325.000,300.000,-1,350.000,250.000,800.000,700.000,675.000,-1,-1,2,0,2,0,2,0,0,0,0,2,1,1,1,0,0,2,2
52,5195.744,-2007.739,84.175,-59.110,0.512110,0.857530,0.048846,-0.858339,0.513027,-0.007610,-0.031586,-0.038029,0.998777,0,0.69875,-0.27791,41.925,-0.556,-1,375.000,-1,375.000,-1,300.000,300.000,300.000,300.000,-1,400.000,300.000,825.000,700.000,700.000,-1,-1,2,0,2,0,2,0,0,0,0,2,1,1,1,0,0,2,2
53,5217.234,-2044.112,82.736,-59.425,0.507421,0.860285,0.049336,-0.861189,0.508258,-0.005297,-0.029632,-0.039800,0.998768,0,0.70412,-0.15791,42.247,-0.316,-1,375.000,-1,375.000,-1,300.000,300.000,300.000,300.000,-1,425.000,325.000,850.000,700.000,700.000,-1,-1,2,0,2,0,2,0,0,0,0,2,1,1,1,0,0,2,2
54,5238.837,-2080.788,81.487,-59.501,0.506322,0.860930,0.049364,-0.861876,0.507103,-0.003919,-0.028406,-0.040561,0.998773,0,0.70943,-0.03791,42.566,-0.076,-1,375.000,-1,375.000,-1,300.000,300.000,300.000,300.000,-1,475.000,375.000,875.000,700.000,725.000,-1,-1,2,0,2,0,2,0,0,0,0,2,1,1,1,0,0,2,2
55,5260.707,-2117.676,80.283,-59.337,0.508829,0.859463,0.049154,-0.860429,0.509562,-0.002810,-0.027462,-0.040863,0.998787,0,0.71472,0.08209,42.883,0.164,-1,375.000,-1,375.000,-1,300.000,300.000,300.000,300.000,-1,500.000,400.000,900.000,700.000,750.000,-1,-1,2,0,2,0,2,0,0,0,0,2,1,1,1,0,0,2,2
56,5282.913,-2154.732,79.056,-59.069,0.512895,0.857063,0.048804,-0.858042,0.513576,-0.001680,-0.026504,-0.041015,0.998807,0,0.72001,0.13410,43.200,0.268,-1,375.000,-1,375.000,-1,300.000,300.000,300.000,300.000,-1,550.000,450.000,950.000,700.000,750.000,-1,-1,2,0,2,0,2,0,0,0,0,2,1,1,1,0,0,2,2
57,5305.105,-2191.466,78.045,-58.862,0.516063,0.855219,0.047735,-0.856184,0.516671,-0.000476,-0.025070,-0.040624,0.998860,0,0.71528,0.10329,42.917,0.207,-1,375.000,-1,375.000,-1,300.000,300.000,300.000,300.000,-1,550.000,475.000,975.000,700.000,775.000,-1,-1,2,0,2,0,2,0,0,0,0,2,0,1,1,0,0,2,2
58,5327.605,-2228.389,77.099,-58.642,0.519416,0.853235,0.046868,-0.854190,0.519960,0.000694,-0.023777,-0.040395,0.998901,0,0.72064,0.11012,43.238,0.220,-1,375.000,-1,375.000,-1,300.000,300.000,300.000,300.000,-1,550.000,500.000,1000.000,700.000,800.000,-1,-1,2,0,2,0,2,0,0,0,0,2,0,1,1,0,0,2,2
59,5350.426,-2265.496,76.154,-58.408,0.522967,0.851113,0.045958,-0.852057,0.523446,0.001862,-0.022472,-0.040133,0.998942,0,0.72606,0.11702,43.564,0.234,-1,375.000,-1,375.000,-1,300.000,300.000,300.000,300.000,-1,550.000,525.000,-1,700.000,825.000,-1,-1,2,0,2,0,2,0,0,0,0,2,0,1,2,0,0,2,2
60,5373.582,-2302.785,75.210,-58.160,0.526715,0.848850,0.045004,-0.849779,0.527131,0.003027,-0.021154,-0.039838,0.998982,0,0.73156,0.12398,43.893,0.248,-1,375.000,-1,375.000,-1,300.000,300.000,325.000,300.000,-1,550.000,575.000,-1,700.000,850.000,-1,-1,2,0,2,0,2,0,0,0,0,2,0,1,2,0,0,2,2
61,5397.085,-2340.250,74.268,-57.898,0.530660,0.846442,0.044005,-0.847353,0.531014,0.004187,-0.019823,-0.039510,0.999023,0,0.73712,0.13100,44.227,0.262,-1,375.000,-1,400.000,-1,300.000,300.000,325.000,300.000,-1,575.000,600.000,-1,725.000,875.000,-1,-1,2,0,2,0,2,0,0,0,0,2,0,1,2,0,0,2,2
62,5420.950,-2377.887,73.326,-57.622,0.534802,0.843884,0.042959,-0.844775,0.535095,0.005341,-0.018480,-0.039147,0.999063,0,0.74275,0.13808,44.565,0.276,-1,375.000,-1,400.000,-1,300.000,300.000,325.000,300.000,-1,575.000,625.000,-1,750.000,900.000,-1,-1,2,0,2,0,2,0,0,0,0,2,0,1,2,0,0,2,2
63,5445.189,-2415.690,72.385,-57.331,0.539141,0.841174,0.041866,-0.842041,0.539374,0.006488,-0.017124,-0.038750,0.999102,0,0.74845,0.14522,44.907,0.290,-1,375.000,-1,400.000,-1,325.000,325.000,325.000,300.000,-1,575.000,625.000,-1,750.000,925.000,-1,-1,2,0,2,0,2,0,0,0,0,2,0,0,2,0,0,2,2
64,5469.818,-2453.653,71.576,-57.027,0.543654,0.838291,0.041336,-0.839154,0.543841,0.007565,-0.016139,-0.038800,0.999117,0,0.75421,0.15242,45.252,0.305,-1,375.000,-1,400.000,-1,325.000,325.000,325.000,300.000,-1,575.000,600.000,-1,775.000,975.000,-1,-1,2,0,2,0,2,0,0,0,0,2,0,0,2,0,0,2,2
65,5494.849,-2491.770,70.867,-56.707,0.548347,0.835234,0.041220,-0.836108,0.548497,0.008595,-0.015430,-0.039177,0.999113,0,0.76003,0.15969,45.602,0.319,-1,375.000,-1,425.000,-1,300.000,325.000,325.000,300.000,-1,575.000,600.000,-1,775.000,-1,-1,-1,2,0,2,0,2,0,0,0,0,2,0,0,2,0,2,2,2
66,5520.299,-2530.035,70.158,-56.373,0.553238,0.832011,0.041050,-0.832893,0.553350,0.009626,-0.014706,-0.039515,0.999111,0,0.76592,0.16702,45.955,0.334,-1,375.000,-1,425.000,-1,325.000,325.000,325.000,300.000,-1,575.000,625.000,-1,800.000,-1,-1,-1,2,0,2,0,2,0,0,0,0,2,0,0,2,0,2,2,2
67,5546.180,-2568.441,69.132,-56.024,0.558304,0.828651,0.040427,-0.829504,0.558421,0.009387,-0.014796,-0.038776,0.999138,0,0.77187,0.17441,46.312,0.349,-1,400.000,-1,425.000,-1,325.000,325.000,325.000,300.000,-1,600.000,625.000,-1,800.000,-1,-1,-1,2,0,2,0,2,0,0,0,0,2,0,0,2,0,2,2,2
68,5572.507,-2606.980,67.879,-55.661,0.563550,0.825139,0.039465,-0.825936,0.563704,0.008165,-0.015509,-0.037196,0.999188,0,0.77789,0.18187,46.673,0.364,-1,400.000,-1,425.000,-1,325.000,325.000,325.000,300.000,-1,650.000,675.000,-1,800.000,-1,-1,-1,2,0,2,0,2,0,0,0,0,2,0,0,2,0,2,2,2
69,5599.296,-2645.644,66.624,-55.282,0.568991,0.821444,0.038458,-0.822183,0.569181,0.006880,-0.016238,-0.035535,0.999237,0,0.78396,0.18939,47.038,0.379,-1,400.000,-1,425.000,-1,325.000,350.000,325.000,300.000,-1,700.000,725.000,-1,800.000,-1,-1,-1,2,0,2,0,2,0,0,0,0,2,0,0,2,0,2,2,2
70,5626.563,-2684.424,65.418,-54.888,0.574629,0.817555,0.037478,-0.818241,0.574847,0.005771,-0.016826,-0.033982,0.999281,0,0.79010,0.19697,47.406,0.394,-1,400.000,-1,450.000,-1,325.000,350.000,325.000,300.000,-1,750.000,775.000,-1,800.000,-1,-1,-1,2,0,2,0,2,0,0,0,0,2,0,0,2,0,2,2,2
71,5654.321,-2723.310,64.253,-54.479,0.580456,0.813479,0.036376,-0.814101,0.580707,0.004322,-0.017608,-0.032122,0.999329,0,0.79629,0.20461,47.778,0.409,-1,400.000,-1,450.000,-1,325.000,350.000,325.000,300.000,-1,825.000,825.000,-1,800.000,-1,-1,-1,2,0,2,0,2,0,0,0,0,2,0,0,2,0,2,2,2
72,5682.456,-2762.126,63.225,-54.063,0.586343,0.809305,0.035036,-0.809844,0.586642,0.002089,-0.018863,-0.029599,0.999384,0,0.79900,0.20795,47.940,0.416,-1,400.000,-1,450.000,-1,325.000,350.000,325.000,300.000,-1,950.000,925.000,-1,800.000,-1,-1,-1,2,0,2,0,2,0,0,0,0,2,0,0,2,0,2,2,2
73,5710.873,-2800.736,62.199,-53.647,0.592203,0.805085,0.033664,-0.805537,0.592545,-0.000235,-0.020137,-0.026979,0.999433,0,0.79900,0.20795,47.940,0.416,-1,400.000,-1,450.000,-1,350.000,350.000,325.000,300.000,-1,-1,-1,-1,800.000,-1,-1,-1,2,0,2,0,2,0,0,0,0,2,2,2,2,0,2,2,2
74,5739.568,-2839.140,61.175,-53.231,0.598037,0.800819,0.032262,-0.801182,0.598415,-0.002653,-0.021431,-0.024261,0.999476,0,0.79900,0.20795,47.940,0.416,-1,425.000,-1,450.000,-1,350.000,350.000,325.000,300.000,-1,-1,-1,-1,800.000,-1,-1,-1,2,0,2,0,2,0,0,0,0,2,2,2,2,0,2,2,2
75,5768.543,-2877.333,59.783,-52.815,0.603779,0.796478,0.032775,-0.796792,0.604231,-0.005214,-0.023956,-0.022967,0.999449,0,0.79900,0.20795,47.940,0.416,-1,400.000,-1,450.000,-1,350.000,350.000,325.000,300.000,-1,-1,-1,-1,800.000,-1,-1,-1,2,0,2,0,2,0,0,0,0,2,2,2,2,0,2,2,2
76,5797.794,-2915.315,58.143,-52.399,0.609440,0.792078,0.034574,-0.792361,0.610002,-0.007864,-0.027320,-0.022603,0.999371,0,0.79900,0.20795,47.940,0.416,-1,400.000,-1,450.000,-1,350.000,350.000,325.000,300.000,-1,-1,-1,-1,775.000,-1,-1,-1,2,0,2,0,2,0,0,0,0,2,2,2,2,0,2,2,2
77,5828.679,-2955.165,56.425,-52.223,0.611760,0.790209,0.036338,-0.790447,0.612436,-0.010697,-0.030707,-0.022179,0.999282,0,0.84028,0.08795,50.417,0.176,-1,400.000,-1,450.000,-1,325.000,350.000,325.000,300.000,-1,-1,-1,-1,750.000,-1,-1,-1,2,0,2,0,2,0,0,0,0,2,2,2,2,0,2,2,2
78,5859.519,-2995.049,54.783,-52.287,0.610781,0.790906,0.037616,-0.791080,0.611562,-0.013610,-0.033768,-0.021444,0.999200,0,0.84028,-0.03205,50.417,-0.064,-1,400.000,-1,450.000,-1,325.000,350.000,300.000,300.000,-1,-1,-1,-1,750.000,-1,-1,-1,2,0,2,0,2,0,0,0,0,2,2,2,2,0,2,2,2
79,5890.234,-3035.210,53.136,-52.591,0.606477,0.794152,0.038829,-0.794249,0.607365,-0.016648,-0.036804,-0.020743,0.999107,0,0.84265,-0.15205,50.559,-0.304,-1,400.000,-1,450.000,-1,325.000,350.000,300.000,300.000,-1,-1,-1,-1,725.000,-1,-1,-1,2,0,2,0,2,0,0,0,0,2,2,2,2,0,2,2,2
80,5920.798,-3075.971,51.282,-53.135,0.598855,0.799907,0.039009,-0.799895,0.599813,-0.019826,-0.039257,-0.019331,0.999042,0,0.84911,-0.27205,50.947,-0.544,-1,375.000,-1,450.000,-1,325.000,350.000,300.000,300.000,-1,-1,-1,-1,725.000,-1,-1,-1,2,0,2,0,2,0,0,0,0,2,2,2,2,0,2,2,2
81,5951.032,-3117.463,49.134,-53.920,0.587871,0.808076,0.037681,-0.807922,0.588837,-0.023112,-0.040864,-0.016856,0.999023,0,0.85564,-0.39205,51.339,-0.784,-1,375.000,-1,475.000,-1,325.000,350.000,300.000,300.000,-1,-1,-1,-1,750.000,-1,-1,-1,2,0,2,0,2,0,0,0,0,2,2,2,2,0,2,2,2
82,5980.747,-3159.813,47.038,-54.944,0.573351,0.818501,0.036391,-0.818200,0.574321,-0.026542,-0.042625,-0.014557,0.998985,0,0.86226,-0.51205,51.735,-1.024,-1,375.000,-1,475.000,-1,325.000,350.000,275.000,300.000,-1,-1,-1,-1,750.000,975.000,-1,-1,2,0,2,0,2,0,0,0,0,2,2,2,2,0,1,2,2
83,6009.745,-3203.144,44.963,-56.208,0.555175,0.830997,0.034986,-0.830538,0.556141,-0.030225,-0.044574,-0.012277,0.998931,0,0.86897,-0.63205,52.138,-1.264,-1,375.000,-1,475.000,-1,325.000,350.000,275.000,300.000,-1,-1,-1,-1,775.000,950.000,-1,-1,2,0,2,0,2,0,0,0,0,2,2,2,2,0,1,2,2
84,6037.814,-3247.568,42.355,-57.712,0.533233,0.845346,0.032446,-0.844593,0.534160,-0.036536,-0.048217,-0.007921,0.998805,0,0.87580,-0.75205,52.548,-1.504,-1,400.000,-1,475.000,-1,325.000,350.000,275.000,300.000,-1,-1,-1,-1,775.000,925.000,-1,-1,2,0,2,0,2,0,0,0,0,2,2,2,2,0,1,2,2
85,6064.730,-3293.183,39.763,-59.456,0.507358,0.861234,0.029408,-0.860168,0.508197,-0.042965,-0.051948,-0.003497,0.998644,0,0.88273,-0.87205,52.964,-1.744,-1,400.000,-1,475.000,-1,325.000,350.000,300.000,300.000,-1,-1,-1,-1,775.000,900.000,-1,-1,2,0,2,0,2,0,0,0,0,2,2,2,2,0,1,2,2
86,6090.252,-3340.073,37.199,-61.440,0.477382,0.878317,0.025793,-0.876925,0.478078,-0.049448,-0.055762,0.000988,0.998444,0,0.88975,-0.99205,53.385,-1.984,-1,400.000,-1,475.000,-1,350.000,350.000,300.000,275.000,-1,-1,-1,-1,800.000,875.000,-1,-1,2,0,2,0,2,0,0,0,0,2,2,2,2,0,1,2,2
87,6114.312,-3388.204,34.134,-63.440,0.446568,0.894461,0.022707,-0.892868,0.447131,-0.053481,-0.057990,0.003608,0.998311,0,0.89683,-1.00000,53.810,-2.000,-1,400.000,975.000,475.000,-1,350.000,350.000,300.000,275.000,-1,-1,-1,-1,800.000,875.000,-1,-1,2,0,1,0,2,0,0,0,0,2,2,2,2,0,1,2,2
88,6136.855,-3437.533,30.557,-65.440,0.415144,0.909515,0.020924,-0.907794,0.415649,-0.056096,-0.059717,0.004294,0.998206,0,0.90393,-0.99975,54.236,-1.999,-1,425.000,925.000,475.000,-1,350.000,350.000,300.000,275.000,-1,-1,-1,-1,800.000,875.000,1000.000,-1,2,0,1,0,2,0,0,0,0,2,2,2,2,0,1,1,2
89,6157.831,-3488.008,26.387,-67.434,0.383124,0.923434,0.022042,-0.921489,0.383749,-0.059965,-0.063832,0.002662,0.997957,0,0.91099,-0.99714,54.659,-1.994,-1,400.000,875.000,475.000,-1,350.000,350.000,300.000,275.000,-1,-1,-1,-1,725.000,900.000,900.000,-1,2,0,1,0,2,0,0,0,0,2,2,2,2,1,1,1,2
90,6177.278,-3539.172,22.238,-69.188,0.354570,0.934751,0.022810,-0.932557,0.355300,-0.064031,-0.067957,0.001432,0.997687,0,0.91225,-0.87714,54.735,-1.754,975.000,400.000,825.000,450.000,-1,350.000,350.000,300.000,275.000,-1,-1,-1,-1,650.000,925.000,800.000,-1,1,0,1,0,2,0,0,0,0,2,2,2,2,1,1,1,2
91,6195.503,-3591.221,18.084,-70.702,0.329656,0.943815,0.023257,-0.941342,0.330474,-0.068283,-0.072132,0.000617,0.997395,0,0.91910,-0.75714,55.146,-1.514,850.000,400.000,775.000,450.000,-1,350.000,350.000,275.000,275.000,-1,-1,-1,-1,600.000,900.000,700.000,-1,1,0,1,0,2,0,0,0,0,2,2,2,2,1,0,1,2
92,6212.691,-3644.047,13.921,-71.977,0.308516,0.950931,0.023416,-0.948148,0.309404,-0.072692,-0.076370,0.000224,0.997080,0,0.92585,-0.63714,55.551,-1.274,750.000,400.000,725.000,450.000,-1,325.000,350.000,275.000,275.000,-1,-1,-1,-1,525.000,850.000,625.000,-1,1,0,1,0,2,0,1,0,0,2,2,2,2,1,0,1,2
93,6229.039,-3697.557,9.745,-73.011,0.291256,0.956361,0.023321,-0.953237,0.292188,-0.077237,-0.080680,0.000265,0.996740,0,0.93252,-0.51714,55.951,-1.034,650.000,400.000,675.000,425.000,-1,325.000,325.000,275.000,275.000,-1,-1,-1,-1,475.000,825.000,550.000,-1,1,1,1,0,2,1,1,0,0,2,2,2,2,1,0,1,2
94,6244.755,-3751.670,5.552,-73.805,0.277953,0.960319,0.023006,-0.956820,0.278903,-0.081904,-0.085070,0.000753,0.996375,0,0.93913,-0.39714,56.348,-0.794,575.000,350.000,625.000,425.000,-1,300.000,325.000,275.000,275.000,-1,-1,-1,-1,425.000,800.000,475.000,-1,1,1,1,1,2,1,1,0,0,2,2,2,2,1,0,1,2
95,6260.052,-3806.311,1.338,-74.360,0.268664,0.962971,0.022505,-0.959063,0.269599,-0.086687,-0.089545,0.001706,0.995981,0,0.94568,-0.27714,56.741,-0.554,475.000,300.000,550.000,400.000,-1,275.000,300.000,275.000,275.000,-1,-1,-1,-1,375.000,775.000,425.000,-1,1,1,1,1,2,1,1,0,0,2,2,2,2,1,0,1,2
96,6275.152,-3861.412,-3.034,-74.674,0.263478,0.964431,0.021290,-0.960101,0.264312,-0.091348,-0.093726,0.003628,0.995591,0,0.95220,-0.15714,57.132,-0.314,400.000,275.000,500.000,375.000,-1,250.000,275.000,275.000,275.000,-1,-1,-1,-1,325.000,750.000,350.000,-1,1,1,1,1,2,1,1,0,0,2,2,2,2,1,0,1,2
97,6290.284,-3916.910,-7.837,-74.748,0.262550,0.964751,0.017941,-0.960166,0.263055,-0.094249,-0.095646,0.007519,0.995387,0,0.95872,-0.03714,57.523,-0.074,325.000,225.000,450.000,350.000,-1,225.000,250.000,275.000,275.000,-1,-1,-1,-1,275.000,650.000,300.000,-1,1,1,1,1,2,1,1,0,0,2,2,2,2,1,1,1,2
98,6305.681,-3972.743,-12.542,-74.582,0.265668,0.963951,0.014823,-0.959165,0.265834,-0.096620,-0.097077,0.011451,0.995211,0,0.96528,0.08286,57.917,0.166,275.000,200.000,375.000,325.000,1000.000,200.000,225.000,300.000,275.000,-1,-1,-1,-1,250.000,550.000,225.000,-1,1,1,1,1,0,1,1,0,0,2,2,2,2,1,1,1,2
99,6321.582,-4028.848,-17.269,-74.177,0.272922,0.961980,0.010344,-0.957340,0.272635,-0.095762,-0.094941,0.016233,0.995351,0,0.97191,0.20286,58.315,0.406,200.000,175.000,325.000,275.000,975.000,150.000,200.000,300.000,275.000,-1,-1,-1,-1,200.000,450.000,175.000,-1,1,1,1,1,0,1,1,0,0,2,2,2,2,1,1,1,2
100,6338.191,-4085.163,-15.607,-73.575,0.285313,0.958076,-0.026197,-0.955842,0.282426,-0.081251,-0.070446,0.048222,0.996349,0,0.97864,0.30072,58.718,0.601,175.000,150.000,300.000,275.000,-1,150.000,200.000,375.000,250.000,-1,-1,-1,-1,200.000,425.000,150.000,-1,1,1,1,1,2,1,1,0,0,2,2,2,2,1,1,1,2
101,8199.151,-327.964,27.008,103.073,-0.225657,-0.974054,0.017264,0.973288,-0.226178,-0.039421,0.042302,0.007907,0.999074,1,0.00000,0.00000,59.128,0.608,-1,375.000,-1,375.000,-1,325.000,325.000,300.000,325.000,-1,525.000,475.000,-1,725.000,675.000,-1,-1,2,0,2,0,2,0,0,0,0,2,0,0,2,0,0,2,2
102,8200.217,-332.644,26.817,102.833,-0.221576,-0.974992,0.017181,0.974234,-0.222096,-0.039253,0.042087,0.008041,0.999082,0,-0.08000,-0.12000,-4.800,-0.240,-1,375.000,-1,375.000,-1,325.000,300.000,300.000,325.000,-1,525.000,475.000,-1,725.000,675.000,-1,-1,2,0,2,0,2,0,0,0,0,2,0,0,2,0,0,2,2
103,8202.295,-342.017,26.435,102.500,-0.215913,-0.976264,0.017031,0.975523,-0.216428,-0.038921,0.041683,0.008210,0.999097,0,-0.16000,-0.16643,-9.600,-0.333,-1,375.000,-1,375.000,-1,325.000,300.000,300.000,325.000,-1,525.000,475.000,-1,725.000,675.000,-1,-1,2,0,2,0,2,0,0,0,0,2,0,0,2,0,0,2,2
104,8204.881,-354.011,25.946,102.167,-0.210244,-0.977504,0.016848,0.976781,-0.210752,-0.038498,0.041183,0.008363,0.999117,0,-0.20449,-0.16643,-12.270,-0.333,-1,375.000,-1,375.000,-1,325.000,300.000,300.000,325.000,-1,525.000,475.000,-1,725.000,675.000,-1,-1,2,0,2,0,2,0,0,0,0,2,0,0,2,0,0,2,2
105,8207.397,-366.020,25.458,101.834,-0.204568,-0.978710,0.016669,0.978007,-0.205069,-0.038071,0.040678,0.008514,0.999136,0,-0.20449,-0.16643,-12.270,-0.333,-1,375.000,-1,375.000,-1,325.000,300.000,300.000,325.000,-1,525.000,475.000,-1,700.000,675.000,-1,-1,2,0,2,0,2,0,0,0,0,2,0,0,2,0,0,2,2
106,8209.843,-378.043,24.970,101.501,-0.198885,-0.979884,0.016493,0.979199,-0.199380,-0.037640,0.040171,0.008664,0.999155,0,-0.20449,-0.16643,-12.270,-0.333,-1,375.000,-1,375.000,-1,325.000,300.000,300.000,325.000,-1,525.000,475.000,-1,700.000,675.000,-1,-1,2,0,2,0,2,0,0,0,0,2,0,0,2,0,0,2,2
107,8212.220,-390.080,24.482,101.168,-0.193196,-0.981024,0.016321,0.980358,-0.193684,-0.037205,0.039660,0.008812,0.999174,0,-0.20449,-0.16643,-12.270,-0.333,-1,375.000,-1,375.000,-1,300.000,300.000,300.000,325.000,-1,550.000,475.000,-1,700.000,675.000,-1,-1,2,0,2,0,2,0,0,0,0,2,0,0,2,0,0,2,2
108,8214.526,-402.131,23.995,100.835,-0.187500,-0.982132,0.016152,0.981484,-0.187981,-0.036766,0.039146,0.008960,0.999193,0,-0.20449,-0.16643,-12.270,-0.333,-1,375.000,-1,375.000,-1,300.000,300.000,300.000,325.000,-1,550.000,475.000,-1,700.000,675.000,-1,-1,2,0,2,0,2,0,0,0,0,2,0,0,2,0,0,2,2
109,8216.763,-414.195,23.508,100.503,-0.181797,-0.983206,0.015988,0.982577,-0.182272,-0.036325,0.038629,0.009105,0.999212,0,-0.20449,-0.16643,-12.270,-0.333,-1,375.000,-1,375.000,-1,300.000,300.000,300.000,325.000,-1,550.000,475.000,-1,700.000,675.000,-1,-1,2,0,2,0,2,0,0,0,0,2,0,0,2,0,0,2,2
110,8219.847,-430.984,22.833,100.410,-0.180217,-0.983501,0.015766,0.982893,-0.180678,-0.035726,0.037985,0.009058,0.999237,0,-0.28449,-0.04643,-17.070,-0.093,-1,375.000,-1,375.000,-1,300.000,300.000,300.000,325.000,-1,550.000,475.000,-1,700.000,675.000,-1,-1,2,0,2,0,2,0,0,0,0,2,0,0,2,0,0,2,2
111,8223.854,-452.483,21.970,100.557,-0.182761,-0.983035,0.015480,0.982453,-0.183204,-0.034967,0.037210,0.008818,0.999269,0,-0.36449,0.07357,-21.870,0.147,-1,375.000,-1,375.000,-1,300.000,300.000,300.000,325.000,-1,550.000,475.000,-1,700.000,675.000,-1,-1,2,0,2,0,2,0,0,0,0,2,0,0,2,0,0,2,2
112,8228.917,-478.668,20.921,100.944,-0.189425,-0.981779,0.015119,0.981224,-0.189842,-0.034040,0.036290,0.008387,0.999306,0,-0.44449,0.19357,-26.670,0.387,-1,375.000,-1,375.000,-1,300.000,300.000,300.000,325.000,-1,550.000,475.000,-1,700.000,675.000,-1,-1,2,0,2,0,2,0,0,0,0,2,0,0,2,0,0,2,2
113,8235.126,-508.994,19.709,101.571,-0.200191,-0.979647,0.014676,0.979123,-0.200578,-0.032955,0.035228,0.007772,0.999349,0,-0.51591,0.31357,-30.955,0.627,-1,375.000,-1,375.000,-1,300.000,300.000,300.000,325.000,-1,550.000,450.000,-1,700.000,675.000,-1,-1,2,0,2,0,2,0,0,0,0,2,0,0,2,0,0,2,2
114,8241.794,-539.222,18.504,102.438,-0.215028,-0.976505,0.014196,0.976010,-0.215382,-0.031863,0.034172,0.007004,0.999391,0,-0.51591,0.43357,-30.955,0.867,-1,375.000,-1,375.000,-1,300.000,300.000,300.000,325.000,-1,550.000,450.000,-1,700.000,675.000,-1,-1,2,0,2,0,2,0,0,0,0,2,0,0,2,0,0,2,2
115,8249.044,-569.316,17.307,103.545,-0.233891,-0.972167,0.013669,0.971699,-0.234211,-0.030764,0.033109,0.006087,0.999433,0,-0.51591,0.55357,-30.955,1.107,-1,375.000,-1,375.000,-1,300.000,300.000,300.000,325.000,-1,525.000,425.000,-1,700.000,675.000,-1,-1,2,0,2,0,2,0,0,0,0,2,0,0,2,0,0,2,2
116,8256.904,-599.256,16.180,104.710,-0.253622,-0.967210,0.013412,0.966767,-0.253919,-0.029781,0.032210,0.005413,0.999466,0,-0.51591,0.58219,-30.955,1.164,-1,375.000,-1,375.000,-1,300.000,300.000,300.000,325.000,-1,500.000,425.000,-1,700.000,675.000,-1,-1,2,0,2,0,2,0,0,0,0,2,0,0,2,0,0,2,2
117,8265.371,-629.030,15.144,105.874,-0.273239,-0.961852,0.013427,0.961441,-0.273521,-0.028595,0.031177,0.005096,0.999501,0,-0.51591,0.58219,-30.955,1.164,-1,375.000,-1,375.000,-1,300.000,300.000,300.000,325.000,-1,500.000,400.000,-1,700.000,675.000,-1,-1,2,0,2,0,2,0,0,0,0,2,0,0,2,0,0,2,2
118,8274.441,-658.627,14.133,107.039,-0.292742,-0.956097,0.013452,0.955719,-0.293011,-0.027296,0.030039,0.004866,0.999537,0,-0.51591,0.58219,-30.955,1.164,-1,375.000,-1,375.000,-1,300.000,300.000,325.000,325.000,-1,475.000,400.000,-1,700.000,675.000,-1,-1,2,0,2,0,2,0,0,0,0,2,0,0,2,0,0,2,2
119,8284.111,-688.032,13.133,108.203,-0.312125,-0.949946,0.013446,0.949603,-0.312379,-0.025937,0.028839,0.004673,0.999573,0,-0.51591,0.58219,-30.955,1.164,-1,375.000,-1,375.000,-1,300.000,300.000,325.000,325.000,-1,475.000,375.000,-1,700.000,675.000,-1,-1,2,0,2,0,2,0,0,0,0,2,0,0,2,0,0,2,2
120,8294.377,-717.236,12.159,109.367,-0.331379,-0.943403,0.013381,0.943094,-0.331619,-0.024560,0.027607,0.004481,0.999609,0,-0.51591,0.58219,-30.955,1.164,-1,375.000,-1,375.000,-1,300.000,300.000,325.000,325.000,-1,450.000,375.000,-1,700.000,675.000,-1,-1,2,0,2,0,2,0,0,0,0,2,0,0,2,0,0,2,2
121,8305.233,-746.224,11.389,110.532,-0.350506,-0.936473,0.012820,0.936175,-0.350722,-0.023899,0.026877,0.003625,0.999632,0,-0.51591,0.58219,-30.955,1.164,-1,375.000,-1,375.000,-1,300.000,300.000,325.000,325.000,-1,425.000,350.000,-1,700.000,675.000,-1,-1,2,0,2,0,2,0,0,0,0,2,0,0,2,0,0,2,2
122,8316.677,-774.986,10.636,111.696,-0.369488,-0.929155,0.012255,0.928869,-0.369680,-0.023201,0.026088,0.002811,0.999656,0,-0.51591,0.58219,-30.955,1.164,-1,375.000,-1,375.000,-1,300.000,300.000,325.000,325.000,-1,400.000,325.000,-1,700.000,675.000,-1,-1,2,0,2,0,2,0,0,0,0,2,0,0,2,0,0,2,2
123,8328.702,-803.509,10.007,112.860,-0.388328,-0.921453,0.011220,0.921184,-0.388486,-0.022336,0.024941,0.001662,0.999688,0,-0.51591,0.58219,-30.955,1.164,-1,375.000,-1,375.000,-1,300.000,300.000,325.000,325.000,-1,400.000,325.000,-1,700.000,675.000,-1,-1,2,0,2,0,2,0,0,0,0,2,0,0,2,0,0,2,2
124,8341.305,-831.783,9.416,114.025,-0.407005,-0.913370,0.010122,0.913119,-0.407131,-0.021416,0.023682,0.000526,0.999719,0,-0.51591,0.58219,-30.955,1.164,-1,375.000,-1,375.000,-1,300.000,300.000,325.000,325.000,-1,375.000,325.000,-1,675.000,675.000,-1,-1,2,0,2,0,2,0,0,0,0,2,0,0,2,0,0,2,2
125,8354.480,-859.794,8.857,115.189,-0.425512,-0.904908,0.009015,0.904677,-0.425607,-0.020449,0.022341,-0.000546,0.999750,0,-0.51591,0.58219,-30.955,1.164,-1,375.000,-1,375.000,-1,300.000,300.000,325.000,325.000,-1,375.000,325.000,-1,675.000,675.000,-1,-1,2,0,2,0,2,0,0,0,0,2,0,0,2,0,0,2,2
126,8368.221,-887.532,8.330,116.353,-0.443840,-0.896071,0.007895,0.895862,-0.443907,-0.019436,0.020920,-0.001554,0.999780,0,-0.51591,0.58219,-30.955,1.164,-1,375.000,-1,375.000,-1,300.000,300.000,325.000,325.000,-1,375.000,300.000,-1,675.000,675.000,-1,-1,2,0,2,0,2,0,0,0,0,2,0,0,2,0,0,2,2
127,8382.523,-914.984,7.837,117.518,-0.461981,-0.886864,0.006760,0.886677,-0.462024,-0.018376,0.019420,-0.002495,0.999808,0,-0.51591,0.58219,-30.955,1.164,-1,375.000,-1,375.000,-1,300.000,300.000,325.000,325.000,-1,350.000,300.000,-1,675.000,675.000,-1,-1,2,0,2,0,2,0,0,0,0,2,0,0,2,0,0,2,2
128,8397.380,-942.141,7.380,118.682,-0.479928,-0.877290,0.005609,0.877127,-0.479949,-0.017270,0.017843,-0.003368,0.999835,0,-0.51591,0.58219,-30.955,1.164,-1,375.000,-1,375.000,-1,300.000,300.000,325.000,325.000,-1,350.000,300.000,-1,675.000,675.000,-1,-1,2,0,2,0,2,0,0,0,0,2,0,0,2,0,0,2,2
129,8412.785,-968.990,6.958,119.847,-0.497673,-0.867353,0.004439,0.867214,-0.497675,-0.016119,0.016190,-0.004173,0.999860,0,-0.51591,0.58219,-30.955,1.164,-1,375.000,-1,375.000,-1,300.000,300.000,325.000,325.000,-1,350.000,300.000,-1,675.000,675.000,-1,-1,2,0,2,0,2,0,0,0,0,2,0,0,2,0,0,2,2
130,8428.733,-995.520,6.574,121.011,-0.515209,-0.857058,0.003247,0.856942,-0.515196,-0.014924,0.014464,-0.004906,0.999883,0,-0.51591,0.58219,-30.955,1.164,-1,375.000,-1,375.000,-1,300.000,300.000,325.000,325.000,-1,350.000,300.000,-1,675.000,675.000,-1,-1,2,0,2,0,2,0,0,0,0,2,0,0,2,0,0,2,2
131,8445.217,-1021.721,6.229,122.175,-0.532529,-0.846409,0.002033,0.846317,-0.532504,-0.013686,0.012666,-0.005568,0.999904,0,-0.51591,0.58219,-30.955,1.164,-1,375.000,-1,375.000,-1,300.000,300.000,325.000,325.000,-1,325.000,300.000,-1,675.000,650.000,-1,-1,2,0,2,0,2,0,0,0,0,2,0,0,2,0,0,2,2
132,8462.230,-1047.582,5.922,123.340,-0.549625,-0.835411,0.000792,0.835341,-0.549592,-0.012406,0.010800,-0.006157,0.999923,0,-0.51591,0.58219,-30.955,1.164,-1,375.000,-1,375.000,-1,300.000,300.000,325.000,325.000,-1,325.000,300.000,-1,675.000,650.000,-1,-1,2,0,2,0,2,0,0,0,0,2,0,0,2,0,0,2,2
133,8479.764,-1073.091,5.600,124.504,-0.566490,-0.824069,-0.000213,0.824019,-0.566453,-0.011106,0.009031,-0.006467,0.999938,0,-0.51591,0.58219,-30.955,1.164,-1,375.000,-1,375.000,-1,300.000,300.000,325.000,325.000,-1,325.000,325.000,-1,675.000,650.000,-1,-1,2,0,2,0,2,0,0,0,0,2,0,0,2,0,0,2,2
