timestep,x_cm,y_cm,z_cm,yaw_deg,basis_xx,basis_xy,basis_xz,basis_yx,basis_yy,basis_yz,basis_zx,basis_zy,basis_zz,teleport_flag,throttle_cmd,steering_cmd,cmd_move_cm,cmd_turn_deg,lidar_cm_0,lidar_cm_1,lidar_cm_2,lidar_cm_3,lidar_cm_4,lidar_cm_5,lidar_cm_6,lidar_cm_7,lidar_cm_8,lidar_cm_9,lidar_cm_10,lidar_cm_11,lidar_cm_12,lidar_cm_13,lidar_cm_14,lidar_cm_15,lidar_cm_16,lidar_class_0,lidar_class_1,lidar_class_2,lidar_class_3,lidar_class_4,lidar_class_5,lidar_class_6,lidar_class_7,lidar_class_8,lidar_class_9,lidar_class_10,lidar_class_11,lidar_class_12,lidar_class_13,lidar_class_14,lidar_class_15,lidar_class_16
0,-4259.426,-986.349,-144.105,-30.913,0.858517,0.512401,-0.019840,-0.508524,0.855724,0.095601,0.065964,-0.071985,0.995222,1,0.08000,0.12000,4.800,0.240,-1,425.000,-1,425.000,-1,350.000,350.000,300.000,300.000,475.000,900.000,-1,-1,900.000,-1,-1,-1,2,0,2,0,2,0,0,0,0,1,1,2,2,0,2,2,2
1,-4251.149,-991.211,-143.513,-30.433,0.862783,0.505200,-0.019449,-0.501405,0.859964,0.095160,0.064801,-0.072351,0.995272,0,0.16000,0.24000,9.600,0.480,-1,425.000,-1,425.000,-1,350.000,350.000,300.000,300.000,500.000,925.000,-1,-1,900.000,-1,-1,-1,2,0,2,0,2,0,0,0,0,1,1,2,2,0,2,2,2
2,-4238.642,-998.348,-142.643,-29.713,0.869067,0.494335,-0.018856,-0.490661,0.866211,0.094497,0.063047,-0.072872,0.995347,0,0.24000,0.36000,14.400,0.720,-1,425.000,-1,425.000,-1,350.000,350.000,300.000,300.000,500.000,975.000,-1,-1,900.000,-1,-1,-1,2,0,2,0,2,0,0,0,0,1,1,2,2,0,2,2,2
3,-4221.809,-1007.582,-141.516,-28.753,0.877230,0.479730,-0.018054,-0.476218,0.874330,0.093609,0.060692,-0.073519,0.995445,0,0.32000,0.48000,19.200,0.960,-1,425.000,-1,425.000,-1,350.000,350.000,300.000,300.000,525.000,-1,-1,-1,875.000,-1,-1,-1,2,0,2,0,2,0,0,0,0,1,2,2,2,0,2,2,2
4,-4200.534,-1018.687,-140.155,-27.565,0.886985,0.461483,-0.017034,-0.458173,0.884037,0.092496,0.057744,-0.074239,0.995567,0,0.40000,0.59373,24.000,1.187,-1,425.000,-1,425.000,-1,350.000,350.000,300.000,300.000,550.000,-1,-1,-1,875.000,-1,-1,-1,2,0,2,0,2,0,0,0,0,1,2,2,2,0,2,2,2
5,-4174.734,-1031.483,-138.577,-26.382,0.896329,0.443107,-0.015828,-0.440022,0.893347,0.091171,0.054538,-0.074754,0.995709,0,0.48000,0.59181,28.800,1.184,-1,400.000,-1,425.000,-1,350.000,350.000,300.000,275.000,550.000,-1,-1,-1,850.000,-1,-1,-1,2,0,2,0,2,0,0,0,0,1,2,2,2,0,2,2,2
6,-4144.333,-1045.789,-136.807,-25.203,0.905256,0.424622,-0.014430,-0.421786,0.902256,0.089614,0.051071,-0.075037,0.995872,0,0.56000,0.58951,33.600,1.179,-1,400.000,-1,425.000,-1,325.000,350.000,300.000,275.000,575.000,-1,-1,-1,850.000,-1,-1,-1,2,0,2,0,2,0,0,0,0,1,2,2,2,0,2,2,2
7,-4109.261,-1061.425,-134.868,-24.029,0.913760,0.406052,-0.012831,-0.403487,0.910763,0.087807,0.047340,-0.075058,0.996055,0,0.64000,0.58683,38.400,1.174,-1,400.000,-1,425.000,-1,325.000,350.000,300.000,275.000,625.000,-1,-1,-1,825.000,-1,-1,-1,2,0,2,0,2,0,0,0,0,1,2,2,2,0,2,2,2
8,-4069.455,-1078.207,-132.797,-22.862,0.921839,0.387417,-0.011041,-0.385138,0.918862,0.085796,0.043384,-0.074838,0.996252,0,0.72000,0.58376,43.200,1.168,-1,400.000,-1,425.000,-1,325.000,350.000,300.000,275.000,650.000,-1,-1,-1,825.000,-1,-1,-1,2,0,2,0,2,0,0,0,0,1,2,2,2,0,2,2,2
9,-4026.123,-1095.451,-130.779,-21.701,0.929491,0.368728,-0.009248,-0.366714,0.926524,0.084108,0.039582,-0.074786,0.996414,0,0.77730,0.58027,46.638,1.161,-1,400.000,-1,425.000,-1,325.000,350.000,300.000,275.000,675.000,-1,-1,-1,800.000,-1,-1,-1,2,0,2,0,2,0,0,0,0,1,2,2,2,0,2,2,2
10,-3982.402,-1111.839,-128.894,-20.548,0.936715,0.350014,-0.007406,-0.348259,0.933764,0.082465,0.035779,-0.074667,0.996566,0,0.77821,0.57646,46.693,1.153,-1,400.000,-1,425.000,-1,325.000,350.000,300.000,300.000,725.000,-1,-1,-1,800.000,-1,-1,-1,2,0,2,0,2,0,0,0,0,1,2,2,2,0,2,2,2
11,-3938.305,-1127.370,-127.138,-19.403,0.943514,0.331286,-0.005510,-0.329785,0.940585,0.080879,0.031977,-0.074493,0.996709,0,0.77923,0.57259,46.754,1.145,-1,400.000,-1,425.000,-1,325.000,350.000,300.000,300.000,750.000,-1,-1,-1,775.000,-1,-1,-1,2,0,2,0,2,0,0,0,0,1,2,2,2,0,2,2,2
12,-3893.844,-1142.044,-125.530,-18.266,0.949894,0.312554,-0.003474,-0.311307,0.946985,0.079417,0.028112,-0.074357,0.996835,0,0.78034,0.56868,46.820,1.137,-1,400.000,-1,425.000,-1,325.000,350.000,300.000,300.000,775.000,-1,-1,-1,775.000,1000.000,-1,-1,2,0,2,0,2,0,0,0,0,1,2,2,2,0,0,2,2
13,-3846.941,-1156.501,-124.284,-17.130,0.955877,0.293757,-0.002381,-0.292704,0.953079,0.077237,0.024958,-0.073132,0.997010,0,0.81802,0.56764,49.081,1.135,-1,400.000,-1,425.000,-1,325.000,350.000,325.000,300.000,825.000,-1,-1,-1,750.000,1000.000,-1,-1,2,0,2,0,2,0,0,0,0,1,2,2,2,0,0,2,2
14,-3799.822,-1170.010,-123.263,-15.997,0.961477,0.274882,-0.001611,-0.273998,0.958822,0.074739,0.022089,-0.071418,0.997202,0,0.81697,0.56667,49.018,1.133,-1,400.000,-1,425.000,-1,325.000,350.000,325.000,300.000,850.000,-1,-1,-1,750.000,975.000,-1,-1,2,0,2,0,2,0,0,0,0,1,2,2,2,0,0,2,2
15,-3752.503,-1182.572,-122.364,-14.866,0.966694,0.255933,-0.000867,-0.255205,0.964187,0.072210,0.019317,-0.069584,0.997389,0,0.81598,0.56560,48.959,1.131,-1,400.000,-1,425.000,-1,325.000,350.000,325.000,300.000,900.000,-1,-1,-1,750.000,975.000,-1,-1,2,0,2,0,2,0,0,0,0,1,2,2,2,0,0,2,2
16,-3705.000,-1194.185,-121.580,-13.737,0.971529,0.236920,-0.000150,-0.236334,0.969172,0.069657,0.016649,-0.067638,0.997571,0,0.81504,0.56444,48.902,1.129,-1,400.000,-1,425.000,-1,325.000,325.000,325.000,300.000,925.000,-1,-1,-1,725.000,950.000,-1,-1,2,0,2,0,2,0,0,0,0,1,2,2,2,0,0,2,2
17,-3657.331,-1204.851,-120.906,-12.611,0.975982,0.217852,0.000539,-0.217397,0.973775,0.067082,0.014089,-0.065588,0.997747,0,0.81415,0.56318,48.849,1.126,-1,400.000,-1,425.000,-1,325.000,325.000,325.000,300.000,950.000,-1,-1,-1,725.000,925.000,-1,-1,2,0,2,0,2,0,0,0,0,1,2,2,2,0,0,2,2
18,-3609.509,-1214.570,-120.337,-11.487,0.980051,0.198742,0.001201,-0.198404,0.977996,0.064491,0.011642,-0.063443,0.997918,0,0.81333,0.56183,48.800,1.124,-1,400.000,-1,425.000,-1,325.000,325.000,325.000,300.000,1000.000,-1,-1,-1,725.000,925.000,-1,-1,2,0,2,0,2,0,0,0,0,1,2,2,2,0,0,2,2
19,-3561.552,-1223.344,-119.867,-10.366,0.983738,0.179600,0.001835,-0.179367,0.981834,0.061887,0.009313,-0.061210,0.998081,0,0.81257,0.56039,48.754,1.121,-1,375.000,-1,425.000,-1,325.000,325.000,325.000,300.000,-1,-1,-1,-1,700.000,900.000,-1,-1,2,0,2,0,2,0,0,0,0,2,2,2,2,0,0,2,2
20,-3513.474,-1231.174,-119.489,-9.248,0.987043,0.160436,0.002441,-0.160297,0.985287,0.059276,0.007105,-0.058899,0.998239,0,0.81187,0.55886,48.712,1.118,-1,375.000,-1,425.000,-1,325.000,325.000,325.000,300.000,-1,-1,-1,-1,700.000,900.000,-1,-1,2,0,2,0,2,0,0,0,0,2,2,2,2,0,0,2,2
21,-3465.290,-1238.062,-119.199,-8.134,0.989968,0.141261,0.003016,-0.141204,0.988358,0.056660,0.005023,-0.056518,0.998389,0,0.81123,0.55724,48.674,1.114,-1,375.000,-1,425.000,-1,325.000,325.000,325.000,300.000,-1,-1,-1,-1,700.000,875.000,-1,-1,2,0,2,0,2,0,0,0,0,2,2,2,2,0,0,2,2
22,-3417.016,-1244.010,-118.990,-7.023,0.992513,0.122086,0.003561,-0.122099,0.991045,0.054045,0.003069,-0.054075,0.998532,0,0.81066,0.55555,48.640,1.111,-1,375.000,-1,425.000,-1,325.000,325.000,325.000,300.000,-1,-1,-1,-1,675.000,875.000,-1,-1,2,0,2,0,2,0,0,0,0,2,2,2,2,0,0,2,2
23,-3368.666,-1249.021,-118.856,-5.915,0.994681,0.102920,0.004072,-0.102993,0.993351,0.051435,0.001249,-0.051580,0.998668,0,0.81016,0.55377,48.609,1.108,-1,375.000,-1,400.000,-1,325.000,325.000,325.000,300.000,-1,-1,-1,-1,675.000,850.000,-1,-1,2,0,2,0,2,0,0,0,0,2,2,2,2,0,0,2,2
24,-3320.254,-1253.097,-118.791,-4.811,0.996474,0.083776,0.004549,-0.083898,0.995277,0.048833,-0.000437,-0.049042,0.998797,0,0.80972,0.55191,48.583,1.104,-1,375.000,-1,400.000,-1,325.000,325.000,325.000,300.000,-1,-1,-1,-1,675.000,850.000,-1,-1,2,0,2,0,2,0,0,0,0,2,2,2,2,0,0,2,2
25,-3271.795,-1256.242,-118.752,-3.712,0.997896,0.064663,0.004771,-0.064815,0.996832,0.046097,-0.001775,-0.046309,0.998926,0,0.80935,0.54997,48.561,1.100,-1,375.000,-1,400.000,-1,300.000,325.000,325.000,300.000,-1,-1,-1,-1,675.000,850.000,-1,-1,2,0,2,0,2,0,0,0,0,2,2,2,2,0,0,2,2
26,-3223.303,-1258.459,-118.600,-2.616,0.998951,0.045591,0.004301,-0.045735,0.997998,0.043695,-0.002300,-0.043845,0.999036,0,0.80905,0.54796,48.543,1.096,-1,375.000,-1,400.000,-1,300.000,325.000,325.000,300.000,-1,-1,-1,-1,675.000,850.000,-1,-1,2,0,2,0,2,0,0,0,0,2,2,2,2,0,0,2,2
27,-3169.986,-1260.098,-118.468,-1.760,0.999523,0.030681,0.003569,-0.030802,0.998674,0.041255,-0.002299,-0.041345,0.999142,0,0.88905,0.42796,53.343,0.856,-1,375.000,-1,400.000,-1,300.000,325.000,325.000,300.000,-1,-1,-1,-1,675.000,850.000,-1,-1,2,0,2,0,2,0,0,0,0,2,2,2,2,0,0,2,2
28,-3114.781,-1261.202,-118.398,-1.144,0.999797,0.019946,0.002715,-0.020036,0.999047,0.038783,-0.001939,-0.038829,0.999244,0,0.92026,0.30796,55.216,0.616,-1,375.000,-1,400.000,-1,300.000,325.000,325.000,325.000,-1,-1,-1,-1,675.000,875.000,-1,-1,2,0,2,0,2,0,0,0,0,2,2,2,2,0,0,2,2
29,-3059.617,-1261.942,-118.383,-0.768,0.999909,0.013392,0.001762,-0.013447,0.999247,0.036391,-0.001274,-0.036411,0.999336,0,0.91949,0.18796,55.169,0.376,-1,375.000,-1,400.000,-1,300.000,325.000,325.000,325.000,-1,-1,-1,-1,700.000,900.000,-1,-1,2,0,2,0,2,0,0,0,0,2,2,2,2,0,0,2,2
30,-3004.501,-1262.551,-118.383,-0.632,0.999939,0.011022,0.000806,-0.011043,0.999361,0.033981,-0.000431,-0.033988,0.999422,0,0.91864,0.06796,55.119,0.136,-1,375.000,-1,400.000,-1,300.000,325.000,325.000,325.000,-1,-1,-1,-1,700.000,900.000,-1,-1,2,0,2,0,2,0,0,0,0,2,2,2,2,0,0,2,2
31,-2949.438,-1263.107,-118.391,-0.578,0.999949,0.010076,-0.000153,-0.010066,0.999451,0.031567,0.000471,-0.031564,0.999502,0,0.91778,0.02714,55.067,0.054,-1,375.000,-1,400.000,-1,325.000,325.000,325.000,325.000,-1,-1,-1,-1,725.000,925.000,-1,-1,2,0,2,0,2,0,0,0,0,2,2,2,2,0,0,2,2
32,-2891.538,-1263.648,-118.403,-0.533,0.999956,0.009305,-0.001163,-0.009268,0.999536,0.029027,0.001432,-0.029015,0.999578,0,0.96504,0.02211,57.902,0.044,-1,375.000,-1,400.000,-1,325.000,325.000,325.000,325.000,-1,-1,-1,-1,725.000,950.000,-1,-1,2,0,2,0,2,0,0,0,0,2,2,2,2,0,0,2,2
33,-2833.691,-1264.132,-118.420,-0.479,0.999963,0.008350,-0.002175,-0.008290,0.999615,0.026487,0.002395,-0.026468,0.999647,0,0.96415,0.02739,57.849,0.055,-1,375.000,-1,425.000,-1,325.000,325.000,325.000,300.000,-1,-1,1000.000,-1,750.000,950.000,-1,-1,2,0,2,0,2,0,0,0,0,2,2,0,2,0,0,2,2
34,-2775.914,-1264.554,-118.441,-0.418,0.999968,0.007288,-0.003190,-0.007210,0.999687,0.023946,0.003363,-0.023923,0.999708,0,0.96298,0.03045,57.779,0.061,-1,400.000,-1,425.000,-1,325.000,325.000,325.000,300.000,-1,-1,875.000,-1,750.000,975.000,-1,-1,2,0,2,0,2,0,0,0,0,2,2,0,2,0,0,2,2
35,-2718.223,-1264.908,-118.465,-0.351,0.999972,0.006129,-0.004206,-0.006037,0.999753,0.021407,0.004336,-0.021381,0.999762,0,0.96153,0.03323,57.692,0.066,-1,400.000,-1,425.000,-1,325.000,325.000,325.000,300.000,-1,-1,775.000,-1,775.000,1000.000,-1,-1,2,0,2,0,2,0,0,0,0,2,2,0,2,0,0,2,2
36,-2660.633,-1265.190,-118.492,-0.280,0.999974,0.004882,-0.005224,-0.004783,0.999811,0.018869,0.005315,-0.018844,0.999808,0,0.95984,0.03572,57.590,0.071,-1,400.000,-1,425.000,-1,325.000,350.000,325.000,300.000,-1,-1,700.000,-1,775.000,-1,-1,-1,2,0,2,0,2,0,0,0,0,2,2,0,2,0,2,2,2
37,-2603.159,-1265.395,-118.580,-0.204,0.999981,0.003560,-0.005034,-0.003476,0.999859,0.016414,0.005092,-0.016396,0.999853,0,0.95791,0.03791,57.475,0.076,-1,400.000,-1,450.000,-1,325.000,350.000,325.000,300.000,-1,-1,725.000,-1,800.000,-1,-1,-1,2,0,2,0,2,0,0,0,0,2,2,0,2,0,2,2,2
38,-2545.813,-1265.520,-119.008,-0.124,0.999994,0.002171,-0.002748,-0.002132,0.999900,0.013951,0.002778,-0.013945,0.999899,0,0.95578,0.03979,57.347,0.080,-1,400.000,-1,425.000,-1,325.000,350.000,325.000,300.000,-1,-1,925.000,-1,800.000,1000.000,-1,-1,2,0,2,0,2,0,0,0,0,2,2,0,2,0,0,2,2
39,-2488.605,-1265.562,-119.436,-0.042,1.000000,0.000727,-0.000471,-0.000721,0.999934,0.011499,0.000479,-0.011499,0.999934,0,0.95347,0.04137,57.208,0.083,-1,400.000,-1,425.000,-1,325.000,350.000,325.000,300.000,-1,-1,-1,-1,800.000,1000.000,-1,-1,2,0,2,0,2,0,0,0,0,2,2,2,2,0,0,2,2
40,-2431.544,-1265.519,-119.864,0.044,0.999998,-0.000761,0.001797,0.000745,0.999959,0.009060,-0.001804,-0.009059,0.999957,0,0.95101,0.04264,57.061,0.085,-1,400.000,-1,425.000,-1,325.000,350.000,300.000,300.000,-1,-1,-1,-1,775.000,975.000,-1,-1,2,0,2,0,2,0,0,0,0,2,2,2,2,0,0,2,2
41,-2374.638,-1265.389,-120.291,0.131,0.999989,-0.002283,0.004056,0.002256,0.999975,0.006634,-0.004071,-0.006625,0.999970,0,0.94844,0.04359,56.906,0.087,-1,400.000,-1,425.000,-1,325.000,325.000,300.000,300.000,-1,-1,-1,-1,775.000,950.000,-1,-1,2,0,2,0,2,0,0,0,0,2,2,2,2,0,0,2,2
42,-2317.891,-1265.172,-120.717,0.219,0.999973,-0.003827,0.006304,0.003800,0.999984,0.004221,-0.006320,-0.004197,0.999971,0,0.94579,0.04423,56.747,0.088,-1,400.000,-1,425.000,-1,325.000,325.000,300.000,300.000,-1,-1,-1,-1,775.000,950.000,-1,-1,2,0,2,0,2,0,0,0,0,2,2,2,2,0,0,2,2
43,-2265.946,-1264.676,-121.099,0.548,0.999919,-0.009559,0.008348,0.009543,0.999952,0.002027,-0.008367,-0.001947,0.999963,0,0.86579,0.16423,51.947,0.328,-1,400.000,-1,425.000,-1,325.000,325.000,300.000,300.000,-1,-1,-1,-1,775.000,925.000,-1,-1,2,0,2,0,2,0,0,0,0,2,2,2,2,0,0,2,2
44,-2218.807,-1263.757,-121.435,1.116,0.999758,-0.019479,0.010180,0.019480,0.999810,0.000074,-0.010180,0.000125,0.999948,0,0.78579,0.28423,47.147,0.568,-1,400.000,-1,425.000,-1,325.000,325.000,300.000,300.000,-1,-1,-1,-1,775.000,925.000,-1,-1,2,0,2,0,2,0,0,0,0,2,2,2,2,0,0,2,2
45,-2175.926,-1262.316,-121.738,1.925,0.999366,-0.033585,0.011852,0.033606,0.999434,-0.001597,-0.011792,0.001994,0.999928,0,0.71508,0.40423,42.905,0.808,-1,400.000,-1,425.000,-1,325.000,325.000,325.000,300.000,-1,-1,-1,-1,775.000,900.000,-1,-1,2,0,2,0,2,0,0,0,0,2,2,2,2,0,0,2,2
46,-2133.139,-1260.094,-122.049,2.973,0.998562,-0.051866,0.013559,0.051912,0.998647,-0.003073,-0.013381,0.003772,0.999903,0,0.71407,0.52423,42.844,1.048,-1,400.000,-1,425.000,-1,325.000,325.000,325.000,300.000,-1,-1,-1,-1,750.000,900.000,-1,-1,2,0,2,0,2,0,0,0,0,2,2,2,2,0,0,2,2
47,-2090.453,-1256.913,-122.345,4.262,0.997119,-0.074308,0.015232,0.074383,0.997220,-0.004397,-0.014863,0.005517,0.999874,0,0.71341,0.64423,42.804,1.288,-1,375.000,-1,425.000,-1,325.000,325.000,325.000,300.000,-1,-1,-1,-1,750.000,875.000,-1,-1,2,0,2,0,2,0,0,0,0,2,2,2,2,0,0,2,2
48,-2047.887,-1252.597,-122.619,5.790,0.994756,-0.100880,0.016851,0.100985,0.994872,-0.005542,-0.016206,0.007215,0.999843,0,0.71308,0.76423,42.785,1.528,-1,375.000,-1,425.000,-1,325.000,325.000,325.000,300.000,-1,-1,-1,-1,750.000,850.000,-1,-1,2,0,2,0,2,0,0,0,0,2,2,2,2,0,0,2,2
49,-2005.473,-1246.969,-122.900,7.558,0.991143,-0.131532,0.018303,0.131671,0.991271,-0.006633,-0.017271,0.008984,0.999810,0,0.71309,0.88423,42.785,1.768,-1,375.000,-1,425.000,-1,325.000,325.000,325.000,300.000,-1,-1,-1,-1,725.000,850.000,-1,-1,2,0,2,0,2,0,0,0,0,2,2,2,2,0,0,2,2
50,-1963.262,-1239.861,-123.539,9.558,0.985933,-0.166041,0.019150,0.166236,0.986044,-0.009080,-0.017375,0.012136,0.999775,0,0.71342,1.00000,42.805,2.000,-1,375.000,-1,400.000,-1,325.000,325.000,325.000,300.000,-1,-1,-1,-1,725.000,825.000,-1,-1,2,0,2,0,2,0,0,0,0,2,2,2,2,0,0,2,2
51,-1921.287,-1231.276,-124.207,11.558,0.979522,-0.200344,0.019947,0.200594,0.979608,-0.011378,-0.017261,0.015146,0.999736,0,0.71407,1.00000,42.844,2.000,-1,375.000,-1,400.000,-1,325.000,325.000,325.000,300.000,-1,-1,-1,-1,725.000,825.000,-1,-1,2,0,2,0,2,0,0,0,0,2,2,2,2,0,0,2,2
52,-1879.599,-1221.222,-125.062,13.558,0.971929,-0.234402,0.020225,0.234683,0.971988,-0.012797,-0.016659,0.017185,0.999714,0,0.71472,1.00000,42.883,2.000,-1,375.000,-1,400.000,-1,325.000,325.000,325.000,300.000,-1,-1,-1,-1,725.000,800.000,-1,-1,2,0,2,0,2,0,0,0,0,2,2,2,2,0,0,2,2
53,-1838.250,-1209.709,-125.945,15.558,0.963150,-0.268173,0.020633,0.268480,0.963186,-0.013829,-0.016165,0.018859,0.999691,0,0.71536,1.00000,42.922,2.000,-1,375.000,-1,400.000,-1,325.000,325.000,325.000,325.000,-1,-1,-1,-1,725.000,800.000,-1,-1,2,0,2,0,2,0,0,0,0,2,2,2,2,0,0,2,2
54,-1797.292,-1196.749,-126.771,17.558,0.953199,-0.301615,0.020993,0.301945,0.953210,-0.014830,-0.015538,0.020474,0.999670,0,0.71600,1.00000,42.960,2.000,-1,375.000,-1,400.000,-1,325.000,325.000,325.000,325.000,-1,-1,-1,-1,700.000,800.000,-1,-1,2,0,2,0,2,0,0,0,0,2,2,2,2,0,0,2,2
55,-1756.775,-1182.354,-127.534,19.558,0.942088,-0.334687,0.021310,0.335038,0.942072,-0.015798,-0.014789,0.022023,0.999648,0,0.71663,1.00000,42.998,2.000,-1,375.000,-1,400.000,-1,325.000,325.000,325.000,325.000,-1,-1,-1,-1,700.000,775.000,-1,-1,2,0,2,0,2,0,0,0,0,2,2,2,2,0,0,2,2
56,-1716.750,-1166.540,-128.226,21.558,0.929833,-0.367349,0.021592,0.367719,0.929787,-0.016729,-0.013930,0.023495,0.999627,0,0.71727,1.00000,43.036,2.000,-1,375.000,-1,400.000,-1,325.000,325.000,325.000,325.000,-1,-1,-1,-1,700.000,775.000,-1,-1,2,0,2,0,2,0,0,0,0,2,2,2,2,0,0,2,2
57,-1677.266,-1149.324,-128.843,23.558,0.916447,-0.399560,0.021841,0.399947,0.916369,-0.017619,-0.012975,0.024882,0.999606,0,0.71790,1.00000,43.074,2.000,-1,375.000,-1,400.000,-1,325.000,325.000,325.000,325.000,-1,-1,-1,-1,700.000,775.000,-1,-1,2,0,2,0,2,0,0,0,0,2,2,2,2,0,0,2,2
58,-1638.373,-1130.724,-129.377,25.558,0.901947,-0.431284,0.022063,0.431683,0.901837,-0.018462,-0.011935,0.026176,0.999586,0,0.71853,1.00000,43.112,2.000,-1,375.000,-1,400.000,-1,325.000,325.000,325.000,325.000,-1,-1,-1,-1,700.000,775.000,-1,-1,2,0,2,0,2,0,0,0,0,2,2,2,2,0,0,2,2
59,-1600.119,-1110.760,-129.823,27.558,0.886350,-0.462480,0.022261,0.462889,0.886207,-0.019251,-0.010825,0.027368,0.999567,0,0.71917,1.00000,43.150,2.000,-1,375.000,-1,400.000,-1,300.000,325.000,325.000,325.000,-1,-1,-1,-1,700.000,775.000,-1,-1,2,0,2,0,2,0,0,0,0,2,2,2,2,0,0,2,2
60,-1562.553,-1089.454,-130.176,29.558,0.869677,-0.493111,0.022438,0.493527,0.869501,-0.019980,-0.009658,0.028450,0.999549,0,0.71980,1.00000,43.188,2.000,-1,375.000,-1,400.000,-1,300.000,325.000,325.000,325.000,-1,-1,1000.000,-1,675.000,750.000,-1,-1,2,0,2,0,2,0,0,0,0,2,2,0,2,0,0,2,2
61,-1525.720,-1066.831,-130.432,31.558,0.851946,-0.523141,0.022595,0.523561,0.851738,-0.020641,-0.008447,0.029415,0.999532,0,0.72043,1.00000,43.226,2.000,-1,375.000,-1,400.000,-1,300.000,325.000,325.000,325.000,-1,-1,875.000,-1,675.000,750.000,-1,-1,2,0,2,0,2,0,0,0,0,2,2,0,2,0,0,2,2
62,-1489.667,-1042.915,-130.621,33.558,0.833182,-0.552532,0.022718,0.552953,0.832938,-0.021392,-0.007103,0.030386,0.999513,0,0.72107,1.00000,43.264,2.000,-1,375.000,-1,375.000,-1,300.000,300.000,325.000,325.000,-1,-1,750.000,-1,700.000,750.000,-1,-1,2,0,2,0,2,0,0,0,0,2,2,0,2,0,0,2,2
63,-1454.440,-1017.732,-130.772,35.558,0.813409,-0.581245,0.022816,0.581666,0.813120,-0.022372,-0.005549,0.031469,0.999489,0,0.72171,1.00000,43.303,2.000,-1,375.000,-1,375.000,-1,300.000,300.000,325.000,325.000,-1,-1,725.000,-1,700.000,725.000,-1,-1,2,0,2,0,2,0,0,0,0,2,2,0,2,0,0,2,2
64,-1420.082,-991.313,-130.883,37.558,0.792652,-0.609253,0.022650,0.609662,0.792320,-0.023262,-0.003773,0.032248,0.999473,0,0.72236,1.00000,43.341,2.000,-1,375.000,-1,375.000,-1,300.000,300.000,325.000,325.000,-1,900.000,725.000,-1,725.000,725.000,-1,-1,2,0,2,0,2,0,0,0,0,2,0,0,2,0,0,2,2
65,-1386.637,-963.685,-130.855,39.558,0.770937,-0.636524,0.022214,0.636909,0.770563,-0.024088,-0.001785,0.032719,0.999463,0,0.72300,1.00000,43.380,2.000,-1,375.000,-1,375.000,-1,300.000,300.000,325.000,325.000,-1,775.000,725.000,-1,725.000,725.000,-1,-1,2,0,2,0,2,0,0,0,0,2,0,0,2,0,0,2,2
66,-1354.148,-934.881,-130.725,41.558,0.748286,-0.663021,0.021716,0.663377,0.747871,-0.024907,0.000273,0.033044,0.999454,0,0.72366,1.00000,43.419,2.000,-1,375.000,-1,375.000,-1,300.000,300.000,325.000,325.000,-1,775.000,725.000,-1,750.000,725.000,-1,-1,2,0,2,0,2,0,0,0,0,2,0,0,2,0,0,2,2
67,-1322.655,-904.934,-130.506,43.558,0.724724,-0.688713,0.021208,0.689035,0.724271,-0.025730,0.002361,0.033260,0.999444,0,0.72431,1.00000,43.459,2.000,-1,375.000,-1,375.000,-1,300.000,300.000,325.000,325.000,-1,775.000,725.000,-1,750.000,725.000,-1,-1,2,0,2,0,2,0,0,0,0,2,0,0,2,0,0,2,2
68,-1292.198,-873.878,-130.196,45.558,0.700281,-0.713567,0.020695,0.713853,0.699792,-0.026553,0.004465,0.033368,0.999433,0,0.72498,1.00000,43.499,2.000,-1,375.000,-1,375.000,-1,300.000,300.000,325.000,325.000,-1,775.000,750.000,-1,775.000,725.000,-1,-1,2,0,2,0,2,0,0,0,0,2,0,0,2,0,0,2,2
69,-1262.817,-841.748,-129.796,47.558,0.674985,-0.737555,0.020181,0.737802,0.674462,-0.027370,0.006576,0.033364,0.999422,0,0.72565,1.00000,43.539,2.000,-1,375.000,-1,375.000,-1,300.000,300.000,325.000,325.000,-1,750.000,750.000,-1,775.000,725.000,-1,-1,2,0,2,0,2,0,0,0,0,2,0,0,2,0,0,2,2
70,-1234.549,-808.581,-129.307,49.558,0.648868,-0.760647,0.019668,0.760852,0.648314,-0.028177,0.008682,0.033248,0.999409,0,0.72632,1.00000,43.579,2.000,-1,375.000,-1,375.000,-1,300.000,300.000,325.000,325.000,-1,775.000,775.000,-1,800.000,725.000,-1,-1,2,0,2,0,2,0,0,0,0,2,0,0,2,0,0,2,2
71,-1207.429,-774.416,-128.827,51.558,0.621961,-0.782826,0.018654,0.782969,0.621385,-0.028969,0.011086,0.032623,0.999406,0,0.72700,1.00000,43.620,2.000,-1,400.000,-1,375.000,-1,300.000,300.000,325.000,325.000,-1,750.000,775.000,-1,825.000,750.000,-1,-1,2,0,2,0,2,0,0,0,0,2,0,0,2,0,0,2,2
72,-1181.494,-739.293,-128.389,53.558,0.594285,-0.804067,0.017361,0.804146,0.593710,-0.029278,0.013234,0.031360,0.999421,0,0.72769,1.00000,43.661,2.000,-1,400.000,-1,375.000,-1,325.000,300.000,325.000,325.000,-1,725.000,775.000,-1,850.000,750.000,-1,-1,2,0,2,0,2,0,0,0,0,2,0,0,2,0,0,2,2
73,-1156.777,-703.251,-128.090,55.558,0.565855,-0.824355,0.015719,0.824376,0.565327,-0.028455,0.014571,0.029059,0.999471,0,0.72838,1.00000,43.703,2.000,-1,400.000,-1,375.000,-1,325.000,325.000,325.000,325.000,-1,750.000,800.000,-1,850.000,750.000,-1,-1,2,0,2,0,2,0,0,0,0,2,0,0,2,0,0,2,2
74,-1130.586,-662.428,-127.666,57.318,0.540255,-0.841388,0.013835,0.841354,0.539779,-0.027607,0.015760,0.026554,0.999523,0,0.80838,0.88000,48.503,1.760,-1,400.000,-1,375.000,-1,325.000,325.000,325.000,325.000,-1,750.000,850.000,-1,875.000,775.000,-1,-1,2,0,2,0,2,0,0,0,0,2,0,0,2,0,0,2,2
75,-1103.694,-617.957,-127.114,58.838,0.517724,-0.855466,0.011803,0.855383,0.517305,-0.026753,0.016780,0.023947,0.999572,0,0.86616,0.76000,51.970,1.520,-1,400.000,-1,400.000,-1,325.000,325.000,325.000,325.000,-1,775.000,875.000,-1,900.000,775.000,-1,-1,2,0,2,0,2,0,0,0,0,2,0,0,2,0,0,2,2
76,-1077.816,-572.923,-126.457,60.118,0.498458,-0.866859,0.009776,0.866736,0.498095,-0.025894,0.017577,0.021380,0.999617,0,0.86566,0.64000,51.940,1.280,-1,400.000,-1,400.000,-1,325.000,325.000,325.000,325.000,-1,800.000,925.000,-1,925.000,775.000,-1,-1,2,0,2,0,2,0,0,0,0,2,0,0,2,0,0,2,2
77,-1052.787,-527.475,-125.660,61.158,0.482607,-0.875803,0.007709,0.875651,0.482305,-0.024845,0.018041,0.018741,0.999662,0,0.86474,0.52000,51.884,1.040,-1,400.000,-1,400.000,-1,325.000,325.000,325.000,325.000,-1,825.000,1000.000,-1,950.000,800.000,-1,-1,2,0,2,0,2,0,0,0,0,2,0,0,2,0,0,2,2
78,-1028.433,-481.753,-124.948,61.958,0.470303,-0.882481,0.006528,0.882326,0.470045,-0.023644,0.017797,0.016880,0.999699,0,0.86339,0.40000,51.804,0.800,-1,400.000,-1,400.000,-1,325.000,325.000,325.000,325.000,-1,925.000,-1,-1,950.000,800.000,-1,-1,2,0,2,0,2,0,0,0,0,2,0,2,2,0,0,2,2
79,-1004.577,-435.890,-124.470,62.518,0.461640,-0.887041,0.006893,0.886914,0.461401,-0.022205,0.016516,0.016364,0.999730,0,0.86161,0.28000,51.697,0.560,-1,400.000,-1,400.000,-1,325.000,325.000,325.000,325.000,-1,-1,-1,-1,950.000,775.000,-1,-1,2,0,2,0,2,0,0,0,0,2,2,2,2,0,0,2,2
80,-981.071,-389.996,-123.903,62.880,0.456025,-0.889937,0.007305,0.889837,0.455803,-0.020801,0.015182,0.015986,0.999757,0,0.85940,0.18059,51.564,0.361,-1,400.000,-1,400.000,-1,325.000,325.000,325.000,325.000,-1,-1,-1,-1,950.000,775.000,-1,-1,2,0,2,0,2,0,0,0,0,2,2,2,2,0,0,2,2
81,-957.924,-344.091,-123.263,63.242,0.450381,-0.892802,0.007786,0.892729,0.450175,-0.019420,0.013834,0.015697,0.999781,0,0.85683,0.18095,51.410,0.362,-1,400.000,-1,400.000,-1,325.000,325.000,325.000,325.000,-1,-1,-1,-1,975.000,800.000,-1,-1,2,0,2,0,2,0,0,0,0,2,2,2,2,0,0,2,2
82,-935.137,-298.180,-122.552,63.604,0.444716,-0.895633,0.008334,0.895585,0.444524,-0.018059,0.012470,0.015494,0.999802,0,0.85425,0.18108,51.255,0.362,-1,425.000,-1,400.000,-1,325.000,325.000,350.000,300.000,-1,-1,-1,-1,975.000,800.000,-1,-1,2,0,2,0,2,0,0,0,0,2,2,2,2,0,0,2,2
83,-912.709,-252.265,-121.772,63.966,0.439036,-0.898425,0.008947,0.898401,0.438858,-0.016714,0.011090,0.015376,0.999820,0,0.85168,0.18098,51.101,0.362,-1,425.000,-1,400.000,-1,325.000,325.000,350.000,300.000,-1,-1,-1,-1,975.000,800.000,-1,-1,2,0,2,0,2,0,0,0,0,2,2,2,2,0,0,2,2
84,-890.636,-206.346,-120.925,64.327,0.433349,-0.901175,0.009624,0.901174,0.433184,-0.015383,0.009694,0.015339,0.999835,0,0.84914,0.18065,50.948,0.361,-1,425.000,-1,400.000,-1,325.000,325.000,350.000,300.000,-1,-1,-1,-1,950.000,800.000,-1,-1,2,0,2,0,2,0,0,0,0,2,2,2,2,0,0,2,2
85,-868.917,-160.425,-120.099,64.687,0.427656,-0.903885,0.010162,0.903906,0.427513,-0.013651,0.007994,0.015023,0.999855,0,0.84665,0.18009,50.799,0.360,-1,425.000,-1,400.000,-1,325.000,325.000,350.000,300.000,-1,-1,-1,-1,950.000,800.000,-1,-1,2,0,2,0,2,0,0,0,0,2,2,2,2,0,0,2,2
86,-847.546,-114.500,-119.647,65.046,0.421968,-0.906568,0.008775,0.906583,0.421859,-0.011959,0.007140,0.013002,0.999890,0,0.84423,0.17931,50.654,0.359,-1,425.000,-1,400.000,-1,325.000,325.000,350.000,300.000,-1,-1,-1,-1,950.000,800.000,-1,-1,2,0,2,0,2,0,0,0,0,2,2,2,2,0,0,2,2
87,-826.519,-68.569,-119.303,65.402,0.416293,-0.909205,0.006870,0.909210,0.416221,-0.009874,0.006118,0.010357,0.999928,0,0.84191,0.17831,50.515,0.357,-1,425.000,-1,400.000,-1,325.000,325.000,350.000,300.000,-1,-1,-1,-1,925.000,800.000,-1,-1,2,0,2,0,2,0,0,0,0,2,2,2,2,0,0,2,2
88,-805.831,-22.631,-119.213,65.757,0.410635,-0.911790,0.004245,0.911791,0.410605,-0.006373,0.004068,0.006488,0.999971,0,0.83970,0.17710,50.382,0.354,-1,425.000,-1,400.000,-1,325.000,325.000,325.000,300.000,-1,-1,-1,-1,900.000,800.000,-1,-1,2,0,2,0,2,0,0,0,0,2,2,2,2,0,0,2,2
89,-785.476,23.320,-119.073,66.108,0.405019,-0.914307,0.001617,0.914306,0.405014,-0.002894,0.001991,0.002650,0.999995,0,0.83761,0.17567,50.257,0.351,-1,425.000,-1,400.000,-1,325.000,325.000,325.000,325.000,-1,-1,-1,-1,875.000,800.000,-1,-1,2,0,2,0,2,0,0,0,0,2,2,2,2,0,0,2,2
90,-765.447,69.286,-118.943,66.456,0.399453,-0.916753,-0.000884,0.916754,0.399453,0.000314,0.000065,-0.000936,1.000000,0,0.83567,0.17405,50.140,0.348,-1,425.000,-1,400.000,-1,325.000,325.000,325.000,325.000,-1,-1,-1,-1,875.000,800.000,-1,-1,2,0,2,0,2,0,0,0,0,2,2,2,2,0,0,2,2
91,-745.738,115.273,-119.165,66.800,0.393936,-0.919134,-0.002497,0.919137,0.393933,0.001846,-0.000713,-0.003022,0.999995,0,0.83388,0.17222,50.033,0.344,-1,425.000,-1,400.000,-1,350.000,325.000,325.000,325.000,-1,-1,-1,-1,850.000,800.000,-1,-1,2,0,2,0,2,0,0,0,0,2,2,2,2,0,0,2,2
92,-724.229,165.711,-119.780,66.905,0.392267,-0.919848,-0.002318,0.919847,0.392256,0.004142,-0.002901,-0.003757,0.999989,0,0.91388,0.05222,54.833,0.104,-1,425.000,-1,400.000,-1,325.000,325.000,325.000,325.000,-1,-1,-1,-1,825.000,800.000,-1,-1,2,0,2,0,2,0,0,0,0,2,2,2,2,0,0,2,2
93,-701.948,217.619,-120.453,66.769,0.394449,-0.918916,-0.001630,0.918901,0.394431,0.006695,-0.005510,-0.004139,0.999976,0,0.94147,-0.06778,56.488,-0.136,-1,425.000,-1,400.000,-1,325.000,325.000,325.000,325.000,-1,-1,-1,-1,800.000,775.000,-1,-1,2,0,2,0,2,0,0,0,0,2,2,2,2,0,0,2,2
94,-679.376,269.269,-121.049,66.394,0.400469,-0.916310,-0.000904,0.916274,0.400445,0.009258,-0.008122,-0.004536,0.999957,0,0.93944,-0.18778,56.366,-0.376,-1,425.000,-1,400.000,-1,325.000,325.000,325.000,300.000,-1,-1,-1,-1,800.000,750.000,-1,-1,2,0,2,0,2,0,0,0,0,2,2,2,2,0,0,2,2
95,-656.394,320.608,-121.571,65.884,0.408604,-0.912712,-0.000067,0.912649,0.408575,0.011802,-0.010744,-0.004883,0.999930,0,0.93748,-0.25469,56.249,-0.509,-1,400.000,-1,400.000,-1,325.000,325.000,325.000,300.000,-1,-1,-1,-1,775.000,725.000,-1,-1,2,0,2,0,2,0,0,0,0,2,2,2,2,0,0,2,2
96,-634.178,369.618,-122.005,65.615,0.412891,-0.910780,0.000855,0.910683,0.412861,0.014215,-0.013300,-0.005090,0.999899,0,0.89683,-0.13469,53.810,-0.269,-1,400.000,-1,400.000,-1,325.000,325.000,325.000,300.000,-1,-1,-1,-1,750.000,700.000,-1,-1,2,0,2,0,2,0,0,0,0,2,2,2,2,0,0,2,2
97,-611.813,418.409,-122.368,65.374,0.416721,-0.909032,0.001849,0.908896,0.416693,0.016613,-0.015872,-0.005242,0.999860,0,0.89455,-0.12065,53.673,-0.241,-1,400.000,-1,375.000,-1,325.000,325.000,325.000,300.000,-1,-1,-1,-1,725.000,700.000,-1,-1,2,0,2,0,2,0,0,0,0,2,2,2,2,0,0,2,2
98,-589.259,467.024,-122.799,65.112,0.420877,-0.907115,0.002215,0.906939,0.420842,0.018825,-0.018009,-0.005915,0.999820,0,0.89319,-0.13094,53.592,-0.262,-1,400.000,-1,375.000,-1,325.000,325.000,325.000,300.000,-1,-1,-1,-1,700.000,675.000,-1,-1,2,0,2,0,2,0,0,0,0,2,2,2,2,0,0,2,2
99,-566.478,515.497,-123.346,64.828,0.425384,-0.905011,0.001699,0.904802,0.425325,0.020800,-0.019547,-0.007311,0.999782,0,0.89265,-0.14188,53.559,-0.284,-1,375.000,-1,375.000,-1,325.000,300.000,325.000,300.000,-1,-1,-1,-1,700.000,650.000,-1,-1,2,0,2,0,2,0,0,0,0,2,2,2,2,0,0,2,2
100,-543.432,563.861,-124.179,64.521,0.430274,-0.902698,-0.000552,0.902478,0.430156,0.022350,-0.019938,-0.010115,0.999750,0,0.89291,-0.15345,53.575,-0.307,-1,375.000,-1,375.000,-1,300.000,300.000,325.000,300.000,-1,-1,-1,-1,675.000,650.000,-1,-1,2,0,2,0,2,0,0,0,0,2,2,2,2,0,0,2,2
101,-520.078,612.150,-124.699,64.190,0.435516,-0.900178,-0.002228,0.899971,0.435359,0.022698,-0.019462,-0.011890,0.999740,0,0.89399,-0.16563,53.639,-0.331,-1,375.000,-1,375.000,-1,300.000,300.000,325.000,300.000,-1,-1,-1,-1,675.000,650.000,-1,-1,2,0,2,0,2,0,0,0,0,2,2,2,2,0,0,2,2
102,-496.374,660.394,-125.085,63.833,0.441136,-0.897433,-0.003755,0.897246,0.440949,0.022689,-0.018706,-0.013378,0.999736,0,0.89589,-0.17842,53.754,-0.357,-1,375.000,-1,375.000,-1,300.000,300.000,325.000,300.000,-1,-1,-1,-1,650.000,650.000,1000.000,-1,2,0,2,0,2,0,0,0,0,2,2,2,2,0,0,0,2
103,-471.857,709.461,-125.410,63.450,0.447146,-0.894445,-0.005317,0.894282,0.446930,0.022649,-0.017882,-0.014883,0.999729,0,0.91418,-0.19155,54.851,-0.383,1000.000,375.000,-1,375.000,-1,300.000,300.000,325.000,300.000,-1,-1,-1,-1,650.000,650.000,950.000,-1,0,0,2,0,2,0,0,0,0,2,2,2,2,0,0,0,2
104,-446.964,758.410,-126.025,63.044,0.453462,-0.891254,-0.006186,0.891133,0.453254,0.021034,-0.015943,-0.015050,0.999760,0,0.91525,-0.20297,54.915,-0.406,950.000,375.000,-1,375.000,-1,300.000,300.000,325.000,300.000,-1,-1,-1,-1,625.000,650.000,900.000,-1,0,0,2,0,2,0,0,0,0,2,2,2,2,0,0,0,2
105,-421.654,807.265,-126.718,62.614,0.460118,-0.887832,-0.006796,0.887755,0.459935,0.018727,-0.013501,-0.014650,0.999802,0,0.91704,-0.21505,55.022,-0.430,925.000,375.000,-1,375.000,-1,300.000,300.000,325.000,300.000,-1,-1,-1,-1,625.000,650.000,875.000,-1,0,0,2,0,2,0,0,0,0,2,2,2,2,0,0,0,2
106,-395.887,856.052,-127.021,62.158,0.467142,-0.884137,-0.008939,0.884125,0.466974,0.016084,-0.010047,-0.015417,0.999831,0,0.91957,-0.22777,55.174,-0.456,900.000,375.000,-1,375.000,-1,300.000,300.000,325.000,300.000,-1,-1,-1,-1,625.000,650.000,850.000,-1,0,0,2,0,2,0,0,0,0,2,2,2,2,0,0,0,2
107,-369.616,904.794,-127.256,61.676,0.474538,-0.880165,-0.011106,0.880211,0.474393,0.013396,-0.006522,-0.016133,0.999849,0,0.92285,-0.24113,55.371,-0.482,875.000,375.000,-1,375.000,-1,300.000,300.000,325.000,325.000,-1,-1,-1,-1,600.000,650.000,850.000,-1,0,0,2,0,2,0,0,0,0,2,2,2,2,0,0,0,2
108,-345.434,949.209,-127.407,61.434,0.478219,-0.878143,-0.013100,0.878234,0.478106,0.010954,-0.003356,-0.016743,0.999854,0,0.84285,-0.12113,50.571,-0.242,850.000,375.000,-1,375.000,-1,300.000,300.000,325.000,325.000,-1,425.000,-1,-1,600.000,675.000,825.000,-1,0,0,2,0,2,0,0,0,0,2,0,2,2,0,0,0,2
109,-322.556,991.224,-127.493,61.432,0.478214,-0.878116,-0.014984,0.878243,0.478136,0.008653,-0.000433,-0.017298,0.999850,0,0.79733,-0.00113,47.840,-0.002,825.000,375.000,-1,375.000,-1,300.000,300.000,325.000,325.000,-1,400.000,400.000,-1,600.000,650.000,800.000,-1,0,0,2,0,2,0,0,0,0,2,0,0,2,0,0,0,2
110,-299.714,1033.593,-127.528,61.669,0.474520,-0.880083,-0.016863,0.880242,0.474484,0.006339,0.002422,-0.017851,0.999838,0,0.80223,0.11887,48.134,0.238,800.000,375.000,-1,375.000,-1,300.000,300.000,325.000,325.000,-1,375.000,375.000,-1,575.000,650.000,800.000,-1,0,0,2,0,2,0,0,0,0,2,0,0,2,0,0,0,2
111,-276.924,1076.360,-127.516,61.947,0.470197,-0.882362,-0.018732,0.882545,0.470210,0.004007,0.005273,-0.018416,0.999817,0,0.80767,0.13877,48.460,0.278,775.000,350.000,-1,375.000,-1,300.000,300.000,325.000,325.000,-1,350.000,350.000,-1,575.000,650.000,775.000,-1,0,0,2,0,2,0,0,0,0,2,0,0,2,0,0,0,2
112,-254.159,1119.532,-127.459,62.198,0.466270,-0.884403,-0.020596,0.884605,0.466338,0.001654,0.008142,-0.018991,0.999787,0,0.81345,0.12540,48.807,0.251,750.000,350.000,-1,375.000,-1,300.000,300.000,300.000,325.000,-1,325.000,325.000,-1,575.000,650.000,775.000,-1,0,0,2,0,2,0,0,0,0,2,0,0,2,0,0,0,2
113,-231.394,1163.117,-127.224,62.421,0.462765,-0.886214,-0.021771,0.886418,0.462885,-0.000545,0.010560,-0.019046,0.999763,0,0.81954,0.11172,49.172,0.223,725.000,350.000,-1,375.000,-1,300.000,300.000,300.000,325.000,-1,325.000,325.000,-1,575.000,625.000,750.000,-1,0,0,2,0,2,0,0,0,0,2,0,0,2,0,0,0,2
114,-208.708,1206.939,-126.809,62.631,0.459483,-0.887909,-0.022211,0.888100,0.459644,-0.002518,0.012444,-0.018568,0.999750,0,0.82243,0.10481,49.346,0.210,700.000,350.000,-1,375.000,-1,300.000,300.000,325.000,325.000,-1,325.000,325.000,-1,550.000,625.000,725.000,-1,0,0,2,0,2,0,0,0,0,2,0,0,2,0,0,0,2
115,-186.129,1250.932,-125.917,62.832,0.456322,-0.889550,-0.021699,0.889676,0.456545,-0.006510,0.015698,-0.016334,0.999743,0,0.82415,0.10047,49.449,0.201,725.000,350.000,-1,375.000,-1,300.000,300.000,325.000,325.000,-1,325.000,325.000,-1,550.000,625.000,725.000,-1,0,0,2,0,2,0,0,0,0,2,0,0,2,0,0,0,2
116,-162.995,1296.325,-124.580,62.995,0.453744,-0.890900,-0.020327,0.890902,0.454027,-0.012347,0.020229,-0.012507,0.999717,0,0.84913,0.08184,50.948,0.164,775.000,350.000,-1,375.000,-1,300.000,300.000,325.000,325.000,-1,325.000,300.000,-1,575.000,625.000,775.000,-1,0,0,2,0,2,0,0,0,0,2,0,0,2,0,0,0,2
117,-139.811,1342.134,-123.195,63.157,0.451217,-0.892213,-0.018925,0.892072,0.451530,-0.018115,0.024708,-0.008708,0.999657,0,0.85569,0.08083,51.341,0.162,825.000,350.000,-1,375.000,-1,300.000,300.000,350.000,300.000,-1,325.000,300.000,-1,575.000,625.000,825.000,-1,0,0,2,0,2,0,0,0,0,2,0,0,2,0,0,0,2
118,-114.392,1392.191,-121.539,63.079,0.452445,-0.891619,-0.017603,0.891310,0.452761,-0.023960,0.029333,-0.004849,0.999558,0,0.93569,-0.03917,56.141,-0.078,875.000,350.000,-1,350.000,-1,300.000,300.000,325.000,300.000,-1,325.000,300.000,-1,575.000,625.000,900.000,-1,0,0,2,0,2,0,0,0,0,2,0,0,2,0,0,0,2
119,-88.334,1442.809,-119.537,62.760,0.457405,-0.889098,-0.016896,0.888639,0.457713,-0.028643,0.033200,-0.001913,0.999447,0,0.94885,-0.15917,56.931,-0.318,925.000,350.000,-1,350.000,-1,300.000,300.000,325.000,300.000,-1,350.000,300.000,-1,600.000,625.000,975.000,-1,0,0,2,0,2,0,0,0,0,2,0,0,2,0,0,0,2
120,-61.579,1493.559,-117.055,62.202,0.465998,-0.884597,-0.018285,0.883956,0.466356,-0.033681,0.038321,-0.000468,0.999265,0,0.95618,-0.27917,57.371,-0.558,1000.000,350.000,-1,350.000,-1,300.000,300.000,325.000,300.000,-1,350.000,300.000,-1,600.000,625.000,-1,-1,0,0,2,0,2,0,0,0,0,2,0,0,2,0,0,2,2
121,-33.905,1544.324,-114.190,61.404,0.478158,-0.878013,-0.021397,0.877151,0.478636,-0.038901,0.044397,-0.000168,0.999014,0,0.96361,-0.39917,57.817,-0.798,-1,350.000,-1,375.000,-1,300.000,300.000,325.000,300.000,-1,350.000,300.000,-1,625.000,650.000,-1,-1,2,0,2,0,2,0,0,0,0,2,0,0,2,0,0,2,2
122,-5.093,1594.972,-111.186,60.365,0.493829,-0.869195,-0.025147,0.868081,0.494469,-0.043997,0.050676,-0.000103,0.998715,0,0.97115,-0.51917,58.269,-1.038,-1,350.000,-1,375.000,-1,300.000,300.000,300.000,300.000,-1,300.000,275.000,-1,650.000,675.000,-1,-1,2,0,2,0,2,0,0,0,0,2,0,0,2,0,0,2,2
123,25.079,1645.359,-108.171,59.087,0.512919,-0.857948,-0.028978,0.856559,0.513737,-0.048789,0.056745,0.000203,0.998389,0,0.97881,-0.63917,58.729,-1.278,-1,375.000,-1,375.000,-1,300.000,300.000,300.000,300.000,-1,275.000,225.000,-1,650.000,-1,-1,-1,2,0,2,0,2,0,0,0,0,2,0,0,2,0,2,2,2
124,56.723,1695.388,-105.140,57.686,0.533541,-0.845135,-0.032879,0.843457,0.534553,-0.053231,0.062563,0.000669,0.998041,0,0.98659,-0.70026,59.196,-1.401,-1,375.000,-1,375.000,-1,300.000,325.000,300.000,300.000,-1,250.000,225.000,-1,675.000,-1,-1,-1,2,0,2,0,2,0,0,0,0,2,0,0,2,0,2,2,2
125,89.840,1745.022,-102.100,56.288,0.553791,-0.831838,-0.036885,0.829862,0.555017,-0.057326,0.068158,0.001137,0.997674,0,0.99446,-0.69915,59.668,-1.398,-1,375.000,-1,400.000,-1,325.000,325.000,275.000,300.000,-1,225.000,200.000,-1,-1,-1,-1,-1,2,0,2,0,2,1,0,0,0,2,0,0,2,2,2,2,2
126,124.346,1794.108,-98.183,54.893,0.573967,-0.818067,-0.036448,0.815822,0.575100,-0.060786,0.070688,0.005154,0.997485,0,1.00000,-0.69764,60.000,-1.395,-1,400.000,-1,400.000,-1,325.000,325.000,275.000,300.000,-1,275.000,225.000,-1,-1,-1,-1,-1,2,1,2,0,2,1,0,0,0,2,0,0,2,2,2,2,2
127,160.033,1842.341,-94.110,53.501,0.593817,-0.803833,-0.035139,0.801338,0.594773,-0.064046,0.072382,0.009873,0.997328,0,1.00000,-0.69569,60.000,-1.391,-1,-1,-1,400.000,-1,-1,325.000,275.000,300.000,-1,325.000,250.000,-1,-1,-1,-1,-1,2,2,2,0,2,2,0,0,0,2,0,0,2,2,2,2,2
128,196.877,1889.697,-90.098,52.115,0.613242,-0.789162,-0.034032,0.786431,0.614016,-0.067166,0.073901,0.014425,0.997161,0,1.00000,-0.69327,60.000,-1.387,-1,-1,-1,400.000,-1,-1,-1,300.000,300.000,-1,375.000,300.000,-1,-1,-1,-1,-1,2,2,2,1,2,2,2,0,0,2,0,0,2,2,2,2,2
129,234.851,1936.151,-86.153,50.734,0.632219,-0.774081,-0.033122,0.771130,0.632807,-0.070100,0.075223,0.018778,0.996990,0,1.00000,-0.69036,60.000,-1.381,-1,-1,-1,-1,-1,-1,-1,300.000,300.000,-1,400.000,325.000,-1,-1,-1,-1,-1,2,2,2,2,2,2,2,0,0,2,0,0,2,2,2,2,2
130,273.928,1981.682,-82.274,49.360,0.650726,-0.758621,-0.032392,0.755463,0.651128,-0.072862,0.076365,0.022942,0.996816,0,1.00000,-0.68690,60.000,-1.374,-1,-1,-1,-1,-1,-1,-1,300.000,300.000,-1,450.000,350.000,-1,-1,-1,-1,-1,2,2,2,2,2,2,2,0,0,2,0,0,2,2,2,2,2
131,314.079,2026.268,-78.635,47.995,0.668719,-0.742828,-0.031980,0.739542,0.668970,-0.074544,0.076767,0.026198,0.996705,0,1.00000,-0.68286,60.000,-1.366,-1,-1,-1,-1,-1,-1,-1,300.000,300.000,-1,500.000,400.000,-1,-1,-1,-1,-1,2,2,2,2,2,2,2,0,0,2,0,0,2,2,2,2,2
132,355.279,2069.884,-78.371,46.638,0.685776,-0.726981,-0.034793,0.725040,0.686551,-0.054444,0.063467,0.012110,0.997910,0,1.00000,-0.67817,60.000,-1.356,-1,-1,-1,-1,-1,-1,-1,250.000,300.000,-1,700.000,625.000,-1,-1,-1,-1,-1,2,2,2,2,2,2,2,0,0,2,0,0,2,2,2,2,2
133,397.488,2112.522,-79.672,45.293,0.702499,-0.710669,-0.038012,0.710381,0.703442,-0.022975,0.043067,-0.010863,0.999013,0,1.00000,-0.67277,60.000,-1.346,-1,-1,-1,-1,-1,-1,-1,200.000,325.000,-1,-1,-1,-1,-1,-1,-1,-1,2,2,2,2,2,2,2,0,0,2,2,2,2,2,2,2,2
134,440.670,2154.177,-82.775,43.960,0.719257,-0.693548,-0.040759,0.694551,0.719203,0.018620,0.016400,-0.041702,0.998995,0,1.00000,-0.66657,60.000,-1.333,-1,-1,-1,-1,-1,-1,-1,150.000,350.000,-1,-1,-1,-1,-1,-1,-1,-1,2,2,2,2,2,2,2,0,0,2,2,2,2,2,2,2,2
135,-327.968,983.899,-127.395,67.289,0.386127,-0.922331,-0.014554,0.922441,0.386028,0.009194,-0.002862,-0.016975,0.999852,1,0.00000,0.00000,60.000,-1.319,875.000,375.000,-1,375.000,-1,300.000,300.000,325.000,325.000,-1,400.000,-1,-1,600.000,650.000,825.000,-1,0,0,2,0,2,0,0,0,0,2,0,2,2,0,0,0,2
136,-326.115,988.327,-127.410,67.290,0.386113,-0.922334,-0.014734,0.922448,0.386018,0.008962,-0.002578,-0.017052,0.999851,0,0.08000,0.00030,4.800,0.001,875.000,375.000,-1,375.000,-1,300.000,300.000,325.000,325.000,-1,400.000,-1,-1,600.000,650.000,825.000,-1,0,0,2,0,2,0,0,0,0,2,0,2,2,0,0,0,2
137,-322.408,997.183,-127.440,67.290,0.386105,-0.922331,-0.015094,0.922452,0.386017,0.008496,-0.002010,-0.017204,0.999850,0,0.16000,-0.00000,9.600,-0.000,875.000,375.000,-1,375.000,-1,300.000,300.000,325.000,325.000,-1,400.000,-1,-1,600.000,650.000,825.000,-1,0,0,2,0,2,0,0,0,0,2,0,2,2,0,0,0,2
138,-316.849,1010.466,-127.481,67.288,0.386112,-0.922319,-0.015633,0.922451,0.386035,0.007798,-0.001157,-0.017432,0.999847,0,0.24000,-0.00061,14.400,-0.001,850.000,375.000,-1,375.000,-1,300.000,300.000,325.000,325.000,-1,400.000,-1,-1,600.000,650.000,825.000,-1,0,0,2,0,2,0,0,0,0,2,0,2,2,0,0,0,2
