timestep,x_cm,y_cm,z_cm,yaw_deg,basis_xx,basis_xy,basis_xz,basis_yx,basis_yy,basis_yz,basis_zx,basis_zy,basis_zz,teleport_flag,throttle_cmd,steering_cmd,cmd_move_cm,cmd_turn_deg,lidar_cm_0,lidar_cm_1,lidar_cm_2,lidar_cm_3,lidar_cm_4,lidar_cm_5,lidar_cm_6,lidar_cm_7,lidar_cm_8,lidar_cm_9,lidar_cm_10,lidar_cm_11,lidar_cm_12,lidar_cm_13,lidar_cm_14,lidar_cm_15,lidar_cm_16,lidar_class_0,lidar_class_1,lidar_class_2,lidar_class_3,lidar_class_4,lidar_class_5,lidar_class_6,lidar_class_7,lidar_class_8,lidar_class_9,lidar_class_10,lidar_class_11,lidar_class_12,lidar_class_13,lidar_class_14,lidar_class_15,lidar_class_16
0,-4923.570,-986.443,161.331,-148.094,-0.847044,0.528463,-0.056943,-0.525959,-0.848814,-0.053677,-0.076700,-0.015517,0.996933,1,0.08000,0.12000,4.800,0.240,-1,400.000,-1,400.000,-1,325.000,325.000,300.000,300.000,-1,-1,-1,-1,925.000,800.000,-1,-1,2,0,2,0,2,0,0,0,0,2,2,2,2,0,0,2,2
1,-4931.689,-991.566,160.611,-147.749,-0.843816,0.533575,-0.057203,-0.531056,-0.845617,-0.053956,-0.077162,-0.015151,0.996903,0,0.16000,0.17274,9.600,0.345,-1,400.000,-1,400.000,-1,325.000,325.000,300.000,300.000,-1,-1,-1,-1,925.000,800.000,-1,-1,2,0,2,0,2,0,0,0,0,2,2,2,2,0,0,2,2
2,-4943.822,-999.321,159.520,-147.413,-0.840638,0.538527,-0.057591,-0.535980,-0.842478,-0.054374,-0.077801,-0.014841,0.996858,0,0.24000,0.16799,14.400,0.336,-1,400.000,-1,400.000,-1,325.000,325.000,300.000,300.000,-1,-1,-1,-1,925.000,800.000,-1,-1,2,0,2,0,2,0,0,0,0,2,2,2,2,0,0,2,2
3,-4959.941,-1009.753,158.057,-147.089,-0.837542,0.543274,-0.058104,-0.540687,-0.839429,-0.054931,-0.078617,-0.014591,0.996798,0,0.32000,0.16165,19.200,0.323,-1,400.000,-1,400.000,-1,325.000,325.000,300.000,300.000,-1,-1,-1,-1,925.000,800.000,-1,-1,2,0,2,0,2,0,0,0,0,2,2,2,2,0,0,2,2
4,-4980.019,-1022.901,156.205,-146.782,-0.834559,0.547772,-0.058798,-0.545131,-0.836505,-0.055605,-0.079644,-0.014353,0.996720,0,0.40000,0.15370,24.000,0.307,-1,400.000,-1,400.000,-1,325.000,325.000,300.000,300.000,-1,-1,-1,-1,925.000,800.000,-1,-1,2,0,2,0,2,0,0,0,0,2,2,2,2,0,0,2,2
5,-5004.034,-1038.800,153.967,-146.494,-0.831725,0.551976,-0.059637,-0.549268,-0.833740,-0.056408,-0.080858,-0.014159,0.996625,0,0.48000,0.14415,28.800,0.288,-1,400.000,-1,400.000,-1,325.000,325.000,300.000,300.000,-1,-1,-1,-1,925.000,800.000,-1,-1,2,0,2,0,2,0,0,0,0,2,2,2,2,0,0,2,2
6,-5031.964,-1057.478,151.341,-146.228,-0.829077,0.555840,-0.060601,-0.553053,-0.831171,-0.057343,-0.082244,-0.014026,0.996514,0,0.56000,0.13297,33.600,0.266,-1,400.000,-1,400.000,-1,325.000,325.000,300.000,300.000,-1,-1,-1,-1,925.000,800.000,-1,-1,2,0,2,0,2,0,0,0,0,2,2,2,2,0,0,2,2
7,-5063.795,-1078.958,148.225,-145.987,-0.826653,0.559325,-0.061650,-0.556481,-0.828837,-0.057955,-0.083514,-0.013601,0.996414,0,0.64000,0.12016,38.400,0.240,-1,400.000,-1,400.000,-1,325.000,325.000,300.000,300.000,-1,-1,-1,-1,925.000,800.000,-1,-1,2,0,2,0,2,0,0,0,0,2,2,2,2,0,0,2,2
8,-5099.515,-1103.255,144.583,-145.776,-0.824488,0.562387,-0.062776,-0.559523,-0.826776,-0.058105,-0.084579,-0.012782,0.996335,0,0.72000,0.10574,43.200,0.211,-1,400.000,-1,400.000,-1,325.000,325.000,300.000,300.000,-1,-1,-1,-1,950.000,800.000,-1,-1,2,0,2,0,2,0,0,0,0,2,2,2,2,0,0,2,2
9,-5139.119,-1130.376,140.516,-145.596,-0.822618,0.564980,-0.064012,-0.562093,-0.825018,-0.058282,-0.085739,-0.011963,0.996246,0,0.80000,0.08974,48.000,0.179,-1,400.000,-1,400.000,-1,325.000,325.000,300.000,300.000,-1,-1,-1,-1,950.000,800.000,-1,-1,2,0,2,0,2,0,0,0,0,2,2,2,2,0,0,2,2
10,-5182.714,-1160.163,136.055,-145.657,-0.823121,0.564110,-0.065201,-0.561184,-0.825618,-0.058548,-0.086859,-0.011602,0.996153,0,0.88000,-0.03026,52.800,-0.061,-1,400.000,-1,400.000,-1,325.000,325.000,300.000,300.000,-1,-1,-1,-1,975.000,800.000,-1,-1,2,0,2,0,2,0,0,0,0,2,2,2,2,0,0,2,2
11,-5230.443,-1192.409,131.234,-145.957,-0.826002,0.559771,-0.066165,-0.556785,-0.828563,-0.058944,-0.087817,-0.011848,0.996066,0,0.96000,-0.15026,57.600,-0.301,-1,425.000,-1,400.000,-1,325.000,325.000,300.000,300.000,-1,-1,-1,-1,975.000,775.000,-1,-1,2,0,2,0,2,0,0,0,0,2,2,2,2,0,0,2,2
12,-5280.475,-1225.527,126.169,-146.498,-0.831178,0.551926,-0.067234,-0.548868,-0.833801,-0.059326,-0.088803,-0.012408,0.995972,0,1.00000,-0.27026,60.000,-0.541,-1,425.000,-1,400.000,-1,325.000,325.000,300.000,300.000,-1,-1,-1,-1,1000.000,775.000,-1,-1,2,0,2,0,2,0,0,0,1,2,2,2,2,0,0,2,2
13,-5330.954,-1257.961,120.828,-147.278,-0.838551,0.540503,-0.068480,-0.537250,-0.841221,-0.060912,-0.090530,-0.014286,0.995791,0,1.00000,-0.39026,60.000,-0.781,-1,425.000,-1,400.000,-1,325.000,325.000,325.000,275.000,-1,-1,-1,-1,1000.000,775.000,-1,-1,2,0,2,0,2,0,0,0,1,2,2,2,2,0,0,2,2
14,-5381.968,-1289.471,115.141,-148.299,-0.848069,0.525405,-0.068770,-0.521879,-0.850666,-0.063327,-0.091772,-0.017817,0.995621,0,0.99934,-0.51026,59.960,-1.021,-1,425.000,-1,400.000,-1,325.000,325.000,325.000,275.000,-1,-1,-1,-1,1000.000,750.000,-1,-1,2,0,2,0,2,0,0,0,1,2,2,2,2,0,0,2,2
15,-5433.304,-1319.641,109.480,-149.559,-0.859452,0.506526,-0.069089,-0.502723,-0.861952,-0.065632,-0.092795,-0.021675,0.995449,0,0.99242,-0.63026,59.545,-1.261,-1,425.000,-1,400.000,-1,325.000,325.000,325.000,275.000,-1,-1,-1,-1,975.000,750.000,-1,-1,2,0,2,0,2,0,0,0,1,2,2,2,2,0,0,2,2
16,-5485.091,-1348.279,103.814,-151.060,-0.872447,0.483731,-0.069568,-0.479623,-0.874830,-0.068079,-0.093792,-0.026029,0.995251,0,0.98629,-0.75026,59.178,-1.501,-1,425.000,-1,400.000,-1,325.000,325.000,325.000,275.000,-1,-1,-1,-1,950.000,725.000,-1,-1,2,0,2,0,2,0,0,0,1,2,2,2,2,0,0,2,2
17,-5537.446,-1375.188,98.178,-152.800,-0.886759,0.456878,-0.070144,-0.452479,-0.889005,-0.070243,-0.094451,-0.030550,0.995061,0,0.98108,-0.87026,58.865,-1.741,-1,425.000,-1,400.000,-1,325.000,325.000,325.000,275.000,-1,-1,-1,-1,900.000,725.000,-1,-1,2,0,2,0,2,0,0,0,1,2,2,2,2,0,0,2,2
18,-5590.470,-1400.164,92.617,-154.781,-0.902035,0.425815,-0.070817,-0.421129,-0.904121,-0.072225,-0.094781,-0.035327,0.994871,0,0.97686,-0.99026,58.611,-1.981,-1,425.000,-1,375.000,-1,325.000,325.000,325.000,275.000,-1,-1,-1,-1,875.000,700.000,-1,-1,2,0,2,0,2,0,0,0,1,2,2,2,2,0,0,2,2
19,-5644.159,-1423.199,87.133,-156.781,-0.916350,0.393932,-0.071560,-0.388972,-0.918267,-0.074064,-0.094887,-0.040033,0.994683,0,0.97369,-1.00000,58.421,-2.000,-1,425.000,-1,375.000,-1,325.000,325.000,325.000,300.000,-1,-1,-1,-1,850.000,700.000,-1,-1,2,0,2,0,2,0,0,0,1,2,2,2,2,0,0,2,2
20,-5698.441,-1444.278,81.735,-158.781,-0.929532,0.361574,-0.072349,-0.356356,-0.931274,-0.075756,-0.094768,-0.044636,0.994498,0,0.97050,-1.00000,58.230,-2.000,-1,425.000,-1,375.000,-1,325.000,300.000,325.000,300.000,-1,-1,-1,-1,825.000,675.000,-1,-1,2,0,2,0,2,0,0,0,1,2,2,2,2,0,0,2,2
21,-5753.239,-1463.384,76.436,-160.781,-0.941567,0.328784,-0.073160,-0.323322,-0.943127,-0.077300,-0.094414,-0.049129,0.994320,0,0.96721,-1.00000,58.033,-2.000,-1,400.000,-1,375.000,-1,325.000,300.000,325.000,300.000,-1,-1,-1,-1,800.000,675.000,-1,-1,2,0,2,0,2,0,0,0,1,2,2,2,2,0,0,2,2
22,-5808.476,-1480.507,71.202,-162.781,-0.952459,0.295599,-0.073783,-0.289910,-0.953802,-0.078823,-0.093674,-0.053686,0.994154,0,0.96383,-1.00000,57.830,-2.000,-1,400.000,-1,375.000,-1,325.000,300.000,325.000,300.000,-1,-1,-1,-1,775.000,650.000,-1,-1,2,0,2,0,2,0,0,0,0,2,2,2,2,0,0,2,2
23,-5864.078,-1495.639,65.964,-164.781,-0.962279,0.262040,-0.073167,-0.256079,-0.963199,-0.081683,-0.091879,-0.059865,0.993969,0,0.96039,-1.00000,57.623,-2.000,-1,400.000,-1,350.000,-1,300.000,300.000,325.000,300.000,-1,-1,-1,-1,750.000,650.000,-1,-1,2,0,2,0,2,0,0,0,0,2,2,2,2,0,0,2,2
24,-5919.969,-1508.774,61.087,-166.781,-0.970964,0.228168,-0.071893,-0.221963,-0.971343,-0.085001,-0.089227,-0.066575,0.993784,0,0.95689,-1.00000,57.414,-2.000,-1,400.000,-1,350.000,-1,300.000,300.000,325.000,300.000,-1,-1,-1,-1,750.000,650.000,-1,-1,2,0,2,0,2,0,0,0,0,2,2,2,2,0,0,2,2
25,-5976.078,-1519.909,56.406,-168.781,-0.978457,0.194044,-0.070486,-0.187674,-0.978285,-0.087956,-0.086023,-0.072833,0.993627,0,0.95337,-1.00000,57.202,-2.000,-1,375.000,-1,350.000,-1,300.000,300.000,325.000,300.000,-1,-1,-1,-1,725.000,650.000,-1,-1,2,0,2,0,2,0,0,0,0,2,2,2,2,0,0,2,2
26,-6032.332,-1529.044,52.239,-170.781,-0.984807,0.159729,-0.068128,-0.153448,-0.984123,-0.089196,-0.081294,-0.077387,0.993681,0,0.94984,-1.00000,56.990,-2.000,-1,375.000,-1,375.000,-1,300.000,300.000,325.000,325.000,-1,-1,-1,-1,725.000,650.000,-1,-1,2,0,2,0,2,0,0,0,0,2,2,2,2,0,0,2,2
27,-6088.661,-1536.183,48.240,-172.781,-0.989944,0.125243,-0.065764,-0.119085,-0.988756,-0.090440,-0.076351,-0.081699,0.993728,0,0.94631,-1.00000,56.779,-2.000,-1,375.000,-1,375.000,-1,300.000,300.000,325.000,325.000,-1,-1,-1,-1,725.000,650.000,-1,-1,2,0,2,0,2,0,0,0,0,2,2,2,2,0,0,2,2
28,-6144.996,-1541.332,44.414,-174.781,-0.993865,0.090629,-0.063397,-0.084625,-0.992183,-0.091710,-0.071213,-0.085782,0.993766,0,0.94281,-1.00000,56.569,-2.000,-1,375.000,-1,375.000,-1,300.000,300.000,325.000,325.000,-1,875.000,-1,-1,700.000,675.000,-1,-1,2,0,2,0,2,0,0,0,0,2,0,2,2,0,0,2,2
29,-6201.269,-1544.501,40.770,-176.781,-0.996568,0.055928,-0.061035,-0.050109,-0.994402,-0.093026,-0.065896,-0.089648,0.993791,0,0.93935,-1.00000,56.361,-2.000,-1,375.000,-1,375.000,-1,300.000,300.000,350.000,325.000,-1,475.000,-1,-1,700.000,675.000,-1,-1,2,0,2,0,2,0,0,0,0,2,0,2,2,0,0,2,2
30,-6257.415,-1545.699,37.313,-178.781,-0.998052,0.021182,-0.058688,-0.015575,-0.995412,-0.094409,-0.060418,-0.093311,0.993802,0,0.93595,-1.00000,56.157,-2.000,-1,375.000,-1,375.000,-1,325.000,300.000,350.000,325.000,-1,325.000,675.000,-1,700.000,675.000,-1,-1,2,0,2,0,2,0,0,0,0,2,0,0,2,0,0,2,2
31,-6313.369,-1544.940,34.050,-180.781,-0.998318,-0.013565,-0.056369,0.018937,-0.995213,-0.095875,-0.054799,-0.096781,0.993796,0,0.93263,-1.00000,55.958,-2.000,-1,375.000,-1,375.000,-1,325.000,300.000,325.000,325.000,-1,275.000,500.000,-1,700.000,675.000,-1,-1,2,0,2,0,2,0,0,0,0,2,0,0,2,0,0,2,2
32,-6369.069,-1542.237,30.987,-182.781,-0.997368,-0.048274,-0.054094,0.053386,-0.993809,-0.097438,-0.049056,-0.100070,0.993770,0,0.92939,-1.00000,55.763,-2.000,-1,375.000,-1,375.000,-1,325.000,300.000,325.000,325.000,-1,250.000,400.000,-1,700.000,675.000,-1,-1,2,0,2,0,2,0,0,0,0,2,0,0,2,0,0,2,2
33,-6424.453,-1537.608,28.129,-184.781,-0.995206,-0.082901,-0.051881,0.087734,-0.991201,-0.099112,-0.043208,-0.103189,0.993723,0,0.92625,-1.00000,55.575,-2.000,-1,375.000,-1,375.000,-1,300.000,300.000,325.000,325.000,-1,250.000,325.000,-1,700.000,675.000,-1,-1,2,0,2,0,2,0,0,0,0,2,0,0,2,0,0,2,2
34,-6479.461,-1531.070,25.483,-186.781,-0.991837,-0.117406,-0.049750,0.121942,-0.987395,-0.100906,-0.037276,-0.106148,0.993651,0,0.92323,-1.00000,55.394,-2.000,-1,375.000,-1,375.000,-1,300.000,300.000,325.000,325.000,-1,225.000,300.000,-1,700.000,700.000,-1,-1,2,0,2,0,2,0,0,0,1,2,0,0,2,0,0,2,2
35,-6534.036,-1522.641,23.294,-188.781,-0.987251,-0.151764,-0.047996,0.155983,-0.982499,-0.101812,-0.031704,-0.108001,0.993645,0,0.92032,-1.00000,55.219,-2.000,-1,375.000,-1,375.000,-1,300.000,300.000,325.000,325.000,-1,250.000,275.000,-1,700.000,700.000,-1,-1,2,0,2,0,2,0,0,0,1,2,0,0,2,0,0,2,2
36,-6588.119,-1512.340,21.877,-190.781,-0.981491,-0.185970,-0.045727,0.189745,-0.976657,-0.100688,-0.025935,-0.107501,0.993867,0,0.91754,-1.00000,55.053,-2.000,-1,375.000,-1,375.000,-1,300.000,300.000,325.000,325.000,-1,275.000,275.000,-1,700.000,700.000,-1,-1,2,0,2,0,2,0,0,0,1,2,0,0,2,1,0,2,2
37,-6645.599,-1499.300,20.887,-192.781,-0.974517,-0.219929,-0.044135,0.223363,-0.969515,-0.100746,-0.020632,-0.108037,0.993933,0,0.98230,-1.00000,58.938,-2.000,-1,375.000,-1,375.000,-1,300.000,300.000,325.000,300.000,-1,325.000,300.000,-1,725.000,700.000,-1,-1,2,0,2,0,2,0,0,0,1,2,0,0,2,1,1,2,2
38,-6702.496,-1484.288,20.185,-194.781,-0.966368,-0.253607,-0.042611,0.256709,-0.961159,-0.101359,-0.015251,-0.108889,0.993937,0,0.98070,-1.00000,58.842,-2.000,-1,375.000,-1,375.000,-1,300.000,300.000,325.000,300.000,-1,375.000,325.000,-1,825.000,-1,-1,-1,2,0,2,0,2,0,0,0,1,2,0,0,2,1,2,2,2
39,-6754.741,-1468.771,19.695,-196.541,-0.958233,-0.282985,-0.041334,0.285794,-0.952840,-0.102063,-0.010502,-0.109613,0.993919,0,0.90830,-0.88000,54.498,-1.760,-1,375.000,-1,375.000,-1,325.000,300.000,325.000,300.000,-1,425.000,350.000,-1,1000.000,-1,-1,-1,2,0,2,0,2,0,0,0,1,2,0,0,2,1,2,2,2
40,-6806.430,-1451.915,19.401,-198.061,-0.950500,-0.308145,-0.039959,0.310665,-0.944952,-0.102729,-0.006103,-0.110058,0.993906,0,0.90610,-0.76000,54.366,-1.520,-1,375.000,-1,375.000,-1,325.000,325.000,300.000,275.000,-1,475.000,375.000,-1,-1,-1,-1,-1,2,0,2,0,2,0,0,0,1,2,0,0,2,2,2,2,2
41,-6857.529,-1433.979,19.250,-199.341,-0.943483,-0.329164,-0.038605,0.331413,-0.937797,-0.103448,-0.002153,-0.110396,0.993885,0,0.90256,-0.64000,54.153,-1.280,-1,375.000,-1,375.000,-1,325.000,325.000,300.000,275.000,-1,500.000,400.000,-1,-1,-1,-1,-1,2,0,2,0,2,0,0,0,1,2,0,0,2,2,2,2,2
42,-6908.018,-1415.221,19.219,-200.381,-0.937449,-0.346120,-0.037280,0.348120,-0.931639,-0.104221,0.001341,-0.110680,0.993855,0,0.89765,-0.52000,53.859,-1.040,-1,450.000,-1,375.000,-1,325.000,325.000,300.000,250.000,-1,525.000,425.000,-1,-1,-1,-1,-1,2,1,2,0,2,0,0,0,1,2,0,0,2,2,2,2,2
43,-6957.889,-1395.896,19.283,-201.181,-0.932611,-0.359083,-0.035989,0.360856,-0.926687,-0.105048,0.004370,-0.110956,0.993816,0,0.89139,-0.40000,53.483,-0.800,-1,550.000,-1,-1,-1,325.000,325.000,300.000,250.000,-1,550.000,450.000,-1,-1,-1,-1,-1,2,1,2,2,2,1,0,0,1,2,0,0,2,2,2,2,2
44,-7007.145,-1376.253,19.418,-201.741,-0.929133,-0.368111,-0.034737,0.369681,-0.923101,-0.105925,0.006926,-0.111260,0.993767,0,0.88379,-0.28000,53.028,-0.560,-1,775.000,-1,-1,-1,450.000,325.000,300.000,225.000,-1,575.000,450.000,-1,-1,-1,-1,-1,2,1,2,2,2,1,1,0,1,2,0,0,2,2,2,2,2
45,-7055.715,-1356.335,19.620,-202.298,-0.925586,-0.377049,-0.033536,0.378419,-0.919443,-0.106880,0.009465,-0.111617,0.993706,0,0.87491,-0.27840,52.495,-0.557,-1,950.000,-1,-1,-1,-1,-1,300.000,225.000,-1,525.000,450.000,-1,-1,-1,-1,-1,2,1,2,2,2,2,2,0,1,2,0,0,2,2,2,2,2
46,-7103.599,-1336.155,20.039,-202.851,-0.921954,-0.385925,-0.032603,0.387129,-0.915777,-0.107164,0.011500,-0.111422,0.993707,0,0.86603,-0.27687,51.962,-0.554,-1,1000.000,-1,-1,-1,-1,-1,300.000,200.000,-1,500.000,450.000,-1,-1,-1,-1,-1,2,1,2,2,2,2,2,0,1,2,0,0,2,2,2,2,2
47,-7150.800,-1315.720,17.933,-203.401,-0.917944,-0.394994,-0.036875,0.396680,-0.912743,-0.097702,0.004934,-0.104313,0.994532,0,0.85722,-0.27466,51.433,-0.549,-1,1000.000,-1,-1,-1,-1,-1,300.000,200.000,-1,850.000,700.000,-1,-1,-1,-1,-1,2,1,2,2,2,2,2,0,1,2,0,0,2,2,2,2,2
48,-7197.329,-1295.054,12.937,-203.944,-0.913457,-0.403890,-0.049701,0.406794,-0.909527,-0.085316,-0.010746,-0.098150,0.995114,0,0.84854,-0.27180,50.912,-0.544,-1,975.000,-1,-1,-1,-1,-1,300.000,175.000,-1,-1,-1,-1,-1,-1,-1,-1,2,1,2,2,2,2,2,0,1,2,2,2,2,2,2,2,2
49,-7243.199,-1274.161,6.173,-204.481,-0.908453,-0.412760,-0.065897,0.416765,-0.906517,-0.067339,-0.031942,-0.088638,0.995552,0,0.84004,-0.26831,50.402,-0.537,-1,950.000,-1,-1,-1,-1,-1,275.000,175.000,-1,-1,-1,-1,-1,-1,-1,-1,2,1,2,2,2,2,2,0,1,2,2,2,2,2,2,2,2
50,-7293.272,-1250.915,-3.202,-204.892,-0.903411,-0.419747,-0.087524,0.424287,-0.904590,-0.041209,-0.061876,-0.074364,0.995310,0,0.92004,-0.20563,55.202,-0.411,-1,875.000,-1,-1,-1,-1,-1,275.000,150.000,-1,-1,-1,-1,-1,-1,-1,-1,2,1,2,2,2,2,2,0,1,2,2,2,2,2,2,2,2
51,-7346.651,-1225.937,-15.328,-205.063,-0.898787,-0.422989,-0.115161,0.426458,-0.904486,-0.006140,-0.101564,-0.054630,0.993328,0,0.98208,-0.08563,58.925,-0.171,950.000,775.000,-1,-1,-1,-1,-1,250.000,150.000,-1,-1,-1,850.000,-1,-1,-1,-1,1,1,2,2,2,2,2,0,1,2,2,2,1,2,2,2,2
52,-7400.268,-1200.769,-30.926,-205.127,-0.893225,-0.424488,-0.148189,0.423248,-0.905068,0.041398,-0.151694,-0.025742,0.988092,0,0.98691,-0.03185,59.215,-0.064,750.000,675.000,-1,-1,-1,850.000,-1,250.000,125.000,-1,-1,-1,675.000,-1,-1,-1,-1,1,1,2,2,2,1,2,0,1,2,2,2,1,2,2,2,2
53,-6231.354,8199.150,90.791,-144.166,-0.810745,0.585305,-0.010501,-0.585394,-0.810536,0.018583,0.002365,0.021213,0.999772,1,0.00000,0.00000,59.528,-0.042,-1,425.000,-1,400.000,-1,325.000,325.000,200.000,300.000,-1,-1,-1,-1,925.000,725.000,-1,-1,2,0,2,0,2,0,0,1,0,2,2,2,2,0,0,2,2
54,-6235.257,8196.356,90.975,-144.406,-0.813184,0.581899,-0.011179,-0.582004,-0.812972,0.018652,0.001765,0.021673,0.999764,0,0.08000,-0.12000,4.800,-0.240,-1,425.000,-1,400.000,-1,325.000,325.000,225.000,300.000,-1,-1,-1,-1,925.000,725.000,-1,-1,2,0,2,0,2,0,0,1,0,2,2,2,2,0,0,2,2
55,-6243.110,8190.834,91.327,-144.886,-0.818019,0.575057,-0.012466,-0.575192,-0.817803,0.018787,0.000609,0.022539,0.999746,0,0.16000,-0.24000,9.600,-0.480,-1,425.000,-1,375.000,-1,325.000,325.000,225.000,300.000,-1,-1,-1,-1,900.000,725.000,-1,-1,2,0,2,0,2,0,0,1,0,2,2,2,2,0,0,2,2
56,-6254.993,8182.700,91.816,-145.606,-0.825160,0.564720,-0.014230,-0.564898,-0.824942,0.018981,-0.001020,0.023701,0.999719,0,0.24000,-0.36000,14.400,-0.720,-1,425.000,-1,375.000,-1,325.000,325.000,225.000,300.000,-1,-1,-1,-1,900.000,725.000,-1,-1,2,0,2,0,2,0,0,1,0,2,2,2,2,0,0,2,2
57,-6271.015,8172.121,92.376,-146.566,-0.834476,0.550801,-0.016363,-0.551035,-0.834260,0.019240,-0.003054,0.025072,0.999681,0,0.32000,-0.48000,19.200,-0.960,-1,425.000,-1,375.000,-1,325.000,325.000,225.000,300.000,-1,-1,-1,-1,900.000,700.000,-1,-1,2,0,2,0,2,0,0,1,0,2,2,2,2,0,0,2,2
58,-6291.316,8159.319,92.934,-147.766,-0.845790,0.533189,-0.018665,-0.533489,-0.845582,0.019541,-0.005364,0.026485,0.999635,0,0.40000,-0.60000,24.000,-1.200,-1,425.000,-1,375.000,-1,325.000,325.000,250.000,300.000,-1,-1,-1,-1,875.000,700.000,-1,-1,2,0,2,0,2,0,0,1,0,2,2,2,2,0,0,2,2
59,-6316.018,8144.511,93.406,-149.059,-0.857563,0.513966,-0.020606,-0.514323,-0.857370,0.019703,-0.007541,0.027495,0.999594,0,0.48000,-0.64626,28.800,-1.293,-1,425.000,-1,375.000,-1,325.000,325.000,250.000,300.000,825.000,-1,-1,-1,875.000,675.000,-1,-1,2,0,2,0,2,0,0,1,0,1,2,2,2,0,0,2,2
60,-6345.220,8127.892,93.700,-150.354,-0.868934,0.494445,-0.021860,-0.494840,-0.868764,0.019553,-0.009323,0.027807,0.999570,0,0.56000,-0.64779,33.600,-1.296,-1,425.000,-1,375.000,-1,325.000,325.000,275.000,300.000,650.000,-1,-1,-1,850.000,675.000,-1,-1,2,0,2,0,2,0,0,1,0,1,2,2,2,0,0,2,2
61,-6379.016,8109.660,93.754,-151.654,-0.879911,0.474621,-0.022171,-0.475021,-0.879771,0.018919,-0.010526,0.027179,0.999575,0,0.64000,-0.64984,38.400,-1.300,-1,425.000,-1,375.000,-1,325.000,325.000,300.000,300.000,500.000,-1,-1,-1,850.000,675.000,-1,-1,2,0,2,0,2,0,0,1,0,1,2,2,2,0,0,2,2
62,-6417.494,8090.020,93.568,-152.959,-0.890498,0.454486,-0.021351,-0.454850,-0.890401,0.017275,-0.011160,0.025094,0.999623,0,0.72000,-0.65251,43.200,-1.305,-1,425.000,-1,375.000,-1,325.000,300.000,325.000,300.000,475.000,-1,-1,-1,825.000,650.000,-1,-1,2,0,2,0,2,0,0,1,0,1,2,2,2,0,0,2,2
63,-6460.274,8069.406,93.130,-154.271,-0.900696,0.434022,-0.019256,-0.434306,-0.900654,0.014208,-0.011176,0.021160,0.999714,0,0.79147,-0.65588,47.488,-1.312,-1,425.000,-1,375.000,-1,325.000,300.000,350.000,300.000,475.000,-1,-1,-1,825.000,650.000,-1,-1,2,0,2,0,2,0,0,0,0,1,2,2,2,0,0,2,2
64,-6503.164,8049.942,92.414,-155.591,-0.910503,0.413200,-0.015803,-0.413378,-0.910501,0.010318,-0.010125,0.015927,0.999822,0,0.78499,-0.65999,47.100,-1.320,-1,400.000,-1,375.000,-1,325.000,300.000,325.000,300.000,450.000,-1,-1,-1,800.000,675.000,-1,-1,2,0,2,0,2,0,0,0,0,1,2,2,2,0,0,2,2
65,-6546.201,8031.604,91.481,-156.920,-0.919898,0.392005,-0.010905,-0.392077,-0.919916,0.005433,-0.007902,0.009274,0.999926,0,0.77969,-0.66446,46.782,-1.329,-1,400.000,-1,375.000,-1,325.000,300.000,325.000,300.000,450.000,-1,-1,-1,800.000,675.000,-1,-1,2,0,2,0,2,0,0,0,0,1,2,2,2,0,0,2,2
66,-6589.422,8014.368,90.262,-158.258,-0.928849,0.370426,-0.005008,-0.370429,-0.928861,-0.000335,-0.004776,0.001544,0.999987,0,0.77552,-0.66924,46.531,-1.338,-1,400.000,-1,375.000,-1,325.000,325.000,325.000,325.000,425.000,-1,-1,-1,800.000,700.000,-1,-1,2,0,2,0,2,0,0,0,0,1,2,2,2,0,0,2,2
67,-6632.862,7998.218,89.033,-159.607,-0.937325,0.348455,0.000627,-0.348452,-0.937305,-0.006337,-0.001620,-0.006159,0.999980,0,0.77240,-0.67432,46.344,-1.349,-1,400.000,-1,375.000,-1,325.000,325.000,300.000,325.000,425.000,-1,-1,-1,800.000,700.000,-1,-1,2,0,2,0,2,0,0,0,0,1,2,2,2,0,0,2,2
68,-6676.552,7983.145,89.097,-160.966,-0.945329,0.326116,0.000567,-0.326108,-0.945291,-0.008859,-0.002354,-0.008560,0.999961,0,0.77029,-0.67966,46.217,-1.359,-1,400.000,-1,375.000,-1,325.000,325.000,300.000,325.000,450.000,300.000,-1,-1,775.000,700.000,-1,-1,2,0,2,0,2,0,0,0,0,1,1,2,2,0,0,2,2
69,-6720.522,7969.143,89.367,-162.337,-0.952860,0.303410,0.000939,-0.303403,-0.952807,-0.010253,-0.002217,-0.010055,0.999947,0,0.76910,-0.68525,46.146,-1.370,-1,400.000,-1,375.000,-1,325.000,325.000,300.000,325.000,500.000,325.000,-1,-1,775.000,700.000,-1,-1,2,0,2,0,2,0,0,0,0,1,1,2,2,0,0,2,2
70,-6764.799,7956.212,89.619,-163.719,-0.959901,0.280335,0.001367,-0.280331,-0.959832,-0.011660,-0.001956,-0.011575,0.999931,0,0.76877,-0.69107,46.126,-1.382,-1,400.000,-1,375.000,-1,325.000,325.000,300.000,325.000,525.000,350.000,-1,-1,775.000,700.000,-1,-1,2,0,2,0,2,0,0,0,0,1,1,2,2,0,0,2,2
71,-6809.403,7944.354,89.853,-165.113,-0.966438,0.256894,0.001850,-0.256895,-0.966351,-0.013082,-0.001573,-0.013118,0.999913,0,0.76922,-0.69709,46.153,-1.394,-1,400.000,-1,375.000,-1,325.000,325.000,300.000,325.000,600.000,375.000,-1,-1,750.000,700.000,-1,-1,2,0,2,0,2,0,0,0,0,1,1,2,2,0,0,2,2
72,-6854.353,7933.578,90.073,-166.520,-0.972452,0.233089,0.002385,-0.233099,-0.972345,-0.014524,-0.001067,-0.014679,0.999892,0,0.77040,-0.70332,46.224,-1.407,-1,400.000,-1,375.000,-1,325.000,325.000,300.000,325.000,675.000,400.000,-1,-1,750.000,700.000,-1,-1,2,0,2,0,2,0,0,0,0,1,1,2,2,0,0,2,2
73,-6899.664,7923.896,90.281,-167.939,-0.977927,0.208926,0.002968,-0.208947,-0.977796,-0.015987,-0.000438,-0.016255,0.999868,0,0.77223,-0.70972,46.334,-1.419,-1,400.000,-1,375.000,-1,325.000,325.000,325.000,325.000,750.000,450.000,-1,-1,750.000,700.000,-1,-1,2,0,2,0,2,0,0,0,0,1,1,2,2,0,0,2,2
74,-6945.347,7915.323,90.479,-169.372,-0.982843,0.184410,0.003598,-0.184445,-0.982687,-0.017476,0.000313,-0.017840,0.999841,0,0.77467,-0.71630,46.480,-1.433,-1,400.000,-1,375.000,-1,325.000,325.000,325.000,325.000,850.000,475.000,-1,-1,750.000,700.000,-1,-1,2,0,2,0,2,0,0,0,0,1,1,2,2,0,0,2,2
75,-6991.408,7907.877,90.669,-170.818,-0.987181,0.159547,0.004271,-0.159600,-0.986999,-0.018991,0.001185,-0.019430,0.999811,0,0.77765,-0.72304,46.659,-1.446,-1,400.000,-1,375.000,-1,325.000,325.000,325.000,350.000,950.000,500.000,650.000,-1,725.000,700.000,-1,-1,2,0,2,0,2,0,0,0,0,1,1,1,2,0,0,2,2
76,-7037.851,7901.579,90.702,-172.277,-0.990920,0.134348,0.005351,-0.134429,-0.990723,-0.019922,0.002625,-0.020461,0.999787,0,0.78114,-0.72993,46.868,-1.460,-1,400.000,-1,375.000,-1,325.000,325.000,300.000,350.000,-1,550.000,625.000,-1,725.000,700.000,-1,-1,2,0,2,0,2,0,0,0,0,2,1,1,2,0,0,2,2
77,-7084.675,7896.452,90.719,-173.751,-0.994040,0.108818,0.006535,-0.108932,-0.993831,-0.020845,0.004226,-0.021432,0.999761,0,0.78507,-0.73696,47.104,-1.474,-1,400.000,-1,375.000,-1,325.000,325.000,300.000,350.000,-1,575.000,650.000,-1,725.000,700.000,-1,-1,2,0,2,0,2,0,0,0,0,2,1,1,2,0,0,2,2
78,-7131.877,7892.521,90.743,-175.240,-0.996522,0.082968,0.007767,-0.083119,-0.996300,-0.021848,0.005925,-0.022417,0.999731,0,0.78941,-0.74412,47.365,-1.488,-1,400.000,-1,375.000,-1,325.000,325.000,300.000,350.000,-1,600.000,650.000,-1,725.000,700.000,-1,-1,2,0,2,0,2,0,0,0,0,2,1,1,2,0,0,2,2
79,-7179.447,7889.813,90.779,-176.742,-0.998344,0.056808,0.009039,-0.057003,-0.998111,-0.022934,0.007719,-0.023412,0.999696,0,0.79412,-0.75142,47.647,-1.503,-1,375.000,-1,375.000,-1,325.000,325.000,300.000,350.000,-1,625.000,675.000,-1,725.000,725.000,-1,-1,2,0,2,0,2,0,0,0,0,2,0,1,2,0,0,2,2
80,-7227.374,7888.357,91.010,-178.260,-0.999489,0.030353,0.010008,-0.030588,-0.999237,-0.024273,0.009264,-0.024567,0.999655,0,0.79916,-0.75883,47.949,-1.518,-1,375.000,-1,375.000,-1,325.000,325.000,300.000,350.000,-1,575.000,700.000,-1,725.000,725.000,-1,-1,2,0,2,0,2,0,0,0,0,2,0,1,2,0,0,2,2
81,-7279.207,7887.939,91.790,-179.538,-0.999909,0.008064,0.010828,-0.008328,-0.999666,-0.024479,0.010627,-0.024566,0.999642,0,0.86390,-0.63883,51.834,-1.278,-1,375.000,-1,375.000,-1,325.000,325.000,300.000,350.000,-1,575.000,750.000,-1,725.000,700.000,-1,-1,2,0,2,0,2,0,0,0,0,2,0,1,2,0,0,2,2
82,-7331.402,7888.564,92.595,-180.686,-0.999860,-0.011972,0.011662,0.011681,-0.999626,-0.024732,0.011954,-0.024593,0.999626,0,0.86999,-0.57419,52.199,-1.148,-1,375.000,-1,375.000,-1,325.000,325.000,300.000,350.000,-1,575.000,725.000,-1,725.000,700.000,-1,-1,2,0,2,0,2,0,0,0,0,2,0,0,2,0,0,2,2
83,-7383.954,7890.263,93.430,-181.851,-0.999400,-0.032293,0.012511,0.031973,-0.999175,-0.025023,0.013309,-0.024608,0.999609,0,0.87632,-0.58249,52.579,-1.165,-1,375.000,-1,375.000,-1,325.000,325.000,300.000,350.000,-1,600.000,725.000,-1,725.000,700.000,-1,-1,2,0,2,0,2,0,0,0,0,2,0,0,2,0,0,2,2
84,-7436.849,7893.066,94.295,-183.033,-0.998511,-0.052893,0.013372,0.052543,-0.998297,-0.025351,0.014690,-0.024611,0.999589,0,0.88282,-0.59088,52.969,-1.182,-1,400.000,-1,375.000,-1,325.000,325.000,300.000,350.000,-1,600.000,700.000,-1,725.000,700.000,-1,-1,2,0,2,0,2,0,0,0,0,2,0,0,2,0,0,2,2
85,-7490.073,7897.004,95.192,-184.232,-0.997174,-0.073766,0.014240,0.073384,-0.996972,-0.025718,0.016094,-0.024601,0.999568,0,0.88949,-0.59936,53.369,-1.199,-1,400.000,-1,375.000,-1,325.000,325.000,300.000,350.000,-1,625.000,700.000,-1,725.000,700.000,-1,-1,2,0,2,0,2,0,0,0,0,2,0,0,2,0,0,2,2
86,-7543.608,7902.109,96.123,-185.447,-0.995372,-0.094905,0.015111,0.094490,-0.995183,-0.026124,0.017517,-0.024576,0.999544,0,0.89629,-0.60793,53.778,-1.216,-1,400.000,-1,375.000,-1,325.000,325.000,300.000,350.000,-1,650.000,700.000,-1,725.000,700.000,-1,-1,2,0,2,0,2,0,0,0,0,2,0,0,2,0,0,2,2
87,-7597.434,7908.414,97.090,-186.681,-0.993085,-0.116301,0.015982,0.115853,-0.992911,-0.026570,0.018958,-0.024535,0.999519,0,0.90323,-0.61659,54.194,-1.233,-1,375.000,-1,375.000,-1,325.000,325.000,300.000,350.000,-1,650.000,700.000,-1,700.000,700.000,-1,-1,2,0,2,0,2,0,0,0,0,2,0,0,2,0,0,2,2
88,-7651.527,7915.950,98.044,-187.931,-0.990299,-0.137945,0.016727,0.137470,-0.990142,-0.026852,0.020266,-0.024292,0.999499,0,0.91027,-0.62533,54.616,-1.251,-1,375.000,-1,375.000,-1,325.000,325.000,300.000,350.000,-1,675.000,725.000,-1,700.000,700.000,-1,-1,2,0,2,0,2,0,0,0,0,2,0,0,2,0,0,2,2
89,-7705.864,7924.751,98.917,-189.200,-0.986995,-0.159830,0.017191,0.159345,-0.986863,-0.026668,0.021228,-0.023582,0.999497,0,0.91741,-0.63415,55.045,-1.268,-1,375.000,-1,375.000,-1,300.000,300.000,300.000,350.000,-1,700.000,725.000,-1,700.000,700.000,-1,-1,2,0,2,0,2,0,0,0,0,2,0,0,2,0,0,2,2
90,-7760.416,7934.848,99.823,-190.486,-0.983151,-0.181943,0.017656,0.181448,-0.983044,-0.026474,0.022173,-0.022824,0.999494,0,0.92463,-0.64305,55.478,-1.286,-1,375.000,-1,375.000,-1,300.000,300.000,300.000,350.000,-1,725.000,750.000,-1,700.000,700.000,-1,-1,2,0,2,0,2,0,0,0,0,2,0,0,2,0,0,2,2
91,-7814.999,7946.234,100.801,-191.783,-0.978771,-0.204163,0.018026,0.203666,-0.978693,-0.026083,0.022967,-0.021858,0.999497,0,0.92931,-0.64881,55.759,-1.298,-1,375.000,-1,375.000,-1,300.000,300.000,300.000,350.000,-1,775.000,775.000,-1,675.000,700.000,-1,-1,2,0,2,0,2,0,0,0,0,2,0,0,2,0,0,2,2
92,-7869.311,7958.855,102.156,-193.081,-0.973877,-0.226285,0.018935,0.225809,-0.973867,-0.024352,0.023951,-0.019440,0.999524,0,0.92931,-0.64881,55.759,-1.298,-1,375.000,-1,375.000,-1,300.000,300.000,300.000,350.000,-1,825.000,825.000,-1,675.000,675.000,-1,-1,2,0,2,0,2,0,0,0,0,2,0,0,2,0,0,2,2
93,-7923.323,7972.702,103.611,-194.379,-0.968477,-0.248293,0.020068,0.247842,-0.968539,-0.022532,0.025031,-0.016848,0.999545,0,0.92931,-0.64881,55.759,-1.298,-1,375.000,-1,375.000,-1,300.000,300.000,300.000,325.000,-1,875.000,850.000,-1,675.000,675.000,-1,-1,2,0,2,0,2,0,0,0,0,2,0,0,2,0,0,2,2
94,-7977.008,7987.768,105.370,-195.676,-0.962576,-0.270170,0.021343,0.269720,-0.962693,-0.021766,0.026427,-0.015195,0.999535,0,0.92931,-0.64881,55.759,-1.298,-1,375.000,-1,375.000,-1,300.000,300.000,300.000,325.000,-1,900.000,875.000,-1,675.000,675.000,-1,-1,2,0,2,0,2,0,0,0,0,2,0,0,2,0,0,2,2
95,-8030.338,8004.046,107.342,-196.974,-0.956171,-0.291906,0.023000,0.291434,-0.956343,-0.021796,0.028358,-0.014138,0.999498,0,0.92931,-0.64881,55.759,-1.298,-1,375.000,-1,375.000,-1,300.000,300.000,325.000,350.000,-1,925.000,900.000,-1,675.000,675.000,-1,-1,2,0,2,0,2,0,0,0,0,2,0,0,2,0,0,2,2
96,-8083.285,8021.528,109.366,-198.271,-0.949269,-0.313493,0.024725,0.312998,-0.949501,-0.021934,0.030353,-0.013083,0.999454,0,0.92931,-0.64881,55.759,-1.298,-1,375.000,-1,375.000,-1,300.000,300.000,325.000,350.000,-1,900.000,875.000,-1,675.000,675.000,-1,-1,2,0,2,0,2,0,0,0,0,2,0,0,2,0,0,2,2
97,-8135.823,8040.204,111.445,-199.569,-0.941874,-0.334919,0.026518,0.334400,-0.942170,-0.022189,0.032416,-0.012031,0.999402,0,0.92931,-0.64881,55.759,-1.298,-1,375.000,-1,375.000,-1,300.000,300.000,325.000,350.000,-1,875.000,825.000,-1,675.000,675.000,-1,-1,2,0,2,0,2,0,0,0,0,2,0,0,2,0,0,2,2
98,-8187.925,8060.065,113.578,-200.867,-0.933989,-0.356173,0.028377,0.355627,-0.934355,-0.022569,0.034553,-0.010987,0.999342,0,0.92931,-0.64881,55.759,-1.298,-1,375.000,-1,375.000,-1,300.000,300.000,325.000,350.000,-1,850.000,800.000,-1,675.000,675.000,-1,-1,2,0,2,0,2,0,0,0,0,2,0,0,2,0,0,2,2
99,-8239.564,8081.101,115.768,-202.164,-0.925618,-0.377245,0.030299,0.376670,-0.926060,-0.023082,0.036766,-0.009953,0.999274,0,0.92931,-0.64881,55.759,-1.298,-1,375.000,-1,375.000,-1,300.000,300.000,325.000,350.000,-1,825.000,750.000,-1,700.000,675.000,-1,-1,2,0,2,0,2,0,0,0,0,2,0,0,2,0,0,2,2
100,-8290.713,8103.301,117.998,-203.462,-0.916761,-0.398124,0.032354,0.397517,-0.917289,-0.023700,0.039113,-0.008866,0.999195,0,0.92931,-0.64881,55.759,-1.298,-1,375.000,-1,375.000,-1,300.000,300.000,325.000,350.000,-1,775.000,725.000,-1,700.000,675.000,-1,-1,2,0,2,0,2,0,0,0,0,2,0,0,2,0,0,2,2
101,-8341.346,8126.654,120.135,-204.760,-0.907400,-0.418800,0.035095,0.418166,-0.908049,-0.024154,0.041984,-0.007242,0.999092,0,0.92931,-0.64881,55.759,-1.298,-1,375.000,-1,375.000,-1,300.000,300.000,325.000,350.000,-1,725.000,650.000,-1,700.000,675.000,-1,-1,2,0,2,0,2,0,0,0,0,2,0,0,2,0,0,2,2
102,-8391.437,8151.147,122.426,-206.057,-0.897563,-0.439262,0.037814,0.438622,-0.898344,-0.024271,0.044632,-0.005199,0.998990,0,0.92931,-0.64881,55.759,-1.298,-1,375.000,-1,375.000,-1,300.000,300.000,325.000,350.000,-1,700.000,625.000,-1,700.000,675.000,-1,-1,2,0,2,0,2,0,0,0,0,2,0,0,2,0,0,2,2
103,-8441.695,8177.046,124.959,-207.264,-0.887985,-0.458083,0.040540,0.457472,-0.888906,-0.023778,0.046928,-0.002569,0.998895,0,0.94230,-0.60319,56.538,-1.206,-1,375.000,-1,375.000,-1,300.000,300.000,325.000,350.000,-1,650.000,550.000,-1,700.000,675.000,-1,-1,2,0,2,0,2,0,0,0,0,2,0,0,2,0,0,2,2
104,-8491.396,8203.998,127.525,-208.470,-0.878004,-0.476697,0.043233,0.476118,-0.879067,-0.023499,0.049206,-0.000049,0.998789,0,0.94230,-0.60319,56.538,-1.206,-1,375.000,-1,375.000,-1,300.000,300.000,325.000,350.000,-1,600.000,500.000,-1,700.000,675.000,-1,-1,2,0,2,0,2,0,0,0,0,2,0,0,2,0,0,2,2
105,-8540.518,8231.989,130.149,-209.676,-0.867619,-0.495098,0.046002,0.494552,-0.868834,-0.023383,0.051545,0.002463,0.998668,0,0.94230,-0.60319,56.538,-1.206,-1,375.000,-1,375.000,-1,300.000,300.000,325.000,350.000,-1,575.000,450.000,-1,725.000,675.000,-1,-1,2,0,2,0,2,0,0,0,0,2,0,0,2,0,0,2,2
106,-8589.041,8261.009,132.833,-210.883,-0.856833,-0.513275,0.048841,0.512764,-0.858210,-0.023434,0.053943,0.004965,0.998532,0,0.94230,-0.60319,56.538,-1.206,-1,375.000,-1,375.000,-1,300.000,300.000,325.000,350.000,-1,525.000,425.000,-1,750.000,675.000,-1,-1,2,0,2,0,2,0,0,0,0,2,0,0,2,0,0,2,2
107,-8636.941,8291.044,135.814,-212.089,-0.845740,-0.531226,0.050222,0.530712,-0.847207,-0.024189,0.055398,0.006196,0.998445,0,0.94230,-0.60319,56.538,-1.206,-1,375.000,-1,375.000,-1,300.000,300.000,325.000,350.000,-1,550.000,425.000,-1,750.000,675.000,-1,-1,2,0,2,0,2,0,0,0,0,2,0,0,2,0,0,2,2
108,-8684.199,8322.081,138.986,-213.295,-0.834281,-0.548942,0.051368,0.548413,-0.835830,-0.025140,0.056735,0.007197,0.998363,0,0.94230,-0.60319,56.538,-1.206,-1,375.000,-1,375.000,-1,300.000,300.000,325.000,325.000,-1,575.000,450.000,-1,775.000,675.000,-1,-1,2,0,2,0,2,0,0,0,0,2,0,0,2,0,0,2,2
109,-8730.793,8354.106,142.275,-214.502,-0.822438,-0.566413,0.052651,0.565870,-0.824080,-0.026137,0.058193,0.008298,0.998271,0,0.94230,-0.60319,56.538,-1.206,-1,375.000,-1,375.000,-1,300.000,300.000,325.000,325.000,-1,575.000,475.000,-1,775.000,700.000,-1,-1,2,0,2,0,2,0,0,0,0,2,0,0,2,0,0,2,2
110,-8776.702,8387.104,145.661,-215.708,-0.810218,-0.583630,0.054062,0.583080,-0.811963,-0.027094,0.059709,0.009570,0.998170,0,0.94230,-0.60319,56.538,-1.206,-1,375.000,-1,375.000,-1,300.000,300.000,325.000,325.000,-1,600.000,500.000,-1,800.000,700.000,-1,-1,2,0,2,0,2,0,0,0,0,2,0,0,2,0,0,2,2
111,-8821.906,8421.062,149.169,-216.915,-0.797624,-0.600587,0.055602,0.600027,-0.799485,-0.028136,0.061351,0.010920,0.998057,0,0.94230,-0.60319,56.538,-1.206,-1,375.000,-1,375.000,-1,300.000,300.000,325.000,325.000,-1,625.000,525.000,-1,825.000,700.000,-1,-1,2,0,2,0,2,0,0,0,0,2,0,0,2,0,0,2,2
112,-8866.386,8455.964,152.801,-218.121,-0.784660,-0.617276,0.057261,0.616705,-0.786650,-0.029271,0.063113,0.012346,0.997930,0,0.94230,-0.60319,56.538,-1.206,-1,375.000,-1,375.000,-1,300.000,300.000,325.000,325.000,-1,625.000,525.000,-1,850.000,700.000,-1,-1,2,0,2,0,2,0,0,0,0,2,0,0,2,0,0,2,2
113,-8910.120,8491.795,156.446,-219.327,-0.771335,-0.633685,0.059038,0.633136,-0.773460,-0.029977,0.064660,0.014257,0.997806,0,0.94230,-0.60319,56.538,-1.206,-1,375.000,-1,375.000,-1,300.000,300.000,325.000,325.000,-1,625.000,525.000,-1,875.000,700.000,-1,-1,2,0,2,0,2,0,0,0,0,2,0,0,2,0,0,2,2
114,-8953.091,8528.538,160.147,-220.534,-0.757651,-0.649808,0.060942,0.649290,-0.759923,-0.030661,0.066235,0.016339,0.997670,0,0.94230,-0.60319,56.538,-1.206,-1,375.000,-1,375.000,-1,300.000,300.000,325.000,325.000,-1,575.000,475.000,-1,925.000,725.000,-1,-1,2,0,2,0,2,0,0,0,0,2,0,0,2,0,0,2,2
115,-8995.279,8566.178,163.923,-221.740,-0.743614,-0.665638,0.062965,0.665154,-0.746045,-0.031410,0.067882,0.018525,0.997521,0,0.94230,-0.60319,56.538,-1.206,-1,400.000,-1,375.000,-1,300.000,300.000,325.000,325.000,-1,550.000,425.000,-1,975.000,725.000,-1,-1,2,0,2,0,2,0,0,0,0,2,0,0,2,0,0,2,2
116,-9036.665,8604.698,167.785,-222.946,-0.729229,-0.681166,0.065103,0.680725,-0.731832,-0.032170,0.069557,0.020858,0.997360,0,0.94230,-0.60319,56.538,-1.206,-1,400.000,-1,375.000,-1,300.000,300.000,325.000,325.000,-1,525.000,375.000,-1,-1,775.000,-1,-1,2,0,2,0,2,0,0,0,0,2,0,0,2,2,0,2,2
117,-9077.232,8644.080,171.683,-224.153,-0.714501,-0.696387,0.067328,0.695981,-0.717293,-0.033189,0.071407,0.023145,0.997179,0,0.94230,-0.60319,56.538,-1.206,-1,425.000,-1,375.000,-1,325.000,300.000,325.000,325.000,-1,475.000,350.000,-1,-1,850.000,-1,-1,2,0,2,0,2,0,0,0,0,2,0,0,2,2,0,2,2
118,-9116.959,8684.309,175.224,-225.359,-0.699636,-0.711324,0.067280,0.710889,-0.702462,-0.034401,0.071732,0.023760,0.997141,0,0.94230,-0.60319,56.538,-1.206,-1,425.000,-1,375.000,-1,325.000,300.000,350.000,325.000,-1,475.000,375.000,-1,-1,925.000,-1,-1,2,0,2,0,2,0,0,0,0,2,0,0,2,2,0,2,2
119,-9155.830,8725.365,178.645,-226.566,-0.684556,-0.725957,0.066093,0.725478,-0.687332,-0.035445,0.071160,0.023685,0.997184,0,0.94230,-0.60319,56.538,-1.206,-1,425.000,-1,375.000,-1,325.000,300.000,350.000,325.000,-1,525.000,425.000,-1,-1,1000.000,-1,-1,2,0,2,0,2,0,0,0,0,2,0,0,2,2,0,2,2
120,-9193.828,8767.230,182.156,-227.772,-0.669178,-0.740266,0.064870,0.739764,-0.671894,-0.036176,0.070366,0.023780,0.997238,0,0.94230,-0.60319,56.538,-1.206,-1,450.000,-1,375.000,-1,325.000,325.000,350.000,325.000,-1,575.000,475.000,-1,-1,-1,-1,-1,2,0,2,0,2,0,0,0,0,2,0,0,2,2,2,2,2
121,-9230.936,8809.885,185.573,-228.978,-0.653582,-0.754256,0.062675,0.753726,-0.656167,-0.036632,0.068755,0.023298,0.997361,0,0.94230,-0.60319,56.538,-1.206,-1,450.000,-1,375.000,-1,325.000,325.000,350.000,325.000,-1,675.000,550.000,-1,-1,-1,-1,-1,2,0,2,0,2,0,0,0,0,2,0,0,2,2,2,2,2
122,-9267.137,8853.313,188.824,-230.185,-0.637789,-0.767925,0.059293,0.767362,-0.640160,-0.036755,0.066182,0.022058,0.997564,0,0.94230,-0.60319,56.538,-1.206,-1,450.000,-1,375.000,-1,325.000,325.000,350.000,325.000,-1,875.000,750.000,-1,-1,-1,-1,-1,2,0,2,0,2,0,0,0,0,2,0,0,2,2,2,2,2
123,-9302.416,8897.493,192.136,-231.391,-0.621707,-0.781250,0.055929,0.780681,-0.623865,-0.036464,0.063380,0.020993,0.997769,0,0.94230,-0.60319,56.538,-1.206,-1,450.000,-1,400.000,-1,325.000,325.000,350.000,325.000,-1,-1,-1,-1,-1,-1,-1,-1,2,0,2,0,2,0,0,0,0,2,2,2,2,2,2,2,2
124,-9336.757,8942.407,195.522,-232.597,-0.605345,-0.794227,0.052543,0.793675,-0.607290,-0.035760,0.060310,0.020055,0.997978,0,0.94230,-0.60319,56.538,-1.206,-1,450.000,-1,400.000,-1,325.000,325.000,325.000,325.000,-1,-1,-1,-1,-1,-1,-1,-1,2,0,2,0,2,0,0,0,0,2,2,2,2,2,2,2,2
125,-9370.146,8988.033,198.917,-233.804,-0.588688,-0.806846,0.049454,0.806337,-0.590441,-0.034651,0.057157,0.019478,0.998175,0,0.94230,-0.60319,56.538,-1.206,-1,425.000,-1,425.000,-1,325.000,325.000,325.000,350.000,-1,-1,-1,-1,-1,-1,-1,-1,2,0,2,0,2,0,0,0,0,2,2,2,2,2,2,2,2
126,-9403.636,9035.456,202.395,-234.770,-0.575176,-0.816698,0.046671,0.816240,-0.576754,-0.033272,0.054091,0.018958,0.998356,0,0.96763,-0.48319,58.058,-0.966,-1,425.000,-1,425.000,-1,325.000,325.000,325.000,350.000,-1,-1,-1,-1,-1,-1,-1,-1,2,0,2,0,2,0,0,0,0,2,2,2,2,2,2,2,2
127,-9436.522,9083.301,205.920,-235.497,-0.564948,-0.823954,0.043984,0.823547,-0.566361,-0.031705,0.051034,0.018311,0.998529,0,0.96763,-0.36319,58.058,-0.726,-1,450.000,-1,450.000,-1,350.000,350.000,325.000,350.000,-1,-1,-1,-1,-1,-1,-1,-1,2,0,2,0,2,0,0,0,0,2,2,2,2,2,2,2,2
128,-9469.002,9131.423,209.002,-235.983,-0.558090,-0.828721,0.041902,0.828458,-0.559340,-0.028226,0.046829,0.018962,0.998723,0,0.96763,-0.24319,58.058,-0.486,-1,450.000,-1,450.000,-1,350.000,350.000,325.000,350.000,-1,-1,-1,-1,-1,-1,-1,-1,2,0,2,0,2,0,0,0,0,2,2,2,2,2,2,2,2
129,-9501.251,9179.699,211.188,-236.256,-0.554288,-0.831388,0.039476,0.831194,-0.555384,-0.025789,0.043364,0.018518,0.998888,0,0.96763,-0.13670,58.058,-0.273,-1,450.000,-1,450.000,-1,350.000,350.000,325.000,325.000,-1,-1,-1,-1,-1,-1,-1,-1,2,0,2,0,2,0,0,0,0,2,2,2,2,2,2,2,2
130,-9533.270,9228.129,213.361,-236.530,-0.550466,-0.834035,0.037057,0.833909,-0.551414,-0.023198,0.039782,0.018132,0.999044,0,0.96763,-0.13670,58.058,-0.273,-1,475.000,-1,475.000,-1,375.000,375.000,325.000,350.000,-1,-1,-1,-1,-1,-1,-1,-1,2,0,2,0,2,0,0,0,0,2,2,2,2,2,2,2,2
131,-9565.057,9276.711,214.831,-236.803,-0.546621,-0.836627,0.035524,0.836676,-0.547409,-0.017787,0.034327,0.019999,0.999211,0,0.96763,-0.13670,58.058,-0.273,-1,475.000,-1,450.000,-1,375.000,375.000,350.000,325.000,-1,-1,-1,-1,-1,-1,-1,-1,2,0,2,0,2,0,0,0,0,2,2,2,2,2,2,2,2
132,-9596.612,9325.444,215.887,-237.076,-0.542762,-0.839217,0.033531,0.839360,-0.543402,-0.013718,0.029733,0.020699,0.999344,0,0.96763,-0.13670,58.058,-0.273,-1,475.000,-1,450.000,-1,375.000,375.000,350.000,325.000,-1,-1,-1,-1,-1,-1,-1,-1,2,0,2,0,2,0,0,0,0,2,2,2,2,2,2,2,2
133,-9627.935,9374.327,216.942,-237.350,-0.538886,-0.841789,0.031529,0.842005,-0.539384,-0.009614,0.025099,0.021367,0.999457,0,0.96763,-0.13670,58.058,-0.273,-1,475.000,-1,450.000,-1,375.000,375.000,350.000,325.000,-1,-1,-1,-1,-1,-1,-1,-1,2,0,2,0,2,0,0,0,0,2,2,2,2,2,2,2,2
134,-9659.022,9423.359,217.331,-237.623,-0.535097,-0.844389,0.026037,0.844593,-0.535384,-0.005093,0.018240,0.019265,0.999648,0,0.96763,-0.13670,58.058,-0.273,-1,475.000,-1,450.000,-1,375.000,350.000,325.000,325.000,-1,-1,-1,-1,-1,-1,-1,-1,2,0,2,0,2,0,0,0,0,2,2,2,2,2,2,2,2
135,-9689.876,9472.540,217.578,-237.897,-0.531263,-0.846975,0.019804,0.847137,-0.531374,-0.000418,0.010877,0.016555,0.999804,0,0.96763,-0.13670,58.058,-0.273,-1,475.000,-1,450.000,-1,350.000,350.000,325.000,325.000,-1,-1,-1,-1,-1,-1,-1,-1,2,0,2,0,2,0,0,0,0,2,2,2,2,2,2,2,2
136,-9720.495,9521.867,217.821,-238.170,-0.527355,-0.849537,0.013550,0.849638,-0.527349,0.004336,0.003462,0.013799,0.999899,0,0.96763,-0.13670,58.058,-0.273,-1,450.000,-1,450.000,-1,350.000,350.000,325.000,325.000,-1,-1,-1,-1,-1,-1,-1,-1,2,0,2,0,2,0,0,0,0,2,2,2,2,2,2,2,2
