timestep,x_cm,y_cm,z_cm,yaw_deg,basis_xx,basis_xy,basis_xz,basis_yx,basis_yy,basis_yz,basis_zx,basis_zy,basis_zz,teleport_flag,throttle_cmd,steering_cmd,cmd_move_cm,cmd_turn_deg,lidar_cm_0,lidar_cm_1,lidar_cm_2,lidar_cm_3,lidar_cm_4,lidar_cm_5,lidar_cm_6,lidar_cm_7,lidar_cm_8,lidar_cm_9,lidar_cm_10,lidar_cm_11,lidar_cm_12,lidar_cm_13,lidar_cm_14,lidar_cm_15,lidar_cm_16,lidar_class_0,lidar_class_1,lidar_class_2,lidar_class_3,lidar_class_4,lidar_class_5,lidar_class_6,lidar_class_7,lidar_class_8,lidar_class_9,lidar_class_10,lidar_class_11,lidar_class_12,lidar_class_13,lidar_class_14,lidar_class_15,lidar_class_16
0,5575.438,6887.290,-287.803,-70.286,0.335303,0.940670,0.052069,-0.941002,0.337077,-0.029920,-0.045696,-0.038965,0.998195,1,0.00000,0.00000,4.800,0.240,900.000,375.000,-1,350.000,650.000,300.000,300.000,325.000,300.000,-1,325.000,375.000,-1,600.000,550.000,825.000,650.000,0,0,2,0,0,0,0,0,0,2,0,0,2,0,0,0,0
1,5577.076,6882.779,-288.036,-70.046,0.339267,0.939258,0.051882,-0.939594,0.341017,-0.029493,-0.045394,-0.038742,0.998218,0,0.08000,0.12000,4.800,0.240,900.000,375.000,-1,350.000,650.000,300.000,300.000,325.000,300.000,-1,325.000,375.000,-1,600.000,550.000,825.000,650.000,0,0,2,0,0,0,0,0,0,2,0,0,2,0,0,0,0
2,5580.427,6873.783,-288.507,-69.566,0.347177,0.936385,0.051494,-0.936730,0.348880,-0.028648,-0.044790,-0.038290,0.998262,0,0.16000,0.24000,9.600,0.480,900.000,375.000,-1,350.000,650.000,300.000,300.000,325.000,300.000,-1,325.000,375.000,-1,600.000,550.000,825.000,625.000,0,0,2,0,0,0,0,0,0,2,0,0,2,0,0,0,0
3,5585.623,6860.353,-289.221,-68.846,0.358995,0.931951,0.050882,-0.932307,0.360628,-0.027398,-0.043883,-0.037602,0.998329,0,0.24000,0.36000,14.400,0.720,925.000,375.000,-1,350.000,625.000,300.000,300.000,325.000,300.000,-1,300.000,350.000,-1,600.000,525.000,825.000,625.000,0,0,2,0,0,0,0,0,0,2,0,0,2,0,0,0,0
4,5592.851,6842.566,-290.190,-67.886,0.374665,0.925811,0.050009,-0.926178,0.376205,-0.025767,-0.042669,-0.036664,0.998416,0,0.32000,0.48000,19.200,0.960,925.000,375.000,-1,350.000,625.000,300.000,300.000,325.000,300.000,-1,300.000,325.000,-1,600.000,525.000,825.000,625.000,0,0,2,0,0,0,0,0,0,2,0,0,2,0,0,0,0
5,5602.348,6820.526,-291.424,-66.686,0.394101,0.917769,0.048828,-0.918146,0.395529,-0.023788,-0.041145,-0.035457,0.998524,0,0.40000,0.60000,24.000,1.200,925.000,375.000,-1,350.000,600.000,300.000,300.000,325.000,300.000,-1,275.000,325.000,-1,600.000,525.000,825.000,600.000,0,0,2,0,0,0,0,0,0,2,0,0,2,0,0,0,0
6,5614.298,6794.322,-292.914,-65.483,0.413426,0.909308,0.047301,-0.909696,0.414719,-0.021463,-0.039133,-0.034156,0.998650,0,0.48000,0.60121,28.800,1.202,925.000,375.000,-1,350.000,575.000,300.000,300.000,325.000,300.000,-1,275.000,300.000,-1,600.000,525.000,825.000,600.000,0,0,2,0,0,0,0,0,0,2,0,0,2,0,0,0,0
7,5628.873,6764.049,-294.665,-64.290,0.432440,0.900519,0.045393,-0.900919,0.433580,-0.018816,-0.036625,-0.032759,0.998792,0,0.56000,0.59645,33.600,1.193,950.000,375.000,-1,350.000,575.000,300.000,300.000,325.000,300.000,-1,250.000,275.000,-1,600.000,525.000,825.000,575.000,0,0,2,0,0,0,0,0,0,2,0,0,2,0,0,0,0
8,5646.241,6729.801,-296.683,-63.108,0.451113,0.891427,0.043071,-0.891834,0.452085,-0.015871,-0.033620,-0.031253,0.998946,0,0.64000,0.59098,38.400,1.182,950.000,375.000,-1,325.000,550.000,300.000,300.000,325.000,275.000,-1,225.000,250.000,-1,600.000,500.000,825.000,550.000,0,0,2,0,0,0,0,0,0,2,0,0,2,0,0,0,0
9,5666.563,6691.680,-298.339,-61.939,0.469309,0.881994,0.042842,-0.882485,0.470175,-0.012439,-0.031114,-0.031969,0.999004,0,0.72000,0.58477,43.200,1.170,950.000,375.000,-1,325.000,525.000,300.000,275.000,325.000,275.000,-1,225.000,250.000,-1,575.000,500.000,825.000,525.000,0,0,2,0,0,0,0,0,0,2,0,0,2,0,0,0,0
10,5688.613,6652.254,-299.792,-60.783,0.487041,0.872278,0.043833,-0.872887,0.487837,-0.009069,-0.029294,-0.033844,0.998998,0,0.75289,0.57780,45.173,1.156,900.000,375.000,-1,325.000,500.000,300.000,275.000,325.000,300.000,-1,250.000,275.000,-1,575.000,500.000,800.000,500.000,0,0,2,0,0,0,0,0,0,2,0,0,2,0,0,0,0
11,5711.504,6613.176,-300.678,-59.642,0.504393,0.862265,0.045685,-0.863093,0.505036,-0.002985,-0.025646,-0.037924,0.998951,0,0.75483,0.57050,45.290,1.141,900.000,350.000,-1,325.000,525.000,300.000,275.000,325.000,300.000,-1,250.000,300.000,-1,575.000,500.000,775.000,525.000,0,0,2,0,0,0,0,0,0,2,0,0,2,0,0,0,0
12,5735.221,6574.454,-301.131,-58.516,0.521385,0.851969,0.048018,-0.853073,0.521764,0.005255,-0.020577,-0.043703,0.998833,0,0.75680,0.56315,45.408,1.126,875.000,350.000,-1,325.000,550.000,300.000,275.000,325.000,300.000,-1,250.000,300.000,-1,550.000,500.000,775.000,550.000,0,0,2,0,0,0,0,0,0,2,0,0,2,0,0,0,0
13,5759.749,6536.100,-301.618,-57.404,0.537997,0.841463,0.049994,-0.842804,0.538049,0.013566,-0.015484,-0.049434,0.998657,0,0.75878,0.55576,45.527,1.112,850.000,350.000,-1,325.000,575.000,300.000,275.000,300.000,325.000,975.000,250.000,300.000,-1,550.000,500.000,750.000,575.000,0,0,2,0,0,0,0,0,0,0,0,0,2,0,0,0,0
14,5785.074,6498.122,-302.140,-56.308,0.554227,0.830763,0.051617,-0.832301,0.553890,0.021931,-0.010371,-0.055116,0.998426,0,0.76079,0.54832,45.647,1.097,850.000,350.000,-1,325.000,600.000,300.000,275.000,300.000,325.000,875.000,250.000,325.000,-1,550.000,525.000,750.000,600.000,0,0,2,0,0,0,0,0,0,0,0,0,2,0,0,0,0
15,5811.180,6460.529,-302.518,-55.226,0.570044,0.819926,0.052635,-0.821594,0.569312,0.029461,-0.005810,-0.060039,0.998179,0,0.76282,0.54082,45.769,1.082,825.000,350.000,-1,325.000,625.000,300.000,275.000,300.000,325.000,800.000,250.000,325.000,-1,550.000,525.000,750.000,625.000,0,0,2,0,0,0,0,0,0,0,0,0,2,0,0,0,0
16,5838.052,6423.327,-302.261,-54.159,0.585422,0.809079,0.051701,-0.810726,0.584397,0.034695,-0.002143,-0.062226,0.998060,0,0.76488,0.53327,45.893,1.067,800.000,350.000,-1,325.000,625.000,300.000,275.000,275.000,325.000,775.000,275.000,350.000,-1,550.000,525.000,750.000,625.000,0,0,2,0,0,0,0,0,0,0,0,0,2,0,0,0,0
17,5865.678,6386.524,-301.873,-53.108,0.600412,0.798145,0.049704,-0.799688,0.599087,0.039913,0.002079,-0.063712,0.997966,0,0.76697,0.52567,46.018,1.051,800.000,350.000,-1,325.000,625.000,300.000,275.000,275.000,300.000,750.000,300.000,375.000,-1,550.000,525.000,775.000,625.000,0,0,2,0,0,0,0,0,0,0,0,0,2,0,0,0,0
18,5894.042,6350.125,-301.511,-52.072,0.614983,0.787110,0.047473,-0.788515,0.613364,0.045053,0.006344,-0.065140,0.997856,0,0.76909,0.51800,46.146,1.036,825.000,350.000,-1,325.000,650.000,275.000,275.000,275.000,300.000,750.000,300.000,350.000,-1,550.000,525.000,800.000,650.000,0,0,2,0,0,0,0,0,0,0,0,0,2,0,0,0,0
19,5923.131,6314.137,-301.166,-51.052,0.629138,0.775991,0.044979,-0.777221,0.627230,0.050108,0.010671,-0.066483,0.997730,0,0.77125,0.51027,46.275,1.021,825.000,350.000,-1,325.000,650.000,275.000,275.000,275.000,300.000,725.000,250.000,325.000,-1,550.000,550.000,800.000,650.000,0,0,2,0,0,0,0,0,0,0,0,0,2,0,0,0,0
20,5952.930,6278.562,-300.145,-50.047,0.642931,0.764951,0.038589,-0.765728,0.640810,0.054983,0.017331,-0.064899,0.997741,0,0.77344,0.50248,46.407,1.005,875.000,350.000,-1,325.000,675.000,300.000,275.000,275.000,300.000,725.000,225.000,275.000,-1,575.000,550.000,875.000,700.000,0,0,2,0,0,0,0,0,0,0,0,0,2,0,0,0,0
21,5983.427,6243.406,-299.096,-49.057,0.656261,0.753837,0.032417,-0.754160,0.653977,0.059647,0.023764,-0.063592,0.997693,0,0.77568,0.49462,46.541,0.989,950.000,350.000,-1,350.000,700.000,300.000,300.000,275.000,300.000,725.000,175.000,250.000,-1,600.000,550.000,950.000,725.000,0,0,2,0,0,0,0,0,0,0,0,0,2,0,0,0,0
22,6014.608,6208.670,-297.998,-48.084,0.669137,0.742664,0.026567,-0.742537,0.666729,0.064124,0.029910,-0.062635,0.997588,0,0.77796,0.48669,46.678,0.973,-1,350.000,-1,350.000,725.000,300.000,300.000,300.000,275.000,725.000,175.000,225.000,-1,625.000,575.000,-1,750.000,2,0,2,0,0,0,0,0,0,0,0,0,2,0,0,2,0
23,6046.461,6174.359,-296.934,-47.127,0.681570,0.731462,0.020661,-0.730867,0.679083,0.068410,0.036009,-0.061727,0.997443,0,0.78029,0.47868,46.817,0.957,-1,375.000,-1,350.000,750.000,300.000,300.000,300.000,275.000,725.000,150.000,200.000,-1,650.000,575.000,-1,800.000,2,0,2,0,0,0,0,0,0,0,0,0,2,0,0,2,0
24,6078.974,6140.473,-295.100,-46.185,0.693610,0.720114,0.018457,-0.719256,0.690917,0.072839,0.039700,-0.063797,0.997173,0,0.78267,0.47060,46.960,0.941,-1,375.000,-1,350.000,800.000,300.000,300.000,300.000,275.000,725.000,150.000,225.000,-1,650.000,575.000,-1,850.000,2,0,2,0,0,0,0,0,0,0,0,0,2,0,0,2,0
25,6112.075,6107.083,-293.018,-45.251,0.705393,0.708599,0.017545,-0.707542,0.702427,0.077334,0.042475,-0.066965,0.996851,0,0.78362,0.46740,47.017,0.935,-1,375.000,-1,350.000,850.000,300.000,300.000,300.000,275.000,750.000,175.000,250.000,-1,650.000,600.000,-1,925.000,2,0,2,0,0,0,0,0,0,0,0,0,2,0,0,2,0
26,6145.718,6074.238,-290.980,-44.316,0.716986,0.696891,0.016570,-0.695623,0.713736,0.081791,0.045173,-0.070169,0.996512,0,0.78362,0.46740,47.017,0.935,-1,375.000,-1,350.000,975.000,300.000,300.000,300.000,275.000,750.000,200.000,275.000,-1,650.000,600.000,-1,-1,2,0,2,0,0,0,0,0,0,0,0,0,2,0,0,2,2
27,6179.892,6041.946,-288.876,-43.381,0.728402,0.684972,0.015576,-0.683457,0.724819,0.086740,0.048125,-0.073827,0.996109,0,0.78362,0.46740,47.017,0.935,-1,375.000,-1,350.000,-1,300.000,300.000,300.000,275.000,750.000,225.000,275.000,-1,650.000,625.000,-1,-1,2,0,2,0,2,0,0,0,0,0,0,0,2,0,0,2,2
28,6214.588,6010.216,-286.667,-42.446,0.739647,0.672838,0.014550,-0.671026,0.735659,0.092358,0.051439,-0.078076,0.995620,0,0.78362,0.46740,47.017,0.935,-1,375.000,-1,350.000,-1,300.000,300.000,300.000,300.000,750.000,225.000,300.000,-1,675.000,625.000,-1,-1,2,0,2,0,2,0,0,0,0,0,0,0,2,0,0,2,2
29,6249.798,5979.057,-284.528,-41.511,0.750686,0.660523,0.013417,-0.658399,0.746285,0.097823,0.054602,-0.082268,0.995113,0,0.78362,0.46740,47.017,0.935,-1,375.000,-1,375.000,-1,300.000,300.000,300.000,300.000,725.000,250.000,325.000,-1,675.000,650.000,-1,-1,2,0,2,0,2,0,0,0,0,0,0,0,2,0,0,2,2
30,6283.263,5950.158,-282.431,-40.817,0.758816,0.651190,0.012262,-0.648703,0.753968,0.103520,0.058166,-0.086507,0.994552,0,0.73693,0.34740,44.216,0.695,-1,375.000,-1,375.000,-1,325.000,300.000,300.000,300.000,725.000,250.000,325.000,-1,675.000,675.000,-1,-1,2,0,2,0,2,0,0,0,0,0,0,0,2,0,0,2,2
31,6316.956,5921.525,-280.146,-40.362,0.764105,0.644997,0.011013,-0.642158,0.758893,0.108235,0.061454,-0.089775,0.994064,0,0.73693,0.22740,44.216,0.455,-1,375.000,-1,375.000,-1,325.000,325.000,300.000,300.000,725.000,275.000,350.000,-1,675.000,700.000,-1,-1,2,0,2,0,2,0,0,0,0,0,0,0,2,0,0,2,2
32,6350.755,5893.018,-277.700,-40.147,0.766630,0.642015,0.009757,-0.638848,0.761148,0.111926,0.064431,-0.092039,0.993669,0,0.73693,0.10740,44.216,0.215,-1,375.000,-1,375.000,-1,325.000,325.000,300.000,300.000,750.000,275.000,375.000,-1,700.000,700.000,-1,-1,2,0,2,0,2,0,0,0,0,0,0,0,2,0,0,2,2
33,6384.542,5864.495,-275.247,-40.172,0.766463,0.642231,0.008584,-0.638716,0.760725,0.115494,0.067644,-0.094004,0.993271,0,0.73693,-0.01260,44.216,-0.025,-1,375.000,-1,375.000,-1,325.000,325.000,300.000,300.000,750.000,300.000,375.000,-1,700.000,725.000,-1,-1,2,0,2,0,2,0,0,0,0,0,0,0,2,0,0,2,2
34,6418.196,5835.816,-272.773,-40.437,0.763604,0.645641,0.007545,-0.641758,0.757622,0.118981,0.071103,-0.095696,0.992868,0,0.73693,-0.13260,44.216,-0.265,-1,375.000,-1,400.000,-1,325.000,325.000,300.000,300.000,750.000,325.000,400.000,-1,700.000,725.000,-1,-1,2,0,2,0,2,0,0,0,0,0,0,0,2,0,0,2,2
35,6451.596,5806.841,-269.991,-40.943,0.757954,0.652274,0.006635,-0.648101,0.751874,0.121035,0.073959,-0.096039,0.992626,0,0.73693,-0.25260,44.216,-0.505,-1,375.000,-1,400.000,-1,325.000,325.000,300.000,300.000,750.000,325.000,425.000,-1,700.000,750.000,-1,-1,2,0,2,0,2,0,0,0,0,0,0,0,2,0,0,2,2
36,6484.677,5777.501,-266.589,-41.566,0.750763,0.660553,0.005019,-0.656183,0.744878,0.120750,0.076024,-0.093948,0.992670,0,0.73693,-0.31187,44.216,-0.624,-1,375.000,-1,400.000,-1,325.000,325.000,300.000,300.000,775.000,375.000,450.000,-1,725.000,750.000,-1,-1,2,0,2,0,2,0,0,0,0,0,0,0,2,0,0,2,2
37,6517.436,5747.804,-263.079,-42.190,0.743464,0.668769,0.003069,-0.664176,0.737805,0.120472,0.078304,-0.091605,0.992712,0,0.73693,-0.31187,44.216,-0.624,-1,375.000,-1,400.000,-1,325.000,325.000,300.000,300.000,800.000,400.000,475.000,-1,725.000,775.000,-1,-1,2,0,2,0,2,0,0,0,0,0,0,0,2,0,0,2,2
38,6549.870,5717.751,-259.564,-42.814,0.736078,0.676896,0.001321,-0.672098,0.730626,0.120291,0.080459,-0.089432,0.992738,0,0.73693,-0.31187,44.216,-0.624,-1,400.000,-1,400.000,-1,325.000,325.000,300.000,300.000,825.000,450.000,500.000,-1,750.000,775.000,-1,-1,2,0,2,0,2,0,0,0,0,0,0,0,2,0,0,2,2
39,6581.975,5687.348,-256.046,-43.438,0.728607,0.684932,-0.000222,-0.679946,0.723343,0.120201,0.082490,-0.087428,0.992750,0,0.73693,-0.31187,44.216,-0.624,-1,400.000,-1,400.000,-1,325.000,325.000,300.000,300.000,850.000,475.000,525.000,-1,750.000,800.000,-1,-1,2,0,2,0,2,0,0,0,0,0,0,0,2,0,0,2,2
40,6613.747,5656.597,-252.523,-44.061,0.721055,0.692876,-0.001558,-0.687719,0.715958,0.120195,0.084395,-0.085596,0.992749,0,0.73693,-0.31187,44.216,-0.624,-1,400.000,-1,400.000,-1,325.000,325.000,275.000,300.000,875.000,500.000,550.000,-1,750.000,800.000,-1,-1,2,0,2,0,2,0,0,0,0,0,0,0,2,0,0,2,2
41,6645.183,5625.503,-248.894,-44.685,0.713446,0.700707,-0.002207,-0.695428,0.708451,0.120323,0.085875,-0.084309,0.992732,0,0.73693,-0.31187,44.216,-0.624,-1,400.000,-1,400.000,-1,325.000,325.000,275.000,300.000,900.000,550.000,575.000,-1,775.000,825.000,-1,-1,2,0,2,0,2,0,0,0,0,0,0,0,2,0,0,2,2
42,6676.279,5594.068,-245.028,-45.309,0.705758,0.708447,-0.002718,-0.703056,0.700850,0.120505,0.087276,-0.083137,0.992709,0,0.73693,-0.31187,44.216,-0.624,-1,400.000,-1,400.000,-1,325.000,325.000,275.000,275.000,925.000,575.000,600.000,-1,775.000,825.000,-1,-1,2,0,2,0,2,0,0,0,0,0,0,0,2,0,0,2,2
43,6707.030,5562.296,-241.109,-45.933,0.697973,0.716116,-0.003474,-0.710592,0.693174,0.120701,0.088845,-0.081777,0.992683,0,0.73693,-0.31187,44.216,-0.624,-1,400.000,-1,400.000,-1,325.000,325.000,275.000,275.000,975.000,625.000,625.000,-1,775.000,850.000,-1,-1,2,0,2,0,2,0,0,0,0,0,0,0,2,0,0,2,2
44,6737.434,5530.192,-237.210,-46.556,0.690109,0.723694,-0.004107,-0.718044,0.685408,0.120951,0.090346,-0.080520,0.992650,0,0.73693,-0.31187,44.216,-0.624,-1,400.000,-1,400.000,-1,325.000,325.000,275.000,275.000,1000.000,650.000,675.000,-1,775.000,850.000,-1,-1,2,0,2,0,2,0,0,0,0,0,0,0,2,0,0,2,2
45,6767.487,5497.759,-233.271,-47.180,0.682184,0.731168,-0.004335,-0.725419,0.677540,0.121270,0.091606,-0.079583,0.992610,0,0.73693,-0.31187,44.216,-0.624,-1,400.000,-1,400.000,-1,325.000,325.000,275.000,275.000,-1,675.000,700.000,-1,800.000,875.000,-1,-1,2,0,2,0,2,0,0,0,0,2,0,0,2,0,0,2,2
46,6797.185,5465.001,-229.233,-47.804,0.674216,0.738524,-0.003881,-0.732725,0.669561,0.121664,0.092451,-0.079184,0.992564,0,0.73693,-0.31187,44.216,-0.624,-1,400.000,-1,400.000,-1,325.000,325.000,275.000,275.000,-1,725.000,750.000,-1,800.000,875.000,-1,-1,2,0,2,0,2,0,0,0,0,2,0,0,2,0,0,2,2
47,6826.525,5431.921,-225.213,-48.428,0.666177,0.745786,-0.003293,-0.739944,0.661497,0.122084,0.093227,-0.078893,0.992514,0,0.73693,-0.31187,44.216,-0.624,-1,400.000,-1,400.000,-1,325.000,325.000,275.000,275.000,-1,775.000,800.000,-1,800.000,900.000,-1,-1,2,0,2,0,2,0,0,0,0,2,0,0,2,0,0,2,2
48,6855.503,5398.525,-221.211,-49.051,0.658068,0.752954,-0.002571,-0.747076,0.653349,0.122525,0.093935,-0.078709,0.992462,0,0.73693,-0.31187,44.216,-0.624,-1,400.000,-1,425.000,-1,325.000,325.000,275.000,275.000,-1,800.000,850.000,-1,800.000,900.000,-1,-1,2,0,2,0,2,0,0,0,0,2,0,0,2,0,0,2,2
49,6884.117,5364.815,-217.198,-49.675,0.649898,0.760020,-0.001687,-0.754103,0.645111,0.123126,0.094666,-0.078748,0.992390,0,0.73693,-0.31187,44.216,-0.624,-1,425.000,-1,425.000,-1,325.000,325.000,275.000,275.000,-1,850.000,900.000,-1,825.000,925.000,-1,-1,2,0,2,0,2,0,0,0,0,2,0,0,2,0,0,2,2
50,6912.360,5330.795,-212.996,-50.299,0.641595,0.767043,-0.000899,-0.761183,0.636837,0.122637,0.094641,-0.077999,0.992451,0,0.73693,-0.31187,44.216,-0.624,-1,425.000,-1,425.000,-1,325.000,350.000,275.000,275.000,-1,900.000,950.000,-1,825.000,925.000,-1,-1,2,0,2,0,2,0,0,0,0,2,0,0,2,0,0,2,2
51,6940.232,5296.470,-208.993,-50.923,0.633165,0.774017,-0.000218,-0.768296,0.628519,0.121182,0.093934,-0.076561,0.992630,0,0.73693,-0.31187,44.216,-0.624,-1,425.000,-1,425.000,-1,325.000,350.000,275.000,275.000,-1,950.000,1000.000,-1,825.000,925.000,-1,-1,2,0,2,0,2,0,0,0,0,2,0,0,2,0,0,2,2
52,6967.728,5261.843,-205.060,-51.546,0.624661,0.780896,0.000537,-0.775323,0.620121,0.119681,0.093125,-0.075176,0.992812,0,0.73693,-0.31187,44.216,-0.624,-1,425.000,-1,425.000,-1,325.000,350.000,275.000,275.000,-1,1000.000,-1,-1,825.000,925.000,-1,-1,2,0,2,0,2,0,0,0,0,2,0,2,2,0,0,2,2
53,6994.846,5226.920,-201.167,-52.170,0.616093,0.787672,0.001397,-0.782247,0.611639,0.118269,0.092302,-0.073957,0.992981,0,0.73693,-0.31187,44.216,-0.624,-1,425.000,-1,425.000,-1,325.000,350.000,275.000,275.000,-1,-1,-1,-1,825.000,925.000,-1,-1,2,0,2,0,2,0,0,0,0,2,2,2,2,0,0,2,2
54,7021.582,5191.703,-197.313,-52.794,0.607461,0.794346,0.002362,-0.789066,0.603075,0.116942,0.091468,-0.072902,0.993136,0,0.73693,-0.31187,44.216,-0.624,-1,400.000,-1,425.000,-1,350.000,350.000,275.000,275.000,-1,-1,-1,-1,825.000,925.000,-1,-1,2,0,2,0,2,0,0,0,0,2,2,2,2,0,0,2,2
55,7050.959,5152.466,-193.077,-53.178,0.602115,0.798401,0.003529,-0.793312,0.597767,0.115457,0.090072,-0.072317,0.993306,0,0.81693,-0.19187,49.016,-0.384,-1,400.000,-1,425.000,-1,350.000,350.000,275.000,300.000,-1,-1,-1,-1,825.000,925.000,-1,-1,2,0,2,0,2,0,0,0,0,2,2,2,2,0,0,2,2
56,7083.104,5109.306,-188.315,-53.321,0.600055,0.799945,0.004696,-0.795153,0.595797,0.112955,0.087560,-0.071513,0.993589,0,0.89693,-0.07187,53.816,-0.144,-1,400.000,-1,425.000,-1,325.000,350.000,275.000,300.000,-1,-1,-1,-1,800.000,925.000,-1,-1,2,0,2,0,2,0,0,0,0,2,2,2,2,0,0,2,2
57,7116.058,5065.215,-183.561,-53.225,0.601358,0.798957,0.006052,-0.794479,0.597150,0.110523,0.084689,-0.071272,0.993855,0,0.91744,0.04813,55.046,0.096,-1,400.000,-1,425.000,-1,325.000,325.000,275.000,300.000,-1,-1,-1,-1,800.000,925.000,-1,-1,2,0,2,0,2,0,0,0,0,2,2,2,2,0,0,2,2
58,7149.257,5021.308,-178.776,-52.907,0.605719,0.795650,0.006730,-0.791435,0.601595,0.108230,0.082065,-0.070884,0.994103,0,0.91744,0.15911,55.046,0.318,-1,400.000,-1,425.000,-1,325.000,325.000,275.000,300.000,-1,-1,-1,-1,800.000,925.000,-1,-1,2,0,2,0,2,0,0,0,0,2,2,2,2,0,0,2,2
59,7182.699,4977.586,-174.002,-52.589,0.610044,0.792337,0.006941,-0.788338,0.606036,0.106041,0.079814,-0.070161,0.994338,0,0.91744,0.15911,55.046,0.318,-1,400.000,-1,425.000,-1,325.000,350.000,275.000,300.000,-1,-1,-1,-1,800.000,925.000,-1,-1,2,0,2,0,2,0,0,0,0,2,2,2,2,0,0,2,2
60,7216.383,4934.050,-169.359,-52.270,0.614361,0.788991,0.007294,-0.785204,0.610452,0.103938,0.077553,-0.069582,0.994557,0,0.91744,0.15911,55.046,0.318,-1,400.000,-1,425.000,-1,325.000,350.000,275.000,300.000,-1,-1,-1,-1,800.000,925.000,-1,-1,2,0,2,0,2,0,0,0,0,2,2,2,2,0,0,2,2
61,7250.309,4890.701,-164.840,-51.952,0.618669,0.785613,0.007758,-0.782035,0.614844,0.101924,0.075302,-0.069124,0.994762,0,0.91744,0.15911,55.046,0.318,-1,400.000,-1,425.000,-1,325.000,325.000,275.000,300.000,-1,-1,-1,-1,800.000,925.000,-1,-1,2,0,2,0,2,0,0,0,0,2,2,2,2,0,0,2,2
62,7284.475,4847.542,-160.438,-51.634,0.622968,0.782203,0.008377,-0.778831,0.619211,0.100002,0.073034,-0.068822,0.994952,0,0.91744,0.15911,55.046,0.318,-1,400.000,-1,425.000,-1,325.000,325.000,275.000,300.000,-1,-1,-1,-1,800.000,925.000,-1,-1,2,0,2,0,2,0,0,0,0,2,2,2,2,0,0,2,2
63,7318.880,4804.573,-156.256,-51.316,0.627238,0.778780,0.008664,-0.775580,0.623568,0.098174,0.071053,-0.068298,0.995132,0,0.91744,0.15911,55.046,0.318,-1,400.000,-1,425.000,-1,325.000,325.000,275.000,300.000,-1,-1,-1,-1,800.000,925.000,-1,-1,2,0,2,0,2,0,0,0,0,2,2,2,2,0,0,2,2
64,7353.523,4761.796,-152.381,-50.998,0.631466,0.775360,0.008212,-0.772273,0.627930,0.096434,0.069614,-0.067237,0.995306,0,0.91744,0.15911,55.046,0.318,-1,400.000,-1,425.000,-1,325.000,325.000,275.000,300.000,-1,-1,-1,-1,800.000,925.000,-1,-1,2,0,2,0,2,0,0,0,0,2,2,2,2,0,0,2,2
65,7388.403,4719.212,-148.633,-50.679,0.635684,0.771909,0.007869,-0.768932,0.632266,0.094779,0.068186,-0.066300,0.995467,0,0.91744,0.15911,55.046,0.318,-1,400.000,-1,425.000,-1,325.000,325.000,275.000,300.000,-1,-1,-1,-1,800.000,925.000,-1,-1,2,0,2,0,2,0,0,0,0,2,2,2,2,0,0,2,2
66,7423.520,4676.822,-145.011,-50.361,0.639892,0.768427,0.007632,-0.765559,0.636578,0.093212,0.066769,-0.065488,0.995617,0,0.91744,0.15911,55.046,0.318,-1,400.000,-1,425.000,-1,325.000,325.000,275.000,300.000,-1,-1,-1,-1,800.000,950.000,-1,-1,2,0,2,0,2,0,0,0,0,2,2,2,2,0,0,2,2
67,7458.870,4634.628,-141.691,-50.043,0.644053,0.764946,0.007337,-0.762227,0.640891,0.090934,0.064857,-0.064159,0.995830,0,0.91744,0.15911,55.046,0.318,-1,400.000,-1,425.000,-1,325.000,325.000,275.000,300.000,-1,-1,-1,-1,800.000,975.000,-1,-1,2,0,2,0,2,0,0,0,0,2,2,2,2,0,0,2,2
68,7494.455,4592.630,-138.519,-49.725,0.648200,0.761436,0.007138,-0.758868,0.645182,0.088655,0.062900,-0.062883,0.996037,0,0.91744,0.15911,55.046,0.318,-1,400.000,-1,425.000,-1,325.000,325.000,275.000,275.000,-1,-1,-1,-1,800.000,975.000,-1,-1,2,0,2,0,2,0,0,0,0,2,2,2,2,0,0,2,2
69,7530.272,4550.831,-135.399,-49.406,0.652352,0.757882,0.007119,-0.755443,0.649437,0.086823,0.061178,-0.062017,0.996198,0,0.91744,0.15911,55.046,0.318,-1,400.000,-1,425.000,-1,325.000,325.000,275.000,300.000,-1,-1,-1,-1,800.000,1000.000,-1,-1,2,0,2,0,2,0,0,0,0,2,2,2,2,0,0,2,2
70,7568.819,4505.971,-131.848,-49.328,0.653308,0.757058,0.007164,-0.754761,0.650525,0.084569,0.059364,-0.060657,0.996392,0,0.98578,0.03911,59.147,0.078,-1,400.000,-1,425.000,-1,325.000,325.000,275.000,300.000,-1,-1,-1,-1,800.000,1000.000,-1,-1,2,0,2,0,2,0,0,0,0,2,2,2,2,0,0,2,2
71,7607.239,4461.002,-128.313,-49.490,0.651073,0.758981,0.007226,-0.756843,0.648461,0.081772,0.057377,-0.058708,0.996625,0,0.98578,-0.08089,59.147,-0.162,-1,400.000,-1,425.000,-1,325.000,350.000,275.000,300.000,-1,-1,-1,-1,800.000,-1,-1,-1,2,0,2,0,2,0,0,0,0,2,2,2,2,0,2,2,2
72,7645.343,4415.764,-124.895,-49.892,0.645648,0.763600,0.007408,-0.761610,0.643199,0.079023,0.055577,-0.056663,0.996845,0,0.98578,-0.20089,59.147,-0.402,-1,400.000,-1,425.000,-1,325.000,350.000,275.000,300.000,-1,-1,-1,-1,800.000,-1,-1,-1,2,0,2,0,2,0,0,0,0,2,2,2,2,0,2,2,2
73,7682.940,4370.100,-121.576,-50.534,0.636973,0.770847,0.007700,-0.768996,0.634681,0.076323,0.053947,-0.054537,0.997053,0,0.98584,-0.32089,59.150,-0.642,-1,400.000,-1,425.000,-1,325.000,350.000,275.000,300.000,-1,-1,-1,-1,825.000,-1,-1,-1,2,0,2,0,2,0,0,0,0,2,2,2,2,0,2,2,2
74,7719.832,4323.858,-118.407,-51.415,0.624970,0.780604,0.008434,-0.778897,0.622807,0.073695,0.052273,-0.052626,0.997245,0,0.98592,-0.44089,59.155,-0.882,-1,400.000,-1,425.000,-1,325.000,350.000,275.000,300.000,-1,-1,-1,-1,825.000,-1,-1,-1,2,0,2,0,2,0,0,0,0,2,2,2,2,0,2,2,2
75,7755.812,4276.904,-115.379,-52.537,0.609517,0.792715,0.009621,-0.791160,0.607458,0.071139,0.050549,-0.050972,0.997420,0,0.98590,-0.56089,59.154,-1.122,-1,400.000,-1,425.000,-1,325.000,325.000,275.000,300.000,-1,-1,-1,-1,850.000,-1,-1,-1,2,0,2,0,2,0,0,0,0,2,2,2,2,0,2,2,2
76,7790.785,4229.202,-112.399,-53.752,0.592520,0.805483,0.010816,-0.804068,0.590557,0.068682,0.048935,-0.049392,0.997580,0,0.98582,-0.60757,59.149,-1.215,-1,400.000,-1,425.000,-1,325.000,325.000,275.000,300.000,-1,-1,-1,-1,850.000,-1,-1,-1,2,0,2,0,2,0,0,0,0,2,2,2,2,0,2,2,2
77,7824.735,4180.774,-109.238,-54.968,0.575228,0.817921,0.010842,-0.816577,0.573403,0.066412,0.048103,-0.047056,0.997733,0,0.98572,-0.60774,59.143,-1.215,-1,400.000,-1,425.000,-1,325.000,325.000,275.000,300.000,-1,-1,-1,-1,900.000,-1,-1,-1,2,0,2,0,2,0,0,0,0,2,2,2,2,0,2,2,2
78,7857.646,4131.638,-106.192,-56.184,0.557669,0.829988,0.011144,-0.828722,0.555956,0.064283,0.047159,-0.045084,0.997869,0,0.98566,-0.60837,59.139,-1.217,-1,400.000,-1,425.000,-1,325.000,350.000,275.000,300.000,-1,-1,-1,-1,925.000,-1,-1,-1,2,0,2,0,2,0,0,0,0,2,2,2,2,0,2,2,2
79,7889.507,4081.811,-103.435,-57.403,0.539818,0.841711,0.010884,-0.840489,0.538228,0.062365,0.046636,-0.042814,0.997994,0,0.98570,-0.60946,59.142,-1.219,-1,425.000,-1,450.000,-1,350.000,350.000,275.000,300.000,-1,-1,-1,-1,975.000,-1,-1,-1,2,0,2,0,2,0,0,0,0,2,2,2,2,0,2,2,2
80,7920.301,4031.313,-100.757,-58.624,0.521713,0.853050,0.011020,-0.851883,0.520216,0.060577,0.045942,-0.040992,0.998103,0,0.98578,-0.61026,59.147,-1.221,-1,425.000,-1,450.000,-1,350.000,350.000,275.000,300.000,-1,-1,-1,-1,1000.000,-1,-1,-1,2,0,2,0,2,0,0,0,0,2,2,2,2,0,2,2,2
81,7950.013,3980.171,-98.347,-59.844,0.503339,0.864010,0.011653,-0.862986,0.501970,0.057280,0.043641,-0.038888,0.998290,0,0.98578,-0.61026,59.147,-1.221,-1,425.000,-1,450.000,-1,350.000,350.000,275.000,275.000,-1,-1,-1,-1,1000.000,-1,-1,-1,2,0,2,0,2,0,0,0,0,2,2,2,2,0,2,2,2
82,7978.628,3928.407,-96.241,-61.065,0.484712,0.874590,0.012076,-0.873726,0.483499,0.053212,0.040700,-0.036343,0.998510,0,0.98578,-0.61026,59.147,-1.221,-1,425.000,-1,450.000,-1,350.000,350.000,275.000,275.000,-1,-1,-1,-1,-1,-1,-1,-1,2,0,2,0,2,0,0,0,0,2,2,2,2,2,2,2,2
83,8006.135,3876.046,-94.231,-62.285,0.465875,0.884761,0.012612,-0.884046,0.464796,0.049268,0.037728,-0.034102,0.998706,0,0.98578,-0.61026,59.147,-1.221,-1,425.000,-1,450.000,-1,350.000,350.000,275.000,275.000,-1,-1,-1,-1,-1,-1,-1,-1,2,0,2,0,2,0,0,0,0,2,2,2,2,2,2,2,2
84,8032.520,3823.111,-92.398,-63.506,0.446850,0.894508,0.013441,-0.893924,0.445869,0.045845,0.035016,-0.032501,0.998858,0,0.98578,-0.61026,59.147,-1.221,-1,425.000,-1,450.000,-1,350.000,350.000,275.000,275.000,-1,-1,-1,-1,-1,-1,-1,-1,2,0,2,0,2,0,0,0,0,2,2,2,2,2,2,2,2
85,8057.772,3769.626,-90.803,-64.727,0.427643,0.903823,0.015030,-0.903378,0.426723,0.042615,0.032103,-0.031802,0.998979,0,0.98578,-0.61026,59.147,-1.221,-1,450.000,-1,425.000,-1,350.000,350.000,275.000,275.000,-1,-1,-1,-1,-1,-1,-1,-1,2,0,2,0,2,0,0,0,0,2,2,2,2,2,2,2,2
86,8081.880,3715.615,-89.551,-65.947,0.408256,0.912688,0.018091,-0.912430,0.407366,0.039045,0.028266,-0.032448,0.999074,0,0.98578,-0.61026,59.147,-1.221,-1,425.000,-1,425.000,-1,350.000,350.000,275.000,275.000,-1,-1,-1,-1,1000.000,-1,-1,-1,2,0,2,0,2,0,0,0,0,2,2,2,2,0,2,2,2
87,8104.831,3661.103,-88.100,-67.168,0.388633,0.921165,0.020502,-0.921088,0.387836,0.034357,0.023697,-0.032236,0.999199,0,0.98578,-0.61026,59.147,-1.221,-1,425.000,-1,425.000,-1,350.000,350.000,275.000,275.000,-1,-1,-1,-1,1000.000,-1,-1,-1,2,0,2,0,2,0,0,0,0,2,2,2,2,0,2,2,2
88,8126.616,3606.115,-86.724,-68.388,0.368829,0.929215,0.022905,-0.929297,0.368126,0.029846,0.019302,-0.032294,0.999292,0,0.98578,-0.61026,59.147,-1.221,-1,425.000,-1,425.000,-1,350.000,350.000,275.000,275.000,-1,-1,-1,-1,975.000,-1,-1,-1,2,0,2,0,2,0,0,0,0,2,2,2,2,0,2,2,2
89,8147.225,3550.674,-85.428,-69.609,0.348854,0.936835,0.025328,-0.937055,0.348245,0.025546,0.015112,-0.032646,0.999353,0,0.98578,-0.61026,59.147,-1.221,-1,425.000,-1,425.000,-1,350.000,325.000,275.000,300.000,-1,-1,-1,-1,950.000,-1,-1,-1,2,0,2,0,2,0,0,0,0,2,2,2,2,0,2,2,2
90,8166.649,3494.808,-84.205,-70.829,0.328716,0.944020,0.027775,-0.944363,0.328204,0.021442,0.011126,-0.033278,0.999384,0,0.98578,-0.61026,59.147,-1.221,-1,425.000,-1,425.000,-1,350.000,350.000,275.000,300.000,-1,-1,-1,-1,950.000,1000.000,-1,-1,2,0,2,0,2,0,0,0,0,2,2,2,2,0,0,2,2
91,8184.878,3438.540,-83.047,-72.050,0.308423,0.950768,0.030246,-0.951221,0.308012,0.017522,0.007343,-0.034175,0.999389,0,0.98578,-0.61026,59.147,-1.221,-1,425.000,-1,425.000,-1,350.000,350.000,275.000,300.000,-1,-1,-1,-1,925.000,1000.000,-1,-1,2,0,2,0,2,0,0,0,0,2,2,2,2,0,0,2,2
92,8201.905,3381.897,-81.949,-73.270,0.287984,0.957075,0.032741,-0.957628,0.287679,0.013771,0.003761,-0.035320,0.999369,0,0.98578,-0.61026,59.147,-1.221,-1,425.000,-1,425.000,-1,350.000,350.000,275.000,300.000,-1,-1,-1,-1,900.000,975.000,-1,-1,2,0,2,0,2,0,0,0,0,2,2,2,2,0,0,2,2
93,8217.720,3324.904,-81.401,-74.491,0.267443,0.963002,0.033192,-0.963572,0.267232,0.010746,0.001479,-0.034857,0.999391,0,0.98578,-0.61026,59.147,-1.221,-1,425.000,-1,425.000,-1,350.000,350.000,300.000,300.000,-1,-1,-1,-1,900.000,975.000,-1,-1,2,0,2,0,2,0,0,0,0,2,2,2,2,0,0,2,2
94,8232.317,3267.587,-81.554,-75.711,0.246748,0.968563,0.031647,-0.969078,0.246681,0.006078,-0.001920,-0.032168,0.999481,0,0.98578,-0.61026,59.147,-1.221,-1,425.000,-1,425.000,-1,350.000,350.000,300.000,300.000,-1,-1,-1,-1,900.000,950.000,-1,-1,2,0,2,0,2,0,0,0,0,2,2,2,2,0,0,2,2
95,8245.691,3209.971,-81.897,-76.932,0.225972,0.973653,0.030602,-0.974123,0.226007,0.002364,-0.004615,-0.030345,0.999529,0,0.98578,-0.61026,59.147,-1.221,-1,425.000,-1,425.000,-1,350.000,350.000,300.000,275.000,-1,-1,-1,-1,875.000,925.000,-1,-1,2,0,2,0,2,0,0,0,0,2,2,2,2,0,0,2,2
96,8257.835,3152.084,-82.799,-78.152,0.205080,0.978230,0.031766,-0.978717,0.205212,-0.000934,-0.007432,-0.030898,0.999495,0,0.98578,-0.61026,59.147,-1.221,-1,425.000,-1,425.000,-1,350.000,350.000,300.000,275.000,-1,-1,-1,-1,850.000,900.000,-1,-1,2,0,2,0,2,0,0,0,0,2,2,2,2,0,0,2,2
97,8268.743,3093.952,-83.703,-79.373,0.184092,0.982358,0.032898,-0.982856,0.184325,-0.004174,-0.010164,-0.031566,0.999450,0,0.98578,-0.61026,59.147,-1.221,-1,425.000,-1,425.000,-1,325.000,350.000,300.000,275.000,-1,-1,-1,-1,825.000,900.000,-1,-1,2,0,2,0,2,0,0,0,0,2,2,2,2,0,0,2,2
98,8278.410,3035.600,-84.591,-80.593,0.163019,0.986039,0.033940,-0.986540,0.163355,-0.007332,-0.012774,-0.032288,0.999397,0,0.98578,-0.61026,59.147,-1.221,-1,425.000,-1,425.000,-1,325.000,325.000,300.000,275.000,-1,-1,-1,-1,825.000,875.000,-1,-1,2,0,2,0,2,0,0,0,0,2,2,2,2,0,0,2,2
99,8286.850,2976.916,-85.464,-81.817,0.141824,0.989277,0.034900,-0.989774,0.142263,-0.010426,-0.015279,-0.033065,0.999336,0,0.98814,-0.61165,59.288,-1.223,-1,400.000,-1,425.000,-1,325.000,325.000,300.000,275.000,-1,-1,-1,-1,800.000,850.000,-1,-1,2,0,2,0,2,0,0,0,0,2,2,2,2,0,0,2,2
100,8293.680,2922.857,-86.253,-82.800,0.124724,0.991548,0.035721,-0.992036,0.125262,-0.013225,-0.017587,-0.033787,0.999274,0,0.90814,-0.49165,54.488,-0.983,-1,400.000,-1,400.000,-1,325.000,325.000,300.000,275.000,-1,-1,-1,-1,775.000,850.000,-1,-1,2,0,2,0,2,0,0,0,0,2,2,2,2,0,0,2,2
101,8299.268,2873.484,-86.965,-83.543,0.111755,0.993068,0.036434,-0.993540,0.112386,-0.015750,-0.019736,-0.034438,0.999212,0,0.82814,-0.37165,49.688,-0.743,-1,400.000,-1,400.000,-1,325.000,325.000,300.000,300.000,-1,-1,-1,-1,775.000,850.000,-1,-1,2,0,2,0,2,0,0,0,0,2,2,2,2,0,0,2,2
102,8303.924,2828.837,-87.603,-84.047,0.102938,0.993997,0.037064,-0.994450,0.103657,-0.018018,-0.021752,-0.035004,0.999150,0,0.74814,-0.25165,44.888,-0.503,-1,400.000,-1,400.000,-1,325.000,325.000,300.000,300.000,-1,-1,-1,-1,750.000,825.000,-1,-1,2,0,2,0,2,0,0,0,0,2,2,2,2,0,0,2,2
103,8308.291,2785.014,-88.226,-84.310,0.098277,0.994445,0.037696,-0.994873,0.099086,-0.020238,-0.023861,-0.035514,0.999084,0,0.73401,-0.13165,44.041,-0.263,-1,400.000,-1,400.000,-1,325.000,325.000,300.000,300.000,-1,-1,-1,-1,750.000,825.000,-1,-1,2,0,2,0,2,0,0,0,0,2,2,2,2,0,0,2,2
104,8312.666,2740.926,-88.856,-84.333,0.097774,0.994469,0.038363,-0.994866,0.098680,-0.022469,-0.026130,-0.035969,0.999011,0,0.73839,-0.01165,44.304,-0.023,-1,400.000,-1,400.000,-1,325.000,325.000,300.000,300.000,-1,-1,-1,-1,725.000,825.000,-1,-1,2,0,2,0,2,0,0,0,0,2,2,2,2,0,1,2,2
105,8317.234,2696.601,-89.494,-84.116,0.101431,0.994074,0.039085,-0.994432,0.102439,-0.024708,-0.028566,-0.036361,0.998930,0,0.74267,0.10835,44.560,0.217,-1,375.000,-1,400.000,-1,325.000,325.000,300.000,300.000,-1,-1,-1,-1,725.000,825.000,-1,-1,2,0,2,0,2,0,0,0,0,2,2,2,2,0,1,2,2
106,8322.094,2652.059,-90.241,-83.773,0.107294,0.993443,0.039480,-0.993750,0.108389,-0.026709,-0.030813,-0.036368,0.998863,0,0.74677,0.17152,44.806,0.343,-1,375.000,-1,400.000,-1,325.000,325.000,300.000,300.000,-1,-1,-1,-1,700.000,850.000,-1,-1,2,0,2,0,2,0,0,0,0,2,2,2,2,0,1,2,2
107,8327.241,2607.313,-91.492,-83.437,0.113133,0.992854,0.037975,-0.993068,0.114219,-0.027750,-0.031889,-0.034573,0.998893,0,0.75069,0.16797,45.041,0.336,-1,375.000,-1,400.000,-1,325.000,325.000,300.000,300.000,-1,-1,-1,-1,700.000,850.000,-1,-1,2,0,2,0,2,0,0,0,0,2,2,2,2,0,1,2,2
108,8332.672,2562.372,-92.927,-83.109,0.118853,0.992222,0.037002,-0.992393,0.119913,-0.027889,-0.032109,-0.033406,0.998926,0,0.75446,0.16421,45.267,0.328,-1,375.000,-1,400.000,-1,325.000,325.000,300.000,300.000,-1,-1,-1,-1,700.000,875.000,-1,-1,2,0,2,0,2,0,0,0,0,2,2,2,2,0,1,2,2
109,8338.381,2517.249,-94.349,-82.789,0.124443,0.991577,0.035907,-0.991708,0.125467,-0.027810,-0.032081,-0.032149,0.998968,0,0.75806,0.16025,45.483,0.321,-1,375.000,-1,400.000,-1,325.000,325.000,300.000,300.000,-1,-1,-1,-1,675.000,850.000,-1,-1,2,0,2,0,2,0,0,0,0,2,2,2,2,0,1,2,2
110,8344.362,2471.953,-95.777,-82.476,0.129887,0.990918,0.034785,-0.991012,0.130872,-0.027714,-0.032015,-0.030872,0.999010,0,0.76148,0.15608,45.689,0.312,-1,375.000,-1,400.000,-1,325.000,325.000,300.000,300.000,-1,-1,-1,-1,675.000,850.000,-1,-1,2,0,2,0,2,0,0,0,0,2,2,2,2,0,1,2,2
111,8350.610,2426.499,-97.207,-82.173,0.135178,0.990250,0.033634,-0.990307,0.136123,-0.027601,-0.031910,-0.029577,0.999053,0,0.76469,0.15169,45.882,0.303,-1,375.000,-1,400.000,-1,325.000,325.000,300.000,300.000,-1,-1,-1,-1,675.000,825.000,-1,-1,2,0,2,0,2,0,0,0,0,2,2,2,2,0,1,2,2
112,8357.116,2380.900,-98.640,-81.879,0.140306,0.989576,0.032453,-0.989598,0.141210,-0.027468,-0.031764,-0.028261,0.999096,0,0.76769,0.14708,46.062,0.294,1000.000,375.000,-1,400.000,-1,325.000,325.000,300.000,300.000,-1,-1,-1,-1,650.000,800.000,-1,-1,0,0,2,0,2,0,0,0,0,2,2,2,2,0,1,2,2
113,8363.873,2335.169,-100.074,-81.594,0.145266,0.988899,0.031240,-0.988889,0.146127,-0.027315,-0.031577,-0.026925,0.999139,0,0.77045,0.14224,46.227,0.284,975.000,375.000,-1,400.000,-1,325.000,325.000,300.000,300.000,-1,-1,-1,-1,650.000,750.000,1000.000,-1,0,0,2,0,2,0,0,0,0,2,2,2,2,0,1,0,2
114,8370.872,2289.323,-101.507,-81.320,0.150048,0.988224,0.029996,-0.988182,0.150866,-0.027141,-0.031347,-0.025569,0.999181,0,0.77296,0.13716,46.377,0.274,925.000,375.000,-1,400.000,-1,325.000,325.000,300.000,300.000,-1,-1,-1,-1,650.000,725.000,950.000,-1,0,0,2,0,2,0,0,0,0,2,2,2,2,0,0,0,2
115,8378.102,2243.377,-102.938,-81.056,0.154645,0.987553,0.028718,-0.987481,0.155417,-0.026946,-0.031074,-0.024191,0.999224,0,0.77518,0.13185,46.511,0.264,900.000,375.000,-1,400.000,-1,300.000,325.000,300.000,300.000,-1,-1,-1,-1,625.000,725.000,925.000,-1,0,0,2,0,2,0,0,0,0,2,2,2,2,0,0,0,2
116,8384.603,2202.176,-104.212,-81.033,0.155099,0.987515,0.027548,-0.987422,0.155830,-0.026721,-0.030680,-0.023057,0.999263,0,0.69518,0.01185,41.711,0.024,875.000,375.000,-1,400.000,-1,300.000,325.000,300.000,300.000,-1,-1,-1,-1,625.000,725.000,900.000,-1,0,0,2,0,2,0,0,0,0,2,2,2,2,0,0,0,2
117,8390.218,2165.695,-105.330,-81.249,0.151410,0.988116,0.026498,-0.988010,0.152104,-0.026470,-0.030186,-0.022173,0.999298,0,0.61518,-0.10815,36.911,-0.216,850.000,375.000,-1,375.000,-1,300.000,325.000,300.000,300.000,-1,-1,-1,-1,625.000,725.000,875.000,-1,0,0,2,0,2,0,0,0,0,2,2,2,2,0,0,0,2
118,8394.851,2133.920,-106.291,-81.705,0.143571,0.989309,0.025584,-0.989197,0.144232,-0.026193,-0.029603,-0.021547,0.999329,0,0.53518,-0.22815,32.111,-0.456,850.000,375.000,-1,375.000,-1,300.000,300.000,300.000,300.000,-1,-1,-1,-1,600.000,725.000,875.000,-1,0,0,2,0,2,0,0,0,0,2,2,2,2,0,0,0,2
119,8398.462,2106.848,-107.101,-82.402,0.131566,0.990997,0.024809,-0.990885,0.132200,-0.025900,-0.028947,-0.021175,0.999357,0,0.45518,-0.34815,27.311,-0.696,825.000,350.000,-1,375.000,-1,300.000,300.000,300.000,300.000,-1,-1,-1,-1,600.000,725.000,850.000,-1,0,0,2,0,2,0,0,0,0,2,2,2,2,0,0,0,2
120,8401.073,2084.489,-107.761,-83.338,0.115377,0.993027,0.024190,-0.992921,0.115988,-0.025589,-0.028216,-0.021067,0.999380,0,0.37518,-0.46815,22.511,-0.936,800.000,350.000,-1,375.000,-1,300.000,300.000,300.000,300.000,-1,-1,-1,-1,600.000,725.000,850.000,-1,0,0,2,0,2,0,0,0,0,2,2,2,2,0,1,0,2
121,8402.766,2066.860,-108.278,-84.514,0.094984,0.995196,0.023734,-0.995101,0.095578,-0.025264,-0.027411,-0.021218,0.999399,0,0.29518,-0.58815,17.711,-1.176,800.000,350.000,-1,375.000,-1,300.000,300.000,300.000,300.000,-1,-1,-1,-1,600.000,-1,850.000,-1,0,0,2,0,2,0,0,0,0,2,2,2,2,0,2,0,2
122,8403.683,2053.981,-108.655,-85.930,0.070369,0.997245,0.023446,-0.997168,0.070950,-0.024929,-0.026524,-0.021625,0.999414,0,0.21518,-0.70815,12.911,-1.416,800.000,350.000,-1,375.000,-1,300.000,300.000,300.000,300.000,-1,-1,-1,-1,600.000,-1,850.000,-1,0,0,2,0,2,0,0,0,0,2,2,2,2,0,2,0,2
123,8404.024,2045.877,-108.902,-87.587,0.041523,0.998865,0.023328,-0.998811,0.042096,-0.024589,-0.025544,-0.022279,0.999425,0,0.13518,-0.82815,8.111,-1.656,775.000,350.000,-1,375.000,-1,300.000,300.000,300.000,300.000,-1,-1,-1,-1,600.000,-1,850.000,-1,0,0,2,0,2,0,0,0,0,2,2,2,2,0,2,0,2
124,8404.056,2042.566,-109.023,-89.465,0.008768,0.999688,0.023379,-0.999662,0.009334,-0.024251,-0.024461,-0.023159,0.999432,0,0.05518,-0.93912,3.311,-1.878,775.000,350.000,-1,400.000,-1,300.000,300.000,300.000,300.000,-1,-1,-1,-1,600.000,-1,875.000,-1,0,0,2,0,2,0,0,0,0,2,2,2,2,0,2,0,2
125,8404.091,2044.055,-109.025,-91.337,-0.023888,0.999437,0.023575,-0.999441,-0.023323,-0.023952,-0.023389,-0.024134,0.999435,0,-0.02482,-0.93591,-1.489,-1.872,800.000,350.000,-1,400.000,-1,300.000,325.000,300.000,300.000,-1,-1,-1,-1,600.000,-1,875.000,-1,0,0,2,1,2,0,0,0,0,2,2,2,2,0,2,0,2
126,8404.442,2050.334,-108.914,-93.201,-0.056388,0.998123,0.023899,-0.998160,-0.055823,-0.023689,-0.022310,-0.025191,0.999434,0,-0.10482,-0.93212,-6.289,-1.864,800.000,350.000,-1,425.000,-1,300.000,325.000,300.000,300.000,-1,-1,-1,-1,625.000,-1,900.000,-1,0,0,2,1,2,0,0,0,0,2,2,2,2,0,2,1,2
127,8405.420,2061.380,-108.699,-95.057,-0.088678,0.995763,0.024339,-0.995834,-0.088111,-0.023456,-0.021213,-0.026318,0.999429,0,-0.18482,-0.92781,-11.089,-1.856,825.000,375.000,-1,425.000,-1,300.000,325.000,300.000,300.000,-1,-1,-1,-1,625.000,-1,950.000,-1,0,0,2,1,2,0,0,0,0,2,2,2,2,0,2,1,2
128,8407.241,2076.422,-108.396,-96.903,-0.120711,0.992376,0.024893,-0.992484,-0.120140,-0.023274,-0.020106,-0.027515,0.999419,0,-0.25254,-0.92305,-15.152,-1.846,850.000,375.000,-1,450.000,-1,300.000,325.000,300.000,300.000,-1,-1,-1,-1,625.000,-1,-1,-1,0,0,2,1,2,0,0,0,0,2,2,2,2,0,2,2,2
129,8409.537,2091.353,-108.087,-98.739,-0.152444,0.987983,0.025517,-0.988129,-0.151868,-0.023186,-0.019032,-0.028749,0.999405,0,-0.25179,-0.91800,-15.107,-1.836,850.000,375.000,-1,450.000,-1,300.000,325.000,300.000,300.000,-1,-1,-1,-1,650.000,-1,-1,-1,0,0,2,1,2,0,0,0,0,2,2,2,2,0,2,2,2
130,8412.302,2106.175,-107.795,-100.565,-0.183850,0.982607,0.026130,-0.982791,-0.183270,-0.023114,-0.017923,-0.029930,0.999391,0,-0.25129,-0.91312,-15.077,-1.826,875.000,375.000,-1,475.000,-1,325.000,325.000,300.000,300.000,-1,-1,-1,-1,650.000,-1,-1,-1,0,0,2,1,2,0,0,0,0,2,2,2,2,0,2,2,2
131,8415.532,2120.887,-107.520,-102.382,-0.214906,0.976269,0.026730,-0.976491,-0.214323,-0.023057,-0.016781,-0.031057,0.999377,0,-0.25104,-0.90842,-15.062,-1.817,900.000,375.000,-1,475.000,-1,325.000,325.000,300.000,300.000,-1,-1,-1,-1,650.000,-1,-1,-1,0,0,2,1,2,0,0,0,0,2,2,2,2,0,2,2,2
132,8419.224,2135.489,-107.263,-104.190,-0.245589,0.968989,0.027315,-0.969248,-0.245006,-0.023013,-0.015607,-0.032127,0.999362,0,-0.25103,-0.90389,-15.062,-1.808,925.000,375.000,-1,475.000,-1,325.000,325.000,300.000,300.000,-1,-1,-1,-1,675.000,-1,-1,-1,0,0,2,1,2,0,1,0,0,2,2,2,2,0,2,2,2
133,8423.377,2149.979,-107.024,-105.989,-0.275879,0.960788,0.027885,-0.961084,-0.275297,-0.022982,-0.014404,-0.033140,0.999347,0,-0.25123,-0.89953,-15.074,-1.799,950.000,375.000,-1,450.000,-1,325.000,325.000,300.000,300.000,-1,-1,-1,-1,675.000,-1,-1,-1,1,0,2,1,2,0,1,0,0,2,2,2,2,0,2,2,2
134,8427.987,2164.357,-106.803,-107.779,-0.305755,0.951685,0.028437,-0.952019,-0.305176,-0.022961,-0.013173,-0.034093,0.999332,0,-0.25165,-0.89535,-15.099,-1.791,1000.000,375.000,-1,450.000,-1,325.000,325.000,300.000,300.000,-1,-1,-1,-1,675.000,-1,-1,-1,1,0,2,1,2,0,1,0,0,2,2,2,2,0,2,2,2
135,8433.055,2178.619,-106.600,-109.562,-0.335198,0.941702,0.028972,-0.942072,-0.334624,-0.022951,-0.011918,-0.034986,0.999317,0,-0.25227,-0.89134,-15.136,-1.783,-1,375.000,-1,425.000,-1,325.000,325.000,300.000,300.000,-1,-1,-1,-1,700.000,-1,-1,-1,2,0,2,1,2,0,1,0,0,2,2,2,2,0,2,2,2
