timestep,x_cm,y_cm,z_cm,yaw_deg,basis_xx,basis_xy,basis_xz,basis_yx,basis_yy,basis_yz,basis_zx,basis_zy,basis_zz,teleport_flag,throttle_cmd,steering_cmd,cmd_move_cm,cmd_turn_deg,lidar_cm_0,lidar_cm_1,lidar_cm_2,lidar_cm_3,lidar_cm_4,lidar_cm_5,lidar_cm_6,lidar_cm_7,lidar_cm_8,lidar_cm_9,lidar_cm_10,lidar_cm_11,lidar_cm_12,lidar_cm_13,lidar_cm_14,lidar_cm_15,lidar_cm_16,lidar_class_0,lidar_class_1,lidar_class_2,lidar_class_3,lidar_class_4,lidar_class_5,lidar_class_6,lidar_class_7,lidar_class_8,lidar_class_9,lidar_class_10,lidar_class_11,lidar_class_12,lidar_class_13,lidar_class_14,lidar_class_15,lidar_class_16
0,982.509,-4258.947,220.781,106.545,-0.278855,-0.958003,0.066860,0.953191,-0.284585,-0.102167,0.116904,0.035241,0.992518,1,0.08000,-0.12000,4.800,-0.240,-1,400.000,-1,400.000,-1,325.000,325.000,300.000,300.000,-1,-1,-1,-1,975.000,950.000,-1,-1,2,0,2,0,2,0,0,0,0,2,2,2,2,0,0,2,2
1,979.852,-4249.722,221.923,106.065,-0.270787,-0.960326,0.066701,0.955547,-0.276541,-0.102250,0.116639,0.036048,0.992520,0,0.16000,-0.24000,9.600,-0.480,-1,400.000,-1,400.000,-1,325.000,325.000,300.000,300.000,-1,-1,-1,-1,1000.000,950.000,-1,-1,2,0,2,0,2,0,0,0,0,2,2,2,2,0,0,2,2
2,976.041,-4235.835,223.627,105.345,-0.258650,-0.963683,0.066453,0.958952,-0.264440,-0.102384,0.116239,0.037243,0.992523,0,0.24000,-0.36000,14.400,-0.720,-1,400.000,-1,400.000,-1,325.000,325.000,300.000,300.000,-1,-1,-1,-1,1000.000,950.000,-1,-1,2,0,2,0,2,0,0,0,0,2,2,2,2,0,0,2,2
3,971.211,-4217.252,225.880,104.569,-0.245539,-0.967130,0.066103,0.962442,-0.251360,-0.102584,0.115828,0.038432,0.992526,0,0.32000,-0.38780,19.200,-0.776,-1,400.000,-1,400.000,-1,325.000,325.000,300.000,300.000,-1,-1,-1,-1,-1,975.000,-1,-1,2,0,2,0,2,0,0,0,0,2,2,2,2,2,0,2,2
4,965.487,-4193.945,228.672,103.796,-0.232433,-0.970395,0.065641,0.965736,-0.238275,-0.102857,0.115453,0.039485,0.992528,0,0.40000,-0.38665,24.000,-0.773,-1,400.000,-1,400.000,-1,325.000,325.000,300.000,300.000,-1,-1,-1,-1,-1,-1,-1,-1,2,0,2,0,2,0,0,0,0,2,2,2,2,2,2,2,2
5,958.996,-4165.886,231.992,103.025,-0.219345,-0.973476,0.065060,0.968831,-0.225197,-0.103209,0.115123,0.040394,0.992530,0,0.48000,-0.38522,28.800,-0.770,-1,425.000,-1,400.000,-1,325.000,325.000,300.000,300.000,-1,-1,-1,-1,-1,-1,-1,-1,2,0,2,0,2,0,0,0,0,2,2,2,2,2,2,2,2
6,951.861,-4133.052,235.832,102.258,-0.206289,-0.976373,0.064349,0.971728,-0.212139,-0.103645,0.114847,0.041149,0.992531,0,0.56000,-0.38351,33.600,-0.767,-1,425.000,-1,425.000,-1,325.000,325.000,300.000,300.000,-1,-1,-1,-1,-1,-1,-1,-1,2,0,2,0,2,0,0,0,0,2,2,2,2,2,2,2,2
7,944.208,-4095.422,240.181,101.495,-0.193277,-0.979087,0.063502,0.974424,-0.199113,-0.104170,0.114636,0.041744,0.992530,0,0.64000,-0.38150,38.400,-0.763,-1,425.000,-1,425.000,-1,350.000,350.000,300.000,300.000,-1,-1,-1,-1,-1,-1,-1,-1,2,0,2,0,2,0,0,0,0,2,2,2,2,2,2,2,2
8,936.160,-4052.978,245.029,100.737,-0.180323,-0.981619,0.062508,0.976921,-0.186133,-0.104788,0.114497,0.042169,0.992528,0,0.72000,-0.37920,43.200,-0.758,-1,450.000,-1,425.000,-1,350.000,350.000,300.000,300.000,-1,-1,-1,-1,-1,-1,-1,-1,2,0,2,0,2,0,0,0,0,2,2,2,2,2,2,2,2
9,928.537,-4009.673,249.919,99.984,-0.167432,-0.983966,0.061455,0.979224,-0.173210,-0.105442,0.114396,0.042524,0.992525,0,0.73284,-0.37660,43.970,-0.753,-1,450.000,-1,450.000,-1,350.000,350.000,300.000,300.000,-1,-1,-1,-1,-1,-1,-1,-1,2,0,2,0,2,0,0,0,0,2,2,2,2,2,2,2,2
10,921.468,-3966.196,254.814,99.236,-0.154638,-0.986137,0.060180,0.981366,-0.160351,-0.105873,0.114055,0.042686,0.992557,0,0.73413,-0.37393,44.048,-0.748,-1,475.000,-1,450.000,-1,375.000,350.000,300.000,300.000,-1,-1,-1,-1,-1,-1,-1,-1,2,0,2,0,2,0,0,0,0,2,2,2,2,2,2,2,2
11,914.949,-3922.552,259.024,98.493,-0.141781,-0.988021,0.060933,0.983603,-0.147543,-0.103710,0.111458,0.045230,0.992739,0,0.73547,-0.37124,44.128,-0.742,-1,475.000,-1,450.000,-1,375.000,375.000,300.000,300.000,-1,850.000,-1,-1,-1,-1,-1,-1,2,0,2,0,2,0,0,0,0,2,1,2,2,2,2,2,2
12,908.146,-3874.100,263.495,97.991,-0.133206,-0.989203,0.061108,0.985228,-0.138862,-0.100219,0.107623,0.046855,0.993087,0,0.81547,-0.25124,48.928,-0.502,-1,475.000,-1,450.000,-1,375.000,375.000,300.000,300.000,-1,925.000,-1,-1,-1,-1,-1,-1,2,0,2,0,2,0,0,0,0,2,1,2,2,2,2,2,2
13,900.922,-3820.861,267.915,97.728,-0.129101,-0.989855,0.059324,0.986387,-0.134332,-0.094843,0.101850,0.046272,0.993723,0,0.89547,-0.13124,53.728,-0.262,-1,450.000,-1,450.000,-1,350.000,350.000,300.000,275.000,-1,-1,-1,-1,-1,-1,-1,-1,2,0,2,0,2,0,0,0,0,2,2,2,2,2,2,2,2
14,893.217,-3763.901,272.630,97.706,-0.129164,-0.989954,0.057506,0.986975,-0.133950,-0.089090,0.095898,0.045250,0.994362,0,0.95802,-0.01124,57.481,-0.022,-1,450.000,-1,450.000,-1,350.000,350.000,300.000,275.000,-1,-1,-1,-1,-1,-1,-1,-1,2,0,2,0,2,0,0,0,0,2,2,2,2,2,2,2,2
15,885.280,-3706.865,277.351,97.923,-0.133368,-0.989500,0.055700,0.986960,-0.137716,-0.083335,0.090131,0.043859,0.994964,0,0.95977,0.10876,57.586,0.218,-1,450.000,-1,425.000,-1,350.000,350.000,300.000,275.000,-1,-1,-1,-1,-1,-1,-1,-1,2,0,2,0,2,0,0,0,0,2,2,2,2,2,2,2,2
16,876.873,-3649.785,282.090,98.381,-0.141706,-0.988444,0.053837,0.986293,-0.145624,-0.077590,0.084533,0.042104,0.995531,0,0.96163,0.22876,57.698,0.458,-1,450.000,-1,425.000,-1,350.000,350.000,275.000,275.000,-1,-1,-1,-1,-1,-1,-1,-1,2,0,2,0,2,0,0,0,0,2,2,2,2,2,2,2,2
17,867.752,-3592.692,286.861,99.078,-0.154166,-0.986684,0.051848,0.984875,-0.157660,-0.071869,0.079086,0.039984,0.996066,0,0.96363,0.34876,57.818,0.698,-1,425.000,-1,450.000,-1,350.000,350.000,275.000,275.000,-1,-1,-1,-1,-1,-1,-1,-1,2,0,2,0,2,0,0,0,0,2,2,2,2,2,2,2,2
18,857.676,-3535.629,291.673,100.016,-0.170722,-0.984067,0.049664,0.982554,-0.173800,-0.066192,0.073769,0.037498,0.996570,0,0.96578,0.46876,57.947,0.938,-1,450.000,-1,450.000,-1,350.000,350.000,275.000,300.000,-1,-1,-1,-1,-1,-1,-1,-1,2,0,2,0,2,0,0,0,0,2,2,2,2,2,2,2,2
19,846.402,-3478.647,296.537,101.193,-0.191334,-0.980389,0.047218,0.979128,-0.194006,-0.060586,0.068558,0.034641,0.997046,0,0.96813,0.58876,58.088,1.178,-1,450.000,-1,475.000,-1,350.000,350.000,275.000,300.000,-1,-1,-1,-1,-1,-1,-1,-1,2,0,2,0,2,0,0,0,0,2,2,2,2,2,2,2,2
20,833.689,-3421.812,301.462,102.611,-0.215945,-0.975393,0.044444,0.974343,-0.218223,-0.055086,0.063429,0.031409,0.997492,0,0.97069,0.70876,58.241,1.418,-1,450.000,-1,475.000,-1,350.000,375.000,275.000,300.000,-1,-1,-1,-1,-1,-1,-1,-1,2,0,2,0,2,0,0,0,0,2,2,2,2,2,2,2,2
21,819.295,-3365.206,306.441,104.269,-0.244472,-0.968775,0.041322,0.967901,-0.246371,-0.049685,0.058314,0.027849,0.997910,0,0.97348,0.82876,58.409,1.658,-1,450.000,-1,500.000,-1,350.000,375.000,300.000,325.000,-1,-1,-1,-1,-1,-1,-1,-1,2,0,2,0,2,0,0,0,0,2,2,2,2,2,2,2,2
22,802.982,-3308.933,309.866,106.166,-0.276428,-0.960029,0.043949,0.959470,-0.278297,-0.044352,0.054810,0.029907,0.998049,0,0.97651,0.94876,58.590,1.898,-1,450.000,-1,500.000,-1,375.000,375.000,300.000,300.000,-1,-1,-1,-1,-1,-1,-1,-1,2,0,2,0,2,0,0,0,0,2,2,2,2,2,2,2,2
23,784.652,-3253.077,312.425,108.165,-0.309728,-0.949571,0.048831,0.949546,-0.311566,-0.035911,0.049314,0.035245,0.998161,0,0.97979,0.99964,58.787,1.999,-1,450.000,-1,475.000,-1,350.000,375.000,300.000,300.000,-1,-1,-1,-1,-1,-1,-1,-1,2,0,2,0,2,0,0,0,0,2,2,2,2,2,2,2,2
24,764.379,-3197.880,314.837,110.165,-0.342735,-0.937973,0.052339,0.938372,-0.344463,-0.028355,0.044625,0.039395,0.998227,0,0.98005,1.00000,58.803,2.000,-1,450.000,-1,475.000,-1,350.000,375.000,325.000,275.000,-1,-1,-1,-1,-1,-1,-1,-1,2,0,2,0,2,0,0,0,0,2,2,2,2,2,2,2,2
25,742.194,-3143.424,316.733,112.165,-0.375400,-0.925325,0.053371,0.925948,-0.376965,-0.022761,0.041181,0.040874,0.998315,0,0.98005,1.00000,58.803,2.000,-1,450.000,-1,475.000,-1,350.000,375.000,325.000,275.000,-1,-1,-1,-1,1000.000,-1,-1,-1,2,0,2,0,2,0,0,0,0,2,2,2,2,0,2,2,2
26,718.123,-3089.774,318.202,114.165,-0.407784,-0.911637,0.051289,0.912364,-0.409043,-0.016600,0.036112,0.040025,0.998546,0,0.98005,1.00000,58.803,2.000,-1,425.000,-1,450.000,-1,350.000,350.000,325.000,275.000,-1,-1,-1,-1,950.000,-1,-1,-1,2,0,2,0,2,0,0,0,0,2,2,2,2,0,2,2,2
27,692.194,-3036.997,319.725,116.165,-0.439669,-0.896849,0.048514,0.897625,-0.440630,-0.010734,0.031004,0.038828,0.998765,0,0.98005,1.00000,58.803,2.000,-1,425.000,-1,450.000,-1,350.000,350.000,300.000,300.000,-1,-1,-1,-1,900.000,-1,-1,-1,2,0,2,0,2,0,0,0,0,2,2,2,2,0,2,2,2
28,664.440,-2985.157,321.328,118.165,-0.471001,-0.880972,0.045236,0.881750,-0.471687,-0.005258,0.025969,0.037410,0.998963,0,0.98005,1.00000,58.803,2.000,-1,425.000,-1,450.000,-1,350.000,350.000,300.000,300.000,-1,-1,-1,-1,850.000,975.000,-1,-1,2,0,2,0,2,0,0,0,0,2,2,2,2,0,0,2,2
29,634.893,-2934.318,323.042,120.165,-0.501728,-0.864022,0.041662,0.864767,-0.502173,-0.000240,0.021129,0.035908,0.999132,0,0.98005,1.00000,58.803,2.000,-1,400.000,-1,425.000,-1,325.000,350.000,300.000,325.000,-1,-1,-1,-1,825.000,925.000,-1,-1,2,0,2,0,2,0,0,0,0,2,2,2,2,0,0,2,2
30,603.589,-2884.540,324.859,122.165,-0.531811,-0.846016,0.037862,0.846702,-0.532050,0.004295,0.016511,0.034342,0.999274,0,0.98005,1.00000,58.803,2.000,-1,400.000,-1,425.000,-1,325.000,325.000,300.000,325.000,-1,-1,-1,-1,775.000,875.000,-1,-1,2,0,2,0,2,0,0,0,0,2,2,2,2,0,0,2,2
31,570.568,-2835.885,326.730,124.165,-0.561207,-0.826973,0.034091,0.827585,-0.561279,0.008316,0.012258,0.032880,0.999384,0,0.98005,1.00000,58.803,2.000,-1,400.000,-1,425.000,-1,325.000,325.000,300.000,325.000,-1,-1,-1,-1,750.000,850.000,-1,-1,2,0,2,0,2,0,0,0,0,2,2,2,2,0,0,2,2
32,535.866,-2788.413,327.633,126.165,-0.589755,-0.806816,0.035174,0.807502,-0.589750,0.011626,0.011364,0.035260,0.999314,0,0.98005,1.00000,58.803,2.000,-1,400.000,-1,400.000,-1,325.000,325.000,300.000,325.000,-1,-1,-1,-1,750.000,825.000,-1,-1,2,0,2,0,2,0,0,0,0,2,2,2,2,0,0,2,2
33,499.529,-2742.181,328.432,128.165,-0.617553,-0.785654,0.037094,0.786448,-0.617479,0.014778,0.011294,0.038298,0.999203,0,0.98005,1.00000,58.803,2.000,-1,400.000,-1,400.000,-1,325.000,325.000,300.000,325.000,-1,-1,-1,-1,750.000,800.000,-1,-1,2,0,2,0,2,0,0,0,0,2,2,2,2,0,0,2,2
34,461.600,-2697.246,329.370,130.165,-0.644598,-0.763541,0.038703,0.764438,-0.644451,0.017849,0.011314,0.041092,0.999091,0,0.98005,1.00000,58.803,2.000,-1,400.000,-1,400.000,-1,325.000,325.000,300.000,325.000,-1,-1,-1,-1,750.000,775.000,-1,-1,2,0,2,0,2,0,0,0,0,2,2,2,2,0,0,2,2
35,422.127,-2653.662,330.428,132.165,-0.670860,-0.740503,0.040024,0.741497,-0.670631,0.020906,0.011360,0.043703,0.998980,0,0.98005,1.00000,58.803,2.000,-1,400.000,-1,400.000,-1,325.000,325.000,300.000,325.000,-1,-1,-1,-1,750.000,750.000,-1,-1,2,0,2,0,2,0,0,0,0,2,2,2,2,0,0,2,2
36,381.156,-2611.482,331.628,134.165,-0.696305,-0.716572,0.041042,0.717654,-0.695993,0.023807,0.011506,0.046030,0.998874,0,0.98005,1.00000,58.803,2.000,-1,400.000,-1,400.000,-1,325.000,325.000,300.000,325.000,-1,-1,-1,-1,725.000,725.000,-1,-1,2,0,2,0,2,0,0,0,0,2,2,2,2,0,0,2,2
37,338.738,-2570.757,332.871,136.165,-0.720909,-0.691767,0.041811,0.692935,-0.720495,0.026988,0.011455,0.048428,0.998761,0,0.98005,1.00000,58.803,2.000,-1,375.000,-1,375.000,-1,325.000,325.000,325.000,325.000,-1,-1,-1,-1,725.000,725.000,-1,-1,2,0,2,0,2,0,0,0,0,2,2,2,2,0,0,2,2
38,294.925,-2531.538,334.171,138.165,-0.744625,-0.666145,0.042246,0.667378,-0.744135,0.029471,0.011805,0.050138,0.998673,0,0.98005,1.00000,58.803,2.000,-1,375.000,-1,375.000,-1,325.000,300.000,325.000,325.000,-1,-1,-1,-1,725.000,700.000,-1,-1,2,0,2,0,2,0,0,0,0,2,2,2,2,0,0,2,2
39,253.602,-2496.772,334.983,139.925,-0.764694,-0.643000,0.042365,0.644246,-0.764272,0.028892,0.013801,0.049387,0.998684,0,0.90005,0.88000,54.003,1.760,-1,375.000,-1,375.000,-1,325.000,300.000,325.000,325.000,-1,-1,-1,-1,725.000,700.000,-1,-1,2,0,2,0,2,0,0,0,0,2,2,2,2,0,0,2,2
40,215.126,-2466.105,335.770,141.445,-0.781440,-0.622534,0.042456,0.623780,-0.781102,0.027898,0.015795,0.048284,0.998709,0,0.82005,0.76000,49.203,1.520,-1,375.000,-1,375.000,-1,325.000,300.000,325.000,325.000,-1,-1,-1,-1,725.000,700.000,-1,-1,2,0,2,0,2,0,0,0,0,2,2,2,2,0,0,2,2
41,179.793,-2439.213,336.572,142.725,-0.795117,-0.604962,0.042546,0.606203,-0.794854,0.026932,0.017525,0.047205,0.998731,0,0.74005,0.64000,44.403,1.280,-1,400.000,-1,375.000,-1,325.000,300.000,325.000,325.000,-1,-1,-1,-1,725.000,675.000,-1,-1,2,0,2,0,2,0,0,0,0,2,2,2,2,0,0,2,2
42,147.849,-2415.804,337.358,143.765,-0.805938,-0.590463,0.042637,0.591696,-0.805741,0.026020,0.018991,0.046198,0.998752,0,0.66005,0.52000,39.603,1.040,-1,400.000,-1,375.000,-1,325.000,300.000,325.000,325.000,-1,-1,-1,-1,750.000,675.000,-1,-1,2,0,2,0,2,0,0,0,0,2,2,2,2,0,0,2,2
43,116.798,-2393.708,338.170,144.565,-0.814078,-0.579181,0.042738,0.580402,-0.813943,0.025101,0.020248,0.045239,0.998771,0,0.63518,0.40000,38.111,0.800,-1,400.000,-1,375.000,-1,325.000,300.000,325.000,325.000,-1,-1,-1,-1,750.000,675.000,-1,-1,2,0,2,0,2,0,0,0,0,2,2,2,2,0,0,2,2
44,85.516,-2371.905,339.014,145.125,-0.819680,-0.571223,0.042775,0.572427,-0.819601,0.024126,0.021277,0.044261,0.998793,0,0.63550,0.28000,38.130,0.560,-1,400.000,-1,375.000,-1,325.000,300.000,325.000,325.000,-1,-1,-1,-1,725.000,675.000,-1,-1,2,0,2,0,2,0,0,0,0,2,2,2,2,0,0,2,2
45,54.099,-2350.268,339.851,145.445,-0.822848,-0.566664,0.042583,0.567837,-0.822818,0.023051,0.021976,0.043147,0.998827,0,0.63578,0.16000,38.147,0.320,-1,400.000,-1,375.000,-1,325.000,300.000,325.000,325.000,-1,-1,-1,-1,725.000,675.000,-1,-1,2,0,2,0,2,0,0,0,0,2,2,2,2,0,0,2,2
46,22.641,-2328.667,340.722,145.525,-0.823630,-0.565540,0.042409,0.566681,-0.823645,0.021959,0.022512,0.042118,0.998859,0,0.63602,0.04000,38.161,0.080,-1,375.000,-1,375.000,-1,325.000,300.000,325.000,325.000,-1,-1,-1,-1,725.000,675.000,-1,-1,2,0,2,0,2,0,0,0,0,2,2,2,2,0,0,2,2
47,-8.821,-2307.052,341.619,145.512,-0.823487,-0.565758,0.042280,0.566869,-0.823544,0.020863,0.023016,0.041148,0.998888,0,0.63619,-0.00680,38.171,-0.014,-1,375.000,-1,375.000,-1,300.000,300.000,325.000,325.000,-1,-1,-1,-1,725.000,650.000,-1,-1,2,0,2,0,2,0,0,0,0,2,2,2,2,0,0,2,2
48,-40.285,-2285.428,342.543,145.500,-0.823362,-0.565946,0.042199,0.567028,-0.823461,0.019767,0.023563,0.040203,0.998914,0,0.63630,-0.00578,38.178,-0.012,-1,375.000,-1,375.000,-1,300.000,300.000,325.000,325.000,-1,-1,-1,-1,725.000,650.000,-1,-1,2,0,2,0,2,0,0,0,0,2,2,2,2,0,0,2,2
49,-71.748,-2263.795,343.500,145.490,-0.823255,-0.566106,0.042134,0.567159,-0.823397,0.018658,0.024131,0.039257,0.998938,0,0.63638,-0.00482,38.183,-0.010,-1,375.000,-1,375.000,-1,300.000,300.000,325.000,325.000,-1,-1,-1,-1,725.000,650.000,-1,-1,2,0,2,0,2,0,0,0,0,2,2,2,2,0,0,2,2
50,-103.211,-2242.157,344.460,145.483,-0.823150,-0.566233,0.042482,0.567274,-0.823340,0.017658,0.024978,0.038634,0.998941,0,0.63641,-0.00392,38.185,-0.008,-1,375.000,-1,375.000,-1,300.000,300.000,325.000,325.000,-1,-1,-1,-1,725.000,650.000,-1,-1,2,0,2,0,2,0,0,0,0,2,2,2,2,0,0,2,2
51,-134.670,-2220.517,345.468,145.476,-0.823058,-0.566333,0.042928,0.567367,-0.823296,0.016671,0.025901,0.038077,0.998939,0,0.63640,-0.00308,38.184,-0.006,-1,375.000,-1,375.000,-1,300.000,300.000,325.000,325.000,-1,-1,-1,-1,700.000,650.000,-1,-1,2,0,2,0,2,0,0,0,0,2,2,2,2,0,0,2,2
52,-166.126,-2198.875,346.520,145.472,-0.822979,-0.566411,0.043395,0.567436,-0.823268,0.015674,0.026848,0.037523,0.998935,0,0.63636,-0.00230,38.182,-0.005,-1,375.000,-1,375.000,-1,300.000,300.000,325.000,325.000,-1,875.000,-1,-1,700.000,625.000,-1,-1,2,0,2,0,2,0,0,0,0,2,0,2,2,0,0,2,2
53,-197.577,-2177.234,347.617,145.469,-0.822914,-0.566468,0.043881,0.567484,-0.823254,0.014666,0.027817,0.036970,0.998929,0,0.63628,-0.00158,38.177,-0.003,-1,375.000,-1,375.000,-1,300.000,300.000,325.000,325.000,-1,850.000,1000.000,-1,700.000,625.000,-1,1000.000,2,0,2,0,2,0,0,0,0,2,0,0,2,0,0,2,0
54,-233.082,-2153.018,348.884,145.706,-0.825211,-0.563074,0.044431,0.564078,-0.825609,0.013603,0.029023,0.036288,0.998920,0,0.71628,0.11842,42.977,0.237,-1,375.000,-1,375.000,1000.000,300.000,300.000,325.000,325.000,-1,800.000,975.000,-1,700.000,625.000,-1,1000.000,2,0,2,0,0,0,0,0,0,2,0,0,2,0,0,2,0
55,-272.776,-2126.428,350.373,146.182,-0.829825,-0.556202,0.045048,0.557188,-0.830294,0.012362,0.030528,0.035358,0.998908,0,0.79628,0.23842,47.777,0.477,-1,375.000,-1,375.000,975.000,300.000,300.000,325.000,325.000,-1,750.000,925.000,-1,700.000,625.000,-1,975.000,2,0,2,0,0,0,0,0,0,2,0,0,2,0,0,2,0
56,-314.227,-2099.405,352.011,146.899,-0.836673,-0.545793,0.045688,0.546752,-0.837222,0.010998,0.032248,0.034182,0.998895,0,0.82471,0.35842,49.483,0.717,-1,375.000,-1,375.000,950.000,300.000,300.000,325.000,325.000,-1,700.000,900.000,-1,700.000,625.000,-1,950.000,2,0,2,0,0,0,0,0,0,2,0,0,2,0,0,2,0
57,-356.617,-2072.767,353.770,147.856,-0.845626,-0.531762,0.046327,0.532683,-0.846261,0.009535,0.034134,0.032741,0.998881,0,0.83441,0.47842,50.064,0.957,-1,375.000,-1,350.000,925.000,300.000,300.000,325.000,325.000,-1,675.000,875.000,-1,700.000,600.000,-1,950.000,2,0,2,0,0,0,0,0,0,2,0,0,2,0,0,2,0
58,-399.669,-2046.953,355.641,149.053,-0.856506,-0.513998,0.046952,0.514871,-0.857231,0.007980,0.036147,0.031009,0.998865,0,0.83663,0.59842,50.198,1.197,-1,375.000,-1,350.000,900.000,300.000,300.000,325.000,300.000,-1,650.000,850.000,-1,700.000,600.000,-1,925.000,2,0,2,0,0,0,0,0,0,2,0,0,2,0,0,2,0
59,-443.474,-2022.158,357.626,150.490,-0.869085,-0.492371,0.047556,0.493181,-0.869903,0.006330,0.038253,0.028955,0.998849,0,0.83893,0.71842,50.336,1.437,-1,375.000,-1,350.000,900.000,300.000,300.000,325.000,300.000,-1,625.000,850.000,-1,700.000,600.000,1000.000,925.000,2,0,2,0,0,0,0,0,0,2,0,0,2,0,0,1,0
60,-488.113,-1998.588,359.811,152.167,-0.883078,-0.466741,0.048222,0.467456,-0.884006,0.004121,0.040706,0.026181,0.998828,0,0.84132,0.83842,50.479,1.677,975.000,375.000,-1,350.000,875.000,300.000,300.000,325.000,300.000,-1,625.000,850.000,-1,725.000,600.000,975.000,925.000,1,0,2,0,0,0,0,0,0,2,0,0,2,0,0,1,0
61,-533.651,-1976.459,362.109,154.084,-0.898149,-0.436949,0.049020,0.437529,-0.899203,0.001234,0.043539,0.022556,0.998797,0,0.84384,0.95842,50.630,1.917,950.000,375.000,-1,350.000,900.000,300.000,300.000,325.000,300.000,-1,600.000,825.000,-1,725.000,600.000,925.000,950.000,1,0,2,0,0,0,0,0,0,2,0,0,2,0,0,1,0
62,-580.080,-1955.867,364.498,156.084,-0.912809,-0.405333,0.049849,0.405764,-0.913976,-0.001594,0.046207,0.018772,0.998755,0,0.84650,1.00000,50.790,2.000,900.000,375.000,-1,350.000,900.000,300.000,300.000,325.000,300.000,-1,600.000,800.000,-1,725.000,625.000,875.000,950.000,1,0,2,0,0,0,0,0,0,2,0,0,2,0,0,1,0
63,-627.652,-1936.726,367.038,158.084,-0.926347,-0.373212,0.050925,0.373492,-0.927624,-0.004263,0.048831,0.015071,0.998693,0,0.85464,1.00000,51.278,2.000,875.000,400.000,-1,350.000,925.000,325.000,300.000,325.000,300.000,-1,575.000,800.000,-1,725.000,625.000,850.000,975.000,1,0,2,0,0,0,0,0,0,2,0,0,2,1,0,1,0
64,-676.075,-1919.180,369.677,160.084,-0.938762,-0.340628,0.051954,0.340750,-0.940130,-0.006760,0.051146,0.011357,0.998627,0,0.85840,1.00000,51.504,2.000,850.000,400.000,-1,375.000,925.000,325.000,300.000,325.000,300.000,-1,575.000,800.000,-1,700.000,625.000,800.000,-1,1,0,2,0,0,0,0,0,0,2,0,0,2,1,0,1,2
65,-725.299,-1903.265,372.394,162.084,-0.950034,-0.307621,0.052958,0.307584,-0.951478,-0.009056,0.053175,0.007685,0.998556,0,0.86221,1.00000,51.733,2.000,800.000,400.000,-1,375.000,950.000,325.000,300.000,325.000,300.000,-1,600.000,850.000,-1,650.000,625.000,775.000,-1,1,0,2,0,0,0,0,0,0,2,0,0,2,1,0,1,2
66,-775.271,-1889.014,375.158,164.084,-0.960147,-0.274233,0.053974,0.274034,-0.961655,-0.011211,0.054979,0.004027,0.998479,0,0.86606,1.00000,51.964,2.000,775.000,400.000,1000.000,375.000,950.000,325.000,325.000,325.000,300.000,-1,600.000,875.000,-1,625.000,625.000,725.000,1000.000,1,0,1,0,0,0,0,0,0,2,0,0,2,1,0,1,1
67,-825.935,-1876.460,377.982,166.084,-0.969095,-0.240507,0.054883,0.240140,-0.970647,-0.013283,0.056467,0.000308,0.998404,0,0.86995,1.00000,52.197,2.000,725.000,400.000,900.000,375.000,950.000,325.000,325.000,300.000,300.000,-1,625.000,950.000,-1,600.000,650.000,675.000,925.000,1,0,1,0,1,0,0,0,0,2,0,0,2,1,1,1,1
68,-877.236,-1865.633,380.853,168.084,-0.976865,-0.206484,0.055675,0.205948,-0.978444,-0.015270,0.057628,-0.003450,0.998332,0,0.87384,1.00000,52.430,2.000,700.000,400.000,825.000,375.000,950.000,325.000,325.000,300.000,275.000,-1,650.000,-1,-1,575.000,600.000,650.000,825.000,1,0,1,0,1,0,0,0,0,2,0,2,2,1,1,1,1
69,-929.113,-1856.564,383.758,170.084,-0.983448,-0.172208,0.056342,0.171501,-0.985034,-0.017177,0.058457,-0.007230,0.998264,0,0.87773,1.00000,52.664,2.000,650.000,400.000,775.000,375.000,975.000,325.000,325.000,300.000,275.000,-1,700.000,-1,-1,525.000,575.000,600.000,750.000,1,0,1,0,1,0,0,0,0,2,0,2,2,1,1,1,1
70,-981.505,-1849.279,386.683,172.084,-0.988837,-0.137721,0.056878,0.136847,-0.990410,-0.019010,0.058950,-0.011014,0.998200,0,0.88160,1.00000,52.896,2.000,600.000,375.000,725.000,375.000,-1,325.000,325.000,300.000,275.000,-1,775.000,-1,-1,500.000,525.000,550.000,675.000,1,1,1,0,2,0,0,0,0,2,0,2,2,1,1,1,1
71,-1034.347,-1843.801,389.681,174.081,-0.993032,-0.103110,0.057065,0.102063,-0.994557,-0.020990,0.058919,-0.015020,0.998150,0,0.88541,0.99874,53.125,1.997,575.000,350.000,675.000,375.000,-1,325.000,325.000,300.000,275.000,-1,900.000,-1,-1,475.000,500.000,525.000,600.000,1,1,1,1,2,1,1,0,0,2,0,2,2,1,1,1,1
72,-1087.570,-1840.148,392.755,176.073,-0.996031,-0.068466,0.056867,0.067240,-0.997467,-0.023208,0.058311,-0.019292,0.998112,0,0.88915,0.99618,53.349,1.992,525.000,325.000,625.000,350.000,625.000,300.000,300.000,300.000,275.000,-1,-1,-1,-1,425.000,450.000,475.000,525.000,1,1,1,1,1,1,1,0,0,2,2,2,2,1,1,1,1
73,-1141.105,-1838.335,395.785,178.060,-0.997821,-0.033848,0.056630,0.032456,-0.999152,-0.025319,0.057439,-0.023426,0.998074,0,0.89277,0.99320,53.566,1.986,475.000,300.000,550.000,300.000,525.000,275.000,275.000,300.000,275.000,-1,-1,-1,-1,400.000,400.000,425.000,450.000,1,1,1,1,1,1,1,0,0,2,2,2,2,1,1,1,1
74,-1194.879,-1838.373,398.757,180.039,-0.998411,0.000687,0.056347,-0.002230,-0.999624,-0.027320,0.056307,-0.027403,0.998037,0,0.89624,0.98980,53.774,1.980,425.000,275.000,500.000,275.000,425.000,250.000,250.000,300.000,275.000,-1,-1,-1,-1,375.000,350.000,375.000,375.000,1,1,1,1,1,1,1,0,0,2,2,2,2,1,1,1,1
75,-1248.816,-1840.268,401.655,182.011,-0.997814,0.035077,0.056008,-0.036755,-0.998897,-0.029209,0.054922,-0.031204,0.998003,0,0.89950,0.98591,53.970,1.972,375.000,250.000,450.000,250.000,350.000,225.000,225.000,300.000,275.000,-1,-1,-1,-1,325.000,325.000,350.000,300.000,1,1,1,1,1,1,1,0,0,2,2,2,2,1,1,1,1
76,-1302.836,-1844.022,404.843,183.974,-0.995979,0.069261,0.056814,-0.071171,-0.996941,-0.032311,0.054403,-0.036225,0.997862,0,0.90250,0.98150,54.150,1.963,325.000,225.000,400.000,225.000,275.000,200.000,200.000,300.000,275.000,-1,-1,-1,-1,300.000,275.000,300.000,225.000,1,1,1,1,1,1,1,0,0,2,2,2,2,1,1,1,1
77,-1356.858,-1849.638,414.314,185.927,-0.991603,0.103100,0.078069,-0.107070,-0.993068,-0.048496,0.072528,-0.056447,0.995768,0,0.90517,0.97651,54.310,1.953,325.000,225.000,425.000,225.000,275.000,200.000,200.000,300.000,325.000,-1,475.000,-1,-1,300.000,275.000,275.000,225.000,1,1,1,1,1,1,1,0,0,2,0,2,2,1,1,1,1
78,-1410.796,-1857.094,426.397,187.869,-0.984801,0.136609,0.107266,-0.142725,-0.988420,-0.051541,0.098983,-0.066067,0.992894,0,0.90743,0.97088,54.446,1.942,350.000,250.000,475.000,225.000,300.000,200.000,200.000,300.000,375.000,800.000,200.000,350.000,-1,325.000,300.000,325.000,225.000,1,1,1,1,1,1,1,0,0,0,0,0,2,1,1,1,1
79,-1464.556,-1866.379,438.263,189.798,-0.976072,0.169691,0.135972,-0.178135,-0.982607,-0.052461,0.124704,-0.075427,0.989323,0,0.90916,0.96455,54.549,1.929,375.000,250.000,525.000,225.000,300.000,225.000,200.000,325.000,400.000,675.000,125.000,225.000,-1,350.000,325.000,350.000,250.000,1,1,1,1,1,1,1,0,0,0,0,0,2,1,1,1,1
80,6232.341,328.512,198.553,-57.443,0.448887,0.781878,0.432629,-0.866483,0.499197,-0.003140,-0.218422,-0.373457,0.901566,1,0.00000,0.00000,58.394,1.689,800.000,225.000,350.000,175.000,0.000,175.000,150.000,-1,-1,-1,0.000,0.000,-1,300.000,250.000,450.000,0.000,1,1,1,1,0,1,1,2,2,2,0,0,2,1,1,1,0
81,988.508,-3606.286,281.767,15.764,0.961248,-0.270699,0.052191,0.274022,0.958932,-0.073223,-0.030226,0.084687,0.995949,1,0.08000,0.12000,4.800,0.240,-1,400.000,-1,375.000,-1,325.000,300.000,325.000,350.000,-1,-1,-1,-1,825.000,775.000,-1,-1,2,0,2,0,2,0,0,0,0,2,2,2,2,0,0,2,2
82,997.725,-3603.600,281.504,16.244,0.958958,-0.278722,0.052089,0.282012,0.956626,-0.073043,-0.029471,0.084735,0.995968,0,0.16000,0.24000,9.600,0.480,-1,400.000,-1,375.000,-1,325.000,300.000,325.000,350.000,-1,-1,-1,-1,825.000,775.000,-1,-1,2,0,2,0,2,0,0,0,0,2,2,2,2,0,0,2,2
83,1011.498,-3599.399,281.129,16.964,0.955399,-0.290720,0.051917,0.293957,0.953046,-0.072753,-0.028328,0.084769,0.995998,0,0.24000,0.36000,14.400,0.720,-1,400.000,-1,375.000,-1,325.000,300.000,325.000,350.000,-1,-1,-1,-1,825.000,775.000,-1,-1,2,0,2,0,2,0,0,0,0,2,2,2,2,0,0,2,2
84,1029.778,-3593.531,280.652,17.795,0.951105,-0.304514,0.051667,0.307685,0.948735,-0.072331,-0.026993,0.084692,0.996042,0,0.32000,0.41552,19.200,0.831,-1,400.000,-1,375.000,-1,325.000,300.000,325.000,350.000,-1,-1,-1,-1,850.000,775.000,-1,-1,2,0,2,0,2,0,0,0,0,2,2,2,2,0,0,2,2
85,1052.521,-3585.867,280.083,18.623,0.946630,-0.318207,0.051335,0.321300,0.944255,-0.071758,-0.025639,0.084423,0.996100,0,0.40000,0.41421,24.000,0.828,-1,400.000,-1,375.000,-1,325.000,325.000,325.000,350.000,-1,-1,-1,-1,850.000,775.000,-1,-1,2,0,2,0,2,0,0,0,0,2,2,2,2,0,0,2,2
86,1079.677,-3576.278,279.438,19.449,0.941979,-0.331789,0.050904,0.334793,0.939612,-0.071014,-0.024268,0.083936,0.996176,0,0.48000,0.41267,28.800,0.825,-1,400.000,-1,375.000,-1,325.000,325.000,325.000,350.000,-1,-1,-1,-1,875.000,800.000,-1,-1,2,0,2,0,2,0,0,0,0,2,2,2,2,0,0,2,2
87,1111.196,-3564.637,278.736,20.271,0.937158,-0.345253,0.050357,0.348155,0.934814,-0.070076,-0.022880,0.083205,0.996270,0,0.56000,0.41091,33.600,0.822,-1,400.000,-1,400.000,-1,325.000,325.000,325.000,350.000,-1,-1,-1,-1,900.000,800.000,-1,-1,2,0,2,0,2,0,0,0,0,2,2,2,2,0,0,2,2
88,1147.023,-3550.822,277.995,21.088,0.932172,-0.358592,0.049677,0.361378,0.929868,-0.068922,-0.021478,0.082199,0.996384,0,0.64000,0.40894,38.400,0.818,-1,400.000,-1,400.000,-1,325.000,325.000,325.000,350.000,-1,-1,-1,-1,925.000,825.000,-1,-1,2,0,2,0,2,0,0,0,0,2,2,2,2,0,0,2,2
89,1187.105,-3534.708,277.236,21.903,0.927020,-0.371817,0.048844,0.374474,0.924775,-0.067525,-0.020063,0.080888,0.996521,0,0.72000,0.40735,43.200,0.815,-1,400.000,-1,400.000,-1,325.000,325.000,325.000,350.000,-1,-1,-1,-1,950.000,825.000,-1,-1,2,0,2,0,2,0,0,0,0,2,2,2,2,0,0,2,2
90,1228.214,-3517.499,276.505,22.716,0.921703,-0.384934,0.047853,0.387454,0.919514,-0.066139,-0.018542,0.079501,0.996662,0,0.74277,0.40620,44.566,0.812,-1,425.000,-1,400.000,-1,325.000,325.000,325.000,350.000,-1,-1,-1,-1,950.000,850.000,-1,-1,2,0,2,0,2,0,0,0,0,2,2,2,2,0,0,2,2
91,1269.025,-3499.732,275.508,23.526,0.916158,-0.397907,0.048208,0.400412,0.913995,-0.065453,-0.018017,0.079268,0.996690,0,0.74185,0.40515,44.511,0.810,-1,425.000,-1,400.000,-1,325.000,325.000,325.000,350.000,-1,-1,-1,-1,975.000,850.000,-1,-1,2,0,2,0,2,0,0,0,0,2,2,2,2,0,0,2,2
92,1309.524,-3481.417,274.321,24.334,0.910399,-0.410743,0.049639,0.413328,0.908242,-0.065249,-0.018283,0.079920,0.996634,0,0.74081,0.40426,44.448,0.809,-1,400.000,-1,400.000,-1,325.000,325.000,325.000,350.000,-1,-1,-1,-1,975.000,850.000,-1,-1,2,0,2,0,2,0,0,0,0,2,2,2,2,0,0,2,2
93,1354.193,-3460.679,273.093,24.903,0.906213,-0.419722,0.051103,0.422394,0.904093,-0.064801,-0.019004,0.080309,0.996589,0,0.82081,0.28426,49.248,0.569,-1,400.000,-1,400.000,-1,325.000,325.000,325.000,350.000,-1,-1,-1,-1,975.000,850.000,-1,-1,2,0,2,0,2,0,0,0,0,2,2,2,2,0,0,2,2
94,1402.869,-3437.513,271.803,25.450,0.902093,-0.428331,0.052537,0.431086,0.900029,-0.064127,-0.019817,0.080497,0.996558,0,0.89848,0.27362,53.909,0.547,-1,400.000,-1,400.000,-1,325.000,325.000,325.000,350.000,-1,-1,-1,-1,975.000,850.000,-1,-1,2,0,2,0,2,0,0,0,0,2,2,2,2,0,0,2,2
95,1451.253,-3413.919,270.530,25.996,0.897911,-0.436896,0.053654,0.439703,0.895915,-0.063226,-0.020446,0.080363,0.996556,0,0.89717,0.27308,53.830,0.546,-1,400.000,-1,400.000,-1,325.000,325.000,350.000,325.000,-1,-1,-1,-1,975.000,825.000,-1,-1,2,0,2,0,2,0,0,0,0,2,2,2,2,0,0,2,2
96,1499.338,-3389.902,269.251,26.542,0.893640,-0.445425,0.054819,0.448277,0.891756,-0.061803,-0.021356,0.079804,0.996582,0,0.89582,0.27273,53.749,0.545,-1,425.000,-1,400.000,-1,325.000,325.000,350.000,325.000,-1,-1,-1,-1,950.000,825.000,-1,-1,2,0,2,0,2,0,0,0,0,2,2,2,2,0,0,2,2
97,1547.117,-3365.467,268.013,27.087,0.889284,-0.453918,0.055969,0.456807,0.887534,-0.060093,-0.022397,0.079007,0.996622,0,0.89443,0.27257,53.666,0.545,-1,425.000,-1,400.000,-1,325.000,325.000,350.000,325.000,-1,-1,-1,-1,950.000,825.000,-1,-1,2,0,2,0,2,0,0,0,0,2,2,2,2,0,0,2,2
98,1594.588,-3340.617,266.838,27.632,0.884844,-0.462378,0.057072,0.465294,0.883240,-0.058212,-0.023492,0.078064,0.996672,0,0.89303,0.27261,53.582,0.545,-1,425.000,-1,400.000,-1,325.000,325.000,350.000,325.000,-1,-1,-1,-1,950.000,825.000,-1,-1,2,0,2,0,2,0,0,0,0,2,2,2,2,0,0,2,2
99,1641.748,-3315.357,265.248,28.178,0.880250,-0.470879,0.058586,0.473785,0.879002,-0.053691,-0.026215,0.075018,0.996837,0,0.89166,0.27285,53.499,0.546,-1,425.000,-1,400.000,-1,325.000,325.000,350.000,325.000,-1,-1,-1,-1,925.000,800.000,-1,-1,2,0,2,0,2,0,0,0,0,2,2,2,2,0,0,2,2
100,1688.595,-3289.687,263.752,28.724,0.875572,-0.479351,0.059969,0.482223,0.874669,-0.049143,-0.028896,0.071947,0.996990,0,0.89032,0.27327,53.419,0.547,-1,400.000,-1,400.000,-1,325.000,325.000,350.000,325.000,-1,-1,-1,-1,875.000,800.000,-1,-1,2,0,2,0,2,0,0,0,0,2,2,2,2,0,0,2,2
101,1735.128,-3263.607,262.351,29.272,0.870807,-0.487798,0.061219,0.490612,0.870237,-0.044573,-0.031532,0.068850,0.997129,0,0.88905,0.27388,53.343,0.548,-1,400.000,-1,400.000,-1,325.000,300.000,350.000,325.000,-1,-1,-1,-1,850.000,775.000,-1,-1,2,0,2,0,2,0,0,0,0,2,2,2,2,0,0,2,2
102,1781.347,-3237.117,261.046,29.822,0.865954,-0.496224,0.062336,0.498959,0.865703,-0.039984,-0.034124,0.065727,0.997254,0,0.88787,0.27468,53.272,0.549,-1,400.000,-1,375.000,-1,300.000,300.000,350.000,325.000,-1,-1,-1,-1,825.000,750.000,-1,-1,2,0,2,0,2,0,0,0,0,2,2,2,2,0,0,2,2
103,1827.252,-3210.215,259.230,30.373,0.861081,-0.504562,0.062907,0.507270,0.860940,-0.038198,-0.034886,0.064802,0.997288,0,0.88679,0.27566,53.207,0.551,-1,400.000,-1,375.000,-1,325.000,300.000,350.000,325.000,-1,-1,-1,-1,825.000,750.000,-1,-1,2,0,2,0,2,0,0,0,0,2,2,2,2,0,0,2,2
104,1872.846,-3182.900,257.422,30.926,0.856121,-0.512878,0.063342,0.515565,0.856059,-0.036820,-0.035340,0.064180,0.997312,0,0.88583,0.27683,53.150,0.554,-1,400.000,-1,375.000,-1,325.000,300.000,350.000,325.000,-1,-1,-1,-1,825.000,750.000,-1,950.000,2,0,2,0,2,0,0,0,0,2,2,2,2,0,0,2,1
105,1920.085,-3153.918,255.541,31.530,0.850612,-0.521870,0.064122,0.524561,0.850630,-0.035552,-0.035991,0.063877,0.997309,0,0.92368,0.30151,55.421,0.603,-1,400.000,-1,375.000,-1,325.000,300.000,350.000,325.000,-1,-1,-1,-1,800.000,750.000,-1,900.000,2,0,2,0,2,0,0,0,0,2,2,2,2,0,1,2,1
106,1967.172,-3124.349,253.697,32.128,0.845040,-0.530727,0.065083,0.533438,0.845140,-0.034391,-0.036752,0.063780,0.997287,0,0.92668,0.29915,55.601,0.598,-1,400.000,-1,375.000,925.000,325.000,300.000,350.000,325.000,-1,-1,-1,-1,800.000,725.000,-1,850.000,2,0,2,0,1,0,0,0,0,2,2,2,2,0,1,2,1
107,2014.094,-3094.201,251.949,32.721,0.839428,-0.539451,0.065972,0.542178,0.839605,-0.033249,-0.037455,0.063679,0.997267,0,0.92955,0.29659,55.773,0.593,-1,400.000,-1,375.000,850.000,325.000,300.000,350.000,325.000,-1,-1,-1,-1,775.000,700.000,-1,775.000,2,0,2,0,1,0,0,0,0,2,2,2,2,0,1,2,1
108,2060.841,-3063.485,250.284,33.309,0.833788,-0.548039,0.066715,0.550773,0.834038,-0.032104,-0.038049,0.063513,0.997255,0,0.93226,0.29380,55.935,0.588,-1,400.000,-1,375.000,775.000,325.000,300.000,375.000,325.000,-1,-1,-1,-1,775.000,650.000,-1,725.000,2,0,2,0,1,0,0,0,0,2,2,2,2,0,1,2,1
109,2107.399,-3032.211,248.603,33.890,0.828157,-0.556499,0.066819,0.559192,0.828465,-0.030808,-0.038213,0.062879,0.997289,0,0.93479,0.29079,56.087,0.582,-1,400.000,-1,375.000,700.000,325.000,300.000,375.000,325.000,-1,-1,-1,-1,775.000,625.000,-1,700.000,2,0,2,0,1,0,0,0,0,2,2,2,2,0,1,2,1
110,2153.757,-3000.392,247.028,34.465,0.822508,-0.564809,0.066872,0.567460,0.822870,-0.029562,-0.038330,0.062262,0.997324,0,0.93712,0.28754,56.227,0.575,-1,400.000,-1,375.000,625.000,325.000,300.000,375.000,325.000,-1,-1,-1,-1,775.000,600.000,-1,650.000,2,0,2,0,1,0,0,0,0,2,2,2,2,0,1,2,1
111,2199.901,-2968.043,245.114,35.033,0.816971,-0.573023,0.064826,0.575480,0.817350,-0.027613,-0.037162,0.059865,0.997515,0,0.93923,0.28404,56.354,0.568,-1,400.000,-1,375.000,575.000,325.000,325.000,375.000,325.000,-1,-1,-1,-1,775.000,575.000,-1,600.000,2,0,2,0,1,0,0,0,0,2,2,2,2,0,1,2,1
112,2245.817,-2935.180,243.042,35.594,0.811442,-0.581088,0.062438,0.583328,0.811838,-0.025438,-0.035908,0.057063,0.997725,0,0.94108,0.28027,56.465,0.561,-1,400.000,1000.000,375.000,525.000,325.000,325.000,350.000,350.000,-1,-1,-1,-1,775.000,550.000,-1,550.000,2,0,1,0,1,0,0,0,0,2,2,2,2,0,1,2,1
113,2291.488,-2901.820,240.718,36.146,0.805819,-0.588932,0.061769,0.591083,0.806257,-0.023894,-0.035730,0.055765,0.997804,0,0.94264,0.27622,56.558,0.552,-1,400.000,950.000,375.000,475.000,325.000,300.000,350.000,350.000,-1,-1,-1,-1,750.000,500.000,-1,500.000,2,0,1,0,1,0,0,0,0,2,2,2,2,0,1,2,1
114,2336.902,-2867.983,238.557,36.690,0.800221,-0.596600,0.060945,0.598659,0.800690,-0.022439,-0.035411,0.054442,0.997889,0,0.94388,0.27188,56.633,0.544,-1,375.000,900.000,375.000,425.000,325.000,300.000,350.000,325.000,-1,-1,-1,-1,750.000,475.000,-1,450.000,2,0,1,1,1,0,0,0,0,2,2,2,2,1,1,2,1
115,2382.039,-2833.693,236.561,37.225,0.794658,-0.604087,0.059972,0.606050,0.795147,-0.021079,-0.034953,0.053097,0.997977,0,0.94476,0.26724,56.686,0.534,-1,375.000,850.000,350.000,400.000,300.000,300.000,350.000,350.000,-1,-1,-1,-1,700.000,450.000,-1,400.000,2,0,1,1,1,0,0,0,0,2,2,2,2,1,1,2,1
116,2426.884,-2798.972,234.642,37.749,0.789150,-0.611375,0.058847,0.613254,0.789626,-0.020242,-0.034092,0.052062,0.998062,0,0.94525,0.26229,56.715,0.525,-1,375.000,800.000,325.000,350.000,300.000,300.000,350.000,325.000,-1,-1,-1,-1,675.000,425.000,-1,375.000,2,0,1,1,1,0,0,0,0,2,2,2,2,1,1,2,1
117,2471.417,-2763.848,232.828,38.263,0.783703,-0.618461,0.057589,0.620264,0.784143,-0.019815,-0.032904,0.051250,0.998144,0,0.94529,0.25701,56.718,0.514,-1,375.000,750.000,300.000,300.000,300.000,300.000,350.000,325.000,-1,-1,-1,-1,625.000,400.000,-1,325.000,2,0,1,1,1,0,1,0,0,2,2,2,2,1,1,2,1
118,2513.840,-2729.474,231.252,39.017,0.775569,-0.628746,0.056305,0.630480,0.775961,-0.019508,-0.031425,0.050629,0.998223,0,0.91003,0.37701,54.602,0.754,-1,375.000,700.000,275.000,250.000,300.000,275.000,350.000,325.000,-1,-1,-1,-1,600.000,375.000,1000.000,275.000,2,0,1,1,1,0,1,0,0,2,2,2,2,1,1,1,1
119,2555.606,-2694.417,230.614,40.011,0.764809,-0.642242,0.050919,0.643673,0.765090,-0.017962,-0.027422,0.046513,0.998541,0,0.90882,0.49701,54.529,0.994,-1,400.000,675.000,275.000,225.000,300.000,250.000,350.000,350.000,-1,-1,-1,-1,575.000,350.000,-1,250.000,2,0,1,1,1,1,1,0,1,2,2,2,2,1,1,2,1
120,2596.514,-2658.554,232.514,41.245,0.751447,-0.658930,0.033745,0.659595,0.751492,-0.013932,-0.016178,0.032727,0.999333,0,0.90673,0.61701,54.404,1.234,-1,400.000,700.000,275.000,225.000,300.000,250.000,325.000,350.000,-1,150.000,-1,-1,575.000,350.000,-1,250.000,2,1,1,1,1,1,1,0,1,2,0,2,2,1,1,2,1
121,2636.350,-2621.774,234.486,42.719,0.734612,-0.678280,0.016749,0.678469,0.734550,-0.010776,-0.004993,0.019280,0.999802,0,0.90365,0.73701,54.219,1.474,-1,400.000,725.000,275.000,225.000,300.000,250.000,325.000,325.000,-1,100.000,725.000,-1,600.000,350.000,-1,225.000,2,1,1,1,1,1,1,0,1,2,0,0,2,1,1,2,1
122,2676.474,-2582.438,236.604,44.433,0.714077,-0.700067,-0.000663,0.700038,0.714055,-0.008524,0.006441,0.005622,0.999963,0,0.93648,0.85701,56.189,1.714,-1,400.000,750.000,250.000,225.000,300.000,250.000,300.000,325.000,-1,100.000,250.000,-1,600.000,350.000,-1,225.000,2,1,1,1,1,1,1,0,1,2,0,0,2,1,1,2,1
123,2715.310,-2541.731,238.658,46.348,0.690066,-0.723529,-0.017731,0.723522,0.690255,-0.007995,0.018023,-0.007312,0.999811,0,0.93768,0.95748,56.261,1.915,-1,400.000,775.000,275.000,225.000,300.000,250.000,300.000,300.000,975.000,75.000,200.000,-1,600.000,350.000,-1,225.000,2,1,1,1,1,1,1,0,1,0,0,0,2,1,1,2,1
124,2752.786,-2499.744,240.339,48.248,0.665164,-0.745901,-0.034470,0.746073,0.665787,-0.010172,0.030537,-0.018951,0.999354,0,0.93797,0.94993,56.278,1.900,-1,400.000,825.000,275.000,200.000,300.000,250.000,300.000,300.000,750.000,75.000,200.000,-1,625.000,375.000,-1,225.000,2,1,1,1,1,1,1,0,1,0,0,0,2,1,1,2,1
125,2788.837,-2456.576,242.124,50.131,0.639458,-0.767159,-0.050611,0.767651,0.640734,-0.013121,0.042494,-0.030461,0.998632,0,0.93735,0.94157,56.241,1.883,-1,400.000,-1,275.000,200.000,300.000,250.000,275.000,275.000,600.000,50.000,200.000,-1,775.000,375.000,-1,225.000,2,1,2,1,1,1,1,0,1,0,0,0,2,1,1,2,1
126,2823.402,-2412.338,244.008,51.996,0.613047,-0.787278,-0.066086,0.788209,0.615179,-0.016759,0.053849,-0.041815,0.997673,0,0.93565,0.93234,56.139,1.865,-1,425.000,-1,275.000,200.000,300.000,250.000,275.000,275.000,500.000,25.000,175.000,-1,-1,375.000,-1,225.000,2,1,2,1,1,1,1,0,1,0,0,0,2,2,1,2,1
127,2856.419,-2367.153,245.691,53.840,0.586165,-0.806288,-0.079429,0.807684,0.589243,-0.020943,0.063689,-0.051877,0.996621,0,0.93270,0.92220,55.962,1.844,-1,425.000,-1,275.000,200.000,300.000,250.000,275.000,250.000,450.000,25.000,175.000,-1,-1,400.000,-1,225.000,2,1,2,1,1,1,1,0,1,0,0,0,2,2,1,2,1
128,2887.835,-2321.157,247.395,55.663,0.558872,-0.824168,-0.091701,0.826064,0.562998,-0.025533,0.072671,-0.061481,0.995459,0,0.92832,0.91114,55.699,1.822,-1,425.000,-1,275.000,200.000,300.000,250.000,275.000,225.000,400.000,25.000,175.000,-1,-1,400.000,-1,225.000,2,1,2,1,1,1,1,0,1,0,0,0,2,2,1,2,1
129,2917.599,-2274.497,249.208,57.461,0.531249,-0.840900,-0.103253,0.843344,0.536517,-0.030324,0.080897,-0.070968,0.994193,0,0.92239,0.89920,55.343,1.798,-1,475.000,-1,275.000,175.000,325.000,275.000,250.000,225.000,350.000,25.000,175.000,-1,-1,400.000,-1,225.000,2,1,2,1,1,1,1,0,1,0,0,0,2,2,1,2,1
130,-2951.719,-7543.196,497.133,143.172,-0.794396,-0.598686,0.102518,0.584749,-0.799462,-0.137581,0.164327,-0.049347,0.985171,1,0.00000,0.00000,54.889,1.773,-1,275.000,475.000,225.000,-1,225.000,200.000,300.000,-1,875.000,200.000,300.000,-1,400.000,325.000,-1,300.000,2,1,1,1,2,1,1,0,2,0,0,0,2,1,1,2,1
131,-2955.574,-7540.334,497.853,143.412,-0.796730,-0.595307,0.104071,0.581053,-0.801930,-0.138872,0.166129,-0.050173,0.984827,0,0.08000,0.12000,4.800,0.240,-1,275.000,475.000,225.000,-1,225.000,200.000,300.000,-1,850.000,175.000,275.000,-1,400.000,325.000,-1,300.000,2,1,1,1,2,1,1,0,2,0,0,0,2,1,1,2,1
132,-2963.331,-7534.676,499.326,143.892,-0.801361,-0.588514,0.107103,0.573609,-0.806816,-0.141498,0.169687,-0.051956,0.984128,0,0.16000,0.24000,9.600,0.480,-1,275.000,475.000,225.000,-1,225.000,200.000,300.000,-1,825.000,125.000,225.000,-1,450.000,325.000,-1,300.000,2,1,1,1,2,1,1,0,2,0,0,0,2,1,1,2,1
133,-2975.073,-7526.336,501.620,144.612,-0.808218,-0.578237,0.111473,0.562310,-0.814016,-0.145549,0.174903,-0.054953,0.983051,0,0.24000,0.36000,14.400,0.720,-1,275.000,-1,225.000,-1,225.000,200.000,300.000,-1,775.000,75.000,175.000,-1,550.000,300.000,-1,300.000,2,1,2,1,2,1,1,0,2,0,0,0,2,1,1,2,1
134,-2990.913,-7515.480,504.832,145.572,-0.817193,-0.564368,0.116977,0.546999,-0.823373,-0.151159,0.181625,-0.059540,0.981564,0,0.32000,0.48000,19.200,0.960,-1,275.000,-1,225.000,350.000,225.000,200.000,300.000,-1,725.000,25.000,125.000,-1,-1,300.000,-1,275.000,2,1,2,1,1,1,1,0,2,0,0,0,2,2,1,2,1
135,-3010.993,-7502.328,509.087,146.772,-0.828145,-0.546771,0.123359,0.527462,-0.834661,-0.158510,0.189632,-0.066202,0.979621,0,0.40000,0.60000,24.000,1.200,-1,300.000,-1,225.000,325.000,225.000,200.000,275.000,-1,675.000,0.000,75.000,-1,-1,300.000,-1,250.000,2,1,2,1,1,1,1,0,2,0,0,0,2,2,1,2,1
136,-3035.440,-7487.095,514.537,148.066,-0.839600,-0.527439,0.129924,0.505658,-0.846260,-0.167790,0.198449,-0.075179,0.977224,0,0.48000,0.64725,28.800,1.295,-1,300.000,-1,225.000,300.000,225.000,200.000,275.000,-1,600.000,0.000,50.000,-1,-1,300.000,-1,250.000,2,1,2,1,1,1,1,0,2,0,0,0,2,2,1,2,1
