timestep,x_cm,y_cm,z_cm,yaw_deg,basis_xx,basis_xy,basis_xz,basis_yx,basis_yy,basis_yz,basis_zx,basis_zy,basis_zz,teleport_flag,throttle_cmd,steering_cmd,cmd_move_cm,cmd_turn_deg,lidar_cm_0,lidar_cm_1,lidar_cm_2,lidar_cm_3,lidar_cm_4,lidar_cm_5,lidar_cm_6,lidar_cm_7,lidar_cm_8,lidar_cm_9,lidar_cm_10,lidar_cm_11,lidar_cm_12,lidar_cm_13,lidar_cm_14,lidar_cm_15,lidar_cm_16,lidar_class_0,lidar_class_1,lidar_class_2,lidar_class_3,lidar_class_4,lidar_class_5,lidar_class_6,lidar_class_7,lidar_class_8,lidar_class_9,lidar_class_10,lidar_class_11,lidar_class_12,lidar_class_13,lidar_class_14,lidar_class_15,lidar_class_16
0,-5579.689,-4265.818,10.186,-152.093,-0.870613,0.467283,0.153879,-0.470419,-0.882267,0.017647,0.144008,-0.057024,0.987932,1,0.08000,-0.02493,4.800,-0.050,275.000,225.000,675.000,400.000,-1,225.000,275.000,-1,150.000,-1,0.000,0.000,500.000,300.000,950.000,250.000,-1,1,1,1,1,2,1,1,2,1,2,0,0,1,1,1,1,2
1,-5588.177,-4270.303,11.063,-152.142,-0.870995,0.466624,0.153720,-0.469145,-0.882854,0.021715,0.145845,-0.053204,0.987876,0,0.16000,-0.02460,9.600,-0.049,275.000,225.000,675.000,400.000,-1,225.000,275.000,-1,150.000,-1,0.000,0.000,475.000,300.000,950.000,225.000,-1,1,1,1,1,2,1,1,2,1,2,0,0,1,1,1,1,2
2,-5600.916,-4277.020,12.367,-152.190,-0.871427,0.466027,0.153083,-0.467553,-0.883518,0.028120,0.148356,-0.047070,0.987813,0,0.24000,-0.02403,14.400,-0.048,250.000,225.000,675.000,400.000,-1,225.000,275.000,-1,125.000,-1,0.000,0.000,475.000,300.000,950.000,225.000,-1,1,1,1,1,2,1,1,2,1,2,0,0,1,1,1,1,2
3,-5617.907,-4285.963,14.107,-152.236,-0.871962,0.465488,0.151671,-0.465569,-0.884230,0.037184,0.151421,-0.038190,0.987731,0,0.32000,-0.02320,19.200,-0.046,250.000,225.000,700.000,375.000,-1,200.000,250.000,-1,125.000,-1,0.000,0.000,475.000,275.000,925.000,225.000,-1,1,1,1,1,2,1,1,2,1,2,0,0,1,1,1,1,2
4,-5639.154,-4297.126,16.292,-152.280,-0.872674,0.464989,0.149085,-0.463092,-0.884935,0.049347,0.154876,-0.025976,0.987592,0,0.40000,-0.02207,24.000,-0.044,225.000,225.000,700.000,375.000,-1,200.000,250.000,-1,125.000,-1,0.000,0.000,450.000,275.000,900.000,200.000,-1,1,1,1,1,2,1,1,2,1,2,0,0,1,1,1,1,2
5,-2295.766,-4919.494,-204.963,-133.815,-0.690744,0.721508,0.047947,-0.721064,-0.692255,0.029145,0.054220,-0.014441,0.998425,1,0.00000,0.00000,28.800,-0.041,-1,375.000,-1,375.000,-1,300.000,300.000,325.000,325.000,-1,750.000,525.000,-1,675.000,-1,-1,-1,2,0,2,0,2,0,0,0,0,2,0,0,2,0,2,2,2
6,-2299.103,-4922.943,-204.706,-134.055,-0.693756,0.718605,0.048057,-0.718149,-0.695274,0.029273,0.054448,-0.014204,0.998416,0,0.08000,-0.12000,4.800,-0.240,-1,375.000,-1,375.000,-1,300.000,300.000,325.000,325.000,-1,750.000,525.000,-1,675.000,-1,-1,-1,2,0,2,0,2,0,0,0,0,2,0,0,2,0,2,2,2
7,-2305.810,-4929.813,-204.179,-134.311,-0.696952,0.715490,0.048286,-0.715017,-0.698484,0.029520,0.054848,-0.013951,0.998397,0,0.16000,-0.12815,9.600,-0.256,-1,375.000,-1,375.000,-1,300.000,300.000,325.000,325.000,-1,575.000,525.000,-1,675.000,-1,-1,-1,2,0,2,0,2,0,0,0,0,2,0,0,2,0,2,2,2
8,-2315.915,-4940.072,-203.376,-134.567,-0.700129,0.712358,0.048634,-0.711863,-0.701682,0.029887,0.055416,-0.013696,0.998369,0,0.24000,-0.12825,14.400,-0.257,-1,375.000,-1,375.000,-1,300.000,300.000,325.000,325.000,-1,550.000,525.000,-1,675.000,-1,-1,-1,2,0,2,0,2,0,0,0,0,2,0,0,2,0,2,2,2
9,-2329.450,-4953.690,-202.288,-134.824,-0.703289,0.709206,0.049104,-0.708682,-0.704874,0.030378,0.056156,-0.013435,0.998332,0,0.32000,-0.12852,19.200,-0.257,-1,375.000,-1,375.000,-1,300.000,300.000,325.000,325.000,-1,550.000,525.000,-1,675.000,-1,-1,-1,2,0,2,0,2,0,0,0,0,2,0,0,2,0,2,2,2
10,-2346.445,-4970.636,-200.881,-135.082,-0.706446,0.706029,0.049561,-0.705469,-0.708062,0.031011,0.056987,-0.013056,0.998290,0,0.40000,-0.12896,24.000,-0.258,-1,375.000,-1,375.000,-1,300.000,300.000,325.000,325.000,-1,550.000,525.000,-1,675.000,-1,-1,-1,2,0,2,0,2,0,0,0,0,2,0,0,2,0,2,2,2
11,-2366.931,-4990.879,-199.197,-135.342,-0.709599,0.702825,0.050063,-0.702207,-0.711254,0.031983,0.058086,-0.012459,0.998234,0,0.48000,-0.12957,28.800,-0.259,-1,375.000,-1,375.000,-1,300.000,300.000,325.000,325.000,-1,550.000,525.000,-1,675.000,-1,-1,-1,2,0,2,1,2,0,0,0,0,2,0,0,2,0,2,2,2
12,-2390.938,-5014.387,-197.202,-135.602,-0.712751,0.699587,0.050641,-0.698898,-0.714451,0.033186,0.059397,-0.011739,0.998165,0,0.56000,-0.13038,33.600,-0.261,-1,375.000,-1,425.000,-1,300.000,300.000,325.000,325.000,-1,550.000,500.000,-1,675.000,-1,-1,-1,2,0,2,1,2,0,0,0,0,2,0,0,2,0,2,2,2
13,-2418.498,-5041.127,-194.868,-135.865,-0.715907,0.696309,0.051297,-0.695534,-0.717659,0.034597,0.060904,-0.010910,0.998084,0,0.64000,-0.13139,38.400,-0.263,-1,375.000,-1,475.000,-1,300.000,300.000,325.000,325.000,-1,550.000,500.000,-1,675.000,-1,-1,-1,2,0,2,1,2,0,0,0,0,2,0,0,2,0,2,2,2
14,-2449.642,-5071.065,-192.176,-136.130,-0.719071,0.692986,0.052029,-0.692110,-0.720882,0.036228,0.062612,-0.009959,0.997988,0,0.72000,-0.13263,43.200,-0.265,-1,375.000,-1,575.000,-1,300.000,300.000,325.000,325.000,-1,550.000,475.000,-1,675.000,-1,-1,-1,2,0,2,1,2,0,0,0,0,2,0,0,2,0,2,2,2
15,-2484.402,-5104.168,-189.103,-136.399,-0.722251,0.689610,0.052834,-0.688614,-0.724127,0.038094,0.064529,-0.008869,0.997876,0,0.80000,-0.13413,48.000,-0.268,-1,375.000,-1,925.000,-1,300.000,325.000,325.000,325.000,-1,525.000,475.000,-1,675.000,-1,-1,-1,2,0,2,1,2,0,1,0,0,2,0,0,2,1,2,2,2
16,-2522.810,-5140.399,-185.622,-136.670,-0.725452,0.686174,0.053712,-0.685037,-0.727398,0.040210,0.066661,-0.007624,0.997747,0,0.88000,-0.13592,52.800,-0.272,-1,375.000,-1,-1,-1,300.000,375.000,325.000,325.000,-1,525.000,450.000,-1,950.000,-1,-1,-1,2,0,2,2,2,0,1,0,0,2,0,0,2,1,2,2,2
17,-2564.899,-5179.722,-182.421,-136.947,-0.728912,0.682675,0.051391,-0.681330,-0.730713,0.042995,0.066903,-0.003675,0.997753,0,0.96000,-0.13806,57.600,-0.276,-1,375.000,-1,-1,-1,300.000,425.000,325.000,325.000,-1,575.000,475.000,-1,-1,-1,-1,-1,2,0,2,2,2,0,1,0,0,2,0,0,2,2,2,2,2
18,-2603.502,-5215.744,-180.519,-136.983,-0.729829,0.682214,0.043968,-0.680649,-0.731142,0.046339,0.063760,0.003893,0.997958,0,0.88000,-0.01806,52.800,-0.036,-1,350.000,-1,-1,-1,325.000,475.000,325.000,300.000,-1,700.000,550.000,-1,-1,-1,-1,-1,2,0,2,2,2,1,1,0,0,2,0,0,2,2,2,2,2
19,-2638.479,-5248.616,-179.028,-136.779,-0.727885,0.684770,0.035694,-0.683074,-0.728666,0.049563,0.059948,0.011695,0.998133,0,0.80000,0.10194,48.000,0.204,-1,375.000,-1,-1,-1,350.000,475.000,325.000,275.000,-1,875.000,700.000,-1,-1,-1,-1,-1,2,1,2,2,2,1,1,0,0,2,0,0,2,2,2,2,2
20,-2669.727,-5278.444,-177.896,-136.335,-0.723012,0.690311,0.026908,-0.688587,-0.723252,0.052479,0.055688,0.019415,0.998259,0,0.72000,0.22194,43.200,0.444,-1,375.000,-1,-1,-1,375.000,500.000,350.000,275.000,-1,-1,875.000,-1,-1,-1,-1,-1,2,1,2,2,2,1,1,0,1,2,2,0,2,2,2,2,2
21,-2697.184,-5305.288,-177.075,-135.651,-0.715116,0.698776,0.017935,-0.697129,-0.714840,0.054904,0.051186,0.026759,0.998331,0,0.64000,0.34194,38.400,0.684,-1,400.000,-1,-1,-1,375.000,500.000,350.000,250.000,-1,-1,-1,-1,1000.000,-1,-1,-1,2,1,2,2,2,1,1,0,1,2,2,2,2,1,2,2,2
22,-2720.827,-5329.162,-176.492,-134.727,-0.704067,0.710074,0.009235,-0.708606,-0.703344,0.056434,0.046568,0.033189,0.998364,0,0.56000,0.46194,33.600,0.924,-1,400.000,-1,-1,-1,375.000,500.000,350.000,250.000,-1,-1,-1,-1,975.000,-1,-1,-1,2,1,2,2,2,1,1,0,1,2,2,2,2,1,2,2,2
23,-2740.672,-5350.032,-176.106,-133.563,-0.689716,0.724079,0.001204,-0.722859,-0.688648,0.056912,0.042038,0.038383,0.998378,0,0.48000,0.58194,28.800,1.164,-1,400.000,-1,-1,-1,375.000,475.000,375.000,250.000,-1,-1,-1,-1,925.000,-1,-1,-1,2,1,2,2,2,1,1,0,1,2,2,2,2,1,2,2,2
24,-2756.812,-5367.794,-175.880,-132.266,-0.673282,0.739361,-0.006054,-0.738417,-0.671958,0.056681,0.037840,0.042632,0.998374,0,0.40000,0.64883,24.000,1.298,-1,375.000,-1,-1,-1,350.000,475.000,375.000,250.000,-1,-1,-1,-1,900.000,-1,-1,-1,2,1,2,2,2,1,1,0,1,2,2,2,2,1,2,2,2
25,-2769.401,-5382.290,-175.760,-130.977,-0.656556,0.754178,-0.012196,-0.753502,-0.655063,0.055922,0.034187,0.045906,0.998361,0,0.32000,0.64439,19.200,1.289,-1,375.000,-1,-1,-1,350.000,450.000,375.000,250.000,-1,-1,-1,-1,850.000,-1,-1,-1,2,1,2,2,2,1,1,0,1,2,2,2,2,1,2,2,2
26,-2778.597,-5393.370,-175.713,-129.696,-0.639562,0.768551,-0.017014,-0.768106,-0.637980,0.054726,0.031205,0.048069,0.998356,0,0.24000,0.64027,14.400,1.281,-1,350.000,-1,-1,-1,350.000,425.000,375.000,250.000,-1,-1,-1,-1,825.000,-1,-1,-1,2,1,2,2,2,1,1,0,1,2,2,2,2,1,2,2,2
27,-2784.562,-5400.891,-175.716,-128.423,-0.622319,0.782499,-0.020361,-0.782227,-0.620718,0.053195,0.028987,0.049031,0.998377,0,0.16000,0.63654,9.600,1.273,-1,350.000,-1,-1,-1,325.000,425.000,400.000,250.000,-1,-1,-1,-1,775.000,-1,-1,-1,2,1,2,2,2,1,1,0,1,2,2,2,2,1,2,2,2
28,-2787.461,-5404.716,-175.754,-127.157,-0.604840,0.796039,-0.022146,-0.795869,-0.603279,0.051447,0.027593,0.048743,0.998430,0,0.08000,0.63327,4.800,1.267,-1,325.000,-1,-1,-1,325.000,400.000,400.000,250.000,-1,-1,-1,-1,750.000,-1,-1,-1,2,1,2,2,2,1,1,0,1,2,2,2,2,1,2,2,2
29,-2787.462,-5404.715,-175.818,-125.896,-0.587131,0.809183,-0.022341,-0.809040,-0.585658,0.049600,0.027051,0.047196,0.998519,0,-0.00000,0.63053,-0.000,1.261,-1,325.000,-1,700.000,-1,300.000,400.000,400.000,250.000,-1,-1,-1,-1,725.000,-1,-1,-1,2,1,2,1,2,1,1,0,1,2,2,2,2,1,2,2,2
30,-2784.735,-5400.764,-175.909,-124.639,-0.569191,0.821938,-0.020972,-0.821750,-0.567842,0.047771,0.027356,0.044425,0.998638,0,-0.08000,0.62835,-4.800,1.257,-1,300.000,-1,675.000,-1,300.000,375.000,400.000,250.000,-1,-1,-1,-1,675.000,-1,-1,-1,2,1,2,1,2,1,1,0,1,2,2,2,2,1,2,2,2
31,-2779.454,-5392.747,-176.034,-123.385,-0.551009,0.834302,-0.018124,-0.834013,-0.549817,0.046072,0.028473,0.040501,0.998774,0,-0.16000,0.62676,-9.600,1.254,-1,300.000,-1,675.000,-1,275.000,375.000,375.000,275.000,-1,-1,-1,-1,650.000,-1,-1,-1,2,1,2,1,2,1,1,0,1,2,2,2,2,1,2,2,2
32,-2773.206,-5382.796,-176.173,-122.134,-0.532577,0.846255,-0.014645,-0.845852,-0.531553,0.044557,0.029922,0.036118,0.998899,0,-0.19583,0.62576,-11.750,1.252,-1,300.000,-1,650.000,-1,275.000,375.000,375.000,275.000,-1,-1,-1,-1,600.000,-1,-1,-1,2,0,2,1,2,1,1,0,1,2,2,2,2,1,2,2,2
33,-2767.138,-5372.647,-176.307,-120.884,-0.513902,0.857777,-0.011149,-0.857276,-0.513040,0.043220,0.031353,0.031769,0.999003,0,-0.19708,0.62505,-11.825,1.250,-1,300.000,-1,650.000,-1,250.000,350.000,375.000,275.000,-1,-1,-1,-1,550.000,-1,-1,-1,2,0,2,1,2,1,1,0,1,2,2,2,2,1,2,2,2
34,-2761.256,-5362.303,-176.434,-119.635,-0.494991,0.868864,-0.007648,-0.868280,-0.494288,0.042059,0.032763,0.027459,0.999086,0,-0.19832,0.62436,-11.899,1.249,-1,300.000,-1,625.000,-1,250.000,350.000,375.000,275.000,-1,-1,-1,-1,525.000,-1,-1,-1,2,0,2,1,2,1,1,0,1,2,2,2,2,0,2,2,2
35,-2755.565,-5351.769,-176.558,-118.388,-0.475856,0.879514,-0.004154,-0.878860,-0.475308,0.041073,0.034149,0.023196,0.999148,0,-0.19955,0.62368,-11.973,1.247,-1,300.000,-1,600.000,-1,250.000,325.000,375.000,275.000,-1,-1,-1,-1,550.000,-1,-1,-1,2,0,2,1,2,1,1,0,1,2,2,2,2,0,2,2,2
36,-2750.071,-5341.049,-176.678,-117.142,-0.456505,0.889721,-0.000681,-0.889012,-0.456110,0.040259,0.035509,0.018984,0.999189,0,-0.20077,0.62303,-12.046,1.246,-1,300.000,-1,600.000,-1,250.000,325.000,375.000,300.000,-1,-1,-1,-1,550.000,-1,-1,-1,2,0,2,1,2,0,1,0,1,2,2,2,2,0,2,2,2
37,-2744.779,-5330.147,-176.797,-115.897,-0.436948,0.899483,0.002759,-0.898732,-0.436705,0.039616,0.036839,0.014830,0.999211,0,-0.20198,0.62240,-12.119,1.245,-1,325.000,-1,575.000,-1,250.000,325.000,375.000,300.000,-1,-1,-1,-1,575.000,-1,-1,-1,2,0,2,1,2,0,1,0,1,2,2,2,2,0,2,2,2
38,-2739.695,-5319.068,-176.915,-114.653,-0.417195,0.908796,0.006155,-0.908016,-0.417102,0.039138,0.038136,0.010740,0.999215,0,-0.20317,0.62179,-12.190,1.244,-1,325.000,-1,550.000,-1,250.000,300.000,350.000,300.000,-1,-1,-1,-1,575.000,-1,-1,-1,2,0,2,1,2,0,1,0,1,2,2,2,2,0,2,2,2
39,-2734.824,-5307.815,-177.018,-113.411,-0.397255,0.917659,0.009527,-0.916864,-0.397314,0.038760,0.039354,0.006663,0.999203,0,-0.20436,0.62120,-12.262,1.242,-1,325.000,-1,550.000,-1,250.000,300.000,350.000,300.000,-1,-1,-1,-1,600.000,-1,-1,-1,2,0,2,1,2,0,1,0,1,2,2,2,2,0,2,2,2
40,-2730.171,-5296.395,-177.086,-112.170,-0.377136,0.926068,0.012919,-0.925275,-0.377349,0.038390,0.040427,0.002524,0.999179,0,-0.20554,0.62063,-12.332,1.241,-1,325.000,-1,525.000,-1,250.000,300.000,350.000,325.000,-1,-1,-1,-1,625.000,-1,-1,-1,2,0,2,1,2,0,1,0,1,2,2,2,2,0,2,2,2
41,-2725.741,-5284.811,-177.156,-110.930,-0.356852,0.934020,0.016243,-0.933240,-0.357219,0.038175,0.041459,-0.001536,0.999139,0,-0.20670,0.62007,-12.402,1.240,-1,325.000,-1,525.000,-1,275.000,275.000,350.000,325.000,-1,-1,-1,-1,625.000,-1,-1,-1,2,0,2,1,2,0,1,0,1,2,2,2,2,0,2,2,2
42,-2721.540,-5273.069,-177.230,-109.690,-0.336414,0.941512,0.019488,-0.940757,-0.336933,0.038109,0.042446,-0.005514,0.999084,0,-0.20786,0.61953,-12.471,1.239,-1,350.000,-1,500.000,-1,275.000,275.000,350.000,325.000,-1,-1,1000.000,-1,650.000,-1,-1,-1,2,0,2,1,2,0,1,0,1,2,2,0,2,0,2,2,2
43,-2717.571,-5261.174,-177.309,-108.452,-0.315832,0.948545,0.022646,-0.947823,-0.316503,0.038185,0.043388,-0.009404,0.999014,0,-0.20900,0.61901,-12.540,1.238,-1,350.000,-1,475.000,-1,275.000,275.000,350.000,325.000,-1,1000.000,950.000,-1,650.000,-1,-1,-1,2,0,2,1,2,0,1,0,1,2,0,0,2,0,2,2,2
44,-2713.839,-5249.131,-177.393,-107.215,-0.295117,0.955115,0.025706,-0.954435,-0.295940,0.038397,0.044281,-0.013203,0.998932,0,-0.21013,0.61850,-12.608,1.237,-1,350.000,-1,475.000,-1,275.000,275.000,350.000,350.000,-1,925.000,900.000,-1,675.000,-1,-1,-1,2,0,2,1,2,0,1,0,1,2,0,0,2,0,2,2,2
45,-2710.349,-5236.946,-177.483,-105.979,-0.274278,0.961223,0.028661,-0.960591,-0.275253,0.038736,0.045123,-0.016907,0.998838,0,-0.21125,0.61800,-12.675,1.236,-1,350.000,-1,450.000,-1,275.000,275.000,350.000,350.000,-1,875.000,850.000,-1,675.000,-1,-1,-1,2,0,2,1,2,0,0,0,1,2,0,0,2,0,2,2,2
46,-2707.106,-5224.624,-177.581,-104.744,-0.253328,0.966867,0.031503,-0.966290,-0.254454,0.039195,0.045912,-0.020512,0.998735,0,-0.21236,0.61752,-12.741,1.235,-1,350.000,-1,450.000,-1,275.000,275.000,325.000,350.000,-1,800.000,800.000,-1,700.000,-1,-1,-1,2,0,2,1,2,0,0,0,1,2,0,0,2,0,2,2,2
47,-2705.218,-5216.911,-177.592,-103.749,-0.236374,0.971084,0.033510,-0.970553,-0.237611,0.039592,0.046410,-0.023164,0.998654,0,-0.13236,0.49752,-7.941,0.995,-1,375.000,-1,425.000,-1,300.000,275.000,325.000,350.000,-1,775.000,775.000,-1,700.000,-1,-1,-1,2,0,2,1,2,0,0,0,1,2,0,0,2,0,2,2,2
48,-2704.512,-5213.850,-177.508,-102.994,-0.223475,0.974089,0.034775,-0.973592,-0.224784,0.039876,0.046660,-0.024945,0.998599,0,-0.05236,0.37752,-3.141,0.755,-1,375.000,-1,425.000,-1,300.000,275.000,325.000,375.000,-1,750.000,775.000,-1,700.000,-1,-1,-1,2,0,2,1,2,0,0,0,1,2,0,0,2,0,2,2,2
49,-2704.870,-5215.469,-177.326,-102.479,-0.214669,0.976047,0.035351,-0.975570,-0.216014,0.040009,0.046687,-0.025898,0.998574,0,0.02764,0.25752,1.659,0.515,-1,375.000,-1,425.000,-1,300.000,275.000,325.000,375.000,-1,750.000,775.000,-1,725.000,-1,-1,-1,2,0,2,1,2,0,0,0,1,2,0,0,2,0,2,2,2
50,-2706.210,-5221.787,-176.987,-101.974,-0.206027,0.977899,0.035581,-0.977439,-0.207388,0.040049,0.046543,-0.026527,0.998564,0,0.10764,0.25284,6.459,0.506,-1,375.000,-1,400.000,-1,300.000,275.000,325.000,375.000,-1,750.000,775.000,-1,725.000,-1,-1,-1,2,0,2,1,2,0,0,0,1,2,0,0,2,0,2,2,2
51,-2708.449,-5232.821,-176.488,-101.471,-0.197441,0.979672,0.035495,-0.979224,-0.198800,0.039993,0.046236,-0.026862,0.998569,0,0.18764,0.25130,11.259,0.503,-1,375.000,-1,400.000,-1,300.000,275.000,325.000,375.000,-1,775.000,800.000,-1,725.000,-1,-1,-1,2,0,2,1,2,0,0,0,1,2,0,0,2,0,2,2,2
52,-2711.505,-5248.586,-175.828,-100.973,-0.188931,0.981363,0.035102,-0.980923,-0.190271,0.039828,0.045764,-0.026907,0.998590,0,0.26764,0.24919,16.059,0.498,-1,375.000,-1,400.000,-1,300.000,275.000,325.000,400.000,-1,800.000,825.000,-1,725.000,-1,-1,-1,2,0,2,1,2,0,0,0,1,2,0,0,2,0,2,2,2
53,-2715.299,-5269.097,-175.011,-100.480,-0.180517,0.982970,0.034396,-0.982536,-0.181821,0.039539,0.045119,-0.026658,0.998626,0,0.34764,0.24649,20.859,0.493,-1,375.000,-1,400.000,-1,300.000,275.000,325.000,400.000,-1,825.000,850.000,-1,725.000,-1,-1,-1,2,0,2,1,2,0,0,0,1,2,0,0,2,0,2,2,2
54,-2719.751,-5294.366,-173.937,-99.993,-0.172217,0.984483,0.033684,-0.984076,-0.173472,0.038745,0.043987,-0.026475,0.998681,0,0.42764,0.24318,25.659,0.486,-1,375.000,-1,375.000,-1,300.000,275.000,325.000,425.000,-1,900.000,900.000,-1,725.000,-1,-1,-1,2,0,2,1,2,0,0,0,1,2,0,0,2,0,2,2,2
55,-2724.786,-5324.405,-172.416,-99.515,-0.164000,0.985881,0.033790,-0.985522,-0.165242,0.037972,0.043020,-0.027074,0.998707,0,0.50764,0.23924,30.459,0.478,-1,375.000,-1,375.000,-1,300.000,275.000,325.000,475.000,-1,950.000,975.000,-1,725.000,1000.000,-1,-1,2,0,2,1,2,0,0,0,1,2,0,0,2,0,1,2,2
56,-2730.329,-5359.225,-170.634,-99.046,-0.155929,0.987183,0.033991,-0.986875,-0.157159,0.037121,0.041987,-0.027756,0.998733,0,0.58764,0.23463,35.259,0.469,-1,375.000,-1,375.000,-1,275.000,275.000,325.000,500.000,-1,-1,-1,-1,725.000,950.000,-1,-1,2,0,2,1,2,0,0,0,1,2,2,2,2,0,1,2,2
57,-2736.310,-5398.835,-168.608,-98.587,-0.148034,0.988390,0.034206,-0.988139,-0.149247,0.036140,0.040826,-0.028450,0.998761,0,0.66764,0.22935,40.059,0.459,-1,350.000,-1,375.000,-1,275.000,275.000,325.000,550.000,-1,-1,-1,-1,725.000,925.000,-1,-1,2,0,2,1,2,0,0,0,1,2,2,2,2,0,1,2,2
58,-2742.224,-5441.523,-166.310,-97.888,-0.135954,0.990095,0.035058,-0.989919,-0.137178,0.035257,0.039717,-0.029912,0.998763,0,0.71826,0.34935,43.096,0.699,-1,350.000,-1,375.000,-1,275.000,275.000,325.000,625.000,-1,-1,-1,-1,750.000,900.000,-1,-1,2,0,2,1,2,0,0,0,1,2,2,2,2,0,1,2,2
59,-2747.401,-5484.005,-163.889,-96.949,-0.119660,0.992138,0.036669,-0.992056,-0.120930,0.034646,0.038808,-0.032232,0.998727,0,0.71327,0.46935,42.796,0.939,-1,350.000,-1,375.000,-1,275.000,275.000,325.000,-1,-1,-1,-1,-1,750.000,850.000,-1,-1,2,0,2,1,2,0,0,0,2,2,2,2,2,0,1,2,2
60,-2751.669,-5526.241,-161.721,-95.771,-0.099139,0.994354,0.037835,-0.994300,-0.100489,0.035635,0.039236,-0.034087,0.998648,0,0.70752,0.58935,42.451,1.179,-1,375.000,-1,350.000,-1,275.000,275.000,325.000,-1,-1,-1,-1,-1,775.000,825.000,-1,-1,2,0,2,1,2,0,0,0,2,2,2,2,2,0,1,2,2
61,-2754.860,-5568.184,-159.569,-94.352,-0.074357,0.996456,0.039320,-0.996415,-0.075834,0.037503,0.040352,-0.036391,0.998523,0,0.70108,0.70935,42.065,1.419,-1,375.000,-1,350.000,-1,300.000,275.000,325.000,-1,-1,-1,-1,-1,800.000,800.000,-1,-1,2,0,2,1,2,0,0,0,2,2,2,2,2,0,1,2,2
62,-2756.926,-5609.774,-157.461,-92.845,-0.047954,0.998011,0.040912,-0.997966,-0.049593,0.040051,0.042000,-0.038908,0.998360,0,0.69402,0.75360,41.641,1.507,-1,375.000,-1,325.000,-1,300.000,275.000,325.000,-1,-1,-1,-1,-1,825.000,800.000,-1,-1,2,0,2,1,2,0,0,0,2,2,2,2,2,0,1,2,2
63,-2757.887,-5650.966,-155.396,-91.338,-0.021495,0.998864,0.042525,-0.998799,-0.023328,0.043088,0.044031,-0.041548,0.998166,0,0.68672,0.75347,41.203,1.507,-1,400.000,-1,325.000,-1,300.000,275.000,325.000,-1,-1,-1,-1,-1,875.000,775.000,-1,-1,2,0,2,0,2,0,0,0,2,2,2,2,2,0,1,2,2
64,-2757.766,-5691.734,-153.359,-89.831,0.005013,0.999010,0.044199,-0.998912,0.002953,0.046552,0.046375,-0.044384,0.997938,0,0.67946,0.75363,40.768,1.507,-1,400.000,-1,350.000,-1,300.000,300.000,325.000,-1,-1,950.000,-1,-1,925.000,800.000,-1,-1,2,0,2,0,2,0,0,0,2,2,0,2,2,0,1,2,2
65,-2756.583,-5732.060,-151.332,-88.323,0.031565,0.998444,0.045977,-0.998302,0.029240,0.050386,0.048963,-0.047489,0.997671,0,0.67238,0.75404,40.343,1.508,-1,425.000,-1,350.000,-1,325.000,300.000,325.000,-1,-1,725.000,825.000,-1,975.000,800.000,-1,-1,2,0,2,0,2,0,0,0,2,2,0,0,2,0,1,2,2
66,-2754.362,-5771.934,-149.297,-86.813,0.058153,0.997158,0.047908,-0.996967,0.055521,0.054545,0.051730,-0.050934,0.997361,0,0.66560,0.75471,39.936,1.509,-1,425.000,-1,375.000,-1,325.000,325.000,325.000,-1,-1,575.000,625.000,-1,-1,825.000,-1,-1,2,0,2,0,2,0,0,0,2,2,0,0,2,2,1,2,2
67,-2751.121,-5811.352,-147.237,-85.302,0.084770,0.995143,0.050044,-0.994903,0.081783,0.058988,0.054609,-0.054789,0.997003,0,0.65920,0.75563,39.552,1.511,-1,450.000,-1,400.000,-1,350.000,325.000,325.000,-1,-1,100.000,0.000,-1,-1,900.000,-1,-1,2,0,2,0,2,0,0,0,2,2,0,0,2,2,0,2,2
68,-2746.877,-5850.318,-145.135,-83.788,0.111410,0.992390,0.052441,-0.992107,0.108013,0.063688,0.057539,-0.059122,0.996591,0,0.65326,0.75676,39.196,1.514,-1,475.000,-1,425.000,-1,350.000,350.000,325.000,-1,-1,0.000,0.000,-1,-1,975.000,-1,-1,2,0,2,0,2,0,0,0,2,2,0,0,2,2,0,2,2
69,-2741.649,-5888.834,-143.827,-82.272,0.137663,0.989085,0.052531,-0.988866,0.134220,0.064261,0.056508,-0.060793,0.996550,0,0.64784,0.75811,38.871,1.516,-1,475.000,-1,425.000,-1,375.000,350.000,325.000,-1,-1,0.000,0.000,-1,-1,-1,-1,-1,2,0,2,0,2,0,0,0,2,2,0,0,2,2,2,2,2
70,-2735.449,-5926.911,-143.027,-80.753,0.163649,0.985174,0.051500,-0.985104,0.160397,0.061990,0.052810,-0.060878,0.996747,0,0.64298,0.75966,38.579,1.519,-1,475.000,-1,425.000,-1,350.000,350.000,325.000,-1,-1,0.000,0.000,-1,-1,-1,-1,-1,2,0,2,0,2,0,0,0,2,2,0,0,2,2,2,2,2
71,-2727.582,-5968.277,-142.115,-79.233,0.189533,0.980524,0.051471,-0.980682,0.186460,0.059123,0.048375,-0.061683,0.996923,0,0.70181,0.75991,42.109,1.520,-1,475.000,-1,425.000,-1,350.000,350.000,325.000,-1,-1,0.000,0.000,-1,-1,1000.000,-1,-1,2,0,2,0,2,0,0,0,2,2,0,0,2,2,0,2,2
72,-2718.703,-6009.037,-141.329,-77.714,0.215271,0.975135,0.052636,-0.975598,0.212363,0.055768,0.043203,-0.063357,0.997055,0,0.69529,0.75944,41.717,1.519,-1,475.000,-1,425.000,-1,350.000,350.000,325.000,-1,-1,0.000,0.000,-1,-1,1000.000,-1,-1,2,0,2,0,2,0,0,0,2,2,0,0,2,2,0,2,2
73,-2708.842,-6049.161,-140.536,-76.196,0.240836,0.969041,0.054384,-0.969832,0.238098,0.052291,0.037723,-0.065337,0.997150,0,0.68865,0.75924,41.319,1.518,-1,450.000,-1,425.000,-1,350.000,350.000,325.000,-1,-1,0.000,0.000,-1,-1,1000.000,-1,-1,2,0,2,0,2,0,0,0,2,2,0,0,2,2,0,2,2
74,-2698.026,-6088.626,-139.739,-74.677,0.266213,0.962244,0.056717,-0.963384,0.263656,0.048744,0.031950,-0.067616,0.997200,0,0.68202,0.75931,40.921,1.519,-1,450.000,-1,425.000,-1,350.000,350.000,325.000,675.000,-1,175.000,0.000,-1,-1,975.000,-1,-1,2,0,2,0,2,0,0,0,1,2,0,0,2,2,0,2,2
75,-2686.280,-6127.416,-138.939,-73.158,0.291385,0.954746,0.059631,-0.956255,0.289024,0.045176,0.025897,-0.070186,0.997198,0,0.67550,0.75964,40.530,1.519,-1,450.000,-1,425.000,-1,350.000,350.000,325.000,600.000,-1,-1,0.000,-1,-1,950.000,-1,-1,2,0,2,0,2,0,0,0,1,2,2,0,2,2,0,2,2
76,-2673.628,-6165.521,-138.137,-71.637,0.316332,0.946546,0.063123,-0.948447,0.314190,0.041635,0.019577,-0.073039,0.997137,0,0.66921,0.76021,40.152,1.520,-1,450.000,-1,425.000,-1,350.000,350.000,325.000,525.000,-1,-1,-1,-1,975.000,950.000,-1,-1,2,0,2,0,2,0,0,0,1,2,2,2,2,0,0,2,2
77,-2660.089,-6202.940,-137.336,-70.115,0.341035,0.937647,0.067188,-0.939961,0.339141,0.038169,0.013003,-0.076171,0.997010,0,0.66322,0.76102,39.793,1.522,-1,425.000,-1,425.000,-1,350.000,325.000,325.000,475.000,-1,-1,-1,-1,950.000,925.000,-1,-1,2,0,2,0,2,0,0,0,1,2,2,2,2,0,0,2,2
78,-2645.683,-6239.671,-136.577,-68.591,0.365465,0.928035,0.072020,-0.930805,0.363859,0.034760,0.006054,-0.079740,0.996797,0,0.65762,0.76206,39.457,1.524,-1,425.000,-1,425.000,-1,350.000,325.000,325.000,425.000,-1,-1,-1,-1,900.000,925.000,-1,-1,2,0,2,0,2,0,0,0,1,2,2,2,2,0,0,2,2
79,-2630.423,-6275.721,-135.819,-67.065,0.389607,0.917722,0.077412,-0.920981,0.388331,0.031528,-0.001128,-0.083578,0.996501,0,0.65245,0.76330,39.147,1.527,-1,425.000,-1,400.000,-1,325.000,325.000,300.000,400.000,-1,-1,-1,-1,875.000,900.000,-1,-1,2,0,2,0,2,0,0,0,1,2,2,2,2,0,0,2,2
80,-2614.322,-6311.094,-135.063,-65.535,0.413438,0.906709,0.083354,-0.910492,0.412542,0.028515,-0.008532,-0.087682,0.996112,0,0.64777,0.76474,38.866,1.529,-1,400.000,-1,400.000,-1,325.000,325.000,300.000,375.000,-1,-1,-1,-1,825.000,875.000,-1,-1,2,0,2,0,2,0,0,0,1,2,2,2,2,0,0,2,2
81,-2597.389,-6345.798,-134.311,-64.002,0.436936,0.894996,0.089834,-0.899348,0.436474,0.025765,-0.016151,-0.092050,0.995623,0,0.64360,0.76637,38.616,1.533,-1,400.000,-1,400.000,-1,325.000,325.000,300.000,375.000,-1,-1,-1,-1,800.000,850.000,-1,-1,2,0,2,0,2,0,0,0,1,2,2,2,2,0,0,2,2
82,-2579.636,-6379.842,-134.173,-62.466,0.460292,0.882771,0.094052,-0.887490,0.460208,0.023877,-0.022206,-0.094461,0.995281,0,0.63994,0.76816,38.396,1.536,-1,400.000,-1,400.000,-1,325.000,325.000,300.000,350.000,-1,-1,-1,-1,775.000,850.000,-1,-1,2,0,2,0,2,0,0,0,1,2,2,2,2,0,0,2,2
83,-2561.070,-6413.234,-134.919,-60.926,0.483640,0.870126,0.094732,-0.874883,0.483794,0.022872,-0.025929,-0.093941,0.995240,0,0.63680,0.77012,38.208,1.540,-1,400.000,-1,400.000,-1,325.000,325.000,300.000,325.000,-1,-1,-1,-1,775.000,825.000,-1,-1,2,0,2,0,2,0,0,0,1,2,2,2,2,0,0,2,2
84,-2541.692,-6445.979,-135.985,-59.381,0.506792,0.856883,0.094409,-0.861582,0.507137,0.022091,-0.028949,-0.092536,0.995288,0,0.63417,0.77221,38.050,1.544,-1,400.000,-1,400.000,-1,325.000,325.000,300.000,325.000,-1,-1,-1,-1,775.000,825.000,-1,-1,2,0,2,0,2,0,0,0,1,2,2,2,2,0,0,2,2
85,-2521.504,-6478.079,-137.139,-57.832,0.529651,0.842975,0.094141,-0.847614,0.530184,0.021326,-0.031935,-0.091091,0.995330,0,0.63203,0.77444,37.922,1.549,-1,400.000,-1,400.000,-1,325.000,325.000,300.000,300.000,-1,-1,-1,-1,750.000,825.000,-1,-1,2,0,2,0,2,0,0,0,0,2,2,2,2,0,0,2,2
86,-2500.509,-6509.537,-138.521,-56.279,0.552177,0.828441,0.093731,-0.832979,0.552944,0.019955,-0.035297,-0.089095,0.995398,0,0.63037,0.77680,37.822,1.554,-1,400.000,-1,400.000,-1,325.000,325.000,300.000,300.000,-1,-1,-1,-1,750.000,800.000,-1,-1,2,0,2,0,2,0,0,0,0,2,2,2,2,0,0,2,2
87,-2478.708,-6540.353,-139.991,-54.720,0.574379,0.813242,0.093410,-0.817678,0.575375,0.018604,-0.038616,-0.087065,0.995454,0,0.62915,0.77926,37.749,1.559,-1,400.000,-1,400.000,-1,325.000,325.000,300.000,300.000,-1,-1,-1,-1,750.000,800.000,-1,-1,2,0,2,0,2,0,0,0,0,2,2,2,2,0,0,2,2
88,-2459.066,-6566.806,-141.326,-53.402,0.592841,0.799907,0.093215,-0.804256,0.594025,0.017506,-0.041369,-0.085347,0.995492,0,0.54915,0.65926,32.949,1.319,-1,400.000,-1,400.000,-1,325.000,325.000,300.000,300.000,-1,-1,-1,-1,750.000,775.000,-1,-1,2,0,2,0,2,0,0,0,0,2,2,2,2,0,0,2,2
89,-2441.862,-6589.085,-142.502,-52.323,0.607715,0.788679,0.093105,-0.792958,0.609049,0.016631,-0.043589,-0.083935,0.995517,0,0.46915,0.53926,28.149,1.079,-1,400.000,-1,400.000,-1,325.000,325.000,300.000,300.000,-1,-1,-1,-1,750.000,775.000,-1,-1,2,0,2,0,2,0,0,0,0,2,2,2,2,0,0,2,2
90,-2427.260,-6607.304,-143.507,-51.287,0.621815,0.777615,0.093060,-0.781836,0.623279,0.015969,-0.045584,-0.082688,0.995532,0,0.38915,0.51818,23.349,1.036,-1,400.000,-1,400.000,-1,325.000,325.000,300.000,300.000,-1,-1,-1,-1,725.000,775.000,-1,-1,2,0,2,0,2,0,0,0,0,2,2,2,2,0,0,2,2
91,-2415.400,-6621.565,-144.329,-50.247,0.635769,0.766248,0.093065,-0.770420,0.637348,0.015499,-0.047439,-0.081553,0.995539,0,0.30915,0.51991,18.549,1.040,-1,400.000,-1,400.000,-1,325.000,325.000,300.000,300.000,-1,-1,-1,-1,725.000,750.000,-1,-1,2,0,2,0,2,0,0,0,0,2,2,2,2,0,0,2,2
92,-2406.417,-6631.974,-144.955,-49.204,0.649560,0.754588,0.093105,-0.758719,0.651240,0.015197,-0.049166,-0.080512,0.995540,0,0.22915,0.52130,13.749,1.043,-1,400.000,-1,400.000,-1,325.000,325.000,300.000,300.000,-1,-1,-1,-1,725.000,750.000,-1,-1,2,0,2,0,2,0,0,0,0,2,2,2,2,0,0,2,2
93,-2400.449,-6638.641,-145.371,-48.160,0.663171,0.742647,0.093166,-0.746744,0.664942,0.015045,-0.050777,-0.079549,0.995537,0,0.14915,0.52235,8.949,1.045,-1,400.000,-1,400.000,-1,325.000,325.000,300.000,300.000,-1,-1,-1,-1,725.000,750.000,-1,-1,2,0,2,0,2,0,0,0,0,2,2,2,2,0,0,2,2
94,-2397.626,-6641.681,-145.565,-47.114,0.676587,0.730436,0.093237,-0.734504,0.678437,0.015029,-0.052278,-0.078651,0.995530,0,0.06915,0.52304,4.149,1.046,-1,400.000,-1,400.000,-1,325.000,325.000,300.000,300.000,-1,-1,-1,-1,725.000,750.000,-1,-1,2,0,2,0,2,0,0,0,0,2,2,2,2,0,0,2,2
95,-2398.079,-6641.212,-145.524,-46.067,0.689794,0.717968,0.093307,-0.722013,0.691713,0.015138,-0.053673,-0.077811,0.995522,0,-0.01085,0.52336,-0.651,1.047,-1,400.000,-1,400.000,-1,325.000,325.000,300.000,325.000,-1,-1,-1,-1,725.000,750.000,-1,-1,2,0,2,0,2,0,0,0,0,2,2,2,2,0,0,2,2
96,-2401.932,-6637.357,-145.235,-45.020,0.702777,0.705257,0.093367,-0.709284,0.704756,0.015369,-0.054962,-0.077024,0.995513,0,-0.09085,0.52331,-5.451,1.047,-1,400.000,-1,400.000,-1,325.000,325.000,300.000,325.000,-1,-1,-1,-1,725.000,750.000,-1,-1,2,0,2,0,2,0,0,0,0,2,2,2,2,0,0,2,2
97,-2409.310,-6630.239,-144.685,-43.975,0.715523,0.692316,0.093407,-0.696329,0.717550,0.015720,-0.056141,-0.076290,0.995504,0,-0.17085,0.52288,-10.251,1.046,-1,400.000,-1,400.000,-1,325.000,325.000,300.000,325.000,-1,-1,-1,-1,725.000,750.000,-1,-1,2,0,2,0,2,0,0,0,0,2,2,2,2,0,0,2,2
98,-2420.331,-6619.987,-143.862,-42.930,0.728020,0.679161,0.093419,-0.683165,0.730085,0.016196,-0.057204,-0.075611,0.995495,0,-0.25085,0.52206,-15.051,1.044,-1,400.000,-1,400.000,-1,325.000,325.000,300.000,325.000,-1,-1,-1,-1,725.000,750.000,-1,-1,2,0,2,0,2,0,0,0,0,2,2,2,2,0,0,2,2
99,-2427.934,-6613.111,-143.289,-42.126,0.737481,0.668876,0.093417,-0.672871,0.739575,0.016532,-0.058031,-0.075050,0.995490,0,-0.17085,0.40206,-10.251,0.804,-1,400.000,-1,400.000,-1,325.000,325.000,300.000,325.000,-1,-1,-1,-1,725.000,750.000,-1,-1,2,0,2,0,2,0,0,0,0,2,2,2,2,0,0,2,2
100,-2432.020,-6609.502,-142.977,-41.461,0.745191,0.660275,0.093417,-0.664257,0.747317,0.016730,-0.058766,-0.074520,0.995486,0,-0.09085,0.33245,-5.451,0.665,-1,400.000,-1,400.000,-1,325.000,325.000,300.000,325.000,-1,-1,-1,-1,750.000,750.000,-1,-1,2,0,2,0,2,0,0,0,0,2,2,2,2,0,0,2,2
101,-2432.513,-6609.077,-142.932,-40.797,0.752786,0.651601,0.093431,-0.655563,0.754954,0.016801,-0.059589,-0.073898,0.995484,0,-0.01085,0.33200,-0.651,0.664,-1,400.000,-1,400.000,-1,325.000,325.000,300.000,325.000,-1,-1,-1,-1,750.000,750.000,-1,-1,2,0,2,0,2,0,0,0,0,2,2,2,2,0,0,2,2
102,-2429.341,-6611.752,-143.162,-40.134,0.760274,0.642843,0.093465,-0.646779,0.762494,0.016749,-0.060499,-0.073185,0.995482,0,0.06915,0.33195,4.149,0.664,-1,400.000,-1,400.000,-1,325.000,325.000,300.000,325.000,-1,-1,-1,-1,750.000,750.000,-1,-1,2,0,2,0,2,0,0,0,0,2,2,2,2,0,0,2,2
103,-2422.434,-6617.441,-143.674,-39.469,0.767663,0.633993,0.093523,-0.637897,0.769943,0.016582,-0.061495,-0.072387,0.995479,0,0.14915,0.33229,8.949,0.665,-1,400.000,-1,400.000,-1,325.000,325.000,300.000,325.000,-1,-1,-1,-1,725.000,750.000,-1,-1,2,0,2,0,2,0,0,0,0,2,2,2,2,0,0,2,2
104,-2411.720,-6626.057,-144.477,-38.803,0.774960,0.625039,0.093611,-0.628906,0.777310,0.016315,-0.062567,-0.071516,0.995475,0,0.22915,0.33303,13.749,0.666,-1,400.000,-1,400.000,-1,325.000,325.000,300.000,325.000,-1,-1,-1,-1,725.000,750.000,-1,-1,2,0,2,0,2,0,0,0,0,2,2,2,2,0,0,2,2
105,-2397.130,-6637.512,-145.581,-38.135,0.782172,0.615971,0.093733,-0.619795,0.784601,0.015949,-0.063719,-0.070570,0.995470,0,0.30915,0.33417,18.549,0.668,-1,400.000,-1,400.000,-1,325.000,325.000,300.000,325.000,-1,-1,-1,-1,725.000,750.000,-1,-1,2,0,2,0,2,0,0,0,0,2,2,2,2,0,0,2,2
106,-2378.597,-6651.714,-147.081,-37.463,0.789313,0.606771,0.093887,-0.610561,0.791813,0.015708,-0.064809,-0.069723,0.995459,0,0.38915,0.33573,23.349,0.671,-1,400.000,-1,400.000,-1,325.000,325.000,300.000,325.000,-1,-1,-1,-1,725.000,725.000,-1,-1,2,0,2,0,2,0,0,0,0,2,2,2,2,0,0,2,2
107,-2356.055,-6668.571,-148.928,-36.788,0.796387,0.597427,0.094069,-0.601192,0.798953,0.015578,-0.065850,-0.068960,0.995444,0,0.46915,0.33769,28.149,0.675,-1,400.000,-1,400.000,-1,325.000,325.000,300.000,325.000,-1,-1,-1,-1,725.000,725.000,-1,-1,2,0,2,0,2,0,0,0,0,2,2,2,2,0,0,2,2
108,-2329.435,-6687.989,-151.104,-36.108,0.803398,0.587931,0.094279,-0.591672,0.806030,0.015470,-0.066896,-0.068211,0.995426,0,0.54915,0.34008,32.949,0.680,-1,400.000,-1,375.000,-1,325.000,325.000,300.000,325.000,-1,-1,-1,-1,725.000,725.000,-1,-1,2,0,2,0,2,0,0,0,0,2,2,2,2,0,0,2,2
109,-2298.674,-6709.868,-153.614,-35.422,0.810352,0.578270,0.094514,-0.581991,0.813049,0.015406,-0.067936,-0.067491,0.995404,0,0.62915,0.34288,37.749,0.686,-1,400.000,-1,375.000,-1,325.000,325.000,300.000,325.000,-1,-1,-1,-1,725.000,725.000,-1,-1,2,0,2,0,2,0,0,0,0,2,2,2,2,0,0,2,2
110,-2267.224,-6731.669,-156.172,-34.730,0.817257,0.568432,0.094748,-0.572136,0.820014,0.015411,-0.068935,-0.066804,0.995382,0,0.63778,0.34611,38.267,0.692,-1,400.000,-1,375.000,-1,325.000,325.000,300.000,325.000,-1,-1,-1,-1,700.000,725.000,-1,-1,2,0,2,0,2,0,0,0,0,2,2,2,2,0,0,2,2
111,-2235.397,-6753.163,-158.754,-34.031,0.824108,0.558413,0.094978,-0.562104,0.826922,0.015487,-0.069891,-0.066150,0.995359,0,0.64009,0.34941,38.406,0.699,-1,375.000,-1,375.000,-1,325.000,325.000,300.000,325.000,-1,-1,-1,-1,700.000,700.000,-1,-1,2,0,2,0,2,0,0,0,0,2,2,2,2,0,0,2,2
112,-2203.187,-6774.341,-161.361,-33.325,0.830904,0.548211,0.095199,-0.551893,0.833769,0.015633,-0.070804,-0.065529,0.995335,0,0.64248,0.35273,38.549,0.705,-1,375.000,-1,375.000,-1,325.000,325.000,300.000,325.000,-1,-1,-1,-1,700.000,700.000,-1,-1,2,0,2,0,2,0,0,0,0,2,2,2,2,0,0,2,2
113,-2170.593,-6795.197,-163.995,-32.613,0.837639,0.537826,0.095410,-0.541502,0.840550,0.015860,-0.071667,-0.064949,0.995312,0,0.64493,0.35608,38.696,0.712,-1,375.000,-1,375.000,-1,325.000,325.000,300.000,325.000,-1,-1,-1,-1,700.000,700.000,-1,-1,2,0,2,0,2,0,0,0,0,2,2,2,2,0,0,2,2
114,-2137.612,-6815.722,-166.711,-31.894,0.844319,0.527249,0.095574,-0.530940,0.847250,0.016441,-0.072307,-0.064626,0.995287,0,0.64744,0.35945,38.847,0.719,-1,375.000,-1,375.000,-1,325.000,300.000,300.000,325.000,-1,-1,-1,-1,700.000,700.000,-1,-1,2,0,2,0,2,0,0,0,0,2,2,2,2,0,0,2,2
115,-2104.241,-6835.907,-169.453,-31.169,0.850929,0.516486,0.095718,-0.520196,0.853876,0.017085,-0.072907,-0.064330,0.995262,0,0.65001,0.36285,39.001,0.726,-1,375.000,-1,375.000,-1,300.000,300.000,300.000,325.000,-1,-1,-1,-1,700.000,675.000,-1,-1,2,0,2,0,2,0,0,0,0,2,2,2,2,0,0,2,2
116,-2070.480,-6855.743,-172.300,-30.436,0.857499,0.505545,0.095492,-0.509245,0.860440,0.017657,-0.073239,-0.063769,0.995274,0,0.65263,0.36627,39.158,0.733,-1,375.000,-1,375.000,-1,300.000,300.000,300.000,325.000,-1,-1,-1,-1,675.000,675.000,-1,-1,2,0,2,0,2,0,0,0,0,2,2,2,2,0,0,2,2
117,-2033.706,-6876.587,-175.324,-29.543,0.865374,0.492105,0.094654,-0.495739,0.868283,0.018103,-0.073278,-0.062590,0.995346,0,0.70453,0.44668,42.272,0.893,-1,375.000,-1,375.000,-1,300.000,300.000,300.000,325.000,-1,-1,-1,-1,675.000,675.000,-1,-1,2,0,2,0,2,0,0,0,0,2,2,2,2,0,0,2,2
118,-1996.455,-6896.933,-178.304,-28.642,0.873124,0.478434,0.093568,-0.481983,0.875985,0.018491,-0.073117,-0.061243,0.995441,0,0.70743,0.45040,42.446,0.901,-1,375.000,-1,375.000,-1,300.000,300.000,300.000,325.000,-1,-1,-1,-1,700.000,675.000,-1,-1,2,0,2,0,2,0,0,0,0,2,2,2,2,0,0,2,2
119,-1958.729,-6916.769,-181.300,-27.734,0.880715,0.464523,0.092520,-0.467996,0.883528,0.018932,-0.072949,-0.059973,0.995531,0,0.71038,0.45415,42.623,0.908,-1,375.000,-1,375.000,-1,300.000,300.000,325.000,325.000,-1,-1,-1,-1,700.000,675.000,-1,-1,2,0,2,0,2,0,0,0,0,2,2,2,2,0,0,2,2
120,-1920.531,-6936.080,-184.314,-26.818,0.888138,0.450374,0.091509,-0.453777,0.890903,0.019426,-0.072777,-0.058777,0.995615,0,0.71338,0.45793,42.803,0.916,-1,375.000,-1,375.000,-1,300.000,300.000,325.000,325.000,-1,-1,-1,-1,700.000,675.000,-1,-1,2,0,2,0,2,0,0,0,0,2,2,2,2,0,0,2,2
121,-1881.863,-6954.853,-187.375,-25.894,0.895399,0.435988,0.090415,-0.439319,0.898110,0.019915,-0.072520,-0.057553,0.995705,0,0.71641,0.46172,42.985,0.923,-1,375.000,-1,375.000,-1,300.000,300.000,325.000,325.000,-1,-1,-1,-1,700.000,675.000,-1,-1,2,0,2,0,2,0,0,0,0,2,2,2,2,0,0,2,2
122,-1842.728,-6973.072,-190.484,-24.963,0.902489,0.421367,0.089235,-0.424622,0.905141,0.020391,-0.072179,-0.056294,0.995802,0,0.71948,0.46554,43.169,0.931,-1,375.000,-1,375.000,-1,300.000,300.000,325.000,325.000,-1,-1,-1,-1,700.000,675.000,-1,-1,2,0,2,0,2,0,0,0,0,2,2,2,2,0,0,2,2
123,-1803.131,-6990.723,-193.516,-24.024,0.909404,0.406500,0.087986,-0.409711,0.911966,0.021349,-0.071562,-0.055463,0.995893,0,0.72257,0.46937,43.354,0.939,-1,375.000,-1,375.000,-1,300.000,300.000,300.000,325.000,-1,-1,-1,-1,700.000,675.000,-1,-1,2,0,2,0,2,0,0,0,0,2,2,2,2,0,0,2,2
124,-1763.075,-7007.791,-196.538,-23.078,0.916127,0.391395,0.086726,-0.394575,0.918589,0.022480,-0.070866,-0.054815,0.995979,0,0.72569,0.47322,43.541,0.946,-1,375.000,-1,375.000,-1,300.000,300.000,300.000,325.000,-1,-1,-1,-1,700.000,675.000,-1,-1,2,0,2,0,2,0,0,0,0,2,2,2,2,0,0,2,2
125,-1722.565,-7024.260,-199.565,-22.124,0.922652,0.376058,0.085405,-0.379203,0.925013,0.023583,-0.070132,-0.054145,0.996067,0,0.72883,0.47709,43.730,0.954,-1,375.000,-1,375.000,-1,300.000,300.000,300.000,325.000,-1,975.000,-1,-1,700.000,675.000,-1,-1,2,0,2,0,2,0,0,0,0,2,0,2,2,0,0,2,2
126,-1681.593,-7040.076,-202.618,-21.107,0.929311,0.359593,0.084106,-0.362705,0.931577,0.024700,-0.069470,-0.053459,0.996151,0,0.73199,0.50853,43.919,1.017,-1,375.000,-1,375.000,-1,300.000,300.000,300.000,325.000,-1,800.000,850.000,-1,700.000,675.000,-1,-1,2,0,2,0,2,0,0,0,0,2,0,0,2,0,0,2,2
127,-1640.170,-7055.234,-205.699,-20.098,0.935625,0.343139,0.082831,-0.346222,0.937797,0.025831,-0.068815,-0.052846,0.996229,0,0.73516,0.50463,44.110,1.009,-1,375.000,-1,375.000,-1,300.000,300.000,300.000,325.000,-1,675.000,725.000,-1,700.000,675.000,-1,-1,2,0,2,0,2,0,0,0,0,2,0,0,2,0,0,2,2
128,-1598.308,-7069.727,-208.808,-19.096,0.941599,0.326706,0.081578,-0.329765,0.943678,0.026976,-0.068170,-0.052303,0.996302,0,0.73835,0.50071,44.301,1.001,-1,375.000,-1,375.000,-1,325.000,300.000,300.000,325.000,-1,575.000,650.000,-1,700.000,675.000,-1,-1,2,0,2,0,2,0,0,0,0,2,0,0,2,0,0,2,2
129,-1556.018,-7083.552,-211.945,-18.103,0.947237,0.310301,0.080346,-0.313339,0.949224,0.028137,-0.067535,-0.051828,0.996370,0,0.74154,0.49678,44.492,0.994,-1,375.000,-1,375.000,-1,325.000,300.000,300.000,325.000,-1,525.000,575.000,-1,700.000,675.000,-1,-1,2,0,2,0,2,0,0,0,0,2,0,0,2,0,0,2,2
130,-1512.840,-7096.953,-215.141,-17.242,0.951903,0.296010,0.079117,-0.299035,0.953791,0.029334,-0.066778,-0.051582,0.996434,0,0.75351,0.43039,45.211,0.861,-1,375.000,-1,375.000,-1,300.000,300.000,300.000,325.000,-1,475.000,525.000,-1,700.000,675.000,-1,-1,2,0,2,0,2,0,0,0,0,2,0,0,2,0,0,2,2
131,-1469.465,-7109.703,-218.349,-16.381,0.956349,0.281651,0.077909,-0.284666,0.958140,0.030542,-0.066046,-0.051387,0.996493,0,0.75351,0.43039,45.211,0.861,-1,375.000,-1,375.000,-1,300.000,300.000,300.000,300.000,-1,475.000,525.000,-1,700.000,675.000,-1,-1,2,0,2,0,2,0,0,0,0,2,0,0,2,0,0,2,2
132,-1425.903,-7121.800,-221.568,-15.520,0.960575,0.267227,0.076721,-0.270235,0.962270,0.031760,-0.065339,-0.051241,0.996547,0,0.75351,0.43039,45.211,0.861,-1,375.000,-1,375.000,-1,300.000,300.000,300.000,300.000,-1,450.000,525.000,-1,700.000,675.000,-1,-1,2,0,2,0,2,0,0,0,0,2,0,0,2,0,0,2,2
133,-1382.165,-7133.242,-224.727,-14.659,0.964567,0.252746,0.075703,-0.255734,0.966196,0.032641,-0.064894,-0.050845,0.996596,0,0.75351,0.43039,45.211,0.861,-1,375.000,-1,375.000,-1,300.000,300.000,300.000,300.000,-1,450.000,525.000,-1,700.000,675.000,-1,-1,2,0,2,0,2,0,0,0,0,2,0,0,2,0,0,2,2
134,-1338.259,-7144.026,-227.685,-13.799,0.968353,0.238217,0.074461,-0.241122,0.969944,0.032702,-0.064433,-0.049621,0.996688,0,0.75351,0.43039,45.211,0.861,-1,375.000,-1,375.000,-1,300.000,300.000,300.000,300.000,-1,450.000,550.000,-1,700.000,675.000,-1,-1,2,0,2,0,2,0,0,0,0,2,0,0,2,0,0,2,2
135,-1294.197,-7154.150,-230.587,-12.938,0.971936,0.223634,0.072993,-0.226434,0.973483,0.032534,-0.063782,-0.048149,0.996802,0,0.75351,0.43039,45.211,0.861,-1,375.000,-1,375.000,-1,300.000,300.000,300.000,300.000,-1,475.000,550.000,-1,700.000,675.000,-1,-1,2,0,2,0,2,0,0,0,0,2,0,0,2,0,0,2,2
136,-1249.987,-7163.610,-233.427,-12.077,0.975273,0.208996,0.071848,-0.211721,0.976787,0.032578,-0.063372,-0.046985,0.996883,0,0.75351,0.43039,45.211,0.861,-1,375.000,-1,375.000,-1,300.000,300.000,300.000,300.000,-1,500.000,575.000,-1,700.000,675.000,-1,-1,2,0,2,0,2,0,0,0,0,2,0,0,2,0,0,2,2
137,-1205.641,-7172.404,-236.037,-11.216,0.978402,0.194301,0.070545,-0.197005,0.979827,0.033584,-0.062596,-0.046757,0.996943,0,0.75351,0.43039,45.211,0.861,-1,375.000,-1,375.000,-1,300.000,300.000,300.000,300.000,-1,500.000,575.000,-1,700.000,675.000,-1,-1,2,0,2,0,2,0,0,0,0,2,0,0,2,0,0,2,2
138,-1161.167,-7180.531,-238.667,-10.356,0.981307,0.179561,0.069244,-0.182244,0.982646,0.034558,-0.061837,-0.046531,0.997001,0,0.75351,0.43039,45.211,0.861,-1,375.000,-1,375.000,-1,300.000,300.000,300.000,300.000,-1,525.000,600.000,-1,700.000,675.000,-1,-1,2,0,2,0,2,0,0,0,0,2,0,0,2,0,0,2,2
