timestep,x_cm,y_cm,z_cm,yaw_deg,basis_xx,basis_xy,basis_xz,basis_yx,basis_yy,basis_yz,basis_zx,basis_zy,basis_zz,teleport_flag,throttle_cmd,steering_cmd,cmd_move_cm,cmd_turn_deg,lidar_cm_0,lidar_cm_1,lidar_cm_2,lidar_cm_3,lidar_cm_4,lidar_cm_5,lidar_cm_6,lidar_cm_7,lidar_cm_8,lidar_cm_9,lidar_cm_10,lidar_cm_11,lidar_cm_12,lidar_cm_13,lidar_cm_14,lidar_cm_15,lidar_cm_16,lidar_class_0,lidar_class_1,lidar_class_2,lidar_class_3,lidar_class_4,lidar_class_5,lidar_class_6,lidar_class_7,lidar_class_8,lidar_class_9,lidar_class_10,lidar_class_11,lidar_class_12,lidar_class_13,lidar_class_14,lidar_class_15,lidar_class_16
0,-2300.486,-4264.416,182.440,-170.072,-0.984962,0.171989,-0.016412,-0.172713,-0.982621,0.068022,-0.004428,0.069834,0.997549,1,0.08000,0.12000,4.800,0.240,-1,400.000,-1,375.000,-1,325.000,325.000,300.000,300.000,-1,-1,-1,-1,800.000,700.000,-1,-1,2,0,2,0,2,0,0,0,0,2,2,2,2,0,0,2,2
1,-2309.928,-4266.150,182.378,-169.592,-0.983492,0.180216,-0.016312,-0.180914,-0.981154,0.067879,-0.003772,0.069710,0.997560,0,0.16000,0.24000,9.600,0.480,-1,400.000,-1,375.000,-1,325.000,325.000,300.000,300.000,-1,-1,-1,-1,800.000,700.000,-1,-1,2,0,2,0,2,0,0,0,0,2,2,2,2,0,0,2,2
2,-2324.056,-4268.930,182.294,-168.872,-0.981157,0.192534,-0.016176,-0.193192,-0.978824,0.067675,-0.002804,0.069524,0.997576,0,0.24000,0.36000,14.400,0.720,-1,400.000,-1,375.000,-1,325.000,325.000,300.000,300.000,-1,-1,-1,-1,800.000,700.000,-1,-1,2,0,2,0,2,0,0,0,0,2,2,2,2,0,0,2,2
3,-2342.844,-4272.886,182.198,-168.109,-0.978513,0.205562,-0.016010,-0.206177,-0.976192,0.067388,-0.001776,0.069241,0.997598,0,0.32000,0.38169,19.200,0.763,-1,400.000,-1,375.000,-1,325.000,325.000,300.000,300.000,-1,-1,-1,-1,800.000,700.000,-1,-1,2,0,2,0,2,0,0,0,0,2,2,2,2,0,0,2,2
4,-2366.261,-4278.143,182.096,-167.345,-0.975696,0.218555,-0.015825,-0.219126,-0.973392,0.067023,-0.000756,0.068862,0.997626,0,0.40000,0.38169,24.000,0.763,-1,400.000,-1,375.000,-1,325.000,325.000,300.000,300.000,-1,-1,-1,-1,800.000,700.000,-1,-1,2,0,2,0,2,0,0,0,0,2,2,2,2,0,0,2,2
5,-2394.274,-4284.826,181.989,-166.582,-0.972706,0.231512,-0.015638,-0.232039,-0.970425,0.066589,0.000241,0.068400,0.997658,0,0.48000,0.38169,28.800,0.763,-1,400.000,-1,375.000,-1,325.000,325.000,300.000,300.000,-1,-1,-1,-1,800.000,700.000,-1,-1,2,0,2,0,2,0,0,0,0,2,2,2,2,0,0,2,2
6,-2426.850,-4293.058,181.880,-165.819,-0.969544,0.244429,-0.015466,-0.244915,-0.967289,0.066099,0.001196,0.067873,0.997693,0,0.56000,0.38169,33.600,0.763,-1,400.000,-1,375.000,-1,325.000,325.000,300.000,300.000,-1,-1,-1,-1,800.000,700.000,-1,-1,2,0,2,0,2,0,0,0,0,2,2,2,2,0,0,2,2
7,-2463.951,-4302.960,181.767,-165.055,-0.966209,0.257304,-0.015333,-0.257752,-0.963984,0.065565,0.002090,0.067301,0.997731,0,0.64000,0.38169,38.400,0.763,-1,400.000,-1,375.000,-1,325.000,325.000,300.000,300.000,-1,-1,-1,-1,800.000,700.000,-1,-1,2,0,2,0,2,0,0,0,0,2,2,2,2,0,0,2,2
8,-2505.537,-4314.656,181.649,-164.292,-0.962701,0.270136,-0.015265,-0.270551,-0.960509,0.065003,0.002897,0.066708,0.997768,0,0.72000,0.38169,43.200,0.763,-1,400.000,-1,375.000,-1,325.000,325.000,300.000,275.000,-1,-1,-1,-1,800.000,700.000,-1,-1,2,0,2,0,2,0,0,0,0,2,2,2,2,0,0,2,2
9,-2551.567,-4328.265,181.618,-163.528,-0.959017,0.282926,-0.015465,-0.283329,-0.956884,0.064012,0.003313,0.065770,0.997829,0,0.80000,0.38169,48.000,0.763,-1,400.000,-1,375.000,-1,325.000,325.000,300.000,275.000,-1,-1,-1,-1,775.000,700.000,-1,-1,2,0,2,0,2,0,0,0,0,2,2,2,2,0,0,2,2
10,-2601.996,-4343.907,181.875,-162.765,-0.955157,0.295688,-0.015627,-0.296081,-0.953155,0.061898,0.003408,0.063749,0.997960,0,0.88000,0.38169,52.800,0.763,-1,400.000,-1,375.000,-1,325.000,325.000,300.000,275.000,-1,-1,-1,-1,775.000,700.000,-1,-1,2,0,2,0,2,0,0,0,0,2,2,2,2,0,0,2,2
11,-2652.617,-4360.351,182.204,-162.002,-0.951129,0.308404,-0.015525,-0.308773,-0.949263,0.059654,0.003660,0.061532,0.998098,0,0.88709,0.38169,53.225,0.763,-1,400.000,-1,375.000,-1,325.000,325.000,300.000,275.000,-1,-1,-1,-1,775.000,700.000,-1,-1,2,0,2,0,2,0,0,0,0,2,2,2,2,0,0,2,2
12,-2703.014,-4377.469,182.550,-161.238,-0.946931,0.321065,-0.015483,-0.321415,-0.945190,0.057520,0.003833,0.059444,0.998224,0,0.88709,0.38169,53.225,0.763,-1,400.000,-1,375.000,-1,325.000,325.000,300.000,275.000,-1,-1,-1,-1,750.000,700.000,-1,-1,2,0,2,0,2,0,0,0,0,2,2,2,2,0,0,2,2
13,-2753.179,-4395.257,183.048,-160.475,-0.942570,0.333663,-0.015199,-0.333981,-0.940924,0.055847,0.004333,0.057716,0.998324,0,0.88709,0.38169,53.225,0.763,-1,400.000,-1,375.000,-1,325.000,325.000,300.000,275.000,-1,-1,-1,-1,750.000,700.000,-1,-1,2,0,2,0,2,0,0,0,0,2,2,2,2,0,0,2,2
14,-2803.102,-4413.711,183.732,-159.712,-0.938052,0.346195,-0.014400,-0.346451,-0.936466,0.054794,0.005485,0.056389,0.998394,0,0.88709,0.38169,53.225,0.763,-1,400.000,-1,375.000,-1,325.000,325.000,300.000,300.000,-1,-1,-1,-1,750.000,700.000,-1,-1,2,0,2,0,2,0,0,0,0,2,2,2,2,0,0,2,2
15,-2852.775,-4432.830,184.394,-158.948,-0.933367,0.358667,-0.013593,-0.358862,-0.931836,0.053841,0.006645,0.055132,0.998457,0,0.88709,0.38169,53.225,0.763,-1,400.000,-1,375.000,-1,325.000,325.000,300.000,300.000,-1,-1,-1,-1,750.000,700.000,-1,-1,2,0,2,0,2,0,0,0,0,2,2,2,2,0,0,2,2
16,-2897.699,-4450.905,184.980,-158.082,-0.927848,0.372738,-0.012853,-0.372877,-0.926364,0.053039,0.007863,0.054004,0.998510,0,0.80709,0.43318,48.425,0.866,-1,400.000,-1,375.000,-1,325.000,325.000,300.000,300.000,-1,-1,-1,-1,725.000,700.000,-1,-1,2,0,2,0,2,0,0,0,0,2,2,2,2,0,0,2,2
17,-2937.921,-4467.798,185.495,-157.217,-0.922129,0.386692,-0.012187,-0.386778,-0.920683,0.052390,0.009038,0.053024,0.998552,0,0.72709,0.43221,43.625,0.864,-1,400.000,-1,375.000,-1,325.000,325.000,300.000,300.000,-1,-1,-1,-1,725.000,700.000,-1,-1,2,0,2,0,2,0,0,0,0,2,2,2,2,0,0,2,2
18,-2973.488,-4483.366,185.944,-156.359,-0.916245,0.400451,-0.011601,-0.400490,-0.914832,0.051877,0.010162,0.052178,0.998586,0,0.64709,0.42893,38.825,0.858,-1,400.000,-1,375.000,-1,325.000,325.000,300.000,300.000,-1,-1,-1,-1,725.000,700.000,-1,-1,2,0,2,0,2,0,0,0,0,2,2,2,2,0,0,2,2
19,-3005.842,-4498.105,186.349,-155.508,-0.910200,0.414022,-0.011072,-0.414017,-0.908813,0.051469,0.011247,0.051431,0.998613,0,0.59256,0.42588,35.553,0.852,-1,400.000,-1,375.000,-1,325.000,325.000,300.000,300.000,-1,-1,-1,-1,725.000,725.000,-1,-1,2,0,2,0,2,0,0,0,0,2,2,2,2,0,0,2,2
20,-3038.073,-4513.367,186.749,-154.662,-0.903996,0.427410,-0.010554,-0.427363,-0.902633,0.051130,0.012327,0.050732,0.998636,0,0.59436,0.42298,35.662,0.846,-1,400.000,-1,375.000,-1,325.000,325.000,300.000,300.000,-1,-1,-1,-1,725.000,725.000,-1,-1,2,0,2,0,2,0,0,0,0,2,2,2,2,0,0,2,2
21,-3070.163,-4529.142,187.143,-153.822,-0.897642,0.440611,-0.010048,-0.440522,-0.896300,0.050864,0.013405,0.050084,0.998655,0,0.59598,0.41999,35.759,0.840,-1,400.000,-1,375.000,-1,325.000,325.000,300.000,300.000,-1,-1,-1,-1,700.000,725.000,-1,-1,2,0,2,0,2,0,0,0,0,2,2,2,2,0,0,2,2
22,-3102.097,-4545.421,187.616,-152.988,-0.891148,0.453613,-0.009464,-0.453472,-0.889804,0.051116,0.014766,0.049844,0.998648,0,0.59739,0.41691,35.844,0.834,-1,400.000,-1,375.000,-1,325.000,325.000,300.000,300.000,-1,-1,-1,-1,700.000,725.000,-1,-1,2,0,2,0,2,0,0,0,0,2,2,2,2,0,0,2,2
23,-3133.856,-4562.194,188.165,-152.160,-0.884518,0.466422,-0.008913,-0.466228,-0.883169,0.051422,0.016112,0.049640,0.998637,0,0.59861,0.41376,35.916,0.828,-1,400.000,-1,375.000,-1,325.000,325.000,300.000,300.000,-1,-1,-1,-1,700.000,725.000,-1,-1,2,0,2,0,2,0,0,0,0,2,2,2,2,0,0,2,2
24,-3165.425,-4579.449,188.804,-151.339,-0.877752,0.479040,-0.008456,-0.478804,-0.876413,0.051441,0.017231,0.049201,0.998640,0,0.59962,0.41054,35.977,0.821,-1,400.000,-1,375.000,-1,325.000,325.000,300.000,300.000,-1,-1,-1,-1,700.000,725.000,-1,-1,2,0,2,0,2,0,0,0,0,2,2,2,2,0,0,2,2
25,-3196.787,-4597.175,189.454,-150.525,-0.870864,0.491459,-0.008020,-0.491182,-0.869531,0.051534,0.018353,0.048818,0.998639,0,0.60042,0.40726,36.025,0.815,-1,400.000,-1,375.000,-1,325.000,325.000,300.000,300.000,-1,-1,-1,-1,700.000,725.000,-1,-1,2,0,2,0,2,0,0,0,0,2,2,2,2,0,0,2,2
26,-3227.928,-4615.359,190.163,-149.717,-0.863857,0.503683,-0.007388,-0.503355,-0.862537,0.051617,0.019627,0.048308,0.998640,0,0.60102,0.40395,36.061,0.808,-1,375.000,-1,375.000,-1,325.000,325.000,300.000,300.000,-1,-1,-1,-1,700.000,725.000,-1,-1,2,0,2,0,2,0,0,0,0,2,2,2,2,0,0,2,2
27,-3258.831,-4633.990,190.907,-148.916,-0.856738,0.515709,-0.006661,-0.515325,-0.855432,0.051736,0.020983,0.047757,0.998639,0,0.60141,0.40061,36.085,0.801,-1,375.000,-1,400.000,-1,325.000,325.000,300.000,300.000,-1,-1,-1,-1,700.000,725.000,-1,-1,2,0,2,0,2,0,0,0,0,2,2,2,2,0,0,2,2
28,-3289.483,-4653.053,191.728,-148.121,-0.849509,0.527540,-0.005930,-0.527105,-0.848229,0.051652,0.022219,0.047004,0.998648,0,0.60161,0.39725,36.097,0.795,-1,375.000,-1,400.000,-1,325.000,325.000,300.000,300.000,-1,-1,-1,-1,700.000,725.000,-1,-1,2,0,2,0,2,0,0,0,0,2,2,2,2,0,0,2,2
29,-3319.870,-4672.535,192.587,-147.333,-0.842179,0.539173,-0.005166,-0.538688,-0.840927,0.051540,0.023445,0.046189,0.998658,0,0.60161,0.39390,36.097,0.788,-1,375.000,-1,400.000,-1,325.000,325.000,300.000,300.000,-1,-1,-1,-1,700.000,725.000,-1,-1,2,0,2,0,2,0,0,0,0,2,2,2,2,0,0,2,2
30,-3349.979,-4692.424,193.463,-146.552,-0.834753,0.550607,-0.004358,-0.550069,-0.833529,0.051505,0.024726,0.045391,0.998663,0,0.60142,0.39056,36.085,0.781,-1,375.000,-1,400.000,-1,325.000,325.000,300.000,300.000,-1,-1,-1,-1,700.000,725.000,-1,-1,2,0,2,0,2,0,0,0,0,2,2,2,2,0,0,2,2
31,-3379.798,-4712.706,194.413,-145.778,-0.827239,0.561838,-0.003805,-0.561255,-0.826030,0.051639,0.025869,0.044853,0.998659,0,0.60105,0.38726,36.063,0.775,-1,375.000,-1,400.000,-1,325.000,325.000,300.000,300.000,-1,-1,-1,-1,700.000,725.000,-1,-1,2,0,2,0,2,0,0,0,0,2,2,2,2,0,0,2,2
32,-3409.315,-4733.367,195.468,-145.010,-0.819643,0.572863,-0.003664,-0.572249,-0.818431,0.051977,0.026777,0.044700,0.998642,0,0.60050,0.38400,36.030,0.768,-1,375.000,-1,400.000,-1,325.000,325.000,300.000,300.000,-1,-1,-1,-1,700.000,725.000,-1,-1,2,0,2,0,2,0,0,0,0,2,2,2,2,0,0,2,2
33,-3438.520,-4754.394,196.536,-144.246,-0.811940,0.583730,-0.003495,-0.583081,-0.810724,0.052379,0.027741,0.044566,0.998621,0,0.59979,0.38204,35.987,0.764,-1,375.000,-1,400.000,-1,325.000,325.000,300.000,300.000,-1,-1,-1,-1,675.000,700.000,-1,-1,2,0,2,0,2,0,0,0,0,2,2,2,2,0,0,2,2
34,-3467.401,-4775.777,197.618,-143.485,-0.804130,0.594445,-0.003300,-0.593757,-0.802907,0.052845,0.028764,0.044454,0.998597,0,0.59893,0.38034,35.936,0.761,-1,375.000,-1,375.000,-1,300.000,325.000,300.000,300.000,-1,-1,-1,-1,675.000,700.000,-1,-1,2,0,2,0,2,0,0,0,0,2,2,2,2,0,0,2,2
35,-3495.950,-4797.504,198.711,-142.727,-0.796211,0.605012,-0.003080,-0.604283,-0.794980,0.053378,0.029845,0.044361,0.998570,0,0.59792,0.37882,35.875,0.758,-1,375.000,-1,375.000,-1,300.000,325.000,300.000,300.000,-1,-1,-1,-1,700.000,700.000,-1,-1,2,0,2,0,2,0,0,0,0,2,2,2,2,0,0,2,2
36,-3524.156,-4819.563,199.837,-141.972,-0.788184,0.615434,-0.002837,-0.614656,-0.786939,0.054084,0.031052,0.044372,0.998532,0,0.59679,0.37748,35.808,0.755,-1,375.000,-1,375.000,-1,300.000,325.000,300.000,300.000,-1,-1,-1,-1,700.000,700.000,-1,-1,2,0,2,0,2,0,0,0,0,2,2,2,2,0,0,2,2
37,-3552.011,-4841.944,201.022,-141.220,-0.780051,0.625711,-0.002578,-0.624873,-0.778779,0.055120,0.032481,0.044607,0.998476,0,0.59555,0.37632,35.733,0.753,-1,375.000,-1,375.000,-1,300.000,325.000,300.000,300.000,-1,-1,-1,-1,700.000,700.000,-1,-1,2,0,2,0,2,0,0,0,0,2,2,2,2,0,0,2,2
38,-3579.509,-4864.637,202.211,-140.469,-0.771806,0.635854,-0.002310,-0.634951,-0.770506,0.056194,0.033951,0.044838,0.998417,0,0.59421,0.37535,35.653,0.751,-1,375.000,-1,375.000,-1,300.000,300.000,300.000,300.000,-1,-1,-1,-1,700.000,700.000,-1,-1,2,0,2,0,2,0,0,0,0,2,2,2,2,0,0,2,2
39,-3606.643,-4887.632,203.404,-139.720,-0.763448,0.645867,-0.002035,-0.644896,-0.762119,0.057308,0.035463,0.045064,0.998354,0,0.59279,0.37456,35.567,0.749,-1,375.000,-1,375.000,-1,300.000,300.000,300.000,300.000,-1,-1,-1,-1,700.000,700.000,-1,-1,2,0,2,0,2,0,0,0,0,2,2,2,2,0,0,2,2
40,-3633.407,-4910.921,204.756,-138.972,-0.754960,0.655770,-0.001022,-0.654699,-0.753636,0.058329,0.037481,0.044705,0.998297,0,0.59130,0.37396,35.478,0.748,-1,375.000,-1,375.000,-1,300.000,300.000,300.000,300.000,-1,-1,-1,-1,725.000,700.000,-1,-1,2,0,2,0,2,0,0,0,0,2,2,2,2,0,0,2,2
41,-3659.797,-4934.495,206.192,-138.225,-0.746347,0.665557,0.000204,-0.664373,-0.745039,0.059376,0.039670,0.044179,0.998236,0,0.58977,0.37354,35.386,0.747,-1,375.000,-1,375.000,-1,300.000,325.000,300.000,300.000,-1,950.000,875.000,-1,725.000,700.000,-1,-1,2,0,2,0,2,0,0,0,0,2,0,0,2,0,0,2,2
42,-3685.809,-4958.349,207.739,-137.478,-0.737621,0.675214,0.000925,-0.673936,-0.736309,0.060494,0.041528,0.043999,0.998168,0,0.58821,0.37331,35.293,0.747,-1,375.000,-1,375.000,-1,300.000,325.000,300.000,300.000,-1,875.000,825.000,-1,750.000,700.000,-1,-1,2,0,2,0,2,0,0,0,0,2,0,0,2,0,0,2,2
43,-3711.439,-4982.474,209.345,-136.732,-0.728767,0.684760,0.001598,-0.683396,-0.727459,0.061428,0.043226,0.043674,0.998110,0,0.58664,0.37327,35.198,0.747,-1,375.000,-1,375.000,-1,325.000,325.000,300.000,300.000,-1,850.000,800.000,-1,750.000,700.000,-1,-1,2,0,2,0,2,0,0,0,0,2,0,0,2,0,0,2,2
44,-3736.684,-5006.866,210.969,-135.985,-0.719785,0.694193,0.002213,-0.692744,-0.718482,0.062367,0.044885,0.043358,0.998051,0,0.58507,0.37341,35.104,0.747,-1,375.000,-1,375.000,-1,325.000,325.000,300.000,300.000,-1,850.000,775.000,-1,750.000,725.000,-1,-1,2,0,2,0,2,0,0,0,0,2,0,0,2,0,0,2,2
45,-3761.544,-5031.521,212.610,-135.238,-0.710674,0.703516,0.002770,-0.701983,-0.709374,0.063310,0.046505,0.043048,0.997990,0,0.58353,0.37373,35.012,0.747,-1,375.000,-1,375.000,-1,325.000,325.000,300.000,300.000,-1,800.000,750.000,-1,775.000,725.000,-1,-1,2,0,2,0,2,0,0,0,0,2,0,0,2,0,0,2,2
46,-3786.016,-5056.433,214.270,-134.489,-0.701429,0.712732,0.003270,-0.711116,-0.700133,0.064256,0.048087,0.042746,0.997928,0,0.58203,0.37424,34.922,0.748,-1,400.000,-1,375.000,-1,325.000,325.000,300.000,300.000,-1,775.000,675.000,-1,775.000,725.000,-1,-1,2,0,2,0,2,0,0,0,0,2,0,0,2,0,0,2,2
47,-3813.599,-5085.016,216.174,-133.981,-0.695086,0.718917,0.003721,-0.717216,-0.693780,0.065346,0.049560,0.042752,0.997856,0,0.66203,0.25424,39.722,0.508,-1,400.000,-1,375.000,-1,325.000,325.000,300.000,300.000,-1,700.000,625.000,-1,775.000,725.000,-1,-1,2,0,2,0,2,0,0,0,0,2,0,0,2,0,0,2,2
48,-3843.982,-5116.796,218.294,-133.712,-0.691724,0.722150,0.004120,-0.720366,-0.690394,0.066543,0.050898,0.043062,0.997775,0,0.73278,0.13424,43.967,0.268,-1,400.000,-1,375.000,-1,325.000,325.000,300.000,300.000,-1,650.000,575.000,-1,800.000,725.000,-1,-1,2,0,2,0,2,0,0,0,0,2,0,0,2,0,0,2,2
49,-3876.243,-5150.974,220.626,-133.349,-0.687137,0.726513,0.004724,-0.724630,-0.685797,0.067771,0.052476,0.043145,0.997690,0,0.78332,0.18172,46.999,0.363,-1,400.000,-1,375.000,-1,325.000,325.000,300.000,300.000,-1,625.000,575.000,-1,800.000,750.000,-1,-1,2,0,2,0,2,0,0,0,0,2,0,0,2,0,0,2,2
50,-3908.464,-5185.552,222.858,-132.979,-0.682404,0.730953,0.005681,-0.729009,-0.681119,0.067989,0.053566,0.042254,0.997670,0,0.78772,0.18495,47.263,0.370,975.000,400.000,-1,375.000,-1,325.000,325.000,300.000,300.000,-1,625.000,575.000,-1,800.000,750.000,1000.000,-1,1,0,2,0,2,0,0,0,0,2,0,0,2,0,0,1,2
51,-3940.634,-5220.533,225.107,-132.602,-0.677557,0.735441,0.006563,-0.733444,-0.676325,0.068150,0.054559,0.041362,0.997654,0,0.79207,0.18828,47.524,0.377,950.000,400.000,-1,375.000,-1,325.000,325.000,300.000,300.000,-1,625.000,575.000,-1,800.000,750.000,950.000,-1,1,0,2,0,2,0,0,0,0,2,0,0,2,1,0,1,2
52,-3972.743,-5255.919,227.388,-132.219,-0.672594,0.739976,0.007355,-0.737927,-0.671411,0.068340,0.055508,0.040538,0.997635,0,0.79637,0.19172,47.782,0.383,900.000,400.000,-1,400.000,-1,325.000,325.000,300.000,300.000,-1,625.000,575.000,-1,775.000,750.000,900.000,-1,1,0,2,0,2,0,0,0,0,2,0,0,2,1,0,1,2
53,-4004.778,-5291.713,229.703,-131.828,-0.667509,0.744558,0.008054,-0.742461,-0.666372,0.068557,0.056412,0.039782,0.997615,0,0.80061,0.19529,48.036,0.391,850.000,400.000,-1,400.000,-1,325.000,325.000,300.000,300.000,-1,625.000,600.000,-1,750.000,750.000,875.000,-1,1,0,2,0,2,0,0,0,0,2,0,0,2,1,0,1,2
54,-4036.730,-5327.916,232.151,-131.430,-0.662303,0.749189,0.008459,-0.747067,-0.661202,0.068574,0.056968,0.039097,0.997610,0,0.80477,0.19898,48.286,0.398,800.000,400.000,-1,400.000,-1,325.000,325.000,300.000,300.000,-1,650.000,625.000,-1,725.000,750.000,825.000,-1,1,0,2,0,2,0,0,0,0,2,0,0,2,1,0,1,2
55,-4068.585,-5364.528,234.915,-131.025,-0.656945,0.753888,0.008726,-0.751808,-0.655914,0.067536,0.056638,0.037807,0.997679,0,0.80884,0.20282,48.531,0.406,750.000,400.000,-1,400.000,-1,325.000,325.000,300.000,300.000,-1,725.000,675.000,-1,700.000,750.000,775.000,-1,1,0,2,0,2,0,0,0,0,2,0,0,2,1,0,1,2
56,-4100.330,-5401.551,237.695,-130.611,-0.651451,0.758638,0.008960,-0.756598,-0.650485,0.066554,0.056318,0.036578,0.997743,0,0.81282,0.20680,48.769,0.414,700.000,400.000,-1,400.000,-1,325.000,325.000,300.000,300.000,-1,775.000,750.000,-1,675.000,750.000,725.000,-1,1,0,2,0,2,0,0,0,0,2,0,0,2,1,0,1,2
57,-4131.952,-5438.984,240.489,-130.189,-0.645814,0.763440,0.009158,-0.761438,-0.644908,0.065627,0.056009,0.035410,0.997802,0,0.81669,0.21096,49.002,0.422,650.000,400.000,-1,400.000,-1,325.000,325.000,300.000,300.000,-1,850.000,825.000,-1,650.000,750.000,675.000,-1,1,0,2,0,2,0,0,0,0,2,0,0,2,1,0,1,2
58,-4163.436,-5476.826,243.297,-129.759,-0.640029,0.768294,0.009320,-0.766329,-0.639177,0.064757,0.055710,0.034304,0.997858,0,0.82044,0.21529,49.226,0.431,600.000,400.000,-1,400.000,-1,325.000,325.000,300.000,300.000,-1,925.000,900.000,-1,600.000,750.000,625.000,-1,1,0,2,0,2,0,0,0,0,2,0,0,2,1,0,1,2
59,-4194.764,-5515.075,246.021,-129.319,-0.634106,0.773194,0.008984,-0.771278,-0.633278,0.063947,0.055133,0.033620,0.997913,0,0.82404,0.21982,49.442,0.440,550.000,400.000,-1,400.000,-1,325.000,325.000,300.000,300.000,-1,-1,1000.000,-1,575.000,750.000,575.000,-1,1,0,2,0,2,0,0,0,0,2,2,0,2,1,0,1,2
60,-4225.921,-5553.730,248.757,-128.870,-0.628020,0.778150,0.008596,-0.776283,-0.627210,0.063186,0.054559,0.033009,0.997965,0,0.82748,0.22455,49.649,0.449,500.000,400.000,-1,400.000,-1,325.000,325.000,300.000,300.000,-1,-1,-1,-1,550.000,750.000,550.000,-1,1,0,2,0,2,0,0,0,0,2,2,2,2,1,0,1,2
61,-4256.889,-5592.786,251.517,-128.411,-0.621759,0.783165,0.008229,-0.781342,-0.620968,0.062471,0.054035,0.032412,0.998013,0,0.83073,0.22951,49.844,0.459,475.000,400.000,-1,400.000,-1,325.000,325.000,300.000,300.000,-1,-1,-1,-1,525.000,750.000,500.000,-1,1,1,2,0,2,0,0,0,0,2,2,2,2,1,0,1,2
62,-4287.648,-5632.238,254.387,-127.941,-0.615308,0.788247,0.007948,-0.786477,-0.614547,0.061534,0.053388,0.031611,0.998073,0,0.83377,0.23472,50.026,0.469,425.000,375.000,-1,375.000,-1,325.000,325.000,325.000,300.000,-1,-1,-1,-1,500.000,750.000,450.000,-1,1,1,2,0,2,0,0,0,0,2,2,2,2,1,1,1,2
63,-4318.178,-5672.080,257.292,-127.461,-0.608652,0.793398,0.007938,-0.791675,-0.607936,0.060528,0.052848,0.030556,0.998135,0,0.83657,0.24019,50.194,0.480,375.000,350.000,-1,375.000,-1,325.000,325.000,325.000,300.000,-1,-1,-1,-1,450.000,725.000,400.000,-1,1,1,2,0,2,0,0,0,0,2,2,2,2,1,1,1,2
64,-4348.456,-5712.305,260.033,-126.969,-0.601759,0.798629,0.008853,-0.796922,-0.601134,0.059606,0.052925,0.028814,0.998183,0,0.83911,0.24595,50.347,0.492,325.000,325.000,-1,375.000,-1,325.000,325.000,325.000,300.000,-1,-1,-1,-1,425.000,675.000,350.000,-1,1,1,2,0,2,1,0,0,0,2,2,2,2,1,1,1,2
65,-4378.459,-5752.902,262.793,-126.465,-0.594652,0.803924,0.009736,-0.802233,-0.594113,0.058758,0.053021,0.027130,0.998225,0,0.84134,0.25201,50.481,0.504,300.000,300.000,-1,375.000,-1,300.000,325.000,300.000,300.000,-1,-1,-1,-1,400.000,650.000,300.000,-1,1,1,2,0,2,1,0,0,0,2,2,2,2,1,1,1,2
66,-4408.161,-5793.860,265.571,-125.948,-0.587321,0.809285,0.010586,-0.807608,-0.586862,0.057984,0.053138,0.025506,0.998261,0,0.84324,0.25841,50.594,0.517,250.000,275.000,-1,400.000,-1,275.000,325.000,300.000,300.000,-1,-1,-1,-1,375.000,625.000,250.000,-1,1,1,2,0,2,1,1,0,0,2,2,2,2,1,1,1,2
67,-4437.532,-5835.168,270.371,-125.418,-0.580066,0.814525,0.008494,-0.812371,-0.579235,0.067380,0.059802,0.032184,0.997691,0,0.84475,0.26517,50.685,0.530,225.000,275.000,-1,375.000,-1,250.000,300.000,325.000,300.000,-1,-1,-1,-1,350.000,600.000,250.000,-1,1,1,2,1,2,1,1,0,0,2,2,2,2,1,1,1,2
68,-4466.542,-5876.811,276.489,-124.873,-0.572900,0.819614,0.004225,-0.816571,-0.571202,0.083306,0.070692,0.044276,0.996515,0,0.84583,0.27231,50.750,0.545,225.000,275.000,-1,375.000,-1,250.000,300.000,350.000,300.000,-1,-1,925.000,-1,350.000,625.000,250.000,-1,1,1,2,1,2,1,1,1,0,2,2,0,2,1,1,1,2
69,-4495.163,-5918.767,282.655,-124.314,-0.565655,0.824642,-0.000463,-0.820588,-0.562818,0.099350,0.081668,0.056577,0.995052,0,0.84644,0.27985,50.786,0.560,225.000,250.000,-1,350.000,-1,250.000,275.000,375.000,275.000,-1,550.000,400.000,-1,350.000,675.000,225.000,-1,1,1,2,1,2,1,1,1,0,2,0,0,2,1,1,1,2
70,-4524.510,-5962.313,289.078,-123.994,-0.562065,0.827075,-0.005491,-0.821845,-0.557740,0.116176,0.093024,0.069811,0.993213,0,0.87517,0.15985,52.510,0.320,225.000,250.000,-1,350.000,-1,250.000,275.000,375.000,275.000,-1,375.000,225.000,-1,350.000,-1,225.000,-1,1,1,2,1,2,1,1,1,0,2,0,0,2,1,2,1,2
71,-4553.755,-6005.844,295.443,-123.914,-0.562169,0.826954,-0.010642,-0.820388,-0.555986,0.133574,0.104543,0.083821,0.990982,0,0.87399,0.03985,52.440,0.080,225.000,250.000,-1,350.000,-1,225.000,250.000,375.000,275.000,-1,275.000,125.000,825.000,350.000,-1,225.000,-1,1,1,2,1,2,1,1,1,0,2,0,0,0,1,2,1,2
72,-4583.030,-6049.167,301.762,-124.074,-0.565954,0.824287,-0.015683,-0.816237,-0.557548,0.151316,0.115983,0.098439,0.988361,0,0.87139,-0.08015,52.283,-0.160,225.000,250.000,-1,350.000,-1,225.000,250.000,375.000,250.000,-1,250.000,100.000,625.000,325.000,-1,225.000,-1,1,1,2,1,2,1,1,1,0,2,0,0,0,1,2,1,2
73,7543.202,-9511.022,241.817,136.859,-0.731103,-0.682076,0.016170,0.676567,-0.727848,-0.111777,0.088009,-0.070780,0.993602,1,0.00000,0.00000,52.030,-0.400,-1,375.000,-1,350.000,-1,300.000,300.000,325.000,300.000,875.000,150.000,225.000,-1,675.000,625.000,-1,-1,2,0,2,0,2,0,0,0,0,0,0,0,2,0,0,2,2
74,7546.719,-9514.290,241.377,137.099,-0.733962,-0.679006,0.015810,0.673574,-0.730683,-0.111361,0.087167,-0.071086,0.993654,0,-0.08000,0.12000,-4.800,0.240,-1,375.000,-1,350.000,-1,300.000,300.000,325.000,300.000,875.000,150.000,225.000,-1,675.000,625.000,-1,-1,2,0,2,0,2,0,0,0,0,0,0,0,2,0,0,2,2
75,7553.805,-9520.766,240.504,137.579,-0.739641,-0.672832,0.015085,0.667551,-0.736314,-0.110535,0.085479,-0.071686,0.993758,0,-0.16000,0.24000,-9.600,0.480,-1,375.000,-1,350.000,-1,300.000,300.000,325.000,300.000,875.000,150.000,225.000,-1,675.000,600.000,-1,-1,2,0,2,0,2,0,0,0,0,0,0,0,2,0,0,2,2
76,7564.557,-9530.347,239.280,138.299,-0.748040,-0.663498,0.014343,0.658421,-0.744678,-0.109250,0.083168,-0.072279,0.993911,0,-0.24000,0.36000,-14.400,0.720,-1,375.000,-1,350.000,-1,300.000,300.000,300.000,300.000,875.000,150.000,250.000,-1,675.000,600.000,-1,-1,2,0,2,0,2,0,0,0,0,0,0,0,2,0,0,2,2
77,7579.104,-9542.879,237.878,139.259,-0.759001,-0.650932,0.014350,0.646066,-0.755694,-0.107354,0.080724,-0.072211,0.994117,0,-0.32000,0.48000,-19.200,0.960,-1,375.000,-1,350.000,-1,300.000,300.000,300.000,300.000,875.000,150.000,250.000,-1,675.000,600.000,-1,-1,2,0,2,0,2,0,0,0,0,0,0,0,2,0,0,2,2
78,7594.209,-9555.349,236.472,140.459,-0.772408,-0.634961,0.014469,0.630316,-0.769159,-0.105338,0.078015,-0.072244,0.994331,0,-0.32643,0.60000,-19.586,1.200,-1,375.000,-1,350.000,-1,300.000,300.000,325.000,300.000,875.000,150.000,250.000,-1,675.000,600.000,-1,-1,2,0,2,0,2,0,0,0,0,0,0,0,2,0,0,2,2
79,7609.631,-9567.443,235.091,141.899,-0.788057,-0.615426,0.014698,0.611008,-0.784865,-0.103223,0.075062,-0.072365,0.994550,0,-0.32663,0.72000,-19.598,1.440,-1,375.000,-1,350.000,-1,300.000,300.000,325.000,300.000,875.000,150.000,250.000,-1,700.000,600.000,-1,-1,2,0,2,0,2,0,0,0,0,0,0,0,2,0,0,2,2
80,7625.398,-9579.077,233.740,143.579,-0.805692,-0.592144,0.015020,0.587959,-0.802560,-0.100999,0.071861,-0.072543,0.994773,0,-0.32657,0.84000,-19.594,1.680,-1,400.000,-1,350.000,-1,300.000,300.000,325.000,300.000,850.000,175.000,250.000,-1,700.000,600.000,-1,-1,2,0,2,0,2,0,0,0,0,0,0,0,2,0,0,2,2
81,7641.529,-9590.165,232.421,145.499,-0.825006,-0.564914,0.015418,0.560969,-0.821937,-0.098655,0.068404,-0.072742,0.995002,0,-0.32621,0.96000,-19.572,1.920,-1,400.000,-1,350.000,-1,325.000,300.000,325.000,300.000,850.000,175.000,275.000,-1,700.000,600.000,-1,-1,2,0,2,0,2,0,0,0,0,0,0,0,2,0,0,2,2
82,7658.002,-9600.661,231.151,147.499,-0.844146,-0.535881,0.015796,0.532176,-0.841146,-0.096241,0.064861,-0.072835,0.995233,0,-0.32552,1.00000,-19.531,2.000,-1,400.000,-1,350.000,975.000,325.000,300.000,325.000,300.000,850.000,175.000,275.000,-1,725.000,600.000,-1,-1,2,0,2,0,0,0,0,0,0,0,0,0,2,0,0,2,2
83,7674.783,-9610.547,229.937,149.499,-0.862265,-0.506201,0.016114,0.502731,-0.859339,-0.093795,0.061326,-0.072775,0.995461,0,-0.32459,1.00000,-19.475,2.000,-1,400.000,-1,350.000,925.000,325.000,300.000,325.000,300.000,850.000,175.000,350.000,-1,725.000,600.000,-1,-1,2,0,2,0,0,0,0,0,0,0,0,0,2,0,0,2,2
84,7691.840,-9619.809,228.778,151.499,-0.879342,-0.475910,0.016372,0.472669,-0.876495,-0.091323,0.057811,-0.072565,0.995687,0,-0.32347,1.00000,-19.408,2.000,-1,400.000,-1,350.000,900.000,325.000,300.000,325.000,275.000,850.000,200.000,450.000,-1,750.000,600.000,-1,-1,2,0,2,0,0,0,0,0,0,0,0,0,2,0,0,2,2
85,7709.140,-9628.435,227.676,153.499,-0.895356,-0.445042,0.016573,0.442025,-0.892593,-0.088832,0.054327,-0.072210,0.995909,0,-0.32217,1.00000,-19.330,2.000,-1,425.000,-1,350.000,875.000,325.000,300.000,325.000,275.000,850.000,200.000,575.000,-1,750.000,600.000,-1,-1,2,0,2,0,0,0,0,0,0,0,0,0,2,0,0,2,2
86,7726.650,-9636.416,226.630,155.499,-0.910289,-0.413635,0.016718,0.410834,-0.907614,-0.086328,0.050882,-0.071715,0.996126,0,-0.32070,1.00000,-19.242,2.000,-1,425.000,-1,350.000,850.000,325.000,300.000,325.000,275.000,850.000,200.000,725.000,-1,775.000,600.000,-1,-1,2,0,2,0,0,0,0,0,0,0,0,0,2,0,0,2,2
87,7744.339,-9643.743,225.639,157.499,-0.924123,-0.381725,0.016809,0.379132,-0.921538,-0.083819,0.047486,-0.071086,0.996339,0,-0.31908,1.00000,-19.145,2.000,-1,425.000,-1,350.000,825.000,325.000,300.000,325.000,275.000,875.000,225.000,875.000,-1,775.000,600.000,-1,-1,2,0,2,0,0,0,0,0,0,0,0,0,2,0,0,2,2
88,7762.173,-9650.411,224.702,159.499,-0.936841,-0.349350,0.016848,0.346959,-0.934349,-0.081307,0.044146,-0.070326,0.996547,0,-0.31732,1.00000,-19.039,2.000,-1,425.000,-1,350.000,800.000,325.000,325.000,300.000,275.000,900.000,500.000,1000.000,-1,800.000,625.000,-1,-1,2,0,2,0,0,0,0,0,0,0,0,0,2,0,0,2,2
89,7780.123,-9656.417,223.802,161.499,-0.948427,-0.316550,0.016811,0.314356,-0.946035,-0.078730,0.040826,-0.069385,0.996754,0,-0.31545,1.00000,-18.927,2.000,-1,425.000,-1,350.000,775.000,325.000,325.000,300.000,275.000,925.000,725.000,-1,-1,800.000,625.000,-1,-1,2,0,2,0,0,0,0,0,0,0,0,2,2,0,0,2,2
90,7798.158,-9661.760,222.956,163.499,-0.958867,-0.283361,0.016722,0.281356,-0.956576,-0.076170,0.037580,-0.068332,0.996955,0,-0.31347,1.00000,-18.808,2.000,-1,425.000,-1,350.000,775.000,325.000,325.000,300.000,275.000,975.000,925.000,-1,-1,800.000,625.000,-1,1000.000,2,0,2,0,0,0,0,0,0,0,0,2,2,0,0,2,0
91,7816.249,-9666.438,222.200,165.499,-0.968152,-0.249822,0.016440,0.248001,-0.965949,-0.073743,0.034303,-0.067317,0.997142,0,-0.31142,1.00000,-18.685,2.000,-1,425.000,-1,375.000,750.000,325.000,325.000,300.000,275.000,1000.000,-1,-1,-1,825.000,625.000,-1,-1,2,0,2,0,0,0,0,0,0,0,2,2,2,0,0,2,2
92,7834.369,-9670.456,221.655,167.499,-0.976277,-0.215966,0.015532,0.214345,-0.974114,-0.071826,0.030642,-0.066793,0.997296,0,-0.30931,1.00000,-18.558,2.000,-1,425.000,-1,375.000,750.000,325.000,325.000,300.000,275.000,-1,-1,-1,-1,825.000,625.000,-1,-1,2,0,2,0,0,0,0,0,0,2,2,2,2,0,0,2,2
93,7852.490,-9673.815,221.079,169.499,-0.983213,-0.181850,0.014908,0.180404,-0.981116,-0.069752,0.027311,-0.065892,0.997453,0,-0.30715,1.00000,-18.429,2.000,-1,425.000,-1,375.000,775.000,325.000,325.000,300.000,250.000,-1,-1,-1,-1,825.000,650.000,-1,-1,2,0,2,0,0,0,0,0,0,2,2,2,2,0,0,2,2
94,7865.962,-9675.886,220.701,171.259,-0.988334,-0.151636,0.014237,0.150337,-0.986274,-0.068285,0.024396,-0.065348,0.997564,0,-0.22715,0.88000,-13.629,1.760,-1,425.000,-1,375.000,775.000,325.000,325.000,300.000,250.000,-1,-1,-1,-1,850.000,650.000,-1,-1,2,0,2,0,0,0,0,0,0,2,2,2,2,0,0,2,2
95,7874.722,-9676.996,220.486,172.779,-0.992011,-0.125423,0.013550,0.124243,-0.989961,-0.067385,0.021866,-0.065163,0.997635,0,-0.14715,0.76000,-8.829,1.520,-1,425.000,-1,375.000,775.000,325.000,325.000,300.000,250.000,-1,-1,-1,-1,850.000,650.000,-1,-1,2,0,2,0,0,0,0,0,0,2,2,2,2,0,0,2,2
96,7878.730,-9677.414,220.411,174.059,-0.994569,-0.103276,0.012870,0.102194,-0.992505,-0.067014,0.019695,-0.065335,0.997669,0,-0.06715,0.64000,-4.029,1.280,-1,425.000,-1,375.000,800.000,325.000,325.000,300.000,250.000,-1,-1,-1,-1,850.000,650.000,-1,-1,2,0,2,0,0,0,0,0,0,2,2,2,2,0,0,2,2
97,7877.962,-9677.349,220.455,175.099,-0.996285,-0.085242,0.012210,0.084239,-0.994181,-0.067136,0.017861,-0.065859,0.997669,0,0.01285,0.52000,0.771,1.040,-1,425.000,-1,375.000,800.000,325.000,325.000,300.000,250.000,-1,-1,-1,-1,850.000,650.000,-1,-1,2,0,2,0,0,0,0,0,0,2,2,2,2,0,0,2,2
98,7872.406,-9676.951,220.605,175.899,-0.997384,-0.071348,0.011574,0.070407,-0.995217,-0.067725,0.016351,-0.066733,0.997637,0,0.09285,0.40000,5.571,0.800,-1,425.000,-1,375.000,825.000,325.000,325.000,300.000,250.000,-1,-1,-1,-1,850.000,650.000,-1,-1,2,0,2,0,0,0,0,0,0,2,2,2,2,0,0,2,2
99,7862.055,-9676.312,220.835,176.459,-0.998039,-0.061613,0.011030,0.060715,-0.995789,-0.068690,0.015216,-0.067886,0.997577,0,0.17285,0.28000,10.371,0.560,-1,425.000,-1,375.000,850.000,325.000,325.000,300.000,250.000,-1,-1,-1,-1,850.000,675.000,-1,-1,2,0,2,0,0,0,0,0,0,2,2,2,2,0,0,2,2
100,7846.908,-9675.460,221.040,176.779,-0.998370,-0.056047,0.010815,0.055162,-0.996045,-0.069655,0.014676,-0.068945,0.997513,0,0.25285,0.16000,15.171,0.320,-1,425.000,-1,375.000,850.000,325.000,325.000,300.000,250.000,-1,-1,-1,-1,850.000,675.000,-1,-1,2,0,2,0,0,0,0,0,0,2,2,2,2,0,0,2,2
101,7826.964,-9674.421,221.283,177.012,-0.998591,-0.052001,0.010561,0.051127,-0.996177,-0.070829,0.014204,-0.070190,0.997433,0,0.33285,0.11621,19.971,0.232,-1,425.000,-1,375.000,850.000,325.000,325.000,300.000,250.000,-1,-1,-1,-1,850.000,675.000,-1,-1,2,0,2,0,0,0,0,0,0,2,2,2,2,0,0,2,2
102,7802.222,-9673.231,221.578,177.245,-0.998797,-0.047943,0.010272,0.047078,-0.996273,-0.072274,0.013699,-0.071703,0.997332,0,0.41285,0.11656,24.771,0.233,-1,425.000,-1,375.000,875.000,325.000,325.000,300.000,250.000,-1,-1,-1,-1,850.000,675.000,-1,-1,2,0,2,0,0,0,0,0,0,2,2,2,2,0,0,2,2
103,7772.680,-9671.932,221.922,177.479,-0.998988,-0.043869,0.009946,0.043016,-0.996331,-0.073981,0.013155,-0.073479,0.997210,0,0.49285,0.11696,29.571,0.234,-1,425.000,-1,375.000,875.000,325.000,325.000,300.000,250.000,-1,-1,-1,-1,825.000,675.000,-1,-1,2,0,2,0,0,0,0,0,0,2,2,2,2,0,0,2,2
104,7738.336,-9670.563,222.314,177.714,-0.999163,-0.039780,0.009581,0.038940,-0.996351,-0.075946,0.012568,-0.075509,0.997066,0,0.57285,0.11739,34.371,0.235,-1,425.000,-1,375.000,900.000,325.000,325.000,300.000,250.000,-1,-1,-1,-1,825.000,675.000,-1,-1,2,0,2,0,0,0,0,0,0,2,2,2,2,0,0,2,2
105,7699.191,-9669.163,222.749,177.949,-0.999321,-0.035676,0.009177,0.034851,-0.996331,-0.078160,0.011932,-0.077787,0.996899,0,0.65285,0.11782,39.171,0.236,-1,425.000,-1,375.000,900.000,325.000,325.000,300.000,250.000,-1,-1,-1,-1,800.000,650.000,-1,-1,2,0,2,0,0,0,0,0,0,2,2,2,2,0,0,2,2
106,7655.242,-9667.774,223.224,178.186,-0.999464,-0.031558,0.008731,0.030753,-0.996271,-0.080617,0.011243,-0.080306,0.996707,0,0.73285,0.11821,43.971,0.236,-1,425.000,-1,375.000,925.000,325.000,325.000,300.000,250.000,-1,-1,-1,-1,800.000,650.000,-1,-1,2,0,2,0,0,0,0,0,0,2,2,2,2,0,0,2,2
107,7607.947,-9666.474,223.721,178.423,-0.999590,-0.027430,0.008253,0.026649,-0.996174,-0.083232,0.010505,-0.082978,0.996496,0,0.78856,0.11851,47.313,0.237,-1,425.000,-1,375.000,950.000,325.000,325.000,300.000,250.000,-1,-1,-1,-1,775.000,650.000,-1,-1,2,0,2,0,0,0,0,0,0,2,2,2,2,0,0,2,2
108,7560.713,-9665.372,224.202,178.660,-0.999698,-0.023298,0.007770,0.022547,-0.996056,-0.085814,0.009739,-0.085613,0.996281,0,0.78745,0.11867,47.247,0.237,-1,425.000,-1,375.000,950.000,325.000,325.000,300.000,250.000,-1,-1,-1,-1,775.000,650.000,-1,-1,2,0,2,0,0,0,0,0,0,2,2,2,2,0,0,2,2
109,7513.542,-9664.468,224.665,178.897,-0.999790,-0.019168,0.007282,0.018450,-0.995917,-0.088366,0.008946,-0.088213,0.996061,0,0.78633,0.11866,47.180,0.237,-1,400.000,-1,375.000,975.000,325.000,325.000,300.000,250.000,-1,-1,-1,-1,750.000,650.000,-1,-1,2,0,2,0,0,0,0,0,0,2,2,2,2,0,0,2,2
110,7466.433,-9663.759,225.109,179.134,-0.999864,-0.015045,0.006790,0.014366,-0.995757,-0.090890,0.008129,-0.090780,0.995838,0,0.78523,0.11849,47.114,0.237,-1,400.000,-1,375.000,1000.000,325.000,325.000,300.000,250.000,-1,-1,-1,-1,750.000,650.000,-1,-1,2,0,2,0,0,0,0,0,0,2,2,2,2,0,0,2,2
111,7419.388,-9663.245,225.533,179.371,-0.999920,-0.010936,0.006295,0.010300,-0.995577,-0.093386,0.007288,-0.093314,0.995610,0,0.78414,0.11815,47.049,0.236,-1,400.000,-1,375.000,1000.000,325.000,325.000,300.000,250.000,-1,-1,-1,-1,750.000,650.000,-1,-1,2,0,2,0,0,0,0,0,0,2,2,2,2,0,0,2,2
112,7372.404,-9662.925,225.937,179.606,-0.999960,-0.006845,0.005797,0.006258,-0.995375,-0.095857,0.006426,-0.095817,0.995378,0,0.78309,0.11765,46.985,0.235,-1,400.000,-1,375.000,-1,325.000,325.000,300.000,250.000,-1,-1,-1,-1,725.000,625.000,-1,-1,2,0,2,0,2,0,0,0,0,2,2,2,2,0,0,2,2
113,7325.480,-9662.797,226.319,179.840,-0.999982,-0.002780,0.005296,0.002246,-0.995154,-0.098304,0.005544,-0.098290,0.995142,0,0.78207,0.11698,46.924,0.234,-1,400.000,-1,375.000,-1,325.000,300.000,300.000,275.000,-1,-1,-1,-1,725.000,625.000,-1,-1,2,0,2,0,2,0,0,0,0,2,2,2,2,0,0,2,2
114,7278.614,-9662.860,226.678,180.072,-0.999988,0.001255,0.004794,-0.001731,-0.994912,-0.100729,0.004643,-0.100736,0.994902,0,0.78110,0.11616,46.866,0.232,-1,375.000,-1,375.000,-1,300.000,300.000,300.000,275.000,-1,-1,-1,-1,700.000,625.000,-1,-1,2,0,2,0,2,0,0,0,0,2,2,2,2,0,0,2,2
115,7231.804,-9663.110,227.015,180.303,-0.999977,0.005253,0.004291,-0.005667,-0.994651,-0.103133,0.003726,-0.103155,0.994658,0,0.78018,0.11517,46.811,0.230,-1,375.000,-1,350.000,-1,300.000,300.000,300.000,275.000,-1,-1,-1,-1,700.000,625.000,-1,-1,2,0,2,0,2,0,0,0,0,2,2,2,2,0,0,2,2
116,7185.046,-9663.545,227.625,180.531,-0.999943,0.009210,0.005416,-0.009728,-0.994424,-0.105009,0.004419,-0.105056,0.994457,0,0.77934,0.11402,46.760,0.228,-1,375.000,-1,350.000,-1,300.000,300.000,300.000,275.000,-1,-1,-1,-1,700.000,625.000,-1,-1,2,0,2,0,2,0,0,0,0,2,2,2,2,0,0,2,2
117,7137.343,-9664.179,228.516,180.760,-0.999884,0.013181,0.007635,-0.013919,-0.994224,-0.106422,0.006189,-0.106516,0.994292,0,0.79512,0.11446,47.707,0.229,-1,375.000,-1,350.000,-1,300.000,300.000,300.000,275.000,-1,-1,-1,-1,675.000,625.000,-1,-1,2,0,2,0,2,0,0,0,0,2,2,2,2,0,0,2,2
118,7089.695,-9665.005,229.382,180.991,-0.999804,0.017194,0.009854,-0.018156,-0.994007,-0.107800,0.007942,-0.107957,0.994124,0,0.79426,0.11571,47.656,0.231,-1,375.000,-1,375.000,-1,300.000,300.000,300.000,275.000,-1,-1,-1,-1,675.000,625.000,-1,-1,2,0,2,0,2,0,0,0,0,2,2,2,2,0,0,2,2
119,7042.106,-9666.024,230.224,181.225,-0.999701,0.021243,0.012074,-0.022435,-0.993773,-0.109145,0.009680,-0.109383,0.993953,0,0.79334,0.11679,47.600,0.234,-1,375.000,-1,375.000,-1,300.000,300.000,300.000,275.000,1000.000,-1,-1,-1,675.000,650.000,-1,-1,2,0,2,0,2,0,0,0,0,0,2,2,2,0,0,2,2
120,6994.581,-9667.236,231.040,181.460,-0.999577,0.025322,0.014296,-0.026748,-0.993521,-0.110460,0.011406,-0.110795,0.993778,0,0.79235,0.11771,47.541,0.235,-1,375.000,-1,375.000,-1,300.000,300.000,300.000,275.000,1000.000,-1,-1,-1,675.000,650.000,-1,-1,2,0,2,0,2,0,0,0,0,0,2,2,2,0,0,2,2
121,6947.124,-9668.644,231.830,181.697,-0.999430,0.029425,0.016522,-0.031090,-0.993250,-0.111745,0.013122,-0.112195,0.993600,0,0.79131,0.11846,47.478,0.237,-1,375.000,-1,375.000,-1,300.000,300.000,300.000,275.000,1000.000,-1,-1,-1,675.000,650.000,-1,-1,2,0,2,0,2,0,0,0,0,0,2,2,2,0,0,2,2
122,6899.737,-9670.246,232.594,181.935,-0.999261,0.033547,0.018753,-0.035456,-0.992962,-0.113004,0.014830,-0.113586,0.993418,0,0.79023,0.11904,47.414,0.238,-1,375.000,-1,375.000,-1,325.000,300.000,325.000,275.000,975.000,-1,-1,-1,675.000,650.000,-1,-1,2,0,2,0,2,0,0,0,0,0,2,2,2,0,0,2,2
123,6852.425,-9672.043,233.331,182.174,-0.999069,0.037681,0.020991,-0.039839,-0.992654,-0.114239,0.016532,-0.114969,0.993232,0,0.78912,0.11945,47.347,0.239,-1,375.000,-1,375.000,-1,325.000,300.000,300.000,275.000,975.000,925.000,-1,-1,675.000,650.000,-1,-1,2,0,2,0,2,0,0,0,0,0,0,2,2,0,0,2,2
124,6805.187,-9674.036,234.041,182.413,-0.998855,0.041821,0.023237,-0.044234,-0.992328,-0.115451,0.018230,-0.116346,0.993041,0,0.78799,0.11970,47.280,0.239,-1,375.000,-1,375.000,-1,325.000,300.000,300.000,275.000,975.000,750.000,-1,-1,650.000,650.000,-1,-1,2,0,2,0,2,0,0,0,0,0,0,2,2,0,0,2,2
125,6758.027,-9676.222,234.723,182.653,-0.998618,0.045962,0.025493,-0.048634,-0.991982,-0.116643,0.019927,-0.117721,0.992847,0,0.78686,0.11977,47.212,0.240,-1,375.000,-1,375.000,-1,300.000,300.000,300.000,275.000,950.000,625.000,-1,-1,650.000,650.000,-1,-1,2,0,2,0,2,0,0,0,0,0,0,2,2,0,0,2,2
126,6715.679,-9678.541,235.294,183.132,-0.998150,0.054254,0.027453,-0.057124,-0.991405,-0.117699,0.020831,-0.119049,0.992670,0,0.70686,0.23977,42.412,0.480,-1,375.000,-1,375.000,-1,300.000,300.000,300.000,275.000,950.000,550.000,-1,-1,650.000,650.000,-1,-1,2,0,2,0,2,0,0,0,0,0,0,2,2,0,0,2,2
127,6678.154,-9681.070,235.744,183.852,-0.997349,0.066690,0.029123,-0.069694,-0.990494,-0.118595,0.020937,-0.120310,0.992516,0,0.62686,0.35977,37.612,0.720,-1,375.000,-1,375.000,-1,300.000,300.000,300.000,275.000,950.000,525.000,-1,-1,650.000,650.000,-1,-1,2,0,2,0,2,0,0,0,0,0,0,2,2,0,0,2,2
128,6645.459,-9683.824,236.074,184.811,-0.996061,0.083255,0.030507,-0.086328,-0.989096,-0.119319,0.020241,-0.121483,0.992387,0,0.54686,0.47977,32.812,0.960,-1,375.000,-1,375.000,-1,300.000,300.000,300.000,275.000,950.000,500.000,-1,-1,650.000,650.000,-1,-1,2,0,2,0,2,0,0,0,0,0,0,2,2,0,0,2,2
129,6617.604,-9686.759,236.287,186.011,-0.994082,0.103930,0.031612,-0.107002,-0.987006,-0.119871,0.018743,-0.122544,0.992286,0,0.46686,0.59977,28.012,1.200,-1,375.000,-1,375.000,-1,300.000,300.000,300.000,275.000,950.000,500.000,-1,-1,650.000,650.000,-1,-1,2,0,2,0,2,0,0,0,0,0,0,2,2,0,0,2,2
130,6594.591,-9689.771,236.438,187.451,-0.991159,0.128675,0.032339,-0.131669,-0.983953,-0.120419,0.016325,-0.123613,0.992196,0,0.38686,0.71977,23.212,1.440,-1,375.000,-1,375.000,-1,300.000,300.000,300.000,275.000,975.000,525.000,950.000,-1,650.000,650.000,-1,-1,2,0,2,0,2,0,0,0,0,0,0,0,2,0,0,2,2
131,6576.416,-9692.695,236.693,189.130,-0.986985,0.157427,0.032821,-0.160284,-0.979564,-0.121508,0.013022,-0.125187,0.992048,0,0.30686,0.83977,18.412,1.680,-1,375.000,-1,375.000,-1,300.000,300.000,300.000,275.000,975.000,600.000,900.000,-1,625.000,650.000,-1,-1,2,0,2,0,2,0,0,0,0,0,0,0,2,0,0,2,2
132,6563.061,-9695.307,236.919,191.050,-0.981196,0.190115,0.033328,-0.192797,-0.973557,-0.122541,0.009150,-0.126662,0.991904,0,0.22686,0.95977,13.612,1.920,-1,375.000,-1,375.000,-1,300.000,300.000,300.000,300.000,1000.000,725.000,850.000,-1,625.000,650.000,-1,-1,2,0,2,0,2,0,0,0,0,0,0,0,2,0,0,2,2
133,6554.481,-9697.299,237.107,193.050,-0.974018,0.223942,0.033763,-0.226418,-0.966183,-0.123394,0.004988,-0.127833,0.991783,0,0.14686,1.00000,8.812,2.000,-1,375.000,-1,375.000,-1,300.000,300.000,300.000,300.000,-1,950.000,800.000,-1,625.000,650.000,-1,-1,2,0,2,0,2,0,0,0,0,2,0,0,2,0,0,2,2
134,6550.611,-9698.342,237.254,195.050,-0.965680,0.257500,0.033985,-0.259733,-0.957689,-0.123981,0.000621,-0.128553,0.991702,0,0.06686,1.00000,4.012,2.000,-1,375.000,-1,375.000,-1,300.000,300.000,300.000,300.000,-1,900.000,750.000,-1,625.000,650.000,-1,-1,2,0,2,0,2,0,0,0,0,2,0,0,2,0,0,2,2
135,6551.369,-9698.112,237.404,197.050,-0.956194,0.290755,0.033973,-0.292707,-0.948082,-0.124349,-0.003945,-0.128846,0.991657,0,-0.01314,1.00000,-0.788,2.000,-1,375.000,-1,375.000,-1,300.000,300.000,300.000,300.000,-1,875.000,725.000,-1,625.000,650.000,-1,-1,2,0,2,0,2,0,0,0,0,2,0,0,2,0,0,2,2
