timestep,x_cm,y_cm,z_cm,yaw_deg,basis_xx,basis_xy,basis_xz,basis_yx,basis_yy,basis_yz,basis_zx,basis_zy,basis_zz,teleport_flag,throttle_cmd,steering_cmd,cmd_move_cm,cmd_turn_deg,lidar_cm_0,lidar_cm_1,lidar_cm_2,lidar_cm_3,lidar_cm_4,lidar_cm_5,lidar_cm_6,lidar_cm_7,lidar_cm_8,lidar_cm_9,lidar_cm_10,lidar_cm_11,lidar_cm_12,lidar_cm_13,lidar_cm_14,lidar_cm_15,lidar_cm_16,lidar_class_0,lidar_class_1,lidar_class_2,lidar_class_3,lidar_class_4,lidar_class_5,lidar_class_6,lidar_class_7,lidar_class_8,lidar_class_9,lidar_class_10,lidar_class_11,lidar_class_12,lidar_class_13,lidar_class_14,lidar_class_15,lidar_class_16
0,8203.939,-328.128,-146.790,178.116,-0.994900,-0.032879,-0.095358,0.033999,-0.999370,-0.010143,-0.094965,-0.013334,0.995391,1,-0.08000,0.04535,-4.800,0.091,-1,400.000,-1,400.000,-1,325.000,325.000,300.000,275.000,-1,-1,-1,-1,725.000,750.000,-1,-1,2,0,2,0,2,0,0,0,0,2,2,2,2,0,0,2,2
1,8213.534,-328.428,-145.874,178.207,-0.994978,-0.031284,-0.095078,0.032391,-0.999424,-0.010124,-0.094707,-0.013153,0.995418,0,-0.16000,0.04572,-9.600,0.091,-1,400.000,-1,400.000,-1,325.000,325.000,300.000,275.000,-1,-1,-1,-1,750.000,750.000,-1,-1,2,0,2,0,2,0,0,0,0,2,2,2,2,0,0,2,2
2,8227.928,-328.855,-144.498,178.300,-0.995068,-0.029663,-0.094656,0.030755,-0.999476,-0.010098,-0.094307,-0.012959,0.995459,0,-0.24000,0.04645,-14.400,0.093,-1,400.000,-1,400.000,-1,325.000,325.000,300.000,275.000,-1,-1,-1,-1,750.000,750.000,-1,-1,2,0,2,0,2,0,0,0,0,2,2,2,2,0,0,2,2
3,8247.120,-329.393,-142.663,178.395,-0.995169,-0.028005,-0.094093,0.029079,-0.999526,-0.010064,-0.093767,-0.012751,0.995512,0,-0.32000,0.04753,-19.200,0.095,-1,400.000,-1,400.000,-1,325.000,325.000,300.000,275.000,-1,-1,-1,-1,750.000,775.000,-1,-1,2,0,2,0,2,0,0,0,0,2,2,2,2,0,0,2,2
4,8271.112,-330.024,-140.370,178.493,-0.995282,-0.026298,-0.093390,0.027352,-0.999576,-0.010022,-0.093087,-0.012529,0.995579,0,-0.40000,0.04893,-24.000,0.098,-1,400.000,-1,400.000,-1,325.000,325.000,300.000,275.000,-1,-1,-1,-1,750.000,775.000,-1,-1,2,0,2,0,2,0,0,0,0,2,2,2,2,0,0,2,2
5,8297.931,-330.682,-137.806,178.594,-0.995401,-0.024532,-0.092604,0.025564,-0.999623,-0.009976,-0.092324,-0.012298,0.995653,0,-0.44711,0.05062,-26.827,0.101,-1,400.000,-1,400.000,-1,325.000,325.000,300.000,275.000,-1,-1,-1,-1,750.000,775.000,-1,-1,2,0,2,0,2,0,0,0,0,2,2,2,2,0,0,2,2
6,8324.685,-331.290,-135.247,178.699,-0.995517,-0.022702,-0.091821,0.023712,-0.999670,-0.009930,-0.091565,-0.012063,0.995726,0,-0.44601,0.05245,-26.761,0.105,-1,400.000,-1,400.000,-1,325.000,325.000,300.000,275.000,-1,-1,-1,-1,775.000,775.000,-1,-1,2,0,2,0,2,0,0,0,0,2,2,2,2,0,0,2,2
7,8351.367,-331.845,-132.695,178.807,-0.995630,-0.020810,-0.091040,0.021799,-0.999714,-0.009884,-0.090808,-0.011825,0.995798,0,-0.44480,0.05420,-26.688,0.108,-1,400.000,-1,400.000,-1,325.000,325.000,300.000,300.000,-1,-1,-1,-1,775.000,800.000,-1,-1,2,0,2,0,2,0,0,0,0,2,2,2,2,0,0,2,2
8,8373.252,-332.201,-130.603,179.068,-0.995772,-0.016259,-0.090405,0.017217,-0.999803,-0.009829,-0.090228,-0.011344,0.995857,0,-0.36480,0.13042,-21.888,0.261,-1,400.000,-1,400.000,-1,325.000,325.000,300.000,300.000,-1,-1,-1,-1,775.000,800.000,-1,-1,2,0,2,0,2,0,0,0,0,2,2,2,2,0,0,2,2
9,8390.339,-332.400,-128.969,179.332,-0.995881,-0.011662,-0.089911,0.012591,-0.999873,-0.009778,-0.089786,-0.010870,0.995902,0,-0.28480,0.13172,-17.088,0.263,-1,400.000,-1,400.000,-1,325.000,325.000,300.000,300.000,-1,-1,-1,-1,775.000,800.000,-1,-1,2,0,2,0,2,0,0,0,0,2,2,2,2,0,0,2,2
10,8402.626,-332.486,-127.795,179.597,-0.995957,-0.007030,-0.089559,0.007933,-0.999921,-0.009732,-0.089483,-0.010403,0.995934,0,-0.20480,0.13269,-12.288,0.265,-1,400.000,-1,400.000,-1,325.000,325.000,300.000,300.000,-1,-1,-1,-1,775.000,800.000,-1,-1,2,0,2,0,2,0,0,0,0,2,2,2,2,0,0,2,2
11,8410.114,-332.504,-127.080,179.864,-0.995998,-0.002375,-0.089348,0.003254,-0.999948,-0.009691,-0.089320,-0.009943,0.995953,0,-0.12480,0.13336,-7.488,0.267,-1,400.000,-1,400.000,-1,325.000,325.000,300.000,300.000,-1,-1,-1,-1,775.000,800.000,-1,-1,2,0,2,0,2,0,0,0,0,2,2,2,2,0,0,2,2
12,8412.802,-332.497,-126.825,180.131,-0.996004,0.002293,-0.089278,-0.001437,-0.999952,-0.009653,-0.089296,-0.009486,0.995960,0,-0.04480,0.13376,-2.688,0.268,-1,400.000,-1,400.000,-1,325.000,325.000,300.000,300.000,-1,-1,-1,-1,800.000,800.000,-1,-1,2,0,2,0,2,0,0,0,0,2,2,2,2,0,0,2,2
13,8410.689,-332.512,-127.031,180.399,-0.995976,0.006967,-0.089350,-0.006132,-0.999935,-0.009620,-0.089411,-0.009033,0.995954,0,0.03520,0.13390,2.112,0.268,-1,400.000,-1,400.000,-1,325.000,325.000,300.000,300.000,-1,-1,-1,-1,775.000,800.000,-1,-1,2,0,2,0,2,0,0,0,0,2,2,2,2,0,0,2,2
14,8403.778,-332.592,-127.697,180.667,-0.995913,0.011637,-0.089564,-0.010821,-0.999895,-0.009590,-0.089667,-0.008582,0.995935,0,0.11520,0.13379,6.912,0.268,-1,400.000,-1,400.000,-1,325.000,325.000,300.000,300.000,-1,-1,-1,-1,775.000,800.000,-1,-1,2,0,2,0,2,0,0,0,0,2,2,2,2,0,0,2,2
15,8392.067,-332.783,-128.823,180.934,-0.995816,0.016294,-0.089921,-0.015496,-0.999834,-0.009565,-0.090062,-0.008132,0.995903,0,0.19520,0.13344,11.712,0.267,-1,400.000,-1,400.000,-1,325.000,325.000,300.000,300.000,-1,-1,-1,-1,775.000,800.000,-1,-1,2,0,2,0,2,0,0,0,0,2,2,2,2,0,0,2,2
16,8375.558,-333.129,-130.411,181.199,-0.995684,0.020931,-0.090420,-0.020149,-0.999751,-0.009544,-0.090597,-0.007680,0.995858,0,0.27520,0.13284,16.512,0.266,-1,400.000,-1,400.000,-1,325.000,325.000,300.000,300.000,-1,-1,-1,-1,775.000,800.000,-1,-1,2,0,2,0,2,0,0,0,0,2,2,2,2,0,0,2,2
17,8354.252,-333.673,-132.461,181.463,-0.995518,0.025537,-0.091061,-0.024771,-0.999648,-0.009526,-0.091272,-0.007227,0.995800,0,0.35520,0.13199,21.312,0.264,-1,400.000,-1,400.000,-1,325.000,325.000,300.000,275.000,-1,-1,-1,-1,775.000,800.000,-1,-1,2,0,2,0,2,0,0,0,0,2,2,2,2,0,0,2,2
18,8328.152,-334.459,-134.971,181.725,-0.995318,0.030103,-0.091844,-0.029352,-0.999524,-0.009511,-0.092086,-0.006770,0.995728,0,0.43520,0.13086,26.112,0.262,-1,400.000,-1,400.000,-1,325.000,325.000,300.000,275.000,-1,-1,-1,-1,775.000,775.000,-1,-1,2,0,2,0,2,0,0,0,0,2,2,2,2,0,0,2,2
19,8297.258,-335.529,-137.943,181.984,-0.995086,0.034619,-0.092768,-0.033883,-0.999381,-0.009498,-0.093039,-0.006308,0.995642,0,0.51520,0.12944,30.912,0.259,-1,400.000,-1,400.000,-1,325.000,325.000,300.000,275.000,-1,-1,-1,-1,750.000,775.000,-1,-1,2,0,2,0,2,0,0,0,0,2,2,2,2,0,0,2,2
20,8261.573,-336.924,-141.378,182.239,-0.994821,0.039073,-0.093832,-0.038351,-0.999219,-0.009488,-0.094130,-0.005840,0.995543,0,0.59520,0.12768,35.712,0.255,-1,400.000,-1,400.000,-1,325.000,325.000,300.000,275.000,-1,-1,-1,-1,750.000,775.000,-1,-1,2,0,2,0,2,0,0,0,0,2,2,2,2,0,0,2,2
21,8221.098,-338.685,-145.274,182.490,-0.994525,0.043452,-0.095036,-0.042743,-0.999041,-0.009478,-0.095357,-0.005364,0.995429,0,0.67520,0.12556,40.512,0.251,-1,400.000,-1,400.000,-1,325.000,325.000,300.000,275.000,-1,-1,-1,-1,725.000,750.000,-1,-1,2,0,2,0,2,0,0,0,0,2,2,2,2,0,0,2,2
22,8175.837,-340.848,-149.632,182.736,-0.994199,0.047742,-0.096378,-0.047047,-0.998848,-0.009467,-0.096719,-0.004878,0.995300,0,0.75520,0.12303,45.312,0.246,-1,400.000,-1,400.000,-1,325.000,325.000,300.000,275.000,-1,-1,-1,-1,725.000,750.000,-1,-1,2,0,2,0,2,0,0,0,0,2,2,2,2,0,0,2,2
23,8129.186,-343.273,-154.126,182.977,-0.993855,0.051927,-0.097755,-0.051247,-0.998641,-0.009455,-0.098113,-0.004387,0.995166,0,0.77857,0.12004,46.714,0.240,-1,400.000,-1,400.000,-1,325.000,325.000,300.000,275.000,-1,-1,-1,-1,700.000,750.000,-1,-1,2,0,2,0,2,0,0,0,0,2,2,2,2,0,0,2,2
24,8082.602,-345.886,-158.615,183.210,-0.993498,0.055998,-0.099125,-0.055334,-0.998423,-0.009441,-0.099498,-0.003895,0.995030,0,0.77761,0.11680,46.657,0.234,-1,400.000,-1,400.000,-1,325.000,325.000,300.000,300.000,-1,-1,-1,-1,700.000,725.000,-1,-1,2,0,2,0,2,0,0,0,0,2,2,2,2,0,0,2,2
25,8036.071,-348.681,-163.101,183.437,-0.993130,0.059950,-0.100488,-0.059302,-0.998196,-0.009425,-0.100872,-0.003401,0.994894,0,0.77691,0.11339,46.615,0.227,-1,375.000,-1,400.000,-1,325.000,325.000,300.000,300.000,-1,-1,-1,-1,675.000,725.000,-1,1000.000,2,0,2,0,2,0,0,0,0,2,2,2,2,0,0,2,1
26,7989.578,-351.652,-167.584,183.657,-0.992754,0.063776,-0.101844,-0.063146,-0.997960,-0.009405,-0.102236,-0.002906,0.994756,0,0.77646,0.10984,46.588,0.220,-1,375.000,-1,400.000,-1,325.000,325.000,300.000,300.000,-1,-1,-1,-1,675.000,725.000,-1,950.000,2,0,2,0,2,0,0,0,0,2,2,2,2,0,0,2,1
27,7943.108,-354.794,-172.067,183.869,-0.992370,0.067473,-0.103192,-0.066861,-0.997718,-0.009382,-0.103589,-0.002411,0.994617,0,0.77625,0.10613,46.575,0.212,-1,375.000,1000.000,375.000,975.000,325.000,325.000,300.000,300.000,-1,-1,-1,-1,675.000,700.000,-1,900.000,2,0,1,0,1,0,0,0,0,2,2,2,2,0,0,2,1
28,7896.648,-358.103,-176.555,184.073,-0.991983,0.071035,-0.104521,-0.070444,-0.997472,-0.009338,-0.104920,-0.001900,0.994479,0,0.77629,0.10228,46.577,0.205,-1,375.000,950.000,375.000,925.000,300.000,325.000,300.000,300.000,-1,-1,-1,-1,650.000,700.000,-1,850.000,2,0,1,0,1,0,0,0,0,2,2,2,2,0,0,2,1
29,7850.184,-361.572,-181.163,184.270,-0.991753,0.074457,-0.104319,-0.073918,-0.997223,-0.009026,-0.104702,-0.001241,0.994503,0,0.77656,0.09829,46.594,0.197,1000.000,375.000,900.000,375.000,875.000,300.000,325.000,300.000,300.000,1000.000,-1,-1,-1,650.000,675.000,975.000,800.000,0,0,1,0,1,0,0,0,0,1,2,2,2,0,1,1,1
30,7798.933,-365.388,-185.992,184.258,-0.991966,0.074250,-0.102424,-0.073811,-0.997240,-0.008084,-0.102742,-0.000459,0.994708,0,0.85656,-0.00593,51.394,-0.012,975.000,375.000,875.000,375.000,825.000,300.000,325.000,300.000,300.000,1000.000,-1,-1,-1,650.000,650.000,950.000,750.000,0,0,1,0,1,0,0,0,0,1,2,2,2,0,1,1,1
31,7744.980,-369.392,-191.051,184.245,-0.992195,0.074013,-0.100360,-0.073683,-0.997257,-0.006993,-0.100602,0.000456,0.994927,0,0.90170,-0.00682,54.102,-0.014,975.000,375.000,825.000,375.000,750.000,300.000,325.000,300.000,300.000,1000.000,-1,-1,-1,625.000,600.000,925.000,700.000,0,0,1,0,1,0,0,0,0,1,2,2,2,1,1,1,1
32,7690.607,-373.412,-196.143,184.229,-0.992424,0.073741,-0.098271,-0.073519,-0.997276,-0.005887,-0.098437,0.001382,0.995142,0,0.90870,-0.00781,54.522,-0.016,950.000,375.000,775.000,375.000,700.000,300.000,325.000,300.000,300.000,-1,-1,-1,-1,600.000,575.000,875.000,650.000,0,0,1,0,1,0,0,0,0,2,2,2,2,1,1,1,1
33,7635.811,-377.446,-201.269,184.211,-0.992654,0.073432,-0.096157,-0.073314,-0.997298,-0.004765,-0.096247,0.002320,0.995355,0,0.91575,-0.00888,54.945,-0.018,925.000,375.000,725.000,375.000,650.000,300.000,325.000,300.000,300.000,-1,-1,-1,-1,575.000,525.000,825.000,600.000,0,0,1,0,1,0,0,0,0,2,2,2,2,1,1,1,1
34,7580.589,-381.493,-206.430,184.191,-0.992885,0.073082,-0.094017,-0.073065,-0.997321,-0.003627,-0.094031,0.003269,0.995564,0,0.92284,-0.01004,55.371,-0.020,900.000,375.000,675.000,400.000,600.000,325.000,325.000,300.000,300.000,-1,-1,-1,-1,550.000,500.000,775.000,550.000,0,0,1,0,1,0,0,0,0,2,2,2,2,1,1,1,1
35,7524.938,-385.549,-211.625,184.168,-0.993116,0.072689,-0.091852,-0.072770,-0.997346,-0.002473,-0.091788,0.004228,0.995770,0,0.92998,-0.01129,55.799,-0.023,875.000,375.000,625.000,375.000,525.000,325.000,325.000,300.000,300.000,-1,-1,-1,-1,500.000,450.000,725.000,500.000,0,0,1,1,1,0,0,0,0,2,2,2,2,1,1,1,1
36,7468.857,-389.611,-216.855,184.143,-0.993348,0.072248,-0.089662,-0.072423,-0.997373,-0.001304,-0.089520,0.005198,0.995971,0,0.93715,-0.01265,56.229,-0.025,850.000,350.000,575.000,325.000,475.000,300.000,300.000,300.000,300.000,-1,-1,-1,-1,475.000,400.000,675.000,425.000,0,1,1,1,1,1,1,0,0,2,2,2,2,1,1,1,1
37,7412.342,-393.677,-222.119,184.115,-0.993582,0.071756,-0.087445,-0.072022,-0.997403,-0.000120,-0.087226,0.006178,0.996169,0,0.94436,-0.01413,56.661,-0.028,825.000,325.000,525.000,300.000,400.000,275.000,275.000,300.000,300.000,-1,-1,-1,-1,450.000,375.000,600.000,375.000,0,1,1,1,1,1,1,0,0,2,2,2,2,1,1,1,1
38,7355.392,-397.742,-227.419,184.083,-0.993816,0.071207,-0.085201,-0.071559,-0.997436,0.001078,-0.084906,0.007168,0.996363,0,0.95160,-0.01575,57.096,-0.032,800.000,300.000,450.000,275.000,350.000,250.000,250.000,300.000,300.000,-1,-1,900.000,-1,400.000,325.000,550.000,325.000,0,1,1,1,1,1,1,0,0,2,2,0,2,1,1,1,1
39,7298.004,-401.804,-232.753,184.048,-0.994052,0.070596,-0.082931,-0.071030,-0.997472,0.002289,-0.082559,0.008166,0.996553,0,0.95886,-0.01754,57.532,-0.035,775.000,275.000,400.000,225.000,275.000,225.000,225.000,300.000,300.000,-1,575.000,525.000,-1,350.000,275.000,475.000,275.000,0,1,1,1,1,1,1,0,0,2,0,0,2,1,1,1,1
40,7238.170,-406.254,-238.285,184.253,-0.993980,0.074162,-0.080652,-0.074690,-0.997201,0.003537,-0.080164,0.009539,0.996736,0,1.00000,0.10246,60.000,0.205,750.000,225.000,350.000,200.000,225.000,200.000,175.000,300.000,300.000,-1,525.000,500.000,-1,325.000,225.000,400.000,200.000,0,1,1,1,1,1,1,0,0,2,0,0,2,1,1,1,1
41,7178.376,-411.172,-235.958,184.698,-0.995057,0.081902,-0.056156,-0.081102,-0.996571,-0.016380,-0.057305,-0.011745,0.998288,0,1.00000,0.22246,60.000,0.445,850.000,225.000,350.000,175.000,200.000,200.000,175.000,275.000,350.000,-1,275.000,325.000,-1,325.000,225.000,475.000,200.000,0,1,1,1,1,1,1,0,0,2,0,0,2,1,1,1,1
42,7118.644,-416.803,-229.593,185.383,-0.995382,0.093784,-0.020458,-0.093203,-0.995261,-0.027712,-0.022960,-0.025677,0.999407,0,1.00000,0.34246,60.000,0.685,-1,250.000,400.000,175.000,200.000,200.000,175.000,300.000,400.000,850.000,175.000,225.000,-1,375.000,225.000,-1,200.000,2,1,1,1,1,1,1,0,0,0,0,0,2,1,1,2,1
43,1639.687,-3607.481,98.544,55.303,0.581638,-0.813210,-0.019665,0.794850,0.563034,0.226287,-0.172947,-0.147248,0.973862,1,0.00000,0.00000,60.000,0.925,75.000,225.000,900.000,375.000,-1,225.000,275.000,225.000,400.000,-1,-1,-1,275.000,325.000,600.000,75.000,-1,0,0,0,0,2,0,0,0,1,2,2,2,1,0,0,0,2
44,-8855.085,-9511.016,-59.492,117.638,-0.463871,-0.885874,0.007148,0.885463,-0.463879,-0.027765,0.027913,-0.006550,0.999589,1,0.00000,0.00000,4.800,-0.240,-1,400.000,-1,400.000,-1,325.000,325.000,300.000,300.000,-1,-1,-1,-1,900.000,875.000,-1,-1,2,0,2,0,2,0,0,0,0,2,2,2,2,0,0,2,2
45,-8852.841,-9515.259,-59.619,117.878,-0.467575,-0.883923,0.007299,0.883509,-0.467586,-0.027839,0.028020,-0.006568,0.999586,0,-0.08000,0.12000,-4.800,0.240,-1,400.000,-1,400.000,-1,325.000,325.000,300.000,300.000,-1,-1,-1,-1,900.000,875.000,-1,-1,2,0,2,0,2,0,0,0,0,2,2,2,2,0,0,2,2
46,-8848.281,-9523.707,-59.873,118.358,-0.474960,-0.879975,0.007602,0.879555,-0.474975,-0.027981,0.028234,-0.006603,0.999580,0,-0.16000,0.24000,-9.600,0.480,-1,400.000,-1,400.000,-1,325.000,325.000,300.000,300.000,-1,-1,-1,-1,900.000,875.000,-1,-1,2,0,2,0,2,0,0,0,0,2,2,2,2,0,0,2,2
47,-8841.282,-9536.292,-60.255,119.078,-0.485973,-0.873936,0.008061,0.873507,-0.485995,-0.028186,0.028551,-0.006656,0.999570,0,-0.24000,0.36000,-14.400,0.720,-1,400.000,-1,400.000,-1,325.000,325.000,300.000,300.000,-1,-1,-1,-1,900.000,875.000,-1,-1,2,0,2,0,2,0,0,0,0,2,2,2,2,0,0,2,2
48,-8831.873,-9552.563,-60.752,120.038,-0.500539,-0.865671,0.008668,0.865230,-0.500568,-0.028437,0.028956,-0.006734,0.999558,0,-0.31327,0.48000,-18.796,0.960,-1,400.000,-1,400.000,-1,325.000,325.000,300.000,300.000,-1,-1,-1,-1,900.000,875.000,-1,-1,2,0,2,0,2,0,0,0,0,2,2,2,2,0,0,2,2
49,-8822.134,-9568.620,-61.240,121.238,-0.518550,-0.854997,0.009286,0.854544,-0.518587,-0.028667,0.029326,-0.006930,0.999546,0,-0.31299,0.60000,-18.779,1.200,-1,400.000,-1,400.000,-1,325.000,325.000,300.000,300.000,-1,-1,-1,-1,900.000,875.000,-1,-1,2,0,2,0,2,0,0,0,0,2,2,2,2,0,0,2,2
50,-8812.004,-9584.412,-61.716,122.678,-0.539866,-0.841693,0.009918,0.841229,-0.539908,-0.028870,0.029654,-0.007243,0.999534,0,-0.31270,0.72000,-18.762,1.440,-1,425.000,-1,400.000,-1,325.000,325.000,300.000,300.000,-1,-1,-1,-1,900.000,875.000,-1,-1,2,0,2,0,2,0,0,0,0,2,2,2,2,0,0,2,2
51,-8801.425,-9599.887,-62.217,124.358,-0.564307,-0.825499,0.010504,0.825018,-0.564350,-0.029222,0.030051,-0.007824,0.999518,0,-0.31242,0.84000,-18.745,1.680,-1,425.000,-1,400.000,-1,325.000,325.000,300.000,300.000,-1,-1,-1,-1,900.000,875.000,-1,-1,2,0,2,0,2,0,0,0,0,2,2,2,2,0,0,2,2
52,-8790.342,-9614.987,-62.754,126.278,-0.591648,-0.806121,0.011022,0.805619,-0.591686,-0.029761,0.030513,-0.008729,0.999496,0,-0.31217,0.96000,-18.730,1.920,-1,425.000,-1,400.000,-1,325.000,325.000,300.000,300.000,-1,-1,-1,-1,900.000,875.000,-1,-1,2,0,2,0,2,0,0,0,0,2,2,2,2,0,0,2,2
53,-8778.747,-9629.680,-63.376,128.278,-0.619434,-0.784971,0.011082,0.784451,-0.619451,-0.030281,0.030634,-0.010064,0.999480,0,-0.31197,1.00000,-18.718,2.000,-1,400.000,-1,400.000,-1,325.000,325.000,300.000,300.000,-1,-1,-1,-1,900.000,875.000,-1,-1,2,0,2,0,2,0,0,0,0,2,2,2,2,0,0,2,2
54,-8766.650,-9643.956,-63.991,130.278,-0.646464,-0.762863,0.011177,0.762326,-0.646460,-0.030805,0.030726,-0.011394,0.999463,0,-0.31186,1.00000,-18.712,2.000,-1,400.000,-1,400.000,-1,325.000,325.000,300.000,300.000,-1,-1,-1,-1,900.000,875.000,-1,-1,2,0,2,0,2,0,0,0,0,2,2,2,2,0,0,2,2
55,-8754.061,-9657.802,-64.598,132.278,-0.672704,-0.739825,0.011306,0.739271,-0.672679,-0.031333,0.030787,-0.012720,0.999445,0,-0.31189,1.00000,-18.713,2.000,-1,400.000,-1,400.000,-1,325.000,325.000,300.000,300.000,-1,-1,-1,-1,900.000,875.000,-1,-1,2,0,2,0,2,0,0,0,0,2,2,2,2,0,0,2,2
56,-8740.989,-9671.207,-65.197,134.278,-0.698123,-0.715886,0.011470,0.715314,-0.698076,-0.031861,0.030815,-0.014039,0.999427,0,-0.31205,1.00000,-18.723,2.000,-1,400.000,-1,400.000,-1,325.000,325.000,300.000,300.000,-1,-1,-1,-1,900.000,875.000,-1,-1,2,0,2,0,2,0,0,0,0,2,2,2,2,0,0,2,2
57,-8727.445,-9684.160,-65.787,136.278,-0.722690,-0.691074,0.011666,0.690485,-0.722621,-0.032385,0.030811,-0.015349,0.999407,0,-0.31236,1.00000,-18.742,2.000,-1,400.000,-1,400.000,-1,325.000,325.000,300.000,300.000,-1,-1,-1,-1,900.000,875.000,-1,-1,2,0,2,0,2,0,0,0,0,2,2,2,2,0,0,2,2
58,-8713.436,-9696.652,-66.368,138.278,-0.746374,-0.665420,0.011896,0.664814,-0.746283,-0.032904,0.030772,-0.016650,0.999388,0,-0.31282,1.00000,-18.769,2.000,-1,400.000,-1,400.000,-1,325.000,325.000,300.000,300.000,-1,-1,-1,-1,875.000,875.000,-1,-1,2,0,2,0,2,0,0,0,0,2,2,2,2,0,0,2,2
59,-8698.972,-9708.670,-66.939,140.278,-0.769148,-0.638955,0.012157,0.638333,-0.769035,-0.033413,0.030698,-0.017939,0.999368,0,-0.31343,1.00000,-18.806,2.000,-1,400.000,-1,400.000,-1,325.000,325.000,300.000,300.000,-1,-1,-1,-1,875.000,875.000,-1,-1,2,0,2,0,2,0,0,0,0,2,2,2,2,0,0,2,2
60,-8684.060,-9720.204,-67.500,142.278,-0.790982,-0.611713,0.012449,0.611074,-0.790847,-0.033910,0.030588,-0.019215,0.999347,0,-0.31419,1.00000,-18.852,2.000,-1,400.000,-1,400.000,-1,325.000,325.000,300.000,300.000,-1,-1,-1,-1,875.000,875.000,-1,-1,2,0,2,0,2,0,0,0,0,2,2,2,2,0,0,2,2
61,-8668.710,-9731.243,-68.049,144.278,-0.811851,-0.583725,0.012769,0.583071,-0.811693,-0.034393,0.030440,-0.020476,0.999327,0,-0.31512,1.00000,-18.907,2.000,-1,400.000,-1,400.000,-1,325.000,325.000,300.000,300.000,-1,-1,-1,-1,875.000,875.000,-1,-1,2,0,2,0,2,0,0,0,0,2,2,2,2,0,0,2,2
62,-8652.930,-9741.776,-68.587,146.278,-0.831729,-0.555028,0.013117,0.554358,-0.831548,-0.034858,0.030255,-0.021720,0.999306,0,-0.31620,1.00000,-18.972,2.000,-1,400.000,-1,400.000,-1,325.000,325.000,300.000,300.000,-1,-1,-1,-1,850.000,875.000,-1,-1,2,0,2,0,2,0,0,0,0,2,2,2,2,0,0,2,2
63,-8636.783,-9751.758,-69.111,148.278,-0.850591,-0.525654,0.013490,0.524969,-0.850389,-0.035302,0.030028,-0.022946,0.999286,0,-0.31640,1.00000,-18.984,2.000,-1,400.000,-1,400.000,-1,325.000,325.000,300.000,300.000,-1,-1,-1,-1,850.000,875.000,-1,-1,2,0,2,0,2,0,0,0,0,2,2,2,2,0,0,2,2
64,-8620.296,-9761.170,-69.620,150.278,-0.868416,-0.495642,0.013884,0.494943,-0.868191,-0.035722,0.029759,-0.024150,0.999265,0,-0.31640,1.00000,-18.984,2.000,-1,400.000,-1,400.000,-1,325.000,325.000,300.000,300.000,-1,-1,-1,-1,850.000,875.000,-1,-1,2,0,2,0,2,0,0,0,0,2,2,2,2,0,0,2,2
65,-8603.491,-9770.001,-70.112,152.278,-0.885181,-0.465027,0.014298,0.464314,-0.884934,-0.036117,0.029448,-0.025331,0.999245,0,-0.31640,1.00000,-18.984,2.000,-1,400.000,-1,400.000,-1,325.000,325.000,300.000,300.000,-1,-1,-1,-1,850.000,875.000,-1,-1,2,0,2,0,2,0,0,0,0,2,2,2,2,0,0,2,2
66,-8586.389,-9778.240,-70.606,154.278,-0.900865,-0.433848,0.014805,0.433121,-0.900599,-0.036448,0.029146,-0.026422,0.999226,0,-0.31640,1.00000,-18.984,2.000,-1,400.000,-1,400.000,-1,325.000,325.000,300.000,300.000,-1,-1,-1,-1,850.000,875.000,-1,-1,2,0,2,0,2,0,0,0,0,2,2,2,2,0,0,2,2
67,-8569.009,-9785.878,-71.098,156.278,-0.915448,-0.402142,0.015393,0.401401,-0.915166,-0.036706,0.028848,-0.027424,0.999208,0,-0.31640,1.00000,-18.984,2.000,-1,400.000,-1,400.000,-1,325.000,325.000,300.000,300.000,-1,-1,-1,-1,850.000,875.000,-1,-1,2,0,2,0,2,0,0,0,0,2,2,2,2,0,0,2,2
68,-8551.373,-9792.904,-71.571,158.278,-0.928915,-0.369948,0.015987,0.369195,-0.928618,-0.036923,0.028505,-0.028396,0.999190,0,-0.31640,1.00000,-18.984,2.000,-1,400.000,-1,400.000,-1,325.000,325.000,300.000,300.000,-1,-1,-1,-1,825.000,875.000,-1,-1,2,0,2,0,2,0,0,0,0,2,2,2,2,0,0,2,2
69,-8533.502,-9799.311,-72.025,160.278,-0.941249,-0.337305,0.016582,0.336540,-0.940938,-0.037098,0.028116,-0.029338,0.999174,0,-0.31640,1.00000,-18.984,2.000,-1,400.000,-1,400.000,-1,325.000,325.000,300.000,300.000,-1,-1,-1,-1,825.000,875.000,-1,-1,2,0,2,0,2,0,0,0,0,2,2,2,2,0,0,2,2
70,-8515.419,-9805.090,-72.458,162.278,-0.952436,-0.304253,0.017176,0.303478,-0.952111,-0.037229,0.027680,-0.030246,0.999159,0,-0.31640,1.00000,-18.984,2.000,-1,400.000,-1,400.000,-1,325.000,325.000,300.000,300.000,-1,-1,-1,-1,825.000,875.000,-1,-1,2,0,2,0,2,0,0,0,0,2,2,2,2,0,0,2,2
71,-8497.145,-9810.234,-72.870,164.278,-0.962463,-0.270833,0.017764,0.270048,-0.962123,-0.037317,0.027198,-0.031119,0.999146,0,-0.31640,1.00000,-18.984,2.000,-1,400.000,-1,400.000,-1,325.000,325.000,300.000,300.000,-1,-1,-1,-1,825.000,875.000,-1,-1,2,0,2,0,2,0,0,0,0,2,2,2,2,0,0,2,2
72,-8478.703,-9814.737,-73.259,166.278,-0.971316,-0.237084,0.018344,0.236292,-0.970964,-0.037360,0.026668,-0.031954,0.999134,0,-0.31640,1.00000,-18.984,2.000,-1,400.000,-1,400.000,-1,325.000,325.000,300.000,300.000,-1,-1,-1,-1,825.000,875.000,-1,-1,2,0,2,0,2,0,0,0,0,2,2,2,2,0,0,2,2
73,-8460.115,-9818.595,-73.703,168.278,-0.978992,-0.203046,0.018608,0.202253,-0.978612,-0.037575,0.025839,-0.033022,0.999121,0,-0.31640,1.00000,-18.984,2.000,-1,400.000,-1,400.000,-1,325.000,325.000,300.000,300.000,-1,-1,-1,-1,825.000,875.000,-1,-1,2,0,2,0,2,0,0,0,0,2,2,2,2,0,0,2,2
74,-8441.404,-9821.801,-74.219,170.278,-0.985477,-0.168763,0.018841,0.167969,-0.985065,-0.037852,0.024948,-0.034138,0.999106,0,-0.31640,1.00000,-18.984,2.000,-1,400.000,-1,400.000,-1,325.000,325.000,300.000,300.000,-1,-1,-1,-1,825.000,875.000,-1,-1,2,0,2,0,2,0,0,0,0,2,2,2,2,0,0,2,2
75,-8427.356,-9823.766,-74.590,172.038,-0.990190,-0.138425,0.019018,0.137632,-0.989751,-0.038077,0.024094,-0.035086,0.999094,0,-0.23640,0.88000,-14.184,1.760,-1,400.000,-1,400.000,-1,325.000,325.000,300.000,300.000,-1,-1,-1,-1,800.000,875.000,-1,-1,2,0,2,0,2,0,0,0,0,2,2,2,2,0,0,2,2
76,-8418.031,-9824.819,-74.825,173.558,-0.993511,-0.112117,0.019131,0.111329,-0.993048,-0.038238,0.023285,-0.035860,0.999086,0,-0.15640,0.76005,-9.384,1.520,-1,400.000,-1,400.000,-1,325.000,325.000,300.000,300.000,-1,-1,-1,-1,800.000,850.000,-1,-1,2,0,2,0,2,0,0,0,0,2,2,2,2,0,0,2,2
77,-8413.464,-9825.213,-74.930,175.079,-0.996134,-0.085732,0.019177,0.084952,-0.995647,-0.038350,0.022381,-0.036572,0.999080,0,-0.07640,0.76005,-4.584,1.520,-1,400.000,-1,400.000,-1,325.000,325.000,300.000,300.000,-1,-1,-1,-1,800.000,850.000,-1,-1,2,0,2,0,2,0,0,0,0,2,2,2,2,0,0,2,2
78,-8413.680,-9825.200,-74.914,176.599,-0.998057,-0.059289,0.019159,0.058521,-0.997547,-0.038418,0.021390,-0.037222,0.999078,0,0.00360,0.76005,0.216,1.520,-1,400.000,-1,400.000,-1,325.000,325.000,300.000,300.000,-1,-1,-1,-1,800.000,850.000,-1,-1,2,0,2,0,2,0,0,0,0,2,2,2,2,0,0,2,2
79,-8418.693,-9825.036,-74.786,178.119,-0.999280,-0.032805,0.019080,0.032053,-0.998746,-0.038447,0.020317,-0.037808,0.999078,0,0.08360,0.76005,5.016,1.520,-1,400.000,-1,400.000,-1,325.000,325.000,300.000,325.000,-1,-1,-1,-1,800.000,850.000,-1,-1,2,0,2,0,2,0,0,0,0,2,2,2,2,0,0,2,2
80,-8428.509,-9824.975,-74.556,179.639,-0.999801,-0.006299,0.018941,0.005567,-0.999245,-0.038442,0.019169,-0.038329,0.999081,0,0.16360,0.76005,9.816,1.520,-1,400.000,-1,400.000,-1,325.000,325.000,300.000,325.000,-1,-1,-1,-1,800.000,850.000,-1,-1,2,0,2,0,2,0,0,0,0,2,2,2,2,0,0,2,2
81,-8443.121,-9825.270,-74.233,181.159,-0.999620,0.020211,0.018746,-0.020919,-0.999043,-0.038408,0.017952,-0.038785,0.999086,0,0.24360,0.76005,14.616,1.520,-1,400.000,-1,400.000,-1,325.000,325.000,300.000,325.000,-1,-1,-1,-1,800.000,850.000,-1,-1,2,0,2,0,2,0,0,0,0,2,2,2,2,0,0,2,2
82,-8462.516,-9826.178,-73.827,182.679,-0.998737,0.046705,0.018498,-0.047387,-0.998140,-0.038349,0.016672,-0.039177,0.999093,0,0.32360,0.76005,19.416,1.520,-1,400.000,-1,400.000,-1,325.000,325.000,300.000,325.000,-1,-1,-1,-1,800.000,850.000,-1,-1,2,0,2,0,2,0,0,0,0,2,2,2,2,0,0,2,2
83,-8486.667,-9827.952,-73.348,184.199,-0.997154,0.073166,0.018202,-0.073819,-0.996537,-0.038271,0.015339,-0.039506,0.999102,0,0.40360,0.76005,24.216,1.520,-1,400.000,-1,400.000,-1,325.000,325.000,300.000,325.000,-1,-1,-1,-1,800.000,850.000,-1,-1,2,0,2,0,2,0,0,0,0,2,2,2,2,0,0,2,2
84,-8515.538,-9830.843,-72.891,185.719,-0.994869,0.099576,0.017918,-0.100196,-0.994248,-0.037850,0.014046,-0.039451,0.999123,0,0.48360,0.76005,29.016,1.520,-1,400.000,-1,400.000,-1,325.000,325.000,300.000,325.000,-1,-1,-1,-1,800.000,850.000,-1,-1,2,0,2,0,2,0,0,0,0,2,2,2,2,0,0,2,2
85,-8549.084,-9835.104,-72.534,187.239,-0.991889,0.125919,0.017334,-0.126487,-0.991283,-0.036866,0.012541,-0.038760,0.999170,0,0.56360,0.76005,33.816,1.520,-1,400.000,-1,400.000,-1,325.000,325.000,300.000,325.000,-1,-1,-1,-1,800.000,850.000,-1,-1,2,0,2,0,2,0,0,0,0,2,2,2,2,0,0,2,2
86,-8587.250,-9840.985,-72.252,188.759,-0.988212,0.152174,0.016741,-0.152694,-0.987612,-0.036155,0.011032,-0.038285,0.999206,0,0.64360,0.76005,38.616,1.520,-1,400.000,-1,400.000,-1,325.000,325.000,300.000,300.000,-1,-1,-1,-1,800.000,850.000,-1,-1,2,0,2,0,2,0,0,0,0,2,2,2,2,0,0,2,2
87,-8629.969,-9848.733,-72.048,190.280,-0.983844,0.178321,0.015912,-0.178790,-0.983238,-0.035749,0.009270,-0.038016,0.999234,0,0.72360,0.76005,43.416,1.520,-1,400.000,-1,400.000,-1,325.000,325.000,300.000,300.000,-1,-1,-1,-1,775.000,850.000,-1,-1,2,0,2,0,2,0,0,0,0,2,2,2,2,0,0,2,2
88,-8677.166,-9858.592,-71.872,191.800,-0.978784,0.204344,0.014996,-0.204758,-0.978172,-0.035405,0.007434,-0.037724,0.999261,0,0.80360,0.76005,48.216,1.520,-1,400.000,-1,400.000,-1,325.000,325.000,300.000,300.000,-1,-1,-1,-1,775.000,850.000,-1,-1,2,0,2,0,2,0,0,0,0,2,2,2,2,0,0,2,2
89,-8728.756,-9870.806,-71.720,193.319,-0.973039,0.230214,0.014023,-0.230574,-0.972422,-0.035091,0.005558,-0.037378,0.999286,0,0.88360,0.75978,53.016,1.520,-1,400.000,-1,400.000,-1,325.000,325.000,300.000,300.000,-1,-1,-1,-1,775.000,850.000,-1,-1,2,0,2,0,2,0,0,0,0,2,2,2,2,0,0,2,2
90,-8780.709,-9884.569,-71.604,194.837,-0.966615,0.255898,0.013071,-0.256204,-0.965995,-0.034830,0.003713,-0.037016,0.999308,0,0.89576,0.75901,53.746,1.518,-1,400.000,-1,400.000,-1,325.000,325.000,300.000,300.000,-1,-1,-1,-1,775.000,850.000,-1,-1,2,0,2,0,2,0,0,0,0,2,2,2,2,0,0,2,2
91,-8832.679,-9899.818,-71.523,196.353,-0.959525,0.281363,0.012148,-0.281618,-0.958902,-0.034622,0.001907,-0.036642,0.999327,0,0.90268,0.75782,54.161,1.516,-1,400.000,-1,400.000,-1,325.000,325.000,300.000,300.000,-1,-1,-1,-1,775.000,850.000,-1,-1,2,0,2,0,2,0,0,0,0,2,2,2,2,0,0,2,2
92,-8884.621,-9916.560,-71.475,197.865,-0.951779,0.306577,0.011258,-0.306784,-0.951155,-0.034468,0.000141,-0.036260,0.999342,0,0.90956,0.75619,54.574,1.512,-1,400.000,-1,400.000,-1,325.000,325.000,300.000,300.000,-1,-1,-1,-1,750.000,850.000,-1,-1,2,0,2,0,2,0,0,0,0,2,2,2,2,0,0,2,2
93,-8936.489,-9934.798,-71.459,199.373,-0.943395,0.331510,0.010402,-0.331669,-0.942770,-0.034365,-0.001586,-0.035870,0.999355,0,0.91636,0.75409,54.982,1.508,-1,400.000,-1,400.000,-1,325.000,325.000,300.000,300.000,-1,-1,-1,-1,750.000,825.000,-1,-1,2,0,2,0,2,0,0,0,0,2,2,2,2,0,0,2,2
94,-8988.236,-9954.534,-71.473,200.876,-0.934388,0.356129,0.009584,-0.356243,-0.933763,-0.034313,-0.003271,-0.035475,0.999365,0,0.92305,0.75151,55.383,1.503,-1,400.000,-1,400.000,-1,325.000,325.000,300.000,300.000,-1,-1,-1,-1,750.000,825.000,-1,-1,2,0,2,0,2,0,0,0,0,2,2,2,2,0,0,2,2
95,-9039.812,-9975.764,-71.514,202.373,-0.924778,0.380404,0.008804,-0.380474,-0.924155,-0.034309,-0.004915,-0.035078,0.999372,0,0.92958,0.74841,55.775,1.497,-1,400.000,-1,400.000,-1,325.000,325.000,300.000,300.000,-1,-1,-1,-1,750.000,825.000,-1,-1,2,0,2,0,2,0,0,0,0,2,2,2,2,0,1,2,2
96,-9091.166,-9998.481,-71.731,203.863,-0.914584,0.404312,0.008245,-0.404351,-0.913984,-0.033674,-0.006079,-0.034131,0.999399,0,0.93592,0.74479,56.155,1.490,-1,400.000,-1,400.000,-1,325.000,325.000,300.000,300.000,-1,-1,-1,-1,750.000,775.000,-1,950.000,2,0,2,0,2,0,0,0,0,2,2,2,2,0,1,2,1
97,-9142.247,-10022.674,-72.149,205.344,-0.903832,0.427826,0.007269,-0.427824,-0.903276,-0.032546,-0.007358,-0.032527,0.999444,0,0.94201,0.74060,56.520,1.481,-1,400.000,-1,400.000,-1,325.000,325.000,300.000,300.000,-1,-1,-1,-1,750.000,750.000,-1,900.000,2,0,2,0,2,0,0,0,0,2,2,2,2,0,1,2,1
98,-9192.999,-10048.327,-72.666,206.816,-0.892550,0.450910,0.005947,-0.450863,-0.892043,-0.031326,-0.008820,-0.030641,0.999492,0,0.94779,0.73583,56.867,1.472,-1,400.000,-1,400.000,925.000,325.000,325.000,300.000,300.000,-1,-1,-1,-1,725.000,700.000,-1,825.000,2,0,2,0,1,0,0,0,0,2,2,2,2,0,1,2,1
99,-9243.367,-10075.421,-73.184,208.277,-0.880765,0.473531,0.004686,-0.473445,-0.880305,-0.030216,-0.010183,-0.028832,0.999532,0,0.95321,0.73046,57.193,1.461,-1,375.000,-1,400.000,800.000,325.000,325.000,300.000,300.000,-1,-1,-1,-1,725.000,675.000,-1,750.000,2,0,2,0,1,0,0,0,0,2,2,2,2,0,1,2,1
100,-9293.294,-10103.927,-73.800,209.725,-0.868509,0.495657,0.003980,-0.495548,-0.868083,-0.029405,-0.011120,-0.027510,0.999560,0,0.95820,0.72444,57.492,1.449,-1,375.000,975.000,400.000,725.000,325.000,325.000,325.000,300.000,-1,-1,-1,-1,725.000,625.000,-1,700.000,2,0,1,0,1,0,0,0,0,2,2,2,2,0,1,2,1
101,-9342.720,-10133.815,-74.489,211.161,-0.855819,0.517262,0.003736,-0.517143,-0.855414,-0.028807,-0.011705,-0.026586,0.999578,0,0.96268,0.71777,57.761,1.436,-1,375.000,925.000,400.000,650.000,325.000,325.000,325.000,300.000,-1,-1,-1,-1,725.000,600.000,-1,650.000,2,0,1,0,1,0,0,0,0,2,2,2,2,0,1,2,1
102,-9387.458,-10162.158,-75.118,212.357,-0.844840,0.535007,0.003590,-0.534882,-0.844451,-0.028347,-0.012134,-0.025869,0.999592,0,0.88268,0.59777,52.961,1.196,-1,375.000,900.000,400.000,600.000,325.000,325.000,325.000,300.000,-1,-1,-1,-1,725.000,575.000,-1,600.000,2,0,1,0,1,0,0,0,0,2,2,2,2,0,1,2,1
103,-9427.626,-10188.728,-75.716,213.484,-0.834151,0.551524,0.003510,-0.551392,-0.833771,-0.028159,-0.012604,-0.025424,0.999597,0,0.80268,0.56368,48.161,1.127,-1,375.000,875.000,400.000,550.000,325.000,325.000,325.000,325.000,-1,-1,-1,-1,700.000,550.000,-1,550.000,2,0,1,0,1,0,0,0,0,2,2,2,2,0,1,2,1
104,-9464.364,-10214.069,-76.262,214.597,-0.823280,0.567625,0.003469,-0.567486,-0.822908,-0.027973,-0.013024,-0.024998,0.999603,0,0.74383,0.55660,44.630,1.113,-1,375.000,850.000,400.000,500.000,325.000,325.000,325.000,325.000,-1,-1,-1,-1,700.000,525.000,-1,525.000,2,0,1,0,1,0,0,0,0,2,2,2,2,0,1,2,1
105,-9500.679,-10240.160,-76.797,215.696,-0.812243,0.583308,0.003491,-0.583165,-0.811878,-0.027782,-0.013371,-0.024602,0.999608,0,0.74528,0.54946,44.717,1.099,-1,375.000,850.000,400.000,450.000,325.000,325.000,325.000,325.000,-1,-1,-1,-1,700.000,500.000,-1,475.000,2,0,1,1,1,0,0,0,0,2,2,2,2,0,1,2,1
106,-9536.538,-10266.966,-77.317,216.780,-0.801066,0.598565,0.003580,-0.598420,-0.800707,-0.027583,-0.013643,-0.024238,0.999613,0,0.74618,0.54188,44.771,1.084,-1,375.000,850.000,375.000,425.000,325.000,325.000,325.000,325.000,-1,-1,-1,-1,700.000,475.000,-1,450.000,2,0,1,1,1,0,0,0,0,2,2,2,2,0,1,2,1
107,-9571.905,-10294.447,-77.823,217.848,-0.789774,0.613387,0.003735,-0.613242,-0.789421,-0.027372,-0.013841,-0.023908,0.999618,0,0.74649,0.53387,44.789,1.068,-1,375.000,850.000,350.000,375.000,300.000,325.000,325.000,325.000,-1,-1,-1,-1,700.000,450.000,-1,400.000,2,0,1,1,1,0,0,0,0,2,2,2,2,0,1,2,1
108,-9606.748,-10322.560,-78.314,218.898,-0.778392,0.627766,0.003953,-0.627623,-0.778044,-0.027136,-0.013959,-0.023604,0.999624,0,0.74616,0.52544,44.770,1.051,-1,375.000,875.000,350.000,350.000,300.000,325.000,325.000,325.000,-1,-1,-1,-1,700.000,425.000,-1,375.000,2,0,1,1,1,0,0,0,0,2,2,2,2,1,1,2,1
109,-9641.032,-10351.258,-78.945,219.932,-0.766939,0.641706,0.004214,-0.641577,-0.766613,-0.026148,-0.013548,-0.022758,0.999649,0,0.74517,0.51660,44.710,1.033,-1,375.000,-1,325.000,300.000,300.000,325.000,325.000,325.000,-1,-1,-1,-1,675.000,400.000,-1,325.000,2,0,2,1,1,0,0,0,0,2,2,2,2,1,1,2,1
110,-9674.726,-10380.492,-79.544,220.946,-0.755448,0.655193,0.004509,-0.655078,-0.755141,-0.025198,-0.013105,-0.021989,0.999672,0,0.74347,0.50737,44.608,1.015,-1,375.000,-1,300.000,275.000,300.000,300.000,325.000,325.000,-1,-1,-1,-1,675.000,375.000,-1,300.000,2,0,2,1,1,0,1,0,0,2,2,2,2,1,1,2,1
111,-9707.799,-10410.209,-80.104,221.942,-0.743943,0.668225,0.004836,-0.668124,-0.743655,-0.024246,-0.012606,-0.021268,0.999694,0,0.74104,0.49778,44.462,0.996,-1,375.000,-1,275.000,225.000,300.000,300.000,325.000,325.000,-1,-1,-1,-1,675.000,350.000,-1,250.000,2,0,2,1,1,0,1,0,0,2,2,2,2,1,1,2,1
112,-9740.220,-10440.355,-80.597,222.918,-0.732448,0.680803,0.005182,-0.680718,-0.732180,-0.023148,-0.011965,-0.020482,0.999719,0,0.73786,0.48786,44.272,0.976,-1,375.000,-1,275.000,200.000,300.000,275.000,325.000,325.000,-1,-1,-1,-1,650.000,325.000,-1,225.000,2,0,2,1,1,0,1,0,0,2,2,2,2,1,1,2,1
113,-9771.964,-10470.875,-79.945,223.873,-0.720988,0.692863,0.010826,-0.692901,-0.720672,-0.022791,-0.007989,-0.023934,0.999682,0,0.73393,0.47767,44.036,0.955,-1,375.000,-1,250.000,175.000,325.000,250.000,300.000,325.000,-1,900.000,875.000,-1,675.000,300.000,-1,200.000,2,0,2,1,1,0,1,0,1,2,0,0,2,1,1,2,1
114,-9803.004,-10501.713,-76.640,224.807,-0.709375,0.704237,0.028947,-0.704821,-0.708987,-0.023742,0.003803,-0.037244,0.999299,0,0.72925,0.46724,43.755,0.934,-1,400.000,-1,250.000,175.000,325.000,250.000,300.000,325.000,-1,400.000,475.000,-1,750.000,300.000,-1,200.000,2,0,2,1,1,1,1,0,1,2,0,0,2,1,1,2,1
115,-9835.922,-10535.698,-73.071,225.906,-0.695139,0.717239,0.048483,-0.718688,-0.694915,-0.024085,0.016417,-0.051586,0.998534,0,0.78855,0.54912,47.313,1.098,-1,425.000,-1,250.000,175.000,325.000,250.000,300.000,300.000,-1,200.000,325.000,-1,825.000,325.000,-1,175.000,2,1,2,1,1,1,1,0,1,2,0,0,2,0,1,2,1
116,-9868.266,-10570.377,-69.484,226.986,-0.680489,0.729592,0.068045,-0.732185,-0.680691,-0.023762,0.028982,-0.065991,0.997399,0,0.79035,0.54014,47.421,1.080,-1,450.000,-1,250.000,175.000,325.000,275.000,275.000,300.000,-1,125.000,250.000,-1,875.000,350.000,-1,175.000,2,1,2,1,1,1,1,0,1,2,0,0,2,0,1,2,1
117,-9900.004,-10605.698,-65.891,228.047,-0.665455,0.741282,0.087589,-0.745284,-0.666359,-0.022754,0.041499,-0.080420,0.995897,0,0.79142,0.53040,47.485,1.061,-1,475.000,-1,275.000,150.000,350.000,275.000,275.000,300.000,800.000,100.000,225.000,-1,950.000,375.000,-1,175.000,2,1,2,1,1,1,1,0,1,0,0,0,2,0,1,2,1
118,-9931.103,-10641.600,-62.296,229.086,-0.650069,0.752286,0.107126,-0.757958,-0.651961,-0.021135,0.053942,-0.094937,0.994021,0,0.79162,0.51987,47.497,1.040,-1,500.000,-1,300.000,150.000,375.000,300.000,275.000,275.000,625.000,75.000,200.000,-1,-1,450.000,-1,175.000,2,1,2,1,1,1,1,0,1,0,0,0,2,2,1,2,1
119,-9961.529,-10678.014,-58.730,230.103,-0.634357,0.762580,0.126739,-0.770187,-0.637537,-0.018938,0.066359,-0.109626,0.991755,0,0.79086,0.50849,47.451,1.017,-1,550.000,-1,325.000,150.000,400.000,325.000,250.000,275.000,500.000,50.000,200.000,-1,-1,650.000,-1,175.000,2,1,2,1,1,1,1,0,1,0,0,0,2,2,1,2,1
120,-9994.484,-10718.565,-54.698,230.880,-0.620964,0.769631,0.148567,-0.779727,-0.625898,-0.016641,0.080181,-0.126175,0.988762,0,0.87086,0.38849,52.251,0.777,-1,575.000,-1,375.000,150.000,425.000,375.000,250.000,275.000,400.000,25.000,175.000,-1,-1,-1,-1,200.000,2,0,2,1,1,1,1,0,1,0,0,0,2,2,2,2,1
121,-10030.055,-10763.170,-52.532,231.417,-0.611654,0.774481,0.161429,-0.786146,-0.617874,-0.014358,0.088623,-0.135689,0.986780,0,0.95086,0.26849,57.051,0.537,-1,600.000,-1,425.000,150.000,475.000,425.000,250.000,250.000,350.000,25.000,175.000,-1,-1,-1,-1,-1,2,0,2,1,1,1,1,0,1,0,0,0,2,2,2,2,2
122,2295.763,-9511.017,-54.193,-26.805,0.892404,0.450951,0.016059,-0.450879,0.892549,-0.008048,-0.017963,-0.000059,0.999839,1,0.00000,0.00000,60.000,0.297,-1,375.000,-1,375.000,-1,325.000,325.000,300.000,300.000,-1,-1,-1,-1,700.000,700.000,-1,-1,2,0,2,0,2,0,0,0,0,2,2,2,2,0,0,2,2
123,2300.056,-9513.164,-54.274,-26.565,0.894286,0.447208,0.016013,-0.447138,0.894430,-0.007954,-0.017880,-0.000047,0.999840,0,0.08000,0.12000,4.800,0.240,-1,375.000,-1,375.000,-1,325.000,325.000,300.000,300.000,-1,-1,-1,-1,700.000,700.000,-1,-1,2,0,2,0,2,0,0,0,0,2,2,2,2,0,0,2,2
124,2308.679,-9517.385,-54.434,-26.085,0.898004,0.439700,0.015919,-0.439631,0.898145,-0.007769,-0.017714,-0.000022,0.999843,0,0.16000,0.24000,9.600,0.480,-1,375.000,-1,375.000,-1,325.000,325.000,300.000,300.000,-1,-1,-1,-1,700.000,700.000,-1,-1,2,0,2,0,2,0,0,0,0,2,2,2,2,0,0,2,2
125,2321.690,-9523.553,-54.674,-25.365,0.903462,0.428379,0.015772,-0.428313,0.903599,-0.007496,-0.017463,0.000017,0.999848,0,0.24000,0.36000,14.400,0.720,-1,375.000,-1,375.000,-1,325.000,325.000,300.000,300.000,-1,-1,-1,-1,700.000,700.000,-1,-1,2,0,2,0,2,0,0,0,0,2,2,2,2,0,0,2,2
126,2339.175,-9531.487,-54.994,-24.405,0.910517,0.413180,0.015566,-0.413118,0.910650,-0.007141,-0.017126,0.000071,0.999853,0,0.32000,0.48000,19.200,0.960,-1,375.000,-1,375.000,-1,325.000,325.000,300.000,300.000,-1,-1,-1,-1,700.000,700.000,-1,-1,2,0,2,0,2,0,0,0,0,2,2,2,2,0,0,2,2
127,2361.233,-9540.943,-55.393,-23.205,0.918976,0.394018,0.015293,-0.393961,0.919103,-0.006712,-0.016700,0.000143,0.999861,0,0.40000,0.60000,24.000,1.200,-1,375.000,-1,375.000,-1,325.000,325.000,300.000,300.000,-1,-1,-1,-1,700.000,700.000,-1,-1,2,0,2,0,2,0,0,0,0,2,2,2,2,0,0,2,2
128,2387.971,-9551.645,-55.871,-21.815,0.928268,0.371611,0.014945,-0.371559,0.928388,-0.006219,-0.016185,0.000220,0.999869,0,0.48000,0.69485,28.800,1.390,-1,375.000,-1,375.000,-1,325.000,325.000,300.000,300.000,-1,-1,-1,-1,700.000,700.000,-1,-1,2,0,2,0,2,0,0,0,0,2,2,2,2,0,0,2,2
129,2419.460,-9563.366,-56.431,-20.416,0.937071,0.348837,0.014520,-0.348791,0.937184,-0.005667,-0.015585,0.000246,0.999879,0,0.56000,0.69943,33.600,1.399,1000.000,375.000,-1,375.000,-1,325.000,325.000,300.000,300.000,-1,-1,-1,-1,700.000,700.000,-1,-1,1,0,2,0,2,0,0,0,0,2,2,2,2,0,0,2,2
130,2455.767,-9575.872,-57.070,-19.006,0.945378,0.325675,0.014014,-0.325635,0.945482,-0.005066,-0.014900,0.000226,0.999889,0,0.64000,0.70486,38.400,1.410,950.000,375.000,-1,375.000,-1,325.000,325.000,300.000,300.000,-1,-1,-1,-1,700.000,700.000,-1,-1,1,0,2,0,2,0,0,0,0,2,2,2,2,0,0,2,2
131,2496.948,-9588.923,-57.786,-17.584,0.953180,0.302106,0.013423,-0.302074,0.953274,-0.004422,-0.014132,0.000160,0.999900,0,0.72000,0.71116,43.200,1.422,925.000,375.000,-1,375.000,-1,300.000,300.000,300.000,300.000,-1,-1,-1,-1,675.000,700.000,-1,-1,1,0,2,0,2,0,0,0,0,2,2,2,2,0,0,2,2
132,2543.054,-9602.272,-58.547,-16.148,0.960464,0.278111,0.012804,-0.278084,0.960549,-0.003893,-0.013382,0.000179,0.999910,0,0.80000,0.71831,48.000,1.437,900.000,375.000,-1,375.000,-1,300.000,300.000,300.000,300.000,-1,-1,-1,-1,675.000,675.000,-1,-1,1,0,2,0,2,0,0,0,0,2,2,2,2,0,0,2,2
133,2593.094,-9615.395,-59.180,-14.695,0.967220,0.253670,0.011694,-0.253640,0.967290,-0.004027,-0.012333,0.000929,0.999924,0,0.86220,0.72634,51.732,1.453,850.000,375.000,-1,375.000,-1,300.000,300.000,300.000,300.000,-1,950.000,1000.000,-1,675.000,675.000,975.000,-1,1,0,2,0,2,0,0,0,0,2,0,0,2,0,0,1,2
134,2644.038,-9627.367,-59.693,-13.225,0.973428,0.228771,0.010121,-0.228734,0.973478,-0.004628,-0.010911,0.002190,0.999938,0,0.87219,0.73504,52.331,1.470,800.000,375.000,-1,375.000,-1,300.000,300.000,300.000,300.000,-1,900.000,925.000,-1,675.000,675.000,925.000,-1,1,0,2,0,2,0,0,0,0,2,0,0,2,0,0,1,2
135,2695.878,-9638.138,-60.038,-11.737,0.979051,0.203425,0.008755,-0.203389,0.979086,-0.004776,-0.009543,0.002895,0.999950,0,0.88245,0.74370,52.947,1.487,775.000,375.000,-1,375.000,-1,300.000,300.000,300.000,300.000,-1,875.000,900.000,-1,675.000,675.000,850.000,-1,1,0,2,0,2,0,0,0,0,2,0,0,2,0,0,1,2
