timestep,x_cm,y_cm,z_cm,yaw_deg,basis_xx,basis_xy,basis_xz,basis_yx,basis_yy,basis_yz,basis_zx,basis_zy,basis_zz,teleport_flag,throttle_cmd,steering_cmd,cmd_move_cm,cmd_turn_deg,lidar_cm_0,lidar_cm_1,lidar_cm_2,lidar_cm_3,lidar_cm_4,lidar_cm_5,lidar_cm_6,lidar_cm_7,lidar_cm_8,lidar_cm_9,lidar_cm_10,lidar_cm_11,lidar_cm_12,lidar_cm_13,lidar_cm_14,lidar_cm_15,lidar_cm_16,lidar_class_0,lidar_class_1,lidar_class_2,lidar_class_3,lidar_class_4,lidar_class_5,lidar_class_6,lidar_class_7,lidar_class_8,lidar_class_9,lidar_class_10,lidar_class_11,lidar_class_12,lidar_class_13,lidar_class_14,lidar_class_15,lidar_class_16
0,-8851.035,2298.341,134.150,32.466,0.843643,-0.536752,-0.012762,0.536405,0.843645,-0.023073,0.023151,0.012620,0.999652,1,0.08000,0.12000,4.800,0.240,-1,375.000,-1,400.000,-1,325.000,325.000,325.000,325.000,-1,-1,-1,-1,700.000,825.000,-1,-1,2,0,2,0,2,0,0,0,0,2,2,2,2,1,0,2,2
1,-8842.979,2303.562,134.422,32.946,0.839116,-0.543803,-0.012769,0.543455,0.839121,-0.023062,0.023256,0.012412,0.999652,0,0.16000,0.24000,9.600,0.480,-1,375.000,-1,400.000,-1,325.000,325.000,325.000,325.000,-1,-1,-1,-1,700.000,825.000,-1,-1,2,0,2,0,2,0,0,0,0,2,2,2,2,1,0,2,2
2,-8830.994,2311.545,134.838,33.666,0.832214,-0.554306,-0.012801,0.553959,0.832225,-0.023036,0.023423,0.012079,0.999653,0,0.24000,0.36000,14.400,0.720,-1,375.000,-1,400.000,-1,325.000,325.000,325.000,325.000,-1,-1,-1,-1,725.000,825.000,-1,-1,2,0,2,0,2,0,0,0,0,2,2,2,2,1,0,2,2
3,-8815.195,2322.454,135.375,34.626,0.822810,-0.568174,-0.012732,0.567828,0.822825,-0.023032,0.023562,0.011721,0.999654,0,0.32000,0.48000,19.200,0.960,-1,375.000,-1,400.000,-1,325.000,325.000,325.000,325.000,-1,-1,-1,-1,725.000,825.000,-1,-1,2,0,2,0,2,0,0,0,0,2,2,2,2,1,0,2,2
4,-8795.736,2336.502,136.036,35.826,0.810731,-0.585284,-0.012544,0.584940,0.810749,-0.023042,0.023656,0.011343,0.999656,0,0.40000,0.60000,24.000,1.200,-1,375.000,-1,400.000,-1,300.000,325.000,325.000,325.000,-1,-1,-1,-1,725.000,800.000,-1,-1,2,0,2,0,2,0,0,0,0,2,2,2,2,1,0,2,2
5,-8772.815,2353.941,136.862,37.266,0.795766,-0.605477,-0.012396,0.605136,0.795789,-0.023007,0.023795,0.010807,0.999658,0,0.48000,0.72000,28.800,1.440,-1,375.000,-1,400.000,-1,300.000,325.000,325.000,325.000,-1,-1,-1,-1,750.000,800.000,-1,-1,2,0,2,0,2,0,0,0,0,2,2,2,2,1,0,2,2
6,-8746.683,2375.061,137.773,38.946,0.777672,-0.628550,-0.012330,0.628202,0.777699,-0.023361,0.024273,0.010422,0.999651,0,0.56000,0.84000,33.600,1.680,-1,375.000,-1,400.000,-1,300.000,325.000,325.000,325.000,-1,-1,-1,-1,-1,800.000,-1,-1,2,0,2,0,2,0,0,0,0,2,2,2,2,2,0,2,2
7,-8717.644,2400.186,138.685,40.866,0.756176,-0.654252,-0.012335,0.653875,0.756203,-0.024574,0.025405,0.010517,0.999622,0,0.64000,0.96000,38.400,1.920,-1,375.000,-1,400.000,-1,300.000,300.000,325.000,325.000,-1,-1,-1,-1,-1,775.000,-1,-1,2,0,2,0,2,0,0,0,0,2,2,2,2,2,0,2,2
8,-8685.980,2429.574,139.797,42.866,0.732879,-0.680246,-0.012421,0.679837,0.732910,-0.025775,0.026637,0.010446,0.999591,0,0.72000,1.00000,43.200,2.000,-1,375.000,-1,400.000,-1,300.000,300.000,325.000,325.000,-1,-1,-1,-1,-1,775.000,-1,-1,2,0,2,0,2,0,0,0,0,2,2,2,2,2,0,2,2
9,-8651.960,2463.435,141.134,44.866,0.708686,-0.705411,-0.012632,0.704971,0.708725,-0.026927,0.027947,0.010178,0.999558,0,0.80000,1.00000,48.000,2.000,-1,375.000,-1,400.000,-1,300.000,300.000,325.000,325.000,-1,-1,-1,-1,-1,750.000,-1,-1,2,0,2,0,2,0,0,0,0,2,2,2,2,2,0,2,2
10,-8615.860,2501.966,142.720,46.866,0.683623,-0.729720,-0.013020,0.729246,0.683679,-0.028005,0.029337,0.009650,0.999523,0,0.88000,1.00000,52.800,2.000,-1,375.000,-1,400.000,-1,300.000,300.000,325.000,325.000,-1,-1,-1,-1,-1,-1,-1,-1,2,0,2,0,2,0,0,0,0,2,2,2,2,2,2,2,2
11,-8577.963,2545.344,144.429,48.858,0.657841,-0.753046,-0.012951,0.752545,0.657902,-0.028999,0.030358,0.009331,0.999496,0,0.96000,0.99601,57.600,1.992,-1,375.000,-1,400.000,-1,300.000,300.000,325.000,325.000,-1,-1,-1,-1,-1,-1,-1,-1,2,0,2,0,2,0,0,0,0,2,2,2,2,2,2,2,2
12,-8540.066,2591.861,146.225,50.831,0.631524,-0.775253,-0.012661,0.774735,0.631588,-0.029710,0.031029,0.008954,0.999478,0,1.00000,0.98651,60.000,1.973,-1,375.000,-1,400.000,-1,300.000,325.000,325.000,325.000,-1,-1,-1,-1,-1,-1,-1,-1,2,0,2,1,2,0,1,0,0,2,2,2,2,2,2,2,2
13,-8503.774,2639.641,148.161,52.781,0.604763,-0.796303,-0.012772,0.795774,0.604844,-0.030102,0.031696,0.008041,0.999465,0,1.00000,0.97509,60.000,1.950,-1,375.000,-1,525.000,-1,300.000,350.000,325.000,325.000,-1,-1,-1,-1,-1,-1,-1,-1,2,0,2,1,2,0,1,0,0,2,2,2,2,2,2,2,2
14,-8469.106,2688.611,150.230,54.704,0.577668,-0.816163,-0.013296,0.815630,0.577784,-0.030219,0.032346,0.006612,0.999455,0,1.00000,0.96168,60.000,1.923,-1,375.000,-1,-1,-1,325.000,400.000,325.000,325.000,-1,-1,-1,-1,-1,-1,-1,-1,2,0,2,2,2,1,1,0,0,2,2,2,2,2,2,2,2
15,-8436.074,2738.700,152.235,56.597,0.550360,-0.834805,-0.014289,0.834254,0.550523,-0.030757,0.033543,0.005007,0.999425,0,1.00000,0.94618,60.000,1.892,-1,375.000,-1,-1,-1,350.000,500.000,325.000,325.000,-1,-1,-1,-1,-1,-1,-1,-1,2,0,2,2,2,1,1,0,0,2,2,2,2,2,2,2,2
16,-8404.682,2789.833,154.283,58.454,0.522958,-0.852213,-0.015763,0.851642,0.523187,-0.031309,0.034929,0.002948,0.999385,0,1.00000,0.92844,60.000,1.857,-1,400.000,-1,-1,-1,375.000,-1,325.000,325.000,-1,975.000,-1,-1,-1,-1,-1,-1,2,0,2,2,2,1,2,0,0,2,0,2,2,2,2,2,2
17,-8374.929,2841.936,154.099,60.270,0.495937,-0.868335,-0.006307,0.867868,0.495888,-0.029992,0.029171,0.009401,0.999530,0,1.00000,0.90833,60.000,1.817,-1,375.000,-1,-1,-1,400.000,-1,325.000,325.000,-1,-1,-1,-1,-1,-1,-1,-1,2,0,2,2,2,1,2,0,0,2,2,2,2,2,2,2,2
18,-8346.621,2894.838,152.883,61.847,0.472087,-0.881513,0.008272,0.881328,0.471735,-0.026956,0.019860,0.020016,0.999602,0,1.00000,0.78833,60.000,1.577,-1,350.000,-1,-1,-1,400.000,-1,325.000,275.000,-1,-1,-1,-1,-1,-1,-1,-1,2,0,2,2,2,1,2,0,0,2,2,2,2,2,2,2,2
19,-8319.557,2948.386,151.213,63.184,0.451372,-0.891980,0.025185,0.892293,0.450893,-0.022552,0.008760,0.032652,0.999428,0,1.00000,0.66833,60.000,1.337,-1,325.000,-1,-1,-1,400.000,-1,350.000,250.000,-1,-1,-1,-1,1000.000,-1,-1,-1,2,0,2,2,2,1,2,0,0,2,2,2,2,1,2,2,2
20,-8293.525,3002.444,149.114,64.280,0.433796,-0.899922,0.044294,0.901002,0.433486,-0.016884,-0.004006,0.047233,0.998876,0,1.00000,0.54833,60.000,1.097,-1,325.000,-1,-1,-1,400.000,-1,350.000,200.000,-1,-1,-1,-1,850.000,-1,-1,-1,2,1,2,2,2,1,2,0,0,2,2,2,2,1,2,2,2
21,-8268.306,3056.887,146.459,65.137,0.419336,-0.905440,0.065847,0.907654,0.419583,-0.010701,-0.017939,0.064253,0.997772,0,1.00000,0.42833,60.000,0.857,-1,325.000,-1,-1,-1,400.000,-1,375.000,175.000,-1,-1,-1,-1,800.000,-1,925.000,-1,2,1,2,2,2,1,2,0,0,2,2,2,2,1,2,1,2
22,-8243.678,3111.601,143.320,65.754,0.407900,-0.908604,0.089756,0.912423,0.409229,-0.003904,-0.033183,0.083488,0.995956,0,1.00000,0.30833,60.000,0.617,975.000,325.000,-1,-1,-1,400.000,-1,400.000,175.000,-1,-1,-1,-1,775.000,-1,850.000,-1,1,1,2,2,2,1,2,0,1,2,2,2,2,1,2,1,2
23,-8219.415,3166.478,139.777,66.130,0.399339,-0.909443,0.115938,0.915441,0.402436,0.003637,-0.049966,0.104682,0.993250,0,1.00000,0.18833,60.000,0.377,875.000,325.000,-1,-1,-1,400.000,-1,450.000,175.000,-1,-1,-1,-1,775.000,-1,600.000,-1,1,1,2,2,2,1,2,0,1,2,2,2,2,1,2,0,2
24,-8195.289,3221.416,135.778,66.267,0.393471,-0.907918,0.144450,0.916801,0.399175,0.011649,-0.068237,0.127848,0.989444,0,1.00000,0.06833,60.000,0.137,775.000,350.000,-1,-1,-1,425.000,975.000,475.000,175.000,-1,-1,0.000,-1,750.000,-1,400.000,-1,1,1,2,2,2,1,1,0,1,2,2,0,2,1,2,0,2
25,-983.900,-5575.421,71.311,41.246,0.751265,-0.659043,-0.035543,0.659605,0.751589,0.005854,0.022855,-0.027842,0.999351,1,0.00000,0.00000,60.000,-0.103,-1,400.000,-1,400.000,-1,325.000,325.000,300.000,300.000,-1,-1,-1,-1,825.000,-1,-1,-1,2,0,2,0,2,0,0,0,0,2,2,2,2,0,2,2,2
26,-980.278,-5572.271,71.422,41.006,0.754025,-0.655891,-0.035413,0.656451,0.754345,0.005982,0.022790,-0.027757,0.999355,0,0.08000,-0.12000,4.800,-0.240,-1,400.000,-1,400.000,-1,325.000,325.000,300.000,300.000,-1,-1,-1,-1,825.000,-1,-1,-1,2,0,2,0,2,0,0,0,0,2,2,2,2,0,2,2,2
27,-972.999,-5566.012,71.641,40.694,0.757596,-0.651775,-0.035175,0.652332,0.757907,0.006241,0.022592,-0.027674,0.999362,0,0.16000,-0.15600,9.600,-0.312,-1,400.000,-1,400.000,-1,325.000,325.000,300.000,300.000,-1,-1,-1,-1,825.000,-1,-1,-1,2,0,2,1,2,0,0,0,0,2,2,2,2,0,2,2,2
28,-962.030,-5556.683,71.967,40.381,0.761164,-0.647623,-0.034836,0.648178,0.761460,0.006632,0.022231,-0.027628,0.999371,0,0.24000,-0.15661,14.400,-0.313,-1,400.000,-1,425.000,-1,325.000,325.000,300.000,300.000,-1,-1,-1,-1,825.000,-1,-1,-1,2,0,2,1,2,0,0,0,0,2,2,2,2,0,2,2,2
29,-947.336,-5544.324,72.398,40.065,0.764743,-0.643417,-0.034384,0.643970,0.765018,0.007153,0.021702,-0.027613,0.999383,0,0.32000,-0.15786,19.200,-0.316,-1,400.000,-1,450.000,-1,325.000,325.000,300.000,300.000,-1,-1,-1,-1,825.000,-1,-1,-1,2,0,2,1,2,0,0,0,0,2,2,2,2,0,2,2,2
30,-928.883,-5528.979,72.930,39.746,0.768346,-0.639140,-0.033823,0.639690,0.768594,0.007804,0.021008,-0.027632,0.999397,0,0.40000,-0.15977,24.000,-0.320,-1,400.000,-1,450.000,-1,325.000,325.000,300.000,300.000,-1,-1,-1,-1,825.000,-1,-1,-1,2,0,2,1,2,0,0,0,0,2,2,2,2,0,2,2,2
31,-906.635,-5510.690,73.559,39.421,0.771987,-0.634773,-0.033155,0.635319,0.772202,0.008584,0.020153,-0.027691,0.999413,0,0.48000,-0.16236,28.800,-0.325,-1,400.000,-1,475.000,-1,325.000,325.000,300.000,300.000,-1,-1,-1,-1,825.000,-1,-1,-1,2,0,2,1,2,0,0,0,0,2,2,2,2,0,2,2,2
32,-880.556,-5489.504,74.246,39.090,0.775679,-0.630297,-0.032382,0.630835,0.775860,0.009356,0.019227,-0.027686,0.999432,0,0.56000,-0.16568,33.600,-0.331,-1,400.000,-1,500.000,-1,325.000,325.000,300.000,300.000,-1,-1,-1,-1,800.000,-1,-1,-1,2,0,2,1,2,0,0,0,0,2,2,2,2,0,2,2,2
33,-850.608,-5465.469,74.959,38.750,0.779435,-0.625691,-0.031513,0.626216,0.779585,0.009999,0.018310,-0.027527,0.999453,0,0.64000,-0.16977,38.400,-0.340,-1,400.000,-1,500.000,-1,325.000,325.000,300.000,300.000,-1,-1,-1,-1,800.000,-1,-1,-1,2,0,2,1,2,0,1,0,0,2,2,2,2,0,2,2,2
34,-816.753,-5438.635,75.732,38.401,0.783273,-0.620927,-0.030554,0.621438,0.783390,0.010723,0.017277,-0.027387,0.999476,0,0.72000,-0.17472,43.200,-0.349,-1,400.000,-1,500.000,-1,325.000,350.000,300.000,300.000,-1,-1,-1,-1,800.000,1000.000,-1,-1,2,0,2,1,2,0,1,0,0,2,2,2,2,0,1,2,2
35,-778.949,-5409.057,76.554,38.040,0.787210,-0.615978,-0.029513,0.616473,0.787291,0.011531,0.016133,-0.027271,0.999498,0,0.80000,-0.18060,48.000,-0.361,-1,400.000,-1,500.000,-1,325.000,350.000,300.000,300.000,-1,-1,-1,-1,800.000,950.000,-1,-1,2,0,2,1,2,0,1,0,0,2,2,2,2,0,1,2,2
36,-737.153,-5376.794,77.415,37.665,0.791266,-0.610813,-0.028397,0.611291,0.791308,0.012423,0.014883,-0.027189,0.999520,0,0.88000,-0.18752,52.800,-0.375,-1,400.000,-1,500.000,-1,325.000,350.000,300.000,300.000,-1,-1,-1,-1,800.000,925.000,-1,-1,2,0,2,1,2,1,1,0,0,2,2,2,2,0,1,2,2
37,-691.316,-5341.912,75.494,37.273,0.795691,-0.605535,-0.014230,0.605680,0.795644,0.010141,0.005181,-0.016688,0.999847,0,0.96000,-0.19561,57.600,-0.391,-1,375.000,-1,475.000,-1,300.000,325.000,300.000,275.000,-1,-1,-1,-1,725.000,825.000,-1,-1,2,0,2,1,2,1,1,0,0,2,2,2,2,0,1,2,2
38,-644.282,-5306.646,73.791,36.863,0.800078,-0.599894,-0.001206,0.599884,0.800048,0.007876,-0.003761,-0.007025,0.999968,0,0.97979,-0.20501,58.787,-0.410,-1,375.000,-1,425.000,-1,300.000,300.000,300.000,250.000,-1,-1,-1,-1,700.000,725.000,-1,-1,2,0,2,1,2,0,1,0,1,2,2,2,2,0,1,2,2
39,-597.054,-5271.785,72.505,36.433,0.804494,-0.593883,0.009657,0.593855,0.804551,0.005858,-0.011248,0.001022,0.999936,0,0.97834,-0.21518,58.700,-0.430,-1,350.000,-1,400.000,-1,275.000,300.000,325.000,325.000,-1,-1,-1,-1,650.000,650.000,-1,-1,2,0,2,1,2,0,1,0,1,2,2,2,2,0,1,2,2
40,-549.667,-5237.380,71.592,35.981,0.809015,-0.587504,0.018253,0.587535,0.809188,0.004184,-0.017229,0.007340,0.999825,0,0.97599,-0.22591,58.559,-0.452,-1,350.000,-1,375.000,-1,275.000,275.000,325.000,400.000,-1,-1,-1,-1,625.000,600.000,-1,-1,2,0,2,1,2,0,1,0,1,2,2,2,2,0,1,2,2
41,-502.159,-5203.484,71.020,35.507,0.813705,-0.580760,0.024538,0.580874,0.813988,0.002913,-0.021666,0.011883,0.999695,0,0.97268,-0.23718,58.361,-0.474,-1,325.000,-1,350.000,-1,275.000,275.000,325.000,500.000,-1,-1,-1,-1,600.000,550.000,-1,925.000,2,0,2,1,2,0,1,0,1,2,2,2,2,0,1,2,1
42,-454.570,-5170.151,70.800,35.009,0.818600,-0.573639,0.028856,0.573834,0.818970,0.001843,-0.024690,0.015050,0.999582,0,0.96835,-0.24897,58.101,-0.498,-1,325.000,-1,325.000,-1,250.000,250.000,325.000,600.000,-1,-1,-1,-1,600.000,500.000,-1,825.000,2,0,2,1,2,0,0,0,1,2,2,2,2,0,0,2,1
43,-406.946,-5137.436,70.952,34.486,0.823722,-0.566130,0.031283,0.566383,0.824142,0.000923,-0.026304,0.016958,0.999510,0,0.96297,-0.26124,57.778,-0.522,-1,325.000,-1,300.000,-1,250.000,250.000,325.000,725.000,-1,-1,-1,-1,575.000,500.000,-1,750.000,2,0,2,1,2,0,0,0,1,2,2,2,2,0,0,2,1
44,-359.331,-5105.393,71.464,33.939,0.829080,-0.558218,0.031921,0.558494,0.829509,0.000344,-0.026670,0.017543,0.999490,0,0.95654,-0.27392,57.392,-0.548,-1,325.000,-1,275.000,-1,250.000,250.000,325.000,850.000,-1,-1,-1,-1,575.000,475.000,-1,700.000,2,0,2,1,2,0,0,0,1,2,2,2,2,0,0,2,1
45,-311.772,-5074.075,72.305,33.365,0.834667,-0.549889,0.030883,0.550147,0.835068,0.000182,-0.025889,0.016838,0.999523,0,0.94908,-0.28692,56.945,-0.574,-1,325.000,-1,275.000,-1,250.000,250.000,325.000,975.000,-1,-1,-1,-1,575.000,500.000,-1,675.000,2,0,2,0,2,0,0,0,1,2,2,2,2,0,0,2,1
46,-264.316,-5043.523,73.458,32.774,0.840378,-0.541263,0.028266,0.541468,0.840721,0.000474,-0.024021,0.014907,0.999600,0,0.94066,-0.29548,56.440,-0.591,-1,325.000,-1,300.000,-1,250.000,250.000,325.000,1000.000,-1,-1,-1,-1,575.000,500.000,-1,625.000,2,0,2,0,2,0,0,0,1,2,2,2,2,0,0,2,1
47,-217.018,-5013.764,74.908,32.177,0.846082,-0.532506,0.024163,0.532635,0.846344,0.001257,-0.021119,0.011806,0.999707,0,0.93136,-0.29819,55.882,-0.596,-1,325.000,-1,300.000,-1,275.000,250.000,325.000,-1,-1,-1,-1,-1,600.000,525.000,-1,675.000,2,0,2,0,2,0,0,0,2,2,2,2,2,0,0,2,0
48,-169.925,-4984.819,75.694,31.577,0.851767,-0.523607,0.018137,0.523721,0.851888,-0.001844,-0.014486,0.011069,0.999834,0,0.92128,-0.30036,55.277,-0.601,-1,325.000,-1,300.000,-1,275.000,250.000,325.000,-1,-1,-1,-1,-1,625.000,550.000,-1,850.000,2,0,2,0,2,0,0,0,2,2,2,2,2,0,0,2,0
49,-123.081,-4956.701,75.027,30.973,0.857395,-0.514565,0.009799,0.514655,0.857305,-0.012555,-0.001940,0.015808,0.999873,0,0.91060,-0.30200,54.636,-0.604,-1,350.000,-1,325.000,-1,275.000,275.000,350.000,-1,-1,-1,-1,-1,675.000,575.000,-1,-1,2,0,2,0,2,0,0,0,2,2,2,2,2,0,0,2,2
50,-76.514,-4929.416,75.019,30.367,0.862858,-0.505446,0.000408,0.505343,0.862666,-0.020850,0.010187,0.018197,0.999783,0,0.89952,-0.30310,53.971,-0.606,-1,375.000,-1,350.000,-1,300.000,275.000,350.000,1000.000,-1,-1,0.000,-1,750.000,625.000,-1,-1,2,0,2,0,2,0,0,0,1,2,2,1,2,0,0,2,2
51,-31.916,-4903.666,75.821,30.000,0.866000,-0.499928,-0.010802,0.499535,0.865890,-0.026447,0.022575,0.017507,0.999592,0,0.85830,-0.18310,51.498,-0.366,-1,400.000,-1,350.000,-1,325.000,300.000,350.000,-1,-1,0.000,0.000,-1,825.000,700.000,-1,-1,2,0,2,0,2,0,0,0,2,2,0,1,2,0,0,2,2
52,12.139,-4878.360,77.098,29.874,0.866859,-0.498040,-0.022635,0.497343,0.867024,-0.030327,0.034729,0.015032,0.999284,0,0.84675,-0.06310,50.805,-0.126,-1,425.000,-1,375.000,-1,325.000,325.000,350.000,-1,-1,0.000,0.000,-1,925.000,775.000,-1,-1,2,0,2,0,2,0,0,0,2,2,1,1,2,0,0,2,2
53,55.587,-4853.451,77.283,29.826,0.867131,-0.497297,-0.027910,0.496331,0.867421,-0.035170,0.041700,0.016645,0.998992,0,0.83469,-0.02411,50.081,-0.048,-1,450.000,-1,400.000,-1,350.000,325.000,350.000,-1,-1,0.000,0.000,900.000,1000.000,825.000,-1,-1,2,0,2,0,2,0,0,0,2,2,1,1,1,0,0,2,2
54,98.441,-4828.927,76.888,29.780,0.867524,-0.496562,-0.028779,0.495366,0.867758,-0.040094,0.044882,0.020527,0.998781,0,0.82290,-0.02308,49.374,-0.046,-1,450.000,-1,400.000,-1,350.000,325.000,350.000,-1,-1,0.000,0.000,950.000,-1,825.000,-1,-1,2,0,2,0,2,0,0,0,2,2,0,1,1,2,0,2,2
55,140.735,-4804.765,76.837,29.737,0.867896,-0.495879,-0.029335,0.494511,0.868079,-0.043559,0.047065,0.023298,0.998620,0,0.81182,-0.02157,48.709,-0.043,-1,450.000,-1,400.000,-1,350.000,325.000,350.000,-1,-1,0.000,0.000,-1,-1,825.000,-1,-1,2,0,2,0,2,0,0,0,2,2,0,1,2,2,0,2,2
56,182.512,-4780.938,77.098,29.697,0.868235,-0.495264,-0.029679,0.493791,0.868385,-0.045587,0.048350,0.024925,0.998519,0,0.80157,-0.01962,48.094,-0.039,-1,450.000,-1,400.000,-1,350.000,325.000,350.000,-1,-1,0.000,0.000,-1,-1,825.000,-1,-1,2,0,2,0,2,0,0,0,2,2,0,1,2,2,0,2,2
57,223.818,-4757.413,77.655,29.663,0.868532,-0.494735,-0.029812,0.493228,0.868672,-0.046218,0.048762,0.025438,0.998486,0,0.79225,-0.01726,47.535,-0.035,-1,450.000,-1,400.000,-1,350.000,325.000,350.000,-1,-1,0.000,0.000,-1,-1,825.000,-1,-1,2,0,2,0,2,0,0,0,2,2,0,1,2,2,0,2,2
58,264.700,-4734.157,78.505,29.634,0.868782,-0.494301,-0.029741,0.492829,0.868934,-0.045528,0.048348,0.024896,0.998520,0,0.78390,-0.01452,47.034,-0.029,-1,450.000,-1,400.000,-1,350.000,325.000,350.000,-1,-1,0.000,0.000,-1,-1,825.000,-1,-1,2,0,2,0,2,0,0,0,2,2,0,1,2,2,0,2,2
59,305.208,-4711.136,79.639,29.611,0.868978,-0.493973,-0.029472,0.492601,0.869164,-0.043556,0.047132,0.023331,0.998616,0,0.77654,-0.01145,46.592,-0.023,-1,450.000,-1,400.000,-1,350.000,325.000,350.000,-1,-1,0.000,0.000,-1,-1,825.000,-1,-1,2,0,2,0,2,0,0,0,2,2,0,0,2,2,0,2,2
60,345.388,-4688.316,81.051,29.595,0.869117,-0.493756,-0.029006,0.492544,0.869353,-0.040335,0.045132,0.020769,0.998765,0,0.77014,-0.00806,46.209,-0.016,-1,450.000,-1,400.000,-1,350.000,325.000,350.000,-1,-1,0.000,0.000,-1,-1,825.000,-1,-1,2,0,2,0,2,0,0,0,2,2,0,0,2,2,0,2,2
61,385.288,-4665.664,82.736,29.586,0.869195,-0.493656,-0.028348,0.492651,0.869487,-0.035888,0.042365,0.017228,0.998954,0,0.76469,-0.00439,45.881,-0.009,-1,450.000,-1,400.000,-1,350.000,325.000,350.000,-1,-1,0.000,0.000,-1,-1,825.000,-1,-1,2,0,2,0,2,0,0,0,2,2,0,0,2,2,0,2,2
62,424.950,-4643.149,84.651,29.585,0.869212,-0.493676,-0.027467,0.492922,0.869555,-0.030026,0.038708,0.012560,0.999172,0,0.76013,-0.00047,45.608,-0.001,-1,425.000,-1,400.000,-1,350.000,325.000,350.000,-1,-1,0.000,0.000,-1,975.000,825.000,-1,-1,2,0,2,0,2,0,0,0,2,2,0,0,2,0,0,2,2
63,464.414,-4620.738,86.812,29.592,0.869167,-0.493815,-0.026383,0.493333,0.869540,-0.022859,0.034229,0.006853,0.999391,0,0.75640,0.00369,45.384,0.007,-1,425.000,-1,400.000,-1,325.000,325.000,325.000,1000.000,-1,0.000,0.000,-1,950.000,800.000,-1,-1,2,0,2,0,2,0,0,0,1,2,0,0,2,0,0,2,2
64,503.719,-4598.403,89.325,29.609,0.869060,-0.494072,-0.025048,0.493871,0.869421,-0.014071,0.028730,-0.000142,0.999587,0,0.75347,0.00807,45.208,0.016,-1,425.000,-1,400.000,-1,325.000,325.000,325.000,975.000,-1,150.000,0.000,-1,900.000,800.000,-1,-1,2,0,2,0,2,0,0,0,1,2,0,0,2,0,0,2,2
65,542.898,-4576.116,92.058,29.634,0.868892,-0.494440,-0.023565,0.494485,0.869176,-0.004267,0.022592,-0.007945,0.999713,0,0.75125,0.01264,45.075,0.025,-1,400.000,-1,400.000,-1,325.000,325.000,325.000,950.000,-1,625.000,675.000,-1,850.000,775.000,-1,-1,2,0,2,0,2,0,0,0,1,2,1,1,2,0,0,2,2
66,581.983,-4553.849,94.861,29.669,0.868659,-0.494920,-0.022026,0.495144,0.868791,0.005861,0.016235,-0.015998,0.999740,0,0.74971,0.01741,44.983,0.035,-1,400.000,-1,400.000,-1,325.000,325.000,300.000,900.000,-1,-1,-1,-1,800.000,775.000,-1,-1,2,0,2,0,2,0,0,0,1,2,2,2,2,0,0,2,2
67,621.003,-4531.580,95.967,29.713,0.868300,-0.495582,-0.021289,0.495832,0.868379,0.008351,0.014349,-0.017807,0.999738,0,0.74879,0.02234,44.927,0.045,-1,400.000,-1,400.000,-1,325.000,325.000,300.000,800.000,-1,-1,-1,-1,775.000,775.000,-1,-1,2,0,2,0,2,0,0,0,1,2,2,2,2,0,0,2,2
68,659.983,-4509.285,96.523,29.768,0.867831,-0.496415,-0.021001,0.496658,0.867907,0.008250,0.014131,-0.017590,0.999745,0,0.74843,0.02743,44.906,0.055,-1,400.000,-1,400.000,-1,325.000,325.000,300.000,675.000,-1,-1,-1,-1,800.000,775.000,-1,-1,2,0,2,0,2,0,0,0,1,2,2,2,2,0,0,2,2
69,702.715,-4484.780,97.151,29.833,0.867277,-0.497395,-0.020725,0.497632,0.867350,0.008185,0.013905,-0.017412,0.999752,0,0.82099,0.03229,49.260,0.065,-1,400.000,-1,400.000,-1,325.000,325.000,300.000,300.000,-1,-1,-1,-1,800.000,775.000,-1,-1,2,0,2,0,2,0,0,0,1,2,2,2,2,0,0,2,2
70,745.125,-4460.392,97.793,29.901,0.866687,-0.498432,-0.020496,0.498665,0.866756,0.008167,0.013694,-0.017299,0.999757,0,0.81536,0.03424,48.922,0.068,-1,400.000,-1,400.000,-1,325.000,325.000,300.000,300.000,-1,-1,-1,-1,800.000,775.000,-1,-1,2,0,2,0,2,0,0,0,0,2,2,2,2,0,0,2,2
71,783.288,-4438.249,98.383,30.123,0.864751,-0.501788,-0.020353,0.502020,0.864817,0.008211,0.013481,-0.017318,0.999759,0,0.73536,0.11105,44.122,0.222,-1,400.000,-1,375.000,-1,325.000,325.000,300.000,300.000,-1,-1,-1,-1,800.000,800.000,-1,-1,2,0,2,0,2,0,0,0,0,2,2,2,2,0,0,2,2
72,820.721,-4416.330,98.978,30.350,0.862761,-0.505206,-0.020244,0.505437,0.862823,0.008293,0.013277,-0.017387,0.999761,0,0.72298,0.11338,43.379,0.227,-1,400.000,-1,375.000,-1,325.000,325.000,300.000,325.000,-1,-1,-1,-1,800.000,800.000,-1,-1,2,0,2,0,2,0,0,0,0,2,2,2,2,0,0,2,2
73,857.851,-4394.388,99.564,30.582,0.860713,-0.508692,-0.020154,0.508925,0.860769,0.008516,0.013016,-0.017586,0.999761,0,0.71881,0.11594,43.129,0.232,-1,400.000,-1,400.000,-1,325.000,325.000,300.000,325.000,-1,-1,-1,-1,800.000,825.000,-1,-1,2,0,2,0,2,0,0,0,0,2,2,2,2,0,0,2,2
74,894.698,-4372.406,100.139,30.819,0.858601,-0.512252,-0.020081,0.512488,0.858648,0.008897,0.012685,-0.017930,0.999759,0,0.71509,0.11872,42.905,0.237,-1,400.000,-1,400.000,-1,325.000,325.000,300.000,325.000,-1,-1,-1,-1,800.000,825.000,-1,-1,2,0,2,0,2,0,0,0,0,2,2,2,2,0,0,2,2
75,931.282,-4350.369,100.724,31.063,0.856419,-0.515892,-0.020043,0.516133,0.856458,0.009316,0.012360,-0.018324,0.999756,0,0.71181,0.12172,42.709,0.243,-1,400.000,-1,400.000,-1,325.000,325.000,300.000,325.000,-1,-1,-1,-1,800.000,825.000,-1,-1,2,0,2,0,2,0,0,0,0,2,2,2,2,0,0,2,2
76,967.624,-4328.261,101.322,31.313,0.854164,-0.519617,-0.020042,0.519864,0.854193,0.009774,0.012041,-0.018767,0.999751,0,0.70897,0.12493,42.538,0.250,-1,400.000,-1,400.000,-1,325.000,325.000,300.000,325.000,-1,-1,-1,-1,800.000,825.000,-1,-1,2,0,2,0,2,0,0,0,0,2,2,2,2,0,0,2,2
77,1003.744,-4306.066,101.879,31.569,0.851825,-0.523432,-0.020334,0.523691,0.851845,0.010362,0.011898,-0.019475,0.999740,0,0.70657,0.12834,42.394,0.257,-1,400.000,-1,400.000,-1,325.000,325.000,300.000,325.000,-1,-1,-1,-1,825.000,850.000,-1,-1,2,0,2,0,2,0,0,0,0,2,2,2,2,0,0,2,2
78,1039.661,-4283.768,102.443,31.833,0.849402,-0.527341,-0.020688,0.527615,0.849412,0.010993,0.011775,-0.020253,0.999726,0,0.70460,0.13193,42.276,0.264,-1,400.000,-1,400.000,-1,325.000,325.000,300.000,325.000,-1,-1,-1,-1,825.000,850.000,-1,-1,2,0,2,0,2,0,0,0,0,2,2,2,2,0,0,2,2
79,1075.394,-4261.348,103.016,32.105,0.846890,-0.531350,-0.021099,0.531640,0.846890,0.011666,0.011670,-0.021097,0.999709,0,0.70306,0.13571,42.183,0.271,-1,400.000,-1,400.000,-1,325.000,325.000,300.000,325.000,-1,-1,-1,-1,825.000,875.000,-1,-1,2,0,2,0,2,0,0,0,0,2,2,2,2,0,0,2,2
80,1110.959,-4238.792,103.598,32.384,0.844284,-0.535461,-0.021570,0.535770,0.844273,0.012379,0.011582,-0.022008,0.999691,0,0.70191,0.13965,42.115,0.279,-1,400.000,-1,400.000,-1,325.000,325.000,300.000,325.000,-1,-1,-1,-1,825.000,875.000,-1,-1,2,0,2,0,2,0,0,0,0,2,2,2,2,0,0,2,2
81,1146.373,-4216.081,103.998,32.672,0.841589,-0.539688,-0.021547,0.539999,0.841570,0.012643,0.011310,-0.022275,0.999688,0,0.70117,0.14376,42.070,0.288,-1,400.000,-1,400.000,-1,325.000,325.000,300.000,325.000,-1,-1,-1,-1,850.000,875.000,-1,-1,2,0,2,0,2,0,0,0,0,2,2,2,2,0,0,2,2
82,1181.650,-4193.200,104.308,32.968,0.838797,-0.544029,-0.021255,0.544335,0.838771,0.012727,0.010905,-0.022245,0.999693,0,0.70080,0.14802,42.048,0.296,-1,400.000,-1,425.000,-1,325.000,325.000,300.000,325.000,-1,-1,-1,-1,850.000,875.000,-1,-1,2,0,2,0,2,0,0,0,0,2,2,2,2,0,0,2,2
83,1216.805,-4170.132,104.621,33.272,0.835898,-0.548484,-0.020955,0.548785,0.835865,0.012870,0.010456,-0.022257,0.999698,0,0.70080,0.15242,42.048,0.305,-1,400.000,-1,425.000,-1,325.000,325.000,300.000,325.000,-1,-1,-1,-1,850.000,900.000,-1,-1,2,0,2,0,2,0,0,0,0,2,2,2,2,0,0,2,2
84,1251.851,-4146.860,104.788,33.586,0.832901,-0.553062,-0.019975,0.553341,0.832856,0.012856,0.009526,-0.021761,0.999718,0,0.70115,0.15698,42.069,0.314,-1,400.000,-1,425.000,-1,325.000,325.000,300.000,325.000,-1,-1,-1,-1,850.000,875.000,-1,-1,2,0,2,0,2,0,0,0,0,2,2,2,2,0,0,2,2
85,1286.799,-4123.367,104.830,33.910,0.829795,-0.557764,-0.018400,0.558008,0.829738,0.012727,0.008168,-0.020828,0.999750,0,0.70184,0.16167,42.110,0.323,-1,400.000,-1,425.000,-1,325.000,325.000,300.000,325.000,-1,-1,-1,-1,850.000,875.000,-1,-1,2,0,2,0,2,0,0,0,0,2,2,2,2,0,0,2,2
86,1321.660,-4099.638,104.884,34.243,0.826566,-0.562587,-0.016858,0.562798,0.826497,0.012688,0.006795,-0.019976,0.999777,0,0.70285,0.16649,42.171,0.333,-1,400.000,-1,425.000,-1,325.000,325.000,300.000,325.000,-1,-1,-1,-1,850.000,875.000,-1,-1,2,0,2,0,2,0,0,0,0,2,2,2,2,0,0,2,2
87,1356.443,-4075.656,104.950,34.586,0.823209,-0.567531,-0.015352,0.567713,0.823128,0.012742,0.005405,-0.019205,0.999801,0,0.70416,0.17144,42.250,0.343,-1,400.000,-1,425.000,-1,325.000,325.000,300.000,300.000,-1,-1,-1,-1,825.000,850.000,-1,-1,2,0,2,0,2,0,0,0,0,2,2,2,2,0,0,2,2
88,1391.157,-4051.404,105.029,34.939,0.819718,-0.572599,-0.013883,0.572754,0.819626,0.012888,0.003999,-0.018516,0.999821,0,0.70577,0.17651,42.346,0.353,-1,400.000,-1,400.000,-1,325.000,325.000,300.000,300.000,-1,-1,-1,-1,825.000,850.000,-1,-1,2,0,2,0,2,0,0,0,0,2,2,2,2,0,0,2,2
89,1425.810,-4026.867,105.091,35.302,0.816087,-0.577792,-0.012604,0.577923,0.815985,0.013174,0.002673,-0.018035,0.999834,0,0.70766,0.18171,42.460,0.363,-1,400.000,-1,400.000,-1,325.000,325.000,300.000,300.000,-1,-1,-1,-1,825.000,850.000,-1,-1,2,0,2,0,2,0,0,0,0,2,2,2,2,0,0,2,2
90,1460.406,-4002.029,105.121,35.676,0.812314,-0.583109,-0.011419,0.583219,0.812199,0.013747,0.001258,-0.017827,0.999840,0,0.70983,0.18702,42.590,0.374,-1,400.000,-1,400.000,-1,325.000,325.000,300.000,325.000,-1,-1,-1,-1,825.000,825.000,-1,-1,2,0,2,0,2,0,0,0,0,2,2,2,2,0,0,2,2
91,1494.953,-3976.873,105.135,36.061,0.808394,-0.588552,-0.010277,0.588641,0.808263,0.014565,-0.000266,-0.017824,0.999841,0,0.71225,0.19245,42.735,0.385,-1,400.000,-1,400.000,-1,325.000,325.000,300.000,325.000,-1,-1,-1,-1,825.000,825.000,-1,-1,2,0,2,0,2,0,0,0,0,2,2,2,2,0,0,2,2
92,1529.453,-3951.384,105.159,36.457,0.804322,-0.594123,-0.009188,0.594191,0.804175,0.015497,-0.001818,-0.017924,0.999838,0,0.71491,0.19799,42.895,0.396,-1,400.000,-1,400.000,-1,325.000,325.000,300.000,325.000,-1,-1,-1,-1,800.000,825.000,-1,-1,2,0,2,0,2,0,0,0,0,2,2,2,2,0,0,2,2
93,1563.911,-3925.546,105.098,36.864,0.800095,-0.599818,-0.008142,0.599861,0.799922,0.017046,-0.003712,-0.018522,0.999822,0,0.71781,0.20365,43.069,0.407,-1,400.000,-1,400.000,-1,325.000,325.000,300.000,325.000,-1,-1,-1,-1,800.000,825.000,-1,-1,2,0,2,0,2,0,0,0,0,2,2,2,2,0,0,2,2
94,1598.328,-3899.343,105.014,37.283,0.795707,-0.605639,-0.007159,0.605654,0.795504,0.018886,-0.005743,-0.019364,0.999796,0,0.72094,0.20940,43.257,0.419,-1,400.000,-1,400.000,-1,325.000,325.000,300.000,325.000,-1,-1,-1,-1,800.000,800.000,-1,-1,2,0,2,0,2,0,0,0,0,2,2,2,2,0,0,2,2
95,1632.706,-3872.759,104.941,37.714,0.791151,-0.611589,-0.006253,0.611572,0.790917,0.020754,-0.007747,-0.020244,0.999765,0,0.72429,0.21527,43.457,0.431,-1,400.000,-1,400.000,-1,325.000,325.000,300.000,325.000,-1,-1,-1,-1,775.000,800.000,-1,-1,2,0,2,0,2,0,0,0,0,2,2,2,2,0,0,2,2
96,1667.045,-3845.779,104.688,38.156,0.786414,-0.617676,-0.005433,0.617632,0.786167,0.021754,-0.009165,-0.020463,0.999749,0,0.72785,0.22124,43.671,0.442,-1,400.000,-1,400.000,-1,325.000,325.000,300.000,325.000,-1,-1,-1,-1,775.000,800.000,-1,-1,2,0,2,0,2,0,0,0,0,2,2,2,2,0,0,2,2
97,1701.346,-3818.387,104.439,38.611,0.781497,-0.623891,-0.004682,0.623820,0.781237,0.022749,-0.010535,-0.020699,0.999730,0,0.73160,0.22731,43.896,0.455,-1,400.000,-1,400.000,-1,325.000,325.000,300.000,325.000,-1,-1,-1,-1,750.000,775.000,-1,-1,2,0,2,0,2,0,0,0,0,2,2,2,2,0,0,2,2
98,1735.606,-3790.566,104.179,39.078,0.776394,-0.630235,-0.003999,0.630137,0.776123,0.023668,-0.011813,-0.020895,0.999712,0,0.73555,0.23349,44.133,0.467,-1,400.000,-1,400.000,-1,325.000,325.000,300.000,325.000,-1,-1,-1,-1,750.000,775.000,-1,-1,2,0,2,0,2,0,0,0,0,2,2,2,2,0,0,2,2
99,1771.061,-3761.542,103.621,39.305,0.773887,-0.633316,-0.003300,0.633207,0.773633,0.023234,-0.012161,-0.020070,0.999725,0,0.76367,0.11349,45.820,0.227,-1,400.000,-1,400.000,-1,325.000,325.000,300.000,325.000,-1,-1,-1,-1,750.000,775.000,-1,-1,2,0,2,0,2,0,0,0,0,2,2,2,2,0,0,2,2
100,1806.732,-3732.355,103.086,39.292,0.774026,-0.633149,-0.002610,0.633032,0.773789,0.022849,-0.012447,-0.019338,0.999736,0,0.76817,-0.00651,46.090,-0.013,-1,400.000,-1,400.000,-1,325.000,325.000,300.000,325.000,-1,-1,-1,-1,750.000,775.000,-1,-1,2,0,2,0,2,0,0,0,0,2,2,2,2,0,0,2,2
101,1842.750,-3703.148,102.575,39.039,0.776809,-0.629733,-0.001926,0.629609,0.776587,0.022496,-0.012671,-0.018688,0.999745,0,0.77286,-0.12651,46.372,-0.253,-1,400.000,-1,400.000,-1,325.000,325.000,300.000,325.000,-1,-1,-1,-1,750.000,775.000,-1,-1,2,0,2,0,2,0,0,0,0,2,2,2,2,0,0,2,2
102,1879.244,-3674.072,102.090,38.546,0.782194,-0.623034,-0.001245,0.622903,0.781985,0.022157,-0.012831,-0.018107,0.999754,0,0.77768,-0.24651,46.661,-0.493,-1,400.000,-1,400.000,-1,325.000,325.000,300.000,325.000,-1,-1,-1,-1,750.000,775.000,-1,-1,2,0,2,0,2,0,0,0,0,2,2,2,2,0,0,2,2
103,1916.757,-3644.962,101.588,37.813,0.790093,-0.612986,-0.000362,0.612848,0.789901,0.021763,-0.013055,-0.017417,0.999763,0,0.79137,-0.36651,47.482,-0.733,-1,400.000,-1,400.000,-1,325.000,325.000,300.000,325.000,-1,-1,-1,-1,750.000,750.000,-1,-1,2,0,2,0,2,0,0,0,0,2,2,2,2,0,0,2,2
104,1954.676,-3616.416,101.075,36.972,0.798992,-0.601342,0.000378,0.601198,0.798814,0.021378,-0.013157,-0.016853,0.999771,0,0.79105,-0.42015,47.463,-0.840,-1,400.000,-1,400.000,-1,325.000,325.000,300.000,325.000,-1,-1,-1,-1,725.000,750.000,-1,-1,2,0,2,0,2,0,0,0,0,2,2,2,2,0,0,2,2
105,1993.003,-3588.439,100.507,36.128,0.807755,-0.589518,0.001027,0.589371,0.807590,0.020982,-0.013198,-0.016343,0.999779,0,0.79086,-0.42192,47.451,-0.844,-1,400.000,-1,400.000,-1,325.000,325.000,300.000,325.000,-1,-1,-1,-1,725.000,750.000,-1,-1,2,0,2,0,2,0,0,0,0,2,2,2,2,0,0,2,2
106,2031.738,-3561.033,99.942,35.280,0.816383,-0.577508,0.001753,0.577357,0.816233,0.020533,-0.013288,-0.015751,0.999788,0,0.79083,-0.42396,47.450,-0.848,-1,400.000,-1,400.000,-1,325.000,325.000,325.000,325.000,-1,-1,-1,-1,725.000,750.000,-1,-1,2,0,2,0,2,0,0,0,0,2,2,2,2,0,0,2,2
107,2069.632,-3534.821,99.363,34.673,0.822460,-0.568818,0.002127,0.568669,0.822319,0.020167,-0.013220,-0.015377,0.999794,0,0.76794,-0.30396,46.077,-0.608,-1,375.000,-1,400.000,-1,325.000,325.000,325.000,325.000,-1,-1,-1,-1,725.000,750.000,-1,-1,2,0,2,0,2,0,0,0,0,2,2,2,2,0,0,2,2
108,2108.549,-3508.444,98.698,34.128,0.827831,-0.560974,0.001936,0.560831,0.827690,0.019960,-0.012800,-0.015437,0.999799,0,0.78356,-0.27238,47.013,-0.545,-1,375.000,-1,400.000,-1,325.000,325.000,325.000,325.000,-1,-1,-1,-1,725.000,750.000,-1,-1,2,0,2,0,2,0,0,0,0,2,2,2,2,0,0,2,2
109,2147.929,-3482.291,98.069,33.590,0.833065,-0.553173,0.001737,0.553037,0.832922,0.019755,-0.012375,-0.015496,0.999803,0,0.78790,-0.26914,47.274,-0.538,-1,375.000,-1,400.000,-1,325.000,325.000,325.000,325.000,-1,-1,-1,-1,725.000,750.000,-1,-1,2,0,2,0,2,0,0,0,0,2,2,2,2,0,0,2,2
110,2187.760,-3456.367,97.477,33.058,0.838159,-0.545424,0.001529,0.545296,0.838016,0.019548,-0.011943,-0.015550,0.999808,0,0.79207,-0.26568,47.524,-0.531,-1,375.000,-1,400.000,-1,325.000,325.000,325.000,325.000,-1,-1,-1,-1,725.000,750.000,-1,-1,2,0,2,0,2,0,0,0,0,2,2,2,2,0,0,2,2
111,2228.028,-3430.680,96.926,32.534,0.843112,-0.537737,0.001310,0.537616,0.842969,0.019318,-0.011492,-0.015583,0.999813,0,0.79605,-0.26200,47.763,-0.524,-1,375.000,-1,400.000,-1,325.000,325.000,325.000,325.000,-1,-1,-1,-1,725.000,775.000,-1,-1,2,0,2,0,2,0,0,0,0,2,2,2,2,0,0,2,2
112,2268.718,-3405.236,96.417,32.018,0.847921,-0.530121,0.001078,0.530007,0.847779,0.019066,-0.011021,-0.015595,0.999818,0,0.79983,-0.25809,47.990,-0.516,-1,375.000,-1,400.000,-1,325.000,325.000,300.000,325.000,-1,-1,-1,-1,725.000,775.000,-1,-1,2,0,2,0,2,0,0,0,0,2,2,2,2,0,0,2,2
113,2309.814,-3380.043,95.950,31.510,0.852587,-0.522585,0.000834,0.522479,0.852445,0.018792,-0.010532,-0.015586,0.999823,0,0.80340,-0.25396,48.204,-0.508,-1,375.000,-1,400.000,-1,325.000,325.000,300.000,325.000,-1,-1,-1,-1,725.000,775.000,-1,-1,2,0,2,0,2,0,0,0,0,2,2,2,2,0,0,2,2
114,2351.299,-3355.105,95.525,31.011,0.857107,-0.515138,0.000577,0.515041,0.856966,0.018498,-0.010024,-0.015557,0.999829,0,0.80672,-0.24960,48.403,-0.499,-1,375.000,-1,400.000,-1,325.000,325.000,300.000,325.000,-1,-1,-1,-1,725.000,775.000,-1,-1,2,0,2,0,2,0,0,0,0,2,2,2,2,0,0,2,2
115,2393.154,-3330.430,95.164,30.521,0.861480,-0.507792,0.000292,0.507704,0.861342,0.018071,-0.009428,-0.015420,0.999837,0,0.80978,-0.24500,48.587,-0.490,-1,375.000,-1,400.000,-1,325.000,325.000,300.000,325.000,-1,-1,-1,-1,725.000,775.000,-1,-1,2,0,2,0,2,0,0,0,0,2,2,2,2,0,0,2,2
116,2435.359,-3306.023,94.841,30.041,0.865705,-0.500554,-0.000008,0.500476,0.865571,0.017643,-0.008825,-0.015277,0.999844,0,0.81257,-0.24017,48.754,-0.480,-1,375.000,-1,400.000,-1,325.000,325.000,300.000,325.000,-1,-1,-1,-1,725.000,775.000,-1,-1,2,0,2,0,2,0,0,0,0,2,2,2,2,0,0,2,2
117,2477.893,-3281.890,94.512,29.570,0.869782,-0.493435,-0.000344,0.493369,0.869653,0.017063,-0.008120,-0.015010,0.999854,0,0.81506,-0.23511,48.904,-0.470,-1,375.000,-1,400.000,-1,325.000,325.000,300.000,325.000,-1,-1,-1,-1,750.000,775.000,-1,-1,2,0,2,0,2,0,0,0,0,2,2,2,2,0,0,2,2
118,2520.733,-3258.035,94.198,29.111,0.873711,-0.486445,-0.000704,0.486390,0.873587,0.016429,-0.007377,-0.014697,0.999865,0,0.81723,-0.22982,49.034,-0.460,-1,375.000,-1,400.000,-1,325.000,325.000,300.000,325.000,-1,-1,-1,-1,750.000,800.000,-1,-1,2,0,2,0,2,0,0,0,0,2,2,2,2,0,0,2,2
119,2563.855,-3234.464,93.862,28.662,0.877490,-0.479594,-0.000883,0.479547,0.877376,0.015697,-0.006753,-0.014197,0.999876,0,0.81907,-0.22430,49.144,-0.449,-1,375.000,-1,400.000,-1,325.000,325.000,300.000,325.000,-1,-1,-1,-1,750.000,800.000,-1,-1,2,0,2,0,2,0,0,0,0,2,2,2,2,0,0,2,2
120,2607.234,-3211.180,93.403,28.225,0.881119,-0.472893,-0.000741,0.472853,0.881022,0.014520,-0.006214,-0.013144,0.999894,0,0.82054,-0.21857,49.233,-0.437,-1,400.000,-1,400.000,-1,325.000,325.000,300.000,325.000,-1,-1,-1,-1,775.000,800.000,-1,-1,2,0,2,0,2,0,0,0,0,2,2,2,2,0,0,2,2
121,2650.843,-3188.188,92.975,27.800,0.884601,-0.466348,-0.000590,0.466313,0.884519,0.013375,-0.005715,-0.012107,0.999910,0,0.82164,-0.21261,49.299,-0.425,-1,400.000,-1,400.000,-1,325.000,325.000,300.000,325.000,-1,-1,-1,-1,775.000,800.000,-1,-1,2,0,2,0,2,0,0,0,0,2,2,2,2,0,0,2,2
122,2698.125,-3163.455,92.546,27.614,0.886101,-0.463492,-0.000414,0.463462,0.886033,0.012176,-0.005277,-0.010981,0.999926,0,0.88934,-0.09261,53.361,-0.185,-1,400.000,-1,400.000,-1,325.000,325.000,300.000,300.000,-1,-1,-1,-1,775.000,800.000,-1,-1,2,0,2,0,2,0,0,0,0,2,2,2,2,0,0,2,2
123,2745.546,-3138.796,92.152,27.475,0.887225,-0.461337,-0.000212,0.461311,0.887170,0.011015,-0.004894,-0.009871,0.999939,0,0.89082,-0.06980,53.449,-0.140,-1,400.000,-1,400.000,-1,325.000,325.000,300.000,300.000,-1,-1,-1,-1,775.000,800.000,-1,-1,2,0,2,0,2,0,0,0,0,2,2,2,2,0,0,2,2
124,2793.044,-3114.207,91.772,27.370,0.888065,-0.459719,0.000054,0.459695,0.888020,0.010015,-0.004653,-0.008869,0.999950,0,0.89142,-0.05237,53.485,-0.105,-1,400.000,-1,400.000,-1,325.000,325.000,300.000,300.000,-1,-1,-1,-1,800.000,800.000,-1,-1,2,0,2,0,2,0,0,0,0,2,2,2,2,0,1,2,2
125,2840.554,-3089.684,91.251,27.301,0.888618,-0.458648,0.000545,0.458620,0.888576,0.009980,-0.005062,-0.008618,0.999950,0,0.89110,-0.03457,53.466,-0.069,-1,400.000,-1,400.000,-1,325.000,325.000,300.000,300.000,-1,-1,-1,-1,775.000,775.000,-1,-1,2,0,2,0,2,0,0,0,0,2,2,2,2,1,1,2,2
126,2888.012,-3065.223,90.762,27.268,0.888880,-0.458138,0.001081,0.458106,0.888841,0.010010,-0.005546,-0.008402,0.999949,0,0.88984,-0.01646,53.390,-0.033,-1,400.000,-1,400.000,-1,325.000,325.000,300.000,300.000,-1,-1,-1,-1,750.000,750.000,-1,-1,2,0,2,0,2,0,0,0,0,2,2,2,2,1,1,2,2
127,2935.351,-3040.819,90.312,27.272,0.888849,-0.458198,0.001681,0.458160,0.888812,0.010095,-0.006120,-0.008203,0.999948,0,0.88765,0.00190,53.259,0.004,-1,400.000,975.000,400.000,-1,325.000,325.000,300.000,325.000,-1,-1,-1,-1,700.000,700.000,-1,-1,2,0,1,1,2,0,0,0,0,2,2,2,2,1,1,2,2
128,2982.507,-3016.466,89.912,27.313,0.888520,-0.458832,0.002404,0.458787,0.888487,0.010211,-0.006821,-0.007970,0.999945,0,0.88455,0.02041,53.073,0.041,-1,400.000,925.000,400.000,-1,325.000,325.000,300.000,325.000,-1,-1,-1,-1,650.000,675.000,-1,-1,2,0,1,1,2,0,0,0,0,2,2,2,2,1,1,2,2
129,3029.418,-2992.159,89.536,27.391,0.887892,-0.460042,0.003114,0.459990,0.887863,0.010416,-0.007556,-0.007816,0.999941,0,0.88057,0.03901,52.834,0.078,-1,400.000,875.000,375.000,-1,325.000,325.000,300.000,325.000,-1,-1,-1,-1,625.000,650.000,-1,-1,2,0,1,1,2,0,1,0,0,2,2,2,2,1,1,2,2
130,3076.023,-2967.892,89.182,27.506,0.886963,-0.461826,0.003809,0.461766,0.886937,0.010712,-0.008325,-0.007742,0.999935,0,0.87574,0.05758,52.544,0.115,-1,400.000,800.000,375.000,-1,325.000,325.000,300.000,325.000,-1,-1,-1,-1,575.000,600.000,-1,-1,2,0,1,1,2,0,1,0,0,2,2,2,2,1,1,2,2
131,3126.943,-2941.519,88.802,27.381,0.887963,-0.459892,0.004580,0.459824,0.887941,0.011082,-0.009164,-0.007735,0.999928,0,0.95574,-0.06242,57.344,-0.125,-1,375.000,750.000,350.000,-1,325.000,300.000,300.000,325.000,-1,-1,-1,-1,525.000,575.000,-1,-1,2,1,1,1,2,1,1,0,0,2,2,2,2,1,1,2,2
132,3180.395,-2914.265,88.277,27.016,0.890869,-0.454230,0.005285,0.454159,0.890854,0.010881,-0.009650,-0.007294,0.999927,0,1.00000,-0.18242,60.000,-0.365,-1,350.000,700.000,350.000,-1,300.000,275.000,300.000,325.000,-1,-1,-1,-1,475.000,525.000,-1,-1,2,1,1,1,2,1,1,0,0,2,2,2,2,1,1,2,2
133,3234.133,-2887.576,87.723,26.411,0.895607,-0.444803,0.006230,0.444727,0.895603,0.010652,-0.010318,-0.006769,0.999924,0,1.00000,-0.30242,60.000,-0.605,-1,325.000,625.000,325.000,-1,275.000,275.000,300.000,325.000,-1,-1,-1,-1,450.000,500.000,925.000,1000.000,2,1,1,1,2,1,1,0,0,2,2,2,2,1,1,1,1
134,3288.258,-2861.683,87.211,25.567,0.902061,-0.431550,0.007120,0.431469,0.902066,0.010513,-0.010960,-0.006411,0.999919,0,1.00000,-0.42242,60.000,-0.845,-1,300.000,575.000,300.000,-1,250.000,250.000,300.000,325.000,-1,-1,-1,-1,400.000,475.000,800.000,950.000,2,1,1,1,2,1,1,0,0,2,2,2,2,1,1,1,1
135,3342.864,-2836.818,86.992,24.482,0.910072,-0.414392,0.006905,0.414308,0.910071,0.010982,-0.010835,-0.007134,0.999916,0,1.00000,-0.54242,60.000,-1.085,-1,250.000,525.000,300.000,-1,225.000,225.000,300.000,325.000,-1,-1,-1,-1,350.000,450.000,625.000,950.000,2,1,1,1,2,1,1,0,0,2,2,2,2,1,1,1,1
136,3398.029,-2813.223,86.797,23.157,0.919426,-0.393232,0.005020,0.393149,0.919391,0.012445,-0.009509,-0.009469,0.999910,0,1.00000,-0.66242,60.000,-1.325,950.000,225.000,475.000,275.000,-1,200.000,225.000,300.000,325.000,-1,-1,-1,-1,300.000,425.000,425.000,-1,1,1,1,1,2,1,1,1,0,2,2,2,2,1,1,1,2
137,3453.779,-2791.044,90.207,21.695,0.929157,-0.369673,-0.003017,0.369664,0.929161,-0.003055,0.003933,0.001723,0.999991,0,1.00000,-0.73070,60.000,-1.461,825.000,225.000,475.000,275.000,-1,200.000,225.000,550.000,325.000,-1,-1,975.000,-1,300.000,425.000,250.000,-1,1,1,1,1,2,1,1,1,0,2,2,0,2,1,1,1,2
138,3510.071,-2770.276,95.266,20.248,0.938109,-0.346020,-0.014918,0.345595,0.938045,-0.025216,0.022719,0.018499,0.999571,0,1.00000,-0.72389,60.000,-1.448,750.000,225.000,500.000,300.000,-1,200.000,225.000,850.000,300.000,-1,400.000,250.000,-1,275.000,475.000,250.000,-1,1,1,1,1,2,1,1,1,0,2,0,0,2,1,1,1,2
139,3566.864,-2750.918,100.713,18.813,0.946206,-0.322277,-0.028859,0.320738,0.945964,-0.047746,0.042687,0.035922,0.998443,0,1.00000,-0.71721,60.000,-1.434,650.000,225.000,875.000,300.000,-1,200.000,225.000,-1,300.000,-1,250.000,125.000,-1,275.000,600.000,225.000,-1,1,1,1,1,2,1,1,2,0,2,0,0,2,1,1,1,2
140,983.903,-3607.629,89.707,-110.649,-0.352943,0.935431,-0.019986,-0.935552,-0.352527,0.021602,0.013162,0.026322,0.999567,1,0.00000,0.00000,60.000,-1.421,-1,400.000,-1,400.000,-1,325.000,325.000,300.000,300.000,-1,-1,-1,700.000,825.000,800.000,-1,-1,2,0,2,0,2,0,0,0,0,2,2,2,1,0,0,2,2
141,982.192,-3612.114,89.774,-110.889,-0.356857,0.933944,-0.020044,-0.934069,-0.356442,0.021554,0.012986,0.026414,0.999567,0,0.08000,-0.12000,4.800,-0.240,-1,400.000,-1,400.000,-1,325.000,325.000,300.000,300.000,-1,-1,-1,700.000,825.000,800.000,-1,-1,2,0,2,0,2,0,0,0,0,2,2,2,1,0,0,2,2
