timestep,x_cm,y_cm,z_cm,yaw_deg,basis_xx,basis_xy,basis_xz,basis_yx,basis_yy,basis_yz,basis_zx,basis_zy,basis_zz,teleport_flag,throttle_cmd,steering_cmd,cmd_move_cm,cmd_turn_deg,lidar_cm_0,lidar_cm_1,lidar_cm_2,lidar_cm_3,lidar_cm_4,lidar_cm_5,lidar_cm_6,lidar_cm_7,lidar_cm_8,lidar_cm_9,lidar_cm_10,lidar_cm_11,lidar_cm_12,lidar_cm_13,lidar_cm_14,lidar_cm_15,lidar_cm_16,lidar_class_0,lidar_class_1,lidar_class_2,lidar_class_3,lidar_class_4,lidar_class_5,lidar_class_6,lidar_class_7,lidar_class_8,lidar_class_9,lidar_class_10,lidar_class_11,lidar_class_12,lidar_class_13,lidar_class_14,lidar_class_15,lidar_class_16
0,5576.891,-8850.505,-319.160,72.096,0.301011,-0.949594,0.087543,0.949753,0.306784,0.062073,-0.085801,0.064460,0.994225,1,0.08000,-0.12000,4.800,-0.240,-1,400.000,-1,375.000,875.000,325.000,325.000,300.000,300.000,700.000,450.000,450.000,-1,700.000,700.000,-1,-1,2,0,2,0,0,0,0,0,0,1,1,1,2,0,0,2,2
1,5579.919,-8841.395,-320.010,71.616,0.309004,-0.947046,0.087293,0.947154,0.314747,0.061916,-0.086113,0.063547,0.994257,0,0.16000,-0.24000,9.600,-0.480,-1,400.000,-1,375.000,875.000,325.000,325.000,300.000,300.000,700.000,450.000,450.000,-1,700.000,700.000,-1,-1,2,0,2,0,0,0,0,0,0,1,1,1,2,0,0,2,2
2,5584.633,-8827.788,-321.297,70.896,0.320956,-0.943099,0.086902,0.943129,0.326651,0.061694,-0.086570,0.062159,0.994305,0,0.24000,-0.36000,14.400,-0.720,-1,400.000,-1,375.000,850.000,325.000,325.000,300.000,300.000,725.000,475.000,450.000,-1,700.000,700.000,-1,-1,2,0,2,0,0,0,0,0,0,1,1,1,2,0,0,2,2
3,5591.221,-8809.753,-323.034,69.936,0.336816,-0.937602,0.086354,0.937528,0.342446,0.061420,-0.087159,0.060272,0.994369,0,0.32000,-0.48000,19.200,-0.960,-1,400.000,-1,375.000,850.000,325.000,325.000,300.000,300.000,725.000,500.000,475.000,-1,700.000,700.000,-1,-1,2,0,2,0,0,0,0,0,0,1,1,1,2,0,0,2,2
4,5599.927,-8787.387,-325.237,68.736,0.356513,-0.930358,0.085629,0.930150,0.362058,0.061116,-0.087862,0.057859,0.994451,0,0.40000,-0.60000,24.000,-1.200,-1,375.000,-1,375.000,825.000,325.000,325.000,300.000,300.000,750.000,525.000,500.000,-1,700.000,700.000,-1,-1,2,0,2,0,0,0,0,0,0,1,1,1,2,0,0,2,2
5,5611.044,-8760.819,-327.925,67.296,0.379951,-0.921121,0.084702,0.920748,0.385389,0.060809,-0.088656,0.054885,0.994549,0,0.48000,-0.72000,28.800,-1.440,-1,375.000,-1,375.000,800.000,325.000,325.000,300.000,300.000,775.000,550.000,525.000,-1,675.000,675.000,-1,975.000,2,0,2,0,0,0,0,0,0,1,1,1,2,0,0,2,0
6,5624.918,-8730.217,-331.118,65.616,0.407000,-0.909599,0.083549,0.909032,0.412306,0.060535,-0.089511,0.051311,0.994663,0,0.56000,-0.84000,33.600,-1.680,-1,375.000,-1,375.000,775.000,325.000,325.000,300.000,300.000,825.000,600.000,550.000,-1,675.000,675.000,-1,925.000,2,0,2,0,0,0,0,0,0,1,1,1,2,0,0,2,0
7,5641.849,-8695.751,-334.828,63.841,0.435213,-0.896572,0.082152,0.895791,0.440362,0.060326,-0.090263,0.047337,0.994792,0,0.64000,-0.88726,38.400,-1.775,-1,375.000,-1,375.000,750.000,300.000,300.000,300.000,300.000,875.000,650.000,600.000,-1,675.000,650.000,-1,900.000,2,0,2,0,0,0,0,0,0,1,1,1,2,0,0,2,0
8,5662.091,-8657.586,-338.915,62.061,0.463043,-0.882606,0.081226,0.881625,0.468080,0.060323,-0.091262,0.043678,0.994869,0,0.72000,-0.89010,43.200,-1.780,-1,375.000,-1,375.000,700.000,300.000,300.000,300.000,300.000,950.000,650.000,650.000,-1,675.000,625.000,-1,850.000,2,0,2,0,0,0,0,0,0,1,0,1,2,0,0,2,0
9,5685.893,-8615.903,-343.204,60.274,0.490512,-0.867677,0.080832,0.866641,0.495427,0.059047,-0.091280,0.041089,0.994977,0,0.80000,-0.89339,48.000,-1.787,-1,375.000,-1,375.000,675.000,300.000,300.000,300.000,300.000,-1,625.000,700.000,-1,675.000,625.000,-1,800.000,2,0,2,0,0,0,0,0,0,2,0,1,2,0,0,2,0
10,5712.781,-8572.061,-347.602,58.480,0.517618,-0.851795,0.080725,0.850841,0.522385,0.056423,-0.090230,0.039479,0.995138,0,0.85718,-0.89714,51.431,-1.794,-1,375.000,-1,375.000,650.000,300.000,300.000,300.000,300.000,-1,575.000,650.000,-1,675.000,600.000,-1,750.000,2,0,2,0,0,0,0,0,0,2,0,0,2,0,0,2,0
11,5741.109,-8528.973,-352.087,56.678,0.544349,-0.834999,0.080374,0.834111,0.548957,0.053889,-0.089119,0.037706,0.995307,0,0.85944,-0.90125,51.566,-1.803,-1,375.000,-1,375.000,600.000,300.000,300.000,300.000,300.000,-1,550.000,600.000,-1,700.000,600.000,-1,725.000,2,0,2,0,0,0,0,0,0,2,0,0,2,0,0,2,0
12,5770.872,-8486.677,-356.662,54.867,0.570672,-0.817293,0.079778,0.816453,0.575111,0.051484,-0.087959,0.035755,0.995482,0,0.86198,-0.90546,51.719,-1.811,-1,375.000,-1,375.000,575.000,300.000,325.000,300.000,300.000,-1,525.000,575.000,-1,700.000,575.000,-1,675.000,2,0,2,0,0,0,0,0,0,2,0,0,2,0,0,2,0
13,5802.064,-8445.214,-361.293,53.047,0.596555,-0.798683,0.078913,0.797860,0.600818,0.049369,-0.086842,0.033510,0.995658,0,0.86476,-0.90975,51.886,-1.820,-1,375.000,-1,350.000,550.000,325.000,325.000,300.000,300.000,-1,500.000,550.000,-1,700.000,550.000,-1,625.000,2,0,2,0,0,0,0,0,0,2,0,0,2,0,0,2,0
14,5834.676,-8404.627,-365.851,51.219,0.621965,-0.779183,0.077674,0.778293,0.626053,0.048137,-0.086135,0.030513,0.995816,0,0.86776,-0.91412,52.066,-1.828,-1,375.000,-1,350.000,525.000,325.000,300.000,300.000,300.000,-1,525.000,550.000,-1,700.000,550.000,-1,600.000,2,0,2,0,0,0,0,0,0,2,0,0,2,0,0,2,0
15,5870.479,-8362.951,-369.651,49.336,0.647971,-0.758340,0.071099,0.757222,0.651446,0.047250,-0.082149,0.023221,0.996350,0,0.91573,-0.94151,54.944,-1.883,-1,400.000,-1,350.000,525.000,325.000,300.000,300.000,300.000,-1,475.000,500.000,-1,700.000,550.000,-1,600.000,2,0,2,0,0,0,0,0,0,2,0,0,2,1,0,2,0
16,5907.785,-8322.302,-373.439,47.456,0.673227,-0.736667,0.063930,0.735331,0.676080,0.046947,-0.077806,0.015404,0.996849,0,0.91957,-0.94016,55.174,-1.880,-1,400.000,-1,350.000,550.000,325.000,300.000,300.000,300.000,-1,425.000,475.000,-1,675.000,550.000,-1,625.000,2,0,2,0,0,0,0,0,0,2,0,0,2,1,0,2,0
17,5944.389,-8284.706,-377.073,45.766,0.695284,-0.716476,0.056944,0.714964,0.697567,0.047187,-0.073531,0.007904,0.997262,0,0.87455,-0.84479,52.473,-1.690,-1,400.000,-1,350.000,575.000,325.000,300.000,300.000,300.000,-1,375.000,450.000,-1,650.000,550.000,950.000,650.000,2,0,2,0,0,0,0,0,0,2,0,0,2,1,0,1,0
18,5982.232,-8248.057,-380.740,44.080,0.716641,-0.695665,0.049753,0.694010,0.718366,0.047962,-0.069107,0.000157,0.997609,0,0.87803,-0.84295,52.682,-1.686,-1,400.000,-1,350.000,600.000,325.000,300.000,275.000,300.000,-1,325.000,425.000,-1,625.000,550.000,850.000,675.000,2,0,2,0,0,0,0,0,0,2,0,0,2,1,0,1,0
19,6021.284,-8212.397,-384.158,42.399,0.737220,-0.674268,0.043239,0.672512,0.738452,0.049152,-0.065072,-0.007157,0.997855,0,0.88140,-0.84079,52.884,-1.682,-1,375.000,-1,350.000,575.000,300.000,300.000,275.000,300.000,-1,300.000,400.000,-1,600.000,550.000,775.000,650.000,2,0,2,0,0,0,0,0,0,2,0,0,2,1,0,1,0
20,6061.510,-8177.769,-387.423,40.722,0.756999,-0.652327,0.037703,0.650505,0.757812,0.050644,-0.061608,-0.013811,0.998005,0,0.88464,-0.83831,53.078,-1.677,875.000,375.000,-1,325.000,575.000,300.000,300.000,275.000,300.000,-1,300.000,400.000,-1,575.000,550.000,700.000,625.000,1,0,2,0,0,0,0,0,0,2,0,0,2,1,0,1,0
21,6102.871,-8144.212,-390.558,39.051,0.775985,-0.629887,0.033012,0.628021,0.776431,0.052383,-0.058627,-0.019916,0.998081,0,0.88770,-0.83549,53.262,-1.671,750.000,375.000,-1,325.000,550.000,300.000,275.000,275.000,300.000,-1,325.000,425.000,-1,550.000,550.000,625.000,600.000,1,0,2,0,0,0,0,0,0,2,0,0,2,1,0,1,0
22,6145.325,-8111.767,-393.531,37.386,0.794206,-0.606992,0.028235,0.605168,0.794304,0.053414,-0.054849,-0.025335,0.998173,0,0.89055,-0.83231,53.433,-1.665,650.000,350.000,-1,325.000,525.000,300.000,275.000,275.000,300.000,950.000,300.000,400.000,-1,525.000,550.000,575.000,575.000,1,0,2,0,0,0,0,0,0,0,0,0,2,1,0,1,0
23,6188.827,-8080.474,-395.347,35.729,0.811604,-0.583754,0.023044,0.582312,0.811515,0.048544,-0.047038,-0.025980,0.998555,0,0.89314,-0.82875,53.589,-1.657,575.000,375.000,-1,325.000,525.000,300.000,275.000,275.000,300.000,900.000,250.000,325.000,-1,525.000,525.000,525.000,575.000,1,1,2,0,0,0,0,0,0,0,0,0,2,1,0,1,0
24,6233.326,-8050.370,-397.187,34.079,0.828215,-0.560140,0.017402,0.559047,0.827966,0.044024,-0.039069,-0.026733,0.998879,0,0.89544,-0.82479,53.727,-1.650,525.000,375.000,-1,350.000,525.000,300.000,300.000,300.000,300.000,875.000,225.000,275.000,-1,500.000,525.000,500.000,575.000,1,1,2,0,0,0,0,0,0,0,0,0,2,1,0,1,0
25,6278.769,-8021.489,-399.047,32.439,0.844021,-0.536190,0.011335,0.535416,0.843646,0.039881,-0.030946,-0.027591,0.999140,0,0.89740,-0.82041,53.844,-1.641,475.000,375.000,-1,350.000,525.000,300.000,300.000,300.000,275.000,825.000,200.000,250.000,-1,500.000,525.000,475.000,550.000,1,1,2,0,0,0,0,0,0,0,0,0,2,1,0,1,0
26,6325.095,-7993.865,-400.923,30.807,0.859005,-0.511943,0.004867,0.511464,0.858545,0.036135,-0.022678,-0.028551,0.999335,0,0.89895,-0.81561,53.937,-1.631,425.000,350.000,-1,350.000,500.000,300.000,300.000,325.000,275.000,825.000,175.000,225.000,-1,475.000,525.000,450.000,550.000,1,1,2,0,0,0,0,0,0,0,0,0,2,1,0,1,0
27,6372.241,-7967.531,-402.809,29.187,0.873153,-0.487442,-0.001973,0.487237,0.872653,0.032809,-0.014271,-0.029608,0.999460,0,0.90004,-0.81035,54.002,-1.621,400.000,350.000,-1,325.000,500.000,325.000,300.000,325.000,275.000,800.000,150.000,200.000,-1,475.000,525.000,400.000,550.000,1,1,2,0,0,0,0,0,0,0,0,0,2,1,0,1,0
28,6420.137,-7942.514,-404.146,27.577,0.886474,-0.462697,-0.008654,0.462719,0.885910,0.032472,-0.007358,-0.032790,0.999435,0,0.90060,-0.80463,54.036,-1.609,350.000,350.000,-1,325.000,500.000,325.000,300.000,325.000,275.000,775.000,150.000,200.000,-1,475.000,525.000,375.000,550.000,1,1,2,0,0,0,0,0,0,0,0,0,2,1,0,1,0
29,6468.710,-7918.843,-404.400,25.980,0.898951,-0.437777,-0.015447,0.438050,0.898353,0.032782,-0.000474,-0.036236,0.999343,0,0.90057,-0.79843,54.034,-1.597,300.000,350.000,-1,325.000,500.000,300.000,300.000,325.000,275.000,775.000,150.000,225.000,-1,475.000,525.000,350.000,550.000,1,1,2,0,0,0,0,1,0,0,0,0,2,1,0,1,0
30,6517.882,-7896.540,-403.416,24.397,0.910491,-0.412731,-0.025691,0.413404,0.909988,0.031924,0.010202,-0.039688,0.999160,0,0.89987,-0.79176,53.992,-1.584,275.000,350.000,-1,325.000,550.000,300.000,300.000,300.000,275.000,750.000,150.000,225.000,-1,500.000,525.000,325.000,600.000,1,1,2,0,0,0,0,1,0,0,0,0,2,1,0,1,0
31,6567.566,-7875.626,-401.834,22.828,0.921050,-0.387581,-0.038046,0.388787,0.920770,0.032052,0.022609,-0.044313,0.998762,0,0.89845,-0.78461,53.907,-1.569,275.000,350.000,-1,350.000,625.000,325.000,300.000,275.000,300.000,725.000,150.000,200.000,-1,550.000,575.000,325.000,700.000,1,1,2,0,0,0,0,1,0,0,0,0,2,1,0,1,0
32,6617.677,-7856.114,-400.104,21.274,0.930648,-0.362394,-0.050649,0.364203,0.930753,0.032472,0.035374,-0.048666,0.998189,0,0.89623,-0.77701,53.774,-1.554,250.000,350.000,-1,350.000,700.000,325.000,300.000,275.000,300.000,675.000,150.000,200.000,-1,600.000,600.000,400.000,800.000,1,1,2,0,0,0,0,1,0,0,0,0,2,1,0,1,0
33,6668.121,-7838.018,-397.044,19.736,0.939596,-0.337287,-0.058283,0.339379,0.940155,0.030495,0.044510,-0.048433,0.997834,0,0.89318,-0.76898,53.591,-1.538,275.000,375.000,-1,350.000,750.000,325.000,325.000,250.000,325.000,700.000,200.000,225.000,-1,775.000,600.000,-1,850.000,1,1,2,0,0,0,0,1,0,0,0,0,2,1,0,2,0
34,6718.806,-7821.341,-393.652,18.215,0.947774,-0.312232,-0.065078,0.314508,0.948840,0.028040,0.052994,-0.047043,0.997486,0,0.88928,-0.76057,53.357,-1.521,425.000,375.000,-1,375.000,800.000,325.000,325.000,250.000,300.000,725.000,225.000,250.000,-1,825.000,625.000,-1,900.000,1,1,2,0,0,0,0,1,0,0,0,0,2,0,0,2,0
35,6769.637,-7806.082,-390.483,16.711,0.955183,-0.287230,-0.071586,0.289731,0.956721,0.027203,0.060674,-0.046724,0.997063,0,0.88451,-0.75184,53.070,-1.504,-1,400.000,-1,375.000,825.000,350.000,325.000,225.000,300.000,750.000,250.000,275.000,-1,825.000,625.000,-1,975.000,2,1,2,0,0,0,0,1,0,0,0,0,2,0,0,2,0
36,6820.522,-7792.233,-387.514,15.225,0.961845,-0.262319,-0.077739,0.265105,0.963818,0.027814,0.067630,-0.047362,0.996586,0,0.87891,-0.74289,52.735,-1.486,-1,400.000,-1,375.000,875.000,350.000,325.000,200.000,300.000,775.000,250.000,250.000,-1,850.000,650.000,-1,-1,2,1,2,0,0,0,0,1,0,0,0,0,2,0,0,2,2
37,6871.375,-7779.784,-384.706,13.756,0.967791,-0.237500,-0.083512,0.240640,0.970161,0.029651,0.073978,-0.048793,0.996066,0,0.87256,-0.73473,52.354,-1.469,-1,425.000,-1,375.000,925.000,350.000,325.000,200.000,300.000,775.000,225.000,225.000,-1,850.000,650.000,-1,-1,2,1,2,0,0,0,0,1,0,0,0,0,2,0,0,2,2
38,6922.121,-7768.731,-382.026,12.289,0.973094,-0.212566,-0.088901,0.216133,0.975822,0.032521,0.079838,-0.050861,0.995509,0,0.86557,-0.73342,51.934,-1.467,-1,425.000,-1,375.000,1000.000,350.000,325.000,175.000,300.000,800.000,200.000,200.000,-1,825.000,650.000,-1,-1,2,0,2,0,0,0,0,1,0,0,0,0,2,0,0,2,2
39,6972.689,-7759.062,-379.437,10.824,0.977759,-0.187524,-0.093922,0.191587,0.980807,0.036216,0.085328,-0.053404,0.994921,0,0.85805,-0.73248,51.483,-1.465,-1,425.000,-1,375.000,-1,350.000,325.000,175.000,300.000,800.000,175.000,175.000,-1,825.000,650.000,-1,-1,2,0,2,0,2,0,0,1,0,0,0,0,2,0,0,2,2
40,7023.023,-7750.765,-376.526,9.360,0.981927,-0.162394,-0.097203,0.166823,0.985205,0.039256,0.089390,-0.054762,0.994490,0,0.85020,-0.73193,51.012,-1.464,-1,425.000,-1,375.000,-1,325.000,325.000,175.000,300.000,850.000,175.000,200.000,-1,800.000,650.000,-1,-1,2,0,2,0,2,0,0,1,0,0,0,0,2,0,0,2,2
41,7073.076,-7743.824,-372.972,7.897,0.985700,-0.137187,-0.097851,0.141664,0.989092,0.040346,0.091248,-0.053631,0.994383,0,0.84220,-0.73177,50.532,-1.464,-1,400.000,-1,375.000,-1,325.000,300.000,175.000,300.000,900.000,200.000,225.000,-1,800.000,625.000,-1,-1,2,0,2,0,2,0,0,1,0,0,0,0,2,0,0,2,2
42,7122.817,-7738.217,-369.283,6.433,0.988869,-0.111882,-0.098088,0.116355,0.992356,0.041113,0.092738,-0.052068,0.994328,0,0.83425,-0.73198,50.055,-1.464,-1,400.000,-1,350.000,-1,325.000,300.000,200.000,300.000,950.000,250.000,250.000,-1,775.000,625.000,-1,-1,2,0,2,0,2,0,0,1,0,0,0,0,2,0,0,2,2
43,7172.223,-7733.924,-365.453,4.967,0.991408,-0.086482,-0.098136,0.090901,0.994996,0.041481,0.094058,-0.050045,0.994308,0,0.82654,-0.73255,49.592,-1.465,-1,400.000,-1,350.000,-1,300.000,300.000,200.000,275.000,-1,275.000,275.000,-1,750.000,600.000,-1,-1,2,0,2,0,2,0,0,1,0,2,0,0,2,0,0,2,2
44,7221.286,-7730.923,-360.735,3.501,0.993444,-0.060981,-0.096696,0.065494,0.996873,0.044202,0.093699,-0.050245,0.994332,0,0.81924,-0.73347,49.154,-1.467,-1,375.000,-1,350.000,-1,300.000,300.000,225.000,275.000,400.000,350.000,350.000,-1,725.000,600.000,-1,-1,2,0,2,0,2,0,0,1,0,1,0,0,2,0,0,2,2
45,7270.005,-7729.197,-354.636,2.031,0.994667,-0.035401,-0.096877,0.039847,0.998221,0.044344,0.095135,-0.047968,0.994308,0,0.81248,-0.73472,48.749,-1.469,-1,375.000,-1,350.000,-1,300.000,300.000,250.000,300.000,325.000,425.000,425.000,-1,700.000,600.000,-1,-1,2,0,2,0,2,0,0,1,0,1,0,0,2,0,0,2,2
46,7318.385,-7728.727,-348.475,0.559,0.995071,-0.009738,-0.098682,0.014170,0.998917,0.044307,0.098144,-0.045487,0.994132,0,0.80637,-0.73627,48.382,-1.473,-1,375.000,-1,350.000,-1,300.000,300.000,275.000,300.000,300.000,475.000,475.000,-1,700.000,600.000,-1,-1,2,0,2,0,2,0,0,1,0,1,0,0,2,0,0,2,2
47,7366.438,-7729.498,-342.483,-0.918,0.994737,0.016000,-0.101207,-0.011473,0.998914,0.045159,0.101820,-0.043760,0.993840,0,0.80096,-0.73811,48.057,-1.476,-1,375.000,-1,350.000,-1,300.000,300.000,300.000,300.000,300.000,500.000,500.000,-1,700.000,600.000,-1,-1,2,0,2,0,2,0,0,1,0,1,0,0,2,0,0,2,2
48,7414.174,-7731.498,-336.623,-2.398,0.993668,0.041804,-0.104294,-0.037081,0.998215,0.046823,0.106065,-0.042660,0.993444,0,0.79629,-0.74020,47.777,-1.480,-1,375.000,-1,350.000,-1,300.000,300.000,325.000,300.000,325.000,525.000,525.000,-1,700.000,600.000,-1,-1,2,0,2,0,2,0,0,1,0,1,0,0,2,0,0,2,2
49,7465.933,-7734.790,-330.423,-3.638,0.992114,0.063402,-0.108125,-0.058287,0.997056,0.049829,0.110966,-0.043134,0.992888,0,0.86436,-0.62020,51.862,-1.240,-1,375.000,-1,350.000,-1,300.000,300.000,375.000,300.000,350.000,550.000,550.000,-1,725.000,625.000,-1,-1,2,0,2,0,2,0,0,0,0,1,0,0,2,0,0,2,2
50,7517.445,-7738.972,-324.310,-4.641,0.990400,0.080829,-0.112135,-0.075204,0.995731,0.053525,0.115983,-0.044578,0.992250,0,0.86133,-0.50119,51.680,-1.002,-1,375.000,-1,350.000,-1,300.000,300.000,375.000,300.000,350.000,550.000,550.000,-1,725.000,650.000,-1,-1,2,0,2,0,2,0,0,0,0,1,0,0,2,0,0,2,2
51,7568.753,-7744.047,-318.192,-5.649,0.988347,0.098332,-0.116195,-0.092142,0.994084,0.057505,0.121162,-0.046129,0.991560,0,0.85929,-0.50415,51.557,-1.008,-1,375.000,-1,350.000,-1,300.000,300.000,350.000,300.000,375.000,550.000,550.000,-1,725.000,675.000,-1,-1,2,0,2,0,2,0,0,0,0,1,0,0,2,0,0,2,2
52,7619.880,-7750.021,-312.042,-6.664,0.985955,0.115910,-0.120236,-0.109111,0.992114,0.061686,0.126438,-0.047701,0.990827,0,0.85788,-0.50728,51.473,-1.015,-1,375.000,-1,375.000,-1,300.000,300.000,350.000,300.000,425.000,575.000,575.000,-1,725.000,675.000,-1,-1,2,0,2,0,2,0,0,0,0,1,0,0,2,0,0,2,2
53,7670.843,-7756.899,-305.834,-7.685,0.983227,0.133563,-0.124201,-0.126124,0.989818,0.065978,0.131748,-0.049207,0.990061,0,0.85706,-0.51058,51.424,-1.021,-1,400.000,-1,375.000,-1,325.000,300.000,350.000,300.000,450.000,575.000,575.000,-1,750.000,725.000,-1,-1,2,0,2,0,2,0,0,0,0,1,0,0,2,0,0,2,2
54,7721.658,-7764.687,-299.555,-8.713,0.980170,0.151289,-0.127979,-0.143189,0.987193,0.070340,0.136982,-0.050620,0.989279,0,0.85677,-0.51402,51.406,-1.028,-1,400.000,-1,375.000,-1,325.000,325.000,325.000,325.000,475.000,575.000,575.000,-1,750.000,750.000,-1,-1,2,0,2,0,2,0,0,0,0,1,0,0,2,0,0,2,2
55,7772.336,-7773.394,-293.213,-9.748,0.976803,0.169088,-0.131394,-0.160314,0.984229,0.074786,0.141967,-0.051987,0.988505,0,0.85697,-0.51760,51.418,-1.035,-1,400.000,-1,400.000,-1,325.000,325.000,325.000,325.000,525.000,475.000,550.000,-1,775.000,800.000,-1,-1,2,0,2,0,2,0,0,0,0,1,0,0,2,0,0,2,2
56,7822.884,-7783.029,-286.484,-10.791,0.973193,0.186968,-0.133937,-0.177743,0.980988,0.077915,0.145958,-0.052020,0.987922,0,0.85762,-0.52130,51.457,-1.043,-1,400.000,-1,400.000,-1,325.000,325.000,325.000,325.000,575.000,400.000,450.000,-1,775.000,850.000,-1,-1,2,0,2,0,2,0,0,0,0,1,0,0,2,0,0,2,2
57,7873.307,-7793.602,-279.009,-11.841,0.969451,0.204946,-0.134768,-0.195803,0.977532,0.078059,0.147738,-0.049287,0.987798,0,0.85866,-0.52511,51.519,-1.050,-1,400.000,-1,400.000,-1,325.000,325.000,325.000,325.000,625.000,400.000,475.000,-1,800.000,875.000,-1,-1,2,0,2,0,2,0,0,0,0,1,0,0,2,0,0,2,2
58,7923.609,-7805.123,-271.406,-12.899,0.965383,0.222988,-0.135325,-0.213913,0.973698,0.078444,0.149258,-0.046780,0.987691,0,0.86005,-0.52902,51.603,-1.058,-1,400.000,-1,400.000,-1,325.000,325.000,325.000,325.000,700.000,425.000,475.000,-1,825.000,925.000,-1,-1,2,0,2,0,2,0,0,0,0,1,0,0,2,0,0,2,2
59,7973.787,-7817.602,-263.712,-13.965,0.961064,0.241092,-0.135023,-0.232143,0.969489,0.078742,0.149887,-0.044332,0.987709,0,0.86177,-0.53302,51.706,-1.066,-1,400.000,-1,400.000,-1,325.000,325.000,325.000,325.000,800.000,475.000,525.000,-1,825.000,975.000,-1,-1,2,0,2,0,2,0,0,0,0,1,0,0,2,0,0,2,2
60,8023.838,-7831.051,-256.015,-15.039,0.956390,0.259256,-0.134556,-0.250486,0.964912,0.078755,0.150252,-0.041616,0.987771,0,0.86378,-0.53712,51.827,-1.074,-1,400.000,-1,400.000,-1,325.000,325.000,325.000,325.000,900.000,525.000,575.000,-1,850.000,1000.000,-1,-1,2,0,2,0,2,0,0,0,0,1,1,0,2,0,0,2,2
61,8073.757,-7845.481,-248.256,-16.122,0.951339,0.277471,-0.134032,-0.268893,0.959949,0.078707,0.150502,-0.038837,0.987847,0,0.86605,-0.54129,51.963,-1.083,-1,400.000,-1,400.000,-1,325.000,325.000,325.000,325.000,1000.000,550.000,650.000,-1,850.000,-1,-1,-1,2,0,2,0,2,0,0,0,0,1,1,0,2,0,2,2,2
62,8123.536,-7860.903,-240.437,-17.213,0.945905,0.295731,-0.133445,-0.287360,0.954593,0.078589,0.150627,-0.035991,0.987935,0,0.86854,-0.54553,52.113,-1.091,-1,400.000,-1,400.000,-1,325.000,325.000,325.000,325.000,-1,600.000,700.000,-1,850.000,-1,-1,-1,2,0,2,0,2,0,0,0,0,2,1,0,2,0,2,2,2
63,8173.163,-7877.328,-232.735,-18.313,0.940118,0.314036,-0.132511,-0.306017,0.948858,0.077602,0.150104,-0.032404,0.988139,0,0.87125,-0.54985,52.275,-1.100,-1,400.000,-1,425.000,-1,325.000,325.000,325.000,325.000,-1,625.000,775.000,-1,875.000,-1,-1,-1,2,0,2,0,2,0,0,0,0,2,1,0,2,0,2,2,2
64,8222.626,-7894.768,-225.105,-19.421,0.933958,0.332375,-0.131341,-0.324818,0.942724,0.075923,0.149053,-0.028247,0.988426,0,0.87413,-0.55423,52.448,-1.108,-1,400.000,-1,425.000,-1,325.000,325.000,325.000,325.000,-1,675.000,875.000,-1,875.000,-1,-1,-1,2,0,2,0,2,0,0,0,0,2,1,0,2,0,2,2,2
65,8271.911,-7913.233,-217.453,-20.538,0.927387,0.350733,-0.130151,-0.343653,0.936168,0.074109,0.147836,-0.024001,0.988721,0,0.87719,-0.55866,52.631,-1.117,-1,400.000,-1,425.000,-1,325.000,325.000,325.000,325.000,-1,725.000,925.000,-1,875.000,-1,-1,-1,2,0,2,0,2,0,0,0,0,2,1,1,2,0,2,2,2
66,8321.002,-7932.734,-209.807,-21.665,0.920396,0.369101,-0.128977,-0.362495,0.929179,0.072277,0.146521,-0.019770,0.989010,0,0.88038,-0.56315,52.823,-1.126,-1,400.000,-1,425.000,-1,325.000,325.000,325.000,325.000,-1,800.000,950.000,-1,875.000,-1,-1,-1,2,0,2,0,2,0,0,0,0,2,1,1,2,0,2,2,2
67,8369.881,-7953.281,-202.136,-22.800,0.912985,0.387470,-0.127772,-0.381359,0.921753,0.070257,0.144997,-0.015417,0.989312,0,0.88371,-0.56770,53.023,-1.135,-1,400.000,-1,425.000,-1,325.000,325.000,325.000,325.000,-1,850.000,975.000,-1,900.000,-1,-1,-1,2,0,2,0,2,0,0,0,0,2,1,1,2,0,2,2,2
68,8418.529,-7974.883,-194.458,-23.945,0.905144,0.405829,-0.126560,-0.400222,0.913883,0.068124,0.143308,-0.011010,0.989617,0,0.88715,-0.57229,53.229,-1.145,-1,400.000,-1,425.000,-1,325.000,325.000,300.000,325.000,-1,900.000,-1,-1,950.000,-1,-1,-1,2,0,2,0,2,0,0,0,0,2,1,2,2,0,2,2,2
69,8466.925,-7997.551,-186.921,-25.098,0.896960,0.424164,-0.124689,-0.419024,0.905557,0.066219,0.141001,-0.007148,0.989984,0,0.89070,-0.57692,53.442,-1.154,-1,400.000,-1,450.000,-1,325.000,325.000,300.000,325.000,-1,975.000,-1,-1,1000.000,-1,-1,-1,2,0,2,0,2,0,0,0,0,2,1,2,2,0,2,2,2
70,8515.045,-8021.293,-179.588,-26.262,0.888471,0.442468,-0.121824,-0.437744,0.896775,0.064611,0.137838,-0.004078,0.990446,0,0.89433,-0.58160,53.660,-1.163,-1,400.000,-1,450.000,-1,325.000,350.000,300.000,325.000,-1,-1,-1,-1,1000.000,-1,-1,-1,2,0,2,0,2,0,0,0,0,2,2,2,2,0,2,2,2
71,8562.867,-8046.118,-172.258,-27.434,0.879539,0.460731,-0.118908,-0.456432,0.887539,0.062799,0.134469,-0.000961,0.990917,0,0.89804,-0.58631,53.883,-1.173,-1,400.000,-1,450.000,-1,325.000,350.000,300.000,325.000,-1,-1,-1,-1,-1,-1,-1,-1,2,0,2,0,2,0,0,0,0,2,2,2,2,2,2,2,2
72,8605.859,-8069.797,-165.670,-28.847,0.868139,0.482469,-0.116439,-0.478634,0.875908,0.060783,0.131315,0.002963,0.991336,0,0.81804,-0.70631,49.083,-1.413,-1,400.000,-1,450.000,-1,325.000,350.000,300.000,325.000,-1,-1,-1,-1,-1,-1,-1,-1,2,0,2,0,2,0,0,0,0,2,2,2,2,2,2,2,2
73,8644.014,-8092.271,-159.910,-30.500,0.853952,0.507515,-0.114867,-0.504204,0.861606,0.058428,0.128623,0.008022,0.991661,0,0.73804,-0.82631,44.283,-1.653,-1,400.000,-1,450.000,-1,325.000,350.000,300.000,325.000,-1,-1,-1,-1,-1,-1,-1,-1,2,0,2,0,2,0,0,0,0,2,2,2,2,2,2,2,2
74,8678.473,-8114.116,-154.656,-32.375,0.836919,0.535411,-0.113587,-0.532652,0.844481,0.055979,0.125894,0.013652,0.991950,0,0.68001,-0.93782,40.801,-1.876,-1,400.000,-1,450.000,-1,350.000,350.000,300.000,325.000,-1,-1,-1,-1,-1,-1,-1,-1,2,0,2,0,2,0,0,0,0,2,2,2,2,2,2,2,2
75,8712.174,-8137.061,-149.444,-34.252,0.818963,0.562727,-0.112423,-0.560522,0.826418,0.053374,0.122943,0.019304,0.992226,0,0.67952,-0.93833,40.771,-1.877,-1,425.000,-1,450.000,-1,350.000,350.000,300.000,325.000,-1,-1,-1,-1,-1,-1,-1,-1,2,0,2,0,2,0,0,0,0,2,2,2,2,2,2,2,2
76,8745.085,-8161.083,-144.341,-36.130,0.800104,0.589430,-0.111381,-0.587817,0.807426,0.050340,0.119603,0.025194,0.992502,0,0.67911,-0.93902,40.746,-1.878,-1,425.000,-1,450.000,-1,350.000,350.000,300.000,325.000,-1,-1,-1,-1,-1,-1,-1,-1,2,0,2,0,2,0,0,0,0,2,2,2,2,2,2,2,2
77,8777.176,-8186.160,-139.373,-38.010,0.780360,0.615490,-0.110500,-0.614513,0.787519,0.046781,0.115814,0.031397,0.992775,0,0.67880,-0.93989,40.728,-1.880,-1,425.000,-1,450.000,-1,350.000,350.000,325.000,325.000,-1,-1,-1,-1,-1,-1,-1,-1,2,0,2,0,2,0,0,0,0,2,2,2,2,2,2,2,2
78,8808.418,-8212.271,-134.669,-39.892,0.759882,0.640905,-0.108722,-0.640486,0.766744,0.043375,0.111161,0.036675,0.993125,0,0.67861,-0.94094,40.717,-1.882,-1,425.000,-1,450.000,-1,350.000,350.000,325.000,325.000,-1,-1,-1,-1,-1,-1,-1,-1,2,0,2,0,2,0,0,0,0,2,2,2,2,2,2,2,2
79,8838.781,-8239.393,-130.558,-41.776,0.738723,0.665664,-0.105733,-0.665707,0.745136,0.040077,0.105463,0.040781,0.993587,0,0.67857,-0.94217,40.714,-1.884,-1,425.000,-1,450.000,-1,350.000,350.000,325.000,325.000,-1,-1,-1,-1,-1,-1,-1,-1,2,0,2,0,2,0,0,0,0,2,2,2,2,2,2,2,2
80,8868.240,-8267.505,-126.598,-43.663,0.716689,0.689714,-0.103206,-0.690219,0.722679,0.036525,0.099776,0.045058,0.993989,0,0.67868,-0.94357,40.721,-1.887,-1,425.000,-1,450.000,-1,350.000,350.000,300.000,325.000,-1,-1,-1,-1,-1,-1,-1,-1,2,0,2,0,2,0,0,0,0,2,2,2,2,2,2,2,2
81,8896.768,-8296.586,-122.805,-45.553,0.693828,0.713044,-0.100849,-0.713956,0.699405,0.033158,0.094177,0.048996,0.994349,0,0.67897,-0.94513,40.738,-1.890,-1,425.000,-1,450.000,-1,350.000,350.000,300.000,300.000,-1,-1,-1,-1,-1,1000.000,-1,-1,2,0,2,0,2,0,0,0,0,2,2,2,2,2,0,2,2
82,8924.339,-8326.616,-119.330,-47.447,0.670152,0.735655,-0.098527,-0.736850,0.675357,0.030739,0.089154,0.052000,0.994660,0,0.67945,-0.94686,40.767,-1.894,-1,425.000,-1,425.000,-1,350.000,350.000,300.000,300.000,-1,-1,-1,-1,-1,1000.000,-1,-1,2,0,2,0,2,0,0,0,0,2,2,2,2,2,0,2,2
83,8950.926,-8357.573,-115.956,-49.344,0.645692,0.757494,-0.096358,-0.758963,0.650525,0.028147,0.084005,0.054958,0.994949,0,0.68011,-0.94875,40.807,-1.897,-1,425.000,-1,425.000,-1,350.000,350.000,300.000,300.000,-1,-1,-1,-1,-1,950.000,-1,-1,2,0,2,0,2,0,0,0,0,2,2,2,2,2,0,2,2
84,8976.504,-8389.435,-112.684,-51.246,0.620468,0.778534,-0.094361,-0.780269,0.624928,0.025396,0.078740,0.057869,0.995214,0,0.68098,-0.95078,40.859,-1.902,-1,425.000,-1,425.000,-1,350.000,350.000,300.000,300.000,-1,-1,-1,-1,-1,925.000,-1,-1,2,0,2,0,2,0,0,0,0,2,2,2,2,2,0,2,2
85,9001.110,-8422.260,-109.509,-53.146,0.594586,0.798688,-0.092550,-0.800677,0.598673,0.022492,0.073371,0.060729,0.995454,0,0.68372,-0.94989,41.023,-1.900,-1,425.000,-1,425.000,-1,350.000,350.000,275.000,300.000,-1,-1,-1,-1,-1,900.000,-1,-1,2,0,2,0,2,0,0,0,0,2,2,2,2,2,0,2,2
86,9024.702,-8456.004,-106.448,-55.043,0.568087,0.817926,-0.090958,-0.820164,0.571799,0.019398,0.067876,0.063580,0.995666,0,0.68622,-0.94870,41.173,-1.897,-1,425.000,-1,425.000,-1,350.000,350.000,275.000,300.000,-1,-1,-1,-1,1000.000,875.000,-1,-1,2,0,2,0,2,0,0,0,0,2,2,2,2,0,0,2,2
87,9047.244,-8490.629,-103.534,-56.938,0.541014,0.836222,-0.089647,-0.838712,0.544341,0.016007,0.062184,0.066528,0.995845,0,0.68859,-0.94729,41.316,-1.895,-1,425.000,-1,425.000,-1,325.000,325.000,275.000,300.000,-1,-1,-1,-1,975.000,850.000,-1,-1,2,0,2,0,2,0,0,0,0,2,2,2,2,0,0,2,2
88,9068.699,-8526.093,-100.728,-58.829,0.513403,0.853563,-0.088582,-0.856290,0.516343,0.012527,0.056431,0.069420,0.995990,0,0.69081,-0.94567,41.449,-1.891,-1,425.000,-1,400.000,-1,325.000,325.000,300.000,300.000,-1,-1,-1,-1,950.000,825.000,-1,-1,2,0,2,0,2,0,0,0,0,2,2,2,2,0,0,2,2
89,9089.035,-8562.352,-98.034,-60.717,0.485296,0.869933,-0.087774,-0.872883,0.487848,0.008979,0.050631,0.072259,0.996100,0,0.69286,-0.94384,41.572,-1.888,-1,425.000,-1,400.000,-1,325.000,325.000,300.000,300.000,-1,-1,-1,-1,925.000,775.000,-1,-1,2,0,2,0,2,0,0,0,0,2,2,2,2,0,0,2,2
90,9108.219,-8599.359,-95.454,-62.600,0.456735,0.885315,-0.087232,-0.888474,0.458896,0.005387,0.044799,0.075043,0.996173,0,0.69472,-0.94180,41.683,-1.884,-1,425.000,-1,400.000,-1,325.000,325.000,325.000,300.000,-1,-1,-1,-1,900.000,750.000,-1,-1,2,0,2,0,2,0,0,0,0,2,2,2,2,0,0,2,2
91,9126.220,-8637.065,-93.491,-64.480,0.427695,0.899838,-0.085843,-0.903012,0.429595,0.004097,0.040564,0.075765,0.996300,0,0.69637,-0.93956,41.782,-1.879,-1,425.000,-1,400.000,-1,325.000,325.000,325.000,300.000,-1,-1,-1,-1,900.000,750.000,-1,-1,2,0,2,0,2,0,0,0,0,2,2,2,2,0,0,2,2
92,9143.012,-8675.419,-91.884,-66.354,0.398292,0.913427,-0.083757,-0.916534,0.399944,0.003248,0.036465,0.075473,0.996481,0,0.69779,-0.93712,41.868,-1.874,-1,425.000,-1,400.000,-1,325.000,325.000,325.000,300.000,-1,-1,-1,-1,850.000,725.000,-1,-1,2,0,2,0,2,0,0,0,0,2,2,2,2,0,0,2,2
93,9158.571,-8714.366,-90.430,-68.223,0.368543,0.926018,-0.081653,-0.929047,0.369955,0.002336,0.032371,0.074998,0.996658,0,0.69897,-0.93449,41.938,-1.869,-1,425.000,-1,400.000,-1,325.000,325.000,325.000,300.000,-1,-1,-1,-1,825.000,725.000,-1,-1,2,0,2,0,2,0,0,0,0,2,2,2,2,0,0,2,2
94,9172.873,-8753.849,-89.086,-70.086,0.338472,0.937592,-0.079738,-0.940547,0.339661,0.001430,0.028425,0.074513,0.996815,0,0.69988,-0.93168,41.993,-1.863,-1,400.000,-1,400.000,-1,325.000,325.000,325.000,300.000,-1,-1,-1,-1,800.000,700.000,-1,-1,2,0,2,0,2,0,0,0,0,2,2,2,2,0,0,2,2
95,9185.900,-8793.812,-87.856,-71.944,0.308123,0.948144,-0.077999,-0.951028,0.309104,0.000543,0.024624,0.074012,0.996953,0,0.70052,-0.92871,42.031,-1.857,-1,400.000,-1,400.000,-1,325.000,325.000,325.000,300.000,-1,-1,-1,-1,775.000,675.000,-1,-1,2,0,2,0,2,0,0,0,0,2,2,2,2,0,0,2,2
96,9197.635,-8834.195,-86.874,-73.795,0.277495,0.957636,-0.077000,-0.960490,0.278316,-0.000076,0.021358,0.073979,0.997031,0,0.70087,-0.92558,42.052,-1.851,-1,400.000,-1,400.000,-1,325.000,325.000,325.000,300.000,-1,-1,-1,-1,750.000,675.000,-1,-1,2,0,2,0,2,0,0,0,0,2,2,2,2,0,0,2,2
97,9209.440,-8879.536,-85.914,-75.406,0.250611,0.965103,-0.075957,-0.967913,0.251285,-0.000706,0.018406,0.073696,0.997111,0,0.78087,-0.80558,46.852,-1.611,-1,400.000,-1,375.000,-1,325.000,325.000,325.000,300.000,-1,-1,-1,-1,725.000,650.000,-1,-1,2,0,2,0,2,0,0,0,0,2,2,2,2,0,0,2,2
98,9221.019,-8928.816,-84.991,-76.777,0.227586,0.970876,-0.074858,-0.973630,0.228128,-0.001342,0.015774,0.073189,0.997193,0,0.84368,-0.68558,50.621,-1.371,-1,400.000,-1,375.000,-1,325.000,325.000,325.000,300.000,-1,-1,-1,-1,725.000,650.000,-1,-1,2,0,2,0,2,0,0,0,0,2,2,2,2,0,0,2,2
99,9231.619,-8978.301,-84.162,-77.908,0.208497,0.975235,-0.073795,-0.977929,0.208927,-0.001934,0.013531,0.072570,0.997272,0,0.84345,-0.56558,50.607,-1.131,-1,400.000,-1,375.000,-1,325.000,300.000,325.000,300.000,-1,-1,-1,-1,700.000,625.000,-1,-1,2,0,2,0,2,0,0,0,0,2,2,2,2,0,0,2,2
100,9241.443,-9027.921,-83.410,-78.799,0.193408,0.978417,-0.072757,-0.981049,0.193743,-0.002488,0.011661,0.071860,0.997347,0,0.84305,-0.44558,50.583,-0.891,-1,375.000,-1,375.000,-1,300.000,300.000,325.000,300.000,-1,-1,-1,-1,675.000,625.000,-1,-1,2,0,2,0,2,0,0,0,0,2,2,2,2,0,0,2,2
101,9250.697,-9077.617,-82.719,-79.451,0.182364,0.980611,-0.071736,-0.983179,0.182621,-0.003010,0.010149,0.071078,0.997419,0,0.84250,-0.32558,50.550,-0.651,-1,375.000,-1,350.000,-1,300.000,300.000,325.000,300.000,-1,-1,-1,-1,650.000,600.000,-1,1000.000,2,0,2,0,2,0,0,0,0,2,2,2,2,0,0,2,0
102,9259.588,-9127.340,-82.074,-79.862,0.175395,0.981954,-0.070730,-0.984457,0.175590,-0.003502,0.008981,0.070245,0.997489,0,0.84185,-0.20558,50.511,-0.411,-1,375.000,-1,350.000,975.000,300.000,300.000,325.000,300.000,-1,-1,-1,-1,650.000,600.000,-1,950.000,2,0,2,0,0,0,0,0,0,2,2,2,2,0,0,2,0
103,9268.321,-9177.048,-81.172,-80.033,0.172438,0.982606,-0.068924,-0.984975,0.172679,-0.002493,0.009452,0.068318,0.997619,0,0.84115,-0.08558,50.469,-0.171,-1,350.000,-1,350.000,975.000,300.000,300.000,325.000,300.000,-1,-1,-1,-1,625.000,600.000,-1,925.000,2,0,2,0,0,0,0,0,0,2,2,2,2,0,0,2,0
104,9277.107,-9226.702,-80.016,-79.964,0.173541,0.982596,-0.066250,-0.984764,0.173894,-0.000446,0.011082,0.065318,0.997803,0,0.84042,0.03442,50.425,0.069,1000.000,350.000,-1,350.000,975.000,300.000,300.000,325.000,325.000,-1,-1,-1,-1,625.000,600.000,-1,925.000,1,0,2,0,0,0,0,0,0,2,2,2,2,0,0,2,0
105,9286.153,-9276.266,-78.413,-79.655,0.178626,0.981728,-0.065600,-0.983808,0.179203,0.002966,0.014668,0.064008,0.997842,0,0.83972,0.15442,50.383,0.309,1000.000,350.000,-1,350.000,1000.000,300.000,300.000,325.000,325.000,-1,-1,-1,-1,625.000,600.000,-1,950.000,1,0,2,0,0,0,0,0,0,2,2,2,2,0,0,2,0
106,9295.668,-9325.702,-76.655,-79.106,0.187773,0.980021,-0.065581,-0.982029,0.188609,0.006744,0.018978,0.063136,0.997824,0,0.83906,0.27442,50.343,0.549,975.000,350.000,-1,350.000,-1,300.000,300.000,325.000,325.000,-1,-1,-1,-1,650.000,600.000,-1,975.000,1,0,2,0,2,0,0,0,0,2,2,2,2,0,0,2,0
107,9305.854,-9374.968,-74.874,-78.318,0.200997,0.977394,-0.065580,-0.979309,0.202097,0.010512,0.023528,0.062110,0.997792,0,0.83847,0.39442,50.308,0.789,950.000,375.000,-1,350.000,-1,300.000,300.000,325.000,325.000,-1,-1,-1,-1,650.000,600.000,-1,-1,1,0,2,0,2,0,0,0,0,2,2,2,2,0,0,2,2
108,9316.917,-9424.015,-73.056,-77.289,0.218265,0.973679,-0.065645,-0.975479,0.219630,0.014260,0.028303,0.060923,0.997741,0,0.83799,0.51442,50.280,1.029,925.000,375.000,-1,350.000,-1,300.000,300.000,325.000,325.000,-1,-1,-1,-1,650.000,625.000,-1,-1,1,0,2,0,2,0,0,0,0,2,2,2,2,0,0,2,2
109,9329.059,-9472.785,-71.210,-76.020,0.239522,0.968661,-0.065766,-0.970318,0.241157,0.018049,0.033344,0.059490,0.997672,0,0.83764,0.63442,50.258,1.269,900.000,375.000,-1,350.000,-1,300.000,300.000,325.000,325.000,-1,650.000,-1,-1,650.000,625.000,-1,-1,1,0,2,0,2,0,0,0,0,2,0,2,2,0,0,2,2
110,9341.300,-9517.700,-69.457,-74.754,0.260641,0.963176,-0.066015,-0.964684,0.262526,0.021552,0.038089,0.058067,0.997586,0,0.77589,0.63313,46.553,1.266,875.000,375.000,-1,350.000,-1,300.000,300.000,325.000,300.000,-1,475.000,700.000,-1,675.000,625.000,-1,-1,1,0,2,0,2,0,0,0,0,2,0,0,2,0,0,2,2
111,9354.531,-9562.324,-67.654,-73.485,0.281675,0.957207,-0.066432,-0.958555,0.283808,0.025023,0.042806,0.056630,0.997477,0,0.77573,0.63426,46.544,1.269,825.000,375.000,-1,375.000,-1,300.000,300.000,325.000,300.000,-1,375.000,500.000,-1,675.000,625.000,-1,-1,1,0,2,0,2,0,0,0,0,2,0,0,2,0,0,2,2
112,9368.744,-9606.632,-65.803,-72.214,0.302610,0.950755,-0.067021,-0.951930,0.304990,0.028453,0.047493,0.055189,0.997346,0,0.77554,0.63535,46.533,1.271,800.000,375.000,-1,375.000,-1,300.000,300.000,325.000,300.000,-1,325.000,425.000,-1,675.000,625.000,-1,-1,1,0,2,0,2,0,0,0,0,2,0,0,2,0,0,2,2
113,9383.933,-9650.601,-63.904,-70.942,0.323433,0.943820,-0.067787,-0.944813,0.326060,0.031832,0.052147,0.053751,0.997192,0,0.77531,0.63642,46.519,1.273,775.000,375.000,-1,375.000,-1,300.000,300.000,350.000,300.000,-1,300.000,375.000,-1,675.000,625.000,975.000,-1,1,0,2,0,2,0,0,0,0,2,0,0,2,0,0,1,2
114,9400.092,-9694.207,-61.958,-69.667,0.344130,0.936403,-0.068734,-0.937204,0.347005,0.035149,0.056764,0.052322,0.997016,0,0.77505,0.63745,46.503,1.275,750.000,375.000,-1,375.000,-1,300.000,300.000,325.000,300.000,-1,275.000,325.000,-1,700.000,650.000,950.000,-1,1,0,2,0,2,0,0,0,0,2,0,0,2,0,0,1,2
115,9417.211,-9737.425,-59.721,-68.390,0.364788,0.928548,-0.068765,-0.929114,0.367829,0.038057,0.060631,0.050008,0.996907,0,0.77475,0.63844,46.485,1.277,700.000,375.000,-1,375.000,-1,300.000,300.000,325.000,300.000,-1,250.000,325.000,-1,700.000,650.000,900.000,-1,1,0,2,0,2,0,0,0,0,2,0,0,2,0,0,1,2
116,9435.281,-9780.232,-56.979,-67.111,0.385469,0.920284,-0.067017,-0.920538,0.388534,0.040630,0.063430,0.046030,0.996924,0,0.77441,0.63939,46.465,1.279,675.000,375.000,-1,375.000,-1,300.000,300.000,325.000,300.000,-1,275.000,350.000,-1,700.000,650.000,825.000,-1,1,0,2,0,2,0,0,0,0,2,0,0,2,0,0,1,2
117,9454.293,-9822.604,-53.957,-65.830,0.406005,0.911563,-0.064909,-0.911420,0.409091,0.044243,0.066884,0.041196,0.996910,0,0.77404,0.64031,46.442,1.281,625.000,375.000,-1,375.000,-1,300.000,300.000,325.000,300.000,-1,275.000,350.000,-1,700.000,650.000,775.000,-1,1,0,2,0,2,0,0,0,0,2,0,0,2,0,0,1,2
118,9474.239,-9864.519,-50.890,-64.548,0.426379,0.902348,-0.063003,-0.901810,0.429470,0.047906,0.070286,0.036391,0.996863,0,0.77363,0.64119,46.418,1.282,600.000,375.000,-1,375.000,-1,300.000,300.000,325.000,300.000,-1,300.000,375.000,-1,700.000,675.000,725.000,-1,1,0,2,0,2,0,0,0,0,2,0,0,2,1,0,1,2
119,9495.771,-9907.335,-47.680,-63.299,0.446026,0.892922,-0.061244,-0.891980,0.449105,0.051739,0.073704,0.031551,0.996781,0,0.79876,0.62431,47.925,1.249,550.000,375.000,-1,375.000,-1,300.000,300.000,300.000,300.000,-1,300.000,375.000,-1,675.000,700.000,675.000,-1,1,0,2,0,2,0,0,0,0,2,0,0,2,1,0,1,2
120,9518.265,-9949.726,-44.042,-62.046,0.465513,0.882972,-0.060479,-0.881785,0.468573,0.053806,0.075848,0.028282,0.996718,0,0.79982,0.62662,47.989,1.253,525.000,375.000,-1,375.000,-1,300.000,300.000,300.000,300.000,-1,325.000,425.000,-1,650.000,725.000,625.000,-1,1,0,2,0,2,0,0,0,0,2,0,0,2,1,0,1,2
121,9541.714,-9991.664,-40.222,-60.788,0.484839,0.872535,-0.060110,-0.871162,0.487880,0.055227,0.077514,0.025589,0.996663,0,0.80081,0.62900,48.049,1.258,475.000,375.000,-1,375.000,-1,300.000,300.000,300.000,300.000,-1,375.000,475.000,-1,625.000,725.000,575.000,-1,1,0,2,0,2,0,0,0,0,2,0,0,2,1,0,1,2
122,9566.110,-10033.124,-36.321,-59.525,0.503981,0.861623,-0.060076,-0.860068,0.507022,0.056670,0.079288,0.023109,0.996584,0,0.80174,0.63143,48.104,1.263,450.000,375.000,-1,375.000,-1,300.000,300.000,300.000,300.000,-1,400.000,525.000,-1,600.000,750.000,550.000,-1,1,0,2,0,2,0,0,0,0,2,0,0,2,1,0,1,2
123,9591.444,-10074.076,-32.288,-58.257,0.522897,0.850231,-0.060717,-0.848506,0.525986,0.058109,0.081343,0.021133,0.996462,0,0.80258,0.63393,48.155,1.268,400.000,375.000,-1,375.000,-1,300.000,300.000,300.000,300.000,-1,450.000,550.000,-1,575.000,750.000,500.000,-1,1,0,2,0,2,0,0,0,0,2,0,0,2,1,0,1,2
124,9617.706,-10114.494,-28.232,-56.984,0.541633,0.838369,-0.061418,-0.836475,0.544767,0.059487,0.083331,0.019154,0.996338,0,0.80334,0.63651,48.200,1.273,375.000,375.000,-1,375.000,-1,325.000,300.000,300.000,300.000,-1,475.000,600.000,-1,550.000,775.000,450.000,-1,1,0,2,0,2,0,0,0,0,2,0,0,2,1,0,1,2
125,9644.886,-10154.348,-24.155,-55.706,0.560177,0.826036,-0.062176,-0.823975,0.563355,0.060799,0.085249,0.017174,0.996212,0,0.80400,0.63916,48.240,1.278,350.000,375.000,-1,375.000,-1,325.000,300.000,300.000,300.000,-1,525.000,625.000,-1,500.000,800.000,400.000,-1,1,1,2,0,2,0,0,0,0,2,0,0,2,1,0,1,2
126,9672.971,-10193.610,-20.059,-54.422,0.578518,0.813234,-0.062990,-0.811006,0.581739,0.062040,0.087097,0.015194,0.996084,0,0.80455,0.64189,48.273,1.284,300.000,375.000,-1,375.000,-1,325.000,325.000,300.000,300.000,-1,550.000,650.000,-1,475.000,800.000,375.000,-1,1,1,2,0,2,0,0,0,0,2,0,0,2,1,0,1,2
127,9701.949,-10232.252,-15.947,-53.133,0.596647,0.799959,-0.063855,-0.797568,0.599909,0.063208,0.088871,0.013215,0.995955,0,0.80499,0.64472,48.299,1.289,275.000,350.000,-1,375.000,-1,325.000,325.000,300.000,300.000,-1,600.000,700.000,-1,450.000,825.000,325.000,-1,1,1,2,0,2,0,0,1,0,2,0,0,2,1,0,1,2
128,9731.804,-10270.243,-11.801,-51.838,0.614561,0.786214,-0.064675,-0.783660,0.617854,0.064299,0.090512,0.011168,0.995833,0,0.80529,0.64764,48.318,1.295,250.000,325.000,-1,400.000,-1,325.000,325.000,300.000,300.000,-1,625.000,725.000,-1,425.000,825.000,275.000,-1,1,1,2,0,2,1,0,1,0,2,0,0,2,1,0,1,2
129,9762.521,-10307.553,-6.442,-50.536,0.631898,0.771973,-0.069015,-0.769303,0.635544,0.065243,0.094228,0.011867,0.995480,0,0.80546,0.65065,48.327,1.301,225.000,300.000,-1,400.000,-1,300.000,325.000,300.000,300.000,-1,600.000,675.000,-1,400.000,875.000,250.000,-1,1,1,2,0,2,1,0,1,0,2,0,0,2,1,1,1,2
130,9794.086,-10344.152,0.875,-49.229,0.647864,0.757162,-0.083535,-0.754603,0.652902,0.065517,0.104147,0.020590,0.994349,0,0.80547,0.65378,48.328,1.308,225.000,300.000,-1,425.000,-1,300.000,350.000,300.000,300.000,-1,425.000,425.000,-1,400.000,975.000,250.000,-1,1,1,2,0,2,1,0,1,0,2,0,0,2,1,0,1,2
131,9826.478,-10380.009,8.217,-47.915,0.663372,0.741827,-0.098133,-0.739552,0.669946,0.065074,0.114018,0.029406,0.993043,0,0.80532,0.65701,48.319,1.314,225.000,300.000,-1,450.000,-1,300.000,350.000,300.000,275.000,-1,350.000,300.000,-1,400.000,-1,250.000,-1,1,1,2,0,2,1,1,1,0,2,0,0,2,1,2,1,2
132,9859.675,-10415.096,15.578,-46.594,0.678417,0.725969,-0.112777,-0.724166,0.686659,0.063902,0.123831,0.038317,0.991563,0,0.80499,0.66036,48.299,1.321,225.000,300.000,-1,475.000,-1,275.000,350.000,300.000,275.000,-1,300.000,250.000,-1,400.000,-1,250.000,-1,1,1,2,1,2,1,1,1,0,2,0,0,2,1,2,1,2
133,9893.655,-10449.379,22.657,-45.266,0.693000,0.709552,-0.127621,-0.708618,0.702986,0.060592,0.132709,0.048444,0.989970,0,0.80447,0.66383,48.268,1.328,200.000,300.000,-1,475.000,-1,275.000,350.000,300.000,275.000,-1,300.000,200.000,-1,400.000,-1,250.000,-1,1,1,2,1,2,1,1,1,0,2,0,0,2,1,2,1,2
