timestep,x_cm,y_cm,z_cm,yaw_deg,basis_xx,basis_xy,basis_xz,basis_yx,basis_yy,basis_yz,basis_zx,basis_zy,basis_zz,teleport_flag,throttle_cmd,steering_cmd,cmd_move_cm,cmd_turn_deg,lidar_cm_0,lidar_cm_1,lidar_cm_2,lidar_cm_3,lidar_cm_4,lidar_cm_5,lidar_cm_6,lidar_cm_7,lidar_cm_8,lidar_cm_9,lidar_cm_10,lidar_cm_11,lidar_cm_12,lidar_cm_13,lidar_cm_14,lidar_cm_15,lidar_cm_16,lidar_class_0,lidar_class_1,lidar_class_2,lidar_class_3,lidar_class_4,lidar_class_5,lidar_class_6,lidar_class_7,lidar_class_8,lidar_class_9,lidar_class_10,lidar_class_11,lidar_class_12,lidar_class_13,lidar_class_14,lidar_class_15,lidar_class_16
0,6882.489,327.821,204.730,-178.272,-0.999017,0.030159,-0.032482,-0.030638,-0.999428,0.014348,-0.032030,0.015329,0.999369,1,0.08000,-0.12000,4.800,-0.240,-1,375.000,-1,400.000,-1,325.000,325.000,300.000,300.000,-1,700.000,625.000,-1,700.000,750.000,-1,-1,2,0,2,0,2,0,0,0,0,2,0,0,2,0,0,2,2
1,6872.891,327.612,204.412,-178.752,-0.999243,0.021785,-0.032225,-0.022262,-0.999647,0.014511,-0.031897,0.015217,0.999375,0,0.16000,-0.24000,9.600,-0.480,-1,375.000,-1,400.000,-1,325.000,325.000,300.000,300.000,-1,700.000,625.000,-1,700.000,750.000,-1,-1,2,0,2,0,2,0,0,0,0,2,0,0,2,0,0,2,2
2,6858.492,327.479,203.934,-179.472,-0.999450,0.009222,-0.031841,-0.009696,-0.999844,0.014743,-0.031700,0.015044,0.999384,0,0.24000,-0.36000,14.400,-0.720,-1,375.000,-1,400.000,-1,325.000,325.000,300.000,300.000,-1,700.000,650.000,-1,700.000,750.000,-1,-1,2,0,2,0,2,0,0,0,0,2,0,0,2,0,0,2,2
3,6839.293,327.624,203.290,-180.432,-0.999481,-0.007531,-0.031334,0.007063,-0.999862,0.015031,-0.031443,0.014802,0.999396,0,0.32000,-0.48000,19.200,-0.960,-1,375.000,-1,400.000,-1,325.000,325.000,300.000,300.000,-1,700.000,650.000,-1,700.000,750.000,-1,-1,2,0,2,0,2,0,0,0,0,2,0,0,2,0,0,2,2
4,6815.302,328.307,202.475,-181.632,-0.999123,-0.028469,-0.030708,0.028007,-0.999490,0.015355,-0.031129,0.014482,0.999410,0,0.40000,-0.60000,24.000,-1.200,-1,375.000,-1,400.000,-1,325.000,325.000,300.000,300.000,-1,700.000,675.000,-1,700.000,750.000,-1,-1,2,0,2,0,2,0,0,0,0,2,0,0,2,0,0,2,2
5,6786.544,329.850,201.484,-183.072,-0.998114,-0.053578,-0.029970,0.053125,-0.998465,0.015693,-0.030765,0.014072,0.999428,0,0.48000,-0.72000,28.800,-1.440,-1,375.000,-1,400.000,-1,325.000,325.000,300.000,300.000,-1,725.000,675.000,-1,700.000,750.000,-1,-1,2,0,2,0,2,0,0,0,0,2,0,0,2,0,0,2,2
6,6753.049,332.511,200.315,-184.541,-0.996436,-0.079164,-0.029132,0.078722,-0.996768,0.016030,-0.030307,0.013679,0.999447,0,0.56000,-0.73470,33.600,-1.469,-1,375.000,-1,400.000,-1,325.000,325.000,300.000,300.000,-1,725.000,700.000,-1,700.000,775.000,-1,-1,2,0,2,0,2,0,0,0,0,2,0,0,2,0,0,2,2
7,6714.860,336.531,198.963,-186.010,-0.994104,-0.104699,-0.028206,0.104267,-0.994415,0.016352,-0.029760,0.013314,0.999468,0,0.64000,-0.73470,38.400,-1.469,-1,375.000,-1,400.000,-1,325.000,325.000,300.000,300.000,-1,750.000,700.000,-1,725.000,775.000,-1,-1,2,0,2,0,2,0,0,0,0,2,0,0,2,0,0,2,2
8,6672.028,342.155,197.422,-187.480,-0.991119,-0.130165,-0.027200,0.129746,-0.991408,0.016647,-0.029133,0.012970,0.999491,0,0.72000,-0.73470,43.200,-1.469,-1,375.000,-1,400.000,-1,325.000,325.000,300.000,300.000,-1,750.000,700.000,-1,725.000,775.000,-1,-1,2,0,2,0,2,0,0,0,0,2,0,0,2,0,0,2,2
9,6624.612,349.622,195.687,-188.949,-0.987483,-0.155545,-0.026128,0.155140,-0.987748,0.016905,-0.028437,0.012640,0.999516,0,0.80000,-0.73470,48.000,-1.469,-1,375.000,-1,400.000,-1,325.000,325.000,300.000,300.000,-1,775.000,725.000,-1,725.000,775.000,-1,-1,2,0,2,0,2,0,0,0,0,2,0,0,2,0,0,2,2
10,6572.643,358.952,193.982,-190.179,-0.983938,-0.176700,-0.025359,0.176275,-0.984174,0.018142,-0.028164,0.013380,0.999514,0,0.88000,-0.61470,52.800,-1.229,-1,375.000,-1,400.000,-1,325.000,325.000,300.000,300.000,-1,800.000,750.000,-1,725.000,800.000,-1,-1,2,0,2,0,2,0,0,0,0,2,0,0,2,0,0,2,2
11,6516.134,370.109,192.220,-191.168,-0.980758,-0.193665,-0.024635,0.193211,-0.980960,0.019676,-0.027977,0.014538,0.999503,0,0.96000,-0.49470,57.600,-0.989,-1,400.000,-1,400.000,-1,325.000,325.000,300.000,300.000,-1,850.000,800.000,-1,725.000,800.000,-1,-1,2,0,2,0,2,0,0,0,0,2,0,0,2,0,0,2,2
12,6459.674,382.024,190.663,-191.917,-0.978145,-0.206477,-0.024485,0.206007,-0.978338,0.020409,-0.028169,0.014919,0.999492,0,0.96174,-0.37470,57.704,-0.749,-1,400.000,-1,400.000,-1,325.000,325.000,300.000,300.000,-1,925.000,850.000,-1,750.000,800.000,-1,-1,2,0,2,0,2,0,0,0,0,2,0,0,2,0,0,2,2
13,6403.321,394.442,189.098,-192.427,-0.976275,-0.215166,-0.024311,0.214681,-0.976457,0.021062,-0.028271,0.015343,0.999483,0,0.96174,-0.25470,57.704,-0.509,-1,400.000,-1,400.000,-1,325.000,325.000,300.000,300.000,-1,1000.000,925.000,-1,750.000,800.000,-1,-1,2,0,2,0,2,0,0,0,0,2,0,0,2,0,0,2,2
14,6347.028,407.124,187.509,-192.696,-0.975257,-0.219753,-0.024143,0.219253,-0.975426,0.021715,-0.028321,0.015884,0.999473,0,0.96174,-0.13470,57.704,-0.269,-1,400.000,-1,400.000,-1,325.000,325.000,300.000,300.000,-1,-1,975.000,-1,750.000,800.000,-1,-1,2,0,2,0,2,0,0,0,0,2,2,0,2,0,0,2,2
15,6290.741,419.835,185.901,-192.726,-0.975149,-0.220251,-0.023971,0.219735,-0.975303,0.022379,-0.028308,0.016555,0.999462,0,0.96174,-0.01470,57.704,-0.029,-1,400.000,-1,400.000,-1,325.000,325.000,300.000,300.000,-1,-1,-1,-1,750.000,800.000,-1,-1,2,0,2,0,2,0,0,0,0,2,2,2,2,0,0,2,2
16,6234.408,432.339,184.278,-192.515,-0.975957,-0.216661,-0.023789,0.216129,-0.976092,0.023062,-0.028217,0.017366,0.999451,0,0.96174,0.10530,57.704,0.211,-1,400.000,-1,400.000,-1,325.000,325.000,300.000,300.000,-1,-1,-1,-1,750.000,800.000,-1,-1,2,0,2,0,2,0,0,0,0,2,2,2,2,0,0,2,2
17,6177.978,444.400,182.643,-192.064,-0.977637,-0.208975,-0.023588,0.208425,-0.977749,0.023774,-0.028032,0.018326,0.999439,0,0.96174,0.22530,57.704,0.451,-1,400.000,-1,400.000,-1,325.000,325.000,300.000,300.000,-1,-1,-1,-1,750.000,800.000,-1,-1,2,0,2,0,2,0,0,0,0,2,2,2,2,0,0,2,2
18,6121.407,455.779,181.003,-191.374,-0.980091,-0.197171,-0.023364,0.196603,-0.980176,0.024521,-0.027735,0.019440,0.999426,0,0.96174,0.34530,57.704,0.691,-1,400.000,-1,400.000,-1,325.000,325.000,300.000,300.000,-1,-1,-1,-1,750.000,800.000,-1,-1,2,0,2,0,2,0,0,0,0,2,2,2,2,0,0,2,2
19,6064.659,466.238,179.364,-190.443,-0.983171,-0.181221,-0.023109,0.180636,-0.983224,0.025310,-0.027308,0.020710,0.999413,0,0.96174,0.46530,57.704,0.931,-1,400.000,-1,400.000,-1,325.000,325.000,300.000,300.000,-1,-1,-1,-1,750.000,800.000,-1,-1,2,0,2,0,2,0,0,0,0,2,2,2,2,0,0,2,2
20,6007.709,475.536,177.734,-189.273,-0.986676,-0.161091,-0.022821,0.160489,-0.986691,0.026147,-0.026729,0.022136,0.999398,0,0.96174,0.58530,57.704,1.171,-1,400.000,-1,400.000,-1,325.000,325.000,300.000,300.000,-1,-1,-1,-1,750.000,800.000,-1,-1,2,0,2,0,2,0,0,0,0,2,2,2,2,0,0,2,2
21,5950.547,483.429,176.124,-187.862,-0.990350,-0.136748,-0.022498,0.136130,-0.990322,0.027041,-0.025978,0.023718,0.999381,0,0.96174,0.70530,57.704,1.411,-1,400.000,-1,400.000,-1,325.000,325.000,300.000,300.000,-1,-1,-1,-1,750.000,800.000,-1,-1,2,0,2,0,2,0,0,0,0,2,2,2,2,0,0,2,2
22,5893.182,489.671,174.566,-186.211,-0.993881,-0.108161,-0.022408,0.107519,-0.993806,0.028110,-0.025309,0.025529,0.999354,0,0.96174,0.82530,57.704,1.651,-1,400.000,-1,400.000,-1,325.000,325.000,300.000,300.000,-1,-1,-1,-1,750.000,800.000,-1,-1,2,0,2,0,2,0,0,0,0,2,2,2,2,0,0,2,2
23,5835.627,494.020,173.109,-184.321,-0.996905,-0.075312,-0.022569,0.074649,-0.996791,0.028895,-0.024673,0.027121,0.999328,0,0.96199,0.94530,57.720,1.891,-1,400.000,-1,400.000,-1,325.000,325.000,300.000,300.000,-1,-1,-1,-1,750.000,800.000,-1,-1,2,0,2,0,2,0,0,0,0,2,2,2,2,0,0,2,2
24,5777.745,496.365,171.705,-182.321,-0.998922,-0.040477,-0.022718,0.039796,-0.998767,0.029665,-0.023890,0.028729,0.999302,0,0.96549,1.00000,57.929,2.000,-1,400.000,-1,400.000,-1,325.000,325.000,300.000,300.000,-1,-1,-1,-1,750.000,800.000,-1,-1,2,0,2,0,2,0,0,0,0,2,2,2,2,0,0,2,2
25,5719.596,496.690,170.349,-180.321,-0.999724,-0.005595,-0.022839,0.004898,-0.999524,0.030451,-0.022998,0.030331,0.999275,0,0.96917,1.00000,58.150,2.000,-1,400.000,-1,400.000,-1,325.000,325.000,300.000,300.000,-1,-1,-1,-1,775.000,800.000,-1,-1,2,0,2,0,2,0,0,0,0,2,2,2,2,0,0,2,2
26,5661.239,494.978,169.047,-178.321,-0.999308,0.029290,-0.022938,-0.030000,-0.999061,0.031246,-0.022002,0.031912,0.999248,0,0.97303,1.00000,58.382,2.000,-1,400.000,-1,400.000,-1,325.000,325.000,300.000,300.000,-1,-1,-1,-1,775.000,800.000,-1,-1,2,0,2,0,2,0,0,0,0,2,2,2,2,0,0,2,2
27,5602.735,491.215,167.806,-176.321,-0.997676,0.064135,-0.023022,-0.064856,-0.997380,0.032041,-0.020906,0.033460,0.999221,0,0.97709,1.00000,58.625,2.000,-1,400.000,-1,400.000,-1,325.000,325.000,300.000,300.000,-1,-1,-1,-1,775.000,800.000,-1,-1,2,0,2,0,2,0,0,0,0,2,2,2,2,0,0,2,2
28,5549.153,486.113,166.724,-174.561,-0.995235,0.094733,-0.023091,-0.095461,-0.994894,0.032764,-0.019870,0.034812,0.999196,0,0.89709,0.88000,53.825,1.760,-1,400.000,-1,400.000,-1,325.000,325.000,300.000,300.000,-1,-1,-1,-1,775.000,775.000,-1,-1,2,0,2,0,2,0,0,0,0,2,2,2,2,0,0,2,2
29,5500.489,480.172,165.789,-173.041,-0.992372,0.121085,-0.023153,-0.121818,-0.991990,0.033411,-0.018922,0.035977,0.999173,0,0.81709,0.76000,49.025,1.520,-1,400.000,-1,400.000,-1,325.000,325.000,300.000,300.000,-1,-1,-1,-1,775.000,775.000,-1,-1,2,0,2,0,2,0,0,0,0,2,2,2,2,0,0,2,2
30,5454.942,473.576,164.953,-171.761,-0.989420,0.143209,-0.023214,-0.143946,-0.989001,0.034006,-0.018088,0.036988,0.999152,0,0.76704,0.64000,46.022,1.280,-1,400.000,-1,400.000,-1,325.000,325.000,300.000,300.000,-1,-1,-1,-1,800.000,775.000,-1,-1,2,0,2,0,2,0,0,0,0,2,2,2,2,0,0,2,2
31,5409.317,466.121,164.150,-170.721,-0.986658,0.161131,-0.023284,-0.161873,-0.986205,0.034592,-0.017389,0.037899,0.999130,0,0.77050,0.52000,46.230,1.040,-1,400.000,-1,400.000,-1,325.000,325.000,300.000,300.000,-1,-1,-1,-1,800.000,775.000,-1,-1,2,0,2,0,2,0,0,0,0,2,2,2,2,0,0,2,2
32,5363.601,457.995,163.375,-169.921,-0.984313,0.174879,-0.023367,-0.175628,-0.983828,0.035165,-0.016839,0.038718,0.999108,0,0.77388,0.40000,46.433,0.800,-1,400.000,-1,400.000,-1,325.000,325.000,300.000,300.000,-1,-1,-1,-1,800.000,775.000,-1,-1,2,0,2,0,2,0,0,0,0,2,2,2,2,0,0,2,2
33,5317.780,449.363,162.624,-169.332,-0.982464,0.184971,-0.023462,-0.185727,-0.981952,0.035726,-0.016431,0.039457,0.999086,0,0.77712,0.29428,46.627,0.589,-1,400.000,-1,400.000,-1,325.000,325.000,300.000,300.000,-1,-1,-1,-1,800.000,775.000,-1,-1,2,0,2,0,2,0,0,0,0,2,2,2,2,0,0,2,2
34,5271.872,440.219,161.886,-168.736,-0.980485,0.195171,-0.023609,-0.195938,-0.979944,0.036300,-0.016050,0.040218,0.999062,0,0.78017,0.29807,46.810,0.596,-1,400.000,-1,400.000,-1,325.000,325.000,300.000,300.000,-1,-1,-1,-1,825.000,800.000,-1,-1,2,0,2,0,2,0,0,0,0,2,2,2,2,0,0,2,2
35,5225.888,430.556,161.140,-168.132,-0.978370,0.205481,-0.023882,-0.206263,-0.977798,0.036957,-0.015758,0.041083,0.999031,0,0.78315,0.30193,46.989,0.604,-1,400.000,-1,400.000,-1,325.000,325.000,300.000,300.000,-1,-1,-1,-1,825.000,800.000,-1,-1,2,0,2,0,2,0,0,0,0,2,2,2,2,0,0,2,2
36,5179.840,420.364,160.389,-167.520,-0.976118,0.215903,-0.024082,-0.216696,-0.975518,0.037528,-0.015390,0.041850,0.999005,0,0.78604,0.30588,47.163,0.612,-1,400.000,-1,400.000,-1,325.000,325.000,300.000,300.000,-1,-1,-1,-1,825.000,800.000,-1,-1,2,0,2,0,2,0,0,0,0,2,2,2,2,0,0,2,2
37,5133.740,409.637,159.493,-166.901,-0.973715,0.226442,-0.024555,-0.227246,-0.973121,0.037346,-0.015438,0.041944,0.999001,0,0.78885,0.30993,47.331,0.620,-1,400.000,-1,400.000,-1,325.000,325.000,300.000,300.000,-1,-1,-1,-1,850.000,800.000,-1,-1,2,0,2,0,2,0,0,0,0,2,2,2,2,0,0,2,2
38,5089.458,398.629,158.652,-166.041,-0.970198,0.241019,-0.025027,-0.241830,-0.969608,0.037124,-0.015319,0.042070,0.998997,0,0.76050,0.42993,45.630,0.860,-1,400.000,-1,400.000,-1,325.000,325.000,300.000,300.000,-1,-1,-1,-1,850.000,800.000,-1,-1,2,0,2,0,2,0,0,0,0,2,2,2,2,0,0,2,2
39,5045.235,386.730,157.843,-164.941,-0.965384,0.259584,-0.025506,-0.260401,-0.964796,0.036868,-0.015037,0.042233,0.998995,0,0.76327,0.54993,45.796,1.100,-1,400.000,-1,400.000,-1,325.000,325.000,300.000,300.000,-1,-1,-1,-1,850.000,775.000,-1,-1,2,0,2,0,2,0,0,0,0,2,2,2,2,0,0,2,2
40,5001.132,373.751,157.074,-163.601,-0.959042,0.282071,-0.025988,-0.282889,-0.958455,0.036570,-0.014593,0.042423,0.998993,0,0.76622,0.66993,45.973,1.340,-1,400.000,-1,400.000,-1,325.000,325.000,300.000,300.000,-1,-1,-1,-1,850.000,775.000,-1,-1,2,0,2,0,2,0,0,0,0,2,2,2,2,0,0,2,2
41,4957.221,359.501,156.353,-162.021,-0.950893,0.308386,-0.026470,-0.309204,-0.950306,0.036220,-0.013985,0.042626,0.998993,0,0.76942,0.78993,46.165,1.580,-1,400.000,-1,400.000,-1,325.000,325.000,300.000,300.000,-1,-1,-1,-1,-1,775.000,-1,-1,2,0,2,0,2,0,0,0,0,2,2,2,2,2,0,2,2
42,4913.588,343.793,155.689,-160.201,-0.940614,0.338406,-0.026947,-0.339220,-0.940025,0.035812,-0.013212,0.042827,0.998995,0,0.77291,0.90993,46.375,1.820,-1,400.000,-1,400.000,-1,325.000,325.000,300.000,300.000,-1,-1,-1,-1,-1,800.000,-1,-1,2,0,2,0,2,0,0,0,0,2,2,2,2,2,0,2,2
43,4870.317,326.487,155.090,-158.201,-0.928226,0.371004,-0.027417,-0.371811,-0.927636,0.035333,-0.012324,0.042991,0.998999,0,0.77674,1.00000,46.605,2.000,-1,400.000,-1,400.000,-1,325.000,325.000,300.000,300.000,-1,-1,-1,-1,-1,800.000,-1,-1,2,0,2,0,2,0,0,0,0,2,2,2,2,2,0,2,2
44,4827.448,307.580,154.555,-156.201,-0.914709,0.403151,-0.027885,-0.403951,-0.914120,0.034767,-0.011474,0.043066,0.999006,0,0.78088,1.00000,46.853,2.000,-1,400.000,-1,400.000,-1,325.000,325.000,300.000,300.000,-1,-1,-1,-1,-1,800.000,-1,-1,2,0,2,0,2,0,0,0,0,2,2,2,2,2,0,2,2
45,4785.037,287.079,154.086,-154.201,-0.900077,0.434808,-0.028346,-0.435600,-0.899494,0.034105,-0.010668,0.043045,0.999016,0,0.78512,1.00000,47.107,2.000,-1,400.000,-1,400.000,-1,325.000,325.000,300.000,300.000,-1,-1,-1,-1,-1,825.000,-1,-1,2,0,2,0,2,0,0,0,0,2,2,2,2,2,0,2,2
46,4743.136,264.988,153.679,-152.201,-0.884350,0.465937,-0.028789,-0.466720,-0.883775,0.033371,-0.009894,0.042948,0.999028,0,0.78946,1.00000,47.368,2.000,-1,400.000,-1,400.000,-1,325.000,325.000,300.000,300.000,-1,-1,-1,-1,-1,825.000,-1,-1,2,0,2,0,2,0,0,0,0,2,2,2,2,2,0,2,2
47,4701.801,241.316,153.166,-150.201,-0.867534,0.496486,-0.029764,-0.497288,-0.866959,0.032968,-0.009437,0.043402,0.999013,0,0.79390,1.00000,47.634,2.000,-1,400.000,-1,400.000,-1,325.000,325.000,300.000,300.000,-1,-1,-1,-1,-1,850.000,-1,-1,2,0,2,0,2,0,0,0,0,2,2,2,2,2,0,2,2
48,4661.087,216.073,152.676,-148.201,-0.849657,0.526428,-0.030914,-0.527256,-0.849084,0.032527,-0.009125,0.043936,0.998993,0,0.79842,1.00000,47.905,2.000,-1,425.000,-1,400.000,-1,325.000,325.000,300.000,300.000,-1,-1,-1,-1,-1,850.000,-1,-1,2,1,2,0,2,0,0,0,0,2,2,2,2,2,0,2,2
49,4621.049,189.271,152.166,-146.201,-0.830736,0.555721,-0.032422,-0.556592,-0.830166,0.032092,-0.009081,0.044705,0.998959,0,0.80302,1.00000,48.181,2.000,-1,-1,-1,400.000,-1,325.000,325.000,300.000,300.000,-1,-1,-1,-1,-1,875.000,-1,-1,2,2,2,0,2,0,0,0,0,2,2,2,2,2,0,2,2
50,4581.743,160.924,151.692,-144.201,-0.810799,0.584333,-0.034051,-0.585253,-0.810236,0.031558,-0.009149,0.045516,0.998922,0,0.80770,1.00000,48.462,2.000,-1,-1,-1,400.000,-1,325.000,325.000,300.000,300.000,-1,-1,-1,-1,-1,875.000,-1,-1,2,2,2,0,2,0,0,0,0,2,2,2,2,2,0,2,2
51,4543.226,131.048,151.254,-142.201,-0.789869,0.612230,-0.035797,-0.613205,-0.789319,0.030915,-0.009328,0.046370,0.998881,0,0.81243,1.00000,48.746,2.000,-1,-1,-1,400.000,-1,325.000,325.000,300.000,300.000,-1,-1,-1,-1,-1,875.000,-1,-1,2,2,2,0,2,0,0,1,0,2,2,2,2,2,0,2,2
52,4505.554,99.662,150.852,-140.201,-0.767971,0.639377,-0.037651,-0.640413,-0.767439,0.030153,-0.009616,0.047269,0.998836,0,0.81723,1.00000,49.034,2.000,-1,-1,-1,425.000,-1,525.000,325.000,300.000,300.000,-1,-1,-1,-1,-1,975.000,-1,-1,2,2,2,0,2,1,0,1,0,2,2,2,2,2,1,2,2
53,4468.780,66.791,147.634,-138.201,-0.744907,0.666071,-0.038239,-0.666908,-0.744994,0.014782,-0.018643,0.036513,0.999159,0,0.82206,1.00000,49.323,2.000,-1,-1,-1,400.000,-1,675.000,325.000,275.000,300.000,-1,-1,-1,-1,-1,-1,-1,-1,2,2,2,0,2,1,0,1,0,2,2,2,2,2,2,2,2
54,4432.965,32.455,142.591,-136.201,-0.720940,0.692013,-0.036920,-0.692174,-0.721657,-0.010299,-0.033771,0.018130,0.999265,0,0.82692,1.00000,49.615,2.000,-1,-1,-1,375.000,-1,725.000,300.000,250.000,325.000,-1,-1,-1,-1,-1,-1,-1,-1,2,2,2,0,2,1,0,1,0,2,2,2,2,2,2,2,2
55,4398.169,-3.324,137.137,-134.201,-0.696370,0.716894,-0.033654,-0.715908,-0.697179,-0.037646,-0.050451,-0.002122,0.998724,0,0.83178,1.00000,49.907,2.000,-1,-1,-1,325.000,-1,750.000,350.000,200.000,325.000,-1,-1,-1,-1,-1,-1,-1,-1,2,2,2,0,2,1,1,1,0,2,2,2,2,2,2,2,2
56,4364.453,-40.518,131.295,-132.201,-0.671385,0.740573,-0.028192,-0.737929,-0.671540,-0.067036,-0.068578,-0.024203,0.997352,0,0.83664,1.00000,50.198,2.000,-1,-1,-1,400.000,-1,750.000,450.000,175.000,350.000,-1,-1,-1,-1,-1,-1,-1,-1,2,2,2,1,2,1,1,1,0,2,2,2,2,2,2,2,2
57,4331.875,-79.093,125.074,-130.201,-0.646196,0.762901,-0.020318,-0.758085,-0.644730,-0.098131,-0.087964,-0.048009,0.994966,0,0.84146,1.00000,50.488,2.000,-1,-1,-1,475.000,-1,750.000,500.000,150.000,375.000,-1,-1,-1,-1,-1,1000.000,-1,-1,2,2,2,1,2,1,1,1,0,2,2,2,2,2,1,2,2
58,4300.495,-119.014,118.389,-128.201,-0.621006,0.783743,-0.009958,-0.776314,-0.616773,-0.130108,-0.108113,-0.073067,0.991450,0,0.84622,1.00000,50.773,2.000,-1,-1,-1,550.000,-1,725.000,550.000,125.000,425.000,-1,-1,-1,-1,-1,975.000,-1,-1,2,2,2,1,2,1,1,1,0,2,2,2,2,2,1,2,2
59,6887.271,-6231.358,131.326,114.348,-0.409061,-0.910348,-0.062731,0.910181,-0.411958,0.043133,-0.065109,-0.039453,0.997098,1,0.00000,0.00000,51.053,2.000,-1,375.000,-1,400.000,-1,325.000,325.000,300.000,300.000,-1,-1,-1,-1,675.000,700.000,-1,-1,2,0,2,0,2,0,0,0,0,2,2,2,2,0,0,2,2
60,6885.311,-6226.976,131.015,114.108,-0.405250,-0.912060,-0.062601,0.911901,-0.408139,0.043124,-0.064882,-0.039610,0.997107,0,0.08000,-0.12000,4.800,-0.240,-1,375.000,-1,400.000,-1,325.000,325.000,300.000,300.000,-1,-1,-1,-1,675.000,700.000,-1,-1,2,0,2,0,2,0,0,0,0,2,2,2,2,0,0,2,2
61,6881.463,-6218.181,130.397,113.628,-0.397606,-0.915436,-0.062342,0.915292,-0.400479,0.043104,-0.064425,-0.039923,0.997124,0,0.16000,-0.24000,9.600,-0.480,-1,375.000,-1,400.000,-1,325.000,325.000,300.000,300.000,-1,-1,-1,-1,675.000,700.000,-1,-1,2,0,2,0,2,0,0,0,0,2,2,2,2,0,0,2,2
62,6875.857,-6204.917,129.480,112.908,-0.386088,-0.920379,-0.061955,0.920257,-0.388936,0.043070,-0.063737,-0.040385,0.997149,0,0.24000,-0.36000,14.400,-0.720,-1,375.000,-1,400.000,-1,325.000,325.000,300.000,300.000,-1,-1,-1,-1,675.000,700.000,-1,-1,2,0,2,0,2,0,0,0,0,2,2,2,2,0,0,2,2
63,6868.681,-6187.108,128.274,111.948,-0.370637,-0.926743,-0.061442,0.926651,-0.373452,0.043018,-0.062812,-0.040991,0.997183,0,0.32000,-0.48000,19.200,-0.960,-1,375.000,-1,400.000,-1,325.000,325.000,300.000,300.000,-1,-1,-1,-1,675.000,700.000,-1,-1,2,0,2,0,2,0,0,0,0,2,2,2,2,0,0,2,2
64,6860.178,-6164.665,126.793,110.748,-0.351177,-0.934332,-0.060808,0.934277,-0.353951,0.042943,-0.061646,-0.041731,0.997225,0,0.40000,-0.60000,24.000,-1.200,-1,375.000,-1,400.000,-1,325.000,325.000,300.000,300.000,-1,-1,-1,-1,675.000,700.000,-1,-1,2,0,2,0,2,0,0,0,0,2,2,2,2,0,0,2,2
65,6850.655,-6137.485,125.054,109.308,-0.327623,-0.942898,-0.060058,0.942887,-0.330348,0.042840,-0.060234,-0.042592,0.997275,0,0.48000,-0.72000,28.800,-1.440,-1,375.000,-1,400.000,-1,325.000,325.000,300.000,300.000,-1,-1,-1,-1,675.000,700.000,-1,-1,2,0,2,0,2,0,0,0,0,2,2,2,2,0,0,2,2
66,6840.398,-6105.488,123.074,107.773,-0.302293,-0.951375,-0.059198,0.951406,-0.304961,0.042714,-0.058690,-0.043409,0.997332,0,0.56000,-0.76747,33.600,-1.535,-1,375.000,-1,375.000,-1,325.000,325.000,300.000,300.000,-1,-1,-1,-1,650.000,700.000,-1,-1,2,0,2,0,2,0,0,0,0,2,2,2,2,0,0,2,2
67,6829.644,-6068.625,120.866,106.264,-0.277185,-0.959050,-0.058232,0.959117,-0.279789,0.042574,-0.057123,-0.044050,0.997395,0,0.64000,-0.75464,38.400,-1.509,-1,375.000,-1,375.000,-1,300.000,325.000,300.000,300.000,-1,-1,-1,-1,650.000,700.000,-1,-1,2,0,2,0,2,0,0,0,0,2,2,2,2,0,0,2,2
68,6818.620,-6026.854,118.447,104.784,-0.252382,-0.965938,-0.057163,0.966032,-0.254917,0.042417,-0.055544,-0.044516,0.997463,0,0.72000,-0.74011,43.200,-1.480,-1,375.000,-1,375.000,-1,300.000,300.000,300.000,300.000,-1,-1,-1,-1,650.000,700.000,-1,-1,2,0,2,0,2,0,0,0,0,2,2,2,2,0,0,2,2
69,6808.182,-5982.820,115.980,103.336,-0.227962,-0.972055,-0.056065,0.972172,-0.230426,0.042246,-0.053984,-0.044875,0.997533,0,0.75425,-0.72390,45.255,-1.448,-1,375.000,-1,375.000,-1,300.000,300.000,300.000,300.000,-1,-1,-1,-1,650.000,700.000,-1,-1,2,0,2,0,2,0,0,0,0,2,2,2,2,0,0,2,2
70,6798.698,-5937.901,113.591,101.922,-0.203968,-0.977425,-0.055119,0.977578,-0.206363,0.041909,-0.052337,-0.045335,0.997600,0,0.76515,-0.70705,45.909,-1.414,-1,375.000,-1,375.000,-1,300.000,300.000,300.000,300.000,-1,-1,-1,-1,650.000,675.000,-1,-1,2,0,2,0,2,0,0,0,0,2,2,2,2,0,0,2,2
71,6790.180,-5892.130,111.486,100.542,-0.180423,-0.982052,-0.054972,0.982318,-0.182749,0.040672,-0.049989,-0.046662,0.997659,0,0.77595,-0.69010,46.557,-1.380,-1,375.000,-1,375.000,-1,300.000,300.000,300.000,300.000,-1,-1,-1,-1,650.000,675.000,-1,-1,2,0,2,0,2,0,0,0,0,2,2,2,2,0,0,2,2
72,6782.637,-5845.538,109.469,99.195,-0.157380,-0.986023,-0.054687,0.986394,-0.159621,0.039342,-0.047522,-0.047751,0.997728,0,0.78664,-0.67304,47.199,-1.346,-1,375.000,-1,375.000,-1,300.000,300.000,300.000,300.000,-1,-1,-1,-1,650.000,675.000,1000.000,-1,2,0,2,0,2,0,0,0,0,2,2,2,2,0,0,0,2
73,6776.108,-5798.324,107.794,97.874,-0.134784,-0.989448,-0.053167,0.989892,-0.136846,0.037254,-0.044137,-0.047608,0.997890,0,0.79438,-0.66054,47.663,-1.321,-1,375.000,-1,375.000,-1,300.000,300.000,300.000,300.000,-1,-1,-1,-1,650.000,675.000,1000.000,-1,2,0,2,0,2,0,0,0,0,2,2,2,2,0,0,0,2
74,6770.669,-5750.972,106.183,96.553,-0.112108,-0.992346,-0.051777,0.992859,-0.113999,0.035137,-0.040770,-0.047468,0.998040,0,0.79438,-0.66054,47.663,-1.321,-1,375.000,-1,375.000,-1,300.000,300.000,300.000,300.000,-1,-1,-1,-1,650.000,650.000,975.000,-1,2,0,2,0,2,0,0,0,0,2,2,2,2,0,0,0,2
75,6766.323,-5703.508,104.635,95.232,-0.089363,-0.994717,-0.050520,0.995296,-0.091091,0.032997,-0.037424,-0.047334,0.998178,0,0.79438,-0.66054,47.663,-1.321,1000.000,375.000,-1,375.000,-1,300.000,325.000,300.000,300.000,-1,-1,-1,-1,625.000,650.000,950.000,-1,0,0,2,0,2,0,0,0,0,2,2,2,2,0,0,0,2
76,6763.072,-5655.956,103.150,93.911,-0.066562,-0.996559,-0.049402,0.997199,-0.068133,0.030841,-0.034101,-0.047211,0.998303,0,0.79438,-0.66054,47.663,-1.321,975.000,375.000,-1,375.000,-1,300.000,325.000,300.000,300.000,-1,-1,900.000,-1,625.000,650.000,950.000,-1,0,0,2,0,2,0,0,0,0,2,2,0,2,0,0,0,2
77,6760.919,-5608.342,101.724,92.590,-0.043717,-0.997870,-0.048427,0.998569,-0.045140,0.028678,-0.030803,-0.047104,0.998415,0,0.79438,-0.66054,47.663,-1.321,950.000,375.000,-1,400.000,-1,300.000,325.000,300.000,300.000,-1,950.000,800.000,-1,625.000,650.000,925.000,-1,0,0,2,0,2,0,0,0,0,2,0,0,2,0,0,0,2
78,6759.864,-5560.690,100.358,91.269,-0.020842,-0.998649,-0.047599,0.999404,-0.022122,0.026514,-0.027531,-0.047018,0.998515,0,0.79438,-0.66054,47.663,-1.321,925.000,375.000,-1,375.000,-1,325.000,325.000,300.000,300.000,-1,825.000,725.000,-1,600.000,625.000,900.000,-1,0,0,2,0,2,0,0,0,0,2,0,0,2,0,0,0,2
79,6759.907,-5513.028,99.050,89.948,0.002051,-0.998897,-0.046920,0.999703,0.000908,0.024359,-0.024289,-0.046956,0.998602,0,0.79438,-0.66054,47.663,-1.321,900.000,375.000,-1,375.000,-1,325.000,325.000,300.000,300.000,-1,750.000,650.000,-1,600.000,625.000,875.000,-1,0,0,2,0,2,0,0,0,0,2,0,0,2,0,0,0,2
80,6761.050,-5465.378,97.797,88.627,0.024949,-0.998612,-0.046395,0.999467,0.023938,0.022219,-0.021078,-0.046924,0.998676,0,0.79438,-0.66054,47.663,-1.321,875.000,375.000,-1,375.000,-1,300.000,325.000,300.000,300.000,-1,675.000,600.000,-1,600.000,625.000,875.000,-1,0,0,2,0,2,0,0,0,0,2,0,0,2,0,0,0,2
81,6763.291,-5417.768,96.600,87.306,0.047839,-0.997794,-0.046025,0.998695,0.046954,0.020104,-0.017899,-0.046927,0.998738,0,0.79438,-0.66054,47.663,-1.321,850.000,350.000,-1,375.000,-1,300.000,300.000,300.000,300.000,-1,600.000,550.000,-1,575.000,625.000,850.000,-1,0,0,2,0,2,0,0,0,0,2,0,0,2,0,0,0,2
82,6766.629,-5370.222,95.455,85.985,0.070708,-0.996444,-0.045814,0.997388,0.069946,0.018023,-0.014754,-0.046969,0.998787,0,0.79438,-0.66054,47.663,-1.321,825.000,350.000,-1,375.000,-1,300.000,300.000,300.000,300.000,-1,550.000,500.000,-1,575.000,600.000,825.000,1000.000,0,0,2,0,2,0,0,0,0,2,0,0,2,0,0,0,0
83,6771.062,-5322.765,94.362,84.664,0.093543,-0.994563,-0.045763,0.995547,0.092900,0.015983,-0.011645,-0.047054,0.998824,0,0.79438,-0.66054,47.663,-1.321,800.000,350.000,-1,350.000,-1,300.000,300.000,300.000,300.000,-1,500.000,475.000,-1,575.000,600.000,800.000,975.000,0,0,2,0,2,0,0,0,0,2,0,0,2,0,0,0,0
84,6776.588,-5275.424,93.404,83.343,0.116341,-0.992167,-0.045498,0.993170,0.115807,0.014229,-0.008849,-0.046843,0.998863,0,0.79438,-0.66054,47.663,-1.321,775.000,350.000,-1,350.000,-1,300.000,300.000,300.000,300.000,-1,475.000,450.000,-1,575.000,600.000,775.000,950.000,0,0,2,0,2,0,0,0,0,2,0,0,2,0,0,0,0
85,6783.656,-5223.439,93.531,82.261,0.134832,-0.990018,-0.041036,0.990859,0.134534,0.009936,-0.004316,-0.042000,0.999108,0,0.87438,-0.54054,52.463,-1.081,800.000,350.000,-1,350.000,1000.000,300.000,300.000,300.000,275.000,-1,475.000,400.000,-1,575.000,600.000,775.000,950.000,0,0,2,0,0,0,0,0,0,2,0,0,2,0,0,0,0
86,6791.691,-5170.189,94.634,81.420,0.149149,-0.988001,-0.040104,0.988814,0.149062,0.005176,0.000864,-0.040428,0.999182,0,0.89754,-0.42054,53.853,-0.841,800.000,350.000,-1,350.000,-1,300.000,300.000,300.000,300.000,-1,450.000,400.000,-1,575.000,600.000,775.000,975.000,0,0,2,0,2,0,0,0,0,2,0,0,2,0,0,0,0
87,6800.284,-5117.026,96.019,80.819,0.159286,-0.986402,-0.040484,0.987211,0.159422,-0.000122,0.006575,-0.039947,0.999180,0,0.89754,-0.30054,53.853,-0.601,800.000,350.000,-1,350.000,-1,300.000,300.000,325.000,300.000,-1,425.000,375.000,-1,600.000,625.000,800.000,-1,0,0,2,0,2,0,0,0,0,2,0,0,2,0,0,0,2
88,6809.385,-5063.948,97.416,80.272,0.168488,-0.984850,-0.041011,0.985628,0.168844,-0.005367,0.012211,-0.039518,0.999144,0,0.89754,-0.27379,53.853,-0.548,825.000,350.000,-1,350.000,-1,300.000,300.000,325.000,300.000,-1,400.000,375.000,-1,600.000,625.000,825.000,-1,0,0,2,0,2,0,0,0,0,2,0,0,2,0,0,0,2
89,6818.992,-5010.959,98.821,79.724,0.177673,-0.983207,-0.041664,0.983928,0.178251,-0.010566,0.017815,-0.039117,0.999076,0,0.89754,-0.27379,53.853,-0.548,850.000,350.000,-1,375.000,-1,300.000,300.000,325.000,300.000,-1,400.000,375.000,-1,600.000,625.000,850.000,-1,0,0,2,0,2,0,0,0,0,2,0,0,2,0,0,0,2
90,6829.105,-4958.064,100.234,79.177,0.186841,-0.981473,-0.042441,0.982112,0.187642,-0.015714,0.023387,-0.038745,0.998975,0,0.89754,-0.27379,53.853,-0.548,850.000,375.000,-1,375.000,-1,300.000,300.000,325.000,300.000,-1,400.000,375.000,-1,600.000,625.000,875.000,-1,0,0,2,0,2,0,0,0,0,2,0,0,2,0,0,0,2
91,6839.724,-4905.268,101.653,78.629,0.195989,-0.979648,-0.043341,0.980179,0.197016,-0.020810,0.028926,-0.038403,0.998844,0,0.89754,-0.27379,53.853,-0.548,875.000,375.000,-1,375.000,-1,300.000,300.000,300.000,325.000,-1,375.000,350.000,-1,600.000,650.000,900.000,-1,0,0,2,0,2,0,0,0,0,2,0,0,2,0,0,0,2
92,6850.846,-4852.576,103.077,78.081,0.205115,-0.977732,-0.044364,0.978132,0.206372,-0.025851,0.034430,-0.038091,0.998681,0,0.89754,-0.27379,53.853,-0.548,900.000,375.000,-1,375.000,-1,300.000,300.000,300.000,325.000,-1,325.000,300.000,-1,600.000,650.000,950.000,-1,0,0,2,0,2,0,0,0,0,2,0,0,2,0,0,0,2
93,6862.472,-4799.993,104.505,77.534,0.214217,-0.975726,-0.045508,0.975971,0.215708,-0.030832,0.039900,-0.037810,0.998488,0,0.89754,-0.27379,53.853,-0.548,925.000,375.000,-1,375.000,-1,300.000,300.000,300.000,325.000,-1,275.000,275.000,-1,625.000,650.000,1000.000,-1,0,0,2,0,2,0,0,0,0,2,0,0,2,0,0,0,2
94,6874.599,-4747.523,105.936,76.986,0.223292,-0.973629,-0.046772,0.973697,0.225026,-0.035752,0.045334,-0.037559,0.998266,0,0.89754,-0.27379,53.853,-0.548,950.000,375.000,-1,375.000,-1,300.000,300.000,300.000,300.000,-1,250.000,250.000,-1,625.000,675.000,-1,-1,0,0,2,0,2,0,0,0,0,2,0,0,2,0,0,2,2
95,6887.228,-4695.171,107.369,76.439,0.232340,-0.971442,-0.048155,0.971311,0.234322,-0.040608,0.050732,-0.037339,0.998014,0,0.89754,-0.27379,53.853,-0.548,1000.000,375.000,-1,375.000,-1,300.000,300.000,275.000,300.000,-1,250.000,225.000,-1,625.000,675.000,-1,-1,0,0,2,0,2,0,0,0,0,2,0,0,2,0,0,2,2
96,6900.356,-4642.943,109.320,75.891,0.241547,-0.969238,-0.047246,0.968856,0.243615,-0.044378,0.054522,-0.035056,0.997897,0,0.89754,-0.27379,53.853,-0.548,-1,375.000,-1,375.000,-1,300.000,300.000,275.000,300.000,-1,250.000,250.000,-1,625.000,675.000,-1,-1,2,0,2,0,2,0,0,0,0,2,0,0,2,0,0,2,2
97,6913.984,-4590.843,112.073,75.344,0.250916,-0.967038,-0.043334,0.966239,0.252912,-0.049180,0.058518,-0.029531,0.997849,0,0.89754,-0.27379,53.853,-0.548,-1,375.000,-1,375.000,-1,300.000,300.000,300.000,300.000,-1,275.000,250.000,975.000,650.000,675.000,-1,-1,2,0,2,0,2,0,0,0,0,2,0,0,0,0,0,2,2
98,6928.109,-4538.875,114.957,74.796,0.260281,-0.964708,-0.039907,0.963535,0.262178,-0.053515,0.062089,-0.024523,0.997769,0,0.89754,-0.27379,53.853,-0.548,-1,375.000,-1,375.000,-1,300.000,300.000,300.000,300.000,-1,300.000,275.000,950.000,650.000,675.000,-1,-1,2,0,2,0,2,0,0,0,0,2,0,0,0,0,0,2,2
99,6942.728,-4487.044,118.791,74.248,0.269488,-0.962192,-0.039532,0.960873,0.271395,-0.055391,0.064026,-0.023058,0.997682,0,0.89754,-0.27379,53.853,-0.548,-1,375.000,-1,375.000,-1,300.000,300.000,300.000,300.000,-1,350.000,325.000,975.000,675.000,700.000,-1,-1,2,0,2,0,2,0,0,0,0,2,0,0,0,0,0,2,2
100,6957.843,-4435.356,122.846,73.701,0.278592,-0.959567,-0.040213,0.958097,0.280582,-0.057661,0.066613,-0.022464,0.997526,0,0.89754,-0.27379,53.853,-0.548,-1,375.000,-1,375.000,-1,300.000,300.000,300.000,300.000,-1,375.000,350.000,1000.000,675.000,700.000,-1,-1,2,0,2,0,2,0,0,0,0,2,0,0,0,0,0,2,2
101,6973.450,-4383.814,126.890,73.153,0.287669,-0.956854,-0.040937,0.955229,0.289743,-0.059889,0.069166,-0.021876,0.997365,0,0.89754,-0.27379,53.853,-0.548,-1,375.000,-1,375.000,-1,300.000,300.000,300.000,300.000,-1,425.000,400.000,-1,675.000,700.000,-1,-1,2,0,2,0,2,0,0,0,0,2,0,0,2,0,0,2,2
102,6989.549,-4332.424,130.920,72.606,0.296719,-0.954054,-0.041701,0.952270,0.298878,-0.062074,0.071685,-0.021292,0.997200,0,0.89754,-0.27379,53.853,-0.548,-1,375.000,-1,375.000,-1,300.000,300.000,300.000,300.000,-1,450.000,425.000,-1,675.000,725.000,-1,-1,2,0,2,0,2,0,0,0,0,2,0,0,2,0,0,2,2
103,7006.139,-4281.189,134.935,72.058,0.305741,-0.951166,-0.042504,0.949221,0.307986,-0.064216,0.074171,-0.020712,0.997030,0,0.89754,-0.27379,53.853,-0.548,-1,375.000,-1,375.000,-1,300.000,325.000,300.000,300.000,-1,475.000,475.000,-1,700.000,725.000,-1,-1,2,0,2,0,2,0,0,0,0,2,0,0,2,0,0,2,2
104,7023.218,-4230.116,138.934,71.511,0.314733,-0.948190,-0.043345,0.946082,0.317065,-0.066316,0.076623,-0.020136,0.996857,0,0.89754,-0.27379,53.853,-0.548,-1,375.000,-1,375.000,-1,300.000,325.000,300.000,300.000,-1,525.000,500.000,-1,700.000,725.000,-1,-1,2,0,2,0,2,0,0,0,0,2,0,0,2,0,0,2,2
105,7040.784,-4179.209,142.938,70.963,0.323699,-0.945129,-0.044158,0.942847,0.326117,-0.068470,0.079114,-0.019471,0.996675,0,0.89754,-0.27379,53.853,-0.548,-1,375.000,-1,400.000,-1,325.000,325.000,300.000,300.000,-1,550.000,525.000,-1,700.000,750.000,-1,-1,2,0,2,0,2,0,0,0,0,2,0,0,2,0,0,2,2
106,7058.857,-4128.415,147.015,70.414,0.332676,-0.941978,-0.044768,0.939482,0.335167,-0.070970,0.081857,-0.018449,0.996473,0,0.89854,-0.27459,53.912,-0.549,-1,375.000,-1,400.000,-1,325.000,325.000,275.000,300.000,-1,575.000,550.000,-1,725.000,750.000,-1,-1,2,0,2,0,2,0,0,0,0,2,0,0,2,0,0,2,2
107,7075.570,-4082.234,150.709,70.105,0.337682,-0.940167,-0.045358,0.937482,0.340249,-0.073200,0.084253,-0.017804,0.996285,0,0.81854,-0.15459,49.112,-0.309,-1,375.000,-1,400.000,-1,325.000,325.000,275.000,300.000,-1,550.000,575.000,-1,725.000,775.000,-1,-1,2,0,2,0,2,0,0,0,0,2,0,0,2,0,0,2,2
108,7091.370,-4038.740,154.307,70.035,0.338803,-0.939769,-0.045244,0.936921,0.341389,-0.075053,0.085978,-0.016961,0.996153,0,0.77125,-0.03459,46.275,-0.069,-1,375.000,-1,400.000,-1,325.000,325.000,275.000,300.000,-1,525.000,550.000,-1,750.000,775.000,-1,-1,2,0,2,0,2,0,0,0,0,2,0,0,2,0,0,2,2
109,7107.115,-3994.992,158.122,70.206,0.336081,-0.940804,-0.044012,0.937815,0.338594,-0.076532,0.086904,-0.015554,0.996095,0,0.77491,0.08541,46.494,0.171,-1,400.000,-1,400.000,-1,325.000,325.000,275.000,300.000,-1,550.000,575.000,-1,750.000,775.000,-1,-1,2,0,2,0,2,0,0,0,0,2,0,0,2,0,0,2,2
110,7122.615,-3950.936,161.911,70.617,0.329395,-0.943222,-0.042787,0.940105,0.331845,-0.077988,0.087759,-0.014536,0.996036,0,0.77839,0.20541,46.704,0.411,-1,400.000,-1,400.000,-1,325.000,325.000,300.000,300.000,-1,550.000,575.000,-1,775.000,800.000,-1,-1,2,0,2,0,2,0,0,0,0,2,0,0,2,0,0,2,2
111,7137.676,-3906.521,165.679,71.268,0.318719,-0.946940,-0.041513,0.943701,0.321113,-0.079462,0.088577,-0.013850,0.995973,0,0.78164,0.32541,46.898,0.651,-1,400.000,-1,400.000,-1,325.000,325.000,300.000,300.000,-1,575.000,550.000,-1,775.000,800.000,-1,-1,2,0,2,0,2,0,0,0,0,2,0,0,2,0,0,2,2
112,7152.263,-3861.764,169.627,71.948,0.307482,-0.950685,-0.040659,0.947400,0.309849,-0.080174,0.088819,-0.013868,0.995951,0,0.78457,0.34009,47.074,0.680,-1,400.000,-1,400.000,-1,325.000,325.000,300.000,300.000,-1,600.000,575.000,-1,800.000,800.000,-1,-1,2,0,2,0,2,0,0,0,0,2,0,0,2,0,0,2,2
113,7166.372,-3816.687,173.780,72.620,0.296311,-0.954240,-0.040311,0.950992,0.298683,-0.080015,0.088394,-0.014626,0.995978,0,0.78722,0.33574,47.233,0.671,-1,400.000,-1,400.000,-1,325.000,325.000,300.000,300.000,-1,650.000,600.000,-1,800.000,800.000,-1,-1,2,0,2,0,2,0,0,0,0,2,0,0,2,0,0,2,2
114,7180.000,-3771.316,177.916,73.282,0.285258,-0.957620,-0.039907,0.954407,0.287629,-0.079862,0.087956,-0.015306,0.996007,0,0.78957,0.33119,47.374,0.662,-1,400.000,-1,400.000,-1,325.000,325.000,300.000,300.000,-1,700.000,650.000,-1,825.000,825.000,-1,-1,2,0,2,0,2,0,0,0,0,2,0,0,2,0,0,2,2
115,7193.144,-3725.674,182.035,73.935,0.274329,-0.960826,-0.039463,0.957645,0.276695,-0.079718,0.087514,-0.015922,0.996036,0,0.79161,0.32645,47.496,0.653,-1,400.000,-1,400.000,-1,325.000,325.000,300.000,300.000,-1,750.000,700.000,-1,825.000,825.000,-1,-1,2,0,2,0,2,0,0,0,0,2,0,0,2,0,0,2,2
116,7205.802,-3679.789,186.137,74.578,0.263535,-0.963862,-0.038979,0.960712,0.265892,-0.079582,0.087070,-0.016475,0.996066,0,0.79332,0.32153,47.599,0.643,-1,400.000,-1,400.000,-1,325.000,325.000,300.000,300.000,-1,825.000,725.000,-1,825.000,850.000,-1,-1,2,0,2,0,2,0,0,0,0,2,0,0,2,0,0,2,2
117,7217.973,-3633.686,190.220,75.211,0.252883,-0.966732,-0.038456,0.963611,0.255227,-0.079454,0.086625,-0.016964,0.996097,0,0.79470,0.31644,47.682,0.633,-1,400.000,-1,400.000,-1,325.000,325.000,300.000,300.000,-1,875.000,775.000,-1,850.000,850.000,-1,-1,2,0,2,0,2,0,0,0,0,2,0,0,2,0,0,2,2
118,7229.658,-3587.394,194.313,75.833,0.242380,-0.969440,-0.037910,0.966345,0.244709,-0.079337,0.086189,-0.017404,0.996127,0,0.79573,0.31119,47.744,0.622,-1,400.000,-1,400.000,-1,325.000,325.000,300.000,300.000,-1,925.000,825.000,-1,850.000,875.000,-1,-1,2,0,2,0,2,0,0,0,0,2,0,0,2,0,0,2,2
119,7240.858,-3540.941,198.465,76.445,0.232055,-0.971994,-0.037135,0.968927,0.234346,-0.079136,0.085622,-0.017617,0.996172,0,0.79641,0.30580,47.784,0.612,-1,400.000,-1,400.000,-1,325.000,325.000,300.000,300.000,-1,1000.000,875.000,-1,875.000,875.000,-1,-1,2,0,2,0,2,0,0,0,0,2,0,0,2,0,0,2,2
120,7251.574,-3494.355,202.585,77.045,0.221893,-0.974394,-0.036335,0.971354,0.224145,-0.078938,0.085061,-0.017778,0.996217,0,0.79672,0.30028,47.803,0.601,-1,400.000,-1,400.000,-1,325.000,325.000,300.000,300.000,-1,-1,925.000,-1,875.000,900.000,-1,-1,2,0,2,0,2,0,0,0,0,2,2,0,2,0,0,2,2
121,7261.810,-3447.664,206.670,77.635,0.211901,-0.976646,-0.035512,0.973630,0.214110,-0.078744,0.084509,-0.017890,0.996262,0,0.79666,0.29466,47.799,0.589,-1,400.000,-1,425.000,-1,325.000,325.000,300.000,300.000,-1,-1,975.000,-1,900.000,900.000,-1,-1,2,0,2,0,2,0,0,0,0,2,2,0,2,0,0,2,2
122,7271.569,-3400.898,210.721,78.213,0.202084,-0.978754,-0.034668,0.975762,0.204248,-0.078553,0.083965,-0.017954,0.996307,0,0.79623,0.28896,47.774,0.578,-1,425.000,-1,425.000,-1,325.000,325.000,300.000,300.000,-1,-1,-1,-1,950.000,925.000,-1,-1,2,0,2,0,2,0,0,0,0,2,2,2,2,0,0,2,2
123,7280.856,-3354.084,214.738,78.779,0.192445,-0.980725,-0.033806,0.977755,0.194563,-0.078365,0.083432,-0.017973,0.996351,0,0.79544,0.28320,47.727,0.566,-1,425.000,-1,425.000,-1,350.000,350.000,300.000,300.000,-1,-1,-1,-1,1000.000,950.000,-1,-1,2,0,2,0,2,0,0,0,0,2,2,2,2,0,0,2,2
124,7289.677,-3307.249,218.596,79.334,0.182957,-0.982555,-0.033359,0.979647,0.185056,-0.077756,0.082573,-0.018454,0.996414,0,0.79430,0.27741,47.658,0.555,-1,425.000,-1,425.000,-1,350.000,350.000,300.000,300.000,-1,-1,-1,-1,-1,975.000,-1,-1,2,0,2,0,2,0,0,0,0,2,2,2,2,2,0,2,2
125,7298.037,-3260.422,222.163,79.877,0.173596,-0.984237,-0.033794,0.981488,0.175727,-0.076165,0.080902,-0.019946,0.996522,0,0.79281,0.27162,47.568,0.543,-1,425.000,-1,425.000,-1,350.000,350.000,300.000,300.000,-1,-1,-1,-1,-1,1000.000,-1,-1,2,0,2,0,2,0,0,0,0,2,2,2,2,2,0,2,2
126,7305.945,-3213.627,225.553,80.409,0.164477,-0.985807,-0.033647,0.983224,0.166582,-0.074306,0.078856,-0.020861,0.996668,0,0.79098,0.26586,47.459,0.532,-1,425.000,-1,425.000,-1,350.000,350.000,300.000,300.000,-1,-1,-1,-1,-1,-1,-1,-1,2,0,2,0,2,0,0,0,0,2,2,2,2,2,2,2,2
127,7313.404,-3166.887,228.660,80.931,0.155594,-0.987286,-0.032494,0.984885,0.157582,-0.071898,0.076105,-0.020815,0.996883,0,0.78885,0.26135,47.331,0.523,-1,425.000,-1,425.000,-1,350.000,350.000,275.000,300.000,-1,-1,-1,-1,-1,-1,-1,-1,2,0,2,0,2,0,0,0,0,2,2,2,2,2,2,2,2
128,7320.420,-3120.226,231.735,81.449,0.146775,-0.988672,-0.031376,0.986445,0.148650,-0.069497,0.073374,-0.020750,0.997089,0,0.78643,0.25900,47.186,0.518,-1,425.000,-1,425.000,-1,350.000,350.000,275.000,300.000,-1,-1,-1,-1,-1,-1,-1,-1,2,0,2,0,2,0,0,0,0,2,2,2,2,2,2,2,2
129,7326.994,-3073.664,234.780,81.963,0.138011,-0.989967,-0.030294,0.987907,0.139777,-0.067103,0.070664,-0.020666,0.997286,0,0.78375,0.25694,47.025,0.514,-1,425.000,-1,425.000,-1,325.000,350.000,275.000,275.000,-1,-1,-1,-1,-1,-1,-1,-1,2,0,2,0,2,0,0,0,0,2,2,2,2,2,2,2,2
130,7333.994,-3022.315,238.121,82.237,0.133401,-0.990633,-0.029174,0.988741,0.135044,-0.064459,0.067795,-0.020247,0.997494,0,0.86375,0.13694,51.825,0.274,-1,400.000,-1,425.000,-1,325.000,350.000,275.000,275.000,-1,-1,-1,-1,-1,-1,-1,-1,2,0,2,0,2,0,0,0,0,2,2,2,2,2,2,2,2
131,7341.609,-2966.205,241.761,82.271,0.132952,-0.990727,-0.027988,0.989004,0.134461,-0.061571,0.064763,-0.019494,0.997710,0,0.94375,0.01694,56.625,0.034,-1,425.000,-1,425.000,-1,325.000,325.000,300.000,275.000,-1,-1,-1,-1,-1,-1,-1,-1,2,0,2,0,2,0,0,0,0,2,2,2,2,2,2,2,2
132,7349.423,-2910.141,245.414,82.065,0.136651,-0.990255,-0.026871,0.988693,0.138026,-0.058616,0.061754,-0.018557,0.997919,0,0.94343,-0.10306,56.606,-0.206,-1,425.000,-1,425.000,-1,325.000,325.000,300.000,275.000,-1,-1,-1,-1,-1,-1,-1,-1,2,0,2,0,2,0,0,0,0,2,2,2,2,2,2,2,2
133,7357.649,-2854.312,249.056,81.619,0.144494,-0.989171,-0.025729,0.987756,0.145735,-0.055672,0.058819,-0.017370,0.998118,0,0.94054,-0.22306,56.432,-0.446,-1,425.000,-1,425.000,-1,350.000,325.000,300.000,275.000,-1,-1,-1,-1,-1,-1,-1,-1,2,0,2,0,2,0,0,0,0,2,2,2,2,2,2,2,2
134,7366.517,-2798.741,252.683,80.933,0.156467,-0.987379,-0.024506,0.986096,0.157574,-0.052766,0.055962,-0.015909,0.998306,0,0.93792,-0.34306,56.275,-0.686,-1,450.000,-1,425.000,-1,350.000,350.000,300.000,275.000,-1,-1,-1,-1,-1,1000.000,-1,-1,2,0,2,0,2,0,0,0,0,2,2,2,2,2,0,2,2
135,7376.259,-2743.456,256.303,80.007,0.172546,-0.984729,-0.023173,0.983566,0.173517,-0.049900,0.053159,-0.014182,0.998485,0,0.93561,-0.46306,56.137,-0.926,-1,450.000,-1,425.000,-1,350.000,350.000,300.000,300.000,-1,-1,-1,-1,-1,1000.000,-1,-1,2,0,2,0,2,0,0,0,0,2,2,2,2,2,0,2,2
136,7387.101,-2688.497,259.905,78.841,0.192688,-0.981019,-0.021759,0.979964,0.193526,-0.047108,0.050425,-0.012246,0.998653,0,0.93366,-0.58306,56.019,-1.166,-1,450.000,-1,425.000,-1,350.000,350.000,300.000,300.000,-1,-1,-1,-1,-1,1000.000,-1,-1,2,0,2,0,2,0,0,0,0,2,2,2,2,2,0,2,2
137,7399.267,-2633.912,262.483,77.434,0.216648,-0.975949,-0.024239,0.975085,0.217535,-0.043441,0.047669,-0.014224,0.998762,0,0.93207,-0.70306,55.924,-1.406,-1,450.000,-1,450.000,-1,350.000,350.000,300.000,300.000,-1,-1,-1,-1,-1,1000.000,-1,-1,2,0,2,0,2,0,0,0,0,2,2,2,2,2,0,2,2
