timestep,x_cm,y_cm,z_cm,yaw_deg,basis_xx,basis_xy,basis_xz,basis_yx,basis_yy,basis_yz,basis_zx,basis_zy,basis_zz,teleport_flag,throttle_cmd,steering_cmd,cmd_move_cm,cmd_turn_deg,lidar_cm_0,lidar_cm_1,lidar_cm_2,lidar_cm_3,lidar_cm_4,lidar_cm_5,lidar_cm_6,lidar_cm_7,lidar_cm_8,lidar_cm_9,lidar_cm_10,lidar_cm_11,lidar_cm_12,lidar_cm_13,lidar_cm_14,lidar_cm_15,lidar_cm_16,lidar_class_0,lidar_class_1,lidar_class_2,lidar_class_3,lidar_class_4,lidar_class_5,lidar_class_6,lidar_class_7,lidar_class_8,lidar_class_9,lidar_class_10,lidar_class_11,lidar_class_12,lidar_class_13,lidar_class_14,lidar_class_15,lidar_class_16
0,-2294.364,5580.020,60.261,72.935,0.294805,-0.955423,0.016030,0.953936,0.293287,-0.063153,0.055636,0.033910,0.997875,1,0.08000,0.12000,4.800,0.240,-1,425.000,-1,400.000,-1,325.000,325.000,300.000,300.000,-1,700.000,750.000,-1,-1,-1,-1,-1,2,0,2,0,2,0,0,0,0,2,0,0,2,2,2,2,2
1,-2291.624,5589.220,60.789,73.415,0.286762,-0.957870,0.015898,0.956393,0.285280,-0.062680,0.055504,0.033179,0.997907,0,0.16000,0.24000,9.600,0.480,-1,425.000,-1,400.000,-1,325.000,325.000,300.000,300.000,-1,725.000,775.000,-1,-1,-1,-1,-1,2,0,2,0,2,0,0,0,0,2,0,0,2,2,2,2,2
2,-2287.687,5603.071,61.591,74.135,0.274659,-0.961414,0.015686,0.959951,0.273230,-0.061961,0.055284,0.032076,0.997955,0,0.24000,0.36000,14.400,0.720,-1,425.000,-1,400.000,-1,325.000,325.000,300.000,300.000,-1,750.000,800.000,-1,-1,-1,-1,-1,2,0,2,0,2,0,0,0,0,2,0,0,2,2,2,2,2
3,-2282.735,5621.621,62.677,75.056,0.259114,-0.965724,0.015380,0.964283,0.257756,-0.060989,0.054934,0.030634,0.998020,0,0.32000,0.46043,19.200,0.921,-1,450.000,-1,400.000,-1,325.000,325.000,300.000,300.000,-1,800.000,875.000,-1,-1,-1,-1,-1,2,0,2,0,2,0,0,0,0,2,0,0,2,2,2,2,2
4,-2276.918,5644.905,64.061,75.974,0.243531,-0.969778,0.014968,0.968371,0.242255,-0.059755,0.054323,0.029047,0.998101,0,0.40000,0.45920,24.000,0.918,-1,450.000,-1,400.000,-1,325.000,325.000,300.000,300.000,-1,850.000,950.000,-1,-1,-1,-1,-1,2,0,2,0,2,0,0,0,0,2,0,0,2,2,2,2,2
5,-2270.384,5672.954,65.752,76.890,0.227924,-0.973572,0.014442,0.972211,0.226741,-0.058255,0.053441,0.027318,0.998197,0,0.48000,0.45772,28.800,0.915,-1,450.000,-1,400.000,-1,350.000,325.000,300.000,300.000,-1,950.000,-1,-1,-1,-1,-1,-1,2,0,2,0,2,0,0,0,0,2,0,2,2,2,2,2,2
6,-2263.284,5705.795,67.756,77.802,0.212308,-0.977105,0.013791,0.975804,0.211228,-0.056481,0.052275,0.025449,0.998308,0,0.56000,0.45596,33.600,0.912,-1,450.000,-1,400.000,-1,350.000,325.000,300.000,300.000,-1,-1,-1,-1,-1,-1,-1,-1,2,0,2,0,2,0,0,0,0,2,2,2,2,2,2,2,2
7,-2255.765,5743.452,70.081,78.709,0.196700,-0.980377,0.013007,0.979146,0.195731,-0.054427,0.050813,0.023441,0.998433,0,0.64000,0.45389,38.400,0.908,-1,450.000,-1,400.000,-1,350.000,325.000,300.000,300.000,-1,-1,-1,-1,-1,-1,-1,-1,2,0,2,0,2,0,0,0,0,2,2,2,2,2,2,2,2
8,-2247.975,5785.943,72.735,79.612,0.181117,-0.983387,0.012079,0.982238,0.180265,-0.052087,0.049045,0.021299,0.998569,0,0.72000,0.45148,43.200,0.903,-1,450.000,-1,425.000,-1,350.000,350.000,300.000,300.000,-1,-1,-1,-1,-1,-1,-1,-1,2,0,2,0,2,0,0,0,0,2,2,2,2,2,2,2,2
9,-2240.060,5833.286,75.724,80.510,0.165578,-0.986135,0.011000,0.985078,0.164849,-0.049457,0.046958,0.019025,0.998716,0,0.80000,0.44869,48.000,0.897,-1,475.000,-1,425.000,-1,350.000,350.000,300.000,300.000,-1,-1,-1,-1,-1,-1,-1,-1,2,0,2,0,2,0,0,0,0,2,2,2,2,2,2,2,2
10,-2232.164,5885.492,78.558,81.401,0.150020,-0.988653,0.007723,0.987664,0.149506,-0.046563,0.044880,0.014613,0.998886,0,0.88000,0.44550,52.800,0.891,-1,475.000,-1,450.000,-1,375.000,350.000,300.000,300.000,-1,-1,-1,-1,-1,-1,-1,-1,2,0,2,0,2,0,0,0,0,2,2,2,2,2,2,2,2
11,-2224.552,5941.661,80.901,82.284,0.134479,-0.990913,0.002507,0.990024,0.134250,-0.042761,0.042036,0.008232,0.999082,0,0.94472,0.44185,56.683,0.884,-1,475.000,-1,450.000,-1,375.000,350.000,300.000,300.000,-1,-1,-1,-1,-1,-1,-1,-1,2,0,2,0,2,0,0,0,0,2,2,2,2,2,2,2,2
12,-2217.795,5997.991,81.741,83.160,0.119292,-0.992855,0.003033,0.992162,0.119093,-0.037827,0.037195,0.007522,0.999280,0,0.94558,0.43777,56.735,0.876,-1,450.000,-1,450.000,-1,350.000,350.000,300.000,300.000,-1,-1,-1,-1,-1,-1,-1,-1,2,0,2,0,2,0,0,0,0,2,2,2,2,2,2,2,2
13,-2211.888,6054.448,82.596,84.027,0.104226,-0.994548,0.003442,0.994031,0.104058,-0.032782,0.032245,0.006839,0.999457,0,0.94608,0.43346,56.765,0.867,-1,450.000,-1,450.000,-1,350.000,350.000,275.000,300.000,-1,-1,-1,-1,-1,-1,-1,-1,2,0,2,0,2,0,0,0,0,2,2,2,2,2,2,2,2
14,-2206.826,6110.994,83.473,84.885,0.089291,-0.995999,0.003696,0.995633,0.089156,-0.027664,0.027223,0.006150,0.999610,0,0.94621,0.42895,56.772,0.858,-1,450.000,-1,425.000,-1,350.000,350.000,275.000,275.000,-1,-1,-1,-1,-1,-1,-1,-1,2,0,2,0,2,0,0,0,0,2,2,2,2,2,2,2,2
15,-2202.603,6167.592,84.371,85.733,0.074501,-0.997214,0.003794,0.996975,0.074398,-0.022487,0.022142,0.005458,0.999740,0,0.94593,0.42424,56.756,0.848,-1,425.000,-1,425.000,-1,350.000,350.000,275.000,275.000,-1,-1,-1,-1,1000.000,-1,-1,-1,2,0,2,0,2,0,0,0,0,2,2,2,2,0,2,2,2
16,-2199.212,6224.205,85.288,86.572,0.059866,-0.998199,0.003739,0.998061,0.059793,-0.017267,0.017013,0.004766,0.999844,0,0.94524,0.41935,56.715,0.839,-1,425.000,-1,450.000,-1,350.000,350.000,275.000,275.000,-1,-1,-1,-1,975.000,-1,-1,-1,2,0,2,1,2,0,0,0,0,2,2,2,2,0,2,2,2
17,-2196.643,6280.794,86.222,87.401,0.045398,-0.998963,0.003535,0.998899,0.045352,-0.012018,0.011846,0.004076,0.999922,0,0.94413,0.41430,56.648,0.829,-1,425.000,-1,-1,-1,350.000,350.000,275.000,275.000,-1,-1,-1,-1,950.000,-1,-1,-1,2,0,2,2,2,1,1,0,0,2,2,2,2,0,2,2,2
18,-2194.885,6337.322,87.171,88.219,0.031104,-0.999511,0.003183,0.999494,0.031082,-0.006755,0.006652,0.003391,0.999972,0,0.94259,0.40912,56.555,0.818,-1,425.000,-1,-1,-1,350.000,375.000,300.000,275.000,-1,-1,-1,-1,925.000,-1,-1,-1,2,0,2,2,2,1,1,0,0,2,2,2,2,0,2,2,2
19,-2193.987,6395.569,88.166,89.117,0.015420,-0.999878,0.002656,0.999880,0.015417,-0.001320,0.001279,0.002676,0.999996,0,0.97091,0.44891,58.254,0.898,-1,425.000,-1,-1,-1,350.000,400.000,300.000,275.000,-1,-1,-1,-1,875.000,-1,-1,-1,2,0,2,2,2,1,1,0,0,2,2,2,2,0,2,2,2
20,-2193.994,6453.980,89.178,90.007,-0.000126,-0.999998,0.001968,0.999991,-0.000118,0.004129,-0.004129,0.001969,0.999990,0,0.97351,0.44506,58.411,0.890,-1,425.000,-1,1000.000,-1,350.000,400.000,300.000,300.000,-1,-1,-1,-1,850.000,-1,-1,-1,2,0,2,1,2,1,1,0,0,2,2,2,2,0,2,2,2
21,-2194.901,6512.522,90.208,90.888,-0.015517,-0.999879,0.001124,0.999834,-0.015505,0.009577,-0.009558,0.001272,0.999954,0,0.97582,0.44082,58.549,0.882,-1,400.000,-1,925.000,-1,350.000,425.000,300.000,300.000,-1,-1,-1,-1,825.000,-1,-1,-1,2,0,2,1,2,1,1,0,0,2,2,2,2,0,2,2,2
22,-2196.704,6571.161,89.621,91.761,-0.030810,-0.999513,0.005014,0.999397,-0.030725,0.016156,-0.015994,0.005509,0.999857,0,0.97777,0.43616,58.666,0.872,-1,400.000,-1,850.000,-1,325.000,425.000,300.000,300.000,-1,-1,-1,-1,800.000,-1,-1,-1,2,0,2,1,2,1,1,0,0,2,2,2,2,0,2,2,2
23,-2199.394,6629.859,84.945,92.623,-0.046265,-0.998773,0.017649,0.998548,-0.045752,0.028439,-0.027597,0.018939,0.999440,0,0.97932,0.43103,58.759,0.862,-1,375.000,-1,775.000,-1,300.000,400.000,300.000,275.000,-1,-1,-1,-1,750.000,-1,-1,-1,2,0,2,1,2,0,1,0,0,2,2,2,2,0,2,2,2
24,-2202.960,6688.574,80.460,93.474,-0.061766,-0.997662,0.029264,0.997344,-0.060559,0.040473,-0.038606,0.031686,0.998752,0,0.98037,0.42541,58.822,0.851,-1,350.000,-1,675.000,-1,275.000,375.000,325.000,225.000,-1,-1,-1,-1,675.000,-1,-1,-1,2,0,2,1,2,0,1,0,0,2,2,2,2,0,2,2,2
25,-2207.389,6747.260,76.195,94.312,-0.077232,-0.996219,0.039788,0.995812,-0.075118,0.052120,-0.048934,0.043646,0.997848,0,0.98087,0.41926,58.852,0.839,-1,325.000,-1,600.000,-1,275.000,350.000,325.000,225.000,-1,-1,-1,-1,625.000,925.000,-1,-1,2,0,2,1,2,0,1,0,0,2,2,2,2,0,1,2,2
26,-2212.662,6805.867,72.181,95.137,-0.092580,-0.994491,0.049157,0.993985,-0.089407,0.063243,-0.058499,0.054716,0.996787,0,0.98070,0.41253,58.842,0.825,-1,325.000,-1,525.000,-1,250.000,325.000,325.000,200.000,-1,-1,-1,-1,600.000,825.000,-1,-1,2,0,2,1,2,0,1,0,0,2,2,2,2,0,1,2,2
27,-2218.627,6860.714,68.732,96.202,-0.112043,-0.992103,0.056374,0.991477,-0.107817,0.073140,-0.066485,0.064088,0.995727,0,0.91949,0.53253,55.169,1.065,-1,300.000,-1,475.000,-1,250.000,300.000,325.000,225.000,-1,-1,-1,-1,550.000,725.000,-1,-1,2,0,2,1,2,0,1,0,1,2,2,2,2,0,1,2,2
28,-2225.823,6915.290,65.703,97.507,-0.135543,-0.988851,0.061653,0.988064,-0.130313,0.082140,-0.073190,0.072051,0.994712,0,0.91746,0.65253,55.048,1.305,-1,300.000,-1,425.000,1000.000,225.000,275.000,350.000,300.000,-1,-1,-1,-1,525.000,650.000,-1,900.000,2,0,2,1,1,0,1,0,1,2,2,2,2,0,1,2,1
29,-2234.457,6969.456,63.218,99.052,-0.162912,-0.984524,0.064594,0.983531,-0.156856,0.089792,-0.078271,0.078158,0.993864,0,0.91416,0.77253,54.849,1.545,-1,275.000,-1,375.000,900.000,225.000,250.000,350.000,375.000,-1,-1,-1,-1,500.000,575.000,-1,800.000,2,0,2,1,1,0,1,0,1,2,2,2,2,0,1,2,1
30,-2244.526,7023.082,61.301,100.632,-0.190500,-0.979504,0.065432,0.978282,-0.183870,0.095692,-0.081700,0.082241,0.993258,0,0.90938,0.78964,54.563,1.579,-1,275.000,-1,325.000,800.000,225.000,225.000,350.000,-1,-1,-1,-1,-1,500.000,525.000,-1,700.000,2,0,2,1,1,0,1,0,2,2,2,2,2,0,1,2,1
31,-2255.972,7076.060,59.973,102.190,-0.217299,-0.973983,0.064333,0.972532,-0.210398,0.099572,-0.083445,0.084203,0.992948,0,0.90333,0.77898,54.200,1.558,-1,275.000,-1,300.000,725.000,225.000,200.000,350.000,-1,-1,-1,-1,-1,500.000,475.000,-1,625.000,2,0,2,1,1,0,1,0,2,2,2,2,2,0,1,2,1
32,-2268.729,7128.290,59.262,103.725,-0.243265,-0.968015,0.061398,0.966364,-0.236432,0.101198,-0.083445,0.083951,0.992970,0,0.89610,0.76791,53.766,1.536,-1,275.000,-1,275.000,650.000,225.000,200.000,350.000,-1,-1,-1,-1,-1,500.000,425.000,-1,550.000,2,0,2,1,1,0,0,0,2,2,2,2,2,0,1,2,1
33,-2282.737,7179.678,56.991,105.240,-0.268309,-0.960984,0.067235,0.960733,-0.261808,0.091916,-0.070727,0.089256,0.993494,0,0.88779,0.75712,53.267,1.514,-1,300.000,-1,250.000,600.000,225.000,200.000,375.000,-1,-1,-1,0.000,-1,550.000,425.000,-1,525.000,2,0,2,1,1,0,0,0,2,2,2,0,2,0,1,2,1
34,-2297.933,7230.150,56.386,106.751,-0.292125,-0.953811,0.070055,0.955059,-0.287088,0.073778,-0.050258,0.088459,0.994811,0,0.87856,0.75580,52.714,1.512,-1,325.000,-1,275.000,625.000,250.000,225.000,375.000,-1,-1,-1,0.000,-1,650.000,450.000,-1,575.000,2,0,2,0,1,0,0,0,2,2,2,1,2,0,1,2,1
35,-2314.267,7279.640,55.744,108.261,-0.315827,-0.945960,0.073570,0.948296,-0.312135,0.057501,-0.031429,0.087927,0.995631,0,0.86864,0.75493,52.118,1.510,-1,375.000,-1,300.000,-1,275.000,250.000,375.000,-1,-1,0.000,0.000,-1,750.000,525.000,-1,-1,2,0,2,0,2,0,0,0,2,2,1,1,2,0,0,2,2
36,-2331.688,7328.100,54.913,109.770,-0.339351,-0.937499,0.077051,0.940558,-0.336969,0.042456,-0.013839,0.086878,0.996123,0,0.85832,0.75451,51.499,1.509,-1,400.000,-1,325.000,-1,300.000,275.000,375.000,-1,-1,0.000,0.000,-1,900.000,625.000,-1,-1,2,0,2,0,2,0,0,0,2,2,0,1,2,0,0,2,2
37,-2350.153,7375.506,54.088,111.279,-0.362775,-0.928378,0.080680,0.931875,-0.361572,0.029562,0.001727,0.085908,0.996302,0,0.84794,0.75455,50.876,1.509,-1,425.000,-1,350.000,-1,325.000,300.000,375.000,-1,-1,0.000,0.000,-1,-1,725.000,-1,-1,2,0,2,0,2,0,0,0,2,2,0,1,2,2,0,2,2
38,-2369.626,7421.849,53.303,112.789,-0.386103,-0.918600,0.084259,0.922330,-0.385942,0.018846,0.015207,0.084992,0.996266,0,0.83781,0.75502,50.269,1.510,-1,475.000,-1,375.000,-1,350.000,325.000,375.000,-1,-1,0.000,0.000,-1,-1,800.000,-1,-1,2,0,2,0,2,0,0,0,2,2,0,1,2,2,0,2,2
39,-2389.068,7465.391,52.467,114.059,-0.405605,-0.909858,0.087425,0.913702,-0.406225,0.011378,0.025161,0.084496,0.996106,0,0.79476,0.63502,47.686,1.270,-1,500.000,-1,400.000,-1,375.000,350.000,375.000,575.000,-1,0.000,0.000,-1,-1,875.000,-1,-1,2,0,2,0,2,0,0,0,1,2,0,1,2,2,0,2,2
40,-2409.085,7508.130,50.365,115.089,-0.421571,-0.902081,0.092346,0.906351,-0.422362,0.011766,0.028389,0.088658,0.995658,0,0.78660,0.51502,47.196,1.030,-1,500.000,-1,400.000,-1,375.000,350.000,375.000,475.000,-1,0.000,0.000,-1,-1,875.000,-1,-1,2,0,2,0,2,0,0,0,1,2,0,1,2,2,0,2,2
41,-2429.505,7550.215,48.755,115.879,-0.433798,-0.895981,0.095058,0.900505,-0.434668,0.012444,0.030169,0.090999,0.995394,0,0.77962,0.39502,46.777,0.790,-1,500.000,-1,400.000,-1,375.000,350.000,375.000,425.000,-1,0.000,0.000,-1,-1,875.000,-1,-1,2,0,2,0,2,0,0,0,1,2,0,1,2,2,0,2,2
42,-2450.172,7591.791,47.617,116.429,-0.442373,-0.891721,0.095604,0.896311,-0.443226,0.013279,0.030533,0.091565,0.995331,0,0.77384,0.27502,46.430,0.550,-1,500.000,-1,400.000,-1,375.000,350.000,375.000,375.000,-1,0.000,0.000,-1,-1,875.000,-1,-1,2,0,2,0,2,0,0,0,1,2,0,1,2,2,0,2,2
43,-2470.935,7633.008,46.927,116.740,-0.447343,-0.889403,0.094058,0.893875,-0.448092,0.014185,0.029530,0.090422,0.995466,0,0.76919,0.15502,46.151,0.310,-1,500.000,-1,400.000,-1,375.000,350.000,375.000,325.000,-1,0.000,0.000,-1,-1,875.000,-1,-1,2,0,2,0,2,0,0,0,1,2,0,1,2,2,0,2,2
44,-2491.650,7674.007,46.660,116.810,-0.448721,-0.889075,0.090522,0.893257,-0.449291,0.015132,0.027217,0.087650,0.995779,0,0.76559,0.03502,45.935,0.070,-1,500.000,-1,400.000,-1,375.000,350.000,375.000,300.000,-1,0.000,0.000,-1,-1,850.000,-1,-1,2,0,2,0,2,0,0,0,1,2,0,0,2,2,0,2,2
45,-2512.169,7714.925,46.784,116.640,-0.446483,-0.890735,0.085115,0.894479,-0.446818,0.016134,0.023660,0.083337,0.996240,0,0.76293,-0.08498,45.776,-0.170,-1,500.000,-1,400.000,-1,375.000,350.000,375.000,275.000,-1,0.000,0.000,-1,-1,850.000,-1,-1,2,0,2,0,2,0,0,0,1,2,0,0,2,2,0,2,2
46,-2532.341,7755.895,48.618,116.230,-0.440942,-0.894662,0.071772,0.897411,-0.440804,0.018605,0.014992,0.072613,0.997248,0,0.76111,-0.20498,45.667,-0.410,-1,475.000,-1,400.000,-1,350.000,325.000,375.000,275.000,-1,0.000,0.000,-1,-1,825.000,-1,-1,2,0,2,0,2,0,0,0,1,2,0,0,2,2,0,2,2
47,-2552.021,7797.032,50.406,115.580,-0.431405,-0.900254,0.058578,0.902136,-0.430938,0.021041,0.006301,0.061923,0.998061,0,0.76002,-0.32498,45.601,-0.650,-1,450.000,-1,400.000,-1,350.000,325.000,350.000,300.000,-1,0.000,0.000,-1,-1,800.000,-1,-1,2,0,2,0,2,0,0,0,1,2,0,0,2,2,0,2,2
48,-2571.050,7838.444,51.824,114.690,-0.417806,-0.907334,0.046735,0.908534,-0.417131,0.023834,-0.002131,0.052419,0.998623,0,0.75958,-0.44498,45.575,-0.890,-1,425.000,-1,400.000,-1,325.000,325.000,350.000,300.000,-1,0.000,0.000,-1,950.000,800.000,-1,-1,2,0,2,0,2,0,0,0,1,2,0,0,2,0,0,2,2
49,-2589.264,7880.228,52.878,113.560,-0.400094,-0.915786,0.035524,0.916416,-0.399332,0.026735,-0.010297,0.043252,0.999011,0,0.75968,-0.56498,45.581,-1.130,-1,425.000,-1,400.000,-1,325.000,325.000,350.000,300.000,-1,125.000,0.000,-1,875.000,775.000,-1,-1,2,0,2,0,2,0,0,0,1,2,0,0,2,0,0,2,2
50,-2606.522,7922.453,53.682,112.237,-0.378953,-0.925062,0.025602,0.925246,-0.378208,0.029646,-0.017741,0.034923,0.999233,0,0.76026,-0.66141,45.615,-1.323,-1,400.000,-1,400.000,-1,325.000,325.000,325.000,300.000,-1,-1,800.000,-1,800.000,775.000,-1,-1,2,0,2,0,2,0,0,0,1,2,2,1,2,0,0,2,2
51,-2622.827,7965.116,54.180,110.920,-0.357579,-0.933726,0.017113,0.933568,-0.356923,0.032503,-0.024241,0.027599,0.999325,0,0.76120,-0.65866,45.672,-1.317,1000.000,375.000,-1,375.000,-1,300.000,300.000,325.000,300.000,-1,-1,-1,-1,750.000,750.000,-1,-1,1,0,2,0,2,0,0,0,1,2,2,2,2,0,0,2,2
52,-2638.174,8008.200,54.169,109.608,-0.336060,-0.941766,0.011878,0.941406,-0.335495,0.034602,-0.028602,0.022810,0.999331,0,0.76225,-0.65587,45.735,-1.312,975.000,375.000,-1,375.000,-1,300.000,300.000,325.000,325.000,-1,-1,-1,-1,725.000,750.000,-1,-1,1,0,2,0,2,0,0,0,0,2,2,2,2,0,0,2,2
53,-2652.557,8051.688,53.003,108.302,-0.314525,-0.949162,0.012847,0.948810,-0.313939,0.034660,-0.028864,0.023090,0.999317,0,0.76341,-0.65306,45.805,-1.306,950.000,375.000,-1,375.000,-1,300.000,300.000,325.000,325.000,-1,-1,-1,-1,725.000,750.000,-1,-1,1,0,2,0,2,0,0,0,0,2,2,2,2,0,0,2,2
54,-2665.973,8095.562,51.828,107.001,-0.292921,-0.956036,0.013867,0.955695,-0.292314,0.034641,-0.029065,0.023399,0.999304,0,0.76467,-0.65023,45.880,-1.300,950.000,375.000,-1,375.000,-1,300.000,300.000,325.000,325.000,-1,-1,-1,-1,725.000,775.000,-1,-1,1,0,2,0,2,0,0,0,0,2,2,2,2,0,0,2,2
55,-2678.414,8139.806,50.642,105.707,-0.271264,-0.962389,0.014936,0.962062,-0.270635,0.034552,-0.029210,0.023742,0.999291,0,0.76600,-0.64737,45.960,-1.295,975.000,375.000,-1,375.000,-1,300.000,300.000,325.000,325.000,-1,-1,-1,-1,725.000,775.000,-1,-1,1,0,2,0,2,0,0,0,0,2,2,2,2,0,0,2,2
56,-2689.879,8184.401,49.444,104.418,-0.249566,-0.968225,0.016053,0.967914,-0.248915,0.034394,-0.029306,0.024121,0.999279,0,0.76741,-0.64449,46.045,-1.289,975.000,375.000,-1,400.000,-1,300.000,300.000,350.000,325.000,-1,-1,-1,-1,725.000,775.000,-1,-1,1,0,2,0,2,0,0,0,0,2,2,2,2,0,0,2,2
57,-2700.362,8229.327,48.231,103.134,-0.227840,-0.973546,0.017216,0.973256,-0.227168,0.034174,-0.029359,0.024542,0.999268,0,0.76888,-0.64160,46.133,-1.283,1000.000,375.000,-1,400.000,-1,300.000,300.000,350.000,325.000,-1,-1,-1,-1,725.000,800.000,-1,-1,1,0,2,0,2,0,0,0,0,2,2,2,2,0,0,2,2
58,-2708.681,8269.814,47.134,101.611,-0.201902,-0.979232,0.018457,0.978962,-0.201207,0.033892,-0.029474,0.024912,0.999255,0,0.68888,-0.76160,41.333,-1.523,1000.000,375.000,-1,400.000,-1,300.000,300.000,350.000,325.000,-1,-1,-1,-1,725.000,800.000,-1,-1,1,0,2,0,2,0,0,0,0,2,2,2,2,0,0,2,2
59,-2714.930,8305.809,46.151,99.848,-0.171698,-0.984951,0.019775,0.984703,-0.170981,0.033545,-0.029659,0.025232,0.999242,0,0.60888,-0.88160,36.533,-1.763,-1,375.000,-1,400.000,-1,300.000,325.000,350.000,325.000,-1,-1,-1,-1,725.000,825.000,-1,-1,2,0,2,0,2,0,0,0,0,2,2,2,2,0,0,2,2
60,-2719.894,8341.821,45.150,97.848,-0.137243,-0.990310,0.021246,0.990087,-0.136502,0.033103,-0.029882,0.025579,0.999226,0,0.60588,-1.00000,36.353,-2.000,-1,375.000,-1,400.000,-1,300.000,325.000,350.000,325.000,-1,-1,-1,-1,725.000,850.000,-1,-1,2,0,2,0,2,0,0,0,0,2,2,2,2,0,0,2,2
61,-2723.610,8378.101,44.060,95.848,-0.102611,-0.994466,0.022559,0.994272,-0.101857,0.032370,-0.029893,0.025752,0.999221,0,0.60783,-1.00000,36.470,-2.000,-1,375.000,-1,400.000,-1,300.000,325.000,350.000,325.000,-1,-1,-1,-1,725.000,-1,-1,-1,2,0,2,0,2,0,0,0,0,2,2,2,2,0,2,2,2
62,-2726.065,8414.604,42.890,93.848,-0.067846,-0.997413,0.023734,0.997253,-0.067088,0.031409,-0.029735,0.025800,0.999225,0,0.60975,-1.00000,36.585,-2.000,-1,375.000,-1,400.000,-1,300.000,325.000,350.000,325.000,-1,-1,-1,-1,725.000,-1,-1,-1,2,0,2,0,2,0,0,0,0,2,2,2,2,0,2,2,2
63,-2727.248,8451.281,41.701,91.848,-0.033003,-0.999143,0.024991,0.999016,-0.032238,0.030443,-0.029611,0.025972,0.999224,0,0.61161,-1.00000,36.697,-2.000,-1,375.000,-1,425.000,-1,325.000,325.000,350.000,325.000,-1,-1,-1,-1,725.000,-1,-1,-1,2,0,2,0,2,0,0,0,0,2,2,2,2,0,2,2,2
64,-2727.151,8488.087,40.493,89.848,0.001875,-0.999651,0.026335,0.999562,0.002651,0.029466,-0.029526,0.026269,0.999219,0,0.61343,-1.00000,36.806,-2.000,-1,375.000,-1,425.000,-1,325.000,325.000,350.000,325.000,-1,-1,-1,-1,725.000,-1,-1,-1,2,0,2,0,2,0,0,0,0,2,2,2,2,0,2,2,2
65,-2725.765,8524.973,39.317,87.848,0.036733,-0.998933,0.027990,0.998882,0.037536,0.028721,-0.029741,0.026904,0.999195,0,0.61520,-1.00000,36.912,-2.000,-1,375.000,-1,425.000,-1,325.000,325.000,350.000,325.000,-1,-1,-1,-1,725.000,-1,-1,-1,2,0,2,0,2,0,0,0,0,2,2,2,2,0,2,2,2
66,-2723.085,8561.892,38.038,85.848,0.071510,-0.996983,0.030198,0.996969,0.072373,0.028557,-0.030656,0.028064,0.999136,0,0.61693,-1.00000,37.016,-2.000,-1,375.000,-1,425.000,-1,325.000,325.000,350.000,325.000,-1,-1,-1,-1,725.000,-1,-1,-1,2,0,2,0,2,0,0,0,0,2,2,2,2,0,2,2,2
67,-2719.108,8598.794,36.713,83.848,0.106183,-0.993809,0.032692,0.993841,0.107119,0.028371,-0.031697,0.029478,0.999063,0,0.61860,-1.00000,37.116,-2.000,-1,400.000,-1,425.000,-1,325.000,350.000,350.000,325.000,-1,-1,-1,-1,775.000,-1,-1,-1,2,0,2,0,2,0,0,0,0,2,2,2,2,1,2,2,2
68,-2713.831,8635.632,35.113,81.848,0.140721,-0.989453,0.034368,0.989476,0.141736,0.029115,-0.033679,0.029910,0.998985,0,0.62023,-1.00000,37.214,-2.000,-1,400.000,-1,450.000,-1,325.000,350.000,325.000,325.000,-1,-1,-1,-1,850.000,-1,-1,-1,2,0,2,0,2,0,0,0,0,2,2,2,2,1,2,2,2
69,-2707.254,8672.357,33.446,79.848,0.175077,-0.983894,0.036065,0.983900,0.176179,0.030036,-0.035906,0.030225,0.998898,0,0.62181,-1.00000,37.309,-2.000,-1,400.000,-1,450.000,-1,325.000,350.000,325.000,325.000,-1,-1,-1,-1,975.000,-1,-1,-1,2,0,2,0,2,0,0,0,0,2,2,2,2,1,2,2,2
70,-2698.491,8713.298,31.545,77.919,0.207981,-0.977388,0.038154,0.977376,0.209197,0.031202,-0.038478,0.030801,0.998785,0,0.69780,-0.96456,41.868,-1.929,-1,400.000,-1,450.000,-1,325.000,350.000,325.000,325.000,-1,-1,-1,-1,-1,-1,-1,-1,2,0,2,0,2,0,0,0,0,2,2,2,2,2,2,2,2
71,-2688.312,8754.104,29.573,75.992,0.240588,-0.969787,0.040369,0.969750,0.241931,0.032485,-0.041270,0.031332,0.998657,0,0.70093,-0.96323,42.056,-1.926,-1,400.000,-1,450.000,-1,325.000,350.000,325.000,300.000,-1,-1,-1,-1,-1,-1,-1,-1,2,0,2,0,2,0,0,0,0,2,2,2,2,2,2,2,2
72,-2676.717,8794.724,27.526,74.069,0.272852,-0.961107,0.042725,0.961036,0.274338,0.033877,-0.044281,0.031817,0.998512,0,0.70404,-0.96165,42.242,-1.923,-1,400.000,-1,450.000,-1,325.000,350.000,325.000,300.000,-1,-1,-1,-1,-1,-1,-1,-1,2,0,2,0,2,0,0,0,0,2,2,2,2,2,2,2,2
73,-2663.711,8835.108,25.401,72.149,0.304729,-0.951364,0.045238,0.951254,0.306375,0.035367,-0.047507,0.032255,0.998350,0,0.70711,-0.95983,42.426,-1.920,-1,725.000,-1,450.000,-1,325.000,350.000,325.000,300.000,-1,-1,-1,-1,-1,-1,-1,-1,2,1,2,0,2,0,0,0,0,2,2,2,2,2,2,2,2
74,-2649.302,8875.206,23.194,70.234,0.336174,-0.940580,0.047919,0.940421,0.337999,0.036944,-0.050945,0.032645,0.998168,0,0.71012,-0.95774,42.607,-1.915,-1,-1,-1,450.000,-1,325.000,350.000,325.000,300.000,-1,-1,-1,-1,-1,-1,-1,-1,2,2,2,0,2,0,0,0,0,2,2,2,2,2,2,2,2
75,-2633.499,8914.963,20.791,68.323,0.367106,-0.928764,0.051288,0.928557,0.369163,0.038744,-0.054917,0.033401,0.997932,0,0.71305,-0.95536,42.783,-1.911,-1,-1,-1,450.000,-1,-1,350.000,325.000,300.000,-1,-1,-1,-1,-1,-1,-1,-1,2,2,2,0,2,2,0,0,0,2,2,2,2,2,2,2,2
76,-2616.315,8954.330,18.141,66.418,0.397455,-0.915936,0.055599,0.915686,0.399822,0.040761,-0.059564,0.034710,0.997621,0,0.71588,-0.95269,42.953,-1.905,-1,-1,-1,-1,-1,-1,350.000,325.000,300.000,-1,-1,-1,-1,-1,-1,-1,-1,2,2,2,2,2,2,1,0,0,2,2,2,2,2,2,2,2
77,-2597.766,8993.251,15.383,64.519,0.427225,-0.902138,0.060215,0.901845,0.429940,0.042748,-0.064454,0.036041,0.997270,0,0.71857,-0.94970,43.114,-1.899,-1,-1,-1,-1,-1,-1,-1,300.000,300.000,-1,-1,-1,-1,-1,-1,-1,-1,2,2,2,2,2,2,2,0,0,2,2,2,2,2,2,2,2
78,-2577.871,9031.673,12.469,62.626,0.456394,-0.887407,0.064906,0.887065,0.459482,0.044630,-0.069428,0.037207,0.996893,0,0.72111,-0.94637,43.266,-1.893,-1,-1,-1,-1,-1,-1,-1,300.000,300.000,-1,-1,-1,-1,-1,-1,-1,-1,2,2,2,2,2,2,2,0,0,2,2,2,2,2,2,2,2
79,-2556.654,9069.542,9.303,60.740,0.484971,-0.871790,0.069175,0.871380,0.488418,0.046317,-0.074165,0.037816,0.996529,0,0.72344,-0.94268,43.407,-1.885,-1,-1,-1,-1,-1,-1,-1,300.000,300.000,-1,-1,-1,-1,-1,-1,-1,-1,2,2,2,2,2,2,2,0,0,2,2,2,2,2,2,2,2
80,-2534.142,9106.803,4.439,58.863,0.513044,-0.855498,0.070064,0.854362,0.516820,0.054425,-0.082771,0.031938,0.996057,0,0.72554,-0.93861,43.532,-1.877,-1,-1,-1,-1,-1,-1,-1,275.000,300.000,-1,-1,-1,-1,-1,-1,-1,-1,2,2,2,2,2,2,2,0,0,2,2,2,2,2,2,2,2
81,-2510.366,9143.403,-3.562,56.995,0.540763,-0.838544,0.066477,0.835072,0.544663,0.077445,-0.101149,0.013634,0.994778,0,0.72734,-0.93413,43.641,-1.868,-1,-1,-1,-1,-1,-1,-1,250.000,300.000,-1,-1,-1,-1,-1,-1,-1,-1,2,2,2,2,2,2,2,0,0,2,2,2,2,2,2,2,2
82,-2485.370,9179.290,-12.360,55.136,0.568133,-0.820493,0.063375,0.813910,0.571608,0.103993,-0.121552,-0.007501,0.992557,0,0.72881,-0.92922,43.728,-1.858,-1,-1,-1,-1,-1,-1,-1,200.000,325.000,-1,-1,-1,-1,-1,-1,-1,-1,2,2,2,2,2,2,2,0,0,2,2,2,2,2,2,2,2
83,-2459.199,9214.411,-21.943,53.289,0.595191,-0.801262,0.061057,0.790609,0.597486,0.133969,-0.143825,-0.031465,0.989103,0,0.72987,-0.92385,43.792,-1.848,-1,-1,-1,975.000,-1,-1,-1,150.000,350.000,-1,-1,-1,-1,-1,-1,-1,-1,2,2,2,1,2,2,2,0,0,2,2,2,2,2,2,2,2
84,-2431.902,9248.714,-32.291,51.453,0.621953,-0.780767,0.059805,0.764876,0.622101,0.167198,-0.167747,-0.058246,0.984108,0,0.73047,-0.91798,43.828,-1.836,-1,-1,-1,850.000,-1,-1,-1,125.000,375.000,-1,-1,-1,-1,-1,-1,-1,-1,2,2,2,1,2,2,2,1,0,2,2,2,2,2,2,2,2
85,-2403.536,9282.146,-43.423,49.630,0.648397,-0.758941,0.059914,0.736458,0.645234,0.203230,-0.192898,-0.087650,0.977296,0,0.73052,-0.91161,43.831,-1.823,-1,-1,-1,750.000,-1,-1,1000.000,125.000,400.000,-1,-1,-1,-1,-1,-1,-1,-1,2,2,2,1,2,2,1,1,0,2,2,2,2,2,2,2,2
86,-2374.165,9314.657,-55.271,47.820,0.674495,-0.735709,0.061552,0.705055,0.666628,0.241879,-0.218985,-0.119748,0.968352,0,0.72994,-0.90469,43.797,-1.809,-1,-1,-1,625.000,-1,-1,825.000,125.000,450.000,-1,-1,-1,-1,-1,975.000,-1,-1,2,2,2,1,2,2,1,1,0,2,2,2,2,2,1,2,2
87,8855.126,5575.425,209.653,12.140,0.960313,-0.210105,0.183454,0.214520,0.976710,-0.004329,-0.178272,0.043511,0.983019,1,0.00000,0.00000,43.720,-1.794,800.000,300.000,-1,275.000,350.000,250.000,250.000,375.000,350.000,-1,75.000,100.000,-1,475.000,425.000,625.000,350.000,0,0,2,0,0,0,0,1,0,2,1,1,2,0,0,0,0
88,-9236.329,1542.781,-58.426,-64.561,0.443817,0.894643,-0.051380,-0.881515,0.425559,-0.204526,-0.161112,0.136064,0.977512,1,-0.08000,0.12000,-4.800,0.240,700.000,300.000,-1,400.000,-1,250.000,275.000,325.000,-1,-1,1000.000,825.000,750.000,475.000,850.000,600.000,-1,0,0,2,1,2,1,1,0,2,2,1,1,0,0,1,0,2
89,-9240.525,1551.417,-57.010,-64.081,0.451083,0.891100,-0.049651,-0.877963,0.433064,-0.204050,-0.160327,0.135635,0.977701,0,-0.16000,0.24000,-9.600,0.480,700.000,300.000,-1,400.000,-1,250.000,275.000,325.000,-1,-1,975.000,800.000,750.000,475.000,825.000,600.000,-1,0,0,2,1,2,1,1,0,2,2,1,1,0,0,1,0,2
90,-9245.751,1561.834,-55.282,-63.361,0.461964,0.885638,-0.047271,-0.872501,0.444253,-0.203425,-0.159161,0.135219,0.977949,0,-0.19422,0.36000,-11.653,0.720,700.000,300.000,-1,400.000,-1,250.000,275.000,325.000,-1,-1,950.000,775.000,750.000,475.000,800.000,600.000,-1,0,0,2,1,2,1,1,0,2,2,1,1,0,0,1,0,2
91,-9251.154,1572.172,-53.501,-62.401,0.476427,0.878084,-0.044566,-0.864990,0.459036,-0.202678,-0.157511,0.135110,0.978231,0,-0.19438,0.48000,-11.663,0.960,700.000,300.000,-1,400.000,-1,250.000,275.000,325.000,-1,-1,900.000,750.000,775.000,475.000,775.000,600.000,-1,0,0,2,1,2,1,1,0,2,2,1,1,0,0,1,0,2
92,-9256.787,1582.423,-51.673,-61.201,0.494373,0.868257,-0.041547,-0.855253,0.477313,-0.201781,-0.155366,0.135289,0.978549,0,-0.19492,0.60000,-11.695,1.200,675.000,300.000,-1,375.000,-1,250.000,275.000,325.000,-1,-1,875.000,750.000,775.000,475.000,725.000,600.000,-1,0,0,2,1,2,1,1,0,2,2,1,1,0,0,1,0,2
93,-9262.704,1592.577,-49.805,-59.761,0.515667,0.855936,-0.038234,-0.843070,0.498951,-0.200700,-0.152709,0.135728,0.978906,0,-0.19582,0.72000,-11.749,1.440,675.000,300.000,-1,375.000,-1,250.000,275.000,325.000,-1,-1,825.000,725.000,775.000,475.000,700.000,600.000,-1,0,0,2,1,2,1,1,0,2,2,1,1,0,0,1,0,2
94,-9268.955,1602.619,-47.904,-58.081,0.540140,0.840862,-0.034652,-0.828188,0.523782,-0.199393,-0.149512,0.136398,0.979307,0,-0.19709,0.84000,-11.826,1.680,675.000,300.000,-1,375.000,-1,250.000,275.000,325.000,-1,-1,775.000,700.000,775.000,475.000,675.000,600.000,-1,0,0,2,1,2,1,1,0,2,2,1,1,0,0,1,0,2
95,-9275.555,1612.552,-46.031,-56.387,0.564361,0.824940,-0.031153,-0.812474,0.548356,-0.197970,-0.146231,0.137038,0.979713,0,-0.19872,0.84681,-11.923,1.694,675.000,300.000,-1,350.000,-1,250.000,275.000,325.000,-1,-1,750.000,675.000,775.000,475.000,625.000,600.000,-1,0,0,2,1,2,1,1,0,2,2,1,1,0,0,1,0,2
96,-9282.502,1622.367,-44.191,-54.696,0.588075,0.808329,-0.027777,-0.796084,0.572415,-0.196448,-0.142894,0.137639,0.980121,0,-0.20035,0.84561,-12.021,1.691,675.000,300.000,-1,350.000,-1,250.000,275.000,325.000,-1,-1,725.000,675.000,775.000,500.000,600.000,600.000,-1,0,0,2,1,2,1,1,0,2,2,1,1,0,0,1,0,2
97,-9289.793,1632.050,-42.382,-53.007,0.611266,0.791044,-0.024541,-0.779034,0.595942,-0.194831,-0.139495,0.138212,0.980530,0,-0.20197,0.84443,-12.118,1.689,675.000,300.000,-1,350.000,-1,250.000,275.000,325.000,-1,-1,700.000,675.000,800.000,500.000,600.000,600.000,1000.000,0,0,2,1,2,1,1,0,2,2,1,1,0,0,1,0,1
98,-9297.427,1641.590,-40.603,-51.321,0.633919,0.773101,-0.021459,-0.761343,0.618917,-0.193130,-0.136028,0.138766,0.980939,0,-0.20357,0.84328,-12.214,1.687,675.000,300.000,-1,350.000,-1,250.000,275.000,325.000,-1,-1,675.000,650.000,800.000,500.000,575.000,600.000,950.000,0,0,2,1,2,1,1,0,2,2,1,1,0,0,1,0,1
99,-9305.399,1650.973,-38.855,-49.636,0.656018,0.754517,-0.018547,-0.743027,0.641323,-0.191353,-0.132485,0.139311,0.981346,0,-0.20516,0.84216,-12.310,1.684,700.000,300.000,-1,350.000,-1,250.000,275.000,325.000,-1,-1,650.000,650.000,800.000,500.000,575.000,600.000,900.000,0,0,2,1,2,1,1,0,2,2,1,1,0,0,1,0,1
100,-9313.706,1660.189,-37.135,-47.954,0.677547,0.735310,-0.015818,-0.724103,0.663144,-0.189511,-0.128860,0.139856,0.981751,0,-0.20673,0.84106,-12.404,1.682,700.000,300.000,-1,350.000,-1,250.000,275.000,325.000,-1,-1,650.000,650.000,800.000,500.000,550.000,600.000,850.000,0,0,2,1,2,1,1,0,2,2,1,1,0,0,1,0,1
101,-9322.345,1669.224,-35.442,-46.274,0.698490,0.715496,-0.013286,-0.704592,0.684361,-0.187616,-0.125146,0.140409,0.982153,0,-0.20828,0.83998,-12.497,1.680,700.000,300.000,-1,350.000,-1,250.000,275.000,325.000,-1,-1,625.000,650.000,800.000,500.000,550.000,625.000,825.000,0,0,2,1,2,1,1,0,2,2,1,1,0,0,1,0,1
102,-9331.309,1678.067,-33.785,-44.596,0.718832,0.695098,-0.010923,-0.684508,0.704963,-0.185676,-0.121362,0.140947,0.982550,0,-0.20982,0.83892,-12.589,1.678,725.000,300.000,-1,350.000,-1,250.000,275.000,325.000,-1,-1,625.000,675.000,800.000,500.000,550.000,625.000,800.000,0,0,2,1,2,1,1,0,2,2,1,1,0,0,1,0,1
103,-9336.992,1683.399,-32.734,-43.158,0.735789,0.677152,-0.008976,-0.666837,0.722143,-0.183952,-0.118081,0.141335,0.982894,0,-0.12982,0.71892,-7.789,1.438,725.000,300.000,-1,350.000,-1,250.000,275.000,325.000,-1,-1,625.000,675.000,800.000,500.000,550.000,625.000,775.000,0,0,2,1,2,1,1,0,2,2,1,1,0,0,1,0,1
104,-9339.215,1685.401,-32.201,-41.961,0.749586,0.661863,-0.007687,-0.651818,0.736090,-0.182493,-0.115126,0.141805,0.983177,0,-0.04982,0.59892,-2.989,1.198,725.000,300.000,-1,350.000,-1,250.000,275.000,325.000,-1,-1,625.000,700.000,825.000,500.000,525.000,625.000,750.000,0,0,2,1,2,1,1,0,2,2,1,1,0,0,1,0,1
105,-9337.849,1684.215,-32.155,-41.003,0.760403,0.649413,-0.007022,-0.639634,0.746992,-0.181305,-0.112497,0.142356,0.983402,0,0.03018,0.47892,1.811,0.958,725.000,300.000,-1,350.000,-1,250.000,275.000,325.000,-1,-1,625.000,625.000,875.000,500.000,525.000,650.000,725.000,0,0,2,1,2,1,1,0,2,2,1,0,1,0,1,0,1
106,-9332.805,1679.943,-32.572,-40.285,0.768389,0.639945,-0.006952,-0.630427,0.755000,-0.180380,-0.110185,0.142985,0.983572,0,0.11018,0.35892,6.611,0.718,750.000,300.000,-1,325.000,-1,250.000,275.000,325.000,-1,-1,625.000,575.000,-1,500.000,525.000,650.000,700.000,0,0,2,1,2,1,1,0,2,2,1,0,2,0,1,0,1
107,-9324.039,1672.640,-33.432,-39.807,0.773656,0.633563,-0.007458,-0.624304,0.760234,-0.179690,-0.108176,0.143674,0.983695,0,0.19018,0.23892,11.411,0.478,750.000,300.000,-1,325.000,-1,250.000,275.000,325.000,-1,-1,650.000,525.000,-1,500.000,525.000,650.000,700.000,0,0,2,1,2,0,1,0,2,2,1,0,2,0,1,0,1
108,-9311.542,1662.316,-34.721,-39.569,0.776277,0.630334,-0.008527,-0.621339,0.762776,-0.179195,-0.106448,0.144403,0.983777,0,0.27018,0.11892,16.211,0.238,750.000,300.000,-1,325.000,975.000,250.000,275.000,325.000,-1,-1,650.000,500.000,-1,500.000,525.000,650.000,675.000,0,0,2,1,1,0,1,0,2,2,1,0,2,0,0,0,1
109,-9295.346,1648.932,-36.431,-39.571,0.776290,0.630294,-0.010153,-0.621574,0.762669,-0.178833,-0.104974,0.145137,0.983827,0,0.35018,-0.00108,21.011,-0.002,775.000,300.000,-1,325.000,950.000,250.000,275.000,325.000,-1,-1,675.000,500.000,-1,500.000,500.000,675.000,650.000,0,0,2,1,1,0,1,0,2,2,1,0,2,0,0,0,1
110,-9275.518,1632.407,-38.544,-39.814,0.773692,0.633440,-0.012409,-0.625022,0.759913,-0.178548,-0.103670,0.145897,0.983853,0,0.43018,-0.12108,25.811,-0.242,825.000,300.000,-1,325.000,925.000,250.000,275.000,325.000,-1,-1,700.000,475.000,-1,500.000,500.000,675.000,625.000,0,0,2,1,1,0,1,0,2,2,1,0,2,0,0,0,1
111,-9252.166,1612.615,-41.523,-40.296,0.768582,0.639473,-0.018860,-0.631859,0.754155,-0.178896,-0.100176,0.149413,0.983687,0,0.51018,-0.24108,30.611,-0.482,-1,300.000,-1,325.000,900.000,250.000,275.000,325.000,-1,-1,700.000,400.000,-1,525.000,500.000,725.000,625.000,2,0,2,1,1,0,1,0,2,2,1,0,2,0,0,0,1
112,-9225.441,1589.384,-45.635,-41.018,0.760808,0.648313,-0.029357,-0.642053,0.745329,-0.179593,-0.094552,0.155484,0.983303,0,0.59018,-0.36108,35.411,-0.722,-1,325.000,-1,325.000,875.000,275.000,250.000,325.000,-1,-1,550.000,250.000,-1,550.000,500.000,925.000,600.000,2,0,2,1,1,0,1,0,2,2,0,0,2,0,0,0,1
113,-9196.394,1563.263,-49.841,-41.980,0.750065,0.660192,-0.039365,-0.655246,0.733731,-0.179699,-0.089753,0.160579,0.982934,0,0.65105,-0.48108,39.063,-0.962,-1,325.000,-1,325.000,850.000,275.000,275.000,350.000,-1,-1,450.000,200.000,-1,575.000,500.000,-1,575.000,2,0,2,1,1,0,0,0,2,2,0,0,2,0,0,2,0
114,-9168.069,1536.720,-53.720,-43.151,0.736579,0.674665,-0.047731,-0.670790,0.719671,-0.179205,-0.086553,0.164016,0.982653,0,0.64695,-0.58561,38.817,-1.171,-1,325.000,-1,325.000,825.000,275.000,275.000,350.000,-1,-1,425.000,175.000,-1,575.000,500.000,-1,550.000,2,0,2,0,1,0,0,0,2,2,0,0,2,0,0,2,1
115,-9140.463,1509.765,-57.333,-44.324,0.722699,0.688990,-0.054769,-0.686033,0.705441,-0.178076,-0.084056,0.166269,0.982491,0,0.64302,-0.58639,38.581,-1.173,-1,325.000,-1,325.000,825.000,275.000,275.000,350.000,-1,-1,400.000,0.000,-1,600.000,500.000,-1,550.000,2,0,2,0,1,0,0,0,2,2,0,0,2,0,0,2,0
116,-9113.590,1482.424,-60.679,-45.498,0.708448,0.703170,-0.060444,-0.700951,0.691049,-0.176408,-0.082275,0.167344,0.982460,0,0.63890,-0.58703,38.334,-1.174,-1,350.000,-1,325.000,825.000,275.000,275.000,350.000,-1,-1,400.000,0.000,-1,600.000,500.000,-1,550.000,2,0,2,0,1,0,0,0,2,2,0,0,2,0,0,2,0
117,-9087.459,1454.723,-63.910,-46.673,0.693852,0.717139,-0.065424,-0.715573,0.676431,-0.174344,-0.080774,0.167785,0.982509,0,0.63464,-0.58755,38.078,-1.175,-1,350.000,-1,325.000,825.000,275.000,275.000,350.000,-1,-1,400.000,0.000,-1,625.000,500.000,-1,550.000,2,0,2,0,1,0,0,0,2,2,0,0,2,0,0,2,0
118,-9062.078,1426.684,-67.115,-47.849,0.678925,0.730854,-0.070089,-0.729911,0.661559,-0.171959,-0.079309,0.167906,0.982608,0,0.63028,-0.58792,37.817,-1.176,-1,350.000,-1,300.000,800.000,275.000,275.000,350.000,-1,-1,300.000,0.000,-1,625.000,500.000,-1,550.000,2,0,2,0,1,0,0,0,2,2,0,1,2,0,0,2,0
119,-9037.453,1398.331,-70.290,-49.025,0.663679,0.744307,-0.074411,-0.743950,0.646437,-0.169287,-0.077899,0.167710,0.982754,0,0.62586,-0.58817,37.552,-1.176,-1,350.000,-1,300.000,800.000,275.000,275.000,350.000,-1,-1,150.000,0.000,-1,625.000,500.000,-1,550.000,2,0,2,0,1,0,0,0,2,2,0,1,2,0,0,2,0
120,-9013.585,1369.682,-73.571,-50.202,0.648185,0.757426,-0.078497,-0.757588,0.631020,-0.166956,-0.076923,0.167687,0.982835,0,0.62144,-0.58828,37.286,-1.177,-1,350.000,-1,300.000,800.000,275.000,275.000,350.000,-1,-1,75.000,0.000,-1,625.000,500.000,-1,550.000,2,0,2,0,1,0,0,0,2,2,0,1,2,0,0,2,0
121,-8990.475,1340.754,-76.779,-51.378,0.632376,0.770288,-0.082199,-0.770936,0.615387,-0.164186,-0.075887,0.167198,0.982999,0,0.61704,-0.58826,37.023,-1.177,-1,350.000,-1,300.000,775.000,275.000,275.000,350.000,-1,-1,25.000,25.000,-1,625.000,500.000,-1,550.000,2,0,2,0,1,0,0,0,2,2,0,1,2,0,0,2,0
122,-8968.122,1311.562,-79.854,-52.555,0.616235,0.782915,-0.085432,-0.784019,0.599564,-0.160740,-0.074624,0.166033,0.983293,0,0.61273,-0.58812,36.764,-1.176,-1,350.000,-1,300.000,775.000,275.000,275.000,350.000,-1,-1,25.000,25.000,-1,625.000,500.000,-1,550.000,2,0,2,0,1,0,0,0,2,2,1,1,2,0,0,2,0
123,-8946.523,1282.121,-82.808,-53.730,0.599777,0.795294,-0.088173,-0.796815,0.583552,-0.156695,-0.073165,0.164240,0.983703,0,0.60853,-0.58785,36.512,-1.176,-1,350.000,-1,300.000,775.000,275.000,275.000,350.000,-1,-1,50.000,50.000,-1,650.000,525.000,-1,575.000,2,0,2,0,1,0,0,0,2,2,1,1,2,0,0,2,0
124,-8925.673,1252.441,-85.653,-54.905,0.583017,0.807414,-0.090406,-0.809304,0.567347,-0.152131,-0.071541,0.161861,0.984217,0,0.60449,-0.58747,36.269,-1.175,-1,350.000,-1,300.000,775.000,275.000,275.000,350.000,-1,-1,50.000,50.000,-1,650.000,525.000,-1,625.000,2,0,2,0,1,0,0,0,2,2,1,1,2,0,0,2,0
125,-8905.565,1222.532,-88.402,-56.079,0.565971,0.819262,-0.092120,-0.821467,0.550951,-0.147123,-0.069778,0.158941,0.984819,0,0.60062,-0.58697,36.037,-1.174,-1,350.000,-1,325.000,800.000,275.000,275.000,325.000,-1,-1,50.000,50.000,-1,650.000,525.000,-1,625.000,2,0,2,0,1,0,0,0,2,2,1,1,2,0,0,2,0
126,-8886.192,1192.403,-90.885,-57.252,0.548751,0.830731,-0.093592,-0.833178,0.534302,-0.142603,-0.068458,0.156232,0.985345,0,0.59696,-0.58637,35.818,-1.173,-1,350.000,-1,325.000,825.000,275.000,275.000,325.000,-1,-1,75.000,75.000,-1,675.000,550.000,-1,625.000,2,0,2,0,1,0,0,0,2,2,1,1,2,0,0,2,0
127,-8864.783,1157.884,-93.386,-58.185,0.534591,0.839788,-0.094702,-0.842594,0.520999,-0.136364,-0.065177,0.152694,0.986122,0,0.67696,-0.46637,40.618,-0.933,-1,375.000,-1,325.000,825.000,300.000,275.000,325.000,-1,-1,75.000,75.000,-1,700.000,550.000,-1,650.000,2,0,2,0,1,0,0,0,2,2,1,1,2,0,0,2,0
128,-8841.313,1119.000,-95.737,-58.878,0.523540,0.846664,-0.095216,-0.849924,0.511193,-0.127712,-0.059456,0.147789,0.987230,0,0.75696,-0.34637,45.418,-0.693,-1,375.000,-1,325.000,825.000,300.000,275.000,325.000,-1,-1,75.000,100.000,-1,725.000,575.000,-1,675.000,2,0,2,0,1,0,0,0,2,2,1,1,2,0,0,2,0
129,-8816.878,1077.787,-97.269,-59.330,0.515662,0.851310,-0.096767,-0.855320,0.504863,-0.116369,-0.050212,0.142774,0.988481,0,0.79855,-0.22637,47.913,-0.453,-1,400.000,-1,350.000,850.000,300.000,300.000,325.000,-1,-1,50.000,100.000,-1,800.000,600.000,-1,775.000,2,0,2,0,1,0,0,0,2,2,1,1,2,0,0,2,0
130,-8792.752,1036.761,-99.850,-59.543,0.511825,0.853293,-0.099625,-0.857962,0.501766,-0.110148,-0.044000,0.141851,0.988910,0,0.79325,-0.10637,47.595,-0.213,-1,400.000,-1,375.000,800.000,325.000,300.000,325.000,-1,-1,0.000,100.000,-1,825.000,600.000,-1,800.000,2,0,2,0,1,0,0,0,2,2,1,1,2,0,0,2,0
131,-8768.756,996.006,-102.964,-59.516,0.511820,0.852883,-0.103105,-0.858185,0.502071,-0.106971,-0.039468,0.143233,0.988902,0,0.78824,0.01363,47.294,0.027,-1,400.000,-1,375.000,725.000,325.000,300.000,325.000,-1,-1,0.000,100.000,-1,850.000,600.000,-1,800.000,2,0,2,0,0,0,0,0,2,2,1,1,2,0,0,2,0
132,-8744.714,955.605,-105.927,-59.248,0.515364,0.850370,-0.106169,-0.856266,0.505947,-0.104047,-0.034762,0.144532,0.988889,0,0.78358,0.13363,47.015,0.267,-1,400.000,-1,375.000,700.000,325.000,300.000,350.000,-1,-1,0.000,75.000,-1,850.000,600.000,-1,775.000,2,0,2,0,0,0,0,0,2,2,0,1,2,0,0,2,0
133,-8720.448,915.636,-108.713,-58.741,0.522431,0.845710,-0.108811,-0.852157,0.513367,-0.101406,-0.029900,0.145702,0.988877,0,0.77933,0.25363,46.760,0.507,-1,400.000,-1,350.000,675.000,325.000,325.000,350.000,-1,-1,0.000,75.000,-1,875.000,600.000,-1,775.000,2,0,2,0,0,0,0,0,2,2,0,1,2,0,0,2,0
134,-8695.784,876.182,-111.290,-57.994,0.532972,0.838820,-0.111007,-0.845766,0.524275,-0.099069,-0.024903,0.146687,0.988869,0,0.77552,0.37363,46.531,0.747,-1,425.000,-1,350.000,675.000,325.000,325.000,350.000,-1,-1,0.000,50.000,-1,900.000,575.000,-1,775.000,2,0,2,0,0,0,0,0,2,2,0,1,2,0,0,2,0
135,-8670.553,837.328,-113.794,-57.007,0.546861,0.829495,-0.113493,-0.837001,0.538542,-0.096965,-0.019311,0.148020,0.988796,0,0.77217,0.49363,46.330,0.987,-1,425.000,-1,350.000,650.000,325.000,300.000,350.000,-1,-1,0.000,0.000,-1,925.000,575.000,-1,750.000,2,0,2,0,0,0,0,0,2,2,0,1,2,0,0,2,0
136,-8644.591,799.167,-116.332,-55.779,0.563934,0.817508,-0.116871,-0.825721,0.556007,-0.095083,-0.012750,0.150123,0.988585,0,0.76930,0.61363,46.158,1.227,-1,450.000,-1,350.000,625.000,325.000,300.000,350.000,-1,-1,0.000,0.000,-1,950.000,575.000,-1,750.000,2,0,2,0,0,0,0,0,2,2,0,1,2,0,0,2,0
137,-8617.746,761.797,-118.251,-54.312,0.584225,0.802935,-0.118226,-0.811561,0.576708,-0.093681,-0.007038,0.150678,0.988558,0,0.76694,0.73363,46.016,1.467,-1,450.000,-1,350.000,600.000,325.000,300.000,350.000,-1,-1,0.000,0.000,-1,975.000,575.000,-1,750.000,2,0,2,0,0,0,0,0,2,2,0,0,2,0,0,2,0
138,-8589.873,725.328,-119.530,-52.605,0.607604,0.785731,-0.115949,-0.794236,0.600629,-0.091835,-0.002515,0.147890,0.989001,0,0.76507,0.85363,45.904,1.707,-1,450.000,-1,350.000,600.000,325.000,300.000,350.000,-1,-1,0.000,0.000,-1,1000.000,575.000,-1,725.000,2,0,2,0,0,0,0,0,2,2,0,0,2,0,0,2,0
