timestep,x_cm,y_cm,z_cm,yaw_deg,basis_xx,basis_xy,basis_xz,basis_yx,basis_yy,basis_yz,basis_zx,basis_zy,basis_zz,teleport_flag,throttle_cmd,steering_cmd,cmd_move_cm,cmd_turn_deg,lidar_cm_0,lidar_cm_1,lidar_cm_2,lidar_cm_3,lidar_cm_4,lidar_cm_5,lidar_cm_6,lidar_cm_7,lidar_cm_8,lidar_cm_9,lidar_cm_10,lidar_cm_11,lidar_cm_12,lidar_cm_13,lidar_cm_14,lidar_cm_15,lidar_cm_16,lidar_class_0,lidar_class_1,lidar_class_2,lidar_class_3,lidar_class_4,lidar_class_5,lidar_class_6,lidar_class_7,lidar_class_8,lidar_class_9,lidar_class_10,lidar_class_11,lidar_class_12,lidar_class_13,lidar_class_14,lidar_class_15,lidar_class_16
0,4923.957,-5573.660,-58.695,21.031,0.933778,-0.357742,-0.008890,0.357236,0.930424,0.081816,-0.020998,-0.079574,0.996608,1,0.08000,-0.12000,4.800,-0.240,925.000,375.000,825.000,400.000,-1,325.000,325.000,300.000,300.000,-1,-1,-1,-1,600.000,675.000,750.000,-1,1,0,1,1,2,0,0,0,0,2,2,2,2,1,1,1,2
1,4932.946,-5570.290,-58.861,20.551,0.936732,-0.349936,-0.008882,0.349461,0.933390,0.081609,-0.020267,-0.079550,0.996625,0,0.16000,-0.24000,9.600,-0.480,900.000,375.000,825.000,400.000,-1,325.000,325.000,300.000,300.000,-1,-1,-1,-1,575.000,675.000,725.000,-1,1,0,1,1,2,0,0,0,0,2,2,2,2,1,1,1,2
2,4946.490,-5565.399,-59.098,19.858,0.940885,-0.338611,-0.008885,0.338182,0.937561,0.081309,-0.019202,-0.079507,0.996649,0,0.24000,-0.34685,14.400,-0.694,875.000,375.000,825.000,400.000,-1,325.000,325.000,300.000,300.000,-1,-1,-1,-1,575.000,675.000,700.000,-1,1,0,1,1,2,0,0,0,0,2,2,2,2,1,1,1,2
3,4964.627,-5559.095,-59.407,19.166,0.944890,-0.327266,-0.008900,0.326886,0.941592,0.080934,-0.018107,-0.079383,0.996680,0,0.32000,-0.34601,19.200,-0.692,825.000,375.000,800.000,400.000,-1,325.000,325.000,300.000,300.000,-1,-1,-1,-1,550.000,700.000,675.000,-1,1,0,1,1,2,0,0,0,0,2,2,2,2,1,1,1,2
4,4987.390,-5551.490,-59.779,18.476,0.948748,-0.315906,-0.008936,0.315576,0.945480,0.080488,-0.016978,-0.079183,0.996716,0,0.40000,-0.34505,24.000,-0.690,800.000,375.000,800.000,400.000,-1,325.000,325.000,300.000,300.000,-1,-1,-1,-1,525.000,700.000,650.000,-1,1,0,1,1,2,0,1,0,0,2,2,2,2,1,1,1,2
5,5014.814,-5542.692,-60.207,17.788,0.952458,-0.304538,-0.009005,0.304261,0.949226,0.079975,-0.015807,-0.078913,0.996756,0,0.48000,-0.34397,28.800,-0.688,750.000,375.000,775.000,375.000,-1,325.000,325.000,300.000,300.000,-1,-1,-1,-1,500.000,700.000,600.000,-1,1,1,1,1,2,1,1,0,0,2,2,2,2,1,1,1,2
6,5046.929,-5532.812,-60.682,17.102,0.956017,-0.293168,-0.009119,0.292947,0.952826,0.079398,-0.014588,-0.078577,0.996801,0,0.56000,-0.34274,33.600,-0.685,675.000,375.000,750.000,375.000,-1,300.000,300.000,300.000,300.000,-1,-1,-1,-1,475.000,700.000,550.000,-1,1,1,1,1,2,1,1,0,0,2,2,2,2,1,1,1,2
7,5083.763,-5521.958,-61.198,16.420,0.959427,-0.281804,-0.009288,0.281643,0.956281,0.078762,-0.013313,-0.078182,0.996850,0,0.64000,-0.34131,38.400,-0.683,625.000,350.000,725.000,375.000,-1,300.000,300.000,300.000,275.000,-1,-1,-1,-1,450.000,700.000,500.000,-1,1,1,1,1,2,1,1,0,0,2,2,2,2,1,1,1,2
8,5121.410,-5511.348,-61.693,15.740,0.962686,-0.270455,-0.009511,0.270355,0.959585,0.078134,-0.012005,-0.077790,0.996897,0,0.65187,-0.33967,39.112,-0.679,550.000,325.000,700.000,375.000,-1,275.000,300.000,300.000,275.000,-1,-1,-1,-1,425.000,700.000,475.000,-1,1,1,1,1,2,1,1,0,0,2,2,2,2,1,1,1,2
9,5159.321,-5501.145,-62.158,15.065,0.965794,-0.259127,-0.009783,0.259092,0.962736,0.077528,-0.010671,-0.077411,0.996942,0,0.65432,-0.33787,39.259,-0.676,500.000,300.000,675.000,375.000,-1,275.000,275.000,300.000,275.000,-1,-1,-1,-1,400.000,700.000,425.000,-1,1,1,1,1,2,1,1,0,0,2,2,2,2,1,1,1,2
10,5197.488,-5491.351,-62.582,14.393,0.968752,-0.247827,-0.010082,0.247856,0.965733,0.076993,-0.009345,-0.077086,0.996981,0,0.65672,-0.33591,39.403,-0.672,425.000,275.000,650.000,350.000,-1,250.000,275.000,300.000,275.000,975.000,-1,-1,-1,375.000,700.000,375.000,-1,1,1,1,1,2,1,1,0,0,1,2,2,2,1,1,1,2
11,5235.902,-5481.969,-62.927,13.725,0.971559,-0.236560,-0.010589,0.236666,0.968564,0.076632,-0.007872,-0.076959,0.997003,0,0.65905,-0.33379,39.543,-0.668,375.000,275.000,625.000,350.000,-1,250.000,275.000,300.000,275.000,950.000,-1,-1,-1,350.000,700.000,325.000,-1,1,1,1,1,2,1,1,0,0,1,2,2,2,1,1,1,2
12,5274.554,-5473.002,-63.236,13.062,0.974217,-0.225339,-0.011142,0.225524,0.971244,0.076319,-0.006376,-0.076864,0.997021,0,0.66130,-0.33149,39.678,-0.663,325.000,250.000,600.000,350.000,-1,225.000,250.000,300.000,275.000,900.000,-1,-1,-1,325.000,700.000,275.000,-1,1,1,1,1,2,1,1,0,0,1,2,2,2,1,1,1,2
13,5313.433,-5464.451,-63.450,12.404,0.976728,-0.214176,-0.011477,0.214423,0.973792,0.075845,-0.005068,-0.076541,0.997054,0,0.66346,-0.32900,39.808,-0.658,275.000,225.000,550.000,350.000,-1,225.000,250.000,300.000,275.000,875.000,-1,-1,-1,300.000,700.000,250.000,-1,1,1,1,1,2,1,1,0,0,1,2,2,2,1,1,1,2
14,5352.529,-5456.331,-60.568,11.752,0.978946,-0.203253,-0.018794,0.204034,0.977048,0.061212,0.005921,-0.063758,0.997948,0,0.66551,-0.32631,39.931,-0.653,250.000,225.000,575.000,350.000,-1,225.000,250.000,325.000,275.000,850.000,900.000,775.000,-1,300.000,800.000,225.000,-1,1,1,1,1,2,1,1,0,0,1,0,0,2,1,0,1,2
15,5391.828,-5448.629,-57.382,11.105,0.980949,-0.192364,-0.027103,0.193445,0.980056,0.045484,0.017813,-0.049861,0.998597,0,0.66743,-0.32339,40.046,-0.647,225.000,225.000,800.000,375.000,-1,225.000,250.000,350.000,275.000,850.000,625.000,450.000,-1,300.000,850.000,225.000,-1,1,1,1,1,2,1,1,0,0,1,0,0,2,1,0,1,2
16,5431.316,-5441.344,-54.090,10.464,0.982733,-0.181507,-0.035941,0.182592,0.982743,0.029605,0.029947,-0.035656,0.998915,0,0.66921,-0.32023,40.153,-0.640,225.000,225.000,-1,400.000,-1,225.000,275.000,375.000,275.000,850.000,450.000,300.000,875.000,300.000,900.000,200.000,-1,1,1,2,1,2,1,1,0,0,1,0,0,0,1,0,1,2
17,5475.643,-5433.865,-50.237,9.584,0.984939,-0.166459,-0.046752,0.167168,0.985859,0.011658,0.044150,-0.019298,0.998839,0,0.74921,-0.44023,44.953,-0.880,200.000,225.000,-1,425.000,-1,225.000,275.000,425.000,250.000,875.000,350.000,225.000,675.000,300.000,975.000,200.000,-1,1,1,2,1,2,1,1,0,0,1,0,0,0,1,0,1,2
18,5523.207,-5426.788,-45.962,8.463,0.987324,-0.147177,-0.059414,0.147000,0.989109,-0.007358,0.059850,-0.001470,0.998206,0,0.80141,-0.56023,48.085,-1.120,200.000,225.000,-1,475.000,-1,225.000,300.000,475.000,250.000,875.000,300.000,150.000,525.000,300.000,-1,175.000,-1,1,1,2,1,2,1,1,0,0,1,0,0,0,1,2,1,2
19,5570.984,-5420.830,-41.562,7.103,0.989613,-0.123635,-0.073358,0.122050,0.992190,-0.025729,0.075966,0.016509,0.996974,0,0.80241,-0.68023,48.145,-1.360,175.000,225.000,-1,550.000,-1,225.000,300.000,525.000,250.000,900.000,250.000,100.000,400.000,300.000,-1,175.000,-1,1,1,2,1,2,1,1,0,0,1,0,0,0,1,2,1,2
20,-6231.362,-6887.244,-199.137,8.557,0.988884,-0.148305,-0.010690,0.146929,0.985676,-0.082790,0.022815,0.080299,0.996510,1,0.00000,0.00000,48.160,-1.600,-1,375.000,-1,375.000,625.000,325.000,325.000,300.000,300.000,-1,975.000,850.000,-1,725.000,625.000,-1,700.000,2,0,2,1,1,0,0,0,0,2,0,0,2,0,1,2,1
21,-6226.612,-6886.549,-199.026,8.317,0.989492,-0.144174,-0.010889,0.142795,0.986282,-0.082812,0.022679,0.080386,0.996506,0,0.08000,-0.12000,4.800,-0.240,-1,375.000,-1,375.000,625.000,325.000,325.000,300.000,300.000,-1,975.000,850.000,-1,725.000,600.000,-1,675.000,2,0,2,1,1,0,0,0,0,2,0,0,2,0,1,2,1
22,-6217.102,-6885.240,-198.810,7.837,0.990658,-0.135905,-0.011290,0.134520,0.987442,-0.082844,0.022407,0.080552,0.996499,0,0.16000,-0.24000,9.600,-0.480,-1,375.000,-1,375.000,600.000,325.000,325.000,300.000,300.000,-1,950.000,825.000,-1,725.000,600.000,-1,675.000,2,0,2,1,1,0,0,0,0,2,0,0,2,0,1,2,1
23,-6202.812,-6883.456,-198.501,7.117,0.992275,-0.123484,-0.011897,0.122089,0.989053,-0.082871,0.022000,0.080778,0.996489,0,0.24000,-0.36000,14.400,-0.720,-1,400.000,-1,375.000,600.000,325.000,325.000,300.000,300.000,-1,925.000,800.000,-1,725.000,600.000,-1,650.000,2,0,2,1,1,0,0,0,0,2,0,0,2,0,1,2,1
24,-6183.722,-6881.397,-198.116,6.157,0.994189,-0.106893,-0.012714,0.105486,0.990962,-0.082865,0.021457,0.081042,0.996480,0,0.32000,-0.48000,19.200,-0.960,-1,400.000,-1,375.000,575.000,325.000,325.000,300.000,300.000,-1,900.000,775.000,-1,725.000,600.000,-1,650.000,2,0,2,1,1,0,1,0,0,2,0,0,2,0,1,2,1
25,-6159.811,-6879.323,-197.675,4.957,0.996190,-0.086115,-0.013749,0.084693,0.992962,-0.082792,0.020782,0.081312,0.996472,0,0.40000,-0.60000,24.000,-1.200,-1,400.000,-1,375.000,575.000,325.000,325.000,300.000,300.000,-1,875.000,750.000,-1,725.000,575.000,-1,625.000,2,0,2,1,1,0,1,0,0,2,0,0,2,0,1,2,1
26,-6131.064,-6877.556,-197.204,3.517,0.998017,-0.061133,-0.015005,0.059693,0.994793,-0.082608,0.019977,0.081548,0.996469,0,0.48000,-0.72000,28.800,-1.440,-1,400.000,-1,375.000,550.000,325.000,325.000,300.000,300.000,-1,800.000,725.000,-1,725.000,575.000,-1,600.000,2,0,2,1,1,0,1,0,0,2,0,0,2,0,1,2,1
27,-6097.480,-6876.479,-196.735,1.837,0.999354,-0.031942,-0.016486,0.030482,0.996145,-0.082260,0.019050,0.081704,0.996475,0,0.56000,-0.84000,33.600,-1.680,-1,400.000,-1,350.000,525.000,325.000,325.000,300.000,300.000,-1,700.000,675.000,-1,725.000,550.000,-1,550.000,2,0,2,1,1,0,1,0,0,2,0,0,2,0,1,2,1
28,-6059.079,-6876.535,-196.303,-0.083,0.999834,0.001451,-0.018190,-0.002933,0.996654,-0.081684,0.018010,0.081724,0.996492,0,0.64000,-0.96000,38.400,-1.920,-1,400.000,-1,350.000,500.000,325.000,325.000,300.000,300.000,-1,575.000,625.000,-1,750.000,525.000,-1,525.000,2,0,2,1,1,0,1,0,0,2,0,0,2,0,1,2,1
29,-6015.906,-6878.106,-195.941,-2.083,0.999141,0.036234,-0.020110,-0.037747,0.996012,-0.080846,0.017100,0.081535,0.996524,0,0.72000,-1.00000,43.200,-2.000,-1,400.000,-1,350.000,475.000,325.000,300.000,300.000,300.000,-1,500.000,600.000,-1,750.000,500.000,-1,500.000,2,0,2,1,1,0,1,0,0,2,0,0,2,0,1,2,1
30,-5968.026,-6881.525,-195.674,-4.083,0.997230,0.070974,-0.022238,-0.072534,0.994176,-0.079707,0.016451,0.081099,0.996570,0,0.80000,-1.00000,48.000,-2.000,-1,400.000,-1,325.000,450.000,325.000,300.000,300.000,300.000,-1,450.000,525.000,-1,750.000,475.000,-1,450.000,2,0,2,1,1,0,1,0,0,2,0,0,2,0,1,2,1
31,-5915.522,-6887.121,-195.361,-6.083,0.994110,0.105628,-0.024254,-0.107233,0.991097,-0.078915,0.015703,0.081051,0.996586,0,0.88000,-1.00000,52.800,-2.000,-1,400.000,-1,325.000,400.000,325.000,300.000,300.000,300.000,-1,425.000,500.000,-1,725.000,450.000,-1,400.000,2,0,2,1,1,0,1,0,0,2,0,0,2,1,1,2,1
32,-5858.493,-6895.221,-194.530,-8.083,0.989788,0.140155,-0.026010,-0.141783,0.986824,-0.077943,0.014743,0.080835,0.996618,0,0.96000,-1.00000,57.600,-2.000,-1,400.000,-1,300.000,350.000,325.000,275.000,300.000,300.000,-1,425.000,500.000,-1,700.000,425.000,-1,350.000,2,0,2,1,1,1,1,0,0,2,0,0,2,1,1,2,1
33,-5799.419,-6905.732,-192.019,-10.083,0.984168,0.174605,-0.030450,-0.176348,0.981871,-0.069504,0.017762,0.073774,0.997117,0,1.00000,-1.00000,60.000,-2.000,-1,400.000,-1,300.000,350.000,325.000,275.000,300.000,300.000,-1,400.000,475.000,-1,675.000,425.000,-1,350.000,2,0,2,1,1,1,1,0,0,2,0,0,2,1,1,2,1
34,-5740.748,-6918.299,-189.462,-12.083,0.977321,0.208882,-0.034811,-0.210672,0.975723,-0.059849,0.021464,0.065825,0.997600,0,1.00000,-1.00000,60.000,-2.000,-1,425.000,-1,275.000,325.000,300.000,275.000,300.000,325.000,-1,350.000,450.000,-1,650.000,400.000,925.000,325.000,2,0,2,1,1,1,1,0,0,2,0,0,2,1,1,1,1
35,-5682.552,-6932.906,-186.836,-14.083,0.969257,0.242940,-0.039014,-0.244685,0.968369,-0.048893,0.025902,0.056936,0.998042,0,1.00000,-1.00000,60.000,-2.000,-1,425.000,-1,275.000,325.000,300.000,250.000,275.000,350.000,-1,325.000,425.000,-1,625.000,375.000,825.000,300.000,2,1,2,1,1,1,1,0,0,2,0,0,2,1,1,1,1
36,-5624.901,-6949.535,-184.120,-16.083,0.959987,0.276730,-0.042969,-0.278311,0.959795,-0.036561,0.031124,0.047057,0.998407,0,1.00000,-1.00000,60.000,-2.000,-1,400.000,-1,275.000,300.000,300.000,250.000,275.000,375.000,900.000,275.000,400.000,-1,575.000,375.000,750.000,300.000,2,1,2,1,1,1,1,0,0,0,0,0,2,1,1,1,1
37,-5567.866,-6968.165,-181.293,-18.083,0.949531,0.310199,-0.046568,-0.311465,0.949984,-0.022790,0.037170,0.036144,0.998655,0,1.00000,-1.00000,60.000,-2.000,850.000,375.000,-1,250.000,300.000,275.000,250.000,275.000,400.000,775.000,225.000,400.000,-1,550.000,350.000,675.000,275.000,1,1,2,1,1,1,1,0,0,0,0,0,2,1,1,1,1
38,-5511.515,-6988.774,-178.340,-20.083,0.937915,0.343288,-0.049691,-0.344054,0.938919,-0.007530,0.044071,0.024159,0.998736,0,1.00000,-1.00000,60.000,-2.000,700.000,350.000,-1,250.000,275.000,275.000,225.000,275.000,425.000,650.000,175.000,350.000,-1,500.000,350.000,600.000,250.000,1,1,2,1,1,1,1,0,0,0,0,0,2,1,1,1,1
39,-5455.917,-7011.336,-175.246,-22.083,0.925175,0.375933,-0.052207,-0.375982,0.926581,0.009251,0.051852,0.011070,0.998593,0,1.00000,-1.00000,60.000,-2.000,575.000,325.000,-1,250.000,275.000,250.000,225.000,250.000,450.000,550.000,125.000,300.000,-1,475.000,325.000,525.000,250.000,1,1,2,1,1,1,1,0,0,0,0,0,2,1,1,1,1
40,4263.564,-2295.803,0.833,-172.766,-0.991964,0.125565,-0.015502,-0.124004,-0.989230,-0.077758,-0.025099,-0.075211,0.996852,1,0.00000,0.00000,60.000,-2.000,675.000,375.000,-1,400.000,-1,325.000,325.000,325.000,300.000,-1,-1,-1,-1,650.000,750.000,-1,-1,1,0,2,0,2,0,0,0,0,2,2,2,2,0,0,2,2
41,4258.799,-2296.387,0.711,-173.006,-0.992480,0.121421,-0.015475,-0.119876,-0.989749,-0.077634,-0.024743,-0.075195,0.996862,0,0.08000,-0.12000,4.800,-0.240,675.000,375.000,-1,400.000,-1,325.000,325.000,325.000,300.000,-1,-1,-1,-1,650.000,750.000,-1,-1,1,0,2,0,2,0,0,0,0,2,2,2,2,0,0,2,2
42,4249.261,-2297.476,0.473,-173.486,-0.993461,0.113125,-0.015424,-0.111613,-0.990734,-0.077383,-0.024035,-0.075155,0.996882,0,0.16000,-0.24000,9.600,-0.480,675.000,375.000,-1,400.000,-1,325.000,325.000,325.000,300.000,-1,-1,-1,-1,650.000,750.000,-1,-1,1,0,2,0,2,0,0,0,0,2,2,2,2,0,0,2,2
43,4234.934,-2298.929,0.131,-174.206,-0.994802,0.100667,-0.015351,-0.099204,-0.992083,-0.077005,-0.022981,-0.075082,0.996913,0,0.24000,-0.36000,14.400,-0.720,700.000,375.000,-1,400.000,-1,325.000,325.000,325.000,300.000,-1,-1,-1,-1,650.000,775.000,-1,-1,1,0,2,0,2,0,0,0,0,2,2,2,2,0,0,2,2
44,4215.802,-2300.547,-0.302,-175.166,-0.996346,0.084032,-0.015263,-0.082632,-0.993640,-0.076498,-0.021594,-0.074957,0.996953,0,0.32000,-0.48000,19.200,-0.960,725.000,375.000,-1,400.000,-1,325.000,325.000,325.000,300.000,-1,-1,-1,-1,650.000,775.000,-1,-1,1,0,2,0,2,0,0,0,0,2,2,2,2,0,0,2,2
45,4191.849,-2302.068,-0.807,-176.366,-0.997885,0.063205,-0.015168,-0.061882,-0.995196,-0.075861,-0.019890,-0.074762,0.997003,0,0.40000,-0.60000,24.000,-1.200,750.000,375.000,-1,400.000,-1,325.000,325.000,325.000,300.000,-1,-1,-1,-1,650.000,775.000,-1,-1,1,0,2,0,2,0,0,0,0,2,2,2,2,0,0,2,2
46,4163.069,-2303.170,-1.362,-177.806,-0.999157,0.038177,-0.015078,-0.036942,-0.996492,-0.075093,-0.017892,-0.074473,0.997063,0,0.48000,-0.72000,28.800,-1.440,775.000,375.000,-1,400.000,-1,325.000,325.000,300.000,300.000,-1,-1,-1,-1,650.000,775.000,-1,-1,1,0,2,0,2,0,0,0,0,2,2,2,2,0,0,2,2
47,4129.471,-2303.581,-1.944,-179.297,-0.999812,0.012242,-0.015012,-0.011096,-0.997182,-0.074193,-0.015878,-0.074012,0.997131,0,0.56000,-0.74532,33.600,-1.491,825.000,375.000,-1,400.000,-1,300.000,325.000,300.000,300.000,-1,-1,-1,-1,650.000,800.000,1000.000,-1,1,0,2,0,2,0,0,0,0,2,2,2,2,0,0,1,2
48,4091.074,-2303.052,-2.538,-180.788,-0.999794,-0.013711,-0.014985,0.014772,-0.997211,-0.073157,-0.013940,-0.073363,0.997208,0,0.64000,-0.74555,38.400,-1.491,900.000,375.000,-1,400.000,-1,300.000,325.000,300.000,300.000,-1,-1,-1,-1,625.000,800.000,950.000,-1,1,0,2,0,2,0,0,0,0,2,2,2,2,0,0,1,2
49,4047.907,-2301.333,-3.130,-182.280,-0.999100,-0.039673,-0.015011,0.040655,-0.996577,-0.071983,-0.012104,-0.072529,0.997293,0,0.72000,-0.74600,43.200,-1.492,950.000,375.000,-1,400.000,-1,300.000,325.000,300.000,300.000,-1,-1,-1,-1,625.000,800.000,900.000,-1,1,0,2,0,2,0,0,0,0,2,2,2,2,0,0,1,2
50,4003.731,-2298.418,-3.667,-183.773,-0.997729,-0.065637,-0.015094,0.066546,-0.995270,-0.070779,-0.010377,-0.071622,0.997378,0,0.73785,-0.74671,44.271,-1.493,900.000,350.000,-1,400.000,-1,300.000,325.000,300.000,300.000,-1,-1,-1,-1,625.000,825.000,850.000,-1,1,0,2,0,2,0,0,0,0,2,2,2,2,0,1,1,2
51,3959.849,-2294.371,-4.120,-185.268,-0.995679,-0.091594,-0.015288,0.092441,-0.993289,-0.069505,-0.008820,-0.070618,0.997464,0,0.73446,-0.74767,44.067,-1.495,825.000,350.000,-1,400.000,-1,300.000,325.000,300.000,300.000,-1,-1,-1,-1,625.000,825.000,800.000,-1,1,0,2,0,2,0,0,0,0,2,2,2,2,0,1,1,2
52,3916.275,-2289.198,-4.110,-186.766,-0.992961,-0.117545,-0.014523,0.118258,-0.990740,-0.066705,-0.006548,-0.067953,0.997667,0,0.73132,-0.74884,43.879,-1.498,775.000,350.000,-1,400.000,-1,300.000,325.000,300.000,300.000,725.000,-1,-1,-1,625.000,825.000,750.000,-1,1,0,2,0,2,0,0,0,0,1,2,2,2,0,1,1,2
53,3877.626,-2283.417,-4.004,-188.504,-0.988963,-0.147558,-0.013347,0.148114,-0.986881,-0.064248,-0.003691,-0.065516,0.997845,0,0.65132,-0.86884,39.079,-1.738,750.000,350.000,-1,400.000,-1,300.000,325.000,300.000,300.000,650.000,-1,-1,-1,625.000,825.000,725.000,-1,1,0,2,0,2,0,0,0,0,1,2,2,2,1,1,1,2
54,3843.904,-2277.254,-3.813,-190.353,-0.983710,-0.179349,-0.012195,0.179762,-0.981732,-0.062347,-0.000791,-0.063524,0.997980,0,0.57132,-0.92458,34.279,-1.849,700.000,350.000,-1,400.000,-1,300.000,325.000,300.000,300.000,625.000,-1,-1,-1,625.000,875.000,700.000,-1,1,0,2,0,2,0,0,0,0,1,2,2,2,1,1,1,2
55,3815.091,-2271.022,-3.616,-192.202,-0.977431,-0.210957,-0.011233,0.211248,-0.975544,-0.060738,0.001855,-0.061740,0.998091,0,0.49132,-0.92455,29.479,-1.849,675.000,375.000,-1,400.000,-1,300.000,325.000,300.000,300.000,575.000,-1,-1,-1,600.000,925.000,675.000,-1,1,0,2,0,2,0,0,0,0,1,2,2,2,1,1,1,2
56,3791.150,-2265.028,-3.428,-194.051,-0.970132,-0.242353,-0.010443,0.242540,-0.968320,-0.059415,0.004287,-0.060174,0.998179,0,0.41132,-0.92468,24.679,-1.849,650.000,375.000,-1,425.000,-1,300.000,325.000,300.000,300.000,575.000,-1,-1,-1,600.000,975.000,650.000,-1,1,0,2,0,2,0,0,0,0,1,2,2,2,1,0,1,2
57,3772.031,-2259.580,-3.260,-195.901,-0.961820,-0.273506,-0.009813,0.273603,-0.960070,-0.058374,0.006545,-0.058830,0.998247,0,0.33132,-0.92490,19.879,-1.850,625.000,375.000,-1,425.000,-1,325.000,325.000,300.000,300.000,550.000,-1,-1,-1,575.000,1000.000,625.000,-1,1,0,2,0,2,0,0,0,0,1,2,2,2,1,0,1,2
58,3757.670,-2254.981,-3.122,-197.752,-0.952504,-0.304382,-0.009326,0.304402,-0.950800,-0.057608,0.008667,-0.057710,0.998296,0,0.25132,-0.92516,15.079,-1.850,600.000,375.000,-1,425.000,-1,325.000,325.000,300.000,300.000,550.000,-1,-1,-1,575.000,-1,625.000,-1,1,0,2,0,2,0,0,0,0,1,2,2,2,1,2,1,2
59,3747.986,-2251.532,-3.027,-199.602,-0.942193,-0.334949,-0.008970,0.334899,-0.940522,-0.057107,0.010691,-0.056810,0.998328,0,0.17132,-0.92542,10.279,-1.851,600.000,375.000,-1,425.000,-1,325.000,325.000,300.000,300.000,525.000,-1,-1,-1,575.000,-1,600.000,-1,1,0,2,0,2,0,0,0,0,1,2,2,2,1,2,1,2
60,3742.887,-2249.527,-2.988,-201.454,-0.930899,-0.365172,-0.008732,0.365058,-0.929247,-0.056862,0.012650,-0.056120,0.998344,0,0.09132,-0.92563,5.479,-1.851,575.000,375.000,-1,425.000,-1,325.000,325.000,300.000,300.000,525.000,-1,-1,-1,600.000,-1,600.000,-1,1,0,2,0,2,0,0,0,0,1,2,2,2,1,2,1,2
61,3742.263,-2249.258,-3.018,-203.305,-0.918634,-0.395016,-0.008600,0.394841,-0.916988,-0.056858,0.014574,-0.055627,0.998345,0,0.01132,-0.92576,0.679,-1.852,575.000,375.000,-1,425.000,-1,325.000,325.000,300.000,300.000,525.000,-1,-1,-1,600.000,-1,600.000,-1,1,0,2,0,2,0,0,0,0,1,2,2,2,1,2,1,2
62,3745.993,-2251.009,-3.134,-205.157,-0.905413,-0.424446,-0.008563,0.424212,-0.903762,-0.057078,0.016487,-0.055312,0.998333,0,-0.06868,-0.92578,-4.121,-1.852,575.000,375.000,-1,425.000,-1,325.000,325.000,300.000,300.000,500.000,-1,-1,-1,600.000,-1,625.000,-1,1,0,2,0,2,0,0,0,0,1,2,2,2,1,2,1,2
63,3753.940,-2255.059,-3.356,-207.008,-0.891253,-0.453425,-0.008611,0.453133,-0.889587,-0.057500,0.018412,-0.055149,0.998308,0,-0.14868,-0.92566,-8.921,-1.851,600.000,400.000,-1,425.000,-1,325.000,325.000,300.000,300.000,500.000,-1,-1,-1,625.000,-1,650.000,-1,1,0,2,0,2,0,0,0,0,1,2,2,2,1,2,1,2
64,3765.957,-2261.681,-3.708,-208.859,-0.876172,-0.481920,-0.008734,0.481569,-0.874481,-0.058099,0.020362,-0.055111,0.998273,0,-0.22868,-0.92538,-13.721,-1.851,600.000,400.000,-1,425.000,-1,325.000,350.000,300.000,300.000,475.000,-1,-1,-1,650.000,-1,675.000,-1,1,0,2,0,2,0,0,0,0,1,2,2,2,1,2,1,2
65,3781.880,-2271.139,-4.149,-210.709,-0.860195,-0.509888,-0.008877,0.509467,-0.858455,-0.059151,0.022540,-0.055404,0.998210,0,-0.30868,-0.92491,-18.521,-1.850,625.000,400.000,-1,425.000,-1,325.000,350.000,300.000,300.000,450.000,-1,-1,-1,675.000,-1,725.000,-1,1,0,2,0,2,0,0,0,0,1,2,2,2,1,2,1,2
66,3801.536,-2283.689,-4.732,-212.557,-0.843343,-0.537299,-0.009070,0.536799,-0.841537,-0.060524,0.024887,-0.055911,0.998126,0,-0.38868,-0.92425,-23.321,-1.849,625.000,400.000,-1,425.000,-1,325.000,350.000,300.000,300.000,425.000,-1,-1,-1,675.000,-1,775.000,-1,1,0,2,0,2,0,0,0,0,1,2,2,2,1,2,1,2
67,3824.738,-2299.577,-5.512,-214.404,-0.825640,-0.564121,-0.009328,0.563535,-0.823756,-0.062075,0.027333,-0.056508,0.998028,0,-0.46868,-0.92338,-28.121,-1.847,650.000,400.000,-1,425.000,-1,325.000,350.000,300.000,300.000,400.000,-1,-1,-1,700.000,-1,825.000,-1,1,0,2,0,2,0,0,0,0,1,2,2,2,1,2,1,2
68,3850.380,-2318.378,-6.527,-216.249,-0.807108,-0.590329,-0.009452,0.589643,-0.805150,-0.063683,0.029984,-0.056972,0.997925,0,-0.52996,-0.92231,-31.797,-1.845,675.000,400.000,-1,425.000,-1,325.000,350.000,300.000,300.000,375.000,750.000,-1,-1,725.000,-1,925.000,-1,1,0,2,0,2,0,0,0,0,1,1,2,2,1,2,1,2
69,3875.455,-2338.032,-7.694,-218.091,-0.787768,-0.615902,-0.009329,0.615098,-0.785753,-0.065169,0.032808,-0.057076,0.997831,0,-0.53100,-0.92106,-31.860,-1.842,725.000,400.000,-1,425.000,-1,325.000,350.000,300.000,300.000,350.000,650.000,-1,-1,750.000,-1,-1,-1,1,0,2,0,2,0,0,0,0,1,1,2,2,1,2,2,2
70,3899.934,-2358.521,-8.953,-219.930,-0.767645,-0.640809,-0.009220,0.639885,-0.765579,-0.066610,0.035625,-0.057033,0.997736,0,-0.53205,-0.91978,-31.923,-1.840,750.000,400.000,-1,425.000,-1,325.000,350.000,275.000,300.000,350.000,575.000,-1,-1,775.000,-1,-1,-1,1,0,2,0,2,0,0,0,0,1,1,2,2,1,2,2,2
71,3923.792,-2379.827,-10.303,-221.767,-0.746762,-0.665028,-0.009138,0.663980,-0.744652,-0.068002,0.038419,-0.056849,0.997643,0,-0.53312,-0.91848,-31.987,-1.837,800.000,400.000,-1,425.000,-1,325.000,350.000,275.000,300.000,325.000,500.000,700.000,-1,800.000,1000.000,-1,-1,1,0,2,0,2,0,0,0,0,1,1,1,2,1,0,2,2
72,3947.003,-2401.931,-11.743,-223.601,-0.725146,-0.688536,-0.009080,0.687363,-0.722997,-0.069340,0.041179,-0.056523,0.997552,0,-0.53420,-0.91714,-32.052,-1.834,825.000,400.000,-1,425.000,-1,325.000,350.000,275.000,300.000,300.000,450.000,600.000,-1,825.000,975.000,-1,-1,1,0,2,0,2,0,0,0,0,1,1,1,2,1,0,2,2
73,3970.662,-2425.948,-13.349,-225.432,-0.702835,-0.711296,-0.009043,0.709995,-0.700651,-0.070683,0.043940,-0.056099,0.997458,0,-0.56189,-0.91525,-33.714,-1.831,875.000,400.000,-1,425.000,-1,325.000,350.000,275.000,300.000,275.000,375.000,525.000,-1,850.000,950.000,-1,-1,1,0,2,0,2,0,0,0,0,1,1,1,2,1,0,2,2
74,3993.643,-2450.815,-15.053,-227.257,-0.679872,-0.733276,-0.009028,0.731846,-0.677660,-0.071962,0.046650,-0.055532,0.997367,0,-0.56435,-0.91266,-33.861,-1.825,925.000,400.000,-1,425.000,-1,325.000,350.000,275.000,300.000,250.000,325.000,450.000,-1,850.000,950.000,-1,-1,1,0,2,0,2,0,0,0,0,1,1,1,2,0,0,2,2
75,4015.922,-2476.512,-16.855,-229.077,-0.656286,-0.754458,-0.009031,0.752900,-0.654054,-0.073173,0.049299,-0.054822,0.997278,0,-0.56685,-0.91003,-34.011,-1.820,1000.000,400.000,-1,425.000,-1,325.000,350.000,275.000,300.000,225.000,275.000,400.000,-1,850.000,925.000,-1,-1,1,0,2,0,2,0,0,0,0,1,1,1,2,0,0,2,2
76,4037.472,-2503.021,-18.644,-230.892,-0.632092,-0.774847,-0.008469,0.773131,-0.629879,-0.074306,0.052241,-0.053516,0.997200,0,-0.56940,-0.90737,-34.164,-1.815,-1,400.000,-1,425.000,-1,325.000,325.000,275.000,300.000,200.000,225.000,350.000,-1,875.000,900.000,-1,-1,2,0,2,0,2,0,0,0,0,1,1,1,2,0,0,2,2
77,4055.362,-2526.305,-20.198,-232.467,-0.610568,-0.791926,-0.007732,0.790059,-0.608395,-0.075248,0.054887,-0.052053,0.997135,0,-0.48940,-0.78737,-29.364,-1.575,-1,400.000,-1,425.000,-1,350.000,325.000,275.000,300.000,175.000,175.000,300.000,-1,875.000,900.000,-1,-1,2,0,2,0,2,0,0,0,0,1,1,1,2,0,0,2,2
78,4069.873,-2546.125,-18.591,-233.802,-0.591405,-0.806368,-0.003138,0.804967,-0.590138,-0.061360,0.047627,-0.038815,0.998111,0,-0.40940,-0.66737,-24.564,-1.335,-1,400.000,-1,400.000,-1,325.000,325.000,300.000,275.000,150.000,175.000,275.000,-1,850.000,800.000,-1,-1,2,0,2,0,2,0,0,0,0,1,1,1,2,0,0,2,2
79,4081.242,-2562.292,-15.905,-234.896,-0.575339,-0.817909,0.003127,0.817070,-0.574915,-0.043246,0.037169,-0.022326,0.999060,0,-0.32940,-0.54737,-19.764,-1.095,-1,400.000,-1,375.000,-1,325.000,325.000,350.000,275.000,150.000,150.000,250.000,-1,825.000,725.000,-1,-1,2,0,2,0,2,0,0,0,0,1,1,1,2,0,0,2,2
80,4089.665,-2574.661,-13.882,-235.751,-0.562785,-0.826561,0.008392,0.826088,-0.562763,-0.029598,0.029187,-0.009725,0.999527,0,-0.24940,-0.42737,-14.964,-0.855,-1,400.000,-1,350.000,-1,325.000,300.000,375.000,250.000,150.000,150.000,250.000,-1,825.000,650.000,-1,-1,2,0,2,0,2,0,0,0,0,1,1,1,2,0,0,2,2
81,4095.295,-2583.124,-12.519,-236.366,-0.553754,-0.832590,0.012244,0.832341,-0.553888,-0.020411,0.023776,-0.001111,0.999717,0,-0.16940,-0.30737,-10.164,-0.615,-1,400.000,-1,350.000,900.000,325.000,300.000,400.000,250.000,175.000,125.000,225.000,-1,800.000,625.000,-1,-1,2,0,2,0,0,0,0,0,0,1,1,1,2,0,0,2,2
82,4098.236,-2587.609,-11.814,-236.741,-0.548250,-0.836191,0.014398,0.836051,-0.548428,-0.015660,0.020991,0.003452,0.999774,0,-0.08940,-0.18737,-5.364,-0.375,-1,400.000,-1,350.000,750.000,325.000,300.000,400.000,250.000,175.000,125.000,225.000,-1,800.000,600.000,-1,-1,2,0,2,0,0,0,0,0,0,1,1,1,2,0,0,2,2
83,4098.544,-2588.081,-11.764,-236.875,-0.546276,-0.837476,0.014691,0.837346,-0.546459,-0.015315,0.020854,0.003936,0.999775,0,-0.00940,-0.06737,-0.564,-0.135,-1,400.000,-1,350.000,750.000,325.000,300.000,400.000,250.000,175.000,125.000,225.000,-1,800.000,600.000,-1,-1,2,0,2,0,0,0,0,0,0,1,1,1,2,0,0,2,2
84,4096.223,-2584.538,-12.365,-236.770,-0.547845,-0.836478,0.013092,0.836254,-0.548001,-0.019346,0.023357,0.000350,0.999727,0,0.07060,0.05263,4.236,0.105,-1,400.000,-1,350.000,850.000,325.000,300.000,400.000,250.000,175.000,125.000,225.000,-1,800.000,625.000,-1,-1,2,0,2,0,0,0,0,0,0,1,1,1,2,0,0,2,2
85,4091.226,-2577.009,-13.613,-236.425,-0.552980,-0.833138,0.009696,0.832708,-0.553017,-0.027730,0.028465,-0.007260,0.999568,0,0.15060,0.17263,9.036,0.345,-1,400.000,-1,350.000,-1,325.000,300.000,375.000,250.000,175.000,125.000,225.000,-1,825.000,650.000,-1,-1,2,0,2,0,2,0,0,0,0,1,1,1,2,0,0,2,2
86,4083.456,-2565.559,-15.504,-235.839,-0.561709,-0.827321,0.004722,0.826546,-0.561414,-0.040441,0.036109,-0.018813,0.999171,0,0.23060,0.29263,13.836,0.585,-1,400.000,-1,375.000,-1,325.000,325.000,350.000,275.000,175.000,150.000,250.000,-1,825.000,700.000,-1,-1,2,0,2,0,2,0,0,0,0,1,1,1,2,0,0,2,2
87,4072.767,-2550.292,-18.033,-235.014,-0.574055,-0.818815,-0.001487,0.817513,-0.573038,-0.057442,0.046182,-0.034191,0.998348,0,0.31060,0.41263,18.636,0.825,-1,400.000,-1,400.000,-1,325.000,325.000,325.000,275.000,175.000,150.000,250.000,-1,850.000,775.000,-1,-1,2,0,2,0,2,0,0,0,0,1,1,1,2,0,0,2,2
88,4059.030,-2531.302,-20.522,-234.132,-0.587295,-0.809338,-0.007575,0.807393,-0.585178,-0.075379,0.056574,-0.050386,0.997126,0,0.39060,0.44121,23.436,0.882,-1,400.000,-1,425.000,-1,350.000,325.000,275.000,300.000,175.000,175.000,275.000,-1,875.000,900.000,-1,-1,2,0,2,0,2,0,0,0,0,1,1,1,2,0,0,2,2
89,4042.137,-2508.677,-19.000,-233.253,-0.599632,-0.800233,-0.008279,0.798409,-0.597494,-0.074457,0.054637,-0.051257,0.997190,0,0.47060,0.43933,28.236,0.879,-1,400.000,-1,425.000,-1,350.000,325.000,275.000,300.000,200.000,200.000,300.000,-1,875.000,900.000,-1,-1,2,0,2,0,2,0,0,0,0,1,1,1,2,0,0,2,2
90,4021.970,-2482.511,-17.276,-232.379,-0.611760,-0.790991,-0.009134,0.789302,-0.609607,-0.073363,0.052461,-0.052090,0.997263,0,0.55060,0.43707,33.036,0.874,-1,400.000,-1,425.000,-1,325.000,325.000,275.000,300.000,225.000,250.000,350.000,-1,875.000,900.000,-1,-1,2,0,2,0,2,0,0,0,0,1,1,1,2,0,0,2,2
91,3998.421,-2452.897,-15.210,-231.510,-0.623647,-0.781651,-0.009291,0.780068,-0.621527,-0.072102,0.050584,-0.052214,0.997354,0,0.63060,0.43443,37.836,0.869,-1,400.000,-1,425.000,-1,325.000,350.000,275.000,300.000,250.000,300.000,400.000,-1,875.000,900.000,-1,-1,2,0,2,0,2,0,0,0,0,1,1,1,2,0,0,2,2
92,3971.386,-2419.928,-12.954,-230.647,-0.635303,-0.772206,-0.009423,0.770733,-0.633229,-0.070647,0.048587,-0.052145,0.997457,0,0.71060,0.43140,42.636,0.863,-1,400.000,-1,425.000,-1,325.000,350.000,275.000,300.000,275.000,350.000,450.000,-1,900.000,925.000,-1,-1,2,0,2,0,2,0,0,0,0,1,1,1,2,1,0,2,2
93,3941.181,-2384.197,-10.584,-229.791,-0.646720,-0.762667,-0.009623,0.761313,-0.644701,-0.069022,0.046437,-0.051964,0.997569,0,0.77980,0.42800,46.788,0.856,-1,400.000,-1,425.000,-1,325.000,350.000,275.000,300.000,325.000,400.000,525.000,-1,900.000,950.000,-1,-1,2,0,2,0,2,0,0,0,0,1,1,1,2,1,0,2,2
94,3910.344,-2348.795,-8.341,-228.943,-0.657898,-0.753040,-0.010011,0.751810,-0.655928,-0.067374,0.044169,-0.051851,0.997678,0,0.78249,0.42426,46.950,0.849,-1,400.000,-1,425.000,-1,350.000,350.000,275.000,275.000,350.000,450.000,575.000,-1,900.000,950.000,-1,-1,2,0,2,0,2,0,0,0,0,1,1,1,2,1,0,2,2
95,3878.065,-2312.820,-6.184,-228.100,-0.668867,-0.743306,-0.010667,0.742212,-0.666940,-0.065674,0.041702,-0.051845,0.997784,0,0.80556,0.42163,48.334,0.843,-1,425.000,-1,425.000,-1,350.000,350.000,275.000,275.000,375.000,500.000,650.000,-1,900.000,975.000,-1,-1,2,0,2,0,2,0,0,0,0,1,1,1,2,1,0,2,2
96,3845.247,-2277.305,-4.159,-227.261,-0.679628,-0.733467,-0.011474,0.732511,-0.677742,-0.063976,0.039148,-0.051885,0.997885,0,0.80595,0.41914,48.357,0.838,975.000,425.000,-1,425.000,-1,350.000,350.000,275.000,275.000,425.000,575.000,725.000,-1,900.000,1000.000,-1,-1,1,0,2,0,2,0,0,0,0,1,1,1,2,1,0,2,2
97,3811.896,-2242.248,-2.283,-226.428,-0.690179,-0.723533,-0.012348,0.722714,-0.688335,-0.062280,0.036562,-0.051908,0.997982,0,0.80646,0.41659,48.388,0.833,950.000,425.000,-1,425.000,-1,350.000,350.000,275.000,275.000,450.000,650.000,800.000,-1,900.000,-1,-1,-1,1,0,2,0,2,0,0,0,0,1,1,1,2,1,2,2,2
98,3778.014,-2207.650,-0.640,-225.600,-0.700514,-0.713522,-0.012897,0.712819,-0.698730,-0.060550,0.034192,-0.051609,0.998082,0,0.80709,0.41400,48.425,0.828,900.000,425.000,-1,425.000,-1,350.000,350.000,275.000,275.000,500.000,700.000,875.000,-1,925.000,-1,-1,-1,1,0,2,0,2,0,0,0,0,1,1,1,2,0,2,2,2
99,3743.608,-2173.510,0.833,-224.777,-0.710638,-0.703430,-0.013420,0.702836,-0.708917,-0.058808,0.031854,-0.051224,0.998179,0,0.80783,0.41136,48.470,0.823,875.000,425.000,-1,425.000,-1,350.000,350.000,275.000,275.000,525.000,775.000,975.000,-1,950.000,-1,-1,-1,1,0,2,0,2,0,0,0,0,1,1,1,2,0,2,2,2
100,3708.682,-2139.830,2.163,-223.960,-0.720552,-0.693259,-0.014035,0.692774,-0.718893,-0.057070,0.029475,-0.050845,0.998272,0,0.80867,0.40867,48.520,0.817,850.000,425.000,-1,425.000,-1,350.000,350.000,275.000,275.000,575.000,850.000,-1,-1,950.000,-1,-1,-1,1,0,2,0,2,0,0,0,0,1,1,2,2,0,2,2,2
101,3670.205,-2103.725,3.450,-223.178,-0.729893,-0.683401,-0.014826,0.683030,-0.728298,-0.055241,0.026954,-0.050446,0.998363,0,0.87940,0.39084,52.764,0.782,825.000,425.000,-1,450.000,-1,350.000,350.000,275.000,275.000,600.000,925.000,-1,-1,950.000,-1,-1,-1,1,0,2,0,2,0,0,0,0,1,1,2,2,0,2,2,2
102,3630.305,-2066.988,4.619,-222.637,-0.736276,-0.676497,-0.015812,0.676235,-0.734740,-0.053509,0.024581,-0.050090,0.998442,0,0.90395,0.27084,54.237,0.542,850.000,425.000,-1,450.000,-1,350.000,350.000,275.000,275.000,650.000,1000.000,-1,-1,975.000,-1,-1,-1,1,0,2,0,2,0,0,0,0,1,1,2,2,0,2,2,2
103,3590.190,-2030.441,5.558,-222.335,-0.739778,-0.672637,-0.016960,0.672486,-0.738312,-0.051556,0.022157,-0.049545,0.998526,0,0.90445,0.15084,54.267,0.302,-1,425.000,-1,450.000,-1,350.000,350.000,275.000,275.000,675.000,-1,-1,-1,975.000,-1,-1,-1,2,1,2,0,2,0,0,0,0,1,2,2,2,0,2,2,2
104,3550.033,-1993.935,6.250,-222.273,-0.740442,-0.671872,-0.018272,0.671838,-0.739069,-0.049089,0.019478,-0.048623,0.998627,0,0.90452,0.03084,54.271,0.062,-1,425.000,-1,450.000,-1,350.000,350.000,275.000,275.000,725.000,-1,-1,-1,975.000,-1,-1,-1,2,1,2,0,2,0,0,0,0,1,2,2,2,0,2,2,2
105,3510.009,-1957.321,7.056,-222.452,-0.738255,-0.674234,-0.019694,0.674334,-0.737046,-0.045137,0.015917,-0.046603,0.998787,0,0.90408,-0.08916,54.245,-0.178,-1,425.000,-1,450.000,-1,350.000,350.000,275.000,275.000,775.000,-1,-1,-1,1000.000,-1,-1,-1,2,1,2,0,2,0,0,0,0,1,2,2,2,0,2,2,2
106,3470.298,-1920.457,7.711,-222.870,-0.733219,-0.679658,-0.021310,0.679880,-0.732170,-0.041120,0.012345,-0.044639,0.998927,0,0.90307,-0.20916,54.184,-0.418,-1,425.000,-1,450.000,-1,350.000,350.000,275.000,275.000,825.000,-1,-1,-1,1000.000,-1,-1,-1,2,0,2,0,2,0,0,0,0,1,2,2,2,0,2,2,2
107,3430.980,-1883.316,8.217,-223.369,-0.727173,-0.686065,-0.023088,0.686399,-0.726280,-0.037063,0.008659,-0.042799,0.999046,0,0.90144,-0.24955,54.086,-0.499,-1,425.000,-1,450.000,-1,350.000,350.000,275.000,275.000,875.000,-1,-1,-1,1000.000,-1,-1,-1,2,0,2,0,2,0,0,0,0,1,2,2,2,0,2,2,2
108,3392.073,-1845.930,8.499,-223.857,-0.721203,-0.692271,-0.025050,0.692705,-0.720449,-0.033356,0.005044,-0.041408,0.999130,0,0.89930,-0.24415,53.958,-0.488,-1,425.000,-1,450.000,-1,350.000,350.000,275.000,275.000,925.000,-1,-1,-1,1000.000,-1,-1,-1,2,0,2,0,2,0,0,0,0,1,2,2,2,0,2,2,2
109,3353.588,-1808.327,8.837,-224.335,-0.715328,-0.698308,-0.025932,0.698786,-0.714717,-0.029638,0.002162,-0.039321,0.999224,0,0.89676,-0.23867,53.806,-0.477,-1,425.000,-1,450.000,-1,350.000,350.000,275.000,275.000,975.000,-1,-1,-1,1000.000,-1,-1,-1,2,0,2,0,2,0,0,0,0,1,2,2,2,0,2,2,2
110,3315.534,-1770.536,9.025,-224.801,-0.709540,-0.704153,-0.026848,0.704664,-0.709063,-0.026029,-0.000708,-0.037387,0.999301,0,0.89385,-0.23314,53.631,-0.466,-1,450.000,-1,450.000,-1,350.000,350.000,275.000,275.000,-1,-1,-1,-1,1000.000,1000.000,-1,-1,2,0,2,0,2,0,0,1,0,2,2,2,2,0,0,2,2
111,3277.923,-1732.580,8.763,-225.262,-0.703744,-0.709846,-0.029366,0.710439,-0.703393,-0.022697,-0.004544,-0.036836,0.999311,0,0.89058,-0.23036,53.435,-0.461,-1,450.000,-1,450.000,-1,350.000,350.000,250.000,275.000,-1,-1,-1,-1,1000.000,975.000,-1,-1,2,0,2,0,2,0,0,1,0,2,2,2,2,0,0,2,2
112,3240.766,-1694.479,8.058,-225.720,-0.697887,-0.715425,-0.033467,0.716147,-0.697674,-0.019602,-0.009326,-0.037647,0.999248,0,0.88698,-0.22903,53.219,-0.458,-1,425.000,-1,450.000,-1,350.000,350.000,250.000,275.000,-1,-1,-1,-1,975.000,950.000,-1,-1,2,0,2,0,2,0,0,1,0,2,2,2,2,0,0,2,2
113,3204.075,-1656.251,7.371,-226.176,-0.692014,-0.720945,-0.036818,0.721757,-0.691950,-0.016494,-0.013585,-0.037988,0.999186,0,0.88311,-0.22796,52.987,-0.456,-1,425.000,-1,425.000,-1,350.000,350.000,225.000,275.000,-1,-1,-1,-1,950.000,925.000,-1,-1,2,0,2,0,2,0,0,1,0,2,2,2,2,0,0,2,2
114,3167.857,-1617.912,6.668,-226.630,-0.686117,-0.726405,-0.039738,0.727280,-0.686210,-0.013420,-0.017520,-0.038108,0.999120,0,0.87901,-0.22714,52.741,-0.454,-1,425.000,-1,425.000,-1,350.000,350.000,225.000,275.000,-1,-1,-1,-1,950.000,900.000,-1,-1,2,0,2,0,2,0,0,1,0,2,2,2,2,0,0,2,2
115,3132.118,-1579.476,5.785,-227.083,-0.680183,-0.731804,-0.042590,0.732731,-0.680438,-0.010415,-0.021358,-0.038291,0.999038,0,0.87475,-0.22658,52.485,-0.453,-1,425.000,-1,425.000,-1,350.000,350.000,225.000,275.000,-1,-1,-1,-1,925.000,875.000,-1,-1,2,0,2,0,2,0,0,1,0,2,2,2,2,0,0,2,2
116,3096.860,-1540.951,4.641,-227.536,-0.674222,-0.737158,-0.044981,0.738111,-0.674639,-0.007456,-0.024850,-0.038228,0.998960,0,0.87038,-0.22627,52.223,-0.453,-1,425.000,-1,425.000,-1,350.000,350.000,225.000,275.000,-1,-1,-1,-1,900.000,850.000,-1,-1,2,0,2,0,2,0,0,1,0,2,2,2,2,0,0,2,2
117,3062.084,-1502.345,3.310,-227.988,-0.668219,-0.742464,-0.047240,0.743430,-0.668798,-0.004572,-0.028199,-0.038175,0.998873,0,0.86599,-0.22623,51.959,-0.452,-1,425.000,-1,425.000,-1,350.000,350.000,225.000,275.000,-1,-1,-1,-1,875.000,850.000,-1,-1,2,0,2,0,2,0,0,1,0,2,2,2,2,0,0,2,2
118,3027.787,-1463.660,1.816,-228.441,-0.662162,-0.747726,-0.049471,0.748700,-0.662907,-0.001771,-0.031470,-0.038211,0.998774,0,0.86164,-0.22644,51.698,-0.453,-1,425.000,-1,425.000,-1,350.000,350.000,250.000,275.000,-1,-1,-1,-1,875.000,825.000,-1,-1,2,0,2,0,2,0,0,1,0,2,2,2,2,0,0,2,2
119,2993.965,-1424.897,0.163,-228.895,-0.656047,-0.752949,-0.051676,0.753924,-0.656961,0.000947,-0.034662,-0.038338,0.998663,0,0.85740,-0.22691,51.444,-0.454,-1,425.000,-1,400.000,-1,350.000,350.000,250.000,275.000,-1,-1,-1,-1,850.000,800.000,-1,-1,2,0,2,0,2,0,0,1,0,2,2,2,2,0,0,2,2
120,2960.612,-1386.052,-1.589,-229.350,-0.649869,-0.758132,-0.053908,0.759116,-0.650947,0.003312,-0.037602,-0.038770,0.998540,0,0.85332,-0.22761,51.199,-0.455,-1,425.000,-1,400.000,-1,350.000,325.000,250.000,275.000,-1,-1,-1,-1,825.000,800.000,-1,-1,2,0,2,0,2,0,0,1,0,2,2,2,2,0,0,2,2
121,2927.719,-1347.119,-3.020,-229.807,-0.643613,-0.763298,-0.056020,0.764263,-0.644875,0.006115,-0.040793,-0.038878,0.998411,0,0.84946,-0.22855,50.968,-0.457,-1,425.000,-1,400.000,-1,350.000,325.000,275.000,275.000,-1,-1,-1,-1,800.000,775.000,-1,-1,2,0,2,0,2,0,0,1,0,2,2,2,2,0,0,2,2
122,2895.276,-1308.090,-4.636,-230.267,-0.637284,-0.768428,-0.058199,0.769393,-0.638720,0.008391,-0.043621,-0.039430,0.998270,0,0.84586,-0.22971,50.752,-0.459,-1,425.000,-1,400.000,-1,325.000,325.000,275.000,275.000,-1,-1,-1,-1,775.000,750.000,-1,-1,2,0,2,0,2,0,0,0,0,2,2,2,2,0,0,2,2
123,2863.275,-1268.954,-6.627,-230.729,-0.630886,-0.773500,-0.060663,0.774542,-0.632456,0.009192,-0.045477,-0.041187,0.998116,0,0.84257,-0.23109,50.554,-0.462,-1,425.000,-1,400.000,-1,325.000,325.000,275.000,275.000,-1,-1,-1,-1,775.000,750.000,-1,-1,2,0,2,0,2,0,0,0,0,2,2,2,2,0,0,2,2
124,2831.703,-1229.698,-8.988,-231.194,-0.624413,-0.778514,-0.063443,0.779717,-0.626074,0.008544,-0.046372,-0.044133,0.997949,0,0.83961,-0.23268,50.376,-0.465,-1,400.000,-1,400.000,-1,325.000,325.000,275.000,275.000,-1,-1,-1,-1,750.000,750.000,-1,-1,2,0,2,0,2,0,0,0,0,2,2,2,2,0,0,2,2
125,2800.551,-1190.308,-11.268,-231.663,-0.617835,-0.783529,-0.066053,0.784856,-0.619616,0.008714,-0.047755,-0.046459,0.997778,0,0.83699,-0.23446,50.219,-0.469,-1,400.000,-1,400.000,-1,325.000,325.000,275.000,275.000,750.000,-1,-1,-1,750.000,725.000,-1,-1,2,0,2,0,2,0,0,0,0,1,2,2,2,0,0,2,2
126,2769.809,-1150.769,-13.559,-232.136,-0.611151,-0.788537,-0.068585,0.789976,-0.613069,0.009236,-0.049331,-0.048536,0.997603,0,0.83472,-0.23642,50.083,-0.473,-1,400.000,-1,375.000,-1,325.000,325.000,275.000,275.000,700.000,-1,-1,-1,725.000,725.000,-1,-1,2,0,2,0,2,0,0,0,0,1,2,2,2,0,0,2,2
127,2739.466,-1111.067,-15.953,-232.613,-0.604361,-0.793528,-0.071147,0.795090,-0.606415,0.009642,-0.050796,-0.050741,0.997419,0,0.83282,-0.23855,49.969,-0.477,-1,400.000,-1,375.000,-1,325.000,325.000,275.000,275.000,650.000,-1,-1,-1,700.000,700.000,-1,-1,2,0,2,0,2,0,0,0,0,1,2,2,2,0,0,2,2
128,2709.513,-1071.185,-18.352,-233.095,-0.597500,-0.798518,-0.073231,0.800192,-0.599662,0.009919,-0.051835,-0.052672,0.997266,0,0.83128,-0.24084,49.877,-0.482,-1,375.000,-1,375.000,-1,325.000,325.000,275.000,275.000,650.000,-1,-1,-1,700.000,700.000,-1,-1,2,0,2,0,2,0,0,0,0,1,2,2,2,0,0,2,2
129,2679.945,-1031.106,-20.323,-233.581,-0.590746,-0.803586,-0.072585,0.805242,-0.592863,0.009972,-0.051046,-0.052558,0.997312,0,0.83010,-0.24329,49.806,-0.487,-1,375.000,-1,375.000,-1,325.000,325.000,275.000,275.000,650.000,-1,-1,-1,700.000,675.000,-1,-1,2,0,2,0,2,0,0,0,0,1,2,2,2,0,0,2,2
130,2650.751,-990.816,-22.344,-234.073,-0.583898,-0.808654,-0.071713,0.810287,-0.585950,0.009845,-0.049981,-0.052360,0.997377,0,0.82925,-0.24588,49.755,-0.492,-1,375.000,-1,375.000,-1,325.000,325.000,275.000,275.000,650.000,-1,-1,-1,700.000,675.000,-1,-1,2,0,2,0,2,0,0,0,0,1,2,2,2,0,0,2,2
131,2621.926,-950.299,-24.435,-234.570,-0.576943,-0.813716,-0.070731,0.815331,-0.578917,0.009539,-0.048709,-0.052165,0.997450,0,0.82874,-0.24860,49.724,-0.497,-1,375.000,-1,375.000,-1,325.000,325.000,275.000,275.000,650.000,-1,-1,-1,700.000,675.000,-1,-1,2,0,2,0,2,0,0,0,0,1,2,2,2,0,0,2,2
132,2593.464,-909.540,-26.596,-235.073,-0.569876,-0.818774,-0.069643,0.820372,-0.571758,0.009050,-0.047229,-0.051976,0.997531,0,0.82855,-0.25145,49.713,-0.503,-1,375.000,-1,375.000,-1,325.000,325.000,300.000,275.000,675.000,-1,-1,-1,700.000,675.000,-1,-1,2,0,2,0,2,0,0,0,0,1,2,2,2,0,0,2,2
