timestep,x_cm,y_cm,z_cm,yaw_deg,basis_xx,basis_xy,basis_xz,basis_yx,basis_yy,basis_yz,basis_zx,basis_zy,basis_zz,teleport_flag,throttle_cmd,steering_cmd,cmd_move_cm,cmd_turn_deg,lidar_cm_0,lidar_cm_1,lidar_cm_2,lidar_cm_3,lidar_cm_4,lidar_cm_5,lidar_cm_6,lidar_cm_7,lidar_cm_8,lidar_cm_9,lidar_cm_10,lidar_cm_11,lidar_cm_12,lidar_cm_13,lidar_cm_14,lidar_cm_15,lidar_cm_16,lidar_class_0,lidar_class_1,lidar_class_2,lidar_class_3,lidar_class_4,lidar_class_5,lidar_class_6,lidar_class_7,lidar_class_8,lidar_class_9,lidar_class_10,lidar_class_11,lidar_class_12,lidar_class_13,lidar_class_14,lidar_class_15,lidar_class_16
0,-3603.449,-6233.715,-362.850,150.544,-0.870061,-0.491749,0.034308,0.491186,-0.870728,-0.023840,0.041596,-0.003891,0.999127,1,-0.08000,0.12000,-4.800,0.240,-1,375.000,-1,375.000,-1,325.000,300.000,325.000,300.000,-1,625.000,650.000,-1,675.000,700.000,-1,-1,2,0,2,0,2,0,0,0,0,2,0,0,2,0,0,2,2
1,-3595.051,-6238.366,-363.248,151.024,-0.874160,-0.484437,0.034151,0.483878,-0.874817,-0.023623,0.041320,-0.004126,0.999137,0,-0.16000,0.24000,-9.600,0.480,-1,375.000,-1,375.000,-1,325.000,300.000,325.000,300.000,-1,625.000,650.000,-1,675.000,700.000,-1,-1,2,0,2,0,2,0,0,0,0,2,0,0,2,0,0,2,2
2,-3582.367,-6245.183,-363.843,151.744,-0.880192,-0.473405,0.033916,0.472852,-0.880834,-0.023299,0.040904,-0.004470,0.999153,0,-0.24000,0.36000,-14.400,0.720,-1,375.000,-1,375.000,-1,325.000,300.000,325.000,300.000,-1,625.000,650.000,-1,700.000,700.000,-1,-1,2,0,2,0,2,0,0,0,0,2,0,0,2,0,0,2,2
3,-3565.305,-6253.988,-364.629,152.704,-0.888018,-0.458579,0.033604,0.458035,-0.888640,-0.022867,0.040348,-0.004915,0.999174,0,-0.32000,0.48000,-19.200,0.960,-1,375.000,-1,375.000,-1,325.000,300.000,325.000,300.000,-1,625.000,675.000,-1,700.000,700.000,-1,-1,2,0,2,0,2,0,0,0,0,2,0,0,2,0,0,2,2
4,-3543.751,-6264.545,-365.602,153.904,-0.897448,-0.439867,0.033215,0.439334,-0.898046,-0.022331,0.039652,-0.005448,0.999199,0,-0.40000,0.60000,-24.000,1.200,-1,375.000,-1,375.000,-1,325.000,300.000,325.000,300.000,-1,650.000,675.000,-1,700.000,700.000,-1,-1,2,0,2,0,2,0,0,0,0,2,0,0,2,0,0,2,2
5,-3521.411,-6274.885,-366.589,155.162,-0.906911,-0.420041,0.032819,0.419519,-0.907485,-0.021786,0.038934,-0.005990,0.999224,0,-0.41029,0.62908,-24.617,1.258,-1,375.000,-1,375.000,-1,325.000,300.000,325.000,300.000,-1,650.000,675.000,-1,700.000,700.000,-1,-1,2,0,2,0,2,0,0,0,0,2,0,0,2,0,0,2,2
6,-3498.960,-6284.692,-367.560,156.405,-0.915829,-0.400257,0.032428,0.399746,-0.916380,-0.021249,0.038221,-0.006497,0.999248,0,-0.40833,0.62144,-24.500,1.243,-1,375.000,-1,375.000,-1,325.000,300.000,325.000,300.000,-1,650.000,700.000,-1,700.000,700.000,-1,-1,2,0,2,0,2,0,0,0,0,2,0,0,2,0,0,2,2
7,-3476.392,-6293.978,-368.516,157.633,-0.924213,-0.380532,0.032041,0.380031,-0.924742,-0.020719,0.037514,-0.006972,0.999272,0,-0.40673,0.61379,-24.404,1.228,-1,375.000,-1,375.000,-1,325.000,300.000,325.000,300.000,-1,650.000,700.000,-1,700.000,700.000,-1,-1,2,0,2,0,2,0,0,0,0,2,0,0,2,0,0,2,2
8,-3453.702,-6302.759,-369.459,158.845,-0.932075,-0.360880,0.031659,0.360391,-0.932583,-0.020196,0.036813,-0.007415,0.999295,0,-0.40550,0.60618,-24.330,1.212,-1,375.000,-1,375.000,-1,325.000,300.000,325.000,300.000,-1,650.000,725.000,-1,700.000,700.000,-1,-1,2,0,2,0,2,0,0,0,0,2,0,0,2,0,0,2,2
9,-3435.371,-6309.497,-370.208,159.818,-0.938078,-0.345001,0.031354,0.344521,-0.938570,-0.019781,0.036253,-0.007754,0.999313,0,-0.32550,0.48618,-19.530,0.972,-1,375.000,-1,375.000,-1,325.000,300.000,325.000,300.000,-1,675.000,725.000,-1,725.000,700.000,-1,-1,2,0,2,0,2,0,0,0,0,2,0,0,2,0,0,2,2
10,-3421.482,-6314.401,-370.769,160.550,-0.942422,-0.332976,0.031126,0.332502,-0.942901,-0.019472,0.035832,-0.008001,0.999326,0,-0.24550,0.36618,-14.730,0.732,-1,375.000,-1,375.000,-1,325.000,300.000,325.000,300.000,-1,675.000,750.000,-1,725.000,700.000,-1,-1,2,0,2,0,2,0,0,0,0,2,0,0,2,0,0,2,2
11,-3412.091,-6317.627,-371.145,161.042,-0.945255,-0.324861,0.030973,0.324392,-0.945727,-0.019264,0.035550,-0.008162,0.999335,0,-0.16550,0.24618,-9.930,0.492,-1,375.000,-1,375.000,-1,325.000,300.000,325.000,300.000,-1,675.000,750.000,-1,725.000,700.000,-1,-1,2,0,2,0,2,0,0,0,0,2,0,0,2,0,0,2,2
12,-3407.232,-6319.273,-371.339,161.295,-0.946680,-0.320692,0.030894,0.320225,-0.947148,-0.019157,0.035405,-0.008243,0.999339,0,-0.08550,0.12618,-5.130,0.252,-1,375.000,-1,375.000,-1,325.000,300.000,325.000,300.000,-1,675.000,750.000,-1,725.000,700.000,-1,-1,2,0,2,0,2,0,0,0,0,2,0,0,2,0,0,2,2
13,-3406.920,-6319.378,-371.351,161.307,-0.946749,-0.320488,0.030889,0.320021,-0.947217,-0.019151,0.035396,-0.008246,0.999339,0,-0.00550,0.00618,-0.330,0.012,-1,375.000,-1,375.000,-1,325.000,300.000,325.000,300.000,-1,675.000,750.000,-1,725.000,700.000,-1,-1,2,0,2,0,2,0,0,0,0,2,0,0,2,0,0,2,2
14,-3411.149,-6317.929,-371.182,161.079,-0.945465,-0.324249,0.030958,0.323780,-0.945937,-0.019243,0.035524,-0.008170,0.999335,0,0.07450,-0.11382,4.470,-0.228,-1,375.000,-1,375.000,-1,325.000,300.000,325.000,300.000,-1,675.000,750.000,-1,725.000,700.000,-1,-1,2,0,2,0,2,0,0,0,0,2,0,0,2,0,0,2,2
15,-3419.902,-6314.877,-370.831,160.781,-0.943757,-0.329174,0.031100,0.328700,-0.944234,-0.019440,0.035765,-0.008125,0.999327,0,0.15450,-0.14930,9.270,-0.299,-1,375.000,-1,375.000,-1,325.000,300.000,325.000,300.000,-1,675.000,750.000,-1,725.000,700.000,-1,-1,2,0,2,0,2,0,0,0,0,2,0,0,2,0,0,2,2
16,-3433.164,-6310.177,-370.297,160.487,-0.942050,-0.334007,0.031313,0.333522,-0.942535,-0.019745,0.036109,-0.008157,0.999315,0,0.23450,-0.14675,14.070,-0.293,-1,375.000,-1,375.000,-1,325.000,300.000,325.000,300.000,-1,675.000,750.000,-1,725.000,700.000,-1,-1,2,0,2,0,2,0,0,0,0,2,0,0,2,0,0,2,2
17,-3450.919,-6303.785,-369.576,160.201,-0.940360,-0.338711,0.031599,0.338212,-0.940854,-0.020157,0.036557,-0.008268,0.999297,0,0.31450,-0.14312,18.870,-0.286,-1,375.000,-1,375.000,-1,325.000,300.000,325.000,300.000,-1,675.000,725.000,-1,725.000,700.000,-1,-1,2,0,2,0,2,0,0,0,0,2,0,0,2,0,0,2,2
18,-3473.151,-6295.660,-368.665,159.924,-0.938700,-0.343252,0.031958,0.342733,-0.939205,-0.020678,0.037112,-0.008458,0.999275,0,0.39450,-0.13840,23.670,-0.277,-1,375.000,-1,375.000,-1,325.000,300.000,325.000,300.000,-1,675.000,725.000,-1,700.000,700.000,-1,-1,2,0,2,0,2,0,0,0,0,2,0,0,2,0,0,2,2
19,-3499.846,-6285.764,-367.558,159.659,-0.937085,-0.347595,0.032389,0.347051,-0.937604,-0.021309,0.037775,-0.008727,0.999248,0,0.47450,-0.13261,28.470,-0.265,-1,375.000,-1,375.000,-1,325.000,300.000,325.000,300.000,-1,675.000,725.000,-1,700.000,700.000,-1,-1,2,0,2,0,2,0,0,0,0,2,0,0,2,0,0,2,2
20,-3530.991,-6274.062,-366.251,159.407,-0.935533,-0.351705,0.032895,0.351130,-0.936067,-0.022050,0.038547,-0.009078,0.999216,0,0.55450,-0.12572,33.270,-0.251,-1,400.000,-1,375.000,-1,325.000,300.000,300.000,300.000,-1,650.000,725.000,-1,700.000,675.000,-1,-1,2,0,2,0,2,0,0,0,0,2,0,0,2,0,0,2,2
21,-3566.573,-6260.525,-364.736,159.172,-0.934058,-0.355548,0.033474,0.354937,-0.934610,-0.022902,0.039428,-0.009510,0.999177,0,0.63450,-0.11776,38.070,-0.236,-1,400.000,-1,375.000,-1,325.000,300.000,300.000,300.000,-1,650.000,725.000,-1,700.000,675.000,-1,-1,2,0,2,0,2,0,0,0,0,2,0,0,2,0,0,2,2
22,-3606.584,-6245.130,-363.006,158.955,-0.932678,-0.359091,0.034128,0.358437,-0.933249,-0.023867,0.040421,-0.010027,0.999132,0,0.71450,-0.10873,42.870,-0.217,-1,375.000,-1,375.000,-1,325.000,300.000,300.000,300.000,-1,650.000,725.000,-1,700.000,675.000,-1,-1,2,0,2,0,2,0,0,0,0,2,0,0,2,0,0,2,2
23,-3651.015,-6227.858,-361.052,158.757,-0.931409,-0.362300,0.034857,0.361597,-0.932001,-0.024945,0.041525,-0.010630,0.999081,0,0.79450,-0.09866,47.670,-0.197,-1,375.000,-1,375.000,-1,325.000,300.000,300.000,300.000,-1,650.000,725.000,-1,700.000,675.000,-1,-1,2,0,2,0,2,0,0,0,0,2,0,0,2,0,0,2,2
24,-3699.862,-6208.698,-358.864,158.582,-0.930267,-0.365145,0.035662,0.364385,-0.930882,-0.026139,0.042741,-0.011322,0.999022,0,0.87450,-0.08759,52.470,-0.175,-1,375.000,-1,375.000,-1,325.000,300.000,300.000,300.000,-1,650.000,700.000,-1,700.000,675.000,-1,-1,2,0,2,0,2,0,0,0,0,2,0,0,2,0,0,2,2
25,-3748.651,-6189.411,-356.639,158.431,-0.929270,-0.367597,0.036467,0.366776,-0.929907,-0.027338,0.043961,-0.012029,0.998961,0,0.87438,-0.07558,52.463,-0.151,-1,375.000,-1,375.000,-1,300.000,300.000,300.000,325.000,-1,650.000,700.000,-1,675.000,675.000,-1,-1,2,0,2,0,2,0,0,0,0,2,0,0,2,0,0,2,2
26,-3793.004,-6171.958,-354.586,158.520,-0.929811,-0.366151,0.037202,0.365272,-0.930467,-0.028427,0.045024,-0.012843,0.998903,0,0.79438,0.04442,47.663,0.089,-1,375.000,-1,375.000,-1,300.000,300.000,300.000,325.000,-1,650.000,700.000,-1,675.000,675.000,-1,-1,2,0,2,0,2,0,0,0,0,2,0,0,2,0,0,2,2
27,-3832.979,-6156.491,-352.683,158.849,-0.931876,-0.360801,0.037810,0.359874,-0.932543,-0.029226,0.045804,-0.013628,0.998857,0,0.71438,0.16442,42.863,0.329,-1,375.000,-1,375.000,-1,300.000,300.000,300.000,300.000,-1,650.000,725.000,-1,675.000,650.000,-1,-1,2,0,2,0,2,0,0,0,0,2,0,0,2,0,0,2,2
28,-3868.612,-6143.110,-350.939,159.417,-0.935391,-0.351522,0.038429,0.350553,-0.936069,-0.029788,0.046443,-0.014392,0.998817,0,0.63438,0.28442,38.063,0.569,-1,375.000,-1,375.000,-1,300.000,300.000,300.000,300.000,-1,650.000,725.000,-1,675.000,650.000,-1,-1,2,0,2,0,2,0,0,0,0,2,0,0,2,0,0,2,2
29,-3899.914,-6131.857,-349.273,160.226,-0.940216,-0.338271,0.039588,0.337271,-0.940933,-0.029891,0.047361,-0.014752,0.998769,0,0.55438,0.40442,33.263,0.809,-1,375.000,-1,375.000,-1,300.000,300.000,300.000,300.000,-1,650.000,725.000,-1,675.000,650.000,-1,-1,2,0,2,0,2,0,0,0,0,2,0,0,2,0,0,2,2
30,-3926.870,-6122.720,-347.853,161.275,-0.946215,-0.320988,0.040545,0.319956,-0.946958,-0.029962,0.048012,-0.015377,0.998728,0,0.47438,0.52442,28.463,1.049,-1,375.000,-1,375.000,-1,300.000,300.000,325.000,300.000,-1,650.000,725.000,-1,675.000,650.000,-1,-1,2,0,2,0,2,0,0,0,0,2,0,0,2,0,0,2,2
31,-3949.446,-6115.629,-346.687,162.564,-0.953170,-0.299603,0.041298,0.298541,-0.953925,-0.029999,0.048383,-0.016265,0.998696,0,0.39438,0.64442,23.663,1.289,-1,375.000,-1,375.000,-1,300.000,300.000,325.000,300.000,-1,650.000,725.000,-1,675.000,650.000,-1,-1,2,0,2,0,2,0,0,0,0,2,0,0,2,0,0,2,2
32,-3967.573,-6110.413,-345.772,163.944,-0.960091,-0.276538,0.041854,0.275447,-0.960848,-0.030008,0.048514,-0.017282,0.998673,0,0.31438,0.69001,18.863,1.380,-1,375.000,-1,375.000,-1,300.000,300.000,325.000,300.000,-1,650.000,750.000,-1,675.000,650.000,-1,-1,2,0,2,0,2,0,0,0,0,2,0,0,2,0,0,2,2
33,-3981.178,-6106.851,-345.103,165.329,-0.966485,-0.253229,0.042214,0.252114,-0.967232,-0.030008,0.048429,-0.018360,0.998658,0,0.23438,0.69246,14.063,1.385,-1,375.000,-1,375.000,-1,300.000,300.000,325.000,300.000,-1,675.000,750.000,-1,675.000,650.000,-1,-1,2,0,2,0,2,0,0,0,0,2,0,0,2,0,0,2,2
34,-3990.193,-6104.723,-344.662,166.718,-0.972339,-0.229708,0.042326,0.228571,-0.973063,-0.030057,0.048091,-0.019551,0.998652,0,0.15438,0.69437,9.263,1.389,-1,375.000,-1,375.000,-1,300.000,300.000,325.000,300.000,-1,675.000,775.000,-1,675.000,650.000,-1,-1,2,0,2,0,2,0,0,0,0,2,0,0,2,0,0,2,2
35,-3994.560,-6103.804,-344.474,168.109,-0.977636,-0.206007,0.042304,0.204852,-0.978330,-0.030091,0.047586,-0.020752,0.998652,0,0.07438,0.69570,4.463,1.391,-1,375.000,-1,375.000,-1,300.000,300.000,325.000,300.000,-1,700.000,800.000,-1,675.000,650.000,-1,-1,2,0,2,0,2,0,0,0,0,2,0,0,2,0,0,2,2
36,-3994.228,-6103.865,-344.500,169.497,-0.982345,-0.182247,0.042231,0.181069,-0.983005,-0.030257,0.047027,-0.022077,0.998650,0,-0.00562,0.69391,-0.337,1.388,-1,375.000,-1,375.000,-1,300.000,300.000,325.000,300.000,-1,725.000,825.000,-1,675.000,650.000,-1,-1,2,0,2,0,2,0,0,0,0,2,0,0,2,0,0,2,2
37,-3992.123,-6104.204,-344.620,170.876,-0.986456,-0.158525,0.042114,0.157327,-0.987078,-0.030413,0.046391,-0.023376,0.998650,0,-0.03553,0.68971,-2.132,1.379,-1,375.000,-1,375.000,-1,300.000,300.000,325.000,300.000,-1,750.000,850.000,-1,675.000,650.000,-1,-1,2,0,2,0,2,0,0,0,0,2,0,0,2,0,0,2,2
38,-3990.209,-6104.465,-344.731,172.246,-0.989972,-0.134873,0.042010,0.133655,-0.990556,-0.030577,0.045737,-0.024656,0.998649,0,-0.03220,0.68509,-1.932,1.370,-1,375.000,-1,375.000,-1,300.000,300.000,300.000,300.000,-1,775.000,875.000,-1,700.000,650.000,-1,-1,2,0,2,0,2,0,0,0,0,2,0,0,2,0,0,2,2
39,-3988.483,-6104.659,-344.832,173.607,-0.992902,-0.111303,0.041918,0.110066,-0.993449,-0.030749,0.045066,-0.025917,0.998648,0,-0.02894,0.68054,-1.736,1.361,-1,375.000,-1,375.000,-1,300.000,300.000,300.000,300.000,-1,775.000,900.000,-1,700.000,650.000,-1,-1,2,0,2,0,2,0,0,0,0,2,0,0,2,0,0,2,2
40,-3986.943,-6104.795,-344.924,174.960,-0.995257,-0.087827,0.041839,0.086572,-0.995765,-0.030927,0.044378,-0.027158,0.998646,0,-0.02577,0.67607,-1.546,1.352,-1,375.000,-1,375.000,-1,300.000,300.000,300.000,300.000,-1,800.000,925.000,-1,700.000,650.000,-1,-1,2,0,2,0,2,0,0,0,0,2,0,0,2,0,0,2,2
41,-3985.586,-6104.883,-345.008,176.303,-0.997046,-0.064456,0.041772,0.063183,-0.997517,-0.031111,0.043673,-0.028379,0.998643,0,-0.02267,0.67167,-1.360,1.343,-1,375.000,-1,375.000,-1,300.000,300.000,300.000,300.000,-1,825.000,975.000,-1,700.000,650.000,-1,-1,2,0,2,0,2,0,0,0,0,2,0,0,2,0,0,2,2
42,-3984.407,-6104.932,-345.083,177.638,-0.998280,-0.041202,0.041717,0.039912,-0.998713,-0.031300,0.042953,-0.029581,0.998639,0,-0.01965,0.66736,-1.179,1.335,-1,375.000,-1,375.000,-1,300.000,300.000,300.000,300.000,-1,850.000,1000.000,-1,700.000,650.000,-1,-1,2,0,2,0,2,0,0,0,0,2,0,0,2,0,0,2,2
43,-3983.405,-6104.950,-345.150,178.964,-0.998968,-0.018075,0.041673,0.016768,-0.999363,-0.031494,0.042216,-0.030763,0.998635,0,-0.01670,0.66312,-1.002,1.326,-1,375.000,-1,375.000,-1,300.000,300.000,300.000,300.000,-1,875.000,-1,-1,700.000,650.000,-1,-1,2,0,2,0,2,0,0,0,0,2,0,2,2,0,0,2,2
44,-3987.203,-6104.954,-344.967,180.050,-0.999125,0.000874,0.041805,-0.002202,-0.999493,-0.031748,0.041756,-0.031812,0.998621,0,0.06330,0.54312,3.798,1.086,-1,375.000,-1,375.000,-1,300.000,300.000,300.000,300.000,-1,900.000,-1,-1,700.000,650.000,-1,-1,2,0,2,0,2,0,0,0,0,2,0,2,2,0,0,2,2
45,-3995.799,-6105.089,-344.538,180.896,-0.998991,0.015635,0.042106,-0.016991,-0.999342,-0.032054,0.041577,-0.032737,0.998599,0,0.14330,0.42312,8.598,0.846,-1,375.000,-1,375.000,-1,300.000,300.000,300.000,300.000,-1,925.000,-1,-1,700.000,650.000,-1,-1,2,0,2,0,2,0,0,0,0,2,0,2,2,0,0,2,2
46,-4009.192,-6105.441,-343.865,181.503,-0.998750,0.026207,0.042573,-0.027597,-0.999094,-0.032407,0.041686,-0.033541,0.998568,0,0.22330,0.30312,13.398,0.606,-1,375.000,-1,375.000,-1,300.000,300.000,300.000,300.000,-1,925.000,-1,-1,700.000,650.000,-1,-1,2,0,2,0,2,0,0,0,0,2,0,2,2,0,0,2,2
47,-4027.380,-6106.034,-342.949,181.869,-0.998534,0.032592,0.043205,-0.034022,-0.998882,-0.032808,0.042087,-0.034230,0.998527,0,0.30330,0.18312,18.198,0.366,-1,375.000,-1,375.000,-1,300.000,300.000,300.000,300.000,-1,925.000,-1,-1,700.000,650.000,-1,-1,2,0,2,0,2,0,0,0,0,2,0,2,2,0,0,2,2
48,-4050.363,-6106.876,-341.791,182.097,-0.998362,0.036573,0.044000,-0.038053,-0.998722,-0.033274,0.042727,-0.034894,0.998477,0,0.38330,0.11423,22.998,0.228,-1,375.000,-1,375.000,-1,300.000,300.000,300.000,300.000,-1,900.000,-1,-1,700.000,650.000,-1,-1,2,0,2,0,2,0,0,0,0,2,0,2,2,0,0,2,2
49,-4078.138,-6108.010,-340.396,182.337,-0.998157,0.040752,0.044958,-0.042291,-0.998533,-0.033824,0.043514,-0.035663,0.998416,0,0.46330,0.11991,27.798,0.240,-1,375.000,-1,375.000,-1,300.000,300.000,300.000,300.000,-1,875.000,-1,-1,700.000,650.000,-1,-1,2,0,2,0,2,0,0,0,0,2,0,2,2,0,0,2,2
50,-4110.702,-6109.484,-338.767,182.591,-0.997916,0.045175,0.046078,-0.046784,-0.998311,-0.034455,0.044443,-0.036539,0.998343,0,0.54330,0.12695,32.598,0.254,-1,375.000,-1,375.000,-1,325.000,300.000,300.000,300.000,-1,875.000,-1,-1,700.000,650.000,-1,-1,2,0,2,0,2,0,0,0,0,2,0,2,2,0,0,2,2
51,-4148.053,-6111.351,-336.907,182.862,-0.997631,0.049890,0.047358,-0.051580,-0.998050,-0.035164,0.045511,-0.037523,0.998259,0,0.62330,0.13537,37.398,0.271,-1,375.000,-1,375.000,-1,325.000,300.000,300.000,300.000,-1,825.000,1000.000,-1,700.000,650.000,-1,-1,2,0,2,0,2,0,0,0,0,2,0,0,2,0,0,2,2
52,-4190.187,-6113.672,-334.820,183.152,-0.997296,0.054946,0.048796,-0.056730,-0.997742,-0.035947,0.046711,-0.038618,0.998162,0,0.70330,0.14521,42.198,0.290,-1,400.000,-1,375.000,-1,325.000,300.000,300.000,300.000,-1,775.000,975.000,-1,700.000,650.000,-1,-1,2,0,2,0,2,0,0,0,0,2,0,0,2,0,0,2,2
53,-4237.099,-6116.512,-332.510,183.465,-0.996902,0.060393,0.050391,-0.062282,-0.997380,-0.036799,0.048037,-0.039824,0.998051,0,0.78330,0.15651,46.998,0.313,-1,400.000,-1,375.000,-1,325.000,300.000,325.000,300.000,-1,700.000,925.000,-1,700.000,625.000,-1,-1,2,0,2,0,2,0,0,0,0,2,0,0,2,0,0,2,2
54,-4288.783,-6119.949,-329.983,183.804,-0.996438,0.066283,0.052140,-0.068290,-0.996952,-0.037716,0.049481,-0.041142,0.997927,0,0.86330,0.16929,51.798,0.339,-1,400.000,-1,375.000,-1,325.000,300.000,325.000,300.000,-1,675.000,850.000,-1,700.000,625.000,-1,-1,2,0,2,0,2,0,0,0,0,2,0,0,2,0,0,2,2
55,-4345.231,-6124.066,-327.245,184.171,-0.995891,0.072666,0.054040,-0.074806,-0.996447,-0.038689,0.051037,-0.042573,0.997789,0,0.94330,0.18360,56.598,0.367,-1,375.000,-1,375.000,-1,325.000,300.000,300.000,300.000,-1,625.000,775.000,-1,675.000,625.000,-1,-1,2,0,2,0,2,0,0,0,0,2,0,0,2,0,0,2,2
56,-4402.850,-6128.672,-324.476,184.570,-0.995255,0.079596,0.055968,-0.081874,-0.995854,-0.039652,0.052580,-0.044046,0.997645,0,0.96338,0.19943,57.803,0.399,-1,375.000,-1,375.000,-1,325.000,300.000,300.000,300.000,-1,600.000,725.000,-1,675.000,625.000,-1,-1,2,0,2,0,2,0,0,0,0,2,0,0,2,0,0,2,2
57,-4460.323,-6133.702,-321.745,185.001,-0.994518,0.087086,0.057878,-0.089503,-0.995160,-0.040576,0.054064,-0.045534,0.997499,0,0.96153,0.21569,57.692,0.431,-1,375.000,-1,350.000,1000.000,300.000,300.000,300.000,300.000,-1,550.000,675.000,-1,675.000,625.000,-1,1000.000,2,0,2,0,0,0,0,0,0,2,0,0,2,0,0,2,0
58,-4517.600,-6139.182,-319.054,185.465,-0.993669,0.095133,0.059767,-0.097692,-0.994353,-0.041458,0.055485,-0.047034,0.997351,0,0.95899,0.23192,57.539,0.464,-1,375.000,-1,350.000,975.000,300.000,300.000,300.000,300.000,-1,525.000,650.000,-1,675.000,600.000,-1,1000.000,2,0,2,0,0,0,0,0,0,2,0,0,2,0,0,2,0
59,-4574.637,-6145.139,-316.258,185.961,-0.992703,0.103728,0.061492,-0.106456,-0.993393,-0.042871,0.056639,-0.049104,0.997186,0,0.95578,0.24805,57.347,0.496,-1,375.000,-1,350.000,950.000,300.000,300.000,300.000,300.000,-1,475.000,600.000,-1,675.000,600.000,-1,975.000,2,0,2,0,0,0,0,0,0,2,0,0,2,0,0,2,0
60,-4631.388,-6151.594,-312.517,186.487,-0.991531,0.112823,0.064325,-0.115921,-0.992162,-0.046654,0.058557,-0.053716,0.996838,0,0.95194,0.26317,57.117,0.526,-1,375.000,-1,350.000,975.000,300.000,300.000,300.000,300.000,-1,475.000,600.000,-1,675.000,600.000,-1,1000.000,2,0,2,0,0,0,0,0,0,2,0,0,2,0,0,2,0
61,-4687.812,-6158.553,-308.156,187.030,-0.990186,0.122196,0.067814,-0.125543,-0.990951,-0.047484,0.061398,-0.055532,0.996567,0,0.94752,0.27116,56.851,0.542,-1,375.000,-1,350.000,1000.000,300.000,300.000,300.000,300.000,-1,450.000,575.000,-1,675.000,625.000,-1,-1,2,0,2,0,0,0,0,0,0,2,0,0,2,0,0,2,2
62,-4743.867,-6166.019,-303.867,187.587,-0.988710,0.131809,0.071259,-0.135407,-0.989615,-0.048240,0.064161,-0.057345,0.996291,0,0.94250,0.27847,56.550,0.557,-1,375.000,-1,350.000,-1,300.000,300.000,300.000,325.000,-1,450.000,550.000,-1,675.000,625.000,-1,-1,2,0,2,0,2,0,0,0,0,2,0,0,2,0,0,2,2
63,-4799.513,-6173.996,-299.655,188.157,-0.987100,0.141635,0.074656,-0.145486,-0.988150,-0.048920,0.066842,-0.059150,0.996009,0,0.93692,0.28507,56.215,0.570,-1,375.000,-1,350.000,-1,300.000,300.000,300.000,325.000,-1,450.000,525.000,-1,700.000,625.000,-1,-1,2,0,2,0,2,0,0,0,0,2,0,0,2,0,0,2,2
64,-4854.716,-6182.482,-295.523,188.739,-0.985352,0.151647,0.078001,-0.155753,-0.986554,-0.049522,0.069442,-0.060945,0.995723,0,0.93084,0.29096,55.850,0.582,-1,375.000,-1,375.000,-1,300.000,300.000,325.000,325.000,-1,450.000,525.000,-1,700.000,625.000,-1,-1,2,0,2,0,2,0,0,0,0,2,0,0,2,0,0,2,2
65,-4909.441,-6191.475,-291.476,189.331,-0.983467,0.161819,0.081291,-0.166179,-0.984825,-0.050044,0.071959,-0.062726,0.995433,0,0.92432,0.29613,55.459,0.592,-1,375.000,-1,375.000,-1,300.000,300.000,325.000,300.000,-1,425.000,500.000,-1,700.000,650.000,-1,-1,2,0,2,0,2,0,0,0,0,2,0,0,2,0,0,2,2
66,-4963.662,-6200.970,-287.517,189.932,-0.981442,0.172124,0.084522,-0.176738,-0.982962,-0.050486,0.074392,-0.064488,0.995142,0,0.91743,0.30058,55.046,0.601,-1,400.000,-1,375.000,-1,325.000,300.000,325.000,300.000,-1,425.000,500.000,-1,725.000,650.000,-1,-1,2,0,2,0,2,0,0,0,0,2,0,0,2,0,0,2,2
67,-5017.354,-6210.962,-283.650,190.541,-0.979281,0.182535,0.087693,-0.187402,-0.980966,-0.050848,0.076742,-0.066228,0.994849,0,0.91022,0.30432,54.613,0.609,-1,400.000,-1,375.000,-1,325.000,300.000,325.000,300.000,-1,425.000,500.000,-1,725.000,650.000,-1,-1,2,0,2,0,2,0,0,0,0,2,0,0,2,0,0,2,2
68,-5070.498,-6221.443,-279.877,191.156,-0.976983,0.193026,0.090801,-0.198145,-0.978838,-0.051129,0.079010,-0.067944,0.994556,0,0.90278,0.30734,54.167,0.615,-1,400.000,-1,375.000,-1,325.000,300.000,325.000,300.000,-1,375.000,450.000,-1,750.000,650.000,-1,-1,2,0,2,0,2,0,0,0,0,2,0,0,2,0,0,2,2
69,-5123.078,-6232.404,-276.199,191.775,-0.974552,0.203571,0.093844,-0.208938,-0.976581,-0.051330,0.081197,-0.069631,0.994263,0,0.89518,0.30967,53.711,0.619,-1,400.000,-1,375.000,-1,325.000,300.000,325.000,300.000,-1,325.000,400.000,-1,750.000,675.000,-1,-1,2,0,2,0,2,0,0,0,0,2,0,0,2,0,0,2,2
70,-5175.085,-6243.837,-272.619,192.397,-0.971991,0.214146,0.096821,-0.219757,-0.974197,-0.051453,0.083304,-0.071289,0.993971,0,0.88747,0.31130,53.248,0.623,-1,400.000,-1,375.000,-1,325.000,300.000,300.000,300.000,-1,300.000,375.000,-1,750.000,675.000,-1,-1,2,0,2,0,2,0,0,0,0,2,0,0,2,0,0,2,2
71,-5226.512,-6255.733,-268.478,193.022,-0.969394,0.224685,0.098957,-0.230704,-0.971516,-0.054145,0.083973,-0.075318,0.993618,0,0.87975,0.31225,52.785,0.624,-1,400.000,-1,375.000,-1,325.000,300.000,300.000,300.000,-1,325.000,375.000,-1,750.000,675.000,-1,-1,2,0,2,0,2,0,0,0,0,2,0,0,2,0,0,2,2
72,-5277.357,-6268.082,-264.267,193.647,-0.966639,0.235185,0.101471,-0.241694,-0.968658,-0.057323,0.084809,-0.079935,0.993186,0,0.87206,0.31254,52.323,0.625,-1,400.000,-1,375.000,-1,325.000,300.000,300.000,300.000,-1,325.000,400.000,-1,775.000,700.000,-1,-1,2,0,2,0,2,0,0,0,0,2,0,0,2,0,0,2,2
73,-5323.363,-6279.993,-260.247,194.512,-0.962861,0.249712,0.102677,-0.256516,-0.964720,-0.059293,0.084248,-0.083429,0.992946,0,0.79206,0.43254,47.523,0.865,-1,400.000,-1,375.000,-1,325.000,300.000,300.000,300.000,-1,350.000,450.000,-1,775.000,700.000,-1,-1,2,0,2,0,2,0,0,0,0,2,0,0,2,0,0,2,2
74,-5367.629,-6292.370,-256.164,195.617,-0.957788,0.268213,0.103461,-0.275182,-0.959516,-0.060034,0.083171,-0.085970,0.992820,0,0.76607,0.55254,45.964,1.105,-1,400.000,-1,375.000,-1,325.000,325.000,300.000,300.000,-1,400.000,500.000,-1,775.000,700.000,-1,-1,2,0,2,0,2,0,0,0,0,2,0,0,2,0,0,2,2
75,-5411.363,-6305.712,-252.207,196.962,-0.951151,0.290592,0.104247,-0.297720,-0.952725,-0.060644,0.081696,-0.088718,0.992701,0,0.76208,0.67254,45.725,1.345,-1,400.000,-1,375.000,-1,325.000,325.000,300.000,300.000,-1,450.000,550.000,-1,775.000,725.000,-1,-1,2,0,2,0,2,0,0,0,0,2,0,0,2,0,0,2,2
76,-5454.552,-6320.207,-248.412,198.547,-0.942682,0.316748,0.104981,-0.324029,-0.944065,-0.061207,0.079722,-0.091716,0.992589,0,0.75931,0.79254,45.558,1.585,-1,400.000,-1,375.000,-1,325.000,325.000,300.000,300.000,-1,500.000,625.000,-1,775.000,725.000,-1,-1,2,0,2,0,2,0,0,0,0,2,0,0,2,0,0,2,2
77,-5497.168,-6336.036,-244.795,200.372,-0.932062,0.346550,0.105654,-0.353975,-0.933217,-0.061710,0.077213,-0.094917,0.992486,0,0.75771,0.91254,45.463,1.825,-1,400.000,-1,375.000,-1,325.000,325.000,300.000,300.000,-1,550.000,675.000,-1,775.000,725.000,-1,-1,2,0,2,0,2,0,0,0,0,2,0,0,2,0,0,2,2
78,-5539.181,-6353.334,-241.358,202.372,-0.919359,0.378786,0.106306,-0.386345,-0.920257,-0.062170,0.074280,-0.098227,0.992388,0,0.75726,1.00000,45.436,2.000,-1,400.000,-1,375.000,-1,325.000,325.000,300.000,300.000,-1,625.000,750.000,-1,775.000,750.000,-1,-1,2,0,2,0,2,0,0,0,0,2,0,0,2,0,0,2,2
79,-5580.584,-6372.096,-238.104,204.372,-0.905552,0.410541,0.106919,-0.418218,-0.906190,-0.062567,0.071202,-0.101373,0.992297,0,0.75763,1.00000,45.458,2.000,-1,400.000,-1,375.000,-1,325.000,325.000,300.000,300.000,-1,675.000,825.000,-1,800.000,750.000,-1,-1,2,0,2,0,2,0,0,1,0,2,0,0,2,0,0,2,2
80,-5621.328,-6392.302,-235.046,206.372,-0.890664,0.441782,0.107458,-0.449554,-0.891037,-0.062884,0.067968,-0.104316,0.992219,0,0.75802,1.00000,45.481,2.000,-1,400.000,-1,400.000,-1,325.000,325.000,300.000,300.000,-1,750.000,900.000,-1,800.000,750.000,-1,-1,2,0,2,0,2,0,0,1,0,2,0,0,2,0,0,2,2
81,-5661.363,-6413.929,-232.192,208.372,-0.874714,0.472471,0.107919,-0.480317,-0.874821,-0.063125,0.064585,-0.107051,0.992154,0,0.75842,1.00000,45.505,2.000,-1,400.000,-1,400.000,-1,325.000,325.000,300.000,300.000,-1,825.000,1000.000,-1,800.000,775.000,-1,-1,2,0,2,0,2,0,0,1,0,2,0,0,2,0,0,2,2
82,-5700.639,-6436.952,-229.547,210.372,-0.857723,0.502575,0.108299,-0.510472,-0.857562,-0.063293,0.061063,-0.109571,0.992102,0,0.75883,1.00000,45.530,2.000,-1,400.000,-1,400.000,-1,325.000,325.000,300.000,300.000,-1,900.000,-1,-1,800.000,775.000,-1,-1,2,0,2,0,2,0,0,1,0,2,0,2,2,0,0,2,2
83,-5739.109,-6461.345,-227.011,212.372,-0.839736,0.532037,0.108536,-0.539985,-0.839247,-0.063887,0.057099,-0.112256,0.992037,0,0.75924,1.00000,45.555,2.000,-1,400.000,-1,400.000,-1,325.000,325.000,300.000,300.000,-1,1000.000,-1,-1,800.000,775.000,-1,-1,2,0,2,0,2,0,0,1,0,2,0,2,2,0,0,2,2
84,-5776.726,-6487.081,-224.567,214.372,-0.820773,0.560820,0.108683,-0.568816,-0.819902,-0.064881,0.052723,-0.115073,0.991957,0,0.75967,1.00000,45.580,2.000,-1,400.000,-1,400.000,-1,325.000,325.000,300.000,300.000,-1,-1,-1,-1,800.000,800.000,-1,-1,2,0,2,0,2,0,0,1,0,2,2,2,2,0,0,2,2
85,-5813.442,-6514.129,-222.296,216.372,-0.800825,0.588929,0.108820,-0.596938,-0.799608,-0.065521,0.048426,-0.117430,0.991900,0,0.76011,1.00000,45.607,2.000,-1,400.000,-1,400.000,-1,325.000,325.000,300.000,300.000,-1,-1,-1,-1,800.000,800.000,-1,-1,2,0,2,0,2,0,0,1,0,2,2,2,2,0,0,2,2
86,-5849.213,-6542.459,-220.283,218.372,-0.779939,0.616329,0.108782,-0.624309,-0.778381,-0.066047,0.043967,-0.119426,0.991869,0,0.76056,1.00000,45.633,2.000,-1,400.000,-1,400.000,-1,325.000,325.000,300.000,300.000,-1,-1,-1,-1,800.000,800.000,-1,-1,2,0,2,0,2,0,0,1,0,2,2,2,2,0,0,2,2
87,-5883.995,-6572.036,-218.512,220.372,-0.758133,0.642984,0.108655,-0.650908,-0.756239,-0.066491,0.039416,-0.121133,0.991853,0,0.76101,1.00000,45.661,2.000,-1,400.000,-1,400.000,-1,325.000,325.000,300.000,300.000,-1,-1,-1,-1,800.000,800.000,-1,-1,2,0,2,0,2,0,0,1,0,2,2,2,2,0,0,2,2
88,-5917.744,-6602.829,-216.971,222.372,-0.735425,0.668864,0.108495,-0.676711,-0.733206,-0.066869,0.034823,-0.122597,0.991845,0,0.76147,1.00000,45.688,2.000,-1,400.000,-1,400.000,-1,325.000,325.000,300.000,300.000,-1,-1,-1,-1,775.000,800.000,-1,-1,2,0,2,0,2,0,0,0,0,2,2,2,2,0,0,2,2
89,-5950.418,-6634.799,-215.662,224.372,-0.711843,0.693938,0.108301,-0.701689,-0.709307,-0.067194,0.030190,-0.123826,0.991845,0,0.76194,1.00000,45.717,2.000,-1,400.000,-1,400.000,-1,325.000,325.000,300.000,300.000,-1,-1,-1,-1,775.000,825.000,-1,-1,2,0,2,0,2,0,0,0,0,2,2,2,2,0,0,2,2
90,-5981.976,-6667.911,-214.572,226.372,-0.687418,0.718175,0.108079,-0.725815,-0.684567,-0.067533,0.025487,-0.124869,0.991846,0,0.76242,1.00000,45.745,2.000,-1,400.000,-1,400.000,-1,325.000,325.000,300.000,300.000,-1,-1,-1,-1,775.000,825.000,-1,-1,2,0,2,0,2,0,0,0,0,2,2,2,2,0,0,2,2
91,-6012.379,-6702.125,-213.628,228.372,-0.662209,0.741588,0.107362,-0.749039,-0.659049,-0.067786,0.020488,-0.125307,0.991906,0,0.76290,1.00000,45.774,2.000,-1,400.000,-1,400.000,-1,325.000,325.000,300.000,300.000,-1,-1,-1,-1,775.000,825.000,-1,-1,2,0,2,0,2,0,0,0,0,2,2,2,2,0,0,2,2
92,-6041.588,-6737.401,-212.886,230.372,-0.636221,0.764131,0.106424,-0.771354,-0.632763,-0.068006,0.015375,-0.125357,0.991993,0,0.76338,1.00000,45.803,2.000,-1,400.000,-1,400.000,-1,325.000,325.000,300.000,300.000,-1,-1,-1,-1,750.000,800.000,-1,-1,2,0,2,0,2,0,0,0,0,2,2,2,2,0,0,2,2
93,-6069.566,-6773.698,-212.386,232.372,-0.609465,0.785768,0.105457,-0.792746,-0.605724,-0.068208,0.010282,-0.125171,0.992082,0,0.76387,1.00000,45.832,2.000,-1,400.000,-1,400.000,-1,325.000,325.000,300.000,300.000,-1,-1,-1,-1,750.000,800.000,-1,-1,2,0,2,0,2,0,0,0,0,2,2,2,2,0,0,2,2
94,-6096.278,-6810.974,-212.009,234.372,-0.581933,0.806427,0.105021,-0.813218,-0.577931,-0.068358,0.005569,-0.125185,0.992118,0,0.76436,1.00000,45.862,2.000,-1,400.000,-1,400.000,-1,325.000,325.000,300.000,300.000,-1,-1,-1,-1,750.000,800.000,-1,-1,2,0,2,0,2,0,0,0,0,2,2,2,2,0,0,2,2
95,-6121.689,-6849.183,-211.854,236.372,-0.553691,0.826121,0.104640,-0.832722,-0.549446,-0.068441,0.000953,-0.125031,0.992152,0,0.76486,1.00000,45.891,2.000,-1,400.000,-1,400.000,-1,325.000,325.000,300.000,300.000,-1,-1,-1,-1,750.000,800.000,-1,-1,2,0,2,0,2,0,0,0,0,2,2,2,2,0,0,2,2
96,-6146.045,-6888.732,-211.938,238.372,-0.524777,0.844834,0.104232,-0.851232,-0.520305,-0.068458,-0.003603,-0.124651,0.992194,0,0.77418,1.00000,46.451,2.000,-1,400.000,-1,400.000,-1,325.000,325.000,300.000,300.000,-1,-1,-1,-1,750.000,800.000,-1,-1,2,0,2,0,2,0,0,0,0,2,2,2,2,0,0,2,2
97,-6169.012,-6929.117,-212.262,240.372,-0.495222,0.862543,0.103799,-0.868729,-0.490541,-0.068408,-0.008087,-0.124051,0.992243,0,0.77436,1.00000,46.461,2.000,-1,400.000,-1,400.000,-1,325.000,325.000,300.000,300.000,-1,-1,-1,-1,725.000,800.000,-1,-1,2,0,2,0,2,0,0,0,0,2,2,2,2,0,0,2,2
98,-6190.561,-6970.287,-212.855,242.372,-0.465048,0.879241,0.103278,-0.885199,-0.460194,-0.068155,-0.012397,-0.123117,0.992315,0,0.77454,1.00000,46.472,2.000,-1,400.000,-1,400.000,-1,325.000,325.000,300.000,300.000,-1,-1,-1,-1,725.000,800.000,-1,-1,2,0,2,0,2,0,0,0,0,2,2,2,2,0,0,2,2
99,-6210.664,-7012.194,-213.686,244.372,-0.434298,0.894895,0.102708,-0.900616,-0.429290,-0.067825,-0.016605,-0.121956,0.992397,0,0.77472,1.00000,46.483,2.000,-1,375.000,-1,400.000,-1,325.000,325.000,300.000,300.000,-1,-1,-1,-1,725.000,800.000,-1,-1,2,0,2,0,2,0,0,0,0,2,2,2,2,0,0,2,2
100,-6229.298,-7054.788,-214.743,246.372,-0.403009,0.909483,0.102101,-0.914961,-0.397864,-0.067455,-0.020727,-0.120604,0.992484,0,0.77490,1.00000,46.494,2.000,-1,375.000,-1,400.000,-1,325.000,325.000,300.000,300.000,-1,-1,-1,-1,725.000,800.000,-1,-1,2,0,2,0,2,0,0,0,0,2,2,2,2,0,0,2,2
101,-6246.439,-7098.016,-215.994,248.372,-0.371223,0.922999,0.101321,-0.928211,-0.365954,-0.067090,-0.024846,-0.118953,0.992589,0,0.77509,1.00000,46.505,2.000,-1,375.000,-1,400.000,-1,325.000,325.000,300.000,300.000,-1,-1,-1,-1,725.000,775.000,-1,-1,2,0,2,0,2,0,0,0,0,2,2,2,2,0,0,2,2
102,-6262.065,-7141.826,-217.423,250.372,-0.338977,0.935432,0.100308,-0.940348,-0.333599,-0.066766,-0.028993,-0.116956,0.992714,0,0.77528,1.00000,46.517,2.000,-1,375.000,-1,400.000,-1,325.000,325.000,300.000,300.000,-1,-1,-1,-1,725.000,775.000,-1,-1,2,0,2,0,2,0,0,0,0,2,2,2,2,0,0,2,2
103,-6276.156,-7186.166,-218.977,252.372,-0.306259,0.946786,0.099005,-0.951384,-0.300839,-0.066061,-0.032761,-0.114424,0.992892,0,0.77547,1.00000,46.528,2.000,-1,375.000,-1,400.000,-1,325.000,325.000,300.000,300.000,-1,-1,-1,-1,725.000,775.000,-1,-1,2,0,2,0,2,0,0,0,0,2,2,2,2,0,0,2,2
104,-6290.175,-7235.475,-220.878,254.132,-0.277114,0.955882,0.097458,-0.960166,-0.271704,-0.065249,-0.035890,-0.111658,0.993098,0,0.85442,0.88000,51.265,1.760,-1,375.000,-1,400.000,-1,325.000,325.000,300.000,300.000,-1,-1,-1,-1,725.000,775.000,-1,-1,2,0,2,0,2,0,0,0,0,2,2,2,2,0,0,2,2
105,-6302.872,-7285.104,-222.879,255.652,-0.251730,0.963019,0.096055,-0.967025,-0.246321,-0.064721,-0.038667,-0.109180,0.993270,0,0.85383,0.76000,51.230,1.520,-1,375.000,-1,400.000,-1,325.000,325.000,300.000,300.000,-1,-1,-1,-1,725.000,775.000,-1,-1,2,0,2,0,2,0,0,0,0,2,2,2,2,0,0,2,2
106,-6314.443,-7334.947,-224.794,256.932,-0.230195,0.968448,0.095497,-0.972295,-0.224786,-0.064131,-0.040641,-0.107614,0.993362,0,0.85283,0.64000,51.170,1.280,-1,375.000,-1,400.000,-1,325.000,325.000,300.000,300.000,-1,-1,-1,-1,725.000,775.000,-1,-1,2,0,2,0,2,0,0,0,0,2,2,2,2,0,0,2,2
107,-6324.907,-7384.947,-226.833,258.182,-0.209045,0.973285,0.094961,-0.976984,-0.203645,-0.063487,-0.042453,-0.106047,0.993454,0,0.85142,0.62486,51.085,1.250,-1,375.000,-1,400.000,-1,325.000,325.000,300.000,300.000,-1,-1,-1,-1,725.000,775.000,-1,-1,2,0,2,0,2,0,0,0,0,2,2,2,2,0,0,2,2
108,-6334.263,-7435.080,-229.002,259.431,-0.187805,0.977660,0.094397,-0.981212,-0.182422,-0.062815,-0.044192,-0.104420,0.993551,0,0.84999,0.62424,51.000,1.248,-1,375.000,-1,400.000,-1,325.000,325.000,300.000,300.000,-1,-1,-1,-1,725.000,775.000,-1,-1,2,0,2,0,2,0,0,0,0,2,2,2,2,0,0,2,2
109,-6342.512,-7485.322,-231.299,260.678,-0.166490,0.981571,0.093803,-0.984976,-0.161131,-0.062117,-0.045857,-0.102736,0.993651,0,0.84861,0.62349,50.917,1.247,-1,375.000,-1,400.000,-1,325.000,325.000,300.000,300.000,-1,-1,-1,-1,725.000,775.000,-1,-1,2,0,2,0,2,0,0,0,0,2,2,2,2,0,0,2,2
110,-6349.657,-7535.653,-233.719,261.923,-0.145114,0.985018,0.093179,-0.988277,-0.139786,-0.061392,-0.047447,-0.100996,0.993755,0,0.84729,0.62264,50.837,1.245,-1,375.000,-1,400.000,-1,325.000,325.000,300.000,300.000,-1,-1,-1,-1,725.000,775.000,-1,-1,2,0,2,0,2,0,0,0,0,2,2,2,2,0,0,2,2
111,-6355.699,-7586.052,-236.258,263.166,-0.123690,0.987998,0.092524,-0.991112,-0.118401,-0.060643,-0.048961,-0.099202,0.993862,0,0.84602,0.62167,50.761,1.243,-1,375.000,-1,400.000,-1,325.000,325.000,300.000,300.000,-1,-1,950.000,-1,725.000,775.000,-1,-1,2,0,2,0,2,0,0,0,0,2,2,0,2,0,0,2,2
112,-6360.640,-7636.497,-238.911,264.407,-0.102234,0.990512,0.091836,-0.993483,-0.096990,-0.059872,-0.050397,-0.097358,0.993973,0,0.84480,0.62059,50.688,1.241,-1,375.000,-1,400.000,-1,325.000,325.000,300.000,300.000,-1,-1,900.000,-1,725.000,775.000,-1,-1,2,0,2,0,2,0,0,0,0,2,2,0,2,0,0,2,2
113,-6364.485,-7686.969,-241.676,265.646,-0.080760,0.992560,0.091114,-0.995389,-0.075567,-0.059080,-0.051755,-0.095465,0.994086,0,0.84366,0.61941,50.619,1.239,-1,375.000,-1,400.000,-1,325.000,325.000,300.000,300.000,-1,-1,850.000,-1,725.000,775.000,-1,-1,2,0,2,0,2,0,0,0,0,2,2,0,2,0,0,2,2
114,-6367.236,-7737.448,-244.548,266.883,-0.059280,0.994143,0.090359,-0.996832,-0.054144,-0.058268,-0.053034,-0.093526,0.994203,0,0.84258,0.61813,50.555,1.236,-1,375.000,-1,400.000,-1,325.000,325.000,300.000,300.000,-1,975.000,825.000,-1,725.000,775.000,-1,-1,2,0,2,0,2,0,0,0,0,2,0,0,2,0,0,2,2
115,-6368.899,-7787.913,-247.522,268.116,-0.037810,0.995263,0.089568,-0.997812,-0.032738,-0.057439,-0.054234,-0.091544,0.994323,0,0.84157,0.61674,50.494,1.233,-1,375.000,-1,400.000,-1,325.000,325.000,300.000,300.000,-1,900.000,800.000,-1,725.000,775.000,-1,-1,2,0,2,0,2,0,0,0,0,2,0,0,2,0,0,2,2
116,-6369.476,-7838.346,-250.596,269.347,-0.016362,0.995920,0.088742,-0.998333,-0.011359,-0.056594,-0.055355,-0.089520,0.994446,0,0.84063,0.61525,50.438,1.231,-1,375.000,-1,400.000,-1,325.000,325.000,300.000,300.000,-1,875.000,775.000,-1,725.000,775.000,-1,-1,2,0,2,0,2,0,0,0,0,2,0,0,2,0,0,2,2
117,-6368.973,-7888.729,-253.579,270.574,0.005016,0.996109,0.087989,-0.998379,0.009977,-0.056038,-0.056698,-0.087565,0.994544,0,0.83977,0.61367,50.386,1.227,-1,375.000,-1,400.000,-1,325.000,325.000,300.000,300.000,-1,875.000,775.000,-1,725.000,750.000,-1,-1,2,0,2,0,2,0,0,0,0,2,0,0,2,0,0,2,2
118,-6367.316,-7941.522,-256.553,271.800,0.026375,0.995832,0.087305,-0.997965,0.031301,-0.055551,-0.058052,-0.085662,0.994632,0,0.88034,0.61324,52.820,1.226,-1,375.000,-1,400.000,-1,325.000,325.000,300.000,300.000,-1,875.000,775.000,-1,725.000,750.000,-1,-1,2,0,2,0,2,0,0,0,0,2,0,0,2,0,0,2,2
119,-6364.528,-7994.213,-259.617,273.031,0.047798,0.995096,0.086600,-0.997093,0.052684,-0.055047,-0.059340,-0.083718,0.994721,0,0.87942,0.61515,52.765,1.230,-1,375.000,-1,400.000,-1,325.000,325.000,300.000,300.000,-1,900.000,800.000,-1,700.000,750.000,-1,-1,2,0,2,0,2,0,0,0,0,2,0,0,2,0,0,2,2
120,-6360.611,-8046.770,-262.768,274.265,0.069271,0.993895,0.085875,-0.995758,0.074112,-0.054529,-0.060560,-0.081733,0.994813,0,0.87841,0.61694,52.705,1.234,-1,375.000,-1,400.000,-1,325.000,325.000,300.000,300.000,-1,900.000,800.000,-1,700.000,750.000,-1,-1,2,0,2,0,2,0,0,0,0,2,0,0,2,0,0,2,2
121,-6355.567,-8099.166,-266.002,275.502,0.090780,0.992226,0.085128,-0.993957,0.095571,-0.053997,-0.061713,-0.079712,0.994906,0,0.87732,0.61861,52.639,1.237,-1,375.000,-1,400.000,-1,325.000,325.000,300.000,300.000,-1,900.000,800.000,-1,700.000,750.000,-1,-1,2,0,2,0,2,0,0,0,0,2,0,0,2,0,0,2,2
122,-6349.397,-8151.370,-269.313,276.742,0.112309,0.990086,0.084360,-0.991687,0.117045,-0.053454,-0.062798,-0.077655,0.995001,0,0.87614,0.62016,52.568,1.240,-1,375.000,-1,400.000,-1,325.000,325.000,300.000,300.000,-1,900.000,800.000,-1,700.000,725.000,-1,-1,2,0,2,0,2,0,0,0,0,2,0,0,2,0,0,2,2
123,-6342.107,-8203.354,-272.699,277.985,0.133844,0.987472,0.083570,-0.988946,0.138521,-0.052900,-0.063813,-0.075566,0.995097,0,0.87489,0.62159,52.493,1.243,-1,375.000,-1,400.000,-1,325.000,325.000,300.000,300.000,-1,875.000,775.000,-1,700.000,725.000,-1,-1,2,0,2,0,2,0,0,0,0,2,0,0,2,0,0,2,2
124,-6333.701,-8255.089,-276.155,279.231,0.155370,0.984384,0.082757,-0.985731,0.159982,-0.052337,-0.064759,-0.073445,0.995194,0,0.87357,0.62290,52.414,1.246,-1,375.000,-1,400.000,-1,325.000,325.000,300.000,300.000,-1,875.000,775.000,-1,700.000,725.000,-1,-1,2,0,2,0,2,0,0,0,0,2,0,0,2,0,0,2,2
125,-6324.185,-8306.546,-279.676,280.479,0.176871,0.980819,0.081923,-0.982043,0.181415,-0.051767,-0.065636,-0.071296,0.995293,0,0.87218,0.62408,52.331,1.248,-1,375.000,-1,375.000,-1,325.000,325.000,300.000,300.000,-1,875.000,775.000,-1,700.000,725.000,-1,-1,2,0,2,0,2,0,0,0,0,2,0,0,2,0,0,2,2
126,-6313.567,-8357.699,-283.258,281.729,0.198332,0.976777,0.081067,-0.977880,0.202804,-0.051192,-0.066443,-0.069121,0.995393,0,0.87074,0.62513,52.244,1.250,-1,375.000,-1,375.000,-1,325.000,325.000,300.000,300.000,-1,850.000,775.000,-1,700.000,725.000,-1,-1,2,0,2,0,2,0,0,0,0,2,0,0,2,0,0,2,2
127,-6301.853,-8408.521,-286.897,282.982,0.219737,0.972258,0.080189,-0.973243,0.224134,-0.050612,-0.067181,-0.066922,0.995494,0,0.86925,0.62606,52.155,1.252,-1,375.000,-1,375.000,-1,300.000,325.000,300.000,300.000,-1,850.000,775.000,-1,675.000,725.000,-1,-1,2,0,2,0,2,0,0,0,0,2,0,0,2,0,0,2,2
128,-6289.053,-8458.985,-290.573,284.235,0.241064,0.967260,0.079355,-0.968132,0.245388,-0.050061,-0.067894,-0.064758,0.995589,0,0.86771,0.62686,52.063,1.254,-1,375.000,-1,375.000,-1,300.000,300.000,300.000,300.000,-1,850.000,800.000,-1,675.000,700.000,-1,-1,2,0,2,0,2,0,0,0,0,2,0,0,2,0,0,2,2
129,-6275.174,-8509.065,-294.084,285.490,0.262268,0.961739,0.079202,-0.962573,0.266539,-0.049099,-0.068331,-0.063361,0.995649,0,0.86614,0.62753,51.968,1.255,-1,375.000,-1,375.000,-1,300.000,300.000,300.000,300.000,-1,850.000,800.000,-1,675.000,700.000,-1,-1,2,0,2,0,2,0,0,0,0,2,0,0,2,0,0,2,2
130,-6260.229,-8558.736,-297.553,286.746,0.283370,0.955731,0.079244,-0.956565,0.287578,-0.047765,-0.068439,-0.062267,0.995710,0,0.86453,0.62807,51.872,1.256,-1,375.000,-1,375.000,-1,300.000,300.000,300.000,300.000,-1,825.000,800.000,-1,675.000,700.000,-1,-1,2,0,2,0,2,0,0,0,0,2,0,0,2,0,0,2,2
131,-6244.228,-8607.975,-301.038,288.003,0.304355,0.949265,0.079144,-0.950087,0.308497,-0.046523,-0.068578,-0.061035,0.995777,0,0.86291,0.62847,51.775,1.257,-1,375.000,-1,375.000,-1,300.000,300.000,300.000,325.000,-1,825.000,775.000,-1,675.000,700.000,-1,-1,2,0,2,0,2,0,0,0,0,2,0,0,2,0,0,2,2
132,-6228.920,-8652.385,-304.140,289.020,0.321271,0.943718,0.078617,-0.944512,0.325323,-0.045401,-0.068422,-0.059668,0.995871,0,0.78291,0.50847,46.975,1.017,-1,375.000,-1,375.000,-1,300.000,300.000,300.000,325.000,-1,800.000,750.000,-1,675.000,675.000,-1,-1,2,0,2,0,2,0,0,0,0,2,0,0,2,0,0,2,2
133,-6214.531,-8692.363,-306.890,289.797,0.334183,0.939297,0.077734,-0.940062,0.338118,-0.044265,-0.067861,-0.058282,0.995991,0,0.70815,0.38847,42.489,0.777,-1,375.000,-1,375.000,-1,300.000,300.000,300.000,325.000,-1,775.000,700.000,-1,675.000,675.000,-1,-1,2,0,2,0,2,0,0,0,0,2,0,0,2,0,0,2,2
134,-6199.805,-8732.101,-309.638,290.334,0.343113,0.936148,0.076813,-0.936899,0.346928,-0.043143,-0.067037,-0.057163,0.996112,0,0.70632,0.26847,42.379,0.537,-1,375.000,-1,375.000,-1,300.000,300.000,300.000,325.000,-1,725.000,675.000,-1,675.000,675.000,-1,-1,2,0,2,0,2,0,0,0,0,2,0,0,2,0,0,2,2
