timestep,x_cm,y_cm,z_cm,yaw_deg,basis_xx,basis_xy,basis_xz,basis_yx,basis_yy,basis_yz,basis_zx,basis_zy,basis_zz,teleport_flag,throttle_cmd,steering_cmd,cmd_move_cm,cmd_turn_deg,lidar_cm_0,lidar_cm_1,lidar_cm_2,lidar_cm_3,lidar_cm_4,lidar_cm_5,lidar_cm_6,lidar_cm_7,lidar_cm_8,lidar_cm_9,lidar_cm_10,lidar_cm_11,lidar_cm_12,lidar_cm_13,lidar_cm_14,lidar_cm_15,lidar_cm_16,lidar_class_0,lidar_class_1,lidar_class_2,lidar_class_3,lidar_class_4,lidar_class_5,lidar_class_6,lidar_class_7,lidar_class_8,lidar_class_9,lidar_class_10,lidar_class_11,lidar_class_12,lidar_class_13,lidar_class_14,lidar_class_15,lidar_class_16
0,6226.660,-982.880,157.576,-9.548,0.986255,0.162866,-0.027861,-0.165193,0.968238,-0.187685,-0.003592,0.189707,0.981834,1,-0.08000,0.12000,-4.800,0.240,-1,225.000,-1,900.000,-1,200.000,475.000,400.000,100.000,-1,-1,-1,-1,450.000,-1,-1,-1,2,0,2,1,2,1,1,0,0,2,2,2,2,0,2,2,2
1,6219.840,-981.798,157.771,-9.074,0.987485,0.154965,-0.029318,-0.157714,0.970257,-0.183649,-0.000013,0.185974,0.982555,0,-0.11505,0.23693,-6.903,0.474,-1,250.000,-1,900.000,-1,200.000,475.000,375.000,100.000,-1,-1,-1,-1,475.000,-1,-1,-1,2,0,2,1,2,1,1,0,0,2,2,2,2,0,2,2,2
2,6212.954,-980.764,157.953,-8.601,0.988649,0.147047,-0.030835,-0.150203,0.972194,-0.179658,0.003559,0.182251,0.983246,0,-0.11603,0.23673,-6.962,0.473,-1,250.000,-1,900.000,-1,200.000,475.000,375.000,100.000,-1,-1,-1,-1,475.000,-1,-1,-1,2,0,2,1,2,1,1,0,0,2,2,2,2,0,2,2,2
3,6206.001,-979.778,158.122,-8.128,0.989746,0.139111,-0.032408,-0.142659,0.974049,-0.175716,0.007123,0.178538,0.983907,0,-0.11701,0.23654,-7.021,0.473,-1,250.000,-1,900.000,-1,200.000,475.000,375.000,100.000,-1,-1,-1,-1,500.000,-1,-1,-1,2,0,2,1,2,1,1,0,0,2,2,2,2,0,2,2,2
4,6198.982,-978.841,158.278,-7.655,0.990777,0.131159,-0.034036,-0.135082,0.975822,-0.171825,0.010677,0.174837,0.984539,0,-0.11799,0.23636,-7.079,0.473,-1,250.000,-1,900.000,-1,200.000,475.000,375.000,100.000,-1,-1,-1,-1,500.000,-1,-1,-1,2,0,2,1,2,0,1,0,0,2,2,2,2,0,2,2,2
5,6191.898,-977.955,158.419,-7.183,0.991740,0.123190,-0.035717,-0.127472,0.977513,-0.167985,0.014220,0.171150,0.985142,0,-0.11897,0.23620,-7.138,0.472,-1,250.000,-1,900.000,-1,200.000,450.000,350.000,125.000,-1,-1,-1,-1,525.000,-1,-1,-1,2,0,2,1,2,0,1,0,0,2,2,2,2,0,2,2,2
6,6184.749,-977.120,158.547,-6.711,0.992636,0.115205,-0.037449,-0.119831,0.979122,-0.164200,0.017751,0.167478,0.985716,0,-0.11994,0.23606,-7.196,0.472,-1,275.000,-1,900.000,-1,200.000,450.000,350.000,125.000,-1,-1,-1,-1,525.000,-1,-1,-1,2,0,2,1,2,0,1,0,0,2,2,2,2,0,2,2,2
7,6177.535,-976.338,158.660,-6.239,0.993463,0.107204,-0.039229,-0.112158,0.980648,-0.160470,0.021267,0.163821,0.986261,0,-0.12091,0.23592,-7.255,0.472,-1,275.000,-1,900.000,-1,200.000,450.000,350.000,125.000,-1,-1,-1,-1,550.000,-1,-1,-1,2,0,2,1,2,0,1,0,0,2,2,2,2,0,2,2,2
8,6170.257,-975.609,158.759,-5.767,0.994221,0.099189,-0.041057,-0.104454,0.982092,-0.156798,0.024769,0.160181,0.986777,0,-0.12188,0.23581,-7.313,0.472,-1,275.000,-1,925.000,-1,200.000,425.000,350.000,125.000,-1,-1,-1,-1,575.000,-1,-1,-1,2,0,2,1,2,0,1,0,0,2,2,2,2,0,2,2,2
9,6162.916,-974.935,158.843,-5.296,0.994911,0.091159,-0.042928,-0.096719,0.983453,-0.153185,0.028254,0.156558,0.987265,0,-0.12285,0.23571,-7.371,0.471,-1,275.000,-1,925.000,-1,225.000,425.000,350.000,125.000,-1,-1,-1,-1,575.000,-1,-1,-1,2,0,2,1,2,0,1,0,0,2,2,2,2,0,2,2,2
10,6155.511,-974.316,158.912,-4.825,0.995531,0.083115,-0.044843,-0.088953,0.984732,-0.149633,0.031721,0.152953,0.987724,0,-0.12382,0.23562,-7.429,0.471,-1,275.000,-1,925.000,-1,225.000,425.000,325.000,150.000,-1,-1,-1,-1,600.000,-1,-1,-1,2,0,2,1,2,0,1,0,0,2,2,2,2,0,2,2,2
11,6148.044,-973.753,158.966,-4.353,0.996081,0.075057,-0.046797,-0.081158,0.985929,-0.146143,0.035170,0.149368,0.988156,0,-0.12479,0.23554,-7.487,0.471,-1,300.000,-1,925.000,-1,225.000,400.000,325.000,150.000,-1,-1,-1,-1,600.000,-1,-1,-1,2,0,2,1,2,0,1,0,0,2,2,2,2,0,2,2,2
12,6140.515,-973.248,159.005,-3.882,0.996560,0.066987,-0.048791,-0.073334,0.987043,-0.142716,0.038599,0.145803,0.988560,0,-0.12575,0.23548,-7.545,0.471,-1,300.000,-1,925.000,-1,225.000,400.000,325.000,150.000,-1,-1,-1,-1,625.000,-1,-1,-1,2,0,2,1,2,0,1,0,0,2,2,2,2,0,2,2,2
13,6132.924,-972.801,159.028,-3.412,0.996969,0.058904,-0.050821,-0.065482,0.988075,-0.139353,0.042006,0.142259,0.988938,0,-0.12671,0.23543,-7.603,0.471,-1,300.000,-1,925.000,-1,225.000,375.000,325.000,150.000,-1,-1,-1,-1,625.000,-1,-1,-1,2,0,2,1,2,0,1,0,0,2,2,2,2,0,2,2,2
14,6125.273,-972.414,159.035,-2.941,0.997307,0.050809,-0.052886,-0.057601,0.989025,-0.136056,0.045392,0.138736,0.989289,0,-0.12767,0.23540,-7.660,0.471,-1,300.000,-1,925.000,-1,225.000,375.000,325.000,150.000,-1,-1,-1,-1,650.000,-1,-1,-1,2,0,2,1,2,0,1,0,0,2,2,2,2,0,2,2,2
15,6117.561,-972.086,159.027,-2.470,0.997574,0.042702,-0.054983,-0.049694,0.989893,-0.132825,0.048756,0.135235,0.989613,0,-0.12863,0.23537,-7.718,0.471,-1,300.000,-1,925.000,-1,250.000,375.000,325.000,175.000,-1,-1,-1,-1,675.000,-1,-1,-1,2,0,2,1,2,0,1,0,0,2,2,2,2,0,2,2,2
16,6109.790,-971.820,159.003,-1.999,0.997769,0.034584,-0.057111,-0.041760,0.990679,-0.129661,0.052095,0.131756,0.989912,0,-0.12959,0.23536,-7.775,0.471,-1,300.000,-1,925.000,-1,250.000,375.000,325.000,175.000,-1,-1,-1,-1,675.000,-1,-1,-1,2,0,2,1,2,0,1,0,0,2,2,2,2,0,2,2,2
17,6101.960,-971.616,158.963,-1.529,0.997891,0.026456,-0.059269,-0.033801,0.991382,-0.126564,0.055410,0.128301,0.990186,0,-0.13054,0.23536,-7.833,0.471,-1,325.000,-1,925.000,-1,250.000,350.000,325.000,175.000,-1,-1,-1,-1,700.000,-1,-1,-1,2,0,2,1,2,0,1,0,0,2,2,2,2,0,2,2,2
18,6094.071,-971.475,158.907,-1.058,0.997942,0.018318,-0.061453,-0.025816,0.992004,-0.123536,0.058699,0.124868,0.990435,0,-0.13150,0.23538,-7.890,0.471,-1,325.000,-1,925.000,-1,250.000,350.000,325.000,175.000,-1,-1,-1,-1,725.000,-1,-1,-1,2,0,2,1,2,0,1,0,0,2,2,2,2,0,2,2,2
19,6086.124,-971.399,158.835,-0.587,0.997920,0.010170,-0.063664,-0.017808,0.992544,-0.120577,0.061963,0.121459,0.990661,0,-0.13245,0.23541,-7.947,0.471,-1,325.000,-1,925.000,-1,250.000,350.000,325.000,175.000,-1,-1,-1,-1,725.000,-1,-1,-1,2,0,2,1,2,0,1,0,0,2,2,2,2,0,2,2,2
20,6078.120,-971.387,158.747,-0.116,0.997824,0.002013,-0.065897,-0.009776,0.993003,-0.117686,0.065199,0.118074,0.990862,0,-0.13340,0.23544,-8.004,0.471,-1,325.000,-1,925.000,-1,250.000,350.000,325.000,200.000,-1,-1,-1,-1,750.000,-1,-1,-1,2,0,2,1,2,0,1,0,0,2,2,2,2,0,2,2,2
21,6070.059,-971.442,158.643,0.355,0.997656,-0.006152,-0.068154,-0.001721,0.993380,-0.114865,0.068409,0.114714,0.991040,0,-0.13434,0.23549,-8.061,0.471,-1,325.000,-1,925.000,-1,250.000,350.000,325.000,200.000,-1,-1,-1,-1,750.000,-1,-1,-1,2,0,2,1,2,0,1,0,0,2,2,2,2,0,2,2,2
22,6061.942,-971.563,158.523,0.826,0.997414,-0.014325,-0.070430,0.006355,0.993675,-0.112114,0.071591,0.111377,0.991196,0,-0.13529,0.23556,-8.117,0.471,-1,350.000,-1,925.000,-1,275.000,325.000,325.000,200.000,-1,-1,-1,-1,775.000,-1,-1,-1,2,0,2,1,2,0,1,0,0,2,2,2,2,0,2,2,2
23,6053.770,-971.752,158.387,1.297,0.997098,-0.022506,-0.072726,0.014451,0.993889,-0.109433,0.074744,0.108064,0.991330,0,-0.13623,0.23563,-8.174,0.471,-1,350.000,-1,925.000,-1,275.000,325.000,325.000,200.000,-1,-1,-1,-1,800.000,-1,-1,-1,2,0,2,1,2,0,1,0,0,2,2,2,2,0,2,2,2
24,6045.543,-972.010,158.235,1.769,0.996708,-0.030693,-0.075039,0.022568,0.994022,-0.106821,0.077869,0.104776,0.991443,0,-0.13718,0.23571,-8.231,0.471,-1,350.000,-1,925.000,-1,275.000,325.000,325.000,200.000,-1,-1,-1,-1,825.000,-1,-1,-1,2,0,2,1,2,0,1,0,0,2,2,2,2,0,2,2,2
25,6037.263,-972.338,158.067,2.240,0.996244,-0.038887,-0.077369,0.030704,0.994074,-0.104279,0.080966,0.101511,0.991534,0,-0.13812,0.23581,-8.287,0.472,-1,350.000,-1,925.000,-1,275.000,325.000,325.000,225.000,-1,-1,-1,-1,825.000,-1,-1,-1,2,0,2,1,2,0,1,0,0,2,2,2,2,0,2,2,2
26,6029.601,-972.672,157.901,2.472,0.995898,-0.042917,-0.079661,0.034681,0.994176,-0.102033,0.083576,0.098852,0.991586,0,-0.12782,0.11581,-7.669,0.232,-1,350.000,-1,950.000,-1,275.000,325.000,325.000,225.000,-1,-1,-1,-1,850.000,-1,-1,-1,2,0,2,1,2,0,1,0,0,2,2,2,2,0,2,2,2
27,6021.908,-973.006,157.731,2.463,0.995703,-0.042781,-0.082124,0.034491,0.994406,-0.099832,0.085936,0.096571,0.991609,0,-0.12835,-0.00419,-7.701,-0.008,-1,375.000,-1,950.000,-1,275.000,325.000,325.000,225.000,-1,-1,-1,-1,875.000,-1,-1,-1,2,0,2,1,2,0,1,0,0,2,2,2,2,0,2,2,2
28,6014.205,-973.306,157.574,2.215,0.995657,-0.038477,-0.084769,0.030133,0.994769,-0.097604,0.088081,0.094626,0.991609,0,-0.12849,-0.12419,-7.710,-0.248,-1,375.000,-1,975.000,-1,300.000,350.000,325.000,225.000,-1,-1,-1,-1,900.000,-1,-1,-1,2,0,2,1,2,0,1,0,0,2,2,2,2,0,2,2,2
29,6006.514,-973.540,157.449,1.727,0.995703,-0.030001,-0.087615,0.021604,0.995218,-0.095258,0.090054,0.092956,0.991589,0,-0.12827,-0.24419,-7.696,-0.488,-1,375.000,-1,-1,-1,300.000,350.000,325.000,225.000,-1,-1,-1,-1,900.000,-1,-1,-1,2,0,2,2,2,0,1,0,0,2,2,2,2,0,2,2,2
30,5998.854,-973.697,157.363,1.161,0.995687,-0.020179,-0.090557,0.011741,0.995620,-0.092753,0.092032,0.091290,0.991563,0,-0.12770,-0.28280,-7.662,-0.566,-1,375.000,-1,-1,-1,300.000,375.000,325.000,250.000,-1,-1,-1,-1,950.000,-1,-1,-1,2,0,2,2,2,0,1,0,0,2,2,2,2,0,2,2,2
31,5991.232,-973.779,157.311,0.601,0.995562,-0.010441,-0.093526,0.001980,0.995931,-0.090101,0.094086,0.089516,0.991532,0,-0.12706,-0.28022,-7.624,-0.560,-1,375.000,-1,-1,-1,300.000,375.000,325.000,250.000,-1,-1,-1,-1,975.000,-1,-1,-1,2,0,2,2,2,0,1,0,0,2,2,2,2,0,2,2,2
32,5983.645,-973.787,157.292,0.045,0.995331,-0.000787,-0.096515,-0.007678,0.996152,-0.087305,0.096212,0.087638,0.991495,0,-0.12648,-0.27769,-7.589,-0.555,-1,400.000,-1,-1,-1,300.000,400.000,325.000,250.000,-1,-1,-1,-1,1000.000,-1,-1,-1,2,0,2,2,2,0,1,0,0,2,2,2,2,0,2,2,2
33,5976.089,-973.723,157.304,-0.505,0.994997,0.008784,-0.099518,-0.017234,0.996285,-0.084370,0.098408,0.085663,0.991452,0,-0.12595,-0.27521,-7.557,-0.550,-1,400.000,-1,-1,-1,325.000,425.000,325.000,250.000,-1,-1,-1,-1,-1,-1,-1,-1,2,0,2,2,2,0,1,0,0,2,2,2,2,2,2,2,2
34,5968.563,-973.587,157.346,-1.051,0.994562,0.018273,-0.102531,-0.026687,0.996332,-0.081300,0.100669,0.083594,0.991402,0,-0.12548,-0.27277,-7.529,-0.546,-1,400.000,-1,-1,-1,325.000,450.000,300.000,275.000,-1,-1,-1,-1,-1,-1,-1,-1,2,0,2,2,2,0,1,0,0,2,2,2,2,2,2,2,2
35,5961.064,-973.381,157.416,-1.591,0.994029,0.027681,-0.105546,-0.036036,0.996294,-0.078099,0.102993,0.081437,0.991343,0,-0.12506,-0.27039,-7.504,-0.541,-1,400.000,-1,-1,-1,325.000,450.000,300.000,275.000,-1,-1,-1,-1,-1,-1,-1,-1,2,0,2,2,2,0,1,0,0,2,2,2,2,2,2,2,2
36,5953.588,-973.106,157.512,-2.128,0.993401,0.037008,-0.108559,-0.045282,0.996172,-0.074773,0.105376,0.079195,0.991274,0,-0.12469,-0.26805,-7.481,-0.536,-1,425.000,-1,-1,-1,325.000,475.000,300.000,275.000,-1,-1,-1,-1,-1,-1,-1,-1,2,0,2,2,2,0,1,0,0,2,2,2,2,2,2,2,2
37,5946.135,-972.763,157.633,-2.659,0.992680,0.046256,-0.111565,-0.054425,0.995967,-0.071324,0.107816,0.076874,0.991194,0,-0.12437,-0.26575,-7.462,-0.531,-1,425.000,-1,-1,-1,325.000,500.000,300.000,275.000,-1,-1,-1,-1,-1,-1,-1,-1,2,0,2,2,2,0,1,0,0,2,2,2,2,2,2,2,2
38,5938.702,-972.351,157.778,-3.186,0.991869,0.055424,-0.114559,-0.063463,0.995681,-0.067758,0.110309,0.074478,0.991103,0,-0.12410,-0.26349,-7.446,-0.527,-1,425.000,-1,-1,-1,350.000,550.000,300.000,300.000,-1,-1,-1,-1,-1,-1,-1,-1,2,0,2,2,2,0,1,0,0,2,2,2,2,2,2,2,2
39,5931.285,-971.873,157.945,-3.709,0.990971,0.064515,-0.117537,-0.072398,0.995315,-0.064079,0.112852,0.072010,0.990999,0,-0.12388,-0.26128,-7.433,-0.523,-1,450.000,-1,-1,-1,350.000,575.000,300.000,300.000,-1,-1,-1,-1,-1,-1,-1,-1,2,0,2,2,2,0,1,0,0,2,2,2,2,2,2,2,2
40,5923.884,-971.328,157.986,-4.227,0.990035,0.073525,-0.120106,-0.081265,0.994832,-0.060863,0.115011,0.070017,0.990894,0,-0.12370,-0.25911,-7.422,-0.518,-1,450.000,-1,-1,-1,350.000,625.000,300.000,300.000,-1,-1,-1,-1,-1,-1,-1,-1,2,0,2,2,2,0,1,0,0,2,2,2,2,2,2,2,2
41,5916.496,-970.715,157.186,-4.741,0.989296,0.082439,-0.120403,-0.090253,0.994052,-0.060944,0.114663,0.071158,0.990853,0,-0.12357,-0.25698,-7.414,-0.514,-1,450.000,-1,-1,-1,350.000,650.000,300.000,300.000,-1,-1,-1,-1,-1,-1,-1,-1,2,0,2,2,2,0,1,0,0,2,2,2,2,2,2,2,2
42,5909.119,-970.035,156.373,-5.251,0.988476,0.091273,-0.120766,-0.099170,0.993194,-0.061077,0.114370,0.072350,0.990800,0,-0.12348,-0.25490,-7.409,-0.510,-1,450.000,-1,-1,-1,350.000,675.000,300.000,300.000,-1,-1,-1,-1,-1,-1,-1,-1,2,0,2,2,2,0,1,0,0,2,2,2,2,2,2,2,2
43,5901.751,-969.291,155.561,-5.756,0.987581,0.100026,-0.121155,-0.108011,0.992263,-0.061220,0.114094,0.073546,0.990744,0,-0.12343,-0.25285,-7.406,-0.506,-1,450.000,-1,-1,-1,350.000,700.000,300.000,300.000,-1,-1,-1,-1,-1,-1,-1,-1,2,0,2,2,2,0,1,0,0,2,2,2,2,2,2,2,2
44,5894.390,-968.483,154.755,-6.258,0.986615,0.108700,-0.121555,-0.116772,0.991262,-0.061357,0.113823,0.074730,0.990686,0,-0.12342,-0.25083,-7.405,-0.502,-1,450.000,-1,-1,-1,350.000,750.000,300.000,300.000,-1,-1,-1,-1,-1,-1,-1,-1,2,0,2,2,2,0,1,0,0,2,2,2,2,2,2,2,2
45,5887.035,-967.610,153.953,-6.756,0.985579,0.117297,-0.121967,-0.125455,0.990192,-0.061488,0.113558,0.075902,0.990628,0,-0.12346,-0.24886,-7.407,-0.498,-1,450.000,-1,-1,-1,350.000,775.000,300.000,300.000,-1,-1,-1,-1,-1,-1,-1,-1,2,0,2,2,2,0,1,0,0,2,2,2,2,2,2,2,2
46,5879.683,-966.674,153.155,-7.250,0.984475,0.125816,-0.122390,-0.134061,0.989056,-0.061613,0.113299,0.077064,0.990568,0,-0.12353,-0.24692,-7.412,-0.494,-1,450.000,-1,-1,-1,350.000,800.000,300.000,300.000,-1,-1,-1,-1,-1,-1,-1,-1,2,0,2,2,2,0,1,0,0,2,2,2,2,2,2,2,2
47,5872.332,-965.674,152.351,-7.740,0.983310,0.134259,-0.122788,-0.142584,0.987858,-0.061696,0.113014,0.078174,0.990513,0,-0.12364,-0.24502,-7.418,-0.490,-1,450.000,-1,-1,-1,350.000,800.000,300.000,300.000,-1,-1,-1,-1,-1,-1,-1,-1,2,0,2,2,2,0,1,0,0,2,2,2,2,2,2,2,2
48,5864.982,-964.610,151.477,-8.226,0.982114,0.142629,-0.122922,-0.150983,0.986621,-0.061514,0.112503,0.078973,0.990508,0,-0.12378,-0.24316,-7.427,-0.486,-1,450.000,-1,-1,-1,350.000,825.000,300.000,300.000,-1,-1,-1,-1,-1,-1,-1,-1,2,0,2,2,2,1,1,0,0,2,2,2,2,2,2,2,2
49,5857.630,-963.483,150.607,-8.709,0.980856,0.150926,-0.123060,-0.159308,0.985322,-0.061330,0.111998,0.079760,0.990502,0,-0.12397,-0.24133,-7.438,-0.483,-1,450.000,-1,-1,-1,350.000,850.000,300.000,300.000,-1,-1,-1,-1,-1,-1,-1,-1,2,0,2,2,2,1,1,0,0,2,2,2,2,2,2,2,2
50,5850.276,-962.293,149.739,-9.188,0.979537,0.159149,-0.123203,-0.167559,0.983964,-0.061144,0.111497,0.080536,0.990496,0,-0.12418,-0.23953,-7.451,-0.479,-1,450.000,-1,-1,-1,350.000,875.000,300.000,300.000,-1,-1,-1,-1,-1,-1,-1,-1,2,0,2,2,2,1,1,0,0,2,2,2,2,2,2,2,2
51,5842.916,-961.039,148.865,-9.663,0.978156,0.167300,-0.123373,-0.175735,0.982551,-0.060915,0.111029,0.081266,0.990489,0,-0.12443,-0.23777,-7.466,-0.476,-1,450.000,-1,-1,-1,375.000,900.000,300.000,300.000,-1,-1,-1,-1,-1,-1,-1,-1,2,0,2,2,2,1,1,0,0,2,2,2,2,2,2,2,2
52,5840.294,-960.558,148.545,-10.379,0.975973,0.179536,-0.123461,-0.188033,0.980272,-0.060916,0.110088,0.082667,0.990478,0,-0.04443,-0.35777,-2.666,-0.716,-1,450.000,-1,-1,-1,375.000,925.000,300.000,300.000,-1,-1,-1,-1,-1,-1,-1,-1,2,0,2,2,2,1,1,0,0,2,2,2,2,2,2,2,2
53,5842.388,-960.975,148.756,-11.334,0.972831,0.195826,-0.123497,-0.204415,0.976977,-0.061082,0.108693,0.084667,0.990463,0,0.03557,-0.47777,2.134,-0.956,-1,450.000,-1,-1,-1,400.000,950.000,300.000,300.000,-1,-1,-1,-1,-1,-1,-1,-1,2,0,2,2,2,1,1,0,0,2,2,2,2,2,2,2,2
54,5849.159,-962.473,149.481,-12.494,0.968663,0.215510,-0.123484,-0.224213,0.972605,-0.061392,0.106870,0.087155,0.990446,0,0.11557,-0.57976,6.934,-1.160,-1,450.000,-1,-1,-1,425.000,1000.000,300.000,300.000,-1,-1,-1,-1,-1,-1,-1,-1,2,0,2,2,2,1,1,0,0,2,2,2,2,2,2,2,2
55,5860.563,-965.240,150.580,-13.649,0.964191,0.235037,-0.122853,-0.243766,0.967886,-0.061441,0.104467,0.089188,0.990521,0,0.19557,-0.57776,11.734,-1.156,-1,450.000,-1,-1,-1,475.000,-1,300.000,300.000,-1,-1,-1,-1,-1,-1,-1,-1,2,0,2,2,2,1,2,0,0,2,2,2,2,2,2,2,2
56,5876.549,-969.463,152.004,-14.801,0.959438,0.254419,-0.121448,-0.263063,0.962837,-0.061172,0.101372,0.090639,0.990711,0,0.27557,-0.57611,16.534,-1.152,-1,450.000,-1,-1,-1,575.000,-1,300.000,300.000,-1,-1,-1,-1,-1,-1,-1,-1,2,0,2,2,2,1,2,0,0,2,2,2,2,2,2,2,2
57,5897.062,-975.325,153.831,-15.951,0.954357,0.273651,-0.119656,-0.282172,0.957427,-0.060939,0.097886,0.091921,0.990943,0,0.35557,-0.57475,21.334,-1.150,-1,450.000,-1,-1,-1,825.000,-1,300.000,300.000,-1,-1,-1,-1,-1,-1,-1,-1,2,0,2,2,2,1,2,0,0,2,2,2,2,2,2,2,2
58,5922.042,-983.009,156.038,-17.098,0.948949,0.292737,-0.117477,-0.301096,0.951655,-0.060778,0.094006,0.093047,0.991214,0,0.43557,-0.57368,26.134,-1.147,-1,450.000,-1,-1,-1,875.000,-1,300.000,300.000,-1,-1,-1,-1,-1,-1,-1,-1,2,1,2,2,2,1,2,0,0,2,2,2,2,2,2,2,2
59,5951.421,-992.693,158.601,-18.244,0.943213,0.311678,-0.114919,-0.319841,0.945523,-0.060729,0.089730,0.094036,0.991517,0,0.51557,-0.57286,30.934,-1.146,-1,500.000,-1,-1,-1,950.000,-1,275.000,300.000,-1,-1,-1,-1,-1,-1,-1,-1,2,1,2,2,2,1,2,0,0,2,2,2,2,2,2,2,2
60,5985.129,-1004.556,161.425,-19.389,0.937118,0.330467,-0.112254,-0.338441,0.939009,-0.060998,0.085250,0.095154,0.991805,0,0.59557,-0.57228,35.734,-1.145,-1,600.000,-1,-1,-1,975.000,-1,275.000,300.000,-1,-1,-1,-1,-1,-1,-1,-1,2,1,2,2,2,1,2,0,0,2,2,2,2,2,2,2,2
61,6023.090,-1018.766,163.071,-20.532,0.931002,0.348922,-0.107185,-0.356991,0.931626,-0.068051,0.076112,0.101620,0.991907,0,0.67557,-0.57192,40.534,-1.144,-1,675.000,-1,-1,-1,1000.000,-1,275.000,300.000,-1,-1,-1,-1,-1,-1,-1,-1,2,1,2,2,2,1,2,0,0,2,2,2,2,2,2,2,2
62,6065.227,-1035.485,161.040,-21.676,0.925357,0.366576,-0.096621,-0.375094,0.922287,-0.093224,0.054938,0.122508,0.990946,0,0.75557,-0.57179,45.334,-1.144,-1,700.000,-1,-1,-1,975.000,-1,300.000,250.000,-1,-1,-1,-1,-1,-1,-1,-1,2,1,2,2,2,1,2,0,0,2,2,2,2,2,2,2,2
63,6111.450,-1054.894,158.019,-22.820,0.919569,0.383575,-0.085219,-0.391784,0.911606,-0.124422,0.029961,0.147802,0.988563,0,0.83557,-0.57190,50.134,-1.144,-1,700.000,-1,-1,-1,925.000,-1,325.000,200.000,-1,-1,-1,-1,-1,-1,-1,-1,2,1,2,2,2,1,2,0,0,2,2,2,2,2,2,2,2
64,-4919.497,-7543.230,12.229,-136.058,-0.713783,0.693149,0.100289,-0.694077,-0.719231,0.031047,0.093651,-0.047448,0.994474,1,0.00000,0.00000,54.934,-1.145,-1,575.000,-1,475.000,-1,450.000,400.000,275.000,525.000,675.000,75.000,225.000,-1,-1,-1,-1,-1,2,0,2,1,2,1,1,0,1,0,0,0,2,2,2,2,2
65,-4922.968,-7546.547,12.548,-136.298,-0.716625,0.690126,0.100868,-0.691073,-0.722124,0.030894,0.094160,-0.047568,0.994420,0,0.08000,-0.12000,4.800,-0.240,-1,600.000,-1,475.000,-1,475.000,425.000,275.000,525.000,675.000,75.000,200.000,-1,-1,-1,-1,-1,2,0,2,1,2,1,1,0,1,0,0,0,2,2,2,2,2
66,-4928.269,-7551.528,13.076,-136.778,-0.722286,0.684044,0.101912,-0.685037,-0.727872,0.030455,0.095011,-0.047816,0.994327,0,0.12124,-0.24000,7.274,-0.480,-1,600.000,-1,500.000,-1,475.000,425.000,275.000,525.000,650.000,75.000,200.000,-1,-1,-1,-1,-1,2,0,2,1,2,1,1,0,1,0,0,0,2,2,2,2,2
67,-4933.692,-7556.498,13.708,-137.498,-0.730706,0.674832,0.103300,-0.675902,-0.736397,0.029599,0.096044,-0.048192,0.994210,0,0.12259,-0.36000,7.356,-0.720,-1,600.000,-1,500.000,-1,475.000,425.000,275.000,550.000,650.000,75.000,200.000,-1,-1,-1,-1,-1,2,0,2,1,2,1,1,0,1,0,0,0,2,2,2,2,2
68,-4939.319,-7561.484,14.442,-138.458,-0.741764,0.662382,0.105056,-0.663569,-0.747580,0.028291,0.097277,-0.048727,0.994064,0,0.12530,-0.48000,7.518,-0.960,-1,600.000,-1,500.000,-1,475.000,425.000,275.000,575.000,625.000,75.000,200.000,-1,-1,-1,-1,-1,2,0,2,1,2,1,1,0,1,0,0,0,2,2,2,2,2
69,-4945.235,-7566.508,15.285,-139.658,-0.755300,0.646558,0.107167,-0.647903,-0.761262,0.026489,0.098708,-0.049426,0.993888,0,0.12935,-0.60000,7.761,-1.200,-1,625.000,-1,500.000,-1,475.000,425.000,275.000,600.000,600.000,75.000,200.000,-1,-1,-1,-1,-1,2,0,2,1,2,1,1,0,1,0,0,0,2,2,2,2,2
70,-4951.527,-7571.585,16.242,-141.098,-0.771111,0.627196,0.109606,-0.628746,-0.777236,0.024150,0.100337,-0.050292,0.993682,0,0.13473,-0.72000,8.084,-1.440,-1,625.000,-1,500.000,-1,475.000,425.000,275.000,675.000,600.000,75.000,200.000,-1,-1,-1,-1,-1,2,0,2,1,2,1,1,0,1,0,0,0,2,2,2,2,2
71,-4958.284,-7576.717,17.317,-142.778,-0.788943,0.604108,0.112347,-0.605913,-0.795248,0.021225,0.102166,-0.051327,0.993442,0,0.14140,-0.84000,8.484,-1.680,-1,650.000,-1,500.000,-1,475.000,400.000,275.000,725.000,575.000,50.000,200.000,-1,-1,-1,-1,-1,2,0,2,1,2,1,1,0,0,0,0,0,2,2,2,2,2
72,-4965.596,-7581.895,18.514,-144.698,-0.808494,0.577089,0.115348,-0.579205,-0.814990,0.017670,0.104205,-0.052524,0.993168,0,0.14932,-0.96000,8.959,-1.920,-1,650.000,-1,500.000,-1,475.000,400.000,275.000,750.000,550.000,50.000,175.000,-1,-1,-1,-1,-1,2,0,2,1,2,1,1,0,0,0,0,0,2,2,2,2,2
73,-4973.542,-7587.114,19.772,-146.698,-0.827887,0.548257,0.118391,-0.550720,-0.834577,0.013753,0.106347,-0.053815,0.992872,0,0.15843,-1.00000,9.506,-2.000,-1,675.000,-1,500.000,-1,475.000,400.000,275.000,750.000,525.000,50.000,175.000,-1,-1,-1,-1,-1,2,0,2,1,2,1,1,0,0,0,0,0,2,2,2,2,2
74,-4982.146,-7592.346,21.061,-148.698,-0.846260,0.518758,0.121383,-0.521595,-0.853139,0.009627,0.108551,-0.055166,0.992559,0,0.16783,-1.00000,10.070,-2.000,-1,675.000,-1,475.000,-1,475.000,400.000,275.000,775.000,500.000,50.000,175.000,-1,-1,-1,-1,-1,2,0,2,1,2,1,1,0,0,0,0,0,2,2,2,2,2
75,-3607.348,7543.496,-414.096,-23.267,0.840100,0.388393,-0.378659,-0.428398,0.903273,-0.023958,0.332727,0.182344,0.925226,1,0.00000,0.00000,10.626,-1.998,300.000,175.000,500.000,275.000,-1,175.000,225.000,-1,400.000,-1,100.000,50.000,225.000,225.000,425.000,175.000,-1,1,1,1,1,2,1,1,2,0,2,0,0,0,1,1,1,2
76,-1636.118,-8196.106,-108.564,39.375,0.771893,-0.634380,0.041757,0.633965,0.772982,0.024211,-0.047637,0.007784,0.998834,1,0.08000,0.12000,4.800,0.240,-1,400.000,-1,400.000,-1,325.000,325.000,300.000,300.000,-1,-1,-1,-1,775.000,750.000,-1,-1,2,0,2,0,2,0,0,0,0,2,2,2,2,0,0,2,2
77,-1628.748,-8189.954,-109.040,39.855,0.766549,-0.640831,0.041696,0.640428,0.767638,0.024164,-0.047493,0.008180,0.998838,0,0.16000,0.24000,9.600,0.480,-1,400.000,-1,400.000,-1,325.000,325.000,300.000,300.000,-1,-1,-1,-1,800.000,750.000,-1,-1,2,0,2,0,2,0,0,0,0,2,2,2,2,0,0,2,2
78,-1617.810,-8180.587,-109.754,40.575,0.758431,-0.650423,0.041613,0.650036,0.759521,0.024092,-0.047276,0.008778,0.998843,0,0.24000,0.36000,14.400,0.720,-1,400.000,-1,400.000,-1,325.000,325.000,300.000,300.000,-1,-1,-1,-1,800.000,750.000,-1,-1,2,0,2,0,2,0,0,0,0,2,2,2,2,0,0,2,2
79,-1603.438,-8167.856,-110.706,41.535,0.747421,-0.663053,0.041517,0.662688,0.748512,0.023990,-0.046983,0.009582,0.998850,0,0.32000,0.48000,19.200,0.960,-1,400.000,-1,400.000,-1,325.000,325.000,300.000,300.000,-1,-1,-1,-1,800.000,750.000,-1,-1,2,0,2,0,2,0,0,0,0,2,2,2,2,0,0,2,2
80,-1585.811,-8151.569,-111.897,42.735,0.733362,-0.678576,0.041419,0.678239,0.734454,0.023857,-0.046610,0.010596,0.998857,0,0.40000,0.60000,24.000,1.200,-1,400.000,-1,400.000,-1,325.000,325.000,300.000,300.000,-1,-1,-1,-1,800.000,750.000,-1,-1,2,0,2,0,2,0,0,0,0,2,2,2,2,0,0,2,2
81,-1565.155,-8131.500,-113.276,44.175,0.716065,-0.696810,0.041313,0.696497,0.717161,0.023924,-0.046298,0.011643,0.998860,0,0.48000,0.72000,28.800,1.440,-1,400.000,-1,400.000,-1,325.000,325.000,300.000,300.000,-1,-1,-1,-1,800.000,750.000,-1,-1,2,0,2,0,2,0,0,0,0,2,2,2,2,0,0,2,2
82,-1541.754,-8107.389,-114.829,45.855,0.695312,-0.717527,0.041186,0.717229,0.696415,0.024245,-0.046079,0.012682,0.998857,0,0.56000,0.84000,33.600,1.680,-1,400.000,-1,400.000,-1,325.000,325.000,300.000,300.000,-1,-1,-1,-1,800.000,750.000,-1,-1,2,0,2,0,2,0,0,0,0,2,2,2,2,0,0,2,2
83,-1515.948,-8078.953,-116.599,47.775,0.670861,-0.740445,0.041061,0.740166,0.671974,0.024609,-0.045813,0.013883,0.998854,0,0.64000,0.96000,38.400,1.920,-1,400.000,-1,400.000,-1,325.000,325.000,300.000,300.000,-1,-1,-1,-1,800.000,775.000,-1,-1,2,0,2,0,2,0,0,0,0,2,2,2,2,0,0,2,2
84,-1488.050,-8045.969,-118.579,49.775,0.644590,-0.763432,0.040940,0.763172,0.645711,0.025006,-0.045526,0.015126,0.998849,0,0.72000,1.00000,43.200,2.000,-1,400.000,-1,400.000,-1,325.000,325.000,300.000,300.000,-1,-1,-1,-1,800.000,775.000,-1,-1,2,0,2,0,2,0,0,0,0,2,2,2,2,0,0,2,2
85,-1458.350,-8008.260,-120.767,51.775,0.617531,-0.785487,0.040826,0.785245,0.618663,0.025439,-0.045239,0.016349,0.998842,0,0.80000,1.00000,48.000,2.000,-1,400.000,-1,400.000,-1,325.000,325.000,300.000,300.000,-1,-1,-1,-1,800.000,775.000,-1,-1,2,0,2,0,2,0,0,0,0,2,2,2,2,0,0,2,2
86,-1427.148,-7965.666,-123.158,53.775,0.589717,-0.806583,0.040721,0.806357,0.590861,0.025915,-0.044963,0.017553,0.998834,0,0.88000,1.00000,52.800,2.000,-1,400.000,-1,400.000,-1,325.000,325.000,300.000,300.000,-1,-1,-1,-1,800.000,775.000,-1,-1,2,0,2,0,2,0,0,0,0,2,2,2,2,0,0,2,2
87,-1396.602,-7920.759,-125.623,55.775,0.561183,-0.826695,0.040593,0.826480,0.562340,0.026537,-0.044765,0.018657,0.998823,0,0.90519,1.00000,54.311,2.000,-1,400.000,-1,400.000,-1,325.000,325.000,300.000,300.000,-1,-1,-1,-1,800.000,775.000,-1,-1,2,0,2,0,2,0,0,0,0,2,2,2,2,0,0,2,2
88,-1367.641,-7874.814,-128.067,57.775,0.531964,-0.845799,0.040464,0.845594,0.533135,0.027176,-0.044558,0.019759,0.998811,0,0.90519,1.00000,54.311,2.000,-1,400.000,-1,400.000,-1,325.000,325.000,300.000,300.000,-1,-1,-1,-1,800.000,800.000,-1,-1,2,0,2,0,2,0,0,0,0,2,2,2,2,0,0,2,2
89,-1340.301,-7827.885,-130.468,59.775,0.502101,-0.863872,0.040245,0.863675,0.503282,0.027816,-0.044284,0.020792,0.998803,0,0.90519,1.00000,54.311,2.000,-1,400.000,-1,400.000,-1,325.000,325.000,300.000,300.000,-1,-1,-1,-1,800.000,800.000,-1,-1,2,0,2,0,2,0,0,0,0,2,2,2,2,0,0,2,2
90,-1314.616,-7780.032,-132.866,61.775,0.471625,-0.880889,0.040061,0.880706,0.472815,0.028337,-0.043903,0.021917,0.998795,0,0.90519,1.00000,54.311,2.000,-1,400.000,-1,400.000,-1,325.000,325.000,300.000,300.000,-1,-1,-1,-1,775.000,800.000,-1,-1,2,0,2,0,2,0,0,0,0,2,2,2,2,0,0,2,2
91,-1290.617,-7731.311,-135.279,63.775,0.440571,-0.896827,0.039977,0.896670,0.441772,0.028654,-0.043359,0.023222,0.998790,0,0.90519,1.00000,54.311,2.000,-1,400.000,-1,400.000,-1,325.000,325.000,300.000,300.000,-1,-1,-1,-1,775.000,800.000,-1,-1,2,0,2,0,2,0,0,0,0,2,2,2,2,0,0,2,2
92,-1268.333,-7681.782,-137.725,65.775,0.408966,-0.911664,0.040196,0.911540,0.410188,0.028983,-0.042910,0.024788,0.998771,0,0.90519,1.00000,54.311,2.000,-1,400.000,-1,400.000,-1,325.000,325.000,300.000,300.000,-1,-1,-1,-1,775.000,800.000,-1,-1,2,0,2,0,2,0,0,0,0,2,2,2,2,0,0,2,2
93,-1247.791,-7631.505,-140.082,67.775,0.376840,-0.925378,0.040821,0.925297,0.378103,0.029383,-0.042625,0.026699,0.998734,0,0.90519,1.00000,54.311,2.000,-1,400.000,-1,400.000,-1,325.000,325.000,300.000,300.000,-1,-1,-1,-1,775.000,800.000,-1,-1,2,0,2,0,2,0,0,0,0,2,2,2,2,0,0,2,2
94,-1229.016,-7580.542,-142.393,69.775,0.344250,-0.937958,0.041552,0.937924,0.345558,0.029800,-0.042310,0.028714,0.998692,0,0.90519,1.00000,54.311,2.000,-1,400.000,-1,400.000,-1,325.000,325.000,300.000,300.000,-1,-1,-1,-1,775.000,800.000,-1,-1,2,0,2,0,2,0,0,0,0,2,2,2,2,0,0,2,2
95,-1212.031,-7528.955,-144.671,71.775,0.311243,-0.949389,0.042289,0.949406,0.312595,0.030210,-0.041900,0.030747,0.998649,0,0.90519,1.00000,54.311,2.000,-1,400.000,-1,400.000,-1,325.000,325.000,300.000,300.000,-1,-1,-1,-1,775.000,800.000,-1,-1,2,0,2,0,2,0,0,0,0,2,2,2,2,0,0,2,2
96,-1196.857,-7476.807,-146.911,73.775,0.277859,-0.959658,0.043029,0.959730,0.279253,0.030611,-0.041392,0.032791,0.998605,0,0.90519,1.00000,54.311,2.000,-1,400.000,-1,400.000,-1,325.000,325.000,300.000,300.000,-1,-1,-1,-1,775.000,775.000,-1,-1,2,0,2,0,2,0,0,0,0,2,2,2,2,0,0,2,2
97,-1183.512,-7424.161,-149.106,75.775,0.244140,-0.968752,0.043772,0.968882,0.245574,0.031001,-0.040782,0.034841,0.998560,0,0.90519,1.00000,54.311,2.000,-1,400.000,-1,400.000,-1,325.000,325.000,300.000,300.000,-1,-1,-1,-1,775.000,775.000,-1,-1,2,0,2,0,2,0,0,0,0,2,2,2,2,0,0,2,2
98,-1172.013,-7371.081,-151.251,77.775,0.210128,-0.976660,0.044515,0.976852,0.211600,0.031381,-0.040068,0.036890,0.998516,0,0.90519,1.00000,54.311,2.000,-1,400.000,-1,400.000,-1,325.000,325.000,300.000,300.000,-1,-1,-1,-1,775.000,775.000,-1,-1,2,0,2,0,2,0,0,0,0,2,2,2,2,0,0,2,2
99,-1162.373,-7317.632,-153.333,79.775,0.175865,-0.983374,0.045238,0.983631,0.177372,0.031769,-0.039265,0.038911,0.998471,0,0.90519,1.00000,54.311,2.000,-1,400.000,-1,400.000,-1,325.000,325.000,300.000,300.000,-1,-1,-1,-1,775.000,775.000,-1,-1,2,0,2,0,2,0,0,0,0,2,2,2,2,0,0,2,2
100,-1154.605,-7263.880,-155.338,81.775,0.141394,-0.988888,0.045908,0.989209,0.142934,0.032190,-0.038394,0.040861,0.998427,0,0.90519,1.00000,54.311,2.000,-1,400.000,-1,400.000,-1,325.000,325.000,300.000,300.000,-1,-1,-1,-1,775.000,775.000,-1,-1,2,0,2,0,2,0,0,0,0,2,2,2,2,0,0,2,2
101,-1148.717,-7209.889,-157.329,83.775,0.106764,-0.993203,0.046358,0.993579,0.108327,0.032633,-0.037433,0.042576,0.998392,0,0.90519,1.00000,54.311,2.000,-1,400.000,-1,400.000,-1,325.000,325.000,300.000,300.000,-1,-1,-1,-1,750.000,775.000,-1,-1,2,0,2,0,2,0,0,0,0,2,2,2,2,0,0,2,2
102,-1144.717,-7155.725,-159.274,85.775,0.072022,-0.996308,0.046733,0.996748,0.073594,0.032831,-0.036149,0.044216,0.998368,0,0.90519,1.00000,54.311,2.000,-1,400.000,-1,400.000,-1,325.000,325.000,300.000,300.000,-1,-1,-1,-1,775.000,750.000,-1,-1,2,0,2,0,2,0,0,0,0,2,2,2,2,0,0,2,2
103,-1142.610,-7101.455,-161.131,87.775,0.037207,-0.998199,0.047049,0.998707,0.038776,0.032885,-0.034650,0.045765,0.998351,0,0.90519,1.00000,54.311,2.000,-1,400.000,-1,400.000,-1,325.000,325.000,300.000,300.000,-1,-1,-1,-1,775.000,750.000,-1,-1,2,0,2,0,2,0,0,0,0,2,2,2,2,0,0,2,2
104,-1142.398,-7047.145,-162.914,89.775,0.002352,-0.998874,0.047390,0.999450,0.003915,0.032915,-0.033064,0.047286,0.998334,0,0.90519,1.00000,54.311,2.000,-1,400.000,-1,400.000,-1,325.000,325.000,300.000,300.000,-1,-1,-1,-1,775.000,750.000,-1,-1,2,0,2,0,2,0,0,0,0,2,2,2,2,0,0,2,2
105,-1144.082,-6992.860,-164.620,91.775,-0.032499,-0.998330,0.047756,0.998978,-0.030945,0.032933,-0.031400,0.048777,0.998316,0,0.90519,1.00000,54.311,2.000,-1,400.000,-1,400.000,-1,325.000,325.000,300.000,300.000,-1,-1,-1,-1,775.000,750.000,-1,-1,2,0,2,0,2,0,0,0,0,2,2,2,2,0,0,2,2
106,-1147.136,-6943.443,-166.111,93.535,-0.063133,-0.996845,0.048109,0.997558,-0.061588,0.032947,-0.029880,0.050072,0.998299,0,0.82519,0.88000,49.511,1.760,-1,400.000,-1,400.000,-1,325.000,325.000,300.000,300.000,-1,-1,-1,-1,775.000,750.000,-1,-1,2,0,2,0,2,0,0,0,0,2,2,2,2,0,0,2,2
107,-1151.076,-6898.907,-167.405,95.055,-0.089540,-0.994804,0.048443,0.995575,-0.088004,0.032965,-0.028530,0.051180,0.998282,0,0.74519,0.76000,44.711,1.520,-1,400.000,-1,400.000,-1,325.000,325.000,300.000,300.000,-1,-1,-1,-1,775.000,750.000,-1,-1,2,0,2,0,2,0,0,0,0,2,2,2,2,0,0,2,2
108,-1155.481,-6859.239,-168.520,96.335,-0.111727,-0.992542,0.048750,0.993362,-0.110199,0.032988,-0.027370,0.052112,0.998266,0,0.66519,0.64000,39.911,1.280,-1,400.000,-1,400.000,-1,325.000,325.000,300.000,300.000,-1,-1,-1,-1,775.000,750.000,-1,-1,2,0,2,0,2,0,0,0,0,2,2,2,2,0,0,2,2
109,-1159.989,-6824.419,-169.471,97.375,-0.129712,-0.990339,0.049024,0.991200,-0.128191,0.033018,-0.026414,0.052876,0.998252,0,0.58519,0.52000,35.111,1.040,-1,400.000,-1,400.000,-1,325.000,325.000,300.000,300.000,-1,-1,-1,-1,775.000,750.000,-1,-1,2,0,2,0,2,0,0,0,0,2,2,2,2,0,0,2,2
110,-1164.300,-6794.416,-170.271,98.175,-0.143518,-0.988421,0.049263,0.989315,-0.142001,0.033050,-0.025672,0.053480,0.998239,0,0.50519,0.40000,30.311,0.800,-1,400.000,-1,400.000,-1,325.000,325.000,300.000,300.000,-1,-1,-1,-1,800.000,750.000,-1,-1,2,0,2,0,2,0,0,0,0,2,2,2,2,0,0,2,2
111,-1168.205,-6769.206,-170.931,98.805,-0.154367,-0.986775,0.049464,0.987695,-0.152853,0.033084,-0.025085,0.053963,0.998228,0,0.42519,0.31490,25.511,0.630,-1,400.000,-1,400.000,-1,325.000,325.000,300.000,300.000,-1,-1,-1,-1,800.000,750.000,-1,-1,2,0,2,0,2,0,0,0,0,2,2,2,2,0,0,2,2
112,-1171.601,-6748.775,-171.455,99.435,-0.165196,-0.985011,0.049632,0.985956,-0.163686,0.033116,-0.024496,0.054406,0.998218,0,0.34519,0.31490,20.711,0.630,-1,400.000,-1,400.000,-1,325.000,325.000,300.000,300.000,-1,-1,-1,-1,800.000,750.000,-1,-1,2,0,2,0,2,0,0,0,0,2,2,2,2,0,0,2,2
113,-1174.382,-6733.109,-171.842,100.065,-0.176002,-0.983132,0.049740,0.984100,-0.174500,0.033117,-0.023879,0.054778,0.998213,0,0.26519,0.31490,15.911,0.630,-1,400.000,-1,400.000,-1,325.000,325.000,300.000,300.000,-1,-1,-1,-1,800.000,750.000,-1,-1,2,0,2,0,2,0,0,0,0,2,2,2,2,0,0,2,2
114,-1176.444,-6722.190,-172.104,100.695,-0.186785,-0.981137,0.049814,0.982125,-0.185292,0.033112,-0.023258,0.055108,0.998209,0,0.18519,0.31490,11.111,0.630,-1,400.000,-1,400.000,-1,325.000,325.000,300.000,300.000,-1,-1,-1,-1,800.000,750.000,-1,-1,2,0,2,0,2,0,0,0,0,2,2,2,2,0,0,2,2
115,-1177.684,-6716.002,-172.249,101.324,-0.197545,-0.979025,0.049857,0.980033,-0.196062,0.033105,-0.022635,0.055401,0.998208,0,0.10519,0.31490,6.311,0.630,-1,400.000,-1,400.000,-1,325.000,325.000,300.000,300.000,-1,-1,-1,-1,800.000,750.000,-1,-1,2,0,2,0,2,0,0,0,0,2,2,2,2,0,0,2,2
116,-1177.997,-6714.524,-172.281,101.954,-0.208280,-0.976797,0.049869,0.977822,-0.206808,0.033094,-0.022012,0.055656,0.998207,0,0.02519,0.31490,1.511,0.630,-1,400.000,-1,400.000,-1,325.000,325.000,300.000,300.000,-1,-1,-1,-1,800.000,750.000,-1,-1,2,0,2,0,2,0,0,0,0,2,2,2,2,0,0,2,2
117,-1177.281,-6717.734,-172.208,102.584,-0.218989,-0.974453,0.049851,0.975493,-0.217530,0.033080,-0.021391,0.055873,0.998209,0,-0.05481,0.31490,-3.289,0.630,-1,400.000,-1,400.000,-1,325.000,325.000,300.000,300.000,-1,-1,-1,-1,800.000,750.000,-1,-1,2,0,2,0,2,0,0,0,0,2,2,2,2,0,0,2,2
118,-1175.465,-6725.616,-172.032,102.974,-0.225603,-0.972946,0.049800,0.973993,-0.224153,0.033068,-0.021011,0.055965,0.998212,0,-0.13481,0.19490,-8.089,0.390,-1,400.000,-1,400.000,-1,325.000,325.000,300.000,300.000,-1,-1,-1,-1,800.000,750.000,-1,-1,2,0,2,0,2,0,0,0,0,2,2,2,2,0,0,2,2
119,-1172.538,-6738.168,-171.754,103.124,-0.228141,-0.972358,0.049715,0.973404,-0.226696,0.033060,-0.020876,0.055935,0.998216,0,-0.21481,0.07490,-12.889,0.150,-1,400.000,-1,400.000,-1,325.000,325.000,300.000,300.000,-1,-1,-1,-1,800.000,750.000,-1,-1,2,0,2,0,2,0,0,0,0,2,2,2,2,0,0,2,2
120,-1168.549,-6755.401,-171.370,103.033,-0.226611,-0.972722,0.049596,0.973759,-0.225167,0.033057,-0.020988,0.055785,0.998222,0,-0.29481,-0.04510,-17.689,-0.090,-1,400.000,-1,400.000,-1,325.000,325.000,300.000,300.000,-1,-1,-1,-1,800.000,750.000,-1,-1,2,0,2,0,2,0,0,0,0,2,2,2,2,0,0,2,2
121,-1163.754,-6776.670,-170.891,102.703,-0.221008,-0.974018,0.049446,0.975038,-0.219561,0.033061,-0.021346,0.055519,0.998229,0,-0.36338,-0.16510,-21.803,-0.330,-1,400.000,-1,400.000,-1,325.000,325.000,300.000,300.000,-1,-1,-1,-1,800.000,750.000,-1,-1,2,0,2,0,2,0,0,0,0,2,2,2,2,0,0,2,2
122,-1159.141,-6797.980,-170.402,102.214,-0.212693,-0.975875,0.049295,0.976875,-0.211240,0.033073,-0.021862,0.055190,0.998237,0,-0.36338,-0.24461,-21.803,-0.489,-1,400.000,-1,400.000,-1,325.000,325.000,300.000,300.000,-1,-1,-1,-1,800.000,750.000,-1,-1,2,0,2,0,2,0,0,0,0,2,2,2,2,0,0,2,2
123,-1154.711,-6819.327,-169.898,101.725,-0.204361,-0.977662,0.049132,0.978640,-0.202904,0.033073,-0.022366,0.054841,0.998245,0,-0.36338,-0.24461,-21.803,-0.489,-1,400.000,-1,400.000,-1,325.000,325.000,300.000,300.000,-1,-1,-1,-1,800.000,750.000,-1,-1,2,0,2,0,2,0,0,0,0,2,2,2,2,0,0,2,2
124,-1150.462,-6840.712,-169.378,101.235,-0.196013,-0.979379,0.048950,0.980335,-0.194552,0.033057,-0.022851,0.054467,0.998254,0,-0.36338,-0.24461,-21.803,-0.489,-1,400.000,-1,400.000,-1,325.000,325.000,300.000,300.000,-1,-1,-1,-1,775.000,750.000,-1,-1,2,0,2,0,2,0,0,0,0,2,2,2,2,0,0,2,2
125,-1146.397,-6862.133,-168.848,100.746,-0.187651,-0.981024,0.048770,0.981959,-0.186187,0.033045,-0.023337,0.054091,0.998263,0,-0.36338,-0.24461,-21.803,-0.489,-1,400.000,-1,400.000,-1,325.000,325.000,300.000,300.000,-1,-1,-1,-1,775.000,750.000,-1,-1,2,0,2,0,2,0,0,0,0,2,2,2,2,0,0,2,2
126,-1142.514,-6883.587,-168.309,100.257,-0.179274,-0.982598,0.048590,0.983511,-0.177807,0.033038,-0.023823,0.053712,0.998272,0,-0.36338,-0.24461,-21.803,-0.489,-1,400.000,-1,400.000,-1,325.000,325.000,300.000,300.000,-1,-1,-1,-1,775.000,750.000,-1,-1,2,0,2,0,2,0,0,0,0,2,2,2,2,0,0,2,2
127,-1138.815,-6905.073,-167.760,99.768,-0.170885,-0.984101,0.048412,0.984991,-0.169414,0.033035,-0.024308,0.053331,0.998281,0,-0.36338,-0.24461,-21.803,-0.489,-1,400.000,-1,400.000,-1,325.000,325.000,300.000,300.000,-1,-1,-1,-1,775.000,750.000,-1,-1,2,0,2,0,2,0,0,0,0,2,2,2,2,0,0,2,2
128,-1135.299,-6926.591,-167.201,99.279,-0.162482,-0.985532,0.048235,0.986400,-0.161008,0.033037,-0.024793,0.052947,0.998289,0,-0.36338,-0.24461,-21.803,-0.489,-1,400.000,-1,400.000,-1,325.000,325.000,300.000,300.000,-1,-1,-1,-1,775.000,750.000,-1,-1,2,0,2,0,2,0,0,0,0,2,2,2,2,0,0,2,2
129,-1131.967,-6948.138,-166.633,98.789,-0.154068,-0.986891,0.048060,0.987737,-0.152591,0.033042,-0.025276,0.052561,0.998298,0,-0.36338,-0.24461,-21.803,-0.489,-1,400.000,-1,400.000,-1,325.000,325.000,300.000,300.000,-1,-1,-1,-1,775.000,750.000,-1,-1,2,0,2,0,2,0,0,0,0,2,2,2,2,0,0,2,2
130,-1128.820,-6969.712,-166.056,98.300,-0.145642,-0.988178,0.047886,0.989002,-0.144161,0.033051,-0.025757,0.052173,0.998306,0,-0.36338,-0.24461,-21.803,-0.489,-1,400.000,-1,400.000,-1,325.000,325.000,300.000,300.000,-1,-1,-1,-1,775.000,750.000,-1,-1,2,0,2,0,2,0,0,0,0,2,2,2,2,0,0,2,2
131,-1125.856,-6991.312,-165.470,97.811,-0.137205,-0.989393,0.047714,0.990195,-0.135721,0.033063,-0.026236,0.051783,0.998314,0,-0.36338,-0.24461,-21.803,-0.489,-1,400.000,-1,400.000,-1,325.000,325.000,300.000,300.000,-1,-1,-1,-1,775.000,750.000,-1,-1,2,0,2,0,2,0,0,0,0,2,2,2,2,0,0,2,2
132,-1123.077,-7012.937,-164.874,97.322,-0.128757,-0.990536,0.047544,0.991316,-0.127271,0.033078,-0.026713,0.051391,0.998321,0,-0.36338,-0.24461,-21.803,-0.489,-1,400.000,-1,400.000,-1,325.000,325.000,300.000,300.000,-1,-1,-1,-1,775.000,750.000,-1,-1,2,0,2,0,2,0,0,0,0,2,2,2,2,0,0,2,2
133,-1120.483,-7034.585,-164.270,96.832,-0.120300,-0.991606,0.047377,0.992365,-0.118811,0.033095,-0.027188,0.050996,0.998329,0,-0.36338,-0.24461,-21.803,-0.489,-1,400.000,-1,400.000,-1,325.000,325.000,300.000,300.000,-1,-1,-1,-1,775.000,750.000,-1,-1,2,0,2,0,2,0,0,0,0,2,2,2,2,0,0,2,2
134,-1118.074,-7056.254,-163.657,96.343,-0.111834,-0.992605,0.047211,0.993342,-0.110342,0.033114,-0.027659,0.050600,0.998336,0,-0.36338,-0.24461,-21.803,-0.489,-1,400.000,-1,400.000,-1,325.000,325.000,300.000,300.000,-1,-1,-1,-1,775.000,750.000,-1,-1,2,0,2,0,2,0,0,0,0,2,2,2,2,0,0,2,2
135,-1115.850,-7077.943,-163.035,95.854,-0.103359,-0.993531,0.047047,0.994246,-0.101865,0.033134,-0.028127,0.050201,0.998343,0,-0.36338,-0.24461,-21.803,-0.489,-1,400.000,-1,400.000,-1,325.000,325.000,300.000,300.000,-1,-1,-1,-1,775.000,750.000,-1,-1,2,0,2,0,2,0,0,0,0,2,2,2,2,0,0,2,2
136,-1113.811,-7099.651,-162.405,95.365,-0.094877,-0.994384,0.046886,0.995078,-0.093380,0.033156,-0.028592,0.049801,0.998350,0,-0.36338,-0.24461,-21.803,-0.489,-1,400.000,-1,400.000,-1,325.000,325.000,300.000,300.000,-1,-1,-1,-1,750.000,750.000,-1,-1,2,0,2,0,2,0,0,0,0,2,2,2,2,0,0,2,2
137,-1111.958,-7121.375,-161.766,94.876,-0.086387,-0.995165,0.046727,0.995838,-0.084887,0.033179,-0.029052,0.049399,0.998357,0,-0.36338,-0.24461,-21.803,-0.489,-1,400.000,-1,400.000,-1,325.000,325.000,300.000,300.000,-1,-1,-1,-1,750.000,750.000,-1,-1,2,0,2,0,2,0,0,0,0,2,2,2,2,0,0,2,2
138,-1110.290,-7143.113,-161.119,94.386,-0.077890,-0.995874,0.046570,0.996525,-0.076389,0.033202,-0.029508,0.048995,0.998363,0,-0.36338,-0.24461,-21.803,-0.489,-1,400.000,-1,400.000,-1,325.000,325.000,300.000,300.000,-1,-1,-1,-1,750.000,750.000,-1,-1,2,0,2,0,2,0,0,0,0,2,2,2,2,0,0,2,2
139,-1108.808,-7164.866,-160.463,93.897,-0.069388,-0.996509,0.046416,0.997140,-0.067884,0.033226,-0.029959,0.048589,0.998369,0,-0.36338,-0.24461,-21.803,-0.489,-1,400.000,-1,400.000,-1,325.000,325.000,300.000,300.000,-1,-1,-1,-1,750.000,750.000,-1,-1,2,0,2,0,2,0,0,0,0,2,2,2,2,0,0,2,2
140,-1107.512,-7186.630,-159.800,93.408,-0.060879,-0.997072,0.046265,0.997682,-0.059374,0.033250,-0.030405,0.048182,0.998376,0,-0.36338,-0.24461,-21.803,-0.489,-1,400.000,-1,400.000,-1,325.000,325.000,300.000,300.000,-1,-1,-1,-1,750.000,750.000,-1,-1,2,0,2,0,2,0,0,0,0,2,2,2,2,0,0,2,2
141,-1106.575,-7203.607,-159.284,93.159,-0.056542,-0.997334,0.046119,0.997929,-0.055037,0.033289,-0.030662,0.047906,0.998381,0,-0.28338,-0.12461,-17.003,-0.249,-1,400.000,-1,400.000,-1,325.000,325.000,300.000,300.000,-1,-1,-1,-1,750.000,775.000,-1,-1,2,0,2,0,2,0,0,0,0,2,2,2,2,0,0,2,2
