timestep,x_cm,y_cm,z_cm,yaw_deg,basis_xx,basis_xy,basis_xz,basis_yx,basis_yy,basis_yz,basis_zx,basis_zy,basis_zz,teleport_flag,throttle_cmd,steering_cmd,cmd_move_cm,cmd_turn_deg,lidar_cm_0,lidar_cm_1,lidar_cm_2,lidar_cm_3,lidar_cm_4,lidar_cm_5,lidar_cm_6,lidar_cm_7,lidar_cm_8,lidar_cm_9,lidar_cm_10,lidar_cm_11,lidar_cm_12,lidar_cm_13,lidar_cm_14,lidar_cm_15,lidar_cm_16,lidar_class_0,lidar_class_1,lidar_class_2,lidar_class_3,lidar_class_4,lidar_class_5,lidar_class_6,lidar_class_7,lidar_class_8,lidar_class_9,lidar_class_10,lidar_class_11,lidar_class_12,lidar_class_13,lidar_class_14,lidar_class_15,lidar_class_16
0,11127.978,-10873.025,334.054,-43.726,0.722737,0.690935,-0.016115,-0.691107,0.722364,-0.023688,-0.004726,0.028258,0.999589,0,0.08000,-0.12000,4.800,-0.240,-1,400.000,-1,-1,-1,350.000,375.000,325.000,250.000,-1,-1,-1,-1,675.000,-1,-1,-1,2,1,2,2,2,1,1,0,1,2,2,2,2,1,2,2,2
1,11134.859,-10879.719,333.793,-44.206,0.716942,0.696967,-0.015190,-0.697106,0.716555,-0.024327,-0.006071,0.028030,0.999589,0,0.16000,-0.24000,9.600,-0.480,-1,400.000,-1,-1,-1,350.000,375.000,325.000,250.000,-1,-1,-1,-1,650.000,-1,-1,-1,2,1,2,2,2,1,1,0,1,2,2,2,2,1,2,2,2
2,11145.077,-10889.865,333.421,-44.797,0.709746,0.704320,-0.013925,-0.704412,0.709335,-0.025454,-0.008050,0.027874,0.999579,0,0.24000,-0.29535,14.400,-0.591,-1,400.000,-1,-1,-1,350.000,375.000,325.000,250.000,-1,-1,-1,-1,650.000,-1,-1,-1,2,1,2,2,2,1,1,0,1,2,2,2,2,1,2,2,2
3,11158.562,-10903.533,332.952,-45.387,0.702492,0.711583,-0.012444,-0.711612,0.702045,-0.027222,-0.010634,0.027979,0.999552,0,0.32000,-0.29491,19.200,-0.590,-1,375.000,-1,-1,-1,350.000,375.000,325.000,250.000,-1,-1,-1,-1,625.000,-1,-1,-1,2,1,2,2,2,1,1,0,1,2,2,2,2,1,2,2,2
4,11175.241,-10920.790,332.393,-45.977,0.695168,0.718766,-0.010842,-0.718714,0.694670,-0.029720,-0.013830,0.028452,0.999499,0,0.40000,-0.29503,24.000,-0.590,-1,375.000,-1,-1,-1,325.000,375.000,325.000,250.000,-1,-1,-1,-1,625.000,-1,-1,-1,2,1,2,2,2,1,1,0,1,2,2,2,2,1,2,2,2
5,11195.041,-10941.705,331.752,-46.568,0.687762,0.725878,-0.009233,-0.725722,0.687194,-0.033049,-0.017645,0.029431,0.999411,0,0.48000,-0.29574,28.800,-0.591,-1,375.000,-1,-1,-1,325.000,375.000,325.000,250.000,-1,-1,-1,-1,600.000,-1,-1,-1,2,1,2,2,2,1,1,0,1,2,2,2,2,1,2,2,2
6,11217.887,-10966.343,331.038,-47.162,0.680260,0.732930,-0.007757,-0.732638,0.679594,-0.037329,-0.022088,0.031076,0.999273,0,0.56000,-0.29713,33.600,-0.594,-1,375.000,-1,-1,-1,325.000,-1,325.000,250.000,-1,-1,-1,-1,575.000,-1,950.000,-1,2,1,2,2,2,1,2,0,1,2,2,2,2,1,2,0,2
7,11243.701,-10994.772,330.152,-47.761,0.672658,0.739920,-0.007091,-0.739467,0.671836,-0.042723,-0.026848,0.033982,0.999062,0,0.64000,-0.29931,38.400,-0.599,-1,350.000,-1,-1,-1,325.000,-1,300.000,250.000,-1,-1,-1,-1,550.000,-1,750.000,-1,2,1,2,2,2,1,2,0,1,2,2,2,2,1,2,0,2
8,11272.403,-11027.060,329.120,-48.366,0.664946,0.746855,-0.007362,-0.746207,0.663882,-0.049356,-0.031974,0.038312,0.998754,0,0.72000,-0.30249,43.200,-0.605,-1,350.000,-1,-1,-1,300.000,-1,300.000,250.000,-1,-1,-1,-1,525.000,-1,600.000,-1,2,1,2,2,2,1,2,0,1,2,2,2,2,1,2,0,2
9,11303.908,-11063.274,327.932,-48.980,0.657116,0.753737,-0.008878,-0.752860,0.655676,-0.057368,-0.037419,0.044381,0.998314,0,0.80000,-0.30699,48.000,-0.614,-1,325.000,-1,-1,-1,300.000,-1,300.000,250.000,-1,-1,-1,-1,1000.000,-1,550.000,-1,2,1,2,2,2,1,2,0,1,2,2,2,2,1,2,1,2
10,11338.136,-11103.481,321.588,-49.607,0.650086,0.759680,-0.016586,-0.757660,0.646388,-0.090192,-0.057796,0.071199,0.995786,0,0.88000,-0.31330,52.800,-0.627,625.000,300.000,-1,-1,-1,250.000,-1,325.000,200.000,-1,-1,-1,-1,975.000,-1,425.000,-1,0,1,2,2,2,1,2,0,1,2,2,2,2,1,2,1,2
11,11374.995,-11147.750,312.128,-50.251,0.644465,0.764055,-0.029751,-0.759719,0.635433,-0.138032,-0.086559,0.111559,0.989981,0,0.96000,-0.32226,57.600,-0.645,375.000,250.000,-1,-1,-1,725.000,-1,375.000,150.000,-1,-1,-1,-1,925.000,-1,325.000,-1,1,1,2,2,2,1,2,0,1,2,2,2,2,1,2,1,2
12,11412.869,-11194.298,301.219,-50.922,0.640650,0.766367,-0.047424,-0.758701,0.622325,-0.192575,-0.118070,0.159353,0.980136,0,1.00000,-0.33536,60.000,-0.671,275.000,300.000,-1,-1,-1,600.000,-1,475.000,100.000,-1,-1,-1,-1,875.000,-1,225.000,-1,1,1,2,2,2,1,2,0,1,2,2,2,2,1,2,1,2
13,5575.007,-4919.362,265.696,77.847,0.156456,-0.933461,-0.322757,0.973447,0.201021,-0.109504,0.167098,-0.297054,0.940126,1,0.00000,0.00000,60.000,-0.709,100.000,250.000,575.000,525.000,-1,250.000,400.000,450.000,-1,-1,0.000,0.000,-1,375.000,675.000,100.000,925.000,1,1,1,1,2,0,1,1,2,2,1,1,2,1,1,1,1
14,3485.837,-9418.206,406.335,-89.997,-0.003951,0.982508,0.186179,-0.999768,0.000059,-0.021526,-0.021160,-0.186221,0.982280,1,0.08000,-0.12000,4.800,-0.240,-1,450.000,-1,375.000,-1,350.000,325.000,475.000,250.000,425.000,150.000,-1,-1,875.000,-1,-1,-1,2,1,2,1,2,1,1,1,1,1,1,2,2,1,2,2,2
15,-2951.694,5575.424,150.745,-22.020,0.926684,0.374934,-0.026092,-0.374886,0.927045,0.006862,0.026761,0.003422,0.999636,1,0.00000,0.00000,9.600,-0.480,-1,400.000,-1,425.000,-1,325.000,325.000,275.000,275.000,-1,-1,-1,-1,850.000,825.000,-1,-1,2,0,2,0,2,0,0,0,0,2,2,2,2,0,0,2,2
16,-2947.252,5573.605,150.866,-22.260,0.925109,0.378813,-0.025976,-0.378771,0.925466,0.006718,0.026585,0.003624,0.999640,0,0.08000,-0.12000,4.800,-0.240,-1,400.000,-1,425.000,-1,325.000,325.000,275.000,275.000,-1,-1,-1,-1,850.000,825.000,-1,-1,2,0,2,0,2,0,0,0,0,2,2,2,2,0,0,2,2
17,-2938.398,5569.894,151.106,-22.740,0.921908,0.386552,-0.025739,-0.386520,0.922259,0.006435,0.026226,0.004016,0.999648,0,0.16000,-0.24000,9.600,-0.480,-1,400.000,-1,425.000,-1,325.000,325.000,275.000,275.000,-1,-1,-1,-1,850.000,825.000,-1,-1,2,0,2,0,2,0,0,0,0,2,2,2,2,0,0,2,2
18,-2925.169,5564.206,151.468,-23.269,0.918314,0.395038,-0.025371,-0.395018,0.918654,0.006025,0.025687,0.004490,0.999660,0,0.24000,-0.26412,14.400,-0.528,-1,400.000,-1,425.000,-1,325.000,325.000,275.000,275.000,-1,-1,-1,-1,850.000,825.000,-1,-1,2,0,2,0,2,0,0,0,0,2,2,2,2,0,0,2,2
19,-2907.602,5556.458,151.947,-23.799,0.914633,0.403520,-0.024866,-0.403513,0.914957,0.005494,0.024968,0.005009,0.999676,0,0.32000,-0.26506,19.200,-0.530,-1,400.000,-1,425.000,-1,325.000,325.000,275.000,275.000,-1,-1,-1,-1,850.000,800.000,-1,-1,2,0,2,0,2,0,0,0,0,2,2,2,2,0,0,2,2
20,-2885.734,5546.570,152.532,-24.331,0.910858,0.412008,-0.024219,-0.412017,0.911163,0.004846,0.024064,0.005564,0.999695,0,0.40000,-0.26637,24.000,-0.533,-1,400.000,-1,425.000,-1,325.000,325.000,275.000,275.000,-1,-1,-1,-1,850.000,800.000,-1,-1,2,0,2,0,2,0,0,0,0,2,2,2,2,0,0,2,2
21,-2859.604,5534.459,153.209,-24.868,0.906983,0.420514,-0.023426,-0.420539,0.907265,0.004087,0.022972,0.006144,0.999717,0,0.48000,-0.26806,28.800,-0.536,-1,400.000,-1,425.000,-1,325.000,325.000,275.000,275.000,-1,-1,-1,-1,850.000,775.000,-1,-1,2,0,2,0,2,0,0,0,0,2,2,2,2,0,0,2,2
22,-2829.254,5520.043,153.963,-25.408,0.903001,0.429050,-0.022484,-0.429091,0.903255,0.003222,0.021691,0.006738,0.999742,0,0.56000,-0.27018,33.600,-0.540,-1,400.000,-1,425.000,-1,325.000,325.000,275.000,275.000,-1,-1,-1,-1,850.000,775.000,-1,-1,2,0,2,0,2,0,0,0,0,2,2,2,2,0,0,2,2
23,-2794.727,5503.237,154.773,-25.953,0.898901,0.437629,-0.021391,-0.437685,0.899126,0.002254,0.020220,0.007336,0.999769,0,0.64000,-0.27277,38.400,-0.546,-1,400.000,-1,425.000,-1,325.000,325.000,275.000,275.000,-1,-1,-1,-1,850.000,750.000,-1,-1,2,0,2,0,2,0,0,0,0,2,2,2,2,0,0,2,2
24,-2756.067,5483.958,155.598,-26.505,0.894674,0.446265,-0.020164,-0.446333,0.894866,0.001275,0.018613,0.007860,0.999796,0,0.72000,-0.27586,43.200,-0.552,-1,400.000,-1,425.000,-1,325.000,325.000,275.000,275.000,-1,-1,-1,-1,850.000,750.000,-1,-1,2,0,2,0,2,0,0,0,0,2,2,2,2,0,0,2,2
25,-2713.323,5462.119,156.536,-27.064,0.890297,0.454971,-0.019327,-0.455056,0.890463,-0.000008,0.017206,0.008802,0.999813,0,0.80000,-0.27950,48.000,-0.559,-1,400.000,-1,425.000,975.000,325.000,325.000,275.000,275.000,-1,-1,-1,-1,850.000,725.000,-1,-1,2,0,2,0,0,0,0,0,0,2,2,2,2,0,0,2,2
26,-2666.545,5437.631,157.316,-27.632,0.885781,0.463766,-0.017686,-0.463856,0.885910,-0.001094,0.015161,0.009173,0.999843,0,0.88000,-0.28373,52.800,-0.567,-1,400.000,-1,425.000,900.000,325.000,325.000,275.000,275.000,-1,-1,-1,-1,850.000,700.000,-1,-1,2,0,2,0,0,0,0,0,0,2,2,2,2,0,0,2,2
27,-2619.147,5412.207,157.997,-28.209,0.881097,0.472666,-0.016003,-0.472756,0.881191,-0.002205,0.013059,0.009508,0.999870,0,0.89644,-0.28860,53.787,-0.577,-1,400.000,-1,400.000,850.000,325.000,325.000,275.000,275.000,-1,-1,-1,-1,850.000,675.000,-1,-1,2,0,2,0,0,0,0,0,0,2,2,2,2,0,0,2,2
28,-2571.814,5386.190,158.587,-28.796,0.876235,0.481668,-0.014422,-0.481758,0.876298,-0.003377,0.011011,0.009907,0.999890,0,0.90019,-0.29354,54.012,-0.587,-1,400.000,-1,400.000,775.000,325.000,325.000,275.000,275.000,-1,-1,-1,-1,850.000,675.000,-1,-1,2,0,2,0,0,0,0,0,0,2,2,2,2,0,0,2,2
29,-2524.715,5359.662,159.105,-29.389,0.871226,0.490714,-0.012845,-0.490801,0.871260,-0.004560,0.008953,0.010277,0.999907,0,0.90093,-0.29665,54.056,-0.593,-1,400.000,-1,400.000,725.000,325.000,325.000,275.000,275.000,-1,-1,-1,-1,850.000,650.000,-1,1000.000,2,0,2,0,0,0,0,0,0,2,2,2,2,0,0,2,0
30,-2477.845,5332.614,159.547,-29.989,0.866062,0.499810,-0.011291,-0.499890,0.866070,-0.005759,0.006900,0.010632,0.999920,0,0.90192,-0.30003,54.115,-0.600,-1,400.000,-1,375.000,675.000,325.000,325.000,275.000,275.000,-1,-1,-1,-1,825.000,625.000,-1,900.000,2,0,2,0,0,0,0,0,0,2,2,2,2,0,0,2,0
31,-2431.249,5305.067,159.914,-30.591,0.860786,0.508873,-0.009843,-0.508944,0.860772,-0.006906,0.004958,0.010954,0.999928,0,0.90216,-0.30075,54.129,-0.601,-1,400.000,-1,375.000,625.000,325.000,325.000,275.000,275.000,-1,-1,-1,-1,825.000,600.000,-1,825.000,2,0,2,0,0,0,0,0,0,2,2,2,2,0,0,2,0
32,-2384.945,5277.032,160.836,-31.192,0.855400,0.517891,-0.008892,-0.517943,0.855400,-0.005006,0.005014,0.008887,0.999948,0,0.90216,-0.30075,54.129,-0.601,-1,400.000,-1,375.000,625.000,325.000,325.000,275.000,275.000,-1,-1,-1,-1,850.000,600.000,-1,800.000,2,0,2,0,0,0,0,0,0,2,2,2,2,0,0,2,0
33,-2338.938,5248.513,161.971,-31.794,0.849916,0.526855,-0.008151,-0.526883,0.849936,-0.001655,0.006056,0.005701,0.999965,0,0.90216,-0.30075,54.129,-0.601,-1,400.000,-1,375.000,625.000,325.000,325.000,275.000,275.000,-1,-1,-1,-1,850.000,600.000,-1,825.000,2,0,2,0,0,0,0,0,0,2,2,2,2,0,0,2,0
34,-2293.233,5219.513,163.038,-32.395,0.844340,0.535756,-0.007432,-0.535758,0.844370,0.001829,0.007255,0.002438,0.999971,0,0.90216,-0.30075,54.129,-0.601,-1,425.000,-1,350.000,625.000,350.000,325.000,300.000,275.000,-1,-1,-1,-1,875.000,600.000,-1,825.000,2,0,2,0,0,0,0,0,0,2,2,2,2,0,0,2,0
35,-2247.834,5190.034,164.037,-32.997,0.838674,0.544592,-0.006732,-0.544565,0.838701,0.005447,0.008613,-0.000902,0.999963,0,0.90216,-0.30075,54.129,-0.601,-1,425.000,-1,350.000,650.000,350.000,325.000,300.000,275.000,-1,-1,-1,-1,875.000,600.000,-1,825.000,2,0,2,0,0,0,0,0,0,2,2,2,2,0,0,2,0
36,-2202.748,5160.081,165.038,-33.598,0.832919,0.553362,-0.006017,-0.553306,0.832931,0.008824,0.009895,-0.004021,0.999943,0,0.90216,-0.30075,54.129,-0.601,-1,425.000,-1,350.000,650.000,350.000,325.000,300.000,275.000,-1,-1,-1,-1,850.000,600.000,-1,825.000,2,0,2,0,0,0,0,0,0,2,2,2,2,0,0,2,0
37,-2157.978,5129.656,165.947,-34.200,0.827076,0.562065,-0.005333,-0.561975,0.827061,0.012448,0.011407,-0.007299,0.999908,0,0.90216,-0.30075,54.129,-0.601,-1,425.000,-1,350.000,650.000,325.000,300.000,300.000,275.000,-1,-1,-1,-1,850.000,600.000,-1,850.000,2,0,2,0,0,0,0,0,0,2,2,2,2,0,0,2,0
38,-2113.531,5098.763,166.701,-34.801,0.821147,0.570697,-0.004695,-0.570561,0.821087,0.016641,0.013352,-0.010986,0.999851,0,0.90216,-0.30075,54.129,-0.601,-1,425.000,-1,350.000,650.000,325.000,300.000,275.000,275.000,-1,-1,-1,-1,850.000,600.000,-1,850.000,2,0,2,0,0,0,0,0,0,2,2,2,2,0,0,2,0
39,-2069.409,5067.405,167.409,-35.403,0.815134,0.579259,-0.004056,-0.579069,0.815012,0.020838,0.015376,-0.014638,0.999775,0,0.90216,-0.30075,54.129,-0.601,-1,425.000,-1,350.000,675.000,325.000,300.000,275.000,275.000,-1,-1,-1,-1,825.000,600.000,-1,875.000,2,0,2,0,0,0,0,0,0,2,2,2,2,0,0,2,0
40,-2025.620,5035.586,167.930,-36.004,0.809044,0.587741,-0.002710,-0.587501,0.808830,0.025237,0.017025,-0.018826,0.999678,0,0.90216,-0.30075,54.129,-0.601,-1,425.000,-1,350.000,675.000,325.000,300.000,275.000,275.000,-1,-1,-1,-1,825.000,600.000,-1,875.000,2,0,2,0,0,0,0,0,0,2,2,2,2,0,0,2,0
41,-1982.167,5003.309,168.379,-36.606,0.802874,0.596147,-0.001242,-0.595856,0.802544,0.029659,0.018678,-0.023072,0.999559,0,0.90216,-0.30075,54.129,-0.601,-1,425.000,-1,350.000,675.000,325.000,300.000,275.000,275.000,-1,-1,-1,-1,800.000,600.000,-1,875.000,2,0,2,0,0,0,0,0,0,2,2,2,2,0,0,2,0
42,-1939.172,4970.950,168.770,-36.967,0.799146,0.601138,-0.000020,-0.600791,0.798685,0.033944,0.020421,-0.027114,0.999424,0,0.89685,-0.18075,53.811,-0.361,-1,400.000,-1,350.000,675.000,325.000,300.000,275.000,275.000,-1,700.000,-1,-1,800.000,600.000,-1,900.000,2,0,2,0,0,0,0,0,0,2,0,2,2,0,0,2,0
43,-1896.246,4938.500,169.099,-37.089,0.797920,0.602763,0.000896,-0.602352,0.797320,0.038106,0.022255,-0.030946,0.999273,0,0.89685,-0.06075,53.811,-0.121,-1,400.000,-1,350.000,700.000,325.000,300.000,275.000,275.000,975.000,325.000,-1,-1,800.000,600.000,-1,925.000,2,0,2,0,0,0,0,0,0,0,0,2,2,0,0,2,0
44,-1853.253,4906.139,169.918,-36.970,0.799241,0.600998,0.003985,-0.600589,0.798413,0.042773,0.022525,-0.036579,0.999077,0,0.89685,0.05925,53.811,0.119,-1,400.000,-1,350.000,725.000,325.000,300.000,275.000,275.000,925.000,325.000,-1,-1,775.000,600.000,-1,950.000,2,0,2,0,0,0,0,0,0,0,0,2,2,0,0,2,0
45,-1809.963,4873.979,171.817,-36.612,0.803055,0.595871,0.006327,-0.595459,0.801998,0.047211,0.023057,-0.041680,0.998865,0,0.89881,0.17925,53.928,0.359,-1,400.000,-1,350.000,775.000,325.000,300.000,275.000,275.000,900.000,375.000,-1,-1,775.000,625.000,-1,-1,2,0,2,0,0,0,0,0,0,0,0,2,2,0,0,2,2
46,-1766.250,4841.945,173.841,-36.237,0.807000,0.590501,0.007701,-0.590058,0.805725,0.051373,0.024131,-0.046002,0.998650,0,0.90324,0.18739,54.194,0.375,-1,400.000,-1,350.000,850.000,325.000,300.000,275.000,275.000,875.000,400.000,-1,-1,775.000,625.000,-1,-1,2,0,2,0,0,0,0,0,0,0,0,2,2,0,0,2,2
47,-1722.113,4810.050,175.704,-35.854,0.810983,0.585001,0.009024,-0.584542,0.809499,0.054964,0.024850,-0.049850,0.998448,0,0.90759,0.19125,54.456,0.382,-1,400.000,-1,350.000,900.000,325.000,300.000,275.000,275.000,850.000,450.000,-1,-1,800.000,625.000,-1,-1,2,0,2,0,0,0,0,0,0,0,0,2,2,0,0,2,2
48,-1677.550,4778.308,177.491,-35.464,0.815007,0.579360,0.010283,-0.578891,0.813311,0.058399,0.025470,-0.053548,0.998240,0,0.91187,0.19521,54.712,0.390,-1,400.000,-1,375.000,-1,325.000,300.000,275.000,275.000,850.000,500.000,-1,-1,800.000,650.000,-1,-1,2,0,2,0,2,0,0,0,0,0,0,2,2,0,0,2,2
49,-1632.561,4746.733,179.229,-35.065,0.819075,0.573572,0.011473,-0.573094,0.817156,0.061804,0.026074,-0.057197,0.998022,0,0.91605,0.19929,54.963,0.399,-1,400.000,-1,375.000,-1,325.000,300.000,275.000,275.000,825.000,525.000,-1,-1,800.000,650.000,-1,-1,2,0,2,0,2,0,0,0,0,0,0,2,2,0,0,2,2
50,-1587.148,4715.339,180.915,-34.659,0.823186,0.567633,0.012591,-0.567146,0.821034,0.065179,0.026660,-0.060795,0.997794,0,0.92014,0.20348,55.208,0.407,-1,400.000,-1,375.000,-1,325.000,300.000,275.000,275.000,825.000,575.000,-1,-1,800.000,650.000,-1,-1,2,0,2,0,2,0,0,0,0,0,0,2,2,0,0,2,2
51,-1541.311,4684.141,182.548,-34.243,0.827339,0.561538,0.013637,-0.561043,0.824946,0.068520,0.027227,-0.064340,0.997557,0,0.92411,0.20778,55.447,0.416,-1,400.000,-1,375.000,-1,325.000,300.000,275.000,275.000,825.000,600.000,-1,-1,800.000,650.000,-1,-1,2,0,2,0,2,0,0,0,0,0,0,2,2,0,0,2,2
52,-1493.597,4651.885,184.089,-34.062,0.829185,0.558786,0.014499,-0.558245,0.826500,0.072524,0.028542,-0.068230,0.997261,0,0.95991,0.09044,57.594,0.181,-1,400.000,-1,375.000,-1,325.000,325.000,300.000,275.000,800.000,625.000,-1,-1,800.000,675.000,-1,-1,2,0,2,0,2,0,0,0,0,0,0,2,2,0,0,2,2
53,-1445.591,4619.666,185.745,-33.871,0.831150,0.555840,0.015207,-0.555204,0.828072,0.077750,0.030624,-0.073065,0.996857,0,0.96358,0.09537,57.815,0.191,-1,400.000,-1,375.000,-1,325.000,325.000,300.000,275.000,775.000,600.000,-1,-1,800.000,675.000,-1,-1,2,0,2,0,2,0,0,0,0,0,0,2,2,0,0,2,2
54,-1397.301,4587.501,187.364,-33.670,0.833211,0.552726,0.015936,-0.551990,0.829707,0.083025,0.032668,-0.077973,0.996420,0,0.96704,0.10049,58.022,0.201,-1,400.000,-1,375.000,-1,325.000,325.000,300.000,275.000,750.000,600.000,950.000,-1,800.000,700.000,-1,-1,2,0,2,0,2,0,0,0,0,0,0,0,2,1,0,2,2
55,-1348.730,4555.409,188.836,-33.459,0.835368,0.549425,0.017109,-0.548618,0.831390,0.088364,0.034325,-0.083203,0.995941,0,0.97025,0.10581,58.215,0.212,-1,400.000,-1,375.000,-1,325.000,325.000,300.000,300.000,750.000,600.000,925.000,-1,800.000,725.000,-1,-1,2,0,2,0,2,0,0,0,0,0,0,0,2,0,0,2,2
56,-1299.888,4523.409,190.267,-33.236,0.837621,0.545949,0.018187,-0.545068,0.833151,0.093596,0.035946,-0.088311,0.995444,0,0.97319,0.11133,58.392,0.223,-1,400.000,-1,400.000,-1,325.000,325.000,300.000,300.000,725.000,600.000,925.000,-1,800.000,725.000,-1,-1,2,0,2,0,2,0,0,0,0,0,0,0,2,0,0,2,2
57,-1250.783,4491.520,192.361,-33.002,0.839871,0.542434,0.019529,-0.541637,0.835212,0.095133,0.035293,-0.090477,0.995273,0,0.97586,0.11705,58.551,0.234,-1,400.000,-1,400.000,-1,325.000,325.000,300.000,300.000,750.000,650.000,1000.000,-1,800.000,725.000,-1,-1,2,0,2,0,2,0,0,0,0,0,0,0,2,0,0,2,2
58,-1201.423,4459.765,194.422,-32.756,0.842196,0.538787,0.020382,-0.538065,0.837444,0.095783,0.034538,-0.091635,0.995194,0,0.97821,0.12298,58.693,0.246,-1,400.000,-1,400.000,-1,325.000,325.000,300.000,300.000,775.000,750.000,-1,-1,800.000,725.000,-1,-1,2,0,2,0,2,0,0,0,0,0,0,2,2,0,0,2,2
59,-1151.818,4428.167,196.393,-32.498,0.844616,0.534959,0.021022,-0.534299,0.839789,0.096328,0.033878,-0.092592,0.995128,0,0.98023,0.12912,58.814,0.258,-1,400.000,-1,375.000,-1,325.000,325.000,300.000,300.000,800.000,825.000,-1,-1,775.000,725.000,-1,-1,2,0,2,0,2,0,0,0,0,0,0,2,2,0,0,2,2
60,-1101.980,4396.751,198.294,-32.227,0.847133,0.530940,0.021629,-0.530345,0.842243,0.096750,0.033152,-0.093430,0.995074,0,0.98190,0.13547,58.914,0.271,-1,400.000,-1,375.000,-1,325.000,325.000,300.000,300.000,825.000,900.000,-1,-1,775.000,725.000,-1,-1,2,0,2,0,2,0,0,0,0,0,0,2,2,0,0,2,2
61,-1056.186,4367.919,200.012,-32.196,0.847423,0.530455,0.022181,-0.529903,0.842482,0.097093,0.032816,-0.094033,0.995028,0,0.90190,0.01547,54.114,0.031,-1,400.000,-1,375.000,-1,325.000,325.000,300.000,300.000,850.000,950.000,-1,-1,775.000,750.000,-1,-1,2,0,2,0,2,0,0,0,0,0,0,2,2,0,0,2,2
62,-1014.551,4341.492,201.590,-32.405,0.845494,0.533503,0.022686,-0.532969,0.840505,0.097443,0.032918,-0.094478,0.994983,0,0.82190,-0.10453,49.314,-0.209,-1,400.000,-1,375.000,-1,325.000,325.000,300.000,300.000,875.000,1000.000,-1,-1,775.000,750.000,-1,-1,2,0,2,0,2,0,0,0,0,0,0,2,2,0,0,2,2
63,-973.725,4315.127,203.176,-32.854,0.841309,0.540056,0.023194,-0.539519,0.836271,0.097825,0.033435,-0.094815,0.994933,0,0.80998,-0.22453,48.599,-0.449,-1,400.000,-1,375.000,-1,325.000,325.000,300.000,300.000,900.000,-1,-1,-1,750.000,750.000,-1,-1,2,0,2,0,2,0,0,0,0,0,2,2,2,0,0,2,2
64,-933.272,4288.308,204.831,-33.543,0.834787,0.550058,0.023807,-0.549503,0.829692,0.098275,0.034304,-0.095120,0.994875,0,0.80892,-0.34453,48.535,-0.689,-1,400.000,-1,375.000,-1,325.000,325.000,300.000,300.000,925.000,-1,-1,-1,750.000,775.000,-1,-1,2,0,2,0,2,0,0,0,0,0,2,2,2,0,0,2,2
65,-893.271,4261.025,206.674,-34.298,0.827510,0.560893,0.025050,-0.560366,0.822314,0.098943,0.034898,-0.095913,0.994778,0,0.80698,-0.37724,48.419,-0.754,-1,400.000,-1,375.000,-1,325.000,325.000,300.000,300.000,925.000,-1,-1,-1,750.000,775.000,-1,-1,2,0,2,0,2,0,0,0,0,0,2,2,2,0,0,2,2
66,-853.752,4233.317,208.499,-35.036,0.820258,0.571390,0.026260,-0.570878,0.814932,0.099922,0.035695,-0.096953,0.994649,0,0.80439,-0.36937,48.263,-0.739,-1,400.000,-1,375.000,-1,325.000,325.000,300.000,300.000,950.000,-1,-1,-1,725.000,800.000,-1,-1,2,0,2,0,2,0,0,0,0,0,2,2,2,0,0,2,2
67,-814.738,4205.222,210.485,-35.759,0.813044,0.581595,0.026577,-0.581010,0.807615,0.100922,0.037232,-0.097495,0.994539,0,0.80129,-0.36143,48.077,-0.723,-1,400.000,-1,375.000,-1,325.000,325.000,300.000,300.000,950.000,-1,-1,-1,725.000,800.000,-1,-1,2,0,2,0,2,0,0,0,0,0,2,2,2,0,0,2,2
68,-776.247,4176.775,212.539,-36.466,0.805867,0.591492,0.026756,-0.590821,0.800345,0.101879,0.038847,-0.097909,0.994437,0,0.79769,-0.35349,47.861,-0.707,-1,375.000,-1,375.000,-1,325.000,325.000,300.000,300.000,975.000,-1,-1,-1,725.000,825.000,-1,-1,2,0,2,0,2,0,0,0,0,0,2,2,2,0,0,2,2
69,-738.296,4148.012,214.661,-37.159,0.798718,0.601109,0.026774,-0.600337,0.793113,0.102795,0.040556,-0.098177,0.994342,0,0.79364,-0.34638,47.619,-0.693,-1,375.000,-1,375.000,-1,325.000,325.000,300.000,300.000,975.000,-1,-1,-1,725.000,850.000,-1,-1,2,0,2,0,2,0,0,0,0,0,2,2,2,0,0,2,2
70,-700.905,4118.958,216.881,-37.847,0.791504,0.610590,0.026467,-0.609686,0.785839,0.103635,0.042480,-0.098164,0.994263,0,0.78919,-0.34401,47.351,-0.688,-1,375.000,-1,400.000,-1,325.000,325.000,300.000,300.000,1000.000,-1,-1,-1,725.000,850.000,-1,-1,2,0,2,0,2,0,0,0,0,0,2,2,2,0,0,2,2
71,-664.090,4089.641,219.130,-38.531,0.784221,0.619930,0.026170,-0.618891,0.778496,0.104487,0.044401,-0.098137,0.994182,0,0.78435,-0.34200,47.061,-0.684,-1,375.000,-1,400.000,-1,325.000,325.000,300.000,300.000,-1,-1,-1,-1,725.000,875.000,-1,-1,2,0,2,0,2,0,0,1,0,2,2,2,2,0,0,2,2
72,-627.866,4060.085,221.406,-39.212,0.776864,0.629137,0.025882,-0.627963,0.771080,0.105350,0.046322,-0.098095,0.994098,0,0.77919,-0.34034,46.751,-0.681,-1,375.000,-1,400.000,-1,325.000,325.000,300.000,300.000,-1,-1,-1,-1,725.000,900.000,-1,-1,2,0,2,0,2,0,0,1,0,2,2,2,2,0,0,2,2
73,-592.243,4030.310,223.707,-39.890,0.769427,0.638222,0.025604,-0.636911,0.763585,0.106223,0.048243,-0.098038,0.994013,0,0.77378,-0.33905,46.427,-0.678,-1,400.000,-1,425.000,-1,325.000,325.000,275.000,300.000,-1,-1,-1,-1,750.000,925.000,-1,-1,2,0,2,0,2,0,0,1,0,2,2,2,2,0,0,2,2
74,-557.231,4000.335,225.942,-40.566,0.761889,0.647215,0.025252,-0.645775,0.756029,0.106744,0.049995,-0.097634,0.993966,0,0.76817,-0.33812,46.090,-0.676,-1,400.000,-1,425.000,-1,325.000,325.000,275.000,300.000,-1,-1,-1,-1,750.000,925.000,-1,-1,2,0,2,0,2,0,0,1,0,2,2,2,2,0,0,2,2
75,-522.833,3970.176,227.792,-41.241,0.754178,0.656201,0.024820,-0.654720,0.748491,0.105368,0.050565,-0.095717,0.994123,0,0.76244,-0.33755,45.747,-0.675,-1,375.000,-1,425.000,-1,325.000,325.000,300.000,300.000,-1,-1,-1,-1,750.000,950.000,-1,-1,2,0,2,0,2,0,0,1,0,2,2,2,2,0,0,2,2
76,-489.050,3939.845,229.671,-41.916,0.746365,0.665090,0.024385,-0.663571,0.740847,0.104012,0.051112,-0.093812,0.994277,0,0.75667,-0.33733,45.400,-0.675,-1,375.000,-1,425.000,-1,325.000,325.000,300.000,300.000,-1,-1,-1,-1,750.000,950.000,-1,-1,2,0,2,0,2,0,0,1,0,2,2,2,2,0,0,2,2
77,-455.881,3909.351,231.580,-42.591,0.738443,0.673890,0.023946,-0.672335,0.733091,0.102676,0.051638,-0.091920,0.994427,0,0.75092,-0.33747,45.055,-0.675,-1,375.000,-1,425.000,-1,325.000,325.000,300.000,300.000,-1,-1,-1,-1,750.000,950.000,-1,-1,2,0,2,0,2,0,0,1,0,2,2,2,2,0,0,2,2
78,-423.321,3878.702,233.516,-43.267,0.730406,0.682609,0.023503,-0.681020,0.725216,0.101358,0.052143,-0.090039,0.994572,0,0.74526,-0.33795,44.716,-0.676,-1,375.000,-1,425.000,-1,325.000,325.000,300.000,300.000,-1,-1,-1,-1,775.000,950.000,-1,-1,2,0,2,0,2,0,0,0,0,2,2,2,2,0,0,2,2
79,-391.364,3847.898,235.481,-43.944,0.722245,0.691253,0.023056,-0.689631,0.717214,0.100064,0.052633,-0.088171,0.994714,0,0.73976,-0.33876,44.385,-0.678,-1,375.000,-1,425.000,-1,325.000,325.000,300.000,300.000,-1,-1,-1,-1,775.000,975.000,-1,-1,2,0,2,0,2,0,0,0,0,2,2,2,2,0,0,2,2
80,-360.001,3816.941,237.707,-44.624,0.713925,0.699859,0.022535,-0.698236,0.709110,0.098127,0.052695,-0.085791,0.994919,0,0.73446,-0.33990,44.068,-0.680,-1,400.000,-1,425.000,-1,325.000,325.000,300.000,300.000,-1,-1,-1,-1,775.000,975.000,-1,-1,2,0,2,0,2,0,0,0,0,2,2,2,2,0,0,2,2
81,-332.500,3788.910,239.737,-45.544,0.702541,0.711304,0.021968,-0.709651,0.697933,0.096365,0.053212,-0.083290,0.995104,0,0.65446,-0.45990,39.268,-0.920,-1,400.000,-1,425.000,-1,325.000,325.000,300.000,300.000,-1,-1,-1,-1,775.000,975.000,-1,-1,2,0,2,0,2,0,0,0,0,2,2,2,2,0,0,2,2
82,-307.202,3762.057,241.699,-46.703,0.687948,0.725447,0.021316,-0.723739,0.683545,0.094697,0.054127,-0.080574,0.995278,0,0.61489,-0.57990,36.893,-1.160,-1,400.000,-1,425.000,-1,325.000,325.000,300.000,300.000,-1,-1,-1,-1,800.000,975.000,-1,-1,2,0,2,0,2,0,0,0,0,2,2,2,2,0,0,2,2
83,-282.760,3734.808,243.794,-48.103,0.669947,0.742126,0.020473,-0.740360,0.665797,0.092633,0.055115,-0.077217,0.995490,0,0.61005,-0.69990,36.603,-1.400,-1,400.000,-1,425.000,-1,325.000,350.000,300.000,300.000,-1,-1,-1,-1,800.000,975.000,-1,-1,2,0,2,0,2,0,0,0,0,2,2,2,2,0,0,2,2
84,-259.298,3707.096,245.955,-49.743,0.648355,0.761089,0.019457,-0.759247,0.644470,0.090572,0.056394,-0.073496,0.995700,0,0.60516,-0.81990,36.309,-1.640,-1,400.000,-1,425.000,-1,325.000,350.000,300.000,300.000,-1,-1,-1,-1,800.000,975.000,-1,-1,2,0,2,0,2,0,0,0,0,2,2,2,2,0,0,2,2
85,-236.863,3678.919,248.010,-51.467,0.625089,0.780317,0.019215,-0.778457,0.621419,0.088564,0.057168,-0.070318,0.995885,0,0.60028,-0.86217,36.017,-1.724,-1,400.000,-1,425.000,-1,325.000,350.000,300.000,300.000,-1,-1,-1,-1,800.000,975.000,-1,-1,2,0,2,0,2,0,0,0,0,2,2,2,2,0,0,2,2
86,-215.449,3650.296,249.828,-53.197,0.601213,0.798827,0.020456,-0.797062,0.597668,0.086516,0.056885,-0.068319,0.996040,0,0.59578,-0.86475,35.747,-1.729,-1,400.000,-1,425.000,-1,325.000,350.000,300.000,300.000,-1,-1,-1,-1,800.000,975.000,-1,-1,2,0,2,0,2,0,0,0,0,2,2,2,2,0,0,2,2
87,-195.048,3621.231,251.713,-54.932,0.576698,0.816672,0.021583,-0.814998,0.573286,0.084391,0.056547,-0.066258,0.996199,0,0.59182,-0.86758,35.509,-1.735,-1,400.000,-1,425.000,-1,325.000,325.000,300.000,300.000,1000.000,-1,-1,-1,800.000,975.000,-1,-1,2,0,2,0,2,0,0,0,0,1,2,2,2,0,0,2,2
88,-175.652,3591.730,253.662,-56.673,0.551557,0.833831,0.022593,-0.832245,0.548281,0.082193,0.056148,-0.064137,0.996360,0,0.58843,-0.87065,35.306,-1.741,-1,400.000,-1,425.000,-1,325.000,325.000,300.000,300.000,950.000,-1,-1,-1,775.000,950.000,-1,-1,2,0,2,0,2,0,0,0,0,1,2,2,2,0,0,2,2
89,-157.253,3561.796,255.676,-58.421,0.525800,0.850284,0.023483,-0.848783,0.522665,0.079925,0.055686,-0.061956,0.996524,0,0.58559,-0.87395,35.136,-1.748,-1,400.000,-1,425.000,-1,325.000,325.000,300.000,300.000,925.000,-1,-1,-1,775.000,950.000,-1,-1,2,0,2,0,2,0,0,0,0,1,2,2,2,0,0,2,2
90,-139.848,3531.431,257.754,-60.176,0.499439,0.866010,0.024250,-0.864592,0.496448,0.077591,0.055155,-0.059718,0.996690,0,0.58332,-0.87746,34.999,-1.755,-1,400.000,-1,425.000,-1,325.000,325.000,300.000,300.000,900.000,-1,-1,-1,775.000,950.000,-1,-1,2,0,2,0,2,0,0,0,0,1,2,2,2,0,1,2,2
91,-123.433,3500.636,259.894,-61.938,0.472486,0.880987,0.024891,-0.879648,0.469643,0.075192,0.054553,-0.057422,0.996858,0,0.58161,-0.88118,34.897,-1.762,-1,400.000,-1,425.000,1000.000,325.000,325.000,300.000,300.000,925.000,-1,-1,-1,775.000,925.000,-1,-1,2,0,2,0,1,0,0,0,0,1,2,2,2,0,1,2,2
92,-108.008,3469.411,262.097,-63.709,0.444955,0.895193,0.025404,-0.893931,0.442264,0.072731,0.053873,-0.055072,0.997028,0,0.58045,-0.88508,34.827,-1.770,-1,400.000,-1,425.000,975.000,325.000,325.000,275.000,300.000,925.000,-1,-1,-1,775.000,900.000,-1,975.000,2,0,2,0,1,0,0,0,0,1,2,2,2,0,1,2,1
93,-93.575,3437.757,264.362,-65.487,0.416862,0.908604,0.025786,-0.907417,0.414324,0.070213,0.053112,-0.052668,0.997199,0,0.57981,-0.88916,34.789,-1.778,-1,400.000,-1,425.000,950.000,325.000,325.000,275.000,325.000,950.000,-1,-1,-1,775.000,850.000,-1,950.000,2,0,2,0,1,0,0,0,0,1,2,2,2,0,1,2,1
94,-80.139,3405.675,266.666,-67.274,0.388220,0.921202,0.025931,-0.920080,0.385842,0.067669,0.052331,-0.050129,0.997371,0,0.57969,-0.89342,34.782,-1.787,-1,400.000,-1,425.000,925.000,325.000,325.000,275.000,325.000,975.000,-1,-1,-1,775.000,825.000,-1,925.000,2,0,2,0,1,0,0,0,0,1,2,2,2,0,1,2,1
95,-67.707,3373.166,268.715,-69.069,0.359016,0.933009,0.024525,-0.931860,0.356851,0.065528,0.052386,-0.046379,0.997549,0,0.58007,-0.89784,34.804,-1.796,-1,400.000,-1,425.000,900.000,325.000,325.000,300.000,300.000,-1,-1,-1,-1,800.000,800.000,-1,875.000,2,0,2,0,1,0,0,0,0,2,2,2,2,0,1,2,1
96,-56.289,3340.234,270.815,-70.874,0.329299,0.943946,0.022972,-0.942772,0.327345,0.063446,0.052370,-0.042550,0.997721,0,0.58092,-0.90241,34.855,-1.805,-1,400.000,-1,425.000,875.000,325.000,325.000,300.000,300.000,-1,-1,-1,-1,800.000,775.000,-1,850.000,2,0,2,0,1,0,0,0,0,2,2,2,2,0,1,2,1
97,-45.895,3306.883,272.801,-72.689,0.299047,0.954011,0.020831,-0.952832,0.297351,0.060774,0.051785,-0.038023,0.997934,0,0.58222,-0.90712,34.933,-1.814,-1,400.000,950.000,425.000,850.000,325.000,325.000,300.000,300.000,-1,-1,-1,-1,800.000,725.000,-1,800.000,2,0,1,0,1,0,0,0,0,2,2,2,2,0,1,2,1
98,-36.541,3273.118,274.830,-74.512,0.268324,0.963151,0.018485,-0.961973,0.266879,0.058174,0.051097,-0.033392,0.998135,0,0.58394,-0.91198,35.036,-1.824,-1,400.000,900.000,425.000,825.000,325.000,325.000,300.000,300.000,-1,-1,-1,-1,800.000,700.000,-1,775.000,2,0,1,0,1,0,0,0,0,2,2,2,2,0,1,2,1
99,-27.251,3234.380,277.187,-76.512,0.234313,0.972036,0.015620,-0.970866,0.233141,0.055364,0.050174,-0.028138,0.998344,0,0.66394,-1.00000,39.836,-2.000,-1,400.000,850.000,425.000,775.000,325.000,325.000,300.000,300.000,-1,-1,-1,-1,800.000,675.000,975.000,750.000,2,0,1,0,1,0,0,0,0,2,2,2,2,1,1,1,1
100,-18.711,3192.350,279.078,-78.512,0.200158,0.979650,0.014900,-0.978469,0.199090,0.054415,0.050341,-0.025471,0.998407,0,0.71481,-1.00000,42.889,-2.000,-1,400.000,800.000,425.000,750.000,325.000,325.000,300.000,300.000,-1,-1,-1,-1,750.000,650.000,900.000,700.000,2,0,1,0,1,0,0,0,0,2,2,2,2,1,1,1,1
101,-11.587,3149.720,280.878,-80.512,0.165786,0.986048,0.015001,-0.984903,0.164787,0.053020,0.049808,-0.023565,0.998481,0,0.72036,-1.00000,43.222,-2.000,975.000,400.000,750.000,425.000,725.000,325.000,325.000,300.000,300.000,-1,-1,-1,-1,675.000,600.000,825.000,675.000,1,0,1,0,1,0,0,0,0,2,2,2,2,1,1,1,1
102,-5.910,3106.528,282.739,-82.512,0.131206,0.991242,0.014993,-0.990136,0.130280,0.051559,0.049154,-0.021610,0.998557,0,0.72605,-1.00000,43.563,-2.000,875.000,400.000,700.000,425.000,700.000,325.000,325.000,300.000,300.000,-1,-1,-1,-1,625.000,575.000,750.000,625.000,1,0,1,0,1,0,0,0,0,2,2,2,2,1,1,1,1
103,-1.711,3062.816,284.656,-84.512,0.096461,0.995226,0.014873,-0.994160,0.095610,0.050041,0.048380,-0.019613,0.998636,0,0.73189,-1.00000,43.913,-2.000,775.000,400.000,650.000,425.000,675.000,325.000,325.000,300.000,300.000,-1,-1,-1,-1,575.000,550.000,675.000,600.000,1,0,1,0,1,0,0,0,0,2,2,2,2,1,1,1,1
104,0.982,3018.626,286.627,-86.512,0.061595,0.997994,0.014637,-0.996971,0.060821,0.048471,0.047484,-0.017578,0.998717,0,0.73786,-1.00000,44.272,-2.000,700.000,400.000,600.000,400.000,650.000,325.000,325.000,300.000,300.000,-1,-1,-1,-1,525.000,500.000,600.000,550.000,1,0,1,0,1,0,0,0,0,2,2,2,2,1,1,1,1
105,2.173,2973.826,288.656,-88.477,0.027273,0.999526,0.014281,-0.998548,0.026577,0.046854,0.046452,-0.015538,0.998800,0,0.74694,-0.98219,44.817,-1.964,625.000,400.000,550.000,400.000,600.000,325.000,325.000,300.000,300.000,-1,-1,-1,-1,475.000,475.000,550.000,525.000,1,0,1,1,1,0,0,0,0,2,2,2,2,1,1,1,1
106,1.834,2928.721,290.727,-90.430,-0.006891,0.999881,0.013808,-0.998950,-0.007509,0.045204,0.045303,-0.013482,0.998882,0,0.75176,-0.97671,45.106,-1.953,525.000,375.000,500.000,375.000,575.000,325.000,325.000,300.000,300.000,-1,-1,-1,-1,425.000,425.000,475.000,500.000,1,1,1,1,1,0,0,0,0,2,2,2,2,1,1,1,1
107,-0.044,2883.386,292.834,-92.371,-0.040836,0.999078,0.013220,-0.998195,-0.041376,0.043532,0.044039,-0.011418,0.998965,0,0.75625,-0.97060,45.375,-1.941,450.000,325.000,450.000,350.000,550.000,300.000,325.000,300.000,300.000,-1,-1,-1,-1,375.000,400.000,425.000,450.000,1,1,1,1,1,1,1,0,0,2,2,2,2,1,1,1,1
108,-3.533,2837.747,294.979,-94.371,-0.075758,0.997048,0.012510,-0.996213,-0.076219,0.041840,0.042670,-0.009293,0.999046,0,0.76286,-1.00000,45.772,-2.000,400.000,300.000,400.000,325.000,500.000,275.000,275.000,300.000,300.000,-1,-1,-1,-1,350.000,375.000,350.000,425.000,1,1,1,1,1,1,1,0,0,2,2,2,2,1,1,1,1
109,-8.656,2791.872,297.158,-96.371,-0.110587,0.993798,0.011680,-0.993013,-0.110971,0.040138,0.041186,-0.007160,0.999126,0,0.76934,-1.00000,46.161,-2.000,325.000,250.000,375.000,300.000,475.000,250.000,250.000,300.000,300.000,-1,-1,-1,-1,300.000,325.000,300.000,400.000,1,1,1,1,1,1,1,0,0,2,2,2,2,1,1,1,1
110,-15.433,2745.815,299.365,-98.371,-0.145280,0.989332,0.010731,-0.988598,-0.145589,0.038435,0.039587,-0.005025,0.999203,0,0.77589,-1.00000,46.553,-2.000,250.000,225.000,325.000,250.000,450.000,200.000,225.000,300.000,300.000,-1,-1,-1,-1,250.000,300.000,250.000,350.000,1,1,1,1,1,1,1,0,0,2,2,2,2,1,1,1,1
111,-23.885,2699.634,301.596,-100.371,-0.179793,0.983657,0.009665,-0.982975,-0.180029,0.036738,0.037878,-0.002895,0.999278,0,0.78247,-1.00000,46.948,-2.000,200.000,200.000,275.000,225.000,400.000,175.000,200.000,300.000,300.000,-1,-1,-1,-1,225.000,275.000,200.000,325.000,1,1,1,1,1,1,1,0,0,2,2,2,2,1,1,1,1
112,-34.969,2649.086,307.866,-102.371,-0.214684,0.976678,-0.003289,-0.975396,-0.214227,0.052055,0.050136,0.014384,0.998639,0,0.86247,-1.00000,51.748,-2.000,150.000,175.000,250.000,200.000,375.000,150.000,175.000,350.000,275.000,-1,-1,-1,-1,175.000,225.000,150.000,300.000,1,1,1,1,1,1,1,0,0,2,2,2,2,1,1,1,1
113,-48.975,2594.293,321.483,-104.371,-0.252361,0.966911,-0.037371,-0.963812,-0.247748,0.098423,0.085908,0.060857,0.994443,0,0.94247,-1.00000,56.548,-2.000,150.000,150.000,250.000,200.000,375.000,150.000,175.000,475.000,250.000,-1,550.000,200.000,925.000,175.000,225.000,150.000,300.000,1,1,1,1,1,1,1,0,0,2,0,0,0,1,1,1,1
114,-65.821,2536.695,335.789,-106.371,-0.292712,0.953732,-0.068664,-0.948131,-0.280183,0.150152,0.123967,0.109054,0.986276,0,1.00000,-1.00000,60.000,-2.000,150.000,150.000,250.000,175.000,450.000,150.000,150.000,575.000,250.000,-1,250.000,50.000,400.000,175.000,225.000,125.000,300.000,1,1,1,1,1,1,1,1,0,2,0,0,0,1,1,1,1
115,7608.867,-871.069,392.391,56.575,0.551006,-0.834476,-0.006478,0.833594,0.550752,-0.042342,0.038901,0.017930,0.999082,1,0.00000,0.00000,60.000,-1.999,-1,350.000,-1,375.000,-1,275.000,300.000,-1,350.000,-1,150.000,75.000,-1,750.000,-1,-1,-1,2,1,2,1,2,1,1,2,0,2,0,0,2,1,2,2,2
116,331.610,-324.841,392.788,40.526,0.759870,-0.649378,0.030102,0.650016,0.759612,-0.021669,-0.008795,0.036032,0.999312,1,0.08000,0.12000,4.800,0.240,450.000,425.000,-1,400.000,-1,325.000,325.000,325.000,300.000,-1,-1,-1,-1,750.000,775.000,-1,-1,1,0,2,0,2,0,0,0,0,2,2,2,2,1,0,2,2
117,338.854,-318.543,392.637,41.006,0.754399,-0.655722,0.030175,0.656357,0.754149,-0.021324,-0.008774,0.035893,0.999317,0,0.16000,0.24000,9.600,0.480,450.000,425.000,-1,400.000,-1,325.000,325.000,325.000,300.000,-1,-1,-1,-1,725.000,775.000,-1,-1,1,0,2,0,2,0,0,0,0,2,2,2,2,1,0,2,2
118,349.602,-308.958,392.414,41.726,0.746094,-0.665152,0.030278,0.665783,0.745855,-0.020803,-0.008746,0.035679,0.999325,0,0.24000,0.36000,14.400,0.720,425.000,425.000,-1,400.000,-1,325.000,325.000,325.000,300.000,-1,-1,-1,-1,725.000,775.000,625.000,-1,1,0,2,0,2,0,0,0,0,2,2,2,2,1,0,1,2
119,363.746,-295.975,392.126,42.551,0.736435,-0.675827,0.030348,0.676451,0.736213,-0.020099,-0.008759,0.035331,0.999337,0,0.32000,0.41236,19.200,0.825,425.000,425.000,-1,400.000,-1,325.000,325.000,325.000,300.000,-1,-1,-1,-1,700.000,775.000,575.000,-1,1,1,2,0,2,0,0,0,0,2,2,2,2,1,0,1,2
120,381.190,-279.491,391.777,43.378,0.726598,-0.686393,0.030338,0.687006,0.726398,-0.019216,-0.008847,0.034805,0.999355,0,0.40000,0.41341,24.000,0.827,400.000,400.000,-1,400.000,-1,325.000,325.000,325.000,300.000,-1,-1,-1,-1,700.000,775.000,525.000,-1,1,1,2,0,2,0,0,0,0,2,2,2,2,1,0,1,2
121,401.834,-259.410,391.446,44.208,0.716560,-0.696871,0.030209,0.697464,0.716398,-0.017795,-0.009241,0.033821,0.999385,0,0.48000,0.41517,28.800,0.830,375.000,400.000,-1,400.000,-1,325.000,325.000,325.000,300.000,-1,-1,-1,-1,675.000,775.000,475.000,-1,1,1,2,0,2,0,0,0,0,2,2,2,2,1,0,1,2
122,425.575,-235.634,391.125,45.044,0.706304,-0.707274,0.029948,0.707839,0.706195,-0.015881,-0.009917,0.032415,0.999425,0,0.56000,0.41767,33.600,0.835,350.000,400.000,-1,400.000,-1,325.000,325.000,325.000,300.000,-1,-1,-1,-1,675.000,775.000,450.000,-1,1,1,2,0,2,0,0,0,0,2,2,2,2,1,0,1,2
123,452.306,-208.065,390.754,45.886,0.695816,-0.717611,0.029574,0.718140,0.695762,-0.013760,-0.010702,0.030813,0.999468,0,0.64000,0.42095,38.400,0.842,325.000,375.000,-1,400.000,-1,325.000,325.000,325.000,300.000,-1,-1,-1,-1,700.000,775.000,400.000,-1,1,1,2,0,2,0,0,0,0,2,2,2,2,1,0,1,2
124,481.914,-176.607,390.330,46.736,0.685073,-0.727893,0.029086,0.728382,0.685075,-0.011452,-0.011590,0.029031,0.999511,0,0.72000,0.42505,43.200,0.850,275.000,350.000,-1,400.000,-1,325.000,325.000,300.000,300.000,-1,-1,-1,-1,925.000,775.000,350.000,-1,1,1,2,0,2,0,0,0,0,2,2,2,2,0,0,1,2
125,513.608,-141.904,389.859,47.596,0.674052,-0.738134,0.028500,0.738578,0.674108,-0.009027,-0.012549,0.027135,0.999553,0,0.78331,0.43004,46.998,0.860,250.000,350.000,-1,400.000,-1,325.000,325.000,300.000,300.000,-1,-1,-1,-1,925.000,800.000,300.000,-1,1,1,2,0,2,1,0,0,0,2,2,2,2,1,0,1,2
126,544.797,-106.692,389.378,48.467,0.662729,-0.748340,0.027879,0.748738,0.662833,-0.006682,-0.013479,0.025303,0.999589,0,0.78397,0.43584,47.038,0.872,225.000,350.000,-1,400.000,-1,325.000,325.000,300.000,300.000,-1,-1,-1,-1,900.000,800.000,275.000,-1,1,1,2,0,2,1,0,0,0,2,2,2,2,1,0,1,2
127,575.451,-70.985,391.046,49.351,0.651224,-0.758318,0.029338,0.758851,0.651079,-0.015577,-0.007289,0.032407,0.999448,0,0.78434,0.44185,47.061,0.884,200.000,350.000,-1,400.000,-1,325.000,350.000,325.000,275.000,-1,-1,-1,-1,875.000,850.000,250.000,-1,1,1,2,0,2,1,0,1,0,2,2,2,2,1,0,1,2
128,605.542,-34.798,393.516,50.247,0.639526,-0.768100,0.032073,0.768768,0.638882,-0.028752,0.001593,0.043044,0.999072,0,0.78440,0.44808,47.064,0.896,200.000,400.000,-1,425.000,-1,375.000,350.000,325.000,275.000,-1,-1,-1,-1,875.000,925.000,300.000,-1,1,1,2,0,2,1,0,1,0,2,2,2,2,1,0,1,2
129,635.044,1.848,395.597,51.156,0.627546,-0.777796,0.034910,0.778524,0.626338,-0.040009,0.009253,0.052286,0.998589,0,0.78410,0.45454,47.046,0.909,200.000,450.000,-1,450.000,-1,400.000,375.000,300.000,275.000,-1,-1,-1,-1,850.000,975.000,375.000,-1,1,1,2,0,2,0,0,1,0,2,2,2,2,1,0,1,2
130,663.928,38.934,397.311,52.079,0.615248,-0.787430,0.037738,0.788176,0.613463,-0.049417,0.015762,0.060148,0.998065,0,0.78344,0.46124,47.007,0.922,200.000,525.000,-1,475.000,-1,425.000,400.000,275.000,275.000,-1,-1,-1,-1,825.000,-1,900.000,-1,1,1,2,0,2,0,0,1,0,2,2,2,2,1,2,1,2
131,692.164,76.436,398.658,53.015,0.602599,-0.797015,0.040507,0.797762,0.600261,-0.057118,0.021209,0.066734,0.997545,0,0.78239,0.46817,46.943,0.936,225.000,600.000,-1,500.000,-1,450.000,425.000,250.000,275.000,-1,-1,-1,-1,825.000,-1,875.000,-1,1,0,2,0,2,0,0,1,0,2,2,2,2,1,2,1,2
132,719.722,114.330,399.312,53.966,0.589641,-0.806489,0.043579,0.807226,0.586682,-0.064738,0.026643,0.073350,0.996950,0,0.78092,0.47533,46.855,0.951,225.000,625.000,-1,525.000,-1,475.000,450.000,250.000,275.000,-1,500.000,175.000,-1,800.000,-1,850.000,-1,1,1,2,0,2,0,0,1,0,2,0,0,2,1,2,1,2
133,746.572,152.590,399.708,54.931,0.576282,-0.815912,0.046749,0.816666,0.572765,-0.070681,0.030894,0.078911,0.996403,0,0.77903,0.48273,46.742,0.965,225.000,625.000,-1,525.000,-1,475.000,450.000,225.000,275.000,-1,325.000,150.000,-1,775.000,-1,800.000,-1,1,1,2,0,2,0,0,1,0,2,0,0,2,1,2,1,2
134,772.685,191.187,399.866,55.912,0.562498,-0.825287,0.049968,0.826098,0.558507,-0.075045,0.034026,0.083491,0.995927,0,0.77668,0.49035,46.601,0.981,225.000,600.000,-1,550.000,-1,500.000,450.000,200.000,275.000,-1,325.000,125.000,-1,750.000,-1,750.000,-1,1,1,2,0,2,0,0,1,0,2,0,0,2,1,2,1,2
135,798.031,230.090,399.533,56.908,0.548259,-0.834564,0.053996,0.835550,0.543869,-0.077864,0.035616,0.087806,0.995501,0,0.77387,0.49819,46.432,0.996,250.000,575.000,-1,550.000,-1,500.000,475.000,200.000,250.000,-1,300.000,125.000,900.000,700.000,-1,700.000,-1,1,1,2,0,2,0,0,1,0,2,0,0,0,1,2,1,2
136,822.582,269.268,398.934,57.921,0.533555,-0.843786,0.057829,0.844984,0.528877,-0.079319,0.036344,0.091186,0.995170,0,0.77059,0.50622,46.236,1.012,250.000,525.000,-1,550.000,-1,500.000,475.000,175.000,250.000,-1,300.000,125.000,825.000,675.000,950.000,650.000,-1,1,1,2,0,2,0,0,1,0,2,0,0,0,1,1,1,2
