timestep,x_cm,y_cm,z_cm,yaw_deg,basis_xx,basis_xy,basis_xz,basis_yx,basis_yy,basis_yz,basis_zx,basis_zy,basis_zz,teleport_flag,throttle_cmd,steering_cmd,cmd_move_cm,cmd_turn_deg,lidar_cm_0,lidar_cm_1,lidar_cm_2,lidar_cm_3,lidar_cm_4,lidar_cm_5,lidar_cm_6,lidar_cm_7,lidar_cm_8,lidar_cm_9,lidar_cm_10,lidar_cm_11,lidar_cm_12,lidar_cm_13,lidar_cm_14,lidar_cm_15,lidar_cm_16,lidar_class_0,lidar_class_1,lidar_class_2,lidar_class_3,lidar_class_4,lidar_class_5,lidar_class_6,lidar_class_7,lidar_class_8,lidar_class_9,lidar_class_10,lidar_class_11,lidar_class_12,lidar_class_13,lidar_class_14,lidar_class_15,lidar_class_16
0,4923.988,-982.219,-33.065,20.460,0.936707,-0.349489,0.020910,0.349788,0.936742,-0.012786,-0.015119,0.019291,0.999700,1,0.08000,0.12000,4.800,0.240,-1,400.000,-1,400.000,-1,325.000,325.000,300.000,325.000,-1,-1,-1,-1,775.000,850.000,-1,-1,2,0,2,0,2,0,0,0,0,2,2,2,2,0,0,2,2
1,4932.954,-978.788,-33.174,20.940,0.933742,-0.357324,0.021123,0.357625,0.933779,-0.012675,-0.015195,0.019389,0.999697,0,0.16000,0.24000,9.600,0.480,-1,400.000,-1,400.000,-1,325.000,325.000,300.000,325.000,-1,-1,-1,-1,775.000,850.000,-1,-1,2,0,2,0,2,0,0,0,0,2,2,2,2,0,0,2,2
2,4946.338,-973.473,-33.329,21.660,0.929171,-0.369029,0.021426,0.369333,0.929213,-0.012494,-0.015299,0.019522,0.999692,0,0.24000,0.36000,14.400,0.720,-1,400.000,-1,400.000,-1,325.000,325.000,300.000,325.000,-1,-1,-1,-1,750.000,850.000,-1,-1,2,0,2,0,2,0,0,0,0,2,2,2,2,0,0,2,2
3,4964.061,-966.088,-33.523,22.620,0.922849,-0.384544,0.021798,0.384853,0.922897,-0.012227,-0.015416,0.019673,0.999688,0,0.32000,0.48000,19.200,0.960,-1,400.000,-1,400.000,-1,325.000,325.000,300.000,325.000,-1,-1,-1,-1,750.000,850.000,-1,-1,2,0,2,0,2,0,0,0,0,2,2,2,2,0,0,2,2
4,4986.016,-956.395,-33.744,23.820,0.914584,-0.403786,0.022213,0.404098,0.914639,-0.011855,-0.015530,0.019818,0.999683,0,0.40000,0.60000,24.000,1.200,-1,400.000,-1,400.000,-1,325.000,325.000,300.000,325.000,-1,-1,-1,-1,750.000,825.000,-1,-1,2,0,2,0,2,0,0,0,0,2,2,2,2,0,0,2,2
5,5012.062,-944.106,-33.979,25.260,0.904137,-0.426643,0.022631,0.426957,0.904201,-0.011354,-0.015619,0.019928,0.999679,0,0.48000,0.72000,28.800,1.440,-1,400.000,-1,400.000,-1,325.000,325.000,300.000,325.000,-1,-1,-1,-1,750.000,825.000,-1,-1,2,0,2,0,2,0,0,0,0,2,2,2,2,0,0,2,2
6,5042.032,-928.913,-34.213,26.882,0.891691,-0.452059,0.023015,0.452373,0.891765,-0.010709,-0.015683,0.019960,0.999678,0,0.56000,0.81080,33.600,1.622,-1,400.000,-1,400.000,-1,325.000,325.000,300.000,325.000,-1,-1,-1,-1,750.000,825.000,-1,-1,2,0,2,0,2,0,0,0,0,2,2,2,2,0,0,2,2
7,5075.777,-910.588,-34.507,28.504,0.878517,-0.477127,0.023631,0.477445,0.878604,-0.010045,-0.015969,0.020108,0.999670,0,0.64000,0.81127,38.400,1.623,-1,375.000,-1,400.000,-1,325.000,325.000,300.000,325.000,-1,-1,-1,-1,750.000,825.000,-1,-1,2,0,2,0,2,0,0,0,0,2,2,2,2,0,0,2,2
8,5113.231,-889.062,-35.177,29.887,0.866735,-0.498172,0.024383,0.498519,0.866812,-0.010760,-0.015775,0.021482,0.999645,0,0.72000,0.69127,43.200,1.383,-1,375.000,-1,400.000,-1,325.000,325.000,300.000,325.000,-1,-1,-1,-1,750.000,800.000,-1,-1,2,0,2,0,2,0,0,0,0,2,2,2,2,0,0,2,2
9,5150.608,-866.577,-35.853,31.029,0.856619,-0.515341,0.025035,0.515717,0.856680,-0.011639,-0.015449,0.022882,0.999619,0,0.72698,0.57127,43.619,1.143,-1,375.000,-1,400.000,-1,325.000,325.000,300.000,325.000,-1,-1,-1,-1,750.000,800.000,-1,-1,2,0,2,0,2,0,0,0,0,2,2,2,2,0,0,2,2
10,5187.416,-843.637,-36.529,31.932,0.848381,-0.528753,0.025888,0.529164,0.848427,-0.012509,-0.015350,0.024312,0.999587,0,0.72286,0.45127,43.371,0.903,-1,375.000,-1,400.000,-1,325.000,325.000,325.000,325.000,-1,-1,-1,-1,750.000,800.000,-1,-1,2,0,2,0,2,0,0,0,0,2,2,2,2,0,0,2,2
11,5223.783,-820.385,-37.220,32.594,0.842188,-0.538508,0.026970,0.538960,0.842225,-0.013393,-0.015502,0.025815,0.999547,0,0.71941,0.33127,43.165,0.663,-1,375.000,-1,400.000,-1,325.000,325.000,325.000,325.000,-1,-1,-1,-1,750.000,800.000,-1,-1,2,0,2,0,2,0,0,0,0,2,2,2,2,0,0,2,2
12,5259.812,-796.917,-37.863,33.078,0.837597,-0.545572,0.027968,0.546064,0.837623,-0.014206,-0.015676,0.027171,0.999508,0,0.71664,0.24160,42.998,0.483,-1,375.000,-1,400.000,-1,325.000,325.000,325.000,325.000,-1,-1,-1,-1,750.000,775.000,-1,-1,2,0,2,0,2,0,0,0,0,2,2,2,2,0,0,2,2
13,5295.529,-773.217,-38.462,33.566,0.832901,-0.552668,0.028886,0.553197,0.832916,-0.014970,-0.015787,0.028448,0.999471,0,0.71441,0.24402,42.865,0.488,-1,375.000,-1,400.000,-1,325.000,325.000,325.000,325.000,-1,-1,-1,-1,750.000,775.000,-1,-1,2,0,2,0,2,0,0,0,0,2,2,2,2,0,0,2,2
14,5330.944,-749.276,-39.017,34.059,0.828095,-0.559799,0.029726,0.560364,0.828098,-0.015684,-0.015836,0.029646,0.999435,0,0.71247,0.24666,42.748,0.493,-1,375.000,-1,400.000,-1,325.000,325.000,325.000,325.000,-1,-1,-1,-1,750.000,775.000,-1,-1,2,0,2,0,2,0,0,0,0,2,2,2,2,0,0,2,2
15,5366.068,-725.083,-39.677,34.558,0.823190,-0.566981,0.029832,0.567556,0.823178,-0.016073,-0.015444,0.030163,0.999426,0,0.71083,0.24951,42.650,0.499,-1,375.000,-1,400.000,-1,325.000,325.000,325.000,325.000,-1,-1,-1,-1,750.000,775.000,-1,-1,2,0,2,0,2,0,0,0,0,2,2,2,2,0,0,2,2
16,5400.912,-700.628,-40.332,35.063,0.818164,-0.574212,0.029813,0.574788,0.818141,-0.016260,-0.015054,0.030439,0.999423,0,0.70948,0.25257,42.569,0.505,-1,375.000,-1,400.000,-1,325.000,325.000,325.000,325.000,-1,-1,-1,-1,750.000,775.000,-1,-1,2,0,2,0,2,0,0,0,0,2,2,2,2,0,0,2,2
17,5435.485,-675.899,-40.937,35.575,0.813009,-0.581490,0.029766,0.582067,0.812975,-0.016404,-0.014661,0.030663,0.999422,0,0.70844,0.25581,42.507,0.512,-1,375.000,-1,400.000,-1,325.000,325.000,325.000,325.000,-1,-1,-1,-1,750.000,775.000,-1,-1,2,0,2,0,2,0,0,0,0,2,2,2,2,0,0,2,2
18,5473.831,-648.196,-41.566,35.846,0.810247,-0.585336,0.029683,0.585912,0.810207,-0.016483,-0.014401,0.030747,0.999423,0,0.78844,0.13581,47.307,0.272,-1,375.000,-1,400.000,-1,325.000,325.000,325.000,325.000,-1,-1,-1,-1,750.000,775.000,-1,-1,2,0,2,0,2,0,0,0,0,2,2,2,2,0,0,2,2
19,5516.051,-617.658,-42.309,35.878,0.809921,-0.585791,0.029601,0.586357,0.809895,-0.016004,-0.014599,0.030318,0.999434,0,0.86844,0.01581,52.107,0.032,-1,375.000,-1,400.000,-1,325.000,325.000,325.000,325.000,-1,-1,-1,-1,725.000,775.000,-1,-1,2,0,2,0,2,0,0,0,0,2,2,2,2,0,0,2,2
20,5560.308,-585.893,-43.094,35.670,0.812046,-0.582847,0.029508,0.583407,0.812027,-0.015797,-0.014754,0.030043,0.999440,0,0.90794,-0.10419,54.476,-0.208,-1,375.000,-1,400.000,-1,325.000,325.000,325.000,325.000,-1,-1,-1,-1,725.000,775.000,-1,-1,2,0,2,0,2,0,0,0,0,2,2,2,2,0,0,2,2
21,5604.862,-554.438,-43.932,35.221,0.816586,-0.576473,0.029418,0.577035,0.816562,-0.016070,-0.014758,0.030098,0.999438,0,0.90898,-0.22419,54.539,-0.448,-1,375.000,-1,400.000,-1,325.000,325.000,325.000,325.000,-1,-1,-1,-1,725.000,775.000,-1,-1,2,0,2,0,2,0,0,0,0,2,2,2,2,0,0,2,2
22,5649.866,-523.470,-44.726,34.533,0.823455,-0.566621,0.029376,0.567185,0.823428,-0.016350,-0.014925,0.030125,0.999435,0,0.91049,-0.34419,54.630,-0.688,-1,375.000,-1,400.000,-1,325.000,325.000,325.000,325.000,-1,-1,-1,-1,725.000,775.000,-1,-1,2,0,2,0,2,0,0,0,0,2,2,2,2,0,0,2,2
23,5695.462,-493.171,-45.486,33.604,0.832527,-0.553204,0.029401,0.553775,0.832500,-0.016653,-0.015264,0.030145,0.999429,0,0.91241,-0.46419,54.745,-0.928,-1,375.000,-1,400.000,-1,325.000,325.000,325.000,325.000,-1,-1,-1,-1,725.000,775.000,950.000,-1,2,0,2,0,2,0,0,0,0,2,2,2,2,0,0,1,2
24,5741.779,-463.736,-46.317,32.436,0.843635,-0.536108,0.029462,0.536693,0.843597,-0.017450,-0.015499,0.030534,0.999414,0,0.91465,-0.58419,54.879,-1.168,-1,375.000,-1,400.000,-1,325.000,325.000,325.000,325.000,-1,-1,-1,-1,725.000,775.000,875.000,-1,2,0,2,0,2,0,0,0,0,2,2,2,2,1,0,1,2
25,5788.847,-435.226,-47.158,31.204,0.854967,-0.517840,0.029561,0.518445,0.854912,-0.018467,-0.015709,0.031114,0.999392,0,0.91714,-0.61591,55.029,-1.232,950.000,375.000,-1,400.000,-1,325.000,325.000,325.000,325.000,-1,-1,-1,-1,725.000,800.000,825.000,-1,1,0,2,0,2,0,0,0,0,2,2,2,2,1,0,1,2
26,5840.519,-405.238,-48.075,30.128,0.864536,-0.501681,0.029878,0.502317,0.864459,-0.019685,-0.015952,0.032027,0.999360,0,0.99572,-0.53794,59.743,-1.076,850.000,375.000,-1,400.000,-1,325.000,325.000,325.000,325.000,-1,-1,-1,-1,700.000,800.000,775.000,-1,1,0,2,0,2,0,0,0,0,2,2,2,2,1,0,1,2
27,5892.965,-376.093,-49.139,29.062,0.873712,-0.485482,0.030559,0.486164,0.873613,-0.021082,-0.016462,0.033277,0.999311,0,1.00000,-0.53333,60.000,-1.067,750.000,400.000,-1,400.000,-1,325.000,325.000,325.000,325.000,-1,-1,-1,-1,700.000,800.000,725.000,-1,1,0,2,0,2,0,0,0,0,2,2,2,2,1,0,1,2
28,5945.939,-347.919,-50.193,28.005,0.882500,-0.469273,0.031239,0.470005,0.882377,-0.022515,-0.016999,0.034552,0.999258,0,1.00000,-0.52819,60.000,-1.056,675.000,400.000,-1,400.000,-1,325.000,325.000,325.000,325.000,-1,-1,-1,-1,675.000,800.000,675.000,-1,1,0,2,0,2,0,0,0,0,2,2,2,2,1,0,1,2
29,5999.418,-320.716,-51.279,26.960,0.890903,-0.453084,0.031726,0.453859,0.890753,-0.023897,-0.017432,0.035689,0.999211,0,1.00000,-0.52252,60.000,-1.045,600.000,400.000,-1,400.000,-1,325.000,325.000,325.000,325.000,-1,-1,-1,-1,650.000,800.000,625.000,-1,1,0,2,0,2,0,0,0,0,2,2,2,2,1,0,1,2
30,6053.379,-294.482,-52.458,25.928,0.898928,-0.436946,0.031736,0.437745,0.898749,-0.025079,-0.017564,0.036437,0.999182,0,1.00000,-0.51630,60.000,-1.033,550.000,400.000,-1,400.000,-1,325.000,325.000,325.000,325.000,-1,-1,-1,-1,650.000,800.000,575.000,-1,1,0,2,0,2,0,0,0,0,2,2,2,2,1,0,1,2
31,6107.798,-269.211,-53.830,24.909,0.906543,-0.420894,0.032066,0.421711,0.906380,-0.025220,-0.018449,0.036386,0.999168,0,1.00000,-0.50951,60.000,-1.019,500.000,400.000,-1,400.000,-1,325.000,325.000,325.000,325.000,-1,-1,-1,-1,625.000,800.000,550.000,-1,1,0,2,0,2,0,0,0,0,2,2,2,2,1,0,1,2
32,6162.651,-244.899,-55.202,23.904,0.913763,-0.404945,0.032509,0.405782,0.913619,-0.025325,-0.019445,0.036333,0.999151,0,1.00000,-0.50213,60.000,-1.004,450.000,400.000,-1,400.000,-1,325.000,325.000,325.000,325.000,-1,-1,-1,-1,600.000,825.000,500.000,-1,1,0,2,0,2,0,0,0,0,2,2,2,2,1,0,1,2
33,6217.916,-221.536,-56.581,22.916,0.920589,-0.389126,0.033130,0.389991,0.920465,-0.025512,-0.020568,0.036407,0.999125,0,1.00000,-0.49414,60.000,-0.988,400.000,400.000,-1,400.000,1000.000,325.000,325.000,300.000,325.000,-1,-1,-1,-1,600.000,825.000,475.000,-1,1,0,2,0,1,0,0,0,0,2,2,2,2,1,0,1,2
34,6273.569,-199.113,-57.969,21.945,0.927023,-0.373468,0.033927,0.374370,0.926921,-0.025790,-0.021816,0.036609,0.999092,0,1.00000,-0.48553,60.000,-0.971,375.000,400.000,-1,400.000,975.000,325.000,325.000,300.000,325.000,-1,-1,-1,-1,575.000,800.000,425.000,-1,1,0,2,0,1,0,0,0,0,2,2,2,2,1,0,1,2
35,6329.587,-177.618,-59.342,20.993,0.933072,-0.358003,0.034783,0.358946,0.932993,-0.026100,-0.023109,0.036839,0.999054,0,1.00000,-0.47629,60.000,-0.953,325.000,400.000,-1,400.000,925.000,325.000,325.000,300.000,325.000,-1,-1,-1,-1,575.000,800.000,400.000,-1,1,0,2,0,1,0,0,0,0,2,2,2,2,1,0,1,2
36,6385.947,-157.038,-60.700,20.060,0.938743,-0.342763,0.035698,0.343749,0.938689,-0.026444,-0.024445,0.037096,0.999013,0,1.00000,-0.46640,60.000,-0.933,300.000,400.000,-1,400.000,875.000,325.000,325.000,300.000,325.000,-1,-1,-1,-1,550.000,800.000,375.000,975.000,1,0,2,0,1,0,0,1,0,2,2,2,2,1,0,1,1
37,6442.628,-137.357,-62.045,19.148,0.944042,-0.327780,0.036669,0.328812,0.944014,-0.026823,-0.025824,0.037379,0.998967,0,1.00000,-0.45587,60.000,-0.912,275.000,400.000,-1,400.000,825.000,325.000,325.000,300.000,325.000,-1,-1,-1,-1,550.000,800.000,350.000,925.000,1,0,2,0,1,0,0,1,0,2,2,2,2,1,1,1,1
38,6495.127,-120.303,-63.402,17.996,0.950412,-0.308732,0.037430,0.309817,0.950392,-0.027725,-0.027014,0.037947,0.998915,0,0.92000,-0.57587,55.200,-1.152,250.000,400.000,-1,400.000,800.000,325.000,325.000,275.000,325.000,-1,-1,-1,-1,550.000,750.000,325.000,875.000,1,0,2,0,1,0,0,1,0,2,2,2,2,1,1,1,1
39,6543.426,-105.900,-64.750,16.604,0.957597,-0.285549,0.038337,0.286703,0.957583,-0.028909,-0.028456,0.038675,0.998847,0,0.84000,-0.69587,50.400,-1.392,225.000,400.000,-1,400.000,750.000,325.000,325.000,250.000,325.000,-1,-1,-1,-1,550.000,725.000,325.000,825.000,1,0,2,0,1,0,0,1,0,2,2,2,2,1,1,1,1
40,6591.186,-93.127,-66.114,14.973,0.965303,-0.258159,0.039289,0.259388,0.965301,-0.030196,-0.030130,0.039339,0.998772,0,0.82398,-0.81587,49.439,-1.632,225.000,400.000,1000.000,400.000,700.000,325.000,325.000,250.000,325.000,-1,-1,-1,-1,550.000,675.000,325.000,775.000,1,0,1,0,1,0,0,1,0,2,2,2,2,1,1,1,1
41,6638.954,-81.861,-67.649,13.271,0.972525,-0.229380,0.039758,0.230654,0.972539,-0.031100,-0.031533,0.039416,0.998725,0,0.81796,-0.85084,49.078,-1.702,225.000,400.000,950.000,400.000,650.000,325.000,325.000,225.000,325.000,-1,-1,-1,-1,575.000,650.000,325.000,725.000,1,0,1,0,1,0,0,1,0,2,2,2,2,1,1,1,1
42,6686.600,-72.084,-69.429,11.596,0.978791,-0.200857,0.040305,0.202153,0.978859,-0.031144,-0.033197,0.038632,0.998702,0,0.81065,-0.83761,48.639,-1.675,225.000,400.000,875.000,400.000,600.000,325.000,325.000,225.000,325.000,-1,-1,-1,-1,600.000,625.000,325.000,700.000,1,0,1,0,1,0,0,1,0,2,2,2,2,1,1,1,1
43,6734.016,-63.769,-71.234,9.947,0.984139,-0.172618,0.040899,0.173938,0.984260,-0.031258,-0.034859,0.037877,0.998674,0,0.80231,-0.82429,48.139,-1.649,225.000,400.000,825.000,400.000,550.000,325.000,325.000,200.000,300.000,-1,-1,-1,-1,600.000,575.000,350.000,650.000,1,0,1,0,1,0,0,1,0,2,2,2,2,1,1,1,1
44,6781.102,-56.887,-73.059,8.316,0.988628,-0.144535,0.041531,0.145881,0.988802,-0.031439,-0.036522,0.037140,0.998642,0,0.79310,-0.81557,47.586,-1.631,250.000,400.000,775.000,400.000,525.000,325.000,325.000,200.000,300.000,-1,-1,-1,-1,600.000,550.000,375.000,600.000,1,0,1,0,1,0,0,1,1,2,2,2,2,1,1,1,1
45,6827.770,-51.414,-74.902,6.689,0.992305,-0.116404,0.042193,0.117778,0.992534,-0.031684,-0.038190,0.036409,0.998607,0,0.78313,-0.81353,46.988,-1.627,250.000,400.000,700.000,400.000,475.000,325.000,325.000,175.000,300.000,-1,-1,-1,-1,575.000,525.000,400.000,550.000,1,0,1,0,1,0,0,1,1,2,2,2,2,1,1,1,1
46,6879.337,-46.629,-76.996,5.302,0.994804,-0.092346,0.042871,0.093756,0.995076,-0.032144,-0.039691,0.035997,0.998563,0,0.86313,-0.69353,51.788,-1.387,250.000,400.000,650.000,400.000,425.000,325.000,325.000,175.000,275.000,-1,-1,-1,-1,525.000,475.000,425.000,500.000,1,0,1,1,1,0,0,1,1,2,2,2,2,1,1,1,1
47,6935.777,-42.529,-79.322,4.155,0.996422,-0.072408,0.043598,0.073863,0.996731,-0.032742,-0.041085,0.035845,0.998512,0,0.94313,-0.57353,56.588,-1.147,275.000,375.000,600.000,350.000,400.000,325.000,325.000,175.000,250.000,-1,-1,-1,-1,475.000,425.000,425.000,450.000,1,1,1,1,1,1,1,1,1,2,2,2,2,1,1,1,1
48,6994.705,-39.185,-81.769,3.248,0.997409,-0.056620,0.044371,0.058125,0.997751,-0.033396,-0.042380,0.035888,0.998457,0,0.98371,-0.45353,59.023,-0.907,275.000,325.000,525.000,325.000,350.000,300.000,300.000,175.000,250.000,-1,-1,-1,-1,425.000,400.000,400.000,400.000,1,1,1,1,1,1,1,1,1,2,2,2,2,1,1,1,1
49,7052.993,-36.558,-84.203,2.581,0.997966,-0.045000,0.045144,0.046557,0.998335,-0.034061,-0.043536,0.036093,0.998400,0,0.97245,-0.33353,58.347,-0.667,275.000,300.000,475.000,275.000,300.000,250.000,250.000,175.000,225.000,-1,-1,-1,-1,375.000,350.000,350.000,350.000,1,1,1,1,1,1,1,1,1,2,2,2,2,1,1,1,1
50,7110.679,-34.409,-86.622,2.133,0.998253,-0.037199,0.045913,0.038811,0.998643,-0.034727,-0.044559,0.036448,0.998342,0,0.96210,-0.22381,57.726,-0.448,275.000,250.000,400.000,250.000,275.000,225.000,225.000,175.000,225.000,-1,-1,-1,-1,325.000,300.000,325.000,300.000,1,1,1,1,1,1,1,1,1,2,2,2,2,1,1,1,1
51,7167.823,-32.730,-89.029,1.683,0.998479,-0.029347,0.046682,0.031014,0.998892,-0.035400,-0.045592,0.036794,0.998282,0,0.95280,-0.22522,57.168,-0.450,225.000,225.000,350.000,225.000,225.000,200.000,200.000,175.000,200.000,400.000,-1,-1,-1,275.000,250.000,275.000,250.000,1,1,1,1,1,1,1,1,1,1,2,2,2,1,1,1,1
52,7227.813,-31.692,-89.465,0.992,0.999029,-0.017310,0.040524,0.018607,0.999320,-0.031827,-0.039945,0.032550,0.998672,0,1.00000,-0.34522,60.000,-0.690,200.000,200.000,300.000,175.000,175.000,175.000,175.000,175.000,200.000,325.000,-1,-1,-1,250.000,225.000,225.000,200.000,1,1,1,1,1,1,1,1,1,1,2,2,2,1,1,1,1
53,7287.811,-31.624,-78.949,0.062,0.999999,-0.001081,-0.001116,0.001044,0.999474,-0.032406,0.001151,0.032404,0.999474,0,1.00000,-0.46522,60.000,-0.930,225.000,200.000,325.000,200.000,200.000,175.000,175.000,175.000,225.000,275.000,250.000,250.000,-1,250.000,250.000,225.000,200.000,1,1,1,1,1,1,1,1,1,1,0,0,2,1,1,1,1
54,8199.152,-9511.018,-459.387,-162.208,-0.951685,0.305507,0.030994,-0.305925,-0.952006,-0.009671,0.026552,-0.018685,0.999473,1,0.00000,0.00000,60.000,-0.928,-1,375.000,-1,400.000,-1,325.000,325.000,300.000,300.000,-1,650.000,625.000,-1,675.000,725.000,-1,-1,2,0,2,0,2,0,0,0,0,2,0,0,2,0,0,2,2
55,8194.588,-9512.504,-459.266,-161.968,-0.950395,0.309493,0.031036,-0.309909,-0.950718,-0.009537,0.026555,-0.018682,0.999473,0,0.08000,0.12000,4.800,0.240,-1,375.000,-1,400.000,-1,325.000,325.000,300.000,300.000,-1,650.000,625.000,-1,675.000,725.000,-1,-1,2,0,2,0,2,0,0,0,0,2,0,0,2,0,0,2,2
56,8185.484,-9515.552,-459.027,-161.488,-0.947766,0.317446,0.031116,-0.317860,-0.948092,-0.009264,0.026560,-0.018671,0.999473,0,0.16000,0.24000,9.600,0.480,-1,375.000,-1,400.000,-1,325.000,325.000,300.000,300.000,-1,650.000,625.000,-1,675.000,725.000,-1,-1,2,0,2,0,2,0,0,0,0,2,0,0,2,0,0,2,2
57,8171.888,-9520.295,-458.672,-160.768,-0.943697,0.329335,0.031226,-0.329744,-0.944029,-0.008842,0.026566,-0.018641,0.999473,0,0.24000,0.36000,14.400,0.720,-1,375.000,-1,400.000,-1,325.000,325.000,300.000,300.000,-1,650.000,625.000,-1,675.000,725.000,-1,-1,2,0,2,0,2,0,0,0,0,2,0,0,2,0,0,2,2
58,8153.868,-9526.922,-458.206,-159.808,-0.938040,0.345106,0.031352,-0.345507,-0.938380,-0.008258,0.026570,-0.018579,0.999474,0,0.32000,0.48000,19.200,0.960,-1,375.000,-1,400.000,-1,325.000,325.000,300.000,300.000,-1,650.000,625.000,-1,675.000,700.000,-1,-1,2,0,2,0,2,0,0,0,0,2,0,0,2,0,0,2,2
59,8131.522,-9535.676,-457.635,-158.608,-0.930600,0.364683,0.031475,-0.365073,-0.930949,-0.007494,0.026568,-0.018465,0.999476,0,0.40000,0.60000,24.000,1.200,-1,375.000,-1,400.000,-1,300.000,325.000,300.000,300.000,-1,675.000,625.000,-1,675.000,700.000,-1,1000.000,2,0,2,0,2,0,0,0,0,2,0,0,2,0,0,2,1
60,8104.978,-9546.851,-456.966,-157.168,-0.921134,0.387964,0.031570,-0.388339,-0.921493,-0.006533,0.026557,-0.018277,0.999480,0,0.48000,0.72000,28.800,1.440,-1,375.000,-1,375.000,1000.000,300.000,325.000,300.000,300.000,-1,675.000,650.000,-1,675.000,700.000,-1,975.000,2,0,2,0,1,0,0,0,0,2,0,0,2,0,0,2,1
61,8074.398,-9560.772,-456.207,-155.524,-0.909616,0.414247,0.031609,-0.414602,-0.909987,-0.005353,0.026546,-0.017974,0.999486,0,0.56000,0.82210,33.600,1.644,-1,375.000,-1,375.000,950.000,300.000,325.000,300.000,300.000,-1,675.000,650.000,-1,675.000,700.000,-1,950.000,2,0,2,0,1,0,0,0,0,2,0,0,2,0,0,2,1
62,8039.914,-9577.668,-455.354,-153.898,-0.897486,0.439911,0.031584,-0.440239,-0.897872,-0.003938,0.026626,-0.017439,0.999493,0,0.64000,0.81319,38.400,1.626,-1,375.000,-1,375.000,900.000,300.000,300.000,300.000,300.000,-1,700.000,675.000,-1,675.000,675.000,-1,900.000,2,0,2,0,1,0,0,0,0,2,0,0,2,0,0,2,1
63,8001.668,-9597.754,-454.147,-152.292,-0.884780,0.464891,0.032263,-0.465216,-0.885192,-0.002973,0.027177,-0.017639,0.999475,0,0.72000,0.80266,43.200,1.605,-1,375.000,-1,375.000,850.000,300.000,300.000,300.000,300.000,-1,700.000,675.000,-1,650.000,675.000,-1,875.000,2,0,2,0,1,0,0,0,0,2,0,0,2,0,0,2,1
64,7959.804,-9621.236,-452.661,-150.712,-0.871574,0.489125,0.033410,-0.489462,-0.872022,-0.002223,0.028047,-0.018290,0.999439,0,0.80000,0.79032,48.000,1.581,-1,375.000,-1,375.000,800.000,300.000,300.000,300.000,300.000,-1,725.000,650.000,-1,650.000,675.000,-1,825.000,2,0,2,0,1,0,0,0,0,2,0,0,2,0,0,2,1
65,7914.470,-9648.304,-450.882,-149.160,-0.857928,0.512551,0.035371,-0.512917,-0.858437,-0.001508,0.029590,-0.019436,0.999373,0,0.88000,0.77595,52.800,1.552,-1,375.000,-1,375.000,775.000,300.000,300.000,300.000,300.000,-1,700.000,600.000,-1,650.000,675.000,-1,800.000,2,0,2,0,1,0,0,0,0,2,0,0,2,0,0,2,1
66,7865.814,-9679.133,-448.899,-147.641,-0.843939,0.535109,0.037762,-0.535510,-0.844529,-0.000617,0.031561,-0.020743,0.999287,0,0.96000,0.75937,57.600,1.519,-1,375.000,-1,375.000,725.000,300.000,300.000,300.000,300.000,-1,650.000,550.000,-1,650.000,675.000,-1,750.000,2,0,2,0,1,0,0,0,0,2,0,0,2,0,0,2,1
67,7816.169,-9712.418,-446.864,-146.160,-0.829715,0.556738,0.040188,-0.557171,-0.830398,0.000529,0.033667,-0.021953,0.999192,0,0.99618,0.74034,59.771,1.481,-1,375.000,-1,375.000,675.000,300.000,300.000,300.000,300.000,-1,600.000,525.000,-1,675.000,675.000,-1,725.000,2,0,2,0,1,0,0,0,0,2,0,0,2,0,1,2,1
68,7771.183,-9744.012,-444.976,-144.920,-0.817362,0.574577,0.042197,-0.575026,-0.818133,0.001811,0.035563,-0.022784,0.999108,0,0.91618,0.62034,54.971,1.241,-1,375.000,-1,375.000,625.000,300.000,300.000,300.000,300.000,-1,575.000,500.000,-1,675.000,650.000,-1,675.000,2,0,2,0,1,0,0,0,0,2,0,0,2,0,1,2,1
69,7730.636,-9773.559,-443.112,-143.919,-0.807122,0.588778,0.043530,-0.589207,-0.807974,0.003552,0.037262,-0.022782,0.999046,0,0.83618,0.50034,50.171,1.001,-1,375.000,-1,375.000,600.000,300.000,300.000,300.000,300.000,-1,550.000,500.000,-1,675.000,625.000,-1,650.000,2,0,2,0,1,0,0,0,0,2,0,0,2,0,1,2,1
70,7694.325,-9800.764,-441.380,-143.158,-0.799159,0.599457,0.044672,-0.599851,-0.800093,0.005474,0.039023,-0.022422,0.998987,0,0.75618,0.38034,45.371,0.761,-1,375.000,-1,375.000,575.000,300.000,300.000,300.000,300.000,-1,550.000,500.000,-1,675.000,600.000,-1,600.000,2,0,2,0,1,0,0,0,0,2,0,0,2,0,1,2,1
71,7662.079,-9825.384,-439.831,-142.637,-0.793613,0.606710,0.045635,-0.607064,-0.794620,0.007240,0.040655,-0.021958,0.998932,0,0.67618,0.26034,40.571,0.521,-1,375.000,-1,375.000,525.000,300.000,300.000,300.000,300.000,-1,525.000,475.000,-1,675.000,575.000,-1,575.000,2,0,2,0,1,0,0,0,0,2,0,0,2,0,1,2,1
72,7633.754,-9847.231,-438.459,-142.357,-0.790574,0.610603,0.046448,-0.610913,-0.791648,0.008851,0.042175,-0.021379,0.998881,0,0.59618,0.14034,35.771,0.281,-1,375.000,-1,375.000,500.000,300.000,325.000,300.000,300.000,-1,525.000,475.000,-1,675.000,550.000,-1,550.000,2,0,2,0,1,0,0,0,0,2,0,0,2,0,1,2,1
73,7609.243,-9866.164,-437.199,-142.316,-0.790089,0.611177,0.047140,-0.611426,-0.791230,0.010611,0.043783,-0.020439,0.998832,0,0.51618,0.02034,30.971,0.041,-1,375.000,-1,375.000,475.000,300.000,325.000,300.000,300.000,-1,525.000,475.000,-1,700.000,550.000,-1,525.000,2,0,2,0,1,0,0,0,0,2,0,0,2,0,1,2,1
74,7588.476,-9882.090,-436.127,-142.515,-0.792169,0.608432,0.047726,-0.608623,-0.793367,0.012103,0.045228,-0.019459,0.998787,0,0.43618,-0.09966,26.171,-0.199,-1,375.000,-1,375.000,475.000,300.000,325.000,300.000,300.000,-1,525.000,475.000,-1,700.000,525.000,-1,500.000,2,0,2,0,1,0,0,0,0,2,0,0,2,0,1,2,1
75,7571.418,-9894.965,-435.245,-142.955,-0.796779,0.602343,0.048223,-0.602478,-0.798024,0.013321,0.046507,-0.018439,0.998748,0,0.35618,-0.21966,21.371,-0.439,-1,375.000,-1,375.000,450.000,325.000,325.000,300.000,300.000,-1,525.000,450.000,-1,700.000,525.000,-1,475.000,2,0,2,0,1,0,0,0,0,2,0,0,2,0,1,2,1
76,7558.074,-9904.791,-434.492,-143.634,-0.803845,0.592848,0.048631,-0.592945,-0.805122,0.013968,0.047435,-0.017607,0.998719,0,0.27618,-0.33966,16.571,-0.679,-1,375.000,-1,375.000,425.000,325.000,325.000,300.000,300.000,-1,525.000,475.000,-1,700.000,500.000,-1,475.000,2,0,2,0,1,0,0,0,0,2,0,0,2,0,1,2,1
77,7548.484,-9911.617,-433.917,-144.553,-0.813243,0.579862,0.048951,-0.579930,-0.814541,0.014257,0.048139,-0.016794,0.998699,0,0.19618,-0.45966,11.771,-0.919,-1,375.000,-1,375.000,425.000,325.000,325.000,300.000,300.000,-1,550.000,475.000,-1,700.000,500.000,-1,450.000,2,0,2,0,1,0,0,0,0,2,0,0,2,0,1,2,1
78,7542.724,-9915.544,-433.565,-145.713,-0.824806,0.563272,0.049184,-0.563312,-0.826119,0.014378,0.048731,-0.015847,0.998686,0,0.11618,-0.57966,6.971,-1.159,-1,375.000,-1,375.000,425.000,325.000,325.000,300.000,300.000,-1,550.000,475.000,-1,700.000,475.000,-1,450.000,2,0,2,0,1,0,0,0,0,2,0,0,2,0,1,2,1
79,7540.901,-9916.723,-433.441,-147.112,-0.838322,0.542939,0.049326,-0.542951,-0.839642,0.014334,0.049198,-0.014765,0.998680,0,0.03618,-0.69966,2.171,-1.399,-1,375.000,-1,375.000,425.000,325.000,325.000,300.000,300.000,-1,575.000,500.000,-1,700.000,475.000,-1,450.000,2,0,2,1,1,0,0,0,0,2,0,0,2,0,1,2,1
80,7543.149,-9915.359,-433.549,-148.751,-0.853527,0.518706,0.049364,-0.518690,-0.854846,0.014129,0.049527,-0.013545,0.998681,0,-0.04382,-0.81966,-2.629,-1.639,-1,375.000,-1,375.000,425.000,325.000,325.000,300.000,300.000,-1,575.000,525.000,-1,700.000,475.000,-1,450.000,2,0,2,1,1,0,0,0,0,2,0,0,2,1,1,2,1
81,7549.623,-9911.716,-433.895,-150.631,-0.870102,0.490401,0.049286,-0.490359,-0.871412,0.013771,0.049702,-0.012185,0.998690,0,-0.12382,-0.93966,-7.429,-1.879,-1,375.000,-1,375.000,425.000,325.000,325.000,300.000,300.000,-1,575.000,525.000,-1,700.000,475.000,-1,450.000,2,0,2,1,1,0,0,0,0,2,0,0,2,1,1,2,1
82,7560.483,-9906.094,-434.484,-152.631,-0.886719,0.459698,0.049070,-0.459632,-0.888010,0.013281,0.049680,-0.010777,0.998707,0,-0.20382,-1.00000,-12.229,-2.000,-1,375.000,-1,375.000,450.000,325.000,325.000,300.000,300.000,-1,575.000,550.000,-1,675.000,475.000,-1,450.000,2,0,2,0,1,0,0,0,0,2,0,0,2,1,1,2,1
83,7575.869,-9898.797,-435.320,-154.631,-0.902260,0.428433,0.048702,-0.428349,-0.903525,0.012684,0.049437,-0.009417,0.998733,0,-0.28382,-1.00000,-17.029,-2.000,-1,375.000,975.000,375.000,475.000,325.000,325.000,300.000,300.000,-1,575.000,550.000,-1,675.000,475.000,-1,475.000,2,0,1,0,1,0,0,0,0,2,0,0,2,1,1,2,1
84,7592.827,-9891.470,-436.235,-156.631,-0.916703,0.396644,0.048260,-0.396542,-0.917937,0.012074,0.049089,-0.008069,0.998762,0,-0.30788,-1.00000,-18.473,-2.000,-1,375.000,875.000,375.000,475.000,325.000,325.000,300.000,300.000,-1,600.000,575.000,-1,675.000,500.000,-1,500.000,2,0,1,0,1,0,0,0,0,2,0,0,2,1,1,2,1
85,7610.001,-9884.750,-437.156,-158.631,-0.930027,0.364370,0.047785,-0.364251,-0.931230,0.011494,0.048687,-0.006716,0.998792,0,-0.30736,-1.00000,-18.441,-2.000,-1,375.000,850.000,375.000,500.000,325.000,325.000,300.000,300.000,-1,600.000,600.000,-1,675.000,500.000,-1,500.000,2,0,1,0,1,0,0,0,0,2,0,0,2,1,1,2,1
86,7627.405,-9878.632,-438.085,-160.631,-0.942216,0.331652,0.047278,-0.331514,-0.943387,0.010946,0.048232,-0.005360,0.998822,0,-0.30747,-1.00000,-18.448,-2.000,-1,375.000,825.000,375.000,525.000,325.000,325.000,300.000,300.000,-1,600.000,600.000,-1,650.000,500.000,-1,525.000,2,0,1,0,1,0,0,0,0,2,0,0,2,1,1,2,1
87,7645.054,-9873.111,-439.021,-162.631,-0.953256,0.298528,0.046742,-0.298372,-0.954393,0.010433,0.047725,-0.004001,0.998853,0,-0.30820,-1.00000,-18.492,-2.000,-1,375.000,800.000,375.000,550.000,325.000,325.000,300.000,300.000,-1,625.000,600.000,-1,650.000,525.000,-1,550.000,2,0,1,0,1,0,0,0,0,2,0,0,2,1,1,2,1
88,7662.962,-9868.189,-439.967,-164.631,-0.963131,0.265039,0.046177,-0.264865,-0.964234,0.009957,0.047165,-0.002641,0.998884,0,-0.30953,-1.00000,-18.572,-2.000,-1,375.000,775.000,375.000,575.000,325.000,325.000,300.000,300.000,-1,625.000,625.000,-1,650.000,525.000,-1,575.000,2,0,1,0,1,0,0,0,0,2,0,0,2,1,1,2,1
89,7681.142,-9863.868,-440.923,-166.631,-0.971831,0.231227,0.045587,-0.231035,-0.972899,0.009521,0.046553,-0.001280,0.998915,0,-0.31144,-1.00000,-18.686,-2.000,-1,375.000,775.000,375.000,625.000,300.000,325.000,300.000,300.000,-1,650.000,625.000,-1,650.000,550.000,-1,600.000,2,0,1,0,1,0,0,0,0,2,0,0,2,1,1,2,1
90,7699.605,-9860.155,-441.889,-168.631,-0.979345,0.197133,0.044974,-0.196922,-0.980377,0.009125,0.045890,0.000081,0.998946,0,-0.31388,-1.00000,-18.833,-2.000,-1,375.000,800.000,375.000,650.000,300.000,325.000,300.000,300.000,-1,650.000,650.000,-1,650.000,575.000,925.000,625.000,2,0,1,0,1,0,0,0,0,2,0,0,2,1,1,1,1
91,7718.363,-9857.060,-442.867,-170.631,-0.985663,0.162798,0.044340,-0.162568,-0.986658,0.008774,0.045177,0.001440,0.998978,0,-0.31686,-1.00000,-19.011,-2.000,-1,375.000,800.000,375.000,675.000,300.000,300.000,300.000,300.000,-1,675.000,650.000,-1,650.000,575.000,875.000,650.000,2,0,1,0,1,0,0,0,0,2,0,0,2,1,1,1,1
92,7732.457,-9855.238,-443.602,-172.631,-0.990770,0.128264,0.043849,-0.128010,-0.991736,0.008576,0.044587,0.002884,0.999001,0,-0.23686,-1.00000,-14.211,-2.000,-1,375.000,800.000,375.000,725.000,300.000,300.000,300.000,300.000,-1,700.000,675.000,-1,650.000,600.000,850.000,675.000,2,0,1,0,1,0,0,0,0,2,0,0,2,1,1,1,1
93,7741.827,-9854.357,-444.071,-174.631,-0.994658,0.093575,0.043573,-0.093286,-0.995602,0.008618,0.044188,0.004507,0.999013,0,-0.15686,-1.00000,-9.411,-2.000,-1,375.000,800.000,375.000,750.000,300.000,300.000,300.000,300.000,-1,725.000,675.000,-1,650.000,600.000,825.000,675.000,2,0,1,0,1,0,0,0,0,2,0,0,2,1,1,1,1
94,7746.431,-9854.086,-444.309,-176.631,-0.997326,0.058771,0.043426,-0.058445,-0.998252,0.008733,0.043863,0.006172,0.999018,0,-0.07686,-1.00000,-4.611,-2.000,-1,375.000,800.000,375.000,800.000,300.000,300.000,300.000,300.000,-1,725.000,675.000,-1,650.000,625.000,800.000,700.000,2,0,1,0,1,0,0,0,0,2,0,0,2,1,1,1,1
95,7746.242,-9854.091,-444.317,-178.631,-0.998772,0.023897,0.043407,-0.023531,-0.999683,0.008908,0.043606,0.007876,0.999018,0,0.00314,-1.00000,0.189,-2.000,1000.000,375.000,800.000,375.000,825.000,300.000,325.000,300.000,300.000,-1,750.000,700.000,-1,625.000,625.000,775.000,725.000,1,0,1,0,1,0,0,0,0,2,0,0,2,1,1,1,1
96,7741.254,-9854.037,-444.096,-180.631,-0.998992,-0.011006,0.043513,0.011414,-0.999893,0.009132,0.043408,0.009619,0.999011,0,0.08314,-1.00000,4.989,-2.000,900.000,375.000,775.000,375.000,850.000,300.000,325.000,300.000,300.000,-1,775.000,700.000,-1,625.000,625.000,750.000,725.000,1,0,1,0,1,0,0,0,0,2,0,0,2,1,1,1,1
97,7731.475,-9853.588,-443.650,-182.631,-0.997988,-0.045894,0.043741,0.046347,-0.998881,0.009389,0.043261,0.011398,0.998999,0,0.16314,-1.00000,9.789,-2.000,825.000,375.000,775.000,375.000,900.000,300.000,325.000,300.000,300.000,-1,800.000,725.000,-1,600.000,625.000,725.000,750.000,1,0,1,0,1,0,0,0,0,2,0,0,2,1,1,1,1
98,7716.934,-9852.410,-442.983,-184.631,-0.995761,-0.080725,0.044086,0.081225,-0.996649,0.009669,0.043157,0.013209,0.998981,0,0.24314,-1.00000,14.589,-2.000,775.000,375.000,750.000,375.000,925.000,300.000,325.000,300.000,300.000,-1,825.000,725.000,-1,600.000,625.000,675.000,750.000,1,0,1,0,1,0,0,0,0,2,0,0,2,1,1,1,1
99,7697.675,-9850.175,-442.099,-186.621,-0.992334,-0.115281,0.044541,0.115831,-0.993219,0.009958,0.043091,0.015041,0.998958,0,0.32314,-0.99497,19.389,-1.990,725.000,375.000,725.000,375.000,-1,300.000,325.000,300.000,300.000,-1,825.000,750.000,-1,575.000,625.000,650.000,750.000,1,0,1,0,2,0,0,0,0,2,0,0,2,1,1,1,1
100,7673.757,-9846.561,-441.005,-188.593,-0.987748,-0.149397,0.045101,0.149998,-0.988633,0.010241,0.043058,0.016881,0.998930,0,0.40314,-0.98630,24.189,-1.973,675.000,375.000,725.000,375.000,-1,325.000,325.000,300.000,300.000,-1,850.000,775.000,-1,550.000,600.000,625.000,750.000,1,0,1,0,2,0,0,0,0,2,0,0,2,1,1,1,1
101,7645.258,-9841.256,-439.708,-190.547,-0.982045,-0.183011,0.045759,0.183666,-0.982933,0.010508,0.043055,0.018723,0.998897,0,0.48314,-0.97692,28.989,-1.954,625.000,375.000,700.000,375.000,-1,325.000,325.000,300.000,300.000,-1,875.000,775.000,-1,525.000,600.000,575.000,750.000,1,0,1,0,2,0,0,0,0,2,0,0,2,1,1,1,1
102,7612.268,-9833.954,-438.217,-192.480,-0.975272,-0.216058,0.046507,0.216768,-0.976164,0.010745,0.043077,0.020561,0.998860,0,0.56314,-0.96662,33.789,-1.933,575.000,375.000,650.000,375.000,-1,325.000,325.000,300.000,300.000,-1,900.000,800.000,-1,500.000,575.000,525.000,750.000,1,0,1,0,2,0,0,0,0,2,0,0,2,1,1,1,1
103,7574.905,-9824.306,-436.496,-194.480,-0.967087,-0.249985,0.047434,0.250746,-0.967993,0.010733,0.043233,0.022274,0.998817,0,0.64314,-1.00000,38.589,-2.000,500.000,375.000,625.000,375.000,-1,325.000,325.000,300.000,300.000,-1,875.000,800.000,-1,475.000,575.000,500.000,750.000,1,0,1,0,2,0,0,0,0,2,0,0,2,1,1,1,1
104,7533.295,-9812.007,-434.459,-196.467,-0.957770,-0.283382,0.048686,0.284172,-0.958721,0.010012,0.043839,0.023424,0.998764,0,0.72314,-0.99326,43.389,-1.987,450.000,375.000,600.000,375.000,-1,325.000,325.000,300.000,300.000,-1,850.000,800.000,-1,450.000,550.000,450.000,750.000,1,1,1,0,2,0,0,0,0,2,0,0,2,1,1,1,1
105,7487.578,-9796.772,-432.244,-198.431,-0.947421,-0.316063,0.049984,0.316877,-0.948423,0.009100,0.044530,0.024460,0.998709,0,0.80314,-0.98194,48.189,-1.964,400.000,325.000,550.000,375.000,-1,325.000,325.000,300.000,300.000,-1,825.000,800.000,-1,400.000,525.000,400.000,750.000,1,1,1,0,2,1,0,0,0,2,0,0,2,1,1,1,1
106,7437.902,-9778.330,-429.864,-200.369,-0.936109,-0.347947,0.051316,0.348779,-0.937171,0.007975,0.045316,0.025363,0.998651,0,0.88314,-0.96897,52.989,-1.938,350.000,300.000,525.000,375.000,-1,300.000,325.000,300.000,300.000,-1,800.000,775.000,-1,375.000,500.000,325.000,-1,1,1,1,0,2,1,1,0,0,2,0,0,2,1,1,1,2
107,7387.282,-9757.593,-427.466,-202.277,-0.923922,-0.378949,0.052592,0.379790,-0.925049,0.006669,0.046123,0.026136,0.998594,0,0.91170,-0.95397,54.702,-1.908,275.000,275.000,500.000,375.000,-1,275.000,300.000,300.000,300.000,-1,775.000,750.000,-1,325.000,500.000,275.000,-1,1,1,1,1,2,1,1,0,0,2,0,0,2,1,1,1,2
108,7336.592,-9734.865,-425.009,-204.150,-0.910963,-0.408981,0.053674,0.409841,-0.912140,0.005629,0.046656,0.027126,0.998543,0,0.92588,-0.93685,55.553,-1.874,225.000,250.000,475.000,350.000,-1,250.000,275.000,300.000,300.000,-1,775.000,750.000,-1,300.000,475.000,225.000,-1,1,1,1,1,2,1,1,0,0,2,0,0,2,1,1,1,2
109,7285.930,-9710.177,-420.990,-205.985,-0.896931,-0.437878,0.061465,0.439157,-0.898371,0.008403,0.051539,0.034530,0.998074,0,0.93927,-0.91746,56.356,-1.835,175.000,225.000,450.000,325.000,-1,225.000,250.000,300.000,300.000,-1,650.000,600.000,-1,250.000,475.000,175.000,-1,1,1,1,1,2,1,1,0,0,2,0,0,2,1,1,1,2
110,7235.395,-9683.588,-411.690,-207.776,-0.880175,-0.465076,0.094851,0.468906,-0.882979,0.021784,0.073620,0.063650,0.995253,0,0.95164,-0.89558,57.098,-1.791,175.000,225.000,575.000,325.000,-1,200.000,250.000,375.000,275.000,-1,350.000,225.000,1000.000,250.000,550.000,175.000,-1,1,1,1,1,2,1,1,0,0,2,0,0,0,1,1,1,2
111,7183.060,-9654.233,-401.952,-209.328,-0.863217,-0.487625,0.130684,0.495462,-0.867962,0.034061,0.096820,0.094151,0.990839,0,1.00000,-0.77558,60.000,-1.551,175.000,200.000,-1,350.000,-1,200.000,275.000,400.000,250.000,-1,250.000,125.000,625.000,250.000,925.000,175.000,-1,1,1,2,1,2,1,1,1,0,2,0,0,0,1,0,1,2
112,7131.400,-9623.700,-392.146,-210.639,-0.846429,-0.505648,0.166970,0.518844,-0.853689,0.044908,0.119833,0.124643,0.984939,0,1.00000,-0.65558,60.000,-1.311,175.000,225.000,-1,375.000,-1,225.000,275.000,400.000,250.000,-1,225.000,75.000,425.000,275.000,-1,150.000,-1,1,1,2,1,2,1,1,1,0,2,0,0,0,1,2,1,2
113,7080.311,-9592.218,-382.116,-211.710,-0.830142,-0.519283,0.203000,0.539100,-0.840469,0.054622,0.142251,0.154781,0.977654,0,1.00000,-0.53558,60.000,-1.071,150.000,225.000,-1,450.000,-1,225.000,300.000,400.000,225.000,-1,200.000,50.000,325.000,300.000,-1,150.000,-1,1,1,2,1,2,1,1,1,0,2,0,0,0,1,2,1,2
114,-327.967,1639.830,32.724,-121.206,-0.517726,0.855297,0.020664,-0.854977,-0.518112,0.023954,0.031194,-0.005265,0.999499,1,0.00000,0.00000,60.000,-0.831,-1,400.000,-1,400.000,-1,325.000,325.000,300.000,300.000,575.000,525.000,450.000,-1,725.000,775.000,-1,-1,2,0,2,0,2,0,0,0,0,1,1,1,2,0,0,2,2
115,-325.463,1643.925,32.570,-121.446,-0.521306,0.853120,0.020656,-0.852800,-0.521690,0.023902,0.031167,-0.005156,0.999501,0,-0.08000,-0.12000,-4.800,-0.240,-1,400.000,-1,400.000,-1,325.000,325.000,300.000,300.000,575.000,525.000,450.000,-1,725.000,775.000,-1,-1,2,0,2,0,2,0,0,0,0,1,1,1,2,0,0,2,2
116,-320.386,1652.072,32.261,-121.926,-0.528439,0.848720,0.020639,-0.848401,-0.528819,0.023800,0.031114,-0.004934,0.999504,0,-0.16000,-0.24000,-9.600,-0.480,-1,400.000,-1,400.000,-1,325.000,325.000,300.000,300.000,575.000,525.000,425.000,-1,725.000,775.000,-1,-1,2,0,2,0,2,0,0,0,0,1,1,1,2,0,0,2,2
117,-312.618,1664.198,31.793,-122.646,-0.539069,0.842009,0.020608,-0.841689,-0.539444,0.023654,0.031033,-0.004594,0.999508,0,-0.24000,-0.36000,-14.400,-0.720,-1,400.000,-1,400.000,-1,325.000,325.000,300.000,300.000,550.000,500.000,425.000,-1,725.000,775.000,-1,-1,2,0,2,0,2,0,0,0,0,1,1,1,2,0,0,2,2
118,-301.991,1680.188,31.165,-123.606,-0.553110,0.832855,0.020555,-0.832534,-0.553476,0.023472,0.030925,-0.004130,0.999513,0,-0.32000,-0.48000,-19.200,-0.960,-1,400.000,-1,400.000,-1,325.000,325.000,300.000,300.000,550.000,500.000,425.000,-1,725.000,775.000,-1,-1,2,0,2,0,2,0,0,0,0,1,1,1,2,0,0,2,2
119,-288.292,1699.895,30.383,-124.806,-0.570441,0.821083,0.020487,-0.820762,-0.570798,0.023210,0.030751,-0.003575,0.999521,0,-0.40000,-0.60000,-24.000,-1.200,-1,375.000,-1,400.000,-1,325.000,325.000,300.000,300.000,525.000,475.000,400.000,-1,725.000,775.000,-1,-1,2,0,2,0,2,0,0,0,0,1,1,1,2,0,0,2,2
120,-271.264,1723.121,29.433,-126.246,-0.590909,0.806481,0.020379,-0.806160,-0.591253,0.022924,0.030537,-0.002883,0.999529,0,-0.48000,-0.72000,-28.800,-1.440,-1,375.000,-1,400.000,-1,325.000,325.000,300.000,300.000,525.000,475.000,375.000,-1,725.000,775.000,-1,-1,2,0,2,0,2,0,0,0,0,1,1,1,2,0,0,2,2
121,-252.943,1746.634,28.437,-127.926,-0.614314,0.788802,0.020251,-0.788479,-0.614644,0.022668,0.030328,-0.002043,0.999538,0,-0.49680,-0.84000,-29.808,-1.680,-1,375.000,-1,400.000,-1,325.000,325.000,300.000,300.000,500.000,475.000,375.000,-1,725.000,775.000,-1,-1,2,0,2,0,2,0,0,0,0,1,1,1,2,0,0,2,2
122,-233.742,1769.670,27.547,-129.812,-0.639930,0.768154,0.020709,-0.767828,-0.640263,0.022444,0.030500,-0.001538,0.999534,0,-0.49982,-0.94268,-29.989,-1.885,-1,400.000,-1,400.000,-1,325.000,325.000,300.000,300.000,475.000,450.000,350.000,-1,725.000,775.000,-1,-1,2,0,2,0,2,0,0,0,0,1,1,1,2,0,0,2,2
123,-213.682,1792.180,26.639,-131.706,-0.664977,0.746565,0.021131,-0.746235,-0.665312,0.022225,0.030652,-0.000989,0.999530,0,-0.50251,-0.94738,-30.151,-1.895,-1,400.000,-1,400.000,-1,325.000,325.000,300.000,300.000,475.000,425.000,350.000,575.000,750.000,775.000,-1,-1,2,0,2,0,2,0,0,0,0,1,1,1,1,0,0,2,2
124,-192.787,1814.114,25.714,-133.610,-0.689415,0.724047,0.021517,-0.723713,-0.689750,0.022014,0.030780,-0.000396,0.999526,0,-0.50491,-0.95205,-30.294,-1.904,-1,400.000,-1,400.000,-1,325.000,325.000,300.000,300.000,450.000,375.000,325.000,450.000,750.000,775.000,-1,-1,2,0,2,0,2,0,0,0,0,1,1,1,1,0,0,2,2
125,-171.083,1835.425,24.773,-135.524,-0.713205,0.700614,0.021866,-0.700274,-0.713541,0.021811,0.030884,0.000244,0.999523,0,-0.50695,-0.95668,-30.417,-1.913,-1,400.000,-1,400.000,-1,325.000,325.000,300.000,300.000,425.000,325.000,325.000,375.000,750.000,775.000,-1,-1,2,0,2,0,2,0,0,0,0,1,1,1,1,0,0,2,2
126,-148.604,1856.062,23.819,-137.446,-0.736310,0.676281,0.022178,-0.675936,-0.736643,0.021621,0.030959,0.000929,0.999520,0,-0.50860,-0.96127,-30.516,-1.923,-1,400.000,-1,400.000,-1,325.000,325.000,300.000,300.000,425.000,275.000,300.000,300.000,750.000,775.000,-1,-1,2,0,2,0,2,0,0,0,0,1,1,1,1,0,0,2,2
127,-125.387,1875.976,22.853,-139.378,-0.758688,0.651067,0.022454,-0.650716,-0.759018,0.021444,0.031004,0.001658,0.999518,0,-0.50979,-0.96578,-30.587,-1.932,-1,400.000,-1,400.000,-1,325.000,325.000,300.000,300.000,400.000,250.000,300.000,275.000,750.000,775.000,-1,-1,2,0,2,0,2,0,0,0,0,1,1,1,1,0,0,2,2
128,-101.478,1895.119,21.878,-141.318,-0.780301,0.624992,0.022692,-0.624634,-0.780627,0.021283,0.031016,0.002433,0.999516,0,-0.51047,-0.97022,-30.628,-1.940,-1,400.000,-1,400.000,-1,325.000,325.000,300.000,300.000,400.000,200.000,275.000,225.000,750.000,775.000,-1,-1,2,0,2,0,2,0,0,0,0,1,1,1,1,0,0,2,2
129,-76.925,1913.442,22.879,-143.267,-0.801252,0.598076,0.017318,-0.597810,-0.801428,0.018350,0.024854,0.004350,0.999682,0,-0.51059,-0.97456,-30.636,-1.949,-1,375.000,-1,400.000,-1,325.000,325.000,300.000,300.000,400.000,175.000,250.000,200.000,725.000,750.000,-1,-1,2,0,2,0,2,0,0,0,0,1,1,1,1,0,0,2,2
130,-51.785,1930.898,26.493,-145.225,-0.821375,0.570352,0.006464,-0.570288,-0.821391,0.009432,0.010689,0.004061,0.999935,0,-0.51009,-0.97878,-30.605,-1.958,-1,375.000,-1,375.000,-1,300.000,300.000,325.000,325.000,475.000,150.000,225.000,200.000,675.000,700.000,-1,-1,2,0,2,0,2,0,0,0,0,1,1,1,1,0,0,2,2
131,-26.122,1947.443,30.337,-147.191,-0.840463,0.541843,-0.005293,-0.541852,-0.840474,0.000429,-0.004216,0.003228,0.999986,0,-0.50890,-0.98286,-30.534,-1.966,-1,350.000,-1,375.000,-1,300.000,300.000,325.000,325.000,-1,125.000,200.000,175.000,650.000,650.000,-1,-1,2,0,2,0,2,0,0,0,0,2,1,1,1,0,0,2,2
