timestep,x_cm,y_cm,z_cm,yaw_deg,basis_xx,basis_xy,basis_xz,basis_yx,basis_yy,basis_yz,basis_zx,basis_zy,basis_zz,teleport_flag,throttle_cmd,steering_cmd,cmd_move_cm,cmd_turn_deg,lidar_cm_0,lidar_cm_1,lidar_cm_2,lidar_cm_3,lidar_cm_4,lidar_cm_5,lidar_cm_6,lidar_cm_7,lidar_cm_8,lidar_cm_9,lidar_cm_10,lidar_cm_11,lidar_cm_12,lidar_cm_13,lidar_cm_14,lidar_cm_15,lidar_cm_16,lidar_class_0,lidar_class_1,lidar_class_2,lidar_class_3,lidar_class_4,lidar_class_5,lidar_class_6,lidar_class_7,lidar_class_8,lidar_class_9,lidar_class_10,lidar_class_11,lidar_class_12,lidar_class_13,lidar_class_14,lidar_class_15,lidar_class_16
0,-6882.806,-1641.550,81.784,-21.014,0.933227,0.358559,-0.022869,-0.358790,0.933394,-0.006775,0.018917,0.014527,0.999716,1,0.08000,0.12000,4.800,0.240,-1,-1,-1,375.000,-1,325.000,325.000,300.000,275.000,-1,775.000,950.000,-1,-1,725.000,-1,-1,2,2,2,0,2,0,0,0,0,2,0,0,2,2,0,2,2
1,-6873.816,-1644.918,81.999,-20.534,0.936204,0.350730,-0.022592,-0.350948,0.936373,-0.006386,0.018915,0.013907,0.999724,0,0.16000,0.24000,9.600,0.480,-1,-1,-1,375.000,-1,325.000,325.000,300.000,275.000,-1,800.000,975.000,-1,-1,725.000,-1,-1,2,2,2,0,2,0,0,0,0,2,0,0,2,2,1,2,2
2,-6860.269,-1649.799,82.322,-19.814,0.940546,0.338940,-0.022195,-0.339140,0.940718,-0.005814,0.018908,0.012996,0.999737,0,0.24000,0.36000,14.400,0.720,-1,-1,-1,375.000,-1,325.000,325.000,300.000,275.000,-1,825.000,-1,-1,-1,725.000,-1,-1,2,2,2,0,2,0,0,0,0,2,0,2,2,2,1,2,2
3,-6842.122,-1656.072,82.748,-19.069,0.944886,0.326679,-0.021723,-0.326857,0.945060,-0.005092,0.018866,0.011912,0.999751,0,0.32000,0.37266,19.200,0.745,-1,-1,-1,375.000,-1,325.000,325.000,300.000,275.000,-1,900.000,-1,-1,-1,725.000,-1,-1,2,2,2,0,2,0,0,0,0,2,0,2,2,2,1,2,2
4,-6819.340,-1663.617,83.277,-18.324,0.949062,0.314375,-0.021193,-0.314528,0.949239,-0.004237,0.018786,0.010687,0.999766,0,0.40000,0.37230,24.000,0.745,-1,-1,-1,375.000,-1,500.000,325.000,300.000,275.000,-1,950.000,-1,-1,-1,750.000,-1,-1,2,2,2,0,2,1,0,0,0,2,0,2,2,2,1,2,2
5,-6791.885,-1672.316,83.910,-17.579,0.953085,0.302000,-0.020618,-0.302127,0.953262,-0.003267,0.018668,0.009343,0.999782,0,0.48000,0.37280,28.800,0.746,-1,-1,-1,375.000,-1,625.000,325.000,300.000,275.000,-1,-1,-1,-1,-1,750.000,-1,-1,2,2,2,1,2,1,1,0,0,2,2,2,2,2,1,2,2
6,-6759.724,-1682.044,84.648,-16.830,0.956960,0.289528,-0.020010,-0.289628,0.957137,-0.002202,0.018514,0.007903,0.999797,0,0.56000,0.37415,33.600,0.748,-1,-1,-1,425.000,-1,725.000,375.000,300.000,275.000,-1,-1,-1,-1,-1,750.000,-1,-1,2,2,2,1,2,1,1,0,0,2,2,2,2,2,1,2,2
7,-6722.826,-1692.679,85.494,-16.078,0.960694,0.276932,-0.019381,-0.277003,0.960868,-0.001065,0.018328,0.006392,0.999812,0,0.64000,0.37638,38.400,0.753,-1,-1,-1,450.000,-1,800.000,475.000,300.000,275.000,-1,-1,-1,-1,-1,750.000,-1,-1,2,2,2,1,2,1,1,0,0,2,2,2,2,2,1,2,2
8,-6681.114,-1703.922,86.450,-15.085,0.965361,0.260244,-0.018736,-0.260287,0.965531,0.000151,0.018130,0.004731,0.999824,0,0.72000,0.49638,43.200,0.993,-1,-1,-1,500.000,-1,900.000,550.000,300.000,275.000,-1,-1,-1,-1,-1,750.000,-1,-1,2,2,2,1,2,1,1,0,0,2,2,2,2,2,1,2,2
9,-6634.510,-1715.414,87.496,-13.852,0.970748,0.239413,-0.018144,-0.239426,0.970913,0.001509,0.017978,0.002879,0.999834,0,0.80000,0.61638,48.000,1.233,-1,-1,-1,525.000,-1,900.000,625.000,300.000,300.000,-1,-1,-1,-1,-1,775.000,-1,-1,2,2,2,1,2,1,1,0,0,2,2,2,2,2,1,2,2
10,-6582.938,-1726.732,85.102,-12.379,0.976747,0.214361,-0.003742,-0.214285,0.976659,0.014788,0.006824,-0.013642,0.999884,0,0.88000,0.73638,52.800,1.473,-1,-1,-1,525.000,-1,875.000,650.000,250.000,300.000,-1,-1,-1,-1,-1,775.000,-1,-1,2,2,2,1,2,1,1,0,0,2,2,2,2,2,1,2,2
11,-6526.330,-1737.379,78.913,-10.666,0.982429,0.184893,0.025451,-0.185845,0.981668,0.042305,-0.017163,-0.046291,0.998781,0,0.96000,0.85638,57.600,1.713,-1,-1,-1,525.000,-1,850.000,650.000,200.000,325.000,-1,-1,-1,-1,-1,750.000,-1,-1,2,2,2,1,2,1,1,0,0,2,2,2,2,2,1,2,2
12,-6467.017,-1746.448,69.254,-8.714,0.986636,0.151155,0.060850,-0.154703,0.986224,0.058560,-0.051160,-0.067191,0.996428,0,1.00000,0.97638,60.000,1.953,1000.000,-1,-1,500.000,750.000,775.000,600.000,150.000,325.000,-1,-1,-1,-1,-1,700.000,-1,650.000,1,2,2,1,0,1,1,0,0,2,2,2,2,2,1,2,1
13,9511.015,-9511.025,-374.394,-177.499,-0.998086,0.043614,0.043854,-0.042342,-0.998667,0.029526,0.045083,0.027612,0.998602,1,0.00000,0.00000,60.000,2.000,-1,400.000,-1,375.000,-1,325.000,325.000,300.000,300.000,-1,525.000,450.000,875.000,800.000,725.000,-1,-1,2,0,2,0,2,0,0,0,0,2,0,1,1,0,0,2,2
14,9506.220,-9511.254,-374.181,-177.259,-0.997885,0.047797,0.044052,-0.046526,-0.998483,0.029429,0.045392,0.027317,0.998596,0,0.08000,0.12000,4.800,0.240,-1,400.000,-1,375.000,-1,325.000,325.000,300.000,275.000,-1,525.000,450.000,875.000,800.000,725.000,-1,-1,2,0,2,0,2,0,0,0,0,2,0,1,1,0,0,2,2
15,9496.635,-9511.793,-373.755,-176.779,-0.997432,0.056161,0.044445,-0.054893,-0.998064,0.029247,0.046002,0.026733,0.998584,0,0.16000,0.24000,9.600,0.480,-1,400.000,-1,375.000,-1,325.000,325.000,300.000,275.000,-1,550.000,450.000,925.000,800.000,725.000,-1,-1,2,0,2,0,2,0,0,0,0,2,0,1,1,0,0,2,2
16,9482.269,-9512.783,-373.113,-176.059,-0.996621,0.068700,0.045028,-0.067436,-0.997302,0.029002,0.046899,0.025868,0.998565,0,0.24000,0.36000,14.400,0.720,-1,400.000,-1,375.000,-1,325.000,325.000,300.000,275.000,-1,550.000,475.000,1000.000,825.000,725.000,-1,-1,2,0,2,0,2,0,0,0,0,2,0,1,1,0,0,2,2
17,9463.140,-9514.423,-372.252,-175.099,-0.995294,0.085402,0.045791,-0.084144,-0.996039,0.028725,0.048063,0.024737,0.998538,0,0.32000,0.48000,19.200,0.960,-1,400.000,-1,375.000,-1,325.000,325.000,300.000,275.000,-1,575.000,475.000,-1,825.000,750.000,-1,-1,2,0,2,0,2,0,0,0,0,2,0,1,2,0,0,2,2
18,9439.275,-9516.973,-371.169,-173.899,-0.993242,0.106246,0.046722,-0.104995,-0.994065,0.028456,0.049468,0.023358,0.998503,0,0.40000,0.60000,24.000,1.200,-1,400.000,-1,400.000,-1,325.000,325.000,300.000,275.000,-1,575.000,500.000,-1,825.000,750.000,-1,-1,2,0,2,0,2,0,0,0,0,2,1,1,2,0,0,2,2
19,9410.723,-9520.742,-369.863,-172.479,-0.990247,0.130863,0.047800,-0.129621,-0.991161,0.028244,0.051074,0.021772,0.998458,0,0.48000,0.71033,28.800,1.421,-1,400.000,-1,400.000,-1,325.000,325.000,300.000,275.000,-1,575.000,525.000,-1,850.000,775.000,-1,-1,2,0,2,0,2,0,0,0,0,2,1,1,2,0,0,2,2
20,9377.532,-9525.969,-368.326,-171.049,-0.986610,0.155555,0.049020,-0.154317,-0.987621,0.028123,0.052788,0.020182,0.998402,0,0.56000,0.71476,33.600,1.430,-1,400.000,-1,400.000,-1,325.000,325.000,300.000,275.000,-1,575.000,550.000,-1,850.000,800.000,-1,-1,2,0,2,0,2,0,0,0,0,2,1,1,2,0,0,2,2
21,9339.762,-9532.895,-366.562,-169.609,-0.982316,0.180329,0.050360,-0.179092,-0.983430,0.028130,0.054599,0.018614,0.998335,0,0.64000,0.71998,38.400,1.440,-1,400.000,-1,400.000,-1,325.000,325.000,300.000,275.000,-1,575.000,575.000,-1,875.000,800.000,-1,-1,2,0,2,0,2,0,0,0,0,2,1,1,2,0,0,2,2
22,9297.481,-9541.760,-364.574,-168.157,-0.977349,0.205196,0.051800,-0.203953,-0.978572,0.028299,0.056497,0.017094,0.998256,0,0.72000,0.72599,43.200,1.452,-1,400.000,-1,425.000,-1,325.000,325.000,300.000,275.000,-1,600.000,600.000,-1,875.000,850.000,-1,-1,2,0,2,0,2,0,0,0,0,2,1,1,2,0,0,2,2
23,9254.780,-9551.861,-362.556,-166.692,-0.971699,0.230163,0.053157,-0.228913,-0.973026,0.028608,0.058308,0.015630,0.998176,0,0.73132,0.73281,43.879,1.466,-1,425.000,-1,425.000,-1,325.000,350.000,300.000,275.000,-1,625.000,650.000,-1,900.000,875.000,-1,-1,2,0,2,0,2,0,0,0,0,2,1,1,2,0,0,2,2
24,9212.056,-9563.138,-360.345,-165.212,-0.965418,0.255218,0.053212,-0.254034,-0.966788,0.028048,0.058603,0.013560,0.998189,0,0.73646,0.73977,44.188,1.480,-1,425.000,-1,425.000,-1,350.000,350.000,300.000,275.000,-1,675.000,700.000,-1,900.000,900.000,-1,-1,2,0,2,0,2,0,0,0,0,2,1,1,2,0,0,2,2
25,9169.333,-9575.616,-358.340,-163.718,-0.958470,0.280336,0.052406,-0.279193,-0.959823,0.028142,0.058190,0.012342,0.998229,0,0.74180,0.74682,44.508,1.494,-1,425.000,-1,425.000,-1,350.000,350.000,275.000,275.000,-1,725.000,750.000,-1,900.000,925.000,-1,-1,2,0,2,0,2,0,0,0,0,2,1,1,2,0,0,2,2
26,9126.639,-9589.315,-356.342,-162.211,-0.950799,0.305501,0.051485,-0.304395,-0.952126,0.028290,0.057663,0.011226,0.998273,0,0.74731,0.75396,44.839,1.508,-1,425.000,-1,425.000,-1,350.000,350.000,275.000,275.000,-1,775.000,800.000,-1,900.000,925.000,-1,-1,2,0,2,0,2,0,0,0,0,2,1,1,2,0,0,2,2
27,9084.003,-9604.256,-354.082,-160.688,-0.942455,0.330687,0.049245,-0.329587,-0.943672,0.029233,0.056138,0.011320,0.998359,0,0.75297,0.76117,45.178,1.522,-1,425.000,-1,425.000,-1,350.000,350.000,300.000,275.000,-1,825.000,875.000,-1,875.000,925.000,-1,-1,2,0,2,0,2,0,0,0,0,2,1,1,2,0,0,2,2
28,9041.458,-9620.459,-351.952,-159.151,-0.933373,0.355880,0.046521,-0.354825,-0.934467,0.029518,0.053977,0.011044,0.998481,0,0.75877,0.76845,45.526,1.537,-1,425.000,-1,425.000,-1,325.000,350.000,300.000,275.000,-1,900.000,925.000,-1,875.000,925.000,-1,-1,2,0,2,0,2,0,0,0,0,2,1,1,2,0,0,2,2
29,8999.040,-9637.942,-349.646,-157.600,-0.923472,0.381058,0.044663,-0.380091,-0.924501,0.028775,0.052256,0.009596,0.998588,0,0.76467,0.77580,45.880,1.552,-1,425.000,-1,425.000,-1,325.000,325.000,275.000,275.000,-1,950.000,1000.000,-1,850.000,925.000,-1,-1,2,0,2,0,2,0,0,0,0,2,1,1,2,0,0,2,2
30,8956.787,-9656.725,-347.306,-156.033,-0.912777,0.406193,0.042951,-0.405313,-0.913752,0.027922,0.050588,0.008078,0.998687,0,0.77067,0.78322,46.240,1.566,-1,425.000,-1,425.000,-1,325.000,325.000,275.000,275.000,-1,-1,-1,-1,850.000,925.000,-1,-1,2,0,2,0,2,0,0,0,0,2,2,2,2,0,0,2,2
31,8914.778,-9676.903,-344.972,-154.343,-0.900461,0.432979,0.041227,-0.432183,-0.901380,0.027048,0.048872,0.006538,0.998784,0,0.77674,0.84532,46.604,1.691,-1,400.000,-1,425.000,-1,325.000,325.000,275.000,275.000,-1,-1,-1,-1,825.000,925.000,-1,-1,2,0,2,0,2,0,0,0,0,2,2,2,2,0,0,2,2
32,8873.050,-9698.471,-342.658,-152.667,-0.887479,0.459155,0.039466,-0.458437,-0.888342,0.026169,0.047075,0.005132,0.998878,0,0.78286,0.83779,46.972,1.676,-1,400.000,-1,425.000,-1,325.000,325.000,275.000,275.000,-1,-1,-1,-1,825.000,925.000,-1,-1,2,0,2,0,2,0,0,0,0,2,2,2,2,0,0,2,2
33,8831.642,-9721.417,-340.367,-151.007,-0.873866,0.484705,0.037669,-0.484061,-0.874669,0.025283,0.045203,0.003860,0.998970,0,0.78903,0.83022,47.342,1.660,-1,400.000,-1,425.000,-1,325.000,325.000,275.000,275.000,-1,-1,-1,-1,800.000,925.000,-1,-1,2,0,2,0,2,0,0,0,0,2,2,2,2,0,0,2,2
34,8790.096,-9745.999,-338.082,-149.388,-0.859892,0.509219,0.035806,-0.508642,-0.860633,0.024379,0.043230,0.002751,0.999061,0,0.80457,0.80927,48.274,1.619,-1,400.000,-1,425.000,-1,325.000,325.000,275.000,300.000,-1,-1,-1,-1,800.000,925.000,-1,-1,2,0,2,0,2,0,0,0,0,2,2,2,2,0,0,2,2
35,8749.171,-9771.793,-335.806,-147.777,-0.845303,0.533208,0.033942,-0.532686,-0.845982,0.023649,0.041324,0.001910,0.999144,0,0.80625,0.80528,48.375,1.611,-1,400.000,-1,425.000,-1,325.000,325.000,275.000,300.000,-1,-1,-1,-1,775.000,925.000,-1,-1,2,0,2,0,2,0,0,0,0,2,2,2,2,0,0,2,2
36,8708.922,-9798.763,-333.575,-146.175,-0.830121,0.556655,0.032157,-0.556133,-0.830741,0.024208,0.040190,0.002212,0.999190,0,0.80750,0.80118,48.450,1.602,-1,400.000,-1,425.000,-1,325.000,325.000,275.000,300.000,-1,-1,-1,-1,775.000,925.000,-1,-1,2,0,2,0,2,0,0,0,0,2,2,2,2,0,0,2,2
37,8669.399,-9826.871,-331.656,-144.581,-0.814374,0.579547,0.030344,-0.578973,-0.814931,0.026020,0.039808,0.003622,0.999201,0,0.80832,0.79703,48.499,1.594,-1,400.000,-1,425.000,-1,325.000,350.000,275.000,300.000,-1,-1,-1,-1,775.000,925.000,-1,-1,2,0,2,0,2,0,0,0,0,2,2,2,2,0,0,2,2
38,8630.649,-9856.076,-329.794,-142.995,-0.798089,0.601871,0.028369,-0.601248,-0.798576,0.027866,0.039427,0.005182,0.999209,0,0.80872,0.79285,48.523,1.586,-1,400.000,-1,425.000,-1,325.000,350.000,275.000,300.000,-1,-1,-1,-1,775.000,900.000,-1,-1,2,0,2,0,2,0,0,0,0,2,2,2,2,0,0,2,2
39,8592.718,-9886.337,-328.060,-141.418,-0.781298,0.623619,0.025923,-0.622947,-0.781696,0.029807,0.038852,0.007139,0.999219,0,0.80872,0.78872,48.523,1.577,-1,400.000,-1,425.000,-1,325.000,350.000,275.000,300.000,-1,-1,-1,-1,775.000,900.000,-1,-1,2,0,2,0,2,0,0,0,0,2,2,2,2,0,0,2,2
40,8555.648,-9917.611,-326.354,-139.849,-0.764025,0.644783,0.022824,-0.644094,-0.764311,0.031167,0.037540,0.009112,0.999254,0,0.80834,0.78467,48.500,1.569,-1,400.000,-1,425.000,-1,325.000,325.000,275.000,300.000,-1,-1,-1,-1,775.000,875.000,-1,-1,2,0,2,0,2,0,0,0,0,2,2,2,2,0,0,2,2
41,8519.477,-9949.856,-324.510,-138.284,-0.746228,0.665398,0.019730,-0.664729,-0.746416,0.031605,0.035757,0.010469,0.999306,0,0.80763,0.78212,48.458,1.564,-1,400.000,-1,425.000,-1,325.000,325.000,275.000,300.000,-1,-1,-1,-1,750.000,850.000,-1,-1,2,0,2,0,2,0,0,0,0,2,2,2,2,0,0,2,2
42,8484.241,-9983.032,-322.709,-136.724,-0.727917,0.685463,0.016650,-0.684820,-0.728011,0.031963,0.034030,0.011864,0.999350,0,0.80661,0.78008,48.397,1.560,-1,400.000,-1,425.000,-1,325.000,325.000,300.000,300.000,-1,-1,-1,-1,750.000,825.000,-1,-1,2,0,2,0,2,0,0,0,0,2,2,2,2,0,0,2,2
43,8450.258,-10016.540,-320.980,-135.404,-0.712007,0.702040,0.013649,-0.701427,-0.712012,0.032248,0.032358,0.013387,0.999387,0,0.79542,0.66008,47.725,1.320,-1,400.000,-1,400.000,-1,325.000,325.000,300.000,300.000,-1,-1,-1,-1,725.000,800.000,-1,-1,2,0,2,0,2,0,0,0,0,2,2,2,2,0,0,2,2
44,8416.968,-10050.626,-319.444,-134.324,-0.698697,0.715327,0.011426,-0.714738,-0.698640,0.032421,0.031175,0.014486,0.999409,0,0.79408,0.54008,47.645,1.080,-1,375.000,-1,400.000,-1,325.000,325.000,300.000,300.000,-1,-1,-1,-1,725.000,800.000,-1,-1,2,0,2,0,2,0,0,0,0,2,2,2,2,0,0,2,2
45,8384.237,-10085.137,-318.040,-133.484,-0.688171,0.725484,0.009668,-0.724916,-0.688067,0.032566,0.030279,0.015403,0.999423,0,0.79275,0.42008,47.565,0.840,-1,375.000,-1,400.000,-1,325.000,325.000,300.000,300.000,-1,-1,-1,-1,725.000,775.000,-1,-1,2,0,2,0,2,0,0,0,0,2,2,2,2,0,0,2,2
46,8351.921,-10119.933,-316.498,-132.884,-0.680551,0.732647,0.008872,-0.732088,-0.680426,0.032672,0.029973,0.015740,0.999427,0,0.79146,0.30008,47.488,0.600,-1,375.000,-1,400.000,-1,325.000,325.000,300.000,300.000,-1,-1,-1,-1,725.000,775.000,-1,-1,2,0,2,0,2,0,0,0,0,2,2,2,2,0,0,2,2
47,8319.873,-10154.879,-314.898,-132.523,-0.675936,0.736910,0.008670,-0.736349,-0.675807,0.032786,0.030020,0.015777,0.999425,0,0.79027,0.18008,47.416,0.360,-1,375.000,-1,400.000,-1,325.000,325.000,300.000,300.000,-1,-1,-1,-1,725.000,775.000,-1,-1,2,0,2,0,2,0,0,0,0,2,2,2,2,0,0,2,2
48,8287.941,-10189.844,-313.358,-132.403,-0.674393,0.738324,0.008531,-0.737760,-0.674259,0.032940,0.030073,0.015921,0.999421,0,0.78920,0.06008,47.352,0.120,-1,375.000,-1,400.000,-1,325.000,325.000,300.000,300.000,-1,-1,-1,-1,725.000,775.000,-1,-1,2,0,2,0,2,0,0,0,0,2,2,2,2,0,0,2,2
49,8256.008,-10224.733,-311.852,-132.467,-0.675225,0.737564,0.008348,-0.736998,-0.675082,0.033123,0.030066,0.016213,0.999416,0,0.78827,-0.03210,47.296,-0.064,-1,375.000,-1,400.000,-1,325.000,325.000,300.000,300.000,-1,-1,-1,-1,700.000,750.000,-1,-1,2,0,2,0,2,0,0,0,0,2,2,2,2,0,0,2,2
50,8224.069,-10259.551,-310.215,-132.531,-0.676069,0.736802,0.007341,-0.736245,-0.675891,0.033371,0.029550,0.017156,0.999416,0,0.78747,-0.03185,47.248,-0.064,-1,375.000,-1,400.000,-1,325.000,325.000,300.000,300.000,-1,-1,-1,-1,700.000,750.000,-1,-1,2,0,2,0,2,0,0,0,0,2,2,2,2,0,0,2,2
51,8192.124,-10294.299,-308.615,-132.594,-0.676899,0.736048,0.006412,-0.735500,-0.676688,0.033647,0.029105,0.018060,0.999413,0,0.78669,-0.03142,47.201,-0.063,-1,375.000,-1,400.000,-1,325.000,325.000,300.000,300.000,-1,-1,-1,-1,700.000,750.000,-1,-1,2,0,2,0,2,0,0,0,0,2,2,2,2,0,0,2,2
52,8160.171,-10328.980,-307.054,-132.656,-0.677712,0.735307,0.005543,-0.734763,-0.677468,0.034060,0.028799,0.019010,0.999404,0,0.78594,-0.03082,47.157,-0.062,-1,375.000,-1,400.000,-1,325.000,325.000,300.000,300.000,-1,-1,-1,-1,700.000,750.000,-1,-1,2,0,2,0,2,0,0,0,0,2,2,2,2,0,0,2,2
53,8128.211,-10363.597,-305.662,-132.716,-0.678512,0.734574,0.004643,-0.734016,-0.678219,0.035211,0.029013,0.020483,0.999369,0,0.78524,-0.03005,47.114,-0.060,-1,375.000,-1,400.000,-1,325.000,325.000,300.000,300.000,-1,-1,-1,-1,700.000,750.000,-1,-1,2,0,2,0,2,0,0,0,0,2,2,2,2,0,0,2,2
54,8096.242,-10398.153,-304.287,-132.774,-0.679287,0.733862,0.003818,-0.733287,-0.678944,0.036405,0.029309,0.021930,0.999330,0,0.78459,-0.02910,47.075,-0.058,-1,375.000,-1,400.000,-1,325.000,325.000,300.000,300.000,-1,-1,-1,-1,700.000,725.000,-1,-1,2,0,2,0,2,0,0,0,0,2,2,2,2,0,0,2,2
55,8064.263,-10432.651,-302.844,-132.830,-0.680040,0.733169,0.003003,-0.732563,-0.679633,0.038089,0.029967,0.023703,0.999270,0,0.78401,-0.02798,47.040,-0.056,-1,375.000,-1,400.000,-1,325.000,325.000,300.000,300.000,-1,-1,-1,-1,725.000,725.000,-1,-1,2,0,2,0,2,0,0,0,0,2,2,2,2,0,0,2,2
56,8032.273,-10467.098,-301.416,-132.883,-0.680759,0.732504,0.002261,-0.731863,-0.680286,0.039832,0.030715,0.025461,0.999204,0,0.78349,-0.02669,47.010,-0.053,-1,375.000,-1,400.000,-1,325.000,325.000,300.000,300.000,-1,-1,-1,-1,725.000,725.000,-1,-1,2,0,2,0,2,0,0,0,0,2,2,2,2,0,0,2,2
57,8000.270,-10501.497,-300.011,-132.934,-0.681441,0.731872,0.001600,-0.731194,-0.680901,0.041592,0.031529,0.027173,0.999133,0,0.78306,-0.02523,46.984,-0.050,-1,375.000,-1,400.000,-1,325.000,325.000,300.000,300.000,-1,-1,-1,-1,725.000,725.000,-1,-1,2,0,2,0,2,0,0,0,0,2,2,2,2,0,0,2,2
58,7968.253,-10535.855,-298.627,-132.981,-0.682081,0.731276,0.001018,-0.730558,-0.681472,0.043370,0.032409,0.028838,0.999059,0,0.78273,-0.02361,46.964,-0.047,-1,375.000,-1,375.000,-1,325.000,325.000,300.000,300.000,-1,-1,-1,-1,725.000,725.000,-1,-1,2,0,2,0,2,0,0,0,0,2,2,2,2,0,0,2,2
59,7936.220,-10570.179,-297.226,-133.025,-0.682672,0.730725,0.000635,-0.729963,-0.681999,0.045081,0.033375,0.030312,0.998983,0,0.78248,-0.02182,46.949,-0.044,-1,375.000,-1,375.000,-1,325.000,325.000,300.000,300.000,-1,-1,-1,-1,725.000,725.000,-1,-1,2,0,2,0,2,0,0,0,0,2,2,2,2,0,0,2,2
60,7904.168,-10604.473,-295.518,-133.064,-0.683183,0.730247,0.000841,-0.729462,-0.682501,0.045585,0.033862,0.030529,0.998960,0,0.78235,-0.01987,46.941,-0.040,-1,400.000,-1,375.000,-1,325.000,325.000,300.000,300.000,-1,-1,-1,-1,725.000,725.000,-1,-1,2,0,2,0,2,0,0,0,0,2,2,2,2,0,0,2,2
61,7872.095,-10638.747,-293.819,-133.100,-0.683638,0.729820,0.001134,-0.729011,-0.682951,0.046057,0.034388,0.030660,0.998938,0,0.78232,-0.01777,46.939,-0.036,-1,400.000,-1,375.000,-1,325.000,325.000,300.000,300.000,-1,-1,-1,-1,725.000,725.000,-1,-1,2,0,2,0,2,0,0,0,0,2,2,2,2,0,0,2,2
62,7840.001,-10673.007,-292.130,-133.131,-0.684033,0.729450,0.001514,-0.728614,-0.683345,0.046498,0.034952,0.030704,0.998917,0,0.78242,-0.01550,46.945,-0.031,-1,400.000,-1,375.000,-1,325.000,325.000,300.000,300.000,-1,-1,-1,-1,725.000,725.000,-1,-1,2,0,2,0,2,0,0,0,0,2,2,2,2,0,0,2,2
63,7807.881,-10707.262,-290.450,-133.157,-0.684363,0.729139,0.001980,-0.728274,-0.683679,0.046908,0.035556,0.030660,0.998897,0,0.78264,-0.01308,46.958,-0.026,-1,400.000,-1,375.000,-1,325.000,325.000,300.000,300.000,-1,-1,-1,-1,725.000,725.000,-1,-1,2,0,2,0,2,0,0,0,0,2,2,2,2,0,0,2,2
64,7775.735,-10741.521,-288.779,-133.178,-0.684625,0.728891,0.002533,-0.727996,-0.683949,0.047287,0.036200,0.030530,0.998878,0,0.78298,-0.01051,46.979,-0.021,-1,400.000,-1,375.000,-1,325.000,325.000,300.000,300.000,-1,-1,-1,-1,725.000,725.000,-1,-1,2,0,2,0,2,0,0,0,0,2,2,2,2,0,0,2,2
65,7743.560,-10775.791,-287.075,-133.194,-0.684813,0.728711,0.003275,-0.727781,-0.684154,0.047627,0.036947,0.030232,0.998860,0,0.78346,-0.00779,47.008,-0.016,-1,400.000,-1,375.000,-1,325.000,325.000,300.000,300.000,-1,-1,-1,-1,725.000,725.000,-1,-1,2,0,2,0,2,0,0,0,0,2,2,2,2,0,0,2,2
66,7711.353,-10810.083,-285.349,-133.204,-0.684925,0.728602,0.004090,-0.727636,-0.684286,0.047937,0.037726,0.029857,0.998842,0,0.78408,-0.00492,47.045,-0.010,-1,400.000,-1,375.000,-1,325.000,325.000,300.000,300.000,-1,-1,-1,-1,725.000,725.000,-1,-1,2,0,2,0,2,0,0,0,0,2,2,2,2,0,0,2,2
67,7679.114,-10844.406,-283.620,-133.207,-0.684960,0.728565,0.004893,-0.727564,-0.684343,0.048224,0.038483,0.029472,0.998825,0,0.78483,-0.00191,47.090,-0.004,-1,400.000,-1,375.000,-1,325.000,325.000,300.000,300.000,-1,-1,-1,-1,725.000,725.000,-1,-1,2,0,2,0,2,0,0,0,0,2,2,2,2,0,0,2,2
68,7646.838,-10878.770,-281.864,-133.205,-0.684916,0.728601,0.005576,-0.727570,-0.684317,0.048498,0.039151,0.029160,0.998808,0,0.78573,0.00125,47.144,0.002,-1,400.000,-1,375.000,-1,325.000,325.000,300.000,300.000,-1,-1,-1,-1,725.000,725.000,-1,-1,2,0,2,0,2,0,0,0,0,2,2,2,2,0,0,2,2
69,7611.120,-10916.485,-279.854,-133.442,-0.687927,0.725756,0.005896,-0.724706,-0.687329,0.048777,0.039452,0.029282,0.998792,0,0.86573,-0.11875,51.944,-0.238,-1,400.000,-1,375.000,-1,325.000,325.000,300.000,300.000,-1,-1,-1,-1,725.000,725.000,-1,-1,2,0,2,0,2,0,0,0,0,2,2,2,2,0,0,2,2
70,7571.760,-10957.358,-277.669,-133.920,-0.693949,0.719997,0.006256,-0.718931,-0.693348,0.049053,0.039656,0.029542,0.998777,0,0.94573,-0.23875,56.744,-0.478,-1,375.000,-1,375.000,-1,325.000,325.000,300.000,300.000,-1,-1,-1,-1,725.000,700.000,-1,-1,2,0,2,0,2,0,0,0,0,2,2,2,2,0,0,2,2
71,7531.791,-10997.837,-275.372,-134.637,-0.702920,0.711238,0.006558,-0.710136,-0.702291,0.049945,0.040129,0.030450,0.998730,0,0.94810,-0.35875,56.886,-0.718,-1,375.000,-1,375.000,-1,325.000,325.000,300.000,300.000,-1,-1,-1,-1,725.000,700.000,-1,-1,2,0,2,0,2,0,0,0,0,2,2,2,2,0,0,2,2
72,7491.151,-11037.642,-273.102,-135.595,-0.714716,0.699381,0.006905,-0.698243,-0.714055,0.050808,0.040464,0.031492,0.998685,0,0.94810,-0.47875,56.886,-0.958,-1,375.000,-1,375.000,-1,325.000,325.000,300.000,300.000,-1,-1,-1,-1,725.000,700.000,-1,-1,2,0,2,0,2,0,0,0,0,2,2,2,2,0,0,2,2
73,7449.689,-11076.589,-270.753,-136.792,-0.729179,0.684283,0.007327,-0.683122,-0.728492,0.051414,0.040519,0.032485,0.998651,0,0.94810,-0.59875,56.886,-1.198,-1,375.000,-1,375.000,-1,325.000,325.000,300.000,300.000,-1,-1,-1,-1,725.000,700.000,-1,-1,2,0,2,0,2,0,0,0,0,2,2,2,2,0,0,2,2
74,7407.262,-11114.484,-268.394,-138.230,-0.746120,0.665765,0.007800,-0.664577,-0.745399,0.052131,0.040521,0.033712,0.998610,0,0.94810,-0.71875,56.886,-1.438,-1,375.000,-1,375.000,-1,325.000,325.000,300.000,300.000,-1,-1,-1,-1,725.000,700.000,-1,-1,2,0,2,0,2,0,0,0,0,2,2,2,2,0,0,2,2
75,7363.744,-11151.121,-266.086,-139.907,-0.765292,0.643630,0.008350,-0.642416,-0.764534,0.052824,0.040384,0.035062,0.998569,0,0.94810,-0.83875,56.886,-1.678,-1,375.000,-1,375.000,-1,325.000,325.000,300.000,300.000,-1,-1,-1,-1,725.000,700.000,-1,-1,2,0,2,0,2,0,0,0,0,2,2,2,2,0,0,2,2
76,7319.048,-11186.311,-263.841,-141.787,-0.785987,0.618177,0.008988,-0.616940,-0.785191,0.053476,0.040115,0.036486,0.998529,0,0.94810,-0.93973,56.886,-1.879,-1,375.000,-1,375.000,-1,325.000,325.000,300.000,300.000,-1,-1,-1,-1,725.000,700.000,-1,-1,2,0,2,0,2,0,0,0,0,2,2,2,2,0,0,2,2
77,7273.222,-11220.016,-261.528,-143.666,-0.805818,0.592075,0.010251,-0.590802,-0.805018,0.053843,0.040131,0.037331,0.998497,0,0.94810,-0.93973,56.886,-1.879,-1,375.000,-1,375.000,-1,325.000,325.000,300.000,300.000,-1,975.000,925.000,-1,700.000,700.000,-1,-1,2,0,2,0,2,0,0,0,0,2,0,0,2,0,0,2,2
78,7226.314,-11252.199,-259.104,-145.546,-0.824760,0.565352,0.012207,-0.564036,-0.824000,0.053731,0.040436,0.037430,0.998481,0,0.94810,-0.93973,56.886,-1.879,-1,375.000,-1,375.000,-1,325.000,325.000,300.000,300.000,-1,900.000,875.000,-1,700.000,700.000,-1,-1,2,0,2,0,2,0,0,0,0,2,0,0,2,0,0,2,2
79,7178.377,-11282.827,-256.756,-147.425,-0.842811,0.538022,0.014201,-0.536666,-0.842098,0.053489,0.040737,0.037459,0.998467,0,0.94810,-0.93973,56.886,-1.879,-1,375.000,-1,375.000,-1,325.000,325.000,300.000,300.000,-1,850.000,825.000,-1,700.000,700.000,-1,-1,2,0,2,0,2,0,0,0,0,2,0,0,2,0,0,2,2
80,7129.460,-11311.866,-254.485,-149.305,-0.859953,0.510115,0.016214,-0.508721,-0.859291,0.053112,0.041026,0.037426,0.998457,0,0.94810,-0.93973,56.886,-1.879,-1,375.000,-1,375.000,-1,325.000,325.000,300.000,300.000,-1,800.000,800.000,-1,700.000,700.000,-1,-1,2,0,2,0,2,0,0,0,0,2,0,0,2,0,0,2,2
81,7079.618,-11339.285,-252.132,-151.184,-0.876190,0.481649,0.017470,-0.480237,-0.875541,0.052916,0.040782,0.037975,0.998446,0,0.94810,-0.93973,56.886,-1.879,-1,375.000,-1,375.000,-1,325.000,325.000,300.000,300.000,-1,775.000,800.000,-1,700.000,700.000,-1,-1,2,0,2,0,2,0,0,0,0,2,0,0,2,0,0,2,2
82,7028.903,-11365.055,-249.749,-153.064,-0.891485,0.452658,0.018839,-0.451204,-0.890835,0.053183,0.040856,0.038912,0.998407,0,0.94810,-0.93973,56.886,-1.879,-1,375.000,-1,375.000,-1,325.000,325.000,300.000,300.000,-1,725.000,800.000,-1,700.000,700.000,-1,-1,2,0,2,0,2,0,0,0,0,2,0,0,2,0,0,2,2
83,6977.371,-11389.149,-247.252,-154.943,-0.905824,0.423170,0.020258,-0.421638,-0.905141,0.054231,0.041285,0.040582,0.998323,0,0.94810,-0.93973,56.886,-1.879,-1,375.000,-1,375.000,-1,325.000,325.000,300.000,300.000,-1,675.000,725.000,-1,700.000,700.000,-1,-1,2,0,2,0,2,0,0,0,0,2,0,0,2,0,0,2,2
84,6925.076,-11411.539,-244.802,-156.823,-0.919188,0.393228,0.021587,-0.391622,-0.918466,0.055255,0.041555,0.042336,0.998239,0,0.94810,-0.93973,56.886,-1.879,-1,375.000,-1,375.000,-1,325.000,325.000,300.000,300.000,-1,650.000,700.000,-1,725.000,700.000,-1,-1,2,0,2,0,2,0,0,0,0,2,0,0,2,0,0,2,2
85,6872.075,-11432.203,-242.432,-158.702,-0.931558,0.362867,0.022975,-0.361186,-0.930800,0.056182,0.041771,0.044038,0.998156,0,0.94810,-0.93973,56.886,-1.879,-1,375.000,-1,375.000,-1,325.000,325.000,300.000,300.000,-1,650.000,675.000,-1,725.000,675.000,-1,-1,2,0,2,0,2,0,0,0,0,2,0,0,2,0,0,2,2
86,6818.425,-11451.116,-240.145,-160.581,-0.942921,0.332120,0.024418,-0.330365,-0.942130,0.057005,0.041938,0.045685,0.998075,0,0.94810,-0.93973,56.886,-1.879,-1,375.000,-1,375.000,-1,325.000,325.000,300.000,300.000,-1,625.000,650.000,-1,725.000,675.000,-1,-1,2,0,2,0,2,0,0,0,0,2,0,0,2,0,0,2,2
87,6764.183,-11468.261,-237.944,-162.461,-0.953266,0.301020,0.025915,-0.299192,-0.952446,0.057721,0.042057,0.047270,0.997996,0,0.94810,-0.93973,56.886,-1.879,-1,375.000,-1,375.000,-1,325.000,325.000,300.000,300.000,-1,625.000,625.000,-1,725.000,675.000,-1,-1,2,0,2,0,2,0,0,0,0,2,0,0,2,0,0,2,2
88,6709.408,-11483.617,-235.830,-164.340,-0.962581,0.269601,0.027460,-0.267701,-0.961735,0.058322,0.042133,0.048789,0.997920,0,0.94810,-0.93973,56.886,-1.879,-1,375.000,-1,375.000,-1,325.000,325.000,300.000,300.000,-1,600.000,625.000,-1,725.000,675.000,-1,-1,2,0,2,0,2,0,0,0,0,2,0,0,2,0,0,2,2
89,6654.159,-11497.168,-233.806,-166.220,-0.970856,0.237897,0.029049,-0.235925,-0.969990,0.058803,0.042167,0.050236,0.997847,0,0.94810,-0.93973,56.886,-1.879,-1,375.000,-1,375.000,-1,325.000,300.000,300.000,300.000,-1,600.000,600.000,-1,725.000,675.000,-1,-1,2,0,2,0,2,0,0,0,0,2,0,0,2,0,0,2,2
90,6598.495,-11508.899,-231.715,-168.099,-0.978091,0.205948,0.030401,-0.203949,-0.977232,0.058506,0.041758,0.051024,0.997824,0,0.94810,-0.93973,56.886,-1.879,-1,375.000,-1,375.000,-1,325.000,300.000,300.000,300.000,-1,600.000,600.000,-1,725.000,675.000,-1,-1,2,0,2,0,2,0,0,0,0,2,0,0,2,0,0,2,2
91,6542.476,-11518.798,-229.269,-169.979,-0.984239,0.173795,0.032705,-0.171787,-0.983508,0.056575,0.041998,0.050065,0.997863,0,0.94810,-0.93973,56.886,-1.879,-1,375.000,-1,375.000,-1,325.000,300.000,300.000,300.000,-1,575.000,575.000,-1,725.000,675.000,-1,-1,2,0,2,0,2,0,0,0,0,2,0,0,2,0,0,2,2
92,6486.163,-11526.854,-226.633,-171.858,-0.989348,0.141445,0.034402,-0.139417,-0.988674,0.055561,0.041871,0.050173,0.997862,0,0.94810,-0.93973,56.886,-1.879,-1,375.000,-1,375.000,-1,325.000,300.000,300.000,300.000,-1,600.000,600.000,-1,750.000,675.000,-1,-1,2,0,2,0,2,0,0,0,0,2,0,0,2,0,0,2,2
93,6429.615,-11533.060,-223.900,-173.738,-0.993392,0.108939,0.036132,-0.106860,-0.992740,0.055203,0.041883,0.050977,0.997821,0,0.94810,-0.93973,56.886,-1.879,-1,375.000,-1,375.000,-1,325.000,300.000,300.000,300.000,-1,600.000,600.000,-1,750.000,675.000,-1,-1,2,0,2,0,2,0,0,0,0,2,0,0,2,0,0,2,2
94,6372.884,-11537.407,-221.261,-175.619,-0.996366,0.076291,0.037881,-0.074164,-0.995744,0.054706,0.041894,0.051698,0.997784,0,0.94829,-0.94053,56.897,-1.881,-1,375.000,-1,375.000,-1,325.000,300.000,300.000,300.000,-1,600.000,600.000,-1,750.000,675.000,-1,-1,2,0,2,0,2,0,0,0,0,2,0,0,2,0,0,2,2
95,6315.999,-11539.886,-218.713,-177.505,-0.998268,0.043465,0.039653,-0.041292,-0.997682,0.054080,0.041912,0.052349,0.997749,0,0.94896,-0.94335,56.938,-1.887,-1,400.000,-1,375.000,-1,325.000,300.000,300.000,300.000,-1,600.000,625.000,-1,750.000,675.000,-1,-1,2,0,2,0,2,0,0,0,0,2,0,0,2,0,0,2,2
96,6259.020,-11540.485,-216.255,-179.398,-0.999085,0.010494,0.041451,-0.008276,-0.998543,0.053330,0.041950,0.052938,0.997716,0,0.94969,-0.94623,56.982,-1.892,-1,400.000,-1,375.000,-1,325.000,300.000,300.000,300.000,-1,575.000,625.000,-1,750.000,675.000,-1,-1,2,0,2,0,2,0,0,0,0,2,0,0,2,0,0,2,2
97,6206.853,-11539.212,-214.088,-181.398,-0.998773,-0.024360,0.043124,0.026616,-0.998264,0.052541,0.041769,0.053625,0.997687,0,0.86969,-1.00000,52.182,-2.000,-1,400.000,-1,375.000,-1,325.000,300.000,300.000,300.000,-1,575.000,625.000,-1,750.000,675.000,-1,-1,2,0,2,0,2,0,0,0,0,2,0,0,2,0,0,2,2
98,6155.330,-11536.154,-212.029,-183.398,-0.997241,-0.059182,0.044811,0.061475,-0.996771,0.051656,0.041609,0.054269,0.997659,0,0.86021,-1.00000,51.612,-2.000,-1,400.000,-1,375.000,-1,325.000,300.000,300.000,300.000,-1,575.000,600.000,-1,750.000,675.000,-1,-1,2,0,2,0,2,0,0,0,0,2,0,0,2,0,0,2,2
99,6103.893,-11531.294,-210.052,-185.398,-0.994491,-0.093930,0.046535,0.096260,-0.994066,0.050668,0.041500,0.054868,0.997631,0,0.86109,-1.00000,51.665,-2.000,-1,400.000,-1,375.000,-1,325.000,300.000,300.000,300.000,-1,575.000,600.000,-1,775.000,700.000,-1,-1,2,0,2,0,2,0,0,0,0,2,0,0,2,0,0,2,2
100,6052.600,-11524.634,-208.154,-187.398,-0.990525,-0.128561,0.048301,0.130930,-0.990151,0.049577,0.041452,0.055431,0.997602,0,0.86205,-1.00000,51.723,-2.000,-1,400.000,-1,375.000,-1,325.000,325.000,300.000,300.000,-1,550.000,600.000,-1,775.000,700.000,-1,-1,2,0,2,0,2,0,0,0,0,2,0,0,2,0,0,2,2
101,6001.509,-11516.179,-206.333,-189.398,-0.985347,-0.163033,0.050113,0.165442,-0.985032,0.048384,0.041474,0.055965,0.997571,0,0.86309,-1.00000,51.785,-2.000,-1,400.000,-1,375.000,-1,325.000,325.000,300.000,300.000,-1,500.000,575.000,-1,775.000,700.000,-1,-1,2,0,2,0,2,0,0,0,0,2,0,0,2,0,0,2,2
102,5950.678,-11505.932,-204.523,-191.398,-0.978972,-0.197303,0.051816,0.199756,-0.978699,0.047392,0.041362,0.056746,0.997532,0,0.86421,-1.00000,51.852,-2.000,-1,400.000,-1,375.000,-1,325.000,325.000,300.000,300.000,-1,475.000,525.000,-1,775.000,700.000,-1,-1,2,0,2,0,2,0,0,0,0,2,0,0,2,0,0,2,2
103,5900.166,-11493.901,-202.654,-193.398,-0.971418,-0.231321,0.053271,0.233830,-0.971144,0.046938,0.040875,0.058053,0.997476,0,0.86540,-1.00000,51.924,-2.000,-1,400.000,-1,375.000,-1,325.000,325.000,300.000,300.000,-1,450.000,500.000,-1,750.000,700.000,-1,-1,2,0,2,0,2,0,0,0,0,2,0,0,2,0,0,2,2
104,5850.030,-11480.094,-200.808,-195.398,-0.962687,-0.265056,0.054590,0.267605,-0.962418,0.046254,0.040279,0.059136,0.997437,0,0.86668,-1.00000,52.001,-2.000,-1,400.000,-1,375.000,-1,325.000,325.000,300.000,300.000,-1,450.000,500.000,-1,750.000,700.000,-1,-1,2,0,2,0,2,0,0,0,0,2,0,0,2,0,0,2,2
105,5800.330,-11464.521,-198.772,-197.398,-0.952832,-0.298480,0.054966,0.300985,-0.952576,0.044810,0.038984,0.059240,0.997482,0,0.86804,-1.00000,52.082,-2.000,-1,400.000,-1,375.000,-1,325.000,300.000,325.000,300.000,-1,475.000,525.000,-1,750.000,700.000,-1,-1,2,0,2,0,2,0,0,0,0,2,0,0,2,0,0,2,2
106,5751.122,-11447.194,-196.792,-199.398,-0.941814,-0.331542,0.055367,0.334004,-0.941576,0.043318,0.037770,0.059291,0.997526,0,0.86948,-1.00000,52.169,-2.000,-1,400.000,-1,375.000,-1,325.000,300.000,325.000,300.000,-1,475.000,525.000,-1,750.000,700.000,-1,-1,2,0,2,0,2,0,0,0,0,2,0,0,2,0,0,2,2
107,5702.464,-11428.127,-194.873,-201.398,-0.929649,-0.364199,0.055773,0.366623,-0.929429,0.041831,0.036603,0.059336,0.997567,0,0.87100,-1.00000,52.260,-2.000,-1,400.000,-1,375.000,-1,325.000,300.000,325.000,300.000,-1,500.000,550.000,-1,725.000,675.000,-1,-1,2,0,2,0,2,0,0,0,0,2,0,0,2,0,0,2,2
108,5654.412,-11407.335,-193.013,-203.398,-0.916351,-0.396413,0.056185,0.398800,-0.916150,0.040356,0.035476,0.059387,0.997604,0,0.87259,-1.00000,52.356,-2.000,-1,400.000,-1,375.000,-1,325.000,300.000,325.000,300.000,-1,525.000,575.000,-1,725.000,675.000,-1,-1,2,0,2,0,2,0,0,0,0,2,0,0,2,0,0,2,2
109,5607.025,-11384.836,-191.209,-205.398,-0.901937,-0.428143,0.056603,0.430497,-0.901753,0.038906,0.034385,0.059458,0.997638,0,0.87427,-1.00000,52.456,-2.000,-1,400.000,-1,375.000,-1,325.000,300.000,325.000,300.000,-1,550.000,575.000,-1,700.000,675.000,-1,-1,2,0,2,0,2,0,0,0,0,2,0,0,2,0,0,2,2
110,5557.030,-11359.189,-189.293,-207.158,-0.888328,-0.455637,0.057176,0.457970,-0.888179,0.037444,0.033721,0.059447,0.997662,0,0.93648,-0.88000,56.189,-1.760,-1,375.000,-1,375.000,-1,325.000,300.000,325.000,300.000,-1,575.000,600.000,-1,700.000,650.000,-1,-1,2,0,2,0,2,0,0,0,0,2,0,0,2,0,0,2,2
111,5507.531,-11332.113,-187.380,-208.678,-0.875888,-0.479037,0.057824,0.481359,-0.875782,0.036040,0.033377,0.059401,0.997676,0,0.94033,-0.76000,56.420,-1.520,-1,375.000,-1,375.000,1000.000,325.000,300.000,325.000,300.000,-1,575.000,625.000,-1,700.000,650.000,-1,-1,2,0,2,0,1,0,0,0,0,2,0,0,2,0,0,2,2
112,5458.470,-11303.836,-185.465,-209.958,-0.864922,-0.498485,0.058505,0.500799,-0.864868,0.034677,0.033313,0.059293,0.997685,0,0.94376,-0.64000,56.626,-1.280,-1,375.000,-1,375.000,950.000,300.000,300.000,325.000,325.000,-1,600.000,650.000,-1,675.000,650.000,-1,-1,2,0,2,0,1,0,0,0,0,2,0,0,2,0,0,2,2
113,5409.783,-11274.584,-183.538,-210.998,-0.855680,-0.514106,0.059225,0.516418,-0.855687,0.033341,0.033537,0.059114,0.997688,0,0.94664,-0.52000,56.798,-1.040,-1,375.000,-1,375.000,900.000,300.000,300.000,325.000,325.000,-1,600.000,675.000,-1,675.000,625.000,-1,-1,2,0,2,0,1,0,0,0,0,2,0,0,2,0,0,2,2
114,5361.398,-11244.586,-181.589,-211.798,-0.848359,-0.526011,0.059988,0.528324,-0.848440,0.031999,0.034064,0.058840,0.997686,0,0.94882,-0.40000,56.929,-0.800,-1,375.000,-1,375.000,875.000,300.000,300.000,325.000,325.000,-1,600.000,675.000,-1,675.000,625.000,-1,-1,2,0,2,0,1,0,0,0,0,2,0,0,2,0,0,2,2
115,5313.366,-11213.877,-179.510,-212.593,-0.840880,-0.537733,0.061343,0.540088,-0.841043,0.030843,0.035007,0.059066,0.997640,0,0.95015,-0.39777,57.009,-0.796,-1,375.000,-1,375.000,825.000,300.000,300.000,325.000,300.000,-1,600.000,675.000,-1,675.000,625.000,-1,975.000,2,0,2,0,1,0,0,0,0,2,0,0,2,0,0,2,1
116,5265.733,-11182.453,-177.149,-213.413,-0.832955,-0.549706,0.063322,0.552117,-0.833259,0.029074,0.036782,0.059179,0.997570,0,0.95107,-0.40983,57.064,-0.820,-1,375.000,-1,375.000,800.000,300.000,300.000,325.000,300.000,-1,550.000,625.000,-1,675.000,625.000,-1,925.000,2,0,2,0,1,0,0,0,0,2,0,0,2,0,0,2,1
117,5218.539,-11150.312,-174.685,-214.257,-0.824604,-0.561921,0.065370,0.564376,-0.825080,0.026869,0.038837,0.059049,0.997499,0,0.95164,-0.42188,57.098,-0.844,-1,375.000,-1,350.000,750.000,300.000,300.000,325.000,300.000,-1,525.000,600.000,-1,675.000,625.000,-1,875.000,2,0,2,0,1,0,0,0,0,2,0,0,2,0,0,2,1
118,5175.626,-11120.419,-172.385,-214.861,-0.818474,-0.570592,0.067271,0.573081,-0.819126,0.024741,0.040986,0.058801,0.997428,0,0.87164,-0.30188,52.298,-0.604,-1,375.000,-1,350.000,725.000,300.000,300.000,325.000,300.000,-1,500.000,550.000,-1,675.000,625.000,-1,850.000,2,0,2,0,1,0,0,0,0,2,0,0,2,0,0,2,1
119,5133.409,-11090.611,-170.037,-215.224,-0.814669,-0.575799,0.069070,0.578303,-0.815511,0.022525,0.043357,0.058294,0.997358,0,0.86132,-0.18188,51.679,-0.364,-1,375.000,-1,350.000,700.000,300.000,300.000,325.000,300.000,-1,475.000,525.000,-1,675.000,625.000,-1,825.000,2,0,2,0,1,0,0,0,0,2,0,0,2,0,0,2,1
120,5091.193,-11060.667,-167.601,-215.348,-0.813251,-0.577582,0.070869,0.580093,-0.814297,0.020291,0.045988,0.057612,0.997279,0,0.86262,-0.06188,51.757,-0.124,-1,375.000,-1,350.000,650.000,300.000,300.000,325.000,300.000,-1,450.000,500.000,-1,675.000,625.000,-1,775.000,2,0,2,0,1,0,0,0,0,2,0,0,2,0,0,2,1
121,5049.045,-11030.617,-165.069,-215.487,-0.811667,-0.579582,0.072667,0.582094,-0.812922,0.018045,0.048614,0.056945,0.997193,0,0.86272,-0.06967,51.763,-0.139,-1,375.000,-1,350.000,625.000,300.000,300.000,325.000,300.000,-1,425.000,450.000,-1,675.000,625.000,-1,750.000,2,0,2,0,1,0,0,0,0,2,0,0,2,0,0,2,1
122,5007.004,-11000.467,-162.347,-215.647,-0.809859,-0.581875,0.074495,0.584348,-0.811361,0.015162,0.051620,0.055810,0.997106,0,0.86224,-0.07954,51.734,-0.159,-1,375.000,-1,350.000,600.000,300.000,300.000,325.000,300.000,-1,400.000,425.000,-1,675.000,625.000,-1,725.000,2,0,2,0,1,0,0,0,0,2,0,0,2,0,0,2,1
123,4965.108,-10970.222,-159.543,-215.825,-0.807842,-0.584438,0.076318,0.586857,-0.809599,0.012153,0.054685,0.054606,0.997009,0,0.86120,-0.08921,51.672,-0.178,-1,375.000,-1,350.000,575.000,300.000,300.000,300.000,300.000,-1,375.000,400.000,-1,675.000,625.000,-1,700.000,2,0,2,0,1,0,0,0,0,2,0,0,2,0,0,2,1
124,4923.393,-10939.888,-156.686,-216.022,-0.805619,-0.587260,0.078129,0.589615,-0.807633,0.009143,0.057730,0.053431,0.996901,0,0.85962,-0.09866,51.577,-0.197,-1,375.000,-1,350.000,550.000,300.000,300.000,300.000,325.000,-1,350.000,375.000,-1,675.000,625.000,-1,700.000,2,0,2,0,1,0,0,0,0,2,0,0,2,0,0,2,1
125,4881.895,-10909.474,-153.779,-216.238,-0.803193,-0.590333,0.079922,0.592612,-0.805465,0.006132,0.060755,0.052288,0.996782,0,0.85750,-0.10789,51.450,-0.216,-1,375.000,-1,350.000,525.000,300.000,300.000,300.000,325.000,-1,325.000,350.000,-1,675.000,625.000,-1,700.000,2,0,2,0,1,0,0,0,0,2,0,0,2,0,1,2,1
126,4840.649,-10878.984,-150.825,-216.472,-0.800567,-0.593648,0.081696,0.595842,-0.803096,0.003122,0.063757,0.051177,0.996652,0,0.85485,-0.11687,51.291,-0.234,-1,375.000,-1,350.000,500.000,300.000,300.000,300.000,325.000,-1,300.000,325.000,-1,675.000,625.000,-1,-1,2,0,2,0,1,0,0,0,0,2,0,0,2,0,1,2,2
127,4803.260,-10851.352,-148.003,-216.466,-0.800444,-0.593586,0.083336,0.595715,-0.803195,0.000855,0.066427,0.050329,0.996521,0,0.77485,0.00313,46.491,0.006,-1,375.000,-1,350.000,475.000,300.000,300.000,300.000,325.000,-1,300.000,325.000,-1,675.000,625.000,-1,-1,2,0,2,0,1,0,0,0,0,2,0,0,2,0,0,2,2
128,4766.889,-10824.713,-145.087,-216.219,-0.802826,-0.590156,0.084780,0.592219,-0.805776,-0.000996,0.068901,0.049409,0.996399,0,0.75136,0.12313,45.082,0.246,-1,375.000,-1,375.000,475.000,300.000,300.000,300.000,300.000,-1,300.000,325.000,-1,675.000,625.000,-1,-1,2,0,2,0,1,0,0,0,0,2,0,0,2,0,0,2,2
129,4730.559,-10798.574,-141.966,-215.733,-0.807703,-0.583346,0.085580,0.585281,-0.810825,-0.003013,0.071148,0.047654,0.996327,0,0.74595,0.24313,44.757,0.486,-1,375.000,-1,375.000,475.000,300.000,300.000,300.000,300.000,-1,300.000,350.000,-1,675.000,625.000,-1,-1,2,0,2,0,1,0,0,0,0,2,0,0,2,0,0,2,2
130,4694.340,-10772.983,-138.668,-215.243,-0.812514,-0.576423,0.086939,0.578263,-0.815836,-0.004838,0.073717,0.046342,0.996202,0,0.73912,0.24510,44.347,0.490,-1,375.000,-1,375.000,475.000,300.000,300.000,300.000,300.000,-1,325.000,350.000,-1,675.000,650.000,-1,-1,2,0,2,0,1,0,0,0,0,2,0,0,2,0,0,2,2
131,4658.270,-10747.944,-135.180,-214.768,-0.817049,-0.569666,0.088942,0.571450,-0.820611,-0.006426,0.076648,0.045575,0.996016,0,0.73180,0.23727,43.908,0.475,-1,375.000,-1,375.000,525.000,300.000,300.000,300.000,300.000,-1,325.000,375.000,-1,675.000,650.000,-1,-1,2,0,2,0,1,0,0,0,0,2,0,0,2,0,0,2,2
132,4622.381,-10723.453,-131.622,-214.309,-0.821375,-0.563081,0.091010,0.564811,-0.825182,-0.007939,0.079571,0.044882,0.995818,0,0.72414,0.22988,43.449,0.460,-1,375.000,-1,375.000,-1,300.000,300.000,300.000,300.000,-1,325.000,375.000,-1,700.000,650.000,-1,-1,2,0,2,0,2,0,0,0,0,2,0,0,2,0,0,2,2
133,4586.697,-10699.508,-128.040,-213.863,-0.825524,-0.556661,0.092944,0.558325,-0.829568,-0.009439,0.082358,0.044101,0.995627,0,0.71622,0.22296,42.973,0.446,-1,375.000,-1,375.000,-1,300.000,300.000,300.000,300.000,-1,350.000,375.000,-1,700.000,675.000,-1,-1,2,0,2,0,2,0,0,0,0,2,0,0,2,0,0,2,2
134,4551.237,-10676.107,-124.438,-213.422,-0.829587,-0.550281,0.094747,0.551867,-0.833860,-0.010928,0.085020,0.043222,0.995441,0,0.70809,0.22050,42.486,0.441,-1,375.000,-1,375.000,-1,300.000,300.000,300.000,300.000,-1,350.000,375.000,-1,700.000,675.000,-1,-1,2,0,2,0,2,0,0,0,0,2,0,0,2,0,0,2,2
135,4516.014,-10653.249,-120.814,-212.982,-0.833603,-0.543887,0.096398,0.545382,-0.838095,-0.012417,0.087544,0.042223,0.995265,0,0.69982,0.21989,41.989,0.440,-1,375.000,-1,375.000,-1,300.000,300.000,300.000,300.000,-1,350.000,400.000,-1,725.000,675.000,-1,-1,2,0,2,0,2,0,0,0,0,2,0,0,2,0,0,2,2
