timestep,x_cm,y_cm,z_cm,yaw_deg,basis_xx,basis_xy,basis_xz,basis_yx,basis_yy,basis_yz,basis_zx,basis_zy,basis_zz,teleport_flag,throttle_cmd,steering_cmd,cmd_move_cm,cmd_turn_deg,lidar_cm_0,lidar_cm_1,lidar_cm_2,lidar_cm_3,lidar_cm_4,lidar_cm_5,lidar_cm_6,lidar_cm_7,lidar_cm_8,lidar_cm_9,lidar_cm_10,lidar_cm_11,lidar_cm_12,lidar_cm_13,lidar_cm_14,lidar_cm_15,lidar_cm_16,lidar_class_0,lidar_class_1,lidar_class_2,lidar_class_3,lidar_class_4,lidar_class_5,lidar_class_6,lidar_class_7,lidar_class_8,lidar_class_9,lidar_class_10,lidar_class_11,lidar_class_12,lidar_class_13,lidar_class_14,lidar_class_15,lidar_class_16
0,-6883.396,-4916.674,-236.810,35.702,0.811935,-0.583085,0.027804,0.580293,0.811388,0.070059,-0.063410,-0.040749,0.997155,1,0.08000,0.12000,4.800,0.240,-1,375.000,-1,400.000,-1,325.000,325.000,300.000,325.000,-1,-1,-1,-1,700.000,775.000,-1,-1,2,0,2,0,2,0,0,0,0,2,2,2,2,0,0,2,2
1,-6875.647,-4911.007,-237.399,36.182,0.807016,-0.589876,0.027778,0.587086,0.806494,0.069983,-0.063684,-0.040169,0.997161,0,0.16000,0.24000,9.600,0.480,-1,375.000,-1,400.000,-1,325.000,325.000,300.000,325.000,-1,-1,-1,-1,700.000,775.000,-1,-1,2,0,2,0,2,0,0,0,0,2,2,2,2,0,0,2,2
2,-6864.132,-4902.361,-238.287,36.902,0.799531,-0.599984,0.027729,0.597197,0.799046,0.069870,-0.064078,-0.039304,0.997171,0,0.24000,0.36000,14.400,0.720,-1,375.000,-1,400.000,-1,325.000,325.000,300.000,325.000,-1,-1,-1,-1,700.000,750.000,-1,-1,2,0,2,0,2,0,0,0,0,2,2,2,2,0,0,2,2
3,-6848.973,-4890.577,-239.478,37.862,0.789354,-0.613315,0.027654,0.610532,0.788916,0.069723,-0.064579,-0.038152,0.997183,0,0.32000,0.48000,19.200,0.960,-1,375.000,-1,400.000,-1,325.000,325.000,300.000,325.000,-1,-1,-1,-1,700.000,750.000,-1,-1,2,0,2,0,2,0,0,0,0,2,2,2,2,0,0,2,2
4,-6830.338,-4875.454,-240.978,39.062,0.776321,-0.629736,0.027543,0.626961,0.775941,0.069541,-0.065164,-0.036718,0.997199,0,0.40000,0.60000,24.000,1.200,-1,375.000,1000.000,400.000,-1,325.000,325.000,300.000,325.000,-1,-1,-1,-1,700.000,750.000,-1,-1,2,0,1,0,2,0,0,0,0,2,2,2,2,0,0,2,2
5,-6808.361,-4856.841,-242.790,40.263,0.762931,-0.645899,0.027412,0.643136,0.762609,0.069311,-0.065673,-0.035250,0.997218,0,0.48000,0.60061,28.800,1.201,-1,375.000,950.000,400.000,-1,325.000,325.000,300.000,325.000,-1,-1,-1,-1,700.000,750.000,-1,-1,2,0,1,0,2,0,0,0,0,2,2,2,2,0,0,2,2
6,-6783.178,-4834.598,-244.992,41.454,0.749323,-0.661643,0.027269,0.658921,0.749071,0.068676,-0.065866,-0.033492,0.997266,0,0.56000,0.59522,33.600,1.190,-1,375.000,925.000,400.000,-1,325.000,325.000,300.000,325.000,-1,-1,-1,-1,725.000,750.000,-1,-1,2,0,1,0,2,0,0,0,0,2,2,2,2,0,0,2,2
7,-6754.925,-4808.592,-247.530,42.632,0.735537,-0.676943,0.027102,0.674274,0.735355,0.067887,-0.065885,-0.031659,0.997325,0,0.64000,0.58897,38.400,1.178,-1,375.000,875.000,400.000,-1,325.000,325.000,300.000,325.000,-1,-1,-1,-1,725.000,750.000,-1,-1,2,0,1,0,2,0,0,0,0,2,2,2,2,0,0,2,2
8,-6724.665,-4779.579,-250.297,43.795,0.721613,-0.691775,0.026893,0.689163,0.721496,0.067075,-0.065804,-0.029868,0.997385,0,0.69870,0.58182,41.922,1.164,-1,375.000,825.000,400.000,-1,325.000,325.000,300.000,325.000,-1,-1,-1,-1,725.000,750.000,-1,-1,2,0,1,0,2,0,0,0,0,2,2,2,2,1,0,2,2
9,-6694.913,-4749.887,-253.066,44.943,0.707586,-0.706125,0.026642,0.703569,0.707527,0.066308,-0.065672,-0.028175,0.997443,0,0.70055,0.57396,42.033,1.148,-1,375.000,800.000,400.000,-1,325.000,325.000,300.000,325.000,-1,-1,-1,-1,700.000,725.000,-1,-1,2,0,1,0,2,0,0,0,0,2,2,2,2,1,0,2,2
10,-6665.674,-4719.531,-255.837,46.075,0.693478,-0.719996,0.026344,0.717496,0.693469,0.065585,-0.065490,-0.026580,0.997499,0,0.70246,0.56601,42.148,1.132,-1,375.000,750.000,400.000,-1,325.000,325.000,300.000,325.000,-1,-1,-1,-1,700.000,675.000,-1,975.000,2,0,1,0,2,0,0,0,0,2,2,2,2,1,1,2,1
11,-6633.653,-4685.198,-258.905,46.996,0.681810,-0.731068,0.025971,0.728627,0.681836,0.064829,-0.065102,-0.025278,0.997558,0,0.78246,0.46023,46.948,0.920,-1,375.000,700.000,375.000,-1,325.000,325.000,300.000,325.000,-1,-1,-1,-1,675.000,625.000,-1,875.000,2,0,1,0,2,0,0,0,0,2,2,2,2,1,1,2,1
12,-6600.185,-4648.157,-262.192,47.902,0.670128,-0.741790,0.026005,0.739418,0.670220,0.063767,-0.064731,-0.023504,0.997626,0,0.83203,0.45300,49.922,0.906,-1,375.000,650.000,375.000,-1,325.000,300.000,300.000,325.000,-1,975.000,1000.000,-1,650.000,575.000,1000.000,775.000,2,0,1,0,2,0,1,0,0,2,0,0,2,1,1,1,1
13,-6567.003,-4610.266,-265.486,48.792,0.658495,-0.752139,0.025909,0.749832,0.658640,0.062807,-0.064304,-0.021931,0.997689,0,0.83945,0.44503,50.367,0.890,-1,375.000,600.000,375.000,-1,325.000,300.000,300.000,325.000,-1,975.000,925.000,-1,600.000,500.000,975.000,700.000,2,0,1,1,2,1,1,0,0,2,0,0,2,1,1,1,1
14,-6534.108,-4571.526,-268.784,49.665,0.646939,-0.762111,0.025652,0.759868,0.647120,0.061945,-0.063809,-0.020582,0.997750,0,0.84703,0.43660,50.822,0.873,-1,375.000,575.000,350.000,1000.000,300.000,275.000,300.000,325.000,-1,950.000,875.000,-1,575.000,450.000,925.000,625.000,2,0,1,1,1,1,1,0,0,2,0,0,2,1,1,1,1
15,-6501.500,-4531.942,-272.083,50.520,0.635482,-0.771704,0.025228,0.769521,0.635684,0.061174,-0.063246,-0.019462,0.997808,0,0.85476,0.42769,51.285,0.855,-1,375.000,525.000,325.000,825.000,300.000,275.000,300.000,325.000,-1,925.000,850.000,-1,550.000,400.000,900.000,525.000,2,0,1,1,1,1,1,0,0,2,0,0,2,1,1,1,1
16,-6469.179,-4491.517,-275.374,51.357,0.624149,-0.780916,0.024655,0.778790,0.624360,0.060503,-0.062641,-0.018562,0.997863,0,0.86263,0.41828,51.758,0.837,-1,375.000,475.000,275.000,675.000,275.000,250.000,300.000,325.000,-1,875.000,850.000,-1,500.000,375.000,875.000,450.000,2,1,1,1,1,1,1,0,0,2,0,0,2,1,1,1,1
17,-6437.143,-4450.256,-278.641,52.174,0.612960,-0.789747,0.024054,0.787673,0.613175,0.059900,-0.062055,-0.017770,0.997915,0,0.87063,0.40835,52.238,0.817,-1,350.000,425.000,250.000,550.000,250.000,225.000,300.000,325.000,-1,875.000,825.000,-1,475.000,325.000,825.000,375.000,2,1,1,1,1,1,1,0,0,2,0,0,2,1,1,1,1
18,-6405.390,-4408.166,-281.897,52.969,0.601946,-0.798195,0.023354,0.796170,0.602155,0.059353,-0.061438,-0.017134,0.997964,0,0.87874,0.39786,52.724,0.796,-1,325.000,375.000,225.000,425.000,225.000,200.000,300.000,325.000,-1,850.000,800.000,-1,425.000,275.000,775.000,325.000,2,1,1,1,1,1,1,0,0,2,0,0,2,1,1,1,1
19,-6373.918,-4365.253,-283.890,53.743,0.591428,-0.806187,0.016590,0.804336,0.591276,0.058621,-0.057069,-0.021326,0.998142,0,0.88695,0.38677,53.217,0.774,-1,300.000,325.000,200.000,325.000,225.000,175.000,300.000,325.000,-1,650.000,650.000,-1,375.000,250.000,750.000,250.000,2,1,1,1,1,1,1,0,0,2,0,0,2,1,1,1,1
20,-6342.728,-4321.524,-282.545,54.493,0.581599,-0.813453,-0.006106,0.812350,0.580383,0.056948,-0.042781,-0.038082,0.998358,0,0.89524,0.37504,53.715,0.750,-1,275.000,300.000,175.000,275.000,200.000,175.000,300.000,375.000,-1,325.000,425.000,-1,350.000,225.000,725.000,225.000,2,1,1,1,1,1,1,0,0,2,0,0,2,1,1,1,1
21,-6311.812,-4276.990,-280.186,55.218,0.571499,-0.819911,-0.033684,0.820207,0.569468,0.054466,-0.025475,-0.058755,0.997947,0,0.90358,0.36262,54.215,0.725,-1,250.000,300.000,175.000,250.000,200.000,150.000,275.000,450.000,950.000,175.000,300.000,-1,350.000,200.000,725.000,200.000,2,1,1,1,1,1,1,0,0,1,0,0,2,1,1,1,1
22,-6281.166,-4231.663,-276.807,55.917,0.560744,-0.825341,-0.066166,0.827973,0.558440,0.051044,-0.005179,-0.083406,0.996502,0,0.91193,0.34945,54.716,0.699,-1,250.000,275.000,150.000,200.000,175.000,150.000,275.000,550.000,650.000,100.000,250.000,-1,325.000,175.000,700.000,175.000,2,1,1,1,1,1,1,0,0,0,0,0,2,1,1,1,1
23,2295.740,-8855.834,-341.486,-168.442,-0.932229,0.192685,0.306302,-0.088519,-0.942156,0.323276,0.350875,0.274254,0.895361,1,0.00000,0.00000,55.215,0.671,425.000,400.000,-1,525.000,225.000,450.000,600.000,575.000,450.000,-1,0.000,0.000,625.000,725.000,-1,475.000,325.000,1,1,2,1,1,1,1,1,1,2,1,1,1,1,2,1,1
24,-6231.356,-5575.447,-220.854,-164.981,-0.964229,0.258853,0.057078,-0.255228,-0.964778,0.063735,0.071566,0.046887,0.996333,1,0.00000,0.00000,4.800,-0.240,-1,400.000,-1,425.000,-1,325.000,325.000,300.000,300.000,-1,-1,-1,-1,825.000,875.000,-1,-1,2,0,2,0,2,0,0,0,0,2,2,2,2,0,0,2,2
25,-6235.987,-5576.710,-220.510,-164.741,-0.963143,0.262894,0.056939,-0.259272,-0.963694,0.063818,0.071650,0.046703,0.996336,0,0.08000,0.12000,4.800,0.240,-1,400.000,-1,425.000,-1,325.000,325.000,300.000,300.000,-1,-1,-1,-1,800.000,875.000,-1,-1,2,0,2,0,2,0,0,0,0,2,2,2,2,0,0,2,2
26,-6245.227,-5579.314,-219.817,-164.261,-0.960920,0.270963,0.056665,-0.267347,-0.961474,0.063979,0.071818,0.046330,0.996341,0,0.16000,0.24000,9.600,0.480,-1,400.000,-1,425.000,-1,325.000,325.000,300.000,300.000,-1,-1,-1,-1,800.000,875.000,-1,-1,2,0,2,0,2,0,0,0,0,2,2,2,2,0,0,2,2
27,-6259.037,-5583.393,-218.767,-163.541,-0.957459,0.283031,0.056258,-0.279424,-0.958018,0.064213,0.072070,0.045761,0.996349,0,0.24000,0.36000,14.400,0.720,-1,400.000,-1,425.000,-1,325.000,325.000,300.000,300.000,-1,-1,-1,-1,800.000,875.000,-1,-1,2,0,2,0,2,0,0,0,0,2,2,2,2,0,0,2,2
28,-6277.356,-5589.140,-217.350,-162.581,-0.952608,0.299053,0.055724,-0.295458,-0.953176,0.064505,0.072406,0.044984,0.996360,0,0.32000,0.48000,19.200,0.960,-1,400.000,-1,400.000,-1,325.000,325.000,300.000,300.000,-1,-1,-1,-1,800.000,875.000,-1,-1,2,0,2,0,2,0,0,0,0,2,2,2,2,0,0,2,2
29,-6300.100,-5596.802,-215.551,-161.381,-0.946166,0.318964,0.055072,-0.315385,-0.946746,0.064842,0.072822,0.043982,0.996375,0,0.40000,0.60000,24.000,1.200,-1,400.000,-1,400.000,-1,325.000,325.000,275.000,300.000,-1,-1,-1,-1,825.000,875.000,-1,-1,2,0,2,0,2,0,0,0,0,2,2,2,2,0,0,2,2
30,-6327.153,-5606.680,-213.351,-159.941,-0.937883,0.342673,0.054312,-0.339116,-0.938482,0.065201,0.073313,0.042733,0.996393,0,0.48000,0.72000,28.800,1.440,-1,400.000,-1,400.000,-1,325.000,325.000,275.000,300.000,-1,-1,-1,-1,850.000,850.000,-1,-1,2,0,2,0,2,0,0,0,0,2,2,2,2,0,0,2,2
31,-6358.363,-5619.123,-210.730,-158.261,-0.927467,0.370063,0.053456,-0.366534,-0.928092,0.065556,0.073872,0.041208,0.996416,0,0.56000,0.84000,33.600,1.680,-1,400.000,-1,400.000,-1,325.000,325.000,275.000,300.000,-1,-1,-1,-1,875.000,850.000,-1,-1,2,0,2,0,2,0,0,0,0,2,2,2,2,0,0,2,2
32,-6393.536,-5634.532,-207.664,-156.341,-0.914580,0.400980,0.052522,-0.397486,-0.915240,0.065878,0.074486,0.039374,0.996444,0,0.64000,0.96000,38.400,1.920,-1,400.000,-1,400.000,-1,325.000,325.000,275.000,300.000,-1,-1,-1,-1,900.000,875.000,-1,-1,2,0,2,0,2,0,0,0,0,2,2,2,2,0,0,2,2
33,-6429.688,-5651.898,-204.465,-154.341,-0.900052,0.432706,0.051682,-0.429223,-0.900748,0.066487,0.075322,0.037659,0.996448,0,0.66846,1.00000,40.107,2.000,-1,400.000,-1,425.000,-1,325.000,325.000,275.000,300.000,-1,-1,-1,-1,925.000,875.000,-1,-1,2,0,2,0,2,0,0,0,0,2,2,2,2,0,0,2,2
34,-6465.243,-5670.532,-201.331,-152.341,-0.884412,0.463900,0.051104,-0.460370,-0.885141,0.067717,0.076648,0.036363,0.996395,0,0.66905,1.00000,40.143,2.000,-1,400.000,-1,425.000,-1,325.000,325.000,300.000,300.000,-1,-1,-1,-1,975.000,875.000,-1,-1,2,0,2,0,2,0,0,0,0,2,2,2,2,0,0,2,2
35,-6500.159,-5690.414,-198.203,-150.341,-0.867715,0.494528,0.050124,-0.490958,-0.868446,0.069012,0.077658,0.035274,0.996356,0,0.66966,1.00000,40.180,2.000,-1,400.000,-1,425.000,-1,325.000,325.000,300.000,300.000,-1,-1,-1,-1,1000.000,875.000,-1,-1,2,0,2,0,2,0,0,0,0,2,2,2,2,0,0,2,2
36,-6534.391,-5711.522,-195.103,-148.341,-0.849989,0.524550,0.048640,-0.520951,-0.850682,0.070362,0.078285,0.034468,0.996335,0,0.67030,1.00000,40.218,2.000,-1,400.000,-1,425.000,-1,325.000,325.000,300.000,300.000,-1,-1,-1,-1,-1,875.000,-1,-1,2,0,2,0,2,0,0,0,0,2,2,2,2,2,0,2,2
37,-6567.900,-5733.835,-191.946,-146.341,-0.831231,0.553935,0.047028,-0.550318,-0.831881,0.071586,0.078776,0.033624,0.996325,0,0.67097,1.00000,40.258,2.000,-1,400.000,-1,425.000,-1,325.000,325.000,300.000,300.000,-1,-1,-1,-1,-1,875.000,-1,-1,2,0,2,0,2,0,0,0,0,2,2,2,2,2,0,2,2
38,-6600.645,-5757.329,-188.733,-144.341,-0.811463,0.582646,0.045294,-0.579023,-0.812066,0.072669,0.079122,0.032742,0.996327,0,0.67169,1.00000,40.302,2.000,-1,425.000,-1,400.000,-1,325.000,325.000,300.000,300.000,-1,-1,-1,-1,-1,875.000,-1,-1,2,0,2,0,2,0,0,0,0,2,2,2,2,2,0,2,2
39,-6632.587,-5781.979,-185.465,-142.341,-0.790708,0.610650,0.043445,-0.607034,-0.791261,0.073598,0.079318,0.031822,0.996341,0,0.67247,1.00000,40.348,2.000,-1,425.000,-1,400.000,-1,325.000,325.000,300.000,300.000,-1,-1,-1,-1,-1,875.000,-1,-1,2,0,2,0,2,0,0,0,0,2,2,2,2,2,0,2,2
40,-6663.688,-5807.762,-182.243,-140.341,-0.768957,0.637920,0.041989,-0.634316,-0.769500,0.074253,0.079678,0.030463,0.996355,0,0.67330,1.00000,40.398,2.000,-1,425.000,-1,400.000,-1,325.000,325.000,300.000,300.000,-1,-1,-1,-1,-1,875.000,-1,-1,2,0,2,0,2,0,0,0,0,2,2,2,2,2,0,2,2
41,-6693.911,-5834.649,-179.383,-138.341,-0.746201,0.664446,0.041173,-0.660974,-0.746835,0.073154,0.079357,0.027373,0.996470,0,0.67420,1.00000,40.452,2.000,-1,450.000,-1,400.000,-1,325.000,325.000,300.000,300.000,-1,-1,-1,-1,-1,925.000,-1,-1,2,0,2,0,2,0,0,0,0,2,2,2,2,2,0,2,2
42,-6723.220,-5862.614,-176.602,-136.341,-0.722514,0.690170,0.040477,-0.686887,-0.723259,0.071299,0.078484,0.023711,0.996633,0,0.67519,1.00000,40.511,2.000,-1,450.000,-1,400.000,-1,350.000,325.000,300.000,300.000,-1,-1,-1,-1,-1,950.000,-1,-1,2,0,2,0,2,0,0,0,0,2,2,2,2,2,0,2,2
43,-6751.580,-5891.632,-173.789,-134.341,-0.697934,0.715050,0.039907,-0.711965,-0.698789,0.069283,0.077427,0.019943,0.996799,0,0.67625,1.00000,40.575,2.000,-1,450.000,-1,400.000,-1,350.000,325.000,300.000,300.000,-1,-1,-1,-1,-1,975.000,-1,-1,2,0,2,0,2,0,0,0,0,2,2,2,2,2,0,2,2
44,-6778.957,-5921.673,-170.944,-132.341,-0.672489,0.739053,0.039480,-0.736175,-0.673455,0.067111,0.076187,0.016068,0.996964,0,0.67741,1.00000,40.645,2.000,-1,450.000,-1,400.000,-1,350.000,325.000,300.000,300.000,-1,-1,-1,-1,-1,1000.000,-1,-1,2,0,2,0,2,0,0,0,0,2,2,2,2,2,0,2,2
45,-6808.520,-5956.187,-167.740,-130.581,-0.649415,0.759429,0.039098,-0.756780,-0.650474,0.064565,0.074465,0.012340,0.997147,0,0.75741,0.88000,45.445,1.760,-1,450.000,-1,425.000,-1,350.000,350.000,300.000,300.000,-1,-1,-1,-1,-1,-1,-1,-1,2,0,2,0,2,0,0,0,0,2,2,2,2,2,2,2,2
46,-6840.182,-5995.199,-164.165,-129.061,-0.628989,0.776446,0.038788,-0.774053,-0.630125,0.061517,0.072206,0.008669,0.997352,0,0.83741,0.76000,50.245,1.520,-1,450.000,-1,425.000,-1,350.000,350.000,300.000,300.000,-1,-1,-1,-1,-1,-1,-1,-1,2,0,2,0,2,0,0,0,0,2,2,2,2,2,2,2,2
47,-6873.837,-6038.614,-160.247,-127.781,-0.611445,0.790347,0.038545,-0.788234,-0.612638,0.057986,0.069443,0.005073,0.997573,0,0.91554,0.64000,54.932,1.280,-1,450.000,-1,425.000,-1,350.000,350.000,300.000,325.000,-1,-1,-1,-1,-1,-1,-1,-1,2,0,2,0,2,0,0,0,0,2,2,2,2,2,2,2,2
48,-6906.712,-6082.654,-156.465,-126.741,-0.596979,0.801345,0.038231,-0.799466,-0.598198,0.054886,0.066853,0.002202,0.997760,0,0.91596,0.52000,54.958,1.040,-1,450.000,-1,450.000,-1,350.000,350.000,300.000,325.000,-1,-1,-1,-1,-1,-1,-1,-1,2,0,2,0,2,0,0,0,0,2,2,2,2,2,2,2,2
49,-6938.972,-6127.151,-153.181,-125.941,-0.585798,0.809621,0.036796,-0.807996,-0.586953,0.051280,0.063115,0.000309,0.998006,0,0.91603,0.40000,54.962,0.800,-1,450.000,-1,450.000,-1,350.000,350.000,300.000,325.000,-1,-1,-1,-1,-1,-1,-1,-1,2,0,2,0,2,0,0,0,0,2,2,2,2,2,2,2,2
50,-6970.783,-6171.946,-150.543,-125.381,-0.578093,0.815319,0.032605,-0.813946,-0.579012,0.047302,0.057445,0.000807,0.998348,0,0.91569,0.28000,54.941,0.560,-1,450.000,-1,450.000,-1,350.000,350.000,300.000,300.000,-1,-1,-1,-1,-1,-1,-1,-1,2,0,2,0,2,0,0,0,0,2,2,2,2,2,2,2,2
51,-7002.316,-6216.878,-147.944,-125.061,-0.573746,0.818539,0.028438,-0.817402,-0.574448,0.043159,0.051664,0.001517,0.998663,0,0.91490,0.16000,54.894,0.320,-1,450.000,-1,450.000,-1,350.000,350.000,300.000,300.000,-1,-1,-1,-1,-1,-1,-1,-1,2,0,2,0,2,0,0,0,0,2,2,2,2,2,2,2,2
52,-7033.743,-6261.791,-145.387,-124.981,-0.572796,0.819339,0.024262,-0.818419,-0.573304,0.038900,0.045781,0.002425,0.998949,0,0.91362,0.04000,54.817,0.080,-1,450.000,-1,425.000,-1,350.000,350.000,300.000,300.000,-1,-1,-1,-1,-1,1000.000,-1,-1,2,0,2,0,2,0,0,0,0,2,2,2,2,2,0,2,2
53,-7065.233,-6306.529,-142.876,-125.141,-0.575250,0.817732,0.020037,-0.817009,-0.575588,0.034571,0.039803,0.003516,0.999201,0,0.91183,-0.08000,54.710,-0.160,-1,450.000,-1,425.000,-1,350.000,350.000,325.000,300.000,-1,-1,-1,-1,-1,975.000,-1,-1,2,0,2,0,2,0,0,0,0,2,2,2,2,2,0,2,2
54,-7096.829,-6351.024,-140.628,-125.379,-0.578743,0.815337,0.016793,-0.814783,-0.578974,0.030279,0.034410,0.003841,0.999400,0,0.90954,-0.11884,54.573,-0.238,-1,450.000,-1,425.000,-1,350.000,350.000,325.000,275.000,-1,-1,-1,-1,-1,950.000,-1,-1,2,0,2,0,2,0,0,0,0,2,2,2,2,2,0,2,2
55,-7128.519,-6395.266,-138.874,-125.614,-0.582108,0.812960,0.015673,-0.812546,-0.582314,0.026082,0.030331,0.002448,0.999537,0,0.90701,-0.11742,54.421,-0.235,-1,450.000,-1,425.000,-1,350.000,350.000,300.000,275.000,-1,-1,-1,-1,-1,925.000,-1,-1,2,0,2,0,2,0,0,0,0,2,2,2,2,2,0,2,2
56,-7160.298,-6439.252,-137.198,-125.847,-0.585445,0.810583,0.014482,-0.810289,-0.585623,0.021853,0.026195,0.001059,0.999656,0,0.90441,-0.11675,54.265,-0.233,-1,450.000,-1,425.000,-1,350.000,350.000,300.000,275.000,-1,-1,-1,-1,-1,925.000,-1,-1,2,0,2,0,2,0,0,0,0,2,2,2,2,2,0,2,2
57,-7192.163,-6482.980,-135.782,-126.081,-0.588772,0.808188,0.013434,-0.808016,-0.588924,0.016707,0.021414,-0.001018,0.999770,0,0.90179,-0.11682,54.108,-0.234,-1,450.000,-1,425.000,-1,350.000,350.000,300.000,275.000,-1,-1,-1,-1,-1,900.000,-1,-1,2,0,2,0,2,0,0,0,0,2,2,2,2,2,0,2,2
58,-7224.116,-6526.453,-134.665,-126.316,-0.592110,0.805756,0.012786,-0.805702,-0.592232,0.010262,0.015841,-0.004225,0.999866,0,0.89922,-0.11763,53.953,-0.235,-1,450.000,-1,400.000,-1,350.000,325.000,300.000,275.000,-1,-1,-1,-1,-1,900.000,-1,-1,2,0,2,0,2,0,0,0,0,2,2,2,2,2,0,2,2
59,-7256.160,-6569.674,-133.578,-126.554,-0.595490,0.803270,0.012157,-0.803296,-0.595568,0.003888,0.010363,-0.007450,0.999919,0,0.89673,-0.11917,53.804,-0.238,-1,425.000,-1,400.000,-1,350.000,325.000,300.000,300.000,-1,-1,-1,-1,-1,875.000,-1,-1,2,0,2,0,2,0,0,0,0,2,2,2,2,2,0,2,2
60,-7288.303,-6612.646,-132.519,-126.797,-0.598934,0.800715,0.011545,-0.800783,-0.598950,-0.002415,0.004982,-0.010692,0.999930,0,0.89439,-0.12143,53.664,-0.243,-1,425.000,-1,400.000,-1,350.000,325.000,300.000,300.000,-1,-1,-1,-1,975.000,850.000,-1,-1,2,0,2,0,2,0,0,0,0,2,2,2,2,0,0,2,2
61,-7320.556,-6655.375,-132.003,-127.046,-0.602442,0.798083,0.011286,-0.798162,-0.602403,-0.006958,0.001245,-0.013200,0.999912,0,0.89225,-0.12440,53.535,-0.249,-1,425.000,-1,400.000,-1,350.000,325.000,300.000,300.000,-1,-1,-1,-1,950.000,850.000,-1,-1,2,0,2,0,2,0,0,0,0,2,2,2,2,0,0,2,2
62,-7352.930,-6697.869,-131.943,-127.302,-0.606031,0.795367,0.010857,-0.795441,-0.605954,-0.009690,-0.001129,-0.014508,0.999894,0,0.89036,-0.12808,53.422,-0.256,-1,425.000,-1,400.000,-1,350.000,325.000,300.000,300.000,-1,-1,-1,-1,950.000,850.000,-1,-1,2,0,2,0,2,0,0,0,0,2,2,2,2,0,0,2,2
63,-7385.442,-6740.138,-131.922,-127.567,-0.609728,0.792541,0.010497,-0.792604,-0.609612,-0.012331,-0.003374,-0.015838,0.999869,0,0.88876,-0.13244,53.325,-0.265,-1,425.000,-1,400.000,-1,350.000,325.000,300.000,300.000,-1,-1,-1,-1,925.000,850.000,-1,-1,2,0,2,0,2,0,0,0,0,2,2,2,2,0,0,2,2
64,-7418.109,-6782.189,-131.953,-127.842,-0.613551,0.789590,0.010152,-0.789636,-0.613396,-0.014883,-0.005524,-0.017148,0.999838,0,0.88749,-0.13749,53.249,-0.275,-1,425.000,-1,400.000,-1,350.000,325.000,300.000,300.000,-1,-1,-1,-1,925.000,825.000,-1,-1,2,0,2,0,2,0,0,0,0,2,2,2,2,0,0,2,2
65,-7450.953,-6824.034,-132.376,-128.128,-0.617519,0.786513,0.008191,-0.786509,-0.617335,-0.017362,-0.008599,-0.017163,0.999816,0,0.88659,-0.14320,53.195,-0.286,-1,425.000,-1,400.000,-1,325.000,325.000,300.000,300.000,-1,-1,-1,-1,900.000,825.000,-1,-1,2,0,2,0,2,0,0,0,0,2,2,2,2,0,0,2,2
66,-7483.997,-6865.684,-132.841,-128.428,-0.621639,0.783279,0.006284,-0.783219,-0.621433,-0.019738,-0.011555,-0.017192,0.999785,0,0.88610,-0.14958,53.166,-0.299,-1,425.000,-1,400.000,-1,325.000,325.000,300.000,300.000,-1,-1,-1,-1,900.000,800.000,-1,-1,2,0,2,0,2,0,0,0,0,2,2,2,2,0,0,2,2
67,-7517.267,-6907.151,-133.349,-128.741,-0.625927,0.779869,0.004434,-0.779749,-0.625705,-0.022011,-0.014392,-0.017235,0.999748,0,0.88606,-0.15661,53.164,-0.313,-1,425.000,-1,400.000,-1,325.000,325.000,300.000,300.000,-1,-1,-1,-1,900.000,800.000,-1,-1,2,0,2,0,2,0,0,0,0,2,2,2,2,0,0,2,2
68,-7551.789,-6950.068,-133.938,-128.814,-0.626933,0.779069,0.002602,-0.778882,-0.626701,-0.024260,-0.017270,-0.017236,0.999702,0,0.91797,-0.03661,55.078,-0.073,-1,400.000,-1,400.000,-1,325.000,325.000,300.000,300.000,-1,-1,-1,-1,875.000,775.000,-1,-1,2,0,2,0,2,0,0,0,0,2,2,2,2,0,0,2,2
69,-7586.229,-6993.138,-134.825,-128.647,-0.624677,0.780881,0.002074,-0.780650,-0.624423,-0.026084,-0.019073,-0.017914,0.999658,0,0.91910,0.08339,55.146,0.167,-1,400.000,-1,400.000,-1,325.000,325.000,300.000,300.000,-1,-1,-1,-1,875.000,775.000,-1,-1,2,0,2,0,2,0,0,0,0,2,2,2,2,0,0,2,2
70,-7620.427,-7036.532,-135.913,-128.240,-0.619143,0.785275,0.002442,-0.785012,-0.618849,-0.027959,-0.020444,-0.019228,0.999606,0,0.92083,0.20339,55.250,0.407,-1,400.000,-1,400.000,-1,325.000,325.000,300.000,300.000,-1,-1,-1,-1,875.000,800.000,-1,-1,2,0,2,0,2,0,0,0,0,2,2,2,2,0,0,2,2
71,-7654.292,-7080.354,-137.026,-127.697,-0.611696,0.791088,0.002818,-0.790789,-0.611359,-0.029880,-0.021915,-0.020506,0.999550,0,0.92305,0.27166,55.383,0.543,-1,400.000,-1,400.000,-1,325.000,325.000,300.000,300.000,-1,-1,-1,-1,875.000,800.000,-1,-1,2,0,2,0,2,0,0,0,0,2,2,2,2,0,0,2,2
72,-7687.849,-7124.608,-138.173,-127.173,-0.604470,0.796621,0.003245,-0.796283,-0.604083,-0.031888,-0.023442,-0.021860,0.999486,0,0.92563,0.26193,55.538,0.524,-1,400.000,-1,400.000,-1,325.000,325.000,300.000,300.000,-1,-1,-1,-1,875.000,800.000,-1,-1,2,0,2,0,2,0,0,0,0,2,2,2,2,0,0,2,2
73,-7721.119,-7169.293,-139.468,-126.670,-0.597490,0.801867,0.003879,-0.801474,-0.597030,-0.034565,-0.025400,-0.023761,0.999395,0,0.92851,0.25186,55.710,0.504,-1,400.000,-1,400.000,-1,325.000,325.000,300.000,300.000,-1,-1,-1,-1,875.000,800.000,-1,-1,2,0,2,0,2,0,0,0,0,2,2,2,2,0,0,2,2
74,-7754.123,-7214.411,-140.792,-126.187,-0.590765,0.806831,0.004569,-0.806379,-0.590222,-0.037300,-0.027398,-0.025720,0.999294,0,0.93168,0.24146,55.901,0.483,-1,400.000,-1,400.000,-1,325.000,325.000,300.000,300.000,-1,-1,-1,-1,875.000,825.000,-1,-1,2,0,2,0,2,0,0,0,0,2,2,2,2,0,0,2,2
75,-7786.865,-7259.941,-142.143,-125.722,-0.584268,0.811543,0.005315,-0.811027,-0.583634,-0.040092,-0.029435,-0.027735,0.999182,0,0.93468,0.23214,56.081,0.464,-1,400.000,-1,400.000,-1,325.000,325.000,300.000,300.000,-1,-1,-1,-1,875.000,825.000,-1,-1,2,0,2,0,2,0,0,0,0,2,2,2,2,0,0,2,2
76,-7819.238,-7305.735,-143.662,-125.258,-0.577724,0.816210,0.005937,-0.815640,-0.577013,-0.042276,-0.031081,-0.029266,0.999088,0,0.93468,0.23214,56.081,0.464,-1,400.000,-1,400.000,-1,325.000,325.000,300.000,300.000,-1,-1,-1,-1,875.000,825.000,-1,-1,2,0,2,0,2,0,0,0,0,2,2,2,2,0,0,2,2
77,-7851.238,-7351.789,-145.482,-124.794,-0.571116,0.820846,0.006255,-0.820249,-0.570371,-0.043220,-0.031910,-0.029814,0.999046,0,0.93468,0.23214,56.081,0.464,-1,400.000,-1,400.000,-1,325.000,325.000,300.000,300.000,-1,-1,-1,-1,900.000,850.000,-1,-1,2,0,2,0,2,0,0,0,0,2,2,2,2,0,0,2,2
78,-7882.865,-7398.101,-147.336,-124.330,-0.564471,0.825427,0.006583,-0.824803,-0.563692,-0.044178,-0.032755,-0.030366,0.999002,0,0.93468,0.23214,56.081,0.464,-1,400.000,-1,400.000,-1,325.000,325.000,300.000,300.000,-1,-1,-1,-1,900.000,850.000,-1,-1,2,0,2,0,2,0,0,0,0,2,2,2,2,0,0,2,2
79,-7914.115,-7444.667,-149.388,-123.865,-0.557776,0.829969,0.006130,-0.829290,-0.556986,-0.045213,-0.034111,-0.030303,0.998959,0,0.93468,0.23214,56.081,0.464,-1,400.000,-1,400.000,-1,325.000,325.000,300.000,300.000,-1,-1,-1,-1,925.000,850.000,-1,-1,2,0,2,0,2,0,0,0,0,2,2,2,2,0,0,2,2
80,-7944.987,-7491.486,-151.558,-123.401,-0.551036,0.834465,0.005278,-0.833716,-0.550248,-0.046311,-0.035741,-0.029919,0.998913,0,0.93468,0.23214,56.081,0.464,-1,400.000,-1,400.000,-1,325.000,325.000,300.000,300.000,-1,-1,-1,-1,925.000,850.000,-1,-1,2,0,2,0,2,0,0,0,0,2,2,2,2,0,0,2,2
81,-7975.479,-7538.552,-153.731,-122.937,-0.544252,0.838912,0.004115,-0.838079,-0.543479,-0.047473,-0.037589,-0.029285,0.998864,0,0.93468,0.23214,56.081,0.464,-1,400.000,-1,400.000,-1,325.000,325.000,300.000,300.000,-1,-1,-1,-1,925.000,850.000,-1,-1,2,0,2,0,2,0,0,0,0,2,2,2,2,0,0,2,2
82,-8005.589,-7585.865,-155.954,-122.472,-0.537428,0.843305,0.002891,-0.842384,-0.536674,-0.048678,-0.039499,-0.028596,0.998810,0,0.93468,0.23214,56.081,0.464,-1,400.000,-1,400.000,-1,325.000,325.000,300.000,300.000,-1,-1,-1,-1,925.000,850.000,-1,-1,2,0,2,0,2,0,0,0,0,2,2,2,2,0,0,2,2
83,-8035.314,-7633.420,-158.226,-122.008,-0.530563,0.847644,0.001609,-0.846630,-0.529834,-0.049928,-0.041469,-0.027852,0.998752,0,0.93468,0.23214,56.081,0.464,-1,425.000,-1,400.000,-1,325.000,325.000,300.000,300.000,-1,-1,-1,-1,925.000,850.000,-1,-1,2,0,2,0,2,0,0,0,0,2,2,2,2,0,0,2,2
84,-8064.653,-7681.214,-160.566,-121.544,-0.523662,0.851926,0.000372,-0.850818,-0.522959,-0.051212,-0.043434,-0.027134,0.998688,0,0.93468,0.23214,56.081,0.464,-1,425.000,-1,400.000,-1,325.000,325.000,300.000,300.000,-1,-1,-1,-1,925.000,850.000,-1,-1,2,0,2,0,2,0,0,0,0,2,2,2,2,0,0,2,2
85,-8093.603,-7729.244,-163.073,-121.080,-0.516740,0.856142,-0.000311,-0.854955,-0.516042,-0.052460,-0.045074,-0.026843,0.998623,0,0.93468,0.23214,56.081,0.464,-1,425.000,-1,400.000,-1,325.000,325.000,300.000,300.000,-1,-1,-1,-1,900.000,850.000,-1,-1,2,0,2,0,2,0,0,0,0,2,2,2,2,0,0,2,2
86,-8122.163,-7777.507,-165.633,-120.615,-0.509781,0.860303,-0.001021,-0.859033,-0.509092,-0.053742,-0.046754,-0.026520,0.998554,0,0.93468,0.23214,56.081,0.464,-1,425.000,-1,400.000,-1,325.000,325.000,300.000,300.000,-1,-1,-1,-1,900.000,850.000,-1,-1,2,0,2,0,2,0,0,0,0,2,2,2,2,0,0,2,2
87,-8150.331,-7826.001,-168.614,-120.151,-0.502850,0.864373,-0.001049,-0.862944,-0.502088,-0.056872,-0.049686,-0.027693,0.998381,0,0.93468,0.23214,56.081,0.464,-1,425.000,-1,400.000,-1,325.000,325.000,300.000,300.000,-1,-1,-1,-1,875.000,825.000,-1,-1,2,0,2,0,2,0,0,0,0,2,2,2,2,0,0,2,2
88,-8178.105,-7874.721,-171.669,-119.687,-0.495897,0.868381,-0.000992,-0.866775,-0.495049,-0.060223,-0.052788,-0.029005,0.998184,0,0.93468,0.23214,56.081,0.464,-1,425.000,-1,400.000,-1,325.000,325.000,300.000,300.000,-1,-1,-1,-1,850.000,825.000,-1,-1,2,0,2,0,2,0,0,0,0,2,2,2,2,0,0,2,2
89,-8205.483,-7923.665,-174.769,-119.222,-0.488915,0.872331,-0.000936,-0.870538,-0.487978,-0.063564,-0.055905,-0.030262,0.997977,0,0.93468,0.23214,56.081,0.464,-1,425.000,-1,400.000,-1,325.000,325.000,300.000,300.000,-1,-1,-1,-1,825.000,800.000,-1,-1,2,0,2,0,2,0,0,0,0,2,2,2,2,0,0,2,2
90,-8232.463,-7972.829,-178.063,-118.758,-0.481875,0.876239,-0.001154,-0.874278,-0.480884,-0.066244,-0.058601,-0.030913,0.997803,0,0.93468,0.23214,56.081,0.464,-1,400.000,-1,400.000,-1,325.000,325.000,300.000,300.000,-1,-1,-1,-1,825.000,800.000,-1,-1,2,0,2,0,2,0,0,0,0,2,2,2,2,0,0,2,2
91,-8259.045,-8022.210,-181.504,-118.294,-0.474784,0.880101,-0.001572,-0.877985,-0.473765,-0.068475,-0.061010,-0.031130,0.997652,0,0.93468,0.23214,56.081,0.464,-1,400.000,-1,400.000,-1,325.000,325.000,300.000,300.000,-1,-1,-1,-1,800.000,775.000,-1,-1,2,0,2,0,2,0,0,0,0,2,2,2,2,0,0,2,2
92,-8285.226,-8071.805,-185.083,-117.830,-0.467639,0.883916,-0.002404,-0.881627,-0.466621,-0.070698,-0.063613,-0.030942,0.997495,0,0.93468,0.23214,56.081,0.464,-1,400.000,-1,400.000,-1,325.000,325.000,300.000,300.000,-1,-1,-1,-1,775.000,775.000,-1,-1,2,0,2,0,2,0,0,0,0,2,2,2,2,0,0,2,2
93,-8311.004,-8121.610,-188.682,-117.365,-0.460459,0.887675,-0.003190,-0.885220,-0.459447,-0.072765,-0.066057,-0.030681,0.997344,0,0.93468,0.23214,56.081,0.464,-1,400.000,-1,400.000,-1,325.000,325.000,300.000,300.000,-1,-1,-1,-1,775.000,750.000,-1,-1,2,0,2,0,2,0,0,0,0,2,2,2,2,0,0,2,2
94,-8336.378,-8171.622,-192.282,-116.901,-0.453246,0.891377,-0.003877,-0.888766,-0.452243,-0.074645,-0.068290,-0.030387,0.997203,0,0.93468,0.23214,56.081,0.464,-1,400.000,-1,375.000,-1,325.000,325.000,300.000,300.000,-1,-1,-1,-1,750.000,750.000,-1,-1,2,0,2,0,2,0,0,0,0,2,2,2,2,0,0,2,2
95,-8359.784,-8219.196,-195.701,-116.197,-0.442244,0.896884,-0.004381,-0.894133,-0.441260,-0.076268,-0.070337,-0.029812,0.997078,0,0.88367,0.35214,53.020,0.704,-1,400.000,-1,375.000,-1,325.000,325.000,300.000,300.000,-1,-1,-1,-1,750.000,725.000,-1,-1,2,0,2,0,2,0,0,0,0,2,2,2,2,0,0,2,2
96,-8382.444,-8267.131,-199.143,-115.301,-0.428153,0.903694,-0.004747,-0.900810,-0.427195,-0.077751,-0.072291,-0.029013,0.996961,0,0.88367,0.44787,53.020,0.896,-1,400.000,-1,375.000,-1,325.000,325.000,300.000,300.000,-1,-1,-1,-1,725.000,700.000,-1,-1,2,0,2,0,2,0,0,0,0,2,2,2,2,0,0,2,2
97,-8404.352,-8315.413,-202.603,-114.405,-0.413955,0.910283,-0.005022,-0.907279,-0.413025,-0.079093,-0.074071,-0.028185,0.996855,0,0.88367,0.44787,53.020,0.896,-1,375.000,-1,375.000,-1,325.000,300.000,300.000,300.000,-1,-1,-1,-1,725.000,700.000,-1,-1,2,0,2,0,2,0,0,0,0,2,2,2,2,0,0,2,2
98,-8425.502,-8364.033,-206.084,-113.510,-0.399655,0.916651,-0.005214,-0.913536,-0.398754,-0.080298,-0.075685,-0.027328,0.996757,0,0.88367,0.44787,53.020,0.896,-1,375.000,-1,375.000,-1,325.000,300.000,300.000,300.000,-1,-1,-1,-1,700.000,675.000,-1,-1,2,0,2,0,2,0,0,0,0,2,2,2,2,0,0,2,2
99,-8445.889,-8412.977,-209.777,-112.614,-0.385314,0.922775,-0.004375,-0.919608,-0.384376,-0.081097,-0.076516,-0.027225,0.996697,0,0.88367,0.44787,53.020,0.896,-1,375.000,-1,375.000,-1,300.000,300.000,325.000,325.000,-1,-1,-1,-1,700.000,675.000,-1,-1,2,0,2,0,2,0,0,0,0,2,2,2,2,0,0,2,2
100,-8465.508,-8462.233,-213.627,-111.718,-0.370921,0.928660,-0.002701,-0.925510,-0.369899,-0.081282,-0.076482,-0.027649,0.996688,0,0.88367,0.44787,53.020,0.896,-1,375.000,-1,375.000,-1,300.000,300.000,300.000,325.000,-1,-1,-1,-1,700.000,675.000,-1,-1,2,0,2,0,2,0,0,0,0,2,2,2,2,0,0,2,2
101,-8484.356,-8511.790,-217.319,-110.822,-0.356384,0.934338,-0.001482,-0.931264,-0.355340,-0.080506,-0.075747,-0.027311,0.996753,0,0.88367,0.44787,53.020,0.896,-1,375.000,-1,375.000,-1,300.000,300.000,325.000,325.000,-1,-1,-1,-1,700.000,675.000,-1,-1,2,0,2,0,2,0,0,0,0,2,2,2,2,0,0,2,2
102,-8502.426,-8561.636,-221.031,-109.927,-0.341757,0.939788,-0.000271,-0.936799,-0.340693,-0.079599,-0.074898,-0.026950,0.996827,0,0.88367,0.44787,53.020,0.896,-1,375.000,-1,375.000,-1,300.000,300.000,325.000,325.000,-1,-1,-1,-1,700.000,675.000,-1,-1,2,0,2,0,2,0,0,0,0,2,2,2,2,0,0,2,2
103,-8519.715,-8611.758,-224.832,-109.031,-0.327025,0.945015,0.000732,-0.942128,-0.325965,-0.078367,-0.073819,-0.026317,0.996924,0,0.88367,0.44787,53.020,0.896,-1,375.000,-1,375.000,-1,300.000,300.000,325.000,325.000,-1,-1,-1,-1,675.000,675.000,-1,-1,2,0,2,0,2,0,0,0,0,2,2,2,2,0,0,2,2
104,-8536.218,-8662.144,-228.612,-108.135,-0.312220,0.950008,0.001913,-0.947243,-0.311156,-0.076893,-0.072454,-0.025820,0.997037,0,0.88367,0.44787,53.020,0.896,-1,375.000,-1,375.000,-1,300.000,300.000,325.000,325.000,-1,-1,-1,-1,675.000,675.000,-1,-1,2,0,2,0,2,0,0,0,0,2,2,2,2,0,0,2,2
105,-8551.931,-8712.781,-232.320,-107.239,-0.297356,0.954761,0.003396,-0.952128,-0.296268,-0.075351,-0.070936,-0.025640,0.997151,0,0.88367,0.44787,53.020,0.896,-1,375.000,-1,375.000,-1,300.000,300.000,325.000,325.000,-1,-1,-1,-1,675.000,675.000,-1,-1,2,0,2,0,2,0,0,0,0,2,2,2,2,0,0,2,2
106,-8566.851,-8763.659,-235.993,-106.344,-0.282422,0.959278,0.004916,-0.956774,-0.281307,-0.073830,-0.069441,-0.025554,0.997259,0,0.88367,0.44787,53.020,0.896,-1,375.000,-1,375.000,-1,300.000,300.000,325.000,325.000,-1,-1,-1,-1,650.000,675.000,-1,-1,2,0,2,0,2,0,0,0,0,2,2,2,2,0,0,2,2
107,-8580.973,-8814.763,-239.631,-105.448,-0.267421,0.963558,0.006458,-0.961179,-0.266276,-0.072331,-0.067976,-0.025550,0.997360,0,0.88367,0.44787,53.020,0.896,-1,375.000,-1,375.000,-1,300.000,300.000,300.000,325.000,-1,-1,-1,-1,650.000,650.000,-1,-1,2,0,2,0,2,0,0,0,0,2,2,2,2,0,0,2,2
108,-8594.295,-8866.082,-243.239,-104.552,-0.252356,0.967601,0.008020,-0.965344,-0.251180,-0.070852,-0.066542,-0.025622,0.997455,0,0.88367,0.44787,53.020,0.896,-1,375.000,-1,375.000,-1,325.000,300.000,300.000,325.000,-1,-1,-1,-1,650.000,650.000,-1,-1,2,0,2,0,2,0,0,0,0,2,2,2,2,0,0,2,2
109,-8606.813,-8917.603,-246.818,-103.656,-0.237230,0.971406,0.009595,-0.969267,-0.236022,-0.069392,-0.065144,-0.025762,0.997543,0,0.88367,0.44787,53.020,0.896,-1,375.000,-1,375.000,-1,325.000,300.000,300.000,325.000,-1,-1,-1,-1,650.000,650.000,-1,-1,2,0,2,0,2,0,0,0,0,2,2,2,2,0,0,2,2
110,-8618.524,-8969.313,-250.373,-102.761,-0.222046,0.974972,0.011179,-0.972948,-0.220806,-0.067950,-0.063781,-0.025965,0.997626,0,0.88367,0.44787,53.020,0.896,-1,375.000,-1,375.000,-1,300.000,300.000,300.000,325.000,-1,500.000,-1,-1,625.000,650.000,-1,-1,2,0,2,0,2,0,0,0,0,2,0,2,2,0,0,2,2
111,-8629.425,-9021.201,-253.907,-101.865,-0.206808,0.978298,0.012768,-0.976386,-0.205536,-0.066524,-0.062456,-0.026224,0.997703,0,0.88367,0.44787,53.020,0.896,-1,375.000,-1,375.000,-1,300.000,300.000,300.000,325.000,-1,475.000,-1,-1,625.000,625.000,-1,-1,2,0,2,0,2,0,0,0,0,2,0,2,2,0,0,2,2
112,-8639.514,-9073.252,-257.423,-100.969,-0.191520,0.981384,0.014355,-0.979581,-0.190216,-0.065114,-0.061171,-0.026533,0.997775,0,0.88367,0.44787,53.020,0.896,-1,350.000,-1,375.000,-1,300.000,300.000,300.000,325.000,-1,475.000,625.000,-1,625.000,625.000,1000.000,-1,2,0,2,0,2,0,0,0,0,2,0,0,2,0,0,0,2
113,-8648.788,-9125.454,-260.913,-100.074,-0.176182,0.984229,0.015882,-0.982529,-0.174849,-0.063748,-0.059966,-0.026836,0.997840,0,0.88367,0.44787,53.020,0.896,975.000,350.000,-1,350.000,-1,300.000,300.000,300.000,325.000,-1,450.000,575.000,-1,600.000,625.000,975.000,-1,0,0,2,0,2,0,0,0,0,2,0,0,2,0,0,0,2
114,-8657.245,-9177.795,-263.778,-99.178,-0.160645,0.986898,0.015029,-0.985297,-0.159450,-0.061370,-0.058169,-0.024667,0.998002,0,0.88367,0.44787,53.020,0.896,975.000,350.000,-1,350.000,-1,300.000,300.000,300.000,325.000,-1,475.000,575.000,-1,600.000,625.000,975.000,-1,0,0,2,0,2,0,0,0,0,2,0,0,2,0,0,0,2
115,-8664.884,-9230.262,-266.314,-98.282,-0.145027,0.989334,0.013606,-0.987867,-0.144012,-0.058130,-0.055551,-0.021871,0.998216,0,0.88367,0.44787,53.020,0.896,1000.000,350.000,-1,350.000,-1,300.000,300.000,325.000,325.000,-1,450.000,525.000,-1,625.000,625.000,975.000,-1,0,0,2,0,2,0,0,0,0,2,0,0,2,0,0,0,2
116,-8671.700,-9282.842,-268.288,-97.386,-0.129474,0.991479,0.014357,-0.990236,-0.128530,-0.053966,-0.051661,-0.021204,0.998440,0,0.88367,0.44787,53.020,0.896,-1,350.000,-1,350.000,-1,300.000,300.000,325.000,325.000,-1,425.000,475.000,-1,625.000,625.000,-1,-1,2,0,2,0,2,0,0,0,0,2,0,0,2,0,0,2,2
117,-8677.694,-9335.521,-270.257,-96.491,-0.113890,0.993380,0.015032,-0.992341,-0.113016,-0.049869,-0.047840,-0.020597,0.998643,0,0.88367,0.44787,53.020,0.896,-1,350.000,-1,350.000,-1,300.000,300.000,325.000,325.000,-1,400.000,450.000,-1,625.000,650.000,-1,-1,2,0,2,0,2,0,0,0,0,2,0,0,2,0,0,2,2
118,-8682.864,-9388.288,-272.220,-95.595,-0.098278,0.995036,0.015629,-0.994182,-0.097474,-0.045834,-0.044083,-0.020042,0.998827,0,0.88367,0.44787,53.020,0.896,-1,375.000,-1,375.000,-1,300.000,300.000,325.000,325.000,-1,400.000,425.000,-1,625.000,650.000,-1,-1,2,0,2,0,2,0,0,0,0,2,0,0,2,0,0,2,2
119,-8687.207,-9441.130,-274.181,-94.699,-0.082643,0.996449,0.016142,-0.995761,-0.081908,-0.041852,-0.040382,-0.019533,0.998993,0,0.88367,0.44787,53.020,0.896,-1,375.000,-1,375.000,-1,300.000,300.000,325.000,325.000,-1,375.000,400.000,-1,625.000,650.000,-1,-1,2,0,2,0,2,0,0,0,0,2,0,0,2,0,0,2,2
120,-8690.608,-9489.230,-275.957,-94.043,-0.071173,0.997327,0.016549,-0.996778,-0.070499,-0.038266,-0.036997,-0.019219,0.999131,0,0.80367,0.32787,48.220,0.656,-1,375.000,-1,375.000,-1,300.000,300.000,325.000,325.000,-1,375.000,375.000,-1,650.000,650.000,-1,-1,2,0,2,0,2,0,0,0,0,2,0,0,2,0,0,2,2
121,-8693.444,-9533.959,-277.602,-93.628,-0.063880,0.997814,0.016905,-0.997385,-0.063261,-0.034951,-0.033805,-0.019093,0.999246,0,0.74699,0.20787,44.819,0.416,-1,375.000,-1,375.000,-1,300.000,300.000,325.000,325.000,-1,350.000,375.000,-1,650.000,650.000,-1,-1,2,0,2,0,2,0,0,0,0,2,0,0,2,0,0,2,2
122,-8696.142,-9578.696,-279.240,-93.452,-0.060767,0.998002,0.017278,-0.997685,-0.060200,-0.031643,-0.030540,-0.019161,0.999350,0,0.74699,0.08787,44.819,0.176,-1,375.000,-1,375.000,-1,300.000,300.000,325.000,325.000,-1,325.000,325.000,-1,650.000,675.000,-1,-1,2,0,2,0,2,0,0,0,0,2,0,0,2,0,0,2,2
123,-8698.891,-9623.431,-280.872,-93.516,-0.061835,0.997929,0.017707,-0.997716,-0.061319,-0.028339,-0.027194,-0.019419,0.999442,0,0.74699,-0.03213,44.819,-0.064,-1,375.000,-1,375.000,-1,300.000,300.000,325.000,325.000,-1,300.000,300.000,-1,650.000,675.000,-1,-1,2,0,2,0,2,0,0,0,0,2,0,0,2,0,0,2,2
124,-8701.878,-9668.150,-282.498,-93.820,-0.067082,0.997581,0.018233,-0.997465,-0.066617,-0.025035,-0.023760,-0.019866,0.999520,0,0.74699,-0.15213,44.819,-0.304,-1,375.000,-1,375.000,-1,300.000,300.000,300.000,300.000,-1,275.000,275.000,-1,650.000,675.000,-1,-1,2,0,2,0,2,0,0,0,0,2,0,0,2,0,0,2,2
125,-8705.289,-9712.839,-284.117,-94.365,-0.076503,0.996890,0.018898,-0.996864,-0.076089,-0.021735,-0.020230,-0.020502,0.999585,0,0.74699,-0.27213,44.819,-0.544,-1,375.000,-1,375.000,-1,300.000,325.000,300.000,300.000,-1,250.000,250.000,-1,650.000,675.000,-1,-1,2,0,2,0,2,0,0,0,0,2,0,0,2,0,0,2,2
126,-8709.311,-9757.478,-285.729,-95.149,-0.090086,0.995738,0.019747,-0.995796,-0.089725,-0.018450,-0.016599,-0.021326,0.999635,0,0.74699,-0.39213,44.819,-0.784,-1,375.000,-1,375.000,-1,300.000,325.000,300.000,300.000,-1,250.000,225.000,-1,650.000,700.000,-1,-1,2,0,2,0,2,0,0,0,0,2,0,0,2,0,0,2,2
127,-8714.130,-9802.037,-287.309,-96.173,-0.107812,0.993956,0.020712,-0.994087,-0.107508,-0.015267,-0.012948,-0.022236,0.999669,0,0.74699,-0.51213,44.819,-1.024,-1,375.000,-1,375.000,-1,300.000,325.000,300.000,300.000,-1,225.000,225.000,-1,675.000,700.000,-1,-1,2,0,2,0,2,0,0,0,0,2,0,0,2,0,0,2,2
128,-8720.342,-9851.266,-288.109,-97.191,-0.125373,0.991948,0.017929,-0.992053,-0.125152,-0.012923,-0.010575,-0.019407,0.999756,0,0.82699,-0.50884,49.619,-1.018,-1,375.000,-1,375.000,-1,300.000,325.000,300.000,300.000,-1,250.000,250.000,-1,675.000,700.000,-1,-1,2,0,2,0,2,0,0,0,0,2,0,0,2,0,0,2,2
129,-8728.113,-9905.127,-288.324,-98.209,-0.142927,0.989592,0.016741,-0.989696,-0.142754,-0.011121,-0.008615,-0.018158,0.999798,0,0.90699,-0.50884,54.419,-1.018,-1,375.000,-1,375.000,-1,300.000,325.000,300.000,300.000,-1,300.000,275.000,-1,675.000,700.000,-1,-1,2,0,2,0,2,0,0,0,0,2,0,0,2,0,0,2,2
130,-8737.205,-9961.100,-288.305,-99.226,-0.160443,0.986907,0.016501,-0.987024,-0.160309,-0.009187,-0.006422,-0.017760,0.999822,0,0.94511,-0.50884,56.707,-1.018,-1,375.000,-1,375.000,-1,325.000,325.000,300.000,300.000,-1,350.000,325.000,-1,675.000,700.000,-1,-1,2,0,2,0,2,0,0,0,0,2,0,0,2,0,0,2,2
131,-8747.290,-10016.903,-288.275,-100.244,-0.177911,0.983910,0.016385,-0.984037,-0.177813,-0.007284,-0.004254,-0.017420,0.999839,0,0.94511,-0.50884,56.707,-1.018,-1,375.000,-1,375.000,-1,325.000,325.000,300.000,300.000,-1,400.000,375.000,-1,675.000,700.000,-1,-1,2,0,2,0,2,0,0,0,0,2,0,0,2,0,0,2,2
132,-8758.364,-10072.518,-288.236,-101.262,-0.195325,0.980601,0.016400,-0.980736,-0.195261,-0.005419,-0.002112,-0.017142,0.999851,0,0.94511,-0.50884,56.707,-1.018,-1,375.000,-1,375.000,-1,325.000,325.000,300.000,300.000,-1,425.000,400.000,-1,700.000,700.000,-1,-1,2,0,2,0,2,0,0,0,0,2,0,0,2,0,0,2,2
133,-8770.425,-10127.928,-288.189,-102.279,-0.212678,0.976982,0.016548,-0.977122,-0.212648,-0.003599,0.000003,-0.016935,0.999857,0,0.94511,-0.50884,56.707,-1.018,-1,375.000,-1,375.000,-1,325.000,325.000,300.000,300.000,-1,475.000,450.000,-1,700.000,700.000,-1,-1,2,0,2,0,2,0,0,0,0,2,0,0,2,0,0,2,2
134,-8783.467,-10183.114,-288.135,-103.297,-0.229964,0.973053,0.016835,-0.973197,-0.229967,-0.001830,0.002091,-0.016805,0.999857,0,0.94511,-0.50884,56.707,-1.018,-1,375.000,-1,375.000,-1,325.000,325.000,300.000,300.000,-1,525.000,475.000,-1,700.000,700.000,-1,-1,2,0,2,0,2,0,0,0,0,2,0,0,2,0,0,2,2
135,-8797.488,-10238.060,-288.075,-104.315,-0.247178,0.968816,0.017263,-0.968961,-0.247213,-0.000121,0.004151,-0.016757,0.999851,0,0.94511,-0.50884,56.707,-1.018,-1,375.000,-1,375.000,-1,325.000,325.000,300.000,300.000,-1,550.000,500.000,-1,700.000,700.000,-1,-1,2,0,2,0,2,0,0,0,0,2,0,0,2,0,0,2,2
136,-8812.482,-10292.749,-288.010,-105.332,-0.264313,0.964272,0.017836,-0.964417,-0.264381,0.001522,0.006183,-0.016799,0.999840,0,0.94511,-0.50884,56.707,-1.018,-1,375.000,-1,375.000,-1,325.000,325.000,300.000,300.000,-1,575.000,550.000,-1,700.000,700.000,-1,-1,2,0,2,0,2,0,0,0,0,2,0,0,2,0,0,2,2
