timestep,x_cm,y_cm,z_cm,yaw_deg,basis_xx,basis_xy,basis_xz,basis_yx,basis_yy,basis_yz,basis_zx,basis_zy,basis_zz,teleport_flag,throttle_cmd,steering_cmd,cmd_move_cm,cmd_turn_deg,lidar_cm_0,lidar_cm_1,lidar_cm_2,lidar_cm_3,lidar_cm_4,lidar_cm_5,lidar_cm_6,lidar_cm_7,lidar_cm_8,lidar_cm_9,lidar_cm_10,lidar_cm_11,lidar_cm_12,lidar_cm_13,lidar_cm_14,lidar_cm_15,lidar_cm_16,lidar_class_0,lidar_class_1,lidar_class_2,lidar_class_3,lidar_class_4,lidar_class_5,lidar_class_6,lidar_class_7,lidar_class_8,lidar_class_9,lidar_class_10,lidar_class_11,lidar_class_12,lidar_class_13,lidar_class_14,lidar_class_15,lidar_class_16
0,2954.925,-3604.077,-359.889,47.658,0.673526,-0.738909,0.019410,0.739163,0.673335,-0.016065,-0.001199,0.025167,0.999683,1,0.08000,0.12000,4.800,0.240,-1,400.000,-1,425.000,-1,325.000,325.000,300.000,275.000,600.000,750.000,-1,-1,750.000,900.000,-1,-1,2,0,2,0,2,0,0,0,0,1,1,2,2,0,0,2,2
1,2961.331,-3596.927,-359.870,48.138,0.667310,-0.744523,0.019552,0.744779,0.667121,-0.015946,-0.001171,0.025203,0.999682,0,0.16000,0.24000,9.600,0.480,-1,400.000,-1,425.000,-1,325.000,325.000,300.000,300.000,600.000,800.000,-1,-1,750.000,900.000,-1,-1,2,0,2,0,2,0,0,0,0,1,1,2,2,0,0,2,2
2,2970.805,-3586.083,-359.844,48.858,0.657899,-0.752846,0.019768,0.753105,0.657711,-0.015781,-0.001121,0.025269,0.999680,0,0.24000,0.36000,14.400,0.720,-1,400.000,-1,425.000,-1,325.000,325.000,300.000,300.000,600.000,850.000,-1,-1,750.000,900.000,-1,-1,2,0,2,0,2,0,0,0,0,1,1,2,2,0,0,2,2
3,2983.193,-3571.414,-359.831,49.818,0.645192,-0.763757,0.020079,0.764020,0.645002,-0.015673,-0.000981,0.025453,0.999676,0,0.32000,0.48000,19.200,0.960,-1,400.000,-1,425.000,-1,325.000,325.000,300.000,300.000,625.000,925.000,-1,-1,725.000,900.000,-1,-1,2,0,2,0,2,0,0,0,0,1,1,2,2,0,0,2,2
4,2998.291,-3552.757,-359.834,51.018,0.629055,-0.777091,0.020496,0.777361,0.628861,-0.015639,-0.000737,0.025771,0.999668,0,0.40000,0.60000,24.000,1.200,-1,400.000,-1,425.000,-1,325.000,325.000,300.000,300.000,650.000,-1,-1,-1,725.000,900.000,-1,-1,2,0,2,0,2,0,0,0,0,1,2,2,2,0,0,2,2
5,3015.842,-3529.923,-359.846,52.452,0.609424,-0.792566,0.021024,0.792845,0.609223,-0.015652,-0.000403,0.026208,0.999656,0,0.48000,0.71654,28.800,1.433,-1,400.000,-1,425.000,-1,325.000,325.000,300.000,300.000,675.000,-1,-1,-1,725.000,900.000,-1,-1,2,0,2,0,2,0,0,0,0,1,2,2,2,0,0,2,2
6,3035.654,-3502.786,-359.870,53.869,0.589633,-0.807378,0.021749,0.807671,0.589424,-0.015716,-0.000131,0.026833,0.999640,0,0.56000,0.70863,33.600,1.417,-1,400.000,-1,425.000,-1,325.000,325.000,300.000,300.000,700.000,-1,-1,-1,725.000,900.000,-1,-1,2,0,2,0,2,0,0,0,0,1,2,2,2,0,0,2,2
7,3057.532,-3471.228,-359.883,55.268,0.569742,-0.821506,0.022852,0.821824,0.569522,-0.015831,-0.000009,0.027800,0.999614,0,0.64000,0.69949,38.400,1.399,-1,375.000,-1,425.000,-1,325.000,325.000,300.000,300.000,725.000,-1,-1,-1,700.000,875.000,-1,-1,2,0,2,0,2,0,0,0,0,1,2,2,2,0,0,2,2
8,3081.283,-3435.143,-359.925,56.646,0.549812,-0.834938,0.024198,0.835288,0.549579,-0.016013,0.000071,0.029016,0.999579,0,0.72000,0.68910,43.200,1.378,-1,375.000,-1,425.000,-1,325.000,325.000,300.000,300.000,775.000,-1,-1,-1,700.000,875.000,-1,-1,2,0,2,0,2,0,0,0,0,1,2,2,2,0,0,2,2
9,3105.044,-3397.115,-359.995,58.001,0.529911,-0.847664,0.025702,0.848053,0.529662,-0.016258,0.000168,0.030412,0.999537,0,0.74736,0.67743,44.842,1.355,-1,375.000,-1,425.000,-1,325.000,325.000,300.000,300.000,800.000,-1,-1,-1,700.000,875.000,-1,-1,2,0,2,0,2,0,0,0,0,1,2,2,2,0,0,2,2
10,3128.087,-3358.257,-360.029,59.332,0.510084,-0.859687,0.027439,0.860124,0.509805,-0.016869,0.000513,0.032206,0.999481,0,0.75294,0.66533,45.177,1.331,-1,375.000,-1,400.000,-1,325.000,325.000,300.000,300.000,850.000,-1,-1,-1,700.000,850.000,-1,-1,2,0,2,0,2,0,0,0,0,1,2,2,2,0,0,2,2
11,3150.402,-3318.590,-359.926,60.638,0.490372,-0.871009,0.029630,0.871512,0.490032,-0.018318,0.001435,0.034806,0.999393,0,0.75855,0.65314,45.513,1.306,-1,375.000,-1,400.000,-1,325.000,325.000,300.000,300.000,875.000,-1,-1,-1,700.000,850.000,-1,-1,2,0,2,0,2,0,0,0,0,1,2,2,2,0,0,2,2
12,3171.983,-3278.136,-359.840,61.919,0.470791,-0.881664,0.032005,0.882241,0.470380,-0.019829,0.002428,0.037571,0.999291,0,0.76417,0.64085,45.850,1.282,-1,375.000,-1,400.000,-1,325.000,325.000,300.000,300.000,925.000,-1,-1,-1,700.000,850.000,-1,-1,2,0,2,0,2,0,0,0,0,1,2,2,2,0,0,2,2
13,3193.654,-3235.275,-359.768,63.177,0.451367,-0.891665,0.034663,0.892332,0.450870,-0.021457,0.003504,0.040616,0.999169,0,0.80048,0.62856,48.029,1.257,-1,375.000,-1,400.000,-1,325.000,325.000,300.000,300.000,975.000,-1,-1,-1,700.000,850.000,-1,-1,2,0,2,0,2,0,0,0,0,1,2,2,2,0,0,2,2
14,3214.404,-3192.360,-359.595,64.194,0.435488,-0.899426,0.037186,0.900185,0.434922,-0.022581,0.004137,0.043308,0.999053,0,0.79446,0.50856,47.668,1.017,-1,375.000,-1,400.000,-1,300.000,325.000,300.000,300.000,1000.000,-1,-1,-1,700.000,850.000,-1,-1,2,0,2,0,2,0,0,0,0,1,2,2,2,0,0,2,2
15,3234.638,-3149.023,-359.297,64.971,0.423251,-0.905151,0.039499,0.906003,0.422640,-0.023124,0.004237,0.045574,0.998952,0,0.79714,0.38856,47.829,0.777,-1,375.000,-1,400.000,-1,300.000,325.000,300.000,300.000,-1,-1,-1,-1,700.000,825.000,-1,-1,2,0,2,0,2,0,0,0,0,2,2,2,2,0,0,2,2
16,3254.523,-3105.372,-358.682,65.508,0.414784,-0.909028,0.040281,0.909905,0.414116,-0.024109,0.005235,0.046652,0.998897,0,0.79944,0.26856,47.966,0.537,-1,375.000,-1,400.000,-1,300.000,325.000,300.000,300.000,-1,-1,-1,-1,700.000,850.000,-1,-1,2,0,2,0,2,0,0,0,0,2,2,2,2,0,0,2,2
17,3274.230,-3061.509,-358.108,65.805,0.410100,-0.911112,0.041150,0.912020,0.409373,-0.025149,0.006068,0.047843,0.998836,0,0.80145,0.14856,48.087,0.297,-1,375.000,-1,400.000,-1,300.000,325.000,300.000,300.000,-1,-1,-1,-1,700.000,850.000,-1,-1,2,0,2,0,2,0,0,0,0,2,2,2,2,0,0,2,2
18,3293.828,-3017.475,-357.578,66.007,0.406917,-0.912493,0.042126,0.913440,0.406128,-0.026219,0.006816,0.049149,0.998768,0,0.80331,0.10114,48.198,0.202,-1,375.000,-1,400.000,1000.000,300.000,325.000,300.000,300.000,-1,-1,-1,-1,725.000,850.000,-1,-1,2,0,2,0,1,0,0,0,0,2,2,2,2,0,0,2,2
19,3314.967,-2970.061,-357.079,65.970,0.407552,-0.912154,0.043306,0.913152,0.406697,-0.027395,0.007376,0.050710,0.998686,0,0.86522,-0.01886,51.913,-0.038,-1,375.000,-1,400.000,1000.000,300.000,325.000,300.000,300.000,-1,-1,-1,-1,725.000,875.000,-1,-1,2,0,2,0,1,0,0,0,0,2,2,2,2,0,0,2,2
20,3336.329,-2922.581,-356.682,65.774,0.410693,-0.910689,0.044455,0.911740,0.409770,-0.028628,0.007855,0.052289,0.998601,0,0.86773,-0.09762,52.064,-0.195,-1,375.000,-1,400.000,975.000,300.000,325.000,300.000,300.000,-1,-1,-1,-1,725.000,875.000,-1,-1,2,0,2,0,1,0,0,0,0,2,2,2,2,0,0,2,2
21,3357.944,-2875.041,-356.414,65.549,0.414317,-0.909000,0.045391,0.910093,0.413319,-0.029954,0.008467,0.053720,0.998520,0,0.87040,-0.11275,52.224,-0.225,-1,375.000,-1,400.000,975.000,325.000,325.000,300.000,300.000,-1,-1,-1,-1,725.000,900.000,-1,-1,2,0,2,0,1,0,0,0,0,2,2,2,2,0,0,2,2
22,3379.842,-2827.445,-356.223,65.293,0.418421,-0.907069,0.046374,0.908208,0.417346,-0.031305,0.009041,0.055216,0.998433,0,0.87320,-0.12811,52.392,-0.256,-1,375.000,-1,425.000,950.000,325.000,325.000,300.000,325.000,-1,-1,-1,-1,750.000,925.000,-1,-1,2,0,2,0,1,0,0,0,0,2,2,2,2,0,0,2,2
23,3402.053,-2779.800,-356.114,65.005,0.423009,-0.904885,0.047405,0.906075,0.421853,-0.032680,0.009574,0.056776,0.998341,0,0.87612,-0.14369,52.567,-0.287,-1,375.000,-1,425.000,950.000,325.000,325.000,300.000,325.000,-1,-1,-1,-1,750.000,925.000,-1,-1,2,0,2,0,1,0,0,0,0,2,2,2,2,0,0,2,2
24,3424.602,-2732.111,-355.821,64.691,0.427979,-0.902414,0.049826,0.903742,0.426745,-0.033759,0.009201,0.059478,0.998187,0,0.87918,-0.15719,52.751,-0.314,-1,375.000,-1,425.000,925.000,325.000,325.000,300.000,325.000,-1,-1,-1,-1,750.000,925.000,-1,-1,2,0,2,0,1,0,0,0,0,2,2,2,2,0,1,2,2
25,3447.518,-2684.386,-355.634,64.350,0.433339,-0.899710,0.052345,0.901191,0.432039,-0.034594,0.008509,0.062163,0.998030,0,0.88237,-0.17057,52.942,-0.341,-1,375.000,-1,425.000,925.000,325.000,325.000,300.000,300.000,-1,-1,-1,-1,750.000,925.000,-1,-1,2,0,2,0,1,0,0,0,0,2,2,2,2,0,1,2,2
26,3470.827,-2636.629,-355.585,63.982,0.439084,-0.896771,0.054833,0.898414,0.437737,-0.035183,0.007548,0.064711,0.997876,0,0.88569,-0.18397,53.141,-0.368,-1,375.000,-1,425.000,925.000,325.000,325.000,300.000,300.000,-1,-1,-1,-1,775.000,900.000,-1,-1,2,0,2,0,1,0,0,0,0,2,2,2,2,0,1,2,2
27,3494.557,-2588.848,-355.609,63.587,0.445224,-0.893574,0.057451,0.895395,0.443826,-0.035859,0.006544,0.067407,0.997704,0,0.88915,-0.19737,53.349,-0.395,-1,375.000,-1,425.000,950.000,325.000,325.000,300.000,300.000,-1,-1,-1,-1,800.000,900.000,-1,-1,2,0,2,0,1,0,0,0,0,2,2,2,2,0,1,2,2
28,3519.774,-2538.874,-355.559,63.223,0.450839,-0.890584,0.060028,0.892590,0.449427,-0.036020,0.005101,0.069820,0.997547,0,0.93293,-0.18227,55.976,-0.365,-1,400.000,-1,425.000,-1,325.000,325.000,300.000,300.000,-1,-1,-1,-1,825.000,925.000,-1,-1,2,0,2,0,2,0,0,0,0,2,2,2,2,0,1,2,2
29,3545.540,-2488.692,-355.330,62.820,0.456960,-0.887305,0.062271,0.889483,0.455614,-0.035169,0.002834,0.071460,0.997439,0,0.94016,-0.20107,56.409,-0.402,-1,400.000,-1,425.000,-1,325.000,325.000,300.000,300.000,-1,-1,-1,-1,850.000,925.000,-1,-1,2,0,2,0,2,0,0,0,0,2,2,2,2,0,0,2,2
30,3573.542,-2435.627,-355.239,62.178,0.466747,-0.882006,0.064908,0.884391,0.465457,-0.034681,0.000377,0.073591,0.997288,0,1.00000,-0.32107,60.000,-0.642,-1,400.000,-1,425.000,-1,325.000,325.000,300.000,300.000,-1,-1,-1,-1,850.000,925.000,-1,-1,2,0,2,0,2,0,0,0,0,2,2,2,2,0,0,2,2
31,3602.358,-2382.999,-355.261,61.296,0.480129,-0.874583,0.067677,0.877195,0.478898,-0.034433,-0.002296,0.075898,0.997113,0,1.00000,-0.44107,60.000,-0.882,-1,400.000,-1,425.000,-1,325.000,325.000,300.000,300.000,-1,-1,-1,-1,875.000,925.000,-1,-1,2,0,2,0,2,0,0,0,0,2,2,2,2,0,0,2,2
32,3632.199,-2330.945,-355.416,60.174,0.497007,-0.864870,0.070591,0.867731,0.495839,-0.034458,-0.005200,0.078380,0.996910,0,1.00000,-0.56107,60.000,-1.122,-1,400.000,-1,425.000,-1,325.000,325.000,325.000,300.000,-1,-1,-1,-1,900.000,925.000,-1,-1,2,0,2,0,2,0,0,0,0,2,2,2,2,0,0,2,2
33,3663.269,-2279.615,-355.718,58.812,0.517253,-0.852658,0.073638,0.855792,0.516149,-0.034799,-0.008336,0.081019,0.996678,0,1.00000,-0.68107,60.000,-1.362,-1,400.000,-1,425.000,-1,325.000,350.000,325.000,300.000,-1,-1,-1,-1,900.000,925.000,-1,-1,2,0,2,0,2,0,0,0,0,2,2,2,2,0,0,2,2
34,3695.763,-2229.174,-356.594,57.210,0.540618,-0.837818,0.076114,0.841167,0.539738,-0.033474,-0.013037,0.082121,0.996537,0,1.00000,-0.80107,60.000,-1.602,-1,400.000,-1,425.000,-1,325.000,350.000,325.000,300.000,-1,-1,-1,-1,900.000,900.000,-1,-1,2,0,2,0,2,0,0,0,0,2,2,2,2,0,0,2,2
35,3729.863,-2179.805,-357.808,55.367,0.566960,-0.819996,0.078502,0.823540,0.566365,-0.031818,-0.018370,0.082689,0.996406,0,1.00000,-0.92107,60.000,-1.842,-1,425.000,-1,425.000,-1,325.000,325.000,325.000,300.000,-1,-1,-1,-1,900.000,900.000,-1,-1,2,0,2,1,2,0,0,0,0,2,2,2,2,0,0,2,2
36,3765.645,-2131.640,-359.412,53.392,0.594604,-0.799995,0.080340,0.803674,0.594300,-0.030253,-0.023543,0.082556,0.996308,0,1.00000,-0.98770,60.000,-1.975,-1,425.000,-1,400.000,-1,325.000,325.000,300.000,300.000,-1,-1,-1,-1,875.000,875.000,-1,-1,2,0,2,1,2,0,0,0,0,2,2,2,2,0,0,2,2
37,3803.075,-2084.745,-361.248,51.406,0.621677,-0.778925,0.082427,0.782742,0.621682,-0.028747,-0.028852,0.082391,0.996182,0,1.00000,-0.99322,60.000,-1.986,-1,425.000,-1,400.000,500.000,325.000,325.000,300.000,300.000,-1,-1,-1,-1,875.000,875.000,-1,-1,2,0,2,1,1,0,0,0,0,2,2,2,2,0,0,2,2
38,3840.808,-2040.319,-363.388,49.659,0.644802,-0.759659,0.084549,0.763578,0.645168,-0.026587,-0.034352,0.081703,0.996065,0,0.97142,-0.87322,58.285,-1.746,-1,425.000,-1,400.000,425.000,325.000,325.000,300.000,300.000,-1,-1,-1,-1,850.000,850.000,-1,-1,2,0,2,1,1,0,0,0,1,2,2,2,2,0,0,2,2
39,3879.687,-1996.913,-364.942,48.153,0.664513,-0.742683,0.082726,0.746342,0.665138,-0.023774,-0.037367,0.077540,0.996289,0,0.97118,-0.75322,58.271,-1.506,-1,425.000,-1,425.000,475.000,325.000,350.000,300.000,275.000,-1,-1,-1,-1,850.000,850.000,-1,-1,2,0,2,0,1,0,0,0,1,2,2,2,2,0,0,2,2
40,3919.469,-1954.431,-365.511,46.886,0.681108,-0.728215,0.076127,0.731262,0.681777,-0.020860,-0.036711,0.069877,0.996880,0,0.97000,-0.63322,58.200,-1.266,-1,425.000,-1,450.000,-1,350.000,350.000,300.000,275.000,-1,-1,-1,-1,875.000,900.000,-1,-1,2,0,2,0,2,0,0,0,1,2,2,2,2,0,0,2,2
41,3959.911,-1912.762,-366.730,45.860,0.694195,-0.716130,0.072465,0.718824,0.694951,-0.018344,-0.037223,0.064824,0.997202,0,0.96778,-0.51322,58.067,-1.026,-1,425.000,-1,450.000,-1,350.000,350.000,275.000,250.000,-1,-1,-1,-1,875.000,925.000,-1,-1,2,0,2,0,2,0,0,0,1,2,2,2,2,0,0,2,2
42,4000.777,-1871.794,-368.605,45.073,0.703929,-0.706630,0.071826,0.709197,0.704820,-0.016392,-0.039042,0.062478,0.997282,0,0.96442,-0.39322,57.865,-0.786,-1,425.000,-1,450.000,-1,350.000,350.000,300.000,225.000,-1,-1,-1,-1,875.000,925.000,-1,-1,2,0,2,0,2,0,0,0,1,2,2,2,2,0,0,2,2
43,4041.834,-1831.410,-371.328,44.527,0.710473,-0.699888,0.073383,0.702486,0.711539,-0.014991,-0.041723,0.062201,0.997191,0,0.95983,-0.27322,57.590,-0.546,-1,425.000,-1,450.000,-1,350.000,350.000,300.000,225.000,-1,-1,-1,-1,875.000,900.000,-1,-1,2,0,2,0,2,0,0,0,1,2,2,2,2,0,0,2,2
44,4082.964,-1791.601,-374.963,44.065,0.715828,-0.694073,0.076508,0.696819,0.717108,-0.014083,-0.045090,0.063393,0.996970,0,0.95398,-0.23111,57.239,-0.462,-1,425.000,-1,450.000,-1,350.000,350.000,300.000,200.000,-1,-1,-1,-1,850.000,875.000,-1,-1,2,0,2,0,2,0,0,0,1,2,2,2,2,0,0,2,2
45,4124.124,-1752.407,-379.217,43.597,0.720986,-0.688043,0.082318,0.691146,0.722583,-0.013827,-0.049968,0.066863,0.996510,0,0.94727,-0.23373,56.836,-0.467,-1,425.000,-1,425.000,-1,350.000,350.000,300.000,175.000,-1,-1,-1,-1,825.000,825.000,-1,-1,2,0,2,0,2,0,0,0,1,2,2,2,2,0,0,2,2
46,4165.287,-1713.848,-384.069,43.126,0.725895,-0.681798,0.090705,0.685498,0.727935,-0.014274,-0.056295,0.072539,0.995776,0,0.94002,-0.23591,56.401,-0.472,-1,400.000,-1,400.000,-1,325.000,325.000,325.000,175.000,-1,-1,-1,-1,800.000,775.000,-1,-1,2,0,2,0,2,0,0,0,1,2,2,2,2,0,0,2,2
47,4206.429,-1675.944,-389.223,42.650,0.730615,-0.675386,0.100277,0.679858,0.733185,-0.015275,-0.063205,0.079335,0.994842,0,0.93232,-0.23763,55.939,-0.475,-1,400.000,-1,375.000,-1,325.000,325.000,325.000,150.000,-1,-1,-1,-1,750.000,700.000,-1,-1,2,0,2,0,2,0,0,0,1,2,2,2,2,0,0,2,2
48,4247.531,-1638.711,-392.524,42.172,0.736151,-0.669273,0.100772,0.673740,0.738818,-0.014910,-0.064473,0.078870,0.994798,0,0.92431,-0.23889,55.458,-0.478,-1,400.000,-1,375.000,-1,325.000,325.000,325.000,150.000,-1,-1,-1,-1,750.000,700.000,-1,-1,2,0,2,0,2,0,0,0,1,2,2,2,2,0,0,2,2
49,4288.576,-1602.152,-396.035,41.693,0.741765,-0.663132,0.100202,0.667505,0.744464,-0.014507,-0.064977,0.077646,0.994861,0,0.91609,-0.23970,54.965,-0.479,-1,400.000,-1,375.000,-1,325.000,325.000,325.000,150.000,-1,-1,-1,-1,750.000,700.000,-1,-1,2,0,2,0,2,0,0,0,1,2,2,2,2,0,0,2,2
50,4329.551,-1566.266,-399.621,41.213,0.747380,-0.656945,0.099228,0.661197,0.750079,-0.014159,-0.065128,0.076191,0.994964,0,0.90780,-0.24005,54.468,-0.480,-1,400.000,-1,375.000,1000.000,325.000,325.000,325.000,150.000,-1,-1,-1,-1,725.000,700.000,-1,-1,2,0,2,0,1,0,0,0,1,2,2,2,2,0,0,2,2
51,4370.455,-1531.050,-401.752,40.733,0.752753,-0.650949,0.098124,0.654630,0.755915,-0.007263,-0.069445,0.069702,0.995148,0,0.89957,-0.23996,53.974,-0.480,-1,375.000,-1,375.000,975.000,325.000,325.000,325.000,175.000,-1,-1,-1,-1,700.000,700.000,-1,-1,2,0,2,0,1,0,0,0,1,2,2,2,2,0,0,2,2
52,4411.283,-1496.489,-403.523,40.254,0.758036,-0.644931,0.097189,0.647918,0.761709,0.001072,-0.074721,0.062158,0.995265,0,0.89151,-0.23944,53.490,-0.479,-1,375.000,-1,375.000,925.000,300.000,300.000,300.000,175.000,-1,-1,-1,-1,675.000,675.000,-1,-1,2,0,2,0,1,0,0,0,1,2,2,2,2,0,0,2,2
53,4452.037,-1462.566,-405.796,39.777,0.763314,-0.638774,0.096534,0.641251,0.767301,0.006805,-0.078417,0.056708,0.995306,0,0.88373,-0.23851,53.024,-0.477,-1,375.000,-1,375.000,900.000,300.000,300.000,300.000,200.000,-1,-1,-1,-1,650.000,675.000,-1,-1,2,0,2,0,1,0,0,0,1,2,2,2,2,0,0,2,2
54,4492.725,-1429.262,-408.559,39.303,0.768561,-0.632519,0.096089,0.634682,0.772709,0.010006,-0.080578,0.053295,0.995322,0,0.87634,-0.23718,52.580,-0.474,-1,375.000,-1,375.000,875.000,300.000,300.000,300.000,225.000,-1,-1,-1,-1,650.000,675.000,-1,-1,2,0,2,0,1,0,0,0,1,2,2,2,2,0,0,2,2
55,4535.100,-1395.450,-411.842,38.588,0.776493,-0.622906,0.095113,0.624912,0.780622,0.010666,-0.080892,0.051155,0.995409,0,0.90352,-0.35718,54.211,-0.714,-1,375.000,-1,375.000,825.000,300.000,300.000,300.000,225.000,-1,-1,-1,-1,650.000,675.000,-1,-1,2,0,2,0,1,0,0,0,1,2,2,2,2,0,0,2,2
56,4577.742,-1362.571,-415.572,37.634,0.786962,-0.609843,0.093709,0.611851,0.790923,0.008910,-0.079550,0.050324,0.995560,0,0.89744,-0.47718,53.846,-0.954,-1,375.000,-1,375.000,800.000,300.000,300.000,300.000,250.000,-1,-1,-1,-1,650.000,675.000,-1,-1,2,0,2,0,1,0,0,0,1,2,2,2,2,0,0,2,2
57,4620.823,-1330.763,-419.840,36.440,0.799735,-0.593194,0.092433,0.595393,0.803421,0.004629,-0.077008,0.051331,0.995708,0,0.89252,-0.59718,53.551,-1.194,-1,375.000,-1,375.000,750.000,300.000,300.000,300.000,275.000,-1,-1,-1,575.000,675.000,700.000,-1,-1,2,0,2,0,1,0,0,0,1,2,2,2,1,0,1,2,2
58,4664.498,-1300.173,-424.618,35.005,0.814607,-0.572817,0.091081,0.575354,0.817902,-0.001972,-0.073366,0.054010,0.995841,0,0.88871,-0.71718,53.323,-1.434,-1,375.000,-1,375.000,725.000,300.000,300.000,300.000,275.000,-1,-1,-1,450.000,700.000,700.000,-1,-1,2,0,2,0,1,0,0,0,1,2,2,2,1,0,1,2,2
59,4708.908,-1270.963,-429.920,33.331,0.831343,-0.548549,0.089231,0.551510,0.834100,-0.010644,-0.068588,0.058061,0.995954,0,0.88594,-0.83718,53.156,-1.674,-1,375.000,-1,375.000,675.000,325.000,325.000,300.000,275.000,-1,-1,-1,400.000,725.000,700.000,-1,-1,2,0,2,0,1,0,0,0,1,2,2,2,1,0,1,2,2
60,4754.180,-1243.311,-434.248,31.417,0.849441,-0.520383,0.087474,0.523403,0.851965,-0.014305,-0.067081,0.057936,0.996064,0,0.88413,-0.95718,53.048,-1.914,-1,400.000,-1,375.000,625.000,325.000,325.000,300.000,300.000,-1,-1,-1,375.000,750.000,700.000,-1,-1,2,0,2,0,1,0,0,0,1,2,2,2,1,0,1,2,2
61,4800.341,-1217.285,-437.851,29.417,0.867231,-0.490410,0.086069,0.493285,0.869744,-0.014651,-0.067673,0.055162,0.996181,0,0.88321,-1.00000,52.992,-2.000,-1,400.000,-1,375.000,575.000,325.000,325.000,300.000,300.000,-1,675.000,-1,400.000,750.000,675.000,-1,800.000,2,0,2,0,1,0,0,0,1,2,0,2,1,0,1,2,1
62,4847.357,-1192.899,-441.504,27.417,0.883964,-0.459823,0.084678,0.462566,0.886456,-0.015102,-0.068120,0.052519,0.996294,0,0.88273,-1.00000,52.964,-2.000,-1,400.000,-1,375.000,550.000,325.000,325.000,300.000,300.000,-1,675.000,750.000,425.000,775.000,650.000,-1,700.000,2,0,2,0,1,0,0,0,1,2,0,0,1,0,1,2,1
63,4895.182,-1170.175,-445.248,25.417,0.899612,-0.428666,0.083335,0.431275,0.902089,-0.015426,-0.068563,0.049818,0.996402,0,0.88248,-1.00000,52.949,-2.000,-1,400.000,-1,375.000,500.000,325.000,325.000,300.000,300.000,-1,675.000,650.000,450.000,775.000,650.000,-1,625.000,2,0,2,0,1,0,0,0,0,2,0,0,1,0,1,2,1
64,4943.768,-1149.134,-449.077,23.417,0.914156,-0.396975,0.082038,0.399449,0.916622,-0.015634,-0.068991,0.047061,0.996507,0,0.88243,-1.00000,52.946,-2.000,-1,400.000,-1,375.000,450.000,325.000,325.000,300.000,300.000,-1,675.000,650.000,475.000,750.000,600.000,-1,550.000,2,0,2,1,1,0,0,0,0,2,0,0,1,0,1,2,1
65,4993.066,-1129.799,-452.986,21.417,0.927578,-0.364791,0.080786,0.367128,0.930037,-0.015732,-0.069395,0.044251,0.996607,0,0.88257,-1.00000,52.954,-2.000,-1,400.000,-1,375.000,425.000,325.000,325.000,300.000,300.000,-1,675.000,650.000,500.000,750.000,575.000,-1,500.000,2,0,2,1,1,0,0,0,0,2,0,0,1,0,1,2,1
66,5043.027,-1112.190,-456.986,19.417,0.939869,-0.332152,0.079503,0.334345,0.942320,-0.015685,-0.069707,0.041323,0.996711,0,0.88289,-1.00000,52.973,-2.000,-1,400.000,-1,350.000,375.000,325.000,325.000,300.000,300.000,-1,650.000,625.000,525.000,750.000,550.000,-1,425.000,2,0,2,1,1,0,0,0,0,2,0,0,1,0,1,2,1
67,5093.599,-1096.327,-461.051,17.417,0.951007,-0.299099,0.078268,0.301147,0.953451,-0.015544,-0.069975,0.038353,0.996811,0,0.88336,-1.00000,53.002,-2.000,-1,400.000,-1,350.000,325.000,325.000,325.000,300.000,300.000,-1,625.000,600.000,550.000,750.000,525.000,-1,375.000,2,0,2,1,1,0,0,0,0,2,0,0,1,0,1,2,1
68,5144.731,-1082.228,-465.166,15.417,0.960974,-0.265671,0.077121,0.267577,0.963414,-0.015351,-0.070221,0.035387,0.996904,0,0.88399,-1.00000,53.039,-2.000,-1,400.000,-1,325.000,300.000,325.000,300.000,300.000,300.000,-1,600.000,600.000,575.000,750.000,500.000,-1,325.000,2,0,2,1,1,0,1,0,0,2,0,0,1,0,1,2,1
69,5200.992,-1068.809,-469.503,13.417,0.969734,-0.231915,0.076358,0.233634,0.972220,-0.014279,-0.070925,0.031687,0.996978,0,0.96399,-1.00000,57.839,-2.000,-1,400.000,-1,300.000,250.000,325.000,300.000,300.000,300.000,-1,600.000,625.000,600.000,750.000,450.000,-1,275.000,2,0,2,1,1,0,1,0,0,2,0,0,1,0,1,2,1
70,5259.804,-1056.934,-470.843,11.417,0.978071,-0.197918,0.064855,0.198540,0.980087,-0.003237,-0.062923,0.016042,0.997889,0,1.00000,-1.00000,60.000,-2.000,-1,400.000,-1,300.000,225.000,325.000,325.000,300.000,325.000,-1,400.000,475.000,675.000,775.000,450.000,-1,275.000,2,0,2,1,1,0,1,0,0,2,0,0,1,0,1,2,1
71,5318.994,-1047.117,-471.910,9.417,0.985071,-0.163614,0.053539,0.163405,0.986524,0.008283,-0.054173,0.000589,0.998531,0,1.00000,-1.00000,60.000,-2.000,-1,425.000,-1,325.000,225.000,350.000,325.000,275.000,350.000,-1,300.000,400.000,750.000,800.000,450.000,-1,250.000,2,0,2,1,1,0,1,0,0,2,0,0,1,0,1,2,1
72,5378.490,-1039.369,-472.595,7.417,0.990750,-0.129072,0.041886,0.128346,0.991536,0.019597,-0.044061,-0.014040,0.998930,0,1.00000,-1.00000,60.000,-2.000,-1,450.000,-1,300.000,200.000,375.000,325.000,275.000,400.000,-1,225.000,350.000,825.000,825.000,450.000,-1,225.000,2,0,2,1,1,0,1,0,1,2,0,0,1,0,1,2,1
73,5438.221,-1033.701,-473.157,5.417,0.995078,-0.094358,0.030280,0.093375,0.995104,0.032391,-0.033188,-0.029404,0.999016,0,1.00000,-1.00000,60.000,-2.000,-1,475.000,-1,300.000,200.000,375.000,325.000,275.000,425.000,975.000,175.000,300.000,-1,850.000,425.000,-1,225.000,2,0,2,1,1,0,1,0,1,0,0,0,2,0,1,2,1
74,5498.113,-1030.117,-473.527,3.417,0.998052,-0.059535,0.018652,0.058607,0.997179,0.046894,-0.021391,-0.045710,0.998726,0,1.00000,-1.00000,60.000,-2.000,-1,500.000,-1,300.000,175.000,400.000,325.000,275.000,425.000,700.000,125.000,275.000,-1,875.000,425.000,-1,200.000,2,0,2,1,1,0,1,0,1,0,0,0,2,0,1,2,1
75,5558.095,-1028.623,-473.637,1.417,0.999671,-0.024674,0.006970,0.024184,0.997698,0.063352,-0.008518,-0.063162,0.997967,0,1.00000,-1.00000,60.000,-2.000,-1,500.000,-1,300.000,175.000,425.000,325.000,275.000,425.000,525.000,75.000,250.000,-1,925.000,400.000,-1,200.000,2,0,2,1,1,0,1,0,1,0,0,0,2,0,1,2,1
76,5618.093,-1029.219,-473.422,-0.583,0.999937,0.010146,-0.004755,-0.009722,0.996584,0.082017,0.005571,-0.081965,0.996620,0,1.00000,-1.00000,60.000,-2.000,-1,525.000,-1,300.000,150.000,450.000,325.000,250.000,400.000,425.000,50.000,200.000,-1,950.000,425.000,-1,175.000,2,0,2,1,1,0,1,0,1,0,0,0,2,0,1,2,1
77,5678.034,-1031.904,-472.817,-2.583,0.998859,0.044835,-0.016470,-0.042905,0.993741,0.103142,0.020992,-0.102317,0.994530,0,1.00000,-1.00000,60.000,-2.000,-1,550.000,-1,275.000,150.000,475.000,325.000,250.000,400.000,350.000,50.000,200.000,-1,1000.000,450.000,-1,150.000,2,0,2,1,1,1,1,0,1,0,0,0,2,0,1,2,1
78,5737.848,-1036.674,-471.760,-4.583,0.996456,0.079287,-0.028074,-0.075121,0.989057,0.126973,0.037835,-0.124415,0.991509,0,1.00000,-1.00000,60.000,-2.000,-1,575.000,-1,300.000,125.000,450.000,325.000,250.000,375.000,300.000,25.000,175.000,-1,-1,475.000,-1,150.000,2,0,2,1,1,1,1,0,1,0,0,0,2,2,1,2,1
79,-2951.696,-9511.009,-259.681,18.917,0.945633,-0.324057,0.027660,0.322866,0.945590,0.040205,-0.039184,-0.029089,0.998809,1,0.00000,0.00000,60.000,-2.000,-1,425.000,-1,375.000,-1,325.000,325.000,325.000,325.000,-1,-1,-1,-1,875.000,800.000,-1,-1,2,0,2,0,2,0,0,0,0,2,2,2,2,0,0,2,2
80,-2947.153,-9509.457,-259.868,18.857,0.945966,-0.323075,0.027775,0.321872,0.945919,0.040436,-0.039336,-0.029311,0.998796,0,0.08000,-0.02968,4.800,-0.059,-1,425.000,-1,375.000,-1,325.000,325.000,325.000,325.000,-1,-1,-1,-1,875.000,800.000,-1,-1,2,0,2,0,2,0,0,0,0,2,2,2,2,0,0,2,2
81,-2938.065,-9506.363,-260.235,18.798,0.946295,-0.322091,0.028000,0.320863,0.946242,0.040899,-0.039668,-0.029718,0.998771,0,0.16000,-0.02968,9.600,-0.059,-1,425.000,-1,375.000,-1,325.000,325.000,325.000,325.000,-1,-1,-1,-1,875.000,800.000,-1,-1,2,0,2,0,2,0,0,0,0,2,2,2,2,0,0,2,2
82,-2924.429,-9501.737,-260.784,18.739,0.946620,-0.321105,0.028335,0.319839,0.946558,0.041592,-0.040176,-0.030310,0.998733,0,0.24000,-0.02968,14.400,-0.059,-1,425.000,-1,400.000,-1,325.000,325.000,325.000,325.000,-1,-1,-1,-1,875.000,800.000,-1,-1,2,0,2,0,2,0,0,0,0,2,2,2,2,0,0,2,2
83,-2906.240,-9495.587,-261.513,18.679,0.946941,-0.320116,0.028780,0.318800,0.946868,0.042517,-0.040861,-0.031086,0.998681,0,0.32000,-0.02968,19.200,-0.059,-1,425.000,-1,400.000,-1,325.000,325.000,325.000,325.000,-1,-1,-1,-1,875.000,800.000,-1,-1,2,0,2,0,2,0,0,0,0,2,2,2,2,0,0,2,2
84,-2883.497,-9487.924,-262.421,18.620,0.947258,-0.319126,0.029331,0.317744,0.947170,0.043674,-0.041719,-0.032050,0.998615,0,0.40000,-0.02968,24.000,-0.059,-1,400.000,-1,400.000,-1,325.000,325.000,325.000,350.000,-1,-1,-1,-1,850.000,800.000,-1,-1,2,0,2,0,2,0,0,0,0,2,2,2,2,0,0,2,2
85,-2856.195,-9478.756,-263.507,18.561,0.947572,-0.318132,0.029987,0.316670,0.947465,0.045062,-0.042747,-0.033204,0.998534,0,0.48000,-0.02968,28.800,-0.059,-1,400.000,-1,400.000,-1,325.000,325.000,325.000,350.000,-1,-1,-1,-1,850.000,800.000,-1,-1,2,0,2,0,2,0,0,0,0,2,2,2,2,0,0,2,2
86,-2824.331,-9468.093,-264.770,18.501,0.947882,-0.317136,0.030743,0.315578,0.947751,0.046684,-0.043942,-0.034549,0.998437,0,0.56000,-0.02968,33.600,-0.059,-1,400.000,-1,400.000,-1,325.000,325.000,325.000,350.000,-1,-1,-1,-1,850.000,800.000,-1,-1,2,0,2,0,2,0,0,0,0,2,2,2,2,0,0,2,2
87,-2787.903,-9455.945,-266.208,18.442,0.948187,-0.316137,0.031594,0.314466,0.948027,0.048541,-0.045298,-0.036091,0.998321,0,0.64000,-0.02968,38.400,-0.059,-1,400.000,-1,400.000,-1,325.000,325.000,325.000,350.000,-1,-1,-1,-1,825.000,800.000,-1,-1,2,0,2,0,2,0,0,0,0,2,2,2,2,0,0,2,2
88,-2746.908,-9442.320,-267.821,18.383,0.948489,-0.315134,0.032536,0.313332,0.948293,0.050636,-0.046811,-0.037833,0.998187,0,0.72000,-0.02968,43.200,-0.059,-1,400.000,-1,400.000,-1,325.000,325.000,325.000,350.000,-1,-1,-1,-1,825.000,800.000,-1,-1,2,0,2,0,2,0,0,0,0,2,2,2,2,0,0,2,2
89,-2705.870,-9428.729,-269.578,18.323,0.948796,-0.314137,0.033221,0.312240,0.948575,0.052081,-0.047873,-0.039042,0.998090,0,0.72049,-0.02968,43.230,-0.059,-1,400.000,-1,400.000,-1,325.000,325.000,325.000,350.000,-1,-1,-1,-1,825.000,800.000,-1,-1,2,0,2,0,2,0,0,0,0,2,2,2,2,0,0,2,2
90,-2664.819,-9415.180,-271.538,18.264,0.949104,-0.313148,0.033773,0.311200,0.948883,0.052689,-0.048546,-0.039497,0.998040,0,0.72049,-0.02968,43.230,-0.059,-1,400.000,-1,400.000,-1,325.000,325.000,325.000,350.000,-1,-1,-1,-1,825.000,800.000,-1,-1,2,0,2,0,2,0,0,0,0,2,2,2,2,0,0,2,2
91,-2623.753,-9401.675,-273.551,18.204,0.949401,-0.312162,0.034545,0.310161,0.949197,0.053150,-0.049381,-0.039747,0.997989,0,0.72049,-0.02968,43.230,-0.059,-1,400.000,-1,400.000,-1,325.000,325.000,325.000,350.000,-1,-1,-1,-1,825.000,800.000,-1,-1,2,0,2,0,2,0,0,0,0,2,2,2,2,0,0,2,2
92,-2582.673,-9388.212,-275.558,18.145,0.949697,-0.311175,0.035298,0.309121,0.949510,0.053622,-0.050201,-0.040014,0.997937,0,0.72049,-0.02968,43.230,-0.059,-1,400.000,-1,400.000,-1,325.000,325.000,325.000,350.000,-1,-1,-1,-1,800.000,800.000,-1,-1,2,0,2,0,2,0,0,0,0,2,2,2,2,0,0,2,2
93,-2541.579,-9374.791,-277.762,18.086,0.950002,-0.310185,0.035791,0.308078,0.949812,0.054261,-0.050826,-0.040522,0.997885,0,0.72049,-0.02968,43.230,-0.059,-1,400.000,-1,400.000,-1,325.000,325.000,325.000,350.000,-1,-1,-1,-1,800.000,800.000,-1,-1,2,0,2,0,2,0,0,0,0,2,2,2,2,0,0,2,2
94,-2500.471,-9361.413,-280.243,18.026,0.950299,-0.309195,0.036474,0.307029,0.950116,0.054881,-0.051624,-0.040954,0.997827,0,0.72049,-0.02968,43.230,-0.059,-1,400.000,-1,400.000,-1,325.000,325.000,325.000,350.000,-1,-1,-1,-1,800.000,800.000,-1,-1,2,0,2,0,2,0,0,0,0,2,2,2,2,0,0,2,2
95,-2459.350,-9348.078,-282.726,17.967,0.950594,-0.308204,0.037176,0.305973,0.950416,0.055581,-0.052463,-0.041460,0.997762,0,0.72049,-0.02968,43.230,-0.059,-1,400.000,-1,400.000,-1,325.000,325.000,325.000,350.000,-1,-1,-1,-1,775.000,800.000,-1,-1,2,0,2,0,2,0,0,0,0,2,2,2,2,0,0,2,2
96,-2418.215,-9334.785,-285.192,17.908,0.950887,-0.307213,0.037862,0.304916,0.950715,0.056272,-0.053283,-0.041963,0.997697,0,0.72049,-0.02968,43.230,-0.059,-1,400.000,-1,400.000,-1,325.000,325.000,325.000,350.000,-1,-1,-1,-1,775.000,800.000,-1,-1,2,0,2,0,2,0,0,0,0,2,2,2,2,0,0,2,2
97,-2377.066,-9321.535,-287.641,17.848,0.951180,-0.306221,0.038533,0.303860,0.951013,0.056954,-0.054085,-0.042465,0.997633,0,0.72049,-0.02968,43.230,-0.059,-1,400.000,-1,400.000,-1,325.000,325.000,325.000,350.000,-1,-1,-1,-1,775.000,775.000,-1,-1,2,0,2,0,2,0,0,0,0,2,2,2,2,0,0,2,2
98,-2335.903,-9308.327,-290.073,17.789,0.951472,-0.305229,0.039188,0.302803,0.951309,0.057626,-0.054870,-0.042964,0.997569,0,0.72049,-0.02968,43.230,-0.059,-1,400.000,-1,400.000,-1,325.000,325.000,325.000,350.000,-1,-1,-1,-1,750.000,775.000,-1,-1,2,0,2,0,2,0,0,0,0,2,2,2,2,0,0,2,2
99,-2294.727,-9295.163,-292.488,17.730,0.951763,-0.304237,0.039829,0.301747,0.951605,0.058290,-0.055635,-0.043460,0.997505,0,0.72049,-0.02968,43.230,-0.059,-1,400.000,-1,400.000,-1,325.000,325.000,325.000,350.000,-1,-1,-1,-1,750.000,775.000,-1,-1,2,0,2,0,2,0,0,0,0,2,2,2,2,0,0,2,2
100,-2253.537,-9282.040,-294.887,17.670,0.952054,-0.303244,0.040454,0.300690,0.951899,0.058945,-0.056383,-0.043955,0.997441,0,0.72049,-0.02968,43.230,-0.059,-1,400.000,-1,400.000,-1,325.000,325.000,325.000,350.000,-1,-1,-1,-1,725.000,775.000,-1,-1,2,0,2,0,2,0,0,0,0,2,2,2,2,0,0,2,2
101,-2212.333,-9268.961,-297.269,17.611,0.952343,-0.302251,0.041065,0.299633,0.952192,0.059591,-0.057113,-0.044447,0.997378,0,0.72049,-0.02968,43.230,-0.059,-1,400.000,-1,400.000,-1,325.000,325.000,325.000,350.000,-1,-1,-1,-1,725.000,775.000,-1,-1,2,0,2,0,2,0,0,0,0,2,2,2,2,0,0,2,2
102,-2171.116,-9255.924,-299.634,17.551,0.952632,-0.301258,0.041660,0.298577,0.952483,0.060229,-0.057825,-0.044937,0.997315,0,0.72049,-0.02968,43.230,-0.059,-1,400.000,-1,400.000,-1,325.000,325.000,325.000,350.000,-1,-1,-1,-1,725.000,775.000,-1,-1,2,0,2,0,2,0,0,0,0,2,2,2,2,0,0,2,2
103,-2129.886,-9242.930,-301.983,17.492,0.952920,-0.300264,0.042241,0.297520,0.952774,0.060858,-0.058519,-0.045425,0.997252,0,0.72049,-0.02968,43.230,-0.059,-1,375.000,-1,400.000,-1,325.000,325.000,325.000,350.000,-1,-1,-1,-1,700.000,750.000,-1,-1,2,0,2,0,2,0,0,0,0,2,2,2,2,0,0,2,2
104,-2088.642,-9229.978,-304.316,17.433,0.953208,-0.299270,0.042806,0.296464,0.953063,0.061478,-0.059196,-0.045911,0.997190,0,0.72049,-0.02968,43.230,-0.059,-1,375.000,-1,400.000,-1,325.000,325.000,325.000,350.000,-1,-1,-1,-1,700.000,750.000,-1,-1,2,0,2,0,2,0,0,0,0,2,2,2,2,0,0,2,2
105,-2047.384,-9217.070,-306.672,17.373,0.953497,-0.298278,0.043290,0.295424,0.953358,0.061917,-0.059739,-0.046249,0.997142,0,0.72049,-0.02968,43.230,-0.059,-1,375.000,-1,400.000,-1,325.000,325.000,325.000,350.000,-1,-1,-1,-1,700.000,750.000,-1,-1,2,0,2,0,2,0,0,0,0,2,2,2,2,0,0,2,2
106,-2006.113,-9204.204,-309.062,17.314,0.953792,-0.297287,0.043604,0.294404,0.953657,0.062160,-0.060063,-0.046451,0.997113,0,0.72049,-0.02968,43.230,-0.059,-1,375.000,-1,400.000,-1,300.000,325.000,325.000,350.000,-1,-1,-1,-1,675.000,750.000,-1,-1,2,0,2,0,2,0,0,0,0,2,2,2,2,0,0,2,2
107,-1964.829,-9191.381,-311.416,17.255,0.954091,-0.296295,0.043811,0.293381,0.953950,0.062503,-0.060313,-0.046780,0.997083,0,0.72049,-0.02968,43.230,-0.059,-1,375.000,-1,400.000,-1,300.000,325.000,325.000,350.000,-1,-1,-1,-1,675.000,725.000,-1,-1,2,0,2,0,2,0,0,0,0,2,2,2,2,0,0,2,2
108,-1923.532,-9178.601,-313.816,17.195,0.954396,-0.295305,0.043863,0.292387,0.954253,0.062531,-0.060322,-0.046854,0.997079,0,0.72049,-0.02968,43.230,-0.059,-1,375.000,-1,375.000,-1,300.000,325.000,325.000,350.000,-1,-1,-1,-1,675.000,725.000,-1,-1,2,0,2,0,2,0,0,0,0,2,2,2,2,0,0,2,2
109,-1879.700,-9164.886,-316.554,17.376,0.953476,-0.298322,0.043445,0.295464,0.953350,0.061850,-0.059870,-0.046136,0.997139,0,0.76547,0.09032,45.928,0.181,-1,375.000,-1,375.000,-1,300.000,300.000,325.000,350.000,-1,-1,-1,-1,675.000,725.000,-1,-1,2,0,2,0,2,0,0,0,0,2,2,2,2,0,0,2,2
110,-1835.969,-9150.849,-319.195,17.797,0.951285,-0.305331,0.042770,0.302567,0.951188,0.060782,-0.059241,-0.044881,0.997234,0,0.76547,0.21032,45.928,0.421,-1,375.000,-1,375.000,-1,300.000,300.000,325.000,350.000,-1,-1,-1,-1,675.000,725.000,-1,-1,2,0,2,0,2,0,0,0,0,2,2,2,2,0,0,2,2
111,-1792.403,-9136.309,-321.795,18.457,0.947729,-0.316300,0.041999,0.313640,0.947671,0.059581,-0.058647,-0.043294,0.997340,0,0.76547,0.33032,45.928,0.661,-1,375.000,-1,375.000,-1,300.000,300.000,325.000,350.000,-1,-1,-1,-1,675.000,725.000,-1,-1,2,0,2,0,2,0,0,0,0,2,2,2,2,0,0,2,2
112,-1749.071,-9121.087,-324.386,19.358,0.942668,-0.331182,0.041183,0.328626,0.942654,0.058385,-0.058157,-0.041504,0.997444,0,0.76547,0.45032,45.928,0.901,-1,375.000,-1,375.000,-1,300.000,300.000,325.000,325.000,-1,-1,-1,-1,650.000,700.000,-1,-1,2,0,2,0,2,0,0,0,0,2,2,2,2,0,0,2,2
113,-1706.051,-9105.005,-326.973,20.499,0.935916,-0.349909,0.040316,0.347459,0.935950,0.057189,-0.057744,-0.039516,0.997549,0,0.76547,0.57032,45.928,1.141,-1,375.000,-1,375.000,-1,300.000,300.000,325.000,325.000,-1,-1,-1,-1,650.000,700.000,-1,-1,2,0,2,0,2,0,0,0,0,2,2,2,2,0,0,2,2
114,-1663.431,-9087.891,-329.560,21.879,0.927240,-0.372390,0.039393,0.370046,0.927325,0.055991,-0.057381,-0.037340,0.997654,0,0.76547,0.69032,45.928,1.381,-1,375.000,-1,375.000,-1,300.000,300.000,325.000,325.000,-1,-1,-1,-1,650.000,700.000,-1,-1,2,0,2,0,2,0,0,0,0,2,2,2,2,0,0,2,2
115,-1621.311,-9069.579,-332.148,23.500,0.916363,-0.398502,0.038411,0.396265,0.916500,0.054786,-0.057036,-0.034983,0.997759,0,0.76547,0.81032,45.928,1.621,-1,375.000,-1,375.000,-1,300.000,300.000,325.000,325.000,-1,-1,-1,-1,650.000,700.000,-1,-1,2,0,2,0,2,0,0,0,0,2,2,2,2,0,0,2,2
116,-1579.769,-9049.994,-334.736,25.243,0.903841,-0.426234,0.037367,0.424108,0.904027,0.053559,-0.056609,-0.032561,0.997865,0,0.76547,0.87167,45.928,1.743,-1,375.000,-1,375.000,-1,300.000,300.000,325.000,325.000,-1,900.000,-1,-1,650.000,675.000,-1,-1,2,0,2,0,2,0,0,0,0,2,0,2,2,0,0,2,2
117,-1538.841,-9029.153,-337.318,26.986,0.890481,-0.453573,0.036263,0.451559,0.890707,0.052296,-0.056020,-0.030194,0.997973,0,0.76547,0.87167,45.928,1.743,-1,375.000,-1,375.000,-1,300.000,300.000,325.000,325.000,-1,750.000,625.000,-1,650.000,675.000,-1,-1,2,0,2,0,2,0,0,0,0,2,0,0,2,0,0,2,2
118,-1498.567,-9007.078,-339.890,28.730,0.876296,-0.480493,0.035102,0.478593,0.876555,0.050993,-0.055271,-0.027886,0.998082,0,0.76547,0.87167,45.928,1.743,-1,375.000,-1,375.000,-1,300.000,300.000,325.000,325.000,-1,650.000,575.000,-1,650.000,675.000,-1,-1,2,0,2,0,2,0,0,0,0,2,0,0,2,0,0,2,2
119,-1458.983,-8983.787,-342.420,30.473,0.861298,-0.506967,0.033904,0.505174,0.861581,0.049774,-0.054445,-0.025743,0.998185,0,0.76547,0.87167,45.928,1.743,1000.000,375.000,-1,375.000,-1,300.000,300.000,325.000,325.000,-1,575.000,525.000,-1,650.000,675.000,1000.000,-1,0,0,2,0,2,0,0,0,0,2,0,0,2,0,0,0,2
120,-1420.125,-8959.302,-344.904,32.217,0.845504,-0.532970,0.032661,0.531278,0.845800,0.048633,-0.053545,-0.023767,0.998283,0,0.76547,0.87167,45.928,1.743,1000.000,375.000,-1,375.000,-1,300.000,300.000,325.000,325.000,-1,550.000,525.000,-1,650.000,650.000,1000.000,-1,0,0,2,0,2,0,0,0,0,2,0,0,2,0,0,0,2
121,-1382.031,-8933.647,-347.317,33.960,0.828934,-0.558477,0.031178,0.556886,0.829227,0.047541,-0.052404,-0.022045,0.998383,0,0.76547,0.87167,45.928,1.743,1000.000,375.000,-1,375.000,-1,300.000,300.000,325.000,325.000,-1,525.000,500.000,-1,650.000,650.000,975.000,-1,0,0,2,0,2,0,0,0,0,2,0,0,2,0,0,0,2
122,-1344.735,-8906.844,-349.553,35.703,0.811625,-0.583459,0.028988,0.581971,0.811872,0.046614,-0.050732,-0.020963,0.998492,0,0.76547,0.87167,45.928,1.743,1000.000,375.000,-1,375.000,-1,300.000,300.000,325.000,325.000,-1,500.000,475.000,-1,625.000,650.000,975.000,-1,0,0,2,0,2,0,0,0,0,2,0,0,2,0,0,0,2
123,-1308.272,-8878.920,-351.755,37.447,0.793563,-0.607900,0.026755,0.606515,0.793762,0.045625,-0.048973,-0.019979,0.998600,0,0.76547,0.87167,45.928,1.743,975.000,375.000,-1,375.000,-1,300.000,300.000,325.000,325.000,-1,450.000,450.000,-1,625.000,650.000,950.000,-1,0,0,2,0,2,0,0,0,0,2,0,0,2,0,0,0,2
124,-1272.675,-8849.898,-353.924,39.190,0.774767,-0.631777,0.024386,0.630493,0.774913,0.044596,-0.047072,-0.019177,0.998707,0,0.76547,0.87167,45.928,1.743,975.000,375.000,-1,375.000,-1,300.000,300.000,325.000,325.000,-1,425.000,450.000,-1,625.000,650.000,950.000,-1,0,0,2,0,2,0,0,0,0,2,0,0,2,0,0,0,2
125,-1237.861,-8819.704,-356.054,40.936,0.755224,-0.655101,0.021920,0.653917,0.755314,0.043510,-0.045060,-0.018526,0.998812,0,0.76807,0.87294,46.084,1.746,975.000,375.000,-1,375.000,-1,300.000,300.000,325.000,325.000,-1,400.000,425.000,-1,625.000,650.000,950.000,-1,1,0,2,0,2,0,0,0,0,2,0,0,2,0,0,0,2
126,-1203.760,-8788.252,-358.099,42.686,0.734913,-0.677876,0.019676,0.676788,0.734962,0.042310,-0.043142,-0.017777,0.998911,0,0.77317,0.87520,46.390,1.750,950.000,375.000,-1,375.000,-1,300.000,300.000,325.000,325.000,-1,400.000,425.000,-1,625.000,650.000,925.000,-1,1,0,2,0,2,0,0,0,0,2,0,0,2,0,0,0,2
127,-1170.413,-8755.550,-360.058,44.441,0.713855,-0.700070,0.017656,0.699073,0.713873,0.041023,-0.041323,-0.016942,0.999002,0,0.77844,0.87725,46.707,1.755,950.000,375.000,-1,375.000,-1,300.000,300.000,325.000,325.000,-1,400.000,425.000,-1,600.000,650.000,925.000,-1,1,0,2,0,2,0,0,0,0,2,0,0,2,0,0,0,2
128,-1137.858,-8721.604,-361.976,46.199,0.692080,-0.721652,0.015627,0.720741,0.692066,0.039699,-0.039463,-0.016212,0.999090,0,0.78390,0.87908,47.034,1.758,925.000,375.000,-1,375.000,-1,300.000,300.000,325.000,325.000,-1,375.000,425.000,-1,600.000,650.000,925.000,-1,1,0,2,0,2,0,0,0,0,2,0,0,2,0,0,1,2
129,-1106.137,-8686.423,-363.849,47.960,0.669609,-0.742590,0.013593,0.741763,0.669565,0.038340,-0.037573,-0.015590,0.999172,0,0.78952,0.88066,47.371,1.761,925.000,350.000,-1,375.000,-1,300.000,300.000,325.000,325.000,-1,375.000,425.000,-1,600.000,650.000,900.000,-1,1,0,2,0,2,0,0,0,0,2,0,0,2,0,0,1,2
130,-1075.288,-8650.017,-365.676,49.724,0.646467,-0.762855,0.011562,0.762108,0.646394,0.036953,-0.035663,-0.015077,0.999250,0,0.79531,0.88200,47.718,1.764,900.000,350.000,-1,375.000,-1,300.000,300.000,325.000,325.000,-1,375.000,425.000,-1,600.000,625.000,850.000,-1,1,0,2,0,2,0,0,0,0,2,0,0,2,0,0,1,2
131,-1045.354,-8612.398,-367.341,51.490,0.622671,-0.782424,0.009673,0.781772,0.622584,0.034954,-0.033372,-0.014203,0.999342,0,0.80125,0.88307,48.075,1.766,900.000,350.000,-1,375.000,-1,300.000,300.000,325.000,325.000,-1,350.000,400.000,-1,600.000,625.000,825.000,-1,1,0,2,0,2,0,0,0,0,2,0,0,2,0,0,1,2
132,-1016.376,-8573.581,-368.592,53.258,0.598230,-0.801281,0.008317,0.800767,0.598169,0.031099,-0.029894,-0.011945,0.999482,0,0.80735,0.88387,48.441,1.768,925.000,350.000,-1,375.000,-1,300.000,300.000,325.000,325.000,-1,350.000,375.000,-1,600.000,625.000,825.000,-1,1,0,2,0,2,0,0,0,0,2,0,0,2,0,0,1,2
133,-988.395,-8533.581,-369.724,55.027,0.573208,-0.819380,0.007055,0.818979,0.573164,0.027517,-0.026590,-0.009995,0.999596,0,0.81360,0.88438,48.816,1.769,975.000,350.000,-1,350.000,-1,300.000,300.000,325.000,300.000,-1,325.000,375.000,-1,600.000,625.000,800.000,-1,1,0,2,0,2,0,0,0,0,2,0,0,2,0,0,1,2
134,-961.453,-8492.416,-370.670,56.796,0.547638,-0.836695,0.005770,0.836380,0.547601,0.024510,-0.023667,-0.008596,0.999683,0,0.81997,0.88458,49.198,1.769,1000.000,350.000,-1,350.000,-1,300.000,300.000,325.000,300.000,-1,325.000,375.000,-1,600.000,600.000,800.000,-1,0,0,2,0,2,0,0,0,0,2,0,0,2,0,0,1,2
135,-935.591,-8450.105,-371.562,58.565,0.521548,-0.853209,0.004628,0.852969,0.521518,0.021489,-0.020749,-0.007260,0.999758,0,0.82648,0.88445,49.589,1.769,-1,350.000,-1,350.000,-1,300.000,300.000,325.000,300.000,-1,325.000,375.000,-1,600.000,600.000,775.000,-1,2,0,2,0,2,0,0,0,0,2,0,0,2,0,0,1,2
136,-913.260,-8411.281,-372.303,60.094,0.498596,-0.866826,0.003697,0.866644,0.498572,0.018830,-0.018166,-0.006184,0.999816,0,0.74648,0.76445,44.789,1.529,-1,350.000,-1,350.000,-1,300.000,300.000,325.000,300.000,-1,325.000,375.000,-1,600.000,600.000,775.000,-1,2,0,2,0,2,0,0,0,0,2,0,0,2,1,0,1,2
