timestep,x_cm,y_cm,z_cm,yaw_deg,basis_xx,basis_xy,basis_xz,basis_yx,basis_yy,basis_yz,basis_zx,basis_zy,basis_zz,teleport_flag,throttle_cmd,steering_cmd,cmd_move_cm,cmd_turn_deg,lidar_cm_0,lidar_cm_1,lidar_cm_2,lidar_cm_3,lidar_cm_4,lidar_cm_5,lidar_cm_6,lidar_cm_7,lidar_cm_8,lidar_cm_9,lidar_cm_10,lidar_cm_11,lidar_cm_12,lidar_cm_13,lidar_cm_14,lidar_cm_15,lidar_cm_16,lidar_class_0,lidar_class_1,lidar_class_2,lidar_class_3,lidar_class_4,lidar_class_5,lidar_class_6,lidar_class_7,lidar_class_8,lidar_class_9,lidar_class_10,lidar_class_11,lidar_class_12,lidar_class_13,lidar_class_14,lidar_class_15,lidar_class_16
0,5579.668,8852.843,225.053,-27.941,0.883622,0.468190,-0.003165,-0.467881,0.882747,-0.042965,-0.017322,0.039445,0.999072,1,0.08000,0.12000,4.800,0.240,-1,400.000,-1,400.000,-1,325.000,325.000,300.000,300.000,-1,-1,-1,-1,750.000,725.000,-1,-1,2,0,2,0,2,0,0,0,0,2,2,2,2,0,1,2,2
1,5588.187,8848.416,224.906,-27.461,0.887511,0.460776,-0.003062,-0.460468,0.886633,-0.043027,-0.017111,0.039597,0.999069,0,0.16000,0.24000,9.600,0.480,-1,400.000,-1,400.000,-1,325.000,325.000,300.000,300.000,-1,-1,-1,-1,750.000,725.000,-1,-1,2,0,2,0,2,0,0,0,0,2,2,2,2,0,1,2,2
2,5601.047,8841.937,224.691,-26.741,0.893228,0.449594,-0.002910,-0.449290,0.892345,-0.043116,-0.016788,0.039820,0.999066,0,0.24000,0.36000,14.400,0.720,-1,400.000,-1,400.000,-1,325.000,325.000,300.000,300.000,-1,-1,-1,-1,750.000,725.000,-1,-1,2,0,2,0,2,0,0,0,0,2,2,2,2,0,1,2,2
3,5618.335,8833.586,224.416,-25.781,0.900631,0.434575,-0.002713,-0.434276,0.899742,-0.043227,-0.016345,0.040110,0.999062,0,0.32000,0.48000,19.200,0.960,-1,400.000,-1,400.000,-1,325.000,325.000,300.000,300.000,-1,-1,-1,-1,750.000,725.000,-1,-1,2,0,2,0,2,0,0,0,0,2,2,2,2,0,1,2,2
4,5640.160,8823.603,224.089,-24.581,0.909530,0.415631,-0.002474,-0.415339,0.908633,-0.043356,-0.015772,0.040461,0.999057,0,0.40000,0.60000,24.000,1.200,-1,400.000,-1,400.000,-1,325.000,325.000,300.000,300.000,-1,-1,-1,-1,750.000,725.000,-1,-1,2,0,2,0,2,0,0,0,0,2,2,2,2,0,1,2,2
5,5666.643,8812.286,223.722,-23.141,0.919681,0.392660,-0.002198,-0.392377,0.918776,-0.043495,-0.015059,0.040865,0.999051,0,0.48000,0.72000,28.800,1.440,-1,400.000,-1,400.000,-1,325.000,325.000,300.000,300.000,-1,-1,-1,-1,750.000,700.000,-1,1000.000,2,0,2,0,2,0,0,0,0,2,2,2,2,0,1,2,1
6,5697.864,8799.867,223.326,-21.691,0.929311,0.369292,-0.001898,-0.369017,0.928396,-0.043663,-0.014363,0.041277,0.999045,0,0.56000,0.72458,33.600,1.449,-1,400.000,-1,400.000,1000.000,325.000,325.000,300.000,300.000,-1,-1,-1,-1,750.000,700.000,-1,950.000,2,0,2,0,1,0,0,0,0,2,2,2,2,0,1,2,1
7,5733.889,8786.574,222.909,-20.255,0.938272,0.345895,-0.001578,-0.345627,0.937346,-0.043857,-0.013691,0.041695,0.999037,0,0.64000,0.71829,38.400,1.437,-1,400.000,-1,400.000,950.000,325.000,325.000,300.000,300.000,-1,-1,-1,-1,750.000,700.000,-1,925.000,2,0,2,0,1,0,0,0,0,2,2,2,2,0,1,2,1
8,5774.721,8772.468,222.475,-19.058,0.945286,0.326239,-0.001251,-0.325974,0.944350,-0.044096,-0.013205,0.042092,0.999026,0,0.72000,0.59829,43.200,1.197,-1,400.000,-1,375.000,875.000,325.000,325.000,300.000,300.000,-1,-1,-1,-1,750.000,700.000,-1,900.000,2,0,2,0,1,0,0,0,0,2,2,2,2,0,1,2,1
9,5819.463,8757.843,221.959,-18.102,0.950597,0.310427,-0.001060,-0.310171,0.949661,-0.044024,-0.012659,0.042178,0.999030,0,0.78453,0.47829,47.072,0.957,-1,400.000,-1,375.000,825.000,325.000,325.000,300.000,300.000,-1,-1,-1,-1,750.000,675.000,-1,850.000,2,0,2,0,1,0,0,0,0,2,2,2,2,0,1,2,1
10,5864.402,8743.773,221.410,-17.385,0.954400,0.298528,-0.000969,-0.298283,0.953476,-0.043719,-0.012128,0.042015,0.999043,0,0.78484,0.35829,47.090,0.717,-1,400.000,-1,375.000,775.000,325.000,325.000,300.000,300.000,-1,-1,-1,-1,750.000,675.000,-1,825.000,2,0,2,0,1,0,0,0,0,2,2,2,2,0,1,2,1
11,5909.450,8730.079,220.875,-16.908,0.956847,0.290589,-0.000912,-0.290353,0.955934,-0.043426,-0.011747,0.041817,0.999056,0,0.78472,0.23829,47.083,0.477,-1,400.000,-1,375.000,725.000,325.000,325.000,300.000,300.000,-1,-1,-1,-1,750.000,675.000,-1,800.000,2,0,2,0,1,0,0,0,0,2,2,2,2,0,1,2,1
12,5954.530,8716.578,220.353,-16.672,0.958037,0.286642,-0.000923,-0.286413,0.957133,-0.043172,-0.011491,0.041624,0.999067,0,0.78430,0.11829,47.058,0.237,-1,400.000,-1,375.000,700.000,325.000,300.000,300.000,300.000,-1,-1,-1,-1,775.000,650.000,-1,750.000,2,0,2,0,1,0,0,0,0,2,2,2,2,0,1,2,1
13,6004.207,8701.697,219.818,-16.675,0.958019,0.286703,-0.001164,-0.286488,0.957129,-0.042773,-0.011149,0.041311,0.999084,0,0.86430,-0.00171,51.858,-0.003,-1,375.000,-1,375.000,650.000,325.000,300.000,300.000,300.000,-1,-1,-1,-1,775.000,650.000,-1,725.000,2,0,2,0,1,0,0,0,0,2,2,2,2,0,1,2,1
14,6056.451,8685.805,219.397,-16.919,0.956790,0.290776,-0.001685,-0.290590,0.955935,-0.041783,-0.010539,0.040467,0.999125,0,0.91012,-0.12171,54.607,-0.243,-1,375.000,-1,375.000,625.000,325.000,300.000,300.000,300.000,-1,-1,-1,-1,775.000,625.000,-1,675.000,2,0,2,0,1,0,0,0,0,2,2,2,2,0,1,2,1
15,6108.749,8669.414,218.979,-17.402,0.954300,0.298842,-0.002230,-0.298681,0.953482,-0.040755,-0.010053,0.039559,0.999167,0,0.91345,-0.24171,54.807,-0.483,-1,375.000,-1,375.000,575.000,325.000,300.000,300.000,300.000,-1,-1,-1,-1,775.000,600.000,-1,650.000,2,0,2,0,1,0,0,0,0,2,2,2,2,0,1,2,1
16,6161.043,8652.295,218.571,-18.126,0.950449,0.310868,-0.002856,-0.310732,0.949667,-0.039722,-0.009636,0.038641,0.999207,0,0.91708,-0.36171,55.025,-0.723,-1,375.000,-1,375.000,550.000,325.000,300.000,300.000,300.000,-1,-1,-1,-1,800.000,600.000,-1,600.000,2,0,2,0,1,0,0,0,0,2,2,2,2,0,1,2,1
17,6213.273,8634.220,218.169,-19.089,0.945086,0.326803,-0.003572,-0.326691,0.944339,-0.038680,-0.009267,0.037723,0.999245,0,0.92115,-0.48171,55.269,-0.963,-1,375.000,-1,375.000,500.000,325.000,300.000,325.000,325.000,-1,-1,-1,-1,800.000,575.000,-1,550.000,2,0,2,0,1,0,0,0,0,2,2,2,2,0,1,2,1
18,6265.403,8615.029,217.770,-20.210,0.938510,0.345223,-0.004388,-0.345137,0.937798,-0.037619,-0.008872,0.036821,0.999283,0,0.92583,-0.56037,55.550,-1.121,-1,400.000,-1,375.000,450.000,300.000,300.000,325.000,325.000,-1,-1,-1,-1,800.000,550.000,-1,500.000,2,0,2,0,1,0,0,0,0,2,2,2,2,0,1,2,1
19,6317.437,8594.678,217.377,-21.360,0.931385,0.363998,-0.005313,-0.363941,0.930706,-0.036522,-0.008349,0.035950,0.999319,0,0.93120,-0.57535,55.872,-1.151,-1,400.000,-1,375.000,425.000,325.000,300.000,325.000,325.000,-1,-1,-1,-1,800.000,525.000,-1,450.000,2,0,2,1,1,0,0,0,0,2,2,2,2,0,1,2,1
20,6369.375,8573.119,216.992,-22.543,0.923671,0.383133,-0.006352,-0.383108,0.923026,-0.035380,-0.007692,0.035113,0.999354,0,0.93724,-0.59106,56.234,-1.182,-1,400.000,-1,350.000,375.000,325.000,300.000,325.000,325.000,-1,-1,-1,-1,800.000,500.000,-1,425.000,2,0,2,1,1,0,0,0,0,2,2,2,2,0,1,2,1
21,6421.209,8550.303,216.763,-23.758,0.915327,0.402638,-0.007698,-0.402660,0.914737,-0.033486,-0.006441,0.033750,0.999410,0,0.94390,-0.60751,56.634,-1.215,-1,400.000,-1,325.000,350.000,325.000,300.000,325.000,325.000,-1,-1,-1,-1,825.000,475.000,-1,375.000,2,0,2,1,1,0,0,0,1,2,2,2,2,0,1,2,1
22,6472.926,8526.178,217.562,-25.007,0.906278,0.422557,-0.010321,-0.422678,0.905888,-0.026652,-0.001912,0.028516,0.999591,0,0.95112,-0.62472,57.067,-1.249,-1,400.000,-1,325.000,325.000,325.000,325.000,325.000,325.000,-1,575.000,650.000,-1,850.000,475.000,-1,350.000,2,0,2,1,1,0,1,0,1,2,0,0,2,0,1,2,1
23,6524.503,8500.693,218.416,-26.292,0.896516,0.442853,-0.011845,-0.443003,0.896343,-0.017815,0.002728,0.021219,0.999771,0,0.95883,-0.64272,57.530,-1.285,-1,425.000,-1,325.000,300.000,325.000,325.000,300.000,325.000,-1,400.000,500.000,-1,875.000,475.000,-1,325.000,2,0,2,1,1,0,1,0,1,2,0,0,2,0,1,2,1
24,6575.910,8473.798,219.578,-27.616,0.885998,0.463499,-0.013283,-0.463615,0.886005,-0.007482,0.008301,0.012787,0.999884,0,0.96695,-0.66157,58.017,-1.323,-1,425.000,-1,325.000,275.000,350.000,300.000,300.000,325.000,-1,300.000,425.000,-1,925.000,475.000,-1,300.000,2,0,2,1,1,0,1,0,1,2,0,0,2,0,1,2,1
25,6627.107,8445.444,221.081,-28.978,0.874683,0.484473,-0.014697,-0.484464,0.874800,0.004430,0.015003,0.003245,0.999882,0,0.97540,-0.68129,58.524,-1.363,-1,450.000,-1,325.000,275.000,350.000,300.000,300.000,350.000,-1,225.000,350.000,-1,975.000,475.000,-1,300.000,2,0,2,1,1,0,1,0,1,2,0,0,2,0,1,2,1
26,6678.042,8415.582,223.119,-30.382,0.862548,0.505747,-0.015232,-0.505482,0.862645,0.018208,0.022349,-0.008006,0.999718,0,0.98405,-0.70194,59.043,-1.404,-1,475.000,-1,325.000,250.000,350.000,300.000,300.000,350.000,-1,175.000,325.000,-1,1000.000,475.000,-1,325.000,2,0,2,1,1,1,1,0,1,2,0,0,2,1,1,2,1
27,6728.653,8384.167,225.572,-31.829,0.849554,0.527279,-0.015358,-0.526604,0.849446,0.033600,0.030762,-0.020457,0.999317,0,0.99279,-0.72360,59.568,-1.447,-1,475.000,-1,325.000,275.000,350.000,300.000,275.000,350.000,950.000,125.000,300.000,-1,-1,475.000,-1,350.000,2,1,2,1,1,1,1,0,1,0,0,0,2,2,1,2,1
28,6778.791,8351.208,227.622,-33.322,0.835644,0.549077,-0.014609,-0.547967,0.835196,0.046688,0.037837,-0.031010,0.998803,0,1.00000,-0.74632,60.000,-1.493,-1,450.000,-1,300.000,275.000,325.000,300.000,275.000,375.000,775.000,100.000,275.000,-1,-1,475.000,-1,350.000,2,1,2,1,1,1,1,0,1,0,0,0,2,2,1,2,1
29,6828.025,8316.913,229.521,-34.862,0.820751,0.571133,-0.013215,-0.569566,0.819855,0.058587,0.044296,-0.040558,0.998195,0,1.00000,-0.77015,60.000,-1.540,-1,425.000,-1,300.000,275.000,325.000,275.000,275.000,350.000,675.000,75.000,250.000,-1,-1,475.000,-1,350.000,2,1,2,1,1,1,1,0,1,0,0,0,2,2,1,2,1
30,6876.300,8281.282,231.563,-36.434,0.805013,0.593149,-0.011321,-0.591061,0.803527,0.070651,0.051003,-0.050183,0.997437,0,1.00000,-0.78597,60.000,-1.572,-1,425.000,-1,300.000,275.000,325.000,275.000,275.000,350.000,600.000,75.000,250.000,-1,-1,450.000,-1,325.000,2,1,2,1,1,1,1,0,1,0,0,0,2,2,1,2,1
31,6923.566,8244.322,233.747,-38.028,0.788522,0.614943,-0.008905,-0.612271,0.786296,0.082841,0.057945,-0.059870,0.996523,0,1.00000,-0.79700,60.000,-1.594,-1,400.000,-1,300.000,275.000,300.000,275.000,275.000,350.000,525.000,50.000,225.000,-1,-1,450.000,-1,325.000,2,1,2,1,1,1,1,0,1,0,0,0,2,2,1,2,1
32,6969.770,8206.042,236.028,-39.646,0.771263,0.636490,-0.005928,-0.633164,0.768121,0.095363,0.065251,-0.069797,0.995425,0,1.00000,-0.80908,60.000,-1.618,-1,400.000,-1,300.000,275.000,300.000,250.000,275.000,350.000,475.000,50.000,225.000,-1,-1,450.000,-1,325.000,2,1,2,1,1,1,1,0,1,0,0,0,2,2,1,2,1
33,7014.854,8166.446,240.759,-41.291,0.752734,0.658184,-0.013661,-0.653357,0.749437,0.107092,0.080725,-0.071686,0.994155,0,1.00000,-0.82229,60.000,-1.645,-1,425.000,-1,300.000,-1,300.000,275.000,275.000,325.000,450.000,25.000,175.000,-1,-1,575.000,-1,-1,2,1,2,1,2,1,1,0,1,0,0,0,2,2,1,2,2
34,7055.427,8129.012,246.536,-42.695,0.736522,0.676176,-0.017954,-0.669944,0.732882,0.118566,0.093330,-0.075298,0.992784,0,0.92000,-0.70229,55.200,-1.405,-1,475.000,-1,300.000,-1,300.000,275.000,300.000,325.000,450.000,50.000,175.000,-1,-1,-1,-1,-1,2,1,2,1,2,1,1,0,1,0,0,0,2,2,2,2,2
35,-8199.141,983.897,30.755,-58.131,0.530127,0.847878,-0.008206,-0.844527,0.527118,-0.094450,-0.075756,0.057000,0.995496,1,0.00000,0.00000,54.165,-1.165,-1,350.000,-1,275.000,275.000,275.000,250.000,300.000,275.000,-1,-1,-1,-1,600.000,425.000,-1,300.000,2,0,2,0,0,0,0,1,0,2,2,2,2,0,0,2,0
36,-8196.624,979.810,30.585,-58.371,0.526529,0.850115,-0.008502,-0.846864,0.523584,-0.093169,-0.074753,0.056256,0.995614,0,0.08000,-0.12000,4.800,-0.240,-1,350.000,-1,275.000,275.000,275.000,250.000,300.000,275.000,-1,-1,-1,-1,600.000,450.000,-1,300.000,2,0,2,0,0,0,0,1,0,2,2,2,2,0,0,2,0
37,-8191.627,971.613,30.186,-58.630,0.522587,0.852540,-0.008851,-0.849483,0.519772,-0.090638,-0.072672,0.054885,0.995845,0,0.16000,-0.12961,9.600,-0.259,-1,350.000,-1,275.000,300.000,275.000,250.000,300.000,275.000,-1,-1,-1,-1,600.000,450.000,-1,325.000,2,0,2,0,0,0,0,1,0,2,2,2,2,0,0,2,0
38,-8184.188,959.284,29.539,-58.892,0.518549,0.854998,-0.009266,-0.852222,0.515925,-0.086829,-0.069458,0.052922,0.996180,0,0.24000,-0.13094,14.400,-0.262,-1,350.000,-1,275.000,300.000,275.000,250.000,325.000,275.000,-1,-1,-1,-1,600.000,450.000,-1,325.000,2,0,2,0,0,0,0,1,0,2,2,2,2,0,0,2,0
39,-8174.346,942.800,28.623,-59.158,0.514400,0.857495,-0.009803,-0.855081,0.512018,-0.081695,-0.065033,0.050406,0.996609,0,0.32000,-0.13296,19.200,-0.266,-1,350.000,-1,300.000,325.000,275.000,250.000,325.000,275.000,-1,-1,-1,-1,600.000,475.000,-1,375.000,2,0,2,0,0,0,0,1,0,2,2,2,2,0,0,2,0
40,-8162.140,922.136,27.409,-59.430,0.510123,0.860037,-0.010539,-0.858055,0.508026,-0.075175,-0.059299,0.047392,0.997115,0,0.40000,-0.13567,24.000,-0.271,-1,350.000,-1,300.000,375.000,275.000,250.000,325.000,275.000,-1,200.000,-1,-1,625.000,475.000,-1,425.000,2,0,2,0,0,0,0,1,0,2,1,2,2,0,0,2,0
41,-8149.704,900.846,26.093,-59.708,0.505739,0.862611,-0.011443,-0.861044,0.503914,-0.068364,-0.053205,0.044427,0.997595,0,0.41096,-0.13909,24.657,-0.278,-1,375.000,-1,300.000,425.000,275.000,275.000,350.000,275.000,400.000,125.000,-1,-1,650.000,500.000,-1,475.000,2,0,2,0,0,0,0,1,0,1,1,2,2,0,0,2,0
42,-8137.349,879.452,24.685,-59.993,0.501249,0.865212,-0.012534,-0.864028,0.499672,-0.061509,-0.046956,0.041661,0.998028,0,0.41176,-0.14264,24.706,-0.285,-1,375.000,-1,300.000,475.000,300.000,275.000,350.000,275.000,400.000,100.000,-1,-1,675.000,525.000,-1,575.000,2,0,2,0,0,0,0,1,0,1,1,2,2,0,0,2,0
43,-8125.073,857.942,23.209,-60.285,0.496644,0.867845,-0.013766,-0.867010,0.495302,-0.054497,-0.040476,0.039001,0.998419,0,0.41279,-0.14624,24.767,-0.292,-1,375.000,-1,325.000,550.000,300.000,275.000,350.000,275.000,400.000,75.000,-1,-1,675.000,550.000,-1,675.000,2,0,2,0,0,0,0,1,0,1,1,2,2,0,0,2,0
44,-8112.874,836.304,21.664,-60.585,0.491921,0.870508,-0.015136,-0.869985,0.490802,-0.047319,-0.033763,0.036446,0.998765,0,0.41402,-0.14987,24.841,-0.300,-1,375.000,-1,325.000,650.000,300.000,275.000,375.000,250.000,375.000,75.000,300.000,-1,700.000,550.000,-1,825.000,2,0,2,0,0,0,0,1,0,1,1,1,2,0,0,2,0
45,-8100.749,814.526,20.413,-60.892,0.487059,0.873241,-0.014940,-0.872924,0.486193,-0.040245,-0.027880,0.032643,0.999078,0,0.41543,-0.15355,24.926,-0.307,-1,375.000,-1,325.000,775.000,300.000,275.000,375.000,275.000,375.000,75.000,225.000,-1,725.000,575.000,-1,-1,2,0,2,0,0,0,0,1,0,1,1,1,2,0,0,2,2
46,-8088.699,792.598,19.573,-61.207,0.482071,0.876041,-0.012635,-0.875826,0.481471,-0.033393,-0.023170,0.027164,0.999362,0,0.41702,-0.15727,25.021,-0.315,-1,375.000,-1,350.000,-1,300.000,275.000,375.000,275.000,375.000,75.000,200.000,-1,750.000,600.000,-1,-1,2,0,2,0,2,0,0,1,0,1,1,1,2,0,0,2,2
47,-8076.723,770.510,18.716,-61.529,0.476984,0.878853,-0.010206,-0.878720,0.476604,-0.026448,-0.018380,0.021583,0.999598,0,0.41876,-0.16103,25.126,-0.322,-1,375.000,-1,350.000,-1,300.000,300.000,400.000,275.000,375.000,75.000,200.000,-1,750.000,625.000,-1,-1,2,0,2,0,2,0,0,1,0,1,1,1,2,0,0,2,2
48,-8064.820,748.255,17.842,-61.859,0.471796,0.881675,-0.007646,-0.881604,0.471590,-0.019410,-0.013508,0.015898,0.999782,0,0.42065,-0.16483,25.239,-0.330,-1,400.000,-1,350.000,-1,300.000,300.000,400.000,275.000,375.000,100.000,200.000,-1,775.000,675.000,-1,-1,2,0,2,0,2,0,0,1,0,1,1,1,2,0,0,2,2
49,-8052.991,725.822,16.916,-62.196,0.466511,0.884501,-0.005015,-0.884473,0.466426,-0.012430,-0.008655,0.010234,0.999910,0,0.42267,-0.16866,25.360,-0.337,-1,400.000,-1,375.000,-1,325.000,300.000,400.000,275.000,375.000,100.000,200.000,-1,775.000,700.000,-1,-1,2,0,2,0,2,0,0,1,0,1,1,1,2,0,0,2,2
50,-8041.238,703.204,15.809,-62.541,0.461129,0.887329,-0.002559,-0.887323,0.461108,-0.006067,-0.004204,0.005068,0.999978,0,0.42482,-0.17254,25.489,-0.345,-1,400.000,-1,375.000,-1,325.000,300.000,400.000,275.000,375.000,100.000,200.000,-1,800.000,725.000,-1,-1,2,0,2,0,2,0,0,0,0,1,1,1,2,0,0,2,2
51,-8029.562,680.394,14.681,-62.894,0.455640,0.890164,0.000032,-0.890164,0.455640,0.000384,0.000327,-0.000203,1.000000,0,0.42709,-0.17645,25.625,-0.353,-1,400.000,-1,375.000,-1,325.000,325.000,375.000,275.000,375.000,125.000,200.000,-1,800.000,775.000,-1,-1,2,0,2,0,2,0,0,0,0,1,1,1,2,0,0,2,2
52,-8017.966,657.383,13.532,-63.255,0.450045,0.893002,0.002763,-0.892992,0.450019,0.006923,0.004939,-0.005583,0.999972,0,0.42946,-0.18041,25.768,-0.361,-1,400.000,-1,400.000,-1,325.000,325.000,350.000,300.000,375.000,125.000,200.000,-1,825.000,825.000,-1,-1,2,0,2,0,2,0,0,0,0,1,1,1,2,0,0,2,2
53,-8006.451,634.164,12.361,-63.623,0.444343,0.895839,0.005642,-0.895805,0.444241,0.013551,0.009634,-0.011076,0.999892,0,0.43194,-0.18440,25.917,-0.369,-1,400.000,-1,400.000,-1,325.000,325.000,350.000,300.000,375.000,125.000,200.000,-1,825.000,875.000,-1,-1,2,0,2,0,2,0,0,0,0,1,1,1,2,0,0,2,2
54,-7995.022,610.731,11.168,-64.000,0.438536,0.898672,0.008675,-0.898598,0.438305,0.020269,0.014413,-0.016684,0.999757,0,0.43452,-0.18843,26.071,-0.377,-1,400.000,-1,400.000,-1,325.000,325.000,325.000,300.000,375.000,150.000,200.000,-1,850.000,950.000,-1,-1,2,0,2,0,2,0,0,0,0,1,1,1,2,0,0,2,2
55,-7983.681,587.078,9.952,-64.385,0.432626,0.901495,0.011869,-0.901367,0.432208,0.027076,0.019279,-0.022412,0.999563,0,0.43719,-0.19250,26.231,-0.385,-1,425.000,-1,425.000,-1,325.000,350.000,325.000,300.000,375.000,150.000,200.000,-1,875.000,-1,-1,-1,2,0,2,0,2,0,0,0,0,1,1,1,2,0,2,2,2
56,-7970.336,559.063,9.882,-64.530,0.430381,0.902559,0.012650,-0.902416,0.429912,0.028656,0.020425,-0.023748,0.999509,0,0.51719,-0.07250,31.031,-0.145,-1,425.000,-1,425.000,-1,350.000,350.000,300.000,300.000,375.000,175.000,225.000,-1,875.000,-1,-1,-1,2,0,2,0,2,0,0,0,0,1,1,1,2,0,2,2,2
57,-7954.874,526.739,10.457,-64.435,0.431846,0.901866,0.012082,-0.901738,0.431418,0.027341,0.019446,-0.022702,0.999553,0,0.59719,0.04750,35.831,0.095,-1,425.000,-1,425.000,-1,350.000,350.000,300.000,300.000,425.000,200.000,275.000,-1,875.000,-1,-1,-1,2,0,2,0,2,0,0,0,0,1,1,1,2,0,2,2,2
58,-7937.126,490.189,10.986,-64.100,0.437081,0.899341,0.012070,-0.899246,0.436690,0.025663,0.017809,-0.022071,0.999598,0,0.67719,0.16750,40.631,0.335,-1,425.000,-1,425.000,-1,350.000,350.000,300.000,300.000,450.000,250.000,325.000,-1,875.000,-1,-1,-1,2,0,2,0,2,0,0,0,0,1,1,1,2,0,2,2,2
59,-7916.873,449.522,11.359,-63.525,0.446053,0.894909,0.013185,-0.894878,0.445691,0.023511,0.015164,-0.022286,0.999637,0,0.75719,0.28750,45.431,0.575,-1,425.000,-1,425.000,-1,350.000,350.000,300.000,300.000,500.000,300.000,375.000,-1,875.000,-1,-1,-1,2,0,2,0,2,0,0,0,0,1,1,1,2,0,2,2,2
60,-7894.051,405.287,11.777,-62.710,0.458699,0.888475,0.014386,-0.888508,0.458373,0.021163,0.012208,-0.022490,0.999673,0,0.82958,0.40750,49.775,0.815,-1,400.000,-1,425.000,-1,325.000,350.000,300.000,300.000,550.000,375.000,450.000,-1,850.000,-1,-1,-1,2,0,2,0,2,0,0,0,0,1,1,1,2,0,2,2,2
61,-7870.239,361.146,12.194,-61.655,0.474936,0.879881,0.015649,-0.879973,0.474652,0.018808,0.009120,-0.022704,0.999701,0,0.83590,0.52750,50.154,1.055,-1,400.000,-1,425.000,-1,325.000,350.000,300.000,300.000,600.000,425.000,500.000,-1,850.000,-1,-1,-1,2,0,2,0,2,0,0,0,0,1,1,1,2,0,2,2,2
62,-7844.438,315.802,12.619,-60.360,0.494651,0.868925,0.017055,-0.869073,0.494413,0.016388,0.005808,-0.022929,0.999720,0,0.86952,0.64750,52.171,1.295,-1,400.000,-1,425.000,-1,325.000,325.000,300.000,300.000,625.000,500.000,600.000,-1,850.000,-1,-1,-1,2,0,2,0,2,0,0,0,0,1,1,1,2,0,2,2,2
63,-7817.327,270.992,13.013,-58.825,0.517695,0.855366,0.018483,-0.855562,0.517510,0.014024,0.002431,-0.023074,0.999731,0,0.87289,0.76750,52.373,1.535,-1,400.000,-1,425.000,-1,325.000,325.000,300.000,300.000,675.000,575.000,700.000,-1,825.000,-1,-1,-1,2,0,2,0,2,0,0,0,0,1,1,1,2,0,2,2,2
64,-7788.719,226.854,13.327,-57.050,0.543884,0.838928,0.019752,-0.839160,0.543758,0.011752,-0.000881,-0.022967,0.999736,0,0.87664,0.88750,52.598,1.775,-1,400.000,-1,425.000,-1,325.000,325.000,300.000,300.000,725.000,675.000,825.000,-1,800.000,-1,-1,-1,2,0,2,0,2,0,0,0,0,1,1,1,2,0,2,2,2
65,-7761.656,187.455,13.438,-55.515,0.566118,0.824073,0.020324,-0.824317,0.566044,0.009789,-0.003437,-0.022295,0.999746,0,0.79664,0.76750,47.798,1.535,-1,400.000,-1,425.000,-1,325.000,325.000,300.000,300.000,775.000,750.000,975.000,-1,800.000,-1,-1,-1,2,0,2,0,2,0,0,0,0,1,1,1,2,0,2,2,2
66,-7734.109,149.231,13.219,-54.220,0.584578,0.811101,0.019580,-0.811322,0.584546,0.007930,-0.005013,-0.020521,0.999777,0,0.78526,0.64750,47.116,1.295,-1,400.000,-1,425.000,-1,325.000,325.000,300.000,300.000,800.000,850.000,-1,-1,800.000,-1,-1,-1,2,0,2,0,2,0,0,0,0,1,1,2,2,0,2,2,2
67,-7705.744,111.362,12.973,-53.165,0.599397,0.800229,0.018909,-0.800426,0.599402,0.006014,-0.006522,-0.018740,0.999803,0,0.78857,0.52750,47.314,1.055,-1,400.000,-1,425.000,-1,325.000,325.000,300.000,300.000,850.000,925.000,-1,-1,800.000,-1,-1,-1,2,0,2,0,2,0,0,0,0,1,1,2,2,0,2,2,2
68,-7676.730,73.752,12.649,-52.350,0.610703,0.791650,0.018229,-0.791818,0.610745,0.003794,-0.008130,-0.016751,0.999827,0,0.79169,0.40750,47.501,0.815,-1,400.000,-1,425.000,-1,325.000,350.000,300.000,300.000,900.000,-1,-1,-1,800.000,1000.000,-1,-1,2,0,2,0,2,0,0,0,0,1,2,2,2,0,0,2,2
69,-7647.229,36.296,11.969,-51.775,0.618597,0.785520,0.017220,-0.785636,0.618689,-0.000026,-0.010674,-0.013513,0.999852,0,0.79465,0.28750,47.679,0.575,-1,400.000,-1,425.000,-1,325.000,325.000,300.000,300.000,950.000,-1,-1,-1,800.000,1000.000,-1,-1,2,0,2,0,2,0,0,0,0,1,2,2,2,0,0,2,2
70,-7617.403,-1.122,11.275,-51.440,0.623169,0.781919,0.016241,-0.781977,0.623295,-0.003875,-0.013153,-0.010286,0.999861,0,0.79751,0.16750,47.851,0.335,-1,400.000,-1,425.000,-1,325.000,325.000,300.000,300.000,-1,-1,-1,-1,775.000,975.000,-1,-1,2,0,2,0,2,0,0,0,0,2,2,2,2,0,0,2,2
71,-7587.408,-38.623,10.569,-51.345,0.624462,0.780906,0.015245,-0.780900,0.624608,-0.007750,-0.015574,-0.007065,0.999854,0,0.80034,0.04750,48.020,0.095,-1,400.000,-1,425.000,-1,325.000,325.000,300.000,300.000,-1,-1,-1,-1,775.000,950.000,-1,-1,2,0,2,0,2,0,0,0,0,2,2,2,2,0,0,2,2
72,-7557.403,-76.332,9.853,-51.490,0.622491,0.782498,0.014182,-0.782421,0.622641,-0.011647,-0.017944,-0.003847,0.999832,0,0.80317,-0.07250,48.190,-0.145,-1,400.000,-1,425.000,-1,325.000,325.000,300.000,300.000,-1,-1,-1,-1,775.000,925.000,-1,-1,2,0,2,0,2,0,0,0,0,2,2,2,2,0,0,2,2
73,-7527.545,-114.379,9.021,-51.875,0.617231,0.786669,0.013333,-0.786543,0.617372,-0.014176,-0.019383,-0.001737,0.999811,0,0.80607,-0.19250,48.364,-0.385,-1,400.000,-1,425.000,-1,325.000,325.000,300.000,300.000,-1,-1,-1,-1,775.000,925.000,-1,-1,2,0,2,0,2,0,0,0,0,2,2,2,2,0,0,2,2
74,-7497.993,-152.892,8.060,-52.500,0.608627,0.793358,0.012530,-0.793197,0.608756,-0.015999,-0.020320,-0.000202,0.999793,0,0.80908,-0.31250,48.545,-0.625,-1,400.000,-1,425.000,-1,325.000,325.000,300.000,300.000,-1,-1,-1,-1,775.000,925.000,-1,-1,2,0,2,0,2,0,0,0,0,2,2,2,2,0,0,2,2
75,-7468.901,-191.994,7.094,-53.351,0.596802,0.802305,0.011589,-0.802108,0.596913,-0.017836,-0.021228,0.001349,0.999774,0,0.81227,-0.42522,48.736,-0.850,-1,400.000,-1,425.000,-1,325.000,325.000,300.000,300.000,-1,-1,-1,-1,775.000,925.000,-1,-1,2,0,2,0,2,0,0,0,0,2,2,2,2,0,0,2,2
76,-7440.283,-231.695,6.032,-54.214,0.584656,0.811206,0.011037,-0.810971,0.584754,-0.019702,-0.022436,0.002568,0.999745,0,0.81569,-0.43169,48.941,-0.863,-1,400.000,-1,425.000,-1,325.000,325.000,300.000,300.000,-1,-1,-1,-1,775.000,925.000,-1,-1,2,0,2,0,2,0,0,0,0,2,2,2,2,0,0,2,2
77,-7412.146,-272.015,4.608,-55.091,0.572148,0.820058,0.012274,-0.819775,0.572275,-0.021704,-0.024823,0.002356,0.999689,0,0.81944,-0.43832,49.166,-0.877,-1,400.000,-1,425.000,-1,325.000,325.000,300.000,300.000,-1,-1,-1,-1,775.000,900.000,-1,-1,2,0,2,0,2,0,0,0,0,2,2,2,2,0,0,2,2
78,-7384.502,-312.969,3.172,-55.981,0.559308,0.828851,0.013449,-0.828513,0.559465,-0.023783,-0.027237,0.002159,0.999627,0,0.82352,-0.44510,49.411,-0.890,-1,400.000,-1,425.000,-1,325.000,325.000,300.000,300.000,-1,-1,-1,-1,775.000,900.000,-1,-1,2,0,2,0,2,0,0,0,0,2,2,2,2,0,0,2,2
79,-7357.364,-354.575,1.724,-56.885,0.546127,0.837576,0.014559,-0.837176,0.546318,-0.025937,-0.029678,0.001976,0.999558,0,0.82790,-0.45204,49.674,-0.904,-1,400.000,-1,425.000,-1,325.000,325.000,300.000,300.000,-1,-1,-1,-1,750.000,900.000,-1,-1,2,0,2,0,2,0,0,0,0,2,2,2,2,0,0,2,2
80,-7330.747,-396.848,0.265,-57.803,0.532600,0.846223,0.015599,-0.845756,0.532825,-0.028167,-0.032147,0.001809,0.999482,0,0.83257,-0.45912,49.954,-0.918,-1,400.000,-1,425.000,-1,325.000,325.000,300.000,300.000,-1,-1,-1,-1,750.000,875.000,-1,-1,2,0,2,0,2,0,0,0,0,2,2,2,2,0,0,2,2
81,-7302.123,-443.524,-1.315,-58.482,0.522508,0.852471,0.016689,-0.851922,0.522771,-0.030640,-0.034845,0.001792,0.999391,0,0.91257,-0.33912,54.754,-0.678,-1,400.000,-1,425.000,-1,325.000,325.000,300.000,300.000,-1,-1,-1,-1,725.000,875.000,-1,-1,2,0,2,0,2,0,0,0,0,2,2,2,2,0,0,2,2
82,-7273.059,-491.743,-3.053,-58.920,0.515970,0.856443,0.016736,-0.855809,0.516234,-0.033059,-0.036953,0.002734,0.999313,0,0.93833,-0.21912,56.300,-0.438,-1,375.000,-1,425.000,-1,325.000,325.000,300.000,300.000,-1,-1,-1,-1,725.000,850.000,-1,-1,2,0,2,0,2,0,0,0,0,2,2,2,2,0,0,2,2
83,-7243.975,-540.373,-5.061,-59.118,0.513072,0.858215,0.014943,-0.857508,0.513263,-0.035230,-0.037904,0.005262,0.999268,0,0.94440,-0.09912,56.664,-0.198,-1,375.000,-1,425.000,-1,325.000,325.000,300.000,300.000,-1,-1,-1,-1,725.000,850.000,-1,-1,2,0,2,0,2,0,0,0,0,2,2,2,2,0,0,2,2
84,-7214.666,-589.300,-7.115,-59.076,0.513780,0.857824,0.012967,-0.857041,0.513878,-0.037547,-0.038873,0.008178,0.999211,0,0.95057,0.02088,57.034,0.042,-1,400.000,-1,400.000,-1,325.000,325.000,300.000,300.000,-1,-1,-1,-1,725.000,850.000,-1,-1,2,0,2,0,2,0,0,0,0,2,2,2,2,0,0,2,2
85,-7185.116,-638.082,-9.302,-58.795,0.518097,0.855255,0.010677,-0.854379,0.518072,-0.040471,-0.040145,0.011846,0.999124,0,0.95057,0.14088,57.034,0.282,-1,375.000,-1,400.000,-1,325.000,325.000,300.000,300.000,-1,-1,-1,-1,725.000,825.000,-1,-1,2,0,2,0,2,0,0,0,0,2,2,2,2,0,0,2,2
86,-7155.123,-686.593,-11.426,-58.273,0.525972,0.850459,0.008557,-0.849495,0.525812,-0.043368,-0.041383,0.015541,0.999023,0,0.95057,0.26088,57.034,0.522,-1,375.000,-1,400.000,-1,325.000,325.000,300.000,300.000,-1,-1,-1,-1,725.000,800.000,-1,-1,2,0,2,0,2,0,0,0,0,2,2,2,2,0,0,2,2
87,-7124.487,-734.701,-13.456,-57.511,0.537337,0.843340,0.006766,-0.842288,0.537038,-0.046259,-0.042646,0.019157,0.998907,0,0.95057,0.38088,57.034,0.762,-1,375.000,-1,400.000,-1,325.000,325.000,300.000,300.000,-1,-1,-1,-1,700.000,775.000,-1,-1,2,0,2,0,2,0,0,0,0,2,2,2,2,0,0,2,2
88,-7093.012,-782.271,-15.826,-56.509,0.552061,0.833784,0.005650,-0.832719,0.551676,-0.047261,-0.042522,0.021387,0.998867,0,0.95067,0.50088,57.040,1.002,-1,375.000,-1,400.000,-1,325.000,325.000,300.000,300.000,-1,-1,-1,-1,700.000,775.000,-1,-1,2,0,2,0,2,0,0,0,0,2,2,2,2,0,0,2,2
89,-7060.298,-829.523,-18.247,-55.304,0.569523,0.821962,0.004662,-0.820903,0.569060,-0.047845,-0.041980,0.023422,0.998844,0,0.95786,0.60243,57.472,1.205,-1,375.000,-1,400.000,-1,325.000,325.000,300.000,300.000,-1,-1,-1,-1,700.000,750.000,-1,-1,2,0,2,0,2,0,0,0,0,2,2,2,2,0,0,2,2
90,-7026.338,-876.431,-20.637,-54.097,0.586765,0.809749,0.003663,-0.808702,0.586225,-0.048391,-0.041332,0.025432,0.998822,0,0.96518,0.60370,57.911,1.207,-1,375.000,-1,400.000,-1,325.000,325.000,300.000,300.000,-1,-1,-1,-1,700.000,750.000,-1,-1,2,0,2,0,2,0,0,0,0,2,2,2,2,0,0,2,2
91,-6991.126,-922.967,-23.044,-52.888,0.603765,0.797157,0.002910,-0.796121,0.603158,-0.048906,-0.040741,0.027210,0.998799,0,0.97261,0.60474,58.357,1.209,-1,375.000,-1,400.000,-1,325.000,325.000,300.000,300.000,-1,-1,-1,-1,700.000,750.000,-1,-1,2,0,2,0,2,0,0,0,0,2,2,2,2,0,0,2,2
92,-6954.658,-969.104,-25.412,-51.676,0.620514,0.784192,0.002114,-0.783173,0.619841,-0.049370,-0.040026,0.028979,0.998778,0,0.98016,0.60553,58.809,1.211,-1,375.000,-1,400.000,-1,300.000,325.000,300.000,300.000,-1,-1,-1,-1,700.000,725.000,-1,-1,2,0,2,0,2,0,0,0,0,2,2,2,2,0,0,2,2
93,-6916.930,-1014.813,-27.735,-50.464,0.636999,0.770864,0.001249,-0.769869,0.636257,-0.049786,-0.039173,0.030752,0.998759,0,0.98781,0.60606,59.269,1.212,-1,375.000,-1,400.000,-1,300.000,325.000,300.000,300.000,-1,-1,-1,-1,675.000,725.000,-1,-1,2,0,2,0,2,0,0,0,0,2,2,2,2,0,0,2,2
94,-6877.939,-1060.067,-29.790,-49.252,0.653183,0.757200,0.000471,-0.756265,0.652406,-0.049293,-0.037632,0.031841,0.998784,0,0.99557,0.60632,59.734,1.213,-1,375.000,-1,375.000,-1,300.000,325.000,300.000,300.000,-1,-1,-1,-1,675.000,700.000,-1,-1,2,0,2,0,2,0,0,0,0,2,2,2,2,0,0,2,2
95,-6837.821,-1104.682,-31.787,-48.039,0.669090,0.743180,-0.001257,-0.742333,0.668244,-0.048906,-0.035506,0.033656,0.998803,0,1.00000,0.60629,60.000,1.213,-1,375.000,-1,375.000,-1,300.000,300.000,300.000,300.000,-1,-1,-1,-1,675.000,700.000,-1,-1,2,0,2,0,2,0,0,0,0,2,2,2,2,0,0,2,2
96,-6796.769,-1148.439,-33.700,-46.827,0.684683,0.728834,-0.003119,-0.728084,0.683770,-0.048500,-0.033216,0.035478,0.998818,0,1.00000,0.60596,60.000,1.212,-1,375.000,-1,375.000,-1,300.000,300.000,300.000,300.000,-1,-1,-1,-1,700.000,700.000,-1,-1,2,0,2,0,2,0,0,0,0,2,2,2,2,1,0,2,2
97,-6754.801,-1191.318,-35.502,-45.617,0.699944,0.714180,-0.005000,-0.713532,0.698972,-0.048073,-0.030838,0.037216,0.998831,0,1.00000,0.60529,60.000,1.211,-1,375.000,-1,375.000,-1,300.000,300.000,300.000,325.000,-1,-1,900.000,-1,700.000,700.000,-1,-1,2,0,2,0,2,0,0,0,0,2,2,0,2,1,0,2,2
98,-6711.938,-1233.303,-37.194,-44.408,0.714859,0.699235,-0.006901,-0.698693,0.713835,-0.047627,-0.028376,0.038869,0.998841,0,1.00000,0.60428,60.000,1.209,-1,375.000,-1,375.000,-1,300.000,300.000,300.000,325.000,-1,-1,825.000,-1,725.000,675.000,-1,-1,2,0,2,0,2,0,0,0,0,2,2,0,2,1,0,2,2
99,-6668.201,-1274.377,-38.696,-43.202,0.729407,0.684024,-0.008795,-0.683601,0.728354,-0.046797,-0.025604,0.040146,0.998866,0,1.00000,0.60290,60.000,1.206,-1,375.000,-1,375.000,-1,300.000,300.000,300.000,325.000,-1,850.000,700.000,-1,775.000,750.000,-1,-1,2,0,2,0,2,0,0,0,0,2,0,0,2,1,1,2,2
100,-6624.042,-1314.469,-40.084,-42.236,0.740818,0.671621,-0.010681,-0.671314,0.739749,-0.045916,-0.022937,0.041186,0.998888,0,0.99407,0.48290,59.644,0.966,-1,375.000,-1,375.000,-1,325.000,300.000,300.000,325.000,-1,750.000,625.000,-1,-1,-1,-1,-1,2,0,2,0,2,1,0,0,0,2,0,0,2,2,2,2,2
101,-6579.111,-1354.233,-41.388,-41.511,0.749246,0.662172,-0.012603,-0.661979,0.748170,-0.045007,-0.020373,0.042065,0.998907,0,1.00000,0.36290,60.000,0.726,-1,375.000,-1,375.000,-1,325.000,325.000,325.000,325.000,-1,675.000,550.000,-1,-1,-1,-1,-1,2,1,2,1,2,1,1,0,0,2,0,0,2,2,2,2,2
102,-6533.846,-1393.616,-42.606,-41.025,0.754808,0.655784,-0.014563,-0.655701,0.753734,-0.044065,-0.017920,0.042810,0.998923,0,1.00000,0.24290,60.000,0.486,-1,400.000,-1,400.000,-1,325.000,325.000,325.000,325.000,-1,625.000,500.000,-1,-1,-1,-1,-1,2,1,2,1,2,1,1,0,0,2,0,0,2,2,2,2,2
103,-6488.411,-1432.804,-43.797,-40.779,0.757580,0.652532,-0.016551,-0.652560,0.756526,-0.042826,-0.015424,0.043245,0.998945,0,1.00000,0.12290,60.000,0.246,-1,400.000,-1,425.000,-1,325.000,350.000,325.000,325.000,-1,575.000,475.000,-1,-1,-1,-1,-1,2,1,2,1,2,1,1,0,0,2,0,0,2,2,2,2,2
104,-6442.973,-1471.988,-44.677,-40.773,0.757613,0.652470,-0.017464,-0.652559,0.756609,-0.041342,-0.013761,0.042718,0.998992,0,1.00000,0.00290,60.000,0.006,-1,425.000,-1,450.000,-1,350.000,350.000,325.000,325.000,-1,550.000,475.000,-1,-1,-1,-1,-1,2,1,2,1,2,1,1,0,0,2,0,0,2,2,2,2,2
105,-6397.696,-1511.358,-45.463,-41.007,0.754908,0.655576,-0.018286,-0.655715,0.753957,-0.039823,-0.012320,0.042053,0.999039,0,1.00000,-0.11710,60.000,-0.234,-1,450.000,-1,475.000,-1,375.000,375.000,325.000,325.000,-1,550.000,500.000,-1,-1,-1,-1,-1,2,1,2,1,2,1,1,0,0,2,0,0,2,2,2,2,2
106,-6352.746,-1551.101,-46.187,-41.482,0.749425,0.661813,-0.019104,-0.661997,0.748528,-0.038290,-0.011041,0.041342,0.999084,0,1.00000,-0.23710,60.000,-0.474,-1,500.000,-1,525.000,-1,400.000,400.000,325.000,325.000,-1,575.000,525.000,-1,-1,-1,-1,-1,2,1,2,1,2,1,1,0,0,2,0,0,2,2,2,2,2
107,-6308.133,-1591.221,-46.878,-41.965,0.743785,0.668121,-0.019934,-0.668346,0.742935,-0.036883,-0.009833,0.040756,0.999121,0,1.00000,-0.24172,60.000,-0.483,-1,-1,-1,650.000,-1,425.000,450.000,325.000,325.000,-1,575.000,550.000,-1,-1,-1,-1,-1,2,2,2,1,2,1,1,0,0,2,0,0,2,2,2,2,2
108,-6263.858,-1631.715,-49.060,-42.447,0.738228,0.674267,-0.019583,-0.674420,0.737200,-0.041148,-0.013309,0.043584,0.998961,0,1.00000,-0.24100,60.000,-0.482,-1,-1,-1,-1,-1,475.000,475.000,325.000,300.000,-1,700.000,650.000,-1,-1,-1,-1,-1,2,2,2,2,2,1,1,0,0,2,0,0,2,2,2,2,2
109,-6219.925,-1672.580,-52.436,-42.927,0.732673,0.680432,-0.014234,-0.680262,0.731532,-0.045874,-0.020801,0.043293,0.998846,0,1.00000,-0.24014,60.000,-0.480,-1,-1,-1,-1,-1,475.000,475.000,300.000,300.000,-1,-1,950.000,-1,-1,-1,-1,-1,2,2,2,2,2,1,1,0,0,2,2,0,2,2,2,2,2
110,-6176.335,-1713.811,-56.221,-43.406,0.727060,0.686536,-0.007278,-0.685911,0.725850,-0.051644,-0.030173,0.042541,0.998639,0,1.00000,-0.23912,60.000,-0.478,-1,-1,-1,-1,-1,-1,500.000,300.000,275.000,-1,-1,-1,-1,-1,-1,-1,-1,2,2,2,2,2,2,1,0,0,2,2,2,2,2,2,2,2
111,-6133.089,-1755.403,-60.474,-43.881,0.721350,0.692570,0.001003,-0.691342,0.720155,-0.058503,-0.041240,0.041508,0.998287,0,1.00000,-0.23791,60.000,-0.476,-1,-1,-1,-1,-1,-1,575.000,275.000,275.000,-1,-1,-1,-1,-1,-1,-1,-1,2,2,2,2,2,2,1,0,0,2,2,2,2,2,2,2,2
112,-6090.187,-1797.351,-65.200,-44.354,0.715507,0.698526,0.010512,-0.696517,0.714450,-0.066523,-0.053979,0.040276,0.997729,0,1.00000,-0.23649,60.000,-0.473,-1,-1,-1,-1,-1,-1,-1,275.000,250.000,-1,-1,-1,-1,-1,-1,-1,-1,2,2,2,2,2,2,2,0,0,2,2,2,2,2,2,2,2
113,-6047.631,-1839.650,-70.395,-44.824,0.709487,0.704399,0.021210,-0.701394,0.708740,-0.075723,-0.068372,0.038848,0.996903,0,1.00000,-0.23482,60.000,-0.470,-1,-1,-1,-1,-1,-1,-1,250.000,250.000,-1,-1,-1,-1,-1,-1,-1,-1,2,2,2,2,2,2,2,0,0,2,2,2,2,2,2,2,2
114,-6005.418,-1882.294,-76.060,-45.290,0.703243,0.710181,0.033052,-0.705922,0.703035,-0.086115,-0.084394,0.037228,0.995737,0,1.00000,-0.23287,60.000,-0.466,-1,-1,-1,-1,-1,-1,-1,225.000,225.000,-1,-1,-1,-1,-1,-1,-1,-1,2,2,2,2,2,2,2,0,0,2,2,2,2,2,2,2,2
115,8551.668,8422.592,148.705,70.863,0.316816,-0.942461,0.106743,0.939948,0.327037,0.097698,-0.126986,0.069381,0.989475,1,0.00000,0.00000,60.000,-0.461,625.000,675.000,-1,-1,-1,1000.000,-1,275.000,200.000,-1,-1,-1,-1,-1,-1,-1,-1,1,1,2,2,2,1,2,0,1,2,2,2,2,2,2,2,2
116,328.624,6882.532,-79.798,-82.144,0.137201,0.990392,-0.017282,-0.990165,0.136646,-0.030029,-0.027379,0.021232,0.999400,1,0.08000,0.12000,4.800,0.240,-1,475.000,-1,350.000,-1,325.000,300.000,250.000,300.000,750.000,-1,-1,-1,825.000,650.000,-1,-1,2,1,2,0,2,1,1,0,0,1,2,2,2,1,0,2,2
117,330.015,6873.034,-80.094,-81.664,0.145472,0.989229,-0.016248,-0.988980,0.144940,-0.030165,-0.027485,0.020458,0.999413,0,0.16000,0.24000,9.600,0.480,-1,475.000,-1,350.000,-1,350.000,300.000,250.000,300.000,750.000,-1,-1,-1,800.000,650.000,-1,-1,2,1,2,0,2,1,1,0,0,1,2,2,2,1,0,2,2
118,332.281,6858.813,-80.540,-80.944,0.157859,0.987353,-0.014668,-0.987074,0.157363,-0.030363,-0.027671,0.019272,0.999431,0,0.24000,0.36000,14.400,0.720,-1,475.000,-1,350.000,-1,350.000,300.000,250.000,300.000,750.000,-1,-1,-1,800.000,650.000,-1,-1,2,1,2,0,2,1,1,0,0,1,2,2,2,1,0,2,2
119,335.620,6839.906,-81.135,-79.984,0.174334,0.984607,-0.012503,-0.984289,0.173889,-0.030614,-0.027969,0.017644,0.999453,0,0.32000,0.48000,19.200,0.960,-1,475.000,-1,350.000,-1,350.000,300.000,250.000,300.000,775.000,-1,-1,-1,800.000,650.000,-1,-1,2,1,2,0,2,1,1,0,0,1,2,2,2,1,0,2,2
120,340.288,6816.364,-81.883,-78.784,0.194856,0.980784,-0.009700,-0.980420,0.194478,-0.030902,-0.028422,0.015531,0.999475,0,0.40000,0.60000,24.000,1.200,-1,475.000,-1,350.000,-1,350.000,300.000,250.000,325.000,775.000,-1,-1,-1,800.000,650.000,-1,-1,2,1,2,0,2,1,1,1,0,1,2,2,2,1,0,2,2
121,346.598,6788.264,-82.788,-77.344,0.219363,0.975624,-0.006187,-0.975210,0.219072,-0.031203,-0.029087,0.012879,0.999494,0,0.48000,0.72000,28.800,1.440,-1,475.000,-1,350.000,-1,350.000,300.000,250.000,325.000,800.000,-1,-1,-1,775.000,650.000,-1,-1,2,1,2,0,2,1,1,1,0,1,2,2,2,1,0,2,2
122,354.841,6755.690,-83.857,-75.798,0.245507,0.969393,-0.001901,-0.968926,0.245327,-0.031580,-0.030147,0.009595,0.999499,0,0.56000,0.77312,33.600,1.546,-1,450.000,-1,350.000,-1,350.000,300.000,250.000,325.000,800.000,-1,-1,-1,775.000,625.000,-1,-1,2,1,2,1,2,1,1,1,0,1,2,2,2,1,0,2,2
123,365.268,6718.733,-85.103,-74.243,0.271584,0.962409,0.003262,-0.961890,0.271547,-0.032088,-0.031767,0.005577,0.999480,0,0.64000,0.77738,38.400,1.555,-1,450.000,-1,350.000,-1,350.000,300.000,250.000,325.000,825.000,-1,-1,-1,750.000,625.000,-1,-1,2,1,2,1,2,1,1,1,0,1,2,2,2,1,1,2,2
124,378.134,6677.493,-86.546,-72.675,0.297650,0.954628,0.009450,-0.954068,0.297799,-0.032711,-0.034041,0.000721,0.999420,0,0.72000,0.78443,43.200,1.569,-1,450.000,-1,350.000,-1,350.000,300.000,250.000,325.000,850.000,-1,-1,-1,725.000,625.000,-1,-1,2,1,2,1,2,1,1,1,0,1,2,2,2,1,1,2,2
125,393.694,6632.085,-88.088,-71.085,0.323739,0.945987,0.017369,-0.945406,0.324157,-0.033608,-0.037423,-0.005541,0.999284,0,0.80000,0.79469,48.000,1.589,-1,425.000,-1,350.000,-1,325.000,300.000,250.000,325.000,875.000,-1,-1,-1,775.000,600.000,-1,-1,2,1,2,1,2,1,1,1,0,1,2,2,2,1,1,2,2
126,412.215,6582.639,-89.878,-69.468,0.349910,0.936397,0.026907,-0.935828,0.350705,-0.035083,-0.042288,-0.012904,0.999022,0,0.88000,0.80872,52.800,1.617,-1,400.000,-1,350.000,-1,325.000,300.000,250.000,325.000,900.000,-1,-1,-1,925.000,600.000,-1,-1,2,1,2,1,2,1,1,1,0,1,2,2,2,1,1,2,2
127,433.969,6529.305,-92.047,-67.813,0.376232,0.925749,0.037928,-0.925252,0.377546,-0.036982,-0.048555,-0.021180,0.998596,0,0.96000,0.82736,57.600,1.655,-1,375.000,-1,325.000,-1,300.000,300.000,250.000,350.000,925.000,-1,-1,-1,975.000,575.000,-1,-1,2,1,2,1,2,1,1,1,0,1,2,2,2,1,1,2,2
128,458.272,6474.446,-95.539,-66.109,0.402848,0.913977,0.048572,-0.913416,0.404840,-0.042143,-0.058181,-0.027389,0.997930,0,1.00000,0.85181,60.000,1.704,-1,350.000,-1,325.000,-1,275.000,275.000,250.000,325.000,975.000,-1,-1,-1,975.000,525.000,-1,875.000,2,1,2,1,2,1,1,1,0,1,2,2,2,1,1,2,0
129,484.255,6420.362,-99.499,-64.346,0.429774,0.900800,0.062074,-0.900515,0.432639,-0.043549,-0.066084,-0.037183,0.997121,0,1.00000,0.88178,60.000,1.764,-1,325.000,-1,300.000,-1,275.000,250.000,225.000,350.000,1000.000,-1,-1,-1,950.000,475.000,-1,675.000,2,1,2,1,2,1,1,1,0,1,2,2,2,1,1,2,0
130,511.950,6367.137,-101.630,-62.513,0.458021,0.886360,0.067691,-0.886364,0.461162,-0.041102,-0.067648,-0.041173,0.996859,0,1.00000,0.91660,60.000,1.833,-1,325.000,-1,300.000,-1,250.000,250.000,250.000,350.000,-1,-1,-1,-1,1000.000,450.000,-1,625.000,2,1,2,1,2,1,1,1,0,2,2,2,2,1,1,2,0
131,541.407,6314.867,-102.746,-60.598,0.487433,0.870396,0.069423,-0.870699,0.490486,-0.036141,-0.065508,-0.042830,0.996932,0,1.00000,0.95738,60.000,1.915,-1,300.000,-1,275.000,-1,250.000,250.000,375.000,350.000,-1,-1,-1,-1,-1,450.000,-1,650.000,2,1,2,1,2,1,1,1,0,2,2,2,2,2,0,2,0
132,572.671,6263.657,-103.646,-58.598,0.517606,0.852645,0.071282,-0.853352,0.520500,-0.029483,-0.062241,-0.045567,0.997020,0,1.00000,1.00000,60.000,2.000,-1,400.000,-1,275.000,-1,250.000,250.000,550.000,350.000,-1,-1,-1,-1,-1,450.000,-1,725.000,2,1,2,1,2,1,1,1,0,2,2,2,2,2,0,2,0
133,4919.490,-7543.225,23.167,-96.726,-0.116390,0.993078,0.015824,-0.991436,-0.117118,0.057775,0.059228,-0.008964,0.998204,1,0.00000,0.00000,58.367,1.760,-1,-1,-1,375.000,0.000,325.000,300.000,225.000,75.000,250.000,-1,-1,-1,-1,-1,-1,0.000,2,2,2,0,0,1,0,1,1,1,2,2,2,2,2,2,0
134,-328.048,-327.410,69.276,8.634,0.985693,-0.142967,-0.089276,0.163248,0.941589,0.294551,0.041950,-0.304911,0.951456,1,0.00000,0.00000,4.800,0.240,300.000,225.000,-1,425.000,-1,200.000,225.000,925.000,-1,900.000,0.000,0.000,-1,300.000,-1,250.000,-1,1,1,2,0,2,1,1,1,2,1,1,0,2,1,2,1,2
135,2951.695,1639.832,56.643,69.356,0.351665,-0.935634,0.030356,0.935380,0.352494,0.028505,-0.037370,0.018370,0.999133,1,0.00000,0.00000,4.800,0.240,-1,400.000,-1,375.000,-1,325.000,325.000,325.000,300.000,800.000,-1,-1,-1,775.000,750.000,-1,-1,2,0,2,0,2,0,0,0,0,1,2,2,2,0,0,2,2
136,2953.369,1644.331,56.459,69.596,0.347742,-0.937100,0.030326,0.936848,0.348571,0.028518,-0.037295,0.018494,0.999133,0,0.08000,0.12000,4.800,0.240,-1,400.000,-1,375.000,-1,325.000,325.000,325.000,300.000,825.000,-1,-1,-1,775.000,750.000,-1,-1,2,0,2,0,2,0,0,0,0,1,2,2,2,0,0,2,2
137,2956.640,1653.357,56.093,70.076,0.339877,-0.939983,0.030265,0.939736,0.340707,0.028548,-0.037146,0.018738,0.999134,0,0.16000,0.24000,9.600,0.480,-1,400.000,-1,375.000,-1,325.000,325.000,325.000,300.000,825.000,-1,-1,-1,775.000,750.000,-1,-1,2,0,2,0,2,0,0,0,0,1,2,2,2,0,0,2,2
