timestep,x_cm,y_cm,z_cm,yaw_deg,basis_xx,basis_xy,basis_xz,basis_yx,basis_yy,basis_yz,basis_zx,basis_zy,basis_zz,teleport_flag,throttle_cmd,steering_cmd,cmd_move_cm,cmd_turn_deg,lidar_cm_0,lidar_cm_1,lidar_cm_2,lidar_cm_3,lidar_cm_4,lidar_cm_5,lidar_cm_6,lidar_cm_7,lidar_cm_8,lidar_cm_9,lidar_cm_10,lidar_cm_11,lidar_cm_12,lidar_cm_13,lidar_cm_14,lidar_cm_15,lidar_cm_16,lidar_class_0,lidar_class_1,lidar_class_2,lidar_class_3,lidar_class_4,lidar_class_5,lidar_class_6,lidar_class_7,lidar_class_8,lidar_class_9,lidar_class_10,lidar_class_11,lidar_class_12,lidar_class_13,lidar_class_14,lidar_class_15,lidar_class_16
0,-6226.615,-6886.496,119.411,9.297,0.984722,-0.161433,0.065292,0.158456,0.986175,0.048488,-0.072217,-0.037401,0.996687,1,0.08000,-0.12000,4.800,-0.240,450.000,300.000,-1,375.000,-1,275.000,300.000,250.000,675.000,-1,-1,225.000,250.000,525.000,675.000,525.000,-1,0,0,2,0,2,0,0,0,0,2,2,1,1,0,0,0,2
1,-6217.128,-6885.027,118.445,8.817,0.986114,-0.153184,0.064148,0.150532,0.987610,0.044344,-0.070146,-0.034072,0.996955,0,0.16000,-0.24000,9.600,-0.480,500.000,300.000,-1,375.000,-1,275.000,300.000,250.000,650.000,-1,-1,225.000,250.000,525.000,675.000,575.000,-1,0,0,2,0,2,0,0,0,0,2,2,1,1,0,0,0,2
2,-6202.872,-6883.002,117.025,8.097,0.988073,-0.140783,0.062391,0.138582,0.989609,0.038326,-0.067138,-0.029223,0.997316,0,0.24000,-0.36000,14.400,-0.720,550.000,325.000,-1,375.000,-1,275.000,300.000,250.000,625.000,-1,-1,250.000,250.000,550.000,675.000,675.000,-1,0,0,2,0,2,0,0,0,0,2,2,1,1,0,0,0,2
3,-6183.821,-6880.616,115.181,7.151,0.990413,-0.124450,0.059953,0.122788,0.991959,0.030669,-0.063288,-0.023013,0.997730,0,0.32000,-0.47287,19.200,-0.946,700.000,325.000,-1,375.000,-1,275.000,300.000,250.000,575.000,-1,-1,275.000,250.000,550.000,700.000,850.000,-1,0,0,2,0,2,0,0,0,0,2,2,1,1,0,0,0,2
4,-6159.963,-6878.019,112.938,6.218,0.992516,-0.108303,0.056414,0.107226,0.993996,0.021788,-0.058435,-0.015576,0.998170,0,0.40000,-0.46632,24.000,-0.933,-1,325.000,-1,375.000,-1,275.000,300.000,250.000,550.000,-1,-1,300.000,250.000,575.000,700.000,-1,-1,2,0,2,0,2,0,0,0,0,2,2,1,1,0,0,2,2
5,-6131.286,-6875.361,110.335,5.302,0.994372,-0.092402,0.051830,0.091904,0.995697,0.011913,-0.052708,-0.007082,0.998585,0,0.48000,-0.45815,28.800,-0.916,-1,350.000,-1,375.000,-1,275.000,300.000,275.000,500.000,-1,-1,325.000,275.000,600.000,700.000,-1,-1,2,0,2,0,2,0,0,0,0,2,2,1,1,0,0,2,2
6,-6097.786,-6872.781,107.408,4.405,0.995972,-0.076810,0.046264,0.076835,0.997043,0.001247,-0.046223,0.002313,0.998928,0,0.56000,-0.44835,33.600,-0.897,-1,350.000,-1,375.000,-1,300.000,300.000,275.000,475.000,-1,-1,350.000,275.000,650.000,725.000,-1,-1,2,0,2,0,2,0,0,0,0,2,2,1,1,0,0,2,2
7,-6059.460,-6870.416,104.185,3.531,0.997308,-0.061592,0.039778,0.062037,0.998023,-0.010042,-0.039081,0.012482,0.999158,0,0.64000,-0.43689,38.400,-0.874,-1,350.000,-1,375.000,-1,300.000,300.000,275.000,425.000,-1,-1,375.000,300.000,700.000,725.000,-1,-1,2,0,2,0,2,0,0,0,0,2,2,1,1,0,0,2,2
8,-6020.141,-6868.571,101.008,2.684,0.998353,-0.046816,0.033154,0.047521,0.998654,-0.020796,-0.032136,0.022338,0.999234,0,0.65604,-0.42374,39.363,-0.847,-1,375.000,-1,375.000,-1,300.000,300.000,300.000,400.000,-1,-1,375.000,300.000,750.000,725.000,-1,-1,2,0,2,0,2,0,0,0,0,2,2,1,1,0,0,2,2
9,-5983.459,-6867.547,98.221,1.597,0.999238,-0.027848,0.027353,0.028667,0.999138,-0.030019,-0.026493,0.030780,0.999175,0,0.61161,-0.54374,36.697,-1.087,-1,375.000,-1,375.000,-1,300.000,300.000,300.000,375.000,-1,-1,425.000,325.000,775.000,750.000,-1,-1,2,0,2,0,2,0,0,0,0,2,2,1,1,0,0,2,2
10,-5946.323,-6867.369,95.568,0.269,0.999753,-0.004693,0.021714,0.005526,0.999244,-0.038494,-0.021517,0.038604,0.999023,0,0.61894,-0.66374,37.136,-1.327,-1,400.000,-1,375.000,-1,325.000,300.000,325.000,350.000,-1,-1,575.000,325.000,825.000,750.000,-1,-1,2,0,2,0,2,0,0,0,0,2,2,1,1,0,0,2,2
11,-5908.705,-6868.218,93.009,-1.298,0.999615,0.022636,0.016040,-0.021877,0.998702,-0.045991,-0.017060,0.045622,0.998813,0,0.62713,-0.78374,37.628,-1.567,-1,400.000,-1,400.000,-1,325.000,325.000,325.000,325.000,-1,-1,-1,350.000,875.000,775.000,-1,-1,2,0,2,0,2,0,0,0,0,2,2,2,1,0,0,2,2
12,-5870.595,-6870.286,92.032,-3.106,0.998406,0.054128,0.015996,-0.053354,0.997543,-0.045402,-0.018414,0.044476,0.998841,0,0.63609,-0.90374,38.166,-1.807,-1,400.000,-1,400.000,-1,325.000,325.000,325.000,325.000,-1,-1,-1,375.000,875.000,775.000,-1,-1,2,0,2,0,2,0,0,0,0,2,2,2,1,0,0,2,2
13,-5832.004,-6873.735,91.126,-5.106,0.995900,0.088915,0.016642,-0.088103,0.995120,-0.044435,-0.020511,0.042786,0.998874,0,0.64574,-1.00000,38.744,-2.000,-1,400.000,-1,400.000,-1,325.000,325.000,325.000,325.000,-1,-1,-1,400.000,850.000,775.000,-1,-1,2,0,2,0,2,0,0,0,0,2,2,2,1,0,0,2,2
14,-5792.954,-6878.604,90.156,-7.106,0.992183,0.123599,0.017220,-0.122754,0.991478,-0.043620,-0.022465,0.041165,0.998900,0,0.65586,-1.00000,39.352,-2.000,-1,400.000,-1,400.000,-1,325.000,325.000,325.000,325.000,-1,-1,-1,450.000,850.000,775.000,-1,-1,2,0,2,0,2,0,0,0,0,2,2,2,1,0,0,2,2
15,-5753.507,-6884.928,89.127,-9.106,0.987259,0.158135,0.017716,-0.157262,0.986622,-0.042961,-0.024273,0.039628,0.998920,0,0.66585,-1.00000,39.951,-2.000,-1,400.000,-1,400.000,-1,325.000,325.000,325.000,325.000,-1,-1,-1,475.000,825.000,775.000,-1,-1,2,0,2,0,2,0,0,0,0,2,2,2,1,0,0,2,2
16,-5713.723,-6892.738,88.043,-11.106,0.981133,0.192482,0.018115,-0.191585,0.980557,-0.042459,-0.025935,0.038187,0.998934,0,0.67570,-1.00000,40.542,-2.000,-1,400.000,-1,400.000,-1,325.000,325.000,325.000,325.000,-1,-1,-1,500.000,825.000,775.000,-1,-1,2,0,2,0,2,0,0,0,0,2,2,2,1,0,0,2,2
17,-5673.670,-6902.064,86.910,-13.106,0.973815,0.226597,0.018402,-0.225680,0.973291,-0.042114,-0.027453,0.036858,0.998943,0,0.68541,-1.00000,41.124,-2.000,-1,400.000,-1,400.000,-1,325.000,325.000,325.000,325.000,-1,-1,-1,525.000,825.000,775.000,-1,-1,2,0,2,0,2,0,0,0,0,2,2,2,1,0,0,2,2
18,-5633.413,-6912.931,85.733,-15.106,0.965312,0.260438,0.018561,-0.259502,0.964832,-0.041926,-0.028828,0.035655,0.998948,0,0.69496,-1.00000,41.697,-2.000,-1,375.000,-1,400.000,-1,325.000,325.000,325.000,325.000,-1,-1,-1,550.000,800.000,775.000,-1,-1,2,0,2,0,2,0,0,0,0,2,2,2,1,0,0,2,2
19,-5593.022,-6925.362,84.518,-17.106,0.955636,0.293963,0.018579,-0.293011,0.955191,-0.041893,-0.030062,0.034591,0.998949,0,0.70435,-1.00000,42.261,-2.000,-1,400.000,-1,400.000,-1,325.000,325.000,325.000,325.000,-1,-1,-1,575.000,800.000,800.000,-1,-1,2,0,2,0,2,0,0,0,0,2,2,2,1,0,0,2,2
20,-5552.566,-6939.377,83.272,-19.106,0.944800,0.327129,0.018441,-0.326164,0.944379,-0.042013,-0.031159,0.033680,0.998947,0,0.71357,-1.00000,42.814,-2.000,-1,400.000,-1,400.000,-1,325.000,325.000,325.000,325.000,-1,-1,-1,625.000,825.000,800.000,-1,-1,2,0,2,0,2,0,0,0,0,2,2,2,1,0,0,2,2
21,-5512.117,-6954.990,82.000,-21.106,0.932816,0.359897,0.018132,-0.358919,0.932410,-0.042282,-0.032123,0.032934,0.998941,0,0.72262,-1.00000,43.357,-2.000,-1,400.000,-1,400.000,-1,325.000,325.000,350.000,325.000,-1,-1,-1,650.000,825.000,825.000,-1,-1,2,0,2,0,2,0,0,0,0,2,2,2,1,0,0,2,2
22,-5471.749,-6972.213,80.709,-23.106,0.919700,0.392226,0.017638,-0.391236,0.919299,-0.042696,-0.032961,0.032366,0.998932,0,0.73149,-1.00000,43.889,-2.000,-1,400.000,-1,400.000,-1,325.000,325.000,350.000,325.000,-1,-1,-1,675.000,825.000,850.000,-1,-1,2,0,2,0,2,0,0,0,0,2,2,2,1,0,0,2,2
23,-5431.534,-6991.057,79.406,-25.106,0.905468,0.424075,0.016947,-0.423075,0.905062,-0.043247,-0.033678,0.031989,0.998921,0,0.74017,-1.00000,44.410,-2.000,-1,400.000,-1,400.000,-1,325.000,325.000,350.000,325.000,-1,-1,-1,700.000,850.000,850.000,-1,-1,2,0,2,0,2,0,0,0,0,2,2,2,1,0,0,2,2
24,-5391.548,-7011.524,77.718,-27.106,0.890100,0.455428,0.017562,-0.454406,0.889758,-0.042957,-0.035190,0.030256,0.998923,0,0.74866,-1.00000,44.920,-2.000,-1,400.000,-1,400.000,-1,325.000,325.000,350.000,325.000,-1,-1,-1,750.000,850.000,875.000,-1,-1,2,0,2,0,2,0,0,0,0,2,2,2,1,0,0,2,2
25,-5351.866,-7033.617,75.910,-29.106,0.873641,0.486231,0.018171,-0.485200,0.873374,-0.042418,-0.036495,0.028241,0.998935,0,0.75696,-1.00000,45.418,-2.000,-1,400.000,-1,400.000,-1,325.000,325.000,350.000,325.000,-1,-1,-1,775.000,850.000,875.000,-1,-1,2,0,2,0,2,0,0,0,0,2,2,2,1,0,0,2,2
26,-5312.563,-7057.333,73.996,-31.106,0.856105,0.516447,0.019173,-0.515400,0.855925,-0.041893,-0.038046,0.025983,0.998938,0,0.76506,-1.00000,45.903,-2.000,-1,400.000,-1,400.000,-1,325.000,325.000,325.000,325.000,-1,-1,-1,825.000,850.000,900.000,-1,-1,2,0,2,0,2,0,0,0,0,2,2,2,1,0,0,2,2
27,-5273.715,-7082.664,71.997,-33.106,0.837511,0.546037,0.020497,-0.544970,0.837430,-0.041454,-0.039800,0.023548,0.998930,0,0.77295,-1.00000,46.377,-2.000,-1,400.000,-1,400.000,-1,325.000,325.000,325.000,325.000,-1,-1,-1,850.000,850.000,900.000,-1,-1,2,0,2,0,2,0,0,0,0,2,2,2,1,0,0,2,2
28,-5239.602,-7106.432,70.207,-34.866,0.820297,0.571526,0.021689,-0.570440,0.820303,-0.041239,-0.041361,0.021457,0.998914,0,0.69295,-0.88000,41.577,-1.760,-1,400.000,-1,400.000,-1,325.000,325.000,325.000,325.000,-1,-1,-1,900.000,850.000,900.000,-1,-1,2,0,2,0,2,0,0,0,0,2,2,2,1,0,0,2,2
29,-5208.481,-7129.365,68.551,-36.386,0.804802,0.593106,0.022777,-0.592000,0.804884,-0.041195,-0.042766,0.019670,0.998891,0,0.64430,-0.76000,38.658,-1.520,-1,400.000,-1,425.000,-1,325.000,325.000,325.000,325.000,-1,-1,-1,925.000,850.000,925.000,-1,-1,2,0,2,0,2,0,0,0,0,2,2,2,1,0,0,2,2
30,-5177.605,-7153.200,66.864,-37.666,0.791307,0.610954,0.023831,-0.609821,0.791456,-0.041436,-0.044176,0.018256,0.998857,0,0.65008,-0.64000,39.005,-1.280,-1,400.000,-1,425.000,-1,325.000,325.000,325.000,325.000,-1,-1,-1,950.000,850.000,925.000,-1,-1,2,0,2,0,2,0,0,0,0,2,2,2,1,0,0,2,2
31,-5146.920,-7177.788,64.790,-38.706,0.780071,0.625215,0.024395,-0.623991,0.780232,-0.043287,-0.046098,0.018545,0.998765,0,0.65535,-0.52000,39.321,-1.040,-1,400.000,-1,425.000,-1,325.000,325.000,325.000,325.000,-1,-1,-1,975.000,850.000,900.000,-1,-1,2,0,2,0,2,0,0,0,0,2,2,2,1,0,0,2,2
32,-5116.357,-7202.988,62.708,-39.506,0.771257,0.636041,0.024797,-0.634721,0.771418,-0.045205,-0.047882,0.019126,0.998670,0,0.66020,-0.40000,39.612,-0.800,-1,400.000,-1,425.000,-1,325.000,325.000,325.000,325.000,-1,-1,-1,1000.000,825.000,900.000,-1,-1,2,0,2,0,2,0,0,0,0,2,2,2,1,0,0,2,2
33,-5085.835,-7228.659,60.645,-40.066,0.764998,0.643541,0.025162,-0.642121,0.765153,-0.047136,-0.049587,0.019902,0.998571,0,0.66471,-0.28000,39.883,-0.560,-1,400.000,-1,425.000,-1,325.000,325.000,325.000,325.000,-1,-1,-1,-1,825.000,900.000,-1,-1,2,0,2,0,2,0,0,0,0,2,2,2,2,0,0,2,2
34,-5055.260,-7254.667,58.606,-40.386,0.761390,0.647791,0.025527,-0.646268,0.761532,-0.049048,-0.051213,0.020848,0.998470,0,0.66900,-0.16000,40.140,-0.320,-1,400.000,-1,425.000,-1,325.000,325.000,325.000,325.000,-1,-1,-1,-1,825.000,875.000,-1,-1,2,0,2,0,2,0,0,0,0,2,2,2,2,0,0,2,2
35,-5024.531,-7280.880,56.597,-40.466,0.760484,0.648839,0.025926,-0.647210,0.760609,-0.050911,-0.052753,0.021937,0.998367,0,0.67317,-0.04000,40.390,-0.080,-1,400.000,-1,425.000,-1,325.000,325.000,325.000,325.000,-1,-1,-1,-1,825.000,875.000,-1,-1,2,0,2,0,2,0,0,0,0,2,2,2,2,0,0,2,2
36,-4993.626,-7307.270,54.421,-40.493,0.760178,0.649179,0.026375,-0.647432,0.760283,-0.052940,-0.054420,0.023167,0.998249,0,0.67732,-0.01349,40.639,-0.027,-1,400.000,-1,425.000,-1,325.000,325.000,325.000,325.000,-1,-1,-1,-1,825.000,850.000,-1,-1,2,0,2,0,2,0,0,0,0,2,2,2,2,0,0,2,2
37,-4962.519,-7333.834,51.914,-40.497,0.760127,0.649217,0.026899,-0.647366,0.760222,-0.054586,-0.055888,0.024079,0.998147,0,0.68176,-0.00197,40.905,-0.004,-1,400.000,-1,425.000,-1,325.000,325.000,325.000,325.000,-1,-1,-1,-1,825.000,850.000,-1,-1,2,0,2,0,2,0,0,0,0,2,2,2,2,0,0,2,2
38,-4931.186,-7360.574,49.424,-40.477,0.760341,0.648942,0.027489,-0.646984,0.760428,-0.056223,-0.057389,0.024964,0.998040,0,0.68653,0.00983,41.192,0.020,-1,400.000,-1,400.000,-1,325.000,325.000,325.000,325.000,-1,-1,-1,-1,825.000,825.000,-1,-1,2,0,2,0,2,0,0,0,0,2,2,2,2,0,0,2,2
39,-4899.598,-7387.488,46.950,-40.433,0.760825,0.648346,0.028149,-0.646276,0.760908,-0.057849,-0.058925,0.025821,0.997928,0,0.69165,0.02192,41.499,0.044,-1,400.000,-1,400.000,-1,325.000,325.000,325.000,325.000,-1,-1,-1,-1,800.000,825.000,-1,-1,2,0,2,0,2,0,0,0,0,2,2,2,2,0,0,2,2
40,-4865.369,-7416.525,44.316,-40.307,0.762232,0.646656,0.028953,-0.644461,0.762313,-0.059572,-0.060594,0.026749,0.997804,0,0.74810,0.06298,44.886,0.126,-1,400.000,-1,400.000,-1,325.000,325.000,325.000,325.000,-1,-1,-1,-1,800.000,800.000,-1,-1,2,0,2,0,2,0,0,0,0,2,2,2,2,0,0,2,2
41,-4830.643,-7445.835,41.618,-40.167,0.763791,0.644772,0.029865,-0.642471,0.763887,-0.060889,-0.062073,0.027319,0.997698,0,0.75737,0.07036,45.442,0.141,-1,400.000,-1,400.000,-1,325.000,325.000,325.000,325.000,-1,-1,-1,-1,800.000,775.000,-1,-1,2,0,2,0,2,0,0,0,0,2,2,2,2,0,1,2,2
42,-4795.397,-7475.422,38.858,-40.011,0.765504,0.642689,0.030889,-0.640303,0.765633,-0.061799,-0.063367,0.027529,0.997611,0,0.76696,0.07789,46.017,0.156,-1,400.000,-1,400.000,-1,325.000,325.000,325.000,325.000,-1,-1,-1,-1,800.000,750.000,-1,-1,2,0,2,0,2,0,0,0,0,2,2,2,2,0,1,2,2
43,-4759.606,-7505.283,36.095,-39.840,0.767376,0.640398,0.032018,-0.637928,0.767547,-0.062604,-0.064667,0.027615,0.997525,0,0.77686,0.08556,46.612,0.171,-1,400.000,-1,400.000,-1,325.000,325.000,325.000,325.000,-1,-1,-1,-1,775.000,725.000,-1,-1,2,0,2,0,2,0,0,0,0,2,2,2,2,0,1,2,2
44,-4723.246,-7535.420,33.331,-39.653,0.769406,0.637894,0.033257,-0.635344,0.769631,-0.063296,-0.065971,0.027571,0.997441,0,0.78709,0.09337,47.225,0.187,-1,400.000,-1,400.000,-1,325.000,325.000,325.000,325.000,-1,-1,-1,-1,775.000,700.000,-1,1000.000,2,0,2,0,2,0,0,0,0,2,2,2,2,0,1,2,1
45,-4686.291,-7565.829,30.340,-39.450,0.771589,0.635173,0.034729,-0.632546,0.771887,-0.063843,-0.067358,0.027293,0.997355,0,0.79763,0.10130,47.858,0.203,-1,400.000,-1,400.000,-1,325.000,325.000,325.000,325.000,-1,-1,-1,-1,775.000,675.000,-1,925.000,2,0,2,0,2,0,0,0,0,2,2,2,2,0,1,2,1
46,-4645.373,-7598.974,26.675,-39.008,0.776449,0.629182,0.035463,-0.626487,0.776759,-0.064495,-0.068125,0.027861,0.997288,0,0.87763,0.22130,52.658,0.443,-1,400.000,-1,400.000,-1,325.000,325.000,325.000,325.000,-1,-1,-1,-1,750.000,650.000,-1,875.000,2,0,2,0,2,0,0,0,0,2,2,2,2,0,1,2,1
47,-4600.521,-7634.427,22.794,-38.325,0.783863,0.619871,0.036304,-0.617113,0.784184,-0.065017,-0.068771,0.028560,0.997224,0,0.95286,0.34130,57.171,0.683,-1,400.000,-1,400.000,-1,325.000,325.000,325.000,325.000,-1,-1,-1,-1,750.000,600.000,-1,775.000,2,0,2,1,2,0,0,0,0,2,2,2,2,0,1,2,1
48,-4554.778,-7669.403,18.998,-37.403,0.793715,0.607150,0.037220,-0.604340,0.794045,-0.065319,-0.069212,0.029351,0.997170,0,0.95971,0.46130,57.583,0.923,-1,400.000,975.000,375.000,900.000,325.000,325.000,325.000,325.000,-1,-1,-1,-1,750.000,575.000,-1,700.000,2,0,1,1,1,0,0,0,0,2,2,2,2,0,1,2,1
49,-4508.064,-7703.750,15.225,-36.325,0.804979,0.592090,0.037916,-0.589243,0.805300,-0.065461,-0.069293,0.030353,0.997134,0,0.96637,0.53886,57.982,1.078,-1,400.000,950.000,375.000,775.000,325.000,325.000,325.000,325.000,-1,-1,-1,-1,725.000,550.000,-1,625.000,2,0,1,1,1,0,0,0,0,2,2,2,2,0,1,2,1
50,-4460.403,-7737.440,11.207,-35.256,0.815942,0.576935,0.037202,-0.574081,0.816150,-0.065807,-0.068329,0.032338,0.997139,0,0.97277,0.53422,58.366,1.068,-1,400.000,925.000,375.000,675.000,325.000,325.000,325.000,325.000,-1,-1,-1,-1,725.000,500.000,-1,575.000,2,0,1,1,1,0,0,0,0,2,2,2,2,0,1,2,1
51,-4411.823,-7770.452,7.277,-34.198,0.826508,0.561735,0.036577,-0.558887,0.826615,-0.065975,-0.067296,0.034087,0.997151,0,0.97892,0.52899,58.735,1.058,-1,400.000,875.000,350.000,575.000,325.000,325.000,325.000,325.000,-1,-1,-1,-1,725.000,475.000,-1,500.000,2,0,1,1,1,0,0,0,0,2,2,2,2,0,1,2,1
52,-4362.355,-7802.763,3.359,-33.152,0.836674,0.546513,0.036066,-0.543659,0.836681,-0.066330,-0.066426,0.035889,0.997146,0,0.98475,0.52313,59.085,1.046,-1,400.000,850.000,325.000,475.000,325.000,325.000,325.000,325.000,-1,-1,-1,-1,725.000,450.000,-1,425.000,2,0,1,1,1,0,1,0,0,2,2,2,2,0,1,2,1
53,-4312.037,-7834.351,-0.205,-32.119,0.846423,0.531326,0.035502,-0.528562,0.846382,-0.065267,-0.064727,0.036479,0.997236,0,0.99020,0.51659,59.412,1.033,-1,400.000,825.000,325.000,400.000,325.000,300.000,325.000,325.000,-1,-1,-1,-1,700.000,425.000,-1,375.000,2,0,1,1,1,0,1,0,0,2,2,2,2,0,1,2,1
54,-4260.909,-7865.194,-3.010,-31.100,0.855750,0.516234,0.034563,-0.513780,0.855758,-0.060896,-0.061015,0.034354,0.997545,0,0.99519,0.50932,59.711,1.019,-1,400.000,800.000,300.000,350.000,325.000,300.000,325.000,325.000,-1,-1,-1,-1,725.000,400.000,-1,325.000,2,0,1,1,1,0,1,0,0,2,2,2,2,0,1,2,1
55,-4209.020,-7895.271,-5.201,-30.098,0.864665,0.501252,0.033177,-0.499249,0.864779,-0.053921,-0.055718,0.030060,0.997994,0,0.99961,0.50125,59.976,1.002,-1,400.000,775.000,300.000,300.000,325.000,300.000,325.000,350.000,-1,-1,-1,-1,725.000,375.000,-1,300.000,2,0,1,1,1,0,1,0,0,2,2,2,2,0,1,2,1
56,-4156.601,-7924.464,-6.789,-29.113,0.873177,0.486401,0.031231,-0.484943,0.873414,-0.044475,-0.048910,0.023689,0.998522,0,1.00000,0.49230,60.000,0.985,-1,400.000,775.000,275.000,275.000,350.000,275.000,300.000,350.000,-1,325.000,475.000,-1,750.000,350.000,-1,275.000,2,0,1,1,1,0,1,0,0,2,0,0,2,0,1,2,1
57,-4103.699,-7952.769,-7.926,-28.148,0.881296,0.471705,0.028505,-0.470849,0.881632,-0.032035,-0.040242,0.014810,0.999080,0,1.00000,0.48244,60.000,0.965,-1,425.000,775.000,275.000,250.000,350.000,275.000,300.000,375.000,-1,250.000,425.000,-1,775.000,350.000,-1,250.000,2,0,1,1,1,0,1,0,0,2,0,0,2,0,1,2,1
58,-4050.337,-7980.200,-8.618,-27.205,0.889028,0.457176,0.024901,-0.456880,0.889369,-0.016833,-0.029842,0.003589,0.999548,0,1.00000,0.47159,60.000,0.943,-1,425.000,775.000,275.000,225.000,350.000,275.000,300.000,400.000,-1,175.000,350.000,-1,825.000,350.000,-1,225.000,2,0,1,1,1,1,1,0,0,2,0,0,2,0,1,2,1
59,-3996.542,-8006.769,-8.653,-26.286,0.896382,0.442833,0.019970,-0.442923,0.896560,0.000102,-0.017859,-0.008937,0.999801,0,1.00000,0.45966,60.000,0.919,-1,450.000,800.000,250.000,200.000,350.000,275.000,275.000,425.000,-1,125.000,300.000,-1,875.000,350.000,-1,200.000,2,0,1,1,1,1,1,0,1,2,0,0,2,0,1,2,1
60,-3942.338,-8032.496,-8.014,-25.393,0.903341,0.428712,0.013471,-0.428903,0.903161,0.018532,-0.004222,-0.022518,0.999738,0,1.00000,0.44658,60.000,0.893,-1,475.000,900.000,275.000,175.000,350.000,275.000,275.000,400.000,800.000,75.000,250.000,-1,950.000,350.000,-1,175.000,2,0,1,1,1,1,1,0,1,0,0,0,2,0,1,2,1
61,-3887.750,-8057.401,-6.866,-24.528,0.909871,0.414847,0.006050,-0.414757,0.909111,0.038648,0.010533,-0.037674,0.999235,0,1.00000,0.43226,60.000,0.865,-1,500.000,-1,275.000,150.000,375.000,275.000,275.000,375.000,575.000,50.000,225.000,-1,-1,350.000,-1,175.000,2,0,2,1,1,1,1,0,1,0,0,0,2,2,1,2,1
62,-3832.805,-8081.507,-5.312,-23.695,0.915952,0.401279,-0.002636,-0.400408,0.914359,0.060178,0.026559,-0.054065,0.998184,0,1.00000,0.41665,60.000,0.833,-1,550.000,-1,275.000,150.000,375.000,275.000,275.000,350.000,450.000,50.000,200.000,-1,-1,375.000,-1,175.000,2,0,2,1,1,1,1,0,1,0,0,0,2,2,1,2,1
63,-3777.699,-8104.771,-4.093,-22.896,0.921543,0.388129,-0.010685,-0.386153,0.919030,0.079188,0.040555,-0.068849,0.996802,0,0.99691,0.39969,59.815,0.799,-1,575.000,-1,275.000,150.000,375.000,275.000,250.000,325.000,375.000,25.000,175.000,-1,-1,375.000,-1,175.000,2,0,2,1,1,1,1,0,1,0,0,0,2,2,1,2,1
64,-3722.729,-8127.116,-2.624,-22.133,0.926729,0.375419,-0.015257,-0.372328,0.923034,0.096846,0.050441,-0.084070,0.995182,0,0.98895,0.38142,59.337,0.763,-1,600.000,-1,275.000,150.000,375.000,275.000,250.000,300.000,325.000,25.000,200.000,-1,-1,375.000,-1,175.000,2,1,2,1,1,1,1,0,1,0,0,0,2,2,1,2,1
65,-4263.571,-327.953,239.753,45.934,0.693783,-0.717282,0.064597,0.719482,0.694273,-0.018178,-0.031809,0.059088,0.997746,1,0.00000,0.00000,58.722,0.724,-1,400.000,-1,400.000,-1,325.000,325.000,300.000,300.000,-1,775.000,625.000,-1,825.000,750.000,-1,-1,2,0,2,0,2,0,0,0,0,2,1,1,2,0,0,2,2
66,-4260.247,-324.490,239.599,46.174,0.690768,-0.720178,0.064674,0.722382,0.691258,-0.018084,-0.031682,0.059211,0.997743,0,0.08000,0.12000,4.800,0.240,-1,400.000,-1,400.000,-1,325.000,325.000,300.000,300.000,-1,775.000,625.000,-1,825.000,750.000,-1,-1,2,0,2,0,2,0,0,0,0,2,1,1,2,0,0,2,2
67,-4253.658,-317.509,239.298,46.654,0.684703,-0.725934,0.064826,0.728144,0.685190,-0.017893,-0.031429,0.059454,0.997736,0,0.16000,0.24000,9.600,0.480,-1,400.000,-1,400.000,-1,325.000,325.000,300.000,300.000,-1,775.000,625.000,-1,825.000,750.000,-1,-1,2,0,2,0,2,0,0,0,0,2,1,1,2,0,0,2,2
68,-4243.906,-306.914,238.857,47.374,0.675516,-0.734471,0.065048,0.736692,0.676000,-0.017601,-0.031045,0.059810,0.997727,0,0.24000,0.36000,14.400,0.720,-1,400.000,-1,400.000,-1,325.000,325.000,300.000,300.000,-1,775.000,625.000,-1,825.000,750.000,-1,-1,2,0,2,0,2,0,0,0,0,2,1,1,2,0,0,2,2
69,-4231.142,-292.572,238.284,48.329,0.663162,-0.745618,0.065337,0.747853,0.663641,-0.017221,-0.030520,0.060283,0.997715,0,0.32000,0.47767,19.200,0.955,-1,400.000,-1,400.000,-1,325.000,325.000,300.000,300.000,-1,775.000,650.000,-1,825.000,750.000,-1,-1,2,0,2,0,2,0,0,0,0,2,1,1,2,0,0,2,2
70,-4215.489,-274.379,237.569,49.291,0.650542,-0.756621,0.065721,0.758877,0.651015,-0.016887,-0.030008,0.060860,0.997695,0,0.40000,0.48067,24.000,0.961,-1,400.000,-1,400.000,-1,325.000,325.000,300.000,300.000,-1,775.000,650.000,-1,825.000,725.000,-1,-1,2,0,2,0,2,0,0,0,0,2,1,1,2,0,0,2,2
71,-4197.077,-252.233,236.741,50.259,0.637635,-0.767496,0.066115,0.769772,0.638107,-0.016458,-0.029558,0.061388,0.997676,0,0.48000,0.48444,28.800,0.969,-1,400.000,-1,400.000,-1,325.000,325.000,300.000,300.000,-1,775.000,675.000,-1,825.000,725.000,-1,-1,2,0,2,0,2,0,0,0,0,2,1,1,2,0,0,2,2
72,-4176.041,-226.034,235.737,51.237,0.624441,-0.778267,0.066136,0.780536,0.624908,-0.015927,-0.028934,0.061567,0.997683,0,0.56000,0.48899,33.600,0.978,-1,400.000,-1,400.000,-1,325.000,325.000,300.000,300.000,-1,800.000,700.000,-1,825.000,725.000,-1,-1,2,0,2,0,2,0,0,0,0,2,1,1,2,0,0,2,2
73,-4152.519,-195.681,234.636,52.226,0.610918,-0.788929,0.066110,0.791187,0.611383,-0.015305,-0.028344,0.061655,0.997695,0,0.64000,0.49431,38.400,0.989,-1,400.000,-1,400.000,-1,325.000,325.000,300.000,300.000,-1,825.000,750.000,-1,825.000,725.000,-1,-1,2,0,2,0,2,0,0,0,0,2,1,1,2,0,0,2,2
74,-4126.658,-161.078,233.449,53.227,0.597042,-0.799488,0.066027,0.801729,0.597510,-0.014593,-0.027785,0.061648,0.997711,0,0.72000,0.50043,43.200,1.001,-1,400.000,-1,400.000,-1,325.000,325.000,300.000,300.000,-1,850.000,775.000,-1,800.000,750.000,-1,-1,2,0,2,0,2,0,0,0,0,2,1,1,2,0,0,2,2
75,-4101.143,-125.646,232.304,54.242,0.582790,-0.809946,0.065900,0.812167,0.583260,-0.013860,-0.027211,0.061600,0.997730,0,0.72773,0.50733,43.664,1.015,-1,400.000,-1,400.000,-1,325.000,325.000,300.000,300.000,-1,875.000,825.000,-1,800.000,750.000,-1,-1,2,0,2,0,2,0,0,0,0,2,1,1,2,0,0,2,2
76,-4076.082,-89.493,231.197,55.270,0.568155,-0.820293,0.065717,0.822490,0.568630,-0.013068,-0.026649,0.061476,0.997753,0,0.73316,0.51433,43.990,1.029,-1,400.000,-1,400.000,-1,325.000,325.000,300.000,300.000,-1,925.000,850.000,-1,800.000,750.000,-1,-1,2,0,2,0,2,0,0,0,0,2,1,1,2,0,0,2,2
77,-4052.938,-55.106,230.117,56.059,0.556799,-0.828070,0.065373,0.830222,0.557305,-0.011930,-0.026554,0.060917,0.997790,0,0.69083,0.39433,41.450,0.789,-1,400.000,-1,400.000,-1,325.000,325.000,300.000,300.000,-1,950.000,900.000,-1,800.000,750.000,-1,-1,2,0,2,0,2,0,0,0,0,2,1,1,2,0,0,2,2
78,-4029.950,-20.234,229.059,56.607,0.548830,-0.833405,0.064975,0.835507,0.549374,-0.010783,-0.026709,0.060205,0.997829,0,0.69614,0.27433,41.768,0.549,-1,400.000,-1,400.000,-1,325.000,325.000,300.000,300.000,-1,1000.000,950.000,-1,800.000,750.000,-1,-1,2,0,2,0,2,0,0,0,0,2,1,1,2,0,0,2,2
79,-4006.973,15.034,228.011,56.916,0.544314,-0.836395,0.064540,0.838443,0.544904,-0.009627,-0.027116,0.059353,0.997869,0,0.70154,0.15433,42.092,0.309,-1,400.000,-1,400.000,-1,325.000,325.000,300.000,300.000,-1,-1,975.000,-1,800.000,750.000,-1,-1,2,0,2,0,2,0,0,0,0,2,2,1,2,0,0,2,2
80,-3983.859,50.604,226.992,56.985,0.543297,-0.837102,0.063945,0.839084,0.543936,-0.008477,-0.027685,0.058261,0.997917,0,0.70701,0.03433,42.420,0.069,-1,400.000,-1,400.000,-1,325.000,325.000,300.000,300.000,-1,-1,-1,-1,800.000,750.000,-1,-1,2,0,2,0,2,0,0,0,0,2,2,2,2,0,0,2,2
81,-3960.463,86.387,225.980,56.823,0.545672,-0.835623,0.063055,0.837529,0.546340,-0.007639,-0.028066,0.056978,0.997981,0,0.71254,-0.08095,42.753,-0.162,-1,400.000,-1,400.000,-1,325.000,325.000,300.000,300.000,-1,-1,-1,-1,800.000,750.000,-1,-1,2,0,2,0,2,0,0,0,0,2,2,2,2,0,0,2,2
82,-3936.790,122.389,224.839,56.675,0.547854,-0.834248,0.062338,0.836102,0.548525,-0.007324,-0.028085,0.056134,0.998028,0,0.71813,-0.07406,43.088,-0.148,-1,400.000,-1,400.000,-1,325.000,325.000,300.000,300.000,-1,-1,-1,-1,800.000,750.000,-1,-1,2,0,2,0,2,0,0,0,0,2,2,2,2,0,0,2,2
83,-3912.847,158.618,223.687,56.541,0.549831,-0.833000,0.061622,0.834804,0.550503,-0.007004,-0.028089,0.055293,0.998075,0,0.72376,-0.06711,43.426,-0.134,-1,400.000,-1,400.000,-1,325.000,325.000,300.000,300.000,-1,-1,-1,-1,800.000,750.000,-1,-1,2,0,2,0,2,0,0,0,0,2,2,2,2,0,0,2,2
84,-3888.640,195.080,222.518,56.420,0.551600,-0.831880,0.060941,0.833636,0.552275,-0.006677,-0.028101,0.054485,0.998119,0,0.72943,-0.06011,43.766,-0.120,-1,400.000,-1,400.000,-1,325.000,325.000,300.000,300.000,-1,-1,-1,-1,800.000,750.000,-1,-1,2,0,2,0,2,0,0,0,0,2,2,2,2,0,0,2,2
85,-3861.524,235.371,221.093,56.060,0.556807,-0.828417,0.060752,0.830146,0.557511,-0.006251,-0.028692,0.053914,0.998133,0,0.80943,-0.18011,48.566,-0.360,-1,400.000,-1,400.000,-1,325.000,325.000,300.000,300.000,-1,-1,-1,-1,800.000,775.000,-1,-1,2,0,2,0,2,0,0,0,0,2,2,2,2,0,0,2,2
86,-3831.266,279.330,219.481,55.460,0.565444,-0.822567,0.060472,0.824259,0.566183,-0.005781,-0.029483,0.053114,0.998153,0,0.88943,-0.30011,53.366,-0.600,-1,400.000,-1,400.000,-1,325.000,325.000,300.000,300.000,-1,-1,-1,-1,800.000,775.000,-1,-1,2,0,2,0,2,0,0,0,0,2,2,2,2,0,0,2,2
87,-3797.587,326.754,217.684,54.620,0.577430,-0.814216,0.060221,0.815869,0.578213,-0.005261,-0.030537,0.052170,0.998171,0,0.96943,-0.42011,58.166,-0.840,-1,400.000,-1,400.000,-1,325.000,325.000,300.000,300.000,-1,-1,-1,-1,800.000,775.000,-1,-1,2,0,2,0,2,0,0,0,0,2,2,2,2,0,0,2,2
88,-3762.721,373.940,215.821,53.539,0.592658,-0.803215,0.060027,0.804825,0.593493,-0.004730,-0.031827,0.051115,0.998186,0,0.97783,-0.54011,58.670,-1.080,-1,400.000,-1,400.000,-1,325.000,325.000,300.000,300.000,-1,-1,-1,-1,800.000,750.000,-1,-1,2,0,2,0,2,0,0,0,0,2,2,2,2,0,0,2,2
89,-3726.707,420.434,213.881,52.240,0.610694,-0.789603,0.059832,0.791167,0.611586,-0.004200,-0.033276,0.049902,0.998200,0,0.98018,-0.64946,58.811,-1.299,-1,400.000,-1,400.000,-1,325.000,325.000,300.000,300.000,-1,-1,-1,-1,800.000,750.000,-1,-1,2,0,2,0,2,0,0,0,0,2,2,2,2,0,0,2,2
90,-3689.593,466.188,211.742,50.953,0.628301,-0.775726,0.059052,0.777214,0.629225,-0.003680,-0.034303,0.048208,0.998248,0,0.98189,-0.64376,58.913,-1.288,-1,400.000,-1,400.000,-1,325.000,325.000,300.000,300.000,-1,-1,-1,-1,800.000,750.000,-1,-1,2,0,2,0,2,0,0,0,0,2,2,2,2,0,0,2,2
91,-3651.426,511.155,209.539,49.677,0.645432,-0.761585,0.058362,0.763000,0.646391,-0.003150,-0.035325,0.046563,0.998291,0,0.98302,-0.63786,58.981,-1.276,-1,400.000,-1,400.000,-1,325.000,325.000,300.000,300.000,-1,-1,-1,-1,775.000,750.000,-1,-1,2,0,2,0,2,0,0,0,0,2,2,2,2,0,0,2,2
92,-3612.255,555.294,207.281,48.414,0.662086,-0.747198,0.057768,0.748547,0.663076,-0.002662,-0.036316,0.045005,0.998326,0,0.98355,-0.63183,59.013,-1.264,-1,400.000,-1,400.000,-1,325.000,325.000,300.000,300.000,-1,-1,-1,-1,775.000,750.000,-1,-1,2,0,2,0,2,0,0,0,0,2,2,2,2,0,0,2,2
93,-3572.131,598.565,204.985,47.162,0.678262,-0.732585,0.057278,0.733876,0.679279,-0.002278,-0.037239,0.043580,0.998356,0,0.98351,-0.62570,59.011,-1.251,-1,400.000,-1,400.000,-1,325.000,325.000,300.000,300.000,-1,-1,-1,-1,800.000,750.000,-1,-1,2,0,2,0,2,0,0,0,0,2,2,2,2,0,0,2,2
94,-3531.107,640.932,202.765,45.923,0.693948,-0.717783,0.056778,0.718990,0.695020,-0.001189,-0.038608,0.041648,0.998386,0,0.98291,-0.61956,58.974,-1.239,-1,400.000,-1,400.000,-1,325.000,325.000,300.000,300.000,-1,-1,-1,-1,775.000,750.000,-1,-1,2,0,2,0,2,0,0,0,0,2,2,2,2,0,0,2,2
95,-3489.233,682.363,200.497,44.696,0.709157,-0.702793,0.056378,0.703913,0.710286,-0.000009,-0.040038,0.039691,0.998410,0,0.98176,-0.61346,58.906,-1.227,-1,400.000,-1,400.000,-1,325.000,325.000,300.000,300.000,-1,-1,-1,-1,775.000,750.000,-1,-1,2,0,2,0,2,0,0,0,0,2,2,2,2,0,0,2,2
96,-3446.560,722.827,198.173,43.479,0.723917,-0.687604,0.056087,0.688638,0.725104,0.001201,-0.041494,0.037754,0.998425,0,0.98012,-0.60836,58.807,-1.217,-1,400.000,-1,400.000,-1,325.000,325.000,300.000,300.000,-1,-1,-1,-1,775.000,750.000,-1,-1,2,0,2,0,2,0,0,0,0,2,2,2,2,0,0,2,2
97,-3403.135,762.296,195.666,42.268,0.738290,-0.672159,0.055943,0.673137,0.739516,0.001827,-0.042599,0.036308,0.998432,0,0.97803,-0.60559,58.682,-1.211,-1,400.000,-1,400.000,-1,325.000,325.000,300.000,300.000,-1,-1,-1,-1,775.000,750.000,-1,-1,2,0,2,0,2,0,0,0,0,2,2,2,2,0,0,2,2
98,-3359.001,800.744,193.089,41.062,0.752280,-0.656469,0.055885,0.657395,0.753543,0.002377,-0.043672,0.034950,0.998434,0,0.97554,-0.60332,58.532,-1.207,-1,400.000,-1,400.000,-1,325.000,325.000,300.000,300.000,-1,-1,-1,-1,750.000,750.000,-1,-1,2,0,2,0,2,0,0,0,0,2,2,2,2,0,0,2,2
99,-3314.199,838.149,190.577,39.859,0.765927,-0.640542,0.055334,0.641394,0.767206,0.003010,-0.044381,0.033185,0.998463,0,0.97273,-0.60154,58.364,-1.203,-1,400.000,-1,400.000,-1,325.000,325.000,300.000,300.000,-1,-1,-1,-1,750.000,750.000,-1,-1,2,0,2,0,2,0,0,0,0,2,2,2,2,0,0,2,2
100,-3268.766,874.492,188.017,38.658,0.779208,-0.624362,0.054838,0.625143,0.780502,0.003634,-0.045070,0.031450,0.998489,0,0.96966,-0.60027,58.180,-1.201,-1,400.000,-1,400.000,-1,325.000,325.000,300.000,300.000,-1,-1,-1,-1,750.000,750.000,-1,-1,2,0,2,0,2,0,0,0,0,2,2,2,2,0,0,2,2
101,-3222.737,909.758,185.407,37.459,0.792129,-0.607924,0.054409,0.608637,0.793437,0.004242,-0.045749,0.029756,0.998510,0,0.96643,-0.59951,57.986,-1.199,-1,400.000,-1,400.000,-1,325.000,325.000,300.000,300.000,-1,-1,-1,-1,750.000,725.000,-1,-1,2,0,2,0,2,0,0,0,0,2,2,2,2,0,0,2,2
102,-3176.141,943.936,182.763,36.260,0.804691,-0.591222,0.054114,0.591873,0.806017,0.004810,-0.046461,0.028158,0.998523,0,0.96311,-0.59926,57.787,-1.199,-1,400.000,-1,375.000,-1,325.000,325.000,300.000,300.000,-1,-1,-1,-1,725.000,725.000,-1,-1,2,0,2,0,2,0,0,0,0,2,2,2,2,0,0,2,2
103,-3132.898,974.556,180.309,35.302,0.814479,-0.577676,0.053979,0.578278,0.815822,0.005282,-0.047089,0.026913,0.998528,0,0.88311,-0.47926,52.987,-0.959,-1,400.000,-1,375.000,-1,325.000,325.000,300.000,300.000,-1,-1,-1,-1,725.000,725.000,-1,-1,2,0,2,0,2,0,0,0,0,2,2,2,2,0,0,2,2
104,-3091.677,1002.974,177.951,34.583,0.821670,-0.567415,0.053838,0.567977,0.823025,0.005711,-0.047551,0.025886,0.998533,0,0.83445,-0.35926,50.067,-0.719,-1,400.000,-1,375.000,-1,325.000,325.000,300.000,300.000,-1,-1,-1,-1,725.000,725.000,-1,-1,2,0,2,0,2,0,0,0,0,2,2,2,2,0,0,2,2
105,-3050.339,1030.967,175.678,34.105,0.826407,-0.560533,0.053431,0.561064,0.827752,0.005904,-0.047537,0.025099,0.998554,0,0.83208,-0.23926,49.925,-0.479,-1,400.000,-1,375.000,-1,325.000,325.000,300.000,300.000,-1,-1,-1,-1,725.000,700.000,-1,-1,2,0,2,0,2,0,0,0,0,2,2,2,2,0,0,2,2
106,-3008.984,1058.721,173.459,33.866,0.828764,-0.557086,0.052971,0.557609,0.830084,0.005709,-0.047150,0.024806,0.998580,0,0.83009,-0.11926,49.805,-0.239,-1,400.000,-1,375.000,-1,325.000,325.000,300.000,300.000,-1,-1,-1,-1,725.000,700.000,-1,-1,2,0,2,0,2,0,0,0,0,2,2,2,2,0,0,2,2
107,-2967.709,1086.423,171.227,33.868,0.828779,-0.557109,0.052491,0.557630,0.830072,0.005495,-0.046633,0.024716,0.998606,0,0.82848,0.00074,49.709,0.001,-1,400.000,-1,375.000,-1,325.000,325.000,300.000,300.000,-1,-1,-1,-1,725.000,700.000,-1,-1,2,0,2,0,2,0,0,0,0,2,2,2,2,0,0,2,2
108,-2926.613,1114.257,168.987,34.109,0.826452,-0.560600,0.051998,0.561126,0.827714,0.005256,-0.045986,0.024834,0.998633,0,0.82726,0.12074,49.635,0.241,-1,400.000,-1,375.000,-1,325.000,325.000,300.000,300.000,-1,-1,-1,-1,725.000,700.000,-1,-1,2,0,2,0,2,0,0,0,0,2,2,2,2,0,0,2,2
109,-2885.794,1142.406,166.741,34.591,0.821740,-0.567531,0.051499,0.568067,0.822967,0.004980,-0.045209,0.025162,0.998661,0,0.82639,0.24074,49.583,0.481,-1,400.000,-1,375.000,-1,325.000,325.000,300.000,300.000,-1,-1,-1,-1,700.000,700.000,-1,-1,2,0,2,0,2,0,0,0,0,2,2,2,2,0,0,2,2
110,-2845.360,1171.049,164.494,35.312,0.814554,-0.577841,0.051003,0.578394,0.815744,0.004660,-0.044298,0.025704,0.998688,0,0.82586,0.36074,49.552,0.721,-1,375.000,-1,375.000,-1,325.000,325.000,300.000,300.000,-1,-1,-1,-1,700.000,700.000,-1,-1,2,0,2,0,2,0,0,0,0,2,2,2,2,0,0,2,2
111,-2805.422,1200.358,162.343,36.274,0.804763,-0.591442,0.050535,0.591999,0.805925,0.004723,-0.043521,0.026115,0.998711,0,0.82564,0.48074,49.539,0.961,-1,375.000,-1,375.000,-1,325.000,325.000,300.000,300.000,-1,-1,-1,-1,700.000,700.000,-1,-1,2,0,2,0,2,0,0,0,0,2,2,2,2,0,0,2,2
112,-2764.316,1231.329,160.158,36.995,0.797273,-0.601540,0.050053,0.602095,0.798410,0.004813,-0.042858,0.026300,0.998735,0,0.85779,0.36074,51.467,0.721,-1,375.000,-1,375.000,-1,325.000,325.000,300.000,300.000,-1,-1,-1,-1,675.000,700.000,-1,-1,2,0,2,0,2,0,0,0,0,2,2,2,2,0,0,2,2
113,-2723.475,1262.640,158.101,37.477,0.792222,-0.608218,0.049555,0.608799,0.793314,0.004105,-0.041809,0.026917,0.998763,0,0.85771,0.24074,51.462,0.481,-1,375.000,-1,375.000,-1,325.000,325.000,300.000,300.000,-1,-1,-1,-1,675.000,700.000,-1,-1,2,0,2,0,2,0,0,0,0,2,2,2,2,0,0,2,2
114,-2682.774,1294.119,156.131,37.718,0.789708,-0.611553,0.048628,0.612143,0.790740,0.003398,-0.040530,0.027083,0.998811,0,0.85756,0.12074,51.453,0.241,-1,375.000,-1,375.000,-1,325.000,325.000,300.000,300.000,-1,-1,-1,-1,675.000,700.000,-1,-1,2,0,2,0,2,0,0,0,0,2,2,2,2,0,0,2,2
115,-2642.083,1325.591,154.253,37.720,0.789774,-0.611579,0.047213,0.612158,0.790731,0.002718,-0.038995,0.026755,0.998881,0,0.85738,0.00074,51.443,0.001,-1,375.000,-1,375.000,-1,325.000,325.000,300.000,300.000,-1,-1,-1,-1,675.000,700.000,-1,-1,2,0,2,0,2,0,0,0,0,2,2,2,2,0,0,2,2
116,-2601.268,1356.888,152.366,37.481,0.792396,-0.608289,0.045738,0.608853,0.793280,0.001979,-0.037487,0.026279,0.998952,0,0.85721,-0.11926,51.433,-0.239,-1,375.000,-1,375.000,-1,325.000,325.000,300.000,300.000,-1,-1,-1,-1,675.000,700.000,-1,-1,2,0,2,0,2,0,0,0,0,2,2,2,2,0,0,2,2
117,-2560.198,1387.839,150.503,37.003,0.797533,-0.601655,0.044193,0.602193,0.798349,0.001399,-0.036124,0.025497,0.999022,0,0.85712,-0.23926,51.427,-0.479,-1,375.000,-1,375.000,-1,300.000,325.000,300.000,300.000,-1,-1,-1,-1,675.000,700.000,-1,-1,2,0,2,0,2,0,0,0,0,2,2,2,2,0,0,2,2
118,-2518.742,1418.273,148.711,36.284,0.805088,-0.591610,0.042794,0.592118,0.805850,0.000983,-0.035067,0.024548,0.999083,0,0.85714,-0.35926,51.428,-0.719,-1,375.000,-1,375.000,-1,300.000,325.000,300.000,300.000,-1,950.000,-1,-1,675.000,700.000,-1,-1,2,0,2,0,2,0,0,0,0,2,0,2,2,0,0,2,2
119,-2476.772,1448.017,146.979,35.325,0.814929,-0.578058,0.041708,0.578544,0.815651,0.000512,-0.034315,0.023712,0.999130,0,0.85735,-0.47926,51.441,-0.959,-1,375.000,-1,375.000,-1,300.000,300.000,300.000,300.000,-1,850.000,925.000,-1,675.000,700.000,-1,-1,2,0,2,0,2,0,0,0,0,2,0,0,2,0,0,2,2
120,-2434.167,1476.892,145.223,34.127,0.826900,-0.560885,0.040550,0.561343,0.827584,0.000109,-0.033620,0.022672,0.999178,0,0.85780,-0.59926,51.468,-1.199,-1,375.000,-1,375.000,-1,300.000,300.000,300.000,300.000,-1,775.000,825.000,-1,675.000,700.000,-1,-1,2,0,2,0,2,0,0,0,0,2,0,0,2,0,0,2,2
121,-2390.813,1504.713,143.609,32.688,0.840790,-0.539938,0.039228,0.540390,0.841414,-0.001103,-0.032412,0.022125,0.999230,0,0.85855,-0.71926,51.513,-1.439,-1,375.000,-1,375.000,-1,300.000,300.000,300.000,300.000,-1,725.000,750.000,-1,675.000,700.000,-1,-1,2,0,2,0,2,0,0,0,0,2,0,0,2,0,0,2,2
122,-2346.604,1531.286,142.081,31.010,0.856323,-0.515063,0.037701,0.515519,0.856873,-0.002831,-0.030847,0.021860,0.999285,0,0.85968,-0.83926,51.581,-1.679,-1,375.000,-1,375.000,-1,300.000,300.000,300.000,300.000,-1,650.000,675.000,-1,675.000,725.000,-1,-1,2,0,2,0,2,0,0,0,0,2,0,0,2,0,0,2,2
123,-2301.448,1556.411,140.522,29.091,0.873166,-0.486093,0.035999,0.486544,0.873645,-0.004464,-0.029281,0.021413,0.999342,0,0.86125,-0.95926,51.675,-1.919,-1,375.000,-1,375.000,-1,300.000,325.000,300.000,300.000,-1,600.000,625.000,-1,675.000,725.000,-1,-1,2,0,2,0,2,0,0,0,0,2,0,0,2,0,0,2,2
124,-2254.372,1580.535,139.054,27.133,0.889320,-0.455953,0.034869,0.456419,0.889742,-0.006353,-0.028128,0.021564,0.999372,0,0.88162,-0.97913,52.897,-1.958,-1,375.000,-1,375.000,-1,300.000,325.000,300.000,300.000,-1,600.000,600.000,-1,675.000,725.000,-1,-1,2,0,2,0,2,0,0,0,0,2,0,0,2,0,0,2,2
125,-2206.483,1603.054,137.568,25.184,0.904366,-0.425428,0.033659,0.425905,0.904731,-0.008192,-0.026967,0.021744,0.999400,0,0.88199,-0.97450,52.920,-1.949,-1,375.000,-1,400.000,-1,300.000,325.000,300.000,300.000,-1,575.000,575.000,-1,700.000,750.000,-1,-1,2,0,2,0,2,0,0,0,0,2,0,0,2,0,0,2,2
126,-2157.867,1623.936,136.053,23.244,0.918303,-0.394558,0.032313,0.395040,0.918610,-0.009941,-0.025761,0.021894,0.999428,0,0.88185,-0.96991,52.911,-1.940,-1,375.000,-1,400.000,-1,300.000,325.000,300.000,300.000,-1,575.000,575.000,-1,700.000,750.000,-1,-1,2,0,2,0,2,0,0,0,0,2,0,0,2,0,0,2,2
127,-2108.608,1643.154,134.509,21.313,0.931135,-0.363369,0.030842,0.363851,0.931385,-0.011585,-0.024516,0.022009,0.999457,0,0.88124,-0.96581,52.875,-1.932,-1,375.000,-1,400.000,-1,325.000,325.000,300.000,300.000,-1,575.000,525.000,-1,725.000,750.000,-1,-1,2,0,2,0,2,0,0,0,0,2,0,0,2,0,0,2,2
128,-2058.789,1660.684,133.017,19.386,0.942874,-0.331851,0.029379,0.332320,0.943080,-0.012757,-0.023473,0.021791,0.999487,0,0.88022,-0.96337,52.813,-1.927,-1,375.000,-1,400.000,-1,325.000,325.000,300.000,300.000,-1,575.000,500.000,-1,725.000,775.000,-1,-1,2,0,2,0,2,0,0,0,0,2,0,0,2,0,0,2,2
129,-2008.490,1676.507,131.605,17.463,0.953519,-0.300024,0.028054,0.300472,0.953697,-0.013325,-0.022757,0.021135,0.999518,0,0.87883,-0.96142,52.730,-1.923,-1,375.000,-1,400.000,-1,325.000,325.000,300.000,300.000,-1,575.000,525.000,-1,725.000,775.000,-1,-1,2,0,2,0,2,0,0,0,0,2,0,0,2,0,0,2,2
130,-1957.784,1690.610,130.160,15.543,0.963073,-0.267907,0.026762,0.268333,0.963228,-0.013773,-0.022088,0.020446,0.999547,0,0.87717,-0.95998,52.630,-1.920,-1,400.000,-1,400.000,-1,325.000,325.000,300.000,300.000,-1,575.000,525.000,-1,750.000,800.000,-1,-1,2,0,2,0,2,0,0,0,0,2,0,0,2,0,0,2,2
131,-1906.101,1703.133,128.760,13.620,0.971547,-0.235438,0.025779,0.235851,0.971684,-0.014322,-0.021677,0.019994,0.999565,0,0.88631,-0.96144,53.178,-1.923,-1,400.000,-1,400.000,-1,325.000,325.000,300.000,300.000,-1,600.000,550.000,-1,750.000,800.000,-1,-1,2,0,2,0,2,0,0,0,0,2,0,0,2,0,0,2,2
132,-1854.079,1713.913,127.475,11.708,0.978860,-0.202879,0.025940,0.203307,0.979000,-0.015040,-0.022344,0.019996,0.999550,0,0.88545,-0.95625,53.127,-1.912,-1,400.000,-1,400.000,-1,325.000,325.000,300.000,300.000,-1,675.000,600.000,-1,750.000,800.000,1000.000,-1,2,0,2,0,2,0,0,0,0,2,0,0,2,0,0,1,2
133,-1801.806,1722.945,126.147,9.803,0.985058,-0.170225,0.026163,0.170664,0.985206,-0.015575,-0.023125,0.019807,0.999536,0,0.88412,-0.95245,53.047,-1.905,950.000,400.000,-1,400.000,-1,325.000,325.000,300.000,300.000,-1,750.000,675.000,-1,775.000,800.000,1000.000,-1,1,0,2,0,2,0,0,0,0,2,0,0,2,0,0,1,2
134,-1749.374,1730.443,124.807,8.138,0.989582,-0.141529,0.026405,0.141981,0.989739,-0.016073,-0.023859,0.019654,0.999522,0,0.88277,-0.83245,52.966,-1.665,900.000,400.000,-1,400.000,-1,325.000,325.000,300.000,300.000,-1,825.000,750.000,-1,775.000,800.000,1000.000,-1,1,0,2,0,2,0,0,0,0,2,0,0,2,0,0,1,2
135,-1695.233,1736.815,123.417,6.713,0.992788,-0.116874,0.026678,0.117339,0.992954,-0.016555,-0.024555,0.019566,0.999507,0,0.90857,-0.71245,54.514,-1.425,825.000,400.000,-1,400.000,-1,325.000,325.000,300.000,300.000,-1,900.000,825.000,-1,800.000,800.000,1000.000,-1,1,0,2,0,2,0,0,0,0,2,0,0,2,0,0,1,2
136,-1640.742,1742.089,122.012,5.528,0.994985,-0.096316,0.026974,0.096794,0.995159,-0.017012,-0.025205,0.019537,0.999491,0,0.91243,-0.59245,54.746,-1.185,800.000,400.000,-1,400.000,-1,325.000,325.000,300.000,300.000,-1,975.000,900.000,-1,800.000,800.000,1000.000,-1,1,0,2,0,2,0,0,0,0,2,0,0,2,0,0,1,2
