timestep,x_cm,y_cm,z_cm,yaw_deg,basis_xx,basis_xy,basis_xz,basis_yx,basis_yy,basis_yz,basis_zx,basis_zy,basis_zz,teleport_flag,throttle_cmd,steering_cmd,cmd_move_cm,cmd_turn_deg,lidar_cm_0,lidar_cm_1,lidar_cm_2,lidar_cm_3,lidar_cm_4,lidar_cm_5,lidar_cm_6,lidar_cm_7,lidar_cm_8,lidar_cm_9,lidar_cm_10,lidar_cm_11,lidar_cm_12,lidar_cm_13,lidar_cm_14,lidar_cm_15,lidar_cm_16,lidar_class_0,lidar_class_1,lidar_class_2,lidar_class_3,lidar_class_4,lidar_class_5,lidar_class_6,lidar_class_7,lidar_class_8,lidar_class_9,lidar_class_10,lidar_class_11,lidar_class_12,lidar_class_13,lidar_class_14,lidar_class_15,lidar_class_16
0,9510.839,5570.625,-56.476,-92.200,-0.039251,0.998946,-0.023815,-0.998607,-0.038374,0.036210,0.035258,0.025203,0.999060,1,0.08000,-0.12000,4.800,-0.240,-1,375.000,-1,375.000,-1,300.000,325.000,300.000,300.000,-1,-1,-1,-1,700.000,775.000,-1,-1,2,0,2,0,2,0,0,0,0,2,2,2,2,0,0,2,2
1,9510.390,5561.036,-56.163,-92.680,-0.047648,0.998572,-0.024165,-0.998228,-0.046741,0.036819,0.035637,0.025876,0.999030,0,0.16000,-0.24000,9.600,-0.480,-1,375.000,-1,400.000,-1,300.000,325.000,300.000,300.000,-1,-1,-1,-1,725.000,775.000,-1,-1,2,0,2,0,2,0,0,0,0,2,2,2,2,0,0,2,2
2,9509.537,5546.661,-55.700,-93.400,-0.060237,0.997879,-0.024662,-0.997528,-0.059283,0.037729,0.036187,0.026873,0.998984,0,0.24000,-0.36000,14.400,-0.720,-1,375.000,-1,400.000,-1,300.000,325.000,300.000,300.000,-1,-1,-1,-1,725.000,800.000,-1,-1,2,0,2,0,2,0,0,0,0,2,2,2,2,0,0,2,2
3,9508.125,5527.513,-55.087,-94.219,-0.074551,0.996897,-0.025261,-0.996532,-0.073537,0.038929,0.036951,0.028076,0.998923,0,0.32000,-0.40946,19.200,-0.819,-1,375.000,-1,400.000,-1,300.000,325.000,300.000,300.000,-1,-1,-1,-1,725.000,800.000,-1,-1,2,0,2,0,2,0,0,0,0,2,2,2,2,0,0,2,2
4,9506.025,5503.605,-54.323,-95.022,-0.088579,0.995732,-0.025931,-0.995345,-0.087492,0.040412,0.037970,0.029390,0.998847,0,0.40000,-0.40134,24.000,-0.803,-1,375.000,-1,400.000,-1,300.000,325.000,300.000,300.000,-1,-1,-1,-1,750.000,800.000,-1,-1,2,0,2,0,2,0,0,0,0,2,2,2,2,0,0,2,2
5,9503.113,5474.952,-53.415,-95.804,-0.102249,0.994402,-0.026658,-0.993985,-0.101076,0.042169,0.039238,0.030809,0.998755,0,0.48000,-0.39119,28.800,-0.782,-1,375.000,-1,400.000,-1,325.000,325.000,300.000,300.000,-1,-1,-1,-1,775.000,825.000,-1,-1,2,0,2,0,2,0,0,0,0,2,2,2,2,0,0,2,2
6,9499.274,5441.572,-52.369,-96.562,-0.115492,0.992930,-0.027434,-0.992472,-0.114218,0.044196,0.040750,0.032331,0.998646,0,0.56000,-0.37903,33.600,-0.758,-1,400.000,-1,400.000,-1,325.000,325.000,300.000,300.000,-1,-1,-1,-1,775.000,825.000,-1,-1,2,0,2,0,2,0,0,0,0,2,2,2,2,0,0,2,2
7,9494.401,5403.482,-51.192,-97.292,-0.128238,0.991341,-0.028253,-0.990832,-0.126847,0.046489,0.042503,0.033956,0.998519,0,0.64000,-0.36486,38.400,-0.730,-1,400.000,-1,400.000,-1,325.000,325.000,300.000,300.000,-1,-1,-1,-1,800.000,850.000,-1,-1,2,0,2,0,2,0,0,0,0,2,2,2,2,0,0,2,2
8,9488.398,5360.701,-49.896,-97.989,-0.140419,0.989664,-0.029117,-0.989092,-0.138895,0.049048,0.044497,0.035687,0.998372,0,0.72000,-0.34868,43.200,-0.697,-1,400.000,-1,425.000,-1,325.000,325.000,300.000,300.000,-1,550.000,525.000,-1,825.000,875.000,-1,-1,2,0,2,0,2,0,0,0,0,2,0,0,2,0,0,2,2
9,9481.675,5316.500,-48.587,-98.650,-0.151959,0.987932,-0.029965,-0.987290,-0.150293,0.051681,0.046554,0.037438,0.998214,0,0.74515,-0.33050,44.709,-0.661,-1,400.000,-1,425.000,-1,325.000,325.000,300.000,300.000,-1,500.000,475.000,-1,850.000,875.000,-1,-1,2,0,2,0,2,0,0,0,0,2,0,0,2,0,1,2,2
10,9474.341,5271.574,-47.115,-99.273,-0.162833,0.986145,-0.031685,-0.985514,-0.161018,0.053256,0.047417,0.039898,0.998078,0,0.75866,-0.31170,45.520,-0.623,-1,425.000,-1,425.000,-1,325.000,350.000,300.000,300.000,-1,500.000,475.000,-1,900.000,850.000,-1,1000.000,2,0,2,0,2,0,0,0,0,2,0,0,2,0,1,2,1
11,9466.408,5225.917,-45.797,-99.859,-0.172959,0.984373,-0.033100,-0.983814,-0.171067,0.053348,0.046852,0.041792,0.998027,0,0.77236,-0.29258,46.342,-0.585,-1,425.000,-1,425.000,-1,350.000,350.000,300.000,300.000,-1,525.000,500.000,-1,900.000,800.000,-1,950.000,2,0,2,0,2,0,0,0,0,2,0,0,2,0,1,2,1
12,9457.888,5179.517,-44.098,-100.405,-0.182286,0.982676,-0.033463,-0.982224,-0.180441,0.051737,0.044803,0.042299,0.998100,0,0.78626,-0.27313,47.176,-0.546,-1,425.000,-1,425.000,-1,325.000,350.000,275.000,300.000,-1,600.000,575.000,-1,900.000,775.000,-1,900.000,2,0,2,0,2,0,0,0,0,2,0,0,2,0,1,2,1
13,9448.168,5128.458,-42.258,-100.778,-0.188606,0.981460,-0.034106,-0.981151,-0.186832,0.049358,0.042071,0.042772,0.998199,0,0.86626,-0.18655,51.976,-0.373,-1,425.000,-1,425.000,1000.000,325.000,325.000,275.000,300.000,-1,750.000,700.000,-1,900.000,725.000,-1,850.000,2,0,2,0,1,0,0,0,0,2,0,0,2,0,1,2,1
14,9437.213,5072.755,-40.273,-101.126,-0.194491,0.980284,-0.034874,-0.980122,-0.192794,0.046816,0.039169,0.043286,0.998295,0,0.94618,-0.17424,56.771,-0.348,-1,400.000,950.000,425.000,925.000,325.000,325.000,275.000,300.000,-1,-1,850.000,-1,900.000,675.000,-1,800.000,2,0,1,0,1,0,0,0,0,2,2,0,2,0,1,2,1
15,9425.746,5016.130,-38.279,-101.448,-0.199912,0.979162,-0.035731,-0.979142,-0.198291,0.044295,0.036286,0.043840,0.998379,0,0.96291,-0.16089,57.775,-0.322,-1,400.000,875.000,400.000,850.000,325.000,325.000,275.000,300.000,-1,-1,-1,-1,875.000,625.000,-1,725.000,2,0,1,0,1,0,0,0,0,2,2,2,2,0,1,2,1
16,9413.780,4958.565,-36.276,-101.743,-0.204864,0.978103,-0.036679,-0.978219,-0.203321,0.041802,0.033429,0.044444,0.998452,0,0.97992,-0.14739,58.795,-0.295,-1,400.000,825.000,400.000,775.000,325.000,325.000,275.000,300.000,-1,-1,-1,-1,875.000,575.000,-1,675.000,2,1,1,0,1,0,0,0,0,2,2,2,2,0,1,2,1
17,9401.330,4900.043,-34.265,-102.010,-0.209345,0.977114,-0.037725,-0.977363,-0.207879,0.039346,0.030603,0.045107,0.998513,0,0.99720,-0.13376,59.832,-0.268,-1,400.000,750.000,400.000,700.000,325.000,325.000,300.000,300.000,-1,-1,-1,-1,875.000,525.000,-1,600.000,2,1,1,0,1,0,0,0,0,2,2,2,2,0,1,2,1
18,9388.599,4841.409,-32.277,-102.251,-0.213353,0.976202,-0.038854,-0.976578,-0.211964,0.036968,0.027853,0.045832,0.998561,0,1.00000,-0.12001,60.000,-0.240,-1,375.000,675.000,375.000,625.000,325.000,325.000,300.000,300.000,-1,-1,-1,-1,825.000,475.000,-1,525.000,2,1,1,1,1,1,1,0,0,2,2,2,2,1,1,2,1
19,9375.650,4782.823,-30.316,-102.463,-0.216894,0.975373,-0.040066,-0.975870,-0.215580,0.034680,0.025189,0.046621,0.998595,0,1.00000,-0.10639,60.000,-0.213,-1,375.000,600.000,350.000,550.000,300.000,300.000,300.000,300.000,-1,-1,-1,-1,700.000,425.000,-1,475.000,2,1,1,1,1,1,1,0,0,2,2,2,2,1,1,2,1
20,9362.511,4724.280,-28.382,-102.649,-0.219974,0.974629,-0.041359,-0.975244,-0.218735,0.032484,0.022613,0.047481,0.998616,0,1.00000,-0.09296,60.000,-0.186,-1,350.000,550.000,300.000,475.000,275.000,275.000,300.000,300.000,-1,-1,-1,-1,625.000,375.000,-1,400.000,2,1,1,1,1,1,1,0,0,2,2,2,2,1,1,2,1
21,9349.210,4665.773,-26.489,-102.809,-0.222604,0.973975,-0.042674,-0.974700,-0.221437,0.030412,0.020171,0.048364,0.998626,0,1.00000,-0.07975,60.000,-0.159,-1,325.000,475.000,275.000,400.000,250.000,225.000,300.000,300.000,-1,-1,-1,-1,550.000,325.000,-1,350.000,2,1,1,1,1,1,1,0,0,2,2,2,2,1,1,2,1
22,9335.756,4607.301,-25.282,-102.957,-0.225032,0.973478,-0.041241,-0.974170,-0.223971,0.028814,0.018813,0.046659,0.998734,0,1.00000,-0.07400,60.000,-0.148,-1,300.000,400.000,225.000,325.000,225.000,200.000,300.000,300.000,-1,-1,-1,-1,475.000,275.000,-1,275.000,2,1,1,1,1,1,1,0,0,2,2,2,2,1,1,2,1
23,9322.144,4548.865,-24.242,-103.111,-0.227542,0.972966,-0.039523,-0.973618,-0.226605,0.026808,0.017127,0.044580,0.998859,0,1.00000,-0.07692,60.000,-0.154,-1,250.000,350.000,200.000,250.000,200.000,175.000,300.000,300.000,-1,-1,-1,-1,400.000,225.000,-1,225.000,2,1,1,1,1,1,1,0,0,2,2,2,2,1,1,2,1
24,9308.364,4490.468,-18.043,-103.271,-0.230309,0.972919,-0.019664,-0.972582,-0.229465,0.037831,0.032294,0.027837,0.999091,0,1.00000,-0.08011,60.000,-0.160,-1,250.000,325.000,175.000,200.000,200.000,150.000,300.000,350.000,-1,-1,-1,-1,375.000,200.000,-1,175.000,2,1,1,1,1,1,1,0,0,2,2,2,2,1,1,2,1
25,9294.412,4432.109,-7.463,-103.438,-0.231877,0.972621,0.015571,-0.970851,-0.232394,0.058661,0.060674,-0.001515,0.998156,0,1.00000,-0.08365,60.000,-0.167,-1,250.000,325.000,175.000,175.000,200.000,150.000,275.000,450.000,-1,200.000,875.000,-1,400.000,200.000,-1,175.000,2,1,1,1,1,1,1,0,0,2,0,0,2,1,1,2,1
26,-5606.851,-1061.727,-243.443,-87.285,0.049835,0.998577,-0.019000,-0.992338,0.047353,-0.114118,-0.113055,0.024542,0.993286,1,0.00000,0.00000,60.000,-0.175,-1,-1,-1,250.000,75.000,475.000,275.000,125.000,275.000,125.000,-1,-1,-1,-1,425.000,-1,100.000,2,2,2,1,1,1,1,1,1,1,2,2,2,2,1,2,1
27,1644.610,8854.635,-27.870,-5.374,0.995412,0.093655,0.019578,-0.093411,0.995542,-0.013033,-0.020711,0.011145,0.999723,1,0.08000,0.12000,4.800,0.240,-1,400.000,-1,375.000,-1,325.000,325.000,300.000,300.000,-1,-1,-1,-1,825.000,775.000,-1,-1,2,0,2,0,2,0,0,0,0,2,2,2,2,0,0,2,2
28,1654.175,8853.816,-28.072,-4.894,0.996161,0.085312,0.019632,-0.085070,0.996292,-0.012831,-0.020654,0.011112,0.999725,0,0.16000,0.24000,9.600,0.480,-1,400.000,-1,375.000,-1,325.000,325.000,300.000,300.000,-1,-1,-1,-1,825.000,775.000,-1,-1,2,0,2,0,2,0,0,0,0,2,2,2,2,0,0,2,2
29,1668.537,8852.768,-28.372,-4.174,0.997153,0.072785,0.019715,-0.072548,0.997286,-0.012525,-0.020573,0.011059,0.999727,0,0.24000,0.36000,14.400,0.720,-1,400.000,-1,375.000,-1,325.000,325.000,300.000,300.000,-1,-1,-1,-1,825.000,775.000,-1,-1,2,0,2,0,2,0,0,0,0,2,2,2,2,0,0,2,2
30,1687.707,8851.692,-28.768,-3.214,0.998230,0.056066,0.019826,-0.055833,0.998367,-0.012110,-0.020473,0.010982,0.999730,0,0.32000,0.48000,19.200,0.960,-1,400.000,-1,375.000,-1,325.000,325.000,300.000,300.000,-1,-1,-1,-1,850.000,775.000,-1,-1,2,0,2,0,2,0,0,0,0,2,2,2,2,0,0,2,2
31,1711.692,8850.848,-29.256,-2.014,0.999183,0.035146,0.019967,-0.034919,0.999323,-0.011581,-0.020360,0.010874,0.999734,0,0.40000,0.60000,24.000,1.200,-1,400.000,-1,400.000,-1,325.000,325.000,300.000,300.000,-1,-1,-1,-1,850.000,775.000,-1,-1,2,0,2,0,2,0,0,0,0,2,2,2,2,0,0,2,2
32,1740.490,8850.559,-29.831,-0.574,0.999747,0.010022,0.020136,-0.009803,0.999892,-0.010928,-0.020243,0.010727,0.999738,0,0.48000,0.72000,28.800,1.440,-1,400.000,-1,400.000,-1,325.000,325.000,300.000,300.000,-1,-1,-1,-1,850.000,775.000,-1,-1,2,0,2,0,2,0,0,0,0,2,2,2,2,0,0,2,2
33,1774.084,8851.208,-30.488,1.106,0.999607,-0.019297,0.020330,0.019506,0.999758,-0.010139,-0.020130,0.010531,0.999742,0,0.56000,0.84000,33.600,1.680,-1,400.000,-1,400.000,-1,325.000,325.000,300.000,300.000,-1,-1,-1,-1,875.000,775.000,-1,-1,2,0,2,0,2,0,0,0,0,2,2,2,2,0,0,2,2
34,1812.430,8853.235,-31.221,3.026,0.998395,-0.052782,0.020544,0.052980,0.998553,-0.009198,-0.020029,0.010271,0.999747,0,0.64000,0.96000,38.400,1.920,-1,400.000,-1,400.000,-1,325.000,325.000,300.000,300.000,-1,-1,-1,-1,875.000,775.000,-1,-1,2,0,2,0,2,0,0,0,0,2,2,2,2,0,0,2,2
35,1855.464,8857.019,-32.026,5.026,0.995939,-0.087599,0.020768,0.087783,0.996107,-0.008106,-0.019977,0.009897,0.999751,0,0.72000,1.00000,43.200,2.000,-1,400.000,-1,400.000,-1,325.000,325.000,300.000,300.000,-1,-1,-1,-1,875.000,775.000,-1,-1,2,0,2,0,2,0,0,0,0,2,2,2,2,0,0,2,2
36,1903.104,8862.890,-32.900,7.026,0.992270,-0.122310,0.020996,0.122477,0.992448,-0.006858,-0.019999,0.009376,0.999756,0,0.80000,1.00000,48.000,2.000,-1,400.000,-1,400.000,-1,325.000,325.000,300.000,300.000,-1,-1,-1,-1,900.000,800.000,-1,-1,2,0,2,0,2,0,0,0,0,2,2,2,2,0,0,2,2
37,1951.006,8870.499,-33.862,9.026,0.987390,-0.156872,0.021258,0.157028,0.987577,-0.005874,-0.020072,0.009138,0.999757,0,0.80838,1.00000,48.503,2.000,-1,425.000,-1,400.000,-1,325.000,325.000,300.000,300.000,-1,-1,-1,-1,900.000,800.000,-1,-1,2,0,2,0,2,0,0,0,0,2,2,2,2,0,0,2,2
38,1998.614,8879.776,-34.976,11.026,0.981298,-0.191242,0.021910,0.191400,0.981497,-0.005367,-0.020478,0.009461,0.999746,0,0.80838,1.00000,48.503,2.000,-1,425.000,-1,400.000,-1,325.000,325.000,300.000,300.000,-1,-1,-1,-1,900.000,800.000,-1,-1,2,0,2,0,2,0,0,0,0,2,2,2,2,0,0,2,2
39,2045.868,8890.708,-36.110,13.026,0.974010,-0.225379,0.022551,0.225535,0.974224,-0.004601,-0.020933,0.009567,0.999735,0,0.80838,1.00000,48.503,2.000,-1,425.000,-1,400.000,-1,325.000,325.000,300.000,300.000,-1,-1,-1,-1,925.000,800.000,-1,-1,2,0,2,0,2,0,0,0,0,2,2,2,2,0,0,2,2
40,2092.713,8903.282,-37.334,15.026,0.965530,-0.259242,0.023370,0.259384,0.965769,-0.003208,-0.021738,0.009159,0.999722,0,0.80838,1.00000,48.503,2.000,-1,425.000,-1,400.000,-1,325.000,325.000,300.000,300.000,-1,-1,-1,-1,925.000,775.000,-1,-1,2,0,2,0,2,0,0,0,0,2,2,2,2,0,0,2,2
41,2139.090,8917.484,-38.543,17.026,0.955873,-0.292791,0.024110,0.292914,0.956137,-0.001677,-0.022562,0.008665,0.999708,0,0.80838,1.00000,48.503,2.000,-1,425.000,-1,400.000,-1,325.000,325.000,300.000,300.000,-1,-1,-1,-1,900.000,800.000,-1,-1,2,0,2,0,2,0,0,0,0,2,2,2,2,0,0,2,2
42,2184.943,8933.295,-39.735,19.026,0.945052,-0.325983,0.024756,0.326083,0.945341,-0.000006,-0.023401,0.008078,0.999694,0,0.80838,1.00000,48.503,2.000,-1,425.000,-1,400.000,-1,325.000,325.000,300.000,300.000,-1,-1,-1,-1,900.000,800.000,-1,-1,2,0,2,0,2,0,0,0,0,2,2,2,2,0,0,2,2
43,2230.216,8950.697,-40.912,21.026,0.933080,-0.358778,0.025290,0.358849,0.933394,0.001806,-0.024254,0.007390,0.999679,0,0.80838,1.00000,48.503,2.000,-1,425.000,-1,400.000,-1,350.000,325.000,300.000,300.000,-1,-1,-1,-1,900.000,800.000,-1,-1,2,0,2,0,2,0,0,0,0,2,2,2,2,0,0,2,2
44,2274.855,8969.669,-42.209,23.026,0.919958,-0.391135,0.026264,0.391184,0.920306,0.003449,-0.025520,0.007101,0.999649,0,0.80838,1.00000,48.503,2.000,-1,425.000,-1,400.000,-1,350.000,325.000,300.000,325.000,-1,-1,-1,-1,900.000,825.000,-1,-1,2,0,2,0,2,0,0,0,0,2,2,2,2,0,0,2,2
45,2318.804,8990.187,-43.663,25.026,0.905695,-0.423014,0.027850,0.423050,0.906093,0.004900,-0.027308,0.007344,0.999600,0,0.80838,1.00000,48.503,2.000,-1,425.000,-1,400.000,-1,350.000,325.000,300.000,300.000,-1,-1,-1,-1,900.000,825.000,-1,-1,2,0,2,0,2,0,0,0,0,2,2,2,2,0,0,2,2
46,2362.011,9012.226,-45.143,27.026,0.890321,-0.454378,0.029499,0.454396,0.890776,0.006488,-0.029225,0.007628,0.999544,0,0.80838,1.00000,48.503,2.000,-1,425.000,-1,400.000,-1,350.000,325.000,300.000,300.000,-1,-1,-1,-1,875.000,825.000,-1,-1,2,0,2,0,2,0,0,0,0,2,2,2,2,0,0,2,2
47,2400.313,9033.271,-46.501,28.786,0.875885,-0.481521,0.031024,0.481518,0.876399,0.008051,-0.031066,0.007887,0.999486,0,0.72838,0.88000,43.703,1.760,-1,425.000,-1,400.000,-1,350.000,325.000,300.000,300.000,-1,-1,-1,-1,875.000,800.000,-1,-1,2,0,2,0,2,0,0,0,0,2,2,2,2,0,0,2,2
48,2437.926,9055.255,-47.874,30.306,0.862740,-0.504598,0.032562,0.504567,0.863317,0.009759,-0.033036,0.008010,0.999422,0,0.72610,0.76000,43.566,1.520,-1,425.000,-1,400.000,-1,350.000,325.000,300.000,300.000,-1,-1,-1,-1,850.000,800.000,-1,-1,2,0,2,0,2,0,0,0,0,2,2,2,2,0,0,2,2
49,2475.038,9078.074,-49.392,31.586,0.851188,-0.523756,0.034040,0.523707,0.851827,0.011046,-0.034782,0.008424,0.999359,0,0.72610,0.64000,43.566,1.280,-1,425.000,-1,400.000,-1,325.000,325.000,300.000,300.000,-1,-1,-1,-1,850.000,800.000,-1,-1,2,0,2,0,2,0,0,0,0,2,2,2,2,0,0,2,2
50,2511.729,9101.562,-50.968,32.626,0.841474,-0.539129,0.035525,0.539059,0.842178,0.012321,-0.036561,0.008782,0.999293,0,0.72610,0.52000,43.566,1.040,-1,425.000,-1,400.000,-1,325.000,325.000,300.000,300.000,-1,-1,-1,-1,825.000,800.000,-1,-1,2,0,2,0,2,0,0,0,0,2,2,2,2,0,0,2,2
51,2548.090,9125.561,-52.558,33.426,0.833794,-0.550834,0.037020,0.550737,0.834567,0.013683,-0.038433,0.008979,0.999221,0,0.72610,0.40000,43.566,0.800,-1,425.000,-1,400.000,-1,325.000,325.000,300.000,300.000,-1,-1,-1,-1,825.000,775.000,-1,-1,2,0,2,0,2,0,0,0,0,2,2,2,2,0,0,2,2
52,2584.214,9149.914,-54.144,33.986,0.828301,-0.558965,0.038418,0.558830,0.829144,0.015164,-0.040330,0.008908,0.999147,0,0.72610,0.28000,43.566,0.560,-1,400.000,-1,400.000,-1,325.000,325.000,300.000,300.000,-1,-1,-1,-1,800.000,775.000,-1,-1,2,0,2,0,2,0,0,0,0,2,2,2,2,0,0,2,2
53,2620.201,9174.468,-55.739,34.306,0.825099,-0.563588,0.039740,0.563404,0.826011,0.016759,-0.042270,0.008562,0.999070,0,0.72610,0.16000,43.566,0.320,-1,400.000,-1,400.000,-1,325.000,325.000,300.000,300.000,-1,-1,-1,-1,800.000,775.000,-1,-1,2,0,2,0,2,0,0,0,0,2,2,2,2,0,0,2,2
54,2656.154,9199.072,-57.348,34.386,0.824247,-0.564744,0.040992,0.564498,0.825228,0.018451,-0.044248,0.007932,0.998989,0,0.72610,0.04000,43.566,0.080,-1,400.000,-1,400.000,-1,325.000,325.000,300.000,300.000,-1,-1,-1,-1,775.000,750.000,-1,-1,2,0,2,0,2,0,0,0,0,2,2,2,2,0,0,2,2
55,2692.176,9223.576,-58.975,34.226,0.825760,-0.562441,0.042186,0.562121,0.826807,0.020227,-0.046256,0.007012,0.998905,0,0.72610,-0.08000,43.566,-0.160,-1,400.000,-1,400.000,-1,325.000,325.000,300.000,300.000,-1,-1,-1,-1,775.000,750.000,-1,-1,2,0,2,0,2,0,0,0,0,2,2,2,2,0,0,2,2
56,2728.368,9247.828,-60.769,33.826,0.829627,-0.556660,0.043009,0.556265,0.830720,0.021759,-0.047840,0.005873,0.998838,0,0.72610,-0.20000,43.566,-0.400,-1,400.000,-1,400.000,-1,325.000,325.000,300.000,300.000,-1,-1,-1,-1,750.000,725.000,-1,-1,2,0,2,0,2,0,0,0,0,2,2,2,2,0,0,2,2
57,2768.622,9274.640,-63.004,33.666,0.831158,-0.554340,0.043385,0.553884,0.832276,0.023018,-0.048868,0.004898,0.998793,0,0.80610,-0.08000,48.366,-0.160,-1,400.000,-1,400.000,-1,325.000,325.000,300.000,300.000,-1,-1,-1,-1,750.000,725.000,-1,-1,2,0,2,0,2,0,0,0,0,2,2,2,2,0,0,2,2
58,2811.954,9303.589,-65.464,33.746,0.830366,-0.555504,0.043671,0.554984,0.831504,0.024356,-0.049842,0.004012,0.998749,0,0.86853,0.04000,52.112,0.080,-1,400.000,-1,400.000,-1,325.000,325.000,300.000,300.000,-1,-1,-1,-1,750.000,725.000,-1,-1,2,0,2,0,2,0,0,0,0,2,2,2,2,0,0,2,2
59,2855.123,9332.779,-67.869,34.066,0.827240,-0.560140,0.043788,0.559589,0.828389,0.025115,-0.050342,0.003727,0.998725,0,0.86853,0.16000,52.112,0.320,-1,400.000,-1,375.000,-1,325.000,325.000,300.000,300.000,-1,-1,-1,-1,750.000,725.000,-1,-1,2,0,2,0,2,0,0,0,0,2,2,2,2,0,0,2,2
60,2898.005,9362.389,-70.226,34.626,0.821720,-0.568209,0.043756,0.567658,0.822874,0.025336,-0.050402,0.004020,0.998721,0,0.86853,0.28000,52.112,0.560,-1,400.000,-1,375.000,-1,325.000,325.000,300.000,300.000,-1,-1,-1,-1,750.000,700.000,-1,-1,2,0,2,0,2,0,0,0,0,2,2,2,2,0,0,2,2
61,2940.469,9392.596,-72.627,35.426,0.813703,-0.579642,0.043626,0.579098,0.814859,0.025491,-0.050325,0.004521,0.998723,0,0.86853,0.40000,52.112,0.800,-1,400.000,-1,375.000,-1,325.000,325.000,300.000,300.000,-1,-1,-1,-1,725.000,700.000,-1,-1,2,0,2,0,2,0,0,0,0,2,2,2,2,0,0,2,2
62,2982.389,9423.553,-75.069,36.445,0.803266,-0.594036,0.043410,0.593509,0.804421,0.025566,-0.050107,0.005228,0.998730,0,0.86853,0.50938,52.112,1.019,-1,400.000,-1,375.000,-1,325.000,325.000,300.000,300.000,-1,-1,-1,-1,725.000,700.000,-1,-1,2,0,2,0,2,0,0,0,0,2,2,2,2,0,0,2,2
63,3023.753,9455.250,-77.549,37.463,0.792579,-0.608242,0.043125,0.607736,0.793729,0.025519,-0.049751,0.005982,0.998744,0,0.86853,0.50938,52.112,1.019,-1,375.000,-1,375.000,-1,325.000,325.000,300.000,300.000,-1,-1,-1,-1,725.000,700.000,-1,-1,2,0,2,0,2,0,0,0,0,2,2,2,2,0,0,2,2
64,3064.546,9487.677,-80.062,38.482,0.781645,-0.622255,0.042772,0.621775,0.782785,0.025371,-0.049268,0.006763,0.998763,0,0.86853,0.50938,52.112,1.019,-1,375.000,-1,375.000,-1,325.000,325.000,300.000,300.000,-1,-1,-1,-1,725.000,700.000,-1,-1,2,0,2,0,2,0,0,0,0,2,2,2,2,0,0,2,2
65,3104.756,9520.825,-82.523,39.501,0.770476,-0.636072,0.042169,0.635612,0.771595,0.025270,-0.048611,0.007333,0.998791,0,0.86853,0.50938,52.112,1.019,-1,400.000,-1,375.000,-1,325.000,325.000,300.000,300.000,-1,-1,-1,-1,725.000,700.000,-1,-1,2,0,2,0,2,0,0,0,0,2,2,2,2,0,0,2,2
66,3144.371,9554.683,-84.954,40.520,0.759070,-0.649688,0.041452,0.649247,0.760161,0.025166,-0.047860,0.007809,0.998824,0,0.86853,0.50938,52.112,1.019,-1,400.000,-1,375.000,-1,325.000,325.000,300.000,300.000,-1,-1,-1,-1,725.000,700.000,-1,-1,2,0,2,0,2,0,0,0,0,2,2,2,2,0,0,2,2
67,3183.377,9589.239,-87.386,41.538,0.747425,-0.663099,0.040701,0.662677,0.748487,0.025039,-0.047067,0.008257,0.998858,0,0.86853,0.50938,52.112,1.019,-1,400.000,-1,375.000,-1,325.000,325.000,300.000,300.000,-1,-1,-1,-1,725.000,675.000,-1,-1,2,0,2,0,2,0,0,0,0,2,2,2,2,0,0,2,2
68,3221.763,9624.484,-89.731,42.557,0.735565,-0.676301,0.039514,0.675892,0.736578,0.024949,-0.045978,0.008355,0.998907,0,0.86853,0.50938,52.112,1.019,-1,400.000,-1,375.000,-1,325.000,325.000,300.000,300.000,-1,-1,-1,-1,725.000,675.000,-1,-1,2,0,2,0,2,0,0,0,0,2,2,2,2,0,0,2,2
69,3259.516,9660.405,-91.990,43.576,0.723492,-0.689292,0.037892,0.688891,0.724438,0.024873,-0.044596,0.008108,0.998972,0,0.86853,0.50938,52.112,1.019,-1,400.000,-1,375.000,-1,325.000,325.000,300.000,300.000,-1,-1,-1,-1,725.000,700.000,-1,-1,2,0,2,0,2,0,0,0,0,2,2,2,2,0,0,2,2
70,3296.624,9696.992,-94.244,44.595,0.711191,-0.702065,0.036214,0.701672,0.712070,0.024743,-0.043158,0.007814,0.999038,0,0.86853,0.50938,52.112,1.019,-1,400.000,-1,375.000,-1,325.000,325.000,300.000,300.000,-1,-1,-1,-1,725.000,700.000,-1,-1,2,0,2,0,2,0,0,0,0,2,2,2,2,0,0,2,2
71,3333.076,9734.233,-96.490,45.613,0.698666,-0.714616,0.034481,0.714234,0.699477,0.024554,-0.041666,0.007472,0.999104,0,0.86853,0.50938,52.112,1.019,-1,375.000,-1,375.000,-1,325.000,325.000,300.000,300.000,-1,-1,-1,-1,725.000,700.000,-1,-1,2,0,2,0,2,0,0,0,0,2,2,2,2,0,0,2,2
72,3368.860,9772.116,-98.672,46.632,0.685918,-0.726941,0.032762,0.726580,0.686661,0.024033,-0.039967,0.007320,0.999174,0,0.86853,0.50938,52.112,1.019,-1,375.000,-1,375.000,-1,325.000,325.000,300.000,300.000,-1,-1,-1,-1,725.000,700.000,-1,-1,2,0,2,0,2,0,0,0,0,2,2,2,2,0,0,2,2
73,3403.965,9810.630,-100.646,47.651,0.672914,-0.739031,0.031936,0.738708,0.673624,0.023264,-0.038706,0.007937,0.999219,0,0.86853,0.50938,52.112,1.019,-1,375.000,-1,375.000,-1,325.000,325.000,300.000,300.000,-1,-1,-1,-1,725.000,700.000,-1,-1,2,0,2,0,2,0,0,0,0,2,2,2,2,0,0,2,2
74,3438.379,9849.761,-102.602,48.670,0.659696,-0.750888,0.031121,0.750600,0.660375,0.022454,-0.037412,0.008546,0.999263,0,0.86853,0.50938,52.112,1.019,-1,375.000,-1,375.000,-1,325.000,325.000,300.000,300.000,-1,-1,-1,-1,725.000,700.000,-1,-1,2,0,2,0,2,0,0,0,0,2,2,2,2,0,0,2,2
75,3470.857,9887.719,-104.461,49.448,0.649459,-0.759791,0.030341,0.759535,0.650105,0.021661,-0.036182,0.008977,0.999305,0,0.83261,0.38938,49.957,0.779,-1,375.000,-1,375.000,-1,325.000,325.000,300.000,300.000,-1,-1,-1,-1,725.000,700.000,-1,-1,2,0,2,0,2,0,0,0,0,2,2,2,2,0,0,2,2
76,3502.978,9925.981,-106.282,49.987,0.642318,-0.765869,0.029530,0.765637,0.642931,0.020972,-0.035047,0.009138,0.999344,0,0.83261,0.26938,49.957,0.539,-1,375.000,-1,375.000,-1,325.000,300.000,300.000,300.000,-1,-1,-1,-1,725.000,700.000,-1,-1,2,0,2,0,2,0,0,0,0,2,2,2,2,0,0,2,2
77,3534.847,9964.453,-108.042,50.362,0.637330,-0.770058,0.028653,0.769838,0.637910,0.020504,-0.034068,0.008990,0.999379,0,0.83261,0.18734,49.957,0.375,-1,375.000,-1,375.000,-1,325.000,300.000,300.000,300.000,-1,875.000,975.000,-1,725.000,700.000,-1,-1,2,0,2,0,2,0,0,0,0,2,0,0,2,0,0,2,2
78,3566.573,10003.272,-109.794,50.742,0.632247,-0.774269,0.027758,0.774061,0.632795,0.020017,-0.033064,0.008830,0.999414,0,0.83557,0.18982,50.134,0.380,-1,375.000,-1,375.000,-1,325.000,300.000,300.000,300.000,-1,825.000,875.000,-1,750.000,700.000,-1,-1,2,0,2,0,2,0,0,0,0,2,0,0,2,0,0,2,2
79,3598.189,10042.494,-111.542,51.128,0.627041,-0.778523,0.026843,0.778327,0.627556,0.019509,-0.032034,0.008660,0.999449,0,0.83965,0.19334,50.379,0.387,-1,375.000,-1,375.000,-1,325.000,300.000,300.000,300.000,-1,775.000,850.000,-1,750.000,700.000,-1,-1,2,0,2,0,2,0,0,0,0,2,0,0,2,0,0,2,2
80,3629.686,10082.122,-113.131,51.522,0.621712,-0.782821,0.025806,0.782637,0.622190,0.018954,-0.030894,0.008412,0.999487,0,0.84367,0.19694,50.620,0.394,-1,375.000,-1,375.000,-1,325.000,300.000,300.000,300.000,-1,775.000,825.000,-1,750.000,700.000,-1,-1,2,0,2,0,2,0,0,0,0,2,0,0,2,0,0,2,2
81,3661.050,10122.156,-114.512,51.923,0.616256,-0.787162,0.024597,0.786987,0.616695,0.018404,-0.029655,0.008016,0.999528,0,0.84762,0.20063,50.857,0.401,-1,375.000,-1,375.000,-1,325.000,300.000,300.000,300.000,-1,775.000,800.000,-1,775.000,700.000,-1,-1,2,0,2,0,2,0,0,0,0,2,0,0,2,0,0,2,2
82,3692.271,10162.598,-115.889,52.332,0.610664,-0.791544,0.023386,0.791379,0.611064,0.017861,-0.028429,0.007600,0.999567,0,0.85151,0.20441,51.090,0.409,-1,375.000,-1,375.000,-1,325.000,325.000,300.000,300.000,-1,775.000,800.000,-1,775.000,700.000,-1,-1,2,0,2,0,2,0,0,0,0,2,0,0,2,0,0,2,2
83,3723.334,10203.447,-117.259,52.749,0.604932,-0.795969,0.022172,0.795812,0.605296,0.017328,-0.027213,0.007163,0.999604,0,0.85531,0.20828,51.319,0.417,-1,400.000,-1,375.000,-1,325.000,325.000,300.000,300.000,-1,750.000,775.000,-1,775.000,700.000,-1,-1,2,0,2,0,2,0,0,0,0,2,0,0,2,0,0,2,2
84,3754.228,10244.703,-118.623,53.173,0.599055,-0.800434,0.020956,0.800286,0.599384,0.016803,-0.026011,0.006705,0.999639,0,0.85903,0.21225,51.542,0.425,-1,400.000,-1,375.000,-1,325.000,325.000,300.000,300.000,-1,750.000,775.000,-1,800.000,725.000,-1,-1,2,0,2,0,2,0,0,0,0,2,0,0,2,0,0,2,2
85,3784.938,10286.367,-119.937,53.606,0.593022,-0.804939,0.019961,0.804799,0.593323,0.016296,-0.024960,0.006401,0.999668,0,0.86265,0.21633,51.759,0.433,-1,400.000,-1,375.000,-1,325.000,325.000,300.000,300.000,-1,750.000,775.000,-1,800.000,725.000,-1,-1,2,0,2,0,2,0,0,0,0,2,0,0,2,0,0,2,2
86,3815.451,10328.436,-121.210,54.047,0.586832,-0.809483,0.019138,0.809352,0.587111,0.015807,-0.024032,0.006213,0.999692,0,0.86617,0.22051,51.970,0.441,-1,400.000,-1,375.000,-1,325.000,325.000,300.000,300.000,-1,750.000,775.000,-1,825.000,725.000,-1,-1,2,0,2,0,2,0,0,0,0,2,0,0,2,0,0,2,2
87,3846.427,10371.462,-122.493,54.248,0.584011,-0.811539,0.018322,0.811416,0.584268,0.015313,-0.023132,0.005924,0.999715,0,0.88361,0.10051,53.016,0.201,-1,400.000,-1,375.000,-1,325.000,325.000,300.000,300.000,-1,750.000,800.000,-1,825.000,750.000,-1,-1,2,0,2,0,2,0,0,0,0,2,0,0,2,0,0,2,2
88,3877.543,10414.619,-123.824,54.209,0.584586,-0.811145,0.017412,0.811020,0.584822,0.015142,-0.022465,0.005270,0.999734,0,0.88674,-0.01949,53.205,-0.039,-1,400.000,-1,375.000,-1,325.000,325.000,300.000,300.000,-1,750.000,825.000,-1,825.000,750.000,-1,-1,2,0,2,0,2,0,0,0,0,2,0,0,2,1,0,2,2
89,3908.965,10457.757,-125.252,53.930,0.588560,-0.808293,0.016124,0.808149,0.588768,0.015711,-0.022193,0.003784,0.999747,0,0.88947,-0.13949,53.368,-0.279,-1,400.000,-1,375.000,-1,325.000,325.000,300.000,300.000,-1,750.000,850.000,-1,850.000,750.000,-1,-1,2,0,2,0,2,0,0,0,0,2,0,0,2,0,0,2,2
90,3940.856,10500.715,-126.675,53.411,0.595888,-0.802931,0.014823,0.802767,0.596068,0.016344,-0.021959,0.002160,0.999757,0,0.89170,-0.25949,53.502,-0.519,-1,400.000,-1,400.000,-1,325.000,325.000,300.000,300.000,-1,775.000,875.000,-1,850.000,750.000,-1,-1,2,0,2,0,2,0,0,0,0,2,0,0,2,0,0,2,2
91,3973.562,10543.574,-128.102,52.652,0.606503,-0.794967,0.013506,0.794784,0.606653,0.017058,-0.021754,0.000389,0.999763,0,0.89855,-0.37949,53.913,-0.759,-1,400.000,-1,400.000,-1,325.000,325.000,300.000,300.000,-1,775.000,875.000,-1,875.000,750.000,-1,-1,2,0,2,0,2,0,0,0,0,2,0,0,2,0,0,2,2
92,4007.139,10586.019,-129.506,51.653,0.620303,-0.784268,0.012162,0.784064,0.620420,0.017966,-0.021636,-0.001608,0.999765,0,0.90199,-0.49949,54.119,-0.999,-1,400.000,-1,400.000,-1,325.000,325.000,300.000,300.000,-1,800.000,900.000,-1,850.000,750.000,-1,-1,2,0,2,0,2,0,0,0,0,2,0,0,2,0,0,2,2
93,4041.762,10627.892,-130.764,50.414,0.637137,-0.770666,0.011379,0.770436,0.637230,0.019124,-0.021989,-0.003418,0.999752,0,0.90555,-0.61949,54.333,-1.239,-1,400.000,-1,400.000,-1,325.000,325.000,300.000,300.000,-1,850.000,975.000,-1,850.000,-1,-1,-1,2,0,2,0,2,0,0,0,0,2,0,0,2,0,2,2,2
94,4077.601,10669.026,-131.969,48.935,0.656833,-0.753957,0.010940,0.753700,0.656904,0.020333,-0.022517,-0.005110,0.999733,0,0.90929,-0.73949,54.557,-1.479,-1,400.000,-1,400.000,-1,325.000,325.000,300.000,300.000,-1,900.000,-1,-1,850.000,-1,-1,-1,2,0,2,0,2,0,0,0,0,2,0,2,2,0,2,2,2
95,4114.820,10709.242,-133.174,47.216,0.679170,-0.733905,0.010583,0.733619,0.679217,0.021591,-0.023033,-0.006900,0.999711,0,0.91326,-0.85949,54.795,-1.719,-1,400.000,-1,400.000,-1,325.000,325.000,300.000,300.000,-1,975.000,-1,-1,825.000,-1,-1,-1,2,0,2,0,2,0,0,0,0,2,0,2,2,0,2,2,2
96,4153.571,10748.343,-134.379,45.257,0.703877,-0.710247,0.010328,0.709932,0.703898,0.022890,-0.023528,-0.008780,0.999685,0,0.91751,-0.97949,55.050,-1.959,-1,400.000,-1,375.000,-1,325.000,325.000,300.000,300.000,-1,-1,-1,-1,825.000,-1,-1,-1,2,0,2,0,2,0,0,0,0,2,2,2,2,0,2,2,2
97,4193.863,10786.257,-135.618,43.257,0.728247,-0.685237,0.010338,0.684891,0.728244,0.024187,-0.024103,-0.010534,0.999654,0,0.92209,-1.00000,55.326,-2.000,-1,400.000,-1,375.000,-1,325.000,325.000,300.000,300.000,-1,-1,-1,-1,800.000,-1,-1,-1,2,0,2,0,2,0,0,0,0,2,2,2,2,0,2,2,2
98,4235.667,10822.927,-136.772,41.257,0.751717,-0.659398,0.010791,0.659036,0.751708,0.024645,-0.024362,-0.011415,0.999638,0,0.92680,-1.00000,55.608,-2.000,-1,400.000,-1,375.000,-1,325.000,325.000,300.000,300.000,-1,-1,-1,-1,800.000,-1,-1,-1,2,0,2,0,2,0,0,0,0,2,2,2,2,0,2,2,2
99,4278.947,10858.297,-138.014,39.257,0.774288,-0.632752,0.010198,0.632394,0.774250,0.024810,-0.023594,-0.012761,0.999640,0,0.93157,-1.00000,55.894,-2.000,-1,400.000,-1,375.000,-1,325.000,325.000,300.000,300.000,-1,-1,-1,-1,775.000,-1,-1,-1,2,0,2,0,2,0,0,0,0,2,2,2,2,0,2,2,2
100,4323.664,10892.311,-139.249,37.257,0.795917,-0.605334,0.009348,0.604986,0.795845,0.024942,-0.022538,-0.014197,0.999645,0,0.93639,-1.00000,56.183,-2.000,-1,400.000,-1,-1,-1,325.000,325.000,300.000,300.000,-1,-1,-1,-1,925.000,-1,-1,-1,2,0,2,2,2,0,0,0,0,2,2,2,2,1,2,2,2
101,4369.779,10924.911,-140.438,35.257,0.816575,-0.577178,0.008424,0.576846,0.816470,0.025020,-0.021319,-0.015571,0.999651,0,0.94124,-1.00000,56.474,-2.000,-1,400.000,-1,-1,-1,325.000,325.000,325.000,300.000,-1,-1,-1,-1,1000.000,-1,-1,-1,2,0,2,2,2,0,0,0,0,2,2,2,2,1,2,2,2
102,4417.248,10956.041,-141.556,33.257,0.836236,-0.548320,0.007435,0.548005,0.836096,0.025181,-0.020024,-0.016983,0.999655,0,0.94611,-1.00000,56.766,-2.000,-1,400.000,-1,-1,-1,325.000,-1,325.000,325.000,-1,-1,-1,-1,-1,-1,-1,-1,2,0,2,2,2,0,2,0,0,2,2,2,2,2,2,2,2
103,4466.024,10985.648,-142.608,31.257,0.854876,-0.518793,0.006389,0.518497,0.854701,0.025415,-0.018646,-0.018414,0.999657,0,0.95097,-1.00000,57.058,-2.000,-1,625.000,-1,-1,-1,1000.000,-1,325.000,325.000,-1,1000.000,-1,-1,-1,-1,-1,-1,2,1,2,2,2,1,2,1,0,2,0,2,2,2,2,2,2
104,4516.056,11013.676,-143.611,29.257,0.872472,-0.488636,0.005282,0.488363,0.872263,0.025651,-0.017142,-0.019800,0.999657,0,0.95579,-1.00000,57.348,-2.000,-1,775.000,-1,-1,-1,-1,-1,325.000,325.000,-1,950.000,-1,-1,-1,-1,-1,-1,2,1,2,2,2,2,2,0,0,2,0,2,2,2,2,2,2
105,4567.293,11040.069,-154.343,27.257,0.887759,-0.457932,0.046714,0.458139,0.888854,0.006810,-0.044640,0.015356,0.998885,0,0.96056,-1.00000,57.633,-2.000,-1,775.000,-1,-1,-1,-1,-1,350.000,225.000,-1,-1,-1,-1,-1,-1,-1,-1,2,1,2,2,2,2,2,0,0,2,2,2,2,2,2,2,2
106,4619.670,11064.788,-165.201,25.257,0.900429,-0.426120,0.087462,0.428929,0.903207,-0.015391,-0.072439,0.051373,0.996049,0,0.96522,-1.00000,57.913,-2.000,-1,775.000,-1,-1,-1,-1,-1,400.000,150.000,-1,-1,-1,-1,-1,-1,-1,-1,2,1,2,2,2,2,2,0,0,2,2,2,2,2,2,2,2
107,4673.125,11087.783,-176.110,23.257,0.910547,-0.393314,0.127311,0.401035,0.915144,-0.041019,-0.100374,0.088406,0.991014,0,0.96974,-1.00000,58.185,-2.000,950.000,775.000,-1,-1,-1,-1,-1,475.000,100.000,-1,-1,-1,-1,-1,-1,-1,-1,0,1,2,2,2,2,2,0,0,2,2,2,2,2,2,2,2
108,-6887.300,3607.532,-226.719,175.625,-0.994621,-0.075809,0.070585,0.083097,-0.990803,0.106790,0.061840,0.112081,0.991773,1,0.00000,0.00000,58.444,-2.000,250.000,375.000,-1,500.000,-1,375.000,400.000,350.000,275.000,-1,375.000,125.000,950.000,625.000,-1,300.000,-1,1,1,2,0,2,1,0,1,0,2,0,0,0,1,2,1,2
109,-6892.087,3607.889,-226.447,175.708,-0.994696,-0.074359,0.071066,0.081756,-0.990828,0.107590,0.062414,0.112829,0.991652,0,0.08000,0.04175,4.800,0.083,250.000,375.000,-1,500.000,-1,375.000,400.000,350.000,275.000,-1,375.000,125.000,925.000,625.000,-1,300.000,-1,1,1,2,0,2,1,0,1,0,2,0,0,0,1,2,1,2
110,-6901.661,3608.591,-225.916,175.796,-0.994738,-0.072832,0.072053,0.080444,-0.990771,0.109097,0.063442,0.114319,0.991416,0,0.16000,0.04378,9.600,0.088,250.000,375.000,-1,500.000,-1,400.000,400.000,350.000,275.000,-1,375.000,125.000,900.000,625.000,-1,300.000,-1,1,1,2,0,2,1,0,1,0,2,0,0,0,1,2,1,2
111,-6916.025,3609.618,-225.124,175.893,-0.994752,-0.071136,0.073537,0.079071,-0.990634,0.111317,0.064930,0.116547,0.991060,0,0.24000,0.04850,14.400,0.097,225.000,375.000,-1,500.000,-1,400.000,400.000,325.000,275.000,-1,350.000,125.000,850.000,625.000,-1,300.000,-1,1,1,2,0,2,1,0,1,0,2,0,0,0,1,2,1,2
112,-6935.179,3610.950,-224.071,176.005,-0.994743,-0.069177,0.075508,0.077549,-0.990420,0.114256,0.066881,0.119511,0.990578,0,0.32000,0.05595,19.200,0.112,225.000,375.000,-1,525.000,-1,400.000,425.000,325.000,275.000,-1,350.000,100.000,775.000,650.000,-1,300.000,-1,1,1,2,0,2,1,0,1,0,2,0,0,0,1,2,1,2
113,-6959.125,3612.560,-222.755,176.137,-0.994713,-0.066856,0.077952,0.075789,-0.990126,0.117922,0.069298,0.123206,0.989959,0,0.40000,0.06624,24.000,0.132,225.000,375.000,-1,525.000,-1,400.000,425.000,325.000,275.000,-1,325.000,100.000,725.000,650.000,-1,300.000,-1,1,1,2,0,2,1,0,1,0,2,0,0,0,1,2,1,2
114,-6987.865,3614.412,-221.176,176.296,-0.994664,-0.064072,0.080854,0.073699,-0.989750,0.122326,0.072188,0.127632,0.989191,0,0.48000,0.07950,28.800,0.159,225.000,400.000,-1,525.000,-1,425.000,425.000,300.000,275.000,-1,325.000,100.000,675.000,675.000,-1,275.000,-1,1,1,2,0,2,1,0,1,0,2,0,0,0,1,2,1,2
115,-7021.403,3616.460,-219.328,176.488,-0.994597,-0.060716,0.084203,0.071185,-0.989282,0.127488,0.075560,0.132793,0.988259,0,0.56000,0.09593,33.600,0.192,225.000,400.000,-1,550.000,-1,425.000,450.000,275.000,275.000,-1,300.000,75.000,625.000,700.000,-1,275.000,-1,1,1,2,0,2,1,0,1,0,2,0,0,0,1,2,1,2
116,-7059.741,3618.644,-217.206,176.719,-0.994508,-0.056672,0.087989,0.068147,-0.988712,0.133437,0.079434,0.138701,0.987144,0,0.64000,0.11576,38.400,0.232,200.000,425.000,-1,550.000,-1,450.000,450.000,275.000,275.000,-1,275.000,75.000,575.000,725.000,-1,500.000,-1,1,1,2,0,2,1,0,1,0,2,0,0,0,1,2,1,2
117,-7102.883,3620.892,-214.795,176.998,-0.994391,-0.051814,0.092209,0.064485,-0.988018,0.140223,0.083838,0.145382,0.985817,0,0.72000,0.13927,43.200,0.279,200.000,425.000,-1,575.000,-1,450.000,450.000,250.000,275.000,-1,275.000,50.000,525.000,750.000,-1,700.000,-1,1,1,2,0,2,1,0,1,0,2,0,0,0,1,2,1,2
118,-7150.832,3623.109,-212.078,177.332,-0.994233,-0.046009,0.096869,0.060093,-0.987173,0.147914,0.088821,0.152882,0.984245,0,0.80000,0.16678,48.000,0.334,225.000,450.000,-1,575.000,-1,475.000,475.000,250.000,275.000,-1,250.000,50.000,500.000,775.000,-1,-1,-1,1,1,2,0,2,1,0,1,0,2,0,0,0,1,2,2,2
119,-7198.508,3624.980,-209.221,177.729,-0.994094,-0.039115,0.101230,0.054711,-0.986208,0.156204,0.093724,0.160819,0.982524,0,0.79522,0.19858,47.713,0.397,275.000,450.000,-1,600.000,-1,475.000,500.000,225.000,250.000,-1,250.000,50.000,450.000,-1,-1,-1,-1,1,1,2,0,2,1,0,1,0,2,0,0,0,2,2,2,2
120,-7245.227,3626.435,-205.917,178.191,-0.994831,-0.031108,0.096663,0.047002,-0.984873,0.166783,0.090013,0.170464,0.981244,0,0.77907,0.23106,46.744,0.462,300.000,450.000,-1,575.000,-1,475.000,475.000,225.000,250.000,-1,325.000,75.000,450.000,-1,-1,-1,-1,1,1,2,0,2,1,0,1,0,2,0,0,0,2,2,2,2
121,1639.852,-4263.558,-325.395,-81.274,0.149770,0.987063,0.057228,-0.988087,0.151495,-0.027075,-0.035395,-0.052492,0.997994,1,0.00000,0.00000,45.686,0.527,-1,400.000,-1,425.000,-1,325.000,325.000,300.000,300.000,-1,-1,-1,-1,750.000,850.000,-1,-1,2,0,2,0,2,0,0,0,0,2,2,2,2,0,0,2,2
122,1640.561,-4268.305,-325.567,-81.514,0.145637,0.987690,0.057079,-0.988709,0.147359,-0.027207,-0.035283,-0.052473,0.997999,0,0.08000,-0.12000,4.800,-0.240,-1,400.000,-1,425.000,-1,325.000,325.000,300.000,300.000,-1,-1,-1,-1,750.000,850.000,-1,-1,2,0,2,0,2,0,0,0,0,2,2,2,2,0,0,2,2
123,1641.898,-4277.812,-325.908,-81.994,0.137362,0.988892,0.056783,-0.989900,0.139080,-0.027470,-0.035063,-0.052436,0.998009,0,0.16000,-0.24000,9.600,-0.480,-1,400.000,-1,425.000,-1,325.000,325.000,300.000,300.000,-1,-1,-1,-1,750.000,850.000,-1,-1,2,0,2,0,2,0,0,0,0,2,2,2,2,0,0,2,2
124,1643.724,-4292.096,-326.410,-82.714,0.124933,0.990564,0.056343,-0.991557,0.126643,-0.027864,-0.034737,-0.052386,0.998023,0,0.24000,-0.36000,14.400,-0.720,-1,400.000,-1,425.000,-1,325.000,325.000,300.000,300.000,-1,-1,-1,-1,750.000,850.000,-1,-1,2,0,2,0,2,0,0,0,0,2,2,2,2,0,0,2,2
125,1645.839,-4311.179,-327.060,-83.674,0.108328,0.992550,0.055763,-0.993523,0.110029,-0.028388,-0.034312,-0.052326,0.998040,0,0.32000,-0.48000,19.200,-0.960,-1,400.000,-1,425.000,-1,325.000,325.000,300.000,300.000,-1,-1,-1,-1,750.000,850.000,-1,-1,2,0,2,0,2,0,0,0,0,2,2,2,2,0,0,2,2
126,1647.983,-4335.084,-327.846,-84.874,0.087528,0.994640,0.055047,-0.995589,0.089219,-0.029043,-0.033798,-0.052262,0.998061,0,0.40000,-0.60000,24.000,-1.200,-1,400.000,-1,400.000,-1,325.000,325.000,300.000,300.000,-1,-1,-1,-1,750.000,850.000,-1,-1,2,0,2,0,2,0,0,0,0,2,2,2,2,0,0,2,2
127,1649.834,-4363.825,-328.750,-86.314,0.062515,0.996571,0.054201,-0.997491,0.064195,-0.029828,-0.033206,-0.052200,0.998084,0,0.48000,-0.72000,28.800,-1.440,-1,400.000,-1,400.000,-1,325.000,325.000,300.000,300.000,-1,-1,-1,-1,750.000,850.000,-1,-1,2,0,2,0,2,0,0,0,0,2,2,2,2,0,0,2,2
128,1651.010,-4397.405,-329.752,-87.994,0.033281,0.998028,0.053230,-0.998916,0.034951,-0.030751,-0.032551,-0.052149,0.998109,0,0.56000,-0.84000,33.600,-1.680,-1,400.000,-1,400.000,-1,325.000,325.000,300.000,300.000,-1,-1,-1,-1,750.000,825.000,-1,-1,2,0,2,0,2,0,0,0,0,2,2,2,2,0,0,2,2
129,1651.067,-4435.805,-330.829,-89.914,-0.000168,0.998640,0.052139,-0.999493,0.001494,-0.031818,-0.031853,-0.052118,0.998133,0,0.64000,-0.96000,38.400,-1.920,-1,400.000,-1,400.000,-1,325.000,325.000,300.000,300.000,-1,-1,-1,-1,750.000,825.000,-1,-1,2,0,2,0,2,0,0,0,0,2,2,2,2,0,0,2,2
130,1649.624,-4478.982,-331.960,-91.914,-0.035018,0.998087,0.050949,-0.998897,-0.033360,-0.033046,-0.031283,-0.052050,0.998154,0,0.72000,-1.00000,43.200,-2.000,-1,400.000,-1,400.000,-1,325.000,325.000,300.000,300.000,-1,-1,-1,-1,750.000,825.000,-1,-1,2,0,2,0,2,0,0,0,0,2,2,2,2,0,0,2,2
131,1646.445,-4525.446,-333.097,-93.914,-0.069835,0.996320,0.049697,-0.997080,-0.068172,-0.034407,-0.030892,-0.051955,0.998171,0,0.77621,-1.00000,46.573,-2.000,-1,400.000,-1,400.000,-1,325.000,325.000,300.000,300.000,-1,-1,-1,-1,750.000,825.000,-1,-1,2,0,2,0,2,0,0,0,0,2,2,2,2,0,0,2,2
132,1641.624,-4571.979,-334.238,-95.914,-0.104573,0.993320,0.048774,-0.994053,-0.102900,-0.035639,-0.030382,-0.052211,0.998174,0,0.77967,-1.00000,46.780,-2.000,-1,400.000,-1,400.000,-1,325.000,325.000,300.000,300.000,-1,-1,-1,-1,750.000,825.000,-1,-1,2,0,2,0,2,0,0,0,0,2,2,2,2,0,0,2,2
133,1635.157,-4618.511,-335.568,-97.914,-0.139202,0.989063,0.048758,-0.989820,-0.137496,-0.036770,-0.029664,-0.053380,0.998134,0,0.78298,-1.00000,46.979,-2.000,-1,400.000,-1,400.000,-1,325.000,325.000,300.000,300.000,-1,-1,-1,-1,750.000,825.000,-1,-1,2,0,2,0,2,0,0,0,0,2,2,2,2,0,0,2,2
134,1627.035,-4664.975,-337.018,-99.914,-0.173616,0.983639,0.048081,-0.984402,-0.171926,-0.037342,-0.028464,-0.053815,0.998145,0,0.78613,-1.00000,47.168,-2.000,-1,400.000,-1,400.000,-1,325.000,325.000,300.000,300.000,-1,-1,-1,-1,750.000,825.000,-1,-1,2,0,2,0,2,0,0,0,0,2,2,2,2,0,0,2,2
135,1617.261,-4711.303,-338.395,-101.914,-0.207823,0.977018,0.047393,-0.977785,-0.206145,-0.037958,-0.027315,-0.054228,0.998155,0,0.78912,-1.00000,47.347,-2.000,-1,400.000,-1,400.000,-1,325.000,325.000,300.000,300.000,-1,-1,-1,-1,750.000,800.000,-1,-1,2,0,2,0,2,0,0,0,0,2,2,2,2,0,0,2,2
136,1605.834,-4757.426,-339.698,-103.914,-0.241779,0.969207,0.046707,-0.969977,-0.240111,-0.038604,-0.026200,-0.054638,0.998162,0,0.79195,-1.00000,47.517,-2.000,-1,400.000,-1,400.000,-1,325.000,325.000,300.000,300.000,-1,-1,-1,-1,775.000,800.000,-1,-1,2,0,2,0,2,0,0,0,0,2,2,2,2,0,0,2,2
137,1592.778,-4803.217,-340.926,-105.914,-0.275444,0.960215,0.046024,-0.960989,-0.273784,-0.039274,-0.025111,-0.055046,0.998168,0,0.79358,-1.00000,47.615,-2.000,-1,400.000,-1,400.000,-1,325.000,325.000,300.000,300.000,-1,-1,-1,-1,775.000,800.000,-1,-1,2,0,2,0,2,0,0,0,0,2,2,2,2,0,0,2,2
138,1578.132,-4848.524,-342.080,-107.914,-0.308776,0.950053,0.045346,-0.950831,-0.307121,-0.039963,-0.024040,-0.055456,0.998172,0,0.79358,-1.00000,47.615,-2.000,-1,400.000,-1,400.000,-1,325.000,325.000,300.000,300.000,-1,-1,-1,-1,775.000,800.000,-1,-1,2,0,2,0,2,0,0,0,0,2,2,2,2,0,0,2,2
