timestep,x_cm,y_cm,z_cm,yaw_deg,basis_xx,basis_xy,basis_xz,basis_yx,basis_yy,basis_yz,basis_zx,basis_zy,basis_zz,teleport_flag,throttle_cmd,steering_cmd,cmd_move_cm,cmd_turn_deg,lidar_cm_0,lidar_cm_1,lidar_cm_2,lidar_cm_3,lidar_cm_4,lidar_cm_5,lidar_cm_6,lidar_cm_7,lidar_cm_8,lidar_cm_9,lidar_cm_10,lidar_cm_11,lidar_cm_12,lidar_cm_13,lidar_cm_14,lidar_cm_15,lidar_cm_16,lidar_class_0,lidar_class_1,lidar_class_2,lidar_class_3,lidar_class_4,lidar_class_5,lidar_class_6,lidar_class_7,lidar_class_8,lidar_class_9,lidar_class_10,lidar_class_11,lidar_class_12,lidar_class_13,lidar_class_14,lidar_class_15,lidar_class_16
0,8859.161,-8857.619,220.030,-31.897,0.848942,0.528300,-0.013992,-0.528466,0.848842,-0.013850,0.004560,0.019152,0.999806,1,0.08000,0.12000,4.800,0.240,-1,400.000,-1,400.000,-1,325.000,325.000,300.000,300.000,-1,-1,-1,-1,800.000,775.000,-1,-1,2,0,2,0,2,0,0,0,0,2,2,2,2,0,0,2,2
1,8867.354,-8862.623,220.072,-31.417,0.853339,0.521171,-0.013916,-0.521336,0.853238,-0.013907,0.004626,0.019123,0.999806,0,0.16000,0.24000,9.600,0.480,-1,400.000,-1,400.000,-1,325.000,325.000,300.000,300.000,-1,-1,-1,-1,800.000,775.000,-1,-1,2,0,2,0,2,0,0,0,0,2,2,2,2,0,0,2,2
2,8879.736,-8869.974,220.138,-30.697,0.859821,0.510408,-0.013801,-0.510573,0.859720,-0.013993,0.004723,0.019078,0.999807,0,0.24000,0.36000,14.400,0.720,-1,400.000,-1,400.000,-1,325.000,325.000,300.000,300.000,-1,-1,-1,-1,800.000,775.000,-1,-1,2,0,2,0,2,0,0,0,0,2,2,2,2,0,0,2,2
3,8896.408,-8879.498,220.230,-29.737,0.868253,0.495933,-0.013648,-0.496097,0.868152,-0.014106,0.004853,0.019018,0.999807,0,0.32000,0.48000,19.200,0.960,-1,400.000,-1,400.000,-1,325.000,325.000,300.000,300.000,-1,-1,-1,-1,800.000,775.000,-1,-1,2,0,2,0,2,0,0,0,0,2,2,2,2,0,0,2,2
4,8917.463,-8891.016,220.353,-28.680,0.877256,0.479834,-0.013451,-0.479996,0.877155,-0.014245,0.004964,0.018953,0.999808,0,0.40000,0.52853,24.000,1.057,-1,400.000,-1,400.000,-1,325.000,325.000,300.000,300.000,-1,-1,-1,-1,800.000,775.000,-1,-1,2,0,2,0,2,0,0,0,0,2,2,2,2,0,0,2,2
5,8942.979,-8904.371,220.507,-27.628,0.885924,0.463643,-0.013209,-0.463804,0.885821,-0.014408,0.005021,0.018891,0.999809,0,0.48000,0.52620,28.800,1.052,-1,400.000,-1,400.000,-1,325.000,325.000,300.000,300.000,-1,-1,-1,-1,800.000,775.000,-1,-1,2,0,2,0,2,0,0,0,0,2,2,2,2,0,0,2,2
6,8973.028,-8919.406,220.694,-26.581,0.894249,0.447383,-0.012920,-0.447542,0.894144,-0.014594,0.005023,0.018833,0.999810,0,0.56000,0.52338,33.600,1.047,-1,400.000,-1,400.000,-1,325.000,325.000,300.000,300.000,-1,-1,-1,-1,800.000,775.000,-1,-1,2,0,2,0,2,0,0,0,0,2,2,2,2,0,0,2,2
7,9007.675,-8935.962,220.915,-25.541,0.902227,0.431079,-0.012583,-0.431234,0.902119,-0.014802,0.004971,0.018781,0.999811,0,0.64000,0.52007,38.400,1.040,-1,400.000,-1,400.000,-1,325.000,325.000,300.000,300.000,-1,-1,-1,-1,800.000,775.000,-1,-1,2,0,2,0,2,0,0,0,0,2,2,2,2,0,0,2,2
8,9045.353,-8953.140,221.154,-24.508,0.909851,0.414754,-0.012223,-0.414905,0.909741,-0.014981,0.004906,0.018702,0.999813,0,0.69015,0.51623,41.409,1.032,-1,400.000,-1,400.000,-1,325.000,325.000,300.000,300.000,-1,-1,-1,-1,800.000,775.000,-1,-1,2,0,2,0,2,0,0,0,0,2,2,2,2,0,0,2,2
9,9083.402,-8969.672,221.387,-23.484,0.917121,0.398431,-0.011877,-0.398578,0.917010,-0.015084,0.004882,0.018568,0.999816,0,0.69142,0.51200,41.485,1.024,-1,400.000,-1,400.000,-1,325.000,325.000,300.000,300.000,-1,-1,-1,-1,800.000,775.000,-1,-1,2,0,2,0,2,0,0,0,0,2,2,2,2,0,0,2,2
10,9121.790,-8985.549,221.618,-22.469,0.924041,0.382121,-0.011489,-0.382263,0.923929,-0.015149,0.004826,0.018390,0.999819,0,0.69236,0.50764,41.542,1.015,-1,400.000,-1,400.000,-1,325.000,325.000,300.000,300.000,-1,-1,-1,-1,800.000,800.000,-1,-1,2,0,2,0,2,0,0,0,0,2,2,2,2,0,0,2,2
11,9160.486,-9000.762,221.834,-21.463,0.930614,0.365836,-0.011008,-0.365972,0.930503,-0.015146,0.004702,0.018123,0.999825,0,0.69299,0.50318,41.579,1.006,-1,400.000,-1,400.000,-1,325.000,325.000,300.000,300.000,-1,-1,-1,-1,800.000,800.000,-1,-1,2,0,2,0,2,0,0,0,0,2,2,2,2,0,0,2,2
12,9199.458,-9015.307,222.056,-20.466,0.936845,0.349588,-0.010526,-0.349716,0.936734,-0.015121,0.004574,0.017847,0.999830,0,0.69330,0.49863,41.598,0.997,-1,400.000,-1,400.000,-1,325.000,325.000,300.000,300.000,-1,-1,-1,-1,800.000,800.000,-1,-1,2,0,2,0,2,0,0,0,0,2,2,2,2,0,0,2,2
13,9238.675,-9029.177,222.284,-19.477,0.942737,0.333385,-0.010046,-0.333506,0.942627,-0.015076,0.004443,0.017563,0.999836,0,0.69328,0.49402,41.597,0.988,-1,400.000,-1,400.000,-1,325.000,325.000,300.000,300.000,-1,-1,-1,-1,800.000,800.000,-1,-1,2,0,2,0,2,0,0,0,0,2,2,2,2,0,0,2,2
14,9282.615,-9044.075,222.478,-18.729,0.947012,0.321050,-0.009734,-0.321169,0.946901,-0.015168,0.004348,0.017491,0.999838,0,0.77328,0.37402,46.397,0.748,-1,400.000,-1,400.000,-1,325.000,325.000,300.000,300.000,-1,-1,-1,-1,800.000,800.000,-1,-1,2,0,2,0,2,0,0,0,0,2,2,2,2,0,0,2,2
15,9331.245,-9060.084,222.564,-18.221,0.949827,0.312640,-0.009178,-0.312752,0.949703,-0.015811,0.003773,0.017888,0.999833,0,0.85328,0.25402,51.197,0.508,-1,400.000,-1,400.000,-1,325.000,325.000,300.000,300.000,-1,-1,-1,-1,800.000,800.000,-1,-1,2,0,2,0,2,0,0,0,0,2,2,2,2,0,0,2,2
16,9384.515,-9077.344,222.645,-17.953,0.951286,0.308191,-0.008546,-0.308294,0.951148,-0.016504,0.003042,0.018335,0.999827,0,0.93328,0.13402,55.997,0.268,-1,400.000,-1,400.000,-1,325.000,325.000,300.000,300.000,-1,-1,-1,-1,775.000,800.000,-1,-1,2,0,2,0,2,0,0,0,0,2,2,2,2,0,0,2,2
17,9441.339,-9095.725,222.711,-17.925,0.951444,0.307723,-0.007848,-0.307815,0.951290,-0.017237,0.002162,0.018816,0.999821,0,0.99538,0.01402,59.723,0.028,-1,400.000,-1,400.000,-1,325.000,325.000,300.000,300.000,-1,-1,-1,-1,775.000,800.000,-1,-1,2,0,2,0,2,0,0,0,0,2,2,2,2,0,0,2,2
18,9498.048,-9114.302,222.749,-18.137,0.950306,0.311237,-0.007125,-0.311316,0.950136,-0.017969,0.001177,0.019294,0.999813,0,0.99456,-0.10598,59.674,-0.212,-1,400.000,-1,400.000,-1,325.000,325.000,300.000,300.000,-1,-1,-1,-1,775.000,800.000,-1,-1,2,0,2,0,2,0,0,0,0,2,2,2,2,0,0,2,2
19,9554.559,-9133.308,222.753,-18.589,0.947828,0.318719,-0.006376,-0.318783,0.947643,-0.018703,0.000082,0.019759,0.999805,0,0.99370,-0.22598,59.622,-0.452,-1,400.000,-1,400.000,-1,325.000,325.000,300.000,300.000,-1,-1,-1,-1,775.000,800.000,-1,-1,2,0,2,0,2,0,0,0,0,2,2,2,2,0,0,2,2
20,9610.789,-9152.979,222.717,-19.281,0.943916,0.330138,-0.005601,-0.330183,0.943717,-0.019444,-0.001134,0.020203,0.999795,0,0.99285,-0.34598,59.571,-0.692,-1,400.000,-1,400.000,-1,325.000,325.000,300.000,300.000,-1,-1,-1,-1,775.000,775.000,-1,-1,2,0,2,0,2,0,0,0,0,2,2,2,2,0,0,2,2
21,9666.647,-9173.545,222.659,-20.213,0.938428,0.345441,-0.004834,-0.345467,0.938216,-0.020088,-0.002404,0.020521,0.999787,0,0.99207,-0.46598,59.524,-0.932,-1,400.000,-1,400.000,-1,325.000,325.000,300.000,300.000,-1,-1,-1,-1,775.000,775.000,-1,-1,2,0,2,0,2,0,0,0,0,2,2,2,2,0,0,2,2
22,9722.036,-9195.235,222.647,-21.385,0.931170,0.364560,-0.004210,-0.364568,0.930958,-0.020178,-0.003437,0.020324,0.999788,0,0.99140,-0.58598,59.484,-1.172,-1,400.000,-1,400.000,-1,325.000,325.000,300.000,300.000,-1,-1,-1,-1,800.000,775.000,-1,-1,2,0,2,0,2,0,0,0,0,2,2,2,2,0,0,2,2
23,9776.853,-9218.255,222.521,-22.779,0.922029,0.387104,-0.003573,-0.387096,0.921825,-0.019907,-0.004412,0.019738,0.999795,0,0.99090,-0.69699,59.454,-1.394,-1,400.000,-1,400.000,-1,325.000,325.000,300.000,300.000,-1,-1,-1,-1,800.000,775.000,-1,-1,2,0,2,0,2,0,0,0,0,2,2,2,2,0,0,2,2
24,9831.073,-9242.597,222.316,-24.178,0.912307,0.409497,-0.002702,-0.409469,0.912115,-0.019555,-0.005543,0.018947,0.999805,0,0.99057,-0.69937,59.434,-1.399,-1,400.000,-1,400.000,-1,325.000,325.000,300.000,300.000,-1,-1,-1,-1,800.000,775.000,-1,-1,2,0,2,0,2,0,0,0,0,2,2,2,2,0,0,2,2
25,9884.659,-9268.250,222.063,-25.581,0.902006,0.431719,-0.001730,-0.431670,0.901827,-0.019217,-0.006736,0.018080,0.999814,0,0.99015,-0.70166,59.409,-1.403,-1,400.000,-1,400.000,-1,325.000,325.000,300.000,300.000,-1,-1,-1,-1,800.000,775.000,-1,-1,2,0,2,0,2,0,0,0,0,2,2,2,2,0,0,2,2
26,9938.143,-9295.442,221.672,-26.950,0.891440,0.453137,-0.000974,-0.453072,0.891272,-0.018981,-0.007733,0.017361,0.999819,0,1.00000,-0.68416,60.000,-1.368,-1,400.000,-1,400.000,-1,325.000,325.000,300.000,300.000,-1,-1,-1,-1,800.000,775.000,-1,-1,2,0,2,0,2,0,0,0,0,2,2,2,2,0,0,2,2
27,9990.958,-9323.914,221.166,-28.328,0.880282,0.474451,-0.000355,-0.474374,0.880123,-0.018784,-0.008600,0.016704,0.999823,0,1.00000,-0.68922,60.000,-1.378,-1,400.000,-1,400.000,-1,325.000,325.000,300.000,300.000,-1,-1,-1,-1,800.000,775.000,-1,-1,2,0,2,0,2,0,0,0,0,2,2,2,2,0,0,2,2
28,10043.067,-9353.657,220.539,-29.717,0.868524,0.495647,0.000377,-0.495553,0.868375,-0.018773,-0.009632,0.016118,0.999824,0,1.00000,-0.69436,60.000,-1.389,-1,400.000,-1,400.000,-1,325.000,325.000,300.000,300.000,-1,-1,-1,-1,800.000,775.000,-1,-1,2,0,2,0,2,0,0,0,0,2,2,2,2,0,0,2,2
29,10094.435,-9384.663,219.830,-31.116,0.856161,0.516709,0.001181,-0.516599,0.856022,-0.018759,-0.010704,0.015450,0.999823,0,1.00000,-0.69960,60.000,-1.399,-1,400.000,-1,400.000,-1,325.000,325.000,300.000,300.000,-1,-1,-1,-1,800.000,775.000,-1,-1,2,0,2,0,2,0,0,0,0,2,2,2,2,0,1,2,2
30,10145.023,-9416.924,219.047,-32.526,0.843184,0.537621,0.002055,-0.537495,0.843059,-0.018703,-0.011788,0.014666,0.999823,0,1.00000,-0.70494,60.000,-1.410,-1,400.000,-1,400.000,-1,325.000,325.000,300.000,300.000,-1,-1,-1,-1,775.000,775.000,-1,-1,2,0,2,0,2,0,0,0,0,2,2,2,2,0,0,2,2
31,10194.797,-9450.429,218.186,-33.947,0.829589,0.558366,0.003001,-0.558225,0.829481,-0.018609,-0.012880,0.013763,0.999822,0,1.00000,-0.71039,60.000,-1.421,-1,400.000,-1,400.000,-1,325.000,325.000,300.000,300.000,-1,-1,-1,-1,775.000,750.000,-1,-1,2,0,2,0,2,0,0,0,0,2,2,2,2,0,0,2,2
32,10243.718,-9485.168,217.247,-35.378,0.815369,0.578928,0.004022,-0.578773,0.815279,-0.018479,-0.013978,0.012739,0.999821,0,1.00000,-0.71597,60.000,-1.432,-1,400.000,-1,400.000,-1,325.000,325.000,300.000,300.000,-1,-1,-1,-1,775.000,750.000,-1,-1,2,0,2,0,2,0,0,0,0,2,2,2,2,0,0,2,2
33,10291.748,-9521.128,216.283,-36.822,0.800513,0.599291,0.005462,-0.599122,0.800453,-0.018109,-0.015224,0.011224,0.999821,0,1.00000,-0.72167,60.000,-1.443,-1,400.000,-1,400.000,-1,325.000,325.000,300.000,300.000,-1,-1,-1,-1,750.000,750.000,-1,-1,2,0,2,0,2,0,0,0,0,2,2,2,2,0,0,2,2
34,10338.849,-9558.295,215.493,-38.277,0.785027,0.619430,0.006238,-0.619257,0.784987,-0.017785,-0.015914,0.010098,0.999822,0,1.00000,-0.72752,60.000,-1.455,-1,400.000,-1,400.000,-1,325.000,325.000,300.000,300.000,-1,-1,-1,-1,750.000,750.000,-1,-1,2,0,2,0,2,0,0,0,0,2,2,2,2,0,0,2,2
35,10384.984,-9596.657,214.705,-39.744,0.768903,0.639330,0.006765,-0.639156,0.768878,-0.017470,-0.016371,0.009109,0.999824,0,1.00000,-0.73351,60.000,-1.467,-1,400.000,-1,400.000,-1,325.000,325.000,300.000,300.000,-1,-1,-1,-1,750.000,725.000,-1,-1,2,0,2,1,2,0,0,0,0,2,2,2,2,0,0,2,2
36,10430.113,-9636.197,213.915,-41.223,0.752135,0.658972,0.007067,-0.658800,0.752123,-0.017136,-0.016608,0.008233,0.999828,0,1.00000,-0.73966,60.000,-1.479,-1,400.000,-1,400.000,-1,325.000,325.000,300.000,300.000,-1,-1,-1,-1,750.000,725.000,-1,-1,2,0,2,1,2,0,0,0,0,2,2,2,2,0,0,2,2
37,10470.835,-9673.463,213.161,-42.463,0.737700,0.675089,0.007294,-0.674922,0.737699,-0.016779,-0.016708,0.007455,0.999833,0,0.92000,-0.61966,55.200,-1.239,-1,400.000,-1,400.000,-1,325.000,325.000,300.000,300.000,-1,-1,-1,-1,775.000,725.000,-1,-1,2,0,2,0,2,0,0,0,0,2,2,2,2,0,0,2,2
38,10508.566,-9709.221,212.402,-43.462,0.725807,0.687856,0.007592,-0.687693,0.725816,-0.016382,-0.016778,0.006669,0.999837,0,0.86639,-0.49966,51.983,-0.999,-1,400.000,-1,400.000,-1,325.000,325.000,300.000,300.000,-1,-1,-1,-1,775.000,725.000,-1,-1,2,0,2,0,2,0,0,0,0,2,2,2,2,1,0,2,2
39,10545.770,-9745.427,211.601,-44.221,0.716620,0.697418,0.007968,-0.697260,0.716641,-0.015939,-0.016826,0.005867,0.999841,0,0.86522,-0.37966,51.913,-0.759,-1,400.000,-1,400.000,-1,325.000,325.000,300.000,300.000,-1,-1,-1,-1,750.000,725.000,-1,-1,2,0,2,0,2,0,0,0,0,2,2,2,2,1,0,2,2
40,10582.555,-9781.880,211.070,-44.740,0.710257,0.703892,0.008472,-0.703765,0.710297,-0.013892,-0.015796,0.003905,0.999868,0,0.86315,-0.25966,51.789,-0.519,-1,400.000,-1,400.000,-1,325.000,325.000,300.000,300.000,-1,-1,-1,-1,750.000,750.000,-1,-1,2,0,2,0,2,0,0,0,1,2,2,2,2,1,0,2,2
41,10618.970,-9818.446,210.677,-45.119,0.705581,0.708572,0.009004,-0.708490,0.705637,-0.010856,-0.014045,0.001281,0.999901,0,0.86008,-0.18921,51.605,-0.378,-1,400.000,-1,400.000,-1,325.000,325.000,300.000,275.000,-1,-1,-1,-1,750.000,750.000,-1,-1,2,0,2,0,2,0,0,0,1,2,2,2,2,1,0,2,2
42,10654.968,-9855.096,210.041,-45.514,0.700672,0.713421,0.009473,-0.713367,0.700736,-0.008764,-0.012890,-0.000617,0.999917,0,0.85620,-0.19751,51.372,-0.395,-1,400.000,-1,400.000,-1,325.000,325.000,300.000,275.000,-1,-1,-1,-1,725.000,775.000,-1,-1,2,0,2,0,2,0,0,0,1,2,2,2,2,1,0,2,2
43,10690.526,-9891.814,209.168,-45.919,0.695604,0.718358,0.009864,-0.718320,0.695672,-0.007597,-0.012319,-0.001801,0.999922,0,0.85189,-0.20261,51.113,-0.405,-1,400.000,-1,400.000,-1,325.000,325.000,300.000,275.000,-1,-1,-1,-1,725.000,775.000,-1,-1,2,0,2,0,2,0,0,0,1,2,2,2,2,1,0,2,2
44,10725.624,-9928.580,208.063,-46.329,0.690438,0.723320,0.010159,-0.723286,0.690509,-0.007335,-0.012321,-0.002284,0.999921,0,0.84715,-0.20514,50.829,-0.410,-1,400.000,-1,400.000,-1,325.000,325.000,300.000,250.000,-1,-1,-1,-1,700.000,775.000,975.000,-1,2,0,2,0,2,0,0,0,1,2,2,2,2,1,0,1,2
45,10760.244,-9965.374,206.939,-46.744,0.685182,0.728300,0.010191,-0.728245,0.685257,-0.009024,-0.013555,-0.001238,0.999907,0,0.84201,-0.20736,50.521,-0.415,-1,400.000,-1,400.000,-1,325.000,325.000,300.000,250.000,-1,-1,-1,-1,675.000,775.000,925.000,-1,2,0,2,0,2,0,0,0,1,2,2,2,2,1,0,1,2
46,10794.371,-10002.179,205.884,-47.163,0.679842,0.733287,0.010277,-0.733215,0.679919,-0.010249,-0.014503,-0.000568,0.999895,0,0.83653,-0.20925,50.192,-0.419,-1,400.000,-1,400.000,-1,325.000,325.000,300.000,250.000,-1,-1,-1,-1,650.000,750.000,850.000,-1,2,0,2,0,2,0,0,0,1,2,2,2,2,1,0,1,2
47,10827.992,-10038.979,205.147,-47.584,0.674422,0.738270,0.010616,-0.738205,0.674504,-0.009820,-0.014411,-0.001214,0.999895,0,0.83076,-0.21082,49.845,-0.422,950.000,400.000,-1,400.000,-1,325.000,325.000,300.000,250.000,-1,-1,-1,-1,625.000,775.000,800.000,-1,1,0,2,0,2,0,0,0,1,2,2,2,2,1,0,1,2
48,10861.098,-10075.758,204.430,-48.008,0.668934,0.743242,0.010929,-0.743181,0.669021,-0.009648,-0.014483,-0.001668,0.999894,0,0.82475,-0.21205,49.485,-0.424,875.000,400.000,-1,400.000,-1,325.000,325.000,300.000,225.000,-1,-1,-1,-1,600.000,775.000,750.000,-1,1,0,2,0,2,0,0,0,1,2,2,2,2,1,0,1,2
49,10893.685,-10112.505,203.731,-48.434,0.663387,0.748194,0.011092,-0.748135,0.663477,-0.009600,-0.014542,-0.001930,0.999892,0,0.81858,-0.21296,49.115,-0.426,800.000,400.000,-1,400.000,-1,325.000,325.000,300.000,225.000,-1,-1,-1,-1,575.000,775.000,700.000,-1,1,1,2,0,2,0,0,0,1,2,2,2,2,1,0,1,2
50,10925.749,-10149.212,203.087,-48.861,0.657796,0.753119,0.010825,-0.753060,0.657882,-0.009567,-0.014326,-0.001859,0.999896,0,0.81231,-0.21353,48.739,-0.427,725.000,375.000,-1,400.000,-1,325.000,325.000,300.000,225.000,-1,-1,-1,-1,550.000,775.000,650.000,-1,1,1,2,0,2,0,0,0,1,2,2,2,2,1,0,1,2
51,10957.293,-10185.870,202.411,-49.289,0.652160,0.758007,0.010578,-0.757950,0.652244,-0.009524,-0.014119,-0.001806,0.999899,0,0.80602,-0.21379,48.361,-0.428,650.000,375.000,-1,400.000,-1,325.000,325.000,300.000,225.000,-1,-1,-1,-1,550.000,775.000,600.000,-1,1,1,2,0,2,0,0,0,1,2,2,2,2,1,0,1,2
52,10988.319,-10222.476,201.706,-49.716,0.646490,0.762852,0.010352,-0.762795,0.646571,-0.009471,-0.013918,-0.001774,0.999902,0,0.79977,-0.21372,47.986,-0.427,575.000,375.000,-1,400.000,-1,325.000,325.000,300.000,250.000,-1,-1,-1,-1,525.000,775.000,550.000,-1,1,1,2,0,2,0,0,0,1,2,2,2,2,1,0,1,2
53,11018.835,-10259.029,201.042,-50.143,0.640789,0.767646,0.010477,-0.767591,0.640871,-0.009400,-0.013931,-0.002018,0.999901,0,0.79362,-0.21335,47.617,-0.427,525.000,350.000,-1,400.000,-1,325.000,325.000,300.000,250.000,-1,-1,-1,-1,500.000,800.000,500.000,-1,1,1,2,0,2,0,0,0,1,2,2,2,2,1,0,1,2
54,11048.852,-10295.530,200.868,-50.568,0.635030,0.772377,0.013062,-0.772332,0.635151,-0.009290,-0.015471,-0.004188,0.999872,0,0.78763,-0.21267,47.258,-0.425,450.000,325.000,-1,400.000,-1,325.000,325.000,300.000,250.000,-1,-1,-1,-1,475.000,800.000,450.000,-1,1,1,2,0,2,1,0,0,1,2,2,2,2,1,0,1,2
55,11078.380,-10331.984,200.877,-50.992,0.629308,0.777050,0.012830,-0.777006,0.629426,-0.009231,-0.015249,-0.004160,0.999875,0,0.78187,-0.21171,46.912,-0.423,425.000,325.000,-1,400.000,-1,300.000,325.000,300.000,250.000,-1,-1,-1,-1,450.000,800.000,400.000,-1,1,1,2,0,2,1,0,0,1,2,2,2,2,1,1,1,2
56,11107.433,-10368.395,201.251,-51.413,0.623643,0.781659,0.008871,-0.781606,0.623705,-0.009162,-0.012695,-0.001220,0.999919,0,0.77637,-0.21047,46.582,-0.421,375.000,325.000,-1,400.000,-1,300.000,325.000,300.000,275.000,-1,-1,-1,-1,425.000,800.000,375.000,-1,1,1,2,0,2,1,0,0,1,2,2,2,2,1,1,1,2
57,11134.027,-10402.004,201.615,-51.647,0.620500,0.784198,0.003618,-0.784151,0.620505,-0.009055,-0.009346,0.002781,0.999952,0,0.71430,-0.11703,42.858,-0.234,350.000,300.000,-1,425.000,-1,300.000,350.000,325.000,275.000,-1,-1,-1,-1,425.000,775.000,350.000,-1,1,1,2,0,2,1,0,0,1,2,2,2,2,1,1,1,2
58,11160.303,-10435.489,201.953,-51.878,0.617368,0.786668,-0.003199,-0.786658,0.617323,-0.009015,-0.005117,0.008082,0.999954,0,0.70940,-0.11539,42.564,-0.231,350.000,300.000,-1,425.000,-1,275.000,350.000,325.000,275.000,-1,-1,-1,-1,400.000,775.000,325.000,-1,1,1,2,0,2,1,1,0,1,2,2,2,2,1,1,1,2
59,11189.550,-10472.744,202.318,-51.868,0.617462,0.786500,-0.012594,-0.786600,0.617396,-0.009098,0.000620,0.015524,0.999879,0,0.78940,0.00461,47.364,0.009,325.000,300.000,-1,450.000,-1,275.000,325.000,350.000,275.000,-1,825.000,675.000,-1,400.000,750.000,325.000,-1,1,1,2,0,2,1,1,0,1,2,0,0,2,1,1,1,2
60,11221.940,-10513.634,202.904,-51.619,0.620716,0.783659,-0.024279,-0.783997,0.620694,-0.009350,0.007743,0.024838,0.999662,0,0.86940,0.12461,52.164,0.249,300.000,300.000,-1,450.000,-1,275.000,325.000,350.000,275.000,-1,575.000,425.000,700.000,400.000,725.000,300.000,-1,1,1,2,1,2,1,1,1,0,2,0,0,1,1,1,1,2
61,11255.119,-10555.030,204.182,-51.292,0.624908,0.779899,-0.035311,-0.780565,0.624998,-0.009792,0.014433,0.033682,0.999328,0,0.88419,0.16363,53.052,0.327,300.000,275.000,-1,425.000,-1,275.000,325.000,375.000,275.000,-1,475.000,350.000,525.000,400.000,725.000,275.000,-1,1,1,2,1,2,1,1,1,0,2,0,0,1,1,1,1,2
62,11288.642,-10596.343,205.712,-50.949,0.629111,0.775844,-0.047801,-0.777007,0.629403,-0.010566,0.021889,0.043789,0.998801,0,0.88671,0.17129,53.203,0.343,275.000,275.000,-1,425.000,-1,275.000,325.000,375.000,275.000,-1,400.000,250.000,450.000,400.000,725.000,275.000,-1,1,1,2,1,2,1,1,1,0,2,0,0,1,1,1,1,2
63,11322.499,-10637.533,207.547,-50.590,0.633297,0.771437,-0.061806,-0.773330,0.633890,-0.011993,0.029927,0.055392,0.998016,0,0.88864,0.17965,53.318,0.359,250.000,275.000,-1,400.000,-1,275.000,300.000,400.000,250.000,-1,350.000,175.000,400.000,400.000,750.000,250.000,-1,1,1,2,1,2,1,1,1,0,2,0,0,1,1,1,1,2
64,11356.676,-10678.552,209.599,-50.212,0.637421,0.766636,-0.077222,-0.769537,0.638456,-0.013672,0.038821,0.068140,0.996920,0,0.88985,0.18880,53.391,0.378,250.000,275.000,-1,400.000,-1,250.000,300.000,400.000,250.000,-1,325.000,125.000,375.000,400.000,800.000,225.000,-1,1,1,2,1,2,1,1,1,0,2,0,0,1,1,1,1,2
65,11391.154,-10719.347,211.865,-49.815,0.641442,0.761387,-0.094035,-0.765634,0.643086,-0.015655,0.048553,0.082039,0.995446,0,0.89021,0.19885,53.412,0.398,225.000,275.000,-1,375.000,-1,250.000,300.000,425.000,250.000,-1,275.000,100.000,350.000,425.000,-1,250.000,-1,1,1,2,1,2,1,1,1,0,2,0,0,1,1,2,1,2
66,11425.908,-10759.857,214.074,-49.395,0.645465,0.755710,-0.110805,-0.761568,0.647837,-0.017945,0.058223,0.095969,0.993680,0,0.88956,0.20988,53.374,0.420,250.000,275.000,-1,375.000,-1,250.000,300.000,450.000,250.000,-1,250.000,75.000,350.000,425.000,-1,275.000,-1,1,1,2,1,2,1,1,1,0,2,0,0,1,1,2,1,2
67,-6887.289,-9511.015,196.544,22.350,0.924812,-0.380209,0.012796,0.380365,0.924738,-0.013486,-0.006706,0.017339,0.999827,1,0.00000,0.00000,53.264,0.444,-1,400.000,-1,400.000,-1,325.000,325.000,325.000,325.000,-1,-1,-1,-1,825.000,775.000,-1,-1,2,0,2,0,2,0,0,0,0,2,2,2,2,0,0,2,2
68,-6891.720,-9512.859,196.585,22.590,0.923212,-0.384078,0.012794,0.384235,0.923135,-0.013618,-0.006580,0.017489,0.999825,0,-0.08000,0.12000,-4.800,0.240,-1,400.000,-1,400.000,-1,325.000,325.000,325.000,325.000,-1,-1,-1,-1,825.000,775.000,-1,-1,2,0,2,0,2,0,0,0,0,2,2,2,2,0,0,2,2
69,-6900.553,-9516.621,196.667,23.070,0.919963,-0.391796,0.012796,0.391954,0.919880,-0.013889,-0.006329,0.017792,0.999822,0,-0.16000,0.24000,-9.600,0.480,-1,400.000,-1,400.000,-1,325.000,325.000,325.000,325.000,-1,-1,-1,-1,825.000,775.000,-1,-1,2,0,2,0,2,0,0,0,0,2,2,2,2,0,0,2,2
70,-6913.729,-9522.430,196.787,23.790,0.914969,-0.403321,0.012814,0.403481,0.914876,-0.014305,-0.005953,0.018259,0.999816,0,-0.24000,0.36000,-14.400,0.720,-1,400.000,-1,400.000,-1,325.000,325.000,325.000,325.000,-1,-1,-1,-1,825.000,775.000,-1,-1,2,0,2,0,2,0,0,0,0,2,2,2,2,0,0,2,2
71,-6931.175,-9530.449,196.941,24.687,0.908549,-0.417580,0.012865,0.417742,0.908444,-0.014877,-0.005475,0.018891,0.999807,0,-0.32000,0.44821,-19.200,0.896,-1,400.000,-1,400.000,-1,325.000,325.000,325.000,325.000,-1,-1,-1,-1,825.000,775.000,-1,-1,2,0,2,0,2,0,0,0,0,2,2,2,2,0,0,2,2
72,-6952.822,-9540.812,197.120,25.583,0.901907,-0.431735,0.012962,0.431901,0.901786,-0.015610,-0.004950,0.019677,0.999794,0,-0.40000,0.44821,-24.000,0.896,-1,400.000,-1,400.000,-1,325.000,325.000,325.000,325.000,-1,-1,-1,-1,825.000,775.000,-1,-1,2,0,2,0,2,0,0,0,0,2,2,2,2,0,0,2,2
73,-6975.628,-9552.173,197.303,26.479,0.895045,-0.445783,0.013106,0.445954,0.894906,-0.016409,-0.004414,0.020531,0.999779,0,-0.42466,0.44821,-25.479,0.896,-1,400.000,-1,400.000,-1,325.000,325.000,325.000,325.000,-1,-1,-1,-1,825.000,775.000,-1,-1,2,0,2,0,2,0,0,0,0,2,2,2,2,0,0,2,2
74,-6998.254,-9563.888,197.483,27.376,0.887964,-0.459721,0.013294,0.459896,0.887805,-0.017229,-0.003882,0.021413,0.999763,0,-0.42466,0.44821,-25.479,0.896,-1,400.000,-1,400.000,-1,325.000,325.000,325.000,325.000,-1,-1,-1,-1,825.000,775.000,-1,-1,2,0,2,0,2,0,0,0,0,2,2,2,2,0,0,2,2
75,-7020.694,-9575.957,197.658,28.272,0.880666,-0.473545,0.013528,0.473726,0.880487,-0.018070,-0.003355,0.022322,0.999745,0,-0.42466,0.44821,-25.479,0.896,-1,400.000,-1,400.000,-1,325.000,325.000,325.000,325.000,-1,-1,-1,-1,850.000,775.000,-1,-1,2,0,2,0,2,0,0,0,0,2,2,2,2,0,0,2,2
76,-7042.943,-9588.375,197.821,29.169,0.873152,-0.487252,0.013816,0.487439,0.872953,-0.018890,-0.002856,0.023228,0.999726,0,-0.42466,0.44821,-25.479,0.896,-1,400.000,-1,400.000,-1,325.000,325.000,325.000,325.000,-1,-1,-1,-1,850.000,775.000,-1,-1,2,0,2,0,2,0,0,0,0,2,2,2,2,0,0,2,2
77,-7064.994,-9601.140,197.774,30.065,0.865430,-0.500848,0.013460,0.501025,0.865221,-0.019158,-0.002050,0.023324,0.999726,0,-0.42466,0.44821,-25.479,0.896,-1,400.000,-1,400.000,-1,325.000,325.000,325.000,325.000,-1,-1,-1,-1,850.000,775.000,-1,-1,2,0,2,0,2,0,0,0,0,2,2,2,2,0,0,2,2
78,-7086.843,-9614.248,197.698,30.962,0.857498,-0.514323,0.013012,0.514486,0.857279,-0.019418,-0.001168,0.023346,0.999727,0,-0.42466,0.44821,-25.479,0.896,-1,400.000,-1,400.000,-1,325.000,325.000,325.000,325.000,-1,-1,-1,-1,850.000,775.000,-1,-1,2,0,2,0,2,0,0,0,0,2,2,2,2,0,0,2,2
79,-7108.484,-9627.696,197.615,31.858,0.849355,-0.527672,0.012581,0.527822,0.849126,-0.019713,-0.000281,0.023384,0.999727,0,-0.42466,0.44821,-25.479,0.896,-1,400.000,-1,400.000,-1,325.000,325.000,325.000,325.000,-1,-1,-1,-1,850.000,775.000,-1,-1,2,0,2,0,2,0,0,0,0,2,2,2,2,0,0,2,2
80,-7129.912,-9641.481,197.515,32.754,0.841005,-0.540892,0.012116,0.541027,0.840767,-0.020025,0.000644,0.023396,0.999726,0,-0.42466,0.44821,-25.479,0.896,-1,400.000,-1,400.000,-1,325.000,325.000,325.000,325.000,-1,-1,-1,-1,850.000,775.000,-1,-1,2,0,2,0,2,0,0,0,0,2,2,2,2,0,0,2,2
81,-7151.122,-9655.600,197.299,33.651,0.832453,-0.553984,0.011134,0.554093,0.832210,-0.020201,0.001925,0.022985,0.999734,0,-0.42466,0.44821,-25.479,0.896,-1,400.000,-1,400.000,-1,325.000,325.000,325.000,325.000,-1,-1,-1,-1,850.000,800.000,-1,-1,2,0,2,0,2,0,0,0,0,2,2,2,2,0,0,2,2
82,-7172.109,-9670.049,197.078,34.547,0.823695,-0.566941,0.010176,0.567024,0.823448,-0.020431,0.003203,0.022599,0.999739,0,-0.42466,0.44821,-25.479,0.896,-1,400.000,-1,400.000,-1,325.000,325.000,325.000,325.000,-1,-1,-1,-1,850.000,800.000,-1,-1,2,0,2,0,2,0,0,0,0,2,2,2,2,0,0,2,2
83,-7192.866,-9684.825,196.853,35.444,0.814735,-0.579760,0.009244,0.579816,0.814484,-0.020714,0.004480,0.022237,0.999743,0,-0.42466,0.44821,-25.479,0.896,-1,400.000,-1,400.000,-1,325.000,325.000,325.000,325.000,-1,-1,-1,-1,875.000,800.000,-1,-1,2,0,2,0,2,0,0,0,0,2,2,2,2,0,0,2,2
84,-7213.390,-9699.924,196.622,36.340,0.805575,-0.592436,0.008341,0.592466,0.805320,-0.021050,0.005753,0.021899,0.999744,0,-0.42466,0.44821,-25.479,0.896,-1,400.000,-1,400.000,-1,325.000,325.000,325.000,325.000,-1,-1,-1,-1,875.000,800.000,-1,-1,2,0,2,0,2,0,0,0,0,2,2,2,2,0,0,2,2
85,-7233.675,-9715.341,196.386,37.237,0.796216,-0.604966,0.007468,0.604972,0.795958,-0.021437,0.007024,0.021587,0.999742,0,-0.42466,0.44821,-25.479,0.896,-1,400.000,-1,400.000,-1,325.000,325.000,300.000,325.000,-1,-1,-1,-1,875.000,800.000,-1,-1,2,0,2,0,2,0,0,0,0,2,2,2,2,0,0,2,2
86,-7253.717,-9731.075,196.146,38.133,0.786661,-0.617349,0.006628,0.617329,0.786401,-0.021875,0.008292,0.021300,0.999739,0,-0.42466,0.44821,-25.479,0.896,-1,400.000,-1,400.000,-1,325.000,325.000,300.000,325.000,-1,-1,-1,-1,875.000,800.000,-1,-1,2,0,2,0,2,0,0,0,0,2,2,2,2,0,0,2,2
87,-7273.510,-9747.119,195.901,39.029,0.776914,-0.629580,0.005822,0.629535,0.776651,-0.022361,0.009557,0.021038,0.999733,0,-0.42466,0.44821,-25.479,0.896,-1,400.000,-1,400.000,-1,325.000,325.000,300.000,325.000,-1,-1,-1,-1,875.000,800.000,-1,-1,2,0,2,0,2,0,0,0,0,2,2,2,2,0,0,2,2
88,-7293.049,-9763.472,195.651,39.926,0.766975,-0.641657,0.005052,0.641586,0.766710,-0.022896,0.010818,0.020802,0.999725,0,-0.42466,0.44821,-25.479,0.896,-1,400.000,-1,400.000,-1,325.000,325.000,300.000,325.000,-1,-1,-1,-1,875.000,825.000,-1,-1,2,0,2,0,2,0,0,0,0,2,2,2,2,0,0,2,2
89,-7312.331,-9780.128,195.316,40.822,0.756851,-0.653572,0.004513,0.653476,0.756576,-0.023708,0.012081,0.020892,0.999709,0,-0.42466,0.44821,-25.479,0.896,-1,400.000,-1,400.000,-1,325.000,325.000,300.000,325.000,-1,-1,-1,-1,875.000,825.000,-1,-1,2,0,2,0,2,0,0,0,0,2,2,2,2,0,0,2,2
90,-7331.349,-9797.084,194.919,41.719,0.746543,-0.665324,0.004036,0.665200,0.746253,-0.024822,0.013503,0.021215,0.999684,0,-0.42466,0.44821,-25.479,0.896,-1,425.000,-1,400.000,-1,325.000,325.000,300.000,325.000,-1,-1,-1,-1,900.000,825.000,-1,-1,2,0,2,0,2,0,0,0,0,2,2,2,2,0,0,2,2
91,-7350.100,-9814.335,194.519,42.615,0.736054,-0.676913,0.003610,0.676758,0.735747,-0.025977,0.014928,0.021563,0.999656,0,-0.42466,0.44821,-25.479,0.896,-1,425.000,-1,400.000,-1,325.000,325.000,300.000,325.000,-1,-1,-1,-1,900.000,825.000,-1,-1,2,0,2,0,2,0,0,0,0,2,2,2,2,0,0,2,2
92,-7368.579,-9831.878,194.114,43.512,0.725385,-0.688335,0.003236,0.688149,0.725061,-0.027170,0.016356,0.021936,0.999626,0,-0.42466,0.44821,-25.479,0.896,-1,425.000,-1,400.000,-1,325.000,325.000,300.000,325.000,-1,-1,-1,-1,900.000,825.000,-1,-1,2,0,2,0,2,0,0,0,0,2,2,2,2,0,0,2,2
93,-7386.781,-9849.707,193.705,44.408,0.714540,-0.699588,0.002917,0.699368,0.714197,-0.028400,0.017785,0.022333,0.999592,0,-0.42466,0.44821,-25.479,0.896,-1,425.000,-1,400.000,-1,325.000,325.000,300.000,325.000,-1,-1,-1,-1,900.000,825.000,-1,-1,2,0,2,0,2,0,0,0,0,2,2,2,2,0,0,2,2
94,-7401.264,-9864.468,193.365,45.544,0.700536,-0.713612,0.002699,0.713360,0.700178,-0.029484,0.019150,0.022580,0.999562,0,-0.34466,0.56821,-20.679,1.136,-1,425.000,-1,400.000,-1,325.000,325.000,300.000,325.000,-1,-1,-1,-1,925.000,850.000,-1,-1,2,0,2,0,2,0,0,0,0,2,2,2,2,0,0,2,2
95,-7412.110,-9876.066,193.098,46.921,0.683204,-0.730223,0.002585,0.729942,0.682833,-0.030414,0.020444,0.022666,0.999534,0,-0.26466,0.68821,-15.879,1.376,-1,425.000,-1,400.000,-1,325.000,325.000,300.000,300.000,-1,-1,-1,-1,925.000,850.000,-1,-1,2,0,2,0,2,0,0,0,0,2,2,2,2,0,0,2,2
96,-7419.479,-9884.339,192.908,48.307,0.665349,-0.746528,0.002558,0.746222,0.664969,-0.031145,0.021549,0.022631,0.999512,0,-0.18466,0.69308,-11.079,1.386,-1,425.000,-1,400.000,-1,325.000,325.000,300.000,300.000,-1,-1,-1,-1,925.000,850.000,-1,-1,2,0,2,0,2,0,0,0,0,2,2,2,2,0,0,2,2
97,-7423.541,-9889.128,192.802,49.693,0.647102,-0.762399,0.002596,0.762072,0.646717,-0.031657,0.022456,0.022464,0.999495,0,-0.10466,0.69308,-6.279,1.386,-1,425.000,-1,400.000,-1,325.000,325.000,300.000,300.000,-1,-1,-1,-1,925.000,850.000,-1,-1,2,0,2,0,2,0,0,0,0,2,2,2,2,0,0,2,2
98,-7424.470,-9890.279,192.782,51.079,0.628474,-0.777826,0.002673,0.777485,0.628090,-0.031934,0.023160,0.022148,0.999486,0,-0.02466,0.69308,-1.479,1.386,-1,425.000,-1,400.000,-1,325.000,325.000,300.000,300.000,-1,-1,-1,-1,950.000,850.000,-1,-1,2,0,2,0,2,0,0,0,0,2,2,2,2,0,0,2,2
99,-7422.447,-9887.646,192.856,52.465,0.609475,-0.792800,0.002762,0.792452,0.609096,-0.031962,0.023658,0.021669,0.999485,0,0.05534,0.69308,3.321,1.386,-1,425.000,-1,400.000,-1,325.000,325.000,300.000,300.000,-1,-1,-1,-1,950.000,850.000,-1,-1,2,0,2,0,2,0,0,0,0,2,2,2,2,0,0,2,2
100,-7417.657,-9881.089,193.026,53.852,0.590115,-0.807314,0.002834,0.806964,0.589748,-0.031730,0.023945,0.021012,0.999492,0,0.13534,0.69308,8.121,1.386,-1,425.000,-1,400.000,-1,325.000,325.000,300.000,300.000,-1,-1,-1,-1,950.000,875.000,-1,-1,2,0,2,0,2,0,0,0,0,2,2,2,2,0,0,2,2
101,-7410.290,-9870.474,193.300,55.238,0.570405,-0.821359,0.002863,0.821012,0.570056,-0.031227,0.024016,0.020162,0.999508,0,0.21534,0.69308,12.921,1.386,-1,425.000,-1,400.000,-1,325.000,325.000,300.000,300.000,-1,-1,-1,-1,950.000,875.000,-1,-1,2,0,2,0,2,0,0,0,0,2,2,2,2,0,0,2,2
102,-7400.541,-9855.676,193.681,56.624,0.550356,-0.834926,0.002817,0.834589,0.550031,-0.030444,0.023869,0.019106,0.999533,0,0.29534,0.69308,17.721,1.386,-1,425.000,-1,400.000,-1,325.000,325.000,300.000,300.000,-1,-1,-1,-1,950.000,875.000,-1,-1,2,0,2,0,2,0,0,0,0,2,2,2,2,0,0,2,2
103,-7388.610,-9836.576,194.176,58.010,0.529978,-0.848007,0.002668,0.847686,0.529685,-0.029376,0.023498,0.017830,0.999565,0,0.37534,0.69308,22.521,1.386,-1,425.000,-1,400.000,-1,325.000,325.000,300.000,300.000,-1,-1,-1,-1,950.000,875.000,-1,-1,2,0,2,0,2,0,0,0,0,2,2,2,2,0,0,2,2
104,-7374.701,-9813.061,194.791,59.396,0.509285,-0.860594,0.002384,0.860293,0.509029,-0.028019,0.022900,0.016321,0.999605,0,0.45534,0.69308,27.321,1.386,-1,425.000,-1,400.000,-1,325.000,325.000,300.000,300.000,-1,-1,-1,-1,950.000,875.000,-1,-1,2,0,2,0,2,0,0,0,0,2,2,2,2,0,0,2,2
105,-7359.022,-9785.027,195.530,60.782,0.488289,-0.872680,0.001935,0.872403,0.488075,-0.026371,0.022069,0.014565,0.999650,0,0.53534,0.69308,32.121,1.386,-1,425.000,-1,400.000,-1,350.000,325.000,300.000,325.000,-1,-1,-1,-1,950.000,875.000,-1,-1,2,0,2,0,2,0,0,0,0,2,2,2,2,0,0,2,2
106,-7342.555,-9753.838,196.277,62.169,0.467009,-0.884251,0.001479,0.883995,0.466832,-0.024897,0.021325,0.012934,0.999689,0,0.58783,0.69308,35.270,1.386,-1,425.000,-1,425.000,-1,350.000,325.000,300.000,325.000,-1,-1,-1,-1,950.000,900.000,-1,-1,2,0,2,0,2,0,0,0,0,2,2,2,2,0,0,2,2
107,-7326.848,-9722.259,196.954,63.555,0.445462,-0.895300,0.001105,0.895059,0.445312,-0.023817,0.020831,0.011598,0.999716,0,0.58783,0.69308,35.270,1.386,-1,425.000,-1,425.000,-1,350.000,350.000,300.000,325.000,-1,-1,-1,-1,950.000,900.000,-1,-1,2,0,2,0,2,0,0,0,0,2,2,2,2,0,0,2,2
108,-7311.909,-9690.309,197.537,64.941,0.423661,-0.905820,0.001180,0.905601,0.423528,-0.022610,0.019981,0.010647,0.999744,0,0.58783,0.69308,35.270,1.386,-1,425.000,-1,425.000,-1,350.000,350.000,300.000,325.000,-1,-1,-1,-1,950.000,900.000,-1,-1,2,0,2,0,2,0,0,0,0,2,2,2,2,0,0,2,2
109,-7297.748,-9658.007,197.842,66.327,0.401628,-0.915799,0.002540,0.915622,0.401492,-0.021016,0.018227,0.010766,0.999776,0,0.58783,0.69308,35.270,1.386,-1,425.000,-1,425.000,-1,350.000,325.000,300.000,325.000,-1,-1,-1,-1,925.000,900.000,-1,-1,2,0,2,0,2,0,0,0,0,2,2,2,2,0,0,2,2
110,-7284.372,-9625.372,198.163,67.713,0.379356,-0.925243,0.003807,0.925105,0.379220,-0.019338,0.016448,0.010857,0.999806,0,0.58783,0.69308,35.270,1.386,-1,425.000,-1,425.000,-1,350.000,325.000,300.000,300.000,-1,-1,-1,-1,925.000,875.000,-1,-1,2,0,2,0,2,0,0,0,0,2,2,2,2,0,0,2,2
111,-7271.789,-9592.423,198.500,69.099,0.356859,-0.934145,0.004975,0.934044,0.356726,-0.017578,0.014646,0.010920,0.999833,0,0.58783,0.69308,35.270,1.386,-1,425.000,-1,425.000,-1,325.000,325.000,300.000,300.000,-1,-1,-1,-1,925.000,875.000,-1,-1,2,0,2,0,2,0,0,0,0,2,2,2,2,0,0,2,2
112,-7260.008,-9559.180,198.853,70.486,0.334149,-0.942501,0.006043,0.942433,0.334024,-0.015743,0.012819,0.010955,0.999858,0,0.58783,0.69308,35.270,1.386,-1,425.000,-1,400.000,-1,325.000,325.000,300.000,300.000,-1,-1,-1,-1,900.000,875.000,-1,-1,2,0,2,0,2,0,0,0,0,2,2,2,2,0,0,2,2
113,-7249.034,-9525.661,199.220,71.872,0.311241,-0.950305,0.007005,0.950268,0.311127,-0.013838,0.010971,0.010963,0.999880,0,0.58783,0.69308,35.270,1.386,-1,425.000,-1,400.000,-1,325.000,325.000,300.000,300.000,-1,-1,-1,-1,900.000,850.000,-1,-1,2,0,2,0,2,0,0,0,0,2,2,2,2,0,0,2,2
114,-7238.874,-9491.886,199.601,73.258,0.288148,-0.957554,0.007858,0.957543,0.288047,-0.011868,0.009101,0.010944,0.999899,0,0.58783,0.69308,35.270,1.386,-1,425.000,-1,400.000,-1,325.000,325.000,300.000,300.000,-1,-1,-1,-1,900.000,850.000,-1,-1,2,0,2,0,2,0,0,0,0,2,2,2,2,0,0,2,2
115,-7228.101,-9453.292,200.053,74.404,0.268918,-0.963124,0.008675,0.963138,0.268836,-0.009578,0.006893,0.010931,0.999916,0,0.66783,0.57308,40.070,1.146,-1,425.000,-1,400.000,-1,325.000,325.000,325.000,300.000,-1,-1,-1,-1,875.000,850.000,-1,-1,2,0,2,0,2,0,0,0,0,2,2,2,2,0,0,2,2
116,-7216.722,-9409.889,200.575,75.310,0.253629,-0.967255,0.009466,0.967292,0.253570,-0.006980,0.004351,0.010927,0.999931,0,0.74783,0.45308,44.870,0.906,-1,425.000,-1,400.000,-1,325.000,325.000,325.000,300.000,-1,-1,-1,-1,875.000,825.000,-1,-1,2,0,2,0,2,0,0,0,0,2,2,2,2,0,0,2,2
117,-7204.686,-9361.700,201.165,75.976,0.242337,-0.970138,0.010249,0.970191,0.242308,-0.004085,0.001480,0.010933,0.999939,0,0.82783,0.33308,49.670,0.666,-1,400.000,-1,400.000,-1,325.000,325.000,325.000,300.000,-1,-1,-1,-1,850.000,825.000,-1,-1,2,0,2,0,2,0,0,0,0,2,2,2,2,0,0,2,2
118,-7191.904,-9308.854,201.726,76.403,0.235083,-0.971915,0.010803,0.971974,0.235086,-0.001028,-0.001541,0.010742,0.999941,0,0.90616,0.21308,54.369,0.426,-1,400.000,-1,400.000,-1,325.000,325.000,325.000,300.000,-1,-1,-1,-1,850.000,800.000,-1,-1,2,0,2,0,2,0,0,0,0,2,2,2,2,0,0,2,2
119,-7179.293,-9255.967,202.235,76.589,0.231893,-0.972678,0.011095,0.972731,0.231928,0.001902,-0.004423,0.010351,0.999937,0,0.90616,0.09308,54.369,0.186,-1,400.000,-1,400.000,-1,325.000,325.000,325.000,300.000,-1,-1,-1,-1,825.000,800.000,-1,-1,2,0,2,0,2,0,0,0,0,2,2,2,2,0,0,2,2
120,-7166.633,-9203.092,202.254,76.535,0.232801,-0.972481,0.009216,0.972504,0.232846,0.004213,-0.006243,0.007982,0.999949,0,0.90616,-0.02692,54.369,-0.054,-1,400.000,-1,400.000,-1,325.000,325.000,325.000,300.000,-1,-1,-1,-1,825.000,800.000,-1,-1,2,0,2,0,2,0,0,0,0,2,2,2,2,0,0,2,2
121,-7153.702,-9150.283,202.211,76.241,0.237787,-0.971291,0.007189,0.971282,0.237835,0.006742,-0.008259,0.005379,0.999951,0,0.90616,-0.14692,54.369,-0.294,-1,400.000,-1,400.000,-1,325.000,325.000,300.000,300.000,-1,-1,-1,-1,800.000,800.000,-1,-1,2,0,2,0,2,0,0,0,0,2,2,2,2,0,0,2,2
122,-7140.279,-9097.597,201.684,75.707,0.246828,-0.969037,0.006626,0.969016,0.246875,0.007726,-0.009122,0.004514,0.999948,0,0.90616,-0.26692,54.369,-0.534,-1,400.000,-1,400.000,-1,325.000,325.000,300.000,300.000,-1,-1,-1,-1,800.000,800.000,-1,-1,2,0,2,0,2,0,0,0,0,2,2,2,2,0,0,2,2
123,-7126.146,-9045.096,200.953,74.933,0.259887,-0.965615,0.006834,0.965586,0.259940,0.008632,-0.010111,0.004356,0.999939,0,0.90616,-0.38692,54.369,-0.774,-1,400.000,-1,400.000,-1,325.000,325.000,300.000,300.000,-1,-1,-1,-1,775.000,800.000,-1,-1,2,0,2,0,2,0,0,0,0,2,2,2,2,0,0,2,2
124,-7111.136,-8992.840,200.223,73.974,0.276012,-0.961128,0.007060,0.961090,0.276071,0.009530,-0.011109,0.004155,0.999930,0,0.90616,-0.47967,54.369,-0.959,-1,400.000,-1,400.000,-1,325.000,325.000,300.000,300.000,-1,-1,-1,-1,775.000,775.000,-1,-1,2,0,2,0,2,0,0,0,0,2,2,2,2,0,0,2,2
125,-7095.253,-8940.842,199.495,73.015,0.292060,-0.956372,0.007309,0.956323,0.292125,0.010416,-0.012097,0.003948,0.999919,0,0.90616,-0.47967,54.369,-0.959,-1,400.000,-1,400.000,-1,325.000,325.000,300.000,300.000,-1,-1,-1,-1,775.000,775.000,-1,-1,2,0,2,0,2,0,0,0,0,2,2,2,2,0,0,2,2
126,-7078.502,-8889.117,198.769,72.055,0.308026,-0.951348,0.007580,0.951288,0.308097,0.011288,-0.013074,0.003734,0.999908,0,0.90616,-0.47967,54.369,-0.959,-1,400.000,-1,400.000,-1,325.000,325.000,300.000,300.000,-1,-1,-1,-1,775.000,775.000,-1,-1,2,0,2,0,2,0,0,0,0,2,2,2,2,0,0,2,2
127,-7060.887,-8837.680,198.046,71.096,0.323906,-0.946057,0.007872,0.945985,0.323982,0.012147,-0.014042,0.003512,0.999895,0,0.90616,-0.47967,54.369,-0.959,-1,400.000,-1,400.000,-1,325.000,325.000,300.000,300.000,-1,-1,-1,-1,775.000,775.000,-1,-1,2,0,2,0,2,0,0,0,0,2,2,2,2,0,0,2,2
128,-7042.414,-8786.545,197.326,70.137,0.339694,-0.940500,0.008183,0.940416,0.339777,0.012993,-0.015000,0.003282,0.999882,0,0.90616,-0.47967,54.369,-0.959,-1,400.000,-1,400.000,-1,325.000,325.000,300.000,300.000,-1,-1,-1,-1,750.000,775.000,-1,-1,2,0,2,0,2,0,0,0,0,2,2,2,2,0,0,2,2
129,-7023.086,-8735.727,196.611,69.177,0.355388,-0.934680,0.008514,0.934583,0.355477,0.013825,-0.015948,0.003043,0.999868,0,0.90616,-0.47967,54.369,-0.959,-1,400.000,-1,400.000,-1,325.000,325.000,300.000,300.000,-1,-1,-1,-1,750.000,750.000,-1,-1,2,0,2,0,2,0,0,0,0,2,2,2,2,0,0,2,2
130,-7002.911,-8685.239,195.900,68.218,0.370981,-0.928598,0.008863,0.928487,0.371076,0.014644,-0.016887,0.002796,0.999853,0,0.90616,-0.47967,54.369,-0.959,-1,400.000,-1,400.000,-1,325.000,325.000,300.000,300.000,-1,-1,-1,-1,750.000,750.000,-1,-1,2,0,2,0,2,0,0,0,0,2,2,2,2,0,0,2,2
131,-6981.893,-8635.097,195.103,67.259,0.386477,-0.922256,0.008903,0.922133,0.386572,0.015272,-0.017526,0.002308,0.999844,0,0.90616,-0.47967,54.369,-0.959,-1,400.000,-1,400.000,-1,325.000,325.000,300.000,300.000,-1,-1,-1,-1,750.000,750.000,-1,-1,2,0,2,0,2,0,0,0,0,2,2,2,2,0,0,2,2
132,-6960.039,-8585.313,194.260,66.299,0.401869,-0.915656,0.008730,0.915525,0.401960,0.015578,-0.017773,0.001732,0.999841,0,0.90616,-0.47967,54.369,-0.959,-1,400.000,-1,400.000,-1,325.000,325.000,300.000,300.000,-1,-1,-1,-1,750.000,750.000,-1,-1,2,0,2,0,2,0,0,0,0,2,2,2,2,0,0,2,2
133,-6937.354,-8535.902,193.469,65.340,0.417147,-0.908798,0.008665,0.908664,0.417235,0.015661,-0.017848,0.001340,0.999840,0,0.90616,-0.47967,54.369,-0.959,-1,400.000,-1,400.000,-1,325.000,325.000,300.000,300.000,-1,-1,-1,-1,750.000,750.000,-1,-1,2,0,2,0,2,0,0,0,0,2,2,2,2,0,0,2,2
134,-6913.845,-8486.878,192.676,64.381,0.432308,-0.901685,0.008568,0.901547,0.432392,0.015779,-0.017932,0.000903,0.999839,0,0.90616,-0.47967,54.369,-0.959,-1,400.000,-1,400.000,-1,325.000,325.000,300.000,300.000,-1,-1,-1,-1,750.000,750.000,-1,-1,2,0,2,0,2,0,0,0,0,2,2,2,2,0,0,2,2
135,-6889.519,-8438.254,191.811,63.421,0.447347,-0.894319,0.008575,0.894183,0.447429,0.015646,-0.017829,0.000668,0.999841,0,0.90616,-0.47967,54.369,-0.959,-1,400.000,-1,400.000,-1,325.000,325.000,300.000,300.000,-1,-1,-1,-1,750.000,750.000,-1,-1,2,0,2,0,2,0,0,0,0,2,2,2,2,0,0,2,2
136,-6864.381,-8390.045,190.861,62.462,0.462258,-0.886703,0.008699,0.886573,0.462340,0.015194,-0.017495,0.000689,0.999847,0,0.90616,-0.47967,54.369,-0.959,-1,400.000,-1,400.000,-1,325.000,325.000,300.000,300.000,-1,-1,-1,-1,750.000,750.000,-1,-1,2,0,2,0,2,0,0,0,0,2,2,2,2,0,0,2,2
137,-6838.441,-8342.263,189.927,61.502,0.477042,-0.878837,0.008698,0.878713,0.477121,0.014772,-0.017132,0.000596,0.999853,0,0.90616,-0.47967,54.369,-0.959,-1,400.000,-1,400.000,-1,325.000,325.000,300.000,300.000,-1,-1,-1,-1,750.000,750.000,-1,-1,2,0,2,0,2,0,0,0,0,2,2,2,2,0,0,2,2
138,-6811.703,-8294.922,188.997,60.543,0.491693,-0.870726,0.008617,0.870607,0.491768,0.014395,-0.016772,0.000424,0.999859,0,0.90616,-0.47967,54.369,-0.959,-1,400.000,-1,400.000,-1,325.000,325.000,300.000,300.000,-1,-1,-1,-1,750.000,750.000,-1,-1,2,0,2,0,2,0,0,0,0,2,2,2,2,0,0,2,2
