timestep,x_cm,y_cm,z_cm,yaw_deg,basis_xx,basis_xy,basis_xz,basis_yx,basis_yy,basis_yz,basis_zx,basis_zy,basis_zz,teleport_flag,throttle_cmd,steering_cmd,cmd_move_cm,cmd_turn_deg,lidar_cm_0,lidar_cm_1,lidar_cm_2,lidar_cm_3,lidar_cm_4,lidar_cm_5,lidar_cm_6,lidar_cm_7,lidar_cm_8,lidar_cm_9,lidar_cm_10,lidar_cm_11,lidar_cm_12,lidar_cm_13,lidar_cm_14,lidar_cm_15,lidar_cm_16,lidar_class_0,lidar_class_1,lidar_class_2,lidar_class_3,lidar_class_4,lidar_class_5,lidar_class_6,lidar_class_7,lidar_class_8,lidar_class_9,lidar_class_10,lidar_class_11,lidar_class_12,lidar_class_13,lidar_class_14,lidar_class_15,lidar_class_16
0,-326.878,2947.019,-195.176,-76.912,0.226145,0.973955,-0.016449,-0.973853,0.226432,0.018395,0.021641,0.011859,0.999695,1,0.08000,0.12000,4.800,0.240,-1,400.000,-1,400.000,-1,325.000,325.000,300.000,300.000,-1,-1,-1,-1,775.000,800.000,-1,-1,2,0,2,0,2,0,0,0,0,2,2,2,2,0,0,2,2
1,-324.625,2937.687,-194.959,-76.432,0.234299,0.972025,-0.016460,-0.971923,0.234584,0.018316,0.021664,0.011706,0.999697,0,0.16000,0.24000,9.600,0.480,-1,400.000,-1,400.000,-1,325.000,325.000,300.000,300.000,-1,-1,-1,-1,775.000,800.000,-1,-1,2,0,2,0,2,0,0,0,0,2,2,2,2,0,0,2,2
2,-321.072,2923.733,-194.630,-75.712,0.246498,0.969003,-0.016473,-0.968900,0.246781,0.018200,0.021701,0.011474,0.999699,0,0.24000,0.36000,14.400,0.720,-1,400.000,-1,400.000,-1,325.000,325.000,300.000,300.000,-1,-1,-1,-1,775.000,800.000,-1,-1,2,0,2,0,2,0,0,0,0,2,2,2,2,0,0,2,2
3,-316.022,2905.209,-194.186,-74.752,0.262702,0.964736,-0.016486,-0.964632,0.262982,0.018054,0.021753,0.011160,0.999701,0,0.32000,0.48000,19.200,0.960,-1,400.000,-1,400.000,-1,325.000,325.000,300.000,300.000,-1,-1,-1,-1,775.000,800.000,-1,-1,2,0,2,0,2,0,0,0,0,2,2,2,2,0,0,2,2
4,-309.265,2882.179,-193.623,-73.648,0.281250,0.959493,-0.016502,-0.959387,0.281526,0.017882,0.021803,0.010802,0.999704,0,0.40000,0.55212,24.000,1.104,-1,400.000,-1,400.000,-1,325.000,325.000,300.000,300.000,-1,-1,-1,-1,775.000,800.000,-1,-1,2,0,2,0,2,0,0,0,0,2,2,2,2,0,0,2,2
5,-300.626,2854.706,-192.939,-72.543,0.299693,0.953893,-0.016527,-0.953786,0.299966,0.017683,0.021825,0.010464,0.999707,0,0.48000,0.55212,28.800,1.104,-1,400.000,-1,400.000,-1,325.000,325.000,300.000,300.000,-1,-1,-1,-1,775.000,800.000,-1,-1,2,0,2,0,2,0,0,0,0,2,2,2,2,0,0,2,2
6,-289.930,2822.854,-192.129,-71.439,0.318025,0.947938,-0.016557,-0.947831,0.318294,0.017467,0.021828,0.010139,0.999710,0,0.56000,0.55212,33.600,1.104,-1,400.000,-1,400.000,-1,325.000,325.000,300.000,300.000,-1,-1,-1,-1,775.000,800.000,-1,-1,2,0,2,0,2,0,0,0,0,2,2,2,2,0,0,2,2
7,-277.008,2786.693,-191.190,-70.335,0.336238,0.941631,-0.016586,-0.941524,0.336504,0.017244,0.021818,0.009818,0.999714,0,0.64000,0.55212,38.400,1.104,-1,400.000,-1,400.000,-1,325.000,325.000,300.000,300.000,-1,-1,-1,-1,775.000,800.000,-1,-1,2,0,2,0,2,0,0,0,0,2,2,2,2,0,0,2,2
8,-261.689,2746.300,-190.119,-69.231,0.354327,0.934974,-0.016604,-0.934867,0.354589,0.017027,0.021807,0.009490,0.999717,0,0.72000,0.55212,43.200,1.104,-1,400.000,-1,400.000,-1,325.000,325.000,300.000,300.000,-1,-1,-1,-1,775.000,800.000,-1,-1,2,0,2,0,2,0,0,0,0,2,2,2,2,0,0,2,2
9,-243.806,2701.756,-189.027,-68.127,0.372270,0.927966,-0.017131,-0.927860,0.372541,0.016990,0.022148,0.009571,0.999709,0,0.80000,0.55212,48.000,1.104,-1,400.000,-1,400.000,-1,325.000,325.000,300.000,300.000,-1,-1,-1,-1,775.000,825.000,-1,-1,2,0,2,0,2,0,0,0,0,2,2,2,2,0,0,2,2
10,-225.012,2657.431,-188.026,-67.022,0.390071,0.920610,-0.017913,-0.920516,0.390354,0.016578,0.022255,0.010022,0.999702,0,0.80242,0.55212,48.145,1.104,-1,400.000,-1,400.000,-1,325.000,325.000,300.000,300.000,-1,-1,-1,-1,800.000,825.000,-1,-1,2,0,2,0,2,0,0,0,0,2,2,2,2,0,0,2,2
11,-205.367,2613.477,-187.051,-65.918,0.407728,0.912911,-0.018734,-0.912834,0.408020,0.015953,0.022208,0.010596,0.999697,0,0.80242,0.55212,48.145,1.104,-1,400.000,-1,400.000,-1,325.000,325.000,300.000,300.000,-1,-1,-1,-1,800.000,825.000,-1,-1,2,0,2,0,2,0,0,0,0,2,2,2,2,0,0,2,2
12,-184.878,2569.909,-186.061,-64.814,0.425234,0.904874,-0.019487,-0.904813,0.425535,0.015299,0.022136,0.011126,0.999693,0,0.80242,0.55212,48.145,1.104,-1,400.000,-1,400.000,-1,325.000,325.000,300.000,300.000,-1,-1,-1,-1,800.000,825.000,-1,-1,2,0,2,0,2,0,0,0,0,2,2,2,2,0,0,2,2
13,-163.553,2526.744,-185.073,-63.710,0.442585,0.896501,-0.020125,-0.896454,0.442892,0.014707,0.022098,0.011533,0.999689,0,0.80242,0.55212,48.145,1.104,-1,400.000,-1,400.000,-1,325.000,325.000,300.000,300.000,-1,-1,-1,-1,800.000,825.000,-1,-1,2,0,2,0,2,0,0,0,0,2,2,2,2,0,0,2,2
14,-141.401,2483.999,-184.091,-62.605,0.459773,0.887796,-0.020643,-0.887761,0.460085,0.014198,0.022103,0.011799,0.999686,0,0.80242,0.55212,48.145,1.104,-1,400.000,-1,400.000,-1,325.000,325.000,300.000,300.000,-1,-1,-1,-1,800.000,825.000,-1,-1,2,0,2,0,2,0,0,0,0,2,2,2,2,0,0,2,2
15,-118.176,2441.197,-183.106,-61.515,0.476581,0.878881,-0.020956,-0.878856,0.476892,0.013638,0.021980,0.011918,0.999687,0,0.81161,0.54508,48.697,1.090,-1,400.000,-1,400.000,-1,325.000,325.000,300.000,300.000,-1,-1,-1,-1,800.000,850.000,-1,-1,2,0,2,0,2,0,0,0,0,2,2,2,2,0,0,2,2
16,-93.860,2398.318,-182.146,-60.443,0.492959,0.869801,-0.020905,-0.869784,0.493262,0.013012,0.021630,0.011768,0.999697,0,0.82157,0.53631,49.294,1.073,-1,400.000,-1,400.000,-1,325.000,325.000,300.000,300.000,-1,-1,-1,-1,825.000,850.000,-1,-1,2,0,2,0,2,0,0,0,0,2,2,2,2,0,0,2,2
17,-68.472,2355.408,-181.156,-59.389,0.508878,0.860588,-0.020775,-0.860577,0.509170,0.012383,0.021235,0.011578,0.999707,0,0.83096,0.52670,49.858,1.053,-1,400.000,-1,400.000,-1,325.000,325.000,300.000,300.000,-1,-1,-1,-1,825.000,850.000,-1,-1,2,0,2,0,2,0,0,0,0,2,2,2,2,0,0,2,2
18,-42.040,2312.516,-180.154,-58.357,0.524320,0.851276,-0.020460,-0.851269,0.524598,0.011741,0.020728,0.011261,0.999722,0,0.83972,0.51628,50.383,1.033,-1,400.000,-1,400.000,-1,325.000,325.000,300.000,300.000,-1,-1,-1,-1,825.000,850.000,-1,-1,2,0,2,0,2,0,0,0,0,2,2,2,2,0,0,2,2
19,-14.594,2269.689,-179.132,-57.346,0.539264,0.841899,-0.020012,-0.841896,0.539525,0.011102,0.020144,0.010861,0.999738,0,0.84778,0.50504,50.867,1.010,-1,400.000,-1,400.000,-1,325.000,325.000,300.000,300.000,-1,-1,-1,-1,825.000,850.000,-1,-1,2,0,2,0,2,0,0,0,0,2,2,2,2,0,0,2,2
20,13.826,2226.976,-178.088,-56.360,0.553693,0.832494,-0.019427,-0.832493,0.553937,0.010473,0.019480,0.010374,0.999756,0,0.85507,0.49302,51.304,0.986,-1,400.000,-1,400.000,-1,325.000,325.000,300.000,300.000,-1,-1,-1,-1,825.000,850.000,-1,-1,2,0,2,0,2,0,0,0,0,2,2,2,2,0,0,2,2
21,43.179,2184.426,-177.025,-55.400,0.567594,0.823096,-0.018700,-0.823096,0.567817,0.009861,0.018735,0.009795,0.999777,0,0.86153,0.48025,51.692,0.960,-1,400.000,-1,400.000,-1,325.000,325.000,300.000,300.000,-1,-1,-1,-1,825.000,850.000,-1,-1,2,0,2,0,2,0,0,0,0,2,2,2,2,0,0,2,2
22,73.416,2142.089,-176.061,-54.466,0.580941,0.813738,-0.018377,-0.813741,0.581153,0.009301,0.018249,0.009551,0.999788,0,0.86711,0.46676,52.026,0.934,-1,400.000,-1,400.000,-1,325.000,325.000,300.000,300.000,-1,-1,-1,-1,825.000,850.000,-1,-1,2,0,2,0,2,0,0,0,0,2,2,2,2,0,0,2,2
23,104.483,2100.010,-175.136,-53.561,0.593734,0.804456,-0.018174,-0.804464,0.593937,0.008763,0.017844,0.009418,0.999796,0,0.87175,0.45261,52.305,0.905,-1,400.000,-1,400.000,-1,325.000,325.000,300.000,300.000,-1,-1,-1,-1,825.000,850.000,-1,-1,2,0,2,0,2,0,0,0,0,2,2,2,2,0,0,2,2
24,136.323,2058.236,-174.212,-52.686,0.605970,0.795286,-0.017895,-0.795297,0.606163,0.008237,0.017398,0.009240,0.999806,0,0.87541,0.43785,52.525,0.876,-1,400.000,-1,400.000,-1,325.000,325.000,300.000,300.000,-1,-1,-1,-1,825.000,850.000,-1,-1,2,0,2,0,2,0,0,0,0,2,2,2,2,0,0,2,2
25,168.874,2016.811,-173.462,-51.840,0.617646,0.786256,-0.017730,-0.786285,0.617825,0.006922,0.016396,0.009665,0.999819,0,0.87806,0.42254,52.684,0.845,-1,400.000,-1,400.000,-1,325.000,325.000,300.000,300.000,-1,-1,-1,-1,800.000,850.000,-1,-1,2,0,2,0,2,0,0,0,0,2,2,2,2,0,0,2,2
26,202.070,1975.778,-172.776,-51.027,0.628762,0.777400,-0.017529,-0.777450,0.628923,0.005338,0.015174,0.010271,0.999832,0,0.87967,0.40678,52.780,0.814,-1,400.000,-1,400.000,-1,325.000,325.000,300.000,300.000,-1,-1,-1,-1,800.000,825.000,-1,-1,2,0,2,0,2,0,0,0,0,2,2,2,2,0,0,2,2
27,235.844,1935.175,-172.090,-50.246,0.639320,0.768748,-0.017219,-0.768814,0.639461,0.003798,0.013930,0.010810,0.999845,0,0.88023,0.39064,52.814,0.781,-1,400.000,-1,400.000,-1,325.000,325.000,300.000,300.000,-1,-1,-1,-1,800.000,825.000,-1,-1,2,0,2,0,2,0,0,0,0,2,2,2,2,0,0,2,2
28,270.128,1895.038,-171.404,-49.497,0.649325,0.760325,-0.016805,-0.760405,0.649445,0.002307,0.012668,0.011281,0.999856,0,0.87975,0.37423,52.785,0.748,-1,400.000,-1,400.000,-1,325.000,325.000,300.000,300.000,-1,-1,-1,-1,800.000,800.000,-1,-1,2,0,2,0,2,0,0,0,0,2,2,2,2,0,0,2,2
29,304.850,1855.401,-170.790,-48.782,0.658784,0.752156,-0.016259,-0.752244,0.658884,0.001050,0.011503,0.011539,0.999867,0,0.87825,0.35764,52.695,0.715,-1,400.000,-1,400.000,-1,325.000,325.000,300.000,300.000,-1,-1,-1,-1,775.000,800.000,-1,-1,2,0,2,0,2,0,0,0,0,2,2,2,2,0,0,2,2
30,343.092,1812.469,-170.259,-48.307,0.665022,0.746661,-0.015602,-0.746756,0.665098,-0.000442,0.010047,0.011945,0.999878,0,0.95825,0.23764,57.495,0.475,-1,400.000,-1,400.000,-1,325.000,325.000,300.000,300.000,-1,-1,-1,-1,775.000,800.000,-1,-1,2,0,2,0,2,0,0,0,0,2,2,2,2,0,0,2,2
31,381.920,1769.275,-169.742,-48.047,0.668422,0.743635,-0.014824,-0.743733,0.668475,-0.001736,0.008619,0.012185,0.999889,0,0.96800,0.12992,58.080,0.260,-1,400.000,-1,400.000,-1,325.000,325.000,300.000,300.000,-1,-1,-1,-1,750.000,775.000,-1,-1,2,0,2,0,2,0,0,0,0,2,2,2,2,0,0,2,2
32,420.779,1726.390,-169.236,-47.820,0.671374,0.740988,-0.013944,-0.741084,0.671407,-0.002867,0.007238,0.012258,0.999899,0,0.96453,0.11317,57.872,0.226,-1,400.000,-1,400.000,-1,325.000,325.000,300.000,300.000,-1,-1,-1,-1,750.000,775.000,-1,-1,2,0,2,0,2,0,0,0,0,2,2,2,2,0,0,2,2
33,459.610,1683.827,-168.751,-47.624,0.673922,0.738689,-0.012930,-0.738779,0.673937,-0.003834,0.005882,0.012136,0.999909,0,0.96024,0.09795,57.614,0.196,-1,400.000,-1,400.000,-1,325.000,325.000,300.000,300.000,-1,-1,-1,-1,750.000,750.000,-1,-1,2,0,2,0,2,0,0,0,0,2,2,2,2,0,0,2,2
34,498.370,1641.611,-168.276,-47.444,0.676263,0.736565,-0.011846,-0.736646,0.676262,-0.004642,0.004592,0.011865,0.999919,0,0.95519,0.09021,57.311,0.180,-1,400.000,-1,400.000,-1,325.000,325.000,300.000,325.000,-1,-1,-1,-1,725.000,750.000,-1,-1,2,0,2,0,2,0,0,0,0,2,2,2,2,0,0,2,2
35,537.018,1599.762,-167.787,-47.277,0.678418,0.734597,-0.010812,-0.734668,0.678406,-0.005301,0.003441,0.011539,0.999927,0,0.94941,0.08339,56.965,0.167,-1,375.000,-1,400.000,-1,325.000,325.000,300.000,325.000,-1,-1,-1,-1,725.000,725.000,-1,-1,2,0,2,0,2,0,0,0,0,2,2,2,2,0,0,2,2
36,575.517,1558.300,-167.348,-47.122,0.680411,0.732758,-0.010316,-0.732826,0.680391,-0.005850,0.002732,0.011540,0.999930,0,0.94300,0.07751,56.580,0.155,-1,375.000,-1,400.000,-1,325.000,325.000,300.000,325.000,-1,-1,-1,-1,725.000,725.000,-1,-1,2,0,2,0,2,0,0,0,0,2,2,2,2,0,0,2,2
37,613.836,1517.240,-167.010,-46.977,0.682263,0.731026,-0.010911,-0.731102,0.682239,-0.006341,0.002809,0.012303,0.999920,0,0.93604,0.07257,56.162,0.145,-1,375.000,-1,400.000,-1,325.000,325.000,300.000,325.000,-1,-1,-1,-1,725.000,725.000,-1,-1,2,0,2,0,2,0,0,0,0,2,2,2,2,0,0,2,2
38,651.950,1476.597,-166.661,-46.840,0.684008,0.729384,-0.011510,-0.729469,0.683981,-0.006695,0.002989,0.012976,0.999911,0,0.92864,0.06858,55.718,0.137,-1,375.000,-1,375.000,-1,325.000,325.000,300.000,325.000,-1,-1,-1,-1,725.000,700.000,-1,-1,2,0,2,0,2,0,0,0,0,2,2,2,2,0,0,2,2
39,689.837,1436.379,-166.299,-46.709,0.685670,0.727812,-0.012114,-0.727905,0.685643,-0.006918,0.003271,0.013561,0.999903,0,0.92090,0.06553,55.254,0.131,-1,375.000,-1,375.000,-1,325.000,325.000,300.000,325.000,-1,-1,-1,-1,700.000,700.000,-1,-1,2,0,2,0,2,0,0,0,0,2,2,2,2,0,0,2,2
40,727.486,1396.592,-165.931,-46.582,0.687273,0.726288,-0.012744,-0.726390,0.687247,-0.007013,0.003665,0.014077,0.999894,0,0.91293,0.06341,54.776,0.127,-1,375.000,-1,375.000,-1,325.000,325.000,300.000,325.000,-1,-1,-1,-1,700.000,700.000,-1,-1,2,0,2,0,2,0,0,0,0,2,2,2,2,0,0,2,2
41,764.886,1357.240,-165.563,-46.458,0.688834,0.724789,-0.013752,-0.724904,0.688818,-0.006642,0.004659,0.014544,0.999883,0,0.90484,0.06220,54.290,0.124,-1,375.000,-1,375.000,-1,325.000,300.000,300.000,325.000,-1,-1,-1,-1,700.000,700.000,-1,-1,2,0,2,0,2,0,0,0,0,2,2,2,2,0,0,2,2
42,802.035,1318.319,-165.148,-46.334,0.690381,0.723297,-0.014698,-0.723423,0.690379,-0.006022,0.005791,0.014790,0.999874,0,0.89673,0.06189,53.804,0.124,-1,375.000,-1,375.000,-1,325.000,300.000,300.000,325.000,-1,-1,-1,-1,700.000,700.000,-1,-1,2,0,2,0,2,0,0,0,0,2,2,2,2,0,0,2,2
43,838.936,1279.827,-164.706,-46.209,0.691938,0.721789,-0.015597,-0.721923,0.691953,-0.005254,0.007000,0.014895,0.999865,0,0.88871,0.06245,53.323,0.125,-1,375.000,-1,375.000,-1,300.000,300.000,300.000,325.000,-1,-1,-1,-1,700.000,700.000,-1,-1,2,0,2,0,2,0,0,0,0,2,2,2,2,0,0,2,2
44,875.596,1241.757,-164.238,-46.081,0.693525,0.720245,-0.016452,-0.720385,0.693561,-0.004342,0.008283,0.014863,0.999855,0,0.88087,0.06386,52.852,0.128,-1,375.000,-1,375.000,-1,300.000,300.000,300.000,300.000,-1,-1,-1,-1,700.000,700.000,-1,-1,2,0,2,0,2,0,0,0,0,2,2,2,2,0,0,2,2
45,912.027,1204.098,-163.753,-45.949,0.695163,0.718645,-0.017260,-0.718787,0.695222,-0.003246,0.009667,0.014663,0.999846,0,0.87329,0.06609,52.397,0.132,-1,375.000,-1,375.000,-1,300.000,300.000,300.000,300.000,-1,-1,-1,-1,700.000,675.000,-1,-1,2,0,2,0,2,0,0,0,0,2,2,2,2,0,0,2,2
46,948.247,1166.838,-163.219,-45.811,0.696872,0.716969,-0.018024,-0.717109,0.696958,-0.001971,0.011148,0.014299,0.999836,0,0.86605,0.06912,51.963,0.138,-1,375.000,-1,375.000,-1,300.000,300.000,300.000,325.000,-1,-1,-1,-1,700.000,675.000,-1,-1,2,0,2,0,2,0,0,0,0,2,2,2,2,0,0,2,2
47,984.276,1129.963,-162.617,-45.665,0.698670,0.715198,-0.018753,-0.715331,0.698785,-0.000576,0.012692,0.013817,0.999824,0,0.85923,0.07291,51.554,0.146,-1,375.000,-1,375.000,-1,300.000,300.000,300.000,325.000,-1,-1,-1,-1,700.000,675.000,-1,-1,2,0,2,0,2,0,0,0,0,2,2,2,2,0,0,2,2
48,1020.137,1093.457,-161.964,-45.510,0.700577,0.713311,-0.019469,-0.713436,0.700720,0.000773,0.014194,0.013348,0.999810,0,0.85288,0.07744,51.173,0.155,-1,375.000,-1,375.000,-1,300.000,300.000,300.000,325.000,-1,-1,-1,-1,700.000,675.000,-1,-1,2,0,2,0,2,0,0,0,0,2,2,2,2,0,0,2,2
49,1055.858,1057.304,-161.213,-45.345,0.702610,0.711288,-0.020204,-0.711406,0.702779,0.001830,0.015501,0.013087,0.999794,0,0.84706,0.08269,50.823,0.165,-1,375.000,-1,375.000,-1,300.000,300.000,300.000,325.000,-1,-1,-1,-1,700.000,675.000,-1,-1,2,0,2,0,2,0,0,0,0,2,2,2,2,0,0,2,2
50,1091.468,1021.485,-160.414,-45.168,0.704783,0.709113,-0.020968,-0.709223,0.704978,0.002901,0.016839,0.012826,0.999776,0,0.84180,0.08862,50.508,0.177,-1,375.000,-1,375.000,-1,300.000,300.000,300.000,325.000,-1,775.000,600.000,-1,700.000,675.000,-1,-1,2,0,2,0,2,0,0,0,0,2,0,0,2,0,0,2,2
51,1126.999,985.983,-159.461,-44.977,0.707097,0.706764,-0.022324,-0.706873,0.707329,0.003922,0.018562,0.013007,0.999743,0,0.83714,0.09521,50.228,0.190,-1,375.000,-1,375.000,-1,300.000,300.000,300.000,300.000,-1,625.000,600.000,-1,700.000,675.000,-1,-1,2,0,2,0,2,0,0,0,0,2,0,0,2,0,0,2,2
52,1162.485,950.778,-158.467,-44.772,0.709578,0.704229,-0.023678,-0.704335,0.709851,0.004956,0.020297,0.013161,0.999707,0,0.83311,0.10244,49.987,0.205,-1,375.000,-1,375.000,-1,300.000,300.000,300.000,300.000,-1,575.000,575.000,-1,700.000,675.000,-1,-1,2,0,2,0,2,0,0,0,0,2,0,0,2,0,0,2,2
53,1197.963,915.851,-157.386,-44.552,0.712246,0.701491,-0.024813,-0.701588,0.712557,0.006029,0.021910,0.013114,0.999674,0,0.82974,0.11029,49.785,0.221,-1,375.000,-1,375.000,-1,300.000,300.000,300.000,300.000,-1,550.000,575.000,-1,700.000,650.000,-1,-1,2,0,2,0,2,0,0,0,0,2,0,0,2,0,1,2,2
54,1233.469,881.185,-156.175,-44.314,0.715109,0.698533,-0.025897,-0.698618,0.715460,0.007123,0.023504,0.012999,0.999639,0,0.82705,0.11874,49.623,0.237,-1,375.000,-1,375.000,-1,300.000,300.000,300.000,300.000,-1,550.000,575.000,-1,725.000,650.000,-1,-1,2,0,2,0,2,0,0,0,0,2,0,0,2,0,1,2,2
55,1265.801,850.140,-155.000,-43.837,0.720866,0.692547,-0.027031,-0.692620,0.721257,0.008111,0.025114,0.012875,0.999602,0,0.74705,0.23874,44.823,0.477,-1,375.000,-1,375.000,-1,300.000,300.000,300.000,300.000,-1,550.000,550.000,-1,725.000,625.000,-1,975.000,2,0,2,0,2,0,0,0,0,2,0,0,2,0,1,2,1
56,1295.015,822.784,-153.921,-43.119,0.729448,0.683464,-0.027962,-0.683520,0.729876,0.009013,0.026569,0.012538,0.999568,0,0.66705,0.35874,40.023,0.717,-1,375.000,-1,375.000,-1,325.000,300.000,300.000,300.000,-1,550.000,550.000,-1,725.000,625.000,-1,925.000,2,0,2,1,2,0,0,0,0,2,0,0,2,0,1,2,1
57,1321.124,799.142,-152.947,-42.162,0.740741,0.671177,-0.028722,-0.671212,0.741200,0.009818,0.027878,0.012006,0.999539,0,0.58705,0.47874,35.223,0.957,-1,375.000,-1,375.000,-1,325.000,325.000,300.000,300.000,-1,550.000,550.000,-1,725.000,600.000,-1,875.000,2,0,2,1,2,0,1,0,0,2,0,0,2,0,1,2,1
58,1344.096,779.197,-152.083,-40.964,0.754585,0.655546,-0.029337,-0.655559,0.755071,0.010519,0.029047,0.011295,0.999514,0,0.50705,0.59874,30.423,1.197,-1,375.000,-1,375.000,-1,325.000,325.000,300.000,300.000,-1,550.000,550.000,-1,725.000,600.000,1000.000,850.000,2,0,2,1,2,0,1,0,0,2,0,0,2,1,1,1,1
59,1363.860,762.889,-151.339,-39.527,0.770779,0.636404,-0.029829,-0.636392,0.771286,0.011109,0.030077,0.010420,0.999493,0,0.42705,0.71874,25.623,1.437,-1,375.000,-1,375.000,-1,325.000,325.000,300.000,300.000,-1,550.000,575.000,-1,725.000,600.000,975.000,800.000,2,0,2,1,2,0,1,0,0,2,0,0,2,1,1,1,1
60,1380.273,750.074,-150.721,-37.982,0.787648,0.615384,-0.030215,-0.615348,0.788170,0.011586,0.030945,0.009467,0.999476,0,0.34705,0.77244,20.823,1.545,-1,375.000,-1,375.000,-1,325.000,325.000,300.000,300.000,-1,550.000,575.000,-1,700.000,575.000,975.000,775.000,2,0,2,1,2,0,1,0,0,2,0,0,2,1,1,1,1
61,1393.163,740.558,-150.232,-36.437,0.803944,0.593923,-0.030476,-0.593863,0.804477,0.011956,0.031618,0.008486,0.999464,0,0.26705,0.77222,16.023,1.544,-1,400.000,-1,375.000,925.000,325.000,325.000,300.000,300.000,-1,550.000,575.000,-1,700.000,575.000,975.000,725.000,2,0,2,1,1,0,1,0,0,2,0,0,2,1,1,1,1
62,1402.368,734.137,-149.882,-34.895,0.819644,0.572054,-0.030631,-0.571973,0.820182,0.012220,0.032113,0.007504,0.999456,0,0.18705,0.77136,11.223,1.543,-1,400.000,-1,375.000,825.000,325.000,325.000,300.000,300.000,-1,550.000,600.000,-1,700.000,575.000,975.000,725.000,2,0,2,1,1,0,1,0,0,2,0,0,2,1,1,1,1
63,1407.733,730.606,-149.683,-33.355,0.834723,0.549813,-0.030713,-0.549713,0.835262,0.012369,0.032454,0.006558,0.999452,0,0.10705,0.76987,6.423,1.540,-1,400.000,-1,375.000,775.000,325.000,325.000,300.000,300.000,-1,550.000,600.000,-1,700.000,575.000,975.000,700.000,2,0,2,1,1,0,1,0,0,2,0,0,2,1,1,1,1
64,1409.111,729.750,-149.640,-31.819,0.849164,0.527236,-0.030719,-0.527120,0.849700,0.012409,0.032645,0.005655,0.999451,0,0.02705,0.76777,1.623,1.536,-1,400.000,-1,375.000,750.000,325.000,325.000,300.000,300.000,-1,575.000,625.000,-1,700.000,575.000,1000.000,700.000,2,0,2,1,1,0,0,0,0,2,0,0,2,1,1,1,1
65,1406.368,731.353,-149.757,-30.289,0.862949,0.504361,-0.030644,-0.504232,0.863480,0.012346,0.032688,0.004798,0.999454,0,-0.05295,0.76506,-3.177,1.530,-1,400.000,-1,375.000,750.000,325.000,325.000,300.000,300.000,-1,575.000,625.000,-1,700.000,575.000,-1,700.000,2,0,2,1,1,0,0,0,0,2,0,0,2,1,1,2,1
66,1399.375,735.191,-150.035,-28.766,0.876066,0.481226,-0.030483,-0.481088,0.876587,0.012187,0.032585,0.003988,0.999461,0,-0.13295,0.76178,-7.977,1.524,-1,400.000,-1,375.000,725.000,325.000,325.000,300.000,300.000,-1,575.000,650.000,-1,700.000,575.000,-1,700.000,2,0,2,1,1,0,0,0,0,2,0,0,2,1,1,2,1
67,1388.016,741.042,-150.477,-27.250,0.888505,0.457870,-0.030227,-0.457725,0.889013,0.011944,0.032341,0.003224,0.999472,0,-0.21295,0.75793,-12.777,1.516,-1,400.000,-1,375.000,725.000,325.000,325.000,300.000,300.000,-1,600.000,675.000,-1,700.000,575.000,-1,700.000,2,0,2,1,1,0,0,0,0,2,0,0,2,1,1,2,1
68,1373.095,748.236,-151.043,-25.743,0.900258,0.434331,-0.029868,-0.434181,0.900750,0.011659,0.031967,0.002472,0.999486,0,-0.27609,0.75354,-16.565,1.507,-1,400.000,-1,375.000,725.000,325.000,325.000,300.000,300.000,-1,600.000,675.000,-1,700.000,600.000,-1,725.000,2,0,2,1,1,0,0,0,0,2,0,0,2,1,1,2,1
69,1357.696,755.171,-151.617,-24.245,0.911320,0.410644,-0.029456,-0.410489,0.911794,0.011416,0.031546,0.001688,0.999501,0,-0.28147,0.74873,-16.888,1.497,-1,375.000,-1,375.000,725.000,325.000,325.000,300.000,300.000,-1,600.000,700.000,-1,700.000,600.000,-1,725.000,2,0,2,1,1,0,0,0,0,2,0,0,2,1,1,2,1
70,1341.820,761.831,-152.206,-22.757,0.921694,0.386831,-0.029026,-0.386669,0.922150,0.011201,0.031099,0.000899,0.999516,0,-0.28694,0.74395,-17.216,1.488,-1,375.000,-1,375.000,725.000,325.000,325.000,300.000,300.000,-1,625.000,725.000,-1,700.000,625.000,-1,750.000,2,0,2,1,1,0,0,0,0,2,0,0,2,1,1,2,1
71,1325.466,768.200,-152.809,-21.279,0.931385,0.362911,-0.028579,-0.362744,0.931824,0.011017,0.030629,0.000105,0.999531,0,-0.29250,0.73917,-17.550,1.478,-1,375.000,-1,375.000,750.000,325.000,325.000,300.000,300.000,-1,650.000,775.000,-1,725.000,625.000,-1,750.000,2,0,2,0,1,0,0,0,0,2,0,0,2,1,1,2,1
72,1308.636,774.263,-153.427,-19.810,0.940400,0.338907,-0.028118,-0.338733,0.940820,0.010866,0.030137,-0.000694,0.999546,0,-0.29815,0.73441,-17.889,1.469,-1,375.000,-1,375.000,750.000,325.000,325.000,300.000,300.000,-1,675.000,825.000,-1,725.000,625.000,-1,775.000,2,0,2,0,1,0,0,0,0,2,0,0,2,1,1,2,1
73,1291.330,780.003,-154.059,-18.351,0.948743,0.314837,-0.027647,-0.314657,0.949145,0.010749,0.029625,-0.001498,0.999560,0,-0.30388,0.72965,-18.233,1.459,-1,375.000,-1,375.000,750.000,325.000,325.000,300.000,300.000,-1,700.000,900.000,-1,725.000,650.000,-1,800.000,2,0,2,0,1,0,0,0,0,2,0,0,2,1,1,2,1
74,1273.551,785.406,-154.706,-16.901,0.956422,0.290721,-0.027167,-0.290535,0.956805,0.010666,0.029095,-0.002309,0.999574,0,-0.30970,0.72490,-18.582,1.450,-1,375.000,-1,375.000,775.000,325.000,325.000,300.000,300.000,-1,725.000,975.000,-1,725.000,650.000,-1,825.000,2,0,2,0,1,0,0,0,0,2,0,0,2,1,1,2,1
75,1255.301,790.453,-155.366,-15.461,0.963444,0.266579,-0.026682,-0.266386,0.963808,0.010621,0.028548,-0.003125,0.999588,0,-0.31558,0.72015,-18.935,1.440,-1,375.000,-1,375.000,775.000,325.000,300.000,300.000,300.000,-1,800.000,-1,-1,725.000,675.000,-1,850.000,2,0,2,0,1,0,0,0,0,2,0,2,2,1,1,2,1
76,1236.584,795.130,-155.965,-14.030,0.969807,0.242430,-0.026510,-0.242235,0.970162,0.010372,0.028233,-0.003637,0.999595,0,-0.32155,0.71539,-19.293,1.431,-1,375.000,-1,375.000,800.000,325.000,300.000,300.000,300.000,-1,850.000,-1,-1,725.000,675.000,-1,875.000,2,0,2,0,1,0,0,0,0,2,0,2,2,0,1,2,1
77,1217.403,799.421,-156.508,-12.609,0.975526,0.218292,-0.026420,-0.218103,0.975876,0.009875,0.027939,-0.003871,0.999602,0,-0.32758,0.71063,-19.655,1.421,-1,375.000,-1,375.000,800.000,325.000,325.000,300.000,300.000,-1,925.000,-1,-1,725.000,700.000,-1,900.000,2,0,2,0,1,0,0,0,0,2,0,2,2,0,1,2,1
78,1202.843,802.364,-156.894,-11.428,0.979821,0.198127,-0.026403,-0.197944,0.980168,0.009409,0.027744,-0.003993,0.999607,0,-0.24758,0.59063,-14.855,1.181,-1,375.000,-1,375.000,825.000,325.000,325.000,300.000,300.000,-1,1000.000,-1,-1,725.000,700.000,-1,950.000,2,0,2,0,1,0,0,0,0,2,0,2,2,0,1,2,1
79,1192.956,804.194,-157.155,-10.486,0.982944,0.181999,-0.026400,-0.181819,0.983290,0.009091,0.027614,-0.004136,0.999610,0,-0.16758,0.47063,-10.055,0.941,-1,400.000,-1,375.000,825.000,325.000,325.000,300.000,300.000,-1,-1,-1,-1,725.000,700.000,-1,975.000,2,0,2,0,1,0,0,0,0,2,2,2,2,0,1,2,1
80,1187.778,805.087,-157.291,-9.785,0.985098,0.169951,-0.026415,-0.169771,0.985443,0.008915,0.027546,-0.004298,0.999611,0,-0.08758,0.35063,-5.255,0.701,-1,400.000,-1,375.000,825.000,325.000,325.000,300.000,300.000,-1,-1,-1,-1,725.000,725.000,-1,975.000,2,0,2,0,1,0,0,0,0,2,2,2,2,0,1,2,1
81,1187.329,805.161,-157.302,-9.324,0.986434,0.162012,-0.026449,-0.161830,0.986779,0.008878,0.027538,-0.004478,0.999611,0,-0.00758,0.23063,-0.455,0.461,-1,400.000,-1,375.000,825.000,325.000,325.000,300.000,300.000,-1,-1,-1,-1,725.000,725.000,-1,1000.000,2,0,2,0,1,0,0,0,0,2,2,2,2,0,0,2,1
82,1191.622,804.485,-157.189,-8.945,0.987483,0.155478,-0.026517,-0.155292,0.987828,0.008970,0.027589,-0.004740,0.999608,0,0.07242,0.18957,4.345,0.379,-1,400.000,-1,375.000,825.000,325.000,325.000,300.000,300.000,-1,-1,875.000,-1,725.000,725.000,-1,1000.000,2,0,2,0,1,0,0,0,0,2,2,1,2,0,0,2,1
83,1200.665,803.123,-156.949,-8.565,0.988488,0.148936,-0.026625,-0.148741,0.988834,0.009185,0.027696,-0.005119,0.999603,0,0.15242,0.18962,9.145,0.379,-1,400.000,-1,375.000,825.000,325.000,325.000,300.000,300.000,-1,-1,825.000,-1,725.000,725.000,-1,1000.000,2,0,2,0,1,0,0,0,0,2,2,1,2,0,0,2,1
84,1214.468,801.138,-156.583,-8.185,0.989452,0.142363,-0.026773,-0.142155,0.989799,0.009521,0.027855,-0.005615,0.999596,0,0.23242,0.19033,13.945,0.381,-1,400.000,-1,375.000,825.000,325.000,325.000,300.000,300.000,-1,-1,800.000,-1,725.000,725.000,-1,1000.000,2,0,2,0,1,0,0,0,0,2,2,1,2,0,0,2,1
85,1233.040,798.593,-156.089,-7.801,0.990378,0.135737,-0.026960,-0.135513,0.990725,0.009978,0.028064,-0.006228,0.999587,0,0.31242,0.19167,18.745,0.383,-1,400.000,-1,375.000,825.000,325.000,325.000,300.000,300.000,-1,-1,775.000,-1,725.000,725.000,-1,975.000,2,0,2,0,1,0,0,0,0,2,2,1,2,0,0,2,1
86,1256.389,795.555,-155.467,-7.414,0.991267,0.129037,-0.027185,-0.128793,0.991615,0.010553,0.028319,-0.006960,0.999575,0,0.39242,0.19363,23.545,0.387,-1,375.000,-1,375.000,800.000,325.000,325.000,300.000,300.000,-1,-1,800.000,-1,725.000,725.000,-1,975.000,2,0,2,0,1,0,0,0,0,2,2,1,2,0,0,2,1
87,1284.521,792.090,-154.690,-7.022,0.992122,0.122243,-0.027387,-0.121978,0.992470,0.011139,0.028543,-0.007710,0.999563,0,0.47242,0.19619,28.345,0.392,-1,375.000,-1,375.000,800.000,325.000,325.000,300.000,300.000,-1,-1,800.000,-1,725.000,725.000,-1,950.000,2,0,2,0,1,0,0,0,0,2,2,1,2,0,0,2,1
88,1317.446,788.267,-153.648,-6.623,0.992933,0.115335,-0.027980,-0.115057,0.993294,0.011337,0.029099,-0.008038,0.999544,0,0.55242,0.19931,33.145,0.399,-1,375.000,-1,375.000,775.000,325.000,325.000,300.000,300.000,-1,-1,825.000,-1,725.000,725.000,-1,925.000,2,0,2,0,1,0,0,0,0,2,2,1,2,0,0,2,1
89,1355.150,783.995,-152.424,-6.465,0.993232,0.112584,-0.028561,-0.112292,0.993607,0.011633,0.029688,-0.008348,0.999524,0,0.63242,0.07931,37.945,0.159,-1,375.000,-1,375.000,775.000,325.000,325.000,300.000,300.000,-1,-1,825.000,-1,725.000,725.000,-1,900.000,2,0,2,0,1,0,0,0,0,2,2,1,2,0,1,2,1
90,1397.616,779.122,-151.027,-6.546,0.993053,0.113995,-0.029154,-0.113687,0.993444,0.012012,0.030332,-0.008614,0.999503,0,0.71242,-0.04069,42.745,-0.081,-1,400.000,-1,375.000,750.000,325.000,325.000,300.000,300.000,-1,-1,875.000,-1,725.000,700.000,-1,875.000,2,0,2,0,1,0,0,0,0,2,2,1,2,1,1,2,1
91,1444.821,773.437,-149.468,-6.867,0.992380,0.119565,-0.029783,-0.119241,0.992787,0.012445,0.031056,-0.008799,0.999479,0,0.79242,-0.16069,47.545,-0.321,-1,400.000,-1,375.000,725.000,325.000,325.000,300.000,300.000,-1,1000.000,900.000,-1,725.000,700.000,-1,850.000,2,0,2,0,1,0,0,0,0,2,0,1,2,1,1,2,1
92,1496.727,766.669,-147.750,-7.429,0.991140,0.129287,-0.030437,-0.128945,0.991567,0.012950,0.031854,-0.008910,0.999453,0,0.87242,-0.28069,52.345,-0.561,-1,400.000,-1,375.000,700.000,325.000,325.000,300.000,300.000,-1,950.000,950.000,-1,725.000,675.000,-1,800.000,2,0,2,0,1,0,0,0,0,2,0,1,2,1,1,2,1
93,1553.284,758.489,-145.857,-8.230,0.989211,0.143142,-0.031167,-0.142783,0.989662,0.013478,0.032774,-0.008882,0.999423,0,0.95242,-0.40069,57.145,-0.801,-1,400.000,-1,400.000,675.000,325.000,325.000,300.000,300.000,-1,900.000,975.000,-1,725.000,650.000,-1,750.000,2,0,2,0,1,0,0,0,0,2,0,1,2,1,1,2,1
94,1612.500,748.822,-143.828,-9.271,0.986417,0.161106,-0.032036,-0.160732,0.986900,0.013940,0.033862,-0.008602,0.999389,0,1.00000,-0.52069,60.000,-1.041,-1,400.000,-1,400.000,625.000,325.000,325.000,300.000,300.000,-1,875.000,1000.000,-1,700.000,625.000,-1,700.000,2,1,2,0,1,0,0,0,0,2,0,1,2,1,1,2,1
95,1671.528,738.067,-141.798,-10.326,0.983255,0.179246,-0.032859,-0.178857,0.983769,0.014449,0.034916,-0.008330,0.999356,0,1.00000,-0.52740,60.000,-1.055,-1,375.000,-1,400.000,575.000,325.000,325.000,300.000,300.000,-1,850.000,1000.000,-1,675.000,600.000,-1,650.000,2,1,2,1,1,0,0,0,0,2,0,0,2,1,1,2,1
96,1730.369,726.329,-139.768,-11.282,0.980102,0.195627,-0.033626,-0.195220,0.980645,0.015001,0.035909,-0.008138,0.999322,0,1.00000,-0.47775,60.000,-0.955,-1,375.000,-1,375.000,550.000,325.000,325.000,300.000,300.000,-1,825.000,950.000,-1,675.000,550.000,-1,600.000,2,1,2,1,1,1,1,0,1,2,0,0,2,1,1,2,1
97,1789.002,713.596,-137.737,-12.252,0.976623,0.212199,-0.034329,-0.211775,0.977194,0.015590,0.036854,-0.007956,0.999289,0,1.00000,-0.48495,60.000,-0.970,-1,375.000,-1,375.000,500.000,300.000,300.000,300.000,275.000,-1,825.000,925.000,-1,650.000,525.000,-1,550.000,2,1,2,1,1,1,1,0,1,2,0,0,2,1,1,2,1
98,1847.408,699.858,-135.705,-13.237,0.972806,0.228966,-0.034960,-0.228523,0.973403,0.016214,0.037743,-0.007784,0.999257,0,1.00000,-0.49249,60.000,-0.985,-1,350.000,-1,350.000,450.000,300.000,300.000,300.000,275.000,-1,800.000,925.000,-1,600.000,500.000,-1,500.000,2,1,2,1,1,1,1,0,1,2,0,0,2,1,1,2,1
99,1905.565,685.101,-133.591,-14.237,0.968642,0.245933,-0.035341,-0.245488,0.969259,0.016490,0.038310,-0.007297,0.999239,0,1.00000,-0.50037,60.000,-1.001,-1,350.000,-1,325.000,400.000,275.000,275.000,300.000,275.000,-1,825.000,925.000,-1,575.000,475.000,-1,450.000,2,1,2,1,1,1,1,0,1,2,0,0,2,1,1,2,1
100,1963.390,669.089,-130.896,-15.478,0.963017,0.266867,-0.037158,-0.266494,0.963724,0.014749,0.039746,-0.004301,0.999201,0,1.00000,-0.62037,60.000,-1.241,-1,325.000,-1,300.000,375.000,275.000,275.000,300.000,275.000,-1,825.000,900.000,-1,550.000,450.000,-1,400.000,2,1,2,1,1,1,1,0,1,2,0,0,2,1,1,2,1
101,2020.781,651.588,-127.673,-16.959,0.955652,0.291684,-0.040618,-0.291372,0.956514,0.013552,0.042805,-0.001116,0.999083,0,1.00000,-0.74037,60.000,-1.481,-1,325.000,-1,300.000,325.000,250.000,250.000,300.000,250.000,-1,775.000,825.000,-1,525.000,425.000,-1,350.000,2,1,2,1,1,1,1,0,1,2,0,0,2,1,1,2,1
102,2077.621,632.371,-122.654,-18.680,0.946124,0.320274,-0.047688,-0.319725,0.947321,0.018938,0.051241,-0.002670,0.998683,0,1.00000,-0.86037,60.000,-1.721,-1,325.000,-1,275.000,325.000,250.000,250.000,300.000,275.000,-1,575.000,575.000,-1,525.000,400.000,-1,325.000,2,1,2,1,1,1,1,0,1,2,0,0,2,1,1,2,1
103,2133.803,611.304,-115.928,-20.555,0.934567,0.351089,-0.057618,-0.349865,0.936305,0.030453,0.064640,-0.008301,0.997874,0,1.00000,-0.93756,60.000,-1.875,-1,325.000,-1,300.000,350.000,275.000,250.000,325.000,275.000,-1,375.000,375.000,-1,525.000,425.000,-1,350.000,2,1,2,1,1,1,1,0,1,2,0,0,2,1,1,2,1
104,2189.271,588.421,-109.027,-22.418,0.921951,0.381329,-0.067787,-0.379285,0.924356,0.041326,0.078418,-0.012390,0.996844,0,1.00000,-0.93156,60.000,-1.863,-1,325.000,-1,300.000,375.000,275.000,250.000,325.000,275.000,-1,275.000,300.000,-1,625.000,450.000,-1,400.000,2,1,2,1,1,1,1,0,1,2,0,0,2,1,1,2,1
105,2243.971,563.759,-101.981,-24.267,0.908287,0.410943,-0.078356,-0.407955,0.911538,0.051682,0.092663,-0.014976,0.995585,0,1.00000,-0.92457,60.000,-1.849,-1,325.000,-1,300.000,450.000,275.000,250.000,325.000,300.000,-1,200.000,225.000,-1,725.000,475.000,-1,500.000,2,1,2,1,1,1,1,0,1,2,0,0,2,1,1,2,1
106,3607.631,-8855.138,136.437,-170.016,-0.983693,0.172815,0.049835,-0.167920,-0.981708,0.089735,0.064431,0.079903,0.994718,1,0.00000,0.00000,60.000,-1.833,225.000,275.000,-1,475.000,-1,275.000,375.000,425.000,275.000,825.000,350.000,175.000,775.000,375.000,975.000,250.000,-1,1,1,2,0,2,1,1,1,0,1,0,0,0,1,0,1,2
107,3602.908,-8855.991,136.781,-169.776,-0.982945,0.176913,0.050207,-0.171897,-0.980903,0.091003,0.065348,0.080821,0.994584,0,0.08000,0.12000,4.800,0.240,225.000,275.000,-1,475.000,-1,275.000,375.000,450.000,275.000,825.000,325.000,175.000,775.000,375.000,1000.000,250.000,-1,1,1,2,0,2,1,1,1,0,1,0,0,0,1,0,1,2
108,3593.475,-8857.777,137.477,-169.296,-0.981400,0.185096,0.050937,-0.179830,-0.979236,0.093587,0.067202,0.082686,0.994307,0,0.16000,0.24000,9.600,0.480,225.000,275.000,-1,500.000,-1,275.000,375.000,450.000,275.000,825.000,325.000,150.000,750.000,375.000,1000.000,225.000,-1,1,1,2,0,2,1,1,1,0,1,0,0,0,1,0,1,2
109,3579.362,-8860.633,138.542,-168.576,-0.978956,0.197338,0.051992,-0.191680,-0.976595,0.097576,0.070031,0.085556,0.993869,0,0.24000,0.36000,14.400,0.720,225.000,275.000,-1,500.000,-1,275.000,375.000,450.000,275.000,850.000,325.000,150.000,700.000,375.000,-1,225.000,-1,1,1,2,0,2,1,1,1,0,1,0,0,0,1,2,1,2
110,3560.610,-8864.756,140.001,-167.616,-0.975466,0.213598,0.053317,-0.207381,-0.972811,0.103107,0.073891,0.089520,0.993240,0,0.32000,0.48000,19.200,0.960,225.000,275.000,-1,500.000,-1,275.000,350.000,450.000,275.000,850.000,300.000,125.000,675.000,375.000,-1,225.000,-1,1,1,2,0,2,1,1,1,0,1,0,0,0,1,2,1,2
111,3537.283,-8870.398,141.887,-166.423,-0.970760,0.233704,0.054837,-0.226730,-0.967685,0.110359,0.078857,0.094699,0.992378,0,0.40000,0.59683,24.000,1.194,225.000,275.000,-1,525.000,-1,275.000,350.000,450.000,250.000,875.000,275.000,125.000,625.000,350.000,-1,225.000,-1,1,1,2,0,2,1,1,1,0,1,0,0,0,1,2,1,2
112,3509.438,-8877.754,144.264,-165.226,-0.965614,0.253694,0.056831,-0.245700,-0.961953,0.119493,0.084983,0.101421,0.991207,0,0.48000,0.59834,28.800,1.197,225.000,250.000,-1,525.000,-1,250.000,350.000,475.000,250.000,925.000,275.000,100.000,550.000,350.000,-1,200.000,-1,1,1,2,0,2,1,1,1,0,1,0,0,0,1,2,1,2
113,3477.141,-8887.018,147.179,-164.022,-0.960014,0.273609,0.059249,-0.264265,-0.955544,0.130765,0.092393,0.109879,0.989641,0,0.56000,0.60217,33.600,1.204,200.000,250.000,-1,550.000,-1,250.000,350.000,475.000,250.000,950.000,250.000,75.000,500.000,425.000,-1,200.000,-1,1,1,2,1,2,1,1,1,0,1,0,0,0,1,2,1,2
114,3440.463,-8898.389,150.692,-162.805,-0.953949,0.293486,0.062028,-0.282373,-0.948363,0.144472,0.101226,0.120304,0.987563,0,0.64000,0.60851,38.400,1.217,200.000,250.000,-1,550.000,-1,250.000,350.000,500.000,250.000,1000.000,225.000,75.000,450.000,-1,-1,200.000,-1,1,1,2,1,2,1,1,1,0,1,0,0,0,2,2,1,2
115,983.894,-3607.612,64.088,18.241,0.949835,-0.312679,0.006767,0.311950,0.948726,0.051043,-0.022380,-0.046372,0.998674,1,0.00000,0.00000,43.200,1.235,-1,400.000,-1,400.000,-1,325.000,325.000,300.000,300.000,-1,-1,-1,-1,725.000,750.000,-1,-1,2,0,2,0,2,0,0,0,0,2,2,2,2,0,0,2,2
116,979.341,-3609.133,64.192,18.481,0.948518,-0.316652,0.006783,0.315918,0.947413,0.051031,-0.022586,-0.046261,0.998674,0,-0.08000,0.12000,-4.800,0.240,-1,400.000,-1,400.000,-1,325.000,325.000,300.000,300.000,-1,-1,-1,-1,725.000,750.000,-1,-1,2,0,2,0,2,0,0,0,0,2,2,2,2,0,0,2,2
117,970.262,-3612.253,64.405,18.961,0.945833,-0.324581,0.006816,0.323837,0.944737,0.051007,-0.022995,-0.046037,0.998675,0,-0.16000,0.24000,-9.600,0.480,-1,400.000,-1,400.000,-1,325.000,325.000,300.000,300.000,-1,-1,-1,-1,725.000,750.000,-1,-1,2,0,2,0,2,0,0,0,0,2,2,2,2,0,0,2,2
118,956.703,-3617.103,64.732,19.681,0.941683,-0.336432,0.006863,0.335673,0.940598,0.050970,-0.023603,-0.045694,0.998677,0,-0.24000,0.36000,-14.400,0.720,-1,400.000,-1,400.000,-1,325.000,325.000,300.000,300.000,-1,-1,-1,-1,750.000,750.000,-1,-1,2,0,2,0,2,0,0,0,0,2,2,2,2,0,0,2,2
119,941.416,-3622.861,65.114,20.641,0.935917,-0.352152,0.006922,0.351373,0.934849,0.050930,-0.024406,-0.045234,0.998678,0,-0.27227,0.48000,-16.336,0.960,-1,400.000,-1,400.000,-1,325.000,325.000,300.000,300.000,-1,-1,-1,-1,750.000,750.000,-1,-1,2,0,2,0,2,0,0,0,0,2,2,2,2,0,0,2,2
120,926.252,-3628.939,65.511,21.841,0.928342,-0.371662,0.006989,0.370859,0.927294,0.050894,-0.025396,-0.044655,0.998680,0,-0.27227,0.60000,-16.336,1.200,-1,400.000,-1,400.000,-1,325.000,325.000,300.000,300.000,-1,-1,-1,-1,750.000,750.000,-1,-1,2,0,2,0,2,0,0,0,0,2,2,2,2,0,0,2,2
121,911.246,-3635.396,65.926,23.281,0.918714,-0.394860,0.007064,0.394028,0.917690,0.050866,-0.026568,-0.043948,0.998680,0,-0.27227,0.72000,-16.336,1.440,-1,400.000,-1,400.000,-1,325.000,325.000,300.000,300.000,-1,-1,-1,-1,750.000,750.000,-1,-1,2,0,2,0,2,0,0,0,0,2,2,2,2,0,0,2,2
122,896.436,-3642.291,66.360,24.961,0.906749,-0.421610,0.007148,0.420746,0.905752,0.050849,-0.027912,-0.043099,0.998681,0,-0.27227,0.84000,-16.336,1.680,-1,400.000,-1,400.000,-1,325.000,325.000,300.000,300.000,-1,-1,-1,-1,750.000,750.000,-1,-1,2,0,2,0,2,0,0,0,0,2,2,2,2,0,0,2,2
123,881.865,-3649.677,66.819,26.881,0.892121,-0.451739,0.007238,0.450838,0.891156,0.050845,-0.029419,-0.042096,0.998680,0,-0.27227,0.96000,-16.336,1.920,-1,400.000,-1,400.000,-1,325.000,325.000,300.000,300.000,-1,-1,-1,-1,750.000,750.000,-1,-1,2,0,2,0,2,0,0,0,0,2,2,2,2,0,0,2,2
124,867.561,-3657.568,67.301,28.881,0.875818,-0.482587,0.007329,0.481649,0.874888,0.050851,-0.030952,-0.041007,0.998679,0,-0.27227,1.00000,-16.336,2.000,-1,400.000,-1,400.000,-1,325.000,325.000,300.000,300.000,-1,-1,-1,-1,750.000,750.000,-1,-1,2,0,2,0,2,0,0,0,0,2,2,2,2,0,0,2,2
125,853.540,-3665.953,67.808,30.881,0.858447,-0.512849,0.007415,0.511876,0.857552,0.050865,-0.032445,-0.039870,0.998678,0,-0.27227,1.00000,-16.336,2.000,-1,400.000,-1,400.000,-1,325.000,325.000,300.000,300.000,-1,-1,-1,-1,750.000,750.000,-1,-1,2,0,2,0,2,0,0,0,0,2,2,2,2,0,0,2,2
126,839.821,-3674.823,68.333,32.881,0.840030,-0.542490,0.007377,0.541488,0.839170,0.050830,-0.033766,-0.038704,0.998680,0,-0.27227,1.00000,-16.336,2.000,-1,400.000,-1,400.000,-1,325.000,325.000,300.000,300.000,-1,-1,-1,-1,750.000,750.000,-1,-1,2,0,2,0,2,0,0,0,0,2,2,2,2,0,0,2,2
127,826.420,-3684.165,68.874,34.881,0.820590,-0.571472,0.007251,0.570448,0.819763,0.050768,-0.034957,-0.037524,0.998684,0,-0.27227,1.00000,-16.336,2.000,-1,400.000,-1,400.000,-1,325.000,325.000,300.000,300.000,-1,-1,-1,-1,750.000,750.000,-1,-1,2,0,2,0,2,0,0,0,0,2,2,2,2,0,0,2,2
128,813.301,-3694.010,69.436,36.881,0.800148,-0.599760,0.007110,0.598715,0.799356,0.050705,-0.036094,-0.036314,0.998688,0,-0.27336,1.00000,-16.402,2.000,-1,400.000,-1,400.000,-1,325.000,325.000,300.000,300.000,-1,-1,-1,-1,750.000,750.000,-1,-1,2,0,2,0,2,0,0,0,0,2,2,2,2,0,0,2,2
129,800.432,-3704.387,70.021,38.881,0.778731,-0.627319,0.006956,0.626255,0.777972,0.050637,-0.037177,-0.035077,0.998693,0,-0.27551,1.00000,-16.531,2.000,-1,400.000,-1,400.000,-1,325.000,325.000,300.000,300.000,-1,-1,-1,-1,750.000,750.000,-1,-1,2,0,2,0,2,0,0,0,0,2,2,2,2,0,0,2,2
130,787.837,-3715.291,70.629,40.881,0.756363,-0.654117,0.006788,0.653035,0.755638,0.050565,-0.038205,-0.033813,0.998698,0,-0.27766,1.00000,-16.660,2.000,-1,400.000,-1,400.000,-1,325.000,325.000,300.000,300.000,-1,-1,-1,-1,750.000,750.000,-1,-1,2,0,2,0,2,0,0,0,0,2,2,2,2,0,0,2,2
131,775.535,-3726.715,71.260,42.881,0.733072,-0.680119,0.006607,0.679022,0.732380,0.050487,-0.039176,-0.032524,0.998703,0,-0.27980,1.00000,-16.788,2.000,-1,400.000,-1,400.000,-1,325.000,325.000,300.000,300.000,-1,-1,-1,-1,750.000,750.000,-1,-1,2,0,2,0,2,0,0,0,0,2,2,2,2,0,0,2,2
132,763.550,-3738.652,71.913,44.881,0.708886,-0.705294,0.006416,0.704182,0.708228,0.050402,-0.040092,-0.031211,0.998708,0,-0.28192,1.00000,-16.915,2.000,-1,400.000,-1,400.000,-1,325.000,325.000,300.000,300.000,-1,-1,-1,-1,750.000,750.000,-1,-1,2,0,2,0,2,0,0,0,0,2,2,2,2,0,0,2,2
133,751.903,-3751.091,72.587,46.881,0.683835,-0.729611,0.006213,0.728487,0.683210,0.050308,-0.040951,-0.029876,0.998714,0,-0.28400,1.00000,-17.040,2.000,-1,400.000,-1,400.000,-1,325.000,325.000,300.000,300.000,-1,-1,-1,-1,750.000,750.000,-1,-1,2,0,2,0,2,0,0,0,0,2,2,2,2,0,0,2,2
134,740.617,-3764.020,73.285,48.881,0.657948,-0.753040,0.006012,0.751905,0.657357,0.050206,-0.041759,-0.028513,0.998721,0,-0.28604,1.00000,-17.162,2.000,-1,400.000,-1,400.000,-1,325.000,325.000,300.000,300.000,-1,-1,-1,-1,775.000,750.000,-1,-1,2,0,2,0,2,0,0,0,0,2,2,2,2,0,0,2,2
135,729.714,-3777.428,74.015,50.881,0.631255,-0.775553,0.005862,0.774408,0.630701,0.050093,-0.042547,-0.027082,0.998727,0,-0.28801,1.00000,-17.281,2.000,-1,400.000,-1,400.000,-1,325.000,325.000,300.000,300.000,-1,-1,-1,-1,775.000,775.000,-1,-1,2,0,2,0,2,0,0,0,0,2,2,2,2,0,0,2,2
136,719.217,-3791.298,74.766,52.881,0.603791,-0.797122,0.005705,0.795967,0.603273,0.049976,-0.043279,-0.025634,0.998734,0,-0.28991,1.00000,-17.395,2.000,-1,400.000,-1,400.000,-1,325.000,325.000,300.000,300.000,-1,-1,-1,-1,775.000,775.000,-1,-1,2,0,2,0,2,0,0,0,0,2,2,2,2,0,0,2,2
