timestep,x_cm,y_cm,z_cm,yaw_deg,basis_xx,basis_xy,basis_xz,basis_yx,basis_yy,basis_yz,basis_zx,basis_zy,basis_zz,teleport_flag,throttle_cmd,steering_cmd,cmd_move_cm,cmd_turn_deg,lidar_cm_0,lidar_cm_1,lidar_cm_2,lidar_cm_3,lidar_cm_4,lidar_cm_5,lidar_cm_6,lidar_cm_7,lidar_cm_8,lidar_cm_9,lidar_cm_10,lidar_cm_11,lidar_cm_12,lidar_cm_13,lidar_cm_14,lidar_cm_15,lidar_cm_16,lidar_class_0,lidar_class_1,lidar_class_2,lidar_class_3,lidar_class_4,lidar_class_5,lidar_class_6,lidar_class_7,lidar_class_8,lidar_class_9,lidar_class_10,lidar_class_11,lidar_class_12,lidar_class_13,lidar_class_14,lidar_class_15,lidar_class_16
0,-9506.253,6886.690,-155.172,-7.443,0.990626,0.129338,0.043949,-0.131490,0.990044,0.050224,-0.037016,-0.055532,0.997771,1,0.08000,0.12000,4.800,0.240,800.000,425.000,-1,425.000,-1,350.000,350.000,300.000,275.000,-1,-1,-1,-1,750.000,975.000,1000.000,-1,1,1,2,0,2,0,0,0,0,2,2,2,2,1,0,1,2
1,-9496.723,6885.527,-155.542,-6.963,0.991632,0.121042,0.044884,-0.123245,0.991112,0.050084,-0.038423,-0.055197,0.997736,0,0.16000,0.24000,9.600,0.480,775.000,425.000,-1,425.000,-1,350.000,350.000,300.000,275.000,-1,-1,-1,-1,750.000,975.000,950.000,-1,1,1,2,0,2,0,0,0,0,2,2,2,2,1,0,1,2
2,-9482.409,6883.961,-156.105,-6.243,0.993009,0.108581,0.046295,-0.110861,0.992582,0.049910,-0.040532,-0.054694,0.997680,0,0.24000,0.36000,14.400,0.720,775.000,425.000,-1,425.000,-1,325.000,350.000,300.000,275.000,-1,-1,-1,-1,725.000,975.000,925.000,-1,1,1,2,0,2,0,0,0,0,2,2,2,2,1,0,1,2
3,-9463.291,6882.193,-156.868,-5.283,0.994598,0.091939,0.048189,-0.094321,0.994298,0.049744,-0.043341,-0.054021,0.997599,0,0.32000,0.48000,19.200,0.960,750.000,400.000,-1,425.000,-1,325.000,325.000,300.000,275.000,-1,-1,-1,-1,700.000,950.000,875.000,-1,1,1,2,0,2,1,0,0,0,2,2,2,2,1,0,1,2
4,-9439.352,6880.484,-157.840,-4.083,0.996186,0.071099,0.050575,-0.073609,0.996051,0.049642,-0.046846,-0.053176,0.997486,0,0.40000,0.60000,24.000,1.200,700.000,400.000,-1,425.000,-1,325.000,325.000,300.000,275.000,-1,-1,-1,-1,675.000,950.000,800.000,-1,1,1,2,0,2,1,0,0,0,2,2,2,2,1,0,1,2
5,-9410.582,6879.156,-159.032,-2.643,0.997508,0.046048,0.053453,-0.048713,0.997577,0.049676,-0.051036,-0.052156,0.997334,0,0.48000,0.72000,28.800,1.440,675.000,400.000,-1,425.000,-1,325.000,325.000,300.000,300.000,-1,-1,-1,-1,650.000,925.000,750.000,-1,1,1,2,0,2,1,0,0,0,2,2,2,2,1,0,1,2
6,-9376.987,6878.591,-160.456,-0.963,0.998243,0.016783,0.056819,-0.019630,0.998560,0.049930,-0.055899,-0.050958,0.997135,0,0.56000,0.84000,33.600,1.680,625.000,375.000,-1,425.000,-1,325.000,325.000,300.000,300.000,-1,-1,-1,-1,625.000,925.000,700.000,-1,1,1,2,0,2,1,0,0,0,2,2,2,2,1,0,1,2
7,-9338.592,6879.232,-162.128,0.957,0.998019,-0.016683,0.060654,0.013624,0.998631,0.050503,-0.061413,-0.049577,0.996880,0,0.64000,0.96000,38.400,1.920,600.000,375.000,-1,425.000,-1,325.000,325.000,300.000,300.000,-1,-1,-1,-1,600.000,900.000,625.000,-1,1,1,2,0,2,1,0,0,0,2,2,2,2,1,0,1,2
8,-9295.450,6881.460,-164.059,2.957,0.996559,-0.051529,0.064924,0.048226,0.997511,0.051444,-0.067413,-0.048136,0.996563,0,0.72000,1.00000,43.200,2.000,550.000,350.000,-1,425.000,-1,325.000,325.000,300.000,300.000,-1,-1,-1,-1,550.000,875.000,575.000,-1,1,1,2,0,2,1,0,0,0,2,2,2,2,1,0,1,2
9,-9248.967,6885.492,-166.199,4.957,0.993844,-0.086316,0.069458,0.082743,0.995173,0.052770,-0.073678,-0.046698,0.996188,0,0.77762,1.00000,46.657,2.000,500.000,350.000,-1,425.000,-1,300.000,325.000,300.000,300.000,-1,-1,-1,-1,525.000,850.000,500.000,-1,1,1,2,0,2,1,0,0,0,2,2,2,2,1,0,1,2
10,-9202.459,6891.166,-168.799,6.957,0.989961,-0.121010,0.073035,0.117320,0.991685,0.052878,-0.078826,-0.043779,0.995927,0,0.78087,1.00000,46.852,2.000,450.000,325.000,-1,400.000,-1,300.000,325.000,300.000,325.000,-1,-1,-1,-1,500.000,825.000,450.000,-1,1,1,2,0,2,1,1,0,0,2,2,2,2,1,0,1,2
11,-9155.981,6898.488,-172.309,8.957,0.984916,-0.155584,0.075722,0.152087,0.987102,0.049983,-0.082522,-0.037713,0.995875,0,0.78418,1.00000,47.051,2.000,425.000,325.000,-1,400.000,-1,275.000,325.000,325.000,300.000,-1,-1,-1,-1,475.000,825.000,425.000,-1,1,1,2,0,2,1,1,0,0,2,2,2,2,1,0,1,2
12,-9109.590,6907.466,-176.017,10.957,0.978870,-0.189976,0.075644,0.186787,0.981263,0.047267,-0.083207,-0.032139,0.996014,0,0.78755,1.00000,47.253,2.000,400.000,300.000,-1,400.000,-1,275.000,300.000,325.000,300.000,-1,-1,-1,-1,450.000,800.000,375.000,-1,1,1,2,0,2,1,1,0,0,2,2,2,2,1,0,1,2
13,-9063.339,6918.103,-179.125,12.957,0.971743,-0.224158,0.073948,0.221589,0.974261,0.041395,-0.081324,-0.023839,0.996403,0,0.79098,1.00000,47.459,2.000,375.000,300.000,-1,425.000,-1,275.000,300.000,325.000,300.000,-1,-1,-1,-1,425.000,825.000,375.000,-1,1,1,2,0,2,1,1,0,0,2,2,2,2,1,0,1,2
14,-9017.285,6930.402,-182.172,14.957,0.963413,-0.258067,0.072368,0.256144,0.966010,0.034853,-0.078903,-0.015041,0.996769,0,0.79447,1.00000,47.668,2.000,375.000,300.000,1000.000,425.000,-1,250.000,300.000,350.000,300.000,-1,-1,-1,-1,400.000,825.000,350.000,-1,1,1,1,1,2,1,1,0,0,2,2,2,2,1,0,1,2
15,-8971.486,6944.364,-185.143,16.957,0.953889,-0.291651,0.070956,0.290399,0.956508,0.027593,-0.075918,-0.005715,0.997098,0,0.79802,1.00000,47.881,2.000,350.000,275.000,900.000,400.000,-1,250.000,275.000,350.000,300.000,-1,-1,-1,-1,400.000,775.000,325.000,-1,1,1,1,1,2,1,1,0,0,2,2,2,2,1,1,1,2
16,-8925.998,6959.987,-188.028,18.957,0.943186,-0.324857,0.069771,0.324294,0.945754,0.019573,-0.072345,0.004165,0.997371,0,0.80161,1.00000,48.097,2.000,375.000,275.000,825.000,375.000,-1,250.000,275.000,375.000,300.000,-1,-1,-1,-1,375.000,675.000,325.000,-1,1,1,1,1,2,1,1,0,0,2,2,2,2,1,1,1,2
17,-8885.501,6975.303,-190.523,20.717,0.932808,-0.353722,0.068926,0.353786,0.935253,0.011681,-0.068595,0.013489,0.997553,0,0.72161,0.88000,43.297,1.760,-1,250.000,750.000,350.000,-1,225.000,275.000,400.000,300.000,-1,-1,350.000,-1,350.000,625.000,300.000,-1,2,1,1,1,2,1,1,0,0,2,2,0,2,1,1,1,2
18,-8847.204,6990.961,-192.785,22.237,0.923149,-0.378343,0.068208,0.379007,0.925387,0.003421,-0.064413,0.022694,0.997665,0,0.68958,0.76000,41.375,1.520,-1,250.000,700.000,325.000,-1,225.000,250.000,425.000,275.000,-1,-1,275.000,-1,350.000,575.000,300.000,-1,2,1,1,1,2,1,1,0,0,2,2,0,2,1,1,1,2
19,-8809.099,7007.545,-193.796,23.517,0.914859,-0.398866,0.062763,0.399837,0.916580,-0.003216,-0.056245,0.028037,0.998023,0,0.69265,0.64000,41.559,1.280,-1,250.000,675.000,325.000,-1,225.000,250.000,450.000,300.000,-1,325.000,200.000,-1,350.000,550.000,275.000,-1,2,1,1,1,2,1,1,0,0,2,0,0,2,1,1,1,2
20,-8771.140,7024.892,-194.473,24.557,0.907904,-0.415373,0.056349,0.416552,0.909051,-0.010544,-0.046845,0.033046,0.998355,0,0.69560,0.52000,41.736,1.040,-1,250.000,675.000,325.000,-1,225.000,250.000,450.000,300.000,-1,275.000,150.000,-1,325.000,525.000,275.000,-1,2,1,1,1,2,1,1,0,0,2,0,0,2,1,1,1,2
21,-7543.217,-4919.495,-282.129,-114.068,-0.408197,0.912891,0.002420,-0.912143,-0.407752,-0.041634,-0.037020,-0.019203,0.999130,1,0.00000,0.00000,41.905,0.800,675.000,375.000,-1,400.000,-1,325.000,325.000,300.000,325.000,-1,-1,-1,700.000,675.000,750.000,-1,-1,1,0,2,0,2,0,0,0,0,2,2,2,1,0,0,2,2
22,-7545.181,-4923.875,-282.301,-114.143,-0.409385,0.912359,0.002320,-0.911612,-0.408945,-0.041561,-0.036970,-0.019130,0.999133,0,0.08000,-0.03743,4.800,-0.075,675.000,375.000,-1,400.000,-1,325.000,325.000,300.000,325.000,-1,-1,-1,700.000,675.000,750.000,-1,-1,1,0,2,0,2,0,0,0,0,2,2,2,1,0,0,2,2
23,-7549.084,-4932.645,-282.648,-113.993,-0.406977,0.913436,0.002141,-0.912690,-0.406548,-0.041414,-0.036959,-0.018809,0.999140,0,0.16000,0.07530,9.600,0.151,675.000,375.000,-1,400.000,-1,325.000,325.000,325.000,325.000,-1,-1,-1,700.000,675.000,750.000,-1,-1,1,0,2,0,2,0,0,0,0,2,2,2,1,0,0,2,2
24,-7554.905,-4945.817,-283.169,-113.841,-0.404545,0.914516,0.001870,-0.913773,-0.404132,-0.041192,-0.036915,-0.018373,0.999149,0,0.24000,0.07583,14.400,0.152,650.000,375.000,-1,400.000,-1,325.000,325.000,325.000,325.000,-1,-1,-1,725.000,675.000,750.000,-1,-1,1,0,2,0,2,0,0,0,0,2,2,2,1,0,0,2,2
25,-7562.619,-4963.399,-283.867,-113.688,-0.402079,0.915604,0.001508,-0.914864,-0.401686,-0.040892,-0.036835,-0.017821,0.999162,0,0.32000,0.07669,19.200,0.153,650.000,375.000,-1,400.000,-1,325.000,325.000,325.000,325.000,-1,-1,-1,725.000,675.000,750.000,1000.000,-1,1,0,2,0,2,0,0,0,0,2,2,2,1,0,0,1,2
26,-7572.201,-4985.403,-284.743,-113.532,-0.399567,0.916703,0.001058,-0.915969,-0.399200,-0.040510,-0.036713,-0.017156,0.999179,0,0.40000,0.07790,24.000,0.156,650.000,375.000,-1,400.000,-1,325.000,325.000,325.000,325.000,-1,-1,-1,725.000,675.000,750.000,1000.000,-1,1,0,2,0,2,0,0,0,0,2,2,2,1,0,0,1,2
27,-7583.627,-5011.839,-285.799,-113.373,-0.396998,0.917819,0.000523,-0.917092,-0.396661,-0.040041,-0.036543,-0.016376,0.999198,0,0.48000,0.07946,28.800,0.159,650.000,375.000,-1,400.000,-1,325.000,325.000,325.000,325.000,-1,-1,-1,750.000,675.000,750.000,975.000,-1,1,0,2,0,2,0,0,0,0,2,2,2,1,0,0,1,2
28,-7596.869,-5042.720,-287.038,-113.210,-0.394361,0.918956,-0.000094,-0.918238,-0.394057,-0.039480,-0.036317,-0.015483,0.999220,0,0.56000,0.08140,33.600,0.163,650.000,375.000,-1,400.000,-1,325.000,325.000,325.000,325.000,-1,-1,-1,775.000,675.000,750.000,925.000,-1,1,0,2,0,2,0,0,0,0,2,2,2,1,0,0,1,2
29,-7611.204,-5076.422,-288.397,-113.043,-0.391643,0.920117,-0.000757,-0.919411,-0.391375,-0.038849,-0.036042,-0.014519,0.999245,0,0.61040,0.08373,36.624,0.167,625.000,375.000,-1,400.000,-1,325.000,325.000,325.000,325.000,-1,-1,-1,775.000,675.000,725.000,900.000,-1,1,0,2,0,2,0,0,0,0,2,2,2,1,0,0,1,2
30,-7625.438,-5110.166,-289.764,-112.870,-0.388839,0.921305,-0.001415,-0.920612,-0.388605,-0.038202,-0.035745,-0.013552,0.999269,0,0.61038,0.08634,36.623,0.173,625.000,375.000,-1,400.000,-1,300.000,325.000,325.000,325.000,-1,-1,-1,800.000,675.000,725.000,875.000,-1,1,0,2,0,2,0,0,0,0,2,2,2,1,0,0,1,2
31,-7639.563,-5143.946,-291.104,-112.692,-0.385941,0.922521,-0.002237,-0.921839,-0.385747,-0.037586,-0.035537,-0.012444,0.999291,0,0.61025,0.08899,36.615,0.178,625.000,375.000,-1,400.000,-1,300.000,325.000,325.000,325.000,-1,-1,-1,825.000,675.000,725.000,850.000,-1,1,0,2,0,2,0,0,0,0,2,2,2,1,0,0,1,2
32,-7653.575,-5177.758,-292.407,-112.509,-0.382947,0.923765,-0.003168,-0.923101,-0.382798,-0.036746,-0.035157,-0.011148,0.999320,0,0.61000,0.09169,36.600,0.183,650.000,375.000,-1,400.000,-1,300.000,325.000,325.000,325.000,-1,-1,-1,850.000,675.000,725.000,800.000,-1,1,0,2,0,2,0,0,0,0,2,2,2,1,0,0,1,2
33,-7667.466,-5211.596,-293.568,-112.320,-0.379844,0.925040,-0.004475,-0.924416,-0.379758,-0.035205,-0.034265,-0.009235,0.999370,0,0.60964,0.09444,36.578,0.189,650.000,375.000,-1,375.000,-1,300.000,325.000,325.000,325.000,-1,-1,-1,875.000,675.000,725.000,775.000,-1,1,0,2,0,2,0,0,0,0,2,2,2,1,0,0,1,2
34,-7681.232,-5245.453,-294.801,-112.125,-0.376656,0.926336,-0.005615,-0.925745,-0.376621,-0.033950,-0.033564,-0.007589,0.999408,0,0.60916,0.09724,36.549,0.194,675.000,375.000,-1,375.000,-1,300.000,325.000,325.000,325.000,-1,-1,-1,900.000,675.000,700.000,750.000,-1,1,0,2,0,2,0,0,0,0,2,2,2,1,1,0,1,2
35,-7694.867,-5279.326,-296.038,-111.925,-0.373373,0.927657,-0.006759,-0.927100,-0.373387,-0.032673,-0.032833,-0.005933,0.999443,0,0.60856,0.10008,36.513,0.200,650.000,375.000,1000.000,375.000,-1,300.000,325.000,325.000,300.000,-1,-1,-1,925.000,650.000,700.000,725.000,-1,1,0,1,0,2,0,0,0,0,2,2,2,1,1,0,1,2
36,-7708.363,-5313.207,-297.259,-111.719,-0.369996,0.929000,-0.007863,-0.928478,-0.370054,-0.031452,-0.032128,-0.004336,0.999474,0,0.60784,0.10295,36.470,0.206,625.000,375.000,975.000,375.000,-1,300.000,300.000,325.000,300.000,-1,-1,-1,950.000,625.000,700.000,675.000,-1,1,0,1,0,2,0,0,0,0,2,2,2,1,1,0,1,2
37,-7721.715,-5347.090,-298.379,-111.507,-0.366529,0.930365,-0.008732,-0.929866,-0.366620,-0.030625,-0.031694,-0.003105,0.999493,0,0.60699,0.10586,36.420,0.212,600.000,375.000,925.000,375.000,-1,300.000,300.000,325.000,300.000,-1,-1,-1,975.000,600.000,700.000,650.000,-1,1,0,1,0,2,0,0,1,0,2,2,2,1,1,0,1,2
38,-7734.918,-5380.970,-299.371,-111.290,-0.362981,0.931753,-0.009023,-0.931285,-0.363085,-0.029627,-0.030881,-0.002351,0.999520,0,0.60603,0.10880,36.362,0.218,600.000,375.000,900.000,375.000,-1,300.000,300.000,300.000,300.000,-1,-1,-1,1000.000,575.000,700.000,625.000,-1,1,0,1,0,2,0,0,1,0,2,2,2,1,1,0,1,2
39,-7747.964,-5414.841,-300.256,-111.066,-0.359345,0.933163,-0.008843,-0.932730,-0.359448,-0.028483,-0.029758,-0.001987,0.999555,0,0.60495,0.11176,36.297,0.224,575.000,375.000,875.000,375.000,-1,300.000,300.000,300.000,300.000,-1,-1,-1,-1,575.000,700.000,600.000,-1,1,0,1,0,2,0,0,1,0,2,2,2,2,1,0,1,2
40,-7760.850,-5448.697,-301.136,-110.837,-0.355607,0.934596,-0.008653,-0.934197,-0.355708,-0.027337,-0.028627,-0.001638,0.999589,0,0.60374,0.11473,36.225,0.229,550.000,375.000,825.000,375.000,-1,300.000,300.000,275.000,300.000,-1,-1,725.000,-1,550.000,700.000,550.000,-1,1,0,1,0,2,0,0,1,0,2,2,0,2,1,1,1,2
41,-7773.568,-5482.531,-302.011,-110.601,-0.351766,0.936050,-0.008452,-0.935684,-0.351865,-0.026187,-0.027486,-0.001303,0.999621,0,0.60243,0.11772,36.146,0.235,525.000,375.000,800.000,375.000,-1,300.000,300.000,275.000,300.000,-1,-1,575.000,-1,525.000,675.000,525.000,-1,1,0,1,0,2,0,0,1,0,2,2,0,2,1,1,1,2
42,-7786.115,-5516.337,-302.880,-110.361,-0.347839,0.937518,-0.008241,-0.937184,-0.347935,-0.025033,-0.026337,-0.000984,0.999653,0,0.60100,0.12017,36.060,0.240,500.000,375.000,750.000,375.000,-1,300.000,300.000,275.000,300.000,-1,-1,500.000,-1,500.000,650.000,500.000,-1,1,0,1,0,2,0,0,1,0,2,2,0,2,1,1,1,2
43,-7798.486,-5550.110,-303.744,-110.119,-0.343873,0.938982,-0.008022,-0.938679,-0.343965,-0.023877,-0.025179,-0.000681,0.999683,0,0.59946,0.12122,35.968,0.242,475.000,375.000,725.000,375.000,-1,300.000,325.000,250.000,300.000,-1,875.000,500.000,-1,475.000,625.000,475.000,-1,1,1,1,0,2,0,0,1,0,2,0,0,2,1,1,1,2
44,-7810.680,-5583.843,-304.603,-109.874,-0.339869,0.940441,-0.007793,-0.940166,-0.339958,-0.022718,-0.024014,-0.000394,0.999712,0,0.59782,0.12218,35.869,0.244,425.000,375.000,700.000,375.000,-1,300.000,325.000,250.000,325.000,-1,750.000,500.000,-1,450.000,600.000,425.000,-1,1,1,1,0,2,0,0,1,0,2,0,0,2,1,1,1,2
45,-7822.694,-5617.529,-305.455,-109.628,-0.335830,0.941892,-0.007556,-0.941646,-0.335915,-0.021556,-0.022842,-0.000124,0.999739,0,0.59607,0.12306,35.764,0.246,400.000,350.000,650.000,375.000,-1,325.000,325.000,250.000,325.000,-1,650.000,475.000,-1,425.000,575.000,400.000,-1,1,1,1,0,2,0,0,1,0,2,0,0,2,1,1,1,2
46,-7834.526,-5651.163,-306.303,-109.380,-0.331759,0.943336,-0.007312,-0.943115,-0.331840,-0.020391,-0.021662,0.000131,0.999765,0,0.59424,0.12386,35.654,0.248,375.000,325.000,625.000,375.000,-1,300.000,325.000,250.000,325.000,-1,600.000,475.000,-1,400.000,550.000,375.000,-1,1,1,1,0,2,1,0,1,0,2,0,0,2,1,1,1,2
47,-7846.173,-5684.739,-307.145,-109.131,-0.327659,0.944770,-0.007059,-0.944574,-0.327735,-0.019224,-0.020476,0.000369,0.999790,0,0.59232,0.12457,35.539,0.249,350.000,300.000,600.000,375.000,-1,300.000,325.000,250.000,325.000,-1,550.000,475.000,-1,375.000,525.000,350.000,825.000,1,1,1,1,2,1,1,1,0,2,0,0,2,1,1,1,1
48,-7857.635,-5718.252,-307.981,-108.881,-0.323532,0.946193,-0.006800,-0.946021,-0.323603,-0.018055,-0.019284,0.000592,0.999814,0,0.59032,0.12520,35.419,0.250,300.000,300.000,550.000,350.000,-1,275.000,300.000,250.000,325.000,-1,475.000,475.000,-1,350.000,475.000,300.000,750.000,1,1,1,1,2,1,1,1,0,2,0,0,2,1,1,1,1
49,-7870.354,-5756.407,-308.910,-108.436,-0.316174,0.948679,-0.006478,-0.948532,-0.316240,-0.016697,-0.017888,0.000866,0.999840,0,0.67032,0.22263,40.219,0.445,275.000,275.000,525.000,325.000,-1,250.000,275.000,250.000,325.000,-1,450.000,450.000,-1,325.000,450.000,275.000,675.000,1,1,1,1,2,1,1,1,0,2,0,0,2,1,1,1,1
50,-7884.257,-5799.226,-309.917,-107.989,-0.308781,0.951113,-0.006165,-0.950993,-0.308840,-0.015190,-0.016352,0.001173,0.999866,0,0.75032,0.22315,45.019,0.446,225.000,250.000,475.000,300.000,-1,225.000,250.000,250.000,300.000,-1,425.000,425.000,-1,300.000,425.000,225.000,600.000,1,1,1,1,2,1,1,1,0,2,0,0,2,1,1,1,1
51,-7898.772,-5845.143,-310.243,-107.542,-0.301320,0.953486,-0.008430,-0.953425,-0.301404,-0.011650,-0.013649,0.004527,0.999897,0,0.80261,0.22362,48.157,0.447,200.000,225.000,425.000,275.000,-1,200.000,225.000,250.000,300.000,-1,425.000,425.000,-1,275.000,375.000,200.000,525.000,1,1,1,1,2,1,1,1,0,2,0,0,2,1,1,1,1
52,-7912.872,-5891.007,-306.486,-107.094,-0.294011,0.955533,-0.022690,-0.955797,-0.293854,0.010035,0.002922,0.024637,0.999692,0,0.79971,0.22396,47.982,0.448,200.000,225.000,425.000,275.000,-1,200.000,225.000,275.000,300.000,-1,300.000,250.000,-1,275.000,375.000,200.000,525.000,1,1,1,1,2,1,1,1,0,2,0,0,2,1,1,1,1
53,-7928.141,-5941.488,-302.291,-106.842,-0.290618,0.956056,-0.038700,-0.956603,-0.289411,0.033926,0.021235,0.046880,0.998675,0,0.87899,0.12622,52.740,0.252,200.000,200.000,425.000,250.000,-1,200.000,200.000,300.000,275.000,-1,250.000,150.000,900.000,275.000,350.000,175.000,525.000,1,1,1,1,2,1,1,1,0,2,0,0,0,1,1,1,1
54,-7943.247,-5992.258,-297.605,-106.590,-0.287845,0.956195,-0.053250,-0.956867,-0.284870,0.057057,0.039389,0.067377,0.996950,0,0.88281,0.12596,52.968,0.252,200.000,200.000,425.000,250.000,-1,200.000,200.000,350.000,275.000,-1,225.000,125.000,650.000,250.000,350.000,175.000,-1,1,1,1,1,2,1,1,1,0,2,0,0,0,1,1,1,2
55,4919.499,8855.095,-288.539,-29.075,0.874325,0.485320,-0.004604,-0.484180,0.872849,0.060859,0.033554,-0.050981,0.998136,1,0.00000,0.00000,53.198,0.251,-1,425.000,-1,400.000,-1,325.000,325.000,300.000,300.000,-1,550.000,450.000,450.000,950.000,850.000,-1,-1,2,0,2,0,2,0,0,0,0,2,1,1,1,0,0,2,2
56,4923.703,8852.780,-288.385,-28.835,0.876350,0.481655,-0.004422,-0.480532,0.874866,0.060822,0.033163,-0.051177,0.998139,0,0.08000,0.12000,4.800,0.240,-1,425.000,-1,400.000,-1,325.000,325.000,300.000,300.000,-1,550.000,450.000,450.000,950.000,850.000,-1,-1,2,0,2,0,2,0,0,0,0,2,1,1,1,0,0,2,2
57,4932.152,8848.221,-288.083,-28.355,0.880354,0.474299,-0.004056,-0.473210,0.878853,0.060749,0.032378,-0.051561,0.998145,0,0.16000,0.24000,9.600,0.480,-1,425.000,-1,400.000,-1,325.000,325.000,300.000,300.000,-1,550.000,450.000,475.000,950.000,850.000,-1,-1,2,0,2,0,2,0,0,0,0,2,1,1,1,0,0,2,2
58,4944.909,8841.542,-287.639,-27.635,0.886245,0.463204,-0.003506,-0.462166,0.884717,0.060642,0.031192,-0.052123,0.998153,0,0.24000,0.36000,14.400,0.720,-1,425.000,-1,400.000,-1,325.000,325.000,300.000,300.000,-1,550.000,475.000,475.000,950.000,850.000,-1,-1,2,0,2,0,2,0,0,0,0,2,1,1,1,0,0,2,2
59,4962.031,8832.855,-287.059,-26.903,0.892092,0.451845,-0.002772,-0.450869,0.890537,0.060512,0.029810,-0.052732,0.998164,0,0.32000,0.36614,19.200,0.732,-1,425.000,-1,400.000,-1,325.000,325.000,300.000,300.000,-1,575.000,475.000,500.000,950.000,850.000,-1,-1,2,0,2,0,2,0,0,0,0,2,1,1,1,0,0,2,2
60,4983.571,8822.272,-286.350,-26.167,0.897818,0.440364,-0.001851,-0.439461,0.896231,0.060358,0.028238,-0.053377,0.998175,0,0.40000,0.36767,24.000,0.735,-1,425.000,-1,400.000,-1,325.000,325.000,300.000,300.000,-1,575.000,500.000,525.000,950.000,850.000,-1,-1,2,0,2,0,2,0,0,0,0,2,1,1,1,0,0,2,2
61,5009.581,8809.907,-285.521,-25.428,0.903423,0.428749,-0.000740,-0.427932,0.901805,0.060177,0.026468,-0.054048,0.998187,0,0.48000,0.36961,28.800,0.739,-1,425.000,-1,400.000,-1,325.000,325.000,300.000,300.000,-1,600.000,525.000,550.000,950.000,850.000,-1,-1,2,0,2,0,2,0,0,0,0,2,1,1,1,0,0,2,2
62,5040.111,8795.876,-284.579,-24.684,0.908911,0.416989,0.000566,-0.416269,0.907262,0.059966,0.024492,-0.054739,0.998200,0,0.56000,0.37195,33.600,0.744,-1,425.000,-1,400.000,-1,325.000,325.000,300.000,275.000,-1,625.000,550.000,600.000,950.000,875.000,-1,-1,2,0,2,0,2,0,0,0,0,2,1,1,1,0,0,2,2
63,5075.209,8780.298,-283.533,-23.935,0.914283,0.405071,0.002070,-0.404462,0.912603,0.059723,0.022303,-0.055441,0.998213,0,0.64000,0.37471,38.400,0.749,-1,425.000,-1,400.000,-1,325.000,325.000,300.000,275.000,-1,675.000,600.000,650.000,950.000,875.000,-1,-1,2,0,2,0,2,0,0,0,0,2,1,1,1,0,0,2,2
64,5111.002,8764.973,-282.522,-23.179,0.919539,0.392982,0.003588,-0.392484,0.917829,0.059559,0.020112,-0.056175,0.998218,0,0.64892,0.37789,38.935,0.756,-1,425.000,-1,400.000,-1,325.000,325.000,300.000,275.000,-1,700.000,625.000,675.000,975.000,875.000,-1,-1,2,0,2,0,2,0,0,0,0,2,1,1,1,0,0,2,2
65,5150.846,8748.337,-281.578,-22.663,0.923037,0.384677,0.005066,-0.384268,0.921264,0.060099,0.018452,-0.057420,0.998180,0,0.71964,0.25789,43.178,0.516,-1,425.000,-1,400.000,-1,325.000,325.000,300.000,300.000,-1,750.000,675.000,725.000,975.000,875.000,-1,-1,2,0,2,0,2,0,0,0,0,2,1,1,1,0,0,2,2
66,5190.959,8731.959,-280.804,-22.213,0.926028,0.377387,0.007200,-0.377100,0.924160,0.061019,0.016373,-0.059221,0.998111,0,0.72213,0.22509,43.328,0.450,-1,425.000,-1,400.000,-1,350.000,325.000,300.000,300.000,-1,800.000,725.000,775.000,975.000,900.000,-1,-1,2,0,2,0,2,0,0,0,0,2,1,1,1,0,0,2,2
67,5231.346,8715.844,-280.189,-21.755,0.929001,0.369943,0.009939,-0.369818,0.927013,0.062304,0.013835,-0.061556,0.998008,0,0.72472,0.22875,43.483,0.458,-1,425.000,-1,400.000,-1,350.000,325.000,300.000,300.000,-1,825.000,750.000,825.000,975.000,900.000,-1,-1,2,0,2,0,2,0,0,0,0,2,1,1,1,0,0,2,2
68,5272.011,8699.999,-279.590,-21.291,0.931954,0.362357,0.012624,-0.362401,0.929850,0.063594,0.011306,-0.063842,0.997896,0,0.72739,0.23245,43.643,0.465,-1,425.000,-1,425.000,-1,350.000,325.000,300.000,300.000,-1,875.000,800.000,875.000,975.000,900.000,-1,-1,2,0,2,0,2,0,0,0,0,2,1,1,1,0,0,2,2
69,5312.958,8684.432,-279.072,-20.818,0.934885,0.354631,0.015103,-0.354841,0.932678,0.064801,0.008895,-0.065941,0.997784,0,0.73012,0.23617,43.807,0.472,-1,425.000,-1,425.000,-1,350.000,325.000,275.000,300.000,-1,925.000,850.000,925.000,950.000,900.000,-1,-1,2,0,2,0,2,0,0,0,0,2,1,1,1,0,0,2,2
70,5354.191,8669.149,-278.834,-20.338,0.937800,0.346779,0.016578,-0.347101,0.935542,0.065443,0.007185,-0.067127,0.997719,0,0.73291,0.23993,43.975,0.480,-1,425.000,-1,425.000,-1,350.000,325.000,275.000,300.000,-1,950.000,900.000,975.000,975.000,900.000,-1,-1,2,0,2,0,2,0,0,0,0,2,1,1,1,0,0,2,2
71,5398.707,8653.197,-278.968,-19.716,0.941465,0.336595,0.018654,-0.337085,0.939255,0.064608,0.004225,-0.067114,0.997736,0,0.78813,0.31127,47.288,0.623,-1,425.000,-1,425.000,-1,325.000,325.000,275.000,300.000,-1,1000.000,925.000,-1,950.000,900.000,-1,-1,2,0,2,0,2,0,0,0,0,2,1,1,2,0,0,2,2
72,5443.462,8637.710,-279.163,-19.089,0.945040,0.326297,0.020751,-0.326954,0.942889,0.063738,0.001232,-0.067019,0.997751,0,0.78933,0.31354,47.360,0.627,-1,425.000,-1,425.000,-1,325.000,325.000,275.000,300.000,-1,-1,975.000,-1,950.000,900.000,-1,-1,2,0,2,0,2,0,0,0,0,2,2,1,2,0,0,2,2
73,5488.451,8622.694,-279.407,-18.457,0.948523,0.315884,0.022850,-0.316705,0.946437,0.062889,-0.001760,-0.066889,0.997759,0,0.79048,0.31586,47.429,0.632,-1,425.000,-1,400.000,-1,325.000,325.000,275.000,300.000,-1,-1,-1,-1,950.000,900.000,-1,-1,2,0,2,0,2,0,0,0,0,2,2,2,2,0,0,2,2
74,5533.665,8608.160,-279.698,-17.821,0.951912,0.305355,0.024951,-0.306336,0.949898,0.062063,-0.004750,-0.066722,0.997760,0,0.79155,0.31822,47.493,0.636,-1,400.000,-1,400.000,-1,325.000,325.000,300.000,300.000,-1,-1,-1,-1,950.000,900.000,-1,-1,2,0,2,0,2,0,0,0,0,2,2,2,2,0,0,2,2
75,5579.096,8594.115,-280.037,-17.179,0.955204,0.294709,0.027055,-0.295847,0.953269,0.061259,-0.007737,-0.066519,0.997755,0,0.79255,0.32063,47.553,0.641,-1,425.000,-1,400.000,-1,325.000,325.000,300.000,300.000,-1,-1,-1,-1,950.000,875.000,-1,-1,2,0,2,0,2,0,0,0,0,2,2,2,2,0,0,2,2
76,5624.736,8580.568,-280.424,-16.533,0.958397,0.283945,0.029161,-0.285237,0.956547,0.060480,-0.010721,-0.066281,0.997743,0,0.79347,0.32308,47.608,0.646,975.000,425.000,-1,400.000,-1,325.000,325.000,300.000,300.000,-1,-1,-1,-1,925.000,875.000,-1,-1,1,0,2,0,2,0,0,0,0,2,2,2,2,0,0,2,2
77,5670.575,8567.526,-280.858,-15.882,0.961489,0.273060,0.031269,-0.274503,0.959730,0.059725,-0.013702,-0.066008,0.997725,0,0.79431,0.32559,47.659,0.651,950.000,425.000,-1,400.000,-1,325.000,325.000,300.000,300.000,-1,-1,-1,-1,925.000,875.000,-1,-1,1,0,2,0,2,0,0,0,0,2,2,2,2,1,0,2,2
78,5716.604,8554.998,-281.339,-15.226,0.964476,0.262054,0.033380,-0.263645,0.962814,0.058995,-0.016679,-0.065700,0.997700,0,0.79506,0.32815,47.703,0.656,925.000,425.000,-1,400.000,-1,325.000,325.000,300.000,300.000,-1,-1,-1,-1,900.000,875.000,-1,-1,1,0,2,0,2,0,0,0,0,2,2,2,2,1,0,2,2
79,5762.812,8542.993,-281.867,-14.564,0.967355,0.250926,0.035494,-0.252661,0.965797,0.058293,-0.019652,-0.065357,0.997668,0,0.79571,0.33076,47.743,0.662,875.000,425.000,-1,400.000,-1,325.000,325.000,300.000,300.000,-1,-1,-1,-1,850.000,875.000,-1,-1,1,0,2,0,2,0,0,0,0,2,2,2,2,1,0,2,2
80,5809.190,8531.518,-282.440,-13.897,0.970125,0.239675,0.037609,-0.241551,0.968676,0.057618,-0.022622,-0.064981,0.997630,0,0.79626,0.33343,47.776,0.667,850.000,425.000,-1,400.000,-1,325.000,325.000,300.000,300.000,-1,-1,-1,-1,825.000,875.000,-1,-1,1,0,2,0,2,0,0,0,0,2,2,2,2,1,0,2,2
81,5855.724,8520.583,-283.319,-13.225,0.972803,0.228283,0.039271,-0.230297,0.971381,0.058154,-0.024871,-0.065617,0.997535,0,0.79671,0.33615,47.803,0.672,825.000,425.000,-1,425.000,-1,350.000,325.000,300.000,300.000,-1,-1,-1,-1,800.000,875.000,-1,-1,1,0,2,0,2,0,0,0,0,2,2,2,2,1,0,2,2
82,5902.405,8510.196,-284.619,-12.547,0.975321,0.216744,0.042078,-0.219011,0.973875,0.060018,-0.027970,-0.067752,0.997310,0,0.79704,0.33893,47.823,0.678,775.000,425.000,-1,425.000,-1,350.000,325.000,300.000,300.000,-1,-1,-1,-1,775.000,850.000,950.000,-1,1,0,2,0,2,0,0,0,0,2,2,2,2,1,0,1,2
83,5949.219,8500.364,-286.050,-11.864,0.977728,0.205085,0.044577,-0.207590,0.976273,0.061629,-0.030881,-0.069510,0.997103,0,0.79726,0.34177,47.836,0.684,750.000,425.000,-1,425.000,-1,350.000,325.000,300.000,325.000,-1,-1,-1,-1,750.000,850.000,900.000,-1,1,0,2,0,2,0,0,0,0,2,2,2,2,1,0,1,2
84,5996.153,8491.094,-288.041,-11.174,0.980033,0.193328,0.046481,-0.195976,0.978681,0.061464,-0.033607,-0.069345,0.997026,0,0.79735,0.34466,47.841,0.689,700.000,425.000,-1,425.000,-1,325.000,325.000,300.000,300.000,-1,-1,-1,-1,700.000,850.000,850.000,-1,1,0,2,0,2,0,0,0,0,2,2,2,2,1,0,1,2
85,6043.194,8482.393,-290.162,-10.479,0.982201,0.181445,0.048566,-0.184236,0.980989,0.060978,-0.036578,-0.068841,0.996957,0,0.79731,0.34760,47.839,0.695,675.000,425.000,-1,400.000,-1,325.000,325.000,275.000,300.000,-1,-1,-1,-1,675.000,850.000,800.000,-1,1,0,2,0,2,0,0,0,0,2,2,2,2,1,0,1,2
86,6090.328,8474.270,-292.321,-9.778,0.984240,0.169432,0.050638,-0.172364,0.983170,0.060556,-0.039526,-0.068330,0.996879,0,0.79714,0.35060,47.829,0.701,650.000,425.000,-1,400.000,-1,325.000,325.000,275.000,300.000,-1,-1,-1,-1,650.000,825.000,750.000,-1,1,0,2,0,2,0,0,0,0,2,2,2,2,1,0,1,2
87,6137.540,8466.733,-294.519,-9.071,0.986146,0.157288,0.052698,-0.160357,0.985222,0.060197,-0.042451,-0.067813,0.996795,0,0.79683,0.35365,47.810,0.707,600.000,400.000,-1,400.000,-1,325.000,325.000,275.000,300.000,-1,-1,-1,-1,625.000,825.000,700.000,-1,1,0,2,0,2,0,0,1,0,2,2,2,2,1,0,1,2
88,6184.815,8459.788,-296.755,-8.357,0.987914,0.145012,0.054745,-0.148218,0.987139,0.059898,-0.045355,-0.067288,0.996702,0,0.79638,0.35676,47.783,0.714,575.000,400.000,-1,400.000,-1,325.000,325.000,275.000,300.000,-1,-1,-1,-1,600.000,825.000,625.000,-1,1,0,2,0,2,0,0,1,0,2,2,2,2,1,0,1,2
89,6232.139,8453.442,-299.030,-7.637,0.989541,0.132604,0.056782,-0.135944,0.988919,0.059659,-0.048241,-0.066755,0.996603,0,0.79579,0.35990,47.747,0.720,550.000,400.000,-1,400.000,-1,325.000,325.000,275.000,300.000,-1,-1,-1,-1,550.000,825.000,575.000,-1,1,1,2,0,2,0,0,1,0,2,2,2,2,1,0,1,2
90,6279.495,8447.703,-301.343,-6.911,0.991023,0.120065,0.058808,-0.123538,0.990556,0.059480,-0.051111,-0.066211,0.996496,0,0.79504,0.36309,47.702,0.726,500.000,375.000,-1,400.000,-1,325.000,325.000,250.000,300.000,-1,-1,-1,-1,525.000,800.000,550.000,-1,1,1,2,0,2,1,0,1,0,2,2,2,2,1,0,1,2
91,6326.867,8442.574,-303.694,-6.178,0.992354,0.107393,0.060824,-0.110998,0.992046,0.059358,-0.053965,-0.065655,0.996382,0,0.79415,0.36631,47.649,0.733,475.000,350.000,-1,400.000,-1,325.000,325.000,250.000,300.000,-1,-1,-1,-1,500.000,800.000,500.000,-1,1,1,2,0,2,1,1,1,0,2,2,2,2,1,0,1,2
92,6374.238,8438.063,-306.083,-5.439,0.993532,0.094591,0.062831,-0.098327,0.993386,0.059293,-0.056807,-0.065087,0.996261,0,0.79310,0.36956,47.586,0.739,450.000,350.000,-1,400.000,-1,300.000,325.000,250.000,300.000,-1,-1,-1,-1,475.000,800.000,450.000,-1,1,1,2,0,2,1,1,1,0,2,2,2,2,1,0,1,2
93,6421.594,8434.175,-308.509,-4.694,0.994550,0.081658,0.064830,-0.085524,0.994571,0.059284,-0.059637,-0.064505,0.996134,0,0.79191,0.37283,47.515,0.746,400.000,325.000,-1,400.000,-1,300.000,300.000,250.000,300.000,-1,-1,-1,-1,450.000,775.000,400.000,-1,1,1,2,0,2,1,1,1,0,2,2,2,2,1,0,1,2
94,6468.916,8430.912,-310.973,-3.945,0.995400,0.068656,0.066822,-0.072652,0.995591,0.059329,-0.062454,-0.063911,0.995999,0,0.79057,0.37441,47.434,0.749,350.000,300.000,-1,400.000,-1,275.000,300.000,250.000,300.000,-1,-1,-1,-1,425.000,775.000,350.000,-1,1,1,2,0,2,1,1,1,0,2,2,2,2,1,0,1,2
95,6512.888,8428.482,-313.302,-3.162,0.996119,0.055057,0.068667,-0.059174,0.996476,0.059440,-0.065152,-0.063273,0.995867,0,0.73398,0.39120,44.039,0.782,325.000,275.000,-1,400.000,-1,250.000,300.000,250.000,300.000,-1,-1,-1,-1,400.000,775.000,300.000,-1,1,1,2,0,2,1,1,1,0,2,2,2,2,1,0,1,2
96,6557.038,8426.648,-315.484,-2.377,0.996762,0.041396,0.068932,-0.045481,0.997233,0.058795,-0.066307,-0.061739,0.995887,0,0.73649,0.39271,44.189,0.785,275.000,275.000,-1,400.000,-1,250.000,275.000,250.000,300.000,-1,-1,-1,-1,375.000,775.000,275.000,-1,1,1,2,0,2,1,1,1,0,2,2,2,2,1,0,1,2
97,6601.357,8425.409,-316.128,-1.588,0.997757,0.027683,0.060943,-0.030706,0.998315,0.049239,-0.059477,-0.051000,0.996926,0,0.73896,0.39431,44.338,0.789,275.000,275.000,-1,425.000,-1,250.000,300.000,250.000,300.000,-1,-1,-1,-1,375.000,825.000,275.000,-1,1,1,2,0,2,1,1,1,0,2,2,2,2,1,0,1,2
98,6645.835,8424.782,-316.832,-0.796,0.998493,0.013889,0.053091,-0.015973,0.999110,0.039044,-0.052502,-0.039834,0.997826,0,0.74140,0.39599,44.484,0.792,250.000,275.000,-1,425.000,-1,250.000,300.000,275.000,300.000,-1,-1,-1,-1,375.000,850.000,250.000,-1,1,1,2,1,2,1,1,1,0,2,2,2,2,1,0,1,2
99,6690.461,8424.775,-317.526,-0.001,0.998971,0.000015,0.045353,-0.001304,0.999596,0.028391,-0.045334,-0.028421,0.998567,0,0.74379,0.39778,44.627,0.796,250.000,275.000,-1,450.000,-1,250.000,300.000,275.000,275.000,-1,-1,-1,-1,375.000,900.000,250.000,-1,1,1,2,1,2,1,1,1,0,2,2,2,2,1,0,1,2
100,6735.224,8425.394,-318.204,0.799,0.999191,-0.013935,0.037716,0.013292,0.999763,0.017236,-0.037947,-0.016721,0.999140,0,0.74612,0.39970,44.767,0.799,225.000,275.000,-1,450.000,-1,250.000,300.000,275.000,275.000,-1,-1,425.000,-1,375.000,950.000,225.000,-1,1,1,2,1,2,1,1,1,0,2,2,0,2,1,0,1,2
101,6780.109,8426.647,-318.858,1.602,0.999154,-0.027957,0.030171,0.027803,0.999598,0.005533,-0.030313,-0.004690,0.999529,0,0.74839,0.40176,44.903,0.804,225.000,250.000,-1,475.000,-1,250.000,300.000,275.000,275.000,-1,525.000,175.000,-1,350.000,1000.000,225.000,-1,1,1,2,1,2,1,1,1,0,2,0,0,2,1,0,1,2
102,6825.103,8428.540,-319.478,2.410,0.998857,-0.042050,0.022712,0.042213,0.999086,-0.006766,-0.022407,0.007717,0.999719,0,0.75057,0.40399,45.034,0.808,225.000,250.000,-1,475.000,-1,250.000,300.000,300.000,250.000,-1,300.000,125.000,925.000,350.000,-1,225.000,-1,1,1,2,1,2,1,1,1,0,2,0,0,0,1,2,1,2
103,6870.190,8431.080,-319.809,3.223,0.998313,-0.056209,0.014540,0.056479,0.998226,-0.018820,-0.013456,0.019610,0.999717,0,0.75265,0.40642,45.159,0.813,200.000,250.000,-1,500.000,-1,250.000,300.000,300.000,250.000,-1,250.000,100.000,700.000,350.000,-1,200.000,-1,1,1,2,1,2,1,1,1,0,2,0,0,0,1,2,1,2
104,7543.213,-9511.026,-168.434,143.548,-0.803687,-0.593705,-0.040021,0.594672,-0.803760,-0.018319,-0.021291,-0.038522,0.999031,1,0.00000,0.00000,45.276,0.818,400.000,375.000,-1,375.000,-1,300.000,300.000,300.000,325.000,-1,575.000,500.000,-1,500.000,675.000,425.000,-1,1,0,2,0,2,0,0,0,0,2,0,0,2,1,0,1,2
105,7547.075,-9513.876,-168.324,143.567,-0.803868,-0.593448,-0.040196,0.594417,-0.803952,-0.018144,-0.021549,-0.038478,0.999027,0,-0.08000,0.00922,-4.800,0.018,400.000,375.000,-1,375.000,-1,300.000,300.000,300.000,325.000,-1,575.000,500.000,-1,500.000,675.000,425.000,-1,1,0,2,0,2,0,0,0,0,2,0,0,2,1,0,1,2
106,7554.800,-9519.575,-168.105,143.584,-0.804033,-0.593200,-0.040542,0.594175,-0.804139,-0.017793,-0.022047,-0.038395,0.999019,0,-0.16000,0.00888,-9.600,0.018,400.000,375.000,-1,375.000,-1,300.000,300.000,300.000,325.000,-1,575.000,500.000,-1,500.000,675.000,425.000,-1,1,0,2,0,2,0,0,0,0,2,0,0,2,1,0,1,2
107,7566.153,-9527.945,-167.793,143.601,-0.804178,-0.592973,-0.041003,0.593954,-0.804314,-0.017268,-0.022740,-0.038240,0.999010,0,-0.23506,0.00823,-14.104,0.016,400.000,375.000,-1,375.000,-1,300.000,300.000,300.000,325.000,-1,575.000,500.000,-1,500.000,675.000,450.000,-1,1,0,2,0,2,0,0,0,0,2,0,0,2,1,0,1,2
108,7577.528,-9536.326,-167.480,143.615,-0.804303,-0.592771,-0.041468,0.593758,-0.804470,-0.016746,-0.023433,-0.038090,0.999000,0,-0.23549,0.00730,-14.130,0.015,425.000,375.000,-1,375.000,-1,300.000,300.000,300.000,325.000,-1,575.000,500.000,-1,500.000,675.000,450.000,-1,1,0,2,0,2,0,0,0,0,2,0,0,2,1,0,1,2
109,7588.926,-9544.721,-167.164,143.628,-0.804408,-0.592595,-0.041935,0.593587,-0.804606,-0.016227,-0.024125,-0.037945,0.998989,0,-0.23594,0.00638,-14.156,0.013,425.000,375.000,-1,375.000,-1,300.000,300.000,300.000,325.000,-1,600.000,500.000,-1,525.000,675.000,475.000,-1,1,0,2,0,2,0,0,0,0,2,0,0,2,1,0,1,2
110,7600.349,-9553.131,-166.847,143.639,-0.804494,-0.592445,-0.042405,0.593442,-0.804724,-0.015712,-0.024816,-0.037805,0.998977,0,-0.23640,0.00548,-14.184,0.011,450.000,375.000,-1,375.000,-1,300.000,300.000,300.000,300.000,-1,600.000,500.000,-1,525.000,675.000,475.000,-1,1,0,2,0,2,0,0,0,0,2,0,0,2,1,0,1,2
111,7611.796,-9561.555,-166.527,143.648,-0.804562,-0.592319,-0.042878,0.593321,-0.804823,-0.015200,-0.025506,-0.037670,0.998965,0,-0.23688,0.00459,-14.213,0.009,450.000,375.000,-1,375.000,-1,300.000,300.000,300.000,300.000,-1,600.000,500.000,-1,525.000,675.000,475.000,-1,1,0,2,0,2,0,0,0,0,2,0,0,2,1,0,1,2
112,7623.268,-9569.996,-166.205,143.656,-0.804611,-0.592217,-0.043354,0.593224,-0.804904,-0.014691,-0.026195,-0.037539,0.998952,0,-0.23738,0.00372,-14.243,0.007,475.000,375.000,-1,375.000,-1,300.000,300.000,300.000,300.000,-1,600.000,500.000,-1,550.000,675.000,500.000,-1,1,0,2,0,2,0,0,0,0,2,0,0,2,1,0,1,2
113,7634.766,-9578.454,-165.881,143.662,-0.804642,-0.592140,-0.043832,0.593151,-0.804966,-0.014186,-0.026884,-0.037413,0.998938,0,-0.23789,0.00286,-14.274,0.006,475.000,375.000,-1,375.000,-1,300.000,300.000,300.000,300.000,-1,625.000,500.000,-1,550.000,675.000,500.000,-1,1,0,2,0,2,0,0,0,0,2,0,0,2,1,0,1,2
114,7646.290,-9586.930,-165.555,143.666,-0.804656,-0.592086,-0.044313,0.593101,-0.805012,-0.013683,-0.027571,-0.037293,0.998924,0,-0.23842,0.00202,-14.305,0.004,500.000,375.000,-1,375.000,-1,300.000,300.000,300.000,300.000,-1,625.000,500.000,-1,550.000,675.000,525.000,-1,1,0,2,0,2,0,0,0,0,2,0,0,2,1,0,1,2
115,7657.840,-9595.424,-165.227,143.668,-0.804652,-0.592055,-0.044797,0.593074,-0.805040,-0.013184,-0.028258,-0.037176,0.998909,0,-0.23896,0.00118,-14.338,0.002,500.000,375.000,-1,375.000,-1,300.000,300.000,300.000,300.000,-1,650.000,500.000,-1,550.000,675.000,525.000,-1,1,0,2,0,2,0,0,0,0,2,0,0,2,1,0,1,2
116,7669.418,-9603.939,-164.825,143.669,-0.804635,-0.592041,-0.045270,0.593074,-0.805043,-0.013028,-0.028731,-0.037331,0.998890,0,-0.23952,0.00037,-14.371,0.001,525.000,375.000,-1,375.000,-1,300.000,300.000,300.000,300.000,-1,650.000,500.000,-1,575.000,675.000,550.000,-1,1,0,2,0,2,0,0,0,0,2,0,0,2,1,0,1,2
117,7681.022,-9612.474,-164.405,143.668,-0.804603,-0.592049,-0.045743,0.593097,-0.805027,-0.012951,-0.029156,-0.037550,0.998869,0,-0.24009,-0.00044,-14.405,-0.001,525.000,375.000,-1,375.000,-1,300.000,300.000,300.000,300.000,-1,650.000,500.000,-1,575.000,675.000,550.000,-1,1,0,2,0,2,0,0,0,0,2,0,0,2,1,0,1,2
118,7692.655,-9621.030,-163.982,143.665,-0.804554,-0.592078,-0.046218,0.593142,-0.804995,-0.012881,-0.029578,-0.037777,0.998848,0,-0.24068,-0.00123,-14.441,-0.002,550.000,375.000,-1,375.000,-1,300.000,300.000,300.000,300.000,-1,675.000,500.000,-1,575.000,675.000,550.000,-1,1,0,2,0,2,0,0,0,0,2,0,0,2,1,0,1,2
119,7704.316,-9629.608,-163.556,143.661,-0.804489,-0.592130,-0.046695,0.593210,-0.804946,-0.012817,-0.029998,-0.038011,0.998827,0,-0.24127,-0.00201,-14.476,-0.004,550.000,375.000,-1,375.000,-1,300.000,300.000,300.000,300.000,-1,675.000,500.000,-1,600.000,675.000,575.000,-1,1,0,2,0,2,0,0,0,0,2,0,0,2,1,0,1,2
120,7716.006,-9638.209,-163.128,143.656,-0.804407,-0.592202,-0.047176,0.593299,-0.804881,-0.012759,-0.030415,-0.038253,0.998805,0,-0.24188,-0.00278,-14.513,-0.006,575.000,375.000,-1,375.000,-1,300.000,300.000,300.000,300.000,-1,700.000,500.000,-1,600.000,675.000,575.000,-1,1,0,2,0,2,0,0,0,0,2,0,0,2,1,0,1,2
121,7727.725,-9646.834,-162.696,143.649,-0.804310,-0.592296,-0.047659,0.593410,-0.804800,-0.012708,-0.030829,-0.038502,0.998783,0,-0.24251,-0.00354,-14.551,-0.007,575.000,375.000,-1,375.000,-1,300.000,300.000,300.000,300.000,-1,725.000,500.000,-1,600.000,675.000,600.000,-1,1,0,2,0,2,0,0,0,0,2,0,0,2,1,0,1,2
122,7739.473,-9655.483,-162.261,143.640,-0.804196,-0.592411,-0.048145,0.593542,-0.804703,-0.012663,-0.031241,-0.038759,0.998760,0,-0.24315,-0.00429,-14.589,-0.009,600.000,375.000,-1,375.000,-1,300.000,300.000,300.000,300.000,-1,750.000,500.000,-1,625.000,675.000,600.000,-1,1,0,2,0,2,0,0,0,0,2,0,0,2,1,0,1,2
123,7751.251,-9664.157,-161.824,143.630,-0.804067,-0.592546,-0.048633,0.593695,-0.804591,-0.012624,-0.031650,-0.039024,0.998737,0,-0.24380,-0.00502,-14.628,-0.010,600.000,375.000,-1,375.000,-1,300.000,300.000,300.000,300.000,-1,775.000,500.000,-1,625.000,675.000,625.000,-1,1,0,2,0,2,0,0,0,0,2,0,0,2,1,0,1,2
124,7763.059,-9672.857,-161.383,143.619,-0.803923,-0.592701,-0.049125,0.593869,-0.804464,-0.012592,-0.032056,-0.039297,0.998713,0,-0.24446,-0.00575,-14.667,-0.011,600.000,375.000,-1,375.000,-1,300.000,300.000,300.000,300.000,-1,800.000,475.000,-1,625.000,675.000,625.000,-1,1,0,2,0,2,0,0,0,0,2,0,0,2,1,0,1,2
125,7774.898,-9681.584,-160.939,143.606,-0.803764,-0.592876,-0.049619,0.594062,-0.804321,-0.012566,-0.032459,-0.039577,0.998689,0,-0.24513,-0.00646,-14.708,-0.013,625.000,375.000,-1,375.000,-1,300.000,300.000,300.000,300.000,-1,875.000,475.000,-1,650.000,675.000,650.000,-1,1,0,2,0,2,0,0,0,0,2,0,0,2,1,0,1,2
126,7786.768,-9690.339,-160.492,143.591,-0.803590,-0.593070,-0.050116,0.594276,-0.804163,-0.012547,-0.032860,-0.039865,0.998665,0,-0.24581,-0.00717,-14.749,-0.014,625.000,375.000,-1,375.000,-1,300.000,300.000,300.000,300.000,-1,-1,475.000,-1,650.000,675.000,650.000,-1,1,0,2,0,2,0,0,0,0,2,2,0,2,1,0,1,2
127,7798.669,-9699.121,-160.023,143.576,-0.803396,-0.593282,-0.050704,0.594512,-0.803989,-0.012557,-0.033315,-0.040232,0.998635,0,-0.24651,-0.00786,-14.791,-0.016,650.000,375.000,-1,375.000,-1,300.000,300.000,300.000,300.000,-1,-1,475.000,-1,650.000,675.000,675.000,-1,1,0,2,0,2,0,0,0,0,2,2,0,2,1,0,1,2
128,7810.601,-9707.932,-159.477,143.558,-0.803172,-0.593506,-0.051625,0.594777,-0.803791,-0.012663,-0.033980,-0.040876,0.998586,0,-0.24722,-0.00855,-14.833,-0.017,650.000,375.000,-1,375.000,-1,300.000,300.000,300.000,300.000,-1,-1,475.000,-1,650.000,675.000,675.000,-1,1,0,2,0,2,0,0,0,0,2,2,0,2,0,0,1,2
129,7818.696,-9713.860,-159.104,143.781,-0.805441,-0.590368,-0.052257,0.591664,-0.806084,-0.012727,-0.034610,-0.041169,0.998553,0,-0.16722,0.11145,-10.033,0.223,675.000,375.000,-1,375.000,-1,300.000,300.000,300.000,300.000,-1,-1,500.000,-1,650.000,675.000,700.000,-1,1,0,2,0,2,0,0,0,0,2,2,0,2,0,0,1,2
130,7822.942,-9716.918,-158.906,144.244,-0.810165,-0.583837,-0.052597,0.585144,-0.810829,-0.012748,-0.035205,-0.041105,0.998534,0,-0.08722,0.23145,-5.233,0.463,675.000,375.000,-1,375.000,-1,300.000,300.000,300.000,300.000,-1,-1,500.000,-1,650.000,675.000,700.000,-1,1,0,2,0,2,0,0,0,0,2,2,0,2,0,0,1,2
131,7825.583,-9718.780,-158.782,144.811,-0.815887,-0.575795,-0.052817,0.577104,-0.816571,-0.012754,-0.035786,-0.040887,0.998523,0,-0.05385,0.28334,-3.231,0.567,675.000,375.000,-1,375.000,-1,300.000,300.000,300.000,325.000,-1,-1,500.000,-1,650.000,675.000,700.000,-1,1,0,2,0,2,0,0,0,0,2,2,0,2,0,0,1,2
