timestep,x_cm,y_cm,z_cm,yaw_deg,basis_xx,basis_xy,basis_xz,basis_yx,basis_yy,basis_yz,basis_zx,basis_zy,basis_zz,teleport_flag,throttle_cmd,steering_cmd,cmd_move_cm,cmd_turn_deg,lidar_cm_0,lidar_cm_1,lidar_cm_2,lidar_cm_3,lidar_cm_4,lidar_cm_5,lidar_cm_6,lidar_cm_7,lidar_cm_8,lidar_cm_9,lidar_cm_10,lidar_cm_11,lidar_cm_12,lidar_cm_13,lidar_cm_14,lidar_cm_15,lidar_cm_16,lidar_class_0,lidar_class_1,lidar_class_2,lidar_class_3,lidar_class_4,lidar_class_5,lidar_class_6,lidar_class_7,lidar_class_8,lidar_class_9,lidar_class_10,lidar_class_11,lidar_class_12,lidar_class_13,lidar_class_14,lidar_class_15,lidar_class_16
0,-4268.301,6886.543,204.821,-171.239,-0.988359,0.152140,-0.000796,-0.152006,-0.987243,0.047375,0.006422,0.046945,0.998877,1,0.08000,-0.12000,4.800,-0.240,-1,400.000,-1,375.000,-1,325.000,300.000,325.000,325.000,-1,-1,-1,-1,800.000,750.000,-1,-1,2,0,2,0,2,0,0,0,0,2,2,2,2,0,0,2,2
1,-4277.801,6885.160,204.865,-171.719,-0.989597,0.143864,-0.000771,-0.143739,-0.988482,0.047348,0.006050,0.046966,0.998878,0,0.16000,-0.24000,9.600,-0.480,-1,400.000,-1,375.000,-1,325.000,300.000,325.000,325.000,-1,-1,-1,-1,800.000,750.000,-1,-1,2,0,2,0,2,0,0,0,0,2,2,2,2,0,0,2,2
2,-4292.076,6883.265,204.923,-172.439,-0.991325,0.131431,-0.000741,-0.131318,-0.990210,0.047323,0.005486,0.047009,0.998879,0,0.24000,-0.36000,14.400,-0.720,-1,400.000,-1,375.000,-1,325.000,300.000,325.000,325.000,-1,-1,-1,-1,800.000,750.000,-1,-1,2,0,2,0,2,0,0,0,0,2,2,2,2,0,0,2,2
3,-4311.147,6881.042,204.991,-173.351,-0.993290,0.115651,-0.000714,-0.115555,-0.992174,0.047316,0.004763,0.047081,0.998880,0,0.32000,-0.45606,19.200,-0.912,-1,400.000,-1,375.000,-1,325.000,300.000,325.000,325.000,-1,-1,-1,-1,800.000,750.000,-1,-1,2,0,2,0,2,0,0,0,0,2,2,2,2,0,0,2,2
4,-4335.027,6878.642,205.064,-174.261,-0.994998,0.099888,-0.000687,-0.099809,-0.993880,0.047345,0.004046,0.047177,0.998878,0,0.40000,-0.45470,24.000,-0.909,-1,400.000,-1,375.000,-1,325.000,300.000,325.000,325.000,-1,-1,-1,-1,800.000,750.000,-1,-1,2,0,2,0,2,0,0,0,0,2,2,2,2,0,0,2,2
5,-4363.725,6876.216,205.135,-175.167,-0.996452,0.084159,-0.000664,-0.084096,-0.995329,0.047424,0.003330,0.047312,0.998875,0,0.48000,-0.45302,28.800,-0.906,-1,400.000,-1,375.000,-1,325.000,300.000,325.000,325.000,-1,-1,-1,-1,800.000,750.000,-1,-1,2,0,2,0,2,0,0,0,0,2,2,2,2,0,0,2,2
6,-4397.246,6873.912,205.199,-176.069,-0.997652,0.068479,-0.000647,-0.068432,-0.996521,0.047564,0.002612,0.047496,0.998868,0,0.56000,-0.45103,33.600,-0.902,-1,400.000,-1,375.000,-1,325.000,300.000,325.000,325.000,-1,-1,-1,-1,800.000,750.000,-1,-1,2,0,2,0,2,0,0,0,0,2,2,2,2,0,0,2,2
7,-4435.593,6871.880,205.248,-176.966,-0.998602,0.052862,-0.000637,-0.052832,-0.997460,0.047777,0.001890,0.047744,0.998858,0,0.64000,-0.44871,38.400,-0.897,-1,400.000,-1,375.000,-1,325.000,300.000,325.000,325.000,-1,-1,-1,-1,800.000,750.000,-1,-1,2,0,2,0,2,0,0,0,0,2,2,2,2,0,0,2,2
8,-4477.552,6870.311,205.275,-177.859,-0.999303,0.037324,-0.000637,-0.037312,-0.998147,0.048066,0.001158,0.048057,0.998844,0,0.69981,-0.44607,41.988,-0.892,-1,400.000,-1,375.000,-1,325.000,300.000,325.000,325.000,-1,-1,-1,-1,800.000,750.000,-1,-1,2,0,2,0,2,0,0,0,0,2,2,2,2,0,0,2,2
9,-4519.591,6869.390,205.273,-178.745,-0.999760,0.021879,-0.000648,-0.021885,-0.998588,0.048410,0.000412,0.048413,0.998827,0,0.70082,-0.44317,42.049,-0.886,-1,400.000,-1,375.000,-1,325.000,300.000,325.000,325.000,-1,-1,-1,-1,800.000,750.000,-1,-1,2,0,2,0,2,0,0,0,0,2,2,2,2,0,0,2,2
10,-4561.951,6869.113,205.242,-179.626,-0.999979,0.006513,-0.000665,-0.006538,-0.998787,0.048810,-0.000347,0.048814,0.998808,0,0.70601,-0.44076,42.361,-0.882,-1,400.000,-1,375.000,-1,325.000,300.000,325.000,325.000,-1,-1,-1,-1,800.000,750.000,-1,-1,2,0,2,0,2,0,0,0,0,2,2,2,2,0,0,2,2
11,-4604.514,6869.495,205.178,-180.514,-0.999960,-0.008957,-0.000719,0.008911,-0.998759,0.049006,-0.001157,0.048997,0.998798,0,0.70940,-0.44373,42.564,-0.887,-1,400.000,-1,375.000,-1,325.000,300.000,325.000,325.000,-1,-1,-1,-1,800.000,750.000,-1,-1,2,0,2,0,2,0,0,0,0,2,2,2,2,0,0,2,2
12,-4647.271,6870.546,205.087,-181.407,-0.999699,-0.024529,-0.000808,0.024460,-0.998514,0.048708,-0.002002,0.048673,0.998813,0,0.71284,-0.44669,42.770,-0.893,-1,400.000,-1,375.000,-1,300.000,300.000,325.000,325.000,-1,-1,-1,-1,800.000,750.000,-1,-1,2,0,2,0,2,0,0,0,0,2,2,2,2,0,0,2,2
13,-4690.215,6872.276,204.969,-182.306,-0.999191,-0.040197,-0.000890,0.040107,-0.998019,0.048465,-0.002836,0.048390,0.998824,0,0.71631,-0.44964,42.979,-0.899,-1,400.000,-1,375.000,-1,300.000,300.000,325.000,325.000,-1,-1,-1,-1,775.000,750.000,-1,-1,2,0,2,0,2,0,0,0,0,2,2,2,2,0,0,2,2
14,-4733.337,6874.696,204.823,-183.212,-0.998433,-0.055960,-0.000957,0.055848,-0.997271,0.048276,-0.003656,0.048147,0.998834,0,0.71982,-0.45259,43.189,-0.905,-1,400.000,-1,375.000,-1,300.000,300.000,325.000,325.000,-1,-1,-1,-1,775.000,725.000,-1,-1,2,0,2,0,2,0,0,0,0,2,2,2,2,0,0,2,2
15,-4776.627,6877.816,204.650,-184.123,-0.997418,-0.071811,-0.001004,0.071679,-0.996265,0.048142,-0.004457,0.047946,0.998840,0,0.72337,-0.45555,43.402,-0.911,-1,400.000,-1,375.000,-1,300.000,300.000,325.000,325.000,-1,-1,-1,-1,775.000,725.000,-1,-1,2,0,2,0,2,0,0,0,0,2,2,2,2,0,0,2,2
16,-4820.076,6881.648,204.450,-185.040,-0.996142,-0.087747,-0.001025,0.087596,-0.994996,0.048060,-0.005237,0.047785,0.998844,0,0.72696,-0.45850,43.617,-0.917,-1,400.000,-1,375.000,-1,300.000,300.000,325.000,325.000,-1,-1,-1,-1,775.000,725.000,-1,-1,2,0,2,0,2,0,0,0,0,2,2,2,2,0,0,2,2
17,-4863.674,6886.202,204.224,-185.963,-0.994602,-0.103763,-0.001012,0.103595,-0.993459,0.048030,-0.005990,0.047666,0.998845,0,0.73058,-0.46146,43.835,-0.923,-1,400.000,-1,375.000,-1,300.000,300.000,325.000,325.000,-1,-1,-1,-1,775.000,725.000,-1,-1,2,0,2,0,2,0,0,0,0,2,2,2,2,0,0,2,2
18,-4907.410,6891.488,203.972,-186.892,-0.992791,-0.119854,-0.000961,0.119670,-0.991650,0.048050,-0.006712,0.047589,0.998844,0,0.73423,-0.46443,44.054,-0.929,-1,375.000,-1,375.000,-1,300.000,300.000,325.000,325.000,-1,-1,-1,-1,775.000,725.000,-1,-1,2,0,2,0,2,0,0,0,0,2,2,2,2,0,0,2,2
19,-4951.272,6897.517,203.694,-187.826,-0.990706,-0.136017,-0.000864,0.135818,-0.989565,0.048118,-0.007400,0.047553,0.998841,0,0.73792,-0.46740,44.275,-0.935,-1,375.000,-1,375.000,1000.000,300.000,300.000,325.000,325.000,-1,-1,-1,-1,750.000,725.000,-1,-1,2,0,2,0,1,0,0,0,0,2,2,2,2,0,0,2,2
20,-4995.250,6904.299,203.391,-188.767,-0.988342,-0.152246,-0.000715,0.152035,-0.987198,0.048230,-0.008049,0.047559,0.998836,0,0.74163,-0.47038,44.498,-0.941,-1,375.000,-1,375.000,975.000,300.000,325.000,325.000,325.000,-1,-1,-1,-1,750.000,725.000,-1,-1,2,0,2,0,1,0,0,0,0,2,2,2,2,0,0,2,2
21,-5039.332,6911.845,203.063,-189.714,-0.985695,-0.168537,-0.000507,0.168315,-0.984545,0.048385,-0.008654,0.047608,0.998829,0,0.74537,-0.47338,44.722,-0.947,-1,375.000,-1,375.000,925.000,300.000,300.000,325.000,325.000,-1,-1,-1,-1,750.000,725.000,-1,-1,2,0,2,0,1,0,0,0,0,2,2,2,2,0,0,2,2
22,-5083.503,6920.165,202.710,-190.667,-0.982760,-0.184884,-0.000235,0.184655,-0.981602,0.048579,-0.009212,0.047698,0.998819,0,0.74913,-0.47640,44.948,-0.953,-1,375.000,-1,375.000,900.000,300.000,300.000,325.000,325.000,-1,-1,-1,-1,750.000,700.000,-1,-1,2,0,2,0,1,0,0,0,0,2,2,2,2,0,0,2,2
23,-5127.751,6929.269,202.334,-191.626,-0.979533,-0.201284,0.000109,0.201049,-0.978364,0.048808,-0.009718,0.047830,0.998808,0,0.75291,-0.47944,45.175,-0.959,-1,375.000,-1,375.000,850.000,300.000,300.000,325.000,325.000,-1,-1,-1,-1,750.000,700.000,-1,1000.000,2,0,2,0,1,0,0,0,0,2,2,2,2,0,0,2,1
24,-5172.062,6939.166,201.933,-192.591,-0.976009,-0.217731,0.000530,0.217494,-0.974827,0.049067,-0.010167,0.048005,0.998795,0,0.75671,-0.48251,45.403,-0.965,-1,375.000,-1,375.000,825.000,300.000,300.000,325.000,325.000,-1,-1,-1,-1,750.000,700.000,-1,950.000,2,0,2,0,1,0,0,0,0,2,2,2,2,0,0,2,1
25,-5216.422,6949.866,201.454,-193.562,-0.972182,-0.234223,0.001280,0.234003,-0.970997,0.049066,-0.010250,0.048001,0.998795,0,0.76052,-0.48561,45.631,-0.971,-1,375.000,-1,375.000,800.000,300.000,300.000,325.000,325.000,-1,-1,-1,-1,725.000,700.000,-1,900.000,2,0,2,0,1,0,0,0,0,2,2,2,2,0,0,2,1
26,-5260.814,6961.379,200.984,-194.539,-0.968049,-0.250752,0.002225,0.250555,-0.966852,0.049180,-0.010181,0.048166,0.998787,0,0.76434,-0.48875,45.860,-0.977,-1,375.000,-1,375.000,750.000,300.000,300.000,325.000,325.000,-1,-1,-1,-1,725.000,700.000,-1,850.000,2,0,2,0,1,0,0,0,0,2,2,2,2,0,0,2,1
27,-5305.222,6973.714,200.519,-195.523,-0.963604,-0.267315,0.003182,0.267142,-0.962397,0.049271,-0.010109,0.048328,0.998780,0,0.76816,-0.49193,46.089,-0.984,-1,375.000,-1,375.000,725.000,300.000,300.000,325.000,325.000,-1,-1,-1,-1,725.000,700.000,-1,825.000,2,0,2,0,1,0,0,0,0,2,2,2,2,0,0,2,1
28,-5349.630,6986.879,200.128,-196.513,-0.958842,-0.283910,0.004082,0.283762,-0.957637,0.049103,-0.010032,0.048240,0.998785,0,0.77197,-0.49516,46.318,-0.990,-1,375.000,-1,375.000,675.000,300.000,300.000,325.000,325.000,-1,-1,-1,-1,725.000,700.000,-1,775.000,2,0,2,0,1,0,0,0,0,2,2,2,2,0,1,2,1
29,-5394.020,7000.884,199.779,-197.510,-0.953758,-0.300531,0.005137,0.300417,-0.952562,0.048747,-0.009757,0.048036,0.998798,0,0.77578,-0.49846,46.547,-0.997,-1,375.000,-1,375.000,650.000,325.000,300.000,325.000,325.000,-1,-1,-1,-1,725.000,675.000,-1,725.000,2,0,2,0,1,0,0,0,0,2,2,2,2,0,1,2,1
30,-5438.373,7015.737,199.428,-198.514,-0.948347,-0.317172,0.006263,0.317094,-0.947158,0.048401,-0.009419,0.047887,0.998808,0,0.77956,-0.50182,46.774,-1.004,-1,375.000,-1,375.000,625.000,325.000,325.000,325.000,325.000,-1,-1,-1,-1,725.000,650.000,-1,700.000,2,0,2,0,1,0,0,0,0,2,2,2,2,0,1,2,1
31,-5479.715,7030.586,199.099,-199.758,-0.941240,-0.337657,0.007428,0.337612,-0.940056,0.048091,-0.009256,0.047773,0.998815,0,0.73213,-0.62182,43.928,-1.244,-1,400.000,-1,375.000,575.000,325.000,325.000,325.000,325.000,-1,-1,-1,-1,725.000,625.000,-1,650.000,2,0,2,0,1,0,0,0,0,2,2,2,2,0,1,2,1
32,-5520.874,7046.585,198.575,-201.241,-0.932185,-0.361897,0.007861,0.361850,-0.931036,0.047300,-0.009799,0.046937,0.998850,0,0.73597,-0.74182,44.158,-1.484,-1,375.000,-1,375.000,550.000,325.000,325.000,325.000,325.000,-1,-1,-1,-1,725.000,600.000,-1,600.000,2,0,2,0,1,0,0,0,0,2,2,2,2,0,1,2,1
33,-5561.782,7063.864,198.019,-202.897,-0.921340,-0.388670,0.008302,0.388619,-0.920224,0.046520,-0.010441,0.046087,0.998883,0,0.74012,-0.82809,44.407,-1.656,-1,375.000,-1,375.000,525.000,325.000,300.000,325.000,325.000,-1,-1,-1,-1,725.000,575.000,-1,550.000,2,0,2,0,1,0,0,0,0,2,2,2,2,0,1,2,1
34,-5602.413,7082.431,197.445,-204.558,-0.909696,-0.415182,0.008809,0.415129,-0.908609,0.045797,-0.011010,0.045318,0.998912,0,0.74453,-0.83008,44.672,-1.660,-1,375.000,-1,375.000,475.000,325.000,300.000,325.000,325.000,-1,-1,-1,-1,700.000,550.000,-1,525.000,2,0,2,0,1,0,0,0,0,2,2,2,2,0,1,2,1
35,-5642.729,7102.288,196.856,-206.222,-0.897258,-0.441406,0.009386,0.441356,-0.896197,0.045128,-0.011508,0.044635,0.998937,0,0.74901,-0.83205,44.941,-1.664,-1,375.000,-1,375.000,450.000,325.000,300.000,325.000,325.000,-1,-1,-1,-1,700.000,500.000,-1,475.000,2,0,2,1,1,0,0,0,0,2,2,2,2,0,1,2,1
36,-5682.691,7123.438,196.254,-207.890,-0.884032,-0.467318,0.010040,0.467274,-0.882991,0.044510,-0.011935,0.044040,0.998958,0,0.75356,-0.83402,45.213,-1.668,-1,375.000,-1,350.000,425.000,300.000,300.000,325.000,325.000,-1,-1,950.000,-1,700.000,475.000,-1,425.000,2,0,2,1,1,0,0,0,0,2,2,0,2,0,1,2,1
37,-5722.259,7145.882,195.645,-209.562,-0.870023,-0.492894,0.010775,0.492858,-0.868999,0.043946,-0.012298,0.043545,0.998976,0,0.75816,-0.83600,45.490,-1.672,-1,375.000,-1,325.000,375.000,300.000,300.000,325.000,325.000,-1,-1,800.000,-1,700.000,450.000,1000.000,400.000,2,0,2,1,1,0,0,0,0,2,2,0,2,0,1,1,1
38,-5761.393,7169.617,195.246,-211.238,-0.855230,-0.518118,0.011665,0.518104,-0.854242,0.042887,-0.012256,0.042722,0.999012,0,0.76281,-0.83800,45.769,-1.676,-1,375.000,975.000,325.000,350.000,300.000,300.000,325.000,325.000,-1,-1,675.000,-1,700.000,425.000,950.000,350.000,2,0,1,1,1,0,0,0,0,2,2,0,2,0,1,1,1
39,-5795.878,7191.736,195.804,-212.674,-0.841918,-0.539450,0.012959,0.539524,-0.841127,0.037680,-0.009426,0.038715,0.999206,0,0.68281,-0.71800,40.969,-1.436,1000.000,375.000,925.000,300.000,325.000,325.000,300.000,325.000,325.000,-1,675.000,475.000,-1,700.000,425.000,900.000,350.000,1,0,1,1,1,0,1,0,0,2,0,0,2,0,1,1,1
40,-5825.908,7211.894,196.473,-213.870,-0.830413,-0.556967,0.014216,0.557112,-0.829799,0.032546,-0.006331,0.034947,0.999369,0,0.60281,-0.59800,36.169,-1.196,925.000,400.000,875.000,300.000,325.000,325.000,300.000,325.000,350.000,-1,525.000,350.000,-1,725.000,400.000,875.000,325.000,1,0,1,1,1,0,1,0,0,2,0,0,2,0,1,1,1
41,-5851.658,7229.809,197.192,-214.826,-0.820945,-0.570799,0.015404,0.570998,-0.820484,0.027686,-0.003164,0.031524,0.999498,0,0.52281,-0.47800,31.369,-0.956,900.000,400.000,850.000,300.000,325.000,325.000,275.000,325.000,350.000,-1,400.000,325.000,-1,725.000,400.000,850.000,325.000,1,0,1,1,1,0,1,0,0,2,0,0,2,0,1,1,1
42,-5873.276,7245.254,197.878,-215.542,-0.813695,-0.581062,0.016356,0.581292,-0.813364,0.023233,-0.000197,0.028412,0.999596,0,0.44281,-0.35800,26.569,-0.716,875.000,400.000,825.000,275.000,300.000,325.000,275.000,300.000,375.000,-1,325.000,325.000,-1,725.000,375.000,850.000,300.000,1,0,1,1,1,1,1,0,0,2,0,0,2,1,1,1,1
43,-5890.883,7258.056,198.494,-216.018,-0.808795,-0.587841,0.017121,0.588085,-0.808567,0.019359,0.002463,0.025727,0.999666,0,0.36281,-0.23800,21.769,-0.476,850.000,400.000,800.000,275.000,300.000,325.000,275.000,300.000,375.000,-1,275.000,300.000,-1,700.000,375.000,825.000,300.000,1,0,1,1,1,1,1,0,0,2,0,0,2,1,1,1,1
44,-5904.566,7268.091,199.011,-216.254,-0.806331,-0.591198,0.017749,0.591446,-0.806182,0.016208,0.004727,0.023567,0.999711,0,0.28281,-0.11800,16.969,-0.236,825.000,400.000,800.000,275.000,300.000,325.000,275.000,300.000,375.000,-1,225.000,300.000,-1,675.000,375.000,825.000,300.000,1,0,1,1,1,1,1,0,1,2,0,0,2,1,1,1,1
45,-5914.370,7275.299,199.402,-216.322,-0.805602,-0.592176,0.018241,0.592421,-0.805509,0.013877,0.006475,0.021986,0.999737,0,0.20281,-0.03400,12.169,-0.068,825.000,425.000,800.000,275.000,300.000,325.000,275.000,300.000,375.000,-1,225.000,300.000,-1,675.000,375.000,800.000,275.000,1,0,1,1,1,1,1,0,1,2,0,0,2,1,1,1,1
46,-5920.302,7279.671,199.648,-216.393,-0.804847,-0.593193,0.018521,0.593434,-0.804786,0.012424,0.007536,0.020991,0.999751,0,0.12281,-0.03574,7.369,-0.071,825.000,425.000,800.000,275.000,300.000,325.000,275.000,300.000,375.000,-1,225.000,300.000,-1,675.000,375.000,800.000,275.000,1,0,1,1,1,1,1,0,1,2,0,0,2,1,1,1,1
47,-5922.367,7281.198,199.735,-216.467,-0.804081,-0.594229,0.018592,0.594468,-0.804031,0.011903,0.007875,0.020624,0.999756,0,0.04281,-0.03673,2.569,-0.073,800.000,425.000,800.000,275.000,300.000,325.000,275.000,300.000,375.000,-1,225.000,300.000,-1,675.000,375.000,800.000,275.000,1,0,1,1,1,1,1,0,1,2,0,0,2,1,1,1,1
48,-5920.575,7279.869,199.660,-216.541,-0.803320,-0.595262,0.018456,0.595501,-0.803260,0.012335,0.007482,0.020900,0.999754,0,-0.03719,-0.03693,-2.231,-0.074,825.000,425.000,800.000,275.000,300.000,325.000,275.000,300.000,375.000,-1,225.000,300.000,-1,675.000,375.000,800.000,275.000,1,0,1,1,1,1,1,0,1,2,0,0,2,1,1,1,1
49,-5914.931,7275.676,199.425,-216.613,-0.802580,-0.596269,0.018118,0.596510,-0.802488,0.013704,0.006368,0.021806,0.999742,0,-0.11719,-0.03636,-7.031,-0.073,825.000,425.000,800.000,275.000,300.000,325.000,275.000,300.000,375.000,-1,225.000,300.000,-1,675.000,375.000,800.000,275.000,1,0,1,1,1,1,1,0,1,2,0,0,2,1,1,1,1
50,-5905.443,7268.607,199.046,-216.683,-0.801877,-0.597230,0.017583,0.597471,-0.801732,0.015957,0.004567,0.023301,0.999718,0,-0.19719,-0.03503,-11.831,-0.070,825.000,400.000,800.000,275.000,300.000,325.000,275.000,300.000,375.000,-1,225.000,300.000,-1,675.000,375.000,825.000,300.000,1,0,1,1,1,1,1,0,1,2,0,0,2,1,1,1,1
51,-5892.117,7258.656,198.545,-216.749,-0.801227,-0.598123,0.016857,0.598356,-0.801005,0.019008,0.002133,0.025317,0.999677,0,-0.27719,-0.03297,-16.631,-0.066,825.000,400.000,800.000,275.000,300.000,325.000,275.000,300.000,375.000,-1,275.000,300.000,-1,675.000,375.000,825.000,300.000,1,0,1,1,1,1,1,0,0,2,0,0,2,1,1,1,1
52,-5878.173,7248.220,198.059,-216.810,-0.800635,-0.598936,0.016111,0.599153,-0.800331,0.022052,-0.000314,0.027309,0.999627,0,-0.29028,-0.03022,-17.417,-0.060,850.000,400.000,800.000,275.000,300.000,325.000,275.000,300.000,375.000,-1,325.000,325.000,-1,675.000,375.000,850.000,300.000,1,0,1,1,1,1,1,0,0,2,0,0,2,1,1,1,1
53,-5864.205,7237.746,197.613,-216.865,-0.800099,-0.599671,0.015375,0.599862,-0.799715,0.024947,-0.002665,0.029183,0.999571,0,-0.29099,-0.02745,-17.459,-0.055,850.000,400.000,800.000,275.000,325.000,325.000,275.000,300.000,350.000,-1,375.000,325.000,-1,700.000,375.000,850.000,300.000,1,0,1,1,1,1,1,0,0,2,0,0,2,1,1,1,1
54,-5850.208,7227.230,197.207,-216.914,-0.799618,-0.600330,0.014647,0.600489,-0.799154,0.027694,-0.004920,0.030940,0.999509,0,-0.29178,-0.02476,-17.507,-0.050,875.000,400.000,800.000,300.000,325.000,325.000,275.000,325.000,350.000,-1,450.000,325.000,-1,700.000,375.000,850.000,325.000,1,0,1,1,1,0,1,0,0,2,0,0,2,1,1,1,1
55,-5836.178,7216.673,196.840,-216.958,-0.799190,-0.600917,0.013927,0.601036,-0.798647,0.030290,-0.007079,0.032578,0.999444,0,-0.29264,-0.02216,-17.558,-0.044,875.000,400.000,825.000,300.000,325.000,325.000,275.000,325.000,350.000,-1,525.000,400.000,-1,700.000,400.000,875.000,325.000,1,0,1,1,1,0,1,0,0,2,0,0,2,1,1,1,1
56,-5822.110,7206.073,196.513,-216.998,-0.798814,-0.601433,0.013213,0.601509,-0.798195,0.032736,-0.009142,0.034098,0.999377,0,-0.29358,-0.01963,-17.615,-0.039,900.000,375.000,825.000,300.000,350.000,325.000,275.000,325.000,350.000,-1,625.000,475.000,-1,700.000,400.000,875.000,325.000,1,0,1,1,1,0,1,0,0,2,0,0,2,1,1,1,1
57,-5808.001,7195.428,196.230,-217.032,-0.798487,-0.601882,0.012521,0.601910,-0.797795,0.035036,-0.011098,0.035512,0.999308,0,-0.29458,-0.01718,-17.675,-0.034,900.000,375.000,825.000,300.000,350.000,325.000,275.000,325.000,350.000,-1,725.000,550.000,-1,700.000,400.000,900.000,350.000,1,0,1,1,1,0,1,0,0,2,0,0,2,0,1,1,1
58,-5793.846,7184.737,196.021,-217.062,-0.798207,-0.602263,0.012004,0.602246,-0.797442,0.037226,-0.012847,0.036944,0.999235,0,-0.29565,-0.01481,-17.739,-0.030,925.000,375.000,825.000,300.000,350.000,325.000,300.000,325.000,325.000,-1,825.000,650.000,-1,700.000,400.000,900.000,350.000,1,0,1,1,1,0,1,0,0,2,0,0,2,0,1,1,1
59,-5779.641,7173.998,195.853,-217.087,-0.797975,-0.602581,0.011495,0.602517,-0.797140,0.039263,-0.014496,0.038257,0.999163,0,-0.29679,-0.01250,-17.807,-0.025,950.000,375.000,850.000,300.000,375.000,325.000,300.000,325.000,325.000,-1,-1,750.000,-1,700.000,400.000,925.000,350.000,1,0,1,1,1,0,1,0,0,2,2,0,2,0,1,1,1
60,-5765.382,7163.211,195.728,-217.107,-0.797787,-0.602839,0.010993,0.602725,-0.796887,0.041146,-0.016045,0.039452,0.999093,0,-0.29798,-0.01025,-17.879,-0.021,950.000,375.000,850.000,300.000,375.000,300.000,300.000,325.000,325.000,-1,-1,-1,-1,675.000,425.000,925.000,375.000,1,0,1,1,1,0,1,0,0,2,2,2,2,0,1,1,1
61,-5754.922,7155.360,195.650,-216.888,-0.800110,-0.599759,0.010653,0.599613,-0.799161,0.042492,-0.016971,0.040386,0.999040,0,-0.21798,0.10975,-13.079,0.219,975.000,375.000,875.000,300.000,400.000,300.000,300.000,325.000,325.000,-1,-1,-1,-1,675.000,425.000,950.000,375.000,1,0,1,1,1,0,1,0,0,2,2,2,2,0,1,1,1
62,-5748.260,7150.444,195.679,-216.428,-0.804898,-0.593320,0.010478,0.593166,-0.803931,0.042998,-0.017088,0.040825,0.999020,0,-0.13798,0.22975,-8.279,0.459,975.000,375.000,875.000,325.000,400.000,300.000,300.000,325.000,325.000,-1,-1,-1,-1,675.000,425.000,950.000,375.000,1,0,1,1,1,0,1,0,0,2,2,2,2,0,1,1,1
63,-5745.436,7148.412,195.737,-215.729,-0.812077,-0.583456,0.010461,0.583313,-0.811107,0.043021,-0.016616,0.041039,0.999019,0,-0.05798,0.34975,-3.479,0.699,1000.000,375.000,900.000,325.000,400.000,300.000,300.000,325.000,325.000,-1,-1,-1,-1,675.000,425.000,950.000,375.000,1,0,1,1,1,0,1,0,0,2,2,2,2,0,1,1,1
64,-5746.521,7149.166,195.725,-214.789,-0.821528,-0.570070,0.010581,0.569947,-0.820552,0.043059,-0.015864,0.041405,0.999017,0,0.02202,0.46975,1.321,0.939,1000.000,375.000,925.000,325.000,375.000,300.000,300.000,325.000,325.000,-1,-1,-1,-1,675.000,425.000,950.000,375.000,1,0,1,1,1,0,1,0,0,2,2,2,2,0,1,1,1
65,-5751.605,7152.574,195.648,-213.842,-0.830835,-0.556414,0.010806,0.556317,-0.829852,0.043097,-0.015012,0.041818,0.999012,0,0.10202,0.47371,6.121,0.947,-1,375.000,925.000,325.000,375.000,300.000,300.000,325.000,325.000,-1,-1,-1,-1,675.000,425.000,950.000,375.000,2,0,1,1,1,0,1,0,0,2,2,2,2,0,1,1,1
66,-5760.775,7158.506,195.513,-212.900,-0.839855,-0.542696,0.011128,0.542628,-0.838865,0.043128,-0.014070,0.042259,0.999008,0,0.18202,0.47066,10.921,0.941,-1,375.000,950.000,325.000,350.000,300.000,300.000,325.000,325.000,-1,-1,975.000,-1,700.000,425.000,950.000,375.000,2,0,1,1,1,0,1,0,0,2,2,0,2,0,1,1,1
67,-5774.111,7166.829,195.468,-211.967,-0.848572,-0.528952,0.011615,0.528928,-0.847602,0.042498,-0.012635,0.042206,0.999029,0,0.26202,0.46698,15.721,0.934,-1,375.000,950.000,325.000,350.000,300.000,300.000,325.000,325.000,-1,-1,700.000,-1,700.000,425.000,925.000,350.000,2,0,1,1,1,0,1,0,0,2,2,0,2,0,1,1,1
68,-5791.693,7177.410,195.598,-211.041,-0.856972,-0.515215,0.012338,0.515256,-0.856062,0.040854,-0.010487,0.041368,0.999089,0,0.34202,0.46259,20.521,0.925,-1,375.000,975.000,325.000,325.000,300.000,300.000,325.000,325.000,-1,800.000,575.000,-1,700.000,425.000,925.000,350.000,2,0,1,1,1,0,1,0,0,2,0,0,2,0,1,1,1
69,-5813.594,7190.120,195.850,-210.127,-0.865050,-0.501510,0.013292,0.501625,-0.864228,0.038512,-0.007827,0.039982,0.999170,0,0.42202,0.45742,25.321,0.915,-1,375.000,950.000,325.000,325.000,325.000,300.000,325.000,325.000,-1,650.000,425.000,-1,700.000,425.000,900.000,325.000,2,0,1,1,1,0,1,0,0,2,0,0,2,0,1,1,1
70,-5839.880,7204.826,196.329,-209.224,-0.872793,-0.487865,0.014840,0.488071,-0.872083,0.035466,-0.004361,0.038198,0.999261,0,0.50202,0.45139,30.121,0.903,-1,375.000,950.000,300.000,300.000,325.000,300.000,325.000,325.000,-1,500.000,400.000,-1,725.000,425.000,900.000,325.000,2,0,1,1,1,0,1,0,1,2,0,0,2,0,1,1,1
71,-5870.617,7221.401,197.034,-208.335,-0.880191,-0.474323,0.016789,0.474620,-0.879628,0.031477,-0.000162,0.035674,0.999363,0,0.58202,0.44439,34.921,0.889,-1,400.000,925.000,300.000,275.000,325.000,300.000,325.000,325.000,-1,350.000,375.000,-1,725.000,425.000,875.000,300.000,2,0,1,1,1,0,1,0,1,2,0,0,2,1,1,1,1
72,-5905.861,7239.719,198.011,-207.462,-0.887231,-0.460926,0.019193,0.461300,-0.886852,0.026372,0.004866,0.032251,0.999468,0,0.66202,0.43630,39.721,0.873,-1,400.000,925.000,300.000,275.000,325.000,300.000,325.000,325.000,-1,275.000,350.000,-1,700.000,425.000,850.000,300.000,2,0,1,1,1,0,1,0,1,2,0,0,2,1,1,1,1
73,-5945.667,7259.661,199.319,-206.608,-0.893901,-0.447717,0.022131,0.448133,-0.893744,0.019970,0.010838,0.027769,0.999556,0,0.74202,0.42699,44.521,0.854,-1,400.000,900.000,300.000,250.000,350.000,300.000,325.000,325.000,-1,250.000,350.000,-1,700.000,425.000,825.000,275.000,2,0,1,1,1,0,1,0,1,2,0,0,2,1,1,1,1
74,-5990.080,7281.110,200.970,-205.776,-0.900187,-0.434749,0.025612,0.435129,-0.900294,0.011535,0.018043,0.021528,0.999605,0,0.82202,0.41630,49.321,0.833,-1,425.000,875.000,300.000,250.000,350.000,300.000,300.000,300.000,-1,225.000,325.000,-1,675.000,425.000,800.000,275.000,2,0,1,1,1,0,1,0,1,2,0,0,2,1,1,1,1
75,-6039.142,7303.957,203.041,-204.968,-0.906078,-0.422069,0.029665,0.422275,-0.906468,0.000732,0.026581,0.013190,0.999560,0,0.90202,0.40407,54.121,0.808,-1,450.000,875.000,300.000,250.000,350.000,300.000,300.000,300.000,-1,175.000,300.000,-1,650.000,425.000,775.000,275.000,2,0,1,1,1,0,1,0,1,2,0,0,2,1,1,1,1
76,-6092.891,7328.099,205.105,-204.187,-0.911583,-0.409718,0.033881,0.409639,-0.912198,-0.009558,0.034822,0.005166,0.999380,0,0.98202,0.39010,58.921,0.780,975.000,450.000,850.000,300.000,225.000,375.000,300.000,300.000,300.000,-1,150.000,275.000,-1,625.000,425.000,750.000,275.000,1,0,1,1,1,0,1,0,1,2,0,0,2,1,1,1,1
77,-6147.940,7351.967,207.347,-203.439,-0.916683,-0.397770,0.038355,0.397275,-0.917480,-0.020088,0.043180,-0.003177,0.999062,0,1.00000,0.37423,60.000,0.748,925.000,450.000,825.000,300.000,225.000,375.000,300.000,275.000,275.000,-1,125.000,250.000,-1,600.000,425.000,700.000,275.000,1,1,1,1,1,1,1,0,1,2,0,0,2,1,1,1,1
78,-6203.017,7375.034,209.719,-202.724,-0.921382,-0.386274,0.042993,0.385234,-0.922310,-0.030633,0.051485,-0.011662,0.998606,0,0.99518,0.35725,59.711,0.715,850.000,425.000,800.000,300.000,225.000,375.000,300.000,275.000,250.000,1000.000,100.000,250.000,-1,575.000,425.000,650.000,275.000,1,1,1,1,1,1,1,0,1,0,0,0,2,1,1,1,1
79,-6257.775,7397.208,212.197,-202.045,-0.925688,-0.375261,0.047754,0.373550,-0.926698,-0.041122,0.059685,-0.020228,0.998012,0,0.98461,0.33963,59.076,0.679,775.000,425.000,775.000,300.000,225.000,375.000,300.000,275.000,250.000,800.000,100.000,225.000,-1,525.000,425.000,600.000,275.000,1,1,1,1,1,1,1,0,1,0,0,0,2,1,1,1,1
80,-6312.097,7418.498,214.769,-201.402,-0.929615,-0.364756,0.052613,0.362248,-0.930656,-0.051535,0.067762,-0.028849,0.997284,0,0.97240,0.32164,58.344,0.643,725.000,400.000,725.000,300.000,225.000,350.000,300.000,275.000,225.000,675.000,75.000,225.000,-1,500.000,425.000,575.000,250.000,1,1,1,1,1,1,1,0,1,0,0,0,2,1,1,1,1
81,-6365.890,7438.892,217.933,-200.765,-0.933498,-0.354267,0.055468,0.350832,-0.934315,-0.063024,0.074152,-0.039373,0.996469,0,0.95881,0.31829,57.528,0.637,625.000,375.000,700.000,300.000,200.000,325.000,300.000,275.000,225.000,600.000,75.000,225.000,-1,475.000,425.000,500.000,250.000,1,1,1,1,1,1,1,0,1,0,0,0,2,1,1,1,1
82,-6419.076,7458.385,221.937,-200.133,-0.937444,-0.343720,0.055272,0.339278,-0.937591,-0.076245,0.078030,-0.052723,0.995556,0,0.94406,0.31623,56.644,0.632,525.000,325.000,650.000,300.000,200.000,300.000,275.000,250.000,225.000,525.000,100.000,275.000,-1,425.000,400.000,450.000,250.000,1,1,1,1,1,1,1,0,1,0,0,0,2,1,1,1,1
83,-6471.596,7476.979,226.294,-199.503,-0.941328,-0.333117,0.054173,0.327686,-0.940538,-0.089501,0.080766,-0.066498,0.994512,0,0.92858,0.31496,55.715,0.630,425.000,300.000,600.000,275.000,225.000,275.000,275.000,250.000,225.000,475.000,125.000,300.000,-1,400.000,375.000,375.000,275.000,1,1,1,1,1,1,1,0,1,0,0,0,2,1,1,1,1
84,-6523.421,7494.694,233.091,-198.874,-0.944497,-0.322655,0.061796,0.316089,-0.943792,-0.096672,0.089514,-0.071773,0.993396,0,0.91279,0.31445,54.767,0.629,400.000,300.000,600.000,275.000,225.000,250.000,250.000,250.000,225.000,475.000,150.000,325.000,-1,375.000,375.000,350.000,275.000,1,1,1,1,1,1,1,0,1,0,0,0,2,1,1,1,1
85,-6574.547,7511.550,241.522,-198.245,-0.947036,-0.312269,0.074907,0.304455,-0.947282,-0.099822,0.102129,-0.071729,0.992182,0,0.89716,0.31470,53.829,0.629,425.000,275.000,600.000,275.000,250.000,250.000,250.000,275.000,225.000,475.000,175.000,325.000,-1,350.000,375.000,350.000,275.000,1,1,1,1,1,1,1,0,1,0,0,0,2,1,1,1,1
86,7543.181,-2295.767,18.420,99.953,-0.169728,-0.982426,0.077666,0.984599,-0.172399,-0.029039,0.041918,0.071541,0.996556,1,0.00000,0.00000,58.629,0.779,275.000,300.000,-1,475.000,-1,275.000,350.000,425.000,275.000,-1,325.000,175.000,-1,400.000,-1,275.000,-1,1,1,2,0,2,1,1,1,0,2,0,0,2,1,2,1,2
87,7542.361,-2291.038,18.675,99.819,-0.167335,-0.982758,0.078650,0.984979,-0.170093,-0.029731,0.042597,0.072493,0.996459,0,0.08000,-0.06690,4.800,-0.134,250.000,300.000,-1,475.000,-1,275.000,375.000,425.000,275.000,-1,325.000,175.000,-1,400.000,-1,275.000,-1,1,1,2,0,2,1,1,1,0,2,0,0,2,1,2,1,2
88,7540.743,-2281.575,19.179,99.692,-0.164953,-0.982999,0.080646,0.985320,-0.167884,-0.030978,0.043991,0.074353,0.996261,0,0.16000,-0.06371,9.600,-0.127,250.000,300.000,-1,475.000,-1,275.000,375.000,425.000,275.000,-1,325.000,175.000,-1,400.000,-1,275.000,-1,1,1,2,0,2,1,1,1,0,2,0,0,2,1,2,1,2
89,7538.344,-2267.376,19.936,99.575,-0.162646,-0.983130,0.083676,0.985606,-0.165847,-0.032791,0.046115,0.077138,0.995953,0,0.24000,-0.05833,14.400,-0.117,250.000,300.000,-1,500.000,-1,275.000,375.000,450.000,275.000,-1,300.000,150.000,-1,400.000,-1,275.000,-1,1,1,2,0,2,1,1,1,0,2,0,0,2,1,2,1,2
90,7535.179,-2248.438,20.952,99.474,-0.160477,-0.983129,0.087771,0.985823,-0.164058,-0.035187,0.048993,0.080880,0.995519,0,0.32000,-0.05069,19.200,-0.101,250.000,300.000,-1,500.000,-1,300.000,375.000,450.000,275.000,-1,300.000,150.000,-1,425.000,-1,250.000,-1,1,1,2,0,2,1,1,1,0,2,0,0,2,1,2,1,2
91,7531.256,-2224.760,22.239,99.393,-0.158506,-0.982970,0.092984,0.985953,-0.162599,-0.038189,0.052658,0.085625,0.994935,0,0.40000,-0.04063,24.000,-0.081,250.000,300.000,-1,500.000,-1,300.000,375.000,450.000,275.000,-1,275.000,125.000,1000.000,450.000,-1,250.000,-1,1,1,2,0,2,1,1,1,0,2,0,0,1,1,2,1,2
92,7526.576,-2196.342,23.810,99.337,-0.156790,-0.982619,0.099383,0.985977,-0.161556,-0.041826,0.057155,0.091431,0.994170,0,0.48000,-0.02795,28.800,-0.056,225.000,300.000,-1,525.000,-1,300.000,400.000,425.000,275.000,-1,250.000,100.000,875.000,450.000,-1,250.000,-1,1,1,2,0,2,1,1,1,0,2,0,0,1,1,2,1,2
93,7521.128,-2163.186,25.685,99.312,-0.155389,-0.982035,0.107056,0.985872,-0.161025,-0.046126,0.062536,0.098376,0.993182,0,0.56000,-0.01237,33.600,-0.025,225.000,300.000,-1,550.000,-1,300.000,400.000,425.000,275.000,-1,250.000,75.000,900.000,475.000,-1,225.000,-1,1,1,2,0,2,1,1,1,0,2,0,0,1,1,2,1,2
94,7514.893,-2125.295,27.885,99.325,-0.154360,-0.981168,0.116115,0.985611,-0.161110,-0.051124,0.068869,0.106553,0.991919,0,0.64000,0.00646,38.400,0.013,200.000,300.000,-1,550.000,-1,300.000,400.000,400.000,250.000,-1,225.000,75.000,900.000,500.000,-1,225.000,-1,1,1,2,0,2,1,1,1,0,2,0,0,1,1,2,1,2
95,7507.832,-2082.674,30.440,99.383,-0.153761,-0.979951,0.126703,0.985163,-0.161929,-0.056853,0.076230,0.116081,0.990310,0,0.72000,0.02901,43.200,0.058,200.000,325.000,-1,575.000,-1,325.000,425.000,400.000,250.000,-1,225.000,50.000,525.000,550.000,-1,225.000,-1,1,1,2,0,2,1,1,1,0,2,0,0,0,1,2,1,2
96,7499.893,-2035.334,33.385,99.495,-0.153646,-0.978302,0.138992,0.984488,-0.163617,-0.063344,0.084711,0.127104,0.988266,0,0.80000,0.05586,48.000,0.112,200.000,350.000,-1,600.000,-1,350.000,425.000,375.000,250.000,-1,200.000,50.000,450.000,600.000,-1,200.000,-1,1,1,2,0,2,1,1,1,0,2,0,0,0,1,2,1,2
97,7490.996,-1983.287,36.652,99.670,-0.154054,-0.976053,0.153580,0.983557,-0.166314,-0.070387,0.094244,0.140212,0.985626,0,0.88000,0.08770,52.800,0.175,175.000,375.000,-1,650.000,-1,350.000,450.000,350.000,250.000,-1,200.000,25.000,375.000,650.000,-1,425.000,-1,1,1,2,0,2,1,1,1,0,2,0,0,0,1,2,1,2
98,7481.033,-1926.553,40.471,99.921,-0.155092,-0.972840,0.171842,0.982437,-0.170151,-0.076594,0.103753,0.156944,0.982142,0,0.96000,0.12539,57.600,0.251,275.000,400.000,-1,675.000,-1,375.000,475.000,325.000,225.000,-1,200.000,25.000,300.000,700.000,-1,-1,-1,1,1,2,0,2,1,1,1,0,2,0,0,0,1,2,2,2
99,6887.286,2951.694,-88.993,128.110,-0.616861,-0.786704,0.024072,0.786893,-0.617085,-0.002493,0.016816,0.017404,0.999707,1,0.00000,0.00000,56.827,0.340,-1,375.000,-1,375.000,-1,300.000,300.000,300.000,300.000,-1,400.000,425.000,-1,725.000,675.000,-1,-1,2,0,2,0,2,0,0,0,0,2,0,0,2,0,0,2,2
100,6884.339,2955.483,-88.914,127.870,-0.613555,-0.789281,0.024208,0.789470,-0.613784,-0.002671,0.016966,0.017473,0.999703,0,0.08000,-0.12000,4.800,-0.240,-1,375.000,-1,375.000,-1,300.000,300.000,300.000,300.000,-1,400.000,425.000,-1,725.000,675.000,-1,-1,2,0,2,0,2,0,0,0,0,2,0,0,2,0,0,2,2
101,6878.510,2963.110,-88.756,127.390,-0.606910,-0.794393,0.024477,0.794583,-0.607148,-0.003026,0.017265,0.017612,0.999696,0,0.16000,-0.24000,9.600,-0.480,-1,375.000,-1,375.000,-1,300.000,300.000,300.000,300.000,-1,400.000,425.000,-1,725.000,675.000,-1,-1,2,0,2,0,2,0,0,0,0,2,0,0,2,0,0,2,2
102,6869.910,2974.660,-88.520,126.670,-0.596864,-0.801957,0.024873,0.802147,-0.597116,-0.003563,0.017709,0.017825,0.999684,0,0.24000,-0.36000,14.400,-0.720,-1,375.000,-1,375.000,-1,325.000,300.000,325.000,300.000,-1,400.000,400.000,-1,725.000,675.000,-1,-1,2,0,2,0,2,0,0,0,0,2,0,0,2,0,0,2,2
103,6858.703,2990.250,-88.208,125.710,-0.583322,-0.811844,0.025387,0.812035,-0.583593,-0.004282,0.018292,0.018117,0.999669,0,0.32000,-0.48000,19.200,-0.960,-1,375.000,-1,375.000,-1,325.000,300.000,325.000,300.000,-1,400.000,400.000,-1,725.000,675.000,-1,-1,2,0,2,0,2,0,0,0,0,2,0,0,2,0,0,2,2
104,6845.046,3009.986,-87.826,124.683,-0.568646,-0.822170,0.026025,0.822361,-0.568942,-0.005174,0.019060,0.018460,0.999648,0,0.40000,-0.51358,24.000,-1.027,-1,375.000,-1,375.000,-1,325.000,300.000,325.000,300.000,-1,400.000,400.000,-1,725.000,675.000,-1,-1,2,0,2,0,2,0,0,0,0,2,0,0,2,0,0,2,2
105,6829.084,3033.958,-87.377,123.656,-0.553781,-0.832231,0.026782,0.832421,-0.554108,-0.006232,0.020027,0.018843,0.999622,0,0.48000,-0.51358,28.800,-1.027,-1,375.000,-1,375.000,-1,325.000,300.000,325.000,300.000,-1,375.000,400.000,-1,750.000,675.000,-1,-1,2,0,2,0,2,0,0,0,0,2,0,0,2,0,0,2,2
106,6810.967,3062.255,-86.857,122.629,-0.538731,-0.842024,0.027650,0.842211,-0.539096,-0.007453,0.021181,0.019272,0.999590,0,0.56000,-0.51358,33.600,-1.027,-1,375.000,-1,375.000,-1,325.000,325.000,325.000,300.000,-1,375.000,375.000,-1,750.000,675.000,-1,-1,2,0,2,0,2,0,0,0,0,2,0,0,2,0,0,2,2
107,6790.845,3094.961,-86.263,121.602,-0.523501,-0.851545,0.028615,0.851728,-0.523910,-0.008829,0.022511,0.019750,0.999552,0,0.64000,-0.51358,38.400,-1.027,-1,400.000,-1,375.000,-1,325.000,325.000,325.000,300.000,-1,375.000,375.000,-1,750.000,675.000,-1,-1,2,0,2,0,2,0,0,0,0,2,0,0,2,0,0,2,2
108,6768.871,3132.155,-85.348,120.575,-0.508133,-0.860806,0.028538,0.860964,-0.508564,-0.010196,0.023290,0.019389,0.999541,0,0.72000,-0.51358,43.200,-1.027,-1,400.000,-1,375.000,-1,325.000,300.000,325.000,300.000,-1,375.000,400.000,-1,750.000,700.000,-1,-1,2,0,2,0,2,0,0,0,0,2,0,0,2,0,0,2,2
109,6745.200,3173.913,-84.315,119.547,-0.492603,-0.869791,0.028369,0.869920,-0.493056,-0.011633,0.024106,0.018948,0.999530,0,0.80000,-0.51358,48.000,-1.027,-1,375.000,-1,375.000,-1,325.000,300.000,325.000,300.000,-1,400.000,400.000,-1,750.000,700.000,-1,-1,2,0,2,0,2,0,0,0,0,2,0,0,2,0,0,2,2
110,6721.308,3217.879,-83.165,118.520,-0.476916,-0.878501,0.028042,0.878590,-0.477390,-0.013333,0.025100,0.018278,0.999518,0,0.83398,-0.51358,50.039,-1.027,-1,375.000,-1,375.000,-1,325.000,300.000,325.000,300.000,-1,425.000,425.000,-1,750.000,700.000,-1,-1,2,0,2,0,2,0,0,0,0,2,0,0,2,0,0,2,2
111,6698.208,3262.267,-81.863,117.493,-0.461079,-0.886936,0.027393,0.886964,-0.461575,-0.015592,0.026473,0.017107,0.999503,0,0.83398,-0.51358,50.039,-1.027,-1,375.000,-1,375.000,-1,325.000,300.000,300.000,300.000,-1,425.000,425.000,-1,750.000,700.000,-1,-1,2,0,2,0,2,0,0,0,0,2,0,0,2,0,0,2,2
112,6675.908,3307.062,-80.557,116.466,-0.445097,-0.895085,0.026692,0.895051,-0.445610,-0.017749,0.027781,0.015991,0.999486,0,0.83398,-0.51358,50.039,-1.027,-1,400.000,-1,375.000,-1,325.000,325.000,300.000,300.000,-1,425.000,450.000,-1,750.000,700.000,-1,-1,2,0,2,0,2,0,0,0,0,2,0,0,2,0,0,2,2
113,6654.414,3352.250,-79.248,115.439,-0.428975,-0.902944,0.025942,0.902850,-0.429500,-0.019805,0.029025,0.014926,0.999467,0,0.83398,-0.51358,50.039,-1.027,-1,400.000,-1,375.000,-1,325.000,325.000,300.000,325.000,-1,425.000,450.000,-1,750.000,725.000,-1,-1,2,0,2,0,2,0,0,0,0,2,0,0,2,0,0,2,2
114,6633.733,3397.815,-77.734,114.412,-0.412713,-0.910501,0.025628,0.910382,-0.413245,-0.020820,0.029547,0.014739,0.999455,0,0.83398,-0.51358,50.039,-1.027,-1,400.000,-1,375.000,-1,325.000,325.000,300.000,325.000,-1,475.000,500.000,-1,750.000,725.000,-1,-1,2,0,2,0,2,0,0,0,0,2,0,0,2,0,0,2,2
115,6613.873,3443.744,-76.142,113.385,-0.396306,-0.917760,0.025666,0.917622,-0.396856,-0.021788,0.030182,0.014917,0.999433,0,0.83398,-0.51358,50.039,-1.027,-1,400.000,-1,375.000,-1,325.000,325.000,300.000,300.000,-1,500.000,525.000,-1,775.000,725.000,-1,-1,2,0,2,0,2,0,0,0,0,2,0,0,2,0,0,2,2
116,6594.839,3490.022,-74.527,112.357,-0.379766,-0.924722,0.025831,0.924567,-0.380338,-0.022779,0.030888,0.015232,0.999407,0,0.83398,-0.51358,50.039,-1.027,-1,400.000,-1,375.000,-1,325.000,325.000,300.000,300.000,-1,525.000,550.000,-1,775.000,725.000,-1,-1,2,0,2,0,2,0,0,0,0,2,0,0,2,0,0,2,2
117,6576.637,3536.633,-72.940,111.330,-0.363107,-0.931388,0.025879,0.931214,-0.363699,-0.023724,0.031509,0.015485,0.999384,0,0.83398,-0.51358,50.039,-1.027,-1,400.000,-1,375.000,-1,325.000,325.000,300.000,300.000,-1,550.000,575.000,-1,775.000,725.000,-1,-1,2,0,2,0,2,0,0,0,0,2,0,0,2,0,0,2,2
118,6559.274,3583.563,-71.364,110.303,-0.346333,-0.937754,0.025889,0.937562,-0.346943,-0.024647,0.032095,0.015736,0.999361,0,0.83398,-0.51358,50.039,-1.027,-1,400.000,-1,375.000,-1,325.000,325.000,300.000,300.000,-1,575.000,600.000,-1,775.000,750.000,-1,-1,2,0,2,0,2,0,0,0,0,2,0,0,2,0,0,2,2
119,6542.678,3630.388,-69.819,109.516,-0.333400,-0.942430,0.025882,0.942217,-0.334026,-0.025544,0.032719,0.015870,0.999339,0,0.82799,-0.39358,49.679,-0.787,-1,400.000,-1,375.000,-1,325.000,325.000,300.000,300.000,-1,600.000,625.000,-1,800.000,750.000,-1,-1,2,0,2,0,2,0,0,0,0,2,0,0,2,0,0,2,2
120,6526.530,3677.369,-68.297,108.969,-0.324369,-0.945576,0.025887,0.945341,-0.325011,-0.026425,0.033400,0.015900,0.999316,0,0.82799,-0.27358,49.679,-0.547,-1,400.000,-1,375.000,-1,325.000,325.000,325.000,300.000,-1,625.000,650.000,-1,800.000,750.000,-1,-1,2,0,2,0,2,0,0,0,0,2,0,0,2,0,0,2,2
121,6510.633,3724.437,-66.787,108.662,-0.319281,-0.947307,0.025878,0.947046,-0.319938,-0.027274,0.034116,0.015799,0.999293,0,0.82799,-0.15358,49.679,-0.307,-1,400.000,-1,400.000,-1,325.000,325.000,325.000,300.000,-1,625.000,675.000,-1,800.000,750.000,-1,-1,2,0,2,0,2,0,0,0,0,2,0,0,2,0,0,2,2
122,6494.792,3771.523,-65.288,108.594,-0.318159,-0.947685,0.025863,0.947396,-0.318829,-0.028088,0.034865,0.015566,0.999271,0,0.82799,-0.03358,49.679,-0.067,-1,400.000,-1,400.000,-1,325.000,325.000,325.000,300.000,-1,650.000,700.000,-1,800.000,750.000,-1,-1,2,0,2,0,2,0,0,0,0,2,0,0,2,0,0,2,2
123,6478.809,3818.561,-63.798,108.767,-0.321008,-0.946724,0.025852,0.946406,-0.321688,-0.028861,0.035640,0.015202,0.999249,0,0.82799,0.08642,49.679,0.173,-1,400.000,-1,400.000,-1,325.000,325.000,325.000,300.000,-1,675.000,700.000,-1,825.000,750.000,-1,-1,2,0,2,0,2,0,0,0,0,2,0,0,2,0,0,2,2
124,6462.488,3865.483,-62.134,109.180,-0.327851,-0.944397,0.025045,0.944047,-0.328507,-0.029305,0.035903,0.014036,0.999257,0,0.82799,0.20642,49.679,0.413,-1,400.000,-1,400.000,-1,325.000,325.000,300.000,300.000,-1,725.000,750.000,-1,825.000,775.000,-1,-1,2,0,2,0,2,0,0,0,0,2,0,0,2,0,0,2,2
125,6445.726,3912.249,-60.455,109.719,-0.336759,-0.941283,0.024067,0.940909,-0.337377,-0.029432,0.035824,0.012734,0.999277,0,0.82799,0.26935,49.679,0.539,-1,400.000,-1,400.000,-1,325.000,325.000,300.000,300.000,-1,775.000,825.000,-1,825.000,775.000,-1,-1,2,0,2,0,2,0,0,0,0,2,0,0,2,0,0,2,2
126,6428.526,3958.855,-58.796,110.258,-0.345635,-0.938084,0.023139,0.937691,-0.346218,-0.029488,0.035673,0.011506,0.999297,0,0.82799,0.26935,49.679,0.539,-1,400.000,-1,400.000,-1,325.000,325.000,300.000,300.000,-1,825.000,875.000,-1,825.000,775.000,-1,-1,2,0,2,0,2,0,0,0,0,2,0,0,2,0,0,2,2
127,6410.887,4005.298,-57.137,110.796,-0.354480,-0.934799,0.022246,0.934391,-0.355027,-0.029493,0.035468,0.010332,0.999317,0,0.82799,0.26935,49.679,0.539,-1,400.000,-1,400.000,-1,325.000,325.000,300.000,300.000,-1,875.000,950.000,-1,825.000,800.000,-1,-1,2,0,2,0,2,0,0,0,0,2,0,0,2,0,0,2,2
128,6392.719,4051.805,-55.372,111.339,-0.363345,-0.931403,0.021641,0.931002,-0.363862,-0.029000,0.034885,0.009611,0.999345,0,0.83216,0.27116,49.930,0.542,-1,400.000,-1,400.000,-1,325.000,325.000,300.000,300.000,-1,975.000,-1,-1,825.000,800.000,-1,-1,2,0,2,0,2,0,0,0,0,2,0,2,2,0,0,2,2
129,6373.983,4098.447,-53.645,111.886,-0.372262,-0.927894,0.020840,0.927499,-0.372742,-0.028444,0.034161,0.008740,0.999378,0,0.83775,0.27358,50.265,0.547,-1,400.000,-1,400.000,-1,325.000,325.000,300.000,300.000,-1,-1,-1,-1,825.000,800.000,-1,-1,2,0,2,0,2,0,0,0,0,2,2,2,2,0,0,2,2
130,6354.669,4145.219,-51.939,112.438,-0.381225,-0.924267,0.019966,0.923878,-0.381668,-0.027924,0.033429,0.007801,0.999411,0,0.84338,0.27600,50.603,0.552,-1,400.000,-1,400.000,-1,325.000,325.000,300.000,300.000,-1,-1,-1,-1,825.000,800.000,-1,-1,2,0,2,0,2,0,0,0,0,2,2,2,2,0,0,2,2
131,6334.768,4192.115,-50.266,112.995,-0.390231,-0.920521,0.019009,0.920133,-0.390636,-0.027544,0.032780,0.006742,0.999440,0,0.84906,0.27845,50.943,0.557,-1,400.000,-1,400.000,-1,325.000,325.000,300.000,300.000,-1,-1,-1,-1,825.000,800.000,-1,-1,2,0,2,0,2,0,0,0,0,2,2,2,2,0,0,2,2
