timestep,x_cm,y_cm,z_cm,yaw_deg,basis_xx,basis_xy,basis_xz,basis_yx,basis_yy,basis_yz,basis_zx,basis_zy,basis_zz,teleport_flag,throttle_cmd,steering_cmd,cmd_move_cm,cmd_turn_deg,lidar_cm_0,lidar_cm_1,lidar_cm_2,lidar_cm_3,lidar_cm_4,lidar_cm_5,lidar_cm_6,lidar_cm_7,lidar_cm_8,lidar_cm_9,lidar_cm_10,lidar_cm_11,lidar_cm_12,lidar_cm_13,lidar_cm_14,lidar_cm_15,lidar_cm_16,lidar_class_0,lidar_class_1,lidar_class_2,lidar_class_3,lidar_class_4,lidar_class_5,lidar_class_6,lidar_class_7,lidar_class_8,lidar_class_9,lidar_class_10,lidar_class_11,lidar_class_12,lidar_class_13,lidar_class_14,lidar_class_15,lidar_class_16
0,-5575.035,-2946.909,-385.225,85.359,0.080702,-0.996711,0.007372,0.996143,0.080907,0.033961,-0.034446,0.004603,0.999396,1,0.08000,-0.02774,4.800,-0.055,-1,400.000,-1,375.000,-1,325.000,325.000,300.000,300.000,-1,375.000,350.000,-1,700.000,675.000,-1,-1,2,0,2,0,2,0,0,0,0,2,1,1,2,0,0,2,2
1,-5574.249,-2937.341,-385.558,85.305,0.081665,-0.996635,0.007052,0.996073,0.081858,0.033733,-0.034197,0.004270,0.999406,0,0.16000,-0.02732,9.600,-0.055,-1,400.000,-1,375.000,-1,325.000,325.000,300.000,300.000,-1,375.000,375.000,-1,675.000,675.000,-1,-1,2,0,2,0,2,0,0,0,0,2,1,1,2,0,0,2,2
2,-5573.057,-2922.991,-386.057,85.252,0.082604,-0.996561,0.006575,0.996008,0.082779,0.033392,-0.033822,0.003790,0.999421,0,0.24000,-0.02647,14.400,-0.053,-1,400.000,-1,375.000,-1,325.000,325.000,300.000,300.000,-1,400.000,375.000,-1,675.000,675.000,-1,-1,2,0,2,0,2,0,0,0,0,2,1,1,2,0,0,2,2
3,-5571.451,-2903.858,-386.722,85.201,0.083504,-0.996490,0.005937,0.995950,0.083655,0.032940,-0.033321,0.003162,0.999440,0,0.32000,-0.02519,19.200,-0.050,-1,400.000,-1,375.000,-1,325.000,325.000,300.000,300.000,-1,400.000,400.000,-1,675.000,675.000,-1,-1,2,0,2,0,2,0,0,0,0,2,1,1,2,0,0,2,2
4,-5569.424,-2879.944,-387.550,85.154,0.084349,-0.996423,0.005138,0.995900,0.084472,0.032378,-0.032697,0.002386,0.999462,0,0.40000,-0.02349,24.000,-0.047,-1,400.000,-1,375.000,-1,325.000,325.000,300.000,300.000,-1,425.000,425.000,-1,675.000,675.000,-1,-1,2,0,2,0,2,0,0,0,0,2,1,1,2,0,0,2,2
5,-5566.970,-2851.249,-388.541,85.112,0.085125,-0.996361,0.004175,0.995858,0.085215,0.031709,-0.031949,0.001458,0.999488,0,0.48000,-0.02136,28.800,-0.043,-1,375.000,-1,375.000,-1,325.000,325.000,300.000,300.000,-1,450.000,450.000,-1,675.000,675.000,-1,-1,2,0,2,0,2,0,0,0,0,2,1,1,2,0,0,2,2
6,-5564.084,-2817.773,-389.692,85.074,0.085816,-0.996306,0.003046,0.995826,0.085870,0.030935,-0.031082,0.000378,0.999517,0,0.56000,-0.01881,33.600,-0.038,-1,375.000,-1,375.000,-1,325.000,325.000,300.000,300.000,-1,500.000,475.000,-1,675.000,675.000,-1,-1,2,0,2,0,2,0,0,0,0,2,1,1,2,0,0,2,2
7,-5560.766,-2779.517,-391.000,85.042,0.086407,-0.996258,0.001748,0.995805,0.086420,0.030058,-0.030097,-0.000857,0.999547,0,0.64000,-0.01583,38.400,-0.032,-1,375.000,-1,375.000,-1,325.000,300.000,300.000,300.000,-1,525.000,525.000,-1,675.000,675.000,-1,-1,2,0,2,0,2,0,0,0,0,2,1,1,2,0,0,2,2
8,-5557.014,-2736.480,-392.462,85.017,0.086881,-0.996219,0.000278,0.995797,0.086852,0.029084,-0.028998,-0.002250,0.999577,0,0.72000,-0.01243,43.200,-0.025,-1,375.000,-1,375.000,-1,325.000,300.000,300.000,300.000,-1,525.000,575.000,-1,650.000,675.000,-1,-1,2,0,2,0,2,0,0,0,0,2,0,1,2,0,0,2,2
9,-5552.833,-2688.689,-394.075,85.000,0.087223,-0.996188,-0.001367,0.995801,0.087151,0.028016,-0.027790,-0.003805,0.999607,0,0.79957,-0.00860,47.974,-0.017,-1,375.000,-1,375.000,-1,300.000,300.000,300.000,300.000,-1,500.000,625.000,-1,650.000,675.000,-1,-1,2,0,2,0,2,0,0,0,0,2,0,1,2,0,0,2,2
10,-5548.627,-2640.692,-395.585,84.992,0.087404,-0.996169,-0.002621,0.995814,0.087302,0.027085,-0.026752,-0.004977,0.999630,0,0.80301,-0.00435,48.180,-0.009,-1,375.000,-1,375.000,-1,300.000,300.000,300.000,300.000,-1,500.000,650.000,-1,650.000,675.000,-1,-1,2,0,2,0,2,0,0,0,0,2,0,1,2,0,0,2,2
11,-5544.933,-2596.492,-396.383,85.223,0.083351,-0.996519,-0.001779,0.996206,0.083280,0.025254,-0.025018,-0.003877,0.999679,0,0.73924,0.11565,44.354,0.231,-1,375.000,-1,375.000,-1,300.000,300.000,300.000,300.000,-1,525.000,675.000,-1,650.000,700.000,-1,-1,2,0,2,0,2,0,0,0,0,2,0,0,2,0,0,2,2
12,-5541.519,-2552.079,-396.963,85.605,0.076698,-0.997053,-0.001786,0.996788,0.076636,0.023234,-0.023029,-0.003562,0.999728,0,0.74241,0.19094,44.545,0.382,-1,375.000,-1,375.000,-1,300.000,300.000,300.000,300.000,-1,525.000,650.000,-1,650.000,700.000,-1,-1,2,0,2,0,2,0,0,0,0,2,0,0,2,0,0,2,2
13,-5538.394,-2507.452,-397.544,85.995,0.069905,-0.997552,-0.001760,0.997331,0.069852,0.021229,-0.021054,-0.003240,0.999773,0,0.74560,0.19489,44.736,0.390,-1,375.000,-1,375.000,-1,300.000,300.000,300.000,300.000,-1,525.000,625.000,-1,650.000,700.000,-1,-1,2,0,2,0,2,0,0,0,0,2,0,0,2,0,0,2,2
14,-5535.567,-2462.613,-398.125,86.392,0.062970,-0.998014,-0.001702,0.997833,0.062925,0.019236,-0.019090,-0.002910,0.999814,0,0.74881,0.19886,44.928,0.398,-1,375.000,-1,375.000,-1,300.000,300.000,325.000,300.000,-1,525.000,625.000,-1,650.000,725.000,-1,-1,2,0,2,0,2,0,0,0,0,2,0,0,2,0,0,2,2
15,-5533.047,-2417.561,-398.707,86.798,0.055893,-0.998435,-0.001611,0.998290,0.055857,0.017252,-0.017135,-0.002573,0.999850,0,0.75204,0.20286,45.122,0.406,-1,375.000,-1,375.000,-1,300.000,325.000,325.000,300.000,-1,525.000,600.000,-1,675.000,725.000,-1,-1,2,0,2,0,2,0,0,0,0,2,0,0,2,0,0,2,2
16,-5530.842,-2372.298,-399.287,87.212,0.048674,-0.998814,-0.001486,0.998699,0.048646,0.015274,-0.015183,-0.002227,0.999882,0,0.75528,0.20686,45.317,0.414,-1,375.000,-1,375.000,-1,325.000,325.000,325.000,300.000,-1,525.000,600.000,-1,675.000,750.000,-1,-1,2,0,2,0,2,0,0,0,0,2,0,0,2,0,0,2,2
17,-5528.963,-2326.824,-399.867,87.633,0.041313,-0.999145,-0.001326,0.999059,0.041292,0.013299,-0.013233,-0.001874,0.999911,0,0.75855,0.21089,45.513,0.422,-1,375.000,-1,375.000,-1,325.000,325.000,325.000,300.000,-1,525.000,575.000,-1,675.000,750.000,-1,-1,2,0,2,0,2,0,0,0,0,2,0,0,2,0,0,2,2
18,-5527.418,-2281.140,-400.445,88.063,0.033810,-0.999428,-0.001130,0.999365,0.033795,0.011325,-0.011280,-0.001512,0.999935,0,0.76183,0.21494,45.710,0.430,-1,375.000,-1,400.000,-1,325.000,325.000,325.000,300.000,-1,525.000,575.000,-1,675.000,750.000,-1,-1,2,0,2,0,2,0,0,0,0,2,0,0,2,0,0,2,2
19,-5526.217,-2235.248,-401.021,88.501,0.026163,-0.999657,-0.000898,0.999614,0.026154,0.009348,-0.009321,-0.001142,0.999956,0,0.76513,0.21900,45.908,0.438,-1,375.000,-1,400.000,-1,325.000,325.000,300.000,300.000,-1,525.000,550.000,-1,675.000,775.000,-1,-1,2,0,2,0,2,0,0,0,0,2,0,0,2,0,0,2,2
20,-5525.371,-2189.149,-401.594,88.947,0.018374,-0.999831,-0.000628,0.999804,0.018369,0.007364,-0.007351,-0.000763,0.999973,0,0.76844,0.22308,46.107,0.446,-1,375.000,-1,400.000,-1,325.000,325.000,300.000,300.000,-1,525.000,550.000,-1,675.000,775.000,-1,-1,2,0,2,0,2,0,0,0,0,2,0,0,2,0,0,2,2
21,-5524.923,-2142.845,-402.164,89.446,0.009666,-0.999953,-0.000312,0.999939,0.009664,0.005373,-0.005370,-0.000364,0.999986,0,0.77177,0.24940,46.306,0.499,-1,375.000,-1,400.000,-1,325.000,325.000,300.000,300.000,-1,525.000,525.000,-1,675.000,775.000,-1,-1,2,0,2,0,2,0,0,0,0,2,0,0,2,0,0,2,2
22,-5524.872,-2096.338,-402.729,89.937,0.001102,-0.999999,0.000045,0.999994,0.001102,0.003367,-0.003367,0.000041,0.999994,0,0.77512,0.24528,46.507,0.491,-1,375.000,-1,400.000,-1,325.000,325.000,300.000,300.000,-1,500.000,500.000,-1,675.000,800.000,-1,-1,2,0,2,0,2,0,0,0,0,2,0,0,2,0,0,2,2
23,-5525.213,-2049.631,-403.291,90.419,-0.007316,-0.999973,0.000443,0.999972,-0.007315,0.001341,-0.001337,0.000453,0.999999,0,0.77848,0.24115,46.709,0.482,-1,375.000,-1,400.000,-1,325.000,325.000,300.000,300.000,-1,475.000,450.000,-1,675.000,800.000,-1,-1,2,0,2,0,2,0,0,0,0,2,0,0,2,0,0,2,2
24,-5525.946,-2002.788,-403.848,90.896,-0.015632,-0.999877,0.000882,0.999878,-0.015633,-0.000705,0.000719,0.000871,0.999999,0,0.78080,0.23829,46.848,0.477,-1,375.000,-1,400.000,-1,325.000,325.000,300.000,300.000,-1,450.000,425.000,-1,700.000,825.000,-1,-1,2,0,2,0,2,0,0,0,0,2,0,0,2,0,0,2,2
25,-5527.068,-1955.954,-404.158,91.372,-0.023946,-0.999712,0.001517,0.999711,-0.023949,-0.002062,0.002098,0.001468,0.999997,0,0.78080,0.23829,46.848,0.477,-1,375.000,-1,400.000,-1,325.000,325.000,300.000,300.000,-1,450.000,425.000,-1,700.000,825.000,-1,-1,2,0,2,0,2,0,0,0,0,2,0,0,2,0,0,2,2
26,-5528.579,-1909.130,-404.014,91.849,-0.032256,-0.999475,0.003185,0.999477,-0.032263,-0.002289,0.002391,0.003109,0.999992,0,0.78080,0.23829,46.848,0.477,-1,375.000,-1,400.000,-1,325.000,325.000,300.000,300.000,-1,500.000,450.000,-1,700.000,825.000,-1,-1,2,0,2,0,2,0,0,0,0,2,0,0,2,0,0,2,2
27,-5530.480,-1862.321,-403.863,92.325,-0.040562,-0.999165,0.004866,0.999173,-0.040575,-0.002529,0.002724,0.004759,0.999985,0,0.78080,0.23829,46.848,0.477,-1,375.000,-1,400.000,-1,325.000,325.000,300.000,300.000,-1,550.000,475.000,-1,700.000,825.000,-1,-1,2,0,2,0,2,0,0,0,0,2,0,0,2,0,0,2,2
28,-5532.771,-1815.529,-403.703,92.802,-0.048865,-0.998784,0.006560,0.998801,-0.048884,-0.002780,0.003098,0.006416,0.999975,0,0.78080,0.23829,46.848,0.477,-1,375.000,-1,400.000,-1,325.000,325.000,300.000,300.000,-1,575.000,525.000,-1,700.000,825.000,-1,-1,2,0,2,0,2,0,0,0,0,2,0,0,2,0,0,2,2
29,-5535.450,-1768.757,-403.531,93.279,-0.057162,-0.998331,0.008265,0.998359,-0.057189,-0.003044,0.003512,0.008078,0.999961,0,0.78080,0.23829,46.848,0.477,-1,375.000,-1,400.000,-1,325.000,325.000,300.000,300.000,-1,625.000,550.000,-1,700.000,825.000,-1,-1,2,0,2,0,2,0,0,0,0,2,0,0,2,0,0,2,2
30,-5538.518,-1722.010,-403.347,93.755,-0.065454,-0.997806,0.009982,0.997848,-0.065490,-0.003321,0.003967,0.009743,0.999945,0,0.78080,0.23829,46.848,0.477,-1,375.000,-1,400.000,-1,325.000,325.000,300.000,300.000,-1,650.000,575.000,-1,700.000,825.000,-1,-1,2,0,2,0,2,0,0,0,0,2,0,0,2,0,0,2,2
31,-5541.976,-1675.290,-403.147,94.232,-0.073739,-0.997209,0.011709,0.997268,-0.073786,-0.003610,0.004464,0.011411,0.999925,0,0.78080,0.23829,46.848,0.477,-1,375.000,-1,400.000,-1,325.000,325.000,300.000,300.000,-1,675.000,600.000,-1,700.000,825.000,-1,-1,2,0,2,0,2,0,0,0,0,2,0,0,2,0,0,2,2
32,-5545.821,-1628.600,-402.931,94.708,-0.082017,-0.996540,0.013445,0.996618,-0.082076,-0.003912,0.005002,0.013079,0.999902,0,0.78080,0.23829,46.848,0.477,-1,375.000,-1,400.000,-1,325.000,325.000,300.000,300.000,-1,725.000,625.000,-1,700.000,825.000,-1,-1,2,0,2,0,2,0,0,0,0,2,0,0,2,0,0,2,2
33,-5550.055,-1581.943,-402.696,95.185,-0.090287,-0.995800,0.015190,0.995900,-0.090360,-0.004227,0.005581,0.014746,0.999876,0,0.78080,0.23829,46.848,0.477,-1,375.000,-1,400.000,-1,325.000,325.000,300.000,300.000,-1,750.000,650.000,-1,725.000,825.000,-1,-1,2,0,2,0,2,0,0,0,0,2,0,0,2,0,0,2,2
34,-5554.936,-1530.526,-402.423,95.421,-0.094377,-0.995389,0.017124,0.995517,-0.094468,-0.004579,0.006176,0.016615,0.999843,0,0.86080,0.11829,51.648,0.237,-1,375.000,-1,400.000,-1,325.000,325.000,300.000,300.000,-1,775.000,675.000,-1,725.000,825.000,-1,-1,2,0,2,0,2,0,0,0,0,2,0,0,2,0,0,2,2
35,-5559.846,-1478.763,-402.135,95.418,-0.094296,-0.995362,0.019071,0.995522,-0.094406,-0.004936,0.006714,0.018520,0.999806,0,0.86660,-0.00171,51.996,-0.003,-1,375.000,-1,400.000,-1,325.000,325.000,300.000,300.000,-1,825.000,725.000,-1,725.000,825.000,-1,-1,2,0,2,0,2,0,0,0,0,2,0,0,2,0,0,2,2
36,-5564.536,-1426.979,-401.839,95.175,-0.090043,-0.995716,0.021011,0.995912,-0.090173,-0.005290,0.007162,0.020448,0.999765,0,0.86660,-0.12171,51.996,-0.243,-1,375.000,-1,400.000,-1,325.000,325.000,300.000,300.000,-1,875.000,750.000,-1,725.000,825.000,-1,-1,2,0,2,0,2,0,0,0,0,2,0,0,2,0,0,2,2
37,-5568.789,-1375.158,-401.542,94.691,-0.081616,-0.996400,0.022935,0.996636,-0.081765,-0.005634,0.007489,0.022398,0.999721,0,0.86660,-0.24171,51.996,-0.483,-1,400.000,-1,400.000,-1,325.000,325.000,300.000,300.000,-1,900.000,800.000,-1,750.000,825.000,-1,-1,2,0,2,0,2,0,0,0,0,2,0,0,2,0,0,2,2
38,-5572.387,-1323.287,-401.248,93.968,-0.069007,-0.997307,0.024819,0.997587,-0.069175,-0.005947,0.007647,0.024349,0.999674,0,0.86660,-0.36171,51.996,-0.723,-1,400.000,-1,400.000,-1,325.000,325.000,300.000,300.000,-1,975.000,825.000,-1,750.000,825.000,-1,-1,2,0,2,0,2,0,0,0,0,2,0,0,2,0,0,2,2
39,-5575.113,-1271.362,-401.037,93.004,-0.052224,-0.998285,0.026434,0.998610,-0.052394,-0.005764,0.007139,0.026096,0.999634,0,0.86660,-0.48171,51.996,-0.963,-1,400.000,-1,400.000,-1,325.000,325.000,300.000,300.000,-1,-1,900.000,-1,750.000,800.000,-1,-1,2,0,2,0,2,0,0,0,0,2,2,0,2,0,0,2,2
40,-5576.747,-1219.392,-400.961,91.801,-0.031264,-0.999132,0.027532,0.999494,-0.031415,-0.005071,0.005932,0.027360,0.999608,0,0.86660,-0.60171,51.996,-1.203,-1,400.000,-1,400.000,-1,325.000,325.000,300.000,300.000,-1,-1,1000.000,-1,750.000,800.000,-1,-1,2,0,2,0,2,0,0,0,0,2,2,0,2,0,0,2,2
41,-5577.072,-1167.397,-400.916,90.357,-0.006111,-0.999572,0.028620,0.999971,-0.006237,-0.004321,0.004497,0.028593,0.999581,0,0.86660,-0.72171,51.996,-1.443,-1,400.000,-1,400.000,-1,325.000,325.000,300.000,300.000,-1,-1,-1,-1,750.000,775.000,-1,-1,2,0,2,0,2,0,0,0,0,2,2,2,2,0,0,2,2
42,-5575.869,-1115.415,-400.908,88.674,0.023224,-0.999289,0.029706,0.999726,0.023130,-0.003514,0.002825,0.029779,0.999553,0,0.86660,-0.84171,51.996,-1.683,-1,400.000,-1,400.000,-1,325.000,325.000,300.000,300.000,-1,-1,-1,-1,750.000,775.000,-1,-1,2,0,2,0,2,0,0,0,0,2,2,2,2,0,0,2,2
43,-5572.922,-1063.503,-400.948,86.751,0.056710,-0.997916,0.030796,0.998390,0.056655,-0.002655,0.000905,0.030897,0.999522,0,0.86660,-0.96171,51.996,-1.923,-1,400.000,-1,400.000,-1,325.000,325.000,300.000,300.000,-1,-1,-1,-1,750.000,775.000,-1,-1,2,0,2,0,2,0,0,0,0,2,2,2,2,0,0,2,2
44,-5568.165,-1011.725,-401.036,84.751,0.091453,-0.995298,0.031898,0.995809,0.091444,-0.001762,-0.001163,0.031925,0.999490,0,0.86660,-1.00000,51.996,-2.000,-1,400.000,-1,400.000,-1,325.000,325.000,300.000,300.000,-1,-1,-1,-1,750.000,750.000,-1,-1,2,0,2,0,2,0,0,0,0,2,2,2,2,0,0,2,2
45,-5561.604,-960.145,-401.178,82.751,0.126079,-0.991471,0.033007,0.992015,0.126120,-0.000849,-0.003321,0.032851,0.999455,0,0.86660,-1.00000,51.996,-2.000,-1,400.000,-1,400.000,-1,325.000,325.000,300.000,300.000,-1,-1,-1,-1,750.000,750.000,-1,-1,2,0,2,0,2,0,0,0,0,2,2,2,2,0,0,2,2
46,-5553.247,-908.825,-401.380,80.751,0.160544,-0.986439,0.034121,0.987013,0.160640,0.000072,-0.005552,0.033666,0.999418,0,0.86660,-1.00000,51.996,-2.000,-1,400.000,-1,400.000,-1,325.000,325.000,300.000,300.000,-1,-1,-1,-1,750.000,725.000,-1,-1,2,0,2,0,2,0,0,0,0,2,2,2,2,0,0,2,2
47,-5543.104,-857.828,-401.647,78.751,0.194809,-0.980208,0.035233,0.980810,0.194964,0.000992,-0.007841,0.034363,0.999379,0,0.86660,-1.00000,51.996,-2.000,-1,400.000,-1,400.000,-1,325.000,325.000,300.000,300.000,-1,-1,-1,-1,750.000,700.000,-1,-1,2,0,2,0,2,0,0,0,0,2,2,2,2,0,0,2,2
48,-5531.187,-807.216,-401.986,76.751,0.228832,-0.972788,0.036335,0.973413,0.229050,0.001899,-0.010170,0.034934,0.999338,0,0.86660,-1.00000,51.996,-2.000,-1,400.000,-1,375.000,-1,325.000,325.000,300.000,300.000,-1,-1,-1,-1,750.000,700.000,-1,-1,2,0,2,0,2,0,0,0,0,2,2,2,2,0,0,2,2
49,-5517.511,-757.050,-402.402,74.751,0.262572,-0.964187,0.037419,0.964831,0.262856,0.002786,-0.012522,0.035372,0.999296,0,0.86660,-1.00000,51.996,-2.000,-1,375.000,-1,375.000,1000.000,325.000,325.000,300.000,300.000,-1,-1,-1,-1,725.000,675.000,-1,-1,2,0,2,0,0,0,0,0,0,2,2,2,2,0,0,2,2
50,-5502.092,-707.393,-403.080,72.751,0.296027,-0.954440,0.037581,0.955074,0.296350,0.003194,-0.014186,0.034947,0.999288,0,0.86660,-1.00000,51.996,-2.000,-1,375.000,-1,375.000,950.000,325.000,300.000,300.000,300.000,-1,-1,-1,-1,725.000,675.000,-1,-1,2,0,2,0,0,0,0,0,0,2,2,2,2,0,0,2,2
51,-5484.950,-658.304,-403.791,70.751,0.329136,-0.943527,0.037757,0.944156,0.329483,0.003168,-0.015430,0.034606,0.999282,0,0.86660,-1.00000,51.996,-2.000,-1,375.000,-1,375.000,900.000,300.000,300.000,300.000,300.000,-1,-1,-1,-1,700.000,650.000,-1,1000.000,2,0,2,0,0,0,0,0,0,2,2,2,2,0,0,2,0
52,-5466.105,-609.843,-404.553,68.751,0.361848,-0.931464,0.037956,0.932090,0.362215,0.003037,-0.016577,0.034279,0.999275,0,0.86660,-1.00000,51.996,-2.000,-1,375.000,-1,375.000,850.000,300.000,300.000,300.000,300.000,-1,-1,-1,-1,700.000,650.000,-1,950.000,2,0,2,0,0,0,0,0,0,2,2,2,2,0,0,2,0
53,-5445.580,-562.070,-405.348,66.751,0.394125,-0.918259,0.038289,0.918891,0.394503,0.002562,-0.017458,0.034173,0.999263,0,0.86660,-1.00000,51.996,-2.000,-1,375.000,-1,375.000,825.000,300.000,300.000,300.000,300.000,-1,-1,-1,-1,675.000,625.000,-1,900.000,2,0,2,0,0,0,0,0,0,2,2,2,2,0,0,2,0
54,-5423.401,-515.041,-406.081,64.751,0.425935,-0.903924,0.038742,0.904578,0.426306,0.001466,-0.017841,0.034421,0.999248,0,0.86660,-1.00000,51.996,-2.000,-1,375.000,-1,375.000,775.000,300.000,300.000,300.000,300.000,-1,-1,-1,-1,650.000,600.000,-1,850.000,2,0,2,0,0,0,0,0,0,2,2,2,2,0,0,2,0
55,-5399.594,-468.816,-406.576,62.751,0.457278,-0.888517,0.037879,0.889156,0.457604,-0.000077,-0.017265,0.033715,0.999282,0,0.86660,-1.00000,51.996,-2.000,-1,375.000,-1,375.000,750.000,300.000,300.000,300.000,300.000,-1,-1,-1,-1,650.000,600.000,-1,800.000,2,0,2,0,0,0,0,0,0,2,2,2,2,0,0,2,0
56,-5374.112,-423.312,-407.093,60.752,0.488049,-0.872037,0.036864,0.872661,0.488324,-0.001741,-0.016484,0.033020,0.999319,0,0.86921,-0.99932,52.153,-1.999,-1,375.000,-1,350.000,725.000,300.000,300.000,300.000,300.000,-1,-1,-1,-1,650.000,575.000,-1,775.000,2,0,2,0,0,0,0,0,0,2,2,2,2,0,0,2,0
57,-5346.954,-378.548,-407.632,58.756,0.518197,-0.854517,0.035681,0.855121,0.518416,-0.003521,-0.015489,0.032336,0.999357,0,0.87264,-0.99813,52.358,-1.996,-1,375.000,-1,350.000,725.000,300.000,300.000,300.000,300.000,-1,-1,-1,-1,625.000,575.000,-1,750.000,2,0,2,0,0,0,0,0,0,2,2,2,2,0,0,2,0
58,-5318.148,-334.590,-408.191,56.762,0.547677,-0.835986,0.034311,0.836568,0.547837,-0.005408,-0.014276,0.031665,0.999397,0,0.87592,-0.99665,52.555,-1.993,-1,375.000,-1,350.000,700.000,300.000,300.000,300.000,300.000,-1,-1,-1,-1,625.000,575.000,-1,725.000,2,0,2,0,0,0,0,0,0,2,2,2,2,0,0,2,0
59,-5287.724,-291.506,-408.419,54.773,0.576495,-0.816510,0.031056,0.817016,0.576567,-0.007490,-0.011790,0.029691,0.999490,0,0.87905,-0.99485,52.743,-1.990,975.000,375.000,-1,350.000,700.000,300.000,300.000,300.000,300.000,-1,-1,-1,-1,625.000,575.000,1000.000,750.000,1,0,2,0,0,0,0,0,0,2,2,2,2,0,0,1,0
60,-5255.720,-249.363,-408.371,52.787,0.604582,-0.796113,0.026165,0.796501,0.604562,-0.009571,-0.008199,0.026627,0.999612,0,0.88197,-0.99274,52.918,-1.985,925.000,375.000,-1,350.000,725.000,300.000,300.000,300.000,300.000,-1,575.000,775.000,-1,625.000,575.000,950.000,775.000,1,0,2,0,0,0,0,0,0,2,0,0,2,0,0,1,0
61,-5222.176,-208.225,-408.255,50.807,0.631847,-0.774796,0.021433,0.775079,0.631760,-0.011505,-0.004626,0.023882,0.999704,0,0.88467,-0.99032,53.080,-1.981,875.000,375.000,-1,350.000,750.000,300.000,300.000,300.000,300.000,-1,450.000,500.000,-1,600.000,575.000,925.000,775.000,1,0,2,0,0,0,0,0,0,2,0,0,2,0,0,1,0
62,-5187.138,-168.158,-408.100,48.831,0.658260,-0.752605,0.016709,0.752790,0.658126,-0.013307,-0.000982,0.021338,0.999772,0,0.88709,-0.98758,53.225,-1.975,825.000,375.000,-1,350.000,750.000,300.000,300.000,300.000,300.000,-1,400.000,450.000,-1,600.000,575.000,900.000,800.000,1,0,2,0,0,0,0,0,0,2,0,0,2,0,0,1,0
63,-5154.027,-132.822,-407.924,46.862,0.683783,-0.729580,0.012444,0.729682,0.683626,-0.014802,0.002292,0.019201,0.999813,0,0.80709,-0.98452,48.425,-1.969,800.000,350.000,-1,350.000,775.000,300.000,300.000,300.000,300.000,-1,350.000,400.000,-1,600.000,575.000,875.000,800.000,1,0,2,0,0,0,0,0,0,2,0,0,2,0,0,1,0
64,-5123.125,-102.028,-407.670,44.900,0.708397,-0.705757,0.009003,0.705797,0.708233,-0.016037,0.004942,0.017715,0.999831,0,0.72709,-0.98138,43.625,-1.963,775.000,350.000,-1,350.000,775.000,300.000,300.000,300.000,300.000,-1,325.000,375.000,-1,575.000,575.000,850.000,800.000,1,0,2,0,0,0,0,0,0,2,0,0,2,0,0,1,0
65,-5093.144,-74.125,-407.263,42.943,0.732098,-0.681174,0.005834,0.681153,0.731922,-0.017900,0.007923,0.017079,0.999823,0,0.68261,-0.97822,40.957,-1.956,750.000,350.000,-1,350.000,775.000,300.000,300.000,300.000,300.000,-1,325.000,350.000,-1,575.000,575.000,825.000,800.000,1,0,2,0,0,0,0,0,0,2,0,0,2,0,0,1,0
66,-5062.200,-47.233,-406.766,40.993,0.754864,-0.655876,0.002628,0.655786,0.754679,-0.020106,0.011204,0.016901,0.999794,0,0.68327,-0.97499,40.996,-1.950,725.000,350.000,-1,350.000,800.000,300.000,300.000,300.000,300.000,-1,300.000,325.000,-1,575.000,600.000,825.000,825.000,1,0,2,0,0,0,0,0,0,2,0,0,2,0,0,1,0
67,-5030.346,-21.392,-406.263,39.050,0.776667,-0.629911,-0.000653,0.629744,0.776485,-0.022200,0.014492,0.016831,0.999753,0,0.68362,-0.97157,41.017,-1.943,700.000,350.000,-1,350.000,825.000,300.000,300.000,300.000,300.000,-1,300.000,300.000,-1,575.000,600.000,800.000,825.000,1,0,2,0,0,0,0,0,0,2,0,0,2,0,0,1,0
68,-4997.636,3.360,-405.524,37.114,0.797497,-0.603309,-0.004031,0.603038,0.797308,-0.025410,0.018544,0.017833,0.999669,0,0.68365,-0.96798,41.019,-1.936,700.000,350.000,-1,350.000,825.000,300.000,300.000,300.000,300.000,-1,275.000,275.000,-1,575.000,600.000,800.000,850.000,1,0,2,0,0,0,0,0,0,2,0,0,2,0,0,1,0
69,-4964.127,26.987,-404.422,35.186,0.817338,-0.576108,-0.007659,0.575669,0.817118,-0.030385,0.023764,0.020426,0.999509,0,0.68335,-0.96423,41.001,-1.928,675.000,350.000,-1,350.000,875.000,300.000,300.000,300.000,300.000,-1,225.000,250.000,-1,600.000,600.000,800.000,900.000,1,0,2,0,0,0,0,0,0,2,0,0,2,0,0,1,0
70,-4929.876,49.457,-403.340,33.265,0.836159,-0.548366,-0.011530,0.547726,0.835921,-0.035113,0.028893,0.023045,0.999317,0,0.68272,-0.96035,40.963,-1.921,675.000,350.000,-1,350.000,900.000,300.000,300.000,300.000,300.000,-1,200.000,225.000,-1,600.000,600.000,800.000,925.000,1,0,2,0,0,0,0,0,0,2,0,0,2,0,0,1,0
71,-4894.944,70.741,-402.078,31.352,0.853943,-0.520136,-0.015503,0.519298,0.853719,-0.038643,0.033335,0.024949,0.999133,0,0.68175,-0.95637,40.905,-1.913,675.000,350.000,-1,375.000,925.000,300.000,300.000,300.000,300.000,-1,200.000,200.000,-1,600.000,600.000,800.000,975.000,1,0,2,0,0,0,0,0,0,2,0,0,2,0,0,1,0
72,-4859.391,90.813,-400.810,29.448,0.870684,-0.491452,-0.019588,0.490405,0.870494,-0.041764,0.037576,0.026757,0.998935,0,0.68045,-0.95231,40.827,-1.905,675.000,350.000,-1,375.000,975.000,300.000,300.000,300.000,300.000,-1,200.000,200.000,-1,950.000,625.000,875.000,-1,1,0,2,0,0,0,0,0,0,2,0,0,2,1,0,1,2
73,-4821.860,110.317,-399.516,27.458,0.887126,-0.460907,-0.023941,0.459629,0.886987,-0.044679,0.041828,0.028632,0.998714,0,0.70493,-0.99490,42.296,-1.990,675.000,375.000,-1,375.000,1000.000,300.000,300.000,300.000,300.000,-1,175.000,175.000,-1,-1,625.000,-1,-1,1,0,2,0,0,0,0,0,0,2,0,0,2,2,0,2,2
74,-4783.526,128.580,-398.239,25.473,0.902439,-0.429880,-0.028404,0.428359,0.902371,-0.047284,0.045958,0.030504,0.998478,0,0.70769,-0.99260,42.461,-1.985,675.000,375.000,-1,375.000,-1,300.000,300.000,325.000,300.000,-1,175.000,175.000,-1,-1,625.000,-1,-1,1,0,2,0,2,0,0,0,0,2,0,0,2,2,0,2,2
75,-4744.439,145.571,-396.983,23.493,0.916610,-0.398422,-0.032954,0.396649,0.916631,-0.049575,0.049959,0.032369,0.998227,0,0.71032,-0.99000,42.619,-1.980,700.000,375.000,-1,375.000,-1,325.000,300.000,325.000,300.000,-1,175.000,150.000,-1,-1,650.000,-1,-1,1,1,2,0,2,1,0,0,0,2,0,0,2,2,0,2,2
76,-4704.652,161.259,-395.622,21.518,0.929630,-0.366592,-0.037389,0.364597,0.929770,-0.050961,0.053445,0.033743,0.998001,0,0.71280,-0.98709,42.768,-1.974,-1,425.000,-1,375.000,-1,325.000,300.000,300.000,300.000,-1,175.000,150.000,-1,-1,650.000,-1,-1,2,1,2,0,2,1,0,0,0,2,0,0,2,2,0,2,2
77,-4664.220,175.618,-393.890,19.551,0.941511,-0.334453,-0.041218,0.332359,0.941812,-0.050272,0.055633,0.033632,0.997885,0,0.71508,-0.98385,42.905,-1.968,-1,450.000,-1,375.000,-1,325.000,300.000,300.000,300.000,-1,175.000,175.000,-1,-1,650.000,-1,-1,2,1,2,0,2,1,0,0,0,2,0,0,2,2,0,2,2
78,-4623.202,188.621,-391.745,17.590,0.952237,-0.302038,-0.044924,0.299864,0.952709,-0.049255,0.057676,0.033431,0.997775,0,0.71714,-0.98027,43.029,-1.961,-1,475.000,-1,375.000,-1,325.000,300.000,300.000,300.000,-1,200.000,175.000,-1,-1,650.000,-1,-1,2,1,2,0,2,1,0,0,0,2,0,0,2,2,0,2,2
79,-4581.662,200.249,-389.462,15.638,0.961794,-0.269405,-0.048724,0.267174,0.962465,-0.047746,0.059758,0.032904,0.997670,0,0.71894,-0.97634,43.136,-1.953,-1,525.000,-1,375.000,-1,350.000,300.000,300.000,300.000,-1,200.000,200.000,-1,-1,675.000,-1,-1,2,1,2,0,2,1,0,0,0,2,0,0,2,2,0,2,2
80,-4539.664,210.481,-387.147,13.693,0.970211,-0.236602,-0.052055,0.234334,0.971061,-0.046137,0.061465,0.032564,0.997578,0,0.72042,-0.97204,43.225,-1.944,-1,600.000,-1,375.000,-1,350.000,300.000,275.000,300.000,-1,225.000,225.000,-1,-1,675.000,-1,-1,2,1,2,0,2,1,0,0,0,2,0,0,2,2,0,2,2
81,-4497.280,219.303,-384.937,11.759,0.977686,-0.203688,-0.051393,0.201593,0.978519,-0.043143,0.059077,0.031820,0.997746,0,0.72155,-0.96736,43.293,-1.935,-1,625.000,-1,375.000,-1,350.000,300.000,275.000,325.000,-1,275.000,275.000,-1,-1,650.000,-1,-1,2,1,2,0,2,1,0,0,0,2,0,0,2,2,0,2,2
82,-4454.579,226.703,-383.300,9.834,0.984088,-0.170726,-0.049238,0.168979,0.984897,-0.037731,0.054936,0.028811,0.998074,0,0.72228,-0.96229,43.337,-1.925,-1,600.000,-1,350.000,-1,325.000,300.000,275.000,325.000,-1,325.000,325.000,-1,-1,650.000,-1,-1,2,1,2,0,2,1,0,0,0,2,0,0,2,2,0,2,2
83,-4411.640,232.675,-381.676,7.921,0.989358,-0.137753,-0.046859,0.136317,0.990129,-0.032594,0.050886,0.025859,0.998370,0,0.72255,-0.95682,43.353,-1.914,-1,575.000,-1,350.000,-1,325.000,300.000,250.000,325.000,-1,400.000,400.000,-1,-1,625.000,-1,-1,2,1,2,0,2,1,0,0,0,2,0,0,2,2,0,2,2
84,-4368.540,237.218,-380.031,6.019,0.993500,-0.104824,-0.044384,0.103654,0.994222,-0.027897,0.047051,0.023115,0.998625,0,0.72231,-0.95094,43.339,-1.902,-1,525.000,-1,350.000,-1,300.000,275.000,250.000,325.000,-1,475.000,475.000,-1,-1,600.000,-1,-1,2,1,2,0,2,1,0,0,0,2,0,0,2,2,0,2,2
85,-4325.362,240.334,-378.336,4.129,0.996522,-0.071993,-0.041961,0.071040,0.997190,-0.023787,0.043555,0.020723,0.998836,0,0.72151,-0.94465,43.290,-1.889,-1,-1,-1,350.000,-1,300.000,275.000,250.000,325.000,1000.000,550.000,550.000,-1,-1,600.000,-1,-1,2,2,2,0,2,1,0,0,0,1,0,0,2,2,0,2,2
86,-4282.191,242.032,-376.559,2.253,0.998436,-0.039313,-0.039752,0.038525,0.999050,-0.020388,0.040515,0.018824,0.999002,0,0.72009,-0.93796,43.205,-1.876,-1,500.000,-1,325.000,-1,275.000,275.000,225.000,325.000,900.000,625.000,625.000,-1,-1,575.000,-1,1000.000,2,1,2,0,2,1,0,1,0,1,0,0,2,2,0,2,0
87,-4239.112,242.326,-374.674,0.392,0.999257,-0.006835,-0.037929,0.006164,0.999823,-0.017798,0.038044,0.017551,0.999122,0,0.71801,-0.93087,43.080,-1.862,-1,450.000,-1,325.000,-1,250.000,275.000,250.000,325.000,825.000,700.000,700.000,-1,-1,575.000,-1,950.000,2,1,2,0,2,0,0,1,0,1,0,0,2,2,0,2,0
88,-4196.212,241.236,-372.654,-1.455,0.999005,0.025391,-0.036671,-0.025995,0.999533,-0.016092,0.036246,0.017029,0.999198,0,0.71523,-0.92342,42.914,-1.847,-1,425.000,-1,325.000,-1,250.000,275.000,300.000,350.000,775.000,775.000,775.000,-1,-1,575.000,-1,925.000,2,1,2,0,2,0,0,1,0,1,0,0,2,2,0,2,0
89,-4153.579,238.788,-370.477,-3.286,0.997701,0.057318,-0.036159,-0.057902,0.998205,-0.015314,0.035216,0.017373,0.999229,0,0.71172,-0.91562,42.703,-1.831,-1,375.000,-1,325.000,-1,250.000,275.000,325.000,325.000,750.000,800.000,850.000,-1,-1,550.000,-1,900.000,2,1,2,0,2,0,0,1,0,1,0,0,2,2,0,2,0
90,-4115.812,235.565,-368.392,-4.878,0.995713,0.085014,-0.036446,-0.085618,0.996210,-0.015357,0.035002,0.018412,0.999218,0,0.63172,-0.79562,37.903,-1.591,-1,350.000,-1,325.000,-1,250.000,250.000,375.000,325.000,725.000,825.000,900.000,-1,-1,550.000,-1,900.000,2,1,2,0,2,0,0,1,0,1,0,0,2,2,0,2,0
91,-4082.904,231.974,-366.448,-6.229,0.993397,0.108479,-0.037344,-0.109132,0.993900,-0.015924,0.035389,0.019894,0.999176,0,0.55172,-0.67562,33.103,-1.351,-1,325.000,-1,325.000,-1,250.000,250.000,425.000,325.000,700.000,850.000,925.000,-1,-1,550.000,-1,900.000,2,1,2,0,2,0,0,1,0,1,0,0,2,2,0,2,0
92,-4054.833,228.358,-364.697,-7.340,0.991057,0.127729,-0.038621,-0.128449,0.991575,-0.016752,0.036155,0.021563,0.999114,0,0.47172,-0.55562,28.303,-1.111,-1,300.000,-1,325.000,-1,250.000,275.000,500.000,325.000,675.000,850.000,925.000,-1,-1,550.000,-1,925.000,2,0,2,0,2,0,0,1,0,1,0,0,2,2,0,2,0
93,-4031.570,225.002,-363.188,-8.211,0.988944,0.142787,-0.040031,-0.143578,0.989482,-0.017623,0.037094,0.023176,0.999043,0,0.39172,-0.43562,23.503,-0.871,-1,300.000,-1,325.000,-1,250.000,275.000,550.000,325.000,675.000,850.000,925.000,-1,-1,550.000,-1,925.000,2,0,2,0,2,0,0,1,0,1,0,0,2,2,0,2,0
94,-4013.088,222.127,-361.965,-8.843,0.987256,0.153674,-0.041347,-0.154531,0.987817,-0.018363,0.038022,0.024519,0.998976,0,0.31172,-0.31562,18.703,-0.631,-1,300.000,-1,325.000,-1,250.000,275.000,575.000,325.000,675.000,850.000,925.000,-1,-1,575.000,-1,950.000,2,0,2,0,2,0,0,1,0,1,0,0,2,2,0,2,0
95,-3999.368,219.879,-361.030,-9.310,0.985922,0.161725,-0.042466,-0.162639,0.986503,-0.019001,0.038820,0.025640,0.998917,0,0.23172,-0.23375,13.903,-0.468,-1,300.000,-1,325.000,-1,250.000,275.000,625.000,325.000,675.000,825.000,900.000,-1,-1,575.000,-1,975.000,2,0,2,0,2,0,0,1,0,1,0,0,2,2,0,2,0
96,-3990.397,218.333,-360.408,-9.777,0.984520,0.169751,-0.043646,-0.170718,0.985128,-0.019443,0.039697,0.026594,0.998858,0,0.15172,-0.23336,9.103,-0.467,-1,300.000,-1,325.000,-1,250.000,275.000,650.000,325.000,675.000,825.000,900.000,-1,550.000,575.000,-1,1000.000,2,0,2,0,2,0,0,1,0,1,0,0,2,1,0,2,0
97,-3986.162,217.568,-360.103,-10.243,0.983054,0.177758,-0.044796,-0.178771,0.983694,-0.019671,0.040569,0.027345,0.998802,0,0.07172,-0.23313,4.303,-0.466,-1,300.000,-1,325.000,-1,250.000,275.000,700.000,325.000,650.000,800.000,875.000,-1,550.000,575.000,-1,-1,2,0,2,0,2,0,0,1,0,1,0,0,2,0,0,2,2
98,-3977.209,215.914,-359.706,-10.469,0.982282,0.181642,-0.046140,-0.182669,0.982990,-0.019066,0.041892,0.027157,0.998753,0,0.15172,-0.11313,9.103,-0.226,-1,325.000,-1,325.000,-1,275.000,275.000,-1,325.000,650.000,775.000,850.000,-1,550.000,575.000,-1,-1,2,0,2,0,2,0,0,2,0,1,0,0,2,0,0,2,2
99,-3963.537,213.390,-359.373,-10.456,0.982283,0.181415,-0.046997,-0.182381,0.983079,-0.017117,0.043096,0.025385,0.998748,0,0.23172,0.00687,13.903,0.014,-1,325.000,-1,325.000,-1,275.000,275.000,-1,325.000,650.000,750.000,850.000,-1,550.000,575.000,-1,-1,2,0,2,0,2,0,0,2,0,1,0,0,2,0,0,2,2
100,-3945.129,210.077,-358.981,-10.202,0.983038,0.177072,-0.047771,-0.177927,0.983940,-0.014258,0.044480,0.022516,0.998757,0,0.31172,0.12687,18.703,0.254,-1,300.000,-1,325.000,-1,250.000,275.000,-1,325.000,650.000,750.000,825.000,-1,550.000,575.000,-1,-1,2,0,2,0,2,0,0,2,0,1,0,0,2,0,0,2,2
101,-3921.963,206.112,-358.512,-9.708,0.984493,0.168600,-0.048453,-0.169294,0.985509,-0.010565,0.045970,0.018604,0.998770,0,0.39172,0.24687,23.503,0.494,-1,300.000,-1,325.000,-1,250.000,275.000,-1,325.000,675.000,750.000,825.000,-1,550.000,575.000,-1,-1,2,0,2,0,2,0,0,2,0,1,0,0,2,0,0,2,2
102,-3894.019,201.615,-357.750,-9.138,0.986106,0.158802,-0.048743,-0.159271,0.987218,-0.005859,0.047190,0.013541,0.998794,0,0.47172,0.28494,28.303,0.570,-1,300.000,-1,325.000,-1,250.000,275.000,-1,325.000,675.000,725.000,850.000,-1,525.000,575.000,-1,-1,2,0,2,0,2,0,0,2,0,1,0,0,2,0,0,2,2
103,-3861.285,196.682,-356.489,-8.567,0.987637,0.148968,-0.048801,-0.149133,0.988817,0.000247,0.048293,0.007034,0.998808,0,0.55172,0.28546,33.103,0.571,-1,300.000,-1,325.000,-1,250.000,275.000,-1,350.000,675.000,650.000,875.000,-1,525.000,575.000,-1,-1,2,0,2,0,2,0,0,2,0,1,0,0,2,0,0,2,2
104,-3823.750,191.409,-354.918,-7.995,0.989067,0.139092,-0.048987,-0.138921,0.990279,0.006897,0.049470,-0.000017,0.998776,0,0.63172,0.28599,37.903,0.572,-1,300.000,-1,325.000,-1,250.000,250.000,-1,350.000,700.000,575.000,900.000,-1,525.000,575.000,-1,-1,2,0,2,0,2,0,0,2,0,1,0,0,2,1,0,2,2
105,-3781.404,185.892,-353.021,-7.422,0.990398,0.129179,-0.049250,-0.128642,0.991593,0.013936,0.050637,-0.007466,0.998689,0,0.71172,0.28649,42.703,0.573,-1,275.000,-1,325.000,-1,250.000,250.000,-1,350.000,700.000,525.000,925.000,-1,500.000,600.000,-1,-1,2,0,2,0,2,0,0,2,0,1,0,0,2,0,0,2,2
106,-3734.239,180.227,-350.774,-6.849,0.991629,0.119231,-0.049566,-0.118302,0.992750,0.021275,0.051743,-0.015233,0.998544,0,0.79172,0.28691,47.503,0.574,-1,275.000,-1,325.000,-1,250.000,250.000,-1,350.000,675.000,0.000,950.000,-1,500.000,600.000,-1,-1,2,0,2,0,2,0,0,2,0,0,0,0,2,1,0,2,2
107,-3686.256,174.953,-348.389,-6.274,0.992768,0.109257,-0.049754,-0.107942,0.993751,0.028402,0.052547,-0.022826,0.998358,0,0.80454,0.28719,48.272,0.574,-1,275.000,-1,325.000,-1,250.000,250.000,-1,375.000,625.000,0.000,1000.000,-1,475.000,600.000,-1,-1,2,0,2,0,2,0,0,2,0,0,0,0,2,0,0,2,2
108,-3638.517,170.190,-345.949,-5.700,0.993817,0.099268,-0.049730,-0.097580,0.994602,0.035283,0.052964,-0.030212,0.998139,0,0.79960,0.28726,47.976,0.575,-1,275.000,-1,325.000,-1,225.000,250.000,-1,375.000,625.000,0.000,-1,-1,475.000,600.000,-1,-1,2,0,2,0,2,0,0,2,0,0,0,2,2,1,0,2,2
109,-3591.025,165.932,-343.482,-5.125,0.994779,0.089272,-0.049447,-0.087230,0.995301,0.042027,0.052966,-0.037494,0.997892,0,0.79471,0.28713,47.683,0.574,-1,275.000,-1,325.000,-1,225.000,250.000,-1,375.000,650.000,0.000,-1,-1,450.000,600.000,-1,-1,2,0,2,0,2,0,0,2,0,1,0,2,2,1,0,2,2
110,-3543.778,162.174,-341.012,-4.552,0.995654,0.079280,-0.048867,-0.076903,0.995846,0.048741,0.052528,-0.044771,0.997615,0,0.78993,0.28679,47.396,0.574,-1,250.000,-1,325.000,-1,225.000,250.000,-1,400.000,675.000,0.000,-1,-1,-1,600.000,-1,-1,2,0,2,0,2,0,0,2,0,1,0,2,2,2,0,2,2
111,-3496.772,158.907,-338.567,-3.979,0.996442,0.069301,-0.047957,-0.066614,0.996232,0.055530,0.051624,-0.052138,0.997305,0,0.78533,0.28625,47.120,0.572,-1,250.000,-1,300.000,-1,225.000,250.000,-1,400.000,700.000,0.000,-1,-1,-1,600.000,-1,-1,2,0,2,0,2,0,0,2,0,1,0,2,2,2,0,2,2
112,-3449.998,156.126,-336.168,-3.408,0.997145,0.059344,-0.046688,-0.056376,0.996451,0.062500,0.050232,-0.059690,0.996952,0,0.78095,0.28552,46.857,0.571,-1,250.000,-1,300.000,-1,200.000,250.000,-1,400.000,725.000,0.000,-1,-1,-1,575.000,-1,-1,2,0,2,0,2,0,0,2,0,1,0,2,2,2,0,2,2
113,-3403.445,153.823,-333.840,-2.839,0.997762,0.049417,-0.045039,-0.046206,0.996494,0.069753,0.048328,-0.067516,0.996547,0,0.77683,0.28461,46.610,0.569,-1,225.000,-1,300.000,-1,200.000,225.000,-1,400.000,750.000,0.000,-1,-1,-1,575.000,-1,-1,2,0,2,0,2,0,0,2,0,1,0,2,2,2,0,2,2
114,-3357.101,151.991,-331.604,-2.272,0.998293,0.039529,-0.042992,-0.036120,0.996346,0.077390,0.045894,-0.075705,0.996074,0,0.77301,0.28352,46.381,0.567,-1,225.000,-1,300.000,-1,200.000,225.000,-1,425.000,775.000,0.000,-1,-1,-1,575.000,-1,-1,2,0,2,0,2,0,0,2,0,1,0,2,2,2,0,2,2
115,-3310.951,150.624,-329.481,-1.707,0.998737,0.029690,-0.040533,-0.026138,0.995995,0.085508,0.042909,-0.084341,0.995513,0,0.76951,0.28228,46.171,0.565,-1,200.000,-1,300.000,-1,200.000,225.000,-1,425.000,825.000,0.000,-1,-1,-1,550.000,-1,-1,2,0,2,0,2,0,0,2,0,1,0,2,2,2,0,2,2
116,6231.343,1639.821,-336.946,147.052,-0.839601,-0.542784,0.021356,0.539137,-0.837472,-0.089285,0.066347,-0.063450,0.995777,1,0.00000,0.00000,45.981,0.562,-1,550.000,-1,775.000,-1,500.000,525.000,250.000,175.000,550.000,150.000,350.000,-1,-1,-1,-1,-1,2,0,2,1,2,0,1,0,1,0,0,0,2,2,2,2,2
117,6892.081,328.253,-365.853,3.420,0.997628,-0.059649,0.034349,0.060073,0.998128,-0.011447,-0.033601,0.013484,0.999344,1,0.08000,-0.12000,4.800,-0.240,-1,400.000,-1,400.000,-1,325.000,325.000,300.000,325.000,-1,775.000,725.000,-1,-1,750.000,-1,-1,2,1,2,0,2,0,0,0,0,2,0,0,2,2,0,2,2
118,6901.668,328.745,-366.185,2.940,0.998095,-0.051285,0.034303,0.051706,0.998596,-0.011517,-0.033664,0.013269,0.999345,0,0.16000,-0.24000,9.600,-0.480,-1,400.000,-1,400.000,-1,325.000,325.000,300.000,325.000,-1,775.000,725.000,-1,-1,750.000,-1,-1,2,1,2,0,2,0,0,0,0,2,0,0,2,2,0,2,2
119,6916.055,329.358,-366.682,2.442,0.998505,-0.042608,0.034225,0.043028,0.999006,-0.011627,-0.033696,0.013082,0.999347,0,0.24000,-0.24887,14.400,-0.498,-1,400.000,-1,400.000,-1,325.000,325.000,300.000,325.000,-1,800.000,750.000,-1,-1,750.000,-1,-1,2,1,2,0,2,0,0,0,0,2,0,0,2,2,0,2,2
120,6935.244,330.010,-367.345,1.945,0.998842,-0.033931,0.034116,0.034350,0.999340,-0.011780,-0.033694,0.012938,0.999348,0,0.32000,-0.24879,19.200,-0.498,-1,400.000,-1,400.000,-1,325.000,325.000,300.000,325.000,-1,825.000,750.000,-1,-1,750.000,-1,-1,2,1,2,0,2,1,0,0,0,2,0,0,2,2,0,2,2
121,6959.237,330.616,-368.174,1.447,0.999103,-0.025255,0.033977,0.025674,0.999599,-0.011977,-0.033661,0.012839,0.999351,0,0.40000,-0.24869,24.000,-0.497,-1,425.000,-1,400.000,-1,325.000,325.000,300.000,325.000,-1,875.000,775.000,-1,-1,750.000,-1,-1,2,1,2,0,2,1,0,0,0,2,0,0,2,2,0,2,2
122,6988.033,331.094,-369.169,0.950,0.999291,-0.016582,0.033808,0.017003,0.999781,-0.012221,-0.033598,0.012788,0.999354,0,0.48000,-0.24854,28.800,-0.497,-1,425.000,-1,400.000,-1,325.000,325.000,300.000,325.000,-1,900.000,800.000,-1,-1,750.000,-1,-1,2,1,2,0,2,1,0,0,0,2,0,0,2,2,0,2,2
123,7021.632,331.360,-370.332,0.454,0.999404,-0.007915,0.033610,0.008340,0.999887,-0.012515,-0.033507,0.012788,0.999357,0,0.56000,-0.24833,33.600,-0.497,-1,425.000,-1,400.000,-1,325.000,325.000,300.000,325.000,-1,925.000,800.000,-1,-1,750.000,-1,-1,2,1,2,0,2,1,0,0,0,2,0,0,2,2,0,2,2
124,7060.032,331.331,-371.663,-0.043,0.999442,0.000742,0.033381,-0.000313,0.999917,-0.012859,-0.033388,0.012841,0.999360,0,0.64000,-0.24804,38.400,-0.496,-1,450.000,-1,400.000,-1,325.000,325.000,300.000,325.000,-1,975.000,825.000,-1,-1,750.000,-1,-1,2,1,2,0,2,1,0,0,0,2,0,0,2,2,0,2,2
125,7103.231,331.093,-373.162,-0.315,0.999437,0.005502,0.033110,-0.005066,0.999899,-0.013253,-0.033179,0.013078,0.999364,0,0.72000,-0.13637,43.200,-0.273,-1,475.000,-1,400.000,-1,325.000,325.000,300.000,325.000,-1,1000.000,850.000,-1,-1,750.000,-1,-1,2,1,2,0,2,1,0,0,0,2,0,0,2,2,0,2,2
126,7151.228,330.606,-374.831,-0.582,0.999410,0.010162,0.032805,-0.009717,0.999859,-0.013697,-0.032939,0.013370,0.999368,0,0.80000,-0.13350,48.000,-0.267,-1,475.000,-1,400.000,-1,325.000,325.000,300.000,325.000,-1,-1,875.000,-1,-1,750.000,-1,-1,2,1,2,0,2,1,0,0,0,2,2,0,2,2,0,2,2
127,7204.023,329.829,-376.668,-0.843,0.999365,0.014704,0.032464,-0.014249,0.999798,-0.014189,-0.032666,0.013718,0.999372,0,0.88000,-0.13014,52.800,-0.260,-1,500.000,-1,400.000,-1,325.000,325.000,300.000,325.000,-1,-1,900.000,-1,-1,-1,-1,-1,2,1,2,0,2,1,0,0,0,2,2,0,2,2,2,2,2
128,7261.612,328.728,-379.774,-1.095,0.999152,0.019110,0.036469,-0.018791,0.999782,-0.009067,-0.036634,0.008374,0.999294,0,0.96000,-0.12623,57.600,-0.252,-1,500.000,-1,375.000,-1,325.000,300.000,300.000,325.000,-1,-1,-1,-1,-1,-1,-1,-1,2,1,2,0,2,1,0,0,0,2,2,2,2,2,2,2,2
129,7319.547,327.375,-383.103,-1.338,0.998872,0.023356,0.041345,-0.023256,0.999725,-0.002905,-0.041401,0.001940,0.999141,0,0.96583,-0.12166,57.950,-0.243,-1,500.000,-1,375.000,-1,325.000,300.000,275.000,325.000,-1,-1,-1,-1,-1,-1,-1,-1,2,1,2,0,2,1,0,0,0,2,2,2,2,2,2,2,2
130,7377.534,325.784,-386.402,-1.572,0.998558,0.027429,0.046148,-0.027600,0.999614,0.003083,-0.046046,-0.004352,0.998930,0,0.96682,-0.11670,58.009,-0.233,-1,475.000,-1,350.000,-1,300.000,300.000,275.000,325.000,-1,-1,-1,-1,-1,-1,-1,-1,2,1,2,0,2,1,0,0,0,2,2,2,2,2,2,2,2
131,7435.549,323.968,-389.665,-1.794,0.998215,0.031312,0.050861,-0.031803,0.999455,0.008885,-0.050555,-0.010487,0.998666,0,0.96737,-0.11134,58.042,-0.223,-1,475.000,-1,350.000,-1,300.000,275.000,250.000,325.000,-1,-1,-1,-1,-1,-1,-1,-1,2,1,2,0,2,1,0,0,0,2,2,2,2,2,2,2,2
132,7493.559,321.939,-392.890,-2.006,0.997847,0.034991,0.055468,-0.035846,0.999252,0.014497,-0.054919,-0.016454,0.998355,0,0.96742,-0.10554,58.045,-0.211,-1,-1,-1,350.000,-1,300.000,275.000,250.000,350.000,-1,-1,-1,-1,-1,-1,-1,-1,2,2,2,0,2,1,0,1,0,2,2,2,2,2,2,2,2
133,7551.530,319.710,-396.070,-2.204,0.997460,0.038450,0.059953,-0.039706,0.999013,0.019911,-0.059129,-0.022241,0.998003,0,0.96689,-0.09929,58.013,-0.199,-1,-1,-1,325.000,-1,275.000,275.000,275.000,350.000,-1,-1,-1,-1,-1,-1,-1,-1,2,2,2,0,2,1,0,1,0,2,2,2,2,2,2,2,2
134,7609.424,317.297,-399.203,-2.389,0.997060,0.041672,0.064303,-0.043362,0.998743,0.025124,-0.063176,-0.027839,0.997614,0,0.96572,-0.09257,57.943,-0.185,-1,-1,-1,800.000,-1,275.000,275.000,300.000,350.000,-1,-1,-1,-1,-1,-1,-1,-1,2,2,2,1,2,1,0,1,0,2,2,2,2,2,2,2,2
135,7662.503,314.691,-401.986,-2.814,0.996465,0.049074,0.068187,-0.051172,0.998258,0.029370,-0.066627,-0.032755,0.997240,0,0.88572,-0.21257,53.143,-0.425,-1,-1,-1,825.000,-1,-1,-1,325.000,350.000,-1,-1,-1,-1,-1,-1,-1,-1,2,2,2,1,2,2,2,1,0,2,2,2,2,2,2,2,2
