timestep,x_cm,y_cm,z_cm,yaw_deg,basis_xx,basis_xy,basis_xz,basis_yx,basis_yy,basis_yz,basis_zx,basis_zy,basis_zz,teleport_flag,throttle_cmd,steering_cmd,cmd_move_cm,cmd_turn_deg,lidar_cm_0,lidar_cm_1,lidar_cm_2,lidar_cm_3,lidar_cm_4,lidar_cm_5,lidar_cm_6,lidar_cm_7,lidar_cm_8,lidar_cm_9,lidar_cm_10,lidar_cm_11,lidar_cm_12,lidar_cm_13,lidar_cm_14,lidar_cm_15,lidar_cm_16,lidar_class_0,lidar_class_1,lidar_class_2,lidar_class_3,lidar_class_4,lidar_class_5,lidar_class_6,lidar_class_7,lidar_class_8,lidar_class_9,lidar_class_10,lidar_class_11,lidar_class_12,lidar_class_13,lidar_class_14,lidar_class_15,lidar_class_16
0,2954.510,-9514.917,210.047,-54.242,0.580773,0.811369,-0.066207,-0.809206,0.584267,0.061793,0.088819,0.017687,0.995891,1,0.08000,0.12000,4.800,0.240,-1,450.000,-1,475.000,-1,350.000,350.000,350.000,350.000,-1,-1,-1,-1,-1,-1,-1,-1,2,0,2,0,2,0,0,0,0,2,2,2,2,2,2,2,2
1,2960.185,-9522.660,210.955,-53.762,0.587671,0.806461,-0.065287,-0.804310,0.591055,0.061153,0.087906,0.016573,0.995991,0,0.16000,0.24000,9.600,0.480,-1,450.000,-1,475.000,-1,350.000,350.000,350.000,375.000,-1,-1,-1,-1,-1,-1,-1,-1,2,0,2,0,2,0,0,0,0,2,2,2,2,2,2,2,2
2,2968.842,-9534.166,212.160,-53.042,0.597929,0.798984,-0.064071,-0.796918,0.601152,0.059478,0.086038,0.015496,0.996171,0,0.24000,0.36000,14.400,0.720,-1,450.000,-1,475.000,-1,350.000,350.000,350.000,375.000,-1,-1,-1,-1,-1,-1,-1,-1,2,0,2,0,2,0,0,0,0,2,2,2,2,2,2,2,2
3,2980.640,-9549.313,213.782,-52.082,0.611457,0.788817,-0.062350,-0.786856,0.614468,0.057330,0.083535,0.014006,0.996406,0,0.32000,0.48000,19.200,0.960,-1,425.000,-1,475.000,-1,350.000,350.000,350.000,375.000,-1,-1,-1,-1,-1,-1,-1,-1,2,0,2,0,2,0,0,0,0,2,2,2,2,2,2,2,2
4,2995.781,-9567.933,215.837,-50.882,0.628121,0.775796,-0.060044,-0.773953,0.630869,0.054788,0.080384,0.012058,0.996691,0,0.40000,0.60000,24.000,1.200,-1,425.000,-1,475.000,-1,350.000,350.000,350.000,375.000,-1,-1,-1,-1,-1,-1,-1,-1,2,0,2,0,2,0,0,0,0,2,2,2,2,2,2,2,2
5,3014.506,-9589.814,218.339,-49.442,0.647745,0.759717,-0.057059,-0.757999,0.650183,0.051956,0.076571,0.009596,0.997018,0,0.48000,0.72000,28.800,1.440,-1,425.000,-1,475.000,-1,350.000,350.000,350.000,375.000,-1,-1,-1,-1,-1,-1,-1,-1,2,0,2,0,2,0,0,0,0,2,2,2,2,2,2,2,2
6,3037.050,-9614.728,220.547,-47.858,0.668599,0.741453,-0.056775,-0.739907,0.670939,0.048766,0.074250,0.009404,0.997195,0,0.56000,0.79212,33.600,1.584,-1,425.000,-1,450.000,-1,350.000,350.000,350.000,350.000,-1,-1,-1,-1,-1,-1,-1,-1,2,0,2,0,2,0,0,0,0,2,2,2,2,2,2,2,2
7,3063.593,-9642.476,222.992,-46.273,0.688940,0.722605,-0.056607,-0.721246,0.691195,0.045318,0.071873,0.009606,0.997368,0,0.64000,0.79269,38.400,1.585,-1,425.000,-1,450.000,-1,325.000,350.000,350.000,350.000,-1,-1,-1,-1,-1,-1,-1,-1,2,0,2,0,2,0,0,0,0,2,2,2,2,2,2,2,2
8,3094.307,-9672.855,225.808,-44.686,0.708800,0.703188,-0.055944,-0.702018,0.710938,0.041699,0.069095,0.009718,0.997563,0,0.72000,0.79336,43.200,1.587,-1,425.000,-1,450.000,-1,325.000,350.000,350.000,350.000,-1,-1,0.000,-1,-1,-1,-1,-1,2,0,2,0,2,0,0,0,0,2,2,0,2,2,2,2,2
9,3129.356,-9705.650,229.007,-43.098,0.728163,0.683214,-0.054749,-0.682226,0.730154,0.037978,0.065923,0.009697,0.997778,0,0.80000,0.79410,48.000,1.588,-1,450.000,-1,450.000,-1,325.000,325.000,350.000,325.000,-1,0.000,0.000,-1,1000.000,-1,-1,-1,2,0,2,0,2,0,0,0,0,2,0,0,2,1,2,2,2
10,3168.500,-9740.292,232.568,-41.508,0.747011,0.662694,-0.053013,-0.661876,0.748830,0.034259,0.062401,0.009496,0.998006,0,0.87121,0.79492,52.272,1.590,-1,450.000,-1,450.000,-1,350.000,325.000,350.000,325.000,-1,0.000,0.000,-1,950.000,-1,-1,-1,2,0,2,0,2,0,0,0,0,2,0,0,2,1,2,2,2
11,3208.574,-9773.819,235.803,-39.916,0.765420,0.641650,-0.049171,-0.640952,0.766958,0.030933,0.057560,0.007840,0.998311,0,0.87084,0.79577,52.250,1.592,1000.000,450.000,-1,450.000,-1,350.000,325.000,325.000,325.000,-1,0.000,0.000,-1,900.000,-1,-1,-1,1,0,2,0,2,0,0,1,0,2,0,0,2,1,2,2,2
12,3249.546,-9806.205,238.411,-38.323,0.783317,0.620084,-0.043704,-0.619565,0.784508,0.026207,0.050537,0.006549,0.998701,0,0.87044,0.79658,52.227,1.593,925.000,450.000,-1,450.000,-1,325.000,325.000,325.000,325.000,-1,0.000,25.000,-1,825.000,-1,950.000,-1,1,0,2,0,2,0,0,1,0,2,0,0,2,1,2,1,2
13,3287.437,-9834.727,240.845,-36.970,0.798034,0.601390,-0.038369,-0.600994,0.798939,0.022430,0.044144,0.005160,0.999012,0,0.79044,0.67658,47.427,1.353,875.000,425.000,-1,425.000,-1,325.000,325.000,325.000,325.000,-1,-1,-1,-1,800.000,-1,900.000,-1,1,0,2,0,2,0,0,1,0,2,2,2,2,1,2,1,2
14,3322.313,-9859.933,243.099,-35.857,0.809802,0.585759,-0.033271,-0.585450,0.810476,0.019399,0.038329,0.003770,0.999258,0,0.71720,0.55658,43.032,1.113,825.000,425.000,-1,425.000,-1,325.000,325.000,325.000,350.000,-1,-1,-1,-1,750.000,-1,850.000,-1,1,0,2,0,2,0,0,1,0,2,2,2,2,1,2,1,2
15,3357.539,-9884.584,245.318,-34.984,0.818829,0.573342,-0.028254,-0.573108,0.819312,0.016596,0.032664,0.002604,0.999463,0,0.71658,0.43658,42.995,0.873,775.000,425.000,-1,425.000,-1,325.000,325.000,325.000,350.000,-1,-1,-1,-1,700.000,975.000,775.000,-1,1,0,2,0,2,0,0,1,0,2,2,2,2,1,0,1,2
16,3392.991,-9908.813,246.953,-34.351,0.825199,0.564252,-0.025826,-0.564110,0.825595,0.013164,0.028750,0.003706,0.999580,0,0.71569,0.31658,42.942,0.633,725.000,425.000,-1,425.000,-1,325.000,325.000,325.000,350.000,-1,-1,-1,-1,675.000,950.000,725.000,-1,1,0,2,0,2,0,0,1,0,2,2,2,2,1,0,1,2
17,3428.551,-9932.760,248.126,-33.957,0.829121,0.558574,-0.023530,-0.558448,0.829449,0.012244,0.026356,0.002988,0.999648,0,0.71452,0.19658,42.871,0.393,675.000,425.000,-1,425.000,-1,325.000,325.000,325.000,350.000,-1,-1,-1,-1,650.000,950.000,700.000,-1,1,0,2,0,2,0,0,1,0,2,2,2,2,1,0,1,2
18,3464.102,-9956.564,249.185,-33.804,0.830671,0.556357,-0.021297,-0.556231,0.830942,0.011970,0.024356,0.001903,0.999702,0,0.71307,0.07658,42.784,0.153,625.000,400.000,1000.000,425.000,-1,325.000,325.000,325.000,350.000,-1,-1,-1,-1,625.000,925.000,650.000,-1,1,0,1,0,2,0,0,1,0,2,2,2,2,1,0,1,2
19,3499.531,-9980.363,249.902,-33.891,0.829884,0.557615,-0.018954,-0.557533,0.830096,0.009830,0.021215,0.002409,0.999772,0,0.71135,-0.04342,42.681,-0.087,600.000,400.000,950.000,425.000,-1,325.000,325.000,325.000,350.000,-1,-1,-1,-1,575.000,900.000,600.000,-1,1,0,1,0,2,0,0,0,0,2,2,2,2,1,0,1,2
20,3534.725,-10004.297,250.536,-34.218,0.826739,0.562339,-0.016651,-0.562306,0.826899,0.007001,0.017706,0.003575,0.999837,0,0.70936,-0.16342,42.561,-0.327,550.000,400.000,900.000,425.000,-1,325.000,325.000,325.000,350.000,-1,-1,-1,-1,550.000,875.000,550.000,-1,1,0,1,0,2,0,0,0,0,2,2,2,2,1,1,1,2
21,3569.576,-10028.494,251.226,-34.772,0.821304,0.570307,-0.014500,-0.570313,0.821417,0.004123,0.014262,0.004883,0.999886,0,0.70712,-0.27709,42.427,-0.554,500.000,400.000,850.000,425.000,-1,325.000,325.000,325.000,350.000,-1,-1,-1,-1,525.000,850.000,500.000,-1,1,0,1,0,2,0,0,0,0,2,2,2,2,1,1,1,2
22,3606.854,-10054.999,252.025,-35.414,0.814906,0.579462,-0.012319,-0.579496,0.814974,0.000979,0.010607,0.006341,0.999924,0,0.76235,-0.32072,45.741,-0.641,450.000,400.000,825.000,425.000,-1,325.000,325.000,350.000,350.000,-1,-1,-1,-1,500.000,800.000,475.000,-1,1,1,1,0,2,0,0,0,0,2,2,2,2,1,1,1,2
23,3643.915,-10081.973,252.881,-36.048,0.808467,0.588451,-0.010262,-0.588499,0.808495,-0.002201,0.007002,0.007819,0.999945,0,0.76396,-0.31745,45.837,-0.635,400.000,375.000,775.000,400.000,-1,325.000,325.000,350.000,350.000,-1,-1,-1,-1,475.000,775.000,425.000,-1,1,1,1,0,2,0,0,0,0,2,2,2,2,1,1,1,2
24,3680.745,-10109.402,253.794,-36.676,0.801998,0.597268,-0.008330,-0.597317,0.801987,-0.005411,0.003448,0.009315,0.999951,0,0.76536,-0.31395,45.921,-0.628,375.000,350.000,725.000,400.000,-1,325.000,325.000,350.000,350.000,-1,-1,-1,-1,425.000,725.000,375.000,-1,1,1,1,0,2,0,0,0,0,2,2,2,2,1,1,1,2
25,3717.331,-10137.270,254.485,-37.297,0.795502,0.605915,-0.006553,-0.605950,0.795470,-0.007194,0.000853,0.009694,0.999953,0,0.76652,-0.31021,45.991,-0.620,325.000,325.000,675.000,400.000,-1,325.000,325.000,350.000,350.000,-1,-1,-1,-1,400.000,700.000,325.000,-1,1,1,1,0,2,0,0,0,0,2,2,2,2,1,1,1,2
26,3753.660,-10165.561,254.906,-37.909,0.788988,0.614389,-0.004887,-0.614408,0.788955,-0.007304,-0.000632,0.008765,0.999961,0,0.76743,-0.30623,46.046,-0.612,275.000,300.000,650.000,400.000,-1,325.000,325.000,350.000,350.000,-1,-1,-1,-1,375.000,675.000,300.000,-1,1,1,1,0,2,1,0,0,0,2,2,2,2,1,1,1,2
27,3789.718,-10194.256,254.826,-38.513,0.782473,0.622674,-0.003652,-0.622682,0.782438,-0.007547,-0.001842,0.008180,0.999965,0,0.76804,-0.30198,46.082,-0.604,225.000,300.000,600.000,400.000,-1,300.000,325.000,350.000,350.000,-1,-1,-1,-1,350.000,625.000,250.000,-1,1,1,1,0,2,1,0,0,0,2,2,2,2,1,1,1,2
28,3825.490,-10223.336,254.544,-39.108,0.775967,0.630770,-0.001967,-0.630764,0.775936,-0.007718,-0.003342,0.007230,0.999968,0,0.76834,-0.29747,46.100,-0.595,200.000,275.000,550.000,400.000,-1,275.000,325.000,350.000,325.000,-1,-1,-1,-1,325.000,600.000,200.000,-1,1,1,1,0,2,1,0,0,0,2,2,2,2,1,1,1,2
29,3860.961,-10252.776,256.534,-39.694,0.769445,0.638605,-0.011791,-0.638709,0.769380,-0.010308,0.002489,0.015463,0.999877,0,0.76829,-0.29269,46.097,-0.585,175.000,250.000,525.000,400.000,-1,250.000,325.000,350.000,325.000,-1,-1,-1,-1,300.000,600.000,175.000,-1,1,1,1,0,2,1,1,1,0,2,2,2,2,1,1,1,2
30,3896.118,-10282.551,260.342,-40.269,0.762660,0.646063,-0.030860,-0.646645,0.762653,-0.014514,0.014159,0.031024,0.999418,0,0.76785,-0.28762,46.071,-0.575,175.000,250.000,525.000,400.000,-1,250.000,300.000,350.000,300.000,-1,-1,0.000,-1,300.000,600.000,175.000,-1,1,1,1,1,2,1,1,1,0,2,2,0,2,1,1,1,2
31,3930.944,-10312.635,264.260,-40.833,0.755558,0.653141,-0.050386,-0.654564,0.755782,-0.018426,0.026046,0.046903,0.998560,0,0.76700,-0.28227,46.020,-0.565,175.000,250.000,575.000,400.000,-1,250.000,300.000,350.000,300.000,-1,-1,0.000,-1,300.000,625.000,175.000,-1,1,1,1,1,2,1,1,1,0,2,2,0,2,1,1,1,2
32,3965.423,-10342.999,268.287,-41.387,0.748124,0.659819,-0.070356,-0.662462,0.748771,-0.022048,0.038132,0.063103,0.997278,0,0.76570,-0.27663,45.942,-0.553,150.000,225.000,-1,400.000,-1,225.000,300.000,350.000,300.000,-1,-1,0.000,-1,300.000,650.000,175.000,-1,1,1,2,1,2,1,1,1,0,2,2,0,2,1,1,1,2
33,3999.538,-10373.614,272.419,-41.928,0.740344,0.666075,-0.090749,-0.670337,0.741622,-0.025385,0.050394,0.079626,0.995550,0,0.76393,-0.27072,45.836,-0.541,150.000,225.000,-1,400.000,-1,225.000,275.000,325.000,275.000,-1,250.000,0.000,-1,300.000,-1,150.000,-1,1,1,2,1,2,1,1,1,0,2,0,0,2,1,2,1,2
34,4033.274,-10404.445,276.299,-42.457,0.732035,0.671806,-0.113148,-0.678273,0.734250,-0.028687,0.063807,0.097745,0.993164,0,0.76166,-0.26454,45.700,-0.529,150.000,225.000,-1,400.000,-1,225.000,275.000,325.000,275.000,-1,200.000,0.000,-1,275.000,-1,150.000,-1,1,1,2,1,2,1,1,1,0,2,0,0,2,1,2,1,2
35,4066.613,-10435.461,280.152,-42.973,0.723214,0.677007,-0.136468,-0.686242,0.726680,-0.031745,0.077677,0.116609,0.990136,0,0.75887,-0.25810,45.532,-0.516,150.000,225.000,-1,400.000,-1,225.000,275.000,325.000,250.000,-1,175.000,0.000,525.000,275.000,-1,150.000,-1,1,1,2,1,2,1,1,1,0,2,0,0,0,1,2,1,2
36,4099.540,-10466.628,284.122,-43.476,0.713932,0.681692,-0.159993,-0.694206,0.718951,-0.034458,0.091537,0.135669,0.986517,0,0.75556,-0.25144,45.334,-0.503,150.000,225.000,-1,400.000,-1,200.000,275.000,325.000,250.000,-1,175.000,0.000,375.000,275.000,-1,150.000,-1,1,1,2,1,2,1,1,1,0,2,0,0,0,1,2,1,2
37,9461.220,-3098.254,-73.346,-83.687,0.106519,0.993892,-0.028838,-0.978130,0.109952,0.176559,0.178651,0.009401,0.983868,1,0.00000,0.00000,45.104,-0.489,-1,350.000,-1,325.000,775.000,250.000,250.000,350.000,375.000,-1,200.000,175.000,-1,-1,525.000,-1,700.000,2,1,2,1,1,1,1,1,1,2,0,0,2,2,1,2,1
38,-9511.032,4919.471,201.365,147.757,-0.846631,-0.532150,-0.005730,0.530809,-0.843627,-0.080834,0.038182,-0.071478,0.996711,1,0.00000,0.00000,4.800,0.240,-1,425.000,-1,400.000,-1,350.000,325.000,300.000,300.000,-1,-1,-1,-1,1000.000,800.000,-1,-1,2,0,2,0,2,0,0,0,0,2,2,2,2,0,1,2,2
39,-9506.983,4916.894,201.194,147.517,-0.844398,-0.535689,-0.005426,0.534311,-0.841406,-0.080919,0.038782,-0.071227,0.996706,0,-0.08000,-0.12000,-4.800,-0.240,-1,425.000,-1,400.000,-1,350.000,325.000,300.000,300.000,-1,-1,-1,-1,1000.000,800.000,-1,-1,2,0,2,0,2,0,0,0,0,2,2,2,2,0,1,2,2
40,-9498.928,4911.671,200.847,147.037,-0.839888,-0.542739,-0.004821,0.541286,-0.836919,-0.081089,0.039976,-0.070716,0.996695,0,-0.16000,-0.24000,-9.600,-0.480,-1,425.000,-1,400.000,-1,350.000,325.000,300.000,300.000,-1,-1,-1,-1,-1,825.000,-1,-1,2,0,2,0,2,0,0,0,0,2,2,2,2,2,1,2,2
41,-9486.946,4903.686,200.311,146.317,-0.833010,-0.553244,-0.003920,0.551680,-0.830080,-0.081347,0.041751,-0.069925,0.996678,0,-0.24000,-0.36000,-14.400,-0.720,-1,425.000,-1,400.000,-1,350.000,325.000,300.000,300.000,-1,-1,-1,-1,-1,825.000,-1,-1,2,0,2,0,2,0,0,0,0,2,2,2,2,2,1,2,2
42,-9471.149,4892.773,199.632,145.357,-0.823638,-0.567108,-0.002993,0.565413,-0.820744,-0.081774,0.043919,-0.069044,0.996646,0,-0.32000,-0.48000,-19.200,-0.960,-1,425.000,-1,400.000,-1,350.000,325.000,300.000,300.000,-1,950.000,-1,-1,-1,850.000,-1,-1,2,0,2,0,2,0,0,0,0,2,0,2,2,2,1,2,2
43,-9452.484,4879.291,198.898,144.157,-0.811605,-0.584202,-0.002425,0.582377,-0.808728,-0.082434,0.046197,-0.068316,0.996594,0,-0.38376,-0.60000,-23.026,-1.200,-1,425.000,-1,400.000,-1,350.000,325.000,300.000,300.000,-1,850.000,-1,-1,-1,875.000,-1,-1,2,0,2,0,2,0,0,0,0,2,0,2,2,2,0,2,2
44,-9432.355,4863.967,198.066,142.717,-0.796696,-0.604378,-0.001914,0.602412,-0.793841,-0.083171,0.048747,-0.067415,0.996533,0,-0.42166,-0.72000,-25.300,-1.440,-1,425.000,-1,400.000,-1,350.000,325.000,300.000,300.000,-1,775.000,950.000,-1,-1,875.000,-1,-1,2,0,2,0,2,0,0,0,0,2,0,0,2,2,0,2,2
45,-9412.652,4848.034,197.211,141.037,-0.778666,-0.627436,-0.001560,0.625325,-0.775837,-0.083943,0.051458,-0.066339,0.996469,0,-0.42233,-0.84000,-25.340,-1.680,-1,425.000,-1,400.000,-1,350.000,325.000,300.000,300.000,-1,700.000,875.000,-1,-1,850.000,-1,-1,2,0,2,0,2,0,0,0,0,2,0,0,2,2,0,2,2
46,-9393.470,4831.431,195.931,139.117,-0.757188,-0.653195,-0.001303,0.651032,-0.754515,-0.082851,0.053135,-0.063582,0.996561,0,-0.42283,-0.96000,-25.370,-1.920,-1,425.000,-1,400.000,-1,350.000,325.000,300.000,300.000,-1,650.000,800.000,-1,1000.000,850.000,-1,-1,2,0,2,0,2,0,0,0,0,2,0,0,2,0,0,2,2
47,-9374.868,4814.158,194.606,137.117,-0.733904,-0.679252,-0.001046,0.677042,-0.731391,-0.081734,0.054753,-0.060694,0.996654,0,-0.42310,-1.00000,-25.386,-2.000,-1,425.000,-1,400.000,-1,325.000,325.000,300.000,300.000,-1,600.000,750.000,-1,975.000,825.000,-1,-1,2,0,2,0,2,0,0,0,0,2,0,0,2,0,0,2,2
48,-9356.876,4796.242,193.240,135.117,-0.709717,-0.704486,-0.000766,0.702237,-0.707364,-0.080619,0.056253,-0.057755,0.996745,0,-0.42319,-1.00000,-25.392,-2.000,-1,425.000,-1,375.000,-1,325.000,325.000,300.000,300.000,-1,575.000,700.000,-1,975.000,800.000,-1,-1,2,0,2,0,2,0,0,0,0,2,0,0,2,0,0,2,2
49,-9339.523,4777.712,191.836,133.117,-0.684655,-0.728867,-0.000461,0.726585,-0.682461,-0.079505,0.057634,-0.054769,0.996834,0,-0.42311,-1.00000,-25.387,-2.000,-1,425.000,-1,375.000,-1,325.000,325.000,300.000,300.000,-1,550.000,675.000,1000.000,950.000,775.000,-1,-1,2,0,2,0,2,0,0,0,0,2,0,0,1,0,0,2,2
50,-9322.837,4758.600,190.393,131.117,-0.658750,-0.752362,-0.000129,0.750053,-0.656715,-0.078393,0.058896,-0.051738,0.996922,0,-0.42286,-1.00000,-25.372,-2.000,-1,425.000,-1,375.000,-1,325.000,325.000,300.000,325.000,-1,525.000,625.000,1000.000,925.000,750.000,-1,-1,2,0,2,0,2,0,0,0,0,2,0,0,1,0,0,2,2
51,-9306.845,4738.936,188.914,129.117,-0.632032,-0.774943,0.000234,0.772613,-0.630155,-0.077285,0.060039,-0.048666,0.997009,0,-0.42244,-1.00000,-25.346,-2.000,-1,400.000,-1,375.000,-1,325.000,300.000,300.000,325.000,-1,500.000,600.000,975.000,900.000,725.000,-1,-1,2,0,2,0,2,0,0,0,0,2,0,0,1,0,0,2,2
52,-9291.571,4718.754,187.401,127.117,-0.604533,-0.796580,0.000629,0.794236,-0.602815,-0.076183,0.061065,-0.045555,0.997094,0,-0.42185,-1.00000,-25.311,-2.000,-1,400.000,-1,375.000,-1,325.000,300.000,325.000,325.000,-1,475.000,550.000,950.000,875.000,700.000,-1,-1,2,0,2,0,2,0,0,0,0,2,0,0,1,0,0,2,2
53,-9279.701,4702.027,186.151,125.357,-0.579719,-0.814816,0.000970,0.812462,-0.578134,-0.075274,0.061895,-0.042850,0.997162,0,-0.34185,-0.88000,-20.511,-1.760,-1,400.000,-1,375.000,-1,325.000,300.000,325.000,325.000,-1,450.000,525.000,950.000,850.000,700.000,-1,-1,2,0,2,0,2,0,0,0,0,2,0,0,1,0,0,2,2
54,-9270.997,4688.948,185.179,123.636,-0.554937,-0.831892,0.001240,0.829527,-0.553470,-0.074530,0.062687,-0.040330,0.997218,0,-0.26185,-0.86016,-15.711,-1.720,-1,400.000,-1,375.000,-1,325.000,300.000,325.000,325.000,-1,450.000,525.000,925.000,850.000,675.000,-1,-1,2,0,2,0,2,0,0,0,0,2,0,0,1,0,0,2,2
55,-9265.228,4679.687,184.498,121.915,-0.529637,-0.848223,0.001444,0.845845,-0.528278,-0.073944,0.063484,-0.037943,0.997261,0,-0.18185,-0.86078,-10.911,-1.722,-1,400.000,-1,375.000,-1,325.000,300.000,325.000,325.000,-1,450.000,500.000,925.000,825.000,675.000,-1,-1,2,0,2,0,2,0,0,0,0,2,0,0,1,0,0,2,2
56,-9262.155,4674.405,184.125,120.193,-0.503848,-0.863791,0.001596,0.861398,-0.502588,-0.073485,0.064277,-0.035650,0.997295,0,-0.10185,-0.86117,-6.111,-1.722,-1,400.000,-1,375.000,-1,300.000,300.000,325.000,325.000,-1,450.000,475.000,925.000,825.000,675.000,-1,-1,2,0,2,0,2,0,0,0,0,2,0,0,1,0,0,2,2
57,-9261.529,4673.254,184.054,118.470,-0.477602,-0.878575,0.001667,0.876159,-0.476427,-0.073230,0.065132,-0.033514,0.997314,0,-0.02185,-0.86138,-1.311,-1.723,-1,400.000,-1,375.000,-1,300.000,300.000,325.000,325.000,-1,450.000,475.000,950.000,800.000,675.000,-1,-1,2,0,2,0,2,0,0,0,0,2,0,0,1,0,0,2,2
58,-9263.099,4676.370,184.311,116.747,-0.450924,-0.892561,0.001687,0.890118,-0.449828,-0.073102,0.066007,-0.031462,0.997323,0,0.05815,-0.86142,3.489,-1.723,-1,400.000,-1,375.000,-1,300.000,300.000,325.000,325.000,-1,450.000,475.000,975.000,800.000,675.000,-1,-1,2,0,2,0,2,0,0,0,0,2,0,0,1,0,0,2,2
59,-9266.605,4683.881,184.905,115.024,-0.423843,-0.905734,0.001651,0.903261,-0.422819,-0.073105,0.066912,-0.029494,0.997323,0,0.13815,-0.86132,8.289,-1.723,-1,400.000,-1,375.000,-1,300.000,300.000,325.000,325.000,-1,450.000,475.000,1000.000,800.000,675.000,-1,-1,2,0,2,0,2,0,0,0,0,2,0,0,1,0,0,2,2
60,-9271.782,4695.903,185.844,113.302,-0.396387,-0.918082,0.001558,0.915573,-0.395428,-0.073235,0.067852,-0.027603,0.997313,0,0.21815,-0.86110,13.089,-1.722,-1,400.000,-1,375.000,-1,300.000,300.000,325.000,325.000,-1,475.000,500.000,-1,800.000,675.000,-1,-1,2,0,2,0,2,0,0,0,0,2,0,0,2,0,0,2,2
61,-9278.361,4712.539,187.141,111.581,-0.368586,-0.929593,0.001408,0.927042,-0.367686,-0.073482,0.068826,-0.025779,0.997296,0,0.29815,-0.86079,17.889,-1.722,-1,375.000,-1,375.000,-1,300.000,300.000,325.000,325.000,-1,475.000,500.000,-1,775.000,675.000,-1,-1,2,0,2,0,2,0,0,0,0,2,0,0,2,0,0,2,2
62,-9286.069,4733.879,188.919,109.860,-0.340434,-0.940267,0.001775,0.937643,-0.339625,-0.074027,0.070208,-0.023537,0.997255,0,0.37815,-0.86039,22.689,-1.721,-1,375.000,-1,375.000,-1,300.000,300.000,325.000,325.000,-1,500.000,500.000,-1,775.000,675.000,-1,-1,2,0,2,0,2,0,0,0,0,2,0,0,2,0,0,2,2
63,-9294.627,4760.002,191.107,108.140,-0.311981,-0.950086,0.002246,0.947377,-0.311268,-0.074763,0.071730,-0.021197,0.997199,0,0.45815,-0.85992,27.489,-1.720,-1,375.000,-1,375.000,-1,300.000,300.000,325.000,325.000,-1,500.000,525.000,-1,800.000,675.000,-1,-1,2,0,2,0,2,0,0,0,0,2,0,0,2,0,0,2,2
64,-9303.754,4790.974,193.696,106.421,-0.283257,-0.959040,0.002734,0.956236,-0.282645,-0.075660,0.073334,-0.018817,0.997130,0,0.53815,-0.85939,32.289,-1.719,-1,375.000,-1,375.000,-1,300.000,300.000,325.000,325.000,-1,525.000,525.000,-1,800.000,700.000,-1,-1,2,0,2,0,2,0,0,0,0,2,0,0,2,0,0,2,2
65,-9313.168,4826.849,196.694,104.703,-0.254290,-0.967122,0.003239,0.964214,-0.253783,-0.076715,0.075015,-0.016385,0.997048,0,0.61815,-0.85881,37.089,-1.718,-1,375.000,-1,375.000,-1,300.000,300.000,325.000,325.000,-1,550.000,525.000,-1,800.000,700.000,-1,-1,2,0,2,0,2,0,0,0,0,2,0,0,2,0,0,2,2
66,-9322.581,4867.667,200.086,102.987,-0.225114,-0.974325,0.003692,0.971298,-0.224710,-0.078010,0.076837,-0.013975,0.996946,0,0.69815,-0.85817,41.889,-1.716,-1,375.000,-1,375.000,-1,300.000,300.000,325.000,325.000,-1,550.000,550.000,-1,800.000,700.000,-1,-1,2,0,2,0,2,0,0,0,0,2,0,0,2,0,0,2,2
67,-9331.708,4913.456,203.760,101.272,-0.195792,-0.980639,0.003694,0.977444,-0.195455,-0.080003,0.079176,-0.012053,0.996788,0,0.77815,-0.85749,46.689,-1.715,-1,375.000,-1,375.000,-1,300.000,300.000,325.000,325.000,-1,550.000,550.000,-1,825.000,725.000,-1,-1,2,0,2,0,2,0,0,0,0,2,0,0,2,0,0,2,2
68,-9340.258,4964.231,207.850,99.559,-0.166315,-0.986066,0.003649,0.982689,-0.166049,-0.082158,0.081619,-0.010079,0.996613,0,0.85815,-0.85674,51.489,-1.713,-1,375.000,-1,375.000,-1,300.000,300.000,350.000,325.000,-1,550.000,550.000,-1,825.000,725.000,-1,-1,2,0,2,0,2,0,0,0,0,2,0,0,2,0,0,2,2
69,-9347.942,5019.993,212.360,97.847,-0.136710,-0.990605,0.003561,0.987029,-0.136521,-0.084473,0.084165,-0.008033,0.996419,0,0.93815,-0.85593,56.289,-1.712,-1,400.000,-1,375.000,-1,300.000,300.000,350.000,325.000,-1,525.000,525.000,-1,850.000,750.000,-1,-1,2,0,2,0,2,0,0,0,0,2,0,0,2,0,0,2,2
70,-9354.048,5076.780,216.974,96.137,-0.107005,-0.994253,0.003452,0.990473,-0.106899,-0.086809,0.086679,-0.005870,0.996219,0,0.95190,-0.85505,57.114,-1.710,-1,400.000,-1,375.000,-1,300.000,300.000,350.000,325.000,-1,525.000,525.000,-1,850.000,750.000,-1,-1,2,0,2,0,2,0,0,0,0,2,0,0,2,0,0,2,2
71,-9358.459,5133.731,221.626,94.428,-0.077224,-0.997008,0.003334,0.993021,-0.077213,-0.089146,0.089137,-0.003574,0.996013,0,0.95200,-0.85415,57.120,-1.708,-1,400.000,-1,400.000,-1,300.000,325.000,350.000,325.000,-1,450.000,475.000,-1,875.000,775.000,-1,-1,2,0,2,0,2,0,0,0,0,2,0,0,2,0,0,2,2
72,-9361.172,5190.794,226.311,92.722,-0.047393,-0.998871,0.003220,0.994672,-0.047489,-0.091497,0.091547,-0.001134,0.995800,0,0.95212,-0.85324,57.127,-1.706,-1,400.000,-1,400.000,-1,325.000,325.000,350.000,325.000,-1,375.000,425.000,-1,950.000,775.000,-1,-1,2,0,2,0,2,0,0,0,0,2,0,0,2,0,0,2,2
73,-9362.331,5249.308,231.263,91.135,-0.019632,-0.999803,0.002809,0.995425,-0.019808,-0.093470,0.093507,0.000961,0.995618,0,0.97543,-0.79346,58.526,-1.587,-1,400.000,-1,400.000,-1,325.000,325.000,350.000,325.000,-1,350.000,375.000,-1,-1,850.000,-1,-1,2,0,2,0,2,0,0,0,0,2,0,0,2,2,0,2,2
74,-9361.878,5307.841,236.417,89.556,0.007974,-0.999966,0.002074,0.995673,0.007748,-0.092605,0.092586,0.002803,0.995701,0,0.97557,-0.78946,58.534,-1.579,-1,400.000,-1,400.000,-1,325.000,325.000,350.000,325.000,-1,425.000,450.000,-1,-1,875.000,-1,-1,2,0,2,0,2,0,0,0,0,2,0,0,2,2,0,2,2
75,-9359.821,5366.322,241.568,87.985,0.035436,-0.999371,0.001449,0.995165,0.035154,-0.091710,0.091601,0.004692,0.995785,0,0.97530,-0.78534,58.518,-1.571,-1,400.000,-1,400.000,-1,325.000,325.000,325.000,325.000,-1,475.000,525.000,-1,-1,900.000,-1,-1,2,0,2,0,2,0,0,0,0,2,0,0,2,2,0,2,2
76,-9356.173,5424.684,246.741,86.423,0.062741,-0.998029,0.001044,0.993906,0.062386,-0.090880,0.090636,0.006740,0.995861,0,0.97461,-0.78114,58.476,-1.562,-1,400.000,-1,400.000,-1,325.000,325.000,325.000,300.000,-1,575.000,600.000,-1,-1,900.000,-1,-1,2,0,2,0,2,0,0,0,0,2,0,0,2,2,0,2,2
77,-9350.950,5482.861,251.934,84.869,0.089867,-0.995953,0.000861,0.991907,0.089424,-0.090135,0.089694,0.008954,0.995929,0,0.97352,-0.77690,58.411,-1.554,-1,400.000,-1,400.000,-1,325.000,325.000,325.000,300.000,-1,675.000,700.000,-1,-1,925.000,-1,-1,2,0,2,0,2,0,0,0,0,2,0,0,2,2,0,2,2
78,-9344.170,5540.789,257.146,83.324,0.116796,-0.993156,0.000900,0.989180,0.116247,-0.089493,0.088776,0.011343,0.995987,0,0.97205,-0.77266,58.323,-1.545,-1,400.000,-1,400.000,-1,325.000,325.000,350.000,300.000,-1,825.000,775.000,-1,-1,950.000,-1,-1,2,0,2,0,2,0,0,0,0,2,0,0,2,2,0,2,2
79,-9336.739,5593.794,261.950,82.019,0.139489,-0.990223,0.001115,0.986310,0.138838,-0.088973,0.087949,0.013510,0.996033,0,0.89205,-0.65266,53.523,-1.305,-1,400.000,-1,400.000,-1,325.000,325.000,350.000,300.000,-1,-1,875.000,-1,-1,975.000,-1,-1,2,0,2,0,2,0,0,0,0,2,2,0,2,2,0,2,2
80,-9329.078,5641.911,266.338,80.953,0.157966,-0.987443,0.001444,0.983586,0.157220,-0.088549,0.087210,0.015408,0.996071,0,0.81205,-0.53266,48.723,-1.065,-1,425.000,-1,400.000,-1,325.000,325.000,350.000,300.000,-1,-1,950.000,-1,-1,1000.000,-1,-1,2,0,2,0,2,0,0,0,0,2,2,0,2,2,0,2,2
81,-9321.405,5686.008,270.379,80.128,0.172253,-0.985051,0.001842,0.981244,0.171422,-0.088179,0.086545,0.016996,0.996103,0,0.74601,-0.41266,44.761,-0.825,-1,425.000,-1,425.000,-1,325.000,325.000,350.000,300.000,-1,-1,-1,-1,-1,1000.000,-1,-1,2,0,2,0,2,0,0,0,0,2,2,2,2,2,0,2,2
82,-9313.299,5729.928,274.415,79.543,0.182375,-0.983226,0.002305,0.979470,0.181472,-0.087785,0.085895,0.018268,0.996137,0,0.74436,-0.29266,44.661,-0.585,-1,450.000,-1,425.000,-1,350.000,325.000,350.000,300.000,-1,-1,-1,-1,-1,-1,-1,-1,2,0,2,0,2,0,0,0,0,2,2,2,2,2,2,2,2
83,-9304.946,5773.706,278.421,79.197,0.188343,-0.982100,0.002725,0.978403,0.187392,-0.087249,0.085177,0.019099,0.996183,0,0.74279,-0.17266,44.568,-0.345,-1,450.000,-1,425.000,-1,350.000,350.000,350.000,300.000,-1,-1,-1,-1,-1,-1,-1,-1,2,0,2,0,2,0,0,0,0,2,2,2,2,2,2,2,2
84,-9296.529,5817.383,282.318,79.092,0.190142,-0.981752,0.002812,0.978145,0.189197,-0.086240,0.084134,0.019148,0.996270,0,0.74135,-0.05266,44.481,-0.105,-1,475.000,-1,450.000,-1,350.000,350.000,350.000,300.000,-1,-1,-1,-1,-1,-1,-1,-1,2,0,2,0,2,0,0,0,0,2,2,2,2,2,2,2,2
85,-9288.120,5860.983,286.137,79.084,0.190239,-0.981734,0.002538,0.978189,0.189331,-0.085439,0.083398,0.018737,0.996340,0,0.74006,-0.00389,44.403,-0.008,-1,475.000,-1,450.000,-1,375.000,350.000,350.000,300.000,-1,-1,-1,-1,-1,-1,-1,-1,2,0,2,0,2,0,0,0,0,2,2,2,2,2,2,2,2
86,-9279.719,5904.507,289.193,79.077,0.190076,-0.981769,-0.000427,0.978447,0.189468,-0.082119,0.080703,0.015191,0.996622,0,0.73881,-0.00365,44.328,-0.007,-1,475.000,-1,450.000,-1,375.000,350.000,350.000,325.000,-1,-1,-1,-1,-1,-1,-1,-1,2,0,2,0,2,0,0,0,0,2,2,2,2,2,2,2,2
87,-9271.327,5947.957,292.214,79.070,0.189936,-0.981791,-0.003270,0.978684,0.189598,-0.078927,0.078110,0.011791,0.996875,0,0.73755,-0.00353,44.253,-0.007,-1,475.000,-1,450.000,-1,375.000,375.000,350.000,325.000,-1,-1,-1,-1,-1,-1,-1,-1,2,0,2,0,2,0,0,0,0,2,2,2,2,2,2,2,2
88,-9262.945,5991.330,294.565,79.063,0.190004,-0.981777,-0.003361,0.978983,0.189720,-0.074818,0.074092,0.010926,0.997192,0,0.73628,-0.00351,44.177,-0.007,-1,475.000,-1,450.000,-1,375.000,350.000,325.000,325.000,-1,-1,-1,-1,-1,-1,-1,-1,2,0,2,0,2,0,0,0,0,2,2,2,2,2,2,2,2
89,-9254.572,6034.628,296.732,79.056,0.190131,-0.981755,-0.002639,0.979295,0.189844,-0.070286,0.069505,0.010779,0.997523,0,0.73502,-0.00361,44.101,-0.007,-1,450.000,-1,450.000,-1,350.000,350.000,325.000,300.000,-1,-1,-1,-1,-1,-1,-1,-1,2,0,2,0,2,0,0,0,0,2,2,2,2,2,2,2,2
90,-9246.208,6077.852,298.908,79.048,0.190263,-0.981731,-0.001909,0.979585,0.189975,-0.065751,0.064913,0.010640,0.997834,0,0.73377,-0.00381,44.026,-0.008,-1,450.000,-1,450.000,-1,350.000,350.000,325.000,300.000,-1,-1,-1,-1,-1,-1,-1,-1,2,0,2,0,2,0,0,0,0,2,2,2,2,2,2,2,2
91,-9237.851,6121.003,301.092,79.040,0.190403,-0.981705,-0.001170,0.979851,0.190116,-0.061214,0.060316,0.010509,0.998124,0,0.73255,-0.00413,43.953,-0.008,-1,450.000,-1,425.000,-1,350.000,350.000,325.000,300.000,-1,-1,-1,-1,-1,-1,-1,-1,2,0,2,0,2,0,0,0,0,2,2,2,2,2,2,2,2
92,-9229.501,6164.082,303.284,79.031,0.190555,-0.981676,-0.000423,0.980094,0.190272,-0.056674,0.055716,0.010385,0.998393,0,0.73137,-0.00455,43.882,-0.009,-1,450.000,-1,425.000,-1,350.000,350.000,325.000,300.000,-1,-1,-1,-1,-1,-1,-1,-1,2,0,2,0,2,0,0,0,0,2,2,2,2,2,2,2,2
93,-9221.157,6207.094,305.485,79.021,0.190723,-0.981644,0.000334,0.980312,0.190446,-0.052131,0.051111,0.010270,0.998640,0,0.73023,-0.00507,43.814,-0.010,-1,450.000,-1,425.000,-1,350.000,350.000,325.000,300.000,-1,-1,-1,-1,-1,-1,-1,-1,2,0,2,0,2,0,0,0,0,2,2,2,2,2,2,2,2
94,-9212.816,6250.040,307.693,79.009,0.190910,-0.981607,0.001099,0.980506,0.190642,-0.047586,0.046502,0.010163,0.998867,0,0.72915,-0.00571,43.749,-0.011,-1,450.000,-1,425.000,-1,350.000,350.000,325.000,275.000,-1,-1,-1,-1,-1,-1,-1,-1,2,0,2,0,2,0,0,0,0,2,2,2,2,2,2,2,2
95,-9204.477,6292.923,309.910,78.996,0.191119,-0.981565,0.001874,0.980673,0.190863,-0.043039,0.041888,0.010064,0.999072,0,0.72813,-0.00644,43.688,-0.013,-1,450.000,-1,425.000,-1,350.000,325.000,350.000,275.000,-1,-1,-1,-1,-1,1000.000,-1,-1,2,0,2,0,2,0,0,0,0,2,2,2,2,2,0,2,2
96,-9196.138,6335.749,312.136,78.982,0.191354,-0.981517,0.002659,0.980813,0.191112,-0.038489,0.037270,0.009973,0.999255,0,0.72717,-0.00728,43.630,-0.015,-1,450.000,-1,425.000,-1,350.000,325.000,350.000,275.000,-1,-1,-1,-1,-1,975.000,-1,-1,2,0,2,0,2,0,0,0,0,2,2,2,2,2,0,2,2
97,-9187.797,6378.521,314.370,78.965,0.191618,-0.981463,0.003454,0.980926,0.191394,-0.033937,0.032647,0.009892,0.999418,0,0.72629,-0.00821,43.578,-0.016,-1,450.000,-1,425.000,-1,350.000,350.000,350.000,275.000,-1,-1,-1,-1,-1,975.000,-1,-1,2,0,2,0,2,0,0,0,0,2,2,2,2,2,0,2,2
98,-9179.452,6421.243,316.540,78.947,0.191907,-0.981405,0.003922,0.981006,0.191711,-0.029559,0.028258,0.009520,0.999555,0,0.72550,-0.00924,43.530,-0.018,-1,450.000,-1,425.000,-1,350.000,350.000,350.000,300.000,-1,-1,-1,-1,-1,950.000,-1,-1,2,0,2,0,2,0,0,0,0,2,2,2,2,2,0,2,2
99,-9171.099,6463.920,318.675,78.926,0.192231,-0.981341,0.004199,0.981056,0.192067,-0.025284,0.024006,0.008980,0.999671,0,0.72479,-0.01037,43.487,-0.021,-1,450.000,-1,425.000,-1,350.000,350.000,350.000,300.000,-1,-1,-1,-1,-1,950.000,-1,-1,2,0,2,0,2,0,0,0,0,2,2,2,2,2,0,2,2
100,-9162.735,6506.557,320.607,78.903,0.192584,-0.981274,0.003511,0.981068,0.192466,-0.021515,0.020436,0.007588,0.999762,0,0.72417,-0.01159,43.450,-0.023,-1,450.000,-1,425.000,-1,350.000,350.000,350.000,300.000,-1,-1,-1,-1,-1,925.000,-1,-1,2,0,2,0,2,0,0,0,0,2,2,2,2,2,0,2,2
101,-9154.359,6549.160,321.679,78.877,0.192931,-0.981212,-0.000629,0.981063,0.192913,-0.017317,0.017113,0.002724,0.999850,0,0.72365,-0.01290,43.419,-0.026,-1,450.000,-1,425.000,-1,350.000,350.000,350.000,300.000,-1,-1,-1,-1,-1,925.000,-1,-1,2,0,2,0,2,0,0,0,0,2,2,2,2,2,0,2,2
102,-9145.966,6591.734,322.634,78.849,0.193352,-0.981116,-0.005112,0.981038,0.193403,-0.012630,0.013380,-0.002573,0.999907,0,0.72322,-0.01429,43.393,-0.029,-1,450.000,-1,425.000,-1,350.000,350.000,325.000,325.000,-1,-1,-1,-1,-1,925.000,-1,-1,2,0,2,0,2,0,0,0,0,2,2,2,2,2,0,2,2
103,-9137.403,6635.056,322.607,78.819,0.193848,-0.981011,-0.006308,0.980969,0.193904,-0.010041,0.011074,-0.004241,0.999930,0,0.73601,-0.01467,44.160,-0.029,-1,450.000,-1,425.000,-1,350.000,350.000,325.000,325.000,-1,-1,-1,-1,-1,925.000,-1,-1,2,0,2,0,2,0,0,0,0,2,2,2,2,2,0,2,2
104,-9128.829,6678.319,322.259,78.790,0.194370,-0.980909,-0.006124,0.980897,0.194410,-0.006831,0.007891,-0.004679,0.999958,0,0.73506,-0.01480,44.104,-0.030,-1,450.000,-1,425.000,-1,350.000,350.000,325.000,300.000,-1,-1,-1,-1,1000.000,900.000,-1,-1,2,0,2,0,2,0,0,0,0,2,2,2,2,0,0,2,2
105,-9120.243,6721.522,321.922,78.760,0.194901,-0.980805,-0.005941,0.980812,0.194925,-0.003627,0.004716,-0.005120,0.999976,0,0.73414,-0.01504,44.048,-0.030,-1,425.000,-1,425.000,-1,350.000,350.000,300.000,300.000,-1,-1,-1,-1,975.000,875.000,-1,-1,2,0,2,0,2,0,0,0,0,2,2,2,2,0,0,2,2
106,-9111.644,6764.667,321.596,78.729,0.195445,-0.980698,-0.005757,0.980713,0.195451,-0.000429,0.001546,-0.005562,0.999983,0,0.73323,-0.01537,43.994,-0.031,-1,425.000,-1,425.000,-1,350.000,350.000,300.000,300.000,-1,-1,-1,-1,950.000,850.000,-1,-1,2,0,2,0,2,0,0,0,0,2,2,2,2,0,0,2,2
107,-9103.032,6807.757,321.279,78.697,0.196004,-0.980587,-0.005574,0.980602,0.195991,0.002763,-0.001616,-0.006008,0.999981,0,0.73236,-0.01581,43.942,-0.032,-1,425.000,-1,425.000,-1,350.000,325.000,300.000,300.000,-1,-1,-1,-1,925.000,850.000,-1,-1,2,0,2,0,2,0,0,0,0,2,2,2,2,0,0,2,2
108,-9093.653,6855.588,320.934,78.906,0.192458,-0.981291,-0.005374,0.981292,0.192423,0.006297,-0.005145,-0.006486,0.999966,0,0.81236,0.10419,48.742,0.208,-1,425.000,-1,400.000,-1,350.000,325.000,325.000,300.000,-1,-1,-1,-1,925.000,825.000,-1,-1,2,0,2,0,2,0,0,0,0,2,2,2,2,0,0,2,2
109,-9083.761,6908.208,320.560,79.354,0.184797,-0.982763,-0.005210,0.982735,0.184738,0.010190,-0.009051,-0.007003,0.999935,0,0.89236,0.22419,53.542,0.448,-1,425.000,-1,400.000,-1,325.000,325.000,325.000,300.000,-1,-1,-1,-1,900.000,800.000,-1,-1,2,0,2,0,2,0,0,0,0,2,2,2,2,0,0,2,2
110,-9074.010,6963.753,320.173,80.042,0.173005,-0.984908,-0.005147,0.984832,0.172917,0.014315,-0.013209,-0.007546,0.999884,0,0.93990,0.34419,56.394,0.688,-1,425.000,-1,400.000,-1,325.000,325.000,325.000,300.000,-1,-1,-1,-1,875.000,775.000,-1,-1,2,0,2,0,2,0,0,0,0,2,2,2,2,0,0,2,2
111,-9065.164,7019.421,319.790,80.971,0.157056,-0.987576,-0.005250,0.987436,0.156935,0.018474,-0.017420,-0.008086,0.999816,0,0.93944,0.46419,56.366,0.928,-1,400.000,-1,400.000,-1,325.000,325.000,325.000,300.000,-1,-1,-1,-1,850.000,775.000,-1,-1,2,0,2,0,2,0,0,0,0,2,2,2,2,0,0,2,2
112,-9057.457,7075.241,319.409,82.139,0.136923,-0.990566,-0.005574,0.990344,0.136765,0.022673,-0.021697,-0.008624,0.999727,0,0.93916,0.58419,56.350,1.168,-1,400.000,-1,400.000,-1,325.000,325.000,325.000,300.000,-1,-1,-1,-1,825.000,750.000,950.000,-1,2,0,2,0,2,0,0,0,0,2,2,2,2,1,0,1,2
113,-9051.125,7131.228,319.003,83.547,0.112577,-0.993624,-0.006085,0.993303,0.112377,0.026828,-0.025973,-0.009065,0.999622,0,0.93906,0.70419,56.343,1.408,975.000,400.000,-1,400.000,-1,325.000,325.000,325.000,300.000,-1,-1,-1,-1,800.000,725.000,900.000,-1,1,0,2,0,2,0,0,0,0,2,2,2,2,1,0,1,2
114,-9046.229,7189.488,318.502,85.196,0.084008,-0.996439,-0.007212,0.996006,0.083748,0.030959,-0.030244,-0.009784,0.999495,0,0.97441,0.82419,58.464,1.648,925.000,400.000,-1,375.000,-1,325.000,325.000,325.000,300.000,-1,-1,-1,-1,750.000,725.000,850.000,-1,1,0,2,0,2,0,0,0,0,2,2,2,2,1,0,1,2
115,-9043.243,7248.110,317.087,87.084,0.051205,-0.998641,-0.009684,0.998178,0.050866,0.032456,-0.031919,-0.011329,0.999426,0,0.97831,0.94419,58.699,1.888,875.000,400.000,-1,375.000,-1,325.000,325.000,325.000,300.000,-1,-1,-1,-1,700.000,725.000,800.000,-1,1,0,2,0,2,0,0,0,0,2,2,2,2,1,0,1,2
116,-9042.301,7307.044,315.184,89.084,0.016335,-0.999810,-0.010645,0.999349,0.015983,0.032334,-0.032158,-0.011166,0.999420,0,0.98235,1.00000,58.941,2.000,825.000,400.000,-1,375.000,-1,325.000,325.000,325.000,300.000,-1,-1,-1,-1,675.000,725.000,750.000,-1,1,0,2,0,2,0,0,0,0,2,2,2,2,1,0,1,2
117,-9043.421,7366.224,313.251,91.084,-0.018553,-0.999760,-0.011626,0.999301,-0.018919,0.032256,-0.032468,-0.011019,0.999412,0,0.98651,1.00000,59.191,2.000,800.000,400.000,1000.000,375.000,-1,325.000,325.000,325.000,300.000,-1,-1,-1,-1,625.000,700.000,700.000,-1,1,0,1,0,2,0,0,0,0,2,2,2,2,1,0,1,2
118,-9046.619,7425.583,311.283,93.084,-0.053416,-0.998493,-0.012623,0.998032,-0.053799,0.032226,-0.032857,-0.010877,0.999401,0,0.99076,1.00000,59.445,2.000,750.000,400.000,875.000,375.000,-1,325.000,325.000,325.000,300.000,-1,-1,-1,-1,575.000,700.000,650.000,-1,1,0,1,0,2,0,0,0,0,2,2,2,2,1,0,1,2
119,-9051.910,7485.053,309.275,95.084,-0.088213,-0.996008,-0.013634,0.995544,-0.088613,0.032248,-0.033327,-0.010728,0.999387,0,0.99508,1.00000,59.705,2.000,700.000,400.000,775.000,375.000,-1,325.000,325.000,325.000,300.000,-1,-1,-1,-1,525.000,700.000,600.000,-1,1,0,1,0,2,0,0,0,0,2,2,2,2,1,0,1,2
120,-9059.306,7544.565,307.222,97.084,-0.122901,-0.992311,-0.014651,0.991840,-0.123320,0.032329,-0.033888,-0.010558,0.999370,0,0.99948,1.00000,59.969,2.000,675.000,400.000,675.000,375.000,-1,325.000,325.000,325.000,300.000,-1,-1,-1,-1,500.000,650.000,575.000,-1,1,0,1,1,2,0,0,0,0,2,2,2,2,1,1,1,2
121,-9068.779,7603.812,305.107,99.084,-0.157439,-0.987405,-0.015612,0.986923,-0.157876,0.032538,-0.034593,-0.010285,0.999349,0,1.00000,1.00000,60.000,2.000,625.000,375.000,600.000,350.000,-1,325.000,325.000,325.000,300.000,-1,-1,-1,-1,450.000,550.000,525.000,-1,1,1,1,1,2,1,1,0,0,2,2,2,2,1,1,1,2
122,-9080.314,7662.693,302.950,101.084,-0.191783,-0.981297,-0.016585,0.980799,-0.192241,0.032809,-0.035384,-0.009974,0.999324,0,1.00000,1.00000,60.000,2.000,575.000,350.000,525.000,325.000,-1,300.000,300.000,325.000,300.000,-1,-1,-1,-1,400.000,475.000,475.000,-1,1,1,1,1,2,1,1,0,0,2,2,2,2,1,1,1,2
123,-9093.897,7721.135,300.746,103.084,-0.225893,-0.973994,-0.017571,0.973477,-0.226371,0.033144,-0.036260,-0.009618,0.999296,0,1.00000,1.00000,60.000,2.000,525.000,300.000,450.000,300.000,-1,275.000,250.000,325.000,300.000,-1,-1,-1,-1,350.000,400.000,425.000,-1,1,1,1,1,2,1,1,0,0,2,2,2,2,1,1,1,2
124,-9109.511,7779.068,298.491,105.084,-0.259726,-0.965504,-0.018570,0.964965,-0.260226,0.033545,-0.037220,-0.009207,0.999265,0,1.00000,1.00000,60.000,2.000,475.000,275.000,375.000,250.000,-1,225.000,225.000,325.000,300.000,-1,-1,-1,-1,325.000,350.000,375.000,525.000,1,1,1,1,2,1,1,0,0,2,2,2,2,1,1,1,1
125,-9127.139,7836.420,297.133,107.084,-0.293171,-0.955802,-0.022191,0.955395,-0.293754,0.030470,-0.035642,-0.012268,0.999289,0,1.00000,1.00000,60.000,2.000,425.000,225.000,325.000,225.000,-1,200.000,200.000,325.000,300.000,-1,-1,-1,-1,275.000,300.000,350.000,375.000,1,1,1,1,2,1,1,0,0,2,2,2,2,1,1,1,1
126,-9146.759,7893.120,298.417,109.084,-0.326219,-0.944736,-0.032474,0.944933,-0.326851,0.016414,-0.026121,-0.025331,0.999338,0,1.00000,1.00000,60.000,2.000,375.000,200.000,275.000,200.000,-1,175.000,175.000,300.000,350.000,-1,-1,-1,-1,225.000,250.000,300.000,300.000,1,1,1,1,2,1,1,0,0,2,2,2,2,1,1,1,1
127,-9168.351,7949.100,300.606,111.084,-0.359139,-0.932156,-0.045868,0.933182,-0.359393,-0.002874,-0.013806,-0.043835,0.998943,0,1.00000,1.00000,60.000,2.000,325.000,175.000,225.000,175.000,-1,150.000,150.000,300.000,400.000,-1,375.000,775.000,-1,200.000,225.000,250.000,250.000,1,1,1,1,2,1,1,0,0,2,0,0,2,1,1,1,1
128,8199.151,6887.284,-269.158,158.295,-0.929160,-0.369677,0.000945,0.369470,-0.928720,-0.031165,0.012399,-0.028608,0.999514,1,0.00000,0.00000,60.000,1.999,-1,375.000,-1,375.000,-1,300.000,300.000,300.000,300.000,-1,450.000,400.000,-1,675.000,650.000,-1,-1,2,0,2,0,2,0,0,0,0,2,1,1,2,0,0,2,2
129,8203.603,6885.490,-269.235,158.055,-0.927603,-0.373566,0.000783,0.373365,-0.927168,-0.030949,0.012287,-0.028416,0.999521,0,-0.08000,-0.12000,-4.800,-0.240,-1,375.000,-1,375.000,-1,300.000,300.000,300.000,300.000,-1,425.000,400.000,-1,675.000,650.000,-1,-1,2,0,2,0,2,0,0,0,0,2,1,1,2,0,0,2,2
130,8212.479,6881.832,-269.389,157.597,-0.924591,-0.380962,0.000464,0.380771,-0.924166,-0.030510,0.012052,-0.028033,0.999534,0,-0.16000,-0.22876,-9.600,-0.458,-1,375.000,-1,375.000,-1,300.000,300.000,300.000,300.000,-1,425.000,400.000,-1,675.000,650.000,-1,-1,2,0,2,0,2,0,0,0,0,2,1,1,2,0,0,2,2
131,8225.748,6876.238,-269.613,157.142,-0.921530,-0.388308,-0.000014,0.388135,-0.921119,-0.029848,0.011577,-0.027511,0.999554,0,-0.24000,-0.22791,-14.400,-0.456,-1,375.000,-1,375.000,-1,300.000,300.000,300.000,300.000,-1,425.000,375.000,-1,675.000,650.000,-1,-1,2,0,2,0,2,0,0,0,0,2,1,1,2,0,0,2,2
132,8241.821,6869.312,-269.883,156.688,-0.918428,-0.395589,-0.000585,0.395438,-0.918034,-0.029032,0.010948,-0.026895,0.999578,0,-0.29170,-0.22663,-17.502,-0.453,-1,375.000,-1,375.000,-1,300.000,300.000,300.000,300.000,-1,400.000,375.000,-1,675.000,650.000,-1,-1,2,0,2,0,2,0,0,0,0,2,1,1,2,0,0,2,2
133,8257.910,6862.229,-270.158,156.238,-0.915289,-0.402796,-0.001138,0.402666,-0.914913,-0.028197,0.010316,-0.026267,0.999602,0,-0.29298,-0.22508,-17.579,-0.450,-1,375.000,-1,375.000,-1,300.000,300.000,300.000,300.000,-1,400.000,350.000,-1,675.000,650.000,-1,-1,2,0,2,0,2,0,0,0,0,2,1,1,2,0,0,2,2
134,8274.013,6854.989,-270.437,155.791,-0.912116,-0.409929,-0.001675,0.409818,-0.911757,-0.027343,0.009682,-0.025627,0.999625,0,-0.29427,-0.22352,-17.656,-0.447,-1,375.000,-1,375.000,-1,300.000,300.000,300.000,300.000,-1,375.000,350.000,-1,675.000,650.000,-1,-1,2,0,2,0,2,0,0,0,0,2,1,1,2,0,0,2,2
135,8290.131,6847.592,-270.720,155.347,-0.908910,-0.416987,-0.002194,0.416895,-0.908569,-0.026471,0.009045,-0.024974,0.999647,0,-0.29556,-0.22195,-17.734,-0.444,-1,375.000,-1,375.000,-1,300.000,300.000,300.000,300.000,-1,375.000,325.000,-1,675.000,650.000,-1,-1,2,0,2,0,2,0,0,0,0,2,1,1,2,0,0,2,2
136,8306.261,6840.039,-271.007,154.907,-0.905672,-0.423971,-0.002694,0.423896,-0.905349,-0.025581,0.008407,-0.024310,0.999669,0,-0.29686,-0.22037,-17.812,-0.441,-1,375.000,-1,375.000,-1,300.000,300.000,300.000,300.000,-1,350.000,325.000,-1,675.000,650.000,-1,-1,2,0,2,0,2,0,0,0,0,2,1,1,2,0,0,2,2
